Ticker,Name,buy,sell,diff,Branch,Date,Branch_Code
2615,萬海,161,0,161,永全-南崁,2023-01-03,6451
4102,永日,60,0,60,永全-南崁,2023-01-03,6451
1605,華新,43,2,41,永全-南崁,2023-01-03,6451
2409,友達,46,15,31,永全-南崁,2023-01-03,6451
2312,金寶,20,0,20,永全-南崁,2023-01-03,6451
3209,全科,20,0,20,永全-南崁,2023-01-03,6451
8105,凌巨,20,0,20,永全-南崁,2023-01-03,6451
1708,東鹼,17,0,17,永全-南崁,2023-01-03,6451
4167,松瑞藥,19,3,16,永全-南崁,2023-01-03,6451
1810,和成,16,3,13,永全-南崁,2023-01-03,6451
5009,榮剛,12,0,12,永全-南崁,2023-01-03,6451
4114,健喬,16,5,11,永全-南崁,2023-01-03,6451
00878,國泰永續高股息,14,3,11,永全-南崁,2023-01-03,6451
2609,陽明,12,1,11,永全-南崁,2023-01-03,6451
00637L,元大滬深300正2,20,10,10,永全-南崁,2023-01-03,6451
2867,三商壽,10,0,10,永全-南崁,2023-01-03,6451
3466,德晉,10,0,10,永全-南崁,2023-01-03,6451
2886,兆豐金,14,5,9,永全-南崁,2023-01-03,6451
3704,合勤控,7,0,7,永全-南崁,2023-01-03,6451
4924,欣厚-KY,7,0,7,永全-南崁,2023-01-03,6451
3479,安勤,9,3,6,永全-南崁,2023-01-03,6451
3532,台勝科,6,0,6,永全-南崁,2023-01-03,6451
0056,元大高股息,7,2,5,永全-南崁,2023-01-03,6451
2303,聯電,5,0,5,永全-南崁,2023-01-03,6451
2834,臺企銀,5,0,5,永全-南崁,2023-01-03,6451
8033,雷虎,6,1,5,永全-南崁,2023-01-03,6451
9938,百和,5,0,5,永全-南崁,2023-01-03,6451
1734,杏輝,5,0,5,永全-南崁,2023-01-03,6451
2101,南港,4,0,4,永全-南崁,2023-01-03,6451
5014,建錩,4,0,4,永全-南崁,2023-01-03,6451
6207,雷科,4,0,4,永全-南崁,2023-01-03,6451
6263,普萊德,4,0,4,永全-南崁,2023-01-03,6451
1710,東聯,3,0,3,永全-南崁,2023-01-03,6451
1701,中化,5,2,3,永全-南崁,2023-01-03,6451
1524,耿鼎,5,2,3,永全-南崁,2023-01-03,6451
1319,東陽,15,12,3,永全-南崁,2023-01-03,6451
1308,亞聚,3,0,3,永全-南崁,2023-01-03,6451
2328,廣宇,3,0,3,永全-南崁,2023-01-03,6451
2399,映泰,3,0,3,永全-南崁,2023-01-03,6451
2605,新興,3,0,3,永全-南崁,2023-01-03,6451
3083,網龍,4,1,3,永全-南崁,2023-01-03,6451
3402,漢科,3,0,3,永全-南崁,2023-01-03,6451
4939,亞電,3,0,3,永全-南崁,2023-01-03,6451
6235,華孚,3,0,3,永全-南崁,2023-01-03,6451
6603,富強鑫,3,0,3,永全-南崁,2023-01-03,6451
2330,台積電,3,0,3,永全-南崁,2023-01-03,6451
00679B,元大美債20年,2,0,2,永全-南崁,2023-01-03,6451
0050,元大台灣50,2,0,2,永全-南崁,2023-01-03,6451
1476,儒鴻,2,0,2,永全-南崁,2023-01-03,6451
1514,亞力,10,8,2,永全-南崁,2023-01-03,6451
2609,陽明,148,0,148,永全-南崁,2023-01-04,6451
00715L,期街口布蘭特正2,45,5,40,永全-南崁,2023-01-04,6451
8046,南電,40,2,38,永全-南崁,2023-01-04,6451
2349,錸德,30,0,30,永全-南崁,2023-01-04,6451
4102,永日,30,0,30,永全-南崁,2023-01-04,6451
3013,晟銘電,30,1,29,永全-南崁,2023-01-04,6451
2236,百達-KY,20,0,20,永全-南崁,2023-01-04,6451
1319,東陽,20,1,19,永全-南崁,2023-01-04,6451
3056,富華新,19,0,19,永全-南崁,2023-01-04,6451
1789,神隆,18,0,18,永全-南崁,2023-01-04,6451
3037,欣興,22,4,18,永全-南崁,2023-01-04,6451
2465,麗臺,19,2,17,永全-南崁,2023-01-04,6451
4167,松瑞藥,24,9,15,永全-南崁,2023-01-04,6451
2754,亞洲藏壽司,14,0,14,永全-南崁,2023-01-04,6451
3324,雙鴻,14,2,12,永全-南崁,2023-01-04,6451
1101,台泥,10,0,10,永全-南崁,2023-01-04,6451
4129,聯合,10,0,10,永全-南崁,2023-01-04,6451
5353,台林,16,6,10,永全-南崁,2023-01-04,6451
5608,四維航,12,2,10,永全-南崁,2023-01-04,6451
2492,華新科,10,1,9,永全-南崁,2023-01-04,6451
3272,東碩,11,2,9,永全-南崁,2023-01-04,6451
5014,建錩,11,2,9,永全-南崁,2023-01-04,6451
3027,盛達,10,2,8,永全-南崁,2023-01-04,6451
3481,群創,10,2,8,永全-南崁,2023-01-04,6451
4130,健亞,12,5,7,永全-南崁,2023-01-04,6451
8234,新漢,11,4,7,永全-南崁,2023-01-04,6451
2002,中鋼,6,0,6,永全-南崁,2023-01-04,6451
1513,中興電,22,16,6,永全-南崁,2023-01-04,6451
5009,榮剛,10,4,6,永全-南崁,2023-01-04,6451
8933,愛地雅,7,1,6,永全-南崁,2023-01-04,6451
2444,兆勁,5,0,5,永全-南崁,2023-01-04,6451
2603,長榮,5,0,5,永全-南崁,2023-01-04,6451
6443,元晶,9,4,5,永全-南崁,2023-01-04,6451
8081,致新,5,0,5,永全-南崁,2023-01-04,6451
8222,寶一,5,0,5,永全-南崁,2023-01-04,6451
1217,愛之味,4,0,4,永全-南崁,2023-01-04,6451
1312,國喬,4,0,4,永全-南崁,2023-01-04,6451
2474,可成,4,0,4,永全-南崁,2023-01-04,6451
2610,華航,26,22,4,永全-南崁,2023-01-04,6451
3443,創意,4,0,4,永全-南崁,2023-01-04,6451
6263,普萊德,4,0,4,永全-南崁,2023-01-04,6451
6412,群電,4,0,4,永全-南崁,2023-01-04,6451
2330,台積電,3,0,3,永全-南崁,2023-01-04,6451
2101,南港,3,0,3,永全-南崁,2023-01-04,6451
2605,新興,3,0,3,永全-南崁,2023-01-04,6451
2614,東森,3,0,3,永全-南崁,2023-01-04,6451
2886,兆豐金,3,0,3,永全-南崁,2023-01-04,6451
4147,中裕,3,0,3,永全-南崁,2023-01-04,6451
6111,大宇資,2,0,2,永全-南崁,2023-01-04,6451
1795,美時,4,2,2,永全-南崁,2023-01-04,6451
00882,中信中國高股息,105,0,105,永全-南崁,2023-01-05,6451
1524,耿鼎,76,10,66,永全-南崁,2023-01-05,6451
00665L,富邦�琤肭磪囓�2,50,0,50,永全-南崁,2023-01-05,6451
2610,華航,68,31,37,永全-南崁,2023-01-05,6451
1444,力麗,35,0,35,永全-南崁,2023-01-05,6451
2409,友達,30,0,30,永全-南崁,2023-01-05,6451
4102,永日,30,0,30,永全-南崁,2023-01-05,6451
5009,榮剛,30,0,30,永全-南崁,2023-01-05,6451
2609,陽明,32,4,28,永全-南崁,2023-01-05,6451
8227,巨有科技,19,0,19,永全-南崁,2023-01-05,6451
1319,東陽,20,6,14,永全-南崁,2023-01-05,6451
00715L,期街口布蘭特正2,13,0,13,永全-南崁,2023-01-05,6451
1513,中興電,13,2,11,永全-南崁,2023-01-05,6451
1339,昭輝,10,0,10,永全-南崁,2023-01-05,6451
2460,建通,10,0,10,永全-南崁,2023-01-05,6451
2492,華新科,10,0,10,永全-南崁,2023-01-05,6451
2606,裕民,10,0,10,永全-南崁,2023-01-05,6451
3443,創意,12,2,10,永全-南崁,2023-01-05,6451
4572,駐龍,10,0,10,永全-南崁,2023-01-05,6451
5425,台半,10,0,10,永全-南崁,2023-01-05,6451
6182,合晶,10,0,10,永全-南崁,2023-01-05,6451
8996,高力,16,6,10,永全-南崁,2023-01-05,6451
2317,鴻海,14,5,9,永全-南崁,2023-01-05,6451
4919,新唐,9,0,9,永全-南崁,2023-01-05,6451
1529,樂事綠能,12,4,8,永全-南崁,2023-01-05,6451
4167,松瑞藥,9,1,8,永全-南崁,2023-01-05,6451
3694,海華,7,0,7,永全-南崁,2023-01-05,6451
4763,材料-KY,7,0,7,永全-南崁,2023-01-05,6451
2344,華邦電,8,2,6,永全-南崁,2023-01-05,6451
8255,朋程,6,0,6,永全-南崁,2023-01-05,6451
0056,元大高股息,5,0,5,永全-南崁,2023-01-05,6451
2007,燁興,5,0,5,永全-南崁,2023-01-05,6451
2312,金寶,5,0,5,永全-南崁,2023-01-05,6451
2867,三商壽,5,0,5,永全-南崁,2023-01-05,6451
2887,台新金,5,0,5,永全-南崁,2023-01-05,6451
5258,虹堡,5,0,5,永全-南崁,2023-01-05,6451
5426,振發,5,0,5,永全-南崁,2023-01-05,6451
5905,南仁湖,5,0,5,永全-南崁,2023-01-05,6451
6282,康舒,5,0,5,永全-南崁,2023-01-05,6451
8081,致新,5,0,5,永全-南崁,2023-01-05,6451
9958,世紀鋼,5,0,5,永全-南崁,2023-01-05,6451
2101,南港,4,0,4,永全-南崁,2023-01-05,6451
2368,金像電,4,0,4,永全-南崁,2023-01-05,6451
3046,建��,5,1,4,永全-南崁,2023-01-05,6451
3532,台勝科,5,1,4,永全-南崁,2023-01-05,6451
5284,jpp-KY,14,10,4,永全-南崁,2023-01-05,6451
5388,中磊,5,1,4,永全-南崁,2023-01-05,6451
8046,南電,11,7,4,永全-南崁,2023-01-05,6451
2605,新興,3,0,3,永全-南崁,2023-01-05,6451
3022,威強電,3,0,3,永全-南崁,2023-01-05,6451
00882,中信中國高股息,230,0,230,永全-南崁,2023-01-06,6451
4102,永日,80,0,80,永全-南崁,2023-01-06,6451
2038,海光,50,0,50,永全-南崁,2023-01-06,6451
1310,台苯,30,0,30,永全-南崁,2023-01-06,6451
2609,陽明,29,0,29,永全-南崁,2023-01-06,6451
4924,欣厚-KY,38,15,23,永全-南崁,2023-01-06,6451
4105,東洋,21,0,21,永全-南崁,2023-01-06,6451
2107,厚生,20,0,20,永全-南崁,2023-01-06,6451
00673R,期元大S＆P原油反1,20,0,20,永全-南崁,2023-01-06,6451
3704,合勤控,18,0,18,永全-南崁,2023-01-06,6451
6118,建達,17,0,17,永全-南崁,2023-01-06,6451
4167,松瑞藥,15,3,12,永全-南崁,2023-01-06,6451
2606,裕民,11,1,10,永全-南崁,2023-01-06,6451
5353,台林,11,1,10,永全-南崁,2023-01-06,6451
8027,鈦昇,10,0,10,永全-南崁,2023-01-06,6451
8261,富鼎,10,0,10,永全-南崁,2023-01-06,6451
2607,榮運,9,0,9,永全-南崁,2023-01-06,6451
0056,元大高股息,10,2,8,永全-南崁,2023-01-06,6451
5608,四維航,8,0,8,永全-南崁,2023-01-06,6451
9907,統一實,8,0,8,永全-南崁,2023-01-06,6451
00680L,元大美債20正2,7,0,7,永全-南崁,2023-01-06,6451
2498,宏達電,10,3,7,永全-南崁,2023-01-06,6451
4114,健喬,13,6,7,永全-南崁,2023-01-06,6451
00633L,富邦上証正2,5,0,5,永全-南崁,2023-01-06,6451
3532,台勝科,5,0,5,永全-南崁,2023-01-06,6451
4123,晟德,5,0,5,永全-南崁,2023-01-06,6451
9938,百和,5,0,5,永全-南崁,2023-01-06,6451
00885,富邦越南,10,6,4,永全-南崁,2023-01-06,6451
1519,華城,5,1,4,永全-南崁,2023-01-06,6451
6282,康舒,4,0,4,永全-南崁,2023-01-06,6451
6589,台康生技,4,0,4,永全-南崁,2023-01-06,6451
2031,新光鋼,3,0,3,永全-南崁,2023-01-06,6451
1477,聚陽,3,0,3,永全-南崁,2023-01-06,6451
1701,中化,3,0,3,永全-南崁,2023-01-06,6451
2615,萬海,9,6,3,永全-南崁,2023-01-06,6451
2641,正德,3,0,3,永全-南崁,2023-01-06,6451
3687,歐買尬,3,0,3,永全-南崁,2023-01-06,6451
3708,上緯投控,4,1,3,永全-南崁,2023-01-06,6451
5009,榮剛,3,0,3,永全-南崁,2023-01-06,6451
6176,瑞儀,3,0,3,永全-南崁,2023-01-06,6451
8171,天宇,25,22,3,永全-南崁,2023-01-06,6451
2317,鴻海,2,0,2,永全-南崁,2023-01-06,6451
1752,南光,5,3,2,永全-南崁,2023-01-06,6451
2009,第一銅,7,5,2,永全-南崁,2023-01-06,6451
3317,尼克森,2,0,2,永全-南崁,2023-01-06,6451
3552,同致,4,2,2,永全-南崁,2023-01-06,6451
3563,牧德,2,0,2,永全-南崁,2023-01-06,6451
3686,達能,2,0,2,永全-南崁,2023-01-06,6451
3693,營邦,2,0,2,永全-南崁,2023-01-06,6451
4138,曜亞,2,0,2,永全-南崁,2023-01-06,6451
3535,晶彩科,75,8,67,永全-南崁,2023-01-09,6451
2867,三商壽,30,0,30,永全-南崁,2023-01-09,6451
00683L,期元大美元指正2,25,0,25,永全-南崁,2023-01-09,6451
2409,友達,25,0,25,永全-南崁,2023-01-09,6451
2303,聯電,56,38,18,永全-南崁,2023-01-09,6451
1605,華新,23,8,15,永全-南崁,2023-01-09,6451
6282,康舒,15,0,15,永全-南崁,2023-01-09,6451
9938,百和,15,0,15,永全-南崁,2023-01-09,6451
2603,長榮,14,0,14,永全-南崁,2023-01-09,6451
3704,合勤控,17,4,13,永全-南崁,2023-01-09,6451
8054,安國,12,0,12,永全-南崁,2023-01-09,6451
3141,晶宏,13,3,10,永全-南崁,2023-01-09,6451
3587,閎康,10,0,10,永全-南崁,2023-01-09,6451
4906,正文,10,0,10,永全-南崁,2023-01-09,6451
5457,宣德,10,0,10,永全-南崁,2023-01-09,6451
6118,建達,10,0,10,永全-南崁,2023-01-09,6451
6151,晉倫,10,0,10,永全-南崁,2023-01-09,6451
8105,凌巨,10,0,10,永全-南崁,2023-01-09,6451
8928,鉅明,10,0,10,永全-南崁,2023-01-09,6451
6139,亞翔,15,6,9,永全-南崁,2023-01-09,6451
8121,越峰,9,0,9,永全-南崁,2023-01-09,6451
2609,陽明,14,6,8,永全-南崁,2023-01-09,6451
6263,普萊德,8,0,8,永全-南崁,2023-01-09,6451
2615,萬海,12,5,7,永全-南崁,2023-01-09,6451
5351,鈺創,6,0,6,永全-南崁,2023-01-09,6451
6668,中揚光,6,0,6,永全-南崁,2023-01-09,6451
3049,精金,5,0,5,永全-南崁,2023-01-09,6451
3207,耀勝,5,0,5,永全-南崁,2023-01-09,6451
3264,欣銓,5,0,5,永全-南崁,2023-01-09,6451
4529,淳紳,5,0,5,永全-南崁,2023-01-09,6451
6207,雷科,5,0,5,永全-南崁,2023-01-09,6451
6603,富強鑫,5,0,5,永全-南崁,2023-01-09,6451
8016,矽創,5,0,5,永全-南崁,2023-01-09,6451
2014,中鴻,4,0,4,永全-南崁,2023-01-09,6451
3189,景碩,6,2,4,永全-南崁,2023-01-09,6451
4974,亞泰,5,1,4,永全-南崁,2023-01-09,6451
1513,中興電,3,0,3,永全-南崁,2023-01-09,6451
1529,樂事綠能,3,0,3,永全-南崁,2023-01-09,6451
1515,力山,3,0,3,永全-南崁,2023-01-09,6451
1701,中化,3,0,3,永全-南崁,2023-01-09,6451
2486,一詮,3,0,3,永全-南崁,2023-01-09,6451
3508,位速,4,1,3,永全-南崁,2023-01-09,6451
6129,普誠,3,0,3,永全-南崁,2023-01-09,6451
6443,元晶,45,42,3,永全-南崁,2023-01-09,6451
9945,潤泰新,15,12,3,永全-南崁,2023-01-09,6451
00772B,中信高評級公司債,2,0,2,永全-南崁,2023-01-09,6451
1611,中電,2,0,2,永全-南崁,2023-01-09,6451
2208,台船,2,0,2,永全-南崁,2023-01-09,6451
2338,光罩,3,1,2,永全-南崁,2023-01-09,6451
2401,凌陽,5,3,2,永全-南崁,2023-01-09,6451
2610,華航,100,8,92,永全-南崁,2023-01-10,6451
1591,駿吉-KY,50,25,25,永全-南崁,2023-01-10,6451
4114,健喬,22,0,22,永全-南崁,2023-01-10,6451
1444,力麗,20,0,20,永全-南崁,2023-01-10,6451
00665L,富邦�琤肭磪囓�2,20,0,20,永全-南崁,2023-01-10,6451
2482,連宇,20,1,19,永全-南崁,2023-01-10,6451
2637,慧洋-KY,16,0,16,永全-南崁,2023-01-10,6451
8105,凌巨,23,9,14,永全-南崁,2023-01-10,6451
2444,兆勁,13,0,13,永全-南崁,2023-01-10,6451
3006,晶豪科,14,3,11,永全-南崁,2023-01-10,6451
9958,世紀鋼,12,1,11,永全-南崁,2023-01-10,6451
00688L,國泰20年美債正2,10,0,10,永全-南崁,2023-01-10,6451
00683L,期元大美元指正2,10,0,10,永全-南崁,2023-01-10,6451
1455,集盛,10,0,10,永全-南崁,2023-01-10,6451
3022,威強電,10,0,10,永全-南崁,2023-01-10,6451
3687,歐買尬,10,0,10,永全-南崁,2023-01-10,6451
5243,乙盛-KY,10,0,10,永全-南崁,2023-01-10,6451
5347,世界,10,0,10,永全-南崁,2023-01-10,6451
6263,普萊德,10,0,10,永全-南崁,2023-01-10,6451
8049,晶采,10,0,10,永全-南崁,2023-01-10,6451
2313,華通,8,0,8,永全-南崁,2023-01-10,6451
4167,松瑞藥,25,17,8,永全-南崁,2023-01-10,6451
1560,中砂,21,14,7,永全-南崁,2023-01-10,6451
6282,康舒,12,5,7,永全-南崁,2023-01-10,6451
6603,富強鑫,7,0,7,永全-南崁,2023-01-10,6451
5425,台半,6,0,6,永全-南崁,2023-01-10,6451
1736,喬山,10,4,6,永全-南崁,2023-01-10,6451
2603,長榮,5,0,5,永全-南崁,2023-01-10,6451
4746,台耀,5,0,5,永全-南崁,2023-01-10,6451
5014,建錩,5,0,5,永全-南崁,2023-01-10,6451
5284,jpp-KY,5,0,5,永全-南崁,2023-01-10,6451
5388,中磊,5,0,5,永全-南崁,2023-01-10,6451
6151,晉倫,5,0,5,永全-南崁,2023-01-10,6451
6456,GIS-KY,5,0,5,永全-南崁,2023-01-10,6451
8111,立��,5,0,5,永全-南崁,2023-01-10,6451
8996,高力,8,3,5,永全-南崁,2023-01-10,6451
3479,安勤,5,1,4,永全-南崁,2023-01-10,6451
6279,胡連,4,0,4,永全-南崁,2023-01-10,6451
6712,長聖,4,0,4,永全-南崁,2023-01-10,6451
9933,中鼎,4,0,4,永全-南崁,2023-01-10,6451
3231,緯創,4,0,4,永全-南崁,2023-01-10,6451
2882,國泰金,10,6,4,永全-南崁,2023-01-10,6451
1795,美時,4,1,3,永全-南崁,2023-01-10,6451
00715L,期街口布蘭特正2,10,7,3,永全-南崁,2023-01-10,6451
00713,元大台灣高息低波,3,0,3,永全-南崁,2023-01-10,6451
2633,台灣高鐵,3,0,3,永全-南崁,2023-01-10,6451
3454,晶睿,3,0,3,永全-南崁,2023-01-10,6451
3686,達能,3,0,3,永全-南崁,2023-01-10,6451
4931,新盛力,4,1,3,永全-南崁,2023-01-10,6451
6719,力智,3,0,3,永全-南崁,2023-01-10,6451
4979,華星光,211,122,89,永全-南崁,2023-01-11,6451
2610,華航,58,6,52,永全-南崁,2023-01-11,6451
1618,合機,50,0,50,永全-南崁,2023-01-11,6451
8227,巨有科技,25,1,24,永全-南崁,2023-01-11,6451
00673R,期元大S＆P原油反1,20,0,20,永全-南崁,2023-01-11,6451
3209,全科,20,0,20,永全-南崁,2023-01-11,6451
6143,振曜,20,0,20,永全-南崁,2023-01-11,6451
3707,漢磊,22,3,19,永全-南崁,2023-01-11,6451
2324,仁寶,30,13,17,永全-南崁,2023-01-11,6451
6122,擎邦,25,10,15,永全-南崁,2023-01-11,6451
1584,精剛,80,66,14,永全-南崁,2023-01-11,6451
1742,台蠟,10,0,10,永全-南崁,2023-01-11,6451
2431,聯昌,10,0,10,永全-南崁,2023-01-11,6451
4102,永日,10,0,10,永全-南崁,2023-01-11,6451
5475,德宏,10,0,10,永全-南崁,2023-01-11,6451
6176,瑞儀,10,0,10,永全-南崁,2023-01-11,6451
9939,宏全,10,0,10,永全-南崁,2023-01-11,6451
6147,頎邦,10,1,9,永全-南崁,2023-01-11,6451
2313,華通,8,0,8,永全-南崁,2023-01-11,6451
3141,晶宏,8,0,8,永全-南崁,2023-01-11,6451
5871,中租-KY,8,0,8,永全-南崁,2023-01-11,6451
2455,全新,9,2,7,永全-南崁,2023-01-11,6451
00715L,期街口布蘭特正2,6,0,6,永全-南崁,2023-01-11,6451
2609,陽明,20,14,6,永全-南崁,2023-01-11,6451
6263,普萊德,6,0,6,永全-南崁,2023-01-11,6451
8261,富鼎,6,0,6,永全-南崁,2023-01-11,6451
00637L,元大滬深300正2,5,0,5,永全-南崁,2023-01-11,6451
00893,國泰智能電動車,5,0,5,永全-南崁,2023-01-11,6451
2007,燁興,5,0,5,永全-南崁,2023-01-11,6451
2516,新建,5,0,5,永全-南崁,2023-01-11,6451
2618,長榮航,10,5,5,永全-南崁,2023-01-11,6451
5284,jpp-KY,10,5,5,永全-南崁,2023-01-11,6451
6196,帆宣,5,0,5,永全-南崁,2023-01-11,6451
8996,高力,9,4,5,永全-南崁,2023-01-11,6451
9933,中鼎,5,0,5,永全-南崁,2023-01-11,6451
2328,廣宇,6,2,4,永全-南崁,2023-01-11,6451
2458,義隆,5,1,4,永全-南崁,2023-01-11,6451
2486,一詮,4,0,4,永全-南崁,2023-01-11,6451
4114,健喬,12,8,4,永全-南崁,2023-01-11,6451
4931,新盛力,6,2,4,永全-南崁,2023-01-11,6451
5410,國眾,4,0,4,永全-南崁,2023-01-11,6451
8069,元太,7,3,4,永全-南崁,2023-01-11,6451
3481,群創,3,0,3,永全-南崁,2023-01-11,6451
3207,耀勝,10,7,3,永全-南崁,2023-01-11,6451
4916,事欣科,3,0,3,永全-南崁,2023-01-11,6451
5243,乙盛-KY,3,0,3,永全-南崁,2023-01-11,6451
6182,合晶,6,3,3,永全-南崁,2023-01-11,6451
6239,力成,3,0,3,永全-南崁,2023-01-11,6451
6416,瑞祺電通,3,0,3,永全-南崁,2023-01-11,6451
8028,昇陽半導體,5,2,3,永全-南崁,2023-01-11,6451
3481,群創,200,0,200,永全-南崁,2023-01-12,6451
2610,華航,80,3,77,永全-南崁,2023-01-12,6451
1584,精剛,103,49,54,永全-南崁,2023-01-12,6451
00673R,期元大S＆P原油反1,50,0,50,永全-南崁,2023-01-12,6451
1815,富喬,50,0,50,永全-南崁,2023-01-12,6451
2358,廷鑫,52,3,49,永全-南崁,2023-01-12,6451
2618,長榮航,59,12,47,永全-南崁,2023-01-12,6451
00753L,中信中國50正2,61,20,41,永全-南崁,2023-01-12,6451
2405,輔信,30,0,30,永全-南崁,2023-01-12,6451
4102,永日,30,1,29,永全-南崁,2023-01-12,6451
1612,宏泰,32,8,24,永全-南崁,2023-01-12,6451
6163,華電網,23,0,23,永全-南崁,2023-01-12,6451
00665L,富邦�琤肭磪囓�2,32,10,22,永全-南崁,2023-01-12,6451
2312,金寶,23,3,20,永全-南崁,2023-01-12,6451
2897,王道銀行,20,0,20,永全-南崁,2023-01-12,6451
00650L,復華香港正2,30,15,15,永全-南崁,2023-01-12,6451
2308,台達電,15,0,15,永全-南崁,2023-01-12,6451
1701,中化,11,0,11,永全-南崁,2023-01-12,6451
2609,陽明,35,24,11,永全-南崁,2023-01-12,6451
00907,永豐優息存股,10,0,10,永全-南崁,2023-01-12,6451
1809,中釉,16,6,10,永全-南崁,2023-01-12,6451
2812,台中銀,10,0,10,永全-南崁,2023-01-12,6451
3710,連展投控,10,0,10,永全-南崁,2023-01-12,6451
6215,和椿,10,0,10,永全-南崁,2023-01-12,6451
2338,光罩,10,1,9,永全-南崁,2023-01-12,6451
2413,環科,9,0,9,永全-南崁,2023-01-12,6451
2891,中信金,9,0,9,永全-南崁,2023-01-12,6451
6416,瑞祺電通,9,0,9,永全-南崁,2023-01-12,6451
8261,富鼎,10,1,9,永全-南崁,2023-01-12,6451
6625,必應,10,3,7,永全-南崁,2023-01-12,6451
1605,華新,12,6,6,永全-南崁,2023-01-12,6451
3141,晶宏,7,1,6,永全-南崁,2023-01-12,6451
00632R,元大台灣50反1,5,0,5,永全-南崁,2023-01-12,6451
1313,聯成,5,0,5,永全-南崁,2023-01-12,6451
1707,葡萄王,5,0,5,永全-南崁,2023-01-12,6451
2388,威盛,5,0,5,永全-南崁,2023-01-12,6451
2615,萬海,6,1,5,永全-南崁,2023-01-12,6451
5014,建錩,110,105,5,永全-南崁,2023-01-12,6451
6151,晉倫,5,0,5,永全-南崁,2023-01-12,6451
6182,合晶,13,8,5,永全-南崁,2023-01-12,6451
6257,矽格,5,0,5,永全-南崁,2023-01-12,6451
6263,普萊德,5,0,5,永全-南崁,2023-01-12,6451
6461,益得,5,0,5,永全-南崁,2023-01-12,6451
8222,寶一,5,0,5,永全-南崁,2023-01-12,6451
2486,一詮,4,0,4,永全-南崁,2023-01-12,6451
2636,台驊控股,4,0,4,永全-南崁,2023-01-12,6451
5263,智崴,10,6,4,永全-南崁,2023-01-12,6451
6443,元晶,6,2,4,永全-南崁,2023-01-12,6451
1710,東聯,3,0,3,永全-南崁,2023-01-12,6451
1417,嘉裕,3,0,3,永全-南崁,2023-01-12,6451
00632R,元大台灣50反1,290,10,280,永全-南崁,2023-01-13,6451
9105,泰金寶-DR,70,0,70,永全-南崁,2023-01-13,6451
4979,華星光,33,0,33,永全-南崁,2023-01-13,6451
00673R,期元大S＆P原油反1,52,25,27,永全-南崁,2023-01-13,6451
2308,台達電,27,0,27,永全-南崁,2023-01-13,6451
00683L,期元大美元指正2,25,0,25,永全-南崁,2023-01-13,6451
2107,厚生,20,0,20,永全-南崁,2023-01-13,6451
3624,光頡,20,0,20,永全-南崁,2023-01-13,6451
1584,精剛,37,18,19,永全-南崁,2023-01-13,6451
2211,長榮鋼,16,0,16,永全-南崁,2023-01-13,6451
3661,世芯-KY,15,0,15,永全-南崁,2023-01-13,6451
5321,美而快,15,0,15,永全-南崁,2023-01-13,6451
1612,宏泰,12,0,12,永全-南崁,2023-01-13,6451
2498,宏達電,27,16,11,永全-南崁,2023-01-13,6451
3714,富采,11,0,11,永全-南崁,2023-01-13,6451
4746,台耀,14,3,11,永全-南崁,2023-01-13,6451
3617,碩天,10,0,10,永全-南崁,2023-01-13,6451
4142,國光生,10,0,10,永全-南崁,2023-01-13,6451
4906,正文,10,0,10,永全-南崁,2023-01-13,6451
4924,欣厚-KY,10,0,10,永全-南崁,2023-01-13,6451
6176,瑞儀,10,0,10,永全-南崁,2023-01-13,6451
8299,群聯,10,0,10,永全-南崁,2023-01-13,6451
8936,國統,10,0,10,永全-南崁,2023-01-13,6451
2338,光罩,10,1,9,永全-南崁,2023-01-13,6451
4743,合一,10,1,9,永全-南崁,2023-01-13,6451
4114,健喬,16,8,8,永全-南崁,2023-01-13,6451
6182,合晶,8,0,8,永全-南崁,2023-01-13,6451
1304,台聚,7,0,7,永全-南崁,2023-01-13,6451
6443,元晶,10,3,7,永全-南崁,2023-01-13,6451
1229,聯華,6,0,6,永全-南崁,2023-01-13,6451
2603,長榮,6,0,6,永全-南崁,2023-01-13,6451
1907,永豐餘,5,0,5,永全-南崁,2023-01-13,6451
1308,亞聚,5,0,5,永全-南崁,2023-01-13,6451
2312,金寶,5,0,5,永全-南崁,2023-01-13,6451
2754,亞洲藏壽司,5,0,5,永全-南崁,2023-01-13,6451
3202,樺晟,5,0,5,永全-南崁,2023-01-13,6451
3264,欣銓,5,0,5,永全-南崁,2023-01-13,6451
3576,聯合再生,5,0,5,永全-南崁,2023-01-13,6451
6104,創惟,10,5,5,永全-南崁,2023-01-13,6451
6477,安集,5,0,5,永全-南崁,2023-01-13,6451
6695,芯鼎,5,0,5,永全-南崁,2023-01-13,6451
8033,雷虎,6,1,5,永全-南崁,2023-01-13,6451
8081,致新,5,0,5,永全-南崁,2023-01-13,6451
9955,佳龍,5,0,5,永全-南崁,2023-01-13,6451
1605,華新,13,9,4,永全-南崁,2023-01-13,6451
2891,中信金,5,1,4,永全-南崁,2023-01-13,6451
3687,歐買尬,5,1,4,永全-南崁,2023-01-13,6451
5483,中美晶,4,0,4,永全-南崁,2023-01-13,6451
5608,四維航,4,0,4,永全-南崁,2023-01-13,6451
6196,帆宣,4,0,4,永全-南崁,2023-01-13,6451
3447,展達,50,0,50,永全-南崁,2023-01-16,6451
2104,國際中橡,30,0,30,永全-南崁,2023-01-16,6451
00882,中信中國高股息,29,0,29,永全-南崁,2023-01-16,6451
5475,德宏,19,0,19,永全-南崁,2023-01-16,6451
2014,中鴻,13,0,13,永全-南崁,2023-01-16,6451
6770,力積電,12,0,12,永全-南崁,2023-01-16,6451
00688L,國泰20年美債正2,10,0,10,永全-南崁,2023-01-16,6451
00680L,元大美債20正2,10,0,10,永全-南崁,2023-01-16,6451
2107,厚生,10,0,10,永全-南崁,2023-01-16,6451
2610,華航,10,0,10,永全-南崁,2023-01-16,6451
3617,碩天,10,0,10,永全-南崁,2023-01-16,6451
3664,安瑞-KY,10,0,10,永全-南崁,2023-01-16,6451
4164,承業醫,10,0,10,永全-南崁,2023-01-16,6451
5284,jpp-KY,12,2,10,永全-南崁,2023-01-16,6451
4702,中美實,8,0,8,永全-南崁,2023-01-16,6451
6263,普萊德,7,0,7,永全-南崁,2023-01-16,6451
2605,新興,6,0,6,永全-南崁,2023-01-16,6451
8358,金居,7,1,6,永全-南崁,2023-01-16,6451
2317,鴻海,7,2,5,永全-南崁,2023-01-16,6451
1314,中石化,5,0,5,永全-南崁,2023-01-16,6451
1612,宏泰,6,1,5,永全-南崁,2023-01-16,6451
1584,精剛,10,5,5,永全-南崁,2023-01-16,6451
00633L,富邦上証正2,5,0,5,永全-南崁,2023-01-16,6451
2313,華通,5,0,5,永全-南崁,2023-01-16,6451
2399,映泰,5,0,5,永全-南崁,2023-01-16,6451
2458,義隆,5,0,5,永全-南崁,2023-01-16,6451
2851,中再保,5,0,5,永全-南崁,2023-01-16,6451
8105,凌巨,5,0,5,永全-南崁,2023-01-16,6451
9938,百和,5,0,5,永全-南崁,2023-01-16,6451
2375,凱美,4,0,4,永全-南崁,2023-01-16,6451
2498,宏達電,5,1,4,永全-南崁,2023-01-16,6451
6151,晉倫,4,0,4,永全-南崁,2023-01-16,6451
00878,國泰永續高股息,5,2,3,永全-南崁,2023-01-16,6451
1477,聚陽,3,0,3,永全-南崁,2023-01-16,6451
3202,樺晟,3,0,3,永全-南崁,2023-01-16,6451
8933,愛地雅,3,0,3,永全-南崁,2023-01-16,6451
00673R,期元大S＆P原油反1,2,0,2,永全-南崁,2023-01-16,6451
1304,台聚,2,0,2,永全-南崁,2023-01-16,6451
2359,所羅門,2,0,2,永全-南崁,2023-01-16,6451
2383,台光電,2,0,2,永全-南崁,2023-01-16,6451
2615,萬海,4,2,2,永全-南崁,2023-01-16,6451
2618,長榮航,4,2,2,永全-南崁,2023-01-16,6451
2743,山富,2,0,2,永全-南崁,2023-01-16,6451
3034,聯詠,4,2,2,永全-南崁,2023-01-16,6451
3105,穩懋,4,2,2,永全-南崁,2023-01-16,6451
3669,圓展,2,0,2,永全-南崁,2023-01-16,6451
3714,富采,2,0,2,永全-南崁,2023-01-16,6451
5353,台林,2,0,2,永全-南崁,2023-01-16,6451
5386,青雲,2,0,2,永全-南崁,2023-01-16,6451
5704,老爺知,2,0,2,永全-南崁,2023-01-16,6451
3481,群創,200,0,200,永全-南崁,2023-01-17,6451
4102,永日,40,0,40,永全-南崁,2023-01-17,6451
6197,佳必琪,40,0,40,永全-南崁,2023-01-17,6451
1307,三芳,30,0,30,永全-南崁,2023-01-17,6451
2104,國際中橡,30,0,30,永全-南崁,2023-01-17,6451
00637L,元大滬深300正2,30,1,29,永全-南崁,2023-01-17,6451
00665L,富邦�琤肭磪囓�2,26,0,26,永全-南崁,2023-01-17,6451
1513,中興電,23,1,22,永全-南崁,2023-01-17,6451
1101,台泥,22,1,21,永全-南崁,2023-01-17,6451
00753L,中信中國50正2,20,0,20,永全-南崁,2023-01-17,6451
00650L,復華香港正2,20,0,20,永全-南崁,2023-01-17,6451
2349,錸德,20,0,20,永全-南崁,2023-01-17,6451
6770,力積電,12,0,12,永全-南崁,2023-01-17,6451
0056,元大高股息,12,0,12,永全-南崁,2023-01-17,6451
4114,健喬,15,3,12,永全-南崁,2023-01-17,6451
3617,碩天,11,0,11,永全-南崁,2023-01-17,6451
6443,元晶,12,1,11,永全-南崁,2023-01-17,6451
1584,精剛,10,0,10,永全-南崁,2023-01-17,6451
2312,金寶,10,0,10,永全-南崁,2023-01-17,6451
3265,台星科,10,0,10,永全-南崁,2023-01-17,6451
6180,橘子,10,0,10,永全-南崁,2023-01-17,6451
6239,力成,9,0,9,永全-南崁,2023-01-17,6451
1701,中化,13,5,8,永全-南崁,2023-01-17,6451
5321,美而快,9,1,8,永全-南崁,2023-01-17,6451
00770,國泰北美科技,7,0,7,永全-南崁,2023-01-17,6451
1519,華城,6,0,6,永全-南崁,2023-01-17,6451
2609,陽明,11,5,6,永全-南崁,2023-01-17,6451
5263,智崴,6,0,6,永全-南崁,2023-01-17,6451
1514,亞力,5,0,5,永全-南崁,2023-01-17,6451
1612,宏泰,5,0,5,永全-南崁,2023-01-17,6451
1219,福壽,10,5,5,永全-南崁,2023-01-17,6451
2478,大毅,5,0,5,永全-南崁,2023-01-17,6451
3532,台勝科,5,0,5,永全-南崁,2023-01-17,6451
6118,建達,5,0,5,永全-南崁,2023-01-17,6451
6151,晉倫,5,0,5,永全-南崁,2023-01-17,6451
1795,美時,5,1,4,永全-南崁,2023-01-17,6451
2317,鴻海,4,0,4,永全-南崁,2023-01-17,6451
2409,友達,4,0,4,永全-南崁,2023-01-17,6451
2498,宏達電,4,0,4,永全-南崁,2023-01-17,6451
2883,凱基金,4,0,4,永全-南崁,2023-01-17,6451
2884,玉山金,4,0,4,永全-南崁,2023-01-17,6451
6150,撼訊,5,1,4,永全-南崁,2023-01-17,6451
6155,鈞寶,4,0,4,永全-南崁,2023-01-17,6451
00900,富邦特選高股息30,3,0,3,永全-南崁,2023-01-17,6451
00669R,國泰美國道瓊反1,3,0,3,永全-南崁,2023-01-17,6451
3059,華晶科,3,0,3,永全-南崁,2023-01-17,6451
6263,普萊德,3,0,3,永全-南崁,2023-01-17,6451
6535,順藥,3,0,3,永全-南崁,2023-01-17,6451
6605,帝寶,3,0,3,永全-南崁,2023-01-17,6451
8069,元太,6,3,3,永全-南崁,2023-01-17,6451
00632R,元大台灣50反1,310,20,290,永全-南崁,2023-01-30,6451
2890,永豐金,100,5,95,永全-南崁,2023-01-30,6451
1514,亞力,60,4,56,永全-南崁,2023-01-30,6451
2038,海光,50,0,50,永全-南崁,2023-01-30,6451
2317,鴻海,49,1,48,永全-南崁,2023-01-30,6451
6443,元晶,66,22,44,永全-南崁,2023-01-30,6451
1455,集盛,30,0,30,永全-南崁,2023-01-30,6451
2867,三商壽,20,0,20,永全-南崁,2023-01-30,6451
4906,正文,20,0,20,永全-南崁,2023-01-30,6451
3059,華晶科,20,2,18,永全-南崁,2023-01-30,6451
3047,訊舟,16,0,16,永全-南崁,2023-01-30,6451
6151,晉倫,16,0,16,永全-南崁,2023-01-30,6451
00637L,元大滬深300正2,25,10,15,永全-南崁,2023-01-30,6451
2107,厚生,25,10,15,永全-南崁,2023-01-30,6451
2436,偉詮電,11,0,11,永全-南崁,2023-01-30,6451
00753L,中信中國50正2,10,0,10,永全-南崁,2023-01-30,6451
00892,富邦台灣半導體,10,0,10,永全-南崁,2023-01-30,6451
1314,中石化,10,0,10,永全-南崁,2023-01-30,6451
2609,陽明,17,7,10,永全-南崁,2023-01-30,6451
6782,視陽,10,0,10,永全-南崁,2023-01-30,6451
8110,華東,10,0,10,永全-南崁,2023-01-30,6451
1432,大魯閣,10,1,9,永全-南崁,2023-01-30,6451
4114,健喬,9,1,8,永全-南崁,2023-01-30,6451
2206,三陽工業,9,1,8,永全-南崁,2023-01-30,6451
3624,光頡,10,2,8,永全-南崁,2023-01-30,6451
4931,新盛力,8,0,8,永全-南崁,2023-01-30,6451
5383,金利,7,0,7,永全-南崁,2023-01-30,6451
1337,再生-KY,6,0,6,永全-南崁,2023-01-30,6451
4162,智擎,6,0,6,永全-南崁,2023-01-30,6451
8069,元太,6,0,6,永全-南崁,2023-01-30,6451
1529,樂事綠能,8,3,5,永全-南崁,2023-01-30,6451
1519,華城,7,2,5,永全-南崁,2023-01-30,6451
1701,中化,5,0,5,永全-南崁,2023-01-30,6451
2014,中鴻,8,3,5,永全-南崁,2023-01-30,6451
2897,王道銀行,37,32,5,永全-南崁,2023-01-30,6451
3033,威健,5,0,5,永全-南崁,2023-01-30,6451
3041,揚智,5,0,5,永全-南崁,2023-01-30,6451
3090,日電貿,5,0,5,永全-南崁,2023-01-30,6451
3479,安勤,5,0,5,永全-南崁,2023-01-30,6451
3587,閎康,6,1,5,永全-南崁,2023-01-30,6451
3630,新鉅科,5,0,5,永全-南崁,2023-01-30,6451
3682,亞太電,5,0,5,永全-南崁,2023-01-30,6451
5222,全訊,5,0,5,永全-南崁,2023-01-30,6451
6603,富強鑫,5,0,5,永全-南崁,2023-01-30,6451
8086,宏捷科,10,5,5,永全-南崁,2023-01-30,6451
8996,高力,10,5,5,永全-南崁,2023-01-30,6451
1785,光洋科,4,0,4,永全-南崁,2023-01-30,6451
00633L,富邦上証正2,4,0,4,永全-南崁,2023-01-30,6451
3374,精材,4,0,4,永全-南崁,2023-01-30,6451
4755,三福化,5,1,4,永全-南崁,2023-01-30,6451
1312,國喬,100,0,100,永全-南崁,2023-01-31,6451
2349,錸德,71,0,71,永全-南崁,2023-01-31,6451
2634,漢翔,71,0,71,永全-南崁,2023-01-31,6451
1101,台泥,67,0,67,永全-南崁,2023-01-31,6451
00665L,富邦�琤肭磪囓�2,70,30,40,永全-南崁,2023-01-31,6451
8050,廣積,25,0,25,永全-南崁,2023-01-31,6451
00902,中信電池及儲能,23,0,23,永全-南崁,2023-01-31,6451
6197,佳必琪,20,0,20,永全-南崁,2023-01-31,6451
6603,富強鑫,20,0,20,永全-南崁,2023-01-31,6451
2436,偉詮電,20,1,19,永全-南崁,2023-01-31,6451
00905,FT臺灣Smart,21,5,16,永全-南崁,2023-01-31,6451
3013,晟銘電,19,3,16,永全-南崁,2023-01-31,6451
2014,中鴻,14,1,13,永全-南崁,2023-01-31,6451
2485,兆赫,13,0,13,永全-南崁,2023-01-31,6451
2610,華航,14,2,12,永全-南崁,2023-01-31,6451
3027,盛達,11,0,11,永全-南崁,2023-01-31,6451
2330,台積電,11,1,10,永全-南崁,2023-01-31,6451
1227,佳格,10,0,10,永全-南崁,2023-01-31,6451
1612,宏泰,10,0,10,永全-南崁,2023-01-31,6451
2103,台橡,10,0,10,永全-南崁,2023-01-31,6451
2891,中信金,10,0,10,永全-南崁,2023-01-31,6451
4164,承業醫,10,0,10,永全-南崁,2023-01-31,6451
5009,榮剛,10,0,10,永全-南崁,2023-01-31,6451
6257,矽格,10,0,10,永全-南崁,2023-01-31,6451
2313,華通,13,4,9,永全-南崁,2023-01-31,6451
1701,中化,10,2,8,永全-南崁,2023-01-31,6451
2408,南亞科,7,0,7,永全-南崁,2023-01-31,6451
3289,宜特,10,3,7,永全-南崁,2023-01-31,6451
1303,南亞,6,0,6,永全-南崁,2023-01-31,6451
00893,國泰智能電動車,10,4,6,永全-南崁,2023-01-31,6451
1752,南光,8,2,6,永全-南崁,2023-01-31,6451
6274,台燿,6,0,6,永全-南崁,2023-01-31,6451
6509,聚和,6,0,6,永全-南崁,2023-01-31,6451
00753L,中信中國50正2,25,20,5,永全-南崁,2023-01-31,6451
00650L,復華香港正2,15,10,5,永全-南崁,2023-01-31,6451
00637L,元大滬深300正2,30,25,5,永全-南崁,2023-01-31,6451
3092,鴻碩,5,0,5,永全-南崁,2023-01-31,6451
3675,德微,5,0,5,永全-南崁,2023-01-31,6451
4114,健喬,12,7,5,永全-南崁,2023-01-31,6451
5222,全訊,5,0,5,永全-南崁,2023-01-31,6451
6282,康舒,12,7,5,永全-南崁,2023-01-31,6451
8081,致新,5,0,5,永全-南崁,2023-01-31,6451
4979,華星光,6,2,4,永全-南崁,2023-01-31,6451
2607,榮運,4,0,4,永全-南崁,2023-01-31,6451
2892,第一金,4,0,4,永全-南崁,2023-01-31,6451
3617,碩天,4,0,4,永全-南崁,2023-01-31,6451
5351,鈺創,5,1,4,永全-南崁,2023-01-31,6451
6111,大宇資,4,0,4,永全-南崁,2023-01-31,6451
00878,國泰永續高股息,3,0,3,永全-南崁,2023-01-31,6451
4915,致伸,3,0,3,永全-南崁,2023-01-31,6451
2358,廷鑫,140,0,140,永全-南崁,2023-02-01,6451
00882,中信中國高股息,130,0,130,永全-南崁,2023-02-01,6451
2609,陽明,97,3,94,永全-南崁,2023-02-01,6451
2349,錸德,80,0,80,永全-南崁,2023-02-01,6451
2891,中信金,75,5,70,永全-南崁,2023-02-01,6451
4919,新唐,67,13,54,永全-南崁,2023-02-01,6451
2610,華航,208,159,49,永全-南崁,2023-02-01,6451
2201,裕隆,77,28,49,永全-南崁,2023-02-01,6451
2328,廣宇,49,2,47,永全-南崁,2023-02-01,6451
00673R,期元大S＆P原油反1,50,5,45,永全-南崁,2023-02-01,6451
6235,華孚,34,3,31,永全-南崁,2023-02-01,6451
1513,中興電,43,13,30,永全-南崁,2023-02-01,6451
3013,晟銘電,30,2,28,永全-南崁,2023-02-01,6451
1584,精剛,35,11,24,永全-南崁,2023-02-01,6451
4114,健喬,21,0,21,永全-南崁,2023-02-01,6451
1618,合機,20,0,20,永全-南崁,2023-02-01,6451
3703,欣陸,20,0,20,永全-南崁,2023-02-01,6451
1609,大亞,26,7,19,永全-南崁,2023-02-01,6451
1809,中釉,20,2,18,永全-南崁,2023-02-01,6451
2009,第一銅,34,16,18,永全-南崁,2023-02-01,6451
2618,長榮航,142,127,15,永全-南崁,2023-02-01,6451
6015,宏遠證,15,0,15,永全-南崁,2023-02-01,6451
2404,漢唐,15,1,14,永全-南崁,2023-02-01,6451
2915,潤泰全,13,0,13,永全-南崁,2023-02-01,6451
1514,亞力,11,0,11,永全-南崁,2023-02-01,6451
2498,宏達電,14,3,11,永全-南崁,2023-02-01,6451
1432,大魯閣,10,0,10,永全-南崁,2023-02-01,6451
2352,佳世達,10,0,10,永全-南崁,2023-02-01,6451
2607,榮運,10,0,10,永全-南崁,2023-02-01,6451
6197,佳必琪,10,0,10,永全-南崁,2023-02-01,6451
8086,宏捷科,10,0,10,永全-南崁,2023-02-01,6451
9938,百和,10,0,10,永全-南崁,2023-02-01,6451
00637L,元大滬深300正2,40,31,9,永全-南崁,2023-02-01,6451
3169,亞信,9,0,9,永全-南崁,2023-02-01,6451
00896,中信綠能及電動車,10,2,8,永全-南崁,2023-02-01,6451
5347,世界,8,0,8,永全-南崁,2023-02-01,6451
2408,南亞科,7,0,7,永全-南崁,2023-02-01,6451
3454,晶睿,17,10,7,永全-南崁,2023-02-01,6451
6411,晶焱,7,0,7,永全-南崁,2023-02-01,6451
1701,中化,6,1,5,永全-南崁,2023-02-01,6451
1301,台塑,5,0,5,永全-南崁,2023-02-01,6451
1453,大將,6,1,5,永全-南崁,2023-02-01,6451
1536,和大,5,0,5,永全-南崁,2023-02-01,6451
2032,新鋼,5,0,5,永全-南崁,2023-02-01,6451
2482,連宇,7,2,5,永全-南崁,2023-02-01,6451
3441,聯一光,7,2,5,永全-南崁,2023-02-01,6451
3483,力致,5,0,5,永全-南崁,2023-02-01,6451
4133,亞諾法,5,0,5,永全-南崁,2023-02-01,6451
6190,萬泰科,6,1,5,永全-南崁,2023-02-01,6451
6206,飛捷,5,0,5,永全-南崁,2023-02-01,6451
3037,欣興,80,6,74,永全-南崁,2023-02-02,6451
00683L,期元大美元指正2,70,0,70,永全-南崁,2023-02-02,6451
00665L,富邦�琤肭磪囓�2,50,0,50,永全-南崁,2023-02-02,6451
2201,裕隆,68,20,48,永全-南崁,2023-02-02,6451
1810,和成,91,50,41,永全-南崁,2023-02-02,6451
2312,金寶,42,1,41,永全-南崁,2023-02-02,6451
2609,陽明,49,11,38,永全-南崁,2023-02-02,6451
00878,國泰永續高股息,38,8,30,永全-南崁,2023-02-02,6451
1513,中興電,37,8,29,永全-南崁,2023-02-02,6451
1524,耿鼎,21,0,21,永全-南崁,2023-02-02,6451
2884,玉山金,21,0,21,永全-南崁,2023-02-02,6451
3207,耀勝,22,1,21,永全-南崁,2023-02-02,6451
5009,榮剛,22,3,19,永全-南崁,2023-02-02,6451
00715L,期街口布蘭特正2,18,0,18,永全-南崁,2023-02-02,6451
8110,華東,20,2,18,永全-南崁,2023-02-02,6451
1605,華新,28,11,17,永全-南崁,2023-02-02,6451
2634,漢翔,17,0,17,永全-南崁,2023-02-02,6451
2478,大毅,15,0,15,永全-南崁,2023-02-02,6451
2889,國票金,15,0,15,永全-南崁,2023-02-02,6451
2413,環科,15,1,14,永全-南崁,2023-02-02,6451
2612,中航,20,6,14,永全-南崁,2023-02-02,6451
1591,駿吉-KY,43,30,13,永全-南崁,2023-02-02,6451
2834,臺企銀,13,0,13,永全-南崁,2023-02-02,6451
6282,康舒,19,6,13,永全-南崁,2023-02-02,6451
3481,群創,12,1,11,永全-南崁,2023-02-02,6451
4106,雃博,13,2,11,永全-南崁,2023-02-02,6451
2539,櫻花建,10,0,10,永全-南崁,2023-02-02,6451
2867,三商壽,10,0,10,永全-南崁,2023-02-02,6451
6118,建達,10,0,10,永全-南崁,2023-02-02,6451
8054,安國,10,0,10,永全-南崁,2023-02-02,6451
3702,大聯大,10,0,10,永全-南崁,2023-02-02,6451
00902,中信電池及儲能,20,11,9,永全-南崁,2023-02-02,6451
2108,南帝,9,0,9,永全-南崁,2023-02-02,6451
00882,中信中國高股息,8,0,8,永全-南崁,2023-02-02,6451
2607,榮運,11,3,8,永全-南崁,2023-02-02,6451
5871,中租-KY,10,2,8,永全-南崁,2023-02-02,6451
2317,鴻海,11,4,7,永全-南崁,2023-02-02,6451
2897,王道銀行,7,0,7,永全-南崁,2023-02-02,6451
3105,穩懋,11,4,7,永全-南崁,2023-02-02,6451
3438,類比科,10,3,7,永全-南崁,2023-02-02,6451
5243,乙盛-KY,9,2,7,永全-南崁,2023-02-02,6451
1417,嘉裕,56,50,6,永全-南崁,2023-02-02,6451
2891,中信金,22,16,6,永全-南崁,2023-02-02,6451
3027,盛達,6,0,6,永全-南崁,2023-02-02,6451
3704,合勤控,26,20,6,永全-南崁,2023-02-02,6451
6147,頎邦,16,10,6,永全-南崁,2023-02-02,6451
8028,昇陽半導體,6,0,6,永全-南崁,2023-02-02,6451
8033,雷虎,6,0,6,永全-南崁,2023-02-02,6451
00885,富邦越南,5,0,5,永全-南崁,2023-02-02,6451
1453,大將,5,0,5,永全-南崁,2023-02-02,6451
00665L,富邦�琤肭磪囓�2,84,30,54,永全-南崁,2023-02-03,6451
1513,中興電,54,0,54,永全-南崁,2023-02-03,6451
2303,聯電,53,16,37,永全-南崁,2023-02-03,6451
2891,中信金,40,5,35,永全-南崁,2023-02-03,6451
1611,中電,30,0,30,永全-南崁,2023-02-03,6451
1783,和康生,30,0,30,永全-南崁,2023-02-03,6451
2369,菱生,30,0,30,永全-南崁,2023-02-03,6451
3617,碩天,25,0,25,永全-南崁,2023-02-03,6451
00882,中信中國高股息,22,0,22,永全-南崁,2023-02-03,6451
1591,駿吉-KY,25,5,20,永全-南崁,2023-02-03,6451
3037,欣興,36,16,20,永全-南崁,2023-02-03,6451
00715L,期街口布蘭特正2,20,2,18,永全-南崁,2023-02-03,6451
6806,森崴能源,16,0,16,永全-南崁,2023-02-03,6451
00637L,元大滬深300正2,35,20,15,永全-南崁,2023-02-03,6451
3704,合勤控,18,3,15,永全-南崁,2023-02-03,6451
8234,新漢,20,5,15,永全-南崁,2023-02-03,6451
2884,玉山金,14,0,14,永全-南崁,2023-02-03,6451
2413,環科,13,1,12,永全-南崁,2023-02-03,6451
4114,健喬,11,0,11,永全-南崁,2023-02-03,6451
5258,虹堡,22,11,11,永全-南崁,2023-02-03,6451
5706,鳳凰,16,5,11,永全-南崁,2023-02-03,6451
00903,富邦元宇宙,10,0,10,永全-南崁,2023-02-03,6451
1460,宏遠,10,0,10,永全-南崁,2023-02-03,6451
1102,亞泥,10,0,10,永全-南崁,2023-02-03,6451
00679B,元大美債20年,10,0,10,永全-南崁,2023-02-03,6451
2539,櫻花建,10,0,10,永全-南崁,2023-02-03,6451
3041,揚智,10,0,10,永全-南崁,2023-02-03,6451
3093,港建*,10,0,10,永全-南崁,2023-02-03,6451
6197,佳必琪,10,0,10,永全-南崁,2023-02-03,6451
6285,啟��,10,0,10,永全-南崁,2023-02-03,6451
6605,帝寶,10,0,10,永全-南崁,2023-02-03,6451
6706,惠特,10,0,10,永全-南崁,2023-02-03,6451
9938,百和,10,0,10,永全-南崁,2023-02-03,6451
2002,中鋼,8,0,8,永全-南崁,2023-02-03,6451
5383,金利,8,0,8,永全-南崁,2023-02-03,6451
6669,緯穎,9,1,8,永全-南崁,2023-02-03,6451
0056,元大高股息,20,13,7,永全-南崁,2023-02-03,6451
2388,威盛,9,2,7,永全-南崁,2023-02-03,6451
2882,國泰金,7,0,7,永全-南崁,2023-02-03,6451
3105,穩懋,8,1,7,永全-南崁,2023-02-03,6451
6118,建達,52,45,7,永全-南崁,2023-02-03,6451
6207,雷科,7,0,7,永全-南崁,2023-02-03,6451
6531,愛普*,9,2,7,永全-南崁,2023-02-03,6451
1101,台泥,7,0,7,永全-南崁,2023-02-03,6451
2887,台新金,10,4,6,永全-南崁,2023-02-03,6451
4138,曜亞,6,0,6,永全-南崁,2023-02-03,6451
6642,富致,6,0,6,永全-南崁,2023-02-03,6451
00680L,元大美債20正2,5,0,5,永全-南崁,2023-02-03,6451
00633L,富邦上証正2,5,0,5,永全-南崁,2023-02-03,6451
00892,富邦台灣半導體,5,0,5,永全-南崁,2023-02-03,6451
2201,裕隆,109,26,83,永全-南崁,2023-02-06,6451
2413,環科,73,0,73,永全-南崁,2023-02-06,6451
6603,富強鑫,37,0,37,永全-南崁,2023-02-06,6451
00878,國泰永續高股息,28,0,28,永全-南崁,2023-02-06,6451
2609,陽明,130,103,27,永全-南崁,2023-02-06,6451
6226,光鼎,26,0,26,永全-南崁,2023-02-06,6451
2618,長榮航,28,3,25,永全-南崁,2023-02-06,6451
0056,元大高股息,37,15,22,永全-南崁,2023-02-06,6451
6182,合晶,20,0,20,永全-南崁,2023-02-06,6451
2368,金像電,16,0,16,永全-南崁,2023-02-06,6451
00882,中信中國高股息,24,10,14,永全-南崁,2023-02-06,6451
1560,中砂,12,0,12,永全-南崁,2023-02-06,6451
2615,萬海,18,6,12,永全-南崁,2023-02-06,6451
2884,玉山金,12,0,12,永全-南崁,2023-02-06,6451
3419,譁裕,12,0,12,永全-南崁,2023-02-06,6451
9105,泰金寶-DR,12,0,12,永全-南崁,2023-02-06,6451
2603,長榮,10,0,10,永全-南崁,2023-02-06,6451
2330,台積電,10,0,10,永全-南崁,2023-02-06,6451
00683L,期元大美元指正2,10,0,10,永全-南崁,2023-02-06,6451
2408,南亞科,10,0,10,永全-南崁,2023-02-06,6451
2449,京元電子,10,0,10,永全-南崁,2023-02-06,6451
6269,台郡,10,0,10,永全-南崁,2023-02-06,6451
6770,力積電,10,0,10,永全-南崁,2023-02-06,6451
8183,精星,10,0,10,永全-南崁,2023-02-06,6451
5353,台林,9,0,9,永全-南崁,2023-02-06,6451
1101,台泥,8,0,8,永全-南崁,2023-02-06,6451
00679B,元大美債20年,8,0,8,永全-南崁,2023-02-06,6451
1784,訊聯,10,2,8,永全-南崁,2023-02-06,6451
2891,中信金,22,15,7,永全-南崁,2023-02-06,6451
3322,建舜電,10,3,7,永全-南崁,2023-02-06,6451
2886,兆豐金,6,0,6,永全-南崁,2023-02-06,6451
00665L,富邦�琤肭磪囓�2,16,10,6,永全-南崁,2023-02-06,6451
00637L,元大滬深300正2,16,10,6,永全-南崁,2023-02-06,6451
2328,廣宇,6,0,6,永全-南崁,2023-02-06,6451
2344,華邦電,6,0,6,永全-南崁,2023-02-06,6451
2465,麗臺,6,0,6,永全-南崁,2023-02-06,6451
9955,佳龍,6,0,6,永全-南崁,2023-02-06,6451
2492,華新科,6,1,5,永全-南崁,2023-02-06,6451
2913,農林,6,0,6,永全-南崁,2023-02-06,6451
1529,樂事綠能,6,1,5,永全-南崁,2023-02-06,6451
1584,精剛,7,2,5,永全-南崁,2023-02-06,6451
1605,華新,19,14,5,永全-南崁,2023-02-06,6451
00905,FT臺灣Smart,5,0,5,永全-南崁,2023-02-06,6451
00632R,元大台灣50反1,5,0,5,永全-南崁,2023-02-06,6451
2482,連宇,7,2,5,永全-南崁,2023-02-06,6451
3265,台星科,5,0,5,永全-南崁,2023-02-06,6451
6213,聯茂,5,0,5,永全-南崁,2023-02-06,6451
9958,世紀鋼,5,0,5,永全-南崁,2023-02-06,6451
2104,國際中橡,4,0,4,永全-南崁,2023-02-06,6451
2356,英業達,4,0,4,永全-南崁,2023-02-06,6451
2618,長榮航,242,3,239,永全-南崁,2023-02-07,6451
00673R,期元大S＆P原油反1,60,0,60,永全-南崁,2023-02-07,6451
2884,玉山金,41,0,41,永全-南崁,2023-02-07,6451
2413,環科,40,0,40,永全-南崁,2023-02-07,6451
4142,國光生,45,11,34,永全-南崁,2023-02-07,6451
3093,港建*,60,35,25,永全-南崁,2023-02-07,6451
2317,鴻海,23,1,22,永全-南崁,2023-02-07,6451
1720,生達,20,0,20,永全-南崁,2023-02-07,6451
6163,華電網,17,0,17,永全-南崁,2023-02-07,6451
8227,巨有科技,20,4,16,永全-南崁,2023-02-07,6451
00632R,元大台灣50反1,15,0,15,永全-南崁,2023-02-07,6451
00878,國泰永續高股息,15,0,15,永全-南崁,2023-02-07,6451
1752,南光,40,27,13,永全-南崁,2023-02-07,6451
3037,欣興,13,0,13,永全-南崁,2023-02-07,6451
2880,華南金,12,0,12,永全-南崁,2023-02-07,6451
6207,雷科,12,0,12,永全-南崁,2023-02-07,6451
6531,愛普*,14,2,12,永全-南崁,2023-02-07,6451
00679B,元大美債20年,11,0,11,永全-南崁,2023-02-07,6451
2201,裕隆,56,45,11,永全-南崁,2023-02-07,6451
2610,華航,13,2,11,永全-南崁,2023-02-07,6451
2891,中信金,18,7,11,永全-南崁,2023-02-07,6451
5258,虹堡,12,1,11,永全-南崁,2023-02-07,6451
1447,力鵬,10,0,10,永全-南崁,2023-02-07,6451
00715L,期街口布蘭特正2,10,0,10,永全-南崁,2023-02-07,6451
3162,精確,10,0,10,永全-南崁,2023-02-07,6451
2736,富野,9,0,9,永全-南崁,2023-02-07,6451
3234,光環,9,0,9,永全-南崁,2023-02-07,6451
1605,華新,32,24,8,永全-南崁,2023-02-07,6451
8105,凌巨,12,4,8,永全-南崁,2023-02-07,6451
3380,明泰,7,0,7,永全-南崁,2023-02-07,6451
9958,世紀鋼,7,0,7,永全-南崁,2023-02-07,6451
00881,國泰台灣5G+,6,0,6,永全-南崁,2023-02-07,6451
2405,輔信,6,0,6,永全-南崁,2023-02-07,6451
3594,磐儀,6,0,6,永全-南崁,2023-02-07,6451
6278,台表科,6,0,6,永全-南崁,2023-02-07,6451
8420,明揚,6,0,6,永全-南崁,2023-02-07,6451
2359,所羅門,5,0,5,永全-南崁,2023-02-07,6451
2441,超豐,5,0,5,永全-南崁,2023-02-07,6451
3029,零壹,5,0,5,永全-南崁,2023-02-07,6451
3044,健鼎,5,0,5,永全-南崁,2023-02-07,6451
3481,群創,10,5,5,永全-南崁,2023-02-07,6451
4564,元翎,5,0,5,永全-南崁,2023-02-07,6451
5608,四維航,5,0,5,永全-南崁,2023-02-07,6451
6223,旺矽,7,2,5,永全-南崁,2023-02-07,6451
6263,普萊德,5,0,5,永全-南崁,2023-02-07,6451
8050,廣積,5,0,5,永全-南崁,2023-02-07,6451
1516,川飛,4,0,4,永全-南崁,2023-02-07,6451
2302,麗正,4,0,4,永全-南崁,2023-02-07,6451
2380,虹光,4,0,4,永全-南崁,2023-02-07,6451
2887,台新金,4,0,4,永全-南崁,2023-02-07,6451
2610,華航,121,2,119,永全-南崁,2023-02-08,6451
8112,至上,75,1,74,永全-南崁,2023-02-08,6451
00673R,期元大S＆P原油反1,50,0,50,永全-南崁,2023-02-08,6451
2884,玉山金,40,0,40,永全-南崁,2023-02-08,6451
2891,中信金,40,7,33,永全-南崁,2023-02-08,6451
2412,中華電,31,0,31,永全-南崁,2023-02-08,6451
4919,新唐,32,5,27,永全-南崁,2023-02-08,6451
1591,駿吉-KY,24,0,24,永全-南崁,2023-02-08,6451
2014,中鴻,23,1,22,永全-南崁,2023-02-08,6451
6129,普誠,31,9,22,永全-南崁,2023-02-08,6451
5351,鈺創,30,9,21,永全-南崁,2023-02-08,6451
2390,云辰,20,0,20,永全-南崁,2023-02-08,6451
3094,聯傑,20,0,20,永全-南崁,2023-02-08,6451
2107,厚生,18,0,18,永全-南崁,2023-02-08,6451
2317,鴻海,18,0,18,永全-南崁,2023-02-08,6451
2108,南帝,18,1,17,永全-南崁,2023-02-08,6451
2329,華泰,15,0,15,永全-南崁,2023-02-08,6451
2888,新光金,15,0,15,永全-南崁,2023-02-08,6451
3037,欣興,23,8,15,永全-南崁,2023-02-08,6451
8183,精星,15,0,15,永全-南崁,2023-02-08,6451
1101,台泥,15,1,14,永全-南崁,2023-02-08,6451
2465,麗臺,14,0,14,永全-南崁,2023-02-08,6451
2603,長榮,14,0,14,永全-南崁,2023-02-08,6451
3706,神達,15,1,14,永全-南崁,2023-02-08,6451
00878,國泰永續高股息,11,0,11,永全-南崁,2023-02-08,6451
00679B,元大美債20年,10,0,10,永全-南崁,2023-02-08,6451
3017,奇鋐,16,6,10,永全-南崁,2023-02-08,6451
3049,精金,10,0,10,永全-南崁,2023-02-08,6451
4906,正文,10,0,10,永全-南崁,2023-02-08,6451
6151,晉倫,10,0,10,永全-南崁,2023-02-08,6451
8050,廣積,10,0,10,永全-南崁,2023-02-08,6451
4977,眾達-KY,10,1,9,永全-南崁,2023-02-08,6451
1432,大魯閣,9,0,9,永全-南崁,2023-02-08,6451
5425,台半,12,3,9,永全-南崁,2023-02-08,6451
2201,裕隆,63,55,8,永全-南崁,2023-02-08,6451
4541,晟田,8,0,8,永全-南崁,2023-02-08,6451
6770,力積電,10,2,8,永全-南崁,2023-02-08,6451
2498,宏達電,16,9,7,永全-南崁,2023-02-08,6451
5515,建國,7,0,7,永全-南崁,2023-02-08,6451
6182,合晶,7,0,7,永全-南崁,2023-02-08,6451
2380,虹光,6,0,6,永全-南崁,2023-02-08,6451
6104,創惟,6,0,6,永全-南崁,2023-02-08,6451
1718,中纖,5,0,5,永全-南崁,2023-02-08,6451
2368,金像電,10,5,5,永全-南崁,2023-02-08,6451
2371,大同,5,0,5,永全-南崁,2023-02-08,6451
2382,廣達,5,0,5,永全-南崁,2023-02-08,6451
2405,輔信,5,0,5,永全-南崁,2023-02-08,6451
2474,可成,5,0,5,永全-南崁,2023-02-08,6451
2606,裕民,6,1,5,永全-南崁,2023-02-08,6451
3051,力特,5,0,5,永全-南崁,2023-02-08,6451
2344,華邦電,337,3,334,永全-南崁,2023-02-09,6451
00878,國泰永續高股息,51,0,51,永全-南崁,2023-02-09,6451
3209,全科,50,0,50,永全-南崁,2023-02-09,6451
2610,華航,44,2,42,永全-南崁,2023-02-09,6451
2409,友達,40,0,40,永全-南崁,2023-02-09,6451
2882,國泰金,40,0,40,永全-南崁,2023-02-09,6451
2303,聯電,43,10,33,永全-南崁,2023-02-09,6451
2201,裕隆,31,4,27,永全-南崁,2023-02-09,6451
4919,新唐,26,1,25,永全-南崁,2023-02-09,6451
4529,淳紳,20,0,20,永全-南崁,2023-02-09,6451
8234,新漢,20,0,20,永全-南崁,2023-02-09,6451
2413,環科,16,0,16,永全-南崁,2023-02-09,6451
2308,台達電,15,0,15,永全-南崁,2023-02-09,6451
2329,華泰,15,0,15,永全-南崁,2023-02-09,6451
2891,中信金,15,0,15,永全-南崁,2023-02-09,6451
3231,緯創,15,0,15,永全-南崁,2023-02-09,6451
3234,光環,15,0,15,永全-南崁,2023-02-09,6451
2002,中鋼,13,0,13,永全-南崁,2023-02-09,6451
3665,貿聯-KY,13,0,13,永全-南崁,2023-02-09,6451
2609,陽明,15,3,12,永全-南崁,2023-02-09,6451
1734,杏輝,11,0,11,永全-南崁,2023-02-09,6451
00679B,元大美債20年,11,0,11,永全-南崁,2023-02-09,6451
2401,凌陽,18,7,11,永全-南崁,2023-02-09,6451
5309,系統電,11,0,11,永全-南崁,2023-02-09,6451
0050,元大台灣50,10,0,10,永全-南崁,2023-02-09,6451
3059,華晶科,11,1,10,永全-南崁,2023-02-09,6451
4906,正文,10,0,10,永全-南崁,2023-02-09,6451
6151,晉倫,10,0,10,永全-南崁,2023-02-09,6451
6152,百一,10,0,10,永全-南崁,2023-02-09,6451
6245,立端,10,1,9,永全-南崁,2023-02-09,6451
6788,華景電,10,1,9,永全-南崁,2023-02-09,6451
9105,泰金寶-DR,9,0,9,永全-南崁,2023-02-09,6451
1519,華城,20,12,8,永全-南崁,2023-02-09,6451
00683L,期元大美元指正2,8,0,8,永全-南崁,2023-02-09,6451
2618,長榮航,10,2,8,永全-南崁,2023-02-09,6451
3545,敦泰,10,2,8,永全-南崁,2023-02-09,6451
6215,和椿,10,2,8,永全-南崁,2023-02-09,6451
1795,美時,13,6,7,永全-南崁,2023-02-09,6451
1785,光洋科,7,0,7,永全-南崁,2023-02-09,6451
6163,華電網,7,0,7,永全-南崁,2023-02-09,6451
4931,新盛力,14,7,7,永全-南崁,2023-02-09,6451
2327,國巨,9,3,6,永全-南崁,2023-02-09,6451
6546,正基,7,1,6,永全-南崁,2023-02-09,6451
1609,大亞,6,0,6,永全-南崁,2023-02-09,6451
2486,一詮,6,0,6,永全-南崁,2023-02-09,6451
3029,零壹,6,0,6,永全-南崁,2023-02-09,6451
8081,致新,6,0,6,永全-南崁,2023-02-09,6451
00897,富邦基因免疫生技,5,0,5,永全-南崁,2023-02-09,6451
3051,力特,5,0,5,永全-南崁,2023-02-09,6451
3701,大眾控,7,2,5,永全-南崁,2023-02-09,6451
2344,華邦電,213,0,213,永全-南崁,2023-02-10,6451
00878,國泰永續高股息,53,0,53,永全-南崁,2023-02-10,6451
3037,欣興,40,1,39,永全-南崁,2023-02-10,6451
2404,漢唐,37,0,37,永全-南崁,2023-02-10,6451
00664R,國泰臺灣加權反1,30,0,30,永全-南崁,2023-02-10,6451
4102,永日,30,0,30,永全-南崁,2023-02-10,6451
2303,聯電,47,18,29,永全-南崁,2023-02-10,6451
2453,凌群,30,1,29,永全-南崁,2023-02-10,6451
8046,南電,28,0,28,永全-南崁,2023-02-10,6451
2618,長榮航,29,5,24,永全-南崁,2023-02-10,6451
00882,中信中國高股息,22,0,22,永全-南崁,2023-02-10,6451
6269,台郡,22,0,22,永全-南崁,2023-02-10,6451
1437,勤益控,20,0,20,永全-南崁,2023-02-10,6451
2104,國際中橡,20,0,20,永全-南崁,2023-02-10,6451
4906,正文,20,0,20,永全-南崁,2023-02-10,6451
1605,華新,24,5,19,永全-南崁,2023-02-10,6451
3029,零壹,20,1,19,永全-南崁,2023-02-10,6451
1453,大將,15,0,15,永全-南崁,2023-02-10,6451
2329,華泰,15,0,15,永全-南崁,2023-02-10,6451
2547,日勝生,15,0,15,永全-南崁,2023-02-10,6451
2368,金像電,14,0,14,永全-南崁,2023-02-10,6451
1584,精剛,53,41,12,永全-南崁,2023-02-10,6451
00885,富邦越南,12,0,12,永全-南崁,2023-02-10,6451
2486,一詮,12,0,12,永全-南崁,2023-02-10,6451
2498,宏達電,13,1,12,永全-南崁,2023-02-10,6451
00712,復華富時不動產,11,0,11,永全-南崁,2023-02-10,6451
1783,和康生,11,0,11,永全-南崁,2023-02-10,6451
2421,建準,11,0,11,永全-南崁,2023-02-10,6451
4942,嘉彰,11,0,11,永全-南崁,2023-02-10,6451
6266,泰詠,11,0,11,永全-南崁,2023-02-10,6451
1720,生達,10,0,10,永全-南崁,2023-02-10,6451
2889,國票金,10,0,10,永全-南崁,2023-02-10,6451
3141,晶宏,10,0,10,永全-南崁,2023-02-10,6451
3260,威剛,10,0,10,永全-南崁,2023-02-10,6451
4934,太極,10,0,10,永全-南崁,2023-02-10,6451
6109,亞元,10,0,10,永全-南崁,2023-02-10,6451
6143,振曜,20,10,10,永全-南崁,2023-02-10,6451
6282,康舒,86,76,10,永全-南崁,2023-02-10,6451
5425,台半,8,0,8,永全-南崁,2023-02-10,6451
6163,華電網,8,0,8,永全-南崁,2023-02-10,6451
1785,光洋科,7,0,7,永全-南崁,2023-02-10,6451
3013,晟銘電,7,0,7,永全-南崁,2023-02-10,6451
6245,立端,10,3,7,永全-南崁,2023-02-10,6451
8996,高力,14,7,7,永全-南崁,2023-02-10,6451
00893,國泰智能電動車,6,0,6,永全-南崁,2023-02-10,6451
1701,中化,6,0,6,永全-南崁,2023-02-10,6451
1906,寶隆,6,0,6,永全-南崁,2023-02-10,6451
4931,新盛力,14,8,6,永全-南崁,2023-02-10,6451
6274,台燿,8,2,6,永全-南崁,2023-02-10,6451
1708,東鹼,5,0,5,永全-南崁,2023-02-10,6451
1447,力鵬,77,9,68,永全-南崁,2023-02-13,6451
00878,國泰永續高股息,66,2,64,永全-南崁,2023-02-13,6451
2014,中鴻,50,0,50,永全-南崁,2023-02-13,6451
3624,光頡,32,0,32,永全-南崁,2023-02-13,6451
2317,鴻海,28,0,28,永全-南崁,2023-02-13,6451
8046,南電,28,2,26,永全-南崁,2023-02-13,6451
00664R,國泰臺灣加權反1,20,0,20,永全-南崁,2023-02-13,6451
1701,中化,23,3,20,永全-南崁,2023-02-13,6451
2243,宏旭-KY,20,0,20,永全-南崁,2023-02-13,6451
2609,陽明,23,6,17,永全-南崁,2023-02-13,6451
5475,德宏,15,0,15,永全-南崁,2023-02-13,6451
2610,華航,23,10,13,永全-南崁,2023-02-13,6451
2547,日勝生,11,0,11,永全-南崁,2023-02-13,6451
2834,臺企銀,20,9,11,永全-南崁,2023-02-13,6451
2637,慧洋-KY,11,1,10,永全-南崁,2023-02-13,6451
2736,富野,10,0,10,永全-南崁,2023-02-13,6451
2929,淘帝-KY,10,0,10,永全-南崁,2023-02-13,6451
3646,艾恩特,10,0,10,永全-南崁,2023-02-13,6451
5315,光聯,10,0,10,永全-南崁,2023-02-13,6451
5607,遠雄港,10,0,10,永全-南崁,2023-02-13,6451
2303,聯電,9,0,9,永全-南崁,2023-02-13,6451
5608,四維航,10,1,9,永全-南崁,2023-02-13,6451
6290,良維,14,5,9,永全-南崁,2023-02-13,6451
2618,長榮航,12,4,8,永全-南崁,2023-02-13,6451
6151,晉倫,8,0,8,永全-南崁,2023-02-13,6451
2201,裕隆,7,0,7,永全-南崁,2023-02-13,6451
6472,保瑞,7,1,6,永全-南崁,2023-02-13,6451
3289,宜特,7,1,6,永全-南崁,2023-02-13,6451
4163,鐿鈦,6,0,6,永全-南崁,2023-02-13,6451
1795,美時,12,7,5,永全-南崁,2023-02-13,6451
1342,八貫,5,0,5,永全-南崁,2023-02-13,6451
00637L,元大滬深300正2,10,5,5,永全-南崁,2023-02-13,6451
2107,厚生,5,0,5,永全-南崁,2023-02-13,6451
2468,華經,6,1,5,永全-南崁,2023-02-13,6451
2535,達欣工,5,0,5,永全-南崁,2023-02-13,6451
2539,櫻花建,5,0,5,永全-南崁,2023-02-13,6451
2607,榮運,5,0,5,永全-南崁,2023-02-13,6451
2617,台航,5,0,5,永全-南崁,2023-02-13,6451
2888,新光金,5,0,5,永全-南崁,2023-02-13,6451
3532,台勝科,6,1,5,永全-南崁,2023-02-13,6451
3587,閎康,5,0,5,永全-南崁,2023-02-13,6451
3596,智易,5,0,5,永全-南崁,2023-02-13,6451
4142,國光生,5,0,5,永全-南崁,2023-02-13,6451
4968,立積,5,0,5,永全-南崁,2023-02-13,6451
6116,彩晶,5,0,5,永全-南崁,2023-02-13,6451
6138,茂達,5,0,5,永全-南崁,2023-02-13,6451
6269,台郡,5,0,5,永全-南崁,2023-02-13,6451
6443,元晶,5,0,5,永全-南崁,2023-02-13,6451
6477,安集,5,0,5,永全-南崁,2023-02-13,6451
2465,麗臺,5,1,4,永全-南崁,2023-02-13,6451
8171,天宇,81,0,81,永全-南崁,2023-02-14,6451
5009,榮剛,72,1,71,永全-南崁,2023-02-14,6451
00673R,期元大S＆P原油反1,70,0,70,永全-南崁,2023-02-14,6451
9945,潤泰新,43,0,43,永全-南崁,2023-02-14,6451
1701,中化,31,0,31,永全-南崁,2023-02-14,6451
2312,金寶,30,0,30,永全-南崁,2023-02-14,6451
4919,新唐,28,0,28,永全-南崁,2023-02-14,6451
5457,宣德,30,3,27,永全-南崁,2023-02-14,6451
2884,玉山金,23,0,23,永全-南崁,2023-02-14,6451
3029,零壹,22,0,22,永全-南崁,2023-02-14,6451
3703,欣陸,18,0,18,永全-南崁,2023-02-14,6451
3021,鴻名,17,0,17,永全-南崁,2023-02-14,6451
1447,力鵬,28,14,14,永全-南崁,2023-02-14,6451
4114,健喬,18,4,14,永全-南崁,2023-02-14,6451
5512,力麒,14,0,14,永全-南崁,2023-02-14,6451
2201,裕隆,17,6,11,永全-南崁,2023-02-14,6451
00885,富邦越南,10,0,10,永全-南崁,2023-02-14,6451
2867,三商壽,10,0,10,永全-南崁,2023-02-14,6451
3706,神達,10,0,10,永全-南崁,2023-02-14,6451
6151,晉倫,10,0,10,永全-南崁,2023-02-14,6451
6223,旺矽,10,0,10,永全-南崁,2023-02-14,6451
1101,台泥,10,2,8,永全-南崁,2023-02-14,6451
3260,威剛,10,2,8,永全-南崁,2023-02-14,6451
6274,台燿,7,0,7,永全-南崁,2023-02-14,6451
8996,高力,14,7,7,永全-南崁,2023-02-14,6451
2108,南帝,6,0,6,永全-南崁,2023-02-14,6451
3037,欣興,10,4,6,永全-南崁,2023-02-14,6451
3094,聯傑,6,0,6,永全-南崁,2023-02-14,6451
4541,晟田,6,0,6,永全-南崁,2023-02-14,6451
6163,華電網,6,0,6,永全-南崁,2023-02-14,6451
6245,立端,7,1,6,永全-南崁,2023-02-14,6451
1312,國喬,5,0,5,永全-南崁,2023-02-14,6451
00665L,富邦�琤肭磪囓�2,10,5,5,永全-南崁,2023-02-14,6451
00683L,期元大美元指正2,10,5,5,永全-南崁,2023-02-14,6451
0050,元大台灣50,7,2,5,永全-南崁,2023-02-14,6451
00632R,元大台灣50反1,5,0,5,永全-南崁,2023-02-14,6451
1906,寶隆,5,0,5,永全-南崁,2023-02-14,6451
2471,資通,6,1,5,永全-南崁,2023-02-14,6451
2498,宏達電,6,1,5,永全-南崁,2023-02-14,6451
2881,富邦金,5,0,5,永全-南崁,2023-02-14,6451
2883,凱基金,5,0,5,永全-南崁,2023-02-14,6451
3033,威健,5,0,5,永全-南崁,2023-02-14,6451
3058,立德,5,0,5,永全-南崁,2023-02-14,6451
4931,新盛力,5,0,5,永全-南崁,2023-02-14,6451
4979,華星光,6,1,5,永全-南崁,2023-02-14,6451
5607,遠雄港,5,0,5,永全-南崁,2023-02-14,6451
6112,邁達特,5,0,5,永全-南崁,2023-02-14,6451
6150,撼訊,5,0,5,永全-南崁,2023-02-14,6451
6242,立康,5,0,5,永全-南崁,2023-02-14,6451
6546,正基,5,0,5,永全-南崁,2023-02-14,6451
1447,力鵬,148,0,148,永全-南崁,2023-02-15,6451
00878,國泰永續高股息,161,35,126,永全-南崁,2023-02-15,6451
2027,大成鋼,55,0,55,永全-南崁,2023-02-15,6451
00665L,富邦�琤肭磪囓�2,63,10,53,永全-南崁,2023-02-15,6451
2618,長榮航,43,1,42,永全-南崁,2023-02-15,6451
3231,緯創,43,4,39,永全-南崁,2023-02-15,6451
2891,中信金,42,5,37,永全-南崁,2023-02-15,6451
2317,鴻海,41,7,34,永全-南崁,2023-02-15,6451
1720,生達,30,0,30,永全-南崁,2023-02-15,6451
8234,新漢,30,0,30,永全-南崁,2023-02-15,6451
6235,華孚,33,4,29,永全-南崁,2023-02-15,6451
2330,台積電,31,6,25,永全-南崁,2023-02-15,6451
2409,友達,30,6,24,永全-南崁,2023-02-15,6451
2363,矽統,22,0,22,永全-南崁,2023-02-15,6451
4977,眾達-KY,21,0,21,永全-南崁,2023-02-15,6451
2388,威盛,46,26,20,永全-南崁,2023-02-15,6451
2867,三商壽,20,0,20,永全-南崁,2023-02-15,6451
3481,群創,27,7,20,永全-南崁,2023-02-15,6451
4532,瑞智,20,0,20,永全-南崁,2023-02-15,6451
6443,元晶,20,0,20,永全-南崁,2023-02-15,6451
3712,永崴投控,20,1,19,永全-南崁,2023-02-15,6451
00679B,元大美債20年,15,0,15,永全-南崁,2023-02-15,6451
2329,華泰,15,0,15,永全-南崁,2023-02-15,6451
9904,寶成,15,0,15,永全-南崁,2023-02-15,6451
2884,玉山金,13,0,13,永全-南崁,2023-02-15,6451
2303,聯電,13,1,12,永全-南崁,2023-02-15,6451
3438,類比科,12,0,12,永全-南崁,2023-02-15,6451
0056,元大高股息,13,2,11,永全-南崁,2023-02-15,6451
00895,富邦未來車,10,0,10,永全-南崁,2023-02-15,6451
2328,廣宇,10,0,10,永全-南崁,2023-02-15,6451
2332,友訊,10,0,10,永全-南崁,2023-02-15,6451
2355,敬鵬,10,0,10,永全-南崁,2023-02-15,6451
3029,零壹,10,0,10,永全-南崁,2023-02-15,6451
3508,位速,10,0,10,永全-南崁,2023-02-15,6451
3706,神達,10,0,10,永全-南崁,2023-02-15,6451
4167,松瑞藥,10,0,10,永全-南崁,2023-02-15,6451
6412,群電,10,0,10,永全-南崁,2023-02-15,6451
8940,新天地,10,0,10,永全-南崁,2023-02-15,6451
3022,威強電,10,1,9,永全-南崁,2023-02-15,6451
3221,台嘉碩,11,2,9,永全-南崁,2023-02-15,6451
3664,安瑞-KY,9,0,9,永全-南崁,2023-02-15,6451
1101,台泥,10,2,8,永全-南崁,2023-02-15,6451
4541,晟田,8,0,8,永全-南崁,2023-02-15,6451
5347,世界,14,6,8,永全-南崁,2023-02-15,6451
1609,大亞,12,5,7,永全-南崁,2023-02-15,6451
6541,泰福-KY,7,0,7,永全-南崁,2023-02-15,6451
8033,雷虎,8,1,7,永全-南崁,2023-02-15,6451
2603,長榮,6,0,6,永全-南崁,2023-02-15,6451
3653,健策,7,1,6,永全-南崁,2023-02-15,6451
8069,元太,10,4,6,永全-南崁,2023-02-15,6451
8171,天宇,111,11,100,永全-南崁,2023-02-16,6451
00673R,期元大S＆P原油反1,70,0,70,永全-南崁,2023-02-16,6451
6235,華孚,81,14,67,永全-南崁,2023-02-16,6451
2471,資通,58,0,58,永全-南崁,2023-02-16,6451
4532,瑞智,50,0,50,永全-南崁,2023-02-16,6451
00713,元大台灣高息低波,50,1,49,永全-南崁,2023-02-16,6451
3665,貿聯-KY,50,3,47,永全-南崁,2023-02-16,6451
2027,大成鋼,30,0,30,永全-南崁,2023-02-16,6451
1609,大亞,32,4,28,永全-南崁,2023-02-16,6451
2497,怡利電,25,1,24,永全-南崁,2023-02-16,6451
00715L,期街口布蘭特正2,20,0,20,永全-南崁,2023-02-16,6451
4102,永日,20,0,20,永全-南崁,2023-02-16,6451
6005,群益證,20,0,20,永全-南崁,2023-02-16,6451
3037,欣興,33,16,17,永全-南崁,2023-02-16,6451
3189,景碩,13,1,12,永全-南崁,2023-02-16,6451
8940,新天地,12,0,12,永全-南崁,2023-02-16,6451
2421,建準,11,0,11,永全-南崁,2023-02-16,6451
00902,中信電池及儲能,10,0,10,永全-南崁,2023-02-16,6451
1447,力鵬,10,0,10,永全-南崁,2023-02-16,6451
3310,佳穎,10,0,10,永全-南崁,2023-02-16,6451
4904,遠傳,10,0,10,永全-南崁,2023-02-16,6451
4906,正文,10,0,10,永全-南崁,2023-02-16,6451
6770,力積電,10,0,10,永全-南崁,2023-02-16,6451
8076,伍豐,10,0,10,永全-南崁,2023-02-16,6451
1503,士電,11,2,9,永全-南崁,2023-02-16,6451
2468,華經,9,0,9,永全-南崁,2023-02-16,6451
4942,嘉彰,10,1,9,永全-南崁,2023-02-16,6451
4529,淳紳,8,0,8,永全-南崁,2023-02-16,6451
1560,中砂,9,2,7,永全-南崁,2023-02-16,6451
3092,鴻碩,7,0,7,永全-南崁,2023-02-16,6451
3094,聯傑,7,0,7,永全-南崁,2023-02-16,6451
6443,元晶,21,14,7,永全-南崁,2023-02-16,6451
2743,山富,10,4,6,永全-南崁,2023-02-16,6451
3105,穩懋,6,0,6,永全-南崁,2023-02-16,6451
6129,普誠,6,0,6,永全-南崁,2023-02-16,6451
00770,國泰北美科技,5,0,5,永全-南崁,2023-02-16,6451
00679B,元大美債20年,5,0,5,永全-南崁,2023-02-16,6451
2022,聚亨,5,0,5,永全-南崁,2023-02-16,6451
2312,金寶,5,0,5,永全-南崁,2023-02-16,6451
2465,麗臺,5,0,5,永全-南崁,2023-02-16,6451
2606,裕民,5,0,5,永全-南崁,2023-02-16,6451
2801,彰銀,5,0,5,永全-南崁,2023-02-16,6451
2897,王道銀行,5,0,5,永全-南崁,2023-02-16,6451
3057,喬鼎,5,0,5,永全-南崁,2023-02-16,6451
3152,璟德,15,10,5,永全-南崁,2023-02-16,6451
3441,聯一光,5,0,5,永全-南崁,2023-02-16,6451
4536,拓凱,5,0,5,永全-南崁,2023-02-16,6451
6266,泰詠,12,7,5,永全-南崁,2023-02-16,6451
2206,三陽工業,6,2,4,永全-南崁,2023-02-16,6451
2337,旺宏,4,0,4,永全-南崁,2023-02-16,6451
2610,華航,149,32,117,永全-南崁,2023-02-17,6451
2455,全新,106,6,100,永全-南崁,2023-02-17,6451
2618,長榮航,82,24,58,永全-南崁,2023-02-17,6451
2489,瑞軒,40,0,40,永全-南崁,2023-02-17,6451
00878,國泰永續高股息,37,0,37,永全-南崁,2023-02-17,6451
2027,大成鋼,37,0,37,永全-南崁,2023-02-17,6451
3209,全科,35,0,35,永全-南崁,2023-02-17,6451
2344,華邦電,35,1,34,永全-南崁,2023-02-17,6451
2615,萬海,31,0,31,永全-南崁,2023-02-17,6451
2243,宏旭-KY,30,0,30,永全-南崁,2023-02-17,6451
4532,瑞智,20,0,20,永全-南崁,2023-02-17,6451
00893,國泰智能電動車,16,0,16,永全-南崁,2023-02-17,6451
00650L,復華香港正2,15,0,15,永全-南崁,2023-02-17,6451
00753L,中信中國50正2,15,0,15,永全-南崁,2023-02-17,6451
2539,櫻花建,15,0,15,永全-南崁,2023-02-17,6451
3027,盛達,16,1,15,永全-南崁,2023-02-17,6451
5425,台半,38,23,15,永全-南崁,2023-02-17,6451
8069,元太,19,4,15,永全-南崁,2023-02-17,6451
2609,陽明,15,1,14,永全-南崁,2023-02-17,6451
6625,必應,13,0,13,永全-南崁,2023-02-17,6451
2236,百達-KY,12,0,12,永全-南崁,2023-02-17,6451
2486,一詮,12,0,12,永全-南崁,2023-02-17,6451
00713,元大台灣高息低波,11,0,11,永全-南崁,2023-02-17,6451
2468,華經,11,0,11,永全-南崁,2023-02-17,6451
5351,鈺創,11,0,11,永全-南崁,2023-02-17,6451
6443,元晶,15,4,11,永全-南崁,2023-02-17,6451
2201,裕隆,25,15,10,永全-南崁,2023-02-17,6451
00665L,富邦�琤肭磪囓�2,10,0,10,永全-南崁,2023-02-17,6451
0056,元大高股息,15,5,10,永全-南崁,2023-02-17,6451
2349,錸德,10,0,10,永全-南崁,2023-02-17,6451
2867,三商壽,10,0,10,永全-南崁,2023-02-17,6451
3310,佳穎,10,0,10,永全-南崁,2023-02-17,6451
4164,承業醫,10,0,10,永全-南崁,2023-02-17,6451
6120,達運,10,0,10,永全-南崁,2023-02-17,6451
6269,台郡,10,0,10,永全-南崁,2023-02-17,6451
00772B,中信高評級公司債,9,0,9,永全-南崁,2023-02-17,6451
3105,穩懋,13,4,9,永全-南崁,2023-02-17,6451
3665,貿聯-KY,8,0,8,永全-南崁,2023-02-17,6451
3092,鴻碩,8,0,8,永全-南崁,2023-02-17,6451
2603,長榮,7,0,7,永全-南崁,2023-02-17,6451
1514,亞力,22,15,7,永全-南崁,2023-02-17,6451
4927,泰鼎-KY,8,1,7,永全-南崁,2023-02-17,6451
5604,中連,7,0,7,永全-南崁,2023-02-17,6451
2330,台積電,7,0,7,永全-南崁,2023-02-17,6451
00902,中信電池及儲能,5,0,5,永全-南崁,2023-02-17,6451
00680L,元大美債20正2,5,0,5,永全-南崁,2023-02-17,6451
2013,中鋼構,5,0,5,永全-南崁,2023-02-17,6451
2374,佳能,5,0,5,永全-南崁,2023-02-17,6451
2497,怡利電,5,0,5,永全-南崁,2023-02-17,6451
2887,台新金,5,0,5,永全-南崁,2023-02-17,6451
2455,全新,88,0,88,永全-南崁,2023-02-20,6451
2618,長榮航,126,51,75,永全-南崁,2023-02-20,6451
4532,瑞智,50,1,49,永全-南崁,2023-02-20,6451
2492,華新科,42,1,41,永全-南崁,2023-02-20,6451
3673,TPK-KY,40,0,40,永全-南崁,2023-02-20,6451
2323,中環,35,0,35,永全-南崁,2023-02-20,6451
2615,萬海,35,5,30,永全-南崁,2023-02-20,6451
6269,台郡,29,0,29,永全-南崁,2023-02-20,6451
2610,華航,176,150,26,永全-南崁,2023-02-20,6451
00632R,元大台灣50反1,20,0,20,永全-南崁,2023-02-20,6451
3037,欣興,31,12,19,永全-南崁,2023-02-20,6451
4126,太醫,18,0,18,永全-南崁,2023-02-20,6451
4526,東台,16,0,16,永全-南崁,2023-02-20,6451
1533,車王電,15,0,15,永全-南崁,2023-02-20,6451
1101,台泥,17,2,15,永全-南崁,2023-02-20,6451
3264,欣銓,15,0,15,永全-南崁,2023-02-20,6451
2009,第一銅,13,0,13,永全-南崁,2023-02-20,6451
3189,景碩,13,0,13,永全-南崁,2023-02-20,6451
1432,大魯閣,12,0,12,永全-南崁,2023-02-20,6451
6245,立端,14,3,11,永全-南崁,2023-02-20,6451
1514,亞力,20,10,10,永全-南崁,2023-02-20,6451
1108,幸福,10,0,10,永全-南崁,2023-02-20,6451
00715L,期街口布蘭特正2,10,0,10,永全-南崁,2023-02-20,6451
2337,旺宏,10,0,10,永全-南崁,2023-02-20,6451
2884,玉山金,10,0,10,永全-南崁,2023-02-20,6451
3062,建漢,10,0,10,永全-南崁,2023-02-20,6451
3703,欣陸,10,0,10,永全-南崁,2023-02-20,6451
4564,元翎,10,0,10,永全-南崁,2023-02-20,6451
6263,普萊德,10,0,10,永全-南崁,2023-02-20,6451
3526,凡甲,9,0,9,永全-南崁,2023-02-20,6451
3552,同致,11,2,9,永全-南崁,2023-02-20,6451
4927,泰鼎-KY,9,0,9,永全-南崁,2023-02-20,6451
2104,國際中橡,10,2,8,永全-南崁,2023-02-20,6451
6541,泰福-KY,8,0,8,永全-南崁,2023-02-20,6451
2206,三陽工業,7,0,7,永全-南崁,2023-02-20,6451
2453,凌群,9,2,7,永全-南崁,2023-02-20,6451
2457,飛宏,13,6,7,永全-南崁,2023-02-20,6451
2915,潤泰全,7,0,7,永全-南崁,2023-02-20,6451
3081,聯亞,7,0,7,永全-南崁,2023-02-20,6451
3141,晶宏,7,0,7,永全-南崁,2023-02-20,6451
6603,富強鑫,7,0,7,永全-南崁,2023-02-20,6451
1795,美時,8,2,6,永全-南崁,2023-02-20,6451
2634,漢翔,38,32,6,永全-南崁,2023-02-20,6451
3501,維熹,6,0,6,永全-南崁,2023-02-20,6451
5530,龍巖,6,0,6,永全-南崁,2023-02-20,6451
6111,大宇資,6,0,6,永全-南崁,2023-02-20,6451
6781,AES-KY,6,0,6,永全-南崁,2023-02-20,6451
9904,寶成,6,0,6,永全-南崁,2023-02-20,6451
00637L,元大滬深300正2,5,0,5,永全-南崁,2023-02-20,6451
00683L,期元大美元指正2,5,0,5,永全-南崁,2023-02-20,6451
6005,群益證,80,0,80,永全-南崁,2023-02-21,6451
3037,欣興,67,2,65,永全-南崁,2023-02-21,6451
2618,長榮航,61,1,60,永全-南崁,2023-02-21,6451
1589,永冠-KY,50,0,50,永全-南崁,2023-02-21,6451
2031,新光鋼,50,0,50,永全-南崁,2023-02-21,6451
2634,漢翔,48,1,47,永全-南崁,2023-02-21,6451
3665,貿聯-KY,46,0,46,永全-南崁,2023-02-21,6451
3481,群創,133,102,31,永全-南崁,2023-02-21,6451
3652,精聯,23,0,23,永全-南崁,2023-02-21,6451
2492,華新科,22,2,20,永全-南崁,2023-02-21,6451
2002,中鋼,22,5,17,永全-南崁,2023-02-21,6451
6111,大宇資,17,0,17,永全-南崁,2023-02-21,6451
2354,鴻準,16,0,16,永全-南崁,2023-02-21,6451
1437,勤益控,15,0,15,永全-南崁,2023-02-21,6451
3234,光環,15,0,15,永全-南崁,2023-02-21,6451
8105,凌巨,15,0,15,永全-南崁,2023-02-21,6451
2367,燿華,12,0,12,永全-南崁,2023-02-21,6451
1783,和康生,12,1,11,永全-南崁,2023-02-21,6451
1444,力麗,10,0,10,永全-南崁,2023-02-21,6451
00715L,期街口布蘭特正2,10,0,10,永全-南崁,2023-02-21,6451
2421,建準,10,0,10,永全-南崁,2023-02-21,6451
3710,連展投控,10,0,10,永全-南崁,2023-02-21,6451
5425,台半,10,0,10,永全-南崁,2023-02-21,6451
6263,普萊德,10,0,10,永全-南崁,2023-02-21,6451
8234,新漢,10,0,10,永全-南崁,2023-02-21,6451
00882,中信中國高股息,9,0,9,永全-南崁,2023-02-21,6451
6104,創惟,11,2,9,永全-南崁,2023-02-21,6451
00902,中信電池及儲能,8,0,8,永全-南崁,2023-02-21,6451
4128,中天,8,0,8,永全-南崁,2023-02-21,6451
4726,永昕,8,0,8,永全-南崁,2023-02-21,6451
1533,車王電,7,0,7,永全-南崁,2023-02-21,6451
1101,台泥,9,2,7,永全-南崁,2023-02-21,6451
1215,卜蜂,7,0,7,永全-南崁,2023-02-21,6451
2882,國泰金,7,0,7,永全-南崁,2023-02-21,6451
4529,淳紳,7,0,7,永全-南崁,2023-02-21,6451
6642,富致,7,0,7,永全-南崁,2023-02-21,6451
1524,耿鼎,6,0,6,永全-南崁,2023-02-21,6451
2885,元大金,6,0,6,永全-南崁,2023-02-21,6451
4126,太醫,6,0,6,永全-南崁,2023-02-21,6451
4564,元翎,11,5,6,永全-南崁,2023-02-21,6451
5371,中光電,10,4,6,永全-南崁,2023-02-21,6451
6235,華孚,19,13,6,永全-南崁,2023-02-21,6451
8222,寶一,9,3,6,永全-南崁,2023-02-21,6451
00665L,富邦�琤肭磪囓�2,5,0,5,永全-南崁,2023-02-21,6451
00650L,復華香港正2,5,0,5,永全-南崁,2023-02-21,6451
00633L,富邦上証正2,7,2,5,永全-南崁,2023-02-21,6451
2027,大成鋼,5,0,5,永全-南崁,2023-02-21,6451
2108,南帝,5,0,5,永全-南崁,2023-02-21,6451
2360,致茂,6,1,5,永全-南崁,2023-02-21,6451
2392,正崴,5,0,5,永全-南崁,2023-02-21,6451
2455,全新,190,0,190,永全-南崁,2023-02-22,6451
3665,貿聯-KY,131,0,131,永全-南崁,2023-02-22,6451
2615,萬海,73,18,55,永全-南崁,2023-02-22,6451
8033,雷虎,57,4,53,永全-南崁,2023-02-22,6451
2845,遠東銀,51,0,51,永全-南崁,2023-02-22,6451
00878,國泰永續高股息,49,0,49,永全-南崁,2023-02-22,6451
3037,欣興,51,8,43,永全-南崁,2023-02-22,6451
1101,台泥,39,0,39,永全-南崁,2023-02-22,6451
1513,中興電,43,9,34,永全-南崁,2023-02-22,6451
8183,精星,29,0,29,永全-南崁,2023-02-22,6451
2413,環科,26,0,26,永全-南崁,2023-02-22,6451
6111,大宇資,26,0,26,永全-南崁,2023-02-22,6451
6182,合晶,25,0,25,永全-南崁,2023-02-22,6451
2884,玉山金,20,0,20,永全-南崁,2023-02-22,6451
3059,華晶科,20,0,20,永全-南崁,2023-02-22,6451
3673,TPK-KY,20,0,20,永全-南崁,2023-02-22,6451
2344,華邦電,20,1,19,永全-南崁,2023-02-22,6451
2610,華航,20,3,17,永全-南崁,2023-02-22,6451
3141,晶宏,16,0,16,永全-南崁,2023-02-22,6451
4167,松瑞藥,15,0,15,永全-南崁,2023-02-22,6451
6116,彩晶,15,0,15,永全-南崁,2023-02-22,6451
6418,詠昇,13,0,13,永全-南崁,2023-02-22,6451
1605,華新,24,11,13,永全-南崁,2023-02-22,6451
2618,長榮航,53,41,12,永全-南崁,2023-02-22,6451
1103,嘉泥,11,0,11,永全-南崁,2023-02-22,6451
3105,穩懋,11,0,11,永全-南崁,2023-02-22,6451
3207,耀勝,12,1,11,永全-南崁,2023-02-22,6451
2330,台積電,11,0,11,永全-南崁,2023-02-22,6451
2002,中鋼,10,0,10,永全-南崁,2023-02-22,6451
1437,勤益控,10,0,10,永全-南崁,2023-02-22,6451
1447,力鵬,10,0,10,永全-南崁,2023-02-22,6451
2313,華通,10,0,10,永全-南崁,2023-02-22,6451
2867,三商壽,10,0,10,永全-南崁,2023-02-22,6451
3231,緯創,10,0,10,永全-南崁,2023-02-22,6451
6005,群益證,10,0,10,永全-南崁,2023-02-22,6451
6582,申豐,10,0,10,永全-南崁,2023-02-22,6451
6706,惠特,10,0,10,永全-南崁,2023-02-22,6451
8050,廣積,12,2,10,永全-南崁,2023-02-22,6451
8072,陞泰,10,0,10,永全-南崁,2023-02-22,6451
2812,台中銀,10,1,9,永全-南崁,2023-02-22,6451
4128,中天,10,1,9,永全-南崁,2023-02-22,6451
1519,華城,28,19,9,永全-南崁,2023-02-22,6451
2882,國泰金,8,0,8,永全-南崁,2023-02-22,6451
2883,凱基金,8,0,8,永全-南崁,2023-02-22,6451
2887,台新金,10,2,8,永全-南崁,2023-02-22,6451
4979,華星光,9,1,8,永全-南崁,2023-02-22,6451
1524,耿鼎,7,0,7,永全-南崁,2023-02-22,6451
0056,元大高股息,7,0,7,永全-南崁,2023-02-22,6451
2736,富野,15,8,7,永全-南崁,2023-02-22,6451
3094,聯傑,10,3,7,永全-南崁,2023-02-22,6451
3481,群創,284,116,168,永全-南崁,2023-02-23,6451
0056,元大高股息,119,16,103,永全-南崁,2023-02-23,6451
5009,榮剛,67,0,67,永全-南崁,2023-02-23,6451
2634,漢翔,51,3,48,永全-南崁,2023-02-23,6451
2404,漢唐,35,0,35,永全-南崁,2023-02-23,6451
00885,富邦越南,25,0,25,永全-南崁,2023-02-23,6451
2610,華航,35,10,25,永全-南崁,2023-02-23,6451
1810,和成,44,22,22,永全-南崁,2023-02-23,6451
2303,聯電,81,59,22,永全-南崁,2023-02-23,6451
2409,友達,25,4,21,永全-南崁,2023-02-23,6451
2243,宏旭-KY,20,0,20,永全-南崁,2023-02-23,6451
2705,六福,20,0,20,永全-南崁,2023-02-23,6451
3535,晶彩科,20,0,20,永全-南崁,2023-02-23,6451
8401,白紗科,20,0,20,永全-南崁,2023-02-23,6451
2449,京元電子,17,0,17,永全-南崁,2023-02-23,6451
00893,國泰智能電動車,15,0,15,永全-南崁,2023-02-23,6451
2618,長榮航,44,31,13,永全-南崁,2023-02-23,6451
00878,國泰永續高股息,11,0,11,永全-南崁,2023-02-23,6451
4977,眾達-KY,11,0,11,永全-南崁,2023-02-23,6451
6263,普萊德,11,0,11,永全-南崁,2023-02-23,6451
1513,中興電,38,27,11,永全-南崁,2023-02-23,6451
00632R,元大台灣50反1,10,0,10,永全-南崁,2023-02-23,6451
3710,連展投控,10,0,10,永全-南崁,2023-02-23,6451
4536,拓凱,10,0,10,永全-南崁,2023-02-23,6451
5315,光聯,10,0,10,永全-南崁,2023-02-23,6451
6111,大宇資,10,0,10,永全-南崁,2023-02-23,6451
6167,久正,10,0,10,永全-南崁,2023-02-23,6451
2887,台新金,10,0,10,永全-南崁,2023-02-23,6451
1783,和康生,9,0,9,永全-南崁,2023-02-23,6451
2354,鴻準,11,2,9,永全-南崁,2023-02-23,6451
00642U,期元大S＆P石油,7,0,7,永全-南崁,2023-02-23,6451
2702,華園,7,0,7,永全-南崁,2023-02-23,6451
1443,立益物流,6,0,6,永全-南崁,2023-02-23,6451
2743,山富,7,1,6,永全-南崁,2023-02-23,6451
3041,揚智,6,0,6,永全-南崁,2023-02-23,6451
4529,淳紳,6,0,6,永全-南崁,2023-02-23,6451
4958,臻鼎-KY,6,0,6,永全-南崁,2023-02-23,6451
8420,明揚,6,0,6,永全-南崁,2023-02-23,6451
8996,高力,11,5,6,永全-南崁,2023-02-23,6451
2886,兆豐金,5,0,5,永全-南崁,2023-02-23,6451
1515,力山,5,0,5,永全-南崁,2023-02-23,6451
00919,群益台灣精選高息,5,0,5,永全-南崁,2023-02-23,6451
2704,國賓,31,26,5,永全-南崁,2023-02-23,6451
3022,威強電,7,2,5,永全-南崁,2023-02-23,6451
3338,泰碩,5,0,5,永全-南崁,2023-02-23,6451
3441,聯一光,8,3,5,永全-南崁,2023-02-23,6451
3587,閎康,5,0,5,永全-南崁,2023-02-23,6451
4755,三福化,5,0,5,永全-南崁,2023-02-23,6451
4931,新盛力,5,0,5,永全-南崁,2023-02-23,6451
6182,合晶,5,0,5,永全-南崁,2023-02-23,6451
2641,正德,132,0,132,永全-南崁,2023-02-24,6451
2498,宏達電,85,21,64,永全-南崁,2023-02-24,6451
3056,富華新,60,0,60,永全-南崁,2023-02-24,6451
4915,致伸,50,0,50,永全-南崁,2023-02-24,6451
00642U,期元大S＆P石油,50,0,50,永全-南崁,2023-02-24,6451
2344,華邦電,51,1,50,永全-南崁,2023-02-24,6451
8046,南電,44,2,42,永全-南崁,2023-02-24,6451
3037,欣興,50,9,41,永全-南崁,2023-02-24,6451
2455,全新,40,0,40,永全-南崁,2023-02-24,6451
3703,欣陸,40,5,35,永全-南崁,2023-02-24,6451
2425,承啟,32,0,32,永全-南崁,2023-02-24,6451
2887,台新金,32,0,32,永全-南崁,2023-02-24,6451
3664,安瑞-KY,30,0,30,永全-南崁,2023-02-24,6451
8401,白紗科,30,0,30,永全-南崁,2023-02-24,6451
1447,力鵬,30,1,29,永全-南崁,2023-02-24,6451
2405,輔信,26,0,26,永全-南崁,2023-02-24,6451
3049,精金,26,0,26,永全-南崁,2023-02-24,6451
2618,長榮航,50,25,25,永全-南崁,2023-02-24,6451
8222,寶一,31,6,25,永全-南崁,2023-02-24,6451
2883,凱基金,22,0,22,永全-南崁,2023-02-24,6451
5258,虹堡,28,6,22,永全-南崁,2023-02-24,6451
6116,彩晶,19,0,19,永全-南崁,2023-02-24,6451
2474,可成,16,0,16,永全-南崁,2023-02-24,6451
4968,立積,16,0,16,永全-南崁,2023-02-24,6451
4128,中天,15,0,15,永全-南崁,2023-02-24,6451
4931,新盛力,15,0,15,永全-南崁,2023-02-24,6451
6111,大宇資,15,0,15,永全-南崁,2023-02-24,6451
5009,榮剛,13,0,13,永全-南崁,2023-02-24,6451
2615,萬海,18,5,13,永全-南崁,2023-02-24,6451
3141,晶宏,13,0,13,永全-南崁,2023-02-24,6451
2634,漢翔,12,0,12,永全-南崁,2023-02-24,6451
3059,華晶科,12,0,12,永全-南崁,2023-02-24,6451
5512,力麒,17,5,12,永全-南崁,2023-02-24,6451
6109,亞元,12,0,12,永全-南崁,2023-02-24,6451
2337,旺宏,11,0,11,永全-南崁,2023-02-24,6451
6770,力積電,11,0,11,永全-南崁,2023-02-24,6451
1442,名軒,10,0,10,永全-南崁,2023-02-24,6451
1789,神隆,10,0,10,永全-南崁,2023-02-24,6451
2208,台船,10,0,10,永全-南崁,2023-02-24,6451
3441,聯一光,10,0,10,永全-南崁,2023-02-24,6451
4109,加捷生醫,10,0,10,永全-南崁,2023-02-24,6451
6143,振曜,10,0,10,永全-南崁,2023-02-24,6451
6531,愛普*,12,2,10,永全-南崁,2023-02-24,6451
9935,慶豐富,10,0,10,永全-南崁,2023-02-24,6451
1432,大魯閣,9,0,9,永全-南崁,2023-02-24,6451
1101,台泥,10,1,9,永全-南崁,2023-02-24,6451
6411,晶焱,9,0,9,永全-南崁,2023-02-24,6451
2014,中鴻,8,0,8,永全-南崁,2023-02-24,6451
4137,麗豐-KY,8,0,8,永全-南崁,2023-02-24,6451
8033,雷虎,10,2,8,永全-南崁,2023-02-24,6451
2601,益航,500,11,489,永全-南崁,2023-03-01,6451
2330,台積電,302,7,295,永全-南崁,2023-03-01,6451
3703,欣陸,208,2,206,永全-南崁,2023-03-01,6451
2455,全新,110,0,110,永全-南崁,2023-03-01,6451
00878,國泰永續高股息,130,32,98,永全-南崁,2023-03-01,6451
1605,華新,90,15,75,永全-南崁,2023-03-01,6451
00665L,富邦�琤肭磪囓�2,67,0,67,永全-南崁,2023-03-01,6451
00673R,期元大S＆P原油反1,60,0,60,永全-南崁,2023-03-01,6451
2892,第一金,51,0,51,永全-南崁,2023-03-01,6451
2615,萬海,59,10,49,永全-南崁,2023-03-01,6451
1514,亞力,41,0,41,永全-南崁,2023-03-01,6451
1101,台泥,40,0,40,永全-南崁,2023-03-01,6451
2243,宏旭-KY,54,15,39,永全-南崁,2023-03-01,6451
1789,神隆,38,0,38,永全-南崁,2023-03-01,6451
6120,達運,30,0,30,永全-南崁,2023-03-01,6451
2618,長榮航,35,7,28,永全-南崁,2023-03-01,6451
3051,力特,22,0,22,永全-南崁,2023-03-01,6451
2313,華通,21,0,21,永全-南崁,2023-03-01,6451
1305,華夏,20,0,20,永全-南崁,2023-03-01,6451
3362,先進光,24,4,20,永全-南崁,2023-03-01,6451
3706,神達,15,0,15,永全-南崁,2023-03-01,6451
5464,霖宏,20,5,15,永全-南崁,2023-03-01,6451
8171,天宇,20,5,15,永全-南崁,2023-03-01,6451
2610,華航,17,4,13,永全-南崁,2023-03-01,6451
3059,華晶科,13,0,13,永全-南崁,2023-03-01,6451
3481,群創,113,101,12,永全-南崁,2023-03-01,6451
2317,鴻海,15,3,12,永全-南崁,2023-03-01,6451
2882,國泰金,14,2,12,永全-南崁,2023-03-01,6451
2355,敬鵬,11,0,11,永全-南崁,2023-03-01,6451
2887,台新金,11,0,11,永全-南崁,2023-03-01,6451
2891,中信金,16,5,11,永全-南崁,2023-03-01,6451
4931,新盛力,11,0,11,永全-南崁,2023-03-01,6451
6770,力積電,11,0,11,永全-南崁,2023-03-01,6451
0056,元大高股息,10,0,10,永全-南崁,2023-03-01,6451
2449,京元電子,12,2,10,永全-南崁,2023-03-01,6451
6148,驊宏資,10,0,10,永全-南崁,2023-03-01,6451
6163,華電網,10,0,10,永全-南崁,2023-03-01,6451
6216,居易,10,0,10,永全-南崁,2023-03-01,6451
6266,泰詠,14,4,10,永全-南崁,2023-03-01,6451
6589,台康生技,10,0,10,永全-南崁,2023-03-01,6451
8021,尖點,10,0,10,永全-南崁,2023-03-01,6451
2002,中鋼,9,0,9,永全-南崁,2023-03-01,6451
2409,友達,10,1,9,永全-南崁,2023-03-01,6451
4743,合一,10,1,9,永全-南崁,2023-03-01,6451
6118,建達,10,1,9,永全-南崁,2023-03-01,6451
6129,普誠,9,0,9,永全-南崁,2023-03-01,6451
2609,陽明,8,0,8,永全-南崁,2023-03-01,6451
2480,敦陽科,8,0,8,永全-南崁,2023-03-01,6451
6263,普萊德,8,0,8,永全-南崁,2023-03-01,6451
4906,正文,7,0,7,永全-南崁,2023-03-01,6451
3481,群創,303,3,300,永全-南崁,2023-03-02,6451
0056,元大高股息,123,2,121,永全-南崁,2023-03-02,6451
00712,復華富時不動產,107,0,107,永全-南崁,2023-03-02,6451
00878,國泰永續高股息,105,0,105,永全-南崁,2023-03-02,6451
4915,致伸,72,5,67,永全-南崁,2023-03-02,6451
8112,至上,67,0,67,永全-南崁,2023-03-02,6451
00632R,元大台灣50反1,84,20,64,永全-南崁,2023-03-02,6451
2605,新興,73,16,57,永全-南崁,2023-03-02,6451
8088,品安,51,0,51,永全-南崁,2023-03-02,6451
6005,群益證,50,0,50,永全-南崁,2023-03-02,6451
2641,正德,70,22,48,永全-南崁,2023-03-02,6451
3056,富華新,40,0,40,永全-南崁,2023-03-02,6451
3673,TPK-KY,40,0,40,永全-南崁,2023-03-02,6451
6266,泰詠,45,6,39,永全-南崁,2023-03-02,6451
2409,友達,34,0,34,永全-南崁,2023-03-02,6451
2201,裕隆,46,13,33,永全-南崁,2023-03-02,6451
5512,力麒,34,4,30,永全-南崁,2023-03-02,6451
2601,益航,38,11,27,永全-南崁,2023-03-02,6451
1711,永光,26,0,26,永全-南崁,2023-03-02,6451
2388,威盛,26,0,26,永全-南崁,2023-03-02,6451
9907,統一實,23,1,22,永全-南崁,2023-03-02,6451
1721,三晃,20,0,20,永全-南崁,2023-03-02,6451
2888,新光金,20,0,20,永全-南崁,2023-03-02,6451
2891,中信金,25,5,20,永全-南崁,2023-03-02,6451
2359,所羅門,18,4,14,永全-南崁,2023-03-02,6451
6578,達邦蛋白,17,3,14,永全-南崁,2023-03-02,6451
1605,華新,31,18,13,永全-南崁,2023-03-02,6451
2498,宏達電,16,3,13,永全-南崁,2023-03-02,6451
2887,台新金,13,0,13,永全-南崁,2023-03-02,6451
4931,新盛力,13,0,13,永全-南崁,2023-03-02,6451
2482,連宇,13,2,11,永全-南崁,2023-03-02,6451
2337,旺宏,10,0,10,永全-南崁,2023-03-02,6451
2436,偉詮電,10,0,10,永全-南崁,2023-03-02,6451
3013,晟銘電,10,0,10,永全-南崁,2023-03-02,6451
6285,啟��,10,0,10,永全-南崁,2023-03-02,6451
8150,南茂,10,0,10,永全-南崁,2023-03-02,6451
2454,聯發科,9,0,9,永全-南崁,2023-03-02,6451
3703,欣陸,17,8,9,永全-南崁,2023-03-02,6451
3049,精金,8,0,8,永全-南崁,2023-03-02,6451
3707,漢磊,8,0,8,永全-南崁,2023-03-02,6451
4952,凌通,10,2,8,永全-南崁,2023-03-02,6451
6163,華電網,8,0,8,永全-南崁,2023-03-02,6451
2886,兆豐金,7,0,7,永全-南崁,2023-03-02,6451
6806,森崴能源,7,0,7,永全-南崁,2023-03-02,6451
2603,長榮,13,6,7,永全-南崁,2023-03-02,6451
00772B,中信高評級公司債,6,0,6,永全-南崁,2023-03-02,6451
3016,嘉晶,6,0,6,永全-南崁,2023-03-02,6451
6829,千附精密,6,0,6,永全-南崁,2023-03-02,6451
2618,長榮航,12,6,6,永全-南崁,2023-03-02,6451
5289,宜鼎,5,0,5,永全-南崁,2023-03-02,6451
4915,致伸,175,0,175,永全-南崁,2023-03-03,6451
5425,台半,86,4,82,永全-南崁,2023-03-03,6451
2371,大同,77,0,77,永全-南崁,2023-03-03,6451
00673R,期元大S＆P原油反1,50,0,50,永全-南崁,2023-03-03,6451
6142,友勁,50,0,50,永全-南崁,2023-03-03,6451
1101,台泥,44,0,44,永全-南崁,2023-03-03,6451
3027,盛達,59,20,39,永全-南崁,2023-03-03,6451
8421,旭源,38,0,38,永全-南崁,2023-03-03,6451
2616,山隆,30,0,30,永全-南崁,2023-03-03,6451
5315,光聯,30,0,30,永全-南崁,2023-03-03,6451
2388,威盛,47,21,26,永全-南崁,2023-03-03,6451
2439,美律,25,0,25,永全-南崁,2023-03-03,6451
5258,虹堡,32,8,24,永全-南崁,2023-03-03,6451
1522,堤維西,20,0,20,永全-南崁,2023-03-03,6451
2641,正德,28,8,20,永全-南崁,2023-03-03,6451
3048,益登,20,0,20,永全-南崁,2023-03-03,6451
1605,華新,24,5,19,永全-南崁,2023-03-03,6451
1711,永光,16,0,16,永全-南崁,2023-03-03,6451
8112,至上,101,85,16,永全-南崁,2023-03-03,6451
2368,金像電,15,0,15,永全-南崁,2023-03-03,6451
3105,穩懋,13,0,13,永全-南崁,2023-03-03,6451
6235,華孚,31,18,13,永全-南崁,2023-03-03,6451
2885,元大金,12,0,12,永全-南崁,2023-03-03,6451
2498,宏達電,16,5,11,永全-南崁,2023-03-03,6451
3346,麗清,11,0,11,永全-南崁,2023-03-03,6451
3707,漢磊,15,4,11,永全-南崁,2023-03-03,6451
4747,強生,37,26,11,永全-南崁,2023-03-03,6451
2891,中信金,10,0,10,永全-南崁,2023-03-03,6451
00893,國泰智能電動車,10,0,10,永全-南崁,2023-03-03,6451
2633,台灣高鐵,10,0,10,永全-南崁,2023-03-03,6451
3221,台嘉碩,10,0,10,永全-南崁,2023-03-03,6451
6196,帆宣,10,0,10,永全-南崁,2023-03-03,6451
1513,中興電,9,0,9,永全-南崁,2023-03-03,6451
4114,健喬,19,10,9,永全-南崁,2023-03-03,6451
2328,廣宇,8,0,8,永全-南崁,2023-03-03,6451
2601,益航,8,0,8,永全-南崁,2023-03-03,6451
6263,普萊德,8,0,8,永全-南崁,2023-03-03,6451
6651,全宇昕,8,0,8,永全-南崁,2023-03-03,6451
4167,松瑞藥,10,3,7,永全-南崁,2023-03-03,6451
4961,天鈺,8,1,7,永全-南崁,2023-03-03,6451
9907,統一實,10,3,7,永全-南崁,2023-03-03,6451
00696B,富邦美債20年,6,0,6,永全-南崁,2023-03-03,6451
2886,兆豐金,6,0,6,永全-南崁,2023-03-03,6451
3093,港建*,10,4,6,永全-南崁,2023-03-03,6451
6190,萬泰科,6,0,6,永全-南崁,2023-03-03,6451
2542,興富發,6,0,6,永全-南崁,2023-03-03,6451
3443,創意,6,1,5,永全-南崁,2023-03-03,6451
1443,立益物流,5,0,5,永全-南崁,2023-03-03,6451
00862B,中信投資級公司債,5,0,5,永全-南崁,2023-03-03,6451
0056,元大高股息,15,10,5,永全-南崁,2023-03-03,6451
00632R,元大台灣50反1,350,1,349,永全-南崁,2023-03-06,6451
00673R,期元大S＆P原油反1,100,0,100,永全-南崁,2023-03-06,6451
8050,廣積,90,0,90,永全-南崁,2023-03-06,6451
00665L,富邦�琤肭磪囓�2,56,0,56,永全-南崁,2023-03-06,6451
6026,福邦證,50,0,50,永全-南崁,2023-03-06,6451
2887,台新金,51,20,31,永全-南崁,2023-03-06,6451
5864,致和證,30,0,30,永全-南崁,2023-03-06,6451
8176,智捷,22,0,22,永全-南崁,2023-03-06,6451
2344,華邦電,31,10,21,永全-南崁,2023-03-06,6451
2637,慧洋-KY,24,5,19,永全-南崁,2023-03-06,6451
00878,國泰永續高股息,21,3,18,永全-南崁,2023-03-06,6451
6116,彩晶,24,10,14,永全-南崁,2023-03-06,6451
00885,富邦越南,15,1,14,永全-南崁,2023-03-06,6451
1409,新纖,14,0,14,永全-南崁,2023-03-06,6451
2605,新興,16,3,13,永全-南崁,2023-03-06,6451
00713,元大台灣高息低波,11,0,11,永全-南崁,2023-03-06,6451
1783,和康生,11,0,11,永全-南崁,2023-03-06,6451
3289,宜特,21,10,11,永全-南崁,2023-03-06,6451
1539,巨庭,180,170,10,永全-南崁,2023-03-06,6451
1305,華夏,10,0,10,永全-南崁,2023-03-06,6451
3081,聯亞,13,3,10,永全-南崁,2023-03-06,6451
3413,京鼎,10,0,10,永全-南崁,2023-03-06,6451
4167,松瑞藥,10,0,10,永全-南崁,2023-03-06,6451
4976,佳凌,11,1,10,永全-南崁,2023-03-06,6451
6416,瑞祺電通,10,0,10,永全-南崁,2023-03-06,6451
6603,富強鑫,10,0,10,永全-南崁,2023-03-06,6451
8086,宏捷科,10,0,10,永全-南崁,2023-03-06,6451
9907,統一實,10,0,10,永全-南崁,2023-03-06,6451
3406,玉晶光,11,2,9,永全-南崁,2023-03-06,6451
00637L,元大滬深300正2,14,5,9,永全-南崁,2023-03-06,6451
2641,正德,20,12,8,永全-南崁,2023-03-06,6451
1220,台榮,8,0,8,永全-南崁,2023-03-06,6451
3703,欣陸,8,0,8,永全-南崁,2023-03-06,6451
5347,世界,10,2,8,永全-南崁,2023-03-06,6451
8936,國統,12,4,8,永全-南崁,2023-03-06,6451
2601,益航,7,0,7,永全-南崁,2023-03-06,6451
00633L,富邦上証正2,6,0,6,永全-南崁,2023-03-06,6451
2615,萬海,19,13,6,永全-南崁,2023-03-06,6451
2834,臺企銀,6,0,6,永全-南崁,2023-03-06,6451
3049,精金,6,0,6,永全-南崁,2023-03-06,6451
3141,晶宏,6,0,6,永全-南崁,2023-03-06,6451
3207,耀勝,7,1,6,永全-南崁,2023-03-06,6451
3443,創意,6,0,6,永全-南崁,2023-03-06,6451
2367,燿華,6,1,5,永全-南崁,2023-03-06,6451
2482,連宇,5,0,5,永全-南崁,2023-03-06,6451
2539,櫻花建,5,0,5,永全-南崁,2023-03-06,6451
2610,華航,8,3,5,永全-南崁,2023-03-06,6451
2634,漢翔,5,0,5,永全-南崁,2023-03-06,6451
2889,國票金,5,0,5,永全-南崁,2023-03-06,6451
3022,威強電,5,0,5,永全-南崁,2023-03-06,6451
3481,群創,610,105,505,永全-南崁,2023-03-07,6451
00673R,期元大S＆P原油反1,415,0,415,永全-南崁,2023-03-07,6451
6290,良維,231,0,231,永全-南崁,2023-03-07,6451
2349,錸德,100,0,100,永全-南崁,2023-03-07,6451
2243,宏旭-KY,50,0,50,永全-南崁,2023-03-07,6451
5512,力麒,55,7,48,永全-南崁,2023-03-07,6451
0056,元大高股息,33,2,31,永全-南崁,2023-03-07,6451
2471,資通,41,10,31,永全-南崁,2023-03-07,6451
3056,富華新,30,0,30,永全-南崁,2023-03-07,6451
2482,連宇,26,5,21,永全-南崁,2023-03-07,6451
2390,云辰,20,0,20,永全-南崁,2023-03-07,6451
6005,群益證,20,0,20,永全-南崁,2023-03-07,6451
4979,華星光,21,2,19,永全-南崁,2023-03-07,6451
3022,威強電,25,10,15,永全-南崁,2023-03-07,6451
2618,長榮航,14,0,14,永全-南崁,2023-03-07,6451
2344,華邦電,14,2,12,永全-南崁,2023-03-07,6451
3013,晟銘電,19,7,12,永全-南崁,2023-03-07,6451
5425,台半,34,22,12,永全-南崁,2023-03-07,6451
00637L,元大滬深300正2,13,2,11,永全-南崁,2023-03-07,6451
1720,生達,12,1,11,永全-南崁,2023-03-07,6451
00885,富邦越南,10,0,10,永全-南崁,2023-03-07,6451
1101,台泥,10,0,10,永全-南崁,2023-03-07,6451
1220,台榮,10,0,10,永全-南崁,2023-03-07,6451
2208,台船,10,0,10,永全-南崁,2023-03-07,6451
2230,泰茂,10,0,10,永全-南崁,2023-03-07,6451
3019,亞光,12,2,10,永全-南崁,2023-03-07,6451
3048,益登,10,0,10,永全-南崁,2023-03-07,6451
6143,振曜,10,0,10,永全-南崁,2023-03-07,6451
3265,台星科,10,1,9,永全-南崁,2023-03-07,6451
1504,東元,11,3,8,永全-南崁,2023-03-07,6451
2352,佳世達,10,2,8,永全-南崁,2023-03-07,6451
3016,嘉晶,10,2,8,永全-南崁,2023-03-07,6451
3479,安勤,10,2,8,永全-南崁,2023-03-07,6451
3037,欣興,7,0,7,永全-南崁,2023-03-07,6451
3042,晶技,7,0,7,永全-南崁,2023-03-07,6451
3402,漢科,7,0,7,永全-南崁,2023-03-07,6451
9907,統一實,7,0,7,永全-南崁,2023-03-07,6451
1584,精剛,6,0,6,永全-南崁,2023-03-07,6451
2458,義隆,6,0,6,永全-南崁,2023-03-07,6451
5388,中磊,7,1,6,永全-南崁,2023-03-07,6451
5531,鄉林,6,0,6,永全-南崁,2023-03-07,6451
6263,普萊德,6,0,6,永全-南崁,2023-03-07,6451
00650L,復華香港正2,10,5,5,永全-南崁,2023-03-07,6451
2030,彰源,5,0,5,永全-南崁,2023-03-07,6451
2332,友訊,5,0,5,永全-南崁,2023-03-07,6451
2444,兆勁,5,0,5,永全-南崁,2023-03-07,6451
3149,正達,5,0,5,永全-南崁,2023-03-07,6451
3587,閎康,5,0,5,永全-南崁,2023-03-07,6451
3706,神達,5,0,5,永全-南崁,2023-03-07,6451
4114,健喬,5,0,5,永全-南崁,2023-03-07,6451
2312,金寶,320,6,314,永全-南崁,2023-03-08,6451
0056,元大高股息,132,0,132,永全-南崁,2023-03-08,6451
2367,燿華,105,3,102,永全-南崁,2023-03-08,6451
00900,富邦特選高股息30,100,0,100,永全-南崁,2023-03-08,6451
6148,驊宏資,100,0,100,永全-南崁,2023-03-08,6451
00882,中信中國高股息,78,0,78,永全-南崁,2023-03-08,6451
00665L,富邦�琤肭磪囓�2,72,0,72,永全-南崁,2023-03-08,6451
6257,矽格,55,0,55,永全-南崁,2023-03-08,6451
1319,東陽,50,0,50,永全-南崁,2023-03-08,6451
6290,良維,44,0,44,永全-南崁,2023-03-08,6451
6163,華電網,37,0,37,永全-南崁,2023-03-08,6451
3037,欣興,34,1,33,永全-南崁,2023-03-08,6451
2201,裕隆,33,1,32,永全-南崁,2023-03-08,6451
1789,神隆,31,0,31,永全-南崁,2023-03-08,6451
1605,華新,56,30,26,永全-南崁,2023-03-08,6451
8054,安國,23,0,23,永全-南崁,2023-03-08,6451
1312,國喬,22,0,22,永全-南崁,2023-03-08,6451
2609,陽明,28,7,21,永全-南崁,2023-03-08,6451
4114,健喬,21,0,21,永全-南崁,2023-03-08,6451
6016,康和證,20,0,20,永全-南崁,2023-03-08,6451
1519,華城,35,16,19,永全-南崁,2023-03-08,6451
2354,鴻準,21,2,19,永全-南崁,2023-03-08,6451
3006,晶豪科,20,2,18,永全-南崁,2023-03-08,6451
2449,京元電子,20,3,17,永全-南崁,2023-03-08,6451
8933,愛地雅,17,0,17,永全-南崁,2023-03-08,6451
00637L,元大滬深300正2,26,10,16,永全-南崁,2023-03-08,6451
2637,慧洋-KY,16,0,16,永全-南崁,2023-03-08,6451
00753L,中信中國50正2,15,0,15,永全-南崁,2023-03-08,6451
4736,泰博,14,0,14,永全-南崁,2023-03-08,6451
2603,長榮,12,0,12,永全-南崁,2023-03-08,6451
1504,東元,52,41,11,永全-南崁,2023-03-08,6451
2328,廣宇,17,6,11,永全-南崁,2023-03-08,6451
2344,華邦電,16,5,11,永全-南崁,2023-03-08,6451
2731,雄獅,14,3,11,永全-南崁,2023-03-08,6451
2882,國泰金,11,0,11,永全-南崁,2023-03-08,6451
00893,國泰智能電動車,10,0,10,永全-南崁,2023-03-08,6451
00905,FT臺灣Smart,10,0,10,永全-南崁,2023-03-08,6451
00862B,中信投資級公司債,10,0,10,永全-南崁,2023-03-08,6451
00650L,復華香港正2,20,10,10,永全-南崁,2023-03-08,6451
1720,生達,10,0,10,永全-南崁,2023-03-08,6451
2107,厚生,10,0,10,永全-南崁,2023-03-08,6451
2453,凌群,12,2,10,永全-南崁,2023-03-08,6451
2485,兆赫,10,0,10,永全-南崁,2023-03-08,6451
2812,台中銀,10,0,10,永全-南崁,2023-03-08,6451
3049,精金,10,0,10,永全-南崁,2023-03-08,6451
3483,力致,10,0,10,永全-南崁,2023-03-08,6451
3665,貿聯-KY,10,0,10,永全-南崁,2023-03-08,6451
4167,松瑞藥,10,0,10,永全-南崁,2023-03-08,6451
5272,笙科,10,0,10,永全-南崁,2023-03-08,6451
6443,元晶,12,2,10,永全-南崁,2023-03-08,6451
3481,群創,290,2,288,永全-南崁,2023-03-09,6451
2883,凱基金,100,0,100,永全-南崁,2023-03-09,6451
2610,華航,103,20,83,永全-南崁,2023-03-09,6451
3492,長盛,50,0,50,永全-南崁,2023-03-09,6451
3665,貿聯-KY,48,0,48,永全-南崁,2023-03-09,6451
1447,力鵬,47,0,47,永全-南崁,2023-03-09,6451
2401,凌陽,45,0,45,永全-南崁,2023-03-09,6451
2201,裕隆,44,0,44,永全-南崁,2023-03-09,6451
6770,力積電,52,9,43,永全-南崁,2023-03-09,6451
6266,泰詠,41,0,41,永全-南崁,2023-03-09,6451
2489,瑞軒,40,0,40,永全-南崁,2023-03-09,6451
1312,國喬,39,0,39,永全-南崁,2023-03-09,6451
4906,正文,33,0,33,永全-南崁,2023-03-09,6451
5272,笙科,32,0,32,永全-南崁,2023-03-09,6451
0056,元大高股息,26,0,26,永全-南崁,2023-03-09,6451
2368,金像電,31,8,23,永全-南崁,2023-03-09,6451
3059,華晶科,23,1,22,永全-南崁,2023-03-09,6451
00878,國泰永續高股息,30,9,21,永全-南崁,2023-03-09,6451
1101,台泥,23,2,21,永全-南崁,2023-03-09,6451
6806,森崴能源,21,0,21,永全-南崁,2023-03-09,6451
4543,萬在,40,20,20,永全-南崁,2023-03-09,6451
2413,環科,21,2,19,永全-南崁,2023-03-09,6451
2328,廣宇,17,0,17,永全-南崁,2023-03-09,6451
2736,富野,17,0,17,永全-南崁,2023-03-09,6451
2812,台中銀,17,0,17,永全-南崁,2023-03-09,6451
6190,萬泰科,17,0,17,永全-南崁,2023-03-09,6451
2409,友達,26,10,16,永全-南崁,2023-03-09,6451
2641,正德,85,70,15,永全-南崁,2023-03-09,6451
2834,臺企銀,15,0,15,永全-南崁,2023-03-09,6451
3029,零壹,18,3,15,永全-南崁,2023-03-09,6451
8105,凌巨,15,0,15,永全-南崁,2023-03-09,6451
1524,耿鼎,15,1,14,永全-南崁,2023-03-09,6451
2891,中信金,17,3,14,永全-南崁,2023-03-09,6451
4931,新盛力,14,0,14,永全-南崁,2023-03-09,6451
2317,鴻海,20,7,13,永全-南崁,2023-03-09,6451
6829,千附精密,14,1,13,永全-南崁,2023-03-09,6451
2108,南帝,11,0,11,永全-南崁,2023-03-09,6451
2481,強茂,16,5,11,永全-南崁,2023-03-09,6451
3022,威強電,21,10,11,永全-南崁,2023-03-09,6451
6111,大宇資,11,0,11,永全-南崁,2023-03-09,6451
6129,普誠,21,10,11,永全-南崁,2023-03-09,6451
2002,中鋼,14,4,10,永全-南崁,2023-03-09,6451
2485,兆赫,10,0,10,永全-南崁,2023-03-09,6451
3005,神基,11,1,10,永全-南崁,2023-03-09,6451
3013,晟銘電,10,0,10,永全-南崁,2023-03-09,6451
3455,由田,10,0,10,永全-南崁,2023-03-09,6451
6109,亞元,10,0,10,永全-南崁,2023-03-09,6451
8112,至上,15,5,10,永全-南崁,2023-03-09,6451
8358,金居,10,0,10,永全-南崁,2023-03-09,6451
6548,長科*,20,11,9,永全-南崁,2023-03-09,6451
2891,中信金,144,0,144,永全-南崁,2023-03-10,6451
3027,盛達,130,0,130,永全-南崁,2023-03-10,6451
0056,元大高股息,127,0,127,永全-南崁,2023-03-10,6451
2610,華航,107,5,102,永全-南崁,2023-03-10,6451
3481,群創,110,10,100,永全-南崁,2023-03-10,6451
00878,國泰永續高股息,96,5,91,永全-南崁,2023-03-10,6451
1810,和成,70,0,70,永全-南崁,2023-03-10,6451
2201,裕隆,71,2,69,永全-南崁,2023-03-10,6451
3231,緯創,70,14,56,永全-南崁,2023-03-10,6451
1447,力鵬,53,0,53,永全-南崁,2023-03-10,6451
2618,長榮航,66,22,44,永全-南崁,2023-03-10,6451
6016,康和證,40,0,40,永全-南崁,2023-03-10,6451
00923,群益台ESG低碳50,39,0,39,永全-南崁,2023-03-10,6451
2388,威盛,58,19,39,永全-南崁,2023-03-10,6451
4142,國光生,39,1,38,永全-南崁,2023-03-10,6451
00713,元大台灣高息低波,33,0,33,永全-南崁,2023-03-10,6451
6290,良維,31,0,31,永全-南崁,2023-03-10,6451
00715L,期街口布蘭特正2,31,0,31,永全-南崁,2023-03-10,6451
6269,台郡,31,0,31,永全-南崁,2023-03-10,6451
2030,彰源,30,0,30,永全-南崁,2023-03-10,6451
2457,飛宏,73,43,30,永全-南崁,2023-03-10,6451
2834,臺企銀,29,0,29,永全-南崁,2023-03-10,6451
1524,耿鼎,40,13,27,永全-南崁,2023-03-10,6451
2344,華邦電,31,8,23,永全-南崁,2023-03-10,6451
6143,振曜,22,0,22,永全-南崁,2023-03-10,6451
6263,普萊德,22,0,22,永全-南崁,2023-03-10,6451
1721,三晃,21,0,21,永全-南崁,2023-03-10,6451
6163,華電網,31,10,21,永全-南崁,2023-03-10,6451
2367,燿華,20,0,20,永全-南崁,2023-03-10,6451
2455,全新,20,0,20,永全-南崁,2023-03-10,6451
3071,協禧,20,0,20,永全-南崁,2023-03-10,6451
2882,國泰金,19,0,19,永全-南崁,2023-03-10,6451
8050,廣積,34,15,19,永全-南崁,2023-03-10,6451
2884,玉山金,18,0,18,永全-南崁,2023-03-10,6451
2302,麗正,17,0,17,永全-南崁,2023-03-10,6451
3037,欣興,21,4,17,永全-南崁,2023-03-10,6451
3712,永崴投控,60,43,17,永全-南崁,2023-03-10,6451
3029,零壹,16,0,16,永全-南崁,2023-03-10,6451
1718,中纖,15,0,15,永全-南崁,2023-03-10,6451
5864,致和證,25,10,15,永全-南崁,2023-03-10,6451
3434,哲固,16,2,14,永全-南崁,2023-03-10,6451
4989,榮科,14,0,14,永全-南崁,2023-03-10,6451
2609,陽明,172,159,13,永全-南崁,2023-03-10,6451
1584,精剛,14,1,13,永全-南崁,2023-03-10,6451
00637L,元大滬深300正2,18,6,12,永全-南崁,2023-03-10,6451
3105,穩懋,12,0,12,永全-南崁,2023-03-10,6451
5469,瀚宇博,12,0,12,永全-南崁,2023-03-10,6451
6411,晶焱,12,0,12,永全-南崁,2023-03-10,6451
8016,矽創,12,0,12,永全-南崁,2023-03-10,6451
2409,友達,13,2,11,永全-南崁,2023-03-10,6451
00673R,期元大S＆P原油反1,100,0,100,永全-南崁,2023-03-13,6451
2312,金寶,90,0,90,永全-南崁,2023-03-13,6451
00878,國泰永續高股息,70,1,69,永全-南崁,2023-03-13,6451
0056,元大高股息,70,1,69,永全-南崁,2023-03-13,6451
9105,泰金寶-DR,50,0,50,永全-南崁,2023-03-13,6451
00683L,期元大美元指正2,77,30,47,永全-南崁,2023-03-13,6451
2313,華通,45,0,45,永全-南崁,2023-03-13,6451
2427,三商電,45,0,45,永全-南崁,2023-03-13,6451
2609,陽明,98,53,45,永全-南崁,2023-03-13,6451
3078,僑威,38,0,38,永全-南崁,2023-03-13,6451
3356,奇偶,36,0,36,永全-南崁,2023-03-13,6451
6843,進典,35,0,35,永全-南崁,2023-03-13,6451
2495,普安,30,0,30,永全-南崁,2023-03-13,6451
2884,玉山金,30,0,30,永全-南崁,2023-03-13,6451
8112,至上,27,0,27,永全-南崁,2023-03-13,6451
5425,台半,27,2,25,永全-南崁,2023-03-13,6451
00713,元大台灣高息低波,22,0,22,永全-南崁,2023-03-13,6451
8222,寶一,31,9,22,永全-南崁,2023-03-13,6451
6290,良維,22,1,21,永全-南崁,2023-03-13,6451
1605,華新,26,6,20,永全-南崁,2023-03-13,6451
3056,富華新,20,0,20,永全-南崁,2023-03-13,6451
2107,厚生,19,0,19,永全-南崁,2023-03-13,6451
00900,富邦特選高股息30,30,14,16,永全-南崁,2023-03-13,6451
2611,志信,15,0,15,永全-南崁,2023-03-13,6451
6182,合晶,15,0,15,永全-南崁,2023-03-13,6451
6263,普萊德,15,0,15,永全-南崁,2023-03-13,6451
1524,耿鼎,14,0,14,永全-南崁,2023-03-13,6451
2891,中信金,21,7,14,永全-南崁,2023-03-13,6451
6122,擎邦,17,5,12,永全-南崁,2023-03-13,6451
2014,中鴻,11,0,11,永全-南崁,2023-03-13,6451
2481,強茂,12,1,11,永全-南崁,2023-03-13,6451
5706,鳳凰,11,0,11,永全-南崁,2023-03-13,6451
1447,力鵬,10,0,10,永全-南崁,2023-03-13,6451
1503,士電,10,0,10,永全-南崁,2023-03-13,6451
00923,群益台ESG低碳50,10,0,10,永全-南崁,2023-03-13,6451
2030,彰源,10,0,10,永全-南崁,2023-03-13,6451
2438,翔耀,10,0,10,永全-南崁,2023-03-13,6451
2601,益航,10,0,10,永全-南崁,2023-03-13,6451
5439,高技,10,0,10,永全-南崁,2023-03-13,6451
6139,亞翔,10,0,10,永全-南崁,2023-03-13,6451
6609,瀧澤科,10,0,10,永全-南崁,2023-03-13,6451
4979,華星光,9,0,9,永全-南崁,2023-03-13,6451
1319,東陽,8,0,8,永全-南崁,2023-03-13,6451
2618,長榮航,22,14,8,永全-南崁,2023-03-13,6451
2731,雄獅,8,0,8,永全-南崁,2023-03-13,6451
1560,中砂,7,0,7,永全-南崁,2023-03-13,6451
2337,旺宏,7,0,7,永全-南崁,2023-03-13,6451
2498,宏達電,23,16,7,永全-南崁,2023-03-13,6451
3051,力特,7,0,7,永全-南崁,2023-03-13,6451
4155,訊映,9,2,7,永全-南崁,2023-03-13,6451
3481,群創,533,0,533,永全-南崁,2023-03-14,6451
2891,中信金,130,0,130,永全-南崁,2023-03-14,6451
00878,國泰永續高股息,73,0,73,永全-南崁,2023-03-14,6451
2618,長榮航,96,42,54,永全-南崁,2023-03-14,6451
1447,力鵬,50,0,50,永全-南崁,2023-03-14,6451
2610,華航,54,7,47,永全-南崁,2023-03-14,6451
3027,盛達,45,0,45,永全-南崁,2023-03-14,6451
00923,群益台ESG低碳50,44,0,44,永全-南崁,2023-03-14,6451
1701,中化,40,0,40,永全-南崁,2023-03-14,6451
2303,聯電,51,11,40,永全-南崁,2023-03-14,6451
2027,大成鋼,87,52,35,永全-南崁,2023-03-14,6451
2615,萬海,76,44,32,永全-南崁,2023-03-14,6451
4155,訊映,31,0,31,永全-南崁,2023-03-14,6451
3056,富華新,30,0,30,永全-南崁,2023-03-14,6451
2409,友達,26,0,26,永全-南崁,2023-03-14,6451
2495,普安,25,0,25,永全-南崁,2023-03-14,6451
2890,永豐金,25,0,25,永全-南崁,2023-03-14,6451
6843,進典,25,0,25,永全-南崁,2023-03-14,6451
2359,所羅門,25,5,20,永全-南崁,2023-03-14,6451
2489,瑞軒,20,0,20,永全-南崁,2023-03-14,6451
3046,建��,23,3,20,永全-南崁,2023-03-14,6451
6263,普萊德,20,0,20,永全-南崁,2023-03-14,6451
2344,華邦電,17,0,17,永全-南崁,2023-03-14,6451
2892,第一金,16,0,16,永全-南崁,2023-03-14,6451
00715L,期街口布蘭特正2,36,20,16,永全-南崁,2023-03-14,6451
00665L,富邦�琤肭磪囓�2,16,0,16,永全-南崁,2023-03-14,6451
2867,三商壽,13,0,13,永全-南崁,2023-03-14,6451
1524,耿鼎,12,0,12,永全-南崁,2023-03-14,6451
2641,正德,20,8,12,永全-南崁,2023-03-14,6451
4543,萬在,12,0,12,永全-南崁,2023-03-14,6451
2887,台新金,11,0,11,永全-南崁,2023-03-14,6451
2308,台達電,10,0,10,永全-南崁,2023-03-14,6451
00650L,復華香港正2,15,5,10,永全-南崁,2023-03-14,6451
0056,元大高股息,15,5,10,永全-南崁,2023-03-14,6451
00905,FT臺灣Smart,10,0,10,永全-南崁,2023-03-14,6451
1608,華榮,10,0,10,永全-南崁,2023-03-14,6451
1605,華新,13,3,10,永全-南崁,2023-03-14,6451
1589,永冠-KY,10,0,10,永全-南崁,2023-03-14,6451
2401,凌陽,10,0,10,永全-南崁,2023-03-14,6451
2460,建通,10,0,10,永全-南崁,2023-03-14,6451
3060,銘異,10,0,10,永全-南崁,2023-03-14,6451
3128,昇銳,10,0,10,永全-南崁,2023-03-14,6451
4167,松瑞藥,10,0,10,永全-南崁,2023-03-14,6451
5864,致和證,10,0,10,永全-南崁,2023-03-14,6451
6109,亞元,10,0,10,永全-南崁,2023-03-14,6451
6770,力積電,10,0,10,永全-南崁,2023-03-14,6451
8358,金居,10,0,10,永全-南崁,2023-03-14,6451
2883,凱基金,9,0,9,永全-南崁,2023-03-14,6451
1569,濱川,10,2,8,永全-南崁,2023-03-14,6451
3090,日電貿,8,0,8,永全-南崁,2023-03-14,6451
00632R,元大台灣50反1,327,0,327,永全-南崁,2023-03-15,6451
00715L,期街口布蘭特正2,138,0,138,永全-南崁,2023-03-15,6451
3481,群創,130,0,130,永全-南崁,2023-03-15,6451
6205,詮欣,100,0,100,永全-南崁,2023-03-15,6451
3264,欣銓,70,4,66,永全-南崁,2023-03-15,6451
2603,長榮,64,11,53,永全-南崁,2023-03-15,6451
4915,致伸,50,0,50,永全-南崁,2023-03-15,6451
2884,玉山金,45,0,45,永全-南崁,2023-03-15,6451
2476,鉅祥,53,10,43,永全-南崁,2023-03-15,6451
2609,陽明,73,30,43,永全-南崁,2023-03-15,6451
6843,進典,36,0,36,永全-南崁,2023-03-15,6451
0056,元大高股息,38,3,35,永全-南崁,2023-03-15,6451
4155,訊映,30,0,30,永全-南崁,2023-03-15,6451
2888,新光金,27,0,27,永全-南崁,2023-03-15,6451
4976,佳凌,27,1,26,永全-南崁,2023-03-15,6451
1101,台泥,22,0,22,永全-南崁,2023-03-15,6451
1712,興農,20,0,20,永全-南崁,2023-03-15,6451
2399,映泰,20,0,20,永全-南崁,2023-03-15,6451
3664,安瑞-KY,20,0,20,永全-南崁,2023-03-15,6451
6016,康和證,40,20,20,永全-南崁,2023-03-15,6451
2605,新興,33,14,19,永全-南崁,2023-03-15,6451
6234,高僑,18,0,18,永全-南崁,2023-03-15,6451
2610,華航,127,111,16,永全-南崁,2023-03-15,6451
2614,東森,18,3,15,永全-南崁,2023-03-15,6451
2892,第一金,14,0,14,永全-南崁,2023-03-15,6451
2027,大成鋼,14,1,13,永全-南崁,2023-03-15,6451
1467,南緯,12,0,12,永全-南崁,2023-03-15,6451
1504,東元,26,15,11,永全-南崁,2023-03-15,6451
6146,耕興,11,0,11,永全-南崁,2023-03-15,6451
9958,世紀鋼,11,0,11,永全-南崁,2023-03-15,6451
00878,國泰永續高股息,12,2,10,永全-南崁,2023-03-15,6451
00679B,元大美債20年,10,0,10,永全-南崁,2023-03-15,6451
3545,敦泰,10,0,10,永全-南崁,2023-03-15,6451
3038,全台,10,1,9,永全-南崁,2023-03-15,6451
4931,新盛力,9,0,9,永全-南崁,2023-03-15,6451
3049,精金,8,0,8,永全-南崁,2023-03-15,6451
5351,鈺創,8,0,8,永全-南崁,2023-03-15,6451
2324,仁寶,7,0,7,永全-南崁,2023-03-15,6451
2615,萬海,18,11,7,永全-南崁,2023-03-15,6451
3046,建��,8,1,7,永全-南崁,2023-03-15,6451
2013,中鋼構,6,0,6,永全-南崁,2023-03-15,6451
1514,亞力,7,1,6,永全-南崁,2023-03-15,6451
2883,凱基金,6,0,6,永全-南崁,2023-03-15,6451
4967,十銓,6,0,6,永全-南崁,2023-03-15,6451
5371,中光電,12,6,6,永全-南崁,2023-03-15,6451
9955,佳龍,6,0,6,永全-南崁,2023-03-15,6451
5009,榮剛,12,7,5,永全-南崁,2023-03-15,6451
00713,元大台灣高息低波,10,5,5,永全-南崁,2023-03-15,6451
1314,中石化,5,0,5,永全-南崁,2023-03-15,6451
2546,根基,5,0,5,永全-南崁,2023-03-15,6451
00642U,期元大S＆P石油,152,0,152,永全-南崁,2023-03-16,6451
2834,臺企銀,138,30,108,永全-南崁,2023-03-16,6451
2888,新光金,93,0,93,永全-南崁,2023-03-16,6451
4915,致伸,91,10,81,永全-南崁,2023-03-16,6451
5864,致和證,70,0,70,永全-南崁,2023-03-16,6451
00715L,期街口布蘭特正2,104,40,64,永全-南崁,2023-03-16,6451
00878,國泰永續高股息,54,3,51,永全-南崁,2023-03-16,6451
1447,力鵬,50,0,50,永全-南崁,2023-03-16,6451
2107,厚生,50,0,50,永全-南崁,2023-03-16,6451
2611,志信,50,0,50,永全-南崁,2023-03-16,6451
2603,長榮,77,37,40,永全-南崁,2023-03-16,6451
4739,康普,31,0,31,永全-南崁,2023-03-16,6451
6111,大宇資,30,0,30,永全-南崁,2023-03-16,6451
2201,裕隆,29,2,27,永全-南崁,2023-03-16,6451
2883,凱基金,27,0,27,永全-南崁,2023-03-16,6451
00882,中信中國高股息,25,0,25,永全-南崁,2023-03-16,6451
1504,東元,29,4,25,永全-南崁,2023-03-16,6451
2886,兆豐金,23,0,23,永全-南崁,2023-03-16,6451
2498,宏達電,28,5,23,永全-南崁,2023-03-16,6451
2867,三商壽,22,0,22,永全-南崁,2023-03-16,6451
3033,威健,22,0,22,永全-南崁,2023-03-16,6451
1314,中石化,50,30,20,永全-南崁,2023-03-16,6451
4906,正文,20,0,20,永全-南崁,2023-03-16,6451
6026,福邦證,20,0,20,永全-南崁,2023-03-16,6451
6290,良維,20,0,20,永全-南崁,2023-03-16,6451
6843,進典,17,0,17,永全-南崁,2023-03-16,6451
8936,國統,19,2,17,永全-南崁,2023-03-16,6451
6146,耕興,17,1,16,永全-南崁,2023-03-16,6451
2891,中信金,16,0,16,永全-南崁,2023-03-16,6451
6133,金橋,16,1,15,永全-南崁,2023-03-16,6451
2634,漢翔,16,1,15,永全-南崁,2023-03-16,6451
6143,振曜,15,0,15,永全-南崁,2023-03-16,6451
6263,普萊德,15,0,15,永全-南崁,2023-03-16,6451
2352,佳世達,13,0,13,永全-南崁,2023-03-16,6451
00679B,元大美債20年,12,0,12,永全-南崁,2023-03-16,6451
2368,金像電,12,0,12,永全-南崁,2023-03-16,6451
2605,新興,23,11,12,永全-南崁,2023-03-16,6451
2641,正德,12,0,12,永全-南崁,2023-03-16,6451
1326,台化,11,0,11,永全-南崁,2023-03-16,6451
2392,正崴,11,0,11,永全-南崁,2023-03-16,6451
6443,元晶,15,5,10,永全-南崁,2023-03-16,6451
00923,群益台ESG低碳50,10,0,10,永全-南崁,2023-03-16,6451
2313,華通,10,0,10,永全-南崁,2023-03-16,6451
2387,精元,10,0,10,永全-南崁,2023-03-16,6451
2425,承啟,10,0,10,永全-南崁,2023-03-16,6451
2495,普安,10,0,10,永全-南崁,2023-03-16,6451
3162,精確,11,1,10,永全-南崁,2023-03-16,6451
3489,森寶,10,0,10,永全-南崁,2023-03-16,6451
3664,安瑞-KY,10,0,10,永全-南崁,2023-03-16,6451
3665,貿聯-KY,10,0,10,永全-南崁,2023-03-16,6451
2834,臺企銀,517,0,517,永全-南崁,2023-03-17,6451
3264,欣銓,111,0,111,永全-南崁,2023-03-17,6451
2371,大同,105,0,105,永全-南崁,2023-03-17,6451
2313,華通,90,15,75,永全-南崁,2023-03-17,6451
8171,天宇,64,1,63,永全-南崁,2023-03-17,6451
3037,欣興,61,8,53,永全-南崁,2023-03-17,6451
6285,啟��,101,50,51,永全-南崁,2023-03-17,6451
2609,陽明,35,1,34,永全-南崁,2023-03-17,6451
2891,中信金,33,0,33,永全-南崁,2023-03-17,6451
2618,長榮航,33,1,32,永全-南崁,2023-03-17,6451
1533,車王電,30,0,30,永全-南崁,2023-03-17,6451
00715L,期街口布蘭特正2,30,5,25,永全-南崁,2023-03-17,6451
00679B,元大美債20年,24,0,24,永全-南崁,2023-03-17,6451
6163,華電網,25,1,24,永全-南崁,2023-03-17,6451
1101,台泥,23,0,23,永全-南崁,2023-03-17,6451
3402,漢科,31,10,21,永全-南崁,2023-03-17,6451
2107,厚生,20,0,20,永全-南崁,2023-03-17,6451
2308,台達電,20,0,20,永全-南崁,2023-03-17,6451
2027,大成鋼,14,0,14,永全-南崁,2023-03-17,6451
3664,安瑞-KY,14,0,14,永全-南崁,2023-03-17,6451
4977,眾達-KY,15,1,14,永全-南崁,2023-03-17,6451
6245,立端,15,1,14,永全-南崁,2023-03-17,6451
6185,幃翔,13,0,13,永全-南崁,2023-03-17,6451
9945,潤泰新,13,0,13,永全-南崁,2023-03-17,6451
1432,大魯閣,12,0,12,永全-南崁,2023-03-17,6451
2376,技嘉,11,0,11,永全-南崁,2023-03-17,6451
2880,華南金,11,0,11,永全-南崁,2023-03-17,6451
3029,零壹,12,1,11,永全-南崁,2023-03-17,6451
1609,大亞,13,3,10,永全-南崁,2023-03-17,6451
2399,映泰,10,0,10,永全-南崁,2023-03-17,6451
2888,新光金,10,0,10,永全-南崁,2023-03-17,6451
2889,國票金,10,0,10,永全-南崁,2023-03-17,6451
4915,致伸,10,0,10,永全-南崁,2023-03-17,6451
8097,常珵,10,0,10,永全-南崁,2023-03-17,6451
9904,寶成,10,0,10,永全-南崁,2023-03-17,6451
5009,榮剛,15,5,10,永全-南崁,2023-03-17,6451
0056,元大高股息,21,12,9,永全-南崁,2023-03-17,6451
6573,虹揚-KY,10,1,9,永全-南崁,2023-03-17,6451
2610,華航,46,38,8,永全-南崁,2023-03-17,6451
3434,哲固,10,2,8,永全-南崁,2023-03-17,6451
6843,進典,8,0,8,永全-南崁,2023-03-17,6451
00878,國泰永續高股息,7,0,7,永全-南崁,2023-03-17,6451
2449,京元電子,12,5,7,永全-南崁,2023-03-17,6451
5483,中美晶,8,1,7,永全-南崁,2023-03-17,6451
1229,聯華,6,0,6,永全-南崁,2023-03-17,6451
3312,弘憶股,6,0,6,永全-南崁,2023-03-17,6451
3652,精聯,6,0,6,永全-南崁,2023-03-17,6451
8390,金益鼎,6,0,6,永全-南崁,2023-03-17,6451
00637L,元大滬深300正2,17,12,5,永全-南崁,2023-03-17,6451
00713,元大台灣高息低波,5,0,5,永全-南崁,2023-03-17,6451
00715L,期街口布蘭特正2,109,5,104,永全-南崁,2023-03-20,6451
5410,國眾,52,0,52,永全-南崁,2023-03-20,6451
00673R,期元大S＆P原油反1,50,0,50,永全-南崁,2023-03-20,6451
00665L,富邦�琤肭磪囓�2,60,10,50,永全-南崁,2023-03-20,6451
6146,耕興,35,0,35,永全-南崁,2023-03-20,6451
2618,長榮航,82,50,32,永全-南崁,2023-03-20,6451
2836,高雄銀,31,0,31,永全-南崁,2023-03-20,6451
00679B,元大美債20年,30,0,30,永全-南崁,2023-03-20,6451
2342,茂矽,31,1,30,永全-南崁,2023-03-20,6451
3481,群創,30,0,30,永全-南崁,2023-03-20,6451
2881,富邦金,26,0,26,永全-南崁,2023-03-20,6451
1304,台聚,24,0,24,永全-南崁,2023-03-20,6451
00903,富邦元宇宙,21,0,21,永全-南崁,2023-03-20,6451
2243,宏旭-KY,20,0,20,永全-南崁,2023-03-20,6451
6443,元晶,48,29,19,永全-南崁,2023-03-20,6451
2027,大成鋼,20,3,17,永全-南崁,2023-03-20,6451
3438,類比科,16,0,16,永全-南崁,2023-03-20,6451
5426,振發,16,0,16,永全-南崁,2023-03-20,6451
00878,國泰永續高股息,15,0,15,永全-南崁,2023-03-20,6451
2892,第一金,15,0,15,永全-南崁,2023-03-20,6451
1611,中電,18,3,15,永全-南崁,2023-03-20,6451
2352,佳世達,20,5,15,永全-南崁,2023-03-20,6451
2362,藍天,15,0,15,永全-南崁,2023-03-20,6451
2834,臺企銀,39,24,15,永全-南崁,2023-03-20,6451
2890,永豐金,24,10,14,永全-南崁,2023-03-20,6451
8033,雷虎,13,2,11,永全-南崁,2023-03-20,6451
1720,生達,10,0,10,永全-南崁,2023-03-20,6451
00713,元大台灣高息低波,10,0,10,永全-南崁,2023-03-20,6451
1312,國喬,10,0,10,永全-南崁,2023-03-20,6451
1432,大魯閣,10,0,10,永全-南崁,2023-03-20,6451
2399,映泰,10,0,10,永全-南崁,2023-03-20,6451
3038,全台,10,0,10,永全-南崁,2023-03-20,6451
4167,松瑞藥,10,0,10,永全-南崁,2023-03-20,6451
5519,隆大,10,0,10,永全-南崁,2023-03-20,6451
8403,盛弘,10,0,10,永全-南崁,2023-03-20,6451
2634,漢翔,10,1,9,永全-南崁,2023-03-20,6451
5512,力麒,9,0,9,永全-南崁,2023-03-20,6451
2610,華航,12,4,8,永全-南崁,2023-03-20,6451
6111,大宇資,10,2,8,永全-南崁,2023-03-20,6451
1101,台泥,7,0,7,永全-南崁,2023-03-20,6451
1402,遠東新,7,0,7,永全-南崁,2023-03-20,6451
2915,潤泰全,7,0,7,永全-南崁,2023-03-20,6451
5608,四維航,7,0,7,永全-南崁,2023-03-20,6451
6219,富旺,7,0,7,永全-南崁,2023-03-20,6451
6235,華孚,11,4,7,永全-南崁,2023-03-20,6451
00633L,富邦上証正2,6,0,6,永全-南崁,2023-03-20,6451
2317,鴻海,8,2,6,永全-南崁,2023-03-20,6451
6244,茂迪,26,20,6,永全-南崁,2023-03-20,6451
6491,晶碩,6,0,6,永全-南崁,2023-03-20,6451
2371,大同,5,0,5,永全-南崁,2023-03-20,6451
2302,麗正,101,3,98,永全-南崁,2023-03-21,6451
3481,群創,53,1,52,永全-南崁,2023-03-21,6451
00673R,期元大S＆P原油反1,50,0,50,永全-南崁,2023-03-21,6451
4934,太極,51,2,49,永全-南崁,2023-03-21,6451
3664,安瑞-KY,35,0,35,永全-南崁,2023-03-21,6451
6843,進典,35,1,34,永全-南崁,2023-03-21,6451
2328,廣宇,33,0,33,永全-南崁,2023-03-21,6451
2603,長榮,40,10,30,永全-南崁,2023-03-21,6451
2882,國泰金,31,1,30,永全-南崁,2023-03-21,6451
6266,泰詠,30,0,30,永全-南崁,2023-03-21,6451
1444,力麗,25,0,25,永全-南崁,2023-03-21,6451
2611,志信,30,6,24,永全-南崁,2023-03-21,6451
6163,華電網,36,13,23,永全-南崁,2023-03-21,6451
6770,力積電,22,0,22,永全-南崁,2023-03-21,6451
6751,智聯服務,20,0,20,永全-南崁,2023-03-21,6451
3693,營邦,19,0,19,永全-南崁,2023-03-21,6451
2243,宏旭-KY,20,3,17,永全-南崁,2023-03-21,6451
4976,佳凌,15,0,15,永全-南崁,2023-03-21,6451
8936,國統,17,2,15,永全-南崁,2023-03-21,6451
2497,怡利電,15,1,14,永全-南崁,2023-03-21,6451
6146,耕興,15,1,14,永全-南崁,2023-03-21,6451
00885,富邦越南,12,0,12,永全-南崁,2023-03-21,6451
6806,森崴能源,13,1,12,永全-南崁,2023-03-21,6451
3492,長盛,11,0,11,永全-南崁,2023-03-21,6451
1608,華榮,10,0,10,永全-南崁,2023-03-21,6451
1504,東元,11,1,10,永全-南崁,2023-03-21,6451
2027,大成鋼,12,2,10,永全-南崁,2023-03-21,6451
2352,佳世達,10,0,10,永全-南崁,2023-03-21,6451
2380,虹光,10,0,10,永全-南崁,2023-03-21,6451
2609,陽明,10,0,10,永全-南崁,2023-03-21,6451
2834,臺企銀,10,0,10,永全-南崁,2023-03-21,6451
3390,旭軟,10,0,10,永全-南崁,2023-03-21,6451
4543,萬在,10,0,10,永全-南崁,2023-03-21,6451
00878,國泰永續高股息,9,0,9,永全-南崁,2023-03-21,6451
3059,華晶科,10,1,9,永全-南崁,2023-03-21,6451
1529,樂事綠能,8,0,8,永全-南崁,2023-03-21,6451
2402,毅嘉,13,5,8,永全-南崁,2023-03-21,6451
3545,敦泰,9,1,8,永全-南崁,2023-03-21,6451
3652,精聯,8,0,8,永全-南崁,2023-03-21,6451
5309,系統電,8,0,8,永全-南崁,2023-03-21,6451
8383,千附,8,0,8,永全-南崁,2023-03-21,6451
1101,台泥,7,0,7,永全-南崁,2023-03-21,6451
00888,永豐台灣ESG,7,0,7,永全-南崁,2023-03-21,6451
3047,訊舟,9,2,7,永全-南崁,2023-03-21,6451
3673,TPK-KY,7,0,7,永全-南崁,2023-03-21,6451
4142,國光生,7,0,7,永全-南崁,2023-03-21,6451
6153,嘉聯益,7,0,7,永全-南崁,2023-03-21,6451
8112,至上,7,0,7,永全-南崁,2023-03-21,6451
2408,南亞科,6,0,6,永全-南崁,2023-03-21,6451
3013,晟銘電,12,6,6,永全-南崁,2023-03-21,6451
00715L,期街口布蘭特正2,105,51,54,永全-南崁,2023-03-22,6451
00683L,期元大美元指正2,36,0,36,永全-南崁,2023-03-22,6451
3038,全台,42,7,35,永全-南崁,2023-03-22,6451
00673R,期元大S＆P原油反1,20,0,20,永全-南崁,2023-03-22,6451
00712,復華富時不動產,20,0,20,永全-南崁,2023-03-22,6451
2488,漢平,20,0,20,永全-南崁,2023-03-22,6451
4919,新唐,25,5,20,永全-南崁,2023-03-22,6451
6120,達運,20,0,20,永全-南崁,2023-03-22,6451
3322,建舜電,20,2,18,永全-南崁,2023-03-22,6451
6182,合晶,18,0,18,永全-南崁,2023-03-22,6451
2002,中鋼,20,3,17,永全-南崁,2023-03-22,6451
6843,進典,15,0,15,永全-南崁,2023-03-22,6451
2317,鴻海,14,1,13,永全-南崁,2023-03-22,6451
2482,連宇,49,36,13,永全-南崁,2023-03-22,6451
2634,漢翔,13,0,13,永全-南崁,2023-03-22,6451
6163,華電網,13,0,13,永全-南崁,2023-03-22,6451
1504,東元,23,11,12,永全-南崁,2023-03-22,6451
2610,華航,22,11,11,永全-南崁,2023-03-22,6451
5210,寶碩,11,0,11,永全-南崁,2023-03-22,6451
2615,萬海,10,0,10,永全-南崁,2023-03-22,6451
3141,晶宏,17,7,10,永全-南崁,2023-03-22,6451
3390,旭軟,10,0,10,永全-南崁,2023-03-22,6451
3673,TPK-KY,10,0,10,永全-南崁,2023-03-22,6451
5009,榮剛,13,3,10,永全-南崁,2023-03-22,6451
6122,擎邦,13,3,10,永全-南崁,2023-03-22,6451
6205,詮欣,10,0,10,永全-南崁,2023-03-22,6451
6570,維田,10,0,10,永全-南崁,2023-03-22,6451
00679B,元大美債20年,9,0,9,永全-南崁,2023-03-22,6451
1609,大亞,10,2,8,永全-南崁,2023-03-22,6451
2605,新興,8,0,8,永全-南崁,2023-03-22,6451
3221,台嘉碩,8,0,8,永全-南崁,2023-03-22,6451
6139,亞翔,11,3,8,永全-南崁,2023-03-22,6451
2457,飛宏,16,9,7,永全-南崁,2023-03-22,6451
8027,鈦昇,8,1,7,永全-南崁,2023-03-22,6451
3576,聯合再生,7,0,7,永全-南崁,2023-03-22,6451
00720B,元大投資級公司債,6,0,6,永全-南崁,2023-03-22,6451
2892,第一金,6,0,6,永全-南崁,2023-03-22,6451
3545,敦泰,7,1,6,永全-南崁,2023-03-22,6451
3694,海華,6,0,6,永全-南崁,2023-03-22,6451
1584,精剛,5,0,5,永全-南崁,2023-03-22,6451
1514,亞力,5,0,5,永全-南崁,2023-03-22,6451
1712,興農,5,0,5,永全-南崁,2023-03-22,6451
1785,光洋科,5,0,5,永全-南崁,2023-03-22,6451
2206,三陽工業,5,0,5,永全-南崁,2023-03-22,6451
2355,敬鵬,5,0,5,永全-南崁,2023-03-22,6451
2451,創見,5,0,5,永全-南崁,2023-03-22,6451
2880,華南金,5,0,5,永全-南崁,2023-03-22,6451
3050,鈺德,5,0,5,永全-南崁,2023-03-22,6451
3059,華晶科,6,1,5,永全-南崁,2023-03-22,6451
3596,智易,5,0,5,永全-南崁,2023-03-22,6451
3481,群創,122,1,121,永全-南崁,2023-03-23,6451
2603,長榮,59,23,36,永全-南崁,2023-03-23,6451
2371,大同,35,0,35,永全-南崁,2023-03-23,6451
00683L,期元大美元指正2,45,11,34,永全-南崁,2023-03-23,6451
2352,佳世達,31,0,31,永全-南崁,2023-03-23,6451
2243,宏旭-KY,41,13,28,永全-南崁,2023-03-23,6451
8936,國統,28,0,28,永全-南崁,2023-03-23,6451
2402,毅嘉,99,78,21,永全-南崁,2023-03-23,6451
6290,良維,21,0,21,永全-南崁,2023-03-23,6451
1314,中石化,20,0,20,永全-南崁,2023-03-23,6451
3322,建舜電,25,5,20,永全-南崁,2023-03-23,6451
3682,亞太電,20,0,20,永全-南崁,2023-03-23,6451
6573,虹揚-KY,20,0,20,永全-南崁,2023-03-23,6451
2615,萬海,26,7,19,永全-南崁,2023-03-23,6451
00632R,元大台灣50反1,20,5,15,永全-南崁,2023-03-23,6451
2027,大成鋼,15,0,15,永全-南崁,2023-03-23,6451
6843,進典,15,0,15,永全-南崁,2023-03-23,6451
1524,耿鼎,16,2,14,永全-南崁,2023-03-23,6451
3037,欣興,64,51,13,永全-南崁,2023-03-23,6451
1471,首利,12,0,12,永全-南崁,2023-03-23,6451
6160,欣技,34,22,12,永全-南崁,2023-03-23,6451
2609,陽明,12,1,11,永全-南崁,2023-03-23,6451
2610,華航,11,0,11,永全-南崁,2023-03-23,6451
2880,華南金,11,0,11,永全-南崁,2023-03-23,6451
5258,虹堡,11,0,11,永全-南崁,2023-03-23,6451
6235,華孚,12,1,11,永全-南崁,2023-03-23,6451
1605,華新,12,2,10,永全-南崁,2023-03-23,6451
00715L,期街口布蘭特正2,10,0,10,永全-南崁,2023-03-23,6451
2401,凌陽,10,0,10,永全-南崁,2023-03-23,6451
2641,正德,10,0,10,永全-南崁,2023-03-23,6451
3413,京鼎,10,0,10,永全-南崁,2023-03-23,6451
4128,中天,10,0,10,永全-南崁,2023-03-23,6451
5515,建國,10,0,10,永全-南崁,2023-03-23,6451
6122,擎邦,10,0,10,永全-南崁,2023-03-23,6451
6140,訊達,10,0,10,永全-南崁,2023-03-23,6451
6205,詮欣,10,0,10,永全-南崁,2023-03-23,6451
6266,泰詠,10,0,10,永全-南崁,2023-03-23,6451
3162,精確,15,6,9,永全-南崁,2023-03-23,6451
3483,力致,12,3,9,永全-南崁,2023-03-23,6451
3652,精聯,24,15,9,永全-南崁,2023-03-23,6451
1451,年興,8,0,8,永全-南崁,2023-03-23,6451
3416,融程電,10,2,8,永全-南崁,2023-03-23,6451
3432,台端,12,4,8,永全-南崁,2023-03-23,6451
5203,訊連,13,5,8,永全-南崁,2023-03-23,6451
8222,寶一,9,2,7,永全-南崁,2023-03-23,6451
8358,金居,8,1,7,永全-南崁,2023-03-23,6451
2382,廣達,6,0,6,永全-南崁,2023-03-23,6451
2616,山隆,6,0,6,永全-南崁,2023-03-23,6451
6756,威鋒電子,7,1,6,永全-南崁,2023-03-23,6451
8011,台通,6,0,6,永全-南崁,2023-03-23,6451
00632R,元大台灣50反1,60,0,60,永全-南崁,2023-03-24,6451
4915,致伸,40,1,39,永全-南崁,2023-03-24,6451
3682,亞太電,35,0,35,永全-南崁,2023-03-24,6451
2367,燿華,36,4,32,永全-南崁,2023-03-24,6451
4919,新唐,32,1,31,永全-南崁,2023-03-24,6451
8050,廣積,30,0,30,永全-南崁,2023-03-24,6451
4976,佳凌,26,0,26,永全-南崁,2023-03-24,6451
3499,環天科,26,4,22,永全-南崁,2023-03-24,6451
3356,奇偶,26,5,21,永全-南崁,2023-03-24,6451
3322,建舜電,20,0,20,永全-南崁,2023-03-24,6451
4702,中美實,30,10,20,永全-南崁,2023-03-24,6451
2609,陽明,20,1,19,永全-南崁,2023-03-24,6451
8234,新漢,61,42,19,永全-南崁,2023-03-24,6451
2618,長榮航,26,10,16,永全-南崁,2023-03-24,6451
6276,安鈦克,16,0,16,永全-南崁,2023-03-24,6451
3714,富采,29,15,14,永全-南崁,2023-03-24,6451
6122,擎邦,21,7,14,永全-南崁,2023-03-24,6451
6530,創威,14,0,14,永全-南崁,2023-03-24,6451
2353,宏��,13,0,13,永全-南崁,2023-03-24,6451
2014,中鴻,12,0,12,永全-南崁,2023-03-24,6451
2243,宏旭-KY,12,0,12,永全-南崁,2023-03-24,6451
3402,漢科,11,0,11,永全-南崁,2023-03-24,6451
6531,愛普*,12,1,11,永全-南崁,2023-03-24,6451
1326,台化,10,0,10,永全-南崁,2023-03-24,6451
1802,台玻,10,0,10,永全-南崁,2023-03-24,6451
2492,華新科,18,8,10,永全-南崁,2023-03-24,6451
2889,國票金,10,0,10,永全-南崁,2023-03-24,6451
5525,順天,10,0,10,永全-南崁,2023-03-24,6451
6843,進典,10,0,10,永全-南崁,2023-03-24,6451
8104,錸寶,10,0,10,永全-南崁,2023-03-24,6451
9907,統一實,10,0,10,永全-南崁,2023-03-24,6451
1584,精剛,9,0,9,永全-南崁,2023-03-24,6451
3455,由田,10,2,8,永全-南崁,2023-03-24,6451
3479,安勤,11,3,8,永全-南崁,2023-03-24,6451
6182,合晶,9,1,8,永全-南崁,2023-03-24,6451
8049,晶采,8,0,8,永全-南崁,2023-03-24,6451
2104,國際中橡,7,0,7,永全-南崁,2023-03-24,6451
6485,點序,10,3,7,永全-南崁,2023-03-24,6451
8358,金居,12,5,7,永全-南崁,2023-03-24,6451
1795,美時,8,2,6,永全-南崁,2023-03-24,6451
4142,國光生,13,7,6,永全-南崁,2023-03-24,6451
8110,華東,6,0,6,永全-南崁,2023-03-24,6451
1810,和成,5,0,5,永全-南崁,2023-03-24,6451
00637L,元大滬深300正2,5,0,5,永全-南崁,2023-03-24,6451
2402,毅嘉,27,22,5,永全-南崁,2023-03-24,6451
2455,全新,6,1,5,永全-南崁,2023-03-24,6451
2603,長榮,16,11,5,永全-南崁,2023-03-24,6451
3441,聯一光,13,8,5,永全-南崁,2023-03-24,6451
3558,神準,7,2,5,永全-南崁,2023-03-24,6451
3576,聯合再生,5,0,5,永全-南崁,2023-03-24,6451
6288,聯嘉,357,0,357,永全-南崁,2023-03-27,6451
00632R,元大台灣50反1,340,0,340,永全-南崁,2023-03-27,6451
6290,良維,90,0,90,永全-南崁,2023-03-27,6451
1605,華新,71,1,70,永全-南崁,2023-03-27,6451
00637L,元大滬深300正2,79,14,65,永全-南崁,2023-03-27,6451
00882,中信中國高股息,54,0,54,永全-南崁,2023-03-27,6451
8033,雷虎,53,3,50,永全-南崁,2023-03-27,6451
1504,東元,102,60,42,永全-南崁,2023-03-27,6451
3264,欣銓,36,1,35,永全-南崁,2023-03-27,6451
3682,亞太電,35,0,35,永全-南崁,2023-03-27,6451
1810,和成,102,70,32,永全-南崁,2023-03-27,6451
1477,聚陽,30,0,30,永全-南崁,2023-03-27,6451
3715,定穎投控,28,0,28,永全-南崁,2023-03-27,6451
6226,光鼎,26,0,26,永全-南崁,2023-03-27,6451
5426,振發,24,0,24,永全-南崁,2023-03-27,6451
00878,國泰永續高股息,38,16,22,永全-南崁,2023-03-27,6451
6263,普萊德,22,0,22,永全-南崁,2023-03-27,6451
2332,友訊,28,7,21,永全-南崁,2023-03-27,6451
2427,三商電,20,0,20,永全-南崁,2023-03-27,6451
2461,光群雷,20,0,20,永全-南崁,2023-03-27,6451
2634,漢翔,21,2,19,永全-南崁,2023-03-27,6451
4919,新唐,16,0,16,永全-南崁,2023-03-27,6451
3706,神達,20,5,15,永全-南崁,2023-03-27,6451
5351,鈺創,23,9,14,永全-南崁,2023-03-27,6451
6205,詮欣,14,0,14,永全-南崁,2023-03-27,6451
8358,金居,14,0,14,永全-南崁,2023-03-27,6451
3714,富采,15,2,13,永全-南崁,2023-03-27,6451
1795,美時,15,3,12,永全-南崁,2023-03-27,6451
00753L,中信中國50正2,14,2,12,永全-南崁,2023-03-27,6451
2471,資通,23,11,12,永全-南崁,2023-03-27,6451
2317,鴻海,11,0,11,永全-南崁,2023-03-27,6451
2723,美食-KY,11,0,11,永全-南崁,2023-03-27,6451
1409,新纖,10,0,10,永全-南崁,2023-03-27,6451
2362,藍天,10,0,10,永全-南崁,2023-03-27,6451
2404,漢唐,13,3,10,永全-南崁,2023-03-27,6451
3665,貿聯-KY,10,0,10,永全-南崁,2023-03-27,6451
4157,太景*-KY,10,0,10,永全-南崁,2023-03-27,6451
6109,亞元,10,0,10,永全-南崁,2023-03-27,6451
6197,佳必琪,10,0,10,永全-南崁,2023-03-27,6451
1101,台泥,34,25,9,永全-南崁,2023-03-27,6451
2408,南亞科,12,3,9,永全-南崁,2023-03-27,6451
3005,神基,10,1,9,永全-南崁,2023-03-27,6451
4114,健喬,10,1,9,永全-南崁,2023-03-27,6451
6770,力積電,9,0,9,永全-南崁,2023-03-27,6451
8936,國統,10,1,9,永全-南崁,2023-03-27,6451
1609,大亞,24,16,8,永全-南崁,2023-03-27,6451
2607,榮運,8,0,8,永全-南崁,2023-03-27,6451
3035,智原,19,11,8,永全-南崁,2023-03-27,6451
5284,jpp-KY,13,5,8,永全-南崁,2023-03-27,6451
6202,盛群,8,0,8,永全-南崁,2023-03-27,6451
2610,華航,112,11,101,永全-南崁,2023-03-28,6451
2317,鴻海,56,3,53,永全-南崁,2023-03-28,6451
00673R,期元大S＆P原油反1,50,0,50,永全-南崁,2023-03-28,6451
2014,中鴻,44,0,44,永全-南崁,2023-03-28,6451
2605,新興,41,0,41,永全-南崁,2023-03-28,6451
3049,精金,40,0,40,永全-南崁,2023-03-28,6451
3576,聯合再生,40,0,40,永全-南崁,2023-03-28,6451
5351,鈺創,41,8,33,永全-南崁,2023-03-28,6451
3037,欣興,87,55,32,永全-南崁,2023-03-28,6451
00679B,元大美債20年,40,10,30,永全-南崁,2023-03-28,6451
3682,亞太電,30,0,30,永全-南崁,2023-03-28,6451
4155,訊映,30,0,30,永全-南崁,2023-03-28,6451
6276,安鈦克,30,0,30,永全-南崁,2023-03-28,6451
3624,光頡,55,29,26,永全-南崁,2023-03-28,6451
2884,玉山金,25,0,25,永全-南崁,2023-03-28,6451
6163,華電網,23,0,23,永全-南崁,2023-03-28,6451
1609,大亞,23,1,22,永全-南崁,2023-03-28,6451
4919,新唐,31,10,21,永全-南崁,2023-03-28,6451
0056,元大高股息,20,0,20,永全-南崁,2023-03-28,6451
00683L,期元大美元指正2,20,0,20,永全-南崁,2023-03-28,6451
3272,東碩,20,0,20,永全-南崁,2023-03-28,6451
2485,兆赫,20,2,18,永全-南崁,2023-03-28,6451
2201,裕隆,17,0,17,永全-南崁,2023-03-28,6451
1605,華新,40,24,16,永全-南崁,2023-03-28,6451
2368,金像電,65,50,15,永全-南崁,2023-03-28,6451
3169,亞信,15,0,15,永全-南崁,2023-03-28,6451
6715,嘉基,15,0,15,永全-南崁,2023-03-28,6451
3665,貿聯-KY,15,1,14,永全-南崁,2023-03-28,6451
1101,台泥,15,2,13,永全-南崁,2023-03-28,6451
2104,國際中橡,20,7,13,永全-南崁,2023-03-28,6451
6432,今展科,15,2,13,永全-南崁,2023-03-28,6451
6223,旺矽,13,1,12,永全-南崁,2023-03-28,6451
3338,泰碩,34,23,11,永全-南崁,2023-03-28,6451
3356,奇偶,11,0,11,永全-南崁,2023-03-28,6451
4147,中裕,14,3,11,永全-南崁,2023-03-28,6451
00882,中信中國高股息,10,0,10,永全-南崁,2023-03-28,6451
00751B,元大AAA至A公司債,10,0,10,永全-南崁,2023-03-28,6451
00922,國泰台灣領袖50,10,0,10,永全-南崁,2023-03-28,6451
1708,東鹼,11,1,10,永全-南崁,2023-03-28,6451
1795,美時,12,2,10,永全-南崁,2023-03-28,6451
2107,厚生,10,0,10,永全-南崁,2023-03-28,6451
2427,三商電,10,0,10,永全-南崁,2023-03-28,6451
2883,凱基金,11,1,10,永全-南崁,2023-03-28,6451
6140,訊達,51,41,10,永全-南崁,2023-03-28,6451
6213,聯茂,10,0,10,永全-南崁,2023-03-28,6451
6753,龍德造船,11,1,10,永全-南崁,2023-03-28,6451
8114,振樺電,11,1,10,永全-南崁,2023-03-28,6451
8916,光隆,10,0,10,永全-南崁,2023-03-28,6451
9904,寶成,10,0,10,永全-南崁,2023-03-28,6451
2392,正崴,9,0,9,永全-南崁,2023-03-28,6451
2610,華航,165,103,62,永全-南崁,2023-03-29,6451
1522,堤維西,35,0,35,永全-南崁,2023-03-29,6451
3576,聯合再生,35,0,35,永全-南崁,2023-03-29,6451
2618,長榮航,146,115,31,永全-南崁,2023-03-29,6451
2603,長榮,24,0,24,永全-南崁,2023-03-29,6451
3715,定穎投控,61,38,23,永全-南崁,2023-03-29,6451
6189,豐藝,25,2,23,永全-南崁,2023-03-29,6451
2408,南亞科,22,0,22,永全-南崁,2023-03-29,6451
4536,拓凱,22,0,22,永全-南崁,2023-03-29,6451
00673R,期元大S＆P原油反1,20,0,20,永全-南崁,2023-03-29,6451
2349,錸德,20,0,20,永全-南崁,2023-03-29,6451
3434,哲固,20,0,20,永全-南崁,2023-03-29,6451
6122,擎邦,20,0,20,永全-南崁,2023-03-29,6451
2303,聯電,23,4,19,永全-南崁,2023-03-29,6451
5371,中光電,20,2,18,永全-南崁,2023-03-29,6451
6263,普萊德,18,0,18,永全-南崁,2023-03-29,6451
4919,新唐,16,0,16,永全-南崁,2023-03-29,6451
6146,耕興,16,0,16,永全-南崁,2023-03-29,6451
1504,東元,22,7,15,永全-南崁,2023-03-29,6451
00679B,元大美債20年,15,0,15,永全-南崁,2023-03-29,6451
00633L,富邦上証正2,15,0,15,永全-南崁,2023-03-29,6451
2402,毅嘉,15,1,14,永全-南崁,2023-03-29,6451
3035,智原,19,6,13,永全-南崁,2023-03-29,6451
6605,帝寶,13,0,13,永全-南崁,2023-03-29,6451
2609,陽明,13,1,12,永全-南崁,2023-03-29,6451
00632R,元大台灣50反1,12,0,12,永全-南崁,2023-03-29,6451
4743,合一,12,0,12,永全-南崁,2023-03-29,6451
2329,華泰,11,0,11,永全-南崁,2023-03-29,6451
3432,台端,11,0,11,永全-南崁,2023-03-29,6451
6715,嘉基,12,1,11,永全-南崁,2023-03-29,6451
00905,FT臺灣Smart,10,0,10,永全-南崁,2023-03-29,6451
00772B,中信高評級公司債,10,0,10,永全-南崁,2023-03-29,6451
2455,全新,30,20,10,永全-南崁,2023-03-29,6451
3059,華晶科,10,0,10,永全-南崁,2023-03-29,6451
6111,大宇資,10,0,10,永全-南崁,2023-03-29,6451
6205,詮欣,10,0,10,永全-南崁,2023-03-29,6451
2736,富野,11,2,9,永全-南崁,2023-03-29,6451
6770,力積電,10,1,9,永全-南崁,2023-03-29,6451
3025,星通,33,26,7,永全-南崁,2023-03-29,6451
3231,緯創,23,16,7,永全-南崁,2023-03-29,6451
3707,漢磊,7,0,7,永全-南崁,2023-03-29,6451
6285,啟��,12,5,7,永全-南崁,2023-03-29,6451
2338,光罩,6,0,6,永全-南崁,2023-03-29,6451
2368,金像電,6,0,6,永全-南崁,2023-03-29,6451
3049,精金,6,0,6,永全-南崁,2023-03-29,6451
3050,鈺德,6,0,6,永全-南崁,2023-03-29,6451
5871,中租-KY,6,0,6,永全-南崁,2023-03-29,6451
00680L,元大美債20正2,5,0,5,永全-南崁,2023-03-29,6451
2420,新巨,5,0,5,永全-南崁,2023-03-29,6451
2492,華新科,5,0,5,永全-南崁,2023-03-29,6451
6667,信紘科,56,0,56,永全-南崁,2023-03-30,6451
2406,國碩,50,0,50,永全-南崁,2023-03-30,6451
2884,玉山金,25,3,22,永全-南崁,2023-03-30,6451
3062,建漢,20,0,20,永全-南崁,2023-03-30,6451
6263,普萊德,20,0,20,永全-南崁,2023-03-30,6451
2312,金寶,15,0,15,永全-南崁,2023-03-30,6451
2883,凱基金,15,0,15,永全-南崁,2023-03-30,6451
2356,英業達,15,1,14,永全-南崁,2023-03-30,6451
1102,亞泥,10,0,10,永全-南崁,2023-03-30,6451
1101,台泥,10,0,10,永全-南崁,2023-03-30,6451
00715L,期街口布蘭特正2,10,0,10,永全-南崁,2023-03-30,6451
2352,佳世達,10,0,10,永全-南崁,2023-03-30,6451
2867,三商壽,10,0,10,永全-南崁,2023-03-30,6451
5907,大洋-KY,10,0,10,永全-南崁,2023-03-30,6451
2409,友達,9,0,9,永全-南崁,2023-03-30,6451
4909,新復興,10,1,9,永全-南崁,2023-03-30,6451
00679B,元大美債20年,8,0,8,永全-南崁,2023-03-30,6451
3673,TPK-KY,8,0,8,永全-南崁,2023-03-30,6451
9945,潤泰新,8,0,8,永全-南崁,2023-03-30,6451
2889,國票金,7,0,7,永全-南崁,2023-03-30,6451
3356,奇偶,7,0,7,永全-南崁,2023-03-30,6451
1760,寶齡富錦,7,1,6,永全-南崁,2023-03-30,6451
2360,致茂,6,0,6,永全-南崁,2023-03-30,6451
2392,正崴,6,0,6,永全-南崁,2023-03-30,6451
2534,宏盛,6,0,6,永全-南崁,2023-03-30,6451
2615,萬海,11,5,6,永全-南崁,2023-03-30,6451
3441,聯一光,6,0,6,永全-南崁,2023-03-30,6451
3479,安勤,11,5,6,永全-南崁,2023-03-30,6451
5284,jpp-KY,7,1,6,永全-南崁,2023-03-30,6451
1402,遠東新,5,0,5,永全-南崁,2023-03-30,6451
1326,台化,5,0,5,永全-南崁,2023-03-30,6451
1314,中石化,5,0,5,永全-南崁,2023-03-30,6451
00665L,富邦�琤肭磪囓�2,5,0,5,永全-南崁,2023-03-30,6451
00680L,元大美債20正2,5,0,5,永全-南崁,2023-03-30,6451
00753L,中信中國50正2,5,0,5,永全-南崁,2023-03-30,6451
1752,南光,6,1,5,永全-南崁,2023-03-30,6451
2107,厚生,5,0,5,永全-南崁,2023-03-30,6451
2609,陽明,8,3,5,永全-南崁,2023-03-30,6451
2618,長榮航,9,4,5,永全-南崁,2023-03-30,6451
4142,國光生,5,0,5,永全-南崁,2023-03-30,6451
6129,普誠,7,2,5,永全-南崁,2023-03-30,6451
6245,立端,5,0,5,永全-南崁,2023-03-30,6451
6472,保瑞,5,0,5,永全-南崁,2023-03-30,6451
8409,商之器,5,0,5,永全-南崁,2023-03-30,6451
2753,八方雲集,4,0,4,永全-南崁,2023-03-30,6451
3702,大聯大,5,1,4,永全-南崁,2023-03-30,6451
4163,鐿鈦,4,0,4,永全-南崁,2023-03-30,6451
4743,合一,4,0,4,永全-南崁,2023-03-30,6451
5706,鳳凰,4,0,4,永全-南崁,2023-03-30,6451
6122,擎邦,10,6,4,永全-南崁,2023-03-30,6451
3714,富采,92,0,92,永全-南崁,2023-03-31,6451
8088,品安,90,8,82,永全-南崁,2023-03-31,6451
6263,普萊德,38,0,38,永全-南崁,2023-03-31,6451
00673R,期元大S＆P原油反1,30,0,30,永全-南崁,2023-03-31,6451
2329,華泰,30,0,30,永全-南崁,2023-03-31,6451
4207,環泰,30,0,30,永全-南崁,2023-03-31,6451
2884,玉山金,25,0,25,永全-南崁,2023-03-31,6451
4973,廣穎,20,0,20,永全-南崁,2023-03-31,6451
2233,宇隆,18,0,18,永全-南崁,2023-03-31,6451
6233,旺玖,19,1,18,永全-南崁,2023-03-31,6451
8114,振樺電,18,0,18,永全-南崁,2023-03-31,6451
6667,信紘科,17,0,17,永全-南崁,2023-03-31,6451
2889,國票金,15,0,15,永全-南崁,2023-03-31,6451
3479,安勤,16,1,15,永全-南崁,2023-03-31,6451
1760,寶齡富錦,15,1,14,永全-南崁,2023-03-31,6451
2302,麗正,16,2,14,永全-南崁,2023-03-31,6451
2457,飛宏,34,22,12,永全-南崁,2023-03-31,6451
2353,宏��,12,0,12,永全-南崁,2023-03-31,6451
2867,三商壽,12,0,12,永全-南崁,2023-03-31,6451
3037,欣興,51,39,12,永全-南崁,2023-03-31,6451
6443,元晶,13,1,12,永全-南崁,2023-03-31,6451
6139,亞翔,11,0,11,永全-南崁,2023-03-31,6451
2324,仁寶,10,0,10,永全-南崁,2023-03-31,6451
1339,昭輝,10,0,10,永全-南崁,2023-03-31,6451
1795,美時,11,1,10,永全-南崁,2023-03-31,6451
2030,彰源,10,0,10,永全-南崁,2023-03-31,6451
2610,華航,10,0,10,永全-南崁,2023-03-31,6451
2888,新光金,10,0,10,永全-南崁,2023-03-31,6451
2915,潤泰全,10,0,10,永全-南崁,2023-03-31,6451
3049,精金,10,0,10,永全-南崁,2023-03-31,6451
3312,弘憶股,10,0,10,永全-南崁,2023-03-31,6451
3540,曜越,14,4,10,永全-南崁,2023-03-31,6451
4744,皇將,10,0,10,永全-南崁,2023-03-31,6451
6606,建德工業,10,0,10,永全-南崁,2023-03-31,6451
8936,國統,10,0,10,永全-南崁,2023-03-31,6451
1605,華新,16,7,9,永全-南崁,2023-03-31,6451
6285,啟��,14,5,9,永全-南崁,2023-03-31,6451
2022,聚亨,8,0,8,永全-南崁,2023-03-31,6451
2481,強茂,8,0,8,永全-南崁,2023-03-31,6451
2482,連宇,15,7,8,永全-南崁,2023-03-31,6451
6143,振曜,8,0,8,永全-南崁,2023-03-31,6451
3105,穩懋,23,16,7,永全-南崁,2023-03-31,6451
3711,日月光投控,8,1,7,永全-南崁,2023-03-31,6451
1513,中興電,9,3,6,永全-南崁,2023-03-31,6451
3447,展達,6,0,6,永全-南崁,2023-03-31,6451
4919,新唐,31,25,6,永全-南崁,2023-03-31,6451
5425,台半,9,3,6,永全-南崁,2023-03-31,6451
6133,金橋,16,10,6,永全-南崁,2023-03-31,6451
6182,合晶,6,0,6,永全-南崁,2023-03-31,6451
6191,精成科,6,0,6,永全-南崁,2023-03-31,6451
00673R,期元大S＆P原油反1,230,40,190,永全-南崁,2023-04-06,6451
2014,中鴻,154,0,154,永全-南崁,2023-04-06,6451
8227,巨有科技,120,1,119,永全-南崁,2023-04-06,6451
2027,大成鋼,50,0,50,永全-南崁,2023-04-06,6451
00665L,富邦�琤肭磪囓�2,50,0,50,永全-南崁,2023-04-06,6451
3680,家登,45,0,45,永全-南崁,2023-04-06,6451
3665,貿聯-KY,43,0,43,永全-南崁,2023-04-06,6451
2618,長榮航,40,0,40,永全-南崁,2023-04-06,6451
2884,玉山金,42,6,36,永全-南崁,2023-04-06,6451
1444,力麗,25,0,25,永全-南崁,2023-04-06,6451
3056,富華新,25,0,25,永全-南崁,2023-04-06,6451
2358,廷鑫,20,0,20,永全-南崁,2023-04-06,6451
6156,松上,19,0,19,永全-南崁,2023-04-06,6451
2609,陽明,18,1,17,永全-南崁,2023-04-06,6451
2344,華邦電,17,1,16,永全-南崁,2023-04-06,6451
6263,普萊德,16,0,16,永全-南崁,2023-04-06,6451
4919,新唐,15,0,15,永全-南崁,2023-04-06,6451
8409,商之器,15,0,15,永全-南崁,2023-04-06,6451
3703,欣陸,13,0,13,永全-南崁,2023-04-06,6451
1785,光洋科,11,0,11,永全-南崁,2023-04-06,6451
2302,麗正,11,0,11,永全-南崁,2023-04-06,6451
3552,同致,11,0,11,永全-南崁,2023-04-06,6451
1314,中石化,20,10,10,永全-南崁,2023-04-06,6451
2634,漢翔,10,0,10,永全-南崁,2023-04-06,6451
2905,三商,10,0,10,永全-南崁,2023-04-06,6451
4162,智擎,11,1,10,永全-南崁,2023-04-06,6451
4967,十銓,22,12,10,永全-南崁,2023-04-06,6451
6146,耕興,10,0,10,永全-南崁,2023-04-06,6451
6414,樺漢,10,0,10,永全-南崁,2023-04-06,6451
6715,嘉基,10,0,10,永全-南崁,2023-04-06,6451
2633,台灣高鐵,10,1,9,永全-南崁,2023-04-06,6451
3479,安勤,10,1,9,永全-南崁,2023-04-06,6451
3490,單井,9,0,9,永全-南崁,2023-04-06,6451
1504,東元,9,1,8,永全-南崁,2023-04-06,6451
2482,連宇,16,8,8,永全-南崁,2023-04-06,6451
5309,系統電,10,2,8,永全-南崁,2023-04-06,6451
5347,世界,9,1,8,永全-南崁,2023-04-06,6451
6205,詮欣,8,0,8,永全-南崁,2023-04-06,6451
8069,元太,12,4,8,永全-南崁,2023-04-06,6451
00633L,富邦上証正2,7,0,7,永全-南崁,2023-04-06,6451
2615,萬海,14,7,7,永全-南崁,2023-04-06,6451
6770,力積電,7,0,7,永全-南崁,2023-04-06,6451
00893,國泰智能電動車,6,0,6,永全-南崁,2023-04-06,6451
2317,鴻海,9,3,6,永全-南崁,2023-04-06,6451
3006,晶豪科,6,0,6,永全-南崁,2023-04-06,6451
3093,港建*,6,0,6,永全-南崁,2023-04-06,6451
3520,華盈,8,2,6,永全-南崁,2023-04-06,6451
6223,旺矽,6,0,6,永全-南崁,2023-04-06,6451
6548,長科*,9,3,6,永全-南崁,2023-04-06,6451
9945,潤泰新,8,2,6,永全-南崁,2023-04-06,6451
2867,三商壽,173,0,173,永全-南崁,2023-04-07,6451
2337,旺宏,120,0,120,永全-南崁,2023-04-07,6451
4979,華星光,82,4,78,永全-南崁,2023-04-07,6451
1605,華新,55,5,50,永全-南崁,2023-04-07,6451
6547,高端疫苗,50,0,50,永全-南崁,2023-04-07,6451
2891,中信金,45,0,45,永全-南崁,2023-04-07,6451
00679B,元大美債20年,41,5,36,永全-南崁,2023-04-07,6451
1102,亞泥,22,0,22,永全-南崁,2023-04-07,6451
00717,富邦美國特別股,20,0,20,永全-南崁,2023-04-07,6451
3576,聯合再生,20,0,20,永全-南崁,2023-04-07,6451
5452,佶優,22,2,20,永全-南崁,2023-04-07,6451
2344,華邦電,92,73,19,永全-南崁,2023-04-07,6451
6125,廣運,30,12,18,永全-南崁,2023-04-07,6451
2356,英業達,29,13,16,永全-南崁,2023-04-07,6451
2388,威盛,15,0,15,永全-南崁,2023-04-07,6451
2402,毅嘉,20,5,15,永全-南崁,2023-04-07,6451
6185,幃翔,20,5,15,永全-南崁,2023-04-07,6451
3189,景碩,15,1,14,永全-南崁,2023-04-07,6451
1220,台榮,12,0,12,永全-南崁,2023-04-07,6451
1796,金穎生技,12,0,12,永全-南崁,2023-04-07,6451
5222,全訊,14,3,11,永全-南崁,2023-04-07,6451
6285,啟��,11,0,11,永全-南崁,2023-04-07,6451
8088,品安,16,5,11,永全-南崁,2023-04-07,6451
1708,東鹼,10,0,10,永全-南崁,2023-04-07,6451
2208,台船,10,0,10,永全-南崁,2023-04-07,6451
2888,新光金,10,0,10,永全-南崁,2023-04-07,6451
4958,臻鼎-KY,10,0,10,永全-南崁,2023-04-07,6451
6197,佳必琪,12,2,10,永全-南崁,2023-04-07,6451
6205,詮欣,10,0,10,永全-南崁,2023-04-07,6451
6220,岳豐,10,0,10,永全-南崁,2023-04-07,6451
6667,信紘科,10,0,10,永全-南崁,2023-04-07,6451
6143,振曜,11,2,9,永全-南崁,2023-04-07,6451
6263,普萊德,9,0,9,永全-南崁,2023-04-07,6451
6770,力積電,9,0,9,永全-南崁,2023-04-07,6451
00753L,中信中國50正2,8,0,8,永全-南崁,2023-04-07,6451
2342,茂矽,8,0,8,永全-南崁,2023-04-07,6451
3071,協禧,8,0,8,永全-南崁,2023-04-07,6451
4562,穎漢,7,0,7,永全-南崁,2023-04-07,6451
4931,新盛力,7,0,7,永全-南崁,2023-04-07,6451
1810,和成,6,0,6,永全-南崁,2023-04-07,6451
2484,希華,6,0,6,永全-南崁,2023-04-07,6451
2645,長榮航太,6,0,6,永全-南崁,2023-04-07,6451
3236,千如,6,0,6,永全-南崁,2023-04-07,6451
3703,欣陸,6,0,6,永全-南崁,2023-04-07,6451
1752,南光,6,1,5,永全-南崁,2023-04-07,6451
1533,車王電,5,0,5,永全-南崁,2023-04-07,6451
00713,元大台灣高息低波,5,0,5,永全-南崁,2023-04-07,6451
2329,華泰,5,0,5,永全-南崁,2023-04-07,6451
2537,聯上發,5,0,5,永全-南崁,2023-04-07,6451
3037,欣興,5,0,5,永全-南崁,2023-04-07,6451
00673R,期元大S＆P原油反1,160,0,160,永全-南崁,2023-04-10,6451
1434,福懋,60,1,59,永全-南崁,2023-04-10,6451
00664R,國泰臺灣加權反1,32,0,32,永全-南崁,2023-04-10,6451
2344,華邦電,45,15,30,永全-南崁,2023-04-10,6451
00632R,元大台灣50反1,30,0,30,永全-南崁,2023-04-10,6451
3264,欣銓,30,0,30,永全-南崁,2023-04-10,6451
6205,詮欣,37,10,27,永全-南崁,2023-04-10,6451
00878,國泰永續高股息,24,2,22,永全-南崁,2023-04-10,6451
00679B,元大美債20年,20,0,20,永全-南崁,2023-04-10,6451
2633,台灣高鐵,20,0,20,永全-南崁,2023-04-10,6451
3141,晶宏,22,2,20,永全-南崁,2023-04-10,6451
4967,十銓,20,0,20,永全-南崁,2023-04-10,6451
5403,中菲,20,0,20,永全-南崁,2023-04-10,6451
8163,達方,20,0,20,永全-南崁,2023-04-10,6451
6122,擎邦,19,0,19,永全-南崁,2023-04-10,6451
1304,台聚,18,0,18,永全-南崁,2023-04-10,6451
2887,台新金,14,0,14,永全-南崁,2023-04-10,6451
3162,精確,13,0,13,永全-南崁,2023-04-10,6451
00637L,元大滬深300正2,12,0,12,永全-南崁,2023-04-10,6451
6285,啟��,11,0,11,永全-南崁,2023-04-10,6451
00631L,元大台灣50正2,11,0,11,永全-南崁,2023-04-10,6451
1717,長興,11,1,10,永全-南崁,2023-04-10,6451
1605,華新,10,0,10,永全-南崁,2023-04-10,6451
00687B,國泰20年美債,10,0,10,永全-南崁,2023-04-10,6451
00680L,元大美債20正2,10,0,10,永全-南崁,2023-04-10,6451
2302,麗正,10,0,10,永全-南崁,2023-04-10,6451
2337,旺宏,10,0,10,永全-南崁,2023-04-10,6451
2610,華航,11,1,10,永全-南崁,2023-04-10,6451
2891,中信金,10,0,10,永全-南崁,2023-04-10,6451
3362,先進光,12,2,10,永全-南崁,2023-04-10,6451
4121,優盛,10,0,10,永全-南崁,2023-04-10,6451
4128,中天,10,0,10,永全-南崁,2023-04-10,6451
6138,茂達,14,4,10,永全-南崁,2023-04-10,6451
6770,力積電,10,0,10,永全-南崁,2023-04-10,6451
8383,千附,10,0,10,永全-南崁,2023-04-10,6451
8936,國統,10,0,10,永全-南崁,2023-04-10,6451
2609,陽明,15,6,9,永全-南崁,2023-04-10,6451
4163,鐿鈦,9,0,9,永全-南崁,2023-04-10,6451
1785,光洋科,8,0,8,永全-南崁,2023-04-10,6451
2023,燁輝,8,0,8,永全-南崁,2023-04-10,6451
2371,大同,8,0,8,永全-南崁,2023-04-10,6451
6160,欣技,8,0,8,永全-南崁,2023-04-10,6451
6715,嘉基,15,7,8,永全-南崁,2023-04-10,6451
8028,昇陽半導體,8,0,8,永全-南崁,2023-04-10,6451
2408,南亞科,9,2,7,永全-南崁,2023-04-10,6451
5608,四維航,7,0,7,永全-南崁,2023-04-10,6451
6829,千附精密,9,2,7,永全-南崁,2023-04-10,6451
8112,至上,9,2,7,永全-南崁,2023-04-10,6451
3042,晶技,6,0,6,永全-南崁,2023-04-10,6451
6111,大宇資,6,0,6,永全-南崁,2023-04-10,6451
3715,定穎投控,36,0,36,永全-南崁,2023-04-11,6451
1609,大亞,40,5,35,永全-南崁,2023-04-11,6451
00664R,國泰臺灣加權反1,33,0,33,永全-南崁,2023-04-11,6451
1503,士電,91,67,24,永全-南崁,2023-04-11,6451
6205,詮欣,22,0,22,永全-南崁,2023-04-11,6451
4426,利勤,20,0,20,永全-南崁,2023-04-11,6451
2349,錸德,20,0,20,永全-南崁,2023-04-11,6451
3402,漢科,19,0,19,永全-南崁,2023-04-11,6451
00679B,元大美債20年,16,0,16,永全-南崁,2023-04-11,6451
6418,詠昇,18,3,15,永全-南崁,2023-04-11,6451
6443,元晶,15,1,14,永全-南崁,2023-04-11,6451
00878,國泰永續高股息,19,5,14,永全-南崁,2023-04-11,6451
2891,中信金,15,2,13,永全-南崁,2023-04-11,6451
2736,富野,12,0,12,永全-南崁,2023-04-11,6451
6411,晶焱,12,0,12,永全-南崁,2023-04-11,6451
1519,華城,17,6,11,永全-南崁,2023-04-11,6451
6129,普誠,11,0,11,永全-南崁,2023-04-11,6451
3013,晟銘電,10,0,10,永全-南崁,2023-04-11,6451
3038,全台,10,0,10,永全-南崁,2023-04-11,6451
3558,神準,10,0,10,永全-南崁,2023-04-11,6451
3694,海華,10,0,10,永全-南崁,2023-04-11,6451
5464,霖宏,10,0,10,永全-南崁,2023-04-11,6451
6116,彩晶,10,0,10,永全-南崁,2023-04-11,6451
6244,茂迪,10,0,10,永全-南崁,2023-04-11,6451
3037,欣興,16,7,9,永全-南崁,2023-04-11,6451
6209,今國光,10,1,9,永全-南崁,2023-04-11,6451
1220,台榮,8,0,8,永全-南崁,2023-04-11,6451
2317,鴻海,8,0,8,永全-南崁,2023-04-11,6451
2483,百容,8,0,8,永全-南崁,2023-04-11,6451
3006,晶豪科,35,27,8,永全-南崁,2023-04-11,6451
3049,精金,18,10,8,永全-南崁,2023-04-11,6451
6163,華電網,21,13,8,永全-南崁,2023-04-11,6451
2457,飛宏,10,2,8,永全-南崁,2023-04-11,6451
2388,威盛,14,7,7,永全-南崁,2023-04-11,6451
6142,友勁,7,0,7,永全-南崁,2023-04-11,6451
8069,元太,7,0,7,永全-南崁,2023-04-11,6451
8358,金居,10,3,7,永全-南崁,2023-04-11,6451
00882,中信中國高股息,6,0,6,永全-南崁,2023-04-11,6451
1524,耿鼎,6,0,6,永全-南崁,2023-04-11,6451
00753L,中信中國50正2,6,0,6,永全-南崁,2023-04-11,6451
3591,艾笛森,6,0,6,永全-南崁,2023-04-11,6451
8050,廣積,6,0,6,永全-南崁,2023-04-11,6451
3479,安勤,7,1,6,永全-南崁,2023-04-11,6451
1605,華新,6,1,5,永全-南崁,2023-04-11,6451
1216,統一,5,0,5,永全-南崁,2023-04-11,6451
1231,聯華食,5,0,5,永全-南崁,2023-04-11,6451
00712,復華富時不動產,5,0,5,永全-南崁,2023-04-11,6451
00687B,國泰20年美債,5,0,5,永全-南崁,2023-04-11,6451
00680L,元大美債20正2,5,0,5,永全-南崁,2023-04-11,6451
00773B,中信優先金融債,5,0,5,永全-南崁,2023-04-11,6451
2610,華航,100,0,100,永全-南崁,2023-04-12,6451
3680,家登,59,0,59,永全-南崁,2023-04-12,6451
1514,亞力,113,56,57,永全-南崁,2023-04-12,6451
00664R,國泰臺灣加權反1,35,0,35,永全-南崁,2023-04-12,6451
2891,中信金,31,0,31,永全-南崁,2023-04-12,6451
3325,旭品,28,0,28,永全-南崁,2023-04-12,6451
00882,中信中國高股息,20,0,20,永全-南崁,2023-04-12,6451
00679B,元大美債20年,20,0,20,永全-南崁,2023-04-12,6451
2867,三商壽,20,0,20,永全-南崁,2023-04-12,6451
6150,撼訊,20,0,20,永全-南崁,2023-04-12,6451
3081,聯亞,18,0,18,永全-南崁,2023-04-12,6451
6792,詠業,16,0,16,永全-南崁,2023-04-12,6451
4909,新復興,15,0,15,永全-南崁,2023-04-12,6451
5403,中菲,13,0,13,永全-南崁,2023-04-12,6451
8222,寶一,30,18,12,永全-南崁,2023-04-12,6451
2455,全新,11,0,11,永全-南崁,2023-04-12,6451
3092,鴻碩,11,0,11,永全-南崁,2023-04-12,6451
1605,華新,18,8,10,永全-南崁,2023-04-12,6451
00902,中信電池及儲能,10,0,10,永全-南崁,2023-04-12,6451
1101,台泥,10,0,10,永全-南崁,2023-04-12,6451
00650L,復華香港正2,10,0,10,永全-南崁,2023-04-12,6451
00637L,元大滬深300正2,10,0,10,永全-南崁,2023-04-12,6451
2461,光群雷,10,0,10,永全-南崁,2023-04-12,6451
2897,王道銀行,10,0,10,永全-南崁,2023-04-12,6451
3060,銘異,10,0,10,永全-南崁,2023-04-12,6451
3078,僑威,10,0,10,永全-南崁,2023-04-12,6451
3362,先進光,10,0,10,永全-南崁,2023-04-12,6451
6167,久正,10,0,10,永全-南崁,2023-04-12,6451
8150,南茂,10,0,10,永全-南崁,2023-04-12,6451
2645,長榮航太,10,1,9,永全-南崁,2023-04-12,6451
5371,中光電,10,1,9,永全-南崁,2023-04-12,6451
6715,嘉基,10,1,9,永全-南崁,2023-04-12,6451
00712,復華富時不動產,8,0,8,永全-南崁,2023-04-12,6451
2402,毅嘉,17,9,8,永全-南崁,2023-04-12,6451
3162,精確,8,0,8,永全-南崁,2023-04-12,6451
3236,千如,10,2,8,永全-南崁,2023-04-12,6451
3356,奇偶,10,2,8,永全-南崁,2023-04-12,6451
5306,桂盟,8,0,8,永全-南崁,2023-04-12,6451
6104,創惟,10,2,8,永全-南崁,2023-04-12,6451
6274,台燿,8,0,8,永全-南崁,2023-04-12,6451
2317,鴻海,7,0,7,永全-南崁,2023-04-12,6451
3035,智原,9,2,7,永全-南崁,2023-04-12,6451
1810,和成,7,0,7,永全-南崁,2023-04-12,6451
4952,凌通,10,3,7,永全-南崁,2023-04-12,6451
6770,力積電,9,2,7,永全-南崁,2023-04-12,6451
00633L,富邦上証正2,6,0,6,永全-南崁,2023-04-12,6451
2419,仲琦,11,5,6,永全-南崁,2023-04-12,6451
3094,聯傑,6,0,6,永全-南崁,2023-04-12,6451
00680L,元大美債20正2,5,0,5,永全-南崁,2023-04-12,6451
00665L,富邦�琤肭磪囓�2,5,0,5,永全-南崁,2023-04-12,6451
2610,華航,443,287,156,永全-南崁,2023-04-13,6451
3576,聯合再生,128,17,111,永全-南崁,2023-04-13,6451
8046,南電,97,0,97,永全-南崁,2023-04-13,6451
3479,安勤,107,33,74,永全-南崁,2023-04-13,6451
4919,新唐,33,0,33,永全-南崁,2023-04-13,6451
0056,元大高股息,35,6,29,永全-南崁,2023-04-13,6451
5388,中磊,28,0,28,永全-南崁,2023-04-13,6451
1513,中興電,65,37,28,永全-南崁,2023-04-13,6451
3489,森寶,25,0,25,永全-南崁,2023-04-13,6451
1609,大亞,37,13,24,永全-南崁,2023-04-13,6451
2515,中工,52,30,22,永全-南崁,2023-04-13,6451
6122,擎邦,26,4,22,永全-南崁,2023-04-13,6451
8454,富邦媒,20,0,20,永全-南崁,2023-04-13,6451
00673R,期元大S＆P原油反1,60,40,20,永全-南崁,2023-04-13,6451
2543,皇昌,20,0,20,永全-南崁,2023-04-13,6451
3038,全台,20,0,20,永全-南崁,2023-04-13,6451
3356,奇偶,20,0,20,永全-南崁,2023-04-13,6451
6026,福邦證,20,0,20,永全-南崁,2023-04-13,6451
6418,詠昇,30,10,20,永全-南崁,2023-04-13,6451
6182,合晶,17,0,17,永全-南崁,2023-04-13,6451
2461,光群雷,16,0,16,永全-南崁,2023-04-13,6451
6163,華電網,17,1,16,永全-南崁,2023-04-13,6451
00679B,元大美債20年,15,0,15,永全-南崁,2023-04-13,6451
1108,幸福,15,0,15,永全-南崁,2023-04-13,6451
2362,藍天,15,0,15,永全-南崁,2023-04-13,6451
5488,松普,15,0,15,永全-南崁,2023-04-13,6451
2367,燿華,15,1,14,永全-南崁,2023-04-13,6451
3694,海華,17,3,14,永全-南崁,2023-04-13,6451
9958,世紀鋼,15,1,14,永全-南崁,2023-04-13,6451
1605,華新,15,2,13,永全-南崁,2023-04-13,6451
00878,國泰永續高股息,14,1,13,永全-南崁,2023-04-13,6451
1612,宏泰,22,10,12,永全-南崁,2023-04-13,6451
6285,啟��,12,0,12,永全-南崁,2023-04-13,6451
3419,譁裕,11,0,11,永全-南崁,2023-04-13,6451
1310,台苯,10,0,10,永全-南崁,2023-04-13,6451
1326,台化,10,0,10,永全-南崁,2023-04-13,6451
00650L,復華香港正2,15,5,10,永全-南崁,2023-04-13,6451
00687B,國泰20年美債,10,0,10,永全-南崁,2023-04-13,6451
00795B,中信美國公債20年,10,0,10,永全-南崁,2023-04-13,6451
2066,世德,10,0,10,永全-南崁,2023-04-13,6451
2317,鴻海,11,1,10,永全-南崁,2023-04-13,6451
2539,櫻花建,10,0,10,永全-南崁,2023-04-13,6451
2905,三商,10,0,10,永全-南崁,2023-04-13,6451
3027,盛達,12,2,10,永全-南崁,2023-04-13,6451
3374,精材,10,0,10,永全-南崁,2023-04-13,6451
3715,定穎投控,21,11,10,永全-南崁,2023-04-13,6451
6770,力積電,16,6,10,永全-南崁,2023-04-13,6451
8358,金居,10,0,10,永全-南崁,2023-04-13,6451
4931,新盛力,9,0,9,永全-南崁,2023-04-13,6451
5353,台林,12,3,9,永全-南崁,2023-04-13,6451
00632R,元大台灣50反1,360,40,320,永全-南崁,2023-04-14,6451
2610,華航,111,0,111,永全-南崁,2023-04-14,6451
2208,台船,90,10,80,永全-南崁,2023-04-14,6451
2406,國碩,60,0,60,永全-南崁,2023-04-14,6451
6205,詮欣,60,0,60,永全-南崁,2023-04-14,6451
1513,中興電,63,7,56,永全-南崁,2023-04-14,6451
2913,農林,50,0,50,永全-南崁,2023-04-14,6451
2634,漢翔,90,57,33,永全-南崁,2023-04-14,6451
3479,安勤,39,8,31,永全-南崁,2023-04-14,6451
8088,品安,26,0,26,永全-南崁,2023-04-14,6451
00712,復華富時不動產,25,0,25,永全-南崁,2023-04-14,6451
7402,邑錡,26,1,25,永全-南崁,2023-04-14,6451
0056,元大高股息,23,0,23,永全-南崁,2023-04-14,6451
8383,千附,22,0,22,永全-南崁,2023-04-14,6451
00679B,元大美債20年,20,0,20,永全-南崁,2023-04-14,6451
8454,富邦媒,20,0,20,永全-南崁,2023-04-14,6451
1587,吉茂,20,0,20,永全-南崁,2023-04-14,6451
2489,瑞軒,20,0,20,永全-南崁,2023-04-14,6451
4934,太極,20,0,20,永全-南崁,2023-04-14,6451
2883,凱基金,19,0,19,永全-南崁,2023-04-14,6451
3049,精金,30,12,18,永全-南崁,2023-04-14,6451
2303,聯電,17,0,17,永全-南崁,2023-04-14,6451
2882,國泰金,17,0,17,永全-南崁,2023-04-14,6451
3056,富華新,22,5,17,永全-南崁,2023-04-14,6451
2889,國票金,15,0,15,永全-南崁,2023-04-14,6451
8050,廣積,15,0,15,永全-南崁,2023-04-14,6451
1503,士電,12,0,12,永全-南崁,2023-04-14,6451
00633L,富邦上証正2,13,1,12,永全-南崁,2023-04-14,6451
4128,中天,12,0,12,永全-南崁,2023-04-14,6451
4931,新盛力,13,1,12,永全-南崁,2023-04-14,6451
1528,恩德,11,0,11,永全-南崁,2023-04-14,6451
1905,華紙,16,5,11,永全-南崁,2023-04-14,6451
8222,寶一,34,23,11,永全-南崁,2023-04-14,6451
00650L,復華香港正2,10,0,10,永全-南崁,2023-04-14,6451
00637L,元大滬深300正2,10,0,10,永全-南崁,2023-04-14,6451
1785,光洋科,10,0,10,永全-南崁,2023-04-14,6451
2344,華邦電,15,5,10,永全-南崁,2023-04-14,6451
2427,三商電,10,0,10,永全-南崁,2023-04-14,6451
2495,普安,10,0,10,永全-南崁,2023-04-14,6451
2515,中工,215,205,10,永全-南崁,2023-04-14,6451
2609,陽明,17,7,10,永全-南崁,2023-04-14,6451
2636,台驊控股,10,0,10,永全-南崁,2023-04-14,6451
3041,揚智,10,0,10,永全-南崁,2023-04-14,6451
4536,拓凱,11,1,10,永全-南崁,2023-04-14,6451
6176,瑞儀,12,2,10,永全-南崁,2023-04-14,6451
3060,銘異,9,0,9,永全-南崁,2023-04-14,6451
2836,高雄銀,8,0,8,永全-南崁,2023-04-14,6451
3038,全台,8,0,8,永全-南崁,2023-04-14,6451
00772B,中信高評級公司債,7,0,7,永全-南崁,2023-04-14,6451
4979,華星光,7,0,7,永全-南崁,2023-04-14,6451
0056,元大高股息,164,11,153,永全-南崁,2023-04-17,6451
3481,群創,65,0,65,永全-南崁,2023-04-17,6451
5009,榮剛,73,10,63,永全-南崁,2023-04-17,6451
2329,華泰,49,3,46,永全-南崁,2023-04-17,6451
4961,天鈺,40,0,40,永全-南崁,2023-04-17,6451
1605,華新,49,13,36,永全-南崁,2023-04-17,6451
3049,精金,35,0,35,永全-南崁,2023-04-17,6451
00679B,元大美債20年,34,0,34,永全-南崁,2023-04-17,6451
2634,漢翔,59,30,29,永全-南崁,2023-04-17,6451
3081,聯亞,30,5,25,永全-南崁,2023-04-17,6451
2236,百達-KY,29,6,23,永全-南崁,2023-04-17,6451
8046,南電,23,0,23,永全-南崁,2023-04-17,6451
2104,國際中橡,20,0,20,永全-南崁,2023-04-17,6451
2427,三商電,20,0,20,永全-南崁,2023-04-17,6451
3434,哲固,20,0,20,永全-南崁,2023-04-17,6451
3479,安勤,21,1,20,永全-南崁,2023-04-17,6451
8454,富邦媒,20,0,20,永全-南崁,2023-04-17,6451
2405,輔信,19,0,19,永全-南崁,2023-04-17,6451
2618,長榮航,29,11,18,永全-南崁,2023-04-17,6451
6163,華電網,20,3,17,永全-南崁,2023-04-17,6451
6133,金橋,15,0,15,永全-南崁,2023-04-17,6451
2609,陽明,25,11,14,永全-南崁,2023-04-17,6451
1314,中石化,13,0,13,永全-南崁,2023-04-17,6451
1514,亞力,68,55,13,永全-南崁,2023-04-17,6451
6185,幃翔,48,35,13,永全-南崁,2023-04-17,6451
6176,瑞儀,12,0,12,永全-南崁,2023-04-17,6451
1515,力山,11,0,11,永全-南崁,2023-04-17,6451
1611,中電,16,5,11,永全-南崁,2023-04-17,6451
2630,亞航,11,0,11,永全-南崁,2023-04-17,6451
2882,國泰金,24,13,11,永全-南崁,2023-04-17,6451
1310,台苯,10,0,10,永全-南崁,2023-04-17,6451
2392,正崴,10,0,10,永全-南崁,2023-04-17,6451
2888,新光金,10,0,10,永全-南崁,2023-04-17,6451
4934,太極,10,0,10,永全-南崁,2023-04-17,6451
5706,鳳凰,10,0,10,永全-南崁,2023-04-17,6451
6625,必應,10,0,10,永全-南崁,2023-04-17,6451
8358,金居,10,0,10,永全-南崁,2023-04-17,6451
6282,康舒,13,4,9,永全-南崁,2023-04-17,6451
00712,復華富時不動產,8,0,8,永全-南崁,2023-04-17,6451
3231,緯創,24,16,8,永全-南崁,2023-04-17,6451
6217,中探針,8,0,8,永全-南崁,2023-04-17,6451
8215,明基材,10,2,8,永全-南崁,2023-04-17,6451
2891,中信金,7,0,7,永全-南崁,2023-04-17,6451
3058,立德,12,5,7,永全-南崁,2023-04-17,6451
3707,漢磊,7,0,7,永全-南崁,2023-04-17,6451
6223,旺矽,12,5,7,永全-南崁,2023-04-17,6451
00878,國泰永續高股息,7,0,7,永全-南崁,2023-04-17,6451
2420,新巨,6,0,6,永全-南崁,2023-04-17,6451
2455,全新,6,0,6,永全-南崁,2023-04-17,6451
3138,耀登,8,2,6,永全-南崁,2023-04-17,6451
2610,華航,103,21,82,永全-南崁,2023-04-18,6451
3479,安勤,80,1,79,永全-南崁,2023-04-18,6451
2312,金寶,56,0,56,永全-南崁,2023-04-18,6451
3013,晟銘電,57,16,41,永全-南崁,2023-04-18,6451
8105,凌巨,28,1,27,永全-南崁,2023-04-18,6451
2408,南亞科,25,3,22,永全-南崁,2023-04-18,6451
00683L,期元大美元指正2,20,0,20,永全-南崁,2023-04-18,6451
6276,安鈦克,40,20,20,永全-南崁,2023-04-18,6451
6470,宇智,21,1,20,永全-南崁,2023-04-18,6451
8114,振樺電,20,0,20,永全-南崁,2023-04-18,6451
8383,千附,20,0,20,永全-南崁,2023-04-18,6451
2208,台船,20,0,20,永全-南崁,2023-04-18,6451
4916,事欣科,19,0,19,永全-南崁,2023-04-18,6451
2405,輔信,32,15,17,永全-南崁,2023-04-18,6451
00679B,元大美債20年,16,0,16,永全-南崁,2023-04-18,6451
2027,大成鋼,16,0,16,永全-南崁,2023-04-18,6451
2457,飛宏,42,27,15,永全-南崁,2023-04-18,6451
2401,凌陽,15,0,15,永全-南崁,2023-04-18,6451
3206,志豐,16,1,15,永全-南崁,2023-04-18,6451
4306,炎洲,15,0,15,永全-南崁,2023-04-18,6451
1605,華新,36,22,14,永全-南崁,2023-04-18,6451
2344,華邦電,16,2,14,永全-南崁,2023-04-18,6451
5009,榮剛,15,1,14,永全-南崁,2023-04-18,6451
9945,潤泰新,13,0,13,永全-南崁,2023-04-18,6451
00878,國泰永續高股息,27,14,13,永全-南崁,2023-04-18,6451
2409,友達,12,0,12,永全-南崁,2023-04-18,6451
3081,聯亞,12,0,12,永全-南崁,2023-04-18,6451
5488,松普,12,0,12,永全-南崁,2023-04-18,6451
2834,臺企銀,11,0,11,永全-南崁,2023-04-18,6451
8016,矽創,11,0,11,永全-南崁,2023-04-18,6451
1609,大亞,10,0,10,永全-南崁,2023-04-18,6451
00853B,統一美債10年Aa-,10,0,10,永全-南崁,2023-04-18,6451
00795B,中信美國公債20年,10,0,10,永全-南崁,2023-04-18,6451
1310,台苯,10,0,10,永全-南崁,2023-04-18,6451
2349,錸德,10,0,10,永全-南崁,2023-04-18,6451
2421,建準,16,6,10,永全-南崁,2023-04-18,6451
2471,資通,20,10,10,永全-南崁,2023-04-18,6451
2539,櫻花建,10,0,10,永全-南崁,2023-04-18,6451
2867,三商壽,10,0,10,永全-南崁,2023-04-18,6451
6111,大宇資,10,0,10,永全-南崁,2023-04-18,6451
6205,詮欣,10,0,10,永全-南崁,2023-04-18,6451
6477,安集,12,2,10,永全-南崁,2023-04-18,6451
8038,長園科,13,3,10,永全-南崁,2023-04-18,6451
8103,瀚荃,10,0,10,永全-南崁,2023-04-18,6451
8163,達方,10,0,10,永全-南崁,2023-04-18,6451
8996,高力,11,1,10,永全-南崁,2023-04-18,6451
2231,為升,10,1,9,永全-南崁,2023-04-18,6451
2453,凌群,14,5,9,永全-南崁,2023-04-18,6451
6163,華電網,19,10,9,永全-南崁,2023-04-18,6451
1101,台泥,10,2,8,永全-南崁,2023-04-18,6451
6205,詮欣,116,0,116,永全-南崁,2023-04-19,6451
5608,四維航,100,4,96,永全-南崁,2023-04-19,6451
3481,群創,134,60,74,永全-南崁,2023-04-19,6451
8046,南電,65,0,65,永全-南崁,2023-04-19,6451
3576,聯合再生,58,19,39,永全-南崁,2023-04-19,6451
6788,華景電,34,0,34,永全-南崁,2023-04-19,6451
2634,漢翔,34,1,33,永全-南崁,2023-04-19,6451
3037,欣興,35,3,32,永全-南崁,2023-04-19,6451
3479,安勤,31,0,31,永全-南崁,2023-04-19,6451
4919,新唐,29,0,29,永全-南崁,2023-04-19,6451
3325,旭品,62,40,22,永全-南崁,2023-04-19,6451
00857B,永豐20年美公債,20,0,20,永全-南崁,2023-04-19,6451
2312,金寶,22,2,20,永全-南崁,2023-04-19,6451
2342,茂矽,20,1,19,永全-南崁,2023-04-19,6451
2493,揚博,16,0,16,永全-南崁,2023-04-19,6451
3231,緯創,39,23,16,永全-南崁,2023-04-19,6451
00637L,元大滬深300正2,24,9,15,永全-南崁,2023-04-19,6451
2444,兆勁,15,0,15,永全-南崁,2023-04-19,6451
2484,希華,15,0,15,永全-南崁,2023-04-19,6451
3363,上詮,17,2,15,永全-南崁,2023-04-19,6451
6290,良維,15,0,15,永全-南崁,2023-04-19,6451
00650L,復華香港正2,19,5,14,永全-南崁,2023-04-19,6451
1524,耿鼎,14,0,14,永全-南崁,2023-04-19,6451
2314,台揚,14,0,14,永全-南崁,2023-04-19,6451
3058,立德,18,4,14,永全-南崁,2023-04-19,6451
4536,拓凱,14,0,14,永全-南崁,2023-04-19,6451
6715,嘉基,15,1,14,永全-南崁,2023-04-19,6451
2002,中鋼,14,1,13,永全-南崁,2023-04-19,6451
3049,精金,13,0,13,永全-南崁,2023-04-19,6451
2317,鴻海,13,1,12,永全-南崁,2023-04-19,6451
2324,仁寶,34,22,12,永全-南崁,2023-04-19,6451
4927,泰鼎-KY,12,0,12,永全-南崁,2023-04-19,6451
2208,台船,19,7,12,永全-南崁,2023-04-19,6451
1802,台玻,11,0,11,永全-南崁,2023-04-19,6451
2884,玉山金,11,0,11,永全-南崁,2023-04-19,6451
3169,亞信,13,2,11,永全-南崁,2023-04-19,6451
4976,佳凌,11,0,11,永全-南崁,2023-04-19,6451
00902,中信電池及儲能,10,0,10,永全-南崁,2023-04-19,6451
00680L,元大美債20正2,10,0,10,永全-南崁,2023-04-19,6451
2030,彰源,10,0,10,永全-南崁,2023-04-19,6451
2610,華航,10,0,10,永全-南崁,2023-04-19,6451
6133,金橋,10,0,10,永全-南崁,2023-04-19,6451
6770,力積電,14,4,10,永全-南崁,2023-04-19,6451
3704,合勤控,38,29,9,永全-南崁,2023-04-19,6451
6411,晶焱,13,4,9,永全-南崁,2023-04-19,6451
6796,晉弘,10,1,9,永全-南崁,2023-04-19,6451
2615,萬海,10,2,8,永全-南崁,2023-04-19,6451
2453,凌群,18,10,8,永全-南崁,2023-04-19,6451
4967,十銓,9,1,8,永全-南崁,2023-04-19,6451
2303,聯電,7,0,7,永全-南崁,2023-04-19,6451
6290,良維,180,0,180,永全-南崁,2023-04-20,6451
1810,和成,213,77,136,永全-南崁,2023-04-20,6451
2610,華航,85,0,85,永全-南崁,2023-04-20,6451
1442,名軒,50,0,50,永全-南崁,2023-04-20,6451
1513,中興電,59,11,48,永全-南崁,2023-04-20,6451
6146,耕興,35,0,35,永全-南崁,2023-04-20,6451
6285,啟��,32,0,32,永全-南崁,2023-04-20,6451
3576,聯合再生,31,1,30,永全-南崁,2023-04-20,6451
6715,嘉基,30,0,30,永全-南崁,2023-04-20,6451
6288,聯嘉,25,0,25,永全-南崁,2023-04-20,6451
00878,國泰永續高股息,28,3,25,永全-南崁,2023-04-20,6451
2498,宏達電,24,0,24,永全-南崁,2023-04-20,6451
3479,安勤,31,8,23,永全-南崁,2023-04-20,6451
6770,力積電,21,0,21,永全-南崁,2023-04-20,6451
1608,華榮,20,0,20,永全-南崁,2023-04-20,6451
3665,貿聯-KY,20,0,20,永全-南崁,2023-04-20,6451
6547,高端疫苗,20,0,20,永全-南崁,2023-04-20,6451
2884,玉山金,20,2,18,永全-南崁,2023-04-20,6451
2312,金寶,17,0,17,永全-南崁,2023-04-20,6451
1451,年興,15,0,15,永全-南崁,2023-04-20,6451
2405,輔信,35,20,15,永全-南崁,2023-04-20,6451
3005,神基,15,0,15,永全-南崁,2023-04-20,6451
4128,中天,14,0,14,永全-南崁,2023-04-20,6451
6160,欣技,14,0,14,永全-南崁,2023-04-20,6451
2402,毅嘉,13,0,13,永全-南崁,2023-04-20,6451
2484,希華,15,2,13,永全-南崁,2023-04-20,6451
2515,中工,12,0,12,永全-南崁,2023-04-20,6451
3484,崧騰,12,0,12,永全-南崁,2023-04-20,6451
6134,萬旭,15,3,12,永全-南崁,2023-04-20,6451
2201,裕隆,22,11,11,永全-南崁,2023-04-20,6451
1445,大宇,10,0,10,永全-南崁,2023-04-20,6451
00679B,元大美債20年,10,0,10,永全-南崁,2023-04-20,6451
00650L,復華香港正2,10,0,10,永全-南崁,2023-04-20,6451
1731,美吾華,10,0,10,永全-南崁,2023-04-20,6451
2342,茂矽,10,0,10,永全-南崁,2023-04-20,6451
2493,揚博,10,0,10,永全-南崁,2023-04-20,6451
3049,精金,10,0,10,永全-南崁,2023-04-20,6451
3550,聯穎,10,0,10,永全-南崁,2023-04-20,6451
3552,同致,10,0,10,永全-南崁,2023-04-20,6451
4909,新復興,10,0,10,永全-南崁,2023-04-20,6451
8358,金居,10,0,10,永全-南崁,2023-04-20,6451
8403,盛弘,10,0,10,永全-南崁,2023-04-20,6451
00753L,中信中國50正2,13,5,8,永全-南崁,2023-04-20,6451
6220,岳豐,8,0,8,永全-南崁,2023-04-20,6451
00633L,富邦上証正2,7,0,7,永全-南崁,2023-04-20,6451
1786,科妍,8,1,7,永全-南崁,2023-04-20,6451
2009,第一銅,7,0,7,永全-南崁,2023-04-20,6451
2031,新光鋼,8,1,7,永全-南崁,2023-04-20,6451
2453,凌群,10,3,7,永全-南崁,2023-04-20,6451
5301,寶得利,7,0,7,永全-南崁,2023-04-20,6451
2913,農林,88,9,79,永全-南崁,2023-04-21,6451
4919,新唐,68,4,64,永全-南崁,2023-04-21,6451
2867,三商壽,50,0,50,永全-南崁,2023-04-21,6451
3264,欣銓,42,0,42,永全-南崁,2023-04-21,6451
6163,華電網,63,28,35,永全-南崁,2023-04-21,6451
2634,漢翔,100,72,28,永全-南崁,2023-04-21,6451
6733,博晟生醫,29,1,28,永全-南崁,2023-04-21,6451
00679B,元大美債20年,30,5,25,永全-南崁,2023-04-21,6451
8050,廣積,25,0,25,永全-南崁,2023-04-21,6451
2615,萬海,25,2,23,永全-南崁,2023-04-21,6451
6290,良維,22,0,22,永全-南崁,2023-04-21,6451
1513,中興電,43,22,21,永全-南崁,2023-04-21,6451
2402,毅嘉,31,10,21,永全-南崁,2023-04-21,6451
00900,富邦特選高股息30,20,0,20,永全-南崁,2023-04-21,6451
1409,新纖,20,0,20,永全-南崁,2023-04-21,6451
3432,台端,20,0,20,永全-南崁,2023-04-21,6451
4906,正文,30,10,20,永全-南崁,2023-04-21,6451
9945,潤泰新,20,0,20,永全-南崁,2023-04-21,6451
1533,車王電,19,0,19,永全-南崁,2023-04-21,6451
2027,大成鋼,19,0,19,永全-南崁,2023-04-21,6451
0056,元大高股息,26,8,18,永全-南崁,2023-04-21,6451
2609,陽明,21,5,16,永全-南崁,2023-04-21,6451
3025,星通,17,1,16,永全-南崁,2023-04-21,6451
3665,貿聯-KY,16,0,16,永全-南崁,2023-04-21,6451
1909,榮成,15,0,15,永全-南崁,2023-04-21,6451
3680,家登,18,3,15,永全-南崁,2023-04-21,6451
6715,嘉基,16,1,15,永全-南崁,2023-04-21,6451
2603,長榮,14,0,14,永全-南崁,2023-04-21,6451
3552,同致,14,0,14,永全-南崁,2023-04-21,6451
2328,廣宇,13,0,13,永全-南崁,2023-04-21,6451
4934,太極,13,0,13,永全-南崁,2023-04-21,6451
6111,大宇資,16,3,13,永全-南崁,2023-04-21,6451
1612,宏泰,12,0,12,永全-南崁,2023-04-21,6451
3016,嘉晶,12,0,12,永全-南崁,2023-04-21,6451
6416,瑞祺電通,12,0,12,永全-南崁,2023-04-21,6451
00720B,元大投資級公司債,11,0,11,永全-南崁,2023-04-21,6451
2618,長榮航,11,0,11,永全-南崁,2023-04-21,6451
4916,事欣科,11,0,11,永全-南崁,2023-04-21,6451
6288,聯嘉,11,0,11,永全-南崁,2023-04-21,6451
1760,寶齡富錦,10,0,10,永全-南崁,2023-04-21,6451
2431,聯昌,10,0,10,永全-南崁,2023-04-21,6451
3049,精金,10,0,10,永全-南崁,2023-04-21,6451
4426,利勤,10,0,10,永全-南崁,2023-04-21,6451
6146,耕興,10,0,10,永全-南崁,2023-04-21,6451
8103,瀚荃,10,0,10,永全-南崁,2023-04-21,6451
8105,凌巨,24,14,10,永全-南崁,2023-04-21,6451
5371,中光電,9,0,9,永全-南崁,2023-04-21,6451
6753,龍德造船,9,0,9,永全-南崁,2023-04-21,6451
2034,允強,8,0,8,永全-南崁,2023-04-21,6451
2002,中鋼,7,0,7,永全-南崁,2023-04-21,6451
2610,華航,211,1,210,永全-南崁,2023-04-24,6451
0056,元大高股息,101,0,101,永全-南崁,2023-04-24,6451
3481,群創,100,0,100,永全-南崁,2023-04-24,6451
00637L,元大滬深300正2,98,5,93,永全-南崁,2023-04-24,6451
1905,華紙,221,137,84,永全-南崁,2023-04-24,6451
2867,三商壽,50,0,50,永全-南崁,2023-04-24,6451
00679B,元大美債20年,34,0,34,永全-南崁,2023-04-24,6451
1513,中興電,45,14,31,永全-南崁,2023-04-24,6451
3035,智原,21,1,20,永全-南崁,2023-04-24,6451
2313,華通,19,1,18,永全-南崁,2023-04-24,6451
8222,寶一,20,3,17,永全-南崁,2023-04-24,6451
1605,華新,16,1,15,永全-南崁,2023-04-24,6451
1529,樂事綠能,15,0,15,永全-南崁,2023-04-24,6451
6625,必應,25,10,15,永全-南崁,2023-04-24,6451
3576,聯合再生,13,0,13,永全-南崁,2023-04-24,6451
1310,台苯,12,1,11,永全-南崁,2023-04-24,6451
3665,貿聯-KY,11,0,11,永全-南崁,2023-04-24,6451
6695,芯鼎,11,0,11,永全-南崁,2023-04-24,6451
00882,中信中國高股息,10,0,10,永全-南崁,2023-04-24,6451
1904,正隆,10,0,10,永全-南崁,2023-04-24,6451
2495,普安,10,0,10,永全-南崁,2023-04-24,6451
2543,皇昌,10,0,10,永全-南崁,2023-04-24,6451
3078,僑威,30,20,10,永全-南崁,2023-04-24,6451
3552,同致,11,1,10,永全-南崁,2023-04-24,6451
3624,光頡,12,2,10,永全-南崁,2023-04-24,6451
4960,誠美材,10,0,10,永全-南崁,2023-04-24,6451
6111,大宇資,10,0,10,永全-南崁,2023-04-24,6451
6442,光聖,10,0,10,永全-南崁,2023-04-24,6451
8070,長華*,10,0,10,永全-南崁,2023-04-24,6451
2492,華新科,12,3,9,永全-南崁,2023-04-24,6451
2409,友達,10,1,9,永全-南崁,2023-04-24,6451
3058,立德,10,1,9,永全-南崁,2023-04-24,6451
6285,啟��,9,0,9,永全-南崁,2023-04-24,6451
1906,寶隆,10,2,8,永全-南崁,2023-04-24,6451
4123,晟德,10,2,8,永全-南崁,2023-04-24,6451
8131,福懋科,8,0,8,永全-南崁,2023-04-24,6451
1101,台泥,33,26,7,永全-南崁,2023-04-24,6451
00633L,富邦上証正2,7,0,7,永全-南崁,2023-04-24,6451
1718,中纖,7,0,7,永全-南崁,2023-04-24,6451
2002,中鋼,7,0,7,永全-南崁,2023-04-24,6451
2420,新巨,7,0,7,永全-南崁,2023-04-24,6451
2883,凱基金,7,0,7,永全-南崁,2023-04-24,6451
6176,瑞儀,7,0,7,永全-南崁,2023-04-24,6451
6799,來頡,10,3,7,永全-南崁,2023-04-24,6451
4967,十銓,14,8,6,永全-南崁,2023-04-24,6451
00893,國泰智能電動車,6,0,6,永全-南崁,2023-04-24,6451
00888,永豐台灣ESG,6,0,6,永全-南崁,2023-04-24,6451
2383,台光電,6,0,6,永全-南崁,2023-04-24,6451
2423,固緯,6,0,6,永全-南崁,2023-04-24,6451
3049,精金,6,0,6,永全-南崁,2023-04-24,6451
3481,群創,301,0,301,永全-南崁,2023-04-25,6451
1314,中石化,75,5,70,永全-南崁,2023-04-25,6451
1789,神隆,70,0,70,永全-南崁,2023-04-25,6451
00683L,期元大美元指正2,50,0,50,永全-南崁,2023-04-25,6451
0056,元大高股息,47,0,47,永全-南崁,2023-04-25,6451
00878,國泰永續高股息,47,0,47,永全-南崁,2023-04-25,6451
2610,華航,39,0,39,永全-南崁,2023-04-25,6451
1513,中興電,42,5,37,永全-南崁,2023-04-25,6451
00882,中信中國高股息,31,0,31,永全-南崁,2023-04-25,6451
2489,瑞軒,30,0,30,永全-南崁,2023-04-25,6451
6111,大宇資,30,0,30,永全-南崁,2023-04-25,6451
2607,榮運,29,0,29,永全-南崁,2023-04-25,6451
3479,安勤,30,1,29,永全-南崁,2023-04-25,6451
8050,廣積,27,0,27,永全-南崁,2023-04-25,6451
2634,漢翔,95,68,27,永全-南崁,2023-04-25,6451
3035,智原,33,7,26,永全-南崁,2023-04-25,6451
3264,欣銓,26,0,26,永全-南崁,2023-04-25,6451
6143,振曜,25,0,25,永全-南崁,2023-04-25,6451
6733,博晟生醫,31,8,23,永全-南崁,2023-04-25,6451
8046,南電,29,6,23,永全-南崁,2023-04-25,6451
1584,精剛,22,0,22,永全-南崁,2023-04-25,6451
1611,中電,24,2,22,永全-南崁,2023-04-25,6451
2368,金像電,22,0,22,永全-南崁,2023-04-25,6451
3060,銘異,20,0,20,永全-南崁,2023-04-25,6451
4906,正文,20,0,20,永全-南崁,2023-04-25,6451
6205,詮欣,20,0,20,永全-南崁,2023-04-25,6451
2454,聯發科,20,2,18,永全-南崁,2023-04-25,6451
2495,普安,18,0,18,永全-南崁,2023-04-25,6451
1784,訊聯,22,5,17,永全-南崁,2023-04-25,6451
00713,元大台灣高息低波,16,0,16,永全-南崁,2023-04-25,6451
2337,旺宏,17,1,16,永全-南崁,2023-04-25,6451
2002,中鋼,15,0,15,永全-南崁,2023-04-25,6451
2482,連宇,16,1,15,永全-南崁,2023-04-25,6451
6109,亞元,15,0,15,永全-南崁,2023-04-25,6451
6122,擎邦,15,0,15,永全-南崁,2023-04-25,6451
00881,國泰台灣5G+,14,0,14,永全-南崁,2023-04-25,6451
2303,聯電,13,0,13,永全-南崁,2023-04-25,6451
6274,台燿,13,0,13,永全-南崁,2023-04-25,6451
1905,華紙,32,20,12,永全-南崁,2023-04-25,6451
6163,華電網,23,11,12,永全-南崁,2023-04-25,6451
2031,新光鋼,11,0,11,永全-南崁,2023-04-25,6451
2913,農林,11,0,11,永全-南崁,2023-04-25,6451
1409,新纖,10,0,10,永全-南崁,2023-04-25,6451
1108,幸福,10,0,10,永全-南崁,2023-04-25,6451
1909,榮成,10,0,10,永全-南崁,2023-04-25,6451
2312,金寶,10,0,10,永全-南崁,2023-04-25,6451
3714,富采,10,0,10,永全-南崁,2023-04-25,6451
4566,時碩工業,26,16,10,永全-南崁,2023-04-25,6451
5014,建錩,10,0,10,永全-南崁,2023-04-25,6451
6026,福邦證,10,0,10,永全-南崁,2023-04-25,6451
00671R,富邦NASDAQ反1,50,0,50,永全-南崁,2023-04-26,6451
2337,旺宏,31,0,31,永全-南崁,2023-04-26,6451
3105,穩懋,27,2,25,永全-南崁,2023-04-26,6451
4114,健喬,25,1,24,永全-南崁,2023-04-26,6451
8222,寶一,21,2,19,永全-南崁,2023-04-26,6451
00878,國泰永續高股息,18,0,18,永全-南崁,2023-04-26,6451
3703,欣陸,17,0,17,永全-南崁,2023-04-26,6451
4919,新唐,16,0,16,永全-南崁,2023-04-26,6451
6264,富裔,15,0,15,永全-南崁,2023-04-26,6451
3169,亞信,13,0,13,永全-南崁,2023-04-26,6451
2301,光寶科,12,0,12,永全-南崁,2023-04-26,6451
2609,陽明,25,13,12,永全-南崁,2023-04-26,6451
4121,優盛,17,5,12,永全-南崁,2023-04-26,6451
8086,宏捷科,13,1,12,永全-南崁,2023-04-26,6451
0056,元大高股息,11,0,11,永全-南崁,2023-04-26,6451
2206,三陽工業,14,3,11,永全-南崁,2023-04-26,6451
2211,長榮鋼,11,0,11,永全-南崁,2023-04-26,6451
3006,晶豪科,11,0,11,永全-南崁,2023-04-26,6451
6235,華孚,12,1,11,永全-南崁,2023-04-26,6451
8050,廣積,11,0,11,永全-南崁,2023-04-26,6451
3035,智原,21,11,10,永全-南崁,2023-04-26,6451
1316,上曜,10,0,10,永全-南崁,2023-04-26,6451
3025,星通,14,4,10,永全-南崁,2023-04-26,6451
4572,駐龍,13,3,10,永全-南崁,2023-04-26,6451
4960,誠美材,10,1,9,永全-南崁,2023-04-26,6451
1314,中石化,10,1,9,永全-南崁,2023-04-26,6451
2002,中鋼,9,1,8,永全-南崁,2023-04-26,6451
00712,復華富時不動產,8,0,8,永全-南崁,2023-04-26,6451
2405,輔信,8,0,8,永全-南崁,2023-04-26,6451
1504,東元,9,2,7,永全-南崁,2023-04-26,6451
2371,大同,7,0,7,永全-南崁,2023-04-26,6451
3492,長盛,7,0,7,永全-南崁,2023-04-26,6451
3711,日月光投控,7,0,7,永全-南崁,2023-04-26,6451
4306,炎洲,7,0,7,永全-南崁,2023-04-26,6451
5347,世界,7,0,7,永全-南崁,2023-04-26,6451
6799,來頡,7,0,7,永全-南崁,2023-04-26,6451
8403,盛弘,7,0,7,永全-南崁,2023-04-26,6451
00637L,元大滬深300正2,6,0,6,永全-南崁,2023-04-26,6451
2342,茂矽,6,0,6,永全-南崁,2023-04-26,6451
00715L,期街口布蘭特正2,10,5,5,永全-南崁,2023-04-26,6451
1524,耿鼎,5,0,5,永全-南崁,2023-04-26,6451
1795,美時,5,0,5,永全-南崁,2023-04-26,6451
1904,正隆,5,0,5,永全-南崁,2023-04-26,6451
2352,佳世達,7,2,5,永全-南崁,2023-04-26,6451
2383,台光電,5,0,5,永全-南崁,2023-04-26,6451
3015,全漢,5,0,5,永全-南崁,2023-04-26,6451
3426,台興,5,0,5,永全-南崁,2023-04-26,6451
5608,四維航,5,0,5,永全-南崁,2023-04-26,6451
6753,龍德造船,8,3,5,永全-南崁,2023-04-26,6451
8150,南茂,5,0,5,永全-南崁,2023-04-26,6451
2610,華航,202,5,197,永全-南崁,2023-04-27,6451
3481,群創,130,0,130,永全-南崁,2023-04-27,6451
2014,中鴻,130,0,130,永全-南崁,2023-04-27,6451
00715L,期街口布蘭特正2,116,10,106,永全-南崁,2023-04-27,6451
2845,遠東銀,96,0,96,永全-南崁,2023-04-27,6451
2609,陽明,64,8,56,永全-南崁,2023-04-27,6451
2618,長榮航,57,1,56,永全-南崁,2023-04-27,6451
2495,普安,40,0,40,永全-南崁,2023-04-27,6451
2344,華邦電,36,1,35,永全-南崁,2023-04-27,6451
2371,大同,30,0,30,永全-南崁,2023-04-27,6451
2515,中工,50,25,25,永全-南崁,2023-04-27,6451
00712,復華富時不動產,22,0,22,永全-南崁,2023-04-27,6451
2530,華建,22,0,22,永全-南崁,2023-04-27,6451
00679B,元大美債20年,21,0,21,永全-南崁,2023-04-27,6451
00897,富邦基因免疫生技,20,0,20,永全-南崁,2023-04-27,6451
8271,宇瞻,20,0,20,永全-南崁,2023-04-27,6451
2352,佳世達,19,3,16,永全-南崁,2023-04-27,6451
3037,欣興,22,6,16,永全-南崁,2023-04-27,6451
2002,中鋼,13,0,13,永全-南崁,2023-04-27,6451
2603,長榮,13,0,13,永全-南崁,2023-04-27,6451
2303,聯電,14,2,12,永全-南崁,2023-04-27,6451
1810,和成,24,13,11,永全-南崁,2023-04-27,6451
1905,華紙,17,7,10,永全-南崁,2023-04-27,6451
2363,矽統,10,0,10,永全-南崁,2023-04-27,6451
2390,云辰,10,0,10,永全-南崁,2023-04-27,6451
2455,全新,10,0,10,永全-南崁,2023-04-27,6451
2471,資通,17,7,10,永全-南崁,2023-04-27,6451
2867,三商壽,10,0,10,永全-南崁,2023-04-27,6451
3027,盛達,10,0,10,永全-南崁,2023-04-27,6451
3060,銘異,10,0,10,永全-南崁,2023-04-27,6451
3703,欣陸,10,0,10,永全-南崁,2023-04-27,6451
4123,晟德,10,0,10,永全-南崁,2023-04-27,6451
4934,太極,10,0,10,永全-南崁,2023-04-27,6451
6122,擎邦,10,0,10,永全-南崁,2023-04-27,6451
1711,永光,62,53,9,永全-南崁,2023-04-27,6451
1710,東聯,9,0,9,永全-南崁,2023-04-27,6451
2884,玉山金,11,2,9,永全-南崁,2023-04-27,6451
6282,康舒,25,16,9,永全-南崁,2023-04-27,6451
5522,遠雄,8,0,8,永全-南崁,2023-04-27,6451
2645,長榮航太,10,3,7,永全-南崁,2023-04-27,6451
00720B,元大投資級公司債,6,0,6,永全-南崁,2023-04-27,6451
2337,旺宏,6,0,6,永全-南崁,2023-04-27,6451
6244,茂迪,7,1,6,永全-南崁,2023-04-27,6451
3035,智原,19,13,6,永全-南崁,2023-04-27,6451
1471,首利,5,0,5,永全-南崁,2023-04-27,6451
1308,亞聚,5,0,5,永全-南崁,2023-04-27,6451
1231,聯華食,5,0,5,永全-南崁,2023-04-27,6451
00753L,中信中國50正2,5,0,5,永全-南崁,2023-04-27,6451
00888,永豐台灣ESG,5,0,5,永全-南崁,2023-04-27,6451
2801,彰銀,5,0,5,永全-南崁,2023-04-27,6451
3481,群創,631,204,427,永全-南崁,2023-04-28,6451
2409,友達,75,4,71,永全-南崁,2023-04-28,6451
2645,長榮航太,69,0,69,永全-南崁,2023-04-28,6451
2867,三商壽,50,0,50,永全-南崁,2023-04-28,6451
2530,華建,26,0,26,永全-南崁,2023-04-28,6451
2402,毅嘉,26,3,23,永全-南崁,2023-04-28,6451
00923,群益台ESG低碳50,20,0,20,永全-南崁,2023-04-28,6451
6148,驊宏資,18,2,16,永全-南崁,2023-04-28,6451
2405,輔信,15,0,15,永全-南崁,2023-04-28,6451
0056,元大高股息,12,0,12,永全-南崁,2023-04-28,6451
1529,樂事綠能,12,0,12,永全-南崁,2023-04-28,6451
2913,農林,12,0,12,永全-南崁,2023-04-28,6451
2492,華新科,12,1,11,永全-南崁,2023-04-28,6451
1503,士電,22,11,11,永全-南崁,2023-04-28,6451
1310,台苯,19,8,11,永全-南崁,2023-04-28,6451
6829,千附精密,21,10,11,永全-南崁,2023-04-28,6451
00715L,期街口布蘭特正2,10,0,10,永全-南崁,2023-04-28,6451
1711,永光,15,5,10,永全-南崁,2023-04-28,6451
1733,五鼎,10,0,10,永全-南崁,2023-04-28,6451
2392,正崴,10,0,10,永全-南崁,2023-04-28,6451
2888,新光金,10,0,10,永全-南崁,2023-04-28,6451
3704,合勤控,11,1,10,永全-南崁,2023-04-28,6451
5009,榮剛,26,17,9,永全-南崁,2023-04-28,6451
2104,國際中橡,10,1,9,永全-南崁,2023-04-28,6451
5284,jpp-KY,10,1,9,永全-南崁,2023-04-28,6451
6163,華電網,11,3,8,永全-南崁,2023-04-28,6451
3078,僑威,8,1,7,永全-南崁,2023-04-28,6451
1609,大亞,11,4,7,永全-南崁,2023-04-28,6451
8091,翔名,10,3,7,永全-南崁,2023-04-28,6451
1584,精剛,6,0,6,永全-南崁,2023-04-28,6451
1710,東聯,6,0,6,永全-南崁,2023-04-28,6451
3081,聯亞,6,0,6,永全-南崁,2023-04-28,6451
3149,正達,6,0,6,永全-南崁,2023-04-28,6451
6217,中探針,6,0,6,永全-南崁,2023-04-28,6451
9943,好樂迪,6,0,6,永全-南崁,2023-04-28,6451
1720,生達,11,6,5,永全-南崁,2023-04-28,6451
2880,華南金,6,1,5,永全-南崁,2023-04-28,6451
1522,堤維西,5,0,5,永全-南崁,2023-04-28,6451
1432,大魯閣,5,0,5,永全-南崁,2023-04-28,6451
00891,中信關鍵半導體,5,0,5,永全-南崁,2023-04-28,6451
2344,華邦電,19,14,5,永全-南崁,2023-04-28,6451
2419,仲琦,5,0,5,永全-南崁,2023-04-28,6451
3025,星通,15,10,5,永全-南崁,2023-04-28,6451
3058,立德,5,0,5,永全-南崁,2023-04-28,6451
3426,台興,5,0,5,永全-南崁,2023-04-28,6451
3455,由田,5,0,5,永全-南崁,2023-04-28,6451
6461,益得,5,0,5,永全-南崁,2023-04-28,6451
6625,必應,5,0,5,永全-南崁,2023-04-28,6451
6770,力積電,15,10,5,永全-南崁,2023-04-28,6451
8011,台通,5,0,5,永全-南崁,2023-04-28,6451
2645,長榮航太,134,11,123,永全-南崁,2023-05-02,6451
2603,長榮,78,11,67,永全-南崁,2023-05-02,6451
2888,新光金,60,0,60,永全-南崁,2023-05-02,6451
6127,九豪,60,0,60,永全-南崁,2023-05-02,6451
2515,中工,55,1,54,永全-南崁,2023-05-02,6451
2634,漢翔,55,10,45,永全-南崁,2023-05-02,6451
1503,士電,54,14,40,永全-南崁,2023-05-02,6451
1810,和成,30,0,30,永全-南崁,2023-05-02,6451
2633,台灣高鐵,30,0,30,永全-南崁,2023-05-02,6451
2609,陽明,38,9,29,永全-南崁,2023-05-02,6451
4541,晟田,34,7,27,永全-南崁,2023-05-02,6451
00878,國泰永續高股息,27,2,25,永全-南崁,2023-05-02,6451
1101,台泥,33,8,25,永全-南崁,2023-05-02,6451
3703,欣陸,23,0,23,永全-南崁,2023-05-02,6451
2344,華邦電,21,0,21,永全-南崁,2023-05-02,6451
2014,中鴻,20,0,20,永全-南崁,2023-05-02,6451
4160,訊聯基因,20,0,20,永全-南崁,2023-05-02,6451
2461,光群雷,19,0,19,永全-南崁,2023-05-02,6451
00715L,期街口布蘭特正2,18,0,18,永全-南崁,2023-05-02,6451
6167,久正,18,2,16,永全-南崁,2023-05-02,6451
2352,佳世達,14,0,14,永全-南崁,2023-05-02,6451
5388,中磊,15,1,14,永全-南崁,2023-05-02,6451
00679B,元大美債20年,13,0,13,永全-南崁,2023-05-02,6451
00751B,元大AAA至A公司債,13,0,13,永全-南崁,2023-05-02,6451
6138,茂達,14,1,13,永全-南崁,2023-05-02,6451
3037,欣興,16,5,11,永全-南崁,2023-05-02,6451
2444,兆勁,10,0,10,永全-南崁,2023-05-02,6451
3046,建��,10,0,10,永全-南崁,2023-05-02,6451
3570,大塚,10,0,10,永全-南崁,2023-05-02,6451
4102,永日,10,0,10,永全-南崁,2023-05-02,6451
6143,振曜,10,0,10,永全-南崁,2023-05-02,6451
6185,幃翔,10,0,10,永全-南崁,2023-05-02,6451
6234,高僑,21,11,10,永全-南崁,2023-05-02,6451
8088,品安,10,0,10,永全-南崁,2023-05-02,6451
8403,盛弘,10,0,10,永全-南崁,2023-05-02,6451
2482,連宇,27,17,10,永全-南崁,2023-05-02,6451
4114,健喬,10,1,9,永全-南崁,2023-05-02,6451
4953,緯軟,10,1,9,永全-南崁,2023-05-02,6451
6592,和潤企業,10,1,9,永全-南崁,2023-05-02,6451
2610,華航,11,3,8,永全-南崁,2023-05-02,6451
3294,英濟,8,0,8,永全-南崁,2023-05-02,6451
4147,中裕,9,1,8,永全-南崁,2023-05-02,6451
00638R,元大滬深300反1,7,0,7,永全-南崁,2023-05-02,6451
3006,晶豪科,7,0,7,永全-南崁,2023-05-02,6451
4130,健亞,10,3,7,永全-南崁,2023-05-02,6451
4916,事欣科,10,3,7,永全-南崁,2023-05-02,6451
1314,中石化,6,0,6,永全-南崁,2023-05-02,6451
1504,東元,7,1,6,永全-南崁,2023-05-02,6451
2211,長榮鋼,6,0,6,永全-南崁,2023-05-02,6451
3363,上詮,6,0,6,永全-南崁,2023-05-02,6451
2891,中信金,100,19,81,永全-南崁,2023-05-03,6451
00715L,期街口布蘭特正2,64,0,64,永全-南崁,2023-05-03,6451
00878,國泰永續高股息,54,0,54,永全-南崁,2023-05-03,6451
2881,富邦金,74,20,54,永全-南崁,2023-05-03,6451
2603,長榮,44,4,40,永全-南崁,2023-05-03,6451
00632R,元大台灣50反1,39,0,39,永全-南崁,2023-05-03,6451
2615,萬海,45,10,35,永全-南崁,2023-05-03,6451
00712,復華富時不動產,34,0,34,永全-南崁,2023-05-03,6451
6205,詮欣,30,0,30,永全-南崁,2023-05-03,6451
1802,台玻,28,4,24,永全-南崁,2023-05-03,6451
1305,華夏,22,0,22,永全-南崁,2023-05-03,6451
3231,緯創,23,2,21,永全-南崁,2023-05-03,6451
2014,中鴻,30,10,20,永全-南崁,2023-05-03,6451
4160,訊聯基因,20,0,20,永全-南崁,2023-05-03,6451
4161,聿新科,20,0,20,永全-南崁,2023-05-03,6451
6127,九豪,20,0,20,永全-南崁,2023-05-03,6451
2609,陽明,18,0,18,永全-南崁,2023-05-03,6451
2618,長榮航,28,10,18,永全-南崁,2023-05-03,6451
1519,華城,40,25,15,永全-南崁,2023-05-03,6451
2913,農林,25,11,14,永全-南崁,2023-05-03,6451
00882,中信中國高股息,13,0,13,永全-南崁,2023-05-03,6451
1514,亞力,15,2,13,永全-南崁,2023-05-03,6451
6806,森崴能源,13,2,11,永全-南崁,2023-05-03,6451
2530,華建,13,2,11,永全-南崁,2023-05-03,6451
1611,中電,10,0,10,永全-南崁,2023-05-03,6451
00687B,國泰20年美債,10,0,10,永全-南崁,2023-05-03,6451
00902,中信電池及儲能,10,0,10,永全-南崁,2023-05-03,6451
2344,華邦電,10,0,10,永全-南崁,2023-05-03,6451
2356,英業達,10,0,10,永全-南崁,2023-05-03,6451
4906,正文,10,0,10,永全-南崁,2023-05-03,6451
4953,緯軟,10,0,10,永全-南崁,2023-05-03,6451
6412,群電,10,0,10,永全-南崁,2023-05-03,6451
2368,金像電,9,0,9,永全-南崁,2023-05-03,6451
4722,國精化,9,0,9,永全-南崁,2023-05-03,6451
4942,嘉彰,9,0,9,永全-南崁,2023-05-03,6451
2385,群光,10,3,7,永全-南崁,2023-05-03,6451
3646,艾恩特,7,0,7,永全-南崁,2023-05-03,6451
2201,裕隆,8,2,6,永全-南崁,2023-05-03,6451
3324,雙鴻,6,0,6,永全-南崁,2023-05-03,6451
6625,必應,11,5,6,永全-南崁,2023-05-03,6451
1104,環泥,5,0,5,永全-南崁,2023-05-03,6451
00650L,復華香港正2,5,0,5,永全-南崁,2023-05-03,6451
00642U,期元大S＆P石油,5,0,5,永全-南崁,2023-05-03,6451
1504,東元,6,1,5,永全-南崁,2023-05-03,6451
1503,士電,53,48,5,永全-南崁,2023-05-03,6451
1810,和成,5,0,5,永全-南崁,2023-05-03,6451
2104,國際中橡,5,0,5,永全-南崁,2023-05-03,6451
2352,佳世達,5,0,5,永全-南崁,2023-05-03,6451
2419,仲琦,5,0,5,永全-南崁,2023-05-03,6451
2458,義隆,5,0,5,永全-南崁,2023-05-03,6451
4160,訊聯基因,110,0,110,永全-南崁,2023-05-04,6451
2634,漢翔,129,26,103,永全-南崁,2023-05-04,6451
1905,華紙,111,15,96,永全-南崁,2023-05-04,6451
00715L,期街口布蘭特正2,86,0,86,永全-南崁,2023-05-04,6451
1710,東聯,40,1,39,永全-南崁,2023-05-04,6451
00679B,元大美債20年,33,0,33,永全-南崁,2023-05-04,6451
4711,永純,30,0,30,永全-南崁,2023-05-04,6451
4161,聿新科,35,13,22,永全-南崁,2023-05-04,6451
3025,星通,22,2,20,永全-南崁,2023-05-04,6451
3202,樺晟,20,0,20,永全-南崁,2023-05-04,6451
4173,久裕,20,0,20,永全-南崁,2023-05-04,6451
4906,正文,20,0,20,永全-南崁,2023-05-04,6451
5880,合庫金,20,0,20,永全-南崁,2023-05-04,6451
2206,三陽工業,35,16,19,永全-南崁,2023-05-04,6451
1503,士電,52,34,18,永全-南崁,2023-05-04,6451
6603,富強鑫,16,0,16,永全-南崁,2023-05-04,6451
5475,德宏,15,0,15,永全-南崁,2023-05-04,6451
2409,友達,13,0,13,永全-南崁,2023-05-04,6451
8454,富邦媒,13,0,13,永全-南崁,2023-05-04,6451
2014,中鴻,13,0,13,永全-南崁,2023-05-04,6451
2022,聚亨,13,0,13,永全-南崁,2023-05-04,6451
4919,新唐,14,1,13,永全-南崁,2023-05-04,6451
6112,邁達特,12,0,12,永全-南崁,2023-05-04,6451
2618,長榮航,12,1,11,永全-南崁,2023-05-04,6451
3419,譁裕,12,1,11,永全-南崁,2023-05-04,6451
4533,協易機,11,0,11,永全-南崁,2023-05-04,6451
00687B,國泰20年美債,10,0,10,永全-南崁,2023-05-04,6451
1784,訊聯,10,0,10,永全-南崁,2023-05-04,6451
3479,安勤,10,0,10,永全-南崁,2023-05-04,6451
6516,勤崴國際,10,0,10,永全-南崁,2023-05-04,6451
2312,金寶,10,1,9,永全-南崁,2023-05-04,6451
6770,力積電,11,2,9,永全-南崁,2023-05-04,6451
3484,崧騰,8,0,8,永全-南崁,2023-05-04,6451
6416,瑞祺電通,8,0,8,永全-南崁,2023-05-04,6451
2609,陽明,10,3,7,永全-南崁,2023-05-04,6451
2892,第一金,7,0,7,永全-南崁,2023-05-04,6451
3252,海灣,7,0,7,永全-南崁,2023-05-04,6451
6527,明達醫,7,0,7,永全-南崁,2023-05-04,6451
1514,亞力,11,5,6,永全-南崁,2023-05-04,6451
2884,玉山金,6,0,6,永全-南崁,2023-05-04,6451
00642U,期元大S＆P石油,5,0,5,永全-南崁,2023-05-04,6451
00712,復華富時不動產,5,0,5,永全-南崁,2023-05-04,6451
2607,榮運,5,0,5,永全-南崁,2023-05-04,6451
2834,臺企銀,5,0,5,永全-南崁,2023-05-04,6451
3090,日電貿,5,0,5,永全-南崁,2023-05-04,6451
5871,中租-KY,5,0,5,永全-南崁,2023-05-04,6451
00878,國泰永續高股息,7,3,4,永全-南崁,2023-05-04,6451
1310,台苯,5,1,4,永全-南崁,2023-05-04,6451
1101,台泥,5,1,4,永全-南崁,2023-05-04,6451
2414,精技,4,0,4,永全-南崁,2023-05-04,6451
6016,康和證,220,0,220,永全-南崁,2023-05-05,6451
2542,興富發,170,1,169,永全-南崁,2023-05-05,6451
1609,大亞,124,14,110,永全-南崁,2023-05-05,6451
00715L,期街口布蘭特正2,99,50,49,永全-南崁,2023-05-05,6451
5403,中菲,35,0,35,永全-南崁,2023-05-05,6451
8112,至上,32,0,32,永全-南崁,2023-05-05,6451
3038,全台,30,0,30,永全-南崁,2023-05-05,6451
4161,聿新科,30,0,30,永全-南崁,2023-05-05,6451
8096,擎亞,30,0,30,永全-南崁,2023-05-05,6451
2344,華邦電,29,1,28,永全-南崁,2023-05-05,6451
2031,新光鋼,19,0,19,永全-南崁,2023-05-05,6451
6733,博晟生醫,21,2,19,永全-南崁,2023-05-05,6451
2884,玉山金,16,0,16,永全-南崁,2023-05-05,6451
2880,華南金,16,0,16,永全-南崁,2023-05-05,6451
4123,晟德,15,0,15,永全-南崁,2023-05-05,6451
2353,宏��,19,5,14,永全-南崁,2023-05-05,6451
00679B,元大美債20年,13,0,13,永全-南崁,2023-05-05,6451
1504,東元,17,4,13,永全-南崁,2023-05-05,6451
3703,欣陸,13,0,13,永全-南崁,2023-05-05,6451
2609,陽明,18,7,11,永全-南崁,2023-05-05,6451
6160,欣技,40,29,11,永全-南崁,2023-05-05,6451
00878,國泰永續高股息,13,2,11,永全-南崁,2023-05-05,6451
1589,永冠-KY,10,0,10,永全-南崁,2023-05-05,6451
1560,中砂,10,0,10,永全-南崁,2023-05-05,6451
4906,正文,10,0,10,永全-南崁,2023-05-05,6451
2634,漢翔,29,20,9,永全-南崁,2023-05-05,6451
1810,和成,10,1,9,永全-南崁,2023-05-05,6451
6496,科懋,10,1,9,永全-南崁,2023-05-05,6451
4114,健喬,12,4,8,永全-南崁,2023-05-05,6451
2002,中鋼,8,0,8,永全-南崁,2023-05-05,6451
00751B,元大AAA至A公司債,7,0,7,永全-南崁,2023-05-05,6451
3029,零壹,8,1,7,永全-南崁,2023-05-05,6451
6499,益安,7,0,7,永全-南崁,2023-05-05,6451
8215,明基材,7,0,7,永全-南崁,2023-05-05,6451
00712,復華富時不動產,6,0,6,永全-南崁,2023-05-05,6451
1503,士電,47,41,6,永全-南崁,2023-05-05,6451
1802,台玻,6,0,6,永全-南崁,2023-05-05,6451
3693,營邦,8,2,6,永全-南崁,2023-05-05,6451
6188,廣明,6,0,6,永全-南崁,2023-05-05,6451
00720B,元大投資級公司債,5,0,5,永全-南崁,2023-05-05,6451
1220,台榮,5,0,5,永全-南崁,2023-05-05,6451
2355,敬鵬,6,1,5,永全-南崁,2023-05-05,6451
3005,神基,5,0,5,永全-南崁,2023-05-05,6451
3049,精金,5,0,5,永全-南崁,2023-05-05,6451
3057,喬鼎,5,0,5,永全-南崁,2023-05-05,6451
3060,銘異,5,0,5,永全-南崁,2023-05-05,6451
3704,合勤控,15,10,5,永全-南崁,2023-05-05,6451
5009,榮剛,15,10,5,永全-南崁,2023-05-05,6451
5488,松普,5,0,5,永全-南崁,2023-05-05,6451
6152,百一,5,0,5,永全-南崁,2023-05-05,6451
2883,凱基金,128,10,118,永全-南崁,2023-05-08,6451
00882,中信中國高股息,101,0,101,永全-南崁,2023-05-08,6451
3704,合勤控,66,5,61,永全-南崁,2023-05-08,6451
2609,陽明,49,2,47,永全-南崁,2023-05-08,6451
8033,雷虎,47,1,46,永全-南崁,2023-05-08,6451
2618,長榮航,55,19,36,永全-南崁,2023-05-08,6451
00673R,期元大S＆P原油反1,30,0,30,永全-南崁,2023-05-08,6451
2851,中再保,32,2,30,永全-南崁,2023-05-08,6451
6234,高僑,31,1,30,永全-南崁,2023-05-08,6451
2313,華通,26,0,26,永全-南崁,2023-05-08,6451
1605,華新,27,6,21,永全-南崁,2023-05-08,6451
2409,友達,20,0,20,永全-南崁,2023-05-08,6451
1580,新麥,20,0,20,永全-南崁,2023-05-08,6451
2421,建準,69,51,18,永全-南崁,2023-05-08,6451
6160,欣技,38,20,18,永全-南崁,2023-05-08,6451
9907,統一實,16,0,16,永全-南崁,2023-05-08,6451
1451,年興,15,0,15,永全-南崁,2023-05-08,6451
1314,中石化,15,0,15,永全-南崁,2023-05-08,6451
00878,國泰永續高股息,17,2,15,永全-南崁,2023-05-08,6451
2359,所羅門,21,6,15,永全-南崁,2023-05-08,6451
2887,台新金,15,0,15,永全-南崁,2023-05-08,6451
4536,拓凱,15,0,15,永全-南崁,2023-05-08,6451
6163,華電網,20,5,15,永全-南崁,2023-05-08,6451
1710,東聯,20,6,14,永全-南崁,2023-05-08,6451
6129,普誠,14,1,13,永全-南崁,2023-05-08,6451
3703,欣陸,12,0,12,永全-南崁,2023-05-08,6451
6733,博晟生醫,11,0,11,永全-南崁,2023-05-08,6451
8121,越峰,12,1,11,永全-南崁,2023-05-08,6451
00679B,元大美債20年,10,0,10,永全-南崁,2023-05-08,6451
2014,中鴻,10,0,10,永全-南崁,2023-05-08,6451
2481,強茂,10,0,10,永全-南崁,2023-05-08,6451
2482,連宇,19,9,10,永全-南崁,2023-05-08,6451
2542,興富發,10,0,10,永全-南崁,2023-05-08,6451
3058,立德,11,1,10,永全-南崁,2023-05-08,6451
3071,協禧,13,3,10,永全-南崁,2023-05-08,6451
3207,耀勝,10,0,10,永全-南崁,2023-05-08,6451
4909,新復興,10,0,10,永全-南崁,2023-05-08,6451
5284,jpp-KY,10,0,10,永全-南崁,2023-05-08,6451
5498,凱崴,65,55,10,永全-南崁,2023-05-08,6451
6104,創惟,10,0,10,永全-南崁,2023-05-08,6451
6205,詮欣,13,3,10,永全-南崁,2023-05-08,6451
00795B,中信美國公債20年,8,0,8,永全-南崁,2023-05-08,6451
1789,神隆,8,0,8,永全-南崁,2023-05-08,6451
2317,鴻海,13,5,8,永全-南崁,2023-05-08,6451
3545,敦泰,8,0,8,永全-南崁,2023-05-08,6451
6173,信昌電,8,0,8,永全-南崁,2023-05-08,6451
8011,台通,8,0,8,永全-南崁,2023-05-08,6451
6274,台燿,9,2,7,永全-南崁,2023-05-08,6451
2002,中鋼,6,0,6,永全-南崁,2023-05-08,6451
2344,華邦電,6,0,6,永全-南崁,2023-05-08,6451
1580,新麥,90,10,80,永全-南崁,2023-05-09,6451
9907,統一實,52,0,52,永全-南崁,2023-05-09,6451
1513,中興電,59,9,50,永全-南崁,2023-05-09,6451
2851,中再保,39,0,39,永全-南崁,2023-05-09,6451
4919,新唐,45,12,33,永全-南崁,2023-05-09,6451
3704,合勤控,30,0,30,永全-南崁,2023-05-09,6451
6026,福邦證,30,0,30,永全-南崁,2023-05-09,6451
2888,新光金,41,13,28,永全-南崁,2023-05-09,6451
00751B,元大AAA至A公司債,25,0,25,永全-南崁,2023-05-09,6451
3570,大塚,25,0,25,永全-南崁,2023-05-09,6451
1218,泰山,21,1,20,永全-南崁,2023-05-09,6451
5487,通泰,20,0,20,永全-南崁,2023-05-09,6451
3479,安勤,18,0,18,永全-南崁,2023-05-09,6451
2468,華經,18,1,17,永全-南崁,2023-05-09,6451
2634,漢翔,29,12,17,永全-南崁,2023-05-09,6451
2618,長榮航,23,6,17,永全-南崁,2023-05-09,6451
1609,大亞,18,4,14,永全-南崁,2023-05-09,6451
6275,元山,16,2,14,永全-南崁,2023-05-09,6451
1519,華城,23,10,13,永全-南崁,2023-05-09,6451
1514,亞力,24,11,13,永全-南崁,2023-05-09,6451
1504,東元,15,2,13,永全-南崁,2023-05-09,6451
3122,笙泉,13,0,13,永全-南崁,2023-05-09,6451
3715,定穎投控,12,0,12,永全-南崁,2023-05-09,6451
6733,博晟生醫,11,0,11,永全-南崁,2023-05-09,6451
00680L,元大美債20正2,10,0,10,永全-南崁,2023-05-09,6451
00720B,元大投資級公司債,10,0,10,永全-南崁,2023-05-09,6451
1434,福懋,10,0,10,永全-南崁,2023-05-09,6451
1589,永冠-KY,10,0,10,永全-南崁,2023-05-09,6451
3029,零壹,11,1,10,永全-南崁,2023-05-09,6451
3047,訊舟,10,0,10,永全-南崁,2023-05-09,6451
3049,精金,10,0,10,永全-南崁,2023-05-09,6451
3162,精確,10,0,10,永全-南崁,2023-05-09,6451
4102,永日,10,0,10,永全-南崁,2023-05-09,6451
4541,晟田,10,0,10,永全-南崁,2023-05-09,6451
4909,新復興,10,0,10,永全-南崁,2023-05-09,6451
4976,佳凌,10,0,10,永全-南崁,2023-05-09,6451
6143,振曜,10,0,10,永全-南崁,2023-05-09,6451
6205,詮欣,10,0,10,永全-南崁,2023-05-09,6451
6218,豪勉,10,0,10,永全-南崁,2023-05-09,6451
4707,磐亞,10,0,10,永全-南崁,2023-05-09,6451
1471,首利,9,0,9,永全-南崁,2023-05-09,6451
1210,大成,10,1,9,永全-南崁,2023-05-09,6451
1220,台榮,9,0,9,永全-南崁,2023-05-09,6451
2211,長榮鋼,9,0,9,永全-南崁,2023-05-09,6451
2359,所羅門,11,2,9,永全-南崁,2023-05-09,6451
2609,陽明,12,3,9,永全-南崁,2023-05-09,6451
4726,永昕,10,1,9,永全-南崁,2023-05-09,6451
3483,力致,25,17,8,永全-南崁,2023-05-09,6451
6282,康舒,8,0,8,永全-南崁,2023-05-09,6451
1231,聯華食,7,0,7,永全-南崁,2023-05-09,6451
5515,建國,101,0,101,永全-南崁,2023-05-10,6451
5498,凱崴,100,0,100,永全-南崁,2023-05-10,6451
2337,旺宏,96,0,96,永全-南崁,2023-05-10,6451
2887,台新金,64,0,64,永全-南崁,2023-05-10,6451
6122,擎邦,70,10,60,永全-南崁,2023-05-10,6451
3570,大塚,50,5,45,永全-南崁,2023-05-10,6451
4711,永純,30,0,30,永全-南崁,2023-05-10,6451
00878,國泰永續高股息,28,1,27,永全-南崁,2023-05-10,6451
2317,鴻海,28,3,25,永全-南崁,2023-05-10,6451
3673,TPK-KY,21,0,21,永全-南崁,2023-05-10,6451
00637L,元大滬深300正2,46,30,16,永全-南崁,2023-05-10,6451
00655L,國泰中國A50正2,15,0,15,永全-南崁,2023-05-10,6451
2618,長榮航,114,99,15,永全-南崁,2023-05-10,6451
00753L,中信中國50正2,34,20,14,永全-南崁,2023-05-10,6451
3058,立德,13,0,13,永全-南崁,2023-05-10,6451
3687,歐買尬,13,0,13,永全-南崁,2023-05-10,6451
1708,東鹼,11,0,11,永全-南崁,2023-05-10,6451
6642,富致,11,0,11,永全-南崁,2023-05-10,6451
1108,幸福,10,0,10,永全-南崁,2023-05-10,6451
1731,美吾華,10,0,10,永全-南崁,2023-05-10,6451
2832,台產,10,0,10,永全-南崁,2023-05-10,6451
3206,志豐,20,10,10,永全-南崁,2023-05-10,6451
4137,麗豐-KY,10,0,10,永全-南崁,2023-05-10,6451
4164,承業醫,10,0,10,永全-南崁,2023-05-10,6451
5464,霖宏,10,0,10,永全-南崁,2023-05-10,6451
00715L,期街口布蘭特正2,10,1,9,永全-南崁,2023-05-10,6451
1784,訊聯,13,4,9,永全-南崁,2023-05-10,6451
2201,裕隆,11,2,9,永全-南崁,2023-05-10,6451
2390,云辰,10,1,9,永全-南崁,2023-05-10,6451
5014,建錩,9,0,9,永全-南崁,2023-05-10,6451
6243,迅杰,10,1,9,永全-南崁,2023-05-10,6451
6806,森崴能源,20,11,9,永全-南崁,2023-05-10,6451
3017,奇鋐,9,1,8,永全-南崁,2023-05-10,6451
2303,聯電,7,0,7,永全-南崁,2023-05-10,6451
3231,緯創,13,6,7,永全-南崁,2023-05-10,6451
5258,虹堡,11,4,7,永全-南崁,2023-05-10,6451
6235,華孚,9,2,7,永全-南崁,2023-05-10,6451
3432,台端,6,0,6,永全-南崁,2023-05-10,6451
3483,力致,10,4,6,永全-南崁,2023-05-10,6451
4744,皇將,10,4,6,永全-南崁,2023-05-10,6451
6138,茂達,6,0,6,永全-南崁,2023-05-10,6451
1503,士電,6,1,5,永全-南崁,2023-05-10,6451
00713,元大台灣高息低波,5,0,5,永全-南崁,2023-05-10,6451
00633L,富邦上証正2,5,0,5,永全-南崁,2023-05-10,6451
00882,中信中國高股息,6,1,5,永全-南崁,2023-05-10,6451
1710,東聯,5,0,5,永全-南崁,2023-05-10,6451
1907,永豐餘,5,0,5,永全-南崁,2023-05-10,6451
2359,所羅門,5,0,5,永全-南崁,2023-05-10,6451
2504,國產,5,0,5,永全-南崁,2023-05-10,6451
2913,農林,5,0,5,永全-南崁,2023-05-10,6451
2542,興富發,220,9,211,永全-南崁,2023-05-11,6451
1447,力鵬,195,0,195,永全-南崁,2023-05-11,6451
3481,群創,106,0,106,永全-南崁,2023-05-11,6451
1513,中興電,100,2,98,永全-南崁,2023-05-11,6451
00878,國泰永續高股息,64,1,63,永全-南崁,2023-05-11,6451
2607,榮運,52,0,52,永全-南崁,2023-05-11,6451
6026,福邦證,52,0,52,永全-南崁,2023-05-11,6451
2405,輔信,45,0,45,永全-南崁,2023-05-11,6451
3049,精金,45,0,45,永全-南崁,2023-05-11,6451
2603,長榮,39,0,39,永全-南崁,2023-05-11,6451
2851,中再保,35,0,35,永全-南崁,2023-05-11,6451
3325,旭品,30,0,30,永全-南崁,2023-05-11,6451
5498,凱崴,30,0,30,永全-南崁,2023-05-11,6451
3570,大塚,25,0,25,永全-南崁,2023-05-11,6451
00720B,元大投資級公司債,23,0,23,永全-南崁,2023-05-11,6451
2630,亞航,21,0,21,永全-南崁,2023-05-11,6451
4908,前鼎,18,0,18,永全-南崁,2023-05-11,6451
2303,聯電,21,4,17,永全-南崁,2023-05-11,6451
1905,華紙,19,3,16,永全-南崁,2023-05-11,6451
2313,華通,16,0,16,永全-南崁,2023-05-11,6451
6160,欣技,17,1,16,永全-南崁,2023-05-11,6451
9907,統一實,16,0,16,永全-南崁,2023-05-11,6451
3024,憶聲,15,0,15,永全-南崁,2023-05-11,6451
4541,晟田,14,0,14,永全-南崁,2023-05-11,6451
6412,群電,13,0,13,永全-南崁,2023-05-11,6451
2355,敬鵬,14,2,12,永全-南崁,2023-05-11,6451
6116,彩晶,12,0,12,永全-南崁,2023-05-11,6451
6285,啟��,12,0,12,永全-南崁,2023-05-11,6451
6443,元晶,12,0,12,永全-南崁,2023-05-11,6451
6667,信紘科,12,0,12,永全-南崁,2023-05-11,6451
8163,達方,12,0,12,永全-南崁,2023-05-11,6451
2344,華邦電,11,0,11,永全-南崁,2023-05-11,6451
2390,云辰,11,0,11,永全-南崁,2023-05-11,6451
4123,晟德,11,0,11,永全-南崁,2023-05-11,6451
4128,中天,11,0,11,永全-南崁,2023-05-11,6451
4931,新盛力,11,0,11,永全-南崁,2023-05-11,6451
6245,立端,11,0,11,永全-南崁,2023-05-11,6451
2609,陽明,11,1,10,永全-南崁,2023-05-11,6451
00715L,期街口布蘭特正2,22,12,10,永全-南崁,2023-05-11,6451
00891,中信關鍵半導體,10,0,10,永全-南崁,2023-05-11,6451
1605,華新,12,2,10,永全-南崁,2023-05-11,6451
3402,漢科,10,0,10,永全-南崁,2023-05-11,6451
3673,TPK-KY,10,0,10,永全-南崁,2023-05-11,6451
4164,承業醫,10,0,10,永全-南崁,2023-05-11,6451
4977,眾達-KY,10,0,10,永全-南崁,2023-05-11,6451
6234,高僑,17,7,10,永全-南崁,2023-05-11,6451
8091,翔名,11,1,10,永全-南崁,2023-05-11,6451
1519,華城,9,0,9,永全-南崁,2023-05-11,6451
1326,台化,10,1,9,永全-南崁,2023-05-11,6451
2201,裕隆,9,0,9,永全-南崁,2023-05-11,6451
3481,群創,200,0,200,永全-南崁,2023-05-12,6451
00882,中信中國高股息,54,0,54,永全-南崁,2023-05-12,6451
2317,鴻海,54,9,45,永全-南崁,2023-05-12,6451
3570,大塚,53,10,43,永全-南崁,2023-05-12,6451
1314,中石化,35,0,35,永全-南崁,2023-05-12,6451
00715L,期街口布蘭特正2,35,0,35,永全-南崁,2023-05-12,6451
9907,統一實,30,0,30,永全-南崁,2023-05-12,6451
2409,友達,30,1,29,永全-南崁,2023-05-12,6451
2618,長榮航,35,12,23,永全-南崁,2023-05-12,6451
1326,台化,20,0,20,永全-南崁,2023-05-12,6451
6026,福邦證,20,0,20,永全-南崁,2023-05-12,6451
8222,寶一,40,21,19,永全-南崁,2023-05-12,6451
1101,台泥,18,0,18,永全-南崁,2023-05-12,6451
2888,新光金,17,0,17,永全-南崁,2023-05-12,6451
2002,中鋼,14,0,14,永全-南崁,2023-05-12,6451
4908,前鼎,11,0,11,永全-南崁,2023-05-12,6451
00637L,元大滬深300正2,10,0,10,永全-南崁,2023-05-12,6451
1721,三晃,10,0,10,永全-南崁,2023-05-12,6451
1736,喬山,10,0,10,永全-南崁,2023-05-12,6451
1815,富喬,10,0,10,永全-南崁,2023-05-12,6451
3034,聯詠,10,0,10,永全-南崁,2023-05-12,6451
3308,聯德,10,0,10,永全-南崁,2023-05-12,6451
3617,碩天,10,0,10,永全-南崁,2023-05-12,6451
8176,智捷,10,0,10,永全-南崁,2023-05-12,6451
5284,jpp-KY,10,0,10,永全-南崁,2023-05-12,6451
0056,元大高股息,9,0,9,永全-南崁,2023-05-12,6451
1528,恩德,8,0,8,永全-南崁,2023-05-12,6451
2892,第一金,8,0,8,永全-南崁,2023-05-12,6451
3162,精確,8,0,8,永全-南崁,2023-05-12,6451
6112,邁達特,20,12,8,永全-南崁,2023-05-12,6451
6207,雷科,8,0,8,永全-南崁,2023-05-12,6451
1304,台聚,7,0,7,永全-南崁,2023-05-12,6451
2313,華通,7,0,7,永全-南崁,2023-05-12,6451
2383,台光電,6,0,6,永全-南崁,2023-05-12,6451
2882,國泰金,6,0,6,永全-南崁,2023-05-12,6451
4916,事欣科,12,6,6,永全-南崁,2023-05-12,6451
4976,佳凌,6,0,6,永全-南崁,2023-05-12,6451
00922,國泰台灣領袖50,5,0,5,永全-南崁,2023-05-12,6451
00905,FT臺灣Smart,5,0,5,永全-南崁,2023-05-12,6451
1589,永冠-KY,5,0,5,永全-南崁,2023-05-12,6451
1789,神隆,5,0,5,永全-南崁,2023-05-12,6451
2204,中華,5,0,5,永全-南崁,2023-05-12,6451
2546,根基,5,0,5,永全-南崁,2023-05-12,6451
3306,鼎天,5,0,5,永全-南崁,2023-05-12,6451
3694,海華,5,0,5,永全-南崁,2023-05-12,6451
4161,聿新科,16,11,5,永全-南崁,2023-05-12,6451
6126,信音,5,0,5,永全-南崁,2023-05-12,6451
6176,瑞儀,5,0,5,永全-南崁,2023-05-12,6451
6570,維田,5,0,5,永全-南崁,2023-05-12,6451
8050,廣積,5,0,5,永全-南崁,2023-05-12,6451
1326,台化,80,0,80,永全-南崁,2023-05-15,6451
1605,華新,60,0,60,永全-南崁,2023-05-15,6451
2392,正崴,51,0,51,永全-南崁,2023-05-15,6451
6122,擎邦,55,4,51,永全-南崁,2023-05-15,6451
00878,國泰永續高股息,49,6,43,永全-南崁,2023-05-15,6451
3570,大塚,43,0,43,永全-南崁,2023-05-15,6451
6016,康和證,40,0,40,永全-南崁,2023-05-15,6451
3625,西勝,38,0,38,永全-南崁,2023-05-15,6451
6288,聯嘉,41,3,38,永全-南崁,2023-05-15,6451
2409,友達,30,0,30,永全-南崁,2023-05-15,6451
1504,東元,50,24,26,永全-南崁,2023-05-15,6451
1101,台泥,21,0,21,永全-南崁,2023-05-15,6451
2851,中再保,21,0,21,永全-南崁,2023-05-15,6451
6133,金橋,20,0,20,永全-南崁,2023-05-15,6451
6806,森崴能源,29,10,19,永全-南崁,2023-05-15,6451
3034,聯詠,19,1,18,永全-南崁,2023-05-15,6451
2368,金像電,23,6,17,永全-南崁,2023-05-15,6451
3105,穩懋,17,0,17,永全-南崁,2023-05-15,6451
00900,富邦特選高股息30,15,0,15,永全-南崁,2023-05-15,6451
2303,聯電,15,0,15,永全-南崁,2023-05-15,6451
2317,鴻海,14,1,13,永全-南崁,2023-05-15,6451
6139,亞翔,13,0,13,永全-南崁,2023-05-15,6451
6198,瑞築,13,0,13,永全-南崁,2023-05-15,6451
2344,華邦電,11,0,11,永全-南崁,2023-05-15,6451
3006,晶豪科,11,0,11,永全-南崁,2023-05-15,6451
3680,家登,11,0,11,永全-南崁,2023-05-15,6451
4123,晟德,12,2,10,永全-南崁,2023-05-15,6451
1447,力鵬,10,0,10,永全-南崁,2023-05-15,6451
00679B,元大美債20年,10,0,10,永全-南崁,2023-05-15,6451
3022,威強電,10,0,10,永全-南崁,2023-05-15,6451
3617,碩天,10,0,10,永全-南崁,2023-05-15,6451
4161,聿新科,10,0,10,永全-南崁,2023-05-15,6451
6152,百一,10,0,10,永全-南崁,2023-05-15,6451
2457,飛宏,23,14,9,永全-南崁,2023-05-15,6451
4958,臻鼎-KY,9,0,9,永全-南崁,2023-05-15,6451
00753L,中信中國50正2,8,0,8,永全-南崁,2023-05-15,6451
00795B,中信美國公債20年,8,0,8,永全-南崁,2023-05-15,6451
00882,中信中國高股息,8,0,8,永全-南崁,2023-05-15,6451
00637L,元大滬深300正2,8,0,8,永全-南崁,2023-05-15,6451
6235,華孚,24,17,7,永全-南崁,2023-05-15,6451
8454,富邦媒,7,0,7,永全-南崁,2023-05-15,6451
3206,志豐,10,3,7,永全-南崁,2023-05-15,6451
6642,富致,7,0,7,永全-南崁,2023-05-15,6451
00715L,期街口布蘭特正2,11,5,6,永全-南崁,2023-05-15,6451
2034,允強,6,0,6,永全-南崁,2023-05-15,6451
2382,廣達,8,2,6,永全-南崁,2023-05-15,6451
2634,漢翔,8,2,6,永全-南崁,2023-05-15,6451
1789,神隆,5,0,5,永全-南崁,2023-05-15,6451
00683L,期元大美元指正2,5,0,5,永全-南崁,2023-05-15,6451
1229,聯華,5,0,5,永全-南崁,2023-05-15,6451
00715L,期街口布蘭特正2,63,10,53,永全-南崁,2023-05-16,6451
1326,台化,35,2,33,永全-南崁,2023-05-16,6451
1513,中興電,38,6,32,永全-南崁,2023-05-16,6451
2515,中工,30,0,30,永全-南崁,2023-05-16,6451
2834,臺企銀,30,0,30,永全-南崁,2023-05-16,6451
3022,威強電,30,1,29,永全-南崁,2023-05-16,6451
2736,富野,34,13,21,永全-南崁,2023-05-16,6451
2867,三商壽,20,0,20,永全-南崁,2023-05-16,6451
5465,富驊,20,0,20,永全-南崁,2023-05-16,6451
2461,光群雷,17,0,17,永全-南崁,2023-05-16,6451
2645,長榮航太,15,0,15,永全-南崁,2023-05-16,6451
1504,東元,26,14,12,永全-南崁,2023-05-16,6451
00679B,元大美債20年,12,0,12,永全-南崁,2023-05-16,6451
1319,東陽,12,0,12,永全-南崁,2023-05-16,6451
1609,大亞,30,18,12,永全-南崁,2023-05-16,6451
2603,長榮,16,5,11,永全-南崁,2023-05-16,6451
1760,寶齡富錦,11,0,11,永全-南崁,2023-05-16,6451
00882,中信中國高股息,10,0,10,永全-南崁,2023-05-16,6451
2103,台橡,10,0,10,永全-南崁,2023-05-16,6451
00713,元大台灣高息低波,10,0,10,永全-南崁,2023-05-16,6451
00888,永豐台灣ESG,10,0,10,永全-南崁,2023-05-16,6451
2337,旺宏,10,0,10,永全-南崁,2023-05-16,6451
2812,台中銀,10,0,10,永全-南崁,2023-05-16,6451
2832,台產,10,0,10,永全-南崁,2023-05-16,6451
3207,耀勝,10,0,10,永全-南崁,2023-05-16,6451
3570,大塚,10,0,10,永全-南崁,2023-05-16,6451
6806,森崴能源,13,3,10,永全-南崁,2023-05-16,6451
8105,凌巨,11,1,10,永全-南崁,2023-05-16,6451
5009,榮剛,10,1,9,永全-南崁,2023-05-16,6451
2495,普安,10,1,9,永全-南崁,2023-05-16,6451
3363,上詮,7,0,7,永全-南崁,2023-05-16,6451
2618,長榮航,20,14,6,永全-南崁,2023-05-16,6451
1605,華新,6,0,6,永全-南崁,2023-05-16,6451
2546,根基,6,0,6,永全-南崁,2023-05-16,6451
3149,正達,6,0,6,永全-南崁,2023-05-16,6451
00772B,中信高評級公司債,5,0,5,永全-南崁,2023-05-16,6451
2206,三陽工業,21,16,5,永全-南崁,2023-05-16,6451
2548,華固,5,0,5,永全-南崁,2023-05-16,6451
3479,安勤,6,1,5,永全-南崁,2023-05-16,6451
6192,巨路,5,0,5,永全-南崁,2023-05-16,6451
8936,國統,6,1,5,永全-南崁,2023-05-16,6451
00720B,元大投資級公司債,4,0,4,永全-南崁,2023-05-16,6451
00795B,中信美國公債20年,4,0,4,永全-南崁,2023-05-16,6451
2530,華建,9,5,4,永全-南崁,2023-05-16,6451
2885,元大金,4,0,4,永全-南崁,2023-05-16,6451
3202,樺晟,4,0,4,永全-南崁,2023-05-16,6451
1905,華紙,14,11,3,永全-南崁,2023-05-16,6451
00680L,元大美債20正2,3,0,3,永全-南崁,2023-05-16,6451
00900,富邦特選高股息30,3,0,3,永全-南崁,2023-05-16,6451
2471,資通,3,0,3,永全-南崁,2023-05-16,6451
00632R,元大台灣50反1,400,0,400,永全-南崁,2023-05-17,6451
2618,長榮航,109,0,109,永全-南崁,2023-05-17,6451
2634,漢翔,80,26,54,永全-南崁,2023-05-17,6451
4543,萬在,32,0,32,永全-南崁,2023-05-17,6451
1326,台化,30,0,30,永全-南崁,2023-05-17,6451
2313,華通,28,0,28,永全-南崁,2023-05-17,6451
4973,廣穎,28,0,28,永全-南崁,2023-05-17,6451
2603,長榮,23,8,15,永全-南崁,2023-05-17,6451
3034,聯詠,15,0,15,永全-南崁,2023-05-17,6451
3058,立德,15,0,15,永全-南崁,2023-05-17,6451
2461,光群雷,13,0,13,永全-南崁,2023-05-17,6451
3479,安勤,11,0,11,永全-南崁,2023-05-17,6451
00772B,中信高評級公司債,10,0,10,永全-南崁,2023-05-17,6451
00751B,元大AAA至A公司債,10,0,10,永全-南崁,2023-05-17,6451
2103,台橡,10,0,10,永全-南崁,2023-05-17,6451
2360,致茂,10,0,10,永全-南崁,2023-05-17,6451
3570,大塚,10,0,10,永全-南崁,2023-05-17,6451
4161,聿新科,13,3,10,永全-南崁,2023-05-17,6451
4931,新盛力,10,0,10,永全-南崁,2023-05-17,6451
5388,中磊,10,0,10,永全-南崁,2023-05-17,6451
5469,瀚宇博,10,0,10,永全-南崁,2023-05-17,6451
2731,雄獅,9,0,9,永全-南崁,2023-05-17,6451
9907,統一實,10,1,9,永全-南崁,2023-05-17,6451
4908,前鼎,12,5,7,永全-南崁,2023-05-17,6451
8454,富邦媒,7,0,7,永全-南崁,2023-05-17,6451
4114,健喬,6,0,6,永全-南崁,2023-05-17,6451
1609,大亞,15,10,5,永全-南崁,2023-05-17,6451
1608,華榮,8,3,5,永全-南崁,2023-05-17,6451
00690,兆豐藍籌30,5,0,5,永全-南崁,2023-05-17,6451
1813,寶利徠,5,0,5,永全-南崁,2023-05-17,6451
3027,盛達,5,0,5,永全-南崁,2023-05-17,6451
3290,東浦,5,0,5,永全-南崁,2023-05-17,6451
4128,中天,6,1,5,永全-南崁,2023-05-17,6451
6125,廣運,5,0,5,永全-南崁,2023-05-17,6451
6248,沛波,5,0,5,永全-南崁,2023-05-17,6451
6282,康舒,5,0,5,永全-南崁,2023-05-17,6451
5258,虹堡,8,4,4,永全-南崁,2023-05-17,6451
00882,中信中國高股息,4,0,4,永全-南崁,2023-05-17,6451
00680L,元大美債20正2,4,0,4,永全-南崁,2023-05-17,6451
1471,首利,4,0,4,永全-南崁,2023-05-17,6451
1752,南光,5,1,4,永全-南崁,2023-05-17,6451
3715,定穎投控,16,12,4,永全-南崁,2023-05-17,6451
4952,凌通,4,0,4,永全-南崁,2023-05-17,6451
5324,士開,9,5,4,永全-南崁,2023-05-17,6451
5706,鳳凰,20,16,4,永全-南崁,2023-05-17,6451
6148,驊宏資,4,0,4,永全-南崁,2023-05-17,6451
6163,華電網,5,1,4,永全-南崁,2023-05-17,6451
1519,華城,4,1,3,永全-南崁,2023-05-17,6451
1612,宏泰,5,2,3,永全-南崁,2023-05-17,6451
1513,中興電,9,6,3,永全-南崁,2023-05-17,6451
2468,華經,163,4,159,永全-南崁,2023-05-18,6451
00673R,期元大S＆P原油反1,100,0,100,永全-南崁,2023-05-18,6451
1447,力鵬,50,0,50,永全-南崁,2023-05-18,6451
2634,漢翔,44,8,36,永全-南崁,2023-05-18,6451
2401,凌陽,30,0,30,永全-南崁,2023-05-18,6451
3607,谷崧,30,0,30,永全-南崁,2023-05-18,6451
2618,長榮航,56,27,29,永全-南崁,2023-05-18,6451
2610,華航,31,6,25,永全-南崁,2023-05-18,6451
5465,富驊,23,0,23,永全-南崁,2023-05-18,6451
4543,萬在,20,0,20,永全-南崁,2023-05-18,6451
2530,華建,19,0,19,永全-南崁,2023-05-18,6451
3703,欣陸,17,0,17,永全-南崁,2023-05-18,6451
00637L,元大滬深300正2,16,0,16,永全-南崁,2023-05-18,6451
2492,華新科,19,4,15,永全-南崁,2023-05-18,6451
3078,僑威,25,11,14,永全-南崁,2023-05-18,6451
2313,華通,14,0,14,永全-南崁,2023-05-18,6451
1709,和益,13,0,13,永全-南崁,2023-05-18,6451
3570,大塚,13,0,13,永全-南崁,2023-05-18,6451
5607,遠雄港,12,0,12,永全-南崁,2023-05-18,6451
3324,雙鴻,12,1,11,永全-南崁,2023-05-18,6451
4123,晟德,11,0,11,永全-南崁,2023-05-18,6451
5425,台半,11,0,11,永全-南崁,2023-05-18,6451
1904,正隆,10,0,10,永全-南崁,2023-05-18,6451
3035,智原,10,0,10,永全-南崁,2023-05-18,6451
6603,富強鑫,10,0,10,永全-南崁,2023-05-18,6451
8076,伍豐,12,2,10,永全-南崁,2023-05-18,6451
8150,南茂,10,0,10,永全-南崁,2023-05-18,6451
1609,大亞,42,33,9,永全-南崁,2023-05-18,6451
1304,台聚,9,0,9,永全-南崁,2023-05-18,6451
4744,皇將,30,21,9,永全-南崁,2023-05-18,6451
4968,立積,10,1,9,永全-南崁,2023-05-18,6451
00679B,元大美債20年,7,0,7,永全-南崁,2023-05-18,6451
2323,中環,10,3,7,永全-南崁,2023-05-18,6451
2458,義隆,7,0,7,永全-南崁,2023-05-18,6451
4163,鐿鈦,20,13,7,永全-南崁,2023-05-18,6451
5351,鈺創,7,0,7,永全-南崁,2023-05-18,6451
1529,樂事綠能,6,0,6,永全-南崁,2023-05-18,6451
2204,中華,12,6,6,永全-南崁,2023-05-18,6451
3290,東浦,6,0,6,永全-南崁,2023-05-18,6451
5328,華容,6,0,6,永全-南崁,2023-05-18,6451
5511,德昌,6,0,6,永全-南崁,2023-05-18,6451
1409,新纖,5,0,5,永全-南崁,2023-05-18,6451
1742,台蠟,5,0,5,永全-南崁,2023-05-18,6451
1752,南光,7,2,5,永全-南崁,2023-05-18,6451
2312,金寶,5,0,5,永全-南崁,2023-05-18,6451
2351,順德,5,0,5,永全-南崁,2023-05-18,6451
2404,漢唐,5,0,5,永全-南崁,2023-05-18,6451
5469,瀚宇博,5,0,5,永全-南崁,2023-05-18,6451
6143,振曜,5,0,5,永全-南崁,2023-05-18,6451
6443,元晶,5,0,5,永全-南崁,2023-05-18,6451
00632R,元大台灣50反1,305,0,305,永全-南崁,2023-05-19,6451
2851,中再保,80,0,80,永全-南崁,2023-05-19,6451
5009,榮剛,58,1,57,永全-南崁,2023-05-19,6451
6290,良維,45,0,45,永全-南崁,2023-05-19,6451
2332,友訊,48,16,32,永全-南崁,2023-05-19,6451
2468,華經,24,0,24,永全-南崁,2023-05-19,6451
2603,長榮,24,0,24,永全-南崁,2023-05-19,6451
3570,大塚,22,0,22,永全-南崁,2023-05-19,6451
8222,寶一,24,2,22,永全-南崁,2023-05-19,6451
00720B,元大投資級公司債,21,0,21,永全-南崁,2023-05-19,6451
6223,旺矽,23,2,21,永全-南崁,2023-05-19,6451
00751B,元大AAA至A公司債,20,0,20,永全-南崁,2023-05-19,6451
2515,中工,20,0,20,永全-南崁,2023-05-19,6451
3006,晶豪科,20,0,20,永全-南崁,2023-05-19,6451
5465,富驊,20,0,20,永全-南崁,2023-05-19,6451
2352,佳世達,20,3,17,永全-南崁,2023-05-19,6451
1905,華紙,25,11,14,永全-南崁,2023-05-19,6451
9958,世紀鋼,12,0,12,永全-南崁,2023-05-19,6451
00680L,元大美債20正2,11,0,11,永全-南崁,2023-05-19,6451
00690,兆豐藍籌30,10,0,10,永全-南崁,2023-05-19,6451
1810,和成,10,0,10,永全-南崁,2023-05-19,6451
2360,致茂,10,0,10,永全-南崁,2023-05-19,6451
3712,永崴投控,10,0,10,永全-南崁,2023-05-19,6451
4123,晟德,10,0,10,永全-南崁,2023-05-19,6451
4161,聿新科,10,0,10,永全-南崁,2023-05-19,6451
4168,醣聯,10,0,10,永全-南崁,2023-05-19,6451
8076,伍豐,10,0,10,永全-南崁,2023-05-19,6451
8927,北基,10,0,10,永全-南崁,2023-05-19,6451
3029,零壹,20,10,10,永全-南崁,2023-05-19,6451
2317,鴻海,9,0,9,永全-南崁,2023-05-19,6451
3045,台灣大,9,0,9,永全-南崁,2023-05-19,6451
6443,元晶,8,0,8,永全-南崁,2023-05-19,6451
2745,五福,8,0,8,永全-南崁,2023-05-19,6451
6285,啟��,8,0,8,永全-南崁,2023-05-19,6451
2201,裕隆,8,0,8,永全-南崁,2023-05-19,6451
00687B,國泰20年美債,7,0,7,永全-南崁,2023-05-19,6451
2312,金寶,7,0,7,永全-南崁,2023-05-19,6451
5324,士開,15,8,7,永全-南崁,2023-05-19,6451
6411,晶焱,7,0,7,永全-南崁,2023-05-19,6451
5243,乙盛-KY,11,4,7,永全-南崁,2023-05-19,6451
1605,華新,17,10,7,永全-南崁,2023-05-19,6451
2376,技嘉,10,4,6,永全-南崁,2023-05-19,6451
2402,毅嘉,6,0,6,永全-南崁,2023-05-19,6451
3028,增你強,6,0,6,永全-南崁,2023-05-19,6451
6203,海韻電,6,0,6,永全-南崁,2023-05-19,6451
00679B,元大美債20年,5,0,5,永全-南崁,2023-05-19,6451
1108,幸福,5,0,5,永全-南崁,2023-05-19,6451
00637L,元大滬深300正2,15,10,5,永全-南崁,2023-05-19,6451
00633L,富邦上証正2,5,0,5,永全-南崁,2023-05-19,6451
00715L,期街口布蘭特正2,5,0,5,永全-南崁,2023-05-19,6451
2313,華通,64,0,64,永全-南崁,2023-05-22,6451
2302,麗正,40,0,40,永全-南崁,2023-05-22,6451
4173,久裕,49,9,40,永全-南崁,2023-05-22,6451
3570,大塚,32,0,32,永全-南崁,2023-05-22,6451
2236,百達-KY,30,0,30,永全-南崁,2023-05-22,6451
2303,聯電,22,0,22,永全-南崁,2023-05-22,6451
00690,兆豐藍籌30,20,0,20,永全-南崁,2023-05-22,6451
00878,國泰永續高股息,21,1,20,永全-南崁,2023-05-22,6451
4161,聿新科,20,0,20,永全-南崁,2023-05-22,6451
6282,康舒,40,20,20,永全-南崁,2023-05-22,6451
1101,台泥,20,1,19,永全-南崁,2023-05-22,6451
2645,長榮航太,17,0,17,永全-南崁,2023-05-22,6451
00688L,國泰20年美債正2,16,0,16,永全-南崁,2023-05-22,6451
5328,華容,20,4,16,永全-南崁,2023-05-22,6451
2881,富邦金,15,0,15,永全-南崁,2023-05-22,6451
6197,佳必琪,20,5,15,永全-南崁,2023-05-22,6451
1711,永光,14,0,14,永全-南崁,2023-05-22,6451
3701,大眾控,20,6,14,永全-南崁,2023-05-22,6451
6697,東捷資訊,14,0,14,永全-南崁,2023-05-22,6451
2105,正新,13,0,13,永全-南崁,2023-05-22,6451
6234,高僑,13,0,13,永全-南崁,2023-05-22,6451
2412,中華電,11,0,11,永全-南崁,2023-05-22,6451
5425,台半,12,1,11,永全-南崁,2023-05-22,6451
00679B,元大美債20年,10,0,10,永全-南崁,2023-05-22,6451
2530,華建,15,5,10,永全-南崁,2023-05-22,6451
3045,台灣大,10,0,10,永全-南崁,2023-05-22,6451
3491,昇達科,10,0,10,永全-南崁,2023-05-22,6451
4942,嘉彰,10,0,10,永全-南崁,2023-05-22,6451
6245,立端,11,1,10,永全-南崁,2023-05-22,6451
3006,晶豪科,11,2,9,永全-南崁,2023-05-22,6451
8936,國統,9,0,9,永全-南崁,2023-05-22,6451
2352,佳世達,10,2,8,永全-南崁,2023-05-22,6451
4533,協易機,8,0,8,永全-南崁,2023-05-22,6451
2421,建準,14,6,8,永全-南崁,2023-05-22,6451
00680L,元大美債20正2,7,0,7,永全-南崁,2023-05-22,6451
00687B,國泰20年美債,7,0,7,永全-南崁,2023-05-22,6451
2609,陽明,7,0,7,永全-南崁,2023-05-22,6451
3035,智原,7,0,7,永全-南崁,2023-05-22,6451
3163,波若威,9,2,7,永全-南崁,2023-05-22,6451
8110,華東,10,3,7,永全-南崁,2023-05-22,6451
3037,欣興,11,4,7,永全-南崁,2023-05-22,6451
2712,遠雄來,6,0,6,永全-南崁,2023-05-22,6451
2929,淘帝-KY,6,0,6,永全-南崁,2023-05-22,6451
3088,艾訊,10,4,6,永全-南崁,2023-05-22,6451
3710,連展投控,6,0,6,永全-南崁,2023-05-22,6451
6235,華孚,8,2,6,永全-南崁,2023-05-22,6451
8046,南電,6,0,6,永全-南崁,2023-05-22,6451
1584,精剛,5,0,5,永全-南崁,2023-05-22,6451
00720B,元大投資級公司債,5,0,5,永全-南崁,2023-05-22,6451
2610,華航,173,168,5,永全-南崁,2023-05-22,6451
1528,恩德,307,0,307,永全-南崁,2023-05-23,6451
2344,華邦電,126,2,124,永全-南崁,2023-05-23,6451
3481,群創,100,10,90,永全-南崁,2023-05-23,6451
00673R,期元大S＆P原油反1,50,0,50,永全-南崁,2023-05-23,6451
1608,華榮,50,2,48,永全-南崁,2023-05-23,6451
2399,映泰,41,2,39,永全-南崁,2023-05-23,6451
6223,旺矽,28,2,26,永全-南崁,2023-05-23,6451
2409,友達,23,0,23,永全-南崁,2023-05-23,6451
00679B,元大美債20年,22,0,22,永全-南崁,2023-05-23,6451
2442,新美齊,38,17,21,永全-南崁,2023-05-23,6451
1722,台肥,20,0,20,永全-南崁,2023-05-23,6451
2359,所羅門,20,0,20,永全-南崁,2023-05-23,6451
5425,台半,21,1,20,永全-南崁,2023-05-23,6451
00720B,元大投資級公司債,19,0,19,永全-南崁,2023-05-23,6451
2603,長榮,14,0,14,永全-南崁,2023-05-23,6451
3694,海華,13,0,13,永全-南崁,2023-05-23,6451
2913,農林,12,0,12,永全-南崁,2023-05-23,6451
2461,光群雷,11,0,11,永全-南崁,2023-05-23,6451
3693,營邦,23,12,11,永全-南崁,2023-05-23,6451
00878,國泰永續高股息,14,3,11,永全-南崁,2023-05-23,6451
1101,台泥,10,0,10,永全-南崁,2023-05-23,6451
2201,裕隆,12,2,10,永全-南崁,2023-05-23,6451
2380,虹光,10,0,10,永全-南崁,2023-05-23,6451
2438,翔耀,10,0,10,永全-南崁,2023-05-23,6451
3479,安勤,10,0,10,永全-南崁,2023-05-23,6451
3625,西勝,10,0,10,永全-南崁,2023-05-23,6451
4173,久裕,10,0,10,永全-南崁,2023-05-23,6451
4572,駐龍,10,0,10,永全-南崁,2023-05-23,6451
4904,遠傳,10,0,10,永全-南崁,2023-05-23,6451
9105,泰金寶-DR,10,0,10,永全-南崁,2023-05-23,6451
3017,奇鋐,8,0,8,永全-南崁,2023-05-23,6451
00715L,期街口布蘭特正2,10,2,8,永全-南崁,2023-05-23,6451
2530,華建,8,0,8,永全-南崁,2023-05-23,6451
3025,星通,30,22,8,永全-南崁,2023-05-23,6451
3189,景碩,11,3,8,永全-南崁,2023-05-23,6451
6138,茂達,8,0,8,永全-南崁,2023-05-23,6451
6288,聯嘉,11,3,8,永全-南崁,2023-05-23,6451
00680L,元大美債20正2,7,0,7,永全-南崁,2023-05-23,6451
2105,正新,10,3,7,永全-南崁,2023-05-23,6451
2337,旺宏,9,2,7,永全-南崁,2023-05-23,6451
2645,長榮航太,9,2,7,永全-南崁,2023-05-23,6451
2731,雄獅,7,0,7,永全-南崁,2023-05-23,6451
4533,協易機,7,0,7,永全-南崁,2023-05-23,6451
6146,耕興,7,0,7,永全-南崁,2023-05-23,6451
2882,國泰金,10,3,7,永全-南崁,2023-05-23,6451
00795B,中信美國公債20年,6,0,6,永全-南崁,2023-05-23,6451
2371,大同,6,0,6,永全-南崁,2023-05-23,6451
5905,南仁湖,9,3,6,永全-南崁,2023-05-23,6451
3033,威健,6,0,6,永全-南崁,2023-05-23,6451
1605,華新,5,0,5,永全-南崁,2023-05-23,6451
2399,映泰,145,8,137,永全-南崁,2023-05-24,6451
3481,群創,100,0,100,永全-南崁,2023-05-24,6451
00882,中信中國高股息,62,0,62,永全-南崁,2023-05-24,6451
6122,擎邦,53,0,53,永全-南崁,2023-05-24,6451
00673R,期元大S＆P原油反1,50,0,50,永全-南崁,2023-05-24,6451
2705,六福,34,3,31,永全-南崁,2023-05-24,6451
2442,新美齊,32,2,30,永全-南崁,2023-05-24,6451
00679B,元大美債20年,25,0,25,永全-南崁,2023-05-24,6451
3264,欣銓,25,0,25,永全-南崁,2023-05-24,6451
1513,中興電,30,5,25,永全-南崁,2023-05-24,6451
2630,亞航,38,14,24,永全-南崁,2023-05-24,6451
5512,力麒,22,0,22,永全-南崁,2023-05-24,6451
3189,景碩,22,1,21,永全-南崁,2023-05-24,6451
2236,百達-KY,20,0,20,永全-南崁,2023-05-24,6451
3596,智易,20,0,20,永全-南崁,2023-05-24,6451
4155,訊映,21,1,20,永全-南崁,2023-05-24,6451
6197,佳必琪,20,0,20,永全-南崁,2023-05-24,6451
00637L,元大滬深300正2,29,10,19,永全-南崁,2023-05-24,6451
3078,僑威,26,8,18,永全-南崁,2023-05-24,6451
1589,永冠-KY,21,4,17,永全-南崁,2023-05-24,6451
4564,元翎,17,1,16,永全-南崁,2023-05-24,6451
2457,飛宏,78,65,13,永全-南崁,2023-05-24,6451
2371,大同,17,4,13,永全-南崁,2023-05-24,6451
00753L,中信中國50正2,12,0,12,永全-南崁,2023-05-24,6451
00712,復華富時不動產,11,0,11,永全-南崁,2023-05-24,6451
4746,台耀,10,0,10,永全-南崁,2023-05-24,6451
3694,海華,10,0,10,永全-南崁,2023-05-24,6451
5465,富驊,10,0,10,永全-南崁,2023-05-24,6451
8097,常珵,11,1,10,永全-南崁,2023-05-24,6451
3041,揚智,10,1,9,永全-南崁,2023-05-24,6451
00878,國泰永續高股息,19,10,9,永全-南崁,2023-05-24,6451
1907,永豐餘,10,1,9,永全-南崁,2023-05-24,6451
2368,金像電,15,6,9,永全-南崁,2023-05-24,6451
2888,新光金,14,5,9,永全-南崁,2023-05-24,6451
3570,大塚,9,0,9,永全-南崁,2023-05-24,6451
2618,長榮航,90,82,8,永全-南崁,2023-05-24,6451
3703,欣陸,8,0,8,永全-南崁,2023-05-24,6451
6112,邁達特,8,0,8,永全-南崁,2023-05-24,6451
3058,立德,13,6,7,永全-南崁,2023-05-24,6451
00665L,富邦�琤肭磪囓�2,7,0,7,永全-南崁,2023-05-24,6451
2882,國泰金,12,5,7,永全-南崁,2023-05-24,6451
8261,富鼎,7,0,7,永全-南崁,2023-05-24,6451
2323,中環,6,0,6,永全-南崁,2023-05-24,6451
3443,創意,6,0,6,永全-南崁,2023-05-24,6451
4916,事欣科,7,1,6,永全-南崁,2023-05-24,6451
6146,耕興,6,0,6,永全-南崁,2023-05-24,6451
6191,精成科,6,0,6,永全-南崁,2023-05-24,6451
1219,福壽,5,0,5,永全-南崁,2023-05-24,6451
1314,中石化,5,0,5,永全-南崁,2023-05-24,6451
00674R,期元大S＆P黃金反1,5,0,5,永全-南崁,2023-05-24,6451
3481,群創,100,1,99,永全-南崁,2023-05-25,6451
2634,漢翔,73,9,64,永全-南崁,2023-05-25,6451
00673R,期元大S＆P原油反1,50,0,50,永全-南崁,2023-05-25,6451
6806,森崴能源,45,0,45,永全-南崁,2023-05-25,6451
2399,映泰,51,7,44,永全-南崁,2023-05-25,6451
2645,長榮航太,36,0,36,永全-南崁,2023-05-25,6451
2609,陽明,35,0,35,永全-南崁,2023-05-25,6451
00715L,期街口布蘭特正2,50,17,33,永全-南崁,2023-05-25,6451
2489,瑞軒,30,0,30,永全-南崁,2023-05-25,6451
2615,萬海,30,0,30,永全-南崁,2023-05-25,6451
6160,欣技,30,1,29,永全-南崁,2023-05-25,6451
2891,中信金,27,1,26,永全-南崁,2023-05-25,6451
2331,精英,26,3,23,永全-南崁,2023-05-25,6451
2887,台新金,23,0,23,永全-南崁,2023-05-25,6451
5465,富驊,23,0,23,永全-南崁,2023-05-25,6451
2882,國泰金,22,0,22,永全-南崁,2023-05-25,6451
2356,英業達,25,5,20,永全-南崁,2023-05-25,6451
2705,六福,21,1,20,永全-南崁,2023-05-25,6451
2801,彰銀,20,0,20,永全-南崁,2023-05-25,6451
8932,智通*,20,0,20,永全-南崁,2023-05-25,6451
3444,利機,18,0,18,永全-南崁,2023-05-25,6451
4915,致伸,23,5,18,永全-南崁,2023-05-25,6451
00687B,國泰20年美債,17,0,17,永全-南崁,2023-05-25,6451
2883,凱基金,16,0,16,永全-南崁,2023-05-25,6451
2906,高林,16,0,16,永全-南崁,2023-05-25,6451
2105,正新,15,0,15,永全-南崁,2023-05-25,6451
2611,志信,21,6,15,永全-南崁,2023-05-25,6451
6290,良維,15,1,14,永全-南崁,2023-05-25,6451
1609,大亞,21,8,13,永全-南崁,2023-05-25,6451
3570,大塚,13,0,13,永全-南崁,2023-05-25,6451
5515,建國,15,2,13,永全-南崁,2023-05-25,6451
00637L,元大滬深300正2,22,10,12,永全-南崁,2023-05-25,6451
00895,富邦未來車,12,0,12,永全-南崁,2023-05-25,6451
1504,東元,10,0,10,永全-南崁,2023-05-25,6451
8454,富邦媒,10,0,10,永全-南崁,2023-05-25,6451
00665L,富邦�琤肭磪囓�2,15,5,10,永全-南崁,2023-05-25,6451
2236,百達-KY,10,0,10,永全-南崁,2023-05-25,6451
2367,燿華,11,1,10,永全-南崁,2023-05-25,6451
4934,太極,10,0,10,永全-南崁,2023-05-25,6451
4958,臻鼎-KY,10,0,10,永全-南崁,2023-05-25,6451
6173,信昌電,10,0,10,永全-南崁,2023-05-25,6451
6535,順藥,10,0,10,永全-南崁,2023-05-25,6451
2371,大同,22,13,9,永全-南崁,2023-05-25,6451
3027,盛達,9,0,9,永全-南崁,2023-05-25,6451
4128,中天,10,2,8,永全-南崁,2023-05-25,6451
5324,士開,10,2,8,永全-南崁,2023-05-25,6451
1608,華榮,9,2,7,永全-南崁,2023-05-25,6451
1785,光洋科,8,1,7,永全-南崁,2023-05-25,6451
2881,富邦金,10,3,7,永全-南崁,2023-05-25,6451
2888,新光金,7,0,7,永全-南崁,2023-05-25,6451
2317,鴻海,1506,3,1503,永全-南崁,2023-05-26,6451
3481,群創,312,0,312,永全-南崁,2023-05-26,6451
00632R,元大台灣50反1,335,30,305,永全-南崁,2023-05-26,6451
4746,台耀,287,0,287,永全-南崁,2023-05-26,6451
2641,正德,50,0,50,永全-南崁,2023-05-26,6451
00928,中信上櫃ESG30,40,0,40,永全-南崁,2023-05-26,6451
6288,聯嘉,31,0,31,永全-南崁,2023-05-26,6451
2399,映泰,45,16,29,永全-南崁,2023-05-26,6451
2609,陽明,31,2,29,永全-南崁,2023-05-26,6451
3325,旭品,39,15,24,永全-南崁,2023-05-26,6451
2002,中鋼,23,0,23,永全-南崁,2023-05-26,6451
00687B,國泰20年美債,22,0,22,永全-南崁,2023-05-26,6451
6197,佳必琪,21,1,20,永全-南崁,2023-05-26,6451
1522,堤維西,20,0,20,永全-南崁,2023-05-26,6451
2009,第一銅,20,0,20,永全-南崁,2023-05-26,6451
2206,三陽工業,31,11,20,永全-南崁,2023-05-26,6451
3169,亞信,20,0,20,永全-南崁,2023-05-26,6451
3596,智易,20,0,20,永全-南崁,2023-05-26,6451
6116,彩晶,20,0,20,永全-南崁,2023-05-26,6451
3025,星通,21,2,19,永全-南崁,2023-05-26,6451
2303,聯電,66,48,18,永全-南崁,2023-05-26,6451
2489,瑞軒,17,0,17,永全-南崁,2023-05-26,6451
2610,華航,207,190,17,永全-南崁,2023-05-26,6451
2105,正新,21,5,16,永全-南崁,2023-05-26,6451
5425,台半,15,0,15,永全-南崁,2023-05-26,6451
2360,致茂,13,0,13,永全-南崁,2023-05-26,6451
3252,海灣,13,0,13,永全-南崁,2023-05-26,6451
3570,大塚,13,0,13,永全-南崁,2023-05-26,6451
2382,廣達,18,6,12,永全-南崁,2023-05-26,6451
3027,盛達,12,0,12,永全-南崁,2023-05-26,6451
2471,資通,30,19,11,永全-南崁,2023-05-26,6451
00712,復華富時不動產,16,5,11,永全-南崁,2023-05-26,6451
2371,大同,18,7,11,永全-南崁,2023-05-26,6451
3081,聯亞,11,0,11,永全-南崁,2023-05-26,6451
5309,系統電,11,0,11,永全-南崁,2023-05-26,6451
8222,寶一,29,18,11,永全-南崁,2023-05-26,6451
1316,上曜,10,0,10,永全-南崁,2023-05-26,6451
1603,華電,10,0,10,永全-南崁,2023-05-26,6451
2201,裕隆,12,2,10,永全-南崁,2023-05-26,6451
2390,云辰,10,0,10,永全-南崁,2023-05-26,6451
2492,華新科,11,1,10,永全-南崁,2023-05-26,6451
3607,谷崧,10,0,10,永全-南崁,2023-05-26,6451
5471,松翰,10,0,10,永全-南崁,2023-05-26,6451
5607,遠雄港,10,0,10,永全-南崁,2023-05-26,6451
6245,立端,11,1,10,永全-南崁,2023-05-26,6451
6605,帝寶,10,0,10,永全-南崁,2023-05-26,6451
8105,凌巨,10,0,10,永全-南崁,2023-05-26,6451
2323,中環,43,34,9,永全-南崁,2023-05-26,6451
5439,高技,20,11,9,永全-南崁,2023-05-26,6451
1905,華紙,9,0,9,永全-南崁,2023-05-26,6451
2425,承啟,125,5,120,永全-南崁,2023-05-29,6451
00673R,期元大S＆P原油反1,50,0,50,永全-南崁,2023-05-29,6451
3231,緯創,58,15,43,永全-南崁,2023-05-29,6451
2392,正崴,40,0,40,永全-南崁,2023-05-29,6451
3022,威強電,50,10,40,永全-南崁,2023-05-29,6451
2887,台新金,40,2,38,永全-南崁,2023-05-29,6451
00713,元大台灣高息低波,33,0,33,永全-南崁,2023-05-29,6451
00903,富邦元宇宙,30,0,30,永全-南崁,2023-05-29,6451
2645,長榮航太,27,0,27,永全-南崁,2023-05-29,6451
2880,華南金,25,0,25,永全-南崁,2023-05-29,6451
4711,永純,25,0,25,永全-南崁,2023-05-29,6451
8064,東捷,23,0,23,永全-南崁,2023-05-29,6451
2002,中鋼,22,0,22,永全-南崁,2023-05-29,6451
3325,旭品,55,33,22,永全-南崁,2023-05-29,6451
0056,元大高股息,45,27,18,永全-南崁,2023-05-29,6451
4163,鐿鈦,20,3,17,永全-南崁,2023-05-29,6451
2641,正德,17,0,17,永全-南崁,2023-05-29,6451
2705,六福,16,0,16,永全-南崁,2023-05-29,6451
3693,營邦,14,1,13,永全-南崁,2023-05-29,6451
00679B,元大美債20年,12,0,12,永全-南崁,2023-05-29,6451
2883,凱基金,15,3,12,永全-南崁,2023-05-29,6451
6112,邁達特,13,2,11,永全-南崁,2023-05-29,6451
1460,宏遠,10,0,10,永全-南崁,2023-05-29,6451
1907,永豐餘,10,0,10,永全-南崁,2023-05-29,6451
2449,京元電子,22,12,10,永全-南崁,2023-05-29,6451
2511,太子,10,0,10,永全-南崁,2023-05-29,6451
3491,昇達科,10,0,10,永全-南崁,2023-05-29,6451
1589,永冠-KY,9,0,9,永全-南崁,2023-05-29,6451
3105,穩懋,10,1,9,永全-南崁,2023-05-29,6451
3149,正達,9,0,9,永全-南崁,2023-05-29,6451
2731,雄獅,8,0,8,永全-南崁,2023-05-29,6451
3706,神達,12,4,8,永全-南崁,2023-05-29,6451
4744,皇將,10,2,8,永全-南崁,2023-05-29,6451
5515,建國,8,0,8,永全-南崁,2023-05-29,6451
5439,高技,24,16,8,永全-南崁,2023-05-29,6451
2368,金像電,10,3,7,永全-南崁,2023-05-29,6451
00637L,元大滬深300正2,7,0,7,永全-南崁,2023-05-29,6451
2736,富野,11,4,7,永全-南崁,2023-05-29,6451
4919,新唐,22,15,7,永全-南崁,2023-05-29,6451
3037,欣興,13,7,6,永全-南崁,2023-05-29,6451
00882,中信中國高股息,6,0,6,永全-南崁,2023-05-29,6451
2382,廣達,6,0,6,永全-南崁,2023-05-29,6451
2609,陽明,6,0,6,永全-南崁,2023-05-29,6451
8048,德勝,6,0,6,永全-南崁,2023-05-29,6451
1524,耿鼎,5,0,5,永全-南崁,2023-05-29,6451
00662,富邦NASDAQ,5,0,5,永全-南崁,2023-05-29,6451
1219,福壽,5,0,5,永全-南崁,2023-05-29,6451
2352,佳世達,5,0,5,永全-南崁,2023-05-29,6451
2374,佳能,5,0,5,永全-南崁,2023-05-29,6451
2390,云辰,5,0,5,永全-南崁,2023-05-29,6451
00632R,元大台灣50反1,90,0,90,永全-南崁,2023-05-30,6451
6197,佳必琪,41,0,41,永全-南崁,2023-05-30,6451
1907,永豐餘,37,0,37,永全-南崁,2023-05-30,6451
2002,中鋼,35,1,34,永全-南崁,2023-05-30,6451
2641,正德,33,0,33,永全-南崁,2023-05-30,6451
4908,前鼎,31,0,31,永全-南崁,2023-05-30,6451
00907,永豐優息存股,30,0,30,永全-南崁,2023-05-30,6451
3325,旭品,30,0,30,永全-南崁,2023-05-30,6451
2399,映泰,34,5,29,永全-南崁,2023-05-30,6451
2382,廣達,48,20,28,永全-南崁,2023-05-30,6451
2324,仁寶,33,5,28,永全-南崁,2023-05-30,6451
0056,元大高股息,48,21,27,永全-南崁,2023-05-30,6451
5425,台半,27,0,27,永全-南崁,2023-05-30,6451
3704,合勤控,26,2,24,永全-南崁,2023-05-30,6451
1905,華紙,25,2,23,永全-南崁,2023-05-30,6451
2618,長榮航,39,18,21,永全-南崁,2023-05-30,6451
5465,富驊,31,10,21,永全-南崁,2023-05-30,6451
5498,凱崴,23,5,18,永全-南崁,2023-05-30,6451
2356,英業達,45,28,17,永全-南崁,2023-05-30,6451
2645,長榮航太,17,1,16,永全-南崁,2023-05-30,6451
3570,大塚,15,0,15,永全-南崁,2023-05-30,6451
5471,松翰,15,0,15,永全-南崁,2023-05-30,6451
5009,榮剛,13,0,13,永全-南崁,2023-05-30,6451
00637L,元大滬深300正2,12,0,12,永全-南崁,2023-05-30,6451
2388,威盛,12,0,12,永全-南崁,2023-05-30,6451
2834,臺企銀,12,0,12,永全-南崁,2023-05-30,6451
3306,鼎天,12,0,12,永全-南崁,2023-05-30,6451
3058,立德,11,0,11,永全-南崁,2023-05-30,6451
2603,長榮,31,20,11,永全-南崁,2023-05-30,6451
00636,國泰中國A50,10,0,10,永全-南崁,2023-05-30,6451
1708,東鹼,10,0,10,永全-南崁,2023-05-30,6451
2363,矽統,10,0,10,永全-南崁,2023-05-30,6451
2409,友達,10,0,10,永全-南崁,2023-05-30,6451
4919,新唐,10,0,10,永全-南崁,2023-05-30,6451
6245,立端,10,0,10,永全-南崁,2023-05-30,6451
6535,順藥,10,0,10,永全-南崁,2023-05-30,6451
2427,三商電,9,0,9,永全-南崁,2023-05-30,6451
2461,光群雷,9,0,9,永全-南崁,2023-05-30,6451
2634,漢翔,13,4,9,永全-南崁,2023-05-30,6451
6215,和椿,9,0,9,永全-南崁,2023-05-30,6451
6285,啟��,10,1,9,永全-南崁,2023-05-30,6451
1514,亞力,10,2,8,永全-南崁,2023-05-30,6451
2368,金像電,10,2,8,永全-南崁,2023-05-30,6451
2423,固緯,10,3,7,永全-南崁,2023-05-30,6451
4938,和碩,10,3,7,永全-南崁,2023-05-30,6451
6156,松上,7,0,7,永全-南崁,2023-05-30,6451
6188,廣明,13,6,7,永全-南崁,2023-05-30,6451
6669,緯穎,7,0,7,永全-南崁,2023-05-30,6451
00772B,中信高評級公司債,6,0,6,永全-南崁,2023-05-30,6451
1609,大亞,8,2,6,永全-南崁,2023-05-30,6451
00637L,元大滬深300正2,104,0,104,永全-南崁,2023-05-31,6451
3481,群創,106,30,76,永全-南崁,2023-05-31,6451
2641,正德,70,0,70,永全-南崁,2023-05-31,6451
2498,宏達電,60,1,59,永全-南崁,2023-05-31,6451
6282,康舒,57,12,45,永全-南崁,2023-05-31,6451
1514,亞力,40,6,34,永全-南崁,2023-05-31,6451
2888,新光金,30,0,30,永全-南崁,2023-05-31,6451
5426,振發,30,0,30,永全-南崁,2023-05-31,6451
8064,東捷,29,0,29,永全-南崁,2023-05-31,6451
3594,磐儀,28,0,28,永全-南崁,2023-05-31,6451
2489,瑞軒,50,23,27,永全-南崁,2023-05-31,6451
4967,十銓,28,2,26,永全-南崁,2023-05-31,6451
2884,玉山金,25,0,25,永全-南崁,2023-05-31,6451
1907,永豐餘,24,0,24,永全-南崁,2023-05-31,6451
00715L,期街口布蘭特正2,23,0,23,永全-南崁,2023-05-31,6451
5425,台半,23,0,23,永全-南崁,2023-05-31,6451
4163,鐿鈦,20,0,20,永全-南崁,2023-05-31,6451
6114,久威,20,0,20,永全-南崁,2023-05-31,6451
1101,台泥,20,1,19,永全-南崁,2023-05-31,6451
3325,旭品,24,5,19,永全-南崁,2023-05-31,6451
2515,中工,24,9,15,永全-南崁,2023-05-31,6451
2329,華泰,20,6,14,永全-南崁,2023-05-31,6451
2002,中鋼,13,0,13,永全-南崁,2023-05-31,6451
3703,欣陸,13,0,13,永全-南崁,2023-05-31,6451
2451,創見,12,0,12,永全-南崁,2023-05-31,6451
2891,中信金,12,0,12,永全-南崁,2023-05-31,6451
3231,緯創,18,6,12,永全-南崁,2023-05-31,6451
2356,英業達,16,5,11,永全-南崁,2023-05-31,6451
2457,飛宏,17,6,11,永全-南崁,2023-05-31,6451
5512,力麒,11,0,11,永全-南崁,2023-05-31,6451
3037,欣興,12,1,11,永全-南崁,2023-05-31,6451
00733,富邦臺灣中小,10,0,10,永全-南崁,2023-05-31,6451
2834,臺企銀,10,0,10,永全-南崁,2023-05-31,6451
2880,華南金,10,0,10,永全-南崁,2023-05-31,6451
5471,松翰,10,0,10,永全-南崁,2023-05-31,6451
6651,全宇昕,10,0,10,永全-南崁,2023-05-31,6451
6863,永道-KY,10,0,10,永全-南崁,2023-05-31,6451
3006,晶豪科,17,8,9,永全-南崁,2023-05-31,6451
3048,益登,9,0,9,永全-南崁,2023-05-31,6451
00772B,中信高評級公司債,10,2,8,永全-南崁,2023-05-31,6451
2474,可成,8,0,8,永全-南崁,2023-05-31,6451
9933,中鼎,8,0,8,永全-南崁,2023-05-31,6451
00882,中信中國高股息,7,0,7,永全-南崁,2023-05-31,6451
00893,國泰智能電動車,15,8,7,永全-南崁,2023-05-31,6451
2753,八方雲集,8,1,7,永全-南崁,2023-05-31,6451
4934,太極,10,3,7,永全-南崁,2023-05-31,6451
6176,瑞儀,7,0,7,永全-南崁,2023-05-31,6451
6235,華孚,11,4,7,永全-南崁,2023-05-31,6451
1524,耿鼎,7,1,6,永全-南崁,2023-05-31,6451
2023,燁輝,6,0,6,永全-南崁,2023-05-31,6451
00715L,期街口布蘭特正2,126,0,126,永全-南崁,2023-06-01,6451
3306,鼎天,110,1,109,永全-南崁,2023-06-01,6451
2867,三商壽,100,0,100,永全-南崁,2023-06-01,6451
2851,中再保,108,28,80,永全-南崁,2023-06-01,6451
2489,瑞軒,53,1,52,永全-南崁,2023-06-01,6451
2887,台新金,50,0,50,永全-南崁,2023-06-01,6451
3481,群創,47,0,47,永全-南崁,2023-06-01,6451
5607,遠雄港,46,0,46,永全-南崁,2023-06-01,6451
6282,康舒,112,66,46,永全-南崁,2023-06-01,6451
3264,欣銓,45,0,45,永全-南崁,2023-06-01,6451
00919,群益台灣精選高息,42,0,42,永全-南崁,2023-06-01,6451
2457,飛宏,93,55,38,永全-南崁,2023-06-01,6451
4746,台耀,36,1,35,永全-南崁,2023-06-01,6451
00687B,國泰20年美債,30,0,30,永全-南崁,2023-06-01,6451
00888,永豐台灣ESG,27,0,27,永全-南崁,2023-06-01,6451
5515,建國,23,0,23,永全-南崁,2023-06-01,6451
5471,松翰,22,0,22,永全-南崁,2023-06-01,6451
2515,中工,29,8,21,永全-南崁,2023-06-01,6451
4543,萬在,21,0,21,永全-南崁,2023-06-01,6451
3703,欣陸,20,0,20,永全-南崁,2023-06-01,6451
3489,森寶,19,0,19,永全-南崁,2023-06-01,6451
1598,岱宇,18,0,18,永全-南崁,2023-06-01,6451
3013,晟銘電,20,2,18,永全-南崁,2023-06-01,6451
2882,國泰金,17,2,15,永全-南崁,2023-06-01,6451
6715,嘉基,15,0,15,永全-南崁,2023-06-01,6451
00679B,元大美債20年,14,0,14,永全-南崁,2023-06-01,6451
2530,華建,14,0,14,永全-南崁,2023-06-01,6451
4934,太極,14,0,14,永全-南崁,2023-06-01,6451
1907,永豐餘,16,3,13,永全-南崁,2023-06-01,6451
00772B,中信高評級公司債,12,0,12,永全-南崁,2023-06-01,6451
3479,安勤,11,0,11,永全-南崁,2023-06-01,6451
2303,聯電,11,1,10,永全-南崁,2023-06-01,6451
00680L,元大美債20正2,10,0,10,永全-南崁,2023-06-01,6451
00688L,國泰20年美債正2,10,0,10,永全-南崁,2023-06-01,6451
3031,佰鴻,10,0,10,永全-南崁,2023-06-01,6451
4161,聿新科,10,0,10,永全-南崁,2023-06-01,6451
2002,中鋼,10,1,9,永全-南崁,2023-06-01,6451
1609,大亞,12,3,9,永全-南崁,2023-06-01,6451
3363,上詮,17,8,9,永全-南崁,2023-06-01,6451
5425,台半,9,0,9,永全-南崁,2023-06-01,6451
2355,敬鵬,9,1,8,永全-南崁,2023-06-01,6451
3260,威剛,20,12,8,永全-南崁,2023-06-01,6451
4564,元翎,23,15,8,永全-南崁,2023-06-01,6451
6197,佳必琪,32,24,8,永全-南崁,2023-06-01,6451
4979,華星光,13,6,7,永全-南崁,2023-06-01,6451
6248,沛波,7,0,7,永全-南崁,2023-06-01,6451
6733,博晟生醫,7,0,7,永全-南崁,2023-06-01,6451
2027,大成鋼,6,0,6,永全-南崁,2023-06-01,6451
2734,易飛網,8,2,6,永全-南崁,2023-06-01,6451
3324,雙鴻,6,0,6,永全-南崁,2023-06-01,6451
2331,精英,156,18,138,永全-南崁,2023-06-02,6451
3706,神達,108,12,96,永全-南崁,2023-06-02,6451
2610,華航,115,35,80,永全-南崁,2023-06-02,6451
00673R,期元大S＆P原油反1,60,0,60,永全-南崁,2023-06-02,6451
00632R,元大台灣50反1,50,0,50,永全-南崁,2023-06-02,6451
6160,欣技,51,5,46,永全-南崁,2023-06-02,6451
0056,元大高股息,47,7,40,永全-南崁,2023-06-02,6451
00882,中信中國高股息,32,0,32,永全-南崁,2023-06-02,6451
8059,凱碩,46,16,30,永全-南崁,2023-06-02,6451
1504,東元,50,22,28,永全-南崁,2023-06-02,6451
00712,復華富時不動產,22,0,22,永全-南崁,2023-06-02,6451
1609,大亞,34,13,21,永全-南崁,2023-06-02,6451
2444,兆勁,21,0,21,永全-南崁,2023-06-02,6451
6114,久威,21,0,21,永全-南崁,2023-06-02,6451
00715L,期街口布蘭特正2,20,0,20,永全-南崁,2023-06-02,6451
00923,群益台ESG低碳50,20,0,20,永全-南崁,2023-06-02,6451
00885,富邦越南,20,0,20,永全-南崁,2023-06-02,6451
3149,正達,20,0,20,永全-南崁,2023-06-02,6451
3325,旭品,20,0,20,永全-南崁,2023-06-02,6451
5426,振發,47,27,20,永全-南崁,2023-06-02,6451
2356,英業達,56,37,19,永全-南崁,2023-06-02,6451
8271,宇瞻,25,6,19,永全-南崁,2023-06-02,6451
5471,松翰,18,0,18,永全-南崁,2023-06-02,6451
00919,群益台灣精選高息,17,0,17,永全-南崁,2023-06-02,6451
3011,今皓,16,0,16,永全-南崁,2023-06-02,6451
1905,華紙,60,45,15,永全-南崁,2023-06-02,6451
2104,國際中橡,15,0,15,永全-南崁,2023-06-02,6451
3047,訊舟,15,0,15,永全-南崁,2023-06-02,6451
3402,漢科,15,0,15,永全-南崁,2023-06-02,6451
1513,中興電,40,26,14,永全-南崁,2023-06-02,6451
4909,新復興,14,0,14,永全-南崁,2023-06-02,6451
4979,華星光,26,13,13,永全-南崁,2023-06-02,6451
2891,中信金,12,1,11,永全-南崁,2023-06-02,6451
5258,虹堡,14,3,11,永全-南崁,2023-06-02,6451
1305,華夏,10,0,10,永全-南崁,2023-06-02,6451
1611,中電,10,0,10,永全-南崁,2023-06-02,6451
2484,希華,10,0,10,永全-南崁,2023-06-02,6451
3031,佰鴻,10,0,10,永全-南崁,2023-06-02,6451
3049,精金,10,0,10,永全-南崁,2023-06-02,6451
3546,宇峻,10,0,10,永全-南崁,2023-06-02,6451
6122,擎邦,11,1,10,永全-南崁,2023-06-02,6451
6285,啟��,11,1,10,永全-南崁,2023-06-02,6451
6470,宇智,12,2,10,永全-南崁,2023-06-02,6451
2409,友達,10,0,10,永全-南崁,2023-06-02,6451
00795B,中信美國公債20年,10,1,9,永全-南崁,2023-06-02,6451
2206,三陽工業,31,22,9,永全-南崁,2023-06-02,6451
2451,創見,15,6,9,永全-南崁,2023-06-02,6451
6111,大宇資,11,2,9,永全-南崁,2023-06-02,6451
2027,大成鋼,8,0,8,永全-南崁,2023-06-02,6451
3362,先進光,10,2,8,永全-南崁,2023-06-02,6451
00673R,期元大S＆P原油反1,150,0,150,永全-南崁,2023-06-05,6451
1608,華榮,184,53,131,永全-南崁,2023-06-05,6451
1310,台苯,100,3,97,永全-南崁,2023-06-05,6451
2610,華航,107,25,82,永全-南崁,2023-06-05,6451
6188,廣明,72,1,71,永全-南崁,2023-06-05,6451
1514,亞力,72,14,58,永全-南崁,2023-06-05,6451
1101,台泥,94,38,56,永全-南崁,2023-06-05,6451
2014,中鴻,100,58,42,永全-南崁,2023-06-05,6451
3033,威健,41,1,40,永全-南崁,2023-06-05,6451
3622,洋華,40,0,40,永全-南崁,2023-06-05,6451
2883,凱基金,34,0,34,永全-南崁,2023-06-05,6451
2888,新光金,63,29,34,永全-南崁,2023-06-05,6451
5426,振發,31,0,31,永全-南崁,2023-06-05,6451
6190,萬泰科,40,9,31,永全-南崁,2023-06-05,6451
1605,華新,39,9,30,永全-南崁,2023-06-05,6451
3706,神達,43,15,28,永全-南崁,2023-06-05,6451
2328,廣宇,28,3,25,永全-南崁,2023-06-05,6451
2457,飛宏,64,41,23,永全-南崁,2023-06-05,6451
00903,富邦元宇宙,22,0,22,永全-南崁,2023-06-05,6451
00878,國泰永續高股息,27,5,22,永全-南崁,2023-06-05,6451
2324,仁寶,21,0,21,永全-南崁,2023-06-05,6451
6470,宇智,21,0,21,永全-南崁,2023-06-05,6451
1734,杏輝,20,0,20,永全-南崁,2023-06-05,6451
2353,宏��,22,4,18,永全-南崁,2023-06-05,6451
4121,優盛,18,0,18,永全-南崁,2023-06-05,6451
3704,合勤控,20,3,17,永全-南崁,2023-06-05,6451
5471,松翰,15,0,15,永全-南崁,2023-06-05,6451
2344,華邦電,26,12,14,永全-南崁,2023-06-05,6451
2530,華建,20,6,14,永全-南崁,2023-06-05,6451
3711,日月光投控,13,0,13,永全-南崁,2023-06-05,6451
2427,三商電,12,0,12,永全-南崁,2023-06-05,6451
5289,宜鼎,12,0,12,永全-南崁,2023-06-05,6451
00679B,元大美債20年,11,0,11,永全-南崁,2023-06-05,6451
2630,亞航,11,0,11,永全-南崁,2023-06-05,6451
1560,中砂,10,0,10,永全-南崁,2023-06-05,6451
00885,富邦越南,10,0,10,永全-南崁,2023-06-05,6451
006205,富邦上証,10,0,10,永全-南崁,2023-06-05,6451
1714,和桐,10,0,10,永全-南崁,2023-06-05,6451
1904,正隆,10,0,10,永全-南崁,2023-06-05,6451
2363,矽統,10,0,10,永全-南崁,2023-06-05,6451
2449,京元電子,10,0,10,永全-南崁,2023-06-05,6451
2603,長榮,17,7,10,永全-南崁,2023-06-05,6451
3625,西勝,10,0,10,永全-南崁,2023-06-05,6451
4951,精拓科,10,0,10,永全-南崁,2023-06-05,6451
6244,茂迪,11,1,10,永全-南崁,2023-06-05,6451
2368,金像電,17,8,9,永全-南崁,2023-06-05,6451
2301,光寶科,12,3,9,永全-南崁,2023-06-05,6451
5328,華容,10,1,9,永全-南崁,2023-06-05,6451
2201,裕隆,19,11,8,永全-南崁,2023-06-05,6451
5388,中磊,10,2,8,永全-南崁,2023-06-05,6451
2913,農林,108,0,108,永全-南崁,2023-06-06,6451
3047,訊舟,65,4,61,永全-南崁,2023-06-06,6451
5225,東科-KY,60,0,60,永全-南崁,2023-06-06,6451
6719,力智,31,0,31,永全-南崁,2023-06-06,6451
2618,長榮航,42,12,30,永全-南崁,2023-06-06,6451
1584,精剛,29,1,28,永全-南崁,2023-06-06,6451
00679B,元大美債20年,27,0,27,永全-南崁,2023-06-06,6451
2014,中鴻,22,0,22,永全-南崁,2023-06-06,6451
2402,毅嘉,31,9,22,永全-南崁,2023-06-06,6451
2399,映泰,53,32,21,永全-南崁,2023-06-06,6451
2642,宅配通,20,0,20,永全-南崁,2023-06-06,6451
2888,新光金,20,0,20,永全-南崁,2023-06-06,6451
3483,力致,20,0,20,永全-南崁,2023-06-06,6451
1907,永豐餘,25,7,18,永全-南崁,2023-06-06,6451
2383,台光電,18,0,18,永全-南崁,2023-06-06,6451
4906,正文,19,1,18,永全-南崁,2023-06-06,6451
3037,欣興,28,10,18,永全-南崁,2023-06-06,6451
2388,威盛,26,9,17,永全-南崁,2023-06-06,6451
3078,僑威,40,23,17,永全-南崁,2023-06-06,6451
00633L,富邦上証正2,15,0,15,永全-南崁,2023-06-06,6451
3346,麗清,20,5,15,永全-南崁,2023-06-06,6451
6592,和潤企業,15,0,15,永全-南崁,2023-06-06,6451
1560,中砂,22,9,13,永全-南崁,2023-06-06,6451
2461,光群雷,17,4,13,永全-南崁,2023-06-06,6451
5471,松翰,13,0,13,永全-南崁,2023-06-06,6451
1513,中興電,13,1,12,永全-南崁,2023-06-06,6451
00713,元大台灣高息低波,11,0,11,永全-南崁,2023-06-06,6451
1514,亞力,21,10,11,永全-南崁,2023-06-06,6451
1503,士電,11,0,11,永全-南崁,2023-06-06,6451
00688L,國泰20年美債正2,10,0,10,永全-南崁,2023-06-06,6451
1903,士紙,10,0,10,永全-南崁,2023-06-06,6451
3071,協禧,10,0,10,永全-南崁,2023-06-06,6451
6535,順藥,10,0,10,永全-南崁,2023-06-06,6451
8150,南茂,10,0,10,永全-南崁,2023-06-06,6451
2201,裕隆,12,2,10,永全-南崁,2023-06-06,6451
6015,宏遠證,10,0,10,永全-南崁,2023-06-06,6451
2317,鴻海,10,1,9,永全-南崁,2023-06-06,6451
3498,陽程,9,0,9,永全-南崁,2023-06-06,6451
3711,日月光投控,10,1,9,永全-南崁,2023-06-06,6451
5388,中磊,9,0,9,永全-南崁,2023-06-06,6451
6770,力積電,10,1,9,永全-南崁,2023-06-06,6451
2327,國巨,9,1,8,永全-南崁,2023-06-06,6451
4426,利勤,8,0,8,永全-南崁,2023-06-06,6451
00772B,中信高評級公司債,7,0,7,永全-南崁,2023-06-06,6451
2492,華新科,8,1,7,永全-南崁,2023-06-06,6451
2611,志信,7,0,7,永全-南崁,2023-06-06,6451
00900,富邦特選高股息30,6,0,6,永全-南崁,2023-06-06,6451
2303,聯電,6,0,6,永全-南崁,2023-06-06,6451
2328,廣宇,6,0,6,永全-南崁,2023-06-06,6451
3035,智原,10,4,6,永全-南崁,2023-06-06,6451
1903,士紙,101,31,70,永全-南崁,2023-06-07,6451
6290,良維,68,0,68,永全-南崁,2023-06-07,6451
2382,廣達,60,19,41,永全-南崁,2023-06-07,6451
4161,聿新科,57,18,39,永全-南崁,2023-06-07,6451
1532,勤美,45,10,35,永全-南崁,2023-06-07,6451
5512,力麒,30,0,30,永全-南崁,2023-06-07,6451
2618,長榮航,57,30,27,永全-南崁,2023-06-07,6451
4906,正文,24,0,24,永全-南崁,2023-06-07,6451
1432,大魯閣,23,0,23,永全-南崁,2023-06-07,6451
0056,元大高股息,24,3,21,永全-南崁,2023-06-07,6451
3071,協禧,21,0,21,永全-南崁,2023-06-07,6451
1710,東聯,20,0,20,永全-南崁,2023-06-07,6451
3252,海灣,20,0,20,永全-南崁,2023-06-07,6451
3372,典範,20,0,20,永全-南崁,2023-06-07,6451
4726,永昕,21,2,19,永全-南崁,2023-06-07,6451
1504,東元,31,13,18,永全-南崁,2023-06-07,6451
3630,新鉅科,22,7,15,永全-南崁,2023-06-07,6451
6485,點序,15,0,15,永全-南崁,2023-06-07,6451
5515,建國,13,0,13,永全-南崁,2023-06-07,6451
1514,亞力,17,7,10,永全-南崁,2023-06-07,6451
00900,富邦特選高股息30,10,0,10,永全-南崁,2023-06-07,6451
1605,華新,12,2,10,永全-南崁,2023-06-07,6451
2301,光寶科,15,5,10,永全-南崁,2023-06-07,6451
2409,友達,10,0,10,永全-南崁,2023-06-07,6451
2617,台航,10,0,10,永全-南崁,2023-06-07,6451
2642,宅配通,10,0,10,永全-南崁,2023-06-07,6451
2867,三商壽,10,0,10,永全-南崁,2023-06-07,6451
2883,凱基金,10,0,10,永全-南崁,2023-06-07,6451
3048,益登,10,0,10,永全-南崁,2023-06-07,6451
3058,立德,11,1,10,永全-南崁,2023-06-07,6451
3540,曜越,10,0,10,永全-南崁,2023-06-07,6451
3570,大塚,10,0,10,永全-南崁,2023-06-07,6451
4426,利勤,10,0,10,永全-南崁,2023-06-07,6451
6264,富裔,10,0,10,永全-南崁,2023-06-07,6451
2515,中工,9,0,9,永全-南崁,2023-06-07,6451
3003,健和興,10,1,9,永全-南崁,2023-06-07,6451
6015,宏遠證,10,1,9,永全-南崁,2023-06-07,6451
6282,康舒,47,38,9,永全-南崁,2023-06-07,6451
2344,華邦電,15,8,7,永全-南崁,2023-06-07,6451
2376,技嘉,14,8,6,永全-南崁,2023-06-07,6451
2706,第一店,6,0,6,永全-南崁,2023-06-07,6451
3033,威健,6,0,6,永全-南崁,2023-06-07,6451
3056,富華新,6,0,6,永全-南崁,2023-06-07,6451
8033,雷虎,6,0,6,永全-南崁,2023-06-07,6451
3017,奇鋐,6,1,5,永全-南崁,2023-06-07,6451
1104,環泥,5,0,5,永全-南崁,2023-06-07,6451
1591,駿吉-KY,5,0,5,永全-南崁,2023-06-07,6451
2492,華新科,6,1,5,永全-南崁,2023-06-07,6451
2603,長榮,9,4,5,永全-南崁,2023-06-07,6451
2731,雄獅,11,6,5,永全-南崁,2023-06-07,6451
00632R,元大台灣50反1,365,0,365,永全-南崁,2023-06-08,6451
3252,海灣,194,27,167,永全-南崁,2023-06-08,6451
00673R,期元大S＆P原油反1,100,0,100,永全-南崁,2023-06-08,6451
1605,華新,78,0,78,永全-南崁,2023-06-08,6451
2356,英業達,74,1,73,永全-南崁,2023-06-08,6451
3607,谷崧,70,0,70,永全-南崁,2023-06-08,6451
2812,台中銀,56,0,56,永全-南崁,2023-06-08,6451
1310,台苯,50,0,50,永全-南崁,2023-06-08,6451
2851,中再保,50,0,50,永全-南崁,2023-06-08,6451
8936,國統,50,5,45,永全-南崁,2023-06-08,6451
2603,長榮,48,10,38,永全-南崁,2023-06-08,6451
00679B,元大美債20年,33,0,33,永全-南崁,2023-06-08,6451
3037,欣興,41,8,33,永全-南崁,2023-06-08,6451
1609,大亞,69,37,32,永全-南崁,2023-06-08,6451
1598,岱宇,30,0,30,永全-南崁,2023-06-08,6451
2855,統一證,30,0,30,永全-南崁,2023-06-08,6451
3029,零壹,33,5,28,永全-南崁,2023-06-08,6451
2888,新光金,31,4,27,永全-南崁,2023-06-08,6451
3006,晶豪科,26,1,25,永全-南崁,2023-06-08,6451
2344,華邦電,28,4,24,永全-南崁,2023-06-08,6451
2615,萬海,22,1,21,永全-南崁,2023-06-08,6451
4906,正文,21,0,21,永全-南崁,2023-06-08,6451
2748,雲品,25,5,20,永全-南崁,2023-06-08,6451
2867,三商壽,20,0,20,永全-南崁,2023-06-08,6451
4161,聿新科,20,0,20,永全-南崁,2023-06-08,6451
4961,天鈺,20,0,20,永全-南崁,2023-06-08,6451
5225,東科-KY,20,0,20,永全-南崁,2023-06-08,6451
6219,富旺,20,0,20,永全-南崁,2023-06-08,6451
2882,國泰金,29,10,19,永全-南崁,2023-06-08,6451
0056,元大高股息,24,6,18,永全-南崁,2023-06-08,6451
2402,毅嘉,20,2,18,永全-南崁,2023-06-08,6451
4919,新唐,19,1,18,永全-南崁,2023-06-08,6451
8059,凱碩,18,0,18,永全-南崁,2023-06-08,6451
3189,景碩,18,0,18,永全-南崁,2023-06-08,6451
8996,高力,17,0,17,永全-南崁,2023-06-08,6451
00720B,元大投資級公司債,16,0,16,永全-南崁,2023-06-08,6451
2606,裕民,16,0,16,永全-南崁,2023-06-08,6451
4566,時碩工業,15,0,15,永全-南崁,2023-06-08,6451
2409,友達,14,0,14,永全-南崁,2023-06-08,6451
00919,群益台灣精選高息,13,0,13,永全-南崁,2023-06-08,6451
2105,正新,13,0,13,永全-南崁,2023-06-08,6451
2337,旺宏,13,0,13,永全-南崁,2023-06-08,6451
4533,協易機,15,2,13,永全-南崁,2023-06-08,6451
6806,森崴能源,12,0,12,永全-南崁,2023-06-08,6451
2401,凌陽,12,1,11,永全-南崁,2023-06-08,6451
3017,奇鋐,13,2,11,永全-南崁,2023-06-08,6451
5905,南仁湖,11,0,11,永全-南崁,2023-06-08,6451
6285,啟��,13,2,11,永全-南崁,2023-06-08,6451
6719,力智,11,0,11,永全-南崁,2023-06-08,6451
1503,士電,13,2,11,永全-南崁,2023-06-08,6451
1514,亞力,107,6,101,永全-南崁,2023-06-09,6451
00929,復華台灣科技優息,101,0,101,永全-南崁,2023-06-09,6451
00632R,元大台灣50反1,90,0,90,永全-南崁,2023-06-09,6451
00712,復華富時不動產,75,1,74,永全-南崁,2023-06-09,6451
3682,亞太電,60,0,60,永全-南崁,2023-06-09,6451
1513,中興電,59,1,58,永全-南崁,2023-06-09,6451
8936,國統,30,0,30,永全-南崁,2023-06-09,6451
00919,群益台灣精選高息,29,0,29,永全-南崁,2023-06-09,6451
2349,錸德,25,0,25,永全-南崁,2023-06-09,6451
2610,華航,40,15,25,永全-南崁,2023-06-09,6451
5607,遠雄港,22,0,22,永全-南崁,2023-06-09,6451
3498,陽程,25,4,21,永全-南崁,2023-06-09,6451
00665L,富邦�琤肭磪囓�2,20,0,20,永全-南崁,2023-06-09,6451
2328,廣宇,20,0,20,永全-南崁,2023-06-09,6451
3062,建漢,20,0,20,永全-南崁,2023-06-09,6451
3704,合勤控,20,0,20,永全-南崁,2023-06-09,6451
3380,明泰,21,2,19,永全-南崁,2023-06-09,6451
8092,建暐,19,0,19,永全-南崁,2023-06-09,6451
1609,大亞,83,66,17,永全-南崁,2023-06-09,6451
2731,雄獅,17,1,16,永全-南崁,2023-06-09,6451
2618,長榮航,27,11,16,永全-南崁,2023-06-09,6451
2356,英業達,42,27,15,永全-南崁,2023-06-09,6451
6191,精成科,14,0,14,永全-南崁,2023-06-09,6451
6753,龍德造船,14,0,14,永全-南崁,2023-06-09,6451
3217,優群,24,12,12,永全-南崁,2023-06-09,6451
00882,中信中國高股息,11,0,11,永全-南崁,2023-06-09,6451
3252,海灣,11,0,11,永全-南崁,2023-06-09,6451
6188,廣明,16,5,11,永全-南崁,2023-06-09,6451
8171,天宇,11,0,11,永全-南崁,2023-06-09,6451
1314,中石化,12,2,10,永全-南崁,2023-06-09,6451
1432,大魯閣,10,0,10,永全-南崁,2023-06-09,6451
1504,東元,21,11,10,永全-南崁,2023-06-09,6451
1217,愛之味,10,0,10,永全-南崁,2023-06-09,6451
00688L,國泰20年美債正2,10,0,10,永全-南崁,2023-06-09,6451
00680L,元大美債20正2,10,0,10,永全-南崁,2023-06-09,6451
2615,萬海,10,0,10,永全-南崁,2023-06-09,6451
4919,新唐,10,0,10,永全-南崁,2023-06-09,6451
5483,中美晶,10,0,10,永全-南崁,2023-06-09,6451
6570,維田,10,0,10,永全-南崁,2023-06-09,6451
8131,福懋科,10,0,10,永全-南崁,2023-06-09,6451
8150,南茂,10,0,10,永全-南崁,2023-06-09,6451
2409,友達,9,0,9,永全-南崁,2023-06-09,6451
2851,中再保,10,2,8,永全-南崁,2023-06-09,6451
3033,威健,8,0,8,永全-南崁,2023-06-09,6451
2706,第一店,7,0,7,永全-南崁,2023-06-09,6451
4726,永昕,10,3,7,永全-南崁,2023-06-09,6451
4968,立積,13,6,7,永全-南崁,2023-06-09,6451
5515,建國,7,0,7,永全-南崁,2023-06-09,6451
2382,廣達,35,28,7,永全-南崁,2023-06-09,6451
1710,東聯,36,30,6,永全-南崁,2023-06-09,6451
00712,復華富時不動產,205,0,205,永全-南崁,2023-06-12,6451
2888,新光金,286,81,205,永全-南崁,2023-06-12,6451
5521,工信,98,0,98,永全-南崁,2023-06-12,6451
1609,大亞,82,9,73,永全-南崁,2023-06-12,6451
2618,長榮航,143,72,71,永全-南崁,2023-06-12,6451
4746,台耀,60,0,60,永全-南崁,2023-06-12,6451
00878,國泰永續高股息,70,11,59,永全-南崁,2023-06-12,6451
5512,力麒,55,1,54,永全-南崁,2023-06-12,6451
2371,大同,60,7,53,永全-南崁,2023-06-12,6451
00929,復華台灣科技優息,47,0,47,永全-南崁,2023-06-12,6451
2615,萬海,43,0,43,永全-南崁,2023-06-12,6451
00919,群益台灣精選高息,40,5,35,永全-南崁,2023-06-12,6451
2812,台中銀,35,0,35,永全-南崁,2023-06-12,6451
3325,旭品,31,0,31,永全-南崁,2023-06-12,6451
2882,國泰金,28,0,28,永全-南崁,2023-06-12,6451
8064,東捷,30,2,28,永全-南崁,2023-06-12,6451
3078,僑威,90,64,26,永全-南崁,2023-06-12,6451
2382,廣達,32,7,25,永全-南崁,2023-06-12,6451
6235,華孚,37,13,24,永全-南崁,2023-06-12,6451
2486,一詮,24,0,24,永全-南崁,2023-06-12,6451
4541,晟田,23,0,23,永全-南崁,2023-06-12,6451
1503,士電,24,2,22,永全-南崁,2023-06-12,6451
2390,云辰,20,0,20,永全-南崁,2023-06-12,6451
2851,中再保,20,0,20,永全-南崁,2023-06-12,6451
2887,台新金,20,0,20,永全-南崁,2023-06-12,6451
4906,正文,20,0,20,永全-南崁,2023-06-12,6451
4157,太景*-KY,18,0,18,永全-南崁,2023-06-12,6451
00720B,元大投資級公司債,17,0,17,永全-南崁,2023-06-12,6451
2312,金寶,19,2,17,永全-南崁,2023-06-12,6451
00893,國泰智能電動車,19,3,16,永全-南崁,2023-06-12,6451
3231,緯創,22,6,16,永全-南崁,2023-06-12,6451
00680L,元大美債20正2,13,0,13,永全-南崁,2023-06-12,6451
2329,華泰,13,0,13,永全-南崁,2023-06-12,6451
8054,安國,12,0,12,永全-南崁,2023-06-12,6451
2388,威盛,18,7,11,永全-南崁,2023-06-12,6451
3058,立德,11,0,11,永全-南崁,2023-06-12,6451
6213,聯茂,11,0,11,永全-南崁,2023-06-12,6451
00888,永豐台灣ESG,10,0,10,永全-南崁,2023-06-12,6451
2352,佳世達,11,1,10,永全-南崁,2023-06-12,6451
2801,彰銀,10,0,10,永全-南崁,2023-06-12,6451
2867,三商壽,10,0,10,永全-南崁,2023-06-12,6451
3665,貿聯-KY,11,1,10,永全-南崁,2023-06-12,6451
4563,百德,10,0,10,永全-南崁,2023-06-12,6451
5515,建國,10,0,10,永全-南崁,2023-06-12,6451
6218,豪勉,10,0,10,永全-南崁,2023-06-12,6451
1762,中化生,9,0,9,永全-南崁,2023-06-12,6451
6243,迅杰,10,1,9,永全-南崁,2023-06-12,6451
6285,啟��,10,1,9,永全-南崁,2023-06-12,6451
2705,六福,12,4,8,永全-南崁,2023-06-12,6451
6732,昇佳電子,8,0,8,永全-南崁,2023-06-12,6451
00632R,元大台灣50反1,372,20,352,永全-南崁,2023-06-13,6451
4533,協易機,357,53,304,永全-南崁,2023-06-13,6451
00715L,期街口布蘭特正2,206,5,201,永全-南崁,2023-06-13,6451
2888,新光金,146,25,121,永全-南崁,2023-06-13,6451
2312,金寶,111,0,111,永全-南崁,2023-06-13,6451
00642U,期元大S＆P石油,105,0,105,永全-南崁,2023-06-13,6451
3434,哲固,60,1,59,永全-南崁,2023-06-13,6451
4746,台耀,51,1,50,永全-南崁,2023-06-13,6451
00919,群益台灣精選高息,49,0,49,永全-南崁,2023-06-13,6451
2313,華通,42,0,42,永全-南崁,2023-06-13,6451
2399,映泰,50,12,38,永全-南崁,2023-06-13,6451
1742,台蠟,37,0,37,永全-南崁,2023-06-13,6451
3706,神達,61,25,36,永全-南崁,2023-06-13,6451
1310,台苯,31,0,31,永全-南崁,2023-06-13,6451
1904,正隆,30,0,30,永全-南崁,2023-06-13,6451
2409,友達,33,4,29,永全-南崁,2023-06-13,6451
00878,國泰永續高股息,38,11,27,永全-南崁,2023-06-13,6451
2344,華邦電,130,106,24,永全-南崁,2023-06-13,6451
5388,中磊,24,1,23,永全-南崁,2023-06-13,6451
2228,劍麟,20,0,20,永全-南崁,2023-06-13,6451
3570,大塚,17,0,17,永全-南崁,2023-06-13,6451
00888,永豐台灣ESG,25,10,15,永全-南崁,2023-06-13,6451
2851,中再保,14,0,14,永全-南崁,2023-06-13,6451
1605,華新,16,3,13,永全-南崁,2023-06-13,6451
2360,致茂,13,0,13,永全-南崁,2023-06-13,6451
3703,欣陸,13,0,13,永全-南崁,2023-06-13,6451
6125,廣運,13,0,13,永全-南崁,2023-06-13,6451
2353,宏��,12,0,12,永全-南崁,2023-06-13,6451
4541,晟田,12,0,12,永全-南崁,2023-06-13,6451
2376,技嘉,35,24,11,永全-南崁,2023-06-13,6451
00885,富邦越南,21,10,11,永全-南崁,2023-06-13,6451
6285,啟��,11,0,11,永全-南崁,2023-06-13,6451
00795B,中信美國公債20年,10,0,10,永全-南崁,2023-06-13,6451
2328,廣宇,11,1,10,永全-南崁,2023-06-13,6451
3045,台灣大,10,0,10,永全-南崁,2023-06-13,6451
3049,精金,10,0,10,永全-南崁,2023-06-13,6451
5471,松翰,10,0,10,永全-南崁,2023-06-13,6451
6288,聯嘉,13,3,10,永全-南崁,2023-06-13,6451
6517,保勝光學,10,0,10,永全-南崁,2023-06-13,6451
1612,宏泰,10,0,10,永全-南崁,2023-06-13,6451
2883,凱基金,10,1,9,永全-南崁,2023-06-13,6451
00882,中信中國高股息,9,0,9,永全-南崁,2023-06-13,6451
1907,永豐餘,10,1,9,永全-南崁,2023-06-13,6451
2301,光寶科,9,0,9,永全-南崁,2023-06-13,6451
1905,華紙,12,4,8,永全-南崁,2023-06-13,6451
3438,類比科,8,0,8,永全-南崁,2023-06-13,6451
3483,力致,10,2,8,永全-南崁,2023-06-13,6451
4167,松瑞藥,13,5,8,永全-南崁,2023-06-13,6451
6548,長科*,8,0,8,永全-南崁,2023-06-13,6451
8926,台汽電,22,14,8,永全-南崁,2023-06-13,6451
1907,永豐餘,110,0,110,永全-南崁,2023-06-14,6451
00712,復華富時不動產,90,0,90,永全-南崁,2023-06-14,6451
1522,堤維西,125,39,86,永全-南崁,2023-06-14,6451
1605,華新,72,2,70,永全-南崁,2023-06-14,6451
2208,台船,70,0,70,永全-南崁,2023-06-14,6451
2449,京元電子,73,4,69,永全-南崁,2023-06-14,6451
00673R,期元大S＆P原油反1,50,0,50,永全-南崁,2023-06-14,6451
00715L,期街口布蘭特正2,55,6,49,永全-南崁,2023-06-14,6451
2851,中再保,46,0,46,永全-南崁,2023-06-14,6451
3038,全台,40,5,35,永全-南崁,2023-06-14,6451
8924,大田,29,0,29,永全-南崁,2023-06-14,6451
2022,聚亨,25,0,25,永全-南崁,2023-06-14,6451
2356,英業達,60,36,24,永全-南崁,2023-06-14,6451
00919,群益台灣精選高息,22,0,22,永全-南崁,2023-06-14,6451
2314,台揚,22,0,22,永全-南崁,2023-06-14,6451
2705,六福,26,5,21,永全-南崁,2023-06-14,6451
2392,正崴,20,0,20,永全-南崁,2023-06-14,6451
4510,高鋒,21,1,20,永全-南崁,2023-06-14,6451
4720,德淵,20,0,20,永全-南崁,2023-06-14,6451
6806,森崴能源,22,2,20,永全-南崁,2023-06-14,6451
8234,新漢,20,0,20,永全-南崁,2023-06-14,6451
2801,彰銀,20,0,20,永全-南崁,2023-06-14,6451
00885,富邦越南,19,0,19,永全-南崁,2023-06-14,6451
1609,大亞,20,1,19,永全-南崁,2023-06-14,6451
8076,伍豐,20,3,17,永全-南崁,2023-06-14,6451
3260,威剛,20,4,16,永全-南崁,2023-06-14,6451
1806,冠軍,15,0,15,永全-南崁,2023-06-14,6451
2615,萬海,20,5,15,永全-南崁,2023-06-14,6451
6180,橘子,17,2,15,永全-南崁,2023-06-14,6451
2382,廣達,16,3,13,永全-南崁,2023-06-14,6451
9945,潤泰新,14,1,13,永全-南崁,2023-06-14,6451
0056,元大高股息,15,3,12,永全-南崁,2023-06-14,6451
1560,中砂,12,0,12,永全-南崁,2023-06-14,6451
3006,晶豪科,12,0,12,永全-南崁,2023-06-14,6451
3055,蔚華科,12,0,12,永全-南崁,2023-06-14,6451
1504,東元,33,21,12,永全-南崁,2023-06-14,6451
1612,宏泰,12,1,11,永全-南崁,2023-06-14,6451
2371,大同,13,2,11,永全-南崁,2023-06-14,6451
2404,漢唐,12,1,11,永全-南崁,2023-06-14,6451
3583,辛耘,12,1,11,永全-南崁,2023-06-14,6451
00795B,中信美國公債20年,10,0,10,永全-南崁,2023-06-14,6451
1101,台泥,10,0,10,永全-南崁,2023-06-14,6451
1471,首利,10,0,10,永全-南崁,2023-06-14,6451
2312,金寶,10,0,10,永全-南崁,2023-06-14,6451
2313,華通,10,0,10,永全-南崁,2023-06-14,6451
2467,志聖,10,0,10,永全-南崁,2023-06-14,6451
3022,威強電,12,2,10,永全-南崁,2023-06-14,6451
5464,霖宏,10,0,10,永全-南崁,2023-06-14,6451
6104,創惟,10,0,10,永全-南崁,2023-06-14,6451
6285,啟��,10,0,10,永全-南崁,2023-06-14,6451
00632R,元大台灣50反1,105,0,105,永全-南崁,2023-06-15,6451
4746,台耀,83,1,82,永全-南崁,2023-06-15,6451
00919,群益台灣精選高息,75,0,75,永全-南崁,2023-06-15,6451
2634,漢翔,68,12,56,永全-南崁,2023-06-15,6451
2359,所羅門,56,3,53,永全-南崁,2023-06-15,6451
5512,力麒,50,0,50,永全-南崁,2023-06-15,6451
6188,廣明,55,7,48,永全-南崁,2023-06-15,6451
2851,中再保,40,0,40,永全-南崁,2023-06-15,6451
6182,合晶,35,0,35,永全-南崁,2023-06-15,6451
3058,立德,32,0,32,永全-南崁,2023-06-15,6451
2888,新光金,30,1,29,永全-南崁,2023-06-15,6451
4906,正文,25,0,25,永全-南崁,2023-06-15,6451
3013,晟銘電,24,1,23,永全-南崁,2023-06-15,6451
5880,合庫金,20,0,20,永全-南崁,2023-06-15,6451
1533,車王電,20,0,20,永全-南崁,2023-06-15,6451
2882,國泰金,21,1,20,永全-南崁,2023-06-15,6451
4951,精拓科,20,0,20,永全-南崁,2023-06-15,6451
00725B,國泰投資級公司債,19,0,19,永全-南崁,2023-06-15,6451
00712,復華富時不動產,20,2,18,永全-南崁,2023-06-15,6451
00878,國泰永續高股息,16,0,16,永全-南崁,2023-06-15,6451
1810,和成,16,0,16,永全-南崁,2023-06-15,6451
3434,哲固,16,0,16,永全-南崁,2023-06-15,6451
3033,威健,15,0,15,永全-南崁,2023-06-15,6451
3078,僑威,20,5,15,永全-南崁,2023-06-15,6451
2399,映泰,40,26,14,永全-南崁,2023-06-15,6451
2324,仁寶,14,0,14,永全-南崁,2023-06-15,6451
6282,康舒,25,13,12,永全-南崁,2023-06-15,6451
2453,凌群,18,6,12,永全-南崁,2023-06-15,6451
1802,台玻,11,0,11,永全-南崁,2023-06-15,6451
2457,飛宏,27,16,11,永全-南崁,2023-06-15,6451
3032,偉訓,17,6,11,永全-南崁,2023-06-15,6451
3481,群創,11,0,11,永全-南崁,2023-06-15,6451
4744,皇將,13,2,11,永全-南崁,2023-06-15,6451
2371,大同,30,19,11,永全-南崁,2023-06-15,6451
2492,華新科,14,4,10,永全-南崁,2023-06-15,6451
00915,凱基優選高股息30,10,0,10,永全-南崁,2023-06-15,6451
00922,國泰台灣領袖50,10,0,10,永全-南崁,2023-06-15,6451
2103,台橡,10,0,10,永全-南崁,2023-06-15,6451
2617,台航,10,0,10,永全-南崁,2023-06-15,6451
3006,晶豪科,10,0,10,永全-南崁,2023-06-15,6451
3055,蔚華科,23,13,10,永全-南崁,2023-06-15,6451
3141,晶宏,10,0,10,永全-南崁,2023-06-15,6451
8064,東捷,10,0,10,永全-南崁,2023-06-15,6451
3017,奇鋐,18,9,9,永全-南崁,2023-06-15,6451
2609,陽明,15,6,9,永全-南崁,2023-06-15,6451
0056,元大高股息,24,15,9,永全-南崁,2023-06-15,6451
3071,協禧,10,1,9,永全-南崁,2023-06-15,6451
2501,國建,8,0,8,永全-南崁,2023-06-15,6451
3031,佰鴻,8,0,8,永全-南崁,2023-06-15,6451
8088,品安,8,0,8,永全-南崁,2023-06-15,6451
1442,名軒,264,0,264,永全-南崁,2023-06-16,6451
3252,海灣,188,1,187,永全-南崁,2023-06-16,6451
3706,神達,157,13,144,永全-南崁,2023-06-16,6451
00673R,期元大S＆P原油反1,130,0,130,永全-南崁,2023-06-16,6451
4526,東台,113,0,113,永全-南崁,2023-06-16,6451
1605,華新,160,65,95,永全-南崁,2023-06-16,6451
2610,華航,325,251,74,永全-南崁,2023-06-16,6451
1815,富喬,90,22,68,永全-南崁,2023-06-16,6451
8936,國統,61,0,61,永全-南崁,2023-06-16,6451
0056,元大高股息,68,8,60,永全-南崁,2023-06-16,6451
00919,群益台灣精選高息,59,1,58,永全-南崁,2023-06-16,6451
2883,凱基金,54,1,53,永全-南崁,2023-06-16,6451
2888,新光金,69,21,48,永全-南崁,2023-06-16,6451
4961,天鈺,43,3,40,永全-南崁,2023-06-16,6451
2401,凌陽,38,1,37,永全-南崁,2023-06-16,6451
2618,長榮航,266,235,31,永全-南崁,2023-06-16,6451
5201,凱衛,39,9,30,永全-南崁,2023-06-16,6451
6120,達運,29,2,27,永全-南崁,2023-06-16,6451
2882,國泰金,32,6,26,永全-南崁,2023-06-16,6451
1517,利奇,25,0,25,永全-南崁,2023-06-16,6451
1810,和成,23,0,23,永全-南崁,2023-06-16,6451
6104,創惟,23,0,23,永全-南崁,2023-06-16,6451
2201,裕隆,23,0,23,永全-南崁,2023-06-16,6451
4510,高鋒,61,40,21,永全-南崁,2023-06-16,6451
6282,康舒,45,24,21,永全-南崁,2023-06-16,6451
8046,南電,21,1,20,永全-南崁,2023-06-16,6451
3044,健鼎,20,0,20,永全-南崁,2023-06-16,6451
6235,華孚,22,2,20,永全-南崁,2023-06-16,6451
6285,啟��,20,0,20,永全-南崁,2023-06-16,6451
8210,勤誠,29,10,19,永全-南崁,2023-06-16,6451
2409,友達,30,12,18,永全-南崁,2023-06-16,6451
6533,晶心科,18,1,17,永全-南崁,2023-06-16,6451
2356,英業達,40,25,15,永全-南崁,2023-06-16,6451
3576,聯合再生,20,5,15,永全-南崁,2023-06-16,6451
00921,兆豐龍頭等權重,12,0,12,永全-南崁,2023-06-16,6451
1101,台泥,20,8,12,永全-南崁,2023-06-16,6451
5425,台半,11,0,11,永全-南崁,2023-06-16,6451
2353,宏��,16,6,10,永全-南崁,2023-06-16,6451
2388,威盛,21,11,10,永全-南崁,2023-06-16,6451
2489,瑞軒,40,30,10,永全-南崁,2023-06-16,6451
2495,普安,10,0,10,永全-南崁,2023-06-16,6451
3047,訊舟,10,0,10,永全-南崁,2023-06-16,6451
3419,譁裕,10,0,10,永全-南崁,2023-06-16,6451
3532,台勝科,10,0,10,永全-南崁,2023-06-16,6451
4207,環泰,10,0,10,永全-南崁,2023-06-16,6451
6153,嘉聯益,10,0,10,永全-南崁,2023-06-16,6451
6276,安鈦克,43,33,10,永全-南崁,2023-06-16,6451
6719,力智,10,0,10,永全-南崁,2023-06-16,6451
2515,中工,10,1,9,永全-南崁,2023-06-16,6451
3217,優群,10,1,9,永全-南崁,2023-06-16,6451
6122,擎邦,168,2,166,永全-南崁,2023-06-19,6451
4526,東台,105,0,105,永全-南崁,2023-06-19,6451
1907,永豐餘,75,0,75,永全-南崁,2023-06-19,6451
1609,大亞,60,12,48,永全-南崁,2023-06-19,6451
3011,今皓,46,3,43,永全-南崁,2023-06-19,6451
6120,達運,47,5,42,永全-南崁,2023-06-19,6451
6114,久威,70,31,39,永全-南崁,2023-06-19,6451
00712,復華富時不動產,35,0,35,永全-南崁,2023-06-19,6451
2888,新光金,38,5,33,永全-南崁,2023-06-19,6451
2610,華航,72,40,32,永全-南崁,2023-06-19,6451
00919,群益台灣精選高息,30,0,30,永全-南崁,2023-06-19,6451
2867,三商壽,30,0,30,永全-南崁,2023-06-19,6451
1513,中興電,46,17,29,永全-南崁,2023-06-19,6451
4746,台耀,29,0,29,永全-南崁,2023-06-19,6451
2618,長榮航,55,27,28,永全-南崁,2023-06-19,6451
2882,國泰金,28,0,28,永全-南崁,2023-06-19,6451
3071,協禧,34,9,25,永全-南崁,2023-06-19,6451
6116,彩晶,43,18,25,永全-南崁,2023-06-19,6451
3231,緯創,33,11,22,永全-南崁,2023-06-19,6451
00878,國泰永續高股息,21,0,21,永全-南崁,2023-06-19,6451
00921,兆豐龍頭等權重,20,0,20,永全-南崁,2023-06-19,6451
00929,復華台灣科技優息,20,0,20,永全-南崁,2023-06-19,6451
2482,連宇,20,0,20,永全-南崁,2023-06-19,6451
3374,精材,20,0,20,永全-南崁,2023-06-19,6451
4123,晟德,20,0,20,永全-南崁,2023-06-19,6451
4510,高鋒,20,0,20,永全-南崁,2023-06-19,6451
9907,統一實,20,0,20,永全-南崁,2023-06-19,6451
3706,神達,25,6,19,永全-南崁,2023-06-19,6451
6282,康舒,17,0,17,永全-南崁,2023-06-19,6451
1503,士電,17,1,16,永全-南崁,2023-06-19,6451
6443,元晶,15,0,15,永全-南崁,2023-06-19,6451
4938,和碩,15,1,14,永全-南崁,2023-06-19,6451
1434,福懋,13,0,13,永全-南崁,2023-06-19,6451
00680L,元大美債20正2,13,1,12,永全-南崁,2023-06-19,6451
2352,佳世達,18,6,12,永全-南崁,2023-06-19,6451
1521,大億,10,0,10,永全-南崁,2023-06-19,6451
2312,金寶,15,5,10,永全-南崁,2023-06-19,6451
3055,蔚華科,10,0,10,永全-南崁,2023-06-19,6451
3622,洋華,10,0,10,永全-南崁,2023-06-19,6451
3704,合勤控,11,1,10,永全-南崁,2023-06-19,6451
8112,至上,10,0,10,永全-南崁,2023-06-19,6451
8234,新漢,10,0,10,永全-南崁,2023-06-19,6451
2353,宏��,9,0,9,永全-南崁,2023-06-19,6451
2356,英業達,15,6,9,永全-南崁,2023-06-19,6451
2645,長榮航太,15,7,8,永全-南崁,2023-06-19,6451
2405,輔信,10,2,8,永全-南崁,2023-06-19,6451
4977,眾達-KY,10,2,8,永全-南崁,2023-06-19,6451
8277,商丞,9,1,8,永全-南崁,2023-06-19,6451
5009,榮剛,14,6,8,永全-南崁,2023-06-19,6451
1301,台塑,7,0,7,永全-南崁,2023-06-19,6451
1471,首利,105,3,102,永全-南崁,2023-06-20,6451
2104,國際中橡,84,1,83,永全-南崁,2023-06-20,6451
8936,國統,75,0,75,永全-南崁,2023-06-20,6451
2337,旺宏,54,0,54,永全-南崁,2023-06-20,6451
5225,東科-KY,50,0,50,永全-南崁,2023-06-20,6451
4967,十銓,51,6,45,永全-南崁,2023-06-20,6451
6114,久威,45,2,43,永全-南崁,2023-06-20,6451
00881,國泰台灣5G+,40,0,40,永全-南崁,2023-06-20,6451
3481,群創,48,12,36,永全-南崁,2023-06-20,6451
2883,凱基金,36,1,35,永全-南崁,2023-06-20,6451
2371,大同,42,10,32,永全-南崁,2023-06-20,6451
2312,金寶,51,20,31,永全-南崁,2023-06-20,6451
2409,友達,31,0,31,永全-南崁,2023-06-20,6451
6244,茂迪,30,1,29,永全-南崁,2023-06-20,6451
2382,廣達,34,8,26,永全-南崁,2023-06-20,6451
6276,安鈦克,41,15,26,永全-南崁,2023-06-20,6451
2610,華航,82,56,26,永全-南崁,2023-06-20,6451
2801,彰銀,25,0,25,永全-南崁,2023-06-20,6451
3707,漢磊,28,5,23,永全-南崁,2023-06-20,6451
4904,遠傳,21,0,21,永全-南崁,2023-06-20,6451
4114,健喬,20,0,20,永全-南崁,2023-06-20,6451
6153,嘉聯益,20,0,20,永全-南崁,2023-06-20,6451
2634,漢翔,51,32,19,永全-南崁,2023-06-20,6451
5201,凱衛,31,12,19,永全-南崁,2023-06-20,6451
6443,元晶,30,11,19,永全-南崁,2023-06-20,6451
2406,國碩,17,0,17,永全-南崁,2023-06-20,6451
2317,鴻海,27,11,16,永全-南崁,2023-06-20,6451
6116,彩晶,17,1,16,永全-南崁,2023-06-20,6451
3006,晶豪科,15,0,15,永全-南崁,2023-06-20,6451
3325,旭品,17,2,15,永全-南崁,2023-06-20,6451
6533,晶心科,15,0,15,永全-南崁,2023-06-20,6451
2353,宏��,19,5,14,永全-南崁,2023-06-20,6451
6751,智聯服務,14,0,14,永全-南崁,2023-06-20,6451
3665,貿聯-KY,12,0,12,永全-南崁,2023-06-20,6451
6147,頎邦,11,0,11,永全-南崁,2023-06-20,6451
1432,大魯閣,10,0,10,永全-南崁,2023-06-20,6451
00921,兆豐龍頭等權重,10,0,10,永全-南崁,2023-06-20,6451
3264,欣銓,11,1,10,永全-南崁,2023-06-20,6451
3570,大塚,10,0,10,永全-南崁,2023-06-20,6451
4510,高鋒,10,0,10,永全-南崁,2023-06-20,6451
4977,眾達-KY,10,0,10,永全-南崁,2023-06-20,6451
5347,世界,10,0,10,永全-南崁,2023-06-20,6451
8033,雷虎,10,0,10,永全-南崁,2023-06-20,6451
8112,至上,10,0,10,永全-南崁,2023-06-20,6451
0056,元大高股息,23,14,9,永全-南崁,2023-06-20,6451
2368,金像電,22,13,9,永全-南崁,2023-06-20,6451
1528,恩德,18,9,9,永全-南崁,2023-06-20,6451
1103,嘉泥,12,3,9,永全-南崁,2023-06-20,6451
2739,寒舍,9,0,9,永全-南崁,2023-06-20,6451
5371,中光電,9,0,9,永全-南崁,2023-06-20,6451
1337,再生-KY,204,4,200,永全-南崁,2023-06-21,6451
8064,東捷,200,0,200,永全-南崁,2023-06-21,6451
6244,茂迪,105,0,105,永全-南崁,2023-06-21,6451
00673R,期元大S＆P原油反1,100,0,100,永全-南崁,2023-06-21,6451
3706,神達,100,3,97,永全-南崁,2023-06-21,6451
5512,力麒,100,36,64,永全-南崁,2023-06-21,6451
5607,遠雄港,62,0,62,永全-南崁,2023-06-21,6451
2641,正德,48,0,48,永全-南崁,2023-06-21,6451
5201,凱衛,47,0,47,永全-南崁,2023-06-21,6451
2312,金寶,43,0,43,永全-南崁,2023-06-21,6451
4746,台耀,34,0,34,永全-南崁,2023-06-21,6451
6596,寬宏藝術,31,0,31,永全-南崁,2023-06-21,6451
2634,漢翔,47,18,29,永全-南崁,2023-06-21,6451
6533,晶心科,27,1,26,永全-南崁,2023-06-21,6451
5425,台半,26,3,23,永全-南崁,2023-06-21,6451
4916,事欣科,32,11,21,永全-南崁,2023-06-21,6451
1815,富喬,25,5,20,永全-南崁,2023-06-21,6451
1795,美時,19,1,18,永全-南崁,2023-06-21,6451
2618,長榮航,48,31,17,永全-南崁,2023-06-21,6451
4919,新唐,15,0,15,永全-南崁,2023-06-21,6451
6414,樺漢,26,12,14,永全-南崁,2023-06-21,6451
3703,欣陸,13,0,13,永全-南崁,2023-06-21,6451
6116,彩晶,31,18,13,永全-南崁,2023-06-21,6451
2468,華經,13,1,12,永全-南崁,2023-06-21,6451
2889,國票金,12,0,12,永全-南崁,2023-06-21,6451
2888,新光金,11,0,11,永全-南崁,2023-06-21,6451
2892,第一金,11,0,11,永全-南崁,2023-06-21,6451
1442,名軒,10,0,10,永全-南崁,2023-06-21,6451
2705,六福,22,13,9,永全-南崁,2023-06-21,6451
1432,大魯閣,8,0,8,永全-南崁,2023-06-21,6451
00919,群益台灣精選高息,10,2,8,永全-南崁,2023-06-21,6451
2482,連宇,52,44,8,永全-南崁,2023-06-21,6451
3564,其陽,8,0,8,永全-南崁,2023-06-21,6451
4183,福永生技,8,0,8,永全-南崁,2023-06-21,6451
5483,中美晶,8,0,8,永全-南崁,2023-06-21,6451
6163,華電網,8,0,8,永全-南崁,2023-06-21,6451
1102,亞泥,7,0,7,永全-南崁,2023-06-21,6451
1727,中華化,7,0,7,永全-南崁,2023-06-21,6451
3025,星通,9,2,7,永全-南崁,2023-06-21,6451
5471,松翰,7,0,7,永全-南崁,2023-06-21,6451
1525,江申,6,0,6,永全-南崁,2023-06-21,6451
1609,大亞,12,6,6,永全-南崁,2023-06-21,6451
5258,虹堡,11,5,6,永全-南崁,2023-06-21,6451
8040,九暘,6,0,6,永全-南崁,2023-06-21,6451
8050,廣積,6,0,6,永全-南崁,2023-06-21,6451
00878,國泰永續高股息,33,28,5,永全-南崁,2023-06-21,6451
2337,旺宏,5,0,5,永全-南崁,2023-06-21,6451
2408,南亞科,5,0,5,永全-南崁,2023-06-21,6451
2486,一詮,6,1,5,永全-南崁,2023-06-21,6451
2539,櫻花建,5,0,5,永全-南崁,2023-06-21,6451
2867,三商壽,300,20,280,永全-南崁,2023-06-26,6451
1605,華新,119,0,119,永全-南崁,2023-06-26,6451
2913,農林,110,2,108,永全-南崁,2023-06-26,6451
3287,廣寰科,100,0,100,永全-南崁,2023-06-26,6451
3306,鼎天,74,15,59,永全-南崁,2023-06-26,6451
00715L,期街口布蘭特正2,50,0,50,永全-南崁,2023-06-26,6451
6770,力積電,50,0,50,永全-南崁,2023-06-26,6451
2610,華航,75,27,48,永全-南崁,2023-06-26,6451
1471,首利,145,102,43,永全-南崁,2023-06-26,6451
2312,金寶,51,10,41,永全-南崁,2023-06-26,6451
1785,光洋科,45,5,40,永全-南崁,2023-06-26,6451
5905,南仁湖,40,0,40,永全-南崁,2023-06-26,6451
6125,廣運,49,12,37,永全-南崁,2023-06-26,6451
6276,安鈦克,35,3,32,永全-南崁,2023-06-26,6451
5426,振發,34,3,31,永全-南崁,2023-06-26,6451
5512,力麒,30,0,30,永全-南崁,2023-06-26,6451
2382,廣達,39,10,29,永全-南崁,2023-06-26,6451
2368,金像電,31,4,27,永全-南崁,2023-06-26,6451
2409,友達,24,2,22,永全-南崁,2023-06-26,6451
2615,萬海,21,0,21,永全-南崁,2023-06-26,6451
2888,新光金,20,0,20,永全-南崁,2023-06-26,6451
2882,國泰金,18,0,18,永全-南崁,2023-06-26,6451
2634,漢翔,36,18,18,永全-南崁,2023-06-26,6451
2706,第一店,20,4,16,永全-南崁,2023-06-26,6451
2371,大同,22,6,16,永全-南崁,2023-06-26,6451
00637L,元大滬深300正2,15,0,15,永全-南崁,2023-06-26,6451
00632R,元大台灣50反1,15,0,15,永全-南崁,2023-06-26,6451
6282,康舒,17,2,15,永全-南崁,2023-06-26,6451
2457,飛宏,16,2,14,永全-南崁,2023-06-26,6451
8104,錸寶,14,0,14,永全-南崁,2023-06-26,6451
2340,台亞,26,13,13,永全-南崁,2023-06-26,6451
1513,中興電,18,7,11,永全-南崁,2023-06-26,6451
2352,佳世達,11,0,11,永全-南崁,2023-06-26,6451
2801,彰銀,11,0,11,永全-南崁,2023-06-26,6451
00878,國泰永續高股息,10,0,10,永全-南崁,2023-06-26,6451
1802,台玻,15,5,10,永全-南崁,2023-06-26,6451
2362,藍天,10,0,10,永全-南崁,2023-06-26,6451
2363,矽統,10,0,10,永全-南崁,2023-06-26,6451
2461,光群雷,10,0,10,永全-南崁,2023-06-26,6451
3231,緯創,25,15,10,永全-南崁,2023-06-26,6451
3324,雙鴻,10,0,10,永全-南崁,2023-06-26,6451
3434,哲固,18,8,10,永全-南崁,2023-06-26,6451
3552,同致,10,0,10,永全-南崁,2023-06-26,6451
3708,上緯投控,10,0,10,永全-南崁,2023-06-26,6451
6117,迎廣,10,0,10,永全-南崁,2023-06-26,6451
6533,晶心科,10,0,10,永全-南崁,2023-06-26,6451
1514,亞力,11,2,9,永全-南崁,2023-06-26,6451
1609,大亞,11,2,9,永全-南崁,2023-06-26,6451
2609,陽明,15,6,9,永全-南崁,2023-06-26,6451
6143,振曜,9,0,9,永全-南崁,2023-06-26,6451
2405,輔信,307,16,291,永全-南崁,2023-06-27,6451
2330,台積電,271,0,271,永全-南崁,2023-06-27,6451
1907,永豐餘,213,0,213,永全-南崁,2023-06-27,6451
6290,良維,152,0,152,永全-南崁,2023-06-27,6451
2618,長榮航,158,7,151,永全-南崁,2023-06-27,6451
3287,廣寰科,130,0,130,永全-南崁,2023-06-27,6451
8936,國統,90,2,88,永全-南崁,2023-06-27,6451
00878,國泰永續高股息,70,4,66,永全-南崁,2023-06-27,6451
5512,力麒,60,7,53,永全-南崁,2023-06-27,6451
2888,新光金,50,2,48,永全-南崁,2023-06-27,6451
1905,華紙,49,3,46,永全-南崁,2023-06-27,6451
2634,漢翔,70,26,44,永全-南崁,2023-06-27,6451
1519,華城,49,7,42,永全-南崁,2023-06-27,6451
6443,元晶,38,0,38,永全-南崁,2023-06-27,6451
2609,陽明,40,4,36,永全-南崁,2023-06-27,6451
3049,精金,35,0,35,永全-南崁,2023-06-27,6451
4526,東台,35,0,35,永全-南崁,2023-06-27,6451
2303,聯電,36,2,34,永全-南崁,2023-06-27,6451
3434,哲固,53,23,30,永全-南崁,2023-06-27,6451
1605,華新,31,3,28,永全-南崁,2023-06-27,6451
5225,東科-KY,27,0,27,永全-南崁,2023-06-27,6451
6104,創惟,25,2,23,永全-南崁,2023-06-27,6451
4510,高鋒,22,0,22,永全-南崁,2023-06-27,6451
6217,中探針,21,0,21,永全-南崁,2023-06-27,6451
2867,三商壽,20,0,20,永全-南崁,2023-06-27,6451
3231,緯創,17,1,16,永全-南崁,2023-06-27,6451
1229,聯華,15,0,15,永全-南崁,2023-06-27,6451
6116,彩晶,15,0,15,永全-南崁,2023-06-27,6451
8358,金居,16,1,15,永全-南崁,2023-06-27,6451
2610,華航,206,191,15,永全-南崁,2023-06-27,6451
2705,六福,14,1,13,永全-南崁,2023-06-27,6451
6120,達運,14,1,13,永全-南崁,2023-06-27,6451
1533,車王電,12,0,12,永全-南崁,2023-06-27,6451
2883,凱基金,12,0,12,永全-南崁,2023-06-27,6451
1101,台泥,11,0,11,永全-南崁,2023-06-27,6451
2515,中工,11,0,11,永全-南崁,2023-06-27,6451
4111,濟生,13,2,11,永全-南崁,2023-06-27,6451
6176,瑞儀,11,0,11,永全-南崁,2023-06-27,6451
6180,橘子,40,29,11,永全-南崁,2023-06-27,6451
00929,復華台灣科技優息,10,0,10,永全-南崁,2023-06-27,6451
1514,亞力,51,41,10,永全-南崁,2023-06-27,6451
1409,新纖,10,0,10,永全-南崁,2023-06-27,6451
2317,鴻海,19,9,10,永全-南崁,2023-06-27,6451
2891,中信金,15,5,10,永全-南崁,2023-06-27,6451
3019,亞光,10,0,10,永全-南崁,2023-06-27,6451
3058,立德,10,0,10,永全-南崁,2023-06-27,6451
3207,耀勝,10,0,10,永全-南崁,2023-06-27,6451
3552,同致,10,0,10,永全-南崁,2023-06-27,6451
3622,洋華,10,0,10,永全-南崁,2023-06-27,6451
5471,松翰,10,0,10,永全-南崁,2023-06-27,6451
1471,首利,130,0,130,永全-南崁,2023-06-28,6451
1605,華新,119,11,108,永全-南崁,2023-06-28,6451
9105,泰金寶-DR,90,0,90,永全-南崁,2023-06-28,6451
00715L,期街口布蘭特正2,87,0,87,永全-南崁,2023-06-28,6451
8072,陞泰,76,0,76,永全-南崁,2023-06-28,6451
2641,正德,70,0,70,永全-南崁,2023-06-28,6451
5905,南仁湖,60,0,60,永全-南崁,2023-06-28,6451
00882,中信中國高股息,53,0,53,永全-南崁,2023-06-28,6451
2888,新光金,52,0,52,永全-南崁,2023-06-28,6451
2353,宏��,51,7,44,永全-南崁,2023-06-28,6451
1907,永豐餘,44,3,41,永全-南崁,2023-06-28,6451
8046,南電,40,0,40,永全-南崁,2023-06-28,6451
2913,農林,32,0,32,永全-南崁,2023-06-28,6451
2615,萬海,34,5,29,永全-南崁,2023-06-28,6451
1442,名軒,26,0,26,永全-南崁,2023-06-28,6451
4961,天鈺,25,0,25,永全-南崁,2023-06-28,6451
2449,京元電子,29,5,24,永全-南崁,2023-06-28,6451
4161,聿新科,22,0,22,永全-南崁,2023-06-28,6451
5225,東科-KY,30,8,22,永全-南崁,2023-06-28,6451
2102,泰豐,20,0,20,永全-南崁,2023-06-28,6451
3450,聯鈞,20,0,20,永全-南崁,2023-06-28,6451
6667,信紘科,20,0,20,永全-南崁,2023-06-28,6451
1519,華城,21,1,20,永全-南崁,2023-06-28,6451
3552,同致,19,0,19,永全-南崁,2023-06-28,6451
2368,金像電,22,4,18,永全-南崁,2023-06-28,6451
4746,台耀,20,2,18,永全-南崁,2023-06-28,6451
3481,群創,15,0,15,永全-南崁,2023-06-28,6451
2303,聯電,13,0,13,永全-南崁,2023-06-28,6451
3013,晟銘電,13,0,13,永全-南崁,2023-06-28,6451
3038,全台,17,4,13,永全-南崁,2023-06-28,6451
2340,台亞,12,0,12,永全-南崁,2023-06-28,6451
2883,凱基金,12,0,12,永全-南崁,2023-06-28,6451
3434,哲固,15,3,12,永全-南崁,2023-06-28,6451
6188,廣明,21,9,12,永全-南崁,2023-06-28,6451
00919,群益台灣精選高息,11,0,11,永全-南崁,2023-06-28,6451
3032,偉訓,12,1,11,永全-南崁,2023-06-28,6451
00713,元大台灣高息低波,10,0,10,永全-南崁,2023-06-28,6451
2323,中環,20,10,10,永全-南崁,2023-06-28,6451
2347,聯強,10,0,10,永全-南崁,2023-06-28,6451
2412,中華電,10,0,10,永全-南崁,2023-06-28,6451
5425,台半,14,4,10,永全-南崁,2023-06-28,6451
5471,松翰,10,0,10,永全-南崁,2023-06-28,6451
6533,晶心科,10,0,10,永全-南崁,2023-06-28,6451
6743,安普新,10,0,10,永全-南崁,2023-06-28,6451
8110,華東,10,0,10,永全-南崁,2023-06-28,6451
6197,佳必琪,10,0,10,永全-南崁,2023-06-28,6451
2630,亞航,20,11,9,永全-南崁,2023-06-28,6451
6235,華孚,10,1,9,永全-南崁,2023-06-28,6451
1795,美時,10,2,8,永全-南崁,2023-06-28,6451
2355,敬鵬,8,0,8,永全-南崁,2023-06-28,6451
2419,仲琦,149,17,132,永全-南崁,2023-06-29,6451
1605,華新,55,0,55,永全-南崁,2023-06-29,6451
00664R,國泰臺灣加權反1,50,0,50,永全-南崁,2023-06-29,6451
2618,長榮航,117,74,43,永全-南崁,2023-06-29,6451
2883,凱基金,43,0,43,永全-南崁,2023-06-29,6451
2363,矽統,40,0,40,永全-南崁,2023-06-29,6451
2610,華航,60,23,37,永全-南崁,2023-06-29,6451
2609,陽明,44,8,36,永全-南崁,2023-06-29,6451
2603,長榮,50,16,34,永全-南崁,2023-06-29,6451
00673R,期元大S＆P原油反1,30,0,30,永全-南崁,2023-06-29,6451
1528,恩德,47,17,30,永全-南崁,2023-06-29,6451
2615,萬海,30,0,30,永全-南崁,2023-06-29,6451
6153,嘉聯益,33,9,24,永全-南崁,2023-06-29,6451
8277,商丞,23,0,23,永全-南崁,2023-06-29,6451
3693,營邦,23,2,21,永全-南崁,2023-06-29,6451
2913,農林,21,0,21,永全-南崁,2023-06-29,6451
2449,京元電子,20,0,20,永全-南崁,2023-06-29,6451
4414,如興,20,0,20,永全-南崁,2023-06-29,6451
5225,東科-KY,20,0,20,永全-南崁,2023-06-29,6451
2303,聯電,17,1,16,永全-南崁,2023-06-29,6451
4123,晟德,16,0,16,永全-南崁,2023-06-29,6451
4157,太景*-KY,28,12,16,永全-南崁,2023-06-29,6451
1314,中石化,15,0,15,永全-南崁,2023-06-29,6451
00882,中信中國高股息,12,0,12,永全-南崁,2023-06-29,6451
2352,佳世達,12,0,12,永全-南崁,2023-06-29,6451
00929,復華台灣科技優息,11,0,11,永全-南崁,2023-06-29,6451
00642U,期元大S＆P石油,10,0,10,永全-南崁,2023-06-29,6451
1722,台肥,10,0,10,永全-南崁,2023-06-29,6451
2017,官田鋼,10,0,10,永全-南崁,2023-06-29,6451
2027,大成鋼,10,0,10,永全-南崁,2023-06-29,6451
9907,統一實,10,0,10,永全-南崁,2023-06-29,6451
2705,六福,9,0,9,永全-南崁,2023-06-29,6451
2421,建準,11,3,8,永全-南崁,2023-06-29,6451
1471,首利,8,0,8,永全-南崁,2023-06-29,6451
4908,前鼎,13,5,8,永全-南崁,2023-06-29,6451
2356,英業達,10,2,8,永全-南崁,2023-06-29,6451
2882,國泰金,12,5,7,永全-南崁,2023-06-29,6451
1432,大魯閣,7,0,7,永全-南崁,2023-06-29,6451
1452,宏益,6,0,6,永全-南崁,2023-06-29,6451
2014,中鴻,6,0,6,永全-南崁,2023-06-29,6451
3027,盛達,6,0,6,永全-南崁,2023-06-29,6451
6625,必應,6,0,6,永全-南崁,2023-06-29,6451
6806,森崴能源,6,0,6,永全-南崁,2023-06-29,6451
00712,復華富時不動產,5,0,5,永全-南崁,2023-06-29,6451
1701,中化,5,0,5,永全-南崁,2023-06-29,6451
1909,榮成,5,0,5,永全-南崁,2023-06-29,6451
2332,友訊,6,1,5,永全-南崁,2023-06-29,6451
2515,中工,5,0,5,永全-南崁,2023-06-29,6451
3005,神基,5,0,5,永全-南崁,2023-06-29,6451
3013,晟銘電,6,1,5,永全-南崁,2023-06-29,6451
1528,恩德,259,33,226,永全-南崁,2023-06-30,6451
4526,東台,200,0,200,永全-南崁,2023-06-30,6451
9105,泰金寶-DR,120,0,120,永全-南崁,2023-06-30,6451
6122,擎邦,110,1,109,永全-南崁,2023-06-30,6451
00673R,期元大S＆P原油反1,60,0,60,永全-南崁,2023-06-30,6451
2618,長榮航,61,3,58,永全-南崁,2023-06-30,6451
2425,承啟,50,0,50,永全-南崁,2023-06-30,6451
6153,嘉聯益,54,4,50,永全-南崁,2023-06-30,6451
1503,士電,45,1,44,永全-南崁,2023-06-30,6451
00882,中信中國高股息,31,0,31,永全-南崁,2023-06-30,6451
2891,中信金,50,20,30,永全-南崁,2023-06-30,6451
1605,華新,33,6,27,永全-南崁,2023-06-30,6451
2206,三陽工業,28,1,27,永全-南崁,2023-06-30,6451
4967,十銓,23,0,23,永全-南崁,2023-06-30,6451
2474,可成,22,0,22,永全-南崁,2023-06-30,6451
2603,長榮,73,51,22,永全-南崁,2023-06-30,6451
4161,聿新科,31,11,20,永全-南崁,2023-06-30,6451
4168,醣聯,20,0,20,永全-南崁,2023-06-30,6451
2882,國泰金,24,5,19,永全-南崁,2023-06-30,6451
8072,陞泰,19,0,19,永全-南崁,2023-06-30,6451
3078,僑威,23,5,18,永全-南崁,2023-06-30,6451
2408,南亞科,16,1,15,永全-南崁,2023-06-30,6451
2515,中工,15,0,15,永全-南崁,2023-06-30,6451
3701,大眾控,15,0,15,永全-南崁,2023-06-30,6451
1217,愛之味,35,21,14,永全-南崁,2023-06-30,6451
3045,台灣大,14,0,14,永全-南崁,2023-06-30,6451
3231,緯創,67,53,14,永全-南崁,2023-06-30,6451
4147,中裕,13,0,13,永全-南崁,2023-06-30,6451
6285,啟��,13,0,13,永全-南崁,2023-06-30,6451
00679B,元大美債20年,12,0,12,永全-南崁,2023-06-30,6451
2323,中環,19,7,12,永全-南崁,2023-06-30,6451
1795,美時,23,11,12,永全-南崁,2023-06-30,6451
3711,日月光投控,11,0,11,永全-南崁,2023-06-30,6451
1591,駿吉-KY,10,0,10,永全-南崁,2023-06-30,6451
2707,晶華,10,0,10,永全-南崁,2023-06-30,6451
3576,聯合再生,10,0,10,永全-南崁,2023-06-30,6451
3630,新鉅科,10,0,10,永全-南崁,2023-06-30,6451
4543,萬在,10,0,10,永全-南崁,2023-06-30,6451
6733,博晟生醫,10,0,10,永全-南崁,2023-06-30,6451
2405,輔信,9,0,9,永全-南崁,2023-06-30,6451
3687,歐買尬,9,0,9,永全-南崁,2023-06-30,6451
6139,亞翔,9,0,9,永全-南崁,2023-06-30,6451
2705,六福,8,0,8,永全-南崁,2023-06-30,6451
3712,永崴投控,8,0,8,永全-南崁,2023-06-30,6451
3017,奇鋐,14,7,7,永全-南崁,2023-06-30,6451
00919,群益台灣精選高息,7,0,7,永全-南崁,2023-06-30,6451
2344,華邦電,108,101,7,永全-南崁,2023-06-30,6451
3715,定穎投控,7,0,7,永全-南崁,2023-06-30,6451
5471,松翰,7,0,7,永全-南崁,2023-06-30,6451
1785,光洋科,6,0,6,永全-南崁,2023-06-30,6451
1605,華新,177,30,147,永全-南崁,2023-07-03,6451
3481,群創,157,30,127,永全-南崁,2023-07-03,6451
2332,友訊,200,75,125,永全-南崁,2023-07-03,6451
00673R,期元大S＆P原油反1,100,0,100,永全-南崁,2023-07-03,6451
3042,晶技,50,0,50,永全-南崁,2023-07-03,6451
8936,國統,50,1,49,永全-南崁,2023-07-03,6451
2618,長榮航,238,196,42,永全-南崁,2023-07-03,6451
4123,晟德,35,0,35,永全-南崁,2023-07-03,6451
2344,華邦電,26,0,26,永全-南崁,2023-07-03,6451
2723,美食-KY,26,0,26,永全-南崁,2023-07-03,6451
3078,僑威,37,11,26,永全-南崁,2023-07-03,6451
8054,安國,24,0,24,永全-南崁,2023-07-03,6451
6530,創威,22,0,22,永全-南崁,2023-07-03,6451
2883,凱基金,20,0,20,永全-南崁,2023-07-03,6451
4526,東台,20,0,20,永全-南崁,2023-07-03,6451
6276,安鈦克,22,4,18,永全-南崁,2023-07-03,6451
2376,技嘉,16,0,16,永全-南崁,2023-07-03,6451
6275,元山,16,0,16,永全-南崁,2023-07-03,6451
2104,國際中橡,15,0,15,永全-南崁,2023-07-03,6451
2474,可成,15,0,15,永全-南崁,2023-07-03,6451
3058,立德,15,0,15,永全-南崁,2023-07-03,6451
5471,松翰,15,0,15,永全-南崁,2023-07-03,6451
2303,聯電,15,2,13,永全-南崁,2023-07-03,6451
2354,鴻準,13,0,13,永全-南崁,2023-07-03,6451
2356,英業達,19,7,12,永全-南崁,2023-07-03,6451
3570,大塚,12,0,12,永全-南崁,2023-07-03,6451
4538,大詠城,14,3,11,永全-南崁,2023-07-03,6451
6153,嘉聯益,21,10,11,永全-南崁,2023-07-03,6451
6274,台燿,11,0,11,永全-南崁,2023-07-03,6451
2607,榮運,10,0,10,永全-南崁,2023-07-03,6451
2816,旺旺保,10,0,10,永全-南崁,2023-07-03,6451
3402,漢科,10,0,10,永全-南崁,2023-07-03,6451
6136,富爾特,10,0,10,永全-南崁,2023-07-03,6451
6472,保瑞,10,0,10,永全-南崁,2023-07-03,6451
8064,東捷,10,0,10,永全-南崁,2023-07-03,6451
8072,陞泰,10,0,10,永全-南崁,2023-07-03,6451
8150,南茂,10,0,10,永全-南崁,2023-07-03,6451
2610,華航,38,29,9,永全-南崁,2023-07-03,6451
2390,云辰,9,0,9,永全-南崁,2023-07-03,6451
2492,華新科,10,1,9,永全-南崁,2023-07-03,6451
6126,信音,10,1,9,永全-南崁,2023-07-03,6451
6180,橘子,9,0,9,永全-南崁,2023-07-03,6451
6282,康舒,12,3,9,永全-南崁,2023-07-03,6451
2362,藍天,8,0,8,永全-南崁,2023-07-03,6451
3046,建��,12,4,8,永全-南崁,2023-07-03,6451
1609,大亞,23,16,7,永全-南崁,2023-07-03,6451
2427,三商電,15,8,7,永全-南崁,2023-07-03,6451
3624,光頡,7,0,7,永全-南崁,2023-07-03,6451
2421,建準,10,3,7,永全-南崁,2023-07-03,6451
6470,宇智,10,3,7,永全-南崁,2023-07-03,6451
5426,振發,274,1,273,永全-南崁,2023-07-04,6451
2834,臺企銀,140,10,130,永全-南崁,2023-07-04,6451
2609,陽明,136,16,120,永全-南崁,2023-07-04,6451
6142,友勁,103,0,103,永全-南崁,2023-07-04,6451
4123,晟德,101,1,100,永全-南崁,2023-07-04,6451
1514,亞力,60,6,54,永全-南崁,2023-07-04,6451
2399,映泰,49,1,48,永全-南崁,2023-07-04,6451
2317,鴻海,42,6,36,永全-南崁,2023-07-04,6451
3363,上詮,41,5,36,永全-南崁,2023-07-04,6451
2449,京元電子,36,1,35,永全-南崁,2023-07-04,6451
00878,國泰永續高股息,63,29,34,永全-南崁,2023-07-04,6451
6276,安鈦克,31,0,31,永全-南崁,2023-07-04,6451
00929,復華台灣科技優息,30,0,30,永全-南崁,2023-07-04,6451
2913,農林,30,0,30,永全-南崁,2023-07-04,6451
2603,長榮,89,60,29,永全-南崁,2023-07-04,6451
0056,元大高股息,40,12,28,永全-南崁,2023-07-04,6451
2723,美食-KY,28,0,28,永全-南崁,2023-07-04,6451
4906,正文,33,5,28,永全-南崁,2023-07-04,6451
1513,中興電,32,6,26,永全-南崁,2023-07-04,6451
3704,合勤控,29,3,26,永全-南崁,2023-07-04,6451
6414,樺漢,22,1,21,永全-南崁,2023-07-04,6451
2882,國泰金,22,2,20,永全-南崁,2023-07-04,6451
1605,華新,20,1,19,永全-南崁,2023-07-04,6451
2457,飛宏,31,12,19,永全-南崁,2023-07-04,6451
8046,南電,21,3,18,永全-南崁,2023-07-04,6451
00895,富邦未來車,17,0,17,永全-南崁,2023-07-04,6451
1905,華紙,24,7,17,永全-南崁,2023-07-04,6451
2618,長榮航,46,29,17,永全-南崁,2023-07-04,6451
2801,彰銀,17,0,17,永全-南崁,2023-07-04,6451
6285,啟��,20,3,17,永全-南崁,2023-07-04,6451
6451,訊芯-KY,19,2,17,永全-南崁,2023-07-04,6451
00680L,元大美債20正2,15,0,15,永全-南崁,2023-07-04,6451
5471,松翰,15,0,15,永全-南崁,2023-07-04,6451
1907,永豐餘,15,1,14,永全-南崁,2023-07-04,6451
5607,遠雄港,13,0,13,永全-南崁,2023-07-04,6451
3707,漢磊,12,0,12,永全-南崁,2023-07-04,6451
5388,中磊,15,3,12,永全-南崁,2023-07-04,6451
6188,廣明,53,41,12,永全-南崁,2023-07-04,6451
2421,建準,46,35,11,永全-南崁,2023-07-04,6451
1524,耿鼎,12,1,11,永全-南崁,2023-07-04,6451
00882,中信中國高股息,11,0,11,永全-南崁,2023-07-04,6451
2390,云辰,11,0,11,永全-南崁,2023-07-04,6451
2891,中信金,16,5,11,永全-南崁,2023-07-04,6451
3515,華擎,10,0,10,永全-南崁,2023-07-04,6451
0050,元大台灣50,10,0,10,永全-南崁,2023-07-04,6451
1608,華榮,10,0,10,永全-南崁,2023-07-04,6451
2888,新光金,10,0,10,永全-南崁,2023-07-04,6451
3045,台灣大,10,0,10,永全-南崁,2023-07-04,6451
3372,典範,11,1,10,永全-南崁,2023-07-04,6451
3402,漢科,10,0,10,永全-南崁,2023-07-04,6451
00673R,期元大S＆P原油反1,200,0,200,永全-南崁,2023-07-05,6451
00878,國泰永續高股息,110,10,100,永全-南崁,2023-07-05,6451
4904,遠傳,78,0,78,永全-南崁,2023-07-05,6451
4526,東台,69,0,69,永全-南崁,2023-07-05,6451
2609,陽明,155,96,59,永全-南崁,2023-07-05,6451
2634,漢翔,61,6,55,永全-南崁,2023-07-05,6451
2615,萬海,65,12,53,永全-南崁,2023-07-05,6451
1447,力鵬,50,0,50,永全-南崁,2023-07-05,6451
6185,幃翔,63,20,43,永全-南崁,2023-07-05,6451
1609,大亞,56,23,33,永全-南崁,2023-07-05,6451
2356,英業達,46,15,31,永全-南崁,2023-07-05,6451
2461,光群雷,30,0,30,永全-南崁,2023-07-05,6451
2303,聯電,27,0,27,永全-南崁,2023-07-05,6451
3693,營邦,27,2,25,永全-南崁,2023-07-05,6451
6120,達運,27,2,25,永全-南崁,2023-07-05,6451
3706,神達,30,7,23,永全-南崁,2023-07-05,6451
3363,上詮,22,0,22,永全-南崁,2023-07-05,6451
00929,復華台灣科技優息,20,0,20,永全-南崁,2023-07-05,6451
5324,士開,20,0,20,永全-南崁,2023-07-05,6451
5426,振發,21,1,20,永全-南崁,2023-07-05,6451
6276,安鈦克,20,0,20,永全-南崁,2023-07-05,6451
3231,緯創,43,23,20,永全-南崁,2023-07-05,6451
2317,鴻海,17,0,17,永全-南崁,2023-07-05,6451
2371,大同,20,3,17,永全-南崁,2023-07-05,6451
4566,時碩工業,20,3,17,永全-南崁,2023-07-05,6451
2105,正新,16,0,16,永全-南崁,2023-07-05,6451
2340,台亞,15,0,15,永全-南崁,2023-07-05,6451
6166,凌華,16,1,15,永全-南崁,2023-07-05,6451
1605,華新,14,0,14,永全-南崁,2023-07-05,6451
1608,華榮,13,0,13,永全-南崁,2023-07-05,6451
2457,飛宏,29,16,13,永全-南崁,2023-07-05,6451
3037,欣興,21,8,13,永全-南崁,2023-07-05,6451
2485,兆赫,25,13,12,永全-南崁,2023-07-05,6451
4155,訊映,22,10,12,永全-南崁,2023-07-05,6451
4541,晟田,11,0,11,永全-南崁,2023-07-05,6451
00927,群益半導體收益,10,0,10,永全-南崁,2023-07-05,6451
00903,富邦元宇宙,10,0,10,永全-南崁,2023-07-05,6451
2369,菱生,12,2,10,永全-南崁,2023-07-05,6451
2834,臺企銀,10,0,10,永全-南崁,2023-07-05,6451
2883,凱基金,10,0,10,永全-南崁,2023-07-05,6451
3402,漢科,10,0,10,永全-南崁,2023-07-05,6451
6109,亞元,10,0,10,永全-南崁,2023-07-05,6451
6243,迅杰,10,0,10,永全-南崁,2023-07-05,6451
6435,大中,10,0,10,永全-南崁,2023-07-05,6451
8171,天宇,10,0,10,永全-南崁,2023-07-05,6451
2402,毅嘉,26,17,9,永全-南崁,2023-07-05,6451
3711,日月光投控,9,0,9,永全-南崁,2023-07-05,6451
1560,中砂,7,0,7,永全-南崁,2023-07-05,6451
1513,中興電,7,0,7,永全-南崁,2023-07-05,6451
4916,事欣科,14,7,7,永全-南崁,2023-07-05,6451
1809,中釉,260,0,260,永全-南崁,2023-07-06,6451
2618,長榮航,219,15,204,永全-南崁,2023-07-06,6451
00673R,期元大S＆P原油反1,150,0,150,永全-南崁,2023-07-06,6451
2891,中信金,125,45,80,永全-南崁,2023-07-06,6451
1303,南亞,79,0,79,永全-南崁,2023-07-06,6451
2834,臺企銀,70,1,69,永全-南崁,2023-07-06,6451
2888,新光金,66,0,66,永全-南崁,2023-07-06,6451
6244,茂迪,65,0,65,永全-南崁,2023-07-06,6451
2610,華航,71,17,54,永全-南崁,2023-07-06,6451
4123,晟德,50,1,49,永全-南崁,2023-07-06,6451
2882,國泰金,49,1,48,永全-南崁,2023-07-06,6451
2913,農林,42,0,42,永全-南崁,2023-07-06,6451
2317,鴻海,39,1,38,永全-南崁,2023-07-06,6451
00882,中信中國高股息,29,0,29,永全-南崁,2023-07-06,6451
2634,漢翔,37,9,28,永全-南崁,2023-07-06,6451
2609,陽明,60,33,27,永全-南崁,2023-07-06,6451
2887,台新金,27,0,27,永全-南崁,2023-07-06,6451
2382,廣達,36,10,26,永全-南崁,2023-07-06,6451
2449,京元電子,25,1,24,永全-南崁,2023-07-06,6451
1440,南紡,20,0,20,永全-南崁,2023-07-06,6451
1102,亞泥,20,0,20,永全-南崁,2023-07-06,6451
00712,復華富時不動產,20,0,20,永全-南崁,2023-07-06,6451
2107,厚生,20,0,20,永全-南崁,2023-07-06,6451
6143,振曜,20,0,20,永全-南崁,2023-07-06,6451
3037,欣興,21,1,20,永全-南崁,2023-07-06,6451
1609,大亞,20,2,18,永全-南崁,2023-07-06,6451
2002,中鋼,20,2,18,永全-南崁,2023-07-06,6451
2409,友達,22,4,18,永全-南崁,2023-07-06,6451
2303,聯電,18,2,16,永全-南崁,2023-07-06,6451
2323,中環,16,0,16,永全-南崁,2023-07-06,6451
2886,兆豐金,15,0,15,永全-南崁,2023-07-06,6451
3013,晟銘電,43,28,15,永全-南崁,2023-07-06,6451
5471,松翰,25,10,15,永全-南崁,2023-07-06,6451
0056,元大高股息,36,22,14,永全-南崁,2023-07-06,6451
3406,玉晶光,17,3,14,永全-南崁,2023-07-06,6451
4566,時碩工業,15,1,14,永全-南崁,2023-07-06,6451
00895,富邦未來車,13,0,13,永全-南崁,2023-07-06,6451
6530,創威,13,0,13,永全-南崁,2023-07-06,6451
3481,群創,18,7,11,永全-南崁,2023-07-06,6451
6719,力智,11,0,11,永全-南崁,2023-07-06,6451
6282,康舒,47,36,11,永全-南崁,2023-07-06,6451
2330,台積電,10,0,10,永全-南崁,2023-07-06,6451
2367,燿華,10,0,10,永全-南崁,2023-07-06,6451
2801,彰銀,10,0,10,永全-南崁,2023-07-06,6451
3045,台灣大,10,0,10,永全-南崁,2023-07-06,6451
3058,立德,10,0,10,永全-南崁,2023-07-06,6451
3264,欣銓,10,0,10,永全-南崁,2023-07-06,6451
4904,遠傳,10,0,10,永全-南崁,2023-07-06,6451
6112,邁達特,10,0,10,永全-南崁,2023-07-06,6451
6533,晶心科,11,1,10,永全-南崁,2023-07-06,6451
2610,華航,164,38,126,永全-南崁,2023-07-07,6451
6770,力積電,110,0,110,永全-南崁,2023-07-07,6451
2641,正德,109,0,109,永全-南崁,2023-07-07,6451
1447,力鵬,70,0,70,永全-南崁,2023-07-07,6451
2382,廣達,75,5,70,永全-南崁,2023-07-07,6451
6282,康舒,119,67,52,永全-南崁,2023-07-07,6451
2603,長榮,64,13,51,永全-南崁,2023-07-07,6451
2107,厚生,70,20,50,永全-南崁,2023-07-07,6451
3380,明泰,54,10,44,永全-南崁,2023-07-07,6451
00673R,期元大S＆P原油反1,42,0,42,永全-南崁,2023-07-07,6451
4566,時碩工業,50,20,30,永全-南崁,2023-07-07,6451
6016,康和證,30,2,28,永全-南崁,2023-07-07,6451
2002,中鋼,25,0,25,永全-南崁,2023-07-07,6451
3374,精材,28,3,25,永全-南崁,2023-07-07,6451
00679B,元大美債20年,24,0,24,永全-南崁,2023-07-07,6451
6548,長科*,24,0,24,永全-南崁,2023-07-07,6451
2409,友達,32,10,22,永全-南崁,2023-07-07,6451
3363,上詮,26,4,22,永全-南崁,2023-07-07,6451
8069,元太,21,0,21,永全-南崁,2023-07-07,6451
1434,福懋,20,0,20,永全-南崁,2023-07-07,6451
2323,中環,20,0,20,永全-南崁,2023-07-07,6451
6005,群益證,20,0,20,永全-南崁,2023-07-07,6451
6138,茂達,21,1,20,永全-南崁,2023-07-07,6451
6205,詮欣,20,0,20,永全-南崁,2023-07-07,6451
8046,南電,20,0,20,永全-南崁,2023-07-07,6451
3047,訊舟,50,30,20,永全-南崁,2023-07-07,6451
00929,復華台灣科技優息,20,2,18,永全-南崁,2023-07-07,6451
3035,智原,21,5,16,永全-南崁,2023-07-07,6451
2415,錩新,16,0,16,永全-南崁,2023-07-07,6451
3017,奇鋐,22,6,16,永全-南崁,2023-07-07,6451
2380,虹光,15,0,15,永全-南崁,2023-07-07,6451
2929,淘帝-KY,15,0,15,永全-南崁,2023-07-07,6451
6451,訊芯-KY,15,0,15,永全-南崁,2023-07-07,6451
6667,信紘科,15,0,15,永全-南崁,2023-07-07,6451
2449,京元電子,14,0,14,永全-南崁,2023-07-07,6451
4523,永彰,15,1,14,永全-南崁,2023-07-07,6451
6461,益得,14,0,14,永全-南崁,2023-07-07,6451
1514,亞力,13,0,13,永全-南崁,2023-07-07,6451
0056,元大高股息,26,13,13,永全-南崁,2023-07-07,6451
2303,聯電,18,5,13,永全-南崁,2023-07-07,6451
3231,緯創,44,31,13,永全-南崁,2023-07-07,6451
3057,喬鼎,12,0,12,永全-南崁,2023-07-07,6451
2354,鴻準,12,1,11,永全-南崁,2023-07-07,6451
2388,威盛,15,4,11,永全-南崁,2023-07-07,6451
3049,精金,11,0,11,永全-南崁,2023-07-07,6451
4904,遠傳,11,0,11,永全-南崁,2023-07-07,6451
5425,台半,11,0,11,永全-南崁,2023-07-07,6451
8261,富鼎,11,0,11,永全-南崁,2023-07-07,6451
1809,中釉,10,0,10,永全-南崁,2023-07-07,6451
2331,精英,13,3,10,永全-南崁,2023-07-07,6451
2609,陽明,95,18,77,永全-南崁,2023-07-10,6451
2812,台中銀,56,0,56,永全-南崁,2023-07-10,6451
2641,正德,57,2,55,永全-南崁,2023-07-10,6451
4566,時碩工業,50,0,50,永全-南崁,2023-07-10,6451
6223,旺矽,48,0,48,永全-南崁,2023-07-10,6451
2615,萬海,45,0,45,永全-南崁,2023-07-10,6451
6138,茂達,39,0,39,永全-南崁,2023-07-10,6451
2618,長榮航,64,27,37,永全-南崁,2023-07-10,6451
3042,晶技,35,0,35,永全-南崁,2023-07-10,6451
6276,安鈦克,32,0,32,永全-南崁,2023-07-10,6451
2884,玉山金,31,0,31,永全-南崁,2023-07-10,6451
0056,元大高股息,40,10,30,永全-南崁,2023-07-10,6451
1907,永豐餘,30,0,30,永全-南崁,2023-07-10,6451
2317,鴻海,30,0,30,永全-南崁,2023-07-10,6451
2883,凱基金,30,0,30,永全-南崁,2023-07-10,6451
00929,復華台灣科技優息,28,0,28,永全-南崁,2023-07-10,6451
6117,迎廣,27,0,27,永全-南崁,2023-07-10,6451
2347,聯強,21,0,21,永全-南崁,2023-07-10,6451
2107,厚生,20,0,20,永全-南崁,2023-07-10,6451
6176,瑞儀,20,0,20,永全-南崁,2023-07-10,6451
8215,明基材,21,1,20,永全-南崁,2023-07-10,6451
8227,巨有科技,18,0,18,永全-南崁,2023-07-10,6451
9907,統一實,18,0,18,永全-南崁,2023-07-10,6451
2353,宏��,17,0,17,永全-南崁,2023-07-10,6451
2449,京元電子,17,0,17,永全-南崁,2023-07-10,6451
2610,華航,23,6,17,永全-南崁,2023-07-10,6451
00878,國泰永續高股息,16,0,16,永全-南崁,2023-07-10,6451
3576,聯合再生,16,0,16,永全-南崁,2023-07-10,6451
6288,聯嘉,21,5,16,永全-南崁,2023-07-10,6451
2201,裕隆,17,2,15,永全-南崁,2023-07-10,6451
2617,台航,15,0,15,永全-南崁,2023-07-10,6451
2886,兆豐金,13,0,13,永全-南崁,2023-07-10,6451
4979,華星光,23,11,12,永全-南崁,2023-07-10,6451
3209,全科,11,0,11,永全-南崁,2023-07-10,6451
1409,新纖,10,0,10,永全-南崁,2023-07-10,6451
1447,力鵬,10,0,10,永全-南崁,2023-07-10,6451
00764B,群益25年美債,10,0,10,永全-南崁,2023-07-10,6451
00680L,元大美債20正2,10,0,10,永全-南崁,2023-07-10,6451
2444,兆勁,10,0,10,永全-南崁,2023-07-10,6451
4167,松瑞藥,10,0,10,永全-南崁,2023-07-10,6451
4503,金雨,10,0,10,永全-南崁,2023-07-10,6451
4523,永彰,20,10,10,永全-南崁,2023-07-10,6451
6491,晶碩,10,0,10,永全-南崁,2023-07-10,6451
8110,華東,10,0,10,永全-南崁,2023-07-10,6451
00679B,元大美債20年,9,0,9,永全-南崁,2023-07-10,6451
2344,華邦電,9,0,9,永全-南崁,2023-07-10,6451
2419,仲琦,20,11,9,永全-南崁,2023-07-10,6451
3178,公準,10,1,9,永全-南崁,2023-07-10,6451
2303,聯電,15,7,8,永全-南崁,2023-07-10,6451
1504,東元,11,3,8,永全-南崁,2023-07-10,6451
1618,合機,191,5,186,永全-南崁,2023-07-11,6451
2867,三商壽,150,0,150,永全-南崁,2023-07-11,6451
6005,群益證,160,30,130,永全-南崁,2023-07-11,6451
00673R,期元大S＆P原油反1,120,0,120,永全-南崁,2023-07-11,6451
00664R,國泰臺灣加權反1,100,0,100,永全-南崁,2023-07-11,6451
1471,首利,68,5,63,永全-南崁,2023-07-11,6451
2444,兆勁,71,10,61,永全-南崁,2023-07-11,6451
2609,陽明,57,15,42,永全-南崁,2023-07-11,6451
2340,台亞,66,25,41,永全-南崁,2023-07-11,6451
1101,台泥,33,0,33,永全-南崁,2023-07-11,6451
2399,映泰,30,0,30,永全-南崁,2023-07-11,6451
5519,隆大,29,0,29,永全-南崁,2023-07-11,6451
1609,大亞,46,22,24,永全-南崁,2023-07-11,6451
1522,堤維西,22,0,22,永全-南崁,2023-07-11,6451
3711,日月光投控,21,0,21,永全-南崁,2023-07-11,6451
6276,安鈦克,50,30,20,永全-南崁,2023-07-11,6451
8261,富鼎,20,0,20,永全-南崁,2023-07-11,6451
2457,飛宏,36,18,18,永全-南崁,2023-07-11,6451
3049,精金,18,0,18,永全-南崁,2023-07-11,6451
2342,茂矽,20,3,17,永全-南崁,2023-07-11,6451
2303,聯電,15,0,15,永全-南崁,2023-07-11,6451
4541,晟田,14,0,14,永全-南崁,2023-07-11,6451
2892,第一金,13,0,13,永全-南崁,2023-07-11,6451
3362,先進光,24,13,11,永全-南崁,2023-07-11,6451
00713,元大台灣高息低波,10,0,10,永全-南崁,2023-07-11,6451
2890,永豐金,10,0,10,永全-南崁,2023-07-11,6451
3060,銘異,10,0,10,永全-南崁,2023-07-11,6451
4526,東台,16,6,10,永全-南崁,2023-07-11,6451
4754,國碳科,10,0,10,永全-南崁,2023-07-11,6451
6197,佳必琪,12,2,10,永全-南崁,2023-07-11,6451
6470,宇智,10,0,10,永全-南崁,2023-07-11,6451
2515,中工,9,0,9,永全-南崁,2023-07-11,6451
4155,訊映,11,2,9,永全-南崁,2023-07-11,6451
5388,中磊,11,2,9,永全-南崁,2023-07-11,6451
3703,欣陸,8,0,8,永全-南崁,2023-07-11,6451
5009,榮剛,8,0,8,永全-南崁,2023-07-11,6451
6112,邁達特,8,0,8,永全-南崁,2023-07-11,6451
6531,愛普*,9,1,8,永全-南崁,2023-07-11,6451
2206,三陽工業,7,0,7,永全-南崁,2023-07-11,6451
2449,京元電子,8,1,7,永全-南崁,2023-07-11,6451
3521,鴻翊,7,0,7,永全-南崁,2023-07-11,6451
4532,瑞智,7,0,7,永全-南崁,2023-07-11,6451
6138,茂達,7,0,7,永全-南崁,2023-07-11,6451
2801,彰銀,7,0,7,永全-南崁,2023-07-11,6451
2468,華經,6,0,6,永全-南崁,2023-07-11,6451
2634,漢翔,13,7,6,永全-南崁,2023-07-11,6451
3029,零壹,6,0,6,永全-南崁,2023-07-11,6451
3289,宜特,7,1,6,永全-南崁,2023-07-11,6451
3363,上詮,21,15,6,永全-南崁,2023-07-11,6451
6278,台表科,6,0,6,永全-南崁,2023-07-11,6451
2344,華邦電,155,6,149,永全-南崁,2023-07-12,6451
2421,建準,66,6,60,永全-南崁,2023-07-12,6451
2356,英業達,75,25,50,永全-南崁,2023-07-12,6451
00715L,期街口布蘭特正2,50,7,43,永全-南崁,2023-07-12,6451
3607,谷崧,30,0,30,永全-南崁,2023-07-12,6451
1580,新麥,29,0,29,永全-南崁,2023-07-12,6451
2444,兆勁,30,1,29,永全-南崁,2023-07-12,6451
6285,啟��,35,7,28,永全-南崁,2023-07-12,6451
1314,中石化,25,0,25,永全-南崁,2023-07-12,6451
6175,立敦,25,0,25,永全-南崁,2023-07-12,6451
1447,力鵬,21,0,21,永全-南崁,2023-07-12,6451
00885,富邦越南,21,0,21,永全-南崁,2023-07-12,6451
00722B,群益投資級電信債,20,0,20,永全-南崁,2023-07-12,6451
3057,喬鼎,20,0,20,永全-南崁,2023-07-12,6451
5009,榮剛,20,0,20,永全-南崁,2023-07-12,6451
6205,詮欣,20,0,20,永全-南崁,2023-07-12,6451
9962,有益,20,0,20,永全-南崁,2023-07-12,6451
6282,康舒,38,19,19,永全-南崁,2023-07-12,6451
3017,奇鋐,28,10,18,永全-南崁,2023-07-12,6451
3363,上詮,21,3,18,永全-南崁,2023-07-12,6451
1513,中興電,27,10,17,永全-南崁,2023-07-12,6451
00905,FT臺灣Smart,17,0,17,永全-南崁,2023-07-12,6451
2457,飛宏,23,6,17,永全-南崁,2023-07-12,6451
2481,強茂,25,10,15,永全-南崁,2023-07-12,6451
3703,欣陸,15,0,15,永全-南崁,2023-07-12,6451
00882,中信中國高股息,14,0,14,永全-南崁,2023-07-12,6451
2303,聯電,16,2,14,永全-南崁,2023-07-12,6451
2409,友達,18,4,14,永全-南崁,2023-07-12,6451
3006,晶豪科,12,0,12,永全-南崁,2023-07-12,6451
6533,晶心科,12,0,12,永全-南崁,2023-07-12,6451
1710,東聯,11,0,11,永全-南崁,2023-07-12,6451
2705,六福,11,0,11,永全-南崁,2023-07-12,6451
8110,華東,11,0,11,永全-南崁,2023-07-12,6451
00895,富邦未來車,10,0,10,永全-南崁,2023-07-12,6451
2107,厚生,10,0,10,永全-南崁,2023-07-12,6451
2408,南亞科,10,0,10,永全-南崁,2023-07-12,6451
2748,雲品,10,0,10,永全-南崁,2023-07-12,6451
2851,中再保,10,0,10,永全-南崁,2023-07-12,6451
2890,永豐金,10,0,10,永全-南崁,2023-07-12,6451
3498,陽程,10,0,10,永全-南崁,2023-07-12,6451
3707,漢磊,12,2,10,永全-南崁,2023-07-12,6451
3570,大塚,9,0,9,永全-南崁,2023-07-12,6451
8210,勤誠,13,5,8,永全-南崁,2023-07-12,6451
1618,合機,10,2,8,永全-南崁,2023-07-12,6451
2498,宏達電,11,3,8,永全-南崁,2023-07-12,6451
6719,力智,8,0,8,永全-南崁,2023-07-12,6451
00637L,元大滬深300正2,19,12,7,永全-南崁,2023-07-12,6451
1905,華紙,7,0,7,永全-南崁,2023-07-12,6451
2323,中環,7,0,7,永全-南崁,2023-07-12,6451
2329,華泰,11,4,7,永全-南崁,2023-07-12,6451
00632R,元大台灣50反1,480,0,480,永全-南崁,2023-07-13,6451
6005,群益證,250,0,250,永全-南崁,2023-07-13,6451
2618,長榮航,183,21,162,永全-南崁,2023-07-13,6451
1442,名軒,140,0,140,永全-南崁,2023-07-13,6451
2610,華航,182,57,125,永全-南崁,2023-07-13,6451
1513,中興電,87,8,79,永全-南崁,2023-07-13,6451
2208,台船,72,0,72,永全-南崁,2023-07-13,6451
6290,良維,62,0,62,永全-南崁,2023-07-13,6451
2313,華通,52,3,49,永全-南崁,2023-07-13,6451
00929,復華台灣科技優息,40,0,40,永全-南崁,2023-07-13,6451
6443,元晶,35,0,35,永全-南崁,2023-07-13,6451
1609,大亞,32,4,28,永全-南崁,2023-07-13,6451
3231,緯創,38,10,28,永全-南崁,2023-07-13,6451
2603,長榮,63,37,26,永全-南崁,2023-07-13,6451
1503,士電,26,1,25,永全-南崁,2023-07-13,6451
2356,英業達,87,63,24,永全-南崁,2023-07-13,6451
6180,橘子,32,8,24,永全-南崁,2023-07-13,6451
2301,光寶科,41,18,23,永全-南崁,2023-07-13,6451
3062,建漢,22,0,22,永全-南崁,2023-07-13,6451
1447,力鵬,20,0,20,永全-南崁,2023-07-13,6451
2352,佳世達,76,56,20,永全-南崁,2023-07-13,6451
2867,三商壽,20,0,20,永全-南崁,2023-07-13,6451
5009,榮剛,20,0,20,永全-南崁,2023-07-13,6451
5905,南仁湖,20,0,20,永全-南崁,2023-07-13,6451
2399,映泰,18,0,18,永全-南崁,2023-07-13,6451
6282,康舒,44,26,18,永全-南崁,2023-07-13,6451
1514,亞力,18,1,17,永全-南崁,2023-07-13,6451
3057,喬鼎,27,10,17,永全-南崁,2023-07-13,6451
6104,創惟,16,0,16,永全-南崁,2023-07-13,6451
6414,樺漢,22,6,16,永全-南崁,2023-07-13,6451
3088,艾訊,14,0,14,永全-南崁,2023-07-13,6451
4123,晟德,15,1,14,永全-南崁,2023-07-13,6451
8155,博智,13,0,13,永全-南崁,2023-07-13,6451
00680L,元大美債20正2,13,0,13,永全-南崁,2023-07-13,6451
2303,聯電,24,11,13,永全-南崁,2023-07-13,6451
2324,仁寶,19,7,12,永全-南崁,2023-07-13,6451
2329,華泰,31,19,12,永全-南崁,2023-07-13,6451
5328,華容,12,0,12,永全-南崁,2023-07-13,6451
3045,台灣大,12,1,11,永全-南崁,2023-07-13,6451
1444,力麗,10,0,10,永全-南崁,2023-07-13,6451
00712,復華富時不動產,10,0,10,永全-南崁,2023-07-13,6451
1313,聯成,10,0,10,永全-南崁,2023-07-13,6451
1591,駿吉-KY,10,0,10,永全-南崁,2023-07-13,6451
1608,華榮,10,0,10,永全-南崁,2023-07-13,6451
2497,怡利電,10,0,10,永全-南崁,2023-07-13,6451
3587,閎康,10,0,10,永全-南崁,2023-07-13,6451
4128,中天,10,0,10,永全-南崁,2023-07-13,6451
6143,振曜,20,10,10,永全-南崁,2023-07-13,6451
8028,昇陽半導體,10,0,10,永全-南崁,2023-07-13,6451
1314,中石化,10,2,8,永全-南崁,2023-07-13,6451
00632R,元大台灣50反1,140,0,140,永全-南崁,2023-07-14,6451
2208,台船,110,0,110,永全-南崁,2023-07-14,6451
3033,威健,74,1,73,永全-南崁,2023-07-14,6451
2618,長榮航,117,56,61,永全-南崁,2023-07-14,6451
00712,復華富時不動產,51,0,51,永全-南崁,2023-07-14,6451
6191,精成科,51,1,50,永全-南崁,2023-07-14,6451
2449,京元電子,45,2,43,永全-南崁,2023-07-14,6451
00929,復華台灣科技優息,39,4,35,永全-南崁,2023-07-14,6451
2354,鴻準,31,0,31,永全-南崁,2023-07-14,6451
2812,台中銀,40,10,30,永全-南崁,2023-07-14,6451
1442,名軒,24,0,24,永全-南崁,2023-07-14,6451
2353,宏��,30,6,24,永全-南崁,2023-07-14,6451
3665,貿聯-KY,22,1,21,永全-南崁,2023-07-14,6451
3704,合勤控,24,3,21,永全-南崁,2023-07-14,6451
4566,時碩工業,21,0,21,永全-南崁,2023-07-14,6451
2495,普安,20,0,20,永全-南崁,2023-07-14,6451
3325,旭品,20,0,20,永全-南崁,2023-07-14,6451
3576,聯合再生,20,0,20,永全-南崁,2023-07-14,6451
4533,協易機,50,30,20,永全-南崁,2023-07-14,6451
6117,迎廣,20,0,20,永全-南崁,2023-07-14,6451
6276,安鈦克,30,10,20,永全-南崁,2023-07-14,6451
8034,榮群,21,1,20,永全-南崁,2023-07-14,6451
2340,台亞,24,5,19,永全-南崁,2023-07-14,6451
3046,建��,19,0,19,永全-南崁,2023-07-14,6451
3078,僑威,24,7,17,永全-南崁,2023-07-14,6451
2388,威盛,46,30,16,永全-南崁,2023-07-14,6451
8112,至上,31,15,16,永全-南崁,2023-07-14,6451
1609,大亞,22,7,15,永全-南崁,2023-07-14,6451
2382,廣達,86,72,14,永全-南崁,2023-07-14,6451
2421,建準,36,22,14,永全-南崁,2023-07-14,6451
5439,高技,14,0,14,永全-南崁,2023-07-14,6451
6188,廣明,44,30,14,永全-南崁,2023-07-14,6451
2885,元大金,20,8,12,永全-南崁,2023-07-14,6451
3444,利機,12,0,12,永全-南崁,2023-07-14,6451
2705,六福,12,1,11,永全-南崁,2023-07-14,6451
5009,榮剛,11,0,11,永全-南崁,2023-07-14,6451
6111,大宇資,11,0,11,永全-南崁,2023-07-14,6451
1708,東鹼,10,0,10,永全-南崁,2023-07-14,6451
2228,劍麟,20,10,10,永全-南崁,2023-07-14,6451
2312,金寶,10,0,10,永全-南崁,2023-07-14,6451
3017,奇鋐,19,9,10,永全-南崁,2023-07-14,6451
3217,優群,10,0,10,永全-南崁,2023-07-14,6451
3264,欣銓,10,0,10,永全-南崁,2023-07-14,6451
4147,中裕,10,0,10,永全-南崁,2023-07-14,6451
6443,元晶,12,2,10,永全-南崁,2023-07-14,6451
6531,愛普*,10,0,10,永全-南崁,2023-07-14,6451
3707,漢磊,10,1,9,永全-南崁,2023-07-14,6451
3029,零壹,15,7,8,永全-南崁,2023-07-14,6451
3032,偉訓,8,0,8,永全-南崁,2023-07-14,6451
3058,立德,8,0,8,永全-南崁,2023-07-14,6451
8059,凱碩,250,0,250,永全-南崁,2023-07-17,6451
00712,復華富時不動產,105,0,105,永全-南崁,2023-07-17,6451
00857B,永豐20年美公債,100,0,100,永全-南崁,2023-07-17,6451
00673R,期元大S＆P原油反1,70,0,70,永全-南崁,2023-07-17,6451
4175,杏一,70,0,70,永全-南崁,2023-07-17,6451
1447,力鵬,50,0,50,永全-南崁,2023-07-17,6451
5512,力麒,50,0,50,永全-南崁,2023-07-17,6451
3481,群創,55,13,42,永全-南崁,2023-07-17,6451
00929,復華台灣科技優息,92,61,31,永全-南崁,2023-07-17,6451
2371,大同,31,1,30,永全-南崁,2023-07-17,6451
2312,金寶,299,272,27,永全-南崁,2023-07-17,6451
5607,遠雄港,28,1,27,永全-南崁,2023-07-17,6451
6548,長科*,26,0,26,永全-南崁,2023-07-17,6451
3706,神達,25,2,23,永全-南崁,2023-07-17,6451
1471,首利,28,6,22,永全-南崁,2023-07-17,6451
3044,健鼎,22,0,22,永全-南崁,2023-07-17,6451
00882,中信中國高股息,21,0,21,永全-南崁,2023-07-17,6451
6285,啟��,24,3,21,永全-南崁,2023-07-17,6451
1101,台泥,20,0,20,永全-南崁,2023-07-17,6451
2324,仁寶,93,73,20,永全-南崁,2023-07-17,6451
2412,中華電,20,0,20,永全-南崁,2023-07-17,6451
2444,兆勁,20,0,20,永全-南崁,2023-07-17,6451
2801,彰銀,20,0,20,永全-南崁,2023-07-17,6451
6207,雷科,39,19,20,永全-南崁,2023-07-17,6451
6218,豪勉,30,11,19,永全-南崁,2023-07-17,6451
2342,茂矽,16,0,16,永全-南崁,2023-07-17,6451
6234,高僑,18,2,16,永全-南崁,2023-07-17,6451
6235,華孚,24,8,16,永全-南崁,2023-07-17,6451
4904,遠傳,15,0,15,永全-南崁,2023-07-17,6451
5328,華容,25,10,15,永全-南崁,2023-07-17,6451
2356,英業達,30,16,14,永全-南崁,2023-07-17,6451
4533,協易機,16,3,13,永全-南崁,2023-07-17,6451
4746,台耀,14,1,13,永全-南崁,2023-07-17,6451
1229,聯華,12,0,12,永全-南崁,2023-07-17,6451
00905,FT臺灣Smart,13,1,12,永全-南崁,2023-07-17,6451
5484,慧友,12,0,12,永全-南崁,2023-07-17,6451
6533,晶心科,12,0,12,永全-南崁,2023-07-17,6451
1711,永光,11,0,11,永全-南崁,2023-07-17,6451
3071,協禧,11,0,11,永全-南崁,2023-07-17,6451
3701,大眾控,11,0,11,永全-南崁,2023-07-17,6451
4306,炎洲,11,0,11,永全-南崁,2023-07-17,6451
6609,瀧澤科,11,0,11,永全-南崁,2023-07-17,6451
1474,弘裕,10,0,10,永全-南崁,2023-07-17,6451
2634,漢翔,20,10,10,永全-南崁,2023-07-17,6451
3037,欣興,21,11,10,永全-南崁,2023-07-17,6451
3049,精金,10,0,10,永全-南崁,2023-07-17,6451
3052,夆典,10,0,10,永全-南崁,2023-07-17,6451
4161,聿新科,10,0,10,永全-南崁,2023-07-17,6451
4566,時碩工業,10,0,10,永全-南崁,2023-07-17,6451
5351,鈺創,10,0,10,永全-南崁,2023-07-17,6451
6188,廣明,229,24,205,永全-南崁,2023-07-18,6451
2399,映泰,327,190,137,永全-南崁,2023-07-18,6451
2392,正崴,136,0,136,永全-南崁,2023-07-18,6451
2356,英業達,183,81,102,永全-南崁,2023-07-18,6451
0056,元大高股息,108,10,98,永全-南崁,2023-07-18,6451
00929,復華台灣科技優息,94,0,94,永全-南崁,2023-07-18,6451
2324,仁寶,202,108,94,永全-南崁,2023-07-18,6451
1513,中興電,89,11,78,永全-南崁,2023-07-18,6451
1503,士電,58,3,55,永全-南崁,2023-07-18,6451
2887,台新金,50,1,49,永全-南崁,2023-07-18,6451
2371,大同,50,14,36,永全-南崁,2023-07-18,6451
2609,陽明,194,161,33,永全-南崁,2023-07-18,6451
1789,神隆,56,25,31,永全-南崁,2023-07-18,6451
1313,聯成,31,1,30,永全-南崁,2023-07-18,6451
4510,高鋒,30,0,30,永全-南崁,2023-07-18,6451
6143,振曜,30,0,30,永全-南崁,2023-07-18,6451
00679B,元大美債20年,32,3,29,永全-南崁,2023-07-18,6451
3189,景碩,51,23,28,永全-南崁,2023-07-18,6451
6282,康舒,71,43,28,永全-南崁,2023-07-18,6451
6285,啟��,36,8,28,永全-南崁,2023-07-18,6451
00882,中信中國高股息,27,0,27,永全-南崁,2023-07-18,6451
3149,正達,39,13,26,永全-南崁,2023-07-18,6451
2332,友訊,25,0,25,永全-南崁,2023-07-18,6451
2425,承啟,27,3,24,永全-南崁,2023-07-18,6451
2408,南亞科,23,0,23,永全-南崁,2023-07-18,6451
4714,永捷,23,1,22,永全-南崁,2023-07-18,6451
3518,柏騰,21,0,21,永全-南崁,2023-07-18,6451
3706,神達,54,33,21,永全-南崁,2023-07-18,6451
5905,南仁湖,20,0,20,永全-南崁,2023-07-18,6451
6005,群益證,20,0,20,永全-南崁,2023-07-18,6451
6205,詮欣,20,0,20,永全-南崁,2023-07-18,6451
2888,新光金,18,0,18,永全-南崁,2023-07-18,6451
3024,憶聲,18,0,18,永全-南崁,2023-07-18,6451
2369,菱生,18,2,16,永全-南崁,2023-07-18,6451
0050,元大台灣50,15,0,15,永全-南崁,2023-07-18,6451
2331,精英,15,2,13,永全-南崁,2023-07-18,6451
4915,致伸,13,0,13,永全-南崁,2023-07-18,6451
8054,安國,13,0,13,永全-南崁,2023-07-18,6451
1618,合機,16,4,12,永全-南崁,2023-07-18,6451
3305,昇貿,14,2,12,永全-南崁,2023-07-18,6451
8034,榮群,12,0,12,永全-南崁,2023-07-18,6451
2312,金寶,76,65,11,永全-南崁,2023-07-18,6451
3484,崧騰,11,0,11,永全-南崁,2023-07-18,6451
3694,海華,13,2,11,永全-南崁,2023-07-18,6451
8358,金居,13,2,11,永全-南崁,2023-07-18,6451
1522,堤維西,10,0,10,永全-南崁,2023-07-18,6451
2405,輔信,10,0,10,永全-南崁,2023-07-18,6451
2485,兆赫,10,0,10,永全-南崁,2023-07-18,6451
3014,聯陽,10,0,10,永全-南崁,2023-07-18,6451
3498,陽程,10,0,10,永全-南崁,2023-07-18,6451
00632R,元大台灣50反1,390,0,390,永全-南崁,2023-07-19,6451
2867,三商壽,150,3,147,永全-南崁,2023-07-19,6451
2392,正崴,104,0,104,永全-南崁,2023-07-19,6451
0056,元大高股息,135,53,82,永全-南崁,2023-07-19,6451
3057,喬鼎,70,0,70,永全-南崁,2023-07-19,6451
3264,欣銓,94,28,66,永全-南崁,2023-07-19,6451
3706,神達,107,52,55,永全-南崁,2023-07-19,6451
1714,和桐,50,0,50,永全-南崁,2023-07-19,6451
1789,神隆,64,18,46,永全-南崁,2023-07-19,6451
9105,泰金寶-DR,93,52,41,永全-南崁,2023-07-19,6451
6205,詮欣,40,0,40,永全-南崁,2023-07-19,6451
00929,復華台灣科技優息,49,13,36,永全-南崁,2023-07-19,6451
2303,聯電,34,2,32,永全-南崁,2023-07-19,6451
2603,長榮,38,11,27,永全-南崁,2023-07-19,6451
1795,美時,29,6,23,永全-南崁,2023-07-19,6451
2342,茂矽,20,0,20,永全-南崁,2023-07-19,6451
3682,亞太電,20,0,20,永全-南崁,2023-07-19,6451
6218,豪勉,20,0,20,永全-南崁,2023-07-19,6451
0050,元大台灣50,17,0,17,永全-南崁,2023-07-19,6451
1710,東聯,17,0,17,永全-南崁,2023-07-19,6451
1101,台泥,18,1,17,永全-南崁,2023-07-19,6451
00900,富邦特選高股息30,16,0,16,永全-南崁,2023-07-19,6451
2409,友達,16,0,16,永全-南崁,2023-07-19,6451
6276,安鈦克,16,0,16,永全-南崁,2023-07-19,6451
5009,榮剛,15,0,15,永全-南崁,2023-07-19,6451
00679B,元大美債20年,20,6,14,永全-南崁,2023-07-19,6451
2351,順德,14,0,14,永全-南崁,2023-07-19,6451
2329,華泰,32,19,13,永全-南崁,2023-07-19,6451
8936,國統,13,0,13,永全-南崁,2023-07-19,6451
2402,毅嘉,12,0,12,永全-南崁,2023-07-19,6451
2481,強茂,13,1,12,永全-南崁,2023-07-19,6451
3704,合勤控,24,12,12,永全-南崁,2023-07-19,6451
6770,力積電,12,0,12,永全-南崁,2023-07-19,6451
2515,中工,11,0,11,永全-南崁,2023-07-19,6451
1503,士電,17,6,11,永全-南崁,2023-07-19,6451
00882,中信中國高股息,10,0,10,永全-南崁,2023-07-19,6451
2385,群光,10,0,10,永全-南崁,2023-07-19,6451
2882,國泰金,14,4,10,永全-南崁,2023-07-19,6451
2888,新光金,10,0,10,永全-南崁,2023-07-19,6451
3006,晶豪科,15,5,10,永全-南崁,2023-07-19,6451
3081,聯亞,10,0,10,永全-南崁,2023-07-19,6451
3169,亞信,10,0,10,永全-南崁,2023-07-19,6451
3703,欣陸,10,0,10,永全-南崁,2023-07-19,6451
4114,健喬,10,0,10,永全-南崁,2023-07-19,6451
6176,瑞儀,10,0,10,永全-南崁,2023-07-19,6451
6443,元晶,10,0,10,永全-南崁,2023-07-19,6451
2027,大成鋼,10,0,10,永全-南崁,2023-07-19,6451
2382,廣達,46,37,9,永全-南崁,2023-07-19,6451
3013,晟銘電,9,0,9,永全-南崁,2023-07-19,6451
2006,東和鋼鐵,10,2,8,永全-南崁,2023-07-19,6451
00632R,元大台灣50反1,240,0,240,永全-南崁,2023-07-20,6451
2405,輔信,253,13,240,永全-南崁,2023-07-20,6451
00712,復華富時不動產,77,0,77,永全-南崁,2023-07-20,6451
2303,聯電,56,2,54,永全-南崁,2023-07-20,6451
2867,三商壽,50,0,50,永全-南崁,2023-07-20,6451
0056,元大高股息,28,1,27,永全-南崁,2023-07-20,6451
1789,神隆,28,2,26,永全-南崁,2023-07-20,6451
1102,亞泥,24,0,24,永全-南崁,2023-07-20,6451
2324,仁寶,20,0,20,永全-南崁,2023-07-20,6451
3545,敦泰,30,10,20,永全-南崁,2023-07-20,6451
6531,愛普*,22,2,20,永全-南崁,2023-07-20,6451
2352,佳世達,101,82,19,永全-南崁,2023-07-20,6451
2610,華航,65,48,17,永全-南崁,2023-07-20,6451
4919,新唐,22,5,17,永全-南崁,2023-07-20,6451
6533,晶心科,15,0,15,永全-南崁,2023-07-20,6451
6770,力積電,15,1,14,永全-南崁,2023-07-20,6451
6811,宏�硌穈T,16,2,14,永全-南崁,2023-07-20,6451
3078,僑威,15,2,13,永全-南崁,2023-07-20,6451
3037,欣興,21,8,13,永全-南崁,2023-07-20,6451
2023,燁輝,13,1,12,永全-南崁,2023-07-20,6451
2885,元大金,12,0,12,永全-南崁,2023-07-20,6451
3014,聯陽,13,1,12,永全-南崁,2023-07-20,6451
6153,嘉聯益,12,0,12,永全-南崁,2023-07-20,6451
00878,國泰永續高股息,20,8,12,永全-南崁,2023-07-20,6451
2002,中鋼,11,0,11,永全-南崁,2023-07-20,6451
2427,三商電,10,0,10,永全-南崁,2023-07-20,6451
2457,飛宏,10,0,10,永全-南崁,2023-07-20,6451
3149,正達,10,0,10,永全-南崁,2023-07-20,6451
3444,利機,10,0,10,永全-南崁,2023-07-20,6451
3701,大眾控,15,5,10,永全-南崁,2023-07-20,6451
4114,健喬,10,0,10,永全-南崁,2023-07-20,6451
4938,和碩,15,5,10,永全-南崁,2023-07-20,6451
5425,台半,12,2,10,永全-南崁,2023-07-20,6451
5347,世界,9,0,9,永全-南崁,2023-07-20,6451
00679B,元大美債20年,10,2,8,永全-南崁,2023-07-20,6451
1618,合機,10,2,8,永全-南崁,2023-07-20,6451
2206,三陽工業,24,16,8,永全-南崁,2023-07-20,6451
4746,台耀,8,0,8,永全-南崁,2023-07-20,6451
1304,台聚,7,0,7,永全-南崁,2023-07-20,6451
1802,台玻,7,0,7,永全-南崁,2023-07-20,6451
2329,華泰,14,7,7,永全-南崁,2023-07-20,6451
3289,宜特,39,32,7,永全-南崁,2023-07-20,6451
3362,先進光,7,0,7,永全-南崁,2023-07-20,6451
6451,訊芯-KY,8,1,7,永全-南崁,2023-07-20,6451
00882,中信中國高股息,6,0,6,永全-南崁,2023-07-20,6451
2317,鴻海,6,0,6,永全-南崁,2023-07-20,6451
2436,偉詮電,18,12,6,永全-南崁,2023-07-20,6451
3260,威剛,6,0,6,永全-南崁,2023-07-20,6451
3324,雙鴻,7,1,6,永全-南崁,2023-07-20,6451
3588,通嘉,8,2,6,永全-南崁,2023-07-20,6451
9105,泰金寶-DR,90,0,90,永全-南崁,2023-07-21,6451
6235,華孚,82,5,77,永全-南崁,2023-07-21,6451
1101,台泥,64,0,64,永全-南崁,2023-07-21,6451
1605,華新,63,15,48,永全-南崁,2023-07-21,6451
2303,聯電,51,4,47,永全-南崁,2023-07-21,6451
4526,東台,41,0,41,永全-南崁,2023-07-21,6451
2382,廣達,100,65,35,永全-南崁,2023-07-21,6451
2405,輔信,34,0,34,永全-南崁,2023-07-21,6451
00903,富邦元宇宙,30,0,30,永全-南崁,2023-07-21,6451
8046,南電,29,0,29,永全-南崁,2023-07-21,6451
2371,大同,30,1,29,永全-南崁,2023-07-21,6451
2330,台積電,29,2,27,永全-南崁,2023-07-21,6451
2329,華泰,40,16,24,永全-南崁,2023-07-21,6451
3013,晟銘電,37,14,23,永全-南崁,2023-07-21,6451
2618,長榮航,26,4,22,永全-南崁,2023-07-21,6451
2317,鴻海,21,0,21,永全-南崁,2023-07-21,6451
1529,樂事綠能,22,2,20,永全-南崁,2023-07-21,6451
2609,陽明,23,3,20,永全-南崁,2023-07-21,6451
6143,振曜,20,0,20,永全-南崁,2023-07-21,6451
1513,中興電,81,63,18,永全-南崁,2023-07-21,6451
2027,大成鋼,22,5,17,永全-南崁,2023-07-21,6451
3338,泰碩,40,23,17,永全-南崁,2023-07-21,6451
1712,興農,16,0,16,永全-南崁,2023-07-21,6451
4961,天鈺,16,0,16,永全-南崁,2023-07-21,6451
00900,富邦特選高股息30,20,5,15,永全-南崁,2023-07-21,6451
1905,華紙,24,9,15,永全-南崁,2023-07-21,6451
2002,中鋼,15,0,15,永全-南崁,2023-07-21,6451
5009,榮剛,15,0,15,永全-南崁,2023-07-21,6451
6005,群益證,60,45,15,永全-南崁,2023-07-21,6451
2883,凱基金,22,8,14,永全-南崁,2023-07-21,6451
3450,聯鈞,14,0,14,永全-南崁,2023-07-21,6451
00929,復華台灣科技優息,13,0,13,永全-南崁,2023-07-21,6451
2353,宏��,16,3,13,永全-南崁,2023-07-21,6451
2723,美食-KY,13,0,13,永全-南崁,2023-07-21,6451
2340,台亞,12,0,12,永全-南崁,2023-07-21,6451
3567,逸昌,12,0,12,永全-南崁,2023-07-21,6451
3711,日月光投控,12,0,12,永全-南崁,2023-07-21,6451
4123,晟德,14,2,12,永全-南崁,2023-07-21,6451
1789,神隆,26,15,11,永全-南崁,2023-07-21,6451
3712,永崴投控,11,0,11,永全-南崁,2023-07-21,6451
5483,中美晶,15,4,11,永全-南崁,2023-07-21,6451
1504,東元,28,18,10,永全-南崁,2023-07-21,6451
00679B,元大美債20年,12,2,10,永全-南崁,2023-07-21,6451
1216,統一,10,0,10,永全-南崁,2023-07-21,6451
1231,聯華食,10,0,10,永全-南崁,2023-07-21,6451
2505,國揚,10,0,10,永全-南崁,2023-07-21,6451
2882,國泰金,10,0,10,永全-南崁,2023-07-21,6451
3006,晶豪科,10,0,10,永全-南崁,2023-07-21,6451
3490,單井,10,0,10,永全-南崁,2023-07-21,6451
5457,宣德,10,0,10,永全-南崁,2023-07-21,6451
1609,大亞,195,87,108,永全-南崁,2023-07-24,6451
3264,欣銓,100,0,100,永全-南崁,2023-07-24,6451
3481,群創,101,15,86,永全-南崁,2023-07-24,6451
2449,京元電子,64,0,64,永全-南崁,2023-07-24,6451
00712,復華富時不動產,50,0,50,永全-南崁,2023-07-24,6451
2505,國揚,39,0,39,永全-南崁,2023-07-24,6451
2461,光群雷,42,8,34,永全-南崁,2023-07-24,6451
2603,長榮,55,21,34,永全-南崁,2023-07-24,6451
2316,楠梓電,30,3,27,永全-南崁,2023-07-24,6451
00929,復華台灣科技優息,24,0,24,永全-南崁,2023-07-24,6451
4566,時碩工業,25,1,24,永全-南崁,2023-07-24,6451
6285,啟��,34,10,24,永全-南崁,2023-07-24,6451
6770,力積電,22,0,22,永全-南崁,2023-07-24,6451
2353,宏��,29,8,21,永全-南崁,2023-07-24,6451
2421,建準,33,12,21,永全-南崁,2023-07-24,6451
2492,華新科,22,1,21,永全-南崁,2023-07-24,6451
4510,高鋒,20,1,19,永全-南崁,2023-07-24,6451
5607,遠雄港,17,0,17,永全-南崁,2023-07-24,6451
1513,中興電,63,46,17,永全-南崁,2023-07-24,6451
2891,中信金,21,5,16,永全-南崁,2023-07-24,6451
6531,愛普*,19,3,16,永全-南崁,2023-07-24,6451
8210,勤誠,26,10,16,永全-南崁,2023-07-24,6451
1618,合機,13,0,13,永全-南崁,2023-07-24,6451
6026,福邦證,13,0,13,永全-南崁,2023-07-24,6451
3221,台嘉碩,12,0,12,永全-南崁,2023-07-24,6451
1503,士電,17,6,11,永全-南崁,2023-07-24,6451
1217,愛之味,11,0,11,永全-南崁,2023-07-24,6451
2887,台新金,11,0,11,永全-南崁,2023-07-24,6451
1102,亞泥,10,0,10,永全-南崁,2023-07-24,6451
00679B,元大美債20年,10,0,10,永全-南崁,2023-07-24,6451
00751B,元大AAA至A公司債,10,0,10,永全-南崁,2023-07-24,6451
2390,云辰,10,0,10,永全-南崁,2023-07-24,6451
3006,晶豪科,10,0,10,永全-南崁,2023-07-24,6451
3019,亞光,10,0,10,永全-南崁,2023-07-24,6451
3042,晶技,10,0,10,永全-南崁,2023-07-24,6451
3047,訊舟,10,0,10,永全-南崁,2023-07-24,6451
3260,威剛,10,0,10,永全-南崁,2023-07-24,6451
3483,力致,16,6,10,永全-南崁,2023-07-24,6451
6275,元山,10,0,10,永全-南崁,2023-07-24,6451
6282,康舒,41,31,10,永全-南崁,2023-07-24,6451
9945,潤泰新,12,2,10,永全-南崁,2023-07-24,6451
2618,長榮航,12,3,9,永全-南崁,2023-07-24,6451
3380,明泰,9,0,9,永全-南崁,2023-07-24,6451
3231,緯創,10,1,9,永全-南崁,2023-07-24,6451
3037,欣興,33,25,8,永全-南崁,2023-07-24,6451
5483,中美晶,13,5,8,永全-南崁,2023-07-24,6451
6125,廣運,12,4,8,永全-南崁,2023-07-24,6451
1584,精剛,7,0,7,永全-南崁,2023-07-24,6451
00882,中信中國高股息,7,0,7,永全-南崁,2023-07-24,6451
2606,裕民,7,0,7,永全-南崁,2023-07-24,6451
1815,富喬,125,8,117,永全-南崁,2023-07-25,6451
2888,新光金,110,2,108,永全-南崁,2023-07-25,6451
00632R,元大台灣50反1,102,0,102,永全-南崁,2023-07-25,6451
00712,復華富時不動產,101,0,101,永全-南崁,2023-07-25,6451
9105,泰金寶-DR,72,2,70,永全-南崁,2023-07-25,6451
00673R,期元大S＆P原油反1,62,0,62,永全-南崁,2023-07-25,6451
00878,國泰永續高股息,114,55,59,永全-南崁,2023-07-25,6451
1905,華紙,90,34,56,永全-南崁,2023-07-25,6451
1514,亞力,52,1,51,永全-南崁,2023-07-25,6451
3625,西勝,50,0,50,永全-南崁,2023-07-25,6451
3711,日月光投控,47,0,47,永全-南崁,2023-07-25,6451
2883,凱基金,53,12,41,永全-南崁,2023-07-25,6451
1605,華新,33,0,33,永全-南崁,2023-07-25,6451
2359,所羅門,31,2,29,永全-南崁,2023-07-25,6451
2316,楠梓電,32,4,28,永全-南崁,2023-07-25,6451
2355,敬鵬,30,2,28,永全-南崁,2023-07-25,6451
2382,廣達,54,29,25,永全-南崁,2023-07-25,6451
3013,晟銘電,25,4,21,永全-南崁,2023-07-25,6451
2618,長榮航,35,15,20,永全-南崁,2023-07-25,6451
6642,富致,20,0,20,永全-南崁,2023-07-25,6451
2461,光群雷,20,2,18,永全-南崁,2023-07-25,6451
2368,金像電,22,4,18,永全-南崁,2023-07-25,6451
2610,華航,29,12,17,永全-南崁,2023-07-25,6451
1447,力鵬,30,14,16,永全-南崁,2023-07-25,6451
3047,訊舟,15,0,15,永全-南崁,2023-07-25,6451
6276,安鈦克,15,0,15,永全-南崁,2023-07-25,6451
2408,南亞科,15,1,14,永全-南崁,2023-07-25,6451
3693,營邦,18,4,14,永全-南崁,2023-07-25,6451
2324,仁寶,19,7,12,永全-南崁,2023-07-25,6451
1471,首利,12,0,12,永全-南崁,2023-07-25,6451
5452,佶優,12,0,12,永全-南崁,2023-07-25,6451
6282,康舒,28,16,12,永全-南崁,2023-07-25,6451
2002,中鋼,13,2,11,永全-南崁,2023-07-25,6451
3014,聯陽,11,0,11,永全-南崁,2023-07-25,6451
2383,台光電,15,5,10,永全-南崁,2023-07-25,6451
2867,三商壽,50,40,10,永全-南崁,2023-07-25,6451
4942,嘉彰,10,0,10,永全-南崁,2023-07-25,6451
5392,能率,10,0,10,永全-南崁,2023-07-25,6451
6139,亞翔,10,0,10,永全-南崁,2023-07-25,6451
6269,台郡,10,0,10,永全-南崁,2023-07-25,6451
8011,台通,9,0,9,永全-南崁,2023-07-25,6451
6223,旺矽,20,11,9,永全-南崁,2023-07-25,6451
6188,廣明,28,20,8,永全-南崁,2023-07-25,6451
2201,裕隆,16,8,8,永全-南崁,2023-07-25,6451
8358,金居,30,22,8,永全-南崁,2023-07-25,6451
00679B,元大美債20年,7,0,7,永全-南崁,2023-07-25,6451
2303,聯電,8,1,7,永全-南崁,2023-07-25,6451
2630,亞航,7,0,7,永全-南崁,2023-07-25,6451
2887,台新金,10,3,7,永全-南崁,2023-07-25,6451
6203,海韻電,11,4,7,永全-南崁,2023-07-25,6451
6188,廣明,126,41,85,永全-南崁,2023-07-26,6451
00878,國泰永續高股息,117,39,78,永全-南崁,2023-07-26,6451
00929,復華台灣科技優息,77,0,77,永全-南崁,2023-07-26,6451
9105,泰金寶-DR,40,0,40,永全-南崁,2023-07-26,6451
6235,華孚,41,7,34,永全-南崁,2023-07-26,6451
1305,華夏,31,1,30,永全-南崁,2023-07-26,6451
2316,楠梓電,29,2,27,永全-南崁,2023-07-26,6451
2329,華泰,99,73,26,永全-南崁,2023-07-26,6451
2801,彰銀,46,20,26,永全-南崁,2023-07-26,6451
4123,晟德,25,0,25,永全-南崁,2023-07-26,6451
1504,東元,57,33,24,永全-南崁,2023-07-26,6451
2337,旺宏,24,2,22,永全-南崁,2023-07-26,6451
2344,華邦電,21,0,21,永全-南崁,2023-07-26,6451
5426,振發,31,10,21,永全-南崁,2023-07-26,6451
5880,合庫金,21,0,21,永全-南崁,2023-07-26,6451
6143,振曜,20,0,20,永全-南崁,2023-07-26,6451
3374,精材,20,1,19,永全-南崁,2023-07-26,6451
2382,廣達,99,80,19,永全-南崁,2023-07-26,6451
00712,復華富時不動產,18,0,18,永全-南崁,2023-07-26,6451
2353,宏��,17,2,15,永全-南崁,2023-07-26,6451
2399,映泰,14,0,14,永全-南崁,2023-07-26,6451
1313,聯成,15,2,13,永全-南崁,2023-07-26,6451
2637,慧洋-KY,13,0,13,永全-南崁,2023-07-26,6451
3006,晶豪科,13,0,13,永全-南崁,2023-07-26,6451
4532,瑞智,18,5,13,永全-南崁,2023-07-26,6451
2323,中環,22,10,12,永全-南崁,2023-07-26,6451
4533,協易機,16,4,12,永全-南崁,2023-07-26,6451
6841,長佳智能,14,2,12,永全-南崁,2023-07-26,6451
3044,健鼎,16,5,11,永全-南崁,2023-07-26,6451
3540,曜越,11,0,11,永全-南崁,2023-07-26,6451
6776,展�眥篕�,11,0,11,永全-南崁,2023-07-26,6451
6589,台康生技,10,0,10,永全-南崁,2023-07-26,6451
2515,中工,10,0,10,永全-南崁,2023-07-26,6451
2838,聯邦銀,10,0,10,永全-南崁,2023-07-26,6451
3047,訊舟,15,5,10,永全-南崁,2023-07-26,6451
4741,泓瀚,10,0,10,永全-南崁,2023-07-26,6451
6218,豪勉,10,0,10,永全-南崁,2023-07-26,6451
6835,圓裕,10,0,10,永全-南崁,2023-07-26,6451
8038,長園科,10,0,10,永全-南崁,2023-07-26,6451
2892,第一金,9,0,9,永全-南崁,2023-07-26,6451
6533,晶心科,10,1,9,永全-南崁,2023-07-26,6451
5478,智冠,8,0,8,永全-南崁,2023-07-26,6451
6657,華安,11,3,8,永全-南崁,2023-07-26,6451
2340,台亞,13,5,8,永全-南崁,2023-07-26,6451
1471,首利,19,12,7,永全-南崁,2023-07-26,6451
2354,鴻準,7,0,7,永全-南崁,2023-07-26,6451
3704,合勤控,8,1,7,永全-南崁,2023-07-26,6451
8054,安國,7,0,7,永全-南崁,2023-07-26,6451
6282,康舒,22,16,6,永全-南崁,2023-07-26,6451
2303,聯電,6,0,6,永全-南崁,2023-07-26,6451
1522,堤維西,135,2,133,永全-南崁,2023-07-27,6451
00900,富邦特選高股息30,60,12,48,永全-南崁,2023-07-27,6451
2618,長榮航,123,77,46,永全-南崁,2023-07-27,6451
6282,康舒,77,41,36,永全-南崁,2023-07-27,6451
4938,和碩,36,0,36,永全-南崁,2023-07-27,6451
3037,欣興,47,15,32,永全-南崁,2023-07-27,6451
00639,富邦深100,30,0,30,永全-南崁,2023-07-27,6451
5426,振發,30,0,30,永全-南崁,2023-07-27,6451
8034,榮群,30,0,30,永全-南崁,2023-07-27,6451
00929,復華台灣科技優息,29,0,29,永全-南崁,2023-07-27,6451
3481,群創,58,29,29,永全-南崁,2023-07-27,6451
3057,喬鼎,29,1,28,永全-南崁,2023-07-27,6451
3163,波若威,31,3,28,永全-南崁,2023-07-27,6451
2401,凌陽,30,3,27,永全-南崁,2023-07-27,6451
00679B,元大美債20年,26,0,26,永全-南崁,2023-07-27,6451
6203,海韻電,50,25,25,永全-南崁,2023-07-27,6451
2316,楠梓電,23,0,23,永全-南崁,2023-07-27,6451
00720B,元大投資級公司債,22,0,22,永全-南崁,2023-07-27,6451
3049,精金,32,10,22,永全-南崁,2023-07-27,6451
6874,倍力,22,1,21,永全-南崁,2023-07-27,6451
00632R,元大台灣50反1,20,1,19,永全-南崁,2023-07-27,6451
3078,僑威,29,13,16,永全-南崁,2023-07-27,6451
00878,國泰永續高股息,21,6,15,永全-南崁,2023-07-27,6451
6533,晶心科,15,0,15,永全-南崁,2023-07-27,6451
8046,南電,15,0,15,永全-南崁,2023-07-27,6451
3306,鼎天,24,10,14,永全-南崁,2023-07-27,6451
3706,神達,14,0,14,永全-南崁,2023-07-27,6451
2609,陽明,18,4,14,永全-南崁,2023-07-27,6451
3042,晶技,13,0,13,永全-南崁,2023-07-27,6451
2382,廣達,47,35,12,永全-南崁,2023-07-27,6451
2421,建準,48,36,12,永全-南崁,2023-07-27,6451
3017,奇鋐,27,15,12,永全-南崁,2023-07-27,6451
00902,中信電池及儲能,12,0,12,永全-南崁,2023-07-27,6451
3290,東浦,12,0,12,永全-南崁,2023-07-27,6451
3231,緯創,14,2,12,永全-南崁,2023-07-27,6451
2376,技嘉,18,7,11,永全-南崁,2023-07-27,6451
00680L,元大美債20正2,10,0,10,永全-南崁,2023-07-27,6451
2323,中環,10,0,10,永全-南崁,2023-07-27,6451
2489,瑞軒,10,0,10,永全-南崁,2023-07-27,6451
2515,中工,10,0,10,永全-南崁,2023-07-27,6451
2607,榮運,10,0,10,永全-南崁,2023-07-27,6451
2801,彰銀,10,0,10,永全-南崁,2023-07-27,6451
4529,淳紳,10,0,10,永全-南崁,2023-07-27,6451
2332,友訊,10,1,9,永全-南崁,2023-07-27,6451
2603,長榮,14,5,9,永全-南崁,2023-07-27,6451
2301,光寶科,15,7,8,永全-南崁,2023-07-27,6451
3455,由田,8,0,8,永全-南崁,2023-07-27,6451
6125,廣運,31,23,8,永全-南崁,2023-07-27,6451
2002,中鋼,11,4,7,永全-南崁,2023-07-27,6451
1504,東元,12,6,6,永全-南崁,2023-07-27,6451
2104,國際中橡,100,0,100,永全-南崁,2023-07-28,6451
6117,迎廣,81,2,79,永全-南崁,2023-07-28,6451
2888,新光金,78,5,73,永全-南崁,2023-07-28,6451
2323,中環,67,0,67,永全-南崁,2023-07-28,6451
2344,華邦電,52,0,52,永全-南崁,2023-07-28,6451
2891,中信金,74,26,48,永全-南崁,2023-07-28,6451
3289,宜特,51,6,45,永全-南崁,2023-07-28,6451
8050,廣積,46,3,43,永全-南崁,2023-07-28,6451
6016,康和證,41,0,41,永全-南崁,2023-07-28,6451
2027,大成鋼,37,0,37,永全-南崁,2023-07-28,6451
00900,富邦特選高股息30,40,10,30,永全-南崁,2023-07-28,6451
2105,正新,30,0,30,永全-南崁,2023-07-28,6451
3055,蔚華科,50,20,30,永全-南崁,2023-07-28,6451
3703,欣陸,30,0,30,永全-南崁,2023-07-28,6451
2316,楠梓電,29,0,29,永全-南崁,2023-07-28,6451
00720B,元大投資級公司債,26,0,26,永全-南崁,2023-07-28,6451
1905,華紙,70,46,24,永全-南崁,2023-07-28,6451
00712,復華富時不動產,22,0,22,永全-南崁,2023-07-28,6451
3025,星通,21,0,21,永全-南崁,2023-07-28,6451
1808,潤隆,20,0,20,永全-南崁,2023-07-28,6451
2303,聯電,37,17,20,永全-南崁,2023-07-28,6451
2329,華泰,85,67,18,永全-南崁,2023-07-28,6451
4533,協易機,22,4,18,永全-南崁,2023-07-28,6451
2340,台亞,20,3,17,永全-南崁,2023-07-28,6451
00902,中信電池及儲能,17,2,15,永全-南崁,2023-07-28,6451
3078,僑威,36,22,14,永全-南崁,2023-07-28,6451
3037,欣興,16,3,13,永全-南崁,2023-07-28,6451
3694,海華,18,5,13,永全-南崁,2023-07-28,6451
1903,士紙,13,1,12,永全-南崁,2023-07-28,6451
2371,大同,13,1,12,永全-南崁,2023-07-28,6451
2419,仲琦,12,0,12,永全-南崁,2023-07-28,6451
6642,富致,12,0,12,永全-南崁,2023-07-28,6451
3231,緯創,34,23,11,永全-南崁,2023-07-28,6451
2369,菱生,136,125,11,永全-南崁,2023-07-28,6451
00772B,中信高評級公司債,10,0,10,永全-南崁,2023-07-28,6451
1108,幸福,10,0,10,永全-南崁,2023-07-28,6451
1736,喬山,10,0,10,永全-南崁,2023-07-28,6451
1789,神隆,10,0,10,永全-南崁,2023-07-28,6451
2606,裕民,11,1,10,永全-南崁,2023-07-28,6451
2882,國泰金,10,0,10,永全-南崁,2023-07-28,6451
3617,碩天,10,0,10,永全-南崁,2023-07-28,6451
4128,中天,10,0,10,永全-南崁,2023-07-28,6451
5014,建錩,10,0,10,永全-南崁,2023-07-28,6451
1503,士電,9,0,9,永全-南崁,2023-07-28,6451
2002,中鋼,8,0,8,永全-南崁,2023-07-28,6451
2634,漢翔,9,1,8,永全-南崁,2023-07-28,6451
4961,天鈺,11,3,8,永全-南崁,2023-07-28,6451
5351,鈺創,9,1,8,永全-南崁,2023-07-28,6451
5443,均豪,10,2,8,永全-南崁,2023-07-28,6451
1810,和成,7,0,7,永全-南崁,2023-07-28,6451
2405,輔信,272,0,272,永全-南崁,2023-07-31,6451
00887,永豐中國科技50大,217,0,217,永全-南崁,2023-07-31,6451
8358,金居,130,7,123,永全-南崁,2023-07-31,6451
2888,新光金,130,10,120,永全-南崁,2023-07-31,6451
00878,國泰永續高股息,127,49,78,永全-南崁,2023-07-31,6451
2316,楠梓電,67,0,67,永全-南崁,2023-07-31,6451
1314,中石化,66,0,66,永全-南崁,2023-07-31,6451
2891,中信金,60,0,60,永全-南崁,2023-07-31,6451
5607,遠雄港,60,2,58,永全-南崁,2023-07-31,6451
8034,榮群,55,3,52,永全-南崁,2023-07-31,6451
0056,元大高股息,64,14,50,永全-南崁,2023-07-31,6451
5905,南仁湖,50,0,50,永全-南崁,2023-07-31,6451
6239,力成,50,0,50,永全-南崁,2023-07-31,6451
00900,富邦特選高股息30,45,0,45,永全-南崁,2023-07-31,6451
1522,堤維西,42,3,39,永全-南崁,2023-07-31,6451
3231,緯創,45,8,37,永全-南崁,2023-07-31,6451
2887,台新金,32,0,32,永全-南崁,2023-07-31,6451
2603,長榮,34,5,29,永全-南崁,2023-07-31,6451
2382,廣達,85,60,25,永全-南崁,2023-07-31,6451
6188,廣明,60,36,24,永全-南崁,2023-07-31,6451
2618,長榮航,23,0,23,永全-南崁,2023-07-31,6451
8011,台通,23,0,23,永全-南崁,2023-07-31,6451
6117,迎廣,22,0,22,永全-南崁,2023-07-31,6451
2897,王道銀行,20,0,20,永全-南崁,2023-07-31,6451
3374,精材,20,0,20,永全-南崁,2023-07-31,6451
2409,友達,21,2,19,永全-南崁,2023-07-31,6451
2881,富邦金,24,7,17,永全-南崁,2023-07-31,6451
3490,單井,17,0,17,永全-南崁,2023-07-31,6451
2303,聯電,37,21,16,永全-南崁,2023-07-31,6451
2329,華泰,47,31,16,永全-南崁,2023-07-31,6451
2369,菱生,26,10,16,永全-南崁,2023-07-31,6451
2421,建準,26,10,16,永全-南崁,2023-07-31,6451
4989,榮科,43,28,15,永全-南崁,2023-07-31,6451
6125,廣運,15,0,15,永全-南崁,2023-07-31,6451
2352,佳世達,14,0,14,永全-南崁,2023-07-31,6451
2014,中鴻,13,0,13,永全-南崁,2023-07-31,6451
2323,中環,12,0,12,永全-南崁,2023-07-31,6451
2402,毅嘉,12,0,12,永全-南崁,2023-07-31,6451
3033,威健,12,0,12,永全-南崁,2023-07-31,6451
3264,欣銓,15,3,12,永全-南崁,2023-07-31,6451
6282,康舒,81,69,12,永全-南崁,2023-07-31,6451
2427,三商電,11,0,11,永全-南崁,2023-07-31,6451
2486,一詮,13,2,11,永全-南崁,2023-07-31,6451
4979,華星光,13,2,11,永全-南崁,2023-07-31,6451
2301,光寶科,54,44,10,永全-南崁,2023-07-31,6451
2002,中鋼,10,0,10,永全-南崁,2023-07-31,6451
1303,南亞,10,0,10,永全-南崁,2023-07-31,6451
1591,駿吉-KY,10,0,10,永全-南崁,2023-07-31,6451
2545,皇翔,10,0,10,永全-南崁,2023-07-31,6451
2816,旺旺保,10,0,10,永全-南崁,2023-07-31,6451
2312,金寶,235,0,235,永全-南崁,2023-08-01,6451
00878,國泰永續高股息,145,74,71,永全-南崁,2023-08-01,6451
2891,中信金,80,20,60,永全-南崁,2023-08-01,6451
9105,泰金寶-DR,60,0,60,永全-南崁,2023-08-01,6451
2913,農林,63,5,58,永全-南崁,2023-08-01,6451
2449,京元電子,67,13,54,永全-南崁,2023-08-01,6451
2344,華邦電,48,1,47,永全-南崁,2023-08-01,6451
2363,矽統,55,10,45,永全-南崁,2023-08-01,6451
3163,波若威,39,4,35,永全-南崁,2023-08-01,6451
3693,營邦,43,12,31,永全-南崁,2023-08-01,6451
00923,群益台ESG低碳50,24,0,24,永全-南崁,2023-08-01,6451
8358,金居,28,4,24,永全-南崁,2023-08-01,6451
6016,康和證,23,0,23,永全-南崁,2023-08-01,6451
5388,中磊,22,1,21,永全-南崁,2023-08-01,6451
2316,楠梓電,20,0,20,永全-南崁,2023-08-01,6451
2359,所羅門,20,0,20,永全-南崁,2023-08-01,6451
3374,精材,20,0,20,永全-南崁,2023-08-01,6451
1513,中興電,28,9,19,永全-南崁,2023-08-01,6451
1504,東元,15,0,15,永全-南崁,2023-08-01,6451
2313,華通,15,0,15,永全-南崁,2023-08-01,6451
2323,中環,30,15,15,永全-南崁,2023-08-01,6451
2886,兆豐金,20,6,14,永全-南崁,2023-08-01,6451
00929,復華台灣科技優息,13,0,13,永全-南崁,2023-08-01,6451
3071,協禧,13,0,13,永全-南崁,2023-08-01,6451
6125,廣運,35,22,13,永全-南崁,2023-08-01,6451
3264,欣銓,12,0,12,永全-南崁,2023-08-01,6451
6239,力成,12,0,12,永全-南崁,2023-08-01,6451
2301,光寶科,32,21,11,永全-南崁,2023-08-01,6451
3041,揚智,11,0,11,永全-南崁,2023-08-01,6451
3346,麗清,11,0,11,永全-南崁,2023-08-01,6451
4979,華星光,12,1,11,永全-南崁,2023-08-01,6451
8277,商丞,11,0,11,永全-南崁,2023-08-01,6451
6282,康舒,70,60,10,永全-南崁,2023-08-01,6451
00915,凱基優選高股息30,10,0,10,永全-南崁,2023-08-01,6451
1784,訊聯,10,0,10,永全-南崁,2023-08-01,6451
2369,菱生,10,0,10,永全-南崁,2023-08-01,6451
2385,群光,10,0,10,永全-南崁,2023-08-01,6451
2412,中華電,10,0,10,永全-南崁,2023-08-01,6451
3029,零壹,20,10,10,永全-南崁,2023-08-01,6451
3673,TPK-KY,10,0,10,永全-南崁,2023-08-01,6451
4510,高鋒,10,0,10,永全-南崁,2023-08-01,6451
4989,榮科,10,0,10,永全-南崁,2023-08-01,6451
5864,致和證,10,0,10,永全-南崁,2023-08-01,6451
6234,高僑,10,0,10,永全-南崁,2023-08-01,6451
1789,神隆,9,0,9,永全-南崁,2023-08-01,6451
1210,大成,10,1,9,永全-南崁,2023-08-01,6451
1503,士電,20,12,8,永全-南崁,2023-08-01,6451
2303,聯電,12,4,8,永全-南崁,2023-08-01,6451
2382,廣達,100,93,7,永全-南崁,2023-08-01,6451
2408,南亞科,14,7,7,永全-南崁,2023-08-01,6451
2312,金寶,150,0,150,永全-南崁,2023-08-02,6451
00878,國泰永續高股息,165,57,108,永全-南崁,2023-08-02,6451
2382,廣達,125,33,92,永全-南崁,2023-08-02,6451
2301,光寶科,98,9,89,永全-南崁,2023-08-02,6451
2891,中信金,125,41,84,永全-南崁,2023-08-02,6451
3231,緯創,95,17,78,永全-南崁,2023-08-02,6451
3481,群創,64,1,63,永全-南崁,2023-08-02,6451
2323,中環,63,0,63,永全-南崁,2023-08-02,6451
2618,長榮航,78,15,63,永全-南崁,2023-08-02,6451
2883,凱基金,63,0,63,永全-南崁,2023-08-02,6451
3047,訊舟,61,0,61,永全-南崁,2023-08-02,6451
2888,新光金,51,1,50,永全-南崁,2023-08-02,6451
5905,南仁湖,50,0,50,永全-南崁,2023-08-02,6451
1314,中石化,48,0,48,永全-南崁,2023-08-02,6451
0056,元大高股息,87,42,45,永全-南崁,2023-08-02,6451
2882,國泰金,40,0,40,永全-南崁,2023-08-02,6451
6016,康和證,40,0,40,永全-南崁,2023-08-02,6451
00900,富邦特選高股息30,39,0,39,永全-南崁,2023-08-02,6451
2344,華邦電,37,0,37,永全-南崁,2023-08-02,6451
2610,華航,78,42,36,永全-南崁,2023-08-02,6451
2913,農林,44,9,35,永全-南崁,2023-08-02,6451
6116,彩晶,32,0,32,永全-南崁,2023-08-02,6451
2356,英業達,40,9,31,永全-南崁,2023-08-02,6451
3588,通嘉,29,0,29,永全-南崁,2023-08-02,6451
00923,群益台ESG低碳50,28,0,28,永全-南崁,2023-08-02,6451
00720B,元大投資級公司債,28,0,28,永全-南崁,2023-08-02,6451
00929,復華台灣科技優息,25,0,25,永全-南崁,2023-08-02,6451
3706,神達,25,1,24,永全-南崁,2023-08-02,6451
2409,友達,23,0,23,永全-南崁,2023-08-02,6451
6143,振曜,23,0,23,永全-南崁,2023-08-02,6451
6125,廣運,30,8,22,永全-南崁,2023-08-02,6451
2493,揚博,21,0,21,永全-南崁,2023-08-02,6451
1580,新麥,20,0,20,永全-南崁,2023-08-02,6451
1905,華紙,37,17,20,永全-南崁,2023-08-02,6451
1605,華新,169,152,17,永全-南崁,2023-08-02,6451
3025,星通,28,11,17,永全-南崁,2023-08-02,6451
6282,康舒,48,32,16,永全-南崁,2023-08-02,6451
1303,南亞,15,0,15,永全-南崁,2023-08-02,6451
3673,TPK-KY,15,0,15,永全-南崁,2023-08-02,6451
6456,GIS-KY,15,0,15,永全-南崁,2023-08-02,6451
4533,協易機,14,0,14,永全-南崁,2023-08-02,6451
00795B,中信美國公債20年,12,0,12,永全-南崁,2023-08-02,6451
2412,中華電,12,0,12,永全-南崁,2023-08-02,6451
2908,特力,12,0,12,永全-南崁,2023-08-02,6451
3374,精材,12,0,12,永全-南崁,2023-08-02,6451
3163,波若威,14,2,12,永全-南崁,2023-08-02,6451
00892,富邦台灣半導體,11,0,11,永全-南崁,2023-08-02,6451
8210,勤誠,11,0,11,永全-南崁,2023-08-02,6451
00679B,元大美債20年,10,0,10,永全-南崁,2023-08-02,6451
1558,伸興,10,0,10,永全-南崁,2023-08-02,6451
2891,中信金,161,5,156,永全-南崁,2023-08-04,6451
8930,青鋼,98,0,98,永全-南崁,2023-08-04,6451
2881,富邦金,80,0,80,永全-南崁,2023-08-04,6451
00712,復華富時不動產,67,0,67,永全-南崁,2023-08-04,6451
00882,中信中國高股息,50,0,50,永全-南崁,2023-08-04,6451
2344,華邦電,62,20,42,永全-南崁,2023-08-04,6451
00720B,元大投資級公司債,38,0,38,永全-南崁,2023-08-04,6451
00929,復華台灣科技優息,35,0,35,永全-南崁,2023-08-04,6451
3231,緯創,66,33,33,永全-南崁,2023-08-04,6451
2014,中鴻,36,6,30,永全-南崁,2023-08-04,6451
2887,台新金,30,0,30,永全-南崁,2023-08-04,6451
6016,康和證,30,0,30,永全-南崁,2023-08-04,6451
3264,欣銓,30,1,29,永全-南崁,2023-08-04,6451
00680L,元大美債20正2,27,0,27,永全-南崁,2023-08-04,6451
1605,華新,42,21,21,永全-南崁,2023-08-04,6451
1609,大亞,21,1,20,永全-南崁,2023-08-04,6451
2301,光寶科,21,2,19,永全-南崁,2023-08-04,6451
2913,農林,27,9,18,永全-南崁,2023-08-04,6451
4746,台耀,17,0,17,永全-南崁,2023-08-04,6451
2383,台光電,20,4,16,永全-南崁,2023-08-04,6451
2492,華新科,15,0,15,永全-南崁,2023-08-04,6451
2376,技嘉,27,13,14,永全-南崁,2023-08-04,6451
00772B,中信高評級公司債,13,0,13,永全-南崁,2023-08-04,6451
3034,聯詠,13,0,13,永全-南崁,2023-08-04,6451
00923,群益台ESG低碳50,12,0,12,永全-南崁,2023-08-04,6451
1785,光洋科,12,0,12,永全-南崁,2023-08-04,6451
00885,富邦越南,14,2,12,永全-南崁,2023-08-04,6451
1504,東元,11,0,11,永全-南崁,2023-08-04,6451
00900,富邦特選高股息30,10,0,10,永全-南崁,2023-08-04,6451
00688L,國泰20年美債正2,10,0,10,永全-南崁,2023-08-04,6451
1721,三晃,10,0,10,永全-南崁,2023-08-04,6451
1789,神隆,10,0,10,永全-南崁,2023-08-04,6451
2369,菱生,10,0,10,永全-南崁,2023-08-04,6451
2886,兆豐金,10,0,10,永全-南崁,2023-08-04,6451
2890,永豐金,10,0,10,永全-南崁,2023-08-04,6451
3014,聯陽,10,0,10,永全-南崁,2023-08-04,6451
3057,喬鼎,10,0,10,永全-南崁,2023-08-04,6451
3704,合勤控,10,0,10,永全-南崁,2023-08-04,6451
6167,久正,10,0,10,永全-南崁,2023-08-04,6451
6276,安鈦克,10,0,10,永全-南崁,2023-08-04,6451
8932,智通*,10,0,10,永全-南崁,2023-08-04,6451
2352,佳世達,11,2,9,永全-南崁,2023-08-04,6451
3013,晟銘電,9,0,9,永全-南崁,2023-08-04,6451
2023,燁輝,8,0,8,永全-南崁,2023-08-04,6451
2609,陽明,103,95,8,永全-南崁,2023-08-04,6451
3062,建漢,11,3,8,永全-南崁,2023-08-04,6451
6548,長科*,8,0,8,永全-南崁,2023-08-04,6451
8050,廣積,8,0,8,永全-南崁,2023-08-04,6451
1905,華紙,13,6,7,永全-南崁,2023-08-04,6451
2368,金像電,12,5,7,永全-南崁,2023-08-04,6451
6016,康和證,270,0,270,永全-南崁,2023-08-07,6451
00673R,期元大S＆P原油反1,60,0,60,永全-南崁,2023-08-07,6451
1905,華紙,60,6,54,永全-南崁,2023-08-07,6451
8930,青鋼,52,0,52,永全-南崁,2023-08-07,6451
6609,瀧澤科,50,5,45,永全-南崁,2023-08-07,6451
5009,榮剛,38,0,38,永全-南崁,2023-08-07,6451
4207,環泰,35,0,35,永全-南崁,2023-08-07,6451
2618,長榮航,73,41,32,永全-南崁,2023-08-07,6451
2610,華航,51,20,31,永全-南崁,2023-08-07,6451
6223,旺矽,28,0,28,永全-南崁,2023-08-07,6451
2603,長榮,46,20,26,永全-南崁,2023-08-07,6451
1742,台蠟,25,0,25,永全-南崁,2023-08-07,6451
00929,復華台灣科技優息,23,0,23,永全-南崁,2023-08-07,6451
1795,美時,21,0,21,永全-南崁,2023-08-07,6451
3011,今皓,20,0,20,永全-南崁,2023-08-07,6451
8390,金益鼎,19,0,19,永全-南崁,2023-08-07,6451
00907,永豐優息存股,18,0,18,永全-南崁,2023-08-07,6451
2891,中信金,37,20,17,永全-南崁,2023-08-07,6451
1104,環泥,15,0,15,永全-南崁,2023-08-07,6451
00923,群益台ESG低碳50,13,0,13,永全-南崁,2023-08-07,6451
2355,敬鵬,13,0,13,永全-南崁,2023-08-07,6451
6104,創惟,12,0,12,永全-南崁,2023-08-07,6451
00931B,統一美債20年,12,0,12,永全-南崁,2023-08-07,6451
2357,華碩,23,11,12,永全-南崁,2023-08-07,6451
2913,農林,13,1,12,永全-南崁,2023-08-07,6451
8299,群聯,12,0,12,永全-南崁,2023-08-07,6451
1904,正隆,11,0,11,永全-南崁,2023-08-07,6451
3037,欣興,16,5,11,永全-南崁,2023-08-07,6451
00751B,元大AAA至A公司債,10,0,10,永全-南崁,2023-08-07,6451
1618,合機,10,0,10,永全-南崁,2023-08-07,6451
2312,金寶,34,24,10,永全-南崁,2023-08-07,6451
4919,新唐,11,1,10,永全-南崁,2023-08-07,6451
5452,佶優,12,2,10,永全-南崁,2023-08-07,6451
6535,順藥,10,0,10,永全-南崁,2023-08-07,6451
00885,富邦越南,20,11,9,永全-南崁,2023-08-07,6451
2009,第一銅,10,1,9,永全-南崁,2023-08-07,6451
2340,台亞,10,1,9,永全-南崁,2023-08-07,6451
2409,友達,9,0,9,永全-南崁,2023-08-07,6451
6112,邁達特,10,1,9,永全-南崁,2023-08-07,6451
2630,亞航,11,2,9,永全-南崁,2023-08-07,6451
2468,華經,8,1,7,永全-南崁,2023-08-07,6451
6451,訊芯-KY,7,0,7,永全-南崁,2023-08-07,6451
0056,元大高股息,12,6,6,永全-南崁,2023-08-07,6451
00903,富邦元宇宙,6,0,6,永全-南崁,2023-08-07,6451
6176,瑞儀,6,0,6,永全-南崁,2023-08-07,6451
8081,致新,6,0,6,永全-南崁,2023-08-07,6451
00891,中信關鍵半導體,5,0,5,永全-南崁,2023-08-07,6451
00753L,中信中國50正2,5,0,5,永全-南崁,2023-08-07,6451
00752,中信中國50,5,0,5,永全-南崁,2023-08-07,6451
00637L,元大滬深300正2,5,0,5,永全-南崁,2023-08-07,6451
2610,華航,200,85,115,永全-南崁,2023-08-08,6451
2887,台新金,70,0,70,永全-南崁,2023-08-08,6451
00900,富邦特選高股息30,55,0,55,永全-南崁,2023-08-08,6451
2352,佳世達,53,3,50,永全-南崁,2023-08-08,6451
6609,瀧澤科,40,0,40,永全-南崁,2023-08-08,6451
3231,緯創,67,32,35,永全-南崁,2023-08-08,6451
2356,英業達,78,44,34,永全-南崁,2023-08-08,6451
2344,華邦電,41,10,31,永全-南崁,2023-08-08,6451
2891,中信金,41,11,30,永全-南崁,2023-08-08,6451
2883,凱基金,30,0,30,永全-南崁,2023-08-08,6451
8046,南電,28,3,25,永全-南崁,2023-08-08,6451
2382,廣達,77,53,24,永全-南崁,2023-08-08,6451
1504,東元,24,0,24,永全-南崁,2023-08-08,6451
6207,雷科,23,0,23,永全-南崁,2023-08-08,6451
3306,鼎天,24,4,20,永全-南崁,2023-08-08,6451
4510,高鋒,20,0,20,永全-南崁,2023-08-08,6451
1784,訊聯,20,1,19,永全-南崁,2023-08-08,6451
2303,聯電,24,5,19,永全-南崁,2023-08-08,6451
1533,車王電,18,0,18,永全-南崁,2023-08-08,6451
00929,復華台灣科技優息,24,6,18,永全-南崁,2023-08-08,6451
8027,鈦昇,23,6,17,永全-南崁,2023-08-08,6451
00637L,元大滬深300正2,20,5,15,永全-南崁,2023-08-08,6451
3025,星通,15,0,15,永全-南崁,2023-08-08,6451
00903,富邦元宇宙,14,0,14,永全-南崁,2023-08-08,6451
2888,新光金,16,2,14,永全-南崁,2023-08-08,6451
1618,合機,13,0,13,永全-南崁,2023-08-08,6451
2313,華通,18,5,13,永全-南崁,2023-08-08,6451
3264,欣銓,12,0,12,永全-南崁,2023-08-08,6451
6527,明達醫,12,0,12,永全-南崁,2023-08-08,6451
2323,中環,13,1,12,永全-南崁,2023-08-08,6451
0056,元大高股息,18,7,11,永全-南崁,2023-08-08,6451
2634,漢翔,18,7,11,永全-南崁,2023-08-08,6451
3022,威強電,11,0,11,永全-南崁,2023-08-08,6451
00878,國泰永續高股息,21,11,10,永全-南崁,2023-08-08,6451
00891,中信關鍵半導體,10,0,10,永全-南崁,2023-08-08,6451
1591,駿吉-KY,10,0,10,永全-南崁,2023-08-08,6451
2486,一詮,10,0,10,永全-南崁,2023-08-08,6451
6104,創惟,10,0,10,永全-南崁,2023-08-08,6451
6120,達運,10,0,10,永全-南崁,2023-08-08,6451
8028,昇陽半導體,10,0,10,永全-南崁,2023-08-08,6451
8054,安國,10,0,10,永全-南崁,2023-08-08,6451
8222,寶一,11,1,10,永全-南崁,2023-08-08,6451
00923,群益台ESG低碳50,9,0,9,永全-南崁,2023-08-08,6451
2458,義隆,9,0,9,永全-南崁,2023-08-08,6451
2630,亞航,9,0,9,永全-南崁,2023-08-08,6451
3325,旭品,14,5,9,永全-南崁,2023-08-08,6451
3580,友威科,14,5,9,永全-南崁,2023-08-08,6451
8070,長華*,9,0,9,永全-南崁,2023-08-08,6451
6443,元晶,9,0,9,永全-南崁,2023-08-08,6451
1503,士電,12,4,8,永全-南崁,2023-08-08,6451
00929,復華台灣科技優息,65,0,65,永全-南崁,2023-08-09,6451
2540,愛山林,60,0,60,永全-南崁,2023-08-09,6451
6282,康舒,69,13,56,永全-南崁,2023-08-09,6451
1608,華榮,52,0,52,永全-南崁,2023-08-09,6451
5905,南仁湖,50,0,50,永全-南崁,2023-08-09,6451
6005,群益證,50,0,50,永全-南崁,2023-08-09,6451
2505,國揚,33,0,33,永全-南崁,2023-08-09,6451
2880,華南金,33,0,33,永全-南崁,2023-08-09,6451
3231,緯創,76,43,33,永全-南崁,2023-08-09,6451
2888,新光金,34,3,31,永全-南崁,2023-08-09,6451
00882,中信中國高股息,20,0,20,永全-南崁,2023-08-09,6451
1231,聯華食,20,0,20,永全-南崁,2023-08-09,6451
00772B,中信高評級公司債,20,0,20,永全-南崁,2023-08-09,6451
6257,矽格,20,0,20,永全-南崁,2023-08-09,6451
6609,瀧澤科,20,0,20,永全-南崁,2023-08-09,6451
3060,銘異,19,0,19,永全-南崁,2023-08-09,6451
6143,振曜,18,0,18,永全-南崁,2023-08-09,6451
2356,英業達,24,7,17,永全-南崁,2023-08-09,6451
1447,力鵬,16,0,16,永全-南崁,2023-08-09,6451
0056,元大高股息,30,16,14,永全-南崁,2023-08-09,6451
2634,漢翔,18,6,12,永全-南崁,2023-08-09,6451
2882,國泰金,11,0,11,永全-南崁,2023-08-09,6451
2357,華碩,17,7,10,永全-南崁,2023-08-09,6451
3163,波若威,11,1,10,永全-南崁,2023-08-09,6451
3252,海灣,10,0,10,永全-南崁,2023-08-09,6451
5009,榮剛,10,0,10,永全-南崁,2023-08-09,6451
5608,四維航,10,0,10,永全-南崁,2023-08-09,6451
6116,彩晶,10,0,10,永全-南崁,2023-08-09,6451
6770,力積電,10,0,10,永全-南崁,2023-08-09,6451
8299,群聯,10,0,10,永全-南崁,2023-08-09,6451
1605,華新,27,18,9,永全-南崁,2023-08-09,6451
00923,群益台ESG低碳50,9,0,9,永全-南崁,2023-08-09,6451
3022,威強電,10,1,9,永全-南崁,2023-08-09,6451
5353,台林,9,0,9,永全-南崁,2023-08-09,6451
2492,華新科,12,4,8,永全-南崁,2023-08-09,6451
00878,國泰永續高股息,7,0,7,永全-南崁,2023-08-09,6451
2344,華邦電,17,10,7,永全-南崁,2023-08-09,6451
2486,一詮,7,0,7,永全-南崁,2023-08-09,6451
5425,台半,8,1,7,永全-南崁,2023-08-09,6451
6147,頎邦,7,0,7,永全-南崁,2023-08-09,6451
8210,勤誠,8,1,7,永全-南崁,2023-08-09,6451
9944,新麗,11,4,7,永全-南崁,2023-08-09,6451
3042,晶技,6,0,6,永全-南崁,2023-08-09,6451
6114,久威,6,0,6,永全-南崁,2023-08-09,6451
6285,啟��,6,0,6,永全-南崁,2023-08-09,6451
6527,明達醫,6,0,6,永全-南崁,2023-08-09,6451
6874,倍力,7,1,6,永全-南崁,2023-08-09,6451
2892,第一金,10,5,5,永全-南崁,2023-08-09,6451
1905,華紙,7,2,5,永全-南崁,2023-08-09,6451
1444,力麗,5,0,5,永全-南崁,2023-08-09,6451
1447,力鵬,140,0,140,永全-南崁,2023-08-10,6451
6016,康和證,101,0,101,永全-南崁,2023-08-10,6451
2867,三商壽,100,0,100,永全-南崁,2023-08-10,6451
3481,群創,115,19,96,永全-南崁,2023-08-10,6451
8227,巨有科技,69,0,69,永全-南崁,2023-08-10,6451
2610,華航,99,39,60,永全-南崁,2023-08-10,6451
6005,群益證,60,0,60,永全-南崁,2023-08-10,6451
00878,國泰永續高股息,57,0,57,永全-南崁,2023-08-10,6451
2382,廣達,67,15,52,永全-南崁,2023-08-10,6451
0056,元大高股息,40,0,40,永全-南崁,2023-08-10,6451
00929,復華台灣科技優息,40,0,40,永全-南崁,2023-08-10,6451
00900,富邦特選高股息30,38,0,38,永全-南崁,2023-08-10,6451
6282,康舒,67,35,32,永全-南崁,2023-08-10,6451
2323,中環,31,1,30,永全-南崁,2023-08-10,6451
8936,國統,30,0,30,永全-南崁,2023-08-10,6451
2363,矽統,55,26,29,永全-南崁,2023-08-10,6451
3037,欣興,34,7,27,永全-南崁,2023-08-10,6451
8358,金居,24,0,24,永全-南崁,2023-08-10,6451
2376,技嘉,31,8,23,永全-南崁,2023-08-10,6451
2609,陽明,23,0,23,永全-南崁,2023-08-10,6451
6139,亞翔,22,0,22,永全-南崁,2023-08-10,6451
2368,金像電,26,6,20,永全-南崁,2023-08-10,6451
1303,南亞,20,0,20,永全-南崁,2023-08-10,6451
3060,銘異,20,0,20,永全-南崁,2023-08-10,6451
9944,新麗,19,2,17,永全-南崁,2023-08-10,6451
2355,敬鵬,15,0,15,永全-南崁,2023-08-10,6451
2449,京元電子,15,0,15,永全-南崁,2023-08-10,6451
2834,臺企銀,15,0,15,永全-南崁,2023-08-10,6451
1471,首利,14,0,14,永全-南崁,2023-08-10,6451
8996,高力,17,3,14,永全-南崁,2023-08-10,6451
00673R,期元大S＆P原油反1,13,0,13,永全-南崁,2023-08-10,6451
3017,奇鋐,14,1,13,永全-南崁,2023-08-10,6451
3231,緯創,41,28,13,永全-南崁,2023-08-10,6451
1802,台玻,12,0,12,永全-南崁,2023-08-10,6451
2371,大同,14,2,12,永全-南崁,2023-08-10,6451
2883,凱基金,22,10,12,永全-南崁,2023-08-10,6451
0050,元大台灣50,11,0,11,永全-南崁,2023-08-10,6451
3289,宜特,11,0,11,永全-南崁,2023-08-10,6451
00882,中信中國高股息,10,0,10,永全-南崁,2023-08-10,6451
2324,仁寶,11,1,10,永全-南崁,2023-08-10,6451
2313,華通,12,2,10,永全-南崁,2023-08-10,6451
2913,農林,10,0,10,永全-南崁,2023-08-10,6451
00923,群益台ESG低碳50,10,0,10,永全-南崁,2023-08-10,6451
1605,華新,36,26,10,永全-南崁,2023-08-10,6451
1708,東鹼,10,0,10,永全-南崁,2023-08-10,6451
1736,喬山,10,0,10,永全-南崁,2023-08-10,6451
2401,凌陽,10,0,10,永全-南崁,2023-08-10,6451
2882,國泰金,10,0,10,永全-南崁,2023-08-10,6451
2884,玉山金,10,0,10,永全-南崁,2023-08-10,6451
2887,台新金,10,0,10,永全-南崁,2023-08-10,6451
3481,群創,124,0,124,永全-南崁,2023-08-11,6451
1447,力鵬,74,0,74,永全-南崁,2023-08-11,6451
00878,國泰永續高股息,59,6,53,永全-南崁,2023-08-11,6451
6205,詮欣,51,1,50,永全-南崁,2023-08-11,6451
3231,緯創,69,28,41,永全-南崁,2023-08-11,6451
00893,國泰智能電動車,40,0,40,永全-南崁,2023-08-11,6451
2363,矽統,57,20,37,永全-南崁,2023-08-11,6451
00673R,期元大S＆P原油反1,30,0,30,永全-南崁,2023-08-11,6451
8936,國統,26,0,26,永全-南崁,2023-08-11,6451
00900,富邦特選高股息30,23,0,23,永全-南崁,2023-08-11,6451
2204,中華,20,0,20,永全-南崁,2023-08-11,6451
2851,中再保,20,0,20,永全-南崁,2023-08-11,6451
2885,元大金,20,0,20,永全-南崁,2023-08-11,6451
3264,欣銓,20,0,20,永全-南崁,2023-08-11,6451
8039,台虹,20,0,20,永全-南崁,2023-08-11,6451
8050,廣積,25,7,18,永全-南崁,2023-08-11,6451
2313,華通,19,2,17,永全-南崁,2023-08-11,6451
2002,中鋼,17,0,17,永全-南崁,2023-08-11,6451
00896,中信綠能及電動車,15,0,15,永全-南崁,2023-08-11,6451
2409,友達,14,0,14,永全-南崁,2023-08-11,6451
00631L,元大台灣50正2,14,0,14,永全-南崁,2023-08-11,6451
1609,大亞,14,0,14,永全-南崁,2023-08-11,6451
3694,海華,15,1,14,永全-南崁,2023-08-11,6451
1522,堤維西,13,0,13,永全-南崁,2023-08-11,6451
2421,建準,14,1,13,永全-南崁,2023-08-11,6451
5009,榮剛,13,0,13,永全-南崁,2023-08-11,6451
4533,協易機,12,0,12,永全-南崁,2023-08-11,6451
0056,元大高股息,15,4,11,永全-南崁,2023-08-11,6451
2883,凱基金,11,0,11,永全-南崁,2023-08-11,6451
2887,台新金,11,0,11,永全-南崁,2023-08-11,6451
3071,協禧,12,1,11,永全-南崁,2023-08-11,6451
6269,台郡,11,0,11,永全-南崁,2023-08-11,6451
8299,群聯,11,0,11,永全-南崁,2023-08-11,6451
8996,高力,11,0,11,永全-南崁,2023-08-11,6451
00919,群益台灣精選高息,10,0,10,永全-南崁,2023-08-11,6451
00907,永豐優息存股,10,0,10,永全-南崁,2023-08-11,6451
1452,宏益,10,0,10,永全-南崁,2023-08-11,6451
2356,英業達,23,13,10,永全-南崁,2023-08-11,6451
2390,云辰,10,0,10,永全-南崁,2023-08-11,6451
3057,喬鼎,10,0,10,永全-南崁,2023-08-11,6451
3363,上詮,10,0,10,永全-南崁,2023-08-11,6451
6182,合晶,10,0,10,永全-南崁,2023-08-11,6451
6609,瀧澤科,10,0,10,永全-南崁,2023-08-11,6451
8072,陞泰,10,0,10,永全-南崁,2023-08-11,6451
00931B,統一美債20年,9,0,9,永全-南崁,2023-08-11,6451
2618,長榮航,112,103,9,永全-南崁,2023-08-11,6451
3163,波若威,16,8,8,永全-南崁,2023-08-11,6451
4541,晟田,8,0,8,永全-南崁,2023-08-11,6451
4942,嘉彰,8,0,8,永全-南崁,2023-08-11,6451
9944,新麗,8,0,8,永全-南崁,2023-08-11,6451
2538,基泰,333,2,331,永全-南崁,2023-08-14,6451
2891,中信金,160,25,135,永全-南崁,2023-08-14,6451
3481,群創,100,0,100,永全-南崁,2023-08-14,6451
00900,富邦特選高股息30,92,3,89,永全-南崁,2023-08-14,6451
00878,國泰永續高股息,86,0,86,永全-南崁,2023-08-14,6451
9105,泰金寶-DR,80,0,80,永全-南崁,2023-08-14,6451
00929,復華台灣科技優息,67,0,67,永全-南崁,2023-08-14,6451
3078,僑威,68,2,66,永全-南崁,2023-08-14,6451
2610,華航,86,23,63,永全-南崁,2023-08-14,6451
6770,力積電,46,4,42,永全-南崁,2023-08-14,6451
2323,中環,59,22,37,永全-南崁,2023-08-14,6451
2883,凱基金,37,4,33,永全-南崁,2023-08-14,6451
1447,力鵬,30,0,30,永全-南崁,2023-08-14,6451
2887,台新金,30,0,30,永全-南崁,2023-08-14,6451
2888,新光金,30,0,30,永全-南崁,2023-08-14,6451
00923,群益台ESG低碳50,28,0,28,永全-南崁,2023-08-14,6451
00882,中信中國高股息,27,0,27,永全-南崁,2023-08-14,6451
2303,聯電,28,4,24,永全-南崁,2023-08-14,6451
2882,國泰金,34,10,24,永全-南崁,2023-08-14,6451
3567,逸昌,27,5,22,永全-南崁,2023-08-14,6451
5009,榮剛,21,0,21,永全-南崁,2023-08-14,6451
6143,振曜,21,0,21,永全-南崁,2023-08-14,6451
00857B,永豐20年美公債,20,0,20,永全-南崁,2023-08-14,6451
2002,中鋼,20,0,20,永全-南崁,2023-08-14,6451
2440,太空梭,20,0,20,永全-南崁,2023-08-14,6451
6005,群益證,20,0,20,永全-南崁,2023-08-14,6451
6605,帝寶,20,0,20,永全-南崁,2023-08-14,6451
0056,元大高股息,17,0,17,永全-南崁,2023-08-14,6451
2834,臺企銀,17,0,17,永全-南崁,2023-08-14,6451
2354,鴻準,15,0,15,永全-南崁,2023-08-14,6451
2421,建準,25,10,15,永全-南崁,2023-08-14,6451
2371,大同,15,1,14,永全-南崁,2023-08-14,6451
6188,廣明,89,75,14,永全-南崁,2023-08-14,6451
3006,晶豪科,11,0,11,永全-南崁,2023-08-14,6451
3060,銘異,11,0,11,永全-南崁,2023-08-14,6451
6269,台郡,11,0,11,永全-南崁,2023-08-14,6451
00907,永豐優息存股,10,0,10,永全-南崁,2023-08-14,6451
00665L,富邦�琤肭磪囓�2,25,15,10,永全-南崁,2023-08-14,6451
00706L,期元大S＆P日圓正2,10,0,10,永全-南崁,2023-08-14,6451
1611,中電,10,0,10,永全-南崁,2023-08-14,6451
1802,台玻,10,0,10,永全-南崁,2023-08-14,6451
2014,中鴻,10,0,10,永全-南崁,2023-08-14,6451
2401,凌陽,10,0,10,永全-南崁,2023-08-14,6451
3045,台灣大,10,0,10,永全-南崁,2023-08-14,6451
4540,全球傳動,10,0,10,永全-南崁,2023-08-14,6451
4942,嘉彰,10,0,10,永全-南崁,2023-08-14,6451
6139,亞翔,10,0,10,永全-南崁,2023-08-14,6451
8034,榮群,10,0,10,永全-南崁,2023-08-14,6451
8426,紅木-KY,10,0,10,永全-南崁,2023-08-14,6451
1444,力麗,9,0,9,永全-南崁,2023-08-14,6451
6589,台康生技,60,0,60,永全-南崁,2023-08-15,6451
2891,中信金,51,0,51,永全-南崁,2023-08-15,6451
2867,三商壽,50,0,50,永全-南崁,2023-08-15,6451
00929,復華台灣科技優息,84,35,49,永全-南崁,2023-08-15,6451
2887,台新金,42,1,41,永全-南崁,2023-08-15,6451
00857B,永豐20年美公債,40,0,40,永全-南崁,2023-08-15,6451
00923,群益台ESG低碳50,35,0,35,永全-南崁,2023-08-15,6451
00679B,元大美債20年,32,0,32,永全-南崁,2023-08-15,6451
2337,旺宏,30,0,30,永全-南崁,2023-08-15,6451
6117,迎廣,26,1,25,永全-南崁,2023-08-15,6451
2317,鴻海,24,0,24,永全-南崁,2023-08-15,6451
6205,詮欣,20,0,20,永全-南崁,2023-08-15,6451
2002,中鋼,16,0,16,永全-南崁,2023-08-15,6451
2027,大成鋼,16,0,16,永全-南崁,2023-08-15,6451
3481,群創,16,3,13,永全-南崁,2023-08-15,6451
2884,玉山金,12,0,12,永全-南崁,2023-08-15,6451
0050,元大台灣50,11,0,11,永全-南崁,2023-08-15,6451
5483,中美晶,11,0,11,永全-南崁,2023-08-15,6451
8016,矽創,11,0,11,永全-南崁,2023-08-15,6451
2603,長榮,19,9,10,永全-南崁,2023-08-15,6451
2204,中華,10,0,10,永全-南崁,2023-08-15,6451
2369,菱生,10,0,10,永全-南崁,2023-08-15,6451
2852,第一保,10,0,10,永全-南崁,2023-08-15,6451
2618,長榮航,64,54,10,永全-南崁,2023-08-15,6451
00919,群益台灣精選高息,8,0,8,永全-南崁,2023-08-15,6451
3163,波若威,16,8,8,永全-南崁,2023-08-15,6451
5443,均豪,8,0,8,永全-南崁,2023-08-15,6451
6203,海韻電,10,2,8,永全-南崁,2023-08-15,6451
00882,中信中國高股息,7,0,7,永全-南崁,2023-08-15,6451
2006,東和鋼鐵,7,0,7,永全-南崁,2023-08-15,6451
3021,鴻名,10,3,7,永全-南崁,2023-08-15,6451
6116,彩晶,7,0,7,永全-南崁,2023-08-15,6451
6274,台燿,8,2,6,永全-南崁,2023-08-15,6451
1304,台聚,5,0,5,永全-南崁,2023-08-15,6451
1308,亞聚,5,0,5,永全-南崁,2023-08-15,6451
1721,三晃,5,0,5,永全-南崁,2023-08-15,6451
2419,仲琦,5,0,5,永全-南崁,2023-08-15,6451
2634,漢翔,8,3,5,永全-南崁,2023-08-15,6451
3169,亞信,5,0,5,永全-南崁,2023-08-15,6451
5864,致和證,5,0,5,永全-南崁,2023-08-15,6451
6139,亞翔,5,0,5,永全-南崁,2023-08-15,6451
6667,信紘科,10,5,5,永全-南崁,2023-08-15,6451
8021,尖點,5,0,5,永全-南崁,2023-08-15,6451
1326,台化,5,0,5,永全-南崁,2023-08-15,6451
2882,國泰金,5,0,5,永全-南崁,2023-08-15,6451
2610,華航,25,21,4,永全-南崁,2023-08-15,6451
00900,富邦特選高股息30,4,0,4,永全-南崁,2023-08-15,6451
1303,南亞,5,1,4,永全-南崁,2023-08-15,6451
1618,合機,4,0,4,永全-南崁,2023-08-15,6451
2353,宏��,9,5,4,永全-南崁,2023-08-15,6451
3481,群創,130,0,130,永全-南崁,2023-08-16,6451
2610,華航,146,26,120,永全-南崁,2023-08-16,6451
00878,國泰永續高股息,122,5,117,永全-南崁,2023-08-16,6451
2356,英業達,242,134,108,永全-南崁,2023-08-16,6451
2303,聯電,101,0,101,永全-南崁,2023-08-16,6451
8039,台虹,60,0,60,永全-南崁,2023-08-16,6451
6197,佳必琪,50,4,46,永全-南崁,2023-08-16,6451
6589,台康生技,30,0,30,永全-南崁,2023-08-16,6451
6005,群益證,20,0,20,永全-南崁,2023-08-16,6451
1101,台泥,30,11,19,永全-南崁,2023-08-16,6451
00923,群益台ESG低碳50,18,0,18,永全-南崁,2023-08-16,6451
2618,長榮航,63,45,18,永全-南崁,2023-08-16,6451
00929,復華台灣科技優息,19,2,17,永全-南崁,2023-08-16,6451
2324,仁寶,34,17,17,永全-南崁,2023-08-16,6451
2409,友達,16,0,16,永全-南崁,2023-08-16,6451
2609,陽明,16,0,16,永全-南崁,2023-08-16,6451
6770,力積電,16,0,16,永全-南崁,2023-08-16,6451
2323,中環,15,0,15,永全-南崁,2023-08-16,6451
6275,元山,17,2,15,永全-南崁,2023-08-16,6451
00631L,元大台灣50正2,14,0,14,永全-南崁,2023-08-16,6451
2882,國泰金,14,0,14,永全-南崁,2023-08-16,6451
00919,群益台灣精選高息,13,0,13,永全-南崁,2023-08-16,6451
00751B,元大AAA至A公司債,12,0,12,永全-南崁,2023-08-16,6451
2884,玉山金,12,0,12,永全-南崁,2023-08-16,6451
2460,建通,49,38,11,永全-南崁,2023-08-16,6451
2368,金像電,17,6,11,永全-南崁,2023-08-16,6451
1736,喬山,10,0,10,永全-南崁,2023-08-16,6451
1802,台玻,10,0,10,永全-南崁,2023-08-16,6451
2313,華通,10,0,10,永全-南崁,2023-08-16,6451
2337,旺宏,10,0,10,永全-南崁,2023-08-16,6451
2852,第一保,10,0,10,永全-南崁,2023-08-16,6451
2880,華南金,10,0,10,永全-南崁,2023-08-16,6451
3011,今皓,10,0,10,永全-南崁,2023-08-16,6451
3570,大塚,10,0,10,永全-南崁,2023-08-16,6451
5009,榮剛,10,0,10,永全-南崁,2023-08-16,6451
5880,合庫金,10,0,10,永全-南崁,2023-08-16,6451
6605,帝寶,10,0,10,永全-南崁,2023-08-16,6451
2317,鴻海,10,1,9,永全-南崁,2023-08-16,6451
9944,新麗,9,0,9,永全-南崁,2023-08-16,6451
2002,中鋼,8,0,8,永全-南崁,2023-08-16,6451
5483,中美晶,8,0,8,永全-南崁,2023-08-16,6451
6138,茂達,8,0,8,永全-南崁,2023-08-16,6451
00900,富邦特選高股息30,7,0,7,永全-南崁,2023-08-16,6451
1504,東元,7,0,7,永全-南崁,2023-08-16,6451
3567,逸昌,56,49,7,永全-南崁,2023-08-16,6451
6116,彩晶,7,0,7,永全-南崁,2023-08-16,6451
1609,大亞,6,0,6,永全-南崁,2023-08-16,6451
00772B,中信高評級公司債,6,0,6,永全-南崁,2023-08-16,6451
2329,華泰,9,3,6,永全-南崁,2023-08-16,6451
3706,神達,11,5,6,永全-南崁,2023-08-16,6451
2888,新光金,106,0,106,永全-南崁,2023-08-17,6451
2867,三商壽,50,0,50,永全-南崁,2023-08-17,6451
6016,康和證,50,0,50,永全-南崁,2023-08-17,6451
2353,宏��,45,9,36,永全-南崁,2023-08-17,6451
2610,華航,46,13,33,永全-南崁,2023-08-17,6451
2303,聯電,28,2,26,永全-南崁,2023-08-17,6451
2421,建準,94,73,21,永全-南崁,2023-08-17,6451
3231,緯創,66,46,20,永全-南崁,2023-08-17,6451
2329,華泰,20,0,20,永全-南崁,2023-08-17,6451
2609,陽明,23,3,20,永全-南崁,2023-08-17,6451
3062,建漢,20,0,20,永全-南崁,2023-08-17,6451
8034,榮群,20,0,20,永全-南崁,2023-08-17,6451
1326,台化,18,0,18,永全-南崁,2023-08-17,6451
2886,兆豐金,17,0,17,永全-南崁,2023-08-17,6451
3567,逸昌,15,0,15,永全-南崁,2023-08-17,6451
9944,新麗,15,0,15,永全-南崁,2023-08-17,6451
00679B,元大美債20年,14,0,14,永全-南崁,2023-08-17,6451
2009,第一銅,15,1,14,永全-南崁,2023-08-17,6451
2883,凱基金,14,1,13,永全-南崁,2023-08-17,6451
2324,仁寶,56,44,12,永全-南崁,2023-08-17,6451
1471,首利,14,2,12,永全-南崁,2023-08-17,6451
3056,富華新,13,1,12,永全-南崁,2023-08-17,6451
1905,華紙,11,0,11,永全-南崁,2023-08-17,6451
2201,裕隆,13,2,11,永全-南崁,2023-08-17,6451
2618,長榮航,33,22,11,永全-南崁,2023-08-17,6451
00706L,期元大S＆P日圓正2,10,0,10,永全-南崁,2023-08-17,6451
1102,亞泥,10,0,10,永全-南崁,2023-08-17,6451
00882,中信中國高股息,10,0,10,永全-南崁,2023-08-17,6451
00927,群益半導體收益,10,0,10,永全-南崁,2023-08-17,6451
1591,駿吉-KY,10,0,10,永全-南崁,2023-08-17,6451
2105,正新,10,0,10,永全-南崁,2023-08-17,6451
3049,精金,10,0,10,永全-南崁,2023-08-17,6451
6667,信紘科,10,0,10,永全-南崁,2023-08-17,6451
2328,廣宇,9,0,9,永全-南崁,2023-08-17,6451
2892,第一金,9,0,9,永全-南崁,2023-08-17,6451
3005,神基,10,1,9,永全-南崁,2023-08-17,6451
3338,泰碩,10,1,9,永全-南崁,2023-08-17,6451
3483,力致,20,11,9,永全-南崁,2023-08-17,6451
2330,台積電,8,0,8,永全-南崁,2023-08-17,6451
00900,富邦特選高股息30,8,0,8,永全-南崁,2023-08-17,6451
2385,群光,7,0,7,永全-南崁,2023-08-17,6451
2880,華南金,7,0,7,永全-南崁,2023-08-17,6451
4114,健喬,7,0,7,永全-南崁,2023-08-17,6451
6770,力積電,17,10,7,永全-南崁,2023-08-17,6451
00772B,中信高評級公司債,6,0,6,永全-南崁,2023-08-17,6451
2014,中鴻,6,0,6,永全-南崁,2023-08-17,6451
2884,玉山金,7,1,6,永全-南崁,2023-08-17,6451
6274,台燿,7,1,6,永全-南崁,2023-08-17,6451
9945,潤泰新,6,0,6,永全-南崁,2023-08-17,6451
2891,中信金,14,9,5,永全-南崁,2023-08-17,6451
2356,英業達,150,15,135,永全-南崁,2023-08-18,6451
6125,廣運,83,1,82,永全-南崁,2023-08-18,6451
3231,緯創,101,52,49,永全-南崁,2023-08-18,6451
00712,復華富時不動產,39,0,39,永全-南崁,2023-08-18,6451
2382,廣達,161,124,37,永全-南崁,2023-08-18,6451
1789,神隆,36,0,36,永全-南崁,2023-08-18,6451
9944,新麗,36,0,36,永全-南崁,2023-08-18,6451
2409,友達,32,0,32,永全-南崁,2023-08-18,6451
00878,國泰永續高股息,53,22,31,永全-南崁,2023-08-18,6451
00929,復華台灣科技優息,36,5,31,永全-南崁,2023-08-18,6451
1471,首利,29,1,28,永全-南崁,2023-08-18,6451
2371,大同,33,6,27,永全-南崁,2023-08-18,6451
2610,華航,44,17,27,永全-南崁,2023-08-18,6451
2618,長榮航,39,14,25,永全-南崁,2023-08-18,6451
3583,辛耘,25,2,23,永全-南崁,2023-08-18,6451
1101,台泥,21,1,20,永全-南崁,2023-08-18,6451
2344,華邦電,20,0,20,永全-南崁,2023-08-18,6451
00900,富邦特選高股息30,18,0,18,永全-南崁,2023-08-18,6451
3567,逸昌,40,22,18,永全-南崁,2023-08-18,6451
2329,華泰,52,36,16,永全-南崁,2023-08-18,6451
00882,中信中國高股息,15,0,15,永全-南崁,2023-08-18,6451
1319,東陽,27,12,15,永全-南崁,2023-08-18,6451
6548,長科*,16,2,14,永全-南崁,2023-08-18,6451
00931B,統一美債20年,13,0,13,永全-南崁,2023-08-18,6451
00720B,元大投資級公司債,13,0,13,永全-南崁,2023-08-18,6451
2002,中鋼,13,0,13,永全-南崁,2023-08-18,6451
2027,大成鋼,14,1,13,永全-南崁,2023-08-18,6451
3548,兆利,23,10,13,永全-南崁,2023-08-18,6451
6163,華電網,13,0,13,永全-南崁,2023-08-18,6451
2357,華碩,13,1,12,永全-南崁,2023-08-18,6451
6274,台燿,17,5,12,永全-南崁,2023-08-18,6451
8936,國統,11,0,11,永全-南崁,2023-08-18,6451
00772B,中信高評級公司債,10,0,10,永全-南崁,2023-08-18,6451
1608,華榮,10,0,10,永全-南崁,2023-08-18,6451
1736,喬山,10,0,10,永全-南崁,2023-08-18,6451
2317,鴻海,10,0,10,永全-南崁,2023-08-18,6451
2495,普安,10,0,10,永全-南崁,2023-08-18,6451
3037,欣興,12,2,10,永全-南崁,2023-08-18,6451
3052,夆典,10,0,10,永全-南崁,2023-08-18,6451
3363,上詮,10,0,10,永全-南崁,2023-08-18,6451
4207,環泰,10,0,10,永全-南崁,2023-08-18,6451
6143,振曜,10,0,10,永全-南崁,2023-08-18,6451
6282,康舒,41,31,10,永全-南崁,2023-08-18,6451
6605,帝寶,10,0,10,永全-南崁,2023-08-18,6451
6643,M31,10,0,10,永全-南崁,2023-08-18,6451
8046,南電,10,0,10,永全-南崁,2023-08-18,6451
8390,金益鼎,10,0,10,永全-南崁,2023-08-18,6451
3055,蔚華科,9,0,9,永全-南崁,2023-08-18,6451
6285,啟��,10,1,9,永全-南崁,2023-08-18,6451
1514,亞力,8,0,8,永全-南崁,2023-08-18,6451
00673R,期元大S＆P原油反1,250,0,250,永全-南崁,2023-08-21,6451
00637L,元大滬深300正2,50,10,40,永全-南崁,2023-08-21,6451
00929,復華台灣科技優息,33,0,33,永全-南崁,2023-08-21,6451
3042,晶技,32,0,32,永全-南崁,2023-08-21,6451
5498,凱崴,29,0,29,永全-南崁,2023-08-21,6451
2382,廣達,72,44,28,永全-南崁,2023-08-21,6451
2329,華泰,30,4,26,永全-南崁,2023-08-21,6451
3576,聯合再生,25,0,25,永全-南崁,2023-08-21,6451
2349,錸德,20,0,20,永全-南崁,2023-08-21,6451
2881,富邦金,18,0,18,永全-南崁,2023-08-21,6451
2605,新興,21,3,18,永全-南崁,2023-08-21,6451
2892,第一金,18,0,18,永全-南崁,2023-08-21,6451
00885,富邦越南,20,5,15,永全-南崁,2023-08-21,6451
00882,中信中國高股息,15,0,15,永全-南崁,2023-08-21,6451
3011,今皓,14,0,14,永全-南崁,2023-08-21,6451
2834,臺企銀,13,0,13,永全-南崁,2023-08-21,6451
1303,南亞,11,0,11,永全-南崁,2023-08-21,6451
00923,群益台ESG低碳50,11,0,11,永全-南崁,2023-08-21,6451
2368,金像電,17,7,10,永全-南崁,2023-08-21,6451
2609,陽明,11,1,10,永全-南崁,2023-08-21,6451
2002,中鋼,10,0,10,永全-南崁,2023-08-21,6451
1802,台玻,10,0,10,永全-南崁,2023-08-21,6451
2313,華通,10,0,10,永全-南崁,2023-08-21,6451
2606,裕民,11,1,10,永全-南崁,2023-08-21,6451
3049,精金,10,0,10,永全-南崁,2023-08-21,6451
3540,曜越,10,0,10,永全-南崁,2023-08-21,6451
4207,環泰,10,0,10,永全-南崁,2023-08-21,6451
4532,瑞智,10,0,10,永全-南崁,2023-08-21,6451
2603,長榮,13,4,9,永全-南崁,2023-08-21,6451
00919,群益台灣精選高息,9,0,9,永全-南崁,2023-08-21,6451
2331,精英,16,7,9,永全-南崁,2023-08-21,6451
2610,華航,24,15,9,永全-南崁,2023-08-21,6451
2324,仁寶,24,16,8,永全-南崁,2023-08-21,6451
3035,智原,11,3,8,永全-南崁,2023-08-21,6451
6176,瑞儀,8,0,8,永全-南崁,2023-08-21,6451
0050,元大台灣50,8,0,8,永全-南崁,2023-08-21,6451
2393,億光,7,0,7,永全-南崁,2023-08-21,6451
6127,九豪,7,0,7,永全-南崁,2023-08-21,6451
00878,國泰永續高股息,7,2,5,永全-南崁,2023-08-21,6451
3017,奇鋐,16,11,5,永全-南崁,2023-08-21,6451
1504,東元,7,2,5,永全-南崁,2023-08-21,6451
00751B,元大AAA至A公司債,5,0,5,永全-南崁,2023-08-21,6451
2355,敬鵬,5,0,5,永全-南崁,2023-08-21,6451
2436,偉詮電,5,0,5,永全-南崁,2023-08-21,6451
2885,元大金,5,0,5,永全-南崁,2023-08-21,6451
3024,憶聲,5,0,5,永全-南崁,2023-08-21,6451
4744,皇將,5,0,5,永全-南崁,2023-08-21,6451
4942,嘉彰,5,0,5,永全-南崁,2023-08-21,6451
5536,聖暉*,5,0,5,永全-南崁,2023-08-21,6451
6589,台康生技,5,0,5,永全-南崁,2023-08-21,6451
6005,群益證,52,0,52,永全-南崁,2023-08-22,6451
6016,康和證,50,0,50,永全-南崁,2023-08-22,6451
9105,泰金寶-DR,50,0,50,永全-南崁,2023-08-22,6451
2892,第一金,35,0,35,永全-南崁,2023-08-22,6451
4904,遠傳,32,0,32,永全-南崁,2023-08-22,6451
4543,萬在,50,23,27,永全-南崁,2023-08-22,6451
2356,英業達,51,25,26,永全-南崁,2023-08-22,6451
2002,中鋼,26,0,26,永全-南崁,2023-08-22,6451
2421,建準,45,19,26,永全-南崁,2023-08-22,6451
2332,友訊,58,33,25,永全-南崁,2023-08-22,6451
6282,康舒,36,15,21,永全-南崁,2023-08-22,6451
00637L,元大滬深300正2,21,0,21,永全-南崁,2023-08-22,6451
1471,首利,29,8,21,永全-南崁,2023-08-22,6451
2606,裕民,23,2,21,永全-南崁,2023-08-22,6451
2352,佳世達,20,0,20,永全-南崁,2023-08-22,6451
3576,聯合再生,20,0,20,永全-南崁,2023-08-22,6451
6191,精成科,18,0,18,永全-南崁,2023-08-22,6451
1905,華紙,16,0,16,永全-南崁,2023-08-22,6451
6163,華電網,15,0,15,永全-南崁,2023-08-22,6451
6285,啟��,13,0,13,永全-南崁,2023-08-22,6451
2009,第一銅,12,0,12,永全-南崁,2023-08-22,6451
2637,慧洋-KY,41,30,11,永全-南崁,2023-08-22,6451
4532,瑞智,11,0,11,永全-南崁,2023-08-22,6451
6122,擎邦,10,0,10,永全-南崁,2023-08-22,6451
00929,復華台灣科技優息,18,8,10,永全-南崁,2023-08-22,6451
2206,三陽工業,10,0,10,永全-南崁,2023-08-22,6451
2362,藍天,10,0,10,永全-南崁,2023-08-22,6451
2883B,凱基金乙特,10,0,10,永全-南崁,2023-08-22,6451
3265,台星科,10,0,10,永全-南崁,2023-08-22,6451
6116,彩晶,10,0,10,永全-南崁,2023-08-22,6451
6269,台郡,10,0,10,永全-南崁,2023-08-22,6451
8034,榮群,20,10,10,永全-南崁,2023-08-22,6451
8039,台虹,10,0,10,永全-南崁,2023-08-22,6451
4979,華星光,13,4,9,永全-南崁,2023-08-22,6451
6548,長科*,9,0,9,永全-南崁,2023-08-22,6451
1504,東元,9,1,8,永全-南崁,2023-08-22,6451
2834,臺企銀,8,0,8,永全-南崁,2023-08-22,6451
5471,松翰,8,0,8,永全-南崁,2023-08-22,6451
6120,達運,10,2,8,永全-南崁,2023-08-22,6451
00720B,元大投資級公司債,7,0,7,永全-南崁,2023-08-22,6451
2404,漢唐,6,0,6,永全-南崁,2023-08-22,6451
3032,偉訓,6,0,6,永全-南崁,2023-08-22,6451
4114,健喬,8,2,6,永全-南崁,2023-08-22,6451
3163,波若威,24,18,6,永全-南崁,2023-08-22,6451
6125,廣運,18,13,5,永全-南崁,2023-08-22,6451
3017,奇鋐,12,7,5,永全-南崁,2023-08-22,6451
2371,大同,5,0,5,永全-南崁,2023-08-22,6451
2461,光群雷,5,0,5,永全-南崁,2023-08-22,6451
3004,豐達科,5,0,5,永全-南崁,2023-08-22,6451
6127,九豪,5,0,5,永全-南崁,2023-08-22,6451
2618,長榮航,266,163,103,永全-南崁,2023-08-23,6451
3038,全台,50,0,50,永全-南崁,2023-08-23,6451
6282,康舒,72,33,39,永全-南崁,2023-08-23,6451
3325,旭品,33,1,32,永全-南崁,2023-08-23,6451
6117,迎廣,70,43,27,永全-南崁,2023-08-23,6451
3581,博磊,40,14,26,永全-南崁,2023-08-23,6451
2344,華邦電,20,0,20,永全-南崁,2023-08-23,6451
2630,亞航,21,2,19,永全-南崁,2023-08-23,6451
2603,長榮,15,0,15,永全-南崁,2023-08-23,6451
2913,農林,20,5,15,永全-南崁,2023-08-23,6451
3231,緯創,52,37,15,永全-南崁,2023-08-23,6451
1709,和益,14,0,14,永全-南崁,2023-08-23,6451
2610,華航,29,15,14,永全-南崁,2023-08-23,6451
2332,友訊,36,24,12,永全-南崁,2023-08-23,6451
2605,新興,16,4,12,永全-南崁,2023-08-23,6451
6143,振曜,12,0,12,永全-南崁,2023-08-23,6451
2301,光寶科,12,1,11,永全-南崁,2023-08-23,6451
3013,晟銘電,22,11,11,永全-南崁,2023-08-23,6451
6691,洋基工程,11,0,11,永全-南崁,2023-08-23,6451
00632R,元大台灣50反1,10,0,10,永全-南崁,2023-08-23,6451
2880,華南金,10,0,10,永全-南崁,2023-08-23,6451
3707,漢磊,10,0,10,永全-南崁,2023-08-23,6451
4119,旭富,10,0,10,永全-南崁,2023-08-23,6451
6197,佳必琪,10,0,10,永全-南崁,2023-08-23,6451
8039,台虹,10,0,10,永全-南崁,2023-08-23,6451
8050,廣積,10,0,10,永全-南崁,2023-08-23,6451
1504,東元,10,1,9,永全-南崁,2023-08-23,6451
8210,勤誠,10,1,9,永全-南崁,2023-08-23,6451
00892,富邦台灣半導體,8,0,8,永全-南崁,2023-08-23,6451
2356,英業達,32,24,8,永全-南崁,2023-08-23,6451
2002,中鋼,7,0,7,永全-南崁,2023-08-23,6451
3576,聯合再生,6,0,6,永全-南崁,2023-08-23,6451
6205,詮欣,6,0,6,永全-南崁,2023-08-23,6451
00919,群益台灣精選高息,5,0,5,永全-南崁,2023-08-23,6451
1783,和康生,5,0,5,永全-南崁,2023-08-23,6451
2038,海光,5,0,5,永全-南崁,2023-08-23,6451
2511,太子,5,0,5,永全-南崁,2023-08-23,6451
3071,協禧,20,15,5,永全-南崁,2023-08-23,6451
3264,欣銓,5,0,5,永全-南崁,2023-08-23,6451
6126,信音,5,0,5,永全-南崁,2023-08-23,6451
6139,亞翔,11,6,5,永全-南崁,2023-08-23,6451
3689,湧德,5,1,4,永全-南崁,2023-08-23,6451
1587,吉茂,4,0,4,永全-南崁,2023-08-23,6451
2641,正德,4,0,4,永全-南崁,2023-08-23,6451
2892,第一金,7,3,4,永全-南崁,2023-08-23,6451
3710,連展投控,4,0,4,永全-南崁,2023-08-23,6451
6116,彩晶,4,0,4,永全-南崁,2023-08-23,6451
6218,豪勉,12,8,4,永全-南崁,2023-08-23,6451
1519,華城,23,20,3,永全-南崁,2023-08-23,6451
00713,元大台灣高息低波,3,0,3,永全-南崁,2023-08-23,6451
00632R,元大台灣50反1,405,0,405,永全-南崁,2023-08-24,6451
2353,宏��,99,2,97,永全-南崁,2023-08-24,6451
2002,中鋼,54,0,54,永全-南崁,2023-08-24,6451
00900,富邦特選高股息30,52,0,52,永全-南崁,2023-08-24,6451
00664R,國泰臺灣加權反1,50,0,50,永全-南崁,2023-08-24,6451
2363,矽統,160,112,48,永全-南崁,2023-08-24,6451
3581,博磊,40,0,40,永全-南崁,2023-08-24,6451
3231,緯創,113,75,38,永全-南崁,2023-08-24,6451
2618,長榮航,61,26,35,永全-南崁,2023-08-24,6451
2376,技嘉,41,9,32,永全-南崁,2023-08-24,6451
3021,鴻名,62,32,30,永全-南崁,2023-08-24,6451
2801,彰銀,29,5,24,永全-南崁,2023-08-24,6451
5347,世界,24,0,24,永全-南崁,2023-08-24,6451
2610,華航,31,9,22,永全-南崁,2023-08-24,6451
3706,神達,27,5,22,永全-南崁,2023-08-24,6451
1603,華電,20,0,20,永全-南崁,2023-08-24,6451
1718,中纖,20,0,20,永全-南崁,2023-08-24,6451
3325,旭品,20,2,18,永全-南崁,2023-08-24,6451
2356,英業達,38,23,15,永全-南崁,2023-08-24,6451
8112,至上,15,0,15,永全-南崁,2023-08-24,6451
5381,合正,14,0,14,永全-南崁,2023-08-24,6451
3078,僑威,14,1,13,永全-南崁,2023-08-24,6451
6257,矽格,15,2,13,永全-南崁,2023-08-24,6451
2027,大成鋼,12,0,12,永全-南崁,2023-08-24,6451
2884,玉山金,12,0,12,永全-南崁,2023-08-24,6451
2324,仁寶,13,2,11,永全-南崁,2023-08-24,6451
5452,佶優,11,0,11,永全-南崁,2023-08-24,6451
1217,愛之味,10,0,10,永全-南崁,2023-08-24,6451
1608,華榮,10,0,10,永全-南崁,2023-08-24,6451
2493,揚博,10,0,10,永全-南崁,2023-08-24,6451
3450,聯鈞,10,0,10,永全-南崁,2023-08-24,6451
6205,詮欣,10,0,10,永全-南崁,2023-08-24,6451
2382,廣達,75,66,9,永全-南崁,2023-08-24,6451
3005,神基,10,1,9,永全-南崁,2023-08-24,6451
4746,台耀,9,0,9,永全-南崁,2023-08-24,6451
3163,波若威,11,3,8,永全-南崁,2023-08-24,6451
00893,國泰智能電動車,7,0,7,永全-南崁,2023-08-24,6451
2449,京元電子,54,47,7,永全-南崁,2023-08-24,6451
4946,辣椒,7,0,7,永全-南崁,2023-08-24,6451
2880,華南金,6,0,6,永全-南崁,2023-08-24,6451
2440,太空梭,6,0,6,永全-南崁,2023-08-24,6451
3483,力致,6,0,6,永全-南崁,2023-08-24,6451
1522,堤維西,10,5,5,永全-南崁,2023-08-24,6451
00892,富邦台灣半導體,5,0,5,永全-南崁,2023-08-24,6451
1737,臺鹽,5,0,5,永全-南崁,2023-08-24,6451
2303,聯電,12,7,5,永全-南崁,2023-08-24,6451
2352,佳世達,5,0,5,永全-南崁,2023-08-24,6451
2399,映泰,5,0,5,永全-南崁,2023-08-24,6451
2409,友達,5,0,5,永全-南崁,2023-08-24,6451
2485,兆赫,14,9,5,永全-南崁,2023-08-24,6451
2610,華航,186,29,157,永全-南崁,2023-08-25,6451
3231,緯創,201,51,150,永全-南崁,2023-08-25,6451
4533,協易機,144,0,144,永全-南崁,2023-08-25,6451
00878,國泰永續高股息,84,0,84,永全-南崁,2023-08-25,6451
2618,長榮航,67,8,59,永全-南崁,2023-08-25,6451
2883,凱基金,57,0,57,永全-南崁,2023-08-25,6451
00753L,中信中國50正2,50,0,50,永全-南崁,2023-08-25,6451
00900,富邦特選高股息30,49,0,49,永全-南崁,2023-08-25,6451
2382,廣達,66,22,44,永全-南崁,2023-08-25,6451
2352,佳世達,40,0,40,永全-南崁,2023-08-25,6451
6205,詮欣,30,0,30,永全-南崁,2023-08-25,6451
2303,聯電,38,10,28,永全-南崁,2023-08-25,6451
2409,友達,26,0,26,永全-南崁,2023-08-25,6451
3325,旭品,21,0,21,永全-南崁,2023-08-25,6451
1101,台泥,20,0,20,永全-南崁,2023-08-25,6451
2344,華邦電,20,1,19,永全-南崁,2023-08-25,6451
0056,元大高股息,24,6,18,永全-南崁,2023-08-25,6451
8046,南電,17,0,17,永全-南崁,2023-08-25,6451
2641,正德,16,0,16,永全-南崁,2023-08-25,6451
2634,漢翔,27,12,15,永全-南崁,2023-08-25,6451
3037,欣興,40,26,14,永全-南崁,2023-08-25,6451
9958,世紀鋼,15,1,14,永全-南崁,2023-08-25,6451
2356,英業達,30,17,13,永全-南崁,2023-08-25,6451
00919,群益台灣精選高息,12,0,12,永全-南崁,2023-08-25,6451
2606,裕民,17,5,12,永全-南崁,2023-08-25,6451
2892,第一金,12,0,12,永全-南崁,2023-08-25,6451
8222,寶一,14,2,12,永全-南崁,2023-08-25,6451
3017,奇鋐,12,1,11,永全-南崁,2023-08-25,6451
1539,巨庭,10,0,10,永全-南崁,2023-08-25,6451
1802,台玻,10,0,10,永全-南崁,2023-08-25,6451
2427,三商電,10,0,10,永全-南崁,2023-08-25,6451
2891,中信金,10,0,10,永全-南崁,2023-08-25,6451
3042,晶技,10,0,10,永全-南崁,2023-08-25,6451
4908,前鼎,10,0,10,永全-南崁,2023-08-25,6451
5009,榮剛,10,0,10,永全-南崁,2023-08-25,6451
6203,海韻電,10,0,10,永全-南崁,2023-08-25,6451
2002,中鋼,9,0,9,永全-南崁,2023-08-25,6451
2330,台積電,8,0,8,永全-南崁,2023-08-25,6451
3290,東浦,8,0,8,永全-南崁,2023-08-25,6451
9944,新麗,11,3,8,永全-南崁,2023-08-25,6451
6282,康舒,8,0,8,永全-南崁,2023-08-25,6451
1504,東元,14,7,7,永全-南崁,2023-08-25,6451
2323,中環,9,2,7,永全-南崁,2023-08-25,6451
2331,精英,36,29,7,永全-南崁,2023-08-25,6451
2421,建準,7,0,7,永全-南崁,2023-08-25,6451
00757,統一FANG+,6,0,6,永全-南崁,2023-08-25,6451
2607,榮運,6,0,6,永全-南崁,2023-08-25,6451
2834,臺企銀,6,0,6,永全-南崁,2023-08-25,6451
3094,聯傑,6,0,6,永全-南崁,2023-08-25,6451
5353,台林,6,0,6,永全-南崁,2023-08-25,6451
2888,新光金,201,1,200,永全-南崁,2023-08-28,6451
2618,長榮航,222,28,194,永全-南崁,2023-08-28,6451
2371,大同,52,0,52,永全-南崁,2023-08-28,6451
00673R,期元大S＆P原油反1,50,0,50,永全-南崁,2023-08-28,6451
8924,大田,42,0,42,永全-南崁,2023-08-28,6451
2313,華通,30,0,30,永全-南崁,2023-08-28,6451
2883B,凱基金乙特,30,0,30,永全-南崁,2023-08-28,6451
8050,廣積,30,2,28,永全-南崁,2023-08-28,6451
2492,華新科,30,5,25,永全-南崁,2023-08-28,6451
1737,臺鹽,30,6,24,永全-南崁,2023-08-28,6451
2610,華航,34,10,24,永全-南崁,2023-08-28,6451
00878,國泰永續高股息,29,5,24,永全-南崁,2023-08-28,6451
00929,復華台灣科技優息,22,0,22,永全-南崁,2023-08-28,6451
2457,飛宏,20,0,20,永全-南崁,2023-08-28,6451
4533,協易機,20,0,20,永全-南崁,2023-08-28,6451
6203,海韻電,20,0,20,永全-南崁,2023-08-28,6451
4543,萬在,22,4,18,永全-南崁,2023-08-28,6451
1313,聯成,15,0,15,永全-南崁,2023-08-28,6451
3308,聯德,16,1,15,永全-南崁,2023-08-28,6451
2382,廣達,72,58,14,永全-南崁,2023-08-28,6451
2886,兆豐金,12,0,12,永全-南崁,2023-08-28,6451
3025,星通,12,0,12,永全-南崁,2023-08-28,6451
3037,欣興,15,3,12,永全-南崁,2023-08-28,6451
8150,南茂,12,0,12,永全-南崁,2023-08-28,6451
2357,華碩,21,10,11,永全-南崁,2023-08-28,6451
6143,振曜,11,0,11,永全-南崁,2023-08-28,6451
1522,堤維西,10,0,10,永全-南崁,2023-08-28,6451
1227,佳格,10,0,10,永全-南崁,2023-08-28,6451
2362,藍天,10,0,10,永全-南崁,2023-08-28,6451
2388,威盛,10,0,10,永全-南崁,2023-08-28,6451
2421,建準,12,2,10,永全-南崁,2023-08-28,6451
2816,旺旺保,10,0,10,永全-南崁,2023-08-28,6451
3042,晶技,10,0,10,永全-南崁,2023-08-28,6451
3567,逸昌,10,0,10,永全-南崁,2023-08-28,6451
4564,元翎,10,0,10,永全-南崁,2023-08-28,6451
4906,正文,22,12,10,永全-南崁,2023-08-28,6451
6116,彩晶,10,0,10,永全-南崁,2023-08-28,6451
6163,華電網,10,0,10,永全-南崁,2023-08-28,6451
6257,矽格,10,0,10,永全-南崁,2023-08-28,6451
6285,啟��,18,8,10,永全-南崁,2023-08-28,6451
8222,寶一,15,5,10,永全-南崁,2023-08-28,6451
9942,茂順,10,0,10,永全-南崁,2023-08-28,6451
3046,建��,10,1,9,永全-南崁,2023-08-28,6451
2634,漢翔,21,12,9,永全-南崁,2023-08-28,6451
0056,元大高股息,13,5,8,永全-南崁,2023-08-28,6451
2468,華經,14,6,8,永全-南崁,2023-08-28,6451
2614,東森,10,2,8,永全-南崁,2023-08-28,6451
6125,廣運,8,0,8,永全-南崁,2023-08-28,6451
9944,新麗,13,5,8,永全-南崁,2023-08-28,6451
2317,鴻海,10,3,7,永全-南崁,2023-08-28,6451
9105,泰金寶-DR,50,0,50,永全-南崁,2023-08-29,6451
00929,復華台灣科技優息,35,0,35,永全-南崁,2023-08-29,6451
2363,矽統,119,91,28,永全-南崁,2023-08-29,6451
2615,萬海,26,0,26,永全-南崁,2023-08-29,6451
4961,天鈺,26,0,26,永全-南崁,2023-08-29,6451
0056,元大高股息,32,10,22,永全-南崁,2023-08-29,6451
2329,華泰,26,5,21,永全-南崁,2023-08-29,6451
1737,臺鹽,21,1,20,永全-南崁,2023-08-29,6451
2388,威盛,18,1,17,永全-南崁,2023-08-29,6451
8222,寶一,27,12,15,永全-南崁,2023-08-29,6451
2002,中鋼,14,0,14,永全-南崁,2023-08-29,6451
3714,富采,15,1,14,永全-南崁,2023-08-29,6451
1710,東聯,13,0,13,永全-南崁,2023-08-29,6451
2377,微星,13,0,13,永全-南崁,2023-08-29,6451
3706,神達,12,0,12,永全-南崁,2023-08-29,6451
1445,大宇,10,0,10,永全-南崁,2023-08-29,6451
2362,藍天,10,0,10,永全-南崁,2023-08-29,6451
2421,建準,32,22,10,永全-南崁,2023-08-29,6451
2743,山富,10,0,10,永全-南崁,2023-08-29,6451
5864,致和證,10,0,10,永全-南崁,2023-08-29,6451
6138,茂達,10,0,10,永全-南崁,2023-08-29,6451
8110,華東,10,0,10,永全-南崁,2023-08-29,6451
1810,和成,9,0,9,永全-南崁,2023-08-29,6451
9944,新麗,13,4,9,永全-南崁,2023-08-29,6451
2630,亞航,24,16,8,永全-南崁,2023-08-29,6451
2634,漢翔,19,11,8,永全-南崁,2023-08-29,6451
2317,鴻海,10,3,7,永全-南崁,2023-08-29,6451
2883,凱基金,6,0,6,永全-南崁,2023-08-29,6451
2353,宏��,6,0,6,永全-南崁,2023-08-29,6451
3052,夆典,6,0,6,永全-南崁,2023-08-29,6451
4938,和碩,6,0,6,永全-南崁,2023-08-29,6451
6109,亞元,6,0,6,永全-南崁,2023-08-29,6451
3078,僑威,5,0,5,永全-南崁,2023-08-29,6451
2206,三陽工業,5,0,5,永全-南崁,2023-08-29,6451
2886,兆豐金,5,0,5,永全-南崁,2023-08-29,6451
3060,銘異,5,0,5,永全-南崁,2023-08-29,6451
3325,旭品,5,0,5,永全-南崁,2023-08-29,6451
4533,協易機,10,5,5,永全-南崁,2023-08-29,6451
5434,崇越,5,0,5,永全-南崁,2023-08-29,6451
6108,競國,5,0,5,永全-南崁,2023-08-29,6451
6111,大宇資,5,0,5,永全-南崁,2023-08-29,6451
6147,頎邦,5,0,5,永全-南崁,2023-08-29,6451
6197,佳必琪,5,0,5,永全-南崁,2023-08-29,6451
6257,矽格,5,0,5,永全-南崁,2023-08-29,6451
3694,海華,4,0,4,永全-南崁,2023-08-29,6451
4958,臻鼎-KY,4,0,4,永全-南崁,2023-08-29,6451
6443,元晶,4,0,4,永全-南崁,2023-08-29,6451
9910,豐泰,4,0,4,永全-南崁,2023-08-29,6451
2376,技嘉,27,23,4,永全-南崁,2023-08-29,6451
00878,國泰永續高股息,3,0,3,永全-南崁,2023-08-29,6451
2485,兆赫,208,85,123,永全-南崁,2023-08-30,6451
3481,群創,100,1,99,永全-南崁,2023-08-30,6451
00637L,元大滬深300正2,84,10,74,永全-南崁,2023-08-30,6451
5009,榮剛,51,0,51,永全-南崁,2023-08-30,6451
2610,華航,41,7,34,永全-南崁,2023-08-30,6451
2618,長榮航,96,67,29,永全-南崁,2023-08-30,6451
2834,臺企銀,30,2,28,永全-南崁,2023-08-30,6451
00632R,元大台灣50反1,20,0,20,永全-南崁,2023-08-30,6451
3071,協禧,30,11,19,永全-南崁,2023-08-30,6451
3037,欣興,36,20,16,永全-南崁,2023-08-30,6451
2201,裕隆,28,14,14,永全-南崁,2023-08-30,6451
1409,新纖,13,0,13,永全-南崁,2023-08-30,6451
2401,凌陽,16,3,13,永全-南崁,2023-08-30,6451
1531,高林股,10,0,10,永全-南崁,2023-08-30,6451
2369,菱生,10,0,10,永全-南崁,2023-08-30,6451
2449,京元電子,13,3,10,永全-南崁,2023-08-30,6451
3163,波若威,10,0,10,永全-南崁,2023-08-30,6451
6263,普萊德,10,0,10,永全-南崁,2023-08-30,6451
8039,台虹,10,0,10,永全-南崁,2023-08-30,6451
00720B,元大投資級公司債,15,6,9,永全-南崁,2023-08-30,6451
2603,長榮,14,5,9,永全-南崁,2023-08-30,6451
2883,凱基金,10,1,9,永全-南崁,2023-08-30,6451
4543,萬在,30,22,8,永全-南崁,2023-08-30,6451
00893,國泰智能電動車,10,3,7,永全-南崁,2023-08-30,6451
5425,台半,11,4,7,永全-南崁,2023-08-30,6451
6168,宏齊,20,13,7,永全-南崁,2023-08-30,6451
00712,復華富時不動產,6,0,6,永全-南崁,2023-08-30,6451
6138,茂達,6,0,6,永全-南崁,2023-08-30,6451
1603,華電,5,0,5,永全-南崁,2023-08-30,6451
2331,精英,9,4,5,永全-南崁,2023-08-30,6451
2353,宏��,6,1,5,永全-南崁,2023-08-30,6451
2481,強茂,5,0,5,永全-南崁,2023-08-30,6451
3022,威強電,5,0,5,永全-南崁,2023-08-30,6451
4755,三福化,5,0,5,永全-南崁,2023-08-30,6451
6111,大宇資,5,0,5,永全-南崁,2023-08-30,6451
6139,亞翔,5,0,5,永全-南崁,2023-08-30,6451
6244,茂迪,5,0,5,永全-南崁,2023-08-30,6451
6274,台燿,5,0,5,永全-南崁,2023-08-30,6451
6589,台康生技,5,0,5,永全-南崁,2023-08-30,6451
6874,倍力,5,0,5,永全-南崁,2023-08-30,6451
8081,致新,5,0,5,永全-南崁,2023-08-30,6451
8150,南茂,5,0,5,永全-南崁,2023-08-30,6451
8183,精星,5,0,5,永全-南崁,2023-08-30,6451
9945,潤泰新,5,0,5,永全-南崁,2023-08-30,6451
2881,富邦金,4,0,4,永全-南崁,2023-08-30,6451
1471,首利,6,2,4,永全-南崁,2023-08-30,6451
2356,英業達,6,2,4,永全-南崁,2023-08-30,6451
2609,陽明,4,0,4,永全-南崁,2023-08-30,6451
2892,第一金,4,0,4,永全-南崁,2023-08-30,6451
3011,今皓,4,0,4,永全-南崁,2023-08-30,6451
3011,今皓,83,0,83,永全-南崁,2023-08-31,6451
2618,長榮航,147,65,82,永全-南崁,2023-08-31,6451
1312,國喬,61,0,61,永全-南崁,2023-08-31,6451
2867,三商壽,50,0,50,永全-南崁,2023-08-31,6451
2887,台新金,34,0,34,永全-南崁,2023-08-31,6451
8046,南電,28,0,28,永全-南崁,2023-08-31,6451
1802,台玻,34,10,24,永全-南崁,2023-08-31,6451
2888,新光金,25,2,23,永全-南崁,2023-08-31,6451
8936,國統,21,0,21,永全-南崁,2023-08-31,6451
8222,寶一,24,4,20,永全-南崁,2023-08-31,6451
2201,裕隆,22,3,19,永全-南崁,2023-08-31,6451
2313,華通,22,4,18,永全-南崁,2023-08-31,6451
6163,華電網,18,0,18,永全-南崁,2023-08-31,6451
6126,信音,16,0,16,永全-南崁,2023-08-31,6451
6244,茂迪,15,0,15,永全-南崁,2023-08-31,6451
1409,新纖,15,0,15,永全-南崁,2023-08-31,6451
3706,神達,13,0,13,永全-南崁,2023-08-31,6451
5009,榮剛,13,0,13,永全-南崁,2023-08-31,6451
9105,泰金寶-DR,15,2,13,永全-南崁,2023-08-31,6451
2353,宏��,13,1,12,永全-南崁,2023-08-31,6451
2886,兆豐金,12,0,12,永全-南崁,2023-08-31,6451
2206,三陽工業,11,0,11,永全-南崁,2023-08-31,6451
2363,矽統,45,34,11,永全-南崁,2023-08-31,6451
2834,臺企銀,11,0,11,永全-南崁,2023-08-31,6451
6485,點序,11,0,11,永全-南崁,2023-08-31,6451
1612,宏泰,10,0,10,永全-南崁,2023-08-31,6451
2324,仁寶,27,17,10,永全-南崁,2023-08-31,6451
2421,建準,12,2,10,永全-南崁,2023-08-31,6451
8039,台虹,10,0,10,永全-南崁,2023-08-31,6451
8390,金益鼎,10,0,10,永全-南崁,2023-08-31,6451
1471,首利,9,0,9,永全-南崁,2023-08-31,6451
6217,中探針,9,0,9,永全-南崁,2023-08-31,6451
00923,群益台ESG低碳50,8,0,8,永全-南崁,2023-08-31,6451
3622,洋華,10,2,8,永全-南崁,2023-08-31,6451
6547,高端疫苗,14,6,8,永全-南崁,2023-08-31,6451
00878,國泰永續高股息,9,2,7,永全-南崁,2023-08-31,6451
1710,東聯,7,0,7,永全-南崁,2023-08-31,6451
4129,聯合,7,0,7,永全-南崁,2023-08-31,6451
2344,華邦電,10,4,6,永全-南崁,2023-08-31,6451
2402,毅嘉,37,31,6,永全-南崁,2023-08-31,6451
2882,國泰金,11,5,6,永全-南崁,2023-08-31,6451
3149,正達,6,0,6,永全-南崁,2023-08-31,6451
2027,大成鋼,7,2,5,永全-南崁,2023-08-31,6451
2340,台亞,5,0,5,永全-南崁,2023-08-31,6451
2607,榮運,10,5,5,永全-南崁,2023-08-31,6451
2743,山富,5,0,5,永全-南崁,2023-08-31,6451
2816,旺旺保,5,0,5,永全-南崁,2023-08-31,6451
2891,中信金,5,0,5,永全-南崁,2023-08-31,6451
3045,台灣大,5,0,5,永全-南崁,2023-08-31,6451
3169,亞信,5,0,5,永全-南崁,2023-08-31,6451
2337,旺宏,279,51,228,永全-南崁,2023-09-01,6451
2485,兆赫,110,63,47,永全-南崁,2023-09-01,6451
2329,華泰,45,2,43,永全-南崁,2023-09-01,6451
2356,英業達,66,27,39,永全-南崁,2023-09-01,6451
1522,堤維西,39,5,34,永全-南崁,2023-09-01,6451
3011,今皓,43,10,33,永全-南崁,2023-09-01,6451
3231,緯創,68,38,30,永全-南崁,2023-09-01,6451
00929,復華台灣科技優息,28,0,28,永全-南崁,2023-09-01,6451
2382,廣達,47,20,27,永全-南崁,2023-09-01,6451
5347,世界,26,0,26,永全-南崁,2023-09-01,6451
2312,金寶,21,0,21,永全-南崁,2023-09-01,6451
2888,新光金,20,0,20,永全-南崁,2023-09-01,6451
4909,新復興,30,10,20,永全-南崁,2023-09-01,6451
6285,啟��,17,0,17,永全-南崁,2023-09-01,6451
00932,兆豐永續高息等權,15,0,15,永全-南崁,2023-09-01,6451
2206,三陽工業,27,12,15,永全-南崁,2023-09-01,6451
4961,天鈺,14,0,14,永全-南崁,2023-09-01,6451
2402,毅嘉,34,21,13,永全-南崁,2023-09-01,6451
6282,康舒,14,1,13,永全-南崁,2023-09-01,6451
2357,華碩,19,8,11,永全-南崁,2023-09-01,6451
0056,元大高股息,11,1,10,永全-南崁,2023-09-01,6451
2439,美律,10,0,10,永全-南崁,2023-09-01,6451
3673,TPK-KY,10,0,10,永全-南崁,2023-09-01,6451
6605,帝寶,10,0,10,永全-南崁,2023-09-01,6451
9950,萬國通,10,0,10,永全-南崁,2023-09-01,6451
1444,力麗,10,1,9,永全-南崁,2023-09-01,6451
6547,高端疫苗,9,0,9,永全-南崁,2023-09-01,6451
2368,金像電,11,2,9,永全-南崁,2023-09-01,6451
2881,富邦金,8,0,8,永全-南崁,2023-09-01,6451
1409,新纖,8,0,8,永全-南崁,2023-09-01,6451
2610,華航,13,5,8,永全-南崁,2023-09-01,6451
6449,鈺邦,10,2,8,永全-南崁,2023-09-01,6451
1815,富喬,10,3,7,永全-南崁,2023-09-01,6451
1471,首利,9,2,7,永全-南崁,2023-09-01,6451
2891,中信金,7,0,7,永全-南崁,2023-09-01,6451
3105,穩懋,7,0,7,永全-南崁,2023-09-01,6451
3308,聯德,14,7,7,永全-南崁,2023-09-01,6451
8210,勤誠,10,3,7,永全-南崁,2023-09-01,6451
8358,金居,8,1,7,永全-南崁,2023-09-01,6451
00878,國泰永續高股息,8,2,6,永全-南崁,2023-09-01,6451
3078,僑威,16,10,6,永全-南崁,2023-09-01,6451
4938,和碩,6,0,6,永全-南崁,2023-09-01,6451
2376,技嘉,26,21,5,永全-南崁,2023-09-01,6451
00923,群益台ESG低碳50,5,0,5,永全-南崁,2023-09-01,6451
2328,廣宇,5,0,5,永全-南崁,2023-09-01,6451
2352,佳世達,5,0,5,永全-南崁,2023-09-01,6451
2399,映泰,5,0,5,永全-南崁,2023-09-01,6451
3234,光環,5,0,5,永全-南崁,2023-09-01,6451
3325,旭品,10,5,5,永全-南崁,2023-09-01,6451
4906,正文,5,0,5,永全-南崁,2023-09-01,6451
1616,億泰,402,5,397,永全-南崁,2023-09-04,6451
00929,復華台灣科技優息,125,10,115,永全-南崁,2023-09-04,6451
3481,群創,101,2,99,永全-南崁,2023-09-04,6451
2409,友達,43,0,43,永全-南崁,2023-09-04,6451
2371,大同,43,2,41,永全-南崁,2023-09-04,6451
1802,台玻,49,25,24,永全-南崁,2023-09-04,6451
8924,大田,24,0,24,永全-南崁,2023-09-04,6451
6127,九豪,22,0,22,永全-南崁,2023-09-04,6451
00857B,永豐20年美公債,20,0,20,永全-南崁,2023-09-04,6451
2801,彰銀,20,0,20,永全-南崁,2023-09-04,6451
3311,閎暉,19,0,19,永全-南崁,2023-09-04,6451
00720B,元大投資級公司債,18,0,18,永全-南崁,2023-09-04,6451
3011,今皓,19,1,18,永全-南崁,2023-09-04,6451
2377,微星,17,0,17,永全-南崁,2023-09-04,6451
9945,潤泰新,17,0,17,永全-南崁,2023-09-04,6451
2887,台新金,22,5,17,永全-南崁,2023-09-04,6451
6188,廣明,16,0,16,永全-南崁,2023-09-04,6451
1609,大亞,15,0,15,永全-南崁,2023-09-04,6451
6173,信昌電,20,5,15,永全-南崁,2023-09-04,6451
00932,兆豐永續高息等權,13,0,13,永全-南崁,2023-09-04,6451
2634,漢翔,15,3,12,永全-南崁,2023-09-04,6451
5457,宣德,13,1,12,永全-南崁,2023-09-04,6451
1307,三芳,22,11,11,永全-南崁,2023-09-04,6451
4967,十銓,11,0,11,永全-南崁,2023-09-04,6451
00772B,中信高評級公司債,10,0,10,永全-南崁,2023-09-04,6451
00637L,元大滬深300正2,10,0,10,永全-南崁,2023-09-04,6451
2356,英業達,17,7,10,永全-南崁,2023-09-04,6451
4747,強生,10,0,10,永全-南崁,2023-09-04,6451
8466,美吉吉-KY,10,0,10,永全-南崁,2023-09-04,6451
2376,技嘉,11,1,10,永全-南崁,2023-09-04,6451
4207,環泰,10,1,9,永全-南崁,2023-09-04,6451
2885,元大金,9,0,9,永全-南崁,2023-09-04,6451
1522,堤維西,8,0,8,永全-南崁,2023-09-04,6451
00751B,元大AAA至A公司債,7,0,7,永全-南崁,2023-09-04,6451
6163,華電網,12,5,7,永全-南崁,2023-09-04,6451
6213,聯茂,9,2,7,永全-南崁,2023-09-04,6451
2331,精英,7,0,7,永全-南崁,2023-09-04,6451
00931B,統一美債20年,6,0,6,永全-南崁,2023-09-04,6451
3062,建漢,6,0,6,永全-南崁,2023-09-04,6451
00679B,元大美債20年,5,0,5,永全-南崁,2023-09-04,6451
1810,和成,5,0,5,永全-南崁,2023-09-04,6451
3078,僑威,5,0,5,永全-南崁,2023-09-04,6451
5706,鳳凰,5,0,5,永全-南崁,2023-09-04,6451
6196,帆宣,5,0,5,永全-南崁,2023-09-04,6451
1101,台泥,7,3,4,永全-南崁,2023-09-04,6451
2329,華泰,4,0,4,永全-南崁,2023-09-04,6451
2392,正崴,5,1,4,永全-南崁,2023-09-04,6451
3024,憶聲,4,0,4,永全-南崁,2023-09-04,6451
3587,閎康,5,1,4,永全-南崁,2023-09-04,6451
4938,和碩,8,4,4,永全-南崁,2023-09-04,6451
00632R,元大台灣50反1,390,0,390,永全-南崁,2023-09-05,6451
1312,國喬,120,0,120,永全-南崁,2023-09-05,6451
2618,長榮航,93,9,84,永全-南崁,2023-09-05,6451
2402,毅嘉,98,21,77,永全-南崁,2023-09-05,6451
2363,矽統,121,55,66,永全-南崁,2023-09-05,6451
2887,台新金,35,0,35,永全-南崁,2023-09-05,6451
2409,友達,33,1,32,永全-南崁,2023-09-05,6451
1101,台泥,30,0,30,永全-南崁,2023-09-05,6451
00929,復華台灣科技優息,38,9,29,永全-南崁,2023-09-05,6451
3014,聯陽,28,1,27,永全-南崁,2023-09-05,6451
5469,瀚宇博,35,8,27,永全-南崁,2023-09-05,6451
3231,緯創,32,6,26,永全-南崁,2023-09-05,6451
1616,億泰,25,0,25,永全-南崁,2023-09-05,6451
2610,華航,37,15,22,永全-南崁,2023-09-05,6451
00753L,中信中國50正2,21,0,21,永全-南崁,2023-09-05,6451
00878,國泰永續高股息,20,0,20,永全-南崁,2023-09-05,6451
2816,旺旺保,20,0,20,永全-南崁,2023-09-05,6451
3402,漢科,20,0,20,永全-南崁,2023-09-05,6451
5009,榮剛,20,0,20,永全-南崁,2023-09-05,6451
3051,力特,22,3,19,永全-南崁,2023-09-05,6451
2312,金寶,29,15,14,永全-南崁,2023-09-05,6451
00919,群益台灣精選高息,12,0,12,永全-南崁,2023-09-05,6451
2353,宏��,18,6,12,永全-南崁,2023-09-05,6451
2436,偉詮電,22,10,12,永全-南崁,2023-09-05,6451
3163,波若威,11,0,11,永全-南崁,2023-09-05,6451
6191,精成科,11,0,11,永全-南崁,2023-09-05,6451
1584,精剛,10,0,10,永全-南崁,2023-09-05,6451
2105,正新,10,0,10,永全-南崁,2023-09-05,6451
2390,云辰,10,0,10,永全-南崁,2023-09-05,6451
2458,義隆,28,18,10,永全-南崁,2023-09-05,6451
3046,建��,10,0,10,永全-南崁,2023-09-05,6451
4426,利勤,10,0,10,永全-南崁,2023-09-05,6451
4541,晟田,10,0,10,永全-南崁,2023-09-05,6451
5328,華容,10,0,10,永全-南崁,2023-09-05,6451
6125,廣運,11,1,10,永全-南崁,2023-09-05,6451
00900,富邦特選高股息30,9,0,9,永全-南崁,2023-09-05,6451
6188,廣明,8,0,8,永全-南崁,2023-09-05,6451
2382,廣達,10,3,7,永全-南崁,2023-09-05,6451
6282,康舒,8,2,6,永全-南崁,2023-09-05,6451
1219,福壽,6,0,6,永全-南崁,2023-09-05,6451
2027,大成鋼,6,0,6,永全-南崁,2023-09-05,6451
2609,陽明,7,1,6,永全-南崁,2023-09-05,6451
2891,中信金,6,0,6,永全-南崁,2023-09-05,6451
3078,僑威,16,10,6,永全-南崁,2023-09-05,6451
3017,奇鋐,9,3,6,永全-南崁,2023-09-05,6451
1611,中電,5,0,5,永全-南崁,2023-09-05,6451
2329,華泰,7,2,5,永全-南崁,2023-09-05,6451
2332,友訊,6,1,5,永全-南崁,2023-09-05,6451
2355,敬鵬,5,0,5,永全-南崁,2023-09-05,6451
4908,前鼎,15,10,5,永全-南崁,2023-09-05,6451
2538,基泰,330,0,330,永全-南崁,2023-09-06,6451
3481,群創,423,102,321,永全-南崁,2023-09-06,6451
00929,復華台灣科技優息,342,113,229,永全-南崁,2023-09-06,6451
4533,協易機,114,0,114,永全-南崁,2023-09-06,6451
3706,神達,113,0,113,永全-南崁,2023-09-06,6451
2888,新光金,89,1,88,永全-南崁,2023-09-06,6451
2887,台新金,72,0,72,永全-南崁,2023-09-06,6451
2323,中環,65,0,65,永全-南崁,2023-09-06,6451
2409,友達,34,0,34,永全-南崁,2023-09-06,6451
8358,金居,49,17,32,永全-南崁,2023-09-06,6451
1312,國喬,30,0,30,永全-南崁,2023-09-06,6451
2891,中信金,30,0,30,永全-南崁,2023-09-06,6451
00919,群益台灣精選高息,30,1,29,永全-南崁,2023-09-06,6451
2401,凌陽,48,22,26,永全-南崁,2023-09-06,6451
2883,凱基金,22,0,22,永全-南崁,2023-09-06,6451
00753L,中信中國50正2,21,0,21,永全-南崁,2023-09-06,6451
8936,國統,21,0,21,永全-南崁,2023-09-06,6451
2363,矽統,36,15,21,永全-南崁,2023-09-06,6451
2324,仁寶,20,0,20,永全-南崁,2023-09-06,6451
2885,元大金,20,0,20,永全-南崁,2023-09-06,6451
1101,台泥,19,0,19,永全-南崁,2023-09-06,6451
2337,旺宏,18,0,18,永全-南崁,2023-09-06,6451
5607,遠雄港,17,0,17,永全-南崁,2023-09-06,6451
2352,佳世達,16,0,16,永全-南崁,2023-09-06,6451
1802,台玻,17,2,15,永全-南崁,2023-09-06,6451
3105,穩懋,15,0,15,永全-南崁,2023-09-06,6451
5381,合正,28,13,15,永全-南崁,2023-09-06,6451
3576,聯合再生,14,0,14,永全-南崁,2023-09-06,6451
3570,大塚,20,7,13,永全-南崁,2023-09-06,6451
3035,智原,19,7,12,永全-南崁,2023-09-06,6451
1314,中石化,10,0,10,永全-南崁,2023-09-06,6451
00882,中信中國高股息,10,0,10,永全-南崁,2023-09-06,6451
00900,富邦特選高股息30,10,0,10,永全-南崁,2023-09-06,6451
00632R,元大台灣50反1,10,0,10,永全-南崁,2023-09-06,6451
2369,菱生,10,0,10,永全-南崁,2023-09-06,6451
2637,慧洋-KY,10,0,10,永全-南崁,2023-09-06,6451
2812,台中銀,10,0,10,永全-南崁,2023-09-06,6451
2816,旺旺保,13,3,10,永全-南崁,2023-09-06,6451
3498,陽程,10,0,10,永全-南崁,2023-09-06,6451
3715,定穎投控,17,7,10,永全-南崁,2023-09-06,6451
4426,利勤,10,0,10,永全-南崁,2023-09-06,6451
8054,安國,10,0,10,永全-南崁,2023-09-06,6451
00679B,元大美債20年,9,0,9,永全-南崁,2023-09-06,6451
3711,日月光投控,10,1,9,永全-南崁,2023-09-06,6451
8050,廣積,11,2,9,永全-南崁,2023-09-06,6451
8924,大田,9,0,9,永全-南崁,2023-09-06,6451
3581,博磊,10,2,8,永全-南崁,2023-09-06,6451
4908,前鼎,10,2,8,永全-南崁,2023-09-06,6451
6451,訊芯-KY,8,0,8,永全-南崁,2023-09-06,6451
8068,全達,13,5,8,永全-南崁,2023-09-06,6451
2618,長榮航,107,0,107,永全-南崁,2023-09-07,6451
2402,毅嘉,96,20,76,永全-南崁,2023-09-07,6451
8112,至上,50,0,50,永全-南崁,2023-09-07,6451
00929,復華台灣科技優息,74,26,48,永全-南崁,2023-09-07,6451
6125,廣運,51,4,47,永全-南崁,2023-09-07,6451
2409,友達,62,20,42,永全-南崁,2023-09-07,6451
1605,華新,40,5,35,永全-南崁,2023-09-07,6451
2887,台新金,30,1,29,永全-南崁,2023-09-07,6451
00919,群益台灣精選高息,23,0,23,永全-南崁,2023-09-07,6451
00753L,中信中國50正2,21,0,21,永全-南崁,2023-09-07,6451
3231,緯創,24,3,21,永全-南崁,2023-09-07,6451
8358,金居,23,2,21,永全-南崁,2023-09-07,6451
1717,長興,20,0,20,永全-南崁,2023-09-07,6451
2358,廷鑫,23,5,18,永全-南崁,2023-09-07,6451
2610,華航,20,3,17,永全-南崁,2023-09-07,6451
00878,國泰永續高股息,18,1,17,永全-南崁,2023-09-07,6451
2353,宏��,20,6,14,永全-南崁,2023-09-07,6451
3704,合勤控,24,10,14,永全-南崁,2023-09-07,6451
3042,晶技,14,1,13,永全-南崁,2023-09-07,6451
1102,亞泥,12,0,12,永全-南崁,2023-09-07,6451
1609,大亞,12,1,11,永全-南崁,2023-09-07,6451
00637L,元大滬深300正2,10,0,10,永全-南崁,2023-09-07,6451
1519,華城,12,2,10,永全-南崁,2023-09-07,6451
2460,建通,10,0,10,永全-南崁,2023-09-07,6451
3060,銘異,10,0,10,永全-南崁,2023-09-07,6451
3702,大聯大,15,5,10,永全-南崁,2023-09-07,6451
5306,桂盟,10,0,10,永全-南崁,2023-09-07,6451
6143,振曜,10,0,10,永全-南崁,2023-09-07,6451
6213,聯茂,10,0,10,永全-南崁,2023-09-07,6451
8409,商之器,10,0,10,永全-南崁,2023-09-07,6451
8930,青鋼,11,1,10,永全-南崁,2023-09-07,6451
9912,偉聯,10,0,10,永全-南崁,2023-09-07,6451
2330,台積電,9,0,9,永全-南崁,2023-09-07,6451
2436,偉詮電,72,63,9,永全-南崁,2023-09-07,6451
6117,迎廣,9,0,9,永全-南崁,2023-09-07,6451
2002,中鋼,8,0,8,永全-南崁,2023-09-07,6451
2382,廣達,10,3,7,永全-南崁,2023-09-07,6451
2485,兆赫,18,11,7,永全-南崁,2023-09-07,6451
4909,新復興,18,11,7,永全-南崁,2023-09-07,6451
00931B,統一美債20年,6,0,6,永全-南崁,2023-09-07,6451
1471,首利,6,0,6,永全-南崁,2023-09-07,6451
2332,友訊,16,10,6,永全-南崁,2023-09-07,6451
2615,萬海,6,0,6,永全-南崁,2023-09-07,6451
3570,大塚,40,34,6,永全-南崁,2023-09-07,6451
4147,中裕,6,0,6,永全-南崁,2023-09-07,6451
3481,群創,5,0,5,永全-南崁,2023-09-07,6451
2009,第一銅,5,0,5,永全-南崁,2023-09-07,6451
2204,中華,7,2,5,永全-南崁,2023-09-07,6451
2324,仁寶,10,5,5,永全-南崁,2023-09-07,6451
2482,連宇,5,0,5,永全-南崁,2023-09-07,6451
00929,復華台灣科技優息,88,3,85,永全-南崁,2023-09-08,6451
2382,廣達,77,12,65,永全-南崁,2023-09-08,6451
00919,群益台灣精選高息,54,0,54,永全-南崁,2023-09-08,6451
8046,南電,49,0,49,永全-南崁,2023-09-08,6451
2801,彰銀,40,0,40,永全-南崁,2023-09-08,6451
2485,兆赫,44,8,36,永全-南崁,2023-09-08,6451
2838,聯邦銀,32,0,32,永全-南崁,2023-09-08,6451
1312,國喬,30,0,30,永全-南崁,2023-09-08,6451
2618,長榮航,40,13,27,永全-南崁,2023-09-08,6451
6279,胡連,25,0,25,永全-南崁,2023-09-08,6451
8210,勤誠,25,2,23,永全-南崁,2023-09-08,6451
2609,陽明,24,2,22,永全-南崁,2023-09-08,6451
6117,迎廣,21,0,21,永全-南崁,2023-09-08,6451
3287,廣寰科,20,0,20,永全-南崁,2023-09-08,6451
8936,國統,20,0,20,永全-南崁,2023-09-08,6451
6125,廣運,18,1,17,永全-南崁,2023-09-08,6451
2316,楠梓電,15,0,15,永全-南崁,2023-09-08,6451
1471,首利,17,5,12,永全-南崁,2023-09-08,6451
00637L,元大滬深300正2,13,1,12,永全-南崁,2023-09-08,6451
2323,中環,12,0,12,永全-南崁,2023-09-08,6451
2460,建通,27,15,12,永全-南崁,2023-09-08,6451
3704,合勤控,27,15,12,永全-南崁,2023-09-08,6451
6112,邁達特,12,0,12,永全-南崁,2023-09-08,6451
2303,聯電,11,0,11,永全-南崁,2023-09-08,6451
3481,群創,110,100,10,永全-南崁,2023-09-08,6451
00932,兆豐永續高息等權,10,0,10,永全-南崁,2023-09-08,6451
3046,建��,11,1,10,永全-南崁,2023-09-08,6451
3374,精材,15,5,10,永全-南崁,2023-09-08,6451
3231,緯創,20,11,9,永全-南崁,2023-09-08,6451
2486,一詮,18,9,9,永全-南崁,2023-09-08,6451
3552,同致,10,1,9,永全-南崁,2023-09-08,6451
8222,寶一,19,10,9,永全-南崁,2023-09-08,6451
6274,台燿,10,1,9,永全-南崁,2023-09-08,6451
4114,健喬,8,0,8,永全-南崁,2023-09-08,6451
6195,詩肯,8,0,8,永全-南崁,2023-09-08,6451
00891,中信關鍵半導體,7,0,7,永全-南崁,2023-09-08,6451
1802,台玻,12,5,7,永全-南崁,2023-09-08,6451
00878,國泰永續高股息,6,0,6,永全-南崁,2023-09-08,6451
00713,元大台灣高息低波,6,0,6,永全-南崁,2023-09-08,6451
8390,金益鼎,6,0,6,永全-南崁,2023-09-08,6451
1609,大亞,10,5,5,永全-南崁,2023-09-08,6451
2006,東和鋼鐵,5,0,5,永全-南崁,2023-09-08,6451
2409,友達,6,1,5,永全-南崁,2023-09-08,6451
4533,協易機,5,0,5,永全-南崁,2023-09-08,6451
5434,崇越,5,0,5,永全-南崁,2023-09-08,6451
6139,亞翔,5,0,5,永全-南崁,2023-09-08,6451
6245,立端,5,0,5,永全-南崁,2023-09-08,6451
6684,安格,5,0,5,永全-南崁,2023-09-08,6451
8016,矽創,5,0,5,永全-南崁,2023-09-08,6451
2890,永豐金,5,0,5,永全-南崁,2023-09-08,6451
00878,國泰永續高股息,236,0,236,永全-南崁,2023-09-11,6451
6016,康和證,200,0,200,永全-南崁,2023-09-11,6451
00929,復華台灣科技優息,93,5,88,永全-南崁,2023-09-11,6451
8227,巨有科技,93,7,86,永全-南崁,2023-09-11,6451
0056,元大高股息,62,0,62,永全-南崁,2023-09-11,6451
00671R,富邦NASDAQ反1,60,0,60,永全-南崁,2023-09-11,6451
2371,大同,60,0,60,永全-南崁,2023-09-11,6451
00919,群益台灣精選高息,50,4,46,永全-南崁,2023-09-11,6451
8358,金居,46,1,45,永全-南崁,2023-09-11,6451
5009,榮剛,63,23,40,永全-南崁,2023-09-11,6451
9105,泰金寶-DR,40,3,37,永全-南崁,2023-09-11,6451
2382,廣達,72,43,29,永全-南崁,2023-09-11,6451
3209,全科,28,0,28,永全-南崁,2023-09-11,6451
2908,特力,25,0,25,永全-南崁,2023-09-11,6451
2002,中鋼,22,0,22,永全-南崁,2023-09-11,6451
2377,微星,22,1,21,永全-南崁,2023-09-11,6451
3167,大量,20,0,20,永全-南崁,2023-09-11,6451
3576,聯合再生,20,0,20,永全-南崁,2023-09-11,6451
5381,合正,20,0,20,永全-南崁,2023-09-11,6451
2603,長榮,21,3,18,永全-南崁,2023-09-11,6451
3229,晟鈦,18,0,18,永全-南崁,2023-09-11,6451
2641,正德,16,0,16,永全-南崁,2023-09-11,6451
2618,長榮航,16,0,16,永全-南崁,2023-09-11,6451
2323,中環,15,1,14,永全-南崁,2023-09-11,6451
2606,裕民,15,1,14,永全-南崁,2023-09-11,6451
2363,矽統,106,93,13,永全-南崁,2023-09-11,6451
3231,緯創,60,47,13,永全-南崁,2023-09-11,6451
2610,華航,13,0,13,永全-南崁,2023-09-11,6451
1513,中興電,13,1,12,永全-南崁,2023-09-11,6451
2355,敬鵬,15,3,12,永全-南崁,2023-09-11,6451
2358,廷鑫,13,1,12,永全-南崁,2023-09-11,6451
2630,亞航,15,3,12,永全-南崁,2023-09-11,6451
3163,波若威,16,4,12,永全-南崁,2023-09-11,6451
3680,家登,12,0,12,永全-南崁,2023-09-11,6451
3014,聯陽,16,5,11,永全-南崁,2023-09-11,6451
3042,晶技,14,3,11,永全-南崁,2023-09-11,6451
1609,大亞,10,0,10,永全-南崁,2023-09-11,6451
4908,前鼎,10,0,10,永全-南崁,2023-09-11,6451
4909,新復興,10,0,10,永全-南崁,2023-09-11,6451
6109,亞元,10,0,10,永全-南崁,2023-09-11,6451
6116,彩晶,10,0,10,永全-南崁,2023-09-11,6451
6125,廣運,12,2,10,永全-南崁,2023-09-11,6451
6163,華電網,10,0,10,永全-南崁,2023-09-11,6451
6609,瀧澤科,10,0,10,永全-南崁,2023-09-11,6451
6664,群翊,10,0,10,永全-南崁,2023-09-11,6451
8996,高力,10,0,10,永全-南崁,2023-09-11,6451
2368,金像電,9,0,9,永全-南崁,2023-09-11,6451
1312,國喬,8,0,8,永全-南崁,2023-09-11,6451
2201,裕隆,8,0,8,永全-南崁,2023-09-11,6451
4173,久裕,8,0,8,永全-南崁,2023-09-11,6451
4915,致伸,40,8,32,永全-南崁,2023-09-12,6451
00878,國泰永續高股息,32,5,27,永全-南崁,2023-09-12,6451
8111,立��,25,0,25,永全-南崁,2023-09-12,6451
8358,金居,27,2,25,永全-南崁,2023-09-12,6451
9105,泰金寶-DR,30,5,25,永全-南崁,2023-09-12,6451
1312,國喬,24,0,24,永全-南崁,2023-09-12,6451
3231,緯創,54,30,24,永全-南崁,2023-09-12,6451
2488,漢平,23,0,23,永全-南崁,2023-09-12,6451
2427,三商電,22,1,21,永全-南崁,2023-09-12,6451
00632R,元大台灣50反1,20,0,20,永全-南崁,2023-09-12,6451
6282,康舒,42,22,20,永全-南崁,2023-09-12,6451
00929,復華台灣科技優息,21,2,19,永全-南崁,2023-09-12,6451
1524,耿鼎,34,15,19,永全-南崁,2023-09-12,6451
1471,首利,25,7,18,永全-南崁,2023-09-12,6451
2538,基泰,20,3,17,永全-南崁,2023-09-12,6451
2204,中華,22,7,15,永全-南崁,2023-09-12,6451
2801,彰銀,14,0,14,永全-南崁,2023-09-12,6451
3163,波若威,15,2,13,永全-南崁,2023-09-12,6451
3715,定穎投控,15,3,12,永全-南崁,2023-09-12,6451
2323,中環,12,0,12,永全-南崁,2023-09-12,6451
2485,兆赫,12,0,12,永全-南崁,2023-09-12,6451
3078,僑威,16,4,12,永全-南崁,2023-09-12,6451
6120,達運,12,0,12,永全-南崁,2023-09-12,6451
3071,協禧,12,1,11,永全-南崁,2023-09-12,6451
2618,長榮航,16,5,11,永全-南崁,2023-09-12,6451
1305,華夏,10,0,10,永全-南崁,2023-09-12,6451
00720B,元大投資級公司債,10,0,10,永全-南崁,2023-09-12,6451
3049,精金,10,0,10,永全-南崁,2023-09-12,6451
3060,銘異,10,0,10,永全-南崁,2023-09-12,6451
4167,松瑞藥,10,0,10,永全-南崁,2023-09-12,6451
4909,新復興,10,0,10,永全-南崁,2023-09-12,6451
2417,圓剛,10,1,9,永全-南崁,2023-09-12,6451
6274,台燿,9,0,9,永全-南崁,2023-09-12,6451
2892,第一金,8,0,8,永全-南崁,2023-09-12,6451
3693,營邦,11,3,8,永全-南崁,2023-09-12,6451
00919,群益台灣精選高息,7,0,7,永全-南崁,2023-09-12,6451
1734,杏輝,7,0,7,永全-南崁,2023-09-12,6451
3588,通嘉,6,0,6,永全-南崁,2023-09-12,6451
8016,矽創,7,1,6,永全-南崁,2023-09-12,6451
8996,高力,6,0,6,永全-南崁,2023-09-12,6451
6125,廣運,6,0,6,永全-南崁,2023-09-12,6451
2340,台亞,5,0,5,永全-南崁,2023-09-12,6451
3011,今皓,9,4,5,永全-南崁,2023-09-12,6451
3014,聯陽,7,2,5,永全-南崁,2023-09-12,6451
5351,鈺創,5,0,5,永全-南崁,2023-09-12,6451
8183,精星,5,0,5,永全-南崁,2023-09-12,6451
2009,第一銅,5,0,5,永全-南崁,2023-09-12,6451
2606,裕民,4,0,4,永全-南崁,2023-09-12,6451
3711,日月光投控,5,1,4,永全-南崁,2023-09-12,6451
8044,網家,4,0,4,永全-南崁,2023-09-12,6451
1524,耿鼎,99,28,71,永全-南崁,2023-09-13,6451
2887,台新金,54,0,54,永全-南崁,2023-09-13,6451
2313,華通,50,9,41,永全-南崁,2023-09-13,6451
00919,群益台灣精選高息,32,0,32,永全-南崁,2023-09-13,6451
3229,晟鈦,32,0,32,永全-南崁,2023-09-13,6451
00673R,期元大S＆P原油反1,22,0,22,永全-南崁,2023-09-13,6451
2002,中鋼,20,0,20,永全-南崁,2023-09-13,6451
1319,東陽,57,39,18,永全-南崁,2023-09-13,6451
6125,廣運,20,2,18,永全-南崁,2023-09-13,6451
3711,日月光投控,15,0,15,永全-南崁,2023-09-13,6451
0056,元大高股息,14,0,14,永全-南崁,2023-09-13,6451
2610,華航,15,1,14,永全-南崁,2023-09-13,6451
3483,力致,15,1,14,永全-南崁,2023-09-13,6451
8016,矽創,14,0,14,永全-南崁,2023-09-13,6451
1471,首利,14,1,13,永全-南崁,2023-09-13,6451
8011,台通,13,0,13,永全-南崁,2023-09-13,6451
9958,世紀鋼,13,0,13,永全-南崁,2023-09-13,6451
6285,啟��,15,3,12,永全-南崁,2023-09-13,6451
1609,大亞,11,0,11,永全-南崁,2023-09-13,6451
2405,輔信,12,1,11,永全-南崁,2023-09-13,6451
2485,兆赫,33,22,11,永全-南崁,2023-09-13,6451
00637L,元大滬深300正2,10,0,10,永全-南崁,2023-09-13,6451
00915,凱基優選高股息30,10,0,10,永全-南崁,2023-09-13,6451
1584,精剛,10,0,10,永全-南崁,2023-09-13,6451
1717,長興,10,0,10,永全-南崁,2023-09-13,6451
1809,中釉,10,0,10,永全-南崁,2023-09-13,6451
2331,精英,10,0,10,永全-南崁,2023-09-13,6451
2412,中華電,10,0,10,永全-南崁,2023-09-13,6451
3078,僑威,10,0,10,永全-南崁,2023-09-13,6451
5009,榮剛,10,0,10,永全-南崁,2023-09-13,6451
6139,亞翔,10,0,10,永全-南崁,2023-09-13,6451
6143,振曜,10,0,10,永全-南崁,2023-09-13,6451
8390,金益鼎,10,0,10,永全-南崁,2023-09-13,6451
2352,佳世達,20,10,10,永全-南崁,2023-09-13,6451
3704,合勤控,18,10,8,永全-南崁,2023-09-13,6451
2369,菱生,7,0,7,永全-南崁,2023-09-13,6451
1618,合機,7,1,6,永全-南崁,2023-09-13,6451
00929,復華台灣科技優息,32,26,6,永全-南崁,2023-09-13,6451
2618,長榮航,36,30,6,永全-南崁,2023-09-13,6451
4533,協易機,8,2,6,永全-南崁,2023-09-13,6451
5388,中磊,7,1,6,永全-南崁,2023-09-13,6451
3037,欣興,8,3,5,永全-南崁,2023-09-13,6451
3149,正達,5,0,5,永全-南崁,2023-09-13,6451
3169,亞信,5,0,5,永全-南崁,2023-09-13,6451
3346,麗清,8,3,5,永全-南崁,2023-09-13,6451
3532,台勝科,5,0,5,永全-南崁,2023-09-13,6451
4133,亞諾法,5,0,5,永全-南崁,2023-09-13,6451
5371,中光電,6,1,5,永全-南崁,2023-09-13,6451
6163,華電網,5,0,5,永全-南崁,2023-09-13,6451
6282,康舒,6,1,5,永全-南崁,2023-09-13,6451
00632R,元大台灣50反1,460,0,460,永全-南崁,2023-09-14,6451
00929,復華台灣科技優息,90,14,76,永全-南崁,2023-09-14,6451
00919,群益台灣精選高息,73,0,73,永全-南崁,2023-09-14,6451
2369,菱生,65,5,60,永全-南崁,2023-09-14,6451
1312,國喬,40,0,40,永全-南崁,2023-09-14,6451
00915,凱基優選高股息30,36,0,36,永全-南崁,2023-09-14,6451
00878,國泰永續高股息,32,8,24,永全-南崁,2023-09-14,6451
3229,晟鈦,20,0,20,永全-南崁,2023-09-14,6451
2412,中華電,15,0,15,永全-南崁,2023-09-14,6451
1717,長興,15,0,15,永全-南崁,2023-09-14,6451
3481,群創,16,1,15,永全-南崁,2023-09-14,6451
00673R,期元大S＆P原油反1,13,0,13,永全-南崁,2023-09-14,6451
6446,藥華藥,13,0,13,永全-南崁,2023-09-14,6451
00907,永豐優息存股,11,0,11,永全-南崁,2023-09-14,6451
4967,十銓,14,3,11,永全-南崁,2023-09-14,6451
1514,亞力,10,0,10,永全-南崁,2023-09-14,6451
00882,中信中國高股息,10,0,10,永全-南崁,2023-09-14,6451
2332,友訊,10,0,10,永全-南崁,2023-09-14,6451
2376,技嘉,12,2,10,永全-南崁,2023-09-14,6451
2618,長榮航,44,34,10,永全-南崁,2023-09-14,6451
3260,威剛,10,2,8,永全-南崁,2023-09-14,6451
6271,同欣電,8,0,8,永全-南崁,2023-09-14,6451
8183,精星,8,0,8,永全-南崁,2023-09-14,6451
2382,廣達,11,4,7,永全-南崁,2023-09-14,6451
3715,定穎投控,14,7,7,永全-南崁,2023-09-14,6451
00885,富邦越南,6,0,6,永全-南崁,2023-09-14,6451
2421,建準,8,2,6,永全-南崁,2023-09-14,6451
5608,四維航,6,0,6,永全-南崁,2023-09-14,6451
1319,東陽,17,12,5,永全-南崁,2023-09-14,6451
2340,台亞,9,4,5,永全-南崁,2023-09-14,6451
3046,建��,5,0,5,永全-南崁,2023-09-14,6451
3209,全科,6,1,5,永全-南崁,2023-09-14,6451
3532,台勝科,5,0,5,永全-南崁,2023-09-14,6451
3587,閎康,5,0,5,永全-南崁,2023-09-14,6451
5426,振發,9,4,5,永全-南崁,2023-09-14,6451
8054,安國,6,1,5,永全-南崁,2023-09-14,6451
8109,博大,5,0,5,永全-南崁,2023-09-14,6451
2607,榮運,4,0,4,永全-南崁,2023-09-14,6451
2883,凱基金,5,1,4,永全-南崁,2023-09-14,6451
3704,合勤控,5,1,4,永全-南崁,2023-09-14,6451
5425,台半,4,0,4,永全-南崁,2023-09-14,6451
5706,鳳凰,5,1,4,永全-南崁,2023-09-14,6451
5880,合庫金,4,0,4,永全-南崁,2023-09-14,6451
00918,大華優利高填息30,3,0,3,永全-南崁,2023-09-14,6451
00720B,元大投資級公司債,3,0,3,永全-南崁,2023-09-14,6451
1806,冠軍,3,0,3,永全-南崁,2023-09-14,6451
2228,劍麟,3,0,3,永全-南崁,2023-09-14,6451
2331,精英,3,0,3,永全-南崁,2023-09-14,6451
2355,敬鵬,8,5,3,永全-南崁,2023-09-14,6451
2481,強茂,3,0,3,永全-南崁,2023-09-14,6451
9105,泰金寶-DR,200,0,200,永全-南崁,2023-09-15,6451
2485,兆赫,169,0,169,永全-南崁,2023-09-15,6451
00929,復華台灣科技優息,151,1,150,永全-南崁,2023-09-15,6451
2402,毅嘉,77,1,76,永全-南崁,2023-09-15,6451
2637,慧洋-KY,154,91,63,永全-南崁,2023-09-15,6451
1455,集盛,50,0,50,永全-南崁,2023-09-15,6451
6290,良維,43,1,42,永全-南崁,2023-09-15,6451
3481,群創,45,10,35,永全-南崁,2023-09-15,6451
2313,華通,94,59,35,永全-南崁,2023-09-15,6451
00885,富邦越南,31,0,31,永全-南崁,2023-09-15,6451
2891,中信金,71,40,31,永全-南崁,2023-09-15,6451
2486,一詮,45,15,30,永全-南崁,2023-09-15,6451
4532,瑞智,20,0,20,永全-南崁,2023-09-15,6451
4919,新唐,19,1,18,永全-南崁,2023-09-15,6451
2356,英業達,15,2,13,永全-南崁,2023-09-15,6451
8088,品安,14,2,12,永全-南崁,2023-09-15,6451
00931B,統一美債20年,11,0,11,永全-南崁,2023-09-15,6451
1528,恩德,11,0,11,永全-南崁,2023-09-15,6451
2317,鴻海,21,10,11,永全-南崁,2023-09-15,6451
2376,技嘉,12,1,11,永全-南崁,2023-09-15,6451
00919,群益台灣精選高息,22,12,10,永全-南崁,2023-09-15,6451
1316,上曜,10,0,10,永全-南崁,2023-09-15,6451
1303,南亞,10,0,10,永全-南崁,2023-09-15,6451
2743,山富,15,5,10,永全-南崁,2023-09-15,6451
2888,新光金,15,5,10,永全-南崁,2023-09-15,6451
3265,台星科,11,1,10,永全-南崁,2023-09-15,6451
5388,中磊,14,4,10,永全-南崁,2023-09-15,6451
1524,耿鼎,15,7,8,永全-南崁,2023-09-15,6451
2314,台揚,10,2,8,永全-南崁,2023-09-15,6451
2618,長榮航,101,93,8,永全-南崁,2023-09-15,6451
2363,矽統,31,23,8,永全-南崁,2023-09-15,6451
1605,華新,14,7,7,永全-南崁,2023-09-15,6451
2610,華航,12,5,7,永全-南崁,2023-09-15,6451
1618,合機,8,2,6,永全-南崁,2023-09-15,6451
00712,復華富時不動產,6,0,6,永全-南崁,2023-09-15,6451
2014,中鴻,10,4,6,永全-南崁,2023-09-15,6451
2645,長榮航太,6,0,6,永全-南崁,2023-09-15,6451
3306,鼎天,8,2,6,永全-南崁,2023-09-15,6451
3380,明泰,11,5,6,永全-南崁,2023-09-15,6451
6117,迎廣,7,1,6,永全-南崁,2023-09-15,6451
3078,僑威,6,0,6,永全-南崁,2023-09-15,6451
3035,智原,10,4,6,永全-南崁,2023-09-15,6451
5609,中菲行,6,0,6,永全-南崁,2023-09-15,6451
00915,凱基優選高股息30,5,0,5,永全-南崁,2023-09-15,6451
1608,華榮,5,0,5,永全-南崁,2023-09-15,6451
1539,巨庭,5,0,5,永全-南崁,2023-09-15,6451
1905,華紙,5,0,5,永全-南崁,2023-09-15,6451
2006,東和鋼鐵,5,0,5,永全-南崁,2023-09-15,6451
2312,金寶,5,0,5,永全-南崁,2023-09-15,6451
2329,華泰,5,0,5,永全-南崁,2023-09-15,6451
00929,復華台灣科技優息,478,9,469,永全-南崁,2023-09-18,6451
2363,矽統,93,40,53,永全-南崁,2023-09-18,6451
8046,南電,57,7,50,永全-南崁,2023-09-18,6451
00632R,元大台灣50反1,45,0,45,永全-南崁,2023-09-18,6451
00919,群益台灣精選高息,53,8,45,永全-南崁,2023-09-18,6451
8227,巨有科技,80,40,40,永全-南崁,2023-09-18,6451
1815,富喬,30,0,30,永全-南崁,2023-09-18,6451
2323,中環,29,2,27,永全-南崁,2023-09-18,6451
8358,金居,23,0,23,永全-南崁,2023-09-18,6451
2884,玉山金,20,0,20,永全-南崁,2023-09-18,6451
00878,國泰永續高股息,19,0,19,永全-南崁,2023-09-18,6451
6274,台燿,29,10,19,永全-南崁,2023-09-18,6451
2382,廣達,18,0,18,永全-南崁,2023-09-18,6451
3231,緯創,28,11,17,永全-南崁,2023-09-18,6451
3058,立德,16,2,14,永全-南崁,2023-09-18,6451
2301,光寶科,13,0,13,永全-南崁,2023-09-18,6451
2887,台新金,13,0,13,永全-南崁,2023-09-18,6451
2313,華通,37,24,13,永全-南崁,2023-09-18,6451
3419,譁裕,12,0,12,永全-南崁,2023-09-18,6451
00931B,統一美債20年,11,0,11,永全-南崁,2023-09-18,6451
00673R,期元大S＆P原油反1,11,0,11,永全-南崁,2023-09-18,6451
3163,波若威,14,3,11,永全-南崁,2023-09-18,6451
00637L,元大滬深300正2,16,6,10,永全-南崁,2023-09-18,6451
00692,富邦公司治理,10,0,10,永全-南崁,2023-09-18,6451
2356,英業達,17,7,10,永全-南崁,2023-09-18,6451
2538,基泰,10,0,10,永全-南崁,2023-09-18,6451
3022,威強電,10,0,10,永全-南崁,2023-09-18,6451
3257,虹冠電,10,0,10,永全-南崁,2023-09-18,6451
3570,大塚,10,0,10,永全-南崁,2023-09-18,6451
4904,遠傳,10,0,10,永全-南崁,2023-09-18,6451
4979,華星光,17,7,10,永全-南崁,2023-09-18,6451
2816,旺旺保,10,0,10,永全-南崁,2023-09-18,6451
2634,漢翔,13,4,9,永全-南崁,2023-09-18,6451
3044,健鼎,12,3,9,永全-南崁,2023-09-18,6451
3483,力致,10,1,9,永全-南崁,2023-09-18,6451
2330,台積電,8,0,8,永全-南崁,2023-09-18,6451
00720B,元大投資級公司債,8,0,8,永全-南崁,2023-09-18,6451
2027,大成鋼,18,10,8,永全-南崁,2023-09-18,6451
2754,亞洲藏壽司,8,0,8,永全-南崁,2023-09-18,6451
3037,欣興,8,0,8,永全-南崁,2023-09-18,6451
6538,倉和,8,0,8,永全-南崁,2023-09-18,6451
00885,富邦越南,7,0,7,永全-南崁,2023-09-18,6451
00679B,元大美債20年,7,0,7,永全-南崁,2023-09-18,6451
2485,兆赫,7,0,7,永全-南崁,2023-09-18,6451
2609,陽明,12,5,7,永全-南崁,2023-09-18,6451
3011,今皓,7,0,7,永全-南崁,2023-09-18,6451
3014,聯陽,10,3,7,永全-南崁,2023-09-18,6451
3293,鈊象,7,0,7,永全-南崁,2023-09-18,6451
3666,光耀,7,0,7,永全-南崁,2023-09-18,6451
1471,首利,17,11,6,永全-南崁,2023-09-18,6451
00929,復華台灣科技優息,57,7,50,永全-南崁,2023-09-19,6451
1528,恩德,40,0,40,永全-南崁,2023-09-19,6451
8358,金居,29,0,29,永全-南崁,2023-09-19,6451
3044,健鼎,30,4,26,永全-南崁,2023-09-19,6451
2392,正崴,25,0,25,永全-南崁,2023-09-19,6451
2887,台新金,25,0,25,永全-南崁,2023-09-19,6451
4532,瑞智,25,0,25,永全-南崁,2023-09-19,6451
3231,緯創,42,17,25,永全-南崁,2023-09-19,6451
1815,富喬,27,3,24,永全-南崁,2023-09-19,6451
00919,群益台灣精選高息,21,0,21,永全-南崁,2023-09-19,6451
2605,新興,21,0,21,永全-南崁,2023-09-19,6451
00902,中信電池及儲能,20,0,20,永全-南崁,2023-09-19,6451
3552,同致,20,0,20,永全-南崁,2023-09-19,6451
2427,三商電,22,3,19,永全-南崁,2023-09-19,6451
2485,兆赫,24,5,19,永全-南崁,2023-09-19,6451
2603,長榮,41,23,18,永全-南崁,2023-09-19,6451
2382,廣達,49,32,17,永全-南崁,2023-09-19,6451
6901,鑽石投資,16,0,16,永全-南崁,2023-09-19,6451
2417,圓剛,14,0,14,永全-南崁,2023-09-19,6451
2838,聯邦銀,13,0,13,永全-南崁,2023-09-19,6451
3706,神達,16,3,13,永全-南崁,2023-09-19,6451
2027,大成鋼,12,0,12,永全-南崁,2023-09-19,6451
2883,凱基金,12,0,12,永全-南崁,2023-09-19,6451
4979,華星光,21,9,12,永全-南崁,2023-09-19,6451
8034,榮群,21,10,11,永全-南崁,2023-09-19,6451
00752,中信中國50,10,0,10,永全-南崁,2023-09-19,6451
2816,旺旺保,10,0,10,永全-南崁,2023-09-19,6451
2851,中再保,10,0,10,永全-南崁,2023-09-19,6451
3025,星通,10,0,10,永全-南崁,2023-09-19,6451
3363,上詮,11,1,10,永全-南崁,2023-09-19,6451
3374,精材,10,0,10,永全-南崁,2023-09-19,6451
6143,振曜,10,0,10,永全-南崁,2023-09-19,6451
8183,精星,10,0,10,永全-南崁,2023-09-19,6451
8390,金益鼎,10,0,10,永全-南崁,2023-09-19,6451
1504,東元,12,3,9,永全-南崁,2023-09-19,6451
2301,光寶科,11,2,9,永全-南崁,2023-09-19,6451
2331,精英,17,8,9,永全-南崁,2023-09-19,6451
2356,英業達,15,6,9,永全-南崁,2023-09-19,6451
2388,威盛,17,8,9,永全-南崁,2023-09-19,6451
5381,合正,12,3,9,永全-南崁,2023-09-19,6451
2634,漢翔,14,6,8,永全-南崁,2023-09-19,6451
3017,奇鋐,16,8,8,永全-南崁,2023-09-19,6451
3046,建��,9,1,8,永全-南崁,2023-09-19,6451
4958,臻鼎-KY,8,0,8,永全-南崁,2023-09-19,6451
6257,矽格,14,6,8,永全-南崁,2023-09-19,6451
2645,長榮航太,7,0,7,永全-南崁,2023-09-19,6451
3035,智原,9,2,7,永全-南崁,2023-09-19,6451
3481,群創,9,2,7,永全-南崁,2023-09-19,6451
6274,台燿,7,0,7,永全-南崁,2023-09-19,6451
5222,全訊,7,1,6,永全-南崁,2023-09-19,6451
8046,南電,355,0,355,永全-南崁,2023-09-20,6451
00929,復華台灣科技優息,121,5,116,永全-南崁,2023-09-20,6451
2313,華通,121,18,103,永全-南崁,2023-09-20,6451
00923,群益台ESG低碳50,101,5,96,永全-南崁,2023-09-20,6451
2637,慧洋-KY,82,10,72,永全-南崁,2023-09-20,6451
2323,中環,70,2,68,永全-南崁,2023-09-20,6451
2367,燿華,85,44,41,永全-南崁,2023-09-20,6451
2330,台積電,33,1,32,永全-南崁,2023-09-20,6451
00919,群益台灣精選高息,32,0,32,永全-南崁,2023-09-20,6451
3036,文曄,32,5,27,永全-南崁,2023-09-20,6451
2449,京元電子,35,10,25,永全-南崁,2023-09-20,6451
2891,中信金,21,0,21,永全-南崁,2023-09-20,6451
1528,恩德,20,0,20,永全-南崁,2023-09-20,6451
3042,晶技,22,2,20,永全-南崁,2023-09-20,6451
1605,華新,30,11,19,永全-南崁,2023-09-20,6451
2409,友達,18,0,18,永全-南崁,2023-09-20,6451
2882,國泰金,16,0,16,永全-南崁,2023-09-20,6451
3715,定穎投控,62,48,14,永全-南崁,2023-09-20,6451
2542,興富發,15,1,14,永全-南崁,2023-09-20,6451
2354,鴻準,13,0,13,永全-南崁,2023-09-20,6451
1319,東陽,29,18,11,永全-南崁,2023-09-20,6451
2607,榮運,11,0,11,永全-南崁,2023-09-20,6451
8358,金居,13,2,11,永全-南崁,2023-09-20,6451
2002,中鋼,10,0,10,永全-南崁,2023-09-20,6451
00915,凱基優選高股息30,10,0,10,永全-南崁,2023-09-20,6451
00751B,元大AAA至A公司債,10,0,10,永全-南崁,2023-09-20,6451
1717,長興,10,0,10,永全-南崁,2023-09-20,6451
1802,台玻,10,0,10,永全-南崁,2023-09-20,6451
2352,佳世達,10,0,10,永全-南崁,2023-09-20,6451
2610,華航,20,10,10,永全-南崁,2023-09-20,6451
2834,臺企銀,10,0,10,永全-南崁,2023-09-20,6451
3024,憶聲,10,0,10,永全-南崁,2023-09-20,6451
3060,銘異,10,0,10,永全-南崁,2023-09-20,6451
3444,利機,10,0,10,永全-南崁,2023-09-20,6451
6147,頎邦,10,0,10,永全-南崁,2023-09-20,6451
9105,泰金寶-DR,10,0,10,永全-南崁,2023-09-20,6451
3037,欣興,13,4,9,永全-南崁,2023-09-20,6451
3570,大塚,9,0,9,永全-南崁,2023-09-20,6451
2486,一詮,9,1,8,永全-南崁,2023-09-20,6451
2363,矽統,17,10,7,永全-南崁,2023-09-20,6451
2337,旺宏,7,0,7,永全-南崁,2023-09-20,6451
2606,裕民,12,5,7,永全-南崁,2023-09-20,6451
3592,瑞鼎,7,0,7,永全-南崁,2023-09-20,6451
2027,大成鋼,13,7,6,永全-南崁,2023-09-20,6451
2412,中華電,6,0,6,永全-南崁,2023-09-20,6451
2887,台新金,6,0,6,永全-南崁,2023-09-20,6451
4402,郡都開發,6,0,6,永全-南崁,2023-09-20,6451
4909,新復興,10,4,6,永全-南崁,2023-09-20,6451
6191,精成科,6,0,6,永全-南崁,2023-09-20,6451
6274,台燿,13,7,6,永全-南崁,2023-09-20,6451
00900,富邦特選高股息30,112,0,112,永全-南崁,2023-09-21,6451
9105,泰金寶-DR,110,0,110,永全-南崁,2023-09-21,6451
1217,愛之味,100,0,100,永全-南崁,2023-09-21,6451
00673R,期元大S＆P原油反1,100,0,100,永全-南崁,2023-09-21,6451
2891,中信金,122,27,95,永全-南崁,2023-09-21,6451
6005,群益證,60,0,60,永全-南崁,2023-09-21,6451
2887,台新金,54,1,53,永全-南崁,2023-09-21,6451
2449,京元電子,60,8,52,永全-南崁,2023-09-21,6451
3325,旭品,51,0,51,永全-南崁,2023-09-21,6451
1605,華新,50,0,50,永全-南崁,2023-09-21,6451
2002,中鋼,49,1,48,永全-南崁,2023-09-21,6451
5009,榮剛,42,0,42,永全-南崁,2023-09-21,6451
00878,國泰永續高股息,41,1,40,永全-南崁,2023-09-21,6451
00919,群益台灣精選高息,40,0,40,永全-南崁,2023-09-21,6451
00929,復華台灣科技優息,58,19,39,永全-南崁,2023-09-21,6451
2884,玉山金,32,0,32,永全-南崁,2023-09-21,6451
3276,宇環,30,0,30,永全-南崁,2023-09-21,6451
2603,長榮,34,5,29,永全-南崁,2023-09-21,6451
2882,國泰金,26,0,26,永全-南崁,2023-09-21,6451
1789,神隆,25,0,25,永全-南崁,2023-09-21,6451
3481,群創,30,7,23,永全-南崁,2023-09-21,6451
2330,台積電,21,0,21,永全-南崁,2023-09-21,6451
1528,恩德,20,0,20,永全-南崁,2023-09-21,6451
2303,聯電,20,0,20,永全-南崁,2023-09-21,6451
2472,立隆電,20,0,20,永全-南崁,2023-09-21,6451
2851,中再保,20,0,20,永全-南崁,2023-09-21,6451
2883,凱基金,20,0,20,永全-南崁,2023-09-21,6451
2888,新光金,20,0,20,永全-南崁,2023-09-21,6451
5880,合庫金,20,0,20,永全-南崁,2023-09-21,6451
2618,長榮航,25,6,19,永全-南崁,2023-09-21,6451
4915,致伸,19,0,19,永全-南崁,2023-09-21,6451
2485,兆赫,20,2,18,永全-南崁,2023-09-21,6451
2634,漢翔,22,4,18,永全-南崁,2023-09-21,6451
00631L,元大台灣50正2,17,0,17,永全-南崁,2023-09-21,6451
6285,啟��,23,6,17,永全-南崁,2023-09-21,6451
2363,矽統,23,9,14,永全-南崁,2023-09-21,6451
00881,國泰台灣5G+,11,0,11,永全-南崁,2023-09-21,6451
2377,微星,12,1,11,永全-南崁,2023-09-21,6451
3022,威強電,11,0,11,永全-南崁,2023-09-21,6451
3037,欣興,12,1,11,永全-南崁,2023-09-21,6451
3163,波若威,25,14,11,永全-南崁,2023-09-21,6451
0056,元大高股息,10,0,10,永全-南崁,2023-09-21,6451
00902,中信電池及儲能,10,0,10,永全-南崁,2023-09-21,6451
1717,長興,10,0,10,永全-南崁,2023-09-21,6451
2390,云辰,10,0,10,永全-南崁,2023-09-21,6451
2605,新興,11,1,10,永全-南崁,2023-09-21,6451
3060,銘異,10,0,10,永全-南崁,2023-09-21,6451
3078,僑威,10,0,10,永全-南崁,2023-09-21,6451
3483,力致,11,1,10,永全-南崁,2023-09-21,6451
3532,台勝科,10,0,10,永全-南崁,2023-09-21,6451
2905,三商,48,0,48,永全-南崁,2023-09-22,6451
00893,國泰智能電動車,40,0,40,永全-南崁,2023-09-22,6451
3037,欣興,29,0,29,永全-南崁,2023-09-22,6451
00929,復華台灣科技優息,28,0,28,永全-南崁,2023-09-22,6451
3325,旭品,25,0,25,永全-南崁,2023-09-22,6451
4564,元翎,20,0,20,永全-南崁,2023-09-22,6451
6016,康和證,20,0,20,永全-南崁,2023-09-22,6451
9105,泰金寶-DR,20,0,20,永全-南崁,2023-09-22,6451
2891,中信金,37,20,17,永全-南崁,2023-09-22,6451
6104,創惟,15,0,15,永全-南崁,2023-09-22,6451
00919,群益台灣精選高息,12,0,12,永全-南崁,2023-09-22,6451
2421,建準,12,0,12,永全-南崁,2023-09-22,6451
5388,中磊,12,0,12,永全-南崁,2023-09-22,6451
1444,力麗,16,5,11,永全-南崁,2023-09-22,6451
2329,華泰,11,0,11,永全-南崁,2023-09-22,6451
6274,台燿,18,7,11,永全-南崁,2023-09-22,6451
2601,益航,10,0,10,永全-南崁,2023-09-22,6451
2633,台灣高鐵,10,0,10,永全-南崁,2023-09-22,6451
00931B,統一美債20年,9,0,9,永全-南崁,2023-09-22,6451
00885,富邦越南,9,0,9,永全-南崁,2023-09-22,6451
3438,類比科,11,2,9,永全-南崁,2023-09-22,6451
00751B,元大AAA至A公司債,8,0,8,永全-南崁,2023-09-22,6451
00712,復華富時不動產,8,0,8,永全-南崁,2023-09-22,6451
3324,雙鴻,10,2,8,永全-南崁,2023-09-22,6451
0050,元大台灣50,7,0,7,永全-南崁,2023-09-22,6451
00772B,中信高評級公司債,7,0,7,永全-南崁,2023-09-22,6451
2402,毅嘉,83,76,7,永全-南崁,2023-09-22,6451
2546,根基,7,0,7,永全-南崁,2023-09-22,6451
2603,長榮,19,12,7,永全-南崁,2023-09-22,6451
2330,台積電,7,1,6,永全-南崁,2023-09-22,6451
00878,國泰永續高股息,7,1,6,永全-南崁,2023-09-22,6451
3231,緯創,13,7,6,永全-南崁,2023-09-22,6451
8222,寶一,7,1,6,永全-南崁,2023-09-22,6451
00687B,國泰20年美債,5,0,5,永全-南崁,2023-09-22,6451
00679B,元大美債20年,5,0,5,永全-南崁,2023-09-22,6451
2312,金寶,5,0,5,永全-南崁,2023-09-22,6451
2337,旺宏,6,1,5,永全-南崁,2023-09-22,6451
3163,波若威,16,11,5,永全-南崁,2023-09-22,6451
2880,華南金,4,0,4,永全-南崁,2023-09-22,6451
3014,聯陽,6,2,4,永全-南崁,2023-09-22,6451
3293,鈊象,4,0,4,永全-南崁,2023-09-22,6451
5880,合庫金,4,0,4,永全-南崁,2023-09-22,6451
6589,台康生技,4,0,4,永全-南崁,2023-09-22,6451
9944,新麗,4,0,4,永全-南崁,2023-09-22,6451
00633L,富邦上証正2,4,1,3,永全-南崁,2023-09-22,6451
00680L,元大美債20正2,3,0,3,永全-南崁,2023-09-22,6451
00795B,中信美國公債20年,3,0,3,永全-南崁,2023-09-22,6451
2002,中鋼,3,0,3,永全-南崁,2023-09-22,6451
2352,佳世達,3,0,3,永全-南崁,2023-09-22,6451
2634,漢翔,4,1,3,永全-南崁,2023-09-22,6451
9105,泰金寶-DR,50,0,50,永全-南崁,2023-09-25,6451
2317,鴻海,48,0,48,永全-南崁,2023-09-25,6451
1101,台泥,32,5,27,永全-南崁,2023-09-25,6451
2610,華航,20,0,20,永全-南崁,2023-09-25,6451
3033,威健,20,0,20,永全-南崁,2023-09-25,6451
2887,台新金,20,0,20,永全-南崁,2023-09-25,6451
00637L,元大滬深300正2,28,10,18,永全-南崁,2023-09-25,6451
8054,安國,17,0,17,永全-南崁,2023-09-25,6451
3163,波若威,20,5,15,永全-南崁,2023-09-25,6451
3570,大塚,13,0,13,永全-南崁,2023-09-25,6451
2618,長榮航,17,5,12,永全-南崁,2023-09-25,6451
2002,中鋼,11,0,11,永全-南崁,2023-09-25,6451
00679B,元大美債20年,10,0,10,永全-南崁,2023-09-25,6451
2025,千興,10,0,10,永全-南崁,2023-09-25,6451
2316,楠梓電,12,2,10,永全-南崁,2023-09-25,6451
3444,利機,10,0,10,永全-南崁,2023-09-25,6451
6197,佳必琪,11,1,10,永全-南崁,2023-09-25,6451
6411,晶焱,10,0,10,永全-南崁,2023-09-25,6451
6530,創威,10,0,10,永全-南崁,2023-09-25,6451
0056,元大高股息,10,1,9,永全-南崁,2023-09-25,6451
3709,鑫聯大投控,8,0,8,永全-南崁,2023-09-25,6451
5452,佶優,8,0,8,永全-南崁,2023-09-25,6451
00919,群益台灣精選高息,8,1,7,永全-南崁,2023-09-25,6451
2356,英業達,22,15,7,永全-南崁,2023-09-25,6451
2367,燿華,7,0,7,永全-南崁,2023-09-25,6451
3122,笙泉,7,0,7,永全-南崁,2023-09-25,6451
1319,東陽,8,2,6,永全-南崁,2023-09-25,6451
3081,聯亞,8,2,6,永全-南崁,2023-09-25,6451
3149,正達,13,7,6,永全-南崁,2023-09-25,6451
00650L,復華香港正2,10,5,5,永全-南崁,2023-09-25,6451
00753L,中信中國50正2,10,5,5,永全-南崁,2023-09-25,6451
00751B,元大AAA至A公司債,5,0,5,永全-南崁,2023-09-25,6451
2358,廷鑫,7,2,5,永全-南崁,2023-09-25,6451
2455,全新,5,0,5,永全-南崁,2023-09-25,6451
2609,陽明,5,0,5,永全-南崁,2023-09-25,6451
2705,六福,5,0,5,永全-南崁,2023-09-25,6451
3044,健鼎,5,0,5,永全-南崁,2023-09-25,6451
3045,台灣大,5,0,5,永全-南崁,2023-09-25,6451
4979,華星光,6,1,5,永全-南崁,2023-09-25,6451
6219,富旺,5,0,5,永全-南崁,2023-09-25,6451
6257,矽格,5,0,5,永全-南崁,2023-09-25,6451
6770,力積電,5,0,5,永全-南崁,2023-09-25,6451
8110,華東,5,0,5,永全-南崁,2023-09-25,6451
8924,大田,5,0,5,永全-南崁,2023-09-25,6451
9919,康那香,5,0,5,永全-南崁,2023-09-25,6451
9944,新麗,5,0,5,永全-南崁,2023-09-25,6451
2409,友達,4,0,4,永全-南崁,2023-09-25,6451
2468,華經,4,0,4,永全-南崁,2023-09-25,6451
2888,新光金,4,0,4,永全-南崁,2023-09-25,6451
5457,宣德,4,0,4,永全-南崁,2023-09-25,6451
00929,復華台灣科技優息,105,0,105,永全-南崁,2023-09-26,6451
5452,佶優,91,31,60,永全-南崁,2023-09-26,6451
2884,玉山金,40,1,39,永全-南崁,2023-09-26,6451
1522,堤維西,67,35,32,永全-南崁,2023-09-26,6451
1815,富喬,27,3,24,永全-南崁,2023-09-26,6451
3122,笙泉,30,6,24,永全-南崁,2023-09-26,6451
2344,華邦電,23,0,23,永全-南崁,2023-09-26,6451
6285,啟��,22,0,22,永全-南崁,2023-09-26,6451
4979,華星光,21,1,20,永全-南崁,2023-09-26,6451
2880,華南金,20,0,20,永全-南崁,2023-09-26,6451
8046,南電,20,0,20,永全-南崁,2023-09-26,6451
00637L,元大滬深300正2,27,8,19,永全-南崁,2023-09-26,6451
2634,漢翔,26,8,18,永全-南崁,2023-09-26,6451
8358,金居,15,0,15,永全-南崁,2023-09-26,6451
2801,彰銀,14,0,14,永全-南崁,2023-09-26,6451
00857B,永豐20年美公債,11,0,11,永全-南崁,2023-09-26,6451
00919,群益台灣精選高息,11,0,11,永全-南崁,2023-09-26,6451
2002,中鋼,12,1,11,永全-南崁,2023-09-26,6451
2363,矽統,35,24,11,永全-南崁,2023-09-26,6451
5351,鈺創,11,0,11,永全-南崁,2023-09-26,6451
5880,合庫金,11,0,11,永全-南崁,2023-09-26,6451
00878,國泰永續高股息,11,0,11,永全-南崁,2023-09-26,6451
2330,台積電,10,0,10,永全-南崁,2023-09-26,6451
00751B,元大AAA至A公司債,10,0,10,永全-南崁,2023-09-26,6451
00665L,富邦�琤肭磪囓�2,10,0,10,永全-南崁,2023-09-26,6451
2377,微星,12,2,10,永全-南崁,2023-09-26,6451
2409,友達,11,1,10,永全-南崁,2023-09-26,6451
3024,憶聲,10,0,10,永全-南崁,2023-09-26,6451
3032,偉訓,10,0,10,永全-南崁,2023-09-26,6451
5483,中美晶,10,0,10,永全-南崁,2023-09-26,6451
6143,振曜,10,0,10,永全-南崁,2023-09-26,6451
8054,安國,10,0,10,永全-南崁,2023-09-26,6451
2352,佳世達,10,0,10,永全-南崁,2023-09-26,6451
1503,士電,10,1,9,永全-南崁,2023-09-26,6451
3016,嘉晶,9,0,9,永全-南崁,2023-09-26,6451
0050,元大台灣50,8,0,8,永全-南崁,2023-09-26,6451
2107,厚生,8,0,8,永全-南崁,2023-09-26,6451
00679B,元大美債20年,7,0,7,永全-南崁,2023-09-26,6451
00720B,元大投資級公司債,7,0,7,永全-南崁,2023-09-26,6451
2317,鴻海,7,0,7,永全-南崁,2023-09-26,6451
2367,燿華,29,22,7,永全-南崁,2023-09-26,6451
00795B,中信美國公債20年,6,0,6,永全-南崁,2023-09-26,6451
00931B,統一美債20年,6,0,6,永全-南崁,2023-09-26,6451
2329,華泰,6,0,6,永全-南崁,2023-09-26,6451
3163,波若威,7,2,5,永全-南崁,2023-09-26,6451
2882,國泰金,5,0,5,永全-南崁,2023-09-26,6451
00923,群益台ESG低碳50,5,0,5,永全-南崁,2023-09-26,6451
2301,光寶科,5,0,5,永全-南崁,2023-09-26,6451
2371,大同,5,0,5,永全-南崁,2023-09-26,6451
2883,凱基金,5,0,5,永全-南崁,2023-09-26,6451
2002,中鋼,59,1,58,永全-南崁,2023-09-27,6451
2367,燿華,57,7,50,永全-南崁,2023-09-27,6451
2014,中鴻,28,0,28,永全-南崁,2023-09-27,6451
2891,中信金,30,5,25,永全-南崁,2023-09-27,6451
3036,文曄,36,12,24,永全-南崁,2023-09-27,6451
00929,復華台灣科技優息,25,2,23,永全-南崁,2023-09-27,6451
2641,正德,49,27,22,永全-南崁,2023-09-27,6451
1309,台達化,20,0,20,永全-南崁,2023-09-27,6451
2324,仁寶,20,0,20,永全-南崁,2023-09-27,6451
3294,英濟,20,0,20,永全-南崁,2023-09-27,6451
5009,榮剛,20,0,20,永全-南崁,2023-09-27,6451
5452,佶優,20,0,20,永全-南崁,2023-09-27,6451
2356,英業達,19,2,17,永全-南崁,2023-09-27,6451
2316,楠梓電,15,0,15,永全-南崁,2023-09-27,6451
2382,廣達,30,16,14,永全-南崁,2023-09-27,6451
2305,全友,12,0,12,永全-南崁,2023-09-27,6451
2834,臺企銀,12,0,12,永全-南崁,2023-09-27,6451
8938,明安,21,9,12,永全-南崁,2023-09-27,6451
3570,大塚,11,0,11,永全-南崁,2023-09-27,6451
00679B,元大美債20年,10,0,10,永全-南崁,2023-09-27,6451
2390,云辰,10,0,10,永全-南崁,2023-09-27,6451
2801,彰銀,10,0,10,永全-南崁,2023-09-27,6451
2884,玉山金,10,0,10,永全-南崁,2023-09-27,6451
3540,曜越,10,0,10,永全-南崁,2023-09-27,6451
6143,振曜,10,0,10,永全-南崁,2023-09-27,6451
6605,帝寶,10,0,10,永全-南崁,2023-09-27,6451
8088,品安,14,4,10,永全-南崁,2023-09-27,6451
9945,潤泰新,13,3,10,永全-南崁,2023-09-27,6451
1524,耿鼎,14,5,9,永全-南崁,2023-09-27,6451
2606,裕民,18,9,9,永全-南崁,2023-09-27,6451
3231,緯創,18,9,9,永全-南崁,2023-09-27,6451
1605,華新,11,3,8,永全-南崁,2023-09-27,6451
1609,大亞,11,4,7,永全-南崁,2023-09-27,6451
1815,富喬,7,0,7,永全-南崁,2023-09-27,6451
00919,群益台灣精選高息,6,0,6,永全-南崁,2023-09-27,6451
2344,華邦電,9,3,6,永全-南崁,2023-09-27,6451
2377,微星,6,0,6,永全-南崁,2023-09-27,6451
3016,嘉晶,6,0,6,永全-南崁,2023-09-27,6451
8358,金居,6,0,6,永全-南崁,2023-09-27,6451
1326,台化,5,0,5,永全-南崁,2023-09-27,6451
00888,永豐台灣ESG,5,0,5,永全-南崁,2023-09-27,6451
00772B,中信高評級公司債,5,0,5,永全-南崁,2023-09-27,6451
2009,第一銅,5,0,5,永全-南崁,2023-09-27,6451
2230,泰茂,5,0,5,永全-南崁,2023-09-27,6451
2317,鴻海,6,1,5,永全-南崁,2023-09-27,6451
3006,晶豪科,5,0,5,永全-南崁,2023-09-27,6451
3088,艾訊,5,0,5,永全-南崁,2023-09-27,6451
3443,創意,5,0,5,永全-南崁,2023-09-27,6451
6456,GIS-KY,5,0,5,永全-南崁,2023-09-27,6451
6770,力積電,5,0,5,永全-南崁,2023-09-27,6451
00929,復華台灣科技優息,128,0,128,永全-南崁,2023-09-28,6451
00919,群益台灣精選高息,45,1,44,永全-南崁,2023-09-28,6451
2313,華通,45,8,37,永全-南崁,2023-09-28,6451
2492,華新科,30,0,30,永全-南崁,2023-09-28,6451
3044,健鼎,30,0,30,永全-南崁,2023-09-28,6451
3231,緯創,60,37,23,永全-南崁,2023-09-28,6451
2884,玉山金,21,0,21,永全-南崁,2023-09-28,6451
2331,精英,20,0,20,永全-南崁,2023-09-28,6451
2002,中鋼,19,1,18,永全-南崁,2023-09-28,6451
3264,欣銓,18,0,18,永全-南崁,2023-09-28,6451
00712,復華富時不動產,17,0,17,永全-南崁,2023-09-28,6451
00772B,中信高評級公司債,12,0,12,永全-南崁,2023-09-28,6451
9904,寶成,12,0,12,永全-南崁,2023-09-28,6451
3630,新鉅科,17,5,12,永全-南崁,2023-09-28,6451
3548,兆利,13,2,11,永全-南崁,2023-09-28,6451
3704,合勤控,12,1,11,永全-南崁,2023-09-28,6451
2344,華邦電,10,0,10,永全-南崁,2023-09-28,6451
2369,菱生,10,0,10,永全-南崁,2023-09-28,6451
2801,彰銀,10,0,10,永全-南崁,2023-09-28,6451
5272,笙科,10,0,10,永全-南崁,2023-09-28,6451
5457,宣德,10,0,10,永全-南崁,2023-09-28,6451
6219,富旺,10,0,10,永全-南崁,2023-09-28,6451
6276,安鈦克,10,0,10,永全-南崁,2023-09-28,6451
00720B,元大投資級公司債,9,0,9,永全-南崁,2023-09-28,6451
2317,鴻海,9,0,9,永全-南崁,2023-09-28,6451
2498,宏達電,9,0,9,永全-南崁,2023-09-28,6451
2618,長榮航,9,0,9,永全-南崁,2023-09-28,6451
2408,南亞科,10,2,8,永全-南崁,2023-09-28,6451
2421,建準,17,9,8,永全-南崁,2023-09-28,6451
3081,聯亞,10,2,8,永全-南崁,2023-09-28,6451
2609,陽明,7,0,7,永全-南崁,2023-09-28,6451
2388,威盛,7,1,6,永全-南崁,2023-09-28,6451
2610,華航,6,0,6,永全-南崁,2023-09-28,6451
2745,五福,6,0,6,永全-南崁,2023-09-28,6451
4167,松瑞藥,6,0,6,永全-南崁,2023-09-28,6451
6235,華孚,7,1,6,永全-南崁,2023-09-28,6451
6541,泰福-KY,7,1,6,永全-南崁,2023-09-28,6451
00931B,統一美債20年,5,0,5,永全-南崁,2023-09-28,6451
2468,華經,7,2,5,永全-南崁,2023-09-28,6451
2743,山富,5,0,5,永全-南崁,2023-09-28,6451
2816,旺旺保,5,0,5,永全-南崁,2023-09-28,6451
0050,元大台灣50,4,0,4,永全-南崁,2023-09-28,6451
1529,樂事綠能,4,0,4,永全-南崁,2023-09-28,6451
1101,台泥,4,0,4,永全-南崁,2023-09-28,6451
2337,旺宏,4,0,4,永全-南崁,2023-09-28,6451
2363,矽統,30,26,4,永全-南崁,2023-09-28,6451
3037,欣興,6,2,4,永全-南崁,2023-09-28,6451
4979,華星光,6,2,4,永全-南崁,2023-09-28,6451
1560,中砂,14,11,3,永全-南崁,2023-09-28,6451
1409,新纖,3,0,3,永全-南崁,2023-09-28,6451
5426,振發,221,1,220,永全-南崁,2023-10-02,6451
9105,泰金寶-DR,120,0,120,永全-南崁,2023-10-02,6451
00929,復華台灣科技優息,118,1,117,永全-南崁,2023-10-02,6451
2409,友達,81,0,81,永全-南崁,2023-10-02,6451
2002,中鋼,56,0,56,永全-南崁,2023-10-02,6451
2402,毅嘉,40,2,38,永全-南崁,2023-10-02,6451
00632R,元大台灣50反1,37,0,37,永全-南崁,2023-10-02,6451
2637,慧洋-KY,20,0,20,永全-南崁,2023-10-02,6451
5864,致和證,20,0,20,永全-南崁,2023-10-02,6451
2603,長榮,26,7,19,永全-南崁,2023-10-02,6451
3105,穩懋,20,1,19,永全-南崁,2023-10-02,6451
3122,笙泉,16,0,16,永全-南崁,2023-10-02,6451
6104,創惟,14,0,14,永全-南崁,2023-10-02,6451
8215,明基材,12,0,12,永全-南崁,2023-10-02,6451
3704,合勤控,13,2,11,永全-南崁,2023-10-02,6451
6806,森崴能源,13,2,11,永全-南崁,2023-10-02,6451
8016,矽創,11,0,11,永全-南崁,2023-10-02,6451
00708L,期元大S＆P黃金正2,10,0,10,永全-南崁,2023-10-02,6451
2543,皇昌,10,0,10,永全-南崁,2023-10-02,6451
2601,益航,10,0,10,永全-南崁,2023-10-02,6451
2867,三商壽,10,0,10,永全-南崁,2023-10-02,6451
6108,競國,10,0,10,永全-南崁,2023-10-02,6451
6156,松上,10,0,10,永全-南崁,2023-10-02,6451
8088,品安,10,0,10,永全-南崁,2023-10-02,6451
912000,晨訊科-DR,10,0,10,永全-南崁,2023-10-02,6451
2421,建準,14,5,9,永全-南崁,2023-10-02,6451
3706,神達,12,3,9,永全-南崁,2023-10-02,6451
3325,旭品,8,0,8,永全-南崁,2023-10-02,6451
6163,華電網,8,0,8,永全-南崁,2023-10-02,6451
1101,台泥,7,0,7,永全-南崁,2023-10-02,6451
6128,上福,8,1,7,永全-南崁,2023-10-02,6451
5880,合庫金,6,0,6,永全-南崁,2023-10-02,6451
00720B,元大投資級公司債,6,0,6,永全-南崁,2023-10-02,6451
8085,福華,6,0,6,永全-南崁,2023-10-02,6451
00772B,中信高評級公司債,5,0,5,永全-南崁,2023-10-02,6451
2609,陽明,7,2,5,永全-南崁,2023-10-02,6451
00919,群益台灣精選高息,5,0,5,永全-南崁,2023-10-02,6451
2368,金像電,5,0,5,永全-南崁,2023-10-02,6451
2369,菱生,5,0,5,永全-南崁,2023-10-02,6451
2380,虹光,5,0,5,永全-南崁,2023-10-02,6451
3022,威強電,5,0,5,永全-南崁,2023-10-02,6451
3036,文曄,5,0,5,永全-南崁,2023-10-02,6451
3558,神準,5,0,5,永全-南崁,2023-10-02,6451
2329,華泰,8,3,5,永全-南崁,2023-10-02,6451
1608,華榮,5,1,4,永全-南崁,2023-10-02,6451
2313,華通,8,4,4,永全-南崁,2023-10-02,6451
2425,承啟,4,0,4,永全-南崁,2023-10-02,6451
2542,興富發,4,0,4,永全-南崁,2023-10-02,6451
3264,欣銓,4,0,4,永全-南崁,2023-10-02,6451
3715,定穎投控,52,48,4,永全-南崁,2023-10-02,6451
5426,振發,118,37,81,永全-南崁,2023-10-03,6451
2610,華航,72,0,72,永全-南崁,2023-10-03,6451
2887,台新金,62,0,62,永全-南崁,2023-10-03,6451
00637L,元大滬深300正2,45,0,45,永全-南崁,2023-10-03,6451
2409,友達,48,5,43,永全-南崁,2023-10-03,6451
3481,群創,41,2,39,永全-南崁,2023-10-03,6451
8046,南電,39,0,39,永全-南崁,2023-10-03,6451
0056,元大高股息,40,2,38,永全-南崁,2023-10-03,6451
3231,緯創,67,35,32,永全-南崁,2023-10-03,6451
00929,復華台灣科技優息,30,0,30,永全-南崁,2023-10-03,6451
3044,健鼎,34,5,29,永全-南崁,2023-10-03,6451
4961,天鈺,23,1,22,永全-南崁,2023-10-03,6451
2328,廣宇,20,0,20,永全-南崁,2023-10-03,6451
5452,佶優,20,2,18,永全-南崁,2023-10-03,6451
00922,國泰台灣領袖50,17,0,17,永全-南崁,2023-10-03,6451
3325,旭品,29,12,17,永全-南崁,2023-10-03,6451
2603,長榮,26,9,17,永全-南崁,2023-10-03,6451
2313,華通,26,13,13,永全-南崁,2023-10-03,6451
4543,萬在,13,0,13,永全-南崁,2023-10-03,6451
2891,中信金,12,0,12,永全-南崁,2023-10-03,6451
3078,僑威,11,0,11,永全-南崁,2023-10-03,6451
2002,中鋼,12,1,11,永全-南崁,2023-10-03,6451
1609,大亞,18,8,10,永全-南崁,2023-10-03,6451
2457,飛宏,11,1,10,永全-南崁,2023-10-03,6451
2801,彰銀,10,0,10,永全-南崁,2023-10-03,6451
2888,新光金,10,0,10,永全-南崁,2023-10-03,6451
3276,宇環,10,0,10,永全-南崁,2023-10-03,6451
3694,海華,10,0,10,永全-南崁,2023-10-03,6451
3617,碩天,11,1,10,永全-南崁,2023-10-03,6451
00712,復華富時不動產,9,0,9,永全-南崁,2023-10-03,6451
3264,欣銓,10,1,9,永全-南崁,2023-10-03,6451
6285,啟��,13,4,9,永全-南崁,2023-10-03,6451
2421,建準,7,0,7,永全-南崁,2023-10-03,6451
3483,力致,18,11,7,永全-南崁,2023-10-03,6451
2025,千興,6,0,6,永全-南崁,2023-10-03,6451
3293,鈊象,6,0,6,永全-南崁,2023-10-03,6451
5347,世界,6,0,6,永全-南崁,2023-10-03,6451
2344,華邦電,5,0,5,永全-南崁,2023-10-03,6451
8210,勤誠,5,0,5,永全-南崁,2023-10-03,6451
1326,台化,5,0,5,永全-南崁,2023-10-03,6451
00664R,國泰臺灣加權反1,5,0,5,永全-南崁,2023-10-03,6451
2009,第一銅,5,0,5,永全-南崁,2023-10-03,6451
2201,裕隆,5,0,5,永全-南崁,2023-10-03,6451
2316,楠梓電,6,1,5,永全-南崁,2023-10-03,6451
2327,國巨,5,0,5,永全-南崁,2023-10-03,6451
2376,技嘉,10,5,5,永全-南崁,2023-10-03,6451
2402,毅嘉,17,12,5,永全-南崁,2023-10-03,6451
2417,圓剛,37,32,5,永全-南崁,2023-10-03,6451
2743,山富,10,5,5,永全-南崁,2023-10-03,6451
3058,立德,5,0,5,永全-南崁,2023-10-03,6451
3481,群創,355,1,354,永全-南崁,2023-10-04,6451
00929,復華台灣科技優息,153,0,153,永全-南崁,2023-10-04,6451
6005,群益證,80,0,80,永全-南崁,2023-10-04,6451
2002,中鋼,76,0,76,永全-南崁,2023-10-04,6451
5452,佶優,61,1,60,永全-南崁,2023-10-04,6451
2888,新光金,51,0,51,永全-南崁,2023-10-04,6451
5009,榮剛,50,0,50,永全-南崁,2023-10-04,6451
2834,臺企銀,45,0,45,永全-南崁,2023-10-04,6451
2883,凱基金,42,0,42,永全-南崁,2023-10-04,6451
1714,和桐,40,0,40,永全-南崁,2023-10-04,6451
5880,合庫金,38,0,38,永全-南崁,2023-10-04,6451
1514,亞力,37,3,34,永全-南崁,2023-10-04,6451
2801,彰銀,30,0,30,永全-南崁,2023-10-04,6451
3376,新日興,30,0,30,永全-南崁,2023-10-04,6451
6257,矽格,30,0,30,永全-南崁,2023-10-04,6451
2303,聯電,28,3,25,永全-南崁,2023-10-04,6451
2851,中再保,25,0,25,永全-南崁,2023-10-04,6451
2485,兆赫,20,0,20,永全-南崁,2023-10-04,6451
00712,復華富時不動產,19,0,19,永全-南崁,2023-10-04,6451
6117,迎廣,28,10,18,永全-南崁,2023-10-04,6451
00772B,中信高評級公司債,18,0,18,永全-南崁,2023-10-04,6451
2891,中信金,17,0,17,永全-南崁,2023-10-04,6451
2317,鴻海,17,0,17,永全-南崁,2023-10-04,6451
2330,台積電,16,0,16,永全-南崁,2023-10-04,6451
3325,旭品,44,28,16,永全-南崁,2023-10-04,6451
00631L,元大台灣50正2,15,0,15,永全-南崁,2023-10-04,6451
2409,友達,35,21,14,永全-南崁,2023-10-04,6451
00679B,元大美債20年,15,1,14,永全-南崁,2023-10-04,6451
2486,一詮,22,9,13,永全-南崁,2023-10-04,6451
2885,元大金,13,0,13,永全-南崁,2023-10-04,6451
00878,國泰永續高股息,12,0,12,永全-南崁,2023-10-04,6451
0056,元大高股息,14,2,12,永全-南崁,2023-10-04,6451
6770,力積電,15,3,12,永全-南崁,2023-10-04,6451
1301,台塑,11,0,11,永全-南崁,2023-10-04,6451
2892,第一金,11,0,11,永全-南崁,2023-10-04,6451
3260,威剛,16,5,11,永全-南崁,2023-10-04,6451
5272,笙科,43,32,11,永全-南崁,2023-10-04,6451
1540,喬福,10,0,10,永全-南崁,2023-10-04,6451
1584,精剛,10,0,10,永全-南崁,2023-10-04,6451
00676R,富邦臺灣加權反1,10,0,10,永全-南崁,2023-10-04,6451
00687B,國泰20年美債,10,0,10,永全-南崁,2023-10-04,6451
2352,佳世達,10,0,10,永全-南崁,2023-10-04,6451
2356,英業達,17,7,10,永全-南崁,2023-10-04,6451
2362,藍天,10,0,10,永全-南崁,2023-10-04,6451
2374,佳能,10,0,10,永全-南崁,2023-10-04,6451
2538,基泰,10,0,10,永全-南崁,2023-10-04,6451
3712,永崴投控,10,0,10,永全-南崁,2023-10-04,6451
4961,天鈺,10,0,10,永全-南崁,2023-10-04,6451
4977,眾達-KY,10,0,10,永全-南崁,2023-10-04,6451
6274,台燿,11,1,10,永全-南崁,2023-10-04,6451
2888,新光金,80,0,80,永全-南崁,2023-10-05,6451
00929,復華台灣科技優息,58,0,58,永全-南崁,2023-10-05,6451
5272,笙科,69,22,47,永全-南崁,2023-10-05,6451
00715L,期街口布蘭特正2,30,0,30,永全-南崁,2023-10-05,6451
2801,彰銀,30,0,30,永全-南崁,2023-10-05,6451
00712,復華富時不動產,26,0,26,永全-南崁,2023-10-05,6451
8358,金居,31,10,21,永全-南崁,2023-10-05,6451
1101,台泥,20,0,20,永全-南崁,2023-10-05,6451
6139,亞翔,16,0,16,永全-南崁,2023-10-05,6451
8046,南電,16,0,16,永全-南崁,2023-10-05,6451
2405,輔信,15,0,15,永全-南崁,2023-10-05,6451
2376,技嘉,15,2,13,永全-南崁,2023-10-05,6451
6770,力積電,12,0,12,永全-南崁,2023-10-05,6451
3231,緯創,21,10,11,永全-南崁,2023-10-05,6451
6213,聯茂,11,0,11,永全-南崁,2023-10-05,6451
4961,天鈺,10,0,10,永全-南崁,2023-10-05,6451
2002,中鋼,10,0,10,永全-南崁,2023-10-05,6451
1216,統一,10,0,10,永全-南崁,2023-10-05,6451
6442,光聖,10,0,10,永全-南崁,2023-10-05,6451
6456,GIS-KY,10,0,10,永全-南崁,2023-10-05,6451
1522,堤維西,20,12,8,永全-南崁,2023-10-05,6451
9958,世紀鋼,8,0,8,永全-南崁,2023-10-05,6451
2440,太空梭,7,0,7,永全-南崁,2023-10-05,6451
3005,神基,8,1,7,永全-南崁,2023-10-05,6451
3293,鈊象,7,0,7,永全-南崁,2023-10-05,6451
6274,台燿,13,6,7,永全-南崁,2023-10-05,6451
2009,第一銅,6,0,6,永全-南崁,2023-10-05,6451
2332,友訊,6,0,6,永全-南崁,2023-10-05,6451
2421,建準,6,0,6,永全-南崁,2023-10-05,6451
2481,強茂,6,0,6,永全-南崁,2023-10-05,6451
2609,陽明,12,6,6,永全-南崁,2023-10-05,6451
3287,廣寰科,6,0,6,永全-南崁,2023-10-05,6451
9919,康那香,8,2,6,永全-南崁,2023-10-05,6451
1326,台化,5,0,5,永全-南崁,2023-10-05,6451
2891,中信金,10,5,5,永全-南崁,2023-10-05,6451
3346,麗清,5,0,5,永全-南崁,2023-10-05,6451
5381,合正,5,0,5,永全-南崁,2023-10-05,6451
9921,巨大,5,0,5,永全-南崁,2023-10-05,6451
2885,元大金,5,0,5,永全-南崁,2023-10-05,6451
2417,圓剛,24,20,4,永全-南崁,2023-10-05,6451
6204,艾華,4,0,4,永全-南崁,2023-10-05,6451
6245,立端,6,2,4,永全-南崁,2023-10-05,6451
2383,台光電,3,0,3,永全-南崁,2023-10-05,6451
1605,華新,3,0,3,永全-南崁,2023-10-05,6451
1319,東陽,21,18,3,永全-南崁,2023-10-05,6451
2316,楠梓電,8,5,3,永全-南崁,2023-10-05,6451
2388,威盛,4,1,3,永全-南崁,2023-10-05,6451
2542,興富發,3,0,3,永全-南崁,2023-10-05,6451
2634,漢翔,8,5,3,永全-南崁,2023-10-05,6451
3052,夆典,3,0,3,永全-南崁,2023-10-05,6451
00632R,元大台灣50反1,430,0,430,永全-南崁,2023-10-06,6451
1316,上曜,430,5,425,永全-南崁,2023-10-06,6451
9105,泰金寶-DR,268,0,268,永全-南崁,2023-10-06,6451
3481,群創,201,0,201,永全-南崁,2023-10-06,6451
5426,振發,127,5,122,永全-南崁,2023-10-06,6451
8046,南電,118,0,118,永全-南崁,2023-10-06,6451
00664R,國泰臺灣加權反1,30,0,30,永全-南崁,2023-10-06,6451
5272,笙科,30,0,30,永全-南崁,2023-10-06,6451
8358,金居,32,2,30,永全-南崁,2023-10-06,6451
2606,裕民,25,0,25,永全-南崁,2023-10-06,6451
2409,友達,22,0,22,永全-南崁,2023-10-06,6451
8112,至上,26,5,21,永全-南崁,2023-10-06,6451
00715L,期街口布蘭特正2,20,0,20,永全-南崁,2023-10-06,6451
1717,長興,20,0,20,永全-南崁,2023-10-06,6451
2356,英業達,30,10,20,永全-南崁,2023-10-06,6451
2390,云辰,20,0,20,永全-南崁,2023-10-06,6451
2605,新興,20,3,17,永全-南崁,2023-10-06,6451
2618,長榮航,24,7,17,永全-南崁,2023-10-06,6451
1522,堤維西,25,9,16,永全-南崁,2023-10-06,6451
2002,中鋼,15,0,15,永全-南崁,2023-10-06,6451
3231,緯創,38,23,15,永全-南崁,2023-10-06,6451
6168,宏齊,15,0,15,永全-南崁,2023-10-06,6451
00929,復華台灣科技優息,23,9,14,永全-南崁,2023-10-06,6451
3325,旭品,23,12,11,永全-南崁,2023-10-06,6451
1589,永冠-KY,10,0,10,永全-南崁,2023-10-06,6451
3037,欣興,10,0,10,永全-南崁,2023-10-06,6451
3322,建舜電,10,0,10,永全-南崁,2023-10-06,6451
3708,上緯投控,10,0,10,永全-南崁,2023-10-06,6451
8088,品安,10,0,10,永全-南崁,2023-10-06,6451
2603,長榮,14,5,9,永全-南崁,2023-10-06,6451
5347,世界,9,0,9,永全-南崁,2023-10-06,6451
2881,富邦金,8,0,8,永全-南崁,2023-10-06,6451
2201,裕隆,8,1,7,永全-南崁,2023-10-06,6451
2313,華通,8,1,7,永全-南崁,2023-10-06,6451
2457,飛宏,7,0,7,永全-南崁,2023-10-06,6451
2458,義隆,7,0,7,永全-南崁,2023-10-06,6451
2486,一詮,27,20,7,永全-南崁,2023-10-06,6451
2637,慧洋-KY,10,3,7,永全-南崁,2023-10-06,6451
2382,廣達,17,11,6,永全-南崁,2023-10-06,6451
1301,台塑,6,0,6,永全-南崁,2023-10-06,6451
00720B,元大投資級公司債,6,0,6,永全-南崁,2023-10-06,6451
6150,撼訊,7,1,6,永全-南崁,2023-10-06,6451
6191,精成科,6,0,6,永全-南崁,2023-10-06,6451
6274,台燿,10,4,6,永全-南崁,2023-10-06,6451
6285,啟��,6,0,6,永全-南崁,2023-10-06,6451
6451,訊芯-KY,7,1,6,永全-南崁,2023-10-06,6451
00679B,元大美債20年,5,0,5,永全-南崁,2023-10-06,6451
1504,東元,5,0,5,永全-南崁,2023-10-06,6451
1616,億泰,5,0,5,永全-南崁,2023-10-06,6451
1909,榮成,5,0,5,永全-南崁,2023-10-06,6451
2888,新光金,200,40,160,永全-南崁,2023-10-11,6451
1314,中石化,130,0,130,永全-南崁,2023-10-11,6451
3231,緯創,123,39,84,永全-南崁,2023-10-11,6451
9105,泰金寶-DR,68,0,68,永全-南崁,2023-10-11,6451
2801,彰銀,65,0,65,永全-南崁,2023-10-11,6451
1605,華新,68,14,54,永全-南崁,2023-10-11,6451
1802,台玻,55,7,48,永全-南崁,2023-10-11,6451
6156,松上,38,0,38,永全-南崁,2023-10-11,6451
2356,英業達,51,20,31,永全-南崁,2023-10-11,6451
3014,聯陽,28,0,28,永全-南崁,2023-10-11,6451
2618,長榮航,39,14,25,永全-南崁,2023-10-11,6451
5864,致和證,21,0,21,永全-南崁,2023-10-11,6451
1528,恩德,20,0,20,永全-南崁,2023-10-11,6451
3229,晟鈦,20,0,20,永全-南崁,2023-10-11,6451
2382,廣達,28,10,18,永全-南崁,2023-10-11,6451
3363,上詮,16,0,16,永全-南崁,2023-10-11,6451
8054,安國,21,5,16,永全-南崁,2023-10-11,6451
00631L,元大台灣50正2,14,0,14,永全-南崁,2023-10-11,6451
8112,至上,20,7,13,永全-南崁,2023-10-11,6451
2453,凌群,14,2,12,永全-南崁,2023-10-11,6451
8227,巨有科技,13,1,12,永全-南崁,2023-10-11,6451
1612,宏泰,11,0,11,永全-南崁,2023-10-11,6451
2641,正德,11,0,11,永全-南崁,2023-10-11,6451
4129,聯合,11,0,11,永全-南崁,2023-10-11,6451
2007,燁興,10,0,10,永全-南崁,2023-10-11,6451
2412,中華電,10,0,10,永全-南崁,2023-10-11,6451
3489,森寶,10,0,10,永全-南崁,2023-10-11,6451
3570,大塚,10,0,10,永全-南崁,2023-10-11,6451
3708,上緯投控,10,0,10,永全-南崁,2023-10-11,6451
5880,合庫金,10,0,10,永全-南崁,2023-10-11,6451
6456,GIS-KY,10,0,10,永全-南崁,2023-10-11,6451
6667,信紘科,10,0,10,永全-南崁,2023-10-11,6451
8076,伍豐,10,0,10,永全-南崁,2023-10-11,6451
00919,群益台灣精選高息,9,0,9,永全-南崁,2023-10-11,6451
1529,樂事綠能,10,1,9,永全-南崁,2023-10-11,6451
00929,復華台灣科技優息,11,2,9,永全-南崁,2023-10-11,6451
3260,威剛,11,2,9,永全-南崁,2023-10-11,6451
2377,微星,8,0,8,永全-南崁,2023-10-11,6451
3016,嘉晶,8,0,8,永全-南崁,2023-10-11,6451
3088,艾訊,8,0,8,永全-南崁,2023-10-11,6451
8390,金益鼎,8,0,8,永全-南崁,2023-10-11,6451
3545,敦泰,7,0,7,永全-南崁,2023-10-11,6451
2465,麗臺,6,0,6,永全-南崁,2023-10-11,6451
2481,強茂,6,0,6,永全-南崁,2023-10-11,6451
2615,萬海,6,0,6,永全-南崁,2023-10-11,6451
3217,優群,6,0,6,永全-南崁,2023-10-11,6451
3715,定穎投控,39,33,6,永全-南崁,2023-10-11,6451
6176,瑞儀,6,0,6,永全-南崁,2023-10-11,6451
9944,新麗,10,4,6,永全-南崁,2023-10-11,6451
2603,長榮,23,18,5,永全-南崁,2023-10-11,6451
9105,泰金寶-DR,442,0,442,永全-南崁,2023-10-12,6451
2884,玉山金,101,0,101,永全-南崁,2023-10-12,6451
6205,詮欣,74,0,74,永全-南崁,2023-10-12,6451
1447,力鵬,50,0,50,永全-南崁,2023-10-12,6451
1909,榮成,49,0,49,永全-南崁,2023-10-12,6451
00632R,元大台灣50反1,30,0,30,永全-南崁,2023-10-12,6451
6218,豪勉,18,0,18,永全-南崁,2023-10-12,6451
6257,矽格,17,0,17,永全-南崁,2023-10-12,6451
2352,佳世達,16,0,16,永全-南崁,2023-10-12,6451
00715L,期街口布蘭特正2,15,3,12,永全-南崁,2023-10-12,6451
2609,陽明,12,0,12,永全-南崁,2023-10-12,6451
6667,信紘科,11,0,11,永全-南崁,2023-10-12,6451
1580,新麥,10,0,10,永全-南崁,2023-10-12,6451
1454,台富,10,0,10,永全-南崁,2023-10-12,6451
3694,海華,10,0,10,永全-南崁,2023-10-12,6451
3325,旭品,9,2,7,永全-南崁,2023-10-12,6451
00929,復華台灣科技優息,9,3,6,永全-南崁,2023-10-12,6451
1609,大亞,6,0,6,永全-南崁,2023-10-12,6451
2425,承啟,6,0,6,永全-南崁,2023-10-12,6451
6770,力積電,7,1,6,永全-南崁,2023-10-12,6451
1514,亞力,5,0,5,永全-南崁,2023-10-12,6451
1442,名軒,5,0,5,永全-南崁,2023-10-12,6451
00923,群益台ESG低碳50,5,0,5,永全-南崁,2023-10-12,6451
1723,中碳,5,0,5,永全-南崁,2023-10-12,6451
2356,英業達,9,4,5,永全-南崁,2023-10-12,6451
2888,新光金,5,0,5,永全-南崁,2023-10-12,6451
2915,潤泰全,5,0,5,永全-南崁,2023-10-12,6451
3037,欣興,5,0,5,永全-南崁,2023-10-12,6451
6158,禾昌,10,5,5,永全-南崁,2023-10-12,6451
6168,宏齊,5,0,5,永全-南崁,2023-10-12,6451
9907,統一實,5,0,5,永全-南崁,2023-10-12,6451
2834,臺企銀,4,0,4,永全-南崁,2023-10-12,6451
00720B,元大投資級公司債,4,0,4,永全-南崁,2023-10-12,6451
00919,群益台灣精選高息,5,1,4,永全-南崁,2023-10-12,6451
2449,京元電子,5,1,4,永全-南崁,2023-10-12,6451
2486,一詮,46,42,4,永全-南崁,2023-10-12,6451
5272,笙科,14,10,4,永全-南崁,2023-10-12,6451
6015,宏遠證,4,0,4,永全-南崁,2023-10-12,6451
8431,匯鑽科,4,0,4,永全-南崁,2023-10-12,6451
9927,泰銘,4,0,4,永全-南崁,2023-10-12,6451
5347,世界,6,3,3,永全-南崁,2023-10-12,6451
00922,國泰台灣領袖50,3,0,3,永全-南崁,2023-10-12,6451
1337,再生-KY,3,0,3,永全-南崁,2023-10-12,6451
00712,復華富時不動產,3,0,3,永全-南崁,2023-10-12,6451
1785,光洋科,3,0,3,永全-南崁,2023-10-12,6451
2065,世豐,3,0,3,永全-南崁,2023-10-12,6451
2324,仁寶,8,5,3,永全-南崁,2023-10-12,6451
2405,輔信,3,0,3,永全-南崁,2023-10-12,6451
2468,華經,3,0,3,永全-南崁,2023-10-12,6451
3013,晟銘電,7,4,3,永全-南崁,2023-10-12,6451
00632R,元大台灣50反1,460,0,460,永全-南崁,2023-10-13,6451
3229,晟鈦,110,0,110,永全-南崁,2023-10-13,6451
2884,玉山金,50,0,50,永全-南崁,2023-10-13,6451
2421,建準,45,1,44,永全-南崁,2023-10-13,6451
2382,廣達,46,13,33,永全-南崁,2023-10-13,6451
3231,緯創,52,20,32,永全-南崁,2023-10-13,6451
00664R,國泰臺灣加權反1,30,0,30,永全-南崁,2023-10-13,6451
2834,臺企銀,30,0,30,永全-南崁,2023-10-13,6451
6257,矽格,30,0,30,永全-南崁,2023-10-13,6451
00929,復華台灣科技優息,29,2,27,永全-南崁,2023-10-13,6451
2301,光寶科,28,2,26,永全-南崁,2023-10-13,6451
1319,東陽,31,6,25,永全-南崁,2023-10-13,6451
9105,泰金寶-DR,25,0,25,永全-南崁,2023-10-13,6451
0056,元大高股息,24,0,24,永全-南崁,2023-10-13,6451
4958,臻鼎-KY,24,1,23,永全-南崁,2023-10-13,6451
1312,國喬,20,0,20,永全-南崁,2023-10-13,6451
2390,云辰,20,0,20,永全-南崁,2023-10-13,6451
00878,國泰永續高股息,19,0,19,永全-南崁,2023-10-13,6451
6284,佳邦,27,10,17,永全-南崁,2023-10-13,6451
6753,龍德造船,17,0,17,永全-南崁,2023-10-13,6451
2606,裕民,14,0,14,永全-南崁,2023-10-13,6451
1524,耿鼎,12,0,12,永全-南崁,2023-10-13,6451
1402,遠東新,12,0,12,永全-南崁,2023-10-13,6451
3189,景碩,12,0,12,永全-南崁,2023-10-13,6451
2425,承啟,14,3,11,永全-南崁,2023-10-13,6451
3037,欣興,11,0,11,永全-南崁,2023-10-13,6451
2363,矽統,113,103,10,永全-南崁,2023-10-13,6451
2402,毅嘉,10,0,10,永全-南崁,2023-10-13,6451
2915,潤泰全,11,1,10,永全-南崁,2023-10-13,6451
3022,威強電,10,0,10,永全-南崁,2023-10-13,6451
5009,榮剛,10,0,10,永全-南崁,2023-10-13,6451
6116,彩晶,10,0,10,永全-南崁,2023-10-13,6451
9945,潤泰新,10,0,10,永全-南崁,2023-10-13,6451
00680L,元大美債20正2,8,0,8,永全-南崁,2023-10-13,6451
3078,僑威,20,12,8,永全-南崁,2023-10-13,6451
8054,安國,8,0,8,永全-南崁,2023-10-13,6451
4938,和碩,8,0,8,永全-南崁,2023-10-13,6451
2609,陽明,10,3,7,永全-南崁,2023-10-13,6451
2376,技嘉,12,5,7,永全-南崁,2023-10-13,6451
3324,雙鴻,7,0,7,永全-南崁,2023-10-13,6451
4162,智擎,7,0,7,永全-南崁,2023-10-13,6451
8996,高力,8,1,7,永全-南崁,2023-10-13,6451
9904,寶成,7,0,7,永全-南崁,2023-10-13,6451
00687B,國泰20年美債,6,0,6,永全-南崁,2023-10-13,6451
2329,華泰,6,0,6,永全-南崁,2023-10-13,6451
3081,聯亞,8,2,6,永全-南崁,2023-10-13,6451
3149,正達,6,0,6,永全-南崁,2023-10-13,6451
9950,萬國通,6,0,6,永全-南崁,2023-10-13,6451
00712,復華富時不動產,5,0,5,永全-南崁,2023-10-13,6451
00772B,中信高評級公司債,5,0,5,永全-南崁,2023-10-13,6451
4967,十銓,151,0,151,永全-南崁,2023-10-16,6451
2888,新光金,100,0,100,永全-南崁,2023-10-16,6451
1605,華新,60,5,55,永全-南崁,2023-10-16,6451
00929,復華台灣科技優息,40,0,40,永全-南崁,2023-10-16,6451
6005,群益證,32,0,32,永全-南崁,2023-10-16,6451
9904,寶成,32,0,32,永全-南崁,2023-10-16,6451
2610,華航,26,0,26,永全-南崁,2023-10-16,6451
2618,長榮航,36,10,26,永全-南崁,2023-10-16,6451
9105,泰金寶-DR,25,0,25,永全-南崁,2023-10-16,6451
1528,恩德,20,0,20,永全-南崁,2023-10-16,6451
00679B,元大美債20年,20,0,20,永全-南崁,2023-10-16,6451
9945,潤泰新,20,0,20,永全-南崁,2023-10-16,6451
0056,元大高股息,21,1,20,永全-南崁,2023-10-16,6451
2344,華邦電,51,35,16,永全-南崁,2023-10-16,6451
2382,廣達,17,1,16,永全-南崁,2023-10-16,6451
2915,潤泰全,15,0,15,永全-南崁,2023-10-16,6451
2515,中工,24,10,14,永全-南崁,2023-10-16,6451
8996,高力,14,0,14,永全-南崁,2023-10-16,6451
2516,新建,13,0,13,永全-南崁,2023-10-16,6451
1806,冠軍,12,0,12,永全-南崁,2023-10-16,6451
6276,安鈦克,22,10,12,永全-南崁,2023-10-16,6451
2355,敬鵬,11,0,11,永全-南崁,2023-10-16,6451
2449,京元電子,22,11,11,永全-南崁,2023-10-16,6451
2606,裕民,11,0,11,永全-南崁,2023-10-16,6451
3231,緯創,32,21,11,永全-南崁,2023-10-16,6451
8046,南電,12,1,11,永全-南崁,2023-10-16,6451
3022,威強電,10,0,10,永全-南崁,2023-10-16,6451
3060,銘異,10,0,10,永全-南崁,2023-10-16,6451
3694,海華,10,0,10,永全-南崁,2023-10-16,6451
2352,佳世達,10,1,9,永全-南崁,2023-10-16,6451
2745,五福,9,0,9,永全-南崁,2023-10-16,6451
3006,晶豪科,13,4,9,永全-南崁,2023-10-16,6451
3044,健鼎,10,1,9,永全-南崁,2023-10-16,6451
6139,亞翔,10,1,9,永全-南崁,2023-10-16,6451
6282,康舒,9,0,9,永全-南崁,2023-10-16,6451
5215,科嘉-KY,32,24,8,永全-南崁,2023-10-16,6451
8048,德勝,11,3,8,永全-南崁,2023-10-16,6451
9944,新麗,11,4,7,永全-南崁,2023-10-16,6451
2630,亞航,6,0,6,永全-南崁,2023-10-16,6451
3706,神達,7,1,6,永全-南崁,2023-10-16,6451
1402,遠東新,5,0,5,永全-南崁,2023-10-16,6451
1309,台達化,5,0,5,永全-南崁,2023-10-16,6451
1524,耿鼎,10,5,5,永全-南崁,2023-10-16,6451
2201,裕隆,15,10,5,永全-南崁,2023-10-16,6451
2204,中華,5,0,5,永全-南崁,2023-10-16,6451
2206,三陽工業,10,5,5,永全-南崁,2023-10-16,6451
2425,承啟,8,3,5,永全-南崁,2023-10-16,6451
2634,漢翔,5,0,5,永全-南崁,2023-10-16,6451
2743,山富,6,1,5,永全-南崁,2023-10-16,6451
2867,三商壽,5,0,5,永全-南崁,2023-10-16,6451
2409,友達,69,1,68,永全-南崁,2023-10-17,6451
2610,華航,64,0,64,永全-南崁,2023-10-17,6451
6770,力積電,54,3,51,永全-南崁,2023-10-17,6451
00929,復華台灣科技優息,50,0,50,永全-南崁,2023-10-17,6451
0056,元大高股息,38,0,38,永全-南崁,2023-10-17,6451
2891,中信金,50,25,25,永全-南崁,2023-10-17,6451
6104,創惟,25,0,25,永全-南崁,2023-10-17,6451
00673R,期元大S＆P原油反1,23,0,23,永全-南崁,2023-10-17,6451
1314,中石化,22,0,22,永全-南崁,2023-10-17,6451
3363,上詮,22,0,22,永全-南崁,2023-10-17,6451
6276,安鈦克,22,0,22,永全-南崁,2023-10-17,6451
1528,恩德,20,0,20,永全-南崁,2023-10-17,6451
2340,台亞,21,1,20,永全-南崁,2023-10-17,6451
2390,云辰,20,0,20,永全-南崁,2023-10-17,6451
8088,品安,20,0,20,永全-南崁,2023-10-17,6451
3231,緯創,89,70,19,永全-南崁,2023-10-17,6451
2449,京元電子,23,5,18,永全-南崁,2023-10-17,6451
2301,光寶科,17,3,14,永全-南崁,2023-10-17,6451
2425,承啟,16,2,14,永全-南崁,2023-10-17,6451
00715L,期街口布蘭特正2,13,0,13,永全-南崁,2023-10-17,6451
3163,波若威,15,2,13,永全-南崁,2023-10-17,6451
00712,復華富時不動產,12,0,12,永全-南崁,2023-10-17,6451
1815,富喬,11,0,11,永全-南崁,2023-10-17,6451
2355,敬鵬,11,0,11,永全-南崁,2023-10-17,6451
2317,鴻海,12,1,11,永全-南崁,2023-10-17,6451
00637L,元大滬深300正2,10,0,10,永全-南崁,2023-10-17,6451
1312,國喬,10,0,10,永全-南崁,2023-10-17,6451
2107,厚生,10,0,10,永全-南崁,2023-10-17,6451
2201,裕隆,12,2,10,永全-南崁,2023-10-17,6451
2312,金寶,10,0,10,永全-南崁,2023-10-17,6451
2607,榮運,10,0,10,永全-南崁,2023-10-17,6451
2637,慧洋-KY,20,10,10,永全-南崁,2023-10-17,6451
3694,海華,10,0,10,永全-南崁,2023-10-17,6451
4746,台耀,10,0,10,永全-南崁,2023-10-17,6451
3036,文曄,11,2,9,永全-南崁,2023-10-17,6451
6257,矽格,10,1,9,永全-南崁,2023-10-17,6451
2883,凱基金,8,0,8,永全-南崁,2023-10-17,6451
3483,力致,9,1,8,永全-南崁,2023-10-17,6451
6190,萬泰科,7,0,7,永全-南崁,2023-10-17,6451
2368,金像電,13,6,7,永全-南崁,2023-10-17,6451
00931B,統一美債20年,6,0,6,永全-南崁,2023-10-17,6451
3006,晶豪科,17,11,6,永全-南崁,2023-10-17,6451
3712,永崴投控,6,0,6,永全-南崁,2023-10-17,6451
6139,亞翔,6,0,6,永全-南崁,2023-10-17,6451
8996,高力,6,1,5,永全-南崁,2023-10-17,6451
1514,亞力,5,0,5,永全-南崁,2023-10-17,6451
00753L,中信中國50正2,5,0,5,永全-南崁,2023-10-17,6451
2417,圓剛,5,0,5,永全-南崁,2023-10-17,6451
2603,長榮,5,0,5,永全-南崁,2023-10-17,6451
2801,彰銀,8,3,5,永全-南崁,2023-10-17,6451
3588,通嘉,210,0,210,永全-南崁,2023-10-18,6451
0056,元大高股息,134,0,134,永全-南崁,2023-10-18,6451
4960,誠美材,100,0,100,永全-南崁,2023-10-18,6451
00878,國泰永續高股息,78,5,73,永全-南崁,2023-10-18,6451
2406,國碩,65,0,65,永全-南崁,2023-10-18,6451
1101,台泥,63,0,63,永全-南崁,2023-10-18,6451
1802,台玻,60,0,60,永全-南崁,2023-10-18,6451
00929,復華台灣科技優息,40,0,40,永全-南崁,2023-10-18,6451
3231,緯創,97,65,32,永全-南崁,2023-10-18,6451
6461,益得,32,0,32,永全-南崁,2023-10-18,6451
2382,廣達,34,6,28,永全-南崁,2023-10-18,6451
2609,陽明,29,2,27,永全-南崁,2023-10-18,6451
3037,欣興,26,0,26,永全-南崁,2023-10-18,6451
8054,安國,28,2,26,永全-南崁,2023-10-18,6451
2323,中環,21,0,21,永全-南崁,2023-10-18,6451
3570,大塚,21,0,21,永全-南崁,2023-10-18,6451
2489,瑞軒,20,0,20,永全-南崁,2023-10-18,6451
2349,錸德,20,0,20,永全-南崁,2023-10-18,6451
3229,晟鈦,20,0,20,永全-南崁,2023-10-18,6451
5471,松翰,20,0,20,永全-南崁,2023-10-18,6451
00923,群益台ESG低碳50,19,0,19,永全-南崁,2023-10-18,6451
1217,愛之味,18,0,18,永全-南崁,2023-10-18,6451
4967,十銓,91,73,18,永全-南崁,2023-10-18,6451
2002,中鋼,18,1,17,永全-南崁,2023-10-18,6451
2891,中信金,52,35,17,永全-南崁,2023-10-18,6451
6274,台燿,20,3,17,永全-南崁,2023-10-18,6451
3041,揚智,16,1,15,永全-南崁,2023-10-18,6451
3483,力致,15,0,15,永全-南崁,2023-10-18,6451
2363,矽統,27,12,15,永全-南崁,2023-10-18,6451
2355,敬鵬,14,0,14,永全-南崁,2023-10-18,6451
2498,宏達電,15,1,14,永全-南崁,2023-10-18,6451
6213,聯茂,15,1,14,永全-南崁,2023-10-18,6451
3260,威剛,26,13,13,永全-南崁,2023-10-18,6451
3715,定穎投控,26,13,13,永全-南崁,2023-10-18,6451
00922,國泰台灣領袖50,11,0,11,永全-南崁,2023-10-18,6451
3363,上詮,15,4,11,永全-南崁,2023-10-18,6451
6589,台康生技,11,0,11,永全-南崁,2023-10-18,6451
2610,華航,13,3,10,永全-南崁,2023-10-18,6451
2618,長榮航,18,8,10,永全-南崁,2023-10-18,6451
2834,臺企銀,10,0,10,永全-南崁,2023-10-18,6451
3694,海華,10,0,10,永全-南崁,2023-10-18,6451
4909,新復興,10,0,10,永全-南崁,2023-10-18,6451
6143,振曜,10,0,10,永全-南崁,2023-10-18,6451
6456,GIS-KY,10,0,10,永全-南崁,2023-10-18,6451
2313,華通,9,0,9,永全-南崁,2023-10-18,6451
2634,漢翔,13,4,9,永全-南崁,2023-10-18,6451
3006,晶豪科,20,11,9,永全-南崁,2023-10-18,6451
3272,東碩,8,0,8,永全-南崁,2023-10-18,6451
5880,合庫金,8,0,8,永全-南崁,2023-10-18,6451
2201,裕隆,9,2,7,永全-南崁,2023-10-18,6451
0056,元大高股息,125,5,120,永全-南崁,2023-10-19,6451
1101,台泥,70,4,66,永全-南崁,2023-10-19,6451
1609,大亞,55,0,55,永全-南崁,2023-10-19,6451
2884,玉山金,50,0,50,永全-南崁,2023-10-19,6451
8176,智捷,50,2,48,永全-南崁,2023-10-19,6451
2409,友達,43,0,43,永全-南崁,2023-10-19,6451
00929,復華台灣科技優息,42,0,42,永全-南崁,2023-10-19,6451
00712,復華富時不動產,40,0,40,永全-南崁,2023-10-19,6451
1815,富喬,33,0,33,永全-南崁,2023-10-19,6451
2438,翔耀,30,0,30,永全-南崁,2023-10-19,6451
2891,中信金,40,10,30,永全-南崁,2023-10-19,6451
00633L,富邦上証正2,28,0,28,永全-南崁,2023-10-19,6451
2002,中鋼,27,0,27,永全-南崁,2023-10-19,6451
2834,臺企銀,23,0,23,永全-南崁,2023-10-19,6451
1504,東元,26,6,20,永全-南崁,2023-10-19,6451
00903,富邦元宇宙,20,0,20,永全-南崁,2023-10-19,6451
2489,瑞軒,20,0,20,永全-南崁,2023-10-19,6451
2888,新光金,20,0,20,永全-南崁,2023-10-19,6451
8046,南電,18,0,18,永全-南崁,2023-10-19,6451
3036,文曄,60,42,18,永全-南崁,2023-10-19,6451
3715,定穎投控,50,33,17,永全-南崁,2023-10-19,6451
1795,美時,18,3,15,永全-南崁,2023-10-19,6451
3041,揚智,27,12,15,永全-南崁,2023-10-19,6451
3044,健鼎,18,3,15,永全-南崁,2023-10-19,6451
3483,力致,15,0,15,永全-南崁,2023-10-19,6451
6156,松上,15,0,15,永全-南崁,2023-10-19,6451
6276,安鈦克,41,27,14,永全-南崁,2023-10-19,6451
00679B,元大美債20年,12,0,12,永全-南崁,2023-10-19,6451
2450,神腦,11,0,11,永全-南崁,2023-10-19,6451
1455,集盛,10,0,10,永全-南崁,2023-10-19,6451
2355,敬鵬,10,0,10,永全-南崁,2023-10-19,6451
3694,海華,10,0,10,永全-南崁,2023-10-19,6451
5471,松翰,10,0,10,永全-南崁,2023-10-19,6451
6126,信音,10,0,10,永全-南崁,2023-10-19,6451
6129,普誠,11,1,10,永全-南崁,2023-10-19,6451
6274,台燿,10,0,10,永全-南崁,2023-10-19,6451
6782,視陽,10,0,10,永全-南崁,2023-10-19,6451
00931B,統一美債20年,9,0,9,永全-南崁,2023-10-19,6451
00751B,元大AAA至A公司債,8,0,8,永全-南崁,2023-10-19,6451
00885,富邦越南,8,0,8,永全-南崁,2023-10-19,6451
00933B,國泰10Y+金融債,8,0,8,永全-南崁,2023-10-19,6451
2481,強茂,10,2,8,永全-南崁,2023-10-19,6451
5521,工信,8,0,8,永全-南崁,2023-10-19,6451
5880,合庫金,8,0,8,永全-南崁,2023-10-19,6451
00893,國泰智能電動車,6,0,6,永全-南崁,2023-10-19,6451
1785,光洋科,6,0,6,永全-南崁,2023-10-19,6451
2354,鴻準,6,0,6,永全-南崁,2023-10-19,6451
2882,國泰金,6,0,6,永全-南崁,2023-10-19,6451
2892,第一金,6,0,6,永全-南崁,2023-10-19,6451
3071,協禧,6,0,6,永全-南崁,2023-10-19,6451
00933B,國泰10Y+金融債,72,0,72,永全-南崁,2023-10-20,6451
2891,中信金,71,31,40,永全-南崁,2023-10-20,6451
2516,新建,37,0,37,永全-南崁,2023-10-20,6451
00637L,元大滬深300正2,36,0,36,永全-南崁,2023-10-20,6451
1447,力鵬,30,0,30,永全-南崁,2023-10-20,6451
8227,巨有科技,29,0,29,永全-南崁,2023-10-20,6451
2002,中鋼,28,0,28,永全-南崁,2023-10-20,6451
00712,復華富時不動產,27,0,27,永全-南崁,2023-10-20,6451
3041,揚智,40,13,27,永全-南崁,2023-10-20,6451
5009,榮剛,25,0,25,永全-南崁,2023-10-20,6451
9105,泰金寶-DR,25,0,25,永全-南崁,2023-10-20,6451
2382,廣達,60,39,21,永全-南崁,2023-10-20,6451
1528,恩德,20,0,20,永全-南崁,2023-10-20,6451
1806,冠軍,20,0,20,永全-南崁,2023-10-20,6451
2884,玉山金,20,0,20,永全-南崁,2023-10-20,6451
3060,銘異,20,0,20,永全-南崁,2023-10-20,6451
6415,矽力*-KY,20,0,20,永全-南崁,2023-10-20,6451
8054,安國,38,19,19,永全-南崁,2023-10-20,6451
0056,元大高股息,37,20,17,永全-南崁,2023-10-20,6451
00631L,元大台灣50正2,17,0,17,永全-南崁,2023-10-20,6451
5471,松翰,17,0,17,永全-南崁,2023-10-20,6451
00929,復華台灣科技優息,19,4,15,永全-南崁,2023-10-20,6451
1101,台泥,15,0,15,永全-南崁,2023-10-20,6451
1802,台玻,20,5,15,永全-南崁,2023-10-20,6451
2450,神腦,15,0,15,永全-南崁,2023-10-20,6451
6163,華電網,15,0,15,永全-南崁,2023-10-20,6451
8039,台虹,15,0,15,永全-南崁,2023-10-20,6451
9907,統一實,15,0,15,永全-南崁,2023-10-20,6451
3548,兆利,15,3,12,永全-南崁,2023-10-20,6451
3545,敦泰,11,0,11,永全-南崁,2023-10-20,6451
2363,矽統,19,8,11,永全-南崁,2023-10-20,6451
1718,中纖,10,0,10,永全-南崁,2023-10-20,6451
1736,喬山,10,0,10,永全-南崁,2023-10-20,6451
2009,第一銅,20,10,10,永全-南崁,2023-10-20,6451
2390,云辰,10,0,10,永全-南崁,2023-10-20,6451
2486,一詮,11,1,10,永全-南崁,2023-10-20,6451
2888,新光金,10,0,10,永全-南崁,2023-10-20,6451
3022,威強電,10,0,10,永全-南崁,2023-10-20,6451
3229,晟鈦,10,0,10,永全-南崁,2023-10-20,6451
6125,廣運,10,0,10,永全-南崁,2023-10-20,6451
3122,笙泉,10,1,9,永全-南崁,2023-10-20,6451
8085,福華,8,0,8,永全-南崁,2023-10-20,6451
00919,群益台灣精選高息,7,0,7,永全-南崁,2023-10-20,6451
2609,陽明,8,1,7,永全-南崁,2023-10-20,6451
2887,台新金,7,0,7,永全-南崁,2023-10-20,6451
3036,文曄,7,0,7,永全-南崁,2023-10-20,6451
3711,日月光投控,10,3,7,永全-南崁,2023-10-20,6451
4119,旭富,7,0,7,永全-南崁,2023-10-20,6451
5425,台半,7,0,7,永全-南崁,2023-10-20,6451
6274,台燿,9,2,7,永全-南崁,2023-10-20,6451
6290,良維,135,0,135,永全-南崁,2023-10-23,6451
2485,兆赫,130,0,130,永全-南崁,2023-10-23,6451
3481,群創,121,20,101,永全-南崁,2023-10-23,6451
3268,海德威,74,11,63,永全-南崁,2023-10-23,6451
2002,中鋼,60,0,60,永全-南崁,2023-10-23,6451
1605,華新,51,0,51,永全-南崁,2023-10-23,6451
6589,台康生技,50,0,50,永全-南崁,2023-10-23,6451
3483,力致,31,0,31,永全-南崁,2023-10-23,6451
9105,泰金寶-DR,29,0,29,永全-南崁,2023-10-23,6451
0056,元大高股息,26,0,26,永全-南崁,2023-10-23,6451
00712,復華富時不動產,25,0,25,永全-南崁,2023-10-23,6451
6113,亞矽,22,0,22,永全-南崁,2023-10-23,6451
00929,復華台灣科技優息,23,2,21,永全-南崁,2023-10-23,6451
2882,國泰金,20,0,20,永全-南崁,2023-10-23,6451
3229,晟鈦,20,0,20,永全-南崁,2023-10-23,6451
2881,富邦金,20,2,18,永全-南崁,2023-10-23,6451
00715L,期街口布蘭特正2,15,0,15,永全-南崁,2023-10-23,6451
2891,中信金,15,0,15,永全-南崁,2023-10-23,6451
00878,國泰永續高股息,14,0,14,永全-南崁,2023-10-23,6451
1721,三晃,20,8,12,永全-南崁,2023-10-23,6451
5880,合庫金,12,0,12,永全-南崁,2023-10-23,6451
2409,友達,11,0,11,永全-南崁,2023-10-23,6451
1314,中石化,10,0,10,永全-南崁,2023-10-23,6451
2101,南港,10,0,10,永全-南崁,2023-10-23,6451
2402,毅嘉,10,0,10,永全-南崁,2023-10-23,6451
4551,智伸科,10,0,10,永全-南崁,2023-10-23,6451
4909,新復興,10,0,10,永全-南崁,2023-10-23,6451
8227,巨有科技,10,0,10,永全-南崁,2023-10-23,6451
1101,台泥,9,0,9,永全-南崁,2023-10-23,6451
3051,力特,38,30,8,永全-南崁,2023-10-23,6451
3570,大塚,8,0,8,永全-南崁,2023-10-23,6451
1524,耿鼎,12,5,7,永全-南崁,2023-10-23,6451
00637L,元大滬深300正2,7,0,7,永全-南崁,2023-10-23,6451
6190,萬泰科,7,0,7,永全-南崁,2023-10-23,6451
00919,群益台灣精選高息,6,0,6,永全-南崁,2023-10-23,6451
2609,陽明,6,0,6,永全-南崁,2023-10-23,6451
3260,威剛,11,5,6,永全-南崁,2023-10-23,6451
3325,旭品,6,0,6,永全-南崁,2023-10-23,6451
9944,新麗,9,3,6,永全-南崁,2023-10-23,6451
2317,鴻海,27,21,6,永全-南崁,2023-10-23,6451
00674R,期元大S＆P黃金反1,5,0,5,永全-南崁,2023-10-23,6451
00922,國泰台灣領袖50,5,0,5,永全-南崁,2023-10-23,6451
00921,兆豐龍頭等權重,5,0,5,永全-南崁,2023-10-23,6451
2405,輔信,5,0,5,永全-南崁,2023-10-23,6451
2601,益航,5,0,5,永全-南崁,2023-10-23,6451
2606,裕民,15,10,5,永全-南崁,2023-10-23,6451
4401,東隆興,5,0,5,永全-南崁,2023-10-23,6451
4726,永昕,5,0,5,永全-南崁,2023-10-23,6451
6585,鼎基,5,0,5,永全-南崁,2023-10-23,6451
3017,奇鋐,5,0,5,永全-南崁,2023-10-23,6451
2485,兆赫,80,0,80,永全-南崁,2023-10-24,6451
2317,鴻海,62,4,58,永全-南崁,2023-10-24,6451
2002,中鋼,41,0,41,永全-南崁,2023-10-24,6451
6168,宏齊,33,1,32,永全-南崁,2023-10-24,6451
2352,佳世達,31,0,31,永全-南崁,2023-10-24,6451
2891,中信金,30,0,30,永全-南崁,2023-10-24,6451
3570,大塚,30,0,30,永全-南崁,2023-10-24,6451
00712,復華富時不動產,28,0,28,永全-南崁,2023-10-24,6451
1721,三晃,43,22,21,永全-南崁,2023-10-24,6451
00632R,元大台灣50反1,20,0,20,永全-南崁,2023-10-24,6451
2390,云辰,20,0,20,永全-南崁,2023-10-24,6451
3062,建漢,18,0,18,永全-南崁,2023-10-24,6451
00929,復華台灣科技優息,18,1,17,永全-南崁,2023-10-24,6451
2303,聯電,25,8,17,永全-南崁,2023-10-24,6451
0056,元大高股息,16,0,16,永全-南崁,2023-10-24,6451
3231,緯創,34,19,15,永全-南崁,2023-10-24,6451
3588,通嘉,15,0,15,永全-南崁,2023-10-24,6451
3268,海德威,21,7,14,永全-南崁,2023-10-24,6451
6290,良維,15,1,14,永全-南崁,2023-10-24,6451
2409,友達,13,0,13,永全-南崁,2023-10-24,6451
00919,群益台灣精選高息,11,0,11,永全-南崁,2023-10-24,6451
00878,國泰永續高股息,11,0,11,永全-南崁,2023-10-24,6451
00720B,元大投資級公司債,11,0,11,永全-南崁,2023-10-24,6451
3122,笙泉,14,3,11,永全-南崁,2023-10-24,6451
3483,力致,12,1,11,永全-南崁,2023-10-24,6451
6237,驊訊,11,0,11,永全-南崁,2023-10-24,6451
00933B,國泰10Y+金融債,10,0,10,永全-南崁,2023-10-24,6451
00715L,期街口布蘭特正2,10,0,10,永全-南崁,2023-10-24,6451
00752,中信中國50,10,0,10,永全-南崁,2023-10-24,6451
2354,鴻準,10,0,10,永全-南崁,2023-10-24,6451
2363,矽統,23,13,10,永全-南崁,2023-10-24,6451
3213,茂訊,10,0,10,永全-南崁,2023-10-24,6451
5272,笙科,10,0,10,永全-南崁,2023-10-24,6451
8046,南電,11,1,10,永全-南崁,2023-10-24,6451
6197,佳必琪,16,6,10,永全-南崁,2023-10-24,6451
00637L,元大滬深300正2,9,0,9,永全-南崁,2023-10-24,6451
3094,聯傑,20,11,9,永全-南崁,2023-10-24,6451
3481,群創,10,2,8,永全-南崁,2023-10-24,6451
1303,南亞,7,0,7,永全-南崁,2023-10-24,6451
8048,德勝,10,3,7,永全-南崁,2023-10-24,6451
3044,健鼎,8,2,6,永全-南崁,2023-10-24,6451
4162,智擎,15,9,6,永全-南崁,2023-10-24,6451
5469,瀚宇博,6,0,6,永全-南崁,2023-10-24,6451
5471,松翰,6,0,6,永全-南崁,2023-10-24,6451
8040,九暘,17,11,6,永全-南崁,2023-10-24,6451
8110,華東,6,0,6,永全-南崁,2023-10-24,6451
2328,廣宇,5,0,5,永全-南崁,2023-10-24,6451
6605,帝寶,5,0,5,永全-南崁,2023-10-24,6451
6664,群翊,5,0,5,永全-南崁,2023-10-24,6451
8054,安國,5,0,5,永全-南崁,2023-10-24,6451
9105,泰金寶-DR,306,0,306,永全-南崁,2023-10-25,6451
2337,旺宏,159,6,153,永全-南崁,2023-10-25,6451
2305,全友,132,0,132,永全-南崁,2023-10-25,6451
00712,復華富時不動產,53,0,53,永全-南崁,2023-10-25,6451
2883,凱基金,50,0,50,永全-南崁,2023-10-25,6451
00687B,國泰20年美債,40,0,40,永全-南崁,2023-10-25,6451
2449,京元電子,30,0,30,永全-南崁,2023-10-25,6451
6274,台燿,29,2,27,永全-南崁,2023-10-25,6451
1524,耿鼎,56,31,25,永全-南崁,2023-10-25,6451
2405,輔信,27,4,23,永全-南崁,2023-10-25,6451
3163,波若威,23,4,19,永全-南崁,2023-10-25,6451
0056,元大高股息,18,0,18,永全-南崁,2023-10-25,6451
2355,敬鵬,15,0,15,永全-南崁,2023-10-25,6451
3325,旭品,16,3,13,永全-南崁,2023-10-25,6451
2462,良得電,14,3,11,永全-南崁,2023-10-25,6451
3346,麗清,13,2,11,永全-南崁,2023-10-25,6451
6117,迎廣,11,0,11,永全-南崁,2023-10-25,6451
1522,堤維西,20,10,10,永全-南崁,2023-10-25,6451
00878,國泰永續高股息,10,0,10,永全-南崁,2023-10-25,6451
00905,FT臺灣Smart,10,0,10,永全-南崁,2023-10-25,6451
00931B,統一美債20年,10,0,10,永全-南崁,2023-10-25,6451
2329,華泰,22,12,10,永全-南崁,2023-10-25,6451
2606,裕民,10,0,10,永全-南崁,2023-10-25,6451
2607,榮運,13,3,10,永全-南崁,2023-10-25,6451
3535,晶彩科,10,0,10,永全-南崁,2023-10-25,6451
6168,宏齊,10,0,10,永全-南崁,2023-10-25,6451
6257,矽格,10,0,10,永全-南崁,2023-10-25,6451
8110,華東,20,10,10,永全-南崁,2023-10-25,6451
4979,華星光,16,6,10,永全-南崁,2023-10-25,6451
00885,富邦越南,10,1,9,永全-南崁,2023-10-25,6451
2486,一詮,11,2,9,永全-南崁,2023-10-25,6451
6125,廣運,11,2,9,永全-南崁,2023-10-25,6451
2614,東森,8,0,8,永全-南崁,2023-10-25,6451
3078,僑威,12,4,8,永全-南崁,2023-10-25,6451
3013,晟銘電,16,9,7,永全-南崁,2023-10-25,6451
5465,富驊,7,0,7,永全-南崁,2023-10-25,6451
6451,訊芯-KY,9,2,7,永全-南崁,2023-10-25,6451
1618,合機,19,13,6,永全-南崁,2023-10-25,6451
1471,首利,6,0,6,永全-南崁,2023-10-25,6451
2369,菱生,15,9,6,永全-南崁,2023-10-25,6451
2457,飛宏,11,5,6,永全-南崁,2023-10-25,6451
3693,營邦,12,6,6,永全-南崁,2023-10-25,6451
5607,遠雄港,6,0,6,永全-南崁,2023-10-25,6451
1514,亞力,8,3,5,永全-南崁,2023-10-25,6451
00902,中信電池及儲能,5,0,5,永全-南崁,2023-10-25,6451
00680L,元大美債20正2,5,0,5,永全-南崁,2023-10-25,6451
2312,金寶,5,0,5,永全-南崁,2023-10-25,6451
2402,毅嘉,5,0,5,永全-南崁,2023-10-25,6451
2417,圓剛,5,0,5,永全-南崁,2023-10-25,6451
2637,慧洋-KY,5,0,5,永全-南崁,2023-10-25,6451
9105,泰金寶-DR,212,0,212,永全-南崁,2023-10-26,6451
2305,全友,101,0,101,永全-南崁,2023-10-26,6451
2337,旺宏,107,10,97,永全-南崁,2023-10-26,6451
2317,鴻海,89,1,88,永全-南崁,2023-10-26,6451
00929,復華台灣科技優息,82,15,67,永全-南崁,2023-10-26,6451
6274,台燿,60,5,55,永全-南崁,2023-10-26,6451
0056,元大高股息,59,5,54,永全-南崁,2023-10-26,6451
2392,正崴,50,0,50,永全-南崁,2023-10-26,6451
8358,金居,48,1,47,永全-南崁,2023-10-26,6451
2382,廣達,64,23,41,永全-南崁,2023-10-26,6451
3588,通嘉,41,0,41,永全-南崁,2023-10-26,6451
6197,佳必琪,41,0,41,永全-南崁,2023-10-26,6451
1815,富喬,40,0,40,永全-南崁,2023-10-26,6451
8046,南電,40,1,39,永全-南崁,2023-10-26,6451
00712,復華富時不動產,34,0,34,永全-南崁,2023-10-26,6451
2409,友達,35,2,33,永全-南崁,2023-10-26,6451
2543,皇昌,31,0,31,永全-南崁,2023-10-26,6451
3037,欣興,31,2,29,永全-南崁,2023-10-26,6451
2344,華邦電,25,0,25,永全-南崁,2023-10-26,6451
2462,良得電,26,1,25,永全-南崁,2023-10-26,6451
3078,僑威,25,0,25,永全-南崁,2023-10-26,6451
2201,裕隆,23,0,23,永全-南崁,2023-10-26,6451
2618,長榮航,24,1,23,永全-南崁,2023-10-26,6451
3545,敦泰,22,0,22,永全-南崁,2023-10-26,6451
8110,華東,25,4,21,永全-南崁,2023-10-26,6451
1609,大亞,20,0,20,永全-南崁,2023-10-26,6451
2303,聯電,24,6,18,永全-南崁,2023-10-26,6451
2610,華航,18,0,18,永全-南崁,2023-10-26,6451
3042,晶技,16,0,16,永全-南崁,2023-10-26,6451
6605,帝寶,16,0,16,永全-南崁,2023-10-26,6451
00633L,富邦上証正2,15,0,15,永全-南崁,2023-10-26,6451
2883,凱基金,14,0,14,永全-南崁,2023-10-26,6451
3041,揚智,16,3,13,永全-南崁,2023-10-26,6451
00885,富邦越南,11,0,11,永全-南崁,2023-10-26,6451
3081,聯亞,11,0,11,永全-南崁,2023-10-26,6451
3094,聯傑,12,1,11,永全-南崁,2023-10-26,6451
2408,南亞科,10,0,10,永全-南崁,2023-10-26,6451
2515,中工,10,0,10,永全-南崁,2023-10-26,6451
2538,基泰,10,0,10,永全-南崁,2023-10-26,6451
2801,彰銀,10,0,10,永全-南崁,2023-10-26,6451
2883B,凱基金乙特,10,0,10,永全-南崁,2023-10-26,6451
2886,兆豐金,10,0,10,永全-南崁,2023-10-26,6451
3006,晶豪科,10,0,10,永全-南崁,2023-10-26,6451
3548,兆利,10,0,10,永全-南崁,2023-10-26,6451
5272,笙科,10,0,10,永全-南崁,2023-10-26,6451
6290,良維,10,0,10,永全-南崁,2023-10-26,6451
8048,德勝,10,0,10,永全-南崁,2023-10-26,6451
2330,台積電,11,2,9,永全-南崁,2023-10-26,6451
5215,科嘉-KY,10,1,9,永全-南崁,2023-10-26,6451
6237,驊訊,13,4,9,永全-南崁,2023-10-26,6451
5426,振發,176,16,160,永全-南崁,2023-10-27,6451
9105,泰金寶-DR,62,4,58,永全-南崁,2023-10-27,6451
2409,友達,43,0,43,永全-南崁,2023-10-27,6451
3588,通嘉,32,0,32,永全-南崁,2023-10-27,6451
1307,三芳,30,0,30,永全-南崁,2023-10-27,6451
4168,醣聯,30,0,30,永全-南崁,2023-10-27,6451
2405,輔信,31,2,29,永全-南崁,2023-10-27,6451
5521,工信,25,0,25,永全-南崁,2023-10-27,6451
1815,富喬,26,2,24,永全-南崁,2023-10-27,6451
2201,裕隆,24,0,24,永全-南崁,2023-10-27,6451
2382,廣達,26,3,23,永全-南崁,2023-10-27,6451
00885,富邦越南,21,0,21,永全-南崁,2023-10-27,6451
6244,茂迪,20,0,20,永全-南崁,2023-10-27,6451
0056,元大高股息,17,0,17,永全-南崁,2023-10-27,6451
8358,金居,37,20,17,永全-南崁,2023-10-27,6451
8110,華東,16,3,13,永全-南崁,2023-10-27,6451
2401,凌陽,12,0,12,永全-南崁,2023-10-27,6451
6188,廣明,12,0,12,永全-南崁,2023-10-27,6451
1795,美時,22,11,11,永全-南崁,2023-10-27,6451
1402,遠東新,10,0,10,永全-南崁,2023-10-27,6451
2387,精元,10,0,10,永全-南崁,2023-10-27,6451
2399,映泰,11,1,10,永全-南崁,2023-10-27,6451
2883,凱基金,10,0,10,永全-南崁,2023-10-27,6451
3205,佰研,10,0,10,永全-南崁,2023-10-27,6451
5471,松翰,10,0,10,永全-南崁,2023-10-27,6451
6243,迅杰,10,0,10,永全-南崁,2023-10-27,6451
8040,九暘,10,0,10,永全-南崁,2023-10-27,6451
2002,中鋼,11,1,10,永全-南崁,2023-10-27,6451
00929,復華台灣科技優息,9,0,9,永全-南崁,2023-10-27,6451
2317,鴻海,21,12,9,永全-南崁,2023-10-27,6451
2329,華泰,15,6,9,永全-南崁,2023-10-27,6451
3032,偉訓,10,1,9,永全-南崁,2023-10-27,6451
2344,華邦電,8,0,8,永全-南崁,2023-10-27,6451
2408,南亞科,8,0,8,永全-南崁,2023-10-27,6451
2390,云辰,20,13,7,永全-南崁,2023-10-27,6451
4743,合一,7,0,7,永全-南崁,2023-10-27,6451
6139,亞翔,9,2,7,永全-南崁,2023-10-27,6451
3037,欣興,6,0,6,永全-南崁,2023-10-27,6451
2606,裕民,6,0,6,永全-南崁,2023-10-27,6451
3346,麗清,6,0,6,永全-南崁,2023-10-27,6451
3434,哲固,6,0,6,永全-南崁,2023-10-27,6451
2014,中鴻,10,5,5,永全-南崁,2023-10-27,6451
0050,元大台灣50,5,0,5,永全-南崁,2023-10-27,6451
2303,聯電,8,3,5,永全-南崁,2023-10-27,6451
2618,長榮航,12,7,5,永全-南崁,2023-10-27,6451
2885,元大金,5,0,5,永全-南崁,2023-10-27,6451
3022,威強電,5,0,5,永全-南崁,2023-10-27,6451
3078,僑威,5,0,5,永全-南崁,2023-10-27,6451
5009,榮剛,11,6,5,永全-南崁,2023-10-27,6451
6664,群翊,5,0,5,永全-南崁,2023-10-27,6451
9105,泰金寶-DR,153,0,153,永全-南崁,2023-10-30,6451
2317,鴻海,131,30,101,永全-南崁,2023-10-30,6451
1314,中石化,100,0,100,永全-南崁,2023-10-30,6451
5426,振發,121,44,77,永全-南崁,2023-10-30,6451
4960,誠美材,74,0,74,永全-南崁,2023-10-30,6451
2891,中信金,68,0,68,永全-南崁,2023-10-30,6451
8110,華東,67,3,64,永全-南崁,2023-10-30,6451
2312,金寶,50,0,50,永全-南崁,2023-10-30,6451
2883,凱基金,50,0,50,永全-南崁,2023-10-30,6451
2390,云辰,112,73,39,永全-南崁,2023-10-30,6451
3576,聯合再生,38,6,32,永全-南崁,2023-10-30,6451
2485,兆赫,33,5,28,永全-南崁,2023-10-30,6451
2801,彰銀,27,0,27,永全-南崁,2023-10-30,6451
2344,華邦電,24,1,23,永全-南崁,2023-10-30,6451
2888,新光金,21,0,21,永全-南崁,2023-10-30,6451
6163,華電網,20,0,20,永全-南崁,2023-10-30,6451
8227,巨有科技,20,0,20,永全-南崁,2023-10-30,6451
911868,同方友友-DR,20,0,20,永全-南崁,2023-10-30,6451
2885,元大金,18,0,18,永全-南崁,2023-10-30,6451
2887,台新金,18,0,18,永全-南崁,2023-10-30,6451
00712,復華富時不動產,15,0,15,永全-南崁,2023-10-30,6451
3176,基亞,20,5,15,永全-南崁,2023-10-30,6451
6244,茂迪,15,0,15,永全-南崁,2023-10-30,6451
6443,元晶,25,10,15,永全-南崁,2023-10-30,6451
2330,台積電,13,0,13,永全-南崁,2023-10-30,6451
3669,圓展,15,2,13,永全-南崁,2023-10-30,6451
00919,群益台灣精選高息,12,0,12,永全-南崁,2023-10-30,6451
2618,長榮航,12,1,11,永全-南崁,2023-10-30,6451
3715,定穎投控,32,21,11,永全-南崁,2023-10-30,6451
5347,世界,13,3,10,永全-南崁,2023-10-30,6451
2349,錸德,10,0,10,永全-南崁,2023-10-30,6451
3402,漢科,10,0,10,永全-南崁,2023-10-30,6451
5521,工信,10,0,10,永全-南崁,2023-10-30,6451
6143,振曜,10,0,10,永全-南崁,2023-10-30,6451
6276,安鈦克,24,15,9,永全-南崁,2023-10-30,6451
1303,南亞,8,0,8,永全-南崁,2023-10-30,6451
3021,鴻名,8,0,8,永全-南崁,2023-10-30,6451
6472,保瑞,8,1,7,永全-南崁,2023-10-30,6451
0050,元大台灣50,6,0,6,永全-南崁,2023-10-30,6451
2014,中鴻,6,0,6,永全-南崁,2023-10-30,6451
1409,新纖,6,0,6,永全-南崁,2023-10-30,6451
00929,復華台灣科技優息,6,0,6,永全-南崁,2023-10-30,6451
2337,旺宏,6,0,6,永全-南崁,2023-10-30,6451
00878,國泰永續高股息,5,0,5,永全-南崁,2023-10-30,6451
00646,元大S＆P500,5,0,5,永全-南崁,2023-10-30,6451
2303,聯電,17,12,5,永全-南崁,2023-10-30,6451
2743,山富,5,0,5,永全-南崁,2023-10-30,6451
2745,五福,5,0,5,永全-南崁,2023-10-30,6451
3522,御嵿,5,0,5,永全-南崁,2023-10-30,6451
4306,炎洲,5,0,5,永全-南崁,2023-10-30,6451
8358,金居,226,5,221,永全-南崁,2023-10-31,6451
8054,安國,91,3,88,永全-南崁,2023-10-31,6451
2887,台新金,57,0,57,永全-南崁,2023-10-31,6451
2382,廣達,64,10,54,永全-南崁,2023-10-31,6451
8110,華東,50,0,50,永全-南崁,2023-10-31,6451
3704,合勤控,40,2,38,永全-南崁,2023-10-31,6451
0056,元大高股息,37,0,37,永全-南崁,2023-10-31,6451
2542,興富發,37,0,37,永全-南崁,2023-10-31,6451
2390,云辰,33,1,32,永全-南崁,2023-10-31,6451
2516,新建,30,0,30,永全-南崁,2023-10-31,6451
3094,聯傑,43,16,27,永全-南崁,2023-10-31,6451
4906,正文,25,0,25,永全-南崁,2023-10-31,6451
3576,聯合再生,27,3,24,永全-南崁,2023-10-31,6451
2618,長榮航,21,0,21,永全-南崁,2023-10-31,6451
00878,國泰永續高股息,21,0,21,永全-南崁,2023-10-31,6451
6005,群益證,20,0,20,永全-南崁,2023-10-31,6451
8076,伍豐,20,0,20,永全-南崁,2023-10-31,6451
8227,巨有科技,20,0,20,永全-南崁,2023-10-31,6451
2330,台積電,18,0,18,永全-南崁,2023-10-31,6451
3078,僑威,23,5,18,永全-南崁,2023-10-31,6451
1909,榮成,15,0,15,永全-南崁,2023-10-31,6451
1795,美時,17,4,13,永全-南崁,2023-10-31,6451
3483,力致,20,7,13,永全-南崁,2023-10-31,6451
9958,世紀鋼,13,0,13,永全-南崁,2023-10-31,6451
8040,九暘,24,12,12,永全-南崁,2023-10-31,6451
1301,台塑,11,0,11,永全-南崁,2023-10-31,6451
2417,圓剛,16,5,11,永全-南崁,2023-10-31,6451
2489,瑞軒,10,0,10,永全-南崁,2023-10-31,6451
00712,復華富時不動產,10,0,10,永全-南崁,2023-10-31,6451
1785,光洋科,10,0,10,永全-南崁,2023-10-31,6451
2438,翔耀,10,0,10,永全-南崁,2023-10-31,6451
3489,森寶,10,0,10,永全-南崁,2023-10-31,6451
5315,光聯,10,0,10,永全-南崁,2023-10-31,6451
6104,創惟,10,0,10,永全-南崁,2023-10-31,6451
8183,精星,10,0,10,永全-南崁,2023-10-31,6451
3213,茂訊,10,0,10,永全-南崁,2023-10-31,6451
00919,群益台灣精選高息,18,9,9,永全-南崁,2023-10-31,6451
8044,網家,9,0,9,永全-南崁,2023-10-31,6451
00929,復華台灣科技優息,8,0,8,永全-南崁,2023-10-31,6451
1605,華新,8,0,8,永全-南崁,2023-10-31,6451
2344,華邦電,13,5,8,永全-南崁,2023-10-31,6451
3231,緯創,19,11,8,永全-南崁,2023-10-31,6451
6274,台燿,10,2,8,永全-南崁,2023-10-31,6451
00715L,期街口布蘭特正2,12,5,7,永全-南崁,2023-10-31,6451
6139,亞翔,8,1,7,永全-南崁,2023-10-31,6451
6276,安鈦克,7,0,7,永全-南崁,2023-10-31,6451
8933,愛地雅,7,0,7,永全-南崁,2023-10-31,6451
1519,華城,6,0,6,永全-南崁,2023-10-31,6451
00922,國泰台灣領袖50,6,0,6,永全-南崁,2023-10-31,6451
2313,華通,8,2,6,永全-南崁,2023-10-31,6451
2641,正德,130,1,129,永全-南崁,2023-11-01,6451
8054,安國,53,1,52,永全-南崁,2023-11-01,6451
2303,聯電,51,2,49,永全-南崁,2023-11-01,6451
2344,華邦電,47,6,41,永全-南崁,2023-11-01,6451
2409,友達,40,0,40,永全-南崁,2023-11-01,6451
2614,東森,35,0,35,永全-南崁,2023-11-01,6451
2607,榮運,34,1,33,永全-南崁,2023-11-01,6451
5515,建國,35,3,32,永全-南崁,2023-11-01,6451
00715L,期街口布蘭特正2,31,0,31,永全-南崁,2023-11-01,6451
1108,幸福,30,0,30,永全-南崁,2023-11-01,6451
8110,華東,25,0,25,永全-南崁,2023-11-01,6451
5288,豐祥-KY,24,0,24,永全-南崁,2023-11-01,6451
6139,亞翔,22,1,21,永全-南崁,2023-11-01,6451
1721,三晃,20,0,20,永全-南崁,2023-11-01,6451
2390,云辰,20,0,20,永全-南崁,2023-11-01,6451
2892,第一金,20,0,20,永全-南崁,2023-11-01,6451
6026,福邦證,20,0,20,永全-南崁,2023-11-01,6451
00934,中信成長高股息,16,0,16,永全-南崁,2023-11-01,6451
5425,台半,21,5,16,永全-南崁,2023-11-01,6451
00929,復華台灣科技優息,25,10,15,永全-南崁,2023-11-01,6451
3704,合勤控,15,0,15,永全-南崁,2023-11-01,6451
2478,大毅,15,0,15,永全-南崁,2023-11-01,6451
3363,上詮,15,0,15,永全-南崁,2023-11-01,6451
00919,群益台灣精選高息,14,0,14,永全-南崁,2023-11-01,6451
1808,潤隆,13,0,13,永全-南崁,2023-11-01,6451
6642,富致,12,0,12,永全-南崁,2023-11-01,6451
00878,國泰永續高股息,15,4,11,永全-南崁,2023-11-01,6451
00646,元大S＆P500,10,0,10,永全-南崁,2023-11-01,6451
3006,晶豪科,23,13,10,永全-南崁,2023-11-01,6451
3041,揚智,10,0,10,永全-南崁,2023-11-01,6451
3094,聯傑,15,5,10,永全-南崁,2023-11-01,6451
6143,振曜,10,0,10,永全-南崁,2023-11-01,6451
2363,矽統,17,8,9,永全-南崁,2023-11-01,6451
5272,笙科,8,0,8,永全-南崁,2023-11-01,6451
00712,復華富時不動產,6,0,6,永全-南崁,2023-11-01,6451
2353,宏��,6,0,6,永全-南崁,2023-11-01,6451
2883,凱基金,6,0,6,永全-南崁,2023-11-01,6451
6104,創惟,6,0,6,永全-南崁,2023-11-01,6451
6492,生華科,8,2,6,永全-南崁,2023-11-01,6451
2308,台達電,5,0,5,永全-南崁,2023-11-01,6451
2317,鴻海,6,1,5,永全-南崁,2023-11-01,6451
00708L,期元大S＆P黃金正2,5,0,5,永全-南崁,2023-11-01,6451
1308,亞聚,5,0,5,永全-南崁,2023-11-01,6451
2009,第一銅,5,0,5,永全-南崁,2023-11-01,6451
2399,映泰,9,4,5,永全-南崁,2023-11-01,6451
2481,強茂,5,0,5,永全-南崁,2023-11-01,6451
3306,鼎天,5,0,5,永全-南崁,2023-11-01,6451
3380,明泰,10,5,5,永全-南崁,2023-11-01,6451
3438,類比科,5,0,5,永全-南崁,2023-11-01,6451
4173,久裕,5,0,5,永全-南崁,2023-11-01,6451
00712,復華富時不動產,134,0,134,永全-南崁,2023-11-02,6451
00632R,元大台灣50反1,90,0,90,永全-南崁,2023-11-02,6451
1314,中石化,50,5,45,永全-南崁,2023-11-02,6451
2610,華航,48,8,40,永全-南崁,2023-11-02,6451
3044,健鼎,32,0,32,永全-南崁,2023-11-02,6451
3163,波若威,30,0,30,永全-南崁,2023-11-02,6451
4162,智擎,27,1,26,永全-南崁,2023-11-02,6451
3006,晶豪科,35,13,22,永全-南崁,2023-11-02,6451
5521,工信,21,0,21,永全-南崁,2023-11-02,6451
00923,群益台ESG低碳50,30,11,19,永全-南崁,2023-11-02,6451
3689,湧德,20,1,19,永全-南崁,2023-11-02,6451
6104,創惟,20,1,19,永全-南崁,2023-11-02,6451
3014,聯陽,18,1,17,永全-南崁,2023-11-02,6451
2801,彰銀,15,0,15,永全-南崁,2023-11-02,6451
1301,台塑,13,0,13,永全-南崁,2023-11-02,6451
4915,致伸,12,0,12,永全-南崁,2023-11-02,6451
2313,華通,14,3,11,永全-南崁,2023-11-02,6451
2543,皇昌,11,0,11,永全-南崁,2023-11-02,6451
1522,堤維西,10,0,10,永全-南崁,2023-11-02,6451
00673R,期元大S＆P原油反1,10,0,10,永全-南崁,2023-11-02,6451
2887,台新金,10,0,10,永全-南崁,2023-11-02,6451
6153,嘉聯益,10,0,10,永全-南崁,2023-11-02,6451
6290,良維,10,0,10,永全-南崁,2023-11-02,6451
8048,德勝,11,1,10,永全-南崁,2023-11-02,6451
2363,矽統,19,12,7,永全-南崁,2023-11-02,6451
8110,華東,7,0,7,永全-南崁,2023-11-02,6451
3715,定穎投控,32,26,6,永全-南崁,2023-11-02,6451
2486,一詮,10,4,6,永全-南崁,2023-11-02,6451
6117,迎廣,8,2,6,永全-南崁,2023-11-02,6451
00646,元大S＆P500,5,0,5,永全-南崁,2023-11-02,6451
00680L,元大美債20正2,5,0,5,永全-南崁,2023-11-02,6451
1568,倉佑,5,0,5,永全-南崁,2023-11-02,6451
2337,旺宏,5,0,5,永全-南崁,2023-11-02,6451
2439,美律,5,0,5,永全-南崁,2023-11-02,6451
2546,根基,5,0,5,永全-南崁,2023-11-02,6451
2743,山富,5,0,5,永全-南崁,2023-11-02,6451
2745,五福,5,0,5,永全-南崁,2023-11-02,6451
2883,凱基金,5,0,5,永全-南崁,2023-11-02,6451
3093,港建*,5,0,5,永全-南崁,2023-11-02,6451
3558,神準,5,0,5,永全-南崁,2023-11-02,6451
4953,緯軟,5,0,5,永全-南崁,2023-11-02,6451
6451,訊芯-KY,5,0,5,永全-南崁,2023-11-02,6451
2355,敬鵬,5,1,4,永全-南崁,2023-11-02,6451
2516,新建,4,0,4,永全-南崁,2023-11-02,6451
2204,中華,3,0,3,永全-南崁,2023-11-02,6451
2368,金像電,4,1,3,永全-南崁,2023-11-02,6451
3548,兆利,6,3,3,永全-南崁,2023-11-02,6451
3624,光頡,3,0,3,永全-南崁,2023-11-02,6451
4188,安克,3,0,3,永全-南崁,2023-11-02,6451
8088,品安,3,0,3,永全-南崁,2023-11-02,6451
8227,巨有科技,56,3,53,永全-南崁,2023-11-03,6451
5351,鈺創,41,0,41,永全-南崁,2023-11-03,6451
2363,矽統,95,55,40,永全-南崁,2023-11-03,6451
1815,富喬,36,5,31,永全-南崁,2023-11-03,6451
8046,南電,33,2,31,永全-南崁,2023-11-03,6451
00632R,元大台灣50反1,30,0,30,永全-南崁,2023-11-03,6451
6153,嘉聯益,30,0,30,永全-南崁,2023-11-03,6451
1522,堤維西,25,0,25,永全-南崁,2023-11-03,6451
2317,鴻海,28,7,21,永全-南崁,2023-11-03,6451
3122,笙泉,20,2,18,永全-南崁,2023-11-03,6451
00929,復華台灣科技優息,18,1,17,永全-南崁,2023-11-03,6451
2637,慧洋-KY,17,0,17,永全-南崁,2023-11-03,6451
00680L,元大美債20正2,15,0,15,永全-南崁,2023-11-03,6451
3570,大塚,15,0,15,永全-南崁,2023-11-03,6451
2349,錸德,10,0,10,永全-南崁,2023-11-03,6451
3576,聯合再生,10,0,10,永全-南崁,2023-11-03,6451
6605,帝寶,10,0,10,永全-南崁,2023-11-03,6451
8016,矽創,10,0,10,永全-南崁,2023-11-03,6451
5521,工信,30,20,10,永全-南崁,2023-11-03,6451
00679B,元大美債20年,9,0,9,永全-南崁,2023-11-03,6451
2313,華通,13,4,9,永全-南崁,2023-11-03,6451
5258,虹堡,11,2,9,永全-南崁,2023-11-03,6451
3558,神準,10,2,8,永全-南崁,2023-11-03,6451
2417,圓剛,8,1,7,永全-南崁,2023-11-03,6451
3231,緯創,24,17,7,永全-南崁,2023-11-03,6451
3693,營邦,9,2,7,永全-南崁,2023-11-03,6451
00712,復華富時不動產,6,0,6,永全-南崁,2023-11-03,6451
2478,大毅,7,1,6,永全-南崁,2023-11-03,6451
6257,矽格,7,1,6,永全-南崁,2023-11-03,6451
8081,致新,6,0,6,永全-南崁,2023-11-03,6451
8110,華東,6,0,6,永全-南崁,2023-11-03,6451
5439,高技,10,4,6,永全-南崁,2023-11-03,6451
1402,遠東新,5,0,5,永全-南崁,2023-11-03,6451
00646,元大S＆P500,5,0,5,永全-南崁,2023-11-03,6451
00692,富邦公司治理,5,0,5,永全-南崁,2023-11-03,6451
2484,希華,5,0,5,永全-南崁,2023-11-03,6451
4188,安克,6,1,5,永全-南崁,2023-11-03,6451
2399,映泰,5,1,4,永全-南崁,2023-11-03,6451
2816,旺旺保,14,10,4,永全-南崁,2023-11-03,6451
2915,潤泰全,4,0,4,永全-南崁,2023-11-03,6451
3504,揚明光,4,0,4,永全-南崁,2023-11-03,6451
3591,艾笛森,4,0,4,永全-南崁,2023-11-03,6451
4915,致伸,4,0,4,永全-南崁,2023-11-03,6451
4919,新唐,10,6,4,永全-南崁,2023-11-03,6451
6235,華孚,7,3,4,永全-南崁,2023-11-03,6451
8150,南茂,4,0,4,永全-南崁,2023-11-03,6451
2382,廣達,44,41,3,永全-南崁,2023-11-03,6451
00919,群益台灣精選高息,3,0,3,永全-南崁,2023-11-03,6451
00878,國泰永續高股息,3,0,3,永全-南崁,2023-11-03,6451
1528,恩德,3,0,3,永全-南崁,2023-11-03,6451
00632R,元大台灣50反1,410,0,410,永全-南崁,2023-11-06,6451
1616,億泰,200,0,200,永全-南崁,2023-11-06,6451
9105,泰金寶-DR,200,0,200,永全-南崁,2023-11-06,6451
6026,福邦證,70,0,70,永全-南崁,2023-11-06,6451
1524,耿鼎,54,0,54,永全-南崁,2023-11-06,6451
2542,興富發,52,0,52,永全-南崁,2023-11-06,6451
1409,新纖,38,0,38,永全-南崁,2023-11-06,6451
2855,統一證,36,0,36,永全-南崁,2023-11-06,6451
3588,通嘉,36,0,36,永全-南崁,2023-11-06,6451
8110,華東,41,6,35,永全-南崁,2023-11-06,6451
2618,長榮航,49,17,32,永全-南崁,2023-11-06,6451
2801,彰銀,32,0,32,永全-南崁,2023-11-06,6451
1785,光洋科,27,0,27,永全-南崁,2023-11-06,6451
1522,堤維西,25,0,25,永全-南崁,2023-11-06,6451
3041,揚智,23,0,23,永全-南崁,2023-11-06,6451
4961,天鈺,22,0,22,永全-南崁,2023-11-06,6451
1795,美時,32,11,21,永全-南崁,2023-11-06,6451
00664R,國泰臺灣加權反1,20,0,20,永全-南崁,2023-11-06,6451
5533,皇鼎,20,0,20,永全-南崁,2023-11-06,6451
3228,金麗科,20,2,18,永全-南崁,2023-11-06,6451
00673R,期元大S＆P原油反1,15,0,15,永全-南崁,2023-11-06,6451
2516,新建,15,0,15,永全-南崁,2023-11-06,6451
6276,安鈦克,15,0,15,永全-南崁,2023-11-06,6451
3189,景碩,14,0,14,永全-南崁,2023-11-06,6451
2313,華通,20,9,11,永全-南崁,2023-11-06,6451
2439,美律,11,0,11,永全-南崁,2023-11-06,6451
2834,臺企銀,11,0,11,永全-南崁,2023-11-06,6451
00679B,元大美債20年,10,0,10,永全-南崁,2023-11-06,6451
3055,蔚華科,20,10,10,永全-南崁,2023-11-06,6451
6139,亞翔,11,1,10,永全-南崁,2023-11-06,6451
6552,易華電,10,0,10,永全-南崁,2023-11-06,6451
8390,金益鼎,10,0,10,永全-南崁,2023-11-06,6451
00878,國泰永續高股息,9,0,9,永全-南崁,2023-11-06,6451
00919,群益台灣精選高息,19,10,9,永全-南崁,2023-11-06,6451
2816,旺旺保,10,1,9,永全-南崁,2023-11-06,6451
6117,迎廣,17,8,9,永全-南崁,2023-11-06,6451
6284,佳邦,10,1,9,永全-南崁,2023-11-06,6451
3176,基亞,8,0,8,永全-南崁,2023-11-06,6451
6770,力積電,12,4,8,永全-南崁,2023-11-06,6451
2340,台亞,7,0,7,永全-南崁,2023-11-06,6451
6182,合晶,7,0,7,永全-南崁,2023-11-06,6451
6695,芯鼎,7,0,7,永全-南崁,2023-11-06,6451
8069,元太,8,1,7,永全-南崁,2023-11-06,6451
2634,漢翔,10,4,6,永全-南崁,2023-11-06,6451
2637,慧洋-KY,12,6,6,永全-南崁,2023-11-06,6451
2884,玉山金,6,0,6,永全-南崁,2023-11-06,6451
4915,致伸,6,0,6,永全-南崁,2023-11-06,6451
3213,茂訊,5,0,5,永全-南崁,2023-11-06,6451
2107,厚生,5,0,5,永全-南崁,2023-11-06,6451
2206,三陽工業,5,0,5,永全-南崁,2023-11-06,6451
3025,星通,81,1,80,永全-南崁,2023-11-07,6451
1808,潤隆,60,0,60,永全-南崁,2023-11-07,6451
2409,友達,50,3,47,永全-南崁,2023-11-07,6451
2618,長榮航,47,1,46,永全-南崁,2023-11-07,6451
1524,耿鼎,34,1,33,永全-南崁,2023-11-07,6451
3704,合勤控,30,0,30,永全-南崁,2023-11-07,6451
6276,安鈦克,30,0,30,永全-南崁,2023-11-07,6451
8110,華東,30,0,30,永全-南崁,2023-11-07,6451
3231,緯創,44,15,29,永全-南崁,2023-11-07,6451
2317,鴻海,28,1,27,永全-南崁,2023-11-07,6451
2888,新光金,21,0,21,永全-南崁,2023-11-07,6451
4961,天鈺,21,0,21,永全-南崁,2023-11-07,6451
00687B,國泰20年美債,20,0,20,永全-南崁,2023-11-07,6451
2371,大同,20,0,20,永全-南崁,2023-11-07,6451
2834,臺企銀,20,0,20,永全-南崁,2023-11-07,6451
2002,中鋼,17,0,17,永全-南崁,2023-11-07,6451
8046,南電,16,0,16,永全-南崁,2023-11-07,6451
2634,漢翔,21,6,15,永全-南崁,2023-11-07,6451
00712,復華富時不動產,12,0,12,永全-南崁,2023-11-07,6451
2867,三商壽,12,0,12,永全-南崁,2023-11-07,6451
3094,聯傑,12,0,12,永全-南崁,2023-11-07,6451
00878,國泰永續高股息,11,0,11,永全-南崁,2023-11-07,6451
4967,十銓,13,2,11,永全-南崁,2023-11-07,6451
6290,良維,11,0,11,永全-南崁,2023-11-07,6451
1717,長興,10,0,10,永全-南崁,2023-11-07,6451
2601,益航,10,0,10,永全-南崁,2023-11-07,6451
3363,上詮,10,0,10,永全-南崁,2023-11-07,6451
3483,力致,12,2,10,永全-南崁,2023-11-07,6451
4114,健喬,10,0,10,永全-南崁,2023-11-07,6451
6026,福邦證,10,0,10,永全-南崁,2023-11-07,6451
6146,耕興,10,0,10,永全-南崁,2023-11-07,6451
8034,榮群,10,0,10,永全-南崁,2023-11-07,6451
1324,地球,8,1,7,永全-南崁,2023-11-07,6451
1528,恩德,7,0,7,永全-南崁,2023-11-07,6451
2401,凌陽,17,11,6,永全-南崁,2023-11-07,6451
3545,敦泰,10,4,6,永全-南崁,2023-11-07,6451
9950,萬國通,6,0,6,永全-南崁,2023-11-07,6451
3005,神基,7,1,6,永全-南崁,2023-11-07,6451
1519,華城,14,9,5,永全-南崁,2023-11-07,6451
1721,三晃,5,0,5,永全-南崁,2023-11-07,6451
2439,美律,20,15,5,永全-南崁,2023-11-07,6451
3037,欣興,5,0,5,永全-南崁,2023-11-07,6451
3163,波若威,5,0,5,永全-南崁,2023-11-07,6451
3260,威剛,10,5,5,永全-南崁,2023-11-07,6451
4763,材料-KY,5,0,5,永全-南崁,2023-11-07,6451
5706,鳳凰,5,0,5,永全-南崁,2023-11-07,6451
6164,華興,5,0,5,永全-南崁,2023-11-07,6451
1785,光洋科,10,6,4,永全-南崁,2023-11-07,6451
1560,中砂,6,2,4,永全-南崁,2023-11-07,6451
2359,所羅門,4,0,4,永全-南崁,2023-11-07,6451
4960,誠美材,390,0,390,永全-南崁,2023-11-08,6451
1909,榮成,65,0,65,永全-南崁,2023-11-08,6451
2887,台新金,50,0,50,永全-南崁,2023-11-08,6451
2353,宏��,41,3,38,永全-南崁,2023-11-08,6451
9105,泰金寶-DR,36,0,36,永全-南崁,2023-11-08,6451
1524,耿鼎,65,31,34,永全-南崁,2023-11-08,6451
00919,群益台灣精選高息,33,0,33,永全-南崁,2023-11-08,6451
2618,長榮航,53,20,33,永全-南崁,2023-11-08,6451
1815,富喬,72,40,32,永全-南崁,2023-11-08,6451
3044,健鼎,30,0,30,永全-南崁,2023-11-08,6451
5426,振發,30,0,30,永全-南崁,2023-11-08,6451
6237,驊訊,26,0,26,永全-南崁,2023-11-08,6451
3363,上詮,27,1,26,永全-南崁,2023-11-08,6451
9958,世紀鋼,24,2,22,永全-南崁,2023-11-08,6451
1789,神隆,20,0,20,永全-南崁,2023-11-08,6451
3083,網龍,21,1,20,永全-南崁,2023-11-08,6451
3094,聯傑,20,0,20,永全-南崁,2023-11-08,6451
2006,東和鋼鐵,20,1,19,永全-南崁,2023-11-08,6451
00715L,期街口布蘭特正2,37,20,17,永全-南崁,2023-11-08,6451
2376,技嘉,20,4,16,永全-南崁,2023-11-08,6451
00878,國泰永續高股息,15,0,15,永全-南崁,2023-11-08,6451
2468,華經,14,1,13,永全-南崁,2023-11-08,6451
3570,大塚,13,0,13,永全-南崁,2023-11-08,6451
00936,台新永續高息中小,12,0,12,永全-南崁,2023-11-08,6451
2356,英業達,24,12,12,永全-南崁,2023-11-08,6451
00929,復華台灣科技優息,22,11,11,永全-南崁,2023-11-08,6451
2002,中鋼,11,0,11,永全-南崁,2023-11-08,6451
3041,揚智,12,1,11,永全-南崁,2023-11-08,6451
5347,世界,17,7,10,永全-南崁,2023-11-08,6451
2883,凱基金,10,0,10,永全-南崁,2023-11-08,6451
2884,玉山金,20,10,10,永全-南崁,2023-11-08,6451
3060,銘異,10,0,10,永全-南崁,2023-11-08,6451
3545,敦泰,10,0,10,永全-南崁,2023-11-08,6451
4114,健喬,10,0,10,永全-南崁,2023-11-08,6451
5439,高技,11,1,10,永全-南崁,2023-11-08,6451
6523,達爾膚,11,1,10,永全-南崁,2023-11-08,6451
6757,台灣虎航,10,0,10,永全-南崁,2023-11-08,6451
8034,榮群,23,14,9,永全-南崁,2023-11-08,6451
6202,盛群,8,0,8,永全-南崁,2023-11-08,6451
2607,榮運,7,0,7,永全-南崁,2023-11-08,6451
5351,鈺創,7,0,7,永全-南崁,2023-11-08,6451
2338,光罩,6,0,6,永全-南崁,2023-11-08,6451
2609,陽明,7,1,6,永全-南崁,2023-11-08,6451
4128,中天,8,2,6,永全-南崁,2023-11-08,6451
6901,鑽石投資,16,10,6,永全-南崁,2023-11-08,6451
1795,美時,8,3,5,永全-南崁,2023-11-08,6451
00646,元大S＆P500,5,0,5,永全-南崁,2023-11-08,6451
2409,友達,5,0,5,永全-南崁,2023-11-08,6451
3587,閎康,5,0,5,永全-南崁,2023-11-08,6451
4108,懷特,5,0,5,永全-南崁,2023-11-08,6451
2399,映泰,62,1,61,永全-南崁,2023-11-09,6451
2542,興富發,50,0,50,永全-南崁,2023-11-09,6451
6285,啟��,48,3,45,永全-南崁,2023-11-09,6451
1319,東陽,41,0,41,永全-南崁,2023-11-09,6451
00679B,元大美債20年,45,13,32,永全-南崁,2023-11-09,6451
2355,敬鵬,26,0,26,永全-南崁,2023-11-09,6451
2421,建準,30,5,25,永全-南崁,2023-11-09,6451
2317,鴻海,31,8,23,永全-南崁,2023-11-09,6451
9950,萬國通,22,0,22,永全-南崁,2023-11-09,6451
00671R,富邦NASDAQ反1,20,0,20,永全-南崁,2023-11-09,6451
2851,中再保,20,0,20,永全-南崁,2023-11-09,6451
4960,誠美材,20,0,20,永全-南崁,2023-11-09,6451
6168,宏齊,19,0,19,永全-南崁,2023-11-09,6451
3570,大塚,26,10,16,永全-南崁,2023-11-09,6451
6026,福邦證,16,0,16,永全-南崁,2023-11-09,6451
2329,華泰,19,4,15,永全-南崁,2023-11-09,6451
2353,宏��,20,5,15,永全-南崁,2023-11-09,6451
3060,銘異,15,0,15,永全-南崁,2023-11-09,6451
3163,波若威,17,2,15,永全-南崁,2023-11-09,6451
5386,青雲,19,4,15,永全-南崁,2023-11-09,6451
8046,南電,15,1,14,永全-南崁,2023-11-09,6451
00936,台新永續高息中小,12,0,12,永全-南崁,2023-11-09,6451
00929,復華台灣科技優息,12,0,12,永全-南崁,2023-11-09,6451
3363,上詮,11,0,11,永全-南崁,2023-11-09,6451
4906,正文,11,0,11,永全-南崁,2023-11-09,6451
4961,天鈺,11,0,11,永全-南崁,2023-11-09,6451
0056,元大高股息,12,2,10,永全-南崁,2023-11-09,6451
2390,云辰,10,0,10,永全-南崁,2023-11-09,6451
3013,晟銘電,15,5,10,永全-南崁,2023-11-09,6451
3176,基亞,10,0,10,永全-南崁,2023-11-09,6451
5009,榮剛,10,0,10,永全-南崁,2023-11-09,6451
5351,鈺創,10,0,10,永全-南崁,2023-11-09,6451
8110,華東,10,0,10,永全-南崁,2023-11-09,6451
2834,臺企銀,10,0,10,永全-南崁,2023-11-09,6451
2313,華通,9,0,9,永全-南崁,2023-11-09,6451
2358,廷鑫,9,0,9,永全-南崁,2023-11-09,6451
6104,創惟,8,0,8,永全-南崁,2023-11-09,6451
00680L,元大美債20正2,7,0,7,永全-南崁,2023-11-09,6451
1324,地球,8,1,7,永全-南崁,2023-11-09,6451
2388,威盛,15,8,7,永全-南崁,2023-11-09,6451
2417,圓剛,7,0,7,永全-南崁,2023-11-09,6451
3231,緯創,56,49,7,永全-南崁,2023-11-09,6451
3693,營邦,11,4,7,永全-南崁,2023-11-09,6451
6237,驊訊,7,0,7,永全-南崁,2023-11-09,6451
2363,矽統,29,22,7,永全-南崁,2023-11-09,6451
3035,智原,7,1,6,永全-南崁,2023-11-09,6451
00919,群益台灣精選高息,10,4,6,永全-南崁,2023-11-09,6451
2356,英業達,8,2,6,永全-南崁,2023-11-09,6451
2408,南亞科,6,0,6,永全-南崁,2023-11-09,6451
3325,旭品,9,3,6,永全-南崁,2023-11-09,6451
00929,復華台灣科技優息,108,1,107,永全-南崁,2023-11-10,6451
6016,康和證,102,0,102,永全-南崁,2023-11-10,6451
00712,復華富時不動產,85,0,85,永全-南崁,2023-11-10,6451
1616,億泰,60,0,60,永全-南崁,2023-11-10,6451
2382,廣達,52,0,52,永全-南崁,2023-11-10,6451
3041,揚智,68,24,44,永全-南崁,2023-11-10,6451
1522,堤維西,42,1,41,永全-南崁,2023-11-10,6451
2402,毅嘉,31,2,29,永全-南崁,2023-11-10,6451
8034,榮群,60,33,27,永全-南崁,2023-11-10,6451
2344,華邦電,21,0,21,永全-南崁,2023-11-10,6451
1217,愛之味,20,0,20,永全-南崁,2023-11-10,6451
2888,新光金,20,0,20,永全-南崁,2023-11-10,6451
8050,廣積,20,0,20,永全-南崁,2023-11-10,6451
4961,天鈺,18,0,18,永全-南崁,2023-11-10,6451
2317,鴻海,18,1,17,永全-南崁,2023-11-10,6451
0056,元大高股息,16,0,16,永全-南崁,2023-11-10,6451
2352,佳世達,15,0,15,永全-南崁,2023-11-10,6451
3060,銘異,15,0,15,永全-南崁,2023-11-10,6451
3363,上詮,15,0,15,永全-南崁,2023-11-10,6451
6901,鑽石投資,19,7,12,永全-南崁,2023-11-10,6451
2031,新光鋼,12,0,12,永全-南崁,2023-11-10,6451
00878,國泰永續高股息,12,0,12,永全-南崁,2023-11-10,6451
6276,安鈦克,21,10,11,永全-南崁,2023-11-10,6451
2376,技嘉,20,9,11,永全-南崁,2023-11-10,6451
2353,宏��,10,0,10,永全-南崁,2023-11-10,6451
2408,南亞科,10,0,10,永全-南崁,2023-11-10,6451
2603,長榮,16,6,10,永全-南崁,2023-11-10,6451
2609,陽明,10,0,10,永全-南崁,2023-11-10,6451
3094,聯傑,15,5,10,永全-南崁,2023-11-10,6451
3694,海華,10,0,10,永全-南崁,2023-11-10,6451
3704,合勤控,12,2,10,永全-南崁,2023-11-10,6451
6284,佳邦,11,1,10,永全-南崁,2023-11-10,6451
6290,良維,12,2,10,永全-南崁,2023-11-10,6451
6770,力積電,10,0,10,永全-南崁,2023-11-10,6451
2201,裕隆,10,1,9,永全-南崁,2023-11-10,6451
8016,矽創,8,0,8,永全-南崁,2023-11-10,6451
8110,華東,10,2,8,永全-南崁,2023-11-10,6451
2390,云辰,20,13,7,永全-南崁,2023-11-10,6451
3231,緯創,37,30,7,永全-南崁,2023-11-10,6451
6139,亞翔,10,3,7,永全-南崁,2023-11-10,6451
3032,偉訓,7,1,6,永全-南崁,2023-11-10,6451
9924,福興,6,0,6,永全-南崁,2023-11-10,6451
1301,台塑,5,0,5,永全-南崁,2023-11-10,6451
00687B,國泰20年美債,5,0,5,永全-南崁,2023-11-10,6451
2417,圓剛,5,0,5,永全-南崁,2023-11-10,6451
2606,裕民,5,0,5,永全-南崁,2023-11-10,6451
3450,聯鈞,5,0,5,永全-南崁,2023-11-10,6451
4128,中天,5,0,5,永全-南崁,2023-11-10,6451
6613,朋億*,5,0,5,永全-南崁,2023-11-10,6451
8071,能率網通,5,0,5,永全-南崁,2023-11-10,6451
00922,國泰台灣領袖50,290,0,290,永全-南崁,2023-11-13,6451
2352,佳世達,52,0,52,永全-南崁,2023-11-13,6451
3276,宇環,51,0,51,永全-南崁,2023-11-13,6451
9105,泰金寶-DR,50,0,50,永全-南崁,2023-11-13,6451
2002,中鋼,44,0,44,永全-南崁,2023-11-13,6451
2851,中再保,41,0,41,永全-南崁,2023-11-13,6451
2606,裕民,40,0,40,永全-南崁,2023-11-13,6451
2382,廣達,44,5,39,永全-南崁,2023-11-13,6451
1609,大亞,30,0,30,永全-南崁,2023-11-13,6451
8358,金居,28,0,28,永全-南崁,2023-11-13,6451
2376,技嘉,31,9,22,永全-南崁,2023-11-13,6451
2390,云辰,40,20,20,永全-南崁,2023-11-13,6451
2515,中工,20,0,20,永全-南崁,2023-11-13,6451
3060,銘異,20,0,20,永全-南崁,2023-11-13,6451
2356,英業達,23,4,19,永全-南崁,2023-11-13,6451
2542,興富發,17,0,17,永全-南崁,2023-11-13,6451
4960,誠美材,14,0,14,永全-南崁,2023-11-13,6451
2353,宏��,13,0,13,永全-南崁,2023-11-13,6451
2369,菱生,17,4,13,永全-南崁,2023-11-13,6451
2618,長榮航,14,1,13,永全-南崁,2023-11-13,6451
2313,華通,56,45,11,永全-南崁,2023-11-13,6451
2409,友達,20,10,10,永全-南崁,2023-11-13,6451
2438,翔耀,10,0,10,永全-南崁,2023-11-13,6451
5464,霖宏,10,0,10,永全-南崁,2023-11-13,6451
6168,宏齊,10,0,10,永全-南崁,2023-11-13,6451
9904,寶成,10,0,10,永全-南崁,2023-11-13,6451
3081,聯亞,9,0,9,永全-南崁,2023-11-13,6451
4938,和碩,9,0,9,永全-南崁,2023-11-13,6451
5258,虹堡,21,12,9,永全-南崁,2023-11-13,6451
00679B,元大美債20年,8,0,8,永全-南崁,2023-11-13,6451
3037,欣興,14,7,7,永全-南崁,2023-11-13,6451
4128,中天,8,1,7,永全-南崁,2023-11-13,6451
8110,華東,7,1,6,永全-南崁,2023-11-13,6451
4119,旭富,10,5,5,永全-南崁,2023-11-13,6451
1568,倉佑,5,0,5,永全-南崁,2023-11-13,6451
00878,國泰永續高股息,5,0,5,永全-南崁,2023-11-13,6451
00795B,中信美國公債20年,5,0,5,永全-南崁,2023-11-13,6451
00632R,元大台灣50反1,5,0,5,永全-南崁,2023-11-13,6451
2009,第一銅,5,0,5,永全-南崁,2023-11-13,6451
1815,富喬,5,0,5,永全-南崁,2023-11-13,6451
2743,山富,6,1,5,永全-南崁,2023-11-13,6451
2883B,凱基金乙特,5,0,5,永全-南崁,2023-11-13,6451
2884,玉山金,5,0,5,永全-南崁,2023-11-13,6451
3202,樺晟,5,0,5,永全-南崁,2023-11-13,6451
3483,力致,5,0,5,永全-南崁,2023-11-13,6451
4109,加捷生醫,5,0,5,永全-南崁,2023-11-13,6451
4167,松瑞藥,5,0,5,永全-南崁,2023-11-13,6451
6142,友勁,5,0,5,永全-南崁,2023-11-13,6451
6753,龍德造船,5,0,5,永全-南崁,2023-11-13,6451
6901,鑽石投資,5,0,5,永全-南崁,2023-11-13,6451
9904,寶成,120,0,120,永全-南崁,2023-11-14,6451
1616,億泰,40,0,40,永全-南崁,2023-11-14,6451
3231,緯創,47,18,29,永全-南崁,2023-11-14,6451
1101,台泥,25,0,25,永全-南崁,2023-11-14,6451
3036,文曄,25,3,22,永全-南崁,2023-11-14,6451
2201,裕隆,22,3,19,永全-南崁,2023-11-14,6451
1504,東元,28,12,16,永全-南崁,2023-11-14,6451
1522,堤維西,17,2,15,永全-南崁,2023-11-14,6451
2323,中環,15,0,15,永全-南崁,2023-11-14,6451
2355,敬鵬,43,30,13,永全-南崁,2023-11-14,6451
2409,友達,23,10,13,永全-南崁,2023-11-14,6451
6139,亞翔,14,1,13,永全-南崁,2023-11-14,6451
1568,倉佑,29,17,12,永全-南崁,2023-11-14,6451
8234,新漢,12,0,12,永全-南崁,2023-11-14,6451
00878,國泰永續高股息,11,0,11,永全-南崁,2023-11-14,6451
2002,中鋼,11,0,11,永全-南崁,2023-11-14,6451
3041,揚智,24,13,11,永全-南崁,2023-11-14,6451
2025,千興,10,0,10,永全-南崁,2023-11-14,6451
3708,上緯投控,10,0,10,永全-南崁,2023-11-14,6451
4960,誠美材,10,0,10,永全-南崁,2023-11-14,6451
6605,帝寶,10,0,10,永全-南崁,2023-11-14,6451
6770,力積電,10,0,10,永全-南崁,2023-11-14,6451
8011,台通,10,0,10,永全-南崁,2023-11-14,6451
2634,漢翔,15,6,9,永全-南崁,2023-11-14,6451
4908,前鼎,11,2,9,永全-南崁,2023-11-14,6451
6257,矽格,12,3,9,永全-南崁,2023-11-14,6451
6274,台燿,10,1,9,永全-南崁,2023-11-14,6451
00680L,元大美債20正2,9,2,7,永全-南崁,2023-11-14,6451
2745,五福,7,0,7,永全-南崁,2023-11-14,6451
5483,中美晶,7,0,7,永全-南崁,2023-11-14,6451
2313,華通,29,23,6,永全-南崁,2023-11-14,6451
6442,光聖,7,1,6,永全-南崁,2023-11-14,6451
8105,凌巨,6,0,6,永全-南崁,2023-11-14,6451
3037,欣興,9,3,6,永全-南崁,2023-11-14,6451
2408,南亞科,9,4,5,永全-南崁,2023-11-14,6451
2359,所羅門,5,0,5,永全-南崁,2023-11-14,6451
2399,映泰,5,0,5,永全-南崁,2023-11-14,6451
2405,輔信,5,0,5,永全-南崁,2023-11-14,6451
3163,波若威,5,0,5,永全-南崁,2023-11-14,6451
4167,松瑞藥,5,0,5,永全-南崁,2023-11-14,6451
4173,久裕,5,0,5,永全-南崁,2023-11-14,6451
5469,瀚宇博,5,0,5,永全-南崁,2023-11-14,6451
6168,宏齊,5,0,5,永全-南崁,2023-11-14,6451
6282,康舒,5,0,5,永全-南崁,2023-11-14,6451
6806,森崴能源,5,0,5,永全-南崁,2023-11-14,6451
2329,華泰,27,23,4,永全-南崁,2023-11-14,6451
2609,陽明,15,11,4,永全-南崁,2023-11-14,6451
3024,憶聲,4,0,4,永全-南崁,2023-11-14,6451
3189,景碩,4,0,4,永全-南崁,2023-11-14,6451
2743,山富,10,6,4,永全-南崁,2023-11-14,6451
00907,永豐優息存股,145,2,143,永全-南崁,2023-11-15,6451
2363,矽統,67,15,52,永全-南崁,2023-11-15,6451
3704,合勤控,41,6,35,永全-南崁,2023-11-15,6451
2002,中鋼,32,2,30,永全-南崁,2023-11-15,6451
00878,國泰永續高股息,28,2,26,永全-南崁,2023-11-15,6451
2392,正崴,25,0,25,永全-南崁,2023-11-15,6451
00680L,元大美債20正2,23,0,23,永全-南崁,2023-11-15,6451
2317,鴻海,30,8,22,永全-南崁,2023-11-15,6451
2337,旺宏,24,2,22,永全-南崁,2023-11-15,6451
6589,台康生技,20,0,20,永全-南崁,2023-11-15,6451
9950,萬國通,20,1,19,永全-南崁,2023-11-15,6451
2801,彰銀,16,0,16,永全-南崁,2023-11-15,6451
3033,威健,15,0,15,永全-南崁,2023-11-15,6451
2634,漢翔,16,2,14,永全-南崁,2023-11-15,6451
3006,晶豪科,19,6,13,永全-南崁,2023-11-15,6451
1815,富喬,12,0,12,永全-南崁,2023-11-15,6451
2402,毅嘉,12,1,11,永全-南崁,2023-11-15,6451
00890B,凱基ESG BBB債,10,0,10,永全-南崁,2023-11-15,6451
1609,大亞,10,0,10,永全-南崁,2023-11-15,6451
2331,精英,10,0,10,永全-南崁,2023-11-15,6451
2340,台亞,10,0,10,永全-南崁,2023-11-15,6451
2492,華新科,11,1,10,永全-南崁,2023-11-15,6451
2607,榮運,10,0,10,永全-南崁,2023-11-15,6451
5351,鈺創,12,2,10,永全-南崁,2023-11-15,6451
8358,金居,36,26,10,永全-南崁,2023-11-15,6451
1605,華新,21,12,9,永全-南崁,2023-11-15,6451
2369,菱生,14,5,9,永全-南崁,2023-11-15,6451
00715L,期街口布蘭特正2,8,0,8,永全-南崁,2023-11-15,6451
6530,創威,9,1,8,永全-南崁,2023-11-15,6451
6285,啟��,10,2,8,永全-南崁,2023-11-15,6451
2338,光罩,7,0,7,永全-南崁,2023-11-15,6451
4979,華星光,7,0,7,永全-南崁,2023-11-15,6451
00679B,元大美債20年,6,0,6,永全-南崁,2023-11-15,6451
1514,亞力,6,0,6,永全-南崁,2023-11-15,6451
1560,中砂,6,0,6,永全-南崁,2023-11-15,6451
3036,文曄,6,0,6,永全-南崁,2023-11-15,6451
3163,波若威,6,0,6,永全-南崁,2023-11-15,6451
1210,大成,5,0,5,永全-南崁,2023-11-15,6451
1612,宏泰,5,0,5,永全-南崁,2023-11-15,6451
1905,華紙,5,0,5,永全-南崁,2023-11-15,6451
2323,中環,5,0,5,永全-南崁,2023-11-15,6451
2324,仁寶,5,0,5,永全-南崁,2023-11-15,6451
2427,三商電,5,0,5,永全-南崁,2023-11-15,6451
3450,聯鈞,5,0,5,永全-南崁,2023-11-15,6451
4188,安克,5,0,5,永全-南崁,2023-11-15,6451
5439,高技,5,0,5,永全-南崁,2023-11-15,6451
6113,亞矽,5,0,5,永全-南崁,2023-11-15,6451
6217,中探針,5,0,5,永全-南崁,2023-11-15,6451
6670,復盛應用,5,0,5,永全-南崁,2023-11-15,6451
8478,東哥遊艇,5,0,5,永全-南崁,2023-11-15,6451
00632R,元大台灣50反1,400,0,400,永全-南崁,2023-11-16,6451
2610,華航,153,64,89,永全-南崁,2023-11-16,6451
2743,山富,72,6,66,永全-南崁,2023-11-16,6451
1605,華新,65,0,65,永全-南崁,2023-11-16,6451
1909,榮成,60,5,55,永全-南崁,2023-11-16,6451
00637L,元大滬深300正2,41,0,41,永全-南崁,2023-11-16,6451
1101,台泥,36,0,36,永全-南崁,2023-11-16,6451
2367,燿華,35,0,35,永全-南崁,2023-11-16,6451
6282,康舒,33,5,28,永全-南崁,2023-11-16,6451
1815,富喬,45,20,25,永全-南崁,2023-11-16,6451
00715L,期街口布蘭特正2,20,0,20,永全-南崁,2023-11-16,6451
2607,榮運,40,20,20,永全-南崁,2023-11-16,6451
1568,倉佑,20,5,15,永全-南崁,2023-11-16,6451
6235,華孚,17,3,14,永全-南崁,2023-11-16,6451
00795B,中信美國公債20年,12,0,12,永全-南崁,2023-11-16,6451
1609,大亞,11,0,11,永全-南崁,2023-11-16,6451
2369,菱生,26,15,11,永全-南崁,2023-11-16,6451
6104,創惟,11,0,11,永全-南崁,2023-11-16,6451
6456,GIS-KY,11,0,11,永全-南崁,2023-11-16,6451
1449,佳和,10,0,10,永全-南崁,2023-11-16,6451
2401,凌陽,10,0,10,永全-南崁,2023-11-16,6451
2706,第一店,10,0,10,永全-南崁,2023-11-16,6451
2834,臺企銀,10,0,10,永全-南崁,2023-11-16,6451
3060,銘異,30,20,10,永全-南崁,2023-11-16,6451
5353,台林,10,0,10,永全-南崁,2023-11-16,6451
00878,國泰永續高股息,11,2,9,永全-南崁,2023-11-16,6451
00690,兆豐藍籌30,9,0,9,永全-南崁,2023-11-16,6451
1733,五鼎,9,0,9,永全-南崁,2023-11-16,6451
2371,大同,134,125,9,永全-南崁,2023-11-16,6451
3071,協禧,9,0,9,永全-南崁,2023-11-16,6451
3231,緯創,15,6,9,永全-南崁,2023-11-16,6451
6243,迅杰,11,2,9,永全-南崁,2023-11-16,6451
2329,華泰,62,55,7,永全-南崁,2023-11-16,6451
2734,易飛網,7,0,7,永全-南崁,2023-11-16,6451
2344,華邦電,14,7,7,永全-南崁,2023-11-16,6451
1504,東元,6,0,6,永全-南崁,2023-11-16,6451
2002,中鋼,27,21,6,永全-南崁,2023-11-16,6451
2352,佳世達,6,0,6,永全-南崁,2023-11-16,6451
3260,威剛,6,0,6,永全-南崁,2023-11-16,6451
6290,良維,6,0,6,永全-南崁,2023-11-16,6451
1517,利奇,5,0,5,永全-南崁,2023-11-16,6451
00936,台新永續高息中小,5,0,5,永全-南崁,2023-11-16,6451
00934,中信成長高股息,5,0,5,永全-南崁,2023-11-16,6451
00646,元大S＆P500,5,0,5,永全-南崁,2023-11-16,6451
1907,永豐餘,5,0,5,永全-南崁,2023-11-16,6451
2605,新興,5,0,5,永全-南崁,2023-11-16,6451
2748,雲品,7,2,5,永全-南崁,2023-11-16,6451
2881,富邦金,5,0,5,永全-南崁,2023-11-16,6451
3062,建漢,5,0,5,永全-南崁,2023-11-16,6451
4919,新唐,12,7,5,永全-南崁,2023-11-16,6451
2618,長榮航,169,71,98,永全-南崁,2023-11-17,6451
00679B,元大美債20年,72,0,72,永全-南崁,2023-11-17,6451
1568,倉佑,65,1,64,永全-南崁,2023-11-17,6451
1815,富喬,74,30,44,永全-南崁,2023-11-17,6451
00637L,元大滬深300正2,43,0,43,永全-南崁,2023-11-17,6451
2104,國際中橡,40,0,40,永全-南崁,2023-11-17,6451
8110,華東,36,0,36,永全-南崁,2023-11-17,6451
6276,安鈦克,33,0,33,永全-南崁,2023-11-17,6451
3265,台星科,31,0,31,永全-南崁,2023-11-17,6451
00934,中信成長高股息,30,0,30,永全-南崁,2023-11-17,6451
2504,國產,30,0,30,永全-南崁,2023-11-17,6451
5533,皇鼎,30,0,30,永全-南崁,2023-11-17,6451
9950,萬國通,31,1,30,永全-南崁,2023-11-17,6451
8358,金居,27,0,27,永全-南崁,2023-11-17,6451
5512,力麒,26,0,26,永全-南崁,2023-11-17,6451
1795,美時,23,0,23,永全-南崁,2023-11-17,6451
00633L,富邦上証正2,20,0,20,永全-南崁,2023-11-17,6451
00902,中信電池及儲能,20,0,20,永全-南崁,2023-11-17,6451
5531,鄉林,30,10,20,永全-南崁,2023-11-17,6451
8046,南電,16,0,16,永全-南崁,2023-11-17,6451
00878,國泰永續高股息,15,0,15,永全-南崁,2023-11-17,6451
00915,凱基優選高股息30,10,0,10,永全-南崁,2023-11-17,6451
2367,燿華,10,0,10,永全-南崁,2023-11-17,6451
2405,輔信,10,0,10,永全-南崁,2023-11-17,6451
2495,普安,12,2,10,永全-南崁,2023-11-17,6451
2706,第一店,10,0,10,永全-南崁,2023-11-17,6451
2892,第一金,10,0,10,永全-南崁,2023-11-17,6451
3060,銘異,10,0,10,永全-南崁,2023-11-17,6451
3704,合勤控,10,0,10,永全-南崁,2023-11-17,6451
8112,至上,10,0,10,永全-南崁,2023-11-17,6451
2329,華泰,22,14,8,永全-南崁,2023-11-17,6451
2382,廣達,11,3,8,永全-南崁,2023-11-17,6451
2421,建準,7,0,7,永全-南崁,2023-11-17,6451
2801,彰銀,7,0,7,永全-南崁,2023-11-17,6451
3669,圓展,7,0,7,永全-南崁,2023-11-17,6451
5351,鈺創,7,0,7,永全-南崁,2023-11-17,6451
2376,技嘉,12,5,7,永全-南崁,2023-11-17,6451
2887,台新金,6,0,6,永全-南崁,2023-11-17,6451
3017,奇鋐,8,2,6,永全-南崁,2023-11-17,6451
6285,啟��,8,2,6,永全-南崁,2023-11-17,6451
1517,利奇,5,0,5,永全-南崁,2023-11-17,6451
2362,藍天,5,0,5,永全-南崁,2023-11-17,6451
2732,六角,5,0,5,永全-南崁,2023-11-17,6451
2867,三商壽,5,0,5,永全-南崁,2023-11-17,6451
3122,笙泉,5,0,5,永全-南崁,2023-11-17,6451
3163,波若威,5,0,5,永全-南崁,2023-11-17,6451
3252,海灣,5,0,5,永全-南崁,2023-11-17,6451
3623,富晶通,8,3,5,永全-南崁,2023-11-17,6451
5439,高技,7,2,5,永全-南崁,2023-11-17,6451
5464,霖宏,5,0,5,永全-南崁,2023-11-17,6451
2743,山富,76,5,71,永全-南崁,2023-11-20,6451
3276,宇環,65,0,65,永全-南崁,2023-11-20,6451
6741,91APP*-KY,39,0,39,永全-南崁,2023-11-20,6451
6806,森崴能源,30,0,30,永全-南崁,2023-11-20,6451
4931,新盛力,34,6,28,永全-南崁,2023-11-20,6451
6290,良維,25,0,25,永全-南崁,2023-11-20,6451
3701,大眾控,23,0,23,永全-南崁,2023-11-20,6451
5381,合正,23,0,23,永全-南崁,2023-11-20,6451
3163,波若威,21,0,21,永全-南崁,2023-11-20,6451
6589,台康生技,21,0,21,永全-南崁,2023-11-20,6451
2323,中環,20,0,20,永全-南崁,2023-11-20,6451
2891,中信金,40,20,20,永全-南崁,2023-11-20,6451
5512,力麒,20,0,20,永全-南崁,2023-11-20,6451
00679B,元大美債20年,18,0,18,永全-南崁,2023-11-20,6451
2317,鴻海,16,0,16,永全-南崁,2023-11-20,6451
8011,台通,15,0,15,永全-南崁,2023-11-20,6451
6122,擎邦,14,0,14,永全-南崁,2023-11-20,6451
6558,興能高,15,1,14,永全-南崁,2023-11-20,6451
2543,皇昌,19,6,13,永全-南崁,2023-11-20,6451
5009,榮剛,13,0,13,永全-南崁,2023-11-20,6451
2401,凌陽,29,17,12,永全-南崁,2023-11-20,6451
3576,聯合再生,13,1,12,永全-南崁,2023-11-20,6451
2258,鴻華先進-創,10,0,10,永全-南崁,2023-11-20,6451
2417,圓剛,11,1,10,永全-南崁,2023-11-20,6451
2516,新建,10,0,10,永全-南崁,2023-11-20,6451
2834,臺企銀,10,0,10,永全-南崁,2023-11-20,6451
5521,工信,10,0,10,永全-南崁,2023-11-20,6451
6235,華孚,20,10,10,永全-南崁,2023-11-20,6451
8054,安國,11,1,10,永全-南崁,2023-11-20,6451
2365,昆盈,10,0,10,永全-南崁,2023-11-20,6451
2610,華航,9,0,9,永全-南崁,2023-11-20,6451
6270,倍微,10,1,9,永全-南崁,2023-11-20,6451
6271,同欣電,10,1,9,永全-南崁,2023-11-20,6451
00919,群益台灣精選高息,8,0,8,永全-南崁,2023-11-20,6451
3481,群創,10,2,8,永全-南崁,2023-11-20,6451
2201,裕隆,8,1,7,永全-南崁,2023-11-20,6451
2405,輔信,15,8,7,永全-南崁,2023-11-20,6451
8110,華東,10,3,7,永全-南崁,2023-11-20,6451
3035,智原,9,2,7,永全-南崁,2023-11-20,6451
2482,連宇,10,4,6,永全-南崁,2023-11-20,6451
2745,五福,11,5,6,永全-南崁,2023-11-20,6451
9950,萬國通,6,0,6,永全-南崁,2023-11-20,6451
2886,兆豐金,6,0,6,永全-南崁,2023-11-20,6451
1102,亞泥,5,0,5,永全-南崁,2023-11-20,6451
2340,台亞,5,0,5,永全-南崁,2023-11-20,6451
2353,宏��,5,0,5,永全-南崁,2023-11-20,6451
2360,致茂,5,0,5,永全-南崁,2023-11-20,6451
2367,燿華,5,0,5,永全-南崁,2023-11-20,6451
2603,長榮,5,0,5,永全-南崁,2023-11-20,6451
2816,旺旺保,5,0,5,永全-南崁,2023-11-20,6451
9105,泰金寶-DR,111,0,111,永全-南崁,2023-11-21,6451
00934,中信成長高股息,71,0,71,永全-南崁,2023-11-21,6451
2023,燁輝,62,3,59,永全-南崁,2023-11-21,6451
00929,復華台灣科技優息,68,14,54,永全-南崁,2023-11-21,6451
9907,統一實,50,0,50,永全-南崁,2023-11-21,6451
4543,萬在,61,19,42,永全-南崁,2023-11-21,6451
3276,宇環,41,3,38,永全-南崁,2023-11-21,6451
2367,燿華,46,19,27,永全-南崁,2023-11-21,6451
6168,宏齊,25,0,25,永全-南崁,2023-11-21,6451
2618,長榮航,23,0,23,永全-南崁,2023-11-21,6451
2305,全友,20,0,20,永全-南崁,2023-11-21,6451
8110,華東,20,0,20,永全-南崁,2023-11-21,6451
6104,創惟,20,1,19,永全-南崁,2023-11-21,6451
8011,台通,39,20,19,永全-南崁,2023-11-21,6451
3017,奇鋐,27,10,17,永全-南崁,2023-11-21,6451
3047,訊舟,16,0,16,永全-南崁,2023-11-21,6451
2363,矽統,39,24,15,永全-南崁,2023-11-21,6451
3006,晶豪科,18,5,13,永全-南崁,2023-11-21,6451
2337,旺宏,11,0,11,永全-南崁,2023-11-21,6451
8034,榮群,12,1,11,永全-南崁,2023-11-21,6451
1102,亞泥,10,0,10,永全-南崁,2023-11-21,6451
00724B,群益投資級金融債,10,0,10,永全-南崁,2023-11-21,6451
2324,仁寶,11,1,10,永全-南崁,2023-11-21,6451
2344,華邦電,10,0,10,永全-南崁,2023-11-21,6451
2542,興富發,10,0,10,永全-南崁,2023-11-21,6451
2888,新光金,10,0,10,永全-南崁,2023-11-21,6451
3041,揚智,42,32,10,永全-南崁,2023-11-21,6451
3673,TPK-KY,10,0,10,永全-南崁,2023-11-21,6451
4909,新復興,10,0,10,永全-南崁,2023-11-21,6451
4967,十銓,12,2,10,永全-南崁,2023-11-21,6451
8112,至上,10,0,10,永全-南崁,2023-11-21,6451
2731,雄獅,10,1,9,永全-南崁,2023-11-21,6451
6770,力積電,10,1,9,永全-南崁,2023-11-21,6451
8227,巨有科技,12,3,9,永全-南崁,2023-11-21,6451
9958,世紀鋼,9,0,9,永全-南崁,2023-11-21,6451
2409,友達,10,2,8,永全-南崁,2023-11-21,6451
3059,華晶科,8,0,8,永全-南崁,2023-11-21,6451
6125,廣運,14,6,8,永全-南崁,2023-11-21,6451
00679B,元大美債20年,7,0,7,永全-南崁,2023-11-21,6451
00646,元大S＆P500,7,0,7,永全-南崁,2023-11-21,6451
3512,皇龍,8,1,7,永全-南崁,2023-11-21,6451
3576,聯合再生,7,0,7,永全-南崁,2023-11-21,6451
1504,東元,7,1,6,永全-南崁,2023-11-21,6451
2316,楠梓電,6,0,6,永全-南崁,2023-11-21,6451
2882,國泰金,11,5,6,永全-南崁,2023-11-21,6451
5519,隆大,6,0,6,永全-南崁,2023-11-21,6451
6275,元山,6,0,6,永全-南崁,2023-11-21,6451
2356,英業達,19,13,6,永全-南崁,2023-11-21,6451
00919,群益台灣精選高息,5,0,5,永全-南崁,2023-11-21,6451
2440,太空梭,5,0,5,永全-南崁,2023-11-21,6451
2002,中鋼,91,0,91,永全-南崁,2023-11-22,6451
3231,緯創,104,16,88,永全-南崁,2023-11-22,6451
5533,皇鼎,88,10,78,永全-南崁,2023-11-22,6451
2516,新建,69,10,59,永全-南崁,2023-11-22,6451
1321,大洋,55,0,55,永全-南崁,2023-11-22,6451
2618,長榮航,56,11,45,永全-南崁,2023-11-22,6451
00637L,元大滬深300正2,50,10,40,永全-南崁,2023-11-22,6451
00676R,富邦臺灣加權反1,40,0,40,永全-南崁,2023-11-22,6451
2449,京元電子,31,1,30,永全-南崁,2023-11-22,6451
2504,國產,30,0,30,永全-南崁,2023-11-22,6451
2607,榮運,30,0,30,永全-南崁,2023-11-22,6451
6125,廣運,32,3,29,永全-南崁,2023-11-22,6451
2352,佳世達,27,0,27,永全-南崁,2023-11-22,6451
3483,力致,44,20,24,永全-南崁,2023-11-22,6451
2382,廣達,24,1,23,永全-南崁,2023-11-22,6451
2363,矽統,35,16,19,永全-南崁,2023-11-22,6451
2356,英業達,24,6,18,永全-南崁,2023-11-22,6451
2027,大成鋼,16,0,16,永全-南崁,2023-11-22,6451
6579,研揚,23,9,14,永全-南崁,2023-11-22,6451
2344,華邦電,15,2,13,永全-南崁,2023-11-22,6451
00878,國泰永續高股息,33,21,12,永全-南崁,2023-11-22,6451
2892,第一金,12,0,12,永全-南崁,2023-11-22,6451
5608,四維航,12,0,12,永全-南崁,2023-11-22,6451
5351,鈺創,45,33,12,永全-南崁,2023-11-22,6451
00929,復華台灣科技優息,17,6,11,永全-南崁,2023-11-22,6451
00919,群益台灣精選高息,11,0,11,永全-南崁,2023-11-22,6451
2014,中鴻,11,0,11,永全-南崁,2023-11-22,6451
2329,華泰,13,2,11,永全-南崁,2023-11-22,6451
2609,陽明,22,11,11,永全-南崁,2023-11-22,6451
3041,揚智,45,34,11,永全-南崁,2023-11-22,6451
2405,輔信,27,16,11,永全-南崁,2023-11-22,6451
00850,元大臺灣ESG永續,10,0,10,永全-南崁,2023-11-22,6451
2734,易飛網,10,0,10,永全-南崁,2023-11-22,6451
3047,訊舟,11,1,10,永全-南崁,2023-11-22,6451
3665,貿聯-KY,10,0,10,永全-南崁,2023-11-22,6451
6532,瑞耘,10,0,10,永全-南崁,2023-11-22,6451
6806,森崴能源,10,0,10,永全-南崁,2023-11-22,6451
8110,華東,22,12,10,永全-南崁,2023-11-22,6451
9945,潤泰新,10,0,10,永全-南崁,2023-11-22,6451
2342,茂矽,9,0,9,永全-南崁,2023-11-22,6451
2834,臺企銀,10,1,9,永全-南崁,2023-11-22,6451
3706,神達,11,2,9,永全-南崁,2023-11-22,6451
2313,華通,17,9,8,永全-南崁,2023-11-22,6451
2406,國碩,7,0,7,永全-南崁,2023-11-22,6451
3037,欣興,12,5,7,永全-南崁,2023-11-22,6451
00753L,中信中國50正2,6,0,6,永全-南崁,2023-11-22,6451
2376,技嘉,13,7,6,永全-南崁,2023-11-22,6451
6770,力積電,16,10,6,永全-南崁,2023-11-22,6451
2330,台積電,6,0,6,永全-南崁,2023-11-22,6451
1210,大成,5,0,5,永全-南崁,2023-11-22,6451
3231,緯創,109,37,72,永全-南崁,2023-11-23,6451
3078,僑威,81,11,70,永全-南崁,2023-11-23,6451
4543,萬在,60,0,60,永全-南崁,2023-11-23,6451
6117,迎廣,62,5,57,永全-南崁,2023-11-23,6451
1321,大洋,55,0,55,永全-南崁,2023-11-23,6451
8110,華東,45,0,45,永全-南崁,2023-11-23,6451
2363,矽統,57,16,41,永全-南崁,2023-11-23,6451
6456,GIS-KY,40,1,39,永全-南崁,2023-11-23,6451
2891,中信金,50,14,36,永全-南崁,2023-11-23,6451
00637L,元大滬深300正2,35,0,35,永全-南崁,2023-11-23,6451
5521,工信,46,11,35,永全-南崁,2023-11-23,6451
8227,巨有科技,33,1,32,永全-南崁,2023-11-23,6451
00673R,期元大S＆P原油反1,30,0,30,永全-南崁,2023-11-23,6451
5469,瀚宇博,25,0,25,永全-南崁,2023-11-23,6451
8046,南電,25,0,25,永全-南崁,2023-11-23,6451
3059,華晶科,21,0,21,永全-南崁,2023-11-23,6451
00633L,富邦上証正2,20,0,20,永全-南崁,2023-11-23,6451
3038,全台,20,0,20,永全-南崁,2023-11-23,6451
3704,合勤控,18,0,18,永全-南崁,2023-11-23,6451
2801,彰銀,33,16,17,永全-南崁,2023-11-23,6451
3032,偉訓,40,25,15,永全-南崁,2023-11-23,6451
6274,台燿,16,3,13,永全-南崁,2023-11-23,6451
00878,國泰永續高股息,13,0,13,永全-南崁,2023-11-23,6451
00919,群益台灣精選高息,14,2,12,永全-南崁,2023-11-23,6451
5309,系統電,12,0,12,永全-南崁,2023-11-23,6451
1733,五鼎,10,0,10,永全-南崁,2023-11-23,6451
2486,一詮,11,1,10,永全-南崁,2023-11-23,6451
3031,佰鴻,10,0,10,永全-南崁,2023-11-23,6451
3045,台灣大,10,0,10,永全-南崁,2023-11-23,6451
3094,聯傑,20,10,10,永全-南崁,2023-11-23,6451
3548,兆利,10,0,10,永全-南崁,2023-11-23,6451
5272,笙科,13,3,10,永全-南崁,2023-11-23,6451
8011,台通,11,1,10,永全-南崁,2023-11-23,6451
2301,光寶科,7,0,7,永全-南崁,2023-11-23,6451
3017,奇鋐,9,2,7,永全-南崁,2023-11-23,6451
2356,英業達,8,1,7,永全-南崁,2023-11-23,6451
2317,鴻海,8,1,7,永全-南崁,2023-11-23,6451
1785,光洋科,6,0,6,永全-南崁,2023-11-23,6451
6133,金橋,6,0,6,永全-南崁,2023-11-23,6451
6741,91APP*-KY,6,0,6,永全-南崁,2023-11-23,6451
8016,矽創,6,0,6,永全-南崁,2023-11-23,6451
1582,信錦,6,1,5,永全-南崁,2023-11-23,6451
1449,佳和,5,0,5,永全-南崁,2023-11-23,6451
1514,亞力,5,0,5,永全-南崁,2023-11-23,6451
00934,中信成長高股息,5,0,5,永全-南崁,2023-11-23,6451
00850,元大臺灣ESG永續,5,0,5,永全-南崁,2023-11-23,6451
2440,太空梭,5,0,5,永全-南崁,2023-11-23,6451
3209,全科,5,0,5,永全-南崁,2023-11-23,6451
3234,光環,5,0,5,永全-南崁,2023-11-23,6451
3450,聯鈞,6,1,5,永全-南崁,2023-11-23,6451
8358,金居,49,0,49,永全-南崁,2023-11-24,6451
4543,萬在,42,0,42,永全-南崁,2023-11-24,6451
2618,長榮航,65,24,41,永全-南崁,2023-11-24,6451
3006,晶豪科,37,2,35,永全-南崁,2023-11-24,6451
6122,擎邦,34,0,34,永全-南崁,2023-11-24,6451
8054,安國,39,6,33,永全-南崁,2023-11-24,6451
1522,堤維西,25,0,25,永全-南崁,2023-11-24,6451
1529,樂事綠能,25,2,23,永全-南崁,2023-11-24,6451
00878,國泰永續高股息,23,1,22,永全-南崁,2023-11-24,6451
2206,三陽工業,23,2,21,永全-南崁,2023-11-24,6451
2002,中鋼,21,0,21,永全-南崁,2023-11-24,6451
3673,TPK-KY,20,0,20,永全-南崁,2023-11-24,6451
6282,康舒,24,4,20,永全-南崁,2023-11-24,6451
2891,中信金,31,15,16,永全-南崁,2023-11-24,6451
00919,群益台灣精選高息,15,0,15,永全-南崁,2023-11-24,6451
3060,銘異,36,21,15,永全-南崁,2023-11-24,6451
6197,佳必琪,16,1,15,永全-南崁,2023-11-24,6451
5471,松翰,14,0,14,永全-南崁,2023-11-24,6451
2317,鴻海,18,6,12,永全-南崁,2023-11-24,6451
3078,僑威,18,6,12,永全-南崁,2023-11-24,6451
1216,統一,13,2,11,永全-南崁,2023-11-24,6451
3019,亞光,11,0,11,永全-南崁,2023-11-24,6451
00891,中信關鍵半導體,10,0,10,永全-南崁,2023-11-24,6451
3038,全台,10,0,10,永全-南崁,2023-11-24,6451
3481,群創,10,0,10,永全-南崁,2023-11-24,6451
3665,貿聯-KY,10,0,10,永全-南崁,2023-11-24,6451
6005,群益證,10,0,10,永全-南崁,2023-11-24,6451
6164,華興,10,0,10,永全-南崁,2023-11-24,6451
6202,盛群,10,0,10,永全-南崁,2023-11-24,6451
6605,帝寶,10,0,10,永全-南崁,2023-11-24,6451
3041,揚智,50,41,9,永全-南崁,2023-11-24,6451
2368,金像電,8,0,8,永全-南崁,2023-11-24,6451
2516,新建,30,22,8,永全-南崁,2023-11-24,6451
2607,榮運,10,2,8,永全-南崁,2023-11-24,6451
3693,營邦,15,7,8,永全-南崁,2023-11-24,6451
5258,虹堡,10,2,8,永全-南崁,2023-11-24,6451
8183,精星,8,0,8,永全-南崁,2023-11-24,6451
6235,華孚,7,0,7,永全-南崁,2023-11-24,6451
0056,元大高股息,7,0,7,永全-南崁,2023-11-24,6451
3715,定穎投控,8,1,7,永全-南崁,2023-11-24,6451
00885,富邦越南,6,0,6,永全-南崁,2023-11-24,6451
3029,零壹,7,1,6,永全-南崁,2023-11-24,6451
6523,達爾膚,8,2,6,永全-南崁,2023-11-24,6451
6609,瀧澤科,6,0,6,永全-南崁,2023-11-24,6451
00935,野村臺灣新科技50,5,0,5,永全-南崁,2023-11-24,6451
00850,元大臺灣ESG永續,5,0,5,永全-南崁,2023-11-24,6451
2358,廷鑫,5,0,5,永全-南崁,2023-11-24,6451
2359,所羅門,5,0,5,永全-南崁,2023-11-24,6451
2362,藍天,5,0,5,永全-南崁,2023-11-24,6451
2367,燿華,5,0,5,永全-南崁,2023-11-24,6451
00632R,元大台灣50反1,400,0,400,永全-南崁,2023-11-27,6451
3231,緯創,81,17,64,永全-南崁,2023-11-27,6451
5351,鈺創,67,11,56,永全-南崁,2023-11-27,6451
00679B,元大美債20年,51,0,51,永全-南崁,2023-11-27,6451
00637L,元大滬深300正2,50,0,50,永全-南崁,2023-11-27,6451
3078,僑威,44,0,44,永全-南崁,2023-11-27,6451
6122,擎邦,39,0,39,永全-南崁,2023-11-27,6451
6579,研揚,38,0,38,永全-南崁,2023-11-27,6451
4909,新復興,31,0,31,永全-南崁,2023-11-27,6451
00633L,富邦上証正2,30,0,30,永全-南崁,2023-11-27,6451
6290,良維,27,0,27,永全-南崁,2023-11-27,6451
8054,安國,46,19,27,永全-南崁,2023-11-27,6451
3058,立德,27,1,26,永全-南崁,2023-11-27,6451
1522,堤維西,25,0,25,永全-南崁,2023-11-27,6451
3276,宇環,24,0,24,永全-南崁,2023-11-27,6451
1409,新纖,22,0,22,永全-南崁,2023-11-27,6451
1321,大洋,20,0,20,永全-南崁,2023-11-27,6451
3693,營邦,22,2,20,永全-南崁,2023-11-27,6451
4746,台耀,20,0,20,永全-南崁,2023-11-27,6451
6164,華興,20,0,20,永全-南崁,2023-11-27,6451
2891,中信金,49,30,19,永全-南崁,2023-11-27,6451
00929,復華台灣科技優息,18,0,18,永全-南崁,2023-11-27,6451
8110,華東,20,2,18,永全-南崁,2023-11-27,6451
2382,廣達,17,0,17,永全-南崁,2023-11-27,6451
5230,雷笛克光學,25,10,15,永全-南崁,2023-11-27,6451
6108,競國,20,5,15,永全-南崁,2023-11-27,6451
6285,啟��,15,0,15,永全-南崁,2023-11-27,6451
4167,松瑞藥,15,1,14,永全-南崁,2023-11-27,6451
2388,威盛,13,0,13,永全-南崁,2023-11-27,6451
3169,亞信,12,0,12,永全-南崁,2023-11-27,6451
6456,GIS-KY,15,3,12,永全-南崁,2023-11-27,6451
2421,建準,22,10,12,永全-南崁,2023-11-27,6451
2363,矽統,12,1,11,永全-南崁,2023-11-27,6451
2105,正新,20,10,10,永全-南崁,2023-11-27,6451
2364,倫飛,10,0,10,永全-南崁,2023-11-27,6451
2401,凌陽,12,2,10,永全-南崁,2023-11-27,6451
2516,新建,40,30,10,永全-南崁,2023-11-27,6451
2743,山富,20,10,10,永全-南崁,2023-11-27,6451
3094,聯傑,20,10,10,永全-南崁,2023-11-27,6451
3712,永崴投控,10,0,10,永全-南崁,2023-11-27,6451
6015,宏遠證,10,0,10,永全-南崁,2023-11-27,6451
6443,元晶,10,0,10,永全-南崁,2023-11-27,6451
9136,巨騰-DR,10,0,10,永全-南崁,2023-11-27,6451
3006,晶豪科,11,2,9,永全-南崁,2023-11-27,6451
8358,金居,9,0,9,永全-南崁,2023-11-27,6451
6414,樺漢,8,0,8,永全-南崁,2023-11-27,6451
1815,富喬,7,0,7,永全-南崁,2023-11-27,6451
2408,南亞科,7,0,7,永全-南崁,2023-11-27,6451
2634,漢翔,10,3,7,永全-南崁,2023-11-27,6451
3325,旭品,8,1,7,永全-南崁,2023-11-27,6451
9105,泰金寶-DR,160,2,158,永全-南崁,2023-11-28,6451
2812,台中銀,100,0,100,永全-南崁,2023-11-28,6451
3058,立德,62,0,62,永全-南崁,2023-11-28,6451
00632R,元大台灣50反1,55,0,55,永全-南崁,2023-11-28,6451
2369,菱生,46,9,37,永全-南崁,2023-11-28,6451
2801,彰銀,33,0,33,永全-南崁,2023-11-28,6451
4133,亞諾法,30,1,29,永全-南崁,2023-11-28,6451
6122,擎邦,29,0,29,永全-南崁,2023-11-28,6451
3231,緯創,31,6,25,永全-南崁,2023-11-28,6451
1522,堤維西,25,1,24,永全-南崁,2023-11-28,6451
2313,華通,101,80,21,永全-南崁,2023-11-28,6451
6127,九豪,20,0,20,永全-南崁,2023-11-28,6451
8110,華東,20,0,20,永全-南崁,2023-11-28,6451
2645,長榮航太,16,0,16,永全-南崁,2023-11-28,6451
00929,復華台灣科技優息,15,2,13,永全-南崁,2023-11-28,6451
2618,長榮航,20,7,13,永全-南崁,2023-11-28,6451
1701,中化,12,0,12,永全-南崁,2023-11-28,6451
2323,中環,12,0,12,永全-南崁,2023-11-28,6451
2402,毅嘉,15,3,12,永全-南崁,2023-11-28,6451
2337,旺宏,10,0,10,永全-南崁,2023-11-28,6451
2353,宏��,10,0,10,永全-南崁,2023-11-28,6451
3038,全台,10,0,10,永全-南崁,2023-11-28,6451
3481,群創,10,0,10,永全-南崁,2023-11-28,6451
3504,揚明光,10,0,10,永全-南崁,2023-11-28,6451
5009,榮剛,10,0,10,永全-南崁,2023-11-28,6451
6015,宏遠證,10,0,10,永全-南崁,2023-11-28,6451
6244,茂迪,10,0,10,永全-南崁,2023-11-28,6451
6901,鑽石投資,10,0,10,永全-南崁,2023-11-28,6451
3005,神基,11,2,9,永全-南崁,2023-11-28,6451
2328,廣宇,8,0,8,永全-南崁,2023-11-28,6451
2356,英業達,9,1,8,永全-南崁,2023-11-28,6451
4746,台耀,10,2,8,永全-南崁,2023-11-28,6451
5347,世界,8,0,8,永全-南崁,2023-11-28,6451
6274,台燿,10,2,8,永全-南崁,2023-11-28,6451
6282,康舒,11,4,7,永全-南崁,2023-11-28,6451
1101,台泥,6,0,6,永全-南崁,2023-11-28,6451
2303,聯電,7,1,6,永全-南崁,2023-11-28,6451
2630,亞航,7,1,6,永全-南崁,2023-11-28,6451
1319,東陽,5,0,5,永全-南崁,2023-11-28,6451
00933B,國泰10Y+金融債,5,0,5,永全-南崁,2023-11-28,6451
00712,復華富時不動產,5,0,5,永全-南崁,2023-11-28,6451
2014,中鴻,5,0,5,永全-南崁,2023-11-28,6451
2360,致茂,6,1,5,永全-南崁,2023-11-28,6451
2367,燿華,44,39,5,永全-南崁,2023-11-28,6451
2383,台光電,5,0,5,永全-南崁,2023-11-28,6451
2390,云辰,10,5,5,永全-南崁,2023-11-28,6451
2887,台新金,5,0,5,永全-南崁,2023-11-28,6451
3285,微端,6,1,5,永全-南崁,2023-11-28,6451
3693,營邦,5,0,5,永全-南崁,2023-11-28,6451
4142,國光生,5,0,5,永全-南崁,2023-11-28,6451
00673R,期元大S＆P原油反1,100,0,100,永全-南崁,2023-11-29,6451
00934,中信成長高股息,100,0,100,永全-南崁,2023-11-29,6451
1312,國喬,60,0,60,永全-南崁,2023-11-29,6451
6494,九齊,61,1,60,永全-南崁,2023-11-29,6451
3047,訊舟,67,12,55,永全-南崁,2023-11-29,6451
1802,台玻,50,0,50,永全-南崁,2023-11-29,6451
00633L,富邦上証正2,40,0,40,永全-南崁,2023-11-29,6451
2618,長榮航,45,6,39,永全-南崁,2023-11-29,6451
9105,泰金寶-DR,35,0,35,永全-南崁,2023-11-29,6451
8110,華東,33,0,33,永全-南崁,2023-11-29,6451
00637L,元大滬深300正2,30,0,30,永全-南崁,2023-11-29,6451
2888,新光金,30,0,30,永全-南崁,2023-11-29,6451
4533,協易機,26,0,26,永全-南崁,2023-11-29,6451
3481,群創,25,0,25,永全-南崁,2023-11-29,6451
5351,鈺創,37,12,25,永全-南崁,2023-11-29,6451
2401,凌陽,37,13,24,永全-南崁,2023-11-29,6451
6122,擎邦,26,2,24,永全-南崁,2023-11-29,6451
2356,英業達,24,2,22,永全-南崁,2023-11-29,6451
2891,中信金,38,17,21,永全-南崁,2023-11-29,6451
2359,所羅門,20,0,20,永全-南崁,2023-11-29,6451
6005,群益證,20,0,20,永全-南崁,2023-11-29,6451
00882,中信中國高股息,16,0,16,永全-南崁,2023-11-29,6451
6127,九豪,16,0,16,永全-南崁,2023-11-29,6451
00850,元大臺灣ESG永續,15,0,15,永全-南崁,2023-11-29,6451
5483,中美晶,13,0,13,永全-南崁,2023-11-29,6451
3596,智易,12,0,12,永全-南崁,2023-11-29,6451
3041,揚智,38,27,11,永全-南崁,2023-11-29,6451
6235,華孚,12,1,11,永全-南崁,2023-11-29,6451
3017,奇鋐,11,0,11,永全-南崁,2023-11-29,6451
2382,廣達,12,2,10,永全-南崁,2023-11-29,6451
3060,銘異,10,0,10,永全-南崁,2023-11-29,6451
6104,創惟,11,1,10,永全-南崁,2023-11-29,6451
6244,茂迪,10,0,10,永全-南崁,2023-11-29,6451
2323,中環,8,1,7,永全-南崁,2023-11-29,6451
2383,台光電,7,0,7,永全-南崁,2023-11-29,6451
3006,晶豪科,10,3,7,永全-南崁,2023-11-29,6451
5347,世界,8,1,7,永全-南崁,2023-11-29,6451
5457,宣德,7,0,7,永全-南崁,2023-11-29,6451
6169,昱泉,7,0,7,永全-南崁,2023-11-29,6451
6579,研揚,7,0,7,永全-南崁,2023-11-29,6451
2442,新美齊,6,0,6,永全-南崁,2023-11-29,6451
2743,山富,6,0,6,永全-南崁,2023-11-29,6451
5439,高技,10,4,6,永全-南崁,2023-11-29,6451
2492,華新科,20,14,6,永全-南崁,2023-11-29,6451
006205,富邦上証,5,0,5,永全-南崁,2023-11-29,6451
00680L,元大美債20正2,5,0,5,永全-南崁,2023-11-29,6451
1325,恆大,6,1,5,永全-南崁,2023-11-29,6451
2301,光寶科,10,5,5,永全-南崁,2023-11-29,6451
2317,鴻海,10,5,5,永全-南崁,2023-11-29,6451
2375,凱美,9,4,5,永全-南崁,2023-11-29,6451
3050,鈺德,303,1,302,永全-南崁,2023-11-30,6451
00929,復華台灣科技優息,168,16,152,永全-南崁,2023-11-30,6451
2867,三商壽,150,0,150,永全-南崁,2023-11-30,6451
00673R,期元大S＆P原油反1,100,0,100,永全-南崁,2023-11-30,6451
00632R,元大台灣50反1,100,0,100,永全-南崁,2023-11-30,6451
3624,光頡,91,2,89,永全-南崁,2023-11-30,6451
3231,緯創,97,11,86,永全-南崁,2023-11-30,6451
2329,華泰,153,89,64,永全-南崁,2023-11-30,6451
6494,九齊,46,0,46,永全-南崁,2023-11-30,6451
2888,新光金,40,0,40,永全-南崁,2023-11-30,6451
2618,長榮航,35,3,32,永全-南崁,2023-11-30,6451
1522,堤維西,25,0,25,永全-南崁,2023-11-30,6451
2392,正崴,25,0,25,永全-南崁,2023-11-30,6451
6284,佳邦,26,1,25,永全-南崁,2023-11-30,6451
1616,億泰,20,0,20,永全-南崁,2023-11-30,6451
5471,松翰,20,0,20,永全-南崁,2023-11-30,6451
6108,競國,20,0,20,永全-南崁,2023-11-30,6451
1471,首利,17,2,15,永全-南崁,2023-11-30,6451
2359,所羅門,40,25,15,永全-南崁,2023-11-30,6451
2727,王品,15,0,15,永全-南崁,2023-11-30,6451
4533,協易機,13,0,13,永全-南崁,2023-11-30,6451
00919,群益台灣精選高息,12,0,12,永全-南崁,2023-11-30,6451
2481,強茂,15,3,12,永全-南崁,2023-11-30,6451
3083,網龍,13,1,12,永全-南崁,2023-11-30,6451
3693,營邦,22,11,11,永全-南崁,2023-11-30,6451
00720B,元大投資級公司債,11,0,11,永全-南崁,2023-11-30,6451
2313,華通,37,26,11,永全-南崁,2023-11-30,6451
2352,佳世達,11,0,11,永全-南崁,2023-11-30,6451
3058,立德,11,0,11,永全-南崁,2023-11-30,6451
8039,台虹,11,0,11,永全-南崁,2023-11-30,6451
2383,台光電,12,1,11,永全-南崁,2023-11-30,6451
2002,中鋼,10,0,10,永全-南崁,2023-11-30,6451
2409,友達,10,0,10,永全-南崁,2023-11-30,6451
2606,裕民,10,0,10,永全-南崁,2023-11-30,6451
3686,達能,10,0,10,永全-南崁,2023-11-30,6451
5512,力麒,10,0,10,永全-南崁,2023-11-30,6451
5607,遠雄港,10,0,10,永全-南崁,2023-11-30,6451
6015,宏遠證,10,0,10,永全-南崁,2023-11-30,6451
6164,華興,10,0,10,永全-南崁,2023-11-30,6451
6274,台燿,13,3,10,永全-南崁,2023-11-30,6451
6282,康舒,11,1,10,永全-南崁,2023-11-30,6451
6605,帝寶,10,0,10,永全-南崁,2023-11-30,6451
8054,安國,22,12,10,永全-南崁,2023-11-30,6451
8150,南茂,10,0,10,永全-南崁,2023-11-30,6451
2603,長榮,8,0,8,永全-南崁,2023-11-30,6451
3033,威健,8,0,8,永全-南崁,2023-11-30,6451
4909,新復興,16,8,8,永全-南崁,2023-11-30,6451
6271,同欣電,10,2,8,永全-南崁,2023-11-30,6451
8016,矽創,10,2,8,永全-南崁,2023-11-30,6451
3373,熱映,12,5,7,永全-南崁,2023-11-30,6451
4114,健喬,75,5,70,永全-南崁,2023-12-01,6451
3624,光頡,66,0,66,永全-南崁,2023-12-01,6451
2891,中信金,65,5,60,永全-南崁,2023-12-01,6451
00680L,元大美債20正2,55,0,55,永全-南崁,2023-12-01,6451
6026,福邦證,45,0,45,永全-南崁,2023-12-01,6451
2369,菱生,50,13,37,永全-南崁,2023-12-01,6451
3481,群創,35,0,35,永全-南崁,2023-12-01,6451
6257,矽格,56,22,34,永全-南崁,2023-12-01,6451
3041,揚智,68,36,32,永全-南崁,2023-12-01,6451
4543,萬在,91,59,32,永全-南崁,2023-12-01,6451
00888,永豐台灣ESG,30,0,30,永全-南崁,2023-12-01,6451
1605,華新,36,6,30,永全-南崁,2023-12-01,6451
1101,台泥,25,0,25,永全-南崁,2023-12-01,6451
3231,緯創,91,66,25,永全-南崁,2023-12-01,6451
4904,遠傳,23,0,23,永全-南崁,2023-12-01,6451
2390,云辰,22,0,22,永全-南崁,2023-12-01,6451
8054,安國,38,17,21,永全-南崁,2023-12-01,6451
2201,裕隆,21,1,20,永全-南崁,2023-12-01,6451
2328,廣宇,20,0,20,永全-南崁,2023-12-01,6451
6005,群益證,20,0,20,永全-南崁,2023-12-01,6451
3543,州巧,17,0,17,永全-南崁,2023-12-01,6451
4906,正文,21,4,17,永全-南崁,2023-12-01,6451
3006,晶豪科,16,0,16,永全-南崁,2023-12-01,6451
2317,鴻海,15,0,15,永全-南崁,2023-12-01,6451
4121,優盛,15,0,15,永全-南崁,2023-12-01,6451
00878,國泰永續高股息,14,0,14,永全-南崁,2023-12-01,6451
00632R,元大台灣50反1,14,0,14,永全-南崁,2023-12-01,6451
1732,毛寶,14,0,14,永全-南崁,2023-12-01,6451
2002,中鋼,15,1,14,永全-南崁,2023-12-01,6451
1815,富喬,14,1,13,永全-南崁,2023-12-01,6451
5608,四維航,24,11,13,永全-南崁,2023-12-01,6451
00670L,富邦NASDAQ正2,12,0,12,永全-南崁,2023-12-01,6451
2332,友訊,12,0,12,永全-南崁,2023-12-01,6451
2886,兆豐金,12,0,12,永全-南崁,2023-12-01,6451
3706,神達,16,4,12,永全-南崁,2023-12-01,6451
6186,新潤,12,0,12,永全-南崁,2023-12-01,6451
2376,技嘉,11,0,11,永全-南崁,2023-12-01,6451
2481,強茂,11,0,11,永全-南崁,2023-12-01,6451
3570,大塚,20,9,11,永全-南崁,2023-12-01,6451
1529,樂事綠能,10,0,10,永全-南崁,2023-12-01,6451
00919,群益台灣精選高息,10,0,10,永全-南崁,2023-12-01,6451
2611,志信,10,0,10,永全-南崁,2023-12-01,6451
3710,連展投控,10,0,10,永全-南崁,2023-12-01,6451
5512,力麒,10,0,10,永全-南崁,2023-12-01,6451
6108,競國,10,0,10,永全-南崁,2023-12-01,6451
2382,廣達,10,0,10,永全-南崁,2023-12-01,6451
2301,光寶科,10,1,9,永全-南崁,2023-12-01,6451
3483,力致,11,2,9,永全-南崁,2023-12-01,6451
0056,元大高股息,10,2,8,永全-南崁,2023-12-01,6451
2615,萬海,11,3,8,永全-南崁,2023-12-01,6451
2330,台積電,402,0,402,永全-南崁,2023-12-04,6451
00919,群益台灣精選高息,174,1,173,永全-南崁,2023-12-04,6451
2605,新興,204,39,165,永全-南崁,2023-12-04,6451
6117,迎廣,69,4,65,永全-南崁,2023-12-04,6451
2303,聯電,86,22,64,永全-南崁,2023-12-04,6451
4533,協易機,94,33,61,永全-南崁,2023-12-04,6451
2630,亞航,64,4,60,永全-南崁,2023-12-04,6451
2601,益航,66,11,55,永全-南崁,2023-12-04,6451
6494,九齊,52,0,52,永全-南崁,2023-12-04,6451
3673,TPK-KY,50,0,50,永全-南崁,2023-12-04,6451
9919,康那香,58,9,49,永全-南崁,2023-12-04,6451
3715,定穎投控,60,17,43,永全-南崁,2023-12-04,6451
2421,建準,43,0,43,永全-南崁,2023-12-04,6451
2387,精元,30,0,30,永全-南崁,2023-12-04,6451
1568,倉佑,30,1,29,永全-南崁,2023-12-04,6451
00933B,國泰10Y+金融債,28,0,28,永全-南崁,2023-12-04,6451
2355,敬鵬,66,39,27,永全-南崁,2023-12-04,6451
1522,堤維西,25,0,25,永全-南崁,2023-12-04,6451
2883,凱基金,25,0,25,永全-南崁,2023-12-04,6451
00936,台新永續高息中小,23,0,23,永全-南崁,2023-12-04,6451
5608,四維航,34,11,23,永全-南崁,2023-12-04,6451
8054,安國,25,2,23,永全-南崁,2023-12-04,6451
2618,長榮航,25,4,21,永全-南崁,2023-12-04,6451
3060,銘異,20,0,20,永全-南崁,2023-12-04,6451
4909,新復興,22,2,20,永全-南崁,2023-12-04,6451
6186,新潤,20,0,20,永全-南崁,2023-12-04,6451
6257,矽格,30,12,18,永全-南崁,2023-12-04,6451
1809,中釉,15,0,15,永全-南崁,2023-12-04,6451
3141,晶宏,17,2,15,永全-南崁,2023-12-04,6451
2329,華泰,81,66,15,永全-南崁,2023-12-04,6451
2332,友訊,14,0,14,永全-南崁,2023-12-04,6451
6104,創惟,15,1,14,永全-南崁,2023-12-04,6451
1453,大將,13,0,13,永全-南崁,2023-12-04,6451
00715L,期街口布蘭特正2,27,15,12,永全-南崁,2023-12-04,6451
2337,旺宏,12,0,12,永全-南崁,2023-12-04,6451
2405,輔信,17,5,12,永全-南崁,2023-12-04,6451
5351,鈺創,13,1,12,永全-南崁,2023-12-04,6451
6244,茂迪,11,0,11,永全-南崁,2023-12-04,6451
8088,品安,18,7,11,永全-南崁,2023-12-04,6451
6282,康舒,13,2,11,永全-南崁,2023-12-04,6451
2204,中華,10,0,10,永全-南崁,2023-12-04,6451
2390,云辰,10,0,10,永全-南崁,2023-12-04,6451
2457,飛宏,10,0,10,永全-南崁,2023-12-04,6451
2465,麗臺,10,0,10,永全-南崁,2023-12-04,6451
2834,臺企銀,10,0,10,永全-南崁,2023-12-04,6451
3094,聯傑,15,5,10,永全-南崁,2023-12-04,6451
6605,帝寶,10,0,10,永全-南崁,2023-12-04,6451
8048,德勝,10,0,10,永全-南崁,2023-12-04,6451
2615,萬海,13,4,9,永全-南崁,2023-12-04,6451
2609,陽明,36,28,8,永全-南崁,2023-12-04,6451
00937B,群益ESG投等債20,193,0,193,永全-南崁,2023-12-05,6451
3624,光頡,130,0,130,永全-南崁,2023-12-05,6451
1605,華新,97,11,86,永全-南崁,2023-12-05,6451
3231,緯創,89,13,76,永全-南崁,2023-12-05,6451
6202,盛群,72,1,71,永全-南崁,2023-12-05,6451
00715L,期街口布蘭特正2,58,0,58,永全-南崁,2023-12-05,6451
2630,亞航,53,0,53,永全-南崁,2023-12-05,6451
00919,群益台灣精選高息,47,1,46,永全-南崁,2023-12-05,6451
3060,銘異,49,5,44,永全-南崁,2023-12-05,6451
3013,晟銘電,55,12,43,永全-南崁,2023-12-05,6451
6579,研揚,45,2,43,永全-南崁,2023-12-05,6451
2618,長榮航,56,14,42,永全-南崁,2023-12-05,6451
3390,旭軟,41,0,41,永全-南崁,2023-12-05,6451
2329,華泰,77,38,39,永全-南崁,2023-12-05,6451
1815,富喬,37,0,37,永全-南崁,2023-12-05,6451
1609,大亞,35,0,35,永全-南崁,2023-12-05,6451
00929,復華台灣科技優息,34,1,33,永全-南崁,2023-12-05,6451
5608,四維航,55,31,24,永全-南崁,2023-12-05,6451
2891,中信金,40,17,23,永全-南崁,2023-12-05,6451
2505,國揚,22,0,22,永全-南崁,2023-12-05,6451
3078,僑威,20,0,20,永全-南崁,2023-12-05,6451
3402,漢科,20,0,20,永全-南崁,2023-12-05,6451
3673,TPK-KY,20,0,20,永全-南崁,2023-12-05,6451
5603,陸海,20,0,20,永全-南崁,2023-12-05,6451
5512,力麒,19,0,19,永全-南崁,2023-12-05,6451
3481,群創,19,0,19,永全-南崁,2023-12-05,6451
2609,陽明,33,15,18,永全-南崁,2023-12-05,6451
3276,宇環,21,3,18,永全-南崁,2023-12-05,6451
5471,松翰,18,0,18,永全-南崁,2023-12-05,6451
5381,合正,18,1,17,永全-南崁,2023-12-05,6451
2344,華邦電,17,0,17,永全-南崁,2023-12-05,6451
3081,聯亞,17,0,17,永全-南崁,2023-12-05,6451
6284,佳邦,20,3,17,永全-南崁,2023-12-05,6451
4167,松瑞藥,23,7,16,永全-南崁,2023-12-05,6451
2316,楠梓電,15,0,15,永全-南崁,2023-12-05,6451
4114,健喬,15,0,15,永全-南崁,2023-12-05,6451
8033,雷虎,15,0,15,永全-南崁,2023-12-05,6451
9945,潤泰新,14,0,14,永全-南崁,2023-12-05,6451
2882,國泰金,14,1,13,永全-南崁,2023-12-05,6451
3325,旭品,35,22,13,永全-南崁,2023-12-05,6451
00720B,元大投資級公司債,12,0,12,永全-南崁,2023-12-05,6451
2472,立隆電,13,1,12,永全-南崁,2023-12-05,6451
2834,臺企銀,12,0,12,永全-南崁,2023-12-05,6451
3006,晶豪科,15,4,11,永全-南崁,2023-12-05,6451
00882,中信中國高股息,10,0,10,永全-南崁,2023-12-05,6451
1616,億泰,10,0,10,永全-南崁,2023-12-05,6451
2301,光寶科,10,0,10,永全-南崁,2023-12-05,6451
2356,英業達,11,1,10,永全-南崁,2023-12-05,6451
2461,光群雷,10,0,10,永全-南崁,2023-12-05,6451
2465,麗臺,10,0,10,永全-南崁,2023-12-05,6451
00937B,群益ESG投等債20,214,5,209,永全-南崁,2023-12-06,6451
3570,大塚,78,0,78,永全-南崁,2023-12-06,6451
3078,僑威,65,0,65,永全-南崁,2023-12-06,6451
00676R,富邦臺灣加權反1,50,0,50,永全-南崁,2023-12-06,6451
2897,王道銀行,50,0,50,永全-南崁,2023-12-06,6451
2888,新光金,51,3,48,永全-南崁,2023-12-06,6451
00919,群益台灣精選高息,40,0,40,永全-南崁,2023-12-06,6451
2371,大同,35,1,34,永全-南崁,2023-12-06,6451
3624,光頡,34,0,34,永全-南崁,2023-12-06,6451
6202,盛群,30,1,29,永全-南崁,2023-12-06,6451
2611,志信,26,0,26,永全-南崁,2023-12-06,6451
00632R,元大台灣50反1,20,0,20,永全-南崁,2023-12-06,6451
3060,銘異,20,0,20,永全-南崁,2023-12-06,6451
6790,永豐實,19,0,19,永全-南崁,2023-12-06,6451
8046,南電,19,0,19,永全-南崁,2023-12-06,6451
00715L,期街口布蘭特正2,17,0,17,永全-南崁,2023-12-06,6451
2367,燿華,19,2,17,永全-南崁,2023-12-06,6451
2605,新興,45,29,16,永全-南崁,2023-12-06,6451
5272,笙科,16,0,16,永全-南崁,2023-12-06,6451
00930,永豐ESG低碳高息,15,0,15,永全-南崁,2023-12-06,6451
2358,廷鑫,15,0,15,永全-南崁,2023-12-06,6451
2485,兆赫,15,0,15,永全-南崁,2023-12-06,6451
3580,友威科,15,0,15,永全-南崁,2023-12-06,6451
00679B,元大美債20年,14,0,14,永全-南崁,2023-12-06,6451
3481,群創,19,5,14,永全-南崁,2023-12-06,6451
2313,華通,19,6,13,永全-南崁,2023-12-06,6451
1402,遠東新,15,3,12,永全-南崁,2023-12-06,6451
1605,華新,26,14,12,永全-南崁,2023-12-06,6451
2354,鴻準,17,5,12,永全-南崁,2023-12-06,6451
2634,漢翔,16,4,12,永全-南崁,2023-12-06,6451
3094,聯傑,12,0,12,永全-南崁,2023-12-06,6451
8088,品安,13,1,12,永全-南崁,2023-12-06,6451
5347,世界,11,0,11,永全-南崁,2023-12-06,6451
1522,堤維西,14,3,11,永全-南崁,2023-12-06,6451
4167,松瑞藥,15,4,11,永全-南崁,2023-12-06,6451
5475,德宏,11,0,11,永全-南崁,2023-12-06,6451
2542,興富發,10,0,10,永全-南崁,2023-12-06,6451
00890B,凱基ESG BBB債,10,0,10,永全-南崁,2023-12-06,6451
2105,正新,10,0,10,永全-南崁,2023-12-06,6451
2420,新巨,10,0,10,永全-南崁,2023-12-06,6451
2461,光群雷,10,0,10,永全-南崁,2023-12-06,6451
3710,連展投控,10,0,10,永全-南崁,2023-12-06,6451
4904,遠傳,10,0,10,永全-南崁,2023-12-06,6451
5353,台林,10,0,10,永全-南崁,2023-12-06,6451
6117,迎廣,16,6,10,永全-南崁,2023-12-06,6451
8222,寶一,10,0,10,永全-南崁,2023-12-06,6451
2363,矽統,10,1,9,永全-南崁,2023-12-06,6451
3045,台灣大,13,4,9,永全-南崁,2023-12-06,6451
00929,復華台灣科技優息,10,2,8,永全-南崁,2023-12-06,6451
5471,松翰,8,0,8,永全-南崁,2023-12-06,6451
6140,訊達,231,23,208,永全-南崁,2023-12-07,6451
00937B,群益ESG投等債20,173,2,171,永全-南崁,2023-12-07,6451
1522,堤維西,126,22,104,永全-南崁,2023-12-07,6451
6494,九齊,90,0,90,永全-南崁,2023-12-07,6451
00715L,期街口布蘭特正2,89,0,89,永全-南崁,2023-12-07,6451
00637L,元大滬深300正2,88,2,86,永全-南崁,2023-12-07,6451
5426,振發,85,0,85,永全-南崁,2023-12-07,6451
6202,盛群,80,1,79,永全-南崁,2023-12-07,6451
00712,復華富時不動產,71,0,71,永全-南崁,2023-12-07,6451
5351,鈺創,60,2,58,永全-南崁,2023-12-07,6451
00673R,期元大S＆P原油反1,50,0,50,永全-南崁,2023-12-07,6451
3006,晶豪科,44,0,44,永全-南崁,2023-12-07,6451
2641,正德,43,3,40,永全-南崁,2023-12-07,6451
3390,旭軟,42,2,40,永全-南崁,2023-12-07,6451
2371,大同,36,4,32,永全-南崁,2023-12-07,6451
6579,研揚,31,0,31,永全-南崁,2023-12-07,6451
8054,安國,42,11,31,永全-南崁,2023-12-07,6451
2883,凱基金,30,0,30,永全-南崁,2023-12-07,6451
3570,大塚,30,0,30,永全-南崁,2023-12-07,6451
3029,零壹,30,1,29,永全-南崁,2023-12-07,6451
3041,揚智,61,32,29,永全-南崁,2023-12-07,6451
6237,驊訊,28,0,28,永全-南崁,2023-12-07,6451
2618,長榮航,111,85,26,永全-南崁,2023-12-07,6451
3062,建漢,32,6,26,永全-南崁,2023-12-07,6451
00919,群益台灣精選高息,21,0,21,永全-南崁,2023-12-07,6451
2610,華航,23,2,21,永全-南崁,2023-12-07,6451
1416,廣豐,20,0,20,永全-南崁,2023-12-07,6451
2461,光群雷,20,0,20,永全-南崁,2023-12-07,6451
2888,新光金,20,0,20,永全-南崁,2023-12-07,6451
4909,新復興,20,0,20,永全-南崁,2023-12-07,6451
2390,云辰,20,1,19,永全-南崁,2023-12-07,6451
6104,創惟,21,2,19,永全-南崁,2023-12-07,6451
1815,富喬,18,0,18,永全-南崁,2023-12-07,6451
2303,聯電,22,4,18,永全-南崁,2023-12-07,6451
2603,長榮,18,2,16,永全-南崁,2023-12-07,6451
9944,新麗,16,0,16,永全-南崁,2023-12-07,6451
1312,國喬,15,0,15,永全-南崁,2023-12-07,6451
2891,中信金,15,0,15,永全-南崁,2023-12-07,6451
9950,萬國通,15,0,15,永全-南崁,2023-12-07,6451
0056,元大高股息,13,0,13,永全-南崁,2023-12-07,6451
2359,所羅門,15,3,12,永全-南崁,2023-12-07,6451
00679B,元大美債20年,15,4,11,永全-南崁,2023-12-07,6451
2317,鴻海,17,6,11,永全-南崁,2023-12-07,6451
2634,漢翔,33,22,11,永全-南崁,2023-12-07,6451
3045,台灣大,11,0,11,永全-南崁,2023-12-07,6451
5483,中美晶,11,0,11,永全-南崁,2023-12-07,6451
00724B,群益投資級金融債,10,0,10,永全-南崁,2023-12-07,6451
00890B,凱基ESG BBB債,10,0,10,永全-南崁,2023-12-07,6451
2324,仁寶,10,0,10,永全-南崁,2023-12-07,6451
4904,遠傳,10,0,10,永全-南崁,2023-12-07,6451
00632R,元大台灣50反1,420,0,420,永全-南崁,2023-12-08,6451
6016,康和證,250,0,250,永全-南崁,2023-12-08,6451
00937B,群益ESG投等債20,161,12,149,永全-南崁,2023-12-08,6451
5272,笙科,100,0,100,永全-南崁,2023-12-08,6451
8034,榮群,62,1,61,永全-南崁,2023-12-08,6451
2892,第一金,50,0,50,永全-南崁,2023-12-08,6451
3570,大塚,60,12,48,永全-南崁,2023-12-08,6451
2356,英業達,47,1,46,永全-南崁,2023-12-08,6451
00715L,期街口布蘭特正2,45,0,45,永全-南崁,2023-12-08,6451
2376,技嘉,63,19,44,永全-南崁,2023-12-08,6451
00679B,元大美債20年,40,1,39,永全-南崁,2023-12-08,6451
1815,富喬,34,0,34,永全-南崁,2023-12-08,6451
2329,華泰,42,9,33,永全-南崁,2023-12-08,6451
2449,京元電子,31,0,31,永全-南崁,2023-12-08,6451
2358,廷鑫,25,0,25,永全-南崁,2023-12-08,6451
00637L,元大滬深300正2,24,2,22,永全-南崁,2023-12-08,6451
3062,建漢,21,0,21,永全-南崁,2023-12-08,6451
3231,緯創,36,16,20,永全-南崁,2023-12-08,6451
4716,大立,20,0,20,永全-南崁,2023-12-08,6451
6139,亞翔,21,3,18,永全-南崁,2023-12-08,6451
1305,華夏,17,0,17,永全-南崁,2023-12-08,6451
3552,同致,17,0,17,永全-南崁,2023-12-08,6451
1416,廣豐,16,0,16,永全-南崁,2023-12-08,6451
2367,燿華,17,2,15,永全-南崁,2023-12-08,6451
3059,華晶科,15,0,15,永全-南崁,2023-12-08,6451
4909,新復興,15,0,15,永全-南崁,2023-12-08,6451
2610,華航,30,16,14,永全-南崁,2023-12-08,6451
6163,華電網,14,0,14,永全-南崁,2023-12-08,6451
8112,至上,31,18,13,永全-南崁,2023-12-08,6451
2314,台揚,12,1,11,永全-南崁,2023-12-08,6451
2317,鴻海,16,5,11,永全-南崁,2023-12-08,6451
2542,興富發,11,0,11,永全-南崁,2023-12-08,6451
2606,裕民,11,0,11,永全-南崁,2023-12-08,6451
1513,中興電,12,2,10,永全-南崁,2023-12-08,6451
3011,今皓,10,0,10,永全-南崁,2023-12-08,6451
3041,揚智,10,0,10,永全-南崁,2023-12-08,6451
3693,營邦,16,6,10,永全-南崁,2023-12-08,6451
5381,合正,10,0,10,永全-南崁,2023-12-08,6451
6024,群益期,10,0,10,永全-南崁,2023-12-08,6451
1524,耿鼎,30,21,9,永全-南崁,2023-12-08,6451
2634,漢翔,9,0,9,永全-南崁,2023-12-08,6451
2882,國泰金,9,0,9,永全-南崁,2023-12-08,6451
8088,品安,10,1,9,永全-南崁,2023-12-08,6451
8110,華東,10,1,9,永全-南崁,2023-12-08,6451
00882,中信中國高股息,8,0,8,永全-南崁,2023-12-08,6451
3260,威剛,14,6,8,永全-南崁,2023-12-08,6451
3324,雙鴻,9,1,8,永全-南崁,2023-12-08,6451
4533,協易機,7,0,7,永全-南崁,2023-12-08,6451
6442,光聖,8,1,7,永全-南崁,2023-12-08,6451
00687B,國泰20年美債,6,0,6,永全-南崁,2023-12-08,6451
00929,復華台灣科技優息,110,2,108,永全-南崁,2023-12-11,6451
5272,笙科,58,1,57,永全-南崁,2023-12-11,6451
3078,僑威,56,5,51,永全-南崁,2023-12-11,6451
2243,宏旭-KY,50,0,50,永全-南崁,2023-12-11,6451
6494,九齊,50,1,49,永全-南崁,2023-12-11,6451
00919,群益台灣精選高息,49,1,48,永全-南崁,2023-12-11,6451
2421,建準,47,3,44,永全-南崁,2023-12-11,6451
1312,國喬,47,5,42,永全-南崁,2023-12-11,6451
3060,銘異,52,10,42,永全-南崁,2023-12-11,6451
00673R,期元大S＆P原油反1,50,10,40,永全-南崁,2023-12-11,6451
00937B,群益ESG投等債20,38,0,38,永全-南崁,2023-12-11,6451
00715L,期街口布蘭特正2,30,0,30,永全-南崁,2023-12-11,6451
3081,聯亞,30,0,30,永全-南崁,2023-12-11,6451
2330,台積電,30,1,29,永全-南崁,2023-12-11,6451
6743,安普新,28,0,28,永全-南崁,2023-12-11,6451
00637L,元大滬深300正2,27,0,27,永全-南崁,2023-12-11,6451
2801,彰銀,26,0,26,永全-南崁,2023-12-11,6451
1815,富喬,30,5,25,永全-南崁,2023-12-11,6451
3231,緯創,57,35,22,永全-南崁,2023-12-11,6451
2913,農林,20,0,20,永全-南崁,2023-12-11,6451
3029,零壹,20,0,20,永全-南崁,2023-12-11,6451
1524,耿鼎,24,6,18,永全-南崁,2023-12-11,6451
00712,復華富時不動產,18,0,18,永全-南崁,2023-12-11,6451
4566,時碩工業,19,1,18,永全-南崁,2023-12-11,6451
5351,鈺創,33,15,18,永全-南崁,2023-12-11,6451
4979,華星光,36,18,18,永全-南崁,2023-12-11,6451
2409,友達,20,3,17,永全-南崁,2023-12-11,6451
3607,谷崧,27,10,17,永全-南崁,2023-12-11,6451
2402,毅嘉,25,9,16,永全-南崁,2023-12-11,6451
2316,楠梓電,14,0,14,永全-南崁,2023-12-11,6451
4543,萬在,14,1,13,永全-南崁,2023-12-11,6451
6579,研揚,13,0,13,永全-南崁,2023-12-11,6451
2388,威盛,38,26,12,永全-南崁,2023-12-11,6451
2601,益航,12,0,12,永全-南崁,2023-12-11,6451
3693,營邦,15,4,11,永全-南崁,2023-12-11,6451
4908,前鼎,20,9,11,永全-南崁,2023-12-11,6451
5353,台林,11,0,11,永全-南崁,2023-12-11,6451
8410,森田,12,1,11,永全-南崁,2023-12-11,6451
00900,富邦特選高股息30,10,0,10,永全-南崁,2023-12-11,6451
1447,力鵬,10,0,10,永全-南崁,2023-12-11,6451
00632R,元大台灣50反1,10,0,10,永全-南崁,2023-12-11,6451
2461,光群雷,10,0,10,永全-南崁,2023-12-11,6451
3141,晶宏,10,0,10,永全-南崁,2023-12-11,6451
6122,擎邦,10,0,10,永全-南崁,2023-12-11,6451
6127,九豪,10,0,10,永全-南崁,2023-12-11,6451
6163,華電網,10,0,10,永全-南崁,2023-12-11,6451
6237,驊訊,10,0,10,永全-南崁,2023-12-11,6451
2605,新興,56,46,10,永全-南崁,2023-12-11,6451
2425,承啟,10,1,9,永全-南崁,2023-12-11,6451
1471,首利,10,2,8,永全-南崁,2023-12-11,6451
6494,九齊,129,0,129,永全-南崁,2023-12-12,6451
00919,群益台灣精選高息,113,12,101,永全-南崁,2023-12-12,6451
2867,三商壽,62,0,62,永全-南崁,2023-12-12,6451
2451,創見,60,0,60,永全-南崁,2023-12-12,6451
00712,復華富時不動產,58,0,58,永全-南崁,2023-12-12,6451
9105,泰金寶-DR,70,13,57,永全-南崁,2023-12-12,6451
00934,中信成長高股息,41,0,41,永全-南崁,2023-12-12,6451
3231,緯創,55,15,40,永全-南崁,2023-12-12,6451
5512,力麒,40,0,40,永全-南崁,2023-12-12,6451
6202,盛群,40,0,40,永全-南崁,2023-12-12,6451
2641,正德,36,2,34,永全-南崁,2023-12-12,6451
00929,復華台灣科技優息,49,16,33,永全-南崁,2023-12-12,6451
3060,銘異,30,0,30,永全-南崁,2023-12-12,6451
6605,帝寶,30,0,30,永全-南崁,2023-12-12,6451
3078,僑威,27,0,27,永全-南崁,2023-12-12,6451
2461,光群雷,25,0,25,永全-南崁,2023-12-12,6451
8054,安國,24,2,22,永全-南崁,2023-12-12,6451
2615,萬海,21,0,21,永全-南崁,2023-12-12,6451
1522,堤維西,27,7,20,永全-南崁,2023-12-12,6451
3029,零壹,20,0,20,永全-南崁,2023-12-12,6451
5258,虹堡,21,1,20,永全-南崁,2023-12-12,6451
2801,彰銀,20,0,20,永全-南崁,2023-12-12,6451
2365,昆盈,20,2,18,永全-南崁,2023-12-12,6451
2402,毅嘉,20,2,18,永全-南崁,2023-12-12,6451
00715L,期街口布蘭特正2,17,0,17,永全-南崁,2023-12-12,6451
2314,台揚,17,1,16,永全-南崁,2023-12-12,6451
2409,友達,40,24,16,永全-南崁,2023-12-12,6451
1612,宏泰,23,8,15,永全-南崁,2023-12-12,6451
5284,jpp-KY,15,0,15,永全-南崁,2023-12-12,6451
6187,萬潤,15,0,15,永全-南崁,2023-12-12,6451
6275,元山,15,0,15,永全-南崁,2023-12-12,6451
2382,廣達,16,1,15,永全-南崁,2023-12-12,6451
00915,凱基優選高股息30,12,0,12,永全-南崁,2023-12-12,6451
3006,晶豪科,12,0,12,永全-南崁,2023-12-12,6451
6104,創惟,12,0,12,永全-南崁,2023-12-12,6451
6196,帆宣,12,0,12,永全-南崁,2023-12-12,6451
1312,國喬,11,0,11,永全-南崁,2023-12-12,6451
3693,營邦,12,1,11,永全-南崁,2023-12-12,6451
6127,九豪,11,0,11,永全-南崁,2023-12-12,6451
9927,泰銘,11,0,11,永全-南崁,2023-12-12,6451
00936,台新永續高息中小,10,0,10,永全-南崁,2023-12-12,6451
2316,楠梓電,10,0,10,永全-南崁,2023-12-12,6451
2390,云辰,10,0,10,永全-南崁,2023-12-12,6451
3011,今皓,10,0,10,永全-南崁,2023-12-12,6451
3057,喬鼎,10,0,10,永全-南崁,2023-12-12,6451
4956,光鋐,10,0,10,永全-南崁,2023-12-12,6451
5324,士開,10,0,10,永全-南崁,2023-12-12,6451
5471,松翰,10,0,10,永全-南崁,2023-12-12,6451
6613,朋億*,10,0,10,永全-南崁,2023-12-12,6451
6695,芯鼎,10,0,10,永全-南崁,2023-12-12,6451
2365,昆盈,416,23,393,永全-南崁,2023-12-13,6451
00715L,期街口布蘭特正2,129,0,129,永全-南崁,2023-12-13,6451
3047,訊舟,200,90,110,永全-南崁,2023-12-13,6451
00919,群益台灣精選高息,111,5,106,永全-南崁,2023-12-13,6451
2353,宏��,104,7,97,永全-南崁,2023-12-13,6451
3607,谷崧,100,15,85,永全-南崁,2023-12-13,6451
1605,華新,71,0,71,永全-南崁,2023-12-13,6451
00937B,群益ESG投等債20,60,0,60,永全-南崁,2023-12-13,6451
3390,旭軟,60,0,60,永全-南崁,2023-12-13,6451
00753L,中信中國50正2,50,0,50,永全-南崁,2023-12-13,6451
00933B,國泰10Y+金融債,47,0,47,永全-南崁,2023-12-13,6451
2329,華泰,40,1,39,永全-南崁,2023-12-13,6451
2243,宏旭-KY,30,0,30,永全-南崁,2023-12-13,6451
2492,華新科,40,10,30,永全-南崁,2023-12-13,6451
5011,久陽,32,2,30,永全-南崁,2023-12-13,6451
3060,銘異,30,1,29,永全-南崁,2023-12-13,6451
2515,中工,30,2,28,永全-南崁,2023-12-13,6451
8034,榮群,87,60,27,永全-南崁,2023-12-13,6451
2371,大同,26,0,26,永全-南崁,2023-12-13,6451
9945,潤泰新,25,0,25,永全-南崁,2023-12-13,6451
1615,大山,20,0,20,永全-南崁,2023-12-13,6451
2838,聯邦銀,20,0,20,永全-南崁,2023-12-13,6451
9904,寶成,20,0,20,永全-南崁,2023-12-13,6451
00934,中信成長高股息,26,7,19,永全-南崁,2023-12-13,6451
4746,台耀,17,0,17,永全-南崁,2023-12-13,6451
2883,凱基金,20,4,16,永全-南崁,2023-12-13,6451
3704,合勤控,18,4,14,永全-南崁,2023-12-13,6451
3019,亞光,16,3,13,永全-南崁,2023-12-13,6451
6139,亞翔,14,1,13,永全-南崁,2023-12-13,6451
6282,康舒,13,0,13,永全-南崁,2023-12-13,6451
9105,泰金寶-DR,15,2,13,永全-南崁,2023-12-13,6451
3006,晶豪科,26,14,12,永全-南崁,2023-12-13,6451
6770,力積電,15,3,12,永全-南崁,2023-12-13,6451
00712,復華富時不動產,11,0,11,永全-南崁,2023-12-13,6451
1584,精剛,11,0,11,永全-南崁,2023-12-13,6451
2630,亞航,11,0,11,永全-南崁,2023-12-13,6451
3260,威剛,11,0,11,永全-南崁,2023-12-13,6451
1326,台化,10,0,10,永全-南崁,2023-12-13,6451
00679B,元大美債20年,10,0,10,永全-南崁,2023-12-13,6451
2031,新光鋼,10,0,10,永全-南崁,2023-12-13,6451
2948,寶陞,10,0,10,永全-南崁,2023-12-13,6451
5371,中光電,10,0,10,永全-南崁,2023-12-13,6451
5471,松翰,10,0,10,永全-南崁,2023-12-13,6451
6164,華興,10,0,10,永全-南崁,2023-12-13,6451
8222,寶一,10,0,10,永全-南崁,2023-12-13,6451
1513,中興電,12,2,10,永全-南崁,2023-12-13,6451
2402,毅嘉,11,2,9,永全-南崁,2023-12-13,6451
3024,憶聲,8,0,8,永全-南崁,2023-12-13,6451
4919,新唐,9,1,8,永全-南崁,2023-12-13,6451
1515,力山,12,5,7,永全-南崁,2023-12-13,6451
5498,凱崴,500,29,471,永全-南崁,2023-12-14,6451
8034,榮群,100,20,80,永全-南崁,2023-12-14,6451
5426,振發,77,18,59,永全-南崁,2023-12-14,6451
00673R,期元大S＆P原油反1,50,0,50,永全-南崁,2023-12-14,6451
3078,僑威,51,6,45,永全-南崁,2023-12-14,6451
2618,長榮航,39,4,35,永全-南崁,2023-12-14,6451
00919,群益台灣精選高息,29,0,29,永全-南崁,2023-12-14,6451
3013,晟銘電,30,2,28,永全-南崁,2023-12-14,6451
2344,華邦電,40,14,26,永全-南崁,2023-12-14,6451
00918,大華優利高填息30,27,2,25,永全-南崁,2023-12-14,6451
00933B,國泰10Y+金融債,25,1,24,永全-南崁,2023-12-14,6451
2489,瑞軒,24,0,24,永全-南崁,2023-12-14,6451
2329,華泰,28,5,23,永全-南崁,2023-12-14,6451
6494,九齊,22,0,22,永全-南崁,2023-12-14,6451
00632R,元大台灣50反1,20,0,20,永全-南崁,2023-12-14,6451
2610,華航,20,0,20,永全-南崁,2023-12-14,6451
3057,喬鼎,20,0,20,永全-南崁,2023-12-14,6451
6209,今國光,220,200,20,永全-南崁,2023-12-14,6451
9919,康那香,18,0,18,永全-南崁,2023-12-14,6451
2367,燿華,21,6,15,永全-南崁,2023-12-14,6451
6770,力積電,15,0,15,永全-南崁,2023-12-14,6451
8011,台通,15,0,15,永全-南崁,2023-12-14,6451
9802,鈺齊-KY,15,0,15,永全-南崁,2023-12-14,6451
3006,晶豪科,31,17,14,永全-南崁,2023-12-14,6451
8112,至上,54,40,14,永全-南崁,2023-12-14,6451
2316,楠梓電,13,0,13,永全-南崁,2023-12-14,6451
00885,富邦越南,12,0,12,永全-南崁,2023-12-14,6451
00687B,國泰20年美債,12,0,12,永全-南崁,2023-12-14,6451
2492,華新科,14,2,12,永全-南崁,2023-12-14,6451
3570,大塚,12,0,12,永全-南崁,2023-12-14,6451
2515,中工,12,1,11,永全-南崁,2023-12-14,6451
00679B,元大美債20年,12,1,11,永全-南崁,2023-12-14,6451
4967,十銓,11,0,11,永全-南崁,2023-12-14,6451
6292,迅德,14,3,11,永全-南崁,2023-12-14,6451
00931B,統一美債20年,10,0,10,永全-南崁,2023-12-14,6451
5471,松翰,10,0,10,永全-南崁,2023-12-14,6451
1529,樂事綠能,9,0,9,永全-南崁,2023-12-14,6451
4906,正文,9,0,9,永全-南崁,2023-12-14,6451
8096,擎亞,11,2,9,永全-南崁,2023-12-14,6451
3481,群創,12,3,9,永全-南崁,2023-12-14,6451
00715L,期街口布蘭特正2,8,0,8,永全-南崁,2023-12-14,6451
2230,泰茂,10,2,8,永全-南崁,2023-12-14,6451
5009,榮剛,8,0,8,永全-南崁,2023-12-14,6451
00671R,富邦NASDAQ反1,7,0,7,永全-南崁,2023-12-14,6451
1605,華新,8,1,7,永全-南崁,2023-12-14,6451
3041,揚智,34,27,7,永全-南崁,2023-12-14,6451
6127,九豪,25,18,7,永全-南崁,2023-12-14,6451
2405,輔信,6,0,6,永全-南崁,2023-12-14,6451
3005,神基,15,9,6,永全-南崁,2023-12-14,6451
4121,優盛,6,0,6,永全-南崁,2023-12-14,6451
00919,群益台灣精選高息,140,14,126,永全-南崁,2023-12-15,6451
6494,九齊,90,0,90,永全-南崁,2023-12-15,6451
8112,至上,119,54,65,永全-南崁,2023-12-15,6451
2883,凱基金,60,5,55,永全-南崁,2023-12-15,6451
00673R,期元大S＆P原油反1,50,0,50,永全-南崁,2023-12-15,6451
3231,緯創,72,23,49,永全-南崁,2023-12-15,6451
2618,長榮航,61,18,43,永全-南崁,2023-12-15,6451
2363,矽統,95,57,38,永全-南崁,2023-12-15,6451
00897,富邦基因免疫生技,35,0,35,永全-南崁,2023-12-15,6451
3060,銘異,35,0,35,永全-南崁,2023-12-15,6451
3078,僑威,33,0,33,永全-南崁,2023-12-15,6451
00679B,元大美債20年,31,0,31,永全-南崁,2023-12-15,6451
5011,久陽,50,20,30,永全-南崁,2023-12-15,6451
1319,東陽,30,2,28,永全-南崁,2023-12-15,6451
00687B,國泰20年美債,28,0,28,永全-南崁,2023-12-15,6451
00931B,統一美債20年,30,2,28,永全-南崁,2023-12-15,6451
00918,大華優利高填息30,23,0,23,永全-南崁,2023-12-15,6451
2365,昆盈,21,0,21,永全-南崁,2023-12-15,6451
6205,詮欣,20,0,20,永全-南崁,2023-12-15,6451
3094,聯傑,20,1,19,永全-南崁,2023-12-15,6451
6741,91APP*-KY,18,0,18,永全-南崁,2023-12-15,6451
8054,安國,24,6,18,永全-南崁,2023-12-15,6451
5009,榮剛,25,8,17,永全-南崁,2023-12-15,6451
2382,廣達,15,0,15,永全-南崁,2023-12-15,6451
3481,群創,20,5,15,永全-南崁,2023-12-15,6451
3680,家登,15,0,15,永全-南崁,2023-12-15,6451
1815,富喬,14,0,14,永全-南崁,2023-12-15,6451
3567,逸昌,14,0,14,永全-南崁,2023-12-15,6451
5328,華容,14,0,14,永全-南崁,2023-12-15,6451
3013,晟銘電,14,1,13,永全-南崁,2023-12-15,6451
4919,新唐,14,1,13,永全-南崁,2023-12-15,6451
2368,金像電,14,2,12,永全-南崁,2023-12-15,6451
5014,建錩,12,0,12,永全-南崁,2023-12-15,6451
3045,台灣大,11,0,11,永全-南崁,2023-12-15,6451
3390,旭軟,11,0,11,永全-南崁,2023-12-15,6451
6270,倍微,11,0,11,永全-南崁,2023-12-15,6451
1101,台泥,10,0,10,永全-南崁,2023-12-15,6451
00933B,國泰10Y+金融債,10,0,10,永全-南崁,2023-12-15,6451
00688L,國泰20年美債正2,10,0,10,永全-南崁,2023-12-15,6451
1513,中興電,10,0,10,永全-南崁,2023-12-15,6451
2007,燁興,10,0,10,永全-南崁,2023-12-15,6451
3022,威強電,10,0,10,永全-南崁,2023-12-15,6451
4968,立積,10,0,10,永全-南崁,2023-12-15,6451
6015,宏遠證,10,0,10,永全-南崁,2023-12-15,6451
6139,亞翔,10,0,10,永全-南崁,2023-12-15,6451
6266,泰詠,10,0,10,永全-南崁,2023-12-15,6451
6269,台郡,10,0,10,永全-南崁,2023-12-15,6451
8271,宇瞻,10,0,10,永全-南崁,2023-12-15,6451
00720B,元大投資級公司債,9,0,9,永全-南崁,2023-12-15,6451
2388,威盛,17,8,9,永全-南崁,2023-12-15,6451
2353,宏��,63,20,43,永全-南崁,2023-12-18,6451
8112,至上,65,23,42,永全-南崁,2023-12-18,6451
2492,華新科,41,0,41,永全-南崁,2023-12-18,6451
00679B,元大美債20年,43,3,40,永全-南崁,2023-12-18,6451
6202,盛群,40,0,40,永全-南崁,2023-12-18,6451
00929,復華台灣科技優息,58,25,33,永全-南崁,2023-12-18,6451
00919,群益台灣精選高息,33,2,31,永全-南崁,2023-12-18,6451
2337,旺宏,31,1,30,永全-南崁,2023-12-18,6451
2352,佳世達,30,0,30,永全-南崁,2023-12-18,6451
2329,華泰,27,0,27,永全-南崁,2023-12-18,6451
5426,振發,27,0,27,永全-南崁,2023-12-18,6451
1795,美時,23,2,21,永全-南崁,2023-12-18,6451
2887,台新金,23,2,21,永全-南崁,2023-12-18,6451
1517,利奇,20,0,20,永全-南崁,2023-12-18,6451
2363,矽統,24,4,20,永全-南崁,2023-12-18,6451
2313,華通,21,2,19,永全-南崁,2023-12-18,6451
9921,巨大,19,0,19,永全-南崁,2023-12-18,6451
00937B,群益ESG投等債20,17,0,17,永全-南崁,2023-12-18,6451
2038,海光,16,0,16,永全-南崁,2023-12-18,6451
1907,永豐餘,15,0,15,永全-南崁,2023-12-18,6451
2365,昆盈,15,0,15,永全-南崁,2023-12-18,6451
2882,國泰金,16,1,15,永全-南崁,2023-12-18,6451
5521,工信,15,0,15,永全-南崁,2023-12-18,6451
2014,中鴻,18,4,14,永全-南崁,2023-12-18,6451
2801,彰銀,14,0,14,永全-南崁,2023-12-18,6451
3047,訊舟,14,0,14,永全-南崁,2023-12-18,6451
00687B,國泰20年美債,17,5,12,永全-南崁,2023-12-18,6451
2356,英業達,23,11,12,永全-南崁,2023-12-18,6451
2633,台灣高鐵,12,0,12,永全-南崁,2023-12-18,6451
3149,正達,12,0,12,永全-南崁,2023-12-18,6451
6163,華電網,12,0,12,永全-南崁,2023-12-18,6451
6270,倍微,11,0,11,永全-南崁,2023-12-18,6451
2376,技嘉,11,1,10,永全-南崁,2023-12-18,6451
00931B,統一美債20年,10,0,10,永全-南崁,2023-12-18,6451
2002,中鋼,17,7,10,永全-南崁,2023-12-18,6451
2303,聯電,10,0,10,永全-南崁,2023-12-18,6451
2504,國產,10,0,10,永全-南崁,2023-12-18,6451
3122,笙泉,11,1,10,永全-南崁,2023-12-18,6451
4171,瑞基,10,0,10,永全-南崁,2023-12-18,6451
4763,材料-KY,10,0,10,永全-南崁,2023-12-18,6451
5512,力麒,20,10,10,永全-南崁,2023-12-18,6451
6129,普誠,10,0,10,永全-南崁,2023-12-18,6451
6591,動力-KY,10,0,10,永全-南崁,2023-12-18,6451
8201,無敵,10,0,10,永全-南崁,2023-12-18,6451
4979,華星光,10,0,10,永全-南崁,2023-12-18,6451
2368,金像電,25,16,9,永全-南崁,2023-12-18,6451
2605,新興,12,3,9,永全-南崁,2023-12-18,6451
2610,華航,9,0,9,永全-南崁,2023-12-18,6451
8011,台通,10,1,9,永全-南崁,2023-12-18,6451
00688L,國泰20年美債正2,8,0,8,永全-南崁,2023-12-18,6451
00937B,群益ESG投等債20,233,0,233,永全-南崁,2023-12-19,6451
00929,復華台灣科技優息,109,34,75,永全-南崁,2023-12-19,6451
00919,群益台灣精選高息,58,1,57,永全-南崁,2023-12-19,6451
2897,王道銀行,50,0,50,永全-南崁,2023-12-19,6451
8112,至上,84,37,47,永全-南崁,2023-12-19,6451
1815,富喬,47,0,47,永全-南崁,2023-12-19,6451
6202,盛群,40,0,40,永全-南崁,2023-12-19,6451
5512,力麒,30,0,30,永全-南崁,2023-12-19,6451
9105,泰金寶-DR,30,0,30,永全-南崁,2023-12-19,6451
1522,堤維西,30,1,29,永全-南崁,2023-12-19,6451
2352,佳世達,32,3,29,永全-南崁,2023-12-19,6451
2449,京元電子,32,5,27,永全-南崁,2023-12-19,6451
2409,友達,25,0,25,永全-南崁,2023-12-19,6451
3060,銘異,30,5,25,永全-南崁,2023-12-19,6451
3264,欣銓,24,0,24,永全-南崁,2023-12-19,6451
6770,力積電,24,0,24,永全-南崁,2023-12-19,6451
6494,九齊,22,0,22,永全-南崁,2023-12-19,6451
3006,晶豪科,21,0,21,永全-南崁,2023-12-19,6451
6285,啟��,21,0,21,永全-南崁,2023-12-19,6451
1609,大亞,20,0,20,永全-南崁,2023-12-19,6451
4566,時碩工業,19,0,19,永全-南崁,2023-12-19,6451
2618,長榮航,28,10,18,永全-南崁,2023-12-19,6451
00679B,元大美債20年,18,2,16,永全-南崁,2023-12-19,6451
2328,廣宇,16,0,16,永全-南崁,2023-12-19,6451
2515,中工,20,4,16,永全-南崁,2023-12-19,6451
8261,富鼎,16,0,16,永全-南崁,2023-12-19,6451
1312,國喬,15,0,15,永全-南崁,2023-12-19,6451
6139,亞翔,15,0,15,永全-南崁,2023-12-19,6451
2201,裕隆,14,0,14,永全-南崁,2023-12-19,6451
2402,毅嘉,18,5,13,永全-南崁,2023-12-19,6451
4909,新復興,15,2,13,永全-南崁,2023-12-19,6451
3443,創意,12,0,12,永全-南崁,2023-12-19,6451
00900,富邦特選高股息30,12,0,12,永全-南崁,2023-12-19,6451
00687B,國泰20年美債,11,0,11,永全-南崁,2023-12-19,6451
2882,國泰金,11,0,11,永全-南崁,2023-12-19,6451
2038,海光,26,16,10,永全-南崁,2023-12-19,6451
2324,仁寶,10,0,10,永全-南崁,2023-12-19,6451
2368,金像電,10,0,10,永全-南崁,2023-12-19,6451
2615,萬海,30,20,10,永全-南崁,2023-12-19,6451
3005,神基,11,1,10,永全-南崁,2023-12-19,6451
3011,今皓,10,0,10,永全-南崁,2023-12-19,6451
3019,亞光,10,0,10,永全-南崁,2023-12-19,6451
3489,森寶,10,0,10,永全-南崁,2023-12-19,6451
6456,GIS-KY,10,0,10,永全-南崁,2023-12-19,6451
00751B,元大AAA至A公司債,10,1,9,永全-南崁,2023-12-19,6451
2027,大成鋼,15,6,9,永全-南崁,2023-12-19,6451
2458,義隆,12,3,9,永全-南崁,2023-12-19,6451
2610,華航,10,1,9,永全-南崁,2023-12-19,6451
3576,聯合再生,9,0,9,永全-南崁,2023-12-19,6451
5426,振發,9,0,9,永全-南崁,2023-12-19,6451
2303,聯電,107,0,107,永全-南崁,2023-12-20,6451
00676R,富邦臺灣加權反1,50,0,50,永全-南崁,2023-12-20,6451
00673R,期元大S＆P原油反1,50,0,50,永全-南崁,2023-12-20,6451
00637L,元大滬深300正2,41,0,41,永全-南崁,2023-12-20,6451
00937B,群益ESG投等債20,31,0,31,永全-南崁,2023-12-20,6451
2356,英業達,69,39,30,永全-南崁,2023-12-20,6451
2408,南亞科,30,0,30,永全-南崁,2023-12-20,6451
2537,聯上發,30,0,30,永全-南崁,2023-12-20,6451
2891,中信金,45,15,30,永全-南崁,2023-12-20,6451
00919,群益台灣精選高息,22,0,22,永全-南崁,2023-12-20,6451
2618,長榮航,29,10,19,永全-南崁,2023-12-20,6451
3006,晶豪科,32,13,19,永全-南崁,2023-12-20,6451
2002,中鋼,15,1,14,永全-南崁,2023-12-20,6451
2888,新光金,14,0,14,永全-南崁,2023-12-20,6451
8112,至上,20,6,14,永全-南崁,2023-12-20,6451
00688L,國泰20年美債正2,12,0,12,永全-南崁,2023-12-20,6451
2882,國泰金,12,0,12,永全-南崁,2023-12-20,6451
2032,新鋼,12,1,11,永全-南崁,2023-12-20,6451
2892,第一金,11,0,11,永全-南崁,2023-12-20,6451
1466,聚隆,12,2,10,永全-南崁,2023-12-20,6451
1447,力鵬,10,0,10,永全-南崁,2023-12-20,6451
1609,大亞,10,0,10,永全-南崁,2023-12-20,6451
2889,國票金,10,0,10,永全-南崁,2023-12-20,6451
4171,瑞基,10,0,10,永全-南崁,2023-12-20,6451
4904,遠傳,10,0,10,永全-南崁,2023-12-20,6451
5521,工信,10,0,10,永全-南崁,2023-12-20,6451
6168,宏齊,10,0,10,永全-南崁,2023-12-20,6451
8086,宏捷科,11,1,10,永全-南崁,2023-12-20,6451
2506,太設,9,0,9,永全-南崁,2023-12-20,6451
5426,振發,9,0,9,永全-南崁,2023-12-20,6451
4167,松瑞藥,9,1,8,永全-南崁,2023-12-20,6451
00918,大華優利高填息30,7,0,7,永全-南崁,2023-12-20,6451
1605,華新,7,0,7,永全-南崁,2023-12-20,6451
1722,台肥,7,0,7,永全-南崁,2023-12-20,6451
3014,聯陽,7,0,7,永全-南崁,2023-12-20,6451
6163,華電網,7,0,7,永全-南崁,2023-12-20,6451
00915,凱基優選高股息30,6,0,6,永全-南崁,2023-12-20,6451
2059,川湖,6,0,6,永全-南崁,2023-12-20,6451
2344,華邦電,7,1,6,永全-南崁,2023-12-20,6451
2392,正崴,7,1,6,永全-南崁,2023-12-20,6451
4577,達航科技,6,0,6,永全-南崁,2023-12-20,6451
4746,台耀,7,1,6,永全-南崁,2023-12-20,6451
4960,誠美材,6,0,6,永全-南崁,2023-12-20,6451
2314,台揚,5,0,5,永全-南崁,2023-12-20,6451
2365,昆盈,10,5,5,永全-南崁,2023-12-20,6451
2516,新建,5,0,5,永全-南崁,2023-12-20,6451
3138,耀登,5,0,5,永全-南崁,2023-12-20,6451
4532,瑞智,5,0,5,永全-南崁,2023-12-20,6451
4533,協易機,5,0,5,永全-南崁,2023-12-20,6451
8069,元太,5,0,5,永全-南崁,2023-12-20,6451
00937B,群益ESG投等債20,218,0,218,永全-南崁,2023-12-21,6451
2443,昶虹,100,0,100,永全-南崁,2023-12-21,6451
2610,華航,105,8,97,永全-南崁,2023-12-21,6451
2201,裕隆,86,0,86,永全-南崁,2023-12-21,6451
2324,仁寶,117,43,74,永全-南崁,2023-12-21,6451
1522,堤維西,62,5,57,永全-南崁,2023-12-21,6451
8936,國統,40,0,40,永全-南崁,2023-12-21,6451
00919,群益台灣精選高息,38,0,38,永全-南崁,2023-12-21,6451
8261,富鼎,33,0,33,永全-南崁,2023-12-21,6451
2449,京元電子,32,0,32,永全-南崁,2023-12-21,6451
8112,至上,32,0,32,永全-南崁,2023-12-21,6451
6117,迎廣,31,0,31,永全-南崁,2023-12-21,6451
2352,佳世達,30,1,29,永全-南崁,2023-12-21,6451
00929,復華台灣科技優息,28,0,28,永全-南崁,2023-12-21,6451
5426,振發,29,1,28,永全-南崁,2023-12-21,6451
8110,華東,25,1,24,永全-南崁,2023-12-21,6451
1319,東陽,25,6,19,永全-南崁,2023-12-21,6451
2331,精英,17,1,16,永全-南崁,2023-12-21,6451
2356,英業達,51,38,13,永全-南崁,2023-12-21,6451
2317,鴻海,18,6,12,永全-南崁,2023-12-21,6451
2377,微星,12,0,12,永全-南崁,2023-12-21,6451
2885,元大金,12,0,12,永全-南崁,2023-12-21,6451
2886,兆豐金,12,0,12,永全-南崁,2023-12-21,6451
2618,長榮航,21,10,11,永全-南崁,2023-12-21,6451
2892,第一金,10,0,10,永全-南崁,2023-12-21,6451
0056,元大高股息,11,1,10,永全-南崁,2023-12-21,6451
00646,元大S＆P500,10,0,10,永全-南崁,2023-12-21,6451
1815,富喬,10,0,10,永全-南崁,2023-12-21,6451
2362,藍天,10,0,10,永全-南崁,2023-12-21,6451
2883,凱基金,10,0,10,永全-南崁,2023-12-21,6451
2888,新光金,10,0,10,永全-南崁,2023-12-21,6451
4171,瑞基,10,0,10,永全-南崁,2023-12-21,6451
5536,聖暉*,10,0,10,永全-南崁,2023-12-21,6451
6243,迅杰,10,0,10,永全-南崁,2023-12-21,6451
9958,世紀鋼,10,0,10,永全-南崁,2023-12-21,6451
1325,恆大,13,4,9,永全-南崁,2023-12-21,6451
2636,台驊控股,13,4,9,永全-南崁,2023-12-21,6451
3138,耀登,9,0,9,永全-南崁,2023-12-21,6451
4167,松瑞藥,14,5,9,永全-南崁,2023-12-21,6451
2105,正新,8,0,8,永全-南崁,2023-12-21,6451
2312,金寶,8,0,8,永全-南崁,2023-12-21,6451
1466,聚隆,8,1,7,永全-南崁,2023-12-21,6451
2617,台航,7,0,7,永全-南崁,2023-12-21,6451
3532,台勝科,11,4,7,永全-南崁,2023-12-21,6451
6138,茂達,12,5,7,永全-南崁,2023-12-21,6451
2641,正德,11,5,6,永全-南崁,2023-12-21,6451
5202,力新,6,0,6,永全-南崁,2023-12-21,6451
6770,力積電,6,0,6,永全-南崁,2023-12-21,6451
2330,台積電,5,0,5,永全-南崁,2023-12-21,6451
00679B,元大美債20年,5,0,5,永全-南崁,2023-12-21,6451
5426,振發,141,0,141,永全-南崁,2023-12-22,6451
4973,廣穎,120,1,119,永全-南崁,2023-12-22,6451
2337,旺宏,100,1,99,永全-南崁,2023-12-22,6451
3346,麗清,98,7,91,永全-南崁,2023-12-22,6451
1522,堤維西,95,5,90,永全-南崁,2023-12-22,6451
6205,詮欣,87,0,87,永全-南崁,2023-12-22,6451
9105,泰金寶-DR,80,0,80,永全-南崁,2023-12-22,6451
8112,至上,65,3,62,永全-南崁,2023-12-22,6451
00753L,中信中國50正2,52,0,52,永全-南崁,2023-12-22,6451
00673R,期元大S＆P原油反1,50,0,50,永全-南崁,2023-12-22,6451
00929,復華台灣科技優息,33,12,21,永全-南崁,2023-12-22,6451
00937B,群益ESG投等債20,21,0,21,永全-南崁,2023-12-22,6451
5469,瀚宇博,20,0,20,永全-南崁,2023-12-22,6451
6770,力積電,20,0,20,永全-南崁,2023-12-22,6451
2618,長榮航,50,35,15,永全-南崁,2023-12-22,6451
2313,華通,26,13,13,永全-南崁,2023-12-22,6451
2356,英業達,49,36,13,永全-南崁,2023-12-22,6451
3138,耀登,13,0,13,永全-南崁,2023-12-22,6451
00751B,元大AAA至A公司債,12,0,12,永全-南崁,2023-12-22,6451
2027,大成鋼,12,0,12,永全-南崁,2023-12-22,6451
3041,揚智,28,16,12,永全-南崁,2023-12-22,6451
2465,麗臺,11,0,11,永全-南崁,2023-12-22,6451
1402,遠東新,10,0,10,永全-南崁,2023-12-22,6451
1312,國喬,10,0,10,永全-南崁,2023-12-22,6451
00679B,元大美債20年,10,0,10,永全-南崁,2023-12-22,6451
00933B,國泰10Y+金融債,10,0,10,永全-南崁,2023-12-22,6451
00646,元大S＆P500,10,0,10,永全-南崁,2023-12-22,6451
2317,鴻海,30,20,10,永全-南崁,2023-12-22,6451
2388,威盛,12,2,10,永全-南崁,2023-12-22,6451
2492,華新科,11,1,10,永全-南崁,2023-12-22,6451
2889,國票金,10,0,10,永全-南崁,2023-12-22,6451
2891,中信金,30,20,10,永全-南崁,2023-12-22,6451
3231,緯創,17,7,10,永全-南崁,2023-12-22,6451
3374,精材,10,0,10,永全-南崁,2023-12-22,6451
4904,遠傳,10,0,10,永全-南崁,2023-12-22,6451
5512,力麒,10,0,10,永全-南崁,2023-12-22,6451
8050,廣積,10,0,10,永全-南崁,2023-12-22,6451
8201,無敵,10,0,10,永全-南崁,2023-12-22,6451
00720B,元大投資級公司債,9,0,9,永全-南崁,2023-12-22,6451
0056,元大高股息,10,1,9,永全-南崁,2023-12-22,6451
8034,榮群,10,1,9,永全-南崁,2023-12-22,6451
2449,京元電子,10,2,8,永全-南崁,2023-12-22,6451
6695,芯鼎,8,0,8,永全-南崁,2023-12-22,6451
00687B,國泰20年美債,7,0,7,永全-南崁,2023-12-22,6451
2363,矽統,16,9,7,永全-南崁,2023-12-22,6451
00680L,元大美債20正2,12,6,6,永全-南崁,2023-12-22,6451
00919,群益台灣精選高息,6,0,6,永全-南崁,2023-12-22,6451
00713,元大台灣高息低波,6,0,6,永全-南崁,2023-12-22,6451
6243,迅杰,20,14,6,永全-南崁,2023-12-22,6451
1536,和大,5,0,5,永全-南崁,2023-12-22,6451
00919,群益台灣精選高息,73,0,73,永全-南崁,2023-12-25,6451
9105,泰金寶-DR,82,32,50,永全-南崁,2023-12-25,6451
4973,廣穎,30,0,30,永全-南崁,2023-12-25,6451
2002,中鋼,30,0,30,永全-南崁,2023-12-25,6451
2801,彰銀,26,0,26,永全-南崁,2023-12-25,6451
4174,浩鼎,30,4,26,永全-南崁,2023-12-25,6451
9904,寶成,25,0,25,永全-南崁,2023-12-25,6451
2313,華通,26,6,20,永全-南崁,2023-12-25,6451
1319,東陽,20,0,20,永全-南崁,2023-12-25,6451
8110,華東,20,0,20,永全-南崁,2023-12-25,6451
2405,輔信,21,2,19,永全-南崁,2023-12-25,6451
00724B,群益投資級金融債,18,0,18,永全-南崁,2023-12-25,6451
6139,亞翔,21,4,17,永全-南崁,2023-12-25,6451
6770,力積電,17,0,17,永全-南崁,2023-12-25,6451
8112,至上,21,4,17,永全-南崁,2023-12-25,6451
3306,鼎天,15,0,15,永全-南崁,2023-12-25,6451
00713,元大台灣高息低波,12,0,12,永全-南崁,2023-12-25,6451
4961,天鈺,12,0,12,永全-南崁,2023-12-25,6451
2356,英業達,48,37,11,永全-南崁,2023-12-25,6451
1503,士電,11,0,11,永全-南崁,2023-12-25,6451
1325,恆大,11,0,11,永全-南崁,2023-12-25,6451
00933B,國泰10Y+金融債,11,0,11,永全-南崁,2023-12-25,6451
2382,廣達,10,0,10,永全-南崁,2023-12-25,6451
00720B,元大投資級公司債,10,0,10,永全-南崁,2023-12-25,6451
2492,華新科,10,0,10,永全-南崁,2023-12-25,6451
2886,兆豐金,10,0,10,永全-南崁,2023-12-25,6451
3489,森寶,10,0,10,永全-南崁,2023-12-25,6451
4956,光鋐,10,0,10,永全-南崁,2023-12-25,6451
6218,豪勉,10,0,10,永全-南崁,2023-12-25,6451
6270,倍微,11,1,10,永全-南崁,2023-12-25,6451
8059,凱碩,24,14,10,永全-南崁,2023-12-25,6451
2352,佳世達,10,1,9,永全-南崁,2023-12-25,6451
3013,晟銘電,11,2,9,永全-南崁,2023-12-25,6451
4906,正文,10,1,9,永全-南崁,2023-12-25,6451
00679B,元大美債20年,13,5,8,永全-南崁,2023-12-25,6451
2312,金寶,8,0,8,永全-南崁,2023-12-25,6451
4129,聯合,8,0,8,永全-南崁,2023-12-25,6451
5009,榮剛,11,3,8,永全-南崁,2023-12-25,6451
6613,朋億*,8,0,8,永全-南崁,2023-12-25,6451
00934,中信成長高股息,7,0,7,永全-南崁,2023-12-25,6451
2369,菱生,7,0,7,永全-南崁,2023-12-25,6451
1324,地球,6,0,6,永全-南崁,2023-12-25,6451
3694,海華,6,0,6,永全-南崁,2023-12-25,6451
8210,勤誠,13,7,6,永全-南崁,2023-12-25,6451
9910,豐泰,6,0,6,永全-南崁,2023-12-25,6451
8050,廣積,6,0,6,永全-南崁,2023-12-25,6451
00929,復華台灣科技優息,6,1,5,永全-南崁,2023-12-25,6451
2017,官田鋼,5,0,5,永全-南崁,2023-12-25,6451
2340,台亞,5,0,5,永全-南崁,2023-12-25,6451
2421,建準,8,3,5,永全-南崁,2023-12-25,6451
2392,正崴,90,0,90,永全-南崁,2023-12-26,6451
5309,系統電,61,0,61,永全-南崁,2023-12-26,6451
00753L,中信中國50正2,50,0,50,永全-南崁,2023-12-26,6451
2887,台新金,50,0,50,永全-南崁,2023-12-26,6451
00885,富邦越南,50,2,48,永全-南崁,2023-12-26,6451
00632R,元大台灣50反1,40,0,40,永全-南崁,2023-12-26,6451
2609,陽明,37,6,31,永全-南崁,2023-12-26,6451
4939,亞電,30,0,30,永全-南崁,2023-12-26,6451
2344,華邦電,30,8,22,永全-南崁,2023-12-26,6451
00937B,群益ESG投等債20,21,0,21,永全-南崁,2023-12-26,6451
2402,毅嘉,23,2,21,永全-南崁,2023-12-26,6451
3624,光頡,20,0,20,永全-南崁,2023-12-26,6451
3645,達邁,20,0,20,永全-南崁,2023-12-26,6451
2618,長榮航,19,0,19,永全-南崁,2023-12-26,6451
4129,聯合,15,0,15,永全-南崁,2023-12-26,6451
00929,復華台灣科技優息,12,0,12,永全-南崁,2023-12-26,6451
00919,群益台灣精選高息,12,1,11,永全-南崁,2023-12-26,6451
2038,海光,10,0,10,永全-南崁,2023-12-26,6451
4919,新唐,10,0,10,永全-南崁,2023-12-26,6451
6129,普誠,20,10,10,永全-南崁,2023-12-26,6451
8076,伍豐,10,0,10,永全-南崁,2023-12-26,6451
1605,華新,10,1,9,永全-南崁,2023-12-26,6451
2369,菱生,8,0,8,永全-南崁,2023-12-26,6451
2388,威盛,18,10,8,永全-南崁,2023-12-26,6451
6243,迅杰,19,11,8,永全-南崁,2023-12-26,6451
2603,長榮,13,5,8,永全-南崁,2023-12-26,6451
6290,良維,7,0,7,永全-南崁,2023-12-26,6451
2882,國泰金,6,0,6,永全-南崁,2023-12-26,6451
3380,明泰,7,1,6,永全-南崁,2023-12-26,6451
2515,中工,25,20,5,永全-南崁,2023-12-26,6451
2308,台達電,5,0,5,永全-南崁,2023-12-26,6451
2427,三商電,5,0,5,永全-南崁,2023-12-26,6451
3036,文曄,7,2,5,永全-南崁,2023-12-26,6451
4104,佳醫,5,0,5,永全-南崁,2023-12-26,6451
5328,華容,5,0,5,永全-南崁,2023-12-26,6451
5434,崇越,5,0,5,永全-南崁,2023-12-26,6451
6191,精成科,5,0,5,永全-南崁,2023-12-26,6451
2317,鴻海,5,1,4,永全-南崁,2023-12-26,6451
00795B,中信美國公債20年,4,0,4,永全-南崁,2023-12-26,6451
2368,金像電,4,0,4,永全-南崁,2023-12-26,6451
3265,台星科,4,0,4,永全-南崁,2023-12-26,6451
3570,大塚,8,4,4,永全-南崁,2023-12-26,6451
5009,榮剛,4,0,4,永全-南崁,2023-12-26,6451
6235,華孚,6,2,4,永全-南崁,2023-12-26,6451
6270,倍微,4,0,4,永全-南崁,2023-12-26,6451
8050,廣積,4,0,4,永全-南崁,2023-12-26,6451
9904,寶成,5,1,4,永全-南崁,2023-12-26,6451
2498,宏達電,12,8,4,永全-南崁,2023-12-26,6451
1524,耿鼎,6,3,3,永全-南崁,2023-12-26,6451
00637L,元大滬深300正2,3,0,3,永全-南崁,2023-12-26,6451
2883,凱基金,177,25,152,永全-南崁,2023-12-27,6451
9105,泰金寶-DR,110,0,110,永全-南崁,2023-12-27,6451
00937B,群益ESG投等債20,98,0,98,永全-南崁,2023-12-27,6451
2010,春源,80,0,80,永全-南崁,2023-12-27,6451
00632R,元大台灣50反1,60,0,60,永全-南崁,2023-12-27,6451
00673R,期元大S＆P原油反1,50,0,50,永全-南崁,2023-12-27,6451
2317,鴻海,50,10,40,永全-南崁,2023-12-27,6451
1522,堤維西,37,0,37,永全-南崁,2023-12-27,6451
00715L,期街口布蘭特正2,42,9,33,永全-南崁,2023-12-27,6451
2405,輔信,77,45,32,永全-南崁,2023-12-27,6451
2324,仁寶,72,44,28,永全-南崁,2023-12-27,6451
6282,康舒,31,5,26,永全-南崁,2023-12-27,6451
6270,倍微,24,0,24,永全-南崁,2023-12-27,6451
5426,振發,23,0,23,永全-南崁,2023-12-27,6451
2488,漢平,20,0,20,永全-南崁,2023-12-27,6451
2618,長榮航,19,0,19,永全-南崁,2023-12-27,6451
8936,國統,42,23,19,永全-南崁,2023-12-27,6451
00934,中信成長高股息,20,2,18,永全-南崁,2023-12-27,6451
3324,雙鴻,19,1,18,永全-南崁,2023-12-27,6451
00688L,國泰20年美債正2,20,3,17,永全-南崁,2023-12-27,6451
3325,旭品,17,0,17,永全-南崁,2023-12-27,6451
2369,菱生,28,13,15,永全-南崁,2023-12-27,6451
3231,緯創,24,10,14,永全-南崁,2023-12-27,6451
2402,毅嘉,11,0,11,永全-南崁,2023-12-27,6451
5469,瀚宇博,11,0,11,永全-南崁,2023-12-27,6451
8088,品安,11,0,11,永全-南崁,2023-12-27,6451
2605,新興,10,0,10,永全-南崁,2023-12-27,6451
3570,大塚,11,1,10,永全-南崁,2023-12-27,6451
3622,洋華,10,0,10,永全-南崁,2023-12-27,6451
3694,海華,10,0,10,永全-南崁,2023-12-27,6451
5608,四維航,10,0,10,永全-南崁,2023-12-27,6451
6589,台康生技,10,0,10,永全-南崁,2023-12-27,6451
2353,宏��,59,50,9,永全-南崁,2023-12-27,6451
00720B,元大投資級公司債,9,0,9,永全-南崁,2023-12-27,6451
2457,飛宏,9,0,9,永全-南崁,2023-12-27,6451
3260,威剛,10,2,8,永全-南崁,2023-12-27,6451
00679B,元大美債20年,10,2,8,永全-南崁,2023-12-27,6451
2884,玉山金,10,2,8,永全-南崁,2023-12-27,6451
2363,矽統,11,4,7,永全-南崁,2023-12-27,6451
9910,豐泰,7,0,7,永全-南崁,2023-12-27,6451
2027,大成鋼,6,0,6,永全-南崁,2023-12-27,6451
2329,華泰,6,0,6,永全-南崁,2023-12-27,6451
2449,京元電子,12,6,6,永全-南崁,2023-12-27,6451
3169,亞信,6,0,6,永全-南崁,2023-12-27,6451
6129,普誠,10,4,6,永全-南崁,2023-12-27,6451
1806,冠軍,6,0,6,永全-南崁,2023-12-27,6451
1514,亞力,6,1,5,永全-南崁,2023-12-27,6451
1432,大魯閣,5,0,5,永全-南崁,2023-12-27,6451
2610,華航,6,1,5,永全-南崁,2023-12-27,6451
3645,達邁,5,0,5,永全-南崁,2023-12-27,6451
2323,中環,455,2,453,永全-南崁,2023-12-28,6451
2324,仁寶,156,52,104,永全-南崁,2023-12-28,6451
1618,合機,55,0,55,永全-南崁,2023-12-28,6451
2353,宏��,153,103,50,永全-南崁,2023-12-28,6451
3081,聯亞,33,2,31,永全-南崁,2023-12-28,6451
6205,詮欣,31,0,31,永全-南崁,2023-12-28,6451
00919,群益台灣精選高息,29,0,29,永全-南崁,2023-12-28,6451
3624,光頡,30,4,26,永全-南崁,2023-12-28,6451
2618,長榮航,35,10,25,永全-南崁,2023-12-28,6451
5521,工信,25,0,25,永全-南崁,2023-12-28,6451
00712,復華富時不動產,21,0,21,永全-南崁,2023-12-28,6451
1319,東陽,22,1,21,永全-南崁,2023-12-28,6451
6461,益得,20,0,20,永全-南崁,2023-12-28,6451
3552,同致,20,1,19,永全-南崁,2023-12-28,6451
1514,亞力,33,14,19,永全-南崁,2023-12-28,6451
00929,復華台灣科技優息,22,5,17,永全-南崁,2023-12-28,6451
2301,光寶科,17,0,17,永全-南崁,2023-12-28,6451
2610,華航,16,1,15,永全-南崁,2023-12-28,6451
2356,英業達,55,41,14,永全-南崁,2023-12-28,6451
2603,長榮,27,13,14,永全-南崁,2023-12-28,6451
6790,永豐實,13,0,13,永全-南崁,2023-12-28,6451
00715L,期街口布蘭特正2,12,0,12,永全-南崁,2023-12-28,6451
6203,海韻電,12,0,12,永全-南崁,2023-12-28,6451
00751B,元大AAA至A公司債,10,0,10,永全-南崁,2023-12-28,6451
00934,中信成長高股息,10,0,10,永全-南崁,2023-12-28,6451
2421,建準,10,0,10,永全-南崁,2023-12-28,6451
2889,國票金,10,0,10,永全-南崁,2023-12-28,6451
2892,第一金,10,0,10,永全-南崁,2023-12-28,6451
3094,聯傑,15,5,10,永全-南崁,2023-12-28,6451
3205,佰研,13,3,10,永全-南崁,2023-12-28,6451
3380,明泰,10,0,10,永全-南崁,2023-12-28,6451
3454,晶睿,10,0,10,永全-南崁,2023-12-28,6451
3707,漢磊,10,0,10,永全-南崁,2023-12-28,6451
4956,光鋐,10,0,10,永全-南崁,2023-12-28,6451
00918,大華優利高填息30,8,0,8,永全-南崁,2023-12-28,6451
2365,昆盈,10,2,8,永全-南崁,2023-12-28,6451
3338,泰碩,13,5,8,永全-南崁,2023-12-28,6451
4967,十銓,8,1,7,永全-南崁,2023-12-28,6451
5347,世界,7,0,7,永全-南崁,2023-12-28,6451
5351,鈺創,24,17,7,永全-南崁,2023-12-28,6451
00933B,國泰10Y+金融債,5,0,5,永全-南崁,2023-12-28,6451
2014,中鴻,5,0,5,永全-南崁,2023-12-28,6451
2236,百達-KY,5,0,5,永全-南崁,2023-12-28,6451
2363,矽統,5,0,5,永全-南崁,2023-12-28,6451
3041,揚智,16,11,5,永全-南崁,2023-12-28,6451
3324,雙鴻,7,2,5,永全-南崁,2023-12-28,6451
3325,旭品,5,0,5,永全-南崁,2023-12-28,6451
4105,東洋,5,0,5,永全-南崁,2023-12-28,6451
6770,力積電,5,0,5,永全-南崁,2023-12-28,6451
5425,台半,5,0,5,永全-南崁,2023-12-28,6451
00937B,群益ESG投等債20,224,0,224,永全-南崁,2023-12-29,6451
3624,光頡,118,0,118,永全-南崁,2023-12-29,6451
6117,迎廣,59,1,58,永全-南崁,2023-12-29,6451
5009,榮剛,40,1,39,永全-南崁,2023-12-29,6451
00680L,元大美債20正2,32,0,32,永全-南崁,2023-12-29,6451
1319,東陽,30,0,30,永全-南崁,2023-12-29,6451
6282,康舒,31,2,29,永全-南崁,2023-12-29,6451
5351,鈺創,28,1,27,永全-南崁,2023-12-29,6451
2801,彰銀,26,0,26,永全-南崁,2023-12-29,6451
00933B,國泰10Y+金融債,22,0,22,永全-南崁,2023-12-29,6451
00688L,國泰20年美債正2,20,0,20,永全-南崁,2023-12-29,6451
3576,聯合再生,20,0,20,永全-南崁,2023-12-29,6451
6179,亞通,20,0,20,永全-南崁,2023-12-29,6451
6770,力積電,20,0,20,永全-南崁,2023-12-29,6451
1514,亞力,28,9,19,永全-南崁,2023-12-29,6451
1503,士電,26,9,17,永全-南崁,2023-12-29,6451
5521,工信,17,0,17,永全-南崁,2023-12-29,6451
1708,東鹼,15,0,15,永全-南崁,2023-12-29,6451
2365,昆盈,16,1,15,永全-南崁,2023-12-29,6451
3543,州巧,14,0,14,永全-南崁,2023-12-29,6451
5469,瀚宇博,14,0,14,永全-南崁,2023-12-29,6451
00919,群益台灣精選高息,12,1,11,永全-南崁,2023-12-29,6451
1513,中興電,12,1,11,永全-南崁,2023-12-29,6451
5381,合正,11,0,11,永全-南崁,2023-12-29,6451
2472,立隆電,10,0,10,永全-南崁,2023-12-29,6451
2609,陽明,17,7,10,永全-南崁,2023-12-29,6451
3306,鼎天,12,2,10,永全-南崁,2023-12-29,6451
3537,堡達,10,0,10,永全-南崁,2023-12-29,6451
4909,新復興,10,0,10,永全-南崁,2023-12-29,6451
6125,廣運,25,15,10,永全-南崁,2023-12-29,6451
8110,華東,10,0,10,永全-南崁,2023-12-29,6451
3483,力致,11,1,10,永全-南崁,2023-12-29,6451
3006,晶豪科,30,22,8,永全-南崁,2023-12-29,6451
1609,大亞,8,0,8,永全-南崁,2023-12-29,6451
2605,新興,7,0,7,永全-南崁,2023-12-29,6451
3024,憶聲,18,12,6,永全-南崁,2023-12-29,6451
3149,正達,6,0,6,永全-南崁,2023-12-29,6451
3443,創意,6,0,6,永全-南崁,2023-12-29,6451
8289,泰藝,6,0,6,永全-南崁,2023-12-29,6451
9945,潤泰新,5,0,5,永全-南崁,2023-12-29,6451
1584,精剛,5,0,5,永全-南崁,2023-12-29,6451
00720B,元大投資級公司債,5,0,5,永全-南崁,2023-12-29,6451
1210,大成,5,0,5,永全-南崁,2023-12-29,6451
2032,新鋼,5,0,5,永全-南崁,2023-12-29,6451
2303,聯電,8,3,5,永全-南崁,2023-12-29,6451
2312,金寶,5,0,5,永全-南崁,2023-12-29,6451
2337,旺宏,5,0,5,永全-南崁,2023-12-29,6451
2433,互盛電,5,0,5,永全-南崁,2023-12-29,6451
2606,裕民,5,0,5,永全-南崁,2023-12-29,6451
3454,晶睿,5,0,5,永全-南崁,2023-12-29,6451
6113,亞矽,301,65,236,永全-南崁,2024-01-02,6451
2324,仁寶,110,8,102,永全-南崁,2024-01-02,6451
3231,緯創,88,24,64,永全-南崁,2024-01-02,6451
00673R,期元大S＆P原油反1,50,0,50,永全-南崁,2024-01-02,6451
6016,康和證,50,0,50,永全-南崁,2024-01-02,6451
2543,皇昌,60,11,49,永全-南崁,2024-01-02,6451
00929,復華台灣科技優息,45,8,37,永全-南崁,2024-01-02,6451
1522,堤維西,37,2,35,永全-南崁,2024-01-02,6451
00680L,元大美債20正2,35,0,35,永全-南崁,2024-01-02,6451
2492,華新科,40,5,35,永全-南崁,2024-01-02,6451
2382,廣達,39,5,34,永全-南崁,2024-01-02,6451
2408,南亞科,33,0,33,永全-南崁,2024-01-02,6451
00919,群益台灣精選高息,32,0,32,永全-南崁,2024-01-02,6451
6139,亞翔,34,4,30,永全-南崁,2024-01-02,6451
6117,迎廣,37,9,28,永全-南崁,2024-01-02,6451
5521,工信,43,16,27,永全-南崁,2024-01-02,6451
5608,四維航,27,0,27,永全-南崁,2024-01-02,6451
6140,訊達,27,2,25,永全-南崁,2024-01-02,6451
2605,新興,24,2,22,永全-南崁,2024-01-02,6451
8011,台通,44,22,22,永全-南崁,2024-01-02,6451
3264,欣銓,22,1,21,永全-南崁,2024-01-02,6451
3006,晶豪科,22,2,20,永全-南崁,2024-01-02,6451
9958,世紀鋼,19,0,19,永全-南崁,2024-01-02,6451
00712,復華富時不動產,19,2,17,永全-南崁,2024-01-02,6451
2438,翔耀,15,0,15,永全-南崁,2024-01-02,6451
0056,元大高股息,13,0,13,永全-南崁,2024-01-02,6451
3570,大塚,13,0,13,永全-南崁,2024-01-02,6451
00637L,元大滬深300正2,12,0,12,永全-南崁,2024-01-02,6451
00720B,元大投資級公司債,16,5,11,永全-南崁,2024-01-02,6451
2352,佳世達,12,1,11,永全-南崁,2024-01-02,6451
00632R,元大台灣50反1,10,0,10,永全-南崁,2024-01-02,6451
2883,凱基金,10,0,10,永全-南崁,2024-01-02,6451
3338,泰碩,10,0,10,永全-南崁,2024-01-02,6451
3390,旭軟,70,60,10,永全-南崁,2024-01-02,6451
6150,撼訊,10,0,10,永全-南崁,2024-01-02,6451
6285,啟��,10,0,10,永全-南崁,2024-01-02,6451
8110,華東,10,0,10,永全-南崁,2024-01-02,6451
5381,合正,10,1,9,永全-南崁,2024-01-02,6451
8210,勤誠,10,2,8,永全-南崁,2024-01-02,6451
00937B,群益ESG投等債20,8,0,8,永全-南崁,2024-01-02,6451
2376,技嘉,14,6,8,永全-南崁,2024-01-02,6451
3702,大聯大,8,0,8,永全-南崁,2024-01-02,6451
00918,大華優利高填息30,7,0,7,永全-南崁,2024-01-02,6451
00679B,元大美債20年,7,0,7,永全-南崁,2024-01-02,6451
00795B,中信美國公債20年,7,0,7,永全-南崁,2024-01-02,6451
00687B,國泰20年美債,7,0,7,永全-南崁,2024-01-02,6451
2337,旺宏,10,3,7,永全-南崁,2024-01-02,6451
2609,陽明,37,31,6,永全-南崁,2024-01-02,6451
2615,萬海,6,0,6,永全-南崁,2024-01-02,6451
3013,晟銘電,6,0,6,永全-南崁,2024-01-02,6451
9105,泰金寶-DR,730,80,650,永全-南崁,2024-01-03,6451
2618,長榮航,234,33,201,永全-南崁,2024-01-03,6451
00687B,國泰20年美債,150,0,150,永全-南崁,2024-01-03,6451
2324,仁寶,123,1,122,永全-南崁,2024-01-03,6451
00929,復華台灣科技優息,112,0,112,永全-南崁,2024-01-03,6451
00632R,元大台灣50反1,60,0,60,永全-南崁,2024-01-03,6451
1524,耿鼎,92,35,57,永全-南崁,2024-01-03,6451
6116,彩晶,55,0,55,永全-南崁,2024-01-03,6451
4532,瑞智,51,0,51,永全-南崁,2024-01-03,6451
6016,康和證,50,0,50,永全-南崁,2024-01-03,6451
00919,群益台灣精選高息,44,0,44,永全-南崁,2024-01-03,6451
2353,宏��,49,7,42,永全-南崁,2024-01-03,6451
8096,擎亞,39,3,36,永全-南崁,2024-01-03,6451
2637,慧洋-KY,35,0,35,永全-南崁,2024-01-03,6451
00878,國泰永續高股息,38,3,35,永全-南崁,2024-01-03,6451
00679B,元大美債20年,30,0,30,永全-南崁,2024-01-03,6451
1584,精剛,28,0,28,永全-南崁,2024-01-03,6451
6770,力積電,23,0,23,永全-南崁,2024-01-03,6451
00715L,期街口布蘭特正2,21,0,21,永全-南崁,2024-01-03,6451
8110,華東,21,0,21,永全-南崁,2024-01-03,6451
3483,力致,25,5,20,永全-南崁,2024-01-03,6451
00680L,元大美債20正2,20,0,20,永全-南崁,2024-01-03,6451
6127,九豪,20,0,20,永全-南崁,2024-01-03,6451
6179,亞通,20,0,20,永全-南崁,2024-01-03,6451
8936,國統,20,0,20,永全-南崁,2024-01-03,6451
2002,中鋼,21,2,19,永全-南崁,2024-01-03,6451
2303,聯電,23,4,19,永全-南崁,2024-01-03,6451
2610,華航,18,0,18,永全-南崁,2024-01-03,6451
2887,台新金,15,0,15,永全-南崁,2024-01-03,6451
3570,大塚,15,0,15,永全-南崁,2024-01-03,6451
0056,元大高股息,19,5,14,永全-南崁,2024-01-03,6451
2317,鴻海,22,10,12,永全-南崁,2024-01-03,6451
2387,精元,12,0,12,永全-南崁,2024-01-03,6451
2838,聯邦銀,12,0,12,永全-南崁,2024-01-03,6451
5511,德昌,12,0,12,永全-南崁,2024-01-03,6451
6669,緯穎,12,0,12,永全-南崁,2024-01-03,6451
2330,台積電,11,0,11,永全-南崁,2024-01-03,6451
2328,廣宇,11,0,11,永全-南崁,2024-01-03,6451
2882,國泰金,11,0,11,永全-南崁,2024-01-03,6451
3023,信邦,10,0,10,永全-南崁,2024-01-03,6451
1568,倉佑,10,0,10,永全-南崁,2024-01-03,6451
1603,華電,10,0,10,永全-南崁,2024-01-03,6451
2323,中環,10,0,10,永全-南崁,2024-01-03,6451
2356,英業達,13,3,10,永全-南崁,2024-01-03,6451
2883,凱基金,10,0,10,永全-南崁,2024-01-03,6451
2892,第一金,10,0,10,永全-南崁,2024-01-03,6451
3006,晶豪科,31,21,10,永全-南崁,2024-01-03,6451
3338,泰碩,10,0,10,永全-南崁,2024-01-03,6451
3694,海華,10,0,10,永全-南崁,2024-01-03,6451
4171,瑞基,10,0,10,永全-南崁,2024-01-03,6451
00673R,期元大S＆P原油反1,100,0,100,永全-南崁,2024-01-04,6451
00929,復華台灣科技優息,85,0,85,永全-南崁,2024-01-04,6451
2609,陽明,142,73,69,永全-南崁,2024-01-04,6451
00724B,群益投資級金融債,60,0,60,永全-南崁,2024-01-04,6451
2317,鴻海,61,20,41,永全-南崁,2024-01-04,6451
9105,泰金寶-DR,60,20,40,永全-南崁,2024-01-04,6451
3231,緯創,39,9,30,永全-南崁,2024-01-04,6451
00712,復華富時不動產,29,0,29,永全-南崁,2024-01-04,6451
8046,南電,36,7,29,永全-南崁,2024-01-04,6451
00637L,元大滬深300正2,25,0,25,永全-南崁,2024-01-04,6451
6139,亞翔,24,0,24,永全-南崁,2024-01-04,6451
00937B,群益ESG投等債20,21,0,21,永全-南崁,2024-01-04,6451
3006,晶豪科,23,2,21,永全-南崁,2024-01-04,6451
2201,裕隆,20,0,20,永全-南崁,2024-01-04,6451
4532,瑞智,20,0,20,永全-南崁,2024-01-04,6451
6285,啟��,20,0,20,永全-南崁,2024-01-04,6451
8261,富鼎,18,0,18,永全-南崁,2024-01-04,6451
2641,正德,24,7,17,永全-南崁,2024-01-04,6451
2618,長榮航,60,44,16,永全-南崁,2024-01-04,6451
00679B,元大美債20年,15,0,15,永全-南崁,2024-01-04,6451
6127,九豪,15,0,15,永全-南崁,2024-01-04,6451
00720B,元大投資級公司債,22,8,14,永全-南崁,2024-01-04,6451
3624,光頡,14,0,14,永全-南崁,2024-01-04,6451
6462,神盾,20,6,14,永全-南崁,2024-01-04,6451
00933B,國泰10Y+金融債,13,0,13,永全-南崁,2024-01-04,6451
6169,昱泉,13,0,13,永全-南崁,2024-01-04,6451
9103,美德醫療-DR,13,0,13,永全-南崁,2024-01-04,6451
2362,藍天,12,0,12,永全-南崁,2024-01-04,6451
2515,中工,20,8,12,永全-南崁,2024-01-04,6451
6222,上揚,12,0,12,永全-南崁,2024-01-04,6451
3017,奇鋐,15,4,11,永全-南崁,2024-01-04,6451
1337,再生-KY,11,0,11,永全-南崁,2024-01-04,6451
2328,廣宇,11,0,11,永全-南崁,2024-01-04,6451
8358,金居,11,0,11,永全-南崁,2024-01-04,6451
2337,旺宏,10,0,10,永全-南崁,2024-01-04,6451
2390,云辰,10,0,10,永全-南崁,2024-01-04,6451
3014,聯陽,10,0,10,永全-南崁,2024-01-04,6451
0056,元大高股息,9,0,9,永全-南崁,2024-01-04,6451
4906,正文,10,1,9,永全-南崁,2024-01-04,6451
00919,群益台灣精選高息,10,1,9,永全-南崁,2024-01-04,6451
4919,新唐,9,1,8,永全-南崁,2024-01-04,6451
3324,雙鴻,10,3,7,永全-南崁,2024-01-04,6451
3481,群創,9,2,7,永全-南崁,2024-01-04,6451
6117,迎廣,15,8,7,永全-南崁,2024-01-04,6451
00878,國泰永續高股息,8,2,6,永全-南崁,2024-01-04,6451
2610,華航,9,3,6,永全-南崁,2024-01-04,6451
2801,彰銀,6,0,6,永全-南崁,2024-01-04,6451
00633L,富邦上証正2,5,0,5,永全-南崁,2024-01-04,6451
00888,永豐台灣ESG,5,0,5,永全-南崁,2024-01-04,6451
1721,三晃,5,0,5,永全-南崁,2024-01-04,6451
2607,榮運,253,3,250,永全-南崁,2024-01-05,6451
3232,昱捷,350,130,220,永全-南崁,2024-01-05,6451
2324,仁寶,106,1,105,永全-南崁,2024-01-05,6451
00919,群益台灣精選高息,70,0,70,永全-南崁,2024-01-05,6451
2618,長榮航,88,24,64,永全-南崁,2024-01-05,6451
00937B,群益ESG投等債20,60,0,60,永全-南崁,2024-01-05,6451
00724B,群益投資級金融債,60,0,60,永全-南崁,2024-01-05,6451
00679B,元大美債20年,63,5,58,永全-南崁,2024-01-05,6451
1444,力麗,50,0,50,永全-南崁,2024-01-05,6451
2897,王道銀行,50,0,50,永全-南崁,2024-01-05,6451
5309,系統電,50,0,50,永全-南崁,2024-01-05,6451
6265,方土昶,52,2,50,永全-南崁,2024-01-05,6451
2323,中環,46,1,45,永全-南崁,2024-01-05,6451
00929,復華台灣科技優息,46,1,45,永全-南崁,2024-01-05,6451
0050,元大台灣50,25,0,25,永全-南崁,2024-01-05,6451
00934,中信成長高股息,24,0,24,永全-南崁,2024-01-05,6451
5355,佳總,23,0,23,永全-南崁,2024-01-05,6451
6243,迅杰,30,8,22,永全-南崁,2024-01-05,6451
2605,新興,24,3,21,永全-南崁,2024-01-05,6451
2891,中信金,20,0,20,永全-南崁,2024-01-05,6451
1708,東鹼,17,0,17,永全-南崁,2024-01-05,6451
8112,至上,20,4,16,永全-南崁,2024-01-05,6451
2317,鴻海,20,4,16,永全-南崁,2024-01-05,6451
2606,裕民,16,1,15,永全-南崁,2024-01-05,6451
3059,華晶科,15,0,15,永全-南崁,2024-01-05,6451
2634,漢翔,20,6,14,永全-南崁,2024-01-05,6451
1301,台塑,12,0,12,永全-南崁,2024-01-05,6451
3037,欣興,12,0,12,永全-南崁,2024-01-05,6451
2356,英業達,14,3,11,永全-南崁,2024-01-05,6451
3231,緯創,16,5,11,永全-南崁,2024-01-05,6451
2368,金像電,12,2,10,永全-南崁,2024-01-05,6451
2489,瑞軒,10,0,10,永全-南崁,2024-01-05,6451
3704,合勤控,10,0,10,永全-南崁,2024-01-05,6451
3481,群創,54,45,9,永全-南崁,2024-01-05,6451
4167,松瑞藥,10,2,8,永全-南崁,2024-01-05,6451
3324,雙鴻,7,0,7,永全-南崁,2024-01-05,6451
00720B,元大投資級公司債,7,0,7,永全-南崁,2024-01-05,6451
4919,新唐,9,3,6,永全-南崁,2024-01-05,6451
00927,群益半導體收益,5,0,5,永全-南崁,2024-01-05,6451
00637L,元大滬深300正2,10,5,5,永全-南崁,2024-01-05,6451
3380,明泰,5,0,5,永全-南崁,2024-01-05,6451
5351,鈺創,5,0,5,永全-南崁,2024-01-05,6451
6129,普誠,5,0,5,永全-南崁,2024-01-05,6451
6290,良維,8,3,5,永全-南崁,2024-01-05,6451
1615,大山,4,0,4,永全-南崁,2024-01-05,6451
2014,中鴻,4,0,4,永全-南崁,2024-01-05,6451
3338,泰碩,7,3,4,永全-南崁,2024-01-05,6451
3362,先進光,4,0,4,永全-南崁,2024-01-05,6451
6113,亞矽,25,21,4,永全-南崁,2024-01-05,6451
8039,台虹,4,0,4,永全-南崁,2024-01-05,6451
2607,榮運,154,1,153,永全-南崁,2024-01-08,6451
2618,長榮航,115,4,111,永全-南崁,2024-01-08,6451
6117,迎廣,111,2,109,永全-南崁,2024-01-08,6451
00929,復華台灣科技優息,98,0,98,永全-南崁,2024-01-08,6451
6770,力積電,78,9,69,永全-南崁,2024-01-08,6451
2317,鴻海,63,0,63,永全-南崁,2024-01-08,6451
00673R,期元大S＆P原油反1,50,0,50,永全-南崁,2024-01-08,6451
1714,和桐,50,0,50,永全-南崁,2024-01-08,6451
4961,天鈺,41,0,41,永全-南崁,2024-01-08,6451
2889,國票金,30,0,30,永全-南崁,2024-01-08,6451
2303,聯電,29,1,28,永全-南崁,2024-01-08,6451
1810,和成,25,0,25,永全-南崁,2024-01-08,6451
00687B,國泰20年美債,23,0,23,永全-南崁,2024-01-08,6451
00919,群益台灣精選高息,23,0,23,永全-南崁,2024-01-08,6451
4956,光鋐,23,0,23,永全-南崁,2024-01-08,6451
0056,元大高股息,21,0,21,永全-南崁,2024-01-08,6451
2323,中環,20,0,20,永全-南崁,2024-01-08,6451
6147,頎邦,20,0,20,永全-南崁,2024-01-08,6451
3287,廣寰科,58,44,14,永全-南崁,2024-01-08,6451
2630,亞航,13,0,13,永全-南崁,2024-01-08,6451
2486,一詮,13,1,12,永全-南崁,2024-01-08,6451
6113,亞矽,12,0,12,永全-南崁,2024-01-08,6451
6684,安格,19,7,12,永全-南崁,2024-01-08,6451
2603,長榮,20,9,11,永全-南崁,2024-01-08,6451
00679B,元大美債20年,11,0,11,永全-南崁,2024-01-08,6451
1584,精剛,11,0,11,永全-南崁,2024-01-08,6451
2388,威盛,20,9,11,永全-南崁,2024-01-08,6451
1540,喬福,10,0,10,永全-南崁,2024-01-08,6451
1504,東元,10,0,10,永全-南崁,2024-01-08,6451
00881,國泰台灣5G+,10,0,10,永全-南崁,2024-01-08,6451
1612,宏泰,10,0,10,永全-南崁,2024-01-08,6451
1618,合機,10,0,10,永全-南崁,2024-01-08,6451
2611,志信,10,0,10,永全-南崁,2024-01-08,6451
3057,喬鼎,16,6,10,永全-南崁,2024-01-08,6451
4167,松瑞藥,10,0,10,永全-南崁,2024-01-08,6451
6216,居易,10,0,10,永全-南崁,2024-01-08,6451
8940,新天地,10,1,9,永全-南崁,2024-01-08,6451
3017,奇鋐,9,0,9,永全-南崁,2024-01-08,6451
2353,宏��,104,96,8,永全-南崁,2024-01-08,6451
8930,青鋼,8,0,8,永全-南崁,2024-01-08,6451
3481,群創,30,23,7,永全-南崁,2024-01-08,6451
2371,大同,7,0,7,永全-南崁,2024-01-08,6451
00937B,群益ESG投等債20,6,0,6,永全-南崁,2024-01-08,6451
6143,振曜,6,0,6,永全-南崁,2024-01-08,6451
6194,育富,6,0,6,永全-南崁,2024-01-08,6451
1503,士電,5,0,5,永全-南崁,2024-01-08,6451
0050,元大台灣50,5,0,5,永全-南崁,2024-01-08,6451
00655L,國泰中國A50正2,5,0,5,永全-南崁,2024-01-08,6451
00715L,期街口布蘭特正2,10,5,5,永全-南崁,2024-01-08,6451
2472,立隆電,5,0,5,永全-南崁,2024-01-08,6451
6016,康和證,200,0,200,永全-南崁,2024-01-09,6451
2609,陽明,107,8,99,永全-南崁,2024-01-09,6451
0056,元大高股息,79,0,79,永全-南崁,2024-01-09,6451
2897,王道銀行,75,0,75,永全-南崁,2024-01-09,6451
2324,仁寶,69,2,67,永全-南崁,2024-01-09,6451
6117,迎廣,75,8,67,永全-南崁,2024-01-09,6451
3078,僑威,67,1,66,永全-南崁,2024-01-09,6451
8261,富鼎,58,0,58,永全-南崁,2024-01-09,6451
00919,群益台灣精選高息,52,0,52,永全-南崁,2024-01-09,6451
3624,光頡,57,20,37,永全-南崁,2024-01-09,6451
00665L,富邦�琤肭磪囓�2,36,0,36,永全-南崁,2024-01-09,6451
6770,力積電,33,0,33,永全-南崁,2024-01-09,6451
3570,大塚,30,0,30,永全-南崁,2024-01-09,6451
6005,群益證,30,0,30,永全-南崁,2024-01-09,6451
00881,國泰台灣5G+,30,3,27,永全-南崁,2024-01-09,6451
3057,喬鼎,27,0,27,永全-南崁,2024-01-09,6451
4956,光鋐,61,36,25,永全-南崁,2024-01-09,6451
5490,同亨,21,0,21,永全-南崁,2024-01-09,6451
2323,中環,20,0,20,永全-南崁,2024-01-09,6451
2618,長榮航,32,12,20,永全-南崁,2024-01-09,6451
2317,鴻海,21,2,19,永全-南崁,2024-01-09,6451
2201,裕隆,20,2,18,永全-南崁,2024-01-09,6451
3060,銘異,30,12,18,永全-南崁,2024-01-09,6451
3481,群創,18,0,18,永全-南崁,2024-01-09,6451
6187,萬潤,20,2,18,永全-南崁,2024-01-09,6451
4961,天鈺,16,0,16,永全-南崁,2024-01-09,6451
0050,元大台灣50,15,0,15,永全-南崁,2024-01-09,6451
2615,萬海,16,1,15,永全-南崁,2024-01-09,6451
00929,復華台灣科技優息,14,0,14,永全-南崁,2024-01-09,6451
2882,國泰金,14,0,14,永全-南崁,2024-01-09,6451
8111,立��,18,4,14,永全-南崁,2024-01-09,6451
2605,新興,13,0,13,永全-南崁,2024-01-09,6451
1605,華新,12,0,12,永全-南崁,2024-01-09,6451
4909,新復興,48,36,12,永全-南崁,2024-01-09,6451
6120,達運,39,27,12,永全-南崁,2024-01-09,6451
2308,台達電,11,0,11,永全-南崁,2024-01-09,6451
3413,京鼎,11,0,11,永全-南崁,2024-01-09,6451
1342,八貫,10,0,10,永全-南崁,2024-01-09,6451
1540,喬福,10,0,10,永全-南崁,2024-01-09,6451
2354,鴻準,10,0,10,永全-南崁,2024-01-09,6451
2891,中信金,10,0,10,永全-南崁,2024-01-09,6451
4979,華星光,10,0,10,永全-南崁,2024-01-09,6451
6188,廣明,11,1,10,永全-南崁,2024-01-09,6451
6216,居易,10,0,10,永全-南崁,2024-01-09,6451
8112,至上,11,1,10,永全-南崁,2024-01-09,6451
1815,富喬,14,4,10,永全-南崁,2024-01-09,6451
2353,宏��,13,4,9,永全-南崁,2024-01-09,6451
2368,金像電,9,0,9,永全-南崁,2024-01-09,6451
6285,啟��,12,4,8,永全-南崁,2024-01-09,6451
2603,長榮,18,11,7,永全-南崁,2024-01-09,6451
00673R,期元大S＆P原油反1,100,0,100,永全-南崁,2024-01-10,6451
2618,長榮航,96,5,91,永全-南崁,2024-01-10,6451
00929,復華台灣科技優息,81,0,81,永全-南崁,2024-01-10,6451
2376,技嘉,61,0,61,永全-南崁,2024-01-10,6451
1714,和桐,52,0,52,永全-南崁,2024-01-10,6451
0056,元大高股息,46,0,46,永全-南崁,2024-01-10,6451
2201,裕隆,41,0,41,永全-南崁,2024-01-10,6451
2353,宏��,39,4,35,永全-南崁,2024-01-10,6451
6770,力積電,35,0,35,永全-南崁,2024-01-10,6451
3078,僑威,31,0,31,永全-南崁,2024-01-10,6451
3231,緯創,38,9,29,永全-南崁,2024-01-10,6451
00632R,元大台灣50反1,25,0,25,永全-南崁,2024-01-10,6451
2329,華泰,30,6,24,永全-南崁,2024-01-10,6451
3706,神達,30,6,24,永全-南崁,2024-01-10,6451
1609,大亞,21,0,21,永全-南崁,2024-01-10,6451
1326,台化,21,1,20,永全-南崁,2024-01-10,6451
2323,中環,20,0,20,永全-南崁,2024-01-10,6451
6026,福邦證,20,0,20,永全-南崁,2024-01-10,6451
2352,佳世達,18,0,18,永全-南崁,2024-01-10,6451
1605,華新,17,0,17,永全-南崁,2024-01-10,6451
2515,中工,12,0,12,永全-南崁,2024-01-10,6451
2356,英業達,23,11,12,永全-南崁,2024-01-10,6451
0050,元大台灣50,11,0,11,永全-南崁,2024-01-10,6451
2328,廣宇,11,0,11,永全-南崁,2024-01-10,6451
00687B,國泰20年美債,10,0,10,永全-南崁,2024-01-10,6451
00881,國泰台灣5G+,10,0,10,永全-南崁,2024-01-10,6451
2888,新光金,10,0,10,永全-南崁,2024-01-10,6451
3363,上詮,10,0,10,永全-南崁,2024-01-10,6451
3437,榮創,10,0,10,永全-南崁,2024-01-10,6451
4909,新復興,12,2,10,永全-南崁,2024-01-10,6451
6005,群益證,10,0,10,永全-南崁,2024-01-10,6451
6125,廣運,10,0,10,永全-南崁,2024-01-10,6451
9907,統一實,10,0,10,永全-南崁,2024-01-10,6451
2543,皇昌,76,67,9,永全-南崁,2024-01-10,6451
4956,光鋐,37,28,9,永全-南崁,2024-01-10,6451
2514,龍邦,8,0,8,永全-南崁,2024-01-10,6451
2303,聯電,10,3,7,永全-南崁,2024-01-10,6451
2883,凱基金,10,3,7,永全-南崁,2024-01-10,6451
6139,亞翔,9,2,7,永全-南崁,2024-01-10,6451
6143,振曜,7,0,7,永全-南崁,2024-01-10,6451
00919,群益台灣精選高息,8,2,6,永全-南崁,2024-01-10,6451
2301,光寶科,6,0,6,永全-南崁,2024-01-10,6451
00927,群益半導體收益,6,0,6,永全-南崁,2024-01-10,6451
1612,宏泰,11,5,6,永全-南崁,2024-01-10,6451
2885,元大金,6,0,6,永全-南崁,2024-01-10,6451
00878,國泰永續高股息,6,0,6,永全-南崁,2024-01-10,6451
00918,大華優利高填息30,5,0,5,永全-南崁,2024-01-10,6451
1108,幸福,5,0,5,永全-南崁,2024-01-10,6451
2317,鴻海,6,1,5,永全-南崁,2024-01-10,6451
2408,南亞科,5,0,5,永全-南崁,2024-01-10,6451
2498,宏達電,702,2,700,永全-南崁,2024-01-11,6451
2618,長榮航,79,8,71,永全-南崁,2024-01-11,6451
0056,元大高股息,58,0,58,永全-南崁,2024-01-11,6451
6116,彩晶,57,0,57,永全-南崁,2024-01-11,6451
00919,群益台灣精選高息,52,0,52,永全-南崁,2024-01-11,6451
2897,王道銀行,55,3,52,永全-南崁,2024-01-11,6451
3706,神達,39,3,36,永全-南崁,2024-01-11,6451
2002,中鋼,46,12,34,永全-南崁,2024-01-11,6451
3264,欣銓,32,0,32,永全-南崁,2024-01-11,6451
2609,陽明,65,35,30,永全-南崁,2024-01-11,6451
8034,榮群,31,5,26,永全-南崁,2024-01-11,6451
2243,宏旭-KY,60,35,25,永全-南崁,2024-01-11,6451
6120,達運,62,38,24,永全-南崁,2024-01-11,6451
2356,英業達,42,20,22,永全-南崁,2024-01-11,6451
00929,復華台灣科技優息,22,1,21,永全-南崁,2024-01-11,6451
2888,新光金,30,10,20,永全-南崁,2024-01-11,6451
2606,裕民,17,0,17,永全-南崁,2024-01-11,6451
1326,台化,15,0,15,永全-南崁,2024-01-11,6451
2344,華邦電,15,0,15,永全-南崁,2024-01-11,6451
8089,康全電訊,15,0,15,永全-南崁,2024-01-11,6451
2408,南亞科,15,2,13,永全-南崁,2024-01-11,6451
2388,威盛,15,4,11,永全-南崁,2024-01-11,6451
6695,芯鼎,40,29,11,永全-南崁,2024-01-11,6451
1524,耿鼎,10,0,10,永全-南崁,2024-01-11,6451
00931B,統一美債20年,10,0,10,永全-南崁,2024-01-11,6451
2313,華通,11,1,10,永全-南崁,2024-01-11,6451
2882,國泰金,10,0,10,永全-南崁,2024-01-11,6451
3570,大塚,24,14,10,永全-南崁,2024-01-11,6451
5348,正能量智能,10,0,10,永全-南崁,2024-01-11,6451
5351,鈺創,10,0,10,永全-南崁,2024-01-11,6451
6139,亞翔,9,0,9,永全-南崁,2024-01-11,6451
0050,元大台灣50,7,0,7,永全-南崁,2024-01-11,6451
1618,合機,7,0,7,永全-南崁,2024-01-11,6451
3325,旭品,8,1,7,永全-南崁,2024-01-11,6451
6770,力積電,7,0,7,永全-南崁,2024-01-11,6451
1810,和成,6,0,6,永全-南崁,2024-01-11,6451
00878,國泰永續高股息,6,0,6,永全-南崁,2024-01-11,6451
2417,圓剛,5,0,5,永全-南崁,2024-01-11,6451
2426,鼎元,5,0,5,永全-南崁,2024-01-11,6451
2605,新興,5,0,5,永全-南崁,2024-01-11,6451
2816,旺旺保,5,0,5,永全-南崁,2024-01-11,6451
3363,上詮,5,0,5,永全-南崁,2024-01-11,6451
3390,旭軟,5,0,5,永全-南崁,2024-01-11,6451
8086,宏捷科,6,1,5,永全-南崁,2024-01-11,6451
00679B,元大美債20年,4,0,4,永全-南崁,2024-01-11,6451
2208,台船,5,1,4,永全-南崁,2024-01-11,6451
2317,鴻海,24,20,4,永全-南崁,2024-01-11,6451
2634,漢翔,9,5,4,永全-南崁,2024-01-11,6451
3521,鴻翊,4,0,4,永全-南崁,2024-01-11,6451
4979,華星光,4,0,4,永全-南崁,2024-01-11,6451
00673R,期元大S＆P原油反1,200,0,200,永全-南崁,2024-01-12,6451
2356,英業達,106,11,95,永全-南崁,2024-01-12,6451
2530,華建,90,0,90,永全-南崁,2024-01-12,6451
00929,復華台灣科技優息,75,0,75,永全-南崁,2024-01-12,6451
00934,中信成長高股息,52,0,52,永全-南崁,2024-01-12,6451
2897,王道銀行,50,0,50,永全-南崁,2024-01-12,6451
0056,元大高股息,47,1,46,永全-南崁,2024-01-12,6451
1447,力鵬,30,0,30,永全-南崁,2024-01-12,6451
8096,擎亞,80,56,24,永全-南崁,2024-01-12,6451
2636,台驊控股,20,2,18,永全-南崁,2024-01-12,6451
2423,固緯,16,0,16,永全-南崁,2024-01-12,6451
2637,慧洋-KY,15,0,15,永全-南崁,2024-01-12,6451
2882,國泰金,15,0,15,永全-南崁,2024-01-12,6451
2355,敬鵬,14,0,14,永全-南崁,2024-01-12,6451
2358,廷鑫,14,0,14,永全-南崁,2024-01-12,6451
1708,東鹼,12,0,12,永全-南崁,2024-01-12,6451
2208,台船,12,0,12,永全-南崁,2024-01-12,6451
2892,第一金,12,0,12,永全-南崁,2024-01-12,6451
3481,群創,12,0,12,永全-南崁,2024-01-12,6451
2615,萬海,11,0,11,永全-南崁,2024-01-12,6451
2303,聯電,13,3,10,永全-南崁,2024-01-12,6451
1466,聚隆,10,0,10,永全-南崁,2024-01-12,6451
00881,國泰台灣5G+,10,0,10,永全-南崁,2024-01-12,6451
2329,華泰,14,4,10,永全-南崁,2024-01-12,6451
2427,三商電,10,0,10,永全-南崁,2024-01-12,6451
3163,波若威,10,0,10,永全-南崁,2024-01-12,6451
3694,海華,10,0,10,永全-南崁,2024-01-12,6451
4167,松瑞藥,10,0,10,永全-南崁,2024-01-12,6451
6127,九豪,10,0,10,永全-南崁,2024-01-12,6451
6757,台灣虎航,10,0,10,永全-南崁,2024-01-12,6451
8105,凌巨,10,0,10,永全-南崁,2024-01-12,6451
2883,凱基金,9,0,9,永全-南崁,2024-01-12,6451
5426,振發,23,14,9,永全-南崁,2024-01-12,6451
8088,品安,9,0,9,永全-南崁,2024-01-12,6451
3049,精金,8,0,8,永全-南崁,2024-01-12,6451
5471,松翰,8,0,8,永全-南崁,2024-01-12,6451
00770,國泰北美科技,7,0,7,永全-南崁,2024-01-12,6451
2108,南帝,7,0,7,永全-南崁,2024-01-12,6451
8201,無敵,7,0,7,永全-南崁,2024-01-12,6451
2891,中信金,16,10,6,永全-南崁,2024-01-12,6451
2607,榮運,6,0,6,永全-南崁,2024-01-12,6451
5347,世界,8,2,6,永全-南崁,2024-01-12,6451
8086,宏捷科,6,0,6,永全-南崁,2024-01-12,6451
0050,元大台灣50,6,1,5,永全-南崁,2024-01-12,6451
1471,首利,5,0,5,永全-南崁,2024-01-12,6451
1524,耿鼎,5,0,5,永全-南崁,2024-01-12,6451
00936,台新永續高息中小,5,0,5,永全-南崁,2024-01-12,6451
2230,泰茂,5,0,5,永全-南崁,2024-01-12,6451
2409,友達,5,0,5,永全-南崁,2024-01-12,6451
2605,新興,5,0,5,永全-南崁,2024-01-12,6451
9105,泰金寶-DR,500,37,463,永全-南崁,2024-01-15,6451
0056,元大高股息,83,0,83,永全-南崁,2024-01-15,6451
2618,長榮航,81,0,81,永全-南崁,2024-01-15,6451
2897,王道銀行,68,0,68,永全-南崁,2024-01-15,6451
8227,巨有科技,60,0,60,永全-南崁,2024-01-15,6451
00929,復華台灣科技優息,60,5,55,永全-南崁,2024-01-15,6451
2883,凱基金,54,0,54,永全-南崁,2024-01-15,6451
00878,國泰永續高股息,50,0,50,永全-南崁,2024-01-15,6451
6016,康和證,50,0,50,永全-南崁,2024-01-15,6451
2888,新光金,40,0,40,永全-南崁,2024-01-15,6451
3622,洋華,40,0,40,永全-南崁,2024-01-15,6451
00881,國泰台灣5G+,53,20,33,永全-南崁,2024-01-15,6451
8930,青鋼,30,0,30,永全-南崁,2024-01-15,6451
3390,旭軟,27,0,27,永全-南崁,2024-01-15,6451
2634,漢翔,28,2,26,永全-南崁,2024-01-15,6451
2610,華航,24,0,24,永全-南崁,2024-01-15,6451
4529,淳紳,25,2,23,永全-南崁,2024-01-15,6451
00665L,富邦�琤肭磪囓�2,21,0,21,永全-南崁,2024-01-15,6451
3623,富晶通,20,0,20,永全-南崁,2024-01-15,6451
6425,易發,20,0,20,永全-南崁,2024-01-15,6451
00937B,群益ESG投等債20,18,0,18,永全-南崁,2024-01-15,6451
00687B,國泰20年美債,20,2,18,永全-南崁,2024-01-15,6451
2356,英業達,18,0,18,永全-南崁,2024-01-15,6451
6191,精成科,18,0,18,永全-南崁,2024-01-15,6451
6207,雷科,17,0,17,永全-南崁,2024-01-15,6451
6218,豪勉,70,53,17,永全-南崁,2024-01-15,6451
5314,世紀,16,0,16,永全-南崁,2024-01-15,6451
2449,京元電子,15,0,15,永全-南崁,2024-01-15,6451
2303,聯電,14,0,14,永全-南崁,2024-01-15,6451
2362,藍天,13,0,13,永全-南崁,2024-01-15,6451
6179,亞通,20,7,13,永全-南崁,2024-01-15,6451
00679B,元大美債20年,12,0,12,永全-南崁,2024-01-15,6451
2353,宏��,25,13,12,永全-南崁,2024-01-15,6451
3570,大塚,19,7,12,永全-南崁,2024-01-15,6451
6243,迅杰,22,10,12,永全-南崁,2024-01-15,6451
1815,富喬,12,1,11,永全-南崁,2024-01-15,6451
2344,華邦電,21,10,11,永全-南崁,2024-01-15,6451
5880,合庫金,11,0,11,永全-南崁,2024-01-15,6451
6443,元晶,10,0,10,永全-南崁,2024-01-15,6451
2014,中鴻,10,0,10,永全-南崁,2024-01-15,6451
2425,承啟,10,0,10,永全-南崁,2024-01-15,6451
2515,中工,10,0,10,永全-南崁,2024-01-15,6451
2630,亞航,11,1,10,永全-南崁,2024-01-15,6451
2880,華南金,10,0,10,永全-南崁,2024-01-15,6451
3059,華晶科,10,0,10,永全-南崁,2024-01-15,6451
3232,昱捷,750,740,10,永全-南崁,2024-01-15,6451
5210,寶碩,10,0,10,永全-南崁,2024-01-15,6451
6120,達運,17,7,10,永全-南崁,2024-01-15,6451
6140,訊達,10,0,10,永全-南崁,2024-01-15,6451
00770,國泰北美科技,8,0,8,永全-南崁,2024-01-15,6451
1714,和桐,210,0,210,永全-南崁,2024-01-16,6451
0056,元大高股息,116,0,116,永全-南崁,2024-01-16,6451
00919,群益台灣精選高息,53,1,52,永全-南崁,2024-01-16,6451
1447,力鵬,50,0,50,永全-南崁,2024-01-16,6451
2897,王道銀行,50,0,50,永全-南崁,2024-01-16,6451
6016,康和證,50,0,50,永全-南崁,2024-01-16,6451
2353,宏��,44,4,40,永全-南崁,2024-01-16,6451
00929,復華台灣科技優息,39,4,35,永全-南崁,2024-01-16,6451
1524,耿鼎,30,0,30,永全-南崁,2024-01-16,6451
6218,豪勉,30,0,30,永全-南崁,2024-01-16,6451
3060,銘異,28,0,28,永全-南崁,2024-01-16,6451
4746,台耀,29,1,28,永全-南崁,2024-01-16,6451
1609,大亞,36,9,27,永全-南崁,2024-01-16,6451
2530,華建,23,0,23,永全-南崁,2024-01-16,6451
2834,臺企銀,21,0,21,永全-南崁,2024-01-16,6451
2421,建準,21,0,21,永全-南崁,2024-01-16,6451
2887,台新金,21,0,21,永全-南崁,2024-01-16,6451
1305,華夏,20,0,20,永全-南崁,2024-01-16,6451
1731,美吾華,20,0,20,永全-南崁,2024-01-16,6451
6005,群益證,20,0,20,永全-南崁,2024-01-16,6451
8440,綠電,20,0,20,永全-南崁,2024-01-16,6451
5351,鈺創,29,10,19,永全-南崁,2024-01-16,6451
6698,旭暉應材,21,2,19,永全-南崁,2024-01-16,6451
8096,擎亞,51,32,19,永全-南崁,2024-01-16,6451
2603,長榮,24,6,18,永全-南崁,2024-01-16,6451
0050,元大台灣50,15,0,15,永全-南崁,2024-01-16,6451
00770,國泰北美科技,22,8,14,永全-南崁,2024-01-16,6451
1616,億泰,14,0,14,永全-南崁,2024-01-16,6451
2801,彰銀,14,0,14,永全-南崁,2024-01-16,6451
1605,華新,33,20,13,永全-南崁,2024-01-16,6451
2201,裕隆,20,7,13,永全-南崁,2024-01-16,6451
2610,華航,18,5,13,永全-南崁,2024-01-16,6451
2618,長榮航,73,61,12,永全-南崁,2024-01-16,6451
00927,群益半導體收益,11,0,11,永全-南崁,2024-01-16,6451
2881,富邦金,11,0,11,永全-南崁,2024-01-16,6451
2890,永豐金,11,0,11,永全-南崁,2024-01-16,6451
3006,晶豪科,11,0,11,永全-南崁,2024-01-16,6451
3264,欣銓,11,0,11,永全-南崁,2024-01-16,6451
00878,國泰永續高股息,10,0,10,永全-南崁,2024-01-16,6451
00725B,國泰投資級公司債,10,0,10,永全-南崁,2024-01-16,6451
1301,台塑,10,0,10,永全-南崁,2024-01-16,6451
2303,聯電,30,20,10,永全-南崁,2024-01-16,6451
2867,三商壽,10,0,10,永全-南崁,2024-01-16,6451
2882,國泰金,10,0,10,永全-南崁,2024-01-16,6451
3484,崧騰,10,0,10,永全-南崁,2024-01-16,6451
6757,台灣虎航,10,0,10,永全-南崁,2024-01-16,6451
8358,金居,10,0,10,永全-南崁,2024-01-16,6451
9921,巨大,10,0,10,永全-南崁,2024-01-16,6451
6684,安格,13,4,9,永全-南崁,2024-01-16,6451
1503,士電,8,0,8,永全-南崁,2024-01-16,6451
00929,復華台灣科技優息,94,0,94,永全-南崁,2024-01-17,6451
0056,元大高股息,92,0,92,永全-南崁,2024-01-17,6451
3481,群創,104,25,79,永全-南崁,2024-01-17,6451
2371,大同,75,3,72,永全-南崁,2024-01-17,6451
00665L,富邦�琤肭磪囓�2,60,0,60,永全-南崁,2024-01-17,6451
1444,力麗,50,0,50,永全-南崁,2024-01-17,6451
3033,威健,50,4,46,永全-南崁,2024-01-17,6451
2492,華新科,41,9,32,永全-南崁,2024-01-17,6451
3706,神達,33,3,30,永全-南崁,2024-01-17,6451
00919,群益台灣精選高息,29,0,29,永全-南崁,2024-01-17,6451
3006,晶豪科,29,0,29,永全-南崁,2024-01-17,6451
6139,亞翔,28,0,28,永全-南崁,2024-01-17,6451
0050,元大台灣50,27,0,27,永全-南崁,2024-01-17,6451
3231,緯創,55,29,26,永全-南崁,2024-01-17,6451
2886,兆豐金,25,0,25,永全-南崁,2024-01-17,6451
2344,華邦電,23,0,23,永全-南崁,2024-01-17,6451
1528,恩德,25,4,21,永全-南崁,2024-01-17,6451
2323,中環,21,0,21,永全-南崁,2024-01-17,6451
5488,松普,20,0,20,永全-南崁,2024-01-17,6451
6443,元晶,20,0,20,永全-南崁,2024-01-17,6451
6770,力積電,20,0,20,永全-南崁,2024-01-17,6451
6196,帆宣,20,2,18,永全-南崁,2024-01-17,6451
00882,中信中國高股息,17,0,17,永全-南崁,2024-01-17,6451
2801,彰銀,17,0,17,永全-南崁,2024-01-17,6451
2609,陽明,20,4,16,永全-南崁,2024-01-17,6451
2887,台新金,16,0,16,永全-南崁,2024-01-17,6451
1605,華新,25,10,15,永全-南崁,2024-01-17,6451
2377,微星,15,0,15,永全-南崁,2024-01-17,6451
00679B,元大美債20年,14,0,14,永全-南崁,2024-01-17,6451
2317,鴻海,13,0,13,永全-南崁,2024-01-17,6451
00687B,國泰20年美債,12,0,12,永全-南崁,2024-01-17,6451
2408,南亞科,12,0,12,永全-南崁,2024-01-17,6451
5426,振發,39,27,12,永全-南崁,2024-01-17,6451
6186,新潤,12,0,12,永全-南崁,2024-01-17,6451
6472,保瑞,13,1,12,永全-南崁,2024-01-17,6451
2834,臺企銀,11,0,11,永全-南崁,2024-01-17,6451
6276,安鈦克,21,10,11,永全-南崁,2024-01-17,6451
6789,采鈺,12,1,11,永全-南崁,2024-01-17,6451
2356,英業達,14,4,10,永全-南崁,2024-01-17,6451
00878,國泰永續高股息,10,0,10,永全-南崁,2024-01-17,6451
1736,喬山,10,0,10,永全-南崁,2024-01-17,6451
2014,中鴻,10,0,10,永全-南崁,2024-01-17,6451
3016,嘉晶,10,0,10,永全-南崁,2024-01-17,6451
3060,銘異,10,0,10,永全-南崁,2024-01-17,6451
6163,華電網,10,0,10,永全-南崁,2024-01-17,6451
2603,長榮,25,15,10,永全-南崁,2024-01-17,6451
2235,謚源,9,0,9,永全-南崁,2024-01-17,6451
6216,居易,9,0,9,永全-南崁,2024-01-17,6451
2303,聯電,33,24,9,永全-南崁,2024-01-17,6451
2486,一詮,12,4,8,永全-南崁,2024-01-17,6451
00673R,期元大S＆P原油反1,100,0,100,永全-南崁,2024-01-18,6451
0056,元大高股息,79,0,79,永全-南崁,2024-01-18,6451
4960,誠美材,97,20,77,永全-南崁,2024-01-18,6451
1326,台化,60,0,60,永全-南崁,2024-01-18,6451
3060,銘異,58,0,58,永全-南崁,2024-01-18,6451
1528,恩德,43,0,43,永全-南崁,2024-01-18,6451
00929,復華台灣科技優息,35,2,33,永全-南崁,2024-01-18,6451
1101,台泥,32,2,30,永全-南崁,2024-01-18,6451
2801,彰銀,26,2,24,永全-南崁,2024-01-18,6451
00919,群益台灣精選高息,22,0,22,永全-南崁,2024-01-18,6451
3622,洋華,33,12,21,永全-南崁,2024-01-18,6451
6668,中揚光,21,0,21,永全-南崁,2024-01-18,6451
3321,同泰,20,0,20,永全-南崁,2024-01-18,6451
3570,大塚,20,0,20,永全-南崁,2024-01-18,6451
00882,中信中國高股息,20,1,19,永全-南崁,2024-01-18,6451
2368,金像電,18,0,18,永全-南崁,2024-01-18,6451
1303,南亞,16,0,16,永全-南崁,2024-01-18,6451
5351,鈺創,16,0,16,永全-南崁,2024-01-18,6451
1524,耿鼎,15,0,15,永全-南崁,2024-01-18,6451
3607,谷崧,15,0,15,永全-南崁,2024-01-18,6451
4979,華星光,17,2,15,永全-南崁,2024-01-18,6451
00631L,元大台灣50正2,14,0,14,永全-南崁,2024-01-18,6451
00878,國泰永續高股息,13,0,13,永全-南崁,2024-01-18,6451
2887,台新金,12,0,12,永全-南崁,2024-01-18,6451
3483,力致,12,0,12,永全-南崁,2024-01-18,6451
9958,世紀鋼,12,0,12,永全-南崁,2024-01-18,6451
2485,兆赫,11,0,11,永全-南崁,2024-01-18,6451
2002,中鋼,10,0,10,永全-南崁,2024-01-18,6451
1708,東鹼,10,0,10,永全-南崁,2024-01-18,6451
00712,復華富時不動產,10,0,10,永全-南崁,2024-01-18,6451
2329,華泰,11,1,10,永全-南崁,2024-01-18,6451
2461,光群雷,10,0,10,永全-南崁,2024-01-18,6451
2481,強茂,10,0,10,永全-南崁,2024-01-18,6451
2633,台灣高鐵,10,0,10,永全-南崁,2024-01-18,6451
2636,台驊控股,10,0,10,永全-南崁,2024-01-18,6451
3163,波若威,10,0,10,永全-南崁,2024-01-18,6451
4909,新復興,15,5,10,永全-南崁,2024-01-18,6451
6188,廣明,10,0,10,永全-南崁,2024-01-18,6451
6285,啟��,10,0,10,永全-南崁,2024-01-18,6451
8112,至上,10,0,10,永全-南崁,2024-01-18,6451
00751B,元大AAA至A公司債,9,0,9,永全-南崁,2024-01-18,6451
00679B,元大美債20年,8,0,8,永全-南崁,2024-01-18,6451
2362,藍天,10,2,8,永全-南崁,2024-01-18,6451
5328,華容,12,4,8,永全-南崁,2024-01-18,6451
5426,振發,65,57,8,永全-南崁,2024-01-18,6451
8096,擎亞,16,9,7,永全-南崁,2024-01-18,6451
2409,友達,10,3,7,永全-南崁,2024-01-18,6451
2883,凱基金,7,0,7,永全-南崁,2024-01-18,6451
0050,元大台灣50,7,0,7,永全-南崁,2024-01-18,6451
1301,台塑,6,0,6,永全-南崁,2024-01-18,6451
00632R,元大台灣50反1,420,0,420,永全-南崁,2024-01-19,6451
00665L,富邦�琤肭磪囓�2,125,0,125,永全-南崁,2024-01-19,6451
00673R,期元大S＆P原油反1,100,0,100,永全-南崁,2024-01-19,6451
2884,玉山金,80,0,80,永全-南崁,2024-01-19,6451
3490,單井,106,30,76,永全-南崁,2024-01-19,6451
3481,群創,140,79,61,永全-南崁,2024-01-19,6451
00882,中信中國高股息,54,0,54,永全-南崁,2024-01-19,6451
2905,三商,50,0,50,永全-南崁,2024-01-19,6451
6239,力成,50,0,50,永全-南崁,2024-01-19,6451
00937B,群益ESG投等債20,41,0,41,永全-南崁,2024-01-19,6451
00929,復華台灣科技優息,36,0,36,永全-南崁,2024-01-19,6451
6285,啟��,36,1,35,永全-南崁,2024-01-19,6451
2892,第一金,30,0,30,永全-南崁,2024-01-19,6451
2887,台新金,31,4,27,永全-南崁,2024-01-19,6451
2609,陽明,29,4,25,永全-南崁,2024-01-19,6451
2637,慧洋-KY,26,2,24,永全-南崁,2024-01-19,6451
3287,廣寰科,22,0,22,永全-南崁,2024-01-19,6451
1515,力山,20,0,20,永全-南崁,2024-01-19,6451
2365,昆盈,22,3,19,永全-南崁,2024-01-19,6451
6196,帆宣,20,1,19,永全-南崁,2024-01-19,6451
2618,長榮航,23,5,18,永全-南崁,2024-01-19,6451
00720B,元大投資級公司債,17,0,17,永全-南崁,2024-01-19,6451
6104,創惟,17,1,16,永全-南崁,2024-01-19,6451
8040,九暘,26,10,16,永全-南崁,2024-01-19,6451
00679B,元大美債20年,15,0,15,永全-南崁,2024-01-19,6451
6188,廣明,16,1,15,永全-南崁,2024-01-19,6451
6443,元晶,15,0,15,永全-南崁,2024-01-19,6451
2313,華通,16,3,13,永全-南崁,2024-01-19,6451
2324,仁寶,21,8,13,永全-南崁,2024-01-19,6451
5488,松普,13,0,13,永全-南崁,2024-01-19,6451
0056,元大高股息,13,1,12,永全-南崁,2024-01-19,6451
3623,富晶通,15,3,12,永全-南崁,2024-01-19,6451
2634,漢翔,11,0,11,永全-南崁,2024-01-19,6451
00919,群益台灣精選高息,10,0,10,永全-南崁,2024-01-19,6451
00933B,國泰10Y+金融債,10,0,10,永全-南崁,2024-01-19,6451
00911,兆豐洲際半導體,10,0,10,永全-南崁,2024-01-19,6451
2105,正新,10,0,10,永全-南崁,2024-01-19,6451
2530,華建,10,0,10,永全-南崁,2024-01-19,6451
2885,元大金,10,0,10,永全-南崁,2024-01-19,6451
3306,鼎天,10,0,10,永全-南崁,2024-01-19,6451
6155,鈞寶,10,0,10,永全-南崁,2024-01-19,6451
6163,華電網,10,0,10,永全-南崁,2024-01-19,6451
8201,無敵,10,0,10,永全-南崁,2024-01-19,6451
2515,中工,9,0,9,永全-南崁,2024-01-19,6451
2002,中鋼,7,0,7,永全-南崁,2024-01-19,6451
00637L,元大滬深300正2,10,3,7,永全-南崁,2024-01-19,6451
2357,華碩,7,0,7,永全-南崁,2024-01-19,6451
2419,仲琦,7,0,7,永全-南崁,2024-01-19,6451
2603,長榮,11,4,7,永全-南崁,2024-01-19,6451
2888,新光金,6,0,6,永全-南崁,2024-01-19,6451
00632R,元大台灣50反1,550,0,550,永全-南崁,2024-01-22,6451
00665L,富邦�琤肭磪囓�2,188,0,188,永全-南崁,2024-01-22,6451
2363,矽統,70,8,62,永全-南崁,2024-01-22,6451
1605,華新,61,0,61,永全-南崁,2024-01-22,6451
00637L,元大滬深300正2,60,0,60,永全-南崁,2024-01-22,6451
6139,亞翔,40,1,39,永全-南崁,2024-01-22,6451
2353,宏��,37,5,32,永全-南崁,2024-01-22,6451
00929,復華台灣科技優息,46,15,31,永全-南崁,2024-01-22,6451
00753L,中信中國50正2,30,0,30,永全-南崁,2024-01-22,6451
00882,中信中國高股息,22,0,22,永全-南崁,2024-01-22,6451
3217,優群,22,1,21,永全-南崁,2024-01-22,6451
1305,華夏,20,0,20,永全-南崁,2024-01-22,6451
5398,慕康生醫,20,0,20,永全-南崁,2024-01-22,6451
6164,華興,20,1,19,永全-南崁,2024-01-22,6451
2344,華邦電,17,0,17,永全-南崁,2024-01-22,6451
3339,泰谷,17,0,17,永全-南崁,2024-01-22,6451
3570,大塚,27,10,17,永全-南崁,2024-01-22,6451
2002,中鋼,16,0,16,永全-南崁,2024-01-22,6451
2492,華新科,20,4,16,永全-南崁,2024-01-22,6451
2610,華航,16,0,16,永全-南崁,2024-01-22,6451
2308,台達電,16,1,15,永全-南崁,2024-01-22,6451
2417,圓剛,15,0,15,永全-南崁,2024-01-22,6451
3483,力致,33,18,15,永全-南崁,2024-01-22,6451
3706,神達,35,20,15,永全-南崁,2024-01-22,6451
2634,漢翔,16,2,14,永全-南崁,2024-01-22,6451
2603,長榮,14,2,12,永全-南崁,2024-01-22,6451
2301,光寶科,10,0,10,永全-南崁,2024-01-22,6451
2317,鴻海,11,1,10,永全-南崁,2024-01-22,6451
3490,單井,10,0,10,永全-南崁,2024-01-22,6451
6124,業強,10,0,10,永全-南崁,2024-01-22,6451
2377,微星,9,0,9,永全-南崁,2024-01-22,6451
6190,萬泰科,8,0,8,永全-南崁,2024-01-22,6451
8086,宏捷科,10,2,8,永全-南崁,2024-01-22,6451
1471,首利,7,0,7,永全-南崁,2024-01-22,6451
6188,廣明,11,4,7,永全-南崁,2024-01-22,6451
6233,旺玖,13,6,7,永全-南崁,2024-01-22,6451
2486,一詮,6,0,6,永全-南崁,2024-01-22,6451
3033,威健,6,0,6,永全-南崁,2024-01-22,6451
3189,景碩,6,0,6,永全-南崁,2024-01-22,6451
6243,迅杰,10,4,6,永全-南崁,2024-01-22,6451
6274,台燿,34,28,6,永全-南崁,2024-01-22,6451
00646,元大S＆P500,5,0,5,永全-南崁,2024-01-22,6451
00907,永豐優息存股,5,0,5,永全-南崁,2024-01-22,6451
00904,新光臺灣半導體30,5,0,5,永全-南崁,2024-01-22,6451
1795,美時,5,0,5,永全-南崁,2024-01-22,6451
2314,台揚,5,0,5,永全-南崁,2024-01-22,6451
2316,楠梓電,5,0,5,永全-南崁,2024-01-22,6451
3013,晟銘電,5,0,5,永全-南崁,2024-01-22,6451
3169,亞信,5,0,5,永全-南崁,2024-01-22,6451
3380,明泰,6,1,5,永全-南崁,2024-01-22,6451
00673R,期元大S＆P原油反1,200,0,200,永全-南崁,2024-01-23,6451
00632R,元大台灣50反1,100,0,100,永全-南崁,2024-01-23,6451
2537,聯上發,100,0,100,永全-南崁,2024-01-23,6451
3708,上緯投控,100,0,100,永全-南崁,2024-01-23,6451
00937B,群益ESG投等債20,43,0,43,永全-南崁,2024-01-23,6451
3545,敦泰,66,26,40,永全-南崁,2024-01-23,6451
2812,台中銀,30,0,30,永全-南崁,2024-01-23,6451
6276,安鈦克,32,2,30,永全-南崁,2024-01-23,6451
6218,豪勉,27,1,26,永全-南崁,2024-01-23,6451
00646,元大S＆P500,25,0,25,永全-南崁,2024-01-23,6451
2329,華泰,43,18,25,永全-南崁,2024-01-23,6451
4960,誠美材,37,12,25,永全-南崁,2024-01-23,6451
00637L,元大滬深300正2,24,2,22,永全-南崁,2024-01-23,6451
2363,矽統,23,2,21,永全-南崁,2024-01-23,6451
4746,台耀,20,0,20,永全-南崁,2024-01-23,6451
6698,旭暉應材,23,4,19,永全-南崁,2024-01-23,6451
3615,安可,32,14,18,永全-南崁,2024-01-23,6451
5351,鈺創,19,3,16,永全-南崁,2024-01-23,6451
6443,元晶,15,0,15,永全-南崁,2024-01-23,6451
8069,元太,15,0,15,永全-南崁,2024-01-23,6451
2204,中華,11,0,11,永全-南崁,2024-01-23,6451
00919,群益台灣精選高息,13,3,10,永全-南崁,2024-01-23,6451
1339,昭輝,10,0,10,永全-南崁,2024-01-23,6451
2208,台船,11,1,10,永全-南崁,2024-01-23,6451
3570,大塚,22,12,10,永全-南崁,2024-01-23,6451
3607,谷崧,12,2,10,永全-南崁,2024-01-23,6451
8011,台通,10,0,10,永全-南崁,2024-01-23,6451
5426,振發,16,7,9,永全-南崁,2024-01-23,6451
2609,陽明,11,3,8,永全-南崁,2024-01-23,6451
6188,廣明,8,0,8,永全-南崁,2024-01-23,6451
2353,宏��,13,6,7,永全-南崁,2024-01-23,6451
6125,廣運,7,0,7,永全-南崁,2024-01-23,6451
1301,台塑,6,0,6,永全-南崁,2024-01-23,6451
4123,晟德,6,0,6,永全-南崁,2024-01-23,6451
1504,東元,5,0,5,永全-南崁,2024-01-23,6451
1304,台聚,5,0,5,永全-南崁,2024-01-23,6451
1536,和大,5,0,5,永全-南崁,2024-01-23,6451
2316,楠梓電,5,0,5,永全-南崁,2024-01-23,6451
2331,精英,5,0,5,永全-南崁,2024-01-23,6451
3029,零壹,5,0,5,永全-南崁,2024-01-23,6451
3163,波若威,5,0,5,永全-南崁,2024-01-23,6451
3520,華盈,7,2,5,永全-南崁,2024-01-23,6451
3652,精聯,5,0,5,永全-南崁,2024-01-23,6451
4563,百德,5,0,5,永全-南崁,2024-01-23,6451
6133,金橋,5,0,5,永全-南崁,2024-01-23,6451
6141,柏承,5,0,5,永全-南崁,2024-01-23,6451
6147,頎邦,6,1,5,永全-南崁,2024-01-23,6451
6237,驊訊,14,9,5,永全-南崁,2024-01-23,6451
8054,安國,13,8,5,永全-南崁,2024-01-23,6451
2002,中鋼,5,0,5,永全-南崁,2024-01-23,6451
2867,三商壽,200,0,200,永全-南崁,2024-01-24,6451
5443,均豪,130,0,130,永全-南崁,2024-01-24,6451
2457,飛宏,50,2,48,永全-南崁,2024-01-24,6451
3443,創意,43,0,43,永全-南崁,2024-01-24,6451
2891,中信金,42,0,42,永全-南崁,2024-01-24,6451
00650L,復華香港正2,40,0,40,永全-南崁,2024-01-24,6451
2344,華邦電,33,1,32,永全-南崁,2024-01-24,6451
6218,豪勉,31,0,31,永全-南崁,2024-01-24,6451
8050,廣積,31,0,31,永全-南崁,2024-01-24,6451
00637L,元大滬深300正2,132,102,30,永全-南崁,2024-01-24,6451
6167,久正,30,0,30,永全-南崁,2024-01-24,6451
2308,台達電,28,2,26,永全-南崁,2024-01-24,6451
2618,長榮航,30,6,24,永全-南崁,2024-01-24,6451
5351,鈺創,22,0,22,永全-南崁,2024-01-24,6451
00753L,中信中國50正2,20,0,20,永全-南崁,2024-01-24,6451
3622,洋華,24,5,19,永全-南崁,2024-01-24,6451
6546,正基,19,0,19,永全-南崁,2024-01-24,6451
3490,單井,28,10,18,永全-南崁,2024-01-24,6451
1528,恩德,15,0,15,永全-南崁,2024-01-24,6451
3047,訊舟,22,9,13,永全-南崁,2024-01-24,6451
00679B,元大美債20年,13,1,12,永全-南崁,2024-01-24,6451
2353,宏��,29,17,12,永全-南崁,2024-01-24,6451
2409,友達,17,6,11,永全-南崁,2024-01-24,6451
00882,中信中國高股息,10,0,10,永全-南崁,2024-01-24,6451
00937B,群益ESG投等債20,30,20,10,永全-南崁,2024-01-24,6451
00646,元大S＆P500,10,0,10,永全-南崁,2024-01-24,6451
00752,中信中國50,10,0,10,永全-南崁,2024-01-24,6451
00680L,元大美債20正2,10,0,10,永全-南崁,2024-01-24,6451
2329,華泰,13,3,10,永全-南崁,2024-01-24,6451
5871,中租-KY,10,0,10,永全-南崁,2024-01-24,6451
8059,凱碩,12,2,10,永全-南崁,2024-01-24,6451
3339,泰谷,9,0,9,永全-南崁,2024-01-24,6451
8054,安國,19,10,9,永全-南崁,2024-01-24,6451
00687B,國泰20年美債,8,0,8,永全-南崁,2024-01-24,6451
2610,華航,8,0,8,永全-南崁,2024-01-24,6451
3545,敦泰,7,0,7,永全-南崁,2024-01-24,6451
00655L,國泰中國A50正2,7,1,6,永全-南崁,2024-01-24,6451
2634,漢翔,7,1,6,永全-南崁,2024-01-24,6451
3231,緯創,24,18,6,永全-南崁,2024-01-24,6451
3324,雙鴻,7,1,6,永全-南崁,2024-01-24,6451
6462,神盾,11,6,5,永全-南崁,2024-01-24,6451
2363,矽統,5,0,5,永全-南崁,2024-01-24,6451
1326,台化,5,0,5,永全-南崁,2024-01-24,6451
00929,復華台灣科技優息,11,6,5,永全-南崁,2024-01-24,6451
3402,漢科,5,0,5,永全-南崁,2024-01-24,6451
3530,晶相光,25,20,5,永全-南崁,2024-01-24,6451
3552,同致,5,0,5,永全-南崁,2024-01-24,6451
4167,松瑞藥,5,0,5,永全-南崁,2024-01-24,6451
6117,迎廣,5,0,5,永全-南崁,2024-01-24,6451
6139,亞翔,15,10,5,永全-南崁,2024-01-24,6451
4702,中美實,149,0,149,永全-南崁,2024-01-25,6451
3047,訊舟,53,16,37,永全-南崁,2024-01-25,6451
6167,久正,30,0,30,永全-南崁,2024-01-25,6451
6188,廣明,30,1,29,永全-南崁,2024-01-25,6451
2801,彰銀,28,0,28,永全-南崁,2024-01-25,6451
4909,新復興,63,37,26,永全-南崁,2024-01-25,6451
2426,鼎元,20,0,20,永全-南崁,2024-01-25,6451
2637,慧洋-KY,20,0,20,永全-南崁,2024-01-25,6451
6472,保瑞,20,0,20,永全-南崁,2024-01-25,6451
6579,研揚,20,0,20,永全-南崁,2024-01-25,6451
8069,元太,20,1,19,永全-南崁,2024-01-25,6451
2618,長榮航,32,16,16,永全-南崁,2024-01-25,6451
6163,華電網,16,0,16,永全-南崁,2024-01-25,6451
6799,來頡,16,0,16,永全-南崁,2024-01-25,6451
4729,熒茂,25,10,15,永全-南崁,2024-01-25,6451
6457,紘康,14,0,14,永全-南崁,2024-01-25,6451
3443,創意,13,0,13,永全-南崁,2024-01-25,6451
00679B,元大美債20年,13,0,13,永全-南崁,2024-01-25,6451
2603,長榮,13,0,13,永全-南崁,2024-01-25,6451
3706,神達,18,5,13,永全-南崁,2024-01-25,6451
6120,達運,14,2,12,永全-南崁,2024-01-25,6451
8096,擎亞,83,71,12,永全-南崁,2024-01-25,6451
1305,華夏,11,0,11,永全-南崁,2024-01-25,6451
00752,中信中國50,12,1,11,永全-南崁,2024-01-25,6451
2609,陽明,11,0,11,永全-南崁,2024-01-25,6451
5347,世界,11,0,11,永全-南崁,2024-01-25,6451
1519,華城,11,1,10,永全-南崁,2024-01-25,6451
2002,中鋼,10,0,10,永全-南崁,2024-01-25,6451
2605,新興,10,0,10,永全-南崁,2024-01-25,6451
2880,華南金,10,0,10,永全-南崁,2024-01-25,6451
3042,晶技,10,0,10,永全-南崁,2024-01-25,6451
3211,順達,10,0,10,永全-南崁,2024-01-25,6451
2356,英業達,27,18,9,永全-南崁,2024-01-25,6451
2399,映泰,9,0,9,永全-南崁,2024-01-25,6451
4526,東台,10,1,9,永全-南崁,2024-01-25,6451
5351,鈺創,9,0,9,永全-南崁,2024-01-25,6451
9105,泰金寶-DR,39,30,9,永全-南崁,2024-01-25,6451
00720B,元大投資級公司債,8,0,8,永全-南崁,2024-01-25,6451
6140,訊達,10,2,8,永全-南崁,2024-01-25,6451
2308,台達電,14,7,7,永全-南崁,2024-01-25,6451
3702,大聯大,7,0,7,永全-南崁,2024-01-25,6451
6191,精成科,6,0,6,永全-南崁,2024-01-25,6451
2421,建準,7,1,6,永全-南崁,2024-01-25,6451
6462,神盾,7,1,6,永全-南崁,2024-01-25,6451
00687B,國泰20年美債,5,0,5,永全-南崁,2024-01-25,6451
00673R,期元大S＆P原油反1,5,0,5,永全-南崁,2024-01-25,6451
00646,元大S＆P500,5,0,5,永全-南崁,2024-01-25,6451
00713,元大台灣高息低波,5,0,5,永全-南崁,2024-01-25,6451
1618,合機,7,2,5,永全-南崁,2024-01-25,6451
2515,中工,5,0,5,永全-南崁,2024-01-25,6451
00929,復華台灣科技優息,169,2,167,永全-南崁,2024-01-26,6451
2303,聯電,120,12,108,永全-南崁,2024-01-26,6451
00673R,期元大S＆P原油反1,105,0,105,永全-南崁,2024-01-26,6451
2905,三商,50,0,50,永全-南崁,2024-01-26,6451
2353,宏��,75,27,48,永全-南崁,2024-01-26,6451
2634,漢翔,50,6,44,永全-南崁,2024-01-26,6451
2610,華航,55,12,43,永全-南崁,2024-01-26,6451
2324,仁寶,52,11,41,永全-南崁,2024-01-26,6451
2382,廣達,45,5,40,永全-南崁,2024-01-26,6451
8050,廣積,33,0,33,永全-南崁,2024-01-26,6451
6276,安鈦克,27,0,27,永全-南崁,2024-01-26,6451
00637L,元大滬深300正2,25,1,24,永全-南崁,2024-01-26,6451
2362,藍天,21,0,21,永全-南崁,2024-01-26,6451
6163,華電網,20,0,20,永全-南崁,2024-01-26,6451
3178,公準,20,1,19,永全-南崁,2024-01-26,6451
6274,台燿,20,1,19,永全-南崁,2024-01-26,6451
6546,正基,20,3,17,永全-南崁,2024-01-26,6451
2329,華泰,27,11,16,永全-南崁,2024-01-26,6451
6270,倍微,35,19,16,永全-南崁,2024-01-26,6451
2002,中鋼,20,5,15,永全-南崁,2024-01-26,6451
00753L,中信中國50正2,15,0,15,永全-南崁,2024-01-26,6451
4967,十銓,15,0,15,永全-南崁,2024-01-26,6451
6425,易發,15,0,15,永全-南崁,2024-01-26,6451
00882,中信中國高股息,14,0,14,永全-南崁,2024-01-26,6451
6188,廣明,15,1,14,永全-南崁,2024-01-26,6451
00937B,群益ESG投等債20,13,0,13,永全-南崁,2024-01-26,6451
00665L,富邦�琤肭磪囓�2,11,0,11,永全-南崁,2024-01-26,6451
6113,亞矽,18,7,11,永全-南崁,2024-01-26,6451
00650L,復華香港正2,10,0,10,永全-南崁,2024-01-26,6451
00687B,國泰20年美債,10,0,10,永全-南崁,2024-01-26,6451
0056,元大高股息,14,4,10,永全-南崁,2024-01-26,6451
2467,志聖,10,0,10,永全-南崁,2024-01-26,6451
6442,光聖,10,0,10,永全-南崁,2024-01-26,6451
8096,擎亞,16,6,10,永全-南崁,2024-01-26,6451
2365,昆盈,13,4,9,永全-南崁,2024-01-26,6451
6218,豪勉,9,0,9,永全-南崁,2024-01-26,6451
3380,明泰,8,0,8,永全-南崁,2024-01-26,6451
4979,華星光,8,0,8,永全-南崁,2024-01-26,6451
3443,創意,12,5,7,永全-南崁,2024-01-26,6451
1609,大亞,7,0,7,永全-南崁,2024-01-26,6451
6237,驊訊,7,0,7,永全-南崁,2024-01-26,6451
00919,群益台灣精選高息,9,2,7,永全-南崁,2024-01-26,6451
2884,玉山金,6,0,6,永全-南崁,2024-01-26,6451
6285,啟��,6,0,6,永全-南崁,2024-01-26,6451
2363,矽統,5,0,5,永全-南崁,2024-01-26,6451
1618,合機,5,0,5,永全-南崁,2024-01-26,6451
1301,台塑,5,0,5,永全-南崁,2024-01-26,6451
2481,強茂,5,0,5,永全-南崁,2024-01-26,6451
2484,希華,5,0,5,永全-南崁,2024-01-26,6451
2520,冠德,5,0,5,永全-南崁,2024-01-26,6451
8227,巨有科技,143,13,130,永全-南崁,2024-01-29,6451
3535,晶彩科,102,2,100,永全-南崁,2024-01-29,6451
3047,訊舟,70,0,70,永全-南崁,2024-01-29,6451
6218,豪勉,65,0,65,永全-南崁,2024-01-29,6451
3490,單井,56,1,55,永全-南崁,2024-01-29,6451
00680L,元大美債20正2,51,0,51,永全-南崁,2024-01-29,6451
3622,洋華,52,1,51,永全-南崁,2024-01-29,6451
2838,聯邦銀,40,4,36,永全-南崁,2024-01-29,6451
6165,浪凡,28,0,28,永全-南崁,2024-01-29,6451
3356,奇偶,25,0,25,永全-南崁,2024-01-29,6451
4543,萬在,25,0,25,永全-南崁,2024-01-29,6451
6133,金橋,21,0,21,永全-南崁,2024-01-29,6451
2520,冠德,20,0,20,永全-南崁,2024-01-29,6451
9105,泰金寶-DR,23,5,18,永全-南崁,2024-01-29,6451
2303,聯電,31,15,16,永全-南崁,2024-01-29,6451
00929,復華台灣科技優息,15,0,15,永全-南崁,2024-01-29,6451
2353,宏��,20,6,14,永全-南崁,2024-01-29,6451
6205,詮欣,21,8,13,永全-南崁,2024-01-29,6451
2337,旺宏,12,0,12,永全-南崁,2024-01-29,6451
00632R,元大台灣50反1,10,0,10,永全-南崁,2024-01-29,6451
1314,中石化,10,0,10,永全-南崁,2024-01-29,6451
00934,中信成長高股息,10,0,10,永全-南崁,2024-01-29,6451
2365,昆盈,11,1,10,永全-南崁,2024-01-29,6451
2454,聯發科,10,0,10,永全-南崁,2024-01-29,6451
3093,港建*,10,0,10,永全-南崁,2024-01-29,6451
3360,尚立,15,5,10,永全-南崁,2024-01-29,6451
3362,先進光,12,2,10,永全-南崁,2024-01-29,6451
6188,廣明,10,0,10,永全-南崁,2024-01-29,6451
6276,安鈦克,12,2,10,永全-南崁,2024-01-29,6451
8150,南茂,10,0,10,永全-南崁,2024-01-29,6451
2329,華泰,9,0,9,永全-南崁,2024-01-29,6451
3363,上詮,10,2,8,永全-南崁,2024-01-29,6451
00919,群益台灣精選高息,6,0,6,永全-南崁,2024-01-29,6451
1785,光洋科,7,1,6,永全-南崁,2024-01-29,6451
6139,亞翔,6,0,6,永全-南崁,2024-01-29,6451
00904,新光臺灣半導體30,5,0,5,永全-南崁,2024-01-29,6451
00646,元大S＆P500,5,0,5,永全-南崁,2024-01-29,6451
00687B,國泰20年美債,5,0,5,永全-南崁,2024-01-29,6451
00633L,富邦上証正2,5,0,5,永全-南崁,2024-01-29,6451
2610,華航,5,0,5,永全-南崁,2024-01-29,6451
2891,中信金,5,0,5,永全-南崁,2024-01-29,6451
5222,全訊,5,0,5,永全-南崁,2024-01-29,6451
6182,合晶,5,0,5,永全-南崁,2024-01-29,6451
00679B,元大美債20年,4,0,4,永全-南崁,2024-01-29,6451
00752,中信中國50,4,0,4,永全-南崁,2024-01-29,6451
2609,陽明,6,2,4,永全-南崁,2024-01-29,6451
3706,神達,5,1,4,永全-南崁,2024-01-29,6451
8054,安國,12,8,4,永全-南崁,2024-01-29,6451
8069,元太,5,1,4,永全-南崁,2024-01-29,6451
1722,台肥,3,0,3,永全-南崁,2024-01-29,6451
2409,友達,116,0,116,永全-南崁,2024-01-30,6451
2905,三商,50,0,50,永全-南崁,2024-01-30,6451
1714,和桐,39,0,39,永全-南崁,2024-01-30,6451
5351,鈺創,31,0,31,永全-南崁,2024-01-30,6451
4109,加捷生醫,30,0,30,永全-南崁,2024-01-30,6451
00637L,元大滬深300正2,38,11,27,永全-南崁,2024-01-30,6451
9105,泰金寶-DR,27,0,27,永全-南崁,2024-01-30,6451
3483,力致,28,2,26,永全-南崁,2024-01-30,6451
6494,九齊,27,1,26,永全-南崁,2024-01-30,6451
2609,陽明,31,6,25,永全-南崁,2024-01-30,6451
00753L,中信中國50正2,20,0,20,永全-南崁,2024-01-30,6451
2520,冠德,20,0,20,永全-南崁,2024-01-30,6451
3060,銘異,20,0,20,永全-南崁,2024-01-30,6451
3081,聯亞,20,0,20,永全-南崁,2024-01-30,6451
4909,新復興,20,0,20,永全-南崁,2024-01-30,6451
5880,合庫金,20,0,20,永全-南崁,2024-01-30,6451
8064,東捷,25,5,20,永全-南崁,2024-01-30,6451
2383,台光電,19,1,18,永全-南崁,2024-01-30,6451
2337,旺宏,16,0,16,永全-南崁,2024-01-30,6451
6657,華安,15,0,15,永全-南崁,2024-01-30,6451
2388,威盛,14,0,14,永全-南崁,2024-01-30,6451
3481,群創,22,9,13,永全-南崁,2024-01-30,6451
2352,佳世達,14,2,12,永全-南崁,2024-01-30,6451
5347,世界,14,2,12,永全-南崁,2024-01-30,6451
00937B,群益ESG投等債20,10,0,10,永全-南崁,2024-01-30,6451
00934,中信成長高股息,10,0,10,永全-南崁,2024-01-30,6451
1304,台聚,10,0,10,永全-南崁,2024-01-30,6451
2032,新鋼,10,0,10,永全-南崁,2024-01-30,6451
4161,聿新科,10,0,10,永全-南崁,2024-01-30,6451
4529,淳紳,10,0,10,永全-南崁,2024-01-30,6451
5223,安力-KY,10,0,10,永全-南崁,2024-01-30,6451
6163,華電網,10,0,10,永全-南崁,2024-01-30,6451
6276,安鈦克,10,0,10,永全-南崁,2024-01-30,6451
8059,凱碩,11,1,10,永全-南崁,2024-01-30,6451
00929,復華台灣科技優息,9,0,9,永全-南崁,2024-01-30,6451
00679B,元大美債20年,8,0,8,永全-南崁,2024-01-30,6451
2882,國泰金,8,0,8,永全-南崁,2024-01-30,6451
2313,華通,8,1,7,永全-南崁,2024-01-30,6451
2344,華邦電,7,0,7,永全-南崁,2024-01-30,6451
4729,熒茂,40,33,7,永全-南崁,2024-01-30,6451
9958,世紀鋼,9,2,7,永全-南崁,2024-01-30,6451
1319,東陽,6,0,6,永全-南崁,2024-01-30,6451
3363,上詮,6,0,6,永全-南崁,2024-01-30,6451
3443,創意,6,1,5,永全-南崁,2024-01-30,6451
1308,亞聚,5,0,5,永全-南崁,2024-01-30,6451
1808,潤隆,5,0,5,永全-南崁,2024-01-30,6451
2230,泰茂,5,0,5,永全-南崁,2024-01-30,6451
2887,台新金,5,0,5,永全-南崁,2024-01-30,6451
3339,泰谷,5,0,5,永全-南崁,2024-01-30,6451
4572,駐龍,5,0,5,永全-南崁,2024-01-30,6451
5398,慕康生醫,77,10,67,永全-南崁,2024-01-31,6451
2303,聯電,63,1,62,永全-南崁,2024-01-31,6451
00679B,元大美債20年,51,0,51,永全-南崁,2024-01-31,6451
8227,巨有科技,74,34,40,永全-南崁,2024-01-31,6451
2356,英業達,43,5,38,永全-南崁,2024-01-31,6451
3530,晶相光,37,0,37,永全-南崁,2024-01-31,6451
3622,洋華,48,16,32,永全-南崁,2024-01-31,6451
6239,力成,27,4,23,永全-南崁,2024-01-31,6451
3545,敦泰,21,0,21,永全-南崁,2024-01-31,6451
00753L,中信中國50正2,20,0,20,永全-南崁,2024-01-31,6451
00637L,元大滬深300正2,32,12,20,永全-南崁,2024-01-31,6451
2417,圓剛,20,0,20,永全-南崁,2024-01-31,6451
2888,新光金,20,0,20,永全-南崁,2024-01-31,6451
3338,泰碩,20,0,20,永全-南崁,2024-01-31,6451
6163,華電網,20,0,20,永全-南崁,2024-01-31,6451
3231,緯創,23,5,18,永全-南崁,2024-01-31,6451
3287,廣寰科,20,4,16,永全-南崁,2024-01-31,6451
3481,群創,21,5,16,永全-南崁,2024-01-31,6451
6531,愛普*,16,0,16,永全-南崁,2024-01-31,6451
4909,新復興,15,0,15,永全-南崁,2024-01-31,6451
2308,台達電,13,0,13,永全-南崁,2024-01-31,6451
00720B,元大投資級公司債,11,0,11,永全-南崁,2024-01-31,6451
2388,威盛,11,0,11,永全-南崁,2024-01-31,6451
2883,凱基金,11,0,11,永全-南崁,2024-01-31,6451
00919,群益台灣精選高息,11,1,10,永全-南崁,2024-01-31,6451
1526,日馳,10,0,10,永全-南崁,2024-01-31,6451
2409,友達,11,1,10,永全-南崁,2024-01-31,6451
3081,聯亞,20,10,10,永全-南崁,2024-01-31,6451
3535,晶彩科,17,7,10,永全-南崁,2024-01-31,6451
00929,復華台灣科技優息,9,0,9,永全-南崁,2024-01-31,6451
2610,華航,9,0,9,永全-南崁,2024-01-31,6451
00937B,群益ESG投等債20,8,0,8,永全-南崁,2024-01-31,6451
2634,漢翔,10,2,8,永全-南崁,2024-01-31,6451
8040,九暘,10,2,8,永全-南崁,2024-01-31,6451
2330,台積電,9,1,8,永全-南崁,2024-01-31,6451
2609,陽明,8,1,7,永全-南崁,2024-01-31,6451
2882,國泰金,7,0,7,永全-南崁,2024-01-31,6451
2603,長榮,6,0,6,永全-南崁,2024-01-31,6451
00882,中信中國高股息,6,0,6,永全-南崁,2024-01-31,6451
3016,嘉晶,7,1,6,永全-南崁,2024-01-31,6451
3499,環天科,6,0,6,永全-南崁,2024-01-31,6451
3615,安可,7,1,6,永全-南崁,2024-01-31,6451
8054,安國,8,2,6,永全-南崁,2024-01-31,6451
2230,泰茂,5,0,5,永全-南崁,2024-01-31,6451
00687B,國泰20年美債,5,0,5,永全-南崁,2024-01-31,6451
0056,元大高股息,5,0,5,永全-南崁,2024-01-31,6451
2344,華邦電,5,0,5,永全-南崁,2024-01-31,6451
2884,玉山金,5,0,5,永全-南崁,2024-01-31,6451
2886,兆豐金,5,0,5,永全-南崁,2024-01-31,6451
3025,星通,5,0,5,永全-南崁,2024-01-31,6451
00888,永豐台灣ESG,60,0,60,永全-南崁,2024-02-01,6451
2812,台中銀,57,0,57,永全-南崁,2024-02-01,6451
3481,群創,52,5,47,永全-南崁,2024-02-01,6451
00665L,富邦�琤肭磪囓�2,30,0,30,永全-南崁,2024-02-01,6451
2607,榮運,30,0,30,永全-南崁,2024-02-01,6451
6196,帆宣,30,0,30,永全-南崁,2024-02-01,6451
3006,晶豪科,30,4,26,永全-南崁,2024-02-01,6451
6276,安鈦克,25,0,25,永全-南崁,2024-02-01,6451
2303,聯電,23,1,22,永全-南崁,2024-02-01,6451
2409,友達,21,0,21,永全-南崁,2024-02-01,6451
2884,玉山金,21,0,21,永全-南崁,2024-02-01,6451
2027,大成鋼,20,0,20,永全-南崁,2024-02-01,6451
4543,萬在,20,0,20,永全-南崁,2024-02-01,6451
4960,誠美材,20,0,20,永全-南崁,2024-02-01,6451
6156,松上,20,0,20,永全-南崁,2024-02-01,6451
6188,廣明,17,0,17,永全-南崁,2024-02-01,6451
1795,美時,15,0,15,永全-南崁,2024-02-01,6451
00637L,元大滬深300正2,26,11,15,永全-南崁,2024-02-01,6451
3570,大塚,15,0,15,永全-南崁,2024-02-01,6451
00712,復華富時不動產,13,0,13,永全-南崁,2024-02-01,6451
3437,榮創,12,0,12,永全-南崁,2024-02-01,6451
2382,廣達,26,15,11,永全-南崁,2024-02-01,6451
00878,國泰永續高股息,11,0,11,永全-南崁,2024-02-01,6451
00646,元大S＆P500,10,0,10,永全-南崁,2024-02-01,6451
1314,中石化,10,0,10,永全-南崁,2024-02-01,6451
2208,台船,10,0,10,永全-南崁,2024-02-01,6451
2312,金寶,10,0,10,永全-南崁,2024-02-01,6451
2537,聯上發,10,0,10,永全-南崁,2024-02-01,6451
2542,興富發,10,0,10,永全-南崁,2024-02-01,6451
2890,永豐金,10,0,10,永全-南崁,2024-02-01,6451
3231,緯創,22,12,10,永全-南崁,2024-02-01,6451
3581,博磊,10,0,10,永全-南崁,2024-02-01,6451
8096,擎亞,10,0,10,永全-南崁,2024-02-01,6451
3289,宜特,12,3,9,永全-南崁,2024-02-01,6451
3050,鈺德,11,3,8,永全-南崁,2024-02-01,6451
6147,頎邦,8,0,8,永全-南崁,2024-02-01,6451
9105,泰金寶-DR,8,0,8,永全-南崁,2024-02-01,6451
3548,兆利,19,12,7,永全-南崁,2024-02-01,6451
6163,華電網,7,0,7,永全-南崁,2024-02-01,6451
6229,研通,33,26,7,永全-南崁,2024-02-01,6451
2352,佳世達,6,0,6,永全-南崁,2024-02-01,6451
3338,泰碩,10,4,6,永全-南崁,2024-02-01,6451
4566,時碩工業,6,0,6,永全-南崁,2024-02-01,6451
5223,安力-KY,6,0,6,永全-南崁,2024-02-01,6451
5272,笙科,22,16,6,永全-南崁,2024-02-01,6451
6243,迅杰,15,9,6,永全-南崁,2024-02-01,6451
3016,嘉晶,5,0,5,永全-南崁,2024-02-01,6451
3312,弘憶股,5,0,5,永全-南崁,2024-02-01,6451
6116,彩晶,5,0,5,永全-南崁,2024-02-01,6451
6695,芯鼎,21,16,5,永全-南崁,2024-02-01,6451
00919,群益台灣精選高息,61,0,61,永全-南崁,2024-02-02,6451
1313,聯成,56,0,56,永全-南崁,2024-02-02,6451
2409,友達,57,7,50,永全-南崁,2024-02-02,6451
3570,大塚,50,0,50,永全-南崁,2024-02-02,6451
9945,潤泰新,50,0,50,永全-南崁,2024-02-02,6451
2609,陽明,47,1,46,永全-南崁,2024-02-02,6451
3576,聯合再生,40,0,40,永全-南崁,2024-02-02,6451
00918,大華優利高填息30,31,0,31,永全-南崁,2024-02-02,6451
6139,亞翔,31,1,30,永全-南崁,2024-02-02,6451
00712,復華富時不動產,25,0,25,永全-南崁,2024-02-02,6451
3287,廣寰科,26,3,23,永全-南崁,2024-02-02,6451
5880,合庫金,21,0,21,永全-南崁,2024-02-02,6451
00878,國泰永續高股息,20,0,20,永全-南崁,2024-02-02,6451
2915,潤泰全,20,0,20,永全-南崁,2024-02-02,6451
6265,方土昶,20,0,20,永全-南崁,2024-02-02,6451
1101,台泥,18,0,18,永全-南崁,2024-02-02,6451
2405,輔信,18,0,18,永全-南崁,2024-02-02,6451
2603,長榮,17,0,17,永全-南崁,2024-02-02,6451
2610,華航,16,0,16,永全-南崁,2024-02-02,6451
3545,敦泰,23,8,15,永全-南崁,2024-02-02,6451
6233,旺玖,16,1,15,永全-南崁,2024-02-02,6451
3615,安可,14,0,14,永全-南崁,2024-02-02,6451
3036,文曄,25,12,13,永全-南崁,2024-02-02,6451
3050,鈺德,20,7,13,永全-南崁,2024-02-02,6451
2492,華新科,12,0,12,永全-南崁,2024-02-02,6451
3032,偉訓,13,1,12,永全-南崁,2024-02-02,6451
4906,正文,12,0,12,永全-南崁,2024-02-02,6451
5403,中菲,12,1,11,永全-南崁,2024-02-02,6451
6274,台燿,32,21,11,永全-南崁,2024-02-02,6451
00665L,富邦�琤肭磪囓�2,10,0,10,永全-南崁,2024-02-02,6451
2324,仁寶,10,0,10,永全-南崁,2024-02-02,6451
2408,南亞科,10,0,10,永全-南崁,2024-02-02,6451
2425,承啟,10,0,10,永全-南崁,2024-02-02,6451
2867,三商壽,10,0,10,永全-南崁,2024-02-02,6451
3047,訊舟,10,0,10,永全-南崁,2024-02-02,6451
9904,寶成,10,0,10,永全-南崁,2024-02-02,6451
00929,復華台灣科技優息,9,0,9,永全-南崁,2024-02-02,6451
5386,青雲,9,0,9,永全-南崁,2024-02-02,6451
5426,振發,9,0,9,永全-南崁,2024-02-02,6451
9105,泰金寶-DR,9,0,9,永全-南崁,2024-02-02,6451
00679B,元大美債20年,13,5,8,永全-南崁,2024-02-02,6451
3552,同致,8,0,8,永全-南崁,2024-02-02,6451
6275,元山,7,0,7,永全-南崁,2024-02-02,6451
2476,鉅祥,6,0,6,永全-南崁,2024-02-02,6451
3046,建��,6,0,6,永全-南崁,2024-02-02,6451
6205,詮欣,6,0,6,永全-南崁,2024-02-02,6451
1616,億泰,5,0,5,永全-南崁,2024-02-02,6451
00904,新光臺灣半導體30,5,0,5,永全-南崁,2024-02-02,6451
1909,榮成,5,0,5,永全-南崁,2024-02-02,6451
2235,謚源,5,0,5,永全-南崁,2024-02-02,6451
00929,復華台灣科技優息,136,0,136,永全-南崁,2024-02-05,6451
2329,華泰,68,3,65,永全-南崁,2024-02-05,6451
9105,泰金寶-DR,54,0,54,永全-南崁,2024-02-05,6451
1815,富喬,50,0,50,永全-南崁,2024-02-05,6451
4714,永捷,53,13,40,永全-南崁,2024-02-05,6451
00715L,期街口布蘭特正2,38,0,38,永全-南崁,2024-02-05,6451
2421,建準,49,11,38,永全-南崁,2024-02-05,6451
00878,國泰永續高股息,31,1,30,永全-南崁,2024-02-05,6451
1515,力山,30,0,30,永全-南崁,2024-02-05,6451
1312,國喬,30,0,30,永全-南崁,2024-02-05,6451
00937B,群益ESG投等債20,30,0,30,永全-南崁,2024-02-05,6451
2449,京元電子,30,0,30,永全-南崁,2024-02-05,6451
3490,單井,29,0,29,永全-南崁,2024-02-05,6451
6163,華電網,29,0,29,永全-南崁,2024-02-05,6451
6290,良維,30,1,29,永全-南崁,2024-02-05,6451
00919,群益台灣精選高息,25,0,25,永全-南崁,2024-02-05,6451
2323,中環,25,0,25,永全-南崁,2024-02-05,6451
2609,陽明,25,0,25,永全-南崁,2024-02-05,6451
2365,昆盈,57,35,22,永全-南崁,2024-02-05,6451
00679B,元大美債20年,21,0,21,永全-南崁,2024-02-05,6451
00670L,富邦NASDAQ正2,20,0,20,永全-南崁,2024-02-05,6451
1605,華新,22,2,20,永全-南崁,2024-02-05,6451
3305,昇貿,20,0,20,永全-南崁,2024-02-05,6451
4173,久裕,20,0,20,永全-南崁,2024-02-05,6451
6216,居易,20,0,20,永全-南崁,2024-02-05,6451
2303,聯電,21,2,19,永全-南崁,2024-02-05,6451
2377,微星,20,1,19,永全-南崁,2024-02-05,6451
8069,元太,20,3,17,永全-南崁,2024-02-05,6451
3325,旭品,15,0,15,永全-南崁,2024-02-05,6451
3576,聯合再生,15,1,14,永全-南崁,2024-02-05,6451
6196,帆宣,14,0,14,永全-南崁,2024-02-05,6451
00712,復華富時不動產,13,0,13,永全-南崁,2024-02-05,6451
3443,創意,12,0,12,永全-南崁,2024-02-05,6451
2388,威盛,12,1,11,永全-南崁,2024-02-05,6451
4566,時碩工業,11,0,11,永全-南崁,2024-02-05,6451
6776,展�眥篕�,11,0,11,永全-南崁,2024-02-05,6451
8086,宏捷科,14,3,11,永全-南崁,2024-02-05,6451
1102,亞泥,10,0,10,永全-南崁,2024-02-05,6451
2317,鴻海,20,10,10,永全-南崁,2024-02-05,6451
2615,萬海,10,0,10,永全-南崁,2024-02-05,6451
3703,欣陸,10,0,10,永全-南崁,2024-02-05,6451
4906,正文,10,0,10,永全-南崁,2024-02-05,6451
6472,保瑞,10,0,10,永全-南崁,2024-02-05,6451
9945,潤泰新,10,0,10,永全-南崁,2024-02-05,6451
2353,宏��,13,4,9,永全-南崁,2024-02-05,6451
6789,采鈺,10,1,9,永全-南崁,2024-02-05,6451
3706,神達,9,1,8,永全-南崁,2024-02-05,6451
4543,萬在,8,0,8,永全-南崁,2024-02-05,6451
00933B,國泰10Y+金融債,7,0,7,永全-南崁,2024-02-05,6451
2884,玉山金,7,0,7,永全-南崁,2024-02-05,6451
00937B,群益ESG投等債20,105,0,105,永全-南崁,2024-02-15,6451
2812,台中銀,104,0,104,永全-南崁,2024-02-15,6451
00673R,期元大S＆P原油反1,100,0,100,永全-南崁,2024-02-15,6451
00632R,元大台灣50反1,70,0,70,永全-南崁,2024-02-15,6451
2530,華建,58,0,58,永全-南崁,2024-02-15,6451
00882,中信中國高股息,50,0,50,永全-南崁,2024-02-15,6451
00929,復華台灣科技優息,60,19,41,永全-南崁,2024-02-15,6451
3706,神達,64,23,41,永全-南崁,2024-02-15,6451
00679B,元大美債20年,38,0,38,永全-南崁,2024-02-15,6451
00724B,群益投資級金融債,30,0,30,永全-南崁,2024-02-15,6451
2537,聯上發,30,0,30,永全-南崁,2024-02-15,6451
2615,萬海,30,0,30,永全-南崁,2024-02-15,6451
5452,佶優,38,8,30,永全-南崁,2024-02-15,6451
6472,保瑞,30,0,30,永全-南崁,2024-02-15,6451
00645,富邦日本,28,0,28,永全-南崁,2024-02-15,6451
1714,和桐,28,1,27,永全-南崁,2024-02-15,6451
6290,良維,29,4,25,永全-南崁,2024-02-15,6451
00795B,中信美國公債20年,24,0,24,永全-南崁,2024-02-15,6451
2344,華邦電,22,0,22,永全-南崁,2024-02-15,6451
1802,台玻,20,0,20,永全-南崁,2024-02-15,6451
2542,興富發,20,0,20,永全-南崁,2024-02-15,6451
2889,國票金,20,0,20,永全-南崁,2024-02-15,6451
2356,英業達,86,66,20,永全-南崁,2024-02-15,6451
5880,合庫金,18,0,18,永全-南崁,2024-02-15,6451
9105,泰金寶-DR,27,10,17,永全-南崁,2024-02-15,6451
2801,彰銀,17,0,17,永全-南崁,2024-02-15,6451
00933B,國泰10Y+金融債,16,0,16,永全-南崁,2024-02-15,6451
00712,復華富時不動產,16,0,16,永全-南崁,2024-02-15,6451
2379,瑞昱,16,0,16,永全-南崁,2024-02-15,6451
6125,廣運,20,5,15,永全-南崁,2024-02-15,6451
2308,台達電,14,0,14,永全-南崁,2024-02-15,6451
2618,長榮航,14,0,14,永全-南崁,2024-02-15,6451
00720B,元大投資級公司債,13,0,13,永全-南崁,2024-02-15,6451
00680L,元大美債20正2,13,0,13,永全-南崁,2024-02-15,6451
4714,永捷,33,20,13,永全-南崁,2024-02-15,6451
6204,艾華,17,4,13,永全-南崁,2024-02-15,6451
00687B,國泰20年美債,11,0,11,永全-南崁,2024-02-15,6451
3694,海華,11,0,11,永全-南崁,2024-02-15,6451
4162,智擎,12,1,11,永全-南崁,2024-02-15,6451
1442,名軒,10,0,10,永全-南崁,2024-02-15,6451
1449,佳和,10,0,10,永全-南崁,2024-02-15,6451
2408,南亞科,10,0,10,永全-南崁,2024-02-15,6451
4114,健喬,12,2,10,永全-南崁,2024-02-15,6451
4968,立積,11,1,10,永全-南崁,2024-02-15,6451
6216,居易,10,0,10,永全-南崁,2024-02-15,6451
8110,華東,10,0,10,永全-南崁,2024-02-15,6451
2301,光寶科,11,2,9,永全-南崁,2024-02-15,6451
2492,華新科,10,1,9,永全-南崁,2024-02-15,6451
2887,台新金,9,0,9,永全-南崁,2024-02-15,6451
5425,台半,10,1,9,永全-南崁,2024-02-15,6451
2382,廣達,1771,4,1767,永全-南崁,2024-02-16,6451
00680L,元大美債20正2,230,0,230,永全-南崁,2024-02-16,6451
00795B,中信美國公債20年,205,0,205,永全-南崁,2024-02-16,6451
3338,泰碩,74,2,72,永全-南崁,2024-02-16,6451
00679B,元大美債20年,70,0,70,永全-南崁,2024-02-16,6451
8034,榮群,53,0,53,永全-南崁,2024-02-16,6451
2409,友達,40,0,40,永全-南崁,2024-02-16,6451
3363,上詮,45,5,40,永全-南崁,2024-02-16,6451
4114,健喬,50,10,40,永全-南崁,2024-02-16,6451
00687B,國泰20年美債,39,0,39,永全-南崁,2024-02-16,6451
2367,燿華,40,2,38,永全-南崁,2024-02-16,6451
6218,豪勉,50,12,38,永全-南崁,2024-02-16,6451
2301,光寶科,33,0,33,永全-南崁,2024-02-16,6451
2363,矽統,36,6,30,永全-南崁,2024-02-16,6451
2353,宏��,90,62,28,永全-南崁,2024-02-16,6451
8926,台汽電,20,0,20,永全-南崁,2024-02-16,6451
5474,聰泰,19,1,18,永全-南崁,2024-02-16,6451
2421,建準,18,3,15,永全-南崁,2024-02-16,6451
3450,聯鈞,20,5,15,永全-南崁,2024-02-16,6451
4768,晶呈科技,15,0,15,永全-南崁,2024-02-16,6451
6139,亞翔,30,15,15,永全-南崁,2024-02-16,6451
2355,敬鵬,32,18,14,永全-南崁,2024-02-16,6451
2486,一詮,19,6,13,永全-南崁,2024-02-16,6451
5425,台半,13,0,13,永全-南崁,2024-02-16,6451
6164,華興,17,4,13,永全-南崁,2024-02-16,6451
2542,興富發,12,0,12,永全-南崁,2024-02-16,6451
2603,長榮,12,0,12,永全-南崁,2024-02-16,6451
6104,創惟,20,8,12,永全-南崁,2024-02-16,6451
2235,謚源,11,0,11,永全-南崁,2024-02-16,6451
2371,大同,12,1,11,永全-南崁,2024-02-16,6451
2634,漢翔,15,4,11,永全-南崁,2024-02-16,6451
6684,安格,23,12,11,永全-南崁,2024-02-16,6451
8089,康全電訊,16,5,11,永全-南崁,2024-02-16,6451
1101,台泥,14,3,11,永全-南崁,2024-02-16,6451
00639,富邦深100,10,0,10,永全-南崁,2024-02-16,6451
00633L,富邦上証正2,10,0,10,永全-南崁,2024-02-16,6451
1314,中石化,10,0,10,永全-南崁,2024-02-16,6451
1341,富林-KY,10,0,10,永全-南崁,2024-02-16,6451
1609,大亞,11,1,10,永全-南崁,2024-02-16,6451
2002,中鋼,10,0,10,永全-南崁,2024-02-16,6451
2425,承啟,13,3,10,永全-南崁,2024-02-16,6451
2430,燦坤,10,0,10,永全-南崁,2024-02-16,6451
2915,潤泰全,10,0,10,永全-南崁,2024-02-16,6451
3356,奇偶,10,0,10,永全-南崁,2024-02-16,6451
3607,谷崧,20,10,10,永全-南崁,2024-02-16,6451
3706,神達,10,0,10,永全-南崁,2024-02-16,6451
4162,智擎,10,0,10,永全-南崁,2024-02-16,6451
2454,聯發科,10,0,10,永全-南崁,2024-02-16,6451
1449,佳和,12,3,9,永全-南崁,2024-02-16,6451
00937B,群益ESG投等債20,11,2,9,永全-南崁,2024-02-16,6451
00882,中信中國高股息,105,3,102,永全-南崁,2024-02-19,6451
2329,華泰,121,29,92,永全-南崁,2024-02-19,6451
9105,泰金寶-DR,90,0,90,永全-南崁,2024-02-19,6451
2633,台灣高鐵,87,0,87,永全-南崁,2024-02-19,6451
6138,茂達,72,0,72,永全-南崁,2024-02-19,6451
2353,宏��,62,0,62,永全-南崁,2024-02-19,6451
00937B,群益ESG投等債20,55,0,55,永全-南崁,2024-02-19,6451
00878,國泰永續高股息,56,2,54,永全-南崁,2024-02-19,6451
3622,洋華,52,2,50,永全-南崁,2024-02-19,6451
00929,復華台灣科技優息,53,11,42,永全-南崁,2024-02-19,6451
2362,藍天,41,0,41,永全-南崁,2024-02-19,6451
3231,緯創,40,4,36,永全-南崁,2024-02-19,6451
3002,歐格,37,1,36,永全-南崁,2024-02-19,6451
3356,奇偶,31,0,31,永全-南崁,2024-02-19,6451
4931,新盛力,30,2,28,永全-南崁,2024-02-19,6451
3363,上詮,49,22,27,永全-南崁,2024-02-19,6451
6263,普萊德,21,0,21,永全-南崁,2024-02-19,6451
2618,長榮航,20,0,20,永全-南崁,2024-02-19,6451
3322,建舜電,20,0,20,永全-南崁,2024-02-19,6451
5203,訊連,20,0,20,永全-南崁,2024-02-19,6451
5474,聰泰,21,1,20,永全-南崁,2024-02-19,6451
6290,良維,31,11,20,永全-南崁,2024-02-19,6451
2489,瑞軒,20,1,19,永全-南崁,2024-02-19,6451
2417,圓剛,18,0,18,永全-南崁,2024-02-19,6451
6584,南俊國際,20,2,18,永全-南崁,2024-02-19,6451
2313,華通,17,0,17,永全-南崁,2024-02-19,6451
8936,國統,32,15,17,永全-南崁,2024-02-19,6451
2426,鼎元,20,4,16,永全-南崁,2024-02-19,6451
6288,聯嘉,16,0,16,永全-南崁,2024-02-19,6451
1513,中興電,22,7,15,永全-南崁,2024-02-19,6451
2537,聯上發,20,5,15,永全-南崁,2024-02-19,6451
5351,鈺創,15,0,15,永全-南崁,2024-02-19,6451
6188,廣明,15,0,15,永全-南崁,2024-02-19,6451
8064,東捷,17,2,15,永全-南崁,2024-02-19,6451
2369,菱生,30,16,14,永全-南崁,2024-02-19,6451
2388,威盛,14,0,14,永全-南崁,2024-02-19,6451
2382,廣達,19,6,13,永全-南崁,2024-02-19,6451
6104,創惟,13,0,13,永全-南崁,2024-02-19,6451
2201,裕隆,15,3,12,永全-南崁,2024-02-19,6451
5425,台半,14,2,12,永全-南崁,2024-02-19,6451
8096,擎亞,54,43,11,永全-南崁,2024-02-19,6451
4768,晶呈科技,11,0,11,永全-南崁,2024-02-19,6451
00907,永豐優息存股,10,0,10,永全-南崁,2024-02-19,6451
2601,益航,10,0,10,永全-南崁,2024-02-19,6451
2607,榮運,10,0,10,永全-南崁,2024-02-19,6451
3714,富采,10,0,10,永全-南崁,2024-02-19,6451
1503,士電,20,11,9,永全-南崁,2024-02-19,6451
1514,亞力,10,1,9,永全-南崁,2024-02-19,6451
5880,合庫金,10,1,9,永全-南崁,2024-02-19,6451
3041,揚智,18,10,8,永全-南崁,2024-02-19,6451
00680L,元大美債20正2,130,0,130,永全-南崁,2024-02-20,6451
3041,揚智,144,41,103,永全-南崁,2024-02-20,6451
00878,國泰永續高股息,44,5,39,永全-南崁,2024-02-20,6451
00919,群益台灣精選高息,37,4,33,永全-南崁,2024-02-20,6451
1717,長興,30,0,30,永全-南崁,2024-02-20,6451
6613,朋億*,30,0,30,永全-南崁,2024-02-20,6451
2633,台灣高鐵,22,0,22,永全-南崁,2024-02-20,6451
3178,公準,30,9,21,永全-南崁,2024-02-20,6451
3260,威剛,21,0,21,永全-南崁,2024-02-20,6451
3374,精材,24,3,21,永全-南崁,2024-02-20,6451
3483,力致,22,2,20,永全-南崁,2024-02-20,6451
6016,康和證,20,0,20,永全-南崁,2024-02-20,6451
6188,廣明,20,0,20,永全-南崁,2024-02-20,6451
1471,首利,19,0,19,永全-南崁,2024-02-20,6451
2329,華泰,52,34,18,永全-南崁,2024-02-20,6451
00720B,元大投資級公司債,15,0,15,永全-南崁,2024-02-20,6451
00679B,元大美債20年,15,0,15,永全-南崁,2024-02-20,6451
00933B,國泰10Y+金融債,15,0,15,永全-南崁,2024-02-20,6451
2409,友達,15,0,15,永全-南崁,2024-02-20,6451
00937B,群益ESG投等債20,18,4,14,永全-南崁,2024-02-20,6451
2332,友訊,16,2,14,永全-南崁,2024-02-20,6451
3338,泰碩,14,0,14,永全-南崁,2024-02-20,6451
5351,鈺創,26,12,14,永全-南崁,2024-02-20,6451
1805,寶徠,13,0,13,永全-南崁,2024-02-20,6451
2365,昆盈,14,1,13,永全-南崁,2024-02-20,6451
1806,冠軍,14,2,12,永全-南崁,2024-02-20,6451
4979,華星光,14,2,12,永全-南崁,2024-02-20,6451
1809,中釉,11,0,11,永全-南崁,2024-02-20,6451
3149,正達,11,0,11,永全-南崁,2024-02-20,6451
8059,凱碩,11,0,11,永全-南崁,2024-02-20,6451
00632R,元大台灣50反1,10,0,10,永全-南崁,2024-02-20,6451
2460,建通,21,11,10,永全-南崁,2024-02-20,6451
2514,龍邦,10,0,10,永全-南崁,2024-02-20,6451
3002,歐格,18,8,10,永全-南崁,2024-02-20,6451
3025,星通,10,0,10,永全-南崁,2024-02-20,6451
5534,長虹,10,0,10,永全-南崁,2024-02-20,6451
6218,豪勉,10,0,10,永全-南崁,2024-02-20,6451
6770,力積電,10,0,10,永全-南崁,2024-02-20,6451
2376,技嘉,22,12,10,永全-南崁,2024-02-20,6451
6282,康舒,20,11,9,永全-南崁,2024-02-20,6451
2454,聯發科,9,0,9,永全-南崁,2024-02-20,6451
3583,辛耘,8,0,8,永全-南崁,2024-02-20,6451
5009,榮剛,8,0,8,永全-南崁,2024-02-20,6451
5381,合正,10,2,8,永全-南崁,2024-02-20,6451
5425,台半,8,0,8,永全-南崁,2024-02-20,6451
6231,系微,10,2,8,永全-南崁,2024-02-20,6451
6233,旺玖,14,6,8,永全-南崁,2024-02-20,6451
2609,陽明,16,8,8,永全-南崁,2024-02-20,6451
00795B,中信美國公債20年,7,0,7,永全-南崁,2024-02-20,6451
3006,晶豪科,9,2,7,永全-南崁,2024-02-20,6451
9105,泰金寶-DR,1480,146,1334,永全-南崁,2024-02-21,6451
00878,國泰永續高股息,104,0,104,永全-南崁,2024-02-21,6451
00929,復華台灣科技優息,80,5,75,永全-南崁,2024-02-21,6451
00712,復華富時不動產,64,0,64,永全-南崁,2024-02-21,6451
2897,王道銀行,51,0,51,永全-南崁,2024-02-21,6451
2609,陽明,38,0,38,永全-南崁,2024-02-21,6451
1312,國喬,35,0,35,永全-南崁,2024-02-21,6451
00633L,富邦上証正2,40,5,35,永全-南崁,2024-02-21,6451
00676R,富邦臺灣加權反1,30,0,30,永全-南崁,2024-02-21,6451
4426,利勤,30,0,30,永全-南崁,2024-02-21,6451
6538,倉和,30,0,30,永全-南崁,2024-02-21,6451
3231,緯創,41,14,27,永全-南崁,2024-02-21,6451
2489,瑞軒,32,5,27,永全-南崁,2024-02-21,6451
2353,宏��,27,1,26,永全-南崁,2024-02-21,6451
3227,原相,25,0,25,永全-南崁,2024-02-21,6451
2303,聯電,24,0,24,永全-南崁,2024-02-21,6451
5381,合正,33,9,24,永全-南崁,2024-02-21,6451
1717,長興,24,1,23,永全-南崁,2024-02-21,6451
8064,東捷,30,7,23,永全-南崁,2024-02-21,6451
00937B,群益ESG投等債20,22,0,22,永全-南崁,2024-02-21,6451
3037,欣興,23,1,22,永全-南崁,2024-02-21,6451
00680L,元大美債20正2,20,0,20,永全-南崁,2024-02-21,6451
4729,熒茂,31,11,20,永全-南崁,2024-02-21,6451
6218,豪勉,20,0,20,永全-南崁,2024-02-21,6451
6288,聯嘉,20,0,20,永全-南崁,2024-02-21,6451
00919,群益台灣精選高息,28,9,19,永全-南崁,2024-02-21,6451
2382,廣達,19,1,18,永全-南崁,2024-02-21,6451
1409,新纖,18,0,18,永全-南崁,2024-02-21,6451
3217,優群,20,2,18,永全-南崁,2024-02-21,6451
6188,廣明,18,1,17,永全-南崁,2024-02-21,6451
1447,力鵬,16,0,16,永全-南崁,2024-02-21,6451
3623,富晶通,16,0,16,永全-南崁,2024-02-21,6451
00679B,元大美債20年,17,2,15,永全-南崁,2024-02-21,6451
3481,群創,19,4,15,永全-南崁,2024-02-21,6451
4543,萬在,15,0,15,永全-南崁,2024-02-21,6451
6136,富爾特,20,5,15,永全-南崁,2024-02-21,6451
4968,立積,15,2,13,永全-南崁,2024-02-21,6451
1316,上曜,22,10,12,永全-南崁,2024-02-21,6451
00933B,國泰10Y+金融債,12,0,12,永全-南崁,2024-02-21,6451
2352,佳世達,22,10,12,永全-南崁,2024-02-21,6451
6770,力積電,12,0,12,永全-南崁,2024-02-21,6451
2409,友達,13,2,11,永全-南崁,2024-02-21,6451
2498,宏達電,11,0,11,永全-南崁,2024-02-21,6451
5880,合庫金,10,0,10,永全-南崁,2024-02-21,6451
3041,揚智,20,10,10,永全-南崁,2024-02-21,6451
6282,康舒,45,35,10,永全-南崁,2024-02-21,6451
6456,GIS-KY,10,0,10,永全-南崁,2024-02-21,6451
6517,保勝光學,10,0,10,永全-南崁,2024-02-21,6451
6578,達邦蛋白,10,0,10,永全-南崁,2024-02-21,6451
8081,致新,10,0,10,永全-南崁,2024-02-21,6451
9105,泰金寶-DR,956,400,556,永全-南崁,2024-02-22,6451
5315,光聯,320,0,320,永全-南崁,2024-02-22,6451
1316,上曜,168,12,156,永全-南崁,2024-02-22,6451
00712,復華富時不動產,57,1,56,永全-南崁,2024-02-22,6451
2329,華泰,98,44,54,永全-南崁,2024-02-22,6451
2409,友達,53,0,53,永全-南崁,2024-02-22,6451
00680L,元大美債20正2,50,0,50,永全-南崁,2024-02-22,6451
1524,耿鼎,61,11,50,永全-南崁,2024-02-22,6451
5272,笙科,50,1,49,永全-南崁,2024-02-22,6451
5498,凱崴,38,0,38,永全-南崁,2024-02-22,6451
8105,凌巨,40,3,37,永全-南崁,2024-02-22,6451
2371,大同,41,5,36,永全-南崁,2024-02-22,6451
2618,長榮航,33,2,31,永全-南崁,2024-02-22,6451
2492,華新科,40,10,30,永全-南崁,2024-02-22,6451
3645,達邁,33,3,30,永全-南崁,2024-02-22,6451
6204,艾華,30,1,29,永全-南崁,2024-02-22,6451
5474,聰泰,31,3,28,永全-南崁,2024-02-22,6451
4526,東台,26,0,26,永全-南崁,2024-02-22,6451
2887,台新金,21,0,21,永全-南崁,2024-02-22,6451
3576,聯合再生,20,0,20,永全-南崁,2024-02-22,6451
6788,華景電,20,0,20,永全-南崁,2024-02-22,6451
2201,裕隆,20,1,19,永全-南崁,2024-02-22,6451
3178,公準,21,2,19,永全-南崁,2024-02-22,6451
6156,松上,18,0,18,永全-南崁,2024-02-22,6451
2368,金像電,17,0,17,永全-南崁,2024-02-22,6451
2356,英業達,31,15,16,永全-南崁,2024-02-22,6451
2543,皇昌,18,2,16,永全-南崁,2024-02-22,6451
6799,來頡,16,0,16,永全-南崁,2024-02-22,6451
6530,創威,18,3,15,永全-南崁,2024-02-22,6451
2312,金寶,14,0,14,永全-南崁,2024-02-22,6451
3169,亞信,14,0,14,永全-南崁,2024-02-22,6451
2884,玉山金,13,0,13,永全-南崁,2024-02-22,6451
6770,力積電,13,0,13,永全-南崁,2024-02-22,6451
00687B,國泰20年美債,14,2,12,永全-南崁,2024-02-22,6451
00795B,中信美國公債20年,12,0,12,永全-南崁,2024-02-22,6451
2405,輔信,13,1,12,永全-南崁,2024-02-22,6451
2610,華航,12,0,12,永全-南崁,2024-02-22,6451
6158,禾昌,12,0,12,永全-南崁,2024-02-22,6451
6292,迅德,11,0,11,永全-南崁,2024-02-22,6451
2542,興富發,10,0,10,永全-南崁,2024-02-22,6451
1580,新麥,10,0,10,永全-南崁,2024-02-22,6451
2486,一詮,10,0,10,永全-南崁,2024-02-22,6451
3207,耀勝,10,0,10,永全-南崁,2024-02-22,6451
3450,聯鈞,14,4,10,永全-南崁,2024-02-22,6451
4114,健喬,10,0,10,永全-南崁,2024-02-22,6451
8069,元太,10,0,10,永全-南崁,2024-02-22,6451
8085,福華,11,1,10,永全-南崁,2024-02-22,6451
9946,三發地產,20,10,10,永全-南崁,2024-02-22,6451
3481,群創,10,0,10,永全-南崁,2024-02-22,6451
00919,群益台灣精選高息,53,44,9,永全-南崁,2024-02-22,6451
9105,泰金寶-DR,150,0,150,永全-南崁,2024-02-23,6451
00929,復華台灣科技優息,161,33,128,永全-南崁,2024-02-23,6451
5488,松普,100,0,100,永全-南崁,2024-02-23,6451
2329,華泰,117,30,87,永全-南崁,2024-02-23,6451
5272,笙科,90,20,70,永全-南崁,2024-02-23,6451
2303,聯電,55,9,46,永全-南崁,2024-02-23,6451
00933B,國泰10Y+金融債,50,5,45,永全-南崁,2024-02-23,6451
3712,永崴投控,42,0,42,永全-南崁,2024-02-23,6451
3576,聯合再生,40,5,35,永全-南崁,2024-02-23,6451
2618,長榮航,34,1,33,永全-南崁,2024-02-23,6451
3545,敦泰,30,0,30,永全-南崁,2024-02-23,6451
4173,久裕,30,0,30,永全-南崁,2024-02-23,6451
3231,緯創,87,59,28,永全-南崁,2024-02-23,6451
6120,達運,30,3,27,永全-南崁,2024-02-23,6451
2317,鴻海,27,1,26,永全-南崁,2024-02-23,6451
1514,亞力,56,33,23,永全-南崁,2024-02-23,6451
2356,英業達,44,21,23,永全-南崁,2024-02-23,6451
8110,華東,23,0,23,永全-南崁,2024-02-23,6451
00937B,群益ESG投等債20,56,36,20,永全-南崁,2024-02-23,6451
00665L,富邦�琤肭磪囓�2,20,0,20,永全-南崁,2024-02-23,6451
2897,王道銀行,20,0,20,永全-南崁,2024-02-23,6451
3515,華擎,20,0,20,永全-南崁,2024-02-23,6451
5469,瀚宇博,23,3,20,永全-南崁,2024-02-23,6451
4979,華星光,20,2,18,永全-南崁,2024-02-23,6451
6613,朋億*,22,5,17,永全-南崁,2024-02-23,6451
2312,金寶,16,0,16,永全-南崁,2024-02-23,6451
2357,華碩,17,1,16,永全-南崁,2024-02-23,6451
00753L,中信中國50正2,15,0,15,永全-南崁,2024-02-23,6451
00637L,元大滬深300正2,17,2,15,永全-南崁,2024-02-23,6451
1605,華新,15,0,15,永全-南崁,2024-02-23,6451
2484,希華,14,0,14,永全-南崁,2024-02-23,6451
6770,力積電,14,0,14,永全-南崁,2024-02-23,6451
3481,群創,23,9,14,永全-南崁,2024-02-23,6451
6207,雷科,22,9,13,永全-南崁,2024-02-23,6451
2348,海悅,12,0,12,永全-南崁,2024-02-23,6451
8059,凱碩,16,4,12,永全-南崁,2024-02-23,6451
2367,燿華,11,0,11,永全-南崁,2024-02-23,6451
6117,迎廣,11,0,11,永全-南崁,2024-02-23,6451
6579,研揚,10,0,10,永全-南崁,2024-02-23,6451
5315,光聯,10,0,10,永全-南崁,2024-02-23,6451
00650L,復華香港正2,10,0,10,永全-南崁,2024-02-23,6451
00673R,期元大S＆P原油反1,10,0,10,永全-南崁,2024-02-23,6451
2641,正德,10,0,10,永全-南崁,2024-02-23,6451
2915,潤泰全,10,0,10,永全-南崁,2024-02-23,6451
3149,正達,10,0,10,永全-南崁,2024-02-23,6451
3189,景碩,10,0,10,永全-南崁,2024-02-23,6451
3402,漢科,10,0,10,永全-南崁,2024-02-23,6451
4909,新復興,10,0,10,永全-南崁,2024-02-23,6451
5452,佶優,10,0,10,永全-南崁,2024-02-23,6451
9946,三發地產,10,0,10,永全-南崁,2024-02-23,6451
00632R,元大台灣50反1,500,0,500,永全-南崁,2024-02-26,6451
2834,臺企銀,200,1,199,永全-南崁,2024-02-26,6451
2812,台中銀,200,5,195,永全-南崁,2024-02-26,6451
00937B,群益ESG投等債20,96,0,96,永全-南崁,2024-02-26,6451
4109,加捷生醫,77,10,67,永全-南崁,2024-02-26,6451
00900,富邦特選高股息30,60,0,60,永全-南崁,2024-02-26,6451
3607,谷崧,61,1,60,永全-南崁,2024-02-26,6451
9105,泰金寶-DR,60,0,60,永全-南崁,2024-02-26,6451
00878,國泰永續高股息,52,0,52,永全-南崁,2024-02-26,6451
2313,華通,59,7,52,永全-南崁,2024-02-26,6451
00679B,元大美債20年,45,0,45,永全-南崁,2024-02-26,6451
6226,光鼎,45,0,45,永全-南崁,2024-02-26,6451
00637L,元大滬深300正2,39,10,29,永全-南崁,2024-02-26,6451
00645,富邦日本,27,0,27,永全-南崁,2024-02-26,6451
3570,大塚,25,0,25,永全-南崁,2024-02-26,6451
0056,元大高股息,61,38,23,永全-南崁,2024-02-26,6451
00929,復華台灣科技優息,34,12,22,永全-南崁,2024-02-26,6451
6532,瑞耘,21,0,21,永全-南崁,2024-02-26,6451
6770,力積電,21,0,21,永全-南崁,2024-02-26,6451
2887,台新金,21,1,20,永全-南崁,2024-02-26,6451
3437,榮創,20,0,20,永全-南崁,2024-02-26,6451
4979,華星光,20,0,20,永全-南崁,2024-02-26,6451
3450,聯鈞,20,2,18,永全-南崁,2024-02-26,6451
3312,弘憶股,20,3,17,永全-南崁,2024-02-26,6451
2356,英業達,17,1,16,永全-南崁,2024-02-26,6451
6282,康舒,15,0,15,永全-南崁,2024-02-26,6451
2609,陽明,46,32,14,永全-南崁,2024-02-26,6451
00933B,國泰10Y+金融債,12,0,12,永全-南崁,2024-02-26,6451
1806,冠軍,12,0,12,永全-南崁,2024-02-26,6451
2312,金寶,12,0,12,永全-南崁,2024-02-26,6451
6257,矽格,15,3,12,永全-南崁,2024-02-26,6451
1514,亞力,39,28,11,永全-南崁,2024-02-26,6451
2362,藍天,12,1,11,永全-南崁,2024-02-26,6451
2618,長榮航,13,2,11,永全-南崁,2024-02-26,6451
3047,訊舟,12,1,11,永全-南崁,2024-02-26,6451
4908,前鼎,18,7,11,永全-南崁,2024-02-26,6451
6579,研揚,21,10,11,永全-南崁,2024-02-26,6451
8047,星雲,11,0,11,永全-南崁,2024-02-26,6451
00753L,中信中國50正2,10,0,10,永全-南崁,2024-02-26,6451
00650L,復華香港正2,15,5,10,永全-南崁,2024-02-26,6451
00665L,富邦�琤肭磪囓�2,10,0,10,永全-南崁,2024-02-26,6451
2489,瑞軒,10,0,10,永全-南崁,2024-02-26,6451
2530,華建,10,0,10,永全-南崁,2024-02-26,6451
3354,律勝,11,1,10,永全-南崁,2024-02-26,6451
3489,森寶,10,0,10,永全-南崁,2024-02-26,6451
4960,誠美材,12,2,10,永全-南崁,2024-02-26,6451
6684,安格,11,1,10,永全-南崁,2024-02-26,6451
6691,洋基工程,10,0,10,永全-南崁,2024-02-26,6451
4746,台耀,10,1,9,永全-南崁,2024-02-26,6451
1717,長興,8,0,8,永全-南崁,2024-02-26,6451
00937B,群益ESG投等債20,174,0,174,永全-南崁,2024-02-27,6451
00885,富邦越南,100,0,100,永全-南崁,2024-02-27,6451
5508,永信建,90,0,90,永全-南崁,2024-02-27,6451
00878,國泰永續高股息,89,1,88,永全-南崁,2024-02-27,6451
3231,緯創,68,8,60,永全-南崁,2024-02-27,6451
00679B,元大美債20年,60,2,58,永全-南崁,2024-02-27,6451
2363,矽統,74,21,53,永全-南崁,2024-02-27,6451
2355,敬鵬,53,11,42,永全-南崁,2024-02-27,6451
00929,復華台灣科技優息,61,22,39,永全-南崁,2024-02-27,6451
5272,笙科,37,0,37,永全-南崁,2024-02-27,6451
6188,廣明,37,0,37,永全-南崁,2024-02-27,6451
6770,力積電,37,0,37,永全-南崁,2024-02-27,6451
8096,擎亞,77,44,33,永全-南崁,2024-02-27,6451
2002,中鋼,33,1,32,永全-南崁,2024-02-27,6451
2368,金像電,33,1,32,永全-南崁,2024-02-27,6451
6668,中揚光,37,5,32,永全-南崁,2024-02-27,6451
00632R,元大台灣50反1,30,0,30,永全-南崁,2024-02-27,6451
3006,晶豪科,42,15,27,永全-南崁,2024-02-27,6451
3570,大塚,48,22,26,永全-南崁,2024-02-27,6451
2329,華泰,23,2,21,永全-南崁,2024-02-27,6451
00688L,國泰20年美債正2,20,0,20,永全-南崁,2024-02-27,6451
1568,倉佑,20,0,20,永全-南崁,2024-02-27,6451
2615,萬海,20,0,20,永全-南崁,2024-02-27,6451
8088,品安,21,1,20,永全-南崁,2024-02-27,6451
3149,正達,19,0,19,永全-南崁,2024-02-27,6451
3483,力致,22,3,19,永全-南崁,2024-02-27,6451
1727,中華化,19,1,18,永全-南崁,2024-02-27,6451
1313,聯成,17,0,17,永全-南崁,2024-02-27,6451
2428,興勤,21,5,16,永全-南崁,2024-02-27,6451
1316,上曜,37,22,15,永全-南崁,2024-02-27,6451
2014,中鴻,15,0,15,永全-南崁,2024-02-27,6451
2408,南亞科,16,1,15,永全-南崁,2024-02-27,6451
3217,優群,15,0,15,永全-南崁,2024-02-27,6451
2537,聯上發,14,0,14,永全-南崁,2024-02-27,6451
3706,神達,14,0,14,永全-南崁,2024-02-27,6451
1301,台塑,13,0,13,永全-南崁,2024-02-27,6451
00720B,元大投資級公司債,13,0,13,永全-南崁,2024-02-27,6451
6237,驊訊,19,6,13,永全-南崁,2024-02-27,6451
3032,偉訓,12,0,12,永全-南崁,2024-02-27,6451
3707,漢磊,12,0,12,永全-南崁,2024-02-27,6451
1529,樂事綠能,11,0,11,永全-南崁,2024-02-27,6451
4979,華星光,11,0,11,永全-南崁,2024-02-27,6451
6167,久正,12,1,11,永全-南崁,2024-02-27,6451
6532,瑞耘,11,0,11,永全-南崁,2024-02-27,6451
6125,廣運,11,1,10,永全-南崁,2024-02-27,6451
00909,國泰數位支付服務,10,0,10,永全-南崁,2024-02-27,6451
00665L,富邦�琤肭磪囓�2,20,10,10,永全-南崁,2024-02-27,6451
00687B,國泰20年美債,10,0,10,永全-南崁,2024-02-27,6451
1618,合機,10,0,10,永全-南崁,2024-02-27,6451
1725,元禎,12,2,10,永全-南崁,2024-02-27,6451
00929,復華台灣科技優息,177,14,163,永全-南崁,2024-02-29,6451
00706L,期元大S＆P日圓正2,60,0,60,永全-南崁,2024-02-29,6451
2369,菱生,55,0,55,永全-南崁,2024-02-29,6451
3607,谷崧,106,52,54,永全-南崁,2024-02-29,6451
00919,群益台灣精選高息,46,2,44,永全-南崁,2024-02-29,6451
00637L,元大滬深300正2,38,0,38,永全-南崁,2024-02-29,6451
00933B,國泰10Y+金融債,30,0,30,永全-南崁,2024-02-29,6451
1101,台泥,27,0,27,永全-南崁,2024-02-29,6451
6139,亞翔,26,2,24,永全-南崁,2024-02-29,6451
3576,聯合再生,25,2,23,永全-南崁,2024-02-29,6451
2888,新光金,20,0,20,永全-南崁,2024-02-29,6451
3038,全台,20,0,20,永全-南崁,2024-02-29,6451
8930,青鋼,20,0,20,永全-南崁,2024-02-29,6451
2317,鴻海,26,8,18,永全-南崁,2024-02-29,6451
3032,偉訓,20,3,17,永全-南崁,2024-02-29,6451
2412,中華電,16,0,16,永全-南崁,2024-02-29,6451
00688L,國泰20年美債正2,15,0,15,永全-南崁,2024-02-29,6451
3490,單井,15,0,15,永全-南崁,2024-02-29,6451
4904,遠傳,15,0,15,永全-南崁,2024-02-29,6451
1522,堤維西,46,32,14,永全-南崁,2024-02-29,6451
6579,研揚,14,1,13,永全-南崁,2024-02-29,6451
2504,國產,11,0,11,永全-南崁,2024-02-29,6451
1580,新麥,10,0,10,永全-南崁,2024-02-29,6451
1591,駿吉-KY,10,0,10,永全-南崁,2024-02-29,6451
1711,永光,10,0,10,永全-南崁,2024-02-29,6451
2352,佳世達,10,0,10,永全-南崁,2024-02-29,6451
2457,飛宏,10,0,10,永全-南崁,2024-02-29,6451
3339,泰谷,10,0,10,永全-南崁,2024-02-29,6451
6126,信音,11,1,10,永全-南崁,2024-02-29,6451
6216,居易,10,0,10,永全-南崁,2024-02-29,6451
8996,高力,10,0,10,永全-南崁,2024-02-29,6451
1608,華榮,10,1,9,永全-南崁,2024-02-29,6451
6147,頎邦,11,2,9,永全-南崁,2024-02-29,6451
00795B,中信美國公債20年,7,0,7,永全-南崁,2024-02-29,6451
00878,國泰永續高股息,10,3,7,永全-南崁,2024-02-29,6451
1785,光洋科,8,1,7,永全-南崁,2024-02-29,6451
6442,光聖,7,0,7,永全-南崁,2024-02-29,6451
8069,元太,12,5,7,永全-南崁,2024-02-29,6451
3049,精金,6,0,6,永全-南崁,2024-02-29,6451
3321,同泰,6,0,6,永全-南崁,2024-02-29,6451
00900,富邦特選高股息30,5,0,5,永全-南崁,2024-02-29,6451
1795,美時,5,0,5,永全-南崁,2024-02-29,6451
2327,國巨,9,4,5,永全-南崁,2024-02-29,6451
2428,興勤,5,0,5,永全-南崁,2024-02-29,6451
2453,凌群,5,0,5,永全-南崁,2024-02-29,6451
2855,統一證,5,0,5,永全-南崁,2024-02-29,6451
5351,鈺創,20,15,5,永全-南崁,2024-02-29,6451
5512,力麒,5,0,5,永全-南崁,2024-02-29,6451
6116,彩晶,5,0,5,永全-南崁,2024-02-29,6451
6285,啟��,12,7,5,永全-南崁,2024-02-29,6451
2834,臺企銀,300,0,300,永全-南崁,2024-03-01,6451
00929,復華台灣科技優息,171,18,153,永全-南崁,2024-03-01,6451
8105,凌巨,126,1,125,永全-南崁,2024-03-01,6451
00919,群益台灣精選高息,102,0,102,永全-南崁,2024-03-01,6451
2637,慧洋-KY,80,0,80,永全-南崁,2024-03-01,6451
2201,裕隆,80,3,77,永全-南崁,2024-03-01,6451
3338,泰碩,62,3,59,永全-南崁,2024-03-01,6451
6494,九齊,57,0,57,永全-南崁,2024-03-01,6451
00673R,期元大S＆P原油反1,50,0,50,永全-南崁,2024-03-01,6451
00637L,元大滬深300正2,37,0,37,永全-南崁,2024-03-01,6451
8131,福懋科,36,0,36,永全-南崁,2024-03-01,6451
1725,元禎,34,0,34,永全-南崁,2024-03-01,6451
2002,中鋼,33,0,33,永全-南崁,2024-03-01,6451
2329,華泰,36,6,30,永全-南崁,2024-03-01,6451
4109,加捷生醫,30,0,30,永全-南崁,2024-03-01,6451
8926,台汽電,30,0,30,永全-南崁,2024-03-01,6451
3570,大塚,35,7,28,永全-南崁,2024-03-01,6451
2495,普安,27,0,27,永全-南崁,2024-03-01,6451
4543,萬在,31,6,25,永全-南崁,2024-03-01,6451
3607,谷崧,24,0,24,永全-南崁,2024-03-01,6451
1316,上曜,61,39,22,永全-南崁,2024-03-01,6451
3322,建舜電,52,30,22,永全-南崁,2024-03-01,6451
00687B,國泰20年美債,20,0,20,永全-南崁,2024-03-01,6451
2020,美亞,20,0,20,永全-南崁,2024-03-01,6451
2355,敬鵬,20,0,20,永全-南崁,2024-03-01,6451
2362,藍天,20,0,20,永全-南崁,2024-03-01,6451
2492,華新科,22,2,20,永全-南崁,2024-03-01,6451
4951,精拓科,21,1,20,永全-南崁,2024-03-01,6451
8040,九暘,24,4,20,永全-南崁,2024-03-01,6451
2317,鴻海,34,15,19,永全-南崁,2024-03-01,6451
00937B,群益ESG投等債20,28,10,18,永全-南崁,2024-03-01,6451
1815,富喬,18,0,18,永全-南崁,2024-03-01,6451
2356,英業達,33,15,18,永全-南崁,2024-03-01,6451
2365,昆盈,21,3,18,永全-南崁,2024-03-01,6451
2421,建準,21,3,18,永全-南崁,2024-03-01,6451
00918,大華優利高填息30,18,1,17,永全-南崁,2024-03-01,6451
1513,中興電,22,5,17,永全-南崁,2024-03-01,6451
2440,太空梭,16,0,16,永全-南崁,2024-03-01,6451
8064,東捷,27,11,16,永全-南崁,2024-03-01,6451
2618,長榮航,30,15,15,永全-南崁,2024-03-01,6451
6290,良維,20,5,15,永全-南崁,2024-03-01,6451
5871,中租-KY,14,0,14,永全-南崁,2024-03-01,6451
6231,系微,13,0,13,永全-南崁,2024-03-01,6451
1795,美時,13,0,13,永全-南崁,2024-03-01,6451
2303,聯電,13,0,13,永全-南崁,2024-03-01,6451
2855,統一證,13,0,13,永全-南崁,2024-03-01,6451
2405,輔信,11,0,11,永全-南崁,2024-03-01,6451
4906,正文,11,0,11,永全-南崁,2024-03-01,6451
6282,康舒,16,5,11,永全-南崁,2024-03-01,6451
8085,福華,18,7,11,永全-南崁,2024-03-01,6451
2382,廣達,110,11,99,永全-南崁,2024-03-04,6451
6156,松上,100,25,75,永全-南崁,2024-03-04,6451
2344,華邦電,102,28,74,永全-南崁,2024-03-04,6451
2369,菱生,58,5,53,永全-南崁,2024-03-04,6451
2106,建大,50,0,50,永全-南崁,2024-03-04,6451
5315,光聯,50,4,46,永全-南崁,2024-03-04,6451
2324,仁寶,73,33,40,永全-南崁,2024-03-04,6451
3570,大塚,30,0,30,永全-南崁,2024-03-04,6451
6139,亞翔,30,0,30,永全-南崁,2024-03-04,6451
8049,晶采,30,0,30,永全-南崁,2024-03-04,6451
6125,廣運,62,34,28,永全-南崁,2024-03-04,6451
1710,東聯,27,0,27,永全-南崁,2024-03-04,6451
00687B,國泰20年美債,25,1,24,永全-南崁,2024-03-04,6451
00918,大華優利高填息30,22,0,22,永全-南崁,2024-03-04,6451
3545,敦泰,21,0,21,永全-南崁,2024-03-04,6451
2027,大成鋼,20,0,20,永全-南崁,2024-03-04,6451
5272,笙科,20,0,20,永全-南崁,2024-03-04,6451
1609,大亞,21,1,20,永全-南崁,2024-03-04,6451
3231,緯創,38,21,17,永全-南崁,2024-03-04,6451
1456,怡華,16,0,16,永全-南崁,2024-03-04,6451
3322,建舜電,16,0,16,永全-南崁,2024-03-04,6451
3450,聯鈞,33,17,16,永全-南崁,2024-03-04,6451
4909,新復興,16,0,16,永全-南崁,2024-03-04,6451
4915,致伸,30,14,16,永全-南崁,2024-03-04,6451
6265,方土昶,16,0,16,永全-南崁,2024-03-04,6451
6288,聯嘉,16,0,16,永全-南崁,2024-03-04,6451
2408,南亞科,15,0,15,永全-南崁,2024-03-04,6451
6706,惠特,15,0,15,永全-南崁,2024-03-04,6451
00933B,國泰10Y+金融債,14,0,14,永全-南崁,2024-03-04,6451
1513,中興電,22,9,13,永全-南崁,2024-03-04,6451
1409,新纖,12,0,12,永全-南崁,2024-03-04,6451
2390,云辰,12,0,12,永全-南崁,2024-03-04,6451
3356,奇偶,32,20,12,永全-南崁,2024-03-04,6451
3032,偉訓,11,0,11,永全-南崁,2024-03-04,6451
3260,威剛,12,1,11,永全-南崁,2024-03-04,6451
3360,尚立,11,0,11,永全-南崁,2024-03-04,6451
00937B,群益ESG投等債20,10,0,10,永全-南崁,2024-03-04,6451
1580,新麥,10,0,10,永全-南崁,2024-03-04,6451
2029,盛餘,10,0,10,永全-南崁,2024-03-04,6451
6126,信音,10,0,10,永全-南崁,2024-03-04,6451
6233,旺玖,10,0,10,永全-南崁,2024-03-04,6451
6282,康舒,21,11,10,永全-南崁,2024-03-04,6451
6691,洋基工程,10,0,10,永全-南崁,2024-03-04,6451
6806,森崴能源,12,2,10,永全-南崁,2024-03-04,6451
9958,世紀鋼,10,0,10,永全-南崁,2024-03-04,6451
3059,華晶科,9,0,9,永全-南崁,2024-03-04,6451
3062,建漢,15,6,9,永全-南崁,2024-03-04,6451
4968,立積,11,2,9,永全-南崁,2024-03-04,6451
2888,新光金,8,0,8,永全-南崁,2024-03-04,6451
1514,亞力,11,3,8,永全-南崁,2024-03-04,6451
2834,臺企銀,400,1,399,永全-南崁,2024-03-05,6451
2485,兆赫,280,15,265,永全-南崁,2024-03-05,6451
2305,全友,125,0,125,永全-南崁,2024-03-05,6451
2324,仁寶,133,9,124,永全-南崁,2024-03-05,6451
9105,泰金寶-DR,71,0,71,永全-南崁,2024-03-05,6451
2355,敬鵬,52,4,48,永全-南崁,2024-03-05,6451
00878,國泰永續高股息,56,9,47,永全-南崁,2024-03-05,6451
00919,群益台灣精選高息,46,1,45,永全-南崁,2024-03-05,6451
4979,華星光,40,1,39,永全-南崁,2024-03-05,6451
6443,元晶,38,0,38,永全-南崁,2024-03-05,6451
8034,榮群,38,0,38,永全-南崁,2024-03-05,6451
8358,金居,37,0,37,永全-南崁,2024-03-05,6451
5426,振發,38,3,35,永全-南崁,2024-03-05,6451
6207,雷科,45,10,35,永全-南崁,2024-03-05,6451
2387,精元,30,0,30,永全-南崁,2024-03-05,6451
2913,農林,30,0,30,永全-南崁,2024-03-05,6451
3260,威剛,42,12,30,永全-南崁,2024-03-05,6451
1326,台化,30,2,28,永全-南崁,2024-03-05,6451
2002,中鋼,30,2,28,永全-南崁,2024-03-05,6451
1605,華新,30,3,27,永全-南崁,2024-03-05,6451
6125,廣運,28,5,23,永全-南崁,2024-03-05,6451
00937B,群益ESG投等債20,25,2,23,永全-南崁,2024-03-05,6451
2332,友訊,21,0,21,永全-南崁,2024-03-05,6451
2027,大成鋼,30,10,20,永全-南崁,2024-03-05,6451
2481,強茂,20,0,20,永全-南崁,2024-03-05,6451
3437,榮創,20,0,20,永全-南崁,2024-03-05,6451
5864,致和證,20,0,20,永全-南崁,2024-03-05,6451
2303,聯電,29,10,19,永全-南崁,2024-03-05,6451
6190,萬泰科,35,16,19,永全-南崁,2024-03-05,6451
6494,九齊,20,1,19,永全-南崁,2024-03-05,6451
3481,群創,18,0,18,永全-南崁,2024-03-05,6451
8163,達方,22,4,18,永全-南崁,2024-03-05,6451
00915,凱基優選高股息30,18,2,16,永全-南崁,2024-03-05,6451
6139,亞翔,15,0,15,永全-南崁,2024-03-05,6451
3354,律勝,13,0,13,永全-南崁,2024-03-05,6451
3548,兆利,13,0,13,永全-南崁,2024-03-05,6451
2308,台達電,12,0,12,永全-南崁,2024-03-05,6451
6414,樺漢,12,0,12,永全-南崁,2024-03-05,6451
6799,來頡,13,1,12,永全-南崁,2024-03-05,6451
6829,千附精密,12,0,12,永全-南崁,2024-03-05,6451
8054,安國,13,1,12,永全-南崁,2024-03-05,6451
00918,大華優利高填息30,11,0,11,永全-南崁,2024-03-05,6451
00907,永豐優息存股,10,0,10,永全-南崁,2024-03-05,6451
1513,中興電,24,14,10,永全-南崁,2024-03-05,6451
2369,菱生,10,0,10,永全-南崁,2024-03-05,6451
2409,友達,10,0,10,永全-南崁,2024-03-05,6451
2417,圓剛,10,0,10,永全-南崁,2024-03-05,6451
2444,兆勁,10,0,10,永全-南崁,2024-03-05,6451
2461,光群雷,10,0,10,永全-南崁,2024-03-05,6451
2609,陽明,12,2,10,永全-南崁,2024-03-05,6451
6207,雷科,166,0,166,永全-南崁,2024-03-06,6451
3481,群創,102,0,102,永全-南崁,2024-03-06,6451
4513,福裕,100,0,100,永全-南崁,2024-03-06,6451
00919,群益台灣精選高息,105,7,98,永全-南崁,2024-03-06,6451
2495,普安,80,4,76,永全-南崁,2024-03-06,6451
3044,健鼎,65,3,62,永全-南崁,2024-03-06,6451
6125,廣運,96,37,59,永全-南崁,2024-03-06,6451
1609,大亞,71,12,59,永全-南崁,2024-03-06,6451
00751B,元大AAA至A公司債,51,0,51,永全-南崁,2024-03-06,6451
2603,長榮,34,0,34,永全-南崁,2024-03-06,6451
3669,圓展,34,0,34,永全-南崁,2024-03-06,6451
6108,競國,30,1,29,永全-南崁,2024-03-06,6451
2305,全友,25,0,25,永全-南崁,2024-03-06,6451
2634,漢翔,29,4,25,永全-南崁,2024-03-06,6451
5425,台半,24,0,24,永全-南崁,2024-03-06,6451
1455,集盛,23,0,23,永全-南崁,2024-03-06,6451
00918,大華優利高填息30,22,0,22,永全-南崁,2024-03-06,6451
3338,泰碩,50,29,21,永全-南崁,2024-03-06,6451
6712,長聖,21,0,21,永全-南崁,2024-03-06,6451
1312,國喬,20,0,20,永全-南崁,2024-03-06,6451
1605,華新,20,2,18,永全-南崁,2024-03-06,6451
2352,佳世達,45,28,17,永全-南崁,2024-03-06,6451
00679B,元大美債20年,20,3,17,永全-南崁,2024-03-06,6451
2356,英業達,21,5,16,永全-南崁,2024-03-06,6451
1612,宏泰,15,0,15,永全-南崁,2024-03-06,6451
6290,良維,24,9,15,永全-南崁,2024-03-06,6451
5488,松普,15,1,14,永全-南崁,2024-03-06,6451
6126,信音,16,2,14,永全-南崁,2024-03-06,6451
2353,宏��,13,0,13,永全-南崁,2024-03-06,6451
00937B,群益ESG投等債20,13,0,13,永全-南崁,2024-03-06,6451
00915,凱基優選高股息30,13,0,13,永全-南崁,2024-03-06,6451
2363,矽統,15,2,13,永全-南崁,2024-03-06,6451
3570,大塚,35,24,11,永全-南崁,2024-03-06,6451
6237,驊訊,12,1,11,永全-南崁,2024-03-06,6451
6770,力積電,11,0,11,永全-南崁,2024-03-06,6451
8028,昇陽半導體,11,0,11,永全-南崁,2024-03-06,6451
1718,中纖,10,0,10,永全-南崁,2024-03-06,6451
2323,中環,10,0,10,永全-南崁,2024-03-06,6451
2387,精元,10,0,10,永全-南崁,2024-03-06,6451
2481,強茂,10,0,10,永全-南崁,2024-03-06,6451
2884,玉山金,10,0,10,永全-南崁,2024-03-06,6451
3002,歐格,10,0,10,永全-南崁,2024-03-06,6451
3313,斐成,10,0,10,永全-南崁,2024-03-06,6451
3564,其陽,11,1,10,永全-南崁,2024-03-06,6451
4128,中天,10,0,10,永全-南崁,2024-03-06,6451
4919,新唐,10,0,10,永全-南崁,2024-03-06,6451
4927,泰鼎-KY,10,0,10,永全-南崁,2024-03-06,6451
6120,達運,10,0,10,永全-南崁,2024-03-06,6451
6164,華興,10,0,10,永全-南崁,2024-03-06,6451
9933,中鼎,10,0,10,永全-南崁,2024-03-06,6451
00632R,元大台灣50反1,620,0,620,永全-南崁,2024-03-07,6451
5521,工信,189,20,169,永全-南崁,2024-03-07,6451
1714,和桐,130,0,130,永全-南崁,2024-03-07,6451
00882,中信中國高股息,136,10,126,永全-南崁,2024-03-07,6451
2002,中鋼,90,0,90,永全-南崁,2024-03-07,6451
00937B,群益ESG投等債20,97,10,87,永全-南崁,2024-03-07,6451
1815,富喬,129,48,81,永全-南崁,2024-03-07,6451
8112,至上,90,21,69,永全-南崁,2024-03-07,6451
8423,保綠-KY,66,0,66,永全-南崁,2024-03-07,6451
5607,遠雄港,61,0,61,永全-南崁,2024-03-07,6451
2305,全友,56,0,56,永全-南崁,2024-03-07,6451
2106,建大,49,0,49,永全-南崁,2024-03-07,6451
3264,欣銓,45,5,40,永全-南崁,2024-03-07,6451
2365,昆盈,37,2,35,永全-南崁,2024-03-07,6451
00679B,元大美債20年,32,2,30,永全-南崁,2024-03-07,6451
00931B,統一美債20年,30,0,30,永全-南崁,2024-03-07,6451
6698,旭暉應材,30,1,29,永全-南崁,2024-03-07,6451
00918,大華優利高填息30,29,0,29,永全-南崁,2024-03-07,6451
3540,曜越,53,25,28,永全-南崁,2024-03-07,6451
5398,慕康生醫,72,44,28,永全-南崁,2024-03-07,6451
6770,力積電,27,1,26,永全-南崁,2024-03-07,6451
4960,誠美材,25,0,25,永全-南崁,2024-03-07,6451
8358,金居,27,2,25,永全-南崁,2024-03-07,6451
1805,寶徠,23,0,23,永全-南崁,2024-03-07,6451
8261,富鼎,23,0,23,永全-南崁,2024-03-07,6451
1455,集盛,38,17,21,永全-南崁,2024-03-07,6451
1795,美時,21,0,21,永全-南崁,2024-03-07,6451
2634,漢翔,21,1,20,永全-南崁,2024-03-07,6451
9945,潤泰新,20,0,20,永全-南崁,2024-03-07,6451
00933B,國泰10Y+金融債,22,2,20,永全-南崁,2024-03-07,6451
2301,光寶科,22,2,20,永全-南崁,2024-03-07,6451
2367,燿華,47,27,20,永全-南崁,2024-03-07,6451
2615,萬海,20,0,20,永全-南崁,2024-03-07,6451
3325,旭品,21,1,20,永全-南崁,2024-03-07,6451
3587,閎康,20,0,20,永全-南崁,2024-03-07,6451
4909,新復興,27,7,20,永全-南崁,2024-03-07,6451
5498,凱崴,20,0,20,永全-南崁,2024-03-07,6451
6288,聯嘉,20,0,20,永全-南崁,2024-03-07,6451
2340,台亞,18,0,18,永全-南崁,2024-03-07,6451
6732,昇佳電子,17,0,17,永全-南崁,2024-03-07,6451
1101,台泥,20,4,16,永全-南崁,2024-03-07,6451
2329,華泰,16,0,16,永全-南崁,2024-03-07,6451
2610,華航,16,0,16,永全-南崁,2024-03-07,6451
6462,神盾,23,8,15,永全-南崁,2024-03-07,6451
00927,群益半導體收益,15,0,15,永全-南崁,2024-03-07,6451
2368,金像電,21,6,15,永全-南崁,2024-03-07,6451
2485,兆赫,17,2,15,永全-南崁,2024-03-07,6451
3163,波若威,20,5,15,永全-南崁,2024-03-07,6451
2461,光群雷,14,0,14,永全-南崁,2024-03-07,6451
3694,海華,14,0,14,永全-南崁,2024-03-07,6451
1718,中纖,200,0,200,永全-南崁,2024-03-08,6451
00632R,元大台灣50反1,210,100,110,永全-南崁,2024-03-08,6451
8390,金益鼎,100,0,100,永全-南崁,2024-03-08,6451
6218,豪勉,92,2,90,永全-南崁,2024-03-08,6451
2412,中華電,76,3,73,永全-南崁,2024-03-08,6451
1313,聯成,67,0,67,永全-南崁,2024-03-08,6451
5478,智冠,66,1,65,永全-南崁,2024-03-08,6451
2352,佳世達,56,0,56,永全-南崁,2024-03-08,6451
00919,群益台灣精選高息,170,117,53,永全-南崁,2024-03-08,6451
8054,安國,51,0,51,永全-南崁,2024-03-08,6451
5608,四維航,50,0,50,永全-南崁,2024-03-08,6451
2905,三商,49,0,49,永全-南崁,2024-03-08,6451
2317,鴻海,66,21,45,永全-南崁,2024-03-08,6451
2323,中環,45,0,45,永全-南崁,2024-03-08,6451
3570,大塚,45,0,45,永全-南崁,2024-03-08,6451
2358,廷鑫,50,10,40,永全-南崁,2024-03-08,6451
6494,九齊,40,0,40,永全-南崁,2024-03-08,6451
00937B,群益ESG投等債20,39,0,39,永全-南崁,2024-03-08,6451
1605,華新,41,4,37,永全-南崁,2024-03-08,6451
3006,晶豪科,36,2,34,永全-南崁,2024-03-08,6451
2368,金像電,32,0,32,永全-南崁,2024-03-08,6451
6285,啟��,32,1,31,永全-南崁,2024-03-08,6451
2025,千興,30,0,30,永全-南崁,2024-03-08,6451
00929,復華台灣科技優息,84,58,26,永全-南崁,2024-03-08,6451
3481,群創,27,2,25,永全-南崁,2024-03-08,6451
6190,萬泰科,26,1,25,永全-南崁,2024-03-08,6451
00679B,元大美債20年,22,0,22,永全-南崁,2024-03-08,6451
6127,九豪,21,0,21,永全-南崁,2024-03-08,6451
6125,廣運,22,2,20,永全-南崁,2024-03-08,6451
1447,力鵬,20,0,20,永全-南崁,2024-03-08,6451
2109,華豐,20,0,20,永全-南崁,2024-03-08,6451
5607,遠雄港,20,0,20,永全-南崁,2024-03-08,6451
6288,聯嘉,20,0,20,永全-南崁,2024-03-08,6451
8936,國統,23,3,20,永全-南崁,2024-03-08,6451
2449,京元電子,47,28,19,永全-南崁,2024-03-08,6451
1456,怡華,15,0,15,永全-南崁,2024-03-08,6451
1540,喬福,15,0,15,永全-南崁,2024-03-08,6451
3231,緯創,31,17,14,永全-南崁,2024-03-08,6451
2465,麗臺,13,0,13,永全-南崁,2024-03-08,6451
2634,漢翔,13,0,13,永全-南崁,2024-03-08,6451
4128,中天,13,0,13,永全-南崁,2024-03-08,6451
5386,青雲,15,2,13,永全-南崁,2024-03-08,6451
00915,凱基優選高股息30,13,1,12,永全-南崁,2024-03-08,6451
3171,炎洲流通,12,0,12,永全-南崁,2024-03-08,6451
1609,大亞,12,1,11,永全-南崁,2024-03-08,6451
2408,南亞科,12,1,11,永全-南崁,2024-03-08,6451
4707,磐亞,11,0,11,永全-南崁,2024-03-08,6451
8358,金居,11,0,11,永全-南崁,2024-03-08,6451
1312,國喬,10,0,10,永全-南崁,2024-03-08,6451
00830,國泰費城半導體,10,0,10,永全-南崁,2024-03-08,6451
00919,群益台灣精選高息,229,116,113,永全-南崁,2024-03-11,6451
3605,宏致,100,0,100,永全-南崁,2024-03-11,6451
5410,國眾,95,0,95,永全-南崁,2024-03-11,6451
4513,福裕,142,60,82,永全-南崁,2024-03-11,6451
3669,圓展,70,6,64,永全-南崁,2024-03-11,6451
1101,台泥,62,4,58,永全-南崁,2024-03-11,6451
00712,復華富時不動產,50,0,50,永全-南崁,2024-03-11,6451
8011,台通,51,2,49,永全-南崁,2024-03-11,6451
5508,永信建,40,1,39,永全-南崁,2024-03-11,6451
8936,國統,32,1,31,永全-南崁,2024-03-11,6451
00929,復華台灣科技優息,30,0,30,永全-南崁,2024-03-11,6451
1517,利奇,30,0,30,永全-南崁,2024-03-11,6451
6616,特昇-KY,30,0,30,永全-南崁,2024-03-11,6451
8054,安國,29,0,29,永全-南崁,2024-03-11,6451
2002,中鋼,27,0,27,永全-南崁,2024-03-11,6451
6139,亞翔,26,1,25,永全-南崁,2024-03-11,6451
2610,華航,31,10,21,永全-南崁,2024-03-11,6451
5529,鉅陞,21,0,21,永全-南崁,2024-03-11,6451
2228,劍麟,20,0,20,永全-南崁,2024-03-11,6451
2838,聯邦銀,20,0,20,永全-南崁,2024-03-11,6451
3289,宜特,20,0,20,永全-南崁,2024-03-11,6451
6016,康和證,20,0,20,永全-南崁,2024-03-11,6451
00922,國泰台灣領袖50,16,0,16,永全-南崁,2024-03-11,6451
00918,大華優利高填息30,16,0,16,永全-南崁,2024-03-11,6451
3689,湧德,19,3,16,永全-南崁,2024-03-11,6451
1455,集盛,15,0,15,永全-南崁,2024-03-11,6451
3093,港建*,15,0,15,永全-南崁,2024-03-11,6451
6220,岳豐,15,0,15,永全-南崁,2024-03-11,6451
6290,良維,15,0,15,永全-南崁,2024-03-11,6451
2324,仁寶,14,0,14,永全-南崁,2024-03-11,6451
00937B,群益ESG投等債20,14,0,14,永全-南崁,2024-03-11,6451
3703,欣陸,14,0,14,永全-南崁,2024-03-11,6451
6462,神盾,25,12,13,永全-南崁,2024-03-11,6451
1316,上曜,23,11,12,永全-南崁,2024-03-11,6451
2230,泰茂,11,0,11,永全-南崁,2024-03-11,6451
2356,英業達,24,13,11,永全-南崁,2024-03-11,6451
2543,皇昌,19,8,11,永全-南崁,2024-03-11,6451
3707,漢磊,17,6,11,永全-南崁,2024-03-11,6451
6182,合晶,11,0,11,永全-南崁,2024-03-11,6451
6274,台燿,15,5,10,永全-南崁,2024-03-11,6451
2305,全友,10,0,10,永全-南崁,2024-03-11,6451
2618,長榮航,42,32,10,永全-南崁,2024-03-11,6451
2845,遠東銀,10,0,10,永全-南崁,2024-03-11,6451
3042,晶技,10,0,10,永全-南崁,2024-03-11,6451
3171,炎洲流通,10,0,10,永全-南崁,2024-03-11,6451
3313,斐成,10,0,10,永全-南崁,2024-03-11,6451
3596,智易,10,0,10,永全-南崁,2024-03-11,6451
3617,碩天,11,1,10,永全-南崁,2024-03-11,6451
4960,誠美材,10,0,10,永全-南崁,2024-03-11,6451
6163,華電網,15,5,10,永全-南崁,2024-03-11,6451
2323,中環,499,139,360,永全-南崁,2024-03-12,6451
2834,臺企銀,200,52,148,永全-南崁,2024-03-12,6451
1605,華新,73,2,71,永全-南崁,2024-03-12,6451
00712,復華富時不動產,70,0,70,永全-南崁,2024-03-12,6451
2367,燿華,145,75,70,永全-南崁,2024-03-12,6451
00934,中信成長高股息,50,0,50,永全-南崁,2024-03-12,6451
1517,利奇,50,0,50,永全-南崁,2024-03-12,6451
2359,所羅門,50,5,45,永全-南崁,2024-03-12,6451
2467,志聖,45,0,45,永全-南崁,2024-03-12,6451
00919,群益台灣精選高息,99,56,43,永全-南崁,2024-03-12,6451
2353,宏��,60,17,43,永全-南崁,2024-03-12,6451
2352,佳世達,37,0,37,永全-南崁,2024-03-12,6451
8112,至上,36,2,34,永全-南崁,2024-03-12,6451
5443,均豪,31,0,31,永全-南崁,2024-03-12,6451
6290,良維,29,0,29,永全-南崁,2024-03-12,6451
00918,大華優利高填息30,26,0,26,永全-南崁,2024-03-12,6451
2355,敬鵬,26,2,24,永全-南崁,2024-03-12,6451
3437,榮創,20,0,20,永全-南崁,2024-03-12,6451
4960,誠美材,20,0,20,永全-南崁,2024-03-12,6451
5469,瀚宇博,20,0,20,永全-南崁,2024-03-12,6451
00878,國泰永續高股息,24,5,19,永全-南崁,2024-03-12,6451
00927,群益半導體收益,17,0,17,永全-南崁,2024-03-12,6451
2610,華航,17,3,14,永全-南崁,2024-03-12,6451
2801,彰銀,14,0,14,永全-南崁,2024-03-12,6451
3006,晶豪科,16,2,14,永全-南崁,2024-03-12,6451
0056,元大高股息,15,2,13,永全-南崁,2024-03-12,6451
3062,建漢,23,10,13,永全-南崁,2024-03-12,6451
5478,智冠,14,1,13,永全-南崁,2024-03-12,6451
1815,富喬,13,1,12,永全-南崁,2024-03-12,6451
3707,漢磊,12,0,12,永全-南崁,2024-03-12,6451
2301,光寶科,11,0,11,永全-南崁,2024-03-12,6451
2313,華通,44,33,11,永全-南崁,2024-03-12,6451
2371,大同,11,0,11,永全-南崁,2024-03-12,6451
2637,慧洋-KY,11,0,11,永全-南崁,2024-03-12,6451
6770,力積電,13,2,11,永全-南崁,2024-03-12,6451
00936,台新永續高息中小,10,0,10,永全-南崁,2024-03-12,6451
00715L,期街口布蘭特正2,10,0,10,永全-南崁,2024-03-12,6451
00857B,永豐20年美公債,10,0,10,永全-南崁,2024-03-12,6451
2358,廷鑫,15,5,10,永全-南崁,2024-03-12,6451
2408,南亞科,10,0,10,永全-南崁,2024-03-12,6451
2884,玉山金,10,0,10,永全-南崁,2024-03-12,6451
3043,科風,10,0,10,永全-南崁,2024-03-12,6451
3149,正達,10,0,10,永全-南崁,2024-03-12,6451
3591,艾笛森,10,0,10,永全-南崁,2024-03-12,6451
3669,圓展,10,0,10,永全-南崁,2024-03-12,6451
5498,凱崴,11,1,10,永全-南崁,2024-03-12,6451
6160,欣技,10,0,10,永全-南崁,2024-03-12,6451
6282,康舒,10,0,10,永全-南崁,2024-03-12,6451
8048,德勝,10,0,10,永全-南崁,2024-03-12,6451
00720B,元大投資級公司債,10,1,9,永全-南崁,2024-03-12,6451
00665L,富邦�琤肭磪囓�2,257,0,257,永全-南崁,2024-03-13,6451
00919,群益台灣精選高息,191,32,159,永全-南崁,2024-03-13,6451
2201,裕隆,149,0,149,永全-南崁,2024-03-13,6451
2324,仁寶,103,7,96,永全-南崁,2024-03-13,6451
3231,緯創,108,29,79,永全-南崁,2024-03-13,6451
3171,炎洲流通,77,0,77,永全-南崁,2024-03-13,6451
1802,台玻,70,0,70,永全-南崁,2024-03-13,6451
5443,均豪,54,2,52,永全-南崁,2024-03-13,6451
8936,國統,50,2,48,永全-南崁,2024-03-13,6451
2540,愛山林,43,0,43,永全-南崁,2024-03-13,6451
00927,群益半導體收益,40,0,40,永全-南崁,2024-03-13,6451
4906,正文,40,1,39,永全-南崁,2024-03-13,6451
3564,其陽,37,0,37,永全-南崁,2024-03-13,6451
00918,大華優利高填息30,51,19,32,永全-南崁,2024-03-13,6451
3570,大塚,32,0,32,永全-南崁,2024-03-13,6451
1605,華新,31,0,31,永全-南崁,2024-03-13,6451
1815,富喬,55,24,31,永全-南崁,2024-03-13,6451
3071,協禧,37,8,29,永全-南崁,2024-03-13,6451
6125,廣運,35,8,27,永全-南崁,2024-03-13,6451
2408,南亞科,25,2,23,永全-南崁,2024-03-13,6451
4956,光鋐,24,1,23,永全-南崁,2024-03-13,6451
00878,國泰永續高股息,24,2,22,永全-南崁,2024-03-13,6451
00676R,富邦臺灣加權反1,20,0,20,永全-南崁,2024-03-13,6451
1785,光洋科,25,5,20,永全-南崁,2024-03-13,6451
2845,遠東銀,21,1,20,永全-南崁,2024-03-13,6451
3030,德律,20,0,20,永全-南崁,2024-03-13,6451
4915,致伸,20,0,20,永全-南崁,2024-03-13,6451
6416,瑞祺電通,20,0,20,永全-南崁,2024-03-13,6451
6605,帝寶,25,5,20,永全-南崁,2024-03-13,6451
1608,華榮,34,15,19,永全-南崁,2024-03-13,6451
2002,中鋼,22,3,19,永全-南崁,2024-03-13,6451
6141,柏承,17,0,17,永全-南崁,2024-03-13,6451
6274,台燿,18,1,17,永全-南崁,2024-03-13,6451
6530,創威,16,0,16,永全-南崁,2024-03-13,6451
4119,旭富,16,0,16,永全-南崁,2024-03-13,6451
1582,信錦,15,0,15,永全-南崁,2024-03-13,6451
2352,佳世達,15,0,15,永全-南崁,2024-03-13,6451
6275,元山,28,15,13,永全-南崁,2024-03-13,6451
00687B,國泰20年美債,12,0,12,永全-南崁,2024-03-13,6451
2421,建準,13,1,12,永全-南崁,2024-03-13,6451
2471,資通,14,2,12,永全-南崁,2024-03-13,6451
3552,同致,12,0,12,永全-南崁,2024-03-13,6451
4979,華星光,17,5,12,永全-南崁,2024-03-13,6451
6163,華電網,11,0,11,永全-南崁,2024-03-13,6451
8096,擎亞,21,10,11,永全-南崁,2024-03-13,6451
8112,至上,25,14,11,永全-南崁,2024-03-13,6451
00850,元大臺灣ESG永續,10,0,10,永全-南崁,2024-03-13,6451
2359,所羅門,10,0,10,永全-南崁,2024-03-13,6451
3289,宜特,10,0,10,永全-南崁,2024-03-13,6451
3374,精材,10,0,10,永全-南崁,2024-03-13,6451
2845,遠東銀,333,0,333,永全-南崁,2024-03-14,6451
2109,華豐,340,30,310,永全-南崁,2024-03-14,6451
00919,群益台灣精選高息,173,5,168,永全-南崁,2024-03-14,6451
2618,長榮航,101,2,99,永全-南崁,2024-03-14,6451
00637L,元大滬深300正2,100,10,90,永全-南崁,2024-03-14,6451
00929,復華台灣科技優息,93,20,73,永全-南崁,2024-03-14,6451
3540,曜越,58,4,54,永全-南崁,2024-03-14,6451
5508,永信建,54,0,54,永全-南崁,2024-03-14,6451
1447,力鵬,50,0,50,永全-南崁,2024-03-14,6451
9105,泰金寶-DR,50,0,50,永全-南崁,2024-03-14,6451
00937B,群益ESG投等債20,39,0,39,永全-南崁,2024-03-14,6451
2353,宏��,41,2,39,永全-南崁,2024-03-14,6451
00665L,富邦�琤肭磪囓�2,30,0,30,永全-南崁,2024-03-14,6451
00712,復華富時不動產,30,0,30,永全-南崁,2024-03-14,6451
2636,台驊控股,42,12,30,永全-南崁,2024-03-14,6451
3060,銘異,40,10,30,永全-南崁,2024-03-14,6451
2329,華泰,24,2,22,永全-南崁,2024-03-14,6451
1718,中纖,30,10,20,永全-南崁,2024-03-14,6451
2228,劍麟,20,0,20,永全-南崁,2024-03-14,6451
4906,正文,20,0,20,永全-南崁,2024-03-14,6451
4953,緯軟,22,2,20,永全-南崁,2024-03-14,6451
6026,福邦證,20,0,20,永全-南崁,2024-03-14,6451
6127,九豪,20,0,20,永全-南崁,2024-03-14,6451
2367,燿華,22,3,19,永全-南崁,2024-03-14,6451
2409,友達,40,22,18,永全-南崁,2024-03-14,6451
2615,萬海,17,1,16,永全-南崁,2024-03-14,6451
8926,台汽電,16,0,16,永全-南崁,2024-03-14,6451
2838,聯邦銀,15,0,15,永全-南崁,2024-03-14,6451
2915,潤泰全,15,0,15,永全-南崁,2024-03-14,6451
3014,聯陽,14,1,13,永全-南崁,2024-03-14,6451
6117,迎廣,18,5,13,永全-南崁,2024-03-14,6451
8105,凌巨,13,0,13,永全-南崁,2024-03-14,6451
00918,大華優利高填息30,29,17,12,永全-南崁,2024-03-14,6451
00915,凱基優選高股息30,23,11,12,永全-南崁,2024-03-14,6451
1313,聯成,12,0,12,永全-南崁,2024-03-14,6451
2382,廣達,13,1,12,永全-南崁,2024-03-14,6451
3231,緯創,16,4,12,永全-南崁,2024-03-14,6451
1316,上曜,118,107,11,永全-南崁,2024-03-14,6451
00933B,國泰10Y+金融債,21,10,11,永全-南崁,2024-03-14,6451
2887,台新金,18,7,11,永全-南崁,2024-03-14,6451
2324,仁寶,11,0,11,永全-南崁,2024-03-14,6451
6770,力積電,15,4,11,永全-南崁,2024-03-14,6451
1503,士電,20,10,10,永全-南崁,2024-03-14,6451
2104,國際中橡,10,0,10,永全-南崁,2024-03-14,6451
2312,金寶,10,0,10,永全-南崁,2024-03-14,6451
2340,台亞,10,0,10,永全-南崁,2024-03-14,6451
3057,喬鼎,10,0,10,永全-南崁,2024-03-14,6451
3093,港建*,10,0,10,永全-南崁,2024-03-14,6451
3374,精材,10,0,10,永全-南崁,2024-03-14,6451
3605,宏致,10,0,10,永全-南崁,2024-03-14,6451
2834,臺企銀,743,173,570,永全-南崁,2024-03-15,6451
00919,群益台灣精選高息,167,28,139,永全-南崁,2024-03-15,6451
00632R,元大台灣50反1,100,0,100,永全-南崁,2024-03-15,6451
5452,佶優,100,0,100,永全-南崁,2024-03-15,6451
2611,志信,100,1,99,永全-南崁,2024-03-15,6451
00937B,群益ESG投等債20,103,20,83,永全-南崁,2024-03-15,6451
3322,建舜電,81,0,81,永全-南崁,2024-03-15,6451
00679B,元大美債20年,71,0,71,永全-南崁,2024-03-15,6451
00665L,富邦�琤肭磪囓�2,70,15,55,永全-南崁,2024-03-15,6451
1515,力山,51,0,51,永全-南崁,2024-03-15,6451
3163,波若威,58,7,51,永全-南崁,2024-03-15,6451
1802,台玻,50,0,50,永全-南崁,2024-03-15,6451
2014,中鴻,50,0,50,永全-南崁,2024-03-15,6451
2603,長榮,61,14,47,永全-南崁,2024-03-15,6451
6770,力積電,40,2,38,永全-南崁,2024-03-15,6451
1455,集盛,40,6,34,永全-南崁,2024-03-15,6451
2303,聯電,31,0,31,永全-南崁,2024-03-15,6451
2492,華新科,32,1,31,永全-南崁,2024-03-15,6451
2838,聯邦銀,31,0,31,永全-南崁,2024-03-15,6451
5469,瀚宇博,35,5,30,永全-南崁,2024-03-15,6451
3264,欣銓,30,1,29,永全-南崁,2024-03-15,6451
2367,燿華,24,1,23,永全-南崁,2024-03-15,6451
6150,撼訊,22,0,22,永全-南崁,2024-03-15,6451
1231,聯華食,21,0,21,永全-南崁,2024-03-15,6451
6217,中探針,21,0,21,永全-南崁,2024-03-15,6451
2409,友達,22,1,21,永全-南崁,2024-03-15,6451
1589,永冠-KY,20,0,20,永全-南崁,2024-03-15,6451
1609,大亞,26,6,20,永全-南崁,2024-03-15,6451
4906,正文,22,2,20,永全-南崁,2024-03-15,6451
2464,盟立,21,3,18,永全-南崁,2024-03-15,6451
1303,南亞,17,0,17,永全-南崁,2024-03-15,6451
00915,凱基優選高股息30,18,1,17,永全-南崁,2024-03-15,6451
3312,弘憶股,17,0,17,永全-南崁,2024-03-15,6451
5871,中租-KY,17,0,17,永全-南崁,2024-03-15,6451
1605,華新,15,0,15,永全-南崁,2024-03-15,6451
6290,良維,15,0,15,永全-南崁,2024-03-15,6451
8112,至上,17,2,15,永全-南崁,2024-03-15,6451
00918,大華優利高填息30,22,8,14,永全-南崁,2024-03-15,6451
2615,萬海,14,0,14,永全-南崁,2024-03-15,6451
5515,建國,17,3,14,永全-南崁,2024-03-15,6451
8936,國統,23,9,14,永全-南崁,2024-03-15,6451
2363,矽統,15,1,14,永全-南崁,2024-03-15,6451
2369,菱生,13,0,13,永全-南崁,2024-03-15,6451
8054,安國,23,10,13,永全-南崁,2024-03-15,6451
2637,慧洋-KY,12,0,12,永全-南崁,2024-03-15,6451
3171,炎洲流通,12,0,12,永全-南崁,2024-03-15,6451
3537,堡達,12,0,12,永全-南崁,2024-03-15,6451
4909,新復興,13,1,12,永全-南崁,2024-03-15,6451
6116,彩晶,12,0,12,永全-南崁,2024-03-15,6451
2845,遠東銀,12,1,11,永全-南崁,2024-03-15,6451
2002,中鋼,142,0,142,永全-南崁,2024-03-18,6451
00941,中信上游半導體,138,0,138,永全-南崁,2024-03-18,6451
2905,三商,100,0,100,永全-南崁,2024-03-18,6451
2367,燿華,102,9,93,永全-南崁,2024-03-18,6451
1808,潤隆,80,0,80,永全-南崁,2024-03-18,6451
00919,群益台灣精選高息,69,0,69,永全-南崁,2024-03-18,6451
2408,南亞科,63,0,63,永全-南崁,2024-03-18,6451
2014,中鴻,63,1,62,永全-南崁,2024-03-18,6451
3622,洋華,32,0,32,永全-南崁,2024-03-18,6451
00937B,群益ESG投等債20,31,0,31,永全-南崁,2024-03-18,6451
2618,長榮航,32,2,30,永全-南崁,2024-03-18,6451
6217,中探針,58,28,30,永全-南崁,2024-03-18,6451
8011,台通,49,20,29,永全-南崁,2024-03-18,6451
1513,中興電,47,19,28,永全-南崁,2024-03-18,6451
5512,力麒,20,0,20,永全-南崁,2024-03-18,6451
6275,元山,24,4,20,永全-南崁,2024-03-18,6451
2816,旺旺保,13,0,13,永全-南崁,2024-03-18,6451
2888,新光金,12,0,12,永全-南崁,2024-03-18,6451
00882,中信中國高股息,10,0,10,永全-南崁,2024-03-18,6451
00679B,元大美債20年,10,0,10,永全-南崁,2024-03-18,6451
2027,大成鋼,20,10,10,永全-南崁,2024-03-18,6451
2485,兆赫,10,0,10,永全-南崁,2024-03-18,6451
2884,玉山金,11,1,10,永全-南崁,2024-03-18,6451
3016,嘉晶,10,0,10,永全-南崁,2024-03-18,6451
3508,位速,10,0,10,永全-南崁,2024-03-18,6451
5465,富驊,10,0,10,永全-南崁,2024-03-18,6451
5871,中租-KY,10,0,10,永全-南崁,2024-03-18,6451
9105,泰金寶-DR,10,0,10,永全-南崁,2024-03-18,6451
00878,國泰永續高股息,21,12,9,永全-南崁,2024-03-18,6451
00933B,國泰10Y+金融債,9,0,9,永全-南崁,2024-03-18,6451
00929,復華台灣科技優息,24,15,9,永全-南崁,2024-03-18,6451
3563,牧德,10,1,9,永全-南崁,2024-03-18,6451
2368,金像電,13,4,9,永全-南崁,2024-03-18,6451
3583,辛耘,10,2,8,永全-南崁,2024-03-18,6451
1104,環泥,8,0,8,永全-南崁,2024-03-18,6451
2363,矽統,11,3,8,永全-南崁,2024-03-18,6451
2609,陽明,9,1,8,永全-南崁,2024-03-18,6451
3171,炎洲流通,8,0,8,永全-南崁,2024-03-18,6451
6223,旺矽,10,2,8,永全-南崁,2024-03-18,6451
1514,亞力,10,2,8,永全-南崁,2024-03-18,6451
00712,復華富時不動產,7,0,7,永全-南崁,2024-03-18,6451
1815,富喬,9,2,7,永全-南崁,2024-03-18,6451
2328,廣宇,7,0,7,永全-南崁,2024-03-18,6451
2371,大同,7,0,7,永全-南崁,2024-03-18,6451
2515,中工,20,13,7,永全-南崁,2024-03-18,6451
00687B,國泰20年美債,7,0,7,永全-南崁,2024-03-18,6451
6806,森崴能源,6,0,6,永全-南崁,2024-03-18,6451
3294,英濟,8,2,6,永全-南崁,2024-03-18,6451
6547,高端疫苗,6,0,6,永全-南崁,2024-03-18,6451
8271,宇瞻,6,0,6,永全-南崁,2024-03-18,6451
2888,新光金,64,0,64,永全-南崁,2024-03-19,6451
00712,復華富時不動產,50,0,50,永全-南崁,2024-03-19,6451
6220,岳豐,50,0,50,永全-南崁,2024-03-19,6451
1815,富喬,42,0,42,永全-南崁,2024-03-19,6451
3058,立德,40,0,40,永全-南崁,2024-03-19,6451
00687B,國泰20年美債,34,0,34,永全-南崁,2024-03-19,6451
1101,台泥,32,0,32,永全-南崁,2024-03-19,6451
2834,臺企銀,33,1,32,永全-南崁,2024-03-19,6451
2324,仁寶,26,2,24,永全-南崁,2024-03-19,6451
2489,瑞軒,22,0,22,永全-南崁,2024-03-19,6451
1504,東元,34,13,21,永全-南崁,2024-03-19,6451
2867,三商壽,20,0,20,永全-南崁,2024-03-19,6451
4953,緯軟,20,0,20,永全-南崁,2024-03-19,6451
3297,杭特,19,0,19,永全-南崁,2024-03-19,6451
6292,迅德,18,0,18,永全-南崁,2024-03-19,6451
00877,復華中國5G,17,0,17,永全-南崁,2024-03-19,6451
1605,華新,29,12,17,永全-南崁,2024-03-19,6451
2486,一詮,19,3,16,永全-南崁,2024-03-19,6451
00941,中信上游半導體,15,0,15,永全-南崁,2024-03-19,6451
1527,鑽全,14,0,14,永全-南崁,2024-03-19,6451
6207,雷科,14,0,14,永全-南崁,2024-03-19,6451
00878,國泰永續高股息,13,0,13,永全-南崁,2024-03-19,6451
2002,中鋼,13,0,13,永全-南崁,2024-03-19,6451
4503,金雨,46,33,13,永全-南崁,2024-03-19,6451
3564,其陽,21,9,12,永全-南崁,2024-03-19,6451
00679B,元大美債20年,11,0,11,永全-南崁,2024-03-19,6451
3483,力致,11,0,11,永全-南崁,2024-03-19,6451
00637L,元大滬深300正2,112,102,10,永全-南崁,2024-03-19,6451
00936,台新永續高息中小,10,0,10,永全-南崁,2024-03-19,6451
3489,森寶,10,0,10,永全-南崁,2024-03-19,6451
3521,鴻翊,10,0,10,永全-南崁,2024-03-19,6451
4960,誠美材,10,0,10,永全-南崁,2024-03-19,6451
5465,富驊,10,0,10,永全-南崁,2024-03-19,6451
6223,旺矽,10,0,10,永全-南崁,2024-03-19,6451
8150,南茂,10,0,10,永全-南崁,2024-03-19,6451
9904,寶成,10,0,10,永全-南崁,2024-03-19,6451
4904,遠傳,10,0,10,永全-南崁,2024-03-19,6451
2025,千興,9,0,9,永全-南崁,2024-03-19,6451
2329,華泰,12,3,9,永全-南崁,2024-03-19,6451
2609,陽明,9,0,9,永全-南崁,2024-03-19,6451
00933B,國泰10Y+金融債,8,0,8,永全-南崁,2024-03-19,6451
2353,宏��,9,1,8,永全-南崁,2024-03-19,6451
2492,華新科,10,2,8,永全-南崁,2024-03-19,6451
3443,創意,9,1,8,永全-南崁,2024-03-19,6451
2368,金像電,9,2,7,永全-南崁,2024-03-19,6451
2356,英業達,31,24,7,永全-南崁,2024-03-19,6451
3324,雙鴻,11,4,7,永全-南崁,2024-03-19,6451
5607,遠雄港,7,0,7,永全-南崁,2024-03-19,6451
2409,友達,10,3,7,永全-南崁,2024-03-19,6451
00937B,群益ESG投等債20,20,14,6,永全-南崁,2024-03-19,6451
00939,統一台灣高息動能,486,2,484,永全-南崁,2024-03-20,6451
00919,群益台灣精選高息,245,69,176,永全-南崁,2024-03-20,6451
6215,和椿,160,10,150,永全-南崁,2024-03-20,6451
1718,中纖,132,0,132,永全-南崁,2024-03-20,6451
00680L,元大美債20正2,100,0,100,永全-南崁,2024-03-20,6451
1316,上曜,53,0,53,永全-南崁,2024-03-20,6451
2606,裕民,52,0,52,永全-南崁,2024-03-20,6451
2888,新光金,51,0,51,永全-南崁,2024-03-20,6451
6220,岳豐,50,0,50,永全-南崁,2024-03-20,6451
9105,泰金寶-DR,50,0,50,永全-南崁,2024-03-20,6451
4938,和碩,70,23,47,永全-南崁,2024-03-20,6451
1815,富喬,42,1,41,永全-南崁,2024-03-20,6451
2356,英業達,48,13,35,永全-南崁,2024-03-20,6451
00941,中信上游半導體,35,1,34,永全-南崁,2024-03-20,6451
6290,良維,36,3,33,永全-南崁,2024-03-20,6451
2609,陽明,38,6,32,永全-南崁,2024-03-20,6451
3622,洋華,30,1,29,永全-南崁,2024-03-20,6451
1303,南亞,26,0,26,永全-南崁,2024-03-20,6451
2303,聯電,38,12,26,永全-南崁,2024-03-20,6451
2611,志信,24,0,24,永全-南崁,2024-03-20,6451
1808,潤隆,21,0,21,永全-南崁,2024-03-20,6451
2390,云辰,20,0,20,永全-南崁,2024-03-20,6451
2867,三商壽,20,0,20,永全-南崁,2024-03-20,6451
2915,潤泰全,20,0,20,永全-南崁,2024-03-20,6451
4526,東台,23,3,20,永全-南崁,2024-03-20,6451
6120,達運,19,0,19,永全-南崁,2024-03-20,6451
9958,世紀鋼,21,3,18,永全-南崁,2024-03-20,6451
00877,復華中國5G,17,0,17,永全-南崁,2024-03-20,6451
2834,臺企銀,17,0,17,永全-南崁,2024-03-20,6451
5443,均豪,27,10,17,永全-南崁,2024-03-20,6451
00929,復華台灣科技優息,34,19,15,永全-南崁,2024-03-20,6451
2332,友訊,15,0,15,永全-南崁,2024-03-20,6451
6217,中探針,15,0,15,永全-南崁,2024-03-20,6451
6274,台燿,15,1,14,永全-南崁,2024-03-20,6451
2408,南亞科,14,0,14,永全-南崁,2024-03-20,6451
2618,長榮航,25,11,14,永全-南崁,2024-03-20,6451
2002,中鋼,13,0,13,永全-南崁,2024-03-20,6451
3450,聯鈞,13,0,13,永全-南崁,2024-03-20,6451
2881,富邦金,13,1,12,永全-南崁,2024-03-20,6451
2382,廣達,13,1,12,永全-南崁,2024-03-20,6451
2542,興富發,12,0,12,永全-南崁,2024-03-20,6451
1455,集盛,11,0,11,永全-南崁,2024-03-20,6451
2353,宏��,14,3,11,永全-南崁,2024-03-20,6451
6414,樺漢,16,5,11,永全-南崁,2024-03-20,6451
00706L,期元大S＆P日圓正2,10,0,10,永全-南崁,2024-03-20,6451
3060,銘異,10,0,10,永全-南崁,2024-03-20,6451
4960,誠美材,10,0,10,永全-南崁,2024-03-20,6451
5009,榮剛,10,0,10,永全-南崁,2024-03-20,6451
6142,友勁,10,0,10,永全-南崁,2024-03-20,6451
6275,元山,15,5,10,永全-南崁,2024-03-20,6451
2834,臺企銀,144,0,144,永全-南崁,2024-03-21,6451
00939,統一台灣高息動能,131,0,131,永全-南崁,2024-03-21,6451
00637L,元大滬深300正2,114,11,103,永全-南崁,2024-03-21,6451
9105,泰金寶-DR,100,0,100,永全-南崁,2024-03-21,6451
00941,中信上游半導體,61,0,61,永全-南崁,2024-03-21,6451
3322,建舜電,64,11,53,永全-南崁,2024-03-21,6451
2636,台驊控股,50,0,50,永全-南崁,2024-03-21,6451
00919,群益台灣精選高息,132,85,47,永全-南崁,2024-03-21,6451
2206,三陽工業,44,0,44,永全-南崁,2024-03-21,6451
4960,誠美材,71,29,42,永全-南崁,2024-03-21,6451
5512,力麒,40,0,40,永全-南崁,2024-03-21,6451
00632R,元大台灣50反1,35,1,34,永全-南崁,2024-03-21,6451
1785,光洋科,44,10,34,永全-南崁,2024-03-21,6451
2542,興富發,30,0,30,永全-南崁,2024-03-21,6451
1316,上曜,40,11,29,永全-南崁,2024-03-21,6451
00929,復華台灣科技優息,47,20,27,永全-南崁,2024-03-21,6451
2101,南港,20,0,20,永全-南崁,2024-03-21,6451
5483,中美晶,23,3,20,永全-南崁,2024-03-21,6451
2362,藍天,22,3,19,永全-南崁,2024-03-21,6451
3264,欣銓,21,6,15,永全-南崁,2024-03-21,6451
6203,海韻電,15,0,15,永全-南崁,2024-03-21,6451
2609,陽明,16,2,14,永全-南崁,2024-03-21,6451
1514,亞力,36,22,14,永全-南崁,2024-03-21,6451
00882,中信中國高股息,12,0,12,永全-南崁,2024-03-21,6451
00795B,中信美國公債20年,11,0,11,永全-南崁,2024-03-21,6451
5443,均豪,14,3,11,永全-南崁,2024-03-21,6451
6188,廣明,23,12,11,永全-南崁,2024-03-21,6451
6285,啟��,17,6,11,永全-南崁,2024-03-21,6451
2352,佳世達,11,1,10,永全-南崁,2024-03-21,6451
2889,國票金,10,0,10,永全-南崁,2024-03-21,6451
3508,位速,10,0,10,永全-南崁,2024-03-21,6451
3622,洋華,10,0,10,永全-南崁,2024-03-21,6451
5392,能率,10,0,10,永全-南崁,2024-03-21,6451
5880,合庫金,10,0,10,永全-南崁,2024-03-21,6451
2548,華固,10,1,9,永全-南崁,2024-03-21,6451
1513,中興電,56,47,9,永全-南崁,2024-03-21,6451
5426,振發,8,0,8,永全-南崁,2024-03-21,6451
6757,台灣虎航,8,0,8,永全-南崁,2024-03-21,6451
2002,中鋼,8,1,7,永全-南崁,2024-03-21,6451
2354,鴻準,17,10,7,永全-南崁,2024-03-21,6451
2405,輔信,71,64,7,永全-南崁,2024-03-21,6451
00900,富邦特選高股息30,11,5,6,永全-南崁,2024-03-21,6451
1503,士電,14,8,6,永全-南崁,2024-03-21,6451
2301,光寶科,13,7,6,永全-南崁,2024-03-21,6451
3211,順達,8,2,6,永全-南崁,2024-03-21,6451
3438,類比科,7,1,6,永全-南崁,2024-03-21,6451
3594,磐儀,16,10,6,永全-南崁,2024-03-21,6451
6505,台塑化,6,0,6,永全-南崁,2024-03-21,6451
1305,華夏,5,0,5,永全-南崁,2024-03-21,6451
00680L,元大美債20正2,5,0,5,永全-南崁,2024-03-21,6451
1618,合機,181,9,172,永全-南崁,2024-03-22,6451
00637L,元大滬深300正2,153,41,112,永全-南崁,2024-03-22,6451
2353,宏��,112,20,92,永全-南崁,2024-03-22,6451
1316,上曜,89,9,80,永全-南崁,2024-03-22,6451
2344,華邦電,61,2,59,永全-南崁,2024-03-22,6451
00665L,富邦�琤肭磪囓�2,60,5,55,永全-南崁,2024-03-22,6451
00939,統一台灣高息動能,118,70,48,永全-南崁,2024-03-22,6451
6276,安鈦克,44,1,43,永全-南崁,2024-03-22,6451
6186,新潤,40,0,40,永全-南崁,2024-03-22,6451
1442,名軒,40,1,39,永全-南崁,2024-03-22,6451
6005,群益證,39,0,39,永全-南崁,2024-03-22,6451
3322,建舜電,45,7,38,永全-南崁,2024-03-22,6451
9904,寶成,40,2,38,永全-南崁,2024-03-22,6451
2002,中鋼,34,0,34,永全-南崁,2024-03-22,6451
00941,中信上游半導體,30,0,30,永全-南崁,2024-03-22,6451
3570,大塚,40,17,23,永全-南崁,2024-03-22,6451
2609,陽明,28,6,22,永全-南崁,2024-03-22,6451
2376,技嘉,28,6,22,永全-南崁,2024-03-22,6451
2867,三商壽,20,0,20,永全-南崁,2024-03-22,6451
2426,鼎元,20,0,20,永全-南崁,2024-03-22,6451
00753L,中信中國50正2,24,5,19,永全-南崁,2024-03-22,6451
1101,台泥,19,0,19,永全-南崁,2024-03-22,6451
1409,新纖,18,0,18,永全-南崁,2024-03-22,6451
3706,神達,27,9,18,永全-南崁,2024-03-22,6451
2883,凱基金,40,23,17,永全-南崁,2024-03-22,6451
00937B,群益ESG投等債20,15,0,15,永全-南崁,2024-03-22,6451
00650L,復華香港正2,20,5,15,永全-南崁,2024-03-22,6451
2888,新光金,13,0,13,永全-南崁,2024-03-22,6451
2486,一詮,27,16,11,永全-南崁,2024-03-22,6451
1460,宏遠,10,0,10,永全-南崁,2024-03-22,6451
00632R,元大台灣50反1,10,0,10,永全-南崁,2024-03-22,6451
2374,佳能,10,0,10,永全-南崁,2024-03-22,6451
2492,華新科,20,10,10,永全-南崁,2024-03-22,6451
3060,銘異,10,0,10,永全-南崁,2024-03-22,6451
3583,辛耘,12,2,10,永全-南崁,2024-03-22,6451
3704,合勤控,10,0,10,永全-南崁,2024-03-22,6451
5508,永信建,10,0,10,永全-南崁,2024-03-22,6451
5905,南仁湖,10,0,10,永全-南崁,2024-03-22,6451
6147,頎邦,10,0,10,永全-南崁,2024-03-22,6451
6196,帆宣,10,0,10,永全-南崁,2024-03-22,6451
6215,和椿,10,0,10,永全-南崁,2024-03-22,6451
6139,亞翔,10,0,10,永全-南崁,2024-03-22,6451
2603,長榮,13,4,9,永全-南崁,2024-03-22,6451
3044,健鼎,11,2,9,永全-南崁,2024-03-22,6451
2323,中環,20,12,8,永全-南崁,2024-03-22,6451
4938,和碩,14,6,8,永全-南崁,2024-03-22,6451
5392,能率,8,0,8,永全-南崁,2024-03-22,6451
6538,倉和,8,0,8,永全-南崁,2024-03-22,6451
1785,光洋科,8,1,7,永全-南崁,2024-03-22,6451
2485,兆赫,7,0,7,永全-南崁,2024-03-22,6451
2324,仁寶,110,1,109,永全-南崁,2024-03-25,6451
00941,中信上游半導體,88,11,77,永全-南崁,2024-03-25,6451
2374,佳能,77,0,77,永全-南崁,2024-03-25,6451
00939,統一台灣高息動能,81,13,68,永全-南崁,2024-03-25,6451
2356,英業達,75,26,49,永全-南崁,2024-03-25,6451
2206,三陽工業,40,1,39,永全-南崁,2024-03-25,6451
2882,國泰金,47,17,30,永全-南崁,2024-03-25,6451
3062,建漢,44,14,30,永全-南崁,2024-03-25,6451
6257,矽格,30,0,30,永全-南崁,2024-03-25,6451
3583,辛耘,30,1,29,永全-南崁,2024-03-25,6451
2009,第一銅,24,0,24,永全-南崁,2024-03-25,6451
1560,中砂,22,2,20,永全-南崁,2024-03-25,6451
2208,台船,20,0,20,永全-南崁,2024-03-25,6451
2405,輔信,20,0,20,永全-南崁,2024-03-25,6451
3060,銘異,30,10,20,永全-南崁,2024-03-25,6451
5608,四維航,20,0,20,永全-南崁,2024-03-25,6451
8087,麗升能源,17,0,17,永全-南崁,2024-03-25,6451
2464,盟立,26,10,16,永全-南崁,2024-03-25,6451
6210,慶生,16,0,16,永全-南崁,2024-03-25,6451
5880,合庫金,15,0,15,永全-南崁,2024-03-25,6451
2303,聯電,21,7,14,永全-南崁,2024-03-25,6451
4162,智擎,13,0,13,永全-南崁,2024-03-25,6451
2002,中鋼,13,1,12,永全-南崁,2024-03-25,6451
1504,東元,14,2,12,永全-南崁,2024-03-25,6451
5347,世界,13,1,12,永全-南崁,2024-03-25,6451
2376,技嘉,15,4,11,永全-南崁,2024-03-25,6451
00878,國泰永續高股息,11,0,11,永全-南崁,2024-03-25,6451
00680L,元大美債20正2,10,0,10,永全-南崁,2024-03-25,6451
2886,兆豐金,10,0,10,永全-南崁,2024-03-25,6451
8150,南茂,10,0,10,永全-南崁,2024-03-25,6451
3033,威健,10,1,9,永全-南崁,2024-03-25,6451
4543,萬在,10,1,9,永全-南崁,2024-03-25,6451
4771,望隼,8,0,8,永全-南崁,2024-03-25,6451
2049,上銀,13,6,7,永全-南崁,2024-03-25,6451
2352,佳世達,7,0,7,永全-南崁,2024-03-25,6451
00900,富邦特選高股息30,6,0,6,永全-南崁,2024-03-25,6451
6189,豐藝,30,24,6,永全-南崁,2024-03-25,6451
6727,亞泰金屬,6,0,6,永全-南崁,2024-03-25,6451
1513,中興電,29,24,5,永全-南崁,2024-03-25,6451
6806,森崴能源,11,6,5,永全-南崁,2024-03-25,6451
00929,復華台灣科技優息,18,13,5,永全-南崁,2024-03-25,6451
2368,金像電,5,0,5,永全-南崁,2024-03-25,6451
2482,連宇,5,0,5,永全-南崁,2024-03-25,6451
3207,耀勝,5,0,5,永全-南崁,2024-03-25,6451
3211,順達,5,0,5,永全-南崁,2024-03-25,6451
4545,銘鈺,5,0,5,永全-南崁,2024-03-25,6451
4714,永捷,5,0,5,永全-南崁,2024-03-25,6451
5245,智晶,5,0,5,永全-南崁,2024-03-25,6451
5309,系統電,5,0,5,永全-南崁,2024-03-25,6451
6226,光鼎,5,0,5,永全-南崁,2024-03-25,6451
3622,洋華,103,2,101,永全-南崁,2024-03-26,6451
00941,中信上游半導體,95,14,81,永全-南崁,2024-03-26,6451
6179,亞通,86,10,76,永全-南崁,2024-03-26,6451
1616,億泰,52,5,47,永全-南崁,2024-03-26,6451
2371,大同,102,57,45,永全-南崁,2024-03-26,6451
1314,中石化,44,0,44,永全-南崁,2024-03-26,6451
2353,宏��,46,5,41,永全-南崁,2024-03-26,6451
6220,岳豐,38,0,38,永全-南崁,2024-03-26,6451
00878,國泰永續高股息,46,11,35,永全-南崁,2024-03-26,6451
6770,力積電,35,0,35,永全-南崁,2024-03-26,6451
8112,至上,33,2,31,永全-南崁,2024-03-26,6451
1522,堤維西,36,6,30,永全-南崁,2024-03-26,6451
2405,輔信,30,0,30,永全-南崁,2024-03-26,6451
8054,安國,32,2,30,永全-南崁,2024-03-26,6451
2365,昆盈,36,11,25,永全-南崁,2024-03-26,6451
00939,統一台灣高息動能,130,106,24,永全-南崁,2024-03-26,6451
4979,華星光,26,2,24,永全-南崁,2024-03-26,6451
1442,名軒,21,0,21,永全-南崁,2024-03-26,6451
2834,臺企銀,20,0,20,永全-南崁,2024-03-26,6451
1460,宏遠,20,0,20,永全-南崁,2024-03-26,6451
5498,凱崴,20,0,20,永全-南崁,2024-03-26,6451
2329,華泰,24,5,19,永全-南崁,2024-03-26,6451
2317,鴻海,41,23,18,永全-南崁,2024-03-26,6451
5529,鉅陞,18,0,18,永全-南崁,2024-03-26,6451
2609,陽明,19,2,17,永全-南崁,2024-03-26,6451
8087,麗升能源,19,3,16,永全-南崁,2024-03-26,6451
9958,世紀鋼,16,0,16,永全-南崁,2024-03-26,6451
2457,飛宏,15,0,15,永全-南崁,2024-03-26,6451
3376,新日興,17,2,15,永全-南崁,2024-03-26,6451
6443,元晶,15,0,15,永全-南崁,2024-03-26,6451
3231,緯創,48,34,14,永全-南崁,2024-03-26,6451
2303,聯電,26,12,14,永全-南崁,2024-03-26,6451
6776,展�眥篕�,12,0,12,永全-南崁,2024-03-26,6451
2486,一詮,13,2,11,永全-南崁,2024-03-26,6451
2409,友達,11,0,11,永全-南崁,2024-03-26,6451
2637,慧洋-KY,11,0,11,永全-南崁,2024-03-26,6451
1455,集盛,10,0,10,永全-南崁,2024-03-26,6451
1587,吉茂,10,0,10,永全-南崁,2024-03-26,6451
2883,凱基金,11,1,10,永全-南崁,2024-03-26,6451
2888,新光金,10,0,10,永全-南崁,2024-03-26,6451
3060,銘異,20,10,10,永全-南崁,2024-03-26,6451
3570,大塚,10,0,10,永全-南崁,2024-03-26,6451
6186,新潤,10,0,10,永全-南崁,2024-03-26,6451
6233,旺玖,10,0,10,永全-南崁,2024-03-26,6451
9933,中鼎,10,0,10,永全-南崁,2024-03-26,6451
00881,國泰台灣5G+,10,1,9,永全-南崁,2024-03-26,6451
1785,光洋科,10,1,9,永全-南崁,2024-03-26,6451
1808,潤隆,9,0,9,永全-南崁,2024-03-26,6451
2388,威盛,11,2,9,永全-南崁,2024-03-26,6451
2464,盟立,19,10,9,永全-南崁,2024-03-26,6451
00929,復華台灣科技優息,174,7,167,永全-南崁,2024-03-27,6451
00679B,元大美債20年,95,0,95,永全-南崁,2024-03-27,6451
00687B,國泰20年美債,70,0,70,永全-南崁,2024-03-27,6451
00939,統一台灣高息動能,66,11,55,永全-南崁,2024-03-27,6451
4561,健椿,88,34,54,永全-南崁,2024-03-27,6451
3056,富華新,52,2,50,永全-南崁,2024-03-27,6451
3583,辛耘,55,10,45,永全-南崁,2024-03-27,6451
00919,群益台灣精選高息,153,111,42,永全-南崁,2024-03-27,6451
00934,中信成長高股息,50,10,40,永全-南崁,2024-03-27,6451
1584,精剛,40,0,40,永全-南崁,2024-03-27,6451
2405,輔信,101,69,32,永全-南崁,2024-03-27,6451
1603,華電,30,1,29,永全-南崁,2024-03-27,6451
3481,群創,30,3,27,永全-南崁,2024-03-27,6451
3297,杭特,26,0,26,永全-南崁,2024-03-27,6451
2104,國際中橡,30,5,25,永全-南崁,2024-03-27,6451
6219,富旺,25,0,25,永全-南崁,2024-03-27,6451
8936,國統,32,7,25,永全-南崁,2024-03-27,6451
6443,元晶,24,2,22,永全-南崁,2024-03-27,6451
2520,冠德,20,0,20,永全-南崁,2024-03-27,6451
3479,安勤,21,1,20,永全-南崁,2024-03-27,6451
6226,光鼎,20,0,20,永全-南崁,2024-03-27,6451
1409,新纖,18,0,18,永全-南崁,2024-03-27,6451
4961,天鈺,21,4,17,永全-南崁,2024-03-27,6451
1618,合機,19,2,17,永全-南崁,2024-03-27,6451
6456,GIS-KY,16,0,16,永全-南崁,2024-03-27,6451
2419,仲琦,15,0,15,永全-南崁,2024-03-27,6451
9958,世紀鋼,15,0,15,永全-南崁,2024-03-27,6451
3231,緯創,22,8,14,永全-南崁,2024-03-27,6451
5871,中租-KY,14,0,14,永全-南崁,2024-03-27,6451
6727,亞泰金屬,14,0,14,永全-南崁,2024-03-27,6451
8222,寶一,15,1,14,永全-南崁,2024-03-27,6451
00937B,群益ESG投等債20,13,0,13,永全-南崁,2024-03-27,6451
6282,康舒,13,0,13,永全-南崁,2024-03-27,6451
1609,大亞,25,13,12,永全-南崁,2024-03-27,6451
2344,華邦電,12,0,12,永全-南崁,2024-03-27,6451
2834,臺企銀,12,0,12,永全-南崁,2024-03-27,6451
5529,鉅陞,12,0,12,永全-南崁,2024-03-27,6451
1522,堤維西,16,5,11,永全-南崁,2024-03-27,6451
4771,望隼,11,0,11,永全-南崁,2024-03-27,6451
00881,國泰台灣5G+,10,0,10,永全-南崁,2024-03-27,6451
00706L,期元大S＆P日圓正2,10,0,10,永全-南崁,2024-03-27,6451
1313,聯成,10,0,10,永全-南崁,2024-03-27,6451
1587,吉茂,10,0,10,永全-南崁,2024-03-27,6451
2109,華豐,10,0,10,永全-南崁,2024-03-27,6451
2301,光寶科,10,0,10,永全-南崁,2024-03-27,6451
2353,宏��,52,42,10,永全-南崁,2024-03-27,6451
2492,華新科,10,0,10,永全-南崁,2024-03-27,6451
2888,新光金,10,0,10,永全-南崁,2024-03-27,6451
3567,逸昌,10,0,10,永全-南崁,2024-03-27,6451
5521,工信,10,0,10,永全-南崁,2024-03-27,6451
4510,高鋒,100,0,100,永全-南崁,2024-03-28,6451
00919,群益台灣精選高息,99,7,92,永全-南崁,2024-03-28,6451
3056,富華新,80,0,80,永全-南崁,2024-03-28,6451
2883,凱基金,80,6,74,永全-南崁,2024-03-28,6451
5398,慕康生醫,60,0,60,永全-南崁,2024-03-28,6451
1584,精剛,55,0,55,永全-南崁,2024-03-28,6451
5515,建國,52,2,50,永全-南崁,2024-03-28,6451
2301,光寶科,47,1,46,永全-南崁,2024-03-28,6451
8936,國統,44,8,36,永全-南崁,2024-03-28,6451
1314,中石化,35,0,35,永全-南崁,2024-03-28,6451
4714,永捷,72,40,32,永全-南崁,2024-03-28,6451
8033,雷虎,31,0,31,永全-南崁,2024-03-28,6451
6443,元晶,45,15,30,永全-南崁,2024-03-28,6451
2467,志聖,29,0,29,永全-南崁,2024-03-28,6451
1442,名軒,24,0,24,永全-南崁,2024-03-28,6451
1309,台達化,23,0,23,永全-南崁,2024-03-28,6451
00939,統一台灣高息動能,21,0,21,永全-南崁,2024-03-28,6451
00632R,元大台灣50反1,20,0,20,永全-南崁,2024-03-28,6451
3014,聯陽,20,0,20,永全-南崁,2024-03-28,6451
3294,英濟,20,0,20,永全-南崁,2024-03-28,6451
4426,利勤,20,0,20,永全-南崁,2024-03-28,6451
4768,晶呈科技,20,0,20,永全-南崁,2024-03-28,6451
5905,南仁湖,20,0,20,永全-南崁,2024-03-28,6451
6196,帆宣,20,0,20,永全-南崁,2024-03-28,6451
2324,仁寶,22,3,19,永全-南崁,2024-03-28,6451
3060,銘異,29,10,19,永全-南崁,2024-03-28,6451
2356,英業達,26,9,17,永全-南崁,2024-03-28,6451
00937B,群益ESG投等債20,16,0,16,永全-南崁,2024-03-28,6451
1605,華新,19,3,16,永全-南崁,2024-03-28,6451
3376,新日興,15,0,15,永全-南崁,2024-03-28,6451
00680L,元大美債20正2,15,0,15,永全-南崁,2024-03-28,6451
2609,陽明,15,0,15,永全-南崁,2024-03-28,6451
6411,晶焱,15,0,15,永全-南崁,2024-03-28,6451
1609,大亞,16,2,14,永全-南崁,2024-03-28,6451
6188,廣明,15,1,14,永全-南崁,2024-03-28,6451
2634,漢翔,23,10,13,永全-南崁,2024-03-28,6451
3706,神達,30,17,13,永全-南崁,2024-03-28,6451
2344,華邦電,12,0,12,永全-南崁,2024-03-28,6451
6414,樺漢,12,1,11,永全-南崁,2024-03-28,6451
1326,台化,10,0,10,永全-南崁,2024-03-28,6451
2365,昆盈,12,2,10,永全-南崁,2024-03-28,6451
2886,兆豐金,10,0,10,永全-南崁,2024-03-28,6451
3021,鴻名,10,0,10,永全-南崁,2024-03-28,6451
3057,喬鼎,10,0,10,永全-南崁,2024-03-28,6451
6163,華電網,11,1,10,永全-南崁,2024-03-28,6451
6282,康舒,10,0,10,永全-南崁,2024-03-28,6451
6292,迅德,10,0,10,永全-南崁,2024-03-28,6451
6691,洋基工程,10,0,10,永全-南崁,2024-03-28,6451
8201,無敵,10,0,10,永全-南崁,2024-03-28,6451
3010,華立,10,1,9,永全-南崁,2024-03-28,6451
00632R,元大台灣50反1,540,0,540,永全-南崁,2024-03-29,6451
9105,泰金寶-DR,410,10,400,永全-南崁,2024-03-29,6451
4714,永捷,112,0,112,永全-南崁,2024-03-29,6451
5512,力麒,100,0,100,永全-南崁,2024-03-29,6451
2365,昆盈,60,0,60,永全-南崁,2024-03-29,6451
2331,精英,50,0,50,永全-南崁,2024-03-29,6451
2618,長榮航,51,5,46,永全-南崁,2024-03-29,6451
4771,望隼,42,0,42,永全-南崁,2024-03-29,6451
1442,名軒,40,0,40,永全-南崁,2024-03-29,6451
2356,英業達,93,57,36,永全-南崁,2024-03-29,6451
2324,仁寶,30,1,29,永全-南崁,2024-03-29,6451
2206,三陽工業,27,0,27,永全-南崁,2024-03-29,6451
6443,元晶,33,6,27,永全-南崁,2024-03-29,6451
6217,中探針,25,0,25,永全-南崁,2024-03-29,6451
2301,光寶科,28,6,22,永全-南崁,2024-03-29,6451
8076,伍豐,22,0,22,永全-南崁,2024-03-29,6451
2903,遠百,20,0,20,永全-南崁,2024-03-29,6451
6016,康和證,20,0,20,永全-南崁,2024-03-29,6451
6411,晶焱,20,0,20,永全-南崁,2024-03-29,6451
3056,富華新,17,0,17,永全-南崁,2024-03-29,6451
00937B,群益ESG投等債20,25,9,16,永全-南崁,2024-03-29,6451
2328,廣宇,16,0,16,永全-南崁,2024-03-29,6451
1513,中興電,22,6,16,永全-南崁,2024-03-29,6451
2637,慧洋-KY,15,0,15,永全-南崁,2024-03-29,6451
1455,集盛,23,10,13,永全-南崁,2024-03-29,6451
2303,聯電,24,13,11,永全-南崁,2024-03-29,6451
00764B,群益25年美債,10,0,10,永全-南崁,2024-03-29,6451
1584,精剛,10,0,10,永全-南崁,2024-03-29,6451
2834,臺企銀,11,1,10,永全-南崁,2024-03-29,6451
3149,正達,10,0,10,永全-南崁,2024-03-29,6451
3532,台勝科,10,0,10,永全-南崁,2024-03-29,6451
1805,寶徠,9,0,9,永全-南崁,2024-03-29,6451
3163,波若威,10,1,9,永全-南崁,2024-03-29,6451
3563,牧德,12,3,9,永全-南崁,2024-03-29,6451
00919,群益台灣精選高息,17,9,8,永全-南崁,2024-03-29,6451
2611,志信,9,1,8,永全-南崁,2024-03-29,6451
3013,晟銘電,22,14,8,永全-南崁,2024-03-29,6451
4956,光鋐,8,0,8,永全-南崁,2024-03-29,6451
6416,瑞祺電通,20,12,8,永全-南崁,2024-03-29,6451
00941,中信上游半導體,7,0,7,永全-南崁,2024-03-29,6451
2353,宏��,9,2,7,永全-南崁,2024-03-29,6451
3706,神達,11,4,7,永全-南崁,2024-03-29,6451
1503,士電,7,1,6,永全-南崁,2024-03-29,6451
1326,台化,6,0,6,永全-南崁,2024-03-29,6451
1305,華夏,6,0,6,永全-南崁,2024-03-29,6451
1540,喬福,6,0,6,永全-南崁,2024-03-29,6451
2002,中鋼,6,0,6,永全-南崁,2024-03-29,6451
2482,連宇,6,0,6,永全-南崁,2024-03-29,6451
5347,世界,6,0,6,永全-南崁,2024-03-29,6451
5388,中磊,7,1,6,永全-南崁,2024-03-29,6451
00940,元大台灣價值高息,1586,0,1586,永全-南崁,2024-04-01,6451
00929,復華台灣科技優息,113,0,113,永全-南崁,2024-04-01,6451
00878,國泰永續高股息,110,1,109,永全-南崁,2024-04-01,6451
2062,橋椿,133,33,100,永全-南崁,2024-04-01,6451
8096,擎亞,112,13,99,永全-南崁,2024-04-01,6451
00933B,國泰10Y+金融債,51,0,51,永全-南崁,2024-04-01,6451
2888,新光金,50,0,50,永全-南崁,2024-04-01,6451
3450,聯鈞,50,0,50,永全-南崁,2024-04-01,6451
3231,緯創,45,2,43,永全-南崁,2024-04-01,6451
9105,泰金寶-DR,50,8,42,永全-南崁,2024-04-01,6451
4714,永捷,102,65,37,永全-南崁,2024-04-01,6451
9958,世紀鋼,39,6,33,永全-南崁,2024-04-01,6451
00937B,群益ESG投等債20,26,0,26,永全-南崁,2024-04-01,6451
00795B,中信美國公債20年,26,3,23,永全-南崁,2024-04-01,6451
2303,聯電,23,0,23,永全-南崁,2024-04-01,6451
3014,聯陽,23,0,23,永全-南崁,2024-04-01,6451
2356,英業達,36,13,23,永全-南崁,2024-04-01,6451
6125,廣運,22,0,22,永全-南崁,2024-04-01,6451
2349,錸德,20,0,20,永全-南崁,2024-04-01,6451
2515,中工,20,0,20,永全-南崁,2024-04-01,6451
3297,杭特,20,0,20,永全-南崁,2024-04-01,6451
5234,達興材料,20,0,20,永全-南崁,2024-04-01,6451
6538,倉和,22,2,20,永全-南崁,2024-04-01,6451
00939,統一台灣高息動能,19,0,19,永全-南崁,2024-04-01,6451
8936,國統,24,5,19,永全-南崁,2024-04-01,6451
1540,喬福,19,0,19,永全-南崁,2024-04-01,6451
2461,光群雷,20,1,19,永全-南崁,2024-04-01,6451
3178,公準,20,3,17,永全-南崁,2024-04-01,6451
1560,中砂,23,7,16,永全-南崁,2024-04-01,6451
1609,大亞,19,3,16,永全-南崁,2024-04-01,6451
2801,彰銀,16,0,16,永全-南崁,2024-04-01,6451
1304,台聚,15,0,15,永全-南崁,2024-04-01,6451
2313,華通,17,4,13,永全-南崁,2024-04-01,6451
4938,和碩,17,4,13,永全-南崁,2024-04-01,6451
00679B,元大美債20年,15,3,12,永全-南崁,2024-04-01,6451
4906,正文,11,0,11,永全-南崁,2024-04-01,6451
6491,晶碩,12,1,11,永全-南崁,2024-04-01,6451
8121,越峰,11,0,11,永全-南崁,2024-04-01,6451
00706L,期元大S＆P日圓正2,10,0,10,永全-南崁,2024-04-01,6451
2007,燁興,10,0,10,永全-南崁,2024-04-01,6451
2834,臺企銀,10,0,10,永全-南崁,2024-04-01,6451
3013,晟銘電,10,0,10,永全-南崁,2024-04-01,6451
3057,喬鼎,10,0,10,永全-南崁,2024-04-01,6451
3576,聯合再生,10,0,10,永全-南崁,2024-04-01,6451
9945,潤泰新,10,0,10,永全-南崁,2024-04-01,6451
00751B,元大AAA至A公司債,8,0,8,永全-南崁,2024-04-01,6451
2354,鴻準,22,14,8,永全-南崁,2024-04-01,6451
6457,紘康,8,0,8,永全-南崁,2024-04-01,6451
8289,泰藝,8,0,8,永全-南崁,2024-04-01,6451
3548,兆利,10,3,7,永全-南崁,2024-04-01,6451
5512,力麒,100,0,100,永全-南崁,2024-04-02,6451
00929,復華台灣科技優息,112,16,96,永全-南崁,2024-04-02,6451
1714,和桐,68,0,68,永全-南崁,2024-04-02,6451
00881,國泰台灣5G+,70,3,67,永全-南崁,2024-04-02,6451
00933B,國泰10Y+金融債,66,0,66,永全-南崁,2024-04-02,6451
2834,臺企銀,62,0,62,永全-南崁,2024-04-02,6451
6217,中探針,60,0,60,永全-南崁,2024-04-02,6451
00673R,期元大S＆P原油反1,56,0,56,永全-南崁,2024-04-02,6451
1316,上曜,60,5,55,永全-南崁,2024-04-02,6451
00937B,群益ESG投等債20,54,0,54,永全-南崁,2024-04-02,6451
6215,和椿,52,0,52,永全-南崁,2024-04-02,6451
1815,富喬,51,0,51,永全-南崁,2024-04-02,6451
2106,建大,50,0,50,永全-南崁,2024-04-02,6451
3056,富華新,50,0,50,永全-南崁,2024-04-02,6451
3535,晶彩科,50,0,50,永全-南崁,2024-04-02,6451
1605,華新,46,1,45,永全-南崁,2024-04-02,6451
8033,雷虎,42,0,42,永全-南崁,2024-04-02,6451
2367,燿華,51,11,40,永全-南崁,2024-04-02,6451
00679B,元大美債20年,39,0,39,永全-南崁,2024-04-02,6451
00795B,中信美國公債20年,38,0,38,永全-南崁,2024-04-02,6451
00720B,元大投資級公司債,32,0,32,永全-南崁,2024-04-02,6451
2303,聯電,34,2,32,永全-南崁,2024-04-02,6451
2618,長榮航,32,3,29,永全-南崁,2024-04-02,6451
00941,中信上游半導體,28,0,28,永全-南崁,2024-04-02,6451
4909,新復興,27,1,26,永全-南崁,2024-04-02,6451
8086,宏捷科,26,3,23,永全-南崁,2024-04-02,6451
2388,威盛,20,0,20,永全-南崁,2024-04-02,6451
6223,旺矽,21,1,20,永全-南崁,2024-04-02,6451
8110,華東,20,0,20,永全-南崁,2024-04-02,6451
1560,中砂,25,7,18,永全-南崁,2024-04-02,6451
00687B,國泰20年美債,17,0,17,永全-南崁,2024-04-02,6451
6120,達運,61,44,17,永全-南崁,2024-04-02,6451
2371,大同,31,16,15,永全-南崁,2024-04-02,6451
2009,第一銅,16,2,14,永全-南崁,2024-04-02,6451
2368,金像電,22,9,13,永全-南崁,2024-04-02,6451
1618,合機,12,0,12,永全-南崁,2024-04-02,6451
1442,名軒,18,7,11,永全-南崁,2024-04-02,6451
2421,建準,11,0,11,永全-南崁,2024-04-02,6451
4906,正文,11,0,11,永全-南崁,2024-04-02,6451
6163,華電網,11,0,11,永全-南崁,2024-04-02,6451
2206,三陽工業,10,0,10,永全-南崁,2024-04-02,6451
2886,兆豐金,10,0,10,永全-南崁,2024-04-02,6451
3163,波若威,11,1,10,永全-南崁,2024-04-02,6451
5498,凱崴,10,0,10,永全-南崁,2024-04-02,6451
5508,永信建,10,0,10,永全-南崁,2024-04-02,6451
6523,達爾膚,10,0,10,永全-南崁,2024-04-02,6451
9958,世紀鋼,10,0,10,永全-南崁,2024-04-02,6451
3706,神達,20,10,10,永全-南崁,2024-04-02,6451
0056,元大高股息,17,8,9,永全-南崁,2024-04-02,6451
2537,聯上發,9,0,9,永全-南崁,2024-04-02,6451
00937B,群益ESG投等債20,209,0,209,永全-南崁,2024-04-03,6451
00724B,群益投資級金融債,150,0,150,永全-南崁,2024-04-03,6451
00940,元大台灣價值高息,159,20,139,永全-南崁,2024-04-03,6451
3481,群創,105,0,105,永全-南崁,2024-04-03,6451
00795B,中信美國公債20年,102,0,102,永全-南崁,2024-04-03,6451
00673R,期元大S＆P原油反1,100,0,100,永全-南崁,2024-04-03,6451
8064,東捷,108,15,93,永全-南崁,2024-04-03,6451
00941,中信上游半導體,52,0,52,永全-南崁,2024-04-03,6451
2882,國泰金,52,0,52,永全-南崁,2024-04-03,6451
2888,新光金,53,1,52,永全-南崁,2024-04-03,6451
1802,台玻,51,0,51,永全-南崁,2024-04-03,6451
2002,中鋼,54,4,50,永全-南崁,2024-04-03,6451
2405,輔信,50,0,50,永全-南崁,2024-04-03,6451
9105,泰金寶-DR,50,0,50,永全-南崁,2024-04-03,6451
2349,錸德,45,0,45,永全-南崁,2024-04-03,6451
4714,永捷,50,10,40,永全-南崁,2024-04-03,6451
1605,華新,38,0,38,永全-南崁,2024-04-03,6451
1609,大亞,59,21,38,永全-南崁,2024-04-03,6451
2303,聯電,42,5,37,永全-南崁,2024-04-03,6451
6234,高僑,42,10,32,永全-南崁,2024-04-03,6451
2356,英業達,48,18,30,永全-南崁,2024-04-03,6451
6164,華興,30,0,30,永全-南崁,2024-04-03,6451
6219,富旺,30,0,30,永全-南崁,2024-04-03,6451
00679B,元大美債20年,26,0,26,永全-南崁,2024-04-03,6451
2903,遠百,25,0,25,永全-南崁,2024-04-03,6451
3013,晟銘電,85,60,25,永全-南崁,2024-04-03,6451
2014,中鴻,26,2,24,永全-南崁,2024-04-03,6451
2486,一詮,40,16,24,永全-南崁,2024-04-03,6451
2884,玉山金,21,0,21,永全-南崁,2024-04-03,6451
6187,萬潤,23,2,21,永全-南崁,2024-04-03,6451
1101,台泥,20,0,20,永全-南崁,2024-04-03,6451
1714,和桐,20,0,20,永全-南崁,2024-04-03,6451
2354,鴻準,31,11,20,永全-南崁,2024-04-03,6451
3014,聯陽,20,0,20,永全-南崁,2024-04-03,6451
3489,森寶,20,0,20,永全-南崁,2024-04-03,6451
3587,閎康,20,0,20,永全-南崁,2024-04-03,6451
5498,凱崴,20,0,20,永全-南崁,2024-04-03,6451
6112,邁達特,20,0,20,永全-南崁,2024-04-03,6451
6538,倉和,20,0,20,永全-南崁,2024-04-03,6451
2515,中工,36,18,18,永全-南崁,2024-04-03,6451
2610,華航,24,6,18,永全-南崁,2024-04-03,6451
00933B,國泰10Y+金融債,17,0,17,永全-南崁,2024-04-03,6451
00688L,國泰20年美債正2,15,0,15,永全-南崁,2024-04-03,6451
4771,望隼,15,0,15,永全-南崁,2024-04-03,6451
00927,群益半導體收益,14,0,14,永全-南崁,2024-04-03,6451
2371,大同,14,1,13,永全-南崁,2024-04-03,6451
2596,綠意,13,0,13,永全-南崁,2024-04-03,6451
00878,國泰永續高股息,13,0,13,永全-南崁,2024-04-03,6451
2492,華新科,12,0,12,永全-南崁,2024-04-03,6451
2618,長榮航,15,3,12,永全-南崁,2024-04-03,6451
00940,元大台灣價值高息,167,2,165,永全-南崁,2024-04-08,6451
00795B,中信美國公債20年,108,4,104,永全-南崁,2024-04-08,6451
4714,永捷,92,0,92,永全-南崁,2024-04-08,6451
00929,復華台灣科技優息,54,0,54,永全-南崁,2024-04-08,6451
00724B,群益投資級金融債,50,0,50,永全-南崁,2024-04-08,6451
00673R,期元大S＆P原油反1,50,0,50,永全-南崁,2024-04-08,6451
2106,建大,48,0,48,永全-南崁,2024-04-08,6451
2374,佳能,46,0,46,永全-南崁,2024-04-08,6451
00679B,元大美債20年,44,0,44,永全-南崁,2024-04-08,6451
3032,偉訓,58,15,43,永全-南崁,2024-04-08,6451
00632R,元大台灣50反1,40,0,40,永全-南崁,2024-04-08,6451
00939,統一台灣高息動能,39,0,39,永全-南崁,2024-04-08,6451
2888,新光金,30,0,30,永全-南崁,2024-04-08,6451
8271,宇瞻,30,0,30,永全-南崁,2024-04-08,6451
9105,泰金寶-DR,30,0,30,永全-南崁,2024-04-08,6451
6443,元晶,28,1,27,永全-南崁,2024-04-08,6451
4960,誠美材,23,0,23,永全-南崁,2024-04-08,6451
00937B,群益ESG投等債20,23,1,22,永全-南崁,2024-04-08,6451
00637L,元大滬深300正2,20,0,20,永全-南崁,2024-04-08,6451
2371,大同,26,6,20,永全-南崁,2024-04-08,6451
5443,均豪,22,3,19,永全-南崁,2024-04-08,6451
2324,仁寶,18,0,18,永全-南崁,2024-04-08,6451
00933B,國泰10Y+金融債,18,0,18,永全-南崁,2024-04-08,6451
0056,元大高股息,19,2,17,永全-南崁,2024-04-08,6451
3189,景碩,16,0,16,永全-南崁,2024-04-08,6451
6120,達運,61,45,16,永全-南崁,2024-04-08,6451
3022,威強電,14,0,14,永全-南崁,2024-04-08,6451
3706,神達,14,0,14,永全-南崁,2024-04-08,6451
00720B,元大投資級公司債,13,0,13,永全-南崁,2024-04-08,6451
2027,大成鋼,13,0,13,永全-南崁,2024-04-08,6451
2354,鴻準,15,2,13,永全-南崁,2024-04-08,6451
9958,世紀鋼,13,0,13,永全-南崁,2024-04-08,6451
3481,群創,13,1,12,永全-南崁,2024-04-08,6451
8086,宏捷科,13,1,12,永全-南崁,2024-04-08,6451
00919,群益台灣精選高息,12,0,12,永全-南崁,2024-04-08,6451
8054,安國,38,27,11,永全-南崁,2024-04-08,6451
4906,正文,11,0,11,永全-南崁,2024-04-08,6451
6112,邁達特,12,1,11,永全-南崁,2024-04-08,6451
6282,康舒,11,0,11,永全-南崁,2024-04-08,6451
00706L,期元大S＆P日圓正2,10,0,10,永全-南崁,2024-04-08,6451
00688L,國泰20年美債正2,10,0,10,永全-南崁,2024-04-08,6451
3021,鴻名,10,0,10,永全-南崁,2024-04-08,6451
3037,欣興,22,12,10,永全-南崁,2024-04-08,6451
3057,喬鼎,10,0,10,永全-南崁,2024-04-08,6451
3094,聯傑,10,0,10,永全-南崁,2024-04-08,6451
5864,致和證,10,0,10,永全-南崁,2024-04-08,6451
6491,晶碩,10,0,10,永全-南崁,2024-04-08,6451
6548,長科*,10,0,10,永全-南崁,2024-04-08,6451
8081,致新,10,0,10,永全-南崁,2024-04-08,6451
1514,亞力,21,12,9,永全-南崁,2024-04-08,6451
2537,聯上發,750,0,750,永全-南崁,2024-04-09,6451
00637L,元大滬深300正2,100,0,100,永全-南崁,2024-04-09,6451
00632R,元大台灣50反1,110,10,100,永全-南崁,2024-04-09,6451
3356,奇偶,85,0,85,永全-南崁,2024-04-09,6451
4533,協易機,92,30,62,永全-南崁,2024-04-09,6451
3231,緯創,69,10,59,永全-南崁,2024-04-09,6451
2486,一詮,62,4,58,永全-南崁,2024-04-09,6451
0056,元大高股息,45,6,39,永全-南崁,2024-04-09,6451
00919,群益台灣精選高息,32,0,32,永全-南崁,2024-04-09,6451
8271,宇瞻,30,0,30,永全-南崁,2024-04-09,6451
3260,威剛,31,5,26,永全-南崁,2024-04-09,6451
6166,凌華,25,0,25,永全-南崁,2024-04-09,6451
3686,達能,24,0,24,永全-南崁,2024-04-09,6451
2367,燿華,27,6,21,永全-南崁,2024-04-09,6451
8054,安國,25,4,21,永全-南崁,2024-04-09,6451
1540,喬福,20,0,20,永全-南崁,2024-04-09,6451
3147,大綜,20,0,20,永全-南崁,2024-04-09,6451
4714,永捷,30,10,20,永全-南崁,2024-04-09,6451
6191,精成科,20,0,20,永全-南崁,2024-04-09,6451
00937B,群益ESG投等債20,17,0,17,永全-南崁,2024-04-09,6451
2365,昆盈,18,1,17,永全-南崁,2024-04-09,6451
00679B,元大美債20年,15,0,15,永全-南崁,2024-04-09,6451
5425,台半,15,0,15,永全-南崁,2024-04-09,6451
2465,麗臺,14,0,14,永全-南崁,2024-04-09,6451
4771,望隼,14,0,14,永全-南崁,2024-04-09,6451
3360,尚立,13,0,13,永全-南崁,2024-04-09,6451
6244,茂迪,18,5,13,永全-南崁,2024-04-09,6451
6443,元晶,15,2,13,永全-南崁,2024-04-09,6451
1314,中石化,25,13,12,永全-南崁,2024-04-09,6451
6188,廣明,12,1,11,永全-南崁,2024-04-09,6451
1612,宏泰,12,1,11,永全-南崁,2024-04-09,6451
2354,鴻準,18,7,11,永全-南崁,2024-04-09,6451
6732,昇佳電子,11,0,11,永全-南崁,2024-04-09,6451
00733,富邦臺灣中小,10,0,10,永全-南崁,2024-04-09,6451
2888,新光金,10,0,10,永全-南崁,2024-04-09,6451
3128,昇銳,10,0,10,永全-南崁,2024-04-09,6451
3209,全科,10,0,10,永全-南崁,2024-04-09,6451
5880,合庫金,10,0,10,永全-南崁,2024-04-09,6451
2368,金像電,9,0,9,永全-南崁,2024-04-09,6451
3055,蔚華科,10,1,9,永全-南崁,2024-04-09,6451
00929,復華台灣科技優息,8,0,8,永全-南崁,2024-04-09,6451
1305,華夏,7,0,7,永全-南崁,2024-04-09,6451
9955,佳龍,8,1,7,永全-南崁,2024-04-09,6451
2371,大同,27,20,7,永全-南崁,2024-04-09,6451
2313,華通,9,3,6,永全-南崁,2024-04-09,6451
6113,亞矽,6,0,6,永全-南崁,2024-04-09,6451
2464,盟立,7,1,6,永全-南崁,2024-04-09,6451
1785,光洋科,11,5,6,永全-南崁,2024-04-09,6451
2382,廣達,6,0,6,永全-南崁,2024-04-09,6451
1513,中興電,21,16,5,永全-南崁,2024-04-09,6451
2883,凱基金,117,4,113,永全-南崁,2024-04-10,6451
00940,元大台灣價值高息,114,12,102,永全-南崁,2024-04-10,6451
1584,精剛,100,0,100,永全-南崁,2024-04-10,6451
2537,聯上發,100,0,100,永全-南崁,2024-04-10,6451
2427,三商電,67,7,60,永全-南崁,2024-04-10,6451
8112,至上,58,0,58,永全-南崁,2024-04-10,6451
2453,凌群,35,1,34,永全-南崁,2024-04-10,6451
1101,台泥,34,1,33,永全-南崁,2024-04-10,6451
6016,康和證,32,0,32,永全-南崁,2024-04-10,6451
2382,廣達,29,0,29,永全-南崁,2024-04-10,6451
8936,國統,32,4,28,永全-南崁,2024-04-10,6451
00878,國泰永續高股息,36,10,26,永全-南崁,2024-04-10,6451
3231,緯創,29,4,25,永全-南崁,2024-04-10,6451
2009,第一銅,40,19,21,永全-南崁,2024-04-10,6451
6163,華電網,21,0,21,永全-南崁,2024-04-10,6451
00712,復華富時不動產,20,0,20,永全-南崁,2024-04-10,6451
2025,千興,20,0,20,永全-南崁,2024-04-10,6451
3532,台勝科,20,0,20,永全-南崁,2024-04-10,6451
6216,居易,20,0,20,永全-南崁,2024-04-10,6451
6538,倉和,20,0,20,永全-南崁,2024-04-10,6451
2882,國泰金,20,0,20,永全-南崁,2024-04-10,6451
2515,中工,25,6,19,永全-南崁,2024-04-10,6451
2464,盟立,34,15,19,永全-南崁,2024-04-10,6451
2383,台光電,17,0,17,永全-南崁,2024-04-10,6451
4958,臻鼎-KY,17,1,16,永全-南崁,2024-04-10,6451
1304,台聚,15,0,15,永全-南崁,2024-04-10,6451
2329,華泰,28,13,15,永全-南崁,2024-04-10,6451
3163,波若威,15,1,14,永全-南崁,2024-04-10,6451
6223,旺矽,14,1,13,永全-南崁,2024-04-10,6451
0056,元大高股息,15,3,12,永全-南崁,2024-04-10,6451
2014,中鴻,12,0,12,永全-南崁,2024-04-10,6451
2354,鴻準,15,4,11,永全-南崁,2024-04-10,6451
3481,群創,11,0,11,永全-南崁,2024-04-10,6451
3570,大塚,20,9,11,永全-南崁,2024-04-10,6451
5351,鈺創,14,3,11,永全-南崁,2024-04-10,6451
2356,英業達,21,11,10,永全-南崁,2024-04-10,6451
00637L,元大滬深300正2,10,0,10,永全-南崁,2024-04-10,6451
1608,華榮,12,2,10,永全-南崁,2024-04-10,6451
2027,大成鋼,10,0,10,永全-南崁,2024-04-10,6451
2206,三陽工業,10,0,10,永全-南崁,2024-04-10,6451
2547,日勝生,10,0,10,永全-南崁,2024-04-10,6451
3013,晟銘電,22,12,10,永全-南崁,2024-04-10,6451
3046,建��,10,0,10,永全-南崁,2024-04-10,6451
3141,晶宏,10,0,10,永全-南崁,2024-04-10,6451
3576,聯合再生,21,11,10,永全-南崁,2024-04-10,6451
6491,晶碩,10,0,10,永全-南崁,2024-04-10,6451
6691,洋基工程,10,0,10,永全-南崁,2024-04-10,6451
8473,山林水,10,0,10,永全-南崁,2024-04-10,6451
6462,神盾,15,5,10,永全-南崁,2024-04-10,6451
1314,中石化,9,0,9,永全-南崁,2024-04-10,6451
3481,群創,246,0,246,永全-南崁,2024-04-11,6451
00712,復華富時不動產,115,0,115,永全-南崁,2024-04-11,6451
8088,品安,115,2,113,永全-南崁,2024-04-11,6451
00637L,元大滬深300正2,112,2,110,永全-南崁,2024-04-11,6451
1584,精剛,109,0,109,永全-南崁,2024-04-11,6451
00795B,中信美國公債20年,106,0,106,永全-南崁,2024-04-11,6451
3708,上緯投控,100,0,100,永全-南崁,2024-04-11,6451
00929,復華台灣科技優息,99,2,97,永全-南崁,2024-04-11,6451
2610,華航,82,0,82,永全-南崁,2024-04-11,6451
00940,元大台灣價值高息,75,0,75,永全-南崁,2024-04-11,6451
00751B,元大AAA至A公司債,51,0,51,永全-南崁,2024-04-11,6451
6770,力積電,51,0,51,永全-南崁,2024-04-11,6451
00724B,群益投資級金融債,50,0,50,永全-南崁,2024-04-11,6451
9105,泰金寶-DR,50,0,50,永全-南崁,2024-04-11,6451
00673R,期元大S＆P原油反1,44,0,44,永全-南崁,2024-04-11,6451
00680L,元大美債20正2,44,0,44,永全-南崁,2024-04-11,6451
6164,華興,40,0,40,永全-南崁,2024-04-11,6451
2406,國碩,50,11,39,永全-南崁,2024-04-11,6451
4906,正文,39,1,38,永全-南崁,2024-04-11,6451
2511,太子,35,0,35,永全-南崁,2024-04-11,6451
2353,宏��,73,39,34,永全-南崁,2024-04-11,6451
6186,新潤,31,0,31,永全-南崁,2024-04-11,6451
2371,大同,53,24,29,永全-南崁,2024-04-11,6451
00933B,國泰10Y+金融債,26,0,26,永全-南崁,2024-04-11,6451
2329,華泰,29,3,26,永全-南崁,2024-04-11,6451
9958,世紀鋼,26,0,26,永全-南崁,2024-04-11,6451
2409,友達,44,20,24,永全-南崁,2024-04-11,6451
3060,銘異,45,21,24,永全-南崁,2024-04-11,6451
6290,良維,31,7,24,永全-南崁,2024-04-11,6451
1805,寶徠,22,0,22,永全-南崁,2024-04-11,6451
00937B,群益ESG投等債20,41,20,21,永全-南崁,2024-04-11,6451
3686,達能,25,4,21,永全-南崁,2024-04-11,6451
00919,群益台灣精選高息,20,0,20,永全-南崁,2024-04-11,6451
2630,亞航,22,2,20,永全-南崁,2024-04-11,6451
2852,第一保,20,0,20,永全-南崁,2024-04-11,6451
2915,潤泰全,20,0,20,永全-南崁,2024-04-11,6451
8069,元太,20,0,20,永全-南崁,2024-04-11,6451
8473,山林水,20,0,20,永全-南崁,2024-04-11,6451
00679B,元大美債20年,19,0,19,永全-南崁,2024-04-11,6451
3059,華晶科,19,0,19,永全-南崁,2024-04-11,6451
3297,杭特,19,0,19,永全-南崁,2024-04-11,6451
00939,統一台灣高息動能,15,0,15,永全-南崁,2024-04-11,6451
2607,榮運,15,0,15,永全-南崁,2024-04-11,6451
8201,無敵,15,0,15,永全-南崁,2024-04-11,6451
6215,和椿,13,0,13,永全-南崁,2024-04-11,6451
2312,金寶,12,0,12,永全-南崁,2024-04-11,6451
2355,敬鵬,13,1,12,永全-南崁,2024-04-11,6451
1609,大亞,19,8,11,永全-南崁,2024-04-11,6451
3374,精材,11,0,11,永全-南崁,2024-04-11,6451
6443,元晶,11,0,11,永全-南崁,2024-04-11,6451
5381,合正,157,4,153,永全-南崁,2024-04-12,6451
00940,元大台灣價值高息,171,31,140,永全-南崁,2024-04-12,6451
6186,新潤,103,0,103,永全-南崁,2024-04-12,6451
3056,富華新,100,0,100,永全-南崁,2024-04-12,6451
4726,永昕,103,6,97,永全-南崁,2024-04-12,6451
5351,鈺創,92,0,92,永全-南崁,2024-04-12,6451
2353,宏��,94,29,65,永全-南崁,2024-04-12,6451
1532,勤美,62,0,62,永全-南崁,2024-04-12,6451
1584,精剛,53,0,53,永全-南崁,2024-04-12,6451
4173,久裕,50,0,50,永全-南崁,2024-04-12,6451
2883,凱基金,49,0,49,永全-南崁,2024-04-12,6451
2882,國泰金,47,1,46,永全-南崁,2024-04-12,6451
2610,華航,47,1,46,永全-南崁,2024-04-12,6451
2618,長榮航,66,23,43,永全-南崁,2024-04-12,6451
1316,上曜,42,0,42,永全-南崁,2024-04-12,6451
9105,泰金寶-DR,50,10,40,永全-南崁,2024-04-12,6451
3570,大塚,34,0,34,永全-南崁,2024-04-12,6451
0056,元大高股息,31,0,31,永全-南崁,2024-04-12,6451
2636,台驊控股,44,13,31,永全-南崁,2024-04-12,6451
00688L,國泰20年美債正2,30,0,30,永全-南崁,2024-04-12,6451
00679B,元大美債20年,28,0,28,永全-南崁,2024-04-12,6451
00937B,群益ESG投等債20,25,0,25,永全-南崁,2024-04-12,6451
2886,兆豐金,25,0,25,永全-南崁,2024-04-12,6451
3231,緯創,32,9,23,永全-南崁,2024-04-12,6451
2506,太設,20,0,20,永全-南崁,2024-04-12,6451
3297,杭特,20,0,20,永全-南崁,2024-04-12,6451
3673,TPK-KY,20,0,20,永全-南崁,2024-04-12,6451
3260,威剛,30,11,19,永全-南崁,2024-04-12,6451
00878,國泰永續高股息,19,1,18,永全-南崁,2024-04-12,6451
2409,友達,35,17,18,永全-南崁,2024-04-12,6451
3178,公準,20,2,18,永全-南崁,2024-04-12,6451
2374,佳能,30,15,15,永全-南崁,2024-04-12,6451
2352,佳世達,28,15,13,永全-南崁,2024-04-12,6451
2344,華邦電,14,1,13,永全-南崁,2024-04-12,6451
00933B,國泰10Y+金融債,13,0,13,永全-南崁,2024-04-12,6451
2312,金寶,18,5,13,永全-南崁,2024-04-12,6451
2355,敬鵬,19,6,13,永全-南崁,2024-04-12,6451
2345,智邦,12,0,12,永全-南崁,2024-04-12,6451
3021,鴻名,12,0,12,永全-南崁,2024-04-12,6451
6237,驊訊,12,0,12,永全-南崁,2024-04-12,6451
2002,中鋼,11,0,11,永全-南崁,2024-04-12,6451
2027,大成鋼,11,0,11,永全-南崁,2024-04-12,6451
2324,仁寶,11,0,11,永全-南崁,2024-04-12,6451
6899,創為精密,11,0,11,永全-南崁,2024-04-12,6451
00891,中信關鍵半導體,10,0,10,永全-南崁,2024-04-12,6451
1760,寶齡富錦,10,0,10,永全-南崁,2024-04-12,6451
2014,中鴻,10,0,10,永全-南崁,2024-04-12,6451
2888,新光金,10,0,10,永全-南崁,2024-04-12,6451
3264,欣銓,11,1,10,永全-南崁,2024-04-12,6451
3489,森寶,10,0,10,永全-南崁,2024-04-12,6451
9934,成霖,331,0,331,永全-南崁,2024-04-15,6451
9105,泰金寶-DR,170,50,120,永全-南崁,2024-04-15,6451
1314,中石化,124,17,107,永全-南崁,2024-04-15,6451
6186,新潤,105,0,105,永全-南崁,2024-04-15,6451
3056,富華新,101,0,101,永全-南崁,2024-04-15,6451
2511,太子,80,0,80,永全-南崁,2024-04-15,6451
00929,復華台灣科技優息,79,3,76,永全-南崁,2024-04-15,6451
6164,華興,65,5,60,永全-南崁,2024-04-15,6451
4533,協易機,124,67,57,永全-南崁,2024-04-15,6451
00940,元大台灣價值高息,72,16,56,永全-南崁,2024-04-15,6451
2353,宏��,62,8,54,永全-南崁,2024-04-15,6451
2618,長榮航,59,7,52,永全-南崁,2024-04-15,6451
2867,三商壽,85,35,50,永全-南崁,2024-04-15,6451
0056,元大高股息,56,15,41,永全-南崁,2024-04-15,6451
00680L,元大美債20正2,93,52,41,永全-南崁,2024-04-15,6451
2367,燿華,44,8,36,永全-南崁,2024-04-15,6451
00753L,中信中國50正2,35,0,35,永全-南崁,2024-04-15,6451
00941,中信上游半導體,34,0,34,永全-南崁,2024-04-15,6451
6290,良維,33,1,32,永全-南崁,2024-04-15,6451
5351,鈺創,30,0,30,永全-南崁,2024-04-15,6451
2014,中鴻,30,2,28,永全-南崁,2024-04-15,6451
2371,大同,52,24,28,永全-南崁,2024-04-15,6451
2317,鴻海,37,10,27,永全-南崁,2024-04-15,6451
1609,大亞,49,22,27,永全-南崁,2024-04-15,6451
2002,中鋼,29,5,24,永全-南崁,2024-04-15,6451
00665L,富邦�琤肭磪囓�2,22,0,22,永全-南崁,2024-04-15,6451
6770,力積電,23,1,22,永全-南崁,2024-04-15,6451
2352,佳世達,20,0,20,永全-南崁,2024-04-15,6451
2520,冠德,20,0,20,永全-南崁,2024-04-15,6451
3413,京鼎,20,0,20,永全-南崁,2024-04-15,6451
5251,天鉞電,20,0,20,永全-南崁,2024-04-15,6451
6163,華電網,28,8,20,永全-南崁,2024-04-15,6451
00878,國泰永續高股息,23,3,20,永全-南崁,2024-04-15,6451
3570,大塚,25,8,17,永全-南崁,2024-04-15,6451
5426,振發,18,2,16,永全-南崁,2024-04-15,6451
1513,中興電,27,11,16,永全-南崁,2024-04-15,6451
2472,立隆電,15,0,15,永全-南崁,2024-04-15,6451
2603,長榮,21,6,15,永全-南崁,2024-04-15,6451
3006,晶豪科,15,1,14,永全-南崁,2024-04-15,6451
2303,聯電,25,12,13,永全-南崁,2024-04-15,6451
2408,南亞科,14,1,13,永全-南崁,2024-04-15,6451
3231,緯創,15,4,11,永全-南崁,2024-04-15,6451
1608,華榮,18,7,11,永全-南崁,2024-04-15,6451
2465,麗臺,12,1,11,永全-南崁,2024-04-15,6451
3163,波若威,11,0,11,永全-南崁,2024-04-15,6451
3443,創意,11,0,11,永全-南崁,2024-04-15,6451
6138,茂達,11,0,11,永全-南崁,2024-04-15,6451
2368,金像電,11,0,11,永全-南崁,2024-04-15,6451
1444,力麗,10,0,10,永全-南崁,2024-04-15,6451
2355,敬鵬,10,0,10,永全-南崁,2024-04-15,6451
2867,三商壽,1030,29,1001,永全-南崁,2024-04-16,6451
2897,王道銀行,508,0,508,永全-南崁,2024-04-16,6451
3481,群創,341,10,331,永全-南崁,2024-04-16,6451
00940,元大台灣價值高息,313,11,302,永全-南崁,2024-04-16,6451
00929,復華台灣科技優息,250,77,173,永全-南崁,2024-04-16,6451
2888,新光金,131,6,125,永全-南崁,2024-04-16,6451
00937B,群益ESG投等債20,122,0,122,永全-南崁,2024-04-16,6451
00919,群益台灣精選高息,132,17,115,永全-南崁,2024-04-16,6451
9105,泰金寶-DR,110,0,110,永全-南崁,2024-04-16,6451
00885,富邦越南,102,0,102,永全-南崁,2024-04-16,6451
3708,上緯投控,100,0,100,永全-南崁,2024-04-16,6451
2618,長榮航,100,2,98,永全-南崁,2024-04-16,6451
0056,元大高股息,97,4,93,永全-南崁,2024-04-16,6451
9906,欣巴巴,90,0,90,永全-南崁,2024-04-16,6451
1326,台化,90,2,88,永全-南崁,2024-04-16,6451
6217,中探針,83,0,83,永全-南崁,2024-04-16,6451
2344,華邦電,68,0,68,永全-南崁,2024-04-16,6451
2882,國泰金,110,45,65,永全-南崁,2024-04-16,6451
2323,中環,53,0,53,永全-南崁,2024-04-16,6451
3056,富華新,50,0,50,永全-南崁,2024-04-16,6451
2405,輔信,53,5,48,永全-南崁,2024-04-16,6451
3231,緯創,90,43,47,永全-南崁,2024-04-16,6451
4532,瑞智,40,0,40,永全-南崁,2024-04-16,6451
2371,大同,47,10,37,永全-南崁,2024-04-16,6451
00939,統一台灣高息動能,54,17,37,永全-南崁,2024-04-16,6451
2913,農林,30,0,30,永全-南崁,2024-04-16,6451
3021,鴻名,30,0,30,永全-南崁,2024-04-16,6451
4173,久裕,30,0,30,永全-南崁,2024-04-16,6451
00878,國泰永續高股息,73,44,29,永全-南崁,2024-04-16,6451
2329,華泰,33,5,28,永全-南崁,2024-04-16,6451
8936,國統,33,5,28,永全-南崁,2024-04-16,6451
2363,矽統,38,11,27,永全-南崁,2024-04-16,6451
4906,正文,35,9,26,永全-南崁,2024-04-16,6451
2301,光寶科,29,4,25,永全-南崁,2024-04-16,6451
2317,鴻海,41,19,22,永全-南崁,2024-04-16,6451
00679B,元大美債20年,22,0,22,永全-南崁,2024-04-16,6451
00665L,富邦�琤肭磪囓�2,22,0,22,永全-南崁,2024-04-16,6451
2014,中鴻,20,0,20,永全-南崁,2024-04-16,6451
2390,云辰,20,0,20,永全-南崁,2024-04-16,6451
5251,天鉞電,20,0,20,永全-南崁,2024-04-16,6451
6285,啟��,20,0,20,永全-南崁,2024-04-16,6451
6605,帝寶,20,0,20,永全-南崁,2024-04-16,6451
9904,寶成,20,0,20,永全-南崁,2024-04-16,6451
6770,力積電,30,11,19,永全-南崁,2024-04-16,6451
2449,京元電子,23,5,18,永全-南崁,2024-04-16,6451
1605,華新,45,29,16,永全-南崁,2024-04-16,6451
2369,菱生,16,0,16,永全-南崁,2024-04-16,6451
5483,中美晶,16,0,16,永全-南崁,2024-04-16,6451
6163,華電網,16,0,16,永全-南崁,2024-04-16,6451
2382,廣達,16,1,15,永全-南崁,2024-04-16,6451
2367,燿華,342,171,171,永全-南崁,2024-04-17,6451
00724B,群益投資級金融債,143,0,143,永全-南崁,2024-04-17,6451
00857B,永豐20年美公債,138,0,138,永全-南崁,2024-04-17,6451
00905,FT臺灣Smart,120,0,120,永全-南崁,2024-04-17,6451
2867,三商壽,110,0,110,永全-南崁,2024-04-17,6451
2618,長榮航,114,7,107,永全-南崁,2024-04-17,6451
00764B,群益25年美債,100,0,100,永全-南崁,2024-04-17,6451
2323,中環,100,0,100,永全-南崁,2024-04-17,6451
8088,品安,105,5,100,永全-南崁,2024-04-17,6451
00929,復華台灣科技優息,87,0,87,永全-南崁,2024-04-17,6451
0056,元大高股息,88,11,77,永全-南崁,2024-04-17,6451
00940,元大台灣價值高息,58,0,58,永全-南崁,2024-04-17,6451
2834,臺企銀,52,0,52,永全-南崁,2024-04-17,6451
4726,永昕,53,2,51,永全-南崁,2024-04-17,6451
1802,台玻,50,0,50,永全-南崁,2024-04-17,6451
2890,永豐金,50,0,50,永全-南崁,2024-04-17,6451
4119,旭富,50,0,50,永全-南崁,2024-04-17,6451
2353,宏��,50,1,49,永全-南崁,2024-04-17,6451
6117,迎廣,53,6,47,永全-南崁,2024-04-17,6451
6770,力積電,47,1,46,永全-南崁,2024-04-17,6451
00919,群益台灣精選高息,41,0,41,永全-南崁,2024-04-17,6451
00712,復華富時不動產,38,0,38,永全-南崁,2024-04-17,6451
6125,廣運,45,7,38,永全-南崁,2024-04-17,6451
2371,大同,139,102,37,永全-南崁,2024-04-17,6451
1810,和成,41,10,31,永全-南崁,2024-04-17,6451
2412,中華電,30,0,30,永全-南崁,2024-04-17,6451
2308,台達電,33,4,29,永全-南崁,2024-04-17,6451
3376,新日興,30,1,29,永全-南崁,2024-04-17,6451
3178,公準,30,2,28,永全-南崁,2024-04-17,6451
3231,緯創,41,14,27,永全-南崁,2024-04-17,6451
2883,凱基金,24,0,24,永全-南崁,2024-04-17,6451
2356,英業達,25,2,23,永全-南崁,2024-04-17,6451
3021,鴻名,21,0,21,永全-南崁,2024-04-17,6451
3587,閎康,21,0,21,永全-南崁,2024-04-17,6451
00937B,群益ESG投等債20,22,2,20,永全-南崁,2024-04-17,6451
5608,四維航,20,0,20,永全-南崁,2024-04-17,6451
00933B,國泰10Y+金融債,19,0,19,永全-南崁,2024-04-17,6451
3044,健鼎,19,0,19,永全-南崁,2024-04-17,6451
2498,宏達電,18,0,18,永全-南崁,2024-04-17,6451
2887,台新金,17,0,17,永全-南崁,2024-04-17,6451
2408,南亞科,16,0,16,永全-南崁,2024-04-17,6451
3033,威健,16,0,16,永全-南崁,2024-04-17,6451
5009,榮剛,23,7,16,永全-南崁,2024-04-17,6451
00679B,元大美債20年,15,0,15,永全-南崁,2024-04-17,6451
3264,欣銓,16,1,15,永全-南崁,2024-04-17,6451
1326,台化,13,0,13,永全-南崁,2024-04-17,6451
2492,華新科,20,7,13,永全-南崁,2024-04-17,6451
2812,台中銀,13,0,13,永全-南崁,2024-04-17,6451
2404,漢唐,13,1,12,永全-南崁,2024-04-17,6451
2630,亞航,12,0,12,永全-南崁,2024-04-17,6451
2427,三商電,222,2,220,永全-南崁,2024-04-18,6451
2371,大同,173,58,115,永全-南崁,2024-04-18,6451
00724B,群益投資級金融債,110,0,110,永全-南崁,2024-04-18,6451
00687B,國泰20年美債,105,0,105,永全-南崁,2024-04-18,6451
8121,越峰,100,0,100,永全-南崁,2024-04-18,6451
3296,勝德,85,0,85,永全-南崁,2024-04-18,6451
3481,群創,102,18,84,永全-南崁,2024-04-18,6451
2511,太子,555,475,80,永全-南崁,2024-04-18,6451
6770,力積電,77,2,75,永全-南崁,2024-04-18,6451
0056,元大高股息,70,0,70,永全-南崁,2024-04-18,6451
00940,元大台灣價值高息,108,50,58,永全-南崁,2024-04-18,6451
5009,榮剛,52,3,49,永全-南崁,2024-04-18,6451
3013,晟銘電,57,10,47,永全-南崁,2024-04-18,6451
1314,中石化,50,4,46,永全-南崁,2024-04-18,6451
2501,國建,44,6,38,永全-南崁,2024-04-18,6451
2101,南港,36,1,35,永全-南崁,2024-04-18,6451
3490,單井,35,2,33,永全-南崁,2024-04-18,6451
8011,台通,29,0,29,永全-南崁,2024-04-18,6451
8096,擎亞,28,8,20,永全-南崁,2024-04-18,6451
8927,北基,20,0,20,永全-南崁,2024-04-18,6451
00918,大華優利高填息30,19,0,19,永全-南崁,2024-04-18,6451
2890,永豐金,19,0,19,永全-南崁,2024-04-18,6451
8926,台汽電,21,3,18,永全-南崁,2024-04-18,6451
2610,華航,17,1,16,永全-南崁,2024-04-18,6451
1605,華新,46,31,15,永全-南崁,2024-04-18,6451
3312,弘憶股,23,8,15,永全-南崁,2024-04-18,6451
2834,臺企銀,14,0,14,永全-南崁,2024-04-18,6451
4303,信立,16,2,14,永全-南崁,2024-04-18,6451
00679B,元大美債20年,11,0,11,永全-南崁,2024-04-18,6451
3016,嘉晶,12,1,11,永全-南崁,2024-04-18,6451
00942B,台新美A公司債20+,10,0,10,永全-南崁,2024-04-18,6451
2317,鴻海,16,6,10,永全-南崁,2024-04-18,6451
2329,華泰,17,7,10,永全-南崁,2024-04-18,6451
2405,輔信,10,0,10,永全-南崁,2024-04-18,6451
2892,第一金,10,0,10,永全-南崁,2024-04-18,6451
3022,威強電,10,0,10,永全-南崁,2024-04-18,6451
8097,常珵,10,0,10,永全-南崁,2024-04-18,6451
9933,中鼎,14,4,10,永全-南崁,2024-04-18,6451
00939,統一台灣高息動能,14,5,9,永全-南崁,2024-04-18,6451
5392,能率,9,0,9,永全-南崁,2024-04-18,6451
00885,富邦越南,8,0,8,永全-南崁,2024-04-18,6451
00712,復華富時不動產,8,0,8,永全-南崁,2024-04-18,6451
2618,長榮航,31,23,8,永全-南崁,2024-04-18,6451
6139,亞翔,8,0,8,永全-南崁,2024-04-18,6451
00720B,元大投資級公司債,7,0,7,永全-南崁,2024-04-18,6451
2477,美隆電,7,0,7,永全-南崁,2024-04-18,6451
2504,國產,12,5,7,永全-南崁,2024-04-18,6451
00929,復華台灣科技優息,21,15,6,永全-南崁,2024-04-18,6451
1616,億泰,6,0,6,永全-南崁,2024-04-18,6451
2630,亞航,7,1,6,永全-南崁,2024-04-18,6451
00940,元大台灣價值高息,650,75,575,永全-南崁,2024-04-19,6451
3481,群創,507,204,303,永全-南崁,2024-04-19,6451
2897,王道銀行,200,0,200,永全-南崁,2024-04-19,6451
1616,億泰,128,3,125,永全-南崁,2024-04-19,6451
2520,冠德,125,0,125,永全-南崁,2024-04-19,6451
4173,久裕,123,0,123,永全-南崁,2024-04-19,6451
2515,中工,129,19,110,永全-南崁,2024-04-19,6451
1532,勤美,102,0,102,永全-南崁,2024-04-19,6451
4726,永昕,100,0,100,永全-南崁,2024-04-19,6451
9105,泰金寶-DR,150,50,100,永全-南崁,2024-04-19,6451
3605,宏致,90,0,90,永全-南崁,2024-04-19,6451
00929,復華台灣科技優息,337,260,77,永全-南崁,2024-04-19,6451
2371,大同,188,112,76,永全-南崁,2024-04-19,6451
0056,元大高股息,88,12,76,永全-南崁,2024-04-19,6451
6117,迎廣,76,2,74,永全-南崁,2024-04-19,6451
3686,達能,70,0,70,永全-南崁,2024-04-19,6451
6164,華興,67,0,67,永全-南崁,2024-04-19,6451
1444,力麗,65,0,65,永全-南崁,2024-04-19,6451
2547,日勝生,69,6,63,永全-南崁,2024-04-19,6451
2610,華航,62,5,57,永全-南崁,2024-04-19,6451
2888,新光金,57,0,57,永全-南崁,2024-04-19,6451
5512,力麒,117,68,49,永全-南崁,2024-04-19,6451
00878,國泰永續高股息,46,1,45,永全-南崁,2024-04-19,6451
1609,大亞,110,65,45,永全-南崁,2024-04-19,6451
1605,華新,55,11,44,永全-南崁,2024-04-19,6451
1522,堤維西,43,1,42,永全-南崁,2024-04-19,6451
6125,廣運,43,3,40,永全-南崁,2024-04-19,6451
00939,統一台灣高息動能,35,0,35,永全-南崁,2024-04-19,6451
2882,國泰金,89,54,35,永全-南崁,2024-04-19,6451
4532,瑞智,31,0,31,永全-南崁,2024-04-19,6451
2330,台積電,38,7,31,永全-南崁,2024-04-19,6451
2303,聯電,31,3,28,永全-南崁,2024-04-19,6451
2618,長榮航,149,122,27,永全-南崁,2024-04-19,6451
3490,單井,26,0,26,永全-南崁,2024-04-19,6451
3015,全漢,25,0,25,永全-南崁,2024-04-19,6451
6698,旭暉應材,25,0,25,永全-南崁,2024-04-19,6451
2009,第一銅,34,11,23,永全-南崁,2024-04-19,6451
00918,大華優利高填息30,22,0,22,永全-南崁,2024-04-19,6451
1722,台肥,20,0,20,永全-南崁,2024-04-19,6451
2344,華邦電,20,0,20,永全-南崁,2024-04-19,6451
2390,云辰,20,0,20,永全-南崁,2024-04-19,6451
2467,志聖,21,1,20,永全-南崁,2024-04-19,6451
2471,資通,20,0,20,永全-南崁,2024-04-19,6451
2903,遠百,20,0,20,永全-南崁,2024-04-19,6451
3570,大塚,20,0,20,永全-南崁,2024-04-19,6451
5608,四維航,20,0,20,永全-南崁,2024-04-19,6451
6605,帝寶,20,0,20,永全-南崁,2024-04-19,6451
5531,鄉林,20,1,19,永全-南崁,2024-04-19,6451
0050,元大台灣50,19,0,19,永全-南崁,2024-04-19,6451
2329,華泰,25,6,19,永全-南崁,2024-04-19,6451
3481,群創,204,17,187,永全-南崁,2024-04-22,6451
5512,力麒,187,20,167,永全-南崁,2024-04-22,6451
1442,名軒,112,0,112,永全-南崁,2024-04-22,6451
6190,萬泰科,100,0,100,永全-南崁,2024-04-22,6451
2511,太子,86,5,81,永全-南崁,2024-04-22,6451
00929,復華台灣科技優息,114,41,73,永全-南崁,2024-04-22,6451
3231,緯創,73,2,71,永全-南崁,2024-04-22,6451
2329,華泰,69,0,69,永全-南崁,2024-04-22,6451
2062,橋椿,51,1,50,永全-南崁,2024-04-22,6451
2405,輔信,50,0,50,永全-南崁,2024-04-22,6451
3266,昇陽,50,0,50,永全-南崁,2024-04-22,6451
0056,元大高股息,46,0,46,永全-南崁,2024-04-22,6451
8054,安國,50,6,44,永全-南崁,2024-04-22,6451
2505,國揚,41,1,40,永全-南崁,2024-04-22,6451
1532,勤美,40,1,39,永全-南崁,2024-04-22,6451
3287,廣寰科,40,3,37,永全-南崁,2024-04-22,6451
2605,新興,30,1,29,永全-南崁,2024-04-22,6451
3587,閎康,30,1,29,永全-南崁,2024-04-22,6451
8936,國統,42,16,26,永全-南崁,2024-04-22,6451
00919,群益台灣精選高息,29,4,25,永全-南崁,2024-04-22,6451
2349,錸德,23,0,23,永全-南崁,2024-04-22,6451
9904,寶成,23,0,23,永全-南崁,2024-04-22,6451
6117,迎廣,23,1,22,永全-南崁,2024-04-22,6451
9945,潤泰新,21,0,21,永全-南崁,2024-04-22,6451
2705,六福,20,0,20,永全-南崁,2024-04-22,6451
1522,堤維西,20,2,18,永全-南崁,2024-04-22,6451
1617,榮星,18,0,18,永全-南崁,2024-04-22,6451
2330,台積電,18,2,16,永全-南崁,2024-04-22,6451
4173,久裕,14,0,14,永全-南崁,2024-04-22,6451
8046,南電,16,2,14,永全-南崁,2024-04-22,6451
2382,廣達,13,1,12,永全-南崁,2024-04-22,6451
00937B,群益ESG投等債20,12,0,12,永全-南崁,2024-04-22,6451
2609,陽明,36,24,12,永全-南崁,2024-04-22,6451
3078,僑威,12,0,12,永全-南崁,2024-04-22,6451
3189,景碩,12,0,12,永全-南崁,2024-04-22,6451
4532,瑞智,11,0,11,永全-南崁,2024-04-22,6451
6770,力積電,15,4,11,永全-南崁,2024-04-22,6451
00939,統一台灣高息動能,15,5,10,永全-南崁,2024-04-22,6451
00915,凱基優選高股息30,10,0,10,永全-南崁,2024-04-22,6451
00631L,元大台灣50正2,10,0,10,永全-南崁,2024-04-22,6451
1786,科妍,13,3,10,永全-南崁,2024-04-22,6451
2355,敬鵬,10,0,10,永全-南崁,2024-04-22,6451
2887,台新金,10,0,10,永全-南崁,2024-04-22,6451
5608,四維航,10,0,10,永全-南崁,2024-04-22,6451
6163,華電網,12,2,10,永全-南崁,2024-04-22,6451
6167,久正,10,0,10,永全-南崁,2024-04-22,6451
9103,美德醫療-DR,10,0,10,永全-南崁,2024-04-22,6451
9934,成霖,10,0,10,永全-南崁,2024-04-22,6451
5009,榮剛,59,50,9,永全-南崁,2024-04-22,6451
0050,元大台灣50,9,1,8,永全-南崁,2024-04-22,6451
2241,艾姆勒,150,0,150,永全-南崁,2024-04-23,6451
00940,元大台灣價值高息,126,0,126,永全-南崁,2024-04-23,6451
00939,統一台灣高息動能,117,10,107,永全-南崁,2024-04-23,6451
4526,東台,110,10,100,永全-南崁,2024-04-23,6451
2374,佳能,98,14,84,永全-南崁,2024-04-23,6451
9105,泰金寶-DR,70,0,70,永全-南崁,2024-04-23,6451
2101,南港,59,0,59,永全-南崁,2024-04-23,6451
6548,長科*,50,0,50,永全-南崁,2024-04-23,6451
4915,致伸,50,1,49,永全-南崁,2024-04-23,6451
3535,晶彩科,40,0,40,永全-南崁,2024-04-23,6451
6116,彩晶,38,0,38,永全-南崁,2024-04-23,6451
8349,�矬�,30,0,30,永全-南崁,2024-04-23,6451
1605,華新,36,12,24,永全-南崁,2024-04-23,6451
00919,群益台灣精選高息,23,1,22,永全-南崁,2024-04-23,6451
1440,南紡,29,8,21,永全-南崁,2024-04-23,6451
1522,堤維西,20,0,20,永全-南崁,2024-04-23,6451
00929,復華台灣科技優息,19,0,19,永全-南崁,2024-04-23,6451
2515,中工,25,6,19,永全-南崁,2024-04-23,6451
6282,康舒,18,0,18,永全-南崁,2024-04-23,6451
2301,光寶科,16,1,15,永全-南崁,2024-04-23,6451
2388,威盛,15,0,15,永全-南崁,2024-04-23,6451
8110,華東,15,0,15,永全-南崁,2024-04-23,6451
6125,廣運,22,7,15,永全-南崁,2024-04-23,6451
00878,國泰永續高股息,13,0,13,永全-南崁,2024-04-23,6451
1609,大亞,23,11,12,永全-南崁,2024-04-23,6451
2610,華航,26,15,11,永全-南崁,2024-04-23,6451
2891,中信金,11,0,11,永全-南崁,2024-04-23,6451
1529,樂事綠能,11,1,10,永全-南崁,2024-04-23,6451
2303,聯電,12,2,10,永全-南崁,2024-04-23,6451
2417,圓剛,10,0,10,永全-南崁,2024-04-23,6451
2421,建準,10,0,10,永全-南崁,2024-04-23,6451
2801,彰銀,10,0,10,永全-南崁,2024-04-23,6451
2444,兆勁,9,0,9,永全-南崁,2024-04-23,6451
5512,力麒,12,3,9,永全-南崁,2024-04-23,6451
8936,國統,29,20,9,永全-南崁,2024-04-23,6451
0056,元大高股息,8,0,8,永全-南崁,2024-04-23,6451
2317,鴻海,11,4,7,永全-南崁,2024-04-23,6451
2812,台中銀,7,0,7,永全-南崁,2024-04-23,6451
2885,元大金,7,0,7,永全-南崁,2024-04-23,6451
6005,群益證,7,0,7,永全-南崁,2024-04-23,6451
1603,華電,6,0,6,永全-南崁,2024-04-23,6451
2834,臺企銀,11,5,6,永全-南崁,2024-04-23,6451
00905,FT臺灣Smart,5,0,5,永全-南崁,2024-04-23,6451
1612,宏泰,5,0,5,永全-南崁,2024-04-23,6451
2888,新光金,5,0,5,永全-南崁,2024-04-23,6451
3088,艾訊,5,0,5,永全-南崁,2024-04-23,6451
3231,緯創,11,6,5,永全-南崁,2024-04-23,6451
8050,廣積,5,0,5,永全-南崁,2024-04-23,6451
006208,富邦台50,4,0,4,永全-南崁,2024-04-23,6451
2201,裕隆,4,0,4,永全-南崁,2024-04-23,6451
00632R,元大台灣50反1,300,0,300,永全-南崁,2024-04-24,6451
5508,永信建,77,0,77,永全-南崁,2024-04-24,6451
2409,友達,81,10,71,永全-南崁,2024-04-24,6451
3013,晟銘電,62,11,51,永全-南崁,2024-04-24,6451
1618,合機,56,7,49,永全-南崁,2024-04-24,6451
00923,群益台ESG低碳50,45,0,45,永全-南崁,2024-04-24,6451
00676R,富邦臺灣加權反1,40,0,40,永全-南崁,2024-04-24,6451
2439,美律,30,0,30,永全-南崁,2024-04-24,6451
6120,達運,29,1,28,永全-南崁,2024-04-24,6451
1603,華電,32,6,26,永全-南崁,2024-04-24,6451
3027,盛達,26,1,25,永全-南崁,2024-04-24,6451
5512,力麒,30,7,23,永全-南崁,2024-04-24,6451
2883,凱基金,23,2,21,永全-南崁,2024-04-24,6451
2515,中工,96,75,21,永全-南崁,2024-04-24,6451
1522,堤維西,20,0,20,永全-南崁,2024-04-24,6451
2886,兆豐金,20,0,20,永全-南崁,2024-04-24,6451
3044,健鼎,19,0,19,永全-南崁,2024-04-24,6451
3617,碩天,20,3,17,永全-南崁,2024-04-24,6451
8183,精星,15,0,15,永全-南崁,2024-04-24,6451
1440,南紡,20,6,14,永全-南崁,2024-04-24,6451
3686,達能,13,0,13,永全-南崁,2024-04-24,6451
3059,華晶科,13,1,12,永全-南崁,2024-04-24,6451
1605,華新,13,2,11,永全-南崁,2024-04-24,6451
6116,彩晶,11,0,11,永全-南崁,2024-04-24,6451
6215,和椿,11,0,11,永全-南崁,2024-04-24,6451
6770,力積電,16,5,11,永全-南崁,2024-04-24,6451
1445,大宇,10,0,10,永全-南崁,2024-04-24,6451
2027,大成鋼,10,0,10,永全-南崁,2024-04-24,6451
2834,臺企銀,10,0,10,永全-南崁,2024-04-24,6451
3021,鴻名,10,0,10,永全-南崁,2024-04-24,6451
8104,錸寶,10,0,10,永全-南崁,2024-04-24,6451
9934,成霖,10,0,10,永全-南崁,2024-04-24,6451
3711,日月光投控,10,1,9,永全-南崁,2024-04-24,6451
5388,中磊,11,2,9,永全-南崁,2024-04-24,6451
2206,三陽工業,14,6,8,永全-南崁,2024-04-24,6451
2009,第一銅,12,4,8,永全-南崁,2024-04-24,6451
3035,智原,13,5,8,永全-南崁,2024-04-24,6451
00687B,國泰20年美債,8,1,7,永全-南崁,2024-04-24,6451
2329,華泰,11,4,7,永全-南崁,2024-04-24,6451
3058,立德,9,2,7,永全-南崁,2024-04-24,6451
3434,哲固,11,4,7,永全-南崁,2024-04-24,6451
3703,欣陸,8,1,7,永全-南崁,2024-04-24,6451
6443,元晶,17,10,7,永全-南崁,2024-04-24,6451
00939,統一台灣高息動能,6,0,6,永全-南崁,2024-04-24,6451
2303,聯電,7,1,6,永全-南崁,2024-04-24,6451
2851,中再保,6,0,6,永全-南崁,2024-04-24,6451
3163,波若威,7,1,6,永全-南崁,2024-04-24,6451
3543,州巧,6,0,6,永全-南崁,2024-04-24,6451
4533,協易機,10,4,6,永全-南崁,2024-04-24,6451
00772B,中信高評級公司債,5,0,5,永全-南崁,2024-04-24,6451
00632R,元大台灣50反1,620,60,560,永全-南崁,2024-04-25,6451
1605,華新,204,10,194,永全-南崁,2024-04-25,6451
00940,元大台灣價值高息,176,0,176,永全-南崁,2024-04-25,6451
1442,名軒,156,0,156,永全-南崁,2024-04-25,6451
00929,復華台灣科技優息,117,0,117,永全-南崁,2024-04-25,6451
00795B,中信美國公債20年,100,0,100,永全-南崁,2024-04-25,6451
3605,宏致,100,0,100,永全-南崁,2024-04-25,6451
5251,天鉞電,64,0,64,永全-南崁,2024-04-25,6451
6548,長科*,51,5,46,永全-南崁,2024-04-25,6451
00885,富邦越南,100,55,45,永全-南崁,2024-04-25,6451
2371,大同,78,37,41,永全-南崁,2024-04-25,6451
3030,德律,35,0,35,永全-南崁,2024-04-25,6451
00937B,群益ESG投等債20,31,0,31,永全-南崁,2024-04-25,6451
3338,泰碩,46,17,29,永全-南崁,2024-04-25,6451
2317,鴻海,30,4,26,永全-南崁,2024-04-25,6451
2303,聯電,30,4,26,永全-南崁,2024-04-25,6451
3231,緯創,26,0,26,永全-南崁,2024-04-25,6451
2542,興富發,25,0,25,永全-南崁,2024-04-25,6451
2867,三商壽,22,0,22,永全-南崁,2024-04-25,6451
1522,堤維西,20,0,20,永全-南崁,2024-04-25,6451
1603,華電,20,0,20,永全-南崁,2024-04-25,6451
4167,松瑞藥,20,0,20,永全-南崁,2024-04-25,6451
4714,永捷,35,15,20,永全-南崁,2024-04-25,6451
00919,群益台灣精選高息,19,0,19,永全-南崁,2024-04-25,6451
00679B,元大美債20年,18,0,18,永全-南崁,2024-04-25,6451
6125,廣運,24,6,18,永全-南崁,2024-04-25,6451
00878,國泰永續高股息,16,0,16,永全-南崁,2024-04-25,6451
3207,耀勝,21,5,16,永全-南崁,2024-04-25,6451
00725B,國泰投資級公司債,15,0,15,永全-南崁,2024-04-25,6451
2027,大成鋼,15,0,15,永全-南崁,2024-04-25,6451
2356,英業達,16,1,15,永全-南崁,2024-04-25,6451
2882,國泰金,35,20,15,永全-南崁,2024-04-25,6451
6197,佳必琪,17,3,14,永全-南崁,2024-04-25,6451
1805,寶徠,13,0,13,永全-南崁,2024-04-25,6451
6163,華電網,13,0,13,永全-南崁,2024-04-25,6451
2330,台積電,15,2,13,永全-南崁,2024-04-25,6451
2536,宏普,12,0,12,永全-南崁,2024-04-25,6451
2731,雄獅,19,7,12,永全-南崁,2024-04-25,6451
00751B,元大AAA至A公司債,11,0,11,永全-南崁,2024-04-25,6451
00772B,中信高評級公司債,10,0,10,永全-南崁,2024-04-25,6451
00882,中信中國高股息,10,0,10,永全-南崁,2024-04-25,6451
2421,建準,10,0,10,永全-南崁,2024-04-25,6451
2492,華新科,10,0,10,永全-南崁,2024-04-25,6451
2537,聯上發,10,0,10,永全-南崁,2024-04-25,6451
5511,德昌,10,0,10,永全-南崁,2024-04-25,6451
6120,達運,10,0,10,永全-南崁,2024-04-25,6451
6457,紘康,10,0,10,永全-南崁,2024-04-25,6451
6719,力智,10,0,10,永全-南崁,2024-04-25,6451
9934,成霖,20,10,10,永全-南崁,2024-04-25,6451
2002,中鋼,9,0,9,永全-南崁,2024-04-25,6451
00795B,中信美國公債20年,259,0,259,永全-南崁,2024-04-26,6451
00632R,元大台灣50反1,200,0,200,永全-南崁,2024-04-26,6451
1314,中石化,162,5,157,永全-南崁,2024-04-26,6451
3481,群創,157,6,151,永全-南崁,2024-04-26,6451
8234,新漢,100,1,99,永全-南崁,2024-04-26,6451
6215,和椿,110,12,98,永全-南崁,2024-04-26,6451
1605,華新,56,0,56,永全-南崁,2024-04-26,6451
2371,大同,83,28,55,永全-南崁,2024-04-26,6451
6116,彩晶,61,10,51,永全-南崁,2024-04-26,6451
1339,昭輝,50,0,50,永全-南崁,2024-04-26,6451
2511,太子,50,5,45,永全-南崁,2024-04-26,6451
3105,穩懋,45,0,45,永全-南崁,2024-04-26,6451
3363,上詮,36,2,34,永全-南崁,2024-04-26,6451
00937B,群益ESG投等債20,41,8,33,永全-南崁,2024-04-26,6451
2542,興富發,30,0,30,永全-南崁,2024-04-26,6451
8112,至上,30,1,29,永全-南崁,2024-04-26,6451
00680L,元大美債20正2,30,2,28,永全-南崁,2024-04-26,6451
2439,美律,21,0,21,永全-南崁,2024-04-26,6451
3207,耀勝,20,0,20,永全-南崁,2024-04-26,6451
6526,達發,20,0,20,永全-南崁,2024-04-26,6451
5251,天鉞電,16,0,16,永全-南崁,2024-04-26,6451
9945,潤泰新,12,0,12,永全-南崁,2024-04-26,6451
00751B,元大AAA至A公司債,11,0,11,永全-南崁,2024-04-26,6451
00725B,國泰投資級公司債,11,0,11,永全-南崁,2024-04-26,6451
1445,大宇,10,0,10,永全-南崁,2024-04-26,6451
00772B,中信高評級公司債,10,0,10,永全-南崁,2024-04-26,6451
1540,喬福,10,0,10,永全-南崁,2024-04-26,6451
2606,裕民,10,0,10,永全-南崁,2024-04-26,6451
3057,喬鼎,10,0,10,永全-南崁,2024-04-26,6451
3306,鼎天,12,2,10,永全-南崁,2024-04-26,6451
3673,TPK-KY,10,0,10,永全-南崁,2024-04-26,6451
6122,擎邦,10,0,10,永全-南崁,2024-04-26,6451
6605,帝寶,10,0,10,永全-南崁,2024-04-26,6451
8089,康全電訊,10,0,10,永全-南崁,2024-04-26,6451
2363,矽統,11,2,9,永全-南崁,2024-04-26,6451
1609,大亞,23,14,9,永全-南崁,2024-04-26,6451
2101,南港,55,46,9,永全-南崁,2024-04-26,6451
8033,雷虎,9,0,9,永全-南崁,2024-04-26,6451
2382,廣達,11,3,8,永全-南崁,2024-04-26,6451
1504,東元,10,2,8,永全-南崁,2024-04-26,6451
3693,營邦,8,0,8,永全-南崁,2024-04-26,6451
9944,新麗,8,0,8,永全-南崁,2024-04-26,6451
00679B,元大美債20年,42,35,7,永全-南崁,2024-04-26,6451
3163,波若威,19,12,7,永全-南崁,2024-04-26,6451
8936,國統,8,1,7,永全-南崁,2024-04-26,6451
00929,復華台灣科技優息,8,2,6,永全-南崁,2024-04-26,6451
2327,國巨,10,4,6,永全-南崁,2024-04-26,6451
2426,鼎元,6,0,6,永全-南崁,2024-04-26,6451
3264,欣銓,6,0,6,永全-南崁,2024-04-26,6451
3701,大眾控,6,0,6,永全-南崁,2024-04-26,6451
1316,上曜,264,6,258,永全-南崁,2024-04-29,6451
8064,東捷,203,6,197,永全-南崁,2024-04-29,6451
2889,國票金,163,2,161,永全-南崁,2024-04-29,6451
00632R,元大台灣50反1,140,0,140,永全-南崁,2024-04-29,6451
2101,南港,143,17,126,永全-南崁,2024-04-29,6451
8121,越峰,101,0,101,永全-南崁,2024-04-29,6451
6124,業強,100,0,100,永全-南崁,2024-04-29,6451
4303,信立,101,4,97,永全-南崁,2024-04-29,6451
3059,華晶科,100,11,89,永全-南崁,2024-04-29,6451
2610,華航,83,10,73,永全-南崁,2024-04-29,6451
00673R,期元大S＆P原油反1,50,0,50,永全-南崁,2024-04-29,6451
3605,宏致,50,0,50,永全-南崁,2024-04-29,6451
5009,榮剛,50,2,48,永全-南崁,2024-04-29,6451
5230,雷笛克光學,81,37,44,永全-南崁,2024-04-29,6451
1603,華電,42,0,42,永全-南崁,2024-04-29,6451
2323,中環,58,17,41,永全-南崁,2024-04-29,6451
2606,裕民,40,1,39,永全-南崁,2024-04-29,6451
3033,威健,30,1,29,永全-南崁,2024-04-29,6451
00929,復華台灣科技優息,32,4,28,永全-南崁,2024-04-29,6451
2371,大同,62,39,23,永全-南崁,2024-04-29,6451
3037,欣興,23,1,22,永全-南崁,2024-04-29,6451
2537,聯上發,38,18,20,永全-南崁,2024-04-29,6451
3338,泰碩,21,1,20,永全-南崁,2024-04-29,6451
3617,碩天,20,0,20,永全-南崁,2024-04-29,6451
8349,�矬�,20,0,20,永全-南崁,2024-04-29,6451
2363,矽統,38,18,20,永全-南崁,2024-04-29,6451
2885,元大金,17,0,17,永全-南崁,2024-04-29,6451
1611,中電,15,0,15,永全-南崁,2024-04-29,6451
5512,力麒,52,37,15,永全-南崁,2024-04-29,6451
6163,華電網,12,0,12,永全-南崁,2024-04-29,6451
00878,國泰永續高股息,14,3,11,永全-南崁,2024-04-29,6451
2301,光寶科,12,1,11,永全-南崁,2024-04-29,6451
2356,英業達,15,4,11,永全-南崁,2024-04-29,6451
3013,晟銘電,11,0,11,永全-南崁,2024-04-29,6451
00637L,元大滬深300正2,15,5,10,永全-南崁,2024-04-29,6451
1445,大宇,10,0,10,永全-南崁,2024-04-29,6451
1444,力麗,10,0,10,永全-南崁,2024-04-29,6451
2369,菱生,10,0,10,永全-南崁,2024-04-29,6451
2489,瑞軒,10,0,10,永全-南崁,2024-04-29,6451
2890,永豐金,10,0,10,永全-南崁,2024-04-29,6451
5388,中磊,10,0,10,永全-南崁,2024-04-29,6451
8011,台通,10,0,10,永全-南崁,2024-04-29,6451
3081,聯亞,10,2,8,永全-南崁,2024-04-29,6451
3706,神達,8,0,8,永全-南崁,2024-04-29,6451
5443,均豪,10,2,8,永全-南崁,2024-04-29,6451
1304,台聚,7,0,7,永全-南崁,2024-04-29,6451
2014,中鴻,7,0,7,永全-南崁,2024-04-29,6451
2405,輔信,7,0,7,永全-南崁,2024-04-29,6451
2542,興富發,7,0,7,永全-南崁,2024-04-29,6451
2548,華固,8,1,7,永全-南崁,2024-04-29,6451
4526,東台,212,2,210,永全-南崁,2024-04-30,6451
3056,富華新,120,0,120,永全-南崁,2024-04-30,6451
3306,鼎天,53,2,51,永全-南崁,2024-04-30,6451
00664R,國泰臺灣加權反1,50,0,50,永全-南崁,2024-04-30,6451
2520,冠德,165,115,50,永全-南崁,2024-04-30,6451
2606,裕民,40,0,40,永全-南崁,2024-04-30,6451
2637,慧洋-KY,40,0,40,永全-南崁,2024-04-30,6451
2515,中工,39,9,30,永全-南崁,2024-04-30,6451
2492,華新科,30,0,30,永全-南崁,2024-04-30,6451
5531,鄉林,29,0,29,永全-南崁,2024-04-30,6451
00919,群益台灣精選高息,26,0,26,永全-南崁,2024-04-30,6451
6770,力積電,22,0,22,永全-南崁,2024-04-30,6451
00940,元大台灣價值高息,21,0,21,永全-南崁,2024-04-30,6451
3030,德律,23,2,21,永全-南崁,2024-04-30,6451
1522,堤維西,20,0,20,永全-南崁,2024-04-30,6451
6209,今國光,20,0,20,永全-南崁,2024-04-30,6451
2888,新光金,19,0,19,永全-南崁,2024-04-30,6451
2104,國際中橡,18,0,18,永全-南崁,2024-04-30,6451
2353,宏��,18,0,18,永全-南崁,2024-04-30,6451
2834,臺企銀,22,5,17,永全-南崁,2024-04-30,6451
6177,達麗,28,11,17,永全-南崁,2024-04-30,6451
3017,奇鋐,18,3,15,永全-南崁,2024-04-30,6451
3312,弘憶股,16,1,15,永全-南崁,2024-04-30,6451
3609,三一東林,15,0,15,永全-南崁,2024-04-30,6451
8110,華東,15,0,15,永全-南崁,2024-04-30,6451
6116,彩晶,12,0,12,永全-南崁,2024-04-30,6451
6190,萬泰科,22,10,12,永全-南崁,2024-04-30,6451
2317,鴻海,14,3,11,永全-南崁,2024-04-30,6451
1905,華紙,11,0,11,永全-南崁,2024-04-30,6451
00751B,元大AAA至A公司債,10,0,10,永全-南崁,2024-04-30,6451
00725B,國泰投資級公司債,10,0,10,永全-南崁,2024-04-30,6451
00772B,中信高評級公司債,10,0,10,永全-南崁,2024-04-30,6451
00679B,元大美債20年,10,0,10,永全-南崁,2024-04-30,6451
1589,永冠-KY,10,0,10,永全-南崁,2024-04-30,6451
2506,太設,10,0,10,永全-南崁,2024-04-30,6451
2891,中信金,11,1,10,永全-南崁,2024-04-30,6451
6188,廣明,10,0,10,永全-南崁,2024-04-30,6451
6538,倉和,10,0,10,永全-南崁,2024-04-30,6451
2323,中環,12,3,9,永全-南崁,2024-04-30,6451
5426,振發,10,1,9,永全-南崁,2024-04-30,6451
2542,興富發,8,0,8,永全-南崁,2024-04-30,6451
2617,台航,8,0,8,永全-南崁,2024-04-30,6451
6442,光聖,9,1,8,永全-南崁,2024-04-30,6451
00650L,復華香港正2,7,0,7,永全-南崁,2024-04-30,6451
1609,大亞,12,5,7,永全-南崁,2024-04-30,6451
1802,台玻,7,0,7,永全-南崁,2024-04-30,6451
3163,波若威,11,4,7,永全-南崁,2024-04-30,6451
3189,景碩,7,0,7,永全-南崁,2024-04-30,6451
5534,長虹,6,0,6,永全-南崁,2024-04-30,6451
2892,第一金,6,0,6,永全-南崁,2024-04-30,6451
2506,太設,365,10,355,永全-南崁,2024-05-02,6451
3481,群創,197,0,197,永全-南崁,2024-05-02,6451
3033,威健,201,21,180,永全-南崁,2024-05-02,6451
2547,日勝生,153,0,153,永全-南崁,2024-05-02,6451
8096,擎亞,119,7,112,永全-南崁,2024-05-02,6451
6113,亞矽,153,51,102,永全-南崁,2024-05-02,6451
3512,皇龍,100,3,97,永全-南崁,2024-05-02,6451
00940,元大台灣價值高息,75,10,65,永全-南崁,2024-05-02,6451
2363,矽統,43,3,40,永全-南崁,2024-05-02,6451
2501,國建,48,15,33,永全-南崁,2024-05-02,6451
1314,中石化,52,19,33,永全-南崁,2024-05-02,6451
1442,名軒,91,60,31,永全-南崁,2024-05-02,6451
2882,國泰金,76,45,31,永全-南崁,2024-05-02,6451
00945B,凱基美國非投等債,30,0,30,永全-南崁,2024-05-02,6451
3013,晟銘電,47,18,29,永全-南崁,2024-05-02,6451
00919,群益台灣精選高息,27,0,27,永全-南崁,2024-05-02,6451
00637L,元大滬深300正2,35,10,25,永全-南崁,2024-05-02,6451
6284,佳邦,25,0,25,永全-南崁,2024-05-02,6451
00878,國泰永續高股息,22,0,22,永全-南崁,2024-05-02,6451
6163,華電網,21,0,21,永全-南崁,2024-05-02,6451
00937B,群益ESG投等債20,20,0,20,永全-南崁,2024-05-02,6451
1220,台榮,20,0,20,永全-南崁,2024-05-02,6451
3014,聯陽,20,0,20,永全-南崁,2024-05-02,6451
6125,廣運,25,6,19,永全-南崁,2024-05-02,6451
1434,福懋,18,0,18,永全-南崁,2024-05-02,6451
1712,興農,18,0,18,永全-南崁,2024-05-02,6451
2615,萬海,26,10,16,永全-南崁,2024-05-02,6451
2324,仁寶,15,0,15,永全-南崁,2024-05-02,6451
2603,長榮,18,4,14,永全-南崁,2024-05-02,6451
2891,中信金,14,0,14,永全-南崁,2024-05-02,6451
6120,達運,14,0,14,永全-南崁,2024-05-02,6451
6443,元晶,14,0,14,永全-南崁,2024-05-02,6451
2467,志聖,13,0,13,永全-南崁,2024-05-02,6451
00929,復華台灣科技優息,18,6,12,永全-南崁,2024-05-02,6451
00933B,國泰10Y+金融債,12,0,12,永全-南崁,2024-05-02,6451
00679B,元大美債20年,12,0,12,永全-南崁,2024-05-02,6451
1905,華紙,23,11,12,永全-南崁,2024-05-02,6451
1603,華電,11,0,11,永全-南崁,2024-05-02,6451
2317,鴻海,11,0,11,永全-南崁,2024-05-02,6451
00772B,中信高評級公司債,10,0,10,永全-南崁,2024-05-02,6451
00751B,元大AAA至A公司債,10,0,10,永全-南崁,2024-05-02,6451
00725B,國泰投資級公司債,10,0,10,永全-南崁,2024-05-02,6451
1312,國喬,10,0,10,永全-南崁,2024-05-02,6451
2913,農林,11,1,10,永全-南崁,2024-05-02,6451
3057,喬鼎,10,0,10,永全-南崁,2024-05-02,6451
5434,崇越,10,0,10,永全-南崁,2024-05-02,6451
6605,帝寶,10,0,10,永全-南崁,2024-05-02,6451
2330,台積電,11,2,9,永全-南崁,2024-05-02,6451
1440,南紡,9,0,9,永全-南崁,2024-05-02,6451
2610,華航,21,12,9,永全-南崁,2024-05-02,6451
00665L,富邦�琤肭磪囓�2,180,0,180,永全-南崁,2024-05-03,6451
3706,神達,106,1,105,永全-南崁,2024-05-03,6451
6125,廣運,60,9,51,永全-南崁,2024-05-03,6451
00673R,期元大S＆P原油反1,50,0,50,永全-南崁,2024-05-03,6451
1605,華新,51,1,50,永全-南崁,2024-05-03,6451
2393,億光,50,0,50,永全-南崁,2024-05-03,6451
3055,蔚華科,58,10,48,永全-南崁,2024-05-03,6451
3231,緯創,58,12,46,永全-南崁,2024-05-03,6451
6284,佳邦,40,1,39,永全-南崁,2024-05-03,6451
2421,建準,37,0,37,永全-南崁,2024-05-03,6451
6163,華電網,34,0,34,永全-南崁,2024-05-03,6451
9945,潤泰新,96,64,32,永全-南崁,2024-05-03,6451
6120,達運,32,0,32,永全-南崁,2024-05-03,6451
2867,三商壽,35,10,25,永全-南崁,2024-05-03,6451
2317,鴻海,32,10,22,永全-南崁,2024-05-03,6451
6462,神盾,20,0,20,永全-南崁,2024-05-03,6451
8091,翔名,20,0,20,永全-南崁,2024-05-03,6451
9103,美德醫療-DR,20,0,20,永全-南崁,2024-05-03,6451
1514,亞力,25,8,17,永全-南崁,2024-05-03,6451
2392,正崴,18,1,17,永全-南崁,2024-05-03,6451
5511,德昌,20,3,17,永全-南崁,2024-05-03,6451
2009,第一銅,20,5,15,永全-南崁,2024-05-03,6451
2603,長榮,26,11,15,永全-南崁,2024-05-03,6451
6143,振曜,20,5,15,永全-南崁,2024-05-03,6451
00941,中信上游半導體,14,0,14,永全-南崁,2024-05-03,6451
2363,矽統,17,4,13,永全-南崁,2024-05-03,6451
8054,安國,35,22,13,永全-南崁,2024-05-03,6451
4532,瑞智,11,0,11,永全-南崁,2024-05-03,6451
6122,擎邦,11,0,11,永全-南崁,2024-05-03,6451
3490,單井,10,0,10,永全-南崁,2024-05-03,6451
00752,中信中國50,10,0,10,永全-南崁,2024-05-03,6451
00918,大華優利高填息30,10,0,10,永全-南崁,2024-05-03,6451
1802,台玻,10,0,10,永全-南崁,2024-05-03,6451
2323,中環,12,2,10,永全-南崁,2024-05-03,6451
2610,華航,15,5,10,永全-南崁,2024-05-03,6451
3024,憶聲,10,0,10,永全-南崁,2024-05-03,6451
3093,港建*,10,0,10,永全-南崁,2024-05-03,6451
4167,松瑞藥,10,0,10,永全-南崁,2024-05-03,6451
6209,今國光,10,0,10,永全-南崁,2024-05-03,6451
8112,至上,22,12,10,永全-南崁,2024-05-03,6451
9934,成霖,10,0,10,永全-南崁,2024-05-03,6451
2344,華邦電,9,0,9,永全-南崁,2024-05-03,6451
3297,杭特,10,1,9,永全-南崁,2024-05-03,6451
2520,冠德,157,149,8,永全-南崁,2024-05-03,6451
2356,英業達,19,11,8,永全-南崁,2024-05-03,6451
2718,全心投控,7,0,7,永全-南崁,2024-05-03,6451
00919,群益台灣精選高息,33,27,6,永全-南崁,2024-05-03,6451
1316,上曜,7,1,6,永全-南崁,2024-05-03,6451
1506,正道,6,0,6,永全-南崁,2024-05-03,6451
4968,立積,6,0,6,永全-南崁,2024-05-03,6451
2547,日勝生,120,10,110,永全-南崁,2024-05-06,6451
1442,名軒,200,93,107,永全-南崁,2024-05-06,6451
3356,奇偶,101,0,101,永全-南崁,2024-05-06,6451
00664R,國泰臺灣加權反1,100,0,100,永全-南崁,2024-05-06,6451
2392,正崴,100,0,100,永全-南崁,2024-05-06,6451
3501,維熹,100,0,100,永全-南崁,2024-05-06,6451
2834,臺企銀,101,3,98,永全-南崁,2024-05-06,6451
2618,長榮航,108,36,72,永全-南崁,2024-05-06,6451
1605,華新,67,0,67,永全-南崁,2024-05-06,6451
00679B,元大美債20年,55,0,55,永全-南崁,2024-05-06,6451
3587,閎康,51,0,51,永全-南崁,2024-05-06,6451
3706,神達,45,0,45,永全-南崁,2024-05-06,6451
00637L,元大滬深300正2,35,0,35,永全-南崁,2024-05-06,6451
3044,健鼎,35,1,34,永全-南崁,2024-05-06,6451
3013,晟銘電,43,12,31,永全-南崁,2024-05-06,6451
6164,華興,30,0,30,永全-南崁,2024-05-06,6451
2610,華航,40,13,27,永全-南崁,2024-05-06,6451
5498,凱崴,26,0,26,永全-南崁,2024-05-06,6451
6173,信昌電,26,1,25,永全-南崁,2024-05-06,6451
1314,中石化,50,26,24,永全-南崁,2024-05-06,6451
00929,復華台灣科技優息,25,3,22,永全-南崁,2024-05-06,6451
2515,中工,25,4,21,永全-南崁,2024-05-06,6451
6290,良維,20,0,20,永全-南崁,2024-05-06,6451
1312,國喬,20,0,20,永全-南崁,2024-05-06,6451
9103,美德醫療-DR,20,0,20,永全-南崁,2024-05-06,6451
00919,群益台灣精選高息,21,2,19,永全-南崁,2024-05-06,6451
2449,京元電子,21,3,18,永全-南崁,2024-05-06,6451
3570,大塚,24,6,18,永全-南崁,2024-05-06,6451
5392,能率,17,0,17,永全-南崁,2024-05-06,6451
5515,建國,15,0,15,永全-南崁,2024-05-06,6451
1805,寶徠,19,6,13,永全-南崁,2024-05-06,6451
6117,迎廣,19,6,13,永全-南崁,2024-05-06,6451
9933,中鼎,17,4,13,永全-南崁,2024-05-06,6451
8088,品安,15,3,12,永全-南崁,2024-05-06,6451
2352,佳世達,11,0,11,永全-南崁,2024-05-06,6451
3260,威剛,13,2,11,永全-南崁,2024-05-06,6451
3363,上詮,11,0,11,永全-南崁,2024-05-06,6451
4746,台耀,11,0,11,永全-南崁,2024-05-06,6451
6215,和椿,21,10,11,永全-南崁,2024-05-06,6451
3017,奇鋐,12,2,10,永全-南崁,2024-05-06,6451
1342,八貫,10,0,10,永全-南崁,2024-05-06,6451
1227,佳格,10,0,10,永全-南崁,2024-05-06,6451
2707,晶華,10,0,10,永全-南崁,2024-05-06,6451
3081,聯亞,10,0,10,永全-南崁,2024-05-06,6451
4138,曜亞,10,0,10,永全-南崁,2024-05-06,6451
8110,華東,10,0,10,永全-南崁,2024-05-06,6451
2520,冠德,119,109,10,永全-南崁,2024-05-06,6451
2374,佳能,10,1,9,永全-南崁,2024-05-06,6451
3624,光頡,10,1,9,永全-南崁,2024-05-06,6451
5531,鄉林,13,4,9,永全-南崁,2024-05-06,6451
3481,群創,301,0,301,永全-南崁,2024-05-07,6451
3056,富華新,280,3,277,永全-南崁,2024-05-07,6451
2520,冠德,169,5,164,永全-南崁,2024-05-07,6451
2618,長榮航,275,168,107,永全-南崁,2024-05-07,6451
8234,新漢,100,0,100,永全-南崁,2024-05-07,6451
1618,合機,101,2,99,永全-南崁,2024-05-07,6451
3338,泰碩,100,4,96,永全-南崁,2024-05-07,6451
9105,泰金寶-DR,71,0,71,永全-南崁,2024-05-07,6451
5512,力麒,87,18,69,永全-南崁,2024-05-07,6451
4933,友輝,70,4,66,永全-南崁,2024-05-07,6451
00679B,元大美債20年,64,7,57,永全-南崁,2024-05-07,6451
1605,華新,69,12,57,永全-南崁,2024-05-07,6451
00940,元大台灣價值高息,53,0,53,永全-南崁,2024-05-07,6451
6215,和椿,55,11,44,永全-南崁,2024-05-07,6451
00929,復華台灣科技優息,43,1,42,永全-南崁,2024-05-07,6451
5388,中磊,39,1,38,永全-南崁,2024-05-07,6451
5515,建國,35,0,35,永全-南崁,2024-05-07,6451
1313,聯成,30,0,30,永全-南崁,2024-05-07,6451
3081,聯亞,30,1,29,永全-南崁,2024-05-07,6451
2883,凱基金,30,2,28,永全-南崁,2024-05-07,6451
2515,中工,43,16,27,永全-南崁,2024-05-07,6451
6163,華電網,23,0,23,永全-南崁,2024-05-07,6451
1312,國喬,20,0,20,永全-南崁,2024-05-07,6451
8210,勤誠,21,1,20,永全-南崁,2024-05-07,6451
9945,潤泰新,21,1,20,永全-南崁,2024-05-07,6451
00919,群益台灣精選高息,24,5,19,永全-南崁,2024-05-07,6451
2349,錸德,18,0,18,永全-南崁,2024-05-07,6451
2408,南亞科,22,5,17,永全-南崁,2024-05-07,6451
2449,京元電子,17,0,17,永全-南崁,2024-05-07,6451
5498,凱崴,17,0,17,永全-南崁,2024-05-07,6451
6457,紘康,17,0,17,永全-南崁,2024-05-07,6451
2501,國建,25,9,16,永全-南崁,2024-05-07,6451
8112,至上,16,0,16,永全-南崁,2024-05-07,6451
1591,駿吉-KY,15,0,15,永全-南崁,2024-05-07,6451
3231,緯創,16,1,15,永全-南崁,2024-05-07,6451
2371,大同,21,7,14,永全-南崁,2024-05-07,6451
8277,商丞,14,0,14,永全-南崁,2024-05-07,6451
2323,中環,13,0,13,永全-南崁,2024-05-07,6451
00772B,中信高評級公司債,11,0,11,永全-南崁,2024-05-07,6451
1805,寶徠,15,4,11,永全-南崁,2024-05-07,6451
2313,華通,14,3,11,永全-南崁,2024-05-07,6451
5392,能率,12,1,11,永全-南崁,2024-05-07,6451
1301,台塑,11,0,11,永全-南崁,2024-05-07,6451
00751B,元大AAA至A公司債,10,0,10,永全-南崁,2024-05-07,6451
00725B,國泰投資級公司債,10,0,10,永全-南崁,2024-05-07,6451
1584,精剛,10,0,10,永全-南崁,2024-05-07,6451
2492,華新科,10,0,10,永全-南崁,2024-05-07,6451
2838,聯邦銀,10,0,10,永全-南崁,2024-05-07,6451
3305,昇貿,11,1,10,永全-南崁,2024-05-07,6451
3466,德晉,12,2,10,永全-南崁,2024-05-07,6451
2883,凱基金,302,0,302,永全-南崁,2024-05-08,6451
1609,大亞,130,18,112,永全-南崁,2024-05-08,6451
6113,亞矽,105,0,105,永全-南崁,2024-05-08,6451
1605,華新,54,0,54,永全-南崁,2024-05-08,6451
6215,和椿,104,53,51,永全-南崁,2024-05-08,6451
9105,泰金寶-DR,150,100,50,永全-南崁,2024-05-08,6451
6191,精成科,50,1,49,永全-南崁,2024-05-08,6451
00878,國泰永續高股息,47,1,46,永全-南崁,2024-05-08,6451
2501,國建,51,9,42,永全-南崁,2024-05-08,6451
1326,台化,40,0,40,永全-南崁,2024-05-08,6451
8096,擎亞,86,47,39,永全-南崁,2024-05-08,6451
2537,聯上發,35,0,35,永全-南崁,2024-05-08,6451
5608,四維航,33,0,33,永全-南崁,2024-05-08,6451
00882,中信中國高股息,32,0,32,永全-南崁,2024-05-08,6451
6185,幃翔,31,0,31,永全-南崁,2024-05-08,6451
00679B,元大美債20年,31,2,29,永全-南崁,2024-05-08,6451
6285,啟��,25,0,25,永全-南崁,2024-05-08,6451
9945,潤泰新,32,7,25,永全-南崁,2024-05-08,6451
2637,慧洋-KY,44,20,24,永全-南崁,2024-05-08,6451
6139,亞翔,24,0,24,永全-南崁,2024-05-08,6451
00940,元大台灣價值高息,22,0,22,永全-南崁,2024-05-08,6451
1312,國喬,30,9,21,永全-南崁,2024-05-08,6451
1339,昭輝,20,0,20,永全-南崁,2024-05-08,6451
2002,中鋼,21,1,20,永全-南崁,2024-05-08,6451
3058,立德,20,0,20,永全-南崁,2024-05-08,6451
5388,中磊,20,0,20,永全-南崁,2024-05-08,6451
3564,其陽,20,1,19,永全-南崁,2024-05-08,6451
4543,萬在,21,3,18,永全-南崁,2024-05-08,6451
3481,群創,23,6,17,永全-南崁,2024-05-08,6451
1805,寶徠,16,0,16,永全-南崁,2024-05-08,6451
3570,大塚,30,14,16,永全-南崁,2024-05-08,6451
2605,新興,15,0,15,永全-南崁,2024-05-08,6451
4716,大立,15,0,15,永全-南崁,2024-05-08,6451
2515,中工,20,6,14,永全-南崁,2024-05-08,6451
2603,長榮,26,12,14,永全-南崁,2024-05-08,6451
2606,裕民,28,14,14,永全-南崁,2024-05-08,6451
3036,文曄,14,0,14,永全-南崁,2024-05-08,6451
5386,青雲,14,0,14,永全-南崁,2024-05-08,6451
5522,遠雄,13,0,13,永全-南崁,2024-05-08,6451
8112,至上,17,4,13,永全-南崁,2024-05-08,6451
00932,兆豐永續高息等權,12,0,12,永全-南崁,2024-05-08,6451
2027,大成鋼,12,0,12,永全-南崁,2024-05-08,6451
2103,台橡,13,1,12,永全-南崁,2024-05-08,6451
6834,天二科技,12,0,12,永全-南崁,2024-05-08,6451
5871,中租-KY,12,1,11,永全-南崁,2024-05-08,6451
2329,華泰,13,2,11,永全-南崁,2024-05-08,6451
6290,良維,11,0,11,永全-南崁,2024-05-08,6451
00725B,國泰投資級公司債,10,0,10,永全-南崁,2024-05-08,6451
00772B,中信高評級公司債,10,0,10,永全-南崁,2024-05-08,6451
00751B,元大AAA至A公司債,10,0,10,永全-南崁,2024-05-08,6451
2464,盟立,104,3,101,永全-南崁,2024-05-09,6451
2610,華航,120,19,101,永全-南崁,2024-05-09,6451
3339,泰谷,100,0,100,永全-南崁,2024-05-09,6451
4562,穎漢,260,160,100,永全-南崁,2024-05-09,6451
8121,越峰,100,0,100,永全-南崁,2024-05-09,6451
00679B,元大美債20年,64,0,64,永全-南崁,2024-05-09,6451
1605,華新,62,6,56,永全-南崁,2024-05-09,6451
00673R,期元大S＆P原油反1,50,0,50,永全-南崁,2024-05-09,6451
5515,建國,50,1,49,永全-南崁,2024-05-09,6451
00946,群益科技高息成長,43,0,43,永全-南崁,2024-05-09,6451
3231,緯創,36,1,35,永全-南崁,2024-05-09,6451
4532,瑞智,35,0,35,永全-南崁,2024-05-09,6451
4919,新唐,35,0,35,永全-南崁,2024-05-09,6451
1305,華夏,30,0,30,永全-南崁,2024-05-09,6451
5880,合庫金,30,0,30,永全-南崁,2024-05-09,6451
2359,所羅門,32,4,28,永全-南崁,2024-05-09,6451
8112,至上,26,0,26,永全-南崁,2024-05-09,6451
3297,杭特,24,0,24,永全-南崁,2024-05-09,6451
5871,中租-KY,25,1,24,永全-南崁,2024-05-09,6451
2515,中工,23,0,23,永全-南崁,2024-05-09,6451
6185,幃翔,23,0,23,永全-南崁,2024-05-09,6451
1314,中石化,29,8,21,永全-南崁,2024-05-09,6451
00878,國泰永續高股息,22,1,21,永全-南崁,2024-05-09,6451
1591,駿吉-KY,20,0,20,永全-南崁,2024-05-09,6451
2014,中鴻,20,0,20,永全-南崁,2024-05-09,6451
3060,銘異,20,0,20,永全-南崁,2024-05-09,6451
6163,華電網,20,0,20,永全-南崁,2024-05-09,6451
2486,一詮,23,4,19,永全-南崁,2024-05-09,6451
00940,元大台灣價值高息,17,0,17,永全-南崁,2024-05-09,6451
3325,旭品,17,0,17,永全-南崁,2024-05-09,6451
3287,廣寰科,16,0,16,永全-南崁,2024-05-09,6451
6015,宏遠證,18,2,16,永全-南崁,2024-05-09,6451
00929,復華台灣科技優息,16,1,15,永全-南崁,2024-05-09,6451
1313,聯成,15,0,15,永全-南崁,2024-05-09,6451
5512,力麒,20,5,15,永全-南崁,2024-05-09,6451
2409,友達,14,0,14,永全-南崁,2024-05-09,6451
3443,創意,13,0,13,永全-南崁,2024-05-09,6451
1513,中興電,14,1,13,永全-南崁,2024-05-09,6451
2492,華新科,20,7,13,永全-南崁,2024-05-09,6451
1301,台塑,12,0,12,永全-南崁,2024-05-09,6451
00772B,中信高評級公司債,11,0,11,永全-南崁,2024-05-09,6451
5388,中磊,11,0,11,永全-南崁,2024-05-09,6451
7402,邑錡,11,0,11,永全-南崁,2024-05-09,6451
2002,中鋼,10,0,10,永全-南崁,2024-05-09,6451
00892,富邦台灣半導體,10,0,10,永全-南崁,2024-05-09,6451
00891,中信關鍵半導體,10,0,10,永全-南崁,2024-05-09,6451
00904,新光臺灣半導體30,10,0,10,永全-南崁,2024-05-09,6451
00631L,元大台灣50正2,10,0,10,永全-南崁,2024-05-09,6451
00751B,元大AAA至A公司債,10,0,10,永全-南崁,2024-05-09,6451
00725B,國泰投資級公司債,10,0,10,永全-南崁,2024-05-09,6451
2845,遠東銀,162,0,162,永全-南崁,2024-05-10,6451
00929,復華台灣科技優息,126,0,126,永全-南崁,2024-05-10,6451
3605,宏致,100,0,100,永全-南崁,2024-05-10,6451
8070,長華*,100,1,99,永全-南崁,2024-05-10,6451
2313,華通,55,5,50,永全-南崁,2024-05-10,6451
9105,泰金寶-DR,50,0,50,永全-南崁,2024-05-10,6451
3231,緯創,46,6,40,永全-南崁,2024-05-10,6451
6538,倉和,41,1,40,永全-南崁,2024-05-10,6451
8349,�矬�,40,0,40,永全-南崁,2024-05-10,6451
1515,力山,34,0,34,永全-南崁,2024-05-10,6451
1605,華新,32,1,31,永全-南崁,2024-05-10,6451
2537,聯上發,31,0,31,永全-南崁,2024-05-10,6451
9944,新麗,33,5,28,永全-南崁,2024-05-10,6451
2467,志聖,27,0,27,永全-南崁,2024-05-10,6451
2355,敬鵬,21,0,21,永全-南崁,2024-05-10,6451
3058,立德,20,0,20,永全-南崁,2024-05-10,6451
6285,啟��,20,0,20,永全-南崁,2024-05-10,6451
6116,彩晶,52,33,19,永全-南崁,2024-05-10,6451
1309,台達化,17,0,17,永全-南崁,2024-05-10,6451
6185,幃翔,17,0,17,永全-南崁,2024-05-10,6451
2605,新興,17,1,16,永全-南崁,2024-05-10,6451
2344,華邦電,15,0,15,永全-南崁,2024-05-10,6451
1714,和桐,14,0,14,永全-南崁,2024-05-10,6451
2641,正德,17,3,14,永全-南崁,2024-05-10,6451
4167,松瑞藥,25,11,14,永全-南崁,2024-05-10,6451
6274,台燿,14,0,14,永全-南崁,2024-05-10,6451
2388,威盛,14,1,13,永全-南崁,2024-05-10,6451
6163,華電網,30,18,12,永全-南崁,2024-05-10,6451
2009,第一銅,16,5,11,永全-南崁,2024-05-10,6451
5522,遠雄,11,0,11,永全-南崁,2024-05-10,6451
1905,華紙,10,0,10,永全-南崁,2024-05-10,6451
2547,日勝生,10,0,10,永全-南崁,2024-05-10,6451
2601,益航,10,0,10,永全-南崁,2024-05-10,6451
2618,長榮航,54,44,10,永全-南崁,2024-05-10,6451
3346,麗清,10,0,10,永全-南崁,2024-05-10,6451
4510,高鋒,10,0,10,永全-南崁,2024-05-10,6451
5531,鄉林,10,0,10,永全-南崁,2024-05-10,6451
6169,昱泉,10,0,10,永全-南崁,2024-05-10,6451
6605,帝寶,10,0,10,永全-南崁,2024-05-10,6451
8110,華東,10,0,10,永全-南崁,2024-05-10,6451
9945,潤泰新,10,0,10,永全-南崁,2024-05-10,6451
2885,元大金,10,0,10,永全-南崁,2024-05-10,6451
2501,國建,10,1,9,永全-南崁,2024-05-10,6451
2382,廣達,25,16,9,永全-南崁,2024-05-10,6451
1503,士電,17,9,8,永全-南崁,2024-05-10,6451
3041,揚智,22,14,8,永全-南崁,2024-05-10,6451
3260,威剛,10,2,8,永全-南崁,2024-05-10,6451
5426,振發,8,0,8,永全-南崁,2024-05-10,6451
8936,國統,12,4,8,永全-南崁,2024-05-10,6451
00937B,群益ESG投等債20,7,0,7,永全-南崁,2024-05-10,6451
00632R,元大台灣50反1,563,0,563,永全-南崁,2024-05-13,6451
2883,凱基金,664,102,562,永全-南崁,2024-05-13,6451
00929,復華台灣科技優息,180,9,171,永全-南崁,2024-05-13,6451
2618,長榮航,359,218,141,永全-南崁,2024-05-13,6451
00637L,元大滬深300正2,125,10,115,永全-南崁,2024-05-13,6451
00940,元大台灣價值高息,116,4,112,永全-南崁,2024-05-13,6451
8039,台虹,100,0,100,永全-南崁,2024-05-13,6451
6216,居易,100,1,99,永全-南崁,2024-05-13,6451
4976,佳凌,100,2,98,永全-南崁,2024-05-13,6451
2362,藍天,112,39,73,永全-南崁,2024-05-13,6451
2476,鉅祥,51,0,51,永全-南崁,2024-05-13,6451
2634,漢翔,37,0,37,永全-南崁,2024-05-13,6451
9904,寶成,30,0,30,永全-南崁,2024-05-13,6451
00878,國泰永續高股息,29,1,28,永全-南崁,2024-05-13,6451
3231,緯創,31,3,28,永全-南崁,2024-05-13,6451
2613,中櫃,28,1,27,永全-南崁,2024-05-13,6451
3010,華立,23,0,23,永全-南崁,2024-05-13,6451
2606,裕民,25,4,21,永全-南崁,2024-05-13,6451
2547,日勝生,20,0,20,永全-南崁,2024-05-13,6451
6257,矽格,20,0,20,永全-南崁,2024-05-13,6451
00937B,群益ESG投等債20,18,0,18,永全-南崁,2024-05-13,6451
00715L,期街口布蘭特正2,17,0,17,永全-南崁,2024-05-13,6451
00946,群益科技高息成長,17,0,17,永全-南崁,2024-05-13,6451
2371,大同,31,14,17,永全-南崁,2024-05-13,6451
00936,台新永續高息中小,16,0,16,永全-南崁,2024-05-13,6451
2611,志信,16,0,16,永全-南崁,2024-05-13,6451
2603,長榮,53,38,15,永全-南崁,2024-05-13,6451
3047,訊舟,15,0,15,永全-南崁,2024-05-13,6451
3287,廣寰科,30,15,15,永全-南崁,2024-05-13,6451
00939,統一台灣高息動能,12,0,12,永全-南崁,2024-05-13,6451
2867,三商壽,21,9,12,永全-南崁,2024-05-13,6451
2421,建準,11,0,11,永全-南崁,2024-05-13,6451
2474,可成,10,0,10,永全-南崁,2024-05-13,6451
1423,利華,10,0,10,永全-南崁,2024-05-13,6451
00680L,元大美債20正2,10,0,10,永全-南崁,2024-05-13,6451
00688L,國泰20年美債正2,10,0,10,永全-南崁,2024-05-13,6451
00724B,群益投資級金融債,10,0,10,永全-南崁,2024-05-13,6451
1608,華榮,11,1,10,永全-南崁,2024-05-13,6451
2017,官田鋼,10,0,10,永全-南崁,2024-05-13,6451
2406,國碩,14,4,10,永全-南崁,2024-05-13,6451
2617,台航,15,5,10,永全-南崁,2024-05-13,6451
6120,達運,10,0,10,永全-南崁,2024-05-13,6451
8215,明基材,10,0,10,永全-南崁,2024-05-13,6451
2020,美亞,9,0,9,永全-南崁,2024-05-13,6451
6116,彩晶,9,0,9,永全-南崁,2024-05-13,6451
3260,威剛,9,1,8,永全-南崁,2024-05-13,6451
00933B,國泰10Y+金融債,8,0,8,永全-南崁,2024-05-13,6451
1708,東鹼,10,2,8,永全-南崁,2024-05-13,6451
00795B,中信美國公債20年,6,0,6,永全-南崁,2024-05-13,6451
2313,華通,13,7,6,永全-南崁,2024-05-13,6451
6215,和椿,121,2,119,永全-南崁,2024-05-14,6451
2409,友達,70,2,68,永全-南崁,2024-05-14,6451
2241,艾姆勒,50,0,50,永全-南崁,2024-05-14,6451
5515,建國,50,0,50,永全-南崁,2024-05-14,6451
3390,旭軟,43,0,43,永全-南崁,2024-05-14,6451
2882,國泰金,82,40,42,永全-南崁,2024-05-14,6451
2353,宏��,57,17,40,永全-南崁,2024-05-14,6451
2359,所羅門,53,15,38,永全-南崁,2024-05-14,6451
2618,長榮航,71,38,33,永全-南崁,2024-05-14,6451
00637L,元大滬深300正2,42,10,32,永全-南崁,2024-05-14,6451
00664R,國泰臺灣加權反1,30,0,30,永全-南崁,2024-05-14,6451
1101,台泥,30,0,30,永全-南崁,2024-05-14,6451
6125,廣運,34,4,30,永全-南崁,2024-05-14,6451
3231,緯創,51,25,26,永全-南崁,2024-05-14,6451
9958,世紀鋼,31,7,24,永全-南崁,2024-05-14,6451
2317,鴻海,30,7,23,永全-南崁,2024-05-14,6451
5234,達興材料,25,3,22,永全-南崁,2024-05-14,6451
00706L,期元大S＆P日圓正2,20,0,20,永全-南崁,2024-05-14,6451
1591,駿吉-KY,20,0,20,永全-南崁,2024-05-14,6451
2390,云辰,20,0,20,永全-南崁,2024-05-14,6451
2615,萬海,46,26,20,永全-南崁,2024-05-14,6451
2905,三商,20,0,20,永全-南崁,2024-05-14,6451
2613,中櫃,27,8,19,永全-南崁,2024-05-14,6451
3033,威健,23,4,19,永全-南崁,2024-05-14,6451
8227,巨有科技,20,1,19,永全-南崁,2024-05-14,6451
2609,陽明,273,254,19,永全-南崁,2024-05-14,6451
00937B,群益ESG投等債20,14,0,14,永全-南崁,2024-05-14,6451
00929,復華台灣科技優息,15,2,13,永全-南崁,2024-05-14,6451
3047,訊舟,12,1,11,永全-南崁,2024-05-14,6451
1337,再生-KY,10,0,10,永全-南崁,2024-05-14,6451
00676R,富邦臺灣加權反1,10,0,10,永全-南崁,2024-05-14,6451
1522,堤維西,35,25,10,永全-南崁,2024-05-14,6451
3576,聯合再生,10,0,10,永全-南崁,2024-05-14,6451
6120,達運,10,0,10,永全-南崁,2024-05-14,6451
6282,康舒,15,5,10,永全-南崁,2024-05-14,6451
6117,迎廣,10,1,9,永全-南崁,2024-05-14,6451
1514,亞力,9,1,8,永全-南崁,2024-05-14,6451
2444,兆勁,8,0,8,永全-南崁,2024-05-14,6451
2504,國產,8,0,8,永全-南崁,2024-05-14,6451
3013,晟銘電,8,0,8,永全-南崁,2024-05-14,6451
1316,上曜,7,0,7,永全-南崁,2024-05-14,6451
3706,神達,17,10,7,永全-南崁,2024-05-14,6451
6548,長科*,7,0,7,永全-南崁,2024-05-14,6451
6684,安格,7,0,7,永全-南崁,2024-05-14,6451
1304,台聚,6,0,6,永全-南崁,2024-05-14,6451
2352,佳世達,6,0,6,永全-南崁,2024-05-14,6451
2515,中工,9,3,6,永全-南崁,2024-05-14,6451
4746,台耀,6,0,6,永全-南崁,2024-05-14,6451
5531,鄉林,6,0,6,永全-南崁,2024-05-14,6451
00665L,富邦�琤肭磪囓�2,5,0,5,永全-南崁,2024-05-14,6451
00878,國泰永續高股息,322,17,305,永全-南崁,2024-05-15,6451
9944,新麗,216,36,180,永全-南崁,2024-05-15,6451
2801,彰銀,125,0,125,永全-南崁,2024-05-15,6451
2464,盟立,102,1,101,永全-南崁,2024-05-15,6451
3060,銘異,103,2,101,永全-南崁,2024-05-15,6451
3306,鼎天,104,3,101,永全-南崁,2024-05-15,6451
00664R,國泰臺灣加權反1,100,0,100,永全-南崁,2024-05-15,6451
3059,華晶科,100,2,98,永全-南崁,2024-05-15,6451
00940,元大台灣價值高息,60,3,57,永全-南崁,2024-05-15,6451
2241,艾姆勒,52,2,50,永全-南崁,2024-05-15,6451
5608,四維航,46,1,45,永全-南崁,2024-05-15,6451
2637,慧洋-KY,60,20,40,永全-南崁,2024-05-15,6451
4114,健喬,40,0,40,永全-南崁,2024-05-15,6451
00919,群益台灣精選高息,35,0,35,永全-南崁,2024-05-15,6451
1609,大亞,38,5,33,永全-南崁,2024-05-15,6451
3287,廣寰科,37,5,32,永全-南崁,2024-05-15,6451
3050,鈺德,31,0,31,永全-南崁,2024-05-15,6451
00637L,元大滬深300正2,35,5,30,永全-南崁,2024-05-15,6451
6727,亞泰金屬,30,0,30,永全-南崁,2024-05-15,6451
2613,中櫃,55,27,28,永全-南崁,2024-05-15,6451
00936,台新永續高息中小,25,0,25,永全-南崁,2024-05-15,6451
4960,誠美材,24,0,24,永全-南崁,2024-05-15,6451
1449,佳和,23,0,23,永全-南崁,2024-05-15,6451
3010,華立,23,0,23,永全-南崁,2024-05-15,6451
2353,宏��,41,19,22,永全-南崁,2024-05-15,6451
8111,立��,20,0,20,永全-南崁,2024-05-15,6451
2371,大同,26,7,19,永全-南崁,2024-05-15,6451
3706,神達,31,12,19,永全-南崁,2024-05-15,6451
1314,中石化,18,0,18,永全-南崁,2024-05-15,6451
2356,英業達,73,57,16,永全-南崁,2024-05-15,6451
6282,康舒,18,2,16,永全-南崁,2024-05-15,6451
3673,TPK-KY,15,0,15,永全-南崁,2024-05-15,6451
2405,輔信,21,8,13,永全-南崁,2024-05-15,6451
6223,旺矽,13,1,12,永全-南崁,2024-05-15,6451
1444,力麗,10,0,10,永全-南崁,2024-05-15,6451
1528,恩德,10,0,10,永全-南崁,2024-05-15,6451
1614,三洋電,10,0,10,永全-南崁,2024-05-15,6451
2352,佳世達,10,0,10,永全-南崁,2024-05-15,6451
2492,華新科,10,0,10,永全-南崁,2024-05-15,6451
2630,亞航,12,2,10,永全-南崁,2024-05-15,6451
2729,瓦城,10,0,10,永全-南崁,2024-05-15,6451
4306,炎洲,10,0,10,永全-南崁,2024-05-15,6451
6163,華電網,10,0,10,永全-南崁,2024-05-15,6451
2324,仁寶,11,1,10,永全-南崁,2024-05-15,6451
1514,亞力,10,1,9,永全-南崁,2024-05-15,6451
2363,矽統,14,5,9,永全-南崁,2024-05-15,6451
4533,協易機,11,2,9,永全-南崁,2024-05-15,6451
1605,華新,8,0,8,永全-南崁,2024-05-15,6451
2880,華南金,8,0,8,永全-南崁,2024-05-15,6451
00937B,群益ESG投等債20,7,0,7,永全-南崁,2024-05-15,6451
00632R,元大台灣50反1,560,0,560,永全-南崁,2024-05-16,6451
00673R,期元大S＆P原油反1,100,0,100,永全-南崁,2024-05-16,6451
00753L,中信中國50正2,100,0,100,永全-南崁,2024-05-16,6451
8121,越峰,100,1,99,永全-南崁,2024-05-16,6451
3231,緯創,85,9,76,永全-南崁,2024-05-16,6451
00937B,群益ESG投等債20,57,0,57,永全-南崁,2024-05-16,6451
2801,彰銀,56,0,56,永全-南崁,2024-05-16,6451
4306,炎洲,50,0,50,永全-南崁,2024-05-16,6451
6125,廣運,64,14,50,永全-南崁,2024-05-16,6451
3455,由田,50,1,49,永全-南崁,2024-05-16,6451
3450,聯鈞,50,6,44,永全-南崁,2024-05-16,6451
3708,上緯投控,40,0,40,永全-南崁,2024-05-16,6451
3047,訊舟,58,22,36,永全-南崁,2024-05-16,6451
2365,昆盈,47,13,34,永全-南崁,2024-05-16,6451
00940,元大台灣價值高息,36,3,33,永全-南崁,2024-05-16,6451
6163,華電網,31,0,31,永全-南崁,2024-05-16,6451
1591,駿吉-KY,31,1,30,永全-南崁,2024-05-16,6451
8358,金居,43,13,30,永全-南崁,2024-05-16,6451
2887,台新金,30,6,24,永全-南崁,2024-05-16,6451
2461,光群雷,23,0,23,永全-南崁,2024-05-16,6451
1609,大亞,35,13,22,永全-南崁,2024-05-16,6451
2301,光寶科,21,0,21,永全-南崁,2024-05-16,6451
2417,圓剛,23,2,21,永全-南崁,2024-05-16,6451
6282,康舒,20,0,20,永全-南崁,2024-05-16,6451
1326,台化,40,22,18,永全-南崁,2024-05-16,6451
1312,國喬,20,3,17,永全-南崁,2024-05-16,6451
2489,瑞軒,23,7,16,永全-南崁,2024-05-16,6451
00878,國泰永續高股息,39,24,15,永全-南崁,2024-05-16,6451
2903,遠百,15,0,15,永全-南崁,2024-05-16,6451
3466,德晉,15,0,15,永全-南崁,2024-05-16,6451
2356,英業達,32,18,14,永全-南崁,2024-05-16,6451
2369,菱生,14,0,14,永全-南崁,2024-05-16,6451
4729,熒茂,14,0,14,永全-南崁,2024-05-16,6451
5392,能率,15,1,14,永全-南崁,2024-05-16,6451
2748,雲品,13,0,13,永全-南崁,2024-05-16,6451
8210,勤誠,18,5,13,永全-南崁,2024-05-16,6451
2382,廣達,18,5,13,永全-南崁,2024-05-16,6451
9945,潤泰新,22,10,12,永全-南崁,2024-05-16,6451
00772B,中信高評級公司債,10,0,10,永全-南崁,2024-05-16,6451
00751B,元大AAA至A公司債,10,0,10,永全-南崁,2024-05-16,6451
00725B,國泰投資級公司債,10,0,10,永全-南崁,2024-05-16,6451
00679B,元大美債20年,10,0,10,永全-南崁,2024-05-16,6451
1611,中電,10,0,10,永全-南崁,2024-05-16,6451
2329,華泰,11,1,10,永全-南崁,2024-05-16,6451
2485,兆赫,10,0,10,永全-南崁,2024-05-16,6451
2486,一詮,10,0,10,永全-南崁,2024-05-16,6451
2732,六角,10,0,10,永全-南崁,2024-05-16,6451
3050,鈺德,10,0,10,永全-南崁,2024-05-16,6451
3490,單井,10,0,10,永全-南崁,2024-05-16,6451
3512,皇龍,10,0,10,永全-南崁,2024-05-16,6451
2349,錸德,123,0,123,永全-南崁,2024-05-17,6451
00878,國泰永續高股息,113,0,113,永全-南崁,2024-05-17,6451
3481,群創,100,0,100,永全-南崁,2024-05-17,6451
00673R,期元大S＆P原油反1,100,0,100,永全-南崁,2024-05-17,6451
2489,瑞軒,136,37,99,永全-南崁,2024-05-17,6451
2867,三商壽,191,101,90,永全-南崁,2024-05-17,6451
2637,慧洋-KY,85,2,83,永全-南崁,2024-05-17,6451
2409,友達,61,0,61,永全-南崁,2024-05-17,6451
3708,上緯投控,60,0,60,永全-南崁,2024-05-17,6451
00929,復華台灣科技優息,70,11,59,永全-南崁,2024-05-17,6451
00940,元大台灣價值高息,56,1,55,永全-南崁,2024-05-17,6451
2606,裕民,55,1,54,永全-南崁,2024-05-17,6451
3013,晟銘電,57,7,50,永全-南崁,2024-05-17,6451
2887,台新金,51,1,50,永全-南崁,2024-05-17,6451
5230,雷笛克光學,70,20,50,永全-南崁,2024-05-17,6451
6215,和椿,51,2,49,永全-南崁,2024-05-17,6451
2609,陽明,64,17,47,永全-南崁,2024-05-17,6451
00688L,國泰20年美債正2,40,0,40,永全-南崁,2024-05-17,6451
6188,廣明,40,4,36,永全-南崁,2024-05-17,6451
2636,台驊控股,33,0,33,永全-南崁,2024-05-17,6451
3047,訊舟,56,23,33,永全-南崁,2024-05-17,6451
2359,所羅門,47,16,31,永全-南崁,2024-05-17,6451
2367,燿華,67,36,31,永全-南崁,2024-05-17,6451
2610,華航,100,69,31,永全-南崁,2024-05-17,6451
3265,台星科,35,4,31,永全-南崁,2024-05-17,6451
2461,光群雷,27,0,27,永全-南崁,2024-05-17,6451
2903,遠百,27,0,27,永全-南崁,2024-05-17,6451
9945,潤泰新,36,10,26,永全-南崁,2024-05-17,6451
6770,力積電,27,2,25,永全-南崁,2024-05-17,6451
2009,第一銅,22,0,22,永全-南崁,2024-05-17,6451
2607,榮運,21,0,21,永全-南崁,2024-05-17,6451
5355,佳總,20,0,20,永全-南崁,2024-05-17,6451
8438,昶昕,20,0,20,永全-南崁,2024-05-17,6451
2417,圓剛,23,4,19,永全-南崁,2024-05-17,6451
5483,中美晶,21,2,19,永全-南崁,2024-05-17,6451
2408,南亞科,18,0,18,永全-南崁,2024-05-17,6451
2615,萬海,17,0,17,永全-南崁,2024-05-17,6451
8110,華東,17,0,17,永全-南崁,2024-05-17,6451
6244,茂迪,16,1,15,永全-南崁,2024-05-17,6451
2020,美亞,14,0,14,永全-南崁,2024-05-17,6451
2356,英業達,21,8,13,永全-南崁,2024-05-17,6451
2317,鴻海,21,9,12,永全-南崁,2024-05-17,6451
3264,欣銓,12,0,12,永全-南崁,2024-05-17,6451
3706,神達,22,10,12,永全-南崁,2024-05-17,6451
6257,矽格,16,4,12,永全-南崁,2024-05-17,6451
2330,台積電,11,0,11,永全-南崁,2024-05-17,6451
2362,藍天,27,16,11,永全-南崁,2024-05-17,6451
2603,長榮,24,13,11,永全-南崁,2024-05-17,6451
1444,力麗,10,0,10,永全-南崁,2024-05-17,6451
00946,群益科技高息成長,10,0,10,永全-南崁,2024-05-17,6451
2867,三商壽,216,71,145,永全-南崁,2024-05-20,6451
00929,復華台灣科技優息,142,10,132,永全-南崁,2024-05-20,6451
1314,中石化,120,0,120,永全-南崁,2024-05-20,6451
3605,宏致,100,0,100,永全-南崁,2024-05-20,6451
5410,國眾,100,0,100,永全-南崁,2024-05-20,6451
9945,潤泰新,78,7,71,永全-南崁,2024-05-20,6451
2634,漢翔,75,4,71,永全-南崁,2024-05-20,6451
2618,長榮航,260,199,61,永全-南崁,2024-05-20,6451
2376,技嘉,60,2,58,永全-南崁,2024-05-20,6451
2887,台新金,59,6,53,永全-南崁,2024-05-20,6451
8070,長華*,55,2,53,永全-南崁,2024-05-20,6451
9105,泰金寶-DR,53,0,53,永全-南崁,2024-05-20,6451
6215,和椿,58,8,50,永全-南崁,2024-05-20,6451
8110,華東,41,0,41,永全-南崁,2024-05-20,6451
3338,泰碩,50,12,38,永全-南崁,2024-05-20,6451
8358,金居,60,22,38,永全-南崁,2024-05-20,6451
4533,協易機,49,13,36,永全-南崁,2024-05-20,6451
6230,尼得科超眾,34,0,34,永全-南崁,2024-05-20,6451
2882,國泰金,41,10,31,永全-南崁,2024-05-20,6451
1312,國喬,30,0,30,永全-南崁,2024-05-20,6451
3686,達能,30,0,30,永全-南崁,2024-05-20,6451
5225,東科-KY,30,0,30,永全-南崁,2024-05-20,6451
2369,菱生,22,0,22,永全-南崁,2024-05-20,6451
6175,立敦,25,3,22,永全-南崁,2024-05-20,6451
2504,國產,40,19,21,永全-南崁,2024-05-20,6451
6223,旺矽,22,1,21,永全-南崁,2024-05-20,6451
1584,精剛,20,0,20,永全-南崁,2024-05-20,6451
2390,云辰,20,0,20,永全-南崁,2024-05-20,6451
3231,緯創,24,5,19,永全-南崁,2024-05-20,6451
2615,萬海,16,0,16,永全-南崁,2024-05-20,6451
00946,群益科技高息成長,15,0,15,永全-南崁,2024-05-20,6451
2409,友達,15,0,15,永全-南崁,2024-05-20,6451
3059,華晶科,26,11,15,永全-南崁,2024-05-20,6451
8033,雷虎,15,0,15,永全-南崁,2024-05-20,6451
2603,長榮,29,17,12,永全-南崁,2024-05-20,6451
1614,三洋電,12,0,12,永全-南崁,2024-05-20,6451
2317,鴻海,24,12,12,永全-南崁,2024-05-20,6451
2880,華南金,12,0,12,永全-南崁,2024-05-20,6451
2359,所羅門,17,6,11,永全-南崁,2024-05-20,6451
00878,國泰永續高股息,16,5,11,永全-南崁,2024-05-20,6451
1442,名軒,10,0,10,永全-南崁,2024-05-20,6451
2501,國建,11,1,10,永全-南崁,2024-05-20,6451
2886,兆豐金,10,0,10,永全-南崁,2024-05-20,6451
3481,群創,10,0,10,永全-南崁,2024-05-20,6451
8028,昇陽半導體,10,0,10,永全-南崁,2024-05-20,6451
1905,華紙,9,0,9,永全-南崁,2024-05-20,6451
2363,矽統,17,9,8,永全-南崁,2024-05-20,6451
2464,盟立,12,4,8,永全-南崁,2024-05-20,6451
5347,世界,18,10,8,永全-南崁,2024-05-20,6451
5706,鳳凰,25,17,8,永全-南崁,2024-05-20,6451
9105,泰金寶-DR,181,0,181,永全-南崁,2024-05-21,6451
00665L,富邦�琤肭磪囓�2,170,60,110,永全-南崁,2024-05-21,6451
3060,銘異,100,13,87,永全-南崁,2024-05-21,6451
9945,潤泰新,111,25,86,永全-南崁,2024-05-21,6451
2618,長榮航,209,132,77,永全-南崁,2024-05-21,6451
2882,國泰金,95,32,63,永全-南崁,2024-05-21,6451
6505,台塑化,50,0,50,永全-南崁,2024-05-21,6451
2359,所羅門,56,18,38,永全-南崁,2024-05-21,6451
2634,漢翔,32,0,32,永全-南崁,2024-05-21,6451
8054,安國,32,5,27,永全-南崁,2024-05-21,6451
00857B,永豐20年美公債,25,0,25,永全-南崁,2024-05-21,6451
6163,華電網,25,0,25,永全-南崁,2024-05-21,6451
2460,建通,22,0,22,永全-南崁,2024-05-21,6451
2610,華航,128,106,22,永全-南崁,2024-05-21,6451
1301,台塑,20,0,20,永全-南崁,2024-05-21,6451
00650L,復華香港正2,25,5,20,永全-南崁,2024-05-21,6451
2243,宏旭-KY,20,0,20,永全-南崁,2024-05-21,6451
2390,云辰,20,0,20,永全-南崁,2024-05-21,6451
4306,炎洲,20,0,20,永全-南崁,2024-05-21,6451
3033,威健,18,1,17,永全-南崁,2024-05-21,6451
00878,國泰永續高股息,16,0,16,永全-南崁,2024-05-21,6451
00637L,元大滬深300正2,21,5,16,永全-南崁,2024-05-21,6451
2834,臺企銀,16,0,16,永全-南崁,2024-05-21,6451
5225,東科-KY,20,4,16,永全-南崁,2024-05-21,6451
2314,台揚,15,0,15,永全-南崁,2024-05-21,6451
4533,協易機,37,23,14,永全-南崁,2024-05-21,6451
2489,瑞軒,21,8,13,永全-南崁,2024-05-21,6451
2421,建準,13,0,13,永全-南崁,2024-05-21,6451
1605,華新,35,23,12,永全-南崁,2024-05-21,6451
2367,燿華,51,39,12,永全-南崁,2024-05-21,6451
2881,富邦金,17,6,11,永全-南崁,2024-05-21,6451
1608,華榮,14,4,10,永全-南崁,2024-05-21,6451
2211,長榮鋼,10,0,10,永全-南崁,2024-05-21,6451
3057,喬鼎,10,0,10,永全-南崁,2024-05-21,6451
3576,聯合再生,10,0,10,永全-南崁,2024-05-21,6451
6526,達發,10,0,10,永全-南崁,2024-05-21,6451
8028,昇陽半導體,11,1,10,永全-南崁,2024-05-21,6451
2515,中工,24,15,9,永全-南崁,2024-05-21,6451
3005,神基,23,14,9,永全-南崁,2024-05-21,6451
3702,大聯大,11,2,9,永全-南崁,2024-05-21,6451
6443,元晶,9,0,9,永全-南崁,2024-05-21,6451
2731,雄獅,12,4,8,永全-南崁,2024-05-21,6451
2887,台新金,8,0,8,永全-南崁,2024-05-21,6451
3481,群創,8,0,8,永全-南崁,2024-05-21,6451
2369,菱生,7,0,7,永全-南崁,2024-05-21,6451
2867,三商壽,12,5,7,永全-南崁,2024-05-21,6451
6768,志強-KY,7,0,7,永全-南崁,2024-05-21,6451
00943,兆豐電子高息等權,6,0,6,永全-南崁,2024-05-21,6451
8070,長華*,6,0,6,永全-南崁,2024-05-21,6451
2376,技嘉,9,4,5,永全-南崁,2024-05-21,6451
2618,長榮航,256,73,183,永全-南崁,2024-05-22,6451
5230,雷笛克光學,105,4,101,永全-南崁,2024-05-22,6451
3605,宏致,100,0,100,永全-南崁,2024-05-22,6451
9105,泰金寶-DR,100,0,100,永全-南崁,2024-05-22,6451
2002,中鋼,90,2,88,永全-南崁,2024-05-22,6451
3484,崧騰,60,0,60,永全-南崁,2024-05-22,6451
2409,友達,71,13,58,永全-南崁,2024-05-22,6451
2486,一詮,56,3,53,永全-南崁,2024-05-22,6451
3265,台星科,51,0,51,永全-南崁,2024-05-22,6451
2464,盟立,79,30,49,永全-南崁,2024-05-22,6451
8039,台虹,50,1,49,永全-南崁,2024-05-22,6451
2367,燿華,70,32,38,永全-南崁,2024-05-22,6451
5351,鈺創,69,31,38,永全-南崁,2024-05-22,6451
5371,中光電,50,13,37,永全-南崁,2024-05-22,6451
3706,神達,57,27,30,永全-南崁,2024-05-22,6451
2465,麗臺,30,2,28,永全-南崁,2024-05-22,6451
2417,圓剛,31,4,27,永全-南崁,2024-05-22,6451
2369,菱生,30,4,26,永全-南崁,2024-05-22,6451
2634,漢翔,24,1,23,永全-南崁,2024-05-22,6451
2323,中環,22,0,22,永全-南崁,2024-05-22,6451
5512,力麒,22,0,22,永全-南崁,2024-05-22,6451
6190,萬泰科,21,0,21,永全-南崁,2024-05-22,6451
3047,訊舟,21,1,20,永全-南崁,2024-05-22,6451
3617,碩天,22,2,20,永全-南崁,2024-05-22,6451
4960,誠美材,20,0,20,永全-南崁,2024-05-22,6451
00937B,群益ESG投等債20,20,4,16,永全-南崁,2024-05-22,6451
1605,華新,18,2,16,永全-南崁,2024-05-22,6451
00946,群益科技高息成長,15,0,15,永全-南崁,2024-05-22,6451
2371,大同,17,2,15,永全-南崁,2024-05-22,6451
5475,德宏,13,0,13,永全-南崁,2024-05-22,6451
5498,凱崴,20,7,13,永全-南崁,2024-05-22,6451
8110,華東,18,5,13,永全-南崁,2024-05-22,6451
1603,華電,22,10,12,永全-南崁,2024-05-22,6451
2374,佳能,20,8,12,永全-南崁,2024-05-22,6451
5392,能率,22,10,12,永全-南崁,2024-05-22,6451
2492,華新科,12,1,11,永全-南崁,2024-05-22,6451
6125,廣運,69,59,10,永全-南崁,2024-05-22,6451
3176,基亞,10,0,10,永全-南崁,2024-05-22,6451
3570,大塚,10,0,10,永全-南崁,2024-05-22,6451
8064,東捷,20,10,10,永全-南崁,2024-05-22,6451
3360,尚立,8,0,8,永全-南崁,2024-05-22,6451
5222,全訊,8,0,8,永全-南崁,2024-05-22,6451
2317,鴻海,9,2,7,永全-南崁,2024-05-22,6451
1608,華榮,7,0,7,永全-南崁,2024-05-22,6451
8438,昶昕,7,0,7,永全-南崁,2024-05-22,6451
006208,富邦台50,7,1,6,永全-南崁,2024-05-22,6451
1301,台塑,7,1,6,永全-南崁,2024-05-22,6451
1527,鑽全,6,0,6,永全-南崁,2024-05-22,6451
2405,輔信,16,10,6,永全-南崁,2024-05-22,6451
3645,達邁,6,0,6,永全-南崁,2024-05-22,6451
00680L,元大美債20正2,200,0,200,永全-南崁,2024-05-23,6451
5426,振發,112,0,112,永全-南崁,2024-05-23,6451
9945,潤泰新,159,55,104,永全-南崁,2024-05-23,6451
2888,新光金,106,5,101,永全-南崁,2024-05-23,6451
2892,第一金,95,0,95,永全-南崁,2024-05-23,6451
6770,力積電,85,20,65,永全-南崁,2024-05-23,6451
2353,宏��,198,134,64,永全-南崁,2024-05-23,6451
00706L,期元大S＆P日圓正2,60,0,60,永全-南崁,2024-05-23,6451
3312,弘憶股,53,0,53,永全-南崁,2024-05-23,6451
2324,仁寶,58,6,52,永全-南崁,2024-05-23,6451
2801,彰銀,81,30,51,永全-南崁,2024-05-23,6451
4402,郡都開發,51,0,51,永全-南崁,2024-05-23,6451
3450,聯鈞,56,6,50,永全-南崁,2024-05-23,6451
6163,華電網,42,0,42,永全-南崁,2024-05-23,6451
2834,臺企銀,37,0,37,永全-南崁,2024-05-23,6451
6188,廣明,61,27,34,永全-南崁,2024-05-23,6451
1605,華新,33,0,33,永全-南崁,2024-05-23,6451
00929,復華台灣科技優息,36,4,32,永全-南崁,2024-05-23,6451
5498,凱崴,37,6,31,永全-南崁,2024-05-23,6451
2390,云辰,30,0,30,永全-南崁,2024-05-23,6451
5230,雷笛克光學,80,50,30,永全-南崁,2024-05-23,6451
8039,台虹,30,0,30,永全-南崁,2024-05-23,6451
00940,元大台灣價值高息,29,0,29,永全-南崁,2024-05-23,6451
2329,華泰,27,0,27,永全-南崁,2024-05-23,6451
6276,安鈦克,57,30,27,永全-南崁,2024-05-23,6451
2323,中環,26,0,26,永全-南崁,2024-05-23,6451
2002,中鋼,26,0,26,永全-南崁,2024-05-23,6451
00712,復華富時不動產,25,0,25,永全-南崁,2024-05-23,6451
8210,勤誠,46,22,24,永全-南崁,2024-05-23,6451
6147,頎邦,25,2,23,永全-南崁,2024-05-23,6451
1527,鑽全,21,0,21,永全-南崁,2024-05-23,6451
1611,中電,20,0,20,永全-南崁,2024-05-23,6451
2355,敬鵬,20,0,20,永全-南崁,2024-05-23,6451
3044,健鼎,20,0,20,永全-南崁,2024-05-23,6451
4119,旭富,20,0,20,永全-南崁,2024-05-23,6451
8936,國統,25,5,20,永全-南崁,2024-05-23,6451
00919,群益台灣精選高息,20,1,19,永全-南崁,2024-05-23,6451
6589,台康生技,19,0,19,永全-南崁,2024-05-23,6451
2882,國泰金,56,38,18,永全-南崁,2024-05-23,6451
2392,正崴,33,15,18,永全-南崁,2024-05-23,6451
2356,英業達,27,10,17,永全-南崁,2024-05-23,6451
2409,友達,18,2,16,永全-南崁,2024-05-23,6451
2515,中工,16,1,15,永全-南崁,2024-05-23,6451
4533,協易機,18,3,15,永全-南崁,2024-05-23,6451
00946,群益科技高息成長,13,0,13,永全-南崁,2024-05-23,6451
8064,東捷,14,1,13,永全-南崁,2024-05-23,6451
3706,神達,14,2,12,永全-南崁,2024-05-23,6451
4714,永捷,15,3,12,永全-南崁,2024-05-23,6451
5880,合庫金,12,0,12,永全-南崁,2024-05-23,6451
3260,威剛,11,0,11,永全-南崁,2024-05-23,6451
00929,復華台灣科技優息,218,0,218,永全-南崁,2024-05-24,6451
4973,廣穎,100,0,100,永全-南崁,2024-05-24,6451
1802,台玻,90,0,90,永全-南崁,2024-05-24,6451
00665L,富邦�琤肭磪囓�2,65,5,60,永全-南崁,2024-05-24,6451
2897,王道銀行,60,0,60,永全-南崁,2024-05-24,6451
6609,瀧澤科,51,0,51,永全-南崁,2024-05-24,6451
1516,川飛,54,4,50,永全-南崁,2024-05-24,6451
1314,中石化,51,5,46,永全-南崁,2024-05-24,6451
2324,仁寶,53,7,46,永全-南崁,2024-05-24,6451
4119,旭富,40,0,40,永全-南崁,2024-05-24,6451
6770,力積電,38,3,35,永全-南崁,2024-05-24,6451
2405,輔信,37,6,31,永全-南崁,2024-05-24,6451
3363,上詮,35,4,31,永全-南崁,2024-05-24,6451
8936,國統,55,25,30,永全-南崁,2024-05-24,6451
1609,大亞,30,4,26,永全-南崁,2024-05-24,6451
2027,大成鋼,24,0,24,永全-南崁,2024-05-24,6451
2359,所羅門,31,7,24,永全-南崁,2024-05-24,6451
1337,再生-KY,20,0,20,永全-南崁,2024-05-24,6451
4561,健椿,21,1,20,永全-南崁,2024-05-24,6451
6116,彩晶,20,0,20,永全-南崁,2024-05-24,6451
9945,潤泰新,20,0,20,永全-南崁,2024-05-24,6451
1326,台化,19,0,19,永全-南崁,2024-05-24,6451
1605,華新,15,1,14,永全-南崁,2024-05-24,6451
6147,頎邦,14,0,14,永全-南崁,2024-05-24,6451
1810,和成,16,3,13,永全-南崁,2024-05-24,6451
3481,群創,18,6,12,永全-南崁,2024-05-24,6451
2303,聯電,16,4,12,永全-南崁,2024-05-24,6451
2002,中鋼,12,0,12,永全-南崁,2024-05-24,6451
2464,盟立,13,2,11,永全-南崁,2024-05-24,6451
5426,振發,11,0,11,永全-南崁,2024-05-24,6451
00941,中信上游半導體,10,0,10,永全-南崁,2024-05-24,6451
1608,華榮,12,2,10,永全-南崁,2024-05-24,6451
2367,燿華,33,23,10,永全-南崁,2024-05-24,6451
2455,全新,10,0,10,永全-南崁,2024-05-24,6451
2838,聯邦銀,10,0,10,永全-南崁,2024-05-24,6451
2892,第一金,10,0,10,永全-南崁,2024-05-24,6451
3058,立德,10,0,10,永全-南崁,2024-05-24,6451
4167,松瑞藥,10,0,10,永全-南崁,2024-05-24,6451
6288,聯嘉,10,0,10,永全-南崁,2024-05-24,6451
1301,台塑,9,0,9,永全-南崁,2024-05-24,6451
2374,佳能,11,2,9,永全-南崁,2024-05-24,6451
2915,潤泰全,10,1,9,永全-南崁,2024-05-24,6451
6120,達運,10,1,9,永全-南崁,2024-05-24,6451
8110,華東,10,1,9,永全-南崁,2024-05-24,6451
2301,光寶科,19,11,8,永全-南崁,2024-05-24,6451
3016,嘉晶,8,0,8,永全-南崁,2024-05-24,6451
6282,康舒,8,0,8,永全-南崁,2024-05-24,6451
1785,光洋科,7,0,7,永全-南崁,2024-05-24,6451
6263,普萊德,7,0,7,永全-南崁,2024-05-24,6451
6834,天二科技,7,0,7,永全-南崁,2024-05-24,6451
9105,泰金寶-DR,439,50,389,永全-南崁,2024-05-27,6451
6265,方土昶,382,2,380,永全-南崁,2024-05-27,6451
00650L,復華香港正2,125,0,125,永全-南崁,2024-05-27,6451
3047,訊舟,115,8,107,永全-南崁,2024-05-27,6451
4526,東台,205,105,100,永全-南崁,2024-05-27,6451
8064,東捷,100,2,98,永全-南崁,2024-05-27,6451
6275,元山,57,4,53,永全-南崁,2024-05-27,6451
1815,富喬,74,22,52,永全-南崁,2024-05-27,6451
5498,凱崴,52,1,51,永全-南崁,2024-05-27,6451
1802,台玻,50,0,50,永全-南崁,2024-05-27,6451
3312,弘憶股,50,2,48,永全-南崁,2024-05-27,6451
4543,萬在,50,7,43,永全-南崁,2024-05-27,6451
3706,神達,58,17,41,永全-南崁,2024-05-27,6451
00946,群益科技高息成長,31,0,31,永全-南崁,2024-05-27,6451
4119,旭富,30,0,30,永全-南崁,2024-05-27,6451
3481,群創,53,24,29,永全-南崁,2024-05-27,6451
2317,鴻海,60,32,28,永全-南崁,2024-05-27,6451
2489,瑞軒,45,17,28,永全-南崁,2024-05-27,6451
2363,矽統,69,42,27,永全-南崁,2024-05-27,6451
00929,復華台灣科技優息,138,111,27,永全-南崁,2024-05-27,6451
1907,永豐餘,27,0,27,永全-南崁,2024-05-27,6451
00940,元大台灣價值高息,62,36,26,永全-南崁,2024-05-27,6451
2409,友達,27,1,26,永全-南崁,2024-05-27,6451
4956,光鋐,26,0,26,永全-南崁,2024-05-27,6451
00687B,國泰20年美債,25,0,25,永全-南崁,2024-05-27,6451
2610,華航,40,15,25,永全-南崁,2024-05-27,6451
2888,新光金,25,0,25,永全-南崁,2024-05-27,6451
2354,鴻準,54,30,24,永全-南崁,2024-05-27,6451
2486,一詮,32,8,24,永全-南崁,2024-05-27,6451
2515,中工,23,0,23,永全-南崁,2024-05-27,6451
3044,健鼎,21,0,21,永全-南崁,2024-05-27,6451
6147,頎邦,20,0,20,永全-南崁,2024-05-27,6451
6125,廣運,36,16,20,永全-南崁,2024-05-27,6451
3693,營邦,18,0,18,永全-南崁,2024-05-27,6451
8183,精星,18,0,18,永全-南崁,2024-05-27,6451
1718,中纖,15,0,15,永全-南崁,2024-05-27,6451
1605,華新,18,4,14,永全-南崁,2024-05-27,6451
2478,大毅,15,1,14,永全-南崁,2024-05-27,6451
2637,慧洋-KY,16,2,14,永全-南崁,2024-05-27,6451
2002,中鋼,14,0,14,永全-南崁,2024-05-27,6451
6117,迎廣,13,0,13,永全-南崁,2024-05-27,6451
2241,艾姆勒,12,0,12,永全-南崁,2024-05-27,6451
2367,燿華,32,20,12,永全-南崁,2024-05-27,6451
8028,昇陽半導體,32,20,12,永全-南崁,2024-05-27,6451
00712,復華富時不動產,11,0,11,永全-南崁,2024-05-27,6451
3617,碩天,11,0,11,永全-南崁,2024-05-27,6451
6505,台塑化,11,0,11,永全-南崁,2024-05-27,6451
3483,力致,12,1,11,永全-南崁,2024-05-27,6451
2362,藍天,12,2,10,永全-南崁,2024-05-27,6451
2460,建通,11,1,10,永全-南崁,2024-05-27,6451
2330,台積電,616,0,616,永全-南崁,2024-05-28,6451
00665L,富邦�琤肭磪囓�2,205,0,205,永全-南崁,2024-05-28,6451
00673R,期元大S＆P原油反1,100,0,100,永全-南崁,2024-05-28,6451
2405,輔信,85,19,66,永全-南崁,2024-05-28,6451
2610,華航,108,45,63,永全-南崁,2024-05-28,6451
2486,一詮,59,4,55,永全-南崁,2024-05-28,6451
2603,長榮,91,39,52,永全-南崁,2024-05-28,6451
2867,三商壽,47,1,46,永全-南崁,2024-05-28,6451
1513,中興電,38,1,37,永全-南崁,2024-05-28,6451
3202,樺晟,34,0,34,永全-南崁,2024-05-28,6451
00632R,元大台灣50反1,33,0,33,永全-南崁,2024-05-28,6451
6667,信紘科,33,3,30,永全-南崁,2024-05-28,6451
6187,萬潤,30,0,30,永全-南崁,2024-05-28,6451
2409,友達,31,2,29,永全-南崁,2024-05-28,6451
00937B,群益ESG投等債20,28,1,27,永全-南崁,2024-05-28,6451
2332,友訊,36,10,26,永全-南崁,2024-05-28,6451
2324,仁寶,25,0,25,永全-南崁,2024-05-28,6451
5230,雷笛克光學,76,51,25,永全-南崁,2024-05-28,6451
2027,大成鋼,23,0,23,永全-南崁,2024-05-28,6451
2891,中信金,22,0,22,永全-南崁,2024-05-28,6451
4904,遠傳,20,0,20,永全-南崁,2024-05-28,6451
1708,東鹼,20,0,20,永全-南崁,2024-05-28,6451
2243,宏旭-KY,27,7,20,永全-南崁,2024-05-28,6451
6168,宏齊,20,0,20,永全-南崁,2024-05-28,6451
2374,佳能,20,3,17,永全-南崁,2024-05-28,6451
5498,凱崴,21,5,16,永全-南崁,2024-05-28,6451
00706L,期元大S＆P日圓正2,15,0,15,永全-南崁,2024-05-28,6451
4906,正文,21,6,15,永全-南崁,2024-05-28,6451
1525,江申,14,0,14,永全-南崁,2024-05-28,6451
1527,鑽全,14,0,14,永全-南崁,2024-05-28,6451
2338,光罩,14,0,14,永全-南崁,2024-05-28,6451
2301,光寶科,17,3,14,永全-南崁,2024-05-28,6451
2379,瑞昱,13,0,13,永全-南崁,2024-05-28,6451
00712,復華富時不動產,13,0,13,永全-南崁,2024-05-28,6451
1608,華榮,16,3,13,永全-南崁,2024-05-28,6451
6204,艾華,25,12,13,永全-南崁,2024-05-28,6451
00918,大華優利高填息30,12,0,12,永全-南崁,2024-05-28,6451
2002,中鋼,12,0,12,永全-南崁,2024-05-28,6451
2401,凌陽,25,13,12,永全-南崁,2024-05-28,6451
2417,圓剛,24,12,12,永全-南崁,2024-05-28,6451
5426,振發,24,12,12,永全-南崁,2024-05-28,6451
6185,幃翔,12,0,12,永全-南崁,2024-05-28,6451
6229,研通,12,0,12,永全-南崁,2024-05-28,6451
8936,國統,26,14,12,永全-南崁,2024-05-28,6451
00881,國泰台灣5G+,11,0,11,永全-南崁,2024-05-28,6451
1528,恩德,11,0,11,永全-南崁,2024-05-28,6451
5392,能率,13,2,11,永全-南崁,2024-05-28,6451
2363,矽統,64,53,11,永全-南崁,2024-05-28,6451
3293,鈊象,10,0,10,永全-南崁,2024-05-28,6451
2511,太子,10,0,10,永全-南崁,2024-05-28,6451
6209,今國光,121,2,119,永全-南崁,2024-05-29,6451
2401,凌陽,122,5,117,永全-南崁,2024-05-29,6451
8234,新漢,112,1,111,永全-南崁,2024-05-29,6451
2641,正德,114,16,98,永全-南崁,2024-05-29,6451
00795B,中信美國公債20年,97,0,97,永全-南崁,2024-05-29,6451
00650L,復華香港正2,90,5,85,永全-南崁,2024-05-29,6451
5351,鈺創,64,0,64,永全-南崁,2024-05-29,6451
3013,晟銘電,63,1,62,永全-南崁,2024-05-29,6451
3594,磐儀,56,1,55,永全-南崁,2024-05-29,6451
2337,旺宏,52,0,52,永全-南崁,2024-05-29,6451
3356,奇偶,53,2,51,永全-南崁,2024-05-29,6451
2605,新興,55,8,47,永全-南崁,2024-05-29,6451
3265,台星科,51,4,47,永全-南崁,2024-05-29,6451
00665L,富邦�琤肭磪囓�2,51,5,46,永全-南崁,2024-05-29,6451
2365,昆盈,49,4,45,永全-南崁,2024-05-29,6451
00937B,群益ESG投等債20,44,0,44,永全-南崁,2024-05-29,6451
6609,瀧澤科,53,9,44,永全-南崁,2024-05-29,6451
00673R,期元大S＆P原油反1,38,0,38,永全-南崁,2024-05-29,6451
3231,緯創,40,2,38,永全-南崁,2024-05-29,6451
2882,國泰金,58,20,38,永全-南崁,2024-05-29,6451
2328,廣宇,49,12,37,永全-南崁,2024-05-29,6451
2353,宏��,56,25,31,永全-南崁,2024-05-29,6451
2201,裕隆,51,23,28,永全-南崁,2024-05-29,6451
2303,聯電,34,7,27,永全-南崁,2024-05-29,6451
2634,漢翔,26,0,26,永全-南崁,2024-05-29,6451
2492,華新科,25,0,25,永全-南崁,2024-05-29,6451
2883,凱基金,25,0,25,永全-南崁,2024-05-29,6451
3380,明泰,27,3,24,永全-南崁,2024-05-29,6451
2330,台積電,22,0,22,永全-南崁,2024-05-29,6451
1802,台玻,71,50,21,永全-南崁,2024-05-29,6451
1517,利奇,20,0,20,永全-南崁,2024-05-29,6451
2314,台揚,20,0,20,永全-南崁,2024-05-29,6451
2367,燿華,25,5,20,永全-南崁,2024-05-29,6451
2606,裕民,90,70,20,永全-南崁,2024-05-29,6451
3045,台灣大,20,0,20,永全-南崁,2024-05-29,6451
3354,律勝,20,0,20,永全-南崁,2024-05-29,6451
6139,亞翔,20,0,20,永全-南崁,2024-05-29,6451
2317,鴻海,24,5,19,永全-南崁,2024-05-29,6451
2610,華航,148,130,18,永全-南崁,2024-05-29,6451
2409,友達,17,0,17,永全-南崁,2024-05-29,6451
3035,智原,17,0,17,永全-南崁,2024-05-29,6451
2609,陽明,31,15,16,永全-南崁,2024-05-29,6451
2009,第一銅,16,0,16,永全-南崁,2024-05-29,6451
2481,強茂,16,0,16,永全-南崁,2024-05-29,6451
2615,萬海,21,5,16,永全-南崁,2024-05-29,6451
00679B,元大美債20年,15,0,15,永全-南崁,2024-05-29,6451
1513,中興電,15,0,15,永全-南崁,2024-05-29,6451
6770,力積電,16,1,15,永全-南崁,2024-05-29,6451
00713,元大台灣高息低波,14,0,14,永全-南崁,2024-05-29,6451
2495,普安,26,12,14,永全-南崁,2024-05-29,6451
00632R,元大台灣50反1,550,0,550,永全-南崁,2024-05-30,6451
2354,鴻準,318,13,305,永全-南崁,2024-05-30,6451
00795B,中信美國公債20年,212,2,210,永全-南崁,2024-05-30,6451
2401,凌陽,114,4,110,永全-南崁,2024-05-30,6451
00929,復華台灣科技優息,109,0,109,永全-南崁,2024-05-30,6451
2324,仁寶,104,0,104,永全-南崁,2024-05-30,6451
6215,和椿,102,1,101,永全-南崁,2024-05-30,6451
6275,元山,100,0,100,永全-南崁,2024-05-30,6451
6163,華電網,61,0,61,永全-南崁,2024-05-30,6451
6548,長科*,62,6,56,永全-南崁,2024-05-30,6451
1305,華夏,51,0,51,永全-南崁,2024-05-30,6451
2511,太子,50,0,50,永全-南崁,2024-05-30,6451
3379,彬台,50,0,50,永全-南崁,2024-05-30,6451
4915,致伸,50,0,50,永全-南崁,2024-05-30,6451
8070,長華*,51,1,50,永全-南崁,2024-05-30,6451
8110,華東,50,0,50,永全-南崁,2024-05-30,6451
8121,越峰,50,6,44,永全-南崁,2024-05-30,6451
2882,國泰金,75,45,30,永全-南崁,2024-05-30,6451
8054,安國,50,23,27,永全-南崁,2024-05-30,6451
2002,中鋼,26,0,26,永全-南崁,2024-05-30,6451
00679B,元大美債20年,25,0,25,永全-南崁,2024-05-30,6451
00687B,國泰20年美債,24,0,24,永全-南崁,2024-05-30,6451
1316,上曜,34,10,24,永全-南崁,2024-05-30,6451
2353,宏��,32,9,23,永全-南崁,2024-05-30,6451
2478,大毅,25,2,23,永全-南崁,2024-05-30,6451
3231,緯創,26,4,22,永全-南崁,2024-05-30,6451
2330,台積電,25,4,21,永全-南崁,2024-05-30,6451
3086,華義,20,0,20,永全-南崁,2024-05-30,6451
4562,穎漢,22,2,20,永全-南崁,2024-05-30,6451
6120,達運,20,0,20,永全-南崁,2024-05-30,6451
1815,富喬,69,49,20,永全-南崁,2024-05-30,6451
3060,銘異,39,20,19,永全-南崁,2024-05-30,6451
6290,良維,24,5,19,永全-南崁,2024-05-30,6451
1326,台化,19,0,19,永全-南崁,2024-05-30,6451
2349,錸德,18,0,18,永全-南崁,2024-05-30,6451
2399,映泰,20,2,18,永全-南崁,2024-05-30,6451
4533,協易機,34,16,18,永全-南崁,2024-05-30,6451
00940,元大台灣價值高息,17,0,17,永全-南崁,2024-05-30,6451
2610,華航,17,0,17,永全-南崁,2024-05-30,6451
4906,正文,20,3,17,永全-南崁,2024-05-30,6451
8105,凌巨,26,9,17,永全-南崁,2024-05-30,6451
2308,台達電,17,0,17,永全-南崁,2024-05-30,6451
2408,南亞科,16,0,16,永全-南崁,2024-05-30,6451
3605,宏致,15,0,15,永全-南崁,2024-05-30,6451
6143,振曜,15,0,15,永全-南崁,2024-05-30,6451
3481,群創,20,6,14,永全-南崁,2024-05-30,6451
1471,首利,13,0,13,永全-南崁,2024-05-30,6451
6695,芯鼎,14,1,13,永全-南崁,2024-05-30,6451
2317,鴻海,16,4,12,永全-南崁,2024-05-30,6451
2313,華通,12,0,12,永全-南崁,2024-05-30,6451
00795B,中信美國公債20年,300,0,300,永全-南崁,2024-05-31,6451
2609,陽明,397,172,225,永全-南崁,2024-05-31,6451
2801,彰銀,200,0,200,永全-南崁,2024-05-31,6451
2867,三商壽,191,36,155,永全-南崁,2024-05-31,6451
2812,台中銀,135,0,135,永全-南崁,2024-05-31,6451
00929,復華台灣科技優息,142,15,127,永全-南崁,2024-05-31,6451
2481,強茂,110,0,110,永全-南崁,2024-05-31,6451
6275,元山,110,5,105,永全-南崁,2024-05-31,6451
6191,精成科,103,1,102,永全-南崁,2024-05-31,6451
6215,和椿,101,0,101,永全-南崁,2024-05-31,6451
6609,瀧澤科,101,6,95,永全-南崁,2024-05-31,6451
00882,中信中國高股息,60,0,60,永全-南崁,2024-05-31,6451
6147,頎邦,56,0,56,永全-南崁,2024-05-31,6451
1785,光洋科,50,0,50,永全-南崁,2024-05-31,6451
2542,興富發,50,0,50,永全-南崁,2024-05-31,6451
4951,精拓科,50,0,50,永全-南崁,2024-05-31,6451
2241,艾姆勒,51,2,49,永全-南崁,2024-05-31,6451
00919,群益台灣精選高息,48,0,48,永全-南崁,2024-05-31,6451
2002,中鋼,33,0,33,永全-南崁,2024-05-31,6451
2317,鴻海,34,2,32,永全-南崁,2024-05-31,6451
4979,華星光,31,0,31,永全-南崁,2024-05-31,6451
2303,聯電,28,2,26,永全-南崁,2024-05-31,6451
6435,大中,26,0,26,永全-南崁,2024-05-31,6451
3481,群創,26,1,25,永全-南崁,2024-05-31,6451
2365,昆盈,36,13,23,永全-南崁,2024-05-31,6451
2610,華航,74,51,23,永全-南崁,2024-05-31,6451
00940,元大台灣價值高息,22,2,20,永全-南崁,2024-05-31,6451
8227,巨有科技,20,0,20,永全-南崁,2024-05-31,6451
00946,群益科技高息成長,19,0,19,永全-南崁,2024-05-31,6451
2615,萬海,24,5,19,永全-南崁,2024-05-31,6451
2498,宏達電,19,1,18,永全-南崁,2024-05-31,6451
6550,北極星藥業-KY,18,0,18,永全-南崁,2024-05-31,6451
2409,友達,17,0,17,永全-南崁,2024-05-31,6451
3062,建漢,21,5,16,永全-南崁,2024-05-31,6451
2845,遠東銀,15,0,15,永全-南崁,2024-05-31,6451
6770,力積電,31,16,15,永全-南崁,2024-05-31,6451
2328,廣宇,22,9,13,永全-南崁,2024-05-31,6451
6695,芯鼎,24,11,13,永全-南崁,2024-05-31,6451
1316,上曜,14,2,12,永全-南崁,2024-05-31,6451
2313,華通,13,1,12,永全-南崁,2024-05-31,6451
2903,遠百,12,0,12,永全-南崁,2024-05-31,6451
2324,仁寶,11,0,11,永全-南崁,2024-05-31,6451
2316,楠梓電,10,0,10,永全-南崁,2024-05-31,6451
2605,新興,12,2,10,永全-南崁,2024-05-31,6451
6517,保勝光學,10,0,10,永全-南崁,2024-05-31,6451
6805,富世達,10,0,10,永全-南崁,2024-05-31,6451
5468,凱鈺,10,0,10,永全-南崁,2024-05-31,6451
00878,國泰永續高股息,9,0,9,永全-南崁,2024-05-31,6451
2362,藍天,9,0,9,永全-南崁,2024-05-31,6451
3260,威剛,10,1,9,永全-南崁,2024-05-31,6451
2888,新光金,527,10,517,永全-南崁,2024-06-03,6451
3059,華晶科,182,33,149,永全-南崁,2024-06-03,6451
00878,國泰永續高股息,103,0,103,永全-南崁,2024-06-03,6451
3490,單井,112,10,102,永全-南崁,2024-06-03,6451
2618,長榮航,59,5,54,永全-南崁,2024-06-03,6451
3356,奇偶,54,1,53,永全-南崁,2024-06-03,6451
00679B,元大美債20年,44,0,44,永全-南崁,2024-06-03,6451
2481,強茂,40,0,40,永全-南崁,2024-06-03,6451
00919,群益台灣精選高息,56,20,36,永全-南崁,2024-06-03,6451
4919,新唐,36,0,36,永全-南崁,2024-06-03,6451
2401,凌陽,40,5,35,永全-南崁,2024-06-03,6451
2427,三商電,51,17,34,永全-南崁,2024-06-03,6451
2409,友達,30,0,30,永全-南崁,2024-06-03,6451
1303,南亞,27,0,27,永全-南崁,2024-06-03,6451
3062,建漢,25,0,25,永全-南崁,2024-06-03,6451
4906,正文,25,0,25,永全-南崁,2024-06-03,6451
6505,台塑化,25,0,25,永全-南崁,2024-06-03,6451
4533,協易機,73,51,22,永全-南崁,2024-06-03,6451
5347,世界,22,0,22,永全-南崁,2024-06-03,6451
6215,和椿,30,8,22,永全-南崁,2024-06-03,6451
3231,緯創,44,23,21,永全-南崁,2024-06-03,6451
00680L,元大美債20正2,20,0,20,永全-南崁,2024-06-03,6451
00724B,群益投資級金融債,20,0,20,永全-南崁,2024-06-03,6451
2845,遠東銀,20,0,20,永全-南崁,2024-06-03,6451
6120,達運,20,0,20,永全-南崁,2024-06-03,6451
6153,嘉聯益,20,0,20,永全-南崁,2024-06-03,6451
3013,晟銘電,88,71,17,永全-南崁,2024-06-03,6451
3380,明泰,17,0,17,永全-南崁,2024-06-03,6451
4726,永昕,18,1,17,永全-南崁,2024-06-03,6451
2349,錸德,15,0,15,永全-南崁,2024-06-03,6451
2104,國際中橡,14,0,14,永全-南崁,2024-06-03,6451
2317,鴻海,16,3,13,永全-南崁,2024-06-03,6451
00712,復華富時不動產,13,0,13,永全-南崁,2024-06-03,6451
2615,萬海,17,4,13,永全-南崁,2024-06-03,6451
3060,銘異,13,0,13,永全-南崁,2024-06-03,6451
2329,華泰,16,3,13,永全-南崁,2024-06-03,6451
2002,中鋼,12,0,12,永全-南崁,2024-06-03,6451
6113,亞矽,23,11,12,永全-南崁,2024-06-03,6451
6469,大樹,12,0,12,永全-南崁,2024-06-03,6451
6695,芯鼎,18,6,12,永全-南崁,2024-06-03,6451
8050,廣積,12,0,12,永全-南崁,2024-06-03,6451
00637L,元大滬深300正2,16,5,11,永全-南崁,2024-06-03,6451
2412,中華電,12,1,11,永全-南崁,2024-06-03,6451
00715L,期街口布蘭特正2,10,0,10,永全-南崁,2024-06-03,6451
00700,富邦�琤肭磪�,10,0,10,永全-南崁,2024-06-03,6451
2027,大成鋼,10,0,10,永全-南崁,2024-06-03,6451
2323,中環,10,0,10,永全-南崁,2024-06-03,6451
2501,國建,11,1,10,永全-南崁,2024-06-03,6451
2511,太子,10,0,10,永全-南崁,2024-06-03,6451
8107,大億金茂,10,0,10,永全-南崁,2024-06-03,6451
2354,鴻準,314,15,299,永全-南崁,2024-06-04,6451
4533,協易機,314,15,299,永全-南崁,2024-06-04,6451
3025,星通,250,0,250,永全-南崁,2024-06-04,6451
2801,彰銀,204,0,204,永全-南崁,2024-06-04,6451
2312,金寶,182,8,174,永全-南崁,2024-06-04,6451
3379,彬台,100,0,100,永全-南崁,2024-06-04,6451
8121,越峰,100,0,100,永全-南崁,2024-06-04,6451
2888,新光金,94,0,94,永全-南崁,2024-06-04,6451
3481,群創,105,15,90,永全-南崁,2024-06-04,6451
2618,長榮航,89,23,66,永全-南崁,2024-06-04,6451
2867,三商壽,56,0,56,永全-南崁,2024-06-04,6451
2331,精英,92,42,50,永全-南崁,2024-06-04,6451
1815,富喬,62,14,48,永全-南崁,2024-06-04,6451
2409,友達,47,0,47,永全-南崁,2024-06-04,6451
6770,力積電,50,4,46,永全-南崁,2024-06-04,6451
2324,仁寶,51,7,44,永全-南崁,2024-06-04,6451
00936,台新永續高息中小,49,5,44,永全-南崁,2024-06-04,6451
2353,宏��,52,10,42,永全-南崁,2024-06-04,6451
2344,華邦電,44,3,41,永全-南崁,2024-06-04,6451
1409,新纖,40,0,40,永全-南崁,2024-06-04,6451
2317,鴻海,39,4,35,永全-南崁,2024-06-04,6451
4562,穎漢,36,4,32,永全-南崁,2024-06-04,6451
1314,中石化,31,0,31,永全-南崁,2024-06-04,6451
1605,華新,30,0,30,永全-南崁,2024-06-04,6451
2609,陽明,290,260,30,永全-南崁,2024-06-04,6451
3516,亞帝歐,37,10,27,永全-南崁,2024-06-04,6451
3231,緯創,27,3,24,永全-南崁,2024-06-04,6451
00919,群益台灣精選高息,48,24,24,永全-南崁,2024-06-04,6451
00715L,期街口布蘭特正2,22,0,22,永全-南崁,2024-06-04,6451
2323,中環,22,1,21,永全-南崁,2024-06-04,6451
2883,凱基金,20,0,20,永全-南崁,2024-06-04,6451
6188,廣明,25,6,19,永全-南崁,2024-06-04,6451
1303,南亞,21,3,18,永全-南崁,2024-06-04,6451
1524,耿鼎,22,4,18,永全-南崁,2024-06-04,6451
8054,安國,82,64,18,永全-南崁,2024-06-04,6451
2537,聯上發,22,6,16,永全-南崁,2024-06-04,6451
2313,華通,15,0,15,永全-南崁,2024-06-04,6451
2356,英業達,15,0,15,永全-南崁,2024-06-04,6451
2845,遠東銀,15,0,15,永全-南崁,2024-06-04,6451
2465,麗臺,14,0,14,永全-南崁,2024-06-04,6451
2615,萬海,16,2,14,永全-南崁,2024-06-04,6451
9958,世紀鋼,17,3,14,永全-南崁,2024-06-04,6451
00929,復華台灣科技優息,24,11,13,永全-南崁,2024-06-04,6451
2301,光寶科,13,0,13,永全-南崁,2024-06-04,6451
1513,中興電,12,0,12,永全-南崁,2024-06-04,6451
1514,亞力,12,0,12,永全-南崁,2024-06-04,6451
6117,迎廣,12,0,12,永全-南崁,2024-06-04,6451
0056,元大高股息,11,0,11,永全-南崁,2024-06-04,6451
3622,洋華,11,0,11,永全-南崁,2024-06-04,6451
5871,中租-KY,11,0,11,永全-南崁,2024-06-04,6451
00933B,國泰10Y+金融債,500,12,488,永全-南崁,2024-06-05,6451
2867,三商壽,154,0,154,永全-南崁,2024-06-05,6451
2312,金寶,150,16,134,永全-南崁,2024-06-05,6451
3048,益登,157,38,119,永全-南崁,2024-06-05,6451
00936,台新永續高息中小,106,0,106,永全-南崁,2024-06-05,6451
4526,東台,100,0,100,永全-南崁,2024-06-05,6451
4726,永昕,54,4,50,永全-南崁,2024-06-05,6451
3062,建漢,49,0,49,永全-南崁,2024-06-05,6451
2009,第一銅,47,2,45,永全-南崁,2024-06-05,6451
00929,復華台灣科技優息,43,0,43,永全-南崁,2024-06-05,6451
2377,微星,41,0,41,永全-南崁,2024-06-05,6451
00878,國泰永續高股息,35,1,34,永全-南崁,2024-06-05,6451
2542,興富發,31,0,31,永全-南崁,2024-06-05,6451
6197,佳必琪,34,5,29,永全-南崁,2024-06-05,6451
00919,群益台灣精選高息,28,0,28,永全-南崁,2024-06-05,6451
3557,嘉威,25,0,25,永全-南崁,2024-06-05,6451
2457,飛宏,23,0,23,永全-南崁,2024-06-05,6451
2344,華邦電,21,0,21,永全-南崁,2024-06-05,6451
1442,名軒,20,0,20,永全-南崁,2024-06-05,6451
00715L,期街口布蘭特正2,20,0,20,永全-南崁,2024-06-05,6451
00635U,期元大S＆P黃金,20,0,20,永全-南崁,2024-06-05,6451
2888,新光金,35,15,20,永全-南崁,2024-06-05,6451
5230,雷笛克光學,22,2,20,永全-南崁,2024-06-05,6451
2303,聯電,26,8,18,永全-南崁,2024-06-05,6451
2401,凌陽,18,0,18,永全-南崁,2024-06-05,6451
2610,華航,33,15,18,永全-南崁,2024-06-05,6451
6270,倍微,18,0,18,永全-南崁,2024-06-05,6451
2409,友達,17,0,17,永全-南崁,2024-06-05,6451
8038,長園科,17,0,17,永全-南崁,2024-06-05,6451
0056,元大高股息,16,0,16,永全-南崁,2024-06-05,6451
2301,光寶科,15,0,15,永全-南崁,2024-06-05,6451
5608,四維航,24,9,15,永全-南崁,2024-06-05,6451
6805,富世達,14,0,14,永全-南崁,2024-06-05,6451
2356,英業達,15,1,14,永全-南崁,2024-06-05,6451
2371,大同,15,2,13,永全-南崁,2024-06-05,6451
3030,德律,16,4,12,永全-南崁,2024-06-05,6451
2882,國泰金,27,15,12,永全-南崁,2024-06-05,6451
00713,元大台灣高息低波,11,0,11,永全-南崁,2024-06-05,6451
1218,泰山,10,0,10,永全-南崁,2024-06-05,6451
00942B,台新美A公司債20+,10,0,10,永全-南崁,2024-06-05,6451
1611,中電,20,10,10,永全-南崁,2024-06-05,6451
2101,南港,15,5,10,永全-南崁,2024-06-05,6451
2845,遠東銀,10,0,10,永全-南崁,2024-06-05,6451
3060,銘異,10,0,10,永全-南崁,2024-06-05,6451
3379,彬台,10,0,10,永全-南崁,2024-06-05,6451
4976,佳凌,10,0,10,永全-南崁,2024-06-05,6451
5439,高技,10,0,10,永全-南崁,2024-06-05,6451
6472,保瑞,10,0,10,永全-南崁,2024-06-05,6451
1409,新纖,10,1,9,永全-南崁,2024-06-05,6451
2618,長榮航,71,62,9,永全-南崁,2024-06-05,6451
00664R,國泰臺灣加權反1,200,0,200,永全-南崁,2024-06-06,6451
9105,泰金寶-DR,255,100,155,永全-南崁,2024-06-06,6451
8039,台虹,125,5,120,永全-南崁,2024-06-06,6451
2337,旺宏,102,0,102,永全-南崁,2024-06-06,6451
3481,群創,100,0,100,永全-南崁,2024-06-06,6451
6215,和椿,101,12,89,永全-南崁,2024-06-06,6451
00650L,復華香港正2,60,0,60,永全-南崁,2024-06-06,6451
2867,三商壽,57,0,57,永全-南崁,2024-06-06,6451
6550,北極星藥業-KY,54,0,54,永全-南崁,2024-06-06,6451
5512,力麒,50,0,50,永全-南崁,2024-06-06,6451
00936,台新永續高息中小,46,0,46,永全-南崁,2024-06-06,6451
1815,富喬,111,68,43,永全-南崁,2024-06-06,6451
6163,華電網,50,10,40,永全-南崁,2024-06-06,6451
00637L,元大滬深300正2,31,0,31,永全-南崁,2024-06-06,6451
00679B,元大美債20年,34,4,30,永全-南崁,2024-06-06,6451
3062,建漢,30,0,30,永全-南崁,2024-06-06,6451
6449,鈺邦,30,0,30,永全-南崁,2024-06-06,6451
8054,安國,37,10,27,永全-南崁,2024-06-06,6451
1313,聯成,25,0,25,永全-南崁,2024-06-06,6451
1582,信錦,27,2,25,永全-南崁,2024-06-06,6451
1611,中電,20,0,20,永全-南崁,2024-06-06,6451
2002,中鋼,20,0,20,永全-南崁,2024-06-06,6451
6609,瀧澤科,19,0,19,永全-南崁,2024-06-06,6451
5608,四維航,25,9,16,永全-南崁,2024-06-06,6451
1314,中石化,15,0,15,永全-南崁,2024-06-06,6451
4566,時碩工業,73,58,15,永全-南崁,2024-06-06,6451
5388,中磊,17,2,15,永全-南崁,2024-06-06,6451
1303,南亞,14,0,14,永全-南崁,2024-06-06,6451
3434,哲固,15,2,13,永全-南崁,2024-06-06,6451
3059,華晶科,13,1,12,永全-南崁,2024-06-06,6451
1609,大亞,11,0,11,永全-南崁,2024-06-06,6451
3231,緯創,12,1,11,永全-南崁,2024-06-06,6451
00715L,期街口布蘭特正2,10,0,10,永全-南崁,2024-06-06,6451
0056,元大高股息,10,0,10,永全-南崁,2024-06-06,6451
00937B,群益ESG投等債20,13,3,10,永全-南崁,2024-06-06,6451
00895,富邦未來車,10,0,10,永全-南崁,2024-06-06,6451
00929,復華台灣科技優息,22,12,10,永全-南崁,2024-06-06,6451
2344,華邦電,10,0,10,永全-南崁,2024-06-06,6451
3680,家登,10,0,10,永全-南崁,2024-06-06,6451
4707,磐亞,10,0,10,永全-南崁,2024-06-06,6451
4927,泰鼎-KY,10,0,10,永全-南崁,2024-06-06,6451
5251,天鉞電,10,0,10,永全-南崁,2024-06-06,6451
5443,均豪,11,1,10,永全-南崁,2024-06-06,6451
6120,達運,10,0,10,永全-南崁,2024-06-06,6451
6190,萬泰科,10,0,10,永全-南崁,2024-06-06,6451
8089,康全電訊,12,2,10,永全-南崁,2024-06-06,6451
9904,寶成,10,0,10,永全-南崁,2024-06-06,6451
8183,精星,9,0,9,永全-南崁,2024-06-06,6451
2313,華通,12,4,8,永全-南崁,2024-06-06,6451
2328,廣宇,15,7,8,永全-南崁,2024-06-06,6451
2888,新光金,650,114,536,永全-南崁,2024-06-07,6451
00929,復華台灣科技優息,427,0,427,永全-南崁,2024-06-07,6451
2609,陽明,414,231,183,永全-南崁,2024-06-07,6451
00637L,元大滬深300正2,129,5,124,永全-南崁,2024-06-07,6451
00632R,元大台灣50反1,100,0,100,永全-南崁,2024-06-07,6451
9105,泰金寶-DR,220,125,95,永全-南崁,2024-06-07,6451
00936,台新永續高息中小,91,0,91,永全-南崁,2024-06-07,6451
2312,金寶,83,6,77,永全-南崁,2024-06-07,6451
1524,耿鼎,76,5,71,永全-南崁,2024-06-07,6451
2354,鴻準,80,10,70,永全-南崁,2024-06-07,6451
3231,緯創,73,9,64,永全-南崁,2024-06-07,6451
2486,一詮,64,14,50,永全-南崁,2024-06-07,6451
3305,昇貿,50,1,49,永全-南崁,2024-06-07,6451
3455,由田,53,5,48,永全-南崁,2024-06-07,6451
8121,越峰,50,3,47,永全-南崁,2024-06-07,6451
2641,正德,46,2,44,永全-南崁,2024-06-07,6451
2020,美亞,40,0,40,永全-南崁,2024-06-07,6451
2356,英業達,34,4,30,永全-南崁,2024-06-07,6451
1802,台玻,31,7,24,永全-南崁,2024-06-07,6451
00650L,復華香港正2,25,2,23,永全-南崁,2024-06-07,6451
2002,中鋼,23,0,23,永全-南崁,2024-06-07,6451
1514,亞力,32,10,22,永全-南崁,2024-06-07,6451
0056,元大高股息,21,0,21,永全-南崁,2024-06-07,6451
1312,國喬,20,0,20,永全-南崁,2024-06-07,6451
1515,力山,20,0,20,永全-南崁,2024-06-07,6451
2027,大成鋼,20,0,20,永全-南崁,2024-06-07,6451
2637,慧洋-KY,20,0,20,永全-南崁,2024-06-07,6451
4906,正文,18,1,17,永全-南崁,2024-06-07,6451
6548,長科*,17,0,17,永全-南崁,2024-06-07,6451
2603,長榮,16,0,16,永全-南崁,2024-06-07,6451
00918,大華優利高填息30,15,0,15,永全-南崁,2024-06-07,6451
6257,矽格,15,0,15,永全-南崁,2024-06-07,6451
8039,台虹,15,0,15,永全-南崁,2024-06-07,6451
00679B,元大美債20年,15,1,14,永全-南崁,2024-06-07,6451
8096,擎亞,17,3,14,永全-南崁,2024-06-07,6451
1522,堤維西,13,0,13,永全-南崁,2024-06-07,6451
6274,台燿,13,0,13,永全-南崁,2024-06-07,6451
3481,群創,18,6,12,永全-南崁,2024-06-07,6451
00687B,國泰20年美債,15,3,12,永全-南崁,2024-06-07,6451
2367,燿華,12,1,11,永全-南崁,2024-06-07,6451
3596,智易,11,0,11,永全-南崁,2024-06-07,6451
1503,士電,15,5,10,永全-南崁,2024-06-07,6451
1718,中纖,10,0,10,永全-南崁,2024-06-07,6451
3163,波若威,12,2,10,永全-南崁,2024-06-07,6451
3372,典範,10,0,10,永全-南崁,2024-06-07,6451
4951,精拓科,10,0,10,永全-南崁,2024-06-07,6451
8933,愛地雅,10,0,10,永全-南崁,2024-06-07,6451
2353,宏��,14,4,10,永全-南崁,2024-06-07,6451
1781,合世,8,0,8,永全-南崁,2024-06-07,6451
2613,中櫃,19,11,8,永全-南崁,2024-06-07,6451
9105,泰金寶-DR,1191,412,779,永全-南崁,2024-06-11,6451
00936,台新永續高息中小,201,0,201,永全-南崁,2024-06-11,6451
00919,群益台灣精選高息,111,2,109,永全-南崁,2024-06-11,6451
00933B,國泰10Y+金融債,100,0,100,永全-南崁,2024-06-11,6451
6290,良維,82,2,80,永全-南崁,2024-06-11,6451
1815,富喬,70,2,68,永全-南崁,2024-06-11,6451
00918,大華優利高填息30,53,2,51,永全-南崁,2024-06-11,6451
2354,鴻準,51,0,51,永全-南崁,2024-06-11,6451
6163,華電網,40,2,38,永全-南崁,2024-06-11,6451
4906,正文,37,0,37,永全-南崁,2024-06-11,6451
3231,緯創,47,11,36,永全-南崁,2024-06-11,6451
1608,華榮,36,1,35,永全-南崁,2024-06-11,6451
2374,佳能,34,0,34,永全-南崁,2024-06-11,6451
1314,中石化,30,0,30,永全-南崁,2024-06-11,6451
3443,創意,38,8,30,永全-南崁,2024-06-11,6451
4960,誠美材,30,0,30,永全-南崁,2024-06-11,6451
4976,佳凌,50,20,30,永全-南崁,2024-06-11,6451
2641,正德,34,7,27,永全-南崁,2024-06-11,6451
00929,復華台灣科技優息,29,2,27,永全-南崁,2024-06-11,6451
2009,第一銅,25,0,25,永全-南崁,2024-06-11,6451
2610,華航,43,18,25,永全-南崁,2024-06-11,6451
6175,立敦,25,2,23,永全-南崁,2024-06-11,6451
00635U,期元大S＆P黃金,20,0,20,永全-南崁,2024-06-11,6451
2606,裕民,20,0,20,永全-南崁,2024-06-11,6451
2537,聯上發,19,0,19,永全-南崁,2024-06-11,6451
00687B,國泰20年美債,18,0,18,永全-南崁,2024-06-11,6451
2605,新興,21,5,16,永全-南崁,2024-06-11,6451
2615,萬海,29,13,16,永全-南崁,2024-06-11,6451
2603,長榮,22,6,16,永全-南崁,2024-06-11,6451
0056,元大高股息,16,1,15,永全-南崁,2024-06-11,6451
2472,立隆電,18,3,15,永全-南崁,2024-06-11,6451
2501,國建,15,0,15,永全-南崁,2024-06-11,6451
3025,星通,15,0,15,永全-南崁,2024-06-11,6451
2323,中環,15,1,14,永全-南崁,2024-06-11,6451
00724B,群益投資級金融債,14,0,14,永全-南崁,2024-06-11,6451
2489,瑞軒,20,6,14,永全-南崁,2024-06-11,6451
2611,志信,12,0,12,永全-南崁,2024-06-11,6451
9940,信義,12,0,12,永全-南崁,2024-06-11,6451
00937B,群益ESG投等債20,11,0,11,永全-南崁,2024-06-11,6451
1455,集盛,11,0,11,永全-南崁,2024-06-11,6451
1513,中興電,16,5,11,永全-南崁,2024-06-11,6451
9103,美德醫療-DR,11,0,11,永全-南崁,2024-06-11,6451
1303,南亞,10,0,10,永全-南崁,2024-06-11,6451
2528,皇普,11,1,10,永全-南崁,2024-06-11,6451
2530,華建,10,0,10,永全-南崁,2024-06-11,6451
4543,萬在,10,0,10,永全-南崁,2024-06-11,6451
5515,建國,10,0,10,永全-南崁,2024-06-11,6451
6658,聯策,10,0,10,永全-南崁,2024-06-11,6451
8473,山林水,10,0,10,永全-南崁,2024-06-11,6451
1612,宏泰,9,0,9,永全-南崁,2024-06-11,6451
00632R,元大台灣50反1,540,0,540,永全-南崁,2024-06-12,6451
2867,三商壽,157,1,156,永全-南崁,2024-06-12,6451
2520,冠德,151,3,148,永全-南崁,2024-06-12,6451
3481,群創,107,1,106,永全-南崁,2024-06-12,6451
2834,臺企銀,80,3,77,永全-南崁,2024-06-12,6451
00948B,中信優息投資級債,76,0,76,永全-南崁,2024-06-12,6451
6177,達麗,60,0,60,永全-南崁,2024-06-12,6451
00940,元大台灣價值高息,99,45,54,永全-南崁,2024-06-12,6451
6207,雷科,56,2,54,永全-南崁,2024-06-12,6451
4566,時碩工業,51,0,51,永全-南崁,2024-06-12,6451
5512,力麒,50,0,50,永全-南崁,2024-06-12,6451
8040,九暘,50,7,43,永全-南崁,2024-06-12,6451
00895,富邦未來車,42,2,40,永全-南崁,2024-06-12,6451
6770,力積電,40,0,40,永全-南崁,2024-06-12,6451
3231,緯創,53,15,38,永全-南崁,2024-06-12,6451
6213,聯茂,35,4,31,永全-南崁,2024-06-12,6451
00637L,元大滬深300正2,30,0,30,永全-南崁,2024-06-12,6451
2323,中環,30,0,30,永全-南崁,2024-06-12,6451
3312,弘憶股,29,0,29,永全-南崁,2024-06-12,6451
00918,大華優利高填息30,27,0,27,永全-南崁,2024-06-12,6451
2888,新光金,55,29,26,永全-南崁,2024-06-12,6451
2603,長榮,36,11,25,永全-南崁,2024-06-12,6451
9958,世紀鋼,25,0,25,永全-南崁,2024-06-12,6451
00687B,國泰20年美債,24,0,24,永全-南崁,2024-06-12,6451
2002,中鋼,25,1,24,永全-南崁,2024-06-12,6451
2344,華邦電,22,0,22,永全-南崁,2024-06-12,6451
8110,華東,21,0,21,永全-南崁,2024-06-12,6451
3680,家登,20,0,20,永全-南崁,2024-06-12,6451
00929,復華台灣科技優息,20,0,20,永全-南崁,2024-06-12,6451
1714,和桐,20,0,20,永全-南崁,2024-06-12,6451
6153,嘉聯益,20,0,20,永全-南崁,2024-06-12,6451
2609,陽明,403,383,20,永全-南崁,2024-06-12,6451
2454,聯發科,15,0,15,永全-南崁,2024-06-12,6451
00919,群益台灣精選高息,13,0,13,永全-南崁,2024-06-12,6451
00712,復華富時不動產,12,0,12,永全-南崁,2024-06-12,6451
1513,中興電,13,1,12,永全-南崁,2024-06-12,6451
1781,合世,12,0,12,永全-南崁,2024-06-12,6451
1789,神隆,11,0,11,永全-南崁,2024-06-12,6451
2356,英業達,13,2,11,永全-南崁,2024-06-12,6451
2406,國碩,11,0,11,永全-南崁,2024-06-12,6451
2537,聯上發,13,2,11,永全-南崁,2024-06-12,6451
1326,台化,10,0,10,永全-南崁,2024-06-12,6451
00907,永豐優息存股,10,0,10,永全-南崁,2024-06-12,6451
2476,鉅祥,30,20,10,永全-南崁,2024-06-12,6451
2606,裕民,24,14,10,永全-南崁,2024-06-12,6451
3015,全漢,10,0,10,永全-南崁,2024-06-12,6451
4726,永昕,10,0,10,永全-南崁,2024-06-12,6451
4960,誠美材,10,0,10,永全-南崁,2024-06-12,6451
6120,達運,10,0,10,永全-南崁,2024-06-12,6451
9904,寶成,11,1,10,永全-南崁,2024-06-12,6451
1714,和桐,80,0,80,永全-南崁,2024-06-13,6451
2615,萬海,78,2,76,永全-南崁,2024-06-13,6451
2359,所羅門,80,31,49,永全-南崁,2024-06-13,6451
9945,潤泰新,60,11,49,永全-南崁,2024-06-13,6451
4533,協易機,42,3,39,永全-南崁,2024-06-13,6451
00706L,期元大S＆P日圓正2,30,0,30,永全-南崁,2024-06-13,6451
2888,新光金,43,13,30,永全-南崁,2024-06-13,6451
6152,百一,30,0,30,永全-南崁,2024-06-13,6451
2609,陽明,125,96,29,永全-南崁,2024-06-13,6451
8039,台虹,31,2,29,永全-南崁,2024-06-13,6451
3450,聯鈞,37,9,28,永全-南崁,2024-06-13,6451
2882,國泰金,55,31,24,永全-南崁,2024-06-13,6451
3673,TPK-KY,24,0,24,永全-南崁,2024-06-13,6451
2365,昆盈,34,11,23,永全-南崁,2024-06-13,6451
2641,正德,22,0,22,永全-南崁,2024-06-13,6451
3680,家登,20,0,20,永全-南崁,2024-06-13,6451
2603,長榮,23,4,19,永全-南崁,2024-06-13,6451
1303,南亞,21,2,19,永全-南崁,2024-06-13,6451
00918,大華優利高填息30,19,0,19,永全-南崁,2024-06-13,6451
00937B,群益ESG投等債20,25,6,19,永全-南崁,2024-06-13,6451
2367,燿華,31,12,19,永全-南崁,2024-06-13,6451
00948B,中信優息投資級債,17,0,17,永全-南崁,2024-06-13,6451
00947,台新臺灣IC設計,18,1,17,永全-南崁,2024-06-13,6451
2105,正新,17,0,17,永全-南崁,2024-06-13,6451
2801,彰銀,17,0,17,永全-南崁,2024-06-13,6451
2002,中鋼,16,0,16,永全-南崁,2024-06-13,6451
3163,波若威,15,0,15,永全-南崁,2024-06-13,6451
4924,欣厚-KY,15,0,15,永全-南崁,2024-06-13,6451
5498,凱崴,15,0,15,永全-南崁,2024-06-13,6451
5426,振發,13,0,13,永全-南崁,2024-06-13,6451
5608,四維航,15,2,13,永全-南崁,2024-06-13,6451
6190,萬泰科,13,0,13,永全-南崁,2024-06-13,6451
00935,野村臺灣新科技50,12,0,12,永全-南崁,2024-06-13,6451
2338,光罩,12,0,12,永全-南崁,2024-06-13,6451
2363,矽統,17,5,12,永全-南崁,2024-06-13,6451
2382,廣達,25,13,12,永全-南崁,2024-06-13,6451
4109,加捷生醫,17,5,12,永全-南崁,2024-06-13,6451
5439,高技,12,0,12,永全-南崁,2024-06-13,6451
9940,信義,12,0,12,永全-南崁,2024-06-13,6451
2368,金像電,14,3,11,永全-南崁,2024-06-13,6451
1301,台塑,11,0,11,永全-南崁,2024-06-13,6451
2444,兆勁,11,0,11,永全-南崁,2024-06-13,6451
00686R,群益臺灣加權反1,10,0,10,永全-南崁,2024-06-13,6451
00712,復華富時不動產,10,0,10,永全-南崁,2024-06-13,6451
1709,和益,10,0,10,永全-南崁,2024-06-13,6451
2406,國碩,10,0,10,永全-南崁,2024-06-13,6451
2601,益航,10,0,10,永全-南崁,2024-06-13,6451
2633,台灣高鐵,20,10,10,永全-南崁,2024-06-13,6451
5488,松普,10,0,10,永全-南崁,2024-06-13,6451
6120,達運,10,0,10,永全-南崁,2024-06-13,6451
00632R,元大台灣50反1,550,0,550,永全-南崁,2024-06-14,6451
2025,千興,450,3,447,永全-南崁,2024-06-14,6451
4976,佳凌,100,0,100,永全-南崁,2024-06-14,6451
8096,擎亞,107,10,97,永全-南崁,2024-06-14,6451
2511,太子,55,3,52,永全-南崁,2024-06-14,6451
00918,大華優利高填息30,49,0,49,永全-南崁,2024-06-14,6451
2371,大同,81,37,44,永全-南崁,2024-06-14,6451
3013,晟銘電,51,11,40,永全-南崁,2024-06-14,6451
2618,長榮航,47,12,35,永全-南崁,2024-06-14,6451
9904,寶成,30,0,30,永全-南崁,2024-06-14,6451
3105,穩懋,29,4,25,永全-南崁,2024-06-14,6451
9958,世紀鋼,28,6,22,永全-南崁,2024-06-14,6451
2367,燿華,23,1,22,永全-南崁,2024-06-14,6451
00830,國泰費城半導體,20,0,20,永全-南崁,2024-06-14,6451
00686R,群益臺灣加權反1,20,0,20,永全-南崁,2024-06-14,6451
00948B,中信優息投資級債,20,0,20,永全-南崁,2024-06-14,6451
2885,元大金,20,0,20,永全-南崁,2024-06-14,6451
2363,矽統,23,5,18,永全-南崁,2024-06-14,6451
00946,群益科技高息成長,17,0,17,永全-南崁,2024-06-14,6451
2615,萬海,21,4,17,永全-南崁,2024-06-14,6451
3231,緯創,20,3,17,永全-南崁,2024-06-14,6451
6161,捷波,17,0,17,永全-南崁,2024-06-14,6451
2353,宏��,14,0,14,永全-南崁,2024-06-14,6451
6285,啟��,13,0,13,永全-南崁,2024-06-14,6451
8110,華東,15,2,13,永全-南崁,2024-06-14,6451
6834,天二科技,18,6,12,永全-南崁,2024-06-14,6451
8277,商丞,16,5,11,永全-南崁,2024-06-14,6451
2344,華邦電,10,0,10,永全-南崁,2024-06-14,6451
2882,國泰金,35,25,10,永全-南崁,2024-06-14,6451
2887,台新金,20,10,10,永全-南崁,2024-06-14,6451
6658,聯策,10,0,10,永全-南崁,2024-06-14,6451
6806,森崴能源,12,2,10,永全-南崁,2024-06-14,6451
1587,吉茂,17,8,9,永全-南崁,2024-06-14,6451
2486,一詮,15,6,9,永全-南崁,2024-06-14,6451
3706,神達,12,3,9,永全-南崁,2024-06-14,6451
2330,台積電,8,0,8,永全-南崁,2024-06-14,6451
2241,艾姆勒,14,6,8,永全-南崁,2024-06-14,6451
3037,欣興,9,1,8,永全-南崁,2024-06-14,6451
3202,樺晟,8,0,8,永全-南崁,2024-06-14,6451
1504,東元,10,3,7,永全-南崁,2024-06-14,6451
3516,亞帝歐,7,0,7,永全-南崁,2024-06-14,6451
5347,世界,8,1,7,永全-南崁,2024-06-14,6451
6116,彩晶,7,0,7,永全-南崁,2024-06-14,6451
1449,佳和,6,0,6,永全-南崁,2024-06-14,6451
1785,光洋科,7,1,6,永全-南崁,2024-06-14,6451
8104,錸寶,6,0,6,永全-南崁,2024-06-14,6451
00947,台新臺灣IC設計,7,2,5,永全-南崁,2024-06-14,6451
1905,華紙,5,0,5,永全-南崁,2024-06-14,6451
2356,英業達,5,0,5,永全-南崁,2024-06-14,6451
2637,慧洋-KY,6,1,5,永全-南崁,2024-06-14,6451
9105,泰金寶-DR,1527,20,1507,永全-南崁,2024-06-17,6451
912000,晨訊科-DR,500,0,500,永全-南崁,2024-06-17,6451
00687B,國泰20年美債,290,36,254,永全-南崁,2024-06-17,6451
911868,同方友友-DR,250,0,250,永全-南崁,2024-06-17,6451
00857B,永豐20年美公債,205,0,205,永全-南崁,2024-06-17,6451
00934,中信成長高股息,193,0,193,永全-南崁,2024-06-17,6451
2609,陽明,174,67,107,永全-南崁,2024-06-17,6451
3481,群創,119,48,71,永全-南崁,2024-06-17,6451
00940,元大台灣價值高息,56,1,55,永全-南崁,2024-06-17,6451
2323,中環,50,0,50,永全-南崁,2024-06-17,6451
2882,國泰金,55,5,50,永全-南崁,2024-06-17,6451
2312,金寶,55,6,49,永全-南崁,2024-06-17,6451
1802,台玻,52,12,40,永全-南崁,2024-06-17,6451
8105,凌巨,40,0,40,永全-南崁,2024-06-17,6451
00918,大華優利高填息30,40,0,40,永全-南崁,2024-06-17,6451
00632R,元大台灣50反1,34,0,34,永全-南崁,2024-06-17,6451
2867,三商壽,53,20,33,永全-南崁,2024-06-17,6451
4109,加捷生醫,33,0,33,永全-南崁,2024-06-17,6451
8054,安國,40,8,32,永全-南崁,2024-06-17,6451
00929,復華台灣科技優息,56,28,28,永全-南崁,2024-06-17,6451
3312,弘憶股,29,1,28,永全-南崁,2024-06-17,6451
00919,群益台灣精選高息,26,0,26,永全-南崁,2024-06-17,6451
00948B,中信優息投資級債,25,0,25,永全-南崁,2024-06-17,6451
6116,彩晶,30,6,24,永全-南崁,2024-06-17,6451
2317,鴻海,29,8,21,永全-南崁,2024-06-17,6451
5392,能率,21,0,21,永全-南崁,2024-06-17,6451
1524,耿鼎,20,0,20,永全-南崁,2024-06-17,6451
3576,聯合再生,20,0,20,永全-南崁,2024-06-17,6451
4716,大立,20,0,20,永全-南崁,2024-06-17,6451
8103,瀚荃,20,0,20,永全-南崁,2024-06-17,6451
4968,立積,21,2,19,永全-南崁,2024-06-17,6451
5398,慕康生醫,24,5,19,永全-南崁,2024-06-17,6451
1513,中興電,26,9,17,永全-南崁,2024-06-17,6451
2356,英業達,17,0,17,永全-南崁,2024-06-17,6451
8039,台虹,21,4,17,永全-南崁,2024-06-17,6451
1504,東元,15,0,15,永全-南崁,2024-06-17,6451
1528,恩德,15,0,15,永全-南崁,2024-06-17,6451
9958,世紀鋼,18,3,15,永全-南崁,2024-06-17,6451
1605,華新,14,1,13,永全-南崁,2024-06-17,6451
2025,千興,12,0,12,永全-南崁,2024-06-17,6451
4908,前鼎,12,0,12,永全-南崁,2024-06-17,6451
00878,國泰永續高股息,11,1,10,永全-南崁,2024-06-17,6451
00942B,台新美A公司債20+,10,0,10,永全-南崁,2024-06-17,6451
1582,信錦,12,2,10,永全-南崁,2024-06-17,6451
2303,聯電,10,0,10,永全-南崁,2024-06-17,6451
2409,友達,60,50,10,永全-南崁,2024-06-17,6451
2801,彰銀,10,0,10,永全-南崁,2024-06-17,6451
3202,樺晟,12,2,10,永全-南崁,2024-06-17,6451
4533,協易機,13,3,10,永全-南崁,2024-06-17,6451
6548,長科*,10,0,10,永全-南崁,2024-06-17,6451
912000,晨訊科-DR,910,0,910,永全-南崁,2024-06-18,6451
2323,中環,110,0,110,永全-南崁,2024-06-18,6451
00857B,永豐20年美公債,100,0,100,永全-南崁,2024-06-18,6451
2402,毅嘉,100,0,100,永全-南崁,2024-06-18,6451
8064,東捷,113,17,96,永全-南崁,2024-06-18,6451
00637L,元大滬深300正2,88,0,88,永全-南崁,2024-06-18,6451
3056,富華新,80,0,80,永全-南崁,2024-06-18,6451
1802,台玻,86,19,67,永全-南崁,2024-06-18,6451
00936,台新永續高息中小,56,0,56,永全-南崁,2024-06-18,6451
00673R,期元大S＆P原油反1,55,0,55,永全-南崁,2024-06-18,6451
2312,金寶,53,2,51,永全-南崁,2024-06-18,6451
4976,佳凌,51,0,51,永全-南崁,2024-06-18,6451
6207,雷科,51,0,51,永全-南崁,2024-06-18,6451
8105,凌巨,50,0,50,永全-南崁,2024-06-18,6451
9105,泰金寶-DR,134,92,42,永全-南崁,2024-06-18,6451
00918,大華優利高填息30,44,5,39,永全-南崁,2024-06-18,6451
6834,天二科技,36,0,36,永全-南崁,2024-06-18,6451
3376,新日興,25,0,25,永全-南崁,2024-06-18,6451
3673,TPK-KY,29,6,23,永全-南崁,2024-06-18,6451
6290,良維,34,11,23,永全-南崁,2024-06-18,6451
2542,興富發,21,0,21,永全-南崁,2024-06-18,6451
3665,貿聯-KY,22,1,21,永全-南崁,2024-06-18,6451
2101,南港,20,0,20,永全-南崁,2024-06-18,6451
2543,皇昌,20,0,20,永全-南崁,2024-06-18,6451
8054,安國,55,35,20,永全-南崁,2024-06-18,6451
2353,宏��,14,0,14,永全-南崁,2024-06-18,6451
5439,高技,14,1,13,永全-南崁,2024-06-18,6451
3450,聯鈞,33,21,12,永全-南崁,2024-06-18,6451
2337,旺宏,12,0,12,永全-南崁,2024-06-18,6451
2385,群光,11,0,11,永全-南崁,2024-06-18,6451
00664R,國泰臺灣加權反1,10,0,10,永全-南崁,2024-06-18,6451
00686R,群益臺灣加權反1,10,0,10,永全-南崁,2024-06-18,6451
00706L,期元大S＆P日圓正2,10,0,10,永全-南崁,2024-06-18,6451
00941,中信上游半導體,10,0,10,永全-南崁,2024-06-18,6451
00940,元大台灣價值高息,10,0,10,永全-南崁,2024-06-18,6451
1326,台化,10,0,10,永全-南崁,2024-06-18,6451
1905,華紙,10,0,10,永全-南崁,2024-06-18,6451
2352,佳世達,10,0,10,永全-南崁,2024-06-18,6451
5498,凱崴,10,0,10,永全-南崁,2024-06-18,6451
5871,中租-KY,10,0,10,永全-南崁,2024-06-18,6451
6182,合晶,10,0,10,永全-南崁,2024-06-18,6451
8039,台虹,11,1,10,永全-南崁,2024-06-18,6451
911608,明輝-DR,10,0,10,永全-南崁,2024-06-18,6451
2367,燿華,12,3,9,永全-南崁,2024-06-18,6451
3058,立德,9,0,9,永全-南崁,2024-06-18,6451
5009,榮剛,10,1,9,永全-南崁,2024-06-18,6451
9958,世紀鋼,9,0,9,永全-南崁,2024-06-18,6451
2609,陽明,15,7,8,永全-南崁,2024-06-18,6451
2359,所羅門,31,23,8,永全-南崁,2024-06-18,6451
3202,樺晟,10,2,8,永全-南崁,2024-06-18,6451
912000,晨訊科-DR,300,15,285,永全-南崁,2024-06-19,6451
00632R,元大台灣50反1,305,30,275,永全-南崁,2024-06-19,6451
00940,元大台灣價值高息,125,22,103,永全-南崁,2024-06-19,6451
6284,佳邦,100,0,100,永全-南崁,2024-06-19,6451
1714,和桐,100,5,95,永全-南崁,2024-06-19,6451
2520,冠德,90,1,89,永全-南崁,2024-06-19,6451
2371,大同,92,10,82,永全-南崁,2024-06-19,6451
00929,復華台灣科技優息,88,15,73,永全-南崁,2024-06-19,6451
6163,華電網,66,0,66,永全-南崁,2024-06-19,6451
8039,台虹,62,0,62,永全-南崁,2024-06-19,6451
3535,晶彩科,60,0,60,永全-南崁,2024-06-19,6451
00712,復華富時不動產,53,5,48,永全-南崁,2024-06-19,6451
3673,TPK-KY,41,1,40,永全-南崁,2024-06-19,6451
2313,華通,47,9,38,永全-南崁,2024-06-19,6451
6770,力積電,59,21,38,永全-南崁,2024-06-19,6451
00946,群益科技高息成長,31,0,31,永全-南崁,2024-06-19,6451
2482,連宇,42,11,31,永全-南崁,2024-06-19,6451
3055,蔚華科,33,2,31,永全-南崁,2024-06-19,6451
3056,富華新,30,0,30,永全-南崁,2024-06-19,6451
3707,漢磊,30,0,30,永全-南崁,2024-06-19,6451
3032,偉訓,31,2,29,永全-南崁,2024-06-19,6451
00936,台新永續高息中小,33,6,27,永全-南崁,2024-06-19,6451
00918,大華優利高填息30,33,6,27,永全-南崁,2024-06-19,6451
00637L,元大滬深300正2,23,0,23,永全-南崁,2024-06-19,6451
00948B,中信優息投資級債,21,0,21,永全-南崁,2024-06-19,6451
6834,天二科技,36,15,21,永全-南崁,2024-06-19,6451
2353,宏��,21,1,20,永全-南崁,2024-06-19,6451
2492,華新科,20,0,20,永全-南崁,2024-06-19,6451
3058,立德,20,0,20,永全-南崁,2024-06-19,6451
4164,承業醫,20,0,20,永全-南崁,2024-06-19,6451
5521,工信,20,0,20,永全-南崁,2024-06-19,6451
6153,嘉聯益,17,0,17,永全-南崁,2024-06-19,6451
6190,萬泰科,18,1,17,永全-南崁,2024-06-19,6451
6117,迎廣,22,6,16,永全-南崁,2024-06-19,6451
2303,聯電,15,0,15,永全-南崁,2024-06-19,6451
2481,強茂,16,1,15,永全-南崁,2024-06-19,6451
2603,長榮,37,22,15,永全-南崁,2024-06-19,6451
2408,南亞科,16,2,14,永全-南崁,2024-06-19,6451
3443,創意,13,0,13,永全-南崁,2024-06-19,6451
5457,宣德,13,0,13,永全-南崁,2024-06-19,6451
1326,台化,12,0,12,永全-南崁,2024-06-19,6451
3376,新日興,12,0,12,永全-南崁,2024-06-19,6451
00947,台新臺灣IC設計,11,0,11,永全-南崁,2024-06-19,6451
00713,元大台灣高息低波,12,1,11,永全-南崁,2024-06-19,6451
1503,士電,27,16,11,永全-南崁,2024-06-19,6451
2464,盟立,11,0,11,永全-南崁,2024-06-19,6451
4952,凌通,12,1,11,永全-南崁,2024-06-19,6451
00850,元大臺灣ESG永續,10,0,10,永全-南崁,2024-06-19,6451
00931B,統一美債20年,10,0,10,永全-南崁,2024-06-19,6451
1605,華新,10,0,10,永全-南崁,2024-06-19,6451
00929,復華台灣科技優息,169,3,166,永全-南崁,2024-06-20,6451
00857B,永豐20年美公債,151,10,141,永全-南崁,2024-06-20,6451
00940,元大台灣價值高息,127,5,122,永全-南崁,2024-06-20,6451
00665L,富邦�琤肭磪囓�2,99,0,99,永全-南崁,2024-06-20,6451
2615,萬海,83,18,65,永全-南崁,2024-06-20,6451
1714,和桐,60,0,60,永全-南崁,2024-06-20,6451
4306,炎洲,121,61,60,永全-南崁,2024-06-20,6451
2520,冠德,50,0,50,永全-南崁,2024-06-20,6451
2498,宏達電,51,6,45,永全-南崁,2024-06-20,6451
3048,益登,51,6,45,永全-南崁,2024-06-20,6451
4726,永昕,51,7,44,永全-南崁,2024-06-20,6451
8105,凌巨,45,4,41,永全-南崁,2024-06-20,6451
1802,台玻,40,1,39,永全-南崁,2024-06-20,6451
5443,均豪,52,13,39,永全-南崁,2024-06-20,6451
6116,彩晶,35,1,34,永全-南崁,2024-06-20,6451
2330,台積電,32,0,32,永全-南崁,2024-06-20,6451
00936,台新永續高息中小,30,0,30,永全-南崁,2024-06-20,6451
5490,同亨,41,11,30,永全-南崁,2024-06-20,6451
6140,訊達,31,4,27,永全-南崁,2024-06-20,6451
2353,宏��,26,0,26,永全-南崁,2024-06-20,6451
3580,友威科,30,4,26,永全-南崁,2024-06-20,6451
3202,樺晟,31,8,23,永全-南崁,2024-06-20,6451
00919,群益台灣精選高息,42,20,22,永全-南崁,2024-06-20,6451
00942B,台新美A公司債20+,22,0,22,永全-南崁,2024-06-20,6451
3055,蔚華科,22,0,22,永全-南崁,2024-06-20,6451
9105,泰金寶-DR,22,0,22,永全-南崁,2024-06-20,6451
1326,台化,21,1,20,永全-南崁,2024-06-20,6451
1529,樂事綠能,20,0,20,永全-南崁,2024-06-20,6451
2438,翔耀,21,1,20,永全-南崁,2024-06-20,6451
2611,志信,20,1,19,永全-南崁,2024-06-20,6451
2356,英業達,31,13,18,永全-南崁,2024-06-20,6451
1785,光洋科,36,18,18,永全-南崁,2024-06-20,6451
2337,旺宏,32,16,16,永全-南崁,2024-06-20,6451
1313,聯成,15,0,15,永全-南崁,2024-06-20,6451
2328,廣宇,15,0,15,永全-南崁,2024-06-20,6451
2596,綠意,15,0,15,永全-南崁,2024-06-20,6451
2374,佳能,24,10,14,永全-南崁,2024-06-20,6451
3209,全科,13,0,13,永全-南崁,2024-06-20,6451
3665,貿聯-KY,14,1,13,永全-南崁,2024-06-20,6451
00637L,元大滬深300正2,14,2,12,永全-南崁,2024-06-20,6451
00751B,元大AAA至A公司債,11,0,11,永全-南崁,2024-06-20,6451
00687B,國泰20年美債,16,5,11,永全-南崁,2024-06-20,6451
3189,景碩,11,0,11,永全-南崁,2024-06-20,6451
4109,加捷生醫,11,0,11,永全-南崁,2024-06-20,6451
5230,雷笛克光學,12,1,11,永全-南崁,2024-06-20,6451
00632R,元大台灣50反1,10,0,10,永全-南崁,2024-06-20,6451
2610,華航,22,12,10,永全-南崁,2024-06-20,6451
2801,彰銀,10,0,10,永全-南崁,2024-06-20,6451
2812,台中銀,10,0,10,永全-南崁,2024-06-20,6451
2845,遠東銀,10,0,10,永全-南崁,2024-06-20,6451
2498,宏達電,109,9,100,永全-南崁,2024-06-21,6451
2609,陽明,217,126,91,永全-南崁,2024-06-21,6451
3056,富華新,90,0,90,永全-南崁,2024-06-21,6451
2409,友達,143,58,85,永全-南崁,2024-06-21,6451
2478,大毅,80,0,80,永全-南崁,2024-06-21,6451
2520,冠德,61,0,61,永全-南崁,2024-06-21,6451
912000,晨訊科-DR,60,0,60,永全-南崁,2024-06-21,6451
00937B,群益ESG投等債20,52,0,52,永全-南崁,2024-06-21,6451
5488,松普,50,0,50,永全-南崁,2024-06-21,6451
8121,越峰,50,0,50,永全-南崁,2024-06-21,6451
2375,凱美,50,1,49,永全-南崁,2024-06-21,6451
6207,雷科,50,3,47,永全-南崁,2024-06-21,6451
2312,金寶,60,15,45,永全-南崁,2024-06-21,6451
00919,群益台灣精選高息,48,8,40,永全-南崁,2024-06-21,6451
2359,所羅門,50,10,40,永全-南崁,2024-06-21,6451
1301,台塑,36,0,36,永全-南崁,2024-06-21,6451
6770,力積電,49,13,36,永全-南崁,2024-06-21,6451
2382,廣達,67,31,36,永全-南崁,2024-06-21,6451
2317,鴻海,45,10,35,永全-南崁,2024-06-21,6451
2542,興富發,30,1,29,永全-南崁,2024-06-21,6451
2888,新光金,55,32,23,永全-南崁,2024-06-21,6451
3665,貿聯-KY,23,0,23,永全-南崁,2024-06-21,6451
2515,中工,22,1,21,永全-南崁,2024-06-21,6451
3014,聯陽,20,0,20,永全-南崁,2024-06-21,6451
2330,台積電,22,5,17,永全-南崁,2024-06-21,6451
2548,華固,18,1,17,永全-南崁,2024-06-21,6451
2377,微星,16,0,16,永全-南崁,2024-06-21,6451
3048,益登,19,3,16,永全-南崁,2024-06-21,6451
3490,單井,20,4,16,永全-南崁,2024-06-21,6451
2401,凌陽,16,1,15,永全-南崁,2024-06-21,6451
2436,偉詮電,13,0,13,永全-南崁,2024-06-21,6451
3715,定穎投控,13,0,13,永全-南崁,2024-06-21,6451
00720B,元大投資級公司債,12,0,12,永全-南崁,2024-06-21,6451
1471,首利,12,0,12,永全-南崁,2024-06-21,6451
3062,建漢,31,19,12,永全-南崁,2024-06-21,6451
2476,鉅祥,11,0,11,永全-南崁,2024-06-21,6451
00686R,群益臺灣加權反1,10,0,10,永全-南崁,2024-06-21,6451
00633L,富邦上証正2,10,0,10,永全-南崁,2024-06-21,6451
00665L,富邦�琤肭磪囓�2,10,0,10,永全-南崁,2024-06-21,6451
00942B,台新美A公司債20+,10,0,10,永全-南崁,2024-06-21,6451
00927,群益半導體收益,10,0,10,永全-南崁,2024-06-21,6451
1504,東元,10,0,10,永全-南崁,2024-06-21,6451
1605,華新,12,2,10,永全-南崁,2024-06-21,6451
2615,萬海,87,77,10,永全-南崁,2024-06-21,6451
3029,零壹,10,0,10,永全-南崁,2024-06-21,6451
3372,典範,10,0,10,永全-南崁,2024-06-21,6451
5230,雷笛克光學,11,1,10,永全-南崁,2024-06-21,6451
5864,致和證,10,0,10,永全-南崁,2024-06-21,6451
6116,彩晶,65,55,10,永全-南崁,2024-06-21,6451
6270,倍微,10,1,9,永全-南崁,2024-06-21,6451
912000,晨訊科-DR,340,0,340,永全-南崁,2024-06-24,6451
3481,群創,266,46,220,永全-南崁,2024-06-24,6451
00929,復華台灣科技優息,161,15,146,永全-南崁,2024-06-24,6451
3062,建漢,166,36,130,永全-南崁,2024-06-24,6451
00919,群益台灣精選高息,108,11,97,永全-南崁,2024-06-24,6451
2464,盟立,101,4,97,永全-南崁,2024-06-24,6451
1785,光洋科,117,36,81,永全-南崁,2024-06-24,6451
3006,晶豪科,78,1,77,永全-南崁,2024-06-24,6451
00937B,群益ESG投等債20,71,0,71,永全-南崁,2024-06-24,6451
2439,美律,61,2,59,永全-南崁,2024-06-24,6451
00936,台新永續高息中小,56,0,56,永全-南崁,2024-06-24,6451
8039,台虹,53,0,53,永全-南崁,2024-06-24,6451
4503,金雨,51,0,51,永全-南崁,2024-06-24,6451
3663,鑫科,50,1,49,永全-南崁,2024-06-24,6451
2408,南亞科,57,10,47,永全-南崁,2024-06-24,6451
00918,大華優利高填息30,44,0,44,永全-南崁,2024-06-24,6451
3231,緯創,49,5,44,永全-南崁,2024-06-24,6451
6770,力積電,41,2,39,永全-南崁,2024-06-24,6451
2515,中工,38,0,38,永全-南崁,2024-06-24,6451
2382,廣達,53,20,33,永全-南崁,2024-06-24,6451
2324,仁寶,31,0,31,永全-南崁,2024-06-24,6451
2451,創見,30,0,30,永全-南崁,2024-06-24,6451
00945B,凱基美國非投等債,28,0,28,永全-南崁,2024-06-24,6451
6834,天二科技,31,3,28,永全-南崁,2024-06-24,6451
2317,鴻海,29,4,25,永全-南崁,2024-06-24,6451
8111,立��,24,0,24,永全-南崁,2024-06-24,6451
2356,英業達,26,4,22,永全-南崁,2024-06-24,6451
2498,宏達電,22,0,22,永全-南崁,2024-06-24,6451
2609,陽明,105,83,22,永全-南崁,2024-06-24,6451
2330,台積電,25,4,21,永全-南崁,2024-06-24,6451
1314,中石化,40,19,21,永全-南崁,2024-06-24,6451
3047,訊舟,48,27,21,永全-南崁,2024-06-24,6451
00713,元大台灣高息低波,20,0,20,永全-南崁,2024-06-24,6451
00923,群益台ESG低碳50,18,0,18,永全-南崁,2024-06-24,6451
00946,群益科技高息成長,17,0,17,永全-南崁,2024-06-24,6451
00940,元大台灣價值高息,17,0,17,永全-南崁,2024-06-24,6451
8011,台通,18,1,17,永全-南崁,2024-06-24,6451
00687B,國泰20年美債,15,0,15,永全-南崁,2024-06-24,6451
2002,中鋼,15,0,15,永全-南崁,2024-06-24,6451
3163,波若威,20,5,15,永全-南崁,2024-06-24,6451
00922,國泰台灣領袖50,13,0,13,永全-南崁,2024-06-24,6451
1605,華新,13,0,13,永全-南崁,2024-06-24,6451
2344,華邦電,24,11,13,永全-南崁,2024-06-24,6451
2365,昆盈,24,11,13,永全-南崁,2024-06-24,6451
3443,創意,14,1,13,永全-南崁,2024-06-24,6451
6116,彩晶,15,2,13,永全-南崁,2024-06-24,6451
1301,台塑,12,0,12,永全-南崁,2024-06-24,6451
00947,台新臺灣IC設計,12,0,12,永全-南崁,2024-06-24,6451
2388,威盛,12,0,12,永全-南崁,2024-06-24,6451
6125,廣運,13,1,12,永全-南崁,2024-06-24,6451
00929,復華台灣科技優息,571,0,571,永全-南崁,2024-06-25,6451
00940,元大台灣價值高息,526,0,526,永全-南崁,2024-06-25,6451
3481,群創,260,4,256,永全-南崁,2024-06-25,6451
00919,群益台灣精選高息,127,0,127,永全-南崁,2024-06-25,6451
3673,TPK-KY,102,3,99,永全-南崁,2024-06-25,6451
2002,中鋼,84,0,84,永全-南崁,2024-06-25,6451
3490,單井,81,1,80,永全-南崁,2024-06-25,6451
00936,台新永續高息中小,78,0,78,永全-南崁,2024-06-25,6451
9136,巨騰-DR,78,3,75,永全-南崁,2024-06-25,6451
00669R,國泰美國道瓊反1,70,0,70,永全-南崁,2024-06-25,6451
2402,毅嘉,50,0,50,永全-南崁,2024-06-25,6451
2542,興富發,44,0,44,永全-南崁,2024-06-25,6451
5328,華容,47,6,41,永全-南崁,2024-06-25,6451
1714,和桐,40,0,40,永全-南崁,2024-06-25,6451
3663,鑫科,34,3,31,永全-南崁,2024-06-25,6451
3062,建漢,50,22,28,永全-南崁,2024-06-25,6451
3231,緯創,37,11,26,永全-南崁,2024-06-25,6451
1301,台塑,27,2,25,永全-南崁,2024-06-25,6451
3093,港建*,25,0,25,永全-南崁,2024-06-25,6451
9105,泰金寶-DR,44,19,25,永全-南崁,2024-06-25,6451
6584,南俊國際,25,2,23,永全-南崁,2024-06-25,6451
4566,時碩工業,38,16,22,永全-南崁,2024-06-25,6451
2406,國碩,23,2,21,永全-南崁,2024-06-25,6451
6753,龍德造船,23,2,21,永全-南崁,2024-06-25,6451
2467,志聖,21,1,20,永全-南崁,2024-06-25,6451
6271,同欣電,20,0,20,永全-南崁,2024-06-25,6451
3037,欣興,19,0,19,永全-南崁,2024-06-25,6451
2371,大同,27,9,18,永全-南崁,2024-06-25,6451
6869,雲豹能源,21,3,18,永全-南崁,2024-06-25,6451
1303,南亞,17,1,16,永全-南崁,2024-06-25,6451
3149,正達,19,3,16,永全-南崁,2024-06-25,6451
1314,中石化,15,0,15,永全-南崁,2024-06-25,6451
1504,東元,20,5,15,永全-南崁,2024-06-25,6451
2301,光寶科,15,0,15,永全-南崁,2024-06-25,6451
8091,翔名,15,0,15,永全-南崁,2024-06-25,6451
8110,華東,90,75,15,永全-南崁,2024-06-25,6451
1815,富喬,15,1,14,永全-南崁,2024-06-25,6451
4967,十銓,27,13,14,永全-南崁,2024-06-25,6451
1802,台玻,13,0,13,永全-南崁,2024-06-25,6451
2353,宏��,13,0,13,永全-南崁,2024-06-25,6451
5009,榮剛,13,0,13,永全-南崁,2024-06-25,6451
6472,保瑞,12,0,12,永全-南崁,2024-06-25,6451
00878,國泰永續高股息,16,5,11,永全-南崁,2024-06-25,6451
6505,台塑化,11,0,11,永全-南崁,2024-06-25,6451
2231,為升,10,0,10,永全-南崁,2024-06-25,6451
2362,藍天,10,0,10,永全-南崁,2024-06-25,6451
4168,醣聯,10,0,10,永全-南崁,2024-06-25,6451
5490,同亨,10,0,10,永全-南崁,2024-06-25,6451
6957,裕慶-KY,10,0,10,永全-南崁,2024-06-25,6451
2317,鴻海,15,6,9,永全-南崁,2024-06-25,6451
2609,陽明,242,118,124,永全-南崁,2024-06-26,6451
3149,正達,101,22,79,永全-南崁,2024-06-26,6451
00948B,中信優息投資級債,70,0,70,永全-南崁,2024-06-26,6451
3581,博磊,76,6,70,永全-南崁,2024-06-26,6451
3231,緯創,70,3,67,永全-南崁,2024-06-26,6451
2409,友達,67,1,66,永全-南崁,2024-06-26,6451
2615,萬海,58,3,55,永全-南崁,2024-06-26,6451
4976,佳凌,100,45,55,永全-南崁,2024-06-26,6451
8096,擎亞,55,5,50,永全-南崁,2024-06-26,6451
9136,巨騰-DR,50,0,50,永全-南崁,2024-06-26,6451
3490,單井,80,31,49,永全-南崁,2024-06-26,6451
5452,佶優,54,6,48,永全-南崁,2024-06-26,6451
1785,光洋科,56,11,45,永全-南崁,2024-06-26,6451
2303,聯電,43,0,43,永全-南崁,2024-06-26,6451
2515,中工,43,0,43,永全-南崁,2024-06-26,6451
3062,建漢,53,11,42,永全-南崁,2024-06-26,6451
2002,中鋼,49,8,41,永全-南崁,2024-06-26,6451
2312,金寶,41,2,39,永全-南崁,2024-06-26,6451
2883,凱基金,45,6,39,永全-南崁,2024-06-26,6451
2882,國泰金,40,5,35,永全-南崁,2024-06-26,6451
1326,台化,32,0,32,永全-南崁,2024-06-26,6451
6244,茂迪,31,0,31,永全-南崁,2024-06-26,6451
1504,東元,30,0,30,永全-南崁,2024-06-26,6451
00687B,國泰20年美債,30,0,30,永全-南崁,2024-06-26,6451
00706L,期元大S＆P日圓正2,30,0,30,永全-南崁,2024-06-26,6451
1714,和桐,30,0,30,永全-南崁,2024-06-26,6451
2353,宏��,37,7,30,永全-南崁,2024-06-26,6451
2482,連宇,32,2,30,永全-南崁,2024-06-26,6451
2344,華邦電,27,0,27,永全-南崁,2024-06-26,6451
1303,南亞,24,0,24,永全-南崁,2024-06-26,6451
1301,台塑,27,5,22,永全-南崁,2024-06-26,6451
00939,統一台灣高息動能,20,0,20,永全-南崁,2024-06-26,6451
3044,健鼎,20,0,20,永全-南崁,2024-06-26,6451
3357,臺慶科,20,0,20,永全-南崁,2024-06-26,6451
4543,萬在,20,0,20,永全-南崁,2024-06-26,6451
2323,中環,20,1,19,永全-南崁,2024-06-26,6451
00924,復華S＆P500成長,18,0,18,永全-南崁,2024-06-26,6451
0056,元大高股息,19,1,18,永全-南崁,2024-06-26,6451
5009,榮剛,18,0,18,永全-南崁,2024-06-26,6451
6188,廣明,18,0,18,永全-南崁,2024-06-26,6451
2401,凌陽,19,3,16,永全-南崁,2024-06-26,6451
2363,矽統,20,5,15,永全-南崁,2024-06-26,6451
1709,和益,51,37,14,永全-南崁,2024-06-26,6451
2317,鴻海,22,8,14,永全-南崁,2024-06-26,6451
2537,聯上發,20,8,12,永全-南崁,2024-06-26,6451
3264,欣銓,12,0,12,永全-南崁,2024-06-26,6451
4526,東台,12,1,11,永全-南崁,2024-06-26,6451
1815,富喬,19,9,10,永全-南崁,2024-06-26,6451
00830,國泰費城半導體,10,0,10,永全-南崁,2024-06-26,6451
3059,華晶科,10,0,10,永全-南崁,2024-06-26,6451
00929,復華台灣科技優息,393,5,388,永全-南崁,2024-06-27,6451
00857B,永豐20年美公債,250,0,250,永全-南崁,2024-06-27,6451
2392,正崴,100,3,97,永全-南崁,2024-06-27,6451
00936,台新永續高息中小,82,0,82,永全-南崁,2024-06-27,6451
3481,群創,74,0,74,永全-南崁,2024-06-27,6451
1714,和桐,50,0,50,永全-南崁,2024-06-27,6451
5230,雷笛克光學,50,0,50,永全-南崁,2024-06-27,6451
2002,中鋼,47,0,47,永全-南崁,2024-06-27,6451
1611,中電,49,3,46,永全-南崁,2024-06-27,6451
2344,華邦電,40,0,40,永全-南崁,2024-06-27,6451
3024,憶聲,40,3,37,永全-南崁,2024-06-27,6451
6584,南俊國際,38,3,35,永全-南崁,2024-06-27,6451
00940,元大台灣價值高息,33,0,33,永全-南崁,2024-06-27,6451
8054,安國,33,0,33,永全-南崁,2024-06-27,6451
2515,中工,32,1,31,永全-南崁,2024-06-27,6451
2883,凱基金,32,2,30,永全-南崁,2024-06-27,6451
3581,博磊,35,5,30,永全-南崁,2024-06-27,6451
4109,加捷生醫,30,0,30,永全-南崁,2024-06-27,6451
2489,瑞軒,29,0,29,永全-南崁,2024-06-27,6451
6598,ABC-KY,29,0,29,永全-南崁,2024-06-27,6451
4167,松瑞藥,31,5,26,永全-南崁,2024-06-27,6451
00919,群益台灣精選高息,25,0,25,永全-南崁,2024-06-27,6451
1605,華新,25,0,25,永全-南崁,2024-06-27,6451
00937B,群益ESG投等債20,22,0,22,永全-南崁,2024-06-27,6451
00713,元大台灣高息低波,22,0,22,永全-南崁,2024-06-27,6451
3047,訊舟,41,20,21,永全-南崁,2024-06-27,6451
6163,華電網,21,0,21,永全-南崁,2024-06-27,6451
2385,群光,20,0,20,永全-南崁,2024-06-27,6451
3491,昇達科,21,1,20,永全-南崁,2024-06-27,6451
3693,營邦,20,0,20,永全-南崁,2024-06-27,6451
5443,均豪,50,30,20,永全-南崁,2024-06-27,6451
5468,凱鈺,20,0,20,永全-南崁,2024-06-27,6451
5512,力麒,20,0,20,永全-南崁,2024-06-27,6451
6692,進能服,20,0,20,永全-南崁,2024-06-27,6451
6753,龍德造船,20,0,20,永全-南崁,2024-06-27,6451
9904,寶成,20,0,20,永全-南崁,2024-06-27,6451
2520,冠德,19,0,19,永全-南崁,2024-06-27,6451
2888,新光金,20,1,19,永全-南崁,2024-06-27,6451
6770,力積電,20,1,19,永全-南崁,2024-06-27,6451
00720B,元大投資級公司債,18,0,18,永全-南崁,2024-06-27,6451
1709,和益,19,1,18,永全-南崁,2024-06-27,6451
5398,慕康生醫,18,0,18,永全-南崁,2024-06-27,6451
00687B,國泰20年美債,17,0,17,永全-南崁,2024-06-27,6451
0056,元大高股息,17,0,17,永全-南崁,2024-06-27,6451
3576,聯合再生,25,9,16,永全-南崁,2024-06-27,6451
3264,欣銓,15,0,15,永全-南崁,2024-06-27,6451
1809,中釉,14,0,14,永全-南崁,2024-06-27,6451
2301,光寶科,16,2,14,永全-南崁,2024-06-27,6451
4938,和碩,14,0,14,永全-南崁,2024-06-27,6451
6805,富世達,14,0,14,永全-南崁,2024-06-27,6451
8234,新漢,102,1,101,永全-南崁,2024-06-28,6451
2520,冠德,62,1,61,永全-南崁,2024-06-28,6451
00706L,期元大S＆P日圓正2,60,0,60,永全-南崁,2024-06-28,6451
00936,台新永續高息中小,53,0,53,永全-南崁,2024-06-28,6451
2337,旺宏,53,0,53,永全-南崁,2024-06-28,6451
2409,友達,52,2,50,永全-南崁,2024-06-28,6451
2472,立隆電,50,0,50,永全-南崁,2024-06-28,6451
4566,時碩工業,60,10,50,永全-南崁,2024-06-28,6451
3306,鼎天,50,4,46,永全-南崁,2024-06-28,6451
2464,盟立,54,12,42,永全-南崁,2024-06-28,6451
1709,和益,41,0,41,永全-南崁,2024-06-28,6451
3546,宇峻,40,0,40,永全-南崁,2024-06-28,6451
5284,jpp-KY,40,0,40,永全-南崁,2024-06-28,6451
6219,富旺,40,0,40,永全-南崁,2024-06-28,6451
8150,南茂,35,0,35,永全-南崁,2024-06-28,6451
8110,華東,32,0,32,永全-南崁,2024-06-28,6451
2352,佳世達,31,0,31,永全-南崁,2024-06-28,6451
2303,聯電,42,12,30,永全-南崁,2024-06-28,6451
4907,富宇,30,0,30,永全-南崁,2024-06-28,6451
1301,台塑,27,0,27,永全-南崁,2024-06-28,6451
8054,安國,35,10,25,永全-南崁,2024-06-28,6451
2542,興富發,30,6,24,永全-南崁,2024-06-28,6451
9958,世紀鋼,29,6,23,永全-南崁,2024-06-28,6451
3231,緯創,26,3,23,永全-南崁,2024-06-28,6451
3264,欣銓,21,0,21,永全-南崁,2024-06-28,6451
9105,泰金寶-DR,40,19,21,永全-南崁,2024-06-28,6451
2537,聯上發,20,0,20,永全-南崁,2024-06-28,6451
4938,和碩,17,1,16,永全-南崁,2024-06-28,6451
00937B,群益ESG投等債20,17,1,16,永全-南崁,2024-06-28,6451
1718,中纖,15,0,15,永全-南崁,2024-06-28,6451
2406,國碩,25,10,15,永全-南崁,2024-06-28,6451
2451,創見,15,0,15,永全-南崁,2024-06-28,6451
00905,FT臺灣Smart,14,0,14,永全-南崁,2024-06-28,6451
1795,美時,15,1,14,永全-南崁,2024-06-28,6451
1609,大亞,17,4,13,永全-南崁,2024-06-28,6451
2374,佳能,88,75,13,永全-南崁,2024-06-28,6451
4167,松瑞藥,13,0,13,永全-南崁,2024-06-28,6451
1616,億泰,12,0,12,永全-南崁,2024-06-28,6451
3576,聯合再生,50,38,12,永全-南崁,2024-06-28,6451
6443,元晶,13,2,11,永全-南崁,2024-06-28,6451
2392,正崴,12,2,10,永全-南崁,2024-06-28,6451
00946,群益科技高息成長,10,0,10,永全-南崁,2024-06-28,6451
00664R,國泰臺灣加權反1,10,0,10,永全-南崁,2024-06-28,6451
00632R,元大台灣50反1,10,0,10,永全-南崁,2024-06-28,6451
1531,高林股,10,0,10,永全-南崁,2024-06-28,6451
2417,圓剛,13,3,10,永全-南崁,2024-06-28,6451
2610,華航,17,7,10,永全-南崁,2024-06-28,6451
3047,訊舟,32,22,10,永全-南崁,2024-06-28,6451
3059,華晶科,10,0,10,永全-南崁,2024-06-28,6451
3171,炎洲流通,10,0,10,永全-南崁,2024-06-28,6451
00936,台新永續高息中小,227,0,227,永全-南崁,2024-07-01,6451
00942B,台新美A公司債20+,110,0,110,永全-南崁,2024-07-01,6451
00857B,永豐20年美公債,100,0,100,永全-南崁,2024-07-01,6451
00940,元大台灣價值高息,100,2,98,永全-南崁,2024-07-01,6451
6770,力積電,98,9,89,永全-南崁,2024-07-01,6451
00948B,中信優息投資級債,81,0,81,永全-南崁,2024-07-01,6451
3580,友威科,50,2,48,永全-南崁,2024-07-01,6451
8064,東捷,80,32,48,永全-南崁,2024-07-01,6451
2374,佳能,48,1,47,永全-南崁,2024-07-01,6451
00720B,元大投資級公司債,39,0,39,永全-南崁,2024-07-01,6451
0056,元大高股息,40,2,38,永全-南崁,2024-07-01,6451
00929,復華台灣科技優息,40,5,35,永全-南崁,2024-07-01,6451
4109,加捷生醫,55,20,35,永全-南崁,2024-07-01,6451
00687B,國泰20年美債,49,15,34,永全-南崁,2024-07-01,6451
5426,振發,35,3,32,永全-南崁,2024-07-01,6451
00937B,群益ESG投等債20,38,7,31,永全-南崁,2024-07-01,6451
6188,廣明,33,2,31,永全-南崁,2024-07-01,6451
3025,星通,30,0,30,永全-南崁,2024-07-01,6451
3060,銘異,30,0,30,永全-南崁,2024-07-01,6451
6213,聯茂,33,7,26,永全-南崁,2024-07-01,6451
5474,聰泰,25,1,24,永全-南崁,2024-07-01,6451
3481,群創,54,31,23,永全-南崁,2024-07-01,6451
1326,台化,23,0,23,永全-南崁,2024-07-01,6451
1303,南亞,22,0,22,永全-南崁,2024-07-01,6451
2882,國泰金,22,0,22,永全-南崁,2024-07-01,6451
8076,伍豐,32,10,22,永全-南崁,2024-07-01,6451
3591,艾笛森,21,0,21,永全-南崁,2024-07-01,6451
00724B,群益投資級金融債,20,0,20,永全-南崁,2024-07-01,6451
5284,jpp-KY,20,0,20,永全-南崁,2024-07-01,6451
2317,鴻海,34,16,18,永全-南崁,2024-07-01,6451
2313,華通,34,17,17,永全-南崁,2024-07-01,6451
00933B,國泰10Y+金融債,15,0,15,永全-南崁,2024-07-01,6451
00679B,元大美債20年,15,0,15,永全-南崁,2024-07-01,6451
2352,佳世達,15,0,15,永全-南崁,2024-07-01,6451
2637,慧洋-KY,15,0,15,永全-南崁,2024-07-01,6451
2359,所羅門,71,57,14,永全-南崁,2024-07-01,6451
3491,昇達科,15,1,14,永全-南崁,2024-07-01,6451
6435,大中,14,0,14,永全-南崁,2024-07-01,6451
1504,東元,13,0,13,永全-南崁,2024-07-01,6451
2371,大同,16,3,13,永全-南崁,2024-07-01,6451
3105,穩懋,43,30,13,永全-南崁,2024-07-01,6451
1611,中電,12,0,12,永全-南崁,2024-07-01,6451
3044,健鼎,12,0,12,永全-南崁,2024-07-01,6451
6117,迎廣,16,4,12,永全-南崁,2024-07-01,6451
6143,振曜,12,0,12,永全-南崁,2024-07-01,6451
00680L,元大美債20正2,11,0,11,永全-南崁,2024-07-01,6451
00949,復華日本龍頭,11,0,11,永全-南崁,2024-07-01,6451
2337,旺宏,16,5,11,永全-南崁,2024-07-01,6451
3033,威健,11,0,11,永全-南崁,2024-07-01,6451
3615,安可,11,0,11,永全-南崁,2024-07-01,6451
2609,陽明,211,7,204,永全-南崁,2024-07-02,6451
00929,復華台灣科技優息,296,129,167,永全-南崁,2024-07-02,6451
00934,中信成長高股息,150,0,150,永全-南崁,2024-07-02,6451
2349,錸德,155,26,129,永全-南崁,2024-07-02,6451
2303,聯電,126,5,121,永全-南崁,2024-07-02,6451
00946,群益科技高息成長,97,0,97,永全-南崁,2024-07-02,6451
2897A,王道銀甲特,95,0,95,永全-南崁,2024-07-02,6451
00857B,永豐20年美公債,90,0,90,永全-南崁,2024-07-02,6451
0056,元大高股息,80,0,80,永全-南崁,2024-07-02,6451
2406,國碩,89,19,70,永全-南崁,2024-07-02,6451
5230,雷笛克光學,55,1,54,永全-南崁,2024-07-02,6451
00919,群益台灣精選高息,52,2,50,永全-南崁,2024-07-02,6451
3663,鑫科,50,0,50,永全-南崁,2024-07-02,6451
2317,鴻海,56,7,49,永全-南崁,2024-07-02,6451
00936,台新永續高息中小,42,0,42,永全-南崁,2024-07-02,6451
9105,泰金寶-DR,389,347,42,永全-南崁,2024-07-02,6451
2002,中鋼,35,0,35,永全-南崁,2024-07-02,6451
2515,中工,40,5,35,永全-南崁,2024-07-02,6451
8104,錸寶,31,0,31,永全-南崁,2024-07-02,6451
8107,大億金茂,30,0,30,永全-南崁,2024-07-02,6451
00679B,元大美債20年,27,0,27,永全-南崁,2024-07-02,6451
3443,創意,29,2,27,永全-南崁,2024-07-02,6451
2329,華泰,27,1,26,永全-南崁,2024-07-02,6451
6285,啟��,25,0,25,永全-南崁,2024-07-02,6451
2365,昆盈,43,23,20,永全-南崁,2024-07-02,6451
2596,綠意,20,0,20,永全-南崁,2024-07-02,6451
6120,達運,20,0,20,永全-南崁,2024-07-02,6451
2498,宏達電,18,0,18,永全-南崁,2024-07-02,6451
3059,華晶科,17,0,17,永全-南崁,2024-07-02,6451
2328,廣宇,21,5,16,永全-南崁,2024-07-02,6451
3048,益登,17,1,16,永全-南崁,2024-07-02,6451
6667,信紘科,22,6,16,永全-南崁,2024-07-02,6451
00930,永豐ESG低碳高息,15,0,15,永全-南崁,2024-07-02,6451
6127,九豪,15,0,15,永全-南崁,2024-07-02,6451
6213,聯茂,22,7,15,永全-南崁,2024-07-02,6451
1326,台化,14,0,14,永全-南崁,2024-07-02,6451
00948B,中信優息投資級債,13,0,13,永全-南崁,2024-07-02,6451
00937B,群益ESG投等債20,13,0,13,永全-南崁,2024-07-02,6451
4562,穎漢,13,1,12,永全-南崁,2024-07-02,6451
1802,台玻,11,0,11,永全-南崁,2024-07-02,6451
2363,矽統,12,1,11,永全-南崁,2024-07-02,6451
3047,訊舟,30,19,11,永全-南崁,2024-07-02,6451
00795B,中信美國公債20年,10,0,10,永全-南崁,2024-07-02,6451
00706L,期元大S＆P日圓正2,10,0,10,永全-南崁,2024-07-02,6451
1104,環泥,10,0,10,永全-南崁,2024-07-02,6451
1781,合世,10,0,10,永全-南崁,2024-07-02,6451
3038,全台,10,0,10,永全-南崁,2024-07-02,6451
3372,典範,10,0,10,永全-南崁,2024-07-02,6451
3712,永崴投控,10,0,10,永全-南崁,2024-07-02,6451
6126,信音,11,1,10,永全-南崁,2024-07-02,6451
2382,廣達,1900,10,1890,永全-南崁,2024-07-03,6451
00934,中信成長高股息,166,11,155,永全-南崁,2024-07-03,6451
2354,鴻準,147,0,147,永全-南崁,2024-07-03,6451
8064,東捷,132,29,103,永全-南崁,2024-07-03,6451
00933B,國泰10Y+金融債,100,0,100,永全-南崁,2024-07-03,6451
3576,聯合再生,143,50,93,永全-南崁,2024-07-03,6451
4714,永捷,80,0,80,永全-南崁,2024-07-03,6451
3303,岱稜,70,0,70,永全-南崁,2024-07-03,6451
3481,群創,116,53,63,永全-南崁,2024-07-03,6451
5230,雷笛克光學,62,0,62,永全-南崁,2024-07-03,6451
00712,復華富時不動產,52,0,52,永全-南崁,2024-07-03,6451
3673,TPK-KY,52,0,52,永全-南崁,2024-07-03,6451
4958,臻鼎-KY,67,15,52,永全-南崁,2024-07-03,6451
00929,復華台灣科技優息,78,27,51,永全-南崁,2024-07-03,6451
2405,輔信,63,13,50,永全-南崁,2024-07-03,6451
5490,同亨,50,0,50,永全-南崁,2024-07-03,6451
2610,華航,55,11,44,永全-南崁,2024-07-03,6451
2317,鴻海,40,7,33,永全-南崁,2024-07-03,6451
2301,光寶科,32,1,31,永全-南崁,2024-07-03,6451
6953,家碩,31,0,31,永全-南崁,2024-07-03,6451
00680L,元大美債20正2,30,0,30,永全-南崁,2024-07-03,6451
1409,新纖,30,0,30,永全-南崁,2024-07-03,6451
2402,毅嘉,38,11,27,永全-南崁,2024-07-03,6451
6538,倉和,27,0,27,永全-南崁,2024-07-03,6451
6805,富世達,25,0,25,永全-南崁,2024-07-03,6451
2349,錸德,47,23,24,永全-南崁,2024-07-03,6451
6117,迎廣,23,0,23,永全-南崁,2024-07-03,6451
5443,均豪,34,12,22,永全-南崁,2024-07-03,6451
1301,台塑,20,0,20,永全-南崁,2024-07-03,6451
2897A,王道銀甲特,20,0,20,永全-南崁,2024-07-03,6451
4109,加捷生醫,20,0,20,永全-南崁,2024-07-03,6451
6443,元晶,27,9,18,永全-南崁,2024-07-03,6451
2404,漢唐,21,4,17,永全-南崁,2024-07-03,6451
6244,茂迪,24,7,17,永全-南崁,2024-07-03,6451
1303,南亞,19,4,15,永全-南崁,2024-07-03,6451
00632R,元大台灣50反1,17,5,12,永全-南崁,2024-07-03,6451
3060,銘異,22,10,12,永全-南崁,2024-07-03,6451
3062,建漢,16,4,12,永全-南崁,2024-07-03,6451
5347,世界,12,1,11,永全-南崁,2024-07-03,6451
9910,豐泰,11,0,11,永全-南崁,2024-07-03,6451
00687B,國泰20年美債,11,0,11,永全-南崁,2024-07-03,6451
3535,晶彩科,19,8,11,永全-南崁,2024-07-03,6451
6152,百一,12,1,11,永全-南崁,2024-07-03,6451
8213,志超,11,0,11,永全-南崁,2024-07-03,6451
00673R,期元大S＆P原油反1,10,0,10,永全-南崁,2024-07-03,6451
1611,中電,10,0,10,永全-南崁,2024-07-03,6451
2377,微星,10,0,10,永全-南崁,2024-07-03,6451
2516,新建,10,0,10,永全-南崁,2024-07-03,6451
2603,長榮,10,0,10,永全-南崁,2024-07-03,6451
3049,精金,10,0,10,永全-南崁,2024-07-03,6451
6234,高僑,177,7,170,永全-南崁,2024-07-04,6451
2609,陽明,180,11,169,永全-南崁,2024-07-04,6451
00940,元大台灣價值高息,152,3,149,永全-南崁,2024-07-04,6451
2888,新光金,85,1,84,永全-南崁,2024-07-04,6451
4768,晶呈科技,60,2,58,永全-南崁,2024-07-04,6451
2349,錸德,55,0,55,永全-南崁,2024-07-04,6451
00885,富邦越南,50,0,50,永全-南崁,2024-07-04,6451
00632R,元大台灣50反1,50,0,50,永全-南崁,2024-07-04,6451
6116,彩晶,50,0,50,永全-南崁,2024-07-04,6451
6166,凌華,50,0,50,永全-南崁,2024-07-04,6451
3663,鑫科,57,12,45,永全-南崁,2024-07-04,6451
2412,中華電,40,0,40,永全-南崁,2024-07-04,6451
8071,能率網通,58,19,39,永全-南崁,2024-07-04,6451
8104,錸寶,69,32,37,永全-南崁,2024-07-04,6451
2359,所羅門,45,9,36,永全-南崁,2024-07-04,6451
8054,安國,47,11,36,永全-南崁,2024-07-04,6451
2618,長榮航,40,7,33,永全-南崁,2024-07-04,6451
8358,金居,38,5,33,永全-南崁,2024-07-04,6451
5347,世界,28,2,26,永全-南崁,2024-07-04,6451
6126,信音,31,5,26,永全-南崁,2024-07-04,6451
3050,鈺德,25,0,25,永全-南崁,2024-07-04,6451
3014,聯陽,30,9,21,永全-南崁,2024-07-04,6451
9904,寶成,20,0,20,永全-南崁,2024-07-04,6451
1611,中電,20,1,19,永全-南崁,2024-07-04,6451
2402,毅嘉,21,2,19,永全-南崁,2024-07-04,6451
4526,東台,31,13,18,永全-南崁,2024-07-04,6451
00936,台新永續高息中小,19,2,17,永全-南崁,2024-07-04,6451
4109,加捷生醫,108,92,16,永全-南崁,2024-07-04,6451
00937B,群益ESG投等債20,15,0,15,永全-南崁,2024-07-04,6451
3047,訊舟,31,16,15,永全-南崁,2024-07-04,6451
8064,東捷,19,4,15,永全-南崁,2024-07-04,6451
2329,華泰,16,2,14,永全-南崁,2024-07-04,6451
6953,家碩,14,0,14,永全-南崁,2024-07-04,6451
00900,富邦特選高股息30,12,0,12,永全-南崁,2024-07-04,6451
6204,艾華,13,1,12,永全-南崁,2024-07-04,6451
1409,新纖,11,0,11,永全-南崁,2024-07-04,6451
3289,宜特,11,0,11,永全-南崁,2024-07-04,6451
6217,中探針,11,0,11,永全-南崁,2024-07-04,6451
6472,保瑞,11,0,11,永全-南崁,2024-07-04,6451
9958,世紀鋼,11,0,11,永全-南崁,2024-07-04,6451
00679B,元大美債20年,10,0,10,永全-南崁,2024-07-04,6451
00920,富邦ESG綠色電力,10,0,10,永全-南崁,2024-07-04,6451
00941,中信上游半導體,10,0,10,永全-南崁,2024-07-04,6451
1781,合世,10,0,10,永全-南崁,2024-07-04,6451
2231,為升,10,0,10,永全-南崁,2024-07-04,6451
2897,王道銀行,10,0,10,永全-南崁,2024-07-04,6451
2906,高林,10,0,10,永全-南崁,2024-07-04,6451
3489,森寶,10,0,10,永全-南崁,2024-07-04,6451
4123,晟德,10,0,10,永全-南崁,2024-07-04,6451
4735,豪展,10,0,10,永全-南崁,2024-07-04,6451
9105,泰金寶-DR,355,130,225,永全-南崁,2024-07-05,6451
00637L,元大滬深300正2,112,0,112,永全-南崁,2024-07-05,6451
3689,湧德,109,5,104,永全-南崁,2024-07-05,6451
3379,彬台,101,0,101,永全-南崁,2024-07-05,6451
3607,谷崧,112,11,101,永全-南崁,2024-07-05,6451
1618,合機,63,0,63,永全-南崁,2024-07-05,6451
5340,建榮,61,1,60,永全-南崁,2024-07-05,6451
4968,立積,52,2,50,永全-南崁,2024-07-05,6451
1540,喬福,50,2,48,永全-南崁,2024-07-05,6451
2618,長榮航,62,16,46,永全-南崁,2024-07-05,6451
6953,家碩,40,0,40,永全-南崁,2024-07-05,6451
2312,金寶,46,9,37,永全-南崁,2024-07-05,6451
3227,原相,36,1,35,永全-南崁,2024-07-05,6451
3481,群創,43,8,35,永全-南崁,2024-07-05,6451
5468,凱鈺,30,0,30,永全-南崁,2024-07-05,6451
4526,東台,29,0,29,永全-南崁,2024-07-05,6451
5474,聰泰,30,1,29,永全-南崁,2024-07-05,6451
1802,台玻,34,6,28,永全-南崁,2024-07-05,6451
00929,復華台灣科技優息,48,26,22,永全-南崁,2024-07-05,6451
2609,陽明,70,48,22,永全-南崁,2024-07-05,6451
00633L,富邦上証正2,21,0,21,永全-南崁,2024-07-05,6451
0056,元大高股息,21,0,21,永全-南崁,2024-07-05,6451
1608,華榮,27,6,21,永全-南崁,2024-07-05,6451
8054,安國,21,1,20,永全-南崁,2024-07-05,6451
1904,正隆,20,0,20,永全-南崁,2024-07-05,6451
2323,中環,40,20,20,永全-南崁,2024-07-05,6451
2845,遠東銀,20,0,20,永全-南崁,2024-07-05,6451
3686,達能,20,1,19,永全-南崁,2024-07-05,6451
2615,萬海,17,0,17,永全-南崁,2024-07-05,6451
3673,TPK-KY,46,30,16,永全-南崁,2024-07-05,6451
1514,亞力,18,3,15,永全-南崁,2024-07-05,6451
1609,大亞,25,10,15,永全-南崁,2024-07-05,6451
6217,中探針,17,2,15,永全-南崁,2024-07-05,6451
2492,華新科,15,1,14,永全-南崁,2024-07-05,6451
00882,中信中國高股息,12,0,12,永全-南崁,2024-07-05,6451
3707,漢磊,14,2,12,永全-南崁,2024-07-05,6451
1519,華城,13,2,11,永全-南崁,2024-07-05,6451
1503,士電,17,6,11,永全-南崁,2024-07-05,6451
2352,佳世達,11,0,11,永全-南崁,2024-07-05,6451
8027,鈦昇,11,0,11,永全-南崁,2024-07-05,6451
1454,台富,10,0,10,永全-南崁,2024-07-05,6451
1409,新纖,10,0,10,永全-南崁,2024-07-05,6451
2344,華邦電,10,0,10,永全-南崁,2024-07-05,6451
2371,大同,11,1,10,永全-南崁,2024-07-05,6451
2603,長榮,10,0,10,永全-南崁,2024-07-05,6451
2897,王道銀行,10,0,10,永全-南崁,2024-07-05,6451
4123,晟德,10,0,10,永全-南崁,2024-07-05,6451
4540,全球傳動,10,0,10,永全-南崁,2024-07-05,6451
8076,伍豐,10,0,10,永全-南崁,2024-07-05,6451
9945,潤泰新,10,0,10,永全-南崁,2024-07-05,6451
00664R,國泰臺灣加權反1,317,0,317,永全-南崁,2024-07-08,6451
1540,喬福,140,0,140,永全-南崁,2024-07-08,6451
3481,群創,146,6,140,永全-南崁,2024-07-08,6451
911608,明輝-DR,100,6,94,永全-南崁,2024-07-08,6451
2312,金寶,100,10,90,永全-南崁,2024-07-08,6451
1802,台玻,87,0,87,永全-南崁,2024-07-08,6451
2374,佳能,206,125,81,永全-南崁,2024-07-08,6451
8450,霹靂,60,0,60,永全-南崁,2024-07-08,6451
2108,南帝,61,2,59,永全-南崁,2024-07-08,6451
6190,萬泰科,60,5,55,永全-南崁,2024-07-08,6451
1326,台化,53,0,53,永全-南崁,2024-07-08,6451
6290,良維,53,1,52,永全-南崁,2024-07-08,6451
2387,精元,51,0,51,永全-南崁,2024-07-08,6451
3276,宇環,51,0,51,永全-南崁,2024-07-08,6451
4909,新復興,50,1,49,永全-南崁,2024-07-08,6451
2618,長榮航,75,33,42,永全-南崁,2024-07-08,6451
00929,復華台灣科技優息,44,3,41,永全-南崁,2024-07-08,6451
1611,中電,40,0,40,永全-南崁,2024-07-08,6451
3508,位速,36,0,36,永全-南崁,2024-07-08,6451
3044,健鼎,32,1,31,永全-南崁,2024-07-08,6451
3379,彬台,31,0,31,永全-南崁,2024-07-08,6451
3710,連展投控,33,3,30,永全-南崁,2024-07-08,6451
5230,雷笛克光學,30,0,30,永全-南崁,2024-07-08,6451
6517,保勝光學,30,0,30,永全-南崁,2024-07-08,6451
6244,茂迪,27,1,26,永全-南崁,2024-07-08,6451
8054,安國,23,1,22,永全-南崁,2024-07-08,6451
00934,中信成長高股息,21,0,21,永全-南崁,2024-07-08,6451
3045,台灣大,23,2,21,永全-南崁,2024-07-08,6451
3706,神達,22,1,21,永全-南崁,2024-07-08,6451
5443,均豪,27,6,21,永全-南崁,2024-07-08,6451
1721,三晃,20,0,20,永全-南崁,2024-07-08,6451
1727,中華化,20,0,20,永全-南崁,2024-07-08,6451
3489,森寶,20,0,20,永全-南崁,2024-07-08,6451
4960,誠美材,62,42,20,永全-南崁,2024-07-08,6451
2323,中環,42,24,18,永全-南崁,2024-07-08,6451
5452,佶優,24,6,18,永全-南崁,2024-07-08,6451
2610,華航,40,24,16,永全-南崁,2024-07-08,6451
3033,威健,20,4,16,永全-南崁,2024-07-08,6451
2476,鉅祥,18,3,15,永全-南崁,2024-07-08,6451
6703,軒郁,15,0,15,永全-南崁,2024-07-08,6451
3374,精材,17,4,13,永全-南崁,2024-07-08,6451
6213,聯茂,14,1,13,永全-南崁,2024-07-08,6451
2365,昆盈,43,31,12,永全-南崁,2024-07-08,6451
8112,至上,13,1,12,永全-南崁,2024-07-08,6451
6187,萬潤,22,11,11,永全-南崁,2024-07-08,6451
1409,新纖,11,0,11,永全-南崁,2024-07-08,6451
2481,強茂,11,0,11,永全-南崁,2024-07-08,6451
6126,信音,27,16,11,永全-南崁,2024-07-08,6451
6283,淳安,12,1,11,永全-南崁,2024-07-08,6451
1308,亞聚,10,0,10,永全-南崁,2024-07-08,6451
2888,新光金,1712,207,1505,永全-南崁,2024-07-09,6451
2312,金寶,187,37,150,永全-南崁,2024-07-09,6451
1310,台苯,140,0,140,永全-南崁,2024-07-09,6451
00857B,永豐20年美公債,110,0,110,永全-南崁,2024-07-09,6451
00632R,元大台灣50反1,100,0,100,永全-南崁,2024-07-09,6451
912000,晨訊科-DR,100,0,100,永全-南崁,2024-07-09,6451
1785,光洋科,111,17,94,永全-南崁,2024-07-09,6451
3306,鼎天,51,0,51,永全-南崁,2024-07-09,6451
00929,復華台灣科技優息,46,1,45,永全-南崁,2024-07-09,6451
5475,德宏,47,2,45,永全-南崁,2024-07-09,6451
2352,佳世達,44,0,44,永全-南崁,2024-07-09,6451
2344,華邦電,43,0,43,永全-南崁,2024-07-09,6451
2374,佳能,55,12,43,永全-南崁,2024-07-09,6451
4976,佳凌,40,0,40,永全-南崁,2024-07-09,6451
00934,中信成長高股息,39,0,39,永全-南崁,2024-07-09,6451
2108,南帝,39,0,39,永全-南崁,2024-07-09,6451
8450,霹靂,40,2,38,永全-南崁,2024-07-09,6451
00918,大華優利高填息30,35,0,35,永全-南崁,2024-07-09,6451
1609,大亞,35,0,35,永全-南崁,2024-07-09,6451
2367,燿華,79,45,34,永全-南崁,2024-07-09,6451
2354,鴻準,61,28,33,永全-南崁,2024-07-09,6451
2610,華航,42,9,33,永全-南崁,2024-07-09,6451
1528,恩德,37,6,31,永全-南崁,2024-07-09,6451
00706L,期元大S＆P日圓正2,30,0,30,永全-南崁,2024-07-09,6451
00950B,凱基A級公司債,30,0,30,永全-南崁,2024-07-09,6451
2104,國際中橡,30,0,30,永全-南崁,2024-07-09,6451
2360,致茂,30,0,30,永全-南崁,2024-07-09,6451
1314,中石化,36,7,29,永全-南崁,2024-07-09,6451
6414,樺漢,30,1,29,永全-南崁,2024-07-09,6451
3312,弘憶股,50,23,27,永全-南崁,2024-07-09,6451
1326,台化,26,0,26,永全-南崁,2024-07-09,6451
6834,天二科技,28,5,23,永全-南崁,2024-07-09,6451
2303,聯電,43,21,22,永全-南崁,2024-07-09,6451
2515,中工,22,0,22,永全-南崁,2024-07-09,6451
4533,協易機,36,14,22,永全-南崁,2024-07-09,6451
00936,台新永續高息中小,21,0,21,永全-南崁,2024-07-09,6451
2421,建準,21,0,21,永全-南崁,2024-07-09,6451
2464,盟立,24,3,21,永全-南崁,2024-07-09,6451
6163,華電網,22,1,21,永全-南崁,2024-07-09,6451
2618,長榮航,71,51,20,永全-南崁,2024-07-09,6451
3049,精金,20,0,20,永全-南崁,2024-07-09,6451
6120,達運,20,0,20,永全-南崁,2024-07-09,6451
6190,萬泰科,20,0,20,永全-南崁,2024-07-09,6451
8383,千附,18,0,18,永全-南崁,2024-07-09,6451
3231,緯創,19,1,18,永全-南崁,2024-07-09,6451
0056,元大高股息,17,0,17,永全-南崁,2024-07-09,6451
00937B,群益ESG投等債20,24,8,16,永全-南崁,2024-07-09,6451
2368,金像電,22,6,16,永全-南崁,2024-07-09,6451
3313,斐成,16,0,16,永全-南崁,2024-07-09,6451
6732,昇佳電子,15,0,15,永全-南崁,2024-07-09,6451
00937B,群益ESG投等債20,162,0,162,永全-南崁,2024-07-10,6451
2888,新光金,703,580,123,永全-南崁,2024-07-10,6451
5443,均豪,70,2,68,永全-南崁,2024-07-10,6451
6213,聯茂,69,4,65,永全-南崁,2024-07-10,6451
2834,臺企銀,63,0,63,永全-南崁,2024-07-10,6451
00673R,期元大S＆P原油反1,50,0,50,永全-南崁,2024-07-10,6451
00857B,永豐20年美公債,50,0,50,永全-南崁,2024-07-10,6451
2883,凱基金,63,13,50,永全-南崁,2024-07-10,6451
3689,湧德,55,5,50,永全-南崁,2024-07-10,6451
8163,達方,50,0,50,永全-南崁,2024-07-10,6451
6166,凌華,50,1,49,永全-南崁,2024-07-10,6451
3306,鼎天,53,5,48,永全-南崁,2024-07-10,6451
2354,鴻準,53,6,47,永全-南崁,2024-07-10,6451
6015,宏遠證,45,0,45,永全-南崁,2024-07-10,6451
2609,陽明,98,54,44,永全-南崁,2024-07-10,6451
00934,中信成長高股息,43,1,42,永全-南崁,2024-07-10,6451
3481,群創,47,11,36,永全-南崁,2024-07-10,6451
4976,佳凌,30,0,30,永全-南崁,2024-07-10,6451
2312,金寶,79,55,24,永全-南崁,2024-07-10,6451
2317,鴻海,34,11,23,永全-南崁,2024-07-10,6451
8104,錸寶,21,0,21,永全-南崁,2024-07-10,6451
00950B,凱基A級公司債,20,0,20,永全-南崁,2024-07-10,6451
2461,光群雷,20,0,20,永全-南崁,2024-07-10,6451
2845,遠東銀,20,0,20,永全-南崁,2024-07-10,6451
3489,森寶,20,0,20,永全-南崁,2024-07-10,6451
5608,四維航,20,0,20,永全-南崁,2024-07-10,6451
6153,嘉聯益,20,0,20,永全-南崁,2024-07-10,6451
6284,佳邦,20,0,20,永全-南崁,2024-07-10,6451
6546,正基,21,1,20,永全-南崁,2024-07-10,6451
2353,宏��,30,12,18,永全-南崁,2024-07-10,6451
2352,佳世達,21,4,17,永全-南崁,2024-07-10,6451
5309,系統電,57,41,16,永全-南崁,2024-07-10,6451
1809,中釉,15,0,15,永全-南崁,2024-07-10,6451
2498,宏達電,17,2,15,永全-南崁,2024-07-10,6451
8110,華東,15,1,14,永全-南崁,2024-07-10,6451
2603,長榮,36,23,13,永全-南崁,2024-07-10,6451
2615,萬海,13,0,13,永全-南崁,2024-07-10,6451
0056,元大高股息,12,0,12,永全-南崁,2024-07-10,6451
1515,力山,14,2,12,永全-南崁,2024-07-10,6451
3576,聯合再生,11,0,11,永全-南崁,2024-07-10,6451
8028,昇陽半導體,12,2,10,永全-南崁,2024-07-10,6451
00679B,元大美債20年,10,0,10,永全-南崁,2024-07-10,6451
00919,群益台灣精選高息,10,0,10,永全-南崁,2024-07-10,6451
1799,易威,10,0,10,永全-南崁,2024-07-10,6451
2002,中鋼,10,0,10,永全-南崁,2024-07-10,6451
3006,晶豪科,11,1,10,永全-南崁,2024-07-10,6451
6127,九豪,10,0,10,永全-南崁,2024-07-10,6451
6532,瑞耘,11,1,10,永全-南崁,2024-07-10,6451
6548,長科*,10,0,10,永全-南崁,2024-07-10,6451
6585,鼎基,10,0,10,永全-南崁,2024-07-10,6451
00664R,國泰臺灣加權反1,300,0,300,永全-南崁,2024-07-11,6451
2243,宏旭-KY,262,40,222,永全-南崁,2024-07-11,6451
912000,晨訊科-DR,200,0,200,永全-南崁,2024-07-11,6451
2883,凱基金,188,19,169,永全-南崁,2024-07-11,6451
1440,南紡,150,3,147,永全-南崁,2024-07-11,6451
2002,中鋼,133,3,130,永全-南崁,2024-07-11,6451
00632R,元大台灣50反1,138,20,118,永全-南崁,2024-07-11,6451
2375,凱美,116,1,115,永全-南崁,2024-07-11,6451
2365,昆盈,138,26,112,永全-南崁,2024-07-11,6451
2867,三商壽,110,0,110,永全-南崁,2024-07-11,6451
2538,基泰,80,0,80,永全-南崁,2024-07-11,6451
6284,佳邦,74,0,74,永全-南崁,2024-07-11,6451
1618,合機,62,0,62,永全-南崁,2024-07-11,6451
00937B,群益ESG投等債20,68,10,58,永全-南崁,2024-07-11,6451
00934,中信成長高股息,54,0,54,永全-南崁,2024-07-11,6451
2374,佳能,75,36,39,永全-南崁,2024-07-11,6451
2609,陽明,70,31,39,永全-南崁,2024-07-11,6451
2897,王道銀行,35,0,35,永全-南崁,2024-07-11,6451
3013,晟銘電,53,19,34,永全-南崁,2024-07-11,6451
3050,鈺德,33,2,31,永全-南崁,2024-07-11,6451
00673R,期元大S＆P原油反1,50,20,30,永全-南崁,2024-07-11,6451
3094,聯傑,29,0,29,永全-南崁,2024-07-11,6451
00946,群益科技高息成長,26,0,26,永全-南崁,2024-07-11,6451
3481,群創,64,40,24,永全-南崁,2024-07-11,6451
2356,英業達,79,56,23,永全-南崁,2024-07-11,6451
2405,輔信,38,17,21,永全-南崁,2024-07-11,6451
2618,長榮航,52,31,21,永全-南崁,2024-07-11,6451
00882,中信中國高股息,20,0,20,永全-南崁,2024-07-11,6451
2520,冠德,20,0,20,永全-南崁,2024-07-11,6451
3587,閎康,20,0,20,永全-南崁,2024-07-11,6451
6016,康和證,20,0,20,永全-南崁,2024-07-11,6451
6530,創威,22,3,19,永全-南崁,2024-07-11,6451
8936,國統,26,7,19,永全-南崁,2024-07-11,6451
2492,華新科,50,32,18,永全-南崁,2024-07-11,6451
00939,統一台灣高息動能,20,5,15,永全-南崁,2024-07-11,6451
00679B,元大美債20年,13,0,13,永全-南崁,2024-07-11,6451
1514,亞力,29,16,13,永全-南崁,2024-07-11,6451
2354,鴻準,15,2,13,永全-南崁,2024-07-11,6451
1304,台聚,12,0,12,永全-南崁,2024-07-11,6451
2303,聯電,14,2,12,永全-南崁,2024-07-11,6451
2312,金寶,26,14,12,永全-南崁,2024-07-11,6451
6152,百一,16,4,12,永全-南崁,2024-07-11,6451
2408,南亞科,11,0,11,永全-南崁,2024-07-11,6451
3438,類比科,11,0,11,永全-南崁,2024-07-11,6451
9904,寶成,11,0,11,永全-南崁,2024-07-11,6451
00688L,國泰20年美債正2,10,0,10,永全-南崁,2024-07-11,6451
00687B,國泰20年美債,10,0,10,永全-南崁,2024-07-11,6451
00680L,元大美債20正2,10,0,10,永全-南崁,2024-07-11,6451
00885,富邦越南,10,0,10,永全-南崁,2024-07-11,6451
2352,佳世達,10,0,10,永全-南崁,2024-07-11,6451
2867,三商壽,1215,40,1175,永全-南崁,2024-07-12,6451
00934,中信成長高股息,185,5,180,永全-南崁,2024-07-12,6451
00929,復華台灣科技優息,205,30,175,永全-南崁,2024-07-12,6451
2317,鴻海,126,13,113,永全-南崁,2024-07-12,6451
2453,凌群,100,3,97,永全-南崁,2024-07-12,6451
00919,群益台灣精選高息,93,11,82,永全-南崁,2024-07-12,6451
1785,光洋科,102,23,79,永全-南崁,2024-07-12,6451
1217,愛之味,60,0,60,永全-南崁,2024-07-12,6451
2303,聯電,61,3,58,永全-南崁,2024-07-12,6451
00936,台新永續高息中小,54,0,54,永全-南崁,2024-07-12,6451
3013,晟銘電,57,3,54,永全-南崁,2024-07-12,6451
4952,凌通,51,0,51,永全-南崁,2024-07-12,6451
00937B,群益ESG投等債20,50,0,50,永全-南崁,2024-07-12,6451
5512,力麒,44,0,44,永全-南崁,2024-07-12,6451
1326,台化,54,10,44,永全-南崁,2024-07-12,6451
1316,上曜,57,20,37,永全-南崁,2024-07-12,6451
1304,台聚,50,15,35,永全-南崁,2024-07-12,6451
00939,統一台灣高息動能,30,0,30,永全-南崁,2024-07-12,6451
2618,長榮航,49,20,29,永全-南崁,2024-07-12,6451
2312,金寶,110,82,28,永全-南崁,2024-07-12,6451
3706,神達,55,28,27,永全-南崁,2024-07-12,6451
4736,泰博,27,0,27,永全-南崁,2024-07-12,6451
0056,元大高股息,24,0,24,永全-南崁,2024-07-12,6451
1609,大亞,35,12,23,永全-南崁,2024-07-12,6451
3324,雙鴻,24,2,22,永全-南崁,2024-07-12,6451
6462,神盾,42,20,22,永全-南崁,2024-07-12,6451
00945B,凱基美國非投等債,20,0,20,永全-南崁,2024-07-12,6451
2371,大同,22,2,20,永全-南崁,2024-07-12,6451
6016,康和證,20,0,20,永全-南崁,2024-07-12,6451
2477,美隆電,23,5,18,永全-南崁,2024-07-12,6451
2349,錸德,18,0,18,永全-南崁,2024-07-12,6451
2609,陽明,91,73,18,永全-南崁,2024-07-12,6451
2610,華航,55,37,18,永全-南崁,2024-07-12,6451
00940,元大台灣價值高息,16,0,16,永全-南崁,2024-07-12,6451
00688L,國泰20年美債正2,16,0,16,永全-南崁,2024-07-12,6451
6877,鏵友益,16,0,16,永全-南崁,2024-07-12,6451
00680L,元大美債20正2,15,0,15,永全-南崁,2024-07-12,6451
00905,FT臺灣Smart,15,0,15,永全-南崁,2024-07-12,6451
3006,晶豪科,15,0,15,永全-南崁,2024-07-12,6451
2330,台積電,16,1,15,永全-南崁,2024-07-12,6451
2408,南亞科,14,0,14,永全-南崁,2024-07-12,6451
6160,欣技,14,0,14,永全-南崁,2024-07-12,6451
2356,英業達,51,38,13,永全-南崁,2024-07-12,6451
2615,萬海,33,20,13,永全-南崁,2024-07-12,6451
3048,益登,16,4,12,永全-南崁,2024-07-12,6451
3550,聯穎,12,0,12,永全-南崁,2024-07-12,6451
4109,加捷生醫,13,1,12,永全-南崁,2024-07-12,6451
6546,正基,13,1,12,永全-南崁,2024-07-12,6451
00923,群益台ESG低碳50,11,0,11,永全-南崁,2024-07-12,6451
6126,信音,12,1,11,永全-南崁,2024-07-12,6451
9105,泰金寶-DR,121,2,119,永全-南崁,2024-07-15,6451
912000,晨訊科-DR,100,0,100,永全-南崁,2024-07-15,6451
1721,三晃,100,1,99,永全-南崁,2024-07-15,6451
2891,中信金,64,3,61,永全-南崁,2024-07-15,6451
3607,谷崧,56,0,56,永全-南崁,2024-07-15,6451
2312,金寶,84,30,54,永全-南崁,2024-07-15,6451
4566,時碩工業,55,3,52,永全-南崁,2024-07-15,6451
4909,新復興,52,2,50,永全-南崁,2024-07-15,6451
6770,力積電,52,2,50,永全-南崁,2024-07-15,6451
2409,友達,49,0,49,永全-南崁,2024-07-15,6451
6684,安格,50,3,47,永全-南崁,2024-07-15,6451
2609,陽明,128,82,46,永全-南崁,2024-07-15,6451
00934,中信成長高股息,42,1,41,永全-南崁,2024-07-15,6451
2344,華邦電,40,0,40,永全-南崁,2024-07-15,6451
2538,基泰,40,0,40,永全-南崁,2024-07-15,6451
00905,FT臺灣Smart,30,0,30,永全-南崁,2024-07-15,6451
8105,凌巨,38,8,30,永全-南崁,2024-07-15,6451
00679B,元大美債20年,27,0,27,永全-南崁,2024-07-15,6451
0056,元大高股息,28,4,24,永全-南崁,2024-07-15,6451
00878,國泰永續高股息,30,8,22,永全-南崁,2024-07-15,6451
00940,元大台灣價值高息,22,0,22,永全-南崁,2024-07-15,6451
2543,皇昌,22,1,21,永全-南崁,2024-07-15,6451
1314,中石化,20,0,20,永全-南崁,2024-07-15,6451
00929,復華台灣科技優息,20,0,20,永全-南崁,2024-07-15,6451
1618,合機,20,0,20,永全-南崁,2024-07-15,6451
1727,中華化,20,0,20,永全-南崁,2024-07-15,6451
2399,映泰,20,0,20,永全-南崁,2024-07-15,6451
2618,長榮航,65,45,20,永全-南崁,2024-07-15,6451
2882,國泰金,25,5,20,永全-南崁,2024-07-15,6451
4960,誠美材,20,0,20,永全-南崁,2024-07-15,6451
6016,康和證,20,0,20,永全-南崁,2024-07-15,6451
6175,立敦,20,0,20,永全-南崁,2024-07-15,6451
00720B,元大投資級公司債,19,0,19,永全-南崁,2024-07-15,6451
2596,綠意,17,0,17,永全-南崁,2024-07-15,6451
3706,神達,33,16,17,永全-南崁,2024-07-15,6451
3037,欣興,22,6,16,永全-南崁,2024-07-15,6451
6443,元晶,21,5,16,永全-南崁,2024-07-15,6451
1337,再生-KY,15,0,15,永全-南崁,2024-07-15,6451
1303,南亞,13,0,13,永全-南崁,2024-07-15,6451
2406,國碩,13,0,13,永全-南崁,2024-07-15,6451
3294,英濟,13,0,13,永全-南崁,2024-07-15,6451
00919,群益台灣精選高息,19,7,12,永全-南崁,2024-07-15,6451
5425,台半,13,1,12,永全-南崁,2024-07-15,6451
1810,和成,11,0,11,永全-南崁,2024-07-15,6451
2367,燿華,14,3,11,永全-南崁,2024-07-15,6451
2382,廣達,12,1,11,永全-南崁,2024-07-15,6451
2405,輔信,21,10,11,永全-南崁,2024-07-15,6451
3707,漢磊,11,0,11,永全-南崁,2024-07-15,6451
8227,巨有科技,12,1,11,永全-南崁,2024-07-15,6451
2603,長榮,31,21,10,永全-南崁,2024-07-15,6451
2867,三商壽,991,5,986,永全-南崁,2024-07-16,6451
2538,基泰,290,0,290,永全-南崁,2024-07-16,6451
00905,FT臺灣Smart,244,0,244,永全-南崁,2024-07-16,6451
00919,群益台灣精選高息,150,4,146,永全-南崁,2024-07-16,6451
00929,復華台灣科技優息,132,15,117,永全-南崁,2024-07-16,6451
9105,泰金寶-DR,181,70,111,永全-南崁,2024-07-16,6451
8112,至上,100,0,100,永全-南崁,2024-07-16,6451
2478,大毅,100,23,77,永全-南崁,2024-07-16,6451
0056,元大高股息,63,0,63,永全-南崁,2024-07-16,6451
1316,上曜,63,3,60,永全-南崁,2024-07-16,6451
1714,和桐,60,0,60,永全-南崁,2024-07-16,6451
2070,精湛,62,3,59,永全-南崁,2024-07-16,6451
2615,萬海,81,40,41,永全-南崁,2024-07-16,6451
1304,台聚,40,0,40,永全-南崁,2024-07-16,6451
1611,中電,40,0,40,永全-南崁,2024-07-16,6451
00857B,永豐20年美公債,43,5,38,永全-南崁,2024-07-16,6451
3030,德律,31,0,31,永全-南崁,2024-07-16,6451
2897,王道銀行,30,0,30,永全-南崁,2024-07-16,6451
4532,瑞智,30,0,30,永全-南崁,2024-07-16,6451
3324,雙鴻,32,5,27,永全-南崁,2024-07-16,6451
6462,神盾,29,3,26,永全-南崁,2024-07-16,6451
2367,燿華,27,2,25,永全-南崁,2024-07-16,6451
1608,華榮,25,2,23,永全-南崁,2024-07-16,6451
3481,群創,29,6,23,永全-南崁,2024-07-16,6451
00927,群益半導體收益,22,0,22,永全-南崁,2024-07-16,6451
2312,金寶,180,158,22,永全-南崁,2024-07-16,6451
2409,友達,22,0,22,永全-南崁,2024-07-16,6451
2607,榮運,20,0,20,永全-南崁,2024-07-16,6451
6163,華電網,20,0,20,永全-南崁,2024-07-16,6451
2356,英業達,28,9,19,永全-南崁,2024-07-16,6451
2489,瑞軒,65,46,19,永全-南崁,2024-07-16,6451
6770,力積電,18,0,18,永全-南崁,2024-07-16,6451
2317,鴻海,20,4,16,永全-南崁,2024-07-16,6451
1609,大亞,37,21,16,永全-南崁,2024-07-16,6451
2105,正新,15,0,15,永全-南崁,2024-07-16,6451
2303,聯電,14,0,14,永全-南崁,2024-07-16,6451
00934,中信成長高股息,13,0,13,永全-南崁,2024-07-16,6451
6177,達麗,23,10,13,永全-南崁,2024-07-16,6451
1513,中興電,48,35,13,永全-南崁,2024-07-16,6451
2365,昆盈,19,7,12,永全-南崁,2024-07-16,6451
2383,台光電,12,0,12,永全-南崁,2024-07-16,6451
3047,訊舟,20,10,10,永全-南崁,2024-07-16,6451
2002,中鋼,10,0,10,永全-南崁,2024-07-16,6451
2301,光寶科,10,0,10,永全-南崁,2024-07-16,6451
2467,志聖,10,0,10,永全-南崁,2024-07-16,6451
2609,陽明,72,62,10,永全-南崁,2024-07-16,6451
5347,世界,12,2,10,永全-南崁,2024-07-16,6451
6120,達運,10,0,10,永全-南崁,2024-07-16,6451
6613,朋億*,10,0,10,永全-南崁,2024-07-16,6451
8110,華東,10,0,10,永全-南崁,2024-07-16,6451
00919,群益台灣精選高息,477,4,473,永全-南崁,2024-07-17,6451
3056,富華新,324,74,250,永全-南崁,2024-07-17,6451
1540,喬福,313,92,221,永全-南崁,2024-07-17,6451
1709,和益,202,8,194,永全-南崁,2024-07-17,6451
2609,陽明,136,4,132,永全-南崁,2024-07-17,6451
00905,FT臺灣Smart,107,0,107,永全-南崁,2024-07-17,6451
3652,精聯,100,0,100,永全-南崁,2024-07-17,6451
00937B,群益ESG投等債20,105,8,97,永全-南崁,2024-07-17,6451
00929,復華台灣科技優息,94,0,94,永全-南崁,2024-07-17,6451
0056,元大高股息,81,0,81,永全-南崁,2024-07-17,6451
2882,國泰金,71,10,61,永全-南崁,2024-07-17,6451
2618,長榮航,66,6,60,永全-南崁,2024-07-17,6451
6770,力積電,85,32,53,永全-南崁,2024-07-17,6451
3605,宏致,90,40,50,永全-南崁,2024-07-17,6451
00687B,國泰20年美債,50,1,49,永全-南崁,2024-07-17,6451
8105,凌巨,69,22,47,永全-南崁,2024-07-17,6451
00679B,元大美債20年,50,5,45,永全-南崁,2024-07-17,6451
1409,新纖,45,0,45,永全-南崁,2024-07-17,6451
2888,新光金,50,5,45,永全-南崁,2024-07-17,6451
2489,瑞軒,64,20,44,永全-南崁,2024-07-17,6451
1326,台化,58,16,42,永全-南崁,2024-07-17,6451
6834,天二科技,40,0,40,永全-南崁,2024-07-17,6451
3044,健鼎,31,0,31,永全-南崁,2024-07-17,6451
2897,王道銀行,30,0,30,永全-南崁,2024-07-17,6451
4729,熒茂,30,0,30,永全-南崁,2024-07-17,6451
1210,大成,27,0,27,永全-南崁,2024-07-17,6451
00712,復華富時不動產,30,3,27,永全-南崁,2024-07-17,6451
3231,緯創,38,11,27,永全-南崁,2024-07-17,6451
00878,國泰永續高股息,26,0,26,永全-南崁,2024-07-17,6451
3443,創意,32,7,25,永全-南崁,2024-07-17,6451
2303,聯電,30,6,24,永全-南崁,2024-07-17,6451
2371,大同,27,5,22,永全-南崁,2024-07-17,6451
2368,金像電,20,0,20,永全-南崁,2024-07-17,6451
3380,明泰,20,0,20,永全-南崁,2024-07-17,6451
3686,達能,20,0,20,永全-南崁,2024-07-17,6451
2392,正崴,17,0,17,永全-南崁,2024-07-17,6451
1325,恆大,16,0,16,永全-南崁,2024-07-17,6451
1513,中興電,20,4,16,永全-南崁,2024-07-17,6451
2359,所羅門,18,2,16,永全-南崁,2024-07-17,6451
1809,中釉,15,0,15,永全-南崁,2024-07-17,6451
2610,華航,27,13,14,永全-南崁,2024-07-17,6451
3031,佰鴻,14,0,14,永全-南崁,2024-07-17,6451
3042,晶技,16,2,14,永全-南崁,2024-07-17,6451
4967,十銓,14,0,14,永全-南崁,2024-07-17,6451
5905,南仁湖,13,0,13,永全-南崁,2024-07-17,6451
00936,台新永續高息中小,12,0,12,永全-南崁,2024-07-17,6451
2353,宏��,12,0,12,永全-南崁,2024-07-17,6451
00940,元大台灣價值高息,11,0,11,永全-南崁,2024-07-17,6451
2352,佳世達,11,0,11,永全-南崁,2024-07-17,6451
2397,友通,11,0,11,永全-南崁,2024-07-17,6451
2538,基泰,319,5,314,永全-南崁,2024-07-18,6451
00947,台新臺灣IC設計,110,0,110,永全-南崁,2024-07-18,6451
00905,FT臺灣Smart,103,0,103,永全-南崁,2024-07-18,6451
00929,復華台灣科技優息,96,20,76,永全-南崁,2024-07-18,6451
2409,友達,59,0,59,永全-南崁,2024-07-18,6451
1608,華榮,56,1,55,永全-南崁,2024-07-18,6451
2356,英業達,52,2,50,永全-南崁,2024-07-18,6451
3450,聯鈞,50,2,48,永全-南崁,2024-07-18,6451
0056,元大高股息,47,0,47,永全-南崁,2024-07-18,6451
4726,永昕,51,4,47,永全-南崁,2024-07-18,6451
1305,華夏,50,4,46,永全-南崁,2024-07-18,6451
2317,鴻海,70,26,44,永全-南崁,2024-07-18,6451
00673R,期元大S＆P原油反1,40,0,40,永全-南崁,2024-07-18,6451
6411,晶焱,40,0,40,永全-南崁,2024-07-18,6451
1815,富喬,30,0,30,永全-南崁,2024-07-18,6451
8104,錸寶,30,0,30,永全-南崁,2024-07-18,6451
6693,廣閎科,29,0,29,永全-南崁,2024-07-18,6451
1609,大亞,63,35,28,永全-南崁,2024-07-18,6451
3024,憶聲,30,2,28,永全-南崁,2024-07-18,6451
6770,力積電,28,0,28,永全-南崁,2024-07-18,6451
3037,欣興,52,24,28,永全-南崁,2024-07-18,6451
8105,凌巨,48,22,26,永全-南崁,2024-07-18,6451
00940,元大台灣價值高息,24,0,24,永全-南崁,2024-07-18,6451
2382,廣達,24,1,23,永全-南崁,2024-07-18,6451
2542,興富發,27,4,23,永全-南崁,2024-07-18,6451
1319,東陽,21,0,21,永全-南崁,2024-07-18,6451
3491,昇達科,21,1,20,永全-南崁,2024-07-18,6451
00948B,中信優息投資級債,20,0,20,永全-南崁,2024-07-18,6451
00927,群益半導體收益,20,0,20,永全-南崁,2024-07-18,6451
3049,精金,20,0,20,永全-南崁,2024-07-18,6451
8215,明基材,20,0,20,永全-南崁,2024-07-18,6451
2882,國泰金,40,21,19,永全-南崁,2024-07-18,6451
3060,銘異,18,0,18,永全-南崁,2024-07-18,6451
5483,中美晶,20,2,18,永全-南崁,2024-07-18,6451
3044,健鼎,17,0,17,永全-南崁,2024-07-18,6451
00882,中信中國高股息,20,4,16,永全-南崁,2024-07-18,6451
00918,大華優利高填息30,15,0,15,永全-南崁,2024-07-18,6451
2368,金像電,15,0,15,永全-南崁,2024-07-18,6451
2405,輔信,16,1,15,永全-南崁,2024-07-18,6451
2406,國碩,15,0,15,永全-南崁,2024-07-18,6451
3297,杭特,15,0,15,永全-南崁,2024-07-18,6451
00941,中信上游半導體,14,0,14,永全-南崁,2024-07-18,6451
2609,陽明,15,1,14,永全-南崁,2024-07-18,6451
9945,潤泰新,24,10,14,永全-南崁,2024-07-18,6451
1301,台塑,14,1,13,永全-南崁,2024-07-18,6451
8011,台通,19,6,13,永全-南崁,2024-07-18,6451
2313,華通,16,4,12,永全-南崁,2024-07-18,6451
6834,天二科技,12,0,12,永全-南崁,2024-07-18,6451
3231,緯創,14,3,11,永全-南崁,2024-07-18,6451
2610,華航,22,11,11,永全-南崁,2024-07-18,6451
2867,三商壽,508,40,468,永全-南崁,2024-07-19,6451
2538,基泰,300,0,300,永全-南崁,2024-07-19,6451
1815,富喬,213,3,210,永全-南崁,2024-07-19,6451
00919,群益台灣精選高息,135,0,135,永全-南崁,2024-07-19,6451
00929,復華台灣科技優息,140,13,127,永全-南崁,2024-07-19,6451
2845,遠東銀,125,0,125,永全-南崁,2024-07-19,6451
2354,鴻準,105,1,104,永全-南崁,2024-07-19,6451
4726,永昕,101,1,100,永全-南崁,2024-07-19,6451
3450,聯鈞,126,30,96,永全-南崁,2024-07-19,6451
2888,新光金,118,27,91,永全-南崁,2024-07-19,6451
5230,雷笛克光學,80,0,80,永全-南崁,2024-07-19,6451
0056,元大高股息,77,0,77,永全-南崁,2024-07-19,6451
2609,陽明,67,2,65,永全-南崁,2024-07-19,6451
2618,長榮航,71,11,60,永全-南崁,2024-07-19,6451
2897,王道銀行,60,0,60,永全-南崁,2024-07-19,6451
2903,遠百,60,0,60,永全-南崁,2024-07-19,6451
2610,華航,58,3,55,永全-南崁,2024-07-19,6451
1326,台化,53,0,53,永全-南崁,2024-07-19,6451
6016,康和證,50,0,50,永全-南崁,2024-07-19,6451
2070,精湛,50,1,49,永全-南崁,2024-07-19,6451
3231,緯創,49,0,49,永全-南崁,2024-07-19,6451
5443,均豪,61,13,48,永全-南崁,2024-07-19,6451
00878,國泰永續高股息,47,0,47,永全-南崁,2024-07-19,6451
4566,時碩工業,51,4,47,永全-南崁,2024-07-19,6451
2356,英業達,51,5,46,永全-南崁,2024-07-19,6451
2312,金寶,60,17,43,永全-南崁,2024-07-19,6451
3706,神達,45,3,42,永全-南崁,2024-07-19,6451
2882,國泰金,41,0,41,永全-南崁,2024-07-19,6451
00940,元大台灣價值高息,38,2,36,永全-南崁,2024-07-19,6451
1802,台玻,30,0,30,永全-南崁,2024-07-19,6451
2852,第一保,30,0,30,永全-南崁,2024-07-19,6451
6770,力積電,30,0,30,永全-南崁,2024-07-19,6451
00937B,群益ESG投等債20,29,0,29,永全-南崁,2024-07-19,6451
2330,台積電,29,1,28,永全-南崁,2024-07-19,6451
2408,南亞科,30,2,28,永全-南崁,2024-07-19,6451
2387,精元,30,5,25,永全-南崁,2024-07-19,6451
8163,達方,25,0,25,永全-南崁,2024-07-19,6451
2317,鴻海,34,9,25,永全-南崁,2024-07-19,6451
3380,明泰,31,8,23,永全-南崁,2024-07-19,6451
6125,廣運,24,2,22,永全-南崁,2024-07-19,6451
1605,華新,21,0,21,永全-南崁,2024-07-19,6451
00945B,凱基美國非投等債,20,0,20,永全-南崁,2024-07-19,6451
2467,志聖,20,0,20,永全-南崁,2024-07-19,6451
8183,精星,20,0,20,永全-南崁,2024-07-19,6451
1785,光洋科,23,4,19,永全-南崁,2024-07-19,6451
3037,欣興,27,10,17,永全-南崁,2024-07-19,6451
3006,晶豪科,16,0,16,永全-南崁,2024-07-19,6451
00941,中信上游半導體,16,0,16,永全-南崁,2024-07-19,6451
2820,華票,15,0,15,永全-南崁,2024-07-19,6451
3607,谷崧,15,0,15,永全-南崁,2024-07-19,6451
9105,泰金寶-DR,316,5,311,永全-南崁,2024-07-22,6451
00929,復華台灣科技優息,341,166,175,永全-南崁,2024-07-22,6451
4916,事欣科,167,5,162,永全-南崁,2024-07-22,6451
2382,廣達,145,0,145,永全-南崁,2024-07-22,6451
5512,力麒,121,32,89,永全-南崁,2024-07-22,6451
3450,聯鈞,73,2,71,永全-南崁,2024-07-22,6451
3231,緯創,70,2,68,永全-南崁,2024-07-22,6451
00940,元大台灣價值高息,70,4,66,永全-南崁,2024-07-22,6451
2349,錸德,60,0,60,永全-南崁,2024-07-22,6451
2409,友達,56,0,56,永全-南崁,2024-07-22,6451
0056,元大高股息,57,2,55,永全-南崁,2024-07-22,6451
2312,金寶,77,24,53,永全-南崁,2024-07-22,6451
00902,中信電池及儲能,51,0,51,永全-南崁,2024-07-22,6451
8064,東捷,55,4,51,永全-南崁,2024-07-22,6451
3663,鑫科,50,0,50,永全-南崁,2024-07-22,6451
00878,國泰永續高股息,76,28,48,永全-南崁,2024-07-22,6451
4510,高鋒,45,0,45,永全-南崁,2024-07-22,6451
3580,友威科,52,8,44,永全-南崁,2024-07-22,6451
2354,鴻準,45,2,43,永全-南崁,2024-07-22,6451
2610,華航,67,27,40,永全-南崁,2024-07-22,6451
2489,瑞軒,34,1,33,永全-南崁,2024-07-22,6451
1802,台玻,30,0,30,永全-南崁,2024-07-22,6451
2882,國泰金,28,1,27,永全-南崁,2024-07-22,6451
3324,雙鴻,36,9,27,永全-南崁,2024-07-22,6451
1527,鑽全,26,0,26,永全-南崁,2024-07-22,6451
3264,欣銓,22,0,22,永全-南崁,2024-07-22,6451
2313,華通,23,2,21,永全-南崁,2024-07-22,6451
4123,晟德,21,0,21,永全-南崁,2024-07-22,6451
6117,迎廣,21,0,21,永全-南崁,2024-07-22,6451
6901,鑽石投資,22,1,21,永全-南崁,2024-07-22,6451
2371,大同,23,3,20,永全-南崁,2024-07-22,6451
2845,遠東銀,20,0,20,永全-南崁,2024-07-22,6451
2883,凱基金,21,1,20,永全-南崁,2024-07-22,6451
3259,鑫創,20,0,20,永全-南崁,2024-07-22,6451
5230,雷笛克光學,20,0,20,永全-南崁,2024-07-22,6451
6120,達運,20,0,20,永全-南崁,2024-07-22,6451
0050,元大台灣50,20,1,19,永全-南崁,2024-07-22,6451
2353,宏��,18,0,18,永全-南崁,2024-07-22,6451
00934,中信成長高股息,25,10,15,永全-南崁,2024-07-22,6451
1522,堤維西,15,0,15,永全-南崁,2024-07-22,6451
8046,南電,15,0,15,永全-南崁,2024-07-22,6451
2356,英業達,19,5,14,永全-南崁,2024-07-22,6451
2618,長榮航,26,12,14,永全-南崁,2024-07-22,6451
6290,良維,14,0,14,永全-南崁,2024-07-22,6451
00918,大華優利高填息30,13,0,13,永全-南崁,2024-07-22,6451
2344,華邦電,13,0,13,永全-南崁,2024-07-22,6451
8473,山林水,35,22,13,永全-南崁,2024-07-22,6451
00725B,國泰投資級公司債,12,0,12,永全-南崁,2024-07-22,6451
1540,喬福,32,20,12,永全-南崁,2024-07-22,6451
2323,中環,12,0,12,永全-南崁,2024-07-22,6451
4726,永昕,100,0,100,永全-南崁,2024-07-23,6451
00637L,元大滬深300正2,90,0,90,永全-南崁,2024-07-23,6451
00919,群益台灣精選高息,81,0,81,永全-南崁,2024-07-23,6451
2482,連宇,58,0,58,永全-南崁,2024-07-23,6451
3481,群創,51,0,51,永全-南崁,2024-07-23,6451
00950B,凱基A級公司債,50,0,50,永全-南崁,2024-07-23,6451
1440,南紡,50,0,50,永全-南崁,2024-07-23,6451
00947,台新臺灣IC設計,31,0,31,永全-南崁,2024-07-23,6451
2408,南亞科,31,2,29,永全-南崁,2024-07-23,6451
00878,國泰永續高股息,27,2,25,永全-南崁,2024-07-23,6451
6191,精成科,25,0,25,永全-南崁,2024-07-23,6451
6462,神盾,26,2,24,永全-南崁,2024-07-23,6451
2609,陽明,57,33,24,永全-南崁,2024-07-23,6451
6116,彩晶,24,0,24,永全-南崁,2024-07-23,6451
1314,中石化,26,5,21,永全-南崁,2024-07-23,6451
2618,長榮航,91,70,21,永全-南崁,2024-07-23,6451
00891,中信關鍵半導體,20,0,20,永全-南崁,2024-07-23,6451
3548,兆利,20,0,20,永全-南崁,2024-07-23,6451
8271,宇瞻,20,0,20,永全-南崁,2024-07-23,6451
6829,千附精密,21,2,19,永全-南崁,2024-07-23,6451
8054,安國,25,6,19,永全-南崁,2024-07-23,6451
2402,毅嘉,19,2,17,永全-南崁,2024-07-23,6451
3706,神達,16,0,16,永全-南崁,2024-07-23,6451
2542,興富發,15,0,15,永全-南崁,2024-07-23,6451
2409,友達,13,0,13,永全-南崁,2024-07-23,6451
2317,鴻海,17,5,12,永全-南崁,2024-07-23,6451
00679B,元大美債20年,11,0,11,永全-南崁,2024-07-23,6451
1301,台塑,11,0,11,永全-南崁,2024-07-23,6451
2312,金寶,22,11,11,永全-南崁,2024-07-23,6451
1316,上曜,10,0,10,永全-南崁,2024-07-23,6451
0056,元大高股息,10,0,10,永全-南崁,2024-07-23,6451
1611,中電,10,0,10,永全-南崁,2024-07-23,6451
2489,瑞軒,18,8,10,永全-南崁,2024-07-23,6451
3078,僑威,10,0,10,永全-南崁,2024-07-23,6451
3217,優群,10,0,10,永全-南崁,2024-07-23,6451
4401,東隆興,10,0,10,永全-南崁,2024-07-23,6451
4960,誠美材,10,0,10,永全-南崁,2024-07-23,6451
5230,雷笛克光學,10,0,10,永全-南崁,2024-07-23,6451
5490,同亨,10,0,10,永全-南崁,2024-07-23,6451
6163,華電網,11,1,10,永全-南崁,2024-07-23,6451
6167,久正,10,0,10,永全-南崁,2024-07-23,6451
6431,光麗-KY,10,0,10,永全-南崁,2024-07-23,6451
8112,至上,10,0,10,永全-南崁,2024-07-23,6451
9907,統一實,10,0,10,永全-南崁,2024-07-23,6451
1805,寶徠,12,3,9,永全-南崁,2024-07-23,6451
2891,中信金,9,0,9,永全-南崁,2024-07-23,6451
2365,昆盈,30,22,8,永全-南崁,2024-07-23,6451
00905,FT臺灣Smart,8,0,8,永全-南崁,2024-07-23,6451
1609,大亞,14,6,8,永全-南崁,2024-07-23,6451
2332,友訊,10,2,8,永全-南崁,2024-07-23,6451
9105,泰金寶-DR,350,79,271,永全-南崁,2024-07-26,6451
2538,基泰,265,0,265,永全-南崁,2024-07-26,6451
2888,新光金,223,0,223,永全-南崁,2024-07-26,6451
00878,國泰永續高股息,100,0,100,永全-南崁,2024-07-26,6451
2520,冠德,71,0,71,永全-南崁,2024-07-26,6451
2349,錸德,64,0,64,永全-南崁,2024-07-26,6451
3663,鑫科,55,1,54,永全-南崁,2024-07-26,6451
3231,緯創,55,3,52,永全-南崁,2024-07-26,6451
2897,王道銀行,50,0,50,永全-南崁,2024-07-26,6451
8064,東捷,56,6,50,永全-南崁,2024-07-26,6451
00919,群益台灣精選高息,54,5,49,永全-南崁,2024-07-26,6451
00929,復華台灣科技優息,394,346,48,永全-南崁,2024-07-26,6451
2609,陽明,53,7,46,永全-南崁,2024-07-26,6451
2382,廣達,55,10,45,永全-南崁,2024-07-26,6451
6684,安格,40,0,40,永全-南崁,2024-07-26,6451
00940,元大台灣價值高息,51,12,39,永全-南崁,2024-07-26,6451
2317,鴻海,52,17,35,永全-南崁,2024-07-26,6451
0056,元大高股息,41,6,35,永全-南崁,2024-07-26,6451
3324,雙鴻,36,1,35,永全-南崁,2024-07-26,6451
2330,台積電,54,23,31,永全-南崁,2024-07-26,6451
1216,統一,30,0,30,永全-南崁,2024-07-26,6451
1312,國喬,30,0,30,永全-南崁,2024-07-26,6451
2312,金寶,51,21,30,永全-南崁,2024-07-26,6451
00905,FT臺灣Smart,26,0,26,永全-南崁,2024-07-26,6451
2408,南亞科,24,0,24,永全-南崁,2024-07-26,6451
2303,聯電,28,5,23,永全-南崁,2024-07-26,6451
1609,大亞,47,25,22,永全-南崁,2024-07-26,6451
5519,隆大,22,0,22,永全-南崁,2024-07-26,6451
2852,第一保,21,0,21,永全-南崁,2024-07-26,6451
2903,遠百,20,0,20,永全-南崁,2024-07-26,6451
4909,新復興,20,0,20,永全-南崁,2024-07-26,6451
0050,元大台灣50,18,0,18,永全-南崁,2024-07-26,6451
1702,南僑,20,2,18,永全-南崁,2024-07-26,6451
2365,昆盈,37,19,18,永全-南崁,2024-07-26,6451
1522,堤維西,17,0,17,永全-南崁,2024-07-26,6451
3673,TPK-KY,21,4,17,永全-南崁,2024-07-26,6451
2884,玉山金,15,0,15,永全-南崁,2024-07-26,6451
00687B,國泰20年美債,14,0,14,永全-南崁,2024-07-26,6451
1540,喬福,277,264,13,永全-南崁,2024-07-26,6451
2603,長榮,16,4,12,永全-南崁,2024-07-26,6451
00751B,元大AAA至A公司債,12,0,12,永全-南崁,2024-07-26,6451
1319,東陽,14,2,12,永全-南崁,2024-07-26,6451
2374,佳能,12,0,12,永全-南崁,2024-07-26,6451
2885,元大金,12,0,12,永全-南崁,2024-07-26,6451
00893,國泰智能電動車,11,0,11,永全-南崁,2024-07-26,6451
00937B,群益ESG投等債20,11,0,11,永全-南崁,2024-07-26,6451
2344,華邦電,11,0,11,永全-南崁,2024-07-26,6451
1101,台泥,12,2,10,永全-南崁,2024-07-26,6451
00941,中信上游半導體,10,0,10,永全-南崁,2024-07-26,6451
00946,群益科技高息成長,14,4,10,永全-南崁,2024-07-26,6451
2867,三商壽,500,0,500,永全-南崁,2024-07-29,6451
00929,復華台灣科技優息,75,0,75,永全-南崁,2024-07-29,6451
9105,泰金寶-DR,70,0,70,永全-南崁,2024-07-29,6451
8054,安國,137,71,66,永全-南崁,2024-07-29,6451
00940,元大台灣價值高息,62,1,61,永全-南崁,2024-07-29,6451
4726,永昕,52,0,52,永全-南崁,2024-07-29,6451
00947,台新臺灣IC設計,50,0,50,永全-南崁,2024-07-29,6451
3481,群創,61,14,47,永全-南崁,2024-07-29,6451
9904,寶成,40,0,40,永全-南崁,2024-07-29,6451
3231,緯創,38,0,38,永全-南崁,2024-07-29,6451
4909,新復興,39,1,38,永全-南崁,2024-07-29,6451
00934,中信成長高股息,37,0,37,永全-南崁,2024-07-29,6451
2363,矽統,40,6,34,永全-南崁,2024-07-29,6451
3673,TPK-KY,43,10,33,永全-南崁,2024-07-29,6451
00676R,富邦臺灣加權反1,30,0,30,永全-南崁,2024-07-29,6451
8110,華東,30,0,30,永全-南崁,2024-07-29,6451
6163,華電網,27,0,27,永全-南崁,2024-07-29,6451
2356,英業達,36,11,25,永全-南崁,2024-07-29,6451
6116,彩晶,23,0,23,永全-南崁,2024-07-29,6451
2371,大同,20,0,20,永全-南崁,2024-07-29,6451
2390,云辰,20,0,20,永全-南崁,2024-07-29,6451
4716,大立,20,0,20,永全-南崁,2024-07-29,6451
6120,達運,20,0,20,永全-南崁,2024-07-29,6451
2303,聯電,21,2,19,永全-南崁,2024-07-29,6451
3035,智原,20,1,19,永全-南崁,2024-07-29,6451
2409,友達,18,0,18,永全-南崁,2024-07-29,6451
2609,陽明,17,0,17,永全-南崁,2024-07-29,6451
3037,欣興,26,9,17,永全-南崁,2024-07-29,6451
8028,昇陽半導體,19,2,17,永全-南崁,2024-07-29,6451
00637L,元大滬深300正2,16,0,16,永全-南崁,2024-07-29,6451
00878,國泰永續高股息,26,10,16,永全-南崁,2024-07-29,6451
3322,建舜電,16,0,16,永全-南崁,2024-07-29,6451
5519,隆大,16,0,16,永全-南崁,2024-07-29,6451
2374,佳能,15,0,15,永全-南崁,2024-07-29,6451
6125,廣運,14,0,14,永全-南崁,2024-07-29,6451
1789,神隆,13,0,13,永全-南崁,2024-07-29,6451
3545,敦泰,13,0,13,永全-南崁,2024-07-29,6451
00715L,期街口布蘭特正2,12,0,12,永全-南崁,2024-07-29,6451
2367,燿華,16,4,12,永全-南崁,2024-07-29,6451
6770,力積電,14,2,12,永全-南崁,2024-07-29,6451
3293,鈊象,17,6,11,永全-南崁,2024-07-29,6451
00850,元大臺灣ESG永續,11,0,11,永全-南崁,2024-07-29,6451
6457,紘康,11,0,11,永全-南崁,2024-07-29,6451
1532,勤美,10,0,10,永全-南崁,2024-07-29,6451
1514,亞力,23,13,10,永全-南崁,2024-07-29,6451
1529,樂事綠能,10,0,10,永全-南崁,2024-07-29,6451
2892,第一金,10,0,10,永全-南崁,2024-07-29,6451
3045,台灣大,10,0,10,永全-南崁,2024-07-29,6451
4566,時碩工業,23,13,10,永全-南崁,2024-07-29,6451
0056,元大高股息,15,6,9,永全-南崁,2024-07-29,6451
00940,元大台灣價值高息,205,0,205,永全-南崁,2024-07-30,6451
00929,復華台灣科技優息,172,19,153,永全-南崁,2024-07-30,6451
00637L,元大滬深300正2,117,0,117,永全-南崁,2024-07-30,6451
3518,柏騰,100,5,95,永全-南崁,2024-07-30,6451
2888,新光金,100,10,90,永全-南崁,2024-07-30,6451
5515,建國,90,0,90,永全-南崁,2024-07-30,6451
6016,康和證,90,0,90,永全-南崁,2024-07-30,6451
2312,金寶,51,1,50,永全-南崁,2024-07-30,6451
3580,友威科,50,1,49,永全-南崁,2024-07-30,6451
5443,均豪,47,16,31,永全-南崁,2024-07-30,6451
1316,上曜,30,0,30,永全-南崁,2024-07-30,6451
9904,寶成,30,0,30,永全-南崁,2024-07-30,6451
2887,台新金,63,38,25,永全-南崁,2024-07-30,6451
00946,群益科技高息成長,21,0,21,永全-南崁,2024-07-30,6451
00878,國泰永續高股息,26,5,21,永全-南崁,2024-07-30,6451
00687B,國泰20年美債,20,0,20,永全-南崁,2024-07-30,6451
2618,長榮航,31,11,20,永全-南崁,2024-07-30,6451
3167,大量,20,0,20,永全-南崁,2024-07-30,6451
2070,精湛,20,1,19,永全-南崁,2024-07-30,6451
2317,鴻海,21,3,18,永全-南崁,2024-07-30,6451
2344,華邦電,14,0,14,永全-南崁,2024-07-30,6451
2486,一詮,16,2,14,永全-南崁,2024-07-30,6451
3171,炎洲流通,13,0,13,永全-南崁,2024-07-30,6451
1503,士電,14,3,11,永全-南崁,2024-07-30,6451
2303,聯電,11,0,11,永全-南崁,2024-07-30,6451
2903,遠百,11,0,11,永全-南崁,2024-07-30,6451
00919,群益台灣精選高息,11,0,11,永全-南崁,2024-07-30,6451
1216,統一,10,0,10,永全-南崁,2024-07-30,6451
00679B,元大美債20年,10,0,10,永全-南崁,2024-07-30,6451
00948B,中信優息投資級債,10,0,10,永全-南崁,2024-07-30,6451
1904,正隆,10,0,10,永全-南崁,2024-07-30,6451
2387,精元,10,0,10,永全-南崁,2024-07-30,6451
2845,遠東銀,10,0,10,永全-南崁,2024-07-30,6451
3047,訊舟,29,19,10,永全-南崁,2024-07-30,6451
4927,泰鼎-KY,10,0,10,永全-南崁,2024-07-30,6451
8028,昇陽半導體,16,6,10,永全-南崁,2024-07-30,6451
2363,矽統,21,12,9,永全-南崁,2024-07-30,6451
3443,創意,8,0,8,永全-南崁,2024-07-30,6451
3481,群創,9,2,7,永全-南崁,2024-07-30,6451
6120,達運,7,0,7,永全-南崁,2024-07-30,6451
1529,樂事綠能,7,1,6,永全-南崁,2024-07-30,6451
2324,仁寶,6,0,6,永全-南崁,2024-07-30,6451
2392,正崴,7,1,6,永全-南崁,2024-07-30,6451
2408,南亞科,6,0,6,永全-南崁,2024-07-30,6451
6741,91APP*-KY,6,0,6,永全-南崁,2024-07-30,6451
8358,金居,6,0,6,永全-南崁,2024-07-30,6451
3015,全漢,5,0,5,永全-南崁,2024-07-30,6451
1314,中石化,5,0,5,永全-南崁,2024-07-30,6451
00936,台新永續高息中小,5,0,5,永全-南崁,2024-07-30,6451
00655L,國泰中國A50正2,5,0,5,永全-南崁,2024-07-30,6451
2520,冠德,204,24,180,永全-南崁,2024-07-31,6451
2409,友達,109,6,103,永全-南崁,2024-07-31,6451
2349,錸德,70,19,51,永全-南崁,2024-07-31,6451
8064,東捷,74,23,51,永全-南崁,2024-07-31,6451
3605,宏致,50,10,40,永全-南崁,2024-07-31,6451
00687B,國泰20年美債,35,0,35,永全-南崁,2024-07-31,6451
2014,中鴻,35,10,25,永全-南崁,2024-07-31,6451
2883,凱基金,35,10,25,永全-南崁,2024-07-31,6451
6190,萬泰科,25,0,25,永全-南崁,2024-07-31,6451
2070,精湛,22,1,21,永全-南崁,2024-07-31,6451
8054,安國,41,20,21,永全-南崁,2024-07-31,6451
00679B,元大美債20年,30,10,20,永全-南崁,2024-07-31,6451
00857B,永豐20年美公債,20,0,20,永全-南崁,2024-07-31,6451
1611,中電,20,0,20,永全-南崁,2024-07-31,6451
2359,所羅門,20,0,20,永全-南崁,2024-07-31,6451
2882,國泰金,20,5,15,永全-南崁,2024-07-31,6451
3037,欣興,23,10,13,永全-南崁,2024-07-31,6451
3047,訊舟,92,79,13,永全-南崁,2024-07-31,6451
2891,中信金,11,0,11,永全-南崁,2024-07-31,6451
3209,全科,11,0,11,永全-南崁,2024-07-31,6451
4933,友輝,12,1,11,永全-南崁,2024-07-31,6451
2204,中華,11,0,11,永全-南崁,2024-07-31,6451
00878,國泰永續高股息,10,0,10,永全-南崁,2024-07-31,6451
00948B,中信優息投資級債,10,0,10,永全-南崁,2024-07-31,6451
2313,華通,11,1,10,永全-南崁,2024-07-31,6451
3006,晶豪科,10,0,10,永全-南崁,2024-07-31,6451
3022,威強電,10,0,10,永全-南崁,2024-07-31,6451
3211,順達,11,1,10,永全-南崁,2024-07-31,6451
5490,同亨,10,0,10,永全-南崁,2024-07-31,6451
8039,台虹,10,0,10,永全-南崁,2024-07-31,6451
00919,群益台灣精選高息,10,1,9,永全-南崁,2024-07-31,6451
4510,高鋒,10,1,9,永全-南崁,2024-07-31,6451
8085,福華,10,1,9,永全-南崁,2024-07-31,6451
00715L,期街口布蘭特正2,8,0,8,永全-南崁,2024-07-31,6451
00934,中信成長高股息,8,0,8,永全-南崁,2024-07-31,6451
1605,華新,8,0,8,永全-南崁,2024-07-31,6451
2492,華新科,18,10,8,永全-南崁,2024-07-31,6451
1216,統一,6,0,6,永全-南崁,2024-07-31,6451
2885,元大金,6,0,6,永全-南崁,2024-07-31,6451
3105,穩懋,7,1,6,永全-南崁,2024-07-31,6451
8028,昇陽半導體,11,5,6,永全-南崁,2024-07-31,6451
9902,台火,6,0,6,永全-南崁,2024-07-31,6451
8926,台汽電,5,0,5,永全-南崁,2024-07-31,6451
00946,群益科技高息成長,5,0,5,永全-南崁,2024-07-31,6451
1727,中華化,5,0,5,永全-南崁,2024-07-31,6451
2027,大成鋼,5,0,5,永全-南崁,2024-07-31,6451
2230,泰茂,5,0,5,永全-南崁,2024-07-31,6451
2236,百達-KY,6,1,5,永全-南崁,2024-07-31,6451
2369,菱生,5,0,5,永全-南崁,2024-07-31,6451
2406,國碩,5,0,5,永全-南崁,2024-07-31,6451
2344,華邦電,61,5,56,永全-南崁,2024-08-01,6451
00933B,國泰10Y+金融債,50,0,50,永全-南崁,2024-08-01,6451
00632R,元大台灣50反1,50,0,50,永全-南崁,2024-08-01,6451
2834,臺企銀,50,0,50,永全-南崁,2024-08-01,6451
2062,橋椿,130,81,49,永全-南崁,2024-08-01,6451
2887,台新金,40,0,40,永全-南崁,2024-08-01,6451
00878,國泰永續高股息,45,8,37,永全-南崁,2024-08-01,6451
3024,憶聲,36,0,36,永全-南崁,2024-08-01,6451
2337,旺宏,125,92,33,永全-南崁,2024-08-01,6451
2409,友達,32,0,32,永全-南崁,2024-08-01,6451
5272,笙科,30,0,30,永全-南崁,2024-08-01,6451
3163,波若威,34,6,28,永全-南崁,2024-08-01,6451
00680L,元大美債20正2,26,0,26,永全-南崁,2024-08-01,6451
00929,復華台灣科技優息,25,4,21,永全-南崁,2024-08-01,6451
1326,台化,20,0,20,永全-南崁,2024-08-01,6451
00857B,永豐20年美公債,20,0,20,永全-南崁,2024-08-01,6451
00676R,富邦臺灣加權反1,20,0,20,永全-南崁,2024-08-01,6451
8107,大億金茂,20,0,20,永全-南崁,2024-08-01,6451
00637L,元大滬深300正2,23,5,18,永全-南崁,2024-08-01,6451
9908,大台北,18,0,18,永全-南崁,2024-08-01,6451
00940,元大台灣價值高息,20,4,16,永全-南崁,2024-08-01,6451
6239,力成,15,1,14,永全-南崁,2024-08-01,6451
00934,中信成長高股息,11,0,11,永全-南崁,2024-08-01,6451
2489,瑞軒,24,13,11,永全-南崁,2024-08-01,6451
6257,矽格,13,2,11,永全-南崁,2024-08-01,6451
1210,大成,10,0,10,永全-南崁,2024-08-01,6451
00951,台新日本半導體,10,0,10,永全-南崁,2024-08-01,6451
2324,仁寶,10,0,10,永全-南崁,2024-08-01,6451
3017,奇鋐,13,3,10,永全-南崁,2024-08-01,6451
3081,聯亞,10,0,10,永全-南崁,2024-08-01,6451
5230,雷笛克光學,10,0,10,永全-南崁,2024-08-01,6451
6167,久正,10,0,10,永全-南崁,2024-08-01,6451
8011,台通,12,2,10,永全-南崁,2024-08-01,6451
8039,台虹,10,0,10,永全-南崁,2024-08-01,6451
6806,森崴能源,10,0,10,永全-南崁,2024-08-01,6451
00919,群益台灣精選高息,9,0,9,永全-南崁,2024-08-01,6451
1708,東鹼,9,0,9,永全-南崁,2024-08-01,6451
2376,技嘉,10,1,9,永全-南崁,2024-08-01,6451
00679B,元大美債20年,8,0,8,永全-南崁,2024-08-01,6451
3047,訊舟,25,17,8,永全-南崁,2024-08-01,6451
2363,矽統,26,19,7,永全-南崁,2024-08-01,6451
9958,世紀鋼,7,1,6,永全-南崁,2024-08-01,6451
2486,一詮,8,2,6,永全-南崁,2024-08-01,6451
2891,中信金,6,0,6,永全-南崁,2024-08-01,6451
00687B,國泰20年美債,5,0,5,永全-南崁,2024-08-01,6451
00918,大華優利高填息30,5,0,5,永全-南崁,2024-08-01,6451
00904,新光臺灣半導體30,5,0,5,永全-南崁,2024-08-01,6451
00891,中信關鍵半導體,5,0,5,永全-南崁,2024-08-01,6451
2354,鴻準,5,0,5,永全-南崁,2024-08-01,6451
2377,微星,5,0,5,永全-南崁,2024-08-01,6451
00947,台新臺灣IC設計,301,0,301,永全-南崁,2024-08-02,6451
2520,冠德,307,21,286,永全-南崁,2024-08-02,6451
00919,群益台灣精選高息,288,50,238,永全-南崁,2024-08-02,6451
00680L,元大美債20正2,200,20,180,永全-南崁,2024-08-02,6451
00929,復華台灣科技優息,185,29,156,永全-南崁,2024-08-02,6451
00878,國泰永續高股息,147,0,147,永全-南崁,2024-08-02,6451
00948B,中信優息投資級債,120,0,120,永全-南崁,2024-08-02,6451
1528,恩德,111,0,111,永全-南崁,2024-08-02,6451
2887,台新金,102,0,102,永全-南崁,2024-08-02,6451
2317,鴻海,114,15,99,永全-南崁,2024-08-02,6451
4564,元翎,100,2,98,永全-南崁,2024-08-02,6451
00940,元大台灣價值高息,104,7,97,永全-南崁,2024-08-02,6451
2382,廣達,71,12,59,永全-南崁,2024-08-02,6451
3663,鑫科,56,2,54,永全-南崁,2024-08-02,6451
00951,台新日本半導體,52,0,52,永全-南崁,2024-08-02,6451
00900,富邦特選高股息30,49,0,49,永全-南崁,2024-08-02,6451
2365,昆盈,123,81,42,永全-南崁,2024-08-02,6451
3037,欣興,50,8,42,永全-南崁,2024-08-02,6451
5512,力麒,41,0,41,永全-南崁,2024-08-02,6451
2637,慧洋-KY,40,0,40,永全-南崁,2024-08-02,6451
2368,金像電,39,2,37,永全-南崁,2024-08-02,6451
2891,中信金,34,0,34,永全-南崁,2024-08-02,6451
00892,富邦台灣半導體,30,0,30,永全-南崁,2024-08-02,6451
00712,復華富時不動產,30,0,30,永全-南崁,2024-08-02,6451
2330,台積電,33,5,28,永全-南崁,2024-08-02,6451
2834,臺企銀,49,23,26,永全-南崁,2024-08-02,6451
1301,台塑,22,0,22,永全-南崁,2024-08-02,6451
2313,華通,34,12,22,永全-南崁,2024-08-02,6451
2337,旺宏,26,5,21,永全-南崁,2024-08-02,6451
2356,英業達,21,0,21,永全-南崁,2024-08-02,6451
2390,云辰,20,0,20,永全-南崁,2024-08-02,6451
4716,大立,20,0,20,永全-南崁,2024-08-02,6451
8215,明基材,20,0,20,永全-南崁,2024-08-02,6451
0056,元大高股息,27,10,17,永全-南崁,2024-08-02,6451
00936,台新永續高息中小,19,2,17,永全-南崁,2024-08-02,6451
6770,力積電,20,3,17,永全-南崁,2024-08-02,6451
6257,矽格,16,0,16,永全-南崁,2024-08-02,6451
2537,聯上發,15,0,15,永全-南崁,2024-08-02,6451
3024,憶聲,17,2,15,永全-南崁,2024-08-02,6451
00679B,元大美債20年,14,0,14,永全-南崁,2024-08-02,6451
0050,元大台灣50,14,0,14,永全-南崁,2024-08-02,6451
3231,緯創,20,6,14,永全-南崁,2024-08-02,6451
00946,群益科技高息成長,14,0,14,永全-南崁,2024-08-02,6451
1611,中電,20,6,14,永全-南崁,2024-08-02,6451
2349,錸德,29,15,14,永全-南崁,2024-08-02,6451
00934,中信成長高股息,23,10,13,永全-南崁,2024-08-02,6451
3324,雙鴻,22,9,13,永全-南崁,2024-08-02,6451
00881,國泰台灣5G+,13,0,13,永全-南崁,2024-08-02,6451
2408,南亞科,13,0,13,永全-南崁,2024-08-02,6451
5484,慧友,13,0,13,永全-南崁,2024-08-02,6451
9105,泰金寶-DR,260,0,260,永全-南崁,2024-08-05,6451
2887,台新金,193,6,187,永全-南崁,2024-08-05,6451
00940,元大台灣價值高息,237,60,177,永全-南崁,2024-08-05,6451
1314,中石化,167,0,167,永全-南崁,2024-08-05,6451
00878,國泰永續高股息,130,3,127,永全-南崁,2024-08-05,6451
00929,復華台灣科技優息,317,207,110,永全-南崁,2024-08-05,6451
2409,友達,124,40,84,永全-南崁,2024-08-05,6451
2609,陽明,113,39,74,永全-南崁,2024-08-05,6451
00947,台新臺灣IC設計,70,0,70,永全-南崁,2024-08-05,6451
3481,群創,58,0,58,永全-南崁,2024-08-05,6451
2317,鴻海,71,15,56,永全-南崁,2024-08-05,6451
00918,大華優利高填息30,86,30,56,永全-南崁,2024-08-05,6451
2882,國泰金,55,2,53,永全-南崁,2024-08-05,6451
00951,台新日本半導體,50,0,50,永全-南崁,2024-08-05,6451
5608,四維航,60,15,45,永全-南崁,2024-08-05,6451
2002,中鋼,44,1,43,永全-南崁,2024-08-05,6451
2337,旺宏,157,114,43,永全-南崁,2024-08-05,6451
6163,華電網,40,0,40,永全-南崁,2024-08-05,6451
6116,彩晶,38,0,38,永全-南崁,2024-08-05,6451
3673,TPK-KY,36,0,36,永全-南崁,2024-08-05,6451
1802,台玻,33,0,33,永全-南崁,2024-08-05,6451
2892,第一金,32,0,32,永全-南崁,2024-08-05,6451
2303,聯電,40,10,30,永全-南崁,2024-08-05,6451
00932,兆豐永續高息等權,30,0,30,永全-南崁,2024-08-05,6451
2323,中環,30,0,30,永全-南崁,2024-08-05,6451
3149,正達,30,0,30,永全-南崁,2024-08-05,6451
6016,康和證,30,0,30,永全-南崁,2024-08-05,6451
00679B,元大美債20年,29,0,29,永全-南崁,2024-08-05,6451
2382,廣達,48,21,27,永全-南崁,2024-08-05,6451
2301,光寶科,31,6,25,永全-南崁,2024-08-05,6451
2312,金寶,27,3,24,永全-南崁,2024-08-05,6451
6120,達運,22,0,22,永全-南崁,2024-08-05,6451
00850,元大臺灣ESG永續,21,0,21,永全-南崁,2024-08-05,6451
5512,力麒,26,5,21,永全-南崁,2024-08-05,6451
9944,新麗,30,9,21,永全-南崁,2024-08-05,6451
2313,華通,21,1,20,永全-南崁,2024-08-05,6451
1611,中電,20,0,20,永全-南崁,2024-08-05,6451
2390,云辰,20,0,20,永全-南崁,2024-08-05,6451
4543,萬在,20,0,20,永全-南崁,2024-08-05,6451
4909,新復興,22,2,20,永全-南崁,2024-08-05,6451
6603,富強鑫,20,0,20,永全-南崁,2024-08-05,6451
2330,台積電,37,18,19,永全-南崁,2024-08-05,6451
00934,中信成長高股息,19,0,19,永全-南崁,2024-08-05,6451
2834,臺企銀,20,2,18,永全-南崁,2024-08-05,6451
2379,瑞昱,18,0,18,永全-南崁,2024-08-05,6451
00919,群益台灣精選高息,59,43,16,永全-南崁,2024-08-05,6451
2801,彰銀,16,0,16,永全-南崁,2024-08-05,6451
4716,大立,15,0,15,永全-南崁,2024-08-05,6451
8050,廣積,15,0,15,永全-南崁,2024-08-05,6451
2883,凱基金,20,6,14,永全-南崁,2024-08-05,6451
3481,群創,236,15,221,永全-南崁,2024-08-06,6451
2887,台新金,201,1,200,永全-南崁,2024-08-06,6451
00632R,元大台灣50反1,152,0,152,永全-南崁,2024-08-06,6451
00947,台新臺灣IC設計,132,0,132,永全-南崁,2024-08-06,6451
2353,宏��,105,2,103,永全-南崁,2024-08-06,6451
1540,喬福,114,31,83,永全-南崁,2024-08-06,6451
00673R,期元大S＆P原油反1,50,0,50,永全-南崁,2024-08-06,6451
2312,金寶,70,24,46,永全-南崁,2024-08-06,6451
00940,元大台灣價值高息,48,8,40,永全-南崁,2024-08-06,6451
0056,元大高股息,40,0,40,永全-南崁,2024-08-06,6451
2317,鴻海,60,25,35,永全-南崁,2024-08-06,6451
00687B,國泰20年美債,116,81,35,永全-南崁,2024-08-06,6451
00936,台新永續高息中小,32,0,32,永全-南崁,2024-08-06,6451
2615,萬海,34,3,31,永全-南崁,2024-08-06,6451
1815,富喬,35,5,30,永全-南崁,2024-08-06,6451
2606,裕民,31,1,30,永全-南崁,2024-08-06,6451
00680L,元大美債20正2,25,0,25,永全-南崁,2024-08-06,6451
2356,英業達,31,10,21,永全-南崁,2024-08-06,6451
00934,中信成長高股息,30,10,20,永全-南崁,2024-08-06,6451
00676R,富邦臺灣加權反1,20,0,20,永全-南崁,2024-08-06,6451
00713,元大台灣高息低波,20,5,15,永全-南崁,2024-08-06,6451
3022,威強電,15,0,15,永全-南崁,2024-08-06,6451
1795,美時,14,0,14,永全-南崁,2024-08-06,6451
6446,藥華藥,15,1,14,永全-南崁,2024-08-06,6451
2332,友訊,13,0,13,永全-南崁,2024-08-06,6451
2891,中信金,13,0,13,永全-南崁,2024-08-06,6451
2882,國泰金,22,10,12,永全-南崁,2024-08-06,6451
3071,協禧,12,0,12,永全-南崁,2024-08-06,6451
3545,敦泰,12,0,12,永全-南崁,2024-08-06,6451
3037,欣興,21,11,10,永全-南崁,2024-08-06,6451
1216,統一,10,0,10,永全-南崁,2024-08-06,6451
2349,錸德,10,0,10,永全-南崁,2024-08-06,6451
2834,臺企銀,10,0,10,永全-南崁,2024-08-06,6451
2881,富邦金,10,0,10,永全-南崁,2024-08-06,6451
3305,昇貿,10,0,10,永全-南崁,2024-08-06,6451
3450,聯鈞,13,3,10,永全-南崁,2024-08-06,6451
5490,同亨,10,0,10,永全-南崁,2024-08-06,6451
8050,廣積,12,2,10,永全-南崁,2024-08-06,6451
4119,旭富,9,0,9,永全-南崁,2024-08-06,6451
6139,亞翔,12,3,9,永全-南崁,2024-08-06,6451
00637L,元大滬深300正2,208,200,8,永全-南崁,2024-08-06,6451
1314,中石化,11,3,8,永全-南崁,2024-08-06,6451
1609,大亞,12,4,8,永全-南崁,2024-08-06,6451
2201,裕隆,8,0,8,永全-南崁,2024-08-06,6451
2376,技嘉,13,5,8,永全-南崁,2024-08-06,6451
3379,彬台,10,2,8,永全-南崁,2024-08-06,6451
6163,華電網,28,20,8,永全-南崁,2024-08-06,6451
1708,東鹼,13,6,7,永全-南崁,2024-08-06,6451
3293,鈊象,7,0,7,永全-南崁,2024-08-06,6451
4726,永昕,7,0,7,永全-南崁,2024-08-06,6451
00680L,元大美債20正2,165,0,165,永全-南崁,2024-08-07,6451
2062,橋椿,131,0,131,永全-南崁,2024-08-07,6451
00857B,永豐20年美公債,103,0,103,永全-南崁,2024-08-07,6451
4526,東台,101,0,101,永全-南崁,2024-08-07,6451
00885,富邦越南,100,0,100,永全-南崁,2024-08-07,6451
1714,和桐,100,0,100,永全-南崁,2024-08-07,6451
2409,友達,113,35,78,永全-南崁,2024-08-07,6451
1524,耿鼎,70,0,70,永全-南崁,2024-08-07,6451
4942,嘉彰,53,0,53,永全-南崁,2024-08-07,6451
8028,昇陽半導體,53,0,53,永全-南崁,2024-08-07,6451
2913,農林,50,0,50,永全-南崁,2024-08-07,6451
00929,復華台灣科技優息,71,22,49,永全-南崁,2024-08-07,6451
00679B,元大美債20年,57,13,44,永全-南崁,2024-08-07,6451
5880,合庫金,40,0,40,永全-南崁,2024-08-07,6451
3324,雙鴻,44,5,39,永全-南崁,2024-08-07,6451
6505,台塑化,40,1,39,永全-南崁,2024-08-07,6451
00948B,中信優息投資級債,31,0,31,永全-南崁,2024-08-07,6451
6546,正基,30,0,30,永全-南崁,2024-08-07,6451
1597,直得,35,7,28,永全-南崁,2024-08-07,6451
00933B,國泰10Y+金融債,25,0,25,永全-南崁,2024-08-07,6451
2317,鴻海,32,8,24,永全-南崁,2024-08-07,6451
2881,富邦金,25,2,23,永全-南崁,2024-08-07,6451
00687B,國泰20年美債,27,6,21,永全-南崁,2024-08-07,6451
00891,中信關鍵半導體,20,0,20,永全-南崁,2024-08-07,6451
1529,樂事綠能,23,3,20,永全-南崁,2024-08-07,6451
2399,映泰,20,0,20,永全-南崁,2024-08-07,6451
2537,聯上發,20,0,20,永全-南崁,2024-08-07,6451
3437,榮創,20,0,20,永全-南崁,2024-08-07,6451
00946,群益科技高息成長,19,0,19,永全-南崁,2024-08-07,6451
2355,敬鵬,20,1,19,永全-南崁,2024-08-07,6451
2615,萬海,58,39,19,永全-南崁,2024-08-07,6451
2888,新光金,25,6,19,永全-南崁,2024-08-07,6451
0056,元大高股息,17,0,17,永全-南崁,2024-08-07,6451
3017,奇鋐,22,5,17,永全-南崁,2024-08-07,6451
1540,喬福,66,52,14,永全-南崁,2024-08-07,6451
00940,元大台灣價值高息,27,14,13,永全-南崁,2024-08-07,6451
00632R,元大台灣50反1,33,20,13,永全-南崁,2024-08-07,6451
3231,緯創,27,14,13,永全-南崁,2024-08-07,6451
3481,群創,13,0,13,永全-南崁,2024-08-07,6451
6125,廣運,20,7,13,永全-南崁,2024-08-07,6451
2884,玉山金,12,0,12,永全-南崁,2024-08-07,6451
00713,元大台灣高息低波,10,0,10,永全-南崁,2024-08-07,6451
3041,揚智,10,0,10,永全-南崁,2024-08-07,6451
3230,錦明,10,0,10,永全-南崁,2024-08-07,6451
3037,欣興,18,9,9,永全-南崁,2024-08-07,6451
2610,華航,11,2,9,永全-南崁,2024-08-07,6451
8289,泰藝,9,0,9,永全-南崁,2024-08-07,6451
2609,陽明,94,86,8,永全-南崁,2024-08-07,6451
2618,長榮航,44,36,8,永全-南崁,2024-08-07,6451
6139,亞翔,9,1,8,永全-南崁,2024-08-07,6451
3481,群創,206,2,204,永全-南崁,2024-08-08,6451
00929,復華台灣科技優息,106,20,86,永全-南崁,2024-08-08,6451
2834,臺企銀,91,26,65,永全-南崁,2024-08-08,6451
00857B,永豐20年美公債,57,0,57,永全-南崁,2024-08-08,6451
2609,陽明,74,21,53,永全-南崁,2024-08-08,6451
2891,中信金,101,50,51,永全-南崁,2024-08-08,6451
3663,鑫科,57,8,49,永全-南崁,2024-08-08,6451
6215,和椿,55,7,48,永全-南崁,2024-08-08,6451
2615,萬海,75,29,46,永全-南崁,2024-08-08,6451
8028,昇陽半導體,104,66,38,永全-南崁,2024-08-08,6451
2337,旺宏,33,3,30,永全-南崁,2024-08-08,6451
00687B,國泰20年美債,29,0,29,永全-南崁,2024-08-08,6451
2317,鴻海,40,13,27,永全-南崁,2024-08-08,6451
00937B,群益ESG投等債20,25,0,25,永全-南崁,2024-08-08,6451
6233,旺玖,24,0,24,永全-南崁,2024-08-08,6451
00878,國泰永續高股息,20,0,20,永全-南崁,2024-08-08,6451
8374,羅昇,34,15,19,永全-南崁,2024-08-08,6451
0056,元大高股息,17,0,17,永全-南崁,2024-08-08,6451
00940,元大台灣價值高息,15,0,15,永全-南崁,2024-08-08,6451
5519,隆大,21,7,14,永全-南崁,2024-08-08,6451
9944,新麗,21,8,13,永全-南崁,2024-08-08,6451
00933B,國泰10Y+金融債,12,0,12,永全-南崁,2024-08-08,6451
6125,廣運,13,1,12,永全-南崁,2024-08-08,6451
8043,蜜望實,27,15,12,永全-南崁,2024-08-08,6451
2886,兆豐金,12,1,11,永全-南崁,2024-08-08,6451
2363,矽統,13,2,11,永全-南崁,2024-08-08,6451
2344,華邦電,11,0,11,永全-南崁,2024-08-08,6451
2349,錸德,26,15,11,永全-南崁,2024-08-08,6451
2515,中工,11,0,11,永全-南崁,2024-08-08,6451
2382,廣達,33,23,10,永全-南崁,2024-08-08,6451
00686R,群益臺灣加權反1,10,0,10,永全-南崁,2024-08-08,6451
00905,FT臺灣Smart,10,0,10,永全-南崁,2024-08-08,6451
2002,中鋼,10,0,10,永全-南崁,2024-08-08,6451
2367,燿華,10,0,10,永全-南崁,2024-08-08,6451
4555,氣立,10,0,10,永全-南崁,2024-08-08,6451
6155,鈞寶,10,0,10,永全-南崁,2024-08-08,6451
6271,同欣電,10,0,10,永全-南崁,2024-08-08,6451
8021,尖點,10,0,10,永全-南崁,2024-08-08,6451
00919,群益台灣精選高息,9,0,9,永全-南崁,2024-08-08,6451
00936,台新永續高息中小,9,0,9,永全-南崁,2024-08-08,6451
1708,東鹼,10,1,9,永全-南崁,2024-08-08,6451
3037,欣興,12,4,8,永全-南崁,2024-08-08,6451
00896,中信綠能及電動車,8,0,8,永全-南崁,2024-08-08,6451
00948B,中信優息投資級債,8,0,8,永全-南崁,2024-08-08,6451
1540,喬福,15,7,8,永全-南崁,2024-08-08,6451
4533,協易機,17,9,8,永全-南崁,2024-08-08,6451
2408,南亞科,14,6,8,永全-南崁,2024-08-08,6451
2356,英業達,13,6,7,永全-南崁,2024-08-08,6451
2323,中環,7,0,7,永全-南崁,2024-08-08,6451
2365,昆盈,59,52,7,永全-南崁,2024-08-08,6451
00857B,永豐20年美公債,250,0,250,永全-南崁,2024-08-09,6451
2323,中環,100,7,93,永全-南崁,2024-08-09,6451
00937B,群益ESG投等債20,72,0,72,永全-南崁,2024-08-09,6451
00936,台新永續高息中小,66,0,66,永全-南崁,2024-08-09,6451
00687B,國泰20年美債,59,0,59,永全-南崁,2024-08-09,6451
1802,台玻,50,0,50,永全-南崁,2024-08-09,6451
00680L,元大美債20正2,55,6,49,永全-南崁,2024-08-09,6451
00948B,中信優息投資級債,44,0,44,永全-南崁,2024-08-09,6451
00632R,元大台灣50反1,40,0,40,永全-南崁,2024-08-09,6451
00919,群益台灣精選高息,32,2,30,永全-南崁,2024-08-09,6451
2609,陽明,104,76,28,永全-南崁,2024-08-09,6451
1609,大亞,54,28,26,永全-南崁,2024-08-09,6451
6603,富強鑫,25,0,25,永全-南崁,2024-08-09,6451
00795B,中信美國公債20年,25,1,24,永全-南崁,2024-08-09,6451
2313,華通,27,3,24,永全-南崁,2024-08-09,6451
3037,欣興,44,20,24,永全-南崁,2024-08-09,6451
00686R,群益臺灣加權反1,20,0,20,永全-南崁,2024-08-09,6451
2537,聯上發,20,0,20,永全-南崁,2024-08-09,6451
6517,保勝光學,20,0,20,永全-南崁,2024-08-09,6451
2353,宏��,19,0,19,永全-南崁,2024-08-09,6451
3044,健鼎,19,1,18,永全-南崁,2024-08-09,6451
3231,緯創,54,37,17,永全-南崁,2024-08-09,6451
3019,亞光,23,7,16,永全-南崁,2024-08-09,6451
00676R,富邦臺灣加權反1,15,0,15,永全-南崁,2024-08-09,6451
2834,臺企銀,15,1,14,永全-南崁,2024-08-09,6451
0056,元大高股息,19,6,13,永全-南崁,2024-08-09,6451
6152,百一,12,0,12,永全-南崁,2024-08-09,6451
4566,時碩工業,11,0,11,永全-南崁,2024-08-09,6451
6126,信音,12,1,11,永全-南崁,2024-08-09,6451
1455,集盛,10,0,10,永全-南崁,2024-08-09,6451
3048,益登,12,2,10,永全-南崁,2024-08-09,6451
4927,泰鼎-KY,10,0,10,永全-南崁,2024-08-09,6451
6116,彩晶,40,30,10,永全-南崁,2024-08-09,6451
8473,山林水,10,0,10,永全-南崁,2024-08-09,6451
6462,神盾,11,1,10,永全-南崁,2024-08-09,6451
00878,國泰永續高股息,26,17,9,永全-南崁,2024-08-09,6451
00933B,國泰10Y+金融債,10,2,8,永全-南崁,2024-08-09,6451
00688L,國泰20年美債正2,8,0,8,永全-南崁,2024-08-09,6451
3230,錦明,10,2,8,永全-南崁,2024-08-09,6451
4979,華星光,8,0,8,永全-南崁,2024-08-09,6451
2317,鴻海,29,21,8,永全-南崁,2024-08-09,6451
2516,新建,7,0,7,永全-南崁,2024-08-09,6451
2603,長榮,11,4,7,永全-南崁,2024-08-09,6451
3673,TPK-KY,7,0,7,永全-南崁,2024-08-09,6451
2892,第一金,6,0,6,永全-南崁,2024-08-09,6451
2392,正崴,7,1,6,永全-南崁,2024-08-09,6451
2610,華航,10,4,6,永全-南崁,2024-08-09,6451
2836,高雄銀,6,0,6,永全-南崁,2024-08-09,6451
3010,華立,6,0,6,永全-南崁,2024-08-09,6451
3047,訊舟,31,25,6,永全-南崁,2024-08-09,6451
00679B,元大美債20年,251,0,251,永全-南崁,2024-08-12,6451
2888,新光金,205,7,198,永全-南崁,2024-08-12,6451
00929,復華台灣科技優息,146,10,136,永全-南崁,2024-08-12,6451
00940,元大台灣價值高息,71,0,71,永全-南崁,2024-08-12,6451
00632R,元大台灣50反1,65,0,65,永全-南崁,2024-08-12,6451
8064,東捷,61,10,51,永全-南崁,2024-08-12,6451
3580,友威科,50,0,50,永全-南崁,2024-08-12,6451
6116,彩晶,35,2,33,永全-南崁,2024-08-12,6451
4909,新復興,32,2,30,永全-南崁,2024-08-12,6451
00676R,富邦臺灣加權反1,30,0,30,永全-南崁,2024-08-12,6451
4306,炎洲,30,0,30,永全-南崁,2024-08-12,6451
9958,世紀鋼,40,11,29,永全-南崁,2024-08-12,6451
2892,第一金,27,0,27,永全-南崁,2024-08-12,6451
00878,國泰永續高股息,26,0,26,永全-南崁,2024-08-12,6451
1540,喬福,25,0,25,永全-南崁,2024-08-12,6451
8069,元太,21,0,21,永全-南崁,2024-08-12,6451
2360,致茂,20,0,20,永全-南崁,2024-08-12,6451
2606,裕民,20,0,20,永全-南崁,2024-08-12,6451
8043,蜜望實,21,1,20,永全-南崁,2024-08-12,6451
1326,台化,20,1,19,永全-南崁,2024-08-12,6451
3376,新日興,20,2,18,永全-南崁,2024-08-12,6451
1714,和桐,20,4,16,永全-南崁,2024-08-12,6451
1434,福懋,15,0,15,永全-南崁,2024-08-12,6451
3017,奇鋐,19,5,14,永全-南崁,2024-08-12,6451
00830,國泰費城半導體,13,0,13,永全-南崁,2024-08-12,6451
2313,華通,16,5,11,永全-南崁,2024-08-12,6451
3024,憶聲,11,0,11,永全-南崁,2024-08-12,6451
00900,富邦特選高股息30,10,0,10,永全-南崁,2024-08-12,6451
4128,中天,10,0,10,永全-南崁,2024-08-12,6451
2408,南亞科,11,2,9,永全-南崁,2024-08-12,6451
3047,訊舟,16,8,8,永全-南崁,2024-08-12,6451
00936,台新永續高息中小,7,0,7,永全-南崁,2024-08-12,6451
4562,穎漢,13,6,7,永全-南崁,2024-08-12,6451
8390,金益鼎,7,0,7,永全-南崁,2024-08-12,6451
00687B,國泰20年美債,6,0,6,永全-南崁,2024-08-12,6451
2359,所羅門,16,10,6,永全-南崁,2024-08-12,6451
2610,華航,6,0,6,永全-南崁,2024-08-12,6451
3042,晶技,6,0,6,永全-南崁,2024-08-12,6451
6285,啟��,6,0,6,永全-南崁,2024-08-12,6451
1301,台塑,5,0,5,永全-南崁,2024-08-12,6451
1727,中華化,5,0,5,永全-南崁,2024-08-12,6451
1805,寶徠,5,0,5,永全-南崁,2024-08-12,6451
2520,冠德,40,35,5,永全-南崁,2024-08-12,6451
3645,達邁,5,0,5,永全-南崁,2024-08-12,6451
6782,視陽,5,0,5,永全-南崁,2024-08-12,6451
9944,新麗,8,3,5,永全-南崁,2024-08-12,6451
1471,首利,4,0,4,永全-南崁,2024-08-12,6451
00675L,富邦臺灣加權正2,4,0,4,永全-南崁,2024-08-12,6451
2405,輔信,4,0,4,永全-南崁,2024-08-12,6451
2883,凱基金,10,6,4,永全-南崁,2024-08-12,6451
00632R,元大台灣50反1,547,0,547,永全-南崁,2024-08-13,6451
1314,中石化,127,0,127,永全-南崁,2024-08-13,6451
2208,台船,323,216,107,永全-南崁,2024-08-13,6451
6505,台塑化,63,0,63,永全-南崁,2024-08-13,6451
00878,國泰永續高股息,60,5,55,永全-南崁,2024-08-13,6451
2365,昆盈,75,22,53,永全-南崁,2024-08-13,6451
3663,鑫科,55,4,51,永全-南崁,2024-08-13,6451
2913,農林,46,0,46,永全-南崁,2024-08-13,6451
3060,銘異,45,5,40,永全-南崁,2024-08-13,6451
0056,元大高股息,38,0,38,永全-南崁,2024-08-13,6451
3024,憶聲,35,0,35,永全-南崁,2024-08-13,6451
1540,喬福,34,0,34,永全-南崁,2024-08-13,6451
2359,所羅門,32,2,30,永全-南崁,2024-08-13,6451
1312,國喬,20,0,20,永全-南崁,2024-08-13,6451
2458,義隆,20,0,20,永全-南崁,2024-08-13,6451
3693,營邦,20,0,20,永全-南崁,2024-08-13,6451
2609,陽明,53,34,19,永全-南崁,2024-08-13,6451
2615,萬海,78,61,17,永全-南崁,2024-08-13,6451
2382,廣達,18,2,16,永全-南崁,2024-08-13,6451
00929,復華台灣科技優息,67,52,15,永全-南崁,2024-08-13,6451
2409,友達,15,0,15,永全-南崁,2024-08-13,6451
2349,錸德,13,1,12,永全-南崁,2024-08-13,6451
1513,中興電,15,3,12,永全-南崁,2024-08-13,6451
1785,光洋科,13,2,11,永全-南崁,2024-08-13,6451
1815,富喬,11,0,11,永全-南崁,2024-08-13,6451
00712,復華富時不動產,10,0,10,永全-南崁,2024-08-13,6451
00940,元大台灣價值高息,10,0,10,永全-南崁,2024-08-13,6451
00931B,統一美債20年,10,0,10,永全-南崁,2024-08-13,6451
00907,永豐優息存股,10,0,10,永全-南崁,2024-08-13,6451
2420,新巨,10,0,10,永全-南崁,2024-08-13,6451
2485,兆赫,10,0,10,永全-南崁,2024-08-13,6451
2607,榮運,10,0,10,永全-南崁,2024-08-13,6451
2887E,台新戊特,10,0,10,永全-南崁,2024-08-13,6451
3706,神達,12,2,10,永全-南崁,2024-08-13,6451
8105,凌巨,10,0,10,永全-南崁,2024-08-13,6451
00881,國泰台灣5G+,8,0,8,永全-南崁,2024-08-13,6451
1101,台泥,10,2,8,永全-南崁,2024-08-13,6451
3013,晟銘電,16,8,8,永全-南崁,2024-08-13,6451
6414,樺漢,8,0,8,永全-南崁,2024-08-13,6451
3324,雙鴻,16,9,7,永全-南崁,2024-08-13,6451
4566,時碩工業,16,9,7,永全-南崁,2024-08-13,6451
5347,世界,7,0,7,永全-南崁,2024-08-13,6451
2520,冠德,26,20,6,永全-南崁,2024-08-13,6451
8121,越峰,6,0,6,永全-南崁,2024-08-13,6451
1457,宜進,5,0,5,永全-南崁,2024-08-13,6451
1808,潤隆,5,0,5,永全-南崁,2024-08-13,6451
2377,微星,5,0,5,永全-南崁,2024-08-13,6451
3037,欣興,18,13,5,永全-南崁,2024-08-13,6451
3576,聯合再生,5,0,5,永全-南崁,2024-08-13,6451
5880,合庫金,5,0,5,永全-南崁,2024-08-13,6451
3230,錦明,150,0,150,永全-南崁,2024-08-14,6451
4534,慶騰,150,0,150,永全-南崁,2024-08-14,6451
1312,國喬,130,0,130,永全-南崁,2024-08-14,6451
00932,兆豐永續高息等權,113,0,113,永全-南崁,2024-08-14,6451
4942,嘉彰,105,0,105,永全-南崁,2024-08-14,6451
00632R,元大台灣50反1,70,10,60,永全-南崁,2024-08-14,6451
2609,陽明,78,24,54,永全-南崁,2024-08-14,6451
00673R,期元大S＆P原油反1,50,0,50,永全-南崁,2024-08-14,6451
00936,台新永續高息中小,46,0,46,永全-南崁,2024-08-14,6451
00929,復華台灣科技優息,44,0,44,永全-南崁,2024-08-14,6451
1101,台泥,41,0,41,永全-南崁,2024-08-14,6451
2356,英業達,33,1,32,永全-南崁,2024-08-14,6451
00676R,富邦臺灣加權反1,30,0,30,永全-南崁,2024-08-14,6451
8076,伍豐,30,0,30,永全-南崁,2024-08-14,6451
2324,仁寶,27,0,27,永全-南崁,2024-08-14,6451
2359,所羅門,32,7,25,永全-南崁,2024-08-14,6451
2845,遠東銀,25,0,25,永全-南崁,2024-08-14,6451
2365,昆盈,56,35,21,永全-南崁,2024-08-14,6451
2867,三商壽,21,0,21,永全-南崁,2024-08-14,6451
5905,南仁湖,20,0,20,永全-南崁,2024-08-14,6451
2464,盟立,29,10,19,永全-南崁,2024-08-14,6451
8996,高力,21,2,19,永全-南崁,2024-08-14,6451
2615,萬海,47,29,18,永全-南崁,2024-08-14,6451
2489,瑞軒,16,0,16,永全-南崁,2024-08-14,6451
00795B,中信美國公債20年,15,0,15,永全-南崁,2024-08-14,6451
00946,群益科技高息成長,15,0,15,永全-南崁,2024-08-14,6451
6531,愛普*,15,0,15,永全-南崁,2024-08-14,6451
2882,國泰金,25,11,14,永全-南崁,2024-08-14,6451
4533,協易機,24,11,13,永全-南崁,2024-08-14,6451
1314,中石化,15,3,12,永全-南崁,2024-08-14,6451
4562,穎漢,28,17,11,永全-南崁,2024-08-14,6451
6446,藥華藥,13,2,11,永全-南崁,2024-08-14,6451
2888,新光金,11,0,11,永全-南崁,2024-08-14,6451
00951,台新日本半導體,10,0,10,永全-南崁,2024-08-14,6451
2329,華泰,10,0,10,永全-南崁,2024-08-14,6451
2634,漢翔,10,0,10,永全-南崁,2024-08-14,6451
2884,玉山金,10,0,10,永全-南崁,2024-08-14,6451
8043,蜜望實,14,4,10,永全-南崁,2024-08-14,6451
9907,統一實,10,0,10,永全-南崁,2024-08-14,6451
00830,國泰費城半導體,10,2,8,永全-南崁,2024-08-14,6451
1220,台榮,8,0,8,永全-南崁,2024-08-14,6451
2353,宏��,10,2,8,永全-南崁,2024-08-14,6451
3312,弘憶股,9,1,8,永全-南崁,2024-08-14,6451
1514,亞力,10,3,7,永全-南崁,2024-08-14,6451
6274,台燿,8,1,7,永全-南崁,2024-08-14,6451
6290,良維,8,1,7,永全-南崁,2024-08-14,6451
8171,天宇,7,0,7,永全-南崁,2024-08-14,6451
2337,旺宏,6,0,6,永全-南崁,2024-08-14,6451
2367,燿華,10,4,6,永全-南崁,2024-08-14,6451
2402,毅嘉,6,0,6,永全-南崁,2024-08-14,6451
00929,復華台灣科技優息,246,33,213,永全-南崁,2024-08-15,6451
00632R,元大台灣50反1,151,0,151,永全-南崁,2024-08-15,6451
1312,國喬,110,0,110,永全-南崁,2024-08-15,6451
8107,大億金茂,130,30,100,永全-南崁,2024-08-15,6451
2801,彰銀,100,3,97,永全-南崁,2024-08-15,6451
00679B,元大美債20年,92,15,77,永全-南崁,2024-08-15,6451
00878,國泰永續高股息,99,30,69,永全-南崁,2024-08-15,6451
00900,富邦特選高股息30,62,0,62,永全-南崁,2024-08-15,6451
2070,精湛,50,0,50,永全-南崁,2024-08-15,6451
9105,泰金寶-DR,50,0,50,永全-南崁,2024-08-15,6451
4942,嘉彰,47,0,47,永全-南崁,2024-08-15,6451
8028,昇陽半導體,68,23,45,永全-南崁,2024-08-15,6451
00687B,國泰20年美債,41,0,41,永全-南崁,2024-08-15,6451
5443,均豪,50,10,40,永全-南崁,2024-08-15,6451
00932,兆豐永續高息等權,37,0,37,永全-南崁,2024-08-15,6451
2882,國泰金,40,6,34,永全-南崁,2024-08-15,6451
6152,百一,30,0,30,永全-南崁,2024-08-15,6451
00923,群益台ESG低碳50,29,0,29,永全-南崁,2024-08-15,6451
3037,欣興,29,1,28,永全-南崁,2024-08-15,6451
1314,中石化,26,0,26,永全-南崁,2024-08-15,6451
2888,新光金,31,5,26,永全-南崁,2024-08-15,6451
00937B,群益ESG投等債20,25,0,25,永全-南崁,2024-08-15,6451
8054,安國,22,0,22,永全-南崁,2024-08-15,6451
00795B,中信美國公債20年,20,0,20,永全-南崁,2024-08-15,6451
1434,福懋,20,0,20,永全-南崁,2024-08-15,6451
3711,日月光投控,17,1,16,永全-南崁,2024-08-15,6451
9944,新麗,15,0,15,永全-南崁,2024-08-15,6451
2367,燿華,14,0,14,永全-南崁,2024-08-15,6451
1303,南亞,12,0,12,永全-南崁,2024-08-15,6451
2002,中鋼,13,1,12,永全-南崁,2024-08-15,6451
2201,裕隆,11,0,11,永全-南崁,2024-08-15,6451
2349,錸德,17,6,11,永全-南崁,2024-08-15,6451
00919,群益台灣精選高息,10,0,10,永全-南崁,2024-08-15,6451
1321,大洋,10,0,10,永全-南崁,2024-08-15,6451
1815,富喬,10,0,10,永全-南崁,2024-08-15,6451
3287,廣寰科,10,0,10,永全-南崁,2024-08-15,6451
6216,居易,10,0,10,永全-南崁,2024-08-15,6451
2327,國巨,9,0,9,永全-南崁,2024-08-15,6451
2329,華泰,9,0,9,永全-南崁,2024-08-15,6451
3202,樺晟,9,1,8,永全-南崁,2024-08-15,6451
3438,類比科,8,0,8,永全-南崁,2024-08-15,6451
2303,聯電,10,2,8,永全-南崁,2024-08-15,6451
1220,台榮,7,0,7,永全-南崁,2024-08-15,6451
2436,偉詮電,7,0,7,永全-南崁,2024-08-15,6451
4540,全球傳動,12,5,7,永全-南崁,2024-08-15,6451
6442,光聖,7,0,7,永全-南崁,2024-08-15,6451
8374,羅昇,12,5,7,永全-南崁,2024-08-15,6451
1301,台塑,17,11,6,永全-南崁,2024-08-15,6451
00881,國泰台灣5G+,7,1,6,永全-南崁,2024-08-15,6451
1540,喬福,6,0,6,永全-南崁,2024-08-15,6451
00937B,群益ESG投等債20,117,0,117,永全-南崁,2024-08-16,6451
00679B,元大美債20年,112,0,112,永全-南崁,2024-08-16,6451
00632R,元大台灣50反1,99,0,99,永全-南崁,2024-08-16,6451
00878,國泰永續高股息,71,3,68,永全-南崁,2024-08-16,6451
00673R,期元大S＆P原油反1,50,0,50,永全-南崁,2024-08-16,6451
00900,富邦特選高股息30,51,2,49,永全-南崁,2024-08-16,6451
1312,國喬,40,0,40,永全-南崁,2024-08-16,6451
8114,振樺電,30,0,30,永全-南崁,2024-08-16,6451
2488,漢平,23,0,23,永全-南崁,2024-08-16,6451
00795B,中信美國公債20年,22,0,22,永全-南崁,2024-08-16,6451
00680L,元大美債20正2,22,0,22,永全-南崁,2024-08-16,6451
00929,復華台灣科技優息,30,10,20,永全-南崁,2024-08-16,6451
3576,聯合再生,20,0,20,永全-南崁,2024-08-16,6451
6206,飛捷,20,0,20,永全-南崁,2024-08-16,6451
00688L,國泰20年美債正2,19,0,19,永全-南崁,2024-08-16,6451
5531,鄉林,16,0,16,永全-南崁,2024-08-16,6451
2538,基泰,15,0,15,永全-南崁,2024-08-16,6451
3005,神基,14,0,14,永全-南崁,2024-08-16,6451
5371,中光電,14,1,13,永全-南崁,2024-08-16,6451
1609,大亞,16,4,12,永全-南崁,2024-08-16,6451
2374,佳能,15,3,12,永全-南崁,2024-08-16,6451
2208,台船,11,0,11,永全-南崁,2024-08-16,6451
2489,瑞軒,26,15,11,永全-南崁,2024-08-16,6451
5222,全訊,11,0,11,永全-南崁,2024-08-16,6451
6133,金橋,11,0,11,永全-南崁,2024-08-16,6451
00676R,富邦臺灣加權反1,10,0,10,永全-南崁,2024-08-16,6451
00686R,群益臺灣加權反1,10,0,10,永全-南崁,2024-08-16,6451
00881,國泰台灣5G+,10,0,10,永全-南崁,2024-08-16,6451
00951,台新日本半導體,10,0,10,永全-南崁,2024-08-16,6451
00948B,中信優息投資級債,10,0,10,永全-南崁,2024-08-16,6451
2615,萬海,23,13,10,永全-南崁,2024-08-16,6451
3231,緯創,11,1,10,永全-南崁,2024-08-16,6451
3710,連展投控,10,0,10,永全-南崁,2024-08-16,6451
6505,台塑化,10,0,10,永全-南崁,2024-08-16,6451
1785,光洋科,13,4,9,永全-南崁,2024-08-16,6451
3518,柏騰,10,1,9,永全-南崁,2024-08-16,6451
6215,和椿,12,3,9,永全-南崁,2024-08-16,6451
00910,第一金太空衛星,7,0,7,永全-南崁,2024-08-16,6451
00713,元大台灣高息低波,6,0,6,永全-南崁,2024-08-16,6451
3227,原相,8,2,6,永全-南崁,2024-08-16,6451
6446,藥華藥,10,4,6,永全-南崁,2024-08-16,6451
8096,擎亞,12,6,6,永全-南崁,2024-08-16,6451
1220,台榮,5,0,5,永全-南崁,2024-08-16,6451
00664R,國泰臺灣加權反1,5,0,5,永全-南崁,2024-08-16,6451
00933B,國泰10Y+金融債,5,0,5,永全-南崁,2024-08-16,6451
2482,連宇,5,0,5,永全-南崁,2024-08-16,6451
2543,皇昌,6,1,5,永全-南崁,2024-08-16,6451
2633,台灣高鐵,10,5,5,永全-南崁,2024-08-16,6451
3010,華立,5,0,5,永全-南崁,2024-08-16,6451
4726,永昕,5,0,5,永全-南崁,2024-08-16,6451
2888,新光金,290,128,162,永全-南崁,2024-08-19,6451
9904,寶成,125,0,125,永全-南崁,2024-08-19,6451
2365,昆盈,126,29,97,永全-南崁,2024-08-19,6451
1301,台塑,68,2,66,永全-南崁,2024-08-19,6451
3663,鑫科,54,1,53,永全-南崁,2024-08-19,6451
00731,復華富時高息低波,51,0,51,永全-南崁,2024-08-19,6451
3535,晶彩科,50,1,49,永全-南崁,2024-08-19,6451
00687B,國泰20年美債,48,5,43,永全-南崁,2024-08-19,6451
8064,東捷,52,9,43,永全-南崁,2024-08-19,6451
1609,大亞,49,13,36,永全-南崁,2024-08-19,6451
00664R,國泰臺灣加權反1,30,0,30,永全-南崁,2024-08-19,6451
4942,嘉彰,30,0,30,永全-南崁,2024-08-19,6451
00937B,群益ESG投等債20,25,0,25,永全-南崁,2024-08-19,6451
3163,波若威,41,16,25,永全-南崁,2024-08-19,6451
3645,達邁,25,0,25,永全-南崁,2024-08-19,6451
8043,蜜望實,27,3,24,永全-南崁,2024-08-19,6451
4927,泰鼎-KY,23,0,23,永全-南崁,2024-08-19,6451
2542,興富發,23,4,19,永全-南崁,2024-08-19,6451
1514,亞力,19,1,18,永全-南崁,2024-08-19,6451
00679B,元大美債20年,17,0,17,永全-南崁,2024-08-19,6451
00940,元大台灣價值高息,20,4,16,永全-南崁,2024-08-19,6451
00795B,中信美國公債20年,15,0,15,永全-南崁,2024-08-19,6451
2313,華通,35,20,15,永全-南崁,2024-08-19,6451
2344,華邦電,15,0,15,永全-南崁,2024-08-19,6451
6188,廣明,16,2,14,永全-南崁,2024-08-19,6451
00910,第一金太空衛星,13,0,13,永全-南崁,2024-08-19,6451
2420,新巨,13,0,13,永全-南崁,2024-08-19,6451
3047,訊舟,61,48,13,永全-南崁,2024-08-19,6451
1101,台泥,12,0,12,永全-南崁,2024-08-19,6451
2382,廣達,23,11,12,永全-南崁,2024-08-19,6451
3711,日月光投控,16,4,12,永全-南崁,2024-08-19,6451
1303,南亞,11,0,11,永全-南崁,2024-08-19,6451
00632R,元大台灣50反1,10,0,10,永全-南崁,2024-08-19,6451
0056,元大高股息,10,0,10,永全-南崁,2024-08-19,6451
1434,福懋,10,0,10,永全-南崁,2024-08-19,6451
2362,藍天,10,0,10,永全-南崁,2024-08-19,6451
2548,華固,10,0,10,永全-南崁,2024-08-19,6451
3455,由田,12,2,10,永全-南崁,2024-08-19,6451
2356,英業達,11,2,9,永全-南崁,2024-08-19,6451
3167,大量,11,2,9,永全-南崁,2024-08-19,6451
3037,欣興,8,0,8,永全-南崁,2024-08-19,6451
2002,中鋼,7,0,7,永全-南崁,2024-08-19,6451
00830,國泰費城半導體,6,0,6,永全-南崁,2024-08-19,6451
2354,鴻準,6,0,6,永全-南崁,2024-08-19,6451
2371,大同,7,1,6,永全-南崁,2024-08-19,6451
2801,彰銀,6,0,6,永全-南崁,2024-08-19,6451
6451,訊芯-KY,7,1,6,永全-南崁,2024-08-19,6451
00881,國泰台灣5G+,5,0,5,永全-南崁,2024-08-19,6451
1216,統一,5,0,5,永全-南崁,2024-08-19,6451
1316,上曜,28,23,5,永全-南崁,2024-08-19,6451
1312,國喬,110,0,110,永全-南崁,2024-08-20,6451
2312,金寶,106,2,104,永全-南崁,2024-08-20,6451
2609,陽明,105,2,103,永全-南崁,2024-08-20,6451
2397,友通,100,1,99,永全-南崁,2024-08-20,6451
2887,台新金,100,3,97,永全-南崁,2024-08-20,6451
00632R,元大台灣50反1,85,0,85,永全-南崁,2024-08-20,6451
1524,耿鼎,61,0,61,永全-南崁,2024-08-20,6451
2401,凌陽,65,4,61,永全-南崁,2024-08-20,6451
2520,冠德,62,11,51,永全-南崁,2024-08-20,6451
1785,光洋科,127,78,49,永全-南崁,2024-08-20,6451
1303,南亞,44,0,44,永全-南崁,2024-08-20,6451
00923,群益台ESG低碳50,40,0,40,永全-南崁,2024-08-20,6451
00715L,期街口布蘭特正2,36,0,36,永全-南崁,2024-08-20,6451
3050,鈺德,36,1,35,永全-南崁,2024-08-20,6451
00687B,國泰20年美債,37,5,32,永全-南崁,2024-08-20,6451
1434,福懋,30,0,30,永全-南崁,2024-08-20,6451
6546,正基,31,1,30,永全-南崁,2024-08-20,6451
8076,伍豐,30,3,27,永全-南崁,2024-08-20,6451
2356,英業達,24,0,24,永全-南崁,2024-08-20,6451
6125,廣運,30,8,22,永全-南崁,2024-08-20,6451
00676R,富邦臺灣加權反1,20,0,20,永全-南崁,2024-08-20,6451
3693,營邦,20,0,20,永全-南崁,2024-08-20,6451
00929,復華台灣科技優息,34,15,19,永全-南崁,2024-08-20,6451
6505,台塑化,17,0,17,永全-南崁,2024-08-20,6451
00878,國泰永續高股息,16,0,16,永全-南崁,2024-08-20,6451
6116,彩晶,15,0,15,永全-南崁,2024-08-20,6451
8028,昇陽半導體,24,9,15,永全-南崁,2024-08-20,6451
8054,安國,51,36,15,永全-南崁,2024-08-20,6451
00679B,元大美債20年,14,0,14,永全-南崁,2024-08-20,6451
2337,旺宏,14,0,14,永全-南崁,2024-08-20,6451
6188,廣明,16,2,14,永全-南崁,2024-08-20,6451
1326,台化,13,0,13,永全-南崁,2024-08-20,6451
2367,燿華,15,2,13,永全-南崁,2024-08-20,6451
1616,億泰,12,0,12,永全-南崁,2024-08-20,6451
2472,立隆電,12,0,12,永全-南崁,2024-08-20,6451
2359,所羅門,12,0,12,永全-南崁,2024-08-20,6451
2317,鴻海,23,12,11,永全-南崁,2024-08-20,6451
8021,尖點,11,0,11,永全-南崁,2024-08-20,6451
1314,中石化,10,0,10,永全-南崁,2024-08-20,6451
3081,聯亞,10,0,10,永全-南崁,2024-08-20,6451
4906,正文,10,0,10,永全-南崁,2024-08-20,6451
6213,聯茂,10,0,10,永全-南崁,2024-08-20,6451
8104,錸寶,12,2,10,永全-南崁,2024-08-20,6451
2888,新光金,157,148,9,永全-南崁,2024-08-20,6451
00919,群益台灣精選高息,12,3,9,永全-南崁,2024-08-20,6451
2354,鴻準,26,17,9,永全-南崁,2024-08-20,6451
2392,正崴,16,7,9,永全-南崁,2024-08-20,6451
4130,健亞,10,1,9,永全-南崁,2024-08-20,6451
4726,永昕,11,2,9,永全-南崁,2024-08-20,6451
4503,金雨,8,0,8,永全-南崁,2024-08-20,6451
2888,新光金,1063,310,753,永全-南崁,2024-08-21,6451
2489,瑞軒,100,0,100,永全-南崁,2024-08-21,6451
00919,群益台灣精選高息,70,10,60,永全-南崁,2024-08-21,6451
2312,金寶,110,53,57,永全-南崁,2024-08-21,6451
3443,創意,35,0,35,永全-南崁,2024-08-21,6451
5905,南仁湖,37,3,34,永全-南崁,2024-08-21,6451
5309,系統電,35,2,33,永全-南崁,2024-08-21,6451
8064,東捷,99,66,33,永全-南崁,2024-08-21,6451
2539,櫻花建,31,0,31,永全-南崁,2024-08-21,6451
00878,國泰永續高股息,40,10,30,永全-南崁,2024-08-21,6451
00664R,國泰臺灣加權反1,30,0,30,永全-南崁,2024-08-21,6451
1524,耿鼎,30,0,30,永全-南崁,2024-08-21,6451
3035,智原,30,0,30,永全-南崁,2024-08-21,6451
00929,復華台灣科技優息,54,26,28,永全-南崁,2024-08-21,6451
0056,元大高股息,25,0,25,永全-南崁,2024-08-21,6451
2891,中信金,27,3,24,永全-南崁,2024-08-21,6451
3017,奇鋐,23,0,23,永全-南崁,2024-08-21,6451
2609,陽明,25,3,22,永全-南崁,2024-08-21,6451
4540,全球傳動,21,0,21,永全-南崁,2024-08-21,6451
2208,台船,20,0,20,永全-南崁,2024-08-21,6451
3587,閎康,20,0,20,永全-南崁,2024-08-21,6451
4109,加捷生醫,35,15,20,永全-南崁,2024-08-21,6451
2317,鴻海,27,8,19,永全-南崁,2024-08-21,6451
1609,大亞,35,17,18,永全-南崁,2024-08-21,6451
00910,第一金太空衛星,17,0,17,永全-南崁,2024-08-21,6451
1326,台化,16,0,16,永全-南崁,2024-08-21,6451
4503,金雨,16,0,16,永全-南崁,2024-08-21,6451
6869,雲豹能源,31,15,16,永全-南崁,2024-08-21,6451
8105,凌巨,19,3,16,永全-南崁,2024-08-21,6451
1301,台塑,15,0,15,永全-南崁,2024-08-21,6451
4979,華星光,19,5,14,永全-南崁,2024-08-21,6451
3551,世禾,13,1,12,永全-南崁,2024-08-21,6451
00932,兆豐永續高息等權,12,0,12,永全-南崁,2024-08-21,6451
00715L,期街口布蘭特正2,15,3,12,永全-南崁,2024-08-21,6451
1584,精剛,18,6,12,永全-南崁,2024-08-21,6451
2382,廣達,21,10,11,永全-南崁,2024-08-21,6451
2408,南亞科,11,0,11,永全-南崁,2024-08-21,6451
2367,燿華,10,0,10,永全-南崁,2024-08-21,6451
2392,正崴,10,0,10,永全-南崁,2024-08-21,6451
3167,大量,18,8,10,永全-南崁,2024-08-21,6451
5009,榮剛,10,0,10,永全-南崁,2024-08-21,6451
6278,台表科,10,0,10,永全-南崁,2024-08-21,6451
6462,神盾,17,7,10,永全-南崁,2024-08-21,6451
3711,日月光投控,10,1,9,永全-南崁,2024-08-21,6451
8071,能率網通,10,1,9,永全-南崁,2024-08-21,6451
1785,光洋科,8,0,8,永全-南崁,2024-08-21,6451
2542,興富發,10,2,8,永全-南崁,2024-08-21,6451
4563,百德,8,0,8,永全-南崁,2024-08-21,6451
4908,前鼎,10,2,8,永全-南崁,2024-08-21,6451
5351,鈺創,9,1,8,永全-南崁,2024-08-21,6451
2867,三商壽,240,11,229,永全-南崁,2024-08-22,6451
3518,柏騰,100,0,100,永全-南崁,2024-08-22,6451
00929,復華台灣科技優息,67,0,67,永全-南崁,2024-08-22,6451
2317,鴻海,60,6,54,永全-南崁,2024-08-22,6451
3535,晶彩科,69,16,53,永全-南崁,2024-08-22,6451
4303,信立,50,0,50,永全-南崁,2024-08-22,6451
00715L,期街口布蘭特正2,45,0,45,永全-南崁,2024-08-22,6451
2539,櫻花建,40,0,40,永全-南崁,2024-08-22,6451
2349,錸德,138,100,38,永全-南崁,2024-08-22,6451
4109,加捷生醫,55,20,35,永全-南崁,2024-08-22,6451
3324,雙鴻,84,58,26,永全-南崁,2024-08-22,6451
8096,擎亞,32,7,25,永全-南崁,2024-08-22,6451
1611,中電,20,0,20,永全-南崁,2024-08-22,6451
2020,美亞,20,0,20,永全-南崁,2024-08-22,6451
2537,聯上發,20,0,20,永全-南崁,2024-08-22,6451
2605,新興,20,0,20,永全-南崁,2024-08-22,6451
1584,精剛,17,1,16,永全-南崁,2024-08-22,6451
8383,千附,15,0,15,永全-南崁,2024-08-22,6451
00940,元大台灣價值高息,16,2,14,永全-南崁,2024-08-22,6451
6125,廣運,15,2,13,永全-南崁,2024-08-22,6451
6505,台塑化,12,0,12,永全-南崁,2024-08-22,6451
2062,橋椿,12,1,11,永全-南崁,2024-08-22,6451
1609,大亞,11,0,11,永全-南崁,2024-08-22,6451
2382,廣達,12,2,10,永全-南崁,2024-08-22,6451
00923,群益台ESG低碳50,10,0,10,永全-南崁,2024-08-22,6451
1708,東鹼,19,9,10,永全-南崁,2024-08-22,6451
8112,至上,10,0,10,永全-南崁,2024-08-22,6451
1527,鑽全,9,0,9,永全-南崁,2024-08-22,6451
2548,華固,10,1,9,永全-南崁,2024-08-22,6451
2890,永豐金,9,0,9,永全-南崁,2024-08-22,6451
4108,懷特,9,0,9,永全-南崁,2024-08-22,6451
4906,正文,10,1,9,永全-南崁,2024-08-22,6451
6239,力成,8,0,8,永全-南崁,2024-08-22,6451
2801,彰銀,8,0,8,永全-南崁,2024-08-22,6451
4532,瑞智,8,0,8,永全-南崁,2024-08-22,6451
5498,凱崴,8,0,8,永全-南崁,2024-08-22,6451
00878,國泰永續高股息,9,2,7,永全-南崁,2024-08-22,6451
00910,第一金太空衛星,22,15,7,永全-南崁,2024-08-22,6451
2374,佳能,22,15,7,永全-南崁,2024-08-22,6451
1513,中興電,14,8,6,永全-南崁,2024-08-22,6451
3019,亞光,20,14,6,永全-南崁,2024-08-22,6451
2392,正崴,11,5,6,永全-南崁,2024-08-22,6451
3711,日月光投控,7,1,6,永全-南崁,2024-08-22,6451
5309,系統電,6,0,6,永全-南崁,2024-08-22,6451
6213,聯茂,6,0,6,永全-南崁,2024-08-22,6451
8043,蜜望實,10,4,6,永全-南崁,2024-08-22,6451
1305,華夏,5,0,5,永全-南崁,2024-08-22,6451
1453,大將,5,0,5,永全-南崁,2024-08-22,6451
1785,光洋科,7,2,5,永全-南崁,2024-08-22,6451
1815,富喬,5,0,5,永全-南崁,2024-08-22,6451
2887,台新金,125,1,124,永全-南崁,2024-08-23,6451
1312,國喬,60,0,60,永全-南崁,2024-08-23,6451
00673R,期元大S＆P原油反1,50,0,50,永全-南崁,2024-08-23,6451
2610,華航,44,0,44,永全-南崁,2024-08-23,6451
4903,聯光通,40,0,40,永全-南崁,2024-08-23,6451
3443,創意,38,0,38,永全-南崁,2024-08-23,6451
6218,豪勉,39,1,38,永全-南崁,2024-08-23,6451
8043,蜜望實,39,3,36,永全-南崁,2024-08-23,6451
1727,中華化,38,3,35,永全-南崁,2024-08-23,6451
2609,陽明,38,4,34,永全-南崁,2024-08-23,6451
00679B,元大美債20年,32,1,31,永全-南崁,2024-08-23,6451
00910,第一金太空衛星,30,0,30,永全-南崁,2024-08-23,6451
1711,永光,38,8,30,永全-南崁,2024-08-23,6451
2891,中信金,30,0,30,永全-南崁,2024-08-23,6451
3363,上詮,32,2,30,永全-南崁,2024-08-23,6451
1314,中石化,54,26,28,永全-南崁,2024-08-23,6451
00929,復華台灣科技優息,58,32,26,永全-南崁,2024-08-23,6451
5443,均豪,39,14,25,永全-南崁,2024-08-23,6451
2349,錸德,43,21,22,永全-南崁,2024-08-23,6451
1301,台塑,21,0,21,永全-南崁,2024-08-23,6451
1609,大亞,24,3,21,永全-南崁,2024-08-23,6451
00940,元大台灣價值高息,20,0,20,永全-南崁,2024-08-23,6451
00632R,元大台灣50反1,21,1,20,永全-南崁,2024-08-23,6451
2467,志聖,25,5,20,永全-南崁,2024-08-23,6451
3037,欣興,24,5,19,永全-南崁,2024-08-23,6451
00687B,國泰20年美債,18,1,17,永全-南崁,2024-08-23,6451
2316,楠梓電,16,0,16,永全-南崁,2024-08-23,6451
2365,昆盈,25,9,16,永全-南崁,2024-08-23,6451
00665L,富邦�琤肭磪囓�2,15,0,15,永全-南崁,2024-08-23,6451
2408,南亞科,16,1,15,永全-南崁,2024-08-23,6451
3105,穩懋,15,0,15,永全-南崁,2024-08-23,6451
1409,新纖,15,1,14,永全-南崁,2024-08-23,6451
00715L,期街口布蘭特正2,15,1,14,永全-南崁,2024-08-23,6451
2353,宏��,14,0,14,永全-南崁,2024-08-23,6451
00795B,中信美國公債20年,13,0,13,永全-南崁,2024-08-23,6451
2354,鴻準,14,1,13,永全-南崁,2024-08-23,6451
00953B,群益優選非投等債,12,0,12,永全-南崁,2024-08-23,6451
2312,金寶,14,2,12,永全-南崁,2024-08-23,6451
2429,銘旺科,12,0,12,永全-南崁,2024-08-23,6451
3357,臺慶科,12,0,12,永全-南崁,2024-08-23,6451
4707,磐亞,12,0,12,永全-南崁,2024-08-23,6451
6505,台塑化,11,0,11,永全-南崁,2024-08-23,6451
2363,矽統,15,4,11,永全-南崁,2024-08-23,6451
2374,佳能,10,0,10,永全-南崁,2024-08-23,6451
2887E,台新戊特,10,0,10,永全-南崁,2024-08-23,6451
4952,凌通,10,0,10,永全-南崁,2024-08-23,6451
2542,興富發,9,0,9,永全-南崁,2024-08-23,6451
3047,訊舟,16,7,9,永全-南崁,2024-08-23,6451
2382,廣達,18,10,8,永全-南崁,2024-08-23,6451
3022,威強電,8,0,8,永全-南崁,2024-08-23,6451
5603,陸海,180,0,180,永全-南崁,2024-08-26,6451
00929,復華台灣科技優息,73,5,68,永全-南崁,2024-08-26,6451
3715,定穎投控,75,10,65,永全-南崁,2024-08-26,6451
2888,新光金,475,414,61,永全-南崁,2024-08-26,6451
8358,金居,52,0,52,永全-南崁,2024-08-26,6451
2605,新興,50,0,50,永全-南崁,2024-08-26,6451
6220,岳豐,50,0,50,永全-南崁,2024-08-26,6451
2337,旺宏,50,8,42,永全-南崁,2024-08-26,6451
00919,群益台灣精選高息,50,10,40,永全-南崁,2024-08-26,6451
8070,長華*,40,9,31,永全-南崁,2024-08-26,6451
1540,喬福,29,0,29,永全-南崁,2024-08-26,6451
3035,智原,30,1,29,永全-南崁,2024-08-26,6451
00940,元大台灣價值高息,40,13,27,永全-南崁,2024-08-26,6451
3147,大綜,23,0,23,永全-南崁,2024-08-26,6451
5443,均豪,43,21,22,永全-南崁,2024-08-26,6451
1560,中砂,22,1,21,永全-南崁,2024-08-26,6451
00937B,群益ESG投等債20,21,1,20,永全-南崁,2024-08-26,6451
1611,中電,20,0,20,永全-南崁,2024-08-26,6451
3645,達邁,20,0,20,永全-南崁,2024-08-26,6451
8438,昶昕,20,0,20,永全-南崁,2024-08-26,6451
2409,友達,34,15,19,永全-南崁,2024-08-26,6451
4707,磐亞,18,0,18,永全-南崁,2024-08-26,6451
3615,安可,20,3,17,永全-南崁,2024-08-26,6451
3481,群創,25,8,17,永全-南崁,2024-08-26,6451
00715L,期街口布蘭特正2,15,0,15,永全-南崁,2024-08-26,6451
3710,連展投控,14,0,14,永全-南崁,2024-08-26,6451
2891,中信金,14,1,13,永全-南崁,2024-08-26,6451
2349,錸德,21,8,13,永全-南崁,2024-08-26,6451
6116,彩晶,23,10,13,永全-南崁,2024-08-26,6451
4763,材料-KY,12,0,12,永全-南崁,2024-08-26,6451
2618,長榮航,17,6,11,永全-南崁,2024-08-26,6451
00665L,富邦�琤肭磪囓�2,10,0,10,永全-南崁,2024-08-26,6451
2331,精英,10,0,10,永全-南崁,2024-08-26,6451
2344,華邦電,14,4,10,永全-南崁,2024-08-26,6451
2406,國碩,10,0,10,永全-南崁,2024-08-26,6451
3094,聯傑,10,0,10,永全-南崁,2024-08-26,6451
6770,力積電,10,0,10,永全-南崁,2024-08-26,6451
8054,安國,31,22,9,永全-南崁,2024-08-26,6451
2313,華通,8,0,8,永全-南崁,2024-08-26,6451
2886,兆豐金,12,4,8,永全-南崁,2024-08-26,6451
1301,台塑,11,5,6,永全-南崁,2024-08-26,6451
1736,喬山,7,1,6,永全-南崁,2024-08-26,6451
3357,臺慶科,6,0,6,永全-南崁,2024-08-26,6451
4532,瑞智,6,0,6,永全-南崁,2024-08-26,6451
4566,時碩工業,6,0,6,永全-南崁,2024-08-26,6451
00713,元大台灣高息低波,5,0,5,永全-南崁,2024-08-26,6451
1324,地球,5,0,5,永全-南崁,2024-08-26,6451
2603,長榮,26,21,5,永全-南崁,2024-08-26,6451
2641,正德,5,0,5,永全-南崁,2024-08-26,6451
3017,奇鋐,5,0,5,永全-南崁,2024-08-26,6451
3481,群創,174,6,168,永全-南崁,2024-08-27,6451
00673R,期元大S＆P原油反1,102,0,102,永全-南崁,2024-08-27,6451
4510,高鋒,103,4,99,永全-南崁,2024-08-27,6451
3014,聯陽,85,0,85,永全-南崁,2024-08-27,6451
00945B,凱基美國非投等債,73,0,73,永全-南崁,2024-08-27,6451
6220,岳豐,50,0,50,永全-南崁,2024-08-27,6451
2515,中工,50,2,48,永全-南崁,2024-08-27,6451
2365,昆盈,52,15,37,永全-南崁,2024-08-27,6451
00939,統一台灣高息動能,37,0,37,永全-南崁,2024-08-27,6451
00940,元大台灣價值高息,32,2,30,永全-南崁,2024-08-27,6451
00919,群益台灣精選高息,29,0,29,永全-南崁,2024-08-27,6451
4729,熒茂,29,0,29,永全-南崁,2024-08-27,6451
00929,復華台灣科技優息,24,0,24,永全-南崁,2024-08-27,6451
3324,雙鴻,67,45,22,永全-南崁,2024-08-27,6451
3491,昇達科,21,0,21,永全-南崁,2024-08-27,6451
3033,威健,21,0,21,永全-南崁,2024-08-27,6451
1605,華新,25,5,20,永全-南崁,2024-08-27,6451
2303,聯電,18,0,18,永全-南崁,2024-08-27,6451
3715,定穎投控,20,2,18,永全-南崁,2024-08-27,6451
3587,閎康,20,3,17,永全-南崁,2024-08-27,6451
2317,鴻海,19,4,15,永全-南崁,2024-08-27,6451
2399,映泰,111,96,15,永全-南崁,2024-08-27,6451
2609,陽明,29,14,15,永全-南崁,2024-08-27,6451
2889,國票金,15,0,15,永全-南崁,2024-08-27,6451
2816,旺旺保,13,0,13,永全-南崁,2024-08-27,6451
00878,國泰永續高股息,12,0,12,永全-南崁,2024-08-27,6451
4716,大立,12,0,12,永全-南崁,2024-08-27,6451
2610,華航,13,2,11,永全-南崁,2024-08-27,6451
00751B,元大AAA至A公司債,10,0,10,永全-南崁,2024-08-27,6451
00680L,元大美債20正2,10,0,10,永全-南崁,2024-08-27,6451
1611,中電,10,0,10,永全-南崁,2024-08-27,6451
2506,太設,10,0,10,永全-南崁,2024-08-27,6451
2883,凱基金,10,0,10,永全-南崁,2024-08-27,6451
3455,由田,10,0,10,永全-南崁,2024-08-27,6451
3710,連展投控,10,0,10,永全-南崁,2024-08-27,6451
4109,加捷生醫,10,0,10,永全-南崁,2024-08-27,6451
3149,正達,11,2,9,永全-南崁,2024-08-27,6451
5603,陸海,10,1,9,永全-南崁,2024-08-27,6451
00937B,群益ESG投等債20,10,2,8,永全-南崁,2024-08-27,6451
2601,益航,8,0,8,永全-南崁,2024-08-27,6451
8027,鈦昇,10,2,8,永全-南崁,2024-08-27,6451
8064,東捷,15,7,8,永全-南崁,2024-08-27,6451
1220,台榮,7,0,7,永全-南崁,2024-08-27,6451
1303,南亞,7,0,7,永全-南崁,2024-08-27,6451
2615,萬海,12,5,7,永全-南崁,2024-08-27,6451
2330,台積電,6,0,6,永全-南崁,2024-08-27,6451
0056,元大高股息,6,0,6,永全-南崁,2024-08-27,6451
1314,中石化,6,0,6,永全-南崁,2024-08-27,6451
2880,華南金,6,0,6,永全-南崁,2024-08-27,6451
3037,欣興,6,0,6,永全-南崁,2024-08-27,6451
2887,台新金,107,1,106,永全-南崁,2024-08-28,6451
2867,三商壽,101,0,101,永全-南崁,2024-08-28,6451
3605,宏致,111,15,96,永全-南崁,2024-08-28,6451
3035,智原,90,0,90,永全-南崁,2024-08-28,6451
00929,復華台灣科技優息,99,11,88,永全-南崁,2024-08-28,6451
8011,台通,80,5,75,永全-南崁,2024-08-28,6451
6505,台塑化,64,0,64,永全-南崁,2024-08-28,6451
2409,友達,60,2,58,永全-南崁,2024-08-28,6451
2834,臺企銀,51,0,51,永全-南崁,2024-08-28,6451
2208,台船,50,4,46,永全-南崁,2024-08-28,6451
4303,信立,50,5,45,永全-南崁,2024-08-28,6451
3715,定穎投控,45,0,45,永全-南崁,2024-08-28,6451
00680L,元大美債20正2,40,0,40,永全-南崁,2024-08-28,6451
2349,錸德,34,1,33,永全-南崁,2024-08-28,6451
3014,聯陽,30,0,30,永全-南崁,2024-08-28,6451
2891,中信金,30,2,28,永全-南崁,2024-08-28,6451
3535,晶彩科,39,11,28,永全-南崁,2024-08-28,6451
9105,泰金寶-DR,28,0,28,永全-南崁,2024-08-28,6451
4729,熒茂,27,0,27,永全-南崁,2024-08-28,6451
8039,台虹,27,1,26,永全-南崁,2024-08-28,6451
00632R,元大台灣50反1,25,0,25,永全-南崁,2024-08-28,6451
00679B,元大美債20年,25,0,25,永全-南崁,2024-08-28,6451
3374,精材,24,2,22,永全-南崁,2024-08-28,6451
3024,憶聲,20,0,20,永全-南崁,2024-08-28,6451
1560,中砂,20,2,18,永全-南崁,2024-08-28,6451
3013,晟銘電,16,0,16,永全-南崁,2024-08-28,6451
00687B,國泰20年美債,15,0,15,永全-南崁,2024-08-28,6451
3047,訊舟,14,0,14,永全-南崁,2024-08-28,6451
2301,光寶科,13,0,13,永全-南崁,2024-08-28,6451
1303,南亞,13,1,12,永全-南崁,2024-08-28,6451
2402,毅嘉,26,14,12,永全-南崁,2024-08-28,6451
2890,永豐金,12,0,12,永全-南崁,2024-08-28,6451
3580,友威科,14,2,12,永全-南崁,2024-08-28,6451
6190,萬泰科,12,0,12,永全-南崁,2024-08-28,6451
2464,盟立,16,5,11,永全-南崁,2024-08-28,6451
2455,全新,10,0,10,永全-南崁,2024-08-28,6451
2489,瑞軒,10,0,10,永全-南崁,2024-08-28,6451
3050,鈺德,10,0,10,永全-南崁,2024-08-28,6451
4561,健椿,10,0,10,永全-南崁,2024-08-28,6451
8054,安國,11,1,10,永全-南崁,2024-08-28,6451
2317,鴻海,24,14,10,永全-南崁,2024-08-28,6451
00919,群益台灣精選高息,8,0,8,永全-南崁,2024-08-28,6451
2392,正崴,9,1,8,永全-南崁,2024-08-28,6451
4123,晟德,8,0,8,永全-南崁,2024-08-28,6451
2405,輔信,7,0,7,永全-南崁,2024-08-28,6451
2845,遠東銀,7,0,7,永全-南崁,2024-08-28,6451
3189,景碩,11,4,7,永全-南崁,2024-08-28,6451
3545,敦泰,7,0,7,永全-南崁,2024-08-28,6451
1708,東鹼,6,0,6,永全-南崁,2024-08-28,6451
2354,鴻準,7,1,6,永全-南崁,2024-08-28,6451
4711,永純,275,5,270,永全-南崁,2024-08-29,6451
3645,達邁,106,11,95,永全-南崁,2024-08-29,6451
9105,泰金寶-DR,90,0,90,永全-南崁,2024-08-29,6451
4729,熒茂,71,0,71,永全-南崁,2024-08-29,6451
3481,群創,170,102,68,永全-南崁,2024-08-29,6451
3149,正達,65,3,62,永全-南崁,2024-08-29,6451
3324,雙鴻,75,20,55,永全-南崁,2024-08-29,6451
3163,波若威,71,19,52,永全-南崁,2024-08-29,6451
1734,杏輝,50,0,50,永全-南崁,2024-08-29,6451
2402,毅嘉,87,37,50,永全-南崁,2024-08-29,6451
6546,正基,50,0,50,永全-南崁,2024-08-29,6451
9904,寶成,50,0,50,永全-南崁,2024-08-29,6451
8111,立��,51,3,48,永全-南崁,2024-08-29,6451
2891,中信金,45,0,45,永全-南崁,2024-08-29,6451
2464,盟立,55,14,41,永全-南崁,2024-08-29,6451
00929,復華台灣科技優息,37,2,35,永全-南崁,2024-08-29,6451
00632R,元大台灣50反1,30,0,30,永全-南崁,2024-08-29,6451
1434,福懋,20,0,20,永全-南崁,2024-08-29,6451
2412,中華電,20,0,20,永全-南崁,2024-08-29,6451
4949,有成精密,20,0,20,永全-南崁,2024-08-29,6451
5272,笙科,20,0,20,永全-南崁,2024-08-29,6451
5603,陸海,18,0,18,永全-南崁,2024-08-29,6451
2515,中工,16,0,16,永全-南崁,2024-08-29,6451
2062,橋椿,15,0,15,永全-南崁,2024-08-29,6451
9907,統一實,15,0,15,永全-南崁,2024-08-29,6451
00937B,群益ESG投等債20,23,10,13,永全-南崁,2024-08-29,6451
4942,嘉彰,13,0,13,永全-南崁,2024-08-29,6451
8096,擎亞,14,1,13,永全-南崁,2024-08-29,6451
2317,鴻海,17,7,10,永全-南崁,2024-08-29,6451
2492,華新科,10,0,10,永全-南崁,2024-08-29,6451
2609,陽明,10,0,10,永全-南崁,2024-08-29,6451
2852,第一保,10,0,10,永全-南崁,2024-08-29,6451
2883,凱基金,9,0,9,永全-南崁,2024-08-29,6451
3231,緯創,8,0,8,永全-南崁,2024-08-29,6451
3715,定穎投控,8,0,8,永全-南崁,2024-08-29,6451
2615,萬海,7,0,7,永全-南崁,2024-08-29,6451
2892,第一金,7,0,7,永全-南崁,2024-08-29,6451
3455,由田,7,0,7,永全-南崁,2024-08-29,6451
2330,台積電,11,4,7,永全-南崁,2024-08-29,6451
6505,台塑化,6,0,6,永全-南崁,2024-08-29,6451
2637,慧洋-KY,6,0,6,永全-南崁,2024-08-29,6451
4958,臻鼎-KY,24,18,6,永全-南崁,2024-08-29,6451
5225,東科-KY,6,0,6,永全-南崁,2024-08-29,6451
3293,鈊象,5,0,5,永全-南崁,2024-08-29,6451
1303,南亞,5,0,5,永全-南崁,2024-08-29,6451
1101,台泥,5,0,5,永全-南崁,2024-08-29,6451
2356,英業達,7,2,5,永全-南崁,2024-08-29,6451
2408,南亞科,5,0,5,永全-南崁,2024-08-29,6451
2467,志聖,11,6,5,永全-南崁,2024-08-29,6451
2845,遠東銀,5,0,5,永全-南崁,2024-08-29,6451
2409,友達,132,7,125,永全-南崁,2024-08-30,6451
00795B,中信美國公債20年,102,0,102,永全-南崁,2024-08-30,6451
00673R,期元大S＆P原油反1,61,0,61,永全-南崁,2024-08-30,6451
8111,立��,58,1,57,永全-南崁,2024-08-30,6451
6706,惠特,53,0,53,永全-南崁,2024-08-30,6451
2425,承啟,50,1,49,永全-南崁,2024-08-30,6451
3047,訊舟,57,11,46,永全-南崁,2024-08-30,6451
2312,金寶,52,10,42,永全-南崁,2024-08-30,6451
8085,福華,54,17,37,永全-南崁,2024-08-30,6451
4908,前鼎,36,5,31,永全-南崁,2024-08-30,6451
00637L,元大滬深300正2,35,5,30,永全-南崁,2024-08-30,6451
2891,中信金,27,0,27,永全-南崁,2024-08-30,6451
4526,東台,66,40,26,永全-南崁,2024-08-30,6451
3715,定穎投控,27,2,25,永全-南崁,2024-08-30,6451
2392,正崴,25,1,24,永全-南崁,2024-08-30,6451
4729,熒茂,22,0,22,永全-南崁,2024-08-30,6451
1711,永光,35,13,22,永全-南崁,2024-08-30,6451
2890,永豐金,21,0,21,永全-南崁,2024-08-30,6451
1434,福懋,20,0,20,永全-南崁,2024-08-30,6451
1515,力山,20,0,20,永全-南崁,2024-08-30,6451
2062,橋椿,20,0,20,永全-南崁,2024-08-30,6451
8996,高力,21,2,19,永全-南崁,2024-08-30,6451
2367,燿華,24,7,17,永全-南崁,2024-08-30,6451
6269,台郡,20,3,17,永全-南崁,2024-08-30,6451
3035,智原,17,1,16,永全-南崁,2024-08-30,6451
00959B,大華投等美債15Y+,16,0,16,永全-南崁,2024-08-30,6451
00948B,中信優息投資級債,15,0,15,永全-南崁,2024-08-30,6451
2349,錸德,21,7,14,永全-南崁,2024-08-30,6451
4942,嘉彰,14,0,14,永全-南崁,2024-08-30,6451
2739,寒舍,12,0,12,永全-南崁,2024-08-30,6451
2382,廣達,11,0,11,永全-南崁,2024-08-30,6451
2412,中華電,11,0,11,永全-南崁,2024-08-30,6451
2610,華航,13,2,11,永全-南崁,2024-08-30,6451
3673,TPK-KY,24,13,11,永全-南崁,2024-08-30,6451
3163,波若威,11,0,11,永全-南崁,2024-08-30,6451
3019,亞光,25,15,10,永全-南崁,2024-08-30,6451
1316,上曜,10,0,10,永全-南崁,2024-08-30,6451
1708,東鹼,15,5,10,永全-南崁,2024-08-30,6451
2852,第一保,10,0,10,永全-南崁,2024-08-30,6451
2887E,台新戊特,10,0,10,永全-南崁,2024-08-30,6451
3014,聯陽,10,0,10,永全-南崁,2024-08-30,6451
00937B,群益ESG投等債20,9,0,9,永全-南崁,2024-08-30,6451
1815,富喬,8,0,8,永全-南崁,2024-08-30,6451
4960,誠美材,8,0,8,永全-南崁,2024-08-30,6451
6457,紘康,8,0,8,永全-南崁,2024-08-30,6451
8064,東捷,12,4,8,永全-南崁,2024-08-30,6451
1301,台塑,7,0,7,永全-南崁,2024-08-30,6451
2374,佳能,11,4,7,永全-南崁,2024-08-30,6451
3013,晟銘電,7,0,7,永全-南崁,2024-08-30,6451
5245,智晶,7,0,7,永全-南崁,2024-08-30,6451
3481,群創,327,5,322,永全-南崁,2024-09-02,6451
3149,正達,86,25,61,永全-南崁,2024-09-02,6451
00680L,元大美債20正2,60,0,60,永全-南崁,2024-09-02,6451
00706L,期元大S＆P日圓正2,50,0,50,永全-南崁,2024-09-02,6451
00929,復華台灣科技優息,44,0,44,永全-南崁,2024-09-02,6451
2425,承啟,70,30,40,永全-南崁,2024-09-02,6451
2505,國揚,40,0,40,永全-南崁,2024-09-02,6451
00943,兆豐電子高息等權,37,0,37,永全-南崁,2024-09-02,6451
3324,雙鴻,39,5,34,永全-南崁,2024-09-02,6451
00665L,富邦�琤肭磪囓�2,30,0,30,永全-南崁,2024-09-02,6451
4909,新復興,32,2,30,永全-南崁,2024-09-02,6451
6449,鈺邦,30,0,30,永全-南崁,2024-09-02,6451
4729,熒茂,29,0,29,永全-南崁,2024-09-02,6451
2515,中工,27,0,27,永全-南崁,2024-09-02,6451
1434,福懋,22,0,22,永全-南崁,2024-09-02,6451
3689,湧德,22,0,22,永全-南崁,2024-09-02,6451
2609,陽明,40,19,21,永全-南崁,2024-09-02,6451
6603,富強鑫,21,0,21,永全-南崁,2024-09-02,6451
6770,力積電,21,0,21,永全-南崁,2024-09-02,6451
2360,致茂,20,0,20,永全-南崁,2024-09-02,6451
8111,立��,100,81,19,永全-南崁,2024-09-02,6451
00919,群益台灣精選高息,20,2,18,永全-南崁,2024-09-02,6451
00937B,群益ESG投等債20,17,0,17,永全-南崁,2024-09-02,6451
3189,景碩,18,2,16,永全-南崁,2024-09-02,6451
3491,昇達科,15,0,15,永全-南崁,2024-09-02,6451
1303,南亞,16,1,15,永全-南崁,2024-09-02,6451
00918,大華優利高填息30,15,0,15,永全-南崁,2024-09-02,6451
6187,萬潤,16,2,14,永全-南崁,2024-09-02,6451
2382,廣達,13,0,13,永全-南崁,2024-09-02,6451
6213,聯茂,16,3,13,永全-南崁,2024-09-02,6451
2402,毅嘉,13,1,12,永全-南崁,2024-09-02,6451
00940,元大台灣價值高息,11,0,11,永全-南崁,2024-09-02,6451
2313,華通,14,3,11,永全-南崁,2024-09-02,6451
00933B,國泰10Y+金融債,10,0,10,永全-南崁,2024-09-02,6451
00715L,期街口布蘭特正2,10,0,10,永全-南崁,2024-09-02,6451
1539,巨庭,10,0,10,永全-南崁,2024-09-02,6451
2374,佳能,12,2,10,永全-南崁,2024-09-02,6451
2852,第一保,10,0,10,永全-南崁,2024-09-02,6451
2889,國票金,10,0,10,永全-南崁,2024-09-02,6451
4562,穎漢,10,0,10,永全-南崁,2024-09-02,6451
5512,力麒,10,0,10,永全-南崁,2024-09-02,6451
5607,遠雄港,10,0,10,永全-南崁,2024-09-02,6451
6114,久威,10,0,10,永全-南崁,2024-09-02,6451
6226,光鼎,10,0,10,永全-南崁,2024-09-02,6451
6457,紘康,10,0,10,永全-南崁,2024-09-02,6451
00679B,元大美債20年,9,0,9,永全-南崁,2024-09-02,6451
1540,喬福,11,2,9,永全-南崁,2024-09-02,6451
4306,炎洲,10,1,9,永全-南崁,2024-09-02,6451
00936,台新永續高息中小,10,2,8,永全-南崁,2024-09-02,6451
2337,旺宏,8,0,8,永全-南崁,2024-09-02,6451
00919,群益台灣精選高息,194,10,184,永全-南崁,2024-09-03,6451
6215,和椿,59,4,55,永全-南崁,2024-09-03,6451
00673R,期元大S＆P原油反1,50,0,50,永全-南崁,2024-09-03,6451
2867,三商壽,50,0,50,永全-南崁,2024-09-03,6451
2464,盟立,64,17,47,永全-南崁,2024-09-03,6451
3715,定穎投控,49,2,47,永全-南崁,2024-09-03,6451
00929,復華台灣科技優息,49,7,42,永全-南崁,2024-09-03,6451
2323,中環,38,0,38,永全-南崁,2024-09-03,6451
4566,時碩工業,35,0,35,永全-南崁,2024-09-03,6451
00918,大華優利高填息30,34,0,34,永全-南崁,2024-09-03,6451
1815,富喬,34,2,32,永全-南崁,2024-09-03,6451
3217,優群,31,0,31,永全-南崁,2024-09-03,6451
00665L,富邦�琤肭磪囓�2,30,0,30,永全-南崁,2024-09-03,6451
1312,國喬,30,1,29,永全-南崁,2024-09-03,6451
4729,熒茂,27,0,27,永全-南崁,2024-09-03,6451
2062,橋椿,20,0,20,永全-南崁,2024-09-03,6451
6274,台燿,28,9,19,永全-南崁,2024-09-03,6451
3693,營邦,20,1,19,永全-南崁,2024-09-03,6451
1314,中石化,17,0,17,永全-南崁,2024-09-03,6451
2363,矽統,17,0,17,永全-南崁,2024-09-03,6451
2537,聯上發,17,0,17,永全-南崁,2024-09-03,6451
1303,南亞,16,0,16,永全-南崁,2024-09-03,6451
3686,達能,16,0,16,永全-南崁,2024-09-03,6451
3037,欣興,15,0,15,永全-南崁,2024-09-03,6451
4714,永捷,21,6,15,永全-南崁,2024-09-03,6451
00679B,元大美債20年,13,0,13,永全-南崁,2024-09-03,6451
1301,台塑,14,2,12,永全-南崁,2024-09-03,6451
00940,元大台灣價值高息,12,0,12,永全-南崁,2024-09-03,6451
4960,誠美材,12,0,12,永全-南崁,2024-09-03,6451
2852,第一保,11,0,11,永全-南崁,2024-09-03,6451
3015,全漢,16,5,11,永全-南崁,2024-09-03,6451
1219,福壽,10,0,10,永全-南崁,2024-09-03,6451
2506,太設,10,0,10,永全-南崁,2024-09-03,6451
2836,高雄銀,10,0,10,永全-南崁,2024-09-03,6451
2892,第一金,10,0,10,永全-南崁,2024-09-03,6451
3390,旭軟,10,0,10,永全-南崁,2024-09-03,6451
6284,佳邦,10,0,10,永全-南崁,2024-09-03,6451
6457,紘康,10,0,10,永全-南崁,2024-09-03,6451
9955,佳龍,10,0,10,永全-南崁,2024-09-03,6451
6462,神盾,10,0,10,永全-南崁,2024-09-03,6451
00878,國泰永續高股息,9,0,9,永全-南崁,2024-09-03,6451
1582,信錦,10,1,9,永全-南崁,2024-09-03,6451
2402,毅嘉,9,0,9,永全-南崁,2024-09-03,6451
5443,均豪,14,5,9,永全-南崁,2024-09-03,6451
2356,英業達,8,0,8,永全-南崁,2024-09-03,6451
2365,昆盈,27,19,8,永全-南崁,2024-09-03,6451
2374,佳能,8,0,8,永全-南崁,2024-09-03,6451
2455,全新,14,6,8,永全-南崁,2024-09-03,6451
3047,訊舟,31,23,8,永全-南崁,2024-09-03,6451
3617,碩天,10,2,8,永全-南崁,2024-09-03,6451
8011,台通,310,2,308,永全-南崁,2024-09-04,6451
1312,國喬,260,0,260,永全-南崁,2024-09-04,6451
00929,復華台灣科技優息,313,106,207,永全-南崁,2024-09-04,6451
2002,中鋼,174,0,174,永全-南崁,2024-09-04,6451
00919,群益台灣精選高息,204,54,150,永全-南崁,2024-09-04,6451
00943,兆豐電子高息等權,130,0,130,永全-南崁,2024-09-04,6451
6530,創威,101,0,101,永全-南崁,2024-09-04,6451
00878,國泰永續高股息,70,0,70,永全-南崁,2024-09-04,6451
9105,泰金寶-DR,70,2,68,永全-南崁,2024-09-04,6451
1540,喬福,61,11,50,永全-南崁,2024-09-04,6451
1714,和桐,50,0,50,永全-南崁,2024-09-04,6451
00905,FT臺灣Smart,52,5,47,永全-南崁,2024-09-04,6451
0056,元大高股息,48,2,46,永全-南崁,2024-09-04,6451
1326,台化,43,0,43,永全-南崁,2024-09-04,6451
4714,永捷,40,0,40,永全-南崁,2024-09-04,6451
3037,欣興,46,7,39,永全-南崁,2024-09-04,6451
00940,元大台灣價值高息,38,0,38,永全-南崁,2024-09-04,6451
1316,上曜,38,0,38,永全-南崁,2024-09-04,6451
00918,大華優利高填息30,37,0,37,永全-南崁,2024-09-04,6451
00665L,富邦�琤肭磪囓�2,36,0,36,永全-南崁,2024-09-04,6451
4942,嘉彰,35,0,35,永全-南崁,2024-09-04,6451
2382,廣達,33,0,33,永全-南崁,2024-09-04,6451
1108,幸福,30,0,30,永全-南崁,2024-09-04,6451
2852,第一保,30,0,30,永全-南崁,2024-09-04,6451
2317,鴻海,43,13,30,永全-南崁,2024-09-04,6451
4960,誠美材,29,0,29,永全-南崁,2024-09-04,6451
2408,南亞科,42,14,28,永全-南崁,2024-09-04,6451
2891,中信金,26,4,22,永全-南崁,2024-09-04,6451
5607,遠雄港,22,0,22,永全-南崁,2024-09-04,6451
3481,群創,38,16,22,永全-南崁,2024-09-04,6451
8227,巨有科技,21,0,21,永全-南崁,2024-09-04,6451
2031,新光鋼,20,0,20,永全-南崁,2024-09-04,6451
2303,聯電,23,3,20,永全-南崁,2024-09-04,6451
3576,聯合再生,20,0,20,永全-南崁,2024-09-04,6451
6462,神盾,20,0,20,永全-南崁,2024-09-04,6451
2330,台積電,20,2,18,永全-南崁,2024-09-04,6451
1301,台塑,21,3,18,永全-南崁,2024-09-04,6451
4510,高鋒,22,5,17,永全-南崁,2024-09-04,6451
00915,凱基優選高股息30,16,1,15,永全-南崁,2024-09-04,6451
3047,訊舟,23,8,15,永全-南崁,2024-09-04,6451
2892,第一金,14,0,14,永全-南崁,2024-09-04,6451
4729,熒茂,14,0,14,永全-南崁,2024-09-04,6451
4906,正文,15,1,14,永全-南崁,2024-09-04,6451
2367,燿華,23,10,13,永全-南崁,2024-09-04,6451
00713,元大台灣高息低波,13,0,13,永全-南崁,2024-09-04,6451
2388,威盛,12,0,12,永全-南崁,2024-09-04,6451
6126,信音,12,0,12,永全-南崁,2024-09-04,6451
4109,加捷生醫,11,0,11,永全-南崁,2024-09-04,6451
5340,建榮,11,0,11,永全-南崁,2024-09-04,6451
6143,振曜,11,0,11,永全-南崁,2024-09-04,6451
3481,群創,283,5,278,永全-南崁,2024-09-05,6451
2888,新光金,262,52,210,永全-南崁,2024-09-05,6451
8011,台通,214,20,194,永全-南崁,2024-09-05,6451
1326,台化,60,0,60,永全-南崁,2024-09-05,6451
00642U,期元大S＆P石油,60,0,60,永全-南崁,2024-09-05,6451
4909,新復興,62,3,59,永全-南崁,2024-09-05,6451
6770,力積電,61,6,55,永全-南崁,2024-09-05,6451
6215,和椿,56,8,48,永全-南崁,2024-09-05,6451
00919,群益台灣精選高息,41,0,41,永全-南崁,2024-09-05,6451
2344,華邦電,37,0,37,永全-南崁,2024-09-05,6451
2236,百達-KY,30,0,30,永全-南崁,2024-09-05,6451
4729,熒茂,29,0,29,永全-南崁,2024-09-05,6451
6274,台燿,35,7,28,永全-南崁,2024-09-05,6451
4714,永捷,25,0,25,永全-南崁,2024-09-05,6451
2409,友達,24,0,24,永全-南崁,2024-09-05,6451
8076,伍豐,25,1,24,永全-南崁,2024-09-05,6451
2408,南亞科,23,0,23,永全-南崁,2024-09-05,6451
2618,長榮航,59,37,22,永全-南崁,2024-09-05,6451
0056,元大高股息,41,20,21,永全-南崁,2024-09-05,6451
2367,燿華,21,0,21,永全-南崁,2024-09-05,6451
00795B,中信美國公債20年,20,0,20,永全-南崁,2024-09-05,6451
3231,緯創,21,1,20,永全-南崁,2024-09-05,6451
3686,達能,30,10,20,永全-南崁,2024-09-05,6451
6176,瑞儀,20,0,20,永全-南崁,2024-09-05,6451
8996,高力,20,0,20,永全-南崁,2024-09-05,6451
6739,竹陞科技,18,0,18,永全-南崁,2024-09-05,6451
2353,宏��,16,0,16,永全-南崁,2024-09-05,6451
3037,欣興,22,6,16,永全-南崁,2024-09-05,6451
00952,凱基台灣AI50,15,0,15,永全-南崁,2024-09-05,6451
1609,大亞,15,0,15,永全-南崁,2024-09-05,6451
3230,錦明,17,3,14,永全-南崁,2024-09-05,6451
2382,廣達,19,6,13,永全-南崁,2024-09-05,6451
3259,鑫創,13,0,13,永全-南崁,2024-09-05,6451
00715L,期街口布蘭特正2,12,0,12,永全-南崁,2024-09-05,6451
00713,元大台灣高息低波,11,0,11,永全-南崁,2024-09-05,6451
1316,上曜,10,0,10,永全-南崁,2024-09-05,6451
6113,亞矽,10,0,10,永全-南崁,2024-09-05,6451
6405,悅城,10,0,10,永全-南崁,2024-09-05,6451
3017,奇鋐,15,6,9,永全-南崁,2024-09-05,6451
00631L,元大台灣50正2,8,0,8,永全-南崁,2024-09-05,6451
00918,大華優利高填息30,8,0,8,永全-南崁,2024-09-05,6451
3013,晟銘電,10,2,8,永全-南崁,2024-09-05,6451
3022,威強電,8,0,8,永全-南崁,2024-09-05,6451
2317,鴻海,24,17,7,永全-南崁,2024-09-05,6451
1301,台塑,10,3,7,永全-南崁,2024-09-05,6451
00934,中信成長高股息,7,0,7,永全-南崁,2024-09-05,6451
2515,中工,7,0,7,永全-南崁,2024-09-05,6451
6108,競國,7,0,7,永全-南崁,2024-09-05,6451
00940,元大台灣價值高息,7,1,6,永全-南崁,2024-09-05,6451
00923,群益台ESG低碳50,6,0,6,永全-南崁,2024-09-05,6451
1815,富喬,85,10,75,永全-南崁,2024-09-06,6451
9904,寶成,50,0,50,永全-南崁,2024-09-06,6451
8103,瀚荃,50,4,46,永全-南崁,2024-09-06,6451
00946,群益科技高息成長,41,0,41,永全-南崁,2024-09-06,6451
4729,熒茂,27,0,27,永全-南崁,2024-09-06,6451
2891,中信金,26,0,26,永全-南崁,2024-09-06,6451
00929,復華台灣科技優息,22,0,22,永全-南崁,2024-09-06,6451
2317,鴻海,27,6,21,永全-南崁,2024-09-06,6451
00919,群益台灣精選高息,34,14,20,永全-南崁,2024-09-06,6451
2062,橋椿,20,0,20,永全-南崁,2024-09-06,6451
3227,原相,20,0,20,永全-南崁,2024-09-06,6451
6114,久威,26,6,20,永全-南崁,2024-09-06,6451
6830,汎銓,20,0,20,永全-南崁,2024-09-06,6451
4566,時碩工業,24,6,18,永全-南崁,2024-09-06,6451
2313,華通,18,3,15,永全-南崁,2024-09-06,6451
00712,復華富時不動產,14,0,14,永全-南崁,2024-09-06,6451
6257,矽格,14,0,14,永全-南崁,2024-09-06,6451
2834,臺企銀,13,0,13,永全-南崁,2024-09-06,6451
4571,鈞興-KY,13,0,13,永全-南崁,2024-09-06,6451
00951,台新日本半導體,10,0,10,永全-南崁,2024-09-06,6451
00706L,期元大S＆P日圓正2,10,0,10,永全-南崁,2024-09-06,6451
00632R,元大台灣50反1,10,0,10,永全-南崁,2024-09-06,6451
00931B,統一美債20年,10,0,10,永全-南崁,2024-09-06,6451
00935,野村臺灣新科技50,10,0,10,永全-南崁,2024-09-06,6451
2345,智邦,14,4,10,永全-南崁,2024-09-06,6451
3481,群創,10,0,10,永全-南崁,2024-09-06,6451
4906,正文,10,0,10,永全-南崁,2024-09-06,6451
4935,茂林-KY,10,0,10,永全-南崁,2024-09-06,6451
8107,大億金茂,10,0,10,永全-南崁,2024-09-06,6451
2383,台光電,11,2,9,永全-南崁,2024-09-06,6451
1303,南亞,11,2,9,永全-南崁,2024-09-06,6451
00915,凱基優選高股息30,10,1,9,永全-南崁,2024-09-06,6451
3047,訊舟,20,11,9,永全-南崁,2024-09-06,6451
3324,雙鴻,9,0,9,永全-南崁,2024-09-06,6451
00679B,元大美債20年,10,2,8,永全-南崁,2024-09-06,6451
3167,大量,8,0,8,永全-南崁,2024-09-06,6451
2603,長榮,7,0,7,永全-南崁,2024-09-06,6451
1314,中石化,7,0,7,永全-南崁,2024-09-06,6451
00918,大華優利高填息30,7,0,7,永全-南崁,2024-09-06,6451
1536,和大,7,0,7,永全-南崁,2024-09-06,6451
1785,光洋科,7,0,7,永全-南崁,2024-09-06,6451
2349,錸德,10,3,7,永全-南崁,2024-09-06,6451
2344,華邦電,6,0,6,永全-南崁,2024-09-06,6451
5432,新門,6,0,6,永全-南崁,2024-09-06,6451
3019,亞光,10,5,5,永全-南崁,2024-09-06,6451
4555,氣立,5,0,5,永全-南崁,2024-09-06,6451
00941,中信上游半導體,5,0,5,永全-南崁,2024-09-06,6451
00772B,中信高評級公司債,5,0,5,永全-南崁,2024-09-06,6451
00715L,期街口布蘭特正2,5,0,5,永全-南崁,2024-09-06,6451
2376,技嘉,6,1,5,永全-南崁,2024-09-06,6451
00919,群益台灣精選高息,180,12,168,永全-南崁,2024-09-09,6451
4956,光鋐,164,0,164,永全-南崁,2024-09-09,6451
2352,佳世達,60,0,60,永全-南崁,2024-09-09,6451
0056,元大高股息,37,0,37,永全-南崁,2024-09-09,6451
2317,鴻海,38,4,34,永全-南崁,2024-09-09,6451
1524,耿鼎,34,0,34,永全-南崁,2024-09-09,6451
4909,新復興,33,4,29,永全-南崁,2024-09-09,6451
9904,寶成,27,0,27,永全-南崁,2024-09-09,6451
6505,台塑化,26,0,26,永全-南崁,2024-09-09,6451
4729,熒茂,25,0,25,永全-南崁,2024-09-09,6451
3548,兆利,21,0,21,永全-南崁,2024-09-09,6451
2009,第一銅,20,0,20,永全-南崁,2024-09-09,6451
6127,九豪,20,0,20,永全-南崁,2024-09-09,6451
3597,映興,21,2,19,永全-南崁,2024-09-09,6451
2204,中華,18,0,18,永全-南崁,2024-09-09,6451
00878,國泰永續高股息,16,0,16,永全-南崁,2024-09-09,6451
2382,廣達,17,1,16,永全-南崁,2024-09-09,6451
2891,中信金,15,0,15,永全-南崁,2024-09-09,6451
2618,長榮航,15,2,13,永全-南崁,2024-09-09,6451
3413,京鼎,12,0,12,永全-南崁,2024-09-09,6451
3443,創意,12,0,12,永全-南崁,2024-09-09,6451
6187,萬潤,15,3,12,永全-南崁,2024-09-09,6451
00713,元大台灣高息低波,11,0,11,永全-南崁,2024-09-09,6451
1808,潤隆,11,0,11,永全-南崁,2024-09-09,6451
2405,輔信,14,3,11,永全-南崁,2024-09-09,6451
4562,穎漢,11,0,11,永全-南崁,2024-09-09,6451
00655L,國泰中國A50正2,10,0,10,永全-南崁,2024-09-09,6451
2360,致茂,10,0,10,永全-南崁,2024-09-09,6451
2834,臺企銀,10,0,10,永全-南崁,2024-09-09,6451
2903,遠百,10,0,10,永全-南崁,2024-09-09,6451
3481,群創,10,0,10,永全-南崁,2024-09-09,6451
5340,建榮,10,0,10,永全-南崁,2024-09-09,6451
5386,青雲,10,0,10,永全-南崁,2024-09-09,6451
2603,長榮,9,0,9,永全-南崁,2024-09-09,6451
3230,錦明,9,0,9,永全-南崁,2024-09-09,6451
00918,大華優利高填息30,7,0,7,永全-南崁,2024-09-09,6451
1326,台化,9,2,7,永全-南崁,2024-09-09,6451
00881,國泰台灣5G+,7,0,7,永全-南崁,2024-09-09,6451
2356,英業達,7,0,7,永全-南崁,2024-09-09,6451
6126,信音,7,0,7,永全-南崁,2024-09-09,6451
8028,昇陽半導體,9,2,7,永全-南崁,2024-09-09,6451
1514,亞力,10,3,7,永全-南崁,2024-09-09,6451
2881,富邦金,7,0,7,永全-南崁,2024-09-09,6451
00687B,國泰20年美債,9,3,6,永全-南崁,2024-09-09,6451
1303,南亞,9,3,6,永全-南崁,2024-09-09,6451
2313,華通,9,3,6,永全-南崁,2024-09-09,6451
2605,新興,6,0,6,永全-南崁,2024-09-09,6451
2890,永豐金,8,2,6,永全-南崁,2024-09-09,6451
3037,欣興,8,2,6,永全-南崁,2024-09-09,6451
6742,澤米,6,0,6,永全-南崁,2024-09-09,6451
3481,群創,256,2,254,永全-南崁,2024-09-10,6451
8011,台通,110,10,100,永全-南崁,2024-09-10,6451
2367,燿華,80,10,70,永全-南崁,2024-09-10,6451
00929,復華台灣科技優息,78,25,53,永全-南崁,2024-09-10,6451
2609,陽明,57,6,51,永全-南崁,2024-09-10,6451
3623,富晶通,51,0,51,永全-南崁,2024-09-10,6451
2382,廣達,43,2,41,永全-南崁,2024-09-10,6451
4942,嘉彰,38,0,38,永全-南崁,2024-09-10,6451
00878,國泰永續高股息,36,0,36,永全-南崁,2024-09-10,6451
4908,前鼎,31,0,31,永全-南崁,2024-09-10,6451
1714,和桐,30,0,30,永全-南崁,2024-09-10,6451
2515,中工,30,0,30,永全-南崁,2024-09-10,6451
2409,友達,29,0,29,永全-南崁,2024-09-10,6451
00919,群益台灣精選高息,43,20,23,永全-南崁,2024-09-10,6451
00940,元大台灣價值高息,23,0,23,永全-南崁,2024-09-10,6451
1326,台化,28,7,21,永全-南崁,2024-09-10,6451
3217,優群,21,0,21,永全-南崁,2024-09-10,6451
4909,新復興,24,3,21,永全-南崁,2024-09-10,6451
6274,台燿,22,2,20,永全-南崁,2024-09-10,6451
00943,兆豐電子高息等權,20,0,20,永全-南崁,2024-09-10,6451
6114,久威,20,0,20,永全-南崁,2024-09-10,6451
00918,大華優利高填息30,19,0,19,永全-南崁,2024-09-10,6451
4976,佳凌,19,0,19,永全-南崁,2024-09-10,6451
2317,鴻海,19,1,18,永全-南崁,2024-09-10,6451
00935,野村臺灣新科技50,18,0,18,永全-南崁,2024-09-10,6451
6152,百一,18,0,18,永全-南崁,2024-09-10,6451
00679B,元大美債20年,17,1,16,永全-南崁,2024-09-10,6451
3715,定穎投控,17,1,16,永全-南崁,2024-09-10,6451
1312,國喬,15,0,15,永全-南崁,2024-09-10,6451
00687B,國泰20年美債,14,0,14,永全-南崁,2024-09-10,6451
2337,旺宏,14,0,14,永全-南崁,2024-09-10,6451
2408,南亞科,14,0,14,永全-南崁,2024-09-10,6451
00713,元大台灣高息低波,13,0,13,永全-南崁,2024-09-10,6451
1540,喬福,14,2,12,永全-南崁,2024-09-10,6451
2405,輔信,13,1,12,永全-南崁,2024-09-10,6451
6209,今國光,12,0,12,永全-南崁,2024-09-10,6451
6143,振曜,11,0,11,永全-南崁,2024-09-10,6451
00939,統一台灣高息動能,10,0,10,永全-南崁,2024-09-10,6451
00936,台新永續高息中小,10,0,10,永全-南崁,2024-09-10,6451
2371,大同,10,0,10,永全-南崁,2024-09-10,6451
2605,新興,10,0,10,永全-南崁,2024-09-10,6451
3042,晶技,10,0,10,永全-南崁,2024-09-10,6451
3058,立德,10,0,10,永全-南崁,2024-09-10,6451
3231,緯創,10,0,10,永全-南崁,2024-09-10,6451
4934,太極,10,0,10,永全-南崁,2024-09-10,6451
6670,復盛應用,13,3,10,永全-南崁,2024-09-10,6451
8085,福華,10,0,10,永全-南崁,2024-09-10,6451
1301,台塑,12,3,9,永全-南崁,2024-09-10,6451
3014,聯陽,9,0,9,永全-南崁,2024-09-10,6451
2610,華航,13,5,8,永全-南崁,2024-09-10,6451
6530,創威,101,0,101,永全-南崁,2024-09-11,6451
3623,富晶通,50,1,49,永全-南崁,2024-09-11,6451
00665L,富邦�琤肭磪囓�2,44,0,44,永全-南崁,2024-09-11,6451
2897A,王道銀甲特,30,0,30,永全-南崁,2024-09-11,6451
4908,前鼎,31,1,30,永全-南崁,2024-09-11,6451
00945B,凱基美國非投等債,25,0,25,永全-南崁,2024-09-11,6451
2607,榮運,25,0,25,永全-南崁,2024-09-11,6451
00687B,國泰20年美債,37,15,22,永全-南崁,2024-09-11,6451
2409,友達,30,8,22,永全-南崁,2024-09-11,6451
4979,華星光,31,10,21,永全-南崁,2024-09-11,6451
2408,南亞科,20,0,20,永全-南崁,2024-09-11,6451
3437,榮創,20,0,20,永全-南崁,2024-09-11,6451
4540,全球傳動,20,0,20,永全-南崁,2024-09-11,6451
5234,達興材料,20,0,20,永全-南崁,2024-09-11,6451
8996,高力,22,2,20,永全-南崁,2024-09-11,6451
00715L,期街口布蘭特正2,25,6,19,永全-南崁,2024-09-11,6451
5443,均豪,29,13,16,永全-南崁,2024-09-11,6451
00878,國泰永續高股息,16,0,16,永全-南崁,2024-09-11,6451
2610,華航,15,2,13,永全-南崁,2024-09-11,6451
00919,群益台灣精選高息,22,10,12,永全-南崁,2024-09-11,6451
4566,時碩工業,13,1,12,永全-南崁,2024-09-11,6451
1815,富喬,11,0,11,永全-南崁,2024-09-11,6451
00948B,中信優息投資級債,10,0,10,永全-南崁,2024-09-11,6451
2243,宏旭-KY,60,50,10,永全-南崁,2024-09-11,6451
6706,惠特,10,0,10,永全-南崁,2024-09-11,6451
8064,東捷,10,0,10,永全-南崁,2024-09-11,6451
1514,亞力,10,1,9,永全-南崁,2024-09-11,6451
00940,元大台灣價值高息,9,0,9,永全-南崁,2024-09-11,6451
3062,建漢,10,1,9,永全-南崁,2024-09-11,6451
3227,原相,15,6,9,永全-南崁,2024-09-11,6451
4510,高鋒,10,1,9,永全-南崁,2024-09-11,6451
2539,櫻花建,8,0,8,永全-南崁,2024-09-11,6451
6016,康和證,8,0,8,永全-南崁,2024-09-11,6451
2388,威盛,8,1,7,永全-南崁,2024-09-11,6451
2883,凱基金,7,0,7,永全-南崁,2024-09-11,6451
3047,訊舟,8,1,7,永全-南崁,2024-09-11,6451
00915,凱基優選高股息30,6,0,6,永全-南崁,2024-09-11,6451
1539,巨庭,6,0,6,永全-南崁,2024-09-11,6451
2405,輔信,9,3,6,永全-南崁,2024-09-11,6451
3707,漢磊,6,0,6,永全-南崁,2024-09-11,6451
2891,中信金,5,0,5,永全-南崁,2024-09-11,6451
1101,台泥,5,0,5,永全-南崁,2024-09-11,6451
1527,鑽全,5,0,5,永全-南崁,2024-09-11,6451
2471,資通,5,0,5,永全-南崁,2024-09-11,6451
3360,尚立,7,2,5,永全-南崁,2024-09-11,6451
4533,協易機,5,0,5,永全-南崁,2024-09-11,6451
4903,聯光通,5,0,5,永全-南崁,2024-09-11,6451
6108,競國,5,0,5,永全-南崁,2024-09-11,6451
6139,亞翔,5,0,5,永全-南崁,2024-09-11,6451
6517,保勝光學,5,0,5,永全-南崁,2024-09-11,6451
00632R,元大台灣50反1,129,0,129,永全-南崁,2024-09-12,6451
4729,熒茂,100,0,100,永全-南崁,2024-09-12,6451
2887,台新金,58,0,58,永全-南崁,2024-09-12,6451
2399,映泰,59,5,54,永全-南崁,2024-09-12,6451
00673R,期元大S＆P原油反1,50,0,50,永全-南崁,2024-09-12,6451
00687B,國泰20年美債,35,0,35,永全-南崁,2024-09-12,6451
00919,群益台灣精選高息,24,0,24,永全-南崁,2024-09-12,6451
3303,岱稜,36,13,23,永全-南崁,2024-09-12,6451
3289,宜特,20,0,20,永全-南崁,2024-09-12,6451
4549,桓達,26,6,20,永全-南崁,2024-09-12,6451
3450,聯鈞,20,3,17,永全-南崁,2024-09-12,6451
00679B,元大美債20年,14,0,14,永全-南崁,2024-09-12,6451
2891,中信金,16,2,14,永全-南崁,2024-09-12,6451
8028,昇陽半導體,15,1,14,永全-南崁,2024-09-12,6451
00680L,元大美債20正2,13,0,13,永全-南崁,2024-09-12,6451
6152,百一,20,7,13,永全-南崁,2024-09-12,6451
6670,復盛應用,13,1,12,永全-南崁,2024-09-12,6451
8249,菱光,12,0,12,永全-南崁,2024-09-12,6451
2392,正崴,11,0,11,永全-南崁,2024-09-12,6451
3545,敦泰,11,0,11,永全-南崁,2024-09-12,6451
00751B,元大AAA至A公司債,10,0,10,永全-南崁,2024-09-12,6451
00655L,國泰中國A50正2,10,0,10,永全-南崁,2024-09-12,6451
1522,堤維西,13,3,10,永全-南崁,2024-09-12,6451
1313,聯成,10,0,10,永全-南崁,2024-09-12,6451
1529,樂事綠能,10,0,10,永全-南崁,2024-09-12,6451
1612,宏泰,10,0,10,永全-南崁,2024-09-12,6451
2002,中鋼,10,0,10,永全-南崁,2024-09-12,6451
2915,潤泰全,12,2,10,永全-南崁,2024-09-12,6451
3715,定穎投控,10,0,10,永全-南崁,2024-09-12,6451
5452,佶優,10,0,10,永全-南崁,2024-09-12,6451
5905,南仁湖,10,0,10,永全-南崁,2024-09-12,6451
8032,光菱,10,0,10,永全-南崁,2024-09-12,6451
9945,潤泰新,10,0,10,永全-南崁,2024-09-12,6451
2408,南亞科,13,6,7,永全-南崁,2024-09-12,6451
4510,高鋒,22,15,7,永全-南崁,2024-09-12,6451
4995,晶達,7,0,7,永全-南崁,2024-09-12,6451
3498,陽程,16,10,6,永全-南崁,2024-09-12,6451
3481,群創,5,0,5,永全-南崁,2024-09-12,6451
1326,台化,15,10,5,永全-南崁,2024-09-12,6451
00712,復華富時不動產,5,0,5,永全-南崁,2024-09-12,6451
00915,凱基優選高股息30,5,0,5,永全-南崁,2024-09-12,6451
1805,寶徠,5,0,5,永全-南崁,2024-09-12,6451
2208,台船,5,0,5,永全-南崁,2024-09-12,6451
2314,台揚,5,0,5,永全-南崁,2024-09-12,6451
2882,國泰金,5,0,5,永全-南崁,2024-09-12,6451
3014,聯陽,5,0,5,永全-南崁,2024-09-12,6451
3615,安可,5,0,5,永全-南崁,2024-09-12,6451
3673,TPK-KY,15,10,5,永全-南崁,2024-09-12,6451
5364,力麗店,5,0,5,永全-南崁,2024-09-12,6451
00878,國泰永續高股息,4,0,4,永全-南崁,2024-09-12,6451
6016,康和證,130,0,130,永全-南崁,2024-09-13,6451
6763,綠界科技*,110,0,110,永全-南崁,2024-09-13,6451
3149,正達,104,1,103,永全-南崁,2024-09-13,6451
1714,和桐,73,0,73,永全-南崁,2024-09-13,6451
6218,豪勉,52,0,52,永全-南崁,2024-09-13,6451
2409,友達,50,0,50,永全-南崁,2024-09-13,6451
4903,聯光通,50,0,50,永全-南崁,2024-09-13,6451
4979,華星光,78,32,46,永全-南崁,2024-09-13,6451
00637L,元大滬深300正2,40,0,40,永全-南崁,2024-09-13,6451
1446,宏和,32,0,32,永全-南崁,2024-09-13,6451
4563,百德,52,21,31,永全-南崁,2024-09-13,6451
00919,群益台灣精選高息,30,0,30,永全-南崁,2024-09-13,6451
3303,岱稜,46,19,27,永全-南崁,2024-09-13,6451
1326,台化,34,8,26,永全-南崁,2024-09-13,6451
3227,原相,23,1,22,永全-南崁,2024-09-13,6451
3037,欣興,35,14,21,永全-南崁,2024-09-13,6451
2348,海悅,20,0,20,永全-南崁,2024-09-13,6451
00632R,元大台灣50反1,20,0,20,永全-南崁,2024-09-13,6451
2329,華泰,20,0,20,永全-南崁,2024-09-13,6451
2889,國票金,20,0,20,永全-南崁,2024-09-13,6451
4714,永捷,20,0,20,永全-南崁,2024-09-13,6451
3706,神達,19,0,19,永全-南崁,2024-09-13,6451
6152,百一,29,10,19,永全-南崁,2024-09-13,6451
2890,永豐金,15,0,15,永全-南崁,2024-09-13,6451
00929,復華台灣科技優息,22,8,14,永全-南崁,2024-09-13,6451
00940,元大台灣價值高息,11,0,11,永全-南崁,2024-09-13,6451
3013,晟銘電,15,4,11,永全-南崁,2024-09-13,6451
1210,大成,10,0,10,永全-南崁,2024-09-13,6451
2009,第一銅,10,0,10,永全-南崁,2024-09-13,6451
2444,兆勁,10,0,10,永全-南崁,2024-09-13,6451
3707,漢磊,11,1,10,永全-南崁,2024-09-13,6451
4549,桓達,10,0,10,永全-南崁,2024-09-13,6451
5340,建榮,10,0,10,永全-南崁,2024-09-13,6451
6223,旺矽,11,1,10,永全-南崁,2024-09-13,6451
6670,復盛應用,10,0,10,永全-南崁,2024-09-13,6451
8249,菱光,12,2,10,永全-南崁,2024-09-13,6451
1785,光洋科,43,33,10,永全-南崁,2024-09-13,6451
1540,喬福,12,3,9,永全-南崁,2024-09-13,6451
2356,英業達,8,0,8,永全-南崁,2024-09-13,6451
00934,中信成長高股息,7,0,7,永全-南崁,2024-09-13,6451
00918,大華優利高填息30,7,0,7,永全-南崁,2024-09-13,6451
5536,聖暉*,7,0,7,永全-南崁,2024-09-13,6451
3017,奇鋐,9,3,6,永全-南崁,2024-09-13,6451
0056,元大高股息,6,0,6,永全-南崁,2024-09-13,6451
00655L,國泰中國A50正2,6,0,6,永全-南崁,2024-09-13,6451
2324,仁寶,6,0,6,永全-南崁,2024-09-13,6451
3430,奇鈦科,6,0,6,永全-南崁,2024-09-13,6451
3545,敦泰,6,0,6,永全-南崁,2024-09-13,6451
9958,世紀鋼,8,2,6,永全-南崁,2024-09-13,6451
00795B,中信美國公債20年,5,0,5,永全-南崁,2024-09-13,6451
00918,大華優利高填息30,80,0,80,永全-南崁,2024-09-16,6451
3605,宏致,67,0,67,永全-南崁,2024-09-16,6451
6505,台塑化,61,0,61,永全-南崁,2024-09-16,6451
2834,臺企銀,60,0,60,永全-南崁,2024-09-16,6451
6530,創威,51,1,50,永全-南崁,2024-09-16,6451
3430,奇鈦科,50,5,45,永全-南崁,2024-09-16,6451
6449,鈺邦,45,0,45,永全-南崁,2024-09-16,6451
00919,群益台灣精選高息,48,12,36,永全-南崁,2024-09-16,6451
3360,尚立,44,10,34,永全-南崁,2024-09-16,6451
6763,綠界科技*,28,0,28,永全-南崁,2024-09-16,6451
2201,裕隆,27,0,27,永全-南崁,2024-09-16,6451
2243,宏旭-KY,20,0,20,永全-南崁,2024-09-16,6451
3617,碩天,25,5,20,永全-南崁,2024-09-16,6451
4549,桓達,20,0,20,永全-南崁,2024-09-16,6451
8114,振樺電,20,0,20,永全-南崁,2024-09-16,6451
2062,橋椿,52,33,19,永全-南崁,2024-09-16,6451
2399,映泰,43,26,17,永全-南崁,2024-09-16,6451
2365,昆盈,18,2,16,永全-南崁,2024-09-16,6451
6698,旭暉應材,16,0,16,永全-南崁,2024-09-16,6451
00915,凱基優選高股息30,15,0,15,永全-南崁,2024-09-16,6451
00795B,中信美國公債20年,15,0,15,永全-南崁,2024-09-16,6451
2348,海悅,15,0,15,永全-南崁,2024-09-16,6451
3550,聯穎,15,1,14,永全-南崁,2024-09-16,6451
2233,宇隆,13,0,13,永全-南崁,2024-09-16,6451
2382,廣達,12,0,12,永全-南崁,2024-09-16,6451
00713,元大台灣高息低波,11,0,11,永全-南崁,2024-09-16,6451
00952,凱基台灣AI50,10,0,10,永全-南崁,2024-09-16,6451
1303,南亞,10,0,10,永全-南崁,2024-09-16,6451
00937B,群益ESG投等債20,10,0,10,永全-南崁,2024-09-16,6451
00632R,元大台灣50反1,30,20,10,永全-南崁,2024-09-16,6451
00686R,群益臺灣加權反1,10,0,10,永全-南崁,2024-09-16,6451
00688L,國泰20年美債正2,10,0,10,永全-南崁,2024-09-16,6451
6116,彩晶,10,0,10,永全-南崁,2024-09-16,6451
00687B,國泰20年美債,8,0,8,永全-南崁,2024-09-16,6451
1540,喬福,11,4,7,永全-南崁,2024-09-16,6451
00878,國泰永續高股息,7,0,7,永全-南崁,2024-09-16,6451
3019,亞光,8,1,7,永全-南崁,2024-09-16,6451
3149,正達,7,0,7,永全-南崁,2024-09-16,6451
4974,亞泰,8,1,7,永全-南崁,2024-09-16,6451
00945B,凱基美國非投等債,6,0,6,永全-南崁,2024-09-16,6451
00720B,元大投資級公司債,6,0,6,永全-南崁,2024-09-16,6451
2356,英業達,6,0,6,永全-南崁,2024-09-16,6451
1785,光洋科,37,31,6,永全-南崁,2024-09-16,6451
1535,中宇,5,0,5,永全-南崁,2024-09-16,6451
0056,元大高股息,5,0,5,永全-南崁,2024-09-16,6451
00900,富邦特選高股息30,5,0,5,永全-南崁,2024-09-16,6451
00655L,國泰中國A50正2,5,0,5,永全-南崁,2024-09-16,6451
2379,瑞昱,5,0,5,永全-南崁,2024-09-16,6451
2610,華航,5,0,5,永全-南崁,2024-09-16,6451
2614,東森,5,0,5,永全-南崁,2024-09-16,6451
00632R,元大台灣50反1,590,0,590,永全-南崁,2024-09-18,6451
00919,群益台灣精選高息,588,0,588,永全-南崁,2024-09-18,6451
2888,新光金,390,61,329,永全-南崁,2024-09-18,6451
9105,泰金寶-DR,100,0,100,永全-南崁,2024-09-18,6451
3605,宏致,67,13,54,永全-南崁,2024-09-18,6451
2887,台新金,52,0,52,永全-南崁,2024-09-18,6451
00929,復華台灣科技優息,47,0,47,永全-南崁,2024-09-18,6451
2426,鼎元,44,4,40,永全-南崁,2024-09-18,6451
2313,華通,41,2,39,永全-南崁,2024-09-18,6451
00948B,中信優息投資級債,38,0,38,永全-南崁,2024-09-18,6451
2317,鴻海,40,13,27,永全-南崁,2024-09-18,6451
0056,元大高股息,27,0,27,永全-南崁,2024-09-18,6451
4960,誠美材,26,0,26,永全-南崁,2024-09-18,6451
00937B,群益ESG投等債20,23,0,23,永全-南崁,2024-09-18,6451
00946,群益科技高息成長,23,0,23,永全-南崁,2024-09-18,6451
6438,迅得,27,4,23,永全-南崁,2024-09-18,6451
9904,寶成,23,0,23,永全-南崁,2024-09-18,6451
4909,新復興,26,4,22,永全-南崁,2024-09-18,6451
3163,波若威,23,2,21,永全-南崁,2024-09-18,6451
00933B,國泰10Y+金融債,20,0,20,永全-南崁,2024-09-18,6451
1711,永光,58,38,20,永全-南崁,2024-09-18,6451
4109,加捷生醫,20,0,20,永全-南崁,2024-09-18,6451
8039,台虹,20,0,20,永全-南崁,2024-09-18,6451
2545,皇翔,19,0,19,永全-南崁,2024-09-18,6451
4979,華星光,23,4,19,永全-南崁,2024-09-18,6451
6116,彩晶,17,0,17,永全-南崁,2024-09-18,6451
3481,群創,16,0,16,永全-南崁,2024-09-18,6451
1524,耿鼎,15,0,15,永全-南崁,2024-09-18,6451
00918,大華優利高填息30,14,0,14,永全-南崁,2024-09-18,6451
2356,英業達,15,2,13,永全-南崁,2024-09-18,6451
1718,中纖,12,0,12,永全-南崁,2024-09-18,6451
00940,元大台灣價值高息,11,0,11,永全-南崁,2024-09-18,6451
2382,廣達,12,1,11,永全-南崁,2024-09-18,6451
2405,輔信,11,0,11,永全-南崁,2024-09-18,6451
1522,堤維西,12,2,10,永全-南崁,2024-09-18,6451
00934,中信成長高股息,10,0,10,永全-南崁,2024-09-18,6451
1709,和益,12,2,10,永全-南崁,2024-09-18,6451
4935,茂林-KY,10,0,10,永全-南崁,2024-09-18,6451
6188,廣明,12,2,10,永全-南崁,2024-09-18,6451
6290,良維,10,0,10,永全-南崁,2024-09-18,6451
6695,芯鼎,10,0,10,永全-南崁,2024-09-18,6451
3455,由田,10,1,9,永全-南崁,2024-09-18,6451
4707,磐亞,9,0,9,永全-南崁,2024-09-18,6451
5443,均豪,13,4,9,永全-南崁,2024-09-18,6451
6530,創威,9,0,9,永全-南崁,2024-09-18,6451
3047,訊舟,13,5,8,永全-南崁,2024-09-18,6451
4167,松瑞藥,8,0,8,永全-南崁,2024-09-18,6451
2881,富邦金,11,4,7,永全-南崁,2024-09-18,6451
00915,凱基優選高股息30,12,5,7,永全-南崁,2024-09-18,6451
2374,佳能,9,2,7,永全-南崁,2024-09-18,6451
2888,新光金,830,146,684,永全-南崁,2024-09-19,6451
00857B,永豐20年美公債,200,0,200,永全-南崁,2024-09-19,6451
1312,國喬,100,0,100,永全-南崁,2024-09-19,6451
8070,長華*,127,28,99,永全-南崁,2024-09-19,6451
00929,復華台灣科技優息,60,0,60,永全-南崁,2024-09-19,6451
00948B,中信優息投資級債,60,0,60,永全-南崁,2024-09-19,6451
8071,能率網通,50,0,50,永全-南崁,2024-09-19,6451
00680L,元大美債20正2,47,0,47,永全-南崁,2024-09-19,6451
1711,永光,66,20,46,永全-南崁,2024-09-19,6451
00687B,國泰20年美債,43,0,43,永全-南崁,2024-09-19,6451
4908,前鼎,41,0,41,永全-南崁,2024-09-19,6451
00958B,永豐ESG銀行債15,40,0,40,永全-南崁,2024-09-19,6451
00937B,群益ESG投等債20,41,1,40,永全-南崁,2024-09-19,6451
2467,志聖,42,2,40,永全-南崁,2024-09-19,6451
1776,展宇,30,0,30,永全-南崁,2024-09-19,6451
3037,欣興,32,3,29,永全-南崁,2024-09-19,6451
4576,大銀微系統,31,8,23,永全-南崁,2024-09-19,6451
1540,喬福,22,0,22,永全-南崁,2024-09-19,6451
00902,中信電池及儲能,20,0,20,永全-南崁,2024-09-19,6451
6667,信紘科,20,0,20,永全-南崁,2024-09-19,6451
00918,大華優利高填息30,19,1,18,永全-南崁,2024-09-19,6451
00688L,國泰20年美債正2,18,0,18,永全-南崁,2024-09-19,6451
3149,正達,20,2,18,永全-南崁,2024-09-19,6451
6133,金橋,16,0,16,永全-南崁,2024-09-19,6451
4958,臻鼎-KY,15,0,15,永全-南崁,2024-09-19,6451
5460,同協,17,2,15,永全-南崁,2024-09-19,6451
6869,雲豹能源,32,17,15,永全-南崁,2024-09-19,6451
2426,鼎元,11,0,11,永全-南崁,2024-09-19,6451
2504,國產,11,0,11,永全-南崁,2024-09-19,6451
3049,精金,13,2,11,永全-南崁,2024-09-19,6451
00720B,元大投資級公司債,10,0,10,永全-南崁,2024-09-19,6451
00686R,群益臺灣加權反1,10,0,10,永全-南崁,2024-09-19,6451
1582,信錦,10,0,10,永全-南崁,2024-09-19,6451
2010,春源,10,0,10,永全-南崁,2024-09-19,6451
2101,南港,10,0,10,永全-南崁,2024-09-19,6451
3060,銘異,10,0,10,永全-南崁,2024-09-19,6451
4510,高鋒,10,0,10,永全-南崁,2024-09-19,6451
5340,建榮,10,0,10,永全-南崁,2024-09-19,6451
6244,茂迪,10,0,10,永全-南崁,2024-09-19,6451
6257,矽格,10,0,10,永全-南崁,2024-09-19,6451
6288,聯嘉,10,0,10,永全-南崁,2024-09-19,6451
2070,精湛,10,2,8,永全-南崁,2024-09-19,6451
6215,和椿,12,4,8,永全-南崁,2024-09-19,6451
1316,上曜,7,0,7,永全-南崁,2024-09-19,6451
00795B,中信美國公債20年,20,13,7,永全-南崁,2024-09-19,6451
00632R,元大台灣50反1,6,0,6,永全-南崁,2024-09-19,6451
2349,錸德,12,6,6,永全-南崁,2024-09-19,6451
3434,哲固,6,0,6,永全-南崁,2024-09-19,6451
3550,聯穎,6,0,6,永全-南崁,2024-09-19,6451
3715,定穎投控,8,2,6,永全-南崁,2024-09-19,6451
4714,永捷,222,5,217,永全-南崁,2024-09-20,6451
2887,台新金,215,35,180,永全-南崁,2024-09-20,6451
2845,遠東銀,200,20,180,永全-南崁,2024-09-20,6451
3056,富華新,170,3,167,永全-南崁,2024-09-20,6451
3062,建漢,126,18,108,永全-南崁,2024-09-20,6451
4907,富宇,100,0,100,永全-南崁,2024-09-20,6451
4903,聯光通,209,124,85,永全-南崁,2024-09-20,6451
00919,群益台灣精選高息,108,32,76,永全-南崁,2024-09-20,6451
2062,橋椿,75,5,70,永全-南崁,2024-09-20,6451
3390,旭軟,69,0,69,永全-南崁,2024-09-20,6451
9935,慶豐富,61,1,60,永全-南崁,2024-09-20,6451
00929,復華台灣科技優息,69,10,59,永全-南崁,2024-09-20,6451
00948B,中信優息投資級債,51,0,51,永全-南崁,2024-09-20,6451
00673R,期元大S＆P原油反1,50,0,50,永全-南崁,2024-09-20,6451
2464,盟立,78,33,45,永全-南崁,2024-09-20,6451
4939,亞電,37,0,37,永全-南崁,2024-09-20,6451
2542,興富發,32,0,32,永全-南崁,2024-09-20,6451
6246,臺龍,31,0,31,永全-南崁,2024-09-20,6451
3013,晟銘電,38,8,30,永全-南崁,2024-09-20,6451
8107,大億金茂,30,0,30,永全-南崁,2024-09-20,6451
2323,中環,28,0,28,永全-南崁,2024-09-20,6451
1536,和大,25,0,25,永全-南崁,2024-09-20,6451
8069,元太,20,0,20,永全-南崁,2024-09-20,6451
2243,宏旭-KY,20,0,20,永全-南崁,2024-09-20,6451
5230,雷笛克光學,20,0,20,永全-南崁,2024-09-20,6451
2009,第一銅,20,1,19,永全-南崁,2024-09-20,6451
6274,台燿,23,4,19,永全-南崁,2024-09-20,6451
00687B,國泰20年美債,17,0,17,永全-南崁,2024-09-20,6451
8091,翔名,23,8,15,永全-南崁,2024-09-20,6451
4989,榮科,14,0,14,永全-南崁,2024-09-20,6451
6125,廣運,20,6,14,永全-南崁,2024-09-20,6451
2537,聯上發,23,10,13,永全-南崁,2024-09-20,6451
2915,潤泰全,19,7,12,永全-南崁,2024-09-20,6451
1316,上曜,11,0,11,永全-南崁,2024-09-20,6451
2349,錸德,11,0,11,永全-南崁,2024-09-20,6451
9945,潤泰新,17,6,11,永全-南崁,2024-09-20,6451
00764B,群益25年美債,10,0,10,永全-南崁,2024-09-20,6451
00934,中信成長高股息,10,0,10,永全-南崁,2024-09-20,6451
00958B,永豐ESG銀行債15,10,0,10,永全-南崁,2024-09-20,6451
2520,冠德,11,1,10,永全-南崁,2024-09-20,6451
00953B,群益優選非投等債,9,0,9,永全-南崁,2024-09-20,6451
00945B,凱基美國非投等債,18,9,9,永全-南崁,2024-09-20,6451
00940,元大台灣價值高息,11,2,9,永全-南崁,2024-09-20,6451
3231,緯創,9,0,9,永全-南崁,2024-09-20,6451
3380,明泰,9,0,9,永全-南崁,2024-09-20,6451
1808,潤隆,9,1,8,永全-南崁,2024-09-20,6451
2408,南亞科,8,0,8,永全-南崁,2024-09-20,6451
4542,科嶠,13,5,8,永全-南崁,2024-09-20,6451
8271,宇瞻,8,0,8,永全-南崁,2024-09-20,6451
1708,東鹼,9,2,7,永全-南崁,2024-09-20,6451
00632R,元大台灣50反1,590,0,590,永全-南崁,2024-09-23,6451
3615,安可,183,22,161,永全-南崁,2024-09-23,6451
3056,富華新,130,0,130,永全-南崁,2024-09-23,6451
6114,久威,150,39,111,永全-南崁,2024-09-23,6451
8070,長華*,107,6,101,永全-南崁,2024-09-23,6451
00857B,永豐20年美公債,100,0,100,永全-南崁,2024-09-23,6451
2243,宏旭-KY,170,105,65,永全-南崁,2024-09-23,6451
00919,群益台灣精選高息,53,0,53,永全-南崁,2024-09-23,6451
6218,豪勉,50,0,50,永全-南崁,2024-09-23,6451
2349,錸德,50,8,42,永全-南崁,2024-09-23,6451
2630,亞航,40,1,39,永全-南崁,2024-09-23,6451
00673R,期元大S＆P原油反1,36,0,36,永全-南崁,2024-09-23,6451
1314,中石化,32,0,32,永全-南崁,2024-09-23,6451
1776,展宇,76,44,32,永全-南崁,2024-09-23,6451
1711,永光,40,9,31,永全-南崁,2024-09-23,6451
9105,泰金寶-DR,30,0,30,永全-南崁,2024-09-23,6451
8107,大億金茂,36,8,28,永全-南崁,2024-09-23,6451
2888,新光金,738,711,27,永全-南崁,2024-09-23,6451
3149,正達,41,15,26,永全-南崁,2024-09-23,6451
6191,精成科,26,1,25,永全-南崁,2024-09-23,6451
00929,復華台灣科技優息,23,0,23,永全-南崁,2024-09-23,6451
2537,聯上發,22,0,22,永全-南崁,2024-09-23,6451
6143,振曜,24,2,22,永全-南崁,2024-09-23,6451
1312,國喬,20,0,20,永全-南崁,2024-09-23,6451
00952,凱基台灣AI50,20,0,20,永全-南崁,2024-09-23,6451
6246,臺龍,20,0,20,永全-南崁,2024-09-23,6451
00679B,元大美債20年,24,5,19,永全-南崁,2024-09-23,6451
4768,晶呈科技,20,1,19,永全-南崁,2024-09-23,6451
4722,國精化,19,3,16,永全-南崁,2024-09-23,6451
3714,富采,13,0,13,永全-南崁,2024-09-23,6451
00795B,中信美國公債20年,12,0,12,永全-南崁,2024-09-23,6451
1785,光洋科,19,7,12,永全-南崁,2024-09-23,6451
2610,華航,13,1,12,永全-南崁,2024-09-23,6451
1569,濱川,13,2,11,永全-南崁,2024-09-23,6451
2464,盟立,17,6,11,永全-南崁,2024-09-23,6451
2495,普安,11,0,11,永全-南崁,2024-09-23,6451
00933B,國泰10Y+金融債,10,0,10,永全-南崁,2024-09-23,6451
00931B,統一美債20年,10,0,10,永全-南崁,2024-09-23,6451
00680L,元大美債20正2,10,0,10,永全-南崁,2024-09-23,6451
2408,南亞科,17,7,10,永全-南崁,2024-09-23,6451
2505,國揚,10,0,10,永全-南崁,2024-09-23,6451
3014,聯陽,10,0,10,永全-南崁,2024-09-23,6451
4958,臻鼎-KY,10,0,10,永全-南崁,2024-09-23,6451
8421,旭源,10,0,10,永全-南崁,2024-09-23,6451
00706L,期元大S＆P日圓正2,9,0,9,永全-南崁,2024-09-23,6451
9938,百和,25,16,9,永全-南崁,2024-09-23,6451
2070,精湛,16,8,8,永全-南崁,2024-09-23,6451
2313,華通,13,5,8,永全-南崁,2024-09-23,6451
6285,啟��,8,0,8,永全-南崁,2024-09-23,6451
1727,中華化,9,2,7,永全-南崁,2024-09-23,6451
00857B,永豐20年美公債,252,0,252,永全-南崁,2024-09-24,6451
6506,雙邦,125,8,117,永全-南崁,2024-09-24,6451
00902,中信電池及儲能,100,0,100,永全-南崁,2024-09-24,6451
6156,松上,100,0,100,永全-南崁,2024-09-24,6451
3498,陽程,100,1,99,永全-南崁,2024-09-24,6451
1539,巨庭,78,1,77,永全-南崁,2024-09-24,6451
2425,承啟,66,7,59,永全-南崁,2024-09-24,6451
00929,復華台灣科技優息,54,3,51,永全-南崁,2024-09-24,6451
1776,展宇,50,0,50,永全-南崁,2024-09-24,6451
3306,鼎天,51,2,49,永全-南崁,2024-09-24,6451
8240,華宏,40,0,40,永全-南崁,2024-09-24,6451
1815,富喬,30,0,30,永全-南崁,2024-09-24,6451
3050,鈺德,30,0,30,永全-南崁,2024-09-24,6451
6517,保勝光學,27,2,25,永全-南崁,2024-09-24,6451
00878,國泰永續高股息,30,7,23,永全-南崁,2024-09-24,6451
1727,中華化,28,5,23,永全-南崁,2024-09-24,6451
2388,威盛,32,11,21,永全-南崁,2024-09-24,6451
5388,中磊,21,0,21,永全-南崁,2024-09-24,6451
8070,長華*,23,2,21,永全-南崁,2024-09-24,6451
3491,昇達科,20,0,20,永全-南崁,2024-09-24,6451
2606,裕民,20,0,20,永全-南崁,2024-09-24,6451
3550,聯穎,36,16,20,永全-南崁,2024-09-24,6451
8996,高力,20,0,20,永全-南崁,2024-09-24,6451
00637L,元大滬深300正2,22,4,18,永全-南崁,2024-09-24,6451
6405,悅城,16,1,15,永全-南崁,2024-09-24,6451
6695,芯鼎,15,0,15,永全-南崁,2024-09-24,6451
1530,亞崴,14,0,14,永全-南崁,2024-09-24,6451
2630,亞航,12,0,12,永全-南崁,2024-09-24,6451
2891,中信金,12,0,12,永全-南崁,2024-09-24,6451
3017,奇鋐,12,1,11,永全-南崁,2024-09-24,6451
4566,時碩工業,11,0,11,永全-南崁,2024-09-24,6451
00919,群益台灣精選高息,49,38,11,永全-南崁,2024-09-24,6451
1312,國喬,10,0,10,永全-南崁,2024-09-24,6451
00952,凱基台灣AI50,10,0,10,永全-南崁,2024-09-24,6451
2316,楠梓電,10,0,10,永全-南崁,2024-09-24,6451
3576,聯合再生,10,0,10,永全-南崁,2024-09-24,6451
4555,氣立,10,0,10,永全-南崁,2024-09-24,6451
3141,晶宏,8,0,8,永全-南崁,2024-09-24,6451
6257,矽格,13,5,8,永全-南崁,2024-09-24,6451
8086,宏捷科,9,1,8,永全-南崁,2024-09-24,6451
2408,南亞科,7,0,7,永全-南崁,2024-09-24,6451
2409,友達,10,3,7,永全-南崁,2024-09-24,6451
4503,金雨,7,0,7,永全-南崁,2024-09-24,6451
8028,昇陽半導體,8,1,7,永全-南崁,2024-09-24,6451
2313,華通,9,3,6,永全-南崁,2024-09-24,6451
2605,新興,11,5,6,永全-南崁,2024-09-24,6451
6117,迎廣,6,0,6,永全-南崁,2024-09-24,6451
2368,金像電,5,0,5,永全-南崁,2024-09-24,6451
1326,台化,5,0,5,永全-南崁,2024-09-24,6451
00669R,國泰美國道瓊反1,5,0,5,永全-南崁,2024-09-24,6451
00632R,元大台灣50反1,670,66,604,永全-南崁,2024-09-25,6451
00952,凱基台灣AI50,70,0,70,永全-南崁,2024-09-25,6451
5608,四維航,40,0,40,永全-南崁,2024-09-25,6451
4716,大立,46,15,31,永全-南崁,2024-09-25,6451
8027,鈦昇,34,3,31,永全-南崁,2024-09-25,6451
1776,展宇,30,3,27,永全-南崁,2024-09-25,6451
3661,世芯-KY,28,3,25,永全-南崁,2024-09-25,6451
2002,中鋼,30,6,24,永全-南崁,2024-09-25,6451
1584,精剛,26,3,23,永全-南崁,2024-09-25,6451
00795B,中信美國公債20年,22,0,22,永全-南崁,2024-09-25,6451
1314,中石化,21,0,21,永全-南崁,2024-09-25,6451
2399,映泰,31,10,21,永全-南崁,2024-09-25,6451
1216,統一,20,0,20,永全-南崁,2024-09-25,6451
00686R,群益臺灣加權反1,20,0,20,永全-南崁,2024-09-25,6451
2323,中環,20,0,20,永全-南崁,2024-09-25,6451
6937,天虹,20,0,20,永全-南崁,2024-09-25,6451
8147,正淩,20,0,20,永全-南崁,2024-09-25,6451
3019,亞光,35,19,16,永全-南崁,2024-09-25,6451
2495,普安,15,0,15,永全-南崁,2024-09-25,6451
2613,中櫃,15,1,14,永全-南崁,2024-09-25,6451
8011,台通,14,0,14,永全-南崁,2024-09-25,6451
00919,群益台灣精選高息,18,5,13,永全-南崁,2024-09-25,6451
2388,威盛,16,3,13,永全-南崁,2024-09-25,6451
2883,凱基金,12,0,12,永全-南崁,2024-09-25,6451
3062,建漢,19,7,12,永全-南崁,2024-09-25,6451
1569,濱川,10,0,10,永全-南崁,2024-09-25,6451
1815,富喬,11,1,10,永全-南崁,2024-09-25,6451
2611,志信,10,0,10,永全-南崁,2024-09-25,6451
3481,群創,13,3,10,永全-南崁,2024-09-25,6451
4526,東台,32,22,10,永全-南崁,2024-09-25,6451
6548,長科*,10,0,10,永全-南崁,2024-09-25,6451
6834,天二科技,10,0,10,永全-南崁,2024-09-25,6451
2497,怡利電,13,5,8,永全-南崁,2024-09-25,6451
2867,三商壽,8,0,8,永全-南崁,2024-09-25,6451
2891,中信金,12,4,8,永全-南崁,2024-09-25,6451
3450,聯鈞,13,5,8,永全-南崁,2024-09-25,6451
3550,聯穎,43,35,8,永全-南崁,2024-09-25,6451
3622,洋華,9,1,8,永全-南崁,2024-09-25,6451
00664R,國泰臺灣加權反1,7,0,7,永全-南崁,2024-09-25,6451
00960,野村全球航運龍頭,8,1,7,永全-南崁,2024-09-25,6451
2420,新巨,7,0,7,永全-南崁,2024-09-25,6451
4545,銘鈺,7,0,7,永全-南崁,2024-09-25,6451
6241,易通展,8,1,7,永全-南崁,2024-09-25,6451
00929,復華台灣科技優息,41,35,6,永全-南崁,2024-09-25,6451
1514,亞力,8,2,6,永全-南崁,2024-09-25,6451
1709,和益,6,0,6,永全-南崁,2024-09-25,6451
1808,潤隆,6,0,6,永全-南崁,2024-09-25,6451
2313,華通,6,0,6,永全-南崁,2024-09-25,6451
2357,華碩,6,0,6,永全-南崁,2024-09-25,6451
3227,原相,21,15,6,永全-南崁,2024-09-25,6451
00857B,永豐20年美公債,205,0,205,永全-南崁,2024-09-26,6451
1312,國喬,170,0,170,永全-南崁,2024-09-26,6451
3605,宏致,85,10,75,永全-南崁,2024-09-26,6451
4903,聯光通,72,11,61,永全-南崁,2024-09-26,6451
2915,潤泰全,40,0,40,永全-南崁,2024-09-26,6451
1314,中石化,35,0,35,永全-南崁,2024-09-26,6451
3051,力特,30,0,30,永全-南崁,2024-09-26,6451
1540,喬福,42,18,24,永全-南崁,2024-09-26,6451
5351,鈺創,21,0,21,永全-南崁,2024-09-26,6451
00960,野村全球航運龍頭,19,0,19,永全-南崁,2024-09-26,6451
00937B,群益ESG投等債20,24,5,19,永全-南崁,2024-09-26,6451
6215,和椿,29,10,19,永全-南崁,2024-09-26,6451
00680L,元大美債20正2,18,0,18,永全-南崁,2024-09-26,6451
00715L,期街口布蘭特正2,16,0,16,永全-南崁,2024-09-26,6451
3450,聯鈞,28,12,16,永全-南崁,2024-09-26,6451
1708,東鹼,15,0,15,永全-南崁,2024-09-26,6451
6550,北極星藥業-KY,15,0,15,永全-南崁,2024-09-26,6451
00919,群益台灣精選高息,14,0,14,永全-南崁,2024-09-26,6451
2344,華邦電,16,2,14,永全-南崁,2024-09-26,6451
6257,矽格,18,4,14,永全-南崁,2024-09-26,6451
3033,威健,13,0,13,永全-南崁,2024-09-26,6451
2449,京元電子,12,0,12,永全-南崁,2024-09-26,6451
3324,雙鴻,30,18,12,永全-南崁,2024-09-26,6451
3673,TPK-KY,21,10,11,永全-南崁,2024-09-26,6451
6233,旺玖,11,0,11,永全-南崁,2024-09-26,6451
00706L,期元大S＆P日圓正2,10,0,10,永全-南崁,2024-09-26,6451
00933B,國泰10Y+金融債,10,0,10,永全-南崁,2024-09-26,6451
1530,亞崴,10,0,10,永全-南崁,2024-09-26,6451
1582,信錦,10,0,10,永全-南崁,2024-09-26,6451
2601,益航,10,0,10,永全-南崁,2024-09-26,6451
4562,穎漢,12,2,10,永全-南崁,2024-09-26,6451
4974,亞泰,10,0,10,永全-南崁,2024-09-26,6451
6120,達運,10,0,10,永全-南崁,2024-09-26,6451
6153,嘉聯益,10,0,10,永全-南崁,2024-09-26,6451
6449,鈺邦,10,0,10,永全-南崁,2024-09-26,6451
6526,達發,10,0,10,永全-南崁,2024-09-26,6451
2609,陽明,70,61,9,永全-南崁,2024-09-26,6451
3363,上詮,15,6,9,永全-南崁,2024-09-26,6451
2408,南亞科,10,1,9,永全-南崁,2024-09-26,6451
2495,普安,9,0,9,永全-南崁,2024-09-26,6451
2615,萬海,42,33,9,永全-南崁,2024-09-26,6451
4772,台特化,8,0,8,永全-南崁,2024-09-26,6451
00772B,中信高評級公司債,8,0,8,永全-南崁,2024-09-26,6451
2498,宏達電,8,0,8,永全-南崁,2024-09-26,6451
6127,九豪,8,0,8,永全-南崁,2024-09-26,6451
6152,百一,8,0,8,永全-南崁,2024-09-26,6451
3661,世芯-KY,9,1,8,永全-南崁,2024-09-26,6451
2547,日勝生,6,0,6,永全-南崁,2024-09-26,6451
00941,中信上游半導體,5,0,5,永全-南崁,2024-09-26,6451
00795B,中信美國公債20年,15,10,5,永全-南崁,2024-09-26,6451
00857B,永豐20年美公債,102,0,102,永全-南崁,2024-09-27,6451
2867,三商壽,100,10,90,永全-南崁,2024-09-27,6451
1527,鑽全,80,0,80,永全-南崁,2024-09-27,6451
8039,台虹,70,1,69,永全-南崁,2024-09-27,6451
00882,中信中國高股息,102,45,57,永全-南崁,2024-09-27,6451
6550,北極星藥業-KY,50,0,50,永全-南崁,2024-09-27,6451
5272,笙科,35,0,35,永全-南崁,2024-09-27,6451
2436,偉詮電,31,1,30,永全-南崁,2024-09-27,6451
2618,長榮航,36,6,30,永全-南崁,2024-09-27,6451
4571,鈞興-KY,30,0,30,永全-南崁,2024-09-27,6451
2890,永豐金,30,1,29,永全-南崁,2024-09-27,6451
5014,建錩,30,2,28,永全-南崁,2024-09-27,6451
4526,東台,24,2,22,永全-南崁,2024-09-27,6451
1540,喬福,20,0,20,永全-南崁,2024-09-27,6451
2630,亞航,20,0,20,永全-南崁,2024-09-27,6451
2834,臺企銀,20,0,20,永全-南崁,2024-09-27,6451
4552,力達-KY,20,0,20,永全-南崁,2024-09-27,6451
6937,天虹,20,0,20,永全-南崁,2024-09-27,6451
00679B,元大美債20年,19,0,19,永全-南崁,2024-09-27,6451
3019,亞光,19,1,18,永全-南崁,2024-09-27,6451
00933B,國泰10Y+金融債,16,0,16,永全-南崁,2024-09-27,6451
00927,群益半導體收益,15,0,15,永全-南崁,2024-09-27,6451
3047,訊舟,18,3,15,永全-南崁,2024-09-27,6451
1326,台化,43,29,14,永全-南崁,2024-09-27,6451
2371,大同,17,3,14,永全-南崁,2024-09-27,6451
2388,威盛,24,10,14,永全-南崁,2024-09-27,6451
3006,晶豪科,15,1,14,永全-南崁,2024-09-27,6451
3605,宏致,15,2,13,永全-南崁,2024-09-27,6451
00687B,國泰20年美債,13,0,13,永全-南崁,2024-09-27,6451
3324,雙鴻,14,1,13,永全-南崁,2024-09-27,6451
6770,力積電,30,17,13,永全-南崁,2024-09-27,6451
4958,臻鼎-KY,12,0,12,永全-南崁,2024-09-27,6451
00948B,中信優息投資級債,11,0,11,永全-南崁,2024-09-27,6451
2891,中信金,14,4,10,永全-南崁,2024-09-27,6451
00937B,群益ESG投等債20,10,0,10,永全-南崁,2024-09-27,6451
2524,京城,10,0,10,永全-南崁,2024-09-27,6451
3060,銘異,10,0,10,永全-南崁,2024-09-27,6451
6143,振曜,10,0,10,永全-南崁,2024-09-27,6451
6606,建德工業,10,0,10,永全-南崁,2024-09-27,6451
6104,創惟,15,6,9,永全-南崁,2024-09-27,6451
6805,富世達,10,1,9,永全-南崁,2024-09-27,6451
00712,復華富時不動產,9,0,9,永全-南崁,2024-09-27,6451
2464,盟立,11,3,8,永全-南崁,2024-09-27,6451
6257,矽格,12,4,8,永全-南崁,2024-09-27,6451
8028,昇陽半導體,20,12,8,永全-南崁,2024-09-27,6451
2313,華通,11,4,7,永全-南崁,2024-09-27,6451
1313,聯成,7,0,7,永全-南崁,2024-09-27,6451
1710,東聯,6,0,6,永全-南崁,2024-09-27,6451
2323,中環,8,2,6,永全-南崁,2024-09-27,6451
2399,映泰,14,8,6,永全-南崁,2024-09-27,6451
00632R,元大台灣50反1,580,34,546,永全-南崁,2024-09-30,6451
00919,群益台灣精選高息,68,0,68,永全-南崁,2024-09-30,6451
00679B,元大美債20年,68,0,68,永全-南崁,2024-09-30,6451
00673R,期元大S＆P原油反1,50,0,50,永全-南崁,2024-09-30,6451
2014,中鴻,51,4,47,永全-南崁,2024-09-30,6451
1304,台聚,40,0,40,永全-南崁,2024-09-30,6451
2915,潤泰全,40,2,38,永全-南崁,2024-09-30,6451
2382,廣達,37,0,37,永全-南崁,2024-09-30,6451
6438,迅得,34,4,30,永全-南崁,2024-09-30,6451
8114,振樺電,30,0,30,永全-南崁,2024-09-30,6451
00929,復華台灣科技優息,48,20,28,永全-南崁,2024-09-30,6451
00915,凱基優選高股息30,24,0,24,永全-南崁,2024-09-30,6451
2891,中信金,27,3,24,永全-南崁,2024-09-30,6451
3022,威強電,22,0,22,永全-南崁,2024-09-30,6451
3037,欣興,23,2,21,永全-南崁,2024-09-30,6451
3545,敦泰,22,1,21,永全-南崁,2024-09-30,6451
4989,榮科,21,0,21,永全-南崁,2024-09-30,6451
2007,燁興,20,0,20,永全-南崁,2024-09-30,6451
2010,春源,20,0,20,永全-南崁,2024-09-30,6451
2022,聚亨,20,0,20,永全-南崁,2024-09-30,6451
2477,美隆電,20,0,20,永全-南崁,2024-09-30,6451
6257,矽格,22,2,20,永全-南崁,2024-09-30,6451
8039,台虹,20,0,20,永全-南崁,2024-09-30,6451
1303,南亞,21,5,16,永全-南崁,2024-09-30,6451
6462,神盾,16,0,16,永全-南崁,2024-09-30,6451
00937B,群益ESG投等債20,18,3,15,永全-南崁,2024-09-30,6451
00639,富邦深100,15,0,15,永全-南崁,2024-09-30,6451
00637L,元大滬深300正2,50,35,15,永全-南崁,2024-09-30,6451
3047,訊舟,15,0,15,永全-南崁,2024-09-30,6451
3481,群創,65,50,15,永全-南崁,2024-09-30,6451
2349,錸德,14,0,14,永全-南崁,2024-09-30,6451
2313,華通,14,1,13,永全-南崁,2024-09-30,6451
2009,第一銅,29,16,13,永全-南崁,2024-09-30,6451
8054,安國,12,0,12,永全-南崁,2024-09-30,6451
8150,南茂,12,0,12,永全-南崁,2024-09-30,6451
1708,東鹼,12,0,12,永全-南崁,2024-09-30,6451
00633L,富邦上証正2,13,2,11,永全-南崁,2024-09-30,6451
6581,鋼聯,11,0,11,永全-南崁,2024-09-30,6451
00958B,永豐ESG銀行債15,10,0,10,永全-南崁,2024-09-30,6451
00952,凱基台灣AI50,10,0,10,永全-南崁,2024-09-30,6451
2353,宏��,10,0,10,永全-南崁,2024-09-30,6451
2481,強茂,10,0,10,永全-南崁,2024-09-30,6451
3005,神基,11,1,10,永全-南崁,2024-09-30,6451
6530,創威,13,3,10,永全-南崁,2024-09-30,6451
9933,中鼎,10,0,10,永全-南崁,2024-09-30,6451
2330,台積電,11,2,9,永全-南崁,2024-09-30,6451
1326,台化,18,10,8,永全-南崁,2024-09-30,6451
3413,京鼎,7,0,7,永全-南崁,2024-09-30,6451
00645,富邦日本,6,0,6,永全-南崁,2024-09-30,6451
2399,映泰,6,0,6,永全-南崁,2024-09-30,6451
2887,台新金,50,0,50,永全-南崁,2024-10-01,6451
4915,致伸,50,1,49,永全-南崁,2024-10-01,6451
6290,良維,35,0,35,永全-南崁,2024-10-01,6451
4563,百德,39,5,34,永全-南崁,2024-10-01,6451
6573,虹揚-KY,30,0,30,永全-南崁,2024-10-01,6451
3017,奇鋐,39,11,28,永全-南崁,2024-10-01,6451
1815,富喬,27,2,25,永全-南崁,2024-10-01,6451
00878,國泰永續高股息,28,5,23,永全-南崁,2024-10-01,6451
00919,群益台灣精選高息,23,0,23,永全-南崁,2024-10-01,6451
2399,映泰,35,13,22,永全-南崁,2024-10-01,6451
0056,元大高股息,20,0,20,永全-南崁,2024-10-01,6451
00929,復華台灣科技優息,20,0,20,永全-南崁,2024-10-01,6451
2323,中環,20,0,20,永全-南崁,2024-10-01,6451
6186,新潤,20,0,20,永全-南崁,2024-10-01,6451
1303,南亞,20,0,20,永全-南崁,2024-10-01,6451
1301,台塑,29,10,19,永全-南崁,2024-10-01,6451
2313,華通,18,0,18,永全-南崁,2024-10-01,6451
2002,中鋼,22,5,17,永全-南崁,2024-10-01,6451
6550,北極星藥業-KY,16,1,15,永全-南崁,2024-10-01,6451
2349,錸德,14,0,14,永全-南崁,2024-10-01,6451
3037,欣興,20,6,14,永全-南崁,2024-10-01,6451
2409,友達,13,0,13,永全-南崁,2024-10-01,6451
1326,台化,12,0,12,永全-南崁,2024-10-01,6451
3607,谷崧,12,0,12,永全-南崁,2024-10-01,6451
6237,驊訊,11,0,11,永全-南崁,2024-10-01,6451
00715L,期街口布蘭特正2,10,0,10,永全-南崁,2024-10-01,6451
00945B,凱基美國非投等債,10,0,10,永全-南崁,2024-10-01,6451
2374,佳能,10,0,10,永全-南崁,2024-10-01,6451
2613,中櫃,11,1,10,永全-南崁,2024-10-01,6451
3605,宏致,10,0,10,永全-南崁,2024-10-01,6451
5388,中磊,10,0,10,永全-南崁,2024-10-01,6451
6257,矽格,12,2,10,永全-南崁,2024-10-01,6451
6695,芯鼎,10,0,10,永全-南崁,2024-10-01,6451
00915,凱基優選高股息30,9,0,9,永全-南崁,2024-10-01,6451
1540,喬福,20,11,9,永全-南崁,2024-10-01,6451
2317,鴻海,10,1,9,永全-南崁,2024-10-01,6451
2345,智邦,8,0,8,永全-南崁,2024-10-01,6451
2449,京元電子,7,0,7,永全-南崁,2024-10-01,6451
3511,矽瑪,10,3,7,永全-南崁,2024-10-01,6451
8150,南茂,8,1,7,永全-南崁,2024-10-01,6451
0050,元大台灣50,6,0,6,永全-南崁,2024-10-01,6451
00918,大華優利高填息30,6,0,6,永全-南崁,2024-10-01,6451
00940,元大台灣價值高息,6,0,6,永全-南崁,2024-10-01,6451
00795B,中信美國公債20年,6,0,6,永全-南崁,2024-10-01,6451
1569,濱川,8,2,6,永全-南崁,2024-10-01,6451
1582,信錦,6,0,6,永全-南崁,2024-10-01,6451
2464,盟立,6,0,6,永全-南崁,2024-10-01,6451
2520,冠德,6,0,6,永全-南崁,2024-10-01,6451
2834,臺企銀,6,0,6,永全-南崁,2024-10-01,6451
3062,建漢,6,0,6,永全-南崁,2024-10-01,6451
2887,台新金,150,0,150,永全-南崁,2024-10-04,6451
2609,陽明,156,30,126,永全-南崁,2024-10-04,6451
00887,永豐中國科技50大,110,0,110,永全-南崁,2024-10-04,6451
2615,萬海,95,5,90,永全-南崁,2024-10-04,6451
1802,台玻,103,26,77,永全-南崁,2024-10-04,6451
1524,耿鼎,71,0,71,永全-南崁,2024-10-04,6451
1326,台化,70,0,70,永全-南崁,2024-10-04,6451
2062,橋椿,58,1,57,永全-南崁,2024-10-04,6451
2603,長榮,60,5,55,永全-南崁,2024-10-04,6451
5014,建錩,68,15,53,永全-南崁,2024-10-04,6451
00673R,期元大S＆P原油反1,50,0,50,永全-南崁,2024-10-04,6451
00680L,元大美債20正2,40,0,40,永全-南崁,2024-10-04,6451
6550,北極星藥業-KY,40,0,40,永全-南崁,2024-10-04,6451
2618,長榮航,43,6,37,永全-南崁,2024-10-04,6451
6517,保勝光學,32,0,32,永全-南崁,2024-10-04,6451
00919,群益台灣精選高息,61,29,32,永全-南崁,2024-10-04,6451
2303,聯電,33,3,30,永全-南崁,2024-10-04,6451
6126,信音,100,70,30,永全-南崁,2024-10-04,6451
8034,榮群,31,1,30,永全-南崁,2024-10-04,6451
00929,復華台灣科技優息,32,4,28,永全-南崁,2024-10-04,6451
5876,上海商銀,28,0,28,永全-南崁,2024-10-04,6451
3715,定穎投控,34,9,25,永全-南崁,2024-10-04,6451
6186,新潤,25,0,25,永全-南崁,2024-10-04,6451
2915,潤泰全,25,2,23,永全-南崁,2024-10-04,6451
6279,胡連,23,0,23,永全-南崁,2024-10-04,6451
2329,華泰,23,1,22,永全-南崁,2024-10-04,6451
4566,時碩工業,21,0,21,永全-南崁,2024-10-04,6451
6151,晉倫,76,55,21,永全-南崁,2024-10-04,6451
00639,富邦深100,20,0,20,永全-南崁,2024-10-04,6451
2353,宏��,20,0,20,永全-南崁,2024-10-04,6451
2382,廣達,24,4,20,永全-南崁,2024-10-04,6451
2498,宏達電,34,14,20,永全-南崁,2024-10-04,6451
2884,玉山金,21,1,20,永全-南崁,2024-10-04,6451
3056,富華新,20,0,20,永全-南崁,2024-10-04,6451
3583,辛耘,21,1,20,永全-南崁,2024-10-04,6451
0061,元大寶滬深,19,0,19,永全-南崁,2024-10-04,6451
00752,中信中國50,33,15,18,永全-南崁,2024-10-04,6451
2891,中信金,20,3,17,永全-南崁,2024-10-04,6451
00918,大華優利高填息30,16,0,16,永全-南崁,2024-10-04,6451
2610,華航,18,4,14,永全-南崁,2024-10-04,6451
6241,易通展,14,0,14,永全-南崁,2024-10-04,6451
00687B,國泰20年美債,13,1,12,永全-南崁,2024-10-04,6451
00922,國泰台灣領袖50,12,0,12,永全-南崁,2024-10-04,6451
5351,鈺創,23,11,12,永全-南崁,2024-10-04,6451
00679B,元大美債20年,11,0,11,永全-南崁,2024-10-04,6451
2014,中鴻,11,0,11,永全-南崁,2024-10-04,6451
2816,旺旺保,11,0,11,永全-南崁,2024-10-04,6451
00936,台新永續高息中小,10,0,10,永全-南崁,2024-10-04,6451
00720B,元大投資級公司債,10,0,10,永全-南崁,2024-10-04,6451
00706L,期元大S＆P日圓正2,10,0,10,永全-南崁,2024-10-04,6451
00752,中信中國50,100,0,100,永全-南崁,2024-10-07,6451
2615,萬海,65,8,57,永全-南崁,2024-10-07,6451
3481,群創,51,1,50,永全-南崁,2024-10-07,6451
3498,陽程,50,0,50,永全-南崁,2024-10-07,6451
1527,鑽全,50,3,47,永全-南崁,2024-10-07,6451
3049,精金,107,60,47,永全-南崁,2024-10-07,6451
00680L,元大美債20正2,35,0,35,永全-南崁,2024-10-07,6451
6218,豪勉,55,21,34,永全-南崁,2024-10-07,6451
00877,復華中國5G,30,0,30,永全-南崁,2024-10-07,6451
1595,川寶,32,4,28,永全-南崁,2024-10-07,6451
2313,華通,28,0,28,永全-南崁,2024-10-07,6451
2399,映泰,43,15,28,永全-南崁,2024-10-07,6451
5351,鈺創,28,0,28,永全-南崁,2024-10-07,6451
3163,波若威,32,6,26,永全-南崁,2024-10-07,6451
00687B,國泰20年美債,25,0,25,永全-南崁,2024-10-07,6451
3545,敦泰,25,0,25,永全-南崁,2024-10-07,6451
2356,英業達,26,2,24,永全-南崁,2024-10-07,6451
6257,矽格,21,0,21,永全-南崁,2024-10-07,6451
00632R,元大台灣50反1,20,0,20,永全-南崁,2024-10-07,6451
3066,李洲,20,0,20,永全-南崁,2024-10-07,6451
6126,信音,20,0,20,永全-南崁,2024-10-07,6451
00637L,元大滬深300正2,20,1,19,永全-南崁,2024-10-07,6451
00795B,中信美國公債20年,18,0,18,永全-南崁,2024-10-07,6451
1314,中石化,16,0,16,永全-南崁,2024-10-07,6451
3591,艾笛森,16,0,16,永全-南崁,2024-10-07,6451
2317,鴻海,30,16,14,永全-南崁,2024-10-07,6451
2498,宏達電,30,16,14,永全-南崁,2024-10-07,6451
3661,世芯-KY,11,0,11,永全-南崁,2024-10-07,6451
00706L,期元大S＆P日圓正2,10,0,10,永全-南崁,2024-10-07,6451
3037,欣興,13,3,10,永全-南崁,2024-10-07,6451
3056,富華新,10,0,10,永全-南崁,2024-10-07,6451
4540,全球傳動,10,0,10,永全-南崁,2024-10-07,6451
8383,千附,10,0,10,永全-南崁,2024-10-07,6451
3044,健鼎,10,0,10,永全-南崁,2024-10-07,6451
2892,第一金,10,0,10,永全-南崁,2024-10-07,6451
2891,中信金,10,1,9,永全-南崁,2024-10-07,6451
2303,聯電,11,3,8,永全-南崁,2024-10-07,6451
2605,新興,14,6,8,永全-南崁,2024-10-07,6451
3025,星通,41,33,8,永全-南崁,2024-10-07,6451
0056,元大高股息,13,6,7,永全-南崁,2024-10-07,6451
00929,復華台灣科技優息,16,9,7,永全-南崁,2024-10-07,6451
00919,群益台灣精選高息,10,3,7,永全-南崁,2024-10-07,6451
2316,楠梓電,12,5,7,永全-南崁,2024-10-07,6451
8111,立��,36,29,7,永全-南崁,2024-10-07,6451
2610,華航,7,0,7,永全-南崁,2024-10-07,6451
1806,冠軍,6,0,6,永全-南崁,2024-10-07,6451
2371,大同,11,5,6,永全-南崁,2024-10-07,6451
2426,鼎元,7,1,6,永全-南崁,2024-10-07,6451
2601,益航,10,4,6,永全-南崁,2024-10-07,6451
5347,世界,6,0,6,永全-南崁,2024-10-07,6451
8429,金麗-KY,357,27,330,永全-南崁,2024-10-08,6451
00673R,期元大S＆P原油反1,134,0,134,永全-南崁,2024-10-08,6451
00665L,富邦�琤肭磪囓�2,114,2,112,永全-南崁,2024-10-08,6451
00882,中信中國高股息,119,12,107,永全-南崁,2024-10-08,6451
2887,台新金,100,0,100,永全-南崁,2024-10-08,6451
1714,和桐,80,0,80,永全-南崁,2024-10-08,6451
00877,復華中國5G,70,0,70,永全-南崁,2024-10-08,6451
4903,聯光通,130,65,65,永全-南崁,2024-10-08,6451
2929,淘帝-KY,55,0,55,永全-南崁,2024-10-08,6451
6126,信音,51,0,51,永全-南崁,2024-10-08,6451
00637L,元大滬深300正2,213,166,47,永全-南崁,2024-10-08,6451
00919,群益台灣精選高息,48,1,47,永全-南崁,2024-10-08,6451
00752,中信中國50,49,3,46,永全-南崁,2024-10-08,6451
6152,百一,60,14,46,永全-南崁,2024-10-08,6451
2409,友達,36,0,36,永全-南崁,2024-10-08,6451
6550,北極星藥業-KY,33,0,33,永全-南崁,2024-10-08,6451
2353,宏��,41,10,31,永全-南崁,2024-10-08,6451
00679B,元大美債20年,29,0,29,永全-南崁,2024-10-08,6451
3037,欣興,25,0,25,永全-南崁,2024-10-08,6451
00725B,國泰投資級公司債,22,0,22,永全-南崁,2024-10-08,6451
5443,均豪,40,18,22,永全-南崁,2024-10-08,6451
00772B,中信高評級公司債,21,0,21,永全-南崁,2024-10-08,6451
6257,矽格,21,0,21,永全-南崁,2024-10-08,6451
1326,台化,20,0,20,永全-南崁,2024-10-08,6451
00943,兆豐電子高息等權,20,0,20,永全-南崁,2024-10-08,6451
00751B,元大AAA至A公司債,20,0,20,永全-南崁,2024-10-08,6451
1540,喬福,20,0,20,永全-南崁,2024-10-08,6451
2515,中工,20,0,20,永全-南崁,2024-10-08,6451
2883,凱基金,20,0,20,永全-南崁,2024-10-08,6451
3481,群創,20,0,20,永全-南崁,2024-10-08,6451
6695,芯鼎,20,0,20,永全-南崁,2024-10-08,6451
6937,天虹,20,0,20,永全-南崁,2024-10-08,6451
0056,元大高股息,37,20,17,永全-南崁,2024-10-08,6451
2317,鴻海,18,2,16,永全-南崁,2024-10-08,6451
0061,元大寶滬深,15,0,15,永全-南崁,2024-10-08,6451
00687B,國泰20年美債,16,1,15,永全-南崁,2024-10-08,6451
2355,敬鵬,14,0,14,永全-南崁,2024-10-08,6451
2405,輔信,16,2,14,永全-南崁,2024-10-08,6451
00929,復華台灣科技優息,31,18,13,永全-南崁,2024-10-08,6451
3673,TPK-KY,13,0,13,永全-南崁,2024-10-08,6451
00878,國泰永續高股息,13,0,13,永全-南崁,2024-10-08,6451
1815,富喬,17,5,12,永全-南崁,2024-10-08,6451
2892,第一金,12,0,12,永全-南崁,2024-10-08,6451
3047,訊舟,16,4,12,永全-南崁,2024-10-08,6451
2362,藍天,22,11,11,永全-南崁,2024-10-08,6451
2367,燿華,11,0,11,永全-南崁,2024-10-08,6451
8089,康全電訊,12,1,11,永全-南崁,2024-10-08,6451
00680L,元大美債20正2,10,0,10,永全-南崁,2024-10-08,6451
00706L,期元大S＆P日圓正2,10,0,10,永全-南崁,2024-10-08,6451
1595,川寶,11,1,10,永全-南崁,2024-10-08,6451
00639,富邦深100,407,4,403,永全-南崁,2024-10-09,6451
2915,潤泰全,104,4,100,永全-南崁,2024-10-09,6451
3605,宏致,69,0,69,永全-南崁,2024-10-09,6451
2323,中環,63,0,63,永全-南崁,2024-10-09,6451
4716,大立,91,31,60,永全-南崁,2024-10-09,6451
2897,王道銀行,55,0,55,永全-南崁,2024-10-09,6451
4908,前鼎,55,0,55,永全-南崁,2024-10-09,6451
6126,信音,55,0,55,永全-南崁,2024-10-09,6451
00680L,元大美債20正2,50,0,50,永全-南崁,2024-10-09,6451
3597,映興,60,12,48,永全-南崁,2024-10-09,6451
2615,萬海,48,3,45,永全-南崁,2024-10-09,6451
3265,台星科,32,0,32,永全-南崁,2024-10-09,6451
2486,一詮,40,9,31,永全-南崁,2024-10-09,6451
1312,國喬,30,0,30,永全-南崁,2024-10-09,6451
1714,和桐,30,0,30,永全-南崁,2024-10-09,6451
6451,訊芯-KY,30,0,30,永全-南崁,2024-10-09,6451
6530,創威,47,19,28,永全-南崁,2024-10-09,6451
1727,中華化,26,0,26,永全-南崁,2024-10-09,6451
6770,力積電,24,0,24,永全-南崁,2024-10-09,6451
2892,第一金,24,0,24,永全-南崁,2024-10-09,6451
2603,長榮,23,0,23,永全-南崁,2024-10-09,6451
00882,中信中國高股息,23,2,21,永全-南崁,2024-10-09,6451
2618,長榮航,22,1,21,永全-南崁,2024-10-09,6451
6117,迎廣,23,2,21,永全-南崁,2024-10-09,6451
2363,矽統,69,49,20,永全-南崁,2024-10-09,6451
00936,台新永續高息中小,20,0,20,永全-南崁,2024-10-09,6451
00632R,元大台灣50反1,20,0,20,永全-南崁,2024-10-09,6451
3013,晟銘電,27,7,20,永全-南崁,2024-10-09,6451
6788,華景電,21,2,19,永全-南崁,2024-10-09,6451
3591,艾笛森,19,0,19,永全-南崁,2024-10-09,6451
6442,光聖,23,5,18,永全-南崁,2024-10-09,6451
6116,彩晶,15,0,15,永全-南崁,2024-10-09,6451
2353,宏��,13,0,13,永全-南崁,2024-10-09,6451
2609,陽明,36,23,13,永全-南崁,2024-10-09,6451
3048,益登,18,5,13,永全-南崁,2024-10-09,6451
3227,原相,20,7,13,永全-南崁,2024-10-09,6451
8034,榮群,23,10,13,永全-南崁,2024-10-09,6451
3049,精金,12,0,12,永全-南崁,2024-10-09,6451
6108,競國,25,13,12,永全-南崁,2024-10-09,6451
8358,金居,12,1,11,永全-南崁,2024-10-09,6451
00878,國泰永續高股息,13,3,10,永全-南崁,2024-10-09,6451
00943,兆豐電子高息等權,10,0,10,永全-南崁,2024-10-09,6451
00706L,期元大S＆P日圓正2,10,0,10,永全-南崁,2024-10-09,6451
00752,中信中國50,10,0,10,永全-南崁,2024-10-09,6451
2409,友達,10,0,10,永全-南崁,2024-10-09,6451
2601,益航,10,0,10,永全-南崁,2024-10-09,6451
2883,凱基金,10,0,10,永全-南崁,2024-10-09,6451
3050,鈺德,10,0,10,永全-南崁,2024-10-09,6451
3360,尚立,10,0,10,永全-南崁,2024-10-09,6451
4934,太極,10,0,10,永全-南崁,2024-10-09,6451
2887,台新金,214,0,214,永全-南崁,2024-10-11,6451
00637L,元大滬深300正2,248,102,146,永全-南崁,2024-10-11,6451
00639,富邦深100,120,0,120,永全-南崁,2024-10-11,6451
00665L,富邦�琤肭磪囓�2,87,0,87,永全-南崁,2024-10-11,6451
2801,彰銀,75,2,73,永全-南崁,2024-10-11,6451
8034,榮群,135,71,64,永全-南崁,2024-10-11,6451
1326,台化,60,0,60,永全-南崁,2024-10-11,6451
1909,榮成,51,0,51,永全-南崁,2024-10-11,6451
00673R,期元大S＆P原油反1,50,0,50,永全-南崁,2024-10-11,6451
2402,毅嘉,51,1,50,永全-南崁,2024-10-11,6451
00937B,群益ESG投等債20,44,0,44,永全-南崁,2024-10-11,6451
6451,訊芯-KY,37,0,37,永全-南崁,2024-10-11,6451
4545,銘鈺,35,0,35,永全-南崁,2024-10-11,6451
1785,光洋科,38,5,33,永全-南崁,2024-10-11,6451
1527,鑽全,27,0,27,永全-南崁,2024-10-11,6451
3450,聯鈞,24,1,23,永全-南崁,2024-10-11,6451
2365,昆盈,23,0,23,永全-南崁,2024-10-11,6451
00940,元大台灣價值高息,24,2,22,永全-南崁,2024-10-11,6451
3591,艾笛森,24,4,20,永全-南崁,2024-10-11,6451
4906,正文,19,0,19,永全-南崁,2024-10-11,6451
2388,威盛,28,10,18,永全-南崁,2024-10-11,6451
2467,志聖,20,2,18,永全-南崁,2024-10-11,6451
00887,永豐中國科技50大,16,0,16,永全-南崁,2024-10-11,6451
2888,新光金,16,0,16,永全-南崁,2024-10-11,6451
3284,太普高,21,5,16,永全-南崁,2024-10-11,6451
4513,福裕,27,11,16,永全-南崁,2024-10-11,6451
00680L,元大美債20正2,15,0,15,永全-南崁,2024-10-11,6451
3062,建漢,15,0,15,永全-南崁,2024-10-11,6451
2303,聯電,13,0,13,永全-南崁,2024-10-11,6451
2615,萬海,15,2,13,永全-南崁,2024-10-11,6451
00753L,中信中國50正2,18,6,12,永全-南崁,2024-10-11,6451
2609,陽明,37,25,12,永全-南崁,2024-10-11,6451
3189,景碩,13,1,12,永全-南崁,2024-10-11,6451
00929,復華台灣科技優息,14,3,11,永全-南崁,2024-10-11,6451
2344,華邦電,11,0,11,永全-南崁,2024-10-11,6451
3019,亞光,12,1,11,永全-南崁,2024-10-11,6451
00650L,復華香港正2,10,0,10,永全-南崁,2024-10-11,6451
00632R,元大台灣50反1,10,0,10,永全-南崁,2024-10-11,6451
00706L,期元大S＆P日圓正2,10,0,10,永全-南崁,2024-10-11,6451
00687B,國泰20年美債,10,0,10,永全-南崁,2024-10-11,6451
2313,華通,13,3,10,永全-南崁,2024-10-11,6451
3060,銘異,15,5,10,永全-南崁,2024-10-11,6451
5251,天鉞電,10,0,10,永全-南崁,2024-10-11,6451
6550,北極星藥業-KY,13,3,10,永全-南崁,2024-10-11,6451
8054,安國,10,0,10,永全-南崁,2024-10-11,6451
8176,智捷,10,0,10,永全-南崁,2024-10-11,6451
00927,群益半導體收益,9,0,9,永全-南崁,2024-10-11,6451
1569,濱川,15,6,9,永全-南崁,2024-10-11,6451
4562,穎漢,9,0,9,永全-南崁,2024-10-11,6451
00679B,元大美債20年,9,0,9,永全-南崁,2024-10-11,6451
2887,台新金,404,0,404,永全-南崁,2024-10-14,6451
9105,泰金寶-DR,418,70,348,永全-南崁,2024-10-14,6451
2845,遠東銀,100,0,100,永全-南崁,2024-10-14,6451
00922,國泰台灣領袖50,65,0,65,永全-南崁,2024-10-14,6451
2312,金寶,54,1,53,永全-南崁,2024-10-14,6451
3715,定穎投控,54,5,49,永全-南崁,2024-10-14,6451
00687B,國泰20年美債,40,0,40,永全-南崁,2024-10-14,6451
00887,永豐中國科技50大,36,0,36,永全-南崁,2024-10-14,6451
2615,萬海,37,3,34,永全-南崁,2024-10-14,6451
6449,鈺邦,30,0,30,永全-南崁,2024-10-14,6451
4729,熒茂,30,1,29,永全-南崁,2024-10-14,6451
0056,元大高股息,29,0,29,永全-南崁,2024-10-14,6451
1326,台化,28,0,28,永全-南崁,2024-10-14,6451
3380,明泰,37,10,27,永全-南崁,2024-10-14,6451
3013,晟銘電,26,3,23,永全-南崁,2024-10-14,6451
00679B,元大美債20年,22,0,22,永全-南崁,2024-10-14,6451
1314,中石化,20,0,20,永全-南崁,2024-10-14,6451
00795B,中信美國公債20年,20,0,20,永全-南崁,2024-10-14,6451
2236,百達-KY,20,0,20,永全-南崁,2024-10-14,6451
3597,映興,20,0,20,永全-南崁,2024-10-14,6451
4105,東洋,20,0,20,永全-南崁,2024-10-14,6451
8473,山林水,20,0,20,永全-南崁,2024-10-14,6451
00878,國泰永續高股息,44,25,19,永全-南崁,2024-10-14,6451
00637L,元大滬深300正2,167,151,16,永全-南崁,2024-10-14,6451
2883,凱基金,15,0,15,永全-南崁,2024-10-14,6451
3163,波若威,15,2,13,永全-南崁,2024-10-14,6451
6462,神盾,16,4,12,永全-南崁,2024-10-14,6451
2421,建準,16,4,12,永全-南崁,2024-10-14,6451
00937B,群益ESG投等債20,12,1,11,永全-南崁,2024-10-14,6451
3037,欣興,22,11,11,永全-南崁,2024-10-14,6451
6457,紘康,11,0,11,永全-南崁,2024-10-14,6451
8089,康全電訊,14,4,10,永全-南崁,2024-10-14,6451
00933B,國泰10Y+金融債,10,0,10,永全-南崁,2024-10-14,6451
00680L,元大美債20正2,10,0,10,永全-南崁,2024-10-14,6451
00706L,期元大S＆P日圓正2,10,0,10,永全-南崁,2024-10-14,6451
00632R,元大台灣50反1,10,0,10,永全-南崁,2024-10-14,6451
1815,富喬,10,0,10,永全-南崁,2024-10-14,6451
2002,中鋼,10,0,10,永全-南崁,2024-10-14,6451
2303,聯電,10,0,10,永全-南崁,2024-10-14,6451
2431,聯昌,10,0,10,永全-南崁,2024-10-14,6451
2607,榮運,10,0,10,永全-南崁,2024-10-14,6451
4714,永捷,10,0,10,永全-南崁,2024-10-14,6451
5340,建榮,10,0,10,永全-南崁,2024-10-14,6451
6190,萬泰科,10,0,10,永全-南崁,2024-10-14,6451
6218,豪勉,8,0,8,永全-南崁,2024-10-14,6451
6550,北極星藥業-KY,9,1,8,永全-南崁,2024-10-14,6451
00639,富邦深100,7,0,7,永全-南崁,2024-10-14,6451
2399,映泰,28,22,6,永全-南崁,2024-10-14,6451
2634,漢翔,6,0,6,永全-南崁,2024-10-14,6451
6148,驊宏資,6,0,6,永全-南崁,2024-10-14,6451
2887,台新金,305,15,290,永全-南崁,2024-10-15,6451
00887,永豐中國科技50大,171,0,171,永全-南崁,2024-10-15,6451
8034,榮群,172,41,131,永全-南崁,2024-10-15,6451
00632R,元大台灣50反1,120,0,120,永全-南崁,2024-10-15,6451
1528,恩德,100,1,99,永全-南崁,2024-10-15,6451
3597,映興,80,10,70,永全-南崁,2024-10-15,6451
5351,鈺創,55,2,53,永全-南崁,2024-10-15,6451
5236,凌陽創新,52,2,50,永全-南崁,2024-10-15,6451
2313,華通,42,2,40,永全-南崁,2024-10-15,6451
00665L,富邦�琤肭磪囓�2,37,2,35,永全-南崁,2024-10-15,6451
3605,宏致,35,0,35,永全-南崁,2024-10-15,6451
6550,北極星藥業-KY,31,1,30,永全-南崁,2024-10-15,6451
00715L,期街口布蘭特正2,39,11,28,永全-南崁,2024-10-15,6451
00687B,國泰20年美債,25,0,25,永全-南崁,2024-10-15,6451
9105,泰金寶-DR,46,21,25,永全-南崁,2024-10-15,6451
1815,富喬,20,0,20,永全-南崁,2024-10-15,6451
3149,正達,31,11,20,永全-南崁,2024-10-15,6451
4114,健喬,20,0,20,永全-南崁,2024-10-15,6451
3413,京鼎,20,2,18,永全-南崁,2024-10-15,6451
1514,亞力,18,0,18,永全-南崁,2024-10-15,6451
00637L,元大滬深300正2,169,153,16,永全-南崁,2024-10-15,6451
00679B,元大美債20年,15,0,15,永全-南崁,2024-10-15,6451
2354,鴻準,19,4,15,永全-南崁,2024-10-15,6451
4105,東洋,15,0,15,永全-南崁,2024-10-15,6451
1303,南亞,15,1,14,永全-南崁,2024-10-15,6451
2399,映泰,34,21,13,永全-南崁,2024-10-15,6451
3060,銘異,13,0,13,永全-南崁,2024-10-15,6451
2417,圓剛,12,0,12,永全-南崁,2024-10-15,6451
2601,益航,20,8,12,永全-南崁,2024-10-15,6451
2374,佳能,11,0,11,永全-南崁,2024-10-15,6451
4183,福永生技,10,0,10,永全-南崁,2024-10-15,6451
4566,時碩工業,10,0,10,永全-南崁,2024-10-15,6451
8021,尖點,10,0,10,永全-南崁,2024-10-15,6451
00922,國泰台灣領袖50,10,1,9,永全-南崁,2024-10-15,6451
2885,元大金,10,1,9,永全-南崁,2024-10-15,6451
1464,得力,16,8,8,永全-南崁,2024-10-15,6451
4927,泰鼎-KY,8,0,8,永全-南崁,2024-10-15,6451
8028,昇陽半導體,10,2,8,永全-南崁,2024-10-15,6451
00712,復華富時不動產,7,0,7,永全-南崁,2024-10-15,6451
2408,南亞科,7,0,7,永全-南崁,2024-10-15,6451
2415,錩新,7,0,7,永全-南崁,2024-10-15,6451
3178,公準,7,0,7,永全-南崁,2024-10-15,6451
5438,東友,7,0,7,永全-南崁,2024-10-15,6451
2356,英業達,12,6,6,永全-南崁,2024-10-15,6451
3036,文曄,6,0,6,永全-南崁,2024-10-15,6451
5880,合庫金,6,0,6,永全-南崁,2024-10-15,6451
6830,汎銓,16,10,6,永全-南崁,2024-10-15,6451
9958,世紀鋼,6,0,6,永全-南崁,2024-10-15,6451
00960,野村全球航運龍頭,5,0,5,永全-南崁,2024-10-15,6451
00946,群益科技高息成長,5,0,5,永全-南崁,2024-10-15,6451
00887,永豐中國科技50大,151,1,150,永全-南崁,2024-10-16,6451
912000,晨訊科-DR,100,0,100,永全-南崁,2024-10-16,6451
911608,明輝-DR,97,0,97,永全-南崁,2024-10-16,6451
1528,恩德,97,1,96,永全-南崁,2024-10-16,6451
0056,元大高股息,78,1,77,永全-南崁,2024-10-16,6451
8383,千附,100,35,65,永全-南崁,2024-10-16,6451
3149,正達,71,8,63,永全-南崁,2024-10-16,6451
2887,台新金,40,8,32,永全-南崁,2024-10-16,6451
00637L,元大滬深300正2,30,2,28,永全-南崁,2024-10-16,6451
2610,華航,32,11,21,永全-南崁,2024-10-16,6451
2609,陽明,70,50,20,永全-南崁,2024-10-16,6451
3268,海德威,40,20,20,永全-南崁,2024-10-16,6451
3564,其陽,20,0,20,永全-南崁,2024-10-16,6451
6196,帆宣,30,10,20,永全-南崁,2024-10-16,6451
6667,信紘科,20,1,19,永全-南崁,2024-10-16,6451
00753L,中信中國50正2,18,1,17,永全-南崁,2024-10-16,6451
6457,紘康,16,0,16,永全-南崁,2024-10-16,6451
6770,力積電,16,0,16,永全-南崁,2024-10-16,6451
2455,全新,17,2,15,永全-南崁,2024-10-16,6451
2324,仁寶,15,0,15,永全-南崁,2024-10-16,6451
00881,國泰台灣5G+,15,1,14,永全-南崁,2024-10-16,6451
00922,國泰台灣領袖50,17,3,14,永全-南崁,2024-10-16,6451
1595,川寶,15,1,14,永全-南崁,2024-10-16,6451
3710,連展投控,13,0,13,永全-南崁,2024-10-16,6451
6241,易通展,13,0,13,永全-南崁,2024-10-16,6451
00679B,元大美債20年,11,0,11,永全-南崁,2024-10-16,6451
1540,喬福,13,2,11,永全-南崁,2024-10-16,6451
6188,廣明,12,1,11,永全-南崁,2024-10-16,6451
00945B,凱基美國非投等債,10,0,10,永全-南崁,2024-10-16,6451
00929,復華台灣科技優息,10,0,10,永全-南崁,2024-10-16,6451
1714,和桐,10,0,10,永全-南崁,2024-10-16,6451
2305,全友,10,0,10,永全-南崁,2024-10-16,6451
3483,力致,10,0,10,永全-南崁,2024-10-16,6451
3576,聯合再生,10,0,10,永全-南崁,2024-10-16,6451
6143,振曜,10,0,10,永全-南崁,2024-10-16,6451
9103,美德醫療-DR,10,0,10,永全-南崁,2024-10-16,6451
2897,王道銀行,9,0,9,永全-南崁,2024-10-16,6451
00919,群益台灣精選高息,8,0,8,永全-南崁,2024-10-16,6451
3673,TPK-KY,8,0,8,永全-南崁,2024-10-16,6451
00961,FT臺灣永續高息,7,0,7,永全-南崁,2024-10-16,6451
1326,台化,10,3,7,永全-南崁,2024-10-16,6451
2615,萬海,12,5,7,永全-南崁,2024-10-16,6451
5880,合庫金,7,0,7,永全-南崁,2024-10-16,6451
6134,萬旭,18,11,7,永全-南崁,2024-10-16,6451
6257,矽格,10,3,7,永全-南崁,2024-10-16,6451
8054,安國,7,0,7,永全-南崁,2024-10-16,6451
6442,光聖,7,1,6,永全-南崁,2024-10-16,6451
00878,國泰永續高股息,6,0,6,永全-南崁,2024-10-16,6451
1718,中纖,6,0,6,永全-南崁,2024-10-16,6451
3189,景碩,6,0,6,永全-南崁,2024-10-16,6451
00632R,元大台灣50反1,650,0,650,永全-南崁,2024-10-17,6451
00887,永豐中國科技50大,139,0,139,永全-南崁,2024-10-17,6451
6603,富強鑫,90,3,87,永全-南崁,2024-10-17,6451
1528,恩德,186,110,76,永全-南崁,2024-10-17,6451
4105,東洋,65,0,65,永全-南崁,2024-10-17,6451
0056,元大高股息,63,2,61,永全-南崁,2024-10-17,6451
4303,信立,50,0,50,永全-南崁,2024-10-17,6451
3037,欣興,72,25,47,永全-南崁,2024-10-17,6451
00919,群益台灣精選高息,43,0,43,永全-南崁,2024-10-17,6451
2399,映泰,54,14,40,永全-南崁,2024-10-17,6451
5230,雷笛克光學,35,0,35,永全-南崁,2024-10-17,6451
911608,明輝-DR,34,0,34,永全-南崁,2024-10-17,6451
6763,綠界科技*,31,0,31,永全-南崁,2024-10-17,6451
4968,立積,31,1,30,永全-南崁,2024-10-17,6451
5474,聰泰,30,0,30,永全-南崁,2024-10-17,6451
00905,FT臺灣Smart,25,0,25,永全-南崁,2024-10-17,6451
8028,昇陽半導體,36,13,23,永全-南崁,2024-10-17,6451
5202,力新,29,8,21,永全-南崁,2024-10-17,6451
2014,中鴻,20,0,20,永全-南崁,2024-10-17,6451
00922,國泰台灣領袖50,19,0,19,永全-南崁,2024-10-17,6451
2402,毅嘉,50,31,19,永全-南崁,2024-10-17,6451
3591,艾笛森,18,0,18,永全-南崁,2024-10-17,6451
3661,世芯-KY,16,0,16,永全-南崁,2024-10-17,6451
2637,慧洋-KY,15,0,15,永全-南崁,2024-10-17,6451
6248,沛波,12,0,12,永全-南崁,2024-10-17,6451
6695,芯鼎,12,0,12,永全-南崁,2024-10-17,6451
3163,波若威,12,1,11,永全-南崁,2024-10-17,6451
4956,光鋐,11,0,11,永全-南崁,2024-10-17,6451
6176,瑞儀,12,1,11,永全-南崁,2024-10-17,6451
00725B,國泰投資級公司債,10,0,10,永全-南崁,2024-10-17,6451
1308,亞聚,11,1,10,永全-南崁,2024-10-17,6451
1815,富喬,10,0,10,永全-南崁,2024-10-17,6451
3419,譁裕,10,0,10,永全-南崁,2024-10-17,6451
3580,友威科,10,0,10,永全-南崁,2024-10-17,6451
4562,穎漢,13,3,10,永全-南崁,2024-10-17,6451
6216,居易,10,0,10,永全-南崁,2024-10-17,6451
6821,聯寶,10,0,10,永全-南崁,2024-10-17,6451
2241,艾姆勒,11,2,9,永全-南崁,2024-10-17,6451
2613,中櫃,10,1,9,永全-南崁,2024-10-17,6451
3605,宏致,13,4,9,永全-南崁,2024-10-17,6451
00929,復華台灣科技優息,10,2,8,永全-南崁,2024-10-17,6451
1540,喬福,11,3,8,永全-南崁,2024-10-17,6451
00637L,元大滬深300正2,228,220,8,永全-南崁,2024-10-17,6451
3062,建漢,18,10,8,永全-南崁,2024-10-17,6451
3413,京鼎,8,0,8,永全-南崁,2024-10-17,6451
8096,擎亞,9,1,8,永全-南崁,2024-10-17,6451
3141,晶宏,6,0,6,永全-南崁,2024-10-17,6451
2606,裕民,6,0,6,永全-南崁,2024-10-17,6451
3715,定穎投控,8,2,6,永全-南崁,2024-10-17,6451
6168,宏齊,6,0,6,永全-南崁,2024-10-17,6451
00673R,期元大S＆P原油反1,100,0,100,永全-南崁,2024-10-18,6451
4105,東洋,62,6,56,永全-南崁,2024-10-18,6451
2303,聯電,44,1,43,永全-南崁,2024-10-18,6451
3230,錦明,50,12,38,永全-南崁,2024-10-18,6451
2356,英業達,45,8,37,永全-南崁,2024-10-18,6451
5347,世界,28,0,28,永全-南崁,2024-10-18,6451
3550,聯穎,30,6,24,永全-南崁,2024-10-18,6451
2374,佳能,30,7,23,永全-南崁,2024-10-18,6451
2449,京元電子,39,17,22,永全-南崁,2024-10-18,6451
1714,和桐,20,0,20,永全-南崁,2024-10-18,6451
2393,億光,20,0,20,永全-南崁,2024-10-18,6451
2867,三商壽,20,0,20,永全-南崁,2024-10-18,6451
6667,信紘科,23,3,20,永全-南崁,2024-10-18,6451
00940,元大台灣價值高息,52,33,19,永全-南崁,2024-10-18,6451
8028,昇陽半導體,58,40,18,永全-南崁,2024-10-18,6451
2887,台新金,22,4,18,永全-南崁,2024-10-18,6451
00918,大華優利高填息30,20,2,18,永全-南崁,2024-10-18,6451
6234,高僑,18,0,18,永全-南崁,2024-10-18,6451
00720B,元大投資級公司債,17,0,17,永全-南崁,2024-10-18,6451
1528,恩德,44,28,16,永全-南崁,2024-10-18,6451
4510,高鋒,18,2,16,永全-南崁,2024-10-18,6451
00937B,群益ESG投等債20,16,1,15,永全-南崁,2024-10-18,6451
5880,合庫金,16,1,15,永全-南崁,2024-10-18,6451
1536,和大,14,0,14,永全-南崁,2024-10-18,6451
3673,TPK-KY,15,1,14,永全-南崁,2024-10-18,6451
6550,北極星藥業-KY,14,0,14,永全-南崁,2024-10-18,6451
00887,永豐中國科技50大,18,5,13,永全-南崁,2024-10-18,6451
3062,建漢,18,5,13,永全-南崁,2024-10-18,6451
6517,保勝光學,13,0,13,永全-南崁,2024-10-18,6451
2355,敬鵬,12,0,12,永全-南崁,2024-10-18,6451
6143,振曜,12,0,12,永全-南崁,2024-10-18,6451
0056,元大高股息,21,10,11,永全-南崁,2024-10-18,6451
1319,東陽,11,0,11,永全-南崁,2024-10-18,6451
6770,力積電,11,0,11,永全-南崁,2024-10-18,6451
00632R,元大台灣50反1,10,0,10,永全-南崁,2024-10-18,6451
2313,華通,19,9,10,永全-南崁,2024-10-18,6451
6113,亞矽,10,0,10,永全-南崁,2024-10-18,6451
6763,綠界科技*,10,0,10,永全-南崁,2024-10-18,6451
1785,光洋科,13,4,9,永全-南崁,2024-10-18,6451
2402,毅嘉,10,2,8,永全-南崁,2024-10-18,6451
2495,普安,12,4,8,永全-南崁,2024-10-18,6451
8105,凌巨,8,0,8,永全-南崁,2024-10-18,6451
006208,富邦台50,7,0,7,永全-南崁,2024-10-18,6451
00713,元大台灣高息低波,7,0,7,永全-南崁,2024-10-18,6451
00679B,元大美債20年,28,21,7,永全-南崁,2024-10-18,6451
2301,光寶科,11,4,7,永全-南崁,2024-10-18,6451
2332,友訊,15,8,7,永全-南崁,2024-10-18,6451
6531,愛普*,8,1,7,永全-南崁,2024-10-18,6451
8064,東捷,12,5,7,永全-南崁,2024-10-18,6451
00948B,中信優息投資級債,6,0,6,永全-南崁,2024-10-18,6451
00639,富邦深100,204,4,200,永全-南崁,2024-10-21,6451
0056,元大高股息,100,0,100,永全-南崁,2024-10-21,6451
00937B,群益ESG投等債20,65,0,65,永全-南崁,2024-10-21,6451
6186,新潤,44,0,44,永全-南崁,2024-10-21,6451
2609,陽明,40,7,33,永全-南崁,2024-10-21,6451
6418,詠昇,32,0,32,永全-南崁,2024-10-21,6451
6246,臺龍,29,0,29,永全-南崁,2024-10-21,6451
2891,中信金,42,17,25,永全-南崁,2024-10-21,6451
2312,金寶,24,1,23,永全-南崁,2024-10-21,6451
00665L,富邦�琤肭磪囓�2,22,0,22,永全-南崁,2024-10-21,6451
2303,聯電,30,8,22,永全-南崁,2024-10-21,6451
00687B,國泰20年美債,30,12,18,永全-南崁,2024-10-21,6451
1815,富喬,30,15,15,永全-南崁,2024-10-21,6451
2882,國泰金,16,1,15,永全-南崁,2024-10-21,6451
5452,佶優,18,3,15,永全-南崁,2024-10-21,6451
2354,鴻準,14,0,14,永全-南崁,2024-10-21,6451
2356,英業達,19,6,13,永全-南崁,2024-10-21,6451
00915,凱基優選高股息30,12,0,12,永全-南崁,2024-10-21,6451
3149,正達,16,4,12,永全-南崁,2024-10-21,6451
00637L,元大滬深300正2,134,123,11,永全-南崁,2024-10-21,6451
2421,建準,11,0,11,永全-南崁,2024-10-21,6451
3230,錦明,10,0,10,永全-南崁,2024-10-21,6451
00715L,期街口布蘭特正2,10,0,10,永全-南崁,2024-10-21,6451
00881,國泰台灣5G+,15,5,10,永全-南崁,2024-10-21,6451
00907,永豐優息存股,10,0,10,永全-南崁,2024-10-21,6451
2607,榮運,10,0,10,永全-南崁,2024-10-21,6451
3715,定穎投控,16,6,10,永全-南崁,2024-10-21,6451
5309,系統電,10,0,10,永全-南崁,2024-10-21,6451
2486,一詮,10,1,9,永全-南崁,2024-10-21,6451
2890,永豐金,9,0,9,永全-南崁,2024-10-21,6451
6442,光聖,25,17,8,永全-南崁,2024-10-21,6451
8070,長華*,9,1,8,永全-南崁,2024-10-21,6451
1326,台化,7,0,7,永全-南崁,2024-10-21,6451
00948B,中信優息投資級債,7,0,7,永全-南崁,2024-10-21,6451
00918,大華優利高填息30,12,5,7,永全-南崁,2024-10-21,6451
3013,晟銘電,26,19,7,永全-南崁,2024-10-21,6451
00900,富邦特選高股息30,6,0,6,永全-南崁,2024-10-21,6451
00725B,國泰投資級公司債,6,0,6,永全-南崁,2024-10-21,6451
1605,華新,6,0,6,永全-南崁,2024-10-21,6451
2363,矽統,19,13,6,永全-南崁,2024-10-21,6451
5347,世界,5,0,5,永全-南崁,2024-10-21,6451
00635U,期元大S＆P黃金,5,0,5,永全-南崁,2024-10-21,6451
00887,永豐中國科技50大,6,1,5,永全-南崁,2024-10-21,6451
2014,中鴻,5,0,5,永全-南崁,2024-10-21,6451
2887,台新金,5,0,5,永全-南崁,2024-10-21,6451
4513,福裕,7,2,5,永全-南崁,2024-10-21,6451
6234,高僑,10,5,5,永全-南崁,2024-10-21,6451
1303,南亞,4,0,4,永全-南崁,2024-10-21,6451
1721,三晃,6,2,4,永全-南崁,2024-10-21,6451
2880,華南金,4,0,4,永全-南崁,2024-10-21,6451
00937B,群益ESG投等債20,100,0,100,永全-南崁,2024-10-22,6451
2316,楠梓電,72,2,70,永全-南崁,2024-10-22,6451
6603,富強鑫,70,4,66,永全-南崁,2024-10-22,6451
00929,復華台灣科技優息,62,0,62,永全-南崁,2024-10-22,6451
00665L,富邦�琤肭磪囓�2,61,0,61,永全-南崁,2024-10-22,6451
2313,華通,68,7,61,永全-南崁,2024-10-22,6451
00679B,元大美債20年,76,20,56,永全-南崁,2024-10-22,6451
6186,新潤,56,0,56,永全-南崁,2024-10-22,6451
00724B,群益投資級金融債,49,0,49,永全-南崁,2024-10-22,6451
00680L,元大美債20正2,42,0,42,永全-南崁,2024-10-22,6451
6584,南俊國際,40,0,40,永全-南崁,2024-10-22,6451
00687B,國泰20年美債,39,0,39,永全-南崁,2024-10-22,6451
00948B,中信優息投資級債,28,0,28,永全-南崁,2024-10-22,6451
4105,東洋,24,0,24,永全-南崁,2024-10-22,6451
6246,臺龍,21,0,21,永全-南崁,2024-10-22,6451
1312,國喬,20,0,20,永全-南崁,2024-10-22,6451
1314,中石化,20,0,20,永全-南崁,2024-10-22,6451
2538,基泰,20,0,20,永全-南崁,2024-10-22,6451
6126,信音,21,1,20,永全-南崁,2024-10-22,6451
8404,百和興業-KY,18,0,18,永全-南崁,2024-10-22,6451
00881,國泰台灣5G+,16,0,16,永全-南崁,2024-10-22,6451
00933B,國泰10Y+金融債,14,0,14,永全-南崁,2024-10-22,6451
1595,川寶,66,52,14,永全-南崁,2024-10-22,6451
00720B,元大投資級公司債,13,0,13,永全-南崁,2024-10-22,6451
2363,矽統,32,19,13,永全-南崁,2024-10-22,6451
8039,台虹,13,0,13,永全-南崁,2024-10-22,6451
8046,南電,14,1,13,永全-南崁,2024-10-22,6451
8054,安國,15,2,13,永全-南崁,2024-10-22,6451
2888,新光金,13,0,13,永全-南崁,2024-10-22,6451
1301,台塑,12,0,12,永全-南崁,2024-10-22,6451
00919,群益台灣精選高息,14,2,12,永全-南崁,2024-10-22,6451
00887,永豐中國科技50大,12,0,12,永全-南崁,2024-10-22,6451
1326,台化,12,1,11,永全-南崁,2024-10-22,6451
00715L,期街口布蘭特正2,10,0,10,永全-南崁,2024-10-22,6451
00751B,元大AAA至A公司債,10,0,10,永全-南崁,2024-10-22,6451
00943,兆豐電子高息等權,10,0,10,永全-南崁,2024-10-22,6451
00942B,台新美A公司債20+,10,0,10,永全-南崁,2024-10-22,6451
1776,展宇,20,10,10,永全-南崁,2024-10-22,6451
2345,智邦,10,0,10,永全-南崁,2024-10-22,6451
2356,英業達,15,5,10,永全-南崁,2024-10-22,6451
3043,科風,10,0,10,永全-南崁,2024-10-22,6451
4711,永純,10,0,10,永全-南崁,2024-10-22,6451
5438,東友,19,9,10,永全-南崁,2024-10-22,6451
6113,亞矽,10,0,10,永全-南崁,2024-10-22,6451
6124,業強,10,0,10,永全-南崁,2024-10-22,6451
8011,台通,10,0,10,永全-南崁,2024-10-22,6451
9103,美德醫療-DR,10,0,10,永全-南崁,2024-10-22,6451
2330,台積電,9,0,9,永全-南崁,2024-10-22,6451
2388,威盛,12,3,9,永全-南崁,2024-10-22,6451
2607,榮運,10,1,9,永全-南崁,2024-10-22,6451
6120,達運,156,2,154,永全-南崁,2024-10-23,6451
00887,永豐中國科技50大,151,1,150,永全-南崁,2024-10-23,6451
00673R,期元大S＆P原油反1,150,0,150,永全-南崁,2024-10-23,6451
00639,富邦深100,105,0,105,永全-南崁,2024-10-23,6451
2303,聯電,84,1,83,永全-南崁,2024-10-23,6451
00929,復華台灣科技優息,62,0,62,永全-南崁,2024-10-23,6451
2477,美隆電,57,5,52,永全-南崁,2024-10-23,6451
0056,元大高股息,41,0,41,永全-南崁,2024-10-23,6451
00679B,元大美債20年,41,0,41,永全-南崁,2024-10-23,6451
00725B,國泰投資級公司債,41,0,41,永全-南崁,2024-10-23,6451
00772B,中信高評級公司債,40,0,40,永全-南崁,2024-10-23,6451
00751B,元大AAA至A公司債,40,0,40,永全-南崁,2024-10-23,6451
2353,宏��,39,0,39,永全-南崁,2024-10-23,6451
6770,力積電,36,1,35,永全-南崁,2024-10-23,6451
4711,永純,41,10,31,永全-南崁,2024-10-23,6451
2412,中華電,30,0,30,永全-南崁,2024-10-23,6451
8114,振樺電,30,0,30,永全-南崁,2024-10-23,6451
2883,凱基金,28,1,27,永全-南崁,2024-10-23,6451
6186,新潤,27,0,27,永全-南崁,2024-10-23,6451
00715L,期街口布蘭特正2,25,0,25,永全-南崁,2024-10-23,6451
6182,合晶,25,0,25,永全-南崁,2024-10-23,6451
6937,天虹,25,2,23,永全-南崁,2024-10-23,6451
1589,永冠-KY,22,0,22,永全-南崁,2024-10-23,6451
2371,大同,20,0,20,永全-南崁,2024-10-23,6451
3605,宏致,35,15,20,永全-南崁,2024-10-23,6451
00937B,群益ESG投等債20,17,1,16,永全-南崁,2024-10-23,6451
3481,群創,29,13,16,永全-南崁,2024-10-23,6451
3661,世芯-KY,16,1,15,永全-南崁,2024-10-23,6451
1776,展宇,15,0,15,永全-南崁,2024-10-23,6451
3049,精金,20,5,15,永全-南崁,2024-10-23,6451
2354,鴻準,15,1,14,永全-南崁,2024-10-23,6451
3588,通嘉,14,0,14,永全-南崁,2024-10-23,6451
2317,鴻海,23,10,13,永全-南崁,2024-10-23,6451
4303,信立,16,3,13,永全-南崁,2024-10-23,6451
3209,全科,12,0,12,永全-南崁,2024-10-23,6451
8070,長華*,13,1,12,永全-南崁,2024-10-23,6451
2313,華通,11,0,11,永全-南崁,2024-10-23,6451
00706L,期元大S＆P日圓正2,10,0,10,永全-南崁,2024-10-23,6451
2356,英業達,10,0,10,永全-南崁,2024-10-23,6451
4529,淳紳,10,0,10,永全-南崁,2024-10-23,6451
8089,康全電訊,10,0,10,永全-南崁,2024-10-23,6451
5386,青雲,12,3,9,永全-南崁,2024-10-23,6451
8028,昇陽半導體,9,0,9,永全-南崁,2024-10-23,6451
1595,川寶,20,12,8,永全-南崁,2024-10-23,6451
3011,今皓,8,0,8,永全-南崁,2024-10-23,6451
00919,群益台灣精選高息,19,12,7,永全-南崁,2024-10-23,6451
1708,東鹼,7,0,7,永全-南崁,2024-10-23,6451
2498,宏達電,7,0,7,永全-南崁,2024-10-23,6451
2542,興富發,7,0,7,永全-南崁,2024-10-23,6451
3360,尚立,7,0,7,永全-南崁,2024-10-23,6451
00887,永豐中國科技50大,126,0,126,永全-南崁,2024-10-24,6451
00940,元大台灣價值高息,111,0,111,永全-南崁,2024-10-24,6451
2303,聯電,55,0,55,永全-南崁,2024-10-24,6451
4303,信立,52,1,51,永全-南崁,2024-10-24,6451
00673R,期元大S＆P原油反1,50,0,50,永全-南崁,2024-10-24,6451
1815,富喬,50,0,50,永全-南崁,2024-10-24,6451
2427,三商電,100,50,50,永全-南崁,2024-10-24,6451
6532,瑞耘,50,0,50,永全-南崁,2024-10-24,6451
00929,復華台灣科技優息,54,14,40,永全-南崁,2024-10-24,6451
00639,富邦深100,40,0,40,永全-南崁,2024-10-24,6451
0056,元大高股息,35,0,35,永全-南崁,2024-10-24,6451
00679B,元大美債20年,30,0,30,永全-南崁,2024-10-24,6451
3211,順達,30,0,30,永全-南崁,2024-10-24,6451
1711,永光,29,0,29,永全-南崁,2024-10-24,6451
2353,宏��,29,0,29,永全-南崁,2024-10-24,6451
6186,新潤,28,0,28,永全-南崁,2024-10-24,6451
2489,瑞軒,47,20,27,永全-南崁,2024-10-24,6451
2405,輔信,44,18,26,永全-南崁,2024-10-24,6451
2388,威盛,36,13,23,永全-南崁,2024-10-24,6451
6241,易通展,23,0,23,永全-南崁,2024-10-24,6451
2371,大同,22,0,22,永全-南崁,2024-10-24,6451
2399,映泰,24,2,22,永全-南崁,2024-10-24,6451
2436,偉詮電,22,0,22,永全-南崁,2024-10-24,6451
6114,久威,56,35,21,永全-南崁,2024-10-24,6451
2477,美隆電,51,31,20,永全-南崁,2024-10-24,6451
1721,三晃,19,0,19,永全-南崁,2024-10-24,6451
00665L,富邦�琤肭磪囓�2,18,0,18,永全-南崁,2024-10-24,6451
2317,鴻海,32,16,16,永全-南崁,2024-10-24,6451
00918,大華優利高填息30,15,0,15,永全-南崁,2024-10-24,6451
2543,皇昌,16,2,14,永全-南崁,2024-10-24,6451
4716,大立,37,23,14,永全-南崁,2024-10-24,6451
3434,哲固,13,0,13,永全-南崁,2024-10-24,6451
3450,聯鈞,16,3,13,永全-南崁,2024-10-24,6451
5309,系統電,12,0,12,永全-南崁,2024-10-24,6451
00937B,群益ESG投等債20,12,0,12,永全-南崁,2024-10-24,6451
1595,川寶,18,6,12,永全-南崁,2024-10-24,6451
2002,中鋼,12,0,12,永全-南崁,2024-10-24,6451
6156,松上,13,1,12,永全-南崁,2024-10-24,6451
2363,矽統,11,0,11,永全-南崁,2024-10-24,6451
2382,廣達,25,14,11,永全-南崁,2024-10-24,6451
1301,台塑,11,0,11,永全-南崁,2024-10-24,6451
00922,國泰台灣領袖50,11,0,11,永全-南崁,2024-10-24,6451
6129,普誠,11,0,11,永全-南崁,2024-10-24,6451
00878,國泰永續高股息,10,0,10,永全-南崁,2024-10-24,6451
2417,圓剛,10,0,10,永全-南崁,2024-10-24,6451
2845,遠東銀,10,0,10,永全-南崁,2024-10-24,6451
3441,聯一光,10,0,10,永全-南崁,2024-10-24,6451
6116,彩晶,10,0,10,永全-南崁,2024-10-24,6451
6143,振曜,10,0,10,永全-南崁,2024-10-24,6451
8028,昇陽半導體,10,0,10,永全-南崁,2024-10-24,6451
2646,星宇航空,127,28,99,永全-南崁,2024-10-25,6451
1528,恩德,104,18,86,永全-南崁,2024-10-25,6451
2427,三商電,80,0,80,永全-南崁,2024-10-25,6451
2405,輔信,73,3,70,永全-南崁,2024-10-25,6451
6218,豪勉,50,0,50,永全-南崁,2024-10-25,6451
2313,華通,42,0,42,永全-南崁,2024-10-25,6451
5202,力新,58,23,35,永全-南崁,2024-10-25,6451
2913,農林,34,0,34,永全-南崁,2024-10-25,6451
6788,華景電,30,0,30,永全-南崁,2024-10-25,6451
5607,遠雄港,31,3,28,永全-南崁,2024-10-25,6451
00937B,群益ESG投等債20,21,0,21,永全-南崁,2024-10-25,6451
2329,華泰,20,0,20,永全-南崁,2024-10-25,6451
1815,富喬,20,0,20,永全-南崁,2024-10-25,6451
3597,映興,20,0,20,永全-南崁,2024-10-25,6451
2436,偉詮電,19,0,19,永全-南崁,2024-10-25,6451
2302,麗正,19,5,14,永全-南崁,2024-10-25,6451
2303,聯電,13,0,13,永全-南崁,2024-10-25,6451
6763,綠界科技*,13,0,13,永全-南崁,2024-10-25,6451
00887,永豐中國科技50大,15,3,12,永全-南崁,2024-10-25,6451
2349,錸德,12,0,12,永全-南崁,2024-10-25,6451
3607,谷崧,12,0,12,永全-南崁,2024-10-25,6451
3661,世芯-KY,19,8,11,永全-南崁,2024-10-25,6451
00680L,元大美債20正2,10,0,10,永全-南崁,2024-10-25,6451
00950B,凱基A級公司債,10,0,10,永全-南崁,2024-10-25,6451
2385,群光,10,0,10,永全-南崁,2024-10-25,6451
3260,威剛,10,0,10,永全-南崁,2024-10-25,6451
3380,明泰,10,0,10,永全-南崁,2024-10-25,6451
3707,漢磊,10,0,10,永全-南崁,2024-10-25,6451
5522,遠雄,10,0,10,永全-南崁,2024-10-25,6451
6216,居易,10,0,10,永全-南崁,2024-10-25,6451
6234,高僑,10,0,10,永全-南崁,2024-10-25,6451
8011,台通,10,0,10,永全-南崁,2024-10-25,6451
8034,榮群,10,0,10,永全-南崁,2024-10-25,6451
3118,進階,9,0,9,永全-南崁,2024-10-25,6451
1708,東鹼,13,5,8,永全-南崁,2024-10-25,6451
00959B,大華投等美債15Y+,7,0,7,永全-南崁,2024-10-25,6451
00939,統一台灣高息動能,7,0,7,永全-南崁,2024-10-25,6451
00685L,群益臺灣加權正2,7,0,7,永全-南崁,2024-10-25,6451
2201,裕隆,7,0,7,永全-南崁,2024-10-25,6451
3209,全科,14,7,7,永全-南崁,2024-10-25,6451
3715,定穎投控,7,0,7,永全-南崁,2024-10-25,6451
6609,瀧澤科,8,1,7,永全-南崁,2024-10-25,6451
2344,華邦電,6,0,6,永全-南崁,2024-10-25,6451
1605,華新,6,0,6,永全-南崁,2024-10-25,6451
2233,宇隆,10,4,6,永全-南崁,2024-10-25,6451
2408,南亞科,6,0,6,永全-南崁,2024-10-25,6451
3615,安可,6,0,6,永全-南崁,2024-10-25,6451
9938,百和,8,2,6,永全-南崁,2024-10-25,6451
00639,富邦深100,5,0,5,永全-南崁,2024-10-25,6451
00893,國泰智能電動車,10,5,5,永全-南崁,2024-10-25,6451
2405,輔信,117,2,115,永全-南崁,2024-10-28,6451
1528,恩德,117,4,113,永全-南崁,2024-10-28,6451
00679B,元大美債20年,60,1,59,永全-南崁,2024-10-28,6451
6156,松上,102,43,59,永全-南崁,2024-10-28,6451
6114,久威,75,27,48,永全-南崁,2024-10-28,6451
2477,美隆電,51,5,46,永全-南崁,2024-10-28,6451
8121,越峰,46,0,46,永全-南崁,2024-10-28,6451
2399,映泰,70,28,42,永全-南崁,2024-10-28,6451
2646,星宇航空,47,6,41,永全-南崁,2024-10-28,6451
2888,新光金,30,0,30,永全-南崁,2024-10-28,6451
3042,晶技,30,0,30,永全-南崁,2024-10-28,6451
3236,千如,30,0,30,永全-南崁,2024-10-28,6451
4576,大銀微系統,29,1,28,永全-南崁,2024-10-28,6451
4105,東洋,26,0,26,永全-南崁,2024-10-28,6451
2303,聯電,27,1,26,永全-南崁,2024-10-28,6451
00948B,中信優息投資級債,20,0,20,永全-南崁,2024-10-28,6451
00706L,期元大S＆P日圓正2,20,0,20,永全-南崁,2024-10-28,6451
1449,佳和,121,102,19,永全-南崁,2024-10-28,6451
2610,華航,34,16,18,永全-南崁,2024-10-28,6451
3231,緯創,21,4,17,永全-南崁,2024-10-28,6451
00724B,群益投資級金融債,15,0,15,永全-南崁,2024-10-28,6451
2615,萬海,23,8,15,永全-南崁,2024-10-28,6451
3711,日月光投控,16,1,15,永全-南崁,2024-10-28,6451
5443,均豪,15,0,15,永全-南崁,2024-10-28,6451
00937B,群益ESG投等債20,14,0,14,永全-南崁,2024-10-28,6451
2374,佳能,14,1,13,永全-南崁,2024-10-28,6451
3189,景碩,13,0,13,永全-南崁,2024-10-28,6451
00945B,凱基美國非投等債,12,0,12,永全-南崁,2024-10-28,6451
4167,松瑞藥,12,0,12,永全-南崁,2024-10-28,6451
00953B,群益優選非投等債,11,0,11,永全-南崁,2024-10-28,6451
3019,亞光,11,0,11,永全-南崁,2024-10-28,6451
00933B,國泰10Y+金融債,10,0,10,永全-南崁,2024-10-28,6451
0056,元大高股息,11,1,10,永全-南崁,2024-10-28,6451
2609,陽明,14,4,10,永全-南崁,2024-10-28,6451
6288,聯嘉,11,1,10,永全-南崁,2024-10-28,6451
2436,偉詮電,9,0,9,永全-南崁,2024-10-28,6451
3011,今皓,9,0,9,永全-南崁,2024-10-28,6451
3033,威健,9,0,9,永全-南崁,2024-10-28,6451
6462,神盾,10,1,9,永全-南崁,2024-10-28,6451
9958,世紀鋼,9,0,9,永全-南崁,2024-10-28,6451
2409,友達,18,10,8,永全-南崁,2024-10-28,6451
3163,波若威,9,1,8,永全-南崁,2024-10-28,6451
6695,芯鼎,15,7,8,永全-南崁,2024-10-28,6451
00725B,國泰投資級公司債,7,0,7,永全-南崁,2024-10-28,6451
8107,大億金茂,70,63,7,永全-南崁,2024-10-28,6451
4162,智擎,6,0,6,永全-南崁,2024-10-28,6451
4566,時碩工業,6,0,6,永全-南崁,2024-10-28,6451
2317,鴻海,22,16,6,永全-南崁,2024-10-28,6451
5386,青雲,6,0,6,永全-南崁,2024-10-28,6451
00772B,中信高評級公司債,5,0,5,永全-南崁,2024-10-28,6451
2303,聯電,105,0,105,永全-南崁,2024-10-29,6451
2106,建大,100,0,100,永全-南崁,2024-10-29,6451
00637L,元大滬深300正2,100,5,95,永全-南崁,2024-10-29,6451
00919,群益台灣精選高息,88,0,88,永全-南崁,2024-10-29,6451
2369,菱生,66,0,66,永全-南崁,2024-10-29,6451
00712,復華富時不動產,64,0,64,永全-南崁,2024-10-29,6451
00929,復華台灣科技優息,60,0,60,永全-南崁,2024-10-29,6451
00680L,元大美債20正2,50,0,50,永全-南崁,2024-10-29,6451
0056,元大高股息,43,0,43,永全-南崁,2024-10-29,6451
00715L,期街口布蘭特正2,40,0,40,永全-南崁,2024-10-29,6451
00878,國泰永續高股息,36,0,36,永全-南崁,2024-10-29,6451
6770,力積電,43,9,34,永全-南崁,2024-10-29,6451
1714,和桐,27,0,27,永全-南崁,2024-10-29,6451
2323,中環,26,0,26,永全-南崁,2024-10-29,6451
3715,定穎投控,36,11,25,永全-南崁,2024-10-29,6451
2382,廣達,26,2,24,永全-南崁,2024-10-29,6451
2883,凱基金,25,2,23,永全-南崁,2024-10-29,6451
3552,同致,38,16,22,永全-南崁,2024-10-29,6451
2329,華泰,21,0,21,永全-南崁,2024-10-29,6451
3597,映興,33,12,21,永全-南崁,2024-10-29,6451
00923,群益台ESG低碳50,21,0,21,永全-南崁,2024-10-29,6451
2204,中華,20,0,20,永全-南崁,2024-10-29,6451
3031,佰鴻,20,0,20,永全-南崁,2024-10-29,6451
3437,榮創,20,0,20,永全-南崁,2024-10-29,6451
2646,星宇航空,19,0,19,永全-南崁,2024-10-29,6451
2609,陽明,38,23,15,永全-南崁,2024-10-29,6451
2867,三商壽,14,0,14,永全-南崁,2024-10-29,6451
2313,華通,13,0,13,永全-南崁,2024-10-29,6451
2610,華航,21,8,13,永全-南崁,2024-10-29,6451
3189,景碩,25,12,13,永全-南崁,2024-10-29,6451
2890,永豐金,12,0,12,永全-南崁,2024-10-29,6451
6129,普誠,12,0,12,永全-南崁,2024-10-29,6451
6143,振曜,12,0,12,永全-南崁,2024-10-29,6451
6442,光聖,15,4,11,永全-南崁,2024-10-29,6451
00918,大華優利高填息30,11,0,11,永全-南崁,2024-10-29,6451
2486,一詮,11,0,11,永全-南崁,2024-10-29,6451
2892,第一金,11,0,11,永全-南崁,2024-10-29,6451
3105,穩懋,11,0,11,永全-南崁,2024-10-29,6451
2302,麗正,10,0,10,永全-南崁,2024-10-29,6451
2363,矽統,10,0,10,永全-南崁,2024-10-29,6451
3149,正達,16,6,10,永全-南崁,2024-10-29,6451
3380,明泰,10,0,10,永全-南崁,2024-10-29,6451
6257,矽格,10,0,10,永全-南崁,2024-10-29,6451
6443,元晶,13,3,10,永全-南崁,2024-10-29,6451
6456,GIS-KY,10,0,10,永全-南崁,2024-10-29,6451
6695,芯鼎,10,0,10,永全-南崁,2024-10-29,6451
00631L,元大台灣50正2,9,0,9,永全-南崁,2024-10-29,6451
2615,萬海,33,24,9,永全-南崁,2024-10-29,6451
1527,鑽全,8,0,8,永全-南崁,2024-10-29,6451
2436,偉詮電,8,0,8,永全-南崁,2024-10-29,6451
00637L,元大滬深300正2,503,1,502,永全-南崁,2024-10-30,6451
3552,同致,54,2,52,永全-南崁,2024-10-30,6451
00753L,中信中國50正2,50,0,50,永全-南崁,2024-10-30,6451
00673R,期元大S＆P原油反1,50,0,50,永全-南崁,2024-10-30,6451
2887,台新金,50,0,50,永全-南崁,2024-10-30,6451
3062,建漢,56,22,34,永全-南崁,2024-10-30,6451
00929,復華台灣科技優息,33,0,33,永全-南崁,2024-10-30,6451
00919,群益台灣精選高息,31,0,31,永全-南崁,2024-10-30,6451
2369,菱生,31,0,31,永全-南崁,2024-10-30,6451
6257,矽格,31,0,31,永全-南崁,2024-10-30,6451
3597,映興,30,0,30,永全-南崁,2024-10-30,6451
2303,聯電,30,1,29,永全-南崁,2024-10-30,6451
0056,元大高股息,28,0,28,永全-南崁,2024-10-30,6451
00795B,中信美國公債20年,24,0,24,永全-南崁,2024-10-30,6451
3324,雙鴻,29,6,23,永全-南崁,2024-10-30,6451
00715L,期街口布蘭特正2,22,0,22,永全-南崁,2024-10-30,6451
2399,映泰,25,3,22,永全-南崁,2024-10-30,6451
3581,博磊,26,4,22,永全-南崁,2024-10-30,6451
00687B,國泰20年美債,16,0,16,永全-南崁,2024-10-30,6451
5481,新華,15,0,15,永全-南崁,2024-10-30,6451
6732,昇佳電子,15,0,15,永全-南崁,2024-10-30,6451
6770,力積電,15,0,15,永全-南崁,2024-10-30,6451
8044,網家,22,7,15,永全-南崁,2024-10-30,6451
00878,國泰永續高股息,14,0,14,永全-南崁,2024-10-30,6451
1326,台化,11,0,11,永全-南崁,2024-10-30,6451
2337,旺宏,11,0,11,永全-南崁,2024-10-30,6451
3049,精金,23,12,11,永全-南崁,2024-10-30,6451
5388,中磊,11,0,11,永全-南崁,2024-10-30,6451
1449,佳和,67,57,10,永全-南崁,2024-10-30,6451
1527,鑽全,10,0,10,永全-南崁,2024-10-30,6451
1815,富喬,10,0,10,永全-南崁,2024-10-30,6451
2241,艾姆勒,10,0,10,永全-南崁,2024-10-30,6451
2367,燿華,10,0,10,永全-南崁,2024-10-30,6451
3272,東碩,10,0,10,永全-南崁,2024-10-30,6451
4513,福裕,10,0,10,永全-南崁,2024-10-30,6451
6670,復盛應用,10,0,10,永全-南崁,2024-10-30,6451
2313,華通,10,2,8,永全-南崁,2024-10-30,6451
5438,東友,8,0,8,永全-南崁,2024-10-30,6451
00939,統一台灣高息動能,6,0,6,永全-南崁,2024-10-30,6451
2356,英業達,9,3,6,永全-南崁,2024-10-30,6451
2421,建準,6,0,6,永全-南崁,2024-10-30,6451
4906,正文,6,0,6,永全-南崁,2024-10-30,6451
6126,信音,6,0,6,永全-南崁,2024-10-30,6451
6290,良維,6,0,6,永全-南崁,2024-10-30,6451
6425,易發,9,3,6,永全-南崁,2024-10-30,6451
00944,野村趨勢動能高息,5,0,5,永全-南崁,2024-10-30,6451
00712,復華富時不動產,5,0,5,永全-南崁,2024-10-30,6451
00934,中信成長高股息,5,0,5,永全-南崁,2024-10-30,6451
2363,矽統,5,0,5,永全-南崁,2024-10-30,6451
2618,長榮航,5,0,5,永全-南崁,2024-10-30,6451
2431,聯昌,105,5,100,永全-南崁,2024-11-01,6451
2354,鴻準,105,48,57,永全-南崁,2024-11-01,6451
00751B,元大AAA至A公司債,50,0,50,永全-南崁,2024-11-01,6451
00673R,期元大S＆P原油反1,50,0,50,永全-南崁,2024-11-01,6451
1449,佳和,61,15,46,永全-南崁,2024-11-01,6451
00929,復華台灣科技優息,42,0,42,永全-南崁,2024-11-01,6451
8107,大億金茂,50,10,40,永全-南崁,2024-11-01,6451
00878,國泰永續高股息,35,0,35,永全-南崁,2024-11-01,6451
2303,聯電,62,31,31,永全-南崁,2024-11-01,6451
1711,永光,30,0,30,永全-南崁,2024-11-01,6451
00919,群益台灣精選高息,25,0,25,永全-南崁,2024-11-01,6451
8110,華東,24,0,24,永全-南崁,2024-11-01,6451
00679B,元大美債20年,20,0,20,永全-南崁,2024-11-01,6451
2302,麗正,30,10,20,永全-南崁,2024-11-01,6451
2884,玉山金,16,0,16,永全-南崁,2024-11-01,6451
2887,台新金,15,0,15,永全-南崁,2024-11-01,6451
3037,欣興,53,39,14,永全-南崁,2024-11-01,6451
3324,雙鴻,30,16,14,永全-南崁,2024-11-01,6451
0056,元大高股息,12,0,12,永全-南崁,2024-11-01,6451
2886,兆豐金,12,0,12,永全-南崁,2024-11-01,6451
3661,世芯-KY,17,5,12,永全-南崁,2024-11-01,6451
6216,居易,16,4,12,永全-南崁,2024-11-01,6451
2317,鴻海,20,8,12,永全-南崁,2024-11-01,6451
1301,台塑,11,0,11,永全-南崁,2024-11-01,6451
00948B,中信優息投資級債,10,0,10,永全-南崁,2024-11-01,6451
1540,喬福,10,0,10,永全-南崁,2024-11-01,6451
1802,台玻,10,0,10,永全-南崁,2024-11-01,6451
2409,友達,10,0,10,永全-南崁,2024-11-01,6451
2881,富邦金,10,0,10,永全-南崁,2024-11-01,6451
6168,宏齊,10,0,10,永全-南崁,2024-11-01,6451
8034,榮群,10,0,10,永全-南崁,2024-11-01,6451
2363,矽統,10,1,9,永全-南崁,2024-11-01,6451
2834,臺企銀,9,0,9,永全-南崁,2024-11-01,6451
3704,合勤控,13,4,9,永全-南崁,2024-11-01,6451
2646,星宇航空,8,0,8,永全-南崁,2024-11-01,6451
00712,復華富時不動產,7,0,7,永全-南崁,2024-11-01,6451
3552,同致,11,4,7,永全-南崁,2024-11-01,6451
6187,萬潤,8,2,6,永全-南崁,2024-11-01,6451
3686,達能,6,0,6,永全-南崁,2024-11-01,6451
1504,東元,5,0,5,永全-南崁,2024-11-01,6451
1477,聚陽,5,0,5,永全-南崁,2024-11-01,6451
2230,泰茂,5,0,5,永全-南崁,2024-11-01,6451
2408,南亞科,5,0,5,永全-南崁,2024-11-01,6451
2731,雄獅,5,0,5,永全-南崁,2024-11-01,6451
3062,建漢,5,0,5,永全-南崁,2024-11-01,6451
3551,世禾,7,2,5,永全-南崁,2024-11-01,6451
6462,神盾,5,0,5,永全-南崁,2024-11-01,6451
00923,群益台ESG低碳50,4,0,4,永全-南崁,2024-11-01,6451
00922,國泰台灣領袖50,4,0,4,永全-南崁,2024-11-01,6451
00940,元大台灣價值高息,4,0,4,永全-南崁,2024-11-01,6451
00712,復華富時不動產,273,0,273,永全-南崁,2024-11-04,6451
2605,新興,80,0,80,永全-南崁,2024-11-04,6451
3325,旭品,56,1,55,永全-南崁,2024-11-04,6451
00673R,期元大S＆P原油反1,50,0,50,永全-南崁,2024-11-04,6451
2426,鼎元,40,0,40,永全-南崁,2024-11-04,6451
00932,兆豐永續高息等權,37,0,37,永全-南崁,2024-11-04,6451
00919,群益台灣精選高息,42,8,34,永全-南崁,2024-11-04,6451
00937B,群益ESG投等債20,31,0,31,永全-南崁,2024-11-04,6451
00878,國泰永續高股息,27,1,26,永全-南崁,2024-11-04,6451
2615,萬海,57,31,26,永全-南崁,2024-11-04,6451
6739,竹陞科技,23,0,23,永全-南崁,2024-11-04,6451
1815,富喬,22,0,22,永全-南崁,2024-11-04,6451
2609,陽明,66,44,22,永全-南崁,2024-11-04,6451
00679B,元大美債20年,50,30,20,永全-南崁,2024-11-04,6451
2323,中環,20,0,20,永全-南崁,2024-11-04,6451
2467,志聖,24,4,20,永全-南崁,2024-11-04,6451
2867,三商壽,25,5,20,永全-南崁,2024-11-04,6451
6443,元晶,20,0,20,永全-南崁,2024-11-04,6451
6442,光聖,21,2,19,永全-南崁,2024-11-04,6451
3037,欣興,22,4,18,永全-南崁,2024-11-04,6451
00943,兆豐電子高息等權,16,0,16,永全-南崁,2024-11-04,6451
6197,佳必琪,16,0,16,永全-南崁,2024-11-04,6451
00687B,國泰20年美債,15,0,15,永全-南崁,2024-11-04,6451
3481,群創,15,0,15,永全-南崁,2024-11-04,6451
3704,合勤控,14,0,14,永全-南崁,2024-11-04,6451
3189,景碩,14,1,13,永全-南崁,2024-11-04,6451
5014,建錩,13,0,13,永全-南崁,2024-11-04,6451
2425,承啟,11,0,11,永全-南崁,2024-11-04,6451
6456,GIS-KY,11,0,11,永全-南崁,2024-11-04,6451
00938,凱基優選30,10,0,10,永全-南崁,2024-11-04,6451
00724B,群益投資級金融債,10,0,10,永全-南崁,2024-11-04,6451
3597,映興,10,0,10,永全-南崁,2024-11-04,6451
3605,宏致,10,0,10,永全-南崁,2024-11-04,6451
6695,芯鼎,10,0,10,永全-南崁,2024-11-04,6451
9904,寶成,10,1,9,永全-南崁,2024-11-04,6451
00631L,元大台灣50正2,9,0,9,永全-南崁,2024-11-04,6451
6770,力積電,11,2,9,永全-南崁,2024-11-04,6451
8046,南電,9,0,9,永全-南崁,2024-11-04,6451
00795B,中信美國公債20年,8,0,8,永全-南崁,2024-11-04,6451
2327,國巨,8,0,8,永全-南崁,2024-11-04,6451
2413,環科,20,12,8,永全-南崁,2024-11-04,6451
1595,川寶,7,0,7,永全-南崁,2024-11-04,6451
00905,FT臺灣Smart,6,0,6,永全-南崁,2024-11-04,6451
2392,正崴,6,0,6,永全-南崁,2024-11-04,6451
3581,博磊,6,0,6,永全-南崁,2024-11-04,6451
6285,啟��,6,0,6,永全-南崁,2024-11-04,6451
8032,光菱,14,8,6,永全-南崁,2024-11-04,6451
00713,元大台灣高息低波,5,0,5,永全-南崁,2024-11-04,6451
2312,金寶,12,7,5,永全-南崁,2024-11-04,6451
2337,旺宏,9,4,5,永全-南崁,2024-11-04,6451
2303,聯電,75,0,75,永全-南崁,2024-11-05,6451
00673R,期元大S＆P原油反1,50,0,50,永全-南崁,2024-11-05,6451
1718,中纖,50,0,50,永全-南崁,2024-11-05,6451
3455,由田,30,0,30,永全-南崁,2024-11-05,6451
3689,湧德,30,0,30,永全-南崁,2024-11-05,6451
00929,復華台灣科技優息,32,4,28,永全-南崁,2024-11-05,6451
00679B,元大美債20年,20,0,20,永全-南崁,2024-11-05,6451
2014,中鴻,20,0,20,永全-南崁,2024-11-05,6451
8011,台通,20,0,20,永全-南崁,2024-11-05,6451
8107,大億金茂,41,21,20,永全-南崁,2024-11-05,6451
2413,環科,19,0,19,永全-南崁,2024-11-05,6451
1513,中興電,19,2,17,永全-南崁,2024-11-05,6451
3049,精金,18,2,16,永全-南崁,2024-11-05,6451
9105,泰金寶-DR,14,0,14,永全-南崁,2024-11-05,6451
00919,群益台灣精選高息,16,2,14,永全-南崁,2024-11-05,6451
1605,華新,12,0,12,永全-南崁,2024-11-05,6451
2891,中信金,12,0,12,永全-南崁,2024-11-05,6451
4956,光鋐,19,7,12,永全-南崁,2024-11-05,6451
00772B,中信高評級公司債,11,0,11,永全-南崁,2024-11-05,6451
00725B,國泰投資級公司債,11,0,11,永全-南崁,2024-11-05,6451
2312,金寶,13,2,11,永全-南崁,2024-11-05,6451
3490,單井,30,19,11,永全-南崁,2024-11-05,6451
00751B,元大AAA至A公司債,10,0,10,永全-南崁,2024-11-05,6451
1314,中石化,10,0,10,永全-南崁,2024-11-05,6451
2338,光罩,10,0,10,永全-南崁,2024-11-05,6451
2477,美隆電,10,0,10,永全-南崁,2024-11-05,6451
3047,訊舟,10,0,10,永全-南崁,2024-11-05,6451
4977,眾達-KY,11,1,10,永全-南崁,2024-11-05,6451
2888,新光金,9,0,9,永全-南崁,2024-11-05,6451
4903,聯光通,47,39,8,永全-南崁,2024-11-05,6451
5315,光聯,10,2,8,永全-南崁,2024-11-05,6451
3581,博磊,18,11,7,永全-南崁,2024-11-05,6451
1324,地球,6,0,6,永全-南崁,2024-11-05,6451
00932,兆豐永續高息等權,6,0,6,永全-南崁,2024-11-05,6451
1301,台塑,6,0,6,永全-南崁,2024-11-05,6451
2344,華邦電,6,0,6,永全-南崁,2024-11-05,6451
2421,建準,7,1,6,永全-南崁,2024-11-05,6451
4111,濟生,6,0,6,永全-南崁,2024-11-05,6451
4566,時碩工業,7,1,6,永全-南崁,2024-11-05,6451
6125,廣運,10,4,6,永全-南崁,2024-11-05,6451
6443,元晶,10,4,6,永全-南崁,2024-11-05,6451
1808,潤隆,6,0,6,永全-南崁,2024-11-05,6451
1527,鑽全,5,0,5,永全-南崁,2024-11-05,6451
1522,堤維西,5,0,5,永全-南崁,2024-11-05,6451
1229,聯華,5,0,5,永全-南崁,2024-11-05,6451
2439,美律,5,0,5,永全-南崁,2024-11-05,6451
2493,揚博,6,1,5,永全-南崁,2024-11-05,6451
2887,台新金,5,0,5,永全-南崁,2024-11-05,6451
3006,晶豪科,5,0,5,永全-南崁,2024-11-05,6451
3483,力致,5,0,5,永全-南崁,2024-11-05,6451
2014,中鴻,195,0,195,永全-南崁,2024-11-06,6451
00795B,中信美國公債20年,105,0,105,永全-南崁,2024-11-06,6451
00857B,永豐20年美公債,101,0,101,永全-南崁,2024-11-06,6451
00764B,群益25年美債,100,0,100,永全-南崁,2024-11-06,6451
00878,國泰永續高股息,79,10,69,永全-南崁,2024-11-06,6451
00687B,國泰20年美債,116,54,62,永全-南崁,2024-11-06,6451
6156,松上,57,0,57,永全-南崁,2024-11-06,6451
00751B,元大AAA至A公司債,50,0,50,永全-南崁,2024-11-06,6451
1718,中纖,50,0,50,永全-南崁,2024-11-06,6451
1528,恩德,69,25,44,永全-南崁,2024-11-06,6451
3605,宏致,44,0,44,永全-南崁,2024-11-06,6451
00637L,元大滬深300正2,139,102,37,永全-南崁,2024-11-06,6451
00665L,富邦�琤肭磪囓�2,35,0,35,永全-南崁,2024-11-06,6451
00937B,群益ESG投等債20,31,0,31,永全-南崁,2024-11-06,6451
00680L,元大美債20正2,50,20,30,永全-南崁,2024-11-06,6451
1313,聯成,25,0,25,永全-南崁,2024-11-06,6451
4716,大立,21,0,21,永全-南崁,2024-11-06,6451
3013,晟銘電,25,5,20,永全-南崁,2024-11-06,6451
1540,喬福,20,0,20,永全-南崁,2024-11-06,6451
8932,智通*,20,0,20,永全-南崁,2024-11-06,6451
6133,金橋,16,0,16,永全-南崁,2024-11-06,6451
2027,大成鋼,15,0,15,永全-南崁,2024-11-06,6451
2312,金寶,98,83,15,永全-南崁,2024-11-06,6451
3049,精金,20,5,15,永全-南崁,2024-11-06,6451
2317,鴻海,28,14,14,永全-南崁,2024-11-06,6451
1721,三晃,13,0,13,永全-南崁,2024-11-06,6451
3706,神達,13,0,13,永全-南崁,2024-11-06,6451
00895,富邦未來車,12,0,12,永全-南崁,2024-11-06,6451
00948B,中信優息投資級債,11,0,11,永全-南崁,2024-11-06,6451
1560,中砂,12,1,11,永全-南崁,2024-11-06,6451
2419,仲琦,11,0,11,永全-南崁,2024-11-06,6451
2609,陽明,14,3,11,永全-南崁,2024-11-06,6451
2892,第一金,11,0,11,永全-南崁,2024-11-06,6451
00706L,期元大S＆P日圓正2,10,0,10,永全-南崁,2024-11-06,6451
00673R,期元大S＆P原油反1,10,0,10,永全-南崁,2024-11-06,6451
1303,南亞,11,1,10,永全-南崁,2024-11-06,6451
1314,中石化,10,0,10,永全-南崁,2024-11-06,6451
2323,中環,10,0,10,永全-南崁,2024-11-06,6451
2374,佳能,10,0,10,永全-南崁,2024-11-06,6451
2888,新光金,10,0,10,永全-南崁,2024-11-06,6451
6695,芯鼎,10,0,10,永全-南崁,2024-11-06,6451
8039,台虹,10,0,10,永全-南崁,2024-11-06,6451
1227,佳格,9,0,9,永全-南崁,2024-11-06,6451
2349,錸德,9,0,9,永全-南崁,2024-11-06,6451
00929,復華台灣科技優息,8,0,8,永全-南崁,2024-11-06,6451
1808,潤隆,10,2,8,永全-南崁,2024-11-06,6451
2399,映泰,23,15,8,永全-南崁,2024-11-06,6451
2405,輔信,8,0,8,永全-南崁,2024-11-06,6451
5347,世界,8,0,8,永全-南崁,2024-11-06,6451
8046,南電,7,0,7,永全-南崁,2024-11-06,6451
00673R,期元大S＆P原油反1,150,0,150,永全-南崁,2024-11-07,6451
3062,建漢,121,69,52,永全-南崁,2024-11-07,6451
1531,高林股,40,0,40,永全-南崁,2024-11-07,6451
3211,順達,40,0,40,永全-南崁,2024-11-07,6451
2303,聯電,64,30,34,永全-南崁,2024-11-07,6451
2344,華邦電,34,1,33,永全-南崁,2024-11-07,6451
3042,晶技,30,0,30,永全-南崁,2024-11-07,6451
8107,大億金茂,30,0,30,永全-南崁,2024-11-07,6451
3597,映興,29,0,29,永全-南崁,2024-11-07,6451
3706,神達,32,9,23,永全-南崁,2024-11-07,6451
00929,復華台灣科技優息,22,0,22,永全-南崁,2024-11-07,6451
3105,穩懋,21,0,21,永全-南崁,2024-11-07,6451
00671R,富邦NASDAQ反1,20,0,20,永全-南崁,2024-11-07,6451
00686R,群益臺灣加權反1,20,0,20,永全-南崁,2024-11-07,6451
1718,中纖,20,0,20,永全-南崁,2024-11-07,6451
6788,華景電,20,0,20,永全-南崁,2024-11-07,6451
1342,八貫,19,0,19,永全-南崁,2024-11-07,6451
2204,中華,20,1,19,永全-南崁,2024-11-07,6451
2312,金寶,50,31,19,永全-南崁,2024-11-07,6451
2314,台揚,24,5,19,永全-南崁,2024-11-07,6451
3324,雙鴻,28,9,19,永全-南崁,2024-11-07,6451
2399,映泰,33,16,17,永全-南崁,2024-11-07,6451
6806,森崴能源,17,0,17,永全-南崁,2024-11-07,6451
0056,元大高股息,30,14,16,永全-南崁,2024-11-07,6451
4510,高鋒,33,17,16,永全-南崁,2024-11-07,6451
00919,群益台灣精選高息,15,0,15,永全-南崁,2024-11-07,6451
00648R,元大S＆P500反1,15,0,15,永全-南崁,2024-11-07,6451
6190,萬泰科,13,0,13,永全-南崁,2024-11-07,6451
8089,康全電訊,14,1,13,永全-南崁,2024-11-07,6451
1582,信錦,12,0,12,永全-南崁,2024-11-07,6451
3689,湧德,12,0,12,永全-南崁,2024-11-07,6451
6288,聯嘉,13,1,12,永全-南崁,2024-11-07,6451
2014,中鴻,121,110,11,永全-南崁,2024-11-07,6451
2356,英業達,47,36,11,永全-南崁,2024-11-07,6451
2328,廣宇,16,6,10,永全-南崁,2024-11-07,6451
2369,菱生,10,0,10,永全-南崁,2024-11-07,6451
3086,華義,10,0,10,永全-南崁,2024-11-07,6451
4906,正文,10,0,10,永全-南崁,2024-11-07,6451
4956,光鋐,11,1,10,永全-南崁,2024-11-07,6451
6443,元晶,20,10,10,永全-南崁,2024-11-07,6451
9945,潤泰新,10,0,10,永全-南崁,2024-11-07,6451
2230,泰茂,9,0,9,永全-南崁,2024-11-07,6451
2374,佳能,19,10,9,永全-南崁,2024-11-07,6451
00679B,元大美債20年,8,0,8,永全-南崁,2024-11-07,6451
9958,世紀鋼,8,0,8,永全-南崁,2024-11-07,6451
00641R,富邦日本反1,7,0,7,永全-南崁,2024-11-07,6451
2646,星宇航空,7,0,7,永全-南崁,2024-11-07,6451
2851,中再保,7,0,7,永全-南崁,2024-11-07,6451
3701,大眾控,12,5,7,永全-南崁,2024-11-07,6451
4527,方土霖,7,0,7,永全-南崁,2024-11-07,6451
8011,台通,100,0,100,永全-南崁,2024-11-08,6451
4303,信立,103,6,97,永全-南崁,2024-11-08,6451
00887,永豐中國科技50大,95,0,95,永全-南崁,2024-11-08,6451
3284,太普高,100,20,80,永全-南崁,2024-11-08,6451
1528,恩德,92,23,69,永全-南崁,2024-11-08,6451
3490,單井,71,2,69,永全-南崁,2024-11-08,6451
2327,國巨,67,0,67,永全-南崁,2024-11-08,6451
2353,宏��,66,2,64,永全-南崁,2024-11-08,6451
00680L,元大美債20正2,60,0,60,永全-南崁,2024-11-08,6451
2388,威盛,49,4,45,永全-南崁,2024-11-08,6451
5230,雷笛克光學,25,0,25,永全-南崁,2024-11-08,6451
2889,國票金,22,0,22,永全-南崁,2024-11-08,6451
2313,華通,22,1,21,永全-南崁,2024-11-08,6451
3581,博磊,28,7,21,永全-南崁,2024-11-08,6451
2538,基泰,20,0,20,永全-南崁,2024-11-08,6451
0056,元大高股息,21,4,17,永全-南崁,2024-11-08,6451
2368,金像電,18,2,16,永全-南崁,2024-11-08,6451
3189,景碩,16,0,16,永全-南崁,2024-11-08,6451
00646,元大S＆P500,15,0,15,永全-南崁,2024-11-08,6451
00639,富邦深100,15,0,15,永全-南崁,2024-11-08,6451
5876,上海商銀,15,0,15,永全-南崁,2024-11-08,6451
6695,芯鼎,15,0,15,永全-南崁,2024-11-08,6451
9945,潤泰新,30,15,15,永全-南崁,2024-11-08,6451
2312,金寶,21,7,14,永全-南崁,2024-11-08,6451
4401,東隆興,14,0,14,永全-南崁,2024-11-08,6451
6706,惠特,17,3,14,永全-南崁,2024-11-08,6451
8096,擎亞,50,36,14,永全-南崁,2024-11-08,6451
3037,欣興,16,3,13,永全-南崁,2024-11-08,6451
1721,三晃,13,0,13,永全-南崁,2024-11-08,6451
8155,博智,13,0,13,永全-南崁,2024-11-08,6451
2882,國泰金,16,5,11,永全-南崁,2024-11-08,6451
6143,振曜,11,0,11,永全-南崁,2024-11-08,6451
6156,松上,12,1,11,永全-南崁,2024-11-08,6451
00632R,元大台灣50反1,10,0,10,永全-南崁,2024-11-08,6451
1527,鑽全,10,0,10,永全-南崁,2024-11-08,6451
2027,大成鋼,10,0,10,永全-南崁,2024-11-08,6451
2102,泰豐,10,0,10,永全-南崁,2024-11-08,6451
2356,英業達,49,39,10,永全-南崁,2024-11-08,6451
3149,正達,12,2,10,永全-南崁,2024-11-08,6451
3260,威剛,10,0,10,永全-南崁,2024-11-08,6451
3290,東浦,10,0,10,永全-南崁,2024-11-08,6451
4526,東台,10,0,10,永全-南崁,2024-11-08,6451
5009,榮剛,10,0,10,永全-南崁,2024-11-08,6451
6257,矽格,11,1,10,永全-南崁,2024-11-08,6451
6285,啟��,10,0,10,永全-南崁,2024-11-08,6451
8093,保銳,10,0,10,永全-南崁,2024-11-08,6451
2458,義隆,9,0,9,永全-南崁,2024-11-08,6451
6176,瑞儀,9,0,9,永全-南崁,2024-11-08,6451
4979,華星光,12,4,8,永全-南崁,2024-11-08,6451
2436,偉詮電,12,4,8,永全-南崁,2024-11-08,6451
00887,永豐中國科技50大,200,0,200,永全-南崁,2024-11-11,6451
2887,台新金,100,0,100,永全-南崁,2024-11-11,6451
1449,佳和,60,0,60,永全-南崁,2024-11-11,6451
1301,台塑,44,0,44,永全-南崁,2024-11-11,6451
3219,倚強科,32,0,32,永全-南崁,2024-11-11,6451
3622,洋華,30,0,30,永全-南崁,2024-11-11,6451
00919,群益台灣精選高息,29,2,27,永全-南崁,2024-11-11,6451
2353,宏��,26,0,26,永全-南崁,2024-11-11,6451
3324,雙鴻,28,2,26,永全-南崁,2024-11-11,6451
2449,京元電子,28,6,22,永全-南崁,2024-11-11,6451
6770,力積電,22,0,22,永全-南崁,2024-11-11,6451
3231,緯創,25,5,20,永全-南崁,2024-11-11,6451
9105,泰金寶-DR,20,1,19,永全-南崁,2024-11-11,6451
2610,華航,25,6,19,永全-南崁,2024-11-11,6451
2609,陽明,59,41,18,永全-南崁,2024-11-11,6451
3545,敦泰,17,0,17,永全-南崁,2024-11-11,6451
2330,台積電,20,5,15,永全-南崁,2024-11-11,6451
2354,鴻準,45,30,15,永全-南崁,2024-11-11,6451
3062,建漢,23,10,13,永全-南崁,2024-11-11,6451
4903,聯光通,13,0,13,永全-南崁,2024-11-11,6451
1326,台化,15,3,12,永全-南崁,2024-11-11,6451
3049,精金,12,0,12,永全-南崁,2024-11-11,6451
1342,八貫,11,0,11,永全-南崁,2024-11-11,6451
2520,冠德,12,1,11,永全-南崁,2024-11-11,6451
2613,中櫃,12,1,11,永全-南崁,2024-11-11,6451
2637,慧洋-KY,34,23,11,永全-南崁,2024-11-11,6451
2645,長榮航太,11,0,11,永全-南崁,2024-11-11,6451
3060,銘異,11,0,11,永全-南崁,2024-11-11,6451
4916,事欣科,11,0,11,永全-南崁,2024-11-11,6451
1436,華友聯,10,0,10,永全-南崁,2024-11-11,6451
00878,國泰永續高股息,10,0,10,永全-南崁,2024-11-11,6451
2374,佳能,10,0,10,永全-南崁,2024-11-11,6451
2413,環科,11,1,10,永全-南崁,2024-11-11,6451
2642,宅配通,10,0,10,永全-南崁,2024-11-11,6451
2718,全心投控,10,0,10,永全-南崁,2024-11-11,6451
2834,臺企銀,10,0,10,永全-南崁,2024-11-11,6451
3050,鈺德,10,0,10,永全-南崁,2024-11-11,6451
3056,富華新,10,0,10,永全-南崁,2024-11-11,6451
3489,森寶,10,0,10,永全-南崁,2024-11-11,6451
3707,漢磊,10,0,10,永全-南崁,2024-11-11,6451
6108,競國,10,0,10,永全-南崁,2024-11-11,6451
2324,仁寶,10,1,9,永全-南崁,2024-11-11,6451
3047,訊舟,11,2,9,永全-南崁,2024-11-11,6451
4303,信立,10,1,9,永全-南崁,2024-11-11,6451
6288,聯嘉,10,1,9,永全-南崁,2024-11-11,6451
6937,天虹,10,1,9,永全-南崁,2024-11-11,6451
8021,尖點,9,0,9,永全-南崁,2024-11-11,6451
2303,聯電,11,3,8,永全-南崁,2024-11-11,6451
2615,萬海,33,25,8,永全-南崁,2024-11-11,6451
3312,弘憶股,8,0,8,永全-南崁,2024-11-11,6451
2887,台新金,104,0,104,永全-南崁,2024-11-12,6451
2316,楠梓電,100,0,100,永全-南崁,2024-11-12,6451
3576,聯合再生,65,0,65,永全-南崁,2024-11-12,6451
00665L,富邦�琤肭磪囓�2,63,3,60,永全-南崁,2024-11-12,6451
6279,胡連,60,4,56,永全-南崁,2024-11-12,6451
2897,王道銀行,52,0,52,永全-南崁,2024-11-12,6451
4971,IET-KY,51,0,51,永全-南崁,2024-11-12,6451
00919,群益台灣精選高息,51,1,50,永全-南崁,2024-11-12,6451
00878,國泰永續高股息,48,0,48,永全-南崁,2024-11-12,6451
4909,新復興,50,5,45,永全-南崁,2024-11-12,6451
1342,八貫,38,0,38,永全-南崁,2024-11-12,6451
2609,陽明,90,53,37,永全-南崁,2024-11-12,6451
2356,英業達,43,6,37,永全-南崁,2024-11-12,6451
2303,聯電,37,4,33,永全-南崁,2024-11-12,6451
4714,永捷,30,0,30,永全-南崁,2024-11-12,6451
2002,中鋼,27,0,27,永全-南崁,2024-11-12,6451
2605,新興,26,2,24,永全-南崁,2024-11-12,6451
2477,美隆電,30,8,22,永全-南崁,2024-11-12,6451
2382,廣達,25,4,21,永全-南崁,2024-11-12,6451
00637L,元大滬深300正2,27,7,20,永全-南崁,2024-11-12,6451
2457,飛宏,20,0,20,永全-南崁,2024-11-12,6451
2883,凱基金,20,0,20,永全-南崁,2024-11-12,6451
3219,倚強科,20,0,20,永全-南崁,2024-11-12,6451
3605,宏致,20,0,20,永全-南崁,2024-11-12,6451
4716,大立,18,0,18,永全-南崁,2024-11-12,6451
00933B,國泰10Y+金融債,17,0,17,永全-南崁,2024-11-12,6451
3290,東浦,16,0,16,永全-南崁,2024-11-12,6451
2317,鴻海,19,4,15,永全-南崁,2024-11-12,6451
00795B,中信美國公債20年,14,0,14,永全-南崁,2024-11-12,6451
2892,第一金,14,0,14,永全-南崁,2024-11-12,6451
1524,耿鼎,24,11,13,永全-南崁,2024-11-12,6451
1326,台化,12,0,12,永全-南崁,2024-11-12,6451
2882,國泰金,18,6,12,永全-南崁,2024-11-12,6451
3062,建漢,12,0,12,永全-南崁,2024-11-12,6451
5871,中租-KY,13,1,12,永全-南崁,2024-11-12,6451
6108,競國,11,0,11,永全-南崁,2024-11-12,6451
1303,南亞,10,0,10,永全-南崁,2024-11-12,6451
1314,中石化,10,0,10,永全-南崁,2024-11-12,6451
2388,威盛,10,0,10,永全-南崁,2024-11-12,6451
2718,全心投控,10,0,10,永全-南崁,2024-11-12,6451
3545,敦泰,10,0,10,永全-南崁,2024-11-12,6451
4173,久裕,10,0,10,永全-南崁,2024-11-12,6451
6126,信音,10,0,10,永全-南崁,2024-11-12,6451
6257,矽格,11,1,10,永全-南崁,2024-11-12,6451
6763,綠界科技*,11,1,10,永全-南崁,2024-11-12,6451
912000,晨訊科-DR,10,0,10,永全-南崁,2024-11-12,6451
9945,潤泰新,10,0,10,永全-南崁,2024-11-12,6451
2328,廣宇,9,0,9,永全-南崁,2024-11-12,6451
006208,富邦台50,9,0,9,永全-南崁,2024-11-12,6451
2027,大成鋼,8,0,8,永全-南崁,2024-11-12,6451
00931B,統一美債20年,100,0,100,永全-南崁,2024-11-13,6451
2495,普安,130,35,95,永全-南崁,2024-11-13,6451
2313,華通,58,0,58,永全-南崁,2024-11-13,6451
2392,正崴,58,5,53,永全-南崁,2024-11-13,6451
00878,國泰永續高股息,45,2,43,永全-南崁,2024-11-13,6451
00919,群益台灣精選高息,35,0,35,永全-南崁,2024-11-13,6451
6695,芯鼎,35,0,35,永全-南崁,2024-11-13,6451
00753L,中信中國50正2,31,0,31,永全-南崁,2024-11-13,6451
2317,鴻海,38,7,31,永全-南崁,2024-11-13,6451
2834,臺企銀,30,0,30,永全-南崁,2024-11-13,6451
3622,洋華,30,0,30,永全-南崁,2024-11-13,6451
2609,陽明,38,11,27,永全-南崁,2024-11-13,6451
4971,IET-KY,26,0,26,永全-南崁,2024-11-13,6451
1608,華榮,24,0,24,永全-南崁,2024-11-13,6451
3520,華盈,78,54,24,永全-南崁,2024-11-13,6451
2349,錸德,23,2,21,永全-南崁,2024-11-13,6451
1711,永光,20,0,20,永全-南崁,2024-11-13,6451
2323,中環,20,0,20,永全-南崁,2024-11-13,6451
6279,胡連,20,0,20,永全-南崁,2024-11-13,6451
6443,元晶,20,0,20,永全-南崁,2024-11-13,6451
3607,谷崧,19,0,19,永全-南崁,2024-11-13,6451
2324,仁寶,57,39,18,永全-南崁,2024-11-13,6451
2027,大成鋼,17,0,17,永全-南崁,2024-11-13,6451
2002,中鋼,17,1,16,永全-南崁,2024-11-13,6451
2303,聯電,16,0,16,永全-南崁,2024-11-13,6451
2353,宏��,16,0,16,永全-南崁,2024-11-13,6451
8404,百和興業-KY,16,0,16,永全-南崁,2024-11-13,6451
00680L,元大美債20正2,15,0,15,永全-南崁,2024-11-13,6451
4571,鈞興-KY,15,0,15,永全-南崁,2024-11-13,6451
00685L,群益臺灣加權正2,13,0,13,永全-南崁,2024-11-13,6451
1326,台化,12,0,12,永全-南崁,2024-11-13,6451
2646,星宇航空,16,5,11,永全-南崁,2024-11-13,6451
00715L,期街口布蘭特正2,10,0,10,永全-南崁,2024-11-13,6451
2417,圓剛,10,0,10,永全-南崁,2024-11-13,6451
3317,尼克森,10,0,10,永全-南崁,2024-11-13,6451
6285,啟��,10,0,10,永全-南崁,2024-11-13,6451
8032,光菱,18,8,10,永全-南崁,2024-11-13,6451
2356,英業達,16,7,9,永全-南崁,2024-11-13,6451
3490,單井,88,79,9,永全-南崁,2024-11-13,6451
3013,晟銘電,32,24,8,永全-南崁,2024-11-13,6451
2882,國泰金,8,0,8,永全-南崁,2024-11-13,6451
0056,元大高股息,8,0,8,永全-南崁,2024-11-13,6451
00795B,中信美國公債20年,7,0,7,永全-南崁,2024-11-13,6451
2102,泰豐,7,0,7,永全-南崁,2024-11-13,6451
3552,同致,10,3,7,永全-南崁,2024-11-13,6451
2337,旺宏,7,0,7,永全-南崁,2024-11-13,6451
00915,凱基優選高股息30,6,0,6,永全-南崁,2024-11-13,6451
2851,中再保,6,0,6,永全-南崁,2024-11-13,6451
8021,尖點,6,0,6,永全-南崁,2024-11-13,6451
2330,台積電,6,0,6,永全-南崁,2024-11-13,6451
00632R,元大台灣50反1,550,5,545,永全-南崁,2024-11-14,6451
2303,聯電,145,4,141,永全-南崁,2024-11-14,6451
3481,群創,116,0,116,永全-南崁,2024-11-14,6451
3049,精金,101,0,101,永全-南崁,2024-11-14,6451
2887,台新金,73,0,73,永全-南崁,2024-11-14,6451
00878,國泰永續高股息,70,0,70,永全-南崁,2024-11-14,6451
2897,王道銀行,52,0,52,永全-南崁,2024-11-14,6451
1815,富喬,54,3,51,永全-南崁,2024-11-14,6451
00929,復華台灣科技優息,54,14,40,永全-南崁,2024-11-14,6451
1314,中石化,35,2,33,永全-南崁,2024-11-14,6451
2312,金寶,39,6,33,永全-南崁,2024-11-14,6451
5309,系統電,72,40,32,永全-南崁,2024-11-14,6451
8927,北基,30,0,30,永全-南崁,2024-11-14,6451
3017,奇鋐,32,6,26,永全-南崁,2024-11-14,6451
2354,鴻準,57,35,22,永全-南崁,2024-11-14,6451
2356,英業達,27,5,22,永全-南崁,2024-11-14,6451
00919,群益台灣精選高息,22,0,22,永全-南崁,2024-11-14,6451
3490,單井,30,9,21,永全-南崁,2024-11-14,6451
4938,和碩,22,1,21,永全-南崁,2024-11-14,6451
6182,合晶,21,0,21,永全-南崁,2024-11-14,6451
9945,潤泰新,20,0,20,永全-南崁,2024-11-14,6451
2324,仁寶,39,19,20,永全-南崁,2024-11-14,6451
2399,映泰,21,3,18,永全-南崁,2024-11-14,6451
0056,元大高股息,17,0,17,永全-南崁,2024-11-14,6451
00680L,元大美債20正2,20,4,16,永全-南崁,2024-11-14,6451
2409,友達,16,0,16,永全-南崁,2024-11-14,6451
6695,芯鼎,15,0,15,永全-南崁,2024-11-14,6451
8089,康全電訊,41,26,15,永全-南崁,2024-11-14,6451
2317,鴻海,26,13,13,永全-南崁,2024-11-14,6451
2301,光寶科,13,0,13,永全-南崁,2024-11-14,6451
2353,宏��,13,0,13,永全-南崁,2024-11-14,6451
3037,欣興,13,0,13,永全-南崁,2024-11-14,6451
00946,群益科技高息成長,12,0,12,永全-南崁,2024-11-14,6451
2027,大成鋼,12,0,12,永全-南崁,2024-11-14,6451
5871,中租-KY,13,2,11,永全-南崁,2024-11-14,6451
00932,兆豐永續高息等權,11,0,11,永全-南崁,2024-11-14,6451
1326,台化,20,9,11,永全-南崁,2024-11-14,6451
2392,正崴,22,11,11,永全-南崁,2024-11-14,6451
6180,橘子,11,0,11,永全-南崁,2024-11-14,6451
00937B,群益ESG投等債20,10,0,10,永全-南崁,2024-11-14,6451
1301,台塑,10,0,10,永全-南崁,2024-11-14,6451
1527,鑽全,10,0,10,永全-南崁,2024-11-14,6451
1605,華新,10,0,10,永全-南崁,2024-11-14,6451
1808,潤隆,10,0,10,永全-南崁,2024-11-14,6451
2314,台揚,10,0,10,永全-南崁,2024-11-14,6451
2388,威盛,11,1,10,永全-南崁,2024-11-14,6451
2408,南亞科,10,0,10,永全-南崁,2024-11-14,6451
3105,穩懋,10,0,10,永全-南崁,2024-11-14,6451
3147,大綜,10,0,10,永全-南崁,2024-11-14,6451
4931,新盛力,32,22,10,永全-南崁,2024-11-14,6451
00887,永豐中國科技50大,290,0,290,永全-南崁,2024-11-15,6451
00878,國泰永續高股息,121,0,121,永全-南崁,2024-11-15,6451
00665L,富邦�琤肭磪囓�2,52,0,52,永全-南崁,2024-11-15,6451
3324,雙鴻,44,5,39,永全-南崁,2024-11-15,6451
2382,廣達,38,7,31,永全-南崁,2024-11-15,6451
2324,仁寶,54,24,30,永全-南崁,2024-11-15,6451
3147,大綜,25,0,25,永全-南崁,2024-11-15,6451
2317,鴻海,28,4,24,永全-南崁,2024-11-15,6451
3580,友威科,29,8,21,永全-南崁,2024-11-15,6451
00937B,群益ESG投等債20,20,0,20,永全-南崁,2024-11-15,6451
2867,三商壽,20,0,20,永全-南崁,2024-11-15,6451
3437,榮創,20,0,20,永全-南崁,2024-11-15,6451
6695,芯鼎,15,0,15,永全-南崁,2024-11-15,6451
1436,華友聯,29,15,14,永全-南崁,2024-11-15,6451
1524,耿鼎,14,2,12,永全-南崁,2024-11-15,6451
2356,英業達,14,2,12,永全-南崁,2024-11-15,6451
2887,台新金,12,0,12,永全-南崁,2024-11-15,6451
3597,映興,30,18,12,永全-南崁,2024-11-15,6451
4942,嘉彰,12,0,12,永全-南崁,2024-11-15,6451
3105,穩懋,10,0,10,永全-南崁,2024-11-15,6451
3230,錦明,30,20,10,永全-南崁,2024-11-15,6451
5490,同亨,10,0,10,永全-南崁,2024-11-15,6451
3231,緯創,15,6,9,永全-南崁,2024-11-15,6451
3293,鈊象,8,0,8,永全-南崁,2024-11-15,6451
2303,聯電,8,0,8,永全-南崁,2024-11-15,6451
2405,輔信,8,0,8,永全-南崁,2024-11-15,6451
6739,竹陞科技,8,0,8,永全-南崁,2024-11-15,6451
00631L,元大台灣50正2,7,0,7,永全-南崁,2024-11-15,6451
5227,立凱-KY,7,0,7,永全-南崁,2024-11-15,6451
1326,台化,8,2,6,永全-南崁,2024-11-15,6451
3005,神基,6,0,6,永全-南崁,2024-11-15,6451
4971,IET-KY,9,3,6,永全-南崁,2024-11-15,6451
6126,信音,6,0,6,永全-南崁,2024-11-15,6451
8089,康全電訊,10,4,6,永全-南崁,2024-11-15,6451
8383,千附,6,0,6,永全-南崁,2024-11-15,6451
1587,吉茂,8,3,5,永全-南崁,2024-11-15,6451
00646,元大S＆P500,5,0,5,永全-南崁,2024-11-15,6451
00637L,元大滬深300正2,110,105,5,永全-南崁,2024-11-15,6451
00673R,期元大S＆P原油反1,5,0,5,永全-南崁,2024-11-15,6451
1618,合機,5,0,5,永全-南崁,2024-11-15,6451
2002,中鋼,5,0,5,永全-南崁,2024-11-15,6451
2385,群光,5,0,5,永全-南崁,2024-11-15,6451
2399,映泰,6,1,5,永全-南崁,2024-11-15,6451
2440,太空梭,5,0,5,永全-南崁,2024-11-15,6451
3045,台灣大,5,0,5,永全-南崁,2024-11-15,6451
3323,加百裕,16,11,5,永全-南崁,2024-11-15,6451
3693,營邦,5,0,5,永全-南崁,2024-11-15,6451
4114,健喬,5,0,5,永全-南崁,2024-11-15,6451
5230,雷笛克光學,5,0,5,永全-南崁,2024-11-15,6451
8111,立��,5,0,5,永全-南崁,2024-11-15,6451
00887,永豐中國科技50大,200,0,200,永全-南崁,2024-11-18,6451
00878,國泰永續高股息,107,0,107,永全-南崁,2024-11-18,6451
4909,新復興,81,1,80,永全-南崁,2024-11-18,6451
1802,台玻,50,0,50,永全-南崁,2024-11-18,6451
2883,凱基金,52,2,50,永全-南崁,2024-11-18,6451
9919,康那香,43,0,43,永全-南崁,2024-11-18,6451
3056,富華新,40,0,40,永全-南崁,2024-11-18,6451
4971,IET-KY,37,2,35,永全-南崁,2024-11-18,6451
2382,廣達,43,12,31,永全-南崁,2024-11-18,6451
2312,金寶,76,48,28,永全-南崁,2024-11-18,6451
3147,大綜,25,0,25,永全-南崁,2024-11-18,6451
2354,鴻準,65,40,25,永全-南崁,2024-11-18,6451
1815,富喬,24,1,23,永全-南崁,2024-11-18,6451
00953B,群益優選非投等債,20,0,20,永全-南崁,2024-11-18,6451
3481,群創,20,0,20,永全-南崁,2024-11-18,6451
6215,和椿,21,1,20,永全-南崁,2024-11-18,6451
3605,宏致,17,0,17,永全-南崁,2024-11-18,6451
00919,群益台灣精選高息,24,8,16,永全-南崁,2024-11-18,6451
1436,華友聯,16,0,16,永全-南崁,2024-11-18,6451
6186,新潤,22,6,16,永全-南崁,2024-11-18,6451
3062,建漢,19,3,16,永全-南崁,2024-11-18,6451
6695,芯鼎,15,0,15,永全-南崁,2024-11-18,6451
0056,元大高股息,15,0,15,永全-南崁,2024-11-18,6451
6505,台塑化,13,0,13,永全-南崁,2024-11-18,6451
2317,鴻海,29,17,12,永全-南崁,2024-11-18,6451
2204,中華,12,0,12,永全-南崁,2024-11-18,6451
2884,玉山金,12,0,12,永全-南崁,2024-11-18,6451
6197,佳必琪,12,0,12,永全-南崁,2024-11-18,6451
3005,神基,12,1,11,永全-南崁,2024-11-18,6451
1101,台泥,11,1,10,永全-南崁,2024-11-18,6451
2303,聯電,17,7,10,永全-南崁,2024-11-18,6451
3047,訊舟,10,0,10,永全-南崁,2024-11-18,6451
3050,鈺德,12,2,10,永全-南崁,2024-11-18,6451
6285,啟��,10,0,10,永全-南崁,2024-11-18,6451
00932,兆豐永續高息等權,9,0,9,永全-南崁,2024-11-18,6451
5347,世界,13,4,9,永全-南崁,2024-11-18,6451
1466,聚隆,7,0,7,永全-南崁,2024-11-18,6451
2337,旺宏,7,0,7,永全-南崁,2024-11-18,6451
3689,湧德,7,0,7,永全-南崁,2024-11-18,6451
6151,晉倫,7,0,7,永全-南崁,2024-11-18,6451
6187,萬潤,6,0,6,永全-南崁,2024-11-18,6451
9105,泰金寶-DR,15,9,6,永全-南崁,2024-11-18,6451
2328,廣宇,5,0,5,永全-南崁,2024-11-18,6451
2363,矽統,6,1,5,永全-南崁,2024-11-18,6451
2421,建準,5,0,5,永全-南崁,2024-11-18,6451
2492,華新科,5,0,5,永全-南崁,2024-11-18,6451
2515,中工,5,0,5,永全-南崁,2024-11-18,6451
2609,陽明,7,2,5,永全-南崁,2024-11-18,6451
2887,台新金,5,0,5,永全-南崁,2024-11-18,6451
2929,淘帝-KY,5,0,5,永全-南崁,2024-11-18,6451
00637L,元大滬深300正2,502,202,300,永全-南崁,2024-11-19,6451
00673R,期元大S＆P原油反1,100,10,90,永全-南崁,2024-11-19,6451
3545,敦泰,50,0,50,永全-南崁,2024-11-19,6451
00878,國泰永續高股息,47,2,45,永全-南崁,2024-11-19,6451
00676R,富邦臺灣加權反1,30,0,30,永全-南崁,2024-11-19,6451
3169,亞信,30,1,29,永全-南崁,2024-11-19,6451
1301,台塑,24,1,23,永全-南崁,2024-11-19,6451
2204,中華,23,0,23,永全-南崁,2024-11-19,6451
5871,中租-KY,21,0,21,永全-南崁,2024-11-19,6451
5258,虹堡,20,0,20,永全-南崁,2024-11-19,6451
6215,和椿,20,0,20,永全-南崁,2024-11-19,6451
2404,漢唐,20,1,19,永全-南崁,2024-11-19,6451
2609,陽明,50,35,15,永全-南崁,2024-11-19,6451
3481,群創,15,0,15,永全-南崁,2024-11-19,6451
2328,廣宇,14,1,13,永全-南崁,2024-11-19,6451
2317,鴻海,19,8,11,永全-南崁,2024-11-19,6451
00665L,富邦�琤肭磪囓�2,10,0,10,永全-南崁,2024-11-19,6451
2345,智邦,10,0,10,永全-南崁,2024-11-19,6451
00930,永豐ESG低碳高息,9,0,9,永全-南崁,2024-11-19,6451
5465,富驊,8,0,8,永全-南崁,2024-11-19,6451
1528,恩德,15,9,6,永全-南崁,2024-11-19,6451
00631L,元大台灣50正2,7,1,6,永全-南崁,2024-11-19,6451
1326,台化,12,6,6,永全-南崁,2024-11-19,6451
3128,昇銳,6,0,6,永全-南崁,2024-11-19,6451
6937,天虹,6,0,6,永全-南崁,2024-11-19,6451
00953B,群益優選非投等債,5,0,5,永全-南崁,2024-11-19,6451
2027,大成鋼,7,2,5,永全-南崁,2024-11-19,6451
2614,東森,5,0,5,永全-南崁,2024-11-19,6451
2883,凱基金,5,0,5,永全-南崁,2024-11-19,6451
2890,永豐金,5,0,5,永全-南崁,2024-11-19,6451
2929,淘帝-KY,10,5,5,永全-南崁,2024-11-19,6451
3014,聯陽,5,0,5,永全-南崁,2024-11-19,6451
3033,威健,5,0,5,永全-南崁,2024-11-19,6451
3450,聯鈞,9,4,5,永全-南崁,2024-11-19,6451
5009,榮剛,5,0,5,永全-南崁,2024-11-19,6451
6146,耕興,5,0,5,永全-南崁,2024-11-19,6451
6229,研通,5,0,5,永全-南崁,2024-11-19,6451
6246,臺龍,6,1,5,永全-南崁,2024-11-19,6451
6264,富裔,5,0,5,永全-南崁,2024-11-19,6451
0056,元大高股息,5,0,5,永全-南崁,2024-11-19,6451
2344,華邦電,4,0,4,永全-南崁,2024-11-19,6451
2352,佳世達,10,6,4,永全-南崁,2024-11-19,6451
3025,星通,4,0,4,永全-南崁,2024-11-19,6451
6173,信昌電,4,0,4,永全-南崁,2024-11-19,6451
2382,廣達,6,3,3,永全-南崁,2024-11-19,6451
00713,元大台灣高息低波,3,0,3,永全-南崁,2024-11-19,6451
00915,凱基優選高股息30,3,0,3,永全-南崁,2024-11-19,6451
1101,台泥,3,0,3,永全-南崁,2024-11-19,6451
2206,三陽工業,3,0,3,永全-南崁,2024-11-19,6451
3090,日電貿,3,0,3,永全-南崁,2024-11-19,6451
2354,鴻準,127,30,97,永全-南崁,2024-11-20,6451
2027,大成鋼,66,5,61,永全-南崁,2024-11-20,6451
1449,佳和,60,0,60,永全-南崁,2024-11-20,6451
2613,中櫃,51,3,48,永全-南崁,2024-11-20,6451
3706,神達,110,73,37,永全-南崁,2024-11-20,6451
6166,凌華,30,0,30,永全-南崁,2024-11-20,6451
8404,百和興業-KY,30,0,30,永全-南崁,2024-11-20,6451
2392,正崴,31,2,29,永全-南崁,2024-11-20,6451
2615,萬海,47,20,27,永全-南崁,2024-11-20,6451
3481,群創,26,0,26,永全-南崁,2024-11-20,6451
4960,誠美材,25,0,25,永全-南崁,2024-11-20,6451
1802,台玻,20,0,20,永全-南崁,2024-11-20,6451
2355,敬鵬,20,0,20,永全-南崁,2024-11-20,6451
3167,大量,21,1,20,永全-南崁,2024-11-20,6451
6438,迅得,23,3,20,永全-南崁,2024-11-20,6451
2399,映泰,27,9,18,永全-南崁,2024-11-20,6451
1528,恩德,17,2,15,永全-南崁,2024-11-20,6451
3323,加百裕,18,3,15,永全-南崁,2024-11-20,6451
00878,國泰永續高股息,14,0,14,永全-南崁,2024-11-20,6451
2327,國巨,13,0,13,永全-南崁,2024-11-20,6451
3363,上詮,13,1,12,永全-南崁,2024-11-20,6451
6279,胡連,12,0,12,永全-南崁,2024-11-20,6451
2344,華邦電,11,0,11,永全-南崁,2024-11-20,6451
2409,友達,15,4,11,永全-南崁,2024-11-20,6451
1560,中砂,11,1,10,永全-南崁,2024-11-20,6451
3078,僑威,10,0,10,永全-南崁,2024-11-20,6451
3265,台星科,10,0,10,永全-南崁,2024-11-20,6451
4729,熒茂,10,0,10,永全-南崁,2024-11-20,6451
6695,芯鼎,10,0,10,永全-南崁,2024-11-20,6451
8044,網家,17,7,10,永全-南崁,2024-11-20,6451
9958,世紀鋼,10,0,10,永全-南崁,2024-11-20,6451
2303,聯電,9,0,9,永全-南崁,2024-11-20,6451
8429,金麗-KY,10,2,8,永全-南崁,2024-11-20,6451
1326,台化,17,10,7,永全-南崁,2024-11-20,6451
3062,建漢,8,1,7,永全-南崁,2024-11-20,6451
2317,鴻海,14,8,6,永全-南崁,2024-11-20,6451
1595,川寶,6,0,6,永全-南崁,2024-11-20,6451
3450,聯鈞,19,13,6,永全-南崁,2024-11-20,6451
4956,光鋐,6,0,6,永全-南崁,2024-11-20,6451
2330,台積電,7,1,6,永全-南崁,2024-11-20,6451
00907,永豐優息存股,5,0,5,永全-南崁,2024-11-20,6451
00950B,凱基A級公司債,5,0,5,永全-南崁,2024-11-20,6451
00934,中信成長高股息,5,0,5,永全-南崁,2024-11-20,6451
00932,兆豐永續高息等權,5,0,5,永全-南崁,2024-11-20,6451
1785,光洋科,5,0,5,永全-南崁,2024-11-20,6451
2107,厚生,5,0,5,永全-南崁,2024-11-20,6451
2449,京元電子,8,3,5,永全-南崁,2024-11-20,6451
2607,榮運,5,0,5,永全-南崁,2024-11-20,6451
3033,威健,5,0,5,永全-南崁,2024-11-20,6451
3055,蔚華科,5,0,5,永全-南崁,2024-11-20,6451
00637L,元大滬深300正2,120,2,118,永全-南崁,2024-11-21,6451
9105,泰金寶-DR,114,27,87,永全-南崁,2024-11-21,6451
4960,誠美材,76,0,76,永全-南崁,2024-11-21,6451
1815,富喬,100,40,60,永全-南崁,2024-11-21,6451
2303,聯電,57,0,57,永全-南崁,2024-11-21,6451
4303,信立,50,0,50,永全-南崁,2024-11-21,6451
8104,錸寶,59,14,45,永全-南崁,2024-11-21,6451
1569,濱川,43,1,42,永全-南崁,2024-11-21,6451
3490,單井,70,35,35,永全-南崁,2024-11-21,6451
2413,環科,35,5,30,永全-南崁,2024-11-21,6451
2354,鴻準,32,5,27,永全-南崁,2024-11-21,6451
2890,永豐金,26,0,26,永全-南崁,2024-11-21,6451
1301,台塑,24,2,22,永全-南崁,2024-11-21,6451
6279,胡連,20,0,20,永全-南崁,2024-11-21,6451
2349,錸德,19,3,16,永全-南崁,2024-11-21,6451
00918,大華優利高填息30,15,0,15,永全-南崁,2024-11-21,6451
00910,第一金太空衛星,15,0,15,永全-南崁,2024-11-21,6451
2317,鴻海,21,8,13,永全-南崁,2024-11-21,6451
0050,元大台灣50,11,0,11,永全-南崁,2024-11-21,6451
2002,中鋼,14,3,11,永全-南崁,2024-11-21,6451
1471,首利,10,0,10,永全-南崁,2024-11-21,6451
1560,中砂,10,0,10,永全-南崁,2024-11-21,6451
2344,華邦電,10,0,10,永全-南崁,2024-11-21,6451
3324,雙鴻,11,1,10,永全-南崁,2024-11-21,6451
4903,聯光通,10,0,10,永全-南崁,2024-11-21,6451
5871,中租-KY,10,0,10,永全-南崁,2024-11-21,6451
8150,南茂,10,0,10,永全-南崁,2024-11-21,6451
1708,東鹼,10,1,9,永全-南崁,2024-11-21,6451
00930,永豐ESG低碳高息,9,0,9,永全-南崁,2024-11-21,6451
5490,同亨,9,0,9,永全-南崁,2024-11-21,6451
00960,野村全球航運龍頭,8,0,8,永全-南崁,2024-11-21,6451
00919,群益台灣精選高息,8,0,8,永全-南崁,2024-11-21,6451
2356,英業達,38,31,7,永全-南崁,2024-11-21,6451
3013,晟銘電,7,0,7,永全-南崁,2024-11-21,6451
3062,建漢,7,0,7,永全-南崁,2024-11-21,6451
6282,康舒,10,3,7,永全-南崁,2024-11-21,6451
8038,長園科,10,3,7,永全-南崁,2024-11-21,6451
8227,巨有科技,7,0,7,永全-南崁,2024-11-21,6451
2881,富邦金,6,0,6,永全-南崁,2024-11-21,6451
3035,智原,7,1,6,永全-南崁,2024-11-21,6451
00878,國泰永續高股息,5,0,5,永全-南崁,2024-11-21,6451
2323,中環,5,0,5,永全-南崁,2024-11-21,6451
2537,聯上發,5,0,5,永全-南崁,2024-11-21,6451
2646,星宇航空,5,0,5,永全-南崁,2024-11-21,6451
3167,大量,6,1,5,永全-南崁,2024-11-21,6451
3303,岱稜,5,0,5,永全-南崁,2024-11-21,6451
4707,磐亞,5,0,5,永全-南崁,2024-11-21,6451
6239,力成,5,0,5,永全-南崁,2024-11-21,6451
8111,立��,5,0,5,永全-南崁,2024-11-21,6451
8429,金麗-KY,5,0,5,永全-南崁,2024-11-21,6451
00637L,元大滬深300正2,421,0,421,永全-南崁,2024-11-22,6451
00940,元大台灣價值高息,100,0,100,永全-南崁,2024-11-22,6451
912000,晨訊科-DR,100,0,100,永全-南崁,2024-11-22,6451
2316,楠梓電,103,5,98,永全-南崁,2024-11-22,6451
2610,華航,102,11,91,永全-南崁,2024-11-22,6451
00673R,期元大S＆P原油反1,50,0,50,永全-南崁,2024-11-22,6451
4303,信立,50,0,50,永全-南崁,2024-11-22,6451
2353,宏��,49,0,49,永全-南崁,2024-11-22,6451
3622,洋華,50,1,49,永全-南崁,2024-11-22,6451
6290,良維,32,0,32,永全-南崁,2024-11-22,6451
3490,單井,31,0,31,永全-南崁,2024-11-22,6451
00676R,富邦臺灣加權反1,30,0,30,永全-南崁,2024-11-22,6451
5608,四維航,30,0,30,永全-南崁,2024-11-22,6451
2609,陽明,43,17,26,永全-南崁,2024-11-22,6451
3323,加百裕,35,10,25,永全-南崁,2024-11-22,6451
3209,全科,23,0,23,永全-南崁,2024-11-22,6451
3324,雙鴻,29,8,21,永全-南崁,2024-11-22,6451
2615,萬海,23,3,20,永全-南崁,2024-11-22,6451
5438,東友,21,1,20,永全-南崁,2024-11-22,6451
5876,上海商銀,20,0,20,永全-南崁,2024-11-22,6451
8404,百和興業-KY,82,63,19,永全-南崁,2024-11-22,6451
3027,盛達,18,0,18,永全-南崁,2024-11-22,6451
6156,松上,14,1,13,永全-南崁,2024-11-22,6451
8038,長園科,13,0,13,永全-南崁,2024-11-22,6451
9933,中鼎,12,0,12,永全-南崁,2024-11-22,6451
2356,英業達,19,8,11,永全-南崁,2024-11-22,6451
2371,大同,42,31,11,永全-南崁,2024-11-22,6451
2603,長榮,13,2,11,永全-南崁,2024-11-22,6451
6770,力積電,16,5,11,永全-南崁,2024-11-22,6451
1708,東鹼,10,0,10,永全-南崁,2024-11-22,6451
1905,華紙,10,0,10,永全-南崁,2024-11-22,6451
2388,威盛,10,0,10,永全-南崁,2024-11-22,6451
2477,美隆電,10,0,10,永全-南崁,2024-11-22,6451
4576,大銀微系統,10,0,10,永全-南崁,2024-11-22,6451
6120,達運,10,0,10,永全-南崁,2024-11-22,6451
6213,聯茂,11,1,10,永全-南崁,2024-11-22,6451
6591,動力-KY,8,0,8,永全-南崁,2024-11-22,6451
8163,達方,8,0,8,永全-南崁,2024-11-22,6451
1303,南亞,7,0,7,永全-南崁,2024-11-22,6451
2543,皇昌,8,1,7,永全-南崁,2024-11-22,6451
00878,國泰永續高股息,6,0,6,永全-南崁,2024-11-22,6451
00910,第一金太空衛星,5,0,5,永全-南崁,2024-11-22,6451
1301,台塑,5,0,5,永全-南崁,2024-11-22,6451
2107,厚生,5,0,5,永全-南崁,2024-11-22,6451
2303,聯電,5,0,5,永全-南崁,2024-11-22,6451
2409,友達,5,0,5,永全-南崁,2024-11-22,6451
3552,同致,5,0,5,永全-南崁,2024-11-22,6451
4919,新唐,5,0,5,永全-南崁,2024-11-22,6451
5460,同協,5,0,5,永全-南崁,2024-11-22,6451
6026,福邦證,5,0,5,永全-南崁,2024-11-22,6451
00632R,元大台灣50反1,595,0,595,永全-南崁,2024-11-25,6451
00637L,元大滬深300正2,502,202,300,永全-南崁,2024-11-25,6451
3290,東浦,105,2,103,永全-南崁,2024-11-25,6451
8404,百和興業-KY,90,0,90,永全-南崁,2024-11-25,6451
1528,恩德,101,40,61,永全-南崁,2024-11-25,6451
00940,元大台灣價值高息,50,0,50,永全-南崁,2024-11-25,6451
4303,信立,50,0,50,永全-南崁,2024-11-25,6451
2603,長榮,36,1,35,永全-南崁,2024-11-25,6451
00919,群益台灣精選高息,30,0,30,永全-南崁,2024-11-25,6451
3303,岱稜,30,0,30,永全-南崁,2024-11-25,6451
4979,華星光,30,2,28,永全-南崁,2024-11-25,6451
9105,泰金寶-DR,33,6,27,永全-南崁,2024-11-25,6451
2371,大同,25,5,20,永全-南崁,2024-11-25,6451
5234,達興材料,21,1,20,永全-南崁,2024-11-25,6451
00905,FT臺灣Smart,20,2,18,永全-南崁,2024-11-25,6451
2615,萬海,19,1,18,永全-南崁,2024-11-25,6451
3324,雙鴻,24,7,17,永全-南崁,2024-11-25,6451
2331,精英,15,0,15,永全-南崁,2024-11-25,6451
6213,聯茂,16,2,14,永全-南崁,2024-11-25,6451
2409,友達,15,3,12,永全-南崁,2024-11-25,6451
1101,台泥,11,0,11,永全-南崁,2024-11-25,6451
1522,堤維西,10,0,10,永全-南崁,2024-11-25,6451
00878,國泰永續高股息,10,0,10,永全-南崁,2024-11-25,6451
2618,長榮航,28,18,10,永全-南崁,2024-11-25,6451
3081,聯亞,10,0,10,永全-南崁,2024-11-25,6451
5398,慕康生醫,10,0,10,永全-南崁,2024-11-25,6451
3712,永崴投控,22,13,9,永全-南崁,2024-11-25,6451
3706,神達,117,109,8,永全-南崁,2024-11-25,6451
3037,欣興,22,15,7,永全-南崁,2024-11-25,6451
2354,鴻準,19,12,7,永全-南崁,2024-11-25,6451
3027,盛達,19,12,7,永全-南崁,2024-11-25,6451
3149,正達,7,0,7,永全-南崁,2024-11-25,6451
3209,全科,7,0,7,永全-南崁,2024-11-25,6451
2230,泰茂,6,0,6,永全-南崁,2024-11-25,6451
4958,臻鼎-KY,6,0,6,永全-南崁,2024-11-25,6451
1102,亞泥,5,0,5,永全-南崁,2024-11-25,6451
00910,第一金太空衛星,5,0,5,永全-南崁,2024-11-25,6451
2301,光寶科,16,11,5,永全-南崁,2024-11-25,6451
2645,長榮航太,7,2,5,永全-南崁,2024-11-25,6451
3019,亞光,8,3,5,永全-南崁,2024-11-25,6451
3033,威健,5,0,5,永全-南崁,2024-11-25,6451
3047,訊舟,5,0,5,永全-南崁,2024-11-25,6451
3591,艾笛森,5,0,5,永全-南崁,2024-11-25,6451
6505,台塑化,5,0,5,永全-南崁,2024-11-25,6451
00679B,元大美債20年,4,0,4,永全-南崁,2024-11-25,6451
1711,永光,4,0,4,永全-南崁,2024-11-25,6451
2421,建準,4,0,4,永全-南崁,2024-11-25,6451
3625,西勝,4,0,4,永全-南崁,2024-11-25,6451
4147,中裕,4,0,4,永全-南崁,2024-11-25,6451
6108,競國,4,0,4,永全-南崁,2024-11-25,6451
2887,台新金,151,0,151,永全-南崁,2024-11-26,6451
2495,普安,110,4,106,永全-南崁,2024-11-26,6451
2317,鴻海,61,9,52,永全-南崁,2024-11-26,6451
2891,中信金,48,2,46,永全-南崁,2024-11-26,6451
2344,華邦電,41,0,41,永全-南崁,2024-11-26,6451
3545,敦泰,30,0,30,永全-南崁,2024-11-26,6451
6166,凌華,30,0,30,永全-南崁,2024-11-26,6451
3324,雙鴻,32,5,27,永全-南崁,2024-11-26,6451
2609,陽明,27,2,25,永全-南崁,2024-11-26,6451
1528,恩德,140,115,25,永全-南崁,2024-11-26,6451
2634,漢翔,44,21,23,永全-南崁,2024-11-26,6451
2359,所羅門,26,5,21,永全-南崁,2024-11-26,6451
8374,羅昇,23,2,21,永全-南崁,2024-11-26,6451
3515,華擎,20,0,20,永全-南崁,2024-11-26,6451
6695,芯鼎,20,0,20,永全-南崁,2024-11-26,6451
00878,國泰永續高股息,19,0,19,永全-南崁,2024-11-26,6451
2633,台灣高鐵,18,0,18,永全-南崁,2024-11-26,6451
3231,緯創,21,4,17,永全-南崁,2024-11-26,6451
1436,華友聯,15,0,15,永全-南崁,2024-11-26,6451
3062,建漢,15,0,15,永全-南崁,2024-11-26,6451
8429,金麗-KY,15,0,15,永全-南崁,2024-11-26,6451
2356,英業達,26,12,14,永全-南崁,2024-11-26,6451
2365,昆盈,17,3,14,永全-南崁,2024-11-26,6451
2354,鴻準,24,11,13,永全-南崁,2024-11-26,6451
1326,台化,11,0,11,永全-南崁,2024-11-26,6451
3017,奇鋐,11,0,11,永全-南崁,2024-11-26,6451
3056,富華新,10,0,10,永全-南崁,2024-11-26,6451
00669R,國泰美國道瓊反1,9,0,9,永全-南崁,2024-11-26,6451
6494,九齊,8,0,8,永全-南崁,2024-11-26,6451
3323,加百裕,18,11,7,永全-南崁,2024-11-26,6451
4746,台耀,7,0,7,永全-南崁,2024-11-26,6451
9105,泰金寶-DR,24,17,7,永全-南崁,2024-11-26,6451
3055,蔚華科,6,0,6,永全-南崁,2024-11-26,6451
3597,映興,36,30,6,永全-南崁,2024-11-26,6451
2330,台積電,6,0,6,永全-南崁,2024-11-26,6451
3037,欣興,26,21,5,永全-南崁,2024-11-26,6451
1471,首利,5,0,5,永全-南崁,2024-11-26,6451
00671R,富邦NASDAQ反1,5,0,5,永全-南崁,2024-11-26,6451
00685L,群益臺灣加權正2,5,0,5,永全-南崁,2024-11-26,6451
00648R,元大S＆P500反1,5,0,5,永全-南崁,2024-11-26,6451
00910,第一金太空衛星,5,0,5,永全-南崁,2024-11-26,6451
1595,川寶,5,0,5,永全-南崁,2024-11-26,6451
2460,建通,5,0,5,永全-南崁,2024-11-26,6451
2867,三商壽,10,5,5,永全-南崁,2024-11-26,6451
3022,威強電,5,0,5,永全-南崁,2024-11-26,6451
3167,大量,6,1,5,永全-南崁,2024-11-26,6451
3303,岱稜,5,0,5,永全-南崁,2024-11-26,6451
3706,神達,12,7,5,永全-南崁,2024-11-26,6451
4533,協易機,5,0,5,永全-南崁,2024-11-26,6451
6901,鑽石投資,5,0,5,永全-南崁,2024-11-26,6451
2303,聯電,200,7,193,永全-南崁,2024-11-27,6451
9105,泰金寶-DR,161,53,108,永全-南崁,2024-11-27,6451
2609,陽明,80,16,64,永全-南崁,2024-11-27,6451
00919,群益台灣精選高息,59,0,59,永全-南崁,2024-11-27,6451
2317,鴻海,64,7,57,永全-南崁,2024-11-27,6451
00878,國泰永續高股息,56,0,56,永全-南崁,2024-11-27,6451
00940,元大台灣價值高息,66,10,56,永全-南崁,2024-11-27,6451
0056,元大高股息,54,0,54,永全-南崁,2024-11-27,6451
1455,集盛,50,0,50,永全-南崁,2024-11-27,6451
3520,華盈,51,1,50,永全-南崁,2024-11-27,6451
2603,長榮,62,13,49,永全-南崁,2024-11-27,6451
2408,南亞科,43,0,43,永全-南崁,2024-11-27,6451
6770,力積電,42,0,42,永全-南崁,2024-11-27,6451
3231,緯創,31,0,31,永全-南崁,2024-11-27,6451
8240,華宏,30,0,30,永全-南崁,2024-11-27,6451
2323,中環,28,0,28,永全-南崁,2024-11-27,6451
2312,金寶,38,13,25,永全-南崁,2024-11-27,6451
2891,中信金,23,0,23,永全-南崁,2024-11-27,6451
5309,系統電,44,21,23,永全-南崁,2024-11-27,6451
6235,華孚,22,0,22,永全-南崁,2024-11-27,6451
2382,廣達,25,4,21,永全-南崁,2024-11-27,6451
2354,鴻準,33,13,20,永全-南崁,2024-11-27,6451
00923,群益台ESG低碳50,20,0,20,永全-南崁,2024-11-27,6451
2070,精湛,29,9,20,永全-南崁,2024-11-27,6451
4114,健喬,20,0,20,永全-南崁,2024-11-27,6451
3062,建漢,22,3,19,永全-南崁,2024-11-27,6451
3005,神基,18,0,18,永全-南崁,2024-11-27,6451
1301,台塑,18,2,16,永全-南崁,2024-11-27,6451
3481,群創,21,6,15,永全-南崁,2024-11-27,6451
6962,ITH-KY,15,0,15,永全-南崁,2024-11-27,6451
3022,威強電,15,0,15,永全-南崁,2024-11-27,6451
3163,波若威,15,1,14,永全-南崁,2024-11-27,6451
2204,中華,13,0,13,永全-南崁,2024-11-27,6451
2426,鼎元,19,7,12,永全-南崁,2024-11-27,6451
3019,亞光,17,5,12,永全-南崁,2024-11-27,6451
3450,聯鈞,33,21,12,永全-南崁,2024-11-27,6451
2349,錸德,11,0,11,永全-南崁,2024-11-27,6451
6669,緯穎,11,0,11,永全-南崁,2024-11-27,6451
00631L,元大台灣50正2,10,0,10,永全-南崁,2024-11-27,6451
2388,威盛,11,1,10,永全-南崁,2024-11-27,6451
3209,全科,10,0,10,永全-南崁,2024-11-27,6451
6116,彩晶,10,0,10,永全-南崁,2024-11-27,6451
6143,振曜,10,0,10,永全-南崁,2024-11-27,6451
6164,華興,10,0,10,永全-南崁,2024-11-27,6451
6197,佳必琪,10,0,10,永全-南崁,2024-11-27,6451
1605,華新,9,0,9,永全-南崁,2024-11-27,6451
2881,富邦金,9,0,9,永全-南崁,2024-11-27,6451
6456,GIS-KY,10,1,9,永全-南崁,2024-11-27,6451
8027,鈦昇,9,0,9,永全-南崁,2024-11-27,6451
2330,台積電,11,2,9,永全-南崁,2024-11-27,6451
2323,中環,120,30,90,永全-南崁,2024-11-28,6451
1815,富喬,200,119,81,永全-南崁,2024-11-28,6451
1536,和大,75,3,72,永全-南崁,2024-11-28,6451
3706,神達,271,202,69,永全-南崁,2024-11-28,6451
0056,元大高股息,64,0,64,永全-南崁,2024-11-28,6451
9105,泰金寶-DR,60,0,60,永全-南崁,2024-11-28,6451
1528,恩德,55,5,50,永全-南崁,2024-11-28,6451
6290,良維,50,0,50,永全-南崁,2024-11-28,6451
9945,潤泰新,50,0,50,永全-南崁,2024-11-28,6451
00919,群益台灣精選高息,188,140,48,永全-南崁,2024-11-28,6451
6279,胡連,41,1,40,永全-南崁,2024-11-28,6451
00929,復華台灣科技優息,34,0,34,永全-南崁,2024-11-28,6451
2312,金寶,44,12,32,永全-南崁,2024-11-28,6451
4909,新復興,31,1,30,永全-南崁,2024-11-28,6451
00878,國泰永續高股息,40,11,29,永全-南崁,2024-11-28,6451
00940,元大台灣價值高息,26,0,26,永全-南崁,2024-11-28,6451
3231,緯創,35,10,25,永全-南崁,2024-11-28,6451
8183,精星,25,0,25,永全-南崁,2024-11-28,6451
2609,陽明,77,55,22,永全-南崁,2024-11-28,6451
2303,聯電,22,0,22,永全-南崁,2024-11-28,6451
2332,友訊,27,6,21,永全-南崁,2024-11-28,6451
1524,耿鼎,20,0,20,永全-南崁,2024-11-28,6451
4971,IET-KY,68,48,20,永全-南崁,2024-11-28,6451
8429,金麗-KY,20,0,20,永全-南崁,2024-11-28,6451
2324,仁寶,19,2,17,永全-南崁,2024-11-28,6451
5880,合庫金,16,0,16,永全-南崁,2024-11-28,6451
1522,堤維西,16,1,15,永全-南崁,2024-11-28,6451
2405,輔信,15,0,15,永全-南崁,2024-11-28,6451
2455,全新,22,7,15,永全-南崁,2024-11-28,6451
2354,鴻準,34,21,13,永全-南崁,2024-11-28,6451
3211,順達,13,1,12,永全-南崁,2024-11-28,6451
6163,華電網,12,0,12,永全-南崁,2024-11-28,6451
2317,鴻海,20,9,11,永全-南崁,2024-11-28,6451
00907,永豐優息存股,10,0,10,永全-南崁,2024-11-28,6451
1540,喬福,50,40,10,永全-南崁,2024-11-28,6451
1611,中電,10,0,10,永全-南崁,2024-11-28,6451
2002,中鋼,10,0,10,永全-南崁,2024-11-28,6451
2352,佳世達,10,0,10,永全-南崁,2024-11-28,6451
2404,漢唐,10,0,10,永全-南崁,2024-11-28,6451
2615,萬海,52,42,10,永全-南崁,2024-11-28,6451
2891,中信金,10,0,10,永全-南崁,2024-11-28,6451
3043,科風,10,0,10,永全-南崁,2024-11-28,6451
3066,李洲,10,0,10,永全-南崁,2024-11-28,6451
5340,建榮,10,0,10,永全-南崁,2024-11-28,6451
5438,東友,10,0,10,永全-南崁,2024-11-28,6451
6770,力積電,16,6,10,永全-南崁,2024-11-28,6451
3062,建漢,9,0,9,永全-南崁,2024-11-28,6451
6530,創威,10,1,9,永全-南崁,2024-11-28,6451
3711,日月光投控,8,0,8,永全-南崁,2024-11-28,6451
8171,天宇,8,0,8,永全-南崁,2024-11-28,6451
9105,泰金寶-DR,349,20,329,永全-南崁,2024-11-29,6451
2062,橋椿,100,2,98,永全-南崁,2024-11-29,6451
00673R,期元大S＆P原油反1,50,0,50,永全-南崁,2024-11-29,6451
4909,新復興,48,0,48,永全-南崁,2024-11-29,6451
2344,華邦電,43,0,43,永全-南崁,2024-11-29,6451
4971,IET-KY,42,0,42,永全-南崁,2024-11-29,6451
00919,群益台灣精選高息,30,1,29,永全-南崁,2024-11-29,6451
2312,金寶,30,7,23,永全-南崁,2024-11-29,6451
1326,台化,25,3,22,永全-南崁,2024-11-29,6451
1301,台塑,30,8,22,永全-南崁,2024-11-29,6451
2633,台灣高鐵,20,0,20,永全-南崁,2024-11-29,6451
3489,森寶,20,0,20,永全-南崁,2024-11-29,6451
4968,立積,24,5,19,永全-南崁,2024-11-29,6451
4303,信立,20,2,18,永全-南崁,2024-11-29,6451
2303,聯電,16,2,14,永全-南崁,2024-11-29,6451
2891,中信金,14,0,14,永全-南崁,2024-11-29,6451
00679B,元大美債20年,12,0,12,永全-南崁,2024-11-29,6451
2637,慧洋-KY,12,0,12,永全-南崁,2024-11-29,6451
9958,世紀鋼,12,0,12,永全-南崁,2024-11-29,6451
006208,富邦台50,11,0,11,永全-南崁,2024-11-29,6451
2211,長榮鋼,11,0,11,永全-南崁,2024-11-29,6451
1449,佳和,10,0,10,永全-南崁,2024-11-29,6451
4576,大銀微系統,10,0,10,永全-南崁,2024-11-29,6451
6257,矽格,10,0,10,永全-南崁,2024-11-29,6451
2887,台新金,9,0,9,永全-南崁,2024-11-29,6451
4114,健喬,8,0,8,永全-南崁,2024-11-29,6451
5353,台林,13,5,8,永全-南崁,2024-11-29,6451
5880,合庫金,7,0,7,永全-南崁,2024-11-29,6451
2330,台積電,6,0,6,永全-南崁,2024-11-29,6451
2317,鴻海,8,2,6,永全-南崁,2024-11-29,6451
00878,國泰永續高股息,6,0,6,永全-南崁,2024-11-29,6451
2002,中鋼,6,0,6,永全-南崁,2024-11-29,6451
2634,漢翔,6,0,6,永全-南崁,2024-11-29,6451
3209,全科,6,0,6,永全-南崁,2024-11-29,6451
1536,和大,10,5,5,永全-南崁,2024-11-29,6451
2431,聯昌,5,0,5,永全-南崁,2024-11-29,6451
2618,長榮航,6,1,5,永全-南崁,2024-11-29,6451
3591,艾笛森,5,0,5,永全-南崁,2024-11-29,6451
3712,永崴投控,5,0,5,永全-南崁,2024-11-29,6451
4529,淳紳,5,0,5,永全-南崁,2024-11-29,6451
4903,聯光通,5,0,5,永全-南崁,2024-11-29,6451
6505,台塑化,5,0,5,永全-南崁,2024-11-29,6451
8240,華宏,9,4,5,永全-南崁,2024-11-29,6451
9945,潤泰新,5,0,5,永全-南崁,2024-11-29,6451
00918,大華優利高填息30,5,1,4,永全-南崁,2024-11-29,6451
2332,友訊,16,12,4,永全-南崁,2024-11-29,6451
2371,大同,7,3,4,永全-南崁,2024-11-29,6451
2646,星宇航空,6,2,4,永全-南崁,2024-11-29,6451
2881,富邦金,4,0,4,永全-南崁,2024-11-29,6451
3706,神達,88,84,4,永全-南崁,2024-11-29,6451
3234,光環,50,1,49,永全-南崁,2024-12-02,6451
00918,大華優利高填息30,50,3,47,永全-南崁,2024-12-02,6451
3211,順達,100,55,45,永全-南崁,2024-12-02,6451
5009,榮剛,40,0,40,永全-南崁,2024-12-02,6451
00919,群益台灣精選高息,30,0,30,永全-南崁,2024-12-02,6451
1717,長興,30,0,30,永全-南崁,2024-12-02,6451
5864,致和證,30,0,30,永全-南崁,2024-12-02,6451
8028,昇陽半導體,27,2,25,永全-南崁,2024-12-02,6451
1815,富喬,135,113,22,永全-南崁,2024-12-02,6451
3605,宏致,21,0,21,永全-南崁,2024-12-02,6451
2323,中環,20,0,20,永全-南崁,2024-12-02,6451
3041,揚智,20,0,20,永全-南崁,2024-12-02,6451
3489,森寶,20,0,20,永全-南崁,2024-12-02,6451
4977,眾達-KY,20,0,20,永全-南崁,2024-12-02,6451
8089,康全電訊,20,0,20,永全-南崁,2024-12-02,6451
6770,力積電,19,0,19,永全-南崁,2024-12-02,6451
2312,金寶,27,10,17,永全-南崁,2024-12-02,6451
3037,欣興,22,5,17,永全-南崁,2024-12-02,6451
00665L,富邦�琤肭磪囓�2,15,0,15,永全-南崁,2024-12-02,6451
3450,聯鈞,20,5,15,永全-南崁,2024-12-02,6451
4114,健喬,15,0,15,永全-南崁,2024-12-02,6451
2332,友訊,21,8,13,永全-南崁,2024-12-02,6451
2354,鴻準,24,11,13,永全-南崁,2024-12-02,6451
9105,泰金寶-DR,23,11,12,永全-南崁,2024-12-02,6451
1605,華新,11,0,11,永全-南崁,2024-12-02,6451
3209,全科,11,0,11,永全-南崁,2024-12-02,6451
2317,鴻海,13,2,11,永全-南崁,2024-12-02,6451
2002,中鋼,10,0,10,永全-南崁,2024-12-02,6451
2025,千興,10,0,10,永全-南崁,2024-12-02,6451
2601,益航,10,0,10,永全-南崁,2024-12-02,6451
2887,台新金,10,0,10,永全-南崁,2024-12-02,6451
3056,富華新,10,0,10,永全-南崁,2024-12-02,6451
3290,東浦,10,0,10,永全-南崁,2024-12-02,6451
6127,九豪,11,1,10,永全-南崁,2024-12-02,6451
8429,金麗-KY,10,0,10,永全-南崁,2024-12-02,6451
1560,中砂,10,1,9,永全-南崁,2024-12-02,6451
4123,晟德,9,0,9,永全-南崁,2024-12-02,6451
1540,喬福,11,3,8,永全-南崁,2024-12-02,6451
9904,寶成,9,1,8,永全-南崁,2024-12-02,6451
2615,萬海,9,2,7,永全-南崁,2024-12-02,6451
2634,漢翔,7,0,7,永全-南崁,2024-12-02,6451
5288,豐祥-KY,7,0,7,永全-南崁,2024-12-02,6451
2375,凱美,31,25,6,永全-南崁,2024-12-02,6451
1522,堤維西,6,1,5,永全-南崁,2024-12-02,6451
00646,元大S＆P500,5,0,5,永全-南崁,2024-12-02,6451
1708,東鹼,5,0,5,永全-南崁,2024-12-02,6451
2328,廣宇,5,0,5,永全-南崁,2024-12-02,6451
2344,華邦電,5,0,5,永全-南崁,2024-12-02,6451
2834,臺企銀,5,0,5,永全-南崁,2024-12-02,6451
4510,高鋒,27,22,5,永全-南崁,2024-12-02,6451
00919,群益台灣精選高息,121,11,110,永全-南崁,2024-12-03,6451
00946,群益科技高息成長,102,0,102,永全-南崁,2024-12-03,6451
2845,遠東銀,56,0,56,永全-南崁,2024-12-03,6451
3380,明泰,50,0,50,永全-南崁,2024-12-03,6451
3622,洋華,50,0,50,永全-南崁,2024-12-03,6451
3694,海華,50,1,49,永全-南崁,2024-12-03,6451
2630,亞航,41,2,39,永全-南崁,2024-12-03,6451
3037,欣興,24,1,23,永全-南崁,2024-12-03,6451
00664R,國泰臺灣加權反1,20,0,20,永全-南崁,2024-12-03,6451
2204,中華,20,0,20,永全-南崁,2024-12-03,6451
6166,凌華,20,0,20,永全-南崁,2024-12-03,6451
2332,友訊,31,13,18,永全-南崁,2024-12-03,6451
2834,臺企銀,17,0,17,永全-南崁,2024-12-03,6451
6770,力積電,20,3,17,永全-南崁,2024-12-03,6451
1802,台玻,15,0,15,永全-南崁,2024-12-03,6451
1326,台化,12,0,12,永全-南崁,2024-12-03,6451
8171,天宇,12,0,12,永全-南崁,2024-12-03,6451
9944,新麗,12,0,12,永全-南崁,2024-12-03,6451
5234,達興材料,11,0,11,永全-南崁,2024-12-03,6451
00665L,富邦�琤肭磪囓�2,11,1,10,永全-南崁,2024-12-03,6451
1717,長興,10,0,10,永全-南崁,2024-12-03,6451
2419,仲琦,10,0,10,永全-南崁,2024-12-03,6451
3021,鴻名,10,0,10,永全-南崁,2024-12-03,6451
3149,正達,10,0,10,永全-南崁,2024-12-03,6451
6548,長科*,10,0,10,永全-南崁,2024-12-03,6451
8429,金麗-KY,10,0,10,永全-南崁,2024-12-03,6451
00900,富邦特選高股息30,10,1,9,永全-南崁,2024-12-03,6451
3049,精金,10,1,9,永全-南崁,2024-12-03,6451
0056,元大高股息,8,0,8,永全-南崁,2024-12-03,6451
00918,大華優利高填息30,8,0,8,永全-南崁,2024-12-03,6451
3017,奇鋐,19,12,7,永全-南崁,2024-12-03,6451
1524,耿鼎,7,0,7,永全-南崁,2024-12-03,6451
2027,大成鋼,7,0,7,永全-南崁,2024-12-03,6451
2392,正崴,8,1,7,永全-南崁,2024-12-03,6451
5353,台林,6,0,6,永全-南崁,2024-12-03,6451
00945B,凱基美國非投等債,5,0,5,永全-南崁,2024-12-03,6451
1303,南亞,5,0,5,永全-南崁,2024-12-03,6451
00927,群益半導體收益,5,0,5,永全-南崁,2024-12-03,6451
1514,亞力,5,0,5,永全-南崁,2024-12-03,6451
2303,聯電,11,6,5,永全-南崁,2024-12-03,6451
3062,建漢,17,12,5,永全-南崁,2024-12-03,6451
3290,東浦,5,0,5,永全-南崁,2024-12-03,6451
4938,和碩,5,0,5,永全-南崁,2024-12-03,6451
2385,群光,4,0,4,永全-南崁,2024-12-03,6451
2402,毅嘉,4,0,4,永全-南崁,2024-12-03,6451
2408,南亞科,4,0,4,永全-南崁,2024-12-03,6451
3024,憶聲,4,0,4,永全-南崁,2024-12-03,6451
3045,台灣大,4,0,4,永全-南崁,2024-12-03,6451
3323,加百裕,5,1,4,永全-南崁,2024-12-03,6451
4303,信立,4,0,4,永全-南崁,2024-12-03,6451
00673R,期元大S＆P原油反1,200,0,200,永全-南崁,2024-12-04,6451
6174,安��,100,1,99,永全-南崁,2024-12-04,6451
2201,裕隆,70,0,70,永全-南崁,2024-12-04,6451
3324,雙鴻,55,4,51,永全-南崁,2024-12-04,6451
3234,光環,40,0,40,永全-南崁,2024-12-04,6451
2312,金寶,54,15,39,永全-南崁,2024-12-04,6451
1714,和桐,36,0,36,永全-南崁,2024-12-04,6451
00679B,元大美債20年,30,0,30,永全-南崁,2024-12-04,6451
3702,大聯大,26,1,25,永全-南崁,2024-12-04,6451
2062,橋椿,23,0,23,永全-南崁,2024-12-04,6451
2344,華邦電,23,0,23,永全-南崁,2024-12-04,6451
00637L,元大滬深300正2,21,0,21,永全-南崁,2024-12-04,6451
3515,華擎,20,0,20,永全-南崁,2024-12-04,6451
1326,台化,15,0,15,永全-南崁,2024-12-04,6451
1531,高林股,15,0,15,永全-南崁,2024-12-04,6451
1595,川寶,25,10,15,永全-南崁,2024-12-04,6451
2337,旺宏,17,4,13,永全-南崁,2024-12-04,6451
00918,大華優利高填息30,12,0,12,永全-南崁,2024-12-04,6451
2486,一詮,11,0,11,永全-南崁,2024-12-04,6451
6763,綠界科技*,11,0,11,永全-南崁,2024-12-04,6451
00919,群益台灣精選高息,13,2,11,永全-南崁,2024-12-04,6451
3050,鈺德,10,0,10,永全-南崁,2024-12-04,6451
3563,牧德,10,0,10,永全-南崁,2024-12-04,6451
4716,大立,10,0,10,永全-南崁,2024-12-04,6451
4904,遠傳,10,0,10,永全-南崁,2024-12-04,6451
6442,光聖,12,2,10,永全-南崁,2024-12-04,6451
8089,康全電訊,20,10,10,永全-南崁,2024-12-04,6451
2613,中櫃,9,0,9,永全-南崁,2024-12-04,6451
2610,華航,108,101,7,永全-南崁,2024-12-04,6451
4526,東台,7,0,7,永全-南崁,2024-12-04,6451
8028,昇陽半導體,7,0,7,永全-南崁,2024-12-04,6451
00665L,富邦�琤肭磪囓�2,6,0,6,永全-南崁,2024-12-04,6451
2327,國巨,7,1,6,永全-南崁,2024-12-04,6451
6292,迅德,6,0,6,永全-南崁,2024-12-04,6451
1471,首利,5,0,5,永全-南崁,2024-12-04,6451
00712,復華富時不動產,5,0,5,永全-南崁,2024-12-04,6451
00795B,中信美國公債20年,5,0,5,永全-南崁,2024-12-04,6451
00646,元大S＆P500,5,0,5,永全-南崁,2024-12-04,6451
00915,凱基優選高股息30,5,0,5,永全-南崁,2024-12-04,6451
1605,華新,5,0,5,永全-南崁,2024-12-04,6451
2064,晉椿,5,0,5,永全-南崁,2024-12-04,6451
2405,輔信,7,2,5,永全-南崁,2024-12-04,6451
2605,新興,5,0,5,永全-南崁,2024-12-04,6451
6505,台塑化,5,0,5,永全-南崁,2024-12-04,6451
6869,雲豹能源,5,0,5,永全-南崁,2024-12-04,6451
8429,金麗-KY,5,0,5,永全-南崁,2024-12-04,6451
1303,南亞,4,0,4,永全-南崁,2024-12-04,6451
4909,新復興,4,0,4,永全-南崁,2024-12-04,6451
1301,台塑,4,0,4,永全-南崁,2024-12-04,6451
2363,矽統,4,0,4,永全-南崁,2024-12-04,6451
00637L,元大滬深300正2,203,1,202,永全-南崁,2024-12-05,6451
3211,順達,175,28,147,永全-南崁,2024-12-05,6451
5202,力新,146,1,145,永全-南崁,2024-12-05,6451
4303,信立,121,1,120,永全-南崁,2024-12-05,6451
2303,聯電,117,26,91,永全-南崁,2024-12-05,6451
00918,大華優利高填息30,33,0,33,永全-南崁,2024-12-05,6451
2637,慧洋-KY,30,0,30,永全-南崁,2024-12-05,6451
3540,曜越,29,0,29,永全-南崁,2024-12-05,6451
3013,晟銘電,29,1,28,永全-南崁,2024-12-05,6451
00713,元大台灣高息低波,21,0,21,永全-南崁,2024-12-05,6451
00681R,元大美債20反1,20,0,20,永全-南崁,2024-12-05,6451
2610,華航,70,50,20,永全-南崁,2024-12-05,6451
3550,聯穎,20,0,20,永全-南崁,2024-12-05,6451
3596,智易,20,0,20,永全-南崁,2024-12-05,6451
5355,佳總,20,0,20,永全-南崁,2024-12-05,6451
8111,立��,20,0,20,永全-南崁,2024-12-05,6451
2327,國巨,23,7,16,永全-南崁,2024-12-05,6451
3062,建漢,26,10,16,永全-南崁,2024-12-05,6451
1802,台玻,16,1,15,永全-南崁,2024-12-05,6451
3003,健和興,15,0,15,永全-南崁,2024-12-05,6451
6695,芯鼎,15,0,15,永全-南崁,2024-12-05,6451
00715L,期街口布蘭特正2,14,0,14,永全-南崁,2024-12-05,6451
6451,訊芯-KY,24,10,14,永全-南崁,2024-12-05,6451
2312,金寶,19,6,13,永全-南崁,2024-12-05,6451
2337,旺宏,13,1,12,永全-南崁,2024-12-05,6451
1815,富喬,160,149,11,永全-南崁,2024-12-05,6451
2609,陽明,13,3,10,永全-南崁,2024-12-05,6451
00965,元大航太防衛科技,10,0,10,永全-南崁,2024-12-05,6451
1313,聯成,10,0,10,永全-南崁,2024-12-05,6451
2027,大成鋼,10,0,10,永全-南崁,2024-12-05,6451
2887,台新金,10,0,10,永全-南崁,2024-12-05,6451
3049,精金,10,0,10,永全-南崁,2024-12-05,6451
5225,東科-KY,10,0,10,永全-南崁,2024-12-05,6451
6127,九豪,11,1,10,永全-南崁,2024-12-05,6451
8043,蜜望實,15,5,10,永全-南崁,2024-12-05,6451
8171,天宇,24,15,9,永全-南崁,2024-12-05,6451
3230,錦明,14,5,9,永全-南崁,2024-12-05,6451
00915,凱基優選高股息30,8,0,8,永全-南崁,2024-12-05,6451
1301,台塑,7,0,7,永全-南崁,2024-12-05,6451
8038,長園科,7,0,7,永全-南崁,2024-12-05,6451
2313,華通,7,1,6,永全-南崁,2024-12-05,6451
3015,全漢,21,15,6,永全-南崁,2024-12-05,6451
3290,東浦,6,0,6,永全-南崁,2024-12-05,6451
6290,良維,6,0,6,永全-南崁,2024-12-05,6451
00882,中信中國高股息,5,0,5,永全-南崁,2024-12-05,6451
00878,國泰永續高股息,5,0,5,永全-南崁,2024-12-05,6451
00753L,中信中國50正2,5,0,5,永全-南崁,2024-12-05,6451
1618,合機,5,0,5,永全-南崁,2024-12-05,6451
2402,毅嘉,5,0,5,永全-南崁,2024-12-05,6451
2477,美隆電,5,0,5,永全-南崁,2024-12-05,6451
9105,泰金寶-DR,150,3,147,永全-南崁,2024-12-06,6451
00938,凱基優選30,100,0,100,永全-南崁,2024-12-06,6451
3481,群創,106,23,83,永全-南崁,2024-12-06,6451
1449,佳和,90,30,60,永全-南崁,2024-12-06,6451
3162,精確,60,0,60,永全-南崁,2024-12-06,6451
3704,合勤控,50,0,50,永全-南崁,2024-12-06,6451
00915,凱基優選高股息30,45,0,45,永全-南崁,2024-12-06,6451
5438,東友,43,0,43,永全-南崁,2024-12-06,6451
2354,鴻準,94,59,35,永全-南崁,2024-12-06,6451
00715L,期街口布蘭特正2,33,0,33,永全-南崁,2024-12-06,6451
8929,富堡,32,0,32,永全-南崁,2024-12-06,6451
00953B,群益優選非投等債,30,0,30,永全-南崁,2024-12-06,6451
1714,和桐,30,0,30,永全-南崁,2024-12-06,6451
3217,優群,30,0,30,永全-南崁,2024-12-06,6451
5439,高技,27,0,27,永全-南崁,2024-12-06,6451
1524,耿鼎,25,0,25,永全-南崁,2024-12-06,6451
3037,欣興,24,1,23,永全-南崁,2024-12-06,6451
3706,神達,94,72,22,永全-南崁,2024-12-06,6451
1802,台玻,20,0,20,永全-南崁,2024-12-06,6451
2888,新光金,20,0,20,永全-南崁,2024-12-06,6451
5009,榮剛,20,0,20,永全-南崁,2024-12-06,6451
1522,堤維西,16,0,16,永全-南崁,2024-12-06,6451
3290,東浦,13,0,13,永全-南崁,2024-12-06,6451
3591,艾笛森,13,0,13,永全-南崁,2024-12-06,6451
2426,鼎元,14,2,12,永全-南崁,2024-12-06,6451
2489,瑞軒,12,0,12,永全-南崁,2024-12-06,6451
1605,華新,20,9,11,永全-南崁,2024-12-06,6451
4114,健喬,11,0,11,永全-南崁,2024-12-06,6451
00965,元大航太防衛科技,10,0,10,永全-南崁,2024-12-06,6451
00900,富邦特選高股息30,10,0,10,永全-南崁,2024-12-06,6451
00770,國泰北美科技,10,0,10,永全-南崁,2024-12-06,6451
2867,三商壽,10,0,10,永全-南崁,2024-12-06,6451
3021,鴻名,10,0,10,永全-南崁,2024-12-06,6451
3041,揚智,11,1,10,永全-南崁,2024-12-06,6451
3715,定穎投控,10,0,10,永全-南崁,2024-12-06,6451
4735,豪展,10,0,10,永全-南崁,2024-12-06,6451
4952,凌通,10,0,10,永全-南崁,2024-12-06,6451
5284,jpp-KY,14,4,10,永全-南崁,2024-12-06,6451
6278,台表科,10,0,10,永全-南崁,2024-12-06,6451
3035,智原,11,2,9,永全-南崁,2024-12-06,6451
00665L,富邦�琤肭磪囓�2,9,0,9,永全-南崁,2024-12-06,6451
2453,凌群,11,2,9,永全-南崁,2024-12-06,6451
3581,博磊,22,13,9,永全-南崁,2024-12-06,6451
2349,錸德,13,5,8,永全-南崁,2024-12-06,6451
3323,加百裕,9,1,8,永全-南崁,2024-12-06,6451
2492,華新科,31,24,7,永全-南崁,2024-12-06,6451
8046,南電,7,0,7,永全-南崁,2024-12-06,6451
2303,聯電,7,1,6,永全-南崁,2024-12-06,6451
2337,旺宏,10,4,6,永全-南崁,2024-12-06,6451
2646,星宇航空,6,0,6,永全-南崁,2024-12-06,6451
3481,群創,194,0,194,永全-南崁,2024-12-09,6451
2468,華經,190,50,140,永全-南崁,2024-12-09,6451
2405,輔信,107,0,107,永全-南崁,2024-12-09,6451
2547,日勝生,80,0,80,永全-南崁,2024-12-09,6451
1605,華新,70,1,69,永全-南崁,2024-12-09,6451
00918,大華優利高填息30,60,1,59,永全-南崁,2024-12-09,6451
4909,新復興,54,0,54,永全-南崁,2024-12-09,6451
1714,和桐,50,0,50,永全-南崁,2024-12-09,6451
2834,臺企銀,50,0,50,永全-南崁,2024-12-09,6451
2867,三商壽,50,0,50,永全-南崁,2024-12-09,6451
2349,錸德,52,5,47,永全-南崁,2024-12-09,6451
3025,星通,48,5,43,永全-南崁,2024-12-09,6451
1434,福懋,36,0,36,永全-南崁,2024-12-09,6451
1802,台玻,34,0,34,永全-南崁,2024-12-09,6451
3576,聯合再生,30,0,30,永全-南崁,2024-12-09,6451
3078,僑威,30,2,28,永全-南崁,2024-12-09,6451
2344,華邦電,25,0,25,永全-南崁,2024-12-09,6451
2615,萬海,38,13,25,永全-南崁,2024-12-09,6451
1815,富喬,26,4,22,永全-南崁,2024-12-09,6451
4571,鈞興-KY,22,0,22,永全-南崁,2024-12-09,6451
5309,系統電,23,1,22,永全-南崁,2024-12-09,6451
2545,皇翔,21,0,21,永全-南崁,2024-12-09,6451
8942,森鉅,20,0,20,永全-南崁,2024-12-09,6451
5009,榮剛,20,1,19,永全-南崁,2024-12-09,6451
2449,京元電子,18,0,18,永全-南崁,2024-12-09,6451
9945,潤泰新,18,0,18,永全-南崁,2024-12-09,6451
2363,矽統,16,0,16,永全-南崁,2024-12-09,6451
2392,正崴,16,2,14,永全-南崁,2024-12-09,6451
5439,高技,13,0,13,永全-南崁,2024-12-09,6451
6112,邁達特,14,1,13,永全-南崁,2024-12-09,6451
00878,國泰永續高股息,12,0,12,永全-南崁,2024-12-09,6451
1432,大魯閣,13,1,12,永全-南崁,2024-12-09,6451
6139,亞翔,32,20,12,永全-南崁,2024-12-09,6451
1522,堤維西,12,1,11,永全-南崁,2024-12-09,6451
1303,南亞,14,3,11,永全-南崁,2024-12-09,6451
2408,南亞科,11,0,11,永全-南崁,2024-12-09,6451
2317,鴻海,11,0,11,永全-南崁,2024-12-09,6451
00681R,元大美債20反1,10,0,10,永全-南崁,2024-12-09,6451
1560,中砂,20,10,10,永全-南崁,2024-12-09,6451
1708,東鹼,14,4,10,永全-南崁,2024-12-09,6451
1904,正隆,10,0,10,永全-南崁,2024-12-09,6451
2399,映泰,13,3,10,永全-南崁,2024-12-09,6451
2417,圓剛,10,0,10,永全-南崁,2024-12-09,6451
2520,冠德,10,0,10,永全-南崁,2024-12-09,6451
3236,千如,20,10,10,永全-南崁,2024-12-09,6451
3260,威剛,10,0,10,永全-南崁,2024-12-09,6451
3290,東浦,10,0,10,永全-南崁,2024-12-09,6451
3673,TPK-KY,10,0,10,永全-南崁,2024-12-09,6451
4513,福裕,10,0,10,永全-南崁,2024-12-09,6451
4971,IET-KY,11,1,10,永全-南崁,2024-12-09,6451
3481,群創,200,0,200,永全-南崁,2024-12-10,6451
3056,富華新,180,0,180,永全-南崁,2024-12-10,6451
00637L,元大滬深300正2,253,146,107,永全-南崁,2024-12-10,6451
00918,大華優利高填息30,53,0,53,永全-南崁,2024-12-10,6451
2353,宏��,52,0,52,永全-南崁,2024-12-10,6451
00673R,期元大S＆P原油反1,50,0,50,永全-南崁,2024-12-10,6451
5443,均豪,48,2,46,永全-南崁,2024-12-10,6451
1449,佳和,45,1,44,永全-南崁,2024-12-10,6451
3324,雙鴻,39,1,38,永全-南崁,2024-12-10,6451
2887,台新金,37,0,37,永全-南崁,2024-12-10,6451
5202,力新,91,59,32,永全-南崁,2024-12-10,6451
00687B,國泰20年美債,30,0,30,永全-南崁,2024-12-10,6451
6140,訊達,34,4,30,永全-南崁,2024-12-10,6451
6834,天二科技,71,41,30,永全-南崁,2024-12-10,6451
9105,泰金寶-DR,22,0,22,永全-南崁,2024-12-10,6451
2317,鴻海,21,0,21,永全-南崁,2024-12-10,6451
00679B,元大美債20年,21,0,21,永全-南崁,2024-12-10,6451
2405,輔信,21,0,21,永全-南崁,2024-12-10,6451
3706,神達,35,14,21,永全-南崁,2024-12-10,6451
00664R,國泰臺灣加權反1,20,0,20,永全-南崁,2024-12-10,6451
2471,資通,20,0,20,永全-南崁,2024-12-10,6451
4541,晟田,20,0,20,永全-南崁,2024-12-10,6451
6218,豪勉,20,0,20,永全-南崁,2024-12-10,6451
1528,恩德,20,1,19,永全-南崁,2024-12-10,6451
1815,富喬,23,7,16,永全-南崁,2024-12-10,6451
2603,長榮,17,1,16,永全-南崁,2024-12-10,6451
2618,長榮航,16,0,16,永全-南崁,2024-12-10,6451
8383,千附,20,4,16,永全-南崁,2024-12-10,6451
2615,萬海,16,1,15,永全-南崁,2024-12-10,6451
2436,偉詮電,16,2,14,永全-南崁,2024-12-10,6451
0056,元大高股息,14,1,13,永全-南崁,2024-12-10,6451
8183,精星,15,2,13,永全-南崁,2024-12-10,6451
00919,群益台灣精選高息,30,18,12,永全-南崁,2024-12-10,6451
2547,日勝生,16,4,12,永全-南崁,2024-12-10,6451
1326,台化,11,0,11,永全-南崁,2024-12-10,6451
2002,中鋼,11,0,11,永全-南崁,2024-12-10,6451
2337,旺宏,11,0,11,永全-南崁,2024-12-10,6451
9944,新麗,12,1,11,永全-南崁,2024-12-10,6451
00934,中信成長高股息,10,0,10,永全-南崁,2024-12-10,6451
00931B,統一美債20年,10,0,10,永全-南崁,2024-12-10,6451
00953B,群益優選非投等債,10,0,10,永全-南崁,2024-12-10,6451
00713,元大台灣高息低波,10,0,10,永全-南崁,2024-12-10,6451
2204,中華,10,0,10,永全-南崁,2024-12-10,6451
2409,友達,10,0,10,永全-南崁,2024-12-10,6451
2611,志信,10,0,10,永全-南崁,2024-12-10,6451
2929,淘帝-KY,13,3,10,永全-南崁,2024-12-10,6451
3019,亞光,11,1,10,永全-南崁,2024-12-10,6451
3290,東浦,10,0,10,永全-南崁,2024-12-10,6451
4174,浩鼎,10,0,10,永全-南崁,2024-12-10,6451
4533,協易機,10,0,10,永全-南崁,2024-12-10,6451
00673R,期元大S＆P原油反1,200,0,200,永全-南崁,2024-12-11,6451
2303,聯電,190,0,190,永全-南崁,2024-12-11,6451
00940,元大台灣價值高息,100,0,100,永全-南崁,2024-12-11,6451
00637L,元大滬深300正2,111,27,84,永全-南崁,2024-12-11,6451
2382,廣達,74,0,74,永全-南崁,2024-12-11,6451
00687B,國泰20年美債,71,0,71,永全-南崁,2024-12-11,6451
00919,群益台灣精選高息,48,0,48,永全-南崁,2024-12-11,6451
6770,力積電,78,44,34,永全-南崁,2024-12-11,6451
6425,易發,41,8,33,永全-南崁,2024-12-11,6451
1326,台化,31,0,31,永全-南崁,2024-12-11,6451
2367,燿華,31,0,31,永全-南崁,2024-12-11,6451
1569,濱川,30,0,30,永全-南崁,2024-12-11,6451
3078,僑威,30,0,30,永全-南崁,2024-12-11,6451
5864,致和證,30,0,30,永全-南崁,2024-12-11,6451
6016,康和證,30,0,30,永全-南崁,2024-12-11,6451
8927,北基,30,0,30,永全-南崁,2024-12-11,6451
1303,南亞,30,3,27,永全-南崁,2024-12-11,6451
2317,鴻海,30,4,26,永全-南崁,2024-12-11,6451
00918,大華優利高填息30,25,1,24,永全-南崁,2024-12-11,6451
3706,神達,30,8,22,永全-南崁,2024-12-11,6451
4716,大立,21,0,21,永全-南崁,2024-12-11,6451
6216,居易,21,0,21,永全-南崁,2024-12-11,6451
8054,安國,48,28,20,永全-南崁,2024-12-11,6451
4571,鈞興-KY,20,0,20,永全-南崁,2024-12-11,6451
4906,正文,20,0,20,永全-南崁,2024-12-11,6451
6589,台康生技,70,51,19,永全-南崁,2024-12-11,6451
6829,千附精密,20,1,19,永全-南崁,2024-12-11,6451
2049,上銀,20,2,18,永全-南崁,2024-12-11,6451
6112,邁達特,19,1,18,永全-南崁,2024-12-11,6451
2312,金寶,18,1,17,永全-南崁,2024-12-11,6451
2327,國巨,17,0,17,永全-南崁,2024-12-11,6451
4968,立積,24,7,17,永全-南崁,2024-12-11,6451
2609,陽明,24,9,15,永全-南崁,2024-12-11,6451
2337,旺宏,13,0,13,永全-南崁,2024-12-11,6451
3062,建漢,33,21,12,永全-南崁,2024-12-11,6451
1815,富喬,23,12,11,永全-南崁,2024-12-11,6451
3231,緯創,16,5,11,永全-南崁,2024-12-11,6451
4919,新唐,13,2,11,永全-南崁,2024-12-11,6451
5439,高技,24,13,11,永全-南崁,2024-12-11,6451
00795B,中信美國公債20年,10,0,10,永全-南崁,2024-12-11,6451
00931B,統一美債20年,10,0,10,永全-南崁,2024-12-11,6451
00664R,國泰臺灣加權反1,10,0,10,永全-南崁,2024-12-11,6451
1227,佳格,10,0,10,永全-南崁,2024-12-11,6451
1466,聚隆,10,0,10,永全-南崁,2024-12-11,6451
2344,華邦電,10,0,10,永全-南崁,2024-12-11,6451
2610,華航,12,2,10,永全-南崁,2024-12-11,6451
4977,眾達-KY,14,4,10,永全-南崁,2024-12-11,6451
00938,凱基優選30,8,0,8,永全-南崁,2024-12-11,6451
2449,京元電子,8,0,8,永全-南崁,2024-12-11,6451
2547,日勝生,8,0,8,永全-南崁,2024-12-11,6451
00673R,期元大S＆P原油反1,200,0,200,永全-南崁,2024-12-12,6451
3019,亞光,125,53,72,永全-南崁,2024-12-12,6451
1714,和桐,56,0,56,永全-南崁,2024-12-12,6451
00665L,富邦�琤肭磪囓�2,55,0,55,永全-南崁,2024-12-12,6451
1312,國喬,50,0,50,永全-南崁,2024-12-12,6451
1718,中纖,50,0,50,永全-南崁,2024-12-12,6451
8374,羅昇,37,7,30,永全-南崁,2024-12-12,6451
3037,欣興,23,2,21,永全-南崁,2024-12-12,6451
1708,東鹼,20,0,20,永全-南崁,2024-12-12,6451
1802,台玻,20,0,20,永全-南崁,2024-12-12,6451
2323,中環,20,0,20,永全-南崁,2024-12-12,6451
3450,聯鈞,27,7,20,永全-南崁,2024-12-12,6451
6016,康和證,20,0,20,永全-南崁,2024-12-12,6451
6138,茂達,20,0,20,永全-南崁,2024-12-12,6451
6141,柏承,20,0,20,永全-南崁,2024-12-12,6451
3149,正達,18,0,18,永全-南崁,2024-12-12,6451
00891,中信關鍵半導體,20,3,17,永全-南崁,2024-12-12,6451
5607,遠雄港,17,0,17,永全-南崁,2024-12-12,6451
2618,長榮航,18,2,16,永全-南崁,2024-12-12,6451
6140,訊達,17,1,16,永全-南崁,2024-12-12,6451
9105,泰金寶-DR,16,0,16,永全-南崁,2024-12-12,6451
2317,鴻海,16,0,16,永全-南崁,2024-12-12,6451
00679B,元大美債20年,15,0,15,永全-南崁,2024-12-12,6451
2609,陽明,39,26,13,永全-南崁,2024-12-12,6451
1301,台塑,14,1,13,永全-南崁,2024-12-12,6451
00633L,富邦上証正2,11,0,11,永全-南崁,2024-12-12,6451
3324,雙鴻,27,16,11,永全-南崁,2024-12-12,6451
2303,聯電,11,1,10,永全-南崁,2024-12-12,6451
1611,中電,10,0,10,永全-南崁,2024-12-12,6451
2025,千興,10,0,10,永全-南崁,2024-12-12,6451
2379,瑞昱,10,0,10,永全-南崁,2024-12-12,6451
4995,晶達,10,0,10,永全-南崁,2024-12-12,6451
5309,系統電,10,0,10,永全-南崁,2024-12-12,6451
6589,台康生技,11,1,10,永全-南崁,2024-12-12,6451
1785,光洋科,31,23,8,永全-南崁,2024-12-12,6451
2405,輔信,8,0,8,永全-南崁,2024-12-12,6451
6188,廣明,9,1,8,永全-南崁,2024-12-12,6451
00918,大華優利高填息30,7,0,7,永全-南崁,2024-12-12,6451
00960,野村全球航運龍頭,7,0,7,永全-南崁,2024-12-12,6451
2363,矽統,7,0,7,永全-南崁,2024-12-12,6451
4956,光鋐,9,2,7,永全-南崁,2024-12-12,6451
1815,富喬,10,4,6,永全-南崁,2024-12-12,6451
3049,精金,6,0,6,永全-南崁,2024-12-12,6451
2402,毅嘉,5,0,5,永全-南崁,2024-12-12,6451
00648R,元大S＆P500反1,5,0,5,永全-南崁,2024-12-12,6451
00671R,富邦NASDAQ反1,5,0,5,永全-南崁,2024-12-12,6451
00669R,國泰美國道瓊反1,5,0,5,永全-南崁,2024-12-12,6451
00795B,中信美國公債20年,5,0,5,永全-南崁,2024-12-12,6451
00937B,群益ESG投等債20,5,0,5,永全-南崁,2024-12-12,6451
1810,和成,5,0,5,永全-南崁,2024-12-12,6451
3481,群創,500,100,400,永全-南崁,2024-12-13,6451
00637L,元大滬深300正2,404,71,333,永全-南崁,2024-12-13,6451
1714,和桐,112,0,112,永全-南崁,2024-12-13,6451
1312,國喬,120,20,100,永全-南崁,2024-12-13,6451
2303,聯電,81,0,81,永全-南崁,2024-12-13,6451
4540,全球傳動,102,25,77,永全-南崁,2024-12-13,6451
00915,凱基優選高股息30,68,0,68,永全-南崁,2024-12-13,6451
2313,華通,52,8,44,永全-南崁,2024-12-13,6451
4142,國光生,44,0,44,永全-南崁,2024-12-13,6451
3706,神達,154,112,42,永全-南崁,2024-12-13,6451
2609,陽明,86,45,41,永全-南崁,2024-12-13,6451
00665L,富邦�琤肭磪囓�2,38,0,38,永全-南崁,2024-12-13,6451
3078,僑威,35,0,35,永全-南崁,2024-12-13,6451
1802,台玻,36,2,34,永全-南崁,2024-12-13,6451
00919,群益台灣精選高息,30,0,30,永全-南崁,2024-12-13,6451
9945,潤泰新,30,0,30,永全-南崁,2024-12-13,6451
1785,光洋科,33,4,29,永全-南崁,2024-12-13,6451
8183,精星,29,0,29,永全-南崁,2024-12-13,6451
4541,晟田,30,2,28,永全-南崁,2024-12-13,6451
2317,鴻海,23,0,23,永全-南崁,2024-12-13,6451
2486,一詮,25,4,21,永全-南崁,2024-12-13,6451
2618,長榮航,23,2,21,永全-南崁,2024-12-13,6451
0056,元大高股息,27,6,21,永全-南崁,2024-12-13,6451
2883,凱基金,20,0,20,永全-南崁,2024-12-13,6451
5009,榮剛,20,0,20,永全-南崁,2024-12-13,6451
6016,康和證,20,0,20,永全-南崁,2024-12-13,6451
00937B,群益ESG投等債20,19,0,19,永全-南崁,2024-12-13,6451
00918,大華優利高填息30,19,1,18,永全-南崁,2024-12-13,6451
3049,精金,18,0,18,永全-南崁,2024-12-13,6451
4906,正文,35,18,17,永全-南崁,2024-12-13,6451
00878,國泰永續高股息,19,3,16,永全-南崁,2024-12-13,6451
3056,富華新,15,0,15,永全-南崁,2024-12-13,6451
3607,谷崧,13,0,13,永全-南崁,2024-12-13,6451
2337,旺宏,12,0,12,永全-南崁,2024-12-13,6451
00720B,元大投資級公司債,11,0,11,永全-南崁,2024-12-13,6451
2009,第一銅,11,0,11,永全-南崁,2024-12-13,6451
2344,華邦電,11,0,11,永全-南崁,2024-12-13,6451
2388,威盛,11,0,11,永全-南崁,2024-12-13,6451
1434,福懋,10,0,10,永全-南崁,2024-12-13,6451
00713,元大台灣高息低波,12,2,10,永全-南崁,2024-12-13,6451
00933B,國泰10Y+金融債,10,0,10,永全-南崁,2024-12-13,6451
2405,輔信,19,9,10,永全-南崁,2024-12-13,6451
2610,華航,15,5,10,永全-南崁,2024-12-13,6451
3037,欣興,17,7,10,永全-南崁,2024-12-13,6451
3323,加百裕,24,14,10,永全-南崁,2024-12-13,6451
3380,明泰,10,0,10,永全-南崁,2024-12-13,6451
5230,雷笛克光學,10,0,10,永全-南崁,2024-12-13,6451
8085,福華,10,0,10,永全-南崁,2024-12-13,6451
2002,中鋼,10,0,10,永全-南崁,2024-12-13,6451
00679B,元大美債20年,8,0,8,永全-南崁,2024-12-13,6451
00637L,元大滬深300正2,247,104,143,永全-南崁,2024-12-16,6451
1714,和桐,128,0,128,永全-南崁,2024-12-16,6451
2374,佳能,104,25,79,永全-南崁,2024-12-16,6451
00673R,期元大S＆P原油反1,75,0,75,永全-南崁,2024-12-16,6451
00680L,元大美債20正2,50,1,49,永全-南崁,2024-12-16,6451
00915,凱基優選高股息30,46,0,46,永全-南崁,2024-12-16,6451
00937B,群益ESG投等債20,35,0,35,永全-南崁,2024-12-16,6451
1524,耿鼎,31,1,30,永全-南崁,2024-12-16,6451
1802,台玻,30,0,30,永全-南崁,2024-12-16,6451
6016,康和證,30,0,30,永全-南崁,2024-12-16,6451
2520,冠德,26,0,26,永全-南崁,2024-12-16,6451
00918,大華優利高填息30,22,0,22,永全-南崁,2024-12-16,6451
1312,國喬,21,0,21,永全-南崁,2024-12-16,6451
1522,堤維西,20,0,20,永全-南崁,2024-12-16,6451
2323,中環,20,0,20,永全-南崁,2024-12-16,6451
2464,盟立,20,0,20,永全-南崁,2024-12-16,6451
4541,晟田,20,0,20,永全-南崁,2024-12-16,6451
3037,欣興,20,1,19,永全-南崁,2024-12-16,6451
2382,廣達,19,0,19,永全-南崁,2024-12-16,6451
3711,日月光投控,22,3,19,永全-南崁,2024-12-16,6451
2317,鴻海,34,16,18,永全-南崁,2024-12-16,6451
1815,富喬,26,9,17,永全-南崁,2024-12-16,6451
3706,神達,71,55,16,永全-南崁,2024-12-16,6451
2363,矽統,17,3,14,永全-南崁,2024-12-16,6451
2349,錸德,13,0,13,永全-南崁,2024-12-16,6451
2634,漢翔,16,3,13,永全-南崁,2024-12-16,6451
8054,安國,55,42,13,永全-南崁,2024-12-16,6451
3231,緯創,25,12,13,永全-南崁,2024-12-16,6451
3481,群創,13,0,13,永全-南崁,2024-12-16,6451
1301,台塑,13,1,12,永全-南崁,2024-12-16,6451
4977,眾達-KY,15,3,12,永全-南崁,2024-12-16,6451
3017,奇鋐,20,9,11,永全-南崁,2024-12-16,6451
1595,川寶,11,0,11,永全-南崁,2024-12-16,6451
4105,東洋,11,0,11,永全-南崁,2024-12-16,6451
3029,零壹,10,0,10,永全-南崁,2024-12-16,6451
4933,友輝,10,0,10,永全-南崁,2024-12-16,6451
2002,中鋼,9,0,9,永全-南崁,2024-12-16,6451
4571,鈞興-KY,17,8,9,永全-南崁,2024-12-16,6451
00948B,中信優息投資級債,8,0,8,永全-南崁,2024-12-16,6451
2408,南亞科,10,2,8,永全-南崁,2024-12-16,6451
1536,和大,11,4,7,永全-南崁,2024-12-16,6451
2027,大成鋼,7,0,7,永全-南崁,2024-12-16,6451
2630,亞航,7,0,7,永全-南崁,2024-12-16,6451
9958,世紀鋼,7,0,7,永全-南崁,2024-12-16,6451
2609,陽明,29,23,6,永全-南崁,2024-12-16,6451
00878,國泰永續高股息,6,0,6,永全-南崁,2024-12-16,6451
2376,技嘉,6,0,6,永全-南崁,2024-12-16,6451
6173,信昌電,6,0,6,永全-南崁,2024-12-16,6451
8383,千附,6,0,6,永全-南崁,2024-12-16,6451
00945B,凱基美國非投等債,5,0,5,永全-南崁,2024-12-16,6451
3481,群創,402,0,402,永全-南崁,2024-12-17,6451
00632R,元大台灣50反1,95,0,95,永全-南崁,2024-12-17,6451
2409,友達,73,0,73,永全-南崁,2024-12-17,6451
00919,群益台灣精選高息,60,2,58,永全-南崁,2024-12-17,6451
2867,三商壽,47,0,47,永全-南崁,2024-12-17,6451
1720,生達,40,0,40,永全-南崁,2024-12-17,6451
2618,長榮航,55,15,40,永全-南崁,2024-12-17,6451
1524,耿鼎,36,0,36,永全-南崁,2024-12-17,6451
1303,南亞,32,0,32,永全-南崁,2024-12-17,6451
3211,順達,30,0,30,永全-南崁,2024-12-17,6451
5230,雷笛克光學,28,0,28,永全-南崁,2024-12-17,6451
00679B,元大美債20年,25,0,25,永全-南崁,2024-12-17,6451
00948B,中信優息投資級債,20,0,20,永全-南崁,2024-12-17,6451
00724B,群益投資級金融債,20,0,20,永全-南崁,2024-12-17,6451
2801,彰銀,20,0,20,永全-南崁,2024-12-17,6451
6770,力積電,20,0,20,永全-南崁,2024-12-17,6451
1326,台化,30,11,19,永全-南崁,2024-12-17,6451
2303,聯電,190,171,19,永全-南崁,2024-12-17,6451
2609,陽明,18,1,17,永全-南崁,2024-12-17,6451
00795B,中信美國公債20年,17,0,17,永全-南崁,2024-12-17,6451
2455,全新,31,14,17,永全-南崁,2024-12-17,6451
00918,大華優利高填息30,16,0,16,永全-南崁,2024-12-17,6451
4938,和碩,17,1,16,永全-南崁,2024-12-17,6451
1605,華新,15,0,15,永全-南崁,2024-12-17,6451
00687B,國泰20年美債,15,1,14,永全-南崁,2024-12-17,6451
1436,華友聯,13,0,13,永全-南崁,2024-12-17,6451
00713,元大台灣高息低波,11,0,11,永全-南崁,2024-12-17,6451
00900,富邦特選高股息30,10,0,10,永全-南崁,2024-12-17,6451
1466,聚隆,10,0,10,永全-南崁,2024-12-17,6451
1810,和成,10,0,10,永全-南崁,2024-12-17,6451
2233,宇隆,10,0,10,永全-南崁,2024-12-17,6451
2385,群光,10,0,10,永全-南崁,2024-12-17,6451
5315,光聯,10,0,10,永全-南崁,2024-12-17,6451
6533,晶心科,10,0,10,永全-南崁,2024-12-17,6451
9944,新麗,13,3,10,永全-南崁,2024-12-17,6451
2317,鴻海,17,7,10,永全-南崁,2024-12-17,6451
2344,華邦電,11,2,9,永全-南崁,2024-12-17,6451
1301,台塑,10,2,8,永全-南崁,2024-12-17,6451
2882,國泰金,8,0,8,永全-南崁,2024-12-17,6451
4510,高鋒,12,4,8,永全-南崁,2024-12-17,6451
3041,揚智,13,5,8,永全-南崁,2024-12-17,6451
00633L,富邦上証正2,7,0,7,永全-南崁,2024-12-17,6451
1708,東鹼,7,0,7,永全-南崁,2024-12-17,6451
8081,致新,7,0,7,永全-南崁,2024-12-17,6451
1785,光洋科,9,2,7,永全-南崁,2024-12-17,6451
00937B,群益ESG投等債20,6,0,6,永全-南崁,2024-12-17,6451
2363,矽統,7,1,6,永全-南崁,2024-12-17,6451
2834,臺企銀,6,0,6,永全-南崁,2024-12-17,6451
2449,京元電子,6,0,6,永全-南崁,2024-12-17,6451
00882,中信中國高股息,5,0,5,永全-南崁,2024-12-17,6451
9105,泰金寶-DR,637,105,532,永全-南崁,2024-12-18,6451
00918,大華優利高填息30,60,0,60,永全-南崁,2024-12-18,6451
5371,中光電,63,3,60,永全-南崁,2024-12-18,6451
2409,友達,50,1,49,永全-南崁,2024-12-18,6451
2312,金寶,48,2,46,永全-南崁,2024-12-18,6451
2609,陽明,35,0,35,永全-南崁,2024-12-18,6451
3324,雙鴻,30,0,30,永全-南崁,2024-12-18,6451
5871,中租-KY,32,2,30,永全-南崁,2024-12-18,6451
6770,力積電,36,7,29,永全-南崁,2024-12-18,6451
3711,日月光投控,30,5,25,永全-南崁,2024-12-18,6451
00878,國泰永續高股息,22,0,22,永全-南崁,2024-12-18,6451
2867,三商壽,21,0,21,永全-南崁,2024-12-18,6451
3217,優群,20,0,20,永全-南崁,2024-12-18,6451
9945,潤泰新,20,0,20,永全-南崁,2024-12-18,6451
3029,零壹,17,0,17,永全-南崁,2024-12-18,6451
1589,永冠-KY,15,0,15,永全-南崁,2024-12-18,6451
3017,奇鋐,17,3,14,永全-南崁,2024-12-18,6451
2883,凱基金,15,1,14,永全-南崁,2024-12-18,6451
00919,群益台灣精選高息,32,20,12,永全-南崁,2024-12-18,6451
8249,菱光,20,8,12,永全-南崁,2024-12-18,6451
2344,華邦電,116,105,11,永全-南崁,2024-12-18,6451
00795B,中信美國公債20年,10,0,10,永全-南崁,2024-12-18,6451
2722,夏都,10,0,10,永全-南崁,2024-12-18,6451
3289,宜特,10,0,10,永全-南崁,2024-12-18,6451
4306,炎洲,10,0,10,永全-南崁,2024-12-18,6451
6679,鈺太,10,0,10,永全-南崁,2024-12-18,6451
2408,南亞科,13,4,9,永全-南崁,2024-12-18,6451
5439,高技,8,0,8,永全-南崁,2024-12-18,6451
2392,正崴,8,1,7,永全-南崁,2024-12-18,6451
3609,三一東林,7,0,7,永全-南崁,2024-12-18,6451
00937B,群益ESG投等債20,6,0,6,永全-南崁,2024-12-18,6451
2375,凱美,6,0,6,永全-南崁,2024-12-18,6451
3005,神基,6,0,6,永全-南崁,2024-12-18,6451
1519,華城,8,3,5,永全-南崁,2024-12-18,6451
1618,合機,5,0,5,永全-南崁,2024-12-18,6451
2915,潤泰全,5,0,5,永全-南崁,2024-12-18,6451
3231,緯創,6,1,5,永全-南崁,2024-12-18,6451
6026,福邦證,5,0,5,永全-南崁,2024-12-18,6451
6239,力成,10,5,5,永全-南崁,2024-12-18,6451
2382,廣達,4,0,4,永全-南崁,2024-12-18,6451
2353,宏��,5,1,4,永全-南崁,2024-12-18,6451
2356,英業達,7,3,4,永全-南崁,2024-12-18,6451
3481,群創,7,3,4,永全-南崁,2024-12-18,6451
3591,艾笛森,4,0,4,永全-南崁,2024-12-18,6451
4971,IET-KY,5,1,4,永全-南崁,2024-12-18,6451
5009,榮剛,4,0,4,永全-南崁,2024-12-18,6451
6209,今國光,6,2,4,永全-南崁,2024-12-18,6451
6588,東典光電,4,0,4,永全-南崁,2024-12-18,6451
9944,新麗,4,0,4,永全-南崁,2024-12-18,6451
2618,長榮航,8,4,4,永全-南崁,2024-12-18,6451
2887,台新金,317,0,317,永全-南崁,2024-12-19,6451
00687B,國泰20年美債,274,7,267,永全-南崁,2024-12-19,6451
1718,中纖,226,0,226,永全-南崁,2024-12-19,6451
2409,友達,142,30,112,永全-南崁,2024-12-19,6451
1714,和桐,96,0,96,永全-南崁,2024-12-19,6451
00918,大華優利高填息30,77,0,77,永全-南崁,2024-12-19,6451
2883,凱基金,75,2,73,永全-南崁,2024-12-19,6451
1301,台塑,68,1,67,永全-南崁,2024-12-19,6451
00724B,群益投資級金融債,50,0,50,永全-南崁,2024-12-19,6451
00795B,中信美國公債20年,47,0,47,永全-南崁,2024-12-19,6451
00878,國泰永續高股息,41,0,41,永全-南崁,2024-12-19,6451
2317,鴻海,39,0,39,永全-南崁,2024-12-19,6451
00919,群益台灣精選高息,46,10,36,永全-南崁,2024-12-19,6451
2303,聯電,31,0,31,永全-南崁,2024-12-19,6451
6166,凌華,30,0,30,永全-南崁,2024-12-19,6451
2408,南亞科,29,1,28,永全-南崁,2024-12-19,6451
2609,陽明,31,4,27,永全-南崁,2024-12-19,6451
1720,生達,26,0,26,永全-南崁,2024-12-19,6451
2419,仲琦,24,0,24,永全-南崁,2024-12-19,6451
00679B,元大美債20年,22,0,22,永全-南崁,2024-12-19,6451
1319,東陽,22,1,21,永全-南崁,2024-12-19,6451
3576,聯合再生,20,0,20,永全-南崁,2024-12-19,6451
4114,健喬,20,0,20,永全-南崁,2024-12-19,6451
5230,雷笛克光學,20,0,20,永全-南崁,2024-12-19,6451
912000,晨訊科-DR,20,0,20,永全-南崁,2024-12-19,6451
0056,元大高股息,20,1,19,永全-南崁,2024-12-19,6451
9958,世紀鋼,18,0,18,永全-南崁,2024-12-19,6451
00937B,群益ESG投等債20,38,20,18,永全-南崁,2024-12-19,6451
2845,遠東銀,17,0,17,永全-南崁,2024-12-19,6451
4979,華星光,18,2,16,永全-南崁,2024-12-19,6451
3450,聯鈞,33,18,15,永全-南崁,2024-12-19,6451
2002,中鋼,13,0,13,永全-南崁,2024-12-19,6451
2312,金寶,15,2,13,永全-南崁,2024-12-19,6451
5484,慧友,13,1,12,永全-南崁,2024-12-19,6451
2382,廣達,12,1,11,永全-南崁,2024-12-19,6451
00725B,國泰投資級公司債,10,0,10,永全-南崁,2024-12-19,6451
00665L,富邦�琤肭磪囓�2,10,0,10,永全-南崁,2024-12-19,6451
00646,元大S＆P500,10,0,10,永全-南崁,2024-12-19,6451
2882,國泰金,10,0,10,永全-南崁,2024-12-19,6451
3289,宜特,10,0,10,永全-南崁,2024-12-19,6451
4768,晶呈科技,10,0,10,永全-南崁,2024-12-19,6451
9904,寶成,10,0,10,永全-南崁,2024-12-19,6451
1785,光洋科,11,1,10,永全-南崁,2024-12-19,6451
00631L,元大台灣50正2,9,0,9,永全-南崁,2024-12-19,6451
2618,長榮航,38,29,9,永全-南崁,2024-12-19,6451
2464,盟立,9,1,8,永全-南崁,2024-12-19,6451
1815,富喬,15,8,7,永全-南崁,2024-12-19,6451
9944,新麗,7,0,7,永全-南崁,2024-12-19,6451
1101,台泥,6,0,6,永全-南崁,2024-12-19,6451
2355,敬鵬,6,0,6,永全-南崁,2024-12-19,6451
