Ticker,Name,buy,sell,diff,Branch,Date,Branch_Code
00900,富邦特選高股息30,120,0,120,大昌-新店,2023-01-03,6464
00637L,元大滬深300正2,153,64,89,大昌-新店,2023-01-03,6464
00916,國泰全球品牌50,65,0,65,大昌-新店,2023-01-03,6464
1605,華新,97,37,60,大昌-新店,2023-01-03,6464
1409,新纖,56,4,52,大昌-新店,2023-01-03,6464
00878,國泰永續高股息,66,15,51,大昌-新店,2023-01-03,6464
9105,泰金寶-DR,50,0,50,大昌-新店,2023-01-03,6464
2609,陽明,63,19,44,大昌-新店,2023-01-03,6464
4171,瑞基,58,17,41,大昌-新店,2023-01-03,6464
2317,鴻海,70,32,38,大昌-新店,2023-01-03,6464
2331,精英,65,28,37,大昌-新店,2023-01-03,6464
00739,元大MSCI A股,30,0,30,大昌-新店,2023-01-03,6464
00673R,期元大S＆P原油反1,28,0,28,大昌-新店,2023-01-03,6464
2603,長榮,38,15,23,大昌-新店,2023-01-03,6464
2884,玉山金,25,2,23,大昌-新店,2023-01-03,6464
1301,台塑,24,1,23,大昌-新店,2023-01-03,6464
6244,茂迪,24,1,23,大昌-新店,2023-01-03,6464
0050,元大台灣50,41,20,21,大昌-新店,2023-01-03,6464
1463,強盛新,21,0,21,大昌-新店,2023-01-03,6464
2886,兆豐金,20,0,20,大昌-新店,2023-01-03,6464
1417,嘉裕,27,7,20,大昌-新店,2023-01-03,6464
00638R,元大滬深300反1,20,0,20,大昌-新店,2023-01-03,6464
1529,樂事綠能,21,1,20,大昌-新店,2023-01-03,6464
2881,富邦金,25,6,19,大昌-新店,2023-01-03,6464
3027,盛達,23,6,17,大昌-新店,2023-01-03,6464
4113,聯上,16,0,16,大昌-新店,2023-01-03,6464
3105,穩懋,20,5,15,大昌-新店,2023-01-03,6464
00902,中信電池及儲能,13,0,13,大昌-新店,2023-01-03,6464
4106,雃博,12,0,12,大昌-新店,2023-01-03,6464
2371,大同,15,3,12,大昌-新店,2023-01-03,6464
4130,健亞,20,9,11,大昌-新店,2023-01-03,6464
4167,松瑞藥,43,32,11,大昌-新店,2023-01-03,6464
2882,國泰金,18,7,11,大昌-新店,2023-01-03,6464
00671R,富邦NASDAQ反1,10,0,10,大昌-新店,2023-01-03,6464
00701,國泰股利精選30,10,0,10,大昌-新店,2023-01-03,6464
2312,金寶,10,1,9,大昌-新店,2023-01-03,6464
6282,康舒,20,12,8,大昌-新店,2023-01-03,6464
2605,新興,8,0,8,大昌-新店,2023-01-03,6464
1319,東陽,13,5,8,大昌-新店,2023-01-03,6464
3231,緯創,10,2,8,大昌-新店,2023-01-03,6464
00679B,元大美債20年,7,0,7,大昌-新店,2023-01-03,6464
1514,亞力,8,1,7,大昌-新店,2023-01-03,6464
2637,慧洋-KY,11,4,7,大昌-新店,2023-01-03,6464
4747,強生,9,2,7,大昌-新店,2023-01-03,6464
2618,長榮航,29,22,7,大昌-新店,2023-01-03,6464
1701,中化,22,15,7,大昌-新店,2023-01-03,6464
0056,元大高股息,12,6,6,大昌-新店,2023-01-03,6464
6461,益得,7,1,6,大昌-新店,2023-01-03,6464
8935,邦泰,6,0,6,大昌-新店,2023-01-03,6464
1342,八貫,9,3,6,大昌-新店,2023-01-03,6464
00632R,元大台灣50反1,205,1,204,大昌-新店,2023-01-04,6464
2884,玉山金,67,0,67,大昌-新店,2023-01-04,6464
00739,元大MSCI A股,45,0,45,大昌-新店,2023-01-04,6464
2014,中鴻,56,12,44,大昌-新店,2023-01-04,6464
2317,鴻海,59,21,38,大昌-新店,2023-01-04,6464
6285,啟��,37,5,32,大昌-新店,2023-01-04,6464
1810,和成,37,6,31,大昌-新店,2023-01-04,6464
2388,威盛,40,10,30,大昌-新店,2023-01-04,6464
3037,欣興,38,9,29,大昌-新店,2023-01-04,6464
00633L,富邦上証正2,88,61,27,大昌-新店,2023-01-04,6464
5608,四維航,35,8,27,大昌-新店,2023-01-04,6464
2481,強茂,31,6,25,大昌-新店,2023-01-04,6464
8046,南電,27,5,22,大昌-新店,2023-01-04,6464
8171,天宇,46,25,21,大昌-新店,2023-01-04,6464
1736,喬山,21,0,21,大昌-新店,2023-01-04,6464
6550,北極星藥業-KY,21,1,20,大昌-新店,2023-01-04,6464
00652,富邦印度,20,0,20,大昌-新店,2023-01-04,6464
2421,建準,20,0,20,大昌-新店,2023-01-04,6464
2002,中鋼,22,3,19,大昌-新店,2023-01-04,6464
4167,松瑞藥,37,19,18,大昌-新店,2023-01-04,6464
00715L,期街口布蘭特正2,28,10,18,大昌-新店,2023-01-04,6464
4113,聯上,18,0,18,大昌-新店,2023-01-04,6464
3686,達能,17,0,17,大昌-新店,2023-01-04,6464
1513,中興電,100,84,16,大昌-新店,2023-01-04,6464
2368,金像電,19,3,16,大昌-新店,2023-01-04,6464
6235,華孚,48,33,15,大昌-新店,2023-01-04,6464
2313,華通,15,1,14,大昌-新店,2023-01-04,6464
00902,中信電池及儲能,13,0,13,大昌-新店,2023-01-04,6464
1101,台泥,13,0,13,大昌-新店,2023-01-04,6464
0056,元大高股息,12,0,12,大昌-新店,2023-01-04,6464
2371,大同,13,1,12,大昌-新店,2023-01-04,6464
2547,日勝生,13,1,12,大昌-新店,2023-01-04,6464
00713,元大台灣高息低波,11,0,11,大昌-新店,2023-01-04,6464
4171,瑞基,30,19,11,大昌-新店,2023-01-04,6464
00679B,元大美債20年,17,6,11,大昌-新店,2023-01-04,6464
00893,國泰智能電動車,18,7,11,大昌-新店,2023-01-04,6464
00751B,元大AAA至A公司債,11,0,11,大昌-新店,2023-01-04,6464
00877,復華中國5G,11,0,11,大昌-新店,2023-01-04,6464
5531,鄉林,10,0,10,大昌-新店,2023-01-04,6464
2464,盟立,10,0,10,大昌-新店,2023-01-04,6464
2406,國碩,16,6,10,大昌-新店,2023-01-04,6464
2883,凱基金,10,0,10,大昌-新店,2023-01-04,6464
1536,和大,11,1,10,大昌-新店,2023-01-04,6464
2610,華航,11,1,10,大昌-新店,2023-01-04,6464
2605,新興,10,0,10,大昌-新店,2023-01-04,6464
2634,漢翔,21,12,9,大昌-新店,2023-01-04,6464
4979,華星光,14,5,9,大昌-新店,2023-01-04,6464
8255,朋程,8,0,8,大昌-新店,2023-01-04,6464
2603,長榮,23,15,8,大昌-新店,2023-01-04,6464
2505,國揚,7,0,7,大昌-新店,2023-01-04,6464
00632R,元大台灣50反1,161,13,148,大昌-新店,2023-01-05,6464
0056,元大高股息,111,34,77,大昌-新店,2023-01-05,6464
00669R,國泰美國道瓊反1,45,0,45,大昌-新店,2023-01-05,6464
2007,燁興,36,1,35,大昌-新店,2023-01-05,6464
1504,東元,34,1,33,大昌-新店,2023-01-05,6464
3479,安勤,38,7,31,大昌-新店,2023-01-05,6464
6770,力積電,57,27,30,大昌-新店,2023-01-05,6464
4113,聯上,24,2,22,大昌-新店,2023-01-05,6464
2610,華航,31,9,22,大昌-新店,2023-01-05,6464
2388,威盛,31,10,21,大昌-新店,2023-01-05,6464
2312,金寶,25,4,21,大昌-新店,2023-01-05,6464
2313,華通,24,3,21,大昌-新店,2023-01-05,6464
1514,亞力,22,1,21,大昌-新店,2023-01-05,6464
2492,華新科,22,2,20,大昌-新店,2023-01-05,6464
00642U,期元大S＆P石油,20,1,19,大昌-新店,2023-01-05,6464
8069,元太,33,14,19,大昌-新店,2023-01-05,6464
2317,鴻海,27,9,18,大昌-新店,2023-01-05,6464
6216,居易,18,0,18,大昌-新店,2023-01-05,6464
5905,南仁湖,31,13,18,大昌-新店,2023-01-05,6464
6112,邁達特,17,0,17,大昌-新店,2023-01-05,6464
00664R,國泰臺灣加權反1,27,10,17,大昌-新店,2023-01-05,6464
1513,中興電,70,54,16,大昌-新店,2023-01-05,6464
2419,仲琦,22,6,16,大昌-新店,2023-01-05,6464
2812,台中銀,22,6,16,大昌-新店,2023-01-05,6464
2308,台達電,15,0,15,大昌-新店,2023-01-05,6464
2498,宏達電,42,28,14,大昌-新店,2023-01-05,6464
3704,合勤控,16,2,14,大昌-新店,2023-01-05,6464
00715L,期街口布蘭特正2,19,5,14,大昌-新店,2023-01-05,6464
6111,大宇資,29,16,13,大昌-新店,2023-01-05,6464
2885,元大金,11,0,11,大昌-新店,2023-01-05,6464
3062,建漢,12,1,11,大昌-新店,2023-01-05,6464
5521,工信,11,0,11,大昌-新店,2023-01-05,6464
2538,基泰,11,0,11,大昌-新店,2023-01-05,6464
6550,北極星藥業-KY,11,0,11,大昌-新店,2023-01-05,6464
8112,至上,14,3,11,大昌-新店,2023-01-05,6464
2352,佳世達,11,0,11,大昌-新店,2023-01-05,6464
2399,映泰,30,20,10,大昌-新店,2023-01-05,6464
2704,國賓,10,0,10,大昌-新店,2023-01-05,6464
6186,新潤,10,0,10,大昌-新店,2023-01-05,6464
8028,昇陽半導體,14,4,10,大昌-新店,2023-01-05,6464
00640L,富邦日本正2,10,0,10,大昌-新店,2023-01-05,6464
1444,力麗,9,0,9,大昌-新店,2023-01-05,6464
6125,廣運,9,0,9,大昌-新店,2023-01-05,6464
1725,元禎,9,0,9,大昌-新店,2023-01-05,6464
2520,冠德,9,0,9,大昌-新店,2023-01-05,6464
00712,復華富時不動產,9,0,9,大昌-新店,2023-01-05,6464
5871,中租-KY,14,5,9,大昌-新店,2023-01-05,6464
1416,廣豐,10,1,9,大昌-新店,2023-01-05,6464
6288,聯嘉,10,1,9,大昌-新店,2023-01-05,6464
2834,臺企銀,10,1,9,大昌-新店,2023-01-05,6464
00632R,元大台灣50反1,339,30,309,大昌-新店,2023-01-06,6464
2482,連宇,101,1,100,大昌-新店,2023-01-06,6464
1701,中化,97,2,95,大昌-新店,2023-01-06,6464
00739,元大MSCI A股,84,0,84,大昌-新店,2023-01-06,6464
00664R,國泰臺灣加權反1,83,0,83,大昌-新店,2023-01-06,6464
00878,國泰永續高股息,109,29,80,大昌-新店,2023-01-06,6464
8049,晶采,60,0,60,大昌-新店,2023-01-06,6464
4113,聯上,53,0,53,大昌-新店,2023-01-06,6464
0056,元大高股息,73,25,48,大昌-新店,2023-01-06,6464
2368,金像電,53,7,46,大昌-新店,2023-01-06,6464
00877,復華中國5G,30,0,30,大昌-新店,2023-01-06,6464
00679B,元大美債20年,28,1,27,大昌-新店,2023-01-06,6464
00646,元大S＆P500,27,0,27,大昌-新店,2023-01-06,6464
2884,玉山金,25,0,25,大昌-新店,2023-01-06,6464
00662,富邦NASDAQ,24,0,24,大昌-新店,2023-01-06,6464
5483,中美晶,29,5,24,大昌-新店,2023-01-06,6464
6176,瑞儀,24,0,24,大昌-新店,2023-01-06,6464
1417,嘉裕,30,7,23,大昌-新店,2023-01-06,6464
00648R,元大S＆P500反1,20,0,20,大昌-新店,2023-01-06,6464
9907,統一實,18,0,18,大昌-新店,2023-01-06,6464
3264,欣銓,15,0,15,大昌-新店,2023-01-06,6464
2812,台中銀,15,0,15,大昌-新店,2023-01-06,6464
1304,台聚,15,0,15,大昌-新店,2023-01-06,6464
1519,華城,28,14,14,大昌-新店,2023-01-06,6464
2230,泰茂,23,9,14,大昌-新店,2023-01-06,6464
6118,建達,16,2,14,大昌-新店,2023-01-06,6464
2352,佳世達,13,0,13,大昌-新店,2023-01-06,6464
2313,華通,16,3,13,大昌-新店,2023-01-06,6464
1529,樂事綠能,14,2,12,大昌-新店,2023-01-06,6464
6456,GIS-KY,13,1,12,大昌-新店,2023-01-06,6464
00665L,富邦�琤肭磪囓�2,25,13,12,大昌-新店,2023-01-06,6464
2834,臺企銀,12,0,12,大昌-新店,2023-01-06,6464
4114,健喬,35,24,11,大昌-新店,2023-01-06,6464
4106,雃博,11,0,11,大昌-新店,2023-01-06,6464
00720B,元大投資級公司債,13,2,11,大昌-新店,2023-01-06,6464
6672,騰輝電子-KY,11,1,10,大昌-新店,2023-01-06,6464
2820,華票,10,0,10,大昌-新店,2023-01-06,6464
00652,富邦印度,10,0,10,大昌-新店,2023-01-06,6464
00701,國泰股利精選30,10,0,10,大昌-新店,2023-01-06,6464
2020,美亞,10,0,10,大昌-新店,2023-01-06,6464
3704,合勤控,16,7,9,大昌-新店,2023-01-06,6464
4979,華星光,17,8,9,大昌-新店,2023-01-06,6464
3669,圓展,9,0,9,大昌-新店,2023-01-06,6464
2330,台積電,19,10,9,大昌-新店,2023-01-06,6464
6274,台燿,12,4,8,大昌-新店,2023-01-06,6464
1312,國喬,9,1,8,大昌-新店,2023-01-06,6464
2329,華泰,8,0,8,大昌-新店,2023-01-06,6464
2308,台達電,11,3,8,大昌-新店,2023-01-06,6464
3017,奇鋐,11,4,7,大昌-新店,2023-01-06,6464
00712,復華富時不動產,11,4,7,大昌-新店,2023-01-06,6464
00632R,元大台灣50反1,1209,38,1171,大昌-新店,2023-01-09,6464
00664R,國泰臺灣加權反1,305,0,305,大昌-新店,2023-01-09,6464
2317,鴻海,250,39,211,大昌-新店,2023-01-09,6464
2014,中鴻,81,16,65,大昌-新店,2023-01-09,6464
00905,FT臺灣Smart,55,0,55,大昌-新店,2023-01-09,6464
4113,聯上,52,0,52,大昌-新店,2023-01-09,6464
6770,力積電,87,41,46,大昌-新店,2023-01-09,6464
2482,連宇,60,21,39,大昌-新店,2023-01-09,6464
1701,中化,41,5,36,大昌-新店,2023-01-09,6464
2328,廣宇,33,4,29,大昌-新店,2023-01-09,6464
3704,合勤控,35,11,24,大昌-新店,2023-01-09,6464
00641R,富邦日本反1,24,0,24,大昌-新店,2023-01-09,6464
6176,瑞儀,25,2,23,大昌-新店,2023-01-09,6464
4944,兆遠,20,0,20,大昌-新店,2023-01-09,6464
4402,郡都開發,20,0,20,大昌-新店,2023-01-09,6464
00701,國泰股利精選30,20,1,19,大昌-新店,2023-01-09,6464
1312,國喬,18,0,18,大昌-新店,2023-01-09,6464
00665L,富邦�琤肭磪囓�2,27,11,16,大昌-新店,2023-01-09,6464
2492,華新科,20,4,16,大昌-新店,2023-01-09,6464
2603,長榮,27,12,15,大昌-新店,2023-01-09,6464
3622,洋華,15,0,15,大昌-新店,2023-01-09,6464
6558,興能高,16,1,15,大昌-新店,2023-01-09,6464
5009,榮剛,15,1,14,大昌-新店,2023-01-09,6464
3189,景碩,18,5,13,大昌-新店,2023-01-09,6464
2609,陽明,29,17,12,大昌-新店,2023-01-09,6464
8358,金居,28,16,12,大昌-新店,2023-01-09,6464
3209,全科,12,0,12,大昌-新店,2023-01-09,6464
2489,瑞軒,10,0,10,大昌-新店,2023-01-09,6464
2371,大同,14,4,10,大昌-新店,2023-01-09,6464
00633L,富邦上証正2,11,1,10,大昌-新店,2023-01-09,6464
00638R,元大滬深300反1,10,0,10,大昌-新店,2023-01-09,6464
4979,華星光,12,2,10,大昌-新店,2023-01-09,6464
3260,威剛,12,2,10,大昌-新店,2023-01-09,6464
00751B,元大AAA至A公司債,9,0,9,大昌-新店,2023-01-09,6464
1609,大亞,14,5,9,大昌-新店,2023-01-09,6464
00650L,復華香港正2,10,1,9,大昌-新店,2023-01-09,6464
2344,華邦電,30,21,9,大昌-新店,2023-01-09,6464
6589,台康生技,16,7,9,大昌-新店,2023-01-09,6464
5483,中美晶,21,12,9,大昌-新店,2023-01-09,6464
2345,智邦,10,2,8,大昌-新店,2023-01-09,6464
00893,國泰智能電動車,9,1,8,大昌-新店,2023-01-09,6464
00637L,元大滬深300正2,81,73,8,大昌-新店,2023-01-09,6464
2458,義隆,8,0,8,大昌-新店,2023-01-09,6464
2613,中櫃,7,0,7,大昌-新店,2023-01-09,6464
8171,天宇,13,6,7,大昌-新店,2023-01-09,6464
2359,所羅門,15,9,6,大昌-新店,2023-01-09,6464
2615,萬海,20,14,6,大昌-新店,2023-01-09,6464
6282,康舒,6,0,6,大昌-新店,2023-01-09,6464
1217,愛之味,6,0,6,大昌-新店,2023-01-09,6464
3059,華晶科,6,0,6,大昌-新店,2023-01-09,6464
00664R,國泰臺灣加權反1,122,0,122,大昌-新店,2023-01-10,6464
2028,威致,80,2,78,大昌-新店,2023-01-10,6464
3481,群創,90,14,76,大昌-新店,2023-01-10,6464
2312,金寶,55,0,55,大昌-新店,2023-01-10,6464
3520,華盈,50,3,47,大昌-新店,2023-01-10,6464
2007,燁興,45,0,45,大昌-新店,2023-01-10,6464
00905,FT臺灣Smart,40,0,40,大昌-新店,2023-01-10,6464
2481,強茂,40,9,31,大昌-新店,2023-01-10,6464
2353,宏��,34,3,31,大昌-新店,2023-01-10,6464
6548,長科*,25,0,25,大昌-新店,2023-01-10,6464
2331,精英,53,29,24,大昌-新店,2023-01-10,6464
2482,連宇,24,2,22,大昌-新店,2023-01-10,6464
2812,台中銀,22,0,22,大昌-新店,2023-01-10,6464
2882,國泰金,27,5,22,大昌-新店,2023-01-10,6464
00885,富邦越南,23,3,20,大昌-新店,2023-01-10,6464
1442,名軒,20,0,20,大昌-新店,2023-01-10,6464
2428,興勤,37,17,20,大昌-新店,2023-01-10,6464
2388,威盛,44,24,20,大昌-新店,2023-01-10,6464
6446,藥華藥,20,1,19,大昌-新店,2023-01-10,6464
1303,南亞,20,2,18,大昌-新店,2023-01-10,6464
2328,廣宇,18,1,17,大昌-新店,2023-01-10,6464
6461,益得,17,0,17,大昌-新店,2023-01-10,6464
5608,四維航,22,6,16,大昌-新店,2023-01-10,6464
4979,華星光,29,14,15,大昌-新店,2023-01-10,6464
2201,裕隆,21,7,14,大昌-新店,2023-01-10,6464
3479,安勤,17,3,14,大昌-新店,2023-01-10,6464
00727B,國泰優選非投等債,14,0,14,大昌-新店,2023-01-10,6464
1513,中興電,36,23,13,大昌-新店,2023-01-10,6464
4128,中天,14,1,13,大昌-新店,2023-01-10,6464
1312,國喬,16,3,13,大昌-新店,2023-01-10,6464
6206,飛捷,12,0,12,大昌-新店,2023-01-10,6464
2486,一詮,13,1,12,大昌-新店,2023-01-10,6464
6443,元晶,23,11,12,大昌-新店,2023-01-10,6464
4763,材料-KY,24,12,12,大昌-新店,2023-01-10,6464
2401,凌陽,11,0,11,大昌-新店,2023-01-10,6464
2421,建準,11,0,11,大昌-新店,2023-01-10,6464
00665L,富邦�琤肭磪囓�2,15,4,11,大昌-新店,2023-01-10,6464
1815,富喬,10,0,10,大昌-新店,2023-01-10,6464
2030,彰源,10,0,10,大昌-新店,2023-01-10,6464
00901,永豐智能車供應鏈,10,0,10,大昌-新店,2023-01-10,6464
6282,康舒,11,1,10,大昌-新店,2023-01-10,6464
4114,健喬,26,16,10,大昌-新店,2023-01-10,6464
6469,大樹,10,0,10,大昌-新店,2023-01-10,6464
3264,欣銓,10,1,9,大昌-新店,2023-01-10,6464
1229,聯華,9,0,9,大昌-新店,2023-01-10,6464
3707,漢磊,16,7,9,大昌-新店,2023-01-10,6464
2412,中華電,10,1,9,大昌-新店,2023-01-10,6464
8016,矽創,11,2,9,大昌-新店,2023-01-10,6464
6109,亞元,9,0,9,大昌-新店,2023-01-10,6464
3576,聯合再生,11,2,9,大昌-新店,2023-01-10,6464
4113,聯上,334,0,334,大昌-新店,2023-01-11,6464
00632R,元大台灣50反1,386,182,204,大昌-新店,2023-01-11,6464
00905,FT臺灣Smart,96,0,96,大昌-新店,2023-01-11,6464
00665L,富邦�琤肭磪囓�2,69,20,49,大昌-新店,2023-01-11,6464
00664R,國泰臺灣加權反1,47,0,47,大昌-新店,2023-01-11,6464
00680L,元大美債20正2,50,8,42,大昌-新店,2023-01-11,6464
2884,玉山金,33,0,33,大昌-新店,2023-01-11,6464
6548,長科*,31,0,31,大昌-新店,2023-01-11,6464
2845,遠東銀,30,0,30,大昌-新店,2023-01-11,6464
3380,明泰,30,0,30,大昌-新店,2023-01-11,6464
2356,英業達,30,2,28,大昌-新店,2023-01-11,6464
2428,興勤,26,2,24,大昌-新店,2023-01-11,6464
5371,中光電,30,6,24,大昌-新店,2023-01-11,6464
6176,瑞儀,23,0,23,大昌-新店,2023-01-11,6464
1304,台聚,25,3,22,大昌-新店,2023-01-11,6464
1513,中興電,47,26,21,大昌-新店,2023-01-11,6464
2897,王道銀行,40,20,20,大昌-新店,2023-01-11,6464
2331,精英,20,0,20,大昌-新店,2023-01-11,6464
1447,力鵬,20,0,20,大昌-新店,2023-01-11,6464
6185,幃翔,20,0,20,大昌-新店,2023-01-11,6464
1444,力麗,21,1,20,大昌-新店,2023-01-11,6464
2352,佳世達,20,0,20,大昌-新店,2023-01-11,6464
2888,新光金,60,40,20,大昌-新店,2023-01-11,6464
2359,所羅門,23,4,19,大昌-新店,2023-01-11,6464
3046,建��,17,0,17,大昌-新店,2023-01-11,6464
6163,華電網,16,0,16,大昌-新店,2023-01-11,6464
3027,盛達,18,4,14,大昌-新店,2023-01-11,6464
2883,凱基金,13,0,13,大昌-新店,2023-01-11,6464
2317,鴻海,15,2,13,大昌-新店,2023-01-11,6464
2486,一詮,13,0,13,大昌-新店,2023-01-11,6464
6589,台康生技,14,2,12,大昌-新店,2023-01-11,6464
6558,興能高,12,0,12,大昌-新店,2023-01-11,6464
4904,遠傳,12,0,12,大昌-新店,2023-01-11,6464
2892,第一金,12,0,12,大昌-新店,2023-01-11,6464
2609,陽明,22,11,11,大昌-新店,2023-01-11,6464
5439,高技,10,0,10,大昌-新店,2023-01-11,6464
2605,新興,10,1,9,大昌-新店,2023-01-11,6464
5312,寶島科,9,0,9,大昌-新店,2023-01-11,6464
8050,廣積,9,0,9,大昌-新店,2023-01-11,6464
2027,大成鋼,12,3,9,大昌-新店,2023-01-11,6464
3532,台勝科,10,1,9,大昌-新店,2023-01-11,6464
3704,合勤控,39,31,8,大昌-新店,2023-01-11,6464
1609,大亞,20,12,8,大昌-新店,2023-01-11,6464
1416,廣豐,8,0,8,大昌-新店,2023-01-11,6464
4906,正文,8,0,8,大昌-新店,2023-01-11,6464
8227,巨有科技,12,4,8,大昌-新店,2023-01-11,6464
8069,元太,24,16,8,大昌-新店,2023-01-11,6464
3714,富采,16,8,8,大昌-新店,2023-01-11,6464
8033,雷虎,8,0,8,大昌-新店,2023-01-11,6464
2493,揚博,7,0,7,大昌-新店,2023-01-11,6464
4113,聯上,173,6,167,大昌-新店,2023-01-12,6464
1605,華新,167,57,110,大昌-新店,2023-01-12,6464
00679B,元大美債20年,107,18,89,大昌-新店,2023-01-12,6464
1313,聯成,85,3,82,大昌-新店,2023-01-12,6464
2834,臺企銀,92,13,79,大昌-新店,2023-01-12,6464
1584,精剛,62,6,56,大昌-新店,2023-01-12,6464
00888,永豐台灣ESG,50,0,50,大昌-新店,2023-01-12,6464
00900,富邦特選高股息30,41,0,41,大昌-新店,2023-01-12,6464
00739,元大MSCI A股,40,0,40,大昌-新店,2023-01-12,6464
2014,中鴻,90,51,39,大昌-新店,2023-01-12,6464
3481,群創,60,22,38,大昌-新店,2023-01-12,6464
2308,台達電,32,1,31,大昌-新店,2023-01-12,6464
2009,第一銅,50,20,30,大昌-新店,2023-01-12,6464
2884,玉山金,33,4,29,大昌-新店,2023-01-12,6464
1529,樂事綠能,27,1,26,大昌-新店,2023-01-12,6464
5371,中光電,26,0,26,大昌-新店,2023-01-12,6464
5258,虹堡,31,6,25,大昌-新店,2023-01-12,6464
4162,智擎,27,3,24,大昌-新店,2023-01-12,6464
00641R,富邦日本反1,22,0,22,大昌-新店,2023-01-12,6464
6443,元晶,23,2,21,大昌-新店,2023-01-12,6464
2609,陽明,57,37,20,大昌-新店,2023-01-12,6464
1752,南光,38,18,20,大昌-新店,2023-01-12,6464
1513,中興電,18,0,18,大昌-新店,2023-01-12,6464
2492,華新科,20,2,18,大昌-新店,2023-01-12,6464
2603,長榮,30,13,17,大昌-新店,2023-01-12,6464
6235,華孚,18,2,16,大昌-新店,2023-01-12,6464
00665L,富邦�琤肭磪囓�2,45,31,14,大昌-新店,2023-01-12,6464
3576,聯合再生,15,2,13,大昌-新店,2023-01-12,6464
6274,台燿,24,11,13,大昌-新店,2023-01-12,6464
2486,一詮,35,23,12,大昌-新店,2023-01-12,6464
2888,新光金,24,12,12,大昌-新店,2023-01-12,6464
2405,輔信,18,6,12,大昌-新店,2023-01-12,6464
00905,FT臺灣Smart,11,0,11,大昌-新店,2023-01-12,6464
00701,國泰股利精選30,11,0,11,大昌-新店,2023-01-12,6464
1736,喬山,11,0,11,大昌-新店,2023-01-12,6464
00653L,富邦印度正2,10,0,10,大昌-新店,2023-01-12,6464
8255,朋程,11,1,10,大昌-新店,2023-01-12,6464
2419,仲琦,10,0,10,大昌-新店,2023-01-12,6464
9928,中視,10,0,10,大昌-新店,2023-01-12,6464
3594,磐儀,10,0,10,大昌-新店,2023-01-12,6464
8096,擎亞,10,0,10,大昌-新店,2023-01-12,6464
2399,映泰,10,0,10,大昌-新店,2023-01-12,6464
2313,華通,16,6,10,大昌-新店,2023-01-12,6464
5871,中租-KY,13,3,10,大昌-新店,2023-01-12,6464
5521,工信,9,0,9,大昌-新店,2023-01-12,6464
4167,松瑞藥,37,28,9,大昌-新店,2023-01-12,6464
6026,福邦證,9,0,9,大昌-新店,2023-01-12,6464
2201,裕隆,17,8,9,大昌-新店,2023-01-12,6464
4979,華星光,10,2,8,大昌-新店,2023-01-12,6464
2883,凱基金,9,1,8,大昌-新店,2023-01-12,6464
00882,中信中國高股息,862,31,831,大昌-新店,2023-01-13,6464
00632R,元大台灣50反1,183,74,109,大昌-新店,2023-01-13,6464
2312,金寶,66,0,66,大昌-新店,2023-01-13,6464
2344,華邦電,59,12,47,大昌-新店,2023-01-13,6464
5258,虹堡,44,2,42,大昌-新店,2023-01-13,6464
6235,華孚,41,2,39,大昌-新店,2023-01-13,6464
2610,華航,50,20,30,大昌-新店,2023-01-13,6464
4906,正文,29,0,29,大昌-新店,2023-01-13,6464
6770,力積電,41,13,28,大昌-新店,2023-01-13,6464
2331,精英,39,12,27,大昌-新店,2023-01-13,6464
00905,FT臺灣Smart,26,0,26,大昌-新店,2023-01-13,6464
2371,大同,25,0,25,大昌-新店,2023-01-13,6464
6443,元晶,25,1,24,大昌-新店,2023-01-13,6464
2313,華通,29,7,22,大昌-新店,2023-01-13,6464
5905,南仁湖,20,0,20,大昌-新店,2023-01-13,6464
2498,宏達電,31,12,19,大昌-新店,2023-01-13,6464
2468,華經,21,2,19,大昌-新店,2023-01-13,6464
00712,復華富時不動產,21,3,18,大昌-新店,2023-01-13,6464
5608,四維航,22,6,16,大昌-新店,2023-01-13,6464
2359,所羅門,15,0,15,大昌-新店,2023-01-13,6464
0056,元大高股息,22,7,15,大昌-新店,2023-01-13,6464
3706,神達,16,1,15,大昌-新店,2023-01-13,6464
4113,聯上,15,0,15,大昌-新店,2023-01-13,6464
2367,燿華,14,0,14,大昌-新店,2023-01-13,6464
2328,廣宇,17,3,14,大昌-新店,2023-01-13,6464
3576,聯合再生,20,7,13,大昌-新店,2023-01-13,6464
8050,廣積,17,5,12,大昌-新店,2023-01-13,6464
5371,中光電,13,1,12,大昌-新店,2023-01-13,6464
1314,中石化,11,0,11,大昌-新店,2023-01-13,6464
2609,陽明,25,14,11,大昌-新店,2023-01-13,6464
2641,正德,11,0,11,大昌-新店,2023-01-13,6464
1605,華新,31,20,11,大昌-新店,2023-01-13,6464
2605,新興,11,0,11,大昌-新店,2023-01-13,6464
2208,台船,11,0,11,大昌-新店,2023-01-13,6464
2009,第一銅,12,2,10,大昌-新店,2023-01-13,6464
3264,欣銓,10,0,10,大昌-新店,2023-01-13,6464
2038,海光,9,0,9,大昌-新店,2023-01-13,6464
00752,中信中國50,10,1,9,大昌-新店,2023-01-13,6464
3027,盛達,18,9,9,大昌-新店,2023-01-13,6464
2890,永豐金,10,1,9,大昌-新店,2023-01-13,6464
3714,富采,10,1,9,大昌-新店,2023-01-13,6464
6173,信昌電,8,0,8,大昌-新店,2023-01-13,6464
1909,榮成,8,0,8,大昌-新店,2023-01-13,6464
4128,中天,18,10,8,大昌-新店,2023-01-13,6464
00788B,元大10年IG電能債,10,2,8,大昌-新店,2023-01-13,6464
00751B,元大AAA至A公司債,8,0,8,大昌-新店,2023-01-13,6464
6613,朋億*,10,2,8,大昌-新店,2023-01-13,6464
6274,台燿,9,2,7,大昌-新店,2023-01-13,6464
3481,群創,27,20,7,大昌-新店,2023-01-13,6464
6116,彩晶,7,0,7,大昌-新店,2023-01-13,6464
00878,國泰永續高股息,195,46,149,大昌-新店,2023-01-16,6464
00664R,國泰臺灣加權反1,132,0,132,大昌-新店,2023-01-16,6464
2482,連宇,117,4,113,大昌-新店,2023-01-16,6464
2376,技嘉,43,1,42,大昌-新店,2023-01-16,6464
3105,穩懋,44,4,40,大昌-新店,2023-01-16,6464
3710,連展投控,40,0,40,大昌-新店,2023-01-16,6464
00905,FT臺灣Smart,30,0,30,大昌-新店,2023-01-16,6464
1809,中釉,30,0,30,大昌-新店,2023-01-16,6464
2317,鴻海,54,24,30,大昌-新店,2023-01-16,6464
00632R,元大台灣50反1,79,50,29,大昌-新店,2023-01-16,6464
2313,華通,26,1,25,大昌-新店,2023-01-16,6464
6770,力積電,71,47,24,大昌-新店,2023-01-16,6464
4763,材料-KY,34,13,21,大昌-新店,2023-01-16,6464
1101,台泥,44,23,21,大昌-新店,2023-01-16,6464
6781,AES-KY,20,0,20,大昌-新店,2023-01-16,6464
2609,陽明,33,15,18,大昌-新店,2023-01-16,6464
00673R,期元大S＆P原油反1,18,0,18,大昌-新店,2023-01-16,6464
2603,長榮,20,4,16,大昌-新店,2023-01-16,6464
00751B,元大AAA至A公司債,16,0,16,大昌-新店,2023-01-16,6464
01007T,兆豐國泰R2,15,0,15,大昌-新店,2023-01-16,6464
3081,聯亞,16,2,14,大昌-新店,2023-01-16,6464
2882,國泰金,19,6,13,大昌-新店,2023-01-16,6464
2615,萬海,44,32,12,大昌-新店,2023-01-16,6464
00669R,國泰美國道瓊反1,12,0,12,大昌-新店,2023-01-16,6464
2428,興勤,16,5,11,大昌-新店,2023-01-16,6464
2371,大同,11,0,11,大昌-新店,2023-01-16,6464
1718,中纖,10,0,10,大昌-新店,2023-01-16,6464
00739,元大MSCI A股,10,0,10,大昌-新店,2023-01-16,6464
1611,中電,10,0,10,大昌-新店,2023-01-16,6464
3576,聯合再生,9,0,9,大昌-新店,2023-01-16,6464
6191,精成科,10,1,9,大昌-新店,2023-01-16,6464
6550,北極星藥業-KY,10,1,9,大昌-新店,2023-01-16,6464
8222,寶一,10,1,9,大昌-新店,2023-01-16,6464
2618,長榮航,32,24,8,大昌-新店,2023-01-16,6464
4119,旭富,7,0,7,大昌-新店,2023-01-16,6464
1712,興農,10,3,7,大昌-新店,2023-01-16,6464
1303,南亞,11,4,7,大昌-新店,2023-01-16,6464
00881,國泰台灣5G+,7,0,7,大昌-新店,2023-01-16,6464
00772B,中信高評級公司債,7,0,7,大昌-新店,2023-01-16,6464
00713,元大台灣高息低波,7,0,7,大昌-新店,2023-01-16,6464
5009,榮剛,7,1,6,大昌-新店,2023-01-16,6464
2732,六角,9,3,6,大昌-新店,2023-01-16,6464
8155,博智,8,2,6,大昌-新店,2023-01-16,6464
00888,永豐台灣ESG,6,0,6,大昌-新店,2023-01-16,6464
5309,系統電,7,1,6,大昌-新店,2023-01-16,6464
6215,和椿,5,0,5,大昌-新店,2023-01-16,6464
3499,環天科,5,0,5,大昌-新店,2023-01-16,6464
3673,TPK-KY,5,0,5,大昌-新店,2023-01-16,6464
2349,錸德,5,0,5,大昌-新店,2023-01-16,6464
00795B,中信美國公債20年,5,0,5,大昌-新店,2023-01-16,6464
2812,台中銀,115,0,115,大昌-新店,2023-01-17,6464
00664R,國泰臺灣加權反1,38,0,38,大昌-新店,2023-01-17,6464
2317,鴻海,48,13,35,大昌-新店,2023-01-17,6464
0056,元大高股息,39,6,33,大昌-新店,2023-01-17,6464
1442,名軒,32,0,32,大昌-新店,2023-01-17,6464
2884,玉山金,34,4,30,大昌-新店,2023-01-17,6464
9103,美德醫療-DR,30,0,30,大昌-新店,2023-01-17,6464
4979,華星光,57,32,25,大昌-新店,2023-01-17,6464
2482,連宇,24,0,24,大昌-新店,2023-01-17,6464
2481,強茂,31,8,23,大昌-新店,2023-01-17,6464
4961,天鈺,23,1,22,大昌-新店,2023-01-17,6464
00753L,中信中國50正2,31,9,22,大昌-新店,2023-01-17,6464
3481,群創,47,25,22,大昌-新店,2023-01-17,6464
2428,興勤,20,0,20,大昌-新店,2023-01-17,6464
3019,亞光,20,0,20,大昌-新店,2023-01-17,6464
3710,連展投控,20,0,20,大昌-新店,2023-01-17,6464
00665L,富邦�琤肭磪囓�2,24,4,20,大昌-新店,2023-01-17,6464
00885,富邦越南,22,2,20,大昌-新店,2023-01-17,6464
1722,台肥,18,0,18,大昌-新店,2023-01-17,6464
2014,中鴻,29,11,18,大昌-新店,2023-01-17,6464
3037,欣興,31,14,17,大昌-新店,2023-01-17,6464
1304,台聚,19,2,17,大昌-新店,2023-01-17,6464
1560,中砂,20,4,16,大昌-新店,2023-01-17,6464
3081,聯亞,16,1,15,大昌-新店,2023-01-17,6464
00648R,元大S＆P500反1,25,10,15,大昌-新店,2023-01-17,6464
2880,華南金,14,0,14,大昌-新店,2023-01-17,6464
1101,台泥,30,17,13,大昌-新店,2023-01-17,6464
2618,長榮航,26,13,13,大昌-新店,2023-01-17,6464
4763,材料-KY,22,10,12,大昌-新店,2023-01-17,6464
00919,群益台灣精選高息,12,0,12,大昌-新店,2023-01-17,6464
2614,東森,24,12,12,大昌-新店,2023-01-17,6464
8069,元太,21,10,11,大昌-新店,2023-01-17,6464
2610,華航,11,0,11,大昌-新店,2023-01-17,6464
00770,國泰北美科技,13,2,11,大昌-新店,2023-01-17,6464
00637L,元大滬深300正2,31,20,11,大昌-新店,2023-01-17,6464
5443,均豪,11,0,11,大昌-新店,2023-01-17,6464
6770,力積電,52,42,10,大昌-新店,2023-01-17,6464
2887,台新金,11,1,10,大昌-新店,2023-01-17,6464
00905,FT臺灣Smart,10,0,10,大昌-新店,2023-01-17,6464
3047,訊舟,11,1,10,大昌-新店,2023-01-17,6464
6523,達爾膚,10,0,10,大昌-新店,2023-01-17,6464
6244,茂迪,10,0,10,大昌-新店,2023-01-17,6464
6245,立端,14,5,9,大昌-新店,2023-01-17,6464
2312,金寶,9,0,9,大昌-新店,2023-01-17,6464
6153,嘉聯益,10,1,9,大昌-新店,2023-01-17,6464
1303,南亞,11,2,9,大昌-新店,2023-01-17,6464
2801,彰銀,9,0,9,大昌-新店,2023-01-17,6464
3693,營邦,29,21,8,大昌-新店,2023-01-17,6464
00673R,期元大S＆P原油反1,11,3,8,大昌-新店,2023-01-17,6464
2007,燁興,8,0,8,大昌-新店,2023-01-17,6464
00632R,元大台灣50反1,558,15,543,大昌-新店,2023-01-30,6464
2317,鴻海,162,10,152,大昌-新店,2023-01-30,6464
2337,旺宏,125,7,118,大昌-新店,2023-01-30,6464
2883,凱基金,100,11,89,大昌-新店,2023-01-30,6464
00885,富邦越南,104,26,78,大昌-新店,2023-01-30,6464
00664R,國泰臺灣加權反1,69,0,69,大昌-新店,2023-01-30,6464
3706,神達,71,2,69,大昌-新店,2023-01-30,6464
8105,凌巨,55,0,55,大昌-新店,2023-01-30,6464
1314,中石化,73,21,52,大昌-新店,2023-01-30,6464
6274,台燿,50,0,50,大昌-新店,2023-01-30,6464
8069,元太,52,10,42,大昌-新店,2023-01-30,6464
00905,FT臺灣Smart,50,10,40,大昌-新店,2023-01-30,6464
1101,台泥,42,4,38,大昌-新店,2023-01-30,6464
6788,華景電,44,6,38,大昌-新店,2023-01-30,6464
3081,聯亞,38,1,37,大昌-新店,2023-01-30,6464
6026,福邦證,35,0,35,大昌-新店,2023-01-30,6464
4536,拓凱,30,0,30,大昌-新店,2023-01-30,6464
2465,麗臺,33,4,29,大昌-新店,2023-01-30,6464
6244,茂迪,30,3,27,大昌-新店,2023-01-30,6464
2609,陽明,31,9,22,大昌-新店,2023-01-30,6464
6139,亞翔,22,2,20,大昌-新店,2023-01-30,6464
00648R,元大S＆P500反1,20,0,20,大昌-新店,2023-01-30,6464
2880,華南金,21,1,20,大昌-新店,2023-01-30,6464
8213,志超,20,1,19,大昌-新店,2023-01-30,6464
2801,彰銀,16,1,15,大昌-新店,2023-01-30,6464
3447,展達,30,15,15,大昌-新店,2023-01-30,6464
00877,復華中國5G,15,0,15,大昌-新店,2023-01-30,6464
3707,漢磊,27,13,14,大昌-新店,2023-01-30,6464
2388,威盛,18,4,14,大昌-新店,2023-01-30,6464
2634,漢翔,13,0,13,大昌-新店,2023-01-30,6464
9938,百和,13,0,13,大昌-新店,2023-01-30,6464
00653L,富邦印度正2,12,0,12,大昌-新店,2023-01-30,6464
00770,國泰北美科技,12,0,12,大昌-新店,2023-01-30,6464
9941,裕融,14,2,12,大昌-新店,2023-01-30,6464
2867,三商壽,12,0,12,大昌-新店,2023-01-30,6464
9103,美德醫療-DR,12,0,12,大昌-新店,2023-01-30,6464
4162,智擎,28,16,12,大昌-新店,2023-01-30,6464
2603,長榮,19,8,11,大昌-新店,2023-01-30,6464
1216,統一,13,2,11,大昌-新店,2023-01-30,6464
4746,台耀,12,1,11,大昌-新店,2023-01-30,6464
4549,桓達,10,0,10,大昌-新店,2023-01-30,6464
9939,宏全,10,0,10,大昌-新店,2023-01-30,6464
2020,美亞,10,0,10,大昌-新店,2023-01-30,6464
1736,喬山,11,1,10,大昌-新店,2023-01-30,6464
6168,宏齊,10,0,10,大昌-新店,2023-01-30,6464
6456,GIS-KY,9,0,9,大昌-新店,2023-01-30,6464
2486,一詮,15,6,9,大昌-新店,2023-01-30,6464
1734,杏輝,9,0,9,大昌-新店,2023-01-30,6464
00751B,元大AAA至A公司債,9,0,9,大昌-新店,2023-01-30,6464
5347,世界,32,23,9,大昌-新店,2023-01-30,6464
00905,FT臺灣Smart,297,6,291,大昌-新店,2023-01-31,6464
00632R,元大台灣50反1,218,25,193,大昌-新店,2023-01-31,6464
6282,康舒,256,82,174,大昌-新店,2023-01-31,6464
6116,彩晶,202,29,173,大昌-新店,2023-01-31,6464
8926,台汽電,124,0,124,大昌-新店,2023-01-31,6464
2369,菱生,110,10,100,大昌-新店,2023-01-31,6464
00878,國泰永續高股息,80,6,74,大昌-新店,2023-01-31,6464
2324,仁寶,65,1,64,大昌-新店,2023-01-31,6464
2617,台航,48,1,47,大昌-新店,2023-01-31,6464
2884,玉山金,45,0,45,大昌-新店,2023-01-31,6464
2892,第一金,44,0,44,大昌-新店,2023-01-31,6464
00665L,富邦�琤肭磪囓�2,58,14,44,大昌-新店,2023-01-31,6464
2330,台積電,51,13,38,大昌-新店,2023-01-31,6464
1612,宏泰,56,18,38,大昌-新店,2023-01-31,6464
1101,台泥,39,2,37,大昌-新店,2023-01-31,6464
2610,華航,56,19,37,大昌-新店,2023-01-31,6464
2834,臺企銀,37,2,35,大昌-新店,2023-01-31,6464
5222,全訊,34,0,34,大昌-新店,2023-01-31,6464
2408,南亞科,33,0,33,大昌-新店,2023-01-31,6464
2338,光罩,39,7,32,大昌-新店,2023-01-31,6464
00885,富邦越南,49,18,31,大昌-新店,2023-01-31,6464
2880,華南金,30,0,30,大昌-新店,2023-01-31,6464
3707,漢磊,38,11,27,大昌-新店,2023-01-31,6464
1303,南亞,31,4,27,大昌-新店,2023-01-31,6464
2354,鴻準,30,3,27,大昌-新店,2023-01-31,6464
5483,中美晶,30,4,26,大昌-新店,2023-01-31,6464
1605,華新,70,45,25,大昌-新店,2023-01-31,6464
1701,中化,26,1,25,大昌-新店,2023-01-31,6464
2615,萬海,26,2,24,大昌-新店,2023-01-31,6464
2465,麗臺,23,0,23,大昌-新店,2023-01-31,6464
3706,神達,25,4,21,大昌-新店,2023-01-31,6464
5871,中租-KY,26,5,21,大昌-新店,2023-01-31,6464
8358,金居,32,12,20,大昌-新店,2023-01-31,6464
3535,晶彩科,20,0,20,大昌-新店,2023-01-31,6464
2412,中華電,20,1,19,大昌-新店,2023-01-31,6464
5880,合庫金,20,1,19,大昌-新店,2023-01-31,6464
2313,華通,25,7,18,大昌-新店,2023-01-31,6464
00753L,中信中國50正2,25,7,18,大昌-新店,2023-01-31,6464
6649,台生材,24,6,18,大昌-新店,2023-01-31,6464
2352,佳世達,17,0,17,大昌-新店,2023-01-31,6464
3624,光頡,29,12,17,大昌-新店,2023-01-31,6464
3149,正達,21,4,17,大昌-新店,2023-01-31,6464
3711,日月光投控,17,1,16,大昌-新店,2023-01-31,6464
3017,奇鋐,17,1,16,大昌-新店,2023-01-31,6464
4919,新唐,19,3,16,大昌-新店,2023-01-31,6464
00900,富邦特選高股息30,29,14,15,大昌-新店,2023-01-31,6464
2406,國碩,19,4,15,大昌-新店,2023-01-31,6464
2376,技嘉,18,3,15,大昌-新店,2023-01-31,6464
2358,廷鑫,22,7,15,大昌-新店,2023-01-31,6464
00850,元大臺灣ESG永續,15,0,15,大昌-新店,2023-01-31,6464
2371,大同,100,2,98,大昌-新店,2023-02-01,6464
2344,華邦電,111,22,89,大昌-新店,2023-02-01,6464
6285,啟��,83,0,83,大昌-新店,2023-02-01,6464
2867,三商壽,72,0,72,大昌-新店,2023-02-01,6464
8105,凌巨,76,7,69,大昌-新店,2023-02-01,6464
6547,高端疫苗,63,1,62,大昌-新店,2023-02-01,6464
2883,凱基金,61,0,61,大昌-新店,2023-02-01,6464
3481,群創,71,13,58,大昌-新店,2023-02-01,6464
6026,福邦證,50,1,49,大昌-新店,2023-02-01,6464
00665L,富邦�琤肭磪囓�2,89,40,49,大昌-新店,2023-02-01,6464
00878,國泰永續高股息,83,35,48,大昌-新店,2023-02-01,6464
2014,中鴻,67,20,47,大昌-新店,2023-02-01,6464
2834,臺企銀,43,3,40,大昌-新店,2023-02-01,6464
00632R,元大台灣50反1,51,13,38,大昌-新店,2023-02-01,6464
3702,大聯大,42,5,37,大昌-新店,2023-02-01,6464
00673R,期元大S＆P原油反1,35,0,35,大昌-新店,2023-02-01,6464
00713,元大台灣高息低波,35,2,33,大昌-新店,2023-02-01,6464
2409,友達,55,26,29,大昌-新店,2023-02-01,6464
1313,聯成,28,0,28,大昌-新店,2023-02-01,6464
00712,復華富時不動產,25,0,25,大昌-新店,2023-02-01,6464
3149,正達,24,0,24,大昌-新店,2023-02-01,6464
1618,合機,25,3,22,大昌-新店,2023-02-01,6464
5321,美而快,25,3,22,大昌-新店,2023-02-01,6464
00882,中信中國高股息,22,0,22,大昌-新店,2023-02-01,6464
2455,全新,39,17,22,大昌-新店,2023-02-01,6464
2881,富邦金,22,1,21,大昌-新店,2023-02-01,6464
2444,兆勁,21,0,21,大昌-新店,2023-02-01,6464
00637L,元大滬深300正2,33,12,21,大昌-新店,2023-02-01,6464
00664R,國泰臺灣加權反1,21,0,21,大昌-新店,2023-02-01,6464
00648R,元大S＆P500反1,20,0,20,大昌-新店,2023-02-01,6464
2897,王道銀行,30,10,20,大昌-新店,2023-02-01,6464
2515,中工,20,0,20,大昌-新店,2023-02-01,6464
3141,晶宏,27,8,19,大昌-新店,2023-02-01,6464
4960,誠美材,20,1,19,大昌-新店,2023-02-01,6464
6213,聯茂,25,7,18,大昌-新店,2023-02-01,6464
2891,中信金,19,1,18,大昌-新店,2023-02-01,6464
6104,創惟,36,18,18,大昌-新店,2023-02-01,6464
1734,杏輝,20,3,17,大昌-新店,2023-02-01,6464
00679B,元大美債20年,17,0,17,大昌-新店,2023-02-01,6464
8210,勤誠,18,1,17,大昌-新店,2023-02-01,6464
00905,FT臺灣Smart,41,25,16,大昌-新店,2023-02-01,6464
2324,仁寶,20,4,16,大昌-新店,2023-02-01,6464
1736,喬山,29,13,16,大昌-新店,2023-02-01,6464
00919,群益台灣精選高息,17,1,16,大昌-新店,2023-02-01,6464
1605,華新,78,63,15,大昌-新店,2023-02-01,6464
00671R,富邦NASDAQ反1,15,0,15,大昌-新店,2023-02-01,6464
6235,華孚,21,7,14,大昌-新店,2023-02-01,6464
6244,茂迪,33,20,13,大昌-新店,2023-02-01,6464
2892,第一金,13,0,13,大昌-新店,2023-02-01,6464
00885,富邦越南,16,4,12,大昌-新店,2023-02-01,6464
00632R,元大台灣50反1,530,9,521,大昌-新店,2023-02-02,6464
8926,台汽電,168,1,167,大昌-新店,2023-02-02,6464
00665L,富邦�琤肭磪囓�2,126,15,111,大昌-新店,2023-02-02,6464
6770,力積電,131,36,95,大昌-新店,2023-02-02,6464
2834,臺企銀,95,1,94,大昌-新店,2023-02-02,6464
00885,富邦越南,110,20,90,大昌-新店,2023-02-02,6464
00637L,元大滬深300正2,119,31,88,大昌-新店,2023-02-02,6464
2618,長榮航,83,13,70,大昌-新店,2023-02-02,6464
2314,台揚,66,3,63,大昌-新店,2023-02-02,6464
3047,訊舟,62,5,57,大昌-新店,2023-02-02,6464
1101,台泥,73,16,57,大昌-新店,2023-02-02,6464
00715L,期街口布蘭特正2,53,0,53,大昌-新店,2023-02-02,6464
2851,中再保,50,0,50,大昌-新店,2023-02-02,6464
2368,金像電,54,8,46,大昌-新店,2023-02-02,6464
3037,欣興,60,27,33,大昌-新店,2023-02-02,6464
00642U,期元大S＆P石油,32,0,32,大昌-新店,2023-02-02,6464
00676R,富邦臺灣加權反1,30,0,30,大昌-新店,2023-02-02,6464
3019,亞光,51,21,30,大昌-新店,2023-02-02,6464
1524,耿鼎,43,14,29,大昌-新店,2023-02-02,6464
00679B,元大美債20年,29,0,29,大昌-新店,2023-02-02,6464
1513,中興電,39,12,27,大昌-新店,2023-02-02,6464
2492,華新科,59,32,27,大昌-新店,2023-02-02,6464
2009,第一銅,34,8,26,大昌-新店,2023-02-02,6464
5608,四維航,37,12,25,大昌-新店,2023-02-02,6464
00648R,元大S＆P500反1,30,5,25,大昌-新店,2023-02-02,6464
00878,國泰永續高股息,73,49,24,大昌-新店,2023-02-02,6464
1312,國喬,31,7,24,大昌-新店,2023-02-02,6464
1618,合機,24,1,23,大昌-新店,2023-02-02,6464
3704,合勤控,64,43,21,大昌-新店,2023-02-02,6464
1301,台塑,26,5,21,大昌-新店,2023-02-02,6464
2201,裕隆,117,97,20,大昌-新店,2023-02-02,6464
00773B,中信優先金融債,20,0,20,大昌-新店,2023-02-02,6464
00888,永豐台灣ESG,20,0,20,大昌-新店,2023-02-02,6464
00900,富邦特選高股息30,20,1,19,大昌-新店,2023-02-02,6464
3189,景碩,30,11,19,大昌-新店,2023-02-02,6464
00664R,國泰臺灣加權反1,27,8,19,大昌-新店,2023-02-02,6464
3594,磐儀,25,7,18,大昌-新店,2023-02-02,6464
6163,華電網,17,0,17,大昌-新店,2023-02-02,6464
2413,環科,28,11,17,大昌-新店,2023-02-02,6464
2317,鴻海,37,21,16,大昌-新店,2023-02-02,6464
3665,貿聯-KY,27,11,16,大昌-新店,2023-02-02,6464
0050,元大台灣50,42,27,15,大昌-新店,2023-02-02,6464
1810,和成,19,4,15,大昌-新店,2023-02-02,6464
2014,中鴻,30,17,13,大昌-新店,2023-02-02,6464
2369,菱生,20,7,13,大昌-新店,2023-02-02,6464
2891,中信金,15,2,13,大昌-新店,2023-02-02,6464
2338,光罩,15,3,12,大昌-新店,2023-02-02,6464
4973,廣穎,12,0,12,大昌-新店,2023-02-02,6464
1736,喬山,55,43,12,大昌-新店,2023-02-02,6464
2614,東森,16,4,12,大昌-新店,2023-02-02,6464
00637L,元大滬深300正2,231,33,198,大昌-新店,2023-02-03,6464
2314,台揚,153,48,105,大昌-新店,2023-02-03,6464
3706,神達,102,3,99,大昌-新店,2023-02-03,6464
2344,華邦電,97,23,74,大昌-新店,2023-02-03,6464
2409,友達,70,8,62,大昌-新店,2023-02-03,6464
00665L,富邦�琤肭磪囓�2,69,10,59,大昌-新店,2023-02-03,6464
2353,宏��,50,0,50,大昌-新店,2023-02-03,6464
00882,中信中國高股息,50,0,50,大昌-新店,2023-02-03,6464
8033,雷虎,53,6,47,大昌-新店,2023-02-03,6464
2834,臺企銀,45,2,43,大昌-新店,2023-02-03,6464
2882,國泰金,45,5,40,大昌-新店,2023-02-03,6464
2455,全新,37,0,37,大昌-新店,2023-02-03,6464
2888,新光金,40,5,35,大昌-新店,2023-02-03,6464
4979,華星光,44,11,33,大昌-新店,2023-02-03,6464
00878,國泰永續高股息,34,2,32,大昌-新店,2023-02-03,6464
2891,中信金,30,0,30,大昌-新店,2023-02-03,6464
1701,中化,38,9,29,大昌-新店,2023-02-03,6464
2324,仁寶,32,4,28,大昌-新店,2023-02-03,6464
2338,光罩,29,1,28,大昌-新店,2023-02-03,6464
1513,中興電,50,23,27,大昌-新店,2023-02-03,6464
00877,復華中國5G,27,0,27,大昌-新店,2023-02-03,6464
00753L,中信中國50正2,45,19,26,大昌-新店,2023-02-03,6464
2897,王道銀行,37,12,25,大昌-新店,2023-02-03,6464
00648R,元大S＆P500反1,25,0,25,大昌-新店,2023-02-03,6464
00712,復華富時不動產,25,0,25,大昌-新店,2023-02-03,6464
2929,淘帝-KY,27,2,25,大昌-新店,2023-02-03,6464
8069,元太,62,39,23,大昌-新店,2023-02-03,6464
2610,華航,28,7,21,大昌-新店,2023-02-03,6464
3041,揚智,31,10,21,大昌-新店,2023-02-03,6464
3594,磐儀,35,14,21,大昌-新店,2023-02-03,6464
5483,中美晶,21,0,21,大昌-新店,2023-02-03,6464
3520,華盈,20,0,20,大昌-新店,2023-02-03,6464
3362,先進光,20,0,20,大昌-新店,2023-02-03,6464
2002,中鋼,24,5,19,大昌-新店,2023-02-03,6464
00885,富邦越南,19,0,19,大昌-新店,2023-02-03,6464
4114,健喬,25,6,19,大昌-新店,2023-02-03,6464
2801,彰銀,18,0,18,大昌-新店,2023-02-03,6464
2337,旺宏,21,3,18,大昌-新店,2023-02-03,6464
4924,欣厚-KY,18,0,18,大昌-新店,2023-02-03,6464
2419,仲琦,25,7,18,大昌-新店,2023-02-03,6464
6015,宏遠證,18,0,18,大昌-新店,2023-02-03,6464
8050,廣積,28,10,18,大昌-新店,2023-02-03,6464
1305,華夏,16,0,16,大昌-新店,2023-02-03,6464
3714,富采,16,0,16,大昌-新店,2023-02-03,6464
1720,生達,16,0,16,大昌-新店,2023-02-03,6464
00642U,期元大S＆P石油,16,0,16,大昌-新店,2023-02-03,6464
2388,威盛,49,34,15,大昌-新店,2023-02-03,6464
9928,中視,15,0,15,大昌-新店,2023-02-03,6464
2201,裕隆,68,54,14,大昌-新店,2023-02-03,6464
6443,元晶,26,12,14,大昌-新店,2023-02-03,6464
00878,國泰永續高股息,183,6,177,大昌-新店,2023-02-06,6464
2482,連宇,165,66,99,大昌-新店,2023-02-06,6464
3081,聯亞,93,0,93,大昌-新店,2023-02-06,6464
00900,富邦特選高股息30,78,2,76,大昌-新店,2023-02-06,6464
00664R,國泰臺灣加權反1,72,0,72,大昌-新店,2023-02-06,6464
6770,力積電,66,13,53,大昌-新店,2023-02-06,6464
00665L,富邦�琤肭磪囓�2,63,11,52,大昌-新店,2023-02-06,6464
2002,中鋼,52,2,50,大昌-新店,2023-02-06,6464
1701,中化,63,16,47,大昌-新店,2023-02-06,6464
2401,凌陽,46,0,46,大昌-新店,2023-02-06,6464
2888,新光金,40,0,40,大昌-新店,2023-02-06,6464
2102,泰豐,35,0,35,大昌-新店,2023-02-06,6464
00637L,元大滬深300正2,157,125,32,大昌-新店,2023-02-06,6464
2408,南亞科,32,1,31,大昌-新店,2023-02-06,6464
00642U,期元大S＆P石油,32,1,31,大昌-新店,2023-02-06,6464
2603,長榮,33,3,30,大昌-新店,2023-02-06,6464
3058,立德,30,0,30,大昌-新店,2023-02-06,6464
00888,永豐台灣ESG,30,0,30,大昌-新店,2023-02-06,6464
3037,欣興,48,19,29,大昌-新店,2023-02-06,6464
2609,陽明,36,7,29,大昌-新店,2023-02-06,6464
00679B,元大美債20年,38,11,27,大昌-新店,2023-02-06,6464
2330,台積電,38,11,27,大昌-新店,2023-02-06,6464
4911,德英,24,0,24,大昌-新店,2023-02-06,6464
1605,華新,77,53,24,大昌-新店,2023-02-06,6464
2399,映泰,22,0,22,大昌-新店,2023-02-06,6464
00633L,富邦上証正2,25,3,22,大昌-新店,2023-02-06,6464
00882,中信中國高股息,22,0,22,大昌-新店,2023-02-06,6464
3708,上緯投控,22,1,21,大昌-新店,2023-02-06,6464
8046,南電,26,6,20,大昌-新店,2023-02-06,6464
2421,建準,20,0,20,大昌-新店,2023-02-06,6464
3234,光環,20,0,20,大昌-新店,2023-02-06,6464
00751B,元大AAA至A公司債,18,0,18,大昌-新店,2023-02-06,6464
00680L,元大美債20正2,17,0,17,大昌-新店,2023-02-06,6464
6649,台生材,17,0,17,大昌-新店,2023-02-06,6464
00713,元大台灣高息低波,16,0,16,大昌-新店,2023-02-06,6464
00902,中信電池及儲能,16,0,16,大昌-新店,2023-02-06,6464
5347,世界,17,1,16,大昌-新店,2023-02-06,6464
1783,和康生,31,16,15,大昌-新店,2023-02-06,6464
3588,通嘉,30,16,14,大昌-新店,2023-02-06,6464
2702,華園,19,5,14,大昌-新店,2023-02-06,6464
2379,瑞昱,15,1,14,大昌-新店,2023-02-06,6464
3508,位速,14,1,13,大昌-新店,2023-02-06,6464
2351,順德,14,1,13,大昌-新店,2023-02-06,6464
8105,凌巨,12,0,12,大昌-新店,2023-02-06,6464
2201,裕隆,70,58,12,大昌-新店,2023-02-06,6464
00720B,元大投資級公司債,11,0,11,大昌-新店,2023-02-06,6464
2331,精英,24,13,11,大昌-新店,2023-02-06,6464
2444,兆勁,11,0,11,大昌-新店,2023-02-06,6464
3141,晶宏,13,2,11,大昌-新店,2023-02-06,6464
1529,樂事綠能,21,10,11,大昌-新店,2023-02-06,6464
6282,康舒,193,47,146,大昌-新店,2023-02-07,6464
6116,彩晶,118,2,116,大昌-新店,2023-02-07,6464
00680L,元大美債20正2,103,0,103,大昌-新店,2023-02-07,6464
2883,凱基金,106,12,94,大昌-新店,2023-02-07,6464
1314,中石化,111,30,81,大昌-新店,2023-02-07,6464
2317,鴻海,77,7,70,大昌-新店,2023-02-07,6464
1605,華新,104,35,69,大昌-新店,2023-02-07,6464
6235,華孚,90,22,68,大昌-新店,2023-02-07,6464
00878,國泰永續高股息,67,0,67,大昌-新店,2023-02-07,6464
2610,華航,72,10,62,大昌-新店,2023-02-07,6464
2498,宏達電,70,22,48,大昌-新店,2023-02-07,6464
2834,臺企銀,58,11,47,大昌-新店,2023-02-07,6464
6147,頎邦,41,1,40,大昌-新店,2023-02-07,6464
2867,三商壽,35,1,34,大昌-新店,2023-02-07,6464
2313,華通,35,1,34,大昌-新店,2023-02-07,6464
3093,港建*,32,0,32,大昌-新店,2023-02-07,6464
1701,中化,39,8,31,大昌-新店,2023-02-07,6464
00907,永豐優息存股,30,0,30,大昌-新店,2023-02-07,6464
2344,華邦電,37,7,30,大昌-新店,2023-02-07,6464
00679B,元大美債20年,32,2,30,大昌-新店,2023-02-07,6464
2884,玉山金,30,5,25,大昌-新店,2023-02-07,6464
1301,台塑,25,1,24,大昌-新店,2023-02-07,6464
6120,達運,23,0,23,大昌-新店,2023-02-07,6464
2891,中信金,22,0,22,大昌-新店,2023-02-07,6464
8050,廣積,34,12,22,大昌-新店,2023-02-07,6464
00653L,富邦印度正2,23,1,22,大昌-新店,2023-02-07,6464
2371,大同,22,0,22,大昌-新店,2023-02-07,6464
6806,森崴能源,26,4,22,大昌-新店,2023-02-07,6464
6770,力積電,44,22,22,大昌-新店,2023-02-07,6464
1752,南光,51,30,21,大昌-新店,2023-02-07,6464
00642U,期元大S＆P石油,21,0,21,大昌-新店,2023-02-07,6464
2379,瑞昱,20,0,20,大昌-新店,2023-02-07,6464
00780B,國泰A級金融債,19,0,19,大昌-新店,2023-02-07,6464
1229,聯華,19,0,19,大昌-新店,2023-02-07,6464
2421,建準,20,1,19,大昌-新店,2023-02-07,6464
00712,復華富時不動產,18,0,18,大昌-新店,2023-02-07,6464
3037,欣興,41,24,17,大昌-新店,2023-02-07,6464
2618,長榮航,18,1,17,大昌-新店,2023-02-07,6464
2419,仲琦,29,15,14,大昌-新店,2023-02-07,6464
2368,金像電,16,3,13,大昌-新店,2023-02-07,6464
1432,大魯閣,14,1,13,大昌-新店,2023-02-07,6464
00720B,元大投資級公司債,14,1,13,大昌-新店,2023-02-07,6464
6541,泰福-KY,15,2,13,大昌-新店,2023-02-07,6464
00885,富邦越南,17,5,12,大昌-新店,2023-02-07,6464
2303,聯電,33,21,12,大昌-新店,2023-02-07,6464
2812,台中銀,18,6,12,大昌-新店,2023-02-07,6464
1733,五鼎,11,0,11,大昌-新店,2023-02-07,6464
4746,台耀,25,14,11,大昌-新店,2023-02-07,6464
6649,台生材,11,0,11,大昌-新店,2023-02-07,6464
2504,國產,10,0,10,大昌-新店,2023-02-07,6464
00632R,元大台灣50反1,495,94,401,大昌-新店,2023-02-08,6464
6282,康舒,295,39,256,大昌-新店,2023-02-08,6464
6191,精成科,147,0,147,大昌-新店,2023-02-08,6464
2610,華航,147,10,137,大昌-新店,2023-02-08,6464
00753L,中信中國50正2,133,9,124,大昌-新店,2023-02-08,6464
00664R,國泰臺灣加權反1,113,0,113,大昌-新店,2023-02-08,6464
00669R,國泰美國道瓊反1,101,2,99,大昌-新店,2023-02-08,6464
8926,台汽電,64,1,63,大昌-新店,2023-02-08,6464
2887,台新金,63,2,61,大昌-新店,2023-02-08,6464
2748,雲品,65,5,60,大昌-新店,2023-02-08,6464
5258,虹堡,52,2,50,大昌-新店,2023-02-08,6464
6244,茂迪,52,3,49,大昌-新店,2023-02-08,6464
00637L,元大滬深300正2,86,37,49,大昌-新店,2023-02-08,6464
5309,系統電,80,35,45,大昌-新店,2023-02-08,6464
00679B,元大美債20年,42,0,42,大昌-新店,2023-02-08,6464
00919,群益台灣精選高息,40,0,40,大昌-新店,2023-02-08,6464
00652,富邦印度,40,0,40,大昌-新店,2023-02-08,6464
1513,中興電,64,25,39,大昌-新店,2023-02-08,6464
2607,榮運,41,4,37,大昌-新店,2023-02-08,6464
3707,漢磊,42,7,35,大昌-新店,2023-02-08,6464
3105,穩懋,37,3,34,大昌-新店,2023-02-08,6464
6547,高端疫苗,34,0,34,大昌-新店,2023-02-08,6464
3189,景碩,33,0,33,大昌-新店,2023-02-08,6464
4961,天鈺,40,7,33,大昌-新店,2023-02-08,6464
2371,大同,45,13,32,大昌-新店,2023-02-08,6464
6239,力成,31,0,31,大昌-新店,2023-02-08,6464
4128,中天,45,15,30,大昌-新店,2023-02-08,6464
4306,炎洲,29,0,29,大昌-新店,2023-02-08,6464
00710B,復華彭博非投等債,28,0,28,大昌-新店,2023-02-08,6464
2014,中鴻,39,13,26,大昌-新店,2023-02-08,6464
2884,玉山金,34,12,22,大昌-新店,2023-02-08,6464
1409,新纖,30,8,22,大昌-新店,2023-02-08,6464
5603,陸海,21,0,21,大昌-新店,2023-02-08,6464
1605,華新,64,43,21,大昌-新店,2023-02-08,6464
5425,台半,27,8,19,大昌-新店,2023-02-08,6464
2883,凱基金,24,5,19,大昌-新店,2023-02-08,6464
3624,光頡,28,10,18,大昌-新店,2023-02-08,6464
4968,立積,26,8,18,大昌-新店,2023-02-08,6464
2401,凌陽,24,7,17,大昌-新店,2023-02-08,6464
6456,GIS-KY,17,0,17,大昌-新店,2023-02-08,6464
00885,富邦越南,16,0,16,大昌-新店,2023-02-08,6464
00633L,富邦上証正2,15,0,15,大昌-新店,2023-02-08,6464
6205,詮欣,15,0,15,大昌-新店,2023-02-08,6464
5353,台林,15,1,14,大昌-新店,2023-02-08,6464
00725B,國泰投資級公司債,14,0,14,大昌-新店,2023-02-08,6464
1312,國喬,24,10,14,大昌-新店,2023-02-08,6464
2883B,凱基金乙特,14,0,14,大昌-新店,2023-02-08,6464
5009,榮剛,13,0,13,大昌-新店,2023-02-08,6464
00740B,富邦全球投等債,13,0,13,大昌-新店,2023-02-08,6464
2425,承啟,33,20,13,大昌-新店,2023-02-08,6464
2344,華邦電,233,37,196,大昌-新店,2023-02-09,6464
00878,國泰永續高股息,185,1,184,大昌-新店,2023-02-09,6464
9941,裕融,109,2,107,大昌-新店,2023-02-09,6464
6547,高端疫苗,93,1,92,大昌-新店,2023-02-09,6464
00632R,元大台灣50反1,92,11,81,大昌-新店,2023-02-09,6464
4931,新盛力,67,21,46,大昌-新店,2023-02-09,6464
0056,元大高股息,47,2,45,大昌-新店,2023-02-09,6464
00885,富邦越南,36,0,36,大昌-新店,2023-02-09,6464
3162,精確,35,1,34,大昌-新店,2023-02-09,6464
2201,裕隆,38,5,33,大昌-新店,2023-02-09,6464
1605,華新,58,26,32,大昌-新店,2023-02-09,6464
3479,安勤,42,12,30,大昌-新店,2023-02-09,6464
3520,華盈,63,33,30,大昌-新店,2023-02-09,6464
1701,中化,50,21,29,大昌-新店,2023-02-09,6464
00673R,期元大S＆P原油反1,26,0,26,大昌-新店,2023-02-09,6464
1532,勤美,26,1,25,大昌-新店,2023-02-09,6464
2367,燿華,24,2,22,大昌-新店,2023-02-09,6464
1736,喬山,26,6,20,大昌-新店,2023-02-09,6464
2515,中工,20,0,20,大昌-新店,2023-02-09,6464
8261,富鼎,26,6,20,大昌-新店,2023-02-09,6464
5203,訊連,22,2,20,大昌-新店,2023-02-09,6464
5258,虹堡,30,11,19,大昌-新店,2023-02-09,6464
00882,中信中國高股息,19,0,19,大昌-新店,2023-02-09,6464
3707,漢磊,21,2,19,大昌-新店,2023-02-09,6464
2888,新光金,30,12,18,大昌-新店,2023-02-09,6464
2369,菱生,18,0,18,大昌-新店,2023-02-09,6464
2323,中環,20,2,18,大昌-新店,2023-02-09,6464
2634,漢翔,40,22,18,大昌-新店,2023-02-09,6464
2408,南亞科,17,0,17,大昌-新店,2023-02-09,6464
2834,臺企銀,18,1,17,大昌-新店,2023-02-09,6464
00679B,元大美債20年,16,0,16,大昌-新店,2023-02-09,6464
2329,華泰,15,0,15,大昌-新店,2023-02-09,6464
8926,台汽電,15,0,15,大昌-新店,2023-02-09,6464
1732,毛寶,17,2,15,大昌-新店,2023-02-09,6464
6244,茂迪,15,0,15,大昌-新店,2023-02-09,6464
2331,精英,33,18,15,大昌-新店,2023-02-09,6464
3704,合勤控,16,2,14,大昌-新店,2023-02-09,6464
2002,中鋼,19,5,14,大昌-新店,2023-02-09,6464
2014,中鴻,14,0,14,大昌-新店,2023-02-09,6464
3014,聯陽,21,7,14,大昌-新店,2023-02-09,6464
2884,玉山金,14,0,14,大昌-新店,2023-02-09,6464
2368,金像電,70,57,13,大昌-新店,2023-02-09,6464
4763,材料-KY,19,6,13,大昌-新店,2023-02-09,6464
6806,森崴能源,19,6,13,大昌-新店,2023-02-09,6464
2327,國巨,17,4,13,大昌-新店,2023-02-09,6464
2723,美食-KY,13,1,12,大昌-新店,2023-02-09,6464
6202,盛群,12,0,12,大昌-新店,2023-02-09,6464
1529,樂事綠能,15,3,12,大昌-新店,2023-02-09,6464
4952,凌通,12,0,12,大昌-新店,2023-02-09,6464
00891,中信關鍵半導體,12,0,12,大昌-新店,2023-02-09,6464
2888,新光金,384,25,359,大昌-新店,2023-02-10,6464
00878,國泰永續高股息,164,0,164,大昌-新店,2023-02-10,6464
1584,精剛,166,70,96,大昌-新店,2023-02-10,6464
3706,神達,71,0,71,大昌-新店,2023-02-10,6464
2371,大同,62,0,62,大昌-新店,2023-02-10,6464
3704,合勤控,61,0,61,大昌-新店,2023-02-10,6464
00679B,元大美債20年,58,0,58,大昌-新店,2023-02-10,6464
00637L,元大滬深300正2,77,20,57,大昌-新店,2023-02-10,6464
2344,華邦電,82,31,51,大昌-新店,2023-02-10,6464
2399,映泰,50,0,50,大昌-新店,2023-02-10,6464
2484,希華,52,5,47,大昌-新店,2023-02-10,6464
6509,聚和,40,0,40,大昌-新店,2023-02-10,6464
3479,安勤,42,2,40,大昌-新店,2023-02-10,6464
00671R,富邦NASDAQ反1,39,0,39,大昌-新店,2023-02-10,6464
00885,富邦越南,39,1,38,大昌-新店,2023-02-10,6464
2421,建準,36,0,36,大昌-新店,2023-02-10,6464
2883B,凱基金乙特,34,0,34,大昌-新店,2023-02-10,6464
00713,元大台灣高息低波,33,0,33,大昌-新店,2023-02-10,6464
1210,大成,33,0,33,大昌-新店,2023-02-10,6464
00712,復華富時不動產,32,0,32,大昌-新店,2023-02-10,6464
00642U,期元大S＆P石油,28,0,28,大昌-新店,2023-02-10,6464
6770,力積電,36,9,27,大昌-新店,2023-02-10,6464
4130,健亞,30,4,26,大昌-新店,2023-02-10,6464
5351,鈺創,38,12,26,大昌-新店,2023-02-10,6464
8358,金居,29,4,25,大昌-新店,2023-02-10,6464
4915,致伸,27,3,24,大昌-新店,2023-02-10,6464
5425,台半,33,10,23,大昌-新店,2023-02-10,6464
5009,榮剛,34,12,22,大昌-新店,2023-02-10,6464
3128,昇銳,24,3,21,大昌-新店,2023-02-10,6464
0056,元大高股息,23,3,20,大昌-新店,2023-02-10,6464
8926,台汽電,20,0,20,大昌-新店,2023-02-10,6464
1789,神隆,20,0,20,大昌-新店,2023-02-10,6464
3037,欣興,61,42,19,大昌-新店,2023-02-10,6464
8072,陞泰,24,5,19,大昌-新店,2023-02-10,6464
00919,群益台灣精選高息,26,7,19,大昌-新店,2023-02-10,6464
1605,華新,92,73,19,大昌-新店,2023-02-10,6464
2618,長榮航,29,11,18,大昌-新店,2023-02-10,6464
6116,彩晶,20,3,17,大昌-新店,2023-02-10,6464
2614,東森,17,0,17,大昌-新店,2023-02-10,6464
1718,中纖,23,6,17,大昌-新店,2023-02-10,6464
1524,耿鼎,17,1,16,大昌-新店,2023-02-10,6464
4167,松瑞藥,18,2,16,大昌-新店,2023-02-10,6464
2601,益航,18,2,16,大昌-新店,2023-02-10,6464
4306,炎洲,16,0,16,大昌-新店,2023-02-10,6464
00633L,富邦上証正2,17,1,16,大昌-新店,2023-02-10,6464
2498,宏達電,59,44,15,大昌-新店,2023-02-10,6464
3504,揚明光,17,2,15,大昌-新店,2023-02-10,6464
1409,新纖,15,0,15,大昌-新店,2023-02-10,6464
6223,旺矽,15,0,15,大昌-新店,2023-02-10,6464
4114,健喬,22,7,15,大昌-新店,2023-02-10,6464
2409,友達,130,3,127,大昌-新店,2023-02-13,6464
2634,漢翔,150,30,120,大昌-新店,2023-02-13,6464
00878,國泰永續高股息,134,53,81,大昌-新店,2023-02-13,6464
8926,台汽電,79,0,79,大昌-新店,2023-02-13,6464
00680L,元大美債20正2,71,6,65,大昌-新店,2023-02-13,6464
2303,聯電,88,29,59,大昌-新店,2023-02-13,6464
6770,力積電,55,5,50,大昌-新店,2023-02-13,6464
2102,泰豐,43,0,43,大昌-新店,2023-02-13,6464
3058,立德,43,0,43,大昌-新店,2023-02-13,6464
1701,中化,78,36,42,大昌-新店,2023-02-13,6464
00885,富邦越南,39,1,38,大昌-新店,2023-02-13,6464
00679B,元大美債20年,39,2,37,大昌-新店,2023-02-13,6464
8033,雷虎,48,11,37,大昌-新店,2023-02-13,6464
6191,精成科,35,0,35,大昌-新店,2023-02-13,6464
2609,陽明,48,17,31,大昌-新店,2023-02-13,6464
3693,營邦,35,5,30,大昌-新店,2023-02-13,6464
2421,建準,28,0,28,大昌-新店,2023-02-13,6464
1584,精剛,27,2,25,大昌-新店,2023-02-13,6464
3481,群創,54,30,24,大昌-新店,2023-02-13,6464
4979,華星光,32,10,22,大昌-新店,2023-02-13,6464
6282,康舒,40,18,22,大昌-新店,2023-02-13,6464
3289,宜特,26,5,21,大昌-新店,2023-02-13,6464
2890,永豐金,22,1,21,大昌-新店,2023-02-13,6464
1783,和康生,23,2,21,大昌-新店,2023-02-13,6464
1417,嘉裕,23,3,20,大昌-新店,2023-02-13,6464
3088,艾訊,20,0,20,大昌-新店,2023-02-13,6464
3454,晶睿,20,1,19,大昌-新店,2023-02-13,6464
2201,裕隆,34,16,18,大昌-新店,2023-02-13,6464
5608,四維航,21,3,18,大昌-新店,2023-02-13,6464
2401,凌陽,17,0,17,大昌-新店,2023-02-13,6464
0056,元大高股息,25,9,16,大昌-新店,2023-02-13,6464
2520,冠德,15,0,15,大昌-新店,2023-02-13,6464
00891,中信關鍵半導體,15,0,15,大昌-新店,2023-02-13,6464
3149,正達,15,0,15,大昌-新店,2023-02-13,6464
5388,中磊,16,1,15,大昌-新店,2023-02-13,6464
8171,天宇,15,0,15,大昌-新店,2023-02-13,6464
2618,長榮航,24,10,14,大昌-新店,2023-02-13,6464
1810,和成,37,24,13,大昌-新店,2023-02-13,6464
2897,王道銀行,23,10,13,大昌-新店,2023-02-13,6464
2881,富邦金,24,11,13,大昌-新店,2023-02-13,6464
2317,鴻海,19,7,12,大昌-新店,2023-02-13,6464
2379,瑞昱,15,3,12,大昌-新店,2023-02-13,6464
00664R,國泰臺灣加權反1,20,8,12,大昌-新店,2023-02-13,6464
00671R,富邦NASDAQ反1,12,0,12,大昌-新店,2023-02-13,6464
00673R,期元大S＆P原油反1,12,0,12,大昌-新店,2023-02-13,6464
3711,日月光投控,11,0,11,大昌-新店,2023-02-13,6464
3312,弘憶股,11,0,11,大昌-新店,2023-02-13,6464
6163,華電網,11,0,11,大昌-新店,2023-02-13,6464
6806,森崴能源,20,10,10,大昌-新店,2023-02-13,6464
3362,先進光,10,0,10,大昌-新店,2023-02-13,6464
2340,台亞,500,0,500,大昌-新店,2023-02-14,6464
00878,國泰永續高股息,428,47,381,大昌-新店,2023-02-14,6464
00632R,元大台灣50反1,374,20,354,大昌-新店,2023-02-14,6464
8926,台汽電,137,1,136,大昌-新店,2023-02-14,6464
00669R,國泰美國道瓊反1,103,20,83,大昌-新店,2023-02-14,6464
00907,永豐優息存股,64,0,64,大昌-新店,2023-02-14,6464
1605,華新,114,77,37,大昌-新店,2023-02-14,6464
6168,宏齊,46,10,36,大昌-新店,2023-02-14,6464
2908,特力,34,0,34,大昌-新店,2023-02-14,6464
3707,漢磊,44,10,34,大昌-新店,2023-02-14,6464
3481,群創,113,79,34,大昌-新店,2023-02-14,6464
3704,合勤控,41,8,33,大昌-新店,2023-02-14,6464
3088,艾訊,30,0,30,大昌-新店,2023-02-14,6464
6191,精成科,30,0,30,大昌-新店,2023-02-14,6464
2409,友達,159,130,29,大昌-新店,2023-02-14,6464
00673R,期元大S＆P原油反1,28,0,28,大昌-新店,2023-02-14,6464
00676R,富邦臺灣加權反1,25,0,25,大昌-新店,2023-02-14,6464
1409,新纖,24,0,24,大昌-新店,2023-02-14,6464
6806,森崴能源,32,9,23,大昌-新店,2023-02-14,6464
6288,聯嘉,22,0,22,大昌-新店,2023-02-14,6464
6133,金橋,22,0,22,大昌-新店,2023-02-14,6464
2884,玉山金,22,1,21,大昌-新店,2023-02-14,6464
2885,元大金,21,0,21,大昌-新店,2023-02-14,6464
2867,三商壽,20,0,20,大昌-新店,2023-02-14,6464
2102,泰豐,20,0,20,大昌-新店,2023-02-14,6464
2399,映泰,20,0,20,大昌-新店,2023-02-14,6464
5371,中光電,21,1,20,大昌-新店,2023-02-14,6464
4564,元翎,25,5,20,大昌-新店,2023-02-14,6464
3037,欣興,35,16,19,大昌-新店,2023-02-14,6464
3710,連展投控,20,1,19,大昌-新店,2023-02-14,6464
2009,第一銅,22,5,17,大昌-新店,2023-02-14,6464
2609,陽明,45,30,15,大昌-新店,2023-02-14,6464
8069,元太,33,18,15,大昌-新店,2023-02-14,6464
00653L,富邦印度正2,15,0,15,大昌-新店,2023-02-14,6464
4931,新盛力,27,13,14,大昌-新店,2023-02-14,6464
00882,中信中國高股息,14,0,14,大昌-新店,2023-02-14,6464
00780B,國泰A級金融債,12,0,12,大昌-新店,2023-02-14,6464
1795,美時,27,15,12,大昌-新店,2023-02-14,6464
1762,中化生,21,10,11,大昌-新店,2023-02-14,6464
00664R,國泰臺灣加權反1,11,0,11,大昌-新店,2023-02-14,6464
2449,京元電子,10,0,10,大昌-新店,2023-02-14,6464
9907,統一實,10,0,10,大昌-新店,2023-02-14,6464
3147,大綜,10,0,10,大昌-新店,2023-02-14,6464
5425,台半,12,2,10,大昌-新店,2023-02-14,6464
2030,彰源,10,0,10,大昌-新店,2023-02-14,6464
6592,和潤企業,10,0,10,大昌-新店,2023-02-14,6464
00648R,元大S＆P500反1,10,0,10,大昌-新店,2023-02-14,6464
00712,復華富時不動產,10,0,10,大昌-新店,2023-02-14,6464
4961,天鈺,15,6,9,大昌-新店,2023-02-14,6464
3014,聯陽,10,2,8,大昌-新店,2023-02-14,6464
00878,國泰永續高股息,269,150,119,大昌-新店,2023-02-15,6464
00900,富邦特選高股息30,69,0,69,大昌-新店,2023-02-15,6464
2014,中鴻,47,3,44,大昌-新店,2023-02-15,6464
2471,資通,52,10,42,大昌-新店,2023-02-15,6464
2330,台積電,76,35,41,大昌-新店,2023-02-15,6464
6153,嘉聯益,39,0,39,大昌-新店,2023-02-15,6464
00679B,元大美債20年,43,6,37,大昌-新店,2023-02-15,6464
2486,一詮,38,5,33,大昌-新店,2023-02-15,6464
2324,仁寶,32,0,32,大昌-新店,2023-02-15,6464
0056,元大高股息,36,6,30,大昌-新店,2023-02-15,6464
00708L,期元大S＆P黃金正2,30,0,30,大昌-新店,2023-02-15,6464
2344,華邦電,44,16,28,大昌-新店,2023-02-15,6464
00882,中信中國高股息,28,0,28,大昌-新店,2023-02-15,6464
2609,陽明,43,17,26,大昌-新店,2023-02-15,6464
8105,凌巨,25,1,24,大昌-新店,2023-02-15,6464
0050,元大台灣50,34,11,23,大昌-新店,2023-02-15,6464
00648R,元大S＆P500反1,23,0,23,大昌-新店,2023-02-15,6464
00893,國泰智能電動車,54,31,23,大昌-新店,2023-02-15,6464
5608,四維航,22,0,22,大昌-新店,2023-02-15,6464
3687,歐買尬,21,1,20,大昌-新店,2023-02-15,6464
00753L,中信中國50正2,18,0,18,大昌-新店,2023-02-15,6464
4961,天鈺,23,5,18,大昌-新店,2023-02-15,6464
2891,中信金,17,0,17,大昌-新店,2023-02-15,6464
00881,國泰台灣5G+,17,0,17,大昌-新店,2023-02-15,6464
1701,中化,32,15,17,大昌-新店,2023-02-15,6464
2351,順德,20,3,17,大昌-新店,2023-02-15,6464
8940,新天地,17,0,17,大昌-新店,2023-02-15,6464
1514,亞力,29,13,16,大昌-新店,2023-02-15,6464
2027,大成鋼,20,4,16,大昌-新店,2023-02-15,6464
6278,台表科,15,0,15,大昌-新店,2023-02-15,6464
3706,神達,16,1,15,大昌-新店,2023-02-15,6464
6488,環球晶,16,1,15,大昌-新店,2023-02-15,6464
2882,國泰金,15,0,15,大昌-新店,2023-02-15,6464
00642U,期元大S＆P石油,15,0,15,大昌-新店,2023-02-15,6464
2723,美食-KY,20,5,15,大昌-新店,2023-02-15,6464
3703,欣陸,15,0,15,大昌-新店,2023-02-15,6464
3189,景碩,27,14,13,大昌-新店,2023-02-15,6464
4130,健亞,14,2,12,大昌-新店,2023-02-15,6464
00665L,富邦�琤肭磪囓�2,71,59,12,大昌-新店,2023-02-15,6464
6120,達運,12,0,12,大昌-新店,2023-02-15,6464
2734,易飛網,12,0,12,大昌-新店,2023-02-15,6464
8033,雷虎,14,2,12,大昌-新店,2023-02-15,6464
00850,元大臺灣ESG永續,11,0,11,大昌-新店,2023-02-15,6464
3221,台嘉碩,13,2,11,大昌-新店,2023-02-15,6464
2885,元大金,11,0,11,大昌-新店,2023-02-15,6464
2206,三陽工業,43,32,11,大昌-新店,2023-02-15,6464
2201,裕隆,35,24,11,大昌-新店,2023-02-15,6464
2610,華航,17,6,11,大昌-新店,2023-02-15,6464
2834,臺企銀,62,51,11,大昌-新店,2023-02-15,6464
3710,連展投控,13,3,10,大昌-新店,2023-02-15,6464
00865B,國泰US短期公債,294,0,294,大昌-新店,2023-02-16,6464
00632R,元大台灣50反1,162,7,155,大昌-新店,2023-02-16,6464
00878,國泰永續高股息,156,25,131,大昌-新店,2023-02-16,6464
00694B,富邦美債1-3,123,0,123,大昌-新店,2023-02-16,6464
2002,中鋼,116,34,82,大昌-新店,2023-02-16,6464
00664R,國泰臺灣加權反1,72,0,72,大昌-新店,2023-02-16,6464
3707,漢磊,53,2,51,大昌-新店,2023-02-16,6464
00648R,元大S＆P500反1,50,0,50,大昌-新店,2023-02-16,6464
3105,穩懋,52,4,48,大昌-新店,2023-02-16,6464
1312,國喬,64,16,48,大昌-新店,2023-02-16,6464
6182,合晶,46,5,41,大昌-新店,2023-02-16,6464
2472,立隆電,54,13,41,大昌-新店,2023-02-16,6464
3058,立德,56,16,40,大昌-新店,2023-02-16,6464
2884,玉山金,45,5,40,大昌-新店,2023-02-16,6464
3081,聯亞,33,2,31,大昌-新店,2023-02-16,6464
00708L,期元大S＆P黃金正2,30,0,30,大昌-新店,2023-02-16,6464
6142,友勁,30,0,30,大昌-新店,2023-02-16,6464
00673R,期元大S＆P原油反1,35,6,29,大昌-新店,2023-02-16,6464
2812,台中銀,24,0,24,大昌-新店,2023-02-16,6464
2515,中工,21,0,21,大昌-新店,2023-02-16,6464
2607,榮運,22,1,21,大昌-新店,2023-02-16,6464
3037,欣興,63,43,20,大昌-新店,2023-02-16,6464
5011,久陽,20,0,20,大昌-新店,2023-02-16,6464
2331,精英,20,0,20,大昌-新店,2023-02-16,6464
6152,百一,20,0,20,大昌-新店,2023-02-16,6464
5285,界霖,20,0,20,大昌-新店,2023-02-16,6464
9958,世紀鋼,20,1,19,大昌-新店,2023-02-16,6464
2371,大同,19,1,18,大昌-新店,2023-02-16,6464
8105,凌巨,39,21,18,大昌-新店,2023-02-16,6464
6140,訊達,18,0,18,大昌-新店,2023-02-16,6464
2379,瑞昱,22,4,18,大昌-新店,2023-02-16,6464
5258,虹堡,26,9,17,大昌-新店,2023-02-16,6464
2748,雲品,27,10,17,大昌-新店,2023-02-16,6464
4804,大略-KY,17,0,17,大昌-新店,2023-02-16,6464
2603,長榮,21,4,17,大昌-新店,2023-02-16,6464
3710,連展投控,17,1,16,大昌-新店,2023-02-16,6464
2881,富邦金,17,1,16,大昌-新店,2023-02-16,6464
2027,大成鋼,25,9,16,大昌-新店,2023-02-16,6464
2337,旺宏,18,3,15,大昌-新店,2023-02-16,6464
5608,四維航,15,0,15,大昌-新店,2023-02-16,6464
6548,長科*,15,0,15,大昌-新店,2023-02-16,6464
00650L,復華香港正2,15,1,14,大昌-新店,2023-02-16,6464
00905,FT臺灣Smart,16,3,13,大昌-新店,2023-02-16,6464
2481,強茂,23,11,12,大昌-新店,2023-02-16,6464
00676R,富邦臺灣加權反1,12,0,12,大昌-新店,2023-02-16,6464
6278,台表科,14,2,12,大昌-新店,2023-02-16,6464
1609,大亞,27,16,11,大昌-新店,2023-02-16,6464
2338,光罩,12,1,11,大昌-新店,2023-02-16,6464
5871,中租-KY,13,2,11,大昌-新店,2023-02-16,6464
1524,耿鼎,13,2,11,大昌-新店,2023-02-16,6464
00710B,復華彭博非投等債,285,0,285,大昌-新店,2023-02-17,6464
3058,立德,243,26,217,大昌-新店,2023-02-17,6464
2610,華航,280,74,206,大昌-新店,2023-02-17,6464
00878,國泰永續高股息,144,35,109,大昌-新店,2023-02-17,6464
00694B,富邦美債1-3,91,0,91,大昌-新店,2023-02-17,6464
2618,長榮航,98,19,79,大昌-新店,2023-02-17,6464
00679B,元大美債20年,79,5,74,大昌-新店,2023-02-17,6464
00680L,元大美債20正2,63,0,63,大昌-新店,2023-02-17,6464
1810,和成,70,19,51,大昌-新店,2023-02-17,6464
00859B,群益0-1年美債,50,0,50,大昌-新店,2023-02-17,6464
1467,南緯,50,0,50,大昌-新店,2023-02-17,6464
2368,金像電,46,2,44,大昌-新店,2023-02-17,6464
6182,合晶,41,1,40,大昌-新店,2023-02-17,6464
1201,味全,40,0,40,大昌-新店,2023-02-17,6464
6168,宏齊,40,0,40,大昌-新店,2023-02-17,6464
1440,南紡,35,0,35,大昌-新店,2023-02-17,6464
00637L,元大滬深300正2,54,28,26,大昌-新店,2023-02-17,6464
2888,新光金,30,5,25,大昌-新店,2023-02-17,6464
5425,台半,51,28,23,大昌-新店,2023-02-17,6464
3048,益登,22,0,22,大昌-新店,2023-02-17,6464
3013,晟銘電,27,6,21,大昌-新店,2023-02-17,6464
4763,材料-KY,23,2,21,大昌-新店,2023-02-17,6464
00753L,中信中國50正2,21,0,21,大昌-新店,2023-02-17,6464
1605,華新,116,95,21,大昌-新店,2023-02-17,6464
0050,元大台灣50,22,2,20,大昌-新店,2023-02-17,6464
1409,新纖,20,0,20,大昌-新店,2023-02-17,6464
00893,國泰智能電動車,56,36,20,大昌-新店,2023-02-17,6464
8171,天宇,24,4,20,大昌-新店,2023-02-17,6464
00751B,元大AAA至A公司債,18,0,18,大昌-新店,2023-02-17,6464
4979,華星光,24,6,18,大昌-新店,2023-02-17,6464
2330,台積電,30,13,17,大昌-新店,2023-02-17,6464
3093,港建*,20,3,17,大昌-新店,2023-02-17,6464
1514,亞力,28,12,16,大昌-新店,2023-02-17,6464
4164,承業醫,23,7,16,大昌-新店,2023-02-17,6464
2892,第一金,18,2,16,大昌-新店,2023-02-17,6464
3704,合勤控,23,8,15,大昌-新店,2023-02-17,6464
3034,聯詠,23,8,15,大昌-新店,2023-02-17,6464
2609,陽明,19,4,15,大昌-新店,2023-02-17,6464
00772B,中信高評級公司債,14,0,14,大昌-新店,2023-02-17,6464
1737,臺鹽,14,0,14,大昌-新店,2023-02-17,6464
6282,康舒,34,20,14,大昌-新店,2023-02-17,6464
4168,醣聯,17,3,14,大昌-新店,2023-02-17,6464
2201,裕隆,48,35,13,大昌-新店,2023-02-17,6464
3006,晶豪科,16,3,13,大昌-新店,2023-02-17,6464
1504,東元,13,0,13,大昌-新店,2023-02-17,6464
8358,金居,17,5,12,大昌-新店,2023-02-17,6464
2481,強茂,14,2,12,大昌-新店,2023-02-17,6464
00720B,元大投資級公司債,13,1,12,大昌-新店,2023-02-17,6464
00725B,國泰投資級公司債,12,0,12,大昌-新店,2023-02-17,6464
3234,光環,13,1,12,大昌-新店,2023-02-17,6464
00632R,元大台灣50反1,325,2,323,大昌-新店,2023-02-20,6464
1108,幸福,247,28,219,大昌-新店,2023-02-20,6464
2610,華航,367,227,140,大昌-新店,2023-02-20,6464
1313,聯成,100,2,98,大昌-新店,2023-02-20,6464
6116,彩晶,142,52,90,大昌-新店,2023-02-20,6464
1513,中興電,115,45,70,大昌-新店,2023-02-20,6464
1529,樂事綠能,75,8,67,大昌-新店,2023-02-20,6464
8050,廣積,79,15,64,大昌-新店,2023-02-20,6464
3217,優群,64,2,62,大昌-新店,2023-02-20,6464
3706,神達,56,0,56,大昌-新店,2023-02-20,6464
3062,建漢,53,3,50,大昌-新店,2023-02-20,6464
1201,味全,50,0,50,大昌-新店,2023-02-20,6464
00679B,元大美債20年,52,2,50,大昌-新店,2023-02-20,6464
00878,國泰永續高股息,90,49,41,大昌-新店,2023-02-20,6464
1463,強盛新,41,0,41,大昌-新店,2023-02-20,6464
2492,華新科,45,4,41,大昌-新店,2023-02-20,6464
2883,凱基金,61,23,38,大昌-新店,2023-02-20,6464
2618,長榮航,97,63,34,大昌-新店,2023-02-20,6464
0056,元大高股息,63,30,33,大昌-新店,2023-02-20,6464
00877,復華中國5G,30,1,29,大昌-新店,2023-02-20,6464
2324,仁寶,32,3,29,大昌-新店,2023-02-20,6464
2317,鴻海,38,10,28,大昌-新店,2023-02-20,6464
8358,金居,39,13,26,大昌-新店,2023-02-20,6464
2882,國泰金,40,15,25,大昌-新店,2023-02-20,6464
2748,雲品,69,44,25,大昌-新店,2023-02-20,6464
00664R,國泰臺灣加權反1,22,0,22,大昌-新店,2023-02-20,6464
2440,太空梭,22,0,22,大昌-新店,2023-02-20,6464
3060,銘異,22,0,22,大昌-新店,2023-02-20,6464
3264,欣銓,22,0,22,大昌-新店,2023-02-20,6464
3013,晟銘電,45,25,20,大昌-新店,2023-02-20,6464
5521,工信,20,2,18,大昌-新店,2023-02-20,6464
1784,訊聯,19,1,18,大昌-新店,2023-02-20,6464
4130,健亞,20,3,17,大昌-新店,2023-02-20,6464
6550,北極星藥業-KY,19,2,17,大昌-新店,2023-02-20,6464
6691,洋基工程,25,8,17,大昌-新店,2023-02-20,6464
2349,錸德,16,1,15,大昌-新店,2023-02-20,6464
9105,泰金寶-DR,15,0,15,大昌-新店,2023-02-20,6464
3034,聯詠,22,8,14,大昌-新店,2023-02-20,6464
00902,中信電池及儲能,14,0,14,大昌-新店,2023-02-20,6464
3236,千如,14,0,14,大昌-新店,2023-02-20,6464
00720B,元大投資級公司債,19,5,14,大昌-新店,2023-02-20,6464
00653L,富邦印度正2,13,0,13,大昌-新店,2023-02-20,6464
2890,永豐金,14,1,13,大昌-新店,2023-02-20,6464
1783,和康生,34,21,13,大昌-新店,2023-02-20,6464
6182,合晶,21,8,13,大昌-新店,2023-02-20,6464
4164,承業醫,14,1,13,大昌-新店,2023-02-20,6464
00893,國泰智能電動車,15,3,12,大昌-新店,2023-02-20,6464
2230,泰茂,13,1,12,大昌-新店,2023-02-20,6464
3035,智原,20,8,12,大昌-新店,2023-02-20,6464
2201,裕隆,26,14,12,大昌-新店,2023-02-20,6464
2834,臺企銀,148,7,141,大昌-新店,2023-02-21,6464
00882,中信中國高股息,122,12,110,大昌-新店,2023-02-21,6464
6116,彩晶,103,3,100,大昌-新店,2023-02-21,6464
3058,立德,93,0,93,大昌-新店,2023-02-21,6464
1514,亞力,107,22,85,大昌-新店,2023-02-21,6464
2610,華航,122,50,72,大昌-新店,2023-02-21,6464
6531,愛普*,74,13,61,大昌-新店,2023-02-21,6464
2906,高林,67,10,57,大昌-新店,2023-02-21,6464
00885,富邦越南,62,6,56,大昌-新店,2023-02-21,6464
9907,統一實,55,0,55,大昌-新店,2023-02-21,6464
6570,維田,55,1,54,大昌-新店,2023-02-21,6464
4960,誠美材,52,0,52,大昌-新店,2023-02-21,6464
00632R,元大台灣50反1,73,22,51,大昌-新店,2023-02-21,6464
00859B,群益0-1年美債,50,0,50,大昌-新店,2023-02-21,6464
2618,長榮航,55,5,50,大昌-新店,2023-02-21,6464
6026,福邦證,50,1,49,大昌-新店,2023-02-21,6464
2498,宏達電,79,31,48,大昌-新店,2023-02-21,6464
5475,德宏,45,0,45,大昌-新店,2023-02-21,6464
4113,聯上,45,0,45,大昌-新店,2023-02-21,6464
1529,樂事綠能,57,16,41,大昌-新店,2023-02-21,6464
6288,聯嘉,100,59,41,大昌-新店,2023-02-21,6464
8478,東哥遊艇,48,9,39,大昌-新店,2023-02-21,6464
1312,國喬,40,4,36,大昌-新店,2023-02-21,6464
9904,寶成,35,0,35,大昌-新店,2023-02-21,6464
00878,國泰永續高股息,60,26,34,大昌-新店,2023-02-21,6464
00637L,元大滬深300正2,144,111,33,大昌-新店,2023-02-21,6464
1709,和益,35,4,31,大昌-新店,2023-02-21,6464
00694B,富邦美債1-3,30,0,30,大昌-新店,2023-02-21,6464
1201,味全,30,2,28,大昌-新店,2023-02-21,6464
3062,建漢,29,1,28,大昌-新店,2023-02-21,6464
9939,宏全,29,2,27,大昌-新店,2023-02-21,6464
3520,華盈,26,1,25,大昌-新店,2023-02-21,6464
4973,廣穎,25,0,25,大昌-新店,2023-02-21,6464
2882,國泰金,25,1,24,大昌-新店,2023-02-21,6464
00725B,國泰投資級公司債,23,0,23,大昌-新店,2023-02-21,6464
2423,固緯,23,0,23,大昌-新店,2023-02-21,6464
2208,台船,45,23,22,大昌-新店,2023-02-21,6464
2612,中航,22,0,22,大昌-新店,2023-02-21,6464
1584,精剛,55,33,22,大昌-新店,2023-02-21,6464
1503,士電,42,20,22,大昌-新店,2023-02-21,6464
2634,漢翔,57,37,20,大昌-新店,2023-02-21,6464
3105,穩懋,26,6,20,大昌-新店,2023-02-21,6464
2331,精英,30,11,19,大昌-新店,2023-02-21,6464
6217,中探針,17,0,17,大昌-新店,2023-02-21,6464
00665L,富邦�琤肭磪囓�2,24,8,16,大昌-新店,2023-02-21,6464
8936,國統,30,14,16,大昌-新店,2023-02-21,6464
1513,中興電,142,126,16,大昌-新店,2023-02-21,6464
2313,華通,15,0,15,大昌-新店,2023-02-21,6464
1609,大亞,25,10,15,大昌-新店,2023-02-21,6464
8358,金居,31,17,14,大昌-新店,2023-02-21,6464
00632R,元大台灣50反1,390,93,297,大昌-新店,2023-02-22,6464
6116,彩晶,82,6,76,大昌-新店,2023-02-22,6464
2201,裕隆,92,18,74,大昌-新店,2023-02-22,6464
2323,中環,60,0,60,大昌-新店,2023-02-22,6464
00725B,國泰投資級公司債,55,0,55,大昌-新店,2023-02-22,6464
00859B,群益0-1年美債,51,0,51,大昌-新店,2023-02-22,6464
00669R,國泰美國道瓊反1,50,0,50,大昌-新店,2023-02-22,6464
6570,維田,53,4,49,大昌-新店,2023-02-22,6464
3035,智原,57,11,46,大昌-新店,2023-02-22,6464
2884,玉山金,49,7,42,大昌-新店,2023-02-22,6464
2618,長榮航,59,20,39,大昌-新店,2023-02-22,6464
00751B,元大AAA至A公司債,38,0,38,大昌-新店,2023-02-22,6464
3037,欣興,53,16,37,大昌-新店,2023-02-22,6464
6531,愛普*,39,2,37,大昌-新店,2023-02-22,6464
2408,南亞科,36,1,35,大昌-新店,2023-02-22,6464
2014,中鴻,40,5,35,大昌-新店,2023-02-22,6464
6288,聯嘉,47,14,33,大昌-新店,2023-02-22,6464
2344,華邦電,47,15,32,大昌-新店,2023-02-22,6464
6235,華孚,77,45,32,大昌-新店,2023-02-22,6464
1802,台玻,30,0,30,大昌-新店,2023-02-22,6464
00694B,富邦美債1-3,30,0,30,大昌-新店,2023-02-22,6464
00885,富邦越南,29,1,28,大昌-新店,2023-02-22,6464
00882,中信中國高股息,27,0,27,大昌-新店,2023-02-22,6464
2303,聯電,55,29,26,大昌-新店,2023-02-22,6464
3217,優群,26,0,26,大昌-新店,2023-02-22,6464
0056,元大高股息,35,10,25,大昌-新店,2023-02-22,6464
2615,萬海,51,27,24,大昌-新店,2023-02-22,6464
2027,大成鋼,26,3,23,大昌-新店,2023-02-22,6464
00772B,中信高評級公司債,22,0,22,大昌-新店,2023-02-22,6464
4979,華星光,31,10,21,大昌-新店,2023-02-22,6464
2634,漢翔,29,8,21,大昌-新店,2023-02-22,6464
9902,台火,20,0,20,大昌-新店,2023-02-22,6464
2330,台積電,33,13,20,大昌-新店,2023-02-22,6464
4113,聯上,19,0,19,大昌-新店,2023-02-22,6464
3034,聯詠,31,12,19,大昌-新店,2023-02-22,6464
8069,元太,31,13,18,大昌-新店,2023-02-22,6464
1605,華新,77,59,18,大昌-新店,2023-02-22,6464
8936,國統,52,35,17,大昌-新店,2023-02-22,6464
00680L,元大美債20正2,45,28,17,大昌-新店,2023-02-22,6464
1503,士電,19,3,16,大昌-新店,2023-02-22,6464
1529,樂事綠能,34,18,16,大昌-新店,2023-02-22,6464
3481,群創,67,52,15,大昌-新店,2023-02-22,6464
6266,泰詠,16,1,15,大昌-新店,2023-02-22,6464
2801,彰銀,20,5,15,大昌-新店,2023-02-22,6464
4167,松瑞藥,17,2,15,大昌-新店,2023-02-22,6464
2498,宏達電,21,7,14,大昌-新店,2023-02-22,6464
2388,威盛,58,44,14,大昌-新店,2023-02-22,6464
5426,振發,14,0,14,大昌-新店,2023-02-22,6464
3454,晶睿,22,8,14,大昌-新店,2023-02-22,6464
3707,漢磊,18,5,13,大昌-新店,2023-02-22,6464
3481,群創,367,84,283,大昌-新店,2023-02-23,6464
00885,富邦越南,276,5,271,大昌-新店,2023-02-23,6464
00632R,元大台灣50反1,265,88,177,大昌-新店,2023-02-23,6464
2409,友達,199,23,176,大昌-新店,2023-02-23,6464
00665L,富邦�琤肭磪囓�2,111,11,100,大昌-新店,2023-02-23,6464
6770,力積電,97,26,71,大昌-新店,2023-02-23,6464
00715L,期街口布蘭特正2,66,0,66,大昌-新店,2023-02-23,6464
00859B,群益0-1年美債,59,0,59,大昌-新店,2023-02-23,6464
1444,力麗,66,11,55,大昌-新店,2023-02-23,6464
1605,華新,83,33,50,大昌-新店,2023-02-23,6464
3006,晶豪科,50,1,49,大昌-新店,2023-02-23,6464
1513,中興電,127,79,48,大昌-新店,2023-02-23,6464
00642U,期元大S＆P石油,48,0,48,大昌-新店,2023-02-23,6464
6570,維田,52,8,44,大昌-新店,2023-02-23,6464
2882,國泰金,43,0,43,大昌-新店,2023-02-23,6464
2303,聯電,85,44,41,大昌-新店,2023-02-23,6464
8358,金居,40,2,38,大昌-新店,2023-02-23,6464
3520,華盈,40,3,37,大昌-新店,2023-02-23,6464
00664R,國泰臺灣加權反1,37,0,37,大昌-新店,2023-02-23,6464
3034,聯詠,44,8,36,大昌-新店,2023-02-23,6464
2603,長榮,66,32,34,大昌-新店,2023-02-23,6464
2471,資通,36,3,33,大昌-新店,2023-02-23,6464
00637L,元大滬深300正2,71,41,30,大昌-新店,2023-02-23,6464
00676R,富邦臺灣加權反1,29,0,29,大昌-新店,2023-02-23,6464
2618,長榮航,69,40,29,大昌-新店,2023-02-23,6464
2349,錸德,30,1,29,大昌-新店,2023-02-23,6464
4979,華星光,51,23,28,大昌-新店,2023-02-23,6464
2612,中航,30,5,25,大昌-新店,2023-02-23,6464
00882,中信中國高股息,24,0,24,大昌-新店,2023-02-23,6464
3037,欣興,33,11,22,大昌-新店,2023-02-23,6464
2482,連宇,30,9,21,大昌-新店,2023-02-23,6464
1810,和成,23,2,21,大昌-新店,2023-02-23,6464
1447,力鵬,20,0,20,大昌-新店,2023-02-23,6464
2034,允強,20,0,20,大昌-新店,2023-02-23,6464
3062,建漢,20,0,20,大昌-新店,2023-02-23,6464
2641,正德,29,9,20,大昌-新店,2023-02-23,6464
3490,單井,23,4,19,大昌-新店,2023-02-23,6464
6111,大宇資,19,0,19,大昌-新店,2023-02-23,6464
2890,永豐金,20,1,19,大昌-新店,2023-02-23,6464
1709,和益,20,2,18,大昌-新店,2023-02-23,6464
4128,中天,18,1,17,大昌-新店,2023-02-23,6464
8069,元太,35,19,16,大昌-新店,2023-02-23,6464
1609,大亞,19,3,16,大昌-新店,2023-02-23,6464
3016,嘉晶,16,0,16,大昌-新店,2023-02-23,6464
00720B,元大投資級公司債,25,10,15,大昌-新店,2023-02-23,6464
5704,老爺知,20,5,15,大昌-新店,2023-02-23,6464
00772B,中信高評級公司債,14,0,14,大昌-新店,2023-02-23,6464
3684,榮昌,14,0,14,大昌-新店,2023-02-23,6464
1108,幸福,23,9,14,大昌-新店,2023-02-23,6464
1514,亞力,45,31,14,大昌-新店,2023-02-23,6464
00885,富邦越南,153,0,153,大昌-新店,2023-02-24,6464
00632R,元大台灣50反1,231,114,117,大昌-新店,2023-02-24,6464
2601,益航,127,35,92,大昌-新店,2023-02-24,6464
2014,中鴻,85,7,78,大昌-新店,2023-02-24,6464
00637L,元大滬深300正2,99,25,74,大昌-新店,2023-02-24,6464
5512,力麒,92,34,58,大昌-新店,2023-02-24,6464
2618,長榮航,67,14,53,大昌-新店,2023-02-24,6464
3037,欣興,83,31,52,大昌-新店,2023-02-24,6464
1506,正道,52,1,51,大昌-新店,2023-02-24,6464
8033,雷虎,62,13,49,大昌-新店,2023-02-24,6464
8046,南電,55,6,49,大昌-新店,2023-02-24,6464
2317,鴻海,59,11,48,大昌-新店,2023-02-24,6464
6185,幃翔,47,0,47,大昌-新店,2023-02-24,6464
00882,中信中國高股息,50,10,40,大昌-新店,2023-02-24,6464
2611,志信,57,17,40,大昌-新店,2023-02-24,6464
3006,晶豪科,59,19,40,大昌-新店,2023-02-24,6464
1701,中化,42,3,39,大昌-新店,2023-02-24,6464
00650L,復華香港正2,33,0,33,大昌-新店,2023-02-24,6464
8936,國統,39,6,33,大昌-新店,2023-02-24,6464
00753L,中信中國50正2,48,17,31,大昌-新店,2023-02-24,6464
2349,錸德,31,0,31,大昌-新店,2023-02-24,6464
1708,東鹼,31,0,31,大昌-新店,2023-02-24,6464
1440,南紡,35,5,30,大昌-新店,2023-02-24,6464
2399,映泰,38,9,29,大昌-新店,2023-02-24,6464
2610,華航,56,29,27,大昌-新店,2023-02-24,6464
1455,集盛,27,0,27,大昌-新店,2023-02-24,6464
3141,晶宏,31,5,26,大昌-新店,2023-02-24,6464
1314,中石化,36,10,26,大昌-新店,2023-02-24,6464
2344,華邦電,37,11,26,大昌-新店,2023-02-24,6464
2641,正德,78,53,25,大昌-新店,2023-02-24,6464
8111,立��,28,3,25,大昌-新店,2023-02-24,6464
4763,材料-KY,39,14,25,大昌-新店,2023-02-24,6464
00878,國泰永續高股息,46,21,25,大昌-新店,2023-02-24,6464
2360,致茂,24,2,22,大昌-新店,2023-02-24,6464
2206,三陽工業,21,0,21,大昌-新店,2023-02-24,6464
6116,彩晶,53,32,21,大昌-新店,2023-02-24,6464
00752,中信中國50,20,0,20,大昌-新店,2023-02-24,6464
3710,連展投控,20,0,20,大昌-新店,2023-02-24,6464
8358,金居,31,13,18,大昌-新店,2023-02-24,6464
2354,鴻準,23,5,18,大昌-新店,2023-02-24,6464
6282,康舒,38,20,18,大昌-新店,2023-02-24,6464
3706,神達,20,2,18,大昌-新店,2023-02-24,6464
2615,萬海,21,4,17,大昌-新店,2023-02-24,6464
6187,萬潤,18,1,17,大昌-新店,2023-02-24,6464
3714,富采,16,0,16,大昌-新店,2023-02-24,6464
1806,冠軍,16,0,16,大昌-新店,2023-02-24,6464
4915,致伸,22,7,15,大昌-新店,2023-02-24,6464
6224,聚鼎,15,0,15,大昌-新店,2023-02-24,6464
1463,強盛新,15,0,15,大昌-新店,2023-02-24,6464
2457,飛宏,22,8,14,大昌-新店,2023-02-24,6464
1605,華新,182,50,132,大昌-新店,2023-03-01,6464
6116,彩晶,108,4,104,大昌-新店,2023-03-01,6464
2340,台亞,100,2,98,大昌-新店,2023-03-01,6464
2409,友達,89,3,86,大昌-新店,2023-03-01,6464
3481,群創,107,26,81,大昌-新店,2023-03-01,6464
00632R,元大台灣50反1,251,177,74,大昌-新店,2023-03-01,6464
2002,中鋼,79,6,73,大昌-新店,2023-03-01,6464
00878,國泰永續高股息,76,11,65,大昌-新店,2023-03-01,6464
2618,長榮航,57,1,56,大昌-新店,2023-03-01,6464
1101,台泥,62,9,53,大昌-新店,2023-03-01,6464
2601,益航,73,21,52,大昌-新店,2023-03-01,6464
2014,中鴻,63,12,51,大昌-新店,2023-03-01,6464
2885,元大金,50,0,50,大昌-新店,2023-03-01,6464
3081,聯亞,45,0,45,大昌-新店,2023-03-01,6464
3704,合勤控,56,12,44,大昌-新店,2023-03-01,6464
5512,力麒,45,2,43,大昌-新店,2023-03-01,6464
2888,新光金,57,17,40,大昌-新店,2023-03-01,6464
2882,國泰金,50,12,38,大昌-新店,2023-03-01,6464
2605,新興,66,29,37,大昌-新店,2023-03-01,6464
3264,欣銓,35,1,34,大昌-新店,2023-03-01,6464
6005,群益證,32,0,32,大昌-新店,2023-03-01,6464
2030,彰源,30,0,30,大昌-新店,2023-03-01,6464
1506,正道,30,1,29,大昌-新店,2023-03-01,6464
2408,南亞科,29,1,28,大昌-新店,2023-03-01,6464
8249,菱光,30,3,27,大昌-新店,2023-03-01,6464
2881,富邦金,25,0,25,大昌-新店,2023-03-01,6464
1734,杏輝,24,0,24,大昌-新店,2023-03-01,6464
1309,台達化,22,0,22,大昌-新店,2023-03-01,6464
3162,精確,22,1,21,大昌-新店,2023-03-01,6464
00665L,富邦�琤肭磪囓�2,25,4,21,大昌-新店,2023-03-01,6464
00712,復華富時不動產,21,0,21,大昌-新店,2023-03-01,6464
6128,上福,22,1,21,大昌-新店,2023-03-01,6464
2929,淘帝-KY,20,0,20,大昌-新店,2023-03-01,6464
00902,中信電池及儲能,20,0,20,大昌-新店,2023-03-01,6464
2880,華南金,20,0,20,大昌-新店,2023-03-01,6464
2852,第一保,20,0,20,大昌-新店,2023-03-01,6464
1711,永光,20,0,20,大昌-新店,2023-03-01,6464
1314,中石化,20,1,19,大昌-新店,2023-03-01,6464
2892,第一金,19,1,18,大昌-新店,2023-03-01,6464
6118,建達,19,1,18,大昌-新店,2023-03-01,6464
2606,裕民,44,26,18,大昌-新店,2023-03-01,6464
2614,東森,17,0,17,大昌-新店,2023-03-01,6464
0056,元大高股息,21,4,17,大昌-新店,2023-03-01,6464
2637,慧洋-KY,31,15,16,大昌-新店,2023-03-01,6464
4114,健喬,34,18,16,大昌-新店,2023-03-01,6464
5880,合庫金,15,0,15,大昌-新店,2023-03-01,6464
00877,復華中國5G,15,0,15,大昌-新店,2023-03-01,6464
8436,大江,18,3,15,大昌-新店,2023-03-01,6464
8069,元太,25,12,13,大昌-新店,2023-03-01,6464
8358,金居,18,5,13,大昌-新店,2023-03-01,6464
00878,國泰永續高股息,327,3,324,大昌-新店,2023-03-02,6464
2340,台亞,312,6,306,大昌-新店,2023-03-02,6464
00637L,元大滬深300正2,126,18,108,大昌-新店,2023-03-02,6464
00632R,元大台灣50反1,105,21,84,大昌-新店,2023-03-02,6464
00772B,中信高評級公司債,80,0,80,大昌-新店,2023-03-02,6464
00773B,中信優先金融債,61,0,61,大昌-新店,2023-03-02,6464
2482,連宇,61,3,58,大昌-新店,2023-03-02,6464
2201,裕隆,95,41,54,大昌-新店,2023-03-02,6464
2103,台橡,50,0,50,大昌-新店,2023-03-02,6464
8046,南電,72,24,48,大昌-新店,2023-03-02,6464
1605,華新,124,88,36,大昌-新店,2023-03-02,6464
2637,慧洋-KY,104,72,32,大昌-新店,2023-03-02,6464
5880,合庫金,31,0,31,大昌-新店,2023-03-02,6464
8112,至上,49,20,29,大昌-新店,2023-03-02,6464
00885,富邦越南,29,0,29,大昌-新店,2023-03-02,6464
2892,第一金,29,1,28,大昌-新店,2023-03-02,6464
8033,雷虎,40,12,28,大昌-新店,2023-03-02,6464
2886,兆豐金,27,0,27,大昌-新店,2023-03-02,6464
00713,元大台灣高息低波,26,0,26,大昌-新店,2023-03-02,6464
2605,新興,48,22,26,大昌-新店,2023-03-02,6464
8069,元太,27,3,24,大昌-新店,2023-03-02,6464
2884,玉山金,42,18,24,大昌-新店,2023-03-02,6464
5512,力麒,32,9,23,大昌-新店,2023-03-02,6464
00653L,富邦印度正2,22,0,22,大昌-新店,2023-03-02,6464
2641,正德,52,31,21,大昌-新店,2023-03-02,6464
2498,宏達電,34,13,21,大昌-新店,2023-03-02,6464
3088,艾訊,22,1,21,大昌-新店,2023-03-02,6464
2885,元大金,25,5,20,大昌-新店,2023-03-02,6464
00712,復華富時不動產,28,10,18,大昌-新店,2023-03-02,6464
2388,威盛,28,10,18,大昌-新店,2023-03-02,6464
2618,長榮航,24,8,16,大昌-新店,2023-03-02,6464
2880,華南金,16,0,16,大昌-新店,2023-03-02,6464
2891,中信金,18,2,16,大昌-新店,2023-03-02,6464
00679B,元大美債20年,54,41,13,大昌-新店,2023-03-02,6464
3034,聯詠,16,3,13,大昌-新店,2023-03-02,6464
3481,群創,38,26,12,大昌-新店,2023-03-02,6464
1783,和康生,23,11,12,大昌-新店,2023-03-02,6464
8277,商丞,12,0,12,大昌-新店,2023-03-02,6464
8940,新天地,15,3,12,大昌-新店,2023-03-02,6464
2413,環科,17,6,11,大昌-新店,2023-03-02,6464
2349,錸德,11,0,11,大昌-新店,2023-03-02,6464
8249,菱光,11,0,11,大昌-新店,2023-03-02,6464
3673,TPK-KY,18,8,10,大昌-新店,2023-03-02,6464
2102,泰豐,10,0,10,大昌-新店,2023-03-02,6464
00905,FT臺灣Smart,10,0,10,大昌-新店,2023-03-02,6464
2486,一詮,10,0,10,大昌-新店,2023-03-02,6464
2888,新光金,10,0,10,大昌-新店,2023-03-02,6464
1718,中纖,13,3,10,大昌-新店,2023-03-02,6464
2867,三商壽,10,0,10,大昌-新店,2023-03-02,6464
3128,昇銳,14,4,10,大昌-新店,2023-03-02,6464
2834,臺企銀,411,64,347,大昌-新店,2023-03-03,6464
00712,復華富時不動產,179,0,179,大昌-新店,2023-03-03,6464
00632R,元大台灣50反1,158,41,117,大昌-新店,2023-03-03,6464
4164,承業醫,119,28,91,大昌-新店,2023-03-03,6464
2845,遠東銀,90,0,90,大昌-新店,2023-03-03,6464
6182,合晶,83,2,81,大昌-新店,2023-03-03,6464
6116,彩晶,210,134,76,大昌-新店,2023-03-03,6464
4157,太景*-KY,52,0,52,大昌-新店,2023-03-03,6464
2482,連宇,64,13,51,大昌-新店,2023-03-03,6464
6005,群益證,47,0,47,大昌-新店,2023-03-03,6464
3707,漢磊,64,23,41,大昌-新店,2023-03-03,6464
00727B,國泰優選非投等債,36,0,36,大昌-新店,2023-03-03,6464
2609,陽明,97,62,35,大昌-新店,2023-03-03,6464
1101,台泥,38,4,34,大昌-新店,2023-03-03,6464
00773B,中信優先金融債,33,0,33,大昌-新店,2023-03-03,6464
2324,仁寶,35,4,31,大昌-新店,2023-03-03,6464
2471,資通,52,21,31,大昌-新店,2023-03-03,6464
00859B,群益0-1年美債,30,0,30,大昌-新店,2023-03-03,6464
00648R,元大S＆P500反1,30,4,26,大昌-新店,2023-03-03,6464
2886,兆豐金,26,1,25,大昌-新店,2023-03-03,6464
2498,宏達電,38,13,25,大昌-新店,2023-03-03,6464
2890,永豐金,25,1,24,大昌-新店,2023-03-03,6464
2312,金寶,25,1,24,大昌-新店,2023-03-03,6464
8222,寶一,27,5,22,大昌-新店,2023-03-03,6464
00900,富邦特選高股息30,32,10,22,大昌-新店,2023-03-03,6464
2228,劍麟,21,0,21,大昌-新店,2023-03-03,6464
1314,中石化,23,3,20,大昌-新店,2023-03-03,6464
2206,三陽工業,20,0,20,大昌-新店,2023-03-03,6464
2388,威盛,78,58,20,大昌-新店,2023-03-03,6464
5009,榮剛,19,0,19,大昌-新店,2023-03-03,6464
8112,至上,41,22,19,大昌-新店,2023-03-03,6464
8249,菱光,18,1,17,大昌-新店,2023-03-03,6464
1514,亞力,25,8,17,大昌-新店,2023-03-03,6464
6266,泰詠,17,0,17,大昌-新店,2023-03-03,6464
2618,長榮航,17,1,16,大昌-新店,2023-03-03,6464
2610,華航,57,41,16,大昌-新店,2023-03-03,6464
5011,久陽,16,0,16,大昌-新店,2023-03-03,6464
2607,榮運,19,3,16,大昌-新店,2023-03-03,6464
3162,精確,22,7,15,大昌-新店,2023-03-03,6464
6277,宏正,14,0,14,大昌-新店,2023-03-03,6464
5706,鳳凰,14,1,13,大昌-新店,2023-03-03,6464
1784,訊聯,17,4,13,大昌-新店,2023-03-03,6464
2495,普安,21,8,13,大昌-新店,2023-03-03,6464
3232,昱捷,13,0,13,大昌-新店,2023-03-03,6464
2201,裕隆,27,14,13,大昌-新店,2023-03-03,6464
8016,矽創,14,1,13,大昌-新店,2023-03-03,6464
1605,華新,57,44,13,大昌-新店,2023-03-03,6464
2882,國泰金,13,1,12,大昌-新店,2023-03-03,6464
2801,彰銀,12,0,12,大昌-新店,2023-03-03,6464
5608,四維航,30,19,11,大昌-新店,2023-03-03,6464
3682,亞太電,100,0,100,大昌-新店,2023-03-06,6464
2344,華邦電,137,37,100,大昌-新店,2023-03-06,6464
00715L,期街口布蘭特正2,67,1,66,大昌-新店,2023-03-06,6464
1513,中興電,78,12,66,大昌-新店,2023-03-06,6464
2353,宏��,64,3,61,大昌-新店,2023-03-06,6464
2303,聯電,108,50,58,大昌-新店,2023-03-06,6464
00676R,富邦臺灣加權反1,55,0,55,大昌-新店,2023-03-06,6464
00665L,富邦�琤肭磪囓�2,73,23,50,大昌-新店,2023-03-06,6464
00859B,群益0-1年美債,48,0,48,大昌-新店,2023-03-06,6464
2609,陽明,103,65,38,大昌-新店,2023-03-06,6464
2887,台新金,37,1,36,大昌-新店,2023-03-06,6464
2409,友達,117,84,33,大昌-新店,2023-03-06,6464
1409,新纖,32,0,32,大昌-新店,2023-03-06,6464
2618,長榮航,45,15,30,大昌-新店,2023-03-06,6464
1560,中砂,41,11,30,大昌-新店,2023-03-06,6464
2007,燁興,31,1,30,大昌-新店,2023-03-06,6464
1711,永光,30,0,30,大昌-新店,2023-03-06,6464
2605,新興,37,8,29,大昌-新店,2023-03-06,6464
2352,佳世達,29,7,22,大昌-新店,2023-03-06,6464
00637L,元大滬深300正2,54,33,21,大昌-新店,2023-03-06,6464
1708,東鹼,33,12,21,大昌-新店,2023-03-06,6464
2610,華航,37,16,21,大昌-新店,2023-03-06,6464
00648R,元大S＆P500反1,20,0,20,大昌-新店,2023-03-06,6464
2323,中環,20,0,20,大昌-新店,2023-03-06,6464
1506,正道,20,0,20,大昌-新店,2023-03-06,6464
8039,台虹,20,0,20,大昌-新店,2023-03-06,6464
6770,力積電,151,132,19,大昌-新店,2023-03-06,6464
4163,鐿鈦,20,1,19,大昌-新店,2023-03-06,6464
4958,臻鼎-KY,18,0,18,大昌-新店,2023-03-06,6464
2812,台中銀,17,0,17,大昌-新店,2023-03-06,6464
3006,晶豪科,20,3,17,大昌-新店,2023-03-06,6464
3141,晶宏,29,13,16,大昌-新店,2023-03-06,6464
6173,信昌電,20,5,15,大昌-新店,2023-03-06,6464
2314,台揚,25,10,15,大昌-新店,2023-03-06,6464
00885,富邦越南,17,2,15,大昌-新店,2023-03-06,6464
8436,大江,19,5,14,大昌-新店,2023-03-06,6464
5347,世界,20,6,14,大昌-新店,2023-03-06,6464
00712,復華富時不動產,14,0,14,大昌-新店,2023-03-06,6464
00727B,國泰優選非投等債,14,0,14,大昌-新店,2023-03-06,6464
00877,復華中國5G,14,0,14,大昌-新店,2023-03-06,6464
3289,宜特,15,2,13,大昌-新店,2023-03-06,6464
2002,中鋼,36,24,12,大昌-新店,2023-03-06,6464
3147,大綜,13,1,12,大昌-新店,2023-03-06,6464
2423,固緯,12,0,12,大昌-新店,2023-03-06,6464
00679B,元大美債20年,22,10,12,大昌-新店,2023-03-06,6464
00905,FT臺灣Smart,21,9,12,大昌-新店,2023-03-06,6464
1541,錩泰,12,0,12,大昌-新店,2023-03-06,6464
1569,濱川,12,0,12,大昌-新店,2023-03-06,6464
2886,兆豐金,16,5,11,大昌-新店,2023-03-06,6464
1440,南紡,16,5,11,大昌-新店,2023-03-06,6464
00637L,元大滬深300正2,628,22,606,大昌-新店,2023-03-07,6464
00669R,國泰美國道瓊反1,170,0,170,大昌-新店,2023-03-07,6464
8105,凌巨,108,6,102,大昌-新店,2023-03-07,6464
3625,西勝,100,0,100,大昌-新店,2023-03-07,6464
00727B,國泰優選非投等債,100,0,100,大昌-新店,2023-03-07,6464
3481,群創,392,308,84,大昌-新店,2023-03-07,6464
2601,益航,74,4,70,大昌-新店,2023-03-07,6464
1584,精剛,80,18,62,大昌-新店,2023-03-07,6464
00673R,期元大S＆P原油反1,61,0,61,大昌-新店,2023-03-07,6464
2344,華邦電,93,36,57,大昌-新店,2023-03-07,6464
2812,台中銀,54,3,51,大昌-新店,2023-03-07,6464
1513,中興電,73,25,48,大昌-新店,2023-03-07,6464
2328,廣宇,55,11,44,大昌-新店,2023-03-07,6464
8112,至上,49,6,43,大昌-新店,2023-03-07,6464
2891,中信金,45,5,40,大昌-新店,2023-03-07,6464
2337,旺宏,38,0,38,大昌-新店,2023-03-07,6464
2609,陽明,58,26,32,大昌-新店,2023-03-07,6464
1597,直得,30,0,30,大昌-新店,2023-03-07,6464
6153,嘉聯益,30,1,29,大昌-新店,2023-03-07,6464
1710,東聯,50,21,29,大昌-新店,2023-03-07,6464
3710,連展投控,28,0,28,大昌-新店,2023-03-07,6464
00715L,期街口布蘭特正2,30,6,24,大昌-新店,2023-03-07,6464
1760,寶齡富錦,26,2,24,大昌-新店,2023-03-07,6464
2887,台新金,22,0,22,大昌-新店,2023-03-07,6464
2641,正德,30,9,21,大昌-新店,2023-03-07,6464
8039,台虹,20,0,20,大昌-新店,2023-03-07,6464
6235,華孚,49,29,20,大昌-新店,2023-03-07,6464
2449,京元電子,28,8,20,大昌-新店,2023-03-07,6464
2388,威盛,50,31,19,大昌-新店,2023-03-07,6464
3037,欣興,31,12,19,大昌-新店,2023-03-07,6464
1539,巨庭,23,5,18,大昌-新店,2023-03-07,6464
6573,虹揚-KY,18,0,18,大昌-新店,2023-03-07,6464
3484,崧騰,18,0,18,大昌-新店,2023-03-07,6464
8046,南電,20,3,17,大昌-新店,2023-03-07,6464
8383,千附,17,0,17,大昌-新店,2023-03-07,6464
2610,華航,32,16,16,大昌-新店,2023-03-07,6464
00900,富邦特選高股息30,17,1,16,大昌-新店,2023-03-07,6464
1440,南紡,15,0,15,大昌-新店,2023-03-07,6464
6523,達爾膚,15,0,15,大昌-新店,2023-03-07,6464
1795,美時,24,9,15,大昌-新店,2023-03-07,6464
6282,康舒,56,42,14,大昌-新店,2023-03-07,6464
00679B,元大美債20年,15,1,14,大昌-新店,2023-03-07,6464
2495,普安,14,1,13,大昌-新店,2023-03-07,6464
4114,健喬,19,6,13,大昌-新店,2023-03-07,6464
1784,訊聯,13,0,13,大昌-新店,2023-03-07,6464
2375,凱美,19,6,13,大昌-新店,2023-03-07,6464
2420,新巨,13,0,13,大昌-新店,2023-03-07,6464
4961,天鈺,17,5,12,大昌-新店,2023-03-07,6464
3591,艾笛森,12,0,12,大昌-新店,2023-03-07,6464
2331,精英,15,3,12,大昌-新店,2023-03-07,6464
5701,劍湖山,200,0,200,大昌-新店,2023-03-08,6464
00665L,富邦�琤肭磪囓�2,138,22,116,大昌-新店,2023-03-08,6464
2890,永豐金,106,1,105,大昌-新店,2023-03-08,6464
8110,華東,101,1,100,大昌-新店,2023-03-08,6464
3265,台星科,89,3,86,大昌-新店,2023-03-08,6464
2201,裕隆,92,10,82,大昌-新店,2023-03-08,6464
2314,台揚,76,1,75,大昌-新店,2023-03-08,6464
00738U,期元大道瓊白銀,55,0,55,大昌-新店,2023-03-08,6464
00923,群益台ESG低碳50,52,0,52,大昌-新店,2023-03-08,6464
4113,聯上,53,1,52,大昌-新店,2023-03-08,6464
2515,中工,50,0,50,大昌-新店,2023-03-08,6464
00753L,中信中國50正2,73,24,49,大昌-新店,2023-03-08,6464
0056,元大高股息,50,2,48,大昌-新店,2023-03-08,6464
1701,中化,70,24,46,大昌-新店,2023-03-08,6464
1513,中興電,96,50,46,大昌-新店,2023-03-08,6464
3704,合勤控,46,1,45,大昌-新店,2023-03-08,6464
1504,東元,50,5,45,大昌-新店,2023-03-08,6464
6217,中探針,50,8,42,大昌-新店,2023-03-08,6464
4114,健喬,56,16,40,大昌-新店,2023-03-08,6464
00669R,國泰美國道瓊反1,50,10,40,大昌-新店,2023-03-08,6464
1101,台泥,44,7,37,大昌-新店,2023-03-08,6464
2634,漢翔,58,22,36,大昌-新店,2023-03-08,6464
2886,兆豐金,40,4,36,大昌-新店,2023-03-08,6464
1519,華城,49,14,35,大昌-新店,2023-03-08,6464
1709,和益,34,0,34,大昌-新店,2023-03-08,6464
00715L,期街口布蘭特正2,34,0,34,大昌-新店,2023-03-08,6464
2609,陽明,65,33,32,大昌-新店,2023-03-08,6464
2606,裕民,43,12,31,大昌-新店,2023-03-08,6464
2399,映泰,30,2,28,大昌-新店,2023-03-08,6464
00885,富邦越南,30,2,28,大昌-新店,2023-03-08,6464
2603,長榮,32,5,27,大昌-新店,2023-03-08,6464
00882,中信中國高股息,29,3,26,大昌-新店,2023-03-08,6464
00680L,元大美債20正2,27,1,26,大昌-新店,2023-03-08,6464
2882,國泰金,25,0,25,大昌-新店,2023-03-08,6464
00900,富邦特選高股息30,43,19,24,大昌-新店,2023-03-08,6464
00650L,復華香港正2,23,0,23,大昌-新店,2023-03-08,6464
2206,三陽工業,23,0,23,大昌-新店,2023-03-08,6464
2637,慧洋-KY,28,5,23,大昌-新店,2023-03-08,6464
1907,永豐餘,24,2,22,大昌-新店,2023-03-08,6464
1783,和康生,21,0,21,大昌-新店,2023-03-08,6464
2891,中信金,28,7,21,大昌-新店,2023-03-08,6464
6120,達運,20,0,20,大昌-新店,2023-03-08,6464
9907,統一實,59,39,20,大昌-新店,2023-03-08,6464
2607,榮運,22,2,20,大昌-新店,2023-03-08,6464
3706,神達,20,1,19,大昌-新店,2023-03-08,6464
00713,元大台灣高息低波,20,2,18,大昌-新店,2023-03-08,6464
2014,中鴻,18,0,18,大昌-新店,2023-03-08,6464
1529,樂事綠能,17,0,17,大昌-新店,2023-03-08,6464
3162,精確,16,0,16,大昌-新店,2023-03-08,6464
3580,友威科,16,0,16,大昌-新店,2023-03-08,6464
3481,群創,446,63,383,大昌-新店,2023-03-09,6464
00632R,元大台灣50反1,302,110,192,大昌-新店,2023-03-09,6464
00882,中信中國高股息,174,0,174,大昌-新店,2023-03-09,6464
00878,國泰永續高股息,158,7,151,大昌-新店,2023-03-09,6464
2867,三商壽,142,0,142,大昌-新店,2023-03-09,6464
2834,臺企銀,86,8,78,大昌-新店,2023-03-09,6464
1101,台泥,86,10,76,大昌-新店,2023-03-09,6464
2890,永豐金,75,6,69,大昌-新店,2023-03-09,6464
2409,友達,94,25,69,大昌-新店,2023-03-09,6464
1609,大亞,72,5,67,大昌-新店,2023-03-09,6464
1718,中纖,76,10,66,大昌-新店,2023-03-09,6464
2317,鴻海,67,6,61,大昌-新店,2023-03-09,6464
1316,上曜,56,6,50,大昌-新店,2023-03-09,6464
2102,泰豐,70,20,50,大昌-新店,2023-03-09,6464
1584,精剛,47,7,40,大昌-新店,2023-03-09,6464
6443,元晶,80,41,39,大昌-新店,2023-03-09,6464
2399,映泰,42,3,39,大昌-新店,2023-03-09,6464
4113,聯上,37,0,37,大昌-新店,2023-03-09,6464
8222,寶一,79,43,36,大昌-新店,2023-03-09,6464
2371,大同,35,0,35,大昌-新店,2023-03-09,6464
6153,嘉聯益,31,0,31,大昌-新店,2023-03-09,6464
00715L,期街口布蘭特正2,31,0,31,大昌-新店,2023-03-09,6464
6191,精成科,31,0,31,大昌-新店,2023-03-09,6464
1802,台玻,30,0,30,大昌-新店,2023-03-09,6464
00885,富邦越南,30,0,30,大昌-新店,2023-03-09,6464
3059,華晶科,44,14,30,大昌-新店,2023-03-09,6464
3707,漢磊,32,4,28,大昌-新店,2023-03-09,6464
5309,系統電,35,8,27,大昌-新店,2023-03-09,6464
4306,炎洲,27,0,27,大昌-新店,2023-03-09,6464
6535,順藥,28,2,26,大昌-新店,2023-03-09,6464
8926,台汽電,25,0,25,大昌-新店,2023-03-09,6464
2201,裕隆,39,14,25,大昌-新店,2023-03-09,6464
3013,晟銘電,25,1,24,大昌-新店,2023-03-09,6464
2368,金像電,27,4,23,大昌-新店,2023-03-09,6464
6266,泰詠,32,10,22,大昌-新店,2023-03-09,6464
00679B,元大美債20年,21,0,21,大昌-新店,2023-03-09,6464
1402,遠東新,20,0,20,大昌-新店,2023-03-09,6464
6190,萬泰科,20,0,20,大昌-新店,2023-03-09,6464
3540,曜越,20,0,20,大昌-新店,2023-03-09,6464
00655L,國泰中國A50正2,20,0,20,大昌-新店,2023-03-09,6464
4961,天鈺,34,15,19,大昌-新店,2023-03-09,6464
6248,沛波,20,1,19,大昌-新店,2023-03-09,6464
2408,南亞科,22,4,18,大昌-新店,2023-03-09,6464
2347,聯強,21,3,18,大昌-新店,2023-03-09,6464
00923,群益台ESG低碳50,18,0,18,大昌-新店,2023-03-09,6464
00713,元大台灣高息低波,18,1,17,大昌-新店,2023-03-09,6464
6509,聚和,21,4,17,大昌-新店,2023-03-09,6464
3576,聯合再生,25,8,17,大昌-新店,2023-03-09,6464
00902,中信電池及儲能,17,2,15,大昌-新店,2023-03-09,6464
2883,凱基金,19,4,15,大昌-新店,2023-03-09,6464
2610,華航,373,76,297,大昌-新店,2023-03-10,6464
00878,國泰永續高股息,322,51,271,大昌-新店,2023-03-10,6464
2609,陽明,484,300,184,大昌-新店,2023-03-10,6464
3481,群創,155,21,134,大昌-新店,2023-03-10,6464
9941,裕融,121,4,117,大昌-新店,2023-03-10,6464
2888,新光金,114,4,110,大昌-新店,2023-03-10,6464
2344,華邦電,139,33,106,大昌-新店,2023-03-10,6464
00669R,國泰美國道瓊反1,100,0,100,大昌-新店,2023-03-10,6464
2618,長榮航,98,8,90,大昌-新店,2023-03-10,6464
2409,友達,121,46,75,大昌-新店,2023-03-10,6464
1201,味全,70,0,70,大昌-新店,2023-03-10,6464
2883,凱基金,73,8,65,大昌-新店,2023-03-10,6464
8171,天宇,66,1,65,大昌-新店,2023-03-10,6464
8926,台汽電,64,0,64,大昌-新店,2023-03-10,6464
2884,玉山金,57,3,54,大昌-新店,2023-03-10,6464
6770,力積電,60,8,52,大昌-新店,2023-03-10,6464
2201,裕隆,72,22,50,大昌-新店,2023-03-10,6464
00665L,富邦�琤肭磪囓�2,73,24,49,大昌-新店,2023-03-10,6464
00713,元大台灣高息低波,47,0,47,大昌-新店,2023-03-10,6464
00882,中信中國高股息,44,0,44,大昌-新店,2023-03-10,6464
00923,群益台ESG低碳50,47,5,42,大昌-新店,2023-03-10,6464
2891,中信金,43,3,40,大昌-新店,2023-03-10,6464
2313,華通,43,3,40,大昌-新店,2023-03-10,6464
00637L,元大滬深300正2,188,149,39,大昌-新店,2023-03-10,6464
2303,聯電,68,30,38,大昌-新店,2023-03-10,6464
3265,台星科,60,22,38,大昌-新店,2023-03-10,6464
4930,燦星網,37,0,37,大昌-新店,2023-03-10,6464
2885,元大金,37,0,37,大昌-新店,2023-03-10,6464
2331,精英,69,33,36,大昌-新店,2023-03-10,6464
5608,四維航,47,11,36,大昌-新店,2023-03-10,6464
3710,連展投控,36,0,36,大昌-新店,2023-03-10,6464
1519,華城,63,30,33,大昌-新店,2023-03-10,6464
3059,華晶科,33,0,33,大昌-新店,2023-03-10,6464
0050,元大台灣50,33,0,33,大昌-新店,2023-03-10,6464
00752,中信中國50,32,0,32,大昌-新店,2023-03-10,6464
2371,大同,34,3,31,大昌-新店,2023-03-10,6464
4306,炎洲,31,0,31,大昌-新店,2023-03-10,6464
2929,淘帝-KY,31,0,31,大昌-新店,2023-03-10,6464
00715L,期街口布蘭特正2,130,100,30,大昌-新店,2023-03-10,6464
8936,國統,48,19,29,大昌-新店,2023-03-10,6464
1460,宏遠,29,0,29,大昌-新店,2023-03-10,6464
6753,龍德造船,34,6,28,大昌-新店,2023-03-10,6464
3264,欣銓,36,9,27,大昌-新店,2023-03-10,6464
00900,富邦特選高股息30,46,20,26,大昌-新店,2023-03-10,6464
00753L,中信中國50正2,33,7,26,大昌-新店,2023-03-10,6464
2330,台積電,27,2,25,大昌-新店,2023-03-10,6464
8069,元太,37,12,25,大昌-新店,2023-03-10,6464
2486,一詮,50,25,25,大昌-新店,2023-03-10,6464
1504,東元,50,25,25,大昌-新店,2023-03-10,6464
1513,中興電,62,37,25,大昌-新店,2023-03-10,6464
00878,國泰永續高股息,363,75,288,大昌-新店,2023-03-13,6464
2449,京元電子,145,2,143,大昌-新店,2023-03-13,6464
2609,陽明,245,125,120,大昌-新店,2023-03-13,6464
00713,元大台灣高息低波,103,4,99,大昌-新店,2023-03-13,6464
2888,新光金,85,4,81,大昌-新店,2023-03-13,6464
00683L,期元大美元指正2,71,0,71,大昌-新店,2023-03-13,6464
2103,台橡,67,0,67,大昌-新店,2023-03-13,6464
2486,一詮,65,20,45,大昌-新店,2023-03-13,6464
2208,台船,45,2,43,大昌-新店,2023-03-13,6464
6535,順藥,35,0,35,大昌-新店,2023-03-13,6464
2102,泰豐,35,0,35,大昌-新店,2023-03-13,6464
2884,玉山金,36,3,33,大昌-新店,2023-03-13,6464
2399,映泰,60,30,30,大昌-新店,2023-03-13,6464
1301,台塑,35,6,29,大昌-新店,2023-03-13,6464
2312,金寶,37,10,27,大昌-新店,2023-03-13,6464
2634,漢翔,35,9,26,大昌-新店,2023-03-13,6464
2606,裕民,26,3,23,大昌-新店,2023-03-13,6464
3234,光環,29,6,23,大昌-新店,2023-03-13,6464
00665L,富邦�琤肭磪囓�2,32,9,23,大昌-新店,2023-03-13,6464
2881,富邦金,27,5,22,大昌-新店,2023-03-13,6464
2349,錸德,20,0,20,大昌-新店,2023-03-13,6464
3715,定穎投控,20,0,20,大昌-新店,2023-03-13,6464
6140,訊達,20,0,20,大昌-新店,2023-03-13,6464
00772B,中信高評級公司債,33,14,19,大昌-新店,2023-03-13,6464
1463,強盛新,19,0,19,大昌-新店,2023-03-13,6464
00653L,富邦印度正2,19,0,19,大昌-新店,2023-03-13,6464
2882,國泰金,34,16,18,大昌-新店,2023-03-13,6464
00664R,國泰臺灣加權反1,17,0,17,大昌-新店,2023-03-13,6464
5009,榮剛,37,21,16,大昌-新店,2023-03-13,6464
3062,建漢,16,0,16,大昌-新店,2023-03-13,6464
4128,中天,16,0,16,大昌-新店,2023-03-13,6464
8096,擎亞,16,0,16,大昌-新店,2023-03-13,6464
00670L,富邦NASDAQ正2,15,0,15,大昌-新店,2023-03-13,6464
00687B,國泰20年美債,15,0,15,大昌-新店,2023-03-13,6464
3265,台星科,17,2,15,大昌-新店,2023-03-13,6464
3706,神達,14,0,14,大昌-新店,2023-03-13,6464
3703,欣陸,14,0,14,大昌-新店,2023-03-13,6464
6188,廣明,19,5,14,大昌-新店,2023-03-13,6464
4130,健亞,15,2,13,大昌-新店,2023-03-13,6464
2457,飛宏,42,30,12,大昌-新店,2023-03-13,6464
1314,中石化,15,3,12,大昌-新店,2023-03-13,6464
5425,台半,25,13,12,大昌-新店,2023-03-13,6464
3059,華晶科,12,0,12,大昌-新店,2023-03-13,6464
3710,連展投控,12,0,12,大昌-新店,2023-03-13,6464
4162,智擎,13,1,12,大昌-新店,2023-03-13,6464
3289,宜特,23,11,12,大昌-新店,2023-03-13,6464
1101,台泥,13,1,12,大昌-新店,2023-03-13,6464
4306,炎洲,12,0,12,大昌-新店,2023-03-13,6464
6205,詮欣,12,0,12,大昌-新店,2023-03-13,6464
3576,聯合再生,13,1,12,大昌-新店,2023-03-13,6464
2888,新光金,476,11,465,大昌-新店,2023-03-14,6464
00878,國泰永續高股息,287,1,286,大昌-新店,2023-03-14,6464
00917,中信特選金融,193,1,192,大昌-新店,2023-03-14,6464
00632R,元大台灣50反1,300,110,190,大昌-新店,2023-03-14,6464
2618,長榮航,160,19,141,大昌-新店,2023-03-14,6464
2834,臺企銀,159,20,139,大昌-新店,2023-03-14,6464
2303,聯電,126,18,108,大昌-新店,2023-03-14,6464
2891,中信金,106,8,98,大昌-新店,2023-03-14,6464
00882,中信中國高股息,94,0,94,大昌-新店,2023-03-14,6464
2610,華航,101,20,81,大昌-新店,2023-03-14,6464
00900,富邦特選高股息30,76,0,76,大昌-新店,2023-03-14,6464
00715L,期街口布蘭特正2,76,0,76,大昌-新店,2023-03-14,6464
8069,元太,70,17,53,大昌-新店,2023-03-14,6464
2884,玉山金,53,0,53,大昌-新店,2023-03-14,6464
00679B,元大美債20年,65,12,53,大昌-新店,2023-03-14,6464
2892,第一金,49,0,49,大昌-新店,2023-03-14,6464
2409,友達,85,36,49,大昌-新店,2023-03-14,6464
2027,大成鋼,103,56,47,大昌-新店,2023-03-14,6464
1709,和益,43,0,43,大昌-新店,2023-03-14,6464
2615,萬海,70,31,39,大昌-新店,2023-03-14,6464
00713,元大台灣高息低波,39,0,39,大昌-新店,2023-03-14,6464
00642U,期元大S＆P石油,35,0,35,大昌-新店,2023-03-14,6464
2883,凱基金,40,7,33,大昌-新店,2023-03-14,6464
1314,中石化,40,9,31,大昌-新店,2023-03-14,6464
1712,興農,32,1,31,大昌-新店,2023-03-14,6464
2882,國泰金,37,7,30,大昌-新店,2023-03-14,6464
2103,台橡,30,0,30,大昌-新店,2023-03-14,6464
00650L,復華香港正2,29,0,29,大昌-新店,2023-03-14,6464
2344,華邦電,36,8,28,大昌-新店,2023-03-14,6464
2399,映泰,86,61,25,大昌-新店,2023-03-14,6464
1605,華新,38,13,25,大昌-新店,2023-03-14,6464
1316,上曜,31,6,25,大昌-新店,2023-03-14,6464
00902,中信電池及儲能,24,0,24,大昌-新店,2023-03-14,6464
6509,聚和,25,1,24,大昌-新店,2023-03-14,6464
1762,中化生,42,19,23,大昌-新店,2023-03-14,6464
6244,茂迪,59,36,23,大昌-新店,2023-03-14,6464
00665L,富邦�琤肭磪囓�2,25,3,22,大昌-新店,2023-03-14,6464
2885,元大金,23,1,22,大昌-新店,2023-03-14,6464
6770,力積電,29,7,22,大昌-新店,2023-03-14,6464
6239,力成,21,0,21,大昌-新店,2023-03-14,6464
8933,愛地雅,21,0,21,大昌-新店,2023-03-14,6464
00915,凱基優選高股息30,21,0,21,大昌-新店,2023-03-14,6464
2486,一詮,35,15,20,大昌-新店,2023-03-14,6464
2413,環科,36,17,19,大昌-新店,2023-03-14,6464
00712,復華富時不動產,24,5,19,大昌-新店,2023-03-14,6464
2367,燿華,18,0,18,大昌-新店,2023-03-14,6464
00893,國泰智能電動車,20,3,17,大昌-新店,2023-03-14,6464
1513,中興電,81,64,17,大昌-新店,2023-03-14,6464
8261,富鼎,24,8,16,大昌-新店,2023-03-14,6464
4958,臻鼎-KY,18,2,16,大昌-新店,2023-03-14,6464
2891,中信金,214,0,214,大昌-新店,2023-03-15,6464
2603,長榮,245,77,168,大昌-新店,2023-03-15,6464
00878,國泰永續高股息,193,60,133,大昌-新店,2023-03-15,6464
00632R,元大台灣50反1,413,302,111,大昌-新店,2023-03-15,6464
5880,合庫金,58,2,56,大昌-新店,2023-03-15,6464
00715L,期街口布蘭特正2,57,4,53,大昌-新店,2023-03-15,6464
3481,群創,76,29,47,大昌-新店,2023-03-15,6464
1316,上曜,57,13,44,大昌-新店,2023-03-15,6464
2889,國票金,54,10,44,大昌-新店,2023-03-15,6464
00648R,元大S＆P500反1,41,0,41,大昌-新店,2023-03-15,6464
00713,元大台灣高息低波,49,13,36,大昌-新店,2023-03-15,6464
2880,華南金,36,0,36,大昌-新店,2023-03-15,6464
4306,炎洲,35,0,35,大昌-新店,2023-03-15,6464
8926,台汽電,37,3,34,大昌-新店,2023-03-15,6464
2313,華通,49,16,33,大昌-新店,2023-03-15,6464
4113,聯上,33,0,33,大昌-新店,2023-03-15,6464
2615,萬海,45,12,33,大昌-新店,2023-03-15,6464
1314,中石化,47,14,33,大昌-新店,2023-03-15,6464
3207,耀勝,34,2,32,大昌-新店,2023-03-15,6464
1569,濱川,31,0,31,大昌-新店,2023-03-15,6464
3006,晶豪科,34,4,30,大昌-新店,2023-03-15,6464
00669R,國泰美國道瓊反1,30,0,30,大昌-新店,2023-03-15,6464
2609,陽明,115,85,30,大昌-新店,2023-03-15,6464
8046,南電,63,34,29,大昌-新店,2023-03-15,6464
5483,中美晶,30,2,28,大昌-新店,2023-03-15,6464
00642U,期元大S＆P石油,26,0,26,大昌-新店,2023-03-15,6464
2892,第一金,25,1,24,大昌-新店,2023-03-15,6464
2883,凱基金,27,3,24,大昌-新店,2023-03-15,6464
2409,友達,41,21,20,大昌-新店,2023-03-15,6464
1570,力肯,20,0,20,大昌-新店,2023-03-15,6464
2887,台新金,20,0,20,大昌-新店,2023-03-15,6464
2607,榮運,21,2,19,大昌-新店,2023-03-15,6464
2375,凱美,22,4,18,大昌-新店,2023-03-15,6464
4938,和碩,27,10,17,大昌-新店,2023-03-15,6464
2881,富邦金,18,1,17,大昌-新店,2023-03-15,6464
2027,大成鋼,27,10,17,大昌-新店,2023-03-15,6464
3078,僑威,27,10,17,大昌-新店,2023-03-15,6464
2890,永豐金,19,2,17,大昌-新店,2023-03-15,6464
8933,愛地雅,17,1,16,大昌-新店,2023-03-15,6464
2433,互盛電,16,0,16,大昌-新店,2023-03-15,6464
1584,精剛,19,4,15,大昌-新店,2023-03-15,6464
3712,永崴投控,16,1,15,大昌-新店,2023-03-15,6464
9945,潤泰新,13,0,13,大昌-新店,2023-03-15,6464
3209,全科,19,6,13,大昌-新店,2023-03-15,6464
6719,力智,21,8,13,大昌-新店,2023-03-15,6464
3675,德微,13,0,13,大昌-新店,2023-03-15,6464
5512,力麒,16,4,12,大昌-新店,2023-03-15,6464
4979,華星光,14,2,12,大昌-新店,2023-03-15,6464
3594,磐儀,21,10,11,大昌-新店,2023-03-15,6464
2520,冠德,11,0,11,大昌-新店,2023-03-15,6464
00632R,元大台灣50反1,723,89,634,大昌-新店,2023-03-16,6464
2888,新光金,440,2,438,大昌-新店,2023-03-16,6464
00878,國泰永續高股息,236,22,214,大昌-新店,2023-03-16,6464
2812,台中銀,149,13,136,大昌-新店,2023-03-16,6464
2891,中信金,160,62,98,大昌-新店,2023-03-16,6464
3058,立德,103,5,98,大昌-新店,2023-03-16,6464
8926,台汽電,97,0,97,大昌-新店,2023-03-16,6464
00715L,期街口布蘭特正2,96,30,66,大昌-新店,2023-03-16,6464
2882,國泰金,65,8,57,大昌-新店,2023-03-16,6464
1718,中纖,60,5,55,大昌-新店,2023-03-16,6464
4113,聯上,53,0,53,大昌-新店,2023-03-16,6464
00713,元大台灣高息低波,49,0,49,大昌-新店,2023-03-16,6464
6274,台燿,49,1,48,大昌-新店,2023-03-16,6464
9907,統一實,104,59,45,大昌-新店,2023-03-16,6464
1605,華新,51,7,44,大昌-新店,2023-03-16,6464
2388,威盛,68,30,38,大昌-新店,2023-03-16,6464
0050,元大台灣50,38,1,37,大昌-新店,2023-03-16,6464
2881,富邦金,43,7,36,大昌-新店,2023-03-16,6464
2313,華通,72,36,36,大昌-新店,2023-03-16,6464
4906,正文,35,0,35,大昌-新店,2023-03-16,6464
6770,力積電,37,3,34,大昌-新店,2023-03-16,6464
2615,萬海,53,21,32,大昌-新店,2023-03-16,6464
1321,大洋,31,0,31,大昌-新店,2023-03-16,6464
2103,台橡,30,0,30,大昌-新店,2023-03-16,6464
5608,四維航,45,15,30,大昌-新店,2023-03-16,6464
8171,天宇,40,10,30,大昌-新店,2023-03-16,6464
2486,一詮,52,23,29,大昌-新店,2023-03-16,6464
2885,元大金,33,6,27,大昌-新店,2023-03-16,6464
2887,台新金,27,0,27,大昌-新店,2023-03-16,6464
6189,豐藝,33,7,26,大昌-新店,2023-03-16,6464
3029,零壹,27,1,26,大昌-新店,2023-03-16,6464
4306,炎洲,30,6,24,大昌-新店,2023-03-16,6464
2023,燁輝,23,0,23,大昌-新店,2023-03-16,6464
00642U,期元大S＆P石油,23,0,23,大昌-新店,2023-03-16,6464
1611,中電,34,11,23,大昌-新店,2023-03-16,6464
00671R,富邦NASDAQ反1,23,0,23,大昌-新店,2023-03-16,6464
2399,映泰,52,30,22,大昌-新店,2023-03-16,6464
2845,遠東銀,27,6,21,大昌-新店,2023-03-16,6464
3707,漢磊,23,2,21,大昌-新店,2023-03-16,6464
2401,凌陽,21,0,21,大昌-新店,2023-03-16,6464
1539,巨庭,31,10,21,大昌-新店,2023-03-16,6464
2433,互盛電,20,0,20,大昌-新店,2023-03-16,6464
2801,彰銀,20,1,19,大昌-新店,2023-03-16,6464
3062,建漢,23,4,19,大昌-新店,2023-03-16,6464
4931,新盛力,21,3,18,大昌-新店,2023-03-16,6464
6116,彩晶,23,5,18,大昌-新店,2023-03-16,6464
2201,裕隆,50,32,18,大昌-新店,2023-03-16,6464
4102,永日,17,0,17,大昌-新店,2023-03-16,6464
3264,欣銓,30,13,17,大昌-新店,2023-03-16,6464
4915,致伸,20,3,17,大昌-新店,2023-03-16,6464
00712,復華富時不動產,236,0,236,大昌-新店,2023-03-17,6464
3518,柏騰,102,2,100,大昌-新店,2023-03-17,6464
00664R,國泰臺灣加權反1,99,0,99,大昌-新店,2023-03-17,6464
3576,聯合再生,117,40,77,大昌-新店,2023-03-17,6464
3693,營邦,70,1,69,大昌-新店,2023-03-17,6464
6770,力積電,133,67,66,大昌-新店,2023-03-17,6464
00632R,元大台灣50反1,75,23,52,大昌-新店,2023-03-17,6464
00648R,元大S＆P500反1,50,0,50,大昌-新店,2023-03-17,6464
8046,南電,53,4,49,大昌-新店,2023-03-17,6464
2891,中信金,48,0,48,大昌-新店,2023-03-17,6464
1524,耿鼎,61,20,41,大昌-新店,2023-03-17,6464
4402,郡都開發,35,0,35,大昌-新店,2023-03-17,6464
00885,富邦越南,35,1,34,大昌-新店,2023-03-17,6464
2906,高林,29,0,29,大昌-新店,2023-03-17,6464
2609,陽明,54,25,29,大昌-新店,2023-03-17,6464
2206,三陽工業,27,0,27,大昌-新店,2023-03-17,6464
00679B,元大美債20年,26,2,24,大昌-新店,2023-03-17,6464
3093,港建*,28,4,24,大昌-新店,2023-03-17,6464
2105,正新,25,1,24,大昌-新店,2023-03-17,6464
8050,廣積,22,0,22,大昌-新店,2023-03-17,6464
2312,金寶,22,0,22,大昌-新店,2023-03-17,6464
3703,欣陸,20,0,20,大昌-新店,2023-03-17,6464
00727B,國泰優選非投等債,20,0,20,大昌-新店,2023-03-17,6464
8070,長華*,20,0,20,大昌-新店,2023-03-17,6464
4162,智擎,20,0,20,大昌-新店,2023-03-17,6464
6531,愛普*,31,11,20,大昌-新店,2023-03-17,6464
2882,國泰金,34,15,19,大昌-新店,2023-03-17,6464
2812,台中銀,18,0,18,大昌-新店,2023-03-17,6464
1609,大亞,32,14,18,大昌-新店,2023-03-17,6464
1802,台玻,18,0,18,大昌-新店,2023-03-17,6464
5880,合庫金,18,0,18,大昌-新店,2023-03-17,6464
00642U,期元大S＆P石油,30,13,17,大昌-新店,2023-03-17,6464
2331,精英,19,2,17,大昌-新店,2023-03-17,6464
3264,欣銓,18,1,17,大昌-新店,2023-03-17,6464
00917,中信特選金融,25,8,17,大昌-新店,2023-03-17,6464
2603,長榮,33,16,17,大昌-新店,2023-03-17,6464
00713,元大台灣高息低波,23,7,16,大昌-新店,2023-03-17,6464
4916,事欣科,16,0,16,大昌-新店,2023-03-17,6464
1321,大洋,16,0,16,大昌-新店,2023-03-17,6464
2605,新興,27,11,16,大昌-新店,2023-03-17,6464
3532,台勝科,21,6,15,大昌-新店,2023-03-17,6464
2539,櫻花建,15,0,15,大昌-新店,2023-03-17,6464
2880,華南金,14,0,14,大昌-新店,2023-03-17,6464
2433,互盛電,13,0,13,大昌-新店,2023-03-17,6464
2801,彰銀,13,0,13,大昌-新店,2023-03-17,6464
4113,聯上,13,0,13,大昌-新店,2023-03-17,6464
1453,大將,14,1,13,大昌-新店,2023-03-17,6464
2883,凱基金,21,8,13,大昌-新店,2023-03-17,6464
00715L,期街口布蘭特正2,17,5,12,大昌-新店,2023-03-17,6464
2313,華通,22,10,12,大昌-新店,2023-03-17,6464
2303,聯電,298,109,189,大昌-新店,2023-03-20,6464
00917,中信特選金融,80,3,77,大昌-新店,2023-03-20,6464
2399,映泰,84,8,76,大昌-新店,2023-03-20,6464
6770,力積電,64,7,57,大昌-新店,2023-03-20,6464
5483,中美晶,59,4,55,大昌-新店,2023-03-20,6464
00650L,復華香港正2,63,10,53,大昌-新店,2023-03-20,6464
3093,港建*,54,3,51,大昌-新店,2023-03-20,6464
1605,華新,67,18,49,大昌-新店,2023-03-20,6464
3481,群創,63,14,49,大昌-新店,2023-03-20,6464
00637L,元大滬深300正2,61,14,47,大昌-新店,2023-03-20,6464
2882,國泰金,57,10,47,大昌-新店,2023-03-20,6464
4306,炎洲,43,4,39,大昌-新店,2023-03-20,6464
00878,國泰永續高股息,88,52,36,大昌-新店,2023-03-20,6464
00715L,期街口布蘭特正2,62,27,35,大昌-新店,2023-03-20,6464
2379,瑞昱,33,0,33,大昌-新店,2023-03-20,6464
2409,友達,34,2,32,大昌-新店,2023-03-20,6464
8046,南電,43,12,31,大昌-新店,2023-03-20,6464
00726B,國泰新興投等債,31,0,31,大昌-新店,2023-03-20,6464
1714,和桐,31,0,31,大昌-新店,2023-03-20,6464
2881,富邦金,32,2,30,大昌-新店,2023-03-20,6464
6244,茂迪,82,52,30,大昌-新店,2023-03-20,6464
2888,新光金,33,4,29,大昌-新店,2023-03-20,6464
2482,連宇,55,27,28,大昌-新店,2023-03-20,6464
2317,鴻海,34,7,27,大昌-新店,2023-03-20,6464
00727B,國泰優選非投等債,27,0,27,大昌-新店,2023-03-20,6464
1303,南亞,24,1,23,大昌-新店,2023-03-20,6464
1709,和益,28,6,22,大昌-新店,2023-03-20,6464
3035,智原,34,13,21,大昌-新店,2023-03-20,6464
2705,六福,22,2,20,大昌-新店,2023-03-20,6464
6005,群益證,37,17,20,大昌-新店,2023-03-20,6464
2812,台中銀,19,0,19,大昌-新店,2023-03-20,6464
2014,中鴻,24,5,19,大昌-新店,2023-03-20,6464
2885,元大金,19,0,19,大昌-新店,2023-03-20,6464
6163,華電網,26,7,19,大昌-新店,2023-03-20,6464
00885,富邦越南,72,53,19,大昌-新店,2023-03-20,6464
3272,東碩,17,0,17,大昌-新店,2023-03-20,6464
6116,彩晶,18,2,16,大昌-新店,2023-03-20,6464
4989,榮科,16,0,16,大昌-新店,2023-03-20,6464
2892,第一金,18,2,16,大昌-新店,2023-03-20,6464
2481,強茂,21,6,15,大昌-新店,2023-03-20,6464
3189,景碩,18,4,14,大昌-新店,2023-03-20,6464
2402,毅嘉,16,2,14,大昌-新店,2023-03-20,6464
6243,迅杰,12,0,12,大昌-新店,2023-03-20,6464
6122,擎邦,13,1,12,大昌-新店,2023-03-20,6464
00713,元大台灣高息低波,11,0,11,大昌-新店,2023-03-20,6464
2413,環科,11,0,11,大昌-新店,2023-03-20,6464
3088,艾訊,12,1,11,大昌-新店,2023-03-20,6464
3005,神基,11,0,11,大昌-新店,2023-03-20,6464
2006,東和鋼鐵,11,0,11,大昌-新店,2023-03-20,6464
4916,事欣科,11,0,11,大昌-新店,2023-03-20,6464
2883,凱基金,215,2,213,大昌-新店,2023-03-21,6464
00664R,國泰臺灣加權反1,130,0,130,大昌-新店,2023-03-21,6464
1513,中興電,91,15,76,大昌-新店,2023-03-21,6464
00900,富邦特選高股息30,75,0,75,大昌-新店,2023-03-21,6464
6168,宏齊,60,0,60,大昌-新店,2023-03-21,6464
2409,友達,75,16,59,大昌-新店,2023-03-21,6464
2388,威盛,56,6,50,大昌-新店,2023-03-21,6464
6770,力積電,64,19,45,大昌-新店,2023-03-21,6464
3703,欣陸,43,1,42,大昌-新店,2023-03-21,6464
2610,華航,63,23,40,大昌-新店,2023-03-21,6464
00882,中信中國高股息,37,1,36,大昌-新店,2023-03-21,6464
6733,博晟生醫,51,16,35,大昌-新店,2023-03-21,6464
6116,彩晶,36,2,34,大昌-新店,2023-03-21,6464
4763,材料-KY,43,9,34,大昌-新店,2023-03-21,6464
2880,華南金,36,6,30,大昌-新店,2023-03-21,6464
3093,港建*,33,4,29,大昌-新店,2023-03-21,6464
2609,陽明,38,10,28,大昌-新店,2023-03-21,6464
2449,京元電子,40,12,28,大昌-新店,2023-03-21,6464
2618,長榮航,33,7,26,大昌-新店,2023-03-21,6464
00715L,期街口布蘭特正2,32,9,23,大昌-新店,2023-03-21,6464
3260,威剛,31,8,23,大昌-新店,2023-03-21,6464
2884,玉山金,24,2,22,大昌-新店,2023-03-21,6464
3711,日月光投控,21,1,20,大昌-新店,2023-03-21,6464
4402,郡都開發,20,0,20,大昌-新店,2023-03-21,6464
2867,三商壽,20,0,20,大昌-新店,2023-03-21,6464
1815,富喬,20,0,20,大昌-新店,2023-03-21,6464
1709,和益,27,8,19,大昌-新店,2023-03-21,6464
5512,力麒,20,2,18,大昌-新店,2023-03-21,6464
2387,精元,20,2,18,大昌-新店,2023-03-21,6464
00650L,復華香港正2,22,4,18,大昌-新店,2023-03-21,6464
00878,國泰永續高股息,101,84,17,大昌-新店,2023-03-21,6464
2030,彰源,17,0,17,大昌-新店,2023-03-21,6464
00885,富邦越南,33,17,16,大昌-新店,2023-03-21,6464
3058,立德,22,6,16,大昌-新店,2023-03-21,6464
4960,誠美材,22,6,16,大昌-新店,2023-03-21,6464
2498,宏達電,33,17,16,大昌-新店,2023-03-21,6464
2471,資通,45,30,15,大昌-新店,2023-03-21,6464
2852,第一保,14,0,14,大昌-新店,2023-03-21,6464
1608,華榮,18,4,14,大昌-新店,2023-03-21,6464
2323,中環,14,0,14,大昌-新店,2023-03-21,6464
2027,大成鋼,16,2,14,大昌-新店,2023-03-21,6464
4934,太極,24,11,13,大昌-新店,2023-03-21,6464
1603,華電,18,5,13,大昌-新店,2023-03-21,6464
6182,合晶,33,21,12,大昌-新店,2023-03-21,6464
2108,南帝,12,0,12,大昌-新店,2023-03-21,6464
6274,台燿,15,3,12,大昌-新店,2023-03-21,6464
1802,台玻,11,0,11,大昌-新店,2023-03-21,6464
3624,光頡,28,17,11,大昌-新店,2023-03-21,6464
2408,南亞科,10,0,10,大昌-新店,2023-03-21,6464
6120,達運,10,0,10,大昌-新店,2023-03-21,6464
2888,新光金,500,210,290,大昌-新店,2023-03-22,6464
00632R,元大台灣50反1,364,110,254,大昌-新店,2023-03-22,6464
6142,友勁,150,0,150,大昌-新店,2023-03-22,6464
2855,統一證,144,0,144,大昌-新店,2023-03-22,6464
00917,中信特選金融,140,5,135,大昌-新店,2023-03-22,6464
3013,晟銘電,138,6,132,大昌-新店,2023-03-22,6464
00882,中信中國高股息,108,0,108,大昌-新店,2023-03-22,6464
2409,友達,102,16,86,大昌-新店,2023-03-22,6464
2883,凱基金,69,5,64,大昌-新店,2023-03-22,6464
1605,華新,70,7,63,大昌-新店,2023-03-22,6464
3481,群創,87,27,60,大昌-新店,2023-03-22,6464
00680L,元大美債20正2,55,0,55,大昌-新店,2023-03-22,6464
8110,華東,55,0,55,大昌-新店,2023-03-22,6464
00676R,富邦臺灣加權反1,53,0,53,大昌-新店,2023-03-22,6464
00679B,元大美債20年,48,0,48,大昌-新店,2023-03-22,6464
2834,臺企銀,47,3,44,大昌-新店,2023-03-22,6464
6235,華孚,64,25,39,大昌-新店,2023-03-22,6464
2368,金像電,88,49,39,大昌-新店,2023-03-22,6464
5512,力麒,40,4,36,大昌-新店,2023-03-22,6464
8201,無敵,33,0,33,大昌-新店,2023-03-22,6464
2612,中航,33,0,33,大昌-新店,2023-03-22,6464
2867,三商壽,30,0,30,大昌-新店,2023-03-22,6464
9945,潤泰新,37,9,28,大昌-新店,2023-03-22,6464
00637L,元大滬深300正2,42,14,28,大昌-新店,2023-03-22,6464
3047,訊舟,33,6,27,大昌-新店,2023-03-22,6464
5009,榮剛,37,11,26,大昌-新店,2023-03-22,6464
6443,元晶,31,6,25,大昌-新店,2023-03-22,6464
2030,彰源,35,11,24,大昌-新店,2023-03-22,6464
1513,中興電,38,15,23,大昌-新店,2023-03-22,6464
3056,富華新,23,0,23,大昌-新店,2023-03-22,6464
2880,華南金,24,2,22,大昌-新店,2023-03-22,6464
2388,威盛,32,10,22,大昌-新店,2023-03-22,6464
1471,首利,20,0,20,大昌-新店,2023-03-22,6464
00751B,元大AAA至A公司債,20,0,20,大昌-新店,2023-03-22,6464
3078,僑威,22,3,19,大昌-新店,2023-03-22,6464
2886,兆豐金,24,5,19,大昌-新店,2023-03-22,6464
4746,台耀,20,2,18,大昌-新店,2023-03-22,6464
2401,凌陽,19,1,18,大昌-新店,2023-03-22,6464
2387,精元,18,0,18,大昌-新店,2023-03-22,6464
2890,永豐金,21,4,17,大昌-新店,2023-03-22,6464
00712,復華富時不動產,16,0,16,大昌-新店,2023-03-22,6464
6248,沛波,20,4,16,大昌-新店,2023-03-22,6464
00772B,中信高評級公司債,16,2,14,大昌-新店,2023-03-22,6464
2605,新興,26,12,14,大昌-新店,2023-03-22,6464
2303,聯電,133,119,14,大昌-新店,2023-03-22,6464
6122,擎邦,30,17,13,大昌-新店,2023-03-22,6464
1709,和益,16,3,13,大昌-新店,2023-03-22,6464
3029,零壹,18,5,13,大昌-新店,2023-03-22,6464
2399,映泰,23,10,13,大昌-新店,2023-03-22,6464
00715L,期街口布蘭特正2,30,18,12,大昌-新店,2023-03-22,6464
00632R,元大台灣50反1,990,176,814,大昌-新店,2023-03-23,6464
00885,富邦越南,218,3,215,大昌-新店,2023-03-23,6464
00637L,元大滬深300正2,211,26,185,大昌-新店,2023-03-23,6464
3481,群創,125,8,117,大昌-新店,2023-03-23,6464
2409,友達,97,0,97,大昌-新店,2023-03-23,6464
00669R,國泰美國道瓊反1,62,0,62,大昌-新店,2023-03-23,6464
4564,元翎,60,0,60,大昌-新店,2023-03-23,6464
5483,中美晶,53,1,52,大昌-新店,2023-03-23,6464
00715L,期街口布蘭特正2,55,4,51,大昌-新店,2023-03-23,6464
2329,華泰,53,2,51,大昌-新店,2023-03-23,6464
2892,第一金,57,7,50,大昌-新店,2023-03-23,6464
6163,華電網,52,3,49,大昌-新店,2023-03-23,6464
3432,台端,55,7,48,大昌-新店,2023-03-23,6464
2605,新興,40,3,37,大昌-新店,2023-03-23,6464
5880,合庫金,51,16,35,大昌-新店,2023-03-23,6464
2427,三商電,41,9,32,大昌-新店,2023-03-23,6464
00652,富邦印度,31,0,31,大昌-新店,2023-03-23,6464
2704,國賓,30,0,30,大昌-新店,2023-03-23,6464
3207,耀勝,28,0,28,大昌-新店,2023-03-23,6464
6244,茂迪,36,10,26,大昌-新店,2023-03-23,6464
4402,郡都開發,25,0,25,大昌-新店,2023-03-23,6464
4919,新唐,52,28,24,大昌-新店,2023-03-23,6464
2399,映泰,28,4,24,大昌-新店,2023-03-23,6464
2603,長榮,41,19,22,大昌-新店,2023-03-23,6464
00676R,富邦臺灣加權反1,22,0,22,大昌-新店,2023-03-23,6464
5009,榮剛,29,8,21,大昌-新店,2023-03-23,6464
1524,耿鼎,39,19,20,大昌-新店,2023-03-23,6464
2606,裕民,22,2,20,大昌-新店,2023-03-23,6464
1442,名軒,20,0,20,大昌-新店,2023-03-23,6464
6226,光鼎,20,0,20,大昌-新店,2023-03-23,6464
3646,艾恩特,20,0,20,大昌-新店,2023-03-23,6464
3013,晟銘電,71,52,19,大昌-新店,2023-03-23,6464
1519,華城,20,2,18,大昌-新店,2023-03-23,6464
6235,華孚,28,10,18,大昌-新店,2023-03-23,6464
2330,台積電,40,23,17,大昌-新店,2023-03-23,6464
3483,力致,20,3,17,大昌-新店,2023-03-23,6464
3710,連展投控,46,29,17,大昌-新店,2023-03-23,6464
3290,東浦,17,2,15,大昌-新店,2023-03-23,6464
3322,建舜電,23,8,15,大昌-新店,2023-03-23,6464
2302,麗正,17,2,15,大昌-新店,2023-03-23,6464
00687B,國泰20年美債,15,0,15,大昌-新店,2023-03-23,6464
3706,神達,16,1,15,大昌-新店,2023-03-23,6464
1201,味全,15,0,15,大昌-新店,2023-03-23,6464
2727,王品,25,10,15,大昌-新店,2023-03-23,6464
2413,環科,18,3,15,大昌-新店,2023-03-23,6464
9941,裕融,17,3,14,大昌-新店,2023-03-23,6464
6282,康舒,19,5,14,大昌-新店,2023-03-23,6464
6715,嘉基,24,10,14,大昌-新店,2023-03-23,6464
2412,中華電,20,6,14,大昌-新店,2023-03-23,6464
2882,國泰金,26,12,14,大昌-新店,2023-03-23,6464
00632R,元大台灣50反1,306,1,305,大昌-新店,2023-03-24,6464
4306,炎洲,164,3,161,大昌-新店,2023-03-24,6464
6770,力積電,122,10,112,大昌-新店,2023-03-24,6464
2404,漢唐,103,0,103,大昌-新店,2023-03-24,6464
3576,聯合再生,104,8,96,大昌-新店,2023-03-24,6464
2352,佳世達,92,1,91,大昌-新店,2023-03-24,6464
2023,燁輝,92,3,89,大昌-新店,2023-03-24,6464
2883B,凱基金乙特,80,0,80,大昌-新店,2023-03-24,6464
9945,潤泰新,85,11,74,大昌-新店,2023-03-24,6464
8926,台汽電,78,13,65,大昌-新店,2023-03-24,6464
6122,擎邦,59,6,53,大昌-新店,2023-03-24,6464
6160,欣技,56,4,52,大昌-新店,2023-03-24,6464
2812,台中銀,52,0,52,大昌-新店,2023-03-24,6464
1504,東元,107,64,43,大昌-新店,2023-03-24,6464
1201,味全,41,0,41,大昌-新店,2023-03-24,6464
00917,中信特選金融,38,0,38,大昌-新店,2023-03-24,6464
3490,單井,36,0,36,大昌-新店,2023-03-24,6464
4934,太極,33,0,33,大昌-新店,2023-03-24,6464
2615,萬海,34,3,31,大昌-新店,2023-03-24,6464
00650L,復華香港正2,34,5,29,大昌-新店,2023-03-24,6464
3029,零壹,39,11,28,大昌-新店,2023-03-24,6464
1532,勤美,27,0,27,大昌-新店,2023-03-24,6464
2453,凌群,37,11,26,大昌-新店,2023-03-24,6464
00679B,元大美債20年,25,0,25,大昌-新店,2023-03-24,6464
00751B,元大AAA至A公司債,26,2,24,大昌-新店,2023-03-24,6464
3207,耀勝,25,2,23,大昌-新店,2023-03-24,6464
3685,元創精密,23,0,23,大昌-新店,2023-03-24,6464
4113,聯上,23,0,23,大昌-新店,2023-03-24,6464
6265,方土昶,20,0,20,大昌-新店,2023-03-24,6464
4953,緯軟,24,4,20,大昌-新店,2023-03-24,6464
4102,永日,22,2,20,大昌-新店,2023-03-24,6464
2379,瑞昱,20,0,20,大昌-新店,2023-03-24,6464
6120,達運,20,0,20,大昌-新店,2023-03-24,6464
3520,華盈,20,0,20,大昌-新店,2023-03-24,6464
9962,有益,21,1,20,大昌-新店,2023-03-24,6464
3162,精確,24,4,20,大昌-新店,2023-03-24,6464
00715L,期街口布蘭特正2,20,0,20,大昌-新店,2023-03-24,6464
1569,濱川,20,0,20,大昌-新店,2023-03-24,6464
8255,朋程,19,1,18,大昌-新店,2023-03-24,6464
00902,中信電池及儲能,18,0,18,大昌-新店,2023-03-24,6464
2347,聯強,21,3,18,大昌-新店,2023-03-24,6464
6244,茂迪,40,22,18,大昌-新店,2023-03-24,6464
2609,陽明,32,15,17,大昌-新店,2023-03-24,6464
6134,萬旭,28,11,17,大昌-新店,2023-03-24,6464
2637,慧洋-KY,17,1,16,大昌-新店,2023-03-24,6464
2412,中華電,16,0,16,大昌-新店,2023-03-24,6464
1513,中興電,22,6,16,大昌-新店,2023-03-24,6464
6234,高僑,15,0,15,大昌-新店,2023-03-24,6464
3260,威剛,20,6,14,大昌-新店,2023-03-24,6464
1584,精剛,14,0,14,大昌-新店,2023-03-24,6464
9945,潤泰新,171,40,131,大昌-新店,2023-03-27,6464
6244,茂迪,143,21,122,大昌-新店,2023-03-27,6464
2883B,凱基金乙特,97,0,97,大昌-新店,2023-03-27,6464
2888,新光金,100,6,94,大昌-新店,2023-03-27,6464
1605,華新,108,20,88,大昌-新店,2023-03-27,6464
1609,大亞,104,23,81,大昌-新店,2023-03-27,6464
00882,中信中國高股息,84,4,80,大昌-新店,2023-03-27,6464
1101,台泥,149,78,71,大昌-新店,2023-03-27,6464
6288,聯嘉,146,96,50,大昌-新店,2023-03-27,6464
00892,富邦台灣半導體,50,0,50,大昌-新店,2023-03-27,6464
00891,中信關鍵半導體,50,1,49,大昌-新店,2023-03-27,6464
2399,映泰,41,0,41,大昌-新店,2023-03-27,6464
2201,裕隆,44,4,40,大昌-新店,2023-03-27,6464
6239,力成,40,0,40,大昌-新店,2023-03-27,6464
6168,宏齊,41,4,37,大昌-新店,2023-03-27,6464
3715,定穎投控,43,8,35,大昌-新店,2023-03-27,6464
2388,威盛,48,13,35,大昌-新店,2023-03-27,6464
00751B,元大AAA至A公司債,34,2,32,大昌-新店,2023-03-27,6464
4306,炎洲,38,7,31,大昌-新店,2023-03-27,6464
2317,鴻海,35,5,30,大昌-新店,2023-03-27,6464
2105,正新,39,9,30,大昌-新店,2023-03-27,6464
1522,堤維西,32,2,30,大昌-新店,2023-03-27,6464
4113,聯上,30,0,30,大昌-新店,2023-03-27,6464
00637L,元大滬深300正2,68,39,29,大昌-新店,2023-03-27,6464
3037,欣興,67,40,27,大昌-新店,2023-03-27,6464
2344,華邦電,39,12,27,大昌-新店,2023-03-27,6464
2812,台中銀,26,0,26,大昌-新店,2023-03-27,6464
00665L,富邦�琤肭磪囓�2,84,58,26,大昌-新店,2023-03-27,6464
2455,全新,33,7,26,大昌-新店,2023-03-27,6464
1417,嘉裕,29,3,26,大昌-新店,2023-03-27,6464
2486,一詮,40,14,26,大昌-新店,2023-03-27,6464
3714,富采,31,6,25,大昌-新店,2023-03-27,6464
3264,欣銓,29,6,23,大昌-新店,2023-03-27,6464
00905,FT臺灣Smart,22,0,22,大昌-新店,2023-03-27,6464
2409,友達,30,8,22,大昌-新店,2023-03-27,6464
8046,南電,26,5,21,大昌-新店,2023-03-27,6464
00752,中信中國50,21,0,21,大昌-新店,2023-03-27,6464
3217,優群,23,2,21,大昌-新店,2023-03-27,6464
1513,中興電,23,3,20,大昌-新店,2023-03-27,6464
6535,順藥,20,0,20,大昌-新店,2023-03-27,6464
00671R,富邦NASDAQ反1,20,0,20,大昌-新店,2023-03-27,6464
2641,正德,21,1,20,大昌-新店,2023-03-27,6464
2413,環科,27,8,19,大昌-新店,2023-03-27,6464
3552,同致,22,5,17,大昌-新店,2023-03-27,6464
3005,神基,32,16,16,大昌-新店,2023-03-27,6464
1532,勤美,16,0,16,大昌-新店,2023-03-27,6464
2727,王品,24,8,16,大昌-新店,2023-03-27,6464
1519,華城,17,2,15,大昌-新店,2023-03-27,6464
2206,三陽工業,18,3,15,大昌-新店,2023-03-27,6464
1611,中電,14,0,14,大昌-新店,2023-03-27,6464
2409,友達,124,16,108,大昌-新店,2023-03-28,6464
3047,訊舟,92,1,91,大昌-新店,2023-03-28,6464
8926,台汽電,84,5,79,大昌-新店,2023-03-28,6464
2303,聯電,66,2,64,大昌-新店,2023-03-28,6464
1609,大亞,75,12,63,大昌-新店,2023-03-28,6464
2834,臺企銀,67,10,57,大昌-新店,2023-03-28,6464
2388,威盛,69,18,51,大昌-新店,2023-03-28,6464
00673R,期元大S＆P原油反1,50,0,50,大昌-新店,2023-03-28,6464
2883B,凱基金乙特,50,0,50,大昌-新店,2023-03-28,6464
00680L,元大美債20正2,50,0,50,大昌-新店,2023-03-28,6464
2399,映泰,51,2,49,大昌-新店,2023-03-28,6464
00830,國泰費城半導體,50,1,49,大昌-新店,2023-03-28,6464
00679B,元大美債20年,73,25,48,大昌-新店,2023-03-28,6464
6152,百一,47,0,47,大昌-新店,2023-03-28,6464
0056,元大高股息,43,3,40,大昌-新店,2023-03-28,6464
00882,中信中國高股息,39,0,39,大昌-新店,2023-03-28,6464
2356,英業達,48,9,39,大昌-新店,2023-03-28,6464
3035,智原,50,12,38,大昌-新店,2023-03-28,6464
2340,台亞,39,2,37,大昌-新店,2023-03-28,6464
1605,華新,123,89,34,大昌-新店,2023-03-28,6464
00772B,中信高評級公司債,34,0,34,大昌-新店,2023-03-28,6464
2887,台新金,32,0,32,大昌-新店,2023-03-28,6464
2812,台中銀,31,0,31,大昌-新店,2023-03-28,6464
3207,耀勝,26,1,25,大昌-新店,2023-03-28,6464
6226,光鼎,25,0,25,大昌-新店,2023-03-28,6464
4147,中裕,75,50,25,大昌-新店,2023-03-28,6464
1504,東元,66,42,24,大昌-新店,2023-03-28,6464
5009,榮剛,37,13,24,大昌-新店,2023-03-28,6464
3455,由田,24,3,21,大昌-新店,2023-03-28,6464
1101,台泥,42,21,21,大昌-新店,2023-03-28,6464
2610,華航,48,30,18,大昌-新店,2023-03-28,6464
2201,裕隆,20,2,18,大昌-新店,2023-03-28,6464
3481,群創,39,21,18,大昌-新店,2023-03-28,6464
0050,元大台灣50,17,0,17,大昌-新店,2023-03-28,6464
2102,泰豐,20,3,17,大昌-新店,2023-03-28,6464
3706,神達,18,1,17,大昌-新店,2023-03-28,6464
3703,欣陸,16,0,16,大昌-新店,2023-03-28,6464
00885,富邦越南,22,6,16,大昌-新店,2023-03-28,6464
1539,巨庭,22,6,16,大昌-新店,2023-03-28,6464
3714,富采,18,3,15,大昌-新店,2023-03-28,6464
5512,力麒,20,5,15,大昌-新店,2023-03-28,6464
1463,強盛新,14,0,14,大昌-新店,2023-03-28,6464
4916,事欣科,18,4,14,大昌-新店,2023-03-28,6464
8222,寶一,41,27,14,大昌-新店,2023-03-28,6464
2634,漢翔,78,64,14,大昌-新店,2023-03-28,6464
6168,宏齊,60,47,13,大昌-新店,2023-03-28,6464
00637L,元大滬深300正2,116,103,13,大昌-新店,2023-03-28,6464
6411,晶焱,16,3,13,大昌-新店,2023-03-28,6464
4967,十銓,20,7,13,大昌-新店,2023-03-28,6464
2379,瑞昱,13,1,12,大昌-新店,2023-03-28,6464
3715,定穎投控,259,63,196,大昌-新店,2023-03-29,6464
00632R,元大台灣50反1,207,64,143,大昌-新店,2023-03-29,6464
2303,聯電,119,33,86,大昌-新店,2023-03-29,6464
2867,三商壽,50,0,50,大昌-新店,2023-03-29,6464
00673R,期元大S＆P原油反1,49,0,49,大昌-新店,2023-03-29,6464
00882,中信中國高股息,38,0,38,大昌-新店,2023-03-29,6464
2371,大同,44,7,37,大昌-新店,2023-03-29,6464
4147,中裕,28,1,27,大昌-新店,2023-03-29,6464
3710,連展投控,27,0,27,大昌-新店,2023-03-29,6464
3035,智原,33,7,26,大昌-新店,2023-03-29,6464
6168,宏齊,30,5,25,大昌-新店,2023-03-29,6464
2331,精英,28,4,24,大昌-新店,2023-03-29,6464
2481,強茂,39,17,22,大昌-新店,2023-03-29,6464
3479,安勤,20,0,20,大昌-新店,2023-03-29,6464
2344,華邦電,20,0,20,大昌-新店,2023-03-29,6464
2408,南亞科,22,3,19,大昌-新店,2023-03-29,6464
00772B,中信高評級公司債,20,1,19,大昌-新店,2023-03-29,6464
9945,潤泰新,30,11,19,大昌-新店,2023-03-29,6464
2340,台亞,18,0,18,大昌-新店,2023-03-29,6464
2392,正崴,22,4,18,大昌-新店,2023-03-29,6464
2609,陽明,23,6,17,大昌-新店,2023-03-29,6464
00922,國泰台灣領袖50,17,0,17,大昌-新店,2023-03-29,6464
2401,凌陽,20,3,17,大昌-新店,2023-03-29,6464
2356,英業達,20,3,17,大昌-新店,2023-03-29,6464
1605,華新,50,33,17,大昌-新店,2023-03-29,6464
00720B,元大投資級公司債,16,0,16,大昌-新店,2023-03-29,6464
00679B,元大美債20年,17,1,16,大昌-新店,2023-03-29,6464
00727B,國泰優選非投等債,15,0,15,大昌-新店,2023-03-29,6464
6147,頎邦,17,3,14,大昌-新店,2023-03-29,6464
2406,國碩,14,0,14,大昌-新店,2023-03-29,6464
2444,兆勁,14,0,14,大昌-新店,2023-03-29,6464
2449,京元電子,16,2,14,大昌-新店,2023-03-29,6464
6266,泰詠,28,15,13,大昌-新店,2023-03-29,6464
1326,台化,13,0,13,大昌-新店,2023-03-29,6464
3432,台端,18,6,12,大昌-新店,2023-03-29,6464
1584,精剛,26,14,12,大昌-新店,2023-03-29,6464
1532,勤美,13,1,12,大昌-新店,2023-03-29,6464
4113,聯上,12,0,12,大昌-新店,2023-03-29,6464
2606,裕民,14,2,12,大昌-新店,2023-03-29,6464
6182,合晶,17,6,11,大昌-新店,2023-03-29,6464
6248,沛波,30,19,11,大昌-新店,2023-03-29,6464
1708,東鹼,14,3,11,大昌-新店,2023-03-29,6464
3094,聯傑,11,0,11,大昌-新店,2023-03-29,6464
00901,永豐智能車供應鏈,10,0,10,大昌-新店,2023-03-29,6464
00651R,復華香港反1,10,0,10,大昌-新店,2023-03-29,6464
00881,國泰台灣5G+,10,0,10,大昌-新店,2023-03-29,6464
2704,國賓,10,0,10,大昌-新店,2023-03-29,6464
4133,亞諾法,10,0,10,大昌-新店,2023-03-29,6464
2374,佳能,10,0,10,大昌-新店,2023-03-29,6464
00664R,國泰臺灣加權反1,10,0,10,大昌-新店,2023-03-29,6464
2610,華航,208,11,197,大昌-新店,2023-03-30,6464
6026,福邦證,180,1,179,大昌-新店,2023-03-30,6464
8926,台汽電,78,0,78,大昌-新店,2023-03-30,6464
3481,群創,97,23,74,大昌-新店,2023-03-30,6464
6182,合晶,66,3,63,大昌-新店,2023-03-30,6464
3576,聯合再生,65,5,60,大昌-新店,2023-03-30,6464
2867,三商壽,54,0,54,大昌-新店,2023-03-30,6464
2409,友達,61,11,50,大昌-新店,2023-03-30,6464
3715,定穎投控,137,90,47,大昌-新店,2023-03-30,6464
2609,陽明,48,6,42,大昌-新店,2023-03-30,6464
00637L,元大滬深300正2,190,153,37,大昌-新店,2023-03-30,6464
3622,洋華,35,2,33,大昌-新店,2023-03-30,6464
4162,智擎,32,1,31,大昌-新店,2023-03-30,6464
9904,寶成,30,0,30,大昌-新店,2023-03-30,6464
1609,大亞,50,25,25,大昌-新店,2023-03-30,6464
5011,久陽,21,0,21,大昌-新店,2023-03-30,6464
6244,茂迪,44,23,21,大昌-新店,2023-03-30,6464
6245,立端,24,5,19,大昌-新店,2023-03-30,6464
3479,安勤,26,9,17,大昌-新店,2023-03-30,6464
2433,互盛電,17,0,17,大昌-新店,2023-03-30,6464
00753L,中信中國50正2,17,0,17,大昌-新店,2023-03-30,6464
2317,鴻海,20,3,17,大昌-新店,2023-03-30,6464
2889,國票金,19,3,16,大昌-新店,2023-03-30,6464
00893,國泰智能電動車,15,0,15,大昌-新店,2023-03-30,6464
00679B,元大美債20年,15,0,15,大昌-新店,2023-03-30,6464
3035,智原,30,16,14,大昌-新店,2023-03-30,6464
2534,宏盛,15,1,14,大昌-新店,2023-03-30,6464
3207,耀勝,14,0,14,大昌-新店,2023-03-30,6464
3056,富華新,13,0,13,大昌-新店,2023-03-30,6464
2444,兆勁,13,0,13,大昌-新店,2023-03-30,6464
3312,弘憶股,16,3,13,大昌-新店,2023-03-30,6464
2455,全新,13,0,13,大昌-新店,2023-03-30,6464
2618,長榮航,22,10,12,大昌-新店,2023-03-30,6464
00665L,富邦�琤肭磪囓�2,35,23,12,大昌-新店,2023-03-30,6464
6462,神盾,15,3,12,大昌-新店,2023-03-30,6464
00715L,期街口布蘭特正2,12,1,11,大昌-新店,2023-03-30,6464
4979,華星光,17,6,11,大昌-新店,2023-03-30,6464
00902,中信電池及儲能,11,0,11,大昌-新店,2023-03-30,6464
2481,強茂,13,2,11,大昌-新店,2023-03-30,6464
3046,建��,11,0,11,大昌-新店,2023-03-30,6464
00671R,富邦NASDAQ反1,11,0,11,大昌-新店,2023-03-30,6464
6125,廣運,12,1,11,大昌-新店,2023-03-30,6464
3447,展達,11,0,11,大昌-新店,2023-03-30,6464
3552,同致,10,0,10,大昌-新店,2023-03-30,6464
6531,愛普*,18,8,10,大昌-新店,2023-03-30,6464
00882,中信中國高股息,12,2,10,大昌-新店,2023-03-30,6464
6535,順藥,10,0,10,大昌-新店,2023-03-30,6464
2312,金寶,10,0,10,大昌-新店,2023-03-30,6464
5452,佶優,10,0,10,大昌-新店,2023-03-30,6464
2883,凱基金,11,1,10,大昌-新店,2023-03-30,6464
00632R,元大台灣50反1,214,70,144,大昌-新店,2023-03-31,6464
2888,新光金,100,0,100,大昌-新店,2023-03-31,6464
00637L,元大滬深300正2,124,56,68,大昌-新店,2023-03-31,6464
8926,台汽電,66,0,66,大昌-新店,2023-03-31,6464
2867,三商壽,63,15,48,大昌-新店,2023-03-31,6464
2618,長榮航,49,14,35,大昌-新店,2023-03-31,6464
1513,中興電,47,15,32,大昌-新店,2023-03-31,6464
4908,前鼎,32,0,32,大昌-新店,2023-03-31,6464
1802,台玻,30,0,30,大昌-新店,2023-03-31,6464
2481,強茂,33,3,30,大昌-新店,2023-03-31,6464
2337,旺宏,59,29,30,大昌-新店,2023-03-31,6464
2387,精元,30,0,30,大昌-新店,2023-03-31,6464
6153,嘉聯益,30,0,30,大昌-新店,2023-03-31,6464
3037,欣興,75,48,27,大昌-新店,2023-03-31,6464
8046,南電,29,5,24,大昌-新店,2023-03-31,6464
00715L,期街口布蘭特正2,33,9,24,大昌-新店,2023-03-31,6464
2889,國票金,23,0,23,大昌-新店,2023-03-31,6464
2457,飛宏,38,16,22,大昌-新店,2023-03-31,6464
8039,台虹,21,0,21,大昌-新店,2023-03-31,6464
00896,中信綠能及電動車,20,0,20,大昌-新店,2023-03-31,6464
3088,艾訊,22,2,20,大昌-新店,2023-03-31,6464
00923,群益台ESG低碳50,20,0,20,大昌-新店,2023-03-31,6464
1258,其祥-KY,20,0,20,大昌-新店,2023-03-31,6464
2609,陽明,28,8,20,大昌-新店,2023-03-31,6464
6606,建德工業,20,0,20,大昌-新店,2023-03-31,6464
8358,金居,21,2,19,大昌-新店,2023-03-31,6464
6443,元晶,17,0,17,大昌-新店,2023-03-31,6464
4989,榮科,17,0,17,大昌-新店,2023-03-31,6464
3622,洋華,16,0,16,大昌-新店,2023-03-31,6464
2027,大成鋼,17,2,15,大昌-新店,2023-03-31,6464
6266,泰詠,15,0,15,大昌-新店,2023-03-31,6464
1584,精剛,26,12,14,大昌-新店,2023-03-31,6464
3540,曜越,25,12,13,大昌-新店,2023-03-31,6464
4552,力達-KY,13,0,13,大昌-新店,2023-03-31,6464
1504,東元,56,43,13,大昌-新店,2023-03-31,6464
2883,凱基金,13,0,13,大昌-新店,2023-03-31,6464
6288,聯嘉,22,10,12,大昌-新店,2023-03-31,6464
6470,宇智,12,0,12,大昌-新店,2023-03-31,6464
3312,弘憶股,12,0,12,大昌-新店,2023-03-31,6464
2890,永豐金,11,0,11,大昌-新店,2023-03-31,6464
5512,力麒,12,1,11,大昌-新店,2023-03-31,6464
6548,長科*,13,2,11,大昌-新店,2023-03-31,6464
3046,建��,24,13,11,大昌-新店,2023-03-31,6464
3438,類比科,10,0,10,大昌-新店,2023-03-31,6464
6733,博晟生醫,10,0,10,大昌-新店,2023-03-31,6464
1760,寶齡富錦,32,22,10,大昌-新店,2023-03-31,6464
6715,嘉基,10,0,10,大昌-新店,2023-03-31,6464
00673R,期元大S＆P原油反1,10,0,10,大昌-新店,2023-03-31,6464
6770,力積電,26,16,10,大昌-新店,2023-03-31,6464
4904,遠傳,10,0,10,大昌-新店,2023-03-31,6464
3715,定穎投控,131,3,128,大昌-新店,2023-04-06,6464
2618,長榮航,128,2,126,大昌-新店,2023-04-06,6464
2888,新光金,100,0,100,大昌-新店,2023-04-06,6464
3058,立德,96,3,93,大昌-新店,2023-04-06,6464
00673R,期元大S＆P原油反1,82,0,82,大昌-新店,2023-04-06,6464
00905,FT臺灣Smart,58,0,58,大昌-新店,2023-04-06,6464
00665L,富邦�琤肭磪囓�2,149,91,58,大昌-新店,2023-04-06,6464
00830,國泰費城半導體,50,0,50,大昌-新店,2023-04-06,6464
6163,華電網,61,12,49,大昌-新店,2023-04-06,6464
2344,華邦電,74,30,44,大昌-新店,2023-04-06,6464
00882,中信中國高股息,80,37,43,大昌-新店,2023-04-06,6464
00902,中信電池及儲能,37,0,37,大昌-新店,2023-04-06,6464
8069,元太,39,3,36,大昌-新店,2023-04-06,6464
2201,裕隆,31,0,31,大昌-新店,2023-04-06,6464
5603,陸海,31,0,31,大昌-新店,2023-04-06,6464
2027,大成鋼,33,3,30,大昌-新店,2023-04-06,6464
2867,三商壽,30,0,30,大昌-新店,2023-04-06,6464
2331,精英,29,5,24,大昌-新店,2023-04-06,6464
2610,華航,32,10,22,大昌-新店,2023-04-06,6464
3664,安瑞-KY,22,0,22,大昌-新店,2023-04-06,6464
4303,信立,22,0,22,大昌-新店,2023-04-06,6464
00893,國泰智能電動車,26,5,21,大昌-新店,2023-04-06,6464
1802,台玻,20,0,20,大昌-新店,2023-04-06,6464
6514,芮特-KY,20,0,20,大昌-新店,2023-04-06,6464
8421,旭源,20,0,20,大昌-新店,2023-04-06,6464
3162,精確,23,4,19,大昌-新店,2023-04-06,6464
00712,復華富時不動產,29,10,19,大昌-新店,2023-04-06,6464
6770,力積電,26,7,19,大昌-新店,2023-04-06,6464
8039,台虹,18,0,18,大昌-新店,2023-04-06,6464
4114,健喬,24,6,18,大昌-新店,2023-04-06,6464
2609,陽明,31,14,17,大昌-新店,2023-04-06,6464
2603,長榮,21,4,17,大昌-新店,2023-04-06,6464
00753L,中信中國50正2,19,3,16,大昌-新店,2023-04-06,6464
3236,千如,22,7,15,大昌-新店,2023-04-06,6464
2634,漢翔,16,2,14,大昌-新店,2023-04-06,6464
2337,旺宏,15,1,14,大昌-新店,2023-04-06,6464
2883,凱基金,14,0,14,大昌-新店,2023-04-06,6464
2406,國碩,17,4,13,大昌-新店,2023-04-06,6464
2342,茂矽,13,1,12,大昌-新店,2023-04-06,6464
1220,台榮,12,0,12,大昌-新店,2023-04-06,6464
00881,國泰台灣5G+,12,0,12,大昌-新店,2023-04-06,6464
2204,中華,11,0,11,大昌-新店,2023-04-06,6464
2402,毅嘉,16,5,11,大昌-新店,2023-04-06,6464
4906,正文,18,7,11,大昌-新店,2023-04-06,6464
6191,精成科,12,1,11,大昌-新店,2023-04-06,6464
2401,凌陽,10,0,10,大昌-新店,2023-04-06,6464
6691,洋基工程,10,0,10,大昌-新店,2023-04-06,6464
1810,和成,22,12,10,大昌-新店,2023-04-06,6464
00903,富邦元宇宙,10,0,10,大昌-新店,2023-04-06,6464
4426,利勤,10,0,10,大昌-新店,2023-04-06,6464
2867,三商壽,120,10,110,大昌-新店,2023-04-07,6464
3058,立德,118,10,108,大昌-新店,2023-04-07,6464
2834,臺企銀,132,39,93,大昌-新店,2023-04-07,6464
3231,緯創,105,18,87,大昌-新店,2023-04-07,6464
2605,新興,84,16,68,大昌-新店,2023-04-07,6464
0056,元大高股息,48,8,40,大昌-新店,2023-04-07,6464
2641,正德,38,0,38,大昌-新店,2023-04-07,6464
5512,力麒,39,3,36,大昌-新店,2023-04-07,6464
3466,德晉,31,0,31,大昌-新店,2023-04-07,6464
1809,中釉,30,0,30,大昌-新店,2023-04-07,6464
6168,宏齊,30,0,30,大昌-新店,2023-04-07,6464
00633L,富邦上証正2,33,4,29,大昌-新店,2023-04-07,6464
3006,晶豪科,40,12,28,大昌-新店,2023-04-07,6464
2881,富邦金,30,3,27,大昌-新店,2023-04-07,6464
1609,大亞,74,48,26,大昌-新店,2023-04-07,6464
1301,台塑,27,3,24,大昌-新店,2023-04-07,6464
1321,大洋,24,0,24,大昌-新店,2023-04-07,6464
2637,慧洋-KY,47,25,22,大昌-新店,2023-04-07,6464
2884,玉山金,21,0,21,大昌-新店,2023-04-07,6464
4967,十銓,45,26,19,大昌-新店,2023-04-07,6464
2331,精英,25,7,18,大昌-新店,2023-04-07,6464
00885,富邦越南,18,0,18,大昌-新店,2023-04-07,6464
00715L,期街口布蘭特正2,38,21,17,大昌-新店,2023-04-07,6464
3056,富華新,26,9,17,大昌-新店,2023-04-07,6464
6770,力積電,22,5,17,大昌-新店,2023-04-07,6464
2382,廣達,16,0,16,大昌-新店,2023-04-07,6464
00712,復華富時不動產,27,11,16,大昌-新店,2023-04-07,6464
2634,漢翔,20,4,16,大昌-新店,2023-04-07,6464
3711,日月光投控,17,1,16,大昌-新店,2023-04-07,6464
2498,宏達電,55,40,15,大昌-新店,2023-04-07,6464
6548,長科*,17,2,15,大昌-新店,2023-04-07,6464
1504,東元,88,73,15,大昌-新店,2023-04-07,6464
00679B,元大美債20年,51,37,14,大昌-新店,2023-04-07,6464
6266,泰詠,13,1,12,大昌-新店,2023-04-07,6464
1513,中興電,64,52,12,大昌-新店,2023-04-07,6464
2303,聯電,16,4,12,大昌-新店,2023-04-07,6464
3046,建��,22,10,12,大昌-新店,2023-04-07,6464
8069,元太,34,23,11,大昌-新店,2023-04-07,6464
5515,建國,11,0,11,大昌-新店,2023-04-07,6464
6781,AES-KY,10,0,10,大昌-新店,2023-04-07,6464
2539,櫻花建,10,0,10,大昌-新店,2023-04-07,6464
3211,順達,10,0,10,大昌-新店,2023-04-07,6464
2380,虹光,10,0,10,大昌-新店,2023-04-07,6464
00900,富邦特選高股息30,10,0,10,大昌-新店,2023-04-07,6464
00772B,中信高評級公司債,10,0,10,大昌-新店,2023-04-07,6464
3714,富采,11,1,10,大昌-新店,2023-04-07,6464
3287,廣寰科,10,0,10,大昌-新店,2023-04-07,6464
00896,中信綠能及電動車,10,0,10,大昌-新店,2023-04-07,6464
2630,亞航,10,0,10,大昌-新店,2023-04-07,6464
8933,愛地雅,11,1,10,大昌-新店,2023-04-07,6464
1314,中石化,275,11,264,大昌-新店,2023-04-10,6464
2344,華邦電,214,37,177,大昌-新店,2023-04-10,6464
00632R,元大台灣50反1,94,0,94,大昌-新店,2023-04-10,6464
1609,大亞,126,38,88,大昌-新店,2023-04-10,6464
2609,陽明,94,38,56,大昌-新店,2023-04-10,6464
2371,大同,40,1,39,大昌-新店,2023-04-10,6464
00679B,元大美債20年,38,1,37,大昌-新店,2023-04-10,6464
00720B,元大投資級公司債,36,1,35,大昌-新店,2023-04-10,6464
6163,華電網,38,5,33,大昌-新店,2023-04-10,6464
5011,久陽,38,7,31,大昌-新店,2023-04-10,6464
2486,一詮,29,0,29,大昌-新店,2023-04-10,6464
3162,精確,28,1,27,大昌-新店,2023-04-10,6464
3447,展達,29,3,26,大昌-新店,2023-04-10,6464
3059,華晶科,25,0,25,大昌-新店,2023-04-10,6464
3006,晶豪科,28,3,25,大昌-新店,2023-04-10,6464
00673R,期元大S＆P原油反1,24,0,24,大昌-新店,2023-04-10,6464
2409,友達,34,11,23,大昌-新店,2023-04-10,6464
2481,強茂,24,1,23,大昌-新店,2023-04-10,6464
3260,威剛,30,8,22,大昌-新店,2023-04-10,6464
2603,長榮,31,10,21,大昌-新店,2023-04-10,6464
2408,南亞科,38,18,20,大昌-新店,2023-04-10,6464
00648R,元大S＆P500反1,20,0,20,大昌-新店,2023-04-10,6464
00885,富邦越南,20,0,20,大昌-新店,2023-04-10,6464
2851,中再保,20,0,20,大昌-新店,2023-04-10,6464
2358,廷鑫,20,0,20,大昌-新店,2023-04-10,6464
3211,順達,20,0,20,大昌-新店,2023-04-10,6464
00830,國泰費城半導體,20,0,20,大昌-新店,2023-04-10,6464
3078,僑威,36,16,20,大昌-新店,2023-04-10,6464
3231,緯創,138,121,17,大昌-新店,2023-04-10,6464
5483,中美晶,19,3,16,大昌-新店,2023-04-10,6464
2002,中鋼,18,3,15,大昌-新店,2023-04-10,6464
8028,昇陽半導體,34,19,15,大昌-新店,2023-04-10,6464
2404,漢唐,19,4,15,大昌-新店,2023-04-10,6464
2528,皇普,14,0,14,大昌-新店,2023-04-10,6464
4306,炎洲,14,0,14,大昌-新店,2023-04-10,6464
4971,IET-KY,14,0,14,大昌-新店,2023-04-10,6464
2834,臺企銀,15,1,14,大昌-新店,2023-04-10,6464
00888,永豐台灣ESG,13,0,13,大昌-新店,2023-04-10,6464
4128,中天,16,3,13,大昌-新店,2023-04-10,6464
00751B,元大AAA至A公司債,13,0,13,大昌-新店,2023-04-10,6464
6531,愛普*,16,3,13,大昌-新店,2023-04-10,6464
6461,益得,16,3,13,大昌-新店,2023-04-10,6464
6282,康舒,18,5,13,大昌-新店,2023-04-10,6464
4130,健亞,12,0,12,大昌-新店,2023-04-10,6464
00687B,國泰20年美債,12,0,12,大昌-新店,2023-04-10,6464
4114,健喬,14,2,12,大昌-新店,2023-04-10,6464
00738U,期元大道瓊白銀,12,0,12,大昌-新店,2023-04-10,6464
2882,國泰金,14,2,12,大昌-新店,2023-04-10,6464
6147,頎邦,12,0,12,大昌-新店,2023-04-10,6464
2379,瑞昱,12,0,12,大昌-新店,2023-04-10,6464
00679B,元大美債20年,97,0,97,大昌-新店,2023-04-11,6464
00882,中信中國高股息,80,0,80,大昌-新店,2023-04-11,6464
1726,永記,87,9,78,大昌-新店,2023-04-11,6464
2433,互盛電,77,11,66,大昌-新店,2023-04-11,6464
5328,華容,65,0,65,大昌-新店,2023-04-11,6464
00680L,元大美債20正2,61,0,61,大昌-新店,2023-04-11,6464
3058,立德,59,0,59,大昌-新店,2023-04-11,6464
6248,沛波,61,7,54,大昌-新店,2023-04-11,6464
1609,大亞,103,58,45,大昌-新店,2023-04-11,6464
2455,全新,45,5,40,大昌-新店,2023-04-11,6464
2388,威盛,53,16,37,大昌-新店,2023-04-11,6464
2603,長榮,41,6,35,大昌-新店,2023-04-11,6464
1618,合機,38,4,34,大昌-新店,2023-04-11,6464
2303,聯電,41,9,32,大昌-新店,2023-04-11,6464
00648R,元大S＆P500反1,40,10,30,大昌-新店,2023-04-11,6464
6152,百一,27,0,27,大昌-新店,2023-04-11,6464
6209,今國光,27,1,26,大昌-新店,2023-04-11,6464
8171,天宇,27,2,25,大昌-新店,2023-04-11,6464
6217,中探針,47,23,24,大昌-新店,2023-04-11,6464
1514,亞力,60,36,24,大昌-新店,2023-04-11,6464
2409,友達,47,25,22,大昌-新店,2023-04-11,6464
00772B,中信高評級公司債,22,0,22,大昌-新店,2023-04-11,6464
2867,三商壽,21,0,21,大昌-新店,2023-04-11,6464
8050,廣積,24,3,21,大昌-新店,2023-04-11,6464
2701,萬企,20,0,20,大昌-新店,2023-04-11,6464
00637L,元大滬深300正2,28,8,20,大昌-新店,2023-04-11,6464
2609,陽明,29,10,19,大昌-新店,2023-04-11,6464
2851,中再保,20,1,19,大昌-新店,2023-04-11,6464
2634,漢翔,44,26,18,大昌-新店,2023-04-11,6464
6691,洋基工程,17,0,17,大昌-新店,2023-04-11,6464
6285,啟��,19,2,17,大昌-新店,2023-04-11,6464
2614,東森,16,0,16,大昌-新店,2023-04-11,6464
3037,欣興,29,13,16,大昌-新店,2023-04-11,6464
3038,全台,23,7,16,大昌-新店,2023-04-11,6464
4167,松瑞藥,21,5,16,大昌-新店,2023-04-11,6464
2882,國泰金,17,1,16,大昌-新店,2023-04-11,6464
2406,國碩,26,11,15,大昌-新店,2023-04-11,6464
3029,零壹,18,3,15,大昌-新店,2023-04-11,6464
00676R,富邦臺灣加權反1,14,0,14,大昌-新店,2023-04-11,6464
6156,松上,16,2,14,大昌-新店,2023-04-11,6464
2208,台船,29,16,13,大昌-新店,2023-04-11,6464
00712,復華富時不動產,13,0,13,大昌-新店,2023-04-11,6464
6245,立端,13,0,13,大昌-新店,2023-04-11,6464
2457,飛宏,32,19,13,大昌-新店,2023-04-11,6464
1760,寶齡富錦,18,5,13,大昌-新店,2023-04-11,6464
2890,永豐金,13,0,13,大昌-新店,2023-04-11,6464
3712,永崴投控,19,7,12,大昌-新店,2023-04-11,6464
3149,正達,12,0,12,大昌-新店,2023-04-11,6464
00761B,國泰A級公司債,12,0,12,大昌-新店,2023-04-11,6464
6142,友勁,14,2,12,大昌-新店,2023-04-11,6464
1314,中石化,280,6,274,大昌-新店,2023-04-12,6464
00665L,富邦�琤肭磪囓�2,172,20,152,大昌-新店,2023-04-12,6464
1609,大亞,250,112,138,大昌-新店,2023-04-12,6464
3058,立德,146,9,137,大昌-新店,2023-04-12,6464
2888,新光金,100,1,99,大昌-新店,2023-04-12,6464
2331,精英,80,20,60,大昌-新店,2023-04-12,6464
1726,永記,60,7,53,大昌-新店,2023-04-12,6464
1316,上曜,52,2,50,大昌-新店,2023-04-12,6464
00712,復華富時不動產,45,0,45,大昌-新店,2023-04-12,6464
2027,大成鋼,51,6,45,大昌-新店,2023-04-12,6464
2313,華通,50,9,41,大昌-新店,2023-04-12,6464
4919,新唐,43,2,41,大昌-新店,2023-04-12,6464
3545,敦泰,71,31,40,大昌-新店,2023-04-12,6464
2834,臺企銀,51,12,39,大昌-新店,2023-04-12,6464
2618,長榮航,40,6,34,大昌-新店,2023-04-12,6464
1611,中電,47,13,34,大昌-新店,2023-04-12,6464
1906,寶隆,33,0,33,大昌-新店,2023-04-12,6464
00878,國泰永續高股息,53,22,31,大昌-新店,2023-04-12,6464
00673R,期元大S＆P原油反1,31,0,31,大昌-新店,2023-04-12,6464
6168,宏齊,30,1,29,大昌-新店,2023-04-12,6464
1513,中興電,83,54,29,大昌-新店,2023-04-12,6464
3490,單井,27,1,26,大昌-新店,2023-04-12,6464
2344,華邦電,54,28,26,大昌-新店,2023-04-12,6464
2471,資通,27,1,26,大昌-新店,2023-04-12,6464
00907,永豐優息存股,24,0,24,大昌-新店,2023-04-12,6464
5425,台半,37,14,23,大昌-新店,2023-04-12,6464
5328,華容,22,0,22,大昌-新店,2023-04-12,6464
8222,寶一,44,22,22,大昌-新店,2023-04-12,6464
2433,互盛電,30,8,22,大昌-新店,2023-04-12,6464
00637L,元大滬深300正2,22,0,22,大昌-新店,2023-04-12,6464
2867,三商壽,39,18,21,大昌-新店,2023-04-12,6464
4904,遠傳,20,0,20,大昌-新店,2023-04-12,6464
2412,中華電,20,0,20,大昌-新店,2023-04-12,6464
6285,啟��,26,6,20,大昌-新店,2023-04-12,6464
6691,洋基工程,20,0,20,大昌-新店,2023-04-12,6464
00679B,元大美債20年,18,0,18,大昌-新店,2023-04-12,6464
3162,精確,21,3,18,大昌-新店,2023-04-12,6464
6266,泰詠,36,18,18,大昌-新店,2023-04-12,6464
2330,台積電,20,4,16,大昌-新店,2023-04-12,6464
2887,台新金,17,2,15,大昌-新店,2023-04-12,6464
1725,元禎,15,0,15,大昌-新店,2023-04-12,6464
4906,正文,17,2,15,大昌-新店,2023-04-12,6464
2492,華新科,29,14,15,大昌-新店,2023-04-12,6464
8926,台汽電,24,9,15,大昌-新店,2023-04-12,6464
3081,聯亞,17,3,14,大昌-新店,2023-04-12,6464
9962,有益,23,10,13,大昌-新店,2023-04-12,6464
2062,橋椿,13,0,13,大昌-新店,2023-04-12,6464
00780B,國泰A級金融債,13,0,13,大昌-新店,2023-04-12,6464
2801,彰銀,13,0,13,大昌-新店,2023-04-12,6464
9944,新麗,13,0,13,大昌-新店,2023-04-12,6464
00712,復華富時不動產,597,0,597,大昌-新店,2023-04-13,6464
00637L,元大滬深300正2,327,26,301,大昌-新店,2023-04-13,6464
3058,立德,104,0,104,大昌-新店,2023-04-13,6464
00632R,元大台灣50反1,125,33,92,大昌-新店,2023-04-13,6464
1314,中石化,163,73,90,大昌-新店,2023-04-13,6464
00673R,期元大S＆P原油反1,99,16,83,大昌-新店,2023-04-13,6464
00648R,元大S＆P500反1,80,0,80,大昌-新店,2023-04-13,6464
00665L,富邦�琤肭磪囓�2,65,0,65,大昌-新店,2023-04-13,6464
3711,日月光投控,67,4,63,大昌-新店,2023-04-13,6464
1513,中興電,104,44,60,大昌-新店,2023-04-13,6464
2409,友達,111,52,59,大昌-新店,2023-04-13,6464
3056,富華新,79,24,55,大昌-新店,2023-04-13,6464
00680L,元大美債20正2,52,0,52,大昌-新店,2023-04-13,6464
3540,曜越,70,20,50,大昌-新店,2023-04-13,6464
2102,泰豐,39,0,39,大昌-新店,2023-04-13,6464
3029,零壹,39,2,37,大昌-新店,2023-04-13,6464
2515,中工,336,299,37,大昌-新店,2023-04-13,6464
6248,沛波,43,8,35,大昌-新店,2023-04-13,6464
2492,華新科,54,19,35,大昌-新店,2023-04-13,6464
5009,榮剛,74,42,32,大昌-新店,2023-04-13,6464
2358,廷鑫,30,0,30,大昌-新店,2023-04-13,6464
00888,永豐台灣ESG,29,0,29,大昌-新店,2023-04-13,6464
3312,弘憶股,29,1,28,大昌-新店,2023-04-13,6464
1605,華新,41,14,27,大昌-新店,2023-04-13,6464
3211,順達,27,0,27,大昌-新店,2023-04-13,6464
4702,中美實,30,5,25,大昌-新店,2023-04-13,6464
2313,華通,42,17,25,大昌-新店,2023-04-13,6464
00715L,期街口布蘭特正2,27,3,24,大昌-新店,2023-04-13,6464
2388,威盛,25,2,23,大昌-新店,2023-04-13,6464
6163,華電網,46,24,22,大昌-新店,2023-04-13,6464
2428,興勤,22,0,22,大昌-新店,2023-04-13,6464
2471,資通,23,1,22,大昌-新店,2023-04-13,6464
1815,富喬,22,0,22,大昌-新店,2023-04-13,6464
6282,康舒,37,16,21,大昌-新店,2023-04-13,6464
00892,富邦台灣半導體,21,0,21,大昌-新店,2023-04-13,6464
00679B,元大美債20年,29,9,20,大昌-新店,2023-04-13,6464
00671R,富邦NASDAQ反1,20,0,20,大昌-新店,2023-04-13,6464
6223,旺矽,32,13,19,大昌-新店,2023-04-13,6464
2369,菱生,21,2,19,大昌-新店,2023-04-13,6464
2812,台中銀,20,1,19,大昌-新店,2023-04-13,6464
3092,鴻碩,18,0,18,大昌-新店,2023-04-13,6464
6229,研通,19,1,18,大昌-新店,2023-04-13,6464
6241,易通展,18,0,18,大昌-新店,2023-04-13,6464
00780B,國泰A級金融債,18,0,18,大昌-新店,2023-04-13,6464
00772B,中信高評級公司債,18,0,18,大昌-新店,2023-04-13,6464
00713,元大台灣高息低波,37,19,18,大昌-新店,2023-04-13,6464
2399,映泰,20,2,18,大昌-新店,2023-04-13,6464
0050,元大台灣50,18,0,18,大昌-新店,2023-04-13,6464
3673,TPK-KY,19,2,17,大昌-新店,2023-04-13,6464
2637,慧洋-KY,17,0,17,大昌-新店,2023-04-13,6464
3481,群創,369,90,279,大昌-新店,2023-04-14,6464
00882,中信中國高股息,160,0,160,大昌-新店,2023-04-14,6464
2634,漢翔,197,68,129,大昌-新店,2023-04-14,6464
00885,富邦越南,127,0,127,大昌-新店,2023-04-14,6464
00652,富邦印度,77,1,76,大昌-新店,2023-04-14,6464
00665L,富邦�琤肭磪囓�2,100,24,76,大昌-新店,2023-04-14,6464
00637L,元大滬深300正2,185,120,65,大昌-新店,2023-04-14,6464
2618,長榮航,98,42,56,大昌-新店,2023-04-14,6464
5328,華容,64,8,56,大昌-新店,2023-04-14,6464
2208,台船,173,117,56,大昌-新店,2023-04-14,6464
00679B,元大美債20年,56,0,56,大昌-新店,2023-04-14,6464
4973,廣穎,50,0,50,大昌-新店,2023-04-14,6464
6176,瑞儀,51,8,43,大昌-新店,2023-04-14,6464
2002,中鋼,51,8,43,大昌-新店,2023-04-14,6464
4541,晟田,50,7,43,大昌-新店,2023-04-14,6464
1609,大亞,181,139,42,大昌-新店,2023-04-14,6464
2349,錸德,40,0,40,大昌-新店,2023-04-14,6464
2610,華航,57,18,39,大昌-新店,2023-04-14,6464
2027,大成鋼,54,16,38,大昌-新店,2023-04-14,6464
6167,久正,36,0,36,大昌-新店,2023-04-14,6464
1589,永冠-KY,36,2,34,大昌-新店,2023-04-14,6464
00712,復華富時不動產,33,0,33,大昌-新店,2023-04-14,6464
2472,立隆電,34,1,33,大昌-新店,2023-04-14,6464
2344,華邦電,42,10,32,大昌-新店,2023-04-14,6464
8076,伍豐,30,0,30,大昌-新店,2023-04-14,6464
1504,東元,69,39,30,大昌-新店,2023-04-14,6464
3224,三顧,25,0,25,大昌-新店,2023-04-14,6464
2023,燁輝,23,0,23,大昌-新店,2023-04-14,6464
1312,國喬,30,7,23,大昌-新店,2023-04-14,6464
00720B,元大投資級公司債,22,0,22,大昌-新店,2023-04-14,6464
3703,欣陸,20,0,20,大昌-新店,2023-04-14,6464
3006,晶豪科,25,6,19,大昌-新店,2023-04-14,6464
3081,聯亞,20,1,19,大昌-新店,2023-04-14,6464
3693,營邦,27,10,17,大昌-新店,2023-04-14,6464
1584,精剛,28,11,17,大昌-新店,2023-04-14,6464
3231,緯創,52,36,16,大昌-新店,2023-04-14,6464
4164,承業醫,34,18,16,大昌-新店,2023-04-14,6464
6122,擎邦,46,30,16,大昌-新店,2023-04-14,6464
4155,訊映,16,0,16,大昌-新店,2023-04-14,6464
6446,藥華藥,16,1,15,大昌-新店,2023-04-14,6464
8086,宏捷科,17,2,15,大昌-新店,2023-04-14,6464
2834,臺企銀,25,10,15,大昌-新店,2023-04-14,6464
00673R,期元大S＆P原油反1,15,0,15,大昌-新店,2023-04-14,6464
1463,強盛新,15,0,15,大昌-新店,2023-04-14,6464
3673,TPK-KY,27,12,15,大昌-新店,2023-04-14,6464
6274,台燿,20,6,14,大昌-新店,2023-04-14,6464
6733,博晟生醫,14,0,14,大昌-新店,2023-04-14,6464
8110,華東,17,3,14,大昌-新店,2023-04-14,6464
3037,欣興,16,3,13,大昌-新店,2023-04-14,6464
8038,長園科,13,0,13,大昌-新店,2023-04-14,6464
00712,復華富時不動產,205,5,200,大昌-新店,2023-04-17,6464
3029,零壹,234,60,174,大昌-新店,2023-04-17,6464
2867,三商壽,138,2,136,大昌-新店,2023-04-17,6464
2409,友達,132,15,117,大昌-新店,2023-04-17,6464
2206,三陽工業,175,67,108,大昌-新店,2023-04-17,6464
00865B,國泰US短期公債,102,0,102,大昌-新店,2023-04-17,6464
00652,富邦印度,102,0,102,大昌-新店,2023-04-17,6464
2002,中鋼,82,7,75,大昌-新店,2023-04-17,6464
3714,富采,70,1,69,大昌-新店,2023-04-17,6464
00679B,元大美債20年,71,5,66,大昌-新店,2023-04-17,6464
3013,晟銘電,98,43,55,大昌-新店,2023-04-17,6464
1608,華榮,57,4,53,大昌-新店,2023-04-17,6464
00680L,元大美債20正2,52,0,52,大昌-新店,2023-04-17,6464
8033,雷虎,69,19,50,大昌-新店,2023-04-17,6464
1783,和康生,64,14,50,大昌-新店,2023-04-17,6464
2601,益航,50,2,48,大昌-新店,2023-04-17,6464
3207,耀勝,42,2,40,大昌-新店,2023-04-17,6464
6248,沛波,45,11,34,大昌-新店,2023-04-17,6464
8403,盛弘,32,0,32,大昌-新店,2023-04-17,6464
1514,亞力,54,22,32,大昌-新店,2023-04-17,6464
2634,漢翔,145,114,31,大昌-新店,2023-04-17,6464
2883,凱基金,52,23,29,大昌-新店,2023-04-17,6464
2618,長榮航,38,9,29,大昌-新店,2023-04-17,6464
2427,三商電,31,2,29,大昌-新店,2023-04-17,6464
3057,喬鼎,28,0,28,大昌-新店,2023-04-17,6464
4128,中天,24,0,24,大昌-新店,2023-04-17,6464
2614,東森,22,1,21,大昌-新店,2023-04-17,6464
4406,新昕纖,21,0,21,大昌-新店,2023-04-17,6464
8091,翔名,26,5,21,大昌-新店,2023-04-17,6464
6139,亞翔,21,1,20,大昌-新店,2023-04-17,6464
3484,崧騰,23,3,20,大昌-新店,2023-04-17,6464
3305,昇貿,22,3,19,大昌-新店,2023-04-17,6464
5880,合庫金,20,1,19,大昌-新店,2023-04-17,6464
6163,華電網,27,8,19,大昌-新店,2023-04-17,6464
2881,富邦金,21,2,19,大昌-新店,2023-04-17,6464
2208,台船,78,59,19,大昌-新店,2023-04-17,6464
1726,永記,20,2,18,大昌-新店,2023-04-17,6464
2515,中工,70,53,17,大昌-新店,2023-04-17,6464
6547,高端疫苗,23,6,17,大昌-新店,2023-04-17,6464
2329,華泰,34,18,16,大昌-新店,2023-04-17,6464
1815,富喬,16,0,16,大昌-新店,2023-04-17,6464
00706L,期元大S＆P日圓正2,16,0,16,大昌-新店,2023-04-17,6464
4114,健喬,29,14,15,大昌-新店,2023-04-17,6464
6266,泰詠,38,23,15,大昌-新店,2023-04-17,6464
3048,益登,15,0,15,大昌-新店,2023-04-17,6464
2882,國泰金,17,2,15,大昌-新店,2023-04-17,6464
2332,友訊,32,17,15,大昌-新店,2023-04-17,6464
2454,聯發科,19,5,14,大昌-新店,2023-04-17,6464
3693,營邦,16,3,13,大昌-新店,2023-04-17,6464
5009,榮剛,49,36,13,大昌-新店,2023-04-17,6464
2409,友達,344,10,334,大昌-新店,2023-04-18,6464
00720B,元大投資級公司債,240,15,225,大昌-新店,2023-04-18,6464
3481,群創,106,25,81,大昌-新店,2023-04-18,6464
00679B,元大美債20年,78,0,78,大昌-新店,2023-04-18,6464
8926,台汽電,98,21,77,大昌-新店,2023-04-18,6464
00680L,元大美債20正2,64,0,64,大昌-新店,2023-04-18,6464
8069,元太,65,3,62,大昌-新店,2023-04-18,6464
2609,陽明,64,9,55,大昌-新店,2023-04-18,6464
9907,統一實,51,1,50,大昌-新店,2023-04-18,6464
6160,欣技,68,18,50,大昌-新店,2023-04-18,6464
6282,康舒,91,43,48,大昌-新店,2023-04-18,6464
1605,華新,67,28,39,大昌-新店,2023-04-18,6464
2634,漢翔,121,82,39,大昌-新店,2023-04-18,6464
2603,長榮,55,17,38,大昌-新店,2023-04-18,6464
6235,華孚,62,24,38,大昌-新店,2023-04-18,6464
3149,正達,38,1,37,大昌-新店,2023-04-18,6464
6443,元晶,69,33,36,大昌-新店,2023-04-18,6464
6477,安集,41,6,35,大昌-新店,2023-04-18,6464
1726,永記,38,3,35,大昌-新店,2023-04-18,6464
2515,中工,48,13,35,大昌-新店,2023-04-18,6464
8105,凌巨,46,13,33,大昌-新店,2023-04-18,6464
2605,新興,33,1,32,大昌-新店,2023-04-18,6464
6148,驊宏資,31,2,29,大昌-新店,2023-04-18,6464
00713,元大台灣高息低波,29,1,28,大昌-新店,2023-04-18,6464
3029,零壹,62,35,27,大昌-新店,2023-04-18,6464
6163,華電網,38,11,27,大昌-新店,2023-04-18,6464
2486,一詮,32,6,26,大昌-新店,2023-04-18,6464
8033,雷虎,103,77,26,大昌-新店,2023-04-18,6464
00772B,中信高評級公司債,24,0,24,大昌-新店,2023-04-18,6464
2312,金寶,36,12,24,大昌-新店,2023-04-18,6464
1529,樂事綠能,47,25,22,大昌-新店,2023-04-18,6464
3045,台灣大,22,0,22,大昌-新店,2023-04-18,6464
2888,新光金,22,0,22,大昌-新店,2023-04-18,6464
00751B,元大AAA至A公司債,21,0,21,大昌-新店,2023-04-18,6464
2433,互盛電,22,1,21,大昌-新店,2023-04-18,6464
2027,大成鋼,24,3,21,大昌-新店,2023-04-18,6464
1708,東鹼,24,3,21,大昌-新店,2023-04-18,6464
6288,聯嘉,46,25,21,大昌-新店,2023-04-18,6464
3057,喬鼎,21,0,21,大昌-新店,2023-04-18,6464
3211,順達,20,0,20,大昌-新店,2023-04-18,6464
3645,達邁,22,2,20,大昌-新店,2023-04-18,6464
6234,高僑,25,6,19,大昌-新店,2023-04-18,6464
2356,英業達,19,0,19,大昌-新店,2023-04-18,6464
5009,榮剛,49,30,19,大昌-新店,2023-04-18,6464
2472,立隆電,21,3,18,大昌-新店,2023-04-18,6464
1532,勤美,18,0,18,大昌-新店,2023-04-18,6464
0056,元大高股息,20,2,18,大昌-新店,2023-04-18,6464
4541,晟田,20,2,18,大昌-新店,2023-04-18,6464
2454,聯發科,20,2,18,大昌-新店,2023-04-18,6464
3062,建漢,24,6,18,大昌-新店,2023-04-18,6464
00712,復華富時不動產,203,0,203,大昌-新店,2023-04-19,6464
2618,長榮航,149,14,135,大昌-新店,2023-04-19,6464
1522,堤維西,112,5,107,大昌-新店,2023-04-19,6464
2409,友達,167,91,76,大昌-新店,2023-04-19,6464
3363,上詮,83,14,69,大昌-新店,2023-04-19,6464
00772B,中信高評級公司債,56,0,56,大昌-新店,2023-04-19,6464
2303,聯電,58,6,52,大昌-新店,2023-04-19,6464
6168,宏齊,50,0,50,大昌-新店,2023-04-19,6464
1726,永記,53,4,49,大昌-新店,2023-04-19,6464
3673,TPK-KY,48,3,45,大昌-新店,2023-04-19,6464
00680L,元大美債20正2,40,0,40,大昌-新店,2023-04-19,6464
6770,力積電,49,13,36,大昌-新店,2023-04-19,6464
2609,陽明,40,6,34,大昌-新店,2023-04-19,6464
3221,台嘉碩,32,0,32,大昌-新店,2023-04-19,6464
2486,一詮,31,0,31,大昌-新店,2023-04-19,6464
4510,高鋒,29,0,29,大昌-新店,2023-04-19,6464
2328,廣宇,34,5,29,大昌-新店,2023-04-19,6464
00912,中信臺灣智慧50,28,0,28,大昌-新店,2023-04-19,6464
2433,互盛電,29,2,27,大昌-新店,2023-04-19,6464
5457,宣德,26,0,26,大昌-新店,2023-04-19,6464
00892,富邦台灣半導體,25,0,25,大昌-新店,2023-04-19,6464
2102,泰豐,24,0,24,大昌-新店,2023-04-19,6464
2359,所羅門,25,2,23,大昌-新店,2023-04-19,6464
2313,華通,25,3,22,大昌-新店,2023-04-19,6464
00881,國泰台灣5G+,22,0,22,大昌-新店,2023-04-19,6464
0050,元大台灣50,22,0,22,大昌-新店,2023-04-19,6464
2027,大成鋼,27,6,21,大昌-新店,2023-04-19,6464
3078,僑威,30,9,21,大昌-新店,2023-04-19,6464
6217,中探針,20,0,20,大昌-新店,2023-04-19,6464
2201,裕隆,51,32,19,大昌-新店,2023-04-19,6464
3545,敦泰,20,1,19,大昌-新店,2023-04-19,6464
9941,裕融,24,5,19,大昌-新店,2023-04-19,6464
2314,台揚,23,4,19,大昌-新店,2023-04-19,6464
3037,欣興,36,18,18,大昌-新店,2023-04-19,6464
2406,國碩,44,26,18,大昌-新店,2023-04-19,6464
3711,日月光投控,19,2,17,大昌-新店,2023-04-19,6464
3537,堡達,17,0,17,大昌-新店,2023-04-19,6464
00683L,期元大美元指正2,16,0,16,大昌-新店,2023-04-19,6464
3045,台灣大,15,0,15,大昌-新店,2023-04-19,6464
2498,宏達電,35,20,15,大昌-新店,2023-04-19,6464
6197,佳必琪,15,0,15,大昌-新店,2023-04-19,6464
3022,威強電,15,0,15,大昌-新店,2023-04-19,6464
2038,海光,15,0,15,大昌-新店,2023-04-19,6464
5009,榮剛,23,8,15,大昌-新店,2023-04-19,6464
4919,新唐,17,2,15,大昌-新店,2023-04-19,6464
1471,首利,27,13,14,大昌-新店,2023-04-19,6464
2881,富邦金,14,0,14,大昌-新店,2023-04-19,6464
1305,華夏,14,0,14,大昌-新店,2023-04-19,6464
2610,華航,34,20,14,大昌-新店,2023-04-19,6464
3189,景碩,14,0,14,大昌-新店,2023-04-19,6464
00882,中信中國高股息,192,0,192,大昌-新店,2023-04-20,6464
3231,緯創,132,17,115,大昌-新店,2023-04-20,6464
00720B,元大投資級公司債,110,8,102,大昌-新店,2023-04-20,6464
1903,士紙,85,0,85,大昌-新店,2023-04-20,6464
2535,達欣工,82,3,79,大昌-新店,2023-04-20,6464
00687B,國泰20年美債,72,0,72,大昌-新店,2023-04-20,6464
2303,聯電,95,30,65,大昌-新店,2023-04-20,6464
1609,大亞,78,16,62,大昌-新店,2023-04-20,6464
00727B,國泰優選非投等債,53,0,53,大昌-新店,2023-04-20,6464
2609,陽明,69,19,50,大昌-新店,2023-04-20,6464
2409,友達,105,57,48,大昌-新店,2023-04-20,6464
6443,元晶,59,14,45,大昌-新店,2023-04-20,6464
2402,毅嘉,51,9,42,大昌-新店,2023-04-20,6464
6244,茂迪,141,99,42,大昌-新店,2023-04-20,6464
00679B,元大美債20年,51,11,40,大昌-新店,2023-04-20,6464
4114,健喬,41,1,40,大昌-新店,2023-04-20,6464
3576,聯合再生,44,10,34,大昌-新店,2023-04-20,6464
6770,力積電,34,2,32,大昌-新店,2023-04-20,6464
6125,廣運,37,6,31,大昌-新店,2023-04-20,6464
1809,中釉,45,14,31,大昌-新店,2023-04-20,6464
6288,聯嘉,59,29,30,大昌-新店,2023-04-20,6464
2433,互盛電,27,0,27,大昌-新店,2023-04-20,6464
4541,晟田,25,0,25,大昌-新店,2023-04-20,6464
2515,中工,44,21,23,大昌-新店,2023-04-20,6464
5009,榮剛,56,33,23,大昌-新店,2023-04-20,6464
1605,華新,48,26,22,大昌-新店,2023-04-20,6464
3033,威健,26,5,21,大昌-新店,2023-04-20,6464
1444,力麗,24,3,21,大昌-新店,2023-04-20,6464
00665L,富邦�琤肭磪囓�2,51,30,21,大昌-新店,2023-04-20,6464
2614,東森,30,9,21,大昌-新店,2023-04-20,6464
2102,泰豐,21,0,21,大昌-新店,2023-04-20,6464
6470,宇智,25,4,21,大昌-新店,2023-04-20,6464
00892,富邦台灣半導體,20,0,20,大昌-新店,2023-04-20,6464
3147,大綜,27,7,20,大昌-新店,2023-04-20,6464
3646,艾恩特,20,0,20,大昌-新店,2023-04-20,6464
00885,富邦越南,19,0,19,大昌-新店,2023-04-20,6464
00912,中信臺灣智慧50,19,0,19,大昌-新店,2023-04-20,6464
3059,華晶科,19,0,19,大昌-新店,2023-04-20,6464
1904,正隆,25,7,18,大昌-新店,2023-04-20,6464
2201,裕隆,59,42,17,大昌-新店,2023-04-20,6464
3029,零壹,41,24,17,大昌-新店,2023-04-20,6464
2014,中鴻,18,1,17,大昌-新店,2023-04-20,6464
2382,廣達,18,2,16,大昌-新店,2023-04-20,6464
8068,全達,16,0,16,大昌-新店,2023-04-20,6464
1524,耿鼎,17,1,16,大昌-新店,2023-04-20,6464
8409,商之器,16,0,16,大昌-新店,2023-04-20,6464
8091,翔名,19,4,15,大昌-新店,2023-04-20,6464
1618,合機,17,2,15,大昌-新店,2023-04-20,6464
2208,台船,28,13,15,大昌-新店,2023-04-20,6464
8105,凌巨,14,0,14,大昌-新店,2023-04-20,6464
1314,中石化,328,7,321,大昌-新店,2023-04-21,6464
2610,華航,245,18,227,大昌-新店,2023-04-21,6464
00720B,元大投資級公司債,214,0,214,大昌-新店,2023-04-21,6464
3576,聯合再生,127,3,124,大昌-新店,2023-04-21,6464
00727B,國泰優選非投等債,88,0,88,大昌-新店,2023-04-21,6464
2535,達欣工,72,0,72,大昌-新店,2023-04-21,6464
6163,華電網,75,20,55,大昌-新店,2023-04-21,6464
2609,陽明,76,25,51,大昌-新店,2023-04-21,6464
3033,威健,51,0,51,大昌-新店,2023-04-21,6464
6443,元晶,82,31,51,大昌-新店,2023-04-21,6464
2002,中鋼,50,3,47,大昌-新店,2023-04-21,6464
00878,國泰永續高股息,109,63,46,大昌-新店,2023-04-21,6464
6770,力積電,68,24,44,大昌-新店,2023-04-21,6464
00687B,國泰20年美債,41,0,41,大昌-新店,2023-04-21,6464
3710,連展投控,66,25,41,大昌-新店,2023-04-21,6464
2433,互盛電,39,0,39,大昌-新店,2023-04-21,6464
00715L,期街口布蘭特正2,39,0,39,大昌-新店,2023-04-21,6464
3048,益登,61,24,37,大昌-新店,2023-04-21,6464
00900,富邦特選高股息30,36,0,36,大昌-新店,2023-04-21,6464
1710,東聯,44,11,33,大昌-新店,2023-04-21,6464
6470,宇智,42,9,33,大昌-新店,2023-04-21,6464
00865B,國泰US短期公債,30,0,30,大昌-新店,2023-04-21,6464
3290,東浦,30,0,30,大昌-新店,2023-04-21,6464
2312,金寶,29,0,29,大昌-新店,2023-04-21,6464
00631L,元大台灣50正2,31,2,29,大昌-新店,2023-04-21,6464
1605,華新,32,4,28,大昌-新店,2023-04-21,6464
6189,豐藝,30,3,27,大昌-新店,2023-04-21,6464
2303,聯電,44,18,26,大昌-新店,2023-04-21,6464
1310,台苯,26,0,26,大昌-新店,2023-04-21,6464
2313,華通,33,8,25,大昌-新店,2023-04-21,6464
00665L,富邦�琤肭磪囓�2,24,0,24,大昌-新店,2023-04-21,6464
3714,富采,24,0,24,大昌-新店,2023-04-21,6464
1711,永光,41,18,23,大昌-新店,2023-04-21,6464
00679B,元大美債20年,28,5,23,大昌-新店,2023-04-21,6464
00753L,中信中國50正2,22,0,22,大昌-新店,2023-04-21,6464
5425,台半,23,1,22,大昌-新店,2023-04-21,6464
3646,艾恩特,20,0,20,大昌-新店,2023-04-21,6464
00651R,復華香港反1,20,0,20,大昌-新店,2023-04-21,6464
2231,為升,20,0,20,大昌-新店,2023-04-21,6464
6016,康和證,20,0,20,大昌-新店,2023-04-21,6464
4426,利勤,20,0,20,大昌-新店,2023-04-21,6464
2102,泰豐,19,0,19,大昌-新店,2023-04-21,6464
3056,富華新,19,1,18,大昌-新店,2023-04-21,6464
2615,萬海,18,0,18,大昌-新店,2023-04-21,6464
3088,艾訊,17,0,17,大昌-新店,2023-04-21,6464
6125,廣運,30,14,16,大昌-新店,2023-04-21,6464
4743,合一,22,7,15,大昌-新店,2023-04-21,6464
3374,精材,15,0,15,大昌-新店,2023-04-21,6464
6271,同欣電,16,1,15,大昌-新店,2023-04-21,6464
1584,精剛,15,1,14,大昌-新店,2023-04-21,6464
00637L,元大滬深300正2,352,11,341,大昌-新店,2023-04-24,6464
2313,華通,122,13,109,大昌-新店,2023-04-24,6464
2303,聯電,102,19,83,大昌-新店,2023-04-24,6464
4960,誠美材,55,0,55,大昌-新店,2023-04-24,6464
1312,國喬,55,1,54,大昌-新店,2023-04-24,6464
1717,長興,51,0,51,大昌-新店,2023-04-24,6464
6176,瑞儀,40,0,40,大昌-新店,2023-04-24,6464
2495,普安,46,7,39,大昌-新店,2023-04-24,6464
2913,農林,60,23,37,大昌-新店,2023-04-24,6464
00902,中信電池及儲能,35,0,35,大昌-新店,2023-04-24,6464
2208,台船,34,2,32,大昌-新店,2023-04-24,6464
2433,互盛電,34,2,32,大昌-新店,2023-04-24,6464
6244,茂迪,32,2,30,大昌-新店,2023-04-24,6464
2002,中鋼,38,8,30,大昌-新店,2023-04-24,6464
00650L,復華香港正2,29,2,27,大昌-新店,2023-04-24,6464
2027,大成鋼,25,0,25,大昌-新店,2023-04-24,6464
1310,台苯,59,34,25,大昌-新店,2023-04-24,6464
2645,長榮航太,23,0,23,大昌-新店,2023-04-24,6464
1810,和成,22,0,22,大昌-新店,2023-04-24,6464
6282,康舒,50,28,22,大昌-新店,2023-04-24,6464
6269,台郡,21,0,21,大昌-新店,2023-04-24,6464
2031,新光鋼,29,9,20,大昌-新店,2023-04-24,6464
2107,厚生,20,0,20,大昌-新店,2023-04-24,6464
8070,長華*,20,0,20,大昌-新店,2023-04-24,6464
3508,位速,20,0,20,大昌-新店,2023-04-24,6464
2330,台積電,21,2,19,大昌-新店,2023-04-24,6464
00878,國泰永續高股息,34,16,18,大昌-新店,2023-04-24,6464
00753L,中信中國50正2,23,5,18,大昌-新店,2023-04-24,6464
00687B,國泰20年美債,18,0,18,大昌-新店,2023-04-24,6464
1760,寶齡富錦,18,1,17,大昌-新店,2023-04-24,6464
4973,廣穎,16,0,16,大昌-新店,2023-04-24,6464
00679B,元大美債20年,20,4,16,大昌-新店,2023-04-24,6464
2332,友訊,16,0,16,大昌-新店,2023-04-24,6464
4743,合一,18,2,16,大昌-新店,2023-04-24,6464
2344,華邦電,22,6,16,大昌-新店,2023-04-24,6464
00893,國泰智能電動車,14,0,14,大昌-新店,2023-04-24,6464
2317,鴻海,16,2,14,大昌-新店,2023-04-24,6464
2457,飛宏,21,7,14,大昌-新店,2023-04-24,6464
00720B,元大投資級公司債,13,0,13,大昌-新店,2023-04-24,6464
2535,達欣工,15,2,13,大昌-新店,2023-04-24,6464
00888,永豐台灣ESG,13,0,13,大昌-新店,2023-04-24,6464
3312,弘憶股,15,2,13,大昌-新店,2023-04-24,6464
3027,盛達,12,0,12,大昌-新店,2023-04-24,6464
2603,長榮,12,1,11,大昌-新店,2023-04-24,6464
00751B,元大AAA至A公司債,11,0,11,大昌-新店,2023-04-24,6464
1227,佳格,11,0,11,大昌-新店,2023-04-24,6464
4128,中天,11,0,11,大昌-新店,2023-04-24,6464
0050,元大台灣50,11,0,11,大昌-新店,2023-04-24,6464
4726,永昕,10,0,10,大昌-新店,2023-04-24,6464
00900,富邦特選高股息30,10,0,10,大昌-新店,2023-04-24,6464
2371,大同,287,2,285,大昌-新店,2023-04-25,6464
2610,華航,167,2,165,大昌-新店,2023-04-25,6464
9907,統一實,137,0,137,大昌-新店,2023-04-25,6464
0056,元大高股息,98,27,71,大昌-新店,2023-04-25,6464
3231,緯創,104,35,69,大昌-新店,2023-04-25,6464
6176,瑞儀,71,3,68,大昌-新店,2023-04-25,6464
2014,中鴻,67,3,64,大昌-新店,2023-04-25,6464
00865B,國泰US短期公債,60,0,60,大昌-新店,2023-04-25,6464
00878,國泰永續高股息,78,20,58,大昌-新店,2023-04-25,6464
00881,國泰台灣5G+,53,0,53,大昌-新店,2023-04-25,6464
2515,中工,84,31,53,大昌-新店,2023-04-25,6464
0050,元大台灣50,51,1,50,大昌-新店,2023-04-25,6464
3703,欣陸,51,3,48,大昌-新店,2023-04-25,6464
1722,台肥,46,3,43,大昌-新店,2023-04-25,6464
9945,潤泰新,69,27,42,大昌-新店,2023-04-25,6464
2634,漢翔,145,106,39,大昌-新店,2023-04-25,6464
2489,瑞軒,44,5,39,大昌-新店,2023-04-25,6464
2433,互盛電,38,0,38,大昌-新店,2023-04-25,6464
2208,台船,70,32,38,大昌-新店,2023-04-25,6464
00900,富邦特選高股息30,38,0,38,大昌-新店,2023-04-25,6464
00882,中信中國高股息,41,4,37,大昌-新店,2023-04-25,6464
1609,大亞,45,9,36,大昌-新店,2023-04-25,6464
1721,三晃,48,12,36,大昌-新店,2023-04-25,6464
2107,厚生,35,0,35,大昌-新店,2023-04-25,6464
00633L,富邦上証正2,39,6,33,大昌-新店,2023-04-25,6464
1726,永記,33,3,30,大昌-新店,2023-04-25,6464
2603,長榮,36,7,29,大昌-新店,2023-04-25,6464
3062,建漢,31,2,29,大昌-新店,2023-04-25,6464
1310,台苯,87,59,28,大昌-新店,2023-04-25,6464
00753L,中信中國50正2,29,3,26,大昌-新店,2023-04-25,6464
1101,台泥,52,26,26,大昌-新店,2023-04-25,6464
2889,國票金,25,0,25,大昌-新店,2023-04-25,6464
1503,士電,30,6,24,大昌-新店,2023-04-25,6464
00665L,富邦�琤肭磪囓�2,32,8,24,大昌-新店,2023-04-25,6464
4967,十銓,23,1,22,大昌-新店,2023-04-25,6464
2331,精英,69,47,22,大昌-新店,2023-04-25,6464
4128,中天,22,0,22,大昌-新店,2023-04-25,6464
2883B,凱基金乙特,22,0,22,大昌-新店,2023-04-25,6464
1504,東元,51,30,21,大昌-新店,2023-04-25,6464
2421,建準,21,0,21,大昌-新店,2023-04-25,6464
6461,益得,28,7,21,大昌-新店,2023-04-25,6464
2002,中鋼,30,9,21,大昌-新店,2023-04-25,6464
6282,康舒,91,71,20,大昌-新店,2023-04-25,6464
2337,旺宏,22,2,20,大昌-新店,2023-04-25,6464
8215,明基材,24,4,20,大昌-新店,2023-04-25,6464
2201,裕隆,30,11,19,大昌-新店,2023-04-25,6464
00892,富邦台灣半導體,19,0,19,大昌-新店,2023-04-25,6464
2409,友達,69,50,19,大昌-新店,2023-04-25,6464
3406,玉晶光,21,2,19,大昌-新店,2023-04-25,6464
00713,元大台灣高息低波,25,7,18,大昌-新店,2023-04-25,6464
00720B,元大投資級公司債,216,0,216,大昌-新店,2023-04-26,6464
2887,台新金,202,20,182,大昌-新店,2023-04-26,6464
0050,元大台灣50,63,0,63,大昌-新店,2023-04-26,6464
00725B,國泰投資級公司債,53,0,53,大昌-新店,2023-04-26,6464
00865B,國泰US短期公債,50,0,50,大昌-新店,2023-04-26,6464
1726,永記,49,0,49,大昌-新店,2023-04-26,6464
5258,虹堡,59,13,46,大昌-新店,2023-04-26,6464
2609,陽明,48,5,43,大昌-新店,2023-04-26,6464
2331,精英,40,0,40,大昌-新店,2023-04-26,6464
3035,智原,73,34,39,大昌-新店,2023-04-26,6464
2433,互盛電,36,0,36,大昌-新店,2023-04-26,6464
2610,華航,40,5,35,大昌-新店,2023-04-26,6464
2002,中鋼,92,58,34,大昌-新店,2023-04-26,6464
00715L,期街口布蘭特正2,30,0,30,大昌-新店,2023-04-26,6464
3479,安勤,31,1,30,大昌-新店,2023-04-26,6464
2634,漢翔,67,38,29,大昌-新店,2023-04-26,6464
2352,佳世達,33,5,28,大昌-新店,2023-04-26,6464
4113,聯上,23,0,23,大昌-新店,2023-04-26,6464
3057,喬鼎,22,0,22,大昌-新店,2023-04-26,6464
6770,力積電,31,10,21,大昌-新店,2023-04-26,6464
00924,復華S＆P500成長,21,0,21,大昌-新店,2023-04-26,6464
8222,寶一,53,33,20,大昌-新店,2023-04-26,6464
6461,益得,22,2,20,大昌-新店,2023-04-26,6464
2606,裕民,22,2,20,大昌-新店,2023-04-26,6464
00885,富邦越南,20,0,20,大昌-新店,2023-04-26,6464
2409,友達,25,6,19,大昌-新店,2023-04-26,6464
1605,華新,19,2,17,大昌-新店,2023-04-26,6464
2351,順德,20,3,17,大昌-新店,2023-04-26,6464
8213,志超,16,0,16,大昌-新店,2023-04-26,6464
2337,旺宏,31,16,15,大昌-新店,2023-04-26,6464
5457,宣德,15,0,15,大昌-新店,2023-04-26,6464
5603,陸海,20,5,15,大昌-新店,2023-04-26,6464
00679B,元大美債20年,38,24,14,大昌-新店,2023-04-26,6464
1101,台泥,44,30,14,大昌-新店,2023-04-26,6464
4741,泓瀚,13,0,13,大昌-新店,2023-04-26,6464
6176,瑞儀,14,1,13,大昌-新店,2023-04-26,6464
2330,台積電,20,7,13,大昌-新店,2023-04-26,6464
2603,長榮,18,5,13,大昌-新店,2023-04-26,6464
1904,正隆,22,9,13,大昌-新店,2023-04-26,6464
1524,耿鼎,24,12,12,大昌-新店,2023-04-26,6464
2312,金寶,12,0,12,大昌-新店,2023-04-26,6464
6122,擎邦,12,0,12,大昌-新店,2023-04-26,6464
2206,三陽工業,17,5,12,大昌-新店,2023-04-26,6464
2344,華邦電,18,7,11,大昌-新店,2023-04-26,6464
1905,華紙,60,49,11,大昌-新店,2023-04-26,6464
00888,永豐台灣ESG,13,2,11,大昌-新店,2023-04-26,6464
2406,國碩,10,0,10,大昌-新店,2023-04-26,6464
2867,三商壽,20,10,10,大昌-新店,2023-04-26,6464
3264,欣銓,11,1,10,大昌-新店,2023-04-26,6464
1717,長興,12,2,10,大昌-新店,2023-04-26,6464
1314,中石化,60,3,57,大昌-新店,2023-04-27,6464
3037,欣興,56,17,39,大昌-新店,2023-04-27,6464
1710,東聯,49,13,36,大昌-新店,2023-04-27,6464
5309,系統電,35,1,34,大昌-新店,2023-04-27,6464
00885,富邦越南,43,10,33,大昌-新店,2023-04-27,6464
1906,寶隆,30,0,30,大昌-新店,2023-04-27,6464
1611,中電,31,5,26,大昌-新店,2023-04-27,6464
1471,首利,27,1,26,大昌-新店,2023-04-27,6464
2409,友達,42,17,25,大昌-新店,2023-04-27,6464
1533,車王電,32,9,23,大昌-新店,2023-04-27,6464
2610,華航,45,22,23,大昌-新店,2023-04-27,6464
00712,復華富時不動產,23,0,23,大昌-新店,2023-04-27,6464
1717,長興,29,6,23,大昌-新店,2023-04-27,6464
5009,榮剛,34,11,23,大昌-新店,2023-04-27,6464
1312,國喬,23,0,23,大昌-新店,2023-04-27,6464
1711,永光,101,80,21,大昌-新店,2023-04-27,6464
00664R,國泰臺灣加權反1,20,0,20,大昌-新店,2023-04-27,6464
00688L,國泰20年美債正2,20,0,20,大昌-新店,2023-04-27,6464
6508,惠光,20,0,20,大昌-新店,2023-04-27,6464
1731,美吾華,20,0,20,大昌-新店,2023-04-27,6464
3363,上詮,40,20,20,大昌-新店,2023-04-27,6464
9902,台火,20,1,19,大昌-新店,2023-04-27,6464
1452,宏益,19,0,19,大昌-新店,2023-04-27,6464
4916,事欣科,25,6,19,大昌-新店,2023-04-27,6464
00772B,中信高評級公司債,17,0,17,大昌-新店,2023-04-27,6464
1605,華新,20,3,17,大昌-新店,2023-04-27,6464
2208,台船,24,7,17,大昌-新店,2023-04-27,6464
00878,國泰永續高股息,19,4,15,大昌-新店,2023-04-27,6464
2002,中鋼,43,28,15,大昌-新店,2023-04-27,6464
2352,佳世達,21,7,14,大昌-新店,2023-04-27,6464
1709,和益,18,4,14,大昌-新店,2023-04-27,6464
2312,金寶,25,11,14,大昌-新店,2023-04-27,6464
1708,東鹼,16,2,14,大昌-新店,2023-04-27,6464
00720B,元大投資級公司債,14,0,14,大昌-新店,2023-04-27,6464
3048,益登,13,0,13,大昌-新店,2023-04-27,6464
1905,華紙,47,34,13,大昌-新店,2023-04-27,6464
0050,元大台灣50,12,0,12,大昌-新店,2023-04-27,6464
3322,建舜電,12,0,12,大昌-新店,2023-04-27,6464
2433,互盛電,12,0,12,大昌-新店,2023-04-27,6464
6443,元晶,15,3,12,大昌-新店,2023-04-27,6464
4763,材料-KY,16,5,11,大昌-新店,2023-04-27,6464
2368,金像電,14,3,11,大昌-新店,2023-04-27,6464
3673,TPK-KY,15,4,11,大昌-新店,2023-04-27,6464
3711,日月光投控,11,0,11,大昌-新店,2023-04-27,6464
2457,飛宏,23,12,11,大昌-新店,2023-04-27,6464
2883B,凱基金乙特,10,0,10,大昌-新店,2023-04-27,6464
00924,復華S＆P500成長,10,0,10,大昌-新店,2023-04-27,6464
2897,王道銀行,10,0,10,大昌-新店,2023-04-27,6464
6109,亞元,10,0,10,大昌-新店,2023-04-27,6464
3045,台灣大,10,0,10,大昌-新店,2023-04-27,6464
1809,中釉,525,35,490,大昌-新店,2023-04-28,6464
2409,友達,277,116,161,大昌-新店,2023-04-28,6464
00632R,元大台灣50反1,138,10,128,大昌-新店,2023-04-28,6464
00720B,元大投資級公司債,89,4,85,大昌-新店,2023-04-28,6464
2834,臺企銀,75,0,75,大昌-新店,2023-04-28,6464
3481,群創,110,37,73,大昌-新店,2023-04-28,6464
2303,聯電,111,42,69,大昌-新店,2023-04-28,6464
00687B,國泰20年美債,66,0,66,大昌-新店,2023-04-28,6464
6116,彩晶,67,7,60,大昌-新店,2023-04-28,6464
1101,台泥,61,5,56,大昌-新店,2023-04-28,6464
2880,華南金,51,1,50,大昌-新店,2023-04-28,6464
00680L,元大美債20正2,50,0,50,大昌-新店,2023-04-28,6464
6282,康舒,90,43,47,大昌-新店,2023-04-28,6464
3057,喬鼎,43,0,43,大昌-新店,2023-04-28,6464
00648R,元大S＆P500反1,40,0,40,大昌-新店,2023-04-28,6464
2457,飛宏,72,32,40,大昌-新店,2023-04-28,6464
2515,中工,40,1,39,大昌-新店,2023-04-28,6464
00679B,元大美債20年,47,10,37,大昌-新店,2023-04-28,6464
1717,長興,32,0,32,大昌-新店,2023-04-28,6464
2495,普安,47,15,32,大昌-新店,2023-04-28,6464
3048,益登,33,2,31,大昌-新店,2023-04-28,6464
2634,漢翔,116,85,31,大昌-新店,2023-04-28,6464
3576,聯合再生,29,1,28,大昌-新店,2023-04-28,6464
1776,展宇,25,0,25,大昌-新店,2023-04-28,6464
2609,陽明,40,16,24,大昌-新店,2023-04-28,6464
00902,中信電池及儲能,23,0,23,大昌-新店,2023-04-28,6464
6147,頎邦,22,0,22,大昌-新店,2023-04-28,6464
1802,台玻,20,0,20,大昌-新店,2023-04-28,6464
3231,緯創,40,21,19,大昌-新店,2023-04-28,6464
00713,元大台灣高息低波,32,13,19,大昌-新店,2023-04-28,6464
00772B,中信高評級公司債,18,0,18,大昌-新店,2023-04-28,6464
4108,懷特,18,0,18,大昌-新店,2023-04-28,6464
6114,久威,18,1,17,大昌-新店,2023-04-28,6464
3035,智原,42,25,17,大昌-新店,2023-04-28,6464
00888,永豐台灣ESG,17,0,17,大昌-新店,2023-04-28,6464
3624,光頡,23,6,17,大昌-新店,2023-04-28,6464
2542,興富發,16,0,16,大昌-新店,2023-04-28,6464
2888,新光金,22,6,16,大昌-新店,2023-04-28,6464
1584,精剛,16,1,15,大昌-新店,2023-04-28,6464
3704,合勤控,19,4,15,大昌-新店,2023-04-28,6464
2404,漢唐,106,91,15,大昌-新店,2023-04-28,6464
8021,尖點,15,0,15,大昌-新店,2023-04-28,6464
2433,互盛電,14,0,14,大昌-新店,2023-04-28,6464
9945,潤泰新,16,2,14,大昌-新店,2023-04-28,6464
2337,旺宏,14,0,14,大昌-新店,2023-04-28,6464
2801,彰銀,14,0,14,大昌-新店,2023-04-28,6464
6244,茂迪,18,4,14,大昌-新店,2023-04-28,6464
2388,威盛,18,5,13,大昌-新店,2023-04-28,6464
2368,金像電,14,1,13,大昌-新店,2023-04-28,6464
2002,中鋼,24,11,13,大昌-新店,2023-04-28,6464
00687B,國泰20年美債,296,0,296,大昌-新店,2023-05-02,6464
00665L,富邦�琤肭磪囓�2,238,11,227,大昌-新店,2023-05-02,6464
00632R,元大台灣50反1,128,20,108,大昌-新店,2023-05-02,6464
00725B,國泰投資級公司債,96,0,96,大昌-新店,2023-05-02,6464
2344,華邦電,101,22,79,大昌-新店,2023-05-02,6464
00740B,富邦全球投等債,75,0,75,大昌-新店,2023-05-02,6464
00680L,元大美債20正2,72,0,72,大昌-新店,2023-05-02,6464
00885,富邦越南,82,11,71,大昌-新店,2023-05-02,6464
00648R,元大S＆P500反1,60,0,60,大昌-新店,2023-05-02,6464
3714,富采,59,5,54,大昌-新店,2023-05-02,6464
2352,佳世達,67,14,53,大昌-新店,2023-05-02,6464
00900,富邦特選高股息30,55,2,53,大昌-新店,2023-05-02,6464
3265,台星科,52,1,51,大昌-新店,2023-05-02,6464
1731,美吾華,50,0,50,大昌-新店,2023-05-02,6464
00772B,中信高評級公司債,53,4,49,大昌-新店,2023-05-02,6464
00720B,元大投資級公司債,52,5,47,大昌-新店,2023-05-02,6464
4961,天鈺,54,11,43,大昌-新店,2023-05-02,6464
3048,益登,43,0,43,大昌-新店,2023-05-02,6464
8222,寶一,42,4,38,大昌-新店,2023-05-02,6464
2603,長榮,47,11,36,大昌-新店,2023-05-02,6464
2609,陽明,66,30,36,大昌-新店,2023-05-02,6464
00679B,元大美債20年,50,18,32,大昌-新店,2023-05-02,6464
1718,中纖,30,1,29,大昌-新店,2023-05-02,6464
6111,大宇資,31,6,25,大昌-新店,2023-05-02,6464
2449,京元電子,24,0,24,大昌-新店,2023-05-02,6464
00708L,期元大S＆P黃金正2,22,0,22,大昌-新店,2023-05-02,6464
2634,漢翔,75,54,21,大昌-新店,2023-05-02,6464
006208,富邦台50,21,0,21,大昌-新店,2023-05-02,6464
4904,遠傳,23,3,20,大昌-新店,2023-05-02,6464
00637L,元大滬深300正2,230,210,20,大昌-新店,2023-05-02,6464
3033,威健,20,1,19,大昌-新店,2023-05-02,6464
2433,互盛電,18,0,18,大昌-新店,2023-05-02,6464
2022,聚亨,35,17,18,大昌-新店,2023-05-02,6464
2630,亞航,19,2,17,大昌-新店,2023-05-02,6464
6592,和潤企業,20,4,16,大昌-新店,2023-05-02,6464
6781,AES-KY,16,0,16,大昌-新店,2023-05-02,6464
4162,智擎,18,2,16,大昌-新店,2023-05-02,6464
1809,中釉,15,1,14,大昌-新店,2023-05-02,6464
1417,嘉裕,14,0,14,大昌-新店,2023-05-02,6464
2884,玉山金,14,1,13,大昌-新店,2023-05-02,6464
4967,十銓,17,5,12,大昌-新店,2023-05-02,6464
1402,遠東新,12,0,12,大昌-新店,2023-05-02,6464
6176,瑞儀,12,0,12,大昌-新店,2023-05-02,6464
00751B,元大AAA至A公司債,11,0,11,大昌-新店,2023-05-02,6464
6182,合晶,15,4,11,大昌-新店,2023-05-02,6464
3444,利機,11,0,11,大昌-新店,2023-05-02,6464
8091,翔名,12,1,11,大昌-新店,2023-05-02,6464
1701,中化,11,0,11,大昌-新店,2023-05-02,6464
1528,恩德,10,0,10,大昌-新店,2023-05-02,6464
3057,喬鼎,10,0,10,大昌-新店,2023-05-02,6464
6116,彩晶,183,0,183,大昌-新店,2023-05-03,6464
00878,國泰永續高股息,127,35,92,大昌-新店,2023-05-03,6464
1905,華紙,120,44,76,大昌-新店,2023-05-03,6464
3481,群創,70,8,62,大昌-新店,2023-05-03,6464
00665L,富邦�琤肭磪囓�2,57,0,57,大昌-新店,2023-05-03,6464
00642U,期元大S＆P石油,53,1,52,大昌-新店,2023-05-03,6464
00712,復華富時不動產,50,0,50,大昌-新店,2023-05-03,6464
1104,環泥,77,27,50,大昌-新店,2023-05-03,6464
00738U,期元大道瓊白銀,45,0,45,大昌-新店,2023-05-03,6464
2201,裕隆,48,3,45,大昌-新店,2023-05-03,6464
00715L,期街口布蘭特正2,42,0,42,大昌-新店,2023-05-03,6464
1907,永豐餘,43,1,42,大昌-新店,2023-05-03,6464
6167,久正,40,0,40,大昌-新店,2023-05-03,6464
2603,長榮,49,10,39,大昌-新店,2023-05-03,6464
2801,彰銀,43,7,36,大昌-新店,2023-05-03,6464
2609,陽明,45,11,34,大昌-新店,2023-05-03,6464
00753L,中信中國50正2,36,2,34,大昌-新店,2023-05-03,6464
3419,譁裕,56,22,34,大昌-新店,2023-05-03,6464
2615,萬海,40,9,31,大昌-新店,2023-05-03,6464
2409,友達,40,9,31,大昌-新店,2023-05-03,6464
9907,統一實,31,0,31,大昌-新店,2023-05-03,6464
8403,盛弘,44,15,29,大昌-新店,2023-05-03,6464
2352,佳世達,35,6,29,大昌-新店,2023-05-03,6464
2002,中鋼,29,1,28,大昌-新店,2023-05-03,6464
6163,華電網,29,3,26,大昌-新店,2023-05-03,6464
1783,和康生,36,11,25,大昌-新店,2023-05-03,6464
3231,緯創,71,47,24,大昌-新店,2023-05-03,6464
00725B,國泰投資級公司債,23,0,23,大昌-新店,2023-05-03,6464
1310,台苯,30,8,22,大昌-新店,2023-05-03,6464
00637L,元大滬深300正2,327,306,21,大昌-新店,2023-05-03,6464
3703,欣陸,20,0,20,大昌-新店,2023-05-03,6464
8069,元太,47,28,19,大昌-新店,2023-05-03,6464
00690,兆豐藍籌30,19,0,19,大昌-新店,2023-05-03,6464
00650L,復華香港正2,20,1,19,大昌-新店,2023-05-03,6464
1444,力麗,20,2,18,大昌-新店,2023-05-03,6464
3006,晶豪科,19,1,18,大昌-新店,2023-05-03,6464
1513,中興電,30,12,18,大昌-新店,2023-05-03,6464
3078,僑威,21,5,16,大昌-新店,2023-05-03,6464
1711,永光,28,12,16,大昌-新店,2023-05-03,6464
8358,金居,15,1,14,大昌-新店,2023-05-03,6464
4763,材料-KY,18,4,14,大昌-新店,2023-05-03,6464
5009,榮剛,53,40,13,大昌-新店,2023-05-03,6464
2413,環科,14,1,13,大昌-新店,2023-05-03,6464
2812,台中銀,22,9,13,大昌-新店,2023-05-03,6464
8222,寶一,65,53,12,大昌-新店,2023-05-03,6464
2645,長榮航太,12,0,12,大昌-新店,2023-05-03,6464
2303,聯電,23,11,12,大昌-新店,2023-05-03,6464
1503,士電,27,16,11,大昌-新店,2023-05-03,6464
3029,零壹,17,6,11,大昌-新店,2023-05-03,6464
3057,喬鼎,11,0,11,大昌-新店,2023-05-03,6464
00715L,期街口布蘭特正2,232,35,197,大昌-新店,2023-05-04,6464
00687B,國泰20年美債,143,5,138,大昌-新店,2023-05-04,6464
00679B,元大美債20年,157,20,137,大昌-新店,2023-05-04,6464
00720B,元大投資級公司債,117,0,117,大昌-新店,2023-05-04,6464
00710B,復華彭博非投等債,114,0,114,大昌-新店,2023-05-04,6464
3231,緯創,137,51,86,大昌-新店,2023-05-04,6464
2603,長榮,85,12,73,大昌-新店,2023-05-04,6464
00727B,國泰優選非投等債,60,0,60,大昌-新店,2023-05-04,6464
3207,耀勝,52,2,50,大昌-新店,2023-05-04,6464
00652,富邦印度,45,0,45,大昌-新店,2023-05-04,6464
2609,陽明,51,7,44,大昌-新店,2023-05-04,6464
6026,福邦證,44,1,43,大昌-新店,2023-05-04,6464
3419,譁裕,65,27,38,大昌-新店,2023-05-04,6464
00642U,期元大S＆P石油,33,1,32,大昌-新店,2023-05-04,6464
00632R,元大台灣50反1,104,77,27,大昌-新店,2023-05-04,6464
6282,康舒,55,28,27,大昌-新店,2023-05-04,6464
6167,久正,23,1,22,大昌-新店,2023-05-04,6464
2303,聯電,24,3,21,大昌-新店,2023-05-04,6464
2610,華航,24,3,21,大昌-新店,2023-05-04,6464
1229,聯華,24,3,21,大昌-新店,2023-05-04,6464
00648R,元大S＆P500反1,20,0,20,大昌-新店,2023-05-04,6464
6733,博晟生醫,20,0,20,大昌-新店,2023-05-04,6464
2344,華邦電,28,8,20,大昌-新店,2023-05-04,6464
1591,駿吉-KY,20,1,19,大昌-新店,2023-05-04,6464
3715,定穎投控,27,10,17,大昌-新店,2023-05-04,6464
2105,正新,32,15,17,大昌-新店,2023-05-04,6464
1605,華新,22,6,16,大昌-新店,2023-05-04,6464
2538,基泰,15,0,15,大昌-新店,2023-05-04,6464
2413,環科,14,0,14,大昌-新店,2023-05-04,6464
1310,台苯,24,10,14,大昌-新店,2023-05-04,6464
2206,三陽工業,60,46,14,大昌-新店,2023-05-04,6464
3481,群創,33,20,13,大昌-新店,2023-05-04,6464
6412,群電,15,2,13,大昌-新店,2023-05-04,6464
2353,宏��,35,22,13,大昌-新店,2023-05-04,6464
6244,茂迪,14,2,12,大昌-新店,2023-05-04,6464
3499,環天科,12,0,12,大昌-新店,2023-05-04,6464
6443,元晶,14,2,12,大昌-新店,2023-05-04,6464
2882,國泰金,12,0,12,大昌-新店,2023-05-04,6464
6257,矽格,11,0,11,大昌-新店,2023-05-04,6464
4919,新唐,12,1,11,大昌-新店,2023-05-04,6464
2634,漢翔,37,26,11,大昌-新店,2023-05-04,6464
2401,凌陽,11,0,11,大昌-新店,2023-05-04,6464
00893,國泰智能電動車,11,0,11,大昌-新店,2023-05-04,6464
00924,復華S＆P500成長,11,0,11,大昌-新店,2023-05-04,6464
6209,今國光,17,6,11,大昌-新店,2023-05-04,6464
6111,大宇資,23,12,11,大昌-新店,2023-05-04,6464
4541,晟田,22,12,10,大昌-新店,2023-05-04,6464
2406,國碩,10,0,10,大昌-新店,2023-05-04,6464
4173,久裕,21,11,10,大昌-新店,2023-05-04,6464
00885,富邦越南,10,0,10,大昌-新店,2023-05-04,6464
00687B,國泰20年美債,152,0,152,大昌-新店,2023-05-05,6464
00878,國泰永續高股息,118,3,115,大昌-新店,2023-05-05,6464
2002,中鋼,65,7,58,大昌-新店,2023-05-05,6464
00712,復華富時不動產,52,0,52,大昌-新店,2023-05-05,6464
2353,宏��,133,81,52,大昌-新店,2023-05-05,6464
5009,榮剛,57,14,43,大昌-新店,2023-05-05,6464
00720B,元大投資級公司債,60,17,43,大昌-新店,2023-05-05,6464
9941,裕融,42,0,42,大昌-新店,2023-05-05,6464
00680L,元大美債20正2,50,10,40,大昌-新店,2023-05-05,6464
3231,緯創,73,33,40,大昌-新店,2023-05-05,6464
1229,聯華,33,0,33,大昌-新店,2023-05-05,6464
6160,欣技,33,0,33,大昌-新店,2023-05-05,6464
00917,中信特選金融,30,0,30,大昌-新店,2023-05-05,6464
4114,健喬,52,25,27,大昌-新店,2023-05-05,6464
00642U,期元大S＆P石油,26,0,26,大昌-新店,2023-05-05,6464
3712,永崴投控,24,0,24,大昌-新店,2023-05-05,6464
1504,東元,60,38,22,大昌-新店,2023-05-05,6464
2603,長榮,24,2,22,大昌-新店,2023-05-05,6464
2486,一詮,22,1,21,大昌-新店,2023-05-05,6464
1609,大亞,89,68,21,大昌-新店,2023-05-05,6464
3033,威健,20,0,20,大昌-新店,2023-05-05,6464
3714,富采,19,0,19,大昌-新店,2023-05-05,6464
2610,華航,39,21,18,大昌-新店,2023-05-05,6464
00885,富邦越南,16,0,16,大昌-新店,2023-05-05,6464
1616,億泰,16,0,16,大昌-新店,2023-05-05,6464
8271,宇瞻,15,0,15,大昌-新店,2023-05-05,6464
3703,欣陸,20,5,15,大昌-新店,2023-05-05,6464
00727B,國泰優選非投等債,15,0,15,大昌-新店,2023-05-05,6464
4726,永昕,15,0,15,大昌-新店,2023-05-05,6464
2897,王道銀行,13,0,13,大昌-新店,2023-05-05,6464
4306,炎洲,13,0,13,大昌-新店,2023-05-05,6464
2538,基泰,13,0,13,大昌-新店,2023-05-05,6464
00751B,元大AAA至A公司債,12,0,12,大昌-新店,2023-05-05,6464
8215,明基材,24,12,12,大昌-新店,2023-05-05,6464
00882,中信中國高股息,14,2,12,大昌-新店,2023-05-05,6464
1308,亞聚,11,0,11,大昌-新店,2023-05-05,6464
6456,GIS-KY,12,1,11,大昌-新店,2023-05-05,6464
00893,國泰智能電動車,11,0,11,大昌-新店,2023-05-05,6464
8043,蜜望實,11,0,11,大昌-新店,2023-05-05,6464
2408,南亞科,11,0,11,大昌-新店,2023-05-05,6464
1734,杏輝,24,13,11,大昌-新店,2023-05-05,6464
00773B,中信優先金融債,10,0,10,大昌-新店,2023-05-05,6464
6176,瑞儀,10,0,10,大昌-新店,2023-05-05,6464
2029,盛餘,10,0,10,大昌-新店,2023-05-05,6464
1718,中纖,10,0,10,大昌-新店,2023-05-05,6464
00715L,期街口布蘭特正2,12,2,10,大昌-新店,2023-05-05,6464
2034,允強,10,0,10,大昌-新店,2023-05-05,6464
8450,霹靂,10,0,10,大昌-新店,2023-05-05,6464
2312,金寶,10,0,10,大昌-新店,2023-05-05,6464
3006,晶豪科,10,0,10,大昌-新店,2023-05-05,6464
2883,凱基金,155,33,122,大昌-新店,2023-05-08,6464
1609,大亞,131,36,95,大昌-新店,2023-05-08,6464
6125,廣運,93,9,84,大昌-新店,2023-05-08,6464
1605,華新,88,35,53,大昌-新店,2023-05-08,6464
1218,泰山,63,12,51,大昌-新店,2023-05-08,6464
2618,長榮航,82,37,45,大昌-新店,2023-05-08,6464
9907,統一實,39,1,38,大昌-新店,2023-05-08,6464
00751B,元大AAA至A公司債,36,0,36,大昌-新店,2023-05-08,6464
3059,華晶科,27,0,27,大昌-新店,2023-05-08,6464
6244,茂迪,31,4,27,大昌-新店,2023-05-08,6464
2408,南亞科,28,2,26,大昌-新店,2023-05-08,6464
00676R,富邦臺灣加權反1,26,0,26,大昌-新店,2023-05-08,6464
6153,嘉聯益,28,2,26,大昌-新店,2023-05-08,6464
8930,青鋼,30,4,26,大昌-新店,2023-05-08,6464
00878,國泰永續高股息,74,50,24,大昌-新店,2023-05-08,6464
3703,欣陸,24,0,24,大昌-新店,2023-05-08,6464
3481,群創,98,75,23,大昌-新店,2023-05-08,6464
2609,陽明,37,14,23,大昌-新店,2023-05-08,6464
2344,華邦電,30,9,21,大昌-新店,2023-05-08,6464
3356,奇偶,25,4,21,大昌-新店,2023-05-08,6464
2883B,凱基金乙特,17,0,17,大昌-新店,2023-05-08,6464
8093,保銳,17,0,17,大昌-新店,2023-05-08,6464
2352,佳世達,16,0,16,大昌-新店,2023-05-08,6464
00885,富邦越南,20,4,16,大昌-新店,2023-05-08,6464
00652,富邦印度,16,0,16,大昌-新店,2023-05-08,6464
2880,華南金,23,7,16,大昌-新店,2023-05-08,6464
3035,智原,17,3,14,大昌-新店,2023-05-08,6464
2449,京元電子,14,0,14,大昌-新店,2023-05-08,6464
1314,中石化,24,10,14,大昌-新店,2023-05-08,6464
6116,彩晶,15,1,14,大昌-新店,2023-05-08,6464
6770,力積電,24,10,14,大昌-新店,2023-05-08,6464
6217,中探針,13,0,13,大昌-新店,2023-05-08,6464
1463,強盛新,13,0,13,大昌-新店,2023-05-08,6464
4707,磐亞,12,0,12,大昌-新店,2023-05-08,6464
2353,宏��,36,24,12,大昌-新店,2023-05-08,6464
8926,台汽電,22,10,12,大昌-新店,2023-05-08,6464
2836A,高雄銀甲特,12,0,12,大昌-新店,2023-05-08,6464
6443,元晶,14,2,12,大昌-新店,2023-05-08,6464
6241,易通展,14,2,12,大昌-新店,2023-05-08,6464
8436,大江,15,3,12,大昌-新店,2023-05-08,6464
4763,材料-KY,14,3,11,大昌-新店,2023-05-08,6464
3005,神基,13,2,11,大昌-新店,2023-05-08,6464
2630,亞航,17,6,11,大昌-新店,2023-05-08,6464
1905,華紙,26,15,11,大昌-新店,2023-05-08,6464
1802,台玻,11,0,11,大昌-新店,2023-05-08,6464
6111,大宇資,18,7,11,大昌-新店,2023-05-08,6464
1709,和益,10,0,10,大昌-新店,2023-05-08,6464
00907,永豐優息存股,10,0,10,大昌-新店,2023-05-08,6464
1809,中釉,10,0,10,大昌-新店,2023-05-08,6464
3051,力特,12,2,10,大昌-新店,2023-05-08,6464
00632R,元大台灣50反1,300,80,220,大昌-新店,2023-05-09,6464
00687B,國泰20年美債,149,0,149,大昌-新店,2023-05-09,6464
00648R,元大S＆P500反1,100,0,100,大昌-新店,2023-05-09,6464
6244,茂迪,120,30,90,大昌-新店,2023-05-09,6464
1802,台玻,82,13,69,大昌-新店,2023-05-09,6464
1609,大亞,79,13,66,大昌-新店,2023-05-09,6464
00680L,元大美債20正2,63,3,60,大昌-新店,2023-05-09,6464
00878,國泰永續高股息,56,4,52,大昌-新店,2023-05-09,6464
00720B,元大投資級公司債,53,3,50,大昌-新店,2023-05-09,6464
1409,新纖,50,0,50,大昌-新店,2023-05-09,6464
00652,富邦印度,50,0,50,大昌-新店,2023-05-09,6464
3062,建漢,42,0,42,大昌-新店,2023-05-09,6464
00772B,中信高評級公司債,42,0,42,大昌-新店,2023-05-09,6464
2303,聯電,41,5,36,大昌-新店,2023-05-09,6464
1513,中興電,93,58,35,大昌-新店,2023-05-09,6464
2486,一詮,35,0,35,大昌-新店,2023-05-09,6464
9907,統一實,34,0,34,大昌-新店,2023-05-09,6464
5009,榮剛,69,35,34,大昌-新店,2023-05-09,6464
00679B,元大美債20年,31,0,31,大昌-新店,2023-05-09,6464
3048,益登,30,0,30,大昌-新店,2023-05-09,6464
3202,樺晟,34,4,30,大昌-新店,2023-05-09,6464
1101,台泥,46,16,30,大昌-新店,2023-05-09,6464
6026,福邦證,30,0,30,大昌-新店,2023-05-09,6464
00751B,元大AAA至A公司債,29,1,28,大昌-新店,2023-05-09,6464
2331,精英,30,3,27,大昌-新店,2023-05-09,6464
00885,富邦越南,38,13,25,大昌-新店,2023-05-09,6464
6266,泰詠,27,3,24,大昌-新店,2023-05-09,6464
1708,東鹼,24,1,23,大昌-新店,2023-05-09,6464
3029,零壹,29,6,23,大昌-新店,2023-05-09,6464
2201,裕隆,24,2,22,大昌-新店,2023-05-09,6464
2834,臺企銀,21,0,21,大昌-新店,2023-05-09,6464
2887,台新金,20,0,20,大昌-新店,2023-05-09,6464
00923,群益台ESG低碳50,20,0,20,大昌-新店,2023-05-09,6464
5284,jpp-KY,22,2,20,大昌-新店,2023-05-09,6464
9919,康那香,21,1,20,大昌-新店,2023-05-09,6464
00900,富邦特選高股息30,21,2,19,大昌-新店,2023-05-09,6464
1504,東元,66,48,18,大昌-新店,2023-05-09,6464
1904,正隆,25,8,17,大昌-新店,2023-05-09,6464
2897,王道銀行,17,0,17,大昌-新店,2023-05-09,6464
2891,中信金,25,8,17,大昌-新店,2023-05-09,6464
00902,中信電池及儲能,17,0,17,大昌-新店,2023-05-09,6464
3037,欣興,37,21,16,大昌-新店,2023-05-09,6464
8436,大江,24,8,16,大昌-新店,2023-05-09,6464
1218,泰山,26,10,16,大昌-新店,2023-05-09,6464
5371,中光電,27,11,16,大昌-新店,2023-05-09,6464
4979,華星光,15,0,15,大昌-新店,2023-05-09,6464
2885,元大金,15,0,15,大昌-新店,2023-05-09,6464
2481,強茂,15,0,15,大昌-新店,2023-05-09,6464
2883,凱基金,84,69,15,大昌-新店,2023-05-09,6464
3034,聯詠,16,2,14,大昌-新店,2023-05-09,6464
00680L,元大美債20正2,163,0,163,大昌-新店,2023-05-10,6464
00687B,國泰20年美債,152,0,152,大昌-新店,2023-05-10,6464
00637L,元大滬深300正2,145,22,123,大昌-新店,2023-05-10,6464
00878,國泰永續高股息,104,34,70,大昌-新店,2023-05-10,6464
3231,緯創,119,51,68,大昌-新店,2023-05-10,6464
3056,富華新,52,2,50,大昌-新店,2023-05-10,6464
3715,定穎投控,54,4,50,大昌-新店,2023-05-10,6464
1718,中纖,50,0,50,大昌-新店,2023-05-10,6464
3481,群創,68,19,49,大昌-新店,2023-05-10,6464
00665L,富邦�琤肭磪囓�2,46,0,46,大昌-新店,2023-05-10,6464
6026,福邦證,40,0,40,大昌-新店,2023-05-10,6464
4113,聯上,33,0,33,大昌-新店,2023-05-10,6464
00882,中信中國高股息,33,0,33,大昌-新店,2023-05-10,6464
2303,聯電,42,9,33,大昌-新店,2023-05-10,6464
00650L,復華香港正2,32,0,32,大昌-新店,2023-05-10,6464
2371,大同,34,2,32,大昌-新店,2023-05-10,6464
1783,和康生,32,1,31,大昌-新店,2023-05-10,6464
3062,建漢,31,0,31,大昌-新店,2023-05-10,6464
00652,富邦印度,30,0,30,大昌-新店,2023-05-10,6464
1504,東元,39,12,27,大昌-新店,2023-05-10,6464
6235,華孚,55,30,25,大昌-新店,2023-05-10,6464
00713,元大台灣高息低波,24,0,24,大昌-新店,2023-05-10,6464
00690,兆豐藍籌30,22,0,22,大昌-新店,2023-05-10,6464
3048,益登,22,0,22,大昌-新店,2023-05-10,6464
2610,華航,61,40,21,大昌-新店,2023-05-10,6464
5608,四維航,21,0,21,大昌-新店,2023-05-10,6464
8930,青鋼,20,0,20,大昌-新店,2023-05-10,6464
00720B,元大投資級公司債,20,0,20,大昌-新店,2023-05-10,6464
3014,聯陽,30,11,19,大昌-新店,2023-05-10,6464
2408,南亞科,17,0,17,大昌-新店,2023-05-10,6464
1721,三晃,19,2,17,大昌-新店,2023-05-10,6464
00753L,中信中國50正2,19,3,16,大昌-新店,2023-05-10,6464
1905,華紙,28,13,15,大昌-新店,2023-05-10,6464
00772B,中信高評級公司債,15,0,15,大昌-新店,2023-05-10,6464
1907,永豐餘,33,18,15,大昌-新店,2023-05-10,6464
1810,和成,16,1,15,大昌-新店,2023-05-10,6464
2330,台積電,16,1,15,大昌-新店,2023-05-10,6464
1514,亞力,23,9,14,大昌-新店,2023-05-10,6464
3356,奇偶,14,0,14,大昌-新店,2023-05-10,6464
3013,晟銘電,16,2,14,大昌-新店,2023-05-10,6464
00633L,富邦上証正2,21,8,13,大昌-新店,2023-05-10,6464
3576,聯合再生,16,3,13,大昌-新店,2023-05-10,6464
00900,富邦特選高股息30,13,0,13,大昌-新店,2023-05-10,6464
6270,倍微,13,0,13,大昌-新店,2023-05-10,6464
3587,閎康,12,0,12,大昌-新店,2023-05-10,6464
2433,互盛電,12,0,12,大昌-新店,2023-05-10,6464
2409,友達,44,32,12,大昌-新店,2023-05-10,6464
2888,新光金,12,0,12,大昌-新店,2023-05-10,6464
8091,翔名,12,0,12,大昌-新店,2023-05-10,6464
2881,富邦金,12,0,12,大昌-新店,2023-05-10,6464
00632R,元大台灣50反1,639,110,529,大昌-新店,2023-05-11,6464
2610,華航,347,71,276,大昌-新店,2023-05-11,6464
1314,中石化,171,13,158,大昌-新店,2023-05-11,6464
9907,統一實,159,3,156,大昌-新店,2023-05-11,6464
6026,福邦證,120,0,120,大昌-新店,2023-05-11,6464
2201,裕隆,108,3,105,大昌-新店,2023-05-11,6464
00645,富邦日本,90,0,90,大昌-新店,2023-05-11,6464
2409,友達,112,37,75,大昌-新店,2023-05-11,6464
00648R,元大S＆P500反1,60,0,60,大昌-新店,2023-05-11,6464
3056,富華新,60,0,60,大昌-新店,2023-05-11,6464
1905,華紙,109,51,58,大昌-新店,2023-05-11,6464
1609,大亞,68,15,53,大昌-新店,2023-05-11,6464
00680L,元大美債20正2,100,61,39,大昌-新店,2023-05-11,6464
2884,玉山金,43,7,36,大昌-新店,2023-05-11,6464
6689,伊雲谷,39,5,34,大昌-新店,2023-05-11,6464
3481,群創,80,49,31,大昌-新店,2023-05-11,6464
2317,鴻海,51,21,30,大昌-新店,2023-05-11,6464
6285,啟��,40,10,30,大昌-新店,2023-05-11,6464
2609,陽明,32,2,30,大昌-新店,2023-05-11,6464
2331,精英,30,1,29,大昌-新店,2023-05-11,6464
00882,中信中國高股息,31,2,29,大昌-新店,2023-05-11,6464
2457,飛宏,45,18,27,大昌-新店,2023-05-11,6464
00878,國泰永續高股息,31,5,26,大昌-新店,2023-05-11,6464
2313,華通,31,5,26,大昌-新店,2023-05-11,6464
1409,新纖,26,0,26,大昌-新店,2023-05-11,6464
2359,所羅門,45,22,23,大昌-新店,2023-05-11,6464
9935,慶豐富,22,0,22,大昌-新店,2023-05-11,6464
5014,建錩,20,0,20,大昌-新店,2023-05-11,6464
4114,健喬,22,2,20,大昌-新店,2023-05-11,6464
2913,農林,21,1,20,大昌-新店,2023-05-11,6464
5608,四維航,20,0,20,大昌-新店,2023-05-11,6464
5284,jpp-KY,22,3,19,大昌-新店,2023-05-11,6464
3058,立德,21,2,19,大昌-新店,2023-05-11,6464
5443,均豪,19,0,19,大昌-新店,2023-05-11,6464
5603,陸海,18,0,18,大昌-新店,2023-05-11,6464
4979,華星光,23,6,17,大昌-新店,2023-05-11,6464
2405,輔信,17,0,17,大昌-新店,2023-05-11,6464
6234,高僑,31,15,16,大昌-新店,2023-05-11,6464
3689,湧德,15,0,15,大昌-新店,2023-05-11,6464
5258,虹堡,25,11,14,大昌-新店,2023-05-11,6464
00690,兆豐藍籌30,16,2,14,大昌-新店,2023-05-11,6464
6160,欣技,17,4,13,大昌-新店,2023-05-11,6464
2886,兆豐金,14,1,13,大昌-新店,2023-05-11,6464
3303,岱稜,13,0,13,大昌-新店,2023-05-11,6464
2890,永豐金,13,0,13,大昌-新店,2023-05-11,6464
3380,明泰,14,1,13,大昌-新店,2023-05-11,6464
3048,益登,12,0,12,大昌-新店,2023-05-11,6464
1584,精剛,30,18,12,大昌-新店,2023-05-11,6464
6841,長佳智能,12,0,12,大昌-新店,2023-05-11,6464
00665L,富邦�琤肭磪囓�2,12,0,12,大昌-新店,2023-05-11,6464
00632R,元大台灣50反1,490,177,313,大昌-新店,2023-05-12,6464
00882,中信中國高股息,192,0,192,大昌-新店,2023-05-12,6464
2317,鴻海,179,18,161,大昌-新店,2023-05-12,6464
2888,新光金,129,2,127,大昌-新店,2023-05-12,6464
2610,華航,135,27,108,大昌-新店,2023-05-12,6464
2404,漢唐,95,5,90,大昌-新店,2023-05-12,6464
00878,國泰永續高股息,96,19,77,大昌-新店,2023-05-12,6464
2897,王道銀行,69,0,69,大昌-新店,2023-05-12,6464
1101,台泥,74,13,61,大昌-新店,2023-05-12,6464
00713,元大台灣高息低波,54,0,54,大昌-新店,2023-05-12,6464
2834,臺企銀,54,1,53,大昌-新店,2023-05-12,6464
1455,集盛,50,0,50,大昌-新店,2023-05-12,6464
2405,輔信,50,0,50,大昌-新店,2023-05-12,6464
9907,統一實,48,0,48,大昌-新店,2023-05-12,6464
6288,聯嘉,55,16,39,大昌-新店,2023-05-12,6464
00715L,期街口布蘭特正2,41,6,35,大昌-新店,2023-05-12,6464
4967,十銓,43,11,32,大昌-新店,2023-05-12,6464
2882,國泰金,32,2,30,大昌-新店,2023-05-12,6464
8076,伍豐,33,3,30,大昌-新店,2023-05-12,6464
8222,寶一,54,25,29,大昌-新店,2023-05-12,6464
00888,永豐台灣ESG,27,0,27,大昌-新店,2023-05-12,6464
1504,東元,32,6,26,大昌-新店,2023-05-12,6464
2331,精英,46,21,25,大昌-新店,2023-05-12,6464
00637L,元大滬深300正2,169,145,24,大昌-新店,2023-05-12,6464
3363,上詮,31,7,24,大昌-新店,2023-05-12,6464
1905,華紙,37,13,24,大昌-新店,2023-05-12,6464
3576,聯合再生,31,8,23,大昌-新店,2023-05-12,6464
1783,和康生,26,3,23,大昌-新店,2023-05-12,6464
3048,益登,22,0,22,大昌-新店,2023-05-12,6464
00919,群益台灣精選高息,20,0,20,大昌-新店,2023-05-12,6464
2392,正崴,20,0,20,大昌-新店,2023-05-12,6464
3265,台星科,20,0,20,大昌-新店,2023-05-12,6464
00893,國泰智能電動車,21,1,20,大昌-新店,2023-05-12,6464
4127,天良,19,0,19,大昌-新店,2023-05-12,6464
2609,陽明,20,2,18,大昌-新店,2023-05-12,6464
2408,南亞科,18,0,18,大昌-新店,2023-05-12,6464
3481,群創,53,36,17,大昌-新店,2023-05-12,6464
8271,宇瞻,17,0,17,大昌-新店,2023-05-12,6464
4128,中天,16,0,16,大昌-新店,2023-05-12,6464
6244,茂迪,18,3,15,大昌-新店,2023-05-12,6464
3005,神基,20,5,15,大昌-新店,2023-05-12,6464
1314,中石化,15,0,15,大昌-新店,2023-05-12,6464
2891,中信金,18,3,15,大昌-新店,2023-05-12,6464
4916,事欣科,15,2,13,大昌-新店,2023-05-12,6464
9958,世紀鋼,13,0,13,大昌-新店,2023-05-12,6464
2801,彰銀,14,1,13,大昌-新店,2023-05-12,6464
4979,華星光,22,9,13,大昌-新店,2023-05-12,6464
2376,技嘉,17,4,13,大昌-新店,2023-05-12,6464
1514,亞力,18,6,12,大昌-新店,2023-05-12,6464
2379,瑞昱,12,0,12,大昌-新店,2023-05-12,6464
00680L,元大美債20正2,214,0,214,大昌-新店,2023-05-15,6464
00885,富邦越南,203,8,195,大昌-新店,2023-05-15,6464
2897,王道銀行,210,20,190,大昌-新店,2023-05-15,6464
1101,台泥,134,21,113,大昌-新店,2023-05-15,6464
3363,上詮,114,5,109,大昌-新店,2023-05-15,6464
00687B,國泰20年美債,104,0,104,大昌-新店,2023-05-15,6464
2888,新光金,76,2,74,大昌-新店,2023-05-15,6464
1314,中石化,273,219,54,大昌-新店,2023-05-15,6464
6160,欣技,54,3,51,大昌-新店,2023-05-15,6464
2867,三商壽,51,0,51,大昌-新店,2023-05-15,6464
3231,緯創,215,165,50,大昌-新店,2023-05-15,6464
3105,穩懋,53,4,49,大昌-新店,2023-05-15,6464
2405,輔信,49,0,49,大昌-新店,2023-05-15,6464
6535,順藥,50,2,48,大昌-新店,2023-05-15,6464
2887,台新金,51,4,47,大昌-新店,2023-05-15,6464
6122,擎邦,71,29,42,大昌-新店,2023-05-15,6464
2303,聯電,54,17,37,大昌-新店,2023-05-15,6464
2618,長榮航,45,9,36,大昌-新店,2023-05-15,6464
00632R,元大台灣50反1,35,0,35,大昌-新店,2023-05-15,6464
2344,華邦電,46,16,30,大昌-新店,2023-05-15,6464
00878,國泰永續高股息,61,32,29,大昌-新店,2023-05-15,6464
2331,精英,44,15,29,大昌-新店,2023-05-15,6464
2201,裕隆,27,1,26,大昌-新店,2023-05-15,6464
00751B,元大AAA至A公司債,29,5,24,大昌-新店,2023-05-15,6464
2002,中鋼,26,2,24,大昌-新店,2023-05-15,6464
2102,泰豐,20,0,20,大昌-新店,2023-05-15,6464
6288,聯嘉,19,0,19,大昌-新店,2023-05-15,6464
2317,鴻海,17,0,17,大昌-新店,2023-05-15,6464
4741,泓瀚,17,0,17,大昌-新店,2023-05-15,6464
6443,元晶,18,1,17,大昌-新店,2023-05-15,6464
00633L,富邦上証正2,18,1,17,大昌-新店,2023-05-15,6464
3189,景碩,17,2,15,大昌-新店,2023-05-15,6464
1907,永豐餘,15,0,15,大昌-新店,2023-05-15,6464
4979,華星光,23,8,15,大昌-新店,2023-05-15,6464
3046,建��,24,10,14,大昌-新店,2023-05-15,6464
1605,華新,36,22,14,大昌-新店,2023-05-15,6464
2382,廣達,26,12,14,大昌-新店,2023-05-15,6464
2603,長榮,30,17,13,大昌-新店,2023-05-15,6464
00772B,中信高評級公司債,13,0,13,大昌-新店,2023-05-15,6464
3034,聯詠,27,15,12,大昌-新店,2023-05-15,6464
4763,材料-KY,31,19,12,大昌-新店,2023-05-15,6464
4119,旭富,14,2,12,大昌-新店,2023-05-15,6464
3078,僑威,14,2,12,大昌-新店,2023-05-15,6464
5706,鳳凰,21,9,12,大昌-新店,2023-05-15,6464
2208,台船,16,4,12,大昌-新店,2023-05-15,6464
1409,新纖,16,5,11,大昌-新店,2023-05-15,6464
4953,緯軟,11,0,11,大昌-新店,2023-05-15,6464
6234,高僑,12,1,11,大昌-新店,2023-05-15,6464
3712,永崴投控,10,0,10,大昌-新店,2023-05-15,6464
2528,皇普,10,0,10,大昌-新店,2023-05-15,6464
00632R,元大台灣50反1,686,0,686,大昌-新店,2023-05-16,6464
020034,元大IC設計N,200,0,200,大昌-新店,2023-05-16,6464
00882,中信中國高股息,150,0,150,大昌-新店,2023-05-16,6464
00712,復華富時不動產,110,0,110,大昌-新店,2023-05-16,6464
00680L,元大美債20正2,106,0,106,大昌-新店,2023-05-16,6464
00669R,國泰美國道瓊反1,100,0,100,大昌-新店,2023-05-16,6464
00751B,元大AAA至A公司債,98,0,98,大昌-新店,2023-05-16,6464
00679B,元大美債20年,73,9,64,大昌-新店,2023-05-16,6464
00687B,國泰20年美債,59,0,59,大昌-新店,2023-05-16,6464
2323,中環,65,15,50,大昌-新店,2023-05-16,6464
00772B,中信高評級公司債,41,0,41,大昌-新店,2023-05-16,6464
00727B,國泰優選非投等債,40,0,40,大昌-新店,2023-05-16,6464
5009,榮剛,38,1,37,大昌-新店,2023-05-16,6464
2317,鴻海,45,9,36,大昌-新店,2023-05-16,6464
6015,宏遠證,35,0,35,大昌-新店,2023-05-16,6464
6026,福邦證,30,0,30,大昌-新店,2023-05-16,6464
1905,華紙,48,18,30,大昌-新店,2023-05-16,6464
2609,陽明,32,3,29,大昌-新店,2023-05-16,6464
2867,三商壽,30,2,28,大昌-新店,2023-05-16,6464
2890,永豐金,30,3,27,大昌-新店,2023-05-16,6464
4123,晟德,32,6,26,大昌-新店,2023-05-16,6464
3363,上詮,30,10,20,大昌-新店,2023-05-16,6464
3013,晟銘電,21,1,20,大昌-新店,2023-05-16,6464
00710B,復華彭博非投等債,20,0,20,大昌-新店,2023-05-16,6464
1310,台苯,22,3,19,大昌-新店,2023-05-16,6464
4541,晟田,25,6,19,大昌-新店,2023-05-16,6464
5425,台半,18,0,18,大昌-新店,2023-05-16,6464
2402,毅嘉,35,17,18,大昌-新店,2023-05-16,6464
5324,士開,17,1,16,大昌-新店,2023-05-16,6464
2313,華通,26,11,15,大昌-新店,2023-05-16,6464
6112,邁達特,16,1,15,大昌-新店,2023-05-16,6464
00890B,凱基ESG BBB債,16,2,14,大昌-新店,2023-05-16,6464
6220,岳豐,20,6,14,大昌-新店,2023-05-16,6464
4967,十銓,17,4,13,大昌-新店,2023-05-16,6464
2734,易飛網,33,20,13,大昌-新店,2023-05-16,6464
1529,樂事綠能,12,0,12,大昌-新店,2023-05-16,6464
5371,中光電,13,1,12,大昌-新店,2023-05-16,6464
2408,南亞科,18,6,12,大昌-新店,2023-05-16,6464
2337,旺宏,12,0,12,大昌-新店,2023-05-16,6464
3625,西勝,11,0,11,大昌-新店,2023-05-16,6464
3202,樺晟,12,2,10,大昌-新店,2023-05-16,6464
9907,統一實,13,3,10,大昌-新店,2023-05-16,6464
1608,華榮,24,14,10,大昌-新店,2023-05-16,6464
1215,卜蜂,10,0,10,大昌-新店,2023-05-16,6464
2392,正崴,10,0,10,大昌-新店,2023-05-16,6464
2891,中信金,41,31,10,大昌-新店,2023-05-16,6464
2633,台灣高鐵,14,4,10,大昌-新店,2023-05-16,6464
6218,豪勉,10,1,9,大昌-新店,2023-05-16,6464
00720B,元大投資級公司債,9,0,9,大昌-新店,2023-05-16,6464
1702,南僑,9,0,9,大昌-新店,2023-05-16,6464
00637L,元大滬深300正2,267,13,254,大昌-新店,2023-05-17,6464
00632R,元大台灣50反1,1419,1210,209,大昌-新店,2023-05-17,6464
00720B,元大投資級公司債,215,20,195,大昌-新店,2023-05-17,6464
00885,富邦越南,187,12,175,大昌-新店,2023-05-17,6464
00652,富邦印度,150,0,150,大昌-新店,2023-05-17,6464
00680L,元大美債20正2,125,0,125,大昌-新店,2023-05-17,6464
6806,森崴能源,108,1,107,大昌-新店,2023-05-17,6464
00710B,復華彭博非投等債,100,0,100,大昌-新店,2023-05-17,6464
00687B,國泰20年美債,84,0,84,大昌-新店,2023-05-17,6464
00727B,國泰優選非投等債,81,0,81,大昌-新店,2023-05-17,6464
00676R,富邦臺灣加權反1,79,0,79,大昌-新店,2023-05-17,6464
00795B,中信美國公債20年,61,0,61,大昌-新店,2023-05-17,6464
6282,康舒,64,10,54,大昌-新店,2023-05-17,6464
3207,耀勝,61,11,50,大昌-新店,2023-05-17,6464
00878,國泰永續高股息,87,40,47,大昌-新店,2023-05-17,6464
3037,欣興,71,25,46,大昌-新店,2023-05-17,6464
1810,和成,53,12,41,大昌-新店,2023-05-17,6464
00740B,富邦全球投等債,40,0,40,大昌-新店,2023-05-17,6464
2618,長榮航,48,13,35,大昌-新店,2023-05-17,6464
2851,中再保,33,0,33,大昌-新店,2023-05-17,6464
00751B,元大AAA至A公司債,31,0,31,大昌-新店,2023-05-17,6464
00664R,國泰臺灣加權反1,33,3,30,大昌-新店,2023-05-17,6464
6285,啟��,39,13,26,大昌-新店,2023-05-17,6464
3694,海華,25,0,25,大昌-新店,2023-05-17,6464
6160,欣技,60,36,24,大昌-新店,2023-05-17,6464
00673R,期元大S＆P原油反1,23,0,23,大昌-新店,2023-05-17,6464
3703,欣陸,20,0,20,大昌-新店,2023-05-17,6464
2481,強茂,30,10,20,大昌-新店,2023-05-17,6464
6015,宏遠證,20,0,20,大昌-新店,2023-05-17,6464
1617,榮星,20,0,20,大昌-新店,2023-05-17,6464
6026,福邦證,20,0,20,大昌-新店,2023-05-17,6464
2208,台船,34,15,19,大昌-新店,2023-05-17,6464
6138,茂達,21,2,19,大昌-新店,2023-05-17,6464
6234,高僑,34,16,18,大昌-新店,2023-05-17,6464
2388,威盛,24,7,17,大昌-新店,2023-05-17,6464
1760,寶齡富錦,20,3,17,大昌-新店,2023-05-17,6464
1612,宏泰,23,6,17,大昌-新店,2023-05-17,6464
8046,南電,26,9,17,大昌-新店,2023-05-17,6464
00772B,中信高評級公司債,17,0,17,大昌-新店,2023-05-17,6464
3693,營邦,18,2,16,大昌-新店,2023-05-17,6464
6164,華興,15,0,15,大昌-新店,2023-05-17,6464
2421,建準,35,20,15,大昌-新店,2023-05-17,6464
2392,正崴,14,0,14,大昌-新店,2023-05-17,6464
4746,台耀,30,16,14,大昌-新店,2023-05-17,6464
1752,南光,14,1,13,大昌-新店,2023-05-17,6464
3715,定穎投控,28,15,13,大昌-新店,2023-05-17,6464
1519,華城,23,10,13,大昌-新店,2023-05-17,6464
1540,喬福,12,0,12,大昌-新店,2023-05-17,6464
4108,懷特,12,0,12,大昌-新店,2023-05-17,6464
2352,佳世達,25,13,12,大昌-新店,2023-05-17,6464
00632R,元大台灣50反1,511,330,181,大昌-新店,2023-05-18,6464
00680L,元大美債20正2,163,0,163,大昌-新店,2023-05-18,6464
00687B,國泰20年美債,119,0,119,大昌-新店,2023-05-18,6464
3025,星通,121,25,96,大昌-新店,2023-05-18,6464
00676R,富邦臺灣加權反1,69,0,69,大昌-新店,2023-05-18,6464
2890,永豐金,70,7,63,大昌-新店,2023-05-18,6464
6026,福邦證,60,0,60,大昌-新店,2023-05-18,6464
2317,鴻海,63,9,54,大昌-新店,2023-05-18,6464
6015,宏遠證,52,5,47,大昌-新店,2023-05-18,6464
00652,富邦印度,40,0,40,大昌-新店,2023-05-18,6464
00671R,富邦NASDAQ反1,40,0,40,大昌-新店,2023-05-18,6464
4906,正文,35,3,32,大昌-新店,2023-05-18,6464
3576,聯合再生,41,11,30,大昌-新店,2023-05-18,6464
00882,中信中國高股息,28,0,28,大昌-新店,2023-05-18,6464
2609,陽明,42,16,26,大昌-新店,2023-05-18,6464
00633L,富邦上証正2,26,0,26,大昌-新店,2023-05-18,6464
2102,泰豐,26,0,26,大昌-新店,2023-05-18,6464
8415,大國鋼,25,0,25,大昌-新店,2023-05-18,6464
3532,台勝科,25,0,25,大昌-新店,2023-05-18,6464
00751B,元大AAA至A公司債,24,0,24,大昌-新店,2023-05-18,6464
3362,先進光,35,12,23,大昌-新店,2023-05-18,6464
00650L,復華香港正2,32,9,23,大昌-新店,2023-05-18,6464
3056,富華新,22,0,22,大昌-新店,2023-05-18,6464
00710B,復華彭博非投等債,20,0,20,大昌-新店,2023-05-18,6464
2801,彰銀,21,1,20,大昌-新店,2023-05-18,6464
9907,統一實,22,2,20,大昌-新店,2023-05-18,6464
6101,寬魚國際,20,0,20,大昌-新店,2023-05-18,6464
6152,百一,20,0,20,大昌-新店,2023-05-18,6464
4167,松瑞藥,19,0,19,大昌-新店,2023-05-18,6464
5309,系統電,19,0,19,大昌-新店,2023-05-18,6464
3260,威剛,28,10,18,大昌-新店,2023-05-18,6464
5608,四維航,18,0,18,大昌-新店,2023-05-18,6464
2734,易飛網,18,3,15,大昌-新店,2023-05-18,6464
1444,力麗,22,7,15,大昌-新店,2023-05-18,6464
1783,和康生,18,4,14,大昌-新店,2023-05-18,6464
6535,順藥,14,0,14,大昌-新店,2023-05-18,6464
2352,佳世達,17,3,14,大昌-新店,2023-05-18,6464
00706L,期元大S＆P日圓正2,14,0,14,大昌-新店,2023-05-18,6464
2633,台灣高鐵,15,2,13,大昌-新店,2023-05-18,6464
4931,新盛力,17,5,12,大昌-新店,2023-05-18,6464
00727B,國泰優選非投等債,12,0,12,大昌-新店,2023-05-18,6464
2369,菱生,12,0,12,大昌-新店,2023-05-18,6464
4744,皇將,14,2,12,大昌-新店,2023-05-18,6464
6122,擎邦,24,12,12,大昌-新店,2023-05-18,6464
4106,雃博,11,0,11,大昌-新店,2023-05-18,6464
6841,長佳智能,11,0,11,大昌-新店,2023-05-18,6464
4108,懷特,15,4,11,大昌-新店,2023-05-18,6464
6112,邁達特,32,21,11,大昌-新店,2023-05-18,6464
6285,啟��,25,15,10,大昌-新店,2023-05-18,6464
1611,中電,11,1,10,大昌-新店,2023-05-18,6464
00680L,元大美債20正2,138,6,132,大昌-新店,2023-05-19,6464
00687B,國泰20年美債,107,0,107,大昌-新店,2023-05-19,6464
00885,富邦越南,100,0,100,大昌-新店,2023-05-19,6464
5009,榮剛,96,15,81,大昌-新店,2023-05-19,6464
3363,上詮,87,7,80,大昌-新店,2023-05-19,6464
00652,富邦印度,80,0,80,大昌-新店,2023-05-19,6464
3029,零壹,117,44,73,大昌-新店,2023-05-19,6464
3003,健和興,75,4,71,大昌-新店,2023-05-19,6464
9907,統一實,69,3,66,大昌-新店,2023-05-19,6464
6026,福邦證,50,0,50,大昌-新店,2023-05-19,6464
1314,中石化,59,12,47,大昌-新店,2023-05-19,6464
3207,耀勝,52,15,37,大昌-新店,2023-05-19,6464
00690,兆豐藍籌30,35,0,35,大昌-新店,2023-05-19,6464
2317,鴻海,43,11,32,大昌-新店,2023-05-19,6464
00637L,元大滬深300正2,162,130,32,大昌-新店,2023-05-19,6464
2371,大同,46,15,31,大昌-新店,2023-05-19,6464
3576,聯合再生,54,23,31,大昌-新店,2023-05-19,6464
6015,宏遠證,30,0,30,大昌-新店,2023-05-19,6464
2408,南亞科,43,14,29,大昌-新店,2023-05-19,6464
2888,新光金,40,11,29,大昌-新店,2023-05-19,6464
00772B,中信高評級公司債,27,0,27,大昌-新店,2023-05-19,6464
6112,邁達特,38,13,25,大昌-新店,2023-05-19,6464
1605,華新,41,16,25,大昌-新店,2023-05-19,6464
8155,博智,25,2,23,大昌-新店,2023-05-19,6464
5324,士開,23,0,23,大昌-新店,2023-05-19,6464
00671R,富邦NASDAQ反1,22,0,22,大昌-新店,2023-05-19,6464
1101,台泥,28,7,21,大昌-新店,2023-05-19,6464
1777,生泰,20,0,20,大昌-新店,2023-05-19,6464
3558,神準,29,10,19,大昌-新店,2023-05-19,6464
8213,志超,20,1,19,大昌-新店,2023-05-19,6464
4953,緯軟,19,0,19,大昌-新店,2023-05-19,6464
1721,三晃,48,30,18,大昌-新店,2023-05-19,6464
2801,彰銀,18,1,17,大昌-新店,2023-05-19,6464
2457,飛宏,41,25,16,大昌-新店,2023-05-19,6464
1717,長興,15,0,15,大昌-新店,2023-05-19,6464
00665L,富邦�琤肭磪囓�2,15,0,15,大昌-新店,2023-05-19,6464
8249,菱光,15,0,15,大昌-新店,2023-05-19,6464
2634,漢翔,47,34,13,大昌-新店,2023-05-19,6464
00751B,元大AAA至A公司債,16,3,13,大昌-新店,2023-05-19,6464
8076,伍豐,16,3,13,大昌-新店,2023-05-19,6464
2201,裕隆,19,6,13,大昌-新店,2023-05-19,6464
2421,建準,27,15,12,大昌-新店,2023-05-19,6464
2105,正新,12,0,12,大昌-新店,2023-05-19,6464
3624,光頡,12,0,12,大昌-新店,2023-05-19,6464
5425,台半,12,0,12,大昌-新店,2023-05-19,6464
2453,凌群,21,9,12,大昌-新店,2023-05-19,6464
2471,資通,22,10,12,大昌-新店,2023-05-19,6464
1905,華紙,54,43,11,大昌-新店,2023-05-19,6464
3202,樺晟,12,1,11,大昌-新店,2023-05-19,6464
5483,中美晶,15,4,11,大昌-新店,2023-05-19,6464
00680L,元大美債20正2,163,0,163,大昌-新店,2023-05-22,6464
00632R,元大台灣50反1,175,31,144,大昌-新店,2023-05-22,6464
9907,統一實,105,0,105,大昌-新店,2023-05-22,6464
2409,友達,131,32,99,大昌-新店,2023-05-22,6464
2303,聯電,141,49,92,大昌-新店,2023-05-22,6464
00687B,國泰20年美債,86,14,72,大昌-新店,2023-05-22,6464
6282,康舒,91,30,61,大昌-新店,2023-05-22,6464
5706,鳳凰,70,14,56,大昌-新店,2023-05-22,6464
00715L,期街口布蘭特正2,58,5,53,大昌-新店,2023-05-22,6464
6288,聯嘉,64,15,49,大昌-新店,2023-05-22,6464
00652,富邦印度,47,0,47,大昌-新店,2023-05-22,6464
3537,堡達,43,0,43,大昌-新店,2023-05-22,6464
2352,佳世達,36,1,35,大昌-新店,2023-05-22,6464
1519,華城,65,34,31,大昌-新店,2023-05-22,6464
00679B,元大美債20年,42,11,31,大昌-新店,2023-05-22,6464
2618,長榮航,137,107,30,大昌-新店,2023-05-22,6464
2382,廣達,32,7,25,大昌-新店,2023-05-22,6464
2331,精英,80,56,24,大昌-新店,2023-05-22,6464
4130,健亞,25,2,23,大昌-新店,2023-05-22,6464
5324,士開,29,7,22,大昌-新店,2023-05-22,6464
6190,萬泰科,28,6,22,大昌-新店,2023-05-22,6464
3025,星通,40,18,22,大昌-新店,2023-05-22,6464
1608,華榮,35,14,21,大昌-新店,2023-05-22,6464
2031,新光鋼,26,6,20,大昌-新店,2023-05-22,6464
00887,永豐中國科技50大,20,0,20,大昌-新店,2023-05-22,6464
3706,神達,28,8,20,大昌-新店,2023-05-22,6464
9941,裕融,20,0,20,大昌-新店,2023-05-22,6464
1314,中石化,21,2,19,大昌-新店,2023-05-22,6464
2834,臺企銀,24,5,19,大昌-新店,2023-05-22,6464
1609,大亞,41,23,18,大昌-新店,2023-05-22,6464
3071,協禧,30,13,17,大昌-新店,2023-05-22,6464
2851,中再保,17,0,17,大昌-新店,2023-05-22,6464
3037,欣興,42,26,16,大昌-新店,2023-05-22,6464
6176,瑞儀,21,6,15,大昌-新店,2023-05-22,6464
2313,華通,16,2,14,大昌-新店,2023-05-22,6464
3236,千如,16,2,14,大昌-新店,2023-05-22,6464
6188,廣明,20,7,13,大昌-新店,2023-05-22,6464
1605,華新,15,2,13,大昌-新店,2023-05-22,6464
3444,利機,14,2,12,大昌-新店,2023-05-22,6464
00690,兆豐藍籌30,12,0,12,大昌-新店,2023-05-22,6464
2101,南港,12,0,12,大昌-新店,2023-05-22,6464
2442,新美齊,11,0,11,大昌-新店,2023-05-22,6464
2882,國泰金,27,16,11,大昌-新店,2023-05-22,6464
2349,錸德,11,0,11,大昌-新店,2023-05-22,6464
8155,博智,12,1,11,大昌-新店,2023-05-22,6464
2412,中華電,10,0,10,大昌-新店,2023-05-22,6464
00772B,中信高評級公司債,10,0,10,大昌-新店,2023-05-22,6464
00795B,中信美國公債20年,10,0,10,大昌-新店,2023-05-22,6464
2468,華經,10,0,10,大昌-新店,2023-05-22,6464
3035,智原,15,5,10,大昌-新店,2023-05-22,6464
2303,聯電,346,10,336,大昌-新店,2023-05-23,6464
00637L,元大滬深300正2,297,26,271,大昌-新店,2023-05-23,6464
2888,新光金,200,11,189,大昌-新店,2023-05-23,6464
00680L,元大美債20正2,130,16,114,大昌-新店,2023-05-23,6464
2409,友達,124,10,114,大昌-新店,2023-05-23,6464
6015,宏遠證,100,0,100,大昌-新店,2023-05-23,6464
00687B,國泰20年美債,75,0,75,大昌-新店,2023-05-23,6464
2317,鴻海,64,4,60,大昌-新店,2023-05-23,6464
3041,揚智,59,5,54,大昌-新店,2023-05-23,6464
5328,華容,51,0,51,大昌-新店,2023-05-23,6464
1514,亞力,53,7,46,大昌-新店,2023-05-23,6464
3481,群創,48,3,45,大昌-新店,2023-05-23,6464
2313,華通,41,4,37,大昌-新店,2023-05-23,6464
5905,南仁湖,32,0,32,大昌-新店,2023-05-23,6464
2204,中華,32,0,32,大昌-新店,2023-05-23,6464
2371,大同,48,17,31,大昌-新店,2023-05-23,6464
1709,和益,31,0,31,大昌-新店,2023-05-23,6464
3071,協禧,32,1,31,大昌-新店,2023-05-23,6464
1101,台泥,32,4,28,大昌-新店,2023-05-23,6464
3260,威剛,32,6,26,大昌-新店,2023-05-23,6464
4967,十銓,26,0,26,大昌-新店,2023-05-23,6464
8076,伍豐,41,15,26,大昌-新店,2023-05-23,6464
6290,良維,25,1,24,大昌-新店,2023-05-23,6464
2442,新美齊,28,4,24,大昌-新店,2023-05-23,6464
6226,光鼎,24,0,24,大昌-新店,2023-05-23,6464
2603,長榮,29,5,24,大昌-新店,2023-05-23,6464
2801,彰銀,23,0,23,大昌-新店,2023-05-23,6464
1605,華新,25,3,22,大昌-新店,2023-05-23,6464
2344,華邦電,24,3,21,大昌-新店,2023-05-23,6464
6446,藥華藥,22,2,20,大昌-新店,2023-05-23,6464
00740B,富邦全球投等債,20,0,20,大昌-新店,2023-05-23,6464
4128,中天,20,0,20,大昌-新店,2023-05-23,6464
4726,永昕,19,0,19,大昌-新店,2023-05-23,6464
6233,旺玖,21,2,19,大昌-新店,2023-05-23,6464
5512,力麒,28,9,19,大昌-新店,2023-05-23,6464
2356,英業達,24,5,19,大昌-新店,2023-05-23,6464
00772B,中信高評級公司債,18,0,18,大昌-新店,2023-05-23,6464
1815,富喬,18,0,18,大昌-新店,2023-05-23,6464
2349,錸德,18,0,18,大昌-新店,2023-05-23,6464
00642U,期元大S＆P石油,18,1,17,大昌-新店,2023-05-23,6464
00751B,元大AAA至A公司債,17,0,17,大昌-新店,2023-05-23,6464
4108,懷特,20,3,17,大昌-新店,2023-05-23,6464
00882,中信中國高股息,17,0,17,大昌-新店,2023-05-23,6464
1444,力麗,20,3,17,大昌-新店,2023-05-23,6464
3078,僑威,45,28,17,大昌-新店,2023-05-23,6464
2731,雄獅,21,6,15,大昌-新店,2023-05-23,6464
2889,國票金,30,16,14,大昌-新店,2023-05-23,6464
2332,友訊,17,3,14,大昌-新店,2023-05-23,6464
4746,台耀,16,3,13,大昌-新店,2023-05-23,6464
6285,啟��,16,3,13,大昌-新店,2023-05-23,6464
00882,中信中國高股息,313,1,312,大昌-新店,2023-05-24,6464
2867,三商壽,178,0,178,大昌-新店,2023-05-24,6464
3231,緯創,322,153,169,大昌-新店,2023-05-24,6464
2608,嘉里大榮,130,0,130,大昌-新店,2023-05-24,6464
00687B,國泰20年美債,108,0,108,大昌-新店,2023-05-24,6464
2618,長榮航,153,47,106,大昌-新店,2023-05-24,6464
9905,大華,79,0,79,大昌-新店,2023-05-24,6464
00669R,國泰美國道瓊反1,60,0,60,大昌-新店,2023-05-24,6464
1784,訊聯,64,4,60,大昌-新店,2023-05-24,6464
6806,森崴能源,53,1,52,大昌-新店,2023-05-24,6464
9907,統一實,51,0,51,大昌-新店,2023-05-24,6464
00645,富邦日本,50,0,50,大昌-新店,2023-05-24,6464
00637L,元大滬深300正2,262,215,47,大昌-新店,2023-05-24,6464
00753L,中信中國50正2,37,0,37,大昌-新店,2023-05-24,6464
1810,和成,35,0,35,大昌-新店,2023-05-24,6464
00878,國泰永續高股息,42,9,33,大昌-新店,2023-05-24,6464
2328,廣宇,35,4,31,大昌-新店,2023-05-24,6464
00665L,富邦�琤肭磪囓�2,31,1,30,大昌-新店,2023-05-24,6464
2442,新美齊,28,0,28,大昌-新店,2023-05-24,6464
2706,第一店,32,5,27,大昌-新店,2023-05-24,6464
3498,陽程,26,2,24,大昌-新店,2023-05-24,6464
5009,榮剛,34,11,23,大昌-新店,2023-05-24,6464
6290,良維,25,2,23,大昌-新店,2023-05-24,6464
00641R,富邦日本反1,22,0,22,大昌-新店,2023-05-24,6464
2349,錸德,23,1,22,大昌-新店,2023-05-24,6464
00652,富邦印度,22,0,22,大昌-新店,2023-05-24,6464
2457,飛宏,98,77,21,大昌-新店,2023-05-24,6464
2610,華航,165,145,20,大昌-新店,2023-05-24,6464
2102,泰豐,20,0,20,大昌-新店,2023-05-24,6464
5439,高技,25,5,20,大昌-新店,2023-05-24,6464
2630,亞航,28,9,19,大昌-新店,2023-05-24,6464
3232,昱捷,25,7,18,大昌-新店,2023-05-24,6464
3046,建��,35,17,18,大昌-新店,2023-05-24,6464
3704,合勤控,21,4,17,大昌-新店,2023-05-24,6464
2402,毅嘉,49,32,17,大昌-新店,2023-05-24,6464
00772B,中信高評級公司債,16,0,16,大昌-新店,2023-05-24,6464
4967,十銓,16,0,16,大昌-新店,2023-05-24,6464
3710,連展投控,20,4,16,大昌-新店,2023-05-24,6464
2031,新光鋼,16,0,16,大昌-新店,2023-05-24,6464
8222,寶一,50,34,16,大昌-新店,2023-05-24,6464
4167,松瑞藥,20,5,15,大昌-新店,2023-05-24,6464
2538,基泰,20,5,15,大昌-新店,2023-05-24,6464
8121,越峰,16,1,15,大昌-新店,2023-05-24,6464
00923,群益台ESG低碳50,15,0,15,大昌-新店,2023-05-24,6464
3362,先進光,21,7,14,大昌-新店,2023-05-24,6464
1732,毛寶,15,1,14,大昌-新店,2023-05-24,6464
3035,智原,30,16,14,大昌-新店,2023-05-24,6464
2303,聯電,29,15,14,大昌-新店,2023-05-24,6464
5531,鄉林,13,0,13,大昌-新店,2023-05-24,6464
1444,力麗,14,1,13,大昌-新店,2023-05-24,6464
00882,中信中國高股息,373,232,141,大昌-新店,2023-05-25,6464
1310,台苯,132,6,126,大昌-新店,2023-05-25,6464
2610,華航,248,126,122,大昌-新店,2023-05-25,6464
00665L,富邦�琤肭磪囓�2,110,1,109,大昌-新店,2023-05-25,6464
00637L,元大滬深300正2,411,321,90,大昌-新店,2023-05-25,6464
00687B,國泰20年美債,89,0,89,大昌-新店,2023-05-25,6464
2340,台亞,70,0,70,大昌-新店,2023-05-25,6464
00632R,元大台灣50反1,135,72,63,大昌-新店,2023-05-25,6464
2887,台新金,54,0,54,大昌-新店,2023-05-25,6464
2303,聯電,77,24,53,大昌-新店,2023-05-25,6464
2888B,新光金乙特,53,0,53,大昌-新店,2023-05-25,6464
00753L,中信中國50正2,53,0,53,大昌-新店,2023-05-25,6464
2371,大同,116,69,47,大昌-新店,2023-05-25,6464
00633L,富邦上証正2,48,9,39,大昌-新店,2023-05-25,6464
2201,裕隆,54,15,39,大昌-新店,2023-05-25,6464
00795B,中信美國公債20年,37,1,36,大昌-新店,2023-05-25,6464
00712,復華富時不動產,36,0,36,大昌-新店,2023-05-25,6464
2356,英業達,58,23,35,大昌-新店,2023-05-25,6464
00679B,元大美債20年,51,20,31,大昌-新店,2023-05-25,6464
1227,佳格,30,0,30,大昌-新店,2023-05-25,6464
1528,恩德,50,20,30,大昌-新店,2023-05-25,6464
2881,富邦金,35,5,30,大昌-新店,2023-05-25,6464
9935,慶豐富,29,0,29,大昌-新店,2023-05-25,6464
00650L,復華香港正2,29,0,29,大昌-新店,2023-05-25,6464
1101,台泥,35,8,27,大昌-新店,2023-05-25,6464
2888,新光金,27,0,27,大昌-新店,2023-05-25,6464
2867,三商壽,31,5,26,大昌-新店,2023-05-25,6464
5531,鄉林,39,13,26,大昌-新店,2023-05-25,6464
4306,炎洲,24,0,24,大昌-新店,2023-05-25,6464
5512,力麒,23,1,22,大昌-新店,2023-05-25,6464
8940,新天地,23,2,21,大昌-新店,2023-05-25,6464
00772B,中信高評級公司債,22,1,21,大昌-新店,2023-05-25,6464
1611,中電,24,3,21,大昌-新店,2023-05-25,6464
2498,宏達電,29,9,20,大昌-新店,2023-05-25,6464
6026,福邦證,20,0,20,大昌-新店,2023-05-25,6464
1732,毛寶,20,0,20,大昌-新店,2023-05-25,6464
2855,統一證,20,0,20,大昌-新店,2023-05-25,6464
2736,富野,37,18,19,大昌-新店,2023-05-25,6464
00865B,國泰US短期公債,19,0,19,大昌-新店,2023-05-25,6464
1709,和益,18,0,18,大昌-新店,2023-05-25,6464
1789,神隆,18,0,18,大昌-新店,2023-05-25,6464
2022,聚亨,21,3,18,大昌-新店,2023-05-25,6464
1727,中華化,17,0,17,大昌-新店,2023-05-25,6464
2002,中鋼,33,16,17,大昌-新店,2023-05-25,6464
1905,華紙,36,19,17,大昌-新店,2023-05-25,6464
2337,旺宏,22,5,17,大昌-新店,2023-05-25,6464
3704,合勤控,19,3,16,大昌-新店,2023-05-25,6464
1519,華城,63,48,15,大昌-新店,2023-05-25,6464
8996,高力,20,5,15,大昌-新店,2023-05-25,6464
00751B,元大AAA至A公司債,15,0,15,大昌-新店,2023-05-25,6464
2323,中環,349,24,325,大昌-新店,2023-05-26,6464
00637L,元大滬深300正2,539,314,225,大昌-新店,2023-05-26,6464
00632R,元大台灣50反1,378,188,190,大昌-新店,2023-05-26,6464
00845B,富邦新興投等債,140,0,140,大昌-新店,2023-05-26,6464
00687B,國泰20年美債,112,0,112,大昌-新店,2023-05-26,6464
3481,群創,134,23,111,大昌-新店,2023-05-26,6464
00922,國泰台灣領袖50,100,0,100,大昌-新店,2023-05-26,6464
3231,緯創,289,189,100,大昌-新店,2023-05-26,6464
00727B,國泰優選非投等債,90,0,90,大昌-新店,2023-05-26,6464
00676R,富邦臺灣加權反1,88,0,88,大昌-新店,2023-05-26,6464
8271,宇瞻,86,0,86,大昌-新店,2023-05-26,6464
00885,富邦越南,82,0,82,大昌-新店,2023-05-26,6464
00712,復華富時不動產,80,3,77,大昌-新店,2023-05-26,6464
6015,宏遠證,64,1,63,大昌-新店,2023-05-26,6464
2884,玉山金,70,13,57,大昌-新店,2023-05-26,6464
00882,中信中國高股息,56,0,56,大昌-新店,2023-05-26,6464
6806,森崴能源,55,2,53,大昌-新店,2023-05-26,6464
2371,大同,132,79,53,大昌-新店,2023-05-26,6464
9907,統一實,51,0,51,大昌-新店,2023-05-26,6464
00694B,富邦美債1-3,50,0,50,大昌-新店,2023-05-26,6464
1532,勤美,47,0,47,大昌-新店,2023-05-26,6464
5483,中美晶,49,5,44,大昌-新店,2023-05-26,6464
00642U,期元大S＆P石油,44,0,44,大昌-新店,2023-05-26,6464
4306,炎洲,40,0,40,大昌-新店,2023-05-26,6464
6026,福邦證,40,0,40,大昌-新店,2023-05-26,6464
2637,慧洋-KY,41,2,39,大昌-新店,2023-05-26,6464
2409,友達,36,4,32,大昌-新店,2023-05-26,6464
5301,寶得利,32,0,32,大昌-新店,2023-05-26,6464
6190,萬泰科,73,43,30,大昌-新店,2023-05-26,6464
00772B,中信高評級公司債,29,0,29,大昌-新店,2023-05-26,6464
1783,和康生,42,15,27,大昌-新店,2023-05-26,6464
1609,大亞,44,17,27,大昌-新店,2023-05-26,6464
3037,欣興,72,45,27,大昌-新店,2023-05-26,6464
1303,南亞,26,1,25,大昌-新店,2023-05-26,6464
9945,潤泰新,42,17,25,大昌-新店,2023-05-26,6464
5608,四維航,24,0,24,大昌-新店,2023-05-26,6464
00665L,富邦�琤肭磪囓�2,26,2,24,大昌-新店,2023-05-26,6464
6235,華孚,35,12,23,大昌-新店,2023-05-26,6464
1608,華榮,45,22,23,大昌-新店,2023-05-26,6464
2736,富野,60,38,22,大昌-新店,2023-05-26,6464
00753L,中信中國50正2,21,0,21,大昌-新店,2023-05-26,6464
1227,佳格,21,0,21,大昌-新店,2023-05-26,6464
3362,先進光,24,4,20,大昌-新店,2023-05-26,6464
1314,中石化,22,2,20,大昌-新店,2023-05-26,6464
6266,泰詠,21,1,20,大昌-新店,2023-05-26,6464
1589,永冠-KY,31,12,19,大昌-新店,2023-05-26,6464
6112,邁達特,25,6,19,大昌-新店,2023-05-26,6464
2317,鴻海,42,23,19,大昌-新店,2023-05-26,6464
4967,十銓,20,2,18,大昌-新店,2023-05-26,6464
2801,彰銀,25,7,18,大昌-新店,2023-05-26,6464
2888,新光金,382,13,369,大昌-新店,2023-05-29,6464
2002,中鋼,140,15,125,大昌-新店,2023-05-29,6464
00687B,國泰20年美債,122,5,117,大昌-新店,2023-05-29,6464
00665L,富邦�琤肭磪囓�2,126,10,116,大昌-新店,2023-05-29,6464
00919,群益台灣精選高息,101,2,99,大昌-新店,2023-05-29,6464
2618,長榮航,247,181,66,大昌-新店,2023-05-29,6464
6016,康和證,70,5,65,大昌-新店,2023-05-29,6464
2701,萬企,66,4,62,大昌-新店,2023-05-29,6464
00727B,國泰優選非投等債,60,0,60,大昌-新店,2023-05-29,6464
00648R,元大S＆P500反1,60,0,60,大昌-新店,2023-05-29,6464
00632R,元大台灣50反1,252,195,57,大昌-新店,2023-05-29,6464
2801,彰銀,57,2,55,大昌-新店,2023-05-29,6464
2303,聯電,97,45,52,大昌-新店,2023-05-29,6464
3078,僑威,57,12,45,大昌-新店,2023-05-29,6464
00882,中信中國高股息,47,2,45,大昌-新店,2023-05-29,6464
2352,佳世達,39,1,38,大昌-新店,2023-05-29,6464
6274,台燿,39,2,37,大昌-新店,2023-05-29,6464
00694B,富邦美債1-3,31,0,31,大昌-新店,2023-05-29,6464
00772B,中信高評級公司債,27,0,27,大昌-新店,2023-05-29,6464
2458,義隆,30,5,25,大昌-新店,2023-05-29,6464
0056,元大高股息,83,58,25,大昌-新店,2023-05-29,6464
6213,聯茂,30,6,24,大昌-新店,2023-05-29,6464
2855,統一證,24,1,23,大昌-新店,2023-05-29,6464
6142,友勁,23,1,22,大昌-新店,2023-05-29,6464
2349,錸德,22,0,22,大昌-新店,2023-05-29,6464
00679B,元大美債20年,39,17,22,大昌-新店,2023-05-29,6464
00710B,復華彭博非投等債,20,0,20,大昌-新店,2023-05-29,6464
00642U,期元大S＆P石油,21,1,20,大昌-新店,2023-05-29,6464
3646,艾恩特,21,2,19,大昌-新店,2023-05-29,6464
2609,陽明,36,17,19,大昌-新店,2023-05-29,6464
6026,福邦證,20,2,18,大昌-新店,2023-05-29,6464
00902,中信電池及儲能,17,0,17,大昌-新店,2023-05-29,6464
2014,中鴻,17,0,17,大昌-新店,2023-05-29,6464
3017,奇鋐,30,14,16,大昌-新店,2023-05-29,6464
00773B,中信優先金融債,16,0,16,大昌-新店,2023-05-29,6464
00923,群益台ESG低碳50,21,5,16,大昌-新店,2023-05-29,6464
2425,承啟,36,20,16,大昌-新店,2023-05-29,6464
2382,廣達,31,16,15,大昌-新店,2023-05-29,6464
00905,FT臺灣Smart,15,0,15,大昌-新店,2023-05-29,6464
6015,宏遠證,20,5,15,大昌-新店,2023-05-29,6464
3037,欣興,41,27,14,大昌-新店,2023-05-29,6464
00885,富邦越南,20,6,14,大昌-新店,2023-05-29,6464
6248,沛波,14,0,14,大昌-新店,2023-05-29,6464
1210,大成,14,0,14,大昌-新店,2023-05-29,6464
2388,威盛,52,38,14,大昌-新店,2023-05-29,6464
6285,啟��,28,14,14,大昌-新店,2023-05-29,6464
3048,益登,13,0,13,大昌-新店,2023-05-29,6464
00676R,富邦臺灣加權反1,13,0,13,大昌-新店,2023-05-29,6464
2495,普安,18,5,13,大昌-新店,2023-05-29,6464
8046,南電,17,4,13,大昌-新店,2023-05-29,6464
00679B,元大美債20年,218,41,177,大昌-新店,2023-05-30,6464
00632R,元大台灣50反1,190,80,110,大昌-新店,2023-05-30,6464
5905,南仁湖,90,1,89,大昌-新店,2023-05-30,6464
3013,晟銘電,190,108,82,大昌-新店,2023-05-30,6464
2324,仁寶,107,29,78,大昌-新店,2023-05-30,6464
00633L,富邦上証正2,96,31,65,大昌-新店,2023-05-30,6464
3363,上詮,159,102,57,大昌-新店,2023-05-30,6464
00882,中信中國高股息,61,5,56,大昌-新店,2023-05-30,6464
9907,統一實,60,8,52,大昌-新店,2023-05-30,6464
3163,波若威,61,11,50,大昌-新店,2023-05-30,6464
00694B,富邦美債1-3,49,0,49,大昌-新店,2023-05-30,6464
3025,星通,155,107,48,大昌-新店,2023-05-30,6464
00687B,國泰20年美債,47,0,47,大昌-新店,2023-05-30,6464
3704,合勤控,75,28,47,大昌-新店,2023-05-30,6464
00665L,富邦�琤肭磪囓�2,43,0,43,大昌-新店,2023-05-30,6464
3031,佰鴻,40,0,40,大昌-新店,2023-05-30,6464
2002,中鋼,45,10,35,大昌-新店,2023-05-30,6464
2371,大同,161,126,35,大昌-新店,2023-05-30,6464
00725B,國泰投資級公司債,34,0,34,大昌-新店,2023-05-30,6464
6190,萬泰科,37,3,34,大昌-新店,2023-05-30,6464
2312,金寶,44,12,32,大昌-新店,2023-05-30,6464
3706,神達,39,7,32,大昌-新店,2023-05-30,6464
2634,漢翔,45,14,31,大昌-新店,2023-05-30,6464
6213,聯茂,51,21,30,大昌-新店,2023-05-30,6464
00893,國泰智能電動車,53,23,30,大昌-新店,2023-05-30,6464
2425,承啟,42,12,30,大昌-新店,2023-05-30,6464
2382,廣達,61,32,29,大昌-新店,2023-05-30,6464
5243,乙盛-KY,44,15,29,大昌-新店,2023-05-30,6464
2888,新光金,34,6,28,大昌-新店,2023-05-30,6464
5531,鄉林,30,2,28,大昌-新店,2023-05-30,6464
2882,國泰金,29,1,28,大昌-新店,2023-05-30,6464
6160,欣技,55,28,27,大昌-新店,2023-05-30,6464
8926,台汽電,26,0,26,大昌-新店,2023-05-30,6464
5706,鳳凰,29,4,25,大昌-新店,2023-05-30,6464
6016,康和證,24,0,24,大昌-新店,2023-05-30,6464
3552,同致,24,2,22,大昌-新店,2023-05-30,6464
2206,三陽工業,33,12,21,大昌-新店,2023-05-30,6464
1218,泰山,21,0,21,大昌-新店,2023-05-30,6464
2399,映泰,28,7,21,大昌-新店,2023-05-30,6464
3325,旭品,21,0,21,大昌-新店,2023-05-30,6464
5465,富驊,24,3,21,大昌-新店,2023-05-30,6464
1608,華榮,32,12,20,大昌-新店,2023-05-30,6464
4960,誠美材,20,0,20,大昌-新店,2023-05-30,6464
00753L,中信中國50正2,19,0,19,大昌-新店,2023-05-30,6464
00902,中信電池及儲能,19,0,19,大昌-新店,2023-05-30,6464
3481,群創,42,23,19,大昌-新店,2023-05-30,6464
6026,福邦證,28,10,18,大昌-新店,2023-05-30,6464
1513,中興電,22,4,18,大昌-新店,2023-05-30,6464
3032,偉訓,20,3,17,大昌-新店,2023-05-30,6464
1519,華城,34,17,17,大昌-新店,2023-05-30,6464
00715L,期街口布蘭特正2,152,3,149,大昌-新店,2023-05-31,6464
00679B,元大美債20年,79,0,79,大昌-新店,2023-05-31,6464
00642U,期元大S＆P石油,70,0,70,大昌-新店,2023-05-31,6464
5498,凱崴,71,4,67,大昌-新店,2023-05-31,6464
00878,國泰永續高股息,84,28,56,大昌-新店,2023-05-31,6464
00882,中信中國高股息,57,3,54,大昌-新店,2023-05-31,6464
2317,鴻海,53,13,40,大昌-新店,2023-05-31,6464
00633L,富邦上証正2,73,38,35,大昌-新店,2023-05-31,6464
3363,上詮,72,40,32,大昌-新店,2023-05-31,6464
1314,中石化,40,10,30,大昌-新店,2023-05-31,6464
3552,同致,29,0,29,大昌-新店,2023-05-31,6464
3017,奇鋐,34,6,28,大昌-新店,2023-05-31,6464
3231,緯創,432,404,28,大昌-新店,2023-05-31,6464
3037,欣興,40,14,26,大昌-新店,2023-05-31,6464
00751B,元大AAA至A公司債,26,0,26,大昌-新店,2023-05-31,6464
1524,耿鼎,26,0,26,大昌-新店,2023-05-31,6464
2801,彰銀,26,0,26,大昌-新店,2023-05-31,6464
2356,英業達,38,13,25,大昌-新店,2023-05-31,6464
3019,亞光,25,0,25,大昌-新店,2023-05-31,6464
3694,海華,25,0,25,大昌-新店,2023-05-31,6464
2352,佳世達,33,10,23,大昌-新店,2023-05-31,6464
1444,力麗,23,0,23,大昌-新店,2023-05-31,6464
00725B,國泰投資級公司債,33,10,23,大昌-新店,2023-05-31,6464
2603,長榮,26,4,22,大昌-新店,2023-05-31,6464
2355,敬鵬,25,3,22,大昌-新店,2023-05-31,6464
2409,友達,28,7,21,大昌-新店,2023-05-31,6464
00720B,元大投資級公司債,31,10,21,大昌-新店,2023-05-31,6464
2480,敦陽科,21,0,21,大昌-新店,2023-05-31,6464
6733,博晟生醫,20,0,20,大昌-新店,2023-05-31,6464
1101,台泥,29,9,20,大昌-新店,2023-05-31,6464
6015,宏遠證,20,0,20,大昌-新店,2023-05-31,6464
6101,寬魚國際,20,0,20,大昌-新店,2023-05-31,6464
2498,宏達電,24,4,20,大昌-新店,2023-05-31,6464
2495,普安,26,8,18,大昌-新店,2023-05-31,6464
2606,裕民,19,1,18,大昌-新店,2023-05-31,6464
6841,長佳智能,19,2,17,大昌-新店,2023-05-31,6464
3706,神達,40,23,17,大昌-新店,2023-05-31,6464
1463,強盛新,16,0,16,大昌-新店,2023-05-31,6464
3419,譁裕,20,4,16,大昌-新店,2023-05-31,6464
6108,競國,16,0,16,大昌-新店,2023-05-31,6464
4989,榮科,15,0,15,大昌-新店,2023-05-31,6464
2615,萬海,19,4,15,大昌-新店,2023-05-31,6464
2457,飛宏,57,43,14,大昌-新店,2023-05-31,6464
00753L,中信中國50正2,16,2,14,大昌-新店,2023-05-31,6464
2303,聯電,23,9,14,大昌-新店,2023-05-31,6464
5706,鳳凰,36,22,14,大昌-新店,2023-05-31,6464
00665L,富邦�琤肭磪囓�2,44,30,14,大昌-新店,2023-05-31,6464
0056,元大高股息,41,27,14,大昌-新店,2023-05-31,6464
2388,威盛,29,16,13,大昌-新店,2023-05-31,6464
2851,中再保,13,0,13,大昌-新店,2023-05-31,6464
2323,中環,282,42,240,大昌-新店,2023-06-01,6464
3363,上詮,179,12,167,大昌-新店,2023-06-01,6464
00882,中信中國高股息,110,0,110,大昌-新店,2023-06-01,6464
2897,王道銀行,101,1,100,大昌-新店,2023-06-01,6464
3706,神達,132,60,72,大昌-新店,2023-06-01,6464
3481,群創,93,22,71,大昌-新店,2023-06-01,6464
00715L,期街口布蘭特正2,72,5,67,大昌-新店,2023-06-01,6464
3260,威剛,79,17,62,大昌-新店,2023-06-01,6464
00878,國泰永續高股息,68,8,60,大昌-新店,2023-06-01,6464
00725B,國泰投資級公司債,56,0,56,大昌-新店,2023-06-01,6464
5706,鳳凰,88,37,51,大昌-新店,2023-06-01,6464
6841,長佳智能,49,1,48,大昌-新店,2023-06-01,6464
00637L,元大滬深300正2,241,196,45,大昌-新店,2023-06-01,6464
2888B,新光金乙特,42,0,42,大昌-新店,2023-06-01,6464
2610,華航,157,116,41,大昌-新店,2023-06-01,6464
00900,富邦特選高股息30,51,10,41,大昌-新店,2023-06-01,6464
6535,順藥,41,0,41,大昌-新店,2023-06-01,6464
4564,元翎,79,41,38,大昌-新店,2023-06-01,6464
1524,耿鼎,35,4,31,大昌-新店,2023-06-01,6464
00641R,富邦日本反1,30,0,30,大昌-新店,2023-06-01,6464
2103,台橡,30,0,30,大昌-新店,2023-06-01,6464
2515,中工,266,236,30,大昌-新店,2023-06-01,6464
2630,亞航,55,26,29,大昌-新店,2023-06-01,6464
1616,億泰,29,0,29,大昌-新店,2023-06-01,6464
2408,南亞科,30,2,28,大昌-新店,2023-06-01,6464
9941,裕融,26,0,26,大昌-新店,2023-06-01,6464
1314,中石化,28,2,26,大昌-新店,2023-06-01,6464
1519,華城,47,21,26,大昌-新店,2023-06-01,6464
00642U,期元大S＆P石油,34,10,24,大昌-新店,2023-06-01,6464
1609,大亞,38,15,23,大昌-新店,2023-06-01,6464
5531,鄉林,22,0,22,大昌-新店,2023-06-01,6464
2449,京元電子,28,6,22,大昌-新店,2023-06-01,6464
1215,卜蜂,21,0,21,大昌-新店,2023-06-01,6464
3380,明泰,25,4,21,大昌-新店,2023-06-01,6464
2356,英業達,36,16,20,大昌-新店,2023-06-01,6464
1584,精剛,30,10,20,大昌-新店,2023-06-01,6464
1210,大成,20,0,20,大昌-新店,2023-06-01,6464
00753L,中信中國50正2,27,7,20,大昌-新店,2023-06-01,6464
6235,華孚,36,16,20,大昌-新店,2023-06-01,6464
00757,統一FANG+,20,1,19,大昌-新店,2023-06-01,6464
6015,宏遠證,20,1,19,大昌-新店,2023-06-01,6464
00720B,元大投資級公司債,21,2,19,大昌-新店,2023-06-01,6464
2382,廣達,29,10,19,大昌-新店,2023-06-01,6464
1103,嘉泥,21,3,18,大昌-新店,2023-06-01,6464
3029,零壹,38,20,18,大昌-新店,2023-06-01,6464
00665L,富邦�琤肭磪囓�2,33,16,17,大昌-新店,2023-06-01,6464
3714,富采,19,2,17,大昌-新店,2023-06-01,6464
1513,中興電,54,38,16,大昌-新店,2023-06-01,6464
3162,精確,17,1,16,大昌-新店,2023-06-01,6464
2481,強茂,20,4,16,大昌-新店,2023-06-01,6464
2610,華航,558,218,340,大昌-新店,2023-06-02,6464
0056,元大高股息,163,53,110,大昌-新店,2023-06-02,6464
3013,晟銘電,130,34,96,大昌-新店,2023-06-02,6464
4938,和碩,209,118,91,大昌-新店,2023-06-02,6464
2618,長榮航,291,206,85,大昌-新店,2023-06-02,6464
00665L,富邦�琤肭磪囓�2,122,37,85,大昌-新店,2023-06-02,6464
8040,九暘,71,0,71,大昌-新店,2023-06-02,6464
00648R,元大S＆P500反1,60,0,60,大昌-新店,2023-06-02,6464
00919,群益台灣精選高息,60,0,60,大昌-新店,2023-06-02,6464
3047,訊舟,76,19,57,大昌-新店,2023-06-02,6464
3048,益登,53,1,52,大昌-新店,2023-06-02,6464
00882,中信中國高股息,53,2,51,大昌-新店,2023-06-02,6464
2103,台橡,50,0,50,大昌-新店,2023-06-02,6464
6163,華電網,60,10,50,大昌-新店,2023-06-02,6464
2457,飛宏,99,49,50,大昌-新店,2023-06-02,6464
3710,連展投控,45,0,45,大昌-新店,2023-06-02,6464
2867,三商壽,62,18,44,大昌-新店,2023-06-02,6464
1806,冠軍,44,2,42,大昌-新店,2023-06-02,6464
2515,中工,75,33,42,大昌-新店,2023-06-02,6464
1618,合機,52,11,41,大昌-新店,2023-06-02,6464
00679B,元大美債20年,41,1,40,大昌-新店,2023-06-02,6464
3481,群創,76,38,38,大昌-新店,2023-06-02,6464
1608,華榮,42,5,37,大昌-新店,2023-06-02,6464
9907,統一實,37,0,37,大昌-新店,2023-06-02,6464
1314,中石化,40,5,35,大昌-新店,2023-06-02,6464
00676R,富邦臺灣加權反1,30,0,30,大昌-新店,2023-06-02,6464
6116,彩晶,38,9,29,大昌-新店,2023-06-02,6464
1515,力山,28,0,28,大昌-新店,2023-06-02,6464
4306,炎洲,26,0,26,大昌-新店,2023-06-02,6464
5439,高技,26,0,26,大昌-新店,2023-06-02,6464
3006,晶豪科,32,6,26,大昌-新店,2023-06-02,6464
2603,長榮,31,8,23,大昌-新店,2023-06-02,6464
6108,競國,21,0,21,大昌-新店,2023-06-02,6464
2328,廣宇,28,7,21,大昌-新店,2023-06-02,6464
2908,特力,20,0,20,大昌-新店,2023-06-02,6464
2851,中再保,20,0,20,大昌-新店,2023-06-02,6464
00926,凱基全球菁英55,20,0,20,大昌-新店,2023-06-02,6464
4726,永昕,20,0,20,大昌-新店,2023-06-02,6464
3646,艾恩特,20,0,20,大昌-新店,2023-06-02,6464
1616,億泰,22,2,20,大昌-新店,2023-06-02,6464
4989,榮科,20,0,20,大昌-新店,2023-06-02,6464
2498,宏達電,24,5,19,大昌-新店,2023-06-02,6464
2349,錸德,20,1,19,大昌-新店,2023-06-02,6464
5425,台半,19,0,19,大昌-新店,2023-06-02,6464
3083,網龍,21,3,18,大昌-新店,2023-06-02,6464
3360,尚立,23,6,17,大昌-新店,2023-06-02,6464
6191,精成科,17,0,17,大昌-新店,2023-06-02,6464
4967,十銓,22,5,17,大昌-新店,2023-06-02,6464
8358,金居,18,1,17,大昌-新店,2023-06-02,6464
2356,英業達,46,30,16,大昌-新店,2023-06-02,6464
00725B,國泰投資級公司債,201,0,201,大昌-新店,2023-06-05,6464
00712,復華富時不動產,143,20,123,大昌-新店,2023-06-05,6464
3013,晟銘電,136,21,115,大昌-新店,2023-06-05,6464
00878,國泰永續高股息,122,14,108,大昌-新店,2023-06-05,6464
1717,長興,107,0,107,大昌-新店,2023-06-05,6464
2897,王道銀行,100,0,100,大昌-新店,2023-06-05,6464
00668,國泰美國道瓊,96,0,96,大昌-新店,2023-06-05,6464
2323,中環,192,102,90,大昌-新店,2023-06-05,6464
00919,群益台灣精選高息,56,1,55,大昌-新店,2023-06-05,6464
00679B,元大美債20年,56,4,52,大昌-新店,2023-06-05,6464
00795B,中信美國公債20年,52,1,51,大昌-新店,2023-06-05,6464
2353,宏��,84,41,43,大昌-新店,2023-06-05,6464
2317,鴻海,68,26,42,大昌-新店,2023-06-05,6464
00673R,期元大S＆P原油反1,41,0,41,大昌-新店,2023-06-05,6464
1514,亞力,77,36,41,大昌-新店,2023-06-05,6464
2457,飛宏,85,45,40,大昌-新店,2023-06-05,6464
1727,中華化,48,8,40,大昌-新店,2023-06-05,6464
3450,聯鈞,40,0,40,大昌-新店,2023-06-05,6464
1605,華新,63,24,39,大昌-新店,2023-06-05,6464
2337,旺宏,39,1,38,大昌-新店,2023-06-05,6464
3532,台勝科,39,1,38,大昌-新店,2023-06-05,6464
2388,威盛,117,82,35,大昌-新店,2023-06-05,6464
00882,中信中國高股息,44,11,33,大昌-新店,2023-06-05,6464
2329,華泰,53,20,33,大昌-新店,2023-06-05,6464
00713,元大台灣高息低波,32,0,32,大昌-新店,2023-06-05,6464
1568,倉佑,35,4,31,大昌-新店,2023-06-05,6464
2344,華邦電,51,20,31,大昌-新店,2023-06-05,6464
3038,全台,31,1,30,大昌-新店,2023-06-05,6464
00641R,富邦日本反1,30,0,30,大昌-新店,2023-06-05,6464
1513,中興電,57,28,29,大昌-新店,2023-06-05,6464
1519,華城,69,40,29,大昌-新店,2023-06-05,6464
00687B,國泰20年美債,27,0,27,大昌-新店,2023-06-05,6464
2382,廣達,36,9,27,大昌-新店,2023-06-05,6464
5483,中美晶,30,3,27,大昌-新店,2023-06-05,6464
2303,聯電,56,30,26,大昌-新店,2023-06-05,6464
2352,佳世達,30,5,25,大昌-新店,2023-06-05,6464
2204,中華,29,5,24,大昌-新店,2023-06-05,6464
1618,合機,26,2,24,大昌-新店,2023-06-05,6464
1584,精剛,35,11,24,大昌-新店,2023-06-05,6464
2206,三陽工業,32,11,21,大昌-新店,2023-06-05,6464
6026,福邦證,21,0,21,大昌-新店,2023-06-05,6464
2515,中工,106,86,20,大昌-新店,2023-06-05,6464
2404,漢唐,24,4,20,大昌-新店,2023-06-05,6464
00648R,元大S＆P500反1,40,20,20,大昌-新店,2023-06-05,6464
2892,第一金,20,0,20,大昌-新店,2023-06-05,6464
3031,佰鴻,19,0,19,大昌-新店,2023-06-05,6464
1733,五鼎,22,4,18,大昌-新店,2023-06-05,6464
3029,零壹,24,6,18,大昌-新店,2023-06-05,6464
3479,安勤,18,0,18,大昌-新店,2023-06-05,6464
5302,太欣,18,0,18,大昌-新店,2023-06-05,6464
4533,協易機,175,71,104,大昌-新店,2023-06-06,6464
1815,富喬,106,10,96,大昌-新店,2023-06-06,6464
1609,大亞,169,87,82,大昌-新店,2023-06-06,6464
00632R,元大台灣50反1,82,3,79,大昌-新店,2023-06-06,6464
00878,國泰永續高股息,86,19,67,大昌-新店,2023-06-06,6464
2402,毅嘉,109,46,63,大昌-新店,2023-06-06,6464
2461,光群雷,61,1,60,大昌-新店,2023-06-06,6464
6026,福邦證,50,0,50,大昌-新店,2023-06-06,6464
2457,飛宏,97,47,50,大昌-新店,2023-06-06,6464
00919,群益台灣精選高息,46,1,45,大昌-新店,2023-06-06,6464
2303,聯電,54,9,45,大昌-新店,2023-06-06,6464
6153,嘉聯益,48,4,44,大昌-新店,2023-06-06,6464
00679B,元大美債20年,73,32,41,大昌-新店,2023-06-06,6464
3252,海灣,42,2,40,大昌-新店,2023-06-06,6464
1514,亞力,39,3,36,大昌-新店,2023-06-06,6464
2515,中工,130,97,33,大昌-新店,2023-06-06,6464
4906,正文,47,14,33,大昌-新店,2023-06-06,6464
3630,新鉅科,44,12,32,大昌-新店,2023-06-06,6464
00926,凱基全球菁英55,30,0,30,大昌-新店,2023-06-06,6464
2201,裕隆,52,23,29,大昌-新店,2023-06-06,6464
6108,競國,28,0,28,大昌-新店,2023-06-06,6464
3707,漢磊,30,2,28,大昌-新店,2023-06-06,6464
3029,零壹,43,16,27,大昌-新店,2023-06-06,6464
6243,迅杰,29,2,27,大昌-新店,2023-06-06,6464
2618,長榮航,99,73,26,大昌-新店,2023-06-06,6464
2353,宏��,41,16,25,大昌-新店,2023-06-06,6464
4916,事欣科,32,7,25,大昌-新店,2023-06-06,6464
00652,富邦印度,24,0,24,大昌-新店,2023-06-06,6464
00712,復華富時不動產,33,9,24,大昌-新店,2023-06-06,6464
3265,台星科,27,5,22,大昌-新店,2023-06-06,6464
8046,南電,23,2,21,大昌-新店,2023-06-06,6464
6271,同欣電,21,0,21,大昌-新店,2023-06-06,6464
00772B,中信高評級公司債,21,0,21,大昌-新店,2023-06-06,6464
3260,威剛,33,12,21,大昌-新店,2023-06-06,6464
4726,永昕,20,0,20,大昌-新店,2023-06-06,6464
1608,華榮,39,19,20,大昌-新店,2023-06-06,6464
6235,華孚,27,7,20,大昌-新店,2023-06-06,6464
5425,台半,23,3,20,大昌-新店,2023-06-06,6464
00645,富邦日本,29,10,19,大昌-新店,2023-06-06,6464
1810,和成,19,0,19,大昌-新店,2023-06-06,6464
2329,華泰,31,12,19,大昌-新店,2023-06-06,6464
6443,元晶,19,0,19,大昌-新店,2023-06-06,6464
3406,玉晶光,25,6,19,大昌-新店,2023-06-06,6464
2706,第一店,35,17,18,大昌-新店,2023-06-06,6464
4931,新盛力,27,9,18,大昌-新店,2023-06-06,6464
2027,大成鋼,42,24,18,大昌-新店,2023-06-06,6464
3715,定穎投控,18,1,17,大昌-新店,2023-06-06,6464
00720B,元大投資級公司債,17,0,17,大昌-新店,2023-06-06,6464
00751B,元大AAA至A公司債,18,1,17,大昌-新店,2023-06-06,6464
2427,三商電,20,4,16,大昌-新店,2023-06-06,6464
00637L,元大滬深300正2,203,16,187,大昌-新店,2023-06-07,6464
9105,泰金寶-DR,173,28,145,大昌-新店,2023-06-07,6464
2734,易飛網,142,1,141,大昌-新店,2023-06-07,6464
00720B,元大投資級公司債,131,10,121,大昌-新店,2023-06-07,6464
2332,友訊,100,0,100,大昌-新店,2023-06-07,6464
3363,上詮,126,38,88,大昌-新店,2023-06-07,6464
00665L,富邦�琤肭磪囓�2,274,189,85,大昌-新店,2023-06-07,6464
00712,復華富時不動產,67,0,67,大昌-新店,2023-06-07,6464
00680L,元大美債20正2,63,0,63,大昌-新店,2023-06-07,6464
1710,東聯,59,1,58,大昌-新店,2023-06-07,6464
3058,立德,60,5,55,大昌-新店,2023-06-07,6464
00926,凱基全球菁英55,48,0,48,大昌-新店,2023-06-07,6464
00664R,國泰臺灣加權反1,47,0,47,大昌-新店,2023-06-07,6464
00919,群益台灣精選高息,60,15,45,大昌-新店,2023-06-07,6464
2356,英業達,73,28,45,大昌-新店,2023-06-07,6464
3706,神達,54,12,42,大昌-新店,2023-06-07,6464
2359,所羅門,39,1,38,大昌-新店,2023-06-07,6464
6125,廣運,66,29,37,大昌-新店,2023-06-07,6464
2323,中環,212,178,34,大昌-新店,2023-06-07,6464
3711,日月光投控,48,14,34,大昌-新店,2023-06-07,6464
6282,康舒,52,19,33,大昌-新店,2023-06-07,6464
1717,長興,35,4,31,大昌-新店,2023-06-07,6464
3163,波若威,34,3,31,大昌-新店,2023-06-07,6464
00652,富邦印度,31,0,31,大昌-新店,2023-06-07,6464
2883B,凱基金乙特,31,1,30,大昌-新店,2023-06-07,6464
2388,威盛,55,25,30,大昌-新店,2023-06-07,6464
2402,毅嘉,56,27,29,大昌-新店,2023-06-07,6464
3037,欣興,38,12,26,大昌-新店,2023-06-07,6464
3703,欣陸,26,0,26,大昌-新店,2023-06-07,6464
2606,裕民,26,0,26,大昌-新店,2023-06-07,6464
6108,競國,26,0,26,大昌-新店,2023-06-07,6464
2618,長榮航,93,69,24,大昌-新店,2023-06-07,6464
2344,華邦電,34,10,24,大昌-新店,2023-06-07,6464
8261,富鼎,22,0,22,大昌-新店,2023-06-07,6464
1802,台玻,22,0,22,大昌-新店,2023-06-07,6464
00715L,期街口布蘭特正2,29,7,22,大昌-新店,2023-06-07,6464
1444,力麗,21,0,21,大昌-新店,2023-06-07,6464
6535,順藥,24,3,21,大昌-新店,2023-06-07,6464
6841,長佳智能,22,1,21,大昌-新店,2023-06-07,6464
00692,富邦公司治理,20,0,20,大昌-新店,2023-06-07,6464
2337,旺宏,24,4,20,大昌-新店,2023-06-07,6464
2472,立隆電,21,1,20,大昌-新店,2023-06-07,6464
3189,景碩,21,1,20,大昌-新店,2023-06-07,6464
5511,德昌,22,3,19,大昌-新店,2023-06-07,6464
2425,承啟,29,11,18,大昌-新店,2023-06-07,6464
2002,中鋼,25,8,17,大昌-新店,2023-06-07,6464
2352,佳世達,22,5,17,大昌-新店,2023-06-07,6464
3025,星通,25,8,17,大昌-新店,2023-06-07,6464
3044,健鼎,20,4,16,大昌-新店,2023-06-07,6464
3362,先進光,18,2,16,大昌-新店,2023-06-07,6464
00645,富邦日本,170,0,170,大昌-新店,2023-06-08,6464
00919,群益台灣精選高息,140,0,140,大昌-新店,2023-06-08,6464
00632R,元大台灣50反1,215,100,115,大昌-新店,2023-06-08,6464
3003,健和興,98,2,96,大昌-新店,2023-06-08,6464
2881,富邦金,85,3,82,大昌-新店,2023-06-08,6464
1609,大亞,161,87,74,大昌-新店,2023-06-08,6464
2337,旺宏,76,3,73,大昌-新店,2023-06-08,6464
2457,飛宏,110,37,73,大昌-新店,2023-06-08,6464
4960,誠美材,96,31,65,大昌-新店,2023-06-08,6464
2323,中環,131,66,65,大昌-新店,2023-06-08,6464
6806,森崴能源,63,0,63,大昌-新店,2023-06-08,6464
00878,國泰永續高股息,101,38,63,大昌-新店,2023-06-08,6464
6116,彩晶,57,0,57,大昌-新店,2023-06-08,6464
4739,康普,57,4,53,大昌-新店,2023-06-08,6464
00687B,國泰20年美債,51,0,51,大昌-新店,2023-06-08,6464
00679B,元大美債20年,64,14,50,大昌-新店,2023-06-08,6464
5475,德宏,54,5,49,大昌-新店,2023-06-08,6464
2882,國泰金,55,7,48,大昌-新店,2023-06-08,6464
1618,合機,54,9,45,大昌-新店,2023-06-08,6464
2344,華邦電,58,15,43,大昌-新店,2023-06-08,6464
00665L,富邦�琤肭磪囓�2,58,16,42,大昌-新店,2023-06-08,6464
6188,廣明,45,4,41,大昌-新店,2023-06-08,6464
1806,冠軍,40,0,40,大昌-新店,2023-06-08,6464
00720B,元大投資級公司債,32,0,32,大昌-新店,2023-06-08,6464
2371,大同,57,26,31,大昌-新店,2023-06-08,6464
00633L,富邦上証正2,43,12,31,大昌-新店,2023-06-08,6464
6015,宏遠證,36,6,30,大昌-新店,2023-06-08,6464
00751B,元大AAA至A公司債,33,4,29,大昌-新店,2023-06-08,6464
2356,英業達,32,3,29,大昌-新店,2023-06-08,6464
5531,鄉林,53,24,29,大昌-新店,2023-06-08,6464
1612,宏泰,60,32,28,大昌-新店,2023-06-08,6464
0056,元大高股息,41,14,27,大昌-新店,2023-06-08,6464
2355,敬鵬,27,0,27,大昌-新店,2023-06-08,6464
2706,第一店,39,12,27,大昌-新店,2023-06-08,6464
1605,華新,36,9,27,大昌-新店,2023-06-08,6464
3037,欣興,61,34,27,大昌-新店,2023-06-08,6464
2317,鴻海,27,2,25,大昌-新店,2023-06-08,6464
3207,耀勝,25,0,25,大昌-新店,2023-06-08,6464
1504,東元,36,11,25,大昌-新店,2023-06-08,6464
6841,長佳智能,23,0,23,大昌-新店,2023-06-08,6464
9945,潤泰新,30,7,23,大昌-新店,2023-06-08,6464
8046,南電,30,8,22,大昌-新店,2023-06-08,6464
00725B,國泰投資級公司債,22,0,22,大昌-新店,2023-06-08,6464
1514,亞力,33,11,22,大昌-新店,2023-06-08,6464
2890,永豐金,22,0,22,大昌-新店,2023-06-08,6464
00680L,元大美債20正2,21,0,21,大昌-新店,2023-06-08,6464
2855,統一證,20,0,20,大昌-新店,2023-06-08,6464
8105,凌巨,22,2,20,大昌-新店,2023-06-08,6464
3483,力致,23,3,20,大昌-新店,2023-06-08,6464
4951,精拓科,20,0,20,大昌-新店,2023-06-08,6464
3231,緯創,530,160,370,大昌-新店,2023-06-09,6464
2610,華航,484,177,307,大昌-新店,2023-06-09,6464
2618,長榮航,257,87,170,大昌-新店,2023-06-09,6464
2888,新光金,410,263,147,大昌-新店,2023-06-09,6464
00715L,期街口布蘭特正2,134,0,134,大昌-新店,2023-06-09,6464
2834,臺企銀,130,2,128,大昌-新店,2023-06-09,6464
00712,復華富時不動產,114,8,106,大昌-新店,2023-06-09,6464
00632R,元大台灣50反1,95,2,93,大昌-新店,2023-06-09,6464
1718,中纖,93,6,87,大昌-新店,2023-06-09,6464
1609,大亞,190,107,83,大昌-新店,2023-06-09,6464
00929,復華台灣科技優息,71,0,71,大昌-新店,2023-06-09,6464
00652,富邦印度,70,0,70,大昌-新店,2023-06-09,6464
9907,統一實,53,0,53,大昌-新店,2023-06-09,6464
1504,東元,73,35,38,大昌-新店,2023-06-09,6464
4533,協易機,58,21,37,大昌-新店,2023-06-09,6464
00919,群益台灣精選高息,49,12,37,大昌-新店,2023-06-09,6464
00642U,期元大S＆P石油,35,0,35,大昌-新店,2023-06-09,6464
00664R,國泰臺灣加權反1,35,0,35,大昌-新店,2023-06-09,6464
5347,世界,31,0,31,大昌-新店,2023-06-09,6464
3673,TPK-KY,30,1,29,大昌-新店,2023-06-09,6464
2425,承啟,44,15,29,大昌-新店,2023-06-09,6464
2891,中信金,54,27,27,大昌-新店,2023-06-09,6464
2356,英業達,125,100,25,大昌-新店,2023-06-09,6464
2890,永豐金,24,0,24,大昌-新店,2023-06-09,6464
1432,大魯閣,25,2,23,大昌-新店,2023-06-09,6464
5531,鄉林,23,0,23,大昌-新店,2023-06-09,6464
2867,三商壽,23,0,23,大昌-新店,2023-06-09,6464
2731,雄獅,45,22,23,大昌-新店,2023-06-09,6464
2409,友達,48,27,21,大昌-新店,2023-06-09,6464
6243,迅杰,21,0,21,大昌-新店,2023-06-09,6464
3707,漢磊,36,15,21,大昌-新店,2023-06-09,6464
1584,精剛,24,3,21,大昌-新店,2023-06-09,6464
6290,良維,21,0,21,大昌-新店,2023-06-09,6464
2630,亞航,107,86,21,大昌-新店,2023-06-09,6464
8105,凌巨,22,2,20,大昌-新店,2023-06-09,6464
2609,陽明,34,14,20,大昌-新店,2023-06-09,6464
00640L,富邦日本正2,20,0,20,大昌-新店,2023-06-09,6464
2883,凱基金,26,6,20,大昌-新店,2023-06-09,6464
3048,益登,19,0,19,大昌-新店,2023-06-09,6464
8092,建暐,27,8,19,大昌-新店,2023-06-09,6464
00882,中信中國高股息,19,1,18,大昌-新店,2023-06-09,6464
6151,晉倫,18,0,18,大昌-新店,2023-06-09,6464
2371,大同,66,48,18,大昌-新店,2023-06-09,6464
2887,台新金,23,6,17,大昌-新店,2023-06-09,6464
3207,耀勝,21,5,16,大昌-新店,2023-06-09,6464
1608,華榮,24,8,16,大昌-新店,2023-06-09,6464
6233,旺玖,16,0,16,大昌-新店,2023-06-09,6464
3232,昱捷,16,0,16,大昌-新店,2023-06-09,6464
1612,宏泰,21,6,15,大昌-新店,2023-06-09,6464
5225,東科-KY,17,2,15,大昌-新店,2023-06-09,6464
2888,新光金,491,238,253,大昌-新店,2023-06-12,6464
00929,復華台灣科技優息,190,1,189,大昌-新店,2023-06-12,6464
2436,偉詮電,106,21,85,大昌-新店,2023-06-12,6464
00715L,期街口布蘭特正2,77,3,74,大昌-新店,2023-06-12,6464
00712,復華富時不動產,72,0,72,大昌-新店,2023-06-12,6464
00919,群益台灣精選高息,72,4,68,大昌-新店,2023-06-12,6464
2618,長榮航,170,102,68,大昌-新店,2023-06-12,6464
3093,港建*,70,5,65,大昌-新店,2023-06-12,6464
1101,台泥,70,9,61,大昌-新店,2023-06-12,6464
2206,三陽工業,59,8,51,大昌-新店,2023-06-12,6464
4726,永昕,50,0,50,大昌-新店,2023-06-12,6464
00642U,期元大S＆P石油,47,0,47,大昌-新店,2023-06-12,6464
2368,金像電,50,7,43,大昌-新店,2023-06-12,6464
3710,連展投控,42,0,42,大昌-新店,2023-06-12,6464
1609,大亞,174,134,40,大昌-新店,2023-06-12,6464
2359,所羅門,95,57,38,大昌-新店,2023-06-12,6464
2401,凌陽,37,0,37,大昌-新店,2023-06-12,6464
1524,耿鼎,38,1,37,大昌-新店,2023-06-12,6464
6282,康舒,43,9,34,大昌-新店,2023-06-12,6464
2457,飛宏,61,29,32,大昌-新店,2023-06-12,6464
00645,富邦日本,32,0,32,大昌-新店,2023-06-12,6464
6517,保勝光學,31,0,31,大昌-新店,2023-06-12,6464
00676R,富邦臺灣加權反1,30,0,30,大昌-新店,2023-06-12,6464
2855,統一證,30,0,30,大昌-新店,2023-06-12,6464
6161,捷波,31,2,29,大昌-新店,2023-06-12,6464
1605,華新,42,13,29,大昌-新店,2023-06-12,6464
3264,欣銓,63,34,29,大昌-新店,2023-06-12,6464
0056,元大高股息,44,15,29,大昌-新店,2023-06-12,6464
3374,精材,45,17,28,大昌-新店,2023-06-12,6464
9945,潤泰新,29,3,26,大昌-新店,2023-06-12,6464
2409,友達,52,26,26,大昌-新店,2023-06-12,6464
00633L,富邦上証正2,27,2,25,大昌-新店,2023-06-12,6464
1795,美時,36,11,25,大昌-新店,2023-06-12,6464
2906,高林,25,0,25,大昌-新店,2023-06-12,6464
1513,中興電,55,30,25,大昌-新店,2023-06-12,6464
00713,元大台灣高息低波,24,0,24,大昌-新店,2023-06-12,6464
2606,裕民,26,2,24,大昌-新店,2023-06-12,6464
3711,日月光投控,38,15,23,大昌-新店,2023-06-12,6464
8050,廣積,22,0,22,大昌-新店,2023-06-12,6464
00679B,元大美債20年,22,1,21,大昌-新店,2023-06-12,6464
3518,柏騰,22,1,21,大昌-新店,2023-06-12,6464
5439,高技,36,15,21,大昌-新店,2023-06-12,6464
2356,英業達,106,86,20,大昌-新店,2023-06-12,6464
3045,台灣大,20,0,20,大昌-新店,2023-06-12,6464
2444,兆勁,20,1,19,大昌-新店,2023-06-12,6464
1762,中化生,18,0,18,大昌-新店,2023-06-12,6464
8222,寶一,30,12,18,大昌-新店,2023-06-12,6464
3540,曜越,18,0,18,大昌-新店,2023-06-12,6464
3032,偉訓,21,3,18,大昌-新店,2023-06-12,6464
2371,大同,87,70,17,大昌-新店,2023-06-12,6464
00919,群益台灣精選高息,189,38,151,大昌-新店,2023-06-13,6464
00715L,期街口布蘭特正2,135,0,135,大昌-新店,2023-06-13,6464
00712,復華富時不動產,117,6,111,大昌-新店,2023-06-13,6464
3481,群創,112,23,89,大昌-新店,2023-06-13,6464
2890,永豐金,99,15,84,大昌-新店,2023-06-13,6464
2399,映泰,93,12,81,大昌-新店,2023-06-13,6464
00632R,元大台灣50反1,239,158,81,大昌-新店,2023-06-13,6464
1101,台泥,63,4,59,大昌-新店,2023-06-13,6464
3652,精聯,66,17,49,大昌-新店,2023-06-13,6464
4533,協易機,66,19,47,大昌-新店,2023-06-13,6464
2834,臺企銀,52,7,45,大昌-新店,2023-06-13,6464
1326,台化,41,1,40,大昌-新店,2023-06-13,6464
00676R,富邦臺灣加權反1,40,0,40,大昌-新店,2023-06-13,6464
5425,台半,82,42,40,大昌-新店,2023-06-13,6464
00642U,期元大S＆P石油,37,0,37,大昌-新店,2023-06-13,6464
2031,新光鋼,51,15,36,大昌-新店,2023-06-13,6464
2352,佳世達,58,24,34,大昌-新店,2023-06-13,6464
1528,恩德,33,0,33,大昌-新店,2023-06-13,6464
2883,凱基金,63,31,32,大昌-新店,2023-06-13,6464
1710,東聯,30,0,30,大昌-新店,2023-06-13,6464
4763,材料-KY,35,5,30,大昌-新店,2023-06-13,6464
00772B,中信高評級公司債,30,2,28,大昌-新店,2023-06-13,6464
00725B,國泰投資級公司債,28,0,28,大昌-新店,2023-06-13,6464
8050,廣積,64,37,27,大昌-新店,2023-06-13,6464
8088,品安,43,17,26,大昌-新店,2023-06-13,6464
2425,承啟,34,9,25,大昌-新店,2023-06-13,6464
2630,亞航,50,27,23,大昌-新店,2023-06-13,6464
8210,勤誠,26,4,22,大昌-新店,2023-06-13,6464
8105,凌巨,22,1,21,大昌-新店,2023-06-13,6464
1533,車王電,28,7,21,大昌-新店,2023-06-13,6464
8021,尖點,20,0,20,大昌-新店,2023-06-13,6464
6015,宏遠證,20,0,20,大昌-新店,2023-06-13,6464
1802,台玻,20,1,19,大昌-新店,2023-06-13,6464
3374,精材,37,19,18,大昌-新店,2023-06-13,6464
1789,神隆,18,0,18,大昌-新店,2023-06-13,6464
5871,中租-KY,20,3,17,大昌-新店,2023-06-13,6464
6806,森崴能源,22,5,17,大昌-新店,2023-06-13,6464
3207,耀勝,22,5,17,大昌-新店,2023-06-13,6464
1711,永光,17,0,17,大昌-新店,2023-06-13,6464
1718,中纖,17,0,17,大昌-新店,2023-06-13,6464
1609,大亞,127,111,16,大昌-新店,2023-06-13,6464
8289,泰藝,15,0,15,大昌-新店,2023-06-13,6464
8064,東捷,15,0,15,大昌-新店,2023-06-13,6464
2486,一詮,14,0,14,大昌-新店,2023-06-13,6464
8155,博智,14,1,13,大昌-新店,2023-06-13,6464
4906,正文,14,1,13,大昌-新店,2023-06-13,6464
00679B,元大美債20年,25,12,13,大昌-新店,2023-06-13,6464
2022,聚亨,13,0,13,大昌-新店,2023-06-13,6464
6548,長科*,15,2,13,大昌-新店,2023-06-13,6464
6220,岳豐,13,0,13,大昌-新店,2023-06-13,6464
2888,新光金,307,20,287,大昌-新店,2023-06-14,6464
2356,英業達,472,222,250,大昌-新店,2023-06-14,6464
3481,群創,186,3,183,大昌-新店,2023-06-14,6464
00712,復華富時不動產,188,14,174,大昌-新店,2023-06-14,6464
2382,廣達,152,38,114,大昌-新店,2023-06-14,6464
6125,廣運,100,23,77,大昌-新店,2023-06-14,6464
00710B,復華彭博非投等債,72,0,72,大昌-新店,2023-06-14,6464
00680L,元大美債20正2,70,0,70,大昌-新店,2023-06-14,6464
3707,漢磊,100,31,69,大昌-新店,2023-06-14,6464
3264,欣銓,57,2,55,大昌-新店,2023-06-14,6464
8021,尖點,54,0,54,大昌-新店,2023-06-14,6464
00679B,元大美債20年,51,0,51,大昌-新店,2023-06-14,6464
1101,台泥,80,30,50,大昌-新店,2023-06-14,6464
5512,力麒,53,5,48,大昌-新店,2023-06-14,6464
2450,神腦,45,0,45,大昌-新店,2023-06-14,6464
9907,統一實,43,0,43,大昌-新店,2023-06-14,6464
2515,中工,64,21,43,大昌-新店,2023-06-14,6464
2609,陽明,102,60,42,大昌-新店,2023-06-14,6464
8147,正淩,41,0,41,大昌-新店,2023-06-14,6464
2705,六福,42,7,35,大昌-新店,2023-06-14,6464
2329,華泰,42,8,34,大昌-新店,2023-06-14,6464
2014,中鴻,43,13,30,大昌-新店,2023-06-14,6464
1609,大亞,126,97,29,大昌-新店,2023-06-14,6464
1513,中興電,36,8,28,大昌-新店,2023-06-14,6464
00919,群益台灣精選高息,69,43,26,大昌-新店,2023-06-14,6464
2634,漢翔,28,3,25,大昌-新店,2023-06-14,6464
6182,合晶,39,14,25,大昌-新店,2023-06-14,6464
2352,佳世達,27,5,22,大昌-新店,2023-06-14,6464
1710,東聯,21,0,21,大昌-新店,2023-06-14,6464
00648R,元大S＆P500反1,21,0,21,大昌-新店,2023-06-14,6464
2102,泰豐,21,0,21,大昌-新店,2023-06-14,6464
1540,喬福,30,10,20,大昌-新店,2023-06-14,6464
5531,鄉林,20,0,20,大昌-新店,2023-06-14,6464
4510,高鋒,23,4,19,大昌-新店,2023-06-14,6464
1519,華城,27,9,18,大昌-新店,2023-06-14,6464
4919,新唐,19,2,17,大昌-新店,2023-06-14,6464
3711,日月光投控,20,4,16,大昌-新店,2023-06-14,6464
3680,家登,17,1,16,大昌-新店,2023-06-14,6464
1795,美時,21,6,15,大昌-新店,2023-06-14,6464
4906,正文,31,16,15,大昌-新店,2023-06-14,6464
00641R,富邦日本反1,15,0,15,大昌-新店,2023-06-14,6464
8924,大田,17,2,15,大昌-新店,2023-06-14,6464
3260,威剛,38,23,15,大昌-新店,2023-06-14,6464
8155,博智,14,0,14,大昌-新店,2023-06-14,6464
00720B,元大投資級公司債,15,1,14,大昌-新店,2023-06-14,6464
1522,堤維西,82,68,14,大昌-新店,2023-06-14,6464
3715,定穎投控,23,9,14,大昌-新店,2023-06-14,6464
3013,晟銘電,37,23,14,大昌-新店,2023-06-14,6464
2883,凱基金,18,5,13,大昌-新店,2023-06-14,6464
00891,中信關鍵半導體,13,0,13,大昌-新店,2023-06-14,6464
2610,華航,874,613,261,大昌-新店,2023-06-15,6464
2618,長榮航,698,563,135,大昌-新店,2023-06-15,6464
3481,群創,164,47,117,大昌-新店,2023-06-15,6464
00712,復華富時不動產,114,0,114,大昌-新店,2023-06-15,6464
8076,伍豐,123,15,108,大昌-新店,2023-06-15,6464
6743,安普新,86,0,86,大昌-新店,2023-06-15,6464
2888,新光金,343,281,62,大昌-新店,2023-06-15,6464
1806,冠軍,61,0,61,大昌-新店,2023-06-15,6464
00632R,元大台灣50反1,112,52,60,大昌-新店,2023-06-15,6464
2399,映泰,79,29,50,大昌-新店,2023-06-15,6464
1560,中砂,48,7,41,大昌-新店,2023-06-15,6464
2457,飛宏,54,14,40,大昌-新店,2023-06-15,6464
2401,凌陽,46,9,37,大昌-新店,2023-06-15,6464
2881,富邦金,39,2,37,大昌-新店,2023-06-15,6464
3033,威健,48,11,37,大昌-新店,2023-06-15,6464
2302,麗正,35,0,35,大昌-新店,2023-06-15,6464
1785,光洋科,35,1,34,大昌-新店,2023-06-15,6464
2392,正崴,34,1,33,大昌-新店,2023-06-15,6464
6535,順藥,30,0,30,大昌-新店,2023-06-15,6464
2102,泰豐,30,0,30,大昌-新店,2023-06-15,6464
2405,輔信,29,0,29,大昌-新店,2023-06-15,6464
00687B,國泰20年美債,31,2,29,大昌-新店,2023-06-15,6464
00673R,期元大S＆P原油反1,30,2,28,大昌-新店,2023-06-15,6464
4533,協易機,35,7,28,大昌-新店,2023-06-15,6464
3576,聯合再生,38,10,28,大昌-新店,2023-06-15,6464
2801,彰銀,41,13,28,大昌-新店,2023-06-15,6464
1101,台泥,50,22,28,大昌-新店,2023-06-15,6464
3038,全台,26,0,26,大昌-新店,2023-06-15,6464
2106,建大,25,0,25,大昌-新店,2023-06-15,6464
2421,建準,65,40,25,大昌-新店,2023-06-15,6464
1905,華紙,34,9,25,大昌-新店,2023-06-15,6464
2317,鴻海,35,11,24,大昌-新店,2023-06-15,6464
00885,富邦越南,23,0,23,大昌-新店,2023-06-15,6464
3664,安瑞-KY,23,0,23,大昌-新店,2023-06-15,6464
00919,群益台灣精選高息,143,121,22,大昌-新店,2023-06-15,6464
3019,亞光,23,1,22,大昌-新店,2023-06-15,6464
2367,燿華,22,0,22,大昌-新店,2023-06-15,6464
2892,第一金,32,10,22,大昌-新店,2023-06-15,6464
1409,新纖,21,0,21,大昌-新店,2023-06-15,6464
1532,勤美,21,0,21,大昌-新店,2023-06-15,6464
2349,錸德,21,0,21,大昌-新店,2023-06-15,6464
00652,富邦印度,20,0,20,大昌-新店,2023-06-15,6464
2409,友達,25,7,18,大昌-新店,2023-06-15,6464
6015,宏遠證,18,0,18,大昌-新店,2023-06-15,6464
9958,世紀鋼,18,0,18,大昌-新店,2023-06-15,6464
3217,優群,19,1,18,大昌-新店,2023-06-15,6464
2312,金寶,24,6,18,大昌-新店,2023-06-15,6464
00642U,期元大S＆P石油,17,0,17,大昌-新店,2023-06-15,6464
00882,中信中國高股息,17,0,17,大昌-新店,2023-06-15,6464
2408,南亞科,18,1,17,大昌-新店,2023-06-15,6464
2610,華航,987,395,592,大昌-新店,2023-06-16,6464
00725B,國泰投資級公司債,140,0,140,大昌-新店,2023-06-16,6464
2371,大同,260,140,120,大昌-新店,2023-06-16,6464
2890,永豐金,113,3,110,大昌-新店,2023-06-16,6464
00919,群益台灣精選高息,152,44,108,大昌-新店,2023-06-16,6464
3706,神達,149,55,94,大昌-新店,2023-06-16,6464
9945,潤泰新,109,18,91,大昌-新店,2023-06-16,6464
2405,輔信,109,40,69,大昌-新店,2023-06-16,6464
3685,元創精密,64,6,58,大昌-新店,2023-06-16,6464
2886,兆豐金,57,0,57,大昌-新店,2023-06-16,6464
2312,金寶,211,158,53,大昌-新店,2023-06-16,6464
2201,裕隆,70,18,52,大昌-新店,2023-06-16,6464
2883,凱基金,58,8,50,大昌-新店,2023-06-16,6464
3481,群創,91,42,49,大昌-新店,2023-06-16,6464
6770,力積電,49,0,49,大昌-新店,2023-06-16,6464
00713,元大台灣高息低波,57,9,48,大昌-新店,2023-06-16,6464
2359,所羅門,86,42,44,大昌-新店,2023-06-16,6464
4113,聯上,44,2,42,大昌-新店,2023-06-16,6464
1802,台玻,97,55,42,大昌-新店,2023-06-16,6464
3046,建��,41,4,37,大昌-新店,2023-06-16,6464
5425,台半,48,13,35,大昌-新店,2023-06-16,6464
2303,聯電,65,31,34,大昌-新店,2023-06-16,6464
2301,光寶科,60,26,34,大昌-新店,2023-06-16,6464
2404,漢唐,46,14,32,大昌-新店,2023-06-16,6464
00687B,國泰20年美債,32,0,32,大昌-新店,2023-06-16,6464
6443,元晶,43,11,32,大昌-新店,2023-06-16,6464
2356,英業達,235,203,32,大昌-新店,2023-06-16,6464
1605,華新,95,64,31,大昌-新店,2023-06-16,6464
2481,強茂,37,6,31,大昌-新店,2023-06-16,6464
00648R,元大S＆P500反1,41,10,31,大昌-新店,2023-06-16,6464
2881,富邦金,30,0,30,大昌-新店,2023-06-16,6464
4744,皇將,30,1,29,大昌-新店,2023-06-16,6464
2449,京元電子,31,2,29,大昌-新店,2023-06-16,6464
4510,高鋒,30,1,29,大昌-新店,2023-06-16,6464
8021,尖點,27,0,27,大昌-新店,2023-06-16,6464
2812,台中銀,35,10,25,大昌-新店,2023-06-16,6464
4123,晟德,27,2,25,大昌-新店,2023-06-16,6464
2474,可成,24,0,24,大昌-新店,2023-06-16,6464
2204,中華,37,13,24,大昌-新店,2023-06-16,6464
2486,一詮,37,13,24,大昌-新店,2023-06-16,6464
2882,國泰金,34,10,24,大昌-新店,2023-06-16,6464
2401,凌陽,52,29,23,大昌-新店,2023-06-16,6464
3027,盛達,33,10,23,大昌-新店,2023-06-16,6464
4919,新唐,23,1,22,大昌-新店,2023-06-16,6464
2105,正新,25,4,21,大昌-新店,2023-06-16,6464
2408,南亞科,42,22,20,大昌-新店,2023-06-16,6464
2331,精英,32,12,20,大昌-新店,2023-06-16,6464
2409,友達,103,83,20,大昌-新店,2023-06-16,6464
4533,協易機,29,9,20,大昌-新店,2023-06-16,6464
6223,旺矽,22,3,19,大昌-新店,2023-06-16,6464
3231,緯創,242,52,190,大昌-新店,2023-06-19,6464
00679B,元大美債20年,164,6,158,大昌-新店,2023-06-19,6464
2618,長榮航,404,257,147,大昌-新店,2023-06-19,6464
2867,三商壽,132,0,132,大昌-新店,2023-06-19,6464
3049,精金,123,1,122,大昌-新店,2023-06-19,6464
2323,中環,204,89,115,大昌-新店,2023-06-19,6464
1513,中興電,176,81,95,大昌-新店,2023-06-19,6464
2498,宏達電,81,3,78,大昌-新店,2023-06-19,6464
00712,復華富時不動產,78,0,78,大昌-新店,2023-06-19,6464
2382,廣達,233,172,61,大昌-新店,2023-06-19,6464
00725B,國泰投資級公司債,59,0,59,大昌-新店,2023-06-19,6464
2324,仁寶,83,30,53,大昌-新店,2023-06-19,6464
2344,華邦電,56,4,52,大昌-新店,2023-06-19,6464
2515,中工,51,1,50,大昌-新店,2023-06-19,6464
1101,台泥,51,4,47,大昌-新店,2023-06-19,6464
2401,凌陽,54,9,45,大昌-新店,2023-06-19,6464
2906,高林,37,0,37,大昌-新店,2023-06-19,6464
2481,強茂,36,2,34,大昌-新店,2023-06-19,6464
2027,大成鋼,32,0,32,大昌-新店,2023-06-19,6464
3048,益登,30,0,30,大昌-新店,2023-06-19,6464
2641,正德,30,0,30,大昌-新店,2023-06-19,6464
1528,恩德,49,19,30,大昌-新店,2023-06-19,6464
2883,凱基金,31,2,29,大昌-新店,2023-06-19,6464
2014,中鴻,36,8,28,大昌-新店,2023-06-19,6464
2482,連宇,35,9,26,大昌-新店,2023-06-19,6464
3163,波若威,26,0,26,大昌-新店,2023-06-19,6464
8147,正淩,25,0,25,大昌-新店,2023-06-19,6464
2603,長榮,34,10,24,大昌-新店,2023-06-19,6464
3035,智原,46,23,23,大昌-新店,2023-06-19,6464
00919,群益台灣精選高息,43,20,23,大昌-新店,2023-06-19,6464
00637L,元大滬深300正2,33,11,22,大昌-新店,2023-06-19,6464
4726,永昕,21,0,21,大昌-新店,2023-06-19,6464
2886,兆豐金,22,1,21,大昌-新店,2023-06-19,6464
6266,泰詠,21,0,21,大昌-新店,2023-06-19,6464
3092,鴻碩,20,0,20,大昌-新店,2023-06-19,6464
2103,台橡,30,10,20,大昌-新店,2023-06-19,6464
6235,華孚,28,8,20,大昌-新店,2023-06-19,6464
2637,慧洋-KY,21,1,20,大昌-新店,2023-06-19,6464
00706L,期元大S＆P日圓正2,20,0,20,大昌-新店,2023-06-19,6464
00845B,富邦新興投等債,20,0,20,大昌-新店,2023-06-19,6464
1711,永光,20,0,20,大昌-新店,2023-06-19,6464
2887,台新金,19,1,18,大昌-新店,2023-06-19,6464
00753L,中信中國50正2,18,0,18,大昌-新店,2023-06-19,6464
6148,驊宏資,32,14,18,大昌-新店,2023-06-19,6464
1218,泰山,28,11,17,大昌-新店,2023-06-19,6464
6470,宇智,23,6,17,大昌-新店,2023-06-19,6464
2406,國碩,17,0,17,大昌-新店,2023-06-19,6464
00882,中信中國高股息,27,10,17,大昌-新店,2023-06-19,6464
2201,裕隆,19,2,17,大昌-新店,2023-06-19,6464
2504,國產,22,6,16,大昌-新店,2023-06-19,6464
5426,振發,255,4,251,大昌-新店,2023-06-20,6464
00882,中信中國高股息,170,0,170,大昌-新店,2023-06-20,6464
00632R,元大台灣50反1,205,55,150,大昌-新店,2023-06-20,6464
00878,國泰永續高股息,223,92,131,大昌-新店,2023-06-20,6464
3481,群創,201,83,118,大昌-新店,2023-06-20,6464
4113,聯上,97,0,97,大昌-新店,2023-06-20,6464
00679B,元大美債20年,81,17,64,大昌-新店,2023-06-20,6464
1101,台泥,63,0,63,大昌-新店,2023-06-20,6464
2610,華航,121,62,59,大昌-新店,2023-06-20,6464
2312,金寶,63,5,58,大昌-新店,2023-06-20,6464
00929,復華台灣科技優息,55,1,54,大昌-新店,2023-06-20,6464
1802,台玻,54,0,54,大昌-新店,2023-06-20,6464
1905,華紙,61,9,52,大昌-新店,2023-06-20,6464
2337,旺宏,61,10,51,大昌-新店,2023-06-20,6464
2409,友達,75,27,48,大昌-新店,2023-06-20,6464
2834,臺企銀,51,3,48,大昌-新店,2023-06-20,6464
2618,長榮航,138,95,43,大昌-新店,2023-06-20,6464
2382,廣達,197,156,41,大昌-新店,2023-06-20,6464
1605,華新,51,11,40,大昌-新店,2023-06-20,6464
2634,漢翔,109,73,36,大昌-新店,2023-06-20,6464
6282,康舒,45,10,35,大昌-新店,2023-06-20,6464
2454,聯發科,39,5,34,大昌-新店,2023-06-20,6464
3380,明泰,36,3,33,大昌-新店,2023-06-20,6464
2356,英業達,61,29,32,大昌-新店,2023-06-20,6464
2886,兆豐金,31,0,31,大昌-新店,2023-06-20,6464
5484,慧友,30,0,30,大昌-新店,2023-06-20,6464
2102,泰豐,30,0,30,大昌-新店,2023-06-20,6464
00645,富邦日本,30,0,30,大昌-新店,2023-06-20,6464
3163,波若威,30,1,29,大昌-新店,2023-06-20,6464
3703,欣陸,28,0,28,大昌-新店,2023-06-20,6464
3078,僑威,35,7,28,大昌-新店,2023-06-20,6464
1201,味全,56,29,27,大昌-新店,2023-06-20,6464
1609,大亞,80,53,27,大昌-新店,2023-06-20,6464
1440,南紡,31,5,26,大昌-新店,2023-06-20,6464
6278,台表科,25,0,25,大昌-新店,2023-06-20,6464
2883,凱基金,37,13,24,大昌-新店,2023-06-20,6464
1612,宏泰,26,2,24,大昌-新店,2023-06-20,6464
2457,飛宏,34,11,23,大昌-新店,2023-06-20,6464
00881,國泰台灣5G+,21,0,21,大昌-新店,2023-06-20,6464
6279,胡連,25,4,21,大昌-新店,2023-06-20,6464
1210,大成,22,1,21,大昌-新店,2023-06-20,6464
3147,大綜,20,0,20,大昌-新店,2023-06-20,6464
2241,艾姆勒,20,0,20,大昌-新店,2023-06-20,6464
00740B,富邦全球投等債,20,0,20,大昌-新店,2023-06-20,6464
1752,南光,21,1,20,大昌-新店,2023-06-20,6464
2104,國際中橡,22,2,20,大昌-新店,2023-06-20,6464
2906,高林,20,0,20,大昌-新店,2023-06-20,6464
6175,立敦,23,3,20,大昌-新店,2023-06-20,6464
2368,金像電,56,38,18,大昌-新店,2023-06-20,6464
4904,遠傳,19,1,18,大昌-新店,2023-06-20,6464
2888,新光金,233,7,226,大昌-新店,2023-06-21,6464
3024,憶聲,110,5,105,大昌-新店,2023-06-21,6464
4113,聯上,86,0,86,大昌-新店,2023-06-21,6464
00665L,富邦�琤肭磪囓�2,80,0,80,大昌-新店,2023-06-21,6464
00632R,元大台灣50反1,112,43,69,大昌-新店,2023-06-21,6464
2609,陽明,82,21,61,大昌-新店,2023-06-21,6464
3706,神達,139,80,59,大昌-新店,2023-06-21,6464
1609,大亞,73,14,59,大昌-新店,2023-06-21,6464
9945,潤泰新,79,22,57,大昌-新店,2023-06-21,6464
2610,華航,231,175,56,大昌-新店,2023-06-21,6464
6120,達運,85,29,56,大昌-新店,2023-06-21,6464
00679B,元大美債20年,62,8,54,大昌-新店,2023-06-21,6464
2617,台航,53,0,53,大昌-新店,2023-06-21,6464
5608,四維航,51,2,49,大昌-新店,2023-06-21,6464
0056,元大高股息,62,15,47,大昌-新店,2023-06-21,6464
2890,永豐金,44,1,43,大昌-新店,2023-06-21,6464
2405,輔信,42,2,40,大昌-新店,2023-06-21,6464
00899,FT潔淨能源,39,0,39,大昌-新店,2023-06-21,6464
1605,華新,53,18,35,大昌-新店,2023-06-21,6464
2603,長榮,41,9,32,大昌-新店,2023-06-21,6464
2337,旺宏,36,5,31,大昌-新店,2023-06-21,6464
3031,佰鴻,30,0,30,大昌-新店,2023-06-21,6464
00882,中信中國高股息,29,0,29,大昌-新店,2023-06-21,6464
00674R,期元大S＆P黃金反1,30,1,29,大昌-新店,2023-06-21,6464
00650L,復華香港正2,27,0,27,大昌-新店,2023-06-21,6464
6109,亞元,31,5,26,大昌-新店,2023-06-21,6464
2911,麗嬰房,25,0,25,大昌-新店,2023-06-21,6464
2408,南亞科,34,10,24,大昌-新店,2023-06-21,6464
4979,華星光,48,25,23,大昌-新店,2023-06-21,6464
2312,金寶,65,44,21,大昌-新店,2023-06-21,6464
1906,寶隆,20,0,20,大昌-新店,2023-06-21,6464
2367,燿華,20,0,20,大昌-新店,2023-06-21,6464
6005,群益證,20,0,20,大昌-新店,2023-06-21,6464
1101,台泥,24,5,19,大昌-新店,2023-06-21,6464
2344,華邦電,45,26,19,大昌-新店,2023-06-21,6464
2201,裕隆,18,1,17,大昌-新店,2023-06-21,6464
2352,佳世達,26,9,17,大昌-新店,2023-06-21,6464
2303,聯電,56,40,16,大昌-新店,2023-06-21,6464
00919,群益台灣精選高息,27,11,16,大昌-新店,2023-06-21,6464
00645,富邦日本,16,0,16,大昌-新店,2023-06-21,6464
2606,裕民,17,1,16,大昌-新店,2023-06-21,6464
00885,富邦越南,21,5,16,大昌-新店,2023-06-21,6464
2362,藍天,15,0,15,大昌-新店,2023-06-21,6464
2388,威盛,22,7,15,大昌-新店,2023-06-21,6464
2409,友達,84,70,14,大昌-新店,2023-06-21,6464
2736,富野,28,14,14,大昌-新店,2023-06-21,6464
4581,光隆精密-KY,15,1,14,大昌-新店,2023-06-21,6464
2328,廣宇,13,0,13,大昌-新店,2023-06-21,6464
00753L,中信中國50正2,13,0,13,大昌-新店,2023-06-21,6464
1907,永豐餘,23,10,13,大昌-新店,2023-06-21,6464
2409,友達,176,18,158,大昌-新店,2023-06-26,6464
1737,臺鹽,137,7,130,大昌-新店,2023-06-26,6464
00637L,元大滬深300正2,341,216,125,大昌-新店,2023-06-26,6464
00882,中信中國高股息,117,0,117,大昌-新店,2023-06-26,6464
3024,憶聲,105,0,105,大昌-新店,2023-06-26,6464
9105,泰金寶-DR,110,5,105,大昌-新店,2023-06-26,6464
00878,國泰永續高股息,118,19,99,大昌-新店,2023-06-26,6464
3231,緯創,288,190,98,大昌-新店,2023-06-26,6464
2323,中環,250,169,81,大昌-新店,2023-06-26,6464
6282,康舒,74,4,70,大昌-新店,2023-06-26,6464
2449,京元電子,73,19,54,大昌-新店,2023-06-26,6464
00633L,富邦上証正2,66,14,52,大昌-新店,2023-06-26,6464
2913,農林,59,9,50,大昌-新店,2023-06-26,6464
2344,華邦電,78,31,47,大昌-新店,2023-06-26,6464
2371,大同,98,52,46,大昌-新店,2023-06-26,6464
2382,廣達,56,11,45,大昌-新店,2023-06-26,6464
2431,聯昌,45,0,45,大昌-新店,2023-06-26,6464
00900,富邦特選高股息30,48,5,43,大昌-新店,2023-06-26,6464
00708L,期元大S＆P黃金正2,42,0,42,大昌-新店,2023-06-26,6464
00642U,期元大S＆P石油,42,0,42,大昌-新店,2023-06-26,6464
4113,聯上,49,8,41,大昌-新店,2023-06-26,6464
5309,系統電,39,3,36,大昌-新店,2023-06-26,6464
00919,群益台灣精選高息,35,1,34,大昌-新店,2023-06-26,6464
2337,旺宏,39,7,32,大昌-新店,2023-06-26,6464
1504,東元,85,53,32,大昌-新店,2023-06-26,6464
8358,金居,33,2,31,大昌-新店,2023-06-26,6464
2890,永豐金,42,12,30,大昌-新店,2023-06-26,6464
3035,智原,51,21,30,大昌-新店,2023-06-26,6464
2408,南亞科,34,5,29,大昌-新店,2023-06-26,6464
1101,台泥,48,19,29,大昌-新店,2023-06-26,6464
2332,友訊,90,61,29,大昌-新店,2023-06-26,6464
3380,明泰,29,1,28,大昌-新店,2023-06-26,6464
1514,亞力,37,11,26,大昌-新店,2023-06-26,6464
2453,凌群,26,1,25,大昌-新店,2023-06-26,6464
6125,廣運,57,32,25,大昌-新店,2023-06-26,6464
1802,台玻,73,49,24,大昌-新店,2023-06-26,6464
2634,漢翔,48,25,23,大昌-新店,2023-06-26,6464
3078,僑威,29,6,23,大昌-新店,2023-06-26,6464
2421,建準,22,0,22,大昌-新店,2023-06-26,6464
00631L,元大台灣50正2,24,2,22,大昌-新店,2023-06-26,6464
2867,三商壽,40,18,22,大昌-新店,2023-06-26,6464
00715L,期街口布蘭特正2,22,0,22,大昌-新店,2023-06-26,6464
2425,承啟,25,4,21,大昌-新店,2023-06-26,6464
9945,潤泰新,39,18,21,大昌-新店,2023-06-26,6464
0056,元大高股息,26,6,20,大昌-新店,2023-06-26,6464
8021,尖點,20,0,20,大昌-新店,2023-06-26,6464
1444,力麗,20,0,20,大昌-新店,2023-06-26,6464
9933,中鼎,20,0,20,大昌-新店,2023-06-26,6464
5347,世界,21,1,20,大昌-新店,2023-06-26,6464
5014,建錩,20,0,20,大昌-新店,2023-06-26,6464
2303,聯電,133,7,126,大昌-新店,2023-06-27,6464
2323,中環,217,93,124,大昌-新店,2023-06-27,6464
5243,乙盛-KY,121,5,116,大昌-新店,2023-06-27,6464
3481,群創,166,62,104,大昌-新店,2023-06-27,6464
1471,首利,107,9,98,大昌-新店,2023-06-27,6464
2409,友達,164,67,97,大昌-新店,2023-06-27,6464
2344,華邦電,74,22,52,大昌-新店,2023-06-27,6464
00665L,富邦�琤肭磪囓�2,47,0,47,大昌-新店,2023-06-27,6464
6282,康舒,48,2,46,大昌-新店,2023-06-27,6464
8021,尖點,47,1,46,大昌-新店,2023-06-27,6464
2449,京元電子,51,7,44,大昌-新店,2023-06-27,6464
2331,精英,49,9,40,大昌-新店,2023-06-27,6464
2515,中工,54,16,38,大昌-新店,2023-06-27,6464
6116,彩晶,37,3,34,大昌-新店,2023-06-27,6464
1101,台泥,49,17,32,大昌-新店,2023-06-27,6464
2408,南亞科,31,1,30,大昌-新店,2023-06-27,6464
00631L,元大台灣50正2,45,15,30,大昌-新店,2023-06-27,6464
3049,精金,31,2,29,大昌-新店,2023-06-27,6464
6005,群益證,27,0,27,大昌-新店,2023-06-27,6464
1402,遠東新,29,2,27,大昌-新店,2023-06-27,6464
2867,三商壽,41,14,27,大昌-新店,2023-06-27,6464
00919,群益台灣精選高息,28,3,25,大昌-新店,2023-06-27,6464
1609,大亞,41,16,25,大昌-新店,2023-06-27,6464
6188,廣明,42,18,24,大昌-新店,2023-06-27,6464
2834,臺企銀,25,1,24,大昌-新店,2023-06-27,6464
2453,凌群,25,1,24,大昌-新店,2023-06-27,6464
3234,光環,23,0,23,大昌-新店,2023-06-27,6464
00929,復華台灣科技優息,23,0,23,大昌-新店,2023-06-27,6464
1786,科妍,27,4,23,大昌-新店,2023-06-27,6464
8109,博大,22,0,22,大昌-新店,2023-06-27,6464
3325,旭品,25,3,22,大昌-新店,2023-06-27,6464
1785,光洋科,23,2,21,大昌-新店,2023-06-27,6464
3078,僑威,25,4,21,大昌-新店,2023-06-27,6464
4164,承業醫,27,6,21,大昌-新店,2023-06-27,6464
2883,凱基金,21,0,21,大昌-新店,2023-06-27,6464
00713,元大台灣高息低波,24,4,20,大昌-新店,2023-06-27,6464
00900,富邦特選高股息30,20,0,20,大昌-新店,2023-06-27,6464
1810,和成,21,1,20,大昌-新店,2023-06-27,6464
9105,泰金寶-DR,20,0,20,大昌-新店,2023-06-27,6464
00636,國泰中國A50,18,0,18,大昌-新店,2023-06-27,6464
00679B,元大美債20年,20,2,18,大昌-新店,2023-06-27,6464
3035,智原,56,38,18,大昌-新店,2023-06-27,6464
9945,潤泰新,17,0,17,大昌-新店,2023-06-27,6464
6122,擎邦,18,1,17,大昌-新店,2023-06-27,6464
4106,雃博,21,4,17,大昌-新店,2023-06-27,6464
1514,亞力,31,15,16,大昌-新店,2023-06-27,6464
00719B,元大美債1-3,15,0,15,大昌-新店,2023-06-27,6464
2353,宏��,16,1,15,大昌-新店,2023-06-27,6464
5328,華容,15,0,15,大昌-新店,2023-06-27,6464
1907,永豐餘,39,25,14,大昌-新店,2023-06-27,6464
00715L,期街口布蘭特正2,365,0,365,大昌-新店,2023-06-28,6464
2618,長榮航,413,138,275,大昌-新店,2023-06-28,6464
2409,友達,168,39,129,大昌-新店,2023-06-28,6464
1101,台泥,135,15,120,大昌-新店,2023-06-28,6464
2610,華航,313,201,112,大昌-新店,2023-06-28,6464
2332,友訊,121,43,78,大昌-新店,2023-06-28,6464
2303,聯電,76,19,57,大昌-新店,2023-06-28,6464
2801,彰銀,53,0,53,大昌-新店,2023-06-28,6464
00641R,富邦日本反1,52,0,52,大昌-新店,2023-06-28,6464
00642U,期元大S＆P石油,51,6,45,大昌-新店,2023-06-28,6464
1513,中興電,93,53,40,大昌-新店,2023-06-28,6464
1467,南緯,38,1,37,大昌-新店,2023-06-28,6464
4113,聯上,49,16,33,大昌-新店,2023-06-28,6464
0056,元大高股息,38,7,31,大昌-新店,2023-06-28,6464
2412,中華電,36,6,30,大昌-新店,2023-06-28,6464
2609,陽明,62,35,27,大昌-新店,2023-06-28,6464
3706,神達,173,146,27,大昌-新店,2023-06-28,6464
2603,長榮,36,13,23,大昌-新店,2023-06-28,6464
2883,凱基金,30,8,22,大昌-新店,2023-06-28,6464
00680L,元大美債20正2,21,0,21,大昌-新店,2023-06-28,6464
8147,正淩,20,0,20,大昌-新店,2023-06-28,6464
00919,群益台灣精選高息,21,1,20,大昌-新店,2023-06-28,6464
3532,台勝科,20,0,20,大昌-新店,2023-06-28,6464
5356,協益,20,0,20,大昌-新店,2023-06-28,6464
3481,群創,41,22,19,大昌-新店,2023-06-28,6464
00882,中信中國高股息,23,4,19,大昌-新店,2023-06-28,6464
8213,志超,20,1,19,大昌-新店,2023-06-28,6464
2495,普安,21,2,19,大昌-新店,2023-06-28,6464
1605,華新,96,78,18,大昌-新店,2023-06-28,6464
2834,臺企銀,20,2,18,大昌-新店,2023-06-28,6464
3665,貿聯-KY,19,1,18,大昌-新店,2023-06-28,6464
2888,新光金,77,59,18,大昌-新店,2023-06-28,6464
2408,南亞科,19,1,18,大昌-新店,2023-06-28,6464
6111,大宇資,28,10,18,大昌-新店,2023-06-28,6464
3025,星通,20,3,17,大昌-新店,2023-06-28,6464
3037,欣興,22,5,17,大昌-新店,2023-06-28,6464
3038,全台,44,28,16,大昌-新店,2023-06-28,6464
8046,南電,18,3,15,大昌-新店,2023-06-28,6464
3374,精材,28,13,15,大昌-新店,2023-06-28,6464
1301,台塑,21,6,15,大昌-新店,2023-06-28,6464
2317,鴻海,36,21,15,大昌-新店,2023-06-28,6464
3576,聯合再生,23,8,15,大昌-新店,2023-06-28,6464
8093,保銳,15,0,15,大昌-新店,2023-06-28,6464
2371,大同,160,146,14,大昌-新店,2023-06-28,6464
00907,永豐優息存股,14,0,14,大昌-新店,2023-06-28,6464
2880,華南金,14,0,14,大昌-新店,2023-06-28,6464
2485,兆赫,19,6,13,大昌-新店,2023-06-28,6464
3356,奇偶,32,19,13,大昌-新店,2023-06-28,6464
6180,橘子,15,2,13,大昌-新店,2023-06-28,6464
8109,博大,13,0,13,大昌-新店,2023-06-28,6464
2610,華航,180,23,157,大昌-新店,2023-06-29,6464
00712,復華富時不動產,133,4,129,大昌-新店,2023-06-29,6464
2618,長榮航,233,110,123,大昌-新店,2023-06-29,6464
2867,三商壽,159,40,119,大昌-新店,2023-06-29,6464
2317,鴻海,112,11,101,大昌-新店,2023-06-29,6464
2303,聯電,102,14,88,大昌-新店,2023-06-29,6464
00715L,期街口布蘭特正2,104,20,84,大昌-新店,2023-06-29,6464
3481,群創,95,18,77,大昌-新店,2023-06-29,6464
2408,南亞科,103,34,69,大昌-新店,2023-06-29,6464
2409,友達,91,26,65,大昌-新店,2023-06-29,6464
1605,華新,88,28,60,大昌-新店,2023-06-29,6464
3706,神達,84,25,59,大昌-新店,2023-06-29,6464
2609,陽明,103,45,58,大昌-新店,2023-06-29,6464
2603,長榮,104,51,53,大昌-新店,2023-06-29,6464
5452,佶優,52,3,49,大昌-新店,2023-06-29,6464
2884,玉山金,41,0,41,大昌-新店,2023-06-29,6464
2323,中環,71,32,39,大昌-新店,2023-06-29,6464
6470,宇智,50,16,34,大昌-新店,2023-06-29,6464
4906,正文,44,11,33,大昌-新店,2023-06-29,6464
1229,聯華,39,6,33,大昌-新店,2023-06-29,6464
9945,潤泰新,36,4,32,大昌-新店,2023-06-29,6464
1528,恩德,50,19,31,大昌-新店,2023-06-29,6464
3092,鴻碩,36,5,31,大昌-新店,2023-06-29,6464
00650L,復華香港正2,31,0,31,大昌-新店,2023-06-29,6464
2331,精英,40,9,31,大昌-新店,2023-06-29,6464
2027,大成鋼,31,1,30,大昌-新店,2023-06-29,6464
00645,富邦日本,30,0,30,大昌-新店,2023-06-29,6464
2399,映泰,40,11,29,大昌-新店,2023-06-29,6464
3374,精材,33,6,27,大昌-新店,2023-06-29,6464
2883,凱基金,34,7,27,大昌-新店,2023-06-29,6464
6182,合晶,27,0,27,大昌-新店,2023-06-29,6464
3078,僑威,24,0,24,大昌-新店,2023-06-29,6464
2891,中信金,28,5,23,大昌-新店,2023-06-29,6464
2883B,凱基金乙特,23,0,23,大昌-新店,2023-06-29,6464
00887,永豐中國科技50大,22,0,22,大昌-新店,2023-06-29,6464
8147,正淩,22,0,22,大昌-新店,2023-06-29,6464
00641R,富邦日本反1,20,0,20,大昌-新店,2023-06-29,6464
5521,工信,25,5,20,大昌-新店,2023-06-29,6464
2103,台橡,20,0,20,大昌-新店,2023-06-29,6464
00929,復華台灣科技優息,19,0,19,大昌-新店,2023-06-29,6464
2462,良得電,19,0,19,大昌-新店,2023-06-29,6464
2887,台新金,21,2,19,大昌-新店,2023-06-29,6464
2002,中鋼,23,5,18,大昌-新店,2023-06-29,6464
00922,國泰台灣領袖50,42,25,17,大昌-新店,2023-06-29,6464
00919,群益台灣精選高息,16,0,16,大昌-新店,2023-06-29,6464
4967,十銓,24,8,16,大昌-新店,2023-06-29,6464
6592,和潤企業,16,0,16,大昌-新店,2023-06-29,6464
2388,威盛,32,16,16,大昌-新店,2023-06-29,6464
6108,競國,16,0,16,大昌-新店,2023-06-29,6464
3715,定穎投控,16,0,16,大昌-新店,2023-06-29,6464
2618,長榮航,170,92,78,大昌-新店,2023-06-30,6464
3481,群創,137,73,64,大昌-新店,2023-06-30,6464
1605,華新,79,24,55,大昌-新店,2023-06-30,6464
2344,華邦電,58,6,52,大昌-新店,2023-06-30,6464
00687B,國泰20年美債,52,0,52,大昌-新店,2023-06-30,6464
3231,緯創,532,481,51,大昌-新店,2023-06-30,6464
6153,嘉聯益,101,51,50,大昌-新店,2023-06-30,6464
2883,凱基金,66,17,49,大昌-新店,2023-06-30,6464
2603,長榮,149,106,43,大昌-新店,2023-06-30,6464
2610,華航,65,24,41,大昌-新店,2023-06-30,6464
00885,富邦越南,38,0,38,大昌-新店,2023-06-30,6464
2409,友達,75,37,38,大昌-新店,2023-06-30,6464
2455,全新,43,5,38,大昌-新店,2023-06-30,6464
2324,仁寶,37,0,37,大昌-新店,2023-06-30,6464
00878,國泰永續高股息,76,40,36,大昌-新店,2023-06-30,6464
00679B,元大美債20年,39,4,35,大昌-新店,2023-06-30,6464
2105,正新,32,0,32,大昌-新店,2023-06-30,6464
1301,台塑,34,3,31,大昌-新店,2023-06-30,6464
00929,復華台灣科技優息,32,1,31,大昌-新店,2023-06-30,6464
1303,南亞,30,0,30,大昌-新店,2023-06-30,6464
2303,聯電,61,34,27,大昌-新店,2023-06-30,6464
00877,復華中國5G,30,4,26,大昌-新店,2023-06-30,6464
00922,國泰台灣領袖50,25,0,25,大昌-新店,2023-06-30,6464
6285,啟��,29,7,22,大昌-新店,2023-06-30,6464
0056,元大高股息,112,90,22,大昌-新店,2023-06-30,6464
4503,金雨,24,3,21,大昌-新店,2023-06-30,6464
3260,威剛,22,2,20,大昌-新店,2023-06-30,6464
00680L,元大美債20正2,20,0,20,大昌-新店,2023-06-30,6464
2356,英業達,54,35,19,大昌-新店,2023-06-30,6464
00631L,元大台灣50正2,24,5,19,大昌-新店,2023-06-30,6464
9919,康那香,22,3,19,大昌-新店,2023-06-30,6464
3034,聯詠,33,15,18,大昌-新店,2023-06-30,6464
2405,輔信,19,1,18,大昌-新店,2023-06-30,6464
1524,耿鼎,18,0,18,大昌-新店,2023-06-30,6464
3045,台灣大,18,1,17,大昌-新店,2023-06-30,6464
2317,鴻海,30,14,16,大昌-新店,2023-06-30,6464
3711,日月光投控,27,12,15,大昌-新店,2023-06-30,6464
3576,聯合再生,29,14,15,大昌-新店,2023-06-30,6464
2906,高林,16,1,15,大昌-新店,2023-06-30,6464
3019,亞光,15,0,15,大昌-新店,2023-06-30,6464
00713,元大台灣高息低波,15,0,15,大昌-新店,2023-06-30,6464
0050,元大台灣50,21,7,14,大昌-新店,2023-06-30,6464
1101,台泥,28,14,14,大昌-新店,2023-06-30,6464
2104,國際中橡,14,0,14,大昌-新店,2023-06-30,6464
5388,中磊,15,2,13,大昌-新店,2023-06-30,6464
4934,太極,17,4,13,大昌-新店,2023-06-30,6464
2412,中華電,15,2,13,大昌-新店,2023-06-30,6464
3027,盛達,16,4,12,大昌-新店,2023-06-30,6464
2002,中鋼,23,11,12,大昌-新店,2023-06-30,6464
1528,恩德,29,17,12,大昌-新店,2023-06-30,6464
2409,友達,200,22,178,大昌-新店,2023-07-03,6464
3231,緯創,421,274,147,大昌-新店,2023-07-03,6464
2356,英業達,122,50,72,大昌-新店,2023-07-03,6464
5452,佶優,57,1,56,大昌-新店,2023-07-03,6464
3481,群創,112,57,55,大昌-新店,2023-07-03,6464
9945,潤泰新,49,1,48,大昌-新店,2023-07-03,6464
3207,耀勝,60,22,38,大昌-新店,2023-07-03,6464
2303,聯電,64,28,36,大昌-新店,2023-07-03,6464
6153,嘉聯益,38,4,34,大昌-新店,2023-07-03,6464
3038,全台,38,5,33,大昌-新店,2023-07-03,6464
8936,國統,32,1,31,大昌-新店,2023-07-03,6464
0056,元大高股息,35,4,31,大昌-新店,2023-07-03,6464
1904,正隆,35,5,30,大昌-新店,2023-07-03,6464
3058,立德,34,5,29,大昌-新店,2023-07-03,6464
2344,華邦電,42,14,28,大昌-新店,2023-07-03,6464
2201,裕隆,43,15,28,大昌-新店,2023-07-03,6464
6190,萬泰科,32,4,28,大昌-新店,2023-07-03,6464
2867,三商壽,25,0,25,大昌-新店,2023-07-03,6464
9941,裕融,24,0,24,大昌-新店,2023-07-03,6464
2880,華南金,23,0,23,大昌-新店,2023-07-03,6464
3483,力致,34,12,22,大昌-新店,2023-07-03,6464
1795,美時,35,15,20,大昌-新店,2023-07-03,6464
5243,乙盛-KY,21,1,20,大昌-新店,2023-07-03,6464
6124,業強,19,0,19,大昌-新店,2023-07-03,6464
9958,世紀鋼,19,0,19,大昌-新店,2023-07-03,6464
00753L,中信中國50正2,23,5,18,大昌-新店,2023-07-03,6464
6279,胡連,23,6,17,大昌-新店,2023-07-03,6464
2913,農林,18,1,17,大昌-新店,2023-07-03,6464
3673,TPK-KY,37,20,17,大昌-新店,2023-07-03,6464
00877,復華中國5G,52,36,16,大昌-新店,2023-07-03,6464
6016,康和證,27,11,16,大昌-新店,2023-07-03,6464
2323,中環,56,40,16,大昌-新店,2023-07-03,6464
3013,晟銘電,15,0,15,大昌-新店,2023-07-03,6464
00673R,期元大S＆P原油反1,15,0,15,大昌-新店,2023-07-03,6464
1504,東元,21,7,14,大昌-新店,2023-07-03,6464
4167,松瑞藥,14,0,14,大昌-新店,2023-07-03,6464
2353,宏��,17,4,13,大昌-新店,2023-07-03,6464
3338,泰碩,13,0,13,大昌-新店,2023-07-03,6464
6187,萬潤,17,4,13,大昌-新店,2023-07-03,6464
1609,大亞,37,24,13,大昌-新店,2023-07-03,6464
3189,景碩,13,0,13,大昌-新店,2023-07-03,6464
2382,廣達,72,60,12,大昌-新店,2023-07-03,6464
3044,健鼎,14,2,12,大昌-新店,2023-07-03,6464
8234,新漢,14,2,12,大昌-新店,2023-07-03,6464
2457,飛宏,21,9,12,大昌-新店,2023-07-03,6464
2331,精英,29,17,12,大昌-新店,2023-07-03,6464
6789,采鈺,21,10,11,大昌-新店,2023-07-03,6464
3027,盛達,23,12,11,大昌-新店,2023-07-03,6464
2402,毅嘉,52,41,11,大昌-新店,2023-07-03,6464
1529,樂事綠能,12,1,11,大昌-新店,2023-07-03,6464
2356,英業達,637,271,366,大昌-新店,2023-07-04,6464
2371,大同,189,21,168,大昌-新店,2023-07-04,6464
2317,鴻海,182,70,112,大昌-新店,2023-07-04,6464
1513,中興電,113,5,108,大昌-新店,2023-07-04,6464
6188,廣明,174,76,98,大昌-新店,2023-07-04,6464
00877,復華中國5G,108,12,96,大昌-新店,2023-07-04,6464
2331,精英,89,1,88,大昌-新店,2023-07-04,6464
00882,中信中國高股息,103,18,85,大昌-新店,2023-07-04,6464
2332,友訊,90,17,73,大昌-新店,2023-07-04,6464
3576,聯合再生,85,20,65,大昌-新店,2023-07-04,6464
2609,陽明,216,152,64,大昌-新店,2023-07-04,6464
2603,長榮,185,127,58,大昌-新店,2023-07-04,6464
6016,康和證,60,6,54,大昌-新店,2023-07-04,6464
6191,精成科,47,1,46,大昌-新店,2023-07-04,6464
2515,中工,73,27,46,大昌-新店,2023-07-04,6464
1460,宏遠,50,5,45,大昌-新店,2023-07-04,6464
2884,玉山金,45,2,43,大昌-新店,2023-07-04,6464
4906,正文,44,2,42,大昌-新店,2023-07-04,6464
2329,華泰,66,27,39,大昌-新店,2023-07-04,6464
5426,振發,54,16,38,大昌-新店,2023-07-04,6464
2340,台亞,126,88,38,大昌-新店,2023-07-04,6464
00929,復華台灣科技優息,40,4,36,大昌-新店,2023-07-04,6464
6290,良維,40,4,36,大昌-新店,2023-07-04,6464
3093,港建*,32,0,32,大昌-新店,2023-07-04,6464
6153,嘉聯益,34,3,31,大昌-新店,2023-07-04,6464
3202,樺晟,31,0,31,大昌-新店,2023-07-04,6464
5272,笙科,31,0,31,大昌-新店,2023-07-04,6464
2323,中環,104,73,31,大昌-新店,2023-07-04,6464
2615,萬海,73,43,30,大昌-新店,2023-07-04,6464
2883,凱基金,69,39,30,大昌-新店,2023-07-04,6464
1314,中石化,37,7,30,大昌-新店,2023-07-04,6464
3706,神達,152,123,29,大昌-新店,2023-07-04,6464
6015,宏遠證,30,1,29,大昌-新店,2023-07-04,6464
4915,致伸,28,0,28,大昌-新店,2023-07-04,6464
5439,高技,32,5,27,大昌-新店,2023-07-04,6464
00664R,國泰臺灣加權反1,25,0,25,大昌-新店,2023-07-04,6464
9945,潤泰新,24,0,24,大昌-新店,2023-07-04,6464
2891,中信金,27,5,22,大昌-新店,2023-07-04,6464
2002,中鋼,21,0,21,大昌-新店,2023-07-04,6464
2349,錸德,20,0,20,大昌-新店,2023-07-04,6464
2867,三商壽,21,1,20,大昌-新店,2023-07-04,6464
9941,裕融,20,0,20,大昌-新店,2023-07-04,6464
1303,南亞,21,2,19,大昌-新店,2023-07-04,6464
8105,凌巨,24,5,19,大昌-新店,2023-07-04,6464
6116,彩晶,23,5,18,大昌-新店,2023-07-04,6464
3034,聯詠,34,16,18,大昌-新店,2023-07-04,6464
00887,永豐中國科技50大,19,1,18,大昌-新店,2023-07-04,6464
6223,旺矽,25,7,18,大昌-新店,2023-07-04,6464
1533,車王電,24,7,17,大昌-新店,2023-07-04,6464
2412,中華電,18,1,17,大昌-新店,2023-07-04,6464
2610,華航,673,284,389,大昌-新店,2023-07-05,6464
2331,精英,325,4,321,大昌-新店,2023-07-05,6464
2312,金寶,275,79,196,大昌-新店,2023-07-05,6464
00637L,元大滬深300正2,359,169,190,大昌-新店,2023-07-05,6464
2609,陽明,283,132,151,大昌-新店,2023-07-05,6464
2897,王道銀行,105,0,105,大昌-新店,2023-07-05,6464
6282,康舒,175,76,99,大昌-新店,2023-07-05,6464
2618,長榮航,207,120,87,大昌-新店,2023-07-05,6464
1611,中電,91,22,69,大昌-新店,2023-07-05,6464
2419,仲琦,126,61,65,大昌-新店,2023-07-05,6464
3576,聯合再生,69,5,64,大昌-新店,2023-07-05,6464
2369,菱生,67,10,57,大昌-新店,2023-07-05,6464
2867,三商壽,55,0,55,大昌-新店,2023-07-05,6464
2356,英業達,339,287,52,大昌-新店,2023-07-05,6464
2317,鴻海,85,37,48,大昌-新店,2023-07-05,6464
2888,新光金,52,9,43,大昌-新店,2023-07-05,6464
00725B,國泰投資級公司債,42,0,42,大昌-新店,2023-07-05,6464
9945,潤泰新,62,20,42,大昌-新店,2023-07-05,6464
00929,復華台灣科技優息,46,6,40,大昌-新店,2023-07-05,6464
00887,永豐中國科技50大,40,0,40,大昌-新店,2023-07-05,6464
1605,華新,51,11,40,大昌-新店,2023-07-05,6464
1522,堤維西,46,7,39,大昌-新店,2023-07-05,6464
00877,復華中國5G,37,0,37,大昌-新店,2023-07-05,6464
3231,緯創,243,209,34,大昌-新店,2023-07-05,6464
00673R,期元大S＆P原油反1,31,0,31,大昌-新店,2023-07-05,6464
2485,兆赫,63,32,31,大昌-新店,2023-07-05,6464
00772B,中信高評級公司債,30,0,30,大昌-新店,2023-07-05,6464
00631L,元大台灣50正2,37,7,30,大昌-新店,2023-07-05,6464
5439,高技,30,0,30,大昌-新店,2023-07-05,6464
2303,聯電,31,3,28,大昌-新店,2023-07-05,6464
00900,富邦特選高股息30,35,7,28,大昌-新店,2023-07-05,6464
2002,中鋼,27,0,27,大昌-新店,2023-07-05,6464
2402,毅嘉,105,78,27,大昌-新店,2023-07-05,6464
3710,連展投控,30,4,26,大昌-新店,2023-07-05,6464
1101,台泥,45,20,25,大昌-新店,2023-07-05,6464
4155,訊映,40,15,25,大昌-新店,2023-07-05,6464
3706,神達,151,127,24,大昌-新店,2023-07-05,6464
2481,強茂,26,2,24,大昌-新店,2023-07-05,6464
2031,新光鋼,23,0,23,大昌-新店,2023-07-05,6464
1513,中興電,42,22,20,大昌-新店,2023-07-05,6464
00927,群益半導體收益,20,0,20,大昌-新店,2023-07-05,6464
3024,憶聲,20,0,20,大昌-新店,2023-07-05,6464
3207,耀勝,36,16,20,大昌-新店,2023-07-05,6464
2421,建準,38,18,20,大昌-新店,2023-07-05,6464
2603,長榮,83,64,19,大昌-新店,2023-07-05,6464
3260,威剛,25,6,19,大昌-新店,2023-07-05,6464
2887,台新金,19,0,19,大昌-新店,2023-07-05,6464
2399,映泰,19,0,19,大昌-新店,2023-07-05,6464
4164,承業醫,23,5,18,大昌-新店,2023-07-05,6464
3325,旭品,39,22,17,大昌-新店,2023-07-05,6464
2888,新光金,298,7,291,大昌-新店,2023-07-06,6464
00680L,元大美債20正2,256,0,256,大昌-新店,2023-07-06,6464
2409,友達,270,47,223,大昌-新店,2023-07-06,6464
00665L,富邦�琤肭磪囓�2,175,21,154,大昌-新店,2023-07-06,6464
00671R,富邦NASDAQ反1,151,1,150,大昌-新店,2023-07-06,6464
2883,凱基金,136,8,128,大昌-新店,2023-07-06,6464
1101,台泥,117,6,111,大昌-新店,2023-07-06,6464
2002,中鋼,124,15,109,大昌-新店,2023-07-06,6464
8277,商丞,100,0,100,大昌-新店,2023-07-06,6464
2331,精英,103,5,98,大昌-新店,2023-07-06,6464
0050,元大台灣50,63,1,62,大昌-新店,2023-07-06,6464
2801,彰銀,60,0,60,大昌-新店,2023-07-06,6464
2433,互盛電,60,0,60,大昌-新店,2023-07-06,6464
2634,漢翔,62,8,54,大昌-新店,2023-07-06,6464
5880,合庫金,61,7,54,大昌-新店,2023-07-06,6464
3037,欣興,61,11,50,大昌-新店,2023-07-06,6464
9907,統一實,51,2,49,大昌-新店,2023-07-06,6464
6770,力積電,52,3,49,大昌-新店,2023-07-06,6464
2329,華泰,83,34,49,大昌-新店,2023-07-06,6464
6290,良維,64,18,46,大昌-新店,2023-07-06,6464
00673R,期元大S＆P原油反1,45,0,45,大昌-新店,2023-07-06,6464
00650L,復華香港正2,45,0,45,大昌-新店,2023-07-06,6464
00887,永豐中國科技50大,44,0,44,大昌-新店,2023-07-06,6464
2317,鴻海,71,27,44,大昌-新店,2023-07-06,6464
2323,中環,86,43,43,大昌-新店,2023-07-06,6464
2882,國泰金,41,0,41,大昌-新店,2023-07-06,6464
6282,康舒,76,35,41,大昌-新店,2023-07-06,6464
0056,元大高股息,71,33,38,大昌-新店,2023-07-06,6464
00877,復華中國5G,41,3,38,大昌-新店,2023-07-06,6464
3710,連展投控,37,0,37,大昌-新店,2023-07-06,6464
9904,寶成,38,1,37,大昌-新店,2023-07-06,6464
2880,華南金,49,12,37,大昌-新店,2023-07-06,6464
2303,聯電,47,11,36,大昌-新店,2023-07-06,6464
2887,台新金,37,2,35,大昌-新店,2023-07-06,6464
00631L,元大台灣50正2,43,10,33,大昌-新店,2023-07-06,6464
2885,元大金,33,0,33,大昌-新店,2023-07-06,6464
1609,大亞,44,12,32,大昌-新店,2023-07-06,6464
2330,台積電,36,5,31,大昌-新店,2023-07-06,6464
00725B,國泰投資級公司債,31,0,31,大昌-新店,2023-07-06,6464
5426,振發,40,10,30,大昌-新店,2023-07-06,6464
2892,第一金,28,0,28,大昌-新店,2023-07-06,6464
5009,榮剛,39,11,28,大昌-新店,2023-07-06,6464
2382,廣達,68,40,28,大昌-新店,2023-07-06,6464
3051,力特,27,0,27,大昌-新店,2023-07-06,6464
00712,復華富時不動產,41,15,26,大昌-新店,2023-07-06,6464
3466,德晉,25,0,25,大昌-新店,2023-07-06,6464
5483,中美晶,27,2,25,大昌-新店,2023-07-06,6464
9933,中鼎,26,2,24,大昌-新店,2023-07-06,6464
00882,中信中國高股息,23,0,23,大昌-新店,2023-07-06,6464
00891,中信關鍵半導體,24,1,23,大昌-新店,2023-07-06,6464
2331,精英,273,12,261,大昌-新店,2023-07-07,6464
3481,群創,192,21,171,大昌-新店,2023-07-07,6464
2888,新光金,165,13,152,大昌-新店,2023-07-07,6464
00671R,富邦NASDAQ反1,152,0,152,大昌-新店,2023-07-07,6464
00632R,元大台灣50反1,252,101,151,大昌-新店,2023-07-07,6464
00680L,元大美債20正2,129,0,129,大昌-新店,2023-07-07,6464
00878,國泰永續高股息,146,41,105,大昌-新店,2023-07-07,6464
2409,友達,121,39,82,大昌-新店,2023-07-07,6464
00679B,元大美債20年,80,0,80,大昌-新店,2023-07-07,6464
00665L,富邦�琤肭磪囓�2,122,48,74,大昌-新店,2023-07-07,6464
9907,統一實,72,0,72,大昌-新店,2023-07-07,6464
4113,聯上,71,0,71,大昌-新店,2023-07-07,6464
1210,大成,67,0,67,大昌-新店,2023-07-07,6464
2329,華泰,80,25,55,大昌-新店,2023-07-07,6464
00725B,國泰投資級公司債,54,0,54,大昌-新店,2023-07-07,6464
2344,華邦電,53,2,51,大昌-新店,2023-07-07,6464
2460,建通,53,3,50,大昌-新店,2023-07-07,6464
2515,中工,55,5,50,大昌-新店,2023-07-07,6464
2323,中環,71,21,50,大昌-新店,2023-07-07,6464
6125,廣運,47,5,42,大昌-新店,2023-07-07,6464
2883,凱基金,53,13,40,大昌-新店,2023-07-07,6464
00900,富邦特選高股息30,40,2,38,大昌-新店,2023-07-07,6464
1101,台泥,41,5,36,大昌-新店,2023-07-07,6464
00877,復華中國5G,48,14,34,大昌-新店,2023-07-07,6464
00631L,元大台灣50正2,36,3,33,大昌-新店,2023-07-07,6464
8358,金居,33,1,32,大昌-新店,2023-07-07,6464
2371,大同,81,49,32,大昌-新店,2023-07-07,6464
2002,中鋼,60,30,30,大昌-新店,2023-07-07,6464
00753L,中信中國50正2,29,0,29,大昌-新店,2023-07-07,6464
00919,群益台灣精選高息,28,0,28,大昌-新店,2023-07-07,6464
2887,台新金,43,15,28,大昌-新店,2023-07-07,6464
3545,敦泰,27,0,27,大昌-新店,2023-07-07,6464
2337,旺宏,29,3,26,大昌-新店,2023-07-07,6464
1905,華紙,28,2,26,大昌-新店,2023-07-07,6464
00885,富邦越南,44,20,24,大昌-新店,2023-07-07,6464
2867,三商壽,27,4,23,大昌-新店,2023-07-07,6464
3685,元創精密,24,1,23,大昌-新店,2023-07-07,6464
00633L,富邦上証正2,22,0,22,大昌-新店,2023-07-07,6464
2834,臺企銀,33,12,21,大昌-新店,2023-07-07,6464
6191,精成科,23,2,21,大昌-新店,2023-07-07,6464
0056,元大高股息,40,20,20,大昌-新店,2023-07-07,6464
00887,永豐中國科技50大,20,0,20,大昌-新店,2023-07-07,6464
2911,麗嬰房,20,0,20,大昌-新店,2023-07-07,6464
2890,永豐金,29,10,19,大昌-新店,2023-07-07,6464
1416,廣豐,19,0,19,大昌-新店,2023-07-07,6464
4744,皇將,20,2,18,大昌-新店,2023-07-07,6464
2881,富邦金,19,2,17,大昌-新店,2023-07-07,6464
1513,中興電,65,48,17,大昌-新店,2023-07-07,6464
4906,正文,31,14,17,大昌-新店,2023-07-07,6464
2340,台亞,40,23,17,大昌-新店,2023-07-07,6464
00632R,元大台灣50反1,269,37,232,大昌-新店,2023-07-10,6464
00648R,元大S＆P500反1,119,0,119,大昌-新店,2023-07-10,6464
00882,中信中國高股息,114,0,114,大昌-新店,2023-07-10,6464
2329,華泰,136,23,113,大昌-新店,2023-07-10,6464
3481,群創,123,16,107,大昌-新店,2023-07-10,6464
2888,新光金,114,11,103,大昌-新店,2023-07-10,6464
2419,仲琦,146,49,97,大昌-新店,2023-07-10,6464
4533,協易機,86,1,85,大昌-新店,2023-07-10,6464
00680L,元大美債20正2,113,35,78,大昌-新店,2023-07-10,6464
2883,凱基金,85,7,78,大昌-新店,2023-07-10,6464
2845,遠東銀,73,4,69,大昌-新店,2023-07-10,6464
3163,波若威,68,3,65,大昌-新店,2023-07-10,6464
3715,定穎投控,75,11,64,大昌-新店,2023-07-10,6464
2489,瑞軒,64,2,62,大昌-新店,2023-07-10,6464
9904,寶成,60,0,60,大昌-新店,2023-07-10,6464
3033,威健,58,0,58,大昌-新店,2023-07-10,6464
00673R,期元大S＆P原油反1,52,0,52,大昌-新店,2023-07-10,6464
2609,陽明,77,33,44,大昌-新店,2023-07-10,6464
00664R,國泰臺灣加權反1,40,0,40,大昌-新店,2023-07-10,6464
00687B,國泰20年美債,38,0,38,大昌-新店,2023-07-10,6464
6120,達運,47,10,37,大昌-新店,2023-07-10,6464
3078,僑威,62,25,37,大昌-新店,2023-07-10,6464
6015,宏遠證,37,0,37,大昌-新店,2023-07-10,6464
00929,復華台灣科技優息,37,0,37,大昌-新店,2023-07-10,6464
00679B,元大美債20年,36,0,36,大昌-新店,2023-07-10,6464
6203,海韻電,35,1,34,大昌-新店,2023-07-10,6464
00877,復華中國5G,35,2,33,大昌-新店,2023-07-10,6464
1101,台泥,34,2,32,大昌-新店,2023-07-10,6464
3024,憶聲,37,5,32,大昌-新店,2023-07-10,6464
00631L,元大台灣50正2,36,4,32,大昌-新店,2023-07-10,6464
00665L,富邦�琤肭磪囓�2,70,39,31,大昌-新店,2023-07-10,6464
00688L,國泰20年美債正2,30,0,30,大昌-新店,2023-07-10,6464
00719B,元大美債1-3,30,0,30,大昌-新店,2023-07-10,6464
8171,天宇,30,1,29,大昌-新店,2023-07-10,6464
2618,長榮航,68,39,29,大昌-新店,2023-07-10,6464
2313,華通,34,5,29,大昌-新店,2023-07-10,6464
6138,茂達,29,0,29,大昌-新店,2023-07-10,6464
2303,聯電,47,19,28,大昌-新店,2023-07-10,6464
2606,裕民,35,8,27,大昌-新店,2023-07-10,6464
2317,鴻海,30,3,27,大昌-新店,2023-07-10,6464
5309,系統電,26,0,26,大昌-新店,2023-07-10,6464
2002,中鋼,39,14,25,大昌-新店,2023-07-10,6464
2634,漢翔,27,3,24,大昌-新店,2023-07-10,6464
6285,啟��,64,41,23,大昌-新店,2023-07-10,6464
00713,元大台灣高息低波,25,3,22,大昌-新店,2023-07-10,6464
2367,燿華,21,1,20,大昌-新店,2023-07-10,6464
00878,國泰永續高股息,22,2,20,大昌-新店,2023-07-10,6464
2906,高林,20,0,20,大昌-新店,2023-07-10,6464
6116,彩晶,20,0,20,大昌-新店,2023-07-10,6464
4532,瑞智,51,31,20,大昌-新店,2023-07-10,6464
2103,台橡,130,0,130,大昌-新店,2023-07-11,6464
1101,台泥,108,6,102,大昌-新店,2023-07-11,6464
2371,大同,169,82,87,大昌-新店,2023-07-11,6464
2353,宏��,85,22,63,大昌-新店,2023-07-11,6464
1609,大亞,85,34,51,大昌-新店,2023-07-11,6464
1314,中石化,51,4,47,大昌-新店,2023-07-11,6464
2609,陽明,69,25,44,大昌-新店,2023-07-11,6464
5309,系統電,43,0,43,大昌-新店,2023-07-11,6464
2331,精英,47,4,43,大昌-新店,2023-07-11,6464
2356,英業達,267,226,41,大昌-新店,2023-07-11,6464
2610,華航,259,223,36,大昌-新店,2023-07-11,6464
00680L,元大美債20正2,34,0,34,大昌-新店,2023-07-11,6464
1463,強盛新,34,0,34,大昌-新店,2023-07-11,6464
6142,友勁,34,0,34,大昌-新店,2023-07-11,6464
00679B,元大美債20年,32,0,32,大昌-新店,2023-07-11,6464
2204,中華,33,1,32,大昌-新店,2023-07-11,6464
4938,和碩,33,2,31,大昌-新店,2023-07-11,6464
3147,大綜,30,0,30,大昌-新店,2023-07-11,6464
00664R,國泰臺灣加權反1,30,0,30,大昌-新店,2023-07-11,6464
00639,富邦深100,28,0,28,大昌-新店,2023-07-11,6464
3025,星通,49,21,28,大昌-新店,2023-07-11,6464
00719B,元大美債1-3,41,15,26,大昌-新店,2023-07-11,6464
2412,中華電,24,0,24,大昌-新店,2023-07-11,6464
1471,首利,35,11,24,大昌-新店,2023-07-11,6464
2340,台亞,86,63,23,大昌-新店,2023-07-11,6464
3374,精材,34,11,23,大昌-新店,2023-07-11,6464
3715,定穎投控,22,0,22,大昌-新店,2023-07-11,6464
3027,盛達,23,1,22,大昌-新店,2023-07-11,6464
8071,能率網通,29,7,22,大昌-新店,2023-07-11,6464
9945,潤泰新,27,5,22,大昌-新店,2023-07-11,6464
4510,高鋒,26,5,21,大昌-新店,2023-07-11,6464
3207,耀勝,53,32,21,大昌-新店,2023-07-11,6464
00795B,中信美國公債20年,21,0,21,大昌-新店,2023-07-11,6464
3231,緯創,233,213,20,大昌-新店,2023-07-11,6464
2301,光寶科,78,58,20,大昌-新店,2023-07-11,6464
4534,慶騰,20,0,20,大昌-新店,2023-07-11,6464
1517,利奇,20,0,20,大昌-新店,2023-07-11,6464
3024,憶聲,28,8,20,大昌-新店,2023-07-11,6464
2031,新光鋼,33,15,18,大昌-新店,2023-07-11,6464
6753,龍德造船,17,0,17,大昌-新店,2023-07-11,6464
1301,台塑,19,3,16,大昌-新店,2023-07-11,6464
4934,太極,43,27,16,大昌-新店,2023-07-11,6464
1785,光洋科,18,3,15,大昌-新店,2023-07-11,6464
5014,建錩,14,0,14,大昌-新店,2023-07-11,6464
6168,宏齊,14,0,14,大昌-新店,2023-07-11,6464
2457,飛宏,33,19,14,大昌-新店,2023-07-11,6464
3499,環天科,13,0,13,大昌-新店,2023-07-11,6464
6220,岳豐,13,0,13,大昌-新店,2023-07-11,6464
6111,大宇資,23,10,13,大昌-新店,2023-07-11,6464
2634,漢翔,28,15,13,大昌-新店,2023-07-11,6464
2303,聯電,193,67,126,大昌-新店,2023-07-12,6464
2323,中環,120,9,111,大昌-新店,2023-07-12,6464
2409,友達,112,19,93,大昌-新店,2023-07-12,6464
00673R,期元大S＆P原油反1,92,5,87,大昌-新店,2023-07-12,6464
2356,英業達,286,201,85,大昌-新店,2023-07-12,6464
3231,緯創,227,165,62,大昌-新店,2023-07-12,6464
00679B,元大美債20年,54,0,54,大昌-新店,2023-07-12,6464
00929,復華台灣科技優息,52,0,52,大昌-新店,2023-07-12,6464
2880,華南金,44,0,44,大昌-新店,2023-07-12,6464
6285,啟��,75,32,43,大昌-新店,2023-07-12,6464
8103,瀚荃,42,0,42,大昌-新店,2023-07-12,6464
2363,矽統,42,2,40,大昌-新店,2023-07-12,6464
00664R,國泰臺灣加權反1,38,0,38,大昌-新店,2023-07-12,6464
1101,台泥,38,0,38,大昌-新店,2023-07-12,6464
1471,首利,38,1,37,大昌-新店,2023-07-12,6464
3710,連展投控,36,3,33,大昌-新店,2023-07-12,6464
00632R,元大台灣50反1,61,30,31,大昌-新店,2023-07-12,6464
8488,吉源-KY,30,0,30,大昌-新店,2023-07-12,6464
6005,群益證,30,0,30,大昌-新店,2023-07-12,6464
2609,陽明,118,91,27,大昌-新店,2023-07-12,6464
4938,和碩,26,1,25,大昌-新店,2023-07-12,6464
3034,聯詠,27,2,25,大昌-新店,2023-07-12,6464
6415,矽力*-KY,29,4,25,大昌-新店,2023-07-12,6464
4919,新唐,26,1,25,大昌-新店,2023-07-12,6464
8064,東捷,24,0,24,大昌-新店,2023-07-12,6464
3481,群創,34,11,23,大昌-新店,2023-07-12,6464
2481,強茂,39,16,23,大昌-新店,2023-07-12,6464
4533,協易機,25,2,23,大昌-新店,2023-07-12,6464
8028,昇陽半導體,28,5,23,大昌-新店,2023-07-12,6464
6182,合晶,25,3,22,大昌-新店,2023-07-12,6464
2455,全新,24,2,22,大昌-新店,2023-07-12,6464
6190,萬泰科,29,7,22,大昌-新店,2023-07-12,6464
1701,中化,21,0,21,大昌-新店,2023-07-12,6464
5258,虹堡,38,17,21,大昌-新店,2023-07-12,6464
3437,榮創,26,7,19,大昌-新店,2023-07-12,6464
2359,所羅門,28,9,19,大昌-新店,2023-07-12,6464
2882,國泰金,20,1,19,大昌-新店,2023-07-12,6464
3715,定穎投控,23,4,19,大昌-新店,2023-07-12,6464
2886,兆豐金,26,7,19,大昌-新店,2023-07-12,6464
8936,國統,30,12,18,大昌-新店,2023-07-12,6464
5309,系統電,18,0,18,大昌-新店,2023-07-12,6464
9904,寶成,18,0,18,大昌-新店,2023-07-12,6464
3037,欣興,34,16,18,大昌-新店,2023-07-12,6464
00712,復華富時不動產,23,6,17,大昌-新店,2023-07-12,6464
2312,金寶,107,91,16,大昌-新店,2023-07-12,6464
3704,合勤控,26,11,15,大昌-新店,2023-07-12,6464
4306,炎洲,15,0,15,大昌-新店,2023-07-12,6464
2419,仲琦,29,15,14,大昌-新店,2023-07-12,6464
1216,統一,14,0,14,大昌-新店,2023-07-12,6464
6461,益得,13,0,13,大昌-新店,2023-07-12,6464
3231,緯創,385,126,259,大昌-新店,2023-07-13,6464
00632R,元大台灣50反1,297,68,229,大昌-新店,2023-07-13,6464
2610,華航,394,168,226,大昌-新店,2023-07-13,6464
2409,友達,158,5,153,大昌-新店,2023-07-13,6464
2618,長榮航,239,120,119,大昌-新店,2023-07-13,6464
2489,瑞軒,124,7,117,大昌-新店,2023-07-13,6464
2834,臺企銀,125,24,101,大昌-新店,2023-07-13,6464
2405,輔信,79,4,75,大昌-新店,2023-07-13,6464
00930,永豐ESG低碳高息,74,0,74,大昌-新店,2023-07-13,6464
2353,宏��,108,35,73,大昌-新店,2023-07-13,6464
8028,昇陽半導體,78,16,62,大昌-新店,2023-07-13,6464
4113,聯上,61,0,61,大昌-新店,2023-07-13,6464
00673R,期元大S＆P原油反1,54,0,54,大昌-新店,2023-07-13,6464
1609,大亞,69,16,53,大昌-新店,2023-07-13,6464
2103,台橡,51,0,51,大昌-新店,2023-07-13,6464
5608,四維航,53,4,49,大昌-新店,2023-07-13,6464
2399,映泰,57,9,48,大昌-新店,2023-07-13,6464
2455,全新,46,0,46,大昌-新店,2023-07-13,6464
2515,中工,52,9,43,大昌-新店,2023-07-13,6464
2906,高林,40,0,40,大昌-新店,2023-07-13,6464
2609,陽明,118,78,40,大昌-新店,2023-07-13,6464
9941,裕融,40,2,38,大昌-新店,2023-07-13,6464
1513,中興電,60,25,35,大昌-新店,2023-07-13,6464
6282,康舒,48,13,35,大昌-新店,2023-07-13,6464
5483,中美晶,49,14,35,大昌-新店,2023-07-13,6464
2634,漢翔,42,10,32,大昌-新店,2023-07-13,6464
00679B,元大美債20年,25,0,25,大昌-新店,2023-07-13,6464
2331,精英,30,6,24,大昌-新店,2023-07-13,6464
1734,杏輝,28,4,24,大昌-新店,2023-07-13,6464
3234,光環,26,3,23,大昌-新店,2023-07-13,6464
6026,福邦證,23,0,23,大昌-新店,2023-07-13,6464
00712,復華富時不動產,23,0,23,大昌-新店,2023-07-13,6464
6733,博晟生醫,22,0,22,大昌-新店,2023-07-13,6464
2105,正新,21,0,21,大昌-新店,2023-07-13,6464
00642U,期元大S＆P石油,21,0,21,大昌-新店,2023-07-13,6464
2886,兆豐金,26,5,21,大昌-新店,2023-07-13,6464
9907,統一實,20,0,20,大昌-新店,2023-07-13,6464
3049,精金,20,1,19,大昌-新店,2023-07-13,6464
1517,利奇,18,0,18,大昌-新店,2023-07-13,6464
00929,復華台灣科技優息,52,34,18,大昌-新店,2023-07-13,6464
2891,中信金,19,2,17,大昌-新店,2023-07-13,6464
6118,建達,20,3,17,大昌-新店,2023-07-13,6464
2303,聯電,45,28,17,大昌-新店,2023-07-13,6464
3374,精材,30,13,17,大昌-新店,2023-07-13,6464
00664R,國泰臺灣加權反1,16,0,16,大昌-新店,2023-07-13,6464
2352,佳世達,38,22,16,大昌-新店,2023-07-13,6464
5443,均豪,21,5,16,大昌-新店,2023-07-13,6464
8016,矽創,16,0,16,大昌-新店,2023-07-13,6464
8050,廣積,34,19,15,大昌-新店,2023-07-13,6464
00882,中信中國高股息,17,2,15,大昌-新店,2023-07-13,6464
2618,長榮航,385,186,199,大昌-新店,2023-07-14,6464
2610,華航,466,363,103,大昌-新店,2023-07-14,6464
2382,廣達,137,69,68,大昌-新店,2023-07-14,6464
4113,聯上,57,0,57,大昌-新店,2023-07-14,6464
00637L,元大滬深300正2,111,56,55,大昌-新店,2023-07-14,6464
1618,合機,61,7,54,大昌-新店,2023-07-14,6464
00673R,期元大S＆P原油反1,55,5,50,大昌-新店,2023-07-14,6464
00632R,元大台灣50反1,148,100,48,大昌-新店,2023-07-14,6464
2913,農林,47,0,47,大昌-新店,2023-07-14,6464
3037,欣興,83,38,45,大昌-新店,2023-07-14,6464
2515,中工,43,1,42,大昌-新店,2023-07-14,6464
1524,耿鼎,51,10,41,大昌-新店,2023-07-14,6464
2419,仲琦,62,21,41,大昌-新店,2023-07-14,6464
3032,偉訓,37,4,33,大昌-新店,2023-07-14,6464
2324,仁寶,77,49,28,大昌-新店,2023-07-14,6464
3325,旭品,31,5,26,大昌-新店,2023-07-14,6464
1314,中石化,25,0,25,大昌-新店,2023-07-14,6464
2401,凌陽,27,2,25,大昌-新店,2023-07-14,6464
00882,中信中國高股息,23,0,23,大昌-新店,2023-07-14,6464
00885,富邦越南,26,3,23,大昌-新店,2023-07-14,6464
5443,均豪,24,2,22,大昌-新店,2023-07-14,6464
6235,華孚,119,97,22,大昌-新店,2023-07-14,6464
2867,三商壽,22,0,22,大昌-新店,2023-07-14,6464
1616,億泰,21,0,21,大昌-新店,2023-07-14,6464
1101,台泥,29,8,21,大昌-新店,2023-07-14,6464
2812,台中銀,21,0,21,大昌-新店,2023-07-14,6464
5483,中美晶,37,17,20,大昌-新店,2023-07-14,6464
3372,典範,20,0,20,大昌-新店,2023-07-14,6464
2105,正新,19,1,18,大昌-新店,2023-07-14,6464
9907,統一實,18,0,18,大昌-新店,2023-07-14,6464
3017,奇鋐,34,16,18,大昌-新店,2023-07-14,6464
6120,達運,37,20,17,大昌-新店,2023-07-14,6464
00725B,國泰投資級公司債,17,0,17,大昌-新店,2023-07-14,6464
2634,漢翔,22,6,16,大昌-新店,2023-07-14,6464
3052,夆典,16,0,16,大昌-新店,2023-07-14,6464
8105,凌巨,16,0,16,大昌-新店,2023-07-14,6464
6531,愛普*,17,1,16,大昌-新店,2023-07-14,6464
3673,TPK-KY,16,1,15,大昌-新店,2023-07-14,6464
8092,建暐,16,1,15,大昌-新店,2023-07-14,6464
1471,首利,39,25,14,大昌-新店,2023-07-14,6464
00642U,期元大S＆P石油,14,0,14,大昌-新店,2023-07-14,6464
00772B,中信高評級公司債,28,14,14,大昌-新店,2023-07-14,6464
2883,凱基金,39,25,14,大昌-新店,2023-07-14,6464
3057,喬鼎,14,0,14,大昌-新店,2023-07-14,6464
3062,建漢,18,5,13,大昌-新店,2023-07-14,6464
1718,中纖,23,10,13,大昌-新店,2023-07-14,6464
8076,伍豐,13,0,13,大昌-新店,2023-07-14,6464
1907,永豐餘,13,0,13,大昌-新店,2023-07-14,6464
3058,立德,12,0,12,大昌-新店,2023-07-14,6464
6220,岳豐,12,0,12,大昌-新店,2023-07-14,6464
00929,復華台灣科技優息,210,0,210,大昌-新店,2023-07-17,6464
00632R,元大台灣50反1,169,21,148,大昌-新店,2023-07-17,6464
00719B,元大美債1-3,116,17,99,大昌-新店,2023-07-17,6464
00882,中信中國高股息,90,0,90,大昌-新店,2023-07-17,6464
6806,森崴能源,91,7,84,大昌-新店,2023-07-17,6464
2610,華航,152,71,81,大昌-新店,2023-07-17,6464
2891,中信金,156,94,62,大昌-新店,2023-07-17,6464
2329,華泰,68,18,50,大昌-新店,2023-07-17,6464
2371,大同,215,168,47,大昌-新店,2023-07-17,6464
2382,廣達,95,49,46,大昌-新店,2023-07-17,6464
3037,欣興,64,19,45,大昌-新店,2023-07-17,6464
3059,華晶科,45,3,42,大昌-新店,2023-07-17,6464
2323,中環,73,32,41,大昌-新店,2023-07-17,6464
00927,群益半導體收益,41,0,41,大昌-新店,2023-07-17,6464
2409,友達,66,27,39,大昌-新店,2023-07-17,6464
00664R,國泰臺灣加權反1,39,0,39,大昌-新店,2023-07-17,6464
1402,遠東新,39,0,39,大昌-新店,2023-07-17,6464
2812,台中銀,44,6,38,大昌-新店,2023-07-17,6464
2634,漢翔,51,17,34,大昌-新店,2023-07-17,6464
6190,萬泰科,32,1,31,大昌-新店,2023-07-17,6464
1101,台泥,34,3,31,大昌-新店,2023-07-17,6464
00648R,元大S＆P500反1,30,0,30,大昌-新店,2023-07-17,6464
6235,華孚,28,0,28,大昌-新店,2023-07-17,6464
2449,京元電子,66,39,27,大昌-新店,2023-07-17,6464
2609,陽明,44,19,25,大昌-新店,2023-07-17,6464
5607,遠雄港,24,1,23,大昌-新店,2023-07-17,6464
3710,連展投控,23,0,23,大昌-新店,2023-07-17,6464
3711,日月光投控,23,2,21,大昌-新店,2023-07-17,6464
00722B,群益投資級電信債,21,0,21,大昌-新店,2023-07-17,6464
2337,旺宏,24,4,20,大昌-新店,2023-07-17,6464
6207,雷科,28,8,20,大昌-新店,2023-07-17,6464
1528,恩德,27,7,20,大昌-新店,2023-07-17,6464
00645,富邦日本,20,0,20,大昌-新店,2023-07-17,6464
2349,錸德,30,10,20,大昌-新店,2023-07-17,6464
00673R,期元大S＆P原油反1,20,0,20,大昌-新店,2023-07-17,6464
00665L,富邦�琤肭磪囓�2,20,0,20,大昌-新店,2023-07-17,6464
1319,東陽,20,2,18,大昌-新店,2023-07-17,6464
2352,佳世達,49,31,18,大昌-新店,2023-07-17,6464
3207,耀勝,32,15,17,大昌-新店,2023-07-17,6464
8087,麗升能源,18,1,17,大昌-新店,2023-07-17,6464
1301,台塑,17,0,17,大昌-新店,2023-07-17,6464
5439,高技,22,6,16,大昌-新店,2023-07-17,6464
6111,大宇資,17,1,16,大昌-新店,2023-07-17,6464
4157,太景*-KY,19,3,16,大昌-新店,2023-07-17,6464
8936,國統,25,10,15,大昌-新店,2023-07-17,6464
00679B,元大美債20年,15,0,15,大昌-新店,2023-07-17,6464
1533,車王電,16,1,15,大昌-新店,2023-07-17,6464
2454,聯發科,15,0,15,大昌-新店,2023-07-17,6464
6140,訊達,13,0,13,大昌-新店,2023-07-17,6464
3016,嘉晶,21,8,13,大昌-新店,2023-07-17,6464
00882,中信中國高股息,380,0,380,大昌-新店,2023-07-18,6464
2353,宏��,697,471,226,大昌-新店,2023-07-18,6464
2515,中工,228,21,207,大昌-新店,2023-07-18,6464
2888,新光金,259,62,197,大昌-新店,2023-07-18,6464
2312,金寶,377,181,196,大昌-新店,2023-07-18,6464
3706,神達,392,218,174,大昌-新店,2023-07-18,6464
2340,台亞,138,24,114,大昌-新店,2023-07-18,6464
2356,英業達,512,400,112,大昌-新店,2023-07-18,6464
1312,國喬,100,0,100,大昌-新店,2023-07-18,6464
2324,仁寶,192,93,99,大昌-新店,2023-07-18,6464
00740B,富邦全球投等債,95,0,95,大昌-新店,2023-07-18,6464
6282,康舒,188,93,95,大昌-新店,2023-07-18,6464
2359,所羅門,106,18,88,大昌-新店,2023-07-18,6464
3058,立德,88,3,85,大昌-新店,2023-07-18,6464
2883,凱基金,90,17,73,大昌-新店,2023-07-18,6464
00664R,國泰臺灣加權反1,107,35,72,大昌-新店,2023-07-18,6464
6806,森崴能源,79,17,62,大昌-新店,2023-07-18,6464
00929,復華台灣科技優息,152,93,59,大昌-新店,2023-07-18,6464
00679B,元大美債20年,54,0,54,大昌-新店,2023-07-18,6464
00722B,群益投資級電信債,54,0,54,大昌-新店,2023-07-18,6464
0056,元大高股息,77,25,52,大昌-新店,2023-07-18,6464
6188,廣明,80,27,53,大昌-新店,2023-07-18,6464
00665L,富邦�琤肭磪囓�2,52,0,52,大昌-新店,2023-07-18,6464
2380,虹光,52,10,42,大昌-新店,2023-07-18,6464
2201,裕隆,49,9,40,大昌-新店,2023-07-18,6464
2349,錸德,40,0,40,大昌-新店,2023-07-18,6464
00713,元大台灣高息低波,44,4,40,大昌-新店,2023-07-18,6464
5876,上海商銀,50,11,39,大昌-新店,2023-07-18,6464
3305,昇貿,57,18,39,大昌-新店,2023-07-18,6464
1514,亞力,54,16,38,大昌-新店,2023-07-18,6464
1504,東元,51,14,37,大昌-新店,2023-07-18,6464
2881,富邦金,43,6,37,大昌-新店,2023-07-18,6464
00680L,元大美債20正2,35,0,35,大昌-新店,2023-07-18,6464
6120,達運,38,3,35,大昌-新店,2023-07-18,6464
00859B,群益0-1年美債,35,0,35,大昌-新店,2023-07-18,6464
2328,廣宇,51,16,35,大昌-新店,2023-07-18,6464
2449,京元電子,69,36,33,大昌-新店,2023-07-18,6464
1513,中興電,77,45,32,大昌-新店,2023-07-18,6464
8936,國統,47,17,30,大昌-新店,2023-07-18,6464
2352,佳世達,120,91,29,大昌-新店,2023-07-18,6464
3013,晟銘電,35,6,29,大昌-新店,2023-07-18,6464
5309,系統電,33,6,27,大昌-新店,2023-07-18,6464
1402,遠東新,27,0,27,大昌-新店,2023-07-18,6464
4755,三福化,28,2,26,大昌-新店,2023-07-18,6464
4916,事欣科,33,7,26,大昌-新店,2023-07-18,6464
2609,陽明,99,74,25,大昌-新店,2023-07-18,6464
3260,威剛,27,2,25,大昌-新店,2023-07-18,6464
5608,四維航,31,6,25,大昌-新店,2023-07-18,6464
1905,華紙,28,3,25,大昌-新店,2023-07-18,6464
6116,彩晶,25,1,24,大昌-新店,2023-07-18,6464
3481,群創,212,25,187,大昌-新店,2023-07-19,6464
2303,聯電,128,13,115,大昌-新店,2023-07-19,6464
2329,華泰,279,177,102,大昌-新店,2023-07-19,6464
2331,精英,106,7,99,大昌-新店,2023-07-19,6464
4938,和碩,148,63,85,大昌-新店,2023-07-19,6464
2324,仁寶,201,122,79,大昌-新店,2023-07-19,6464
9941,裕融,77,1,76,大昌-新店,2023-07-19,6464
6220,岳豐,79,6,73,大昌-新店,2023-07-19,6464
2515,中工,124,58,66,大昌-新店,2023-07-19,6464
2337,旺宏,65,0,65,大昌-新店,2023-07-19,6464
3163,波若威,82,20,62,大昌-新店,2023-07-19,6464
2312,金寶,158,99,59,大昌-新店,2023-07-19,6464
2812,台中銀,69,11,58,大昌-新店,2023-07-19,6464
2906,高林,58,0,58,大昌-新店,2023-07-19,6464
2399,映泰,80,24,56,大昌-新店,2023-07-19,6464
00882,中信中國高股息,85,35,50,大昌-新店,2023-07-19,6464
2105,正新,48,2,46,大昌-新店,2023-07-19,6464
00679B,元大美債20年,49,7,42,大昌-新店,2023-07-19,6464
00713,元大台灣高息低波,43,2,41,大昌-新店,2023-07-19,6464
3706,神達,254,217,37,大昌-新店,2023-07-19,6464
5608,四維航,37,0,37,大昌-新店,2023-07-19,6464
3037,欣興,116,81,35,大昌-新店,2023-07-19,6464
2317,鴻海,38,7,31,大昌-新店,2023-07-19,6464
3013,晟銘電,36,5,31,大昌-新店,2023-07-19,6464
5309,系統電,34,3,31,大昌-新店,2023-07-19,6464
00633L,富邦上証正2,40,10,30,大昌-新店,2023-07-19,6464
2201,裕隆,38,9,29,大昌-新店,2023-07-19,6464
1609,大亞,39,11,28,大昌-新店,2023-07-19,6464
3715,定穎投控,48,20,28,大昌-新店,2023-07-19,6464
00865B,國泰US短期公債,28,0,28,大昌-新店,2023-07-19,6464
2603,長榮,41,13,28,大昌-新店,2023-07-19,6464
2029,盛餘,27,0,27,大昌-新店,2023-07-19,6464
2351,順德,27,0,27,大昌-新店,2023-07-19,6464
8046,南電,36,10,26,大昌-新店,2023-07-19,6464
00669R,國泰美國道瓊反1,26,0,26,大昌-新店,2023-07-19,6464
5483,中美晶,33,7,26,大昌-新店,2023-07-19,6464
1402,遠東新,25,0,25,大昌-新店,2023-07-19,6464
5425,台半,39,14,25,大昌-新店,2023-07-19,6464
6202,盛群,25,0,25,大昌-新店,2023-07-19,6464
00665L,富邦�琤肭磪囓�2,34,10,24,大昌-新店,2023-07-19,6464
1618,合機,24,0,24,大昌-新店,2023-07-19,6464
3189,景碩,38,14,24,大昌-新店,2023-07-19,6464
6214,精誠,28,6,22,大昌-新店,2023-07-19,6464
9907,統一實,22,0,22,大昌-新店,2023-07-19,6464
3338,泰碩,36,15,21,大昌-新店,2023-07-19,6464
2838A,聯邦銀甲特,20,0,20,大昌-新店,2023-07-19,6464
00740B,富邦全球投等債,20,0,20,大昌-新店,2023-07-19,6464
1528,恩德,61,41,20,大昌-新店,2023-07-19,6464
1312,國喬,20,0,20,大昌-新店,2023-07-19,6464
2313,華通,47,29,18,大昌-新店,2023-07-19,6464
00632R,元大台灣50反1,465,9,456,大昌-新店,2023-07-20,6464
2303,聯電,252,22,230,大昌-新店,2023-07-20,6464
3037,欣興,142,23,119,大昌-新店,2023-07-20,6464
2382,廣達,248,143,105,大昌-新店,2023-07-20,6464
2419,仲琦,120,27,93,大昌-新店,2023-07-20,6464
1101,台泥,81,2,79,大昌-新店,2023-07-20,6464
6142,友勁,57,0,57,大昌-新店,2023-07-20,6464
2356,英業達,97,41,56,大昌-新店,2023-07-20,6464
5519,隆大,55,0,55,大昌-新店,2023-07-20,6464
00929,復華台灣科技優息,50,0,50,大昌-新店,2023-07-20,6464
5871,中租-KY,46,0,46,大昌-新店,2023-07-20,6464
00679B,元大美債20年,43,7,36,大昌-新店,2023-07-20,6464
2352,佳世達,50,17,33,大昌-新店,2023-07-20,6464
1102,亞泥,35,3,32,大昌-新店,2023-07-20,6464
3289,宜特,36,6,30,大昌-新店,2023-07-20,6464
2634,漢翔,58,30,28,大昌-新店,2023-07-20,6464
2351,順德,31,3,28,大昌-新店,2023-07-20,6464
6282,康舒,75,47,28,大昌-新店,2023-07-20,6464
3710,連展投控,31,3,28,大昌-新店,2023-07-20,6464
2324,仁寶,64,37,27,大昌-新店,2023-07-20,6464
6285,啟��,39,12,27,大昌-新店,2023-07-20,6464
2838A,聯邦銀甲特,27,0,27,大昌-新店,2023-07-20,6464
2312,金寶,40,14,26,大昌-新店,2023-07-20,6464
3715,定穎投控,27,1,26,大昌-新店,2023-07-20,6464
4919,新唐,33,9,24,大昌-新店,2023-07-20,6464
4153,鈺緯,29,5,24,大昌-新店,2023-07-20,6464
4108,懷特,23,0,23,大昌-新店,2023-07-20,6464
4116,明基醫,23,1,22,大昌-新店,2023-07-20,6464
8050,廣積,33,11,22,大昌-新店,2023-07-20,6464
3706,神達,75,53,22,大昌-新店,2023-07-20,6464
6188,廣明,96,75,21,大昌-新店,2023-07-20,6464
3260,威剛,21,0,21,大昌-新店,2023-07-20,6464
00712,復華富時不動產,23,2,21,大昌-新店,2023-07-20,6464
4123,晟德,95,75,20,大昌-新店,2023-07-20,6464
4155,訊映,20,0,20,大昌-新店,2023-07-20,6464
2332,友訊,22,2,20,大昌-新店,2023-07-20,6464
1529,樂事綠能,26,7,19,大昌-新店,2023-07-20,6464
2329,華泰,58,39,19,大昌-新店,2023-07-20,6464
3163,波若威,30,11,19,大昌-新店,2023-07-20,6464
8086,宏捷科,25,7,18,大昌-新店,2023-07-20,6464
2482,連宇,21,6,15,大昌-新店,2023-07-20,6464
00669R,國泰美國道瓊反1,15,0,15,大昌-新店,2023-07-20,6464
4977,眾達-KY,21,7,14,大昌-新店,2023-07-20,6464
6116,彩晶,24,10,14,大昌-新店,2023-07-20,6464
2891,中信金,31,17,14,大昌-新店,2023-07-20,6464
2461,光群雷,26,13,13,大昌-新店,2023-07-20,6464
6150,撼訊,37,24,13,大昌-新店,2023-07-20,6464
4938,和碩,26,13,13,大昌-新店,2023-07-20,6464
2201,裕隆,16,3,13,大昌-新店,2023-07-20,6464
1513,中興電,12,0,12,大昌-新店,2023-07-20,6464
2303,聯電,352,35,317,大昌-新店,2023-07-21,6464
1513,中興電,282,69,213,大昌-新店,2023-07-21,6464
00929,復華台灣科技優息,198,71,127,大昌-新店,2023-07-21,6464
2883,凱基金,106,2,104,大昌-新店,2023-07-21,6464
6116,彩晶,103,5,98,大昌-新店,2023-07-21,6464
3037,欣興,97,23,74,大昌-新店,2023-07-21,6464
1314,中石化,75,2,73,大昌-新店,2023-07-21,6464
2610,華航,135,73,62,大昌-新店,2023-07-21,6464
2634,漢翔,83,27,56,大昌-新店,2023-07-21,6464
1101,台泥,51,3,48,大昌-新店,2023-07-21,6464
2105,正新,47,0,47,大昌-新店,2023-07-21,6464
2313,華通,48,2,46,大昌-新店,2023-07-21,6464
6142,友勁,43,0,43,大昌-新店,2023-07-21,6464
1434,福懋,38,0,38,大昌-新店,2023-07-21,6464
2014,中鴻,37,2,35,大昌-新店,2023-07-21,6464
0050,元大台灣50,47,12,35,大昌-新店,2023-07-21,6464
2609,陽明,49,16,33,大昌-新店,2023-07-21,6464
2330,台積電,42,9,33,大昌-新店,2023-07-21,6464
5425,台半,34,2,32,大昌-新店,2023-07-21,6464
2344,華邦電,52,21,31,大昌-新店,2023-07-21,6464
2515,中工,31,0,31,大昌-新店,2023-07-21,6464
2630,亞航,35,6,29,大昌-新店,2023-07-21,6464
1102,亞泥,30,3,27,大昌-新店,2023-07-21,6464
2603,長榮,44,17,27,大昌-新店,2023-07-21,6464
6015,宏遠證,25,0,25,大昌-新店,2023-07-21,6464
00751B,元大AAA至A公司債,25,1,24,大昌-新店,2023-07-21,6464
2201,裕隆,23,0,23,大昌-新店,2023-07-21,6464
2337,旺宏,28,6,22,大昌-新店,2023-07-21,6464
9945,潤泰新,28,6,22,大昌-新店,2023-07-21,6464
6244,茂迪,22,0,22,大昌-新店,2023-07-21,6464
00679B,元大美債20年,26,5,21,大昌-新店,2023-07-21,6464
1605,華新,36,15,21,大昌-新店,2023-07-21,6464
2317,鴻海,31,11,20,大昌-新店,2023-07-21,6464
2641,正德,20,0,20,大昌-新店,2023-07-21,6464
00930,永豐ESG低碳高息,20,0,20,大昌-新店,2023-07-21,6464
4155,訊映,20,0,20,大昌-新店,2023-07-21,6464
6120,達運,25,7,18,大昌-新店,2023-07-21,6464
5706,鳳凰,47,29,18,大昌-新店,2023-07-21,6464
00881,國泰台灣5G+,25,7,18,大昌-新店,2023-07-21,6464
2454,聯發科,24,6,18,大昌-新店,2023-07-21,6464
2340,台亞,26,9,17,大昌-新店,2023-07-21,6464
9941,裕融,17,0,17,大昌-新店,2023-07-21,6464
2882,國泰金,18,1,17,大昌-新店,2023-07-21,6464
3272,東碩,18,2,16,大昌-新店,2023-07-21,6464
2206,三陽工業,46,30,16,大昌-新店,2023-07-21,6464
2739,寒舍,18,2,16,大昌-新店,2023-07-21,6464
2405,輔信,38,22,16,大昌-新店,2023-07-21,6464
2409,友達,57,42,15,大昌-新店,2023-07-21,6464
6415,矽力*-KY,16,1,15,大昌-新店,2023-07-21,6464
00669R,國泰美國道瓊反1,15,0,15,大昌-新店,2023-07-21,6464
00679B,元大美債20年,207,7,200,大昌-新店,2023-07-24,6464
3481,群創,224,30,194,大昌-新店,2023-07-24,6464
2887,台新金,186,2,184,大昌-新店,2023-07-24,6464
6188,廣明,218,79,139,大昌-新店,2023-07-24,6464
00878,國泰永續高股息,357,231,126,大昌-新店,2023-07-24,6464
2419,仲琦,108,10,98,大昌-新店,2023-07-24,6464
2880,華南金,60,0,60,大昌-新店,2023-07-24,6464
2340,台亞,76,17,59,大昌-新店,2023-07-24,6464
2515,中工,74,25,49,大昌-新店,2023-07-24,6464
1504,東元,87,41,46,大昌-新店,2023-07-24,6464
00887,永豐中國科技50大,62,20,42,大昌-新店,2023-07-24,6464
2337,旺宏,42,2,40,大昌-新店,2023-07-24,6464
2330,台積電,48,8,40,大昌-新店,2023-07-24,6464
3231,緯創,64,27,37,大昌-新店,2023-07-24,6464
00652,富邦印度,35,0,35,大昌-新店,2023-07-24,6464
1795,美時,67,32,35,大昌-新店,2023-07-24,6464
3013,晟銘電,64,30,34,大昌-新店,2023-07-24,6464
2303,聯電,55,23,32,大昌-新店,2023-07-24,6464
1102,亞泥,32,0,32,大昌-新店,2023-07-24,6464
1402,遠東新,31,0,31,大昌-新店,2023-07-24,6464
2405,輔信,42,11,31,大昌-新店,2023-07-24,6464
2535,達欣工,30,0,30,大昌-新店,2023-07-24,6464
2897,王道銀行,30,0,30,大昌-新店,2023-07-24,6464
6217,中探針,30,1,29,大昌-新店,2023-07-24,6464
5425,台半,32,4,28,大昌-新店,2023-07-24,6464
6190,萬泰科,28,1,27,大昌-新店,2023-07-24,6464
00665L,富邦�琤肭磪囓�2,26,0,26,大昌-新店,2023-07-24,6464
2461,光群雷,29,3,26,大昌-新店,2023-07-24,6464
3078,僑威,41,17,24,大昌-新店,2023-07-24,6464
2890,永豐金,23,0,23,大昌-新店,2023-07-24,6464
2421,建準,50,28,22,大昌-新店,2023-07-24,6464
2301,光寶科,85,64,21,大昌-新店,2023-07-24,6464
3338,泰碩,43,23,20,大昌-新店,2023-07-24,6464
5452,佶優,22,2,20,大昌-新店,2023-07-24,6464
2038,海光,20,0,20,大昌-新店,2023-07-24,6464
00865B,國泰US短期公債,20,0,20,大昌-新店,2023-07-24,6464
00706L,期元大S＆P日圓正2,20,0,20,大昌-新店,2023-07-24,6464
2317,鴻海,26,7,19,大昌-新店,2023-07-24,6464
2812,台中銀,19,0,19,大昌-新店,2023-07-24,6464
2331,精英,21,2,19,大昌-新店,2023-07-24,6464
1314,中石化,23,5,18,大昌-新店,2023-07-24,6464
2606,裕民,19,1,18,大昌-新店,2023-07-24,6464
00642U,期元大S＆P石油,22,5,17,大昌-新店,2023-07-24,6464
2344,華邦電,24,7,17,大昌-新店,2023-07-24,6464
2609,陽明,29,12,17,大昌-新店,2023-07-24,6464
6415,矽力*-KY,17,0,17,大昌-新店,2023-07-24,6464
5258,虹堡,39,22,17,大昌-新店,2023-07-24,6464
2368,金像電,28,12,16,大昌-新店,2023-07-24,6464
2489,瑞軒,16,0,16,大昌-新店,2023-07-24,6464
2834,臺企銀,17,1,16,大昌-新店,2023-07-24,6464
00679B,元大美債20年,242,2,240,大昌-新店,2023-07-25,6464
6188,廣明,270,142,128,大昌-新店,2023-07-25,6464
00929,復華台灣科技優息,151,57,94,大昌-新店,2023-07-25,6464
3231,緯創,109,28,81,大昌-新店,2023-07-25,6464
5475,德宏,80,3,77,大昌-新店,2023-07-25,6464
2023,燁輝,73,0,73,大昌-新店,2023-07-25,6464
1905,華紙,94,39,55,大昌-新店,2023-07-25,6464
2455,全新,59,5,54,大昌-新店,2023-07-25,6464
2312,金寶,75,21,54,大昌-新店,2023-07-25,6464
3481,群創,72,29,43,大昌-新店,2023-07-25,6464
6116,彩晶,49,6,43,大昌-新店,2023-07-25,6464
00673R,期元大S＆P原油反1,42,0,42,大昌-新店,2023-07-25,6464
2458,義隆,46,4,42,大昌-新店,2023-07-25,6464
2609,陽明,53,12,41,大昌-新店,2023-07-25,6464
2382,廣達,190,150,40,大昌-新店,2023-07-25,6464
1717,長興,40,0,40,大昌-新店,2023-07-25,6464
2610,華航,108,69,39,大昌-新店,2023-07-25,6464
2356,英業達,108,69,39,大昌-新店,2023-07-25,6464
2201,裕隆,48,10,38,大昌-新店,2023-07-25,6464
3706,神達,70,34,36,大昌-新店,2023-07-25,6464
00862B,中信投資級公司債,36,0,36,大昌-新店,2023-07-25,6464
2887,台新金,54,22,32,大昌-新店,2023-07-25,6464
2838A,聯邦銀甲特,30,0,30,大昌-新店,2023-07-25,6464
00676R,富邦臺灣加權反1,30,0,30,大昌-新店,2023-07-25,6464
2617,台航,30,1,29,大昌-新店,2023-07-25,6464
3694,海華,29,0,29,大昌-新店,2023-07-25,6464
3037,欣興,150,122,28,大昌-新店,2023-07-25,6464
6282,康舒,58,31,27,大昌-新店,2023-07-25,6464
6125,廣運,53,27,26,大昌-新店,2023-07-25,6464
00740B,富邦全球投等債,25,0,25,大昌-新店,2023-07-25,6464
2027,大成鋼,27,2,25,大昌-新店,2023-07-25,6464
1603,華電,24,2,22,大昌-新店,2023-07-25,6464
00712,復華富時不動產,23,1,22,大昌-新店,2023-07-25,6464
2408,南亞科,25,5,20,大昌-新店,2023-07-25,6464
3189,景碩,23,3,20,大昌-新店,2023-07-25,6464
00888,永豐台灣ESG,20,0,20,大昌-新店,2023-07-25,6464
2851,中再保,20,0,20,大昌-新店,2023-07-25,6464
3710,連展投控,20,0,20,大昌-新店,2023-07-25,6464
2449,京元電子,29,10,19,大昌-新店,2023-07-25,6464
2376,技嘉,49,30,19,大昌-新店,2023-07-25,6464
3324,雙鴻,34,16,18,大昌-新店,2023-07-25,6464
1402,遠東新,18,1,17,大昌-新店,2023-07-25,6464
1605,華新,43,26,17,大昌-新店,2023-07-25,6464
8155,博智,19,2,17,大昌-新店,2023-07-25,6464
1815,富喬,34,18,16,大昌-新店,2023-07-25,6464
6231,系微,19,3,16,大昌-新店,2023-07-25,6464
8033,雷虎,15,0,15,大昌-新店,2023-07-25,6464
6111,大宇資,18,3,15,大昌-新店,2023-07-25,6464
2630,亞航,21,7,14,大昌-新店,2023-07-25,6464
3078,僑威,15,2,13,大昌-新店,2023-07-25,6464
5469,瀚宇博,163,6,157,大昌-新店,2023-07-26,6464
1504,東元,207,83,124,大昌-新店,2023-07-26,6464
8358,金居,159,51,108,大昌-新店,2023-07-26,6464
2377,微星,120,18,102,大昌-新店,2023-07-26,6464
2845,遠東銀,100,3,97,大昌-新店,2023-07-26,6464
2329,華泰,250,157,93,大昌-新店,2023-07-26,6464
2834,臺企銀,100,14,86,大昌-新店,2023-07-26,6464
2880,華南金,82,1,81,大昌-新店,2023-07-26,6464
6026,福邦證,61,0,61,大昌-新店,2023-07-26,6464
00919,群益台灣精選高息,54,0,54,大昌-新店,2023-07-26,6464
00679B,元大美債20年,56,2,54,大昌-新店,2023-07-26,6464
00687B,國泰20年美債,53,0,53,大昌-新店,2023-07-26,6464
1609,大亞,58,6,52,大昌-新店,2023-07-26,6464
2617,台航,51,0,51,大昌-新店,2023-07-26,6464
6125,廣運,57,7,50,大昌-新店,2023-07-26,6464
2317,鴻海,80,31,49,大昌-新店,2023-07-26,6464
2399,映泰,61,13,48,大昌-新店,2023-07-26,6464
2892,第一金,50,8,42,大昌-新店,2023-07-26,6464
6274,台燿,80,46,34,大昌-新店,2023-07-26,6464
9105,泰金寶-DR,33,0,33,大昌-新店,2023-07-26,6464
00673R,期元大S＆P原油反1,31,0,31,大昌-新店,2023-07-26,6464
2887,台新金,53,22,31,大昌-新店,2023-07-26,6464
2838A,聯邦銀甲特,29,0,29,大昌-新店,2023-07-26,6464
2354,鴻準,36,8,28,大昌-新店,2023-07-26,6464
3234,光環,32,5,27,大昌-新店,2023-07-26,6464
0056,元大高股息,63,38,25,大昌-新店,2023-07-26,6464
1618,合機,43,20,23,大昌-新店,2023-07-26,6464
2337,旺宏,31,8,23,大昌-新店,2023-07-26,6464
3231,緯創,68,46,22,大昌-新店,2023-07-26,6464
3071,協禧,23,2,21,大昌-新店,2023-07-26,6464
2359,所羅門,42,21,21,大昌-新店,2023-07-26,6464
6282,康舒,46,25,21,大昌-新店,2023-07-26,6464
4726,永昕,25,5,20,大昌-新店,2023-07-26,6464
3059,華晶科,38,18,20,大昌-新店,2023-07-26,6464
2371,大同,34,15,19,大昌-新店,2023-07-26,6464
2344,華邦電,19,2,17,大昌-新店,2023-07-26,6464
4916,事欣科,58,41,17,大昌-新店,2023-07-26,6464
1605,華新,31,14,17,大昌-新店,2023-07-26,6464
2867,三商壽,17,0,17,大昌-新店,2023-07-26,6464
6691,洋基工程,16,0,16,大昌-新店,2023-07-26,6464
3710,連展投控,15,0,15,大昌-新店,2023-07-26,6464
3005,神基,15,0,15,大昌-新店,2023-07-26,6464
8390,金益鼎,23,8,15,大昌-新店,2023-07-26,6464
1513,中興電,24,10,14,大昌-新店,2023-07-26,6464
1905,華紙,42,28,14,大昌-新店,2023-07-26,6464
2460,建通,14,0,14,大昌-新店,2023-07-26,6464
6275,元山,17,3,14,大昌-新店,2023-07-26,6464
6111,大宇資,16,2,14,大昌-新店,2023-07-26,6464
3044,健鼎,25,11,14,大昌-新店,2023-07-26,6464
2449,京元電子,20,7,13,大昌-新店,2023-07-26,6464
2888,新光金,1240,592,648,大昌-新店,2023-07-27,6464
2409,友達,1137,922,215,大昌-新店,2023-07-27,6464
2002,中鋼,168,1,167,大昌-新店,2023-07-27,6464
2027,大成鋼,137,20,117,大昌-新店,2023-07-27,6464
2884,玉山金,145,57,88,大昌-新店,2023-07-27,6464
00632R,元大台灣50反1,63,1,62,大昌-新店,2023-07-27,6464
3037,欣興,129,73,56,大昌-新店,2023-07-27,6464
2887,台新金,75,20,55,大昌-新店,2023-07-27,6464
1609,大亞,59,8,51,大昌-新店,2023-07-27,6464
8271,宇瞻,55,4,51,大昌-新店,2023-07-27,6464
00878,國泰永續高股息,69,19,50,大昌-新店,2023-07-27,6464
00679B,元大美債20年,49,0,49,大昌-新店,2023-07-27,6464
2324,仁寶,54,5,49,大昌-新店,2023-07-27,6464
1513,中興電,67,19,48,大昌-新店,2023-07-27,6464
3078,僑威,75,35,40,大昌-新店,2023-07-27,6464
00687B,國泰20年美債,39,0,39,大昌-新店,2023-07-27,6464
2340,台亞,63,24,39,大昌-新店,2023-07-27,6464
2356,英業達,48,13,35,大昌-新店,2023-07-27,6464
6015,宏遠證,42,9,33,大昌-新店,2023-07-27,6464
3051,力特,31,1,30,大昌-新店,2023-07-27,6464
6751,智聯服務,26,0,26,大昌-新店,2023-07-27,6464
8358,金居,86,62,24,大昌-新店,2023-07-27,6464
2425,承啟,29,6,23,大昌-新店,2023-07-27,6464
1313,聯成,80,57,23,大昌-新店,2023-07-27,6464
00673R,期元大S＆P原油反1,22,0,22,大昌-新店,2023-07-27,6464
8028,昇陽半導體,26,4,22,大昌-新店,2023-07-27,6464
2851,中再保,20,0,20,大昌-新店,2023-07-27,6464
6026,福邦證,20,0,20,大昌-新店,2023-07-27,6464
00680L,元大美債20正2,20,0,20,大昌-新店,2023-07-27,6464
1711,永光,27,8,19,大昌-新店,2023-07-27,6464
2405,輔信,44,25,19,大昌-新店,2023-07-27,6464
2301,光寶科,59,40,19,大昌-新店,2023-07-27,6464
2009,第一銅,20,2,18,大昌-新店,2023-07-27,6464
2606,裕民,29,11,18,大昌-新店,2023-07-27,6464
3706,神達,26,11,15,大昌-新店,2023-07-27,6464
2377,微星,18,3,15,大昌-新店,2023-07-27,6464
8234,新漢,20,5,15,大昌-新店,2023-07-27,6464
4938,和碩,20,5,15,大昌-新店,2023-07-27,6464
2382,廣達,117,103,14,大昌-新店,2023-07-27,6464
00795B,中信美國公債20年,14,0,14,大昌-新店,2023-07-27,6464
3693,營邦,20,7,13,大昌-新店,2023-07-27,6464
6282,康舒,96,83,13,大昌-新店,2023-07-27,6464
3044,健鼎,31,19,12,大昌-新店,2023-07-27,6464
2412,中華電,12,0,12,大昌-新店,2023-07-27,6464
4934,太極,12,0,12,大昌-新店,2023-07-27,6464
6148,驊宏資,34,23,11,大昌-新店,2023-07-27,6464
2867,三商壽,11,0,11,大昌-新店,2023-07-27,6464
2609,陽明,90,79,11,大昌-新店,2023-07-27,6464
6111,大宇資,12,1,11,大昌-新店,2023-07-27,6464
8926,台汽電,12,1,11,大昌-新店,2023-07-27,6464
00679B,元大美債20年,475,4,471,大昌-新店,2023-07-28,6464
00740B,富邦全球投等債,160,0,160,大昌-新店,2023-07-28,6464
00687B,國泰20年美債,153,0,153,大昌-新店,2023-07-28,6464
00680L,元大美債20正2,146,0,146,大昌-新店,2023-07-28,6464
4960,誠美材,100,7,93,大昌-新店,2023-07-28,6464
2002,中鋼,93,2,91,大昌-新店,2023-07-28,6464
2867,三商壽,83,0,83,大昌-新店,2023-07-28,6464
1314,中石化,83,1,82,大昌-新店,2023-07-28,6464
2382,廣達,178,110,68,大昌-新店,2023-07-28,6464
2834,臺企銀,63,0,63,大昌-新店,2023-07-28,6464
2369,菱生,74,11,63,大昌-新店,2023-07-28,6464
00645,富邦日本,60,0,60,大昌-新店,2023-07-28,6464
00919,群益台灣精選高息,64,5,59,大昌-新店,2023-07-28,6464
2027,大成鋼,110,55,55,大昌-新店,2023-07-28,6464
9945,潤泰新,54,0,54,大昌-新店,2023-07-28,6464
00795B,中信美國公債20年,50,0,50,大昌-新店,2023-07-28,6464
1904,正隆,67,18,49,大昌-新店,2023-07-28,6464
00878,國泰永續高股息,126,79,47,大昌-新店,2023-07-28,6464
3231,緯創,142,97,45,大昌-新店,2023-07-28,6464
1609,大亞,57,13,44,大昌-新店,2023-07-28,6464
2356,英業達,73,32,41,大昌-新店,2023-07-28,6464
2349,錸德,41,0,41,大昌-新店,2023-07-28,6464
6182,合晶,40,0,40,大昌-新店,2023-07-28,6464
2605,新興,49,9,40,大昌-新店,2023-07-28,6464
00751B,元大AAA至A公司債,39,0,39,大昌-新店,2023-07-28,6464
00688L,國泰20年美債正2,55,18,37,大昌-新店,2023-07-28,6464
3710,連展投控,37,1,36,大昌-新店,2023-07-28,6464
9907,統一實,36,0,36,大昌-新店,2023-07-28,6464
00673R,期元大S＆P原油反1,41,10,31,大昌-新店,2023-07-28,6464
00857B,永豐20年美公債,30,0,30,大昌-新店,2023-07-28,6464
2913,農林,57,29,28,大昌-新店,2023-07-28,6464
2329,華泰,157,131,26,大昌-新店,2023-07-28,6464
2323,中環,30,4,26,大昌-新店,2023-07-28,6464
1316,上曜,25,0,25,大昌-新店,2023-07-28,6464
00722B,群益投資級電信債,25,0,25,大昌-新店,2023-07-28,6464
2104,國際中橡,25,0,25,大昌-新店,2023-07-28,6464
2883,凱基金,44,19,25,大昌-新店,2023-07-28,6464
2317,鴻海,38,13,25,大昌-新店,2023-07-28,6464
5608,四維航,24,0,24,大昌-新店,2023-07-28,6464
1907,永豐餘,35,11,24,大昌-新店,2023-07-28,6464
3032,偉訓,24,0,24,大昌-新店,2023-07-28,6464
1504,東元,51,28,23,大昌-新店,2023-07-28,6464
1313,聯成,24,1,23,大昌-新店,2023-07-28,6464
1618,合機,26,3,23,大昌-新店,2023-07-28,6464
2897,王道銀行,21,0,21,大昌-新店,2023-07-28,6464
00720B,元大投資級公司債,27,7,20,大昌-新店,2023-07-28,6464
00665L,富邦�琤肭磪囓�2,50,30,20,大昌-新店,2023-07-28,6464
1570,力肯,20,0,20,大昌-新店,2023-07-28,6464
2105,正新,20,0,20,大昌-新店,2023-07-28,6464
1471,首利,25,5,20,大昌-新店,2023-07-28,6464
2883,凱基金,205,4,201,大昌-新店,2023-07-31,6464
2409,友達,319,149,170,大昌-新店,2023-07-31,6464
2897,王道銀行,120,0,120,大昌-新店,2023-07-31,6464
2329,華泰,240,145,95,大昌-新店,2023-07-31,6464
2324,仁寶,129,40,89,大昌-新店,2023-07-31,6464
2002,中鋼,93,6,87,大昌-新店,2023-07-31,6464
6176,瑞儀,89,18,71,大昌-新店,2023-07-31,6464
00878,國泰永續高股息,238,169,69,大昌-新店,2023-07-31,6464
6116,彩晶,76,15,61,大昌-新店,2023-07-31,6464
00665L,富邦�琤肭磪囓�2,59,0,59,大昌-新店,2023-07-31,6464
2867,三商壽,61,5,56,大昌-新店,2023-07-31,6464
3163,波若威,62,9,53,大昌-新店,2023-07-31,6464
2888,新光金,1144,1093,51,大昌-新店,2023-07-31,6464
2474,可成,52,2,50,大昌-新店,2023-07-31,6464
00706L,期元大S＆P日圓正2,50,0,50,大昌-新店,2023-07-31,6464
5475,德宏,50,1,49,大昌-新店,2023-07-31,6464
00637L,元大滬深300正2,155,109,46,大昌-新店,2023-07-31,6464
00679B,元大美債20年,87,43,44,大昌-新店,2023-07-31,6464
00929,復華台灣科技優息,70,27,43,大昌-新店,2023-07-31,6464
1316,上曜,46,3,43,大昌-新店,2023-07-31,6464
6188,廣明,63,20,43,大昌-新店,2023-07-31,6464
2301,光寶科,200,160,40,大昌-新店,2023-07-31,6464
2603,長榮,62,22,40,大昌-新店,2023-07-31,6464
2812,台中銀,41,1,40,大昌-新店,2023-07-31,6464
2457,飛宏,48,9,39,大昌-新店,2023-07-31,6464
2317,鴻海,53,15,38,大昌-新店,2023-07-31,6464
1809,中釉,42,4,38,大昌-新店,2023-07-31,6464
3005,神基,38,3,35,大昌-新店,2023-07-31,6464
2801,彰銀,42,9,33,大昌-新店,2023-07-31,6464
2356,英業達,73,41,32,大昌-新店,2023-07-31,6464
2609,陽明,49,19,30,大昌-新店,2023-07-31,6464
3714,富采,30,0,30,大昌-新店,2023-07-31,6464
3037,欣興,45,17,28,大昌-新店,2023-07-31,6464
2834,臺企銀,38,12,26,大昌-新店,2023-07-31,6464
9907,統一實,25,0,25,大昌-新店,2023-07-31,6464
8105,凌巨,26,1,25,大昌-新店,2023-07-31,6464
1504,東元,50,25,25,大昌-新店,2023-07-31,6464
2425,承啟,40,15,25,大昌-新店,2023-07-31,6464
2376,技嘉,44,19,25,大昌-新店,2023-07-31,6464
6274,台燿,72,48,24,大昌-新店,2023-07-31,6464
9927,泰銘,28,4,24,大昌-新店,2023-07-31,6464
4906,正文,33,10,23,大昌-新店,2023-07-31,6464
6190,萬泰科,28,7,21,大昌-新店,2023-07-31,6464
2208,台船,21,0,21,大昌-新店,2023-07-31,6464
6111,大宇資,21,1,20,大昌-新店,2023-07-31,6464
3033,威健,20,1,19,大昌-新店,2023-07-31,6464
3663,鑫科,21,2,19,大昌-新店,2023-07-31,6464
6217,中探針,27,8,19,大昌-新店,2023-07-31,6464
6125,廣運,51,32,19,大昌-新店,2023-07-31,6464
1319,東陽,33,15,18,大昌-新店,2023-07-31,6464
2363,矽統,202,94,108,大昌-新店,2023-08-01,6464
00665L,富邦�琤肭磪囓�2,93,1,92,大昌-新店,2023-08-01,6464
2801,彰銀,82,0,82,大昌-新店,2023-08-01,6464
2313,華通,82,4,78,大昌-新店,2023-08-01,6464
00919,群益台灣精選高息,68,0,68,大昌-新店,2023-08-01,6464
6282,康舒,132,64,68,大昌-新店,2023-08-01,6464
00679B,元大美債20年,76,12,64,大昌-新店,2023-08-01,6464
00645,富邦日本,61,0,61,大昌-新店,2023-08-01,6464
2606,裕民,56,3,53,大昌-新店,2023-08-01,6464
00725B,國泰投資級公司債,54,2,52,大昌-新店,2023-08-01,6464
00715L,期街口布蘭特正2,51,0,51,大昌-新店,2023-08-01,6464
2105,正新,48,1,47,大昌-新店,2023-08-01,6464
00706L,期元大S＆P日圓正2,46,0,46,大昌-新店,2023-08-01,6464
2344,華邦電,49,6,43,大昌-新店,2023-08-01,6464
3049,精金,40,0,40,大昌-新店,2023-08-01,6464
00673R,期元大S＆P原油反1,39,0,39,大昌-新店,2023-08-01,6464
1815,富喬,41,2,39,大昌-新店,2023-08-01,6464
00923,群益台ESG低碳50,36,0,36,大昌-新店,2023-08-01,6464
3029,零壹,41,5,36,大昌-新店,2023-08-01,6464
2312,金寶,38,5,33,大昌-新店,2023-08-01,6464
00650L,復華香港正2,34,2,32,大昌-新店,2023-08-01,6464
1313,聯成,53,21,32,大昌-新店,2023-08-01,6464
2515,中工,34,2,32,大昌-新店,2023-08-01,6464
2308,台達電,45,14,31,大昌-新店,2023-08-01,6464
1802,台玻,72,42,30,大昌-新店,2023-08-01,6464
2913,農林,103,73,30,大昌-新店,2023-08-01,6464
9907,統一實,40,11,29,大昌-新店,2023-08-01,6464
3105,穩懋,30,2,28,大昌-新店,2023-08-01,6464
00637L,元大滬深300正2,43,15,28,大昌-新店,2023-08-01,6464
4919,新唐,35,9,26,大昌-新店,2023-08-01,6464
3234,光環,25,0,25,大昌-新店,2023-08-01,6464
4123,晟德,25,0,25,大昌-新店,2023-08-01,6464
2634,漢翔,38,17,21,大昌-新店,2023-08-01,6464
6443,元晶,22,1,21,大昌-新店,2023-08-01,6464
1569,濱川,20,0,20,大昌-新店,2023-08-01,6464
3346,麗清,27,7,20,大昌-新店,2023-08-01,6464
00857B,永豐20年美公債,20,0,20,大昌-新店,2023-08-01,6464
6177,達麗,20,0,20,大昌-新店,2023-08-01,6464
3005,神基,21,2,19,大昌-新店,2023-08-01,6464
2455,全新,27,8,19,大昌-新店,2023-08-01,6464
3715,定穎投控,20,2,18,大昌-新店,2023-08-01,6464
2637,慧洋-KY,20,3,17,大昌-新店,2023-08-01,6464
00882,中信中國高股息,19,2,17,大昌-新店,2023-08-01,6464
1905,華紙,51,34,17,大昌-新店,2023-08-01,6464
00753L,中信中國50正2,43,26,17,大昌-新店,2023-08-01,6464
3693,營邦,29,13,16,大昌-新店,2023-08-01,6464
4916,事欣科,20,4,16,大昌-新店,2023-08-01,6464
6218,豪勉,18,3,15,大昌-新店,2023-08-01,6464
2027,大成鋼,16,2,14,大昌-新店,2023-08-01,6464
8358,金居,22,8,14,大昌-新店,2023-08-01,6464
3481,群創,435,34,401,大昌-新店,2023-08-02,6464
00878,國泰永續高股息,418,175,243,大昌-新店,2023-08-02,6464
00687B,國泰20年美債,201,0,201,大昌-新店,2023-08-02,6464
2801,彰銀,158,9,149,大昌-新店,2023-08-02,6464
00929,復華台灣科技優息,158,19,139,大昌-新店,2023-08-02,6464
00665L,富邦�琤肭磪囓�2,148,20,128,大昌-新店,2023-08-02,6464
00923,群益台ESG低碳50,136,10,126,大昌-新店,2023-08-02,6464
2897,王道銀行,115,0,115,大昌-新店,2023-08-02,6464
00679B,元大美債20年,114,2,112,大昌-新店,2023-08-02,6464
6142,友勁,102,0,102,大昌-新店,2023-08-02,6464
6282,康舒,162,62,100,大昌-新店,2023-08-02,6464
00669R,國泰美國道瓊反1,95,0,95,大昌-新店,2023-08-02,6464
0056,元大高股息,148,54,94,大昌-新店,2023-08-02,6464
00631L,元大台灣50正2,82,0,82,大昌-新店,2023-08-02,6464
3682,亞太電,75,0,75,大昌-新店,2023-08-02,6464
00695B,富邦美債7-10,72,0,72,大昌-新店,2023-08-02,6464
00697B,元大美債7-10,70,0,70,大昌-新店,2023-08-02,6464
00696B,富邦美債20年,63,0,63,大昌-新店,2023-08-02,6464
2402,毅嘉,112,53,59,大昌-新店,2023-08-02,6464
3259,鑫創,63,6,57,大昌-新店,2023-08-02,6464
2892,第一金,52,0,52,大昌-新店,2023-08-02,6464
2489,瑞軒,52,0,52,大昌-新店,2023-08-02,6464
2002,中鋼,53,3,50,大昌-新店,2023-08-02,6464
3033,威健,59,11,48,大昌-新店,2023-08-02,6464
00900,富邦特選高股息30,63,15,48,大昌-新店,2023-08-02,6464
00773B,中信優先金融債,47,1,46,大昌-新店,2023-08-02,6464
3037,欣興,72,28,44,大昌-新店,2023-08-02,6464
2883,凱基金,51,13,38,大昌-新店,2023-08-02,6464
00673R,期元大S＆P原油反1,35,0,35,大昌-新店,2023-08-02,6464
4919,新唐,42,8,34,大昌-新店,2023-08-02,6464
2618,長榮航,62,29,33,大昌-新店,2023-08-02,6464
1802,台玻,59,26,33,大昌-新店,2023-08-02,6464
6116,彩晶,44,12,32,大昌-新店,2023-08-02,6464
00753L,中信中國50正2,32,1,31,大昌-新店,2023-08-02,6464
1101,台泥,46,15,31,大昌-新店,2023-08-02,6464
00712,復華富時不動產,31,1,30,大昌-新店,2023-08-02,6464
3051,力特,30,0,30,大昌-新店,2023-08-02,6464
6274,台燿,55,26,29,大昌-新店,2023-08-02,6464
2349,錸德,28,0,28,大昌-新店,2023-08-02,6464
0050,元大台灣50,26,0,26,大昌-新店,2023-08-02,6464
2344,華邦電,56,30,26,大昌-新店,2023-08-02,6464
2882,國泰金,41,16,25,大昌-新店,2023-08-02,6464
2888,新光金,38,13,25,大昌-新店,2023-08-02,6464
00857B,永豐20年美公債,23,0,23,大昌-新店,2023-08-02,6464
3058,立德,23,0,23,大昌-新店,2023-08-02,6464
4155,訊映,23,0,23,大昌-新店,2023-08-02,6464
2812,台中銀,34,11,23,大昌-新店,2023-08-02,6464
2308,台達電,30,8,22,大昌-新店,2023-08-02,6464
1517,利奇,23,1,22,大昌-新店,2023-08-02,6464
4958,臻鼎-KY,22,0,22,大昌-新店,2023-08-02,6464
00680L,元大美債20正2,579,5,574,大昌-新店,2023-08-04,6464
00720B,元大投資級公司債,356,1,355,大昌-新店,2023-08-04,6464
00679B,元大美債20年,282,9,273,大昌-新店,2023-08-04,6464
2801,彰銀,143,2,141,大昌-新店,2023-08-04,6464
00687B,國泰20年美債,129,0,129,大昌-新店,2023-08-04,6464
2344,華邦電,147,21,126,大昌-新店,2023-08-04,6464
00929,復華台灣科技優息,110,10,100,大昌-新店,2023-08-04,6464
1605,華新,106,32,74,大昌-新店,2023-08-04,6464
2891,中信金,68,1,67,大昌-新店,2023-08-04,6464
00696B,富邦美債20年,66,0,66,大昌-新店,2023-08-04,6464
00772B,中信高評級公司債,67,1,66,大昌-新店,2023-08-04,6464
00900,富邦特選高股息30,63,5,58,大昌-新店,2023-08-04,6464
00695B,富邦美債7-10,58,0,58,大昌-新店,2023-08-04,6464
00665L,富邦�琤肭磪囓�2,58,0,58,大昌-新店,2023-08-04,6464
2892,第一金,57,0,57,大昌-新店,2023-08-04,6464
2897,王道銀行,57,0,57,大昌-新店,2023-08-04,6464
6152,百一,57,0,57,大昌-新店,2023-08-04,6464
00697B,元大美債7-10,56,0,56,大昌-新店,2023-08-04,6464
00881,國泰台灣5G+,57,5,52,大昌-新店,2023-08-04,6464
00751B,元大AAA至A公司債,51,0,51,大昌-新店,2023-08-04,6464
6443,元晶,49,1,48,大昌-新店,2023-08-04,6464
1609,大亞,64,17,47,大昌-新店,2023-08-04,6464
2330,台積電,54,8,46,大昌-新店,2023-08-04,6464
00722B,群益投資級電信債,42,0,42,大昌-新店,2023-08-04,6464
1471,首利,44,2,42,大昌-新店,2023-08-04,6464
3213,茂訊,42,2,40,大昌-新店,2023-08-04,6464
00645,富邦日本,40,0,40,大昌-新店,2023-08-04,6464
1608,華榮,43,3,40,大昌-新店,2023-08-04,6464
2883,凱基金,50,11,39,大昌-新店,2023-08-04,6464
00688L,國泰20年美債正2,38,0,38,大昌-新店,2023-08-04,6464
00652,富邦印度,37,0,37,大昌-新店,2023-08-04,6464
2401,凌陽,47,10,37,大昌-新店,2023-08-04,6464
6188,廣明,54,18,36,大昌-新店,2023-08-04,6464
00673R,期元大S＆P原油反1,41,8,33,大昌-新店,2023-08-04,6464
2913,農林,74,42,32,大昌-新店,2023-08-04,6464
2356,英業達,122,92,30,大昌-新店,2023-08-04,6464
00862B,中信投資級公司債,30,0,30,大昌-新店,2023-08-04,6464
1216,統一,31,2,29,大昌-新店,2023-08-04,6464
2027,大成鋼,27,1,26,大昌-新店,2023-08-04,6464
2610,華航,37,11,26,大昌-新店,2023-08-04,6464
2105,正新,25,0,25,大昌-新店,2023-08-04,6464
00664R,國泰臺灣加權反1,27,5,22,大昌-新店,2023-08-04,6464
6531,愛普*,29,7,22,大昌-新店,2023-08-04,6464
3325,旭品,27,6,21,大昌-新店,2023-08-04,6464
8215,明基材,22,1,21,大昌-新店,2023-08-04,6464
00706L,期元大S＆P日圓正2,20,0,20,大昌-新店,2023-08-04,6464
00923,群益台ESG低碳50,19,0,19,大昌-新店,2023-08-04,6464
3163,波若威,45,28,17,大昌-新店,2023-08-04,6464
00712,復華富時不動產,23,6,17,大昌-新店,2023-08-04,6464
2890,永豐金,19,2,17,大昌-新店,2023-08-04,6464
2409,友達,152,8,144,大昌-新店,2023-08-07,6464
00859B,群益0-1年美債,120,0,120,大昌-新店,2023-08-07,6464
00929,復華台灣科技優息,208,88,120,大昌-新店,2023-08-07,6464
2382,廣達,251,149,102,大昌-新店,2023-08-07,6464
00865B,國泰US短期公債,100,0,100,大昌-新店,2023-08-07,6464
2312,金寶,107,10,97,大昌-新店,2023-08-07,6464
3024,憶聲,95,0,95,大昌-新店,2023-08-07,6464
2317,鴻海,97,9,88,大昌-新店,2023-08-07,6464
00878,國泰永續高股息,197,115,82,大昌-新店,2023-08-07,6464
1314,中石化,84,6,78,大昌-新店,2023-08-07,6464
3013,晟銘電,82,12,70,大昌-新店,2023-08-07,6464
4167,松瑞藥,86,16,70,大昌-新店,2023-08-07,6464
2913,農林,83,15,68,大昌-新店,2023-08-07,6464
00632R,元大台灣50反1,93,30,63,大昌-新店,2023-08-07,6464
00637L,元大滬深300正2,64,9,55,大昌-新店,2023-08-07,6464
1310,台苯,51,0,51,大昌-新店,2023-08-07,6464
3033,威健,61,11,50,大昌-新店,2023-08-07,6464
3689,湧德,45,3,42,大昌-新店,2023-08-07,6464
4938,和碩,55,17,38,大昌-新店,2023-08-07,6464
1905,華紙,106,69,37,大昌-新店,2023-08-07,6464
6274,台燿,65,28,37,大昌-新店,2023-08-07,6464
6026,福邦證,35,0,35,大昌-新店,2023-08-07,6464
2329,華泰,64,30,34,大昌-新店,2023-08-07,6464
00931B,統一美債20年,33,0,33,大昌-新店,2023-08-07,6464
2634,漢翔,38,5,33,大昌-新店,2023-08-07,6464
2303,聯電,38,6,32,大昌-新店,2023-08-07,6464
1312,國喬,30,0,30,大昌-新店,2023-08-07,6464
00720B,元大投資級公司債,29,0,29,大昌-新店,2023-08-07,6464
5371,中光電,39,12,27,大昌-新店,2023-08-07,6464
00900,富邦特選高股息30,37,10,27,大昌-新店,2023-08-07,6464
00633L,富邦上証正2,25,0,25,大昌-新店,2023-08-07,6464
1609,大亞,29,4,25,大昌-新店,2023-08-07,6464
5009,榮剛,45,21,24,大昌-新店,2023-08-07,6464
3715,定穎投控,37,13,24,大昌-新店,2023-08-07,6464
00665L,富邦�琤肭磪囓�2,24,0,24,大昌-新店,2023-08-07,6464
1802,台玻,105,83,22,大昌-新店,2023-08-07,6464
8046,南電,33,12,21,大昌-新店,2023-08-07,6464
00715L,期街口布蘭特正2,20,0,20,大昌-新店,2023-08-07,6464
1456,怡華,19,0,19,大昌-新店,2023-08-07,6464
7402,邑錡,20,1,19,大昌-新店,2023-08-07,6464
2603,長榮,44,26,18,大昌-新店,2023-08-07,6464
00882,中信中國高股息,18,0,18,大昌-新店,2023-08-07,6464
3714,富采,19,1,18,大昌-新店,2023-08-07,6464
2489,瑞軒,21,5,16,大昌-新店,2023-08-07,6464
1504,東元,17,4,13,大昌-新店,2023-08-07,6464
00679B,元大美債20年,15,2,13,大昌-新店,2023-08-07,6464
2731,雄獅,16,3,13,大昌-新店,2023-08-07,6464
3706,神達,101,88,13,大昌-新店,2023-08-07,6464
5871,中租-KY,17,5,12,大昌-新店,2023-08-07,6464
2029,盛餘,12,0,12,大昌-新店,2023-08-07,6464
2303,聯電,281,26,255,大昌-新店,2023-08-08,6464
1305,華夏,143,0,143,大昌-新店,2023-08-08,6464
00900,富邦特選高股息30,126,2,124,大昌-新店,2023-08-08,6464
00929,復華台灣科技優息,120,7,113,大昌-新店,2023-08-08,6464
3481,群創,140,28,112,大昌-新店,2023-08-08,6464
2356,英業達,247,146,101,大昌-新店,2023-08-08,6464
00865B,國泰US短期公債,95,0,95,大昌-新店,2023-08-08,6464
00878,國泰永續高股息,101,9,92,大昌-新店,2023-08-08,6464
9934,成霖,85,1,84,大昌-新店,2023-08-08,6464
00665L,富邦�琤肭磪囓�2,93,20,73,大昌-新店,2023-08-08,6464
1802,台玻,88,17,71,大昌-新店,2023-08-08,6464
1312,國喬,70,0,70,大昌-新店,2023-08-08,6464
00931B,統一美債20年,60,0,60,大昌-新店,2023-08-08,6464
00923,群益台ESG低碳50,64,6,58,大昌-新店,2023-08-08,6464
2516,新建,53,6,47,大昌-新店,2023-08-08,6464
2301,光寶科,81,35,46,大昌-新店,2023-08-08,6464
00891,中信關鍵半導體,47,2,45,大昌-新店,2023-08-08,6464
8358,金居,47,3,44,大昌-新店,2023-08-08,6464
1101,台泥,40,0,40,大昌-新店,2023-08-08,6464
2313,華通,50,10,40,大昌-新店,2023-08-08,6464
3231,緯創,200,162,38,大昌-新店,2023-08-08,6464
00882,中信中國高股息,38,2,36,大昌-新店,2023-08-08,6464
00631L,元大台灣50正2,36,1,35,大昌-新店,2023-08-08,6464
00679B,元大美債20年,38,5,33,大昌-新店,2023-08-08,6464
3207,耀勝,61,29,32,大昌-新店,2023-08-08,6464
1722,台肥,31,0,31,大昌-新店,2023-08-08,6464
4114,健喬,36,5,31,大昌-新店,2023-08-08,6464
1905,華紙,47,18,29,大昌-新店,2023-08-08,6464
2891,中信金,27,0,27,大昌-新店,2023-08-08,6464
2029,盛餘,27,0,27,大昌-新店,2023-08-08,6464
0050,元大台灣50,27,0,27,大昌-新店,2023-08-08,6464
1609,大亞,37,11,26,大昌-新店,2023-08-08,6464
2388,威盛,39,14,25,大昌-新店,2023-08-08,6464
2367,燿華,25,0,25,大昌-新店,2023-08-08,6464
00650L,復華香港正2,26,1,25,大昌-新店,2023-08-08,6464
3583,辛耘,47,23,24,大昌-新店,2023-08-08,6464
2344,華邦電,30,6,24,大昌-新店,2023-08-08,6464
00881,國泰台灣5G+,20,0,20,大昌-新店,2023-08-08,6464
2889,國票金,20,0,20,大昌-新店,2023-08-08,6464
2002,中鋼,30,11,19,大昌-新店,2023-08-08,6464
2376,技嘉,36,18,18,大昌-新店,2023-08-08,6464
1517,利奇,20,2,18,大昌-新店,2023-08-08,6464
6188,廣明,54,36,18,大昌-新店,2023-08-08,6464
6204,艾華,18,0,18,大昌-新店,2023-08-08,6464
2883,凱基金,25,7,18,大昌-新店,2023-08-08,6464
00795B,中信美國公債20年,16,0,16,大昌-新店,2023-08-08,6464
3260,威剛,17,1,16,大昌-新店,2023-08-08,6464
3033,威健,16,0,16,大昌-新店,2023-08-08,6464
6026,福邦證,16,0,16,大昌-新店,2023-08-08,6464
2399,映泰,15,0,15,大昌-新店,2023-08-08,6464
2516,新建,470,41,429,大昌-新店,2023-08-09,6464
00929,復華台灣科技優息,215,21,194,大昌-新店,2023-08-09,6464
2890,永豐金,146,34,112,大昌-新店,2023-08-09,6464
1210,大成,106,0,106,大昌-新店,2023-08-09,6464
00900,富邦特選高股息30,94,0,94,大昌-新店,2023-08-09,6464
00878,國泰永續高股息,103,26,77,大昌-新店,2023-08-09,6464
2340,台亞,77,2,75,大昌-新店,2023-08-09,6464
2834,臺企銀,50,0,50,大昌-新店,2023-08-09,6464
00632R,元大台灣50反1,60,12,48,大昌-新店,2023-08-09,6464
00882,中信中國高股息,44,2,42,大昌-新店,2023-08-09,6464
2618,長榮航,66,25,41,大昌-新店,2023-08-09,6464
1528,恩德,70,29,41,大昌-新店,2023-08-09,6464
00665L,富邦�琤肭磪囓�2,39,0,39,大昌-新店,2023-08-09,6464
3029,零壹,38,3,35,大昌-新店,2023-08-09,6464
2301,光寶科,52,17,35,大昌-新店,2023-08-09,6464
00907,永豐優息存股,32,0,32,大昌-新店,2023-08-09,6464
00919,群益台灣精選高息,31,0,31,大昌-新店,2023-08-09,6464
1905,華紙,48,17,31,大昌-新店,2023-08-09,6464
1305,華夏,30,0,30,大昌-新店,2023-08-09,6464
3325,旭品,54,24,30,大昌-新店,2023-08-09,6464
2891,中信金,36,8,28,大昌-新店,2023-08-09,6464
00923,群益台ESG低碳50,27,0,27,大昌-新店,2023-08-09,6464
2002,中鋼,31,4,27,大昌-新店,2023-08-09,6464
2617,台航,25,0,25,大昌-新店,2023-08-09,6464
2211,長榮鋼,25,0,25,大昌-新店,2023-08-09,6464
2353,宏��,35,11,24,大昌-新店,2023-08-09,6464
2206,三陽工業,37,14,23,大昌-新店,2023-08-09,6464
2344,華邦電,23,1,22,大昌-新店,2023-08-09,6464
2801,彰銀,31,10,21,大昌-新店,2023-08-09,6464
3583,辛耘,32,11,21,大昌-新店,2023-08-09,6464
00931B,統一美債20年,20,0,20,大昌-新店,2023-08-09,6464
00671R,富邦NASDAQ反1,20,0,20,大昌-新店,2023-08-09,6464
5351,鈺創,21,1,20,大昌-新店,2023-08-09,6464
3037,欣興,66,46,20,大昌-新店,2023-08-09,6464
3058,立德,20,2,18,大昌-新店,2023-08-09,6464
2105,正新,19,1,18,大昌-新店,2023-08-09,6464
2906,高林,17,0,17,大昌-新店,2023-08-09,6464
3027,盛達,21,4,17,大昌-新店,2023-08-09,6464
2882,國泰金,26,9,17,大昌-新店,2023-08-09,6464
2887,台新金,30,14,16,大昌-新店,2023-08-09,6464
2371,大同,26,10,16,大昌-新店,2023-08-09,6464
00881,國泰台灣5G+,16,0,16,大昌-新店,2023-08-09,6464
9907,統一實,16,0,16,大昌-新店,2023-08-09,6464
5880,合庫金,21,6,15,大昌-新店,2023-08-09,6464
00687B,國泰20年美債,24,9,15,大昌-新店,2023-08-09,6464
6147,頎邦,15,0,15,大昌-新店,2023-08-09,6464
1609,大亞,31,17,14,大昌-新店,2023-08-09,6464
6412,群電,18,4,14,大昌-新店,2023-08-09,6464
1605,華新,24,10,14,大昌-新店,2023-08-09,6464
6120,達運,13,0,13,大昌-新店,2023-08-09,6464
2516,新建,601,38,563,大昌-新店,2023-08-10,6464
00931B,統一美債20年,388,0,388,大昌-新店,2023-08-10,6464
00929,復華台灣科技優息,226,0,226,大昌-新店,2023-08-10,6464
2303,聯電,223,4,219,大昌-新店,2023-08-10,6464
2409,友達,188,38,150,大昌-新店,2023-08-10,6464
00878,國泰永續高股息,157,26,131,大昌-新店,2023-08-10,6464
2886,兆豐金,117,9,108,大昌-新店,2023-08-10,6464
0056,元大高股息,111,29,82,大昌-新店,2023-08-10,6464
0050,元大台灣50,81,1,80,大昌-新店,2023-08-10,6464
00687B,國泰20年美債,75,0,75,大昌-新店,2023-08-10,6464
00900,富邦特選高股息30,106,42,64,大昌-新店,2023-08-10,6464
00864B,中信美國公債0-1,63,0,63,大昌-新店,2023-08-10,6464
2211,長榮鋼,67,4,63,大昌-新店,2023-08-10,6464
6282,康舒,184,125,59,大昌-新店,2023-08-10,6464
2610,華航,89,36,53,大昌-新店,2023-08-10,6464
2405,輔信,53,1,52,大昌-新店,2023-08-10,6464
2820,華票,50,0,50,大昌-新店,2023-08-10,6464
00882,中信中國高股息,48,0,48,大昌-新店,2023-08-10,6464
9941,裕融,49,1,48,大昌-新店,2023-08-10,6464
00680L,元大美債20正2,46,0,46,大昌-新店,2023-08-10,6464
3481,群創,117,72,45,大昌-新店,2023-08-10,6464
00641R,富邦日本反1,45,0,45,大昌-新店,2023-08-10,6464
6116,彩晶,63,20,43,大昌-新店,2023-08-10,6464
3035,智原,42,0,42,大昌-新店,2023-08-10,6464
00919,群益台灣精選高息,73,31,42,大昌-新店,2023-08-10,6464
2634,漢翔,56,15,41,大昌-新店,2023-08-10,6464
1316,上曜,40,0,40,大昌-新店,2023-08-10,6464
2376,技嘉,54,14,40,大昌-新店,2023-08-10,6464
2834,臺企銀,41,2,39,大昌-新店,2023-08-10,6464
00881,國泰台灣5G+,38,1,37,大昌-新店,2023-08-10,6464
3231,緯創,191,154,37,大昌-新店,2023-08-10,6464
2382,廣達,190,155,35,大昌-新店,2023-08-10,6464
1904,正隆,35,0,35,大昌-新店,2023-08-10,6464
00673R,期元大S＆P原油反1,35,0,35,大昌-新店,2023-08-10,6464
1101,台泥,37,2,35,大昌-新店,2023-08-10,6464
2367,燿華,34,0,34,大昌-新店,2023-08-10,6464
6189,豐藝,33,0,33,大昌-新店,2023-08-10,6464
2356,英業達,125,92,33,大昌-新店,2023-08-10,6464
1608,華榮,35,3,32,大昌-新店,2023-08-10,6464
6142,友勁,31,0,31,大昌-新店,2023-08-10,6464
2882,國泰金,36,6,30,大昌-新店,2023-08-10,6464
00923,群益台ESG低碳50,36,6,30,大昌-新店,2023-08-10,6464
3260,威剛,28,0,28,大昌-新店,2023-08-10,6464
2888,新光金,1058,1030,28,大昌-新店,2023-08-10,6464
2329,華泰,49,22,27,大昌-新店,2023-08-10,6464
3078,僑威,32,5,27,大昌-新店,2023-08-10,6464
3033,威健,26,0,26,大昌-新店,2023-08-10,6464
1802,台玻,80,54,26,大昌-新店,2023-08-10,6464
00891,中信關鍵半導體,28,4,24,大昌-新店,2023-08-10,6464
3032,偉訓,24,1,23,大昌-新店,2023-08-10,6464
2409,友達,309,10,299,大昌-新店,2023-08-11,6464
00680L,元大美債20正2,226,58,168,大昌-新店,2023-08-11,6464
2897,王道銀行,112,11,101,大昌-新店,2023-08-11,6464
3567,逸昌,81,3,78,大昌-新店,2023-08-11,6464
2382,廣達,282,209,73,大昌-新店,2023-08-11,6464
2892,第一金,70,1,69,大昌-新店,2023-08-11,6464
00929,復華台灣科技優息,98,33,65,大昌-新店,2023-08-11,6464
00687B,國泰20年美債,64,0,64,大昌-新店,2023-08-11,6464
00931B,統一美債20年,58,0,58,大昌-新店,2023-08-11,6464
2331,精英,57,0,57,大昌-新店,2023-08-11,6464
00679B,元大美債20年,60,5,55,大昌-新店,2023-08-11,6464
2882,國泰金,55,4,51,大昌-新店,2023-08-11,6464
00882,中信中國高股息,55,4,51,大昌-新店,2023-08-11,6464
00923,群益台ESG低碳50,43,0,43,大昌-新店,2023-08-11,6464
1305,華夏,41,0,41,大昌-新店,2023-08-11,6464
00900,富邦特選高股息30,40,0,40,大昌-新店,2023-08-11,6464
00637L,元大滬深300正2,41,2,39,大昌-新店,2023-08-11,6464
2888,新光金,50,15,35,大昌-新店,2023-08-11,6464
1609,大亞,43,10,33,大昌-新店,2023-08-11,6464
00631L,元大台灣50正2,38,6,32,大昌-新店,2023-08-11,6464
1316,上曜,30,0,30,大昌-新店,2023-08-11,6464
00673R,期元大S＆P原油反1,30,0,30,大昌-新店,2023-08-11,6464
1795,美時,34,7,27,大昌-新店,2023-08-11,6464
6245,立端,28,1,27,大昌-新店,2023-08-11,6464
00753L,中信中國50正2,27,1,26,大昌-新店,2023-08-11,6464
3673,TPK-KY,27,1,26,大昌-新店,2023-08-11,6464
6116,彩晶,35,10,25,大昌-新店,2023-08-11,6464
00859B,群益0-1年美債,24,0,24,大昌-新店,2023-08-11,6464
2377,微星,24,0,24,大昌-新店,2023-08-11,6464
2801,彰銀,25,2,23,大昌-新店,2023-08-11,6464
2883,凱基金,42,19,23,大昌-新店,2023-08-11,6464
2062,橋椿,22,0,22,大昌-新店,2023-08-11,6464
2356,英業達,80,60,20,大昌-新店,2023-08-11,6464
9927,泰銘,24,4,20,大昌-新店,2023-08-11,6464
2395,研華,21,1,20,大昌-新店,2023-08-11,6464
1402,遠東新,19,0,19,大昌-新店,2023-08-11,6464
6770,力積電,33,15,18,大昌-新店,2023-08-11,6464
00864B,中信美國公債0-1,17,0,17,大昌-新店,2023-08-11,6464
9938,百和,17,0,17,大昌-新店,2023-08-11,6464
2885,元大金,16,0,16,大昌-新店,2023-08-11,6464
2329,華泰,36,21,15,大昌-新店,2023-08-11,6464
4533,協易機,18,3,15,大昌-新店,2023-08-11,6464
2031,新光鋼,17,2,15,大昌-新店,2023-08-11,6464
9934,成霖,15,0,15,大昌-新店,2023-08-11,6464
2330,台積電,14,0,14,大昌-新店,2023-08-11,6464
3483,力致,18,4,14,大昌-新店,2023-08-11,6464
3710,連展投控,14,0,14,大昌-新店,2023-08-11,6464
8050,廣積,39,26,13,大昌-新店,2023-08-11,6464
2317,鴻海,15,2,13,大昌-新店,2023-08-11,6464
1531,高林股,15,2,13,大昌-新店,2023-08-11,6464
2897,王道銀行,418,1,417,大昌-新店,2023-08-14,6464
00929,復華台灣科技優息,406,6,400,大昌-新店,2023-08-14,6464
00931B,統一美債20年,330,0,330,大昌-新店,2023-08-14,6464
2834,臺企銀,238,16,222,大昌-新店,2023-08-14,6464
00900,富邦特選高股息30,163,9,154,大昌-新店,2023-08-14,6464
00907,永豐優息存股,149,0,149,大昌-新店,2023-08-14,6464
2610,華航,147,40,107,大昌-新店,2023-08-14,6464
3567,逸昌,108,5,103,大昌-新店,2023-08-14,6464
2845,遠東銀,101,0,101,大昌-新店,2023-08-14,6464
2344,華邦電,104,7,97,大昌-新店,2023-08-14,6464
2618,長榮航,169,85,84,大昌-新店,2023-08-14,6464
2303,聯電,80,8,72,大昌-新店,2023-08-14,6464
00665L,富邦�琤肭磪囓�2,62,0,62,大昌-新店,2023-08-14,6464
00878,國泰永續高股息,118,62,56,大昌-新店,2023-08-14,6464
00923,群益台ESG低碳50,72,22,50,大昌-新店,2023-08-14,6464
3715,定穎投控,54,4,50,大昌-新店,2023-08-14,6464
00773B,中信優先金融債,50,0,50,大昌-新店,2023-08-14,6464
0050,元大台灣50,49,1,48,大昌-新店,2023-08-14,6464
1513,中興電,50,8,42,大昌-新店,2023-08-14,6464
2409,友達,67,25,42,大昌-新店,2023-08-14,6464
3231,緯創,152,113,39,大昌-新店,2023-08-14,6464
2323,中環,62,24,38,大昌-新店,2023-08-14,6464
2201,裕隆,50,13,37,大昌-新店,2023-08-14,6464
2211,長榮鋼,37,2,35,大昌-新店,2023-08-14,6464
2356,英業達,146,113,33,大昌-新店,2023-08-14,6464
2002,中鋼,36,6,30,大昌-新店,2023-08-14,6464
2515,中工,32,2,30,大昌-新店,2023-08-14,6464
00631L,元大台灣50正2,30,2,28,大昌-新店,2023-08-14,6464
00669R,國泰美國道瓊反1,27,0,27,大昌-新店,2023-08-14,6464
1762,中化生,32,6,26,大昌-新店,2023-08-14,6464
2421,建準,62,37,25,大昌-新店,2023-08-14,6464
00650L,復華香港正2,35,10,25,大昌-新店,2023-08-14,6464
2029,盛餘,25,0,25,大昌-新店,2023-08-14,6464
2880,華南金,26,1,25,大昌-新店,2023-08-14,6464
2520,冠德,25,0,25,大昌-新店,2023-08-14,6464
2882,國泰金,30,6,24,大昌-新店,2023-08-14,6464
2634,漢翔,25,1,24,大昌-新店,2023-08-14,6464
2867,三商壽,30,6,24,大昌-新店,2023-08-14,6464
2891,中信金,25,2,23,大昌-新店,2023-08-14,6464
00641R,富邦日本反1,23,0,23,大昌-新店,2023-08-14,6464
00893,國泰智能電動車,28,5,23,大昌-新店,2023-08-14,6464
5871,中租-KY,31,8,23,大昌-新店,2023-08-14,6464
9907,統一實,22,0,22,大昌-新店,2023-08-14,6464
006208,富邦台50,21,0,21,大昌-新店,2023-08-14,6464
0056,元大高股息,36,16,20,大昌-新店,2023-08-14,6464
2408,南亞科,20,0,20,大昌-新店,2023-08-14,6464
00674R,期元大S＆P黃金反1,20,0,20,大昌-新店,2023-08-14,6464
3024,憶聲,20,0,20,大昌-新店,2023-08-14,6464
1504,東元,31,12,19,大昌-新店,2023-08-14,6464
2601,益航,19,0,19,大昌-新店,2023-08-14,6464
00632R,元大台灣50反1,481,10,471,大昌-新店,2023-08-15,6464
2834,臺企銀,238,31,207,大昌-新店,2023-08-15,6464
00923,群益台ESG低碳50,127,0,127,大昌-新店,2023-08-15,6464
2382,廣達,345,225,120,大昌-新店,2023-08-15,6464
00900,富邦特選高股息30,89,4,85,大昌-新店,2023-08-15,6464
2317,鴻海,76,9,67,大昌-新店,2023-08-15,6464
00929,復華台灣科技優息,163,100,63,大昌-新店,2023-08-15,6464
2897,王道銀行,61,0,61,大昌-新店,2023-08-15,6464
3024,憶聲,50,0,50,大昌-新店,2023-08-15,6464
00885,富邦越南,48,0,48,大昌-新店,2023-08-15,6464
00670L,富邦NASDAQ正2,51,9,42,大昌-新店,2023-08-15,6464
00878,國泰永續高股息,84,43,41,大昌-新店,2023-08-15,6464
00772B,中信高評級公司債,41,6,35,大昌-新店,2023-08-15,6464
2618,長榮航,67,35,32,大昌-新店,2023-08-15,6464
00679B,元大美債20年,31,0,31,大昌-新店,2023-08-15,6464
2888,新光金,56,26,30,大昌-新店,2023-08-15,6464
2883,凱基金,55,26,29,大昌-新店,2023-08-15,6464
00687B,國泰20年美債,29,0,29,大昌-新店,2023-08-15,6464
2609,陽明,37,9,28,大昌-新店,2023-08-15,6464
2886,兆豐金,29,2,27,大昌-新店,2023-08-15,6464
2014,中鴻,29,2,27,大昌-新店,2023-08-15,6464
00931B,統一美債20年,27,0,27,大昌-新店,2023-08-15,6464
00706L,期元大S＆P日圓正2,25,0,25,大昌-新店,2023-08-15,6464
3567,逸昌,59,35,24,大昌-新店,2023-08-15,6464
2891,中信金,50,28,22,大昌-新店,2023-08-15,6464
2002,中鋼,23,1,22,大昌-新店,2023-08-15,6464
1726,永記,20,0,20,大昌-新店,2023-08-15,6464
2027,大成鋼,20,0,20,大昌-新店,2023-08-15,6464
3231,緯創,102,83,19,大昌-新店,2023-08-15,6464
00720B,元大投資級公司債,18,0,18,大昌-新店,2023-08-15,6464
2328,廣宇,18,1,17,大昌-新店,2023-08-15,6464
2303,聯電,20,4,16,大昌-新店,2023-08-15,6464
2884,玉山金,15,0,15,大昌-新店,2023-08-15,6464
00907,永豐優息存股,15,0,15,大昌-新店,2023-08-15,6464
6753,龍德造船,16,1,15,大昌-新店,2023-08-15,6464
3209,全科,15,0,15,大昌-新店,2023-08-15,6464
2867,三商壽,15,0,15,大昌-新店,2023-08-15,6464
1802,台玻,29,14,15,大昌-新店,2023-08-15,6464
2892,第一金,16,1,15,大昌-新店,2023-08-15,6464
00633L,富邦上証正2,15,1,14,大昌-新店,2023-08-15,6464
5471,松翰,15,1,14,大昌-新店,2023-08-15,6464
2887,台新金,18,5,13,大昌-新店,2023-08-15,6464
2395,研華,13,0,13,大昌-新店,2023-08-15,6464
00751B,元大AAA至A公司債,13,0,13,大昌-新店,2023-08-15,6464
3213,茂訊,13,0,13,大昌-新店,2023-08-15,6464
00641R,富邦日本反1,12,0,12,大昌-新店,2023-08-15,6464
6191,精成科,20,9,11,大昌-新店,2023-08-15,6464
6290,良維,11,0,11,大昌-新店,2023-08-15,6464
1310,台苯,11,0,11,大昌-新店,2023-08-15,6464
00665L,富邦�琤肭磪囓�2,11,0,11,大昌-新店,2023-08-15,6464
2303,聯電,315,22,293,大昌-新店,2023-08-16,6464
2834,臺企銀,297,71,226,大昌-新店,2023-08-16,6464
00929,復華台灣科技優息,246,90,156,大昌-新店,2023-08-16,6464
00719B,元大美債1-3,142,0,142,大昌-新店,2023-08-16,6464
2880,華南金,119,0,119,大昌-新店,2023-08-16,6464
2324,仁寶,198,90,108,大昌-新店,2023-08-16,6464
00712,復華富時不動產,79,0,79,大昌-新店,2023-08-16,6464
00878,國泰永續高股息,117,43,74,大昌-新店,2023-08-16,6464
2618,長榮航,80,14,66,大昌-新店,2023-08-16,6464
00687B,國泰20年美債,61,0,61,大昌-新店,2023-08-16,6464
2201,裕隆,62,1,61,大昌-新店,2023-08-16,6464
006208,富邦台50,59,0,59,大昌-新店,2023-08-16,6464
2883,凱基金,118,60,58,大昌-新店,2023-08-16,6464
2891,中信金,66,12,54,大昌-新店,2023-08-16,6464
2369,菱生,51,1,50,大昌-新店,2023-08-16,6464
00923,群益台ESG低碳50,50,1,49,大昌-新店,2023-08-16,6464
2897,王道銀行,45,0,45,大昌-新店,2023-08-16,6464
2323,中環,46,3,43,大昌-新店,2023-08-16,6464
2884,玉山金,40,1,39,大昌-新店,2023-08-16,6464
00900,富邦特選高股息30,40,2,38,大昌-新店,2023-08-16,6464
3481,群創,55,18,37,大昌-新店,2023-08-16,6464
0050,元大台灣50,31,0,31,大昌-新店,2023-08-16,6464
1326,台化,31,0,31,大昌-新店,2023-08-16,6464
00670L,富邦NASDAQ正2,29,0,29,大昌-新店,2023-08-16,6464
2881,富邦金,30,2,28,大昌-新店,2023-08-16,6464
2886,兆豐金,29,2,27,大昌-新店,2023-08-16,6464
00665L,富邦�琤肭磪囓�2,27,0,27,大昌-新店,2023-08-16,6464
2344,華邦電,27,1,26,大昌-新店,2023-08-16,6464
2409,友達,34,9,25,大昌-新店,2023-08-16,6464
2903,遠百,26,1,25,大昌-新店,2023-08-16,6464
00772B,中信高評級公司債,25,0,25,大昌-新店,2023-08-16,6464
1301,台塑,23,0,23,大昌-新店,2023-08-16,6464
00751B,元大AAA至A公司債,23,0,23,大昌-新店,2023-08-16,6464
2002,中鋼,25,4,21,大昌-新店,2023-08-16,6464
00652,富邦印度,21,0,21,大昌-新店,2023-08-16,6464
1101,台泥,26,5,21,大昌-新店,2023-08-16,6464
2543,皇昌,20,0,20,大昌-新店,2023-08-16,6464
00865B,國泰US短期公債,20,0,20,大昌-新店,2023-08-16,6464
1210,大成,22,3,19,大昌-新店,2023-08-16,6464
3706,神達,46,27,19,大昌-新店,2023-08-16,6464
6116,彩晶,19,0,19,大昌-新店,2023-08-16,6464
2867,三商壽,29,10,19,大昌-新店,2023-08-16,6464
2329,華泰,77,58,19,大昌-新店,2023-08-16,6464
2301,光寶科,60,42,18,大昌-新店,2023-08-16,6464
6282,康舒,36,18,18,大昌-新店,2023-08-16,6464
3044,健鼎,55,38,17,大昌-新店,2023-08-16,6464
1802,台玻,25,9,16,大昌-新店,2023-08-16,6464
1402,遠東新,16,0,16,大昌-新店,2023-08-16,6464
00882,中信中國高股息,34,18,16,大昌-新店,2023-08-16,6464
5880,合庫金,17,2,15,大昌-新店,2023-08-16,6464
2303,聯電,314,79,235,大昌-新店,2023-08-17,6464
3231,緯創,307,154,153,大昌-新店,2023-08-17,6464
00687B,國泰20年美債,81,0,81,大昌-新店,2023-08-17,6464
00665L,富邦�琤肭磪囓�2,117,40,77,大昌-新店,2023-08-17,6464
3706,神達,90,18,72,大昌-新店,2023-08-17,6464
2610,華航,93,24,69,大昌-新店,2023-08-17,6464
00772B,中信高評級公司債,63,0,63,大昌-新店,2023-08-17,6464
00923,群益台ESG低碳50,64,2,62,大昌-新店,2023-08-17,6464
00652,富邦印度,60,0,60,大昌-新店,2023-08-17,6464
00664R,國泰臺灣加權反1,60,0,60,大昌-新店,2023-08-17,6464
1513,中興電,57,0,57,大昌-新店,2023-08-17,6464
2880,華南金,55,1,54,大昌-新店,2023-08-17,6464
1314,中石化,50,8,42,大昌-新店,2023-08-17,6464
2883,凱基金,59,18,41,大昌-新店,2023-08-17,6464
2002,中鋼,43,5,38,大昌-新店,2023-08-17,6464
2329,華泰,72,34,38,大昌-新店,2023-08-17,6464
2886,兆豐金,40,3,37,大昌-新店,2023-08-17,6464
00679B,元大美債20年,36,2,34,大昌-新店,2023-08-17,6464
3059,華晶科,33,0,33,大昌-新店,2023-08-17,6464
1528,恩德,32,0,32,大昌-新店,2023-08-17,6464
1303,南亞,31,0,31,大昌-新店,2023-08-17,6464
2062,橋椿,28,0,28,大昌-新店,2023-08-17,6464
2897,王道銀行,60,33,27,大昌-新店,2023-08-17,6464
2891,中信金,27,0,27,大昌-新店,2023-08-17,6464
2382,廣達,164,137,27,大昌-新店,2023-08-17,6464
2409,友達,54,28,26,大昌-新店,2023-08-17,6464
2313,華通,40,16,24,大昌-新店,2023-08-17,6464
8028,昇陽半導體,25,1,24,大昌-新店,2023-08-17,6464
2609,陽明,44,21,23,大昌-新店,2023-08-17,6464
1802,台玻,29,6,23,大昌-新店,2023-08-17,6464
00753L,中信中國50正2,27,4,23,大昌-新店,2023-08-17,6464
2890,永豐金,27,5,22,大昌-新店,2023-08-17,6464
3483,力致,36,14,22,大昌-新店,2023-08-17,6464
2421,建準,80,59,21,大昌-新店,2023-08-17,6464
2027,大成鋼,22,2,20,大昌-新店,2023-08-17,6464
2618,長榮航,40,20,20,大昌-新店,2023-08-17,6464
3024,憶聲,20,0,20,大昌-新店,2023-08-17,6464
2301,光寶科,40,20,20,大昌-新店,2023-08-17,6464
2637,慧洋-KY,28,9,19,大昌-新店,2023-08-17,6464
1504,東元,24,5,19,大昌-新店,2023-08-17,6464
5340,建榮,26,7,19,大昌-新店,2023-08-17,6464
3715,定穎投控,70,52,18,大昌-新店,2023-08-17,6464
2357,華碩,21,3,18,大昌-新店,2023-08-17,6464
00751B,元大AAA至A公司債,16,0,16,大昌-新店,2023-08-17,6464
00882,中信中國高股息,30,14,16,大昌-新店,2023-08-17,6464
4960,誠美材,15,0,15,大昌-新店,2023-08-17,6464
5210,寶碩,17,2,15,大昌-新店,2023-08-17,6464
6274,台燿,17,2,15,大昌-新店,2023-08-17,6464
00720B,元大投資級公司債,14,0,14,大昌-新店,2023-08-17,6464
2745,五福,14,0,14,大昌-新店,2023-08-17,6464
00929,復華台灣科技優息,206,2,204,大昌-新店,2023-08-18,6464
8936,國統,152,0,152,大昌-新店,2023-08-18,6464
3704,合勤控,125,10,115,大昌-新店,2023-08-18,6464
00878,國泰永續高股息,118,16,102,大昌-新店,2023-08-18,6464
2317,鴻海,115,19,96,大昌-新店,2023-08-18,6464
00664R,國泰臺灣加權反1,95,0,95,大昌-新店,2023-08-18,6464
00665L,富邦�琤肭磪囓�2,95,2,93,大昌-新店,2023-08-18,6464
2845,遠東銀,101,19,82,大昌-新店,2023-08-18,6464
2211,長榮鋼,75,0,75,大昌-新店,2023-08-18,6464
00673R,期元大S＆P原油反1,72,0,72,大昌-新店,2023-08-18,6464
3231,緯創,311,240,71,大昌-新店,2023-08-18,6464
00900,富邦特選高股息30,59,0,59,大昌-新店,2023-08-18,6464
2609,陽明,165,106,59,大昌-新店,2023-08-18,6464
3051,力特,68,9,59,大昌-新店,2023-08-18,6464
1513,中興電,74,15,59,大昌-新店,2023-08-18,6464
2886,兆豐金,57,0,57,大昌-新店,2023-08-18,6464
2313,華通,61,5,56,大昌-新店,2023-08-18,6464
2324,仁寶,143,97,46,大昌-新店,2023-08-18,6464
00712,復華富時不動產,39,1,38,大昌-新店,2023-08-18,6464
2867,三商壽,50,12,38,大昌-新店,2023-08-18,6464
2425,承啟,56,21,35,大昌-新店,2023-08-18,6464
0056,元大高股息,53,20,33,大昌-新店,2023-08-18,6464
2618,長榮航,62,30,32,大昌-新店,2023-08-18,6464
00652,富邦印度,31,0,31,大昌-新店,2023-08-18,6464
2891,中信金,47,17,30,大昌-新店,2023-08-18,6464
2323,中環,37,7,30,大昌-新店,2023-08-18,6464
2363,矽統,186,156,30,大昌-新店,2023-08-18,6464
5469,瀚宇博,44,15,29,大昌-新店,2023-08-18,6464
2890,永豐金,33,4,29,大昌-新店,2023-08-18,6464
2027,大成鋼,30,3,27,大昌-新店,2023-08-18,6464
00650L,復華香港正2,30,3,27,大昌-新店,2023-08-18,6464
3005,神基,32,5,27,大昌-新店,2023-08-18,6464
00919,群益台灣精選高息,26,0,26,大昌-新店,2023-08-18,6464
3078,僑威,39,14,25,大昌-新店,2023-08-18,6464
3163,波若威,47,23,24,大昌-新店,2023-08-18,6464
1101,台泥,42,18,24,大昌-新店,2023-08-18,6464
2308,台達電,32,8,24,大昌-新店,2023-08-18,6464
6188,廣明,39,16,23,大昌-新店,2023-08-18,6464
00865B,國泰US短期公債,23,0,23,大昌-新店,2023-08-18,6464
6274,台燿,38,16,22,大昌-新店,2023-08-18,6464
2409,友達,77,55,22,大昌-新店,2023-08-18,6464
6108,競國,22,0,22,大昌-新店,2023-08-18,6464
2641,正德,25,4,21,大昌-新店,2023-08-18,6464
2332,友訊,36,16,20,大昌-新店,2023-08-18,6464
4306,炎洲,20,0,20,大昌-新店,2023-08-18,6464
6191,精成科,20,1,19,大昌-新店,2023-08-18,6464
1471,首利,35,16,19,大昌-新店,2023-08-18,6464
2892,第一金,20,2,18,大昌-新店,2023-08-18,6464
2388,威盛,25,8,17,大昌-新店,2023-08-18,6464
00893,國泰智能電動車,18,1,17,大昌-新店,2023-08-18,6464
2888,新光金,352,1,351,大昌-新店,2023-08-21,6464
2353,宏��,184,24,160,大昌-新店,2023-08-21,6464
00929,復華台灣科技優息,142,30,112,大昌-新店,2023-08-21,6464
2605,新興,102,4,98,大昌-新店,2023-08-21,6464
3706,神達,119,28,91,大昌-新店,2023-08-21,6464
00885,富邦越南,126,35,91,大昌-新店,2023-08-21,6464
2891,中信金,85,17,68,大昌-新店,2023-08-21,6464
2404,漢唐,50,1,49,大昌-新店,2023-08-21,6464
2211,長榮鋼,56,7,49,大昌-新店,2023-08-21,6464
2382,廣達,100,52,48,大昌-新店,2023-08-21,6464
6108,競國,43,0,43,大昌-新店,2023-08-21,6464
00637L,元大滬深300正2,66,23,43,大昌-新店,2023-08-21,6464
00665L,富邦�琤肭磪囓�2,66,25,41,大昌-新店,2023-08-21,6464
2409,友達,55,20,35,大昌-新店,2023-08-21,6464
2324,仁寶,67,39,28,大昌-新店,2023-08-21,6464
2892,第一金,26,1,25,大昌-新店,2023-08-21,6464
2609,陽明,25,3,22,大昌-新店,2023-08-21,6464
00679B,元大美債20年,25,4,21,大昌-新店,2023-08-21,6464
2883,凱基金,23,2,21,大昌-新店,2023-08-21,6464
00751B,元大AAA至A公司債,20,0,20,大昌-新店,2023-08-21,6464
5309,系統電,20,0,20,大昌-新店,2023-08-21,6464
3703,欣陸,20,0,20,大昌-新店,2023-08-21,6464
2610,華航,47,28,19,大昌-新店,2023-08-21,6464
5608,四維航,75,58,17,大昌-新店,2023-08-21,6464
3042,晶技,18,1,17,大昌-新店,2023-08-21,6464
5452,佶優,17,0,17,大昌-新店,2023-08-21,6464
00687B,國泰20年美債,17,0,17,大昌-新店,2023-08-21,6464
3715,定穎投控,126,109,17,大昌-新店,2023-08-21,6464
2457,飛宏,22,5,17,大昌-新店,2023-08-21,6464
2884,玉山金,17,0,17,大昌-新店,2023-08-21,6464
1471,首利,43,26,17,大昌-新店,2023-08-21,6464
2883B,凱基金乙特,16,0,16,大昌-新店,2023-08-21,6464
2630,亞航,16,0,16,大昌-新店,2023-08-21,6464
3078,僑威,33,17,16,大昌-新店,2023-08-21,6464
00772B,中信高評級公司債,15,0,15,大昌-新店,2023-08-21,6464
2812,台中銀,20,5,15,大昌-新店,2023-08-21,6464
00720B,元大投資級公司債,14,0,14,大昌-新店,2023-08-21,6464
5871,中租-KY,17,3,14,大昌-新店,2023-08-21,6464
2641,正德,14,0,14,大昌-新店,2023-08-21,6464
2419,仲琦,17,3,14,大昌-新店,2023-08-21,6464
2329,華泰,49,35,14,大昌-新店,2023-08-21,6464
00753L,中信中國50正2,17,4,13,大昌-新店,2023-08-21,6464
2402,毅嘉,18,5,13,大昌-新店,2023-08-21,6464
2887,台新金,22,10,12,大昌-新店,2023-08-21,6464
2408,南亞科,13,1,12,大昌-新店,2023-08-21,6464
2014,中鴻,15,3,12,大昌-新店,2023-08-21,6464
3024,憶聲,12,0,12,大昌-新店,2023-08-21,6464
2303,聯電,23,12,11,大昌-新店,2023-08-21,6464
00712,復華富時不動產,11,0,11,大昌-新店,2023-08-21,6464
1513,中興電,15,5,10,大昌-新店,2023-08-21,6464
00929,復華台灣科技優息,185,32,153,大昌-新店,2023-08-22,6464
00885,富邦越南,131,0,131,大昌-新店,2023-08-22,6464
00719B,元大美債1-3,90,0,90,大昌-新店,2023-08-22,6464
1513,中興電,86,13,73,大昌-新店,2023-08-22,6464
2211,長榮鋼,71,0,71,大昌-新店,2023-08-22,6464
2324,仁寶,113,45,68,大昌-新店,2023-08-22,6464
6108,競國,63,1,62,大昌-新店,2023-08-22,6464
00679B,元大美債20年,56,0,56,大昌-新店,2023-08-22,6464
00673R,期元大S＆P原油反1,63,10,53,大昌-新店,2023-08-22,6464
00712,復華富時不動產,48,3,45,大昌-新店,2023-08-22,6464
2356,英業達,80,37,43,大昌-新店,2023-08-22,6464
2363,矽統,143,104,39,大昌-新店,2023-08-22,6464
1301,台塑,40,1,39,大昌-新店,2023-08-22,6464
6282,康舒,65,29,36,大昌-新店,2023-08-22,6464
2409,友達,45,9,36,大昌-新店,2023-08-22,6464
2812,台中銀,37,2,35,大昌-新店,2023-08-22,6464
00882,中信中國高股息,46,11,35,大昌-新店,2023-08-22,6464
6170,統振,40,5,35,大昌-新店,2023-08-22,6464
2002,中鋼,30,1,29,大昌-新店,2023-08-22,6464
2353,宏��,68,39,29,大昌-新店,2023-08-22,6464
6125,廣運,75,47,28,大昌-新店,2023-08-22,6464
00637L,元大滬深300正2,64,37,27,大昌-新店,2023-08-22,6464
3231,緯創,162,136,26,大昌-新店,2023-08-22,6464
2618,長榮航,124,99,25,大昌-新店,2023-08-22,6464
00633L,富邦上証正2,29,6,23,大昌-新店,2023-08-22,6464
2421,建準,52,30,22,大昌-新店,2023-08-22,6464
2884,玉山金,22,0,22,大昌-新店,2023-08-22,6464
1504,東元,30,9,21,大昌-新店,2023-08-22,6464
5347,世界,20,0,20,大昌-新店,2023-08-22,6464
00795B,中信美國公債20年,19,0,19,大昌-新店,2023-08-22,6464
3078,僑威,50,31,19,大昌-新店,2023-08-22,6464
2399,映泰,25,6,19,大昌-新店,2023-08-22,6464
00772B,中信高評級公司債,18,0,18,大昌-新店,2023-08-22,6464
1444,力麗,22,4,18,大昌-新店,2023-08-22,6464
6177,達麗,20,2,18,大昌-新店,2023-08-22,6464
00931B,統一美債20年,18,0,18,大昌-新店,2023-08-22,6464
1609,大亞,24,8,16,大昌-新店,2023-08-22,6464
00907,永豐優息存股,16,0,16,大昌-新店,2023-08-22,6464
2323,中環,33,17,16,大昌-新店,2023-08-22,6464
2415,錩新,26,11,15,大昌-新店,2023-08-22,6464
1471,首利,68,53,15,大昌-新店,2023-08-22,6464
3583,辛耘,38,23,15,大昌-新店,2023-08-22,6464
2645,長榮航太,22,7,15,大昌-新店,2023-08-22,6464
2887,台新金,14,0,14,大昌-新店,2023-08-22,6464
2886,兆豐金,32,18,14,大昌-新店,2023-08-22,6464
2891,中信金,13,0,13,大昌-新店,2023-08-22,6464
2606,裕民,42,29,13,大昌-新店,2023-08-22,6464
3163,波若威,32,19,13,大昌-新店,2023-08-22,6464
3325,旭品,18,6,12,大昌-新店,2023-08-22,6464
8210,勤誠,23,11,12,大昌-新店,2023-08-22,6464
00720B,元大投資級公司債,108,0,108,大昌-新店,2023-08-23,6464
00637L,元大滬深300正2,163,61,102,大昌-新店,2023-08-23,6464
00664R,國泰臺灣加權反1,94,0,94,大昌-新店,2023-08-23,6464
2618,長榮航,130,59,71,大昌-新店,2023-08-23,6464
00878,國泰永續高股息,84,16,68,大昌-新店,2023-08-23,6464
3715,定穎投控,173,107,66,大昌-新店,2023-08-23,6464
2888,新光金,91,31,60,大昌-新店,2023-08-23,6464
2324,仁寶,91,43,48,大昌-新店,2023-08-23,6464
1513,中興電,56,9,47,大昌-新店,2023-08-23,6464
6282,康舒,110,65,45,大昌-新店,2023-08-23,6464
2610,華航,72,35,37,大昌-新店,2023-08-23,6464
2382,廣達,98,64,34,大昌-新店,2023-08-23,6464
3051,力特,45,14,31,大昌-新店,2023-08-23,6464
2312,金寶,31,4,27,大昌-新店,2023-08-23,6464
4114,健喬,23,0,23,大昌-新店,2023-08-23,6464
3005,神基,23,0,23,大昌-新店,2023-08-23,6464
3013,晟銘電,73,50,23,大昌-新店,2023-08-23,6464
2409,友達,66,44,22,大昌-新店,2023-08-23,6464
2303,聯電,76,56,20,大昌-新店,2023-08-23,6464
3312,弘憶股,20,1,19,大昌-新店,2023-08-23,6464
2329,華泰,54,36,18,大昌-新店,2023-08-23,6464
1101,台泥,18,1,17,大昌-新店,2023-08-23,6464
3217,優群,15,0,15,大昌-新店,2023-08-23,6464
9907,統一實,15,0,15,大昌-新店,2023-08-23,6464
2882,國泰金,14,0,14,大昌-新店,2023-08-23,6464
3078,僑威,27,13,14,大昌-新店,2023-08-23,6464
2615,萬海,15,1,14,大昌-新店,2023-08-23,6464
2103,台橡,14,0,14,大昌-新店,2023-08-23,6464
3058,立德,13,0,13,大昌-新店,2023-08-23,6464
2881,富邦金,13,0,13,大昌-新店,2023-08-23,6464
1314,中石化,13,0,13,大昌-新店,2023-08-23,6464
2317,鴻海,16,3,13,大昌-新店,2023-08-23,6464
2337,旺宏,15,3,12,大昌-新店,2023-08-23,6464
6108,競國,13,1,12,大昌-新店,2023-08-23,6464
3055,蔚華科,11,0,11,大昌-新店,2023-08-23,6464
2332,友訊,33,22,11,大昌-新店,2023-08-23,6464
6176,瑞儀,12,1,11,大昌-新店,2023-08-23,6464
6167,久正,30,19,11,大昌-新店,2023-08-23,6464
3693,營邦,29,19,10,大昌-新店,2023-08-23,6464
9933,中鼎,10,0,10,大昌-新店,2023-08-23,6464
6446,藥華藥,11,1,10,大昌-新店,2023-08-23,6464
00641R,富邦日本反1,10,0,10,大昌-新店,2023-08-23,6464
1802,台玻,10,0,10,大昌-新店,2023-08-23,6464
6016,康和證,10,0,10,大昌-新店,2023-08-23,6464
1609,大亞,27,17,10,大昌-新店,2023-08-23,6464
2302,麗正,10,1,9,大昌-新店,2023-08-23,6464
5236,凌陽創新,11,2,9,大昌-新店,2023-08-23,6464
6125,廣運,60,51,9,大昌-新店,2023-08-23,6464
2402,毅嘉,19,10,9,大昌-新店,2023-08-23,6464
00733,富邦臺灣中小,12,3,9,大昌-新店,2023-08-23,6464
00632R,元大台灣50反1,889,360,529,大昌-新店,2023-08-24,6464
00715L,期街口布蘭特正2,301,0,301,大昌-新店,2023-08-24,6464
00725B,國泰投資級公司債,130,0,130,大昌-新店,2023-08-24,6464
3231,緯創,296,195,101,大昌-新店,2023-08-24,6464
00923,群益台ESG低碳50,99,5,94,大昌-新店,2023-08-24,6464
2356,英業達,185,112,73,大昌-新店,2023-08-24,6464
2382,廣達,317,254,63,大昌-新店,2023-08-24,6464
2913,農林,71,15,56,大昌-新店,2023-08-24,6464
2603,長榮,56,5,51,大昌-新店,2023-08-24,6464
2883,凱基金,55,4,51,大昌-新店,2023-08-24,6464
4960,誠美材,50,9,41,大昌-新店,2023-08-24,6464
00648R,元大S＆P500反1,40,0,40,大昌-新店,2023-08-24,6464
2324,仁寶,125,87,38,大昌-新店,2023-08-24,6464
2609,陽明,45,8,37,大昌-新店,2023-08-24,6464
0056,元大高股息,103,66,37,大昌-新店,2023-08-24,6464
4164,承業醫,33,0,33,大昌-新店,2023-08-24,6464
2399,映泰,49,16,33,大昌-新店,2023-08-24,6464
2880,華南金,29,0,29,大昌-新店,2023-08-24,6464
2605,新興,28,0,28,大昌-新店,2023-08-24,6464
3058,立德,30,3,27,大昌-新店,2023-08-24,6464
3312,弘憶股,25,0,25,大昌-新店,2023-08-24,6464
3325,旭品,28,3,25,大昌-新店,2023-08-24,6464
3710,連展投控,30,5,25,大昌-新店,2023-08-24,6464
2002,中鋼,23,1,22,大昌-新店,2023-08-24,6464
2029,盛餘,22,0,22,大昌-新店,2023-08-24,6464
2884,玉山金,23,2,21,大昌-新店,2023-08-24,6464
2637,慧洋-KY,22,1,21,大昌-新店,2023-08-24,6464
2618,長榮航,83,63,20,大昌-新店,2023-08-24,6464
2882,國泰金,19,2,17,大昌-新店,2023-08-24,6464
1314,中石化,20,3,17,大昌-新店,2023-08-24,6464
5258,虹堡,16,0,16,大昌-新店,2023-08-24,6464
2332,友訊,42,26,16,大昌-新店,2023-08-24,6464
00679B,元大美債20年,16,0,16,大昌-新店,2023-08-24,6464
5284,jpp-KY,16,0,16,大昌-新店,2023-08-24,6464
2449,京元電子,98,82,16,大昌-新店,2023-08-24,6464
1802,台玻,17,2,15,大昌-新店,2023-08-24,6464
3013,晟銘電,43,28,15,大昌-新店,2023-08-24,6464
5309,系統電,15,0,15,大昌-新店,2023-08-24,6464
00641R,富邦日本反1,15,0,15,大昌-新店,2023-08-24,6464
8027,鈦昇,33,18,15,大昌-新店,2023-08-24,6464
3596,智易,39,25,14,大昌-新店,2023-08-24,6464
2329,華泰,45,31,14,大昌-新店,2023-08-24,6464
3706,神達,55,42,13,大昌-新店,2023-08-24,6464
2615,萬海,15,2,13,大昌-新店,2023-08-24,6464
00882,中信中國高股息,22,10,12,大昌-新店,2023-08-24,6464
2888,新光金,43,31,12,大昌-新店,2023-08-24,6464
2468,華經,12,0,12,大昌-新店,2023-08-24,6464
5009,榮剛,14,2,12,大昌-新店,2023-08-24,6464
1517,利奇,18,6,12,大昌-新店,2023-08-24,6464
6470,宇智,13,1,12,大昌-新店,2023-08-24,6464
00878,國泰永續高股息,267,13,254,大昌-新店,2023-08-25,6464
3231,緯創,288,91,197,大昌-新店,2023-08-25,6464
2618,長榮航,243,57,186,大昌-新店,2023-08-25,6464
00929,復華台灣科技優息,168,5,163,大昌-新店,2023-08-25,6464
2634,漢翔,141,37,104,大昌-新店,2023-08-25,6464
2382,廣達,202,99,103,大昌-新店,2023-08-25,6464
2882,國泰金,95,1,94,大昌-新店,2023-08-25,6464
00665L,富邦�琤肭磪囓�2,153,60,93,大昌-新店,2023-08-25,6464
00919,群益台灣精選高息,91,1,90,大昌-新店,2023-08-25,6464
2356,英業達,136,53,83,大昌-新店,2023-08-25,6464
2369,菱生,67,6,61,大昌-新店,2023-08-25,6464
2610,華航,85,32,53,大昌-新店,2023-08-25,6464
2303,聯電,62,16,46,大昌-新店,2023-08-25,6464
2324,仁寶,99,55,44,大昌-新店,2023-08-25,6464
2353,宏��,64,20,44,大昌-新店,2023-08-25,6464
1314,中石化,81,37,44,大昌-新店,2023-08-25,6464
2330,台積電,40,3,37,大昌-新店,2023-08-25,6464
0056,元大高股息,46,16,30,大昌-新店,2023-08-25,6464
3163,波若威,37,7,30,大昌-新店,2023-08-25,6464
2707,晶華,31,2,29,大昌-新店,2023-08-25,6464
3037,欣興,66,39,27,大昌-新店,2023-08-25,6464
2301,光寶科,37,11,26,大昌-新店,2023-08-25,6464
00632R,元大台灣50反1,180,155,25,大昌-新店,2023-08-25,6464
2363,矽統,129,105,24,大昌-新店,2023-08-25,6464
00650L,復華香港正2,24,0,24,大昌-新店,2023-08-25,6464
00900,富邦特選高股息30,24,0,24,大昌-新店,2023-08-25,6464
00631L,元大台灣50正2,23,0,23,大昌-新店,2023-08-25,6464
2329,華泰,40,19,21,大昌-新店,2023-08-25,6464
00893,國泰智能電動車,22,1,21,大昌-新店,2023-08-25,6464
00830,國泰費城半導體,20,0,20,大昌-新店,2023-08-25,6464
00671R,富邦NASDAQ反1,20,0,20,大昌-新店,2023-08-25,6464
2105,正新,20,0,20,大昌-新店,2023-08-25,6464
5512,力麒,20,0,20,大昌-新店,2023-08-25,6464
0050,元大台灣50,39,21,18,大昌-新店,2023-08-25,6464
2705,六福,18,0,18,大昌-新店,2023-08-25,6464
8222,寶一,25,7,18,大昌-新店,2023-08-25,6464
3325,旭品,18,0,18,大昌-新店,2023-08-25,6464
6257,矽格,21,3,18,大昌-新店,2023-08-25,6464
3017,奇鋐,38,21,17,大昌-新店,2023-08-25,6464
2399,映泰,23,6,17,大昌-新店,2023-08-25,6464
6284,佳邦,19,2,17,大昌-新店,2023-08-25,6464
3715,定穎投控,50,34,16,大昌-新店,2023-08-25,6464
2409,友達,40,25,15,大昌-新店,2023-08-25,6464
2891,中信金,15,0,15,大昌-新店,2023-08-25,6464
00679B,元大美債20年,14,0,14,大昌-新店,2023-08-25,6464
6282,康舒,29,15,14,大昌-新店,2023-08-25,6464
3324,雙鴻,17,3,14,大昌-新店,2023-08-25,6464
2002,中鋼,27,15,12,大昌-新店,2023-08-25,6464
2892,第一金,12,0,12,大昌-新店,2023-08-25,6464
2736,富野,13,2,11,大昌-新店,2023-08-25,6464
00929,復華台灣科技優息,297,14,283,大昌-新店,2023-08-28,6464
2618,長榮航,199,91,108,大昌-新店,2023-08-28,6464
3706,神達,82,25,57,大昌-新店,2023-08-28,6464
5608,四維航,55,0,55,大昌-新店,2023-08-28,6464
2352,佳世達,60,5,55,大昌-新店,2023-08-28,6464
2409,友達,101,51,50,大昌-新店,2023-08-28,6464
1802,台玻,61,12,49,大昌-新店,2023-08-28,6464
2404,漢唐,46,0,46,大昌-新店,2023-08-28,6464
2317,鴻海,50,6,44,大昌-新店,2023-08-28,6464
2401,凌陽,55,13,42,大昌-新店,2023-08-28,6464
1445,大宇,38,0,38,大昌-新店,2023-08-28,6464
2388,威盛,65,28,37,大昌-新店,2023-08-28,6464
3231,緯創,139,104,35,大昌-新店,2023-08-28,6464
2882,國泰金,61,26,35,大昌-新店,2023-08-28,6464
2369,菱生,38,4,34,大昌-新店,2023-08-28,6464
00878,國泰永續高股息,103,70,33,大昌-新店,2023-08-28,6464
2323,中環,33,0,33,大昌-新店,2023-08-28,6464
00679B,元大美債20年,33,0,33,大昌-新店,2023-08-28,6464
6125,廣運,45,15,30,大昌-新店,2023-08-28,6464
3481,群創,40,10,30,大昌-新店,2023-08-28,6464
2399,映泰,32,3,29,大昌-新店,2023-08-28,6464
2485,兆赫,40,13,27,大昌-新店,2023-08-28,6464
2301,光寶科,34,11,23,大昌-新店,2023-08-28,6464
9941,裕融,27,4,23,大昌-新店,2023-08-28,6464
2891,中信金,25,3,22,大昌-新店,2023-08-28,6464
2515,中工,21,0,21,大昌-新店,2023-08-28,6464
2610,華航,71,51,20,大昌-新店,2023-08-28,6464
2371,大同,21,1,20,大昌-新店,2023-08-28,6464
1308,亞聚,20,0,20,大昌-新店,2023-08-28,6464
3673,TPK-KY,20,0,20,大昌-新店,2023-08-28,6464
00715L,期街口布蘭特正2,32,15,17,大昌-新店,2023-08-28,6464
00664R,國泰臺灣加權反1,17,0,17,大昌-新店,2023-08-28,6464
3325,旭品,21,4,17,大昌-新店,2023-08-28,6464
4906,正文,51,35,16,大昌-新店,2023-08-28,6464
2630,亞航,28,12,16,大昌-新店,2023-08-28,6464
2606,裕民,16,0,16,大昌-新店,2023-08-28,6464
6234,高僑,19,3,16,大昌-新店,2023-08-28,6464
3704,合勤控,20,5,15,大昌-新店,2023-08-28,6464
00641R,富邦日本反1,15,0,15,大昌-新店,2023-08-28,6464
2516,新建,15,0,15,大昌-新店,2023-08-28,6464
6418,詠昇,23,8,15,大昌-新店,2023-08-28,6464
6265,方土昶,14,0,14,大昌-新店,2023-08-28,6464
3702,大聯大,14,0,14,大昌-新店,2023-08-28,6464
4147,中裕,14,1,13,大昌-新店,2023-08-28,6464
1609,大亞,21,8,13,大昌-新店,2023-08-28,6464
1810,和成,12,0,12,大昌-新店,2023-08-28,6464
6592,和潤企業,12,0,12,大昌-新店,2023-08-28,6464
6274,台燿,16,5,11,大昌-新店,2023-08-28,6464
3163,波若威,18,7,11,大昌-新店,2023-08-28,6464
3037,欣興,22,11,11,大昌-新店,2023-08-28,6464
2317,鴻海,172,21,151,大昌-新店,2023-08-29,6464
00929,復華台灣科技優息,93,13,80,大昌-新店,2023-08-29,6464
1445,大宇,76,2,74,大昌-新店,2023-08-29,6464
1314,中石化,63,1,62,大昌-新店,2023-08-29,6464
2002,中鋼,67,12,55,大昌-新店,2023-08-29,6464
2882,國泰金,61,15,46,大昌-新店,2023-08-29,6464
3466,德晉,45,0,45,大昌-新店,2023-08-29,6464
2363,矽統,176,143,33,大昌-新店,2023-08-29,6464
2618,長榮航,77,48,29,大昌-新店,2023-08-29,6464
2303,聯電,64,39,25,大昌-新店,2023-08-29,6464
2516,新建,24,0,24,大昌-新店,2023-08-29,6464
2834,臺企銀,23,1,22,大昌-新店,2023-08-29,6464
2816,旺旺保,25,4,21,大昌-新店,2023-08-29,6464
2344,華邦電,26,6,20,大昌-新店,2023-08-29,6464
6170,統振,22,2,20,大昌-新店,2023-08-29,6464
6148,驊宏資,20,0,20,大昌-新店,2023-08-29,6464
6116,彩晶,20,2,18,大昌-新店,2023-08-29,6464
00878,國泰永續高股息,38,21,17,大昌-新店,2023-08-29,6464
00664R,國泰臺灣加權反1,17,0,17,大昌-新店,2023-08-29,6464
00637L,元大滬深300正2,87,71,16,大昌-新店,2023-08-29,6464
6443,元晶,25,9,16,大昌-新店,2023-08-29,6464
3308,聯德,53,38,15,大昌-新店,2023-08-29,6464
1504,東元,25,10,15,大昌-新店,2023-08-29,6464
2377,微星,17,3,14,大昌-新店,2023-08-29,6464
6129,普誠,13,0,13,大昌-新店,2023-08-29,6464
1471,首利,42,30,12,大昌-新店,2023-08-29,6464
3481,群創,19,7,12,大昌-新店,2023-08-29,6464
5284,jpp-KY,15,4,11,大昌-新店,2023-08-29,6464
3702,大聯大,11,0,11,大昌-新店,2023-08-29,6464
2027,大成鋼,11,0,11,大昌-新店,2023-08-29,6464
3305,昇貿,11,0,11,大昌-新店,2023-08-29,6464
2301,光寶科,19,9,10,大昌-新店,2023-08-29,6464
2615,萬海,11,1,10,大昌-新店,2023-08-29,6464
2355,敬鵬,11,1,10,大昌-新店,2023-08-29,6464
3617,碩天,26,16,10,大昌-新店,2023-08-29,6464
2481,強茂,10,0,10,大昌-新店,2023-08-29,6464
5225,東科-KY,10,0,10,大昌-新店,2023-08-29,6464
2880,華南金,9,0,9,大昌-新店,2023-08-29,6464
1409,新纖,9,0,9,大昌-新店,2023-08-29,6464
6282,康舒,17,9,8,大昌-新店,2023-08-29,6464
6753,龍德造船,8,0,8,大昌-新店,2023-08-29,6464
1737,臺鹽,10,2,8,大昌-新店,2023-08-29,6464
00712,復華富時不動產,11,3,8,大昌-新店,2023-08-29,6464
1786,科妍,8,0,8,大昌-新店,2023-08-29,6464
6122,擎邦,9,1,8,大昌-新店,2023-08-29,6464
4114,健喬,10,2,8,大昌-新店,2023-08-29,6464
8033,雷虎,9,1,8,大昌-新店,2023-08-29,6464
1101,台泥,7,0,7,大昌-新店,2023-08-29,6464
00675L,富邦臺灣加權正2,7,0,7,大昌-新店,2023-08-29,6464
3078,僑威,11,4,7,大昌-新店,2023-08-29,6464
2882,國泰金,212,3,209,大昌-新店,2023-08-30,6464
3481,群創,160,31,129,大昌-新店,2023-08-30,6464
00632R,元大台灣50反1,128,16,112,大昌-新店,2023-08-30,6464
2002,中鋼,117,7,110,大昌-新店,2023-08-30,6464
00919,群益台灣精選高息,111,10,101,大昌-新店,2023-08-30,6464
2340,台亞,93,6,87,大昌-新店,2023-08-30,6464
00772B,中信高評級公司債,110,27,83,大昌-新店,2023-08-30,6464
2618,長榮航,124,48,76,大昌-新店,2023-08-30,6464
00637L,元大滬深300正2,95,41,54,大昌-新店,2023-08-30,6464
1471,首利,47,1,46,大昌-新店,2023-08-30,6464
2382,廣達,191,146,45,大昌-新店,2023-08-30,6464
00648R,元大S＆P500反1,40,0,40,大昌-新店,2023-08-30,6464
1815,富喬,40,2,38,大昌-新店,2023-08-30,6464
1445,大宇,37,0,37,大昌-新店,2023-08-30,6464
5009,榮剛,44,8,36,大昌-新店,2023-08-30,6464
6126,信音,40,5,35,大昌-新店,2023-08-30,6464
00665L,富邦�琤肭磪囓�2,33,0,33,大昌-新店,2023-08-30,6464
2324,仁寶,36,5,31,大昌-新店,2023-08-30,6464
6016,康和證,31,1,30,大昌-新店,2023-08-30,6464
00642U,期元大S＆P石油,30,0,30,大昌-新店,2023-08-30,6464
2359,所羅門,30,1,29,大昌-新店,2023-08-30,6464
2301,光寶科,30,5,25,大昌-新店,2023-08-30,6464
2610,華航,54,33,21,大昌-新店,2023-08-30,6464
2485,兆赫,51,34,17,大昌-新店,2023-08-30,6464
3035,智原,41,25,16,大昌-新店,2023-08-30,6464
2838,聯邦銀,18,2,16,大昌-新店,2023-08-30,6464
3704,合勤控,16,1,15,大昌-新店,2023-08-30,6464
00673R,期元大S＆P原油反1,15,0,15,大昌-新店,2023-08-30,6464
2834,臺企銀,14,0,14,大昌-新店,2023-08-30,6464
3548,兆利,16,2,14,大昌-新店,2023-08-30,6464
3455,由田,14,0,14,大昌-新店,2023-08-30,6464
6806,森崴能源,18,5,13,大昌-新店,2023-08-30,6464
6191,精成科,34,21,13,大昌-新店,2023-08-30,6464
3227,原相,13,0,13,大昌-新店,2023-08-30,6464
8027,鈦昇,12,0,12,大昌-新店,2023-08-30,6464
2344,華邦電,36,24,12,大昌-新店,2023-08-30,6464
2331,精英,21,10,11,大昌-新店,2023-08-30,6464
6613,朋億*,11,0,11,大昌-新店,2023-08-30,6464
6861,睿生光電,11,0,11,大昌-新店,2023-08-30,6464
8069,元太,16,5,11,大昌-新店,2023-08-30,6464
6140,訊達,10,0,10,大昌-新店,2023-08-30,6464
1709,和益,10,0,10,大昌-新店,2023-08-30,6464
1101,台泥,10,0,10,大昌-新店,2023-08-30,6464
1312,國喬,10,0,10,大昌-新店,2023-08-30,6464
00688L,國泰20年美債正2,10,0,10,大昌-新店,2023-08-30,6464
00670L,富邦NASDAQ正2,10,0,10,大昌-新店,2023-08-30,6464
8930,青鋼,10,0,10,大昌-新店,2023-08-30,6464
6188,廣明,11,1,10,大昌-新店,2023-08-30,6464
2303,聯電,58,49,9,大昌-新店,2023-08-30,6464
2421,建準,24,15,9,大昌-新店,2023-08-30,6464
2888,新光金,201,1,200,大昌-新店,2023-08-31,6464
3706,神達,97,24,73,大昌-新店,2023-08-31,6464
2303,聯電,89,17,72,大昌-新店,2023-08-31,6464
00929,復華台灣科技優息,85,19,66,大昌-新店,2023-08-31,6464
00652,富邦印度,60,0,60,大昌-新店,2023-08-31,6464
2618,長榮航,128,71,57,大昌-新店,2023-08-31,6464
2498,宏達電,55,3,52,大昌-新店,2023-08-31,6464
1471,首利,76,29,47,大昌-新店,2023-08-31,6464
2883,凱基金,62,16,46,大昌-新店,2023-08-31,6464
2211,長榮鋼,45,0,45,大昌-新店,2023-08-31,6464
1802,台玻,67,27,40,大昌-新店,2023-08-31,6464
00679B,元大美債20年,39,8,31,大昌-新店,2023-08-31,6464
6170,統振,33,3,30,大昌-新店,2023-08-31,6464
6244,茂迪,30,0,30,大昌-新店,2023-08-31,6464
1305,華夏,29,0,29,大昌-新店,2023-08-31,6464
2610,華航,80,54,26,大昌-新店,2023-08-31,6464
2324,仁寶,45,20,25,大昌-新店,2023-08-31,6464
1402,遠東新,25,0,25,大昌-新店,2023-08-31,6464
3058,立德,25,0,25,大昌-新店,2023-08-31,6464
00878,國泰永續高股息,29,5,24,大昌-新店,2023-08-31,6464
2615,萬海,34,11,23,大昌-新店,2023-08-31,6464
2886,兆豐金,20,0,20,大昌-新店,2023-08-31,6464
00923,群益台ESG低碳50,19,0,19,大昌-新店,2023-08-31,6464
00919,群益台灣精選高息,17,0,17,大昌-新店,2023-08-31,6464
00637L,元大滬深300正2,129,112,17,大昌-新店,2023-08-31,6464
5381,合正,30,13,17,大昌-新店,2023-08-31,6464
2892,第一金,21,5,16,大昌-新店,2023-08-31,6464
1531,高林股,15,0,15,大昌-新店,2023-08-31,6464
4906,正文,18,3,15,大昌-新店,2023-08-31,6464
2884,玉山金,14,0,14,大昌-新店,2023-08-31,6464
2355,敬鵬,17,3,14,大昌-新店,2023-08-31,6464
1734,杏輝,14,0,14,大昌-新店,2023-08-31,6464
2376,技嘉,38,24,14,大昌-新店,2023-08-31,6464
1809,中釉,13,0,13,大昌-新店,2023-08-31,6464
4938,和碩,18,5,13,大昌-新店,2023-08-31,6464
6147,頎邦,15,2,13,大昌-新店,2023-08-31,6464
3548,兆利,12,0,12,大昌-新店,2023-08-31,6464
2616,山隆,12,0,12,大昌-新店,2023-08-31,6464
5425,台半,13,1,12,大昌-新店,2023-08-31,6464
8033,雷虎,17,5,12,大昌-新店,2023-08-31,6464
00882,中信中國高股息,12,0,12,大昌-新店,2023-08-31,6464
00670L,富邦NASDAQ正2,12,0,12,大昌-新店,2023-08-31,6464
2891,中信金,27,16,11,大昌-新店,2023-08-31,6464
1528,恩德,11,0,11,大昌-新店,2023-08-31,6464
6770,力積電,22,11,11,大昌-新店,2023-08-31,6464
2201,裕隆,25,14,11,大昌-新店,2023-08-31,6464
0056,元大高股息,12,2,10,大昌-新店,2023-08-31,6464
00641R,富邦日本反1,10,0,10,大昌-新店,2023-08-31,6464
2371,大同,13,3,10,大昌-新店,2023-08-31,6464
00764B,群益25年美債,10,0,10,大昌-新店,2023-08-31,6464
00932,兆豐永續高息等權,225,0,225,大昌-新店,2023-09-01,6464
3231,緯創,216,85,131,大昌-新店,2023-09-01,6464
00929,復華台灣科技優息,156,54,102,大昌-新店,2023-09-01,6464
2014,中鴻,100,1,99,大昌-新店,2023-09-01,6464
00673R,期元大S＆P原油反1,88,0,88,大昌-新店,2023-09-01,6464
00772B,中信高評級公司債,90,2,88,大昌-新店,2023-09-01,6464
1445,大宇,75,0,75,大昌-新店,2023-09-01,6464
2883,凱基金,71,13,58,大昌-新店,2023-09-01,6464
6257,矽格,60,4,56,大昌-新店,2023-09-01,6464
1605,華新,65,13,52,大昌-新店,2023-09-01,6464
2356,英業達,111,60,51,大昌-新店,2023-09-01,6464
2603,長榮,51,7,44,大昌-新店,2023-09-01,6464
2301,光寶科,57,22,35,大昌-新店,2023-09-01,6464
00679B,元大美債20年,35,1,34,大昌-新店,2023-09-01,6464
3078,僑威,44,13,31,大昌-新店,2023-09-01,6464
2359,所羅門,41,10,31,大昌-新店,2023-09-01,6464
1810,和成,40,10,30,大昌-新店,2023-09-01,6464
3257,虹冠電,37,7,30,大昌-新店,2023-09-01,6464
1522,堤維西,72,44,28,大昌-新店,2023-09-01,6464
3037,欣興,31,5,26,大昌-新店,2023-09-01,6464
2337,旺宏,49,24,25,大昌-新店,2023-09-01,6464
1471,首利,31,7,24,大昌-新店,2023-09-01,6464
3308,聯德,55,32,23,大昌-新店,2023-09-01,6464
1616,億泰,22,0,22,大昌-新店,2023-09-01,6464
2382,廣達,158,138,20,大昌-新店,2023-09-01,6464
3207,耀勝,21,1,20,大昌-新店,2023-09-01,6464
1806,冠軍,20,0,20,大昌-新店,2023-09-01,6464
5289,宜鼎,20,1,19,大昌-新店,2023-09-01,6464
2881,富邦金,25,6,19,大昌-新店,2023-09-01,6464
2317,鴻海,30,12,18,大昌-新店,2023-09-01,6464
3704,合勤控,20,2,18,大昌-新店,2023-09-01,6464
3059,華晶科,24,6,18,大昌-新店,2023-09-01,6464
2421,建準,40,22,18,大昌-新店,2023-09-01,6464
1608,華榮,18,1,17,大昌-新店,2023-09-01,6464
2402,毅嘉,69,52,17,大昌-新店,2023-09-01,6464
2324,仁寶,33,16,17,大昌-新店,2023-09-01,6464
8210,勤誠,60,45,15,大昌-新店,2023-09-01,6464
2399,映泰,39,24,15,大昌-新店,2023-09-01,6464
6170,統振,19,4,15,大昌-新店,2023-09-01,6464
1609,大亞,21,6,15,大昌-新店,2023-09-01,6464
2485,兆赫,69,55,14,大昌-新店,2023-09-01,6464
6547,高端疫苗,20,6,14,大昌-新店,2023-09-01,6464
2329,華泰,47,33,14,大昌-新店,2023-09-01,6464
6126,信音,31,19,12,大昌-新店,2023-09-01,6464
00712,復華富時不動產,12,0,12,大昌-新店,2023-09-01,6464
3264,欣銓,13,1,12,大昌-新店,2023-09-01,6464
5347,世界,14,3,11,大昌-新店,2023-09-01,6464
2472,立隆電,12,1,11,大昌-新店,2023-09-01,6464
2891,中信金,37,26,11,大昌-新店,2023-09-01,6464
6282,康舒,86,75,11,大昌-新店,2023-09-01,6464
00919,群益台灣精選高息,228,18,210,大昌-新店,2023-09-04,6464
00929,復華台灣科技優息,287,121,166,大昌-新店,2023-09-04,6464
00687B,國泰20年美債,141,0,141,大昌-新店,2023-09-04,6464
1802,台玻,132,29,103,大昌-新店,2023-09-04,6464
00719B,元大美債1-3,100,0,100,大昌-新店,2023-09-04,6464
1314,中石化,103,4,99,大昌-新店,2023-09-04,6464
8110,華東,91,5,86,大昌-新店,2023-09-04,6464
2409,友達,112,29,83,大昌-新店,2023-09-04,6464
2888,新光金,133,50,83,大昌-新店,2023-09-04,6464
8222,寶一,81,1,80,大昌-新店,2023-09-04,6464
00632R,元大台灣50反1,161,87,74,大昌-新店,2023-09-04,6464
2363,矽統,81,26,55,大昌-新店,2023-09-04,6464
2618,長榮航,63,10,53,大昌-新店,2023-09-04,6464
9945,潤泰新,94,42,52,大昌-新店,2023-09-04,6464
1905,華紙,55,3,52,大昌-新店,2023-09-04,6464
2371,大同,94,45,49,大昌-新店,2023-09-04,6464
00915,凱基優選高股息30,44,0,44,大昌-新店,2023-09-04,6464
00679B,元大美債20年,41,0,41,大昌-新店,2023-09-04,6464
2323,中環,38,2,36,大昌-新店,2023-09-04,6464
2867,三商壽,37,4,33,大昌-新店,2023-09-04,6464
2340,台亞,36,4,32,大昌-新店,2023-09-04,6464
2402,毅嘉,85,55,30,大昌-新店,2023-09-04,6464
4908,前鼎,30,0,30,大昌-新店,2023-09-04,6464
2492,華新科,40,11,29,大昌-新店,2023-09-04,6464
00673R,期元大S＆P原油反1,29,0,29,大昌-新店,2023-09-04,6464
2337,旺宏,57,31,26,大昌-新店,2023-09-04,6464
00688L,國泰20年美債正2,25,0,25,大昌-新店,2023-09-04,6464
2641,正德,50,25,25,大昌-新店,2023-09-04,6464
3715,定穎投控,55,32,23,大昌-新店,2023-09-04,6464
2201,裕隆,77,55,22,大昌-新店,2023-09-04,6464
2634,漢翔,27,9,18,大昌-新店,2023-09-04,6464
3290,東浦,19,1,18,大昌-新店,2023-09-04,6464
5009,榮剛,56,39,17,大昌-新店,2023-09-04,6464
00772B,中信高評級公司債,16,0,16,大昌-新店,2023-09-04,6464
6125,廣運,20,4,16,大昌-新店,2023-09-04,6464
2838,聯邦銀,15,0,15,大昌-新店,2023-09-04,6464
3481,群創,94,80,14,大昌-新店,2023-09-04,6464
2630,亞航,14,0,14,大昌-新店,2023-09-04,6464
00932,兆豐永續高息等權,18,4,14,大昌-新店,2023-09-04,6464
4931,新盛力,14,0,14,大昌-新店,2023-09-04,6464
1626,艾美特-KY,14,0,14,大昌-新店,2023-09-04,6464
1513,中興電,15,1,14,大昌-新店,2023-09-04,6464
6418,詠昇,20,7,13,大昌-新店,2023-09-04,6464
4154,樂威科-KY,13,0,13,大昌-新店,2023-09-04,6464
00713,元大台灣高息低波,12,0,12,大昌-新店,2023-09-04,6464
3071,協禧,15,3,12,大昌-新店,2023-09-04,6464
2332,友訊,28,16,12,大昌-新店,2023-09-04,6464
1101,台泥,13,2,11,大昌-新店,2023-09-04,6464
5880,合庫金,11,0,11,大昌-新店,2023-09-04,6464
6213,聯茂,28,17,11,大昌-新店,2023-09-04,6464
00929,復華台灣科技優息,995,308,687,大昌-新店,2023-09-05,6464
00919,群益台灣精選高息,204,46,158,大昌-新店,2023-09-05,6464
00932,兆豐永續高息等權,125,20,105,大昌-新店,2023-09-05,6464
00900,富邦特選高股息30,105,5,100,大昌-新店,2023-09-05,6464
2816,旺旺保,85,0,85,大昌-新店,2023-09-05,6464
00712,復華富時不動產,62,1,61,大昌-新店,2023-09-05,6464
2641,正德,61,0,61,大昌-新店,2023-09-05,6464
00687B,國泰20年美債,46,0,46,大昌-新店,2023-09-05,6464
2610,華航,77,34,43,大昌-新店,2023-09-05,6464
2331,精英,67,27,40,大昌-新店,2023-09-05,6464
00882,中信中國高股息,34,0,34,大昌-新店,2023-09-05,6464
00719B,元大美債1-3,30,0,30,大昌-新店,2023-09-05,6464
6182,合晶,33,4,29,大昌-新店,2023-09-05,6464
00679B,元大美債20年,27,0,27,大昌-新店,2023-09-05,6464
2344,華邦電,57,30,27,大昌-新店,2023-09-05,6464
1517,利奇,28,1,27,大昌-新店,2023-09-05,6464
2201,裕隆,45,18,27,大昌-新店,2023-09-05,6464
3231,緯創,50,24,26,大昌-新店,2023-09-05,6464
2881,富邦金,30,5,25,大昌-新店,2023-09-05,6464
2618,長榮航,156,131,25,大昌-新店,2023-09-05,6464
2634,漢翔,47,23,24,大昌-新店,2023-09-05,6464
1609,大亞,33,12,21,大昌-新店,2023-09-05,6464
9929,秋雨,20,0,20,大昌-新店,2023-09-05,6464
3217,優群,24,6,18,大昌-新店,2023-09-05,6464
6248,沛波,15,0,15,大昌-新店,2023-09-05,6464
6122,擎邦,42,27,15,大昌-新店,2023-09-05,6464
5009,榮剛,15,1,14,大昌-新店,2023-09-05,6464
1608,華榮,14,0,14,大昌-新店,2023-09-05,6464
00850,元大臺灣ESG永續,14,0,14,大昌-新店,2023-09-05,6464
1584,精剛,16,2,14,大昌-新店,2023-09-05,6464
6235,華孚,29,16,13,大昌-新店,2023-09-05,6464
2485,兆赫,27,14,13,大昌-新店,2023-09-05,6464
2409,友達,99,86,13,大昌-新店,2023-09-05,6464
2363,矽統,92,79,13,大昌-新店,2023-09-05,6464
2834,臺企銀,16,4,12,大昌-新店,2023-09-05,6464
1312,國喬,12,0,12,大昌-新店,2023-09-05,6464
6217,中探針,13,1,12,大昌-新店,2023-09-05,6464
2476,鉅祥,14,2,12,大昌-新店,2023-09-05,6464
3014,聯陽,22,11,11,大昌-新店,2023-09-05,6464
4154,樂威科-KY,11,0,11,大昌-新店,2023-09-05,6464
00690,兆豐藍籌30,11,0,11,大昌-新店,2023-09-05,6464
2066,世德,11,0,11,大昌-新店,2023-09-05,6464
2376,技嘉,28,17,11,大昌-新店,2023-09-05,6464
2312,金寶,20,10,10,大昌-新店,2023-09-05,6464
00664R,國泰臺灣加權反1,10,0,10,大昌-新店,2023-09-05,6464
2349,錸德,10,0,10,大昌-新店,2023-09-05,6464
2516,新建,10,0,10,大昌-新店,2023-09-05,6464
1616,億泰,10,0,10,大昌-新店,2023-09-05,6464
4147,中裕,9,0,9,大昌-新店,2023-09-05,6464
3715,定穎投控,42,33,9,大昌-新店,2023-09-05,6464
1102,亞泥,305,16,289,大昌-新店,2023-09-06,6464
00929,復華台灣科技優息,398,120,278,大昌-新店,2023-09-06,6464
2409,友達,287,124,163,大昌-新店,2023-09-06,6464
00665L,富邦�琤肭磪囓�2,234,101,133,大昌-新店,2023-09-06,6464
3481,群創,183,59,124,大昌-新店,2023-09-06,6464
1802,台玻,98,13,85,大昌-新店,2023-09-06,6464
00919,群益台灣精選高息,182,103,79,大昌-新店,2023-09-06,6464
1101,台泥,98,20,78,大昌-新店,2023-09-06,6464
2401,凌陽,163,98,65,大昌-新店,2023-09-06,6464
3024,憶聲,94,30,64,大昌-新店,2023-09-06,6464
00725B,國泰投資級公司債,60,0,60,大昌-新店,2023-09-06,6464
00932,兆豐永續高息等權,113,60,53,大昌-新店,2023-09-06,6464
2906,高林,51,1,50,大昌-新店,2023-09-06,6464
4906,正文,53,4,49,大昌-新店,2023-09-06,6464
00882,中信中國高股息,56,16,40,大昌-新店,2023-09-06,6464
6153,嘉聯益,39,0,39,大昌-新店,2023-09-06,6464
6191,精成科,51,15,36,大昌-新店,2023-09-06,6464
2883B,凱基金乙特,34,0,34,大昌-新店,2023-09-06,6464
00687B,國泰20年美債,34,0,34,大昌-新店,2023-09-06,6464
2886,兆豐金,33,0,33,大昌-新店,2023-09-06,6464
5425,台半,33,0,33,大昌-新店,2023-09-06,6464
3257,虹冠電,33,0,33,大昌-新店,2023-09-06,6464
00641R,富邦日本反1,30,0,30,大昌-新店,2023-09-06,6464
2201,裕隆,44,16,28,大昌-新店,2023-09-06,6464
00679B,元大美債20年,30,2,28,大昌-新店,2023-09-06,6464
2881,富邦金,35,8,27,大昌-新店,2023-09-06,6464
2883,凱基金,38,12,26,大昌-新店,2023-09-06,6464
6182,合晶,34,9,25,大昌-新店,2023-09-06,6464
2388,威盛,43,19,24,大昌-新店,2023-09-06,6464
2002,中鋼,23,0,23,大昌-新店,2023-09-06,6464
2421,建準,31,8,23,大昌-新店,2023-09-06,6464
00637L,元大滬深300正2,58,37,21,大昌-新店,2023-09-06,6464
00931B,統一美債20年,22,1,21,大昌-新店,2023-09-06,6464
00688L,國泰20年美債正2,20,0,20,大昌-新店,2023-09-06,6464
6016,康和證,20,0,20,大昌-新店,2023-09-06,6464
00694B,富邦美債1-3,20,0,20,大昌-新店,2023-09-06,6464
1451,年興,19,0,19,大昌-新店,2023-09-06,6464
3044,健鼎,29,10,19,大昌-新店,2023-09-06,6464
6158,禾昌,20,1,19,大昌-新店,2023-09-06,6464
8110,華東,21,3,18,大昌-新店,2023-09-06,6464
1471,首利,22,4,18,大昌-新店,2023-09-06,6464
6274,台燿,32,14,18,大昌-新店,2023-09-06,6464
2884,玉山金,17,0,17,大昌-新店,2023-09-06,6464
1218,泰山,17,0,17,大昌-新店,2023-09-06,6464
5381,合正,28,11,17,大昌-新店,2023-09-06,6464
00751B,元大AAA至A公司債,16,0,16,大昌-新店,2023-09-06,6464
1217,愛之味,20,4,16,大昌-新店,2023-09-06,6464
6116,彩晶,15,0,15,大昌-新店,2023-09-06,6464
2618,長榮航,24,9,15,大昌-新店,2023-09-06,6464
2449,京元電子,32,18,14,大昌-新店,2023-09-06,6464
00919,群益台灣精選高息,102,6,96,大昌-新店,2023-09-07,6464
3024,憶聲,63,0,63,大昌-新店,2023-09-07,6464
00902,中信電池及儲能,62,1,61,大昌-新店,2023-09-07,6464
00929,復華台灣科技優息,289,230,59,大昌-新店,2023-09-07,6464
2618,長榮航,83,27,56,大昌-新店,2023-09-07,6464
2324,仁寶,56,1,55,大昌-新店,2023-09-07,6464
3481,群創,72,17,55,大昌-新店,2023-09-07,6464
2369,菱生,50,0,50,大昌-新店,2023-09-07,6464
00679B,元大美債20年,46,0,46,大昌-新店,2023-09-07,6464
00918,大華優利高填息30,42,0,42,大昌-新店,2023-09-07,6464
3231,緯創,67,26,41,大昌-新店,2023-09-07,6464
2883,凱基金,55,14,41,大昌-新店,2023-09-07,6464
8112,至上,73,33,40,大昌-新店,2023-09-07,6464
2330,台積電,40,0,40,大昌-新店,2023-09-07,6464
00650L,復華香港正2,40,0,40,大昌-新店,2023-09-07,6464
00719B,元大美債1-3,40,0,40,大昌-新店,2023-09-07,6464
2313,華通,71,32,39,大昌-新店,2023-09-07,6464
2002,中鋼,36,0,36,大昌-新店,2023-09-07,6464
2337,旺宏,49,19,30,大昌-新店,2023-09-07,6464
2485,兆赫,115,87,28,大昌-新店,2023-09-07,6464
2906,高林,25,0,25,大昌-新店,2023-09-07,6464
2436,偉詮電,59,35,24,大昌-新店,2023-09-07,6464
2303,聯電,38,16,22,大昌-新店,2023-09-07,6464
2440,太空梭,21,0,21,大昌-新店,2023-09-07,6464
1517,利奇,21,0,21,大昌-新店,2023-09-07,6464
00878,國泰永續高股息,26,6,20,大昌-新店,2023-09-07,6464
2367,燿華,22,2,20,大昌-新店,2023-09-07,6464
0050,元大台灣50,19,1,18,大昌-新店,2023-09-07,6464
2353,宏��,29,11,18,大昌-新店,2023-09-07,6464
3305,昇貿,17,0,17,大昌-新店,2023-09-07,6464
2356,英業達,33,16,17,大昌-新店,2023-09-07,6464
00637L,元大滬深300正2,38,22,16,大昌-新店,2023-09-07,6464
2610,華航,32,16,16,大昌-新店,2023-09-07,6464
3088,艾訊,25,10,15,大昌-新店,2023-09-07,6464
00882,中信中國高股息,17,2,15,大昌-新店,2023-09-07,6464
3149,正達,15,0,15,大昌-新店,2023-09-07,6464
6182,合晶,30,16,14,大昌-新店,2023-09-07,6464
2409,友達,85,71,14,大昌-新店,2023-09-07,6464
00893,國泰智能電動車,13,0,13,大昌-新店,2023-09-07,6464
4147,中裕,13,0,13,大昌-新店,2023-09-07,6464
00907,永豐優息存股,13,0,13,大昌-新店,2023-09-07,6464
1584,精剛,19,6,13,大昌-新店,2023-09-07,6464
7402,邑錡,13,0,13,大昌-新店,2023-09-07,6464
2884,玉山金,21,8,13,大昌-新店,2023-09-07,6464
00850,元大臺灣ESG永續,12,0,12,大昌-新店,2023-09-07,6464
2606,裕民,13,1,12,大昌-新店,2023-09-07,6464
9941,裕融,11,0,11,大昌-新店,2023-09-07,6464
1786,科妍,14,3,11,大昌-新店,2023-09-07,6464
4123,晟德,12,1,11,大昌-新店,2023-09-07,6464
3406,玉晶光,11,0,11,大昌-新店,2023-09-07,6464
00919,群益台灣精選高息,320,1,319,大昌-新店,2023-09-08,6464
00929,復華台灣科技優息,458,194,264,大昌-新店,2023-09-08,6464
00712,復華富時不動產,170,4,166,大昌-新店,2023-09-08,6464
2618,長榮航,74,3,71,大昌-新店,2023-09-08,6464
1101,台泥,66,0,66,大昌-新店,2023-09-08,6464
00915,凱基優選高股息30,62,3,59,大昌-新店,2023-09-08,6464
00632R,元大台灣50反1,220,163,57,大昌-新店,2023-09-08,6464
2867,三商壽,55,0,55,大昌-新店,2023-09-08,6464
00637L,元大滬深300正2,74,19,55,大昌-新店,2023-09-08,6464
2883,凱基金,50,0,50,大昌-新店,2023-09-08,6464
00918,大華優利高填息30,47,0,47,大昌-新店,2023-09-08,6464
00664R,國泰臺灣加權反1,47,0,47,大昌-新店,2023-09-08,6464
6274,台燿,56,17,39,大昌-新店,2023-09-08,6464
3706,神達,45,8,37,大昌-新店,2023-09-08,6464
00753L,中信中國50正2,29,0,29,大昌-新店,2023-09-08,6464
00665L,富邦�琤肭磪囓�2,28,0,28,大昌-新店,2023-09-08,6464
6770,力積電,28,1,27,大昌-新店,2023-09-08,6464
2382,廣達,88,61,27,大昌-新店,2023-09-08,6464
00633L,富邦上証正2,28,2,26,大昌-新店,2023-09-08,6464
2002,中鋼,26,0,26,大昌-新店,2023-09-08,6464
2330,台積電,31,6,25,大昌-新店,2023-09-08,6464
2356,英業達,43,19,24,大昌-新店,2023-09-08,6464
5880,合庫金,23,2,21,大昌-新店,2023-09-08,6464
2409,友達,26,5,21,大昌-新店,2023-09-08,6464
8088,品安,21,0,21,大昌-新店,2023-09-08,6464
2376,技嘉,43,23,20,大昌-新店,2023-09-08,6464
00878,國泰永續高股息,32,13,19,大昌-新店,2023-09-08,6464
1802,台玻,29,10,19,大昌-新店,2023-09-08,6464
3024,憶聲,18,0,18,大昌-新店,2023-09-08,6464
2485,兆赫,27,9,18,大昌-新店,2023-09-08,6464
2610,華航,20,2,18,大昌-新店,2023-09-08,6464
6282,康舒,43,25,18,大昌-新店,2023-09-08,6464
00881,國泰台灣5G+,18,1,17,大昌-新店,2023-09-08,6464
3617,碩天,36,19,17,大昌-新店,2023-09-08,6464
8034,榮群,20,4,16,大昌-新店,2023-09-08,6464
2482,連宇,24,8,16,大昌-新店,2023-09-08,6464
9928,中視,15,0,15,大昌-新店,2023-09-08,6464
1528,恩德,18,3,15,大昌-新店,2023-09-08,6464
2201,裕隆,18,3,15,大昌-新店,2023-09-08,6464
6125,廣運,24,10,14,大昌-新店,2023-09-08,6464
3260,威剛,14,1,13,大昌-新店,2023-09-08,6464
4931,新盛力,15,2,13,大昌-新店,2023-09-08,6464
9941,裕融,13,0,13,大昌-新店,2023-09-08,6464
2313,華通,39,26,13,大昌-新店,2023-09-08,6464
6592B,和潤企業乙特,12,0,12,大昌-新店,2023-09-08,6464
2402,毅嘉,29,17,12,大昌-新店,2023-09-08,6464
6026,福邦證,12,0,12,大昌-新店,2023-09-08,6464
2399,映泰,13,1,12,大昌-新店,2023-09-08,6464
3013,晟銘電,18,6,12,大昌-新店,2023-09-08,6464
1762,中化生,11,0,11,大昌-新店,2023-09-08,6464
00929,復華台灣科技優息,404,69,335,大昌-新店,2023-09-11,6464
00931B,統一美債20年,207,0,207,大昌-新店,2023-09-11,6464
2363,矽統,258,88,170,大昌-新店,2023-09-11,6464
00878,國泰永續高股息,210,71,139,大昌-新店,2023-09-11,6464
00919,群益台灣精選高息,209,70,139,大昌-新店,2023-09-11,6464
3481,群創,175,54,121,大昌-新店,2023-09-11,6464
00665L,富邦�琤肭磪囓�2,102,4,98,大昌-新店,2023-09-11,6464
3024,憶聲,78,0,78,大昌-新店,2023-09-11,6464
1227,佳格,77,0,77,大昌-新店,2023-09-11,6464
2352,佳世達,67,12,55,大昌-新店,2023-09-11,6464
1905,華紙,51,0,51,大昌-新店,2023-09-11,6464
2388,威盛,54,5,49,大昌-新店,2023-09-11,6464
00687B,國泰20年美債,49,0,49,大昌-新店,2023-09-11,6464
2618,長榮航,68,19,49,大昌-新店,2023-09-11,6464
2421,建準,52,9,43,大昌-新店,2023-09-11,6464
6142,友勁,41,0,41,大昌-新店,2023-09-11,6464
00864B,中信美國公債0-1,40,0,40,大昌-新店,2023-09-11,6464
1717,長興,40,3,37,大昌-新店,2023-09-11,6464
3231,緯創,159,123,36,大昌-新店,2023-09-11,6464
3710,連展投控,36,0,36,大昌-新店,2023-09-11,6464
2634,漢翔,72,38,34,大昌-新店,2023-09-11,6464
00673R,期元大S＆P原油反1,34,0,34,大昌-新店,2023-09-11,6464
2359,所羅門,61,29,32,大昌-新店,2023-09-11,6464
2331,精英,47,16,31,大昌-新店,2023-09-11,6464
6770,力積電,43,12,31,大昌-新店,2023-09-11,6464
1522,堤維西,38,9,29,大昌-新店,2023-09-11,6464
2376,技嘉,55,27,28,大昌-新店,2023-09-11,6464
00631L,元大台灣50正2,25,0,25,大昌-新店,2023-09-11,6464
2344,華邦電,35,11,24,大昌-新店,2023-09-11,6464
2313,華通,38,15,23,大昌-新店,2023-09-11,6464
2888,新光金,28,5,23,大昌-新店,2023-09-11,6464
006208,富邦台50,22,0,22,大昌-新店,2023-09-11,6464
0056,元大高股息,64,43,21,大昌-新店,2023-09-11,6464
2605,新興,21,0,21,大昌-新店,2023-09-11,6464
1802,台玻,50,30,20,大昌-新店,2023-09-11,6464
3521,鴻翊,20,0,20,大昌-新店,2023-09-11,6464
00679B,元大美債20年,20,0,20,大昌-新店,2023-09-11,6464
2607,榮運,20,0,20,大昌-新店,2023-09-11,6464
2312,金寶,29,9,20,大昌-新店,2023-09-11,6464
2884,玉山金,27,8,19,大昌-新店,2023-09-11,6464
2332,友訊,27,8,19,大昌-新店,2023-09-11,6464
6753,龍德造船,20,1,19,大昌-新店,2023-09-11,6464
2330,台積電,22,3,19,大昌-新店,2023-09-11,6464
4938,和碩,33,15,18,大昌-新店,2023-09-11,6464
00680L,元大美債20正2,18,0,18,大昌-新店,2023-09-11,6464
2408,南亞科,19,1,18,大昌-新店,2023-09-11,6464
2436,偉詮電,26,8,18,大昌-新店,2023-09-11,6464
8210,勤誠,18,0,18,大昌-新店,2023-09-11,6464
8222,寶一,38,21,17,大昌-新店,2023-09-11,6464
2890,永豐金,17,0,17,大昌-新店,2023-09-11,6464
2880,華南金,389,1,388,大昌-新店,2023-09-12,6464
00632R,元大台灣50反1,206,0,206,大昌-新店,2023-09-12,6464
00919,群益台灣精選高息,73,0,73,大昌-新店,2023-09-12,6464
2363,矽統,100,30,70,大昌-新店,2023-09-12,6464
8069,元太,66,3,63,大昌-新店,2023-09-12,6464
2867,三商壽,65,5,60,大昌-新店,2023-09-12,6464
6282,康舒,104,50,54,大昌-新店,2023-09-12,6464
00929,復華台灣科技優息,382,329,53,大昌-新店,2023-09-12,6464
00864B,中信美國公債0-1,40,0,40,大昌-新店,2023-09-12,6464
00751B,元大AAA至A公司債,33,0,33,大昌-新店,2023-09-12,6464
00882,中信中國高股息,32,0,32,大昌-新店,2023-09-12,6464
00932,兆豐永續高息等權,31,0,31,大昌-新店,2023-09-12,6464
00679B,元大美債20年,29,1,28,大昌-新店,2023-09-12,6464
1210,大成,27,0,27,大昌-新店,2023-09-12,6464
00772B,中信高評級公司債,32,8,24,大昌-新店,2023-09-12,6464
1227,佳格,24,0,24,大昌-新店,2023-09-12,6464
2331,精英,60,37,23,大昌-新店,2023-09-12,6464
00931B,統一美債20年,23,0,23,大昌-新店,2023-09-12,6464
5347,世界,25,3,22,大昌-新店,2023-09-12,6464
00688L,國泰20年美債正2,20,0,20,大昌-新店,2023-09-12,6464
1471,首利,29,9,20,大昌-新店,2023-09-12,6464
1104,環泥,20,0,20,大昌-新店,2023-09-12,6464
00637L,元大滬深300正2,42,23,19,大昌-新店,2023-09-12,6464
1584,精剛,27,9,18,大昌-新店,2023-09-12,6464
6120,達運,22,5,17,大昌-新店,2023-09-12,6464
1810,和成,28,11,17,大昌-新店,2023-09-12,6464
00673R,期元大S＆P原油反1,16,0,16,大昌-新店,2023-09-12,6464
2425,承啟,23,7,16,大昌-新店,2023-09-12,6464
6274,台燿,19,3,16,大昌-新店,2023-09-12,6464
2610,華航,24,8,16,大昌-新店,2023-09-12,6464
2332,友訊,20,4,16,大昌-新店,2023-09-12,6464
6125,廣運,32,16,16,大昌-新店,2023-09-12,6464
3231,緯創,89,74,15,大昌-新店,2023-09-12,6464
00664R,國泰臺灣加權反1,15,0,15,大昌-新店,2023-09-12,6464
2211,長榮鋼,15,0,15,大昌-新店,2023-09-12,6464
3325,旭品,16,1,15,大昌-新店,2023-09-12,6464
2404,漢唐,20,6,14,大昌-新店,2023-09-12,6464
3673,TPK-KY,14,0,14,大昌-新店,2023-09-12,6464
00918,大華優利高填息30,14,0,14,大昌-新店,2023-09-12,6464
2201,裕隆,23,9,14,大昌-新店,2023-09-12,6464
2645,長榮航太,22,8,14,大昌-新店,2023-09-12,6464
3088,艾訊,16,3,13,大昌-新店,2023-09-12,6464
5381,合正,39,26,13,大昌-新店,2023-09-12,6464
00687B,國泰20年美債,15,2,13,大昌-新店,2023-09-12,6464
3363,上詮,25,12,13,大昌-新店,2023-09-12,6464
3163,波若威,21,9,12,大昌-新店,2023-09-12,6464
2301,光寶科,19,7,12,大昌-新店,2023-09-12,6464
2330,台積電,18,6,12,大昌-新店,2023-09-12,6464
2002,中鋼,12,0,12,大昌-新店,2023-09-12,6464
2355,敬鵬,12,1,11,大昌-新店,2023-09-12,6464
00929,復華台灣科技優息,825,208,617,大昌-新店,2023-09-13,6464
00919,群益台灣精選高息,181,21,160,大昌-新店,2023-09-13,6464
2880,華南金,142,0,142,大昌-新店,2023-09-13,6464
2313,華通,116,23,93,大昌-新店,2023-09-13,6464
2363,矽統,124,55,69,大昌-新店,2023-09-13,6464
00864B,中信美國公債0-1,50,0,50,大昌-新店,2023-09-13,6464
2888,新光金,50,0,50,大昌-新店,2023-09-13,6464
1524,耿鼎,144,98,46,大昌-新店,2023-09-13,6464
4543,萬在,45,0,45,大昌-新店,2023-09-13,6464
00915,凱基優選高股息30,35,0,35,大昌-新店,2023-09-13,6464
00902,中信電池及儲能,34,0,34,大昌-新店,2023-09-13,6464
1568,倉佑,40,6,34,大昌-新店,2023-09-13,6464
4938,和碩,41,9,32,大昌-新店,2023-09-13,6464
00878,國泰永續高股息,49,19,30,大昌-新店,2023-09-13,6464
00719B,元大美債1-3,30,0,30,大昌-新店,2023-09-13,6464
2025,千興,39,12,27,大昌-新店,2023-09-13,6464
2356,英業達,49,24,25,大昌-新店,2023-09-13,6464
2887,台新金,23,0,23,大昌-新店,2023-09-13,6464
00673R,期元大S＆P原油反1,28,5,23,大昌-新店,2023-09-13,6464
2331,精英,64,42,22,大昌-新店,2023-09-13,6464
5880,合庫金,22,0,22,大昌-新店,2023-09-13,6464
00637L,元大滬深300正2,49,27,22,大昌-新店,2023-09-13,6464
3710,連展投控,22,0,22,大昌-新店,2023-09-13,6464
2358,廷鑫,22,0,22,大昌-新店,2023-09-13,6464
1471,首利,22,0,22,大昌-新店,2023-09-13,6464
2374,佳能,37,15,22,大昌-新店,2023-09-13,6464
3090,日電貿,27,5,22,大昌-新店,2023-09-13,6464
00918,大華優利高填息30,21,0,21,大昌-新店,2023-09-13,6464
00664R,國泰臺灣加權反1,21,0,21,大昌-新店,2023-09-13,6464
00697B,元大美債7-10,20,0,20,大昌-新店,2023-09-13,6464
8404,百和興業-KY,20,0,20,大昌-新店,2023-09-13,6464
00715L,期街口布蘭特正2,19,0,19,大昌-新店,2023-09-13,6464
2329,華泰,26,8,18,大昌-新店,2023-09-13,6464
1312,國喬,20,3,17,大昌-新店,2023-09-13,6464
2211,長榮鋼,17,0,17,大昌-新店,2023-09-13,6464
2481,強茂,16,0,16,大昌-新店,2023-09-13,6464
2323,中環,15,0,15,大昌-新店,2023-09-13,6464
3714,富采,15,0,15,大昌-新店,2023-09-13,6464
3450,聯鈞,17,3,14,大昌-新店,2023-09-13,6464
2834,臺企銀,14,0,14,大昌-新店,2023-09-13,6464
3231,緯創,54,41,13,大昌-新店,2023-09-13,6464
00772B,中信高評級公司債,13,0,13,大昌-新店,2023-09-13,6464
1905,華紙,63,50,13,大昌-新店,2023-09-13,6464
00680L,元大美債20正2,13,0,13,大昌-新店,2023-09-13,6464
2618,長榮航,27,14,13,大昌-新店,2023-09-13,6464
5321,美而快,15,3,12,大昌-新店,2023-09-13,6464
2812,台中銀,13,1,12,大昌-新店,2023-09-13,6464
8043,蜜望實,13,1,12,大昌-新店,2023-09-13,6464
2330,台積電,18,7,11,大昌-新店,2023-09-13,6464
3481,群創,36,25,11,大昌-新店,2023-09-13,6464
2371,大同,220,17,203,大昌-新店,2023-09-14,6464
1101,台泥,158,7,151,大昌-新店,2023-09-14,6464
00706L,期元大S＆P日圓正2,105,0,105,大昌-新店,2023-09-14,6464
2382,廣達,232,133,99,大昌-新店,2023-09-14,6464
2641,正德,86,10,76,大昌-新店,2023-09-14,6464
00919,群益台灣精選高息,86,14,72,大昌-新店,2023-09-14,6464
00662,富邦NASDAQ,66,0,66,大昌-新店,2023-09-14,6464
00882,中信中國高股息,69,5,64,大昌-新店,2023-09-14,6464
2449,京元電子,76,18,58,大昌-新店,2023-09-14,6464
3706,神達,46,4,42,大昌-新店,2023-09-14,6464
2606,裕民,70,29,41,大昌-新店,2023-09-14,6464
00673R,期元大S＆P原油反1,40,0,40,大昌-新店,2023-09-14,6464
2331,精英,102,69,33,大昌-新店,2023-09-14,6464
1303,南亞,34,1,33,大昌-新店,2023-09-14,6464
1445,大宇,32,0,32,大昌-新店,2023-09-14,6464
6191,精成科,34,3,31,大昌-新店,2023-09-14,6464
2882,國泰金,31,0,31,大昌-新店,2023-09-14,6464
1319,東陽,93,63,30,大昌-新店,2023-09-14,6464
2485,兆赫,45,15,30,大昌-新店,2023-09-14,6464
00931B,統一美債20年,40,11,29,大昌-新店,2023-09-14,6464
00665L,富邦�琤肭磪囓�2,128,100,28,大昌-新店,2023-09-14,6464
00637L,元大滬深300正2,67,39,28,大昌-新店,2023-09-14,6464
5425,台半,27,1,26,大昌-新店,2023-09-14,6464
00713,元大台灣高息低波,30,6,24,大昌-新店,2023-09-14,6464
00900,富邦特選高股息30,25,2,23,大昌-新店,2023-09-14,6464
3024,憶聲,23,0,23,大昌-新店,2023-09-14,6464
1513,中興電,27,5,22,大昌-新店,2023-09-14,6464
2610,華航,35,14,21,大昌-新店,2023-09-14,6464
9907,統一實,21,0,21,大昌-新店,2023-09-14,6464
00726B,國泰新興投等債,20,0,20,大昌-新店,2023-09-14,6464
00688L,國泰20年美債正2,20,0,20,大昌-新店,2023-09-14,6464
3710,連展投控,23,4,19,大昌-新店,2023-09-14,6464
2611,志信,20,1,19,大昌-新店,2023-09-14,6464
6170,統振,20,1,19,大昌-新店,2023-09-14,6464
2601,益航,24,7,17,大昌-新店,2023-09-14,6464
4164,承業醫,30,13,17,大昌-新店,2023-09-14,6464
6182,合晶,22,5,17,大昌-新店,2023-09-14,6464
4977,眾達-KY,25,8,17,大昌-新店,2023-09-14,6464
00885,富邦越南,15,1,14,大昌-新店,2023-09-14,6464
5475,德宏,13,0,13,大昌-新店,2023-09-14,6464
6288,聯嘉,17,4,13,大昌-新店,2023-09-14,6464
3005,神基,24,12,12,大昌-新店,2023-09-14,6464
00751B,元大AAA至A公司債,12,0,12,大昌-新店,2023-09-14,6464
2356,英業達,41,29,12,大昌-新店,2023-09-14,6464
2038,海光,13,2,11,大昌-新店,2023-09-14,6464
00922,國泰台灣領袖50,11,0,11,大昌-新店,2023-09-14,6464
5284,jpp-KY,11,0,11,大昌-新店,2023-09-14,6464
2461,光群雷,10,0,10,大昌-新店,2023-09-14,6464
2401,凌陽,12,2,10,大昌-新店,2023-09-14,6464
1402,遠東新,10,0,10,大昌-新店,2023-09-14,6464
00929,復華台灣科技優息,1214,150,1064,大昌-新店,2023-09-15,6464
2888,新光金,422,0,422,大昌-新店,2023-09-15,6464
3481,群創,127,6,121,大昌-新店,2023-09-15,6464
1471,首利,131,12,119,大昌-新店,2023-09-15,6464
00706L,期元大S＆P日圓正2,101,0,101,大昌-新店,2023-09-15,6464
00919,群益台灣精選高息,200,118,82,大昌-新店,2023-09-15,6464
2356,英業達,85,10,75,大昌-新店,2023-09-15,6464
3231,緯創,121,49,72,大昌-新店,2023-09-15,6464
00687B,國泰20年美債,68,0,68,大昌-新店,2023-09-15,6464
1802,台玻,78,10,68,大昌-新店,2023-09-15,6464
00931B,統一美債20年,64,0,64,大昌-新店,2023-09-15,6464
2486,一詮,68,10,58,大昌-新店,2023-09-15,6464
2615,萬海,70,17,53,大昌-新店,2023-09-15,6464
00632R,元大台灣50反1,70,21,49,大昌-新店,2023-09-15,6464
3704,合勤控,65,18,47,大昌-新店,2023-09-15,6464
6217,中探針,41,0,41,大昌-新店,2023-09-15,6464
00641R,富邦日本反1,40,0,40,大昌-新店,2023-09-15,6464
00648R,元大S＆P500反1,40,0,40,大昌-新店,2023-09-15,6464
2317,鴻海,37,5,32,大昌-新店,2023-09-15,6464
6142,友勁,31,0,31,大昌-新店,2023-09-15,6464
6182,合晶,32,3,29,大昌-新店,2023-09-15,6464
1101,台泥,33,5,28,大昌-新店,2023-09-15,6464
6191,精成科,30,4,26,大昌-新店,2023-09-15,6464
2211,長榮鋼,28,3,25,大昌-新店,2023-09-15,6464
3673,TPK-KY,25,0,25,大昌-新店,2023-09-15,6464
2634,漢翔,31,8,23,大昌-新店,2023-09-15,6464
00679B,元大美債20年,32,10,22,大昌-新店,2023-09-15,6464
4908,前鼎,61,39,22,大昌-新店,2023-09-15,6464
2618,長榮航,27,5,22,大昌-新店,2023-09-15,6464
2891,中信金,24,4,20,大昌-新店,2023-09-15,6464
00900,富邦特選高股息30,27,7,20,大昌-新店,2023-09-15,6464
00918,大華優利高填息30,20,1,19,大昌-新店,2023-09-15,6464
00907,永豐優息存股,22,3,19,大昌-新店,2023-09-15,6464
2610,華航,29,11,18,大昌-新店,2023-09-15,6464
2312,金寶,33,17,16,大昌-新店,2023-09-15,6464
1568,倉佑,17,2,15,大昌-新店,2023-09-15,6464
5014,建錩,15,0,15,大昌-新店,2023-09-15,6464
3058,立德,15,0,15,大昌-新店,2023-09-15,6464
5381,合正,20,5,15,大昌-新店,2023-09-15,6464
2002,中鋼,26,11,15,大昌-新店,2023-09-15,6464
9907,統一實,15,1,14,大昌-新店,2023-09-15,6464
3024,憶聲,14,0,14,大昌-新店,2023-09-15,6464
4746,台耀,14,0,14,大昌-新店,2023-09-15,6464
6426,統新,15,1,14,大昌-新店,2023-09-15,6464
00713,元大台灣高息低波,23,10,13,大昌-新店,2023-09-15,6464
3363,上詮,29,16,13,大昌-新店,2023-09-15,6464
4543,萬在,13,0,13,大昌-新店,2023-09-15,6464
8358,金居,21,8,13,大昌-新店,2023-09-15,6464
00637L,元大滬深300正2,34,22,12,大昌-新店,2023-09-15,6464
3338,泰碩,13,1,12,大昌-新店,2023-09-15,6464
00927,群益半導體收益,342,0,342,大昌-新店,2023-09-18,6464
2317,鴻海,187,10,177,大昌-新店,2023-09-18,6464
00751B,元大AAA至A公司債,151,0,151,大昌-新店,2023-09-18,6464
00687B,國泰20年美債,147,0,147,大昌-新店,2023-09-18,6464
00919,群益台灣精選高息,324,192,132,大昌-新店,2023-09-18,6464
00878,國泰永續高股息,129,2,127,大昌-新店,2023-09-18,6464
2027,大成鋼,130,3,127,大昌-新店,2023-09-18,6464
2331,精英,126,6,120,大昌-新店,2023-09-18,6464
2609,陽明,129,21,108,大昌-新店,2023-09-18,6464
00665L,富邦�琤肭磪囓�2,231,151,80,大昌-新店,2023-09-18,6464
2303,聯電,106,28,78,大昌-新店,2023-09-18,6464
2618,長榮航,101,32,69,大昌-新店,2023-09-18,6464
00679B,元大美債20年,65,0,65,大昌-新店,2023-09-18,6464
3231,緯創,107,46,61,大昌-新店,2023-09-18,6464
2324,仁寶,48,0,48,大昌-新店,2023-09-18,6464
4908,前鼎,80,34,46,大昌-新店,2023-09-18,6464
2330,台積電,50,5,45,大昌-新店,2023-09-18,6464
2356,英業達,49,8,41,大昌-新店,2023-09-18,6464
00650L,復華香港正2,40,0,40,大昌-新店,2023-09-18,6464
00918,大華優利高填息30,38,0,38,大昌-新店,2023-09-18,6464
3037,欣興,45,7,38,大昌-新店,2023-09-18,6464
6288,聯嘉,37,1,36,大昌-新店,2023-09-18,6464
00882,中信中國高股息,44,9,35,大昌-新店,2023-09-18,6464
00931B,統一美債20年,35,2,33,大昌-新店,2023-09-18,6464
6120,達運,44,12,32,大昌-新店,2023-09-18,6464
6153,嘉聯益,31,1,30,大昌-新店,2023-09-18,6464
2312,金寶,30,0,30,大昌-新店,2023-09-18,6464
2605,新興,37,8,29,大昌-新店,2023-09-18,6464
00888,永豐台灣ESG,26,0,26,大昌-新店,2023-09-18,6464
3706,神達,28,3,25,大昌-新店,2023-09-18,6464
2354,鴻準,36,11,25,大昌-新店,2023-09-18,6464
2329,華泰,31,8,23,大昌-新店,2023-09-18,6464
5009,榮剛,35,12,23,大昌-新店,2023-09-18,6464
2603,長榮,45,23,22,大昌-新店,2023-09-18,6464
3715,定穎投控,57,36,21,大昌-新店,2023-09-18,6464
2002,中鋼,23,2,21,大昌-新店,2023-09-18,6464
5608,四維航,21,1,20,大昌-新店,2023-09-18,6464
3521,鴻翊,20,0,20,大昌-新店,2023-09-18,6464
8131,福懋科,20,0,20,大昌-新店,2023-09-18,6464
6282,康舒,21,2,19,大昌-新店,2023-09-18,6464
1815,富喬,20,2,18,大昌-新店,2023-09-18,6464
00752,中信中國50,17,0,17,大昌-新店,2023-09-18,6464
2301,光寶科,25,10,15,大昌-新店,2023-09-18,6464
00632R,元大台灣50反1,30,15,15,大昌-新店,2023-09-18,6464
3234,光環,15,0,15,大昌-新店,2023-09-18,6464
00915,凱基優選高股息30,15,0,15,大昌-新店,2023-09-18,6464
2409,友達,17,2,15,大昌-新店,2023-09-18,6464
8358,金居,29,14,15,大昌-新店,2023-09-18,6464
3711,日月光投控,15,0,15,大昌-新店,2023-09-18,6464
00720B,元大投資級公司債,14,0,14,大昌-新店,2023-09-18,6464
00929,復華台灣科技優息,466,274,192,大昌-新店,2023-09-19,6464
00919,群益台灣精選高息,169,72,97,大昌-新店,2023-09-19,6464
2606,裕民,78,7,71,大昌-新店,2023-09-19,6464
3481,群創,77,10,67,大昌-新店,2023-09-19,6464
00882,中信中國高股息,100,33,67,大昌-新店,2023-09-19,6464
2618,長榮航,108,47,61,大昌-新店,2023-09-19,6464
6182,合晶,56,1,55,大昌-新店,2023-09-19,6464
6901,鑽石投資,70,16,54,大昌-新店,2023-09-19,6464
4173,久裕,55,1,54,大昌-新店,2023-09-19,6464
6257,矽格,77,24,53,大昌-新店,2023-09-19,6464
3260,威剛,55,8,47,大昌-新店,2023-09-19,6464
6282,康舒,69,25,44,大昌-新店,2023-09-19,6464
2605,新興,71,31,40,大昌-新店,2023-09-19,6464
2330,台積電,41,2,39,大昌-新店,2023-09-19,6464
3231,緯創,125,88,37,大昌-新店,2023-09-19,6464
00679B,元大美債20年,36,0,36,大昌-新店,2023-09-19,6464
1909,榮成,30,0,30,大昌-新店,2023-09-19,6464
3363,上詮,38,10,28,大昌-新店,2023-09-19,6464
1609,大亞,32,4,28,大昌-新店,2023-09-19,6464
6446,藥華藥,25,0,25,大昌-新店,2023-09-19,6464
3685,元創精密,24,0,24,大昌-新店,2023-09-19,6464
2634,漢翔,33,9,24,大昌-新店,2023-09-19,6464
2344,華邦電,36,12,24,大昌-新店,2023-09-19,6464
2303,聯電,26,3,23,大昌-新店,2023-09-19,6464
6288,聯嘉,23,1,22,大昌-新店,2023-09-19,6464
5475,德宏,30,8,22,大昌-新店,2023-09-19,6464
6274,台燿,38,17,21,大昌-新店,2023-09-19,6464
00687B,國泰20年美債,20,0,20,大昌-新店,2023-09-19,6464
00671R,富邦NASDAQ反1,20,0,20,大昌-新店,2023-09-19,6464
6770,力積電,23,3,20,大昌-新店,2023-09-19,6464
1514,亞力,26,7,19,大昌-新店,2023-09-19,6464
00650L,復華香港正2,19,0,19,大昌-新店,2023-09-19,6464
1524,耿鼎,31,13,18,大昌-新店,2023-09-19,6464
2402,毅嘉,26,8,18,大昌-新店,2023-09-19,6464
3163,波若威,34,16,18,大昌-新店,2023-09-19,6464
00753L,中信中國50正2,17,0,17,大昌-新店,2023-09-19,6464
4746,台耀,18,2,16,大昌-新店,2023-09-19,6464
2417,圓剛,21,5,16,大昌-新店,2023-09-19,6464
00719B,元大美債1-3,16,0,16,大昌-新店,2023-09-19,6464
00878,國泰永續高股息,30,15,15,大昌-新店,2023-09-19,6464
1339,昭輝,15,0,15,大昌-新店,2023-09-19,6464
4979,華星光,33,18,15,大昌-新店,2023-09-19,6464
00665L,富邦�琤肭磪囓�2,14,0,14,大昌-新店,2023-09-19,6464
1903,士紙,15,1,14,大昌-新店,2023-09-19,6464
3710,連展投控,14,0,14,大昌-新店,2023-09-19,6464
3035,智原,33,19,14,大昌-新店,2023-09-19,6464
1762,中化生,14,0,14,大昌-新店,2023-09-19,6464
00918,大華優利高填息30,13,0,13,大昌-新店,2023-09-19,6464
00885,富邦越南,15,2,13,大昌-新店,2023-09-19,6464
5284,jpp-KY,18,5,13,大昌-新店,2023-09-19,6464
00929,復華台灣科技優息,515,261,254,大昌-新店,2023-09-20,6464
3024,憶聲,204,0,204,大昌-新店,2023-09-20,6464
2888,新光金,164,5,159,大昌-新店,2023-09-20,6464
00878,國泰永續高股息,133,1,132,大昌-新店,2023-09-20,6464
2606,裕民,102,15,87,大昌-新店,2023-09-20,6464
2201,裕隆,104,24,80,大昌-新店,2023-09-20,6464
00921,兆豐龍頭等權重,76,0,76,大昌-新店,2023-09-20,6464
00919,群益台灣精選高息,133,59,74,大昌-新店,2023-09-20,6464
6901,鑽石投資,58,5,53,大昌-新店,2023-09-20,6464
2605,新興,170,117,53,大昌-新店,2023-09-20,6464
3715,定穎投控,112,60,52,大昌-新店,2023-09-20,6464
3231,緯創,168,120,48,大昌-新店,2023-09-20,6464
00719B,元大美債1-3,46,0,46,大昌-新店,2023-09-20,6464
2601,益航,47,1,46,大昌-新店,2023-09-20,6464
2610,華航,62,18,44,大昌-新店,2023-09-20,6464
00652,富邦印度,43,0,43,大昌-新店,2023-09-20,6464
2618,長榮航,55,16,39,大昌-新店,2023-09-20,6464
2330,台積電,47,9,38,大昌-新店,2023-09-20,6464
00645,富邦日本,38,0,38,大昌-新店,2023-09-20,6464
2337,旺宏,37,1,36,大昌-新店,2023-09-20,6464
3704,合勤控,33,1,32,大昌-新店,2023-09-20,6464
00931B,統一美債20年,32,0,32,大昌-新店,2023-09-20,6464
2882,國泰金,37,6,31,大昌-新店,2023-09-20,6464
2449,京元電子,65,34,31,大昌-新店,2023-09-20,6464
2329,華泰,37,7,30,大昌-新店,2023-09-20,6464
2317,鴻海,33,4,29,大昌-新店,2023-09-20,6464
6438,迅得,29,1,28,大昌-新店,2023-09-20,6464
3037,欣興,37,10,27,大昌-新店,2023-09-20,6464
00712,復華富時不動產,34,8,26,大昌-新店,2023-09-20,6464
2354,鴻準,42,16,26,大昌-新店,2023-09-20,6464
1314,中石化,29,5,24,大昌-新店,2023-09-20,6464
00679B,元大美債20年,24,0,24,大昌-新店,2023-09-20,6464
2906,高林,24,0,24,大昌-新店,2023-09-20,6464
2603,長榮,32,9,23,大昌-新店,2023-09-20,6464
3078,僑威,21,0,21,大昌-新店,2023-09-20,6464
2313,華通,49,28,21,大昌-新店,2023-09-20,6464
4173,久裕,20,0,20,大昌-新店,2023-09-20,6464
2486,一詮,18,2,16,大昌-新店,2023-09-20,6464
1319,東陽,45,29,16,大昌-新店,2023-09-20,6464
2344,華邦電,23,7,16,大昌-新店,2023-09-20,6464
2002,中鋼,30,14,16,大昌-新店,2023-09-20,6464
2302,麗正,15,0,15,大昌-新店,2023-09-20,6464
2031,新光鋼,17,2,15,大昌-新店,2023-09-20,6464
6449,鈺邦,15,0,15,大昌-新店,2023-09-20,6464
3521,鴻翊,15,1,14,大昌-新店,2023-09-20,6464
2883,凱基金,14,0,14,大昌-新店,2023-09-20,6464
2425,承啟,14,1,13,大昌-新店,2023-09-20,6464
2915,潤泰全,16,3,13,大昌-新店,2023-09-20,6464
00687B,國泰20年美債,13,0,13,大昌-新店,2023-09-20,6464
8358,金居,18,5,13,大昌-新店,2023-09-20,6464
2906,高林,94,0,94,大昌-新店,2023-09-21,6464
00632R,元大台灣50反1,170,97,73,大昌-新店,2023-09-21,6464
2363,矽統,108,42,66,大昌-新店,2023-09-21,6464
00919,群益台灣精選高息,88,30,58,大昌-新店,2023-09-21,6464
2883,凱基金,57,0,57,大昌-新店,2023-09-21,6464
2330,台積電,67,15,52,大昌-新店,2023-09-21,6464
00665L,富邦�琤肭磪囓�2,49,0,49,大昌-新店,2023-09-21,6464
6438,迅得,47,0,47,大昌-新店,2023-09-21,6464
1802,台玻,61,14,47,大昌-新店,2023-09-21,6464
0050,元大台灣50,47,1,46,大昌-新店,2023-09-21,6464
2882,國泰金,45,1,44,大昌-新店,2023-09-21,6464
00932,兆豐永續高息等權,43,0,43,大昌-新店,2023-09-21,6464
1101,台泥,51,11,40,大昌-新店,2023-09-21,6464
2344,華邦電,45,5,40,大昌-新店,2023-09-21,6464
1717,長興,36,0,36,大昌-新店,2023-09-21,6464
00687B,國泰20年美債,34,0,34,大昌-新店,2023-09-21,6464
2610,華航,73,39,34,大昌-新店,2023-09-21,6464
5880,合庫金,45,12,33,大昌-新店,2023-09-21,6464
00679B,元大美債20年,33,1,32,大昌-新店,2023-09-21,6464
2884,玉山金,33,1,32,大昌-新店,2023-09-21,6464
2891,中信金,50,19,31,大昌-新店,2023-09-21,6464
00695B,富邦美債7-10,30,0,30,大昌-新店,2023-09-21,6464
00697B,元大美債7-10,30,0,30,大昌-新店,2023-09-21,6464
3481,群創,52,23,29,大昌-新店,2023-09-21,6464
3036,文曄,55,28,27,大昌-新店,2023-09-21,6464
6282,康舒,83,56,27,大昌-新店,2023-09-21,6464
00878,國泰永續高股息,75,49,26,大昌-新店,2023-09-21,6464
2328,廣宇,26,1,25,大昌-新店,2023-09-21,6464
00882,中信中國高股息,35,10,25,大昌-新店,2023-09-21,6464
2881,富邦金,25,0,25,大昌-新店,2023-09-21,6464
2834,臺企銀,29,5,24,大昌-新店,2023-09-21,6464
0056,元大高股息,42,19,23,大昌-新店,2023-09-21,6464
3024,憶聲,22,0,22,大昌-新店,2023-09-21,6464
2890,永豐金,21,0,21,大昌-新店,2023-09-21,6464
4173,久裕,21,0,21,大昌-新店,2023-09-21,6464
1314,中石化,32,12,20,大昌-新店,2023-09-21,6464
6168,宏齊,28,8,20,大昌-新店,2023-09-21,6464
3715,定穎投控,48,29,19,大昌-新店,2023-09-21,6464
3521,鴻翊,20,1,19,大昌-新店,2023-09-21,6464
1201,味全,21,2,19,大昌-新店,2023-09-21,6464
1504,東元,20,2,18,大昌-新店,2023-09-21,6464
6605,帝寶,39,21,18,大昌-新店,2023-09-21,6464
00753L,中信中國50正2,18,0,18,大昌-新店,2023-09-21,6464
2002,中鋼,25,9,16,大昌-新店,2023-09-21,6464
00637L,元大滬深300正2,56,40,16,大昌-新店,2023-09-21,6464
00923,群益台ESG低碳50,17,1,16,大昌-新店,2023-09-21,6464
2615,萬海,15,0,15,大昌-新店,2023-09-21,6464
1524,耿鼎,16,1,15,大昌-新店,2023-09-21,6464
00631L,元大台灣50正2,19,5,14,大昌-新店,2023-09-21,6464
2347,聯強,16,2,14,大昌-新店,2023-09-21,6464
2637,慧洋-KY,236,5,231,大昌-新店,2023-09-22,6464
00751B,元大AAA至A公司債,111,0,111,大昌-新店,2023-09-22,6464
00932,兆豐永續高息等權,106,0,106,大昌-新店,2023-09-22,6464
00688L,國泰20年美債正2,102,0,102,大昌-新店,2023-09-22,6464
00679B,元大美債20年,80,2,78,大昌-新店,2023-09-22,6464
00687B,國泰20年美債,73,0,73,大昌-新店,2023-09-22,6464
00931B,統一美債20年,65,0,65,大昌-新店,2023-09-22,6464
2906,高林,57,0,57,大昌-新店,2023-09-22,6464
2313,華通,75,24,51,大昌-新店,2023-09-22,6464
00664R,國泰臺灣加權反1,50,0,50,大昌-新店,2023-09-22,6464
00795B,中信美國公債20年,49,0,49,大昌-新店,2023-09-22,6464
00753L,中信中國50正2,41,0,41,大昌-新店,2023-09-22,6464
4533,協易機,39,0,39,大昌-新店,2023-09-22,6464
00919,群益台灣精選高息,91,55,36,大昌-新店,2023-09-22,6464
2002,中鋼,41,6,35,大昌-新店,2023-09-22,6464
00720B,元大投資級公司債,32,0,32,大昌-新店,2023-09-22,6464
2392,正崴,35,5,30,大昌-新店,2023-09-22,6464
3036,文曄,48,18,30,大昌-新店,2023-09-22,6464
2881,富邦金,28,0,28,大昌-新店,2023-09-22,6464
00885,富邦越南,31,3,28,大昌-新店,2023-09-22,6464
2618,長榮航,92,66,26,大昌-新店,2023-09-22,6464
2331,精英,33,7,26,大昌-新店,2023-09-22,6464
1101,台泥,26,0,26,大昌-新店,2023-09-22,6464
00772B,中信高評級公司債,24,0,24,大昌-新店,2023-09-22,6464
2303,聯電,25,1,24,大昌-新店,2023-09-22,6464
6438,迅得,26,2,24,大昌-新店,2023-09-22,6464
2887,台新金,23,0,23,大昌-新店,2023-09-22,6464
2891,中信金,21,0,21,大昌-新店,2023-09-22,6464
3576,聯合再生,51,30,21,大昌-新店,2023-09-22,6464
2330,台積電,23,2,21,大昌-新店,2023-09-22,6464
2883B,凱基金乙特,21,1,20,大昌-新店,2023-09-22,6464
3704,合勤控,22,2,20,大昌-新店,2023-09-22,6464
3024,憶聲,19,0,19,大昌-新店,2023-09-22,6464
6005,群益證,17,0,17,大昌-新店,2023-09-22,6464
2834,臺企銀,22,6,16,大昌-新店,2023-09-22,6464
3521,鴻翊,16,0,16,大昌-新店,2023-09-22,6464
2605,新興,17,1,16,大昌-新店,2023-09-22,6464
2337,旺宏,21,6,15,大昌-新店,2023-09-22,6464
00697B,元大美債7-10,15,0,15,大昌-新店,2023-09-22,6464
00695B,富邦美債7-10,15,0,15,大昌-新店,2023-09-22,6464
1736,喬山,14,0,14,大昌-新店,2023-09-22,6464
1605,華新,15,1,14,大昌-新店,2023-09-22,6464
1584,精剛,38,24,14,大昌-新店,2023-09-22,6464
00830,國泰費城半導體,13,0,13,大昌-新店,2023-09-22,6464
00671R,富邦NASDAQ反1,23,10,13,大昌-新店,2023-09-22,6464
00665L,富邦�琤肭磪囓�2,44,31,13,大昌-新店,2023-09-22,6464
3037,欣興,46,34,12,大昌-新店,2023-09-22,6464
00881,國泰台灣5G+,12,0,12,大昌-新店,2023-09-22,6464
3149,正達,19,8,11,大昌-新店,2023-09-22,6464
2883,凱基金,13,2,11,大昌-新店,2023-09-22,6464
00929,復華台灣科技優息,566,27,539,大昌-新店,2023-09-25,6464
00664R,國泰臺灣加權反1,145,0,145,大昌-新店,2023-09-25,6464
00680L,元大美債20正2,130,2,128,大昌-新店,2023-09-25,6464
00712,復華富時不動產,105,3,102,大昌-新店,2023-09-25,6464
2883,凱基金,69,1,68,大昌-新店,2023-09-25,6464
00893,國泰智能電動車,55,0,55,大昌-新店,2023-09-25,6464
00665L,富邦�琤肭磪囓�2,156,104,52,大昌-新店,2023-09-25,6464
00679B,元大美債20年,52,0,52,大昌-新店,2023-09-25,6464
00650L,復華香港正2,52,4,48,大昌-新店,2023-09-25,6464
2382,廣達,92,48,44,大昌-新店,2023-09-25,6464
1802,台玻,53,9,44,大昌-新店,2023-09-25,6464
3260,威剛,47,4,43,大昌-新店,2023-09-25,6464
2313,華通,48,10,38,大昌-新店,2023-09-25,6464
2337,旺宏,49,19,30,大昌-新店,2023-09-25,6464
2303,聯電,42,15,27,大昌-新店,2023-09-25,6464
6901,鑽石投資,30,4,26,大昌-新店,2023-09-25,6464
00919,群益台灣精選高息,37,12,25,大昌-新店,2023-09-25,6464
2618,長榮航,35,10,25,大昌-新店,2023-09-25,6464
3036,文曄,43,19,24,大昌-新店,2023-09-25,6464
2367,燿華,36,14,22,大昌-新店,2023-09-25,6464
2641,正德,21,0,21,大昌-新店,2023-09-25,6464
8155,博智,20,0,20,大昌-新店,2023-09-25,6464
5475,德宏,21,1,20,大昌-新店,2023-09-25,6464
2417,圓剛,40,20,20,大昌-新店,2023-09-25,6464
6530,創威,23,5,18,大昌-新店,2023-09-25,6464
2891,中信金,29,12,17,大昌-新店,2023-09-25,6464
3005,神基,16,2,14,大昌-新店,2023-09-25,6464
2436,偉詮電,15,1,14,大昌-新店,2023-09-25,6464
1444,力麗,15,2,13,大昌-新店,2023-09-25,6464
2204,中華,16,4,12,大昌-新店,2023-09-25,6464
3615,安可,23,11,12,大昌-新店,2023-09-25,6464
2344,華邦電,14,2,12,大昌-新店,2023-09-25,6464
2105,正新,12,0,12,大昌-新店,2023-09-25,6464
00882,中信中國高股息,16,4,12,大昌-新店,2023-09-25,6464
3521,鴻翊,12,0,12,大昌-新店,2023-09-25,6464
2330,台積電,14,2,12,大昌-新店,2023-09-25,6464
2317,鴻海,15,3,12,大昌-新店,2023-09-25,6464
6147,頎邦,11,0,11,大昌-新店,2023-09-25,6464
4113,聯上,20,9,11,大昌-新店,2023-09-25,6464
1101,台泥,38,28,10,大昌-新店,2023-09-25,6464
1316,上曜,10,0,10,大昌-新店,2023-09-25,6464
2897,王道銀行,10,0,10,大昌-新店,2023-09-25,6464
3322,建舜電,14,4,10,大昌-新店,2023-09-25,6464
9919,康那香,10,0,10,大昌-新店,2023-09-25,6464
2455,全新,13,3,10,大昌-新店,2023-09-25,6464
00640L,富邦日本正2,10,0,10,大昌-新店,2023-09-25,6464
1102,亞泥,10,0,10,大昌-新店,2023-09-25,6464
8016,矽創,11,1,10,大昌-新店,2023-09-25,6464
9945,潤泰新,10,0,10,大昌-新店,2023-09-25,6464
2376,技嘉,38,29,9,大昌-新店,2023-09-25,6464
2883,凱基金,161,1,160,大昌-新店,2023-09-26,6464
00932,兆豐永續高息等權,138,0,138,大昌-新店,2023-09-26,6464
00885,富邦越南,138,18,120,大昌-新店,2023-09-26,6464
00719B,元大美債1-3,100,0,100,大昌-新店,2023-09-26,6464
00929,復華台灣科技優息,206,107,99,大昌-新店,2023-09-26,6464
2025,千興,95,0,95,大昌-新店,2023-09-26,6464
2303,聯電,92,6,86,大昌-新店,2023-09-26,6464
00679B,元大美債20年,103,25,78,大昌-新店,2023-09-26,6464
00665L,富邦�琤肭磪囓�2,81,5,76,大昌-新店,2023-09-26,6464
00919,群益台灣精選高息,76,7,69,大昌-新店,2023-09-26,6464
00687B,國泰20年美債,68,0,68,大昌-新店,2023-09-26,6464
00882,中信中國高股息,61,0,61,大昌-新店,2023-09-26,6464
00878,國泰永續高股息,60,0,60,大昌-新店,2023-09-26,6464
1815,富喬,121,65,56,大昌-新店,2023-09-26,6464
2344,華邦電,61,7,54,大昌-新店,2023-09-26,6464
5880,合庫金,53,0,53,大昌-新店,2023-09-26,6464
2382,廣達,140,89,51,大昌-新店,2023-09-26,6464
2409,友達,54,12,42,大昌-新店,2023-09-26,6464
00888,永豐台灣ESG,39,0,39,大昌-新店,2023-09-26,6464
2538,基泰,45,12,33,大昌-新店,2023-09-26,6464
00905,FT臺灣Smart,31,0,31,大昌-新店,2023-09-26,6464
00845B,富邦新興投等債,30,0,30,大昌-新店,2023-09-26,6464
00753L,中信中國50正2,38,10,28,大昌-新店,2023-09-26,6464
3711,日月光投控,32,4,28,大昌-新店,2023-09-26,6464
3481,群創,37,9,28,大昌-新店,2023-09-26,6464
1444,力麗,30,3,27,大昌-新店,2023-09-26,6464
3363,上詮,41,14,27,大昌-新店,2023-09-26,6464
2892,第一金,27,1,26,大昌-新店,2023-09-26,6464
2337,旺宏,25,0,25,大昌-新店,2023-09-26,6464
2002,中鋼,27,3,24,大昌-新店,2023-09-26,6464
2427,三商電,29,6,23,大昌-新店,2023-09-26,6464
2634,漢翔,24,1,23,大昌-新店,2023-09-26,6464
00795B,中信美國公債20年,22,0,22,大昌-新店,2023-09-26,6464
2317,鴻海,22,1,21,大昌-新店,2023-09-26,6464
6770,力積電,21,0,21,大昌-新店,2023-09-26,6464
00632R,元大台灣50反1,40,19,21,大昌-新店,2023-09-26,6464
00751B,元大AAA至A公司債,21,0,21,大昌-新店,2023-09-26,6464
00740B,富邦全球投等債,20,0,20,大昌-新店,2023-09-26,6464
9105,泰金寶-DR,20,0,20,大昌-新店,2023-09-26,6464
2356,英業達,28,8,20,大昌-新店,2023-09-26,6464
2330,台積電,31,12,19,大昌-新店,2023-09-26,6464
00722B,群益投資級電信債,19,0,19,大昌-新店,2023-09-26,6464
2906,高林,18,0,18,大昌-新店,2023-09-26,6464
5381,合正,22,4,18,大昌-新店,2023-09-26,6464
1101,台泥,18,0,18,大昌-新店,2023-09-26,6464
2881,富邦金,17,0,17,大昌-新店,2023-09-26,6464
2352,佳世達,17,0,17,大昌-新店,2023-09-26,6464
8110,華東,21,5,16,大昌-新店,2023-09-26,6464
3122,笙泉,18,2,16,大昌-新店,2023-09-26,6464
1301,台塑,16,0,16,大昌-新店,2023-09-26,6464
00719B,元大美債1-3,200,0,200,大昌-新店,2023-09-27,6464
00929,復華台灣科技優息,198,14,184,大昌-新店,2023-09-27,6464
2002,中鋼,97,6,91,大昌-新店,2023-09-27,6464
2542,興富發,84,0,84,大昌-新店,2023-09-27,6464
2888,新光金,76,15,61,大昌-新店,2023-09-27,6464
1524,耿鼎,66,5,61,大昌-新店,2023-09-27,6464
2883,凱基金,115,55,60,大昌-新店,2023-09-27,6464
00919,群益台灣精選高息,54,1,53,大昌-新店,2023-09-27,6464
2206,三陽工業,55,6,49,大昌-新店,2023-09-27,6464
2845,遠東銀,41,0,41,大昌-新店,2023-09-27,6464
00932,兆豐永續高息等權,40,0,40,大昌-新店,2023-09-27,6464
4991,環宇-KY,37,0,37,大昌-新店,2023-09-27,6464
1605,華新,50,15,35,大昌-新店,2023-09-27,6464
3694,海華,32,3,29,大昌-新店,2023-09-27,6464
5324,士開,30,1,29,大昌-新店,2023-09-27,6464
00751B,元大AAA至A公司債,28,0,28,大昌-新店,2023-09-27,6464
3260,威剛,31,4,27,大昌-新店,2023-09-27,6464
00772B,中信高評級公司債,31,7,24,大昌-新店,2023-09-27,6464
00882,中信中國高股息,23,0,23,大昌-新店,2023-09-27,6464
2303,聯電,46,25,21,大昌-新店,2023-09-27,6464
00664R,國泰臺灣加權反1,21,0,21,大昌-新店,2023-09-27,6464
2838,聯邦銀,20,0,20,大昌-新店,2023-09-27,6464
2316,楠梓電,20,0,20,大昌-新店,2023-09-27,6464
00877,復華中國5G,20,0,20,大昌-新店,2023-09-27,6464
6129,普誠,20,1,19,大昌-新店,2023-09-27,6464
1314,中石化,25,8,17,大昌-新店,2023-09-27,6464
00679B,元大美債20年,16,0,16,大昌-新店,2023-09-27,6464
2605,新興,59,43,16,大昌-新店,2023-09-27,6464
4543,萬在,15,0,15,大昌-新店,2023-09-27,6464
00632R,元大台灣50反1,18,3,15,大昌-新店,2023-09-27,6464
9904,寶成,15,0,15,大昌-新店,2023-09-27,6464
2891,中信金,15,1,14,大昌-新店,2023-09-27,6464
6806,森崴能源,19,6,13,大昌-新店,2023-09-27,6464
3346,麗清,14,1,13,大昌-新店,2023-09-27,6464
4906,正文,13,0,13,大昌-新店,2023-09-27,6464
2615,萬海,13,1,12,大昌-新店,2023-09-27,6464
2641,正德,42,30,12,大昌-新店,2023-09-27,6464
2344,華邦電,13,2,11,大昌-新店,2023-09-27,6464
1434,福懋,11,0,11,大昌-新店,2023-09-27,6464
00907,永豐優息存股,11,0,11,大昌-新店,2023-09-27,6464
3322,建舜電,12,1,11,大昌-新店,2023-09-27,6464
3264,欣銓,13,2,11,大昌-新店,2023-09-27,6464
2892,第一金,11,0,11,大昌-新店,2023-09-27,6464
1326,台化,10,0,10,大昌-新店,2023-09-27,6464
2349,錸德,10,0,10,大昌-新店,2023-09-27,6464
3615,安可,11,1,10,大昌-新店,2023-09-27,6464
4111,濟生,10,0,10,大昌-新店,2023-09-27,6464
2867,三商壽,10,0,10,大昌-新店,2023-09-27,6464
2332,友訊,10,0,10,大昌-新店,2023-09-27,6464
8088,品安,12,2,10,大昌-新店,2023-09-27,6464
00929,復華台灣科技優息,173,9,164,大昌-新店,2023-09-28,6464
3231,緯創,182,65,117,大昌-新店,2023-09-28,6464
00922,國泰台灣領袖50,101,0,101,大昌-新店,2023-09-28,6464
3322,建舜電,108,18,90,大昌-新店,2023-09-28,6464
6282,康舒,83,13,70,大昌-新店,2023-09-28,6464
3675,德微,67,0,67,大昌-新店,2023-09-28,6464
00664R,國泰臺灣加權反1,57,0,57,大昌-新店,2023-09-28,6464
00712,復華富時不動產,56,1,55,大昌-新店,2023-09-28,6464
2449,京元電子,76,24,52,大昌-新店,2023-09-28,6464
00665L,富邦�琤肭磪囓�2,71,20,51,大昌-新店,2023-09-28,6464
2610,華航,65,20,45,大昌-新店,2023-09-28,6464
00882,中信中國高股息,44,0,44,大昌-新店,2023-09-28,6464
2883,凱基金,51,8,43,大昌-新店,2023-09-28,6464
2408,南亞科,47,8,39,大昌-新店,2023-09-28,6464
2324,仁寶,43,5,38,大昌-新店,2023-09-28,6464
9907,統一實,38,0,38,大昌-新店,2023-09-28,6464
3706,神達,55,18,37,大昌-新店,2023-09-28,6464
1301,台塑,33,0,33,大昌-新店,2023-09-28,6464
00637L,元大滬深300正2,51,21,30,大昌-新店,2023-09-28,6464
2376,技嘉,57,28,29,大昌-新店,2023-09-28,6464
2317,鴻海,29,1,28,大昌-新店,2023-09-28,6464
9904,寶成,27,0,27,大昌-新店,2023-09-28,6464
4908,前鼎,56,29,27,大昌-新店,2023-09-28,6464
00687B,國泰20年美債,25,0,25,大昌-新店,2023-09-28,6464
2542,興富發,25,0,25,大昌-新店,2023-09-28,6464
00751B,元大AAA至A公司債,25,0,25,大昌-新店,2023-09-28,6464
8088,品安,29,6,23,大昌-新店,2023-09-28,6464
00720B,元大投資級公司債,23,0,23,大昌-新店,2023-09-28,6464
3548,兆利,31,10,21,大昌-新店,2023-09-28,6464
00688L,國泰20年美債正2,20,0,20,大昌-新店,2023-09-28,6464
00885,富邦越南,20,0,20,大昌-新店,2023-09-28,6464
2332,友訊,20,0,20,大昌-新店,2023-09-28,6464
00857B,永豐20年美公債,20,0,20,大昌-新店,2023-09-28,6464
3630,新鉅科,21,3,18,大昌-新店,2023-09-28,6464
2363,矽統,62,46,16,大昌-新店,2023-09-28,6464
2405,輔信,19,3,16,大昌-新店,2023-09-28,6464
1471,首利,60,45,15,大昌-新店,2023-09-28,6464
2102,泰豐,15,0,15,大昌-新店,2023-09-28,6464
3149,正達,20,6,14,大昌-新店,2023-09-28,6464
00753L,中信中國50正2,14,0,14,大昌-新店,2023-09-28,6464
1608,華榮,18,5,13,大昌-新店,2023-09-28,6464
2204,中華,14,1,13,大昌-新店,2023-09-28,6464
6188,廣明,13,1,12,大昌-新店,2023-09-28,6464
6274,台燿,24,12,12,大昌-新店,2023-09-28,6464
3710,連展投控,11,0,11,大昌-新店,2023-09-28,6464
2399,映泰,12,1,11,大昌-新店,2023-09-28,6464
3122,笙泉,21,10,11,大昌-新店,2023-09-28,6464
00773B,中信優先金融債,10,0,10,大昌-新店,2023-09-28,6464
00708L,期元大S＆P黃金正2,10,0,10,大昌-新店,2023-09-28,6464
5353,台林,10,0,10,大昌-新店,2023-09-28,6464
2025,千興,172,0,172,大昌-新店,2023-10-02,6464
2409,友達,225,110,115,大昌-新店,2023-10-02,6464
00922,國泰台灣領袖50,200,99,101,大昌-新店,2023-10-02,6464
2313,華通,114,23,91,大昌-新店,2023-10-02,6464
2363,矽統,127,51,76,大昌-新店,2023-10-02,6464
2618,長榮航,148,74,74,大昌-新店,2023-10-02,6464
3325,旭品,88,20,68,大昌-新店,2023-10-02,6464
00724B,群益投資級金融債,64,0,64,大昌-新店,2023-10-02,6464
00772B,中信高評級公司債,62,0,62,大昌-新店,2023-10-02,6464
2888,新光金,65,3,62,大昌-新店,2023-10-02,6464
2382,廣達,300,245,55,大昌-新店,2023-10-02,6464
00664R,國泰臺灣加權反1,53,0,53,大昌-新店,2023-10-02,6464
00931B,統一美債20年,52,3,49,大昌-新店,2023-10-02,6464
1519,華城,55,8,47,大昌-新店,2023-10-02,6464
00669R,國泰美國道瓊反1,37,0,37,大昌-新店,2023-10-02,6464
00679B,元大美債20年,37,1,36,大昌-新店,2023-10-02,6464
5014,建錩,30,0,30,大昌-新店,2023-10-02,6464
00687B,國泰20年美債,29,0,29,大昌-新店,2023-10-02,6464
3481,群創,27,0,27,大昌-新店,2023-10-02,6464
2883,凱基金,38,12,26,大昌-新店,2023-10-02,6464
2606,裕民,27,2,25,大昌-新店,2023-10-02,6464
00670L,富邦NASDAQ正2,25,0,25,大昌-新店,2023-10-02,6464
00751B,元大AAA至A公司債,24,0,24,大昌-新店,2023-10-02,6464
2002,中鋼,30,7,23,大昌-新店,2023-10-02,6464
5324,士開,31,8,23,大昌-新店,2023-10-02,6464
4154,樂威科-KY,22,0,22,大昌-新店,2023-10-02,6464
00720B,元大投資級公司債,21,0,21,大昌-新店,2023-10-02,6464
6005,群益證,20,0,20,大昌-新店,2023-10-02,6464
2867,三商壽,20,0,20,大昌-新店,2023-10-02,6464
2014,中鴻,20,0,20,大昌-新店,2023-10-02,6464
5465,富驊,28,8,20,大昌-新店,2023-10-02,6464
2344,華邦電,32,16,16,大昌-新店,2023-10-02,6464
4977,眾達-KY,30,14,16,大昌-新店,2023-10-02,6464
8086,宏捷科,17,1,16,大昌-新店,2023-10-02,6464
2324,仁寶,17,2,15,大昌-新店,2023-10-02,6464
2354,鴻準,18,3,15,大昌-新店,2023-10-02,6464
9950,萬國通,16,1,15,大昌-新店,2023-10-02,6464
2331,精英,33,18,15,大昌-新店,2023-10-02,6464
1722,台肥,14,0,14,大昌-新店,2023-10-02,6464
6719,力智,16,2,14,大昌-新店,2023-10-02,6464
00857B,永豐20年美公債,13,0,13,大昌-新店,2023-10-02,6464
2634,漢翔,16,3,13,大昌-新店,2023-10-02,6464
2542,興富發,15,2,13,大昌-新店,2023-10-02,6464
00673R,期元大S＆P原油反1,15,2,13,大昌-新店,2023-10-02,6464
3715,定穎投控,80,68,12,大昌-新店,2023-10-02,6464
2880,華南金,12,0,12,大昌-新店,2023-10-02,6464
3709,鑫聯大投控,12,0,12,大昌-新店,2023-10-02,6464
2368,金像電,24,13,11,大昌-新店,2023-10-02,6464
1522,堤維西,15,4,11,大昌-新店,2023-10-02,6464
3056,富華新,11,0,11,大昌-新店,2023-10-02,6464
2888,新光金,215,1,214,大昌-新店,2023-10-03,6464
00882,中信中國高股息,169,0,169,大昌-新店,2023-10-03,6464
0056,元大高股息,175,15,160,大昌-新店,2023-10-03,6464
00922,國泰台灣領袖50,149,10,139,大昌-新店,2023-10-03,6464
2409,友達,276,171,105,大昌-新店,2023-10-03,6464
1402,遠東新,100,0,100,大昌-新店,2023-10-03,6464
5324,士開,62,0,62,大昌-新店,2023-10-03,6464
3325,旭品,94,35,59,大昌-新店,2023-10-03,6464
00878,國泰永續高股息,63,6,57,大昌-新店,2023-10-03,6464
00712,復華富時不動產,53,0,53,大昌-新店,2023-10-03,6464
2201,裕隆,56,5,51,大昌-新店,2023-10-03,6464
2883,凱基金,58,7,51,大昌-新店,2023-10-03,6464
2211,長榮鋼,51,3,48,大昌-新店,2023-10-03,6464
1815,富喬,115,68,47,大昌-新店,2023-10-03,6464
2206,三陽工業,51,11,40,大昌-新店,2023-10-03,6464
00724B,群益投資級金融債,40,0,40,大昌-新店,2023-10-03,6464
2002,中鋼,51,12,39,大昌-新店,2023-10-03,6464
00635U,期元大S＆P黃金,39,0,39,大昌-新店,2023-10-03,6464
3231,緯創,107,69,38,大昌-新店,2023-10-03,6464
00891,中信關鍵半導體,51,13,38,大昌-新店,2023-10-03,6464
2412,中華電,37,0,37,大昌-新店,2023-10-03,6464
2388,威盛,75,39,36,大昌-新店,2023-10-03,6464
00720B,元大投資級公司債,32,0,32,大昌-新店,2023-10-03,6464
3481,群創,48,17,31,大昌-新店,2023-10-03,6464
00679B,元大美債20年,30,1,29,大昌-新店,2023-10-03,6464
00885,富邦越南,34,5,29,大昌-新店,2023-10-03,6464
00650L,復華香港正2,38,10,28,大昌-新店,2023-10-03,6464
00907,永豐優息存股,28,0,28,大昌-新店,2023-10-03,6464
2356,英業達,38,10,28,大昌-新店,2023-10-03,6464
3044,健鼎,29,2,27,大昌-新店,2023-10-03,6464
00919,群益台灣精選高息,52,25,27,大昌-新店,2023-10-03,6464
5471,松翰,25,0,25,大昌-新店,2023-10-03,6464
00751B,元大AAA至A公司債,27,3,24,大昌-新店,2023-10-03,6464
2891,中信金,24,0,24,大昌-新店,2023-10-03,6464
00632R,元大台灣50反1,25,2,23,大昌-新店,2023-10-03,6464
2882,國泰金,22,0,22,大昌-新店,2023-10-03,6464
00637L,元大滬深300正2,101,79,22,大昌-新店,2023-10-03,6464
6016,康和證,21,0,21,大昌-新店,2023-10-03,6464
2867,三商壽,20,0,20,大昌-新店,2023-10-03,6464
00671R,富邦NASDAQ反1,20,0,20,大昌-新店,2023-10-03,6464
8936,國統,31,11,20,大昌-新店,2023-10-03,6464
3013,晟銘電,31,12,19,大昌-新店,2023-10-03,6464
2618,長榮航,142,123,19,大昌-新店,2023-10-03,6464
5452,佶優,23,5,18,大昌-新店,2023-10-03,6464
00752,中信中國50,18,0,18,大昌-新店,2023-10-03,6464
00652,富邦印度,18,0,18,大昌-新店,2023-10-03,6464
00795B,中信美國公債20年,17,0,17,大昌-新店,2023-10-03,6464
1605,華新,22,5,17,大昌-新店,2023-10-03,6464
00753L,中信中國50正2,16,0,16,大昌-新店,2023-10-03,6464
3163,波若威,36,21,15,大昌-新店,2023-10-03,6464
00929,復華台灣科技優息,263,5,258,大昌-新店,2023-10-04,6464
00632R,元大台灣50反1,245,46,199,大昌-新店,2023-10-04,6464
2883,凱基金,160,11,149,大昌-新店,2023-10-04,6464
2303,聯電,146,5,141,大昌-新店,2023-10-04,6464
0056,元大高股息,149,11,138,大昌-新店,2023-10-04,6464
00922,國泰台灣領袖50,123,2,121,大昌-新店,2023-10-04,6464
2515,中工,104,0,104,大昌-新店,2023-10-04,6464
00680L,元大美債20正2,142,40,102,大昌-新店,2023-10-04,6464
2888,新光金,105,9,96,大昌-新店,2023-10-04,6464
00637L,元大滬深300正2,111,20,91,大昌-新店,2023-10-04,6464
3325,旭品,123,51,72,大昌-新店,2023-10-04,6464
3231,緯創,115,49,66,大昌-新店,2023-10-04,6464
00719B,元大美債1-3,66,0,66,大昌-新店,2023-10-04,6464
00772B,中信高評級公司債,52,1,51,大昌-新店,2023-10-04,6464
00688L,國泰20年美債正2,51,0,51,大昌-新店,2023-10-04,6464
00885,富邦越南,49,0,49,大昌-新店,2023-10-04,6464
00720B,元大投資級公司債,47,0,47,大昌-新店,2023-10-04,6464
2892,第一金,45,0,45,大昌-新店,2023-10-04,6464
1605,華新,57,13,44,大昌-新店,2023-10-04,6464
2891,中信金,48,5,43,大昌-新店,2023-10-04,6464
6451,訊芯-KY,66,26,40,大昌-新店,2023-10-04,6464
00740B,富邦全球投等債,40,0,40,大昌-新店,2023-10-04,6464
00899,FT潔淨能源,40,0,40,大昌-新店,2023-10-04,6464
00882,中信中國高股息,41,2,39,大昌-新店,2023-10-04,6464
00665L,富邦�琤肭磪囓�2,37,0,37,大昌-新店,2023-10-04,6464
00795B,中信美國公債20年,34,1,33,大昌-新店,2023-10-04,6464
3481,群創,46,13,33,大昌-新店,2023-10-04,6464
5880,合庫金,33,1,32,大昌-新店,2023-10-04,6464
2867,三商壽,42,10,32,大昌-新店,2023-10-04,6464
2801,彰銀,31,0,31,大昌-新店,2023-10-04,6464
2887,台新金,30,0,30,大昌-新店,2023-10-04,6464
6901,鑽石投資,30,1,29,大昌-新店,2023-10-04,6464
2880,華南金,41,14,27,大昌-新店,2023-10-04,6464
2382,廣達,102,77,25,大昌-新店,2023-10-04,6464
00679B,元大美債20年,77,55,22,大昌-新店,2023-10-04,6464
5009,榮剛,27,5,22,大昌-新店,2023-10-04,6464
00919,群益台灣精選高息,28,8,20,大昌-新店,2023-10-04,6464
1216,統一,21,1,20,大昌-新店,2023-10-04,6464
00773B,中信優先金融債,19,0,19,大昌-新店,2023-10-04,6464
3694,海華,21,3,18,大昌-新店,2023-10-04,6464
2412,中華電,18,0,18,大昌-新店,2023-10-04,6464
2204,中華,20,2,18,大昌-新店,2023-10-04,6464
2329,華泰,26,9,17,大昌-新店,2023-10-04,6464
1218,泰山,27,10,17,大昌-新店,2023-10-04,6464
2886,兆豐金,18,1,17,大昌-新店,2023-10-04,6464
5272,笙科,19,3,16,大昌-新店,2023-10-04,6464
2882,國泰金,17,1,16,大昌-新店,2023-10-04,6464
2206,三陽工業,17,1,16,大昌-新店,2023-10-04,6464
2641,正德,20,4,16,大昌-新店,2023-10-04,6464
2610,華航,24,8,16,大昌-新店,2023-10-04,6464
2888,新光金,401,0,401,大昌-新店,2023-10-05,6464
00720B,元大投資級公司債,303,0,303,大昌-新店,2023-10-05,6464
2883,凱基金,137,22,115,大昌-新店,2023-10-05,6464
00637L,元大滬深300正2,87,22,65,大昌-新店,2023-10-05,6464
00679B,元大美債20年,57,8,49,大昌-新店,2023-10-05,6464
00919,群益台灣精選高息,53,5,48,大昌-新店,2023-10-05,6464
2014,中鴻,52,4,48,大昌-新店,2023-10-05,6464
00687B,國泰20年美債,46,0,46,大昌-新店,2023-10-05,6464
00882,中信中國高股息,47,2,45,大昌-新店,2023-10-05,6464
3715,定穎投控,116,74,42,大昌-新店,2023-10-05,6464
00712,復華富時不動產,54,16,38,大昌-新店,2023-10-05,6464
3481,群創,40,2,38,大昌-新店,2023-10-05,6464
3325,旭品,75,37,38,大昌-新店,2023-10-05,6464
5324,士開,33,5,28,大昌-新店,2023-10-05,6464
00664R,國泰臺灣加權反1,28,0,28,大昌-新店,2023-10-05,6464
2412,中華電,27,0,27,大昌-新店,2023-10-05,6464
6274,台燿,54,30,24,大昌-新店,2023-10-05,6464
3669,圓展,30,6,24,大昌-新店,2023-10-05,6464
00753L,中信中國50正2,18,0,18,大昌-新店,2023-10-05,6464
2358,廷鑫,20,2,18,大昌-新店,2023-10-05,6464
00715L,期街口布蘭特正2,17,0,17,大昌-新店,2023-10-05,6464
4543,萬在,21,4,17,大昌-新店,2023-10-05,6464
3037,欣興,25,9,16,大昌-新店,2023-10-05,6464
3548,兆利,22,7,15,大昌-新店,2023-10-05,6464
2317,鴻海,22,8,14,大昌-新店,2023-10-05,6464
2388,威盛,19,6,13,大昌-新店,2023-10-05,6464
2313,華通,42,29,13,大昌-新店,2023-10-05,6464
3081,聯亞,40,27,13,大昌-新店,2023-10-05,6464
1101,台泥,12,0,12,大昌-新店,2023-10-05,6464
1609,大亞,16,4,12,大昌-新店,2023-10-05,6464
2433,互盛電,12,0,12,大昌-新店,2023-10-05,6464
2201,裕隆,23,11,12,大昌-新店,2023-10-05,6464
5381,合正,16,5,11,大昌-新店,2023-10-05,6464
5880,合庫金,12,1,11,大昌-新店,2023-10-05,6464
4154,樂威科-KY,10,0,10,大昌-新店,2023-10-05,6464
3265,台星科,14,4,10,大昌-新店,2023-10-05,6464
3044,健鼎,20,10,10,大昌-新店,2023-10-05,6464
2417,圓剛,41,31,10,大昌-新店,2023-10-05,6464
6275,元山,10,1,9,大昌-新店,2023-10-05,6464
2368,金像電,18,9,9,大昌-新店,2023-10-05,6464
2753,八方雲集,9,0,9,大昌-新店,2023-10-05,6464
6156,松上,10,1,9,大昌-新店,2023-10-05,6464
3036,文曄,21,12,9,大昌-新店,2023-10-05,6464
2610,華航,64,56,8,大昌-新店,2023-10-05,6464
00885,富邦越南,8,0,8,大昌-新店,2023-10-05,6464
2027,大成鋼,7,0,7,大昌-新店,2023-10-05,6464
2882,國泰金,13,6,7,大昌-新店,2023-10-05,6464
9958,世紀鋼,7,0,7,大昌-新店,2023-10-05,6464
2390,云辰,12,5,7,大昌-新店,2023-10-05,6464
00752,中信中國50,7,0,7,大昌-新店,2023-10-05,6464
0056,元大高股息,209,17,192,大昌-新店,2023-10-06,6464
00922,國泰台灣領袖50,96,0,96,大昌-新店,2023-10-06,6464
2409,友達,88,0,88,大昌-新店,2023-10-06,6464
9105,泰金寶-DR,79,0,79,大昌-新店,2023-10-06,6464
00929,復華台灣科技優息,129,53,76,大昌-新店,2023-10-06,6464
2618,長榮航,75,4,71,大昌-新店,2023-10-06,6464
00712,復華富時不動產,52,0,52,大昌-新店,2023-10-06,6464
5324,士開,42,0,42,大昌-新店,2023-10-06,6464
00664R,國泰臺灣加權反1,38,0,38,大昌-新店,2023-10-06,6464
1524,耿鼎,40,4,36,大昌-新店,2023-10-06,6464
6274,台燿,61,30,31,大昌-新店,2023-10-06,6464
3481,群創,33,3,30,大昌-新店,2023-10-06,6464
4714,永捷,31,1,30,大昌-新店,2023-10-06,6464
2324,仁寶,31,2,29,大昌-新店,2023-10-06,6464
00632R,元大台灣50反1,28,0,28,大昌-新店,2023-10-06,6464
00673R,期元大S＆P原油反1,50,24,26,大昌-新店,2023-10-06,6464
8227,巨有科技,26,5,21,大昌-新店,2023-10-06,6464
00715L,期街口布蘭特正2,34,13,21,大昌-新店,2023-10-06,6464
3231,緯創,69,48,21,大昌-新店,2023-10-06,6464
2303,聯電,32,12,20,大昌-新店,2023-10-06,6464
2301,光寶科,40,21,19,大昌-新店,2023-10-06,6464
1101,台泥,20,2,18,大昌-新店,2023-10-06,6464
1522,堤維西,20,2,18,大昌-新店,2023-10-06,6464
8210,勤誠,44,26,18,大昌-新店,2023-10-06,6464
1802,台玻,22,5,17,大昌-新店,2023-10-06,6464
00679B,元大美債20年,21,5,16,大昌-新店,2023-10-06,6464
00720B,元大投資級公司債,15,0,15,大昌-新店,2023-10-06,6464
2030,彰源,15,0,15,大昌-新店,2023-10-06,6464
3163,波若威,29,14,15,大昌-新店,2023-10-06,6464
2801,彰銀,18,3,15,大昌-新店,2023-10-06,6464
00751B,元大AAA至A公司債,14,0,14,大昌-新店,2023-10-06,6464
2886,兆豐金,29,16,13,大昌-新店,2023-10-06,6464
00931B,統一美債20年,13,0,13,大昌-新店,2023-10-06,6464
3037,欣興,23,11,12,大昌-新店,2023-10-06,6464
6282,康舒,16,4,12,大昌-新店,2023-10-06,6464
1815,富喬,13,2,11,大昌-新店,2023-10-06,6464
3704,合勤控,11,0,11,大昌-新店,2023-10-06,6464
3675,德微,11,0,11,大昌-新店,2023-10-06,6464
3006,晶豪科,47,37,10,大昌-新店,2023-10-06,6464
00680L,元大美債20正2,21,11,10,大昌-新店,2023-10-06,6464
7402,邑錡,10,0,10,大昌-新店,2023-10-06,6464
2455,全新,14,4,10,大昌-新店,2023-10-06,6464
00905,FT臺灣Smart,10,0,10,大昌-新店,2023-10-06,6464
3287,廣寰科,10,0,10,大昌-新店,2023-10-06,6464
8299,群聯,11,1,10,大昌-新店,2023-10-06,6464
4402,郡都開發,10,0,10,大昌-新店,2023-10-06,6464
3081,聯亞,10,1,9,大昌-新店,2023-10-06,6464
00857B,永豐20年美公債,9,0,9,大昌-新店,2023-10-06,6464
2371,大同,9,0,9,大昌-新店,2023-10-06,6464
00864B,中信美國公債0-1,9,0,9,大昌-新店,2023-10-06,6464
00632R,元大台灣50反1,577,0,577,大昌-新店,2023-10-11,6464
3231,緯創,332,97,235,大昌-新店,2023-10-11,6464
00919,群益台灣精選高息,95,19,76,大昌-新店,2023-10-11,6464
0056,元大高股息,73,1,72,大昌-新店,2023-10-11,6464
2002,中鋼,84,18,66,大昌-新店,2023-10-11,6464
4714,永捷,60,2,58,大昌-新店,2023-10-11,6464
2634,漢翔,63,17,46,大昌-新店,2023-10-11,6464
3706,神達,51,5,46,大昌-新店,2023-10-11,6464
4543,萬在,48,4,44,大昌-新店,2023-10-11,6464
6282,康舒,48,13,35,大昌-新店,2023-10-11,6464
3481,群創,48,14,34,大昌-新店,2023-10-11,6464
2356,英業達,52,18,34,大昌-新店,2023-10-11,6464
2609,陽明,41,9,32,大昌-新店,2023-10-11,6464
6120,達運,32,1,31,大昌-新店,2023-10-11,6464
2637,慧洋-KY,27,0,27,大昌-新店,2023-10-11,6464
2495,普安,25,0,25,大昌-新店,2023-10-11,6464
2618,長榮航,62,38,24,大昌-新店,2023-10-11,6464
00637L,元大滬深300正2,26,2,24,大昌-新店,2023-10-11,6464
2329,華泰,30,6,24,大昌-新店,2023-10-11,6464
00751B,元大AAA至A公司債,23,0,23,大昌-新店,2023-10-11,6464
2610,華航,34,12,22,大昌-新店,2023-10-11,6464
2603,長榮,36,14,22,大昌-新店,2023-10-11,6464
2376,技嘉,43,22,21,大昌-新店,2023-10-11,6464
2427,三商電,26,6,20,大昌-新店,2023-10-11,6464
1568,倉佑,20,0,20,大昌-新店,2023-10-11,6464
6187,萬潤,25,5,20,大昌-新店,2023-10-11,6464
00664R,國泰臺灣加權反1,19,0,19,大昌-新店,2023-10-11,6464
1609,大亞,23,5,18,大昌-新店,2023-10-11,6464
00673R,期元大S＆P原油反1,18,0,18,大昌-新店,2023-10-11,6464
2421,建準,28,11,17,大昌-新店,2023-10-11,6464
3715,定穎投控,87,70,17,大昌-新店,2023-10-11,6464
3693,營邦,22,6,16,大昌-新店,2023-10-11,6464
00648R,元大S＆P500反1,15,0,15,大昌-新店,2023-10-11,6464
6443,元晶,22,7,15,大昌-新店,2023-10-11,6464
6285,啟��,58,44,14,大昌-新店,2023-10-11,6464
3704,合勤控,21,7,14,大昌-新店,2023-10-11,6464
2465,麗臺,16,2,14,大昌-新店,2023-10-11,6464
8103,瀚荃,14,0,14,大昌-新店,2023-10-11,6464
2388,威盛,20,7,13,大昌-新店,2023-10-11,6464
2337,旺宏,16,3,13,大昌-新店,2023-10-11,6464
1802,台玻,30,17,13,大昌-新店,2023-10-11,6464
9941,裕融,12,0,12,大昌-新店,2023-10-11,6464
3005,神基,14,2,12,大昌-新店,2023-10-11,6464
1471,首利,14,2,12,大昌-新店,2023-10-11,6464
8050,廣積,11,0,11,大昌-新店,2023-10-11,6464
3432,台端,11,0,11,大昌-新店,2023-10-11,6464
9950,萬國通,11,0,11,大昌-新店,2023-10-11,6464
00680L,元大美債20正2,11,0,11,大昌-新店,2023-10-11,6464
2014,中鴻,12,1,11,大昌-新店,2023-10-11,6464
3088,艾訊,12,1,11,大昌-新店,2023-10-11,6464
00632R,元大台灣50反1,143,35,108,大昌-新店,2023-10-12,6464
1314,中石化,100,4,96,大昌-新店,2023-10-12,6464
6216,居易,98,9,89,大昌-新店,2023-10-12,6464
1312,國喬,80,5,75,大昌-新店,2023-10-12,6464
1324,地球,76,3,73,大昌-新店,2023-10-12,6464
00680L,元大美債20正2,60,0,60,大昌-新店,2023-10-12,6464
1524,耿鼎,66,15,51,大昌-新店,2023-10-12,6464
2365,昆盈,50,0,50,大昌-新店,2023-10-12,6464
1101,台泥,57,11,46,大昌-新店,2023-10-12,6464
3024,憶聲,40,0,40,大昌-新店,2023-10-12,6464
2356,英業達,56,20,36,大昌-新店,2023-10-12,6464
00676R,富邦臺灣加權反1,31,0,31,大昌-新店,2023-10-12,6464
2516,新建,26,0,26,大昌-新店,2023-10-12,6464
2460,建通,25,0,25,大昌-新店,2023-10-12,6464
0056,元大高股息,42,18,24,大昌-新店,2023-10-12,6464
00878,國泰永續高股息,23,0,23,大昌-新店,2023-10-12,6464
00919,群益台灣精選高息,28,5,23,大昌-新店,2023-10-12,6464
4114,健喬,23,0,23,大昌-新店,2023-10-12,6464
00648R,元大S＆P500反1,20,0,20,大昌-新店,2023-10-12,6464
00922,國泰台灣領袖50,21,2,19,大昌-新店,2023-10-12,6464
00929,復華台灣科技優息,80,62,18,大昌-新店,2023-10-12,6464
1605,華新,51,34,17,大昌-新店,2023-10-12,6464
00664R,國泰臺灣加權反1,17,0,17,大昌-新店,2023-10-12,6464
2543,皇昌,15,0,15,大昌-新店,2023-10-12,6464
3576,聯合再生,14,0,14,大昌-新店,2023-10-12,6464
1519,華城,28,14,14,大昌-新店,2023-10-12,6464
2881,富邦金,18,4,14,大昌-新店,2023-10-12,6464
00720B,元大投資級公司債,13,0,13,大昌-新店,2023-10-12,6464
2352,佳世達,11,0,11,大昌-新店,2023-10-12,6464
2637,慧洋-KY,13,2,11,大昌-新店,2023-10-12,6464
3149,正達,11,0,11,大昌-新店,2023-10-12,6464
1802,台玻,29,18,11,大昌-新店,2023-10-12,6464
4164,承業醫,11,0,11,大昌-新店,2023-10-12,6464
4564,元翎,11,0,11,大昌-新店,2023-10-12,6464
2801,彰銀,11,0,11,大昌-新店,2023-10-12,6464
3058,立德,11,0,11,大昌-新店,2023-10-12,6464
6168,宏齊,15,4,11,大昌-新店,2023-10-12,6464
3037,欣興,16,5,11,大昌-新店,2023-10-12,6464
6770,力積電,15,5,10,大昌-新店,2023-10-12,6464
5324,士開,10,0,10,大昌-新店,2023-10-12,6464
6591,動力-KY,10,0,10,大昌-新店,2023-10-12,6464
4402,郡都開發,10,0,10,大昌-新店,2023-10-12,6464
2324,仁寶,26,17,9,大昌-新店,2023-10-12,6464
1514,亞力,9,0,9,大昌-新店,2023-10-12,6464
2208,台船,8,0,8,大昌-新店,2023-10-12,6464
2605,新興,10,2,8,大昌-新店,2023-10-12,6464
1303,南亞,8,0,8,大昌-新店,2023-10-12,6464
6469,大樹,8,0,8,大昌-新店,2023-10-12,6464
1815,富喬,10,3,7,大昌-新店,2023-10-12,6464
1810,和成,9,2,7,大昌-新店,2023-10-12,6464
0056,元大高股息,198,18,180,大昌-新店,2023-10-13,6464
3231,緯創,216,39,177,大昌-新店,2023-10-13,6464
1815,富喬,142,30,112,大昌-新店,2023-10-13,6464
00710B,復華彭博非投等債,107,0,107,大昌-新店,2023-10-13,6464
2449,京元電子,106,25,81,大昌-新店,2023-10-13,6464
00878,國泰永續高股息,94,15,79,大昌-新店,2023-10-13,6464
00637L,元大滬深300正2,99,32,67,大昌-新店,2023-10-13,6464
2301,光寶科,85,18,67,大昌-新店,2023-10-13,6464
2834,臺企銀,62,2,60,大昌-新店,2023-10-13,6464
2882,國泰金,62,4,58,大昌-新店,2023-10-13,6464
6284,佳邦,80,26,54,大昌-新店,2023-10-13,6464
4960,誠美材,83,32,51,大昌-新店,2023-10-13,6464
00919,群益台灣精選高息,49,0,49,大昌-新店,2023-10-13,6464
00650L,復華香港正2,50,3,47,大昌-新店,2023-10-13,6464
00922,國泰台灣領袖50,46,0,46,大昌-新店,2023-10-13,6464
00885,富邦越南,43,0,43,大昌-新店,2023-10-13,6464
3483,力致,64,21,43,大昌-新店,2023-10-13,6464
4979,華星光,74,32,42,大昌-新店,2023-10-13,6464
1905,華紙,47,5,42,大昌-新店,2023-10-13,6464
2356,英業達,63,22,41,大昌-新店,2023-10-13,6464
2382,廣達,94,55,39,大昌-新店,2023-10-13,6464
00679B,元大美債20年,57,18,39,大昌-新店,2023-10-13,6464
2618,長榮航,45,6,39,大昌-新店,2023-10-13,6464
4938,和碩,37,2,35,大昌-新店,2023-10-13,6464
2344,華邦電,42,7,35,大昌-新店,2023-10-13,6464
00772B,中信高評級公司債,34,0,34,大昌-新店,2023-10-13,6464
2801,彰銀,30,0,30,大昌-新店,2023-10-13,6464
2881,富邦金,32,2,30,大昌-新店,2023-10-13,6464
2329,華泰,48,19,29,大昌-新店,2023-10-13,6464
2353,宏��,24,0,24,大昌-新店,2023-10-13,6464
00877,復華中國5G,24,0,24,大昌-新店,2023-10-13,6464
1609,大亞,24,2,22,大昌-新店,2023-10-13,6464
00887,永豐中國科技50大,22,0,22,大昌-新店,2023-10-13,6464
2913,農林,21,0,21,大昌-新店,2023-10-13,6464
2376,技嘉,43,22,21,大昌-新店,2023-10-13,6464
2402,毅嘉,25,5,20,大昌-新店,2023-10-13,6464
00671R,富邦NASDAQ反1,20,0,20,大昌-新店,2023-10-13,6464
4533,協易機,20,0,20,大昌-新店,2023-10-13,6464
00760B,復華新興企業債,20,0,20,大昌-新店,2023-10-13,6464
5471,松翰,20,0,20,大昌-新店,2023-10-13,6464
6282,康舒,60,40,20,大昌-新店,2023-10-13,6464
2812,台中銀,20,0,20,大昌-新店,2023-10-13,6464
2409,友達,29,10,19,大昌-新店,2023-10-13,6464
1303,南亞,18,0,18,大昌-新店,2023-10-13,6464
00633L,富邦上証正2,22,4,18,大昌-新店,2023-10-13,6464
1524,耿鼎,20,2,18,大昌-新店,2023-10-13,6464
2880,華南金,20,2,18,大昌-新店,2023-10-13,6464
9907,統一實,18,0,18,大昌-新店,2023-10-13,6464
4164,承業醫,17,0,17,大昌-新店,2023-10-13,6464
3515,華擎,17,0,17,大昌-新店,2023-10-13,6464
020039,元大加權N,232,0,232,大昌-新店,2023-10-16,6464
00929,復華台灣科技優息,222,7,215,大昌-新店,2023-10-16,6464
0056,元大高股息,128,4,124,大昌-新店,2023-10-16,6464
2610,華航,127,13,114,大昌-新店,2023-10-16,6464
00665L,富邦�琤肭磪囓�2,101,0,101,大昌-新店,2023-10-16,6464
2344,華邦電,118,25,93,大昌-新店,2023-10-16,6464
00753L,中信中國50正2,81,0,81,大昌-新店,2023-10-16,6464
2363,矽統,251,171,80,大昌-新店,2023-10-16,6464
2324,仁寶,73,12,61,大昌-新店,2023-10-16,6464
2201,裕隆,87,28,59,大昌-新店,2023-10-16,6464
00637L,元大滬深300正2,77,24,53,大昌-新店,2023-10-16,6464
2409,友達,61,11,50,大昌-新店,2023-10-16,6464
2618,長榮航,91,45,46,大昌-新店,2023-10-16,6464
5425,台半,40,3,37,大昌-新店,2023-10-16,6464
2634,漢翔,44,7,37,大昌-新店,2023-10-16,6464
6770,力積電,42,6,36,大昌-新店,2023-10-16,6464
2371,大同,34,3,31,大昌-新店,2023-10-16,6464
2323,中環,30,0,30,大昌-新店,2023-10-16,6464
00633L,富邦上証正2,35,6,29,大昌-新店,2023-10-16,6464
2349,錸德,27,0,27,大昌-新店,2023-10-16,6464
6282,康舒,28,3,25,大昌-新店,2023-10-16,6464
2329,華泰,27,4,23,大昌-新店,2023-10-16,6464
1605,華新,44,22,22,大昌-新店,2023-10-16,6464
2816,旺旺保,22,1,21,大昌-新店,2023-10-16,6464
4173,久裕,20,0,20,大昌-新店,2023-10-16,6464
3005,神基,22,2,20,大昌-新店,2023-10-16,6464
6129,普誠,20,0,20,大昌-新店,2023-10-16,6464
2330,台積電,27,8,19,大昌-新店,2023-10-16,6464
2382,廣達,30,11,19,大昌-新店,2023-10-16,6464
8996,高力,30,11,19,大昌-新店,2023-10-16,6464
2387,精元,19,0,19,大昌-新店,2023-10-16,6464
9907,統一實,18,0,18,大昌-新店,2023-10-16,6464
4737,華廣,16,0,16,大昌-新店,2023-10-16,6464
1218,泰山,20,4,16,大昌-新店,2023-10-16,6464
2515,中工,144,128,16,大昌-新店,2023-10-16,6464
3596,智易,16,0,16,大昌-新店,2023-10-16,6464
2913,農林,17,2,15,大昌-新店,2023-10-16,6464
1301,台塑,17,3,14,大昌-新店,2023-10-16,6464
3680,家登,17,4,13,大昌-新店,2023-10-16,6464
00907,永豐優息存股,13,0,13,大昌-新店,2023-10-16,6464
2408,南亞科,14,1,13,大昌-新店,2023-10-16,6464
4402,郡都開發,13,0,13,大昌-新店,2023-10-16,6464
4908,前鼎,89,77,12,大昌-新店,2023-10-16,6464
8222,寶一,16,4,12,大昌-新店,2023-10-16,6464
1904,正隆,13,1,12,大昌-新店,2023-10-16,6464
6470,宇智,12,0,12,大昌-新店,2023-10-16,6464
2486,一詮,18,7,11,大昌-新店,2023-10-16,6464
00922,國泰台灣領袖50,11,0,11,大昌-新店,2023-10-16,6464
2369,菱生,19,8,11,大昌-新店,2023-10-16,6464
2337,旺宏,15,4,11,大昌-新店,2023-10-16,6464
0056,元大高股息,379,42,337,大昌-新店,2023-10-17,6464
2449,京元電子,189,36,153,大昌-新店,2023-10-17,6464
3231,緯創,281,149,132,大昌-新店,2023-10-17,6464
00922,國泰台灣領袖50,121,0,121,大昌-新店,2023-10-17,6464
8936,國統,72,0,72,大昌-新店,2023-10-17,6464
5410,國眾,40,0,40,大昌-新店,2023-10-17,6464
2201,裕隆,44,5,39,大昌-新店,2023-10-17,6464
2618,長榮航,66,28,38,大昌-新店,2023-10-17,6464
2610,華航,52,15,37,大昌-新店,2023-10-17,6464
2605,新興,38,3,35,大昌-新店,2023-10-17,6464
6284,佳邦,52,18,34,大昌-新店,2023-10-17,6464
6288,聯嘉,43,10,33,大昌-新店,2023-10-17,6464
1609,大亞,38,6,32,大昌-新店,2023-10-17,6464
4207,環泰,30,0,30,大昌-新店,2023-10-17,6464
6168,宏齊,51,22,29,大昌-新店,2023-10-17,6464
1616,億泰,27,0,27,大昌-新店,2023-10-17,6464
2323,中環,27,0,27,大昌-新店,2023-10-17,6464
2369,菱生,33,8,25,大昌-新店,2023-10-17,6464
00679B,元大美債20年,23,0,23,大昌-新店,2023-10-17,6464
00687B,國泰20年美債,23,0,23,大昌-新店,2023-10-17,6464
00929,復華台灣科技優息,95,74,21,大昌-新店,2023-10-17,6464
00751B,元大AAA至A公司債,22,1,21,大昌-新店,2023-10-17,6464
3483,力致,38,17,21,大昌-新店,2023-10-17,6464
9907,統一實,21,0,21,大昌-新店,2023-10-17,6464
3058,立德,20,0,20,大昌-新店,2023-10-17,6464
2399,映泰,30,10,20,大昌-新店,2023-10-17,6464
5439,高技,29,9,20,大昌-新店,2023-10-17,6464
3207,耀勝,32,13,19,大昌-新店,2023-10-17,6464
00680L,元大美債20正2,17,0,17,大昌-新店,2023-10-17,6464
00931B,統一美債20年,16,0,16,大昌-新店,2023-10-17,6464
00795B,中信美國公債20年,16,0,16,大昌-新店,2023-10-17,6464
2356,英業達,31,16,15,大昌-新店,2023-10-17,6464
1513,中興電,17,2,15,大昌-新店,2023-10-17,6464
6770,力積電,46,31,15,大昌-新店,2023-10-17,6464
2301,光寶科,79,64,15,大昌-新店,2023-10-17,6464
00720B,元大投資級公司債,14,0,14,大昌-新店,2023-10-17,6464
2421,建準,24,10,14,大昌-新店,2023-10-17,6464
6274,台燿,29,15,14,大昌-新店,2023-10-17,6464
2641,正德,23,10,13,大昌-新店,2023-10-17,6464
1504,東元,14,1,13,大昌-新店,2023-10-17,6464
6605,帝寶,14,1,13,大昌-新店,2023-10-17,6464
5009,榮剛,13,0,13,大昌-新店,2023-10-17,6464
3078,僑威,53,40,13,大昌-新店,2023-10-17,6464
2887,台新金,13,0,13,大昌-新店,2023-10-17,6464
2211,長榮鋼,13,0,13,大昌-新店,2023-10-17,6464
2882,國泰金,15,2,13,大昌-新店,2023-10-17,6464
3163,波若威,25,13,12,大昌-新店,2023-10-17,6464
2883,凱基金,20,8,12,大昌-新店,2023-10-17,6464
4105,東洋,13,1,12,大昌-新店,2023-10-17,6464
1584,精剛,15,3,12,大昌-新店,2023-10-17,6464
00929,復華台灣科技優息,316,31,285,大昌-新店,2023-10-18,6464
0056,元大高股息,252,58,194,大昌-新店,2023-10-18,6464
00878,國泰永續高股息,157,4,153,大昌-新店,2023-10-18,6464
4960,誠美材,131,6,125,大昌-新店,2023-10-18,6464
00710B,復華彭博非投等債,120,0,120,大昌-新店,2023-10-18,6464
9955,佳龍,119,12,107,大昌-新店,2023-10-18,6464
00919,群益台灣精選高息,85,0,85,大昌-新店,2023-10-18,6464
1314,中石化,100,18,82,大昌-新店,2023-10-18,6464
020039,元大加權N,62,0,62,大昌-新店,2023-10-18,6464
2834,臺企銀,54,1,53,大昌-新店,2023-10-18,6464
1609,大亞,50,3,47,大昌-新店,2023-10-18,6464
00922,國泰台灣領袖50,45,0,45,大昌-新店,2023-10-18,6464
2344,華邦電,57,14,43,大昌-新店,2023-10-18,6464
00882,中信中國高股息,42,0,42,大昌-新店,2023-10-18,6464
2610,華航,62,24,38,大昌-新店,2023-10-18,6464
2328,廣宇,35,0,35,大昌-新店,2023-10-18,6464
1815,富喬,182,149,33,大昌-新店,2023-10-18,6464
2409,友達,41,9,32,大昌-新店,2023-10-18,6464
2201,裕隆,93,62,31,大昌-新店,2023-10-18,6464
2029,盛餘,31,0,31,大昌-新店,2023-10-18,6464
00885,富邦越南,30,0,30,大昌-新店,2023-10-18,6464
1101,台泥,31,1,30,大昌-新店,2023-10-18,6464
2618,長榮航,44,15,29,大昌-新店,2023-10-18,6464
2331,精英,42,17,25,大昌-新店,2023-10-18,6464
2516,新建,25,0,25,大昌-新店,2023-10-18,6464
00687B,國泰20年美債,24,0,24,大昌-新店,2023-10-18,6464
2363,矽統,70,46,24,大昌-新店,2023-10-18,6464
2329,華泰,33,10,23,大昌-新店,2023-10-18,6464
1809,中釉,21,0,21,大昌-新店,2023-10-18,6464
00642U,期元大S＆P石油,31,12,19,大昌-新店,2023-10-18,6464
3363,上詮,49,30,19,大昌-新店,2023-10-18,6464
6274,台燿,27,8,19,大昌-新店,2023-10-18,6464
6104,創惟,22,4,18,大昌-新店,2023-10-18,6464
2401,凌陽,41,24,17,大昌-新店,2023-10-18,6464
00900,富邦特選高股息30,27,10,17,大昌-新店,2023-10-18,6464
3005,神基,16,0,16,大昌-新店,2023-10-18,6464
3324,雙鴻,26,11,15,大昌-新店,2023-10-18,6464
6770,力積電,21,6,15,大昌-新店,2023-10-18,6464
00679B,元大美債20年,15,0,15,大昌-新店,2023-10-18,6464
3376,新日興,15,0,15,大昌-新店,2023-10-18,6464
8271,宇瞻,15,0,15,大昌-新店,2023-10-18,6464
2376,技嘉,40,25,15,大昌-新店,2023-10-18,6464
1584,精剛,19,5,14,大昌-新店,2023-10-18,6464
2002,中鋼,22,8,14,大昌-新店,2023-10-18,6464
3122,笙泉,20,6,14,大昌-新店,2023-10-18,6464
00931B,統一美債20年,15,1,14,大昌-新店,2023-10-18,6464
5210,寶碩,17,4,13,大昌-新店,2023-10-18,6464
3231,緯創,161,148,13,大昌-新店,2023-10-18,6464
6288,聯嘉,18,6,12,大昌-新店,2023-10-18,6464
00923,群益台ESG低碳50,14,2,12,大昌-新店,2023-10-18,6464
1314,中石化,196,18,178,大昌-新店,2023-10-19,6464
0056,元大高股息,167,9,158,大昌-新店,2023-10-19,6464
00679B,元大美債20年,150,1,149,大昌-新店,2023-10-19,6464
00885,富邦越南,76,0,76,大昌-新店,2023-10-19,6464
00919,群益台灣精選高息,72,0,72,大昌-新店,2023-10-19,6464
00665L,富邦�琤肭磪囓�2,101,30,71,大昌-新店,2023-10-19,6464
00687B,國泰20年美債,64,2,62,大昌-新店,2023-10-19,6464
1101,台泥,67,15,52,大昌-新店,2023-10-19,6464
00637L,元大滬深300正2,119,67,52,大昌-新店,2023-10-19,6464
00933B,國泰10Y+金融債,52,1,51,大昌-新店,2023-10-19,6464
00878,國泰永續高股息,79,29,50,大昌-新店,2023-10-19,6464
00922,國泰台灣領袖50,48,0,48,大昌-新店,2023-10-19,6464
00751B,元大AAA至A公司債,44,0,44,大昌-新店,2023-10-19,6464
2409,友達,41,2,39,大昌-新店,2023-10-19,6464
00720B,元大投資級公司債,38,0,38,大昌-新店,2023-10-19,6464
2317,鴻海,38,1,37,大昌-新店,2023-10-19,6464
2867,三商壽,36,0,36,大昌-新店,2023-10-19,6464
020039,元大加權N,32,0,32,大昌-新店,2023-10-19,6464
00931B,統一美債20年,32,0,32,大昌-新店,2023-10-19,6464
2313,華通,59,27,32,大昌-新店,2023-10-19,6464
00882,中信中國高股息,33,2,31,大昌-新店,2023-10-19,6464
00722B,群益投資級電信債,31,0,31,大昌-新店,2023-10-19,6464
2390,云辰,26,0,26,大昌-新店,2023-10-19,6464
6282,康舒,35,12,23,大昌-新店,2023-10-19,6464
9907,統一實,23,0,23,大昌-新店,2023-10-19,6464
2392,正崴,22,0,22,大昌-新店,2023-10-19,6464
2816,旺旺保,46,25,21,大昌-新店,2023-10-19,6464
2440,太空梭,20,0,20,大昌-新店,2023-10-19,6464
3680,家登,22,2,20,大昌-新店,2023-10-19,6464
2834,臺企銀,28,10,18,大昌-新店,2023-10-19,6464
2399,映泰,20,2,18,大昌-新店,2023-10-19,6464
1616,億泰,18,0,18,大昌-新店,2023-10-19,6464
6530,創威,51,33,18,大昌-新店,2023-10-19,6464
2369,菱生,25,9,16,大昌-新店,2023-10-19,6464
2002,中鋼,35,20,15,大昌-新店,2023-10-19,6464
1303,南亞,15,0,15,大昌-新店,2023-10-19,6464
2356,英業達,27,12,15,大昌-新店,2023-10-19,6464
00680L,元大美債20正2,14,0,14,大昌-新店,2023-10-19,6464
00795B,中信美國公債20年,14,0,14,大昌-新店,2023-10-19,6464
4919,新唐,15,1,14,大昌-新店,2023-10-19,6464
3325,旭品,18,4,14,大昌-新店,2023-10-19,6464
6129,普誠,16,2,14,大昌-新店,2023-10-19,6464
2355,敬鵬,12,0,12,大昌-新店,2023-10-19,6464
00772B,中信高評級公司債,12,0,12,大昌-新店,2023-10-19,6464
1504,東元,13,1,12,大昌-新店,2023-10-19,6464
3715,定穎投控,82,70,12,大昌-新店,2023-10-19,6464
6223,旺矽,23,11,12,大昌-新店,2023-10-19,6464
1301,台塑,13,1,12,大昌-新店,2023-10-19,6464
2382,廣達,44,33,11,大昌-新店,2023-10-19,6464
1815,富喬,10,0,10,大昌-新店,2023-10-19,6464
00712,復華富時不動產,428,0,428,大昌-新店,2023-10-20,6464
5880,合庫金,305,0,305,大昌-新店,2023-10-20,6464
2884,玉山金,231,0,231,大昌-新店,2023-10-20,6464
00929,復華台灣科技優息,297,169,128,大昌-新店,2023-10-20,6464
2834,臺企銀,106,1,105,大昌-新店,2023-10-20,6464
00922,國泰台灣領袖50,93,0,93,大昌-新店,2023-10-20,6464
00878,國泰永續高股息,87,11,76,大昌-新店,2023-10-20,6464
1785,光洋科,80,7,73,大昌-新店,2023-10-20,6464
0056,元大高股息,112,47,65,大昌-新店,2023-10-20,6464
00710B,復華彭博非投等債,62,0,62,大昌-新店,2023-10-20,6464
2906,高林,61,0,61,大昌-新店,2023-10-20,6464
00919,群益台灣精選高息,60,6,54,大昌-新店,2023-10-20,6464
2618,長榮航,69,17,52,大昌-新店,2023-10-20,6464
3576,聯合再生,52,1,51,大昌-新店,2023-10-20,6464
4904,遠傳,50,0,50,大昌-新店,2023-10-20,6464
2634,漢翔,70,22,48,大昌-新店,2023-10-20,6464
1605,華新,55,7,48,大昌-新店,2023-10-20,6464
2317,鴻海,52,5,47,大昌-新店,2023-10-20,6464
2449,京元電子,88,50,38,大昌-新店,2023-10-20,6464
6216,居易,36,0,36,大昌-新店,2023-10-20,6464
00927,群益半導體收益,35,0,35,大昌-新店,2023-10-20,6464
2002,中鋼,37,4,33,大昌-新店,2023-10-20,6464
1314,中石化,39,6,33,大昌-新店,2023-10-20,6464
00885,富邦越南,33,1,32,大昌-新店,2023-10-20,6464
00687B,國泰20年美債,30,0,30,大昌-新店,2023-10-20,6464
2883,凱基金,60,30,30,大昌-新店,2023-10-20,6464
5355,佳總,30,0,30,大昌-新店,2023-10-20,6464
4906,正文,27,0,27,大昌-新店,2023-10-20,6464
00679B,元大美債20年,31,5,26,大昌-新店,2023-10-20,6464
00933B,國泰10Y+金融債,26,0,26,大昌-新店,2023-10-20,6464
2201,裕隆,37,13,24,大昌-新店,2023-10-20,6464
2388,威盛,35,13,22,大昌-新店,2023-10-20,6464
00715L,期街口布蘭特正2,21,0,21,大昌-新店,2023-10-20,6464
2363,矽統,52,31,21,大昌-新店,2023-10-20,6464
00641R,富邦日本反1,20,0,20,大昌-新店,2023-10-20,6464
00897,富邦基因免疫生技,21,1,20,大昌-新店,2023-10-20,6464
00751B,元大AAA至A公司債,20,0,20,大昌-新店,2023-10-20,6464
4173,久裕,20,0,20,大昌-新店,2023-10-20,6464
00671R,富邦NASDAQ反1,40,20,20,大昌-新店,2023-10-20,6464
00845B,富邦新興投等債,20,0,20,大昌-新店,2023-10-20,6464
2886,兆豐金,20,1,19,大昌-新店,2023-10-20,6464
00664R,國泰臺灣加權反1,54,35,19,大昌-新店,2023-10-20,6464
6235,華孚,23,4,19,大昌-新店,2023-10-20,6464
2812,台中銀,21,2,19,大昌-新店,2023-10-20,6464
00633L,富邦上証正2,21,3,18,大昌-新店,2023-10-20,6464
1101,台泥,18,1,17,大昌-新店,2023-10-20,6464
6139,亞翔,30,13,17,大昌-新店,2023-10-20,6464
2892,第一金,16,0,16,大昌-新店,2023-10-20,6464
2890,永豐金,19,4,15,大昌-新店,2023-10-20,6464
00727B,國泰優選非投等債,15,0,15,大昌-新店,2023-10-20,6464
2317,鴻海,219,51,168,大昌-新店,2023-10-23,6464
1101,台泥,166,0,166,大昌-新店,2023-10-23,6464
00795B,中信美國公債20年,151,0,151,大昌-新店,2023-10-23,6464
00929,復華台灣科技優息,249,141,108,大昌-新店,2023-10-23,6464
0056,元大高股息,87,7,80,大昌-新店,2023-10-23,6464
00712,復華富時不動產,79,0,79,大昌-新店,2023-10-23,6464
00632R,元大台灣50反1,105,31,74,大昌-新店,2023-10-23,6464
00687B,國泰20年美債,84,12,72,大昌-新店,2023-10-23,6464
00882,中信中國高股息,70,4,66,大昌-新店,2023-10-23,6464
00919,群益台灣精選高息,47,0,47,大昌-新店,2023-10-23,6464
1711,永光,50,4,46,大昌-新店,2023-10-23,6464
00669R,國泰美國道瓊反1,45,0,45,大昌-新店,2023-10-23,6464
2409,友達,55,10,45,大昌-新店,2023-10-23,6464
006205,富邦上証,43,0,43,大昌-新店,2023-10-23,6464
2834,臺企銀,56,14,42,大昌-新店,2023-10-23,6464
8069,元太,47,6,41,大昌-新店,2023-10-23,6464
2605,新興,37,0,37,大昌-新店,2023-10-23,6464
00772B,中信高評級公司債,31,0,31,大昌-新店,2023-10-23,6464
6770,力積電,41,10,31,大昌-新店,2023-10-23,6464
3706,神達,32,3,29,大昌-新店,2023-10-23,6464
2002,中鋼,28,1,27,大昌-新店,2023-10-23,6464
1626,艾美特-KY,25,0,25,大昌-新店,2023-10-23,6464
6120,達運,23,0,23,大昌-新店,2023-10-23,6464
00642U,期元大S＆P石油,23,0,23,大昌-新店,2023-10-23,6464
3006,晶豪科,25,4,21,大昌-新店,2023-10-23,6464
2324,仁寶,29,9,20,大昌-新店,2023-10-23,6464
2891,中信金,18,0,18,大昌-新店,2023-10-23,6464
1568,倉佑,20,2,18,大昌-新店,2023-10-23,6464
00751B,元大AAA至A公司債,18,0,18,大昌-新店,2023-10-23,6464
00933B,國泰10Y+金融債,17,0,17,大昌-新店,2023-10-23,6464
6139,亞翔,47,30,17,大昌-新店,2023-10-23,6464
2331,精英,17,0,17,大昌-新店,2023-10-23,6464
00665L,富邦�琤肭磪囓�2,25,8,17,大昌-新店,2023-10-23,6464
2201,裕隆,19,3,16,大昌-新店,2023-10-23,6464
00922,國泰台灣領袖50,18,2,16,大昌-新店,2023-10-23,6464
3051,力特,38,22,16,大昌-新店,2023-10-23,6464
00633L,富邦上証正2,36,20,16,大昌-新店,2023-10-23,6464
00673R,期元大S＆P原油反1,20,5,15,大昌-新店,2023-10-23,6464
2883,凱基金,21,6,15,大昌-新店,2023-10-23,6464
2382,廣達,101,87,14,大昌-新店,2023-10-23,6464
1517,利奇,13,0,13,大昌-新店,2023-10-23,6464
1303,南亞,13,0,13,大昌-新店,2023-10-23,6464
2330,台積電,16,3,13,大昌-新店,2023-10-23,6464
3260,威剛,30,18,12,大昌-新店,2023-10-23,6464
4967,十銓,13,1,12,大昌-新店,2023-10-23,6464
2816,旺旺保,18,6,12,大昌-新店,2023-10-23,6464
3059,華晶科,11,0,11,大昌-新店,2023-10-23,6464
00680L,元大美債20正2,12,1,11,大昌-新店,2023-10-23,6464
1809,中釉,11,0,11,大昌-新店,2023-10-23,6464
00878,國泰永續高股息,43,33,10,大昌-新店,2023-10-23,6464
00665L,富邦�琤肭磪囓�2,244,3,241,大昌-新店,2023-10-24,6464
00687B,國泰20年美債,183,22,161,大昌-新店,2023-10-24,6464
00900,富邦特選高股息30,150,0,150,大昌-新店,2023-10-24,6464
00712,復華富時不動產,143,0,143,大昌-新店,2023-10-24,6464
2883,凱基金,106,0,106,大昌-新店,2023-10-24,6464
2369,菱生,149,47,102,大昌-新店,2023-10-24,6464
4960,誠美材,108,28,80,大昌-新店,2023-10-24,6464
1721,三晃,94,22,72,大昌-新店,2023-10-24,6464
2317,鴻海,212,152,60,大昌-新店,2023-10-24,6464
2834,臺企銀,56,0,56,大昌-新店,2023-10-24,6464
2303,聯電,87,35,52,大昌-新店,2023-10-24,6464
1905,華紙,51,0,51,大昌-新店,2023-10-24,6464
4944,兆遠,45,2,43,大昌-新店,2023-10-24,6464
00633L,富邦上証正2,55,17,38,大昌-新店,2023-10-24,6464
00878,國泰永續高股息,45,12,33,大昌-新店,2023-10-24,6464
00679B,元大美債20年,35,5,30,大昌-新店,2023-10-24,6464
2891,中信金,39,11,28,大昌-新店,2023-10-24,6464
5880,合庫金,28,0,28,大昌-新店,2023-10-24,6464
8358,金居,27,2,25,大昌-新店,2023-10-24,6464
3260,威剛,39,18,21,大昌-新店,2023-10-24,6464
2897,王道銀行,20,0,20,大昌-新店,2023-10-24,6464
1560,中砂,35,15,20,大昌-新店,2023-10-24,6464
8110,華東,32,12,20,大昌-新店,2023-10-24,6464
6288,聯嘉,21,1,20,大昌-新店,2023-10-24,6464
2610,華航,40,20,20,大昌-新店,2023-10-24,6464
2607,榮運,20,0,20,大昌-新店,2023-10-24,6464
0056,元大高股息,73,55,18,大昌-新店,2023-10-24,6464
3037,欣興,34,16,18,大昌-新店,2023-10-24,6464
2641,正德,32,15,17,大昌-新店,2023-10-24,6464
00933B,國泰10Y+金融債,17,0,17,大昌-新店,2023-10-24,6464
2630,亞航,16,0,16,大昌-新店,2023-10-24,6464
00751B,元大AAA至A公司債,16,0,16,大昌-新店,2023-10-24,6464
6712,長聖,16,1,15,大昌-新店,2023-10-24,6464
00919,群益台灣精選高息,16,1,15,大昌-新店,2023-10-24,6464
3048,益登,20,5,15,大昌-新店,2023-10-24,6464
2606,裕民,17,3,14,大昌-新店,2023-10-24,6464
1609,大亞,18,4,14,大昌-新店,2023-10-24,6464
2330,台積電,16,3,13,大昌-新店,2023-10-24,6464
6806,森崴能源,13,0,13,大昌-新店,2023-10-24,6464
2462,良得電,15,2,13,大昌-新店,2023-10-24,6464
00631L,元大台灣50正2,30,17,13,大昌-新店,2023-10-24,6464
3704,合勤控,43,31,12,大昌-新店,2023-10-24,6464
4904,遠傳,12,0,12,大昌-新店,2023-10-24,6464
2002,中鋼,14,2,12,大昌-新店,2023-10-24,6464
006208,富邦台50,11,0,11,大昌-新店,2023-10-24,6464
5321,美而快,11,0,11,大昌-新店,2023-10-24,6464
1762,中化生,11,0,11,大昌-新店,2023-10-24,6464
3380,明泰,10,0,10,大昌-新店,2023-10-24,6464
2302,麗正,10,0,10,大昌-新店,2023-10-24,6464
5324,士開,10,0,10,大昌-新店,2023-10-24,6464
2880,華南金,503,10,493,大昌-新店,2023-10-25,6464
2317,鴻海,331,44,287,大昌-新店,2023-10-25,6464
2337,旺宏,220,18,202,大昌-新店,2023-10-25,6464
3481,群創,151,26,125,大昌-新店,2023-10-25,6464
0056,元大高股息,70,4,66,大昌-新店,2023-10-25,6464
1905,華紙,63,0,63,大昌-新店,2023-10-25,6464
4944,兆遠,45,0,45,大昌-新店,2023-10-25,6464
00712,復華富時不動產,44,0,44,大昌-新店,2023-10-25,6464
00919,群益台灣精選高息,43,0,43,大昌-新店,2023-10-25,6464
3231,緯創,99,56,43,大昌-新店,2023-10-25,6464
2344,華邦電,37,0,37,大昌-新店,2023-10-25,6464
3706,神達,37,7,30,大昌-新店,2023-10-25,6464
00641R,富邦日本反1,30,0,30,大昌-新店,2023-10-25,6464
1513,中興電,30,1,29,大昌-新店,2023-10-25,6464
2886,兆豐金,29,4,25,大昌-新店,2023-10-25,6464
3078,僑威,50,25,25,大昌-新店,2023-10-25,6464
00878,國泰永續高股息,60,35,25,大昌-新店,2023-10-25,6464
2515,中工,45,22,23,大昌-新店,2023-10-25,6464
8271,宇瞻,24,1,23,大昌-新店,2023-10-25,6464
2614,東森,23,0,23,大昌-新店,2023-10-25,6464
2606,裕民,22,0,22,大昌-新店,2023-10-25,6464
00673R,期元大S＆P原油反1,22,0,22,大昌-新店,2023-10-25,6464
2329,華泰,43,22,21,大昌-新店,2023-10-25,6464
8110,華東,40,19,21,大昌-新店,2023-10-25,6464
2883B,凱基金乙特,21,0,21,大昌-新店,2023-10-25,6464
5324,士開,20,0,20,大昌-新店,2023-10-25,6464
4402,郡都開發,20,0,20,大昌-新店,2023-10-25,6464
5381,合正,20,0,20,大昌-新店,2023-10-25,6464
2485,兆赫,19,0,19,大昌-新店,2023-10-25,6464
6216,居易,24,6,18,大昌-新店,2023-10-25,6464
00664R,國泰臺灣加權反1,18,0,18,大昌-新店,2023-10-25,6464
6139,亞翔,27,11,16,大昌-新店,2023-10-25,6464
1568,倉佑,35,21,14,大昌-新店,2023-10-25,6464
2371,大同,13,0,13,大昌-新店,2023-10-25,6464
4306,炎洲,13,0,13,大昌-新店,2023-10-25,6464
9105,泰金寶-DR,83,70,13,大昌-新店,2023-10-25,6464
1503,士電,13,1,12,大昌-新店,2023-10-25,6464
6695,芯鼎,18,6,12,大昌-新店,2023-10-25,6464
5452,佶優,12,0,12,大昌-新店,2023-10-25,6464
00715L,期街口布蘭特正2,12,0,12,大昌-新店,2023-10-25,6464
6282,康舒,19,7,12,大昌-新店,2023-10-25,6464
00922,國泰台灣領袖50,12,0,12,大昌-新店,2023-10-25,6464
3035,智原,18,7,11,大昌-新店,2023-10-25,6464
2637,慧洋-KY,13,2,11,大昌-新店,2023-10-25,6464
3017,奇鋐,27,16,11,大昌-新店,2023-10-25,6464
00632R,元大台灣50反1,51,40,11,大昌-新店,2023-10-25,6464
5607,遠雄港,10,0,10,大昌-新店,2023-10-25,6464
3535,晶彩科,10,0,10,大昌-新店,2023-10-25,6464
8092,建暐,10,0,10,大昌-新店,2023-10-25,6464
6901,鑽石投資,11,1,10,大昌-新店,2023-10-25,6464
00864B,中信美國公債0-1,698,0,698,大昌-新店,2023-10-26,6464
00665L,富邦�琤肭磪囓�2,205,45,160,大昌-新店,2023-10-26,6464
6257,矽格,123,0,123,大昌-新店,2023-10-26,6464
2303,聯電,245,143,102,大昌-新店,2023-10-26,6464
00929,復華台灣科技優息,168,77,91,大昌-新店,2023-10-26,6464
00712,復華富時不動產,80,0,80,大昌-新店,2023-10-26,6464
2618,長榮航,84,5,79,大昌-新店,2023-10-26,6464
00919,群益台灣精選高息,77,0,77,大昌-新店,2023-10-26,6464
00679B,元大美債20年,65,0,65,大昌-新店,2023-10-26,6464
1301,台塑,62,1,61,大昌-新店,2023-10-26,6464
0050,元大台灣50,61,1,60,大昌-新店,2023-10-26,6464
00878,國泰永續高股息,69,10,59,大昌-新店,2023-10-26,6464
1303,南亞,59,0,59,大昌-新店,2023-10-26,6464
2344,華邦電,68,10,58,大昌-新店,2023-10-26,6464
00865B,國泰US短期公債,55,0,55,大昌-新店,2023-10-26,6464
0056,元大高股息,101,52,49,大昌-新店,2023-10-26,6464
00885,富邦越南,47,0,47,大昌-新店,2023-10-26,6464
2330,台積電,54,8,46,大昌-新店,2023-10-26,6464
8358,金居,49,5,44,大昌-新店,2023-10-26,6464
3481,群創,56,22,34,大昌-新店,2023-10-26,6464
2515,中工,47,15,32,大昌-新店,2023-10-26,6464
1815,富喬,47,17,30,大昌-新店,2023-10-26,6464
00687B,國泰20年美債,32,2,30,大昌-新店,2023-10-26,6464
00719B,元大美債1-3,30,0,30,大昌-新店,2023-10-26,6464
2427,三商電,39,10,29,大昌-新店,2023-10-26,6464
3041,揚智,33,5,28,大昌-新店,2023-10-26,6464
2883,凱基金,40,13,27,大昌-新店,2023-10-26,6464
2883B,凱基金乙特,26,0,26,大昌-新店,2023-10-26,6464
2816,旺旺保,28,4,24,大昌-新店,2023-10-26,6464
00751B,元大AAA至A公司債,25,0,25,大昌-新店,2023-10-26,6464
5211,蒙恬,24,0,24,大昌-新店,2023-10-26,6464
2606,裕民,23,0,23,大昌-新店,2023-10-26,6464
2886,兆豐金,25,2,23,大昌-新店,2023-10-26,6464
2409,友達,99,77,22,大昌-新店,2023-10-26,6464
00922,國泰台灣領袖50,24,2,22,大昌-新店,2023-10-26,6464
2892,第一金,22,1,21,大昌-新店,2023-10-26,6464
00902,中信電池及儲能,23,2,21,大昌-新店,2023-10-26,6464
00669R,國泰美國道瓊反1,21,0,21,大昌-新店,2023-10-26,6464
6116,彩晶,21,0,21,大昌-新店,2023-10-26,6464
2468,華經,21,1,20,大昌-新店,2023-10-26,6464
2408,南亞科,21,1,20,大昌-新店,2023-10-26,6464
00715L,期街口布蘭特正2,22,2,20,大昌-新店,2023-10-26,6464
2201,裕隆,29,10,19,大昌-新店,2023-10-26,6464
2834,臺企銀,24,5,19,大昌-新店,2023-10-26,6464
2371,大同,22,4,18,大昌-新店,2023-10-26,6464
00631L,元大台灣50正2,27,10,17,大昌-新店,2023-10-26,6464
3081,聯亞,19,2,17,大昌-新店,2023-10-26,6464
1721,三晃,76,59,17,大昌-新店,2023-10-26,6464
00925,新光標普電動車,17,0,17,大昌-新店,2023-10-26,6464
2388,威盛,46,29,17,大昌-新店,2023-10-26,6464
00864B,中信美國公債0-1,756,0,756,大昌-新店,2023-10-27,6464
00865B,國泰US短期公債,314,0,314,大昌-新店,2023-10-27,6464
2883,凱基金,146,0,146,大昌-新店,2023-10-27,6464
2317,鴻海,122,38,84,大昌-新店,2023-10-27,6464
2303,聯電,135,53,82,大昌-新店,2023-10-27,6464
3264,欣銓,90,13,77,大昌-新店,2023-10-27,6464
00929,復華台灣科技優息,175,108,67,大昌-新店,2023-10-27,6464
1303,南亞,58,0,58,大昌-新店,2023-10-27,6464
00919,群益台灣精選高息,71,23,48,大昌-新店,2023-10-27,6464
00885,富邦越南,50,4,46,大昌-新店,2023-10-27,6464
00632R,元大台灣50反1,45,0,45,大昌-新店,2023-10-27,6464
2409,友達,97,52,45,大昌-新店,2023-10-27,6464
2390,云辰,54,11,43,大昌-新店,2023-10-27,6464
00712,復華富時不動產,39,0,39,大昌-新店,2023-10-27,6464
2369,菱生,39,1,38,大昌-新店,2023-10-27,6464
3363,上詮,41,8,33,大昌-新店,2023-10-27,6464
1524,耿鼎,41,9,32,大昌-新店,2023-10-27,6464
00665L,富邦�琤肭磪囓�2,35,5,30,大昌-新店,2023-10-27,6464
2337,旺宏,31,1,30,大昌-新店,2023-10-27,6464
1519,華城,35,7,28,大昌-新店,2023-10-27,6464
00641R,富邦日本反1,27,0,27,大昌-新店,2023-10-27,6464
5272,笙科,28,3,25,大昌-新店,2023-10-27,6464
8358,金居,25,4,21,大昌-新店,2023-10-27,6464
2344,華邦電,24,3,21,大昌-新店,2023-10-27,6464
3014,聯陽,38,18,20,大昌-新店,2023-10-27,6464
3432,台端,20,0,20,大昌-新店,2023-10-27,6464
00671R,富邦NASDAQ反1,20,0,20,大昌-新店,2023-10-27,6464
2201,裕隆,45,26,19,大昌-新店,2023-10-27,6464
3481,群創,35,16,19,大昌-新店,2023-10-27,6464
3078,僑威,36,17,19,大昌-新店,2023-10-27,6464
4908,前鼎,55,38,17,大昌-新店,2023-10-27,6464
2204,中華,23,7,16,大昌-新店,2023-10-27,6464
2324,仁寶,17,2,15,大昌-新店,2023-10-27,6464
2485,兆赫,31,16,15,大昌-新店,2023-10-27,6464
3260,威剛,23,9,14,大昌-新店,2023-10-27,6464
00925,新光標普電動車,14,0,14,大昌-新店,2023-10-27,6464
6237,驊訊,17,3,14,大昌-新店,2023-10-27,6464
2408,南亞科,15,1,14,大昌-新店,2023-10-27,6464
3346,麗清,15,1,14,大昌-新店,2023-10-27,6464
2353,宏��,15,1,14,大昌-新店,2023-10-27,6464
3231,緯創,105,91,14,大昌-新店,2023-10-27,6464
3037,欣興,21,8,13,大昌-新店,2023-10-27,6464
8088,品安,14,1,13,大昌-新店,2023-10-27,6464
2462,良得電,17,4,13,大昌-新店,2023-10-27,6464
6770,力積電,14,1,13,大昌-新店,2023-10-27,6464
8996,高力,21,9,12,大昌-新店,2023-10-27,6464
6282,康舒,14,3,11,大昌-新店,2023-10-27,6464
2305,全友,14,3,11,大昌-新店,2023-10-27,6464
2331,精英,11,0,11,大昌-新店,2023-10-27,6464
2352,佳世達,12,1,11,大昌-新店,2023-10-27,6464
00864B,中信美國公債0-1,852,0,852,大昌-新店,2023-10-30,6464
00929,復華台灣科技優息,459,28,431,大昌-新店,2023-10-30,6464
1101,台泥,222,2,220,大昌-新店,2023-10-30,6464
2317,鴻海,250,96,154,大昌-新店,2023-10-30,6464
00865B,國泰US短期公債,152,0,152,大昌-新店,2023-10-30,6464
1909,榮成,114,0,114,大昌-新店,2023-10-30,6464
00795B,中信美國公債20年,114,0,114,大昌-新店,2023-10-30,6464
00637L,元大滬深300正2,139,53,86,大昌-新店,2023-10-30,6464
00664R,國泰臺灣加權反1,54,0,54,大昌-新店,2023-10-30,6464
2390,云辰,105,53,52,大昌-新店,2023-10-30,6464
2891,中信金,53,2,51,大昌-新店,2023-10-30,6464
1303,南亞,52,5,47,大昌-新店,2023-10-30,6464
2449,京元電子,61,14,47,大昌-新店,2023-10-30,6464
00885,富邦越南,51,4,47,大昌-新店,2023-10-30,6464
00925,新光標普電動車,42,0,42,大昌-新店,2023-10-30,6464
2890,永豐金,38,0,38,大昌-新店,2023-10-30,6464
00922,國泰台灣領袖50,34,0,34,大昌-新店,2023-10-30,6464
00878,國泰永續高股息,38,5,33,大昌-新店,2023-10-30,6464
4991,環宇-KY,31,0,31,大昌-新店,2023-10-30,6464
6505,台塑化,30,0,30,大昌-新店,2023-10-30,6464
2337,旺宏,41,14,27,大昌-新店,2023-10-30,6464
2887,台新金,27,0,27,大昌-新店,2023-10-30,6464
2610,華航,39,13,26,大昌-新店,2023-10-30,6464
2883,凱基金,26,1,25,大昌-新店,2023-10-30,6464
9105,泰金寶-DR,24,0,24,大昌-新店,2023-10-30,6464
2886,兆豐金,21,0,21,大昌-新店,2023-10-30,6464
3686,達能,22,1,21,大昌-新店,2023-10-30,6464
00727B,國泰優選非投等債,20,0,20,大昌-新店,2023-10-30,6464
6244,茂迪,20,0,20,大昌-新店,2023-10-30,6464
00665L,富邦�琤肭磪囓�2,65,45,20,大昌-新店,2023-10-30,6464
00679B,元大美債20年,19,0,19,大昌-新店,2023-10-30,6464
4960,誠美材,118,100,18,大昌-新店,2023-10-30,6464
1524,耿鼎,18,1,17,大昌-新店,2023-10-30,6464
4114,健喬,30,14,16,大昌-新店,2023-10-30,6464
2330,台積電,17,2,15,大昌-新店,2023-10-30,6464
2618,長榮航,118,103,15,大昌-新店,2023-10-30,6464
2880,華南金,15,0,15,大昌-新店,2023-10-30,6464
2354,鴻準,15,0,15,大昌-新店,2023-10-30,6464
2353,宏��,16,2,14,大昌-新店,2023-10-30,6464
2401,凌陽,60,48,12,大昌-新店,2023-10-30,6464
8033,雷虎,12,0,12,大昌-新店,2023-10-30,6464
6901,鑽石投資,12,0,12,大昌-新店,2023-10-30,6464
9950,萬國通,16,5,11,大昌-新店,2023-10-30,6464
0056,元大高股息,21,11,10,大昌-新店,2023-10-30,6464
6446,藥華藥,10,0,10,大昌-新店,2023-10-30,6464
3522,御嵿,10,0,10,大昌-新店,2023-10-30,6464
1308,亞聚,10,0,10,大昌-新店,2023-10-30,6464
2349,錸德,10,0,10,大昌-新店,2023-10-30,6464
2399,映泰,10,0,10,大昌-新店,2023-10-30,6464
6143,振曜,10,0,10,大昌-新店,2023-10-30,6464
1909,榮成,203,0,203,大昌-新店,2023-10-31,6464
00864B,中信美國公債0-1,201,20,181,大昌-新店,2023-10-31,6464
2515,中工,183,30,153,大昌-新店,2023-10-31,6464
0056,元大高股息,136,5,131,大昌-新店,2023-10-31,6464
6770,力積電,102,2,100,大昌-新店,2023-10-31,6464
1815,富喬,68,1,67,大昌-新店,2023-10-31,6464
00878,國泰永續高股息,83,21,62,大昌-新店,2023-10-31,6464
00865B,國泰US短期公債,61,0,61,大昌-新店,2023-10-31,6464
1605,華新,63,6,57,大昌-新店,2023-10-31,6464
00795B,中信美國公債20年,54,0,54,大昌-新店,2023-10-31,6464
2406,國碩,66,16,50,大昌-新店,2023-10-31,6464
2344,華邦電,71,23,48,大昌-新店,2023-10-31,6464
00719B,元大美債1-3,45,0,45,大昌-新店,2023-10-31,6464
2867,三商壽,97,55,42,大昌-新店,2023-10-31,6464
2881,富邦金,40,0,40,大昌-新店,2023-10-31,6464
2382,廣達,123,83,40,大昌-新店,2023-10-31,6464
2201,裕隆,63,25,38,大昌-新店,2023-10-31,6464
9105,泰金寶-DR,38,0,38,大昌-新店,2023-10-31,6464
00727B,國泰優選非投等債,37,0,37,大昌-新店,2023-10-31,6464
00724B,群益投資級金融債,33,0,33,大昌-新店,2023-10-31,6464
1513,中興電,38,7,31,大昌-新店,2023-10-31,6464
6143,振曜,31,0,31,大昌-新店,2023-10-31,6464
00725B,國泰投資級公司債,30,0,30,大昌-新店,2023-10-31,6464
00885,富邦越南,41,12,29,大昌-新店,2023-10-31,6464
00919,群益台灣精選高息,33,4,29,大昌-新店,2023-10-31,6464
00697B,元大美債7-10,29,0,29,大昌-新店,2023-10-31,6464
6443,元晶,37,9,28,大昌-新店,2023-10-31,6464
4164,承業醫,28,2,26,大昌-新店,2023-10-31,6464
2303,聯電,87,62,25,大昌-新店,2023-10-31,6464
00877,復華中國5G,40,15,25,大昌-新店,2023-10-31,6464
2891,中信金,25,1,24,大昌-新店,2023-10-31,6464
2887,台新金,24,0,24,大昌-新店,2023-10-31,6464
00670L,富邦NASDAQ正2,22,0,22,大昌-新店,2023-10-31,6464
0050,元大台灣50,21,0,21,大昌-新店,2023-10-31,6464
3041,揚智,21,0,21,大昌-新店,2023-10-31,6464
00671R,富邦NASDAQ反1,40,20,20,大昌-新店,2023-10-31,6464
2609,陽明,23,3,20,大昌-新店,2023-10-31,6464
6109,亞元,20,0,20,大昌-新店,2023-10-31,6464
00687B,國泰20年美債,19,0,19,大昌-新店,2023-10-31,6464
6235,華孚,31,13,18,大昌-新店,2023-10-31,6464
00712,復華富時不動產,18,0,18,大昌-新店,2023-10-31,6464
4960,誠美材,28,10,18,大昌-新店,2023-10-31,6464
2020,美亞,16,0,16,大昌-新店,2023-10-31,6464
6257,矽格,17,1,16,大昌-新店,2023-10-31,6464
6284,佳邦,17,2,15,大昌-新店,2023-10-31,6464
2516,新建,15,0,15,大昌-新店,2023-10-31,6464
2314,台揚,15,0,15,大昌-新店,2023-10-31,6464
2485,兆赫,140,125,15,大昌-新店,2023-10-31,6464
4916,事欣科,14,0,14,大昌-新店,2023-10-31,6464
6015,宏遠證,14,0,14,大昌-新店,2023-10-31,6464
00878,國泰永續高股息,149,7,142,大昌-新店,2023-11-01,6464
00665L,富邦�琤肭磪囓�2,133,10,123,大昌-新店,2023-11-01,6464
00885,富邦越南,124,8,116,大昌-新店,2023-11-01,6464
2485,兆赫,114,20,94,大昌-新店,2023-11-01,6464
2303,聯電,117,34,83,大昌-新店,2023-11-01,6464
2610,華航,156,84,72,大昌-新店,2023-11-01,6464
00641R,富邦日本反1,71,0,71,大昌-新店,2023-11-01,6464
00864B,中信美國公債0-1,133,62,71,大昌-新店,2023-11-01,6464
6129,普誠,68,6,62,大昌-新店,2023-11-01,6464
00934,中信成長高股息,56,0,56,大昌-新店,2023-11-01,6464
00642U,期元大S＆P石油,54,0,54,大昌-新店,2023-11-01,6464
1909,榮成,58,5,53,大昌-新店,2023-11-01,6464
00671R,富邦NASDAQ反1,70,20,50,大昌-新店,2023-11-01,6464
2867,三商壽,52,6,46,大昌-新店,2023-11-01,6464
6290,良維,45,0,45,大昌-新店,2023-11-01,6464
2409,友達,95,52,43,大昌-新店,2023-11-01,6464
00929,復華台灣科技優息,61,20,41,大昌-新店,2023-11-01,6464
3706,神達,37,1,36,大昌-新店,2023-11-01,6464
4915,致伸,49,13,36,大昌-新店,2023-11-01,6464
00865B,國泰US短期公債,35,0,35,大昌-新店,2023-11-01,6464
2634,漢翔,37,4,33,大昌-新店,2023-11-01,6464
2337,旺宏,36,5,31,大昌-新店,2023-11-01,6464
00935,野村臺灣新科技50,27,0,27,大昌-新店,2023-11-01,6464
6143,振曜,24,0,24,大昌-新店,2023-11-01,6464
1815,富喬,26,4,22,大昌-新店,2023-11-01,6464
2745,五福,25,3,22,大昌-新店,2023-11-01,6464
6191,精成科,36,14,22,大昌-新店,2023-11-01,6464
3041,揚智,31,10,21,大昌-新店,2023-11-01,6464
2331,精英,20,0,20,大昌-新店,2023-11-01,6464
8088,品安,21,1,20,大昌-新店,2023-11-01,6464
6116,彩晶,18,1,17,大昌-新店,2023-11-01,6464
2308,台達電,16,0,16,大昌-新店,2023-11-01,6464
2743,山富,19,5,14,大昌-新店,2023-11-01,6464
00662,富邦NASDAQ,13,0,13,大昌-新店,2023-11-01,6464
1517,利奇,13,0,13,大昌-新店,2023-11-01,6464
2886,兆豐金,14,1,13,大昌-新店,2023-11-01,6464
2888,新光金,12,0,12,大昌-新店,2023-11-01,6464
00679B,元大美債20年,25,14,11,大昌-新店,2023-11-01,6464
6789,采鈺,20,9,11,大昌-新店,2023-11-01,6464
3032,偉訓,12,1,11,大昌-新店,2023-11-01,6464
3704,合勤控,20,9,11,大昌-新店,2023-11-01,6464
2367,燿華,13,2,11,大昌-新店,2023-11-01,6464
2356,英業達,22,11,11,大昌-新店,2023-11-01,6464
6443,元晶,13,2,11,大昌-新店,2023-11-01,6464
2376,技嘉,29,18,11,大昌-新店,2023-11-01,6464
1101,台泥,12,2,10,大昌-新店,2023-11-01,6464
4306,炎洲,10,0,10,大昌-新店,2023-11-01,6464
6418,詠昇,13,3,10,大昌-新店,2023-11-01,6464
3287,廣寰科,10,0,10,大昌-新店,2023-11-01,6464
1907,永豐餘,15,5,10,大昌-新店,2023-11-01,6464
00864B,中信美國公債0-1,524,0,524,大昌-新店,2023-11-02,6464
00929,復華台灣科技優息,468,189,279,大昌-新店,2023-11-02,6464
00664R,國泰臺灣加權反1,209,0,209,大昌-新店,2023-11-02,6464
00712,復華富時不動產,197,21,176,大昌-新店,2023-11-02,6464
00878,國泰永續高股息,166,33,133,大昌-新店,2023-11-02,6464
00688L,國泰20年美債正2,100,0,100,大昌-新店,2023-11-02,6464
2449,京元電子,113,25,88,大昌-新店,2023-11-02,6464
00719B,元大美債1-3,89,2,87,大昌-新店,2023-11-02,6464
6770,力積電,105,20,85,大昌-新店,2023-11-02,6464
2405,輔信,87,3,84,大昌-新店,2023-11-02,6464
3231,緯創,137,58,79,大昌-新店,2023-11-02,6464
2618,長榮航,116,42,74,大昌-新店,2023-11-02,6464
6216,居易,48,0,48,大昌-新店,2023-11-02,6464
6117,迎廣,50,2,48,大昌-新店,2023-11-02,6464
4991,環宇-KY,44,0,44,大昌-新店,2023-11-02,6464
9950,萬國通,32,0,32,大昌-新店,2023-11-02,6464
1519,華城,48,17,31,大昌-新店,2023-11-02,6464
2356,英業達,65,35,30,大昌-新店,2023-11-02,6464
4938,和碩,28,0,28,大昌-新店,2023-11-02,6464
2367,燿華,29,7,22,大昌-新店,2023-11-02,6464
00934,中信成長高股息,22,1,21,大昌-新店,2023-11-02,6464
00641R,富邦日本反1,21,0,21,大昌-新店,2023-11-02,6464
00633L,富邦上証正2,20,0,20,大昌-新店,2023-11-02,6464
3338,泰碩,22,2,20,大昌-新店,2023-11-02,6464
6133,金橋,20,0,20,大昌-新店,2023-11-02,6464
8271,宇瞻,19,0,19,大昌-新店,2023-11-02,6464
00899,FT潔淨能源,20,2,18,大昌-新店,2023-11-02,6464
9105,泰金寶-DR,25,8,17,大昌-新店,2023-11-02,6464
3715,定穎投控,86,69,17,大昌-新店,2023-11-02,6464
00632R,元大台灣50反1,47,30,17,大昌-新店,2023-11-02,6464
1504,東元,24,7,17,大昌-新店,2023-11-02,6464
2739,寒舍,16,0,16,大昌-新店,2023-11-02,6464
00882,中信中國高股息,16,2,14,大昌-新店,2023-11-02,6464
00662,富邦NASDAQ,13,0,13,大昌-新店,2023-11-02,6464
1301,台塑,24,11,13,大昌-新店,2023-11-02,6464
2376,技嘉,52,40,12,大昌-新店,2023-11-02,6464
3322,建舜電,14,2,12,大昌-新店,2023-11-02,6464
5351,鈺創,17,5,12,大昌-新店,2023-11-02,6464
00637L,元大滬深300正2,12,0,12,大昌-新店,2023-11-02,6464
6438,迅得,13,2,11,大昌-新店,2023-11-02,6464
1605,華新,13,2,11,大昌-新店,2023-11-02,6464
1584,精剛,17,6,11,大昌-新店,2023-11-02,6464
2049,上銀,12,1,11,大昌-新店,2023-11-02,6464
00700,富邦�琤肭磪�,10,0,10,大昌-新店,2023-11-02,6464
6491,晶碩,11,1,10,大昌-新店,2023-11-02,6464
2419,仲琦,11,1,10,大昌-新店,2023-11-02,6464
2062,橋椿,10,0,10,大昌-新店,2023-11-02,6464
4114,健喬,11,1,10,大昌-新店,2023-11-02,6464
2031,新光鋼,16,6,10,大昌-新店,2023-11-02,6464
8996,高力,37,27,10,大昌-新店,2023-11-02,6464
00864B,中信美國公債0-1,410,0,410,大昌-新店,2023-11-03,6464
00878,國泰永續高股息,87,7,80,大昌-新店,2023-11-03,6464
2363,矽統,227,157,70,大昌-新店,2023-11-03,6464
4960,誠美材,60,0,60,大昌-新店,2023-11-03,6464
3545,敦泰,54,1,53,大昌-新店,2023-11-03,6464
00719B,元大美債1-3,48,0,48,大昌-新店,2023-11-03,6464
00664R,國泰臺灣加權反1,48,0,48,大昌-新店,2023-11-03,6464
8150,南茂,54,13,41,大昌-新店,2023-11-03,6464
00751B,元大AAA至A公司債,28,0,28,大昌-新店,2023-11-03,6464
2376,技嘉,56,28,28,大昌-新店,2023-11-03,6464
8163,達方,30,3,27,大昌-新店,2023-11-03,6464
2369,菱生,32,6,26,大昌-新店,2023-11-03,6464
2382,廣達,58,33,25,大昌-新店,2023-11-03,6464
2458,義隆,31,6,25,大昌-新店,2023-11-03,6464
6243,迅杰,26,1,25,大昌-新店,2023-11-03,6464
3231,緯創,82,57,25,大昌-新店,2023-11-03,6464
6112,邁達特,52,28,24,大昌-新店,2023-11-03,6464
00720B,元大投資級公司債,25,3,22,大昌-新店,2023-11-03,6464
3704,合勤控,26,5,21,大昌-新店,2023-11-03,6464
6285,啟��,69,49,20,大昌-新店,2023-11-03,6464
00934,中信成長高股息,18,0,18,大昌-新店,2023-11-03,6464
2417,圓剛,17,0,17,大昌-新店,2023-11-03,6464
0056,元大高股息,35,18,17,大昌-新店,2023-11-03,6464
3481,群創,54,38,16,大昌-新店,2023-11-03,6464
6143,振曜,15,0,15,大昌-新店,2023-11-03,6464
6241,易通展,15,0,15,大昌-新店,2023-11-03,6464
1524,耿鼎,30,15,15,大昌-新店,2023-11-03,6464
2867,三商壽,12,0,12,大昌-新店,2023-11-03,6464
6789,采鈺,12,0,12,大昌-新店,2023-11-03,6464
1752,南光,11,0,11,大昌-新店,2023-11-03,6464
3376,新日興,13,2,11,大昌-新店,2023-11-03,6464
8046,南電,12,2,10,大昌-新店,2023-11-03,6464
5880,合庫金,11,1,10,大昌-新店,2023-11-03,6464
8112,至上,10,0,10,大昌-新店,2023-11-03,6464
1304,台聚,12,2,10,大昌-新店,2023-11-03,6464
3625,西勝,10,0,10,大昌-新店,2023-11-03,6464
8044,網家,11,1,10,大昌-新店,2023-11-03,6464
9938,百和,12,2,10,大昌-新店,2023-11-03,6464
2816,旺旺保,23,13,10,大昌-新店,2023-11-03,6464
8183,精星,10,0,10,大昌-新店,2023-11-03,6464
00662,富邦NASDAQ,9,0,9,大昌-新店,2023-11-03,6464
2633,台灣高鐵,10,1,9,大昌-新店,2023-11-03,6464
2353,宏��,22,13,9,大昌-新店,2023-11-03,6464
00679B,元大美債20年,30,21,9,大昌-新店,2023-11-03,6464
00923,群益台ESG低碳50,9,0,9,大昌-新店,2023-11-03,6464
6274,台燿,15,6,9,大昌-新店,2023-11-03,6464
2337,旺宏,10,2,8,大昌-新店,2023-11-03,6464
00882,中信中國高股息,10,2,8,大昌-新店,2023-11-03,6464
6282,康舒,24,16,8,大昌-新店,2023-11-03,6464
3013,晟銘電,16,8,8,大昌-新店,2023-11-03,6464
00632R,元大台灣50反1,548,0,548,大昌-新店,2023-11-06,6464
00864B,中信美國公債0-1,400,0,400,大昌-新店,2023-11-06,6464
2888,新光金,305,4,301,大昌-新店,2023-11-06,6464
2449,京元電子,312,115,197,大昌-新店,2023-11-06,6464
2891,中信金,216,21,195,大昌-新店,2023-11-06,6464
00679B,元大美債20年,114,5,109,大昌-新店,2023-11-06,6464
00882,中信中國高股息,112,6,106,大昌-新店,2023-11-06,6464
6770,力積電,106,1,105,大昌-新店,2023-11-06,6464
1802,台玻,112,10,102,大昌-新店,2023-11-06,6464
2356,英業達,102,16,86,大昌-新店,2023-11-06,6464
00670L,富邦NASDAQ正2,60,0,60,大昌-新店,2023-11-06,6464
2605,新興,60,2,58,大昌-新店,2023-11-06,6464
00664R,國泰臺灣加權反1,46,0,46,大昌-新店,2023-11-06,6464
2618,長榮航,123,87,36,大昌-新店,2023-11-06,6464
00720B,元大投資級公司債,36,0,36,大昌-新店,2023-11-06,6464
2337,旺宏,41,5,36,大昌-新店,2023-11-06,6464
00652,富邦印度,32,0,32,大昌-新店,2023-11-06,6464
6112,邁達特,28,1,27,大昌-新店,2023-11-06,6464
8110,華東,31,4,27,大昌-新店,2023-11-06,6464
2388,威盛,82,58,24,大昌-新店,2023-11-06,6464
00642U,期元大S＆P石油,24,0,24,大昌-新店,2023-11-06,6464
5213,亞昕,24,1,23,大昌-新店,2023-11-06,6464
3704,合勤控,23,2,21,大昌-新店,2023-11-06,6464
3625,西勝,20,0,20,大昌-新店,2023-11-06,6464
2204,中華,20,1,19,大昌-新店,2023-11-06,6464
00751B,元大AAA至A公司債,19,0,19,大昌-新店,2023-11-06,6464
2317,鴻海,60,42,18,大昌-新店,2023-11-06,6464
00934,中信成長高股息,17,0,17,大昌-新店,2023-11-06,6464
8088,品安,17,0,17,大昌-新店,2023-11-06,6464
00676R,富邦臺灣加權反1,15,0,15,大昌-新店,2023-11-06,6464
3055,蔚華科,15,1,14,大昌-新店,2023-11-06,6464
2486,一詮,37,23,14,大昌-新店,2023-11-06,6464
00715L,期街口布蘭特正2,14,0,14,大昌-新店,2023-11-06,6464
6139,亞翔,41,28,13,大昌-新店,2023-11-06,6464
1451,年興,13,0,13,大昌-新店,2023-11-06,6464
3508,位速,17,4,13,大昌-新店,2023-11-06,6464
00712,復華富時不動產,14,1,13,大昌-新店,2023-11-06,6464
1471,首利,15,2,13,大昌-新店,2023-11-06,6464
2313,華通,29,16,13,大昌-新店,2023-11-06,6464
8069,元太,16,3,13,大昌-新店,2023-11-06,6464
2376,技嘉,40,27,13,大昌-新店,2023-11-06,6464
1560,中砂,14,1,13,大昌-新店,2023-11-06,6464
1524,耿鼎,18,6,12,大昌-新店,2023-11-06,6464
2743,山富,18,6,12,大昌-新店,2023-11-06,6464
5864,致和證,12,0,12,大昌-新店,2023-11-06,6464
2485,兆赫,12,1,11,大昌-新店,2023-11-06,6464
2609,陽明,23,13,10,大昌-新店,2023-11-06,6464
1101,台泥,10,0,10,大昌-新店,2023-11-06,6464
9946,三發地產,10,0,10,大昌-新店,2023-11-06,6464
3189,景碩,10,0,10,大昌-新店,2023-11-06,6464
00632R,元大台灣50反1,308,0,308,大昌-新店,2023-11-07,6464
00929,復華台灣科技優息,330,61,269,大昌-新店,2023-11-07,6464
00864B,中信美國公債0-1,131,0,131,大昌-新店,2023-11-07,6464
6288,聯嘉,106,6,100,大昌-新店,2023-11-07,6464
00680L,元大美債20正2,100,0,100,大昌-新店,2023-11-07,6464
6126,信音,85,2,83,大昌-新店,2023-11-07,6464
2409,友達,87,9,78,大昌-新店,2023-11-07,6464
00665L,富邦�琤肭磪囓�2,73,0,73,大昌-新店,2023-11-07,6464
2488,漢平,58,2,56,大昌-新店,2023-11-07,6464
2888,新光金,56,0,56,大昌-新店,2023-11-07,6464
2634,漢翔,71,16,55,大昌-新店,2023-11-07,6464
6284,佳邦,141,87,54,大昌-新店,2023-11-07,6464
2884,玉山金,52,1,51,大昌-新店,2023-11-07,6464
2892,第一金,50,0,50,大昌-新店,2023-11-07,6464
3122,笙泉,49,7,42,大昌-新店,2023-11-07,6464
4714,永捷,40,0,40,大昌-新店,2023-11-07,6464
00882,中信中國高股息,39,0,39,大昌-新店,2023-11-07,6464
00637L,元大滬深300正2,117,82,35,大昌-新店,2023-11-07,6464
2515,中工,181,148,33,大昌-新店,2023-11-07,6464
00933B,國泰10Y+金融債,32,0,32,大昌-新店,2023-11-07,6464
2002,中鋼,36,6,30,大昌-新店,2023-11-07,6464
9946,三發地產,30,0,30,大昌-新店,2023-11-07,6464
2369,菱生,30,1,29,大昌-新店,2023-11-07,6464
00679B,元大美債20年,25,0,25,大昌-新店,2023-11-07,6464
2368,金像電,29,4,25,大昌-新店,2023-11-07,6464
6185,幃翔,23,0,23,大昌-新店,2023-11-07,6464
00633L,富邦上証正2,30,7,23,大昌-新店,2023-11-07,6464
2498,宏達電,28,5,23,大昌-新店,2023-11-07,6464
6133,金橋,21,0,21,大昌-新店,2023-11-07,6464
8111,立��,20,0,20,大昌-新店,2023-11-07,6464
2641,正德,20,0,20,大昌-新店,2023-11-07,6464
1603,華電,20,0,20,大昌-新店,2023-11-07,6464
1314,中石化,21,1,20,大昌-新店,2023-11-07,6464
2484,希華,20,2,18,大昌-新店,2023-11-07,6464
2453,凌群,47,30,17,大昌-新店,2023-11-07,6464
8069,元太,19,2,17,大昌-新店,2023-11-07,6464
3078,僑威,29,12,17,大昌-新店,2023-11-07,6464
2883,凱基金,46,29,17,大昌-新店,2023-11-07,6464
00934,中信成長高股息,16,0,16,大昌-新店,2023-11-07,6464
6695,芯鼎,22,6,16,大昌-新店,2023-11-07,6464
6282,康舒,57,41,16,大昌-新店,2023-11-07,6464
1319,東陽,27,11,16,大昌-新店,2023-11-07,6464
2363,矽統,123,107,16,大昌-新店,2023-11-07,6464
4108,懷特,16,1,15,大昌-新店,2023-11-07,6464
1504,東元,39,24,15,大昌-新店,2023-11-07,6464
2317,鴻海,20,5,15,大昌-新店,2023-11-07,6464
1605,華新,17,3,14,大昌-新店,2023-11-07,6464
1402,遠東新,17,3,14,大昌-新店,2023-11-07,6464
2324,仁寶,14,1,13,大昌-新店,2023-11-07,6464
1519,華城,34,21,13,大昌-新店,2023-11-07,6464
00632R,元大台灣50反1,162,0,162,大昌-新店,2023-11-08,6464
2303,聯電,169,46,123,大昌-新店,2023-11-08,6464
8034,榮群,109,4,105,大昌-新店,2023-11-08,6464
00864B,中信美國公債0-1,100,0,100,大昌-新店,2023-11-08,6464
6282,康舒,162,64,98,大昌-新店,2023-11-08,6464
6126,信音,96,5,91,大昌-新店,2023-11-08,6464
2834,臺企銀,82,4,78,大昌-新店,2023-11-08,6464
2363,矽統,153,81,72,大昌-新店,2023-11-08,6464
2371,大同,70,2,68,大昌-新店,2023-11-08,6464
2880,華南金,51,0,51,大昌-新店,2023-11-08,6464
1815,富喬,58,7,51,大昌-新店,2023-11-08,6464
6284,佳邦,56,6,50,大昌-新店,2023-11-08,6464
6288,聯嘉,50,0,50,大昌-新店,2023-11-08,6464
00936,台新永續高息中小,49,5,44,大昌-新店,2023-11-08,6464
1524,耿鼎,50,7,43,大昌-新店,2023-11-08,6464
2884,玉山金,52,11,41,大昌-新店,2023-11-08,6464
1519,華城,46,5,41,大昌-新店,2023-11-08,6464
4714,永捷,38,0,38,大昌-新店,2023-11-08,6464
5213,亞昕,38,1,37,大昌-新店,2023-11-08,6464
6169,昱泉,32,0,32,大昌-新店,2023-11-08,6464
2609,陽明,33,3,30,大昌-新店,2023-11-08,6464
2883,凱基金,40,15,25,大昌-新店,2023-11-08,6464
2388,威盛,78,55,23,大昌-新店,2023-11-08,6464
3034,聯詠,32,10,22,大昌-新店,2023-11-08,6464
5521,工信,45,24,21,大昌-新店,2023-11-08,6464
1789,神隆,23,2,21,大昌-新店,2023-11-08,6464
2331,精英,31,10,21,大昌-新店,2023-11-08,6464
8105,凌巨,21,0,21,大昌-新店,2023-11-08,6464
2897,王道銀行,20,0,20,大昌-新店,2023-11-08,6464
00665L,富邦�琤肭磪囓�2,20,0,20,大昌-新店,2023-11-08,6464
00878,國泰永續高股息,54,37,17,大昌-新店,2023-11-08,6464
1402,遠東新,17,0,17,大昌-新店,2023-11-08,6464
2002,中鋼,18,2,16,大昌-新店,2023-11-08,6464
2903,遠百,24,8,16,大昌-新店,2023-11-08,6464
00934,中信成長高股息,19,3,16,大昌-新店,2023-11-08,6464
1504,東元,16,0,16,大昌-新店,2023-11-08,6464
4915,致伸,15,0,15,大昌-新店,2023-11-08,6464
00882,中信中國高股息,15,0,15,大昌-新店,2023-11-08,6464
00877,復華中國5G,17,2,15,大昌-新店,2023-11-08,6464
00673R,期元大S＆P原油反1,20,5,15,大昌-新店,2023-11-08,6464
9934,成霖,15,0,15,大昌-新店,2023-11-08,6464
3322,建舜電,27,12,15,大昌-新店,2023-11-08,6464
2618,長榮航,131,116,15,大昌-新店,2023-11-08,6464
3680,家登,19,4,15,大昌-新店,2023-11-08,6464
5469,瀚宇博,16,1,15,大昌-新店,2023-11-08,6464
3078,僑威,16,3,13,大昌-新店,2023-11-08,6464
5347,世界,12,0,12,大昌-新店,2023-11-08,6464
00715L,期街口布蘭特正2,54,43,11,大昌-新店,2023-11-08,6464
2476,鉅祥,11,0,11,大昌-新店,2023-11-08,6464
3055,蔚華科,11,0,11,大昌-新店,2023-11-08,6464
00680L,元大美債20正2,620,3,617,大昌-新店,2023-11-09,6464
00720B,元大投資級公司債,260,4,256,大昌-新店,2023-11-09,6464
3705,永信,253,0,253,大昌-新店,2023-11-09,6464
00936,台新永續高息中小,258,100,158,大昌-新店,2023-11-09,6464
2883,凱基金,126,21,105,大昌-新店,2023-11-09,6464
2329,華泰,134,52,82,大昌-新店,2023-11-09,6464
8034,榮群,70,7,63,大昌-新店,2023-11-09,6464
00642U,期元大S＆P石油,66,11,55,大昌-新店,2023-11-09,6464
1314,中石化,58,4,54,大昌-新店,2023-11-09,6464
00864B,中信美國公債0-1,50,0,50,大昌-新店,2023-11-09,6464
3014,聯陽,55,14,41,大昌-新店,2023-11-09,6464
6189,豐藝,41,0,41,大昌-新店,2023-11-09,6464
00715L,期街口布蘭特正2,42,1,41,大昌-新店,2023-11-09,6464
5483,中美晶,38,2,36,大昌-新店,2023-11-09,6464
00919,群益台灣精選高息,41,7,34,大昌-新店,2023-11-09,6464
2313,華通,39,5,34,大昌-新店,2023-11-09,6464
2610,華航,54,25,29,大昌-新店,2023-11-09,6464
2884,玉山金,29,0,29,大昌-新店,2023-11-09,6464
00934,中信成長高股息,33,9,24,大昌-新店,2023-11-09,6464
2331,精英,31,7,24,大昌-新店,2023-11-09,6464
8358,金居,24,1,23,大昌-新店,2023-11-09,6464
2889,國票金,22,0,22,大昌-新店,2023-11-09,6464
2427,三商電,23,1,22,大昌-新店,2023-11-09,6464
8110,華東,24,3,21,大昌-新店,2023-11-09,6464
6288,聯嘉,25,5,20,大昌-新店,2023-11-09,6464
9919,康那香,20,0,20,大昌-新店,2023-11-09,6464
00690,兆豐藍籌30,20,0,20,大昌-新店,2023-11-09,6464
6470,宇智,19,0,19,大昌-新店,2023-11-09,6464
2605,新興,21,3,18,大昌-新店,2023-11-09,6464
5351,鈺創,17,0,17,大昌-新店,2023-11-09,6464
3024,憶聲,16,0,16,大昌-新店,2023-11-09,6464
2303,聯電,30,14,16,大昌-新店,2023-11-09,6464
8112,至上,16,0,16,大昌-新店,2023-11-09,6464
5465,富驊,17,2,15,大昌-新店,2023-11-09,6464
3715,定穎投控,18,3,15,大昌-新店,2023-11-09,6464
1324,地球,21,7,14,大昌-新店,2023-11-09,6464
00878,國泰永續高股息,28,14,14,大昌-新店,2023-11-09,6464
1815,富喬,15,1,14,大昌-新店,2023-11-09,6464
3122,笙泉,25,12,13,大昌-新店,2023-11-09,6464
3013,晟銘電,23,10,13,大昌-新店,2023-11-09,6464
6901,鑽石投資,27,15,12,大昌-新店,2023-11-09,6464
2498,宏達電,15,3,12,大昌-新店,2023-11-09,6464
6770,力積電,28,16,12,大昌-新店,2023-11-09,6464
5347,世界,12,1,11,大昌-新店,2023-11-09,6464
1503,士電,13,2,11,大昌-新店,2023-11-09,6464
6244,茂迪,12,1,11,大昌-新店,2023-11-09,6464
2634,漢翔,17,6,11,大昌-新店,2023-11-09,6464
3264,欣銓,13,2,11,大昌-新店,2023-11-09,6464
3622,洋華,13,3,10,大昌-新店,2023-11-09,6464
1304,台聚,10,0,10,大昌-新店,2023-11-09,6464
00882,中信中國高股息,178,0,178,大昌-新店,2023-11-10,6464
00795B,中信美國公債20年,152,0,152,大昌-新店,2023-11-10,6464
1815,富喬,136,19,117,大昌-新店,2023-11-10,6464
00753L,中信中國50正2,126,10,116,大昌-新店,2023-11-10,6464
00878,國泰永續高股息,122,19,103,大昌-新店,2023-11-10,6464
00645,富邦日本,100,0,100,大昌-新店,2023-11-10,6464
00929,復華台灣科技優息,232,140,92,大昌-新店,2023-11-10,6464
3231,緯創,269,182,87,大昌-新店,2023-11-10,6464
3705,永信,84,0,84,大昌-新店,2023-11-10,6464
00652,富邦印度,74,0,74,大昌-新店,2023-11-10,6464
00679B,元大美債20年,73,1,72,大昌-新店,2023-11-10,6464
00665L,富邦�琤肭磪囓�2,96,40,56,大昌-新店,2023-11-10,6464
00919,群益台灣精選高息,42,0,42,大昌-新店,2023-11-10,6464
00936,台新永續高息中小,38,0,38,大昌-新店,2023-11-10,6464
2352,佳世達,38,3,35,大昌-新店,2023-11-10,6464
6446,藥華藥,34,1,33,大昌-新店,2023-11-10,6464
00720B,元大投資級公司債,30,0,30,大昌-新店,2023-11-10,6464
9919,康那香,30,0,30,大昌-新店,2023-11-10,6464
00680L,元大美債20正2,31,2,29,大昌-新店,2023-11-10,6464
3041,揚智,30,2,28,大昌-新店,2023-11-10,6464
2618,長榮航,59,34,25,大昌-新店,2023-11-10,6464
2382,廣達,90,66,24,大昌-新店,2023-11-10,6464
2495,普安,24,0,24,大昌-新店,2023-11-10,6464
2409,友達,26,2,24,大昌-新店,2023-11-10,6464
00637L,元大滬深300正2,246,224,22,大昌-新店,2023-11-10,6464
2201,裕隆,25,4,21,大昌-新店,2023-11-10,6464
2371,大同,24,4,20,大昌-新店,2023-11-10,6464
00900,富邦特選高股息30,21,1,20,大昌-新店,2023-11-10,6464
3481,群創,20,0,20,大昌-新店,2023-11-10,6464
2369,菱生,22,3,19,大昌-新店,2023-11-10,6464
2353,宏��,20,1,19,大昌-新店,2023-11-10,6464
1314,中石化,25,8,17,大昌-新店,2023-11-10,6464
2002,中鋼,21,4,17,大昌-新店,2023-11-10,6464
00751B,元大AAA至A公司債,16,0,16,大昌-新店,2023-11-10,6464
8358,金居,19,3,16,大昌-新店,2023-11-10,6464
6288,聯嘉,16,0,16,大昌-新店,2023-11-10,6464
2317,鴻海,17,1,16,大昌-新店,2023-11-10,6464
2329,華泰,116,101,15,大昌-新店,2023-11-10,6464
2903,遠百,15,0,15,大昌-新店,2023-11-10,6464
2887,台新金,15,0,15,大昌-新店,2023-11-10,6464
00715L,期街口布蘭特正2,19,5,14,大昌-新店,2023-11-10,6464
2344,華邦電,16,2,14,大昌-新店,2023-11-10,6464
2610,華航,41,27,14,大昌-新店,2023-11-10,6464
00904,新光臺灣半導體30,12,0,12,大昌-新店,2023-11-10,6464
2303,聯電,18,6,12,大昌-新店,2023-11-10,6464
6005,群益證,12,0,12,大昌-新店,2023-11-10,6464
2884,玉山金,11,0,11,大昌-新店,2023-11-10,6464
2421,建準,25,14,11,大昌-新店,2023-11-10,6464
3576,聯合再生,12,1,11,大昌-新店,2023-11-10,6464
00915,凱基優選高股息30,11,0,11,大昌-新店,2023-11-10,6464
2888,新光金,136,0,136,大昌-新店,2023-11-13,6464
00882,中信中國高股息,131,0,131,大昌-新店,2023-11-13,6464
3481,群創,119,7,112,大昌-新店,2023-11-13,6464
3705,永信,75,0,75,大昌-新店,2023-11-13,6464
2211,長榮鋼,72,0,72,大昌-新店,2023-11-13,6464
2382,廣達,115,45,70,大昌-新店,2023-11-13,6464
00679B,元大美債20年,68,0,68,大昌-新店,2023-11-13,6464
2618,長榮航,99,35,64,大昌-新店,2023-11-13,6464
00929,復華台灣科技優息,140,87,53,大昌-新店,2023-11-13,6464
00633L,富邦上証正2,58,5,53,大昌-新店,2023-11-13,6464
1909,榮成,52,0,52,大昌-新店,2023-11-13,6464
2369,菱生,79,29,50,大昌-新店,2023-11-13,6464
3576,聯合再生,50,1,49,大昌-新店,2023-11-13,6464
00637L,元大滬深300正2,205,157,48,大昌-新店,2023-11-13,6464
2376,技嘉,63,18,45,大昌-新店,2023-11-13,6464
00900,富邦特選高股息30,44,0,44,大昌-新店,2023-11-13,6464
6770,力積電,51,7,44,大昌-新店,2023-11-13,6464
00878,國泰永續高股息,80,37,43,大昌-新店,2023-11-13,6464
00687B,國泰20年美債,37,0,37,大昌-新店,2023-11-13,6464
00915,凱基優選高股息30,36,0,36,大昌-新店,2023-11-13,6464
2337,旺宏,43,9,34,大昌-新店,2023-11-13,6464
4960,誠美材,31,0,31,大昌-新店,2023-11-13,6464
6116,彩晶,33,3,30,大昌-新店,2023-11-13,6464
2611,志信,34,7,27,大昌-新店,2023-11-13,6464
2867,三商壽,27,0,27,大昌-新店,2023-11-13,6464
2516,新建,25,0,25,大昌-新店,2023-11-13,6464
2031,新光鋼,35,13,22,大昌-新店,2023-11-13,6464
1316,上曜,20,0,20,大昌-新店,2023-11-13,6464
6667,信紘科,20,0,20,大昌-新店,2023-11-13,6464
2460,建通,19,0,19,大昌-新店,2023-11-13,6464
00936,台新永續高息中小,30,11,19,大昌-新店,2023-11-13,6464
2204,中華,24,5,19,大昌-新店,2023-11-13,6464
6216,居易,21,3,18,大昌-新店,2023-11-13,6464
6139,亞翔,37,21,16,大昌-新店,2023-11-13,6464
2449,京元電子,154,138,16,大昌-新店,2023-11-13,6464
00923,群益台ESG低碳50,20,4,16,大昌-新店,2023-11-13,6464
2353,宏��,30,15,15,大昌-新店,2023-11-13,6464
1301,台塑,16,1,15,大昌-新店,2023-11-13,6464
3217,優群,31,17,14,大昌-新店,2023-11-13,6464
1451,年興,15,1,14,大昌-新店,2023-11-13,6464
00676R,富邦臺灣加權反1,14,0,14,大昌-新店,2023-11-13,6464
0056,元大高股息,17,3,14,大昌-新店,2023-11-13,6464
2486,一詮,23,10,13,大昌-新店,2023-11-13,6464
4114,健喬,13,0,13,大昌-新店,2023-11-13,6464
00904,新光臺灣半導體30,12,0,12,大昌-新店,2023-11-13,6464
8454,富邦媒,11,0,11,大昌-新店,2023-11-13,6464
00933B,國泰10Y+金融債,14,4,10,大昌-新店,2023-11-13,6464
3221,台嘉碩,11,1,10,大昌-新店,2023-11-13,6464
00673R,期元大S＆P原油反1,15,5,10,大昌-新店,2023-11-13,6464
2433,互盛電,10,0,10,大昌-新店,2023-11-13,6464
3231,緯創,196,31,165,大昌-新店,2023-11-14,6464
00864B,中信美國公債0-1,110,0,110,大昌-新店,2023-11-14,6464
00772B,中信高評級公司債,85,0,85,大昌-新店,2023-11-14,6464
2449,京元電子,119,40,79,大昌-新店,2023-11-14,6464
6282,康舒,82,15,67,大昌-新店,2023-11-14,6464
2303,聯電,52,2,50,大昌-新店,2023-11-14,6464
1504,東元,60,14,46,大昌-新店,2023-11-14,6464
00720B,元大投資級公司債,44,0,44,大昌-新店,2023-11-14,6464
2883,凱基金,48,9,39,大昌-新店,2023-11-14,6464
2355,敬鵬,45,9,36,大昌-新店,2023-11-14,6464
1451,年興,35,0,35,大昌-新店,2023-11-14,6464
2211,長榮鋼,31,0,31,大昌-新店,2023-11-14,6464
1568,倉佑,32,1,31,大昌-新店,2023-11-14,6464
6274,台燿,32,3,29,大昌-新店,2023-11-14,6464
2402,毅嘉,58,29,29,大昌-新店,2023-11-14,6464
2313,華通,74,46,28,大昌-新店,2023-11-14,6464
1815,富喬,35,8,27,大昌-新店,2023-11-14,6464
2390,云辰,25,0,25,大昌-新店,2023-11-14,6464
6770,力積電,55,31,24,大昌-新店,2023-11-14,6464
00680L,元大美債20正2,22,0,22,大昌-新店,2023-11-14,6464
00715L,期街口布蘭特正2,30,8,22,大昌-新店,2023-11-14,6464
3122,笙泉,33,11,22,大昌-新店,2023-11-14,6464
2618,長榮航,32,11,21,大昌-新店,2023-11-14,6464
00882,中信中國高股息,20,0,20,大昌-新店,2023-11-14,6464
5206,坤悅,20,0,20,大昌-新店,2023-11-14,6464
1314,中石化,20,2,18,大昌-新店,2023-11-14,6464
2371,大同,25,7,18,大昌-新店,2023-11-14,6464
8034,榮群,19,2,17,大昌-新店,2023-11-14,6464
2031,新光鋼,34,19,15,大昌-新店,2023-11-14,6464
3264,欣銓,16,1,15,大昌-新店,2023-11-14,6464
2204,中華,17,3,14,大昌-新店,2023-11-14,6464
2233,宇隆,14,0,14,大昌-新店,2023-11-14,6464
5347,世界,23,9,14,大昌-新店,2023-11-14,6464
00676R,富邦臺灣加權反1,14,0,14,大昌-新店,2023-11-14,6464
3450,聯鈞,15,2,13,大昌-新店,2023-11-14,6464
8936,國統,18,5,13,大昌-新店,2023-11-14,6464
3406,玉晶光,15,2,13,大昌-新店,2023-11-14,6464
1584,精剛,15,2,13,大昌-新店,2023-11-14,6464
8110,華東,15,2,13,大昌-新店,2023-11-14,6464
00679B,元大美債20年,15,2,13,大昌-新店,2023-11-14,6464
00692,富邦公司治理,13,0,13,大昌-新店,2023-11-14,6464
2492,華新科,14,2,12,大昌-新店,2023-11-14,6464
6517,保勝光學,13,1,12,大昌-新店,2023-11-14,6464
2634,漢翔,24,12,12,大昌-新店,2023-11-14,6464
4128,中天,13,1,12,大昌-新店,2023-11-14,6464
2605,新興,13,2,11,大昌-新店,2023-11-14,6464
6116,彩晶,24,13,11,大昌-新店,2023-11-14,6464
3013,晟銘電,17,6,11,大昌-新店,2023-11-14,6464
9950,萬國通,13,2,11,大昌-新店,2023-11-14,6464
5457,宣德,10,0,10,大昌-新店,2023-11-14,6464
9905,大華,399,0,399,大昌-新店,2023-11-15,6464
00929,復華台灣科技優息,220,64,156,大昌-新店,2023-11-15,6464
00878,國泰永續高股息,204,59,145,大昌-新店,2023-11-15,6464
00864B,中信美國公債0-1,101,0,101,大昌-新店,2023-11-15,6464
1568,倉佑,100,23,77,大昌-新店,2023-11-15,6464
00772B,中信高評級公司債,80,5,75,大昌-新店,2023-11-15,6464
00706L,期元大S＆P日圓正2,70,0,70,大昌-新店,2023-11-15,6464
5347,世界,62,6,56,大昌-新店,2023-11-15,6464
2363,矽統,183,130,53,大昌-新店,2023-11-15,6464
00679B,元大美債20年,63,15,48,大昌-新店,2023-11-15,6464
00897,富邦基因免疫生技,47,0,47,大昌-新店,2023-11-15,6464
3481,群創,51,5,46,大昌-新店,2023-11-15,6464
00676R,富邦臺灣加權反1,45,0,45,大昌-新店,2023-11-15,6464
2368,金像電,43,0,43,大昌-新店,2023-11-15,6464
1504,東元,66,25,41,大昌-新店,2023-11-15,6464
3704,合勤控,35,0,35,大昌-新店,2023-11-15,6464
2905,三商,36,2,34,大昌-新店,2023-11-15,6464
00795B,中信美國公債20年,33,0,33,大昌-新店,2023-11-15,6464
2427,三商電,33,1,32,大昌-新店,2023-11-15,6464
2323,中環,37,5,32,大昌-新店,2023-11-15,6464
4938,和碩,41,10,31,大昌-新店,2023-11-15,6464
2369,菱生,60,30,30,大昌-新店,2023-11-15,6464
3260,威剛,35,5,30,大昌-新店,2023-11-15,6464
00690,兆豐藍籌30,28,0,28,大昌-新店,2023-11-15,6464
00850,元大臺灣ESG永續,31,5,26,大昌-新店,2023-11-15,6464
1217,愛之味,28,4,24,大昌-新店,2023-11-15,6464
6026,福邦證,24,0,24,大昌-新店,2023-11-15,6464
6285,啟��,28,4,24,大昌-新店,2023-11-15,6464
3450,聯鈞,38,16,22,大昌-新店,2023-11-15,6464
2329,華泰,97,75,22,大昌-新店,2023-11-15,6464
4967,十銓,39,18,21,大昌-新店,2023-11-15,6464
2882,國泰金,24,3,21,大昌-新店,2023-11-15,6464
00865B,國泰US短期公債,21,0,21,大昌-新店,2023-11-15,6464
2611,志信,21,0,21,大昌-新店,2023-11-15,6464
2331,精英,33,12,21,大昌-新店,2023-11-15,6464
3035,智原,28,7,21,大昌-新店,2023-11-15,6464
3017,奇鋐,26,6,20,大昌-新店,2023-11-15,6464
2211,長榮鋼,20,0,20,大昌-新店,2023-11-15,6464
1789,神隆,20,0,20,大昌-新店,2023-11-15,6464
1611,中電,20,0,20,大昌-新店,2023-11-15,6464
2353,宏��,45,25,20,大昌-新店,2023-11-15,6464
2607,榮運,34,14,20,大昌-新店,2023-11-15,6464
1451,年興,18,0,18,大昌-新店,2023-11-15,6464
5225,東科-KY,15,0,15,大昌-新店,2023-11-15,6464
6015,宏遠證,20,5,15,大昌-新店,2023-11-15,6464
3122,笙泉,21,7,14,大昌-新店,2023-11-15,6464
2516,新建,26,12,14,大昌-新店,2023-11-15,6464
4128,中天,15,1,14,大昌-新店,2023-11-15,6464
2402,毅嘉,16,3,13,大昌-新店,2023-11-15,6464
4401,東隆興,31,18,13,大昌-新店,2023-11-15,6464
9905,大華,946,0,946,大昌-新店,2023-11-16,6464
2610,華航,362,147,215,大昌-新店,2023-11-16,6464
00632R,元大台灣50反1,257,62,195,大昌-新店,2023-11-16,6464
00878,國泰永續高股息,176,16,160,大昌-新店,2023-11-16,6464
6026,福邦證,160,3,157,大昌-新店,2023-11-16,6464
00637L,元大滬深300正2,217,90,127,大昌-新店,2023-11-16,6464
00864B,中信美國公債0-1,73,0,73,大昌-新店,2023-11-16,6464
00665L,富邦�琤肭磪囓�2,80,12,68,大昌-新店,2023-11-16,6464
00679B,元大美債20年,65,0,65,大昌-新店,2023-11-16,6464
5531,鄉林,65,0,65,大昌-新店,2023-11-16,6464
3058,立德,60,0,60,大昌-新店,2023-11-16,6464
00687B,國泰20年美債,50,4,46,大昌-新店,2023-11-16,6464
8210,勤誠,43,0,43,大昌-新店,2023-11-16,6464
1219,福壽,40,4,36,大昌-新店,2023-11-16,6464
2352,佳世達,40,5,35,大昌-新店,2023-11-16,6464
00680L,元大美債20正2,35,0,35,大昌-新店,2023-11-16,6464
2324,仁寶,34,3,31,大昌-新店,2023-11-16,6464
9946,三發地產,30,0,30,大昌-新店,2023-11-16,6464
2402,毅嘉,48,18,30,大昌-新店,2023-11-16,6464
2897,王道銀行,30,0,30,大昌-新店,2023-11-16,6464
6185,幃翔,28,1,27,大昌-新店,2023-11-16,6464
00795B,中信美國公債20年,26,0,26,大昌-新店,2023-11-16,6464
2014,中鴻,27,1,26,大昌-新店,2023-11-16,6464
00719B,元大美債1-3,25,0,25,大昌-新店,2023-11-16,6464
2329,華泰,162,139,23,大昌-新店,2023-11-16,6464
3169,亞信,23,0,23,大昌-新店,2023-11-16,6464
8054,安國,29,7,22,大昌-新店,2023-11-16,6464
00695B,富邦美債7-10,21,0,21,大昌-新店,2023-11-16,6464
00931B,統一美債20年,21,0,21,大昌-新店,2023-11-16,6464
00652,富邦印度,20,0,20,大昌-新店,2023-11-16,6464
6613,朋億*,20,0,20,大昌-新店,2023-11-16,6464
1101,台泥,25,5,20,大昌-新店,2023-11-16,6464
00882,中信中國高股息,25,6,19,大昌-新店,2023-11-16,6464
5521,工信,20,1,19,大昌-新店,2023-11-16,6464
2344,華邦電,58,40,18,大昌-新店,2023-11-16,6464
0056,元大高股息,23,7,16,大昌-新店,2023-11-16,6464
00929,復華台灣科技優息,67,52,15,大昌-新店,2023-11-16,6464
00934,中信成長高股息,15,0,15,大昌-新店,2023-11-16,6464
2206,三陽工業,21,6,15,大昌-新店,2023-11-16,6464
2516,新建,15,0,15,大昌-新店,2023-11-16,6464
00885,富邦越南,14,0,14,大昌-新店,2023-11-16,6464
2442,新美齊,20,7,13,大昌-新店,2023-11-16,6464
2425,承啟,19,6,13,大昌-新店,2023-11-16,6464
2323,中環,28,16,12,大昌-新店,2023-11-16,6464
2816,旺旺保,14,2,12,大昌-新店,2023-11-16,6464
3260,威剛,16,4,12,大昌-新店,2023-11-16,6464
2417,圓剛,60,49,11,大昌-新店,2023-11-16,6464
00642U,期元大S＆P石油,11,0,11,大昌-新店,2023-11-16,6464
3450,聯鈞,14,3,11,大昌-新店,2023-11-16,6464
00850,元大臺灣ESG永續,10,0,10,大昌-新店,2023-11-16,6464
00929,復華台灣科技優息,454,82,372,大昌-新店,2023-11-17,6464
00665L,富邦�琤肭磪囓�2,319,107,212,大昌-新店,2023-11-17,6464
00637L,元大滬深300正2,215,105,110,大昌-新店,2023-11-17,6464
5531,鄉林,55,0,55,大昌-新店,2023-11-17,6464
5347,世界,53,4,49,大昌-新店,2023-11-17,6464
5706,鳳凰,66,18,48,大昌-新店,2023-11-17,6464
1471,首利,48,0,48,大昌-新店,2023-11-17,6464
00882,中信中國高股息,47,0,47,大昌-新店,2023-11-17,6464
6770,力積電,53,9,44,大昌-新店,2023-11-17,6464
2002,中鋼,50,9,41,大昌-新店,2023-11-17,6464
00753L,中信中國50正2,45,6,39,大昌-新店,2023-11-17,6464
3694,海華,43,4,39,大昌-新店,2023-11-17,6464
5324,士開,35,0,35,大昌-新店,2023-11-17,6464
1815,富喬,43,12,31,大昌-新店,2023-11-17,6464
3260,威剛,30,0,30,大昌-新店,2023-11-17,6464
00642U,期元大S＆P石油,30,0,30,大昌-新店,2023-11-17,6464
00632R,元大台灣50反1,27,0,27,大昌-新店,2023-11-17,6464
2516,新建,27,0,27,大昌-新店,2023-11-17,6464
2705,六福,45,21,24,大昌-新店,2023-11-17,6464
00795B,中信美國公債20年,24,1,23,大昌-新店,2023-11-17,6464
2369,菱生,51,29,22,大昌-新店,2023-11-17,6464
2371,大同,23,1,22,大昌-新店,2023-11-17,6464
2610,華航,56,34,22,大昌-新店,2023-11-17,6464
6805,富世達,22,0,22,大昌-新店,2023-11-17,6464
8054,安國,33,12,21,大昌-新店,2023-11-17,6464
00725B,國泰投資級公司債,20,0,20,大昌-新店,2023-11-17,6464
00715L,期街口布蘭特正2,20,0,20,大昌-新店,2023-11-17,6464
3049,精金,21,1,20,大昌-新店,2023-11-17,6464
2457,飛宏,25,6,19,大昌-新店,2023-11-17,6464
4931,新盛力,20,1,19,大昌-新店,2023-11-17,6464
00652,富邦印度,18,0,18,大昌-新店,2023-11-17,6464
5243,乙盛-KY,21,3,18,大昌-新店,2023-11-17,6464
00719B,元大美債1-3,18,0,18,大昌-新店,2023-11-17,6464
2734,易飛網,23,6,17,大昌-新店,2023-11-17,6464
00931B,統一美債20年,16,0,16,大昌-新店,2023-11-17,6464
2605,新興,24,8,16,大昌-新店,2023-11-17,6464
1519,華城,51,35,16,大昌-新店,2023-11-17,6464
2353,宏��,27,12,15,大昌-新店,2023-11-17,6464
00697B,元大美債7-10,15,0,15,大昌-新店,2023-11-17,6464
00664R,國泰臺灣加權反1,15,0,15,大昌-新店,2023-11-17,6464
00676R,富邦臺灣加權反1,14,0,14,大昌-新店,2023-11-17,6464
6550,北極星藥業-KY,14,1,13,大昌-新店,2023-11-17,6464
2515,中工,18,5,13,大昌-新店,2023-11-17,6464
8088,品安,13,1,12,大昌-新店,2023-11-17,6464
1305,華夏,28,16,12,大昌-新店,2023-11-17,6464
1101,台泥,12,0,12,大昌-新店,2023-11-17,6464
2462,良得電,16,4,12,大昌-新店,2023-11-17,6464
5009,榮剛,13,1,12,大昌-新店,2023-11-17,6464
5272,笙科,13,1,12,大昌-新店,2023-11-17,6464
2363,矽統,118,106,12,大昌-新店,2023-11-17,6464
2610,華航,268,45,223,大昌-新店,2023-11-20,6464
00929,復華台灣科技優息,158,48,110,大昌-新店,2023-11-20,6464
3501,維熹,97,0,97,大昌-新店,2023-11-20,6464
6770,力積電,101,8,93,大昌-新店,2023-11-20,6464
00679B,元大美債20年,84,0,84,大昌-新店,2023-11-20,6464
00919,群益台灣精選高息,92,20,72,大昌-新店,2023-11-20,6464
00706L,期元大S＆P日圓正2,70,0,70,大昌-新店,2023-11-20,6464
2732,六角,47,0,47,大昌-新店,2023-11-20,6464
5272,笙科,52,6,46,大昌-新店,2023-11-20,6464
2201,裕隆,57,12,45,大昌-新店,2023-11-20,6464
00751B,元大AAA至A公司債,50,5,45,大昌-新店,2023-11-20,6464
9904,寶成,43,0,43,大昌-新店,2023-11-20,6464
3376,新日興,53,11,42,大昌-新店,2023-11-20,6464
6191,精成科,43,3,40,大昌-新店,2023-11-20,6464
00687B,國泰20年美債,41,2,39,大昌-新店,2023-11-20,6464
00690,兆豐藍籌30,36,0,36,大昌-新店,2023-11-20,6464
6243,迅杰,56,20,36,大昌-新店,2023-11-20,6464
2449,京元電子,37,4,33,大昌-新店,2023-11-20,6464
00878,國泰永續高股息,44,11,33,大昌-新店,2023-11-20,6464
2890,永豐金,32,1,31,大昌-新店,2023-11-20,6464
6126,信音,30,0,30,大昌-新店,2023-11-20,6464
9907,統一實,30,0,30,大昌-新店,2023-11-20,6464
00931B,統一美債20年,28,0,28,大昌-新店,2023-11-20,6464
1609,大亞,30,7,23,大昌-新店,2023-11-20,6464
2323,中環,47,25,22,大昌-新店,2023-11-20,6464
5206,坤悅,20,0,20,大昌-新店,2023-11-20,6464
00665L,富邦�琤肭磪囓�2,150,131,19,大昌-新店,2023-11-20,6464
2887,台新金,19,0,19,大昌-新店,2023-11-20,6464
5452,佶優,18,0,18,大昌-新店,2023-11-20,6464
5706,鳳凰,43,25,18,大昌-新店,2023-11-20,6464
2369,菱生,34,16,18,大昌-新店,2023-11-20,6464
2317,鴻海,19,1,18,大昌-新店,2023-11-20,6464
2371,大同,19,2,17,大昌-新店,2023-11-20,6464
2884,玉山金,20,3,17,大昌-新店,2023-11-20,6464
6168,宏齊,25,8,17,大昌-新店,2023-11-20,6464
0056,元大高股息,17,1,16,大昌-新店,2023-11-20,6464
5426,振發,16,0,16,大昌-新店,2023-11-20,6464
6270,倍微,17,1,16,大昌-新店,2023-11-20,6464
6589,台康生技,18,2,16,大昌-新店,2023-11-20,6464
2834,臺企銀,20,4,16,大昌-新店,2023-11-20,6464
00882,中信中國高股息,15,0,15,大昌-新店,2023-11-20,6464
6104,創惟,18,4,14,大昌-新店,2023-11-20,6464
1795,美時,21,8,13,大昌-新店,2023-11-20,6464
2915,潤泰全,14,1,13,大昌-新店,2023-11-20,6464
00885,富邦越南,13,0,13,大昌-新店,2023-11-20,6464
6443,元晶,16,3,13,大昌-新店,2023-11-20,6464
2356,英業達,32,20,12,大昌-新店,2023-11-20,6464
2312,金寶,15,3,12,大昌-新店,2023-11-20,6464
00907,永豐優息存股,12,0,12,大昌-新店,2023-11-20,6464
1522,堤維西,16,4,12,大昌-新店,2023-11-20,6464
00632R,元大台灣50反1,250,40,210,大昌-新店,2023-11-21,6464
2610,華航,244,54,190,大昌-新店,2023-11-21,6464
3501,維熹,118,1,117,大昌-新店,2023-11-21,6464
00772B,中信高評級公司債,90,0,90,大昌-新店,2023-11-21,6464
6125,廣運,140,56,84,大昌-新店,2023-11-21,6464
00720B,元大投資級公司債,82,0,82,大昌-新店,2023-11-21,6464
2002,中鋼,109,27,82,大昌-新店,2023-11-21,6464
1524,耿鼎,73,10,63,大昌-新店,2023-11-21,6464
00676R,富邦臺灣加權反1,58,0,58,大昌-新店,2023-11-21,6464
2352,佳世達,63,14,49,大昌-新店,2023-11-21,6464
2312,金寶,54,6,48,大昌-新店,2023-11-21,6464
8996,高力,46,2,44,大昌-新店,2023-11-21,6464
2313,華通,99,58,41,大昌-新店,2023-11-21,6464
3041,揚智,76,37,39,大昌-新店,2023-11-21,6464
2329,華泰,86,48,38,大昌-新店,2023-11-21,6464
2367,燿華,73,36,37,大昌-新店,2023-11-21,6464
2303,聯電,107,70,37,大昌-新店,2023-11-21,6464
3548,兆利,41,8,33,大昌-新店,2023-11-21,6464
3481,群創,88,56,32,大昌-新店,2023-11-21,6464
6275,元山,35,4,31,大昌-新店,2023-11-21,6464
2331,精英,30,2,28,大昌-新店,2023-11-21,6464
4906,正文,32,5,27,大昌-新店,2023-11-21,6464
00712,復華富時不動產,26,0,26,大昌-新店,2023-11-21,6464
5351,鈺創,66,40,26,大昌-新店,2023-11-21,6464
3059,華晶科,46,21,25,大昌-新店,2023-11-21,6464
00673R,期元大S＆P原油反1,24,0,24,大昌-新店,2023-11-21,6464
1504,東元,26,2,24,大昌-新店,2023-11-21,6464
00664R,國泰臺灣加權反1,23,0,23,大昌-新店,2023-11-21,6464
2449,京元電子,24,2,22,大昌-新店,2023-11-21,6464
2007,燁興,20,0,20,大昌-新店,2023-11-21,6464
5324,士開,20,0,20,大昌-新店,2023-11-21,6464
00642U,期元大S＆P石油,18,0,18,大昌-新店,2023-11-21,6464
2401,凌陽,24,7,17,大昌-新店,2023-11-21,6464
9950,萬國通,17,0,17,大昌-新店,2023-11-21,6464
4746,台耀,31,14,17,大昌-新店,2023-11-21,6464
2355,敬鵬,28,12,16,大昌-新店,2023-11-21,6464
3022,威強電,16,2,14,大昌-新店,2023-11-21,6464
4188,安克,15,1,14,大昌-新店,2023-11-21,6464
6237,驊訊,30,16,14,大昌-新店,2023-11-21,6464
2377,微星,15,2,13,大昌-新店,2023-11-21,6464
6158,禾昌,13,0,13,大昌-新店,2023-11-21,6464
2368,金像電,26,13,13,大昌-新店,2023-11-21,6464
1568,倉佑,12,0,12,大昌-新店,2023-11-21,6464
00687B,國泰20年美債,15,3,12,大昌-新店,2023-11-21,6464
00637L,元大滬深300正2,60,48,12,大昌-新店,2023-11-21,6464
1736,喬山,11,0,11,大昌-新店,2023-11-21,6464
2485,兆赫,16,5,11,大昌-新店,2023-11-21,6464
2363,矽統,177,166,11,大昌-新店,2023-11-21,6464
2630,亞航,10,0,10,大昌-新店,2023-11-21,6464
2515,中工,15,5,10,大昌-新店,2023-11-21,6464
1451,年興,952,11,941,大昌-新店,2023-11-22,6464
3231,緯創,448,43,405,大昌-新店,2023-11-22,6464
3501,維熹,107,0,107,大昌-新店,2023-11-22,6464
00929,復華台灣科技優息,146,41,105,大昌-新店,2023-11-22,6464
2883,凱基金,109,15,94,大昌-新店,2023-11-22,6464
00878,國泰永續高股息,86,5,81,大昌-新店,2023-11-22,6464
2380,虹光,73,3,70,大昌-新店,2023-11-22,6464
2356,英業達,73,7,66,大昌-新店,2023-11-22,6464
2303,聯電,92,27,65,大昌-新店,2023-11-22,6464
00934,中信成長高股息,80,20,60,大昌-新店,2023-11-22,6464
2376,技嘉,80,22,58,大昌-新店,2023-11-22,6464
3056,富華新,50,1,49,大昌-新店,2023-11-22,6464
1524,耿鼎,47,0,47,大昌-新店,2023-11-22,6464
2330,台積電,57,12,45,大昌-新店,2023-11-22,6464
6125,廣運,52,14,38,大昌-新店,2023-11-22,6464
2301,光寶科,40,3,37,大昌-新店,2023-11-22,6464
00882,中信中國高股息,36,0,36,大昌-新店,2023-11-22,6464
0056,元大高股息,55,21,34,大昌-新店,2023-11-22,6464
5512,力麒,33,3,30,大昌-新店,2023-11-22,6464
3046,建��,30,0,30,大昌-新店,2023-11-22,6464
4188,安克,29,0,29,大昌-新店,2023-11-22,6464
6216,居易,30,1,29,大昌-新店,2023-11-22,6464
00881,國泰台灣5G+,29,1,28,大昌-新店,2023-11-22,6464
00919,群益台灣精選高息,52,24,28,大昌-新店,2023-11-22,6464
8163,達方,26,0,26,大昌-新店,2023-11-22,6464
1609,大亞,26,2,24,大昌-新店,2023-11-22,6464
00637L,元大滬深300正2,79,56,23,大昌-新店,2023-11-22,6464
2014,中鴻,25,2,23,大昌-新店,2023-11-22,6464
3041,揚智,97,75,22,大昌-新店,2023-11-22,6464
00650L,復華香港正2,21,0,21,大昌-新店,2023-11-22,6464
2516,新建,22,1,21,大昌-新店,2023-11-22,6464
2337,旺宏,21,0,21,大昌-新店,2023-11-22,6464
00850,元大臺灣ESG永續,20,0,20,大昌-新店,2023-11-22,6464
5603,陸海,22,2,20,大昌-新店,2023-11-22,6464
00905,FT臺灣Smart,20,0,20,大昌-新店,2023-11-22,6464
00922,國泰台灣領袖50,20,0,20,大昌-新店,2023-11-22,6464
2353,宏��,67,47,20,大昌-新店,2023-11-22,6464
2352,佳世達,46,27,19,大昌-新店,2023-11-22,6464
1731,美吾華,20,2,18,大昌-新店,2023-11-22,6464
00751B,元大AAA至A公司債,20,2,18,大昌-新店,2023-11-22,6464
2201,裕隆,21,3,18,大昌-新店,2023-11-22,6464
00915,凱基優選高股息30,23,6,17,大昌-新店,2023-11-22,6464
2610,華航,55,38,17,大昌-新店,2023-11-22,6464
2382,廣達,90,73,17,大昌-新店,2023-11-22,6464
00752,中信中國50,16,0,16,大昌-新店,2023-11-22,6464
2634,漢翔,31,15,16,大昌-新店,2023-11-22,6464
2883B,凱基金乙特,20,4,16,大昌-新店,2023-11-22,6464
6191,精成科,16,0,16,大昌-新店,2023-11-22,6464
2329,華泰,42,27,15,大昌-新店,2023-11-22,6464
2748,雲品,21,6,15,大昌-新店,2023-11-22,6464
00919,群益台灣精選高息,188,2,186,大昌-新店,2023-11-23,6464
9105,泰金寶-DR,145,0,145,大昌-新店,2023-11-23,6464
2356,英業達,125,23,102,大昌-新店,2023-11-23,6464
00720B,元大投資級公司債,122,20,102,大昌-新店,2023-11-23,6464
3501,維熹,89,0,89,大昌-新店,2023-11-23,6464
1451,年興,77,0,77,大昌-新店,2023-11-23,6464
3231,緯創,119,54,65,大昌-新店,2023-11-23,6464
00878,國泰永續高股息,73,13,60,大昌-新店,2023-11-23,6464
00637L,元大滬深300正2,162,104,58,大昌-新店,2023-11-23,6464
1314,中石化,64,9,55,大昌-新店,2023-11-23,6464
1785,光洋科,52,0,52,大昌-新店,2023-11-23,6464
2889,國票金,51,0,51,大昌-新店,2023-11-23,6464
2897,王道銀行,50,0,50,大昌-新店,2023-11-23,6464
2382,廣達,103,57,46,大昌-新店,2023-11-23,6464
4960,誠美材,45,1,44,大昌-新店,2023-11-23,6464
00934,中信成長高股息,60,20,40,大昌-新店,2023-11-23,6464
00772B,中信高評級公司債,50,11,39,大昌-新店,2023-11-23,6464
2002,中鋼,62,25,37,大昌-新店,2023-11-23,6464
2618,長榮航,116,80,36,大昌-新店,2023-11-23,6464
2367,燿華,41,6,35,大昌-新店,2023-11-23,6464
8054,安國,49,15,34,大昌-新店,2023-11-23,6464
00882,中信中國高股息,35,4,31,大昌-新店,2023-11-23,6464
1802,台玻,33,3,30,大昌-新店,2023-11-23,6464
6278,台表科,30,4,26,大昌-新店,2023-11-23,6464
6163,華電網,25,0,25,大昌-新店,2023-11-23,6464
2027,大成鋼,28,4,24,大昌-新店,2023-11-23,6464
6116,彩晶,23,0,23,大昌-新店,2023-11-23,6464
00706L,期元大S＆P日圓正2,21,0,21,大昌-新店,2023-11-23,6464
2883,凱基金,135,114,21,大昌-新店,2023-11-23,6464
8034,榮群,21,1,20,大昌-新店,2023-11-23,6464
4916,事欣科,20,0,20,大昌-新店,2023-11-23,6464
2884,玉山金,21,1,20,大昌-新店,2023-11-23,6464
6226,光鼎,20,0,20,大昌-新店,2023-11-23,6464
6139,亞翔,30,11,19,大昌-新店,2023-11-23,6464
6104,創惟,23,4,19,大昌-新店,2023-11-23,6464
1905,華紙,18,0,18,大昌-新店,2023-11-23,6464
2476,鉅祥,31,13,18,大昌-新店,2023-11-23,6464
3035,智原,26,9,17,大昌-新店,2023-11-23,6464
3037,欣興,25,8,17,大昌-新店,2023-11-23,6464
5351,鈺創,83,66,17,大昌-新店,2023-11-23,6464
5512,力麒,25,8,17,大昌-新店,2023-11-23,6464
6122,擎邦,18,1,17,大昌-新店,2023-11-23,6464
8110,華東,18,1,17,大昌-新店,2023-11-23,6464
2401,凌陽,31,15,16,大昌-新店,2023-11-23,6464
6209,今國光,16,0,16,大昌-新店,2023-11-23,6464
3213,茂訊,16,1,15,大昌-新店,2023-11-23,6464
8086,宏捷科,22,7,15,大昌-新店,2023-11-23,6464
00633L,富邦上証正2,19,4,15,大昌-新店,2023-11-23,6464
3163,波若威,21,6,15,大昌-新店,2023-11-23,6464
6164,華興,20,5,15,大昌-新店,2023-11-23,6464
00927,群益半導體收益,400,0,400,大昌-新店,2023-11-24,6464
2880,華南金,388,5,383,大昌-新店,2023-11-24,6464
2610,華航,305,46,259,大昌-新店,2023-11-24,6464
2618,長榮航,205,29,176,大昌-新店,2023-11-24,6464
2883,凱基金,199,65,134,大昌-新店,2023-11-24,6464
00652,富邦印度,100,0,100,大昌-新店,2023-11-24,6464
8110,華東,67,3,64,大昌-新店,2023-11-24,6464
4960,誠美材,61,0,61,大昌-新店,2023-11-24,6464
00919,群益台灣精選高息,70,10,60,大昌-新店,2023-11-24,6464
2317,鴻海,57,5,52,大昌-新店,2023-11-24,6464
2897,王道銀行,50,0,50,大昌-新店,2023-11-24,6464
2337,旺宏,42,5,37,大昌-新店,2023-11-24,6464
3024,憶聲,35,0,35,大昌-新店,2023-11-24,6464
1234,黑松,31,0,31,大昌-新店,2023-11-24,6464
6243,迅杰,35,7,28,大昌-新店,2023-11-24,6464
2329,華泰,43,16,27,大昌-新店,2023-11-24,6464
8054,安國,42,16,26,大昌-新店,2023-11-24,6464
3032,偉訓,26,0,26,大昌-新店,2023-11-24,6464
5328,華容,24,0,24,大昌-新店,2023-11-24,6464
2356,英業達,42,18,24,大昌-新店,2023-11-24,6464
2731,雄獅,34,12,22,大昌-新店,2023-11-24,6464
00904,新光臺灣半導體30,22,0,22,大昌-新店,2023-11-24,6464
00795B,中信美國公債20年,20,0,20,大昌-新店,2023-11-24,6464
3706,神達,20,0,20,大昌-新店,2023-11-24,6464
3041,揚智,26,8,18,大昌-新店,2023-11-24,6464
5876,上海商銀,21,3,18,大昌-新店,2023-11-24,6464
6282,康舒,88,70,18,大昌-新店,2023-11-24,6464
1216,統一,22,5,17,大昌-新店,2023-11-24,6464
00687B,國泰20年美債,16,0,16,大昌-新店,2023-11-24,6464
00931B,統一美債20年,16,0,16,大昌-新店,2023-11-24,6464
4188,安克,16,1,15,大昌-新店,2023-11-24,6464
00697B,元大美債7-10,15,0,15,大昌-新店,2023-11-24,6464
2401,凌陽,69,54,15,大昌-新店,2023-11-24,6464
3006,晶豪科,29,14,15,大昌-新店,2023-11-24,6464
00878,國泰永續高股息,15,1,14,大昌-新店,2023-11-24,6464
00751B,元大AAA至A公司債,14,0,14,大昌-新店,2023-11-24,6464
2344,華邦電,35,21,14,大昌-新店,2023-11-24,6464
00713,元大台灣高息低波,18,5,13,大昌-新店,2023-11-24,6464
2417,圓剛,19,6,13,大昌-新店,2023-11-24,6464
5243,乙盛-KY,13,0,13,大昌-新店,2023-11-24,6464
2324,仁寶,12,0,12,大昌-新店,2023-11-24,6464
3051,力特,12,0,12,大昌-新店,2023-11-24,6464
2014,中鴻,13,2,11,大昌-新店,2023-11-24,6464
4543,萬在,13,2,11,大昌-新店,2023-11-24,6464
2382,廣達,40,29,11,大昌-新店,2023-11-24,6464
6143,振曜,10,0,10,大昌-新店,2023-11-24,6464
5222,全訊,19,10,9,大昌-新店,2023-11-24,6464
2641,正德,9,0,9,大昌-新店,2023-11-24,6464
2027,大成鋼,12,3,9,大昌-新店,2023-11-24,6464
6189,豐藝,9,0,9,大昌-新店,2023-11-24,6464
1234,黑松,239,0,239,大昌-新店,2023-11-27,6464
5521,工信,212,6,206,大昌-新店,2023-11-27,6464
00882,中信中國高股息,183,0,183,大昌-新店,2023-11-27,6464
00637L,元大滬深300正2,521,372,149,大昌-新店,2023-11-27,6464
2880,華南金,112,1,111,大昌-新店,2023-11-27,6464
3373,熱映,108,11,97,大昌-新店,2023-11-27,6464
3231,緯創,182,99,83,大昌-新店,2023-11-27,6464
00712,復華富時不動產,78,0,78,大昌-新店,2023-11-27,6464
1471,首利,60,1,59,大昌-新店,2023-11-27,6464
00679B,元大美債20年,55,0,55,大昌-新店,2023-11-27,6464
0056,元大高股息,74,21,53,大昌-新店,2023-11-27,6464
00878,國泰永續高股息,56,4,52,大昌-新店,2023-11-27,6464
2303,聯電,68,26,42,大昌-新店,2023-11-27,6464
2352,佳世達,107,65,42,大昌-新店,2023-11-27,6464
00753L,中信中國50正2,40,0,40,大昌-新店,2023-11-27,6464
6142,友勁,40,0,40,大昌-新店,2023-11-27,6464
3058,立德,47,8,39,大昌-新店,2023-11-27,6464
00934,中信成長高股息,38,0,38,大昌-新店,2023-11-27,6464
5483,中美晶,38,2,36,大昌-新店,2023-11-27,6464
1519,華城,46,13,33,大昌-新店,2023-11-27,6464
2618,長榮航,87,54,33,大昌-新店,2023-11-27,6464
00915,凱基優選高股息30,39,10,29,大昌-新店,2023-11-27,6464
2014,中鴻,40,13,27,大昌-新店,2023-11-27,6464
00632R,元大台灣50反1,33,6,27,大昌-新店,2023-11-27,6464
00931B,統一美債20年,25,0,25,大昌-新店,2023-11-27,6464
00633L,富邦上証正2,42,17,25,大昌-新店,2023-11-27,6464
00687B,國泰20年美債,36,12,24,大昌-新店,2023-11-27,6464
00795B,中信美國公債20年,24,0,24,大昌-新店,2023-11-27,6464
8086,宏捷科,40,18,22,大昌-新店,2023-11-27,6464
00881,國泰台灣5G+,22,0,22,大昌-新店,2023-11-27,6464
6274,台燿,35,14,21,大昌-新店,2023-11-27,6464
1815,富喬,31,10,21,大昌-新店,2023-11-27,6464
3501,維熹,20,0,20,大昌-新店,2023-11-27,6464
2353,宏��,31,11,20,大昌-新店,2023-11-27,6464
6148,驊宏資,19,0,19,大昌-新店,2023-11-27,6464
00650L,復華香港正2,19,0,19,大昌-新店,2023-11-27,6464
4945,陞達科技,18,0,18,大昌-新店,2023-11-27,6464
00850,元大臺灣ESG永續,30,12,18,大昌-新店,2023-11-27,6464
1802,台玻,19,2,17,大昌-新店,2023-11-27,6464
00751B,元大AAA至A公司債,17,0,17,大昌-新店,2023-11-27,6464
00669R,國泰美國道瓊反1,17,0,17,大昌-新店,2023-11-27,6464
6282,康舒,44,28,16,大昌-新店,2023-11-27,6464
3706,神達,24,8,16,大昌-新店,2023-11-27,6464
3035,智原,19,3,16,大昌-新店,2023-11-27,6464
2330,台積電,14,1,13,大昌-新店,2023-11-27,6464
3704,合勤控,15,2,13,大昌-新店,2023-11-27,6464
00935,野村臺灣新科技50,13,0,13,大昌-新店,2023-11-27,6464
4714,永捷,13,0,13,大昌-新店,2023-11-27,6464
2801,彰銀,13,0,13,大昌-新店,2023-11-27,6464
2204,中華,13,1,12,大昌-新店,2023-11-27,6464
1513,中興電,211,50,161,大昌-新店,2023-11-28,6464
00919,群益台灣精選高息,164,24,140,大昌-新店,2023-11-28,6464
00632R,元大台灣50反1,143,10,133,大昌-新店,2023-11-28,6464
1234,黑松,117,0,117,大昌-新店,2023-11-28,6464
5272,笙科,73,3,70,大昌-新店,2023-11-28,6464
2303,聯電,75,16,59,大昌-新店,2023-11-28,6464
9904,寶成,60,1,59,大昌-新店,2023-11-28,6464
1325,恆大,47,0,47,大昌-新店,2023-11-28,6464
2897,王道銀行,45,0,45,大昌-新店,2023-11-28,6464
2891,中信金,65,22,43,大昌-新店,2023-11-28,6464
1314,中石化,51,10,41,大昌-新店,2023-11-28,6464
2867,三商壽,40,0,40,大昌-新店,2023-11-28,6464
00680L,元大美債20正2,50,11,39,大昌-新店,2023-11-28,6464
1732,毛寶,50,14,36,大昌-新店,2023-11-28,6464
6108,競國,37,1,36,大昌-新店,2023-11-28,6464
3501,維熹,30,0,30,大昌-新店,2023-11-28,6464
2404,漢唐,28,0,28,大昌-新店,2023-11-28,6464
00676R,富邦臺灣加權反1,27,0,27,大昌-新店,2023-11-28,6464
2363,矽統,50,27,23,大昌-新店,2023-11-28,6464
00929,復華台灣科技優息,171,149,22,大昌-新店,2023-11-28,6464
6770,力積電,26,4,22,大昌-新店,2023-11-28,6464
6282,康舒,31,10,21,大昌-新店,2023-11-28,6464
00652,富邦印度,20,0,20,大昌-新店,2023-11-28,6464
2601,益航,31,11,20,大昌-新店,2023-11-28,6464
5347,世界,26,7,19,大昌-新店,2023-11-28,6464
3058,立德,21,3,18,大昌-新店,2023-11-28,6464
3402,漢科,18,0,18,大昌-新店,2023-11-28,6464
3231,緯創,69,52,17,大昌-新店,2023-11-28,6464
6598,ABC-KY,17,0,17,大昌-新店,2023-11-28,6464
4114,健喬,49,33,16,大昌-新店,2023-11-28,6464
4945,陞達科技,18,2,16,大昌-新店,2023-11-28,6464
00795B,中信美國公債20年,16,1,15,大昌-新店,2023-11-28,6464
4106,雃博,14,0,14,大昌-新店,2023-11-28,6464
1101,台泥,39,25,14,大昌-新店,2023-11-28,6464
6243,迅杰,59,46,13,大昌-新店,2023-11-28,6464
4157,太景*-KY,17,4,13,大昌-新店,2023-11-28,6464
00882,中信中國高股息,14,2,12,大昌-新店,2023-11-28,6464
2383,台光電,37,25,12,大昌-新店,2023-11-28,6464
5876,上海商銀,12,0,12,大昌-新店,2023-11-28,6464
2801,彰銀,22,10,12,大昌-新店,2023-11-28,6464
00712,復華富時不動產,12,0,12,大昌-新店,2023-11-28,6464
6278,台表科,26,14,12,大昌-新店,2023-11-28,6464
00642U,期元大S＆P石油,12,0,12,大昌-新店,2023-11-28,6464
1701,中化,23,12,11,大昌-新店,2023-11-28,6464
2820,華票,11,0,11,大昌-新店,2023-11-28,6464
2816,旺旺保,15,4,11,大昌-新店,2023-11-28,6464
00669R,國泰美國道瓊反1,10,0,10,大昌-新店,2023-11-28,6464
9103,美德醫療-DR,10,0,10,大昌-新店,2023-11-28,6464
3540,曜越,10,0,10,大昌-新店,2023-11-28,6464
6234,高僑,10,0,10,大昌-新店,2023-11-28,6464
00665L,富邦�琤肭磪囓�2,704,1,703,大昌-新店,2023-11-29,6464
2880,華南金,500,1,499,大昌-新店,2023-11-29,6464
00882,中信中國高股息,450,4,446,大昌-新店,2023-11-29,6464
00929,復華台灣科技優息,490,148,342,大昌-新店,2023-11-29,6464
00637L,元大滬深300正2,137,2,135,大昌-新店,2023-11-29,6464
00864B,中信美國公債0-1,125,0,125,大昌-新店,2023-11-29,6464
1325,恆大,86,6,80,大昌-新店,2023-11-29,6464
2610,華航,97,20,77,大昌-新店,2023-11-29,6464
1314,中石化,124,53,71,大昌-新店,2023-11-29,6464
006205,富邦上証,70,0,70,大昌-新店,2023-11-29,6464
2618,長榮航,109,47,62,大昌-新店,2023-11-29,6464
2883,凱基金,248,190,58,大昌-新店,2023-11-29,6464
5608,四維航,68,13,55,大昌-新店,2023-11-29,6464
2888,新光金,55,0,55,大昌-新店,2023-11-29,6464
3047,訊舟,58,6,52,大昌-新店,2023-11-29,6464
00724B,群益投資級金融債,45,0,45,大昌-新店,2023-11-29,6464
2867,三商壽,40,0,40,大昌-新店,2023-11-29,6464
2492,華新科,78,38,40,大昌-新店,2023-11-29,6464
6485,點序,43,5,38,大昌-新店,2023-11-29,6464
3231,緯創,103,67,36,大昌-新店,2023-11-29,6464
00687B,國泰20年美債,52,16,36,大昌-新店,2023-11-29,6464
00753L,中信中國50正2,40,6,34,大昌-新店,2023-11-29,6464
5351,鈺創,58,26,32,大昌-新店,2023-11-29,6464
3058,立德,31,0,31,大昌-新店,2023-11-29,6464
006208,富邦台50,30,0,30,大昌-新店,2023-11-29,6464
2515,中工,33,3,30,大昌-新店,2023-11-29,6464
1802,台玻,31,2,29,大昌-新店,2023-11-29,6464
6108,競國,29,0,29,大昌-新店,2023-11-29,6464
00679B,元大美債20年,33,7,26,大昌-新店,2023-11-29,6464
00935,野村臺灣新科技50,26,0,26,大昌-新店,2023-11-29,6464
1101,台泥,31,5,26,大昌-新店,2023-11-29,6464
2382,廣達,64,39,25,大昌-新店,2023-11-29,6464
00650L,復華香港正2,24,0,24,大昌-新店,2023-11-29,6464
8110,華東,30,7,23,大昌-新店,2023-11-29,6464
4945,陞達科技,24,3,21,大昌-新店,2023-11-29,6464
0061,元大寶滬深,18,0,18,大昌-新店,2023-11-29,6464
3545,敦泰,55,37,18,大昌-新店,2023-11-29,6464
2002,中鋼,28,10,18,大昌-新店,2023-11-29,6464
2449,京元電子,18,1,17,大昌-新店,2023-11-29,6464
2615,萬海,17,0,17,大昌-新店,2023-11-29,6464
00664R,國泰臺灣加權反1,17,0,17,大昌-新店,2023-11-29,6464
2402,毅嘉,29,12,17,大昌-新店,2023-11-29,6464
3147,大綜,19,3,16,大昌-新店,2023-11-29,6464
2303,聯電,37,21,16,大昌-新店,2023-11-29,6464
6177,達麗,16,0,16,大昌-新店,2023-11-29,6464
1605,華新,25,9,16,大昌-新店,2023-11-29,6464
8996,高力,18,2,16,大昌-新店,2023-11-29,6464
1504,東元,15,0,15,大昌-新店,2023-11-29,6464
2641,正德,25,10,15,大昌-新店,2023-11-29,6464
3363,上詮,34,19,15,大昌-新店,2023-11-29,6464
3481,群創,367,8,359,大昌-新店,2023-11-30,6464
00882,中信中國高股息,136,3,133,大昌-新店,2023-11-30,6464
2369,菱生,145,22,123,大昌-新店,2023-11-30,6464
00878,國泰永續高股息,130,27,103,大昌-新店,2023-11-30,6464
5210,寶碩,90,6,84,大昌-新店,2023-11-30,6464
2356,英業達,91,15,76,大昌-新店,2023-11-30,6464
00934,中信成長高股息,78,10,68,大昌-新店,2023-11-30,6464
00919,群益台灣精選高息,75,23,52,大昌-新店,2023-11-30,6464
2897,王道銀行,50,0,50,大昌-新店,2023-11-30,6464
5272,笙科,51,3,48,大昌-新店,2023-11-30,6464
2201,裕隆,50,3,47,大昌-新店,2023-11-30,6464
2376,技嘉,82,39,43,大昌-新店,2023-11-30,6464
0061,元大寶滬深,43,0,43,大昌-新店,2023-11-30,6464
6111,大宇資,47,7,40,大昌-新店,2023-11-30,6464
00652,富邦印度,40,0,40,大昌-新店,2023-11-30,6464
00720B,元大投資級公司債,39,1,38,大昌-新店,2023-11-30,6464
1616,億泰,44,9,35,大昌-新店,2023-11-30,6464
9938,百和,37,2,35,大昌-新店,2023-11-30,6464
00679B,元大美債20年,35,2,33,大昌-新店,2023-11-30,6464
2618,長榮航,59,28,31,大昌-新店,2023-11-30,6464
00753L,中信中國50正2,30,0,30,大昌-新店,2023-11-30,6464
6108,競國,29,0,29,大昌-新店,2023-11-30,6464
00915,凱基優選高股息30,48,20,28,大昌-新店,2023-11-30,6464
1732,毛寶,30,2,28,大昌-新店,2023-11-30,6464
00633L,富邦上証正2,42,15,27,大昌-新店,2023-11-30,6464
3231,緯創,111,85,26,大昌-新店,2023-11-30,6464
2303,聯電,42,16,26,大昌-新店,2023-11-30,6464
1313,聯成,25,0,25,大昌-新店,2023-11-30,6464
00687B,國泰20年美債,27,2,25,大昌-新店,2023-11-30,6464
2313,華通,57,33,24,大昌-新店,2023-11-30,6464
2801,彰銀,26,3,23,大昌-新店,2023-11-30,6464
8358,金居,34,11,23,大昌-新店,2023-11-30,6464
00931B,統一美債20年,25,2,23,大昌-新店,2023-11-30,6464
4961,天鈺,23,1,22,大昌-新店,2023-11-30,6464
1504,東元,25,4,21,大昌-新店,2023-11-30,6464
1449,佳和,25,4,21,大昌-新店,2023-11-30,6464
6127,九豪,26,5,21,大昌-新店,2023-11-30,6464
2609,陽明,21,0,21,大昌-新店,2023-11-30,6464
2337,旺宏,23,2,21,大昌-新店,2023-11-30,6464
2014,中鴻,22,1,21,大昌-新店,2023-11-30,6464
4102,永日,21,0,21,大昌-新店,2023-11-30,6464
2329,華泰,251,230,21,大昌-新店,2023-11-30,6464
2409,友達,71,50,21,大昌-新店,2023-11-30,6464
2363,矽統,28,8,20,大昌-新店,2023-11-30,6464
4114,健喬,31,11,20,大昌-新店,2023-11-30,6464
00664R,國泰臺灣加權反1,21,2,19,大昌-新店,2023-11-30,6464
1316,上曜,23,6,17,大昌-新店,2023-11-30,6464
2344,華邦電,58,42,16,大昌-新店,2023-11-30,6464
5324,士開,15,0,15,大昌-新店,2023-11-30,6464
00665L,富邦�琤肭磪囓�2,70,55,15,大昌-新店,2023-11-30,6464
00772B,中信高評級公司債,160,10,150,大昌-新店,2023-12-01,6464
00795B,中信美國公債20年,147,0,147,大昌-新店,2023-12-01,6464
00665L,富邦�琤肭磪囓�2,276,142,134,大昌-新店,2023-12-01,6464
00720B,元大投資級公司債,125,1,124,大昌-新店,2023-12-01,6464
00919,群益台灣精選高息,145,43,102,大昌-新店,2023-12-01,6464
3706,神達,121,20,101,大昌-新店,2023-12-01,6464
1234,黑松,100,0,100,大昌-新店,2023-12-01,6464
00688L,國泰20年美債正2,100,0,100,大昌-新店,2023-12-01,6464
2409,友達,90,6,84,大昌-新店,2023-12-01,6464
0061,元大寶滬深,82,0,82,大昌-新店,2023-12-01,6464
00878,國泰永續高股息,84,2,82,大昌-新店,2023-12-01,6464
2376,技嘉,80,9,71,大昌-新店,2023-12-01,6464
6233,旺玖,92,24,68,大昌-新店,2023-12-01,6464
4164,承業醫,61,0,61,大昌-新店,2023-12-01,6464
4420,光明,58,1,57,大昌-新店,2023-12-01,6464
00753L,中信中國50正2,55,0,55,大昌-新店,2023-12-01,6464
00637L,元大滬深300正2,165,112,53,大昌-新店,2023-12-01,6464
2369,菱生,56,4,52,大昌-新店,2023-12-01,6464
2883,凱基金,183,132,51,大昌-新店,2023-12-01,6464
2886,兆豐金,55,7,48,大昌-新店,2023-12-01,6464
3481,群創,56,11,45,大昌-新店,2023-12-01,6464
2356,英業達,46,7,39,大昌-新店,2023-12-01,6464
00633L,富邦上証正2,48,10,38,大昌-新店,2023-12-01,6464
00632R,元大台灣50反1,33,1,32,大昌-新店,2023-12-01,6464
2002,中鋼,34,5,29,大昌-新店,2023-12-01,6464
5328,華容,60,31,29,大昌-新店,2023-12-01,6464
00679B,元大美債20年,29,2,27,大昌-新店,2023-12-01,6464
3231,緯創,97,70,27,大昌-新店,2023-12-01,6464
1616,億泰,27,1,26,大昌-新店,2023-12-01,6464
1514,亞力,28,2,26,大昌-新店,2023-12-01,6464
3437,榮創,29,4,25,大昌-新店,2023-12-01,6464
2516,新建,25,0,25,大昌-新店,2023-12-01,6464
8215,明基材,25,0,25,大昌-新店,2023-12-01,6464
00882,中信中國高股息,24,0,24,大昌-新店,2023-12-01,6464
2887,台新金,25,1,24,大昌-新店,2023-12-01,6464
8088,品安,24,2,22,大昌-新店,2023-12-01,6464
00680L,元大美債20正2,22,0,22,大昌-新店,2023-12-01,6464
6108,競國,28,6,22,大昌-新店,2023-12-01,6464
3555,博士旺,20,0,20,大昌-新店,2023-12-01,6464
4904,遠傳,21,1,20,大昌-新店,2023-12-01,6464
020039,元大加權N,20,0,20,大昌-新店,2023-12-01,6464
2882,國泰金,27,7,20,大昌-新店,2023-12-01,6464
3058,立德,20,0,20,大昌-新店,2023-12-01,6464
2324,仁寶,21,1,20,大昌-新店,2023-12-01,6464
2903,遠百,19,0,19,大昌-新店,2023-12-01,6464
2313,華通,50,32,18,大昌-新店,2023-12-01,6464
2413,環科,21,3,18,大昌-新店,2023-12-01,6464
00664R,國泰臺灣加權反1,18,0,18,大昌-新店,2023-12-01,6464
00931B,統一美債20年,18,0,18,大昌-新店,2023-12-01,6464
4114,健喬,73,57,16,大昌-新店,2023-12-01,6464
2883,凱基金,819,57,762,大昌-新店,2023-12-04,6464
00919,群益台灣精選高息,201,32,169,大昌-新店,2023-12-04,6464
1234,黑松,122,1,121,大昌-新店,2023-12-04,6464
1605,華新,98,15,83,大昌-新店,2023-12-04,6464
00918,大華優利高填息30,76,0,76,大昌-新店,2023-12-04,6464
3390,旭軟,79,7,72,大昌-新店,2023-12-04,6464
8210,勤誠,73,18,55,大昌-新店,2023-12-04,6464
1101,台泥,56,3,53,大昌-新店,2023-12-04,6464
00720B,元大投資級公司債,53,0,53,大昌-新店,2023-12-04,6464
00915,凱基優選高股息30,52,0,52,大昌-新店,2023-12-04,6464
00664R,國泰臺灣加權反1,46,0,46,大昌-新店,2023-12-04,6464
2867,三商壽,80,35,45,大昌-新店,2023-12-04,6464
5498,凱崴,45,0,45,大昌-新店,2023-12-04,6464
5347,世界,62,19,43,大昌-新店,2023-12-04,6464
00752,中信中國50,43,0,43,大昌-新店,2023-12-04,6464
00687B,國泰20年美債,48,5,43,大昌-新店,2023-12-04,6464
1504,東元,51,8,43,大昌-新店,2023-12-04,6464
3078,僑威,70,28,42,大昌-新店,2023-12-04,6464
00882,中信中國高股息,48,8,40,大昌-新店,2023-12-04,6464
2889,國票金,100,66,34,大昌-新店,2023-12-04,6464
2515,中工,38,4,34,大昌-新店,2023-12-04,6464
3483,力致,39,6,33,大昌-新店,2023-12-04,6464
3706,神達,47,15,32,大昌-新店,2023-12-04,6464
00642U,期元大S＆P石油,32,0,32,大昌-新店,2023-12-04,6464
00751B,元大AAA至A公司債,31,0,31,大昌-新店,2023-12-04,6464
3122,笙泉,32,2,30,大昌-新店,2023-12-04,6464
00933B,國泰10Y+金融債,27,0,27,大昌-新店,2023-12-04,6464
3050,鈺德,38,12,26,大昌-新店,2023-12-04,6464
8271,宇瞻,27,1,26,大昌-新店,2023-12-04,6464
3005,神基,39,14,25,大昌-新店,2023-12-04,6464
6182,合晶,24,1,23,大昌-新店,2023-12-04,6464
9919,康那香,49,26,23,大昌-新店,2023-12-04,6464
3715,定穎投控,43,21,22,大昌-新店,2023-12-04,6464
2332,友訊,31,9,22,大昌-新店,2023-12-04,6464
2419,仲琦,22,0,22,大昌-新店,2023-12-04,6464
00900,富邦特選高股息30,23,2,21,大昌-新店,2023-12-04,6464
00706L,期元大S＆P日圓正2,20,0,20,大昌-新店,2023-12-04,6464
3557,嘉威,20,0,20,大昌-新店,2023-12-04,6464
2891,中信金,21,1,20,大昌-新店,2023-12-04,6464
6122,擎邦,22,2,20,大昌-新店,2023-12-04,6464
2208,台船,22,2,20,大昌-新店,2023-12-04,6464
6233,旺玖,31,12,19,大昌-新店,2023-12-04,6464
1582,信錦,35,16,19,大昌-新店,2023-12-04,6464
2421,建準,35,16,19,大昌-新店,2023-12-04,6464
1806,冠軍,19,0,19,大昌-新店,2023-12-04,6464
6282,康舒,23,4,19,大昌-新店,2023-12-04,6464
3017,奇鋐,25,6,19,大昌-新店,2023-12-04,6464
6117,迎廣,37,19,18,大昌-新店,2023-12-04,6464
1815,富喬,27,9,18,大昌-新店,2023-12-04,6464
3625,西勝,20,2,18,大昌-新店,2023-12-04,6464
00937B,群益ESG投等債20,528,80,448,大昌-新店,2023-12-05,6464
00919,群益台灣精選高息,442,41,401,大昌-新店,2023-12-05,6464
00929,復華台灣科技優息,299,64,235,大昌-新店,2023-12-05,6464
2610,華航,228,18,210,大昌-新店,2023-12-05,6464
00882,中信中國高股息,178,6,172,大昌-新店,2023-12-05,6464
00918,大華優利高填息30,117,1,116,大昌-新店,2023-12-05,6464
2641,正德,132,57,75,大昌-新店,2023-12-05,6464
2371,大同,81,13,68,大昌-新店,2023-12-05,6464
00864B,中信美國公債0-1,58,0,58,大昌-新店,2023-12-05,6464
1504,東元,60,3,57,大昌-新店,2023-12-05,6464
00650L,復華香港正2,52,2,50,大昌-新店,2023-12-05,6464
4533,協易機,51,2,49,大昌-新店,2023-12-05,6464
5222,全訊,42,0,42,大昌-新店,2023-12-05,6464
00687B,國泰20年美債,51,11,40,大昌-新店,2023-12-05,6464
3041,揚智,43,4,39,大昌-新店,2023-12-05,6464
3231,緯創,147,109,38,大昌-新店,2023-12-05,6464
3363,上詮,40,2,38,大昌-新店,2023-12-05,6464
2883,凱基金,50,13,37,大昌-新店,2023-12-05,6464
00637L,元大滬深300正2,97,61,36,大昌-新店,2023-12-05,6464
00633L,富邦上証正2,39,4,35,大昌-新店,2023-12-05,6464
00935,野村臺灣新科技50,34,1,33,大昌-新店,2023-12-05,6464
1234,黑松,33,0,33,大昌-新店,2023-12-05,6464
00933B,國泰10Y+金融債,31,0,31,大昌-新店,2023-12-05,6464
2363,矽統,47,17,30,大昌-新店,2023-12-05,6464
3264,欣銓,36,6,30,大昌-新店,2023-12-05,6464
2344,華邦電,31,2,29,大昌-新店,2023-12-05,6464
2303,聯電,45,18,27,大昌-新店,2023-12-05,6464
1605,華新,58,31,27,大昌-新店,2023-12-05,6464
00712,復華富時不動產,37,10,27,大昌-新店,2023-12-05,6464
3260,威剛,38,12,26,大昌-新店,2023-12-05,6464
00669R,國泰美國道瓊反1,25,0,25,大昌-新店,2023-12-05,6464
00680L,元大美債20正2,25,0,25,大昌-新店,2023-12-05,6464
00850,元大臺灣ESG永續,25,0,25,大昌-新店,2023-12-05,6464
00934,中信成長高股息,25,1,24,大昌-新店,2023-12-05,6464
1802,台玻,25,1,24,大昌-新店,2023-12-05,6464
2882,國泰金,22,0,22,大昌-新店,2023-12-05,6464
00720B,元大投資級公司債,24,2,22,大昌-新店,2023-12-05,6464
1513,中興電,255,233,22,大昌-新店,2023-12-05,6464
4114,健喬,43,21,22,大昌-新店,2023-12-05,6464
3049,精金,21,0,21,大昌-新店,2023-12-05,6464
6494,九齊,20,0,20,大昌-新店,2023-12-05,6464
00922,國泰台灣領袖50,20,0,20,大昌-新店,2023-12-05,6464
00652,富邦印度,20,0,20,大昌-新店,2023-12-05,6464
6140,訊達,20,0,20,大昌-新店,2023-12-05,6464
5608,四維航,75,56,19,大昌-新店,2023-12-05,6464
3141,晶宏,19,0,19,大昌-新店,2023-12-05,6464
5880,合庫金,20,1,19,大昌-新店,2023-12-05,6464
1815,富喬,18,0,18,大昌-新店,2023-12-05,6464
2455,全新,22,5,17,大昌-新店,2023-12-05,6464
2462,良得電,29,12,17,大昌-新店,2023-12-05,6464
00937B,群益ESG投等債20,250,24,226,大昌-新店,2023-12-06,6464
2889,國票金,208,0,208,大昌-新店,2023-12-06,6464
2605,新興,141,35,106,大昌-新店,2023-12-06,6464
3050,鈺德,125,30,95,大昌-新店,2023-12-06,6464
2888,新光金,87,2,85,大昌-新店,2023-12-06,6464
3312,弘憶股,101,16,85,大昌-新店,2023-12-06,6464
2409,友達,99,14,85,大昌-新店,2023-12-06,6464
00720B,元大投資級公司債,75,0,75,大昌-新店,2023-12-06,6464
00712,復華富時不動產,56,3,53,大昌-新店,2023-12-06,6464
6026,福邦證,50,0,50,大昌-新店,2023-12-06,6464
2812,台中銀,54,7,47,大昌-新店,2023-12-06,6464
1513,中興電,90,46,44,大昌-新店,2023-12-06,6464
3481,群創,50,7,43,大昌-新店,2023-12-06,6464
00632R,元大台灣50反1,44,1,43,大昌-新店,2023-12-06,6464
5426,振發,50,9,41,大昌-新店,2023-12-06,6464
6282,康舒,74,34,40,大昌-新店,2023-12-06,6464
2303,聯電,45,8,37,大昌-新店,2023-12-06,6464
2329,華泰,140,105,35,大昌-新店,2023-12-06,6464
2406,國碩,34,0,34,大昌-新店,2023-12-06,6464
2313,華通,37,4,33,大昌-新店,2023-12-06,6464
1201,味全,38,6,32,大昌-新店,2023-12-06,6464
00929,復華台灣科技優息,101,70,31,大昌-新店,2023-12-06,6464
00680L,元大美債20正2,31,0,31,大昌-新店,2023-12-06,6464
1815,富喬,53,23,30,大昌-新店,2023-12-06,6464
5465,富驊,37,7,30,大昌-新店,2023-12-06,6464
2609,陽明,46,17,29,大昌-新店,2023-12-06,6464
6233,旺玖,46,19,27,大昌-新店,2023-12-06,6464
1522,堤維西,51,24,27,大昌-新店,2023-12-06,6464
2641,正德,56,29,27,大昌-新店,2023-12-06,6464
2421,建準,31,6,25,大昌-新店,2023-12-06,6464
2371,大同,40,15,25,大昌-新店,2023-12-06,6464
2354,鴻準,27,3,24,大昌-新店,2023-12-06,6464
2408,南亞科,28,4,24,大昌-新店,2023-12-06,6464
00751B,元大AAA至A公司債,23,0,23,大昌-新店,2023-12-06,6464
2485,兆赫,33,10,23,大昌-新店,2023-12-06,6464
6143,振曜,40,17,23,大昌-新店,2023-12-06,6464
6278,台表科,22,0,22,大昌-新店,2023-12-06,6464
4938,和碩,21,0,21,大昌-新店,2023-12-06,6464
1514,亞力,77,56,21,大昌-新店,2023-12-06,6464
00637L,元大滬深300正2,149,128,21,大昌-新店,2023-12-06,6464
2520,冠德,20,0,20,大昌-新店,2023-12-06,6464
2413,環科,20,1,19,大昌-新店,2023-12-06,6464
8289,泰藝,20,1,19,大昌-新店,2023-12-06,6464
1524,耿鼎,24,6,18,大昌-新店,2023-12-06,6464
00687B,國泰20年美債,33,15,18,大昌-新店,2023-12-06,6464
6117,迎廣,60,43,17,大昌-新店,2023-12-06,6464
1605,華新,71,55,16,大昌-新店,2023-12-06,6464
6446,藥華藥,23,7,16,大昌-新店,2023-12-06,6464
00933B,國泰10Y+金融債,17,1,16,大昌-新店,2023-12-06,6464
00857B,永豐20年美公債,27,12,15,大昌-新店,2023-12-06,6464
2903,遠百,777,0,777,大昌-新店,2023-12-07,6464
00919,群益台灣精選高息,382,16,366,大昌-新店,2023-12-07,6464
00937B,群益ESG投等債20,310,65,245,大昌-新店,2023-12-07,6464
00679B,元大美債20年,228,20,208,大昌-新店,2023-12-07,6464
2882,國泰金,131,0,131,大昌-新店,2023-12-07,6464
8921,沈氏,120,0,120,大昌-新店,2023-12-07,6464
5272,笙科,104,1,103,大昌-新店,2023-12-07,6464
00712,復華富時不動產,103,0,103,大昌-新店,2023-12-07,6464
2897,王道銀行,100,6,94,大昌-新店,2023-12-07,6464
1612,宏泰,91,4,87,大昌-新店,2023-12-07,6464
2889,國票金,107,25,82,大昌-新店,2023-12-07,6464
00882,中信中國高股息,87,5,82,大昌-新店,2023-12-07,6464
2303,聯電,85,9,76,大昌-新店,2023-12-07,6464
00687B,國泰20年美債,151,88,63,大昌-新店,2023-12-07,6464
00680L,元大美債20正2,66,5,61,大昌-新店,2023-12-07,6464
9905,大華,61,0,61,大昌-新店,2023-12-07,6464
00652,富邦印度,61,0,61,大昌-新店,2023-12-07,6464
00642U,期元大S＆P石油,61,6,55,大昌-新店,2023-12-07,6464
00857B,永豐20年美公債,55,1,54,大昌-新店,2023-12-07,6464
00918,大華優利高填息30,50,2,48,大昌-新店,2023-12-07,6464
2888,新光金,62,20,42,大昌-新店,2023-12-07,6464
00650L,復華香港正2,69,30,39,大昌-新店,2023-12-07,6464
2610,華航,64,26,38,大昌-新店,2023-12-07,6464
00878,國泰永續高股息,64,28,36,大昌-新店,2023-12-07,6464
2474,可成,36,0,36,大昌-新店,2023-12-07,6464
2344,華邦電,37,1,36,大昌-新店,2023-12-07,6464
1618,合機,77,42,35,大昌-新店,2023-12-07,6464
8046,南電,34,0,34,大昌-新店,2023-12-07,6464
2359,所羅門,45,13,32,大昌-新店,2023-12-07,6464
2641,正德,40,8,32,大昌-新店,2023-12-07,6464
2401,凌陽,39,8,31,大昌-新店,2023-12-07,6464
00715L,期街口布蘭特正2,36,5,31,大昌-新店,2023-12-07,6464
2455,全新,51,21,30,大昌-新店,2023-12-07,6464
00637L,元大滬深300正2,230,200,30,大昌-新店,2023-12-07,6464
2409,友達,31,2,29,大昌-新店,2023-12-07,6464
4157,太景*-KY,28,0,28,大昌-新店,2023-12-07,6464
2101,南港,27,0,27,大昌-新店,2023-12-07,6464
2609,陽明,29,2,27,大昌-新店,2023-12-07,6464
6243,迅杰,63,37,26,大昌-新店,2023-12-07,6464
1503,士電,69,44,25,大昌-新店,2023-12-07,6464
00688L,國泰20年美債正2,25,0,25,大昌-新店,2023-12-07,6464
3260,威剛,32,8,24,大昌-新店,2023-12-07,6464
3035,智原,41,18,23,大昌-新店,2023-12-07,6464
2515,中工,23,0,23,大昌-新店,2023-12-07,6464
00850,元大臺灣ESG永續,25,3,22,大昌-新店,2023-12-07,6464
2233,宇隆,22,1,21,大昌-新店,2023-12-07,6464
2633,台灣高鐵,31,11,20,大昌-新店,2023-12-07,6464
2537,聯上發,20,0,20,大昌-新店,2023-12-07,6464
3665,貿聯-KY,20,0,20,大昌-新店,2023-12-07,6464
3489,森寶,20,0,20,大昌-新店,2023-12-07,6464
00680L,元大美債20正2,1052,0,1052,大昌-新店,2023-12-08,6464
3532,台勝科,522,5,517,大昌-新店,2023-12-08,6464
2903,遠百,280,0,280,大昌-新店,2023-12-08,6464
00882,中信中國高股息,122,1,121,大昌-新店,2023-12-08,6464
2867,三商壽,103,0,103,大昌-新店,2023-12-08,6464
3287,廣寰科,86,1,85,大昌-新店,2023-12-08,6464
9105,泰金寶-DR,85,0,85,大昌-新店,2023-12-08,6464
00937B,群益ESG投等債20,109,33,76,大昌-新店,2023-12-08,6464
2376,技嘉,131,58,73,大昌-新店,2023-12-08,6464
00933B,國泰10Y+金融債,62,0,62,大昌-新店,2023-12-08,6464
00900,富邦特選高股息30,66,11,55,大昌-新店,2023-12-08,6464
00633L,富邦上証正2,59,4,55,大昌-新店,2023-12-08,6464
4167,松瑞藥,53,1,52,大昌-新店,2023-12-08,6464
2516,新建,51,2,49,大昌-新店,2023-12-08,6464
6016,康和證,50,1,49,大昌-新店,2023-12-08,6464
00637L,元大滬深300正2,72,24,48,大昌-新店,2023-12-08,6464
2331,精英,53,18,35,大昌-新店,2023-12-08,6464
00664R,國泰臺灣加權反1,35,0,35,大昌-新店,2023-12-08,6464
3481,群創,84,49,35,大昌-新店,2023-12-08,6464
00720B,元大投資級公司債,33,0,33,大昌-新店,2023-12-08,6464
2409,友達,39,7,32,大昌-新店,2023-12-08,6464
2882,國泰金,33,1,32,大昌-新店,2023-12-08,6464
2618,長榮航,196,164,32,大昌-新店,2023-12-08,6464
1605,華新,41,10,31,大昌-新店,2023-12-08,6464
3231,緯創,104,73,31,大昌-新店,2023-12-08,6464
6278,台表科,30,0,30,大昌-新店,2023-12-08,6464
2382,廣達,85,55,30,大昌-新店,2023-12-08,6464
2449,京元電子,30,2,28,大昌-新店,2023-12-08,6464
00931B,統一美債20年,32,4,28,大昌-新店,2023-12-08,6464
2605,新興,198,170,28,大昌-新店,2023-12-08,6464
5521,工信,87,60,27,大昌-新店,2023-12-08,6464
00715L,期街口布蘭特正2,45,19,26,大昌-新店,2023-12-08,6464
5347,世界,28,3,25,大昌-新店,2023-12-08,6464
6143,振曜,31,6,25,大昌-新店,2023-12-08,6464
2359,所羅門,30,5,25,大昌-新店,2023-12-08,6464
8996,高力,61,37,24,大昌-新店,2023-12-08,6464
2634,漢翔,29,6,23,大昌-新店,2023-12-08,6464
1314,中石化,42,19,23,大昌-新店,2023-12-08,6464
2485,兆赫,32,9,23,大昌-新店,2023-12-08,6464
2314,台揚,27,5,22,大昌-新店,2023-12-08,6464
6288,聯嘉,21,0,21,大昌-新店,2023-12-08,6464
1815,富喬,27,6,21,大昌-新店,2023-12-08,6464
4906,正文,29,11,18,大昌-新店,2023-12-08,6464
2303,聯電,30,12,18,大昌-新店,2023-12-08,6464
2542,興富發,17,0,17,大昌-新店,2023-12-08,6464
00676R,富邦臺灣加權反1,17,0,17,大昌-新店,2023-12-08,6464
00632R,元大台灣50反1,16,0,16,大昌-新店,2023-12-08,6464
5608,四維航,18,3,15,大昌-新店,2023-12-08,6464
3276,宇環,15,0,15,大昌-新店,2023-12-08,6464
00712,復華富時不動產,17,2,15,大昌-新店,2023-12-08,6464
2888,新光金,189,0,189,大昌-新店,2023-12-11,6464
00652,富邦印度,150,0,150,大昌-新店,2023-12-11,6464
00864B,中信美國公債0-1,150,6,144,大昌-新店,2023-12-11,6464
00712,復華富時不動產,129,20,109,大昌-新店,2023-12-11,6464
2883,凱基金,91,6,85,大昌-新店,2023-12-11,6464
3287,廣寰科,85,3,82,大昌-新店,2023-12-11,6464
00929,復華台灣科技優息,91,10,81,大昌-新店,2023-12-11,6464
2618,長榮航,110,31,79,大昌-新店,2023-12-11,6464
6143,振曜,84,8,76,大昌-新店,2023-12-11,6464
00687B,國泰20年美債,71,3,68,大昌-新店,2023-12-11,6464
00937B,群益ESG投等債20,77,10,67,大昌-新店,2023-12-11,6464
2002,中鋼,75,8,67,大昌-新店,2023-12-11,6464
00882,中信中國高股息,71,6,65,大昌-新店,2023-12-11,6464
2605,新興,116,51,65,大昌-新店,2023-12-11,6464
00919,群益台灣精選高息,118,62,56,大昌-新店,2023-12-11,6464
1524,耿鼎,90,38,52,大昌-新店,2023-12-11,6464
2388,威盛,76,33,43,大昌-新店,2023-12-11,6464
6142,友勁,40,0,40,大昌-新店,2023-12-11,6464
2409,友達,59,24,35,大昌-新店,2023-12-11,6464
00878,國泰永續高股息,40,8,32,大昌-新店,2023-12-11,6464
2516,新建,37,7,30,大昌-新店,2023-12-11,6464
00679B,元大美債20年,29,0,29,大昌-新店,2023-12-11,6464
3094,聯傑,35,6,29,大昌-新店,2023-12-11,6464
2882,國泰金,29,1,28,大昌-新店,2023-12-11,6464
4906,正文,29,2,27,大昌-新店,2023-12-11,6464
00713,元大台灣高息低波,30,4,26,大昌-新店,2023-12-11,6464
2465,麗臺,30,4,26,大昌-新店,2023-12-11,6464
4109,加捷生醫,25,0,25,大昌-新店,2023-12-11,6464
00918,大華優利高填息30,33,8,25,大昌-新店,2023-12-11,6464
00753L,中信中國50正2,23,0,23,大昌-新店,2023-12-11,6464
00632R,元大台灣50反1,22,0,22,大昌-新店,2023-12-11,6464
3231,緯創,90,69,21,大昌-新店,2023-12-11,6464
5471,松翰,21,0,21,大昌-新店,2023-12-11,6464
00706L,期元大S＆P日圓正2,21,0,21,大昌-新店,2023-12-11,6464
6122,擎邦,21,0,21,大昌-新店,2023-12-11,6464
0061,元大寶滬深,30,10,20,大昌-新店,2023-12-11,6464
00688L,國泰20年美債正2,20,0,20,大昌-新店,2023-12-11,6464
00665L,富邦�琤肭磪囓�2,19,0,19,大昌-新店,2023-12-11,6464
4167,松瑞藥,20,2,18,大昌-新店,2023-12-11,6464
00680L,元大美債20正2,18,0,18,大昌-新店,2023-12-11,6464
3078,僑威,30,13,17,大昌-新店,2023-12-11,6464
6005,群益證,16,0,16,大昌-新店,2023-12-11,6464
2031,新光鋼,16,0,16,大昌-新店,2023-12-11,6464
5210,寶碩,32,16,16,大昌-新店,2023-12-11,6464
1312,國喬,24,8,16,大昌-新店,2023-12-11,6464
2542,興富發,16,0,16,大昌-新店,2023-12-11,6464
3013,晟銘電,23,8,15,大昌-新店,2023-12-11,6464
3516,亞帝歐,19,4,15,大昌-新店,2023-12-11,6464
1314,中石化,17,2,15,大昌-新店,2023-12-11,6464
5244,弘凱,14,0,14,大昌-新店,2023-12-11,6464
1608,華榮,179,20,159,大昌-新店,2023-12-12,6464
00720B,元大投資級公司債,142,3,139,大昌-新店,2023-12-12,6464
00687B,國泰20年美債,112,1,111,大昌-新店,2023-12-12,6464
5011,久陽,86,0,86,大昌-新店,2023-12-12,6464
3481,群創,77,12,65,大昌-新店,2023-12-12,6464
00918,大華優利高填息30,82,19,63,大昌-新店,2023-12-12,6464
8096,擎亞,87,24,63,大昌-新店,2023-12-12,6464
2615,萬海,68,6,62,大昌-新店,2023-12-12,6464
00706L,期元大S＆P日圓正2,60,0,60,大昌-新店,2023-12-12,6464
00929,復華台灣科技優息,103,45,58,大昌-新店,2023-12-12,6464
2888,新光金,57,0,57,大昌-新店,2023-12-12,6464
6125,廣運,53,2,51,大昌-新店,2023-12-12,6464
8011,台通,51,4,47,大昌-新店,2023-12-12,6464
00633L,富邦上証正2,47,2,45,大昌-新店,2023-12-12,6464
00937B,群益ESG投等債20,87,42,45,大昌-新店,2023-12-12,6464
00679B,元大美債20年,57,12,45,大昌-新店,2023-12-12,6464
00632R,元大台灣50反1,40,0,40,大昌-新店,2023-12-12,6464
2419,仲琦,54,18,36,大昌-新店,2023-12-12,6464
2887,台新金,35,0,35,大昌-新店,2023-12-12,6464
00921,兆豐龍頭等權重,36,1,35,大昌-新店,2023-12-12,6464
1618,合機,78,44,34,大昌-新店,2023-12-12,6464
4960,誠美材,40,7,33,大昌-新店,2023-12-12,6464
2002,中鋼,39,6,33,大昌-新店,2023-12-12,6464
2609,陽明,57,27,30,大昌-新店,2023-12-12,6464
1504,東元,35,7,28,大昌-新店,2023-12-12,6464
2353,宏��,48,20,28,大昌-新店,2023-12-12,6464
2515,中工,28,1,27,大昌-新店,2023-12-12,6464
2605,新興,40,14,26,大昌-新店,2023-12-12,6464
2401,凌陽,36,10,26,大昌-新店,2023-12-12,6464
3005,神基,24,1,23,大昌-新店,2023-12-12,6464
2308,台達電,23,1,22,大昌-新店,2023-12-12,6464
00641R,富邦日本反1,20,0,20,大昌-新店,2023-12-12,6464
00664R,國泰臺灣加權反1,22,2,20,大昌-新店,2023-12-12,6464
2537,聯上發,20,0,20,大昌-新店,2023-12-12,6464
8404,百和興業-KY,20,0,20,大昌-新店,2023-12-12,6464
1324,地球,18,0,18,大昌-新店,2023-12-12,6464
00882,中信中國高股息,26,8,18,大昌-新店,2023-12-12,6464
6143,振曜,18,1,17,大昌-新店,2023-12-12,6464
3380,明泰,38,22,16,大昌-新店,2023-12-12,6464
2377,微星,18,2,16,大昌-新店,2023-12-12,6464
3374,精材,17,1,16,大昌-新店,2023-12-12,6464
8088,品安,22,6,16,大昌-新店,2023-12-12,6464
3078,僑威,19,3,16,大昌-新店,2023-12-12,6464
6282,康舒,36,21,15,大昌-新店,2023-12-12,6464
2816,旺旺保,15,0,15,大昌-新店,2023-12-12,6464
00933B,國泰10Y+金融債,15,0,15,大昌-新店,2023-12-12,6464
2382,廣達,73,59,14,大昌-新店,2023-12-12,6464
4908,前鼎,18,4,14,大昌-新店,2023-12-12,6464
2344,華邦電,14,0,14,大昌-新店,2023-12-12,6464
2436,偉詮電,17,3,14,大昌-新店,2023-12-12,6464
00687B,國泰20年美債,200,0,200,大昌-新店,2023-12-13,6464
00720B,元大投資級公司債,183,2,181,大昌-新店,2023-12-13,6464
00919,群益台灣精選高息,230,98,132,大昌-新店,2023-12-13,6464
00937B,群益ESG投等債20,163,40,123,大昌-新店,2023-12-13,6464
00929,復華台灣科技優息,143,26,117,大昌-新店,2023-12-13,6464
00918,大華優利高填息30,114,10,104,大昌-新店,2023-12-13,6464
00772B,中信高評級公司債,82,0,82,大昌-新店,2023-12-13,6464
2867,三商壽,100,25,75,大昌-新店,2023-12-13,6464
5011,久陽,101,28,73,大昌-新店,2023-12-13,6464
2883,凱基金,73,6,67,大昌-新店,2023-12-13,6464
4714,永捷,60,0,60,大昌-新店,2023-12-13,6464
00715L,期街口布蘭特正2,70,10,60,大昌-新店,2023-12-13,6464
00632R,元大台灣50反1,61,5,56,大昌-新店,2023-12-13,6464
00933B,國泰10Y+金融債,56,0,56,大昌-新店,2023-12-13,6464
3050,鈺德,54,1,53,大昌-新店,2023-12-13,6464
00642U,期元大S＆P石油,54,3,51,大昌-新店,2023-12-13,6464
5531,鄉林,50,0,50,大昌-新店,2023-12-13,6464
2359,所羅門,50,0,50,大昌-新店,2023-12-13,6464
8011,台通,73,25,48,大昌-新店,2023-12-13,6464
2618,長榮航,144,99,45,大昌-新店,2023-12-13,6464
2634,漢翔,52,8,44,大昌-新店,2023-12-13,6464
00882,中信中國高股息,53,11,42,大昌-新店,2023-12-13,6464
6282,康舒,51,9,42,大昌-新店,2023-12-13,6464
3312,弘憶股,40,1,39,大昌-新店,2023-12-13,6464
2002,中鋼,65,28,37,大昌-新店,2023-12-13,6464
0061,元大寶滬深,34,0,34,大昌-新店,2023-12-13,6464
00665L,富邦�琤肭磪囓�2,35,2,33,大昌-新店,2023-12-13,6464
2888,新光金,30,0,30,大昌-新店,2023-12-13,6464
2885,元大金,30,0,30,大昌-新店,2023-12-13,6464
2201,裕隆,42,13,29,大昌-新店,2023-12-13,6464
00679B,元大美債20年,29,2,27,大昌-新店,2023-12-13,6464
3481,群創,54,29,25,大昌-新店,2023-12-13,6464
6104,創惟,26,3,23,大昌-新店,2023-12-13,6464
1584,精剛,27,4,23,大昌-新店,2023-12-13,6464
2616,山隆,22,0,22,大昌-新店,2023-12-13,6464
3706,神達,114,92,22,大昌-新店,2023-12-13,6464
1802,台玻,20,0,20,大昌-新店,2023-12-13,6464
2611,志信,30,10,20,大昌-新店,2023-12-13,6464
2353,宏��,117,97,20,大昌-新店,2023-12-13,6464
2062,橋椿,20,0,20,大昌-新店,2023-12-13,6464
2610,華航,36,16,20,大昌-新店,2023-12-13,6464
1303,南亞,20,1,19,大昌-新店,2023-12-13,6464
3234,光環,20,2,18,大昌-新店,2023-12-13,6464
3035,智原,39,21,18,大昌-新店,2023-12-13,6464
2515,中工,154,136,18,大昌-新店,2023-12-13,6464
3078,僑威,18,0,18,大昌-新店,2023-12-13,6464
2409,友達,29,11,18,大昌-新店,2023-12-13,6464
00934,中信成長高股息,18,0,18,大昌-新店,2023-12-13,6464
3013,晟銘電,21,4,17,大昌-新店,2023-12-13,6464
3437,榮創,20,3,17,大昌-新店,2023-12-13,6464
00632R,元大台灣50反1,262,55,207,大昌-新店,2023-12-14,6464
5328,華容,215,17,198,大昌-新店,2023-12-14,6464
00645,富邦日本,108,3,105,大昌-新店,2023-12-14,6464
00922,國泰台灣領袖50,77,1,76,大昌-新店,2023-12-14,6464
00933B,國泰10Y+金融債,78,10,68,大昌-新店,2023-12-14,6464
3231,緯創,103,39,64,大昌-新店,2023-12-14,6464
00915,凱基優選高股息30,63,2,61,大昌-新店,2023-12-14,6464
00706L,期元大S＆P日圓正2,70,10,60,大昌-新店,2023-12-14,6464
2313,華通,108,49,59,大昌-新店,2023-12-14,6464
2387,精元,68,10,58,大昌-新店,2023-12-14,6464
00936,台新永續高息中小,57,3,54,大昌-新店,2023-12-14,6464
3312,弘憶股,54,1,53,大昌-新店,2023-12-14,6464
2610,華航,72,21,51,大昌-新店,2023-12-14,6464
2329,華泰,74,26,48,大昌-新店,2023-12-14,6464
6290,良維,42,2,40,大昌-新店,2023-12-14,6464
2204,中華,43,4,39,大昌-新店,2023-12-14,6464
00652,富邦印度,37,0,37,大昌-新店,2023-12-14,6464
00931B,統一美債20年,57,21,36,大昌-新店,2023-12-14,6464
8011,台通,70,35,35,大昌-新店,2023-12-14,6464
00882,中信中國高股息,34,2,32,大昌-新店,2023-12-14,6464
4109,加捷生醫,32,0,32,大昌-新店,2023-12-14,6464
2887,台新金,50,19,31,大昌-新店,2023-12-14,6464
00637L,元大滬深300正2,31,0,31,大昌-新店,2023-12-14,6464
2883B,凱基金乙特,30,0,30,大昌-新店,2023-12-14,6464
00680L,元大美債20正2,89,60,29,大昌-新店,2023-12-14,6464
6026,福邦證,25,0,25,大昌-新店,2023-12-14,6464
5324,士開,25,0,25,大昌-新店,2023-12-14,6464
00633L,富邦上証正2,29,5,24,大昌-新店,2023-12-14,6464
3712,永崴投控,21,0,21,大昌-新店,2023-12-14,6464
2368,金像電,33,15,18,大昌-新店,2023-12-14,6464
2615,萬海,30,12,18,大昌-新店,2023-12-14,6464
6443,元晶,22,4,18,大昌-新店,2023-12-14,6464
2616,山隆,19,1,18,大昌-新店,2023-12-14,6464
2515,中工,89,72,17,大昌-新店,2023-12-14,6464
2606,裕民,19,2,17,大昌-新店,2023-12-14,6464
2455,全新,20,4,16,大昌-新店,2023-12-14,6464
1513,中興電,24,9,15,大昌-新店,2023-12-14,6464
00795B,中信美國公債20年,15,0,15,大昌-新店,2023-12-14,6464
3094,聯傑,21,6,15,大昌-新店,2023-12-14,6464
00902,中信電池及儲能,15,0,15,大昌-新店,2023-12-14,6464
2408,南亞科,27,13,14,大昌-新店,2023-12-14,6464
2352,佳世達,19,5,14,大昌-新店,2023-12-14,6464
2472,立隆電,23,9,14,大昌-新店,2023-12-14,6464
00676R,富邦臺灣加權反1,14,0,14,大昌-新店,2023-12-14,6464
3437,榮創,22,8,14,大昌-新店,2023-12-14,6464
3481,群創,28,15,13,大昌-新店,2023-12-14,6464
00885,富邦越南,18,5,13,大昌-新店,2023-12-14,6464
2543,皇昌,20,7,13,大昌-新店,2023-12-14,6464
3623,富晶通,13,0,13,大昌-新店,2023-12-14,6464
3019,亞光,17,4,13,大昌-新店,2023-12-14,6464
00918,大華優利高填息30,231,36,195,大昌-新店,2023-12-15,6464
00929,復華台灣科技優息,215,87,128,大昌-新店,2023-12-15,6464
2356,英業達,369,254,115,大昌-新店,2023-12-15,6464
00882,中信中國高股息,131,18,113,大昌-新店,2023-12-15,6464
00931B,統一美債20年,103,5,98,大昌-新店,2023-12-15,6464
6127,九豪,96,4,92,大昌-新店,2023-12-15,6464
00919,群益台灣精選高息,317,227,90,大昌-新店,2023-12-15,6464
00915,凱基優選高股息30,87,8,79,大昌-新店,2023-12-15,6464
00933B,國泰10Y+金融債,87,9,78,大昌-新店,2023-12-15,6464
3231,緯創,138,67,71,大昌-新店,2023-12-15,6464
00753L,中信中國50正2,115,45,70,大昌-新店,2023-12-15,6464
1308,亞聚,71,1,70,大昌-新店,2023-12-15,6464
2363,矽統,234,172,62,大昌-新店,2023-12-15,6464
2337,旺宏,92,32,60,大昌-新店,2023-12-15,6464
2412,中華電,53,0,53,大昌-新店,2023-12-15,6464
00632R,元大台灣50反1,71,20,51,大昌-新店,2023-12-15,6464
00655L,國泰中國A50正2,51,0,51,大昌-新店,2023-12-15,6464
00665L,富邦�琤肭磪囓�2,110,60,50,大昌-新店,2023-12-15,6464
3312,弘憶股,50,0,50,大昌-新店,2023-12-15,6464
2201,裕隆,61,11,50,大昌-新店,2023-12-15,6464
2641,正德,46,3,43,大昌-新店,2023-12-15,6464
00878,國泰永續高股息,58,17,41,大昌-新店,2023-12-15,6464
00637L,元大滬深300正2,74,33,41,大昌-新店,2023-12-15,6464
00937B,群益ESG投等債20,52,15,37,大昌-新店,2023-12-15,6464
5426,振發,38,3,35,大昌-新店,2023-12-15,6464
1513,中興電,38,4,34,大昌-新店,2023-12-15,6464
00857B,永豐20年美公債,34,0,34,大昌-新店,2023-12-15,6464
00645,富邦日本,40,7,33,大昌-新店,2023-12-15,6464
2498,宏達電,32,1,31,大昌-新店,2023-12-15,6464
5210,寶碩,34,3,31,大昌-新店,2023-12-15,6464
00751B,元大AAA至A公司債,26,0,26,大昌-新店,2023-12-15,6464
2382,廣達,45,20,25,大昌-新店,2023-12-15,6464
00713,元大台灣高息低波,28,3,25,大昌-新店,2023-12-15,6464
2401,凌陽,47,24,23,大昌-新店,2023-12-15,6464
8034,榮群,27,5,22,大昌-新店,2023-12-15,6464
2314,台揚,22,0,22,大昌-新店,2023-12-15,6464
8255,朋程,21,0,21,大昌-新店,2023-12-15,6464
00934,中信成長高股息,64,44,20,大昌-新店,2023-12-15,6464
5222,全訊,20,0,20,大昌-新店,2023-12-15,6464
00719B,元大美債1-3,20,0,20,大昌-新店,2023-12-15,6464
5324,士開,44,24,20,大昌-新店,2023-12-15,6464
1301,台塑,21,2,19,大昌-新店,2023-12-15,6464
2388,威盛,41,24,17,大昌-新店,2023-12-15,6464
3706,神達,22,5,17,大昌-新店,2023-12-15,6464
3265,台星科,22,6,16,大昌-新店,2023-12-15,6464
3035,智原,17,1,16,大昌-新店,2023-12-15,6464
1201,味全,20,4,16,大昌-新店,2023-12-15,6464
8011,台通,42,26,16,大昌-新店,2023-12-15,6464
1609,大亞,19,3,16,大昌-新店,2023-12-15,6464
00720B,元大投資級公司債,16,0,16,大昌-新店,2023-12-15,6464
2610,華航,721,29,692,大昌-新店,2023-12-18,6464
00919,群益台灣精選高息,322,26,296,大昌-新店,2023-12-18,6464
2618,長榮航,216,111,105,大昌-新店,2023-12-18,6464
00929,復華台灣科技優息,230,127,103,大昌-新店,2023-12-18,6464
2897,王道銀行,100,0,100,大昌-新店,2023-12-18,6464
00679B,元大美債20年,161,78,83,大昌-新店,2023-12-18,6464
2609,陽明,269,192,77,大昌-新店,2023-12-18,6464
2356,英業達,119,43,76,大昌-新店,2023-12-18,6464
00680L,元大美債20正2,102,26,76,大昌-新店,2023-12-18,6464
00712,復華富時不動產,79,17,62,大昌-新店,2023-12-18,6464
6770,力積電,72,13,59,大昌-新店,2023-12-18,6464
3481,群創,67,12,55,大昌-新店,2023-12-18,6464
00931B,統一美債20年,57,3,54,大昌-新店,2023-12-18,6464
2607,榮運,81,32,49,大昌-新店,2023-12-18,6464
6742,澤米,47,0,47,大昌-新店,2023-12-18,6464
4114,健喬,55,9,46,大昌-新店,2023-12-18,6464
2371,大同,70,26,44,大昌-新店,2023-12-18,6464
00678,群益那斯達克生技,42,0,42,大昌-新店,2023-12-18,6464
2002,中鋼,92,51,41,大昌-新店,2023-12-18,6464
2409,友達,41,1,40,大昌-新店,2023-12-18,6464
00921,兆豐龍頭等權重,35,0,35,大昌-新店,2023-12-18,6464
2344,華邦電,83,51,32,大昌-新店,2023-12-18,6464
00645,富邦日本,30,0,30,大昌-新店,2023-12-18,6464
8105,凌巨,30,0,30,大昌-新店,2023-12-18,6464
2913,農林,39,11,28,大昌-新店,2023-12-18,6464
2801,彰銀,33,5,28,大昌-新店,2023-12-18,6464
2331,精英,33,5,28,大昌-新店,2023-12-18,6464
2363,矽統,40,12,28,大昌-新店,2023-12-18,6464
2101,南港,25,0,25,大昌-新店,2023-12-18,6464
6142,友勁,30,5,25,大昌-新店,2023-12-18,6464
1609,大亞,27,3,24,大昌-新店,2023-12-18,6464
00936,台新永續高息中小,24,0,24,大昌-新店,2023-12-18,6464
2412,中華電,23,0,23,大昌-新店,2023-12-18,6464
8011,台通,25,2,23,大昌-新店,2023-12-18,6464
5515,建國,23,1,22,大昌-新店,2023-12-18,6464
5426,振發,23,1,22,大昌-新店,2023-12-18,6464
3105,穩懋,29,8,21,大昌-新店,2023-12-18,6464
2062,橋椿,22,1,21,大昌-新店,2023-12-18,6464
2201,裕隆,23,3,20,大昌-新店,2023-12-18,6464
00652,富邦印度,20,0,20,大昌-新店,2023-12-18,6464
2637,慧洋-KY,49,29,20,大昌-新店,2023-12-18,6464
00751B,元大AAA至A公司債,20,0,20,大昌-新店,2023-12-18,6464
2542,興富發,24,5,19,大昌-新店,2023-12-18,6464
5521,工信,56,37,19,大昌-新店,2023-12-18,6464
5324,士開,20,2,18,大昌-新店,2023-12-18,6464
2472,立隆電,20,3,17,大昌-新店,2023-12-18,6464
6237,驊訊,24,7,17,大昌-新店,2023-12-18,6464
2069,運錩,17,1,16,大昌-新店,2023-12-18,6464
1618,合機,19,3,16,大昌-新店,2023-12-18,6464
2605,新興,61,46,15,大昌-新店,2023-12-18,6464
2356,英業達,255,39,216,大昌-新店,2023-12-19,6464
00937B,群益ESG投等債20,256,48,208,大昌-新店,2023-12-19,6464
00919,群益台灣精選高息,261,91,170,大昌-新店,2023-12-19,6464
00680L,元大美債20正2,117,5,112,大昌-新店,2023-12-19,6464
2882,國泰金,85,0,85,大昌-新店,2023-12-19,6464
00929,復華台灣科技優息,587,522,65,大昌-新店,2023-12-19,6464
00918,大華優利高填息30,67,2,65,大昌-新店,2023-12-19,6464
2886,兆豐金,63,1,62,大昌-新店,2023-12-19,6464
5521,工信,78,20,58,大昌-新店,2023-12-19,6464
2888,新光金,53,0,53,大昌-新店,2023-12-19,6464
2344,華邦電,64,13,51,大昌-新店,2023-12-19,6464
2516,新建,51,1,50,大昌-新店,2023-12-19,6464
00655L,國泰中國A50正2,50,0,50,大昌-新店,2023-12-19,6464
00885,富邦越南,48,0,48,大昌-新店,2023-12-19,6464
00687B,國泰20年美債,93,47,46,大昌-新店,2023-12-19,6464
2618,長榮航,153,114,39,大昌-新店,2023-12-19,6464
2812,台中銀,46,10,36,大昌-新店,2023-12-19,6464
2201,裕隆,36,0,36,大昌-新店,2023-12-19,6464
2528,皇普,35,0,35,大昌-新店,2023-12-19,6464
6129,普誠,36,1,35,大昌-新店,2023-12-19,6464
2324,仁寶,52,19,33,大昌-新店,2023-12-19,6464
2387,精元,33,0,33,大昌-新店,2023-12-19,6464
1802,台玻,36,3,33,大昌-新店,2023-12-19,6464
2915,潤泰全,33,0,33,大昌-新店,2023-12-19,6464
2542,興富發,29,0,29,大昌-新店,2023-12-19,6464
1504,東元,41,15,26,大昌-新店,2023-12-19,6464
2607,榮運,29,3,26,大昌-新店,2023-12-19,6464
2101,南港,25,0,25,大昌-新店,2023-12-19,6464
3231,緯創,41,17,24,大昌-新店,2023-12-19,6464
3624,光頡,23,0,23,大昌-新店,2023-12-19,6464
1616,億泰,22,0,22,大昌-新店,2023-12-19,6464
8150,南茂,25,3,22,大昌-新店,2023-12-19,6464
1815,富喬,29,7,22,大昌-新店,2023-12-19,6464
2634,漢翔,23,2,21,大昌-新店,2023-12-19,6464
6016,康和證,20,0,20,大昌-新店,2023-12-19,6464
00645,富邦日本,20,0,20,大昌-新店,2023-12-19,6464
00678,群益那斯達克生技,20,0,20,大昌-新店,2023-12-19,6464
2535,達欣工,20,0,20,大昌-新店,2023-12-19,6464
2884,玉山金,45,26,19,大昌-新店,2023-12-19,6464
2303,聯電,45,26,19,大昌-新店,2023-12-19,6464
2610,華航,24,6,18,大昌-新店,2023-12-19,6464
5210,寶碩,26,8,18,大昌-新店,2023-12-19,6464
6191,精成科,38,21,17,大昌-新店,2023-12-19,6464
2007,燁興,21,4,17,大昌-新店,2023-12-19,6464
3576,聯合再生,20,3,17,大昌-新店,2023-12-19,6464
1451,年興,17,0,17,大昌-新店,2023-12-19,6464
00935,野村臺灣新科技50,17,0,17,大昌-新店,2023-12-19,6464
1312,國喬,21,4,17,大昌-新店,2023-12-19,6464
3265,台星科,22,7,15,大昌-新店,2023-12-19,6464
3706,神達,15,0,15,大昌-新店,2023-12-19,6464
00687B,國泰20年美債,196,0,196,大昌-新店,2023-12-20,6464
00720B,元大投資級公司債,132,0,132,大昌-新店,2023-12-20,6464
1102,亞泥,107,0,107,大昌-新店,2023-12-20,6464
00919,群益台灣精選高息,131,36,95,大昌-新店,2023-12-20,6464
2891,中信金,96,2,94,大昌-新店,2023-12-20,6464
1314,中石化,103,19,84,大昌-新店,2023-12-20,6464
00712,復華富時不動產,75,5,70,大昌-新店,2023-12-20,6464
2344,華邦電,58,13,45,大昌-新店,2023-12-20,6464
2883,凱基金,42,0,42,大昌-新店,2023-12-20,6464
2607,榮運,37,5,32,大昌-新店,2023-12-20,6464
4938,和碩,38,7,31,大昌-新店,2023-12-20,6464
00679B,元大美債20年,30,0,30,大昌-新店,2023-12-20,6464
2890,永豐金,40,10,30,大昌-新店,2023-12-20,6464
00669R,國泰美國道瓊反1,30,5,25,大昌-新店,2023-12-20,6464
00934,中信成長高股息,35,11,24,大昌-新店,2023-12-20,6464
2834,臺企銀,23,0,23,大昌-新店,2023-12-20,6464
1612,宏泰,22,0,22,大昌-新店,2023-12-20,6464
1342,八貫,21,0,21,大昌-新店,2023-12-20,6464
2363,矽統,44,24,20,大昌-新店,2023-12-20,6464
1815,富喬,51,31,20,大昌-新店,2023-12-20,6464
911622,泰聚亨-DR,20,0,20,大昌-新店,2023-12-20,6464
2014,中鴻,38,19,19,大昌-新店,2023-12-20,6464
1312,國喬,21,2,19,大昌-新店,2023-12-20,6464
8150,南茂,19,0,19,大昌-新店,2023-12-20,6464
2913,農林,19,1,18,大昌-新店,2023-12-20,6464
3264,欣銓,21,3,18,大昌-新店,2023-12-20,6464
2618,長榮航,54,37,17,大昌-新店,2023-12-20,6464
6285,啟��,23,6,17,大昌-新店,2023-12-20,6464
0061,元大寶滬深,21,4,17,大昌-新店,2023-12-20,6464
1905,華紙,30,14,16,大昌-新店,2023-12-20,6464
2892,第一金,15,0,15,大昌-新店,2023-12-20,6464
2408,南亞科,17,2,15,大昌-新店,2023-12-20,6464
2303,聯電,30,16,14,大昌-新店,2023-12-20,6464
4904,遠傳,14,0,14,大昌-新店,2023-12-20,6464
5515,建國,14,0,14,大昌-新店,2023-12-20,6464
2884,玉山金,13,0,13,大昌-新店,2023-12-20,6464
3548,兆利,25,12,13,大昌-新店,2023-12-20,6464
1524,耿鼎,13,0,13,大昌-新店,2023-12-20,6464
3390,旭軟,13,1,12,大昌-新店,2023-12-20,6464
3363,上詮,13,1,12,大昌-新店,2023-12-20,6464
3006,晶豪科,15,3,12,大昌-新店,2023-12-20,6464
3652,精聯,21,9,12,大昌-新店,2023-12-20,6464
8112,至上,33,21,12,大昌-新店,2023-12-20,6464
6275,元山,16,4,12,大昌-新店,2023-12-20,6464
1584,精剛,12,0,12,大昌-新店,2023-12-20,6464
3037,欣興,14,2,12,大昌-新店,2023-12-20,6464
2915,潤泰全,11,0,11,大昌-新店,2023-12-20,6464
4952,凌通,10,0,10,大昌-新店,2023-12-20,6464
5302,太欣,10,0,10,大昌-新店,2023-12-20,6464
3556,禾瑞亞,10,0,10,大昌-新店,2023-12-20,6464
2353,宏��,1485,222,1263,大昌-新店,2023-12-21,6464
00929,復華台灣科技優息,427,31,396,大昌-新店,2023-12-21,6464
00919,群益台灣精選高息,210,11,199,大昌-新店,2023-12-21,6464
9105,泰金寶-DR,133,29,104,大昌-新店,2023-12-21,6464
2880,華南金,100,7,93,大昌-新店,2023-12-21,6464
2801,彰銀,106,25,81,大昌-新店,2023-12-21,6464
3264,欣銓,79,13,66,大昌-新店,2023-12-21,6464
3611,鼎翰,52,0,52,大昌-新店,2023-12-21,6464
3346,麗清,101,59,42,大昌-新店,2023-12-21,6464
2201,裕隆,45,5,40,大昌-新店,2023-12-21,6464
00882,中信中國高股息,49,10,39,大昌-新店,2023-12-21,6464
5521,工信,64,27,37,大昌-新店,2023-12-21,6464
2025,千興,36,0,36,大昌-新店,2023-12-21,6464
3050,鈺德,35,0,35,大昌-新店,2023-12-21,6464
2516,新建,33,2,31,大昌-新店,2023-12-21,6464
2540,愛山林,31,1,30,大昌-新店,2023-12-21,6464
4114,健喬,41,11,30,大昌-新店,2023-12-21,6464
2542,興富發,29,0,29,大昌-新店,2023-12-21,6464
1802,台玻,27,0,27,大昌-新店,2023-12-21,6464
2882,國泰金,30,3,27,大昌-新店,2023-12-21,6464
2014,中鴻,45,19,26,大昌-新店,2023-12-21,6464
9919,康那香,73,47,26,大昌-新店,2023-12-21,6464
6443,元晶,38,14,24,大昌-新店,2023-12-21,6464
0056,元大高股息,39,15,24,大昌-新店,2023-12-21,6464
2486,一詮,29,5,24,大昌-新店,2023-12-21,6464
00934,中信成長高股息,24,0,24,大昌-新店,2023-12-21,6464
2641,正德,45,21,24,大昌-新店,2023-12-21,6464
1513,中興電,23,1,22,大昌-新店,2023-12-21,6464
1342,八貫,23,1,22,大昌-新店,2023-12-21,6464
1503,士電,21,0,21,大昌-新店,2023-12-21,6464
2330,台積電,22,1,21,大昌-新店,2023-12-21,6464
2834,臺企銀,20,0,20,大昌-新店,2023-12-21,6464
3035,智原,26,6,20,大昌-新店,2023-12-21,6464
2331,精英,59,39,20,大昌-新店,2023-12-21,6464
6140,訊達,20,1,19,大昌-新店,2023-12-21,6464
2412,中華電,18,0,18,大昌-新店,2023-12-21,6464
00915,凱基優選高股息30,27,10,17,大昌-新店,2023-12-21,6464
00933B,國泰10Y+金融債,17,0,17,大昌-新店,2023-12-21,6464
2324,仁寶,92,76,16,大昌-新店,2023-12-21,6464
00936,台新永續高息中小,17,1,16,大昌-新店,2023-12-21,6464
2634,漢翔,31,15,16,大昌-新店,2023-12-21,6464
2363,矽統,20,4,16,大昌-新店,2023-12-21,6464
00795B,中信美國公債20年,16,0,16,大昌-新店,2023-12-21,6464
5210,寶碩,16,0,16,大昌-新店,2023-12-21,6464
00633L,富邦上証正2,23,7,16,大昌-新店,2023-12-21,6464
3024,憶聲,16,0,16,大昌-新店,2023-12-21,6464
8163,達方,15,0,15,大昌-新店,2023-12-21,6464
00652,富邦印度,15,0,15,大昌-新店,2023-12-21,6464
8011,台通,17,2,15,大昌-新店,2023-12-21,6464
8048,德勝,16,1,15,大昌-新店,2023-12-21,6464
2353,宏��,932,146,786,大昌-新店,2023-12-22,6464
2506,太設,254,3,251,大昌-新店,2023-12-22,6464
2834,臺企銀,150,3,147,大昌-新店,2023-12-22,6464
00687B,國泰20年美債,110,0,110,大昌-新店,2023-12-22,6464
8112,至上,81,6,75,大昌-新店,2023-12-22,6464
00937B,群益ESG投等債20,103,29,74,大昌-新店,2023-12-22,6464
00665L,富邦�琤肭磪囓�2,181,120,61,大昌-新店,2023-12-22,6464
1806,冠軍,77,25,52,大昌-新店,2023-12-22,6464
2515,中工,85,33,52,大昌-新店,2023-12-22,6464
00752,中信中國50,50,1,49,大昌-新店,2023-12-22,6464
2324,仁寶,61,13,48,大昌-新店,2023-12-22,6464
00680L,元大美債20正2,48,1,47,大昌-新店,2023-12-22,6464
3611,鼎翰,45,0,45,大昌-新店,2023-12-22,6464
00919,群益台灣精選高息,57,15,42,大昌-新店,2023-12-22,6464
00753L,中信中國50正2,39,1,38,大昌-新店,2023-12-22,6464
00688L,國泰20年美債正2,45,10,35,大昌-新店,2023-12-22,6464
00933B,國泰10Y+金融債,44,11,33,大昌-新店,2023-12-22,6464
1308,亞聚,31,0,31,大昌-新店,2023-12-22,6464
1609,大亞,32,2,30,大昌-新店,2023-12-22,6464
5009,榮剛,44,16,28,大昌-新店,2023-12-22,6464
2337,旺宏,32,5,27,大昌-新店,2023-12-22,6464
2607,榮運,28,2,26,大昌-新店,2023-12-22,6464
00751B,元大AAA至A公司債,26,1,25,大昌-新店,2023-12-22,6464
2313,華通,46,21,25,大昌-新店,2023-12-22,6464
2014,中鴻,41,17,24,大昌-新店,2023-12-22,6464
3714,富采,24,1,23,大昌-新店,2023-12-22,6464
00897,富邦基因免疫生技,23,0,23,大昌-新店,2023-12-22,6464
2204,中華,24,2,22,大昌-新店,2023-12-22,6464
2201,裕隆,29,8,21,大昌-新店,2023-12-22,6464
5471,松翰,21,1,20,大昌-新店,2023-12-22,6464
9919,康那香,20,0,20,大昌-新店,2023-12-22,6464
2913,農林,20,0,20,大昌-新店,2023-12-22,6464
9105,泰金寶-DR,46,27,19,大昌-新店,2023-12-22,6464
2365,昆盈,30,11,19,大昌-新店,2023-12-22,6464
2605,新興,31,12,19,大昌-新店,2023-12-22,6464
00795B,中信美國公債20年,18,0,18,大昌-新店,2023-12-22,6464
3037,欣興,21,3,18,大昌-新店,2023-12-22,6464
6443,元晶,30,12,18,大昌-新店,2023-12-22,6464
2609,陽明,294,277,17,大昌-新店,2023-12-22,6464
00900,富邦特選高股息30,20,3,17,大昌-新店,2023-12-22,6464
2492,華新科,24,7,17,大昌-新店,2023-12-22,6464
1402,遠東新,16,0,16,大昌-新店,2023-12-22,6464
1605,華新,38,22,16,大昌-新店,2023-12-22,6464
1326,台化,16,1,15,大昌-新店,2023-12-22,6464
5388,中磊,17,2,15,大昌-新店,2023-12-22,6464
6116,彩晶,18,3,15,大昌-新店,2023-12-22,6464
2886,兆豐金,15,0,15,大昌-新店,2023-12-22,6464
00931B,統一美債20年,15,1,14,大昌-新店,2023-12-22,6464
2615,萬海,112,98,14,大昌-新店,2023-12-22,6464
00693U,期街口S＆P黃豆,13,0,13,大昌-新店,2023-12-22,6464
00919,群益台灣精選高息,230,20,210,大昌-新店,2023-12-25,6464
00937B,群益ESG投等債20,138,4,134,大昌-新店,2023-12-25,6464
2607,榮運,78,0,78,大昌-新店,2023-12-25,6464
2883,凱基金,98,35,63,大昌-新店,2023-12-25,6464
1806,冠軍,57,2,55,大昌-新店,2023-12-25,6464
6016,康和證,50,0,50,大昌-新店,2023-12-25,6464
00679B,元大美債20年,52,4,48,大昌-新店,2023-12-25,6464
3540,曜越,48,2,46,大昌-新店,2023-12-25,6464
5210,寶碩,47,5,42,大昌-新店,2023-12-25,6464
6546,正基,42,2,40,大昌-新店,2023-12-25,6464
2358,廷鑫,40,0,40,大昌-新店,2023-12-25,6464
00918,大華優利高填息30,45,5,40,大昌-新店,2023-12-25,6464
2610,華航,83,45,38,大昌-新店,2023-12-25,6464
2353,宏��,174,138,36,大昌-新店,2023-12-25,6464
3024,憶聲,43,8,35,大昌-新店,2023-12-25,6464
6163,華電網,38,8,30,大昌-新店,2023-12-25,6464
8096,擎亞,32,4,28,大昌-新店,2023-12-25,6464
4114,健喬,31,4,27,大昌-新店,2023-12-25,6464
2363,矽統,27,1,26,大昌-新店,2023-12-25,6464
00632R,元大台灣50反1,25,0,25,大昌-新店,2023-12-25,6464
3607,谷崧,40,16,24,大昌-新店,2023-12-25,6464
1445,大宇,24,0,24,大昌-新店,2023-12-25,6464
00907,永豐優息存股,22,0,22,大昌-新店,2023-12-25,6464
6235,華孚,25,3,22,大昌-新店,2023-12-25,6464
6139,亞翔,82,62,20,大昌-新店,2023-12-25,6464
4414,如興,20,0,20,大昌-新店,2023-12-25,6464
00687B,國泰20年美債,20,0,20,大昌-新店,2023-12-25,6464
2382,廣達,54,34,20,大昌-新店,2023-12-25,6464
2492,華新科,20,1,19,大昌-新店,2023-12-25,6464
6274,台燿,20,1,19,大昌-新店,2023-12-25,6464
2606,裕民,25,6,19,大昌-新店,2023-12-25,6464
2603,長榮,76,58,18,大昌-新店,2023-12-25,6464
2605,新興,22,4,18,大昌-新店,2023-12-25,6464
00713,元大台灣高息低波,20,3,17,大昌-新店,2023-12-25,6464
8046,南電,18,2,16,大昌-新店,2023-12-25,6464
2515,中工,88,72,16,大昌-新店,2023-12-25,6464
2344,華邦電,22,6,16,大昌-新店,2023-12-25,6464
6125,廣運,17,1,16,大昌-新店,2023-12-25,6464
1309,台達化,15,0,15,大昌-新店,2023-12-25,6464
2349,錸德,15,0,15,大昌-新店,2023-12-25,6464
3264,欣銓,21,6,15,大昌-新店,2023-12-25,6464
2464,盟立,16,2,14,大昌-新店,2023-12-25,6464
2331,精英,20,6,14,大昌-新店,2023-12-25,6464
4999,鑫禾,14,0,14,大昌-新店,2023-12-25,6464
1514,亞力,25,12,13,大昌-新店,2023-12-25,6464
00643,群益深証中小,13,0,13,大昌-新店,2023-12-25,6464
00927,群益半導體收益,13,0,13,大昌-新店,2023-12-25,6464
1701,中化,13,0,13,大昌-新店,2023-12-25,6464
3041,揚智,26,13,13,大昌-新店,2023-12-25,6464
2401,凌陽,14,1,13,大昌-新店,2023-12-25,6464
00929,復華台灣科技優息,377,132,245,大昌-新店,2023-12-26,6464
2515,中工,109,9,100,大昌-新店,2023-12-26,6464
00680L,元大美債20正2,66,0,66,大昌-新店,2023-12-26,6464
00632R,元大台灣50反1,55,0,55,大昌-新店,2023-12-26,6464
1732,毛寶,50,0,50,大昌-新店,2023-12-26,6464
00937B,群益ESG投等債20,49,0,49,大昌-新店,2023-12-26,6464
1314,中石化,54,6,48,大昌-新店,2023-12-26,6464
00687B,國泰20年美債,47,1,46,大昌-新店,2023-12-26,6464
9103,美德醫療-DR,46,0,46,大昌-新店,2023-12-26,6464
5603,陸海,45,1,44,大昌-新店,2023-12-26,6464
3532,台勝科,44,2,42,大昌-新店,2023-12-26,6464
2303,聯電,97,59,38,大昌-新店,2023-12-26,6464
6290,良維,41,3,38,大昌-新店,2023-12-26,6464
5425,台半,44,8,36,大昌-新店,2023-12-26,6464
00882,中信中國高股息,45,10,35,大昌-新店,2023-12-26,6464
2353,宏��,183,152,31,大昌-新店,2023-12-26,6464
2022,聚亨,29,0,29,大昌-新店,2023-12-26,6464
3231,緯創,63,36,27,大昌-新店,2023-12-26,6464
2610,華航,38,14,24,大昌-新店,2023-12-26,6464
2867,三商壽,22,0,22,大昌-新店,2023-12-26,6464
1605,華新,25,4,21,大昌-新店,2023-12-26,6464
911608,明輝-DR,20,0,20,大昌-新店,2023-12-26,6464
3680,家登,19,0,19,大昌-新店,2023-12-26,6464
2356,英業達,79,60,19,大昌-新店,2023-12-26,6464
1524,耿鼎,18,1,17,大昌-新店,2023-12-26,6464
3169,亞信,17,0,17,大昌-新店,2023-12-26,6464
1513,中興電,17,1,16,大昌-新店,2023-12-26,6464
6274,台燿,24,8,16,大昌-新店,2023-12-26,6464
2634,漢翔,25,9,16,大昌-新店,2023-12-26,6464
00764B,群益25年美債,16,0,16,大昌-新店,2023-12-26,6464
2388,威盛,45,29,16,大昌-新店,2023-12-26,6464
0061,元大寶滬深,16,1,15,大昌-新店,2023-12-26,6464
00633L,富邦上証正2,19,4,15,大昌-新店,2023-12-26,6464
2371,大同,33,18,15,大昌-新店,2023-12-26,6464
2421,建準,22,8,14,大昌-新店,2023-12-26,6464
2618,長榮航,20,6,14,大昌-新店,2023-12-26,6464
6456,GIS-KY,17,4,13,大昌-新店,2023-12-26,6464
5465,富驊,13,0,13,大昌-新店,2023-12-26,6464
2816,旺旺保,13,0,13,大昌-新店,2023-12-26,6464
2498,宏達電,21,8,13,大昌-新店,2023-12-26,6464
00923,群益台ESG低碳50,13,0,13,大昌-新店,2023-12-26,6464
3691,碩禾,12,0,12,大昌-新店,2023-12-26,6464
3545,敦泰,13,1,12,大昌-新店,2023-12-26,6464
6104,創惟,15,4,11,大昌-新店,2023-12-26,6464
8289,泰藝,11,0,11,大昌-新店,2023-12-26,6464
2312,金寶,30,19,11,大昌-新店,2023-12-26,6464
2204,中華,16,5,11,大昌-新店,2023-12-26,6464
2367,燿華,11,1,10,大昌-新店,2023-12-26,6464
00921,兆豐龍頭等權重,10,0,10,大昌-新店,2023-12-26,6464
8101,華冠,10,0,10,大昌-新店,2023-12-26,6464
00937B,群益ESG投等債20,434,82,352,大昌-新店,2023-12-27,6464
00919,群益台灣精選高息,195,12,183,大昌-新店,2023-12-27,6464
2324,仁寶,230,124,106,大昌-新店,2023-12-27,6464
00632R,元大台灣50反1,144,42,102,大昌-新店,2023-12-27,6464
00929,復華台灣科技優息,91,37,54,大昌-新店,2023-12-27,6464
2882,國泰金,55,1,54,大昌-新店,2023-12-27,6464
00650L,復華香港正2,53,5,48,大昌-新店,2023-12-27,6464
2618,長榮航,60,13,47,大昌-新店,2023-12-27,6464
1101,台泥,42,3,39,大昌-新店,2023-12-27,6464
3231,緯創,81,42,39,大昌-新店,2023-12-27,6464
1445,大宇,38,0,38,大昌-新店,2023-12-27,6464
2002,中鋼,69,39,30,大昌-新店,2023-12-27,6464
8936,國統,34,4,30,大昌-新店,2023-12-27,6464
6133,金橋,30,2,28,大昌-新店,2023-12-27,6464
00679B,元大美債20年,27,0,27,大昌-新店,2023-12-27,6464
00751B,元大AAA至A公司債,26,0,26,大昌-新店,2023-12-27,6464
2405,輔信,74,50,24,大昌-新店,2023-12-27,6464
00882,中信中國高股息,24,0,24,大昌-新店,2023-12-27,6464
2331,精英,22,1,21,大昌-新店,2023-12-27,6464
2897,王道銀行,20,0,20,大昌-新店,2023-12-27,6464
2102,泰豐,20,0,20,大昌-新店,2023-12-27,6464
00688L,國泰20年美債正2,20,0,20,大昌-新店,2023-12-27,6464
5425,台半,30,10,20,大昌-新店,2023-12-27,6464
8110,華東,31,11,20,大昌-新店,2023-12-27,6464
2369,菱生,47,28,19,大昌-新店,2023-12-27,6464
1806,冠軍,19,0,19,大昌-新店,2023-12-27,6464
2409,友達,50,32,18,大昌-新店,2023-12-27,6464
0061,元大寶滬深,17,0,17,大昌-新店,2023-12-27,6464
3189,景碩,17,0,17,大昌-新店,2023-12-27,6464
00935,野村臺灣新科技50,15,0,15,大昌-新店,2023-12-27,6464
6141,柏承,15,0,15,大昌-新店,2023-12-27,6464
2374,佳能,16,1,15,大昌-新店,2023-12-27,6464
2636,台驊控股,15,1,14,大昌-新店,2023-12-27,6464
00676R,富邦臺灣加權反1,14,0,14,大昌-新店,2023-12-27,6464
00636,國泰中國A50,13,0,13,大昌-新店,2023-12-27,6464
1504,東元,16,4,12,大昌-新店,2023-12-27,6464
2913,農林,13,1,12,大昌-新店,2023-12-27,6464
2201,裕隆,41,29,12,大昌-新店,2023-12-27,6464
00930,永豐ESG低碳高息,12,0,12,大昌-新店,2023-12-27,6464
2379,瑞昱,11,0,11,大昌-新店,2023-12-27,6464
6233,旺玖,20,9,11,大昌-新店,2023-12-27,6464
6288,聯嘉,13,2,11,大昌-新店,2023-12-27,6464
1605,華新,54,43,11,大昌-新店,2023-12-27,6464
3169,亞信,11,1,10,大昌-新店,2023-12-27,6464
8277,商丞,10,0,10,大昌-新店,2023-12-27,6464
3005,神基,13,3,10,大昌-新店,2023-12-27,6464
4114,健喬,10,0,10,大昌-新店,2023-12-27,6464
2329,華泰,33,23,10,大昌-新店,2023-12-27,6464
1460,宏遠,10,0,10,大昌-新店,2023-12-27,6464
8021,尖點,11,1,10,大昌-新店,2023-12-27,6464
00688L,國泰20年美債正2,407,5,402,大昌-新店,2023-12-28,6464
2324,仁寶,291,92,199,大昌-新店,2023-12-28,6464
2303,聯電,472,310,162,大昌-新店,2023-12-28,6464
1451,年興,149,0,149,大昌-新店,2023-12-28,6464
00937B,群益ESG投等債20,118,0,118,大昌-新店,2023-12-28,6464
8936,國統,98,2,96,大昌-新店,2023-12-28,6464
00929,復華台灣科技優息,124,34,90,大昌-新店,2023-12-28,6464
00772B,中信高評級公司債,91,3,88,大昌-新店,2023-12-28,6464
00720B,元大投資級公司債,69,0,69,大昌-新店,2023-12-28,6464
2323,中環,71,10,61,大昌-新店,2023-12-28,6464
5351,鈺創,68,11,57,大昌-新店,2023-12-28,6464
00919,群益台灣精選高息,109,68,41,大昌-新店,2023-12-28,6464
2618,長榮航,58,22,36,大昌-新店,2023-12-28,6464
00687B,國泰20年美債,36,0,36,大昌-新店,2023-12-28,6464
2031,新光鋼,34,0,34,大昌-新店,2023-12-28,6464
2313,華通,49,15,34,大昌-新店,2023-12-28,6464
1314,中石化,35,1,34,大昌-新店,2023-12-28,6464
4960,誠美材,32,0,32,大昌-新店,2023-12-28,6464
00680L,元大美債20正2,40,10,30,大昌-新店,2023-12-28,6464
2609,陽明,69,41,28,大昌-新店,2023-12-28,6464
6179,亞通,36,8,28,大昌-新店,2023-12-28,6464
1101,台泥,28,1,27,大昌-新店,2023-12-28,6464
2356,英業達,88,62,26,大昌-新店,2023-12-28,6464
00632R,元大台灣50反1,35,10,25,大昌-新店,2023-12-28,6464
8096,擎亞,38,14,24,大昌-新店,2023-12-28,6464
2363,矽統,38,15,23,大昌-新店,2023-12-28,6464
3338,泰碩,35,12,23,大昌-新店,2023-12-28,6464
9105,泰金寶-DR,26,4,22,大昌-新店,2023-12-28,6464
1616,億泰,21,0,21,大昌-新店,2023-12-28,6464
2535,達欣工,20,0,20,大昌-新店,2023-12-28,6464
8112,至上,22,2,20,大昌-新店,2023-12-28,6464
00850,元大臺灣ESG永續,20,0,20,大昌-新店,2023-12-28,6464
910322,康師傅-DR,20,0,20,大昌-新店,2023-12-28,6464
00891,中信關鍵半導體,20,0,20,大昌-新店,2023-12-28,6464
4908,前鼎,20,0,20,大昌-新店,2023-12-28,6464
6668,中揚光,30,11,19,大昌-新店,2023-12-28,6464
2641,正德,19,0,19,大昌-新店,2023-12-28,6464
2603,長榮,42,24,18,大昌-新店,2023-12-28,6464
00932,兆豐永續高息等權,18,0,18,大昌-新店,2023-12-28,6464
00918,大華優利高填息30,28,10,18,大昌-新店,2023-12-28,6464
00915,凱基優選高股息30,18,0,18,大昌-新店,2023-12-28,6464
6233,旺玖,21,3,18,大昌-新店,2023-12-28,6464
00664R,國泰臺灣加權反1,18,0,18,大昌-新店,2023-12-28,6464
2515,中工,29,12,17,大昌-新店,2023-12-28,6464
2610,華航,31,14,17,大昌-新店,2023-12-28,6464
00933B,國泰10Y+金融債,17,0,17,大昌-新店,2023-12-28,6464
2405,輔信,34,17,17,大昌-新店,2023-12-28,6464
00795B,中信美國公債20年,17,1,16,大昌-新店,2023-12-28,6464
5347,世界,28,12,16,大昌-新店,2023-12-28,6464
1815,富喬,15,0,15,大昌-新店,2023-12-28,6464
00937B,群益ESG投等債20,227,15,212,大昌-新店,2023-12-29,6464
00680L,元大美債20正2,202,0,202,大昌-新店,2023-12-29,6464
1451,年興,95,0,95,大昌-新店,2023-12-29,6464
00929,復華台灣科技優息,150,58,92,大昌-新店,2023-12-29,6464
00919,群益台灣精選高息,103,12,91,大昌-新店,2023-12-29,6464
8936,國統,76,4,72,大昌-新店,2023-12-29,6464
2353,宏��,204,135,69,大昌-新店,2023-12-29,6464
1514,亞力,73,11,62,大昌-新店,2023-12-29,6464
3481,群創,91,35,56,大昌-新店,2023-12-29,6464
2362,藍天,77,22,55,大昌-新店,2023-12-29,6464
00688L,國泰20年美債正2,51,0,51,大昌-新店,2023-12-29,6464
00751B,元大AAA至A公司債,58,8,50,大昌-新店,2023-12-29,6464
2610,華航,75,27,48,大昌-新店,2023-12-29,6464
00715L,期街口布蘭特正2,46,0,46,大昌-新店,2023-12-29,6464
1314,中石化,48,6,42,大昌-新店,2023-12-29,6464
2515,中工,91,51,40,大昌-新店,2023-12-29,6464
2344,華邦電,102,63,39,大昌-新店,2023-12-29,6464
00931B,統一美債20年,36,0,36,大昌-新店,2023-12-29,6464
2303,聯電,62,26,36,大昌-新店,2023-12-29,6464
00632R,元大台灣50反1,34,0,34,大昌-新店,2023-12-29,6464
00679B,元大美債20年,33,1,32,大昌-新店,2023-12-29,6464
3706,神達,51,24,27,大昌-新店,2023-12-29,6464
5355,佳總,26,0,26,大昌-新店,2023-12-29,6464
3006,晶豪科,41,17,24,大昌-新店,2023-12-29,6464
00687B,國泰20年美債,23,0,23,大昌-新店,2023-12-29,6464
00885,富邦越南,32,9,23,大昌-新店,2023-12-29,6464
6187,萬潤,28,6,22,大昌-新店,2023-12-29,6464
3260,威剛,36,15,21,大昌-新店,2023-12-29,6464
2390,云辰,20,1,19,大昌-新店,2023-12-29,6464
00933B,國泰10Y+金融債,23,4,19,大昌-新店,2023-12-29,6464
006205,富邦上証,19,0,19,大昌-新店,2023-12-29,6464
2405,輔信,23,5,18,大昌-新店,2023-12-29,6464
00772B,中信高評級公司債,17,0,17,大昌-新店,2023-12-29,6464
1732,毛寶,17,0,17,大昌-新店,2023-12-29,6464
4967,十銓,18,1,17,大昌-新店,2023-12-29,6464
3548,兆利,35,19,16,大昌-新店,2023-12-29,6464
1519,華城,51,36,15,大昌-新店,2023-12-29,6464
8150,南茂,15,0,15,大昌-新店,2023-12-29,6464
2365,昆盈,23,8,15,大昌-新店,2023-12-29,6464
1503,士電,51,37,14,大昌-新店,2023-12-29,6464
2801,彰銀,13,0,13,大昌-新店,2023-12-29,6464
2371,大同,20,7,13,大昌-新店,2023-12-29,6464
00904,新光臺灣半導體30,12,0,12,大昌-新店,2023-12-29,6464
5244,弘凱,11,0,11,大昌-新店,2023-12-29,6464
2107,厚生,10,0,10,大昌-新店,2023-12-29,6464
3221,台嘉碩,10,0,10,大昌-新店,2023-12-29,6464
1513,中興電,31,21,10,大昌-新店,2023-12-29,6464
2882,國泰金,14,4,10,大昌-新店,2023-12-29,6464
2547,日勝生,10,0,10,大昌-新店,2023-12-29,6464
2485,兆赫,10,0,10,大昌-新店,2023-12-29,6464
00937B,群益ESG投等債20,361,0,361,大昌-新店,2024-01-02,6464
3481,群創,335,29,306,大昌-新店,2024-01-02,6464
3231,緯創,308,124,184,大昌-新店,2024-01-02,6464
2352,佳世達,138,12,126,大昌-新店,2024-01-02,6464
2409,友達,139,21,118,大昌-新店,2024-01-02,6464
9945,潤泰新,128,18,110,大昌-新店,2024-01-02,6464
00919,群益台灣精選高息,96,8,88,大昌-新店,2024-01-02,6464
2356,英業達,123,39,84,大昌-新店,2024-01-02,6464
00687B,國泰20年美債,82,3,79,大昌-新店,2024-01-02,6464
00929,復華台灣科技優息,120,43,77,大昌-新店,2024-01-02,6464
2376,技嘉,81,26,55,大昌-新店,2024-01-02,6464
00665L,富邦�琤肭磪囓�2,59,10,49,大昌-新店,2024-01-02,6464
0056,元大高股息,57,9,48,大昌-新店,2024-01-02,6464
00712,復華富時不動產,51,5,46,大昌-新店,2024-01-02,6464
00633L,富邦上証正2,65,24,41,大昌-新店,2024-01-02,6464
00679B,元大美債20年,42,6,36,大昌-新店,2024-01-02,6464
2362,藍天,74,39,35,大昌-新店,2024-01-02,6464
2344,華邦電,47,14,33,大昌-新店,2024-01-02,6464
00688L,國泰20年美債正2,30,0,30,大昌-新店,2024-01-02,6464
0061,元大寶滬深,30,0,30,大昌-新店,2024-01-02,6464
1101,台泥,30,0,30,大昌-新店,2024-01-02,6464
00878,國泰永續高股息,68,38,30,大昌-新店,2024-01-02,6464
3260,威剛,33,4,29,大昌-新店,2024-01-02,6464
1314,中石化,33,6,27,大昌-新店,2024-01-02,6464
5425,台半,30,4,26,大昌-新店,2024-01-02,6464
2883,凱基金,41,15,26,大昌-新店,2024-01-02,6464
00751B,元大AAA至A公司債,26,0,26,大昌-新店,2024-01-02,6464
00933B,國泰10Y+金融債,26,0,26,大昌-新店,2024-01-02,6464
00637L,元大滬深300正2,38,13,25,大昌-新店,2024-01-02,6464
6126,信音,30,8,22,大昌-新店,2024-01-02,6464
4167,松瑞藥,24,3,21,大昌-新店,2024-01-02,6464
1732,毛寶,20,0,20,大昌-新店,2024-01-02,6464
3706,神達,41,21,20,大昌-新店,2024-01-02,6464
1612,宏泰,23,4,19,大昌-新店,2024-01-02,6464
2324,仁寶,59,40,19,大昌-新店,2024-01-02,6464
2301,光寶科,23,5,18,大昌-新店,2024-01-02,6464
00720B,元大投資級公司債,18,0,18,大昌-新店,2024-01-02,6464
2382,廣達,21,5,16,大昌-新店,2024-01-02,6464
6113,亞矽,17,1,16,大昌-新店,2024-01-02,6464
8210,勤誠,66,50,16,大昌-新店,2024-01-02,6464
3005,神基,20,4,16,大昌-新店,2024-01-02,6464
1515,力山,15,0,15,大昌-新店,2024-01-02,6464
2388,威盛,43,28,15,大昌-新店,2024-01-02,6464
3035,智原,19,5,14,大昌-新店,2024-01-02,6464
2882,國泰金,14,0,14,大昌-新店,2024-01-02,6464
3715,定穎投控,24,10,14,大昌-新店,2024-01-02,6464
2313,華通,17,4,13,大昌-新店,2024-01-02,6464
00931B,統一美債20年,13,0,13,大昌-新店,2024-01-02,6464
2607,榮運,14,2,12,大昌-新店,2024-01-02,6464
00932,兆豐永續高息等權,12,0,12,大昌-新店,2024-01-02,6464
00929,復華台灣科技優息,405,6,399,大昌-新店,2024-01-03,6464
00919,群益台灣精選高息,216,13,203,大昌-新店,2024-01-03,6464
9934,成霖,166,3,163,大昌-新店,2024-01-03,6464
2303,聯電,168,23,145,大昌-新店,2024-01-03,6464
2409,友達,102,0,102,大昌-新店,2024-01-03,6464
2618,長榮航,166,73,93,大昌-新店,2024-01-03,6464
00878,國泰永續高股息,142,60,82,大昌-新店,2024-01-03,6464
0056,元大高股息,144,62,82,大昌-新店,2024-01-03,6464
2883,凱基金,100,28,72,大昌-新店,2024-01-03,6464
2455,全新,77,12,65,大昌-新店,2024-01-03,6464
1802,台玻,62,9,53,大昌-新店,2024-01-03,6464
6770,力積電,41,2,39,大昌-新店,2024-01-03,6464
00927,群益半導體收益,39,0,39,大昌-新店,2024-01-03,6464
00633L,富邦上証正2,38,0,38,大昌-新店,2024-01-03,6464
00918,大華優利高填息30,37,0,37,大昌-新店,2024-01-03,6464
3481,群創,49,13,36,大昌-新店,2024-01-03,6464
1809,中釉,38,2,36,大昌-新店,2024-01-03,6464
00934,中信成長高股息,35,0,35,大昌-新店,2024-01-03,6464
00669R,國泰美國道瓊反1,32,0,32,大昌-新店,2024-01-03,6464
2201,裕隆,35,4,31,大昌-新店,2024-01-03,6464
1451,年興,30,0,30,大昌-新店,2024-01-03,6464
00680L,元大美債20正2,30,1,29,大昌-新店,2024-01-03,6464
3231,緯創,52,23,29,大昌-新店,2024-01-03,6464
2408,南亞科,28,0,28,大昌-新店,2024-01-03,6464
2330,台積電,41,13,28,大昌-新店,2024-01-03,6464
00687B,國泰20年美債,27,0,27,大昌-新店,2024-01-03,6464
2606,裕民,31,4,27,大昌-新店,2024-01-03,6464
2882,國泰金,28,2,26,大昌-新店,2024-01-03,6464
00921,兆豐龍頭等權重,26,0,26,大昌-新店,2024-01-03,6464
6219,富旺,26,1,25,大昌-新店,2024-01-03,6464
6163,華電網,34,9,25,大昌-新店,2024-01-03,6464
00891,中信關鍵半導體,23,0,23,大昌-新店,2024-01-03,6464
3711,日月光投控,22,0,22,大昌-新店,2024-01-03,6464
1789,神隆,22,0,22,大昌-新店,2024-01-03,6464
4938,和碩,21,1,20,大昌-新店,2024-01-03,6464
1301,台塑,21,1,20,大昌-新店,2024-01-03,6464
2353,宏��,123,104,19,大昌-新店,2024-01-03,6464
00650L,復華香港正2,18,0,18,大昌-新店,2024-01-03,6464
2405,輔信,21,3,18,大昌-新店,2024-01-03,6464
2332,友訊,20,2,18,大昌-新店,2024-01-03,6464
00642U,期元大S＆P石油,18,0,18,大昌-新店,2024-01-03,6464
2610,華航,53,36,17,大昌-新店,2024-01-03,6464
3673,TPK-KY,20,3,17,大昌-新店,2024-01-03,6464
00701,國泰股利精選30,17,0,17,大昌-新店,2024-01-03,6464
00715L,期街口布蘭特正2,47,31,16,大昌-新店,2024-01-03,6464
2344,華邦電,31,16,15,大昌-新店,2024-01-03,6464
5521,工信,41,26,15,大昌-新店,2024-01-03,6464
0061,元大寶滬深,15,0,15,大昌-新店,2024-01-03,6464
2888,新光金,15,0,15,大昌-新店,2024-01-03,6464
5425,台半,18,3,15,大昌-新店,2024-01-03,6464
2353,宏��,1343,186,1157,大昌-新店,2024-01-04,6464
00929,復華台灣科技優息,318,14,304,大昌-新店,2024-01-04,6464
00927,群益半導體收益,96,0,96,大昌-新店,2024-01-04,6464
00908,富邦入息REITs+,95,0,95,大昌-新店,2024-01-04,6464
2834,臺企銀,100,5,95,大昌-新店,2024-01-04,6464
1101,台泥,92,0,92,大昌-新店,2024-01-04,6464
00714,群益道瓊美國地產,80,0,80,大昌-新店,2024-01-04,6464
00937B,群益ESG投等債20,76,0,76,大昌-新店,2024-01-04,6464
00665L,富邦�琤肭磪囓�2,60,5,55,大昌-新店,2024-01-04,6464
2883,凱基金,101,49,52,大昌-新店,2024-01-04,6464
00706L,期元大S＆P日圓正2,52,0,52,大昌-新店,2024-01-04,6464
2486,一詮,83,32,51,大昌-新店,2024-01-04,6464
2303,聯電,112,61,51,大昌-新店,2024-01-04,6464
2887,台新金,53,3,50,大昌-新店,2024-01-04,6464
2882,國泰金,55,6,49,大昌-新店,2024-01-04,6464
2601,益航,48,2,46,大昌-新店,2024-01-04,6464
9919,康那香,75,30,45,大昌-新店,2024-01-04,6464
0056,元大高股息,46,2,44,大昌-新店,2024-01-04,6464
1524,耿鼎,43,3,40,大昌-新店,2024-01-04,6464
0061,元大寶滬深,37,0,37,大昌-新店,2024-01-04,6464
00933B,國泰10Y+金融債,37,0,37,大昌-新店,2024-01-04,6464
5521,工信,46,10,36,大昌-新店,2024-01-04,6464
6125,廣運,38,6,32,大昌-新店,2024-01-04,6464
3712,永崴投控,31,1,30,大昌-新店,2024-01-04,6464
2324,仁寶,58,30,28,大昌-新店,2024-01-04,6464
2356,英業達,53,26,27,大昌-新店,2024-01-04,6464
00919,群益台灣精選高息,41,15,26,大昌-新店,2024-01-04,6464
3105,穩懋,27,1,26,大昌-新店,2024-01-04,6464
00633L,富邦上証正2,27,2,25,大昌-新店,2024-01-04,6464
2392,正崴,26,2,24,大昌-新店,2024-01-04,6464
3673,TPK-KY,24,2,22,大昌-新店,2024-01-04,6464
2377,微星,23,2,21,大昌-新店,2024-01-04,6464
00680L,元大美債20正2,20,0,20,大昌-新店,2024-01-04,6464
2362,藍天,23,3,20,大昌-新店,2024-01-04,6464
8046,南電,29,10,19,大昌-新店,2024-01-04,6464
3325,旭品,25,6,19,大昌-新店,2024-01-04,6464
2425,承啟,20,2,18,大昌-新店,2024-01-04,6464
00881,國泰台灣5G+,20,2,18,大昌-新店,2024-01-04,6464
00753L,中信中國50正2,18,0,18,大昌-新店,2024-01-04,6464
00643,群益深証中小,17,0,17,大昌-新店,2024-01-04,6464
1605,華新,25,9,16,大昌-新店,2024-01-04,6464
6153,嘉聯益,16,0,16,大昌-新店,2024-01-04,6464
5386,青雲,16,0,16,大昌-新店,2024-01-04,6464
00900,富邦特選高股息30,16,0,16,大昌-新店,2024-01-04,6464
3006,晶豪科,17,2,15,大昌-新店,2024-01-04,6464
00650L,復華香港正2,15,0,15,大昌-新店,2024-01-04,6464
1216,統一,15,0,15,大昌-新店,2024-01-04,6464
2331,精英,60,46,14,大昌-新店,2024-01-04,6464
2009,第一銅,19,6,13,大昌-新店,2024-01-04,6464
2634,漢翔,20,7,13,大昌-新店,2024-01-04,6464
00665L,富邦�琤肭磪囓�2,168,23,145,大昌-新店,2024-01-05,6464
00919,群益台灣精選高息,97,0,97,大昌-新店,2024-01-05,6464
2353,宏��,147,50,97,大昌-新店,2024-01-05,6464
00929,復華台灣科技優息,134,43,91,大昌-新店,2024-01-05,6464
00687B,國泰20年美債,82,0,82,大昌-新店,2024-01-05,6464
00937B,群益ESG投等債20,88,12,76,大昌-新店,2024-01-05,6464
2610,華航,83,15,68,大昌-新店,2024-01-05,6464
2606,裕民,68,14,54,大昌-新店,2024-01-05,6464
2206,三陽工業,54,0,54,大昌-新店,2024-01-05,6464
2323,中環,51,0,51,大昌-新店,2024-01-05,6464
2618,長榮航,81,46,35,大昌-新店,2024-01-05,6464
00679B,元大美債20年,53,22,31,大昌-新店,2024-01-05,6464
00931B,統一美債20年,31,0,31,大昌-新店,2024-01-05,6464
9945,潤泰新,30,1,29,大昌-新店,2024-01-05,6464
2881,富邦金,25,0,25,大昌-新店,2024-01-05,6464
006208,富邦台50,24,0,24,大昌-新店,2024-01-05,6464
00715L,期街口布蘭特正2,27,3,24,大昌-新店,2024-01-05,6464
1732,毛寶,60,37,23,大昌-新店,2024-01-05,6464
00753L,中信中國50正2,22,0,22,大昌-新店,2024-01-05,6464
2356,英業達,81,60,21,大昌-新店,2024-01-05,6464
5498,凱崴,20,0,20,大昌-新店,2024-01-05,6464
9907,統一實,20,0,20,大昌-新店,2024-01-05,6464
2344,華邦電,57,37,20,大昌-新店,2024-01-05,6464
00927,群益半導體收益,19,0,19,大昌-新店,2024-01-05,6464
00650L,復華香港正2,21,3,18,大昌-新店,2024-01-05,6464
00864B,中信美國公債0-1,18,0,18,大昌-新店,2024-01-05,6464
6695,芯鼎,30,12,18,大昌-新店,2024-01-05,6464
00881,國泰台灣5G+,17,0,17,大昌-新店,2024-01-05,6464
00751B,元大AAA至A公司債,29,12,17,大昌-新店,2024-01-05,6464
2425,承啟,20,3,17,大昌-新店,2024-01-05,6464
2337,旺宏,23,6,17,大昌-新店,2024-01-05,6464
1815,富喬,17,1,16,大昌-新店,2024-01-05,6464
3037,欣興,19,4,15,大昌-新店,2024-01-05,6464
2358,廷鑫,15,0,15,大昌-新店,2024-01-05,6464
00878,國泰永續高股息,40,25,15,大昌-新店,2024-01-05,6464
3406,玉晶光,27,13,14,大昌-新店,2024-01-05,6464
00770,國泰北美科技,14,0,14,大昌-新店,2024-01-05,6464
2317,鴻海,18,4,14,大昌-新店,2024-01-05,6464
4956,光鋐,17,4,13,大昌-新店,2024-01-05,6464
3231,緯創,49,36,13,大昌-新店,2024-01-05,6464
8069,元太,15,2,13,大昌-新店,2024-01-05,6464
3607,谷崧,13,0,13,大昌-新店,2024-01-05,6464
2382,廣達,21,9,12,大昌-新店,2024-01-05,6464
00720B,元大投資級公司債,27,15,12,大昌-新店,2024-01-05,6464
2376,技嘉,38,26,12,大昌-新店,2024-01-05,6464
1514,亞力,13,1,12,大昌-新店,2024-01-05,6464
2486,一詮,17,5,12,大昌-新店,2024-01-05,6464
6292,迅德,12,0,12,大昌-新店,2024-01-05,6464
2885,元大金,22,10,12,大昌-新店,2024-01-05,6464
2888,新光金,12,0,12,大昌-新店,2024-01-05,6464
00724B,群益投資級金融債,168,0,168,大昌-新店,2024-01-08,6464
2317,鴻海,152,1,151,大昌-新店,2024-01-08,6464
00929,復華台灣科技優息,150,11,139,大昌-新店,2024-01-08,6464
2353,宏��,443,323,120,大昌-新店,2024-01-08,6464
00917,中信特選金融,110,0,110,大昌-新店,2024-01-08,6464
00687B,國泰20年美債,99,0,99,大昌-新店,2024-01-08,6464
00937B,群益ESG投等債20,98,0,98,大昌-新店,2024-01-08,6464
3714,富采,105,10,95,大昌-新店,2024-01-08,6464
2331,精英,108,24,84,大昌-新店,2024-01-08,6464
1451,年興,69,0,69,大昌-新店,2024-01-08,6464
00665L,富邦�琤肭磪囓�2,105,43,62,大昌-新店,2024-01-08,6464
00714,群益道瓊美國地產,60,0,60,大昌-新店,2024-01-08,6464
00919,群益台灣精選高息,66,7,59,大昌-新店,2024-01-08,6464
00679B,元大美債20年,60,1,59,大昌-新店,2024-01-08,6464
2610,華航,102,44,58,大昌-新店,2024-01-08,6464
6770,力積電,108,51,57,大昌-新店,2024-01-08,6464
00752,中信中國50,47,0,47,大昌-新店,2024-01-08,6464
00753L,中信中國50正2,47,1,46,大昌-新店,2024-01-08,6464
2409,友達,127,86,41,大昌-新店,2024-01-08,6464
0056,元大高股息,45,7,38,大昌-新店,2024-01-08,6464
0061,元大寶滬深,54,17,37,大昌-新店,2024-01-08,6464
00795B,中信美國公債20年,44,7,37,大昌-新店,2024-01-08,6464
00688L,國泰20年美債正2,41,10,31,大昌-新店,2024-01-08,6464
00908,富邦入息REITs+,30,0,30,大昌-新店,2024-01-08,6464
8924,大田,30,0,30,大昌-新店,2024-01-08,6464
1101,台泥,30,0,30,大昌-新店,2024-01-08,6464
00927,群益半導體收益,29,0,29,大昌-新店,2024-01-08,6464
2352,佳世達,34,6,28,大昌-新店,2024-01-08,6464
2324,仁寶,103,75,28,大昌-新店,2024-01-08,6464
2607,榮運,163,135,28,大昌-新店,2024-01-08,6464
2388,威盛,70,42,28,大昌-新店,2024-01-08,6464
8011,台通,39,12,27,大昌-新店,2024-01-08,6464
9945,潤泰新,42,15,27,大昌-新店,2024-01-08,6464
1721,三晃,35,9,26,大昌-新店,2024-01-08,6464
2611,志信,26,1,25,大昌-新店,2024-01-08,6464
2605,新興,31,7,24,大昌-新店,2024-01-08,6464
6183,關貿,23,0,23,大昌-新店,2024-01-08,6464
00637L,元大滬深300正2,362,339,23,大昌-新店,2024-01-08,6464
2344,華邦電,27,5,22,大昌-新店,2024-01-08,6464
1815,富喬,30,8,22,大昌-新店,2024-01-08,6464
6446,藥華藥,22,1,21,大昌-新店,2024-01-08,6464
00770,國泰北美科技,19,0,19,大昌-新店,2024-01-08,6464
6462,神盾,26,7,19,大昌-新店,2024-01-08,6464
1736,喬山,19,0,19,大昌-新店,2024-01-08,6464
2885,元大金,21,3,18,大昌-新店,2024-01-08,6464
2369,菱生,28,11,17,大昌-新店,2024-01-08,6464
3017,奇鋐,21,4,17,大昌-新店,2024-01-08,6464
00751B,元大AAA至A公司債,16,0,16,大昌-新店,2024-01-08,6464
1612,宏泰,29,13,16,大昌-新店,2024-01-08,6464
00643,群益深証中小,17,1,16,大昌-新店,2024-01-08,6464
2353,宏��,605,69,536,大昌-新店,2024-01-09,6464
00919,群益台灣精選高息,198,13,185,大昌-新店,2024-01-09,6464
2303,聯電,135,13,122,大昌-新店,2024-01-09,6464
2301,光寶科,105,0,105,大昌-新店,2024-01-09,6464
00917,中信特選金融,100,0,100,大昌-新店,2024-01-09,6464
2888,新光金,69,0,69,大昌-新店,2024-01-09,6464
6129,普誠,65,0,65,大昌-新店,2024-01-09,6464
00929,復華台灣科技優息,102,38,64,大昌-新店,2024-01-09,6464
2609,陽明,150,87,63,大昌-新店,2024-01-09,6464
1314,中石化,63,3,60,大昌-新店,2024-01-09,6464
3032,偉訓,72,17,55,大昌-新店,2024-01-09,6464
2867,三商壽,46,0,46,大昌-新店,2024-01-09,6464
00670L,富邦NASDAQ正2,46,1,45,大昌-新店,2024-01-09,6464
2603,長榮,82,42,40,大昌-新店,2024-01-09,6464
2359,所羅門,43,6,37,大昌-新店,2024-01-09,6464
4533,協易機,36,3,33,大昌-新店,2024-01-09,6464
4939,亞電,33,0,33,大昌-新店,2024-01-09,6464
2610,華航,59,26,33,大昌-新店,2024-01-09,6464
3231,緯創,116,84,32,大昌-新店,2024-01-09,6464
00795B,中信美國公債20年,31,0,31,大昌-新店,2024-01-09,6464
00877,復華中國5G,31,0,31,大昌-新店,2024-01-09,6464
00927,群益半導體收益,36,5,31,大昌-新店,2024-01-09,6464
0061,元大寶滬深,30,2,28,大昌-新店,2024-01-09,6464
00724B,群益投資級金融債,26,0,26,大昌-新店,2024-01-09,6464
1609,大亞,26,0,26,大昌-新店,2024-01-09,6464
1605,華新,29,4,25,大昌-新店,2024-01-09,6464
6016,康和證,25,0,25,大昌-新店,2024-01-09,6464
0056,元大高股息,29,5,24,大昌-新店,2024-01-09,6464
2362,藍天,34,9,25,大昌-新店,2024-01-09,6464
2201,裕隆,27,3,24,大昌-新店,2024-01-09,6464
2754,亞洲藏壽司,24,0,24,大昌-新店,2024-01-09,6464
00680L,元大美債20正2,23,0,23,大昌-新店,2024-01-09,6464
3675,德微,23,0,23,大昌-新店,2024-01-09,6464
2308,台達電,21,0,21,大昌-新店,2024-01-09,6464
00715L,期街口布蘭特正2,21,0,21,大昌-新店,2024-01-09,6464
9105,泰金寶-DR,20,0,20,大昌-新店,2024-01-09,6464
6282,康舒,23,3,20,大昌-新店,2024-01-09,6464
2062,橋椿,20,0,20,大昌-新店,2024-01-09,6464
1616,億泰,20,0,20,大昌-新店,2024-01-09,6464
3260,威剛,24,4,20,大昌-新店,2024-01-09,6464
6505,台塑化,20,0,20,大昌-新店,2024-01-09,6464
2615,萬海,43,24,19,大昌-新店,2024-01-09,6464
1409,新纖,30,11,19,大昌-新店,2024-01-09,6464
2356,英業達,129,110,19,大昌-新店,2024-01-09,6464
2605,新興,29,10,19,大昌-新店,2024-01-09,6464
6625,必應,23,4,19,大昌-新店,2024-01-09,6464
00712,復華富時不動產,22,4,18,大昌-新店,2024-01-09,6464
2882,國泰金,17,0,17,大昌-新店,2024-01-09,6464
2337,旺宏,17,0,17,大昌-新店,2024-01-09,6464
1524,耿鼎,25,8,17,大昌-新店,2024-01-09,6464
00929,復華台灣科技優息,139,12,127,大昌-新店,2024-01-10,6464
4956,光鋐,130,29,101,大昌-新店,2024-01-10,6464
1451,年興,84,0,84,大昌-新店,2024-01-10,6464
00919,群益台灣精選高息,79,0,79,大昌-新店,2024-01-10,6464
00714,群益道瓊美國地產,70,0,70,大昌-新店,2024-01-10,6464
00933B,國泰10Y+金融債,57,0,57,大昌-新店,2024-01-10,6464
00795B,中信美國公債20年,52,0,52,大昌-新店,2024-01-10,6464
2537,聯上發,50,0,50,大昌-新店,2024-01-10,6464
00908,富邦入息REITs+,50,0,50,大昌-新店,2024-01-10,6464
5521,工信,66,16,50,大昌-新店,2024-01-10,6464
00904,新光臺灣半導體30,48,0,48,大昌-新店,2024-01-10,6464
2618,長榮航,52,8,44,大昌-新店,2024-01-10,6464
2301,光寶科,56,13,43,大昌-新店,2024-01-10,6464
2324,仁寶,76,33,43,大昌-新店,2024-01-10,6464
00670L,富邦NASDAQ正2,46,3,43,大昌-新店,2024-01-10,6464
00917,中信特選金融,42,0,42,大昌-新店,2024-01-10,6464
9105,泰金寶-DR,39,5,34,大昌-新店,2024-01-10,6464
00937B,群益ESG投等債20,38,5,33,大昌-新店,2024-01-10,6464
5386,青雲,30,0,30,大昌-新店,2024-01-10,6464
00665L,富邦�琤肭磪囓�2,29,0,29,大昌-新店,2024-01-10,6464
2426,鼎元,27,0,27,大昌-新店,2024-01-10,6464
1101,台泥,26,0,26,大昌-新店,2024-01-10,6464
2885,元大金,25,0,25,大昌-新店,2024-01-10,6464
1314,中石化,30,5,25,大昌-新店,2024-01-10,6464
2002,中鋼,24,0,24,大昌-新店,2024-01-10,6464
9907,統一實,23,0,23,大昌-新店,2024-01-10,6464
2303,聯電,31,9,22,大昌-新店,2024-01-10,6464
2906,高林,22,0,22,大昌-新店,2024-01-10,6464
5608,四維航,21,1,20,大昌-新店,2024-01-10,6464
2356,英業達,69,49,20,大昌-新店,2024-01-10,6464
1325,恆大,25,5,20,大昌-新店,2024-01-10,6464
2308,台達電,20,1,19,大昌-新店,2024-01-10,6464
3645,達邁,20,1,19,大昌-新店,2024-01-10,6464
2498,宏達電,28,11,17,大昌-新店,2024-01-10,6464
00770,國泰北美科技,17,0,17,大昌-新店,2024-01-10,6464
00930,永豐ESG低碳高息,17,0,17,大昌-新店,2024-01-10,6464
2520,冠德,17,0,17,大昌-新店,2024-01-10,6464
00878,國泰永續高股息,29,13,16,大昌-新店,2024-01-10,6464
00650L,復華香港正2,16,0,16,大昌-新店,2024-01-10,6464
4533,協易機,16,0,16,大昌-新店,2024-01-10,6464
9958,世紀鋼,21,5,16,大昌-新店,2024-01-10,6464
6116,彩晶,15,0,15,大昌-新店,2024-01-10,6464
6139,亞翔,33,18,15,大昌-新店,2024-01-10,6464
2312,金寶,31,16,15,大昌-新店,2024-01-10,6464
1301,台塑,15,1,14,大昌-新店,2024-01-10,6464
00918,大華優利高填息30,15,1,14,大昌-新店,2024-01-10,6464
2603,長榮,67,53,14,大昌-新店,2024-01-10,6464
2892,第一金,13,0,13,大昌-新店,2024-01-10,6464
0056,元大高股息,32,19,13,大昌-新店,2024-01-10,6464
5876,上海商銀,13,0,13,大昌-新店,2024-01-10,6464
2353,宏��,282,52,230,大昌-新店,2024-01-11,6464
00908,富邦入息REITs+,150,0,150,大昌-新店,2024-01-11,6464
2882,國泰金,119,1,118,大昌-新店,2024-01-11,6464
9105,泰金寶-DR,110,0,110,大昌-新店,2024-01-11,6464
6226,光鼎,109,0,109,大昌-新店,2024-01-11,6464
00882,中信中國高股息,121,12,109,大昌-新店,2024-01-11,6464
00917,中信特選金融,94,0,94,大昌-新店,2024-01-11,6464
00929,復華台灣科技優息,112,35,77,大昌-新店,2024-01-11,6464
00795B,中信美國公債20年,71,2,69,大昌-新店,2024-01-11,6464
2371,大同,79,24,55,大昌-新店,2024-01-11,6464
00712,復華富時不動產,67,13,54,大昌-新店,2024-01-11,6464
2362,藍天,62,11,51,大昌-新店,2024-01-11,6464
2303,聯電,46,5,41,大昌-新店,2024-01-11,6464
6695,芯鼎,49,9,40,大昌-新店,2024-01-11,6464
2881,富邦金,40,1,39,大昌-新店,2024-01-11,6464
6120,達運,61,22,39,大昌-新店,2024-01-11,6464
6140,訊達,68,29,39,大昌-新店,2024-01-11,6464
1605,華新,41,3,38,大昌-新店,2024-01-11,6464
5483,中美晶,49,14,35,大昌-新店,2024-01-11,6464
00687B,國泰20年美債,35,0,35,大昌-新店,2024-01-11,6464
2883,凱基金,38,6,32,大昌-新店,2024-01-11,6464
2449,京元電子,58,27,31,大昌-新店,2024-01-11,6464
2897,王道銀行,51,20,31,大昌-新店,2024-01-11,6464
2409,友達,61,34,27,大昌-新店,2024-01-11,6464
2331,精英,49,23,26,大昌-新店,2024-01-11,6464
2610,華航,44,18,26,大昌-新店,2024-01-11,6464
1301,台塑,31,5,26,大昌-新店,2024-01-11,6464
1466,聚隆,24,0,24,大昌-新店,2024-01-11,6464
1504,東元,30,7,23,大昌-新店,2024-01-11,6464
2408,南亞科,29,6,23,大昌-新店,2024-01-11,6464
1519,華城,83,61,22,大昌-新店,2024-01-11,6464
6170,統振,22,0,22,大昌-新店,2024-01-11,6464
6163,華電網,24,2,22,大昌-新店,2024-01-11,6464
2605,新興,23,2,21,大昌-新店,2024-01-11,6464
2867,三商壽,20,0,20,大昌-新店,2024-01-11,6464
2884,玉山金,22,2,20,大昌-新店,2024-01-11,6464
1616,億泰,20,0,20,大昌-新店,2024-01-11,6464
5521,工信,27,8,19,大昌-新店,2024-01-11,6464
00933B,國泰10Y+金融債,18,0,18,大昌-新店,2024-01-11,6464
00706L,期元大S＆P日圓正2,18,0,18,大昌-新店,2024-01-11,6464
2201,裕隆,24,6,18,大昌-新店,2024-01-11,6464
2323,中環,20,2,18,大昌-新店,2024-01-11,6464
2634,漢翔,24,8,16,大昌-新店,2024-01-11,6464
00919,群益台灣精選高息,53,37,16,大昌-新店,2024-01-11,6464
2344,華邦電,20,5,15,大昌-新店,2024-01-11,6464
00680L,元大美債20正2,15,0,15,大昌-新店,2024-01-11,6464
2454,聯發科,16,1,15,大昌-新店,2024-01-11,6464
00770,國泰北美科技,14,0,14,大昌-新店,2024-01-11,6464
6133,金橋,13,0,13,大昌-新店,2024-01-11,6464
00927,群益半導體收益,16,3,13,大昌-新店,2024-01-11,6464
00929,復華台灣科技優息,398,10,388,大昌-新店,2024-01-12,6464
1528,恩德,234,12,222,大昌-新店,2024-01-12,6464
00680L,元大美債20正2,214,0,214,大昌-新店,2024-01-12,6464
00637L,元大滬深300正2,498,335,163,大昌-新店,2024-01-12,6464
2890,永豐金,84,2,82,大昌-新店,2024-01-12,6464
2892,第一金,81,1,80,大昌-新店,2024-01-12,6464
00927,群益半導體收益,85,5,80,大昌-新店,2024-01-12,6464
2641,正德,64,3,61,大昌-新店,2024-01-12,6464
00917,中信特選金融,60,0,60,大昌-新店,2024-01-12,6464
4533,協易機,60,1,59,大昌-新店,2024-01-12,6464
0056,元大高股息,58,2,56,大昌-新店,2024-01-12,6464
2618,長榮航,66,14,52,大昌-新店,2024-01-12,6464
3708,上緯投控,50,0,50,大昌-新店,2024-01-12,6464
2208,台船,65,16,49,大昌-新店,2024-01-12,6464
00642U,期元大S＆P石油,51,7,44,大昌-新店,2024-01-12,6464
00713,元大台灣高息低波,44,2,42,大昌-新店,2024-01-12,6464
00830,國泰費城半導體,42,0,42,大昌-新店,2024-01-12,6464
5603,陸海,41,0,41,大昌-新店,2024-01-12,6464
6770,力積電,49,10,39,大昌-新店,2024-01-12,6464
2409,友達,35,1,34,大昌-新店,2024-01-12,6464
8034,榮群,71,38,33,大昌-新店,2024-01-12,6464
00753L,中信中國50正2,33,0,33,大昌-新店,2024-01-12,6464
2303,聯電,126,94,32,大昌-新店,2024-01-12,6464
00937B,群益ESG投等債20,32,0,32,大昌-新店,2024-01-12,6464
2201,裕隆,32,2,30,大昌-新店,2024-01-12,6464
6129,普誠,30,0,30,大昌-新店,2024-01-12,6464
2883,凱基金,37,7,30,大昌-新店,2024-01-12,6464
5347,世界,31,1,30,大昌-新店,2024-01-12,6464
2329,華泰,52,25,27,大昌-新店,2024-01-12,6464
00714,群益道瓊美國地產,26,0,26,大昌-新店,2024-01-12,6464
3481,群創,62,37,25,大昌-新店,2024-01-12,6464
2891,中信金,24,0,24,大昌-新店,2024-01-12,6464
2605,新興,24,0,24,大昌-新店,2024-01-12,6464
00900,富邦特選高股息30,21,0,21,大昌-新店,2024-01-12,6464
00650L,復華香港正2,24,3,21,大昌-新店,2024-01-12,6464
5386,青雲,23,2,21,大昌-新店,2024-01-12,6464
1301,台塑,21,0,21,大昌-新店,2024-01-12,6464
6116,彩晶,25,5,20,大昌-新店,2024-01-12,6464
2371,大同,34,14,20,大昌-新店,2024-01-12,6464
00882,中信中國高股息,23,4,19,大昌-新店,2024-01-12,6464
2365,昆盈,19,2,17,大昌-新店,2024-01-12,6464
5880,合庫金,101,85,16,大昌-新店,2024-01-12,6464
00936,台新永續高息中小,15,0,15,大昌-新店,2024-01-12,6464
00903,富邦元宇宙,15,0,15,大昌-新店,2024-01-12,6464
00641R,富邦日本反1,15,0,15,大昌-新店,2024-01-12,6464
2610,華航,48,33,15,大昌-新店,2024-01-12,6464
00850,元大臺灣ESG永續,15,0,15,大昌-新店,2024-01-12,6464
2449,京元電子,35,20,15,大昌-新店,2024-01-12,6464
3363,上詮,17,3,14,大昌-新店,2024-01-12,6464
3033,威健,20,6,14,大昌-新店,2024-01-12,6464
00917,中信特選金融,258,0,258,大昌-新店,2024-01-15,6464
00929,復華台灣科技優息,268,12,256,大昌-新店,2024-01-15,6464
1528,恩德,163,5,158,大昌-新店,2024-01-15,6464
00908,富邦入息REITs+,155,0,155,大昌-新店,2024-01-15,6464
00632R,元大台灣50反1,190,47,143,大昌-新店,2024-01-15,6464
00714,群益道瓊美國地產,124,0,124,大昌-新店,2024-01-15,6464
00882,中信中國高股息,115,0,115,大昌-新店,2024-01-15,6464
2610,華航,167,60,107,大昌-新店,2024-01-15,6464
3231,緯創,160,78,82,大昌-新店,2024-01-15,6464
2356,英業達,85,27,58,大昌-新店,2024-01-15,6464
00878,國泰永續高股息,74,19,55,大昌-新店,2024-01-15,6464
2634,漢翔,57,3,54,大昌-新店,2024-01-15,6464
9919,康那香,50,1,49,大昌-新店,2024-01-15,6464
2329,華泰,68,19,49,大昌-新店,2024-01-15,6464
3481,群創,92,46,46,大昌-新店,2024-01-15,6464
2618,長榮航,60,20,40,大昌-新店,2024-01-15,6464
1612,宏泰,37,1,36,大昌-新店,2024-01-15,6464
2353,宏��,138,103,35,大昌-新店,2024-01-15,6464
3607,谷崧,35,0,35,大昌-新店,2024-01-15,6464
2376,技嘉,40,7,33,大昌-新店,2024-01-15,6464
8070,長華*,30,0,30,大昌-新店,2024-01-15,6464
4960,誠美材,30,1,29,大昌-新店,2024-01-15,6464
2409,友達,29,1,28,大昌-新店,2024-01-15,6464
0056,元大高股息,29,3,26,大昌-新店,2024-01-15,6464
3017,奇鋐,32,7,25,大昌-新店,2024-01-15,6464
00770,國泰北美科技,26,1,25,大昌-新店,2024-01-15,6464
2382,廣達,37,13,24,大昌-新店,2024-01-15,6464
2883,凱基金,51,27,24,大昌-新店,2024-01-15,6464
00642U,期元大S＆P石油,24,0,24,大昌-新店,2024-01-15,6464
2888,新光金,40,19,21,大昌-新店,2024-01-15,6464
2362,藍天,24,3,21,大昌-新店,2024-01-15,6464
1325,恆大,20,0,20,大昌-新店,2024-01-15,6464
2801,彰銀,21,1,20,大昌-新店,2024-01-15,6464
00680L,元大美債20正2,21,1,20,大昌-新店,2024-01-15,6464
1733,五鼎,19,0,19,大昌-新店,2024-01-15,6464
5426,振發,43,25,18,大昌-新店,2024-01-15,6464
2344,華邦電,51,33,18,大昌-新店,2024-01-15,6464
1732,毛寶,20,2,18,大昌-新店,2024-01-15,6464
00665L,富邦�琤肭磪囓�2,17,0,17,大昌-新店,2024-01-15,6464
00937B,群益ESG投等債20,24,7,17,大昌-新店,2024-01-15,6464
2630,亞航,29,13,16,大昌-新店,2024-01-15,6464
1326,台化,16,0,16,大昌-新店,2024-01-15,6464
2324,仁寶,20,4,16,大昌-新店,2024-01-15,6464
3041,揚智,17,2,15,大昌-新店,2024-01-15,6464
2313,華通,23,8,15,大昌-新店,2024-01-15,6464
2845,遠東銀,14,0,14,大昌-新店,2024-01-15,6464
3548,兆利,22,8,14,大昌-新店,2024-01-15,6464
5244,弘凱,15,1,14,大昌-新店,2024-01-15,6464
00753L,中信中國50正2,16,2,14,大昌-新店,2024-01-15,6464
2731,雄獅,15,2,13,大昌-新店,2024-01-15,6464
00929,復華台灣科技優息,275,4,271,大昌-新店,2024-01-16,6464
0050,元大台灣50,248,2,246,大昌-新店,2024-01-16,6464
2883,凱基金,253,12,241,大昌-新店,2024-01-16,6464
00772B,中信高評級公司債,240,0,240,大昌-新店,2024-01-16,6464
00881,國泰台灣5G+,241,6,235,大昌-新店,2024-01-16,6464
0056,元大高股息,202,36,166,大昌-新店,2024-01-16,6464
1528,恩德,166,10,156,大昌-新店,2024-01-16,6464
00720B,元大投資級公司債,130,10,120,大昌-新店,2024-01-16,6464
00917,中信特選金融,100,0,100,大昌-新店,2024-01-16,6464
2618,長榮航,100,7,93,大昌-新店,2024-01-16,6464
2888,新光金,89,0,89,大昌-新店,2024-01-16,6464
2610,華航,100,21,79,大昌-新店,2024-01-16,6464
2890,永豐金,68,0,68,大昌-新店,2024-01-16,6464
00919,群益台灣精選高息,92,26,66,大昌-新店,2024-01-16,6464
00927,群益半導體收益,72,6,66,大昌-新店,2024-01-16,6464
2353,宏��,154,95,59,大昌-新店,2024-01-16,6464
00719B,元大美債1-3,64,9,55,大昌-新店,2024-01-16,6464
6126,信音,53,0,53,大昌-新店,2024-01-16,6464
1609,大亞,64,17,47,大昌-新店,2024-01-16,6464
2312,金寶,59,12,47,大昌-新店,2024-01-16,6464
2308,台達電,45,1,44,大昌-新店,2024-01-16,6464
00904,新光臺灣半導體30,51,10,41,大昌-新店,2024-01-16,6464
00724B,群益投資級金融債,41,0,41,大昌-新店,2024-01-16,6464
2891,中信金,47,7,40,大昌-新店,2024-01-16,6464
1326,台化,41,4,37,大昌-新店,2024-01-16,6464
2324,仁寶,37,1,36,大昌-新店,2024-01-16,6464
2867,三商壽,66,30,36,大昌-新店,2024-01-16,6464
2882,國泰金,35,0,35,大昌-新店,2024-01-16,6464
00858,永豐美國500大,35,0,35,大昌-新店,2024-01-16,6464
5521,工信,30,0,30,大昌-新店,2024-01-16,6464
2486,一詮,40,11,29,大昌-新店,2024-01-16,6464
00637L,元大滬深300正2,205,177,28,大昌-新店,2024-01-16,6464
2603,長榮,32,5,27,大昌-新店,2024-01-16,6464
1101,台泥,33,6,27,大昌-新店,2024-01-16,6464
1301,台塑,37,10,27,大昌-新店,2024-01-16,6464
2885,元大金,25,0,25,大昌-新店,2024-01-16,6464
8096,擎亞,37,12,25,大昌-新店,2024-01-16,6464
2887,台新金,25,0,25,大昌-新店,2024-01-16,6464
2906,高林,24,0,24,大昌-新店,2024-01-16,6464
8936,國統,28,5,23,大昌-新店,2024-01-16,6464
8440,綠電,22,0,22,大昌-新店,2024-01-16,6464
6116,彩晶,27,7,20,大昌-新店,2024-01-16,6464
2449,京元電子,27,7,20,大昌-新店,2024-01-16,6464
1310,台苯,21,1,20,大昌-新店,2024-01-16,6464
1773,勝一,20,0,20,大昌-新店,2024-01-16,6464
4529,淳紳,20,0,20,大昌-新店,2024-01-16,6464
2102,泰豐,20,0,20,大昌-新店,2024-01-16,6464
1806,冠軍,20,0,20,大昌-新店,2024-01-16,6464
0061,元大寶滬深,31,11,20,大昌-新店,2024-01-16,6464
5876,上海商銀,20,0,20,大昌-新店,2024-01-16,6464
00929,復華台灣科技優息,575,20,555,大昌-新店,2024-01-17,6464
2303,聯電,416,84,332,大昌-新店,2024-01-17,6464
2883,凱基金,278,21,257,大昌-新店,2024-01-17,6464
00917,中信特選金融,210,0,210,大昌-新店,2024-01-17,6464
2834,臺企銀,257,50,207,大昌-新店,2024-01-17,6464
00908,富邦入息REITs+,200,0,200,大昌-新店,2024-01-17,6464
1528,恩德,209,29,180,大昌-新店,2024-01-17,6464
00882,中信中國高股息,294,115,179,大昌-新店,2024-01-17,6464
0056,元大高股息,234,58,176,大昌-新店,2024-01-17,6464
00795B,中信美國公債20年,171,0,171,大昌-新店,2024-01-17,6464
2888,新光金,123,0,123,大昌-新店,2024-01-17,6464
3710,連展投控,100,0,100,大昌-新店,2024-01-17,6464
1227,佳格,100,0,100,大昌-新店,2024-01-17,6464
00714,群益道瓊美國地產,100,0,100,大昌-新店,2024-01-17,6464
2344,華邦電,90,12,78,大昌-新店,2024-01-17,6464
00937B,群益ESG投等債20,91,14,77,大昌-新店,2024-01-17,6464
00927,群益半導體收益,77,0,77,大昌-新店,2024-01-17,6464
2409,友達,67,3,64,大昌-新店,2024-01-17,6464
2371,大同,108,50,58,大昌-新店,2024-01-17,6464
2353,宏��,167,110,57,大昌-新店,2024-01-17,6464
0050,元大台灣50,56,1,55,大昌-新店,2024-01-17,6464
00706L,期元大S＆P日圓正2,60,5,55,大昌-新店,2024-01-17,6464
2356,英業達,140,86,54,大昌-新店,2024-01-17,6464
2313,華通,62,8,54,大昌-新店,2024-01-17,6464
00724B,群益投資級金融債,51,0,51,大昌-新店,2024-01-17,6464
00720B,元大投資級公司債,67,20,47,大昌-新店,2024-01-17,6464
2882,國泰金,46,0,46,大昌-新店,2024-01-17,6464
2886,兆豐金,43,1,42,大昌-新店,2024-01-17,6464
6243,迅杰,82,42,40,大昌-新店,2024-01-17,6464
00753L,中信中國50正2,38,0,38,大昌-新店,2024-01-17,6464
4529,淳紳,49,11,38,大昌-新店,2024-01-17,6464
2002,中鋼,50,15,35,大昌-新店,2024-01-17,6464
2337,旺宏,37,3,34,大昌-新店,2024-01-17,6464
3265,台星科,36,2,34,大昌-新店,2024-01-17,6464
2892,第一金,34,0,34,大昌-新店,2024-01-17,6464
2603,長榮,41,8,33,大昌-新店,2024-01-17,6464
5880,合庫金,31,0,31,大昌-新店,2024-01-17,6464
2609,陽明,47,16,31,大昌-新店,2024-01-17,6464
6770,力積電,41,11,30,大昌-新店,2024-01-17,6464
2887,台新金,86,57,29,大昌-新店,2024-01-17,6464
00878,國泰永續高股息,80,51,29,大昌-新店,2024-01-17,6464
00665L,富邦�琤肭磪囓�2,124,95,29,大昌-新店,2024-01-17,6464
00633L,富邦上証正2,54,25,29,大昌-新店,2024-01-17,6464
00641R,富邦日本反1,29,0,29,大昌-新店,2024-01-17,6464
2481,強茂,28,0,28,大昌-新店,2024-01-17,6464
2486,一詮,46,19,27,大昌-新店,2024-01-17,6464
3708,上緯投控,26,0,26,大昌-新店,2024-01-17,6464
1605,華新,35,9,26,大昌-新店,2024-01-17,6464
00687B,國泰20年美債,26,0,26,大昌-新店,2024-01-17,6464
1504,東元,30,4,26,大昌-新店,2024-01-17,6464
2542,興富發,284,22,262,大昌-新店,2024-01-18,6464
00632R,元大台灣50反1,303,124,179,大昌-新店,2024-01-18,6464
00637L,元大滬深300正2,636,460,176,大昌-新店,2024-01-18,6464
00929,復華台灣科技優息,158,19,139,大昌-新店,2024-01-18,6464
2888,新光金,112,0,112,大昌-新店,2024-01-18,6464
00882,中信中國高股息,94,0,94,大昌-新店,2024-01-18,6464
0056,元大高股息,94,9,85,大昌-新店,2024-01-18,6464
00687B,國泰20年美債,85,2,83,大昌-新店,2024-01-18,6464
00919,群益台灣精選高息,83,4,79,大昌-新店,2024-01-18,6464
4960,誠美材,79,7,72,大昌-新店,2024-01-18,6464
2303,聯電,106,40,66,大昌-新店,2024-01-18,6464
2897,王道銀行,62,0,62,大昌-新店,2024-01-18,6464
00937B,群益ESG投等債20,60,1,59,大昌-新店,2024-01-18,6464
2313,華通,62,11,51,大昌-新店,2024-01-18,6464
00795B,中信美國公債20年,42,0,42,大昌-新店,2024-01-18,6464
00714,群益道瓊美國地產,40,0,40,大昌-新店,2024-01-18,6464
2382,廣達,57,18,39,大昌-新店,2024-01-18,6464
00712,復華富時不動產,46,10,36,大昌-新店,2024-01-18,6464
00641R,富邦日本反1,31,0,31,大昌-新店,2024-01-18,6464
00908,富邦入息REITs+,30,0,30,大昌-新店,2024-01-18,6464
6129,普誠,31,2,29,大昌-新店,2024-01-18,6464
2801,彰銀,27,0,27,大昌-新店,2024-01-18,6464
6005,群益證,27,0,27,大昌-新店,2024-01-18,6464
2371,大同,26,0,26,大昌-新店,2024-01-18,6464
2324,仁寶,50,25,25,大昌-新店,2024-01-18,6464
3017,奇鋐,34,11,23,大昌-新店,2024-01-18,6464
8215,明基材,32,9,23,大昌-新店,2024-01-18,6464
1609,大亞,34,12,22,大昌-新店,2024-01-18,6464
00680L,元大美債20正2,23,1,22,大昌-新店,2024-01-18,6464
2887,台新金,21,0,21,大昌-新店,2024-01-18,6464
00633L,富邦上証正2,26,6,20,大昌-新店,2024-01-18,6464
00665L,富邦�琤肭磪囓�2,22,2,20,大昌-新店,2024-01-18,6464
2323,中環,20,0,20,大昌-新店,2024-01-18,6464
3276,宇環,25,5,20,大昌-新店,2024-01-18,6464
00753L,中信中國50正2,25,6,19,大昌-新店,2024-01-18,6464
2610,華航,27,9,18,大昌-新店,2024-01-18,6464
1301,台塑,19,3,16,大昌-新店,2024-01-18,6464
2353,宏��,65,49,16,大昌-新店,2024-01-18,6464
6770,力積電,20,4,16,大昌-新店,2024-01-18,6464
6274,台燿,16,0,16,大昌-新店,2024-01-18,6464
00728,第一金工業30,15,0,15,大昌-新店,2024-01-18,6464
0050,元大台灣50,16,1,15,大昌-新店,2024-01-18,6464
5880,合庫金,15,0,15,大昌-新店,2024-01-18,6464
3537,堡達,15,0,15,大昌-新店,2024-01-18,6464
2892,第一金,15,1,14,大昌-新店,2024-01-18,6464
2409,友達,124,110,14,大昌-新店,2024-01-18,6464
00878,國泰永續高股息,39,26,13,大昌-新店,2024-01-18,6464
2405,輔信,17,4,13,大昌-新店,2024-01-18,6464
1560,中砂,20,7,13,大昌-新店,2024-01-18,6464
6116,彩晶,28,15,13,大昌-新店,2024-01-18,6464
00937B,群益ESG投等債20,114,4,110,大昌-新店,2024-01-19,6464
2344,華邦電,126,18,108,大昌-新店,2024-01-19,6464
2609,陽明,117,18,99,大昌-新店,2024-01-19,6464
2887,台新金,103,4,99,大昌-新店,2024-01-19,6464
2618,長榮航,95,4,91,大昌-新店,2024-01-19,6464
00712,復華富時不動產,76,0,76,大昌-新店,2024-01-19,6464
00679B,元大美債20年,70,0,70,大昌-新店,2024-01-19,6464
00795B,中信美國公債20年,60,0,60,大昌-新店,2024-01-19,6464
00664R,國泰臺灣加權反1,58,0,58,大昌-新店,2024-01-19,6464
00904,新光臺灣半導體30,55,0,55,大昌-新店,2024-01-19,6464
2303,聯電,82,28,54,大昌-新店,2024-01-19,6464
6026,福邦證,53,0,53,大昌-新店,2024-01-19,6464
2883,凱基金,113,62,51,大昌-新店,2024-01-19,6464
00724B,群益投資級金融債,49,0,49,大昌-新店,2024-01-19,6464
3024,憶聲,43,0,43,大昌-新店,2024-01-19,6464
00882,中信中國高股息,94,54,40,大昌-新店,2024-01-19,6464
6285,啟��,47,10,37,大昌-新店,2024-01-19,6464
00687B,國泰20年美債,56,20,36,大昌-新店,2024-01-19,6464
8096,擎亞,43,8,35,大昌-新店,2024-01-19,6464
2408,南亞科,48,14,34,大昌-新店,2024-01-19,6464
3576,聯合再生,34,2,32,大昌-新店,2024-01-19,6464
2002,中鋼,32,3,29,大昌-新店,2024-01-19,6464
2317,鴻海,33,7,26,大昌-新店,2024-01-19,6464
1514,亞力,36,12,24,大昌-新店,2024-01-19,6464
5880,合庫金,25,1,24,大昌-新店,2024-01-19,6464
8112,至上,24,0,24,大昌-新店,2024-01-19,6464
00931B,統一美債20年,23,0,23,大昌-新店,2024-01-19,6464
00680L,元大美債20正2,22,0,22,大昌-新店,2024-01-19,6464
6770,力積電,21,1,20,大昌-新店,2024-01-19,6464
8924,大田,20,0,20,大昌-新店,2024-01-19,6464
5876,上海商銀,21,1,20,大昌-新店,2024-01-19,6464
9105,泰金寶-DR,25,5,20,大昌-新店,2024-01-19,6464
6695,芯鼎,42,23,19,大昌-新店,2024-01-19,6464
2603,長榮,22,4,18,大昌-新店,2024-01-19,6464
0056,元大高股息,42,24,18,大昌-新店,2024-01-19,6464
2409,友達,51,33,18,大昌-新店,2024-01-19,6464
6120,達運,24,7,17,大昌-新店,2024-01-19,6464
00911,兆豐洲際半導體,17,0,17,大昌-新店,2024-01-19,6464
1101,台泥,16,0,16,大昌-新店,2024-01-19,6464
3374,精材,18,2,16,大昌-新店,2024-01-19,6464
00857B,永豐20年美公債,16,0,16,大昌-新店,2024-01-19,6464
6233,旺玖,46,32,14,大昌-新店,2024-01-19,6464
00772B,中信高評級公司債,14,0,14,大昌-新店,2024-01-19,6464
1314,中石化,19,6,13,大昌-新店,2024-01-19,6464
8043,蜜望實,13,0,13,大昌-新店,2024-01-19,6464
2353,宏��,79,66,13,大昌-新店,2024-01-19,6464
2392,正崴,14,2,12,大昌-新店,2024-01-19,6464
2637,慧洋-KY,18,6,12,大昌-新店,2024-01-19,6464
5439,高技,12,0,12,大昌-新店,2024-01-19,6464
2324,仁寶,39,28,11,大昌-新店,2024-01-19,6464
00937B,群益ESG投等債20,171,0,171,大昌-新店,2024-01-22,6464
9105,泰金寶-DR,154,5,149,大昌-新店,2024-01-22,6464
00882,中信中國高股息,125,6,119,大昌-新店,2024-01-22,6464
1504,東元,110,0,110,大昌-新店,2024-01-22,6464
6126,信音,160,70,90,大昌-新店,2024-01-22,6464
2344,華邦電,78,10,68,大昌-新店,2024-01-22,6464
00665L,富邦�琤肭磪囓�2,110,44,66,大昌-新店,2024-01-22,6464
2618,長榮航,95,40,55,大昌-新店,2024-01-22,6464
2834,臺企銀,50,0,50,大昌-新店,2024-01-22,6464
00753L,中信中國50正2,78,29,49,大昌-新店,2024-01-22,6464
2603,長榮,98,49,49,大昌-新店,2024-01-22,6464
2353,宏��,217,177,40,大昌-新店,2024-01-22,6464
8213,志超,39,0,39,大昌-新店,2024-01-22,6464
2329,華泰,155,119,36,大昌-新店,2024-01-22,6464
2892,第一金,36,1,35,大昌-新店,2024-01-22,6464
2883,凱基金,47,12,35,大昌-新店,2024-01-22,6464
2610,華航,38,4,34,大昌-新店,2024-01-22,6464
00712,復華富時不動產,30,0,30,大昌-新店,2024-01-22,6464
2419,仲琦,29,0,29,大昌-新店,2024-01-22,6464
00688L,國泰20年美債正2,28,0,28,大昌-新店,2024-01-22,6464
00720B,元大投資級公司債,33,6,27,大昌-新店,2024-01-22,6464
6243,迅杰,47,21,26,大昌-新店,2024-01-22,6464
6116,彩晶,28,2,26,大昌-新店,2024-01-22,6464
8054,安國,42,17,25,大昌-新店,2024-01-22,6464
00933B,國泰10Y+金融債,28,4,24,大昌-新店,2024-01-22,6464
2408,南亞科,31,7,24,大昌-新店,2024-01-22,6464
2609,陽明,39,16,23,大昌-新店,2024-01-22,6464
3615,安可,25,3,22,大昌-新店,2024-01-22,6464
00633L,富邦上証正2,29,8,21,大昌-新店,2024-01-22,6464
3675,德微,20,0,20,大昌-新店,2024-01-22,6464
2337,旺宏,26,6,20,大昌-新店,2024-01-22,6464
5608,四維航,30,10,20,大昌-新店,2024-01-22,6464
6285,啟��,28,9,19,大昌-新店,2024-01-22,6464
2912,統一超,19,0,19,大昌-新店,2024-01-22,6464
5426,振發,30,12,18,大昌-新店,2024-01-22,6464
1216,統一,18,0,18,大昌-新店,2024-01-22,6464
2888,新光金,15,0,15,大昌-新店,2024-01-22,6464
2317,鴻海,16,1,15,大昌-新店,2024-01-22,6464
2801,彰銀,13,0,13,大昌-新店,2024-01-22,6464
4938,和碩,13,0,13,大昌-新店,2024-01-22,6464
00671R,富邦NASDAQ反1,13,0,13,大昌-新店,2024-01-22,6464
00632R,元大台灣50反1,39,26,13,大昌-新店,2024-01-22,6464
2409,友達,17,4,13,大昌-新店,2024-01-22,6464
1101,台泥,14,1,13,大昌-新店,2024-01-22,6464
2201,裕隆,12,0,12,大昌-新店,2024-01-22,6464
2308,台達電,17,5,12,大昌-新店,2024-01-22,6464
00795B,中信美國公債20年,12,0,12,大昌-新店,2024-01-22,6464
3522,御嵿,12,0,12,大昌-新店,2024-01-22,6464
00680L,元大美債20正2,12,0,12,大昌-新店,2024-01-22,6464
9906,欣巴巴,12,0,12,大昌-新店,2024-01-22,6464
00637L,元大滬深300正2,1285,283,1002,大昌-新店,2024-01-23,6464
1504,東元,228,11,217,大昌-新店,2024-01-23,6464
00632R,元大台灣50反1,144,20,124,大昌-新店,2024-01-23,6464
00665L,富邦�琤肭磪囓�2,155,40,115,大昌-新店,2024-01-23,6464
2834,臺企銀,111,3,108,大昌-新店,2024-01-23,6464
00937B,群益ESG投等債20,145,50,95,大昌-新店,2024-01-23,6464
2609,陽明,88,15,73,大昌-新店,2024-01-23,6464
2887,台新金,57,5,52,大昌-新店,2024-01-23,6464
5521,工信,44,4,40,大昌-新店,2024-01-23,6464
00795B,中信美國公債20年,41,5,36,大昌-新店,2024-01-23,6464
9105,泰金寶-DR,50,15,35,大昌-新店,2024-01-23,6464
3059,華晶科,39,9,30,大昌-新店,2024-01-23,6464
2308,台達電,34,10,24,大昌-新店,2024-01-23,6464
8059,凱碩,36,14,22,大昌-新店,2024-01-23,6464
2486,一詮,46,26,20,大昌-新店,2024-01-23,6464
6120,達運,35,15,20,大昌-新店,2024-01-23,6464
5498,凱崴,20,0,20,大昌-新店,2024-01-23,6464
2344,華邦電,29,10,19,大昌-新店,2024-01-23,6464
3675,德微,19,1,18,大昌-新店,2024-01-23,6464
8096,擎亞,25,7,18,大昌-新店,2024-01-23,6464
3615,安可,23,6,17,大昌-新店,2024-01-23,6464
2880,華南金,16,0,16,大昌-新店,2024-01-23,6464
6425,易發,17,1,16,大昌-新店,2024-01-23,6464
2449,京元電子,18,3,15,大昌-新店,2024-01-23,6464
5876,上海商銀,20,6,14,大昌-新店,2024-01-23,6464
4956,光鋐,29,15,14,大昌-新店,2024-01-23,6464
2329,華泰,142,129,13,大昌-新店,2024-01-23,6464
2610,華航,36,23,13,大昌-新店,2024-01-23,6464
3712,永崴投控,32,19,13,大昌-新店,2024-01-23,6464
6488,環球晶,14,1,13,大昌-新店,2024-01-23,6464
8489,三貝德,12,0,12,大昌-新店,2024-01-23,6464
2390,云辰,13,1,12,大昌-新店,2024-01-23,6464
00688L,國泰20年美債正2,12,0,12,大昌-新店,2024-01-23,6464
00929,復華台灣科技優息,36,24,12,大昌-新店,2024-01-23,6464
2454,聯發科,12,0,12,大昌-新店,2024-01-23,6464
1301,台塑,13,2,11,大昌-新店,2024-01-23,6464
2385,群光,11,0,11,大昌-新店,2024-01-23,6464
2886,兆豐金,13,2,11,大昌-新店,2024-01-23,6464
1815,富喬,15,4,11,大昌-新店,2024-01-23,6464
00918,大華優利高填息30,12,1,11,大昌-新店,2024-01-23,6464
2885,元大金,11,0,11,大昌-新店,2024-01-23,6464
8932,智通*,10,0,10,大昌-新店,2024-01-23,6464
00933B,國泰10Y+金融債,10,0,10,大昌-新店,2024-01-23,6464
8201,無敵,11,1,10,大昌-新店,2024-01-23,6464
3041,揚智,11,1,10,大昌-新店,2024-01-23,6464
1342,八貫,10,0,10,大昌-新店,2024-01-23,6464
2605,新興,13,4,9,大昌-新店,2024-01-23,6464
6140,訊達,52,43,9,大昌-新店,2024-01-23,6464
6770,力積電,15,7,8,大昌-新店,2024-01-23,6464
2316,楠梓電,8,0,8,大昌-新店,2024-01-23,6464
00739,元大MSCI A股,310,0,310,大昌-新店,2024-01-24,6464
00937B,群益ESG投等債20,311,1,310,大昌-新店,2024-01-24,6464
00753L,中信中國50正2,221,12,209,大昌-新店,2024-01-24,6464
00632R,元大台灣50反1,208,5,203,大昌-新店,2024-01-24,6464
6120,達運,179,0,179,大昌-新店,2024-01-24,6464
9105,泰金寶-DR,114,10,104,大昌-新店,2024-01-24,6464
00650L,復華香港正2,111,29,82,大昌-新店,2024-01-24,6464
00885,富邦越南,61,2,59,大昌-新店,2024-01-24,6464
2324,仁寶,80,25,55,大昌-新店,2024-01-24,6464
00933B,國泰10Y+金融債,51,0,51,大昌-新店,2024-01-24,6464
00687B,國泰20年美債,51,0,51,大昌-新店,2024-01-24,6464
00935,野村臺灣新科技50,52,5,47,大昌-新店,2024-01-24,6464
00665L,富邦�琤肭磪囓�2,220,180,40,大昌-新店,2024-01-24,6464
00795B,中信美國公債20年,38,0,38,大昌-新店,2024-01-24,6464
00633L,富邦上証正2,64,27,37,大昌-新店,2024-01-24,6464
2409,友達,72,39,33,大昌-新店,2024-01-24,6464
6173,信昌電,30,0,30,大昌-新店,2024-01-24,6464
0061,元大寶滬深,56,29,27,大昌-新店,2024-01-24,6464
1514,亞力,40,14,26,大昌-新店,2024-01-24,6464
2891,中信金,27,2,25,大昌-新店,2024-01-24,6464
3545,敦泰,32,7,25,大昌-新店,2024-01-24,6464
1560,中砂,24,0,24,大昌-新店,2024-01-24,6464
3615,安可,35,11,24,大昌-新店,2024-01-24,6464
00679B,元大美債20年,25,1,24,大昌-新店,2024-01-24,6464
8050,廣積,27,5,22,大昌-新店,2024-01-24,6464
2889,國票金,31,10,21,大昌-新店,2024-01-24,6464
3049,精金,20,0,20,大昌-新店,2024-01-24,6464
6111,大宇資,32,13,19,大昌-新店,2024-01-24,6464
6026,福邦證,17,0,17,大昌-新店,2024-01-24,6464
6233,旺玖,29,12,17,大昌-新店,2024-01-24,6464
8034,榮群,37,22,15,大昌-新店,2024-01-24,6464
8046,南電,15,1,14,大昌-新店,2024-01-24,6464
2331,精英,30,16,14,大昌-新店,2024-01-24,6464
00688L,國泰20年美債正2,14,0,14,大昌-新店,2024-01-24,6464
00929,復華台灣科技優息,36,23,13,大昌-新店,2024-01-24,6464
5426,振發,43,30,13,大昌-新店,2024-01-24,6464
2308,台達電,13,1,12,大昌-新店,2024-01-24,6464
3622,洋華,22,10,12,大昌-新店,2024-01-24,6464
8201,無敵,12,0,12,大昌-新店,2024-01-24,6464
1101,台泥,12,0,12,大昌-新店,2024-01-24,6464
3522,御嵿,11,0,11,大昌-新店,2024-01-24,6464
2421,建準,25,14,11,大昌-新店,2024-01-24,6464
2344,華邦電,36,25,11,大昌-新店,2024-01-24,6464
00931B,統一美債20年,11,0,11,大昌-新店,2024-01-24,6464
3037,欣興,18,7,11,大昌-新店,2024-01-24,6464
00637L,元大滬深300正2,478,467,11,大昌-新店,2024-01-24,6464
4953,緯軟,12,1,11,大昌-新店,2024-01-24,6464
2618,長榮航,68,57,11,大昌-新店,2024-01-24,6464
2880,華南金,13,3,10,大昌-新店,2024-01-24,6464
2834,臺企銀,10,0,10,大昌-新店,2024-01-24,6464
00919,群益台灣精選高息,282,33,249,大昌-新店,2024-01-25,6464
00929,復華台灣科技優息,267,22,245,大昌-新店,2024-01-25,6464
00937B,群益ESG投等債20,184,14,170,大昌-新店,2024-01-25,6464
00687B,國泰20年美債,168,3,165,大昌-新店,2024-01-25,6464
2344,華邦電,189,31,158,大昌-新店,2024-01-25,6464
3231,緯創,302,174,128,大昌-新店,2024-01-25,6464
00933B,國泰10Y+金融債,74,3,71,大昌-新店,2024-01-25,6464
6116,彩晶,68,5,63,大昌-新店,2024-01-25,6464
00882,中信中國高股息,243,181,62,大昌-新店,2024-01-25,6464
00632R,元大台灣50反1,82,20,62,大昌-新店,2024-01-25,6464
1528,恩德,56,3,53,大昌-新店,2024-01-25,6464
2603,長榮,52,3,49,大昌-新店,2024-01-25,6464
8096,擎亞,83,44,39,大昌-新店,2024-01-25,6464
00795B,中信美國公債20年,39,0,39,大昌-新店,2024-01-25,6464
1609,大亞,43,4,39,大昌-新店,2024-01-25,6464
2356,英業達,126,88,38,大昌-新店,2024-01-25,6464
00679B,元大美債20年,38,0,38,大昌-新店,2024-01-25,6464
5521,工信,47,13,34,大昌-新店,2024-01-25,6464
6142,友勁,30,0,30,大昌-新店,2024-01-25,6464
2486,一詮,28,1,27,大昌-新店,2024-01-25,6464
3708,上緯投控,27,1,26,大昌-新店,2024-01-25,6464
00680L,元大美債20正2,25,0,25,大昌-新店,2024-01-25,6464
4909,新復興,47,23,24,大昌-新店,2024-01-25,6464
4702,中美實,23,0,23,大昌-新店,2024-01-25,6464
8936,國統,30,7,23,大昌-新店,2024-01-25,6464
2884,玉山金,23,1,22,大昌-新店,2024-01-25,6464
3680,家登,21,0,21,大昌-新店,2024-01-25,6464
3545,敦泰,27,7,20,大昌-新店,2024-01-25,6464
6182,合晶,22,2,20,大昌-新店,2024-01-25,6464
6111,大宇資,24,6,18,大昌-新店,2024-01-25,6464
3675,德微,18,2,16,大昌-新店,2024-01-25,6464
2883,凱基金,35,20,15,大昌-新店,2024-01-25,6464
00676R,富邦臺灣加權反1,15,0,15,大昌-新店,2024-01-25,6464
3712,永崴投控,35,20,15,大昌-新店,2024-01-25,6464
2421,建準,27,14,13,大昌-新店,2024-01-25,6464
8034,榮群,17,4,13,大昌-新店,2024-01-25,6464
6191,精成科,17,4,13,大昌-新店,2024-01-25,6464
3558,神準,18,5,13,大昌-新店,2024-01-25,6464
8935,邦泰,12,0,12,大昌-新店,2024-01-25,6464
3437,榮創,14,2,12,大昌-新店,2024-01-25,6464
3013,晟銘電,12,0,12,大昌-新店,2024-01-25,6464
6104,創惟,12,0,12,大昌-新店,2024-01-25,6464
00688L,國泰20年美債正2,12,0,12,大昌-新店,2024-01-25,6464
2618,長榮航,19,8,11,大昌-新店,2024-01-25,6464
00673R,期元大S＆P原油反1,11,0,11,大昌-新店,2024-01-25,6464
3189,景碩,12,1,11,大昌-新店,2024-01-25,6464
2308,台達電,20,9,11,大昌-新店,2024-01-25,6464
00907,永豐優息存股,10,0,10,大昌-新店,2024-01-25,6464
6282,康舒,11,1,10,大昌-新店,2024-01-25,6464
2032,新鋼,25,15,10,大昌-新店,2024-01-25,6464
2303,聯電,532,76,456,大昌-新店,2024-01-26,6464
2324,仁寶,234,17,217,大昌-新店,2024-01-26,6464
1314,中石化,169,10,159,大昌-新店,2024-01-26,6464
00933B,國泰10Y+金融債,135,0,135,大昌-新店,2024-01-26,6464
00937B,群益ESG投等債20,135,13,122,大昌-新店,2024-01-26,6464
1313,聯成,111,2,109,大昌-新店,2024-01-26,6464
00753L,中信中國50正2,125,22,103,大昌-新店,2024-01-26,6464
1309,台達化,100,1,99,大昌-新店,2024-01-26,6464
00919,群益台灣精選高息,99,7,92,大昌-新店,2024-01-26,6464
2353,宏��,184,93,91,大昌-新店,2024-01-26,6464
2365,昆盈,147,95,52,大昌-新店,2024-01-26,6464
0056,元大高股息,54,3,51,大昌-新店,2024-01-26,6464
00878,國泰永續高股息,69,20,49,大昌-新店,2024-01-26,6464
8050,廣積,52,4,48,大昌-新店,2024-01-26,6464
3005,神基,56,10,46,大昌-新店,2024-01-26,6464
5876,上海商銀,50,7,43,大昌-新店,2024-01-26,6464
00632R,元大台灣50反1,49,8,41,大昌-新店,2024-01-26,6464
00929,復華台灣科技優息,73,32,41,大昌-新店,2024-01-26,6464
00664R,國泰臺灣加權反1,36,0,36,大昌-新店,2024-01-26,6464
9907,統一實,36,0,36,大昌-新店,2024-01-26,6464
2329,華泰,68,33,35,大昌-新店,2024-01-26,6464
3066,李洲,39,6,33,大昌-新店,2024-01-26,6464
3037,欣興,43,12,31,大昌-新店,2024-01-26,6464
2201,裕隆,31,0,31,大昌-新店,2024-01-26,6464
2419,仲琦,32,1,31,大昌-新店,2024-01-26,6464
3712,永崴投控,58,28,30,大昌-新店,2024-01-26,6464
3024,憶聲,30,1,29,大昌-新店,2024-01-26,6464
2886,兆豐金,31,2,29,大昌-新店,2024-01-26,6464
00918,大華優利高填息30,28,0,28,大昌-新店,2024-01-26,6464
00687B,國泰20年美債,40,13,27,大昌-新店,2024-01-26,6464
00927,群益半導體收益,26,1,25,大昌-新店,2024-01-26,6464
2892,第一金,23,0,23,大昌-新店,2024-01-26,6464
2382,廣達,70,50,20,大昌-新店,2024-01-26,6464
2427,三商電,20,0,20,大昌-新店,2024-01-26,6464
00739,元大MSCI A股,20,0,20,大昌-新店,2024-01-26,6464
1316,上曜,22,2,20,大昌-新店,2024-01-26,6464
2634,漢翔,24,4,20,大昌-新店,2024-01-26,6464
3276,宇環,25,5,20,大昌-新店,2024-01-26,6464
00633L,富邦上証正2,40,21,19,大昌-新店,2024-01-26,6464
2014,中鴻,20,1,19,大昌-新店,2024-01-26,6464
4714,永捷,20,1,19,大昌-新店,2024-01-26,6464
3035,智原,24,6,18,大昌-新店,2024-01-26,6464
00934,中信成長高股息,18,0,18,大昌-新店,2024-01-26,6464
2603,長榮,22,6,16,大昌-新店,2024-01-26,6464
3312,弘憶股,37,21,16,大昌-新店,2024-01-26,6464
1806,冠軍,16,0,16,大昌-新店,2024-01-26,6464
8096,擎亞,20,4,16,大昌-新店,2024-01-26,6464
5483,中美晶,18,3,15,大昌-新店,2024-01-26,6464
5522,遠雄,15,0,15,大昌-新店,2024-01-26,6464
2486,一詮,28,13,15,大昌-新店,2024-01-26,6464
1314,中石化,155,0,155,大昌-新店,2024-01-29,6464
00739,元大MSCI A股,130,0,130,大昌-新店,2024-01-29,6464
00937B,群益ESG投等債20,119,0,119,大昌-新店,2024-01-29,6464
00687B,國泰20年美債,98,1,97,大昌-新店,2024-01-29,6464
1309,台達化,80,2,78,大昌-新店,2024-01-29,6464
1313,聯成,67,0,67,大昌-新店,2024-01-29,6464
00933B,國泰10Y+金融債,72,5,67,大昌-新店,2024-01-29,6464
00673R,期元大S＆P原油反1,61,0,61,大昌-新店,2024-01-29,6464
2303,聯電,76,20,56,大昌-新店,2024-01-29,6464
2801,彰銀,51,0,51,大昌-新店,2024-01-29,6464
8096,擎亞,80,40,40,大昌-新店,2024-01-29,6464
2337,旺宏,46,10,36,大昌-新店,2024-01-29,6464
2356,英業達,63,30,33,大昌-新店,2024-01-29,6464
3231,緯創,245,215,30,大昌-新店,2024-01-29,6464
3607,谷崧,30,0,30,大昌-新店,2024-01-29,6464
00882,中信中國高股息,34,4,30,大昌-新店,2024-01-29,6464
00679B,元大美債20年,30,0,30,大昌-新店,2024-01-29,6464
00929,復華台灣科技優息,48,20,28,大昌-新店,2024-01-29,6464
3047,訊舟,32,7,25,大昌-新店,2024-01-29,6464
00932,兆豐永續高息等權,24,0,24,大昌-新店,2024-01-29,6464
2543,皇昌,24,0,24,大昌-新店,2024-01-29,6464
0061,元大寶滬深,35,12,23,大昌-新店,2024-01-29,6464
2344,華邦電,34,13,21,大昌-新店,2024-01-29,6464
6770,力積電,30,10,20,大昌-新店,2024-01-29,6464
2323,中環,20,0,20,大昌-新店,2024-01-29,6464
00642U,期元大S＆P石油,24,6,18,大昌-新店,2024-01-29,6464
5426,振發,32,15,17,大昌-新店,2024-01-29,6464
2492,華新科,20,3,17,大昌-新店,2024-01-29,6464
2603,長榮,53,37,16,大昌-新店,2024-01-29,6464
00751B,元大AAA至A公司債,16,0,16,大昌-新店,2024-01-29,6464
00676R,富邦臺灣加權反1,15,0,15,大昌-新店,2024-01-29,6464
2637,慧洋-KY,15,0,15,大昌-新店,2024-01-29,6464
2399,映泰,15,0,15,大昌-新店,2024-01-29,6464
00795B,中信美國公債20年,15,0,15,大昌-新店,2024-01-29,6464
3086,華義,15,0,15,大昌-新店,2024-01-29,6464
2409,友達,37,23,14,大昌-新店,2024-01-29,6464
6116,彩晶,23,10,13,大昌-新店,2024-01-29,6464
8227,巨有科技,18,5,13,大昌-新店,2024-01-29,6464
2615,萬海,12,0,12,大昌-新店,2024-01-29,6464
4529,淳紳,20,8,12,大昌-新店,2024-01-29,6464
00643,群益深証中小,12,0,12,大昌-新店,2024-01-29,6464
6139,亞翔,16,4,12,大昌-新店,2024-01-29,6464
6182,合晶,12,0,12,大昌-新店,2024-01-29,6464
1201,味全,13,1,12,大昌-新店,2024-01-29,6464
3481,群創,75,65,10,大昌-新店,2024-01-29,6464
5530,龍巖,10,0,10,大昌-新店,2024-01-29,6464
3354,律勝,10,0,10,大昌-新店,2024-01-29,6464
00650L,復華香港正2,15,5,10,大昌-新店,2024-01-29,6464
1471,首利,10,0,10,大昌-新店,2024-01-29,6464
00664R,國泰臺灣加權反1,10,0,10,大昌-新店,2024-01-29,6464
00637L,元大滬深300正2,641,80,561,大昌-新店,2024-01-30,6464
2353,宏��,334,50,284,大昌-新店,2024-01-30,6464
0055,元大MSCI金融,175,0,175,大昌-新店,2024-01-30,6464
1314,中石化,220,50,170,大昌-新店,2024-01-30,6464
1313,聯成,150,1,149,大昌-新店,2024-01-30,6464
1309,台達化,127,1,126,大昌-新店,2024-01-30,6464
2888,新光金,123,0,123,大昌-新店,2024-01-30,6464
0061,元大寶滬深,115,0,115,大昌-新店,2024-01-30,6464
2431,聯昌,125,20,105,大昌-新店,2024-01-30,6464
1609,大亞,106,3,103,大昌-新店,2024-01-30,6464
00671R,富邦NASDAQ反1,100,0,100,大昌-新店,2024-01-30,6464
00633L,富邦上証正2,77,21,56,大昌-新店,2024-01-30,6464
1326,台化,52,0,52,大昌-新店,2024-01-30,6464
6806,森崴能源,52,0,52,大昌-新店,2024-01-30,6464
00670L,富邦NASDAQ正2,46,0,46,大昌-新店,2024-01-30,6464
00739,元大MSCI A股,45,0,45,大昌-新店,2024-01-30,6464
2409,友達,71,27,44,大昌-新店,2024-01-30,6464
00687B,國泰20年美債,55,12,43,大昌-新店,2024-01-30,6464
2344,華邦電,78,35,43,大昌-新店,2024-01-30,6464
00929,復華台灣科技優息,51,9,42,大昌-新店,2024-01-30,6464
2886,兆豐金,40,0,40,大昌-新店,2024-01-30,6464
00753L,中信中國50正2,57,20,37,大昌-新店,2024-01-30,6464
00665L,富邦�琤肭磪囓�2,71,35,36,大昌-新店,2024-01-30,6464
2356,英業達,90,55,35,大昌-新店,2024-01-30,6464
3694,海華,38,5,33,大昌-新店,2024-01-30,6464
6770,力積電,33,0,33,大昌-新店,2024-01-30,6464
3706,神達,58,26,32,大昌-新店,2024-01-30,6464
00932,兆豐永續高息等權,32,0,32,大昌-新店,2024-01-30,6464
2610,華航,35,8,27,大昌-新店,2024-01-30,6464
4167,松瑞藥,28,1,27,大昌-新店,2024-01-30,6464
00937B,群益ESG投等債20,37,10,27,大昌-新店,2024-01-30,6464
3481,群創,81,55,26,大昌-新店,2024-01-30,6464
4529,淳紳,28,2,26,大昌-新店,2024-01-30,6464
00720B,元大投資級公司債,26,1,25,大昌-新店,2024-01-30,6464
2002,中鋼,22,0,22,大昌-新店,2024-01-30,6464
00636,國泰中國A50,21,0,21,大昌-新店,2024-01-30,6464
00679B,元大美債20年,29,9,20,大昌-新店,2024-01-30,6464
1712,興農,20,0,20,大昌-新店,2024-01-30,6464
6282,康舒,33,15,18,大昌-新店,2024-01-30,6464
4174,浩鼎,17,0,17,大昌-新店,2024-01-30,6464
2365,昆盈,54,37,17,大昌-新店,2024-01-30,6464
00680L,元大美債20正2,17,0,17,大昌-新店,2024-01-30,6464
1605,華新,17,2,15,大昌-新店,2024-01-30,6464
8210,勤誠,53,39,14,大昌-新店,2024-01-30,6464
2408,南亞科,14,0,14,大昌-新店,2024-01-30,6464
2324,仁寶,49,35,14,大昌-新店,2024-01-30,6464
00933B,國泰10Y+金融債,18,5,13,大昌-新店,2024-01-30,6464
2606,裕民,13,0,13,大昌-新店,2024-01-30,6464
2617,台航,12,0,12,大昌-新店,2024-01-30,6464
6465,威潤,12,0,12,大昌-新店,2024-01-30,6464
00937B,群益ESG投等債20,368,40,328,大昌-新店,2024-01-31,6464
1314,中石化,213,0,213,大昌-新店,2024-01-31,6464
2352,佳世達,163,12,151,大昌-新店,2024-01-31,6464
00739,元大MSCI A股,145,0,145,大昌-新店,2024-01-31,6464
1313,聯成,134,0,134,大昌-新店,2024-01-31,6464
00864B,中信美國公債0-1,128,0,128,大昌-新店,2024-01-31,6464
2303,聯電,234,107,127,大昌-新店,2024-01-31,6464
1309,台達化,120,0,120,大昌-新店,2024-01-31,6464
00720B,元大投資級公司債,120,3,117,大昌-新店,2024-01-31,6464
00882,中信中國高股息,118,6,112,大昌-新店,2024-01-31,6464
00753L,中信中國50正2,53,6,47,大昌-新店,2024-01-31,6464
00933B,國泰10Y+金融債,60,13,47,大昌-新店,2024-01-31,6464
0055,元大MSCI金融,40,0,40,大昌-新店,2024-01-31,6464
00929,復華台灣科技優息,45,6,39,大昌-新店,2024-01-31,6464
2356,英業達,67,28,39,大昌-新店,2024-01-31,6464
3481,群創,66,27,39,大昌-新店,2024-01-31,6464
1326,台化,36,1,35,大昌-新店,2024-01-31,6464
00679B,元大美債20年,49,14,35,大昌-新店,2024-01-31,6464
8046,南電,33,0,33,大昌-新店,2024-01-31,6464
2353,宏��,43,17,26,大昌-新店,2024-01-31,6464
1905,華紙,27,1,26,大昌-新店,2024-01-31,6464
4154,樂威科-KY,25,0,25,大昌-新店,2024-01-31,6464
00878,國泰永續高股息,36,11,25,大昌-新店,2024-01-31,6464
4529,淳紳,29,4,25,大昌-新店,2024-01-31,6464
2419,仲琦,23,1,22,大昌-新店,2024-01-31,6464
6233,旺玖,22,1,21,大昌-新店,2024-01-31,6464
1301,台塑,22,1,21,大昌-新店,2024-01-31,6464
00687B,國泰20年美債,36,16,20,大昌-新店,2024-01-31,6464
00680L,元大美債20正2,38,20,18,大昌-新店,2024-01-31,6464
00665L,富邦�琤肭磪囓�2,48,30,18,大昌-新店,2024-01-31,6464
2382,廣達,79,61,18,大昌-新店,2024-01-31,6464
00637L,元大滬深300正2,141,124,17,大昌-新店,2024-01-31,6464
1582,信錦,17,0,17,大昌-新店,2024-01-31,6464
2888,新光金,17,0,17,大昌-新店,2024-01-31,6464
3706,神達,21,4,17,大昌-新店,2024-01-31,6464
4128,中天,20,4,16,大昌-新店,2024-01-31,6464
2883,凱基金,29,13,16,大昌-新店,2024-01-31,6464
00918,大華優利高填息30,18,3,15,大昌-新店,2024-01-31,6464
6207,雷科,15,0,15,大昌-新店,2024-01-31,6464
2504,國產,15,0,15,大昌-新店,2024-01-31,6464
2002,中鋼,32,17,15,大昌-新店,2024-01-31,6464
4960,誠美材,15,1,14,大昌-新店,2024-01-31,6464
0061,元大寶滬深,41,27,14,大昌-新店,2024-01-31,6464
2834,臺企銀,14,0,14,大昌-新店,2024-01-31,6464
3605,宏致,16,2,14,大昌-新店,2024-01-31,6464
2421,建準,17,4,13,大昌-新店,2024-01-31,6464
00877,復華中國5G,33,20,13,大昌-新店,2024-01-31,6464
2308,台達電,13,0,13,大昌-新店,2024-01-31,6464
2344,華邦電,14,2,12,大昌-新店,2024-01-31,6464
2330,台積電,36,25,11,大昌-新店,2024-01-31,6464
00680L,元大美債20正2,322,6,316,大昌-新店,2024-02-01,6464
00662,富邦NASDAQ,120,0,120,大昌-新店,2024-02-01,6464
00665L,富邦�琤肭磪囓�2,193,89,104,大昌-新店,2024-02-01,6464
2887,台新金,102,3,99,大昌-新店,2024-02-01,6464
00929,復華台灣科技優息,110,13,97,大昌-新店,2024-02-01,6464
2431,聯昌,79,3,76,大昌-新店,2024-02-01,6464
00882,中信中國高股息,138,62,76,大昌-新店,2024-02-01,6464
00878,國泰永續高股息,81,9,72,大昌-新店,2024-02-01,6464
2303,聯電,91,30,61,大昌-新店,2024-02-01,6464
00917,中信特選金融,60,0,60,大昌-新店,2024-02-01,6464
0055,元大MSCI金融,55,0,55,大昌-新店,2024-02-01,6464
1312,國喬,50,0,50,大昌-新店,2024-02-01,6464
2369,菱生,58,17,41,大昌-新店,2024-02-01,6464
3481,群創,104,68,36,大昌-新店,2024-02-01,6464
00687B,國泰20年美債,43,7,36,大昌-新店,2024-02-01,6464
6425,易發,34,1,33,大昌-新店,2024-02-01,6464
00712,復華富時不動產,29,0,29,大昌-新店,2024-02-01,6464
2382,廣達,65,44,21,大昌-新店,2024-02-01,6464
2867,三商壽,20,0,20,大昌-新店,2024-02-01,6464
2486,一詮,32,13,19,大昌-新店,2024-02-01,6464
1326,台化,19,0,19,大昌-新店,2024-02-01,6464
00637L,元大滬深300正2,64,45,19,大昌-新店,2024-02-01,6464
00753L,中信中國50正2,29,11,18,大昌-新店,2024-02-01,6464
8935,邦泰,18,0,18,大昌-新店,2024-02-01,6464
6243,迅杰,45,28,17,大昌-新店,2024-02-01,6464
3189,景碩,19,2,17,大昌-新店,2024-02-01,6464
2419,仲琦,43,26,17,大昌-新店,2024-02-01,6464
3354,律勝,19,3,16,大昌-新店,2024-02-01,6464
2332,友訊,23,7,16,大昌-新店,2024-02-01,6464
6139,亞翔,32,17,15,大昌-新店,2024-02-01,6464
6015,宏遠證,15,0,15,大昌-新店,2024-02-01,6464
2344,華邦電,28,13,15,大昌-新店,2024-02-01,6464
3041,揚智,21,6,15,大昌-新店,2024-02-01,6464
6285,啟��,24,9,15,大昌-新店,2024-02-01,6464
00891,中信關鍵半導體,14,0,14,大昌-新店,2024-02-01,6464
8936,國統,32,19,13,大昌-新店,2024-02-01,6464
3615,安可,16,3,13,大昌-新店,2024-02-01,6464
3114,好德,13,0,13,大昌-新店,2024-02-01,6464
4529,淳紳,13,0,13,大昌-新店,2024-02-01,6464
3023,信邦,13,0,13,大昌-新店,2024-02-01,6464
8096,擎亞,28,15,13,大昌-新店,2024-02-01,6464
2409,友達,124,111,13,大昌-新店,2024-02-01,6464
00764B,群益25年美債,12,0,12,大昌-新店,2024-02-01,6464
8473,山林水,20,8,12,大昌-新店,2024-02-01,6464
8059,凱碩,13,2,11,大昌-新店,2024-02-01,6464
5272,笙科,11,0,11,大昌-新店,2024-02-01,6464
5386,青雲,11,0,11,大昌-新店,2024-02-01,6464
8271,宇瞻,12,1,11,大昌-新店,2024-02-01,6464
4154,樂威科-KY,10,0,10,大昌-新店,2024-02-01,6464
2312,金寶,11,1,10,大昌-新店,2024-02-01,6464
2603,長榮,126,4,122,大昌-新店,2024-02-02,6464
2317,鴻海,111,0,111,大昌-新店,2024-02-02,6464
0061,元大寶滬深,102,0,102,大昌-新店,2024-02-02,6464
00724B,群益投資級金融債,100,0,100,大昌-新店,2024-02-02,6464
2353,宏��,103,22,81,大昌-新店,2024-02-02,6464
00929,復華台灣科技優息,97,17,80,大昌-新店,2024-02-02,6464
0055,元大MSCI金融,60,0,60,大昌-新店,2024-02-02,6464
2303,聯電,92,34,58,大昌-新店,2024-02-02,6464
2401,凌陽,55,0,55,大昌-新店,2024-02-02,6464
3712,永崴投控,65,13,52,大昌-新店,2024-02-02,6464
8105,凌巨,45,3,42,大昌-新店,2024-02-02,6464
1514,亞力,49,9,40,大昌-新店,2024-02-02,6464
3481,群創,152,116,36,大昌-新店,2024-02-02,6464
6116,彩晶,39,5,34,大昌-新店,2024-02-02,6464
2609,陽明,32,2,30,大昌-新店,2024-02-02,6464
00712,復華富時不動產,30,0,30,大昌-新店,2024-02-02,6464
2431,聯昌,30,0,30,大昌-新店,2024-02-02,6464
3363,上詮,64,34,30,大昌-新店,2024-02-02,6464
00878,國泰永續高股息,48,18,30,大昌-新店,2024-02-02,6464
2408,南亞科,28,0,28,大昌-新店,2024-02-02,6464
2324,仁寶,32,5,27,大昌-新店,2024-02-02,6464
00688L,國泰20年美債正2,26,0,26,大昌-新店,2024-02-02,6464
00885,富邦越南,30,5,25,大昌-新店,2024-02-02,6464
2610,華航,34,9,25,大昌-新店,2024-02-02,6464
1718,中纖,30,5,25,大昌-新店,2024-02-02,6464
00933B,國泰10Y+金融債,45,22,23,大昌-新店,2024-02-02,6464
3704,合勤控,22,1,21,大昌-新店,2024-02-02,6464
00764B,群益25年美債,21,0,21,大昌-新店,2024-02-02,6464
3049,精金,20,0,20,大昌-新店,2024-02-02,6464
3338,泰碩,27,8,19,大昌-新店,2024-02-02,6464
00937B,群益ESG投等債20,67,48,19,大昌-新店,2024-02-02,6464
8936,國統,52,34,18,大昌-新店,2024-02-02,6464
3711,日月光投控,19,1,18,大昌-新店,2024-02-02,6464
3294,英濟,19,1,18,大昌-新店,2024-02-02,6464
2329,華泰,78,61,17,大昌-新店,2024-02-02,6464
2888,新光金,21,5,16,大昌-新店,2024-02-02,6464
3114,好德,16,0,16,大昌-新店,2024-02-02,6464
6127,九豪,16,0,16,大昌-新店,2024-02-02,6464
2344,華邦電,22,6,16,大昌-新店,2024-02-02,6464
6265,方土昶,27,11,16,大昌-新店,2024-02-02,6464
2369,菱生,18,2,16,大昌-新店,2024-02-02,6464
1616,億泰,25,10,15,大昌-新店,2024-02-02,6464
2884,玉山金,15,0,15,大昌-新店,2024-02-02,6464
00715L,期街口布蘭特正2,15,0,15,大昌-新店,2024-02-02,6464
1313,聯成,15,0,15,大昌-新店,2024-02-02,6464
8011,台通,22,7,15,大昌-新店,2024-02-02,6464
2201,裕隆,15,1,14,大昌-新店,2024-02-02,6464
6180,橘子,16,2,14,大昌-新店,2024-02-02,6464
00900,富邦特選高股息30,14,0,14,大昌-新店,2024-02-02,6464
8112,至上,22,8,14,大昌-新店,2024-02-02,6464
00680L,元大美債20正2,683,20,663,大昌-新店,2024-02-05,6464
00937B,群益ESG投等債20,200,0,200,大昌-新店,2024-02-05,6464
00919,群益台灣精選高息,148,5,143,大昌-新店,2024-02-05,6464
00687B,國泰20年美債,136,4,132,大昌-新店,2024-02-05,6464
00679B,元大美債20年,102,1,101,大昌-新店,2024-02-05,6464
00830,國泰費城半導體,79,0,79,大昌-新店,2024-02-05,6464
2002,中鋼,68,0,68,大昌-新店,2024-02-05,6464
00652,富邦印度,60,0,60,大昌-新店,2024-02-05,6464
3535,晶彩科,62,3,59,大昌-新店,2024-02-05,6464
00688L,國泰20年美債正2,56,0,56,大昌-新店,2024-02-05,6464
2884,玉山金,56,0,56,大昌-新店,2024-02-05,6464
00933B,國泰10Y+金融債,53,0,53,大昌-新店,2024-02-05,6464
2882,國泰金,63,12,51,大昌-新店,2024-02-05,6464
00671R,富邦NASDAQ反1,50,0,50,大昌-新店,2024-02-05,6464
3450,聯鈞,50,0,50,大昌-新店,2024-02-05,6464
3712,永崴投控,54,8,46,大昌-新店,2024-02-05,6464
2421,建準,102,59,43,大昌-新店,2024-02-05,6464
2303,聯電,52,11,41,大昌-新店,2024-02-05,6464
00715L,期街口布蘭特正2,33,0,33,大昌-新店,2024-02-05,6464
00751B,元大AAA至A公司債,31,0,31,大昌-新店,2024-02-05,6464
1313,聯成,30,0,30,大昌-新店,2024-02-05,6464
00931B,統一美債20年,28,0,28,大昌-新店,2024-02-05,6464
2356,英業達,88,61,27,大昌-新店,2024-02-05,6464
1618,合機,26,0,26,大昌-新店,2024-02-05,6464
5351,鈺創,33,8,25,大昌-新店,2024-02-05,6464
3706,神達,45,21,24,大昌-新店,2024-02-05,6464
1609,大亞,30,6,24,大昌-新店,2024-02-05,6464
2388,威盛,25,3,22,大昌-新店,2024-02-05,6464
8086,宏捷科,27,5,22,大昌-新店,2024-02-05,6464
2476,鉅祥,21,0,21,大昌-新店,2024-02-05,6464
1718,中纖,20,0,20,大昌-新店,2024-02-05,6464
1309,台達化,20,0,20,大昌-新店,2024-02-05,6464
2515,中工,22,2,20,大昌-新店,2024-02-05,6464
8935,邦泰,19,0,19,大昌-新店,2024-02-05,6464
2369,菱生,24,6,18,大昌-新店,2024-02-05,6464
3312,弘憶股,19,2,17,大昌-新店,2024-02-05,6464
2609,陽明,29,13,16,大昌-新店,2024-02-05,6464
6841,長佳智能,16,0,16,大昌-新店,2024-02-05,6464
5426,振發,27,11,16,大昌-新店,2024-02-05,6464
2363,矽統,16,1,15,大昌-新店,2024-02-05,6464
00706L,期元大S＆P日圓正2,15,0,15,大昌-新店,2024-02-05,6464
3591,艾笛森,20,5,15,大昌-新店,2024-02-05,6464
00655L,國泰中國A50正2,15,0,15,大昌-新店,2024-02-05,6464
00878,國泰永續高股息,53,39,14,大昌-新店,2024-02-05,6464
2886,兆豐金,14,0,14,大昌-新店,2024-02-05,6464
6684,安格,14,1,13,大昌-新店,2024-02-05,6464
2606,裕民,13,0,13,大昌-新店,2024-02-05,6464
1528,恩德,17,4,13,大昌-新店,2024-02-05,6464
3665,貿聯-KY,13,0,13,大昌-新店,2024-02-05,6464
8059,凱碩,18,5,13,大昌-新店,2024-02-05,6464
00937B,群益ESG投等債20,280,12,268,大昌-新店,2024-02-15,6464
6005,群益證,200,1,199,大昌-新店,2024-02-15,6464
00720B,元大投資級公司債,189,5,184,大昌-新店,2024-02-15,6464
00679B,元大美債20年,166,1,165,大昌-新店,2024-02-15,6464
00795B,中信美國公債20年,156,4,152,大昌-新店,2024-02-15,6464
2344,華邦電,163,20,143,大昌-新店,2024-02-15,6464
00680L,元大美債20正2,119,2,117,大昌-新店,2024-02-15,6464
3231,緯創,317,201,116,大昌-新店,2024-02-15,6464
00882,中信中國高股息,116,1,115,大昌-新店,2024-02-15,6464
00687B,國泰20年美債,107,0,107,大昌-新店,2024-02-15,6464
3706,神達,110,23,87,大昌-新店,2024-02-15,6464
3481,群創,108,29,79,大昌-新店,2024-02-15,6464
2408,南亞科,81,3,78,大昌-新店,2024-02-15,6464
00664R,國泰臺灣加權反1,75,0,75,大昌-新店,2024-02-15,6464
3548,兆利,86,22,64,大昌-新店,2024-02-15,6464
3712,永崴投控,102,44,58,大昌-新店,2024-02-15,6464
00751B,元大AAA至A公司債,52,0,52,大昌-新店,2024-02-15,6464
00688L,國泰20年美債正2,53,1,52,大昌-新店,2024-02-15,6464
00697B,元大美債7-10,52,0,52,大昌-新店,2024-02-15,6464
1528,恩德,52,1,51,大昌-新店,2024-02-15,6464
2603,長榮,48,7,41,大昌-新店,2024-02-15,6464
00724B,群益投資級金融債,40,0,40,大昌-新店,2024-02-15,6464
2886,兆豐金,56,16,40,大昌-新店,2024-02-15,6464
00712,復華富時不動產,39,0,39,大昌-新店,2024-02-15,6464
6026,福邦證,35,0,35,大昌-新店,2024-02-15,6464
00934,中信成長高股息,52,17,35,大昌-新店,2024-02-15,6464
2399,映泰,68,33,35,大昌-新店,2024-02-15,6464
1612,宏泰,40,5,35,大昌-新店,2024-02-15,6464
00933B,國泰10Y+金融債,29,0,29,大昌-新店,2024-02-15,6464
5871,中租-KY,31,3,28,大昌-新店,2024-02-15,6464
2538,基泰,20,0,20,大昌-新店,2024-02-15,6464
8011,台通,20,2,18,大昌-新店,2024-02-15,6464
2882,國泰金,16,0,16,大昌-新店,2024-02-15,6464
3209,全科,18,2,16,大昌-新店,2024-02-15,6464
2324,仁寶,40,25,15,大昌-新店,2024-02-15,6464
00931B,統一美債20年,15,0,15,大昌-新店,2024-02-15,6464
2313,華通,32,17,15,大昌-新店,2024-02-15,6464
2888,新光金,15,0,15,大昌-新店,2024-02-15,6464
00669R,國泰美國道瓊反1,30,15,15,大昌-新店,2024-02-15,6464
3294,英濟,20,5,15,大昌-新店,2024-02-15,6464
00706L,期元大S＆P日圓正2,14,0,14,大昌-新店,2024-02-15,6464
3339,泰谷,16,2,14,大昌-新店,2024-02-15,6464
2301,光寶科,26,13,13,大昌-新店,2024-02-15,6464
2328,廣宇,13,0,13,大昌-新店,2024-02-15,6464
00673R,期元大S＆P原油反1,13,0,13,大昌-新店,2024-02-15,6464
2308,台達電,18,6,12,大昌-新店,2024-02-15,6464
00631L,元大台灣50正2,20,7,13,大昌-新店,2024-02-15,6464
1513,中興電,28,16,12,大昌-新店,2024-02-15,6464
2002,中鋼,22,11,11,大昌-新店,2024-02-15,6464
4113,聯上,13,2,11,大昌-新店,2024-02-15,6464
00937B,群益ESG投等債20,267,3,264,大昌-新店,2024-02-16,6464
00931B,統一美債20年,257,0,257,大昌-新店,2024-02-16,6464
00687B,國泰20年美債,255,1,254,大昌-新店,2024-02-16,6464
00720B,元大投資級公司債,212,5,207,大昌-新店,2024-02-16,6464
00679B,元大美債20年,132,20,112,大昌-新店,2024-02-16,6464
00882,中信中國高股息,119,28,91,大昌-新店,2024-02-16,6464
1714,和桐,84,0,84,大昌-新店,2024-02-16,6464
00673R,期元大S＆P原油反1,76,0,76,大昌-新店,2024-02-16,6464
6026,福邦證,70,0,70,大昌-新店,2024-02-16,6464
00878,國泰永續高股息,114,45,69,大昌-新店,2024-02-16,6464
00919,群益台灣精選高息,85,19,66,大昌-新店,2024-02-16,6464
2382,廣達,131,75,56,大昌-新店,2024-02-16,6464
2337,旺宏,55,3,52,大昌-新店,2024-02-16,6464
1314,中石化,50,0,50,大昌-新店,2024-02-16,6464
5244,弘凱,50,0,50,大昌-新店,2024-02-16,6464
00680L,元大美債20正2,59,10,49,大昌-新店,2024-02-16,6464
2888,新光金,49,2,47,大昌-新店,2024-02-16,6464
00922,國泰台灣領袖50,49,2,47,大昌-新店,2024-02-16,6464
5443,均豪,51,4,47,大昌-新店,2024-02-16,6464
2303,聯電,63,17,46,大昌-新店,2024-02-16,6464
0055,元大MSCI金融,40,0,40,大昌-新店,2024-02-16,6464
00795B,中信美國公債20年,45,5,40,大昌-新店,2024-02-16,6464
2884,玉山金,44,5,39,大昌-新店,2024-02-16,6464
2317,鴻海,38,1,37,大昌-新店,2024-02-16,6464
00933B,國泰10Y+金融債,37,0,37,大昌-新店,2024-02-16,6464
3231,緯創,216,183,33,大昌-新店,2024-02-16,6464
00712,復華富時不動產,30,0,30,大昌-新店,2024-02-16,6464
00688L,國泰20年美債正2,29,0,29,大昌-新店,2024-02-16,6464
2912,統一超,27,0,27,大昌-新店,2024-02-16,6464
2371,大同,38,11,27,大昌-新店,2024-02-16,6464
2547,日勝生,25,0,25,大昌-新店,2024-02-16,6464
00724B,群益投資級金融債,25,0,25,大昌-新店,2024-02-16,6464
4543,萬在,28,3,25,大昌-新店,2024-02-16,6464
4744,皇將,24,0,24,大昌-新店,2024-02-16,6464
3481,群創,71,48,23,大昌-新店,2024-02-16,6464
00676R,富邦臺灣加權反1,22,0,22,大昌-新店,2024-02-16,6464
3038,全台,37,16,21,大昌-新店,2024-02-16,6464
5426,振發,47,28,19,大昌-新店,2024-02-16,6464
2356,英業達,64,45,19,大昌-新店,2024-02-16,6464
6165,浪凡,28,10,18,大昌-新店,2024-02-16,6464
3360,尚立,18,1,17,大昌-新店,2024-02-16,6464
2486,一詮,46,30,16,大昌-新店,2024-02-16,6464
3322,建舜電,27,11,16,大昌-新店,2024-02-16,6464
1101,台泥,18,2,16,大昌-新店,2024-02-16,6464
2330,台積電,25,10,15,大昌-新店,2024-02-16,6464
4956,光鋐,17,2,15,大昌-新店,2024-02-16,6464
6133,金橋,25,10,15,大昌-新店,2024-02-16,6464
3704,合勤控,26,11,15,大昌-新店,2024-02-16,6464
00891,中信關鍵半導體,16,1,15,大昌-新店,2024-02-16,6464
5871,中租-KY,16,1,15,大昌-新店,2024-02-16,6464
2103,台橡,260,0,260,大昌-新店,2024-02-19,6464
00878,國泰永續高股息,202,7,195,大昌-新店,2024-02-19,6464
8105,凌巨,186,2,184,大昌-新店,2024-02-19,6464
00679B,元大美債20年,192,25,167,大昌-新店,2024-02-19,6464
00712,復華富時不動產,114,0,114,大昌-新店,2024-02-19,6464
2353,宏��,165,60,105,大昌-新店,2024-02-19,6464
00739,元大MSCI A股,100,0,100,大昌-新店,2024-02-19,6464
00922,國泰台灣領袖50,84,1,83,大昌-新店,2024-02-19,6464
00933B,國泰10Y+金融債,70,0,70,大昌-新店,2024-02-19,6464
00882,中信中國高股息,132,65,67,大昌-新店,2024-02-19,6464
2313,華通,65,9,56,大昌-新店,2024-02-19,6464
4714,永捷,129,78,51,大昌-新店,2024-02-19,6464
2382,廣達,92,54,38,大昌-新店,2024-02-19,6464
3615,安可,46,8,38,大昌-新店,2024-02-19,6464
00753L,中信中國50正2,37,0,37,大昌-新店,2024-02-19,6464
00673R,期元大S＆P原油反1,36,0,36,大昌-新店,2024-02-19,6464
00937B,群益ESG投等債20,134,99,35,大昌-新店,2024-02-19,6464
00633L,富邦上証正2,40,6,34,大昌-新店,2024-02-19,6464
00637L,元大滬深300正2,78,45,33,大昌-新店,2024-02-19,6464
6026,福邦證,30,0,30,大昌-新店,2024-02-19,6464
2356,英業達,66,38,28,大昌-新店,2024-02-19,6464
2460,建通,30,2,28,大昌-新店,2024-02-19,6464
6274,台燿,41,14,27,大昌-新店,2024-02-19,6464
6235,華孚,30,3,27,大昌-新店,2024-02-19,6464
3535,晶彩科,40,13,27,大昌-新店,2024-02-19,6464
6742,澤米,27,0,27,大昌-新店,2024-02-19,6464
3234,光環,25,1,24,大昌-新店,2024-02-19,6464
1313,聯成,31,8,23,大昌-新店,2024-02-19,6464
2465,麗臺,24,2,22,大昌-新店,2024-02-19,6464
3035,智原,25,5,20,大昌-新店,2024-02-19,6464
1438,三地開發,20,0,20,大昌-新店,2024-02-19,6464
2897,王道銀行,20,0,20,大昌-新店,2024-02-19,6464
00688L,國泰20年美債正2,20,0,20,大昌-新店,2024-02-19,6464
3105,穩懋,24,5,19,大昌-新店,2024-02-19,6464
00665L,富邦�琤肭磪囓�2,20,2,18,大昌-新店,2024-02-19,6464
3264,欣銓,20,2,18,大昌-新店,2024-02-19,6464
6239,力成,17,0,17,大昌-新店,2024-02-19,6464
6138,茂達,19,2,17,大昌-新店,2024-02-19,6464
8935,邦泰,20,3,17,大昌-新店,2024-02-19,6464
1781,合世,17,0,17,大昌-新店,2024-02-19,6464
3038,全台,22,6,16,大昌-新店,2024-02-19,6464
2363,矽統,22,6,16,大昌-新店,2024-02-19,6464
00676R,富邦臺灣加權反1,15,0,15,大昌-新店,2024-02-19,6464
2365,昆盈,47,32,15,大昌-新店,2024-02-19,6464
3017,奇鋐,24,10,14,大昌-新店,2024-02-19,6464
4960,誠美材,37,23,14,大昌-新店,2024-02-19,6464
2355,敬鵬,28,14,14,大昌-新店,2024-02-19,6464
6243,迅杰,14,0,14,大昌-新店,2024-02-19,6464
1201,味全,21,8,13,大昌-新店,2024-02-19,6464
4128,中天,16,3,13,大昌-新店,2024-02-19,6464
00725B,國泰投資級公司債,360,0,360,大昌-新店,2024-02-20,6464
00724B,群益投資級金融債,300,0,300,大昌-新店,2024-02-20,6464
00917,中信特選金融,250,0,250,大昌-新店,2024-02-20,6464
00937B,群益ESG投等債20,220,4,216,大昌-新店,2024-02-20,6464
0055,元大MSCI金融,185,2,183,大昌-新店,2024-02-20,6464
00795B,中信美國公債20年,160,0,160,大昌-新店,2024-02-20,6464
3481,群創,119,29,90,大昌-新店,2024-02-20,6464
2103,台橡,90,0,90,大昌-新店,2024-02-20,6464
00878,國泰永續高股息,149,91,58,大昌-新店,2024-02-20,6464
00637L,元大滬深300正2,93,36,57,大昌-新店,2024-02-20,6464
1815,富喬,79,23,56,大昌-新店,2024-02-20,6464
8050,廣積,47,0,47,大昌-新店,2024-02-20,6464
00933B,國泰10Y+金融債,46,1,45,大昌-新店,2024-02-20,6464
2618,長榮航,69,24,45,大昌-新店,2024-02-20,6464
2634,漢翔,43,0,43,大昌-新店,2024-02-20,6464
00688L,國泰20年美債正2,43,0,43,大昌-新店,2024-02-20,6464
3535,晶彩科,42,1,41,大昌-新店,2024-02-20,6464
2367,燿華,76,37,39,大昌-新店,2024-02-20,6464
1806,冠軍,40,2,38,大昌-新店,2024-02-20,6464
2888,新光金,40,2,38,大昌-新店,2024-02-20,6464
00922,國泰台灣領袖50,34,0,34,大昌-新店,2024-02-20,6464
2332,友訊,47,17,30,大昌-新店,2024-02-20,6464
5603,陸海,28,0,28,大昌-新店,2024-02-20,6464
1727,中華化,25,0,25,大昌-新店,2024-02-20,6464
2409,友達,35,10,25,大昌-新店,2024-02-20,6464
00679B,元大美債20年,24,0,24,大昌-新店,2024-02-20,6464
3376,新日興,26,3,23,大昌-新店,2024-02-20,6464
1809,中釉,35,12,23,大昌-新店,2024-02-20,6464
2062,橋椿,22,0,22,大昌-新店,2024-02-20,6464
2369,菱生,57,36,21,大昌-新店,2024-02-20,6464
00772B,中信高評級公司債,20,0,20,大昌-新店,2024-02-20,6464
6233,旺玖,38,18,20,大昌-新店,2024-02-20,6464
2457,飛宏,26,6,20,大昌-新店,2024-02-20,6464
4960,誠美材,63,44,19,大昌-新店,2024-02-20,6464
2201,裕隆,23,4,19,大昌-新店,2024-02-20,6464
2498,宏達電,20,2,18,大昌-新店,2024-02-20,6464
6016,康和證,20,2,18,大昌-新店,2024-02-20,6464
2206,三陽工業,20,2,18,大昌-新店,2024-02-20,6464
3339,泰谷,18,0,18,大昌-新店,2024-02-20,6464
2547,日勝生,45,27,18,大昌-新店,2024-02-20,6464
3625,西勝,18,0,18,大昌-新店,2024-02-20,6464
2371,大同,21,3,18,大昌-新店,2024-02-20,6464
4906,正文,21,4,17,大昌-新店,2024-02-20,6464
2329,華泰,64,47,17,大昌-新店,2024-02-20,6464
2387,精元,18,2,16,大昌-新店,2024-02-20,6464
1513,中興電,27,12,15,大昌-新店,2024-02-20,6464
00931B,統一美債20年,15,0,15,大昌-新店,2024-02-20,6464
5272,笙科,17,2,15,大昌-新店,2024-02-20,6464
3058,立德,15,0,15,大昌-新店,2024-02-20,6464
1303,南亞,16,1,15,大昌-新店,2024-02-20,6464
00878,國泰永續高股息,263,28,235,大昌-新店,2024-02-21,6464
00937B,群益ESG投等債20,236,22,214,大昌-新店,2024-02-21,6464
00882,中信中國高股息,262,69,193,大昌-新店,2024-02-21,6464
00712,復華富時不動產,173,0,173,大昌-新店,2024-02-21,6464
00933B,國泰10Y+金融債,151,21,130,大昌-新店,2024-02-21,6464
00917,中信特選金融,110,0,110,大昌-新店,2024-02-21,6464
2883,凱基金,113,7,106,大昌-新店,2024-02-21,6464
2303,聯電,88,7,81,大昌-新店,2024-02-21,6464
2618,長榮航,152,73,79,大昌-新店,2024-02-21,6464
2609,陽明,125,51,74,大昌-新店,2024-02-21,6464
2025,千興,65,0,65,大昌-新店,2024-02-21,6464
2457,飛宏,65,5,60,大昌-新店,2024-02-21,6464
0055,元大MSCI金融,55,0,55,大昌-新店,2024-02-21,6464
2515,中工,56,3,53,大昌-新店,2024-02-21,6464
8085,福華,56,5,51,大昌-新店,2024-02-21,6464
5907,大洋-KY,50,0,50,大昌-新店,2024-02-21,6464
00919,群益台灣精選高息,76,29,47,大昌-新店,2024-02-21,6464
5443,均豪,106,60,46,大昌-新店,2024-02-21,6464
9939,宏全,40,0,40,大昌-新店,2024-02-21,6464
00665L,富邦�琤肭磪囓�2,89,53,36,大昌-新店,2024-02-21,6464
00632R,元大台灣50反1,32,0,32,大昌-新店,2024-02-21,6464
00891,中信關鍵半導體,33,1,32,大昌-新店,2024-02-21,6464
3481,群創,86,54,32,大昌-新店,2024-02-21,6464
2409,友達,50,20,30,大昌-新店,2024-02-21,6464
2382,廣達,77,49,28,大昌-新店,2024-02-21,6464
00922,國泰台灣領袖50,38,10,28,大昌-新店,2024-02-21,6464
2886,兆豐金,27,0,27,大昌-新店,2024-02-21,6464
5426,振發,31,5,26,大昌-新店,2024-02-21,6464
3035,智原,34,8,26,大昌-新店,2024-02-21,6464
2031,新光鋼,26,0,26,大昌-新店,2024-02-21,6464
00687B,國泰20年美債,25,0,25,大昌-新店,2024-02-21,6464
8930,青鋼,47,23,24,大昌-新店,2024-02-21,6464
2353,宏��,56,34,22,大昌-新店,2024-02-21,6464
1316,上曜,62,40,22,大昌-新店,2024-02-21,6464
2892,第一金,22,0,22,大昌-新店,2024-02-21,6464
2330,台積電,24,2,22,大昌-新店,2024-02-21,6464
2641,正德,25,4,21,大昌-新店,2024-02-21,6464
1409,新纖,21,0,21,大昌-新店,2024-02-21,6464
2401,凌陽,28,7,21,大昌-新店,2024-02-21,6464
2201,裕隆,21,1,20,大昌-新店,2024-02-21,6464
2102,泰豐,20,0,20,大昌-新店,2024-02-21,6464
00638R,元大滬深300反1,20,0,20,大昌-新店,2024-02-21,6464
2387,精元,21,2,19,大昌-新店,2024-02-21,6464
8064,東捷,38,19,19,大昌-新店,2024-02-21,6464
1528,恩德,22,3,19,大昌-新店,2024-02-21,6464
2301,光寶科,26,8,18,大昌-新店,2024-02-21,6464
3615,安可,22,4,18,大昌-新店,2024-02-21,6464
6112,邁達特,18,0,18,大昌-新店,2024-02-21,6464
00753L,中信中國50正2,29,12,17,大昌-新店,2024-02-21,6464
00770,國泰北美科技,22,5,17,大昌-新店,2024-02-21,6464
00632R,元大台灣50反1,321,25,296,大昌-新店,2024-02-22,6464
00664R,國泰臺灣加權反1,200,0,200,大昌-新店,2024-02-22,6464
00697B,元大美債7-10,177,0,177,大昌-新店,2024-02-22,6464
1815,富喬,179,48,131,大昌-新店,2024-02-22,6464
00739,元大MSCI A股,100,0,100,大昌-新店,2024-02-22,6464
2610,華航,113,20,93,大昌-新店,2024-02-22,6464
4903,聯光通,92,0,92,大昌-新店,2024-02-22,6464
1316,上曜,92,8,84,大昌-新店,2024-02-22,6464
2356,英業達,158,89,69,大昌-新店,2024-02-22,6464
00687B,國泰20年美債,60,2,58,大昌-新店,2024-02-22,6464
8936,國統,65,8,57,大昌-新店,2024-02-22,6464
2883,凱基金,79,23,56,大昌-新店,2024-02-22,6464
3231,緯創,142,88,54,大昌-新店,2024-02-22,6464
00937B,群益ESG投等債20,52,0,52,大昌-新店,2024-02-22,6464
5907,大洋-KY,50,0,50,大昌-新店,2024-02-22,6464
6016,康和證,50,1,49,大昌-新店,2024-02-22,6464
2855,統一證,41,1,40,大昌-新店,2024-02-22,6464
1806,冠軍,40,0,40,大昌-新店,2024-02-22,6464
3339,泰谷,46,7,39,大昌-新店,2024-02-22,6464
00688L,國泰20年美債正2,63,27,36,大昌-新店,2024-02-22,6464
00878,國泰永續高股息,119,84,35,大昌-新店,2024-02-22,6464
3265,台星科,46,15,31,大昌-新店,2024-02-22,6464
3047,訊舟,48,20,28,大昌-新店,2024-02-22,6464
8085,福華,46,19,27,大昌-新店,2024-02-22,6464
4960,誠美材,27,1,26,大昌-新店,2024-02-22,6464
00695B,富邦美債7-10,25,0,25,大昌-新店,2024-02-22,6464
2618,長榮航,126,102,24,大昌-新店,2024-02-22,6464
2484,希華,31,9,22,大昌-新店,2024-02-22,6464
00933B,國泰10Y+金融債,22,0,22,大昌-新店,2024-02-22,6464
2025,千興,22,0,22,大昌-新店,2024-02-22,6464
2206,三陽工業,31,9,22,大昌-新店,2024-02-22,6464
8028,昇陽半導體,21,0,21,大昌-新店,2024-02-22,6464
2634,漢翔,24,3,21,大昌-新店,2024-02-22,6464
2353,宏��,182,162,20,大昌-新店,2024-02-22,6464
2421,建準,30,10,20,大昌-新店,2024-02-22,6464
8477,創業家,20,0,20,大昌-新店,2024-02-22,6464
1727,中華化,20,0,20,大昌-新店,2024-02-22,6464
2340,台亞,20,0,20,大昌-新店,2024-02-22,6464
2884,玉山金,19,0,19,大昌-新店,2024-02-22,6464
2002,中鋼,20,1,19,大昌-新店,2024-02-22,6464
2498,宏達電,24,5,19,大昌-新店,2024-02-22,6464
3481,群創,37,20,17,大昌-新店,2024-02-22,6464
2376,技嘉,57,40,17,大昌-新店,2024-02-22,6464
4526,東台,22,5,17,大昌-新店,2024-02-22,6464
3218,大學光,26,9,17,大昌-新店,2024-02-22,6464
00931B,統一美債20年,16,0,16,大昌-新店,2024-02-22,6464
9105,泰金寶-DR,36,20,16,大昌-新店,2024-02-22,6464
00795B,中信美國公債20年,16,0,16,大昌-新店,2024-02-22,6464
2489,瑞軒,55,39,16,大昌-新店,2024-02-22,6464
5344,立衛,20,4,16,大昌-新店,2024-02-22,6464
8064,東捷,370,38,332,大昌-新店,2024-02-23,6464
00712,復華富時不動產,328,0,328,大昌-新店,2024-02-23,6464
00878,國泰永續高股息,297,27,270,大昌-新店,2024-02-23,6464
00695B,富邦美債7-10,220,0,220,大昌-新店,2024-02-23,6464
00632R,元大台灣50反1,217,12,205,大昌-新店,2024-02-23,6464
00671R,富邦NASDAQ反1,200,0,200,大昌-新店,2024-02-23,6464
00697B,元大美債7-10,196,0,196,大昌-新店,2024-02-23,6464
00919,群益台灣精選高息,178,36,142,大昌-新店,2024-02-23,6464
00937B,群益ESG投等債20,152,17,135,大昌-新店,2024-02-23,6464
5272,笙科,104,6,98,大昌-新店,2024-02-23,6464
2027,大成鋼,93,1,92,大昌-新店,2024-02-23,6464
6668,中揚光,96,5,91,大昌-新店,2024-02-23,6464
2353,宏��,119,38,81,大昌-新店,2024-02-23,6464
00687B,國泰20年美債,74,0,74,大昌-新店,2024-02-23,6464
2356,英業達,128,64,64,大昌-新店,2024-02-23,6464
3231,緯創,169,111,58,大昌-新店,2024-02-23,6464
0056,元大高股息,60,7,53,大昌-新店,2024-02-23,6464
00933B,國泰10Y+金融債,49,0,49,大昌-新店,2024-02-23,6464
2313,華通,114,67,47,大昌-新店,2024-02-23,6464
1304,台聚,45,0,45,大昌-新店,2024-02-23,6464
2371,大同,119,75,44,大昌-新店,2024-02-23,6464
00922,國泰台灣領袖50,42,0,42,大昌-新店,2024-02-23,6464
00895,富邦未來車,42,2,40,大昌-新店,2024-02-23,6464
3049,精金,38,0,38,大昌-新店,2024-02-23,6464
00830,國泰費城半導體,37,0,37,大昌-新店,2024-02-23,6464
8021,尖點,38,1,37,大昌-新店,2024-02-23,6464
2884,玉山金,37,0,37,大昌-新店,2024-02-23,6464
2609,陽明,51,15,36,大昌-新店,2024-02-23,6464
8033,雷虎,34,0,34,大昌-新店,2024-02-23,6464
00918,大華優利高填息30,32,0,32,大昌-新店,2024-02-23,6464
00733,富邦臺灣中小,32,0,32,大昌-新店,2024-02-23,6464
5443,均豪,35,3,32,大昌-新店,2024-02-23,6464
00882,中信中國高股息,78,47,31,大昌-新店,2024-02-23,6464
2329,華泰,131,101,30,大昌-新店,2024-02-23,6464
1309,台達化,30,0,30,大昌-新店,2024-02-23,6464
1303,南亞,29,0,29,大昌-新店,2024-02-23,6464
8150,南茂,49,21,28,大昌-新店,2024-02-23,6464
5410,國眾,27,0,27,大昌-新店,2024-02-23,6464
4714,永捷,35,8,27,大昌-新店,2024-02-23,6464
2303,聯電,44,18,26,大昌-新店,2024-02-23,6464
6016,康和證,26,0,26,大昌-新店,2024-02-23,6464
00927,群益半導體收益,81,55,26,大昌-新店,2024-02-23,6464
2002,中鋼,27,1,26,大昌-新店,2024-02-23,6464
2486,一詮,26,1,25,大昌-新店,2024-02-23,6464
00637L,元大滬深300正2,37,12,25,大昌-新店,2024-02-23,6464
4154,樂威科-KY,25,0,25,大昌-新店,2024-02-23,6464
00679B,元大美債20年,24,0,24,大昌-新店,2024-02-23,6464
00685L,群益臺灣加權正2,24,0,24,大昌-新店,2024-02-23,6464
3706,神達,57,33,24,大昌-新店,2024-02-23,6464
2538,基泰,24,0,24,大昌-新店,2024-02-23,6464
00637L,元大滬深300正2,1428,19,1409,大昌-新店,2024-02-26,6464
00929,復華台灣科技優息,594,76,518,大昌-新店,2024-02-26,6464
00937B,群益ESG投等債20,234,25,209,大昌-新店,2024-02-26,6464
00878,國泰永續高股息,321,135,186,大昌-新店,2024-02-26,6464
00919,群益台灣精選高息,277,113,164,大昌-新店,2024-02-26,6464
2801,彰銀,125,0,125,大昌-新店,2024-02-26,6464
00933B,國泰10Y+金融債,209,90,119,大昌-新店,2024-02-26,6464
2355,敬鵬,122,24,98,大昌-新店,2024-02-26,6464
2405,輔信,178,104,74,大昌-新店,2024-02-26,6464
2363,矽統,144,78,66,大昌-新店,2024-02-26,6464
6244,茂迪,70,7,63,大昌-新店,2024-02-26,6464
2303,聯電,122,66,56,大昌-新店,2024-02-26,6464
2329,華泰,92,41,51,大昌-新店,2024-02-26,6464
1810,和成,50,0,50,大昌-新店,2024-02-26,6464
2884,玉山金,46,0,46,大昌-新店,2024-02-26,6464
1304,台聚,44,0,44,大昌-新店,2024-02-26,6464
00633L,富邦上証正2,74,31,43,大昌-新店,2024-02-26,6464
00687B,國泰20年美債,42,1,41,大昌-新店,2024-02-26,6464
2201,裕隆,40,0,40,大昌-新店,2024-02-26,6464
3691,碩禾,35,1,34,大昌-新店,2024-02-26,6464
6257,矽格,48,17,31,大昌-新店,2024-02-26,6464
00882,中信中國高股息,54,24,30,大昌-新店,2024-02-26,6464
3230,錦明,30,0,30,大昌-新店,2024-02-26,6464
6209,今國光,30,0,30,大昌-新店,2024-02-26,6464
2474,可成,30,0,30,大昌-新店,2024-02-26,6464
2369,菱生,42,13,29,大昌-新店,2024-02-26,6464
3706,神達,33,4,29,大昌-新店,2024-02-26,6464
2023,燁輝,33,5,28,大昌-新店,2024-02-26,6464
00885,富邦越南,28,0,28,大昌-新店,2024-02-26,6464
2027,大成鋼,27,0,27,大昌-新店,2024-02-26,6464
2882,國泰金,26,0,26,大昌-新店,2024-02-26,6464
4908,前鼎,70,45,25,大昌-新店,2024-02-26,6464
00632R,元大台灣50反1,75,50,25,大昌-新店,2024-02-26,6464
3576,聯合再生,25,1,24,大昌-新店,2024-02-26,6464
00753L,中信中國50正2,22,0,22,大昌-新店,2024-02-26,6464
2547,日勝生,22,0,22,大昌-新店,2024-02-26,6464
1710,東聯,25,4,21,大昌-新店,2024-02-26,6464
2002,中鋼,33,12,21,大昌-新店,2024-02-26,6464
2301,光寶科,26,5,21,大昌-新店,2024-02-26,6464
6226,光鼎,25,5,20,大昌-新店,2024-02-26,6464
3515,華擎,20,0,20,大昌-新店,2024-02-26,6464
3312,弘憶股,74,55,19,大昌-新店,2024-02-26,6464
00891,中信關鍵半導體,22,3,19,大昌-新店,2024-02-26,6464
00936,台新永續高息中小,31,12,19,大昌-新店,2024-02-26,6464
2206,三陽工業,20,2,18,大昌-新店,2024-02-26,6464
3260,威剛,18,1,17,大昌-新店,2024-02-26,6464
1733,五鼎,21,4,17,大昌-新店,2024-02-26,6464
2317,鴻海,24,8,16,大昌-新店,2024-02-26,6464
2376,技嘉,70,53,17,大昌-新店,2024-02-26,6464
1721,三晃,18,2,16,大昌-新店,2024-02-26,6464
00937B,群益ESG投等債20,353,0,353,大昌-新店,2024-02-27,6464
00878,國泰永續高股息,326,73,253,大昌-新店,2024-02-27,6464
2891,中信金,102,3,99,大昌-新店,2024-02-27,6464
2002,中鋼,94,4,90,大昌-新店,2024-02-27,6464
3037,欣興,102,30,72,大昌-新店,2024-02-27,6464
00922,國泰台灣領袖50,76,5,71,大昌-新店,2024-02-27,6464
2618,長榮航,97,38,59,大昌-新店,2024-02-27,6464
3231,緯創,100,45,55,大昌-新店,2024-02-27,6464
3481,群創,70,15,55,大昌-新店,2024-02-27,6464
00751B,元大AAA至A公司債,54,0,54,大昌-新店,2024-02-27,6464
2888,新光金,50,0,50,大昌-新店,2024-02-27,6464
00929,復華台灣科技優息,212,164,48,大昌-新店,2024-02-27,6464
00679B,元大美債20年,46,0,46,大昌-新店,2024-02-27,6464
6125,廣運,87,45,42,大昌-新店,2024-02-27,6464
00795B,中信美國公債20年,40,0,40,大昌-新店,2024-02-27,6464
00933B,國泰10Y+金融債,54,15,39,大昌-新店,2024-02-27,6464
00927,群益半導體收益,39,0,39,大昌-新店,2024-02-27,6464
6532,瑞耘,66,27,39,大昌-新店,2024-02-27,6464
2027,大成鋼,38,0,38,大昌-新店,2024-02-27,6464
1504,東元,66,29,37,大昌-新店,2024-02-27,6464
8096,擎亞,44,9,35,大昌-新店,2024-02-27,6464
1711,永光,75,41,34,大昌-新店,2024-02-27,6464
2201,裕隆,33,1,32,大昌-新店,2024-02-27,6464
6016,康和證,38,6,32,大昌-新店,2024-02-27,6464
2301,光寶科,61,31,30,大昌-新店,2024-02-27,6464
4979,華星光,40,10,30,大昌-新店,2024-02-27,6464
3230,錦明,30,0,30,大昌-新店,2024-02-27,6464
2382,廣達,37,8,29,大昌-新店,2024-02-27,6464
2882,國泰金,29,0,29,大昌-新店,2024-02-27,6464
6282,康舒,44,17,27,大昌-新店,2024-02-27,6464
4513,福裕,28,2,26,大昌-新店,2024-02-27,6464
2617,台航,28,2,26,大昌-新店,2024-02-27,6464
1618,合機,31,7,24,大昌-新店,2024-02-27,6464
3715,定穎投控,36,12,24,大昌-新店,2024-02-27,6464
2610,華航,25,2,23,大昌-新店,2024-02-27,6464
3712,永崴投控,35,12,23,大昌-新店,2024-02-27,6464
3706,神達,27,5,22,大昌-新店,2024-02-27,6464
6111,大宇資,31,10,21,大昌-新店,2024-02-27,6464
00687B,國泰20年美債,21,0,21,大昌-新店,2024-02-27,6464
6197,佳必琪,25,4,21,大昌-新店,2024-02-27,6464
6770,力積電,34,13,21,大昌-新店,2024-02-27,6464
3149,正達,21,1,20,大昌-新店,2024-02-27,6464
9939,宏全,20,0,20,大昌-新店,2024-02-27,6464
2417,圓剛,22,2,20,大昌-新店,2024-02-27,6464
5213,亞昕,20,0,20,大昌-新店,2024-02-27,6464
6026,福邦證,20,0,20,大昌-新店,2024-02-27,6464
2408,南亞科,44,24,20,大昌-新店,2024-02-27,6464
9105,泰金寶-DR,57,38,19,大昌-新店,2024-02-27,6464
3450,聯鈞,48,29,19,大昌-新店,2024-02-27,6464
6233,旺玖,38,19,19,大昌-新店,2024-02-27,6464
00937B,群益ESG投等債20,440,10,430,大昌-新店,2024-02-29,6464
00687B,國泰20年美債,400,14,386,大昌-新店,2024-02-29,6464
6116,彩晶,249,11,238,大昌-新店,2024-02-29,6464
2606,裕民,212,26,186,大昌-新店,2024-02-29,6464
2834,臺企銀,203,20,183,大昌-新店,2024-02-29,6464
1314,中石化,119,0,119,大昌-新店,2024-02-29,6464
2363,矽統,115,5,110,大昌-新店,2024-02-29,6464
2002,中鋼,103,5,98,大昌-新店,2024-02-29,6464
9105,泰金寶-DR,67,0,67,大昌-新店,2024-02-29,6464
3450,聯鈞,66,3,63,大昌-新店,2024-02-29,6464
00751B,元大AAA至A公司債,59,0,59,大昌-新店,2024-02-29,6464
3231,緯創,74,17,57,大昌-新店,2024-02-29,6464
4919,新唐,52,1,51,大昌-新店,2024-02-29,6464
3114,好德,47,1,46,大昌-新店,2024-02-29,6464
3105,穩懋,46,1,45,大昌-新店,2024-02-29,6464
00919,群益台灣精選高息,132,87,45,大昌-新店,2024-02-29,6464
2329,華泰,72,31,41,大昌-新店,2024-02-29,6464
006206,元大上證50,40,0,40,大昌-新店,2024-02-29,6464
2605,新興,83,47,36,大昌-新店,2024-02-29,6464
00688L,國泰20年美債正2,33,0,33,大昌-新店,2024-02-29,6464
2427,三商電,31,0,31,大昌-新店,2024-02-29,6464
00931B,統一美債20年,30,0,30,大昌-新店,2024-02-29,6464
1101,台泥,38,9,29,大昌-新店,2024-02-29,6464
00878,國泰永續高股息,55,27,28,大昌-新店,2024-02-29,6464
2912,統一超,25,0,25,大昌-新店,2024-02-29,6464
3380,明泰,24,0,24,大昌-新店,2024-02-29,6464
2617,台航,25,3,22,大昌-新店,2024-02-29,6464
8271,宇瞻,31,9,22,大昌-新店,2024-02-29,6464
1727,中華化,29,8,21,大昌-新店,2024-02-29,6464
1718,中纖,20,0,20,大昌-新店,2024-02-29,6464
1308,亞聚,20,0,20,大昌-新店,2024-02-29,6464
1309,台達化,20,0,20,大昌-新店,2024-02-29,6464
6257,矽格,28,8,20,大昌-新店,2024-02-29,6464
00632R,元大台灣50反1,110,90,20,大昌-新店,2024-02-29,6464
5328,華容,23,3,20,大昌-新店,2024-02-29,6464
1528,恩德,21,1,20,大昌-新店,2024-02-29,6464
6016,康和證,33,13,20,大昌-新店,2024-02-29,6464
00720B,元大投資級公司債,59,40,19,大昌-新店,2024-02-29,6464
3704,合勤控,21,2,19,大昌-新店,2024-02-29,6464
2324,仁寶,25,6,19,大昌-新店,2024-02-29,6464
3363,上詮,40,21,19,大昌-新店,2024-02-29,6464
2382,廣達,27,9,18,大昌-新店,2024-02-29,6464
2330,台積電,26,8,18,大昌-新店,2024-02-29,6464
2355,敬鵬,18,0,18,大昌-新店,2024-02-29,6464
00922,國泰台灣領袖50,17,0,17,大昌-新店,2024-02-29,6464
00706L,期元大S＆P日圓正2,17,0,17,大昌-新店,2024-02-29,6464
4973,廣穎,18,1,17,大昌-新店,2024-02-29,6464
00679B,元大美債20年,17,1,16,大昌-新店,2024-02-29,6464
4128,中天,17,1,16,大昌-新店,2024-02-29,6464
00637L,元大滬深300正2,76,60,16,大昌-新店,2024-02-29,6464
00919,群益台灣精選高息,362,6,356,大昌-新店,2024-03-01,6464
00937B,群益ESG投等債20,229,18,211,大昌-新店,2024-03-01,6464
2883,凱基金,139,37,102,大昌-新店,2024-03-01,6464
2317,鴻海,118,31,87,大昌-新店,2024-03-01,6464
6129,普誠,85,0,85,大昌-新店,2024-03-01,6464
00632R,元大台灣50反1,84,0,84,大昌-新店,2024-03-01,6464
2353,宏��,137,58,79,大昌-新店,2024-03-01,6464
2303,聯電,72,8,64,大昌-新店,2024-03-01,6464
8105,凌巨,62,10,52,大昌-新店,2024-03-01,6464
4114,健喬,58,6,52,大昌-新店,2024-03-01,6464
3576,聯合再生,50,0,50,大昌-新店,2024-03-01,6464
00927,群益半導體收益,47,0,47,大昌-新店,2024-03-01,6464
2609,陽明,54,15,39,大昌-新店,2024-03-01,6464
2409,友達,41,3,38,大昌-新店,2024-03-01,6464
00917,中信特選金融,38,0,38,大昌-新店,2024-03-01,6464
3189,景碩,42,6,36,大昌-新店,2024-03-01,6464
2025,千興,37,2,35,大昌-新店,2024-03-01,6464
2382,廣達,80,47,33,大昌-新店,2024-03-01,6464
2329,華泰,70,37,33,大昌-新店,2024-03-01,6464
00690,兆豐藍籌30,35,4,31,大昌-新店,2024-03-01,6464
00878,國泰永續高股息,37,6,31,大昌-新店,2024-03-01,6464
00687B,國泰20年美債,31,1,30,大昌-新店,2024-03-01,6464
00706L,期元大S＆P日圓正2,29,0,29,大昌-新店,2024-03-01,6464
2412,中華電,26,0,26,大昌-新店,2024-03-01,6464
1303,南亞,30,4,26,大昌-新店,2024-03-01,6464
2206,三陽工業,71,46,25,大昌-新店,2024-03-01,6464
2607,榮運,26,1,25,大昌-新店,2024-03-01,6464
2421,建準,54,29,25,大昌-新店,2024-03-01,6464
2882,國泰金,27,3,24,大昌-新店,2024-03-01,6464
1309,台達化,23,0,23,大昌-新店,2024-03-01,6464
2408,南亞科,22,0,22,大昌-新店,2024-03-01,6464
6112,邁達特,23,2,21,大昌-新店,2024-03-01,6464
2880,華南金,20,0,20,大昌-新店,2024-03-01,6464
3044,健鼎,24,4,20,大昌-新店,2024-03-01,6464
6742,澤米,20,0,20,大昌-新店,2024-03-01,6464
0061,元大寶滬深,20,0,20,大昌-新店,2024-03-01,6464
6257,矽格,28,10,18,大昌-新店,2024-03-01,6464
3402,漢科,18,0,18,大昌-新店,2024-03-01,6464
2834,臺企銀,32,15,17,大昌-新店,2024-03-01,6464
1721,三晃,20,3,17,大昌-新店,2024-03-01,6464
8112,至上,18,1,17,大昌-新店,2024-03-01,6464
3036,文曄,31,15,16,大昌-新店,2024-03-01,6464
3712,永崴投控,34,18,16,大昌-新店,2024-03-01,6464
1802,台玻,17,1,16,大昌-新店,2024-03-01,6464
1605,華新,24,10,14,大昌-新店,2024-03-01,6464
00934,中信成長高股息,17,3,14,大昌-新店,2024-03-01,6464
1314,中石化,21,7,14,大昌-新店,2024-03-01,6464
2330,台積電,19,5,14,大昌-新店,2024-03-01,6464
2618,長榮航,97,83,14,大昌-新店,2024-03-01,6464
5521,工信,17,4,13,大昌-新店,2024-03-01,6464
00937B,群益ESG投等債20,220,6,214,大昌-新店,2024-03-04,6464
2504,國產,174,3,171,大昌-新店,2024-03-04,6464
00918,大華優利高填息30,146,4,142,大昌-新店,2024-03-04,6464
00919,群益台灣精選高息,255,129,126,大昌-新店,2024-03-04,6464
00795B,中信美國公債20年,80,1,79,大昌-新店,2024-03-04,6464
6129,普誠,75,0,75,大昌-新店,2024-03-04,6464
3231,緯創,142,72,70,大昌-新店,2024-03-04,6464
00695B,富邦美債7-10,60,0,60,大昌-新店,2024-03-04,6464
1513,中興電,81,29,52,大昌-新店,2024-03-04,6464
6546,正基,57,7,50,大昌-新店,2024-03-04,6464
00673R,期元大S＆P原油反1,46,0,46,大昌-新店,2024-03-04,6464
2457,飛宏,54,8,46,大昌-新店,2024-03-04,6464
2329,華泰,75,30,45,大昌-新店,2024-03-04,6464
2371,大同,89,49,40,大昌-新店,2024-03-04,6464
5864,致和證,39,0,39,大昌-新店,2024-03-04,6464
2359,所羅門,40,1,39,大昌-新店,2024-03-04,6464
6288,聯嘉,42,4,38,大昌-新店,2024-03-04,6464
6189,豐藝,46,8,38,大昌-新店,2024-03-04,6464
00752,中信中國50,36,0,36,大昌-新店,2024-03-04,6464
3114,好德,36,0,36,大昌-新店,2024-03-04,6464
00882,中信中國高股息,66,33,33,大昌-新店,2024-03-04,6464
8070,長華*,31,0,31,大昌-新店,2024-03-04,6464
00751B,元大AAA至A公司債,31,0,31,大昌-新店,2024-03-04,6464
00694B,富邦美債1-3,30,0,30,大昌-新店,2024-03-04,6464
00719B,元大美債1-3,30,0,30,大昌-新店,2024-03-04,6464
3045,台灣大,29,0,29,大昌-新店,2024-03-04,6464
3005,神基,37,9,28,大昌-新店,2024-03-04,6464
1514,亞力,51,24,27,大昌-新店,2024-03-04,6464
2382,廣達,108,82,26,大昌-新店,2024-03-04,6464
00915,凱基優選高股息30,25,0,25,大昌-新店,2024-03-04,6464
2882,國泰金,25,1,24,大昌-新店,2024-03-04,6464
2618,長榮航,99,75,24,大昌-新店,2024-03-04,6464
3105,穩懋,27,4,23,大昌-新店,2024-03-04,6464
2312,金寶,35,12,23,大昌-新店,2024-03-04,6464
00679B,元大美債20年,28,6,22,大昌-新店,2024-03-04,6464
1609,大亞,35,13,22,大昌-新店,2024-03-04,6464
8227,巨有科技,22,1,21,大昌-新店,2024-03-04,6464
2605,新興,29,8,21,大昌-新店,2024-03-04,6464
6770,力積電,74,53,21,大昌-新店,2024-03-04,6464
3537,堡達,20,0,20,大昌-新店,2024-03-04,6464
3712,永崴投控,28,8,20,大昌-新店,2024-03-04,6464
2314,台揚,21,1,20,大昌-新店,2024-03-04,6464
8011,台通,23,3,20,大昌-新店,2024-03-04,6464
00671R,富邦NASDAQ反1,20,0,20,大昌-新店,2024-03-04,6464
00878,國泰永續高股息,46,26,20,大昌-新店,2024-03-04,6464
2903,遠百,21,1,20,大昌-新店,2024-03-04,6464
6274,台燿,54,35,19,大昌-新店,2024-03-04,6464
6125,廣運,41,22,19,大昌-新店,2024-03-04,6464
2880,華南金,22,4,18,大昌-新店,2024-03-04,6464
5469,瀚宇博,21,4,17,大昌-新店,2024-03-04,6464
00632R,元大台灣50反1,308,60,248,大昌-新店,2024-03-05,6464
00919,群益台灣精選高息,242,71,171,大昌-新店,2024-03-05,6464
2485,兆赫,154,8,146,大昌-新店,2024-03-05,6464
2419,仲琦,149,27,122,大昌-新店,2024-03-05,6464
2323,中環,92,0,92,大昌-新店,2024-03-05,6464
00937B,群益ESG投等債20,87,4,83,大昌-新店,2024-03-05,6464
2409,友達,110,27,83,大昌-新店,2024-03-05,6464
00878,國泰永續高股息,172,95,77,大昌-新店,2024-03-05,6464
5907,大洋-KY,80,5,75,大昌-新店,2024-03-05,6464
00918,大華優利高填息30,72,5,67,大昌-新店,2024-03-05,6464
00695B,富邦美債7-10,60,0,60,大昌-新店,2024-03-05,6464
00915,凱基優選高股息30,61,2,59,大昌-新店,2024-03-05,6464
00751B,元大AAA至A公司債,39,0,39,大昌-新店,2024-03-05,6464
1718,中纖,38,0,38,大昌-新店,2024-03-05,6464
00687B,國泰20年美債,40,2,38,大昌-新店,2024-03-05,6464
6120,達運,39,3,36,大昌-新店,2024-03-05,6464
1303,南亞,36,2,34,大昌-新店,2024-03-05,6464
2313,華通,84,52,32,大昌-新店,2024-03-05,6464
5386,青雲,42,10,32,大昌-新店,2024-03-05,6464
2002,中鋼,36,5,31,大昌-新店,2024-03-05,6464
1326,台化,35,4,31,大昌-新店,2024-03-05,6464
5351,鈺創,44,13,31,大昌-新店,2024-03-05,6464
2371,大同,50,19,31,大昌-新店,2024-03-05,6464
1313,聯成,30,0,30,大昌-新店,2024-03-05,6464
0055,元大MSCI金融,30,0,30,大昌-新店,2024-03-05,6464
1314,中石化,30,0,30,大昌-新店,2024-03-05,6464
1309,台達化,30,1,29,大昌-新店,2024-03-05,6464
6125,廣運,41,12,29,大昌-新店,2024-03-05,6464
00679B,元大美債20年,32,4,28,大昌-新店,2024-03-05,6464
2355,敬鵬,55,27,28,大昌-新店,2024-03-05,6464
2103,台橡,27,0,27,大昌-新店,2024-03-05,6464
2605,新興,43,16,27,大昌-新店,2024-03-05,6464
1522,堤維西,29,4,25,大昌-新店,2024-03-05,6464
2324,仁寶,36,13,23,大昌-新店,2024-03-05,6464
2316,楠梓電,27,5,22,大昌-新店,2024-03-05,6464
2344,華邦電,36,15,21,大昌-新店,2024-03-05,6464
3694,海華,40,20,20,大昌-新店,2024-03-05,6464
2498,宏達電,26,6,20,大昌-新店,2024-03-05,6464
00720B,元大投資級公司債,20,0,20,大昌-新店,2024-03-05,6464
2880,華南金,20,0,20,大昌-新店,2024-03-05,6464
5608,四維航,20,0,20,大昌-新店,2024-03-05,6464
1101,台泥,17,0,17,大昌-新店,2024-03-05,6464
2641,正德,25,8,17,大昌-新店,2024-03-05,6464
3260,威剛,17,0,17,大昌-新店,2024-03-05,6464
2428,興勤,17,0,17,大昌-新店,2024-03-05,6464
00753L,中信中國50正2,17,0,17,大昌-新店,2024-03-05,6464
00712,復華富時不動產,19,3,16,大昌-新店,2024-03-05,6464
3114,好德,16,0,16,大昌-新店,2024-03-05,6464
2867,三商壽,33,17,16,大昌-新店,2024-03-05,6464
4543,萬在,29,14,15,大昌-新店,2024-03-05,6464
00919,群益台灣精選高息,366,101,265,大昌-新店,2024-03-06,6464
00882,中信中國高股息,164,7,157,大昌-新店,2024-03-06,6464
00918,大華優利高填息30,178,32,146,大昌-新店,2024-03-06,6464
00929,復華台灣科技優息,310,199,111,大昌-新店,2024-03-06,6464
0055,元大MSCI金融,110,0,110,大昌-新店,2024-03-06,6464
6126,信音,110,13,97,大昌-新店,2024-03-06,6464
3231,緯創,109,22,87,大昌-新店,2024-03-06,6464
00664R,國泰臺灣加權反1,86,0,86,大昌-新店,2024-03-06,6464
2884,玉山金,102,21,81,大昌-新店,2024-03-06,6464
6127,九豪,64,8,56,大昌-新店,2024-03-06,6464
3325,旭品,88,37,51,大昌-新店,2024-03-06,6464
6164,華興,54,3,51,大昌-新店,2024-03-06,6464
00935,野村臺灣新科技50,50,0,50,大昌-新店,2024-03-06,6464
2002,中鋼,57,7,50,大昌-新店,2024-03-06,6464
3481,群創,83,38,45,大昌-新店,2024-03-06,6464
00878,國泰永續高股息,78,37,41,大昌-新店,2024-03-06,6464
6015,宏遠證,40,0,40,大昌-新店,2024-03-06,6464
00712,復華富時不動產,37,0,37,大昌-新店,2024-03-06,6464
5521,工信,75,40,35,大昌-新店,2024-03-06,6464
2329,華泰,65,32,33,大昌-新店,2024-03-06,6464
2353,宏��,66,33,33,大昌-新店,2024-03-06,6464
8070,長華*,33,0,33,大昌-新店,2024-03-06,6464
4702,中美實,50,17,33,大昌-新店,2024-03-06,6464
5388,中磊,41,10,31,大昌-新店,2024-03-06,6464
1409,新纖,39,8,31,大昌-新店,2024-03-06,6464
2838,聯邦銀,30,0,30,大昌-新店,2024-03-06,6464
00915,凱基優選高股息30,29,0,29,大昌-新店,2024-03-06,6464
8011,台通,57,29,28,大昌-新店,2024-03-06,6464
2027,大成鋼,34,7,27,大昌-新店,2024-03-06,6464
1445,大宇,40,14,26,大昌-新店,2024-03-06,6464
3312,弘憶股,36,11,25,大昌-新店,2024-03-06,6464
2419,仲琦,26,1,25,大昌-新店,2024-03-06,6464
2344,華邦電,30,5,25,大昌-新店,2024-03-06,6464
2603,長榮,33,8,25,大昌-新店,2024-03-06,6464
3114,好德,24,0,24,大昌-新店,2024-03-06,6464
6163,華電網,56,33,23,大昌-新店,2024-03-06,6464
00937B,群益ESG投等債20,47,25,22,大昌-新店,2024-03-06,6464
5426,振發,60,38,22,大昌-新店,2024-03-06,6464
6770,力積電,53,31,22,大昌-新店,2024-03-06,6464
2605,新興,27,6,21,大昌-新店,2024-03-06,6464
2888,新光金,60,39,21,大昌-新店,2024-03-06,6464
3017,奇鋐,43,22,21,大昌-新店,2024-03-06,6464
2413,環科,20,0,20,大昌-新店,2024-03-06,6464
8110,華東,32,12,20,大昌-新店,2024-03-06,6464
6161,捷波,20,1,19,大昌-新店,2024-03-06,6464
2356,英業達,30,11,19,大昌-新店,2024-03-06,6464
3372,典範,37,19,18,大昌-新店,2024-03-06,6464
00713,元大台灣高息低波,24,7,17,大昌-新店,2024-03-06,6464
2601,益航,18,1,17,大昌-新店,2024-03-06,6464
9907,統一實,17,0,17,大昌-新店,2024-03-06,6464
0055,元大MSCI金融,303,0,303,大昌-新店,2024-03-07,6464
00919,群益台灣精選高息,388,90,298,大昌-新店,2024-03-07,6464
00664R,國泰臺灣加權反1,270,0,270,大昌-新店,2024-03-07,6464
00882,中信中國高股息,296,121,175,大昌-新店,2024-03-07,6464
00937B,群益ESG投等債20,228,81,147,大昌-新店,2024-03-07,6464
00687B,國泰20年美債,139,1,138,大昌-新店,2024-03-07,6464
00712,復華富時不動產,134,0,134,大昌-新店,2024-03-07,6464
3231,緯創,146,32,114,大昌-新店,2024-03-07,6464
1609,大亞,94,14,80,大昌-新店,2024-03-07,6464
8271,宇瞻,78,1,77,大昌-新店,2024-03-07,6464
2883,凱基金,311,237,74,大昌-新店,2024-03-07,6464
3481,群創,113,46,67,大昌-新店,2024-03-07,6464
2634,漢翔,64,1,63,大昌-新店,2024-03-07,6464
2324,仁寶,85,22,63,大昌-新店,2024-03-07,6464
1815,富喬,89,28,61,大昌-新店,2024-03-07,6464
1314,中石化,64,4,60,大昌-新店,2024-03-07,6464
2382,廣達,105,48,57,大昌-新店,2024-03-07,6464
1524,耿鼎,54,4,50,大昌-新店,2024-03-07,6464
6189,豐藝,51,4,47,大昌-新店,2024-03-07,6464
5521,工信,60,14,46,大昌-新店,2024-03-07,6464
2515,中工,65,20,45,大昌-新店,2024-03-07,6464
6126,信音,68,27,41,大昌-新店,2024-03-07,6464
5864,致和證,60,20,40,大昌-新店,2024-03-07,6464
00933B,國泰10Y+金融債,67,27,40,大昌-新店,2024-03-07,6464
00795B,中信美國公債20年,36,0,36,大昌-新店,2024-03-07,6464
00917,中信特選金融,35,0,35,大昌-新店,2024-03-07,6464
1313,聯成,34,0,34,大昌-新店,2024-03-07,6464
2606,裕民,35,2,33,大昌-新店,2024-03-07,6464
2002,中鋼,34,1,33,大昌-新店,2024-03-07,6464
9907,統一實,33,0,33,大昌-新店,2024-03-07,6464
2421,建準,67,34,33,大昌-新店,2024-03-07,6464
2368,金像電,46,14,32,大昌-新店,2024-03-07,6464
1717,長興,42,10,32,大昌-新店,2024-03-07,6464
2201,裕隆,41,9,32,大昌-新店,2024-03-07,6464
2355,敬鵬,32,1,31,大昌-新店,2024-03-07,6464
4561,健椿,32,1,31,大昌-新店,2024-03-07,6464
6176,瑞儀,41,10,31,大昌-新店,2024-03-07,6464
1605,華新,31,1,30,大昌-新店,2024-03-07,6464
2851,中再保,30,0,30,大昌-新店,2024-03-07,6464
6127,九豪,41,11,30,大昌-新店,2024-03-07,6464
2610,華航,35,6,29,大昌-新店,2024-03-07,6464
4543,萬在,37,8,29,大昌-新店,2024-03-07,6464
3689,湧德,41,15,26,大昌-新店,2024-03-07,6464
6125,廣運,35,9,26,大昌-新店,2024-03-07,6464
1342,八貫,26,1,25,大昌-新店,2024-03-07,6464
1471,首利,26,2,24,大昌-新店,2024-03-07,6464
3362,先進光,25,1,24,大昌-新店,2024-03-07,6464
3390,旭軟,31,7,24,大昌-新店,2024-03-07,6464
2367,燿華,76,52,24,大昌-新店,2024-03-07,6464
6282,康舒,34,11,23,大昌-新店,2024-03-07,6464
2353,宏��,440,28,412,大昌-新店,2024-03-08,6464
00632R,元大台灣50反1,481,143,338,大昌-新店,2024-03-08,6464
00918,大華優利高填息30,347,86,261,大昌-新店,2024-03-08,6464
00753L,中信中國50正2,200,3,197,大昌-新店,2024-03-08,6464
00915,凱基優選高股息30,149,20,129,大昌-新店,2024-03-08,6464
5272,笙科,109,1,108,大昌-新店,2024-03-08,6464
2355,敬鵬,103,1,102,大昌-新店,2024-03-08,6464
00882,中信中國高股息,285,187,98,大昌-新店,2024-03-08,6464
2495,普安,93,1,92,大昌-新店,2024-03-08,6464
1309,台達化,91,0,91,大昌-新店,2024-03-08,6464
2367,燿華,135,50,85,大昌-新店,2024-03-08,6464
2201,裕隆,73,0,73,大昌-新店,2024-03-08,6464
1313,聯成,73,0,73,大昌-新店,2024-03-08,6464
2338,光罩,73,1,72,大昌-新店,2024-03-08,6464
2323,中環,63,0,63,大昌-新店,2024-03-08,6464
0055,元大MSCI金融,60,2,58,大昌-新店,2024-03-08,6464
9105,泰金寶-DR,338,290,48,大昌-新店,2024-03-08,6464
3481,群創,119,74,45,大昌-新店,2024-03-08,6464
2103,台橡,45,0,45,大昌-新店,2024-03-08,6464
00637L,元大滬深300正2,59,14,45,大昌-新店,2024-03-08,6464
8105,凌巨,42,1,41,大昌-新店,2024-03-08,6464
6274,台燿,75,35,40,大昌-新店,2024-03-08,6464
3708,上緯投控,40,2,38,大昌-新店,2024-03-08,6464
3010,華立,37,0,37,大昌-新店,2024-03-08,6464
6116,彩晶,48,11,37,大昌-新店,2024-03-08,6464
2449,京元電子,69,32,37,大昌-新店,2024-03-08,6464
6176,瑞儀,45,8,37,大昌-新店,2024-03-08,6464
2014,中鴻,38,2,36,大昌-新店,2024-03-08,6464
3711,日月光投控,53,19,34,大昌-新店,2024-03-08,6464
2356,英業達,67,33,34,大昌-新店,2024-03-08,6464
2609,陽明,60,27,33,大昌-新店,2024-03-08,6464
2883,凱基金,120,88,32,大昌-新店,2024-03-08,6464
3376,新日興,34,3,31,大昌-新店,2024-03-08,6464
1905,華紙,35,5,30,大昌-新店,2024-03-08,6464
2354,鴻準,28,0,28,大昌-新店,2024-03-08,6464
2634,漢翔,36,9,27,大昌-新店,2024-03-08,6464
00933B,國泰10Y+金融債,26,0,26,大昌-新店,2024-03-08,6464
4919,新唐,32,6,26,大昌-新店,2024-03-08,6464
5533,皇鼎,25,0,25,大昌-新店,2024-03-08,6464
3362,先進光,26,1,25,大昌-新店,2024-03-08,6464
2603,長榮,54,31,23,大昌-新店,2024-03-08,6464
00676R,富邦臺灣加權反1,23,0,23,大昌-新店,2024-03-08,6464
2610,華航,52,29,23,大昌-新店,2024-03-08,6464
1718,中纖,23,0,23,大昌-新店,2024-03-08,6464
2641,正德,28,5,23,大昌-新店,2024-03-08,6464
1301,台塑,31,8,23,大昌-新店,2024-03-08,6464
3211,順達,26,4,22,大昌-新店,2024-03-08,6464
00671R,富邦NASDAQ反1,20,0,20,大昌-新店,2024-03-08,6464
1314,中石化,20,0,20,大昌-新店,2024-03-08,6464
6026,福邦證,30,10,20,大昌-新店,2024-03-08,6464
00937B,群益ESG投等債20,237,3,234,大昌-新店,2024-03-11,6464
00882,中信中國高股息,183,2,181,大昌-新店,2024-03-11,6464
00908,富邦入息REITs+,142,0,142,大昌-新店,2024-03-11,6464
00918,大華優利高填息30,141,5,136,大昌-新店,2024-03-11,6464
2344,華邦電,148,31,117,大昌-新店,2024-03-11,6464
00915,凱基優選高股息30,105,0,105,大昌-新店,2024-03-11,6464
2504,國產,68,3,65,大昌-新店,2024-03-11,6464
2303,聯電,95,39,56,大昌-新店,2024-03-11,6464
6187,萬潤,61,6,55,大昌-新店,2024-03-11,6464
2330,台積電,55,5,50,大昌-新店,2024-03-11,6464
00664R,國泰臺灣加權反1,39,0,39,大昌-新店,2024-03-11,6464
2890,永豐金,36,0,36,大昌-新店,2024-03-11,6464
6217,中探針,50,15,35,大昌-新店,2024-03-11,6464
3047,訊舟,36,1,35,大昌-新店,2024-03-11,6464
00795B,中信美國公債20年,34,1,33,大昌-新店,2024-03-11,6464
2371,大同,59,27,32,大昌-新店,2024-03-11,6464
1316,上曜,39,7,32,大昌-新店,2024-03-11,6464
1309,台達化,31,0,31,大昌-新店,2024-03-11,6464
3163,波若威,44,13,31,大昌-新店,2024-03-11,6464
2892,第一金,36,5,31,大昌-新店,2024-03-11,6464
2610,華航,65,36,29,大昌-新店,2024-03-11,6464
2834,臺企銀,30,2,28,大昌-新店,2024-03-11,6464
00830,國泰費城半導體,27,0,27,大昌-新店,2024-03-11,6464
2301,光寶科,34,8,26,大昌-新店,2024-03-11,6464
4529,淳紳,26,0,26,大昌-新店,2024-03-11,6464
3707,漢磊,40,14,26,大昌-新店,2024-03-11,6464
1815,富喬,31,7,24,大昌-新店,2024-03-11,6464
00757,統一FANG+,21,0,21,大昌-新店,2024-03-11,6464
1734,杏輝,23,2,21,大昌-新店,2024-03-11,6464
00665L,富邦�琤肭磪囓�2,230,209,21,大昌-新店,2024-03-11,6464
2603,長榮,33,13,20,大昌-新店,2024-03-11,6464
00751B,元大AAA至A公司債,20,0,20,大昌-新店,2024-03-11,6464
2897,王道銀行,20,0,20,大昌-新店,2024-03-11,6464
2467,志聖,22,2,20,大昌-新店,2024-03-11,6464
3515,華擎,24,4,20,大昌-新店,2024-03-11,6464
00706L,期元大S＆P日圓正2,25,7,18,大昌-新店,2024-03-11,6464
3264,欣銓,18,0,18,大昌-新店,2024-03-11,6464
2031,新光鋼,19,1,18,大昌-新店,2024-03-11,6464
6782,視陽,18,1,17,大昌-新店,2024-03-11,6464
6279,胡連,17,0,17,大昌-新店,2024-03-11,6464
1313,聯成,15,0,15,大昌-新店,2024-03-11,6464
00688L,國泰20年美債正2,55,40,15,大昌-新店,2024-03-11,6464
2633,台灣高鐵,15,0,15,大昌-新店,2024-03-11,6464
00715L,期街口布蘭特正2,15,0,15,大昌-新店,2024-03-11,6464
2367,燿華,177,162,15,大昌-新店,2024-03-11,6464
6462,神盾,21,7,14,大昌-新店,2024-03-11,6464
1609,大亞,22,8,14,大昌-新店,2024-03-11,6464
6768,志強-KY,14,0,14,大昌-新店,2024-03-11,6464
3013,晟銘電,14,1,13,大昌-新店,2024-03-11,6464
2408,南亞科,26,13,13,大昌-新店,2024-03-11,6464
00632R,元大台灣50反1,298,20,278,大昌-新店,2024-03-12,6464
1314,中石化,180,1,179,大昌-新店,2024-03-12,6464
2355,敬鵬,117,1,116,大昌-新店,2024-03-12,6464
2352,佳世達,106,3,103,大昌-新店,2024-03-12,6464
1301,台塑,106,6,100,大昌-新店,2024-03-12,6464
4714,永捷,105,26,79,大昌-新店,2024-03-12,6464
00931B,統一美債20年,75,0,75,大昌-新店,2024-03-12,6464
00882,中信中國高股息,71,0,71,大昌-新店,2024-03-12,6464
00637L,元大滬深300正2,108,40,68,大昌-新店,2024-03-12,6464
2636,台驊控股,64,0,64,大昌-新店,2024-03-12,6464
2027,大成鋼,60,0,60,大昌-新店,2024-03-12,6464
00937B,群益ESG投等債20,60,4,56,大昌-新店,2024-03-12,6464
2888,新光金,72,17,55,大昌-新店,2024-03-12,6464
2367,燿華,128,74,54,大昌-新店,2024-03-12,6464
8034,榮群,46,4,42,大昌-新店,2024-03-12,6464
4420,光明,41,0,41,大昌-新店,2024-03-12,6464
6443,元晶,41,1,40,大昌-新店,2024-03-12,6464
00706L,期元大S＆P日圓正2,40,0,40,大昌-新店,2024-03-12,6464
2408,南亞科,45,5,40,大昌-新店,2024-03-12,6464
2881,富邦金,43,5,38,大昌-新店,2024-03-12,6464
2301,光寶科,62,24,38,大昌-新店,2024-03-12,6464
2365,昆盈,53,16,37,大昌-新店,2024-03-12,6464
00664R,國泰臺灣加權反1,35,0,35,大昌-新店,2024-03-12,6464
2303,聯電,151,117,34,大昌-新店,2024-03-12,6464
2376,技嘉,39,6,33,大昌-新店,2024-03-12,6464
2371,大同,80,49,31,大昌-新店,2024-03-12,6464
1712,興農,31,0,31,大昌-新店,2024-03-12,6464
00918,大華優利高填息30,94,64,30,大昌-新店,2024-03-12,6464
00795B,中信美國公債20年,34,5,29,大昌-新店,2024-03-12,6464
00933B,國泰10Y+金融債,27,1,26,大昌-新店,2024-03-12,6464
2329,華泰,42,17,25,大昌-新店,2024-03-12,6464
3306,鼎天,25,0,25,大昌-新店,2024-03-12,6464
3325,旭品,61,37,24,大昌-新店,2024-03-12,6464
2605,新興,29,5,24,大昌-新店,2024-03-12,6464
1316,上曜,53,30,23,大昌-新店,2024-03-12,6464
00929,復華台灣科技優息,237,214,23,大昌-新店,2024-03-12,6464
1471,首利,30,7,23,大昌-新店,2024-03-12,6464
00688L,國泰20年美債正2,22,0,22,大昌-新店,2024-03-12,6464
2023,燁輝,21,0,21,大昌-新店,2024-03-12,6464
1514,亞力,36,15,21,大昌-新店,2024-03-12,6464
8213,志超,20,0,20,大昌-新店,2024-03-12,6464
3324,雙鴻,28,8,20,大昌-新店,2024-03-12,6464
3016,嘉晶,24,5,19,大昌-新店,2024-03-12,6464
3013,晟銘電,20,1,19,大昌-新店,2024-03-12,6464
2002,中鋼,22,4,18,大昌-新店,2024-03-12,6464
3339,泰谷,26,8,18,大昌-新店,2024-03-12,6464
2816,旺旺保,20,2,18,大昌-新店,2024-03-12,6464
5388,中磊,17,1,16,大昌-新店,2024-03-12,6464
3362,先進光,17,1,16,大昌-新店,2024-03-12,6464
2851,中再保,18,2,16,大昌-新店,2024-03-12,6464
00929,復華台灣科技優息,611,116,495,大昌-新店,2024-03-13,6464
3481,群創,321,20,301,大昌-新店,2024-03-13,6464
6026,福邦證,279,22,257,大昌-新店,2024-03-13,6464
00919,群益台灣精選高息,459,253,206,大昌-新店,2024-03-13,6464
3231,緯創,240,53,187,大昌-新店,2024-03-13,6464
00918,大華優利高填息30,170,20,150,大昌-新店,2024-03-13,6464
2882,國泰金,202,63,139,大昌-新店,2024-03-13,6464
00923,群益台ESG低碳50,106,0,106,大昌-新店,2024-03-13,6464
00878,國泰永續高股息,126,47,79,大昌-新店,2024-03-13,6464
3450,聯鈞,74,2,72,大昌-新店,2024-03-13,6464
00915,凱基優選高股息30,78,11,67,大昌-新店,2024-03-13,6464
2408,南亞科,69,7,62,大昌-新店,2024-03-13,6464
00637L,元大滬深300正2,61,0,61,大昌-新店,2024-03-13,6464
8011,台通,59,7,52,大昌-新店,2024-03-13,6464
2467,志聖,54,2,52,大昌-新店,2024-03-13,6464
00937B,群益ESG投等債20,93,42,51,大昌-新店,2024-03-13,6464
6117,迎廣,56,9,47,大昌-新店,2024-03-13,6464
2363,矽統,49,6,43,大昌-新店,2024-03-13,6464
2356,英業達,134,91,43,大昌-新店,2024-03-13,6464
1316,上曜,77,36,41,大昌-新店,2024-03-13,6464
2376,技嘉,97,55,42,大昌-新店,2024-03-13,6464
2312,金寶,50,11,39,大昌-新店,2024-03-13,6464
00688L,國泰20年美債正2,439,403,36,大昌-新店,2024-03-13,6464
2607,榮運,34,1,33,大昌-新店,2024-03-13,6464
00887,永豐中國科技50大,33,0,33,大昌-新店,2024-03-13,6464
00931B,統一美債20年,33,0,33,大昌-新店,2024-03-13,6464
5498,凱崴,34,1,33,大昌-新店,2024-03-13,6464
00679B,元大美債20年,53,22,31,大昌-新店,2024-03-13,6464
1608,華榮,129,98,31,大昌-新店,2024-03-13,6464
00885,富邦越南,30,0,30,大昌-新店,2024-03-13,6464
1712,興農,30,0,30,大昌-新店,2024-03-13,6464
1313,聯成,30,0,30,大昌-新店,2024-03-13,6464
5880,合庫金,35,7,28,大昌-新店,2024-03-13,6464
2610,華航,64,36,28,大昌-新店,2024-03-13,6464
2884,玉山金,31,5,26,大昌-新店,2024-03-13,6464
1309,台達化,25,0,25,大昌-新店,2024-03-13,6464
2002,中鋼,30,6,24,大昌-新店,2024-03-13,6464
2409,友達,36,13,23,大昌-新店,2024-03-13,6464
3017,奇鋐,47,26,21,大昌-新店,2024-03-13,6464
2428,興勤,21,0,21,大昌-新店,2024-03-13,6464
1457,宜進,20,0,20,大昌-新店,2024-03-13,6464
00680L,元大美債20正2,25,5,20,大昌-新店,2024-03-13,6464
3715,定穎投控,22,2,20,大昌-新店,2024-03-13,6464
00908,富邦入息REITs+,20,0,20,大昌-新店,2024-03-13,6464
5603,陸海,20,0,20,大昌-新店,2024-03-13,6464
00927,群益半導體收益,19,0,19,大昌-新店,2024-03-13,6464
2344,華邦電,48,29,19,大昌-新店,2024-03-13,6464
2834,臺企銀,32,13,19,大昌-新店,2024-03-13,6464
00904,新光臺灣半導體30,24,6,18,大昌-新店,2024-03-13,6464
5009,榮剛,30,12,18,大昌-新店,2024-03-13,6464
2882,國泰金,428,122,306,大昌-新店,2024-03-14,6464
2618,長榮航,308,69,239,大昌-新店,2024-03-14,6464
00937B,群益ESG投等債20,238,41,197,大昌-新店,2024-03-14,6464
1616,億泰,137,12,125,大昌-新店,2024-03-14,6464
00679B,元大美債20年,106,0,106,大昌-新店,2024-03-14,6464
00915,凱基優選高股息30,112,11,101,大昌-新店,2024-03-14,6464
2883,凱基金,145,54,91,大昌-新店,2024-03-14,6464
00687B,國泰20年美債,97,15,82,大昌-新店,2024-03-14,6464
00929,復華台灣科技優息,220,143,77,大昌-新店,2024-03-14,6464
2354,鴻準,103,41,62,大昌-新店,2024-03-14,6464
2603,長榮,83,27,56,大昌-新店,2024-03-14,6464
1305,華夏,52,1,51,大昌-新店,2024-03-14,6464
00688L,國泰20年美債正2,61,10,51,大昌-新店,2024-03-14,6464
6116,彩晶,53,4,49,大昌-新店,2024-03-14,6464
00918,大華優利高填息30,74,27,47,大昌-新店,2024-03-14,6464
2312,金寶,52,6,46,大昌-新店,2024-03-14,6464
5483,中美晶,58,16,42,大昌-新店,2024-03-14,6464
2363,矽統,39,4,35,大昌-新店,2024-03-14,6464
2382,廣達,56,22,34,大昌-新店,2024-03-14,6464
3034,聯詠,37,5,32,大昌-新店,2024-03-14,6464
1608,華榮,76,46,30,大昌-新店,2024-03-14,6464
3708,上緯投控,30,1,29,大昌-新店,2024-03-14,6464
00857B,永豐20年美公債,28,0,28,大昌-新店,2024-03-14,6464
2816,旺旺保,27,0,27,大昌-新店,2024-03-14,6464
3231,緯創,82,58,24,大昌-新店,2024-03-14,6464
6139,亞翔,30,8,22,大昌-新店,2024-03-14,6464
3702,大聯大,81,59,22,大昌-新店,2024-03-14,6464
2892,第一金,28,6,22,大昌-新店,2024-03-14,6464
2609,陽明,51,30,21,大昌-新店,2024-03-14,6464
2353,宏��,30,9,21,大昌-新店,2024-03-14,6464
2408,南亞科,25,4,21,大昌-新店,2024-03-14,6464
2331,精英,24,4,20,大昌-新店,2024-03-14,6464
00636,國泰中國A50,20,0,20,大昌-新店,2024-03-14,6464
2301,光寶科,33,13,20,大昌-新店,2024-03-14,6464
00713,元大台灣高息低波,20,2,18,大昌-新店,2024-03-14,6464
00795B,中信美國公債20年,18,0,18,大昌-新店,2024-03-14,6464
00664R,國泰臺灣加權反1,18,0,18,大昌-新店,2024-03-14,6464
4714,永捷,25,7,18,大昌-新店,2024-03-14,6464
00706L,期元大S＆P日圓正2,17,0,17,大昌-新店,2024-03-14,6464
00673R,期元大S＆P原油反1,17,0,17,大昌-新店,2024-03-14,6464
8105,凌巨,27,10,17,大昌-新店,2024-03-14,6464
1529,樂事綠能,27,11,16,大昌-新店,2024-03-14,6464
6005,群益證,34,18,16,大昌-新店,2024-03-14,6464
2367,燿華,49,34,15,大昌-新店,2024-03-14,6464
2897,王道銀行,25,10,15,大昌-新店,2024-03-14,6464
2454,聯發科,22,7,15,大昌-新店,2024-03-14,6464
1582,信錦,19,5,14,大昌-新店,2024-03-14,6464
2323,中環,14,0,14,大昌-新店,2024-03-14,6464
00887,永豐中國科技50大,14,0,14,大昌-新店,2024-03-14,6464
3325,旭品,16,2,14,大昌-新店,2024-03-14,6464
2888,新光金,1053,10,1043,大昌-新店,2024-03-15,6464
2409,友達,494,26,468,大昌-新店,2024-03-15,6464
00919,群益台灣精選高息,556,215,341,大昌-新店,2024-03-15,6464
00941,中信上游半導體,273,0,273,大昌-新店,2024-03-15,6464
2834,臺企銀,254,51,203,大昌-新店,2024-03-15,6464
00937B,群益ESG投等債20,144,26,118,大昌-新店,2024-03-15,6464
00918,大華優利高填息30,106,19,87,大昌-新店,2024-03-15,6464
2603,長榮,162,88,74,大昌-新店,2024-03-15,6464
1314,中石化,74,3,71,大昌-新店,2024-03-15,6464
00753L,中信中國50正2,70,0,70,大昌-新店,2024-03-15,6464
1582,信錦,81,13,68,大昌-新店,2024-03-15,6464
2611,志信,115,47,68,大昌-新店,2024-03-15,6464
00933B,國泰10Y+金融債,67,0,67,大昌-新店,2024-03-15,6464
2606,裕民,61,3,58,大昌-新店,2024-03-15,6464
00650L,復華香港正2,58,5,53,大昌-新店,2024-03-15,6464
2312,金寶,51,0,51,大昌-新店,2024-03-15,6464
00929,復華台灣科技優息,106,56,50,大昌-新店,2024-03-15,6464
00915,凱基優選高股息30,56,7,49,大昌-新店,2024-03-15,6464
00632R,元大台灣50反1,102,54,48,大昌-新店,2024-03-15,6464
2330,台積電,55,9,46,大昌-新店,2024-03-15,6464
2610,華航,51,7,44,大昌-新店,2024-03-15,6464
6143,振曜,42,0,42,大昌-新店,2024-03-15,6464
2027,大成鋼,60,20,40,大昌-新店,2024-03-15,6464
2313,華通,50,10,40,大昌-新店,2024-03-15,6464
2377,微星,42,4,38,大昌-新店,2024-03-15,6464
1303,南亞,39,1,38,大昌-新店,2024-03-15,6464
6770,力積電,42,5,37,大昌-新店,2024-03-15,6464
00665L,富邦�琤肭磪囓�2,84,50,34,大昌-新店,2024-03-15,6464
00673R,期元大S＆P原油反1,34,0,34,大昌-新店,2024-03-15,6464
00679B,元大美債20年,57,23,34,大昌-新店,2024-03-15,6464
2426,鼎元,32,0,32,大昌-新店,2024-03-15,6464
1513,中興電,66,35,31,大昌-新店,2024-03-15,6464
1313,聯成,30,0,30,大昌-新店,2024-03-15,6464
2356,英業達,59,30,29,大昌-新店,2024-03-15,6464
2301,光寶科,30,2,28,大昌-新店,2024-03-15,6464
2618,長榮航,84,57,27,大昌-新店,2024-03-15,6464
00680L,元大美債20正2,26,0,26,大昌-新店,2024-03-15,6464
1309,台達化,25,0,25,大昌-新店,2024-03-15,6464
2882,國泰金,86,62,24,大昌-新店,2024-03-15,6464
00637L,元大滬深300正2,36,13,23,大昌-新店,2024-03-15,6464
3450,聯鈞,25,2,23,大昌-新店,2024-03-15,6464
00712,復華富時不動產,22,0,22,大昌-新店,2024-03-15,6464
00830,國泰費城半導體,23,1,22,大昌-新店,2024-03-15,6464
2344,華邦電,22,1,21,大昌-新店,2024-03-15,6464
00857B,永豐20年美公債,25,4,21,大昌-新店,2024-03-15,6464
5351,鈺創,21,0,21,大昌-新店,2024-03-15,6464
2609,陽明,70,51,19,大昌-新店,2024-03-15,6464
2201,裕隆,22,3,19,大昌-新店,2024-03-15,6464
2615,萬海,30,11,19,大昌-新店,2024-03-15,6464
1210,大成,19,0,19,大昌-新店,2024-03-15,6464
00919,群益台灣精選高息,520,18,502,大昌-新店,2024-03-18,6464
00687B,國泰20年美債,389,0,389,大昌-新店,2024-03-18,6464
00915,凱基優選高股息30,164,2,162,大昌-新店,2024-03-18,6464
00882,中信中國高股息,145,5,140,大昌-新店,2024-03-18,6464
00941,中信上游半導體,135,6,129,大昌-新店,2024-03-18,6464
00937B,群益ESG投等債20,127,26,101,大昌-新店,2024-03-18,6464
2369,菱生,101,10,91,大昌-新店,2024-03-18,6464
2618,長榮航,125,41,84,大昌-新店,2024-03-18,6464
1582,信錦,98,23,75,大昌-新店,2024-03-18,6464
2354,鴻準,79,7,72,大昌-新店,2024-03-18,6464
00679B,元大美債20年,67,0,67,大昌-新店,2024-03-18,6464
8234,新漢,58,1,57,大昌-新店,2024-03-18,6464
2449,京元電子,73,19,54,大昌-新店,2024-03-18,6464
2603,長榮,80,29,51,大昌-新店,2024-03-18,6464
1305,華夏,51,2,49,大昌-新店,2024-03-18,6464
6016,康和證,53,8,45,大昌-新店,2024-03-18,6464
2836,高雄銀,54,11,43,大昌-新店,2024-03-18,6464
2301,光寶科,50,7,43,大昌-新店,2024-03-18,6464
00918,大華優利高填息30,65,25,40,大昌-新店,2024-03-18,6464
2409,友達,48,9,39,大昌-新店,2024-03-18,6464
00933B,國泰10Y+金融債,46,9,37,大昌-新店,2024-03-18,6464
2382,廣達,79,42,37,大昌-新店,2024-03-18,6464
00688L,國泰20年美債正2,35,0,35,大昌-新店,2024-03-18,6464
00637L,元大滬深300正2,55,21,34,大昌-新店,2024-03-18,6464
00680L,元大美債20正2,36,2,34,大昌-新店,2024-03-18,6464
1609,大亞,118,85,33,大昌-新店,2024-03-18,6464
1313,聯成,32,0,32,大昌-新店,2024-03-18,6464
00751B,元大AAA至A公司債,31,0,31,大昌-新店,2024-03-18,6464
2609,陽明,44,14,30,大昌-新店,2024-03-18,6464
3260,威剛,31,2,29,大昌-新店,2024-03-18,6464
2408,南亞科,34,5,29,大昌-新店,2024-03-18,6464
6216,居易,28,0,28,大昌-新店,2024-03-18,6464
1608,華榮,43,17,26,大昌-新店,2024-03-18,6464
5548,安倉,25,0,25,大昌-新店,2024-03-18,6464
2353,宏��,62,37,25,大昌-新店,2024-03-18,6464
8085,福華,24,2,22,大昌-新店,2024-03-18,6464
2542,興富發,21,0,21,大昌-新店,2024-03-18,6464
3029,零壹,23,2,21,大昌-新店,2024-03-18,6464
00720B,元大投資級公司債,22,1,21,大昌-新店,2024-03-18,6464
2303,聯電,89,69,20,大昌-新店,2024-03-18,6464
2352,佳世達,20,0,20,大昌-新店,2024-03-18,6464
9105,泰金寶-DR,20,0,20,大昌-新店,2024-03-18,6464
2887,台新金,20,0,20,大昌-新店,2024-03-18,6464
5521,工信,27,7,20,大昌-新店,2024-03-18,6464
6143,振曜,22,3,19,大昌-新店,2024-03-18,6464
3011,今皓,19,0,19,大昌-新店,2024-03-18,6464
2009,第一銅,32,14,18,大昌-新店,2024-03-18,6464
2105,正新,23,5,18,大昌-新店,2024-03-18,6464
3294,英濟,26,10,16,大昌-新店,2024-03-18,6464
2002,中鋼,21,6,15,大昌-新店,2024-03-18,6464
3481,群創,353,16,337,大昌-新店,2024-03-19,6464
2618,長榮航,280,55,225,大昌-新店,2024-03-19,6464
2834,臺企銀,213,25,188,大昌-新店,2024-03-19,6464
00687B,國泰20年美債,132,9,123,大昌-新店,2024-03-19,6464
2888,新光金,118,5,113,大昌-新店,2024-03-19,6464
00679B,元大美債20年,115,10,105,大昌-新店,2024-03-19,6464
2611,志信,113,11,102,大昌-新店,2024-03-19,6464
1314,中石化,100,1,99,大昌-新店,2024-03-19,6464
6235,華孚,98,11,87,大昌-新店,2024-03-19,6464
00941,中信上游半導體,84,0,84,大昌-新店,2024-03-19,6464
2371,大同,80,6,74,大昌-新店,2024-03-19,6464
2515,中工,70,5,65,大昌-新店,2024-03-19,6464
2201,裕隆,53,0,53,大昌-新店,2024-03-19,6464
00697B,元大美債7-10,50,0,50,大昌-新店,2024-03-19,6464
00695B,富邦美債7-10,50,0,50,大昌-新店,2024-03-19,6464
2208,台船,65,18,47,大昌-新店,2024-03-19,6464
6016,康和證,50,3,47,大昌-新店,2024-03-19,6464
2890,永豐金,48,3,45,大昌-新店,2024-03-19,6464
2353,宏��,59,15,44,大昌-新店,2024-03-19,6464
1303,南亞,41,1,40,大昌-新店,2024-03-19,6464
00706L,期元大S＆P日圓正2,38,0,38,大昌-新店,2024-03-19,6464
1609,大亞,52,16,36,大昌-新店,2024-03-19,6464
2344,華邦電,70,34,36,大昌-新店,2024-03-19,6464
6245,立端,28,0,28,大昌-新店,2024-03-19,6464
2323,中環,54,28,26,大昌-新店,2024-03-19,6464
1313,聯成,25,0,25,大昌-新店,2024-03-19,6464
3707,漢磊,27,3,24,大昌-新店,2024-03-19,6464
2897,王道銀行,23,0,23,大昌-新店,2024-03-19,6464
2543,皇昌,22,0,22,大昌-新店,2024-03-19,6464
2607,榮運,22,0,22,大昌-新店,2024-03-19,6464
5011,久陽,22,0,22,大昌-新店,2024-03-19,6464
2409,友達,33,12,21,大昌-新店,2024-03-19,6464
5522,遠雄,20,0,20,大昌-新店,2024-03-19,6464
2329,華泰,48,28,20,大昌-新店,2024-03-19,6464
1301,台塑,23,3,20,大昌-新店,2024-03-19,6464
00933B,國泰10Y+金融債,19,0,19,大昌-新店,2024-03-19,6464
00642U,期元大S＆P石油,21,2,19,大昌-新店,2024-03-19,6464
6208,日揚,20,1,19,大昌-新店,2024-03-19,6464
00712,復華富時不動產,19,0,19,大昌-新店,2024-03-19,6464
2317,鴻海,83,64,19,大昌-新店,2024-03-19,6464
00680L,元大美債20正2,19,1,18,大昌-新店,2024-03-19,6464
6462,神盾,27,10,17,大昌-新店,2024-03-19,6464
6233,旺玖,25,9,16,大昌-新店,2024-03-19,6464
4908,前鼎,20,4,16,大昌-新店,2024-03-19,6464
3691,碩禾,16,0,16,大昌-新店,2024-03-19,6464
1809,中釉,15,0,15,大昌-新店,2024-03-19,6464
1582,信錦,18,3,15,大昌-新店,2024-03-19,6464
00673R,期元大S＆P原油反1,15,0,15,大昌-新店,2024-03-19,6464
2486,一詮,71,57,14,大昌-新店,2024-03-19,6464
3081,聯亞,14,0,14,大昌-新店,2024-03-19,6464
00939,統一台灣高息動能,1455,242,1213,大昌-新店,2024-03-20,6464
00919,群益台灣精選高息,858,230,628,大昌-新店,2024-03-20,6464
3481,群創,372,80,292,大昌-新店,2024-03-20,6464
00941,中信上游半導體,127,14,113,大昌-新店,2024-03-20,6464
2611,志信,113,5,108,大昌-新店,2024-03-20,6464
2356,英業達,158,59,99,大昌-新店,2024-03-20,6464
00937B,群益ESG投等債20,102,16,86,大昌-新店,2024-03-20,6464
2888,新光金,83,3,80,大昌-新店,2024-03-20,6464
2834,臺企銀,103,27,76,大昌-新店,2024-03-20,6464
2618,長榮航,104,29,75,大昌-新店,2024-03-20,6464
2520,冠德,71,0,71,大昌-新店,2024-03-20,6464
1301,台塑,73,7,66,大昌-新店,2024-03-20,6464
00894,中信小資高價30,60,0,60,大昌-新店,2024-03-20,6464
2344,華邦電,70,12,58,大昌-新店,2024-03-20,6464
1303,南亞,55,1,54,大昌-新店,2024-03-20,6464
4938,和碩,110,57,53,大昌-新店,2024-03-20,6464
2889,國票金,52,2,50,大昌-新店,2024-03-20,6464
6129,普誠,50,0,50,大昌-新店,2024-03-20,6464
2382,廣達,126,80,46,大昌-新店,2024-03-20,6464
2355,敬鵬,52,9,43,大昌-新店,2024-03-20,6464
2820,華票,53,11,42,大昌-新店,2024-03-20,6464
00706L,期元大S＆P日圓正2,48,7,41,大昌-新店,2024-03-20,6464
1618,合機,45,8,37,大昌-新店,2024-03-20,6464
1218,泰山,55,19,36,大昌-新店,2024-03-20,6464
3537,堡達,37,4,33,大昌-新店,2024-03-20,6464
2313,華通,53,20,33,大昌-新店,2024-03-20,6464
1313,聯成,32,0,32,大昌-新店,2024-03-20,6464
2890,永豐金,36,4,32,大昌-新店,2024-03-20,6464
2884,玉山金,34,4,30,大昌-新店,2024-03-20,6464
3081,聯亞,32,3,29,大昌-新店,2024-03-20,6464
2362,藍天,31,4,27,大昌-新店,2024-03-20,6464
2886,兆豐金,29,3,26,大昌-新店,2024-03-20,6464
6142,友勁,30,5,25,大昌-新店,2024-03-20,6464
00900,富邦特選高股息30,40,15,25,大昌-新店,2024-03-20,6464
6278,台表科,25,2,23,大昌-新店,2024-03-20,6464
2449,京元電子,42,19,23,大昌-新店,2024-03-20,6464
2031,新光鋼,24,3,21,大昌-新店,2024-03-20,6464
1316,上曜,25,4,21,大昌-新店,2024-03-20,6464
00857B,永豐20年美公債,21,0,21,大昌-新店,2024-03-20,6464
2332,友訊,21,0,21,大昌-新店,2024-03-20,6464
6269,台郡,21,1,20,大昌-新店,2024-03-20,6464
4540,全球傳動,21,1,20,大昌-新店,2024-03-20,6464
2409,友達,31,11,20,大昌-新店,2024-03-20,6464
00891,中信關鍵半導體,21,1,20,大昌-新店,2024-03-20,6464
4912,聯德控股-KY,21,1,20,大昌-新店,2024-03-20,6464
2002,中鋼,20,1,19,大昌-新店,2024-03-20,6464
00935,野村臺灣新科技50,21,2,19,大昌-新店,2024-03-20,6464
2376,技嘉,76,57,19,大昌-新店,2024-03-20,6464
00633L,富邦上証正2,29,11,18,大昌-新店,2024-03-20,6464
2371,大同,37,19,18,大昌-新店,2024-03-20,6464
00939,統一台灣高息動能,707,297,410,大昌-新店,2024-03-21,6464
00687B,國泰20年美債,299,1,298,大昌-新店,2024-03-21,6464
00632R,元大台灣50反1,485,300,185,大昌-新店,2024-03-21,6464
00929,復華台灣科技優息,309,126,183,大昌-新店,2024-03-21,6464
1513,中興電,157,58,99,大昌-新店,2024-03-21,6464
2324,仁寶,99,8,91,大昌-新店,2024-03-21,6464
6016,康和證,80,0,80,大昌-新店,2024-03-21,6464
2405,輔信,87,9,78,大昌-新店,2024-03-21,6464
6425,易發,75,0,75,大昌-新店,2024-03-21,6464
5864,致和證,62,4,58,大昌-新店,2024-03-21,6464
00712,復華富時不動產,65,8,57,大昌-新店,2024-03-21,6464
00931B,統一美債20年,53,0,53,大昌-新店,2024-03-21,6464
00937B,群益ESG投等債20,53,7,46,大昌-新店,2024-03-21,6464
2855,統一證,42,0,42,大昌-新店,2024-03-21,6464
00665L,富邦�琤肭磪囓�2,44,2,42,大昌-新店,2024-03-21,6464
1714,和桐,40,0,40,大昌-新店,2024-03-21,6464
6191,精成科,116,78,38,大昌-新店,2024-03-21,6464
00915,凱基優選高股息30,46,10,36,大昌-新店,2024-03-21,6464
3058,立德,50,15,35,大昌-新店,2024-03-21,6464
00706L,期元大S＆P日圓正2,35,0,35,大昌-新店,2024-03-21,6464
2462,良得電,30,0,30,大昌-新店,2024-03-21,6464
00680L,元大美債20正2,27,0,27,大昌-新店,2024-03-21,6464
3450,聯鈞,37,10,27,大昌-新店,2024-03-21,6464
2301,光寶科,57,30,27,大昌-新店,2024-03-21,6464
3339,泰谷,24,0,24,大昌-新店,2024-03-21,6464
00720B,元大投資級公司債,22,0,22,大昌-新店,2024-03-21,6464
1229,聯華,22,0,22,大昌-新店,2024-03-21,6464
8105,凌巨,24,3,21,大昌-新店,2024-03-21,6464
00679B,元大美債20年,24,3,21,大昌-新店,2024-03-21,6464
2618,長榮航,65,45,20,大昌-新店,2024-03-21,6464
1445,大宇,20,0,20,大昌-新店,2024-03-21,6464
6443,元晶,45,25,20,大昌-新店,2024-03-21,6464
6177,達麗,25,5,20,大昌-新店,2024-03-21,6464
2201,裕隆,22,2,20,大昌-新店,2024-03-21,6464
1342,八貫,21,2,19,大昌-新店,2024-03-21,6464
3005,神基,81,62,19,大昌-新店,2024-03-21,6464
00857B,永豐20年美公債,18,0,18,大昌-新店,2024-03-21,6464
00751B,元大AAA至A公司債,16,0,16,大昌-新店,2024-03-21,6464
2867,三商壽,15,0,15,大昌-新店,2024-03-21,6464
1522,堤維西,16,2,14,大昌-新店,2024-03-21,6464
4768,晶呈科技,14,0,14,大昌-新店,2024-03-21,6464
2331,精英,15,1,14,大昌-新店,2024-03-21,6464
2101,南港,13,0,13,大昌-新店,2024-03-21,6464
1809,中釉,21,8,13,大昌-新店,2024-03-21,6464
3363,上詮,15,2,13,大昌-新店,2024-03-21,6464
3033,威健,24,11,13,大昌-新店,2024-03-21,6464
1524,耿鼎,13,0,13,大昌-新店,2024-03-21,6464
2548,華固,20,8,12,大昌-新店,2024-03-21,6464
2352,佳世達,13,1,12,大昌-新店,2024-03-21,6464
2603,長榮,50,38,12,大昌-新店,2024-03-21,6464
00939,統一台灣高息動能,550,106,444,大昌-新店,2024-03-22,6464
00919,群益台灣精選高息,572,142,430,大昌-新店,2024-03-22,6464
00941,中信上游半導體,182,30,152,大昌-新店,2024-03-22,6464
1101,台泥,105,0,105,大昌-新店,2024-03-22,6464
2353,宏��,327,224,103,大昌-新店,2024-03-22,6464
00937B,群益ESG投等債20,82,13,69,大昌-新店,2024-03-22,6464
3706,神達,143,82,61,大昌-新店,2024-03-22,6464
0055,元大MSCI金融,61,0,61,大昌-新店,2024-03-22,6464
2317,鴻海,211,151,60,大昌-新店,2024-03-22,6464
1605,華新,75,16,59,大昌-新店,2024-03-22,6464
2915,潤泰全,61,3,58,大昌-新店,2024-03-22,6464
6005,群益證,54,3,51,大昌-新店,2024-03-22,6464
8150,南茂,65,15,50,大昌-新店,2024-03-22,6464
2354,鴻準,94,47,47,大昌-新店,2024-03-22,6464
00915,凱基優選高股息30,58,12,46,大昌-新店,2024-03-22,6464
00712,復華富時不動產,51,6,45,大昌-新店,2024-03-22,6464
2603,長榮,66,22,44,大昌-新店,2024-03-22,6464
2376,技嘉,72,31,41,大昌-新店,2024-03-22,6464
6443,元晶,71,31,40,大昌-新店,2024-03-22,6464
3049,精金,40,1,39,大昌-新店,2024-03-22,6464
00679B,元大美債20年,39,3,36,大昌-新店,2024-03-22,6464
2834,臺企銀,50,17,33,大昌-新店,2024-03-22,6464
00927,群益半導體收益,33,0,33,大昌-新店,2024-03-22,6464
00637L,元大滬深300正2,51,21,30,大昌-新店,2024-03-22,6464
4931,新盛力,29,0,29,大昌-新店,2024-03-22,6464
8163,達方,29,0,29,大昌-新店,2024-03-22,6464
2367,燿華,85,57,28,大昌-新店,2024-03-22,6464
4529,淳紳,27,0,27,大昌-新店,2024-03-22,6464
00882,中信中國高股息,24,0,24,大昌-新店,2024-03-22,6464
00680L,元大美債20正2,26,2,24,大昌-新店,2024-03-22,6464
3322,建舜電,32,8,24,大昌-新店,2024-03-22,6464
3260,威剛,25,2,23,大昌-新店,2024-03-22,6464
2903,遠百,24,1,23,大昌-新店,2024-03-22,6464
5469,瀚宇博,31,8,23,大昌-新店,2024-03-22,6464
6425,易發,23,1,22,大昌-新店,2024-03-22,6464
5483,中美晶,30,9,21,大昌-新店,2024-03-22,6464
8033,雷虎,22,1,21,大昌-新店,2024-03-22,6464
00752,中信中國50,21,0,21,大昌-新店,2024-03-22,6464
3540,曜越,20,0,20,大昌-新店,2024-03-22,6464
6127,九豪,20,0,20,大昌-新店,2024-03-22,6464
2886,兆豐金,21,1,20,大昌-新店,2024-03-22,6464
2002,中鋼,25,5,20,大昌-新店,2024-03-22,6464
2897,王道銀行,19,0,19,大昌-新店,2024-03-22,6464
00753L,中信中國50正2,18,0,18,大昌-新店,2024-03-22,6464
3005,神基,26,9,17,大昌-新店,2024-03-22,6464
6770,力積電,20,3,17,大昌-新店,2024-03-22,6464
6163,華電網,48,31,17,大昌-新店,2024-03-22,6464
5347,世界,68,52,16,大昌-新店,2024-03-22,6464
6206,飛捷,16,0,16,大昌-新店,2024-03-22,6464
6026,福邦證,17,1,16,大昌-新店,2024-03-22,6464
2618,長榮航,618,35,583,大昌-新店,2024-03-25,6464
00632R,元大台灣50反1,150,10,140,大昌-新店,2024-03-25,6464
2515,中工,130,2,128,大昌-新店,2024-03-25,6464
2317,鴻海,197,72,125,大昌-新店,2024-03-25,6464
1714,和桐,151,30,121,大昌-新店,2024-03-25,6464
00937B,群益ESG投等債20,161,78,83,大昌-新店,2024-03-25,6464
1313,聯成,82,0,82,大昌-新店,2024-03-25,6464
00687B,國泰20年美債,80,16,64,大昌-新店,2024-03-25,6464
3706,神達,84,28,56,大昌-新店,2024-03-25,6464
00665L,富邦�琤肭磪囓�2,265,214,51,大昌-新店,2024-03-25,6464
00679B,元大美債20年,50,3,47,大昌-新店,2024-03-25,6464
00929,復華台灣科技優息,98,54,44,大昌-新店,2024-03-25,6464
6770,力積電,43,7,36,大昌-新店,2024-03-25,6464
2303,聯電,63,31,32,大昌-新店,2024-03-25,6464
2301,光寶科,51,19,32,大昌-新店,2024-03-25,6464
2332,友訊,30,0,30,大昌-新店,2024-03-25,6464
00706L,期元大S＆P日圓正2,30,0,30,大昌-新店,2024-03-25,6464
2323,中環,37,7,30,大昌-新店,2024-03-25,6464
2915,潤泰全,30,0,30,大昌-新店,2024-03-25,6464
00927,群益半導體收益,29,0,29,大昌-新店,2024-03-25,6464
2882,國泰金,32,3,29,大昌-新店,2024-03-25,6464
2884,玉山金,31,4,27,大昌-新店,2024-03-25,6464
2354,鴻準,37,11,26,大昌-新店,2024-03-25,6464
2464,盟立,42,18,24,大昌-新店,2024-03-25,6464
00753L,中信中國50正2,35,11,24,大昌-新店,2024-03-25,6464
2201,裕隆,26,3,23,大昌-新店,2024-03-25,6464
3231,緯創,53,30,23,大昌-新店,2024-03-25,6464
2353,宏��,64,41,23,大昌-新店,2024-03-25,6464
3372,典範,22,0,22,大昌-新店,2024-03-25,6464
00664R,國泰臺灣加權反1,22,0,22,大昌-新店,2024-03-25,6464
2845,遠東銀,22,0,22,大昌-新店,2024-03-25,6464
2356,英業達,121,99,22,大昌-新店,2024-03-25,6464
2387,精元,21,0,21,大昌-新店,2024-03-25,6464
00680L,元大美債20正2,34,13,21,大昌-新店,2024-03-25,6464
1589,永冠-KY,20,0,20,大昌-新店,2024-03-25,6464
6127,九豪,20,0,20,大昌-新店,2024-03-25,6464
00888,永豐台灣ESG,20,0,20,大昌-新店,2024-03-25,6464
5864,致和證,25,5,20,大昌-新店,2024-03-25,6464
2316,楠梓電,26,7,19,大昌-新店,2024-03-25,6464
6243,迅杰,18,0,18,大昌-新店,2024-03-25,6464
00919,群益台灣精選高息,123,105,18,大昌-新店,2024-03-25,6464
6024,群益期,17,0,17,大昌-新店,2024-03-25,6464
3011,今皓,21,4,17,大昌-新店,2024-03-25,6464
3059,華晶科,52,35,17,大昌-新店,2024-03-25,6464
2352,佳世達,17,1,16,大昌-新店,2024-03-25,6464
2367,燿華,71,55,16,大昌-新店,2024-03-25,6464
8033,雷虎,17,1,16,大昌-新店,2024-03-25,6464
8111,立��,15,0,15,大昌-新店,2024-03-25,6464
6147,頎邦,16,1,15,大昌-新店,2024-03-25,6464
1717,長興,14,0,14,大昌-新店,2024-03-25,6464
00632R,元大台灣50反1,351,20,331,大昌-新店,2024-03-26,6464
00941,中信上游半導體,333,54,279,大昌-新店,2024-03-26,6464
00939,統一台灣高息動能,577,305,272,大昌-新店,2024-03-26,6464
2303,聯電,290,60,230,大昌-新店,2024-03-26,6464
2344,華邦電,102,10,92,大昌-新店,2024-03-26,6464
00937B,群益ESG投等債20,106,14,92,大昌-新店,2024-03-26,6464
00712,復華富時不動產,109,20,89,大昌-新店,2024-03-26,6464
2356,英業達,162,79,83,大昌-新店,2024-03-26,6464
00929,復華台灣科技優息,200,118,82,大昌-新店,2024-03-26,6464
3231,緯創,166,95,71,大昌-新店,2024-03-26,6464
1314,中石化,62,1,61,大昌-新店,2024-03-26,6464
2915,潤泰全,61,1,60,大昌-新店,2024-03-26,6464
00679B,元大美債20年,55,6,49,大昌-新店,2024-03-26,6464
1313,聯成,47,0,47,大昌-新店,2024-03-26,6464
6179,亞通,53,10,43,大昌-新店,2024-03-26,6464
1616,億泰,45,6,39,大昌-新店,2024-03-26,6464
2352,佳世達,42,5,37,大昌-新店,2024-03-26,6464
2387,精元,37,2,35,大昌-新店,2024-03-26,6464
1104,環泥,33,0,33,大昌-新店,2024-03-26,6464
2354,鴻準,44,11,33,大昌-新店,2024-03-26,6464
2313,華通,58,26,32,大昌-新店,2024-03-26,6464
2888,新光金,31,1,30,大昌-新店,2024-03-26,6464
2495,普安,30,0,30,大昌-新店,2024-03-26,6464
6180,橘子,37,7,30,大昌-新店,2024-03-26,6464
00904,新光臺灣半導體30,29,0,29,大昌-新店,2024-03-26,6464
2417,圓剛,40,11,29,大昌-新店,2024-03-26,6464
2882,國泰金,38,10,28,大昌-新店,2024-03-26,6464
3339,泰谷,29,3,26,大昌-新店,2024-03-26,6464
2618,長榮航,151,126,25,大昌-新店,2024-03-26,6464
2641,正德,26,1,25,大昌-新店,2024-03-26,6464
2603,長榮,48,24,24,大昌-新店,2024-03-26,6464
3013,晟銘電,25,1,24,大昌-新店,2024-03-26,6464
5608,四維航,23,0,23,大昌-新店,2024-03-26,6464
2449,京元電子,28,6,22,大昌-新店,2024-03-26,6464
5426,振發,53,31,22,大昌-新店,2024-03-26,6464
2204,中華,22,0,22,大昌-新店,2024-03-26,6464
5880,合庫金,26,4,22,大昌-新店,2024-03-26,6464
6127,九豪,22,1,21,大昌-新店,2024-03-26,6464
1609,大亞,156,136,20,大昌-新店,2024-03-26,6464
2329,華泰,41,21,20,大昌-新店,2024-03-26,6464
6024,群益期,20,0,20,大昌-新店,2024-03-26,6464
4938,和碩,39,19,20,大昌-新店,2024-03-26,6464
5864,致和證,22,2,20,大昌-新店,2024-03-26,6464
6770,力積電,25,5,20,大昌-新店,2024-03-26,6464
1582,信錦,19,0,19,大昌-新店,2024-03-26,6464
4714,永捷,29,10,19,大昌-新店,2024-03-26,6464
2353,宏��,105,87,18,大昌-新店,2024-03-26,6464
2331,精英,41,23,18,大昌-新店,2024-03-26,6464
3312,弘憶股,56,39,17,大昌-新店,2024-03-26,6464
1605,華新,69,52,17,大昌-新店,2024-03-26,6464
1314,中石化,151,1,150,大昌-新店,2024-03-27,6464
2609,陽明,127,8,119,大昌-新店,2024-03-27,6464
2405,輔信,112,9,103,大昌-新店,2024-03-27,6464
6026,福邦證,100,0,100,大昌-新店,2024-03-27,6464
2371,大同,169,75,94,大昌-新店,2024-03-27,6464
2301,光寶科,99,21,78,大昌-新店,2024-03-27,6464
2025,千興,74,0,74,大昌-新店,2024-03-27,6464
3231,緯創,82,24,58,大昌-新店,2024-03-27,6464
2323,中環,78,23,55,大昌-新店,2024-03-27,6464
2630,亞航,59,4,55,大昌-新店,2024-03-27,6464
00919,群益台灣精選高息,236,184,52,大昌-新店,2024-03-27,6464
00679B,元大美債20年,52,0,52,大昌-新店,2024-03-27,6464
00941,中信上游半導體,61,15,46,大昌-新店,2024-03-27,6464
1808,潤隆,48,4,44,大昌-新店,2024-03-27,6464
1460,宏遠,40,0,40,大昌-新店,2024-03-27,6464
1617,榮星,45,5,40,大昌-新店,2024-03-27,6464
4128,中天,39,0,39,大昌-新店,2024-03-27,6464
3163,波若威,39,4,35,大昌-新店,2024-03-27,6464
2408,南亞科,39,5,34,大昌-新店,2024-03-27,6464
2886,兆豐金,38,5,33,大昌-新店,2024-03-27,6464
00937B,群益ESG投等債20,33,2,31,大昌-新店,2024-03-27,6464
2606,裕民,33,5,28,大昌-新店,2024-03-27,6464
2367,燿華,45,17,28,大昌-新店,2024-03-27,6464
1597,直得,26,0,26,大昌-新店,2024-03-27,6464
3576,聯合再生,26,0,26,大昌-新店,2024-03-27,6464
00720B,元大投資級公司債,26,0,26,大昌-新店,2024-03-27,6464
1513,中興電,82,56,26,大昌-新店,2024-03-27,6464
2392,正崴,35,15,20,大昌-新店,2024-03-27,6464
2903,遠百,26,7,19,大昌-新店,2024-03-27,6464
1603,華電,49,33,16,大昌-新店,2024-03-27,6464
00939,統一台灣高息動能,106,90,16,大昌-新店,2024-03-27,6464
6282,康舒,18,3,15,大昌-新店,2024-03-27,6464
1528,恩德,27,12,15,大昌-新店,2024-03-27,6464
1504,東元,34,19,15,大昌-新店,2024-03-27,6464
6443,元晶,20,6,14,大昌-新店,2024-03-27,6464
2376,技嘉,37,24,13,大昌-新店,2024-03-27,6464
6488,環球晶,12,0,12,大昌-新店,2024-03-27,6464
1605,華新,22,10,12,大昌-新店,2024-03-27,6464
6176,瑞儀,13,1,12,大昌-新店,2024-03-27,6464
00927,群益半導體收益,11,0,11,大昌-新店,2024-03-27,6464
2328,廣宇,13,2,11,大昌-新店,2024-03-27,6464
00882,中信中國高股息,11,0,11,大昌-新店,2024-03-27,6464
5608,四維航,11,0,11,大昌-新店,2024-03-27,6464
1301,台塑,14,3,11,大昌-新店,2024-03-27,6464
4127,天良,13,2,11,大昌-新店,2024-03-27,6464
00751B,元大AAA至A公司債,11,0,11,大昌-新店,2024-03-27,6464
1514,亞力,22,11,11,大昌-新店,2024-03-27,6464
6121,新普,11,1,10,大昌-新店,2024-03-27,6464
3105,穩懋,11,1,10,大昌-新店,2024-03-27,6464
8021,尖點,10,0,10,大昌-新店,2024-03-27,6464
00941,中信上游半導體,272,14,258,大昌-新店,2024-03-28,6464
2883,凱基金,279,35,244,大昌-新店,2024-03-28,6464
00632R,元大台灣50反1,470,340,130,大昌-新店,2024-03-28,6464
2615,萬海,113,0,113,大昌-新店,2024-03-28,6464
00687B,國泰20年美債,113,5,108,大昌-新店,2024-03-28,6464
00712,復華富時不動產,108,11,97,大昌-新店,2024-03-28,6464
00878,國泰永續高股息,90,16,74,大昌-新店,2024-03-28,6464
6443,元晶,81,13,68,大昌-新店,2024-03-28,6464
1314,中石化,70,3,67,大昌-新店,2024-03-28,6464
2025,千興,61,1,60,大昌-新店,2024-03-28,6464
1810,和成,63,9,54,大昌-新店,2024-03-28,6464
00919,群益台灣精選高息,474,421,53,大昌-新店,2024-03-28,6464
3706,神達,97,46,51,大昌-新店,2024-03-28,6464
00937B,群益ESG投等債20,57,7,50,大昌-新店,2024-03-28,6464
6234,高僑,70,20,50,大昌-新店,2024-03-28,6464
3545,敦泰,49,3,46,大昌-新店,2024-03-28,6464
2408,南亞科,57,11,46,大昌-新店,2024-03-28,6464
2301,光寶科,60,16,44,大昌-新店,2024-03-28,6464
2603,長榮,60,26,34,大昌-新店,2024-03-28,6464
1609,大亞,79,45,34,大昌-新店,2024-03-28,6464
4714,永捷,59,25,34,大昌-新店,2024-03-28,6464
2801,彰銀,34,0,34,大昌-新店,2024-03-28,6464
2618,長榮航,62,29,33,大昌-新店,2024-03-28,6464
3062,建漢,139,109,30,大昌-新店,2024-03-28,6464
3481,群創,53,23,30,大昌-新店,2024-03-28,6464
6189,豐藝,31,3,28,大昌-新店,2024-03-28,6464
2915,潤泰全,30,2,28,大昌-新店,2024-03-28,6464
2903,遠百,29,2,27,大昌-新店,2024-03-28,6464
00882,中信中國高股息,27,0,27,大昌-新店,2024-03-28,6464
3260,威剛,33,6,27,大昌-新店,2024-03-28,6464
5521,工信,30,4,26,大昌-新店,2024-03-28,6464
1101,台泥,32,7,25,大昌-新店,2024-03-28,6464
00664R,國泰臺灣加權反1,24,0,24,大昌-新店,2024-03-28,6464
3005,神基,33,9,24,大昌-新店,2024-03-28,6464
8255,朋程,26,4,22,大昌-新店,2024-03-28,6464
3512,皇龍,23,2,21,大昌-新店,2024-03-28,6464
5483,中美晶,21,2,19,大昌-新店,2024-03-28,6464
00679B,元大美債20年,53,35,18,大昌-新店,2024-03-28,6464
1313,聯成,17,0,17,大昌-新店,2024-03-28,6464
3312,弘憶股,22,6,16,大昌-新店,2024-03-28,6464
2609,陽明,29,13,16,大昌-新店,2024-03-28,6464
8936,國統,25,9,16,大昌-新店,2024-03-28,6464
00933B,國泰10Y+金融債,16,0,16,大昌-新店,2024-03-28,6464
2356,英業達,45,30,15,大昌-新店,2024-03-28,6464
00772B,中信高評級公司債,15,0,15,大昌-新店,2024-03-28,6464
00927,群益半導體收益,15,0,15,大昌-新店,2024-03-28,6464
2415,錩新,20,5,15,大昌-新店,2024-03-28,6464
3694,海華,16,1,15,大昌-新店,2024-03-28,6464
3691,碩禾,15,0,15,大昌-新店,2024-03-28,6464
2376,技嘉,34,20,14,大昌-新店,2024-03-28,6464
00919,群益台灣精選高息,360,198,162,大昌-新店,2024-03-29,6464
00929,復華台灣科技優息,207,72,135,大昌-新店,2024-03-29,6464
2324,仁寶,141,19,122,大昌-新店,2024-03-29,6464
2317,鴻海,224,110,114,大昌-新店,2024-03-29,6464
00939,統一台灣高息動能,112,8,104,大昌-新店,2024-03-29,6464
2025,千興,111,7,104,大昌-新店,2024-03-29,6464
2367,燿華,106,34,72,大昌-新店,2024-03-29,6464
2354,鴻準,118,56,62,大昌-新店,2024-03-29,6464
2371,大同,143,84,59,大昌-新店,2024-03-29,6464
00941,中信上游半導體,58,0,58,大昌-新店,2024-03-29,6464
3024,憶聲,58,1,57,大昌-新店,2024-03-29,6464
1316,上曜,63,8,55,大昌-新店,2024-03-29,6464
00687B,國泰20年美債,69,16,53,大昌-新店,2024-03-29,6464
2903,遠百,50,0,50,大昌-新店,2024-03-29,6464
2634,漢翔,47,8,39,大昌-新店,2024-03-29,6464
2408,南亞科,48,10,38,大昌-新店,2024-03-29,6464
2633,台灣高鐵,35,0,35,大昌-新店,2024-03-29,6464
6143,振曜,35,0,35,大昌-新店,2024-03-29,6464
00915,凱基優選高股息30,57,23,34,大昌-新店,2024-03-29,6464
4714,永捷,39,7,32,大昌-新店,2024-03-29,6464
2301,光寶科,65,35,30,大昌-新店,2024-03-29,6464
1616,億泰,30,0,30,大昌-新店,2024-03-29,6464
3005,神基,36,6,30,大昌-新店,2024-03-29,6464
2915,潤泰全,31,2,29,大昌-新店,2024-03-29,6464
6257,矽格,34,5,29,大昌-新店,2024-03-29,6464
2884,玉山金,36,8,28,大昌-新店,2024-03-29,6464
5548,安倉,27,0,27,大昌-新店,2024-03-29,6464
00664R,國泰臺灣加權反1,27,3,24,大昌-新店,2024-03-29,6464
2883,凱基金,60,38,22,大昌-新店,2024-03-29,6464
3062,建漢,27,6,21,大昌-新店,2024-03-29,6464
3691,碩禾,28,7,21,大昌-新店,2024-03-29,6464
00674R,期元大S＆P黃金反1,20,0,20,大昌-新店,2024-03-29,6464
9105,泰金寶-DR,20,0,20,大昌-新店,2024-03-29,6464
2464,盟立,26,8,18,大昌-新店,2024-03-29,6464
6269,台郡,18,0,18,大昌-新店,2024-03-29,6464
3450,聯鈞,19,1,18,大昌-新店,2024-03-29,6464
6284,佳邦,19,1,18,大昌-新店,2024-03-29,6464
00720B,元大投資級公司債,17,0,17,大昌-新店,2024-03-29,6464
4164,承業醫,17,0,17,大昌-新店,2024-03-29,6464
1531,高林股,17,0,17,大昌-新店,2024-03-29,6464
2492,華新科,32,15,17,大昌-新店,2024-03-29,6464
5309,系統電,20,4,16,大昌-新店,2024-03-29,6464
3710,連展投控,29,13,16,大昌-新店,2024-03-29,6464
2103,台橡,15,0,15,大昌-新店,2024-03-29,6464
2328,廣宇,38,23,15,大昌-新店,2024-03-29,6464
6170,統振,15,0,15,大昌-新店,2024-03-29,6464
5009,榮剛,16,1,15,大昌-新店,2024-03-29,6464
2323,中環,85,70,15,大昌-新店,2024-03-29,6464
3036,文曄,15,1,14,大昌-新店,2024-03-29,6464
00637L,元大滬深300正2,16,2,14,大昌-新店,2024-03-29,6464
00940,元大台灣價值高息,2217,732,1485,大昌-新店,2024-04-01,6464
00937B,群益ESG投等債20,200,0,200,大昌-新店,2024-04-01,6464
00919,群益台灣精選高息,242,44,198,大昌-新店,2024-04-01,6464
2891,中信金,149,25,124,大昌-新店,2024-04-01,6464
00882,中信中國高股息,100,0,100,大昌-新店,2024-04-01,6464
3231,緯創,149,52,97,大昌-新店,2024-04-01,6464
00939,統一台灣高息動能,145,70,75,大昌-新店,2024-04-01,6464
2888,新光金,105,32,73,大昌-新店,2024-04-01,6464
2603,長榮,75,8,67,大昌-新店,2024-04-01,6464
2867,三商壽,51,0,51,大昌-新店,2024-04-01,6464
00929,復華台灣科技優息,85,34,51,大昌-新店,2024-04-01,6464
3339,泰谷,52,2,50,大昌-新店,2024-04-01,6464
2382,廣達,136,88,48,大昌-新店,2024-04-01,6464
00687B,國泰20年美債,55,9,46,大昌-新店,2024-04-01,6464
2630,亞航,47,1,46,大昌-新店,2024-04-01,6464
4938,和碩,52,6,46,大昌-新店,2024-04-01,6464
2303,聯電,81,42,39,大昌-新店,2024-04-01,6464
3711,日月光投控,37,3,34,大昌-新店,2024-04-01,6464
2801,彰銀,32,0,32,大昌-新店,2024-04-01,6464
2025,千興,31,0,31,大昌-新店,2024-04-01,6464
1608,華榮,32,3,29,大昌-新店,2024-04-01,6464
2354,鴻準,86,57,29,大昌-新店,2024-04-01,6464
2356,英業達,59,31,28,大昌-新店,2024-04-01,6464
2332,友訊,28,0,28,大昌-新店,2024-04-01,6464
1905,華紙,28,0,28,大昌-新店,2024-04-01,6464
006208,富邦台50,26,1,25,大昌-新店,2024-04-01,6464
2371,大同,90,65,25,大昌-新店,2024-04-01,6464
00680L,元大美債20正2,23,0,23,大昌-新店,2024-04-01,6464
2511,太子,22,0,22,大昌-新店,2024-04-01,6464
3013,晟銘電,54,32,22,大昌-新店,2024-04-01,6464
00927,群益半導體收益,21,0,21,大昌-新店,2024-04-01,6464
00720B,元大投資級公司債,21,0,21,大昌-新店,2024-04-01,6464
2614,東森,20,0,20,大昌-新店,2024-04-01,6464
0056,元大高股息,26,6,20,大昌-新店,2024-04-01,6464
00706L,期元大S＆P日圓正2,20,0,20,大昌-新店,2024-04-01,6464
00878,國泰永續高股息,23,4,19,大昌-新店,2024-04-01,6464
2610,華航,24,5,19,大昌-新店,2024-04-01,6464
00909,國泰數位支付服務,20,1,19,大昌-新店,2024-04-01,6464
1605,華新,19,1,18,大昌-新店,2024-04-01,6464
2634,漢翔,62,45,17,大昌-新店,2024-04-01,6464
2352,佳世達,30,13,17,大昌-新店,2024-04-01,6464
2408,南亞科,33,16,17,大昌-新店,2024-04-01,6464
2392,正崴,23,6,17,大昌-新店,2024-04-01,6464
1609,大亞,24,8,16,大昌-新店,2024-04-01,6464
3025,星通,16,0,16,大昌-新店,2024-04-01,6464
3005,神基,22,6,16,大昌-新店,2024-04-01,6464
3047,訊舟,15,0,15,大昌-新店,2024-04-01,6464
3576,聯合再生,15,0,15,大昌-新店,2024-04-01,6464
6191,精成科,19,5,14,大昌-新店,2024-04-01,6464
8935,邦泰,13,0,13,大昌-新店,2024-04-01,6464
00632R,元大台灣50反1,445,22,423,大昌-新店,2024-04-02,6464
00929,復華台灣科技優息,498,133,365,大昌-新店,2024-04-02,6464
00940,元大台灣價值高息,502,175,327,大昌-新店,2024-04-02,6464
2331,精英,180,5,175,大昌-新店,2024-04-02,6464
00680L,元大美債20正2,161,15,146,大昌-新店,2024-04-02,6464
2406,國碩,117,0,117,大昌-新店,2024-04-02,6464
00679B,元大美債20年,131,18,113,大昌-新店,2024-04-02,6464
00687B,國泰20年美債,116,4,112,大昌-新店,2024-04-02,6464
2883,凱基金,121,14,107,大昌-新店,2024-04-02,6464
3437,榮創,107,0,107,大昌-新店,2024-04-02,6464
6026,福邦證,102,1,101,大昌-新店,2024-04-02,6464
00882,中信中國高股息,100,2,98,大昌-新店,2024-04-02,6464
00637L,元大滬深300正2,86,6,80,大昌-新店,2024-04-02,6464
00688L,國泰20年美債正2,71,0,71,大昌-新店,2024-04-02,6464
00751B,元大AAA至A公司債,67,0,67,大昌-新店,2024-04-02,6464
00941,中信上游半導體,68,3,65,大昌-新店,2024-04-02,6464
2025,千興,64,7,57,大昌-新店,2024-04-02,6464
2371,大同,137,80,57,大昌-新店,2024-04-02,6464
00937B,群益ESG投等債20,160,108,52,大昌-新店,2024-04-02,6464
2603,長榮,63,15,48,大昌-新店,2024-04-02,6464
00720B,元大投資級公司債,46,0,46,大昌-新店,2024-04-02,6464
2201,裕隆,48,3,45,大昌-新店,2024-04-02,6464
2354,鴻準,97,52,45,大昌-新店,2024-04-02,6464
3576,聯合再生,43,1,42,大昌-新店,2024-04-02,6464
00857B,永豐20年美公債,41,0,41,大昌-新店,2024-04-02,6464
2409,友達,46,7,39,大昌-新店,2024-04-02,6464
3706,神達,82,49,33,大昌-新店,2024-04-02,6464
1582,信錦,36,4,32,大昌-新店,2024-04-02,6464
5871,中租-KY,32,1,31,大昌-新店,2024-04-02,6464
2610,華航,32,2,30,大昌-新店,2024-04-02,6464
3093,港建*,30,0,30,大昌-新店,2024-04-02,6464
1785,光洋科,34,4,30,大昌-新店,2024-04-02,6464
2301,光寶科,54,25,29,大昌-新店,2024-04-02,6464
2509,全坤建,28,0,28,大昌-新店,2024-04-02,6464
6189,豐藝,63,37,26,大昌-新店,2024-04-02,6464
2492,華新科,44,20,24,大昌-新店,2024-04-02,6464
00878,國泰永續高股息,24,0,24,大昌-新店,2024-04-02,6464
00931B,統一美債20年,23,0,23,大昌-新店,2024-04-02,6464
00795B,中信美國公債20年,22,0,22,大昌-新店,2024-04-02,6464
00933B,國泰10Y+金融債,23,2,21,大昌-新店,2024-04-02,6464
2516,新建,20,0,20,大昌-新店,2024-04-02,6464
6126,信音,23,3,20,大昌-新店,2024-04-02,6464
1301,台塑,19,0,19,大昌-新店,2024-04-02,6464
6177,達麗,29,10,19,大昌-新店,2024-04-02,6464
8033,雷虎,23,5,18,大昌-新店,2024-04-02,6464
2204,中華,21,3,18,大昌-新店,2024-04-02,6464
2421,建準,34,17,17,大昌-新店,2024-04-02,6464
3680,家登,18,1,17,大昌-新店,2024-04-02,6464
2408,南亞科,44,27,17,大昌-新店,2024-04-02,6464
2368,金像電,19,3,16,大昌-新店,2024-04-02,6464
00929,復華台灣科技優息,323,1,322,大昌-新店,2024-04-03,6464
00679B,元大美債20年,129,0,129,大昌-新店,2024-04-03,6464
00919,群益台灣精選高息,116,7,109,大昌-新店,2024-04-03,6464
00940,元大台灣價值高息,137,40,97,大昌-新店,2024-04-03,6464
2371,大同,158,62,96,大昌-新店,2024-04-03,6464
00941,中信上游半導體,100,5,95,大昌-新店,2024-04-03,6464
00937B,群益ESG投等債20,103,10,93,大昌-新店,2024-04-03,6464
00687B,國泰20年美債,80,0,80,大昌-新店,2024-04-03,6464
2618,長榮航,89,18,71,大昌-新店,2024-04-03,6464
2486,一詮,119,50,69,大昌-新店,2024-04-03,6464
2374,佳能,91,27,64,大昌-新店,2024-04-03,6464
00751B,元大AAA至A公司債,63,0,63,大昌-新店,2024-04-03,6464
2884,玉山金,63,0,63,大昌-新店,2024-04-03,6464
2354,鴻準,68,18,50,大昌-新店,2024-04-03,6464
2409,友達,45,0,45,大昌-新店,2024-04-03,6464
2323,中環,73,30,43,大昌-新店,2024-04-03,6464
2317,鴻海,108,66,42,大昌-新店,2024-04-03,6464
2886,兆豐金,43,2,41,大昌-新店,2024-04-03,6464
2201,裕隆,40,0,40,大昌-新店,2024-04-03,6464
00927,群益半導體收益,32,0,32,大昌-新店,2024-04-03,6464
2601,益航,31,1,30,大昌-新店,2024-04-03,6464
2014,中鴻,54,25,29,大昌-新店,2024-04-03,6464
00637L,元大滬深300正2,28,0,28,大昌-新店,2024-04-03,6464
2882,國泰金,32,5,27,大昌-新店,2024-04-03,6464
2801,彰銀,25,0,25,大昌-新店,2024-04-03,6464
2301,光寶科,38,14,24,大昌-新店,2024-04-03,6464
2007,燁興,23,0,23,大昌-新店,2024-04-03,6464
00933B,國泰10Y+金融債,23,0,23,大昌-新店,2024-04-03,6464
2610,華航,26,5,21,大昌-新店,2024-04-03,6464
6112,邁達特,22,1,21,大昌-新店,2024-04-03,6464
3706,神達,62,41,21,大昌-新店,2024-04-03,6464
0056,元大高股息,24,3,21,大昌-新店,2024-04-03,6464
9946,三發地產,20,0,20,大昌-新店,2024-04-03,6464
2382,廣達,76,56,20,大昌-新店,2024-04-03,6464
2359,所羅門,24,4,20,大昌-新店,2024-04-03,6464
9945,潤泰新,19,0,19,大昌-新店,2024-04-03,6464
3036,文曄,24,5,19,大昌-新店,2024-04-03,6464
00673R,期元大S＆P原油反1,21,2,19,大昌-新店,2024-04-03,6464
2890,永豐金,17,0,17,大昌-新店,2024-04-03,6464
2520,冠德,18,1,17,大昌-新店,2024-04-03,6464
5880,合庫金,17,0,17,大昌-新店,2024-04-03,6464
8054,安國,32,15,17,大昌-新店,2024-04-03,6464
8936,國統,35,19,16,大昌-新店,2024-04-03,6464
00795B,中信美國公債20年,16,0,16,大昌-新店,2024-04-03,6464
8070,長華*,17,1,16,大昌-新店,2024-04-03,6464
1609,大亞,25,9,16,大昌-新店,2024-04-03,6464
2353,宏��,26,11,15,大昌-新店,2024-04-03,6464
2330,台積電,21,6,15,大昌-新店,2024-04-03,6464
2025,千興,14,0,14,大昌-新店,2024-04-03,6464
2344,華邦電,18,4,14,大昌-新店,2024-04-03,6464
00637L,元大滬深300正2,1479,161,1318,大昌-新店,2024-04-08,6464
00940,元大台灣價值高息,734,23,711,大昌-新店,2024-04-08,6464
00687B,國泰20年美債,358,0,358,大昌-新店,2024-04-08,6464
00929,復華台灣科技優息,224,11,213,大昌-新店,2024-04-08,6464
00679B,元大美債20年,174,5,169,大昌-新店,2024-04-08,6464
00632R,元大台灣50反1,233,102,131,大昌-新店,2024-04-08,6464
2834,臺企銀,125,2,123,大昌-新店,2024-04-08,6464
00919,群益台灣精選高息,100,20,80,大昌-新店,2024-04-08,6464
2618,長榮航,82,10,72,大昌-新店,2024-04-08,6464
00688L,國泰20年美債正2,93,30,63,大昌-新店,2024-04-08,6464
00937B,群益ESG投等債20,96,33,63,大昌-新店,2024-04-08,6464
0055,元大MSCI金融,60,2,58,大昌-新店,2024-04-08,6464
5465,富驊,60,3,57,大昌-新店,2024-04-08,6464
2374,佳能,108,51,57,大昌-新店,2024-04-08,6464
2317,鴻海,111,55,56,大昌-新店,2024-04-08,6464
2356,英業達,90,36,54,大昌-新店,2024-04-08,6464
00897,富邦基因免疫生技,49,0,49,大昌-新店,2024-04-08,6464
00751B,元大AAA至A公司債,48,0,48,大昌-新店,2024-04-08,6464
2382,廣達,85,45,40,大昌-新店,2024-04-08,6464
9105,泰金寶-DR,40,0,40,大昌-新店,2024-04-08,6464
00795B,中信美國公債20年,40,0,40,大昌-新店,2024-04-08,6464
8070,長華*,42,2,40,大昌-新店,2024-04-08,6464
00680L,元大美債20正2,67,29,38,大昌-新店,2024-04-08,6464
4109,加捷生醫,43,6,37,大昌-新店,2024-04-08,6464
00941,中信上游半導體,40,3,37,大昌-新店,2024-04-08,6464
3704,合勤控,36,4,32,大昌-新店,2024-04-08,6464
2371,大同,89,59,30,大昌-新店,2024-04-08,6464
1109,信大,31,2,29,大昌-新店,2024-04-08,6464
00904,新光臺灣半導體30,30,3,27,大昌-新店,2024-04-08,6464
2455,全新,28,3,25,大昌-新店,2024-04-08,6464
00673R,期元大S＆P原油反1,23,0,23,大昌-新店,2024-04-08,6464
00681R,元大美債20反1,20,0,20,大昌-新店,2024-04-08,6464
3093,港建*,20,0,20,大昌-新店,2024-04-08,6464
8213,志超,20,0,20,大昌-新店,2024-04-08,6464
3673,TPK-KY,21,2,19,大昌-新店,2024-04-08,6464
6462,神盾,22,5,17,大昌-新店,2024-04-08,6464
4746,台耀,19,2,17,大昌-新店,2024-04-08,6464
8215,明基材,19,2,17,大昌-新店,2024-04-08,6464
3059,華晶科,42,26,16,大昌-新店,2024-04-08,6464
2408,南亞科,19,3,16,大昌-新店,2024-04-08,6464
2338,光罩,16,0,16,大昌-新店,2024-04-08,6464
2359,所羅門,21,5,16,大昌-新店,2024-04-08,6464
2027,大成鋼,15,0,15,大昌-新店,2024-04-08,6464
6122,擎邦,15,0,15,大昌-新店,2024-04-08,6464
1608,華榮,44,29,15,大昌-新店,2024-04-08,6464
00931B,統一美債20年,14,0,14,大昌-新店,2024-04-08,6464
6191,精成科,16,2,14,大昌-新店,2024-04-08,6464
2352,佳世達,21,8,13,大昌-新店,2024-04-08,6464
6182,合晶,16,3,13,大昌-新店,2024-04-08,6464
00733,富邦臺灣中小,14,1,13,大昌-新店,2024-04-08,6464
00632R,元大台灣50反1,905,106,799,大昌-新店,2024-04-09,6464
3231,緯創,260,61,199,大昌-新店,2024-04-09,6464
2356,英業達,208,13,195,大昌-新店,2024-04-09,6464
1815,富喬,243,50,193,大昌-新店,2024-04-09,6464
2801,彰銀,128,2,126,大昌-新店,2024-04-09,6464
00688L,國泰20年美債正2,110,0,110,大昌-新店,2024-04-09,6464
2374,佳能,126,16,110,大昌-新店,2024-04-09,6464
1301,台塑,94,3,91,大昌-新店,2024-04-09,6464
00919,群益台灣精選高息,102,16,86,大昌-新店,2024-04-09,6464
1314,中石化,155,83,72,大昌-新店,2024-04-09,6464
5521,工信,94,24,70,大昌-新店,2024-04-09,6464
00929,復華台灣科技優息,181,112,69,大昌-新店,2024-04-09,6464
00679B,元大美債20年,68,1,67,大昌-新店,2024-04-09,6464
3013,晟銘電,80,13,67,大昌-新店,2024-04-09,6464
6120,達運,73,8,65,大昌-新店,2024-04-09,6464
00923,群益台ESG低碳50,62,0,62,大昌-新店,2024-04-09,6464
1101,台泥,59,3,56,大昌-新店,2024-04-09,6464
00939,統一台灣高息動能,70,19,51,大昌-新店,2024-04-09,6464
1513,中興電,109,60,49,大昌-新店,2024-04-09,6464
8070,長華*,49,0,49,大昌-新店,2024-04-09,6464
6188,廣明,73,29,44,大昌-新店,2024-04-09,6464
2880,華南金,43,1,42,大昌-新店,2024-04-09,6464
2337,旺宏,51,10,41,大昌-新店,2024-04-09,6464
00940,元大台灣價值高息,145,105,40,大昌-新店,2024-04-09,6464
2367,燿華,66,28,38,大昌-新店,2024-04-09,6464
3005,神基,40,3,37,大昌-新店,2024-04-09,6464
00637L,元大滬深300正2,34,3,31,大昌-新店,2024-04-09,6464
2313,華通,48,18,30,大昌-新店,2024-04-09,6464
00687B,國泰20年美債,31,1,30,大昌-新店,2024-04-09,6464
5371,中光電,35,5,30,大昌-新店,2024-04-09,6464
4306,炎洲,34,8,26,大昌-新店,2024-04-09,6464
4716,大立,25,1,24,大昌-新店,2024-04-09,6464
4714,永捷,22,0,22,大昌-新店,2024-04-09,6464
6189,豐藝,28,7,21,大昌-新店,2024-04-09,6464
9955,佳龍,26,5,21,大昌-新店,2024-04-09,6464
6122,擎邦,21,0,21,大昌-新店,2024-04-09,6464
2329,華泰,30,10,20,大昌-新店,2024-04-09,6464
8213,志超,20,0,20,大昌-新店,2024-04-09,6464
5864,致和證,21,1,20,大昌-新店,2024-04-09,6464
2382,廣達,88,68,20,大昌-新店,2024-04-09,6464
3691,碩禾,18,1,17,大昌-新店,2024-04-09,6464
6432,今展科,21,4,17,大昌-新店,2024-04-09,6464
1524,耿鼎,29,12,17,大昌-新店,2024-04-09,6464
3037,欣興,22,6,16,大昌-新店,2024-04-09,6464
4543,萬在,27,11,16,大昌-新店,2024-04-09,6464
9945,潤泰新,22,6,16,大昌-新店,2024-04-09,6464
6161,捷波,16,0,16,大昌-新店,2024-04-09,6464
3583,辛耘,18,2,16,大昌-新店,2024-04-09,6464
3211,順達,15,0,15,大昌-新店,2024-04-09,6464
1539,巨庭,15,0,15,大昌-新店,2024-04-09,6464
2888,新光金,372,60,312,大昌-新店,2024-04-10,6464
00637L,元大滬深300正2,173,15,158,大昌-新店,2024-04-10,6464
4935,茂林-KY,151,0,151,大昌-新店,2024-04-10,6464
6026,福邦證,130,8,122,大昌-新店,2024-04-10,6464
2317,鴻海,145,36,109,大昌-新店,2024-04-10,6464
2367,燿華,166,60,106,大昌-新店,2024-04-10,6464
6016,康和證,104,1,103,大昌-新店,2024-04-10,6464
00940,元大台灣價值高息,110,27,83,大昌-新店,2024-04-10,6464
2382,廣達,82,4,78,大昌-新店,2024-04-10,6464
2634,漢翔,120,51,69,大昌-新店,2024-04-10,6464
2618,長榮航,104,42,62,大昌-新店,2024-04-10,6464
2025,千興,79,24,55,大昌-新店,2024-04-10,6464
8070,長華*,55,1,54,大昌-新店,2024-04-10,6464
5324,士開,51,0,51,大昌-新店,2024-04-10,6464
2547,日勝生,51,0,51,大昌-新店,2024-04-10,6464
2002,中鋼,95,45,50,大昌-新店,2024-04-10,6464
2014,中鴻,70,27,43,大昌-新店,2024-04-10,6464
2897,王道銀行,41,1,40,大昌-新店,2024-04-10,6464
1316,上曜,70,33,37,大昌-新店,2024-04-10,6464
00937B,群益ESG投等債20,35,0,35,大昌-新店,2024-04-10,6464
00673R,期元大S＆P原油反1,35,0,35,大昌-新店,2024-04-10,6464
00887,永豐中國科技50大,35,0,35,大昌-新店,2024-04-10,6464
1227,佳格,33,0,33,大昌-新店,2024-04-10,6464
00753L,中信中國50正2,40,8,32,大昌-新店,2024-04-10,6464
5864,致和證,30,0,30,大昌-新店,2024-04-10,6464
3481,群創,51,22,29,大昌-新店,2024-04-10,6464
1513,中興電,67,38,29,大昌-新店,2024-04-10,6464
4967,十銓,65,36,29,大昌-新店,2024-04-10,6464
2464,盟立,48,19,29,大昌-新店,2024-04-10,6464
2031,新光鋼,40,13,27,大昌-新店,2024-04-10,6464
8096,擎亞,65,38,27,大昌-新店,2024-04-10,6464
1503,士電,32,7,25,大昌-新店,2024-04-10,6464
1785,光洋科,30,5,25,大昌-新店,2024-04-10,6464
3306,鼎天,26,1,25,大昌-新店,2024-04-10,6464
3059,華晶科,46,25,21,大昌-新店,2024-04-10,6464
1609,大亞,99,79,20,大昌-新店,2024-04-10,6464
00773B,中信優先金融債,20,0,20,大昌-新店,2024-04-10,6464
1312,國喬,20,0,20,大昌-新店,2024-04-10,6464
1612,宏泰,22,2,20,大昌-新店,2024-04-10,6464
1608,華榮,62,44,18,大昌-新店,2024-04-10,6464
2906,高林,18,0,18,大昌-新店,2024-04-10,6464
00909,國泰數位支付服務,18,0,18,大昌-新店,2024-04-10,6464
1605,華新,95,78,17,大昌-新店,2024-04-10,6464
2882,國泰金,16,0,16,大昌-新店,2024-04-10,6464
2891,中信金,20,4,16,大昌-新店,2024-04-10,6464
2645,長榮航太,29,13,16,大昌-新店,2024-04-10,6464
1587,吉茂,16,1,15,大昌-新店,2024-04-10,6464
2883,凱基金,22,7,15,大昌-新店,2024-04-10,6464
0055,元大MSCI金融,15,0,15,大昌-新店,2024-04-10,6464
2834,臺企銀,15,0,15,大昌-新店,2024-04-10,6464
3481,群創,591,12,579,大昌-新店,2024-04-11,6464
00929,復華台灣科技優息,437,7,430,大昌-新店,2024-04-11,6464
00687B,國泰20年美債,414,1,413,大昌-新店,2024-04-11,6464
00706L,期元大S＆P日圓正2,311,0,311,大昌-新店,2024-04-11,6464
00937B,群益ESG投等債20,238,30,208,大昌-新店,2024-04-11,6464
00688L,國泰20年美債正2,147,0,147,大昌-新店,2024-04-11,6464
0056,元大高股息,95,0,95,大昌-新店,2024-04-11,6464
00679B,元大美債20年,83,0,83,大昌-新店,2024-04-11,6464
2882,國泰金,110,28,82,大昌-新店,2024-04-11,6464
3231,緯創,113,31,82,大昌-新店,2024-04-11,6464
1305,華夏,73,0,73,大昌-新店,2024-04-11,6464
3260,威剛,128,57,71,大昌-新店,2024-04-11,6464
6026,福邦證,176,105,71,大昌-新店,2024-04-11,6464
5521,工信,124,56,68,大昌-新店,2024-04-11,6464
2409,友達,69,2,67,大昌-新店,2024-04-11,6464
00712,復華富時不動產,59,0,59,大昌-新店,2024-04-11,6464
2317,鴻海,169,114,55,大昌-新店,2024-04-11,6464
3013,晟銘電,139,83,56,大昌-新店,2024-04-11,6464
2809,京城銀,54,0,54,大昌-新店,2024-04-11,6464
1314,中石化,55,3,52,大昌-新店,2024-04-11,6464
00933B,國泰10Y+金融債,48,0,48,大昌-新店,2024-04-11,6464
2303,聯電,118,71,47,大昌-新店,2024-04-11,6464
3060,銘異,75,33,42,大昌-新店,2024-04-11,6464
2355,敬鵬,43,2,41,大昌-新店,2024-04-11,6464
00939,統一台灣高息動能,51,12,39,大昌-新店,2024-04-11,6464
5880,合庫金,38,0,38,大昌-新店,2024-04-11,6464
1301,台塑,41,4,37,大昌-新店,2024-04-11,6464
00751B,元大AAA至A公司債,37,0,37,大昌-新店,2024-04-11,6464
4935,茂林-KY,36,0,36,大昌-新店,2024-04-11,6464
2634,漢翔,73,39,34,大昌-新店,2024-04-11,6464
2344,華邦電,39,5,34,大昌-新店,2024-04-11,6464
1605,華新,74,41,33,大昌-新店,2024-04-11,6464
00680L,元大美債20正2,33,0,33,大昌-新店,2024-04-11,6464
2464,盟立,42,10,32,大昌-新店,2024-04-11,6464
2406,國碩,50,19,31,大昌-新店,2024-04-11,6464
6443,元晶,37,6,31,大昌-新店,2024-04-11,6464
3576,聯合再生,32,1,31,大昌-新店,2024-04-11,6464
1313,聯成,30,0,30,大昌-新店,2024-04-11,6464
1608,華榮,47,19,28,大昌-新店,2024-04-11,6464
00795B,中信美國公債20年,27,0,27,大昌-新店,2024-04-11,6464
1609,大亞,64,37,27,大昌-新店,2024-04-11,6464
2313,華通,26,2,24,大昌-新店,2024-04-11,6464
2534,宏盛,24,0,24,大昌-新店,2024-04-11,6464
9958,世紀鋼,31,7,24,大昌-新店,2024-04-11,6464
1409,新纖,21,0,21,大昌-新店,2024-04-11,6464
2002,中鋼,22,2,20,大昌-新店,2024-04-11,6464
6143,振曜,20,0,20,大昌-新店,2024-04-11,6464
6187,萬潤,20,0,20,大昌-新店,2024-04-11,6464
00927,群益半導體收益,23,3,20,大昌-新店,2024-04-11,6464
00738U,期元大道瓊白銀,20,0,20,大昌-新店,2024-04-11,6464
2883,凱基金,658,3,655,大昌-新店,2024-04-12,6464
00712,復華富時不動產,252,35,217,大昌-新店,2024-04-12,6464
00937B,群益ESG投等債20,208,10,198,大昌-新店,2024-04-12,6464
2353,宏��,237,106,131,大昌-新店,2024-04-12,6464
00688L,國泰20年美債正2,118,0,118,大昌-新店,2024-04-12,6464
2809,京城銀,92,0,92,大昌-新店,2024-04-12,6464
00679B,元大美債20年,92,0,92,大昌-新店,2024-04-12,6464
5521,工信,85,0,85,大昌-新店,2024-04-12,6464
2009,第一銅,144,61,83,大昌-新店,2024-04-12,6464
2382,廣達,85,13,72,大昌-新店,2024-04-12,6464
00687B,國泰20年美債,80,9,71,大昌-新店,2024-04-12,6464
6016,康和證,61,0,61,大昌-新店,2024-04-12,6464
1301,台塑,57,2,55,大昌-新店,2024-04-12,6464
00940,元大台灣價值高息,174,121,53,大昌-新店,2024-04-12,6464
00795B,中信美國公債20年,56,5,51,大昌-新店,2024-04-12,6464
2356,英業達,68,17,51,大昌-新店,2024-04-12,6464
1304,台聚,50,0,50,大昌-新店,2024-04-12,6464
2641,正德,47,0,47,大昌-新店,2024-04-12,6464
00665L,富邦�琤肭磪囓�2,39,0,39,大昌-新店,2024-04-12,6464
2610,華航,73,35,38,大昌-新店,2024-04-12,6464
2344,華邦電,45,7,38,大昌-新店,2024-04-12,6464
2880,華南金,38,0,38,大昌-新店,2024-04-12,6464
00939,統一台灣高息動能,48,12,36,大昌-新店,2024-04-12,6464
3055,蔚華科,38,3,35,大昌-新店,2024-04-12,6464
2801,彰銀,34,0,34,大昌-新店,2024-04-12,6464
3231,緯創,101,69,32,大昌-新店,2024-04-12,6464
2881,富邦金,33,1,32,大昌-新店,2024-04-12,6464
1309,台達化,30,0,30,大昌-新店,2024-04-12,6464
8105,凌巨,31,1,30,大昌-新店,2024-04-12,6464
0055,元大MSCI金融,30,0,30,大昌-新店,2024-04-12,6464
2905,三商,33,5,28,大昌-新店,2024-04-12,6464
2002,中鋼,41,13,28,大昌-新店,2024-04-12,6464
00751B,元大AAA至A公司債,27,0,27,大昌-新店,2024-04-12,6464
00878,國泰永續高股息,28,2,26,大昌-新店,2024-04-12,6464
2331,精英,36,13,23,大昌-新店,2024-04-12,6464
4306,炎洲,24,1,23,大昌-新店,2024-04-12,6464
3615,安可,47,26,21,大昌-新店,2024-04-12,6464
6443,元晶,25,4,21,大昌-新店,2024-04-12,6464
2387,精元,21,0,21,大昌-新店,2024-04-12,6464
4938,和碩,26,5,21,大昌-新店,2024-04-12,6464
4935,茂林-KY,20,0,20,大昌-新店,2024-04-12,6464
2534,宏盛,20,0,20,大昌-新店,2024-04-12,6464
5531,鄉林,20,0,20,大昌-新店,2024-04-12,6464
1312,國喬,20,0,20,大昌-新店,2024-04-12,6464
1905,華紙,19,0,19,大昌-新店,2024-04-12,6464
2324,仁寶,20,3,17,大昌-新店,2024-04-12,6464
2352,佳世達,17,0,17,大昌-新店,2024-04-12,6464
3048,益登,20,3,17,大昌-新店,2024-04-12,6464
2354,鴻準,31,14,17,大昌-新店,2024-04-12,6464
5009,榮剛,20,3,17,大昌-新店,2024-04-12,6464
2883,凱基金,715,2,713,大昌-新店,2024-04-15,6464
00929,復華台灣科技優息,692,48,644,大昌-新店,2024-04-15,6464
2303,聯電,264,13,251,大昌-新店,2024-04-15,6464
00940,元大台灣價值高息,213,10,203,大昌-新店,2024-04-15,6464
9105,泰金寶-DR,222,23,199,大昌-新店,2024-04-15,6464
00936,台新永續高息中小,180,7,173,大昌-新店,2024-04-15,6464
0056,元大高股息,157,14,143,大昌-新店,2024-04-15,6464
00937B,群益ESG投等債20,126,2,124,大昌-新店,2024-04-15,6464
2367,燿華,150,38,112,大昌-新店,2024-04-15,6464
00891,中信關鍵半導體,111,0,111,大昌-新店,2024-04-15,6464
00941,中信上游半導體,112,15,97,大昌-新店,2024-04-15,6464
00878,國泰永續高股息,98,10,88,大昌-新店,2024-04-15,6464
2356,英業達,107,32,75,大昌-新店,2024-04-15,6464
1314,中石化,101,29,72,大昌-新店,2024-04-15,6464
00795B,中信美國公債20年,72,2,70,大昌-新店,2024-04-15,6464
00927,群益半導體收益,64,5,59,大昌-新店,2024-04-15,6464
4533,協易機,101,51,50,大昌-新店,2024-04-15,6464
00939,統一台灣高息動能,61,13,48,大昌-新店,2024-04-15,6464
2371,大同,343,303,40,大昌-新店,2024-04-15,6464
1309,台達化,40,0,40,大昌-新店,2024-04-15,6464
1513,中興電,136,97,39,大昌-新店,2024-04-15,6464
1504,東元,161,123,38,大昌-新店,2024-04-15,6464
2905,三商,35,0,35,大昌-新店,2024-04-15,6464
00680L,元大美債20正2,36,1,35,大昌-新店,2024-04-15,6464
3059,華晶科,57,23,34,大昌-新店,2024-04-15,6464
00933B,國泰10Y+金融債,30,0,30,大昌-新店,2024-04-15,6464
2618,長榮航,51,21,30,大昌-新店,2024-04-15,6464
00772B,中信高評級公司債,30,0,30,大昌-新店,2024-04-15,6464
00725B,國泰投資級公司債,30,0,30,大昌-新店,2024-04-15,6464
2382,廣達,71,41,30,大昌-新店,2024-04-15,6464
2344,華邦電,44,15,29,大昌-新店,2024-04-15,6464
2014,中鴻,30,1,29,大昌-新店,2024-04-15,6464
3037,欣興,30,1,29,大昌-新店,2024-04-15,6464
2904,匯僑,25,0,25,大昌-新店,2024-04-15,6464
2353,宏��,57,32,25,大昌-新店,2024-04-15,6464
4935,茂林-KY,29,5,24,大昌-新店,2024-04-15,6464
8064,東捷,24,1,23,大昌-新店,2024-04-15,6464
3027,盛達,24,2,22,大昌-新店,2024-04-15,6464
4746,台耀,22,0,22,大昌-新店,2024-04-15,6464
2374,佳能,40,19,21,大昌-新店,2024-04-15,6464
3005,神基,23,3,20,大昌-新店,2024-04-15,6464
1303,南亞,24,4,20,大昌-新店,2024-04-15,6464
2547,日勝生,20,0,20,大昌-新店,2024-04-15,6464
5425,台半,23,3,20,大昌-新店,2024-04-15,6464
3312,弘憶股,44,24,20,大昌-新店,2024-04-15,6464
3712,永崴投控,65,46,19,大昌-新店,2024-04-15,6464
3704,合勤控,19,0,19,大昌-新店,2024-04-15,6464
5607,遠雄港,20,1,19,大昌-新店,2024-04-15,6464
6188,廣明,25,6,19,大昌-新店,2024-04-15,6464
00882,中信中國高股息,20,2,18,大昌-新店,2024-04-15,6464
00940,元大台灣價值高息,1825,167,1658,大昌-新店,2024-04-16,6464
00937B,群益ESG投等債20,672,23,649,大昌-新店,2024-04-16,6464
00929,復華台灣科技優息,588,29,559,大昌-新店,2024-04-16,6464
00919,群益台灣精選高息,344,43,301,大昌-新店,2024-04-16,6464
00939,統一台灣高息動能,338,48,290,大昌-新店,2024-04-16,6464
2883,凱基金,321,88,233,大昌-新店,2024-04-16,6464
2603,長榮,180,7,173,大昌-新店,2024-04-16,6464
3231,緯創,171,53,118,大昌-新店,2024-04-16,6464
2303,聯電,134,16,118,大昌-新店,2024-04-16,6464
2371,大同,193,77,116,大昌-新店,2024-04-16,6464
2344,華邦電,132,32,100,大昌-新店,2024-04-16,6464
2408,南亞科,100,11,89,大昌-新店,2024-04-16,6464
00695B,富邦美債7-10,84,0,84,大昌-新店,2024-04-16,6464
00795B,中信美國公債20年,80,8,72,大昌-新店,2024-04-16,6464
2601,益航,72,0,72,大昌-新店,2024-04-16,6464
1582,信錦,71,0,71,大昌-新店,2024-04-16,6464
2353,宏��,151,86,65,大昌-新店,2024-04-16,6464
2618,長榮航,131,66,65,大昌-新店,2024-04-16,6464
2330,台積電,82,18,64,大昌-新店,2024-04-16,6464
2025,千興,95,32,63,大昌-新店,2024-04-16,6464
2897,王道銀行,63,5,58,大昌-新店,2024-04-16,6464
00941,中信上游半導體,68,12,56,大昌-新店,2024-04-16,6464
0056,元大高股息,207,152,55,大昌-新店,2024-04-16,6464
4306,炎洲,54,3,51,大昌-新店,2024-04-16,6464
4906,正文,51,1,50,大昌-新店,2024-04-16,6464
2409,友達,136,87,49,大昌-新店,2024-04-16,6464
1338,廣華-KY,48,0,48,大昌-新店,2024-04-16,6464
2891,中信金,60,13,47,大昌-新店,2024-04-16,6464
00719B,元大美債1-3,47,0,47,大昌-新店,2024-04-16,6464
00688L,國泰20年美債正2,50,5,45,大昌-新店,2024-04-16,6464
2887,台新金,48,3,45,大昌-新店,2024-04-16,6464
2317,鴻海,134,89,45,大昌-新店,2024-04-16,6464
2888,新光金,48,6,42,大昌-新店,2024-04-16,6464
2356,英業達,114,73,41,大昌-新店,2024-04-16,6464
5531,鄉林,40,0,40,大昌-新店,2024-04-16,6464
3260,威剛,66,26,40,大昌-新店,2024-04-16,6464
1609,大亞,140,102,38,大昌-新店,2024-04-16,6464
1301,台塑,37,1,36,大昌-新店,2024-04-16,6464
2915,潤泰全,37,3,34,大昌-新店,2024-04-16,6464
00927,群益半導體收益,33,0,33,大昌-新店,2024-04-16,6464
6170,統振,32,0,32,大昌-新店,2024-04-16,6464
3615,安可,33,1,32,大昌-新店,2024-04-16,6464
2610,華航,33,1,32,大昌-新店,2024-04-16,6464
00665L,富邦�琤肭磪囓�2,62,32,30,大昌-新店,2024-04-16,6464
2634,漢翔,74,44,30,大昌-新店,2024-04-16,6464
2520,冠德,42,13,29,大昌-新店,2024-04-16,6464
00918,大華優利高填息30,32,3,29,大昌-新店,2024-04-16,6464
2886,兆豐金,30,2,28,大昌-新店,2024-04-16,6464
2884,玉山金,36,9,27,大昌-新店,2024-04-16,6464
8064,東捷,31,5,26,大昌-新店,2024-04-16,6464
00937B,群益ESG投等債20,819,42,777,大昌-新店,2024-04-17,6464
00664R,國泰臺灣加權反1,784,25,759,大昌-新店,2024-04-17,6464
00929,復華台灣科技優息,230,12,218,大昌-新店,2024-04-17,6464
0056,元大高股息,221,15,206,大昌-新店,2024-04-17,6464
00632R,元大台灣50反1,361,156,205,大昌-新店,2024-04-17,6464
6026,福邦證,203,2,201,大昌-新店,2024-04-17,6464
2618,長榮航,115,19,96,大昌-新店,2024-04-17,6464
3231,緯創,139,49,90,大昌-新店,2024-04-17,6464
00688L,國泰20年美債正2,80,0,80,大昌-新店,2024-04-17,6464
2353,宏��,115,46,69,大昌-新店,2024-04-17,6464
00687B,國泰20年美債,69,4,65,大昌-新店,2024-04-17,6464
00712,復華富時不動產,58,0,58,大昌-新店,2024-04-17,6464
00885,富邦越南,55,0,55,大昌-新店,2024-04-17,6464
1504,東元,122,75,47,大昌-新店,2024-04-17,6464
3481,群創,68,21,47,大昌-新店,2024-04-17,6464
00795B,中信美國公債20年,50,4,46,大昌-新店,2024-04-17,6464
00679B,元大美債20年,55,10,45,大昌-新店,2024-04-17,6464
2867,三商壽,66,24,42,大昌-新店,2024-04-17,6464
2408,南亞科,43,1,42,大昌-新店,2024-04-17,6464
2845,遠東銀,41,0,41,大昌-新店,2024-04-17,6464
00697B,元大美債7-10,40,0,40,大昌-新店,2024-04-17,6464
2382,廣達,53,13,40,大昌-新店,2024-04-17,6464
4976,佳凌,39,0,39,大昌-新店,2024-04-17,6464
1303,南亞,37,0,37,大昌-新店,2024-04-17,6464
00933B,國泰10Y+金融債,39,2,37,大昌-新店,2024-04-17,6464
2409,友達,45,9,36,大昌-新店,2024-04-17,6464
2317,鴻海,119,85,34,大昌-新店,2024-04-17,6464
00919,群益台灣精選高息,46,12,34,大昌-新店,2024-04-17,6464
2801,彰銀,33,0,33,大昌-新店,2024-04-17,6464
00733,富邦臺灣中小,30,0,30,大昌-新店,2024-04-17,6464
2641,正德,31,1,30,大昌-新店,2024-04-17,6464
00695B,富邦美債7-10,30,0,30,大昌-新店,2024-04-17,6464
3013,晟銘電,40,11,29,大昌-新店,2024-04-17,6464
00857B,永豐20年美公債,29,0,29,大昌-新店,2024-04-17,6464
6282,康舒,59,32,27,大昌-新店,2024-04-17,6464
00941,中信上游半導體,32,6,26,大昌-新店,2024-04-17,6464
00720B,元大投資級公司債,29,3,26,大昌-新店,2024-04-17,6464
2454,聯發科,24,1,23,大昌-新店,2024-04-17,6464
2101,南港,30,8,22,大昌-新店,2024-04-17,6464
6188,廣明,48,26,22,大昌-新店,2024-04-17,6464
4533,協易機,54,33,21,大昌-新店,2024-04-17,6464
8070,長華*,21,0,21,大昌-新店,2024-04-17,6464
5880,合庫金,20,0,20,大昌-新店,2024-04-17,6464
2356,英業達,66,46,20,大昌-新店,2024-04-17,6464
3706,神達,42,22,20,大昌-新店,2024-04-17,6464
1326,台化,20,1,19,大昌-新店,2024-04-17,6464
00909,國泰數位支付服務,18,0,18,大昌-新店,2024-04-17,6464
00918,大華優利高填息30,18,0,18,大昌-新店,2024-04-17,6464
6126,信音,20,2,18,大昌-新店,2024-04-17,6464
2610,華航,28,10,18,大昌-新店,2024-04-17,6464
00632R,元大台灣50反1,378,25,353,大昌-新店,2024-04-18,6464
00929,復華台灣科技優息,242,10,232,大昌-新店,2024-04-18,6464
2353,宏��,133,12,121,大昌-新店,2024-04-18,6464
00937B,群益ESG投等債20,145,25,120,大昌-新店,2024-04-18,6464
00940,元大台灣價值高息,136,17,119,大昌-新店,2024-04-18,6464
2409,友達,117,13,104,大昌-新店,2024-04-18,6464
00885,富邦越南,86,0,86,大昌-新店,2024-04-18,6464
00919,群益台灣精選高息,46,4,42,大昌-新店,2024-04-18,6464
1504,東元,167,126,41,大昌-新店,2024-04-18,6464
5512,力麒,91,50,41,大昌-新店,2024-04-18,6464
6770,力積電,68,29,39,大昌-新店,2024-04-18,6464
5880,合庫金,33,3,30,大昌-新店,2024-04-18,6464
3481,群創,76,47,29,大昌-新店,2024-04-18,6464
2007,燁興,30,3,27,大昌-新店,2024-04-18,6464
2501,國建,63,37,26,大昌-新店,2024-04-18,6464
2317,鴻海,77,53,24,大昌-新店,2024-04-18,6464
3704,合勤控,24,0,24,大昌-新店,2024-04-18,6464
1513,中興電,74,51,23,大昌-新店,2024-04-18,6464
3209,全科,25,2,23,大昌-新店,2024-04-18,6464
8112,至上,32,10,22,大昌-新店,2024-04-18,6464
3615,安可,24,2,22,大昌-新店,2024-04-18,6464
5483,中美晶,23,1,22,大昌-新店,2024-04-18,6464
3062,建漢,21,0,21,大昌-新店,2024-04-18,6464
00712,復華富時不動產,21,0,21,大昌-新店,2024-04-18,6464
8096,擎亞,31,10,21,大昌-新店,2024-04-18,6464
2301,光寶科,34,13,21,大昌-新店,2024-04-18,6464
2408,南亞科,23,3,20,大昌-新店,2024-04-18,6464
3576,聯合再生,24,4,20,大昌-新店,2024-04-18,6464
2516,新建,20,0,20,大昌-新店,2024-04-18,6464
1217,愛之味,21,2,19,大昌-新店,2024-04-18,6464
1584,精剛,21,2,19,大昌-新店,2024-04-18,6464
2303,聯電,43,24,19,大昌-新店,2024-04-18,6464
00664R,國泰臺灣加權反1,25,6,19,大昌-新店,2024-04-18,6464
4976,佳凌,20,2,18,大昌-新店,2024-04-18,6464
2511,太子,29,11,18,大昌-新店,2024-04-18,6464
2897,王道銀行,18,1,17,大昌-新店,2024-04-18,6464
3607,谷崧,17,0,17,大昌-新店,2024-04-18,6464
2603,長榮,21,5,16,大昌-新店,2024-04-18,6464
5515,建國,29,13,16,大昌-新店,2024-04-18,6464
2887,台新金,20,4,16,大昌-新店,2024-04-18,6464
9934,成霖,15,0,15,大昌-新店,2024-04-18,6464
3512,皇龍,15,0,15,大昌-新店,2024-04-18,6464
2204,中華,15,0,15,大昌-新店,2024-04-18,6464
2009,第一銅,29,16,13,大昌-新店,2024-04-18,6464
8011,台通,54,41,13,大昌-新店,2024-04-18,6464
00942B,台新美A公司債20+,14,1,13,大昌-新店,2024-04-18,6464
2883,凱基金,22,9,13,大昌-新店,2024-04-18,6464
6505,台塑化,12,0,12,大昌-新店,2024-04-18,6464
2065,世豐,12,0,12,大昌-新店,2024-04-18,6464
6156,松上,12,0,12,大昌-新店,2024-04-18,6464
00940,元大台灣價值高息,993,124,869,大昌-新店,2024-04-19,6464
00929,復華台灣科技優息,652,36,616,大昌-新店,2024-04-19,6464
2014,中鴻,520,7,513,大昌-新店,2024-04-19,6464
00712,復華富時不動產,300,0,300,大昌-新店,2024-04-19,6464
2883,凱基金,280,16,264,大昌-新店,2024-04-19,6464
00919,群益台灣精選高息,222,27,195,大昌-新店,2024-04-19,6464
0056,元大高股息,196,5,191,大昌-新店,2024-04-19,6464
2303,聯電,201,54,147,大昌-新店,2024-04-19,6464
00646,元大S＆P500,120,0,120,大昌-新店,2024-04-19,6464
2371,大同,923,815,108,大昌-新店,2024-04-19,6464
2330,台積電,167,62,105,大昌-新店,2024-04-19,6464
00878,國泰永續高股息,147,44,103,大昌-新店,2024-04-19,6464
2409,友達,114,13,101,大昌-新店,2024-04-19,6464
00645,富邦日本,90,0,90,大昌-新店,2024-04-19,6464
00637L,元大滬深300正2,89,5,84,大昌-新店,2024-04-19,6464
00939,統一台灣高息動能,328,246,82,大昌-新店,2024-04-19,6464
8112,至上,98,17,81,大昌-新店,2024-04-19,6464
8070,長華*,83,3,80,大昌-新店,2024-04-19,6464
9105,泰金寶-DR,78,3,75,大昌-新店,2024-04-19,6464
1609,大亞,345,273,72,大昌-新店,2024-04-19,6464
00937B,群益ESG投等債20,71,6,65,大昌-新店,2024-04-19,6464
3481,群創,78,15,63,大昌-新店,2024-04-19,6464
2891,中信金,61,0,61,大昌-新店,2024-04-19,6464
2610,華航,90,30,60,大昌-新店,2024-04-19,6464
5880,合庫金,62,4,58,大昌-新店,2024-04-19,6464
5521,工信,112,55,57,大昌-新店,2024-04-19,6464
2501,國建,85,28,57,大昌-新店,2024-04-19,6464
00881,國泰台灣5G+,58,5,53,大昌-新店,2024-04-19,6464
2618,長榮航,80,28,52,大昌-新店,2024-04-19,6464
00885,富邦越南,49,0,49,大昌-新店,2024-04-19,6464
3005,神基,56,8,48,大昌-新店,2024-04-19,6464
2317,鴻海,128,80,48,大昌-新店,2024-04-19,6464
1316,上曜,54,8,46,大昌-新店,2024-04-19,6464
2356,英業達,93,48,45,大昌-新店,2024-04-19,6464
2903,遠百,50,5,45,大昌-新店,2024-04-19,6464
00661,元大日經225,45,0,45,大昌-新店,2024-04-19,6464
2427,三商電,78,36,42,大昌-新店,2024-04-19,6464
8936,國統,87,45,42,大昌-新店,2024-04-19,6464
00665L,富邦�琤肭磪囓�2,91,50,41,大昌-新店,2024-04-19,6464
2888,新光金,50,10,40,大昌-新店,2024-04-19,6464
2609,陽明,124,87,37,大昌-新店,2024-04-19,6464
0050,元大台灣50,39,3,36,大昌-新店,2024-04-19,6464
3607,谷崧,42,7,35,大昌-新店,2024-04-19,6464
2809,京城銀,35,1,34,大昌-新店,2024-04-19,6464
3710,連展投控,33,0,33,大昌-新店,2024-04-19,6464
00850,元大臺灣ESG永續,32,0,32,大昌-新店,2024-04-19,6464
3034,聯詠,41,9,32,大昌-新店,2024-04-19,6464
2367,燿華,45,14,31,大昌-新店,2024-04-19,6464
1301,台塑,33,3,30,大昌-新店,2024-04-19,6464
6438,迅得,32,2,30,大昌-新店,2024-04-19,6464
00940,元大台灣價值高息,393,139,254,大昌-新店,2024-04-22,6464
00929,復華台灣科技優息,393,177,216,大昌-新店,2024-04-22,6464
2303,聯電,202,26,176,大昌-新店,2024-04-22,6464
00937B,群益ESG投等債20,202,46,156,大昌-新店,2024-04-22,6464
00919,群益台灣精選高息,179,77,102,大昌-新店,2024-04-22,6464
3231,緯創,127,37,90,大昌-新店,2024-04-22,6464
00878,國泰永續高股息,91,12,79,大昌-新店,2024-04-22,6464
2547,日勝生,104,29,75,大昌-新店,2024-04-22,6464
2009,第一銅,75,6,69,大昌-新店,2024-04-22,6464
1314,中石化,125,59,66,大昌-新店,2024-04-22,6464
2409,友達,90,24,66,大昌-新店,2024-04-22,6464
1605,華新,84,31,53,大昌-新店,2024-04-22,6464
0056,元大高股息,56,4,52,大昌-新店,2024-04-22,6464
1582,信錦,51,0,51,大昌-新店,2024-04-22,6464
2506,太設,70,21,49,大昌-新店,2024-04-22,6464
2317,鴻海,88,39,49,大昌-新店,2024-04-22,6464
5324,士開,61,14,47,大昌-新店,2024-04-22,6464
1805,寶徠,45,0,45,大昌-新店,2024-04-22,6464
8054,安國,77,33,44,大昌-新店,2024-04-22,6464
8112,至上,71,30,41,大昌-新店,2024-04-22,6464
2382,廣達,65,27,38,大昌-新店,2024-04-22,6464
00646,元大S＆P500,39,1,38,大昌-新店,2024-04-22,6464
1513,中興電,62,25,37,大昌-新店,2024-04-22,6464
1616,億泰,45,8,37,大昌-新店,2024-04-22,6464
8936,國統,135,100,35,大昌-新店,2024-04-22,6464
1815,富喬,35,0,35,大昌-新店,2024-04-22,6464
2356,英業達,51,20,31,大昌-新店,2024-04-22,6464
00679B,元大美債20年,71,41,30,大昌-新店,2024-04-22,6464
00941,中信上游半導體,28,0,28,大昌-新店,2024-04-22,6464
1617,榮星,32,5,27,大昌-新店,2024-04-22,6464
5521,工信,133,106,27,大昌-新店,2024-04-22,6464
2354,鴻準,46,21,25,大昌-新店,2024-04-22,6464
00687B,國泰20年美債,35,12,23,大昌-新店,2024-04-22,6464
00715L,期街口布蘭特正2,22,0,22,大昌-新店,2024-04-22,6464
3712,永崴投控,30,8,22,大昌-新店,2024-04-22,6464
6125,廣運,25,4,21,大昌-新店,2024-04-22,6464
3017,奇鋐,24,4,20,大昌-新店,2024-04-22,6464
2489,瑞軒,20,0,20,大昌-新店,2024-04-22,6464
2419,仲琦,20,0,20,大昌-新店,2024-04-22,6464
3715,定穎投控,21,1,20,大昌-新店,2024-04-22,6464
6462,神盾,22,3,19,大昌-新店,2024-04-22,6464
1503,士電,27,8,19,大昌-新店,2024-04-22,6464
1603,華電,48,29,19,大昌-新店,2024-04-22,6464
6282,康舒,27,9,18,大昌-新店,2024-04-22,6464
2611,志信,27,9,18,大昌-新店,2024-04-22,6464
2520,冠德,47,30,17,大昌-新店,2024-04-22,6464
2851,中再保,20,3,17,大昌-新店,2024-04-22,6464
5347,世界,18,1,17,大昌-新店,2024-04-22,6464
3078,僑威,17,0,17,大昌-新店,2024-04-22,6464
3013,晟銘電,23,7,16,大昌-新店,2024-04-22,6464
00664R,國泰臺灣加權反1,329,0,329,大昌-新店,2024-04-23,6464
00940,元大台灣價值高息,376,80,296,大昌-新店,2024-04-23,6464
5876,上海商銀,240,0,240,大昌-新店,2024-04-23,6464
00857B,永豐20年美公債,126,0,126,大昌-新店,2024-04-23,6464
2303,聯電,136,16,120,大昌-新店,2024-04-23,6464
2641,正德,115,0,115,大昌-新店,2024-04-23,6464
2371,大同,288,197,91,大昌-新店,2024-04-23,6464
1524,耿鼎,60,1,59,大昌-新店,2024-04-23,6464
5512,力麒,82,24,58,大昌-新店,2024-04-23,6464
00632R,元大台灣50反1,88,30,58,大昌-新店,2024-04-23,6464
00929,復華台灣科技優息,101,45,56,大昌-新店,2024-04-23,6464
3715,定穎投控,54,1,53,大昌-新店,2024-04-23,6464
2509,全坤建,56,4,52,大昌-新店,2024-04-23,6464
2836,高雄銀,50,0,50,大昌-新店,2024-04-23,6464
3058,立德,50,0,50,大昌-新店,2024-04-23,6464
2511,太子,55,6,49,大昌-新店,2024-04-23,6464
00919,群益台灣精選高息,48,0,48,大昌-新店,2024-04-23,6464
4157,太景*-KY,48,1,47,大昌-新店,2024-04-23,6464
1316,上曜,84,37,47,大昌-新店,2024-04-23,6464
1314,中石化,55,11,44,大昌-新店,2024-04-23,6464
2605,新興,55,11,44,大昌-新店,2024-04-23,6464
8432,東生華,45,6,39,大昌-新店,2024-04-23,6464
6244,茂迪,38,0,38,大昌-新店,2024-04-23,6464
3535,晶彩科,38,1,37,大昌-新店,2024-04-23,6464
4526,東台,43,6,37,大昌-新店,2024-04-23,6464
1905,華紙,37,1,36,大昌-新店,2024-04-23,6464
2354,鴻準,85,52,33,大昌-新店,2024-04-23,6464
5521,工信,37,5,32,大昌-新店,2024-04-23,6464
00878,國泰永續高股息,31,2,29,大昌-新店,2024-04-23,6464
3024,憶聲,32,7,25,大昌-新店,2024-04-23,6464
2317,鴻海,56,33,23,大昌-新店,2024-04-23,6464
0056,元大高股息,24,1,23,大昌-新店,2024-04-23,6464
2405,輔信,31,9,22,大昌-新店,2024-04-23,6464
2374,佳能,56,34,22,大昌-新店,2024-04-23,6464
6188,廣明,26,5,21,大昌-新店,2024-04-23,6464
00640L,富邦日本正2,21,0,21,大昌-新店,2024-04-23,6464
1101,台泥,25,5,20,大昌-新店,2024-04-23,6464
00753L,中信中國50正2,54,34,20,大昌-新店,2024-04-23,6464
2867,三商壽,21,1,20,大昌-新店,2024-04-23,6464
5009,榮剛,24,6,18,大昌-新店,2024-04-23,6464
6541,泰福-KY,18,0,18,大昌-新店,2024-04-23,6464
2009,第一銅,33,15,18,大昌-新店,2024-04-23,6464
00941,中信上游半導體,18,0,18,大昌-新店,2024-04-23,6464
1301,台塑,18,1,17,大昌-新店,2024-04-23,6464
4533,協易機,18,1,17,大昌-新店,2024-04-23,6464
1608,華榮,49,33,16,大昌-新店,2024-04-23,6464
2449,京元電子,35,20,15,大昌-新店,2024-04-23,6464
8044,網家,16,1,15,大昌-新店,2024-04-23,6464
6176,瑞儀,18,3,15,大昌-新店,2024-04-23,6464
2103,台橡,15,0,15,大昌-新店,2024-04-23,6464
00940,元大台灣價值高息,194,28,166,大昌-新店,2024-04-24,6464
00632R,元大台灣50反1,207,75,132,大昌-新店,2024-04-24,6464
2409,友達,150,26,124,大昌-新店,2024-04-24,6464
3481,群創,101,5,96,大昌-新店,2024-04-24,6464
00664R,國泰臺灣加權反1,150,65,85,大昌-新店,2024-04-24,6464
00679B,元大美債20年,91,17,74,大昌-新店,2024-04-24,6464
1101,台泥,68,0,68,大昌-新店,2024-04-24,6464
00687B,國泰20年美債,71,16,55,大昌-新店,2024-04-24,6464
2834,臺企銀,53,0,53,大昌-新店,2024-04-24,6464
2886,兆豐金,49,1,48,大昌-新店,2024-04-24,6464
00706L,期元大S＆P日圓正2,46,0,46,大昌-新店,2024-04-24,6464
2641,正德,46,0,46,大昌-新店,2024-04-24,6464
1717,長興,45,5,40,大昌-新店,2024-04-24,6464
00637L,元大滬深300正2,44,5,39,大昌-新店,2024-04-24,6464
3703,欣陸,75,37,38,大昌-新店,2024-04-24,6464
6125,廣運,93,56,37,大昌-新店,2024-04-24,6464
1201,味全,36,0,36,大昌-新店,2024-04-24,6464
1605,華新,52,19,33,大昌-新店,2024-04-24,6464
2352,佳世達,37,6,31,大昌-新店,2024-04-24,6464
2634,漢翔,42,11,31,大昌-新店,2024-04-24,6464
00941,中信上游半導體,31,0,31,大昌-新店,2024-04-24,6464
2511,太子,32,1,31,大昌-新店,2024-04-24,6464
2367,燿華,32,2,30,大昌-新店,2024-04-24,6464
00673R,期元大S＆P原油反1,30,0,30,大昌-新店,2024-04-24,6464
1303,南亞,28,0,28,大昌-新店,2024-04-24,6464
2501,國建,97,70,27,大昌-新店,2024-04-24,6464
2504,國產,35,9,26,大昌-新店,2024-04-24,6464
3615,安可,25,0,25,大昌-新店,2024-04-24,6464
00887,永豐中國科技50大,25,0,25,大昌-新店,2024-04-24,6464
6449,鈺邦,25,1,24,大昌-新店,2024-04-24,6464
2204,中華,21,0,21,大昌-新店,2024-04-24,6464
3596,智易,21,1,20,大昌-新店,2024-04-24,6464
2489,瑞軒,31,12,19,大昌-新店,2024-04-24,6464
6016,康和證,20,3,17,大昌-新店,2024-04-24,6464
2537,聯上發,23,7,16,大昌-新店,2024-04-24,6464
4714,永捷,20,5,15,大昌-新店,2024-04-24,6464
6147,頎邦,16,1,15,大昌-新店,2024-04-24,6464
6873,泓德能源,15,0,15,大昌-新店,2024-04-24,6464
1612,宏泰,18,3,15,大昌-新店,2024-04-24,6464
2890,永豐金,14,0,14,大昌-新店,2024-04-24,6464
3035,智原,24,10,14,大昌-新店,2024-04-24,6464
6177,達麗,20,6,14,大昌-新店,2024-04-24,6464
2328,廣宇,19,6,13,大昌-新店,2024-04-24,6464
2374,佳能,37,24,13,大昌-新店,2024-04-24,6464
2206,三陽工業,82,70,12,大昌-新店,2024-04-24,6464
3024,憶聲,26,14,12,大昌-新店,2024-04-24,6464
2009,第一銅,36,24,12,大昌-新店,2024-04-24,6464
2027,大成鋼,16,4,12,大昌-新店,2024-04-24,6464
1618,合機,29,17,12,大昌-新店,2024-04-24,6464
2547,日勝生,15,4,11,大昌-新店,2024-04-24,6464
2303,聯電,423,47,376,大昌-新店,2024-04-25,6464
2834,臺企銀,229,4,225,大昌-新店,2024-04-25,6464
00632R,元大台灣50反1,295,106,189,大昌-新店,2024-04-25,6464
00688L,國泰20年美債正2,161,0,161,大昌-新店,2024-04-25,6464
00940,元大台灣價值高息,181,48,133,大昌-新店,2024-04-25,6464
2903,遠百,101,0,101,大昌-新店,2024-04-25,6464
3703,欣陸,125,29,96,大昌-新店,2024-04-25,6464
2317,鴻海,121,53,68,大昌-新店,2024-04-25,6464
00646,元大S＆P500,66,0,66,大昌-新店,2024-04-25,6464
00929,復華台灣科技優息,68,7,61,大昌-新店,2024-04-25,6464
00687B,國泰20年美債,54,0,54,大昌-新店,2024-04-25,6464
2316,楠梓電,137,88,49,大昌-新店,2024-04-25,6464
4716,大立,57,9,48,大昌-新店,2024-04-25,6464
00878,國泰永續高股息,47,0,47,大昌-新店,2024-04-25,6464
5521,工信,57,12,45,大昌-新店,2024-04-25,6464
3231,緯創,66,22,44,大昌-新店,2024-04-25,6464
5512,力麒,73,29,44,大昌-新店,2024-04-25,6464
1457,宜進,56,13,43,大昌-新店,2024-04-25,6464
00679B,元大美債20年,42,1,41,大昌-新店,2024-04-25,6464
00919,群益台灣精選高息,46,5,41,大昌-新店,2024-04-25,6464
00937B,群益ESG投等債20,38,1,37,大昌-新店,2024-04-25,6464
2515,中工,116,83,33,大昌-新店,2024-04-25,6464
6177,達麗,51,19,32,大昌-新店,2024-04-25,6464
1513,中興電,46,15,31,大昌-新店,2024-04-25,6464
00923,群益台ESG低碳50,30,0,30,大昌-新店,2024-04-25,6464
1809,中釉,31,1,30,大昌-新店,2024-04-25,6464
912000,晨訊科-DR,30,0,30,大昌-新店,2024-04-25,6464
2801,彰銀,29,0,29,大昌-新店,2024-04-25,6464
8996,高力,37,9,28,大昌-新店,2024-04-25,6464
2809,京城銀,28,0,28,大昌-新店,2024-04-25,6464
2889,國票金,31,3,28,大昌-新店,2024-04-25,6464
3450,聯鈞,31,4,27,大昌-新店,2024-04-25,6464
6449,鈺邦,26,0,26,大昌-新店,2024-04-25,6464
2610,華航,130,105,25,大昌-新店,2024-04-25,6464
5251,天鉞電,35,12,23,大昌-新店,2024-04-25,6464
2002,中鋼,30,7,23,大昌-新店,2024-04-25,6464
6125,廣運,63,40,23,大昌-新店,2024-04-25,6464
6116,彩晶,22,0,22,大昌-新店,2024-04-25,6464
00751B,元大AAA至A公司債,22,0,22,大昌-新店,2024-04-25,6464
2882,國泰金,23,1,22,大昌-新店,2024-04-25,6464
1101,台泥,41,20,21,大昌-新店,2024-04-25,6464
2886,兆豐金,22,1,21,大昌-新店,2024-04-25,6464
6244,茂迪,21,0,21,大昌-新店,2024-04-25,6464
00795B,中信美國公債20年,21,0,21,大昌-新店,2024-04-25,6464
2330,台積電,27,7,20,大昌-新店,2024-04-25,6464
1201,味全,20,0,20,大昌-新店,2024-04-25,6464
2367,燿華,26,6,20,大昌-新店,2024-04-25,6464
2109,華豐,20,0,20,大昌-新店,2024-04-25,6464
3715,定穎投控,29,10,19,大昌-新店,2024-04-25,6464
3306,鼎天,28,9,19,大昌-新店,2024-04-25,6464
2610,華航,680,264,416,大昌-新店,2024-04-26,6464
00937B,群益ESG投等債20,345,90,255,大昌-新店,2024-04-26,6464
00632R,元大台灣50反1,389,196,193,大昌-新店,2024-04-26,6464
00664R,國泰臺灣加權反1,141,0,141,大昌-新店,2024-04-26,6464
1201,味全,101,0,101,大昌-新店,2024-04-26,6464
2371,大同,187,108,79,大昌-新店,2024-04-26,6464
5009,榮剛,81,13,68,大昌-新店,2024-04-26,6464
00688L,國泰20年美債正2,61,0,61,大昌-新店,2024-04-26,6464
00795B,中信美國公債20年,44,0,44,大昌-新店,2024-04-26,6464
00679B,元大美債20年,52,12,40,大昌-新店,2024-04-26,6464
00753L,中信中國50正2,113,77,36,大昌-新店,2024-04-26,6464
00940,元大台灣價值高息,165,130,35,大昌-新店,2024-04-26,6464
3615,安可,35,1,34,大昌-新店,2024-04-26,6464
2002,中鋼,53,20,33,大昌-新店,2024-04-26,6464
00665L,富邦�琤肭磪囓�2,52,21,31,大昌-新店,2024-04-26,6464
5603,陸海,35,5,30,大昌-新店,2024-04-26,6464
0056,元大高股息,39,9,30,大昌-新店,2024-04-26,6464
00697B,元大美債7-10,30,0,30,大昌-新店,2024-04-26,6464
2359,所羅門,93,65,28,大昌-新店,2024-04-26,6464
00687B,國泰20年美債,28,1,27,大昌-新店,2024-04-26,6464
00738U,期元大道瓊白銀,25,0,25,大昌-新店,2024-04-26,6464
3338,泰碩,38,13,25,大昌-新店,2024-04-26,6464
5871,中租-KY,25,1,24,大昌-新店,2024-04-26,6464
2354,鴻準,30,7,23,大昌-新店,2024-04-26,6464
6190,萬泰科,25,2,23,大昌-新店,2024-04-26,6464
3714,富采,23,1,22,大昌-新店,2024-04-26,6464
2636,台驊控股,22,1,21,大昌-新店,2024-04-26,6464
2486,一詮,60,39,21,大昌-新店,2024-04-26,6464
2506,太設,66,46,20,大昌-新店,2024-04-26,6464
2613,中櫃,21,1,20,大昌-新店,2024-04-26,6464
2836,高雄銀,20,0,20,大昌-新店,2024-04-26,6464
2363,矽統,32,13,19,大昌-新店,2024-04-26,6464
00720B,元大投資級公司債,25,7,18,大昌-新店,2024-04-26,6464
1303,南亞,18,0,18,大昌-新店,2024-04-26,6464
3224,三顧,22,4,18,大昌-新店,2024-04-26,6464
1440,南紡,87,69,18,大昌-新店,2024-04-26,6464
1605,華新,20,3,17,大昌-新店,2024-04-26,6464
2025,千興,17,0,17,大昌-新店,2024-04-26,6464
00857B,永豐20年美公債,17,0,17,大昌-新店,2024-04-26,6464
1101,台泥,26,9,17,大昌-新店,2024-04-26,6464
2906,高林,18,2,16,大昌-新店,2024-04-26,6464
00724B,群益投資級金融債,16,0,16,大昌-新店,2024-04-26,6464
00706L,期元大S＆P日圓正2,16,0,16,大昌-新店,2024-04-26,6464
6606,建德工業,15,0,15,大昌-新店,2024-04-26,6464
3712,永崴投控,15,0,15,大昌-新店,2024-04-26,6464
2362,藍天,18,3,15,大昌-新店,2024-04-26,6464
6546,正基,16,1,15,大昌-新店,2024-04-26,6464
2367,燿華,19,5,14,大昌-新店,2024-04-26,6464
2027,大成鋼,15,2,13,大昌-新店,2024-04-26,6464
6207,雷科,31,18,13,大昌-新店,2024-04-26,6464
00632R,元大台灣50反1,579,100,479,大昌-新店,2024-04-29,6464
2883,凱基金,252,141,111,大昌-新店,2024-04-29,6464
00919,群益台灣精選高息,130,21,109,大昌-新店,2024-04-29,6464
2102,泰豐,106,8,98,大昌-新店,2024-04-29,6464
00664R,國泰臺灣加權反1,80,0,80,大昌-新店,2024-04-29,6464
00753L,中信中國50正2,108,30,78,大昌-新店,2024-04-29,6464
2618,長榮航,223,146,77,大昌-新店,2024-04-29,6464
2610,華航,171,98,73,大昌-新店,2024-04-29,6464
1718,中纖,73,14,59,大昌-新店,2024-04-29,6464
2022,聚亨,70,13,57,大昌-新店,2024-04-29,6464
2363,矽統,99,45,54,大昌-新店,2024-04-29,6464
1304,台聚,50,0,50,大昌-新店,2024-04-29,6464
2009,第一銅,76,30,46,大昌-新店,2024-04-29,6464
2324,仁寶,44,4,40,大昌-新店,2024-04-29,6464
6126,信音,40,0,40,大昌-新店,2024-04-29,6464
2511,太子,67,31,36,大昌-新店,2024-04-29,6464
3312,弘憶股,47,11,36,大昌-新店,2024-04-29,6464
8110,華東,46,11,35,大昌-新店,2024-04-29,6464
3264,欣銓,42,9,33,大昌-新店,2024-04-29,6464
3013,晟銘電,45,12,33,大昌-新店,2024-04-29,6464
9105,泰金寶-DR,31,0,31,大昌-新店,2024-04-29,6464
5464,霖宏,30,0,30,大昌-新店,2024-04-29,6464
2547,日勝生,56,28,28,大昌-新店,2024-04-29,6464
2615,萬海,37,12,25,大昌-新店,2024-04-29,6464
2609,陽明,229,205,24,大昌-新店,2024-04-29,6464
2706,第一店,20,0,20,大昌-新店,2024-04-29,6464
3052,夆典,20,0,20,大昌-新店,2024-04-29,6464
00858,永豐美國500大,20,0,20,大昌-新店,2024-04-29,6464
5533,皇鼎,20,0,20,大昌-新店,2024-04-29,6464
1906,寶隆,20,0,20,大昌-新店,2024-04-29,6464
6109,亞元,22,3,19,大昌-新店,2024-04-29,6464
2371,大同,54,35,19,大昌-新店,2024-04-29,6464
9945,潤泰新,23,5,18,大昌-新店,2024-04-29,6464
2323,中環,43,26,17,大昌-新店,2024-04-29,6464
3706,神達,41,24,17,大昌-新店,2024-04-29,6464
2897,王道銀行,40,24,16,大昌-新店,2024-04-29,6464
2489,瑞軒,21,5,16,大昌-新店,2024-04-29,6464
1440,南紡,62,47,15,大昌-新店,2024-04-29,6464
2449,京元電子,33,18,15,大昌-新店,2024-04-29,6464
3512,皇龍,17,2,15,大昌-新店,2024-04-29,6464
2345,智邦,15,1,14,大昌-新店,2024-04-29,6464
6668,中揚光,15,1,14,大昌-新店,2024-04-29,6464
2301,光寶科,16,3,13,大昌-新店,2024-04-29,6464
2317,鴻海,87,74,13,大昌-新店,2024-04-29,6464
8463,潤泰材,13,0,13,大昌-新店,2024-04-29,6464
2505,國揚,18,5,13,大昌-新店,2024-04-29,6464
2413,環科,12,0,12,大昌-新店,2024-04-29,6464
3712,永崴投控,12,0,12,大昌-新店,2024-04-29,6464
4402,郡都開發,13,1,12,大昌-新店,2024-04-29,6464
3558,神準,12,1,11,大昌-新店,2024-04-29,6464
00680L,元大美債20正2,310,40,270,大昌-新店,2024-04-30,6464
1314,中石化,291,75,216,大昌-新店,2024-04-30,6464
00632R,元大台灣50反1,205,0,205,大昌-新店,2024-04-30,6464
00857B,永豐20年美公債,120,0,120,大昌-新店,2024-04-30,6464
2506,太設,107,13,94,大昌-新店,2024-04-30,6464
5009,榮剛,96,19,77,大昌-新店,2024-04-30,6464
2515,中工,107,40,67,大昌-新店,2024-04-30,6464
00919,群益台灣精選高息,61,1,60,大昌-新店,2024-04-30,6464
2610,華航,68,13,55,大昌-新店,2024-04-30,6464
1718,中纖,52,2,50,大昌-新店,2024-04-30,6464
1457,宜進,68,26,42,大昌-新店,2024-04-30,6464
1304,台聚,42,1,41,大昌-新店,2024-04-30,6464
2363,矽統,96,57,39,大昌-新店,2024-04-30,6464
2317,鴻海,79,42,37,大昌-新店,2024-04-30,6464
00937B,群益ESG投等債20,33,0,33,大昌-新店,2024-04-30,6464
1815,富喬,54,23,31,大昌-新店,2024-04-30,6464
2102,泰豐,30,0,30,大昌-新店,2024-04-30,6464
00739,元大MSCI A股,30,0,30,大昌-新店,2024-04-30,6464
1605,華新,30,2,28,大昌-新店,2024-04-30,6464
6264,富裔,27,1,26,大昌-新店,2024-04-30,6464
1529,樂事綠能,25,0,25,大昌-新店,2024-04-30,6464
00665L,富邦�琤肭磪囓�2,25,0,25,大昌-新店,2024-04-30,6464
2356,英業達,32,8,24,大昌-新店,2024-04-30,6464
00688L,國泰20年美債正2,23,0,23,大昌-新店,2024-04-30,6464
2609,陽明,67,45,22,大昌-新店,2024-04-30,6464
2891,中信金,33,11,22,大昌-新店,2024-04-30,6464
1513,中興電,32,10,22,大昌-新店,2024-04-30,6464
3062,建漢,22,1,21,大昌-新店,2024-04-30,6464
2367,燿華,32,11,21,大昌-新店,2024-04-30,6464
8096,擎亞,64,43,21,大昌-新店,2024-04-30,6464
1609,大亞,33,12,21,大昌-新店,2024-04-30,6464
2511,太子,37,16,21,大昌-新店,2024-04-30,6464
1312,國喬,21,0,21,大昌-新店,2024-04-30,6464
6190,萬泰科,26,6,20,大昌-新店,2024-04-30,6464
2476,鉅祥,20,0,20,大昌-新店,2024-04-30,6464
1504,東元,23,3,20,大昌-新店,2024-04-30,6464
2816,旺旺保,20,0,20,大昌-新店,2024-04-30,6464
2611,志信,29,10,19,大昌-新店,2024-04-30,6464
2316,楠梓電,20,1,19,大昌-新店,2024-04-30,6464
2801,彰銀,19,0,19,大昌-新店,2024-04-30,6464
2501,國建,68,49,19,大昌-新店,2024-04-30,6464
1522,堤維西,28,10,18,大昌-新店,2024-04-30,6464
4533,協易機,18,0,18,大昌-新店,2024-04-30,6464
5324,士開,18,0,18,大昌-新店,2024-04-30,6464
8028,昇陽半導體,20,3,17,大昌-新店,2024-04-30,6464
00940,元大台灣價值高息,64,47,17,大昌-新店,2024-04-30,6464
9945,潤泰新,30,14,16,大昌-新店,2024-04-30,6464
2392,正崴,25,9,16,大昌-新店,2024-04-30,6464
1805,寶徠,16,0,16,大昌-新店,2024-04-30,6464
8147,正淩,15,0,15,大昌-新店,2024-04-30,6464
00878,國泰永續高股息,303,12,291,大昌-新店,2024-05-02,6464
2883,凱基金,287,58,229,大昌-新店,2024-05-02,6464
3481,群創,196,37,159,大昌-新店,2024-05-02,6464
2852,第一保,128,4,124,大昌-新店,2024-05-02,6464
2409,友達,174,52,122,大昌-新店,2024-05-02,6464
2888,新光金,124,14,110,大昌-新店,2024-05-02,6464
2603,長榮,110,10,100,大昌-新店,2024-05-02,6464
00940,元大台灣價值高息,98,0,98,大昌-新店,2024-05-02,6464
5009,榮剛,144,51,93,大昌-新店,2024-05-02,6464
00937B,群益ESG投等債20,82,0,82,大昌-新店,2024-05-02,6464
2363,矽統,182,121,61,大昌-新店,2024-05-02,6464
1504,東元,78,19,59,大昌-新店,2024-05-02,6464
2371,大同,135,86,49,大昌-新店,2024-05-02,6464
2610,華航,195,152,43,大昌-新店,2024-05-02,6464
00679B,元大美債20年,42,0,42,大昌-新店,2024-05-02,6464
00687B,國泰20年美債,42,4,38,大昌-新店,2024-05-02,6464
2609,陽明,85,51,34,大昌-新店,2024-05-02,6464
2605,新興,35,3,32,大昌-新店,2024-05-02,6464
1609,大亞,48,17,31,大昌-新店,2024-05-02,6464
2515,中工,127,97,30,大昌-新店,2024-05-02,6464
2330,台積電,35,7,28,大昌-新店,2024-05-02,6464
2501,國建,109,83,26,大昌-新店,2024-05-02,6464
2915,潤泰全,56,32,24,大昌-新店,2024-05-02,6464
5383,金利,23,0,23,大昌-新店,2024-05-02,6464
2324,仁寶,23,0,23,大昌-新店,2024-05-02,6464
6213,聯茂,23,2,21,大昌-新店,2024-05-02,6464
3060,銘異,24,3,21,大昌-新店,2024-05-02,6464
2392,正崴,20,0,20,大昌-新店,2024-05-02,6464
2516,新建,20,0,20,大昌-新店,2024-05-02,6464
2303,聯電,48,28,20,大昌-新店,2024-05-02,6464
8105,凌巨,18,0,18,大昌-新店,2024-05-02,6464
8046,南電,19,1,18,大昌-新店,2024-05-02,6464
6140,訊達,19,2,17,大昌-新店,2024-05-02,6464
6264,富裔,19,2,17,大昌-新店,2024-05-02,6464
0050,元大台灣50,20,4,16,大昌-新店,2024-05-02,6464
00932,兆豐永續高息等權,16,0,16,大昌-新店,2024-05-02,6464
00715L,期街口布蘭特正2,16,0,16,大昌-新店,2024-05-02,6464
8033,雷虎,17,1,16,大昌-新店,2024-05-02,6464
00753L,中信中國50正2,73,58,15,大昌-新店,2024-05-02,6464
5522,遠雄,24,9,15,大昌-新店,2024-05-02,6464
2882,國泰金,26,12,14,大昌-新店,2024-05-02,6464
1605,華新,20,6,14,大昌-新店,2024-05-02,6464
1101,台泥,33,19,14,大昌-新店,2024-05-02,6464
3264,欣銓,14,0,14,大昌-新店,2024-05-02,6464
2353,宏��,20,6,14,大昌-新店,2024-05-02,6464
2615,萬海,28,14,14,大昌-新店,2024-05-02,6464
3306,鼎天,16,3,13,大昌-新店,2024-05-02,6464
2101,南港,21,8,13,大昌-新店,2024-05-02,6464
5534,長虹,14,1,13,大昌-新店,2024-05-02,6464
3711,日月光投控,17,5,12,大昌-新店,2024-05-02,6464
00937B,群益ESG投等債20,337,0,337,大昌-新店,2024-05-03,6464
2880,華南金,304,11,293,大昌-新店,2024-05-03,6464
3481,群創,311,65,246,大昌-新店,2024-05-03,6464
3338,泰碩,179,2,177,大昌-新店,2024-05-03,6464
00929,復華台灣科技優息,204,64,140,大昌-新店,2024-05-03,6464
00878,國泰永續高股息,140,5,135,大昌-新店,2024-05-03,6464
4157,太景*-KY,132,0,132,大昌-新店,2024-05-03,6464
00632R,元大台灣50反1,123,8,115,大昌-新店,2024-05-03,6464
2301,光寶科,138,32,106,大昌-新店,2024-05-03,6464
1314,中石化,177,80,97,大昌-新店,2024-05-03,6464
8070,長華*,80,1,79,大昌-新店,2024-05-03,6464
00940,元大台灣價值高息,77,5,72,大昌-新店,2024-05-03,6464
1446,宏和,71,4,67,大昌-新店,2024-05-03,6464
5464,霖宏,58,0,58,大昌-新店,2024-05-03,6464
5512,力麒,77,24,53,大昌-新店,2024-05-03,6464
6770,力積電,159,106,53,大昌-新店,2024-05-03,6464
00690,兆豐藍籌30,50,0,50,大昌-新店,2024-05-03,6464
2897,王道銀行,50,0,50,大昌-新店,2024-05-03,6464
3380,明泰,51,2,49,大昌-新店,2024-05-03,6464
2834,臺企銀,62,14,48,大昌-新店,2024-05-03,6464
5531,鄉林,242,195,47,大昌-新店,2024-05-03,6464
2812,台中銀,50,4,46,大昌-新店,2024-05-03,6464
00919,群益台灣精選高息,56,17,39,大昌-新店,2024-05-03,6464
3706,神達,115,77,38,大昌-新店,2024-05-03,6464
00939,統一台灣高息動能,38,1,37,大昌-新店,2024-05-03,6464
2014,中鴻,42,7,35,大昌-新店,2024-05-03,6464
6235,華孚,36,5,31,大昌-新店,2024-05-03,6464
00936,台新永續高息中小,32,1,31,大昌-新店,2024-05-03,6464
00700,富邦�琤肭磪�,33,2,31,大昌-新店,2024-05-03,6464
00945B,凱基美國非投等債,30,0,30,大昌-新店,2024-05-03,6464
3231,緯創,58,28,30,大昌-新店,2024-05-03,6464
2890,永豐金,29,0,29,大昌-新店,2024-05-03,6464
2506,太設,54,27,27,大昌-新店,2024-05-03,6464
00932,兆豐永續高息等權,26,0,26,大昌-新店,2024-05-03,6464
1440,南紡,35,9,26,大昌-新店,2024-05-03,6464
2538,基泰,30,5,25,大昌-新店,2024-05-03,6464
00637L,元大滬深300正2,46,21,25,大昌-新店,2024-05-03,6464
00753L,中信中國50正2,51,27,24,大昌-新店,2024-05-03,6464
2882,國泰金,52,29,23,大昌-新店,2024-05-03,6464
2371,大同,154,132,22,大昌-新店,2024-05-03,6464
2025,千興,23,0,23,大昌-新店,2024-05-03,6464
3535,晶彩科,22,0,22,大昌-新店,2024-05-03,6464
1442,名軒,24,3,21,大昌-新店,2024-05-03,6464
00650L,復華香港正2,34,13,21,大昌-新店,2024-05-03,6464
2537,聯上發,26,5,21,大昌-新店,2024-05-03,6464
1611,中電,21,0,21,大昌-新店,2024-05-03,6464
5324,士開,23,2,21,大昌-新店,2024-05-03,6464
6120,達運,28,8,20,大昌-新店,2024-05-03,6464
6024,群益期,20,0,20,大昌-新店,2024-05-03,6464
2023,燁輝,20,0,20,大昌-新店,2024-05-03,6464
00632R,元大台灣50反1,226,6,220,大昌-新店,2024-05-06,6464
2887,台新金,235,29,206,大昌-新店,2024-05-06,6464
00642U,期元大S＆P石油,124,0,124,大昌-新店,2024-05-06,6464
1314,中石化,145,28,117,大昌-新店,2024-05-06,6464
1446,宏和,69,0,69,大昌-新店,2024-05-06,6464
00929,復華台灣科技優息,70,2,68,大昌-新店,2024-05-06,6464
1316,上曜,96,39,57,大昌-新店,2024-05-06,6464
2610,華航,70,13,57,大昌-新店,2024-05-06,6464
2449,京元電子,68,13,55,大昌-新店,2024-05-06,6464
00665L,富邦�琤肭磪囓�2,80,26,54,大昌-新店,2024-05-06,6464
2547,日勝生,74,24,50,大昌-新店,2024-05-06,6464
2409,友達,56,7,49,大昌-新店,2024-05-06,6464
5531,鄉林,85,37,48,大昌-新店,2024-05-06,6464
2324,仁寶,50,5,45,大昌-新店,2024-05-06,6464
00937B,群益ESG投等債20,51,8,43,大昌-新店,2024-05-06,6464
4303,信立,70,34,36,大昌-新店,2024-05-06,6464
9934,成霖,30,0,30,大昌-新店,2024-05-06,6464
2915,潤泰全,34,5,29,大昌-新店,2024-05-06,6464
1618,合機,41,13,28,大昌-新店,2024-05-06,6464
2520,冠德,55,28,27,大昌-新店,2024-05-06,6464
2543,皇昌,40,13,27,大昌-新店,2024-05-06,6464
4306,炎洲,35,9,26,大昌-新店,2024-05-06,6464
00664R,國泰臺灣加權反1,50,25,25,大昌-新店,2024-05-06,6464
5512,力麒,32,7,25,大昌-新店,2024-05-06,6464
4157,太景*-KY,25,0,25,大昌-新店,2024-05-06,6464
6451,訊芯-KY,29,4,25,大昌-新店,2024-05-06,6464
3234,光環,22,0,22,大昌-新店,2024-05-06,6464
1309,台達化,22,1,21,大昌-新店,2024-05-06,6464
2501,國建,51,31,20,大昌-新店,2024-05-06,6464
6834,天二科技,20,0,20,大昌-新店,2024-05-06,6464
3646,艾恩特,20,0,20,大昌-新店,2024-05-06,6464
1605,華新,30,11,19,大昌-新店,2024-05-06,6464
4164,承業醫,20,1,19,大昌-新店,2024-05-06,6464
2605,新興,20,2,18,大昌-新店,2024-05-06,6464
1609,大亞,35,17,18,大昌-新店,2024-05-06,6464
00637L,元大滬深300正2,24,7,17,大昌-新店,2024-05-06,6464
9946,三發地產,19,4,15,大昌-新店,2024-05-06,6464
00680L,元大美債20正2,15,0,15,大昌-新店,2024-05-06,6464
4714,永捷,28,14,14,大昌-新店,2024-05-06,6464
2511,太子,16,2,14,大昌-新店,2024-05-06,6464
00857B,永豐20年美公債,14,0,14,大昌-新店,2024-05-06,6464
3312,弘憶股,129,115,14,大昌-新店,2024-05-06,6464
2611,志信,16,3,13,大昌-新店,2024-05-06,6464
2609,陽明,39,26,13,大昌-新店,2024-05-06,6464
8121,越峰,20,7,13,大昌-新店,2024-05-06,6464
3715,定穎投控,17,5,12,大昌-新店,2024-05-06,6464
9933,中鼎,16,4,12,大昌-新店,2024-05-06,6464
2812,台中銀,17,5,12,大昌-新店,2024-05-06,6464
2017,官田鋼,20,8,12,大昌-新店,2024-05-06,6464
1714,和桐,12,0,12,大昌-新店,2024-05-06,6464
2887,台新金,455,11,444,大昌-新店,2024-05-07,6464
2883,凱基金,363,20,343,大昌-新店,2024-05-07,6464
00878,國泰永續高股息,206,15,191,大昌-新店,2024-05-07,6464
6016,康和證,100,2,98,大昌-新店,2024-05-07,6464
1609,大亞,161,67,94,大昌-新店,2024-05-07,6464
00915,凱基優選高股息30,94,5,89,大昌-新店,2024-05-07,6464
2618,長榮航,193,111,82,大昌-新店,2024-05-07,6464
4157,太景*-KY,80,0,80,大昌-新店,2024-05-07,6464
2353,宏��,96,21,75,大昌-新店,2024-05-07,6464
2337,旺宏,74,9,65,大昌-新店,2024-05-07,6464
8070,長華*,64,0,64,大昌-新店,2024-05-07,6464
2888,新光金,66,6,60,大昌-新店,2024-05-07,6464
00937B,群益ESG投等債20,102,48,54,大昌-新店,2024-05-07,6464
2891,中信金,67,16,51,大昌-新店,2024-05-07,6464
1305,華夏,42,0,42,大昌-新店,2024-05-07,6464
2344,華邦電,59,17,42,大昌-新店,2024-05-07,6464
5864,致和證,40,0,40,大昌-新店,2024-05-07,6464
1446,宏和,47,8,39,大昌-新店,2024-05-07,6464
3615,安可,38,0,38,大昌-新店,2024-05-07,6464
2515,中工,109,71,38,大昌-新店,2024-05-07,6464
5531,鄉林,57,20,37,大昌-新店,2024-05-07,6464
3013,晟銘電,64,30,34,大昌-新店,2024-05-07,6464
2363,矽統,100,66,34,大昌-新店,2024-05-07,6464
2317,鴻海,123,91,32,大昌-新店,2024-05-07,6464
00932,兆豐永續高息等權,31,0,31,大昌-新店,2024-05-07,6464
1616,億泰,36,6,30,大昌-新店,2024-05-07,6464
3033,威健,53,23,30,大昌-新店,2024-05-07,6464
912000,晨訊科-DR,30,0,30,大昌-新店,2024-05-07,6464
5512,力麒,41,12,29,大昌-新店,2024-05-07,6464
2892,第一金,29,1,28,大昌-新店,2024-05-07,6464
1304,台聚,27,0,27,大昌-新店,2024-05-07,6464
3481,群創,29,3,26,大昌-新店,2024-05-07,6464
2536,宏普,27,1,26,大昌-新店,2024-05-07,6464
2486,一詮,103,78,25,大昌-新店,2024-05-07,6464
2002,中鋼,26,2,24,大昌-新店,2024-05-07,6464
1101,台泥,54,31,23,大昌-新店,2024-05-07,6464
3231,緯創,35,13,22,大昌-新店,2024-05-07,6464
2031,新光鋼,24,2,22,大昌-新店,2024-05-07,6464
8096,擎亞,55,33,22,大昌-新店,2024-05-07,6464
5251,天鉞電,27,5,22,大昌-新店,2024-05-07,6464
5880,合庫金,21,0,21,大昌-新店,2024-05-07,6464
3512,皇龍,25,4,21,大昌-新店,2024-05-07,6464
6282,康舒,28,8,20,大昌-新店,2024-05-07,6464
1808,潤隆,20,0,20,大昌-新店,2024-05-07,6464
2109,華豐,20,0,20,大昌-新店,2024-05-07,6464
00731,復華富時高息低波,20,0,20,大昌-新店,2024-05-07,6464
2102,泰豐,29,9,20,大昌-新店,2024-05-07,6464
3276,宇環,20,0,20,大昌-新店,2024-05-07,6464
2834,臺企銀,27,8,19,大昌-新店,2024-05-07,6464
4714,永捷,21,2,19,大昌-新店,2024-05-07,6464
2884,玉山金,257,2,255,大昌-新店,2024-05-08,6464
00687B,國泰20年美債,227,3,224,大昌-新店,2024-05-08,6464
2888,新光金,284,127,157,大昌-新店,2024-05-08,6464
00642U,期元大S＆P石油,133,0,133,大昌-新店,2024-05-08,6464
1314,中石化,105,33,72,大昌-新店,2024-05-08,6464
2371,大同,401,334,67,大昌-新店,2024-05-08,6464
5512,力麒,75,11,64,大昌-新店,2024-05-08,6464
5871,中租-KY,60,2,58,大昌-新店,2024-05-08,6464
2603,長榮,65,9,56,大昌-新店,2024-05-08,6464
00720B,元大投資級公司債,50,0,50,大昌-新店,2024-05-08,6464
00932,兆豐永續高息等權,50,0,50,大昌-新店,2024-05-08,6464
3013,晟銘電,65,16,49,大昌-新店,2024-05-08,6464
1524,耿鼎,50,4,46,大昌-新店,2024-05-08,6464
00937B,群益ESG投等債20,78,38,40,大昌-新店,2024-05-08,6464
2002,中鋼,55,21,34,大昌-新店,2024-05-08,6464
2547,日勝生,40,8,32,大昌-新店,2024-05-08,6464
1608,華榮,64,33,31,大昌-新店,2024-05-08,6464
2303,聯電,49,19,30,大昌-新店,2024-05-08,6464
4303,信立,36,6,30,大昌-新店,2024-05-08,6464
2101,南港,40,12,28,大昌-新店,2024-05-08,6464
2536,宏普,29,2,27,大昌-新店,2024-05-08,6464
5324,士開,30,3,27,大昌-新店,2024-05-08,6464
00664R,國泰臺灣加權反1,26,0,26,大昌-新店,2024-05-08,6464
2374,佳能,54,28,26,大昌-新店,2024-05-08,6464
3036,文曄,25,0,25,大昌-新店,2024-05-08,6464
3450,聯鈞,27,2,25,大昌-新店,2024-05-08,6464
1504,東元,34,11,23,大昌-新店,2024-05-08,6464
2312,金寶,76,53,23,大昌-新店,2024-05-08,6464
2540,愛山林,28,6,22,大昌-新店,2024-05-08,6464
00637L,元大滬深300正2,23,1,22,大昌-新店,2024-05-08,6464
2409,友達,25,4,21,大昌-新店,2024-05-08,6464
2515,中工,46,25,21,大昌-新店,2024-05-08,6464
9105,泰金寶-DR,20,0,20,大昌-新店,2024-05-08,6464
8110,華東,23,3,20,大昌-新店,2024-05-08,6464
1308,亞聚,24,5,19,大昌-新店,2024-05-08,6464
00929,復華台灣科技優息,72,53,19,大昌-新店,2024-05-08,6464
2338,光罩,20,2,18,大昌-新店,2024-05-08,6464
3056,富華新,20,2,18,大昌-新店,2024-05-08,6464
2889,國票金,30,12,18,大昌-新店,2024-05-08,6464
3372,典範,19,2,17,大昌-新店,2024-05-08,6464
6266,泰詠,16,0,16,大昌-新店,2024-05-08,6464
2611,志信,39,23,16,大昌-新店,2024-05-08,6464
2504,國產,32,17,15,大昌-新店,2024-05-08,6464
2317,鴻海,51,36,15,大昌-新店,2024-05-08,6464
3034,聯詠,21,6,15,大昌-新店,2024-05-08,6464
3481,群創,35,19,16,大昌-新店,2024-05-08,6464
2408,南亞科,15,0,15,大昌-新店,2024-05-08,6464
2605,新興,55,40,15,大昌-新店,2024-05-08,6464
2887,台新金,16,2,14,大昌-新店,2024-05-08,6464
1101,台泥,32,19,13,大昌-新店,2024-05-08,6464
00915,凱基優選高股息30,234,2,232,大昌-新店,2024-05-09,6464
00632R,元大台灣50反1,257,40,217,大昌-新店,2024-05-09,6464
2618,長榮航,225,84,141,大昌-新店,2024-05-09,6464
00946,群益科技高息成長,137,5,132,大昌-新店,2024-05-09,6464
00929,復華台灣科技優息,165,46,119,大昌-新店,2024-05-09,6464
00940,元大台灣價值高息,131,24,107,大昌-新店,2024-05-09,6464
2501,國建,106,4,102,大昌-新店,2024-05-09,6464
00937B,群益ESG投等債20,255,160,95,大昌-新店,2024-05-09,6464
00878,國泰永續高股息,99,23,76,大昌-新店,2024-05-09,6464
2409,友達,85,13,72,大昌-新店,2024-05-09,6464
1314,中石化,98,27,71,大昌-新店,2024-05-09,6464
3231,緯創,87,19,68,大昌-新店,2024-05-09,6464
2408,南亞科,61,0,61,大昌-新店,2024-05-09,6464
00690,兆豐藍籌30,60,0,60,大昌-新店,2024-05-09,6464
2884,玉山金,68,9,59,大昌-新店,2024-05-09,6464
3036,文曄,61,5,56,大昌-新店,2024-05-09,6464
8112,至上,57,3,54,大昌-新店,2024-05-09,6464
6143,振曜,47,1,46,大昌-新店,2024-05-09,6464
2371,大同,186,140,46,大昌-新店,2024-05-09,6464
9946,三發地產,45,0,45,大昌-新店,2024-05-09,6464
2367,燿華,117,74,43,大昌-新店,2024-05-09,6464
2101,南港,44,2,42,大昌-新店,2024-05-09,6464
1717,長興,40,0,40,大昌-新店,2024-05-09,6464
1721,三晃,50,15,35,大昌-新店,2024-05-09,6464
2354,鴻準,60,25,35,大昌-新店,2024-05-09,6464
2889,國票金,37,3,34,大昌-新店,2024-05-09,6464
2329,華泰,44,11,33,大昌-新店,2024-05-09,6464
2363,矽統,56,24,32,大昌-新店,2024-05-09,6464
00688L,國泰20年美債正2,50,20,30,大昌-新店,2024-05-09,6464
5871,中租-KY,34,4,30,大昌-新店,2024-05-09,6464
2883,凱基金,35,6,29,大昌-新店,2024-05-09,6464
2377,微星,30,2,28,大昌-新店,2024-05-09,6464
1532,勤美,30,2,28,大昌-新店,2024-05-09,6464
2890,永豐金,28,1,27,大昌-新店,2024-05-09,6464
2536,宏普,25,0,25,大昌-新店,2024-05-09,6464
2547,日勝生,24,0,24,大昌-新店,2024-05-09,6464
1101,台泥,49,26,23,大昌-新店,2024-05-09,6464
2634,漢翔,36,14,22,大昌-新店,2024-05-09,6464
6188,廣明,33,11,22,大昌-新店,2024-05-09,6464
3312,弘憶股,61,39,22,大昌-新店,2024-05-09,6464
00944,野村趨勢動能高息,24,2,22,大昌-新店,2024-05-09,6464
00679B,元大美債20年,36,15,21,大昌-新店,2024-05-09,6464
6282,康舒,22,1,21,大昌-新店,2024-05-09,6464
6185,幃翔,21,0,21,大昌-新店,2024-05-09,6464
3372,典範,20,0,20,大昌-新店,2024-05-09,6464
00933B,國泰10Y+金融債,30,10,20,大昌-新店,2024-05-09,6464
00720B,元大投資級公司債,21,2,19,大昌-新店,2024-05-09,6464
5608,四維航,28,9,19,大昌-新店,2024-05-09,6464
2344,華邦電,24,5,19,大昌-新店,2024-05-09,6464
2506,太設,22,3,19,大昌-新店,2024-05-09,6464
00929,復華台灣科技優息,406,30,376,大昌-新店,2024-05-10,6464
00882,中信中國高股息,233,98,135,大昌-新店,2024-05-10,6464
2409,友達,134,14,120,大昌-新店,2024-05-10,6464
2801,彰銀,107,6,101,大昌-新店,2024-05-10,6464
00651R,復華香港反1,80,0,80,大昌-新店,2024-05-10,6464
00878,國泰永續高股息,175,98,77,大昌-新店,2024-05-10,6464
2313,華通,84,28,56,大昌-新店,2024-05-10,6464
00946,群益科技高息成長,54,0,54,大昌-新店,2024-05-10,6464
2363,矽統,63,11,52,大昌-新店,2024-05-10,6464
0056,元大高股息,61,11,50,大昌-新店,2024-05-10,6464
2489,瑞軒,54,5,49,大昌-新店,2024-05-10,6464
2501,國建,51,8,43,大昌-新店,2024-05-10,6464
00640L,富邦日本正2,40,0,40,大昌-新店,2024-05-10,6464
3303,岱稜,58,20,38,大昌-新店,2024-05-10,6464
2884,玉山金,61,23,38,大昌-新店,2024-05-10,6464
1316,上曜,39,5,34,大昌-新店,2024-05-10,6464
8112,至上,91,57,34,大昌-新店,2024-05-10,6464
8021,尖點,32,0,32,大昌-新店,2024-05-10,6464
3231,緯創,75,43,32,大昌-新店,2024-05-10,6464
6005,群益證,34,3,31,大昌-新店,2024-05-10,6464
2323,中環,32,1,31,大昌-新店,2024-05-10,6464
2408,南亞科,35,5,30,大昌-新店,2024-05-10,6464
2382,廣達,54,26,28,大昌-新店,2024-05-10,6464
5512,力麒,35,7,28,大昌-新店,2024-05-10,6464
8438,昶昕,29,3,26,大昌-新店,2024-05-10,6464
00706L,期元大S＆P日圓正2,20,0,20,大昌-新店,2024-05-10,6464
8039,台虹,20,1,19,大昌-新店,2024-05-10,6464
2329,華泰,25,7,18,大昌-新店,2024-05-10,6464
6443,元晶,37,19,18,大昌-新店,2024-05-10,6464
00932,兆豐永續高息等權,18,0,18,大昌-新店,2024-05-10,6464
3013,晟銘電,54,37,17,大昌-新店,2024-05-10,6464
2611,志信,22,5,17,大昌-新店,2024-05-10,6464
2002,中鋼,17,1,16,大昌-新店,2024-05-10,6464
1309,台達化,18,2,16,大昌-新店,2024-05-10,6464
5864,致和證,16,0,16,大昌-新店,2024-05-10,6464
6770,力積電,22,7,15,大昌-新店,2024-05-10,6464
00944,野村趨勢動能高息,15,0,15,大昌-新店,2024-05-10,6464
00939,統一台灣高息動能,18,3,15,大昌-新店,2024-05-10,6464
00632R,元大台灣50反1,193,180,13,大昌-新店,2024-05-10,6464
3483,力致,15,2,13,大昌-新店,2024-05-10,6464
2887,台新金,34,21,13,大昌-新店,2024-05-10,6464
2465,麗臺,12,0,12,大昌-新店,2024-05-10,6464
1319,東陽,12,0,12,大昌-新店,2024-05-10,6464
3033,威健,13,1,12,大昌-新店,2024-05-10,6464
00936,台新永續高息中小,13,1,12,大昌-新店,2024-05-10,6464
4909,新復興,16,4,12,大昌-新店,2024-05-10,6464
3583,辛耘,17,6,11,大昌-新店,2024-05-10,6464
3363,上詮,16,5,11,大昌-新店,2024-05-10,6464
2511,太子,15,4,11,大昌-新店,2024-05-10,6464
3703,欣陸,13,2,11,大昌-新店,2024-05-10,6464
2883,凱基金,783,115,668,大昌-新店,2024-05-13,6464
00929,復華台灣科技優息,498,121,377,大昌-新店,2024-05-13,6464
3231,緯創,202,40,162,大昌-新店,2024-05-13,6464
2618,長榮航,234,81,153,大昌-新店,2024-05-13,6464
2801,彰銀,112,11,101,大昌-新店,2024-05-13,6464
2317,鴻海,137,46,91,大昌-新店,2024-05-13,6464
00937B,群益ESG投等債20,84,14,70,大昌-新店,2024-05-13,6464
00878,國泰永續高股息,112,50,62,大昌-新店,2024-05-13,6464
2606,裕民,99,46,53,大昌-新店,2024-05-13,6464
4967,十銓,64,13,51,大昌-新店,2024-05-13,6464
2367,燿華,162,114,48,大昌-新店,2024-05-13,6464
2607,榮運,54,9,45,大昌-新店,2024-05-13,6464
00642U,期元大S＆P石油,40,0,40,大昌-新店,2024-05-13,6464
2324,仁寶,42,4,38,大昌-新店,2024-05-13,6464
1312,國喬,42,9,33,大昌-新店,2024-05-13,6464
4157,太景*-KY,32,0,32,大昌-新店,2024-05-13,6464
00919,群益台灣精選高息,62,30,32,大昌-新店,2024-05-13,6464
2329,華泰,37,6,31,大昌-新店,2024-05-13,6464
00632R,元大台灣50反1,131,100,31,大昌-新店,2024-05-13,6464
2884,玉山金,34,3,31,大昌-新店,2024-05-13,6464
00918,大華優利高填息30,35,5,30,大昌-新店,2024-05-13,6464
3013,晟銘電,38,8,30,大昌-新店,2024-05-13,6464
2371,大同,151,121,30,大昌-新店,2024-05-13,6464
6470,宇智,30,0,30,大昌-新店,2024-05-13,6464
2605,新興,70,41,29,大昌-新店,2024-05-13,6464
1316,上曜,36,8,28,大昌-新店,2024-05-13,6464
2534,宏盛,27,0,27,大昌-新店,2024-05-13,6464
00940,元大台灣價值高息,31,4,27,大昌-新店,2024-05-13,6464
2323,中環,28,1,27,大昌-新店,2024-05-13,6464
2109,華豐,26,0,26,大昌-新店,2024-05-13,6464
00715L,期街口布蘭特正2,26,0,26,大昌-新店,2024-05-13,6464
2891,中信金,43,18,25,大昌-新店,2024-05-13,6464
2388,威盛,33,9,24,大昌-新店,2024-05-13,6464
8021,尖點,25,1,24,大昌-新店,2024-05-13,6464
2609,陽明,232,210,22,大昌-新店,2024-05-13,6464
5521,工信,30,9,21,大昌-新店,2024-05-13,6464
2501,國建,22,2,20,大昌-新店,2024-05-13,6464
00651R,復華香港反1,20,0,20,大昌-新店,2024-05-13,6464
4702,中美實,20,0,20,大昌-新店,2024-05-13,6464
2363,矽統,68,48,20,大昌-新店,2024-05-13,6464
2107,厚生,20,0,20,大昌-新店,2024-05-13,6464
3665,貿聯-KY,20,0,20,大昌-新店,2024-05-13,6464
2641,正德,35,16,19,大昌-新店,2024-05-13,6464
3312,弘憶股,20,1,19,大昌-新店,2024-05-13,6464
00637L,元大滬深300正2,33,17,16,大昌-新店,2024-05-13,6464
8064,東捷,16,1,15,大昌-新店,2024-05-13,6464
6863,永道-KY,15,1,14,大昌-新店,2024-05-13,6464
2615,萬海,287,274,13,大昌-新店,2024-05-13,6464
00887,永豐中國科技50大,13,0,13,大昌-新店,2024-05-13,6464
2421,建準,13,0,13,大昌-新店,2024-05-13,6464
2883,凱基金,703,363,340,大昌-新店,2024-05-14,6464
00753L,中信中國50正2,182,1,181,大昌-新店,2024-05-14,6464
00632R,元大台灣50反1,212,46,166,大昌-新店,2024-05-14,6464
2834,臺企銀,116,0,116,大昌-新店,2024-05-14,6464
00679B,元大美債20年,134,26,108,大昌-新店,2024-05-14,6464
2337,旺宏,101,8,93,大昌-新店,2024-05-14,6464
00878,國泰永續高股息,157,73,84,大昌-新店,2024-05-14,6464
2915,潤泰全,101,20,81,大昌-新店,2024-05-14,6464
2353,宏��,351,275,76,大昌-新店,2024-05-14,6464
2405,輔信,96,23,73,大昌-新店,2024-05-14,6464
2317,鴻海,133,62,71,大昌-新店,2024-05-14,6464
00937B,群益ESG投等債20,81,10,71,大昌-新店,2024-05-14,6464
8021,尖點,64,0,64,大昌-新店,2024-05-14,6464
5521,工信,81,17,64,大昌-新店,2024-05-14,6464
2618,長榮航,108,46,62,大昌-新店,2024-05-14,6464
2889,國票金,60,3,57,大昌-新店,2024-05-14,6464
2014,中鴻,51,3,48,大昌-新店,2024-05-14,6464
2615,萬海,289,243,46,大昌-新店,2024-05-14,6464
1101,台泥,62,19,43,大昌-新店,2024-05-14,6464
3372,典範,44,1,43,大昌-新店,2024-05-14,6464
00946,群益科技高息成長,42,0,42,大昌-新店,2024-05-14,6464
2102,泰豐,40,0,40,大昌-新店,2024-05-14,6464
912000,晨訊科-DR,40,0,40,大昌-新店,2024-05-14,6464
2607,榮運,42,2,40,大昌-新店,2024-05-14,6464
9945,潤泰新,57,20,37,大昌-新店,2024-05-14,6464
2887,台新金,34,0,34,大昌-新店,2024-05-14,6464
2323,中環,34,1,33,大昌-新店,2024-05-14,6464
00665L,富邦�琤肭磪囓�2,31,0,31,大昌-新店,2024-05-14,6464
2882,國泰金,60,29,31,大昌-新店,2024-05-14,6464
00936,台新永續高息中小,31,0,31,大昌-新店,2024-05-14,6464
2637,慧洋-KY,39,8,31,大昌-新店,2024-05-14,6464
00942B,台新美A公司債20+,30,0,30,大昌-新店,2024-05-14,6464
00651R,復華香港反1,29,0,29,大昌-新店,2024-05-14,6464
3260,威剛,33,7,26,大昌-新店,2024-05-14,6464
2371,大同,113,87,26,大昌-新店,2024-05-14,6464
5871,中租-KY,29,3,26,大昌-新店,2024-05-14,6464
2250,IKKA-KY,25,0,25,大昌-新店,2024-05-14,6464
1304,台聚,25,0,25,大昌-新店,2024-05-14,6464
2362,藍天,54,29,25,大昌-新店,2024-05-14,6464
2444,兆勁,22,0,22,大昌-新店,2024-05-14,6464
3356,奇偶,24,2,22,大昌-新店,2024-05-14,6464
2884,玉山金,35,14,21,大昌-新店,2024-05-14,6464
6770,力積電,42,22,20,大昌-新店,2024-05-14,6464
1815,富喬,41,21,20,大昌-新店,2024-05-14,6464
6548,長科*,20,0,20,大昌-新店,2024-05-14,6464
3231,緯創,39,19,20,大昌-新店,2024-05-14,6464
3047,訊舟,42,23,19,大昌-新店,2024-05-14,6464
00637L,元大滬深300正2,26,7,19,大昌-新店,2024-05-14,6464
3363,上詮,38,19,19,大昌-新店,2024-05-14,6464
2888,新光金,18,0,18,大昌-新店,2024-05-14,6464
00632R,元大台灣50反1,828,353,475,大昌-新店,2024-05-15,6464
2356,英業達,312,48,264,大昌-新店,2024-05-15,6464
2610,華航,265,26,239,大昌-新店,2024-05-15,6464
00937B,群益ESG投等債20,142,0,142,大昌-新店,2024-05-15,6464
00919,群益台灣精選高息,159,49,110,大昌-新店,2024-05-15,6464
2337,旺宏,110,2,108,大昌-新店,2024-05-15,6464
2801,彰銀,100,0,100,大昌-新店,2024-05-15,6464
2618,長榮航,88,27,61,大昌-新店,2024-05-15,6464
2515,中工,79,18,61,大昌-新店,2024-05-15,6464
5469,瀚宇博,66,13,53,大昌-新店,2024-05-15,6464
1524,耿鼎,119,69,50,大昌-新店,2024-05-15,6464
1717,長興,40,1,39,大昌-新店,2024-05-15,6464
2371,大同,109,70,39,大昌-新店,2024-05-15,6464
2353,宏��,177,140,37,大昌-新店,2024-05-15,6464
2603,長榮,93,58,35,大昌-新店,2024-05-15,6464
6153,嘉聯益,36,2,34,大昌-新店,2024-05-15,6464
3034,聯詠,34,2,32,大昌-新店,2024-05-15,6464
00933B,國泰10Y+金融債,32,0,32,大昌-新店,2024-05-15,6464
3047,訊舟,79,47,32,大昌-新店,2024-05-15,6464
00932,兆豐永續高息等權,31,0,31,大昌-新店,2024-05-15,6464
2367,燿華,300,269,31,大昌-新店,2024-05-15,6464
2812,台中銀,30,0,30,大昌-新店,2024-05-15,6464
2606,裕民,43,13,30,大昌-新店,2024-05-15,6464
6548,長科*,30,0,30,大昌-新店,2024-05-15,6464
2637,慧洋-KY,29,1,28,大昌-新店,2024-05-15,6464
1905,華紙,25,0,25,大昌-新店,2024-05-15,6464
2250,IKKA-KY,25,0,25,大昌-新店,2024-05-15,6464
00882,中信中國高股息,33,9,24,大昌-新店,2024-05-15,6464
00795B,中信美國公債20年,25,2,23,大昌-新店,2024-05-15,6464
3276,宇環,23,0,23,大昌-新店,2024-05-15,6464
2313,華通,29,8,21,大昌-新店,2024-05-15,6464
00679B,元大美債20年,139,118,21,大昌-新店,2024-05-15,6464
2705,六福,23,3,20,大昌-新店,2024-05-15,6464
00715L,期街口布蘭特正2,20,0,20,大昌-新店,2024-05-15,6464
2352,佳世達,28,8,20,大昌-新店,2024-05-15,6464
00930,永豐ESG低碳高息,20,0,20,大昌-新店,2024-05-15,6464
1815,富喬,23,5,18,大昌-新店,2024-05-15,6464
3372,典範,18,0,18,大昌-新店,2024-05-15,6464
8064,東捷,25,8,17,大昌-新店,2024-05-15,6464
00720B,元大投資級公司債,16,0,16,大昌-新店,2024-05-15,6464
5603,陸海,16,0,16,大昌-新店,2024-05-15,6464
6753,龍德造船,19,3,16,大昌-新店,2024-05-15,6464
4533,協易機,25,10,15,大昌-新店,2024-05-15,6464
3706,神達,33,19,14,大昌-新店,2024-05-15,6464
00946,群益科技高息成長,17,3,14,大昌-新店,2024-05-15,6464
00941,中信上游半導體,18,4,14,大昌-新店,2024-05-15,6464
5608,四維航,21,8,13,大昌-新店,2024-05-15,6464
2208,台船,27,14,13,大昌-新店,2024-05-15,6464
3163,波若威,20,7,13,大昌-新店,2024-05-15,6464
8289,泰藝,13,0,13,大昌-新店,2024-05-15,6464
00632R,元大台灣50反1,588,378,210,大昌-新店,2024-05-16,6464
912000,晨訊科-DR,140,0,140,大昌-新店,2024-05-16,6464
2641,正德,113,5,108,大昌-新店,2024-05-16,6464
2834,臺企銀,106,0,106,大昌-新店,2024-05-16,6464
2356,英業達,131,28,103,大昌-新店,2024-05-16,6464
2382,廣達,143,52,91,大昌-新店,2024-05-16,6464
2607,榮運,80,2,78,大昌-新店,2024-05-16,6464
00878,國泰永續高股息,119,42,77,大昌-新店,2024-05-16,6464
2852,第一保,60,2,58,大昌-新店,2024-05-16,6464
00937B,群益ESG投等債20,141,87,54,大昌-新店,2024-05-16,6464
2903,遠百,55,5,50,大昌-新店,2024-05-16,6464
1463,強盛新,58,10,48,大昌-新店,2024-05-16,6464
1314,中石化,74,29,45,大昌-新店,2024-05-16,6464
00944,野村趨勢動能高息,42,2,40,大昌-新店,2024-05-16,6464
6177,達麗,36,0,36,大昌-新店,2024-05-16,6464
8070,長華*,38,3,35,大昌-新店,2024-05-16,6464
5213,亞昕,70,36,34,大昌-新店,2024-05-16,6464
2308,台達電,33,0,33,大昌-新店,2024-05-16,6464
5531,鄉林,50,18,32,大昌-新店,2024-05-16,6464
1457,宜進,32,0,32,大昌-新店,2024-05-16,6464
3363,上詮,85,53,32,大昌-新店,2024-05-16,6464
5469,瀚宇博,33,2,31,大昌-新店,2024-05-16,6464
2408,南亞科,30,0,30,大昌-新店,2024-05-16,6464
5392,能率,39,12,27,大昌-新店,2024-05-16,6464
4306,炎洲,30,4,26,大昌-新店,2024-05-16,6464
3372,典範,26,0,26,大昌-新店,2024-05-16,6464
6188,廣明,39,15,24,大昌-新店,2024-05-16,6464
6668,中揚光,24,0,24,大昌-新店,2024-05-16,6464
2915,潤泰全,29,5,24,大昌-新店,2024-05-16,6464
1201,味全,22,0,22,大昌-新店,2024-05-16,6464
9105,泰金寶-DR,40,18,22,大昌-新店,2024-05-16,6464
00651R,復華香港反1,21,0,21,大昌-新店,2024-05-16,6464
2406,國碩,23,2,21,大昌-新店,2024-05-16,6464
5009,榮剛,21,0,21,大昌-新店,2024-05-16,6464
00706L,期元大S＆P日圓正2,20,0,20,大昌-新店,2024-05-16,6464
2109,華豐,20,0,20,大昌-新店,2024-05-16,6464
2301,光寶科,21,2,19,大昌-新店,2024-05-16,6464
1447,力鵬,20,1,19,大昌-新店,2024-05-16,6464
2329,華泰,35,16,19,大昌-新店,2024-05-16,6464
6265,方土昶,21,3,18,大昌-新店,2024-05-16,6464
8064,東捷,24,6,18,大昌-新店,2024-05-16,6464
2371,大同,106,88,18,大昌-新店,2024-05-16,6464
2515,中工,48,32,16,大昌-新店,2024-05-16,6464
2250,IKKA-KY,16,0,16,大昌-新店,2024-05-16,6464
2501,國建,25,9,16,大昌-新店,2024-05-16,6464
3483,力致,17,2,15,大昌-新店,2024-05-16,6464
2509,全坤建,15,1,14,大昌-新店,2024-05-16,6464
3712,永崴投控,14,0,14,大昌-新店,2024-05-16,6464
8071,能率網通,19,5,14,大昌-新店,2024-05-16,6464
6117,迎廣,16,2,14,大昌-新店,2024-05-16,6464
2867,三商壽,2029,65,1964,大昌-新店,2024-05-17,6464
020039,元大加權N,496,0,496,大昌-新店,2024-05-17,6464
00878,國泰永續高股息,338,50,288,大昌-新店,2024-05-17,6464
6177,達麗,235,33,202,大昌-新店,2024-05-17,6464
00929,復華台灣科技優息,208,16,192,大昌-新店,2024-05-17,6464
00937B,群益ESG投等債20,190,20,170,大昌-新店,2024-05-17,6464
2317,鴻海,161,47,114,大昌-新店,2024-05-17,6464
1201,味全,110,0,110,大昌-新店,2024-05-17,6464
2362,藍天,226,124,102,大昌-新店,2024-05-17,6464
1314,中石化,114,38,76,大昌-新店,2024-05-17,6464
2607,榮運,82,17,65,大昌-新店,2024-05-17,6464
00946,群益科技高息成長,63,5,58,大昌-新店,2024-05-17,6464
2417,圓剛,68,11,57,大昌-新店,2024-05-17,6464
4561,健椿,60,9,51,大昌-新店,2024-05-17,6464
00944,野村趨勢動能高息,49,0,49,大昌-新店,2024-05-17,6464
3231,緯創,64,16,48,大昌-新店,2024-05-17,6464
2489,瑞軒,132,86,46,大昌-新店,2024-05-17,6464
3047,訊舟,77,32,45,大昌-新店,2024-05-17,6464
2408,南亞科,44,1,43,大昌-新店,2024-05-17,6464
2606,裕民,47,5,42,大昌-新店,2024-05-17,6464
2409,友達,40,3,37,大昌-新店,2024-05-17,6464
2637,慧洋-KY,39,3,36,大昌-新店,2024-05-17,6464
912000,晨訊科-DR,35,0,35,大昌-新店,2024-05-17,6464
00688L,國泰20年美債正2,33,0,33,大昌-新店,2024-05-17,6464
2609,陽明,61,28,33,大昌-新店,2024-05-17,6464
6120,達運,30,0,30,大昌-新店,2024-05-17,6464
8064,東捷,30,1,29,大昌-新店,2024-05-17,6464
2515,中工,40,11,29,大昌-新店,2024-05-17,6464
2356,英業達,50,22,28,大昌-新店,2024-05-17,6464
2611,志信,29,1,28,大昌-新店,2024-05-17,6464
2352,佳世達,38,10,28,大昌-新店,2024-05-17,6464
8021,尖點,28,0,28,大昌-新店,2024-05-17,6464
00679B,元大美債20年,26,0,26,大昌-新店,2024-05-17,6464
2845,遠東銀,25,0,25,大昌-新店,2024-05-17,6464
1717,長興,27,2,25,大昌-新店,2024-05-17,6464
3481,群創,32,9,23,大昌-新店,2024-05-17,6464
00940,元大台灣價值高息,36,13,23,大昌-新店,2024-05-17,6464
2241,艾姆勒,27,5,22,大昌-新店,2024-05-17,6464
3024,憶聲,24,2,22,大昌-新店,2024-05-17,6464
1815,富喬,50,29,21,大昌-新店,2024-05-17,6464
2605,新興,72,51,21,大昌-新店,2024-05-17,6464
2542,興富發,21,0,21,大昌-新店,2024-05-17,6464
00936,台新永續高息中小,21,1,20,大昌-新店,2024-05-17,6464
00930,永豐ESG低碳高息,20,0,20,大昌-新店,2024-05-17,6464
6219,富旺,19,0,19,大昌-新店,2024-05-17,6464
2882,國泰金,31,13,18,大昌-新店,2024-05-17,6464
6215,和椿,26,10,16,大昌-新店,2024-05-17,6464
2601,益航,23,7,16,大昌-新店,2024-05-17,6464
1303,南亞,17,1,16,大昌-新店,2024-05-17,6464
00753L,中信中國50正2,25,10,15,大昌-新店,2024-05-17,6464
2883,凱基金,506,44,462,大昌-新店,2024-05-20,6464
00929,復華台灣科技優息,373,115,258,大昌-新店,2024-05-20,6464
6177,達麗,121,9,112,大昌-新店,2024-05-20,6464
3231,緯創,146,37,109,大昌-新店,2024-05-20,6464
1314,中石化,117,8,109,大昌-新店,2024-05-20,6464
2317,鴻海,139,33,106,大昌-新店,2024-05-20,6464
4533,協易機,144,45,99,大昌-新店,2024-05-20,6464
2618,長榮航,237,152,85,大昌-新店,2024-05-20,6464
00937B,群益ESG投等債20,112,49,63,大昌-新店,2024-05-20,6464
4561,健椿,58,1,57,大昌-新店,2024-05-20,6464
2610,華航,144,90,54,大昌-新店,2024-05-20,6464
4976,佳凌,62,9,53,大昌-新店,2024-05-20,6464
00919,群益台灣精選高息,59,8,51,大昌-新店,2024-05-20,6464
5533,皇鼎,50,0,50,大昌-新店,2024-05-20,6464
2102,泰豐,50,0,50,大昌-新店,2024-05-20,6464
2867,三商壽,85,36,49,大昌-新店,2024-05-20,6464
00915,凱基優選高股息30,46,4,42,大昌-新店,2024-05-20,6464
00936,台新永續高息中小,41,0,41,大昌-新店,2024-05-20,6464
1524,耿鼎,65,24,41,大昌-新店,2024-05-20,6464
1815,富喬,40,1,39,大昌-新店,2024-05-20,6464
2520,冠德,50,11,39,大昌-新店,2024-05-20,6464
00934,中信成長高股息,36,0,36,大昌-新店,2024-05-20,6464
00918,大華優利高填息30,37,2,35,大昌-新店,2024-05-20,6464
2356,英業達,64,31,33,大昌-新店,2024-05-20,6464
2208,台船,31,0,31,大昌-新店,2024-05-20,6464
2101,南港,37,6,31,大昌-新店,2024-05-20,6464
00679B,元大美債20年,32,3,29,大昌-新店,2024-05-20,6464
2887,台新金,48,19,29,大昌-新店,2024-05-20,6464
6153,嘉聯益,30,2,28,大昌-新店,2024-05-20,6464
6550,北極星藥業-KY,28,0,28,大昌-新店,2024-05-20,6464
00946,群益科技高息成長,35,9,26,大昌-新店,2024-05-20,6464
00713,元大台灣高息低波,30,5,25,大昌-新店,2024-05-20,6464
1587,吉茂,32,8,24,大昌-新店,2024-05-20,6464
3013,晟銘電,74,50,24,大昌-新店,2024-05-20,6464
2382,廣達,37,13,24,大昌-新店,2024-05-20,6464
2363,矽統,75,53,22,大昌-新店,2024-05-20,6464
3105,穩懋,21,1,20,大昌-新店,2024-05-20,6464
8093,保銳,20,0,20,大昌-新店,2024-05-20,6464
3234,光環,21,1,20,大昌-新店,2024-05-20,6464
00651R,復華香港反1,20,0,20,大昌-新店,2024-05-20,6464
6005,群益證,23,3,20,大昌-新店,2024-05-20,6464
2834,臺企銀,33,15,18,大昌-新店,2024-05-20,6464
6117,迎廣,19,1,18,大昌-新店,2024-05-20,6464
01009T,王道圓滿R1,18,0,18,大昌-新店,2024-05-20,6464
3060,銘異,21,3,18,大昌-新店,2024-05-20,6464
2031,新光鋼,24,6,18,大昌-新店,2024-05-20,6464
2882,國泰金,27,10,17,大昌-新店,2024-05-20,6464
6770,力積電,24,8,16,大昌-新店,2024-05-20,6464
4967,十銓,18,3,15,大昌-新店,2024-05-20,6464
2464,盟立,23,8,15,大昌-新店,2024-05-20,6464
2610,華航,1099,58,1041,大昌-新店,2024-05-21,6464
2883,凱基金,515,3,512,大昌-新店,2024-05-21,6464
00632R,元大台灣50反1,305,120,185,大昌-新店,2024-05-21,6464
00929,復華台灣科技優息,216,71,145,大昌-新店,2024-05-21,6464
00937B,群益ESG投等債20,70,0,70,大昌-新店,2024-05-21,6464
1721,三晃,57,2,55,大昌-新店,2024-05-21,6464
00665L,富邦�琤肭磪囓�2,54,0,54,大昌-新店,2024-05-21,6464
2618,長榮航,97,47,50,大昌-新店,2024-05-21,6464
2367,燿華,236,186,50,大昌-新店,2024-05-21,6464
2007,燁興,73,23,50,大昌-新店,2024-05-21,6464
2317,鴻海,88,39,49,大昌-新店,2024-05-21,6464
1608,華榮,105,59,46,大昌-新店,2024-05-21,6464
1531,高林股,42,2,40,大昌-新店,2024-05-21,6464
00650L,復華香港正2,45,9,36,大昌-新店,2024-05-21,6464
4533,協易機,55,23,32,大昌-新店,2024-05-21,6464
2906,高林,32,0,32,大昌-新店,2024-05-21,6464
2365,昆盈,46,14,32,大昌-新店,2024-05-21,6464
1314,中石化,71,40,31,大昌-新店,2024-05-21,6464
00945B,凱基美國非投等債,30,0,30,大昌-新店,2024-05-21,6464
2888,新光金,52,22,30,大昌-新店,2024-05-21,6464
2374,佳能,84,54,30,大昌-新店,2024-05-21,6464
8028,昇陽半導體,43,13,30,大昌-新店,2024-05-21,6464
00664R,國泰臺灣加權反1,86,57,29,大昌-新店,2024-05-21,6464
00679B,元大美債20年,27,0,27,大昌-新店,2024-05-21,6464
2890,永豐金,29,2,27,大昌-新店,2024-05-21,6464
2605,新興,34,8,26,大昌-新店,2024-05-21,6464
1463,強盛新,26,0,26,大昌-新店,2024-05-21,6464
2409,友達,37,12,25,大昌-新店,2024-05-21,6464
2363,矽統,44,20,24,大昌-新店,2024-05-21,6464
6753,龍德造船,24,1,23,大昌-新店,2024-05-21,6464
2611,志信,25,2,23,大昌-新店,2024-05-21,6464
3372,典範,22,0,22,大昌-新店,2024-05-21,6464
4960,誠美材,22,0,22,大昌-新店,2024-05-21,6464
2038,海光,26,5,21,大昌-新店,2024-05-21,6464
1303,南亞,29,9,20,大昌-新店,2024-05-21,6464
2889,國票金,21,1,20,大昌-新店,2024-05-21,6464
2634,漢翔,35,16,19,大昌-新店,2024-05-21,6464
2393,億光,21,3,18,大昌-新店,2024-05-21,6464
1301,台塑,24,6,18,大昌-新店,2024-05-21,6464
3033,威健,53,35,18,大昌-新店,2024-05-21,6464
00878,國泰永續高股息,80,63,17,大昌-新店,2024-05-21,6464
2501,國建,19,2,17,大昌-新店,2024-05-21,6464
2312,金寶,47,30,17,大昌-新店,2024-05-21,6464
2002,中鋼,26,10,16,大昌-新店,2024-05-21,6464
2834,臺企銀,43,28,15,大昌-新店,2024-05-21,6464
2882,國泰金,27,12,15,大昌-新店,2024-05-21,6464
00930,永豐ESG低碳高息,15,0,15,大昌-新店,2024-05-21,6464
2641,正德,15,0,15,大昌-新店,2024-05-21,6464
9945,潤泰新,19,4,15,大昌-新店,2024-05-21,6464
3060,銘異,38,23,15,大昌-新店,2024-05-21,6464
00632R,元大台灣50反1,676,143,533,大昌-新店,2024-05-22,6464
2312,金寶,181,26,155,大昌-新店,2024-05-22,6464
00664R,國泰臺灣加權反1,127,0,127,大昌-新店,2024-05-22,6464
2354,鴻準,153,30,123,大昌-新店,2024-05-22,6464
2355,敬鵬,121,7,114,大昌-新店,2024-05-22,6464
5864,致和證,101,0,101,大昌-新店,2024-05-22,6464
2002,中鋼,101,1,100,大昌-新店,2024-05-22,6464
1303,南亞,96,0,96,大昌-新店,2024-05-22,6464
2371,大同,99,36,63,大昌-新店,2024-05-22,6464
00878,國泰永續高股息,136,75,61,大昌-新店,2024-05-22,6464
00679B,元大美債20年,53,5,48,大昌-新店,2024-05-22,6464
2610,華航,78,33,45,大昌-新店,2024-05-22,6464
1612,宏泰,45,1,44,大昌-新店,2024-05-22,6464
1504,東元,45,2,43,大昌-新店,2024-05-22,6464
6443,元晶,73,32,41,大昌-新店,2024-05-22,6464
2892,第一金,40,1,39,大昌-新店,2024-05-22,6464
1605,華新,45,7,38,大昌-新店,2024-05-22,6464
2241,艾姆勒,40,2,38,大昌-新店,2024-05-22,6464
2851,中再保,40,3,37,大昌-新店,2024-05-22,6464
4533,協易機,63,28,35,大昌-新店,2024-05-22,6464
3047,訊舟,73,38,35,大昌-新店,2024-05-22,6464
3060,銘異,66,34,32,大昌-新店,2024-05-22,6464
00642U,期元大S＆P石油,32,0,32,大昌-新店,2024-05-22,6464
6125,廣運,67,37,30,大昌-新店,2024-05-22,6464
2367,燿華,108,82,26,大昌-新店,2024-05-22,6464
00928,中信上櫃ESG30,25,0,25,大昌-新店,2024-05-22,6464
2365,昆盈,46,22,24,大昌-新店,2024-05-22,6464
3702,大聯大,27,3,24,大昌-新店,2024-05-22,6464
2867,三商壽,32,9,23,大昌-新店,2024-05-22,6464
6248,沛波,23,0,23,大昌-新店,2024-05-22,6464
00713,元大台灣高息低波,27,4,23,大昌-新店,2024-05-22,6464
1815,富喬,203,181,22,大昌-新店,2024-05-22,6464
2504,國產,31,9,22,大昌-新店,2024-05-22,6464
2420,新巨,27,5,22,大昌-新店,2024-05-22,6464
3033,威健,37,15,22,大昌-新店,2024-05-22,6464
00933B,國泰10Y+金融債,25,3,22,大昌-新店,2024-05-22,6464
2062,橋椿,22,0,22,大昌-新店,2024-05-22,6464
4157,太景*-KY,21,0,21,大昌-新店,2024-05-22,6464
2482,連宇,20,0,20,大昌-新店,2024-05-22,6464
2393,億光,21,1,20,大昌-新店,2024-05-22,6464
6284,佳邦,20,0,20,大昌-新店,2024-05-22,6464
00688L,國泰20年美債正2,20,0,20,大昌-新店,2024-05-22,6464
1531,高林股,20,0,20,大昌-新店,2024-05-22,6464
5392,能率,97,78,19,大昌-新店,2024-05-22,6464
00715L,期街口布蘭特正2,19,0,19,大昌-新店,2024-05-22,6464
2204,中華,20,1,19,大昌-新店,2024-05-22,6464
2427,三商電,20,2,18,大昌-新店,2024-05-22,6464
2476,鉅祥,22,4,18,大昌-新店,2024-05-22,6464
8358,金居,25,8,17,大昌-新店,2024-05-22,6464
2486,一詮,38,21,17,大昌-新店,2024-05-22,6464
2883,凱基金,531,51,480,大昌-新店,2024-05-23,6464
00642U,期元大S＆P石油,140,0,140,大昌-新店,2024-05-23,6464
2353,宏��,576,459,117,大昌-新店,2024-05-23,6464
1457,宜進,113,0,113,大昌-新店,2024-05-23,6464
2324,仁寶,135,39,96,大昌-新店,2024-05-23,6464
00937B,群益ESG投等債20,114,30,84,大昌-新店,2024-05-23,6464
2464,盟立,155,73,82,大昌-新店,2024-05-23,6464
1815,富喬,155,74,81,大昌-新店,2024-05-23,6464
2888,新光金,74,3,71,大昌-新店,2024-05-23,6464
2356,英業達,79,12,67,大昌-新店,2024-05-23,6464
2409,友達,84,18,66,大昌-新店,2024-05-23,6464
9904,寶成,64,0,64,大昌-新店,2024-05-23,6464
2002,中鋼,75,14,61,大昌-新店,2024-05-23,6464
5521,工信,57,0,57,大昌-新店,2024-05-23,6464
6209,今國光,80,25,55,大昌-新店,2024-05-23,6464
5498,凱崴,65,13,52,大昌-新店,2024-05-23,6464
00933B,國泰10Y+金融債,51,0,51,大昌-新店,2024-05-23,6464
2009,第一銅,61,13,48,大昌-新店,2024-05-23,6464
00687B,國泰20年美債,61,15,46,大昌-新店,2024-05-23,6464
00919,群益台灣精選高息,109,65,44,大昌-新店,2024-05-23,6464
2025,千興,50,7,43,大昌-新店,2024-05-23,6464
3312,弘憶股,54,12,42,大昌-新店,2024-05-23,6464
6147,頎邦,41,0,41,大昌-新店,2024-05-23,6464
2609,陽明,62,21,41,大昌-新店,2024-05-23,6464
3056,富華新,42,2,40,大昌-新店,2024-05-23,6464
2618,長榮航,69,32,37,大昌-新店,2024-05-23,6464
2363,矽統,56,20,36,大昌-新店,2024-05-23,6464
2851,中再保,35,0,35,大昌-新店,2024-05-23,6464
2359,所羅門,112,78,34,大昌-新店,2024-05-23,6464
2882,國泰金,49,16,33,大昌-新店,2024-05-23,6464
3024,憶聲,32,0,32,大昌-新店,2024-05-23,6464
6188,廣明,69,37,32,大昌-新店,2024-05-23,6464
1605,華新,38,7,31,大昌-新店,2024-05-23,6464
2610,華航,61,31,30,大昌-新店,2024-05-23,6464
2453,凌群,47,17,30,大昌-新店,2024-05-23,6464
8936,國統,50,21,29,大昌-新店,2024-05-23,6464
6160,欣技,30,1,29,大昌-新店,2024-05-23,6464
2406,國碩,40,14,26,大昌-新店,2024-05-23,6464
5871,中租-KY,29,3,26,大昌-新店,2024-05-23,6464
00712,復華富時不動產,25,0,25,大昌-新店,2024-05-23,6464
6244,茂迪,26,1,25,大昌-新店,2024-05-23,6464
4157,太景*-KY,25,0,25,大昌-新店,2024-05-23,6464
00751B,元大AAA至A公司債,23,0,23,大昌-新店,2024-05-23,6464
3059,華晶科,36,13,23,大昌-新店,2024-05-23,6464
6278,台表科,24,2,22,大昌-新店,2024-05-23,6464
1532,勤美,22,0,22,大昌-新店,2024-05-23,6464
1612,宏泰,24,3,21,大昌-新店,2024-05-23,6464
5371,中光電,29,8,21,大昌-新店,2024-05-23,6464
1531,高林股,23,3,20,大昌-新店,2024-05-23,6464
5465,富驊,24,4,20,大昌-新店,2024-05-23,6464
00937B,群益ESG投等債20,183,20,163,大昌-新店,2024-05-24,6464
00650L,復華香港正2,155,2,153,大昌-新店,2024-05-24,6464
8070,長華*,96,9,87,大昌-新店,2024-05-24,6464
2302,麗正,80,6,74,大昌-新店,2024-05-24,6464
2883,凱基金,78,7,71,大昌-新店,2024-05-24,6464
2365,昆盈,161,94,67,大昌-新店,2024-05-24,6464
6770,力積電,74,12,62,大昌-新店,2024-05-24,6464
00919,群益台灣精選高息,70,10,60,大昌-新店,2024-05-24,6464
2486,一詮,122,68,54,大昌-新店,2024-05-24,6464
2002,中鋼,56,5,51,大昌-新店,2024-05-24,6464
9904,寶成,47,0,47,大昌-新店,2024-05-24,6464
5880,合庫金,80,38,42,大昌-新店,2024-05-24,6464
2618,長榮航,65,25,40,大昌-新店,2024-05-24,6464
00651R,復華香港反1,90,50,40,大昌-新店,2024-05-24,6464
2888,新光金,76,36,40,大昌-新店,2024-05-24,6464
2609,陽明,67,27,40,大昌-新店,2024-05-24,6464
2069,運錩,37,0,37,大昌-新店,2024-05-24,6464
00712,復華富時不動產,35,0,35,大昌-新店,2024-05-24,6464
2613,中櫃,42,8,34,大昌-新店,2024-05-24,6464
2323,中環,32,0,32,大昌-新店,2024-05-24,6464
00679B,元大美債20年,31,0,31,大昌-新店,2024-05-24,6464
4157,太景*-KY,31,0,31,大昌-新店,2024-05-24,6464
00671R,富邦NASDAQ反1,31,0,31,大昌-新店,2024-05-24,6464
00637L,元大滬深300正2,41,13,28,大昌-新店,2024-05-24,6464
6177,達麗,37,10,27,大昌-新店,2024-05-24,6464
4967,十銓,46,20,26,大昌-新店,2024-05-24,6464
1513,中興電,36,11,25,大昌-新店,2024-05-24,6464
2464,盟立,54,31,23,大昌-新店,2024-05-24,6464
2834,臺企銀,26,6,20,大昌-新店,2024-05-24,6464
6185,幃翔,20,0,20,大昌-新店,2024-05-24,6464
5603,陸海,20,0,20,大昌-新店,2024-05-24,6464
2367,燿華,73,53,20,大昌-新店,2024-05-24,6464
00936,台新永續高息中小,23,3,20,大昌-新店,2024-05-24,6464
00941,中信上游半導體,18,0,18,大昌-新店,2024-05-24,6464
6147,頎邦,18,1,17,大昌-新店,2024-05-24,6464
2392,正崴,34,17,17,大昌-新店,2024-05-24,6464
00915,凱基優選高股息30,16,0,16,大昌-新店,2024-05-24,6464
6125,廣運,44,28,16,大昌-新店,2024-05-24,6464
00753L,中信中國50正2,20,5,15,大昌-新店,2024-05-24,6464
4306,炎洲,16,1,15,大昌-新店,2024-05-24,6464
2891,中信金,29,15,14,大昌-新店,2024-05-24,6464
6274,台燿,31,17,14,大昌-新店,2024-05-24,6464
1316,上曜,18,4,14,大昌-新店,2024-05-24,6464
3062,建漢,17,4,13,大昌-新店,2024-05-24,6464
1809,中釉,20,7,13,大昌-新店,2024-05-24,6464
6117,迎廣,195,182,13,大昌-新店,2024-05-24,6464
2324,仁寶,67,55,12,大昌-新店,2024-05-24,6464
8039,台虹,12,0,12,大昌-新店,2024-05-24,6464
2033,佳大,12,0,12,大昌-新店,2024-05-24,6464
6116,彩晶,17,5,12,大昌-新店,2024-05-24,6464
00753L,中信中國50正2,199,26,173,大昌-新店,2024-05-27,6464
00937B,群益ESG投等債20,174,20,154,大昌-新店,2024-05-27,6464
00929,復華台灣科技優息,247,100,147,大昌-新店,2024-05-27,6464
2834,臺企銀,123,0,123,大昌-新店,2024-05-27,6464
1815,富喬,178,84,94,大昌-新店,2024-05-27,6464
2606,裕民,81,9,72,大昌-新店,2024-05-27,6464
00933B,國泰10Y+金融債,59,0,59,大昌-新店,2024-05-27,6464
2883,凱基金,96,40,56,大昌-新店,2024-05-27,6464
3234,光環,57,2,55,大昌-新店,2024-05-27,6464
9105,泰金寶-DR,56,5,51,大昌-新店,2024-05-27,6464
6116,彩晶,50,2,48,大昌-新店,2024-05-27,6464
2337,旺宏,51,5,46,大昌-新店,2024-05-27,6464
2002,中鋼,51,7,44,大昌-新店,2024-05-27,6464
2367,燿華,52,12,40,大昌-新店,2024-05-27,6464
2420,新巨,38,0,38,大昌-新店,2024-05-27,6464
2344,華邦電,41,3,38,大昌-新店,2024-05-27,6464
3047,訊舟,64,26,38,大昌-新店,2024-05-27,6464
00946,群益科技高息成長,47,10,37,大昌-新店,2024-05-27,6464
6147,頎邦,37,2,35,大昌-新店,2024-05-27,6464
2609,陽明,90,57,33,大昌-新店,2024-05-27,6464
00720B,元大投資級公司債,32,0,32,大昌-新店,2024-05-27,6464
3033,威健,93,61,32,大昌-新店,2024-05-27,6464
6196,帆宣,29,0,29,大昌-新店,2024-05-27,6464
2489,瑞軒,126,98,28,大昌-新店,2024-05-27,6464
2915,潤泰全,29,2,27,大昌-新店,2024-05-27,6464
00919,群益台灣精選高息,139,112,27,大昌-新店,2024-05-27,6464
2369,菱生,36,9,27,大昌-新店,2024-05-27,6464
2401,凌陽,52,25,27,大昌-新店,2024-05-27,6464
2610,華航,60,37,23,大昌-新店,2024-05-27,6464
00650L,復華香港正2,35,12,23,大昌-新店,2024-05-27,6464
2101,南港,25,2,23,大昌-新店,2024-05-27,6464
5324,士開,23,0,23,大昌-新店,2024-05-27,6464
3605,宏致,24,1,23,大昌-新店,2024-05-27,6464
00882,中信中國高股息,29,8,21,大昌-新店,2024-05-27,6464
2886,兆豐金,21,1,20,大昌-新店,2024-05-27,6464
3313,斐成,20,0,20,大昌-新店,2024-05-27,6464
2007,燁興,20,0,20,大昌-新店,2024-05-27,6464
3163,波若威,28,8,20,大昌-新店,2024-05-27,6464
6591,動力-KY,20,1,19,大昌-新店,2024-05-27,6464
4532,瑞智,26,7,19,大昌-新店,2024-05-27,6464
2618,長榮航,36,18,18,大昌-新店,2024-05-27,6464
2633,台灣高鐵,18,0,18,大昌-新店,2024-05-27,6464
00680L,元大美債20正2,18,0,18,大昌-新店,2024-05-27,6464
00752,中信中國50,17,0,17,大昌-新店,2024-05-27,6464
2731,雄獅,16,0,16,大昌-新店,2024-05-27,6464
3483,力致,20,4,16,大昌-新店,2024-05-27,6464
2330,台積電,19,4,15,大昌-新店,2024-05-27,6464
00665L,富邦�琤肭磪囓�2,165,151,14,大昌-新店,2024-05-27,6464
6166,凌華,17,3,14,大昌-新店,2024-05-27,6464
2515,中工,18,4,14,大昌-新店,2024-05-27,6464
2801,彰銀,228,0,228,大昌-新店,2024-05-28,6464
1314,中石化,257,37,220,大昌-新店,2024-05-28,6464
2888,新光金,301,89,212,大昌-新店,2024-05-28,6464
00937B,群益ESG投等債20,241,38,203,大昌-新店,2024-05-28,6464
00712,復華富時不動產,129,0,129,大昌-新店,2024-05-28,6464
00946,群益科技高息成長,127,0,127,大昌-新店,2024-05-28,6464
2610,華航,222,130,92,大昌-新店,2024-05-28,6464
2324,仁寶,86,11,75,大昌-新店,2024-05-28,6464
00632R,元大台灣50反1,111,37,74,大昌-新店,2024-05-28,6464
2601,益航,75,1,74,大昌-新店,2024-05-28,6464
2609,陽明,92,26,66,大昌-新店,2024-05-28,6464
3694,海華,76,15,61,大昌-新店,2024-05-28,6464
3202,樺晟,64,7,57,大昌-新店,2024-05-28,6464
00679B,元大美債20年,56,0,56,大昌-新店,2024-05-28,6464
2882,國泰金,114,59,55,大昌-新店,2024-05-28,6464
2317,鴻海,84,30,54,大昌-新店,2024-05-28,6464
2886,兆豐金,57,3,54,大昌-新店,2024-05-28,6464
2891,中信金,80,27,53,大昌-新店,2024-05-28,6464
8070,長華*,52,0,52,大昌-新店,2024-05-28,6464
1909,榮成,70,20,50,大昌-新店,2024-05-28,6464
00753L,中信中國50正2,40,0,40,大昌-新店,2024-05-28,6464
2382,廣達,63,25,38,大昌-新店,2024-05-28,6464
2607,榮運,42,5,37,大昌-新店,2024-05-28,6464
2615,萬海,54,18,36,大昌-新店,2024-05-28,6464
2330,台積電,39,3,36,大昌-新店,2024-05-28,6464
3024,憶聲,42,8,34,大昌-新店,2024-05-28,6464
1303,南亞,45,11,34,大昌-新店,2024-05-28,6464
2464,盟立,76,42,34,大昌-新店,2024-05-28,6464
6188,廣明,65,32,33,大昌-新店,2024-05-28,6464
1701,中化,30,0,30,大昌-新店,2024-05-28,6464
00687B,國泰20年美債,39,10,29,大昌-新店,2024-05-28,6464
2603,長榮,123,95,28,大昌-新店,2024-05-28,6464
3234,光環,29,2,27,大昌-新店,2024-05-28,6464
2616,山隆,31,5,26,大昌-新店,2024-05-28,6464
2301,光寶科,30,5,25,大昌-新店,2024-05-28,6464
3576,聯合再生,25,1,24,大昌-新店,2024-05-28,6464
00857B,永豐20年美公債,23,0,23,大昌-新店,2024-05-28,6464
2636,台驊控股,23,0,23,大昌-新店,2024-05-28,6464
3535,晶彩科,32,10,22,大昌-新店,2024-05-28,6464
6275,元山,46,24,22,大昌-新店,2024-05-28,6464
3013,晟銘電,64,42,22,大昌-新店,2024-05-28,6464
2363,矽統,127,105,22,大昌-新店,2024-05-28,6464
4154,樂威科-KY,21,0,21,大昌-新店,2024-05-28,6464
5251,天鉞電,26,5,21,大昌-新店,2024-05-28,6464
00929,復華台灣科技優息,62,42,20,大昌-新店,2024-05-28,6464
00757,統一FANG+,20,0,20,大昌-新店,2024-05-28,6464
2103,台橡,20,0,20,大昌-新店,2024-05-28,6464
00940,元大台灣價值高息,73,53,20,大昌-新店,2024-05-28,6464
00918,大華優利高填息30,20,0,20,大昌-新店,2024-05-28,6464
8048,德勝,20,0,20,大昌-新店,2024-05-28,6464
00937B,群益ESG投等債20,826,25,801,大昌-新店,2024-05-29,6464
2883,凱基金,585,17,568,大昌-新店,2024-05-29,6464
2317,鴻海,239,35,204,大昌-新店,2024-05-29,6464
00679B,元大美債20年,161,0,161,大昌-新店,2024-05-29,6464
2882,國泰金,174,14,160,大昌-新店,2024-05-29,6464
8011,台通,151,12,139,大昌-新店,2024-05-29,6464
2891,中信金,155,30,125,大昌-新店,2024-05-29,6464
2867,三商壽,143,22,121,大昌-新店,2024-05-29,6464
00919,群益台灣精選高息,176,75,101,大昌-新店,2024-05-29,6464
00687B,國泰20年美債,102,2,100,大昌-新店,2024-05-29,6464
6126,信音,102,21,81,大昌-新店,2024-05-29,6464
2353,宏��,253,175,78,大昌-新店,2024-05-29,6464
2610,華航,119,49,70,大昌-新店,2024-05-29,6464
2886,兆豐金,69,0,69,大昌-新店,2024-05-29,6464
00751B,元大AAA至A公司債,66,0,66,大昌-新店,2024-05-29,6464
00878,國泰永續高股息,79,18,61,大昌-新店,2024-05-29,6464
1909,榮成,60,0,60,大昌-新店,2024-05-29,6464
1303,南亞,63,5,58,大昌-新店,2024-05-29,6464
00795B,中信美國公債20年,55,0,55,大昌-新店,2024-05-29,6464
1524,耿鼎,79,27,52,大昌-新店,2024-05-29,6464
2603,長榮,84,34,50,大昌-新店,2024-05-29,6464
2834,臺企銀,74,25,49,大昌-新店,2024-05-29,6464
6189,豐藝,59,13,46,大昌-新店,2024-05-29,6464
3231,緯創,75,29,46,大昌-新店,2024-05-29,6464
2634,漢翔,55,10,45,大昌-新店,2024-05-29,6464
2501,國建,45,1,44,大昌-新店,2024-05-29,6464
00931B,統一美債20年,43,0,43,大昌-新店,2024-05-29,6464
5603,陸海,43,0,43,大昌-新店,2024-05-29,6464
2801,彰銀,41,0,41,大昌-新店,2024-05-29,6464
1101,台泥,60,19,41,大昌-新店,2024-05-29,6464
2409,友達,43,3,40,大昌-新店,2024-05-29,6464
1609,大亞,42,2,40,大昌-新店,2024-05-29,6464
2206,三陽工業,38,0,38,大昌-新店,2024-05-29,6464
5880,合庫金,36,0,36,大昌-新店,2024-05-29,6464
00712,復華富時不動產,36,0,36,大昌-新店,2024-05-29,6464
00688L,國泰20年美債正2,35,0,35,大昌-新店,2024-05-29,6464
4979,華星光,38,4,34,大昌-新店,2024-05-29,6464
2887,台新金,42,10,32,大昌-新店,2024-05-29,6464
2401,凌陽,148,117,31,大昌-新店,2024-05-29,6464
2489,瑞軒,110,79,31,大昌-新店,2024-05-29,6464
3481,群創,40,9,31,大昌-新店,2024-05-29,6464
2618,長榮航,89,60,29,大昌-新店,2024-05-29,6464
3714,富采,32,3,29,大昌-新店,2024-05-29,6464
3033,威健,29,1,28,大昌-新店,2024-05-29,6464
2002,中鋼,33,5,28,大昌-新店,2024-05-29,6464
00632R,元大台灣50反1,247,219,28,大昌-新店,2024-05-29,6464
6213,聯茂,33,5,28,大昌-新店,2024-05-29,6464
2888,新光金,78,52,26,大昌-新店,2024-05-29,6464
2633,台灣高鐵,26,0,26,大昌-新店,2024-05-29,6464
2402,毅嘉,31,5,26,大昌-新店,2024-05-29,6464
2371,大同,437,19,418,大昌-新店,2024-05-30,6464
00937B,群益ESG投等債20,365,2,363,大昌-新店,2024-05-30,6464
5876,上海商銀,240,0,240,大昌-新店,2024-05-30,6464
2891,中信金,168,20,148,大昌-新店,2024-05-30,6464
6189,豐藝,123,7,116,大昌-新店,2024-05-30,6464
00665L,富邦�琤肭磪囓�2,202,111,91,大昌-新店,2024-05-30,6464
1815,富喬,223,134,89,大昌-新店,2024-05-30,6464
2317,鴻海,130,46,84,大昌-新店,2024-05-30,6464
00915,凱基優選高股息30,77,1,76,大昌-新店,2024-05-30,6464
00679B,元大美債20年,72,0,72,大昌-新店,2024-05-30,6464
2353,宏��,167,110,57,大昌-新店,2024-05-30,6464
00878,國泰永續高股息,75,21,54,大昌-新店,2024-05-30,6464
2356,英業達,65,12,53,大昌-新店,2024-05-30,6464
00929,復華台灣科技優息,125,72,53,大昌-新店,2024-05-30,6464
4533,協易機,60,8,52,大昌-新店,2024-05-30,6464
2903,遠百,62,12,50,大昌-新店,2024-05-30,6464
2002,中鋼,56,8,48,大昌-新店,2024-05-30,6464
2634,漢翔,74,27,47,大昌-新店,2024-05-30,6464
2363,矽統,56,10,46,大昌-新店,2024-05-30,6464
2610,華航,63,17,46,大昌-新店,2024-05-30,6464
2330,台積電,56,11,45,大昌-新店,2024-05-30,6464
1785,光洋科,62,18,44,大昌-新店,2024-05-30,6464
2883,凱基金,51,8,43,大昌-新店,2024-05-30,6464
4306,炎洲,40,0,40,大昌-新店,2024-05-30,6464
3231,緯創,74,34,40,大昌-新店,2024-05-30,6464
00687B,國泰20年美債,40,1,39,大昌-新店,2024-05-30,6464
2618,長榮航,65,26,39,大昌-新店,2024-05-30,6464
00637L,元大滬深300正2,46,9,37,大昌-新店,2024-05-30,6464
2408,南亞科,48,11,37,大昌-新店,2024-05-30,6464
00795B,中信美國公債20年,37,0,37,大昌-新店,2024-05-30,6464
6770,力積電,45,11,34,大昌-新店,2024-05-30,6464
2324,仁寶,39,5,34,大昌-新店,2024-05-30,6464
3163,波若威,34,1,33,大昌-新店,2024-05-30,6464
3260,威剛,35,3,32,大昌-新店,2024-05-30,6464
2834,臺企銀,31,0,31,大昌-新店,2024-05-30,6464
8021,尖點,30,0,30,大昌-新店,2024-05-30,6464
3703,欣陸,32,4,28,大昌-新店,2024-05-30,6464
2886,兆豐金,28,0,28,大昌-新店,2024-05-30,6464
2605,新興,42,14,28,大昌-新店,2024-05-30,6464
3481,群創,44,17,27,大昌-新店,2024-05-30,6464
2405,輔信,34,8,26,大昌-新店,2024-05-30,6464
9904,寶成,26,0,26,大昌-新店,2024-05-30,6464
6209,今國光,58,33,25,大昌-新店,2024-05-30,6464
1303,南亞,32,7,25,大昌-新店,2024-05-30,6464
2495,普安,30,5,25,大昌-新店,2024-05-30,6464
4562,穎漢,56,31,25,大昌-新店,2024-05-30,6464
00725B,國泰投資級公司債,25,1,24,大昌-新店,2024-05-30,6464
2489,瑞軒,86,63,23,大昌-新店,2024-05-30,6464
1102,亞泥,23,0,23,大昌-新店,2024-05-30,6464
00941,中信上游半導體,28,5,23,大昌-新店,2024-05-30,6464
6126,信音,156,3,153,大昌-新店,2024-05-31,6464
2609,陽明,261,135,126,大昌-新店,2024-05-31,6464
2317,鴻海,139,16,123,大昌-新店,2024-05-31,6464
00878,國泰永續高股息,100,0,100,大昌-新店,2024-05-31,6464
2905,三商,99,0,99,大昌-新店,2024-05-31,6464
00919,群益台灣精選高息,146,48,98,大昌-新店,2024-05-31,6464
00929,復華台灣科技優息,140,53,87,大昌-新店,2024-05-31,6464
2002,中鋼,82,3,79,大昌-新店,2024-05-31,6464
3231,緯創,73,15,58,大昌-新店,2024-05-31,6464
6196,帆宣,58,2,56,大昌-新店,2024-05-31,6464
2324,仁寶,72,18,54,大昌-新店,2024-05-31,6464
1532,勤美,54,1,53,大昌-新店,2024-05-31,6464
00946,群益科技高息成長,52,0,52,大昌-新店,2024-05-31,6464
00939,統一台灣高息動能,51,0,51,大昌-新店,2024-05-31,6464
2409,友達,85,35,50,大昌-新店,2024-05-31,6464
2303,聯電,64,15,49,大昌-新店,2024-05-31,6464
1785,光洋科,60,16,44,大昌-新店,2024-05-31,6464
8438,昶昕,48,7,41,大昌-新店,2024-05-31,6464
3312,弘憶股,80,39,41,大昌-新店,2024-05-31,6464
2603,長榮,85,49,36,大昌-新店,2024-05-31,6464
2356,英業達,39,4,35,大昌-新店,2024-05-31,6464
2363,矽統,39,5,34,大昌-新店,2024-05-31,6464
00679B,元大美債20年,50,17,33,大昌-新店,2024-05-31,6464
1802,台玻,86,54,32,大昌-新店,2024-05-31,6464
00637L,元大滬深300正2,37,5,32,大昌-新店,2024-05-31,6464
5880,合庫金,30,0,30,大昌-新店,2024-05-31,6464
2328,廣宇,58,29,29,大昌-新店,2024-05-31,6464
2330,台積電,36,7,29,大昌-新店,2024-05-31,6464
2889,國票金,30,2,28,大昌-新店,2024-05-31,6464
00940,元大台灣價值高息,46,18,28,大昌-新店,2024-05-31,6464
2886,兆豐金,26,0,26,大昌-新店,2024-05-31,6464
2382,廣達,78,52,26,大昌-新店,2024-05-31,6464
00688L,國泰20年美債正2,25,1,24,大昌-新店,2024-05-31,6464
3060,銘異,27,3,24,大昌-新店,2024-05-31,6464
2367,燿華,62,38,24,大昌-新店,2024-05-31,6464
1201,味全,33,10,23,大昌-新店,2024-05-31,6464
2365,昆盈,25,3,22,大昌-新店,2024-05-31,6464
1815,富喬,67,46,21,大昌-新店,2024-05-31,6464
6147,頎邦,26,5,21,大昌-新店,2024-05-31,6464
4906,正文,33,13,20,大昌-新店,2024-05-31,6464
2069,運錩,20,0,20,大昌-新店,2024-05-31,6464
6530,創威,20,0,20,大昌-新店,2024-05-31,6464
2007,燁興,20,0,20,大昌-新店,2024-05-31,6464
4157,太景*-KY,19,0,19,大昌-新店,2024-05-31,6464
1301,台塑,28,9,19,大昌-新店,2024-05-31,6464
2375,凱美,23,6,17,大昌-新店,2024-05-31,6464
00882,中信中國高股息,19,2,17,大昌-新店,2024-05-31,6464
6194,育富,17,0,17,大昌-新店,2024-05-31,6464
2353,宏��,111,94,17,大昌-新店,2024-05-31,6464
1102,亞泥,16,0,16,大昌-新店,2024-05-31,6464
3481,群創,261,37,224,大昌-新店,2024-06-03,6464
2883,凱基金,211,4,207,大昌-新店,2024-06-03,6464
00919,群益台灣精選高息,299,108,191,大昌-新店,2024-06-03,6464
2353,宏��,169,49,120,大昌-新店,2024-06-03,6464
00632R,元大台灣50反1,133,38,95,大昌-新店,2024-06-03,6464
2371,大同,102,9,93,大昌-新店,2024-06-03,6464
2887,台新金,92,0,92,大昌-新店,2024-06-03,6464
2618,長榮航,91,17,74,大昌-新店,2024-06-03,6464
00918,大華優利高填息30,70,0,70,大昌-新店,2024-06-03,6464
2354,鴻準,97,31,66,大昌-新店,2024-06-03,6464
2337,旺宏,68,3,65,大昌-新店,2024-06-03,6464
00664R,國泰臺灣加權反1,65,0,65,大昌-新店,2024-06-03,6464
00642U,期元大S＆P石油,57,0,57,大昌-新店,2024-06-03,6464
8112,至上,62,9,53,大昌-新店,2024-06-03,6464
2892,第一金,50,0,50,大昌-新店,2024-06-03,6464
00946,群益科技高息成長,43,0,43,大昌-新店,2024-06-03,6464
2834,臺企銀,41,0,41,大昌-新店,2024-06-03,6464
00650L,復華香港正2,45,4,41,大昌-新店,2024-06-03,6464
2069,運錩,40,0,40,大昌-新店,2024-06-03,6464
2605,新興,42,2,40,大昌-新店,2024-06-03,6464
00921,兆豐龍頭等權重,38,0,38,大昌-新店,2024-06-03,6464
2409,友達,45,7,38,大昌-新店,2024-06-03,6464
2610,華航,57,22,35,大昌-新店,2024-06-03,6464
4967,十銓,50,17,33,大昌-新店,2024-06-03,6464
6505,台塑化,33,0,33,大昌-新店,2024-06-03,6464
00878,國泰永續高股息,34,4,30,大昌-新店,2024-06-03,6464
6163,華電網,31,1,30,大昌-新店,2024-06-03,6464
2889,國票金,54,24,30,大昌-新店,2024-06-03,6464
5876,上海商銀,30,1,29,大昌-新店,2024-06-03,6464
00679B,元大美債20年,28,0,28,大昌-新店,2024-06-03,6464
5371,中光電,32,5,27,大昌-新店,2024-06-03,6464
1605,華新,38,11,27,大昌-新店,2024-06-03,6464
6188,廣明,53,26,27,大昌-新店,2024-06-03,6464
2886,兆豐金,31,6,25,大昌-新店,2024-06-03,6464
00665L,富邦�琤肭磪囓�2,228,205,23,大昌-新店,2024-06-03,6464
2324,仁寶,44,22,22,大昌-新店,2024-06-03,6464
3017,奇鋐,27,6,21,大昌-新店,2024-06-03,6464
3360,尚立,21,0,21,大昌-新店,2024-06-03,6464
00637L,元大滬深300正2,46,25,21,大昌-新店,2024-06-03,6464
2303,聯電,44,23,21,大昌-新店,2024-06-03,6464
1701,中化,20,0,20,大昌-新店,2024-06-03,6464
4157,太景*-KY,20,0,20,大昌-新店,2024-06-03,6464
1609,大亞,27,8,19,大昌-新店,2024-06-03,6464
2615,萬海,110,91,19,大昌-新店,2024-06-03,6464
6005,群益證,23,4,19,大昌-新店,2024-06-03,6464
5469,瀚宇博,25,6,19,大昌-新店,2024-06-03,6464
1471,首利,19,0,19,大昌-新店,2024-06-03,6464
2401,凌陽,37,19,18,大昌-新店,2024-06-03,6464
2312,金寶,54,36,18,大昌-新店,2024-06-03,6464
2201,裕隆,19,1,18,大昌-新店,2024-06-03,6464
2331,精英,818,71,747,大昌-新店,2024-06-04,6464
00918,大華優利高填息30,537,0,537,大昌-新店,2024-06-04,6464
2883,凱基金,483,6,477,大昌-新店,2024-06-04,6464
2888,新光金,344,30,314,大昌-新店,2024-06-04,6464
00942B,台新美A公司債20+,257,21,236,大昌-新店,2024-06-04,6464
3481,群創,187,13,174,大昌-新店,2024-06-04,6464
2409,友達,167,25,142,大昌-新店,2024-06-04,6464
00642U,期元大S＆P石油,103,0,103,大昌-新店,2024-06-04,6464
00936,台新永續高息中小,107,10,97,大昌-新店,2024-06-04,6464
2354,鴻準,124,28,96,大昌-新店,2024-06-04,6464
2317,鴻海,112,17,95,大昌-新店,2024-06-04,6464
2371,大同,110,15,95,大昌-新店,2024-06-04,6464
00919,群益台灣精選高息,211,118,93,大昌-新店,2024-06-04,6464
2610,華航,99,11,88,大昌-新店,2024-06-04,6464
2002,中鋼,79,3,76,大昌-新店,2024-06-04,6464
2328,廣宇,124,51,73,大昌-新店,2024-06-04,6464
1785,光洋科,87,14,73,大昌-新店,2024-06-04,6464
3231,緯創,79,10,69,大昌-新店,2024-06-04,6464
5603,陸海,61,0,61,大昌-新店,2024-06-04,6464
00929,復華台灣科技優息,127,78,49,大昌-新店,2024-06-04,6464
2382,廣達,73,24,49,大昌-新店,2024-06-04,6464
2834,臺企銀,54,6,48,大昌-新店,2024-06-04,6464
2889,國票金,57,10,47,大昌-新店,2024-06-04,6464
00933B,國泰10Y+金融債,60,13,47,大昌-新店,2024-06-04,6464
00934,中信成長高股息,45,0,45,大昌-新店,2024-06-04,6464
1802,台玻,136,91,45,大昌-新店,2024-06-04,6464
1524,耿鼎,54,9,45,大昌-新店,2024-06-04,6464
4906,正文,61,17,44,大昌-新店,2024-06-04,6464
2069,運錩,42,0,42,大昌-新店,2024-06-04,6464
3047,訊舟,84,42,42,大昌-新店,2024-06-04,6464
00921,兆豐龍頭等權重,40,0,40,大昌-新店,2024-06-04,6464
5426,振發,38,0,38,大昌-新店,2024-06-04,6464
2609,陽明,96,59,37,大昌-新店,2024-06-04,6464
3024,憶聲,36,1,35,大昌-新店,2024-06-04,6464
2356,英業達,37,2,35,大昌-新店,2024-06-04,6464
2880,華南金,37,4,33,大昌-新店,2024-06-04,6464
6438,迅得,33,1,32,大昌-新店,2024-06-04,6464
0056,元大高股息,37,6,31,大昌-新店,2024-06-04,6464
00877,復華中國5G,31,0,31,大昌-新店,2024-06-04,6464
1301,台塑,41,12,29,大昌-新店,2024-06-04,6464
2324,仁寶,82,55,27,大昌-新店,2024-06-04,6464
2301,光寶科,34,7,27,大昌-新店,2024-06-04,6464
3230,錦明,30,3,27,大昌-新店,2024-06-04,6464
2363,矽統,58,32,26,大昌-新店,2024-06-04,6464
5251,天鉞電,25,0,25,大昌-新店,2024-06-04,6464
00713,元大台灣高息低波,25,0,25,大昌-新店,2024-06-04,6464
6125,廣運,45,20,25,大昌-新店,2024-06-04,6464
3605,宏致,26,2,24,大昌-新店,2024-06-04,6464
1609,大亞,36,13,23,大昌-新店,2024-06-04,6464
00946,群益科技高息成長,22,0,22,大昌-新店,2024-06-04,6464
2883,凱基金,668,13,655,大昌-新店,2024-06-05,6464
2331,精英,349,66,283,大昌-新店,2024-06-05,6464
00929,復華台灣科技優息,267,11,256,大昌-新店,2024-06-05,6464
00632R,元大台灣50反1,205,41,164,大昌-新店,2024-06-05,6464
00712,復華富時不動產,126,10,116,大昌-新店,2024-06-05,6464
00878,國泰永續高股息,112,0,112,大昌-新店,2024-06-05,6464
00857B,永豐20年美公債,129,17,112,大昌-新店,2024-06-05,6464
00936,台新永續高息中小,122,11,111,大昌-新店,2024-06-05,6464
00664R,國泰臺灣加權反1,85,0,85,大昌-新店,2024-06-05,6464
2324,仁寶,88,17,71,大昌-新店,2024-06-05,6464
1101,台泥,69,0,69,大昌-新店,2024-06-05,6464
2303,聯電,85,19,66,大昌-新店,2024-06-05,6464
00918,大華優利高填息30,65,0,65,大昌-新店,2024-06-05,6464
3231,緯創,71,12,59,大昌-新店,2024-06-05,6464
2351,順德,75,18,57,大昌-新店,2024-06-05,6464
3048,益登,94,40,54,大昌-新店,2024-06-05,6464
2102,泰豐,46,0,46,大昌-新店,2024-06-05,6464
2371,大同,55,9,46,大昌-新店,2024-06-05,6464
3308,聯德,42,0,42,大昌-新店,2024-06-05,6464
2354,鴻準,115,74,41,大昌-新店,2024-06-05,6464
2002,中鋼,40,2,38,大昌-新店,2024-06-05,6464
2069,運錩,37,0,37,大昌-新店,2024-06-05,6464
8047,星雲,48,12,36,大昌-新店,2024-06-05,6464
6120,達運,35,0,35,大昌-新店,2024-06-05,6464
2417,圓剛,42,7,35,大昌-新店,2024-06-05,6464
0056,元大高股息,38,4,34,大昌-新店,2024-06-05,6464
2344,華邦電,35,2,33,大昌-新店,2024-06-05,6464
00637L,元大滬深300正2,41,10,31,大昌-新店,2024-06-05,6464
00764B,群益25年美債,30,1,29,大昌-新店,2024-06-05,6464
3060,銘異,36,7,29,大昌-新店,2024-06-05,6464
3481,群創,38,9,29,大昌-新店,2024-06-05,6464
6125,廣運,37,10,27,大昌-新店,2024-06-05,6464
00642U,期元大S＆P石油,26,0,26,大昌-新店,2024-06-05,6464
00933B,國泰10Y+金融債,42,16,26,大昌-新店,2024-06-05,6464
8112,至上,36,10,26,大昌-新店,2024-06-05,6464
2105,正新,28,3,25,大昌-新店,2024-06-05,6464
3483,力致,32,7,25,大昌-新店,2024-06-05,6464
6177,達麗,24,0,24,大昌-新店,2024-06-05,6464
2888,新光金,252,230,22,大昌-新店,2024-06-05,6464
00919,群益台灣精選高息,94,72,22,大昌-新店,2024-06-05,6464
2834,臺企銀,22,0,22,大昌-新店,2024-06-05,6464
2867,三商壽,21,0,21,大昌-新店,2024-06-05,6464
6275,元山,22,1,21,大昌-新店,2024-06-05,6464
00945B,凱基美國非投等債,20,0,20,大昌-新店,2024-06-05,6464
5469,瀚宇博,22,2,20,大昌-新店,2024-06-05,6464
1605,華新,20,0,20,大昌-新店,2024-06-05,6464
2356,英業達,34,14,20,大昌-新店,2024-06-05,6464
3047,訊舟,28,8,20,大昌-新店,2024-06-05,6464
2890,永豐金,20,1,19,大昌-新店,2024-06-05,6464
2489,瑞軒,23,4,19,大昌-新店,2024-06-05,6464
2888,新光金,828,12,816,大昌-新店,2024-06-06,6464
00632R,元大台灣50反1,834,240,594,大昌-新店,2024-06-06,6464
2892,第一金,250,10,240,大昌-新店,2024-06-06,6464
00936,台新永續高息中小,177,39,138,大昌-新店,2024-06-06,6464
6269,台郡,103,3,100,大昌-新店,2024-06-06,6464
2328,廣宇,156,70,86,大昌-新店,2024-06-06,6464
2409,友達,97,13,84,大昌-新店,2024-06-06,6464
6016,康和證,75,0,75,大昌-新店,2024-06-06,6464
2609,陽明,343,268,75,大昌-新店,2024-06-06,6464
2354,鴻準,145,83,62,大昌-新店,2024-06-06,6464
6505,台塑化,56,2,54,大昌-新店,2024-06-06,6464
2867,三商壽,57,5,52,大昌-新店,2024-06-06,6464
00942B,台新美A公司債20+,52,0,52,大昌-新店,2024-06-06,6464
1303,南亞,58,11,47,大昌-新店,2024-06-06,6464
2069,運錩,47,0,47,大昌-新店,2024-06-06,6464
00929,復華台灣科技優息,54,8,46,大昌-新店,2024-06-06,6464
5864,致和證,46,0,46,大昌-新店,2024-06-06,6464
00918,大華優利高填息30,49,5,44,大昌-新店,2024-06-06,6464
1815,富喬,104,65,39,大昌-新店,2024-06-06,6464
00687B,國泰20年美債,43,4,39,大昌-新店,2024-06-06,6464
4967,十銓,56,17,39,大昌-新店,2024-06-06,6464
3231,緯創,53,14,39,大昌-新店,2024-06-06,6464
6117,迎廣,38,1,37,大昌-新店,2024-06-06,6464
2101,南港,58,22,36,大昌-新店,2024-06-06,6464
2356,英業達,39,4,35,大昌-新店,2024-06-06,6464
3202,樺晟,36,3,33,大昌-新店,2024-06-06,6464
00680L,元大美債20正2,31,0,31,大昌-新店,2024-06-06,6464
2801,彰銀,31,1,30,大昌-新店,2024-06-06,6464
3313,斐成,30,0,30,大昌-新店,2024-06-06,6464
4566,時碩工業,49,19,30,大昌-新店,2024-06-06,6464
2495,普安,30,2,28,大昌-新店,2024-06-06,6464
00664R,國泰臺灣加權反1,45,18,27,大昌-新店,2024-06-06,6464
2201,裕隆,29,3,26,大昌-新店,2024-06-06,6464
4961,天鈺,26,0,26,大昌-新店,2024-06-06,6464
5469,瀚宇博,44,19,25,大昌-新店,2024-06-06,6464
5880,合庫金,26,2,24,大昌-新店,2024-06-06,6464
8047,星雲,24,1,23,大昌-新店,2024-06-06,6464
00919,群益台灣精選高息,65,42,23,大昌-新店,2024-06-06,6464
8163,達方,21,0,21,大昌-新店,2024-06-06,6464
2537,聯上發,33,12,21,大昌-新店,2024-06-06,6464
9904,寶成,23,2,21,大昌-新店,2024-06-06,6464
2536,宏普,20,0,20,大昌-新店,2024-06-06,6464
1308,亞聚,21,1,20,大昌-新店,2024-06-06,6464
1611,中電,21,1,20,大昌-新店,2024-06-06,6464
1102,亞泥,21,1,20,大昌-新店,2024-06-06,6464
2317,鴻海,126,106,20,大昌-新店,2024-06-06,6464
2002,中鋼,41,23,18,大昌-新店,2024-06-06,6464
1605,華新,30,12,18,大昌-新店,2024-06-06,6464
5351,鈺創,17,0,17,大昌-新店,2024-06-06,6464
2641,正德,24,7,17,大昌-新店,2024-06-06,6464
00918,大華優利高填息30,404,0,404,大昌-新店,2024-06-07,6464
2331,精英,231,38,193,大昌-新店,2024-06-07,6464
3231,緯創,248,66,182,大昌-新店,2024-06-07,6464
00637L,元大滬深300正2,187,8,179,大昌-新店,2024-06-07,6464
00665L,富邦�琤肭磪囓�2,172,10,162,大昌-新店,2024-06-07,6464
00929,復華台灣科技優息,167,10,157,大昌-新店,2024-06-07,6464
00936,台新永續高息中小,147,5,142,大昌-新店,2024-06-07,6464
2353,宏��,88,22,66,大昌-新店,2024-06-07,6464
2337,旺宏,64,2,62,大昌-新店,2024-06-07,6464
2312,金寶,100,40,60,大昌-新店,2024-06-07,6464
00919,群益台灣精選高息,55,0,55,大昌-新店,2024-06-07,6464
2356,英業達,61,9,52,大昌-新店,2024-06-07,6464
2883,凱基金,150,100,50,大昌-新店,2024-06-07,6464
6269,台郡,51,3,48,大昌-新店,2024-06-07,6464
2317,鴻海,63,17,46,大昌-新店,2024-06-07,6464
2354,鴻準,66,24,42,大昌-新店,2024-06-07,6464
2367,燿華,64,25,39,大昌-新店,2024-06-07,6464
00640L,富邦日本正2,36,0,36,大昌-新店,2024-06-07,6464
2489,瑞軒,40,4,36,大昌-新店,2024-06-07,6464
2382,廣達,58,22,36,大昌-新店,2024-06-07,6464
8112,至上,59,25,34,大昌-新店,2024-06-07,6464
1101,台泥,42,8,34,大昌-新店,2024-06-07,6464
2330,台積電,36,2,34,大昌-新店,2024-06-07,6464
00878,國泰永續高股息,41,10,31,大昌-新店,2024-06-07,6464
2867,三商壽,97,67,30,大昌-新店,2024-06-07,6464
3122,笙泉,45,15,30,大昌-新店,2024-06-07,6464
9105,泰金寶-DR,62,32,30,大昌-新店,2024-06-07,6464
2002,中鋼,63,35,28,大昌-新店,2024-06-07,6464
2615,萬海,72,45,27,大昌-新店,2024-06-07,6464
00687B,國泰20年美債,46,23,23,大昌-新店,2024-06-07,6464
1806,冠軍,22,0,22,大昌-新店,2024-06-07,6464
00713,元大台灣高息低波,22,0,22,大昌-新店,2024-06-07,6464
3013,晟銘電,50,29,21,大昌-新店,2024-06-07,6464
6005,群益證,27,6,21,大昌-新店,2024-06-07,6464
5464,霖宏,21,1,20,大昌-新店,2024-06-07,6464
4534,慶騰,23,4,19,大昌-新店,2024-06-07,6464
3060,銘異,26,8,18,大昌-新店,2024-06-07,6464
00633L,富邦上証正2,22,4,18,大昌-新店,2024-06-07,6464
2886,兆豐金,28,10,18,大昌-新店,2024-06-07,6464
8096,擎亞,17,0,17,大昌-新店,2024-06-07,6464
6206,飛捷,17,0,17,大昌-新店,2024-06-07,6464
00942B,台新美A公司債20+,17,0,17,大昌-新店,2024-06-07,6464
8358,金居,18,1,17,大昌-新店,2024-06-07,6464
1524,耿鼎,20,4,16,大昌-新店,2024-06-07,6464
5309,系統電,16,0,16,大昌-新店,2024-06-07,6464
2324,仁寶,25,10,15,大昌-新店,2024-06-07,6464
2359,所羅門,16,1,15,大昌-新店,2024-06-07,6464
3037,欣興,16,1,15,大昌-新店,2024-06-07,6464
2101,南港,33,18,15,大昌-新店,2024-06-07,6464
2314,台揚,15,0,15,大昌-新店,2024-06-07,6464
3481,群創,327,16,311,大昌-新店,2024-06-11,6464
00918,大華優利高填息30,291,0,291,大昌-新店,2024-06-11,6464
5608,四維航,239,19,220,大昌-新店,2024-06-11,6464
00687B,國泰20年美債,167,4,163,大昌-新店,2024-06-11,6464
6161,捷波,142,0,142,大昌-新店,2024-06-11,6464
00919,群益台灣精選高息,136,5,131,大昌-新店,2024-06-11,6464
00937B,群益ESG投等債20,157,29,128,大昌-新店,2024-06-11,6464
00764B,群益25年美債,127,0,127,大昌-新店,2024-06-11,6464
00632R,元大台灣50反1,121,0,121,大昌-新店,2024-06-11,6464
00936,台新永續高息中小,120,2,118,大昌-新店,2024-06-11,6464
2603,長榮,150,53,97,大昌-新店,2024-06-11,6464
3024,憶聲,77,6,71,大昌-新店,2024-06-11,6464
9946,三發地產,70,1,69,大昌-新店,2024-06-11,6464
00679B,元大美債20年,110,42,68,大昌-新店,2024-06-11,6464
1815,富喬,109,43,66,大昌-新店,2024-06-11,6464
5512,力麒,62,1,61,大昌-新店,2024-06-11,6464
00929,復華台灣科技優息,161,107,54,大昌-新店,2024-06-11,6464
00934,中信成長高股息,52,0,52,大昌-新店,2024-06-11,6464
2002,中鋼,64,13,51,大昌-新店,2024-06-11,6464
00688L,國泰20年美債正2,47,0,47,大昌-新店,2024-06-11,6464
2888,新光金,65,18,47,大昌-新店,2024-06-11,6464
00857B,永豐20年美公債,43,0,43,大昌-新店,2024-06-11,6464
2882,國泰金,54,14,40,大昌-新店,2024-06-11,6464
1618,合機,77,36,41,大昌-新店,2024-06-11,6464
2367,燿華,63,24,39,大昌-新店,2024-06-11,6464
2356,英業達,50,14,36,大昌-新店,2024-06-11,6464
2891,中信金,48,13,35,大昌-新店,2024-06-11,6464
5426,振發,33,0,33,大昌-新店,2024-06-11,6464
2641,正德,34,2,32,大昌-新店,2024-06-11,6464
2351,順德,52,21,31,大昌-新店,2024-06-11,6464
2501,國建,62,32,30,大昌-新店,2024-06-11,6464
1909,榮成,30,0,30,大昌-新店,2024-06-11,6464
1802,台玻,185,156,29,大昌-新店,2024-06-11,6464
1609,大亞,44,16,28,大昌-新店,2024-06-11,6464
00680L,元大美債20正2,28,0,28,大昌-新店,2024-06-11,6464
1303,南亞,31,4,27,大昌-新店,2024-06-11,6464
4967,十銓,39,13,26,大昌-新店,2024-06-11,6464
00942B,台新美A公司債20+,25,0,25,大昌-新店,2024-06-11,6464
2337,旺宏,30,6,24,大昌-新店,2024-06-11,6464
2536,宏普,23,0,23,大昌-新店,2024-06-11,6464
1304,台聚,23,0,23,大昌-新店,2024-06-11,6464
3047,訊舟,51,28,23,大昌-新店,2024-06-11,6464
2885,元大金,23,1,22,大昌-新店,2024-06-11,6464
4533,協易機,31,9,22,大昌-新店,2024-06-11,6464
1325,恆大,23,1,22,大昌-新店,2024-06-11,6464
5871,中租-KY,22,1,21,大昌-新店,2024-06-11,6464
2611,志信,31,10,21,大昌-新店,2024-06-11,6464
3231,緯創,42,21,21,大昌-新店,2024-06-11,6464
00878,國泰永續高股息,32,12,20,大昌-新店,2024-06-11,6464
1608,華榮,50,29,21,大昌-新店,2024-06-11,6464
2888,新光金,387,23,364,大昌-新店,2024-06-12,6464
2371,大同,308,8,300,大昌-新店,2024-06-12,6464
1815,富喬,215,13,202,大昌-新店,2024-06-12,6464
00687B,國泰20年美債,156,1,155,大昌-新店,2024-06-12,6464
2801,彰銀,111,0,111,大昌-新店,2024-06-12,6464
2867,三商壽,116,7,109,大昌-新店,2024-06-12,6464
00948B,中信優息投資級債,94,0,94,大昌-新店,2024-06-12,6464
00632R,元大台灣50反1,193,110,83,大昌-新店,2024-06-12,6464
2883,凱基金,113,34,79,大昌-新店,2024-06-12,6464
1909,榮成,70,0,70,大昌-新店,2024-06-12,6464
1101,台泥,83,13,70,大昌-新店,2024-06-12,6464
00712,復華富時不動產,66,0,66,大昌-新店,2024-06-12,6464
8112,至上,187,124,63,大昌-新店,2024-06-12,6464
2201,裕隆,61,0,61,大昌-新店,2024-06-12,6464
00919,群益台灣精選高息,84,24,60,大昌-新店,2024-06-12,6464
2615,萬海,104,45,59,大昌-新店,2024-06-12,6464
2609,陽明,191,133,58,大昌-新店,2024-06-12,6464
00947,台新臺灣IC設計,54,0,54,大昌-新店,2024-06-12,6464
1604,聲寶,53,0,53,大昌-新店,2024-06-12,6464
4157,太景*-KY,48,0,48,大昌-新店,2024-06-12,6464
1316,上曜,52,7,45,大昌-新店,2024-06-12,6464
6269,台郡,50,5,45,大昌-新店,2024-06-12,6464
2603,長榮,70,26,44,大昌-新店,2024-06-12,6464
00857B,永豐20年美公債,40,0,40,大昌-新店,2024-06-12,6464
00664R,國泰臺灣加權反1,40,0,40,大昌-新店,2024-06-12,6464
2892,第一金,40,3,37,大昌-新店,2024-06-12,6464
00918,大華優利高填息30,37,0,37,大昌-新店,2024-06-12,6464
2002,中鋼,44,8,36,大昌-新店,2024-06-12,6464
2409,友達,40,5,35,大昌-新店,2024-06-12,6464
2897,王道銀行,35,0,35,大昌-新店,2024-06-12,6464
2107,厚生,35,0,35,大昌-新店,2024-06-12,6464
3372,典範,35,2,33,大昌-新店,2024-06-12,6464
00933B,國泰10Y+金融債,42,10,32,大昌-新店,2024-06-12,6464
9933,中鼎,30,0,30,大昌-新店,2024-06-12,6464
2324,仁寶,32,2,30,大昌-新店,2024-06-12,6464
9904,寶成,28,0,28,大昌-新店,2024-06-12,6464
00936,台新永續高息中小,40,14,26,大昌-新店,2024-06-12,6464
8107,大億金茂,27,1,26,大昌-新店,2024-06-12,6464
6161,捷波,26,0,26,大昌-新店,2024-06-12,6464
2356,英業達,79,53,26,大昌-新店,2024-06-12,6464
2610,華航,73,48,25,大昌-新店,2024-06-12,6464
5608,四維航,40,15,25,大昌-新店,2024-06-12,6464
3024,憶聲,24,0,24,大昌-新店,2024-06-12,6464
5512,力麒,28,4,24,大昌-新店,2024-06-12,6464
2495,普安,24,0,24,大昌-新店,2024-06-12,6464
9946,三發地產,23,1,22,大昌-新店,2024-06-12,6464
2340,台亞,23,1,22,大昌-新店,2024-06-12,6464
2501,國建,27,6,21,大昌-新店,2024-06-12,6464
1611,中電,21,1,20,大昌-新店,2024-06-12,6464
3535,晶彩科,31,12,19,大昌-新店,2024-06-12,6464
00948B,中信優息投資級債,448,0,448,大昌-新店,2024-06-13,6464
3481,群創,340,17,323,大昌-新店,2024-06-13,6464
00687B,國泰20年美債,223,10,213,大昌-新店,2024-06-13,6464
00946,群益科技高息成長,128,2,126,大昌-新店,2024-06-13,6464
1815,富喬,288,165,123,大昌-新店,2024-06-13,6464
00650L,復華香港正2,121,9,112,大昌-新店,2024-06-13,6464
00753L,中信中國50正2,104,0,104,大昌-新店,2024-06-13,6464
2312,金寶,132,40,92,大昌-新店,2024-06-13,6464
2354,鴻準,95,10,85,大昌-新店,2024-06-13,6464
2609,陽明,143,74,69,大昌-新店,2024-06-13,6464
2208,台船,62,0,62,大昌-新店,2024-06-13,6464
2618,長榮航,99,38,61,大昌-新店,2024-06-13,6464
2353,宏��,88,31,57,大昌-新店,2024-06-13,6464
9933,中鼎,50,1,49,大昌-新店,2024-06-13,6464
00947,台新臺灣IC設計,48,0,48,大昌-新店,2024-06-13,6464
2367,燿華,80,32,48,大昌-新店,2024-06-13,6464
2002,中鋼,46,2,44,大昌-新店,2024-06-13,6464
00918,大華優利高填息30,39,2,37,大昌-新店,2024-06-13,6464
9105,泰金寶-DR,60,25,35,大昌-新店,2024-06-13,6464
2368,金像電,35,0,35,大昌-新店,2024-06-13,6464
2323,中環,35,0,35,大昌-新店,2024-06-13,6464
6216,居易,37,6,31,大昌-新店,2024-06-13,6464
1314,中石化,36,5,31,大昌-新店,2024-06-13,6464
3450,聯鈞,65,36,29,大昌-新店,2024-06-13,6464
8107,大億金茂,30,4,26,大昌-新店,2024-06-13,6464
4167,松瑞藥,31,6,25,大昌-新店,2024-06-13,6464
2616,山隆,27,2,25,大昌-新店,2024-06-13,6464
4157,太景*-KY,25,0,25,大昌-新店,2024-06-13,6464
3372,典範,43,20,23,大昌-新店,2024-06-13,6464
6282,康舒,32,11,21,大昌-新店,2024-06-13,6464
3548,兆利,34,13,21,大昌-新店,2024-06-13,6464
3694,海華,21,0,21,大昌-新店,2024-06-13,6464
6015,宏遠證,21,0,21,大昌-新店,2024-06-13,6464
00713,元大台灣高息低波,20,0,20,大昌-新店,2024-06-13,6464
3339,泰谷,20,0,20,大昌-新店,2024-06-13,6464
1305,華夏,20,0,20,大昌-新店,2024-06-13,6464
00937B,群益ESG投等債20,71,52,19,大昌-新店,2024-06-13,6464
00664R,國泰臺灣加權反1,33,14,19,大昌-新店,2024-06-13,6464
6147,頎邦,21,2,19,大昌-新店,2024-06-13,6464
8110,華東,41,22,19,大昌-新店,2024-06-13,6464
2417,圓剛,26,8,18,大昌-新店,2024-06-13,6464
2069,運錩,18,0,18,大昌-新店,2024-06-13,6464
4906,正文,39,23,16,大昌-新店,2024-06-13,6464
6125,廣運,30,14,16,大昌-新店,2024-06-13,6464
00764B,群益25年美債,16,0,16,大昌-新店,2024-06-13,6464
2359,所羅門,50,34,16,大昌-新店,2024-06-13,6464
2603,長榮,40,24,16,大昌-新店,2024-06-13,6464
2606,裕民,22,7,15,大昌-新店,2024-06-13,6464
8016,矽創,15,0,15,大昌-新店,2024-06-13,6464
2201,裕隆,20,5,15,大昌-新店,2024-06-13,6464
2888,新光金,128,9,119,大昌-新店,2024-06-14,6464
00947,台新臺灣IC設計,109,0,109,大昌-新店,2024-06-14,6464
00929,復華台灣科技優息,117,10,107,大昌-新店,2024-06-14,6464
2801,彰銀,106,0,106,大昌-新店,2024-06-14,6464
4967,十銓,142,52,90,大昌-新店,2024-06-14,6464
6548,長科*,88,0,88,大昌-新店,2024-06-14,6464
00948B,中信優息投資級債,74,0,74,大昌-新店,2024-06-14,6464
3450,聯鈞,87,16,71,大昌-新店,2024-06-14,6464
8112,至上,74,9,65,大昌-新店,2024-06-14,6464
2371,大同,291,234,57,大昌-新店,2024-06-14,6464
9904,寶成,58,1,57,大昌-新店,2024-06-14,6464
2303,聯電,68,15,53,大昌-新店,2024-06-14,6464
00857B,永豐20年美公債,56,5,51,大昌-新店,2024-06-14,6464
00946,群益科技高息成長,43,0,43,大昌-新店,2024-06-14,6464
2208,台船,40,0,40,大昌-新店,2024-06-14,6464
2537,聯上發,54,16,38,大昌-新店,2024-06-14,6464
2392,正崴,96,59,37,大昌-新店,2024-06-14,6464
2353,宏��,45,9,36,大昌-新店,2024-06-14,6464
2618,長榮航,38,4,34,大昌-新店,2024-06-14,6464
2486,一詮,37,7,30,大昌-新店,2024-06-14,6464
2356,英業達,61,31,30,大昌-新店,2024-06-14,6464
3231,緯創,46,16,30,大昌-新店,2024-06-14,6464
2017,官田鋼,30,1,29,大昌-新店,2024-06-14,6464
2606,裕民,43,15,28,大昌-新店,2024-06-14,6464
00665L,富邦�琤肭磪囓�2,50,23,27,大昌-新店,2024-06-14,6464
2002,中鋼,32,7,25,大昌-新店,2024-06-14,6464
3047,訊舟,35,11,24,大昌-新店,2024-06-14,6464
00687B,國泰20年美債,48,25,23,大昌-新店,2024-06-14,6464
6116,彩晶,29,7,22,大昌-新店,2024-06-14,6464
00632R,元大台灣50反1,23,1,22,大昌-新店,2024-06-14,6464
2365,昆盈,29,7,22,大昌-新店,2024-06-14,6464
2520,冠德,25,3,22,大昌-新店,2024-06-14,6464
2344,華邦電,39,18,21,大昌-新店,2024-06-14,6464
00940,元大台灣價值高息,108,88,20,大昌-新店,2024-06-14,6464
00933B,國泰10Y+金融債,21,1,20,大昌-新店,2024-06-14,6464
2027,大成鋼,19,0,19,大昌-新店,2024-06-14,6464
4533,協易機,30,12,18,大昌-新店,2024-06-14,6464
4543,萬在,35,17,18,大昌-新店,2024-06-14,6464
00936,台新永續高息中小,31,13,18,大昌-新店,2024-06-14,6464
1608,華榮,85,67,18,大昌-新店,2024-06-14,6464
00939,統一台灣高息動能,17,0,17,大昌-新店,2024-06-14,6464
5009,榮剛,17,0,17,大昌-新店,2024-06-14,6464
2330,台積電,24,8,16,大昌-新店,2024-06-14,6464
1617,榮星,23,7,16,大昌-新店,2024-06-14,6464
8039,台虹,16,0,16,大昌-新店,2024-06-14,6464
6770,力積電,42,26,16,大昌-新店,2024-06-14,6464
1909,榮成,15,0,15,大昌-新店,2024-06-14,6464
2472,立隆電,16,1,15,大昌-新店,2024-06-14,6464
2338,光罩,15,0,15,大昌-新店,2024-06-14,6464
5876,上海商銀,15,0,15,大昌-新店,2024-06-14,6464
00929,復華台灣科技優息,371,94,277,大昌-新店,2024-06-17,6464
00632R,元大台灣50反1,381,163,218,大昌-新店,2024-06-17,6464
00712,復華富時不動產,205,0,205,大昌-新店,2024-06-17,6464
2025,千興,320,119,201,大昌-新店,2024-06-17,6464
00937B,群益ESG投等債20,197,4,193,大昌-新店,2024-06-17,6464
00918,大華優利高填息30,205,13,192,大昌-新店,2024-06-17,6464
00665L,富邦�琤肭磪囓�2,320,190,130,大昌-新店,2024-06-17,6464
2356,英業達,118,12,106,大昌-新店,2024-06-17,6464
00933B,國泰10Y+金融債,103,0,103,大昌-新店,2024-06-17,6464
2637,慧洋-KY,86,2,84,大昌-新店,2024-06-17,6464
3024,憶聲,59,5,54,大昌-新店,2024-06-17,6464
3481,群創,180,128,52,大昌-新店,2024-06-17,6464
00713,元大台灣高息低波,50,3,47,大昌-新店,2024-06-17,6464
3029,零壹,46,0,46,大昌-新店,2024-06-17,6464
2609,陽明,130,85,45,大昌-新店,2024-06-17,6464
2371,大同,360,318,42,大昌-新店,2024-06-17,6464
2367,燿華,50,9,41,大昌-新店,2024-06-17,6464
00942B,台新美A公司債20+,41,0,41,大昌-新店,2024-06-17,6464
2615,萬海,84,45,39,大昌-新店,2024-06-17,6464
2867,三商壽,39,0,39,大昌-新店,2024-06-17,6464
1503,士電,54,19,35,大昌-新店,2024-06-17,6464
2382,廣達,63,30,33,大昌-新店,2024-06-17,6464
6274,台燿,33,0,33,大昌-新店,2024-06-17,6464
1513,中興電,53,20,33,大昌-新店,2024-06-17,6464
2328,廣宇,41,9,32,大昌-新店,2024-06-17,6464
2515,中工,32,0,32,大昌-新店,2024-06-17,6464
8112,至上,34,4,30,大昌-新店,2024-06-17,6464
00640L,富邦日本正2,32,2,30,大昌-新店,2024-06-17,6464
00764B,群益25年美債,29,0,29,大昌-新店,2024-06-17,6464
2616,山隆,29,0,29,大昌-新店,2024-06-17,6464
2618,長榮航,31,3,28,大昌-新店,2024-06-17,6464
5243,乙盛-KY,30,3,27,大昌-新店,2024-06-17,6464
1605,華新,31,5,26,大昌-新店,2024-06-17,6464
6546,正基,27,2,25,大昌-新店,2024-06-17,6464
00948B,中信優息投資級債,26,2,24,大昌-新店,2024-06-17,6464
3694,海華,23,1,22,大昌-新店,2024-06-17,6464
9105,泰金寶-DR,22,0,22,大昌-新店,2024-06-17,6464
6488,環球晶,22,0,22,大昌-新店,2024-06-17,6464
1781,合世,23,1,22,大昌-新店,2024-06-17,6464
4561,健椿,21,0,21,大昌-新店,2024-06-17,6464
6143,振曜,23,2,21,大昌-新店,2024-06-17,6464
2317,鴻海,111,90,21,大昌-新店,2024-06-17,6464
4157,太景*-KY,25,5,20,大昌-新店,2024-06-17,6464
1440,南紡,20,0,20,大昌-新店,2024-06-17,6464
5512,力麒,20,0,20,大昌-新店,2024-06-17,6464
1608,華榮,53,34,19,大昌-新店,2024-06-17,6464
2883,凱基金,26,7,19,大昌-新店,2024-06-17,6464
2645,長榮航太,20,1,19,大昌-新店,2024-06-17,6464
1504,東元,29,10,19,大昌-新店,2024-06-17,6464
1817,凱撒衛,18,0,18,大昌-新店,2024-06-17,6464
9105,泰金寶-DR,349,13,336,大昌-新店,2024-06-18,6464
00929,復華台灣科技優息,307,87,220,大昌-新店,2024-06-18,6464
2025,千興,217,20,197,大昌-新店,2024-06-18,6464
00937B,群益ESG投等債20,122,23,99,大昌-新店,2024-06-18,6464
00918,大華優利高填息30,128,36,92,大昌-新店,2024-06-18,6464
00936,台新永續高息中小,127,40,87,大昌-新店,2024-06-18,6464
00940,元大台灣價值高息,107,28,79,大昌-新店,2024-06-18,6464
1312,國喬,70,0,70,大昌-新店,2024-06-18,6464
5009,榮剛,76,7,69,大昌-新店,2024-06-18,6464
1504,東元,78,10,68,大昌-新店,2024-06-18,6464
8096,擎亞,96,32,64,大昌-新店,2024-06-18,6464
3376,新日興,69,9,60,大昌-新店,2024-06-18,6464
5483,中美晶,60,3,57,大昌-新店,2024-06-18,6464
2883,凱基金,67,11,56,大昌-新店,2024-06-18,6464
00709,富邦歐洲,56,0,56,大昌-新店,2024-06-18,6464
1802,台玻,168,118,50,大昌-新店,2024-06-18,6464
00713,元大台灣高息低波,51,2,49,大昌-新店,2024-06-18,6464
1301,台塑,54,6,48,大昌-新店,2024-06-18,6464
2888,新光金,63,18,45,大昌-新店,2024-06-18,6464
00737,國泰AI+Robo,40,0,40,大昌-新店,2024-06-18,6464
00632R,元大台灣50反1,253,215,38,大昌-新店,2024-06-18,6464
00948B,中信優息投資級債,37,0,37,大昌-新店,2024-06-18,6464
3379,彬台,33,0,33,大昌-新店,2024-06-18,6464
2495,普安,31,0,31,大昌-新店,2024-06-18,6464
6770,力積電,45,14,31,大昌-新店,2024-06-18,6464
2367,燿華,40,10,30,大昌-新店,2024-06-18,6464
2353,宏��,51,21,30,大昌-新店,2024-06-18,6464
2486,一詮,32,4,28,大昌-新店,2024-06-18,6464
1815,富喬,64,36,28,大昌-新店,2024-06-18,6464
2887,台新金,25,0,25,大昌-新店,2024-06-18,6464
00687B,國泰20年美債,32,7,25,大昌-新店,2024-06-18,6464
2354,鴻準,38,14,24,大昌-新店,2024-06-18,6464
2031,新光鋼,29,5,24,大昌-新店,2024-06-18,6464
2542,興富發,22,0,22,大昌-新店,2024-06-18,6464
5443,均豪,46,25,21,大昌-新店,2024-06-18,6464
6505,台塑化,21,0,21,大昌-新店,2024-06-18,6464
2464,盟立,25,4,21,大昌-新店,2024-06-18,6464
3710,連展投控,19,0,19,大昌-新店,2024-06-18,6464
3041,揚智,41,22,19,大昌-新店,2024-06-18,6464
00919,群益台灣精選高息,57,38,19,大昌-新店,2024-06-18,6464
4306,炎洲,18,0,18,大昌-新店,2024-06-18,6464
2206,三陽工業,25,8,17,大昌-新店,2024-06-18,6464
3013,晟銘電,23,6,17,大昌-新店,2024-06-18,6464
2392,正崴,52,36,16,大昌-新店,2024-06-18,6464
4534,慶騰,18,2,16,大昌-新店,2024-06-18,6464
5213,亞昕,16,0,16,大昌-新店,2024-06-18,6464
6757,台灣虎航,16,0,16,大昌-新店,2024-06-18,6464
00660,元大歐洲50,15,0,15,大昌-新店,2024-06-18,6464
6257,矽格,16,1,15,大昌-新店,2024-06-18,6464
6438,迅得,15,0,15,大昌-新店,2024-06-18,6464
00664R,國泰臺灣加權反1,585,130,455,大昌-新店,2024-06-19,6464
3481,群創,325,41,284,大昌-新店,2024-06-19,6464
00936,台新永續高息中小,216,21,195,大昌-新店,2024-06-19,6464
00632R,元大台灣50反1,286,121,165,大昌-新店,2024-06-19,6464
00687B,國泰20年美債,162,37,125,大昌-新店,2024-06-19,6464
2337,旺宏,138,22,116,大昌-新店,2024-06-19,6464
5009,榮剛,114,10,104,大昌-新店,2024-06-19,6464
2331,精英,102,0,102,大昌-新店,2024-06-19,6464
6026,福邦證,100,0,100,大昌-新店,2024-06-19,6464
2371,大同,105,25,80,大昌-新店,2024-06-19,6464
6770,力積電,102,23,79,大昌-新店,2024-06-19,6464
00650L,復華香港正2,100,22,78,大昌-新店,2024-06-19,6464
00946,群益科技高息成長,71,1,70,大昌-新店,2024-06-19,6464
1605,華新,100,30,70,大昌-新店,2024-06-19,6464
8112,至上,96,32,64,大昌-新店,2024-06-19,6464
3062,建漢,142,79,63,大昌-新店,2024-06-19,6464
00737,國泰AI+Robo,60,2,58,大昌-新店,2024-06-19,6464
00712,復華富時不動產,54,5,49,大昌-新店,2024-06-19,6464
2801,彰銀,49,0,49,大昌-新店,2024-06-19,6464
9945,潤泰新,48,2,46,大昌-新店,2024-06-19,6464
2103,台橡,45,0,45,大昌-新店,2024-06-19,6464
8064,東捷,59,15,44,大昌-新店,2024-06-19,6464
6548,長科*,41,0,41,大昌-新店,2024-06-19,6464
9105,泰金寶-DR,52,11,41,大昌-新店,2024-06-19,6464
00679B,元大美債20年,51,10,41,大昌-新店,2024-06-19,6464
00897,富邦基因免疫生技,36,0,36,大昌-新店,2024-06-19,6464
1711,永光,33,0,33,大昌-新店,2024-06-19,6464
00881,國泰台灣5G+,55,22,33,大昌-新店,2024-06-19,6464
2353,宏��,63,31,32,大昌-新店,2024-06-19,6464
8107,大億金茂,32,0,32,大昌-新店,2024-06-19,6464
0056,元大高股息,48,17,31,大昌-新店,2024-06-19,6464
2606,裕民,37,8,29,大昌-新店,2024-06-19,6464
3664,安瑞-KY,28,0,28,大昌-新店,2024-06-19,6464
2409,友達,36,8,28,大昌-新店,2024-06-19,6464
3041,揚智,38,11,27,大昌-新店,2024-06-19,6464
5371,中光電,32,7,25,大昌-新店,2024-06-19,6464
8070,長華*,22,0,22,大昌-新店,2024-06-19,6464
6109,亞元,22,0,22,大昌-新店,2024-06-19,6464
3048,益登,112,90,22,大昌-新店,2024-06-19,6464
00713,元大台灣高息低波,23,2,21,大昌-新店,2024-06-19,6464
00940,元大台灣價值高息,81,60,21,大昌-新店,2024-06-19,6464
1305,華夏,20,0,20,大昌-新店,2024-06-19,6464
1815,富喬,51,32,19,大昌-新店,2024-06-19,6464
2520,冠德,21,2,19,大昌-新店,2024-06-19,6464
2365,昆盈,106,87,19,大昌-新店,2024-06-19,6464
8092,建暐,20,2,18,大昌-新店,2024-06-19,6464
1342,八貫,18,0,18,大昌-新店,2024-06-19,6464
6190,萬泰科,20,2,18,大昌-新店,2024-06-19,6464
3017,奇鋐,22,5,17,大昌-新店,2024-06-19,6464
00933B,國泰10Y+金融債,26,9,17,大昌-新店,2024-06-19,6464
00936,台新永續高息中小,159,17,142,大昌-新店,2024-06-20,6464
00679B,元大美債20年,138,31,107,大昌-新店,2024-06-20,6464
00942B,台新美A公司債20+,106,0,106,大昌-新店,2024-06-20,6464
00919,群益台灣精選高息,166,79,87,大昌-新店,2024-06-20,6464
2392,正崴,103,22,81,大昌-新店,2024-06-20,6464
1310,台苯,71,0,71,大昌-新店,2024-06-20,6464
00712,復華富時不動產,55,0,55,大昌-新店,2024-06-20,6464
2353,宏��,76,21,55,大昌-新店,2024-06-20,6464
9105,泰金寶-DR,54,1,53,大昌-新店,2024-06-20,6464
0056,元大高股息,68,22,46,大昌-新店,2024-06-20,6464
2610,華航,72,27,45,大昌-新店,2024-06-20,6464
4533,協易機,44,0,44,大昌-新店,2024-06-20,6464
2002,中鋼,53,12,41,大昌-新店,2024-06-20,6464
00937B,群益ESG投等債20,61,22,39,大昌-新店,2024-06-20,6464
2330,台積電,52,13,39,大昌-新店,2024-06-20,6464
2615,萬海,72,33,39,大昌-新店,2024-06-20,6464
00947,台新臺灣IC設計,38,0,38,大昌-新店,2024-06-20,6464
2025,千興,36,1,35,大昌-新店,2024-06-20,6464
00632R,元大台灣50反1,95,60,35,大昌-新店,2024-06-20,6464
00915,凱基優選高股息30,34,0,34,大昌-新店,2024-06-20,6464
8277,商丞,35,1,34,大昌-新店,2024-06-20,6464
00940,元大台灣價值高息,90,58,32,大昌-新店,2024-06-20,6464
00751B,元大AAA至A公司債,30,0,30,大昌-新店,2024-06-20,6464
4167,松瑞藥,30,0,30,大昌-新店,2024-06-20,6464
5388,中磊,31,4,27,大昌-新店,2024-06-20,6464
3372,典範,29,3,26,大昌-新店,2024-06-20,6464
1609,大亞,48,24,24,大昌-新店,2024-06-20,6464
00664R,國泰臺灣加權反1,57,34,23,大昌-新店,2024-06-20,6464
00948B,中信優息投資級債,23,0,23,大昌-新店,2024-06-20,6464
00939,統一台灣高息動能,25,2,23,大昌-新店,2024-06-20,6464
1582,信錦,25,3,22,大昌-新店,2024-06-20,6464
6026,福邦證,22,0,22,大昌-新店,2024-06-20,6464
2303,聯電,81,59,22,大昌-新店,2024-06-20,6464
00713,元大台灣高息低波,21,0,21,大昌-新店,2024-06-20,6464
00640L,富邦日本正2,20,0,20,大昌-新店,2024-06-20,6464
1109,信大,20,0,20,大昌-新店,2024-06-20,6464
1301,台塑,25,5,20,大昌-新店,2024-06-20,6464
2382,廣達,106,89,17,大昌-新店,2024-06-20,6464
8039,台虹,29,12,17,大昌-新店,2024-06-20,6464
00946,群益科技高息成長,27,10,17,大昌-新店,2024-06-20,6464
1219,福壽,16,0,16,大昌-新店,2024-06-20,6464
6239,力成,23,8,15,大昌-新店,2024-06-20,6464
6117,迎廣,27,12,15,大昌-新店,2024-06-20,6464
1326,台化,18,3,15,大昌-新店,2024-06-20,6464
2515,中工,19,5,14,大昌-新店,2024-06-20,6464
1618,合機,31,18,13,大昌-新店,2024-06-20,6464
00772B,中信高評級公司債,13,0,13,大昌-新店,2024-06-20,6464
00933B,國泰10Y+金融債,32,20,12,大昌-新店,2024-06-20,6464
1587,吉茂,13,1,12,大昌-新店,2024-06-20,6464
9904,寶成,13,1,12,大昌-新店,2024-06-20,6464
1909,榮成,370,70,300,大昌-新店,2024-06-21,6464
00940,元大台灣價值高息,271,99,172,大昌-新店,2024-06-21,6464
00933B,國泰10Y+金融債,165,1,164,大昌-新店,2024-06-21,6464
00948B,中信優息投資級債,124,5,119,大昌-新店,2024-06-21,6464
00687B,國泰20年美債,128,10,118,大昌-新店,2024-06-21,6464
2317,鴻海,169,59,110,大昌-新店,2024-06-21,6464
00937B,群益ESG投等債20,184,75,109,大昌-新店,2024-06-21,6464
1326,台化,90,1,89,大昌-新店,2024-06-21,6464
00679B,元大美債20年,78,14,64,大昌-新店,2024-06-21,6464
1313,聯成,63,0,63,大昌-新店,2024-06-21,6464
1301,台塑,62,2,60,大昌-新店,2024-06-21,6464
2313,華通,75,17,58,大昌-新店,2024-06-21,6464
00665L,富邦�琤肭磪囓�2,76,20,56,大昌-新店,2024-06-21,6464
2606,裕民,57,3,54,大昌-新店,2024-06-21,6464
00632R,元大台灣50反1,110,62,48,大昌-新店,2024-06-21,6464
00905,FT臺灣Smart,44,0,44,大昌-新店,2024-06-21,6464
2520,冠德,55,12,43,大昌-新店,2024-06-21,6464
00637L,元大滬深300正2,111,69,42,大昌-新店,2024-06-21,6464
5371,中光電,48,7,41,大昌-新店,2024-06-21,6464
0056,元大高股息,50,17,33,大昌-新店,2024-06-21,6464
3363,上詮,41,9,32,大昌-新店,2024-06-21,6464
5009,榮剛,35,5,30,大昌-新店,2024-06-21,6464
00915,凱基優選高股息30,30,0,30,大昌-新店,2024-06-21,6464
8105,凌巨,50,20,30,大昌-新店,2024-06-21,6464
2329,華泰,90,61,29,大昌-新店,2024-06-21,6464
4306,炎洲,36,7,29,大昌-新店,2024-06-21,6464
00640L,富邦日本正2,30,2,28,大昌-新店,2024-06-21,6464
2382,廣達,56,29,27,大昌-新店,2024-06-21,6464
2330,台積電,40,14,26,大昌-新店,2024-06-21,6464
2634,漢翔,33,8,25,大昌-新店,2024-06-21,6464
00650L,復華香港正2,25,0,25,大昌-新店,2024-06-21,6464
00738U,期元大道瓊白銀,25,0,25,大昌-新店,2024-06-21,6464
00936,台新永續高息中小,27,2,25,大昌-新店,2024-06-21,6464
8076,伍豐,32,8,24,大昌-新店,2024-06-21,6464
8011,台通,28,4,24,大昌-新店,2024-06-21,6464
6109,亞元,30,8,22,大昌-新店,2024-06-21,6464
2548,華固,28,7,21,大昌-新店,2024-06-21,6464
1474,弘裕,20,0,20,大昌-新店,2024-06-21,6464
2867,三商壽,30,10,20,大昌-新店,2024-06-21,6464
6757,台灣虎航,22,2,20,大昌-新店,2024-06-21,6464
2354,鴻準,34,15,19,大昌-新店,2024-06-21,6464
8112,至上,22,4,18,大昌-新店,2024-06-21,6464
9946,三發地產,21,3,18,大昌-新店,2024-06-21,6464
1611,中電,21,3,18,大昌-新店,2024-06-21,6464
2344,華邦電,34,16,18,大昌-新店,2024-06-21,6464
00830,國泰費城半導體,18,0,18,大昌-新店,2024-06-21,6464
00713,元大台灣高息低波,19,2,17,大昌-新店,2024-06-21,6464
2498,宏達電,54,37,17,大昌-新店,2024-06-21,6464
6117,迎廣,18,1,17,大昌-新店,2024-06-21,6464
6125,廣運,22,6,16,大昌-新店,2024-06-21,6464
3481,群創,1110,222,888,大昌-新店,2024-06-24,6464
00940,元大台灣價值高息,1084,414,670,大昌-新店,2024-06-24,6464
00919,群益台灣精選高息,678,302,376,大昌-新店,2024-06-24,6464
00929,復華台灣科技優息,281,40,241,大昌-新店,2024-06-24,6464
2337,旺宏,143,21,122,大昌-新店,2024-06-24,6464
1909,榮成,101,0,101,大昌-新店,2024-06-24,6464
3231,緯創,98,11,87,大昌-新店,2024-06-24,6464
1785,光洋科,144,74,70,大昌-新店,2024-06-24,6464
00632R,元大台灣50反1,133,65,68,大昌-新店,2024-06-24,6464
00878,國泰永續高股息,68,2,66,大昌-新店,2024-06-24,6464
2618,長榮航,157,95,62,大昌-新店,2024-06-24,6464
6026,福邦證,61,0,61,大昌-新店,2024-06-24,6464
2002,中鋼,63,5,58,大昌-新店,2024-06-24,6464
00725B,國泰投資級公司債,57,0,57,大昌-新店,2024-06-24,6464
9105,泰金寶-DR,71,14,57,大昌-新店,2024-06-24,6464
2615,萬海,85,30,55,大昌-新店,2024-06-24,6464
2353,宏��,80,27,53,大昌-新店,2024-06-24,6464
00640L,富邦日本正2,50,0,50,大昌-新店,2024-06-24,6464
00937B,群益ESG投等債20,56,8,48,大昌-新店,2024-06-24,6464
6546,正基,62,15,47,大昌-新店,2024-06-24,6464
1314,中石化,86,39,47,大昌-新店,2024-06-24,6464
2069,運錩,46,0,46,大昌-新店,2024-06-24,6464
2330,台積電,63,19,44,大昌-新店,2024-06-24,6464
2603,長榮,47,3,44,大昌-新店,2024-06-24,6464
1815,富喬,59,16,43,大昌-新店,2024-06-24,6464
4967,十銓,53,12,41,大昌-新店,2024-06-24,6464
2369,菱生,68,28,40,大昌-新店,2024-06-24,6464
2609,陽明,83,44,39,大昌-新店,2024-06-24,6464
3498,陽程,57,19,38,大昌-新店,2024-06-24,6464
2347,聯強,38,2,36,大昌-新店,2024-06-24,6464
6176,瑞儀,35,1,34,大昌-新店,2024-06-24,6464
3576,聯合再生,36,3,33,大昌-新店,2024-06-24,6464
0056,元大高股息,40,8,32,大昌-新店,2024-06-24,6464
2382,廣達,67,36,31,大昌-新店,2024-06-24,6464
00946,群益科技高息成長,34,4,30,大昌-新店,2024-06-24,6464
3202,樺晟,26,0,26,大昌-新店,2024-06-24,6464
8358,金居,31,5,26,大昌-新店,2024-06-24,6464
8112,至上,58,32,26,大昌-新店,2024-06-24,6464
2489,瑞軒,29,4,25,大昌-新店,2024-06-24,6464
3483,力致,30,5,25,大昌-新店,2024-06-24,6464
1301,台塑,28,3,25,大昌-新店,2024-06-24,6464
3260,威剛,23,0,23,大昌-新店,2024-06-24,6464
5328,華容,28,6,22,大昌-新店,2024-06-24,6464
4958,臻鼎-KY,28,6,22,大昌-新店,2024-06-24,6464
8064,東捷,48,27,21,大昌-新店,2024-06-24,6464
3048,益登,38,17,21,大昌-新店,2024-06-24,6464
3163,波若威,41,21,20,大昌-新店,2024-06-24,6464
00942B,台新美A公司債20+,20,0,20,大昌-新店,2024-06-24,6464
00891,中信關鍵半導體,20,0,20,大昌-新店,2024-06-24,6464
2836,高雄銀,20,0,20,大昌-新店,2024-06-24,6464
3481,群創,928,231,697,大昌-新店,2024-06-25,6464
2888,新光金,521,27,494,大昌-新店,2024-06-25,6464
00929,復華台灣科技優息,223,33,190,大昌-新店,2024-06-25,6464
2409,友達,254,77,177,大昌-新店,2024-06-25,6464
6770,力積電,131,5,126,大昌-新店,2024-06-25,6464
00919,群益台灣精選高息,340,231,109,大昌-新店,2024-06-25,6464
1314,中石化,167,63,104,大昌-新店,2024-06-25,6464
00948B,中信優息投資級債,102,0,102,大昌-新店,2024-06-25,6464
00725B,國泰投資級公司債,90,1,89,大昌-新店,2024-06-25,6464
1815,富喬,110,30,80,大昌-新店,2024-06-25,6464
1752,南光,70,0,70,大昌-新店,2024-06-25,6464
1326,台化,62,1,61,大昌-新店,2024-06-25,6464
00936,台新永續高息中小,62,5,57,大昌-新店,2024-06-25,6464
00942B,台新美A公司債20+,55,0,55,大昌-新店,2024-06-25,6464
2883,凱基金,65,11,54,大昌-新店,2024-06-25,6464
00940,元大台灣價值高息,146,93,53,大昌-新店,2024-06-25,6464
8110,華東,73,24,49,大昌-新店,2024-06-25,6464
9105,泰金寶-DR,64,18,46,大昌-新店,2024-06-25,6464
00687B,國泰20年美債,49,3,46,大昌-新店,2024-06-25,6464
3047,訊舟,43,1,42,大昌-新店,2024-06-25,6464
00946,群益科技高息成長,41,2,39,大昌-新店,2024-06-25,6464
00937B,群益ESG投等債20,83,45,38,大昌-新店,2024-06-25,6464
1909,榮成,34,0,34,大昌-新店,2024-06-25,6464
00918,大華優利高填息30,35,1,34,大昌-新店,2024-06-25,6464
4958,臻鼎-KY,37,4,33,大昌-新店,2024-06-25,6464
3038,全台,30,0,30,大昌-新店,2024-06-25,6464
1709,和益,32,2,30,大昌-新店,2024-06-25,6464
3037,欣興,30,1,29,大昌-新店,2024-06-25,6464
0056,元大高股息,30,1,29,大昌-新店,2024-06-25,6464
5009,榮剛,28,0,28,大昌-新店,2024-06-25,6464
6026,福邦證,28,0,28,大昌-新店,2024-06-25,6464
1455,集盛,50,25,25,大昌-新店,2024-06-25,6464
3052,夆典,25,0,25,大昌-新店,2024-06-25,6464
2882,國泰金,27,3,24,大昌-新店,2024-06-25,6464
2355,敬鵬,25,1,24,大昌-新店,2024-06-25,6464
2603,長榮,29,6,23,大昌-新店,2024-06-25,6464
3231,緯創,48,25,23,大昌-新店,2024-06-25,6464
00650L,復華香港正2,30,7,23,大昌-新店,2024-06-25,6464
2618,長榮航,58,35,23,大昌-新店,2024-06-25,6464
3029,零壹,28,6,22,大昌-新店,2024-06-25,6464
2002,中鋼,29,7,22,大昌-新店,2024-06-25,6464
6176,瑞儀,22,1,21,大昌-新店,2024-06-25,6464
00923,群益台ESG低碳50,23,2,21,大昌-新店,2024-06-25,6464
6438,迅得,21,1,20,大昌-新店,2024-06-25,6464
8931,大汽電,18,0,18,大昌-新店,2024-06-25,6464
00878,國泰永續高股息,38,21,17,大昌-新店,2024-06-25,6464
6109,亞元,28,11,17,大昌-新店,2024-06-25,6464
5213,亞昕,16,0,16,大昌-新店,2024-06-25,6464
5880,合庫金,22,7,15,大昌-新店,2024-06-25,6464
2472,立隆電,31,16,15,大昌-新店,2024-06-25,6464
2409,友達,409,56,353,大昌-新店,2024-06-26,6464
1326,台化,154,0,154,大昌-新店,2024-06-26,6464
2317,鴻海,194,49,145,大昌-新店,2024-06-26,6464
3481,群創,211,74,137,大昌-新店,2024-06-26,6464
00664R,國泰臺灣加權反1,120,0,120,大昌-新店,2024-06-26,6464
00940,元大台灣價值高息,184,76,108,大昌-新店,2024-06-26,6464
00936,台新永續高息中小,81,3,78,大昌-新店,2024-06-26,6464
2603,長榮,82,9,73,大昌-新店,2024-06-26,6464
2883,凱基金,79,13,66,大昌-新店,2024-06-26,6464
00641R,富邦日本反1,62,0,62,大昌-新店,2024-06-26,6464
1314,中石化,78,16,62,大昌-新店,2024-06-26,6464
1785,光洋科,95,45,50,大昌-新店,2024-06-26,6464
2610,華航,63,15,48,大昌-新店,2024-06-26,6464
3372,典範,49,3,46,大昌-新店,2024-06-26,6464
1605,華新,43,2,41,大昌-新店,2024-06-26,6464
2353,宏��,51,11,40,大昌-新店,2024-06-26,6464
2002,中鋼,47,9,38,大昌-新店,2024-06-26,6464
6770,力積電,48,11,37,大昌-新店,2024-06-26,6464
2615,萬海,55,23,32,大昌-新店,2024-06-26,6464
1455,集盛,32,0,32,大昌-新店,2024-06-26,6464
9105,泰金寶-DR,39,7,32,大昌-新店,2024-06-26,6464
2516,新建,31,0,31,大昌-新店,2024-06-26,6464
2354,鴻準,72,41,31,大昌-新店,2024-06-26,6464
3483,力致,33,3,30,大昌-新店,2024-06-26,6464
5009,榮剛,29,0,29,大昌-新店,2024-06-26,6464
1303,南亞,26,1,25,大昌-新店,2024-06-26,6464
8112,至上,26,1,25,大昌-新店,2024-06-26,6464
8107,大億金茂,24,0,24,大昌-新店,2024-06-26,6464
2882,國泰金,25,1,24,大昌-新店,2024-06-26,6464
3576,聯合再生,42,19,23,大昌-新店,2024-06-26,6464
2367,燿華,38,15,23,大昌-新店,2024-06-26,6464
1301,台塑,31,9,22,大昌-新店,2024-06-26,6464
00939,統一台灣高息動能,21,0,21,大昌-新店,2024-06-26,6464
2884,玉山金,21,0,21,大昌-新店,2024-06-26,6464
00942B,台新美A公司債20+,20,0,20,大昌-新店,2024-06-26,6464
2352,佳世達,22,2,20,大昌-新店,2024-06-26,6464
4123,晟德,27,7,20,大昌-新店,2024-06-26,6464
2344,華邦電,36,17,19,大昌-新店,2024-06-26,6464
1802,台玻,21,3,18,大昌-新店,2024-06-26,6464
5471,松翰,18,0,18,大昌-新店,2024-06-26,6464
9904,寶成,20,2,18,大昌-新店,2024-06-26,6464
8277,商丞,20,3,17,大昌-新店,2024-06-26,6464
3260,威剛,17,1,16,大昌-新店,2024-06-26,6464
2845,遠東銀,16,0,16,大昌-新店,2024-06-26,6464
00632R,元大台灣50反1,40,25,15,大昌-新店,2024-06-26,6464
2449,京元電子,41,26,15,大昌-新店,2024-06-26,6464
2030,彰源,15,1,14,大昌-新店,2024-06-26,6464
6952,大武山,14,0,14,大昌-新店,2024-06-26,6464
00713,元大台灣高息低波,14,0,14,大昌-新店,2024-06-26,6464
00679B,元大美債20年,30,16,14,大昌-新店,2024-06-26,6464
3481,群創,946,56,890,大昌-新店,2024-06-27,6464
00940,元大台灣價值高息,512,136,376,大昌-新店,2024-06-27,6464
2851,中再保,324,0,324,大昌-新店,2024-06-27,6464
00946,群益科技高息成長,225,3,222,大昌-新店,2024-06-27,6464
1326,台化,213,1,212,大昌-新店,2024-06-27,6464
00915,凱基優選高股息30,204,0,204,大昌-新店,2024-06-27,6464
00948B,中信優息投資級債,151,1,150,大昌-新店,2024-06-27,6464
2409,友達,225,79,146,大昌-新店,2024-06-27,6464
00937B,群益ESG投等債20,135,0,135,大昌-新店,2024-06-27,6464
00687B,國泰20年美債,125,3,122,大昌-新店,2024-06-27,6464
00725B,國泰投資級公司債,120,0,120,大昌-新店,2024-06-27,6464
2606,裕民,114,3,111,大昌-新店,2024-06-27,6464
00665L,富邦�琤肭磪囓�2,110,0,110,大昌-新店,2024-06-27,6464
00679B,元大美債20年,100,1,99,大昌-新店,2024-06-27,6464
1309,台達化,84,7,77,大昌-新店,2024-06-27,6464
3712,永崴投控,113,42,71,大昌-新店,2024-06-27,6464
1802,台玻,78,13,65,大昌-新店,2024-06-27,6464
2392,正崴,135,74,61,大昌-新店,2024-06-27,6464
00751B,元大AAA至A公司債,58,0,58,大昌-新店,2024-06-27,6464
00936,台新永續高息中小,57,0,57,大昌-新店,2024-06-27,6464
00929,復華台灣科技優息,87,32,55,大昌-新店,2024-06-27,6464
1909,榮成,50,0,50,大昌-新店,2024-06-27,6464
2885,元大金,53,6,47,大昌-新店,2024-06-27,6464
1314,中石化,74,30,44,大昌-新店,2024-06-27,6464
1321,大洋,38,0,38,大昌-新店,2024-06-27,6464
3047,訊舟,120,84,36,大昌-新店,2024-06-27,6464
00919,群益台灣精選高息,58,24,34,大昌-新店,2024-06-27,6464
4967,十銓,44,10,34,大昌-新店,2024-06-27,6464
1513,中興電,43,9,34,大昌-新店,2024-06-27,6464
4938,和碩,33,1,32,大昌-新店,2024-06-27,6464
1303,南亞,34,3,31,大昌-新店,2024-06-27,6464
6449,鈺邦,31,0,31,大昌-新店,2024-06-27,6464
00942B,台新美A公司債20+,30,0,30,大昌-新店,2024-06-27,6464
00724B,群益投資級金融債,30,0,30,大昌-新店,2024-06-27,6464
2883,凱基金,29,0,29,大昌-新店,2024-06-27,6464
00650L,復華香港正2,35,10,25,大昌-新店,2024-06-27,6464
5355,佳總,34,10,24,大昌-新店,2024-06-27,6464
00918,大華優利高填息30,28,5,23,大昌-新店,2024-06-27,6464
00878,國泰永續高股息,28,6,22,大昌-新店,2024-06-27,6464
00933B,國泰10Y+金融債,23,1,22,大昌-新店,2024-06-27,6464
6142,友勁,21,0,21,大昌-新店,2024-06-27,6464
4167,松瑞藥,54,33,21,大昌-新店,2024-06-27,6464
9105,泰金寶-DR,29,8,21,大昌-新店,2024-06-27,6464
8085,福華,23,2,21,大昌-新店,2024-06-27,6464
912000,晨訊科-DR,60,40,20,大昌-新店,2024-06-27,6464
5457,宣德,20,0,20,大昌-新店,2024-06-27,6464
9904,寶成,20,0,20,大昌-新店,2024-06-27,6464
2208,台船,22,2,20,大昌-新店,2024-06-27,6464
6757,台灣虎航,19,0,19,大昌-新店,2024-06-27,6464
1582,信錦,19,0,19,大昌-新店,2024-06-27,6464
00937B,群益ESG投等債20,911,4,907,大昌-新店,2024-06-28,6464
00679B,元大美債20年,139,1,138,大昌-新店,2024-06-28,6464
00632R,元大台灣50反1,176,52,124,大昌-新店,2024-06-28,6464
3481,群創,172,50,122,大昌-新店,2024-06-28,6464
6290,良維,109,4,105,大昌-新店,2024-06-28,6464
1301,台塑,104,7,97,大昌-新店,2024-06-28,6464
2883,凱基金,108,14,94,大昌-新店,2024-06-28,6464
00948B,中信優息投資級債,93,0,93,大昌-新店,2024-06-28,6464
2618,長榮航,132,55,77,大昌-新店,2024-06-28,6464
00665L,富邦�琤肭磪囓�2,120,46,74,大昌-新店,2024-06-28,6464
3576,聯合再生,120,47,73,大昌-新店,2024-06-28,6464
00687B,國泰20年美債,64,2,62,大昌-新店,2024-06-28,6464
2610,華航,81,26,55,大昌-新店,2024-06-28,6464
00936,台新永續高息中小,48,5,43,大昌-新店,2024-06-28,6464
2301,光寶科,43,6,37,大昌-新店,2024-06-28,6464
2337,旺宏,57,21,36,大昌-新店,2024-06-28,6464
2312,金寶,42,8,34,大昌-新店,2024-06-28,6464
00915,凱基優選高股息30,52,19,33,大昌-新店,2024-06-28,6464
1310,台苯,31,0,31,大昌-新店,2024-06-28,6464
00725B,國泰投資級公司債,30,0,30,大昌-新店,2024-06-28,6464
9904,寶成,31,1,30,大昌-新店,2024-06-28,6464
00947,台新臺灣IC設計,30,0,30,大昌-新店,2024-06-28,6464
1609,大亞,40,11,29,大昌-新店,2024-06-28,6464
6443,元晶,61,35,26,大昌-新店,2024-06-28,6464
3066,李洲,25,0,25,大昌-新店,2024-06-28,6464
1611,中電,29,4,25,大昌-新店,2024-06-28,6464
00712,復華富時不動產,25,1,24,大昌-新店,2024-06-28,6464
3050,鈺德,26,3,23,大昌-新店,2024-06-28,6464
3260,威剛,23,0,23,大昌-新店,2024-06-28,6464
2317,鴻海,80,59,21,大昌-新店,2024-06-28,6464
2883B,凱基金乙特,21,0,21,大昌-新店,2024-06-28,6464
2353,宏��,23,2,21,大昌-新店,2024-06-28,6464
2201,裕隆,47,26,21,大昌-新店,2024-06-28,6464
4549,桓達,21,1,20,大昌-新店,2024-06-28,6464
6895,宏碩系統,21,2,19,大昌-新店,2024-06-28,6464
5213,亞昕,19,0,19,大昌-新店,2024-06-28,6464
2482,連宇,20,1,19,大昌-新店,2024-06-28,6464
2412,中華電,20,2,18,大昌-新店,2024-06-28,6464
3231,緯創,27,10,17,大昌-新店,2024-06-28,6464
00751B,元大AAA至A公司債,17,0,17,大昌-新店,2024-06-28,6464
9105,泰金寶-DR,38,21,17,大昌-新店,2024-06-28,6464
1785,光洋科,53,36,17,大昌-新店,2024-06-28,6464
9958,世紀鋼,39,23,16,大昌-新店,2024-06-28,6464
2504,國產,16,0,16,大昌-新店,2024-06-28,6464
2836,高雄銀,15,0,15,大昌-新店,2024-06-28,6464
8028,昇陽半導體,40,25,15,大昌-新店,2024-06-28,6464
00919,群益台灣精選高息,22,9,13,大昌-新店,2024-06-28,6464
2406,國碩,47,36,11,大昌-新店,2024-06-28,6464
8110,華東,13,2,11,大昌-新店,2024-06-28,6464
00650L,復華香港正2,11,0,11,大昌-新店,2024-06-28,6464
00937B,群益ESG投等債20,577,4,573,大昌-新店,2024-07-01,6464
00687B,國泰20年美債,235,3,232,大昌-新店,2024-07-01,6464
00679B,元大美債20年,189,4,185,大昌-新店,2024-07-01,6464
00948B,中信優息投資級債,183,3,180,大昌-新店,2024-07-01,6464
2354,鴻準,113,16,97,大昌-新店,2024-07-01,6464
0056,元大高股息,94,9,85,大昌-新店,2024-07-01,6464
2883,凱基金,93,43,50,大昌-新店,2024-07-01,6464
6016,康和證,50,0,50,大昌-新店,2024-07-01,6464
5011,久陽,50,0,50,大昌-新店,2024-07-01,6464
6182,合晶,52,6,46,大昌-新店,2024-07-01,6464
00942B,台新美A公司債20+,45,0,45,大昌-新店,2024-07-01,6464
2352,佳世達,62,19,43,大昌-新店,2024-07-01,6464
6282,康舒,45,3,42,大昌-新店,2024-07-01,6464
9904,寶成,39,0,39,大昌-新店,2024-07-01,6464
00688L,國泰20年美債正2,37,0,37,大昌-新店,2024-07-01,6464
8064,東捷,68,33,35,大昌-新店,2024-07-01,6464
00933B,國泰10Y+金融債,37,4,33,大昌-新店,2024-07-01,6464
2002,中鋼,30,0,30,大昌-新店,2024-07-01,6464
1909,榮成,30,0,30,大昌-新店,2024-07-01,6464
2025,千興,30,0,30,大昌-新店,2024-07-01,6464
00751B,元大AAA至A公司債,31,1,30,大昌-新店,2024-07-01,6464
00795B,中信美國公債20年,28,0,28,大昌-新店,2024-07-01,6464
8105,凌巨,32,6,26,大昌-新店,2024-07-01,6464
1301,台塑,33,8,25,大昌-新店,2024-07-01,6464
2409,友達,67,42,25,大昌-新店,2024-07-01,6464
6505,台塑化,25,0,25,大昌-新店,2024-07-01,6464
8112,至上,31,6,25,大昌-新店,2024-07-01,6464
2363,矽統,28,3,25,大昌-新店,2024-07-01,6464
1409,新纖,25,0,25,大昌-新店,2024-07-01,6464
8996,高力,27,4,23,大昌-新店,2024-07-01,6464
00931B,統一美債20年,23,0,23,大昌-新店,2024-07-01,6464
8926,台汽電,25,3,22,大昌-新店,2024-07-01,6464
3481,群創,125,103,22,大昌-新店,2024-07-01,6464
8070,長華*,25,4,21,大昌-新店,2024-07-01,6464
2324,仁寶,27,6,21,大昌-新店,2024-07-01,6464
00907,永豐優息存股,21,0,21,大昌-新店,2024-07-01,6464
2614,東森,20,0,20,大昌-新店,2024-07-01,6464
8454,富邦媒,20,0,20,大昌-新店,2024-07-01,6464
1612,宏泰,20,0,20,大昌-新店,2024-07-01,6464
2302,麗正,20,0,20,大昌-新店,2024-07-01,6464
3050,鈺德,20,1,19,大昌-新店,2024-07-01,6464
2313,華通,46,27,19,大昌-新店,2024-07-01,6464
3163,波若威,19,0,19,大昌-新店,2024-07-01,6464
6188,廣明,30,11,19,大昌-新店,2024-07-01,6464
2501,國建,18,0,18,大昌-新店,2024-07-01,6464
00949,復華日本龍頭,18,0,18,大昌-新店,2024-07-01,6464
3372,典範,34,16,18,大昌-新店,2024-07-01,6464
00772B,中信高評級公司債,19,1,18,大昌-新店,2024-07-01,6464
3060,銘異,45,27,18,大昌-新店,2024-07-01,6464
2449,京元電子,22,5,17,大昌-新店,2024-07-01,6464
00946,群益科技高息成長,508,14,494,大昌-新店,2024-07-02,6464
2303,聯電,435,57,378,大昌-新店,2024-07-02,6464
00940,元大台灣價值高息,368,30,338,大昌-新店,2024-07-02,6464
00937B,群益ESG投等債20,338,6,332,大昌-新店,2024-07-02,6464
2317,鴻海,253,50,203,大昌-新店,2024-07-02,6464
00934,中信成長高股息,179,0,179,大昌-新店,2024-07-02,6464
0056,元大高股息,175,0,175,大昌-新店,2024-07-02,6464
00936,台新永續高息中小,157,4,153,大昌-新店,2024-07-02,6464
00915,凱基優選高股息30,103,0,103,大昌-新店,2024-07-02,6464
2349,錸德,170,94,76,大昌-新店,2024-07-02,6464
00679B,元大美債20年,67,0,67,大昌-新店,2024-07-02,6464
6120,達運,61,1,60,大昌-新店,2024-07-02,6464
2201,裕隆,55,1,54,大昌-新店,2024-07-02,6464
00919,群益台灣精選高息,62,10,52,大昌-新店,2024-07-02,6464
00688L,國泰20年美債正2,49,0,49,大昌-新店,2024-07-02,6464
2603,長榮,47,4,43,大昌-新店,2024-07-02,6464
8112,至上,43,1,42,大昌-新店,2024-07-02,6464
00948B,中信優息投資級債,42,0,42,大昌-新店,2024-07-02,6464
00687B,國泰20年美債,42,0,42,大昌-新店,2024-07-02,6464
1785,光洋科,67,26,41,大昌-新店,2024-07-02,6464
2409,友達,62,23,39,大昌-新店,2024-07-02,6464
00673R,期元大S＆P原油反1,34,0,34,大昌-新店,2024-07-02,6464
2002,中鋼,39,6,33,大昌-新店,2024-07-02,6464
1909,榮成,32,0,32,大昌-新店,2024-07-02,6464
3481,群創,76,44,32,大昌-新店,2024-07-02,6464
00942B,台新美A公司債20+,30,0,30,大昌-新店,2024-07-02,6464
00878,國泰永續高股息,29,1,28,大昌-新店,2024-07-02,6464
8064,東捷,62,34,28,大昌-新店,2024-07-02,6464
1710,東聯,28,0,28,大昌-新店,2024-07-02,6464
3702,大聯大,30,3,27,大昌-新店,2024-07-02,6464
6869,雲豹能源,27,1,26,大昌-新店,2024-07-02,6464
3163,波若威,27,2,25,大昌-新店,2024-07-02,6464
6285,啟��,27,3,24,大昌-新店,2024-07-02,6464
00751B,元大AAA至A公司債,24,0,24,大昌-新店,2024-07-02,6464
2312,金寶,26,2,24,大昌-新店,2024-07-02,6464
00927,群益半導體收益,23,0,23,大昌-新店,2024-07-02,6464
1815,富喬,30,8,22,大昌-新店,2024-07-02,6464
3535,晶彩科,66,45,21,大昌-新店,2024-07-02,6464
3231,緯創,30,10,20,大昌-新店,2024-07-02,6464
1455,集盛,22,2,20,大昌-新店,2024-07-02,6464
2614,東森,22,4,18,大昌-新店,2024-07-02,6464
8070,長華*,26,8,18,大昌-新店,2024-07-02,6464
3615,安可,25,8,17,大昌-新店,2024-07-02,6464
00931B,統一美債20年,17,0,17,大昌-新店,2024-07-02,6464
3711,日月光投控,17,0,17,大昌-新店,2024-07-02,6464
2353,宏��,27,11,16,大昌-新店,2024-07-02,6464
00680L,元大美債20正2,16,0,16,大昌-新店,2024-07-02,6464
00795B,中信美國公債20年,18,2,16,大昌-新店,2024-07-02,6464
8926,台汽電,16,0,16,大昌-新店,2024-07-02,6464
1609,大亞,16,0,16,大昌-新店,2024-07-02,6464
2888,新光金,1509,706,803,大昌-新店,2024-07-03,6464
00934,中信成長高股息,497,1,496,大昌-新店,2024-07-03,6464
00946,群益科技高息成長,420,0,420,大昌-新店,2024-07-03,6464
5880,合庫金,402,14,388,大昌-新店,2024-07-03,6464
00933B,國泰10Y+金融債,162,1,161,大昌-新店,2024-07-03,6464
3576,聯合再生,183,88,95,大昌-新店,2024-07-03,6464
6015,宏遠證,80,3,77,大昌-新店,2024-07-03,6464
00735,國泰臺韓科技,53,0,53,大昌-新店,2024-07-03,6464
2317,鴻海,103,52,51,大昌-新店,2024-07-03,6464
00687B,國泰20年美債,48,0,48,大昌-新店,2024-07-03,6464
6282,康舒,76,29,47,大昌-新店,2024-07-03,6464
00632R,元大台灣50反1,57,10,47,大昌-新店,2024-07-03,6464
00680L,元大美債20正2,54,10,44,大昌-新店,2024-07-03,6464
1806,冠軍,44,2,42,大昌-新店,2024-07-03,6464
00725B,國泰投資級公司債,37,0,37,大昌-新店,2024-07-03,6464
3338,泰碩,43,7,36,大昌-新店,2024-07-03,6464
00720B,元大投資級公司債,36,0,36,大昌-新店,2024-07-03,6464
5443,均豪,54,22,32,大昌-新店,2024-07-03,6464
6548,長科*,31,0,31,大昌-新店,2024-07-03,6464
3005,神基,44,14,30,大昌-新店,2024-07-03,6464
6016,康和證,30,1,29,大昌-新店,2024-07-03,6464
3059,華晶科,30,1,29,大昌-新店,2024-07-03,6464
2610,華航,59,31,28,大昌-新店,2024-07-03,6464
2349,錸德,38,10,28,大昌-新店,2024-07-03,6464
3673,TPK-KY,38,11,27,大昌-新店,2024-07-03,6464
00937B,群益ESG投等債20,41,14,27,大昌-新店,2024-07-03,6464
1609,大亞,32,6,26,大昌-新店,2024-07-03,6464
2406,國碩,33,8,25,大昌-新店,2024-07-03,6464
2002,中鋼,55,30,25,大昌-新店,2024-07-03,6464
2405,輔信,105,80,25,大昌-新店,2024-07-03,6464
2392,正崴,42,18,24,大昌-新店,2024-07-03,6464
2615,萬海,112,89,23,大昌-新店,2024-07-03,6464
00936,台新永續高息中小,28,5,23,大昌-新店,2024-07-03,6464
2363,矽統,25,2,23,大昌-新店,2024-07-03,6464
6182,合晶,32,9,23,大昌-新店,2024-07-03,6464
1504,東元,28,5,23,大昌-新店,2024-07-03,6464
2616,山隆,32,9,23,大昌-新店,2024-07-03,6464
1444,力麗,40,17,23,大昌-新店,2024-07-03,6464
3591,艾笛森,23,1,22,大昌-新店,2024-07-03,6464
00915,凱基優選高股息30,37,15,22,大昌-新店,2024-07-03,6464
2356,英業達,29,8,21,大昌-新店,2024-07-03,6464
3689,湧德,24,4,20,大昌-新店,2024-07-03,6464
1905,華紙,20,0,20,大昌-新店,2024-07-03,6464
1409,新纖,20,0,20,大昌-新店,2024-07-03,6464
00712,復華富時不動產,20,0,20,大昌-新店,2024-07-03,6464
8107,大億金茂,20,0,20,大昌-新店,2024-07-03,6464
00688L,國泰20年美債正2,20,0,20,大昌-新店,2024-07-03,6464
00877,復華中國5G,21,2,19,大昌-新店,2024-07-03,6464
6216,居易,18,0,18,大昌-新店,2024-07-03,6464
2457,飛宏,20,2,18,大昌-新店,2024-07-03,6464
5880,合庫金,685,13,672,大昌-新店,2024-07-04,6464
00937B,群益ESG投等債20,274,55,219,大昌-新店,2024-07-04,6464
1314,中石化,245,93,152,大昌-新店,2024-07-04,6464
2405,輔信,405,295,110,大昌-新店,2024-07-04,6464
9105,泰金寶-DR,122,25,97,大昌-新店,2024-07-04,6464
1905,華紙,92,2,90,大昌-新店,2024-07-04,6464
3481,群創,193,103,90,大昌-新店,2024-07-04,6464
2867,三商壽,214,135,79,大昌-新店,2024-07-04,6464
3576,聯合再生,103,29,74,大昌-新店,2024-07-04,6464
2412,中華電,66,3,63,大昌-新店,2024-07-04,6464
4157,太景*-KY,62,0,62,大昌-新店,2024-07-04,6464
6182,合晶,59,10,49,大昌-新店,2024-07-04,6464
5347,世界,57,10,47,大昌-新店,2024-07-04,6464
1815,富喬,58,11,47,大昌-新店,2024-07-04,6464
4510,高鋒,46,2,44,大昌-新店,2024-07-04,6464
2618,長榮航,100,57,43,大昌-新店,2024-07-04,6464
2641,正德,41,1,40,大昌-新店,2024-07-04,6464
4956,光鋐,55,16,39,大昌-新店,2024-07-04,6464
8112,至上,40,1,39,大昌-新店,2024-07-04,6464
6443,元晶,64,27,37,大昌-新店,2024-07-04,6464
1409,新纖,40,4,36,大昌-新店,2024-07-04,6464
3047,訊舟,57,23,34,大昌-新店,2024-07-04,6464
1618,合機,57,26,31,大昌-新店,2024-07-04,6464
00706L,期元大S＆P日圓正2,28,0,28,大昌-新店,2024-07-04,6464
00949,復華日本龍頭,28,1,27,大昌-新店,2024-07-04,6464
3231,緯創,45,19,26,大昌-新店,2024-07-04,6464
00753L,中信中國50正2,25,1,24,大昌-新店,2024-07-04,6464
2603,長榮,27,4,23,大昌-新店,2024-07-04,6464
5474,聰泰,41,18,23,大昌-新店,2024-07-04,6464
5608,四維航,24,1,23,大昌-新店,2024-07-04,6464
00679B,元大美債20年,23,0,23,大昌-新店,2024-07-04,6464
3049,精金,23,0,23,大昌-新店,2024-07-04,6464
6005,群益證,29,7,22,大昌-新店,2024-07-04,6464
00664R,國泰臺灣加權反1,29,7,22,大昌-新店,2024-07-04,6464
00713,元大台灣高息低波,25,4,21,大昌-新店,2024-07-04,6464
2836,高雄銀,25,5,20,大昌-新店,2024-07-04,6464
5009,榮剛,22,2,20,大昌-新店,2024-07-04,6464
3715,定穎投控,25,5,20,大昌-新店,2024-07-04,6464
2891,中信金,33,13,20,大昌-新店,2024-07-04,6464
3673,TPK-KY,42,24,18,大昌-新店,2024-07-04,6464
2882,國泰金,30,12,18,大昌-新店,2024-07-04,6464
00934,中信成長高股息,49,32,17,大昌-新店,2024-07-04,6464
2031,新光鋼,17,0,17,大昌-新店,2024-07-04,6464
2609,陽明,40,24,16,大昌-新店,2024-07-04,6464
6116,彩晶,23,7,16,大昌-新店,2024-07-04,6464
2606,裕民,23,7,16,大昌-新店,2024-07-04,6464
6472,保瑞,18,3,15,大昌-新店,2024-07-04,6464
00688L,國泰20年美債正2,15,0,15,大昌-新店,2024-07-04,6464
3024,憶聲,15,0,15,大昌-新店,2024-07-04,6464
0056,元大高股息,30,15,15,大昌-新店,2024-07-04,6464
2851,中再保,211,0,211,大昌-新店,2024-07-05,6464
2353,宏��,260,58,202,大昌-新店,2024-07-05,6464
2312,金寶,205,34,171,大昌-新店,2024-07-05,6464
2317,鴻海,156,25,131,大昌-新店,2024-07-05,6464
00637L,元大滬深300正2,128,4,124,大昌-新店,2024-07-05,6464
2867,三商壽,100,17,83,大昌-新店,2024-07-05,6464
00934,中信成長高股息,84,6,78,大昌-新店,2024-07-05,6464
1109,信大,60,0,60,大昌-新店,2024-07-05,6464
2609,陽明,98,41,57,大昌-新店,2024-07-05,6464
2610,華航,104,48,56,大昌-新店,2024-07-05,6464
00725B,國泰投資級公司債,52,0,52,大昌-新店,2024-07-05,6464
2365,昆盈,80,37,43,大昌-新店,2024-07-05,6464
2618,長榮航,95,52,43,大昌-新店,2024-07-05,6464
6152,百一,50,8,42,大昌-新店,2024-07-05,6464
2883,凱基金,95,54,41,大昌-新店,2024-07-05,6464
2356,英業達,92,52,40,大昌-新店,2024-07-05,6464
3048,益登,80,41,39,大昌-新店,2024-07-05,6464
2301,光寶科,52,14,38,大昌-新店,2024-07-05,6464
4168,醣聯,35,0,35,大昌-新店,2024-07-05,6464
0056,元大高股息,44,12,32,大昌-新店,2024-07-05,6464
2606,裕民,42,12,30,大昌-新店,2024-07-05,6464
00664R,國泰臺灣加權反1,30,0,30,大昌-新店,2024-07-05,6464
2352,佳世達,34,4,30,大昌-新店,2024-07-05,6464
6005,群益證,31,2,29,大昌-新店,2024-07-05,6464
2344,華邦電,32,8,24,大昌-新店,2024-07-05,6464
00881,國泰台灣5G+,21,0,21,大昌-新店,2024-07-05,6464
8064,東捷,56,35,21,大昌-新店,2024-07-05,6464
6282,康舒,38,18,20,大昌-新店,2024-07-05,6464
1781,合世,22,3,19,大昌-新店,2024-07-05,6464
4561,健椿,26,7,19,大昌-新店,2024-07-05,6464
3673,TPK-KY,40,21,19,大昌-新店,2024-07-05,6464
3050,鈺德,27,9,18,大昌-新店,2024-07-05,6464
4916,事欣科,20,2,18,大昌-新店,2024-07-05,6464
4167,松瑞藥,19,1,18,大昌-新店,2024-07-05,6464
9103,美德醫療-DR,29,11,18,大昌-新店,2024-07-05,6464
8926,台汽電,18,0,18,大昌-新店,2024-07-05,6464
6770,力積電,28,10,18,大昌-新店,2024-07-05,6464
00933B,國泰10Y+金融債,17,0,17,大昌-新店,2024-07-05,6464
2427,三商電,37,21,16,大昌-新店,2024-07-05,6464
8047,星雲,20,4,16,大昌-新店,2024-07-05,6464
6139,亞翔,19,3,16,大昌-新店,2024-07-05,6464
2603,長榮,47,31,16,大昌-新店,2024-07-05,6464
1609,大亞,24,9,15,大昌-新店,2024-07-05,6464
6189,豐藝,25,11,14,大昌-新店,2024-07-05,6464
00687B,國泰20年美債,14,0,14,大昌-新店,2024-07-05,6464
3707,漢磊,15,1,14,大昌-新店,2024-07-05,6464
2888,新光金,212,198,14,大昌-新店,2024-07-05,6464
3037,欣興,16,3,13,大昌-新店,2024-07-05,6464
2605,新興,13,0,13,大昌-新店,2024-07-05,6464
5706,鳳凰,14,1,13,大昌-新店,2024-07-05,6464
1314,中石化,309,36,273,大昌-新店,2024-07-08,6464
00632R,元大台灣50反1,209,11,198,大昌-新店,2024-07-08,6464
3481,群創,659,519,140,大昌-新店,2024-07-08,6464
3576,聯合再生,130,19,111,大昌-新店,2024-07-08,6464
1109,信大,100,0,100,大昌-新店,2024-07-08,6464
1905,華紙,95,7,88,大昌-新店,2024-07-08,6464
1326,台化,90,2,88,大昌-新店,2024-07-08,6464
2603,長榮,112,28,84,大昌-新店,2024-07-08,6464
1582,信錦,83,0,83,大昌-新店,2024-07-08,6464
2606,裕民,87,8,79,大昌-新店,2024-07-08,6464
00680L,元大美債20正2,106,30,76,大昌-新店,2024-07-08,6464
6164,華興,70,1,69,大昌-新店,2024-07-08,6464
1605,華新,67,1,66,大昌-新店,2024-07-08,6464
1815,富喬,87,22,65,大昌-新店,2024-07-08,6464
4157,太景*-KY,65,1,64,大昌-新店,2024-07-08,6464
2365,昆盈,143,82,61,大昌-新店,2024-07-08,6464
1802,台玻,62,4,58,大昌-新店,2024-07-08,6464
2609,陽明,146,89,57,大昌-新店,2024-07-08,6464
6015,宏遠證,46,1,45,大昌-新店,2024-07-08,6464
2515,中工,42,1,41,大昌-新店,2024-07-08,6464
00905,FT臺灣Smart,39,1,38,大昌-新店,2024-07-08,6464
3372,典範,62,25,37,大昌-新店,2024-07-08,6464
2417,圓剛,58,21,37,大昌-新店,2024-07-08,6464
00640L,富邦日本正2,30,0,30,大昌-新店,2024-07-08,6464
1785,光洋科,101,72,29,大昌-新店,2024-07-08,6464
6188,廣明,40,12,28,大昌-新店,2024-07-08,6464
5202,力新,29,1,28,大昌-新店,2024-07-08,6464
00929,復華台灣科技優息,109,81,28,大昌-新店,2024-07-08,6464
2464,盟立,81,54,27,大昌-新店,2024-07-08,6464
2412,中華電,29,2,27,大昌-新店,2024-07-08,6464
6152,百一,34,7,27,大昌-新店,2024-07-08,6464
2352,佳世達,37,11,26,大昌-新店,2024-07-08,6464
2545,皇翔,27,1,26,大昌-新店,2024-07-08,6464
2498,宏達電,30,6,24,大昌-新店,2024-07-08,6464
4109,加捷生醫,38,15,23,大昌-新店,2024-07-08,6464
6126,信音,36,13,23,大昌-新店,2024-07-08,6464
3059,華晶科,30,8,22,大昌-新店,2024-07-08,6464
2867,三商壽,23,1,22,大昌-新店,2024-07-08,6464
00882,中信中國高股息,21,0,21,大昌-新店,2024-07-08,6464
6130,上亞科技,21,0,21,大昌-新店,2024-07-08,6464
3048,益登,46,25,21,大昌-新店,2024-07-08,6464
00679B,元大美債20年,27,7,20,大昌-新店,2024-07-08,6464
00942B,台新美A公司債20+,20,0,20,大昌-新店,2024-07-08,6464
3228,金麗科,20,0,20,大昌-新店,2024-07-08,6464
6026,福邦證,19,0,19,大昌-新店,2024-07-08,6464
00934,中信成長高股息,70,51,19,大昌-新店,2024-07-08,6464
1909,榮成,20,1,19,大昌-新店,2024-07-08,6464
6770,力積電,29,10,19,大昌-新店,2024-07-08,6464
8390,金益鼎,20,1,19,大昌-新店,2024-07-08,6464
3047,訊舟,38,19,19,大昌-新店,2024-07-08,6464
1314,中石化,337,12,325,大昌-新店,2024-07-09,6464
2834,臺企銀,251,56,195,大昌-新店,2024-07-09,6464
00934,中信成長高股息,209,68,141,大昌-新店,2024-07-09,6464
2367,燿華,222,88,134,大昌-新店,2024-07-09,6464
1109,信大,116,0,116,大昌-新店,2024-07-09,6464
4533,協易機,114,3,111,大昌-新店,2024-07-09,6464
00665L,富邦�琤肭磪囓�2,108,0,108,大昌-新店,2024-07-09,6464
3024,憶聲,113,8,105,大昌-新店,2024-07-09,6464
9105,泰金寶-DR,165,64,101,大昌-新店,2024-07-09,6464
6142,友勁,100,0,100,大昌-新店,2024-07-09,6464
00935,野村臺灣新科技50,100,9,91,大昌-新店,2024-07-09,6464
3047,訊舟,131,52,79,大昌-新店,2024-07-09,6464
8926,台汽電,74,0,74,大昌-新店,2024-07-09,6464
2609,陽明,95,24,71,大昌-新店,2024-07-09,6464
4906,正文,115,45,70,大昌-新店,2024-07-09,6464
2889,國票金,78,8,70,大昌-新店,2024-07-09,6464
0056,元大高股息,83,15,68,大昌-新店,2024-07-09,6464
5521,工信,71,7,64,大昌-新店,2024-07-09,6464
2208,台船,108,48,60,大昌-新店,2024-07-09,6464
2618,長榮航,72,12,60,大昌-新店,2024-07-09,6464
3037,欣興,54,0,54,大昌-新店,2024-07-09,6464
2354,鴻準,84,30,54,大昌-新店,2024-07-09,6464
00680L,元大美債20正2,48,0,48,大昌-新店,2024-07-09,6464
6153,嘉聯益,49,2,47,大昌-新店,2024-07-09,6464
2353,宏��,72,25,47,大昌-新店,2024-07-09,6464
6026,福邦證,54,8,46,大昌-新店,2024-07-09,6464
9103,美德醫療-DR,56,11,45,大昌-新店,2024-07-09,6464
4958,臻鼎-KY,77,34,43,大昌-新店,2024-07-09,6464
2399,映泰,42,1,41,大昌-新店,2024-07-09,6464
6603,富強鑫,44,3,41,大昌-新店,2024-07-09,6464
3231,緯創,72,32,40,大昌-新店,2024-07-09,6464
00878,國泰永續高股息,40,5,35,大昌-新店,2024-07-09,6464
00687B,國泰20年美債,39,4,35,大昌-新店,2024-07-09,6464
2206,三陽工業,31,0,31,大昌-新店,2024-07-09,6464
1909,榮成,31,0,31,大昌-新店,2024-07-09,6464
2610,華航,74,45,29,大昌-新店,2024-07-09,6464
00936,台新永續高息中小,30,2,28,大昌-新店,2024-07-09,6464
1463,強盛新,28,0,28,大昌-新店,2024-07-09,6464
2002,中鋼,39,11,28,大昌-新店,2024-07-09,6464
9904,寶成,29,2,27,大昌-新店,2024-07-09,6464
1220,台榮,35,9,26,大昌-新店,2024-07-09,6464
6164,華興,25,0,25,大昌-新店,2024-07-09,6464
3321,同泰,23,0,23,大昌-新店,2024-07-09,6464
1301,台塑,26,3,23,大昌-新店,2024-07-09,6464
6757,台灣虎航,25,2,23,大昌-新店,2024-07-09,6464
3597,映興,22,0,22,大昌-新店,2024-07-09,6464
3049,精金,23,1,22,大昌-新店,2024-07-09,6464
1108,幸福,21,0,21,大昌-新店,2024-07-09,6464
2615,萬海,34,14,20,大昌-新店,2024-07-09,6464
4927,泰鼎-KY,20,0,20,大昌-新店,2024-07-09,6464
2888,新光金,847,313,534,大昌-新店,2024-07-10,6464
1314,中石化,300,5,295,大昌-新店,2024-07-10,6464
6116,彩晶,225,2,223,大昌-新店,2024-07-10,6464
00937B,群益ESG投等債20,136,10,126,大昌-新店,2024-07-10,6464
2834,臺企銀,132,10,122,大昌-新店,2024-07-10,6464
9105,泰金寶-DR,278,159,119,大昌-新店,2024-07-10,6464
00934,中信成長高股息,361,251,110,大昌-新店,2024-07-10,6464
2607,榮運,110,0,110,大昌-新店,2024-07-10,6464
2363,矽統,96,16,80,大昌-新店,2024-07-10,6464
2886,兆豐金,71,1,70,大昌-新店,2024-07-10,6464
00660,元大歐洲50,68,0,68,大昌-新店,2024-07-10,6464
2002,中鋼,71,5,66,大昌-新店,2024-07-10,6464
00650L,復華香港正2,66,1,65,大昌-新店,2024-07-10,6464
2392,正崴,140,82,58,大昌-新店,2024-07-10,6464
2367,燿華,88,35,53,大昌-新店,2024-07-10,6464
00680L,元大美債20正2,52,0,52,大昌-新店,2024-07-10,6464
5876,上海商銀,43,0,43,大昌-新店,2024-07-10,6464
2317,鴻海,157,117,40,大昌-新店,2024-07-10,6464
4510,高鋒,41,4,37,大昌-新店,2024-07-10,6464
5347,世界,44,10,34,大昌-新店,2024-07-10,6464
2489,瑞軒,69,38,31,大昌-新店,2024-07-10,6464
3306,鼎天,33,2,31,大昌-新店,2024-07-10,6464
3037,欣興,35,5,30,大昌-新店,2024-07-10,6464
00709,富邦歐洲,30,0,30,大昌-新店,2024-07-10,6464
2312,金寶,99,70,29,大昌-新店,2024-07-10,6464
00948B,中信優息投資級債,30,1,29,大昌-新店,2024-07-10,6464
3652,精聯,29,1,28,大昌-新店,2024-07-10,6464
1605,華新,30,2,28,大昌-新店,2024-07-10,6464
2344,華邦電,31,4,27,大昌-新店,2024-07-10,6464
2464,盟立,83,57,26,大昌-新店,2024-07-10,6464
5426,振發,37,11,26,大昌-新店,2024-07-10,6464
00679B,元大美債20年,25,0,25,大昌-新店,2024-07-10,6464
00640L,富邦日本正2,25,0,25,大昌-新店,2024-07-10,6464
3576,聯合再生,29,4,25,大昌-新店,2024-07-10,6464
3615,安可,25,1,24,大昌-新店,2024-07-10,6464
1201,味全,24,0,24,大昌-新店,2024-07-10,6464
2330,台積電,33,10,23,大昌-新店,2024-07-10,6464
2352,佳世達,23,0,23,大昌-新店,2024-07-10,6464
00725B,國泰投資級公司債,23,0,23,大昌-新店,2024-07-10,6464
2303,聯電,46,23,23,大昌-新店,2024-07-10,6464
2609,陽明,53,31,22,大昌-新店,2024-07-10,6464
1618,合機,34,12,22,大昌-新店,2024-07-10,6464
1303,南亞,21,0,21,大昌-新店,2024-07-10,6464
2332,友訊,24,3,21,大昌-新店,2024-07-10,6464
1532,勤美,21,0,21,大昌-新店,2024-07-10,6464
2615,萬海,39,20,19,大昌-新店,2024-07-10,6464
4707,磐亞,19,0,19,大昌-新店,2024-07-10,6464
2836,高雄銀,20,3,17,大昌-新店,2024-07-10,6464
2606,裕民,18,2,16,大昌-新店,2024-07-10,6464
6290,良維,17,1,16,大昌-新店,2024-07-10,6464
2888,新光金,1119,153,966,大昌-新店,2024-07-11,6464
00882,中信中國高股息,306,0,306,大昌-新店,2024-07-11,6464
00934,中信成長高股息,324,24,300,大昌-新店,2024-07-11,6464
00937B,群益ESG投等債20,270,10,260,大昌-新店,2024-07-11,6464
2867,三商壽,405,253,152,大昌-新店,2024-07-11,6464
3024,憶聲,156,50,106,大昌-新店,2024-07-11,6464
5309,系統電,84,10,74,大昌-新店,2024-07-11,6464
2645,長榮航太,64,0,64,大昌-新店,2024-07-11,6464
2002,中鋼,63,3,60,大昌-新店,2024-07-11,6464
2405,輔信,68,13,55,大昌-新店,2024-07-11,6464
2382,廣達,57,7,50,大昌-新店,2024-07-11,6464
00927,群益半導體收益,50,1,49,大昌-新店,2024-07-11,6464
2618,長榮航,47,7,40,大昌-新店,2024-07-11,6464
2891,中信金,62,24,38,大昌-新店,2024-07-11,6464
2303,聯電,50,13,37,大昌-新店,2024-07-11,6464
1463,強盛新,36,0,36,大昌-新店,2024-07-11,6464
00679B,元大美債20年,34,1,33,大昌-新店,2024-07-11,6464
2206,三陽工業,35,2,33,大昌-新店,2024-07-11,6464
2365,昆盈,81,49,32,大昌-新店,2024-07-11,6464
1504,東元,34,2,32,大昌-新店,2024-07-11,6464
3202,樺晟,32,0,32,大昌-新店,2024-07-11,6464
2606,裕民,35,4,31,大昌-新店,2024-07-11,6464
2030,彰源,28,0,28,大昌-新店,2024-07-11,6464
2316,楠梓電,32,7,25,大昌-新店,2024-07-11,6464
6173,信昌電,38,13,25,大昌-新店,2024-07-11,6464
6190,萬泰科,26,2,24,大昌-新店,2024-07-11,6464
3673,TPK-KY,31,8,23,大昌-新店,2024-07-11,6464
9933,中鼎,22,0,22,大昌-新店,2024-07-11,6464
2481,強茂,30,8,22,大昌-新店,2024-07-11,6464
5871,中租-KY,24,2,22,大昌-新店,2024-07-11,6464
8039,台虹,22,0,22,大昌-新店,2024-07-11,6464
2801,彰銀,27,5,22,大昌-新店,2024-07-11,6464
3260,威剛,29,8,21,大昌-新店,2024-07-11,6464
5443,均豪,29,8,21,大昌-新店,2024-07-11,6464
00881,國泰台灣5G+,26,5,21,大昌-新店,2024-07-11,6464
2371,大同,29,9,20,大昌-新店,2024-07-11,6464
2201,裕隆,22,2,20,大昌-新店,2024-07-11,6464
2641,正德,20,0,20,大昌-新店,2024-07-11,6464
5880,合庫金,28,8,20,大昌-新店,2024-07-11,6464
2836,高雄銀,30,10,20,大昌-新店,2024-07-11,6464
1795,美時,30,10,20,大昌-新店,2024-07-11,6464
3017,奇鋐,22,3,19,大昌-新店,2024-07-11,6464
2610,華航,65,46,19,大昌-新店,2024-07-11,6464
1447,力鵬,21,2,19,大昌-新店,2024-07-11,6464
3576,聯合再生,36,18,18,大昌-新店,2024-07-11,6464
5876,上海商銀,18,0,18,大昌-新店,2024-07-11,6464
2317,鴻海,78,60,18,大昌-新店,2024-07-11,6464
2603,長榮,18,2,16,大昌-新店,2024-07-11,6464
1513,中興電,71,55,16,大昌-新店,2024-07-11,6464
5351,鈺創,16,0,16,大昌-新店,2024-07-11,6464
00929,復華台灣科技優息,422,13,409,大昌-新店,2024-07-12,6464
2645,長榮航太,301,2,299,大昌-新店,2024-07-12,6464
00633L,富邦上証正2,250,3,247,大昌-新店,2024-07-12,6464
00934,中信成長高股息,272,25,247,大昌-新店,2024-07-12,6464
2303,聯電,231,12,219,大昌-新店,2024-07-12,6464
2317,鴻海,317,138,179,大昌-新店,2024-07-12,6464
2867,三商壽,616,443,173,大昌-新店,2024-07-12,6464
00632R,元大台灣50反1,309,146,163,大昌-新店,2024-07-12,6464
00950B,凱基A級公司債,133,0,133,大昌-新店,2024-07-12,6464
6015,宏遠證,130,0,130,大昌-新店,2024-07-12,6464
00940,元大台灣價值高息,251,129,122,大昌-新店,2024-07-12,6464
00680L,元大美債20正2,127,10,117,大昌-新店,2024-07-12,6464
1907,永豐餘,115,0,115,大昌-新店,2024-07-12,6464
2834,臺企銀,112,5,107,大昌-新店,2024-07-12,6464
00927,群益半導體收益,101,0,101,大昌-新店,2024-07-12,6464
00882,中信中國高股息,145,51,94,大昌-新店,2024-07-12,6464
00919,群益台灣精選高息,177,100,77,大昌-新店,2024-07-12,6464
00936,台新永續高息中小,88,18,70,大昌-新店,2024-07-12,6464
1617,榮星,70,1,69,大昌-新店,2024-07-12,6464
00937B,群益ESG投等債20,99,41,58,大昌-新店,2024-07-12,6464
0056,元大高股息,75,17,58,大昌-新店,2024-07-12,6464
00935,野村臺灣新科技50,57,0,57,大昌-新店,2024-07-12,6464
2888,新光金,179,128,51,大昌-新店,2024-07-12,6464
00679B,元大美債20年,70,19,51,大昌-新店,2024-07-12,6464
1316,上曜,112,67,45,大昌-新店,2024-07-12,6464
1463,強盛新,45,0,45,大昌-新店,2024-07-12,6464
00687B,國泰20年美債,47,2,45,大昌-新店,2024-07-12,6464
2882,國泰金,58,14,44,大昌-新店,2024-07-12,6464
2367,燿華,92,48,44,大昌-新店,2024-07-12,6464
2330,台積電,69,25,44,大昌-新店,2024-07-12,6464
3037,欣興,91,47,44,大昌-新店,2024-07-12,6464
6117,迎廣,45,3,42,大昌-新店,2024-07-12,6464
3706,神達,55,13,42,大昌-新店,2024-07-12,6464
00655L,國泰中國A50正2,40,0,40,大昌-新店,2024-07-12,6464
3231,緯創,44,5,39,大昌-新店,2024-07-12,6464
1528,恩德,45,10,35,大昌-新店,2024-07-12,6464
1569,濱川,48,14,34,大昌-新店,2024-07-12,6464
5880,合庫金,36,2,34,大昌-新店,2024-07-12,6464
6163,華電網,41,9,32,大昌-新店,2024-07-12,6464
5309,系統電,43,13,30,大昌-新店,2024-07-12,6464
5328,華容,38,8,30,大昌-新店,2024-07-12,6464
1312,國喬,35,6,29,大昌-新店,2024-07-12,6464
00877,復華中國5G,39,10,29,大昌-新店,2024-07-12,6464
00725B,國泰投資級公司債,38,10,28,大昌-新店,2024-07-12,6464
00688L,國泰20年美債正2,41,14,27,大昌-新店,2024-07-12,6464
3338,泰碩,26,0,26,大昌-新店,2024-07-12,6464
00923,群益台ESG低碳50,26,0,26,大昌-新店,2024-07-12,6464
2313,華通,38,13,25,大昌-新店,2024-07-12,6464
2449,京元電子,28,4,24,大昌-新店,2024-07-12,6464
2362,藍天,37,13,24,大昌-新店,2024-07-12,6464
2867,三商壽,391,37,354,大昌-新店,2024-07-15,6464
2891,中信金,355,15,340,大昌-新店,2024-07-15,6464
00934,中信成長高股息,326,11,315,大昌-新店,2024-07-15,6464
00633L,富邦上証正2,250,0,250,大昌-新店,2024-07-15,6464
2356,英業達,496,282,214,大昌-新店,2024-07-15,6464
00929,復華台灣科技優息,193,16,177,大昌-新店,2024-07-15,6464
1314,中石化,170,5,165,大昌-新店,2024-07-15,6464
00680L,元大美債20正2,136,0,136,大昌-新店,2024-07-15,6464
9105,泰金寶-DR,361,235,126,大昌-新店,2024-07-15,6464
3379,彬台,133,9,124,大昌-新店,2024-07-15,6464
2331,精英,95,0,95,大昌-新店,2024-07-15,6464
2883,凱基金,124,48,76,大昌-新店,2024-07-15,6464
2324,仁寶,80,5,75,大昌-新店,2024-07-15,6464
3481,群創,142,70,72,大昌-新店,2024-07-15,6464
2618,長榮航,91,22,69,大昌-新店,2024-07-15,6464
2489,瑞軒,166,111,55,大昌-新店,2024-07-15,6464
6770,力積電,64,11,53,大昌-新店,2024-07-15,6464
2515,中工,54,5,49,大昌-新店,2024-07-15,6464
1101,台泥,50,2,48,大昌-新店,2024-07-15,6464
0056,元大高股息,57,11,46,大昌-新店,2024-07-15,6464
2834,臺企銀,52,11,41,大昌-新店,2024-07-15,6464
2367,燿華,49,9,40,大昌-新店,2024-07-15,6464
2606,裕民,44,6,38,大昌-新店,2024-07-15,6464
1608,華榮,80,43,37,大昌-新店,2024-07-15,6464
2353,宏��,57,20,37,大昌-新店,2024-07-15,6464
00936,台新永續高息中小,41,4,37,大昌-新店,2024-07-15,6464
2610,華航,54,18,36,大昌-新店,2024-07-15,6464
3363,上詮,47,11,36,大昌-新店,2024-07-15,6464
1309,台達化,36,1,35,大昌-新店,2024-07-15,6464
00725B,國泰投資級公司債,33,0,33,大昌-新店,2024-07-15,6464
5871,中租-KY,41,9,32,大昌-新店,2024-07-15,6464
5381,合正,39,8,31,大昌-新店,2024-07-15,6464
2312,金寶,111,81,30,大昌-新店,2024-07-15,6464
2049,上銀,30,0,30,大昌-新店,2024-07-15,6464
2344,華邦電,34,4,30,大昌-新店,2024-07-15,6464
4534,慶騰,28,1,27,大昌-新店,2024-07-15,6464
2330,台積電,34,8,26,大昌-新店,2024-07-15,6464
2481,強茂,40,14,26,大昌-新店,2024-07-15,6464
3712,永崴投控,35,9,26,大昌-新店,2024-07-15,6464
2399,映泰,32,7,25,大昌-新店,2024-07-15,6464
2812,台中銀,25,0,25,大昌-新店,2024-07-15,6464
6603,富強鑫,36,11,25,大昌-新店,2024-07-15,6464
8021,尖點,38,14,24,大昌-新店,2024-07-15,6464
00942B,台新美A公司債20+,24,0,24,大昌-新店,2024-07-15,6464
9946,三發地產,25,1,24,大昌-新店,2024-07-15,6464
5880,合庫金,32,8,24,大昌-新店,2024-07-15,6464
2889,國票金,24,1,23,大昌-新店,2024-07-15,6464
1568,倉佑,25,2,23,大昌-新店,2024-07-15,6464
2409,友達,39,16,23,大昌-新店,2024-07-15,6464
1504,東元,23,0,23,大昌-新店,2024-07-15,6464
2211,長榮鋼,256,4,252,大昌-新店,2024-07-16,6464
00949,復華日本龍頭,156,5,151,大昌-新店,2024-07-16,6464
00937B,群益ESG投等債20,137,2,135,大昌-新店,2024-07-16,6464
0056,元大高股息,149,18,131,大昌-新店,2024-07-16,6464
2888,新光金,195,73,122,大昌-新店,2024-07-16,6464
2317,鴻海,153,53,100,大昌-新店,2024-07-16,6464
2312,金寶,236,138,98,大昌-新店,2024-07-16,6464
00929,復華台灣科技優息,217,135,82,大昌-新店,2024-07-16,6464
00905,FT臺灣Smart,90,10,80,大昌-新店,2024-07-16,6464
00665L,富邦�琤肭磪囓�2,82,8,74,大昌-新店,2024-07-16,6464
00948B,中信優息投資級債,71,0,71,大昌-新店,2024-07-16,6464
00882,中信中國高股息,70,0,70,大昌-新店,2024-07-16,6464
00933B,國泰10Y+金融債,62,0,62,大昌-新店,2024-07-16,6464
2603,長榮,66,7,59,大昌-新店,2024-07-16,6464
2002,中鋼,63,5,58,大昌-新店,2024-07-16,6464
2645,長榮航太,56,0,56,大昌-新店,2024-07-16,6464
1303,南亞,56,0,56,大昌-新店,2024-07-16,6464
5347,世界,83,29,54,大昌-新店,2024-07-16,6464
00919,群益台灣精選高息,71,20,51,大昌-新店,2024-07-16,6464
3481,群創,98,49,49,大昌-新店,2024-07-16,6464
1802,台玻,50,1,49,大昌-新店,2024-07-16,6464
2359,所羅門,60,13,47,大昌-新店,2024-07-16,6464
2303,聯電,57,15,42,大昌-新店,2024-07-16,6464
2867,三商壽,65,23,42,大昌-新店,2024-07-16,6464
2610,華航,69,28,41,大昌-新店,2024-07-16,6464
2356,英業達,70,30,40,大昌-新店,2024-07-16,6464
2609,陽明,73,35,38,大昌-新店,2024-07-16,6464
1907,永豐餘,36,0,36,大昌-新店,2024-07-16,6464
9105,泰金寶-DR,47,12,35,大昌-新店,2024-07-16,6464
2834,臺企銀,35,2,33,大昌-新店,2024-07-16,6464
9902,台火,38,7,31,大昌-新店,2024-07-16,6464
5871,中租-KY,30,0,30,大昌-新店,2024-07-16,6464
1102,亞泥,29,1,28,大昌-新店,2024-07-16,6464
8011,台通,70,43,27,大昌-新店,2024-07-16,6464
8358,金居,33,7,26,大昌-新店,2024-07-16,6464
00725B,國泰投資級公司債,25,0,25,大昌-新店,2024-07-16,6464
00881,國泰台灣5G+,24,0,24,大昌-新店,2024-07-16,6464
00936,台新永續高息中小,26,2,24,大昌-新店,2024-07-16,6464
00930,永豐ESG低碳高息,23,0,23,大昌-新店,2024-07-16,6464
00724B,群益投資級金融債,22,0,22,大昌-新店,2024-07-16,6464
3033,威健,24,3,21,大昌-新店,2024-07-16,6464
4956,光鋐,40,20,20,大昌-新店,2024-07-16,6464
2104,國際中橡,20,0,20,大昌-新店,2024-07-16,6464
3630,新鉅科,21,1,20,大昌-新店,2024-07-16,6464
2606,裕民,19,0,19,大昌-新店,2024-07-16,6464
3703,欣陸,21,2,19,大昌-新店,2024-07-16,6464
00712,復華富時不動產,24,6,18,大昌-新店,2024-07-16,6464
4927,泰鼎-KY,20,2,18,大昌-新店,2024-07-16,6464
00753L,中信中國50正2,27,9,18,大昌-新店,2024-07-16,6464
2891,中信金,31,13,18,大昌-新店,2024-07-16,6464
00933B,國泰10Y+金融債,1746,4,1742,大昌-新店,2024-07-17,6464
2867,三商壽,742,330,412,大昌-新店,2024-07-17,6464
00929,復華台灣科技優息,302,48,254,大昌-新店,2024-07-17,6464
00632R,元大台灣50反1,210,46,164,大昌-新店,2024-07-17,6464
00934,中信成長高股息,170,10,160,大昌-新店,2024-07-17,6464
3673,TPK-KY,162,9,153,大昌-新店,2024-07-17,6464
2406,國碩,108,11,97,大昌-新店,2024-07-17,6464
00937B,群益ESG投等債20,145,56,89,大昌-新店,2024-07-17,6464
2537,聯上發,122,38,84,大昌-新店,2024-07-17,6464
1409,新纖,122,51,71,大昌-新店,2024-07-17,6464
00665L,富邦�琤肭磪囓�2,59,0,59,大昌-新店,2024-07-17,6464
2337,旺宏,75,16,59,大昌-新店,2024-07-17,6464
2359,所羅門,70,12,58,大昌-新店,2024-07-17,6464
00680L,元大美債20正2,56,0,56,大昌-新店,2024-07-17,6464
8070,長華*,55,0,55,大昌-新店,2024-07-17,6464
1513,中興電,84,29,55,大昌-新店,2024-07-17,6464
3231,緯創,88,34,54,大昌-新店,2024-07-17,6464
2367,燿華,67,15,52,大昌-新店,2024-07-17,6464
00948B,中信優息投資級債,50,0,50,大昌-新店,2024-07-17,6464
4306,炎洲,51,1,50,大昌-新店,2024-07-17,6464
2645,長榮航太,49,0,49,大昌-新店,2024-07-17,6464
1201,味全,48,0,48,大昌-新店,2024-07-17,6464
4906,正文,61,13,48,大昌-新店,2024-07-17,6464
2891,中信金,58,14,44,大昌-新店,2024-07-17,6464
2609,陽明,75,32,43,大昌-新店,2024-07-17,6464
2317,鴻海,95,53,42,大昌-新店,2024-07-17,6464
1314,中石化,180,138,42,大昌-新店,2024-07-17,6464
1102,亞泥,54,12,42,大昌-新店,2024-07-17,6464
2330,台積電,50,9,41,大昌-新店,2024-07-17,6464
2211,長榮鋼,37,0,37,大昌-新店,2024-07-17,6464
00679B,元大美債20年,66,29,37,大昌-新店,2024-07-17,6464
00927,群益半導體收益,37,0,37,大昌-新店,2024-07-17,6464
0056,元大高股息,35,0,35,大昌-新店,2024-07-17,6464
2888,新光金,233,199,34,大昌-新店,2024-07-17,6464
00949,復華日本龍頭,34,0,34,大昌-新店,2024-07-17,6464
6770,力積電,80,47,33,大昌-新店,2024-07-17,6464
00878,國泰永續高股息,32,0,32,大昌-新店,2024-07-17,6464
00725B,國泰投資級公司債,31,0,31,大昌-新店,2024-07-17,6464
3545,敦泰,31,1,30,大昌-新店,2024-07-17,6464
2201,裕隆,31,1,30,大昌-新店,2024-07-17,6464
2353,宏��,44,15,29,大昌-新店,2024-07-17,6464
8926,台汽電,29,0,29,大昌-新店,2024-07-17,6464
2323,中環,41,13,28,大昌-新店,2024-07-17,6464
2324,仁寶,32,5,27,大昌-新店,2024-07-17,6464
2301,光寶科,30,3,27,大昌-新店,2024-07-17,6464
6118,建達,27,0,27,大昌-新店,2024-07-17,6464
1618,合機,41,14,27,大昌-新店,2024-07-17,6464
6546,正基,31,5,26,大昌-新店,2024-07-17,6464
2605,新興,26,1,25,大昌-新店,2024-07-17,6464
00936,台新永續高息中小,36,11,25,大昌-新店,2024-07-17,6464
3481,群創,575,172,403,大昌-新店,2024-07-18,6464
00929,復華台灣科技優息,337,41,296,大昌-新店,2024-07-18,6464
00633L,富邦上証正2,250,8,242,大昌-新店,2024-07-18,6464
2303,聯電,247,42,205,大昌-新店,2024-07-18,6464
2834,臺企銀,251,46,205,大昌-新店,2024-07-18,6464
00937B,群益ESG投等債20,235,59,176,大昌-新店,2024-07-18,6464
2356,英業達,177,20,157,大昌-新店,2024-07-18,6464
2867,三商壽,109,0,109,大昌-新店,2024-07-18,6464
00919,群益台灣精選高息,140,39,101,大昌-新店,2024-07-18,6464
00665L,富邦�琤肭磪囓�2,105,30,75,大昌-新店,2024-07-18,6464
2317,鴻海,189,115,74,大昌-新店,2024-07-18,6464
00680L,元大美債20正2,101,30,71,大昌-新店,2024-07-18,6464
8926,台汽電,72,1,71,大昌-新店,2024-07-18,6464
2610,華航,108,38,70,大昌-新店,2024-07-18,6464
2489,瑞軒,109,41,68,大昌-新店,2024-07-18,6464
1815,富喬,63,4,59,大昌-新店,2024-07-18,6464
3105,穩懋,60,4,56,大昌-新店,2024-07-18,6464
5426,振發,54,0,54,大昌-新店,2024-07-18,6464
1721,三晃,52,0,52,大昌-新店,2024-07-18,6464
2409,友達,79,33,46,大昌-新店,2024-07-18,6464
2891,中信金,56,11,45,大昌-新店,2024-07-18,6464
0056,元大高股息,69,25,44,大昌-新店,2024-07-18,6464
2201,裕隆,42,0,42,大昌-新店,2024-07-18,6464
2881,富邦金,70,28,42,大昌-新店,2024-07-18,6464
00940,元大台灣價值高息,152,114,38,大昌-新店,2024-07-18,6464
2392,正崴,60,27,33,大昌-新店,2024-07-18,6464
2349,錸德,38,5,33,大昌-新店,2024-07-18,6464
2634,漢翔,47,14,33,大昌-新店,2024-07-18,6464
3037,欣興,60,28,32,大昌-新店,2024-07-18,6464
00949,復華日本龍頭,32,1,31,大昌-新店,2024-07-18,6464
00936,台新永續高息中小,48,18,30,大昌-新店,2024-07-18,6464
5531,鄉林,30,0,30,大昌-新店,2024-07-18,6464
2330,台積電,56,26,30,大昌-新店,2024-07-18,6464
00679B,元大美債20年,50,21,29,大昌-新店,2024-07-18,6464
2382,廣達,77,48,29,大昌-新店,2024-07-18,6464
6770,力積電,49,21,28,大昌-新店,2024-07-18,6464
4967,十銓,32,4,28,大昌-新店,2024-07-18,6464
6570,維田,35,7,28,大昌-新店,2024-07-18,6464
1909,榮成,30,3,27,大昌-新店,2024-07-18,6464
6153,嘉聯益,30,4,26,大昌-新店,2024-07-18,6464
3231,緯創,46,20,26,大昌-新店,2024-07-18,6464
6290,良維,59,34,25,大昌-新店,2024-07-18,6464
2312,金寶,60,35,25,大昌-新店,2024-07-18,6464
3711,日月光投控,37,13,24,大昌-新店,2024-07-18,6464
00935,野村臺灣新科技50,26,2,24,大昌-新店,2024-07-18,6464
2351,順德,26,2,24,大昌-新店,2024-07-18,6464
9945,潤泰新,52,28,24,大昌-新店,2024-07-18,6464
00933B,國泰10Y+金融債,30,8,22,大昌-新店,2024-07-18,6464
00941,中信上游半導體,21,0,21,大昌-新店,2024-07-18,6464
2812,台中銀,24,3,21,大昌-新店,2024-07-18,6464
00929,復華台灣科技優息,461,21,440,大昌-新店,2024-07-19,6464
00679B,元大美債20年,299,39,260,大昌-新店,2024-07-19,6464
2888,新光金,245,51,194,大昌-新店,2024-07-19,6464
00940,元大台灣價值高息,204,51,153,大昌-新店,2024-07-19,6464
2330,台積電,152,42,110,大昌-新店,2024-07-19,6464
1314,中石化,108,9,99,大昌-新店,2024-07-19,6464
00918,大華優利高填息30,146,58,88,大昌-新店,2024-07-19,6464
2337,旺宏,91,8,83,大昌-新店,2024-07-19,6464
00878,國泰永續高股息,110,30,80,大昌-新店,2024-07-19,6464
2324,仁寶,78,1,77,大昌-新店,2024-07-19,6464
6120,達運,75,0,75,大昌-新店,2024-07-19,6464
3231,緯創,90,15,75,大昌-新店,2024-07-19,6464
00665L,富邦�琤肭磪囓�2,200,125,75,大昌-新店,2024-07-19,6464
2356,英業達,103,28,75,大昌-新店,2024-07-19,6464
0056,元大高股息,85,14,71,大昌-新店,2024-07-19,6464
00937B,群益ESG投等債20,109,44,65,大昌-新店,2024-07-19,6464
2618,長榮航,125,64,61,大昌-新店,2024-07-19,6464
2323,中環,60,0,60,大昌-新店,2024-07-19,6464
2891,中信金,81,23,58,大昌-新店,2024-07-19,6464
2344,華邦電,65,11,54,大昌-新店,2024-07-19,6464
2812,台中銀,52,0,52,大昌-新店,2024-07-19,6464
2881,富邦金,58,6,52,大昌-新店,2024-07-19,6464
2208,台船,58,7,51,大昌-新店,2024-07-19,6464
6603,富強鑫,62,13,49,大昌-新店,2024-07-19,6464
2408,南亞科,49,1,48,大昌-新店,2024-07-19,6464
2603,長榮,55,10,45,大昌-新店,2024-07-19,6464
2382,廣達,82,39,43,大昌-新店,2024-07-19,6464
00720B,元大投資級公司債,49,8,41,大昌-新店,2024-07-19,6464
00936,台新永續高息中小,71,34,37,大昌-新店,2024-07-19,6464
2886,兆豐金,39,2,37,大昌-新店,2024-07-19,6464
00680L,元大美債20正2,36,0,36,大昌-新店,2024-07-19,6464
4109,加捷生醫,56,22,34,大昌-新店,2024-07-19,6464
1102,亞泥,45,11,34,大昌-新店,2024-07-19,6464
6005,群益證,41,8,33,大昌-新店,2024-07-19,6464
2882,國泰金,56,24,32,大昌-新店,2024-07-19,6464
6116,彩晶,37,5,32,大昌-新店,2024-07-19,6464
2102,泰豐,30,0,30,大昌-新店,2024-07-19,6464
3049,精金,33,3,30,大昌-新店,2024-07-19,6464
2883,凱基金,167,137,30,大昌-新店,2024-07-19,6464
3419,譁裕,29,0,29,大昌-新店,2024-07-19,6464
2867,三商壽,39,11,28,大昌-新店,2024-07-19,6464
1218,泰山,27,0,27,大昌-新店,2024-07-19,6464
2607,榮運,27,0,27,大昌-新店,2024-07-19,6464
00753L,中信中國50正2,31,4,27,大昌-新店,2024-07-19,6464
8147,正淩,27,1,26,大昌-新店,2024-07-19,6464
9105,泰金寶-DR,33,7,26,大昌-新店,2024-07-19,6464
3576,聯合再生,40,14,26,大昌-新店,2024-07-19,6464
2349,錸德,37,11,26,大昌-新店,2024-07-19,6464
6125,廣運,34,8,26,大昌-新店,2024-07-19,6464
00919,群益台灣精選高息,136,110,26,大昌-新店,2024-07-19,6464
00929,復華台灣科技優息,561,133,428,大昌-新店,2024-07-22,6464
00940,元大台灣價值高息,364,23,341,大昌-新店,2024-07-22,6464
00919,群益台灣精選高息,307,51,256,大昌-新店,2024-07-22,6464
00641R,富邦日本反1,163,0,163,大昌-新店,2024-07-22,6464
3481,群創,310,150,160,大昌-新店,2024-07-22,6464
1314,中石化,157,7,150,大昌-新店,2024-07-22,6464
0056,元大高股息,140,32,108,大昌-新店,2024-07-22,6464
00946,群益科技高息成長,111,8,103,大昌-新店,2024-07-22,6464
6142,友勁,100,0,100,大昌-新店,2024-07-22,6464
2867,三商壽,117,21,96,大昌-新店,2024-07-22,6464
00687B,國泰20年美債,80,1,79,大昌-新店,2024-07-22,6464
4406,新昕纖,78,0,78,大昌-新店,2024-07-22,6464
2353,宏��,107,34,73,大昌-新店,2024-07-22,6464
5512,力麒,164,92,72,大昌-新店,2024-07-22,6464
1907,永豐餘,71,0,71,大昌-新店,2024-07-22,6464
2888,新光金,66,9,57,大昌-新店,2024-07-22,6464
00669R,國泰美國道瓊反1,57,0,57,大昌-新店,2024-07-22,6464
006208,富邦台50,70,13,57,大昌-新店,2024-07-22,6464
8473,山林水,67,11,56,大昌-新店,2024-07-22,6464
2607,榮運,45,0,45,大昌-新店,2024-07-22,6464
2356,英業達,68,24,44,大昌-新店,2024-07-22,6464
2409,友達,60,18,42,大昌-新店,2024-07-22,6464
00761B,國泰A級公司債,42,0,42,大昌-新店,2024-07-22,6464
2337,旺宏,46,4,42,大昌-新店,2024-07-22,6464
00676R,富邦臺灣加權反1,40,0,40,大昌-新店,2024-07-22,6464
2408,南亞科,44,4,40,大昌-新店,2024-07-22,6464
4552,力達-KY,39,0,39,大昌-新店,2024-07-22,6464
1815,富喬,44,5,39,大昌-新店,2024-07-22,6464
2303,聯電,69,30,39,大昌-新店,2024-07-22,6464
00679B,元大美債20年,90,52,38,大昌-新店,2024-07-22,6464
00934,中信成長高股息,57,19,38,大昌-新店,2024-07-22,6464
00935,野村臺灣新科技50,38,0,38,大昌-新店,2024-07-22,6464
00947,台新臺灣IC設計,34,0,34,大昌-新店,2024-07-22,6464
00878,國泰永續高股息,181,148,33,大昌-新店,2024-07-22,6464
2324,仁寶,44,13,31,大昌-新店,2024-07-22,6464
1316,上曜,58,27,31,大昌-新店,2024-07-22,6464
00936,台新永續高息中小,48,18,30,大昌-新店,2024-07-22,6464
00661,元大日經225,30,0,30,大昌-新店,2024-07-22,6464
0052,富邦科技,30,0,30,大昌-新店,2024-07-22,6464
00671R,富邦NASDAQ反1,30,0,30,大昌-新店,2024-07-22,6464
00660,元大歐洲50,30,0,30,大昌-新店,2024-07-22,6464
00830,國泰費城半導體,27,0,27,大昌-新店,2024-07-22,6464
2362,藍天,27,0,27,大昌-新店,2024-07-22,6464
6770,力積電,35,8,27,大昌-新店,2024-07-22,6464
5426,振發,28,2,26,大昌-新店,2024-07-22,6464
2883,凱基金,185,160,25,大昌-新店,2024-07-22,6464
00922,國泰台灣領袖50,25,0,25,大昌-新店,2024-07-22,6464
3231,緯創,36,11,25,大昌-新店,2024-07-22,6464
00850,元大臺灣ESG永續,23,0,23,大昌-新店,2024-07-22,6464
00650L,復華香港正2,23,0,23,大昌-新店,2024-07-22,6464
00937B,群益ESG投等債20,263,17,246,大昌-新店,2024-07-23,6464
00679B,元大美債20年,251,21,230,大昌-新店,2024-07-23,6464
2888,新光金,253,24,229,大昌-新店,2024-07-23,6464
2409,友達,321,94,227,大昌-新店,2024-07-23,6464
2353,宏��,235,66,169,大昌-新店,2024-07-23,6464
3481,群創,230,73,157,大昌-新店,2024-07-23,6464
00919,群益台灣精選高息,149,16,133,大昌-新店,2024-07-23,6464
2801,彰銀,115,0,115,大昌-新店,2024-07-23,6464
00687B,國泰20年美債,107,5,102,大昌-新店,2024-07-23,6464
3522,御嵿,101,1,100,大昌-新店,2024-07-23,6464
00761B,國泰A級公司債,90,0,90,大昌-新店,2024-07-23,6464
00935,野村臺灣新科技50,103,15,88,大昌-新店,2024-07-23,6464
00632R,元大台灣50反1,140,62,78,大昌-新店,2024-07-23,6464
00929,復華台灣科技優息,122,56,66,大昌-新店,2024-07-23,6464
2606,裕民,66,1,65,大昌-新店,2024-07-23,6464
00664R,國泰臺灣加權反1,65,0,65,大昌-新店,2024-07-23,6464
00940,元大台灣價值高息,179,115,64,大昌-新店,2024-07-23,6464
2359,所羅門,78,14,64,大昌-新店,2024-07-23,6464
2408,南亞科,53,1,52,大昌-新店,2024-07-23,6464
00864B,中信美國公債0-1,50,0,50,大昌-新店,2024-07-23,6464
6026,福邦證,50,2,48,大昌-新店,2024-07-23,6464
5512,力麒,61,15,46,大昌-新店,2024-07-23,6464
00933B,國泰10Y+金融債,45,2,43,大昌-新店,2024-07-23,6464
00795B,中信美國公債20年,40,0,40,大昌-新店,2024-07-23,6464
2515,中工,60,22,38,大昌-新店,2024-07-23,6464
2547,日勝生,37,0,37,大昌-新店,2024-07-23,6464
00881,國泰台灣5G+,33,0,33,大昌-新店,2024-07-23,6464
2812,台中銀,45,13,32,大昌-新店,2024-07-23,6464
4956,光鋐,41,10,31,大昌-新店,2024-07-23,6464
2891,中信金,35,5,30,大昌-新店,2024-07-23,6464
6548,長科*,30,0,30,大昌-新店,2024-07-23,6464
3231,緯創,37,9,28,大昌-新店,2024-07-23,6464
1301,台塑,28,3,25,大昌-新店,2024-07-23,6464
3712,永崴投控,32,10,22,大昌-新店,2024-07-23,6464
1102,亞泥,23,2,21,大昌-新店,2024-07-23,6464
6202,盛群,20,0,20,大昌-新店,2024-07-23,6464
4526,東台,27,9,18,大昌-新店,2024-07-23,6464
2883,凱基金,20,2,18,大昌-新店,2024-07-23,6464
2495,普安,20,2,18,大昌-新店,2024-07-23,6464
00637L,元大滬深300正2,29,11,18,大昌-新店,2024-07-23,6464
2352,佳世達,17,0,17,大昌-新店,2024-07-23,6464
8033,雷虎,18,1,17,大昌-新店,2024-07-23,6464
1611,中電,30,13,17,大昌-新店,2024-07-23,6464
3686,達能,17,1,16,大昌-新店,2024-07-23,6464
2354,鴻準,20,4,16,大昌-新店,2024-07-23,6464
3483,力致,16,1,15,大昌-新店,2024-07-23,6464
00646,元大S＆P500,15,0,15,大昌-新店,2024-07-23,6464
6265,方土昶,15,0,15,大昌-新店,2024-07-23,6464
8931,大汽電,14,0,14,大昌-新店,2024-07-23,6464
8935,邦泰,14,0,14,大昌-新店,2024-07-23,6464
00937B,群益ESG投等債20,720,70,650,大昌-新店,2024-07-26,6464
00878,國泰永續高股息,287,28,259,大昌-新店,2024-07-26,6464
2888,新光金,498,248,250,大昌-新店,2024-07-26,6464
00919,群益台灣精選高息,242,33,209,大昌-新店,2024-07-26,6464
00632R,元大台灣50反1,372,163,209,大昌-新店,2024-07-26,6464
00665L,富邦�琤肭磪囓�2,206,2,204,大昌-新店,2024-07-26,6464
2303,聯電,147,12,135,大昌-新店,2024-07-26,6464
00929,復華台灣科技優息,176,52,124,大昌-新店,2024-07-26,6464
00637L,元大滬深300正2,123,13,110,大昌-新店,2024-07-26,6464
0056,元大高股息,103,0,103,大昌-新店,2024-07-26,6464
2317,鴻海,168,66,102,大昌-新店,2024-07-26,6464
00753L,中信中國50正2,89,0,89,大昌-新店,2024-07-26,6464
2356,英業達,88,8,80,大昌-新店,2024-07-26,6464
2330,台積電,92,17,75,大昌-新店,2024-07-26,6464
00687B,國泰20年美債,66,5,61,大昌-新店,2024-07-26,6464
00661,元大日經225,60,0,60,大昌-新店,2024-07-26,6464
00660,元大歐洲50,60,0,60,大昌-新店,2024-07-26,6464
2208,台船,55,0,55,大昌-新店,2024-07-26,6464
2601,益航,55,0,55,大昌-新店,2024-07-26,6464
00882,中信中國高股息,64,10,54,大昌-新店,2024-07-26,6464
00934,中信成長高股息,51,0,51,大昌-新店,2024-07-26,6464
00951,台新日本半導體,48,0,48,大昌-新店,2024-07-26,6464
2884,玉山金,57,11,46,大昌-新店,2024-07-26,6464
00940,元大台灣價值高息,155,116,39,大昌-新店,2024-07-26,6464
00933B,國泰10Y+金融債,47,10,37,大昌-新店,2024-07-26,6464
00946,群益科技高息成長,38,2,36,大昌-新店,2024-07-26,6464
2365,昆盈,67,31,36,大昌-新店,2024-07-26,6464
2489,瑞軒,38,3,35,大昌-新店,2024-07-26,6464
3711,日月光投控,35,0,35,大昌-新店,2024-07-26,6464
2408,南亞科,40,6,34,大昌-新店,2024-07-26,6464
3211,順達,41,7,34,大昌-新店,2024-07-26,6464
6176,瑞儀,33,0,33,大昌-新店,2024-07-26,6464
2890,永豐金,37,4,33,大昌-新店,2024-07-26,6464
00949,復華日本龍頭,33,0,33,大昌-新店,2024-07-26,6464
2382,廣達,41,9,32,大昌-新店,2024-07-26,6464
2002,中鋼,39,7,32,大昌-新店,2024-07-26,6464
00751B,元大AAA至A公司債,32,0,32,大昌-新店,2024-07-26,6464
00881,國泰台灣5G+,32,0,32,大昌-新店,2024-07-26,6464
2880,華南金,30,0,30,大昌-新店,2024-07-26,6464
00864B,中信美國公債0-1,30,0,30,大昌-新店,2024-07-26,6464
00941,中信上游半導體,30,0,30,大昌-新店,2024-07-26,6464
00850,元大臺灣ESG永續,28,0,28,大昌-新店,2024-07-26,6464
1608,華榮,30,2,28,大昌-新店,2024-07-26,6464
00922,國泰台灣領袖50,27,0,27,大昌-新店,2024-07-26,6464
3231,緯創,56,29,27,大昌-新店,2024-07-26,6464
1434,福懋,25,0,25,大昌-新店,2024-07-26,6464
1611,中電,24,0,24,大昌-新店,2024-07-26,6464
2486,一詮,23,0,23,大昌-新店,2024-07-26,6464
2344,華邦電,25,2,23,大昌-新店,2024-07-26,6464
0050,元大台灣50,23,0,23,大昌-新店,2024-07-26,6464
00929,復華台灣科技優息,350,109,241,大昌-新店,2024-07-29,6464
00919,群益台灣精選高息,300,94,206,大昌-新店,2024-07-29,6464
00878,國泰永續高股息,303,99,204,大昌-新店,2024-07-29,6464
00940,元大台灣價值高息,204,2,202,大昌-新店,2024-07-29,6464
6016,康和證,205,55,150,大昌-新店,2024-07-29,6464
00937B,群益ESG投等債20,192,53,139,大昌-新店,2024-07-29,6464
00641R,富邦日本反1,125,0,125,大昌-新店,2024-07-29,6464
0056,元大高股息,112,6,106,大昌-新店,2024-07-29,6464
00669R,國泰美國道瓊反1,105,0,105,大昌-新店,2024-07-29,6464
00680L,元大美債20正2,103,0,103,大昌-新店,2024-07-29,6464
2633,台灣高鐵,100,3,97,大昌-新店,2024-07-29,6464
2356,英業達,124,45,79,大昌-新店,2024-07-29,6464
00664R,國泰臺灣加權反1,71,0,71,大昌-新店,2024-07-29,6464
2515,中工,87,21,66,大昌-新店,2024-07-29,6464
2409,友達,81,15,66,大昌-新店,2024-07-29,6464
00934,中信成長高股息,65,0,65,大昌-新店,2024-07-29,6464
2884,玉山金,72,8,64,大昌-新店,2024-07-29,6464
00687B,國泰20年美債,65,3,62,大昌-新店,2024-07-29,6464
3230,錦明,63,2,61,大昌-新店,2024-07-29,6464
00951,台新日本半導體,66,5,61,大昌-新店,2024-07-29,6464
2337,旺宏,58,12,46,大昌-新店,2024-07-29,6464
00946,群益科技高息成長,43,0,43,大昌-新店,2024-07-29,6464
1215,卜蜂,40,0,40,大昌-新店,2024-07-29,6464
2303,聯電,51,18,33,大昌-新店,2024-07-29,6464
2301,光寶科,34,3,31,大昌-新店,2024-07-29,6464
2353,宏��,47,17,30,大昌-新店,2024-07-29,6464
3037,欣興,35,6,29,大昌-新店,2024-07-29,6464
00795B,中信美國公債20年,30,3,27,大昌-新店,2024-07-29,6464
1609,大亞,48,22,26,大昌-新店,2024-07-29,6464
3481,群創,114,88,26,大昌-新店,2024-07-29,6464
2208,台船,29,4,25,大昌-新店,2024-07-29,6464
2489,瑞軒,30,5,25,大昌-新店,2024-07-29,6464
6239,力成,24,1,23,大昌-新店,2024-07-29,6464
2344,華邦電,29,6,23,大昌-新店,2024-07-29,6464
00642U,期元大S＆P石油,22,0,22,大昌-新店,2024-07-29,6464
3706,神達,24,2,22,大昌-新店,2024-07-29,6464
3231,緯創,34,13,21,大昌-新店,2024-07-29,6464
4109,加捷生醫,22,1,21,大昌-新店,2024-07-29,6464
5309,系統電,25,4,21,大昌-新店,2024-07-29,6464
2363,矽統,32,12,20,大昌-新店,2024-07-29,6464
6120,達運,30,10,20,大昌-新店,2024-07-29,6464
2103,台橡,20,0,20,大昌-新店,2024-07-29,6464
3703,欣陸,20,0,20,大昌-新店,2024-07-29,6464
2312,金寶,28,9,19,大昌-新店,2024-07-29,6464
2002,中鋼,22,3,19,大昌-新店,2024-07-29,6464
8021,尖點,20,1,19,大昌-新店,2024-07-29,6464
2547,日勝生,20,2,18,大昌-新店,2024-07-29,6464
6235,華孚,25,7,18,大昌-新店,2024-07-29,6464
2313,華通,24,6,18,大昌-新店,2024-07-29,6464
6770,力積電,24,6,18,大昌-新店,2024-07-29,6464
00929,復華台灣科技優息,364,46,318,大昌-新店,2024-07-30,6464
00919,群益台灣精選高息,318,11,307,大昌-新店,2024-07-30,6464
00940,元大台灣價值高息,233,46,187,大昌-新店,2024-07-30,6464
2303,聯電,145,15,130,大昌-新店,2024-07-30,6464
00637L,元大滬深300正2,125,7,118,大昌-新店,2024-07-30,6464
1513,中興電,119,19,100,大昌-新店,2024-07-30,6464
00665L,富邦�琤肭磪囓�2,94,0,94,大昌-新店,2024-07-30,6464
00680L,元大美債20正2,92,0,92,大昌-新店,2024-07-30,6464
00933B,國泰10Y+金融債,90,1,89,大昌-新店,2024-07-30,6464
00946,群益科技高息成長,67,2,65,大昌-新店,2024-07-30,6464
00878,國泰永續高股息,98,39,59,大昌-新店,2024-07-30,6464
00753L,中信中國50正2,59,0,59,大昌-新店,2024-07-30,6464
00937B,群益ESG投等債20,80,23,57,大昌-新店,2024-07-30,6464
1605,華新,55,3,52,大昌-新店,2024-07-30,6464
5452,佶優,47,0,47,大昌-新店,2024-07-30,6464
0056,元大高股息,81,36,45,大昌-新店,2024-07-30,6464
00715L,期街口布蘭特正2,42,0,42,大昌-新店,2024-07-30,6464
2344,華邦電,64,24,40,大昌-新店,2024-07-30,6464
2002,中鋼,46,13,33,大昌-新店,2024-07-30,6464
3689,湧德,33,1,32,大昌-新店,2024-07-30,6464
2890,永豐金,54,23,31,大昌-新店,2024-07-30,6464
2020,美亞,31,1,30,大昌-新店,2024-07-30,6464
3024,憶聲,49,20,29,大昌-新店,2024-07-30,6464
2349,錸德,143,117,26,大昌-新店,2024-07-30,6464
00902,中信電池及儲能,24,0,24,大昌-新店,2024-07-30,6464
2408,南亞科,26,2,24,大昌-新店,2024-07-30,6464
2884,玉山金,31,8,23,大昌-新店,2024-07-30,6464
00642U,期元大S＆P石油,23,0,23,大昌-新店,2024-07-30,6464
2382,廣達,62,39,23,大昌-新店,2024-07-30,6464
2891,中信金,26,4,22,大昌-新店,2024-07-30,6464
00951,台新日本半導體,21,0,21,大昌-新店,2024-07-30,6464
3481,群創,80,60,20,大昌-新店,2024-07-30,6464
00939,統一台灣高息動能,20,2,18,大昌-新店,2024-07-30,6464
3189,景碩,28,11,17,大昌-新店,2024-07-30,6464
00934,中信成長高股息,48,32,16,大昌-新店,2024-07-30,6464
2489,瑞軒,27,12,15,大昌-新店,2024-07-30,6464
1314,中石化,18,3,15,大昌-新店,2024-07-30,6464
2880,華南金,20,5,15,大昌-新店,2024-07-30,6464
2354,鴻準,21,7,14,大昌-新店,2024-07-30,6464
2882,國泰金,20,6,14,大昌-新店,2024-07-30,6464
2356,英業達,22,9,13,大昌-新店,2024-07-30,6464
6177,達麗,13,0,13,大昌-新店,2024-07-30,6464
00650L,復華香港正2,25,12,13,大昌-新店,2024-07-30,6464
3105,穩懋,15,3,12,大昌-新店,2024-07-30,6464
5309,系統電,18,6,12,大昌-新店,2024-07-30,6464
00882,中信中國高股息,17,5,12,大昌-新店,2024-07-30,6464
2313,華通,17,5,12,大昌-新店,2024-07-30,6464
3052,夆典,11,0,11,大昌-新店,2024-07-30,6464
4526,東台,32,21,11,大昌-新店,2024-07-30,6464
2867,三商壽,10,0,10,大昌-新店,2024-07-30,6464
00706L,期元大S＆P日圓正2,565,15,550,大昌-新店,2024-07-31,6464
00940,元大台灣價值高息,194,0,194,大昌-新店,2024-07-31,6464
00679B,元大美債20年,163,7,156,大昌-新店,2024-07-31,6464
3450,聯鈞,115,3,112,大昌-新店,2024-07-31,6464
00632R,元大台灣50反1,150,71,79,大昌-新店,2024-07-31,6464
00664R,國泰臺灣加權反1,76,0,76,大昌-新店,2024-07-31,6464
00687B,國泰20年美債,73,2,71,大昌-新店,2024-07-31,6464
00937B,群益ESG投等債20,81,19,62,大昌-新店,2024-07-31,6464
006208,富邦台50,58,3,55,大昌-新店,2024-07-31,6464
9105,泰金寶-DR,81,28,53,大昌-新店,2024-07-31,6464
3047,訊舟,142,89,53,大昌-新店,2024-07-31,6464
2409,友達,71,21,50,大昌-新店,2024-07-31,6464
2349,錸德,70,22,48,大昌-新店,2024-07-31,6464
2103,台橡,40,0,40,大昌-新店,2024-07-31,6464
3105,穩懋,40,3,37,大昌-新店,2024-07-31,6464
00946,群益科技高息成長,38,1,37,大昌-新店,2024-07-31,6464
00680L,元大美債20正2,35,0,35,大昌-新店,2024-07-31,6464
2399,映泰,39,6,33,大昌-新店,2024-07-31,6464
00882,中信中國高股息,37,5,32,大昌-新店,2024-07-31,6464
1454,台富,30,0,30,大昌-新店,2024-07-31,6464
2347,聯強,31,1,30,大昌-新店,2024-07-31,6464
1711,永光,61,32,29,大昌-新店,2024-07-31,6464
6492,生華科,30,1,29,大昌-新店,2024-07-31,6464
2204,中華,32,5,27,大昌-新店,2024-07-31,6464
00878,國泰永續高股息,34,7,27,大昌-新店,2024-07-31,6464
5880,合庫金,33,6,27,大昌-新店,2024-07-31,6464
00922,國泰台灣領袖50,26,0,26,大昌-新店,2024-07-31,6464
00936,台新永續高息中小,27,1,26,大昌-新店,2024-07-31,6464
2891,中信金,30,6,24,大昌-新店,2024-07-31,6464
2520,冠德,27,3,24,大昌-新店,2024-07-31,6464
3711,日月光投控,38,15,23,大昌-新店,2024-07-31,6464
00688L,國泰20年美債正2,23,0,23,大昌-新店,2024-07-31,6464
2317,鴻海,127,104,23,大昌-新店,2024-07-31,6464
4513,福裕,36,14,22,大昌-新店,2024-07-31,6464
2637,慧洋-KY,21,0,21,大昌-新店,2024-07-31,6464
00933B,國泰10Y+金融債,20,0,20,大昌-新店,2024-07-31,6464
5328,華容,23,3,20,大昌-新店,2024-07-31,6464
3376,新日興,21,2,19,大昌-新店,2024-07-31,6464
2489,瑞軒,25,6,19,大昌-新店,2024-07-31,6464
1102,亞泥,19,0,19,大昌-新店,2024-07-31,6464
5347,世界,35,17,18,大昌-新店,2024-07-31,6464
00881,國泰台灣5G+,20,4,16,大昌-新店,2024-07-31,6464
6173,信昌電,17,1,16,大昌-新店,2024-07-31,6464
8906,花王,16,0,16,大昌-新店,2024-07-31,6464
2888,新光金,74,59,15,大昌-新店,2024-07-31,6464
1609,大亞,17,2,15,大昌-新店,2024-07-31,6464
8011,台通,16,1,15,大昌-新店,2024-07-31,6464
6239,力成,15,1,14,大昌-新店,2024-07-31,6464
2486,一詮,18,4,14,大昌-新店,2024-07-31,6464
2820,華票,14,0,14,大昌-新店,2024-07-31,6464
00687B,國泰20年美債,185,58,127,大昌-新店,2024-08-01,6464
00645,富邦日本,91,0,91,大昌-新店,2024-08-01,6464
00661,元大日經225,90,0,90,大昌-新店,2024-08-01,6464
1101,台泥,103,13,90,大昌-新店,2024-08-01,6464
00937B,群益ESG投等債20,89,0,89,大昌-新店,2024-08-01,6464
00632R,元大台灣50反1,140,55,85,大昌-新店,2024-08-01,6464
00637L,元大滬深300正2,60,4,56,大昌-新店,2024-08-01,6464
2356,英業達,72,20,52,大昌-新店,2024-08-01,6464
00664R,國泰臺灣加權反1,121,70,51,大昌-新店,2024-08-01,6464
00878,國泰永續高股息,138,95,43,大昌-新店,2024-08-01,6464
00669R,國泰美國道瓊反1,40,0,40,大昌-新店,2024-08-01,6464
9946,三發地產,41,4,37,大昌-新店,2024-08-01,6464
2062,橋椿,43,10,33,大昌-新店,2024-08-01,6464
2610,華航,40,8,32,大昌-新店,2024-08-01,6464
6116,彩晶,43,13,30,大昌-新店,2024-08-01,6464
9933,中鼎,29,1,28,大昌-新店,2024-08-01,6464
00753L,中信中國50正2,26,0,26,大昌-新店,2024-08-01,6464
00680L,元大美債20正2,50,26,24,大昌-新店,2024-08-01,6464
2481,強茂,22,0,22,大昌-新店,2024-08-01,6464
1560,中砂,22,1,21,大昌-新店,2024-08-01,6464
5483,中美晶,22,1,21,大昌-新店,2024-08-01,6464
3535,晶彩科,40,19,21,大昌-新店,2024-08-01,6464
2363,矽統,96,75,21,大昌-新店,2024-08-01,6464
6160,欣技,20,0,20,大昌-新店,2024-08-01,6464
00665L,富邦�琤肭磪囓�2,60,40,20,大昌-新店,2024-08-01,6464
2390,云辰,20,0,20,大昌-新店,2024-08-01,6464
2337,旺宏,92,73,19,大昌-新店,2024-08-01,6464
2349,錸德,61,42,19,大昌-新店,2024-08-01,6464
2323,中環,30,11,19,大昌-新店,2024-08-01,6464
1815,富喬,24,5,19,大昌-新店,2024-08-01,6464
00929,復華台灣科技優息,57,39,18,大昌-新店,2024-08-01,6464
00712,復華富時不動產,22,4,18,大昌-新店,2024-08-01,6464
6239,力成,23,6,17,大昌-新店,2024-08-01,6464
8112,至上,21,4,17,大昌-新店,2024-08-01,6464
4967,十銓,20,3,17,大昌-新店,2024-08-01,6464
3037,欣興,25,9,16,大昌-新店,2024-08-01,6464
3372,典範,16,0,16,大昌-新店,2024-08-01,6464
00945B,凱基美國非投等債,15,0,15,大昌-新店,2024-08-01,6464
2881,富邦金,25,10,15,大昌-新店,2024-08-01,6464
2002,中鋼,20,5,15,大昌-新店,2024-08-01,6464
2504,國產,28,13,15,大昌-新店,2024-08-01,6464
2618,長榮航,15,1,14,大昌-新店,2024-08-01,6464
1201,味全,14,0,14,大昌-新店,2024-08-01,6464
5443,均豪,42,28,14,大昌-新店,2024-08-01,6464
3663,鑫科,41,27,14,大昌-新店,2024-08-01,6464
2383,台光電,18,5,13,大昌-新店,2024-08-01,6464
2405,輔信,16,3,13,大昌-新店,2024-08-01,6464
3050,鈺德,15,2,13,大昌-新店,2024-08-01,6464
3211,順達,22,9,13,大昌-新店,2024-08-01,6464
2313,華通,21,8,13,大昌-新店,2024-08-01,6464
00878,國泰永續高股息,385,5,380,大昌-新店,2024-08-02,6464
2303,聯電,452,76,376,大昌-新店,2024-08-02,6464
00940,元大台灣價值高息,352,32,320,大昌-新店,2024-08-02,6464
00919,群益台灣精選高息,261,13,248,大昌-新店,2024-08-02,6464
00929,復華台灣科技優息,252,8,244,大昌-新店,2024-08-02,6464
00946,群益科技高息成長,206,10,196,大昌-新店,2024-08-02,6464
00680L,元大美債20正2,205,15,190,大昌-新店,2024-08-02,6464
00881,國泰台灣5G+,188,6,182,大昌-新店,2024-08-02,6464
2317,鴻海,279,102,177,大昌-新店,2024-08-02,6464
0056,元大高股息,148,2,146,大昌-新店,2024-08-02,6464
00936,台新永續高息中小,170,33,137,大昌-新店,2024-08-02,6464
2337,旺宏,187,51,136,大昌-新店,2024-08-02,6464
00918,大華優利高填息30,133,0,133,大昌-新店,2024-08-02,6464
2409,友達,153,28,125,大昌-新店,2024-08-02,6464
00948B,中信優息投資級債,130,10,120,大昌-新店,2024-08-02,6464
00949,復華日本龍頭,106,5,101,大昌-新店,2024-08-02,6464
1316,上曜,131,32,99,大昌-新店,2024-08-02,6464
00661,元大日經225,97,0,97,大昌-新店,2024-08-02,6464
2520,冠德,99,7,92,大昌-新店,2024-08-02,6464
3037,欣興,96,4,92,大昌-新店,2024-08-02,6464
00662,富邦NASDAQ,85,0,85,大昌-新店,2024-08-02,6464
2330,台積電,107,23,84,大昌-新店,2024-08-02,6464
00900,富邦特選高股息30,87,6,81,大昌-新店,2024-08-02,6464
00830,國泰費城半導體,82,2,80,大昌-新店,2024-08-02,6464
00679B,元大美債20年,101,34,67,大昌-新店,2024-08-02,6464
8926,台汽電,69,5,64,大昌-新店,2024-08-02,6464
00671R,富邦NASDAQ反1,64,0,64,大昌-新店,2024-08-02,6464
3231,緯創,80,19,61,大昌-新店,2024-08-02,6464
00660,元大歐洲50,60,0,60,大昌-新店,2024-08-02,6464
00934,中信成長高股息,61,7,54,大昌-新店,2024-08-02,6464
00688L,國泰20年美債正2,57,5,52,大昌-新店,2024-08-02,6464
2382,廣達,61,10,51,大昌-新店,2024-08-02,6464
00950B,凱基A級公司債,50,0,50,大昌-新店,2024-08-02,6464
1605,華新,53,3,50,大昌-新店,2024-08-02,6464
2845,遠東銀,50,1,49,大昌-新店,2024-08-02,6464
2834,臺企銀,60,13,47,大昌-新店,2024-08-02,6464
5443,均豪,57,11,46,大昌-新店,2024-08-02,6464
2344,華邦電,56,12,44,大昌-新店,2024-08-02,6464
2891,中信金,52,10,42,大昌-新店,2024-08-02,6464
8071,能率網通,55,13,42,大昌-新店,2024-08-02,6464
00923,群益台ESG低碳50,45,4,41,大昌-新店,2024-08-02,6464
3711,日月光投控,50,10,40,大昌-新店,2024-08-02,6464
00891,中信關鍵半導體,46,6,40,大昌-新店,2024-08-02,6464
2102,泰豐,40,0,40,大昌-新店,2024-08-02,6464
2536,宏普,37,0,37,大昌-新店,2024-08-02,6464
00932,兆豐永續高息等權,34,0,34,大昌-新店,2024-08-02,6464
00645,富邦日本,33,0,33,大昌-新店,2024-08-02,6464
2399,映泰,33,1,32,大昌-新店,2024-08-02,6464
2501,國建,45,15,30,大昌-新店,2024-08-02,6464
2903,遠百,30,0,30,大昌-新店,2024-08-02,6464
00940,元大台灣價值高息,826,100,726,大昌-新店,2024-08-05,6464
00929,復華台灣科技優息,774,207,567,大昌-新店,2024-08-05,6464
00878,國泰永續高股息,497,76,421,大昌-新店,2024-08-05,6464
2883,凱基金,424,107,317,大昌-新店,2024-08-05,6464
2409,友達,471,178,293,大昌-新店,2024-08-05,6464
00919,群益台灣精選高息,321,33,288,大昌-新店,2024-08-05,6464
00661,元大日經225,215,0,215,大昌-新店,2024-08-05,6464
00948B,中信優息投資級債,202,0,202,大昌-新店,2024-08-05,6464
2888,新光金,275,105,170,大昌-新店,2024-08-05,6464
00645,富邦日本,148,0,148,大昌-新店,2024-08-05,6464
0056,元大高股息,182,52,130,大昌-新店,2024-08-05,6464
00936,台新永續高息中小,115,3,112,大昌-新店,2024-08-05,6464
00709,富邦歐洲,95,0,95,大昌-新店,2024-08-05,6464
00660,元大歐洲50,90,0,90,大昌-新店,2024-08-05,6464
00646,元大S＆P500,81,0,81,大昌-新店,2024-08-05,6464
00688L,國泰20年美債正2,95,15,80,大昌-新店,2024-08-05,6464
2880,華南金,109,29,80,大昌-新店,2024-08-05,6464
3481,群創,138,62,76,大昌-新店,2024-08-05,6464
2520,冠德,78,2,76,大昌-新店,2024-08-05,6464
00671R,富邦NASDAQ反1,73,0,73,大昌-新店,2024-08-05,6464
2330,台積電,159,90,69,大昌-新店,2024-08-05,6464
006208,富邦台50,78,13,65,大昌-新店,2024-08-05,6464
00918,大華優利高填息30,68,6,62,大昌-新店,2024-08-05,6464
00946,群益科技高息成長,63,1,62,大昌-新店,2024-08-05,6464
1605,華新,66,7,59,大昌-新店,2024-08-05,6464
2317,鴻海,184,129,55,大昌-新店,2024-08-05,6464
2323,中環,59,5,54,大昌-新店,2024-08-05,6464
00900,富邦特選高股息30,65,12,53,大昌-新店,2024-08-05,6464
912000,晨訊科-DR,51,0,51,大昌-新店,2024-08-05,6464
00949,復華日本龍頭,57,7,50,大昌-新店,2024-08-05,6464
4306,炎洲,50,0,50,大昌-新店,2024-08-05,6464
3673,TPK-KY,50,6,44,大昌-新店,2024-08-05,6464
00933B,國泰10Y+金融債,49,5,44,大昌-新店,2024-08-05,6464
2601,益航,45,1,44,大昌-新店,2024-08-05,6464
2201,裕隆,48,5,43,大昌-新店,2024-08-05,6464
1316,上曜,45,3,42,大昌-新店,2024-08-05,6464
2886,兆豐金,54,13,41,大昌-新店,2024-08-05,6464
0052,富邦科技,39,0,39,大昌-新店,2024-08-05,6464
2408,南亞科,45,6,39,大昌-新店,2024-08-05,6464
4552,力達-KY,38,0,38,大昌-新店,2024-08-05,6464
00675L,富邦臺灣加權正2,42,5,37,大昌-新店,2024-08-05,6464
6177,達麗,44,7,37,大昌-新店,2024-08-05,6464
00830,國泰費城半導體,36,0,36,大昌-新店,2024-08-05,6464
2495,普安,36,0,36,大昌-新店,2024-08-05,6464
8107,大億金茂,36,0,36,大昌-新店,2024-08-05,6464
0050,元大台灣50,38,2,36,大昌-新店,2024-08-05,6464
2365,昆盈,56,21,35,大昌-新店,2024-08-05,6464
6120,達運,35,0,35,大昌-新店,2024-08-05,6464
3576,聯合再生,42,8,34,大昌-新店,2024-08-05,6464
00669R,國泰美國道瓊反1,34,0,34,大昌-新店,2024-08-05,6464
6116,彩晶,501,4,497,大昌-新店,2024-08-06,6464
00664R,國泰臺灣加權反1,449,30,419,大昌-新店,2024-08-06,6464
00632R,元大台灣50反1,877,551,326,大昌-新店,2024-08-06,6464
00679B,元大美債20年,394,161,233,大昌-新店,2024-08-06,6464
00637L,元大滬深300正2,187,26,161,大昌-新店,2024-08-06,6464
00937B,群益ESG投等債20,302,156,146,大昌-新店,2024-08-06,6464
2834,臺企銀,176,31,145,大昌-新店,2024-08-06,6464
2520,冠德,141,26,115,大昌-新店,2024-08-06,6464
2409,友達,152,41,111,大昌-新店,2024-08-06,6464
2317,鴻海,375,267,108,大昌-新店,2024-08-06,6464
00665L,富邦�琤肭磪囓�2,107,0,107,大昌-新店,2024-08-06,6464
00878,國泰永續高股息,189,95,94,大昌-新店,2024-08-06,6464
00940,元大台灣價值高息,208,117,91,大昌-新店,2024-08-06,6464
0050,元大台灣50,95,28,67,大昌-新店,2024-08-06,6464
5213,亞昕,70,6,64,大昌-新店,2024-08-06,6464
5531,鄉林,63,0,63,大昌-新店,2024-08-06,6464
00881,國泰台灣5G+,76,15,61,大昌-新店,2024-08-06,6464
3481,群創,84,24,60,大昌-新店,2024-08-06,6464
00929,復華台灣科技優息,191,132,59,大昌-新店,2024-08-06,6464
1316,上曜,61,9,52,大昌-新店,2024-08-06,6464
00706L,期元大S＆P日圓正2,50,0,50,大昌-新店,2024-08-06,6464
3522,御嵿,50,0,50,大昌-新店,2024-08-06,6464
00676R,富邦臺灣加權反1,45,0,45,大昌-新店,2024-08-06,6464
1513,中興電,56,18,38,大昌-新店,2024-08-06,6464
3037,欣興,52,15,37,大昌-新店,2024-08-06,6464
2433,互盛電,38,3,35,大昌-新店,2024-08-06,6464
5309,系統電,37,2,35,大昌-新店,2024-08-06,6464
00669R,國泰美國道瓊反1,34,0,34,大昌-新店,2024-08-06,6464
2515,中工,45,13,32,大昌-新店,2024-08-06,6464
5521,工信,43,11,32,大昌-新店,2024-08-06,6464
6186,新潤,31,0,31,大昌-新店,2024-08-06,6464
00668,國泰美國道瓊,30,0,30,大昌-新店,2024-08-06,6464
912000,晨訊科-DR,30,0,30,大昌-新店,2024-08-06,6464
2887,台新金,34,6,28,大昌-新店,2024-08-06,6464
3231,緯創,89,62,27,大昌-新店,2024-08-06,6464
00948B,中信優息投資級債,31,4,27,大昌-新店,2024-08-06,6464
3710,連展投控,27,0,27,大昌-新店,2024-08-06,6464
2359,所羅門,39,16,23,大昌-新店,2024-08-06,6464
2547,日勝生,23,0,23,大昌-新店,2024-08-06,6464
2362,藍天,38,15,23,大昌-新店,2024-08-06,6464
2379,瑞昱,23,1,22,大昌-新店,2024-08-06,6464
1201,味全,22,0,22,大昌-新店,2024-08-06,6464
6148,驊宏資,24,3,21,大昌-新店,2024-08-06,6464
00712,復華富時不動產,20,0,20,大昌-新店,2024-08-06,6464
6016,康和證,20,0,20,大昌-新店,2024-08-06,6464
00915,凱基優選高股息30,28,8,20,大昌-新店,2024-08-06,6464
6438,迅得,20,0,20,大昌-新店,2024-08-06,6464
3605,宏致,23,3,20,大昌-新店,2024-08-06,6464
8271,宇瞻,20,0,20,大昌-新店,2024-08-06,6464
4552,力達-KY,19,0,19,大昌-新店,2024-08-06,6464
00632R,元大台灣50反1,1266,294,972,大昌-新店,2024-08-07,6464
00664R,國泰臺灣加權反1,597,0,597,大昌-新店,2024-08-07,6464
00680L,元大美債20正2,501,25,476,大昌-新店,2024-08-07,6464
2801,彰銀,196,5,191,大昌-新店,2024-08-07,6464
00929,復華台灣科技優息,284,97,187,大昌-新店,2024-08-07,6464
00687B,國泰20年美債,212,41,171,大昌-新店,2024-08-07,6464
2317,鴻海,249,95,154,大昌-新店,2024-08-07,6464
00679B,元大美債20年,193,41,152,大昌-新店,2024-08-07,6464
2834,臺企銀,167,33,134,大昌-新店,2024-08-07,6464
00646,元大S＆P500,111,0,111,大昌-新店,2024-08-07,6464
2886,兆豐金,85,3,82,大昌-新店,2024-08-07,6464
00665L,富邦�琤肭磪囓�2,181,102,79,大昌-新店,2024-08-07,6464
3450,聯鈞,133,57,76,大昌-新店,2024-08-07,6464
00878,國泰永續高股息,98,34,64,大昌-新店,2024-08-07,6464
5880,合庫金,65,3,62,大昌-新店,2024-08-07,6464
00688L,國泰20年美債正2,67,5,62,大昌-新店,2024-08-07,6464
2409,友達,136,83,53,大昌-新店,2024-08-07,6464
6016,康和證,50,0,50,大昌-新店,2024-08-07,6464
00795B,中信美國公債20年,51,2,49,大昌-新店,2024-08-07,6464
00937B,群益ESG投等債20,74,27,47,大昌-新店,2024-08-07,6464
2845,遠東銀,50,3,47,大昌-新店,2024-08-07,6464
00919,群益台灣精選高息,50,11,39,大昌-新店,2024-08-07,6464
00715L,期街口布蘭特正2,39,0,39,大昌-新店,2024-08-07,6464
00662,富邦NASDAQ,36,1,35,大昌-新店,2024-08-07,6464
00932,兆豐永續高息等權,34,0,34,大昌-新店,2024-08-07,6464
3060,銘異,50,17,33,大昌-新店,2024-08-07,6464
5386,青雲,38,6,32,大昌-新店,2024-08-07,6464
00933B,國泰10Y+金融債,31,0,31,大昌-新店,2024-08-07,6464
1540,喬福,81,50,31,大昌-新店,2024-08-07,6464
2408,南亞科,37,7,30,大昌-新店,2024-08-07,6464
2836,高雄銀,30,0,30,大昌-新店,2024-08-07,6464
00668,國泰美國道瓊,30,0,30,大昌-新店,2024-08-07,6464
00948B,中信優息投資級債,29,0,29,大昌-新店,2024-08-07,6464
2887,台新金,32,7,25,大昌-新店,2024-08-07,6464
2313,華通,44,21,23,大昌-新店,2024-08-07,6464
2535,達欣工,20,0,20,大昌-新店,2024-08-07,6464
1102,亞泥,23,5,18,大昌-新店,2024-08-07,6464
3037,欣興,37,19,18,大昌-新店,2024-08-07,6464
2382,廣達,75,58,17,大昌-新店,2024-08-07,6464
3034,聯詠,21,7,14,大昌-新店,2024-08-07,6464
6116,彩晶,16,2,14,大昌-新店,2024-08-07,6464
3013,晟銘電,40,26,14,大昌-新店,2024-08-07,6464
6274,台燿,28,14,14,大昌-新店,2024-08-07,6464
6488,環球晶,13,1,12,大昌-新店,2024-08-07,6464
2618,長榮航,26,14,12,大昌-新店,2024-08-07,6464
3622,洋華,12,0,12,大昌-新店,2024-08-07,6464
2454,聯發科,16,5,11,大昌-新店,2024-08-07,6464
00900,富邦特選高股息30,12,1,11,大昌-新店,2024-08-07,6464
00931B,統一美債20年,13,2,11,大昌-新店,2024-08-07,6464
1569,濱川,12,1,11,大昌-新店,2024-08-07,6464
00680L,元大美債20正2,391,3,388,大昌-新店,2024-08-08,6464
00937B,群益ESG投等債20,183,35,148,大昌-新店,2024-08-08,6464
00679B,元大美債20年,194,56,138,大昌-新店,2024-08-08,6464
2886,兆豐金,109,2,107,大昌-新店,2024-08-08,6464
00933B,國泰10Y+金融債,105,0,105,大昌-新店,2024-08-08,6464
00864B,中信美國公債0-1,100,0,100,大昌-新店,2024-08-08,6464
00687B,國泰20年美債,101,2,99,大昌-新店,2024-08-08,6464
00878,國泰永續高股息,119,30,89,大昌-新店,2024-08-08,6464
00929,復華台灣科技優息,223,139,84,大昌-新店,2024-08-08,6464
0056,元大高股息,81,0,81,大昌-新店,2024-08-08,6464
00795B,中信美國公債20年,64,0,64,大昌-新店,2024-08-08,6464
00671R,富邦NASDAQ反1,60,0,60,大昌-新店,2024-08-08,6464
00664R,國泰臺灣加權反1,170,110,60,大昌-新店,2024-08-08,6464
2317,鴻海,172,117,55,大昌-新店,2024-08-08,6464
00688L,國泰20年美債正2,49,0,49,大昌-新店,2024-08-08,6464
1314,中石化,54,6,48,大昌-新店,2024-08-08,6464
1201,味全,48,2,46,大昌-新店,2024-08-08,6464
1301,台塑,46,5,41,大昌-新店,2024-08-08,6464
00919,群益台灣精選高息,42,4,38,大昌-新店,2024-08-08,6464
2356,英業達,43,8,35,大昌-新店,2024-08-08,6464
2102,泰豐,59,25,34,大昌-新店,2024-08-08,6464
8043,蜜望實,47,16,31,大昌-新店,2024-08-08,6464
2330,台積電,43,13,30,大昌-新店,2024-08-08,6464
2399,映泰,39,9,30,大昌-新店,2024-08-08,6464
2903,遠百,30,0,30,大昌-新店,2024-08-08,6464
2609,陽明,51,24,27,大昌-新店,2024-08-08,6464
2610,華航,37,11,26,大昌-新店,2024-08-08,6464
00646,元大S＆P500,26,0,26,大昌-新店,2024-08-08,6464
2382,廣達,86,61,25,大昌-新店,2024-08-08,6464
2618,長榮航,37,13,24,大昌-新店,2024-08-08,6464
1513,中興電,35,13,22,大昌-新店,2024-08-08,6464
3037,欣興,25,3,22,大昌-新店,2024-08-08,6464
6116,彩晶,22,0,22,大昌-新店,2024-08-08,6464
3231,緯創,35,14,21,大昌-新店,2024-08-08,6464
2313,華通,25,4,21,大昌-新店,2024-08-08,6464
00934,中信成長高股息,23,2,21,大昌-新店,2024-08-08,6464
3481,群創,43,22,21,大昌-新店,2024-08-08,6464
2359,所羅門,53,33,20,大昌-新店,2024-08-08,6464
2834,臺企銀,30,11,19,大昌-新店,2024-08-08,6464
2337,旺宏,62,44,18,大昌-新店,2024-08-08,6464
1785,光洋科,35,16,19,大昌-新店,2024-08-08,6464
00830,國泰費城半導體,19,0,19,大昌-新店,2024-08-08,6464
3680,家登,18,0,18,大昌-新店,2024-08-08,6464
00709,富邦歐洲,18,0,18,大昌-新店,2024-08-08,6464
9105,泰金寶-DR,18,0,18,大昌-新店,2024-08-08,6464
1605,華新,26,8,18,大昌-新店,2024-08-08,6464
1316,上曜,22,4,18,大昌-新店,2024-08-08,6464
8938,明安,16,0,16,大昌-新店,2024-08-08,6464
00720B,元大投資級公司債,16,0,16,大昌-新店,2024-08-08,6464
3024,憶聲,23,7,16,大昌-新店,2024-08-08,6464
00664R,國泰臺灣加權反1,235,0,235,大昌-新店,2024-08-09,6464
00948B,中信優息投資級債,226,0,226,大昌-新店,2024-08-09,6464
00632R,元大台灣50反1,568,343,225,大昌-新店,2024-08-09,6464
00679B,元大美債20年,265,41,224,大昌-新店,2024-08-09,6464
00687B,國泰20年美債,250,48,202,大昌-新店,2024-08-09,6464
2014,中鴻,181,2,179,大昌-新店,2024-08-09,6464
00937B,群益ESG投等債20,231,86,145,大昌-新店,2024-08-09,6464
2331,精英,130,1,129,大昌-新店,2024-08-09,6464
00665L,富邦�琤肭磪囓�2,143,22,121,大昌-新店,2024-08-09,6464
00864B,中信美國公債0-1,114,0,114,大昌-新店,2024-08-09,6464
00934,中信成長高股息,130,22,108,大昌-新店,2024-08-09,6464
00725B,國泰投資級公司債,108,0,108,大昌-新店,2024-08-09,6464
00795B,中信美國公債20年,106,1,105,大昌-新店,2024-08-09,6464
0056,元大高股息,133,36,97,大昌-新店,2024-08-09,6464
3260,威剛,102,18,84,大昌-新店,2024-08-09,6464
00688L,國泰20年美債正2,83,5,78,大昌-新店,2024-08-09,6464
2353,宏��,97,32,65,大昌-新店,2024-08-09,6464
00680L,元大美債20正2,154,90,64,大昌-新店,2024-08-09,6464
1815,富喬,62,6,56,大昌-新店,2024-08-09,6464
6127,九豪,52,2,50,大昌-新店,2024-08-09,6464
2367,燿華,52,4,48,大昌-新店,2024-08-09,6464
2317,鴻海,133,89,44,大昌-新店,2024-08-09,6464
2637,慧洋-KY,45,5,40,大昌-新店,2024-08-09,6464
5512,力麒,39,2,37,大昌-新店,2024-08-09,6464
3044,健鼎,38,2,36,大昌-新店,2024-08-09,6464
00907,永豐優息存股,35,0,35,大昌-新店,2024-08-09,6464
6285,啟��,37,5,32,大昌-新店,2024-08-09,6464
2405,輔信,33,2,31,大昌-新店,2024-08-09,6464
2349,錸德,56,26,30,大昌-新店,2024-08-09,6464
1905,華紙,30,0,30,大昌-新店,2024-08-09,6464
4142,國光生,30,0,30,大昌-新店,2024-08-09,6464
6111,大宇資,30,0,30,大昌-新店,2024-08-09,6464
3081,聯亞,30,1,29,大昌-新店,2024-08-09,6464
4174,浩鼎,41,13,28,大昌-新店,2024-08-09,6464
2243,宏旭-KY,40,12,28,大昌-新店,2024-08-09,6464
2603,長榮,83,56,27,大昌-新店,2024-08-09,6464
2852,第一保,23,0,23,大昌-新店,2024-08-09,6464
2834,臺企銀,23,0,23,大昌-新店,2024-08-09,6464
1471,首利,22,0,22,大昌-新店,2024-08-09,6464
4513,福裕,23,1,22,大昌-新店,2024-08-09,6464
00932,兆豐永續高息等權,20,0,20,大昌-新店,2024-08-09,6464
1314,中石化,20,0,20,大昌-新店,2024-08-09,6464
6016,康和證,20,0,20,大昌-新店,2024-08-09,6464
3673,TPK-KY,23,4,19,大昌-新店,2024-08-09,6464
2337,旺宏,65,47,18,大昌-新店,2024-08-09,6464
6176,瑞儀,25,7,18,大昌-新店,2024-08-09,6464
3021,鴻名,17,0,17,大昌-新店,2024-08-09,6464
00662,富邦NASDAQ,18,1,17,大昌-新店,2024-08-09,6464
2892,第一金,18,1,17,大昌-新店,2024-08-09,6464
6152,百一,25,9,16,大昌-新店,2024-08-09,6464
00948B,中信優息投資級債,230,0,230,大昌-新店,2024-08-12,6464
00688L,國泰20年美債正2,185,0,185,大昌-新店,2024-08-12,6464
00929,復華台灣科技優息,211,55,156,大昌-新店,2024-08-12,6464
00864B,中信美國公債0-1,115,0,115,大昌-新店,2024-08-12,6464
2337,旺宏,105,21,84,大昌-新店,2024-08-12,6464
6120,達運,80,0,80,大昌-新店,2024-08-12,6464
2312,金寶,114,41,73,大昌-新店,2024-08-12,6464
2883,凱基金,108,40,68,大昌-新店,2024-08-12,6464
1446,宏和,58,0,58,大昌-新店,2024-08-12,6464
00687B,國泰20年美債,55,13,42,大昌-新店,2024-08-12,6464
6026,福邦證,40,5,35,大昌-新店,2024-08-12,6464
4906,正文,41,6,35,大昌-新店,2024-08-12,6464
1321,大洋,32,0,32,大昌-新店,2024-08-12,6464
1540,喬福,33,2,31,大昌-新店,2024-08-12,6464
00737,國泰AI+Robo,30,0,30,大昌-新店,2024-08-12,6464
00679B,元大美債20年,59,32,27,大昌-新店,2024-08-12,6464
2891,中信金,28,3,25,大昌-新店,2024-08-12,6464
8374,羅昇,48,23,25,大昌-新店,2024-08-12,6464
00900,富邦特選高股息30,24,0,24,大昌-新店,2024-08-12,6464
00933B,國泰10Y+金融債,25,2,23,大昌-新店,2024-08-12,6464
3047,訊舟,33,10,23,大昌-新店,2024-08-12,6464
2313,華通,24,2,22,大昌-新店,2024-08-12,6464
00795B,中信美國公債20年,23,2,21,大昌-新店,2024-08-12,6464
2369,菱生,20,0,20,大昌-新店,2024-08-12,6464
5864,致和證,20,0,20,大昌-新店,2024-08-12,6464
2610,華航,48,29,19,大昌-新店,2024-08-12,6464
1536,和大,24,7,17,大昌-新店,2024-08-12,6464
1326,台化,20,3,17,大昌-新店,2024-08-12,6464
3535,晶彩科,18,1,17,大昌-新店,2024-08-12,6464
00907,永豐優息存股,16,0,16,大昌-新店,2024-08-12,6464
1301,台塑,16,0,16,大昌-新店,2024-08-12,6464
3058,立德,15,0,15,大昌-新店,2024-08-12,6464
1447,力鵬,15,1,14,大昌-新店,2024-08-12,6464
4523,永彰,13,0,13,大昌-新店,2024-08-12,6464
2359,所羅門,48,36,12,大昌-新店,2024-08-12,6464
6438,迅得,13,1,12,大昌-新店,2024-08-12,6464
2812,台中銀,12,0,12,大昌-新店,2024-08-12,6464
00692,富邦公司治理,11,0,11,大昌-新店,2024-08-12,6464
2888,新光金,126,115,11,大昌-新店,2024-08-12,6464
2330,台積電,39,28,11,大昌-新店,2024-08-12,6464
6127,九豪,15,5,10,大昌-新店,2024-08-12,6464
9946,三發地產,11,1,10,大昌-新店,2024-08-12,6464
3041,揚智,10,0,10,大昌-新店,2024-08-12,6464
5328,華容,10,0,10,大昌-新店,2024-08-12,6464
5392,能率,10,0,10,大昌-新店,2024-08-12,6464
5488,松普,10,0,10,大昌-新店,2024-08-12,6464
1513,中興電,30,21,9,大昌-新店,2024-08-12,6464
2356,英業達,32,23,9,大昌-新店,2024-08-12,6464
6278,台表科,10,1,9,大昌-新店,2024-08-12,6464
4406,新昕纖,9,0,9,大昌-新店,2024-08-12,6464
2880,華南金,241,2,239,大昌-新店,2024-08-13,6464
2618,長榮航,164,24,140,大昌-新店,2024-08-13,6464
00712,復華富時不動產,121,0,121,大昌-新店,2024-08-13,6464
00929,復華台灣科技優息,123,17,106,大昌-新店,2024-08-13,6464
6108,競國,75,1,74,大昌-新店,2024-08-13,6464
2324,仁寶,73,0,73,大昌-新店,2024-08-13,6464
2609,陽明,95,39,56,大昌-新店,2024-08-13,6464
00937B,群益ESG投等債20,66,13,53,大昌-新店,2024-08-13,6464
00878,國泰永續高股息,162,112,50,大昌-新店,2024-08-13,6464
00687B,國泰20年美債,62,12,50,大昌-新店,2024-08-13,6464
2049,上銀,54,8,46,大昌-新店,2024-08-13,6464
2362,藍天,57,12,45,大昌-新店,2024-08-13,6464
00679B,元大美債20年,60,19,41,大昌-新店,2024-08-13,6464
1314,中石化,46,5,41,大昌-新店,2024-08-13,6464
00907,永豐優息存股,39,0,39,大昌-新店,2024-08-13,6464
1815,富喬,39,3,36,大昌-新店,2024-08-13,6464
00900,富邦特選高股息30,50,17,33,大昌-新店,2024-08-13,6464
00882,中信中國高股息,31,0,31,大昌-新店,2024-08-13,6464
2486,一詮,38,7,31,大昌-新店,2024-08-13,6464
1513,中興電,44,13,31,大昌-新店,2024-08-13,6464
3362,先進光,30,0,30,大昌-新店,2024-08-13,6464
00948B,中信優息投資級債,30,0,30,大昌-新店,2024-08-13,6464
6505,台塑化,31,3,28,大昌-新店,2024-08-13,6464
2883,凱基金,46,19,27,大昌-新店,2024-08-13,6464
2102,泰豐,25,0,25,大昌-新店,2024-08-13,6464
6770,力積電,27,2,25,大昌-新店,2024-08-13,6464
3013,晟銘電,39,14,25,大昌-新店,2024-08-13,6464
2886,兆豐金,24,0,24,大昌-新店,2024-08-13,6464
5880,合庫金,30,6,24,大昌-新店,2024-08-13,6464
1301,台塑,31,8,23,大昌-新店,2024-08-13,6464
2615,萬海,51,28,23,大昌-新店,2024-08-13,6464
3522,御嵿,23,1,22,大昌-新店,2024-08-13,6464
1702,南僑,22,0,22,大昌-新店,2024-08-13,6464
00945B,凱基美國非投等債,22,0,22,大昌-新店,2024-08-13,6464
2913,農林,22,0,22,大昌-新店,2024-08-13,6464
3312,弘憶股,24,3,21,大昌-新店,2024-08-13,6464
00936,台新永續高息中小,23,2,21,大昌-新店,2024-08-13,6464
2892,第一金,21,0,21,大昌-新店,2024-08-13,6464
3003,健和興,22,1,21,大昌-新店,2024-08-13,6464
2891,中信金,39,18,21,大昌-新店,2024-08-13,6464
2392,正崴,21,1,20,大昌-新店,2024-08-13,6464
6265,方土昶,23,3,20,大昌-新店,2024-08-13,6464
1201,味全,20,0,20,大昌-新店,2024-08-13,6464
1321,大洋,19,0,19,大昌-新店,2024-08-13,6464
00632R,元大台灣50反1,214,195,19,大昌-新店,2024-08-13,6464
2356,英業達,18,1,17,大昌-新店,2024-08-13,6464
2002,中鋼,19,2,17,大昌-新店,2024-08-13,6464
00885,富邦越南,16,0,16,大昌-新店,2024-08-13,6464
3105,穩懋,18,2,16,大昌-新店,2024-08-13,6464
2610,華航,137,121,16,大昌-新店,2024-08-13,6464
6108,競國,311,1,310,大昌-新店,2024-08-14,6464
00679B,元大美債20年,222,47,175,大昌-新店,2024-08-14,6464
00632R,元大台灣50反1,747,572,175,大昌-新店,2024-08-14,6464
2324,仁寶,206,77,129,大昌-新店,2024-08-14,6464
2356,英業達,129,14,115,大昌-新店,2024-08-14,6464
00929,復華台灣科技優息,122,22,100,大昌-新店,2024-08-14,6464
00687B,國泰20年美債,172,73,99,大昌-新店,2024-08-14,6464
00680L,元大美債20正2,65,10,55,大昌-新店,2024-08-14,6464
00881,國泰台灣5G+,62,11,51,大昌-新店,2024-08-14,6464
4114,健喬,49,0,49,大昌-新店,2024-08-14,6464
00923,群益台ESG低碳50,48,0,48,大昌-新店,2024-08-14,6464
2331,精英,49,2,47,大昌-新店,2024-08-14,6464
2349,錸德,62,20,42,大昌-新店,2024-08-14,6464
00900,富邦特選高股息30,50,10,40,大昌-新店,2024-08-14,6464
2007,燁興,40,0,40,大昌-新店,2024-08-14,6464
3048,益登,48,10,38,大昌-新店,2024-08-14,6464
2406,國碩,36,0,36,大昌-新店,2024-08-14,6464
2883,凱基金,172,139,33,大昌-新店,2024-08-14,6464
00688L,國泰20年美債正2,31,0,31,大昌-新店,2024-08-14,6464
4958,臻鼎-KY,52,22,30,大昌-新店,2024-08-14,6464
00932,兆豐永續高息等權,30,0,30,大昌-新店,2024-08-14,6464
1314,中石化,35,5,30,大昌-新店,2024-08-14,6464
2376,技嘉,37,10,27,大昌-新店,2024-08-14,6464
6219,富旺,25,0,25,大昌-新店,2024-08-14,6464
3450,聯鈞,34,9,25,大昌-新店,2024-08-14,6464
2609,陽明,40,15,25,大昌-新店,2024-08-14,6464
6788,華景電,23,0,23,大昌-新店,2024-08-14,6464
2362,藍天,50,28,22,大昌-新店,2024-08-14,6464
0061,元大寶滬深,22,0,22,大昌-新店,2024-08-14,6464
4109,加捷生醫,20,0,20,大昌-新店,2024-08-14,6464
9105,泰金寶-DR,20,0,20,大昌-新店,2024-08-14,6464
4108,懷特,20,0,20,大昌-新店,2024-08-14,6464
00941,中信上游半導體,18,0,18,大昌-新店,2024-08-14,6464
3081,聯亞,19,1,18,大昌-新店,2024-08-14,6464
6015,宏遠證,20,2,18,大昌-新店,2024-08-14,6464
2515,中工,36,18,18,大昌-新店,2024-08-14,6464
1710,東聯,20,2,18,大昌-新店,2024-08-14,6464
2312,金寶,23,6,17,大昌-新店,2024-08-14,6464
00752,中信中國50,17,0,17,大昌-新店,2024-08-14,6464
00715L,期街口布蘭特正2,20,4,16,大昌-新店,2024-08-14,6464
1702,南僑,16,0,16,大昌-新店,2024-08-14,6464
00882,中信中國高股息,15,0,15,大昌-新店,2024-08-14,6464
2427,三商電,15,0,15,大昌-新店,2024-08-14,6464
3680,家登,21,6,15,大昌-新店,2024-08-14,6464
8028,昇陽半導體,23,9,14,大昌-新店,2024-08-14,6464
3086,華義,14,0,14,大昌-新店,2024-08-14,6464
1815,富喬,19,6,13,大昌-新店,2024-08-14,6464
2401,凌陽,20,7,13,大昌-新店,2024-08-14,6464
00946,群益科技高息成長,13,0,13,大昌-新店,2024-08-14,6464
2049,上銀,16,3,13,大昌-新店,2024-08-14,6464
00687B,國泰20年美債,509,50,459,大昌-新店,2024-08-15,6464
00929,復華台灣科技優息,265,12,253,大昌-新店,2024-08-15,6464
00878,國泰永續高股息,236,41,195,大昌-新店,2024-08-15,6464
00900,富邦特選高股息30,145,31,114,大昌-新店,2024-08-15,6464
00931B,統一美債20年,104,0,104,大昌-新店,2024-08-15,6464
2618,長榮航,109,8,101,大昌-新店,2024-08-15,6464
00795B,中信美國公債20年,86,4,82,大昌-新店,2024-08-15,6464
4167,松瑞藥,81,0,81,大昌-新店,2024-08-15,6464
2883,凱基金,105,25,80,大昌-新店,2024-08-15,6464
00712,復華富時不動產,75,5,70,大昌-新店,2024-08-15,6464
2102,泰豐,69,0,69,大昌-新店,2024-08-15,6464
00688L,國泰20年美債正2,61,0,61,大昌-新店,2024-08-15,6464
4406,新昕纖,46,1,45,大昌-新店,2024-08-15,6464
2606,裕民,44,0,44,大昌-新店,2024-08-15,6464
3260,威剛,64,20,44,大昌-新店,2024-08-15,6464
00948B,中信優息投資級債,40,0,40,大昌-新店,2024-08-15,6464
2317,鴻海,91,51,40,大昌-新店,2024-08-15,6464
2886,兆豐金,39,0,39,大昌-新店,2024-08-15,6464
2243,宏旭-KY,38,2,36,大昌-新店,2024-08-15,6464
2312,金寶,57,22,35,大昌-新店,2024-08-15,6464
2801,彰銀,37,3,34,大昌-新店,2024-08-15,6464
1609,大亞,34,4,30,大昌-新店,2024-08-15,6464
3024,憶聲,30,1,29,大昌-新店,2024-08-15,6464
2313,華通,31,3,28,大昌-新店,2024-08-15,6464
1702,南僑,27,0,27,大昌-新店,2024-08-15,6464
1711,永光,25,0,25,大昌-新店,2024-08-15,6464
1513,中興電,41,16,25,大昌-新店,2024-08-15,6464
2002,中鋼,33,9,24,大昌-新店,2024-08-15,6464
00919,群益台灣精選高息,33,9,24,大昌-新店,2024-08-15,6464
2352,佳世達,24,2,22,大昌-新店,2024-08-15,6464
3231,緯創,28,6,22,大昌-新店,2024-08-15,6464
1809,中釉,20,0,20,大昌-新店,2024-08-15,6464
00715L,期街口布蘭特正2,25,5,20,大昌-新店,2024-08-15,6464
6176,瑞儀,22,3,19,大昌-新店,2024-08-15,6464
1301,台塑,18,0,18,大昌-新店,2024-08-15,6464
2359,所羅門,26,8,18,大昌-新店,2024-08-15,6464
5309,系統電,19,1,18,大昌-新店,2024-08-15,6464
2892,第一金,16,0,16,大昌-新店,2024-08-15,6464
2301,光寶科,19,4,15,大昌-新店,2024-08-15,6464
3711,日月光投控,17,2,15,大昌-新店,2024-08-15,6464
2633,台灣高鐵,16,1,15,大昌-新店,2024-08-15,6464
1101,台泥,16,1,15,大昌-新店,2024-08-15,6464
3663,鑫科,27,12,15,大昌-新店,2024-08-15,6464
2880,華南金,14,0,14,大昌-新店,2024-08-15,6464
4533,協易機,26,12,14,大昌-新店,2024-08-15,6464
1326,台化,13,0,13,大昌-新店,2024-08-15,6464
6753,龍德造船,17,4,13,大昌-新店,2024-08-15,6464
5880,合庫金,17,5,12,大昌-新店,2024-08-15,6464
8112,至上,12,0,12,大昌-新店,2024-08-15,6464
2809,京城銀,11,0,11,大昌-新店,2024-08-15,6464
00632R,元大台灣50反1,1175,105,1070,大昌-新店,2024-08-16,6464
00680L,元大美債20正2,617,15,602,大昌-新店,2024-08-16,6464
00687B,國泰20年美債,274,30,244,大昌-新店,2024-08-16,6464
5880,合庫金,259,19,240,大昌-新店,2024-08-16,6464
00679B,元大美債20年,254,28,226,大昌-新店,2024-08-16,6464
1416,廣豐,188,9,179,大昌-新店,2024-08-16,6464
00795B,中信美國公債20年,180,6,174,大昌-新店,2024-08-16,6464
00948B,中信優息投資級債,163,0,163,大昌-新店,2024-08-16,6464
00688L,國泰20年美債正2,113,0,113,大昌-新店,2024-08-16,6464
2801,彰銀,105,1,104,大昌-新店,2024-08-16,6464
5213,亞昕,97,5,92,大昌-新店,2024-08-16,6464
00878,國泰永續高股息,114,23,91,大昌-新店,2024-08-16,6464
5864,致和證,80,0,80,大昌-新店,2024-08-16,6464
00929,復華台灣科技優息,97,24,73,大昌-新店,2024-08-16,6464
4167,松瑞藥,54,0,54,大昌-新店,2024-08-16,6464
00950B,凱基A級公司債,50,0,50,大昌-新店,2024-08-16,6464
0056,元大高股息,60,18,42,大昌-新店,2024-08-16,6464
2323,中環,52,17,35,大昌-新店,2024-08-16,6464
8096,擎亞,93,58,35,大昌-新店,2024-08-16,6464
2888,新光金,123,95,28,大昌-新店,2024-08-16,6464
2836,高雄銀,25,0,25,大昌-新店,2024-08-16,6464
3105,穩懋,24,1,23,大昌-新店,2024-08-16,6464
2363,矽統,45,23,22,大昌-新店,2024-08-16,6464
6770,力積電,26,5,21,大昌-新店,2024-08-16,6464
4714,永捷,21,0,21,大昌-新店,2024-08-16,6464
2025,千興,20,0,20,大昌-新店,2024-08-16,6464
2105,正新,20,1,19,大昌-新店,2024-08-16,6464
6492,生華科,19,0,19,大昌-新店,2024-08-16,6464
2606,裕民,32,13,19,大昌-新店,2024-08-16,6464
00671R,富邦NASDAQ反1,23,6,17,大昌-新店,2024-08-16,6464
00945B,凱基美國非投等債,17,0,17,大昌-新店,2024-08-16,6464
6026,福邦證,17,0,17,大昌-新店,2024-08-16,6464
1785,光洋科,37,20,17,大昌-新店,2024-08-16,6464
4540,全球傳動,20,3,17,大昌-新店,2024-08-16,6464
3167,大量,38,22,16,大昌-新店,2024-08-16,6464
2887,台新金,21,5,16,大昌-新店,2024-08-16,6464
2478,大毅,17,1,16,大昌-新店,2024-08-16,6464
2603,長榮,31,16,15,大昌-新店,2024-08-16,6464
6139,亞翔,23,8,15,大昌-新店,2024-08-16,6464
3537,堡達,15,0,15,大昌-新店,2024-08-16,6464
5871,中租-KY,21,6,15,大昌-新店,2024-08-16,6464
6213,聯茂,14,0,14,大昌-新店,2024-08-16,6464
2489,瑞軒,52,38,14,大昌-新店,2024-08-16,6464
2365,昆盈,48,35,13,大昌-新店,2024-08-16,6464
1582,信錦,13,0,13,大昌-新店,2024-08-16,6464
00931B,統一美債20年,13,0,13,大昌-新店,2024-08-16,6464
2349,錸德,22,9,13,大昌-新店,2024-08-16,6464
2002,中鋼,40,27,13,大昌-新店,2024-08-16,6464
00933B,國泰10Y+金融債,12,0,12,大昌-新店,2024-08-16,6464
6176,瑞儀,14,2,12,大昌-新店,2024-08-16,6464
00687B,國泰20年美債,431,42,389,大昌-新店,2024-08-19,6464
00632R,元大台灣50反1,525,205,320,大昌-新店,2024-08-19,6464
2883,凱基金,183,6,177,大昌-新店,2024-08-19,6464
00751B,元大AAA至A公司債,108,1,107,大昌-新店,2024-08-19,6464
00688L,國泰20年美債正2,104,0,104,大昌-新店,2024-08-19,6464
00937B,群益ESG投等債20,169,74,95,大昌-新店,2024-08-19,6464
00664R,國泰臺灣加權反1,143,50,93,大昌-新店,2024-08-19,6464
00929,復華台灣科技優息,172,86,86,大昌-新店,2024-08-19,6464
00878,國泰永續高股息,119,40,79,大昌-新店,2024-08-19,6464
00680L,元大美債20正2,68,10,58,大昌-新店,2024-08-19,6464
00795B,中信美國公債20年,54,0,54,大昌-新店,2024-08-19,6464
5905,南仁湖,73,20,53,大昌-新店,2024-08-19,6464
00950B,凱基A級公司債,50,0,50,大昌-新店,2024-08-19,6464
3710,連展投控,50,0,50,大昌-新店,2024-08-19,6464
9904,寶成,49,0,49,大昌-新店,2024-08-19,6464
2062,橋椿,58,12,46,大昌-新店,2024-08-19,6464
00715L,期街口布蘭特正2,42,0,42,大昌-新店,2024-08-19,6464
00882,中信中國高股息,40,2,38,大昌-新店,2024-08-19,6464
2354,鴻準,46,9,37,大昌-新店,2024-08-19,6464
2002,中鋼,46,9,37,大昌-新店,2024-08-19,6464
2520,冠德,46,12,34,大昌-新店,2024-08-19,6464
2801,彰銀,35,2,33,大昌-新店,2024-08-19,6464
1708,東鹼,34,2,32,大昌-新店,2024-08-19,6464
2243,宏旭-KY,47,16,31,大昌-新店,2024-08-19,6464
5534,長虹,29,0,29,大昌-新店,2024-08-19,6464
2881,富邦金,29,2,27,大昌-新店,2024-08-19,6464
2489,瑞軒,65,39,26,大昌-新店,2024-08-19,6464
2420,新巨,25,0,25,大昌-新店,2024-08-19,6464
00948B,中信優息投資級債,25,0,25,大昌-新店,2024-08-19,6464
2313,華通,26,4,22,大昌-新店,2024-08-19,6464
4743,合一,22,2,20,大昌-新店,2024-08-19,6464
00907,永豐優息存股,20,0,20,大昌-新店,2024-08-19,6464
00864B,中信美國公債0-1,20,0,20,大昌-新店,2024-08-19,6464
3013,晟銘電,30,10,20,大昌-新店,2024-08-19,6464
2365,昆盈,86,67,19,大昌-新店,2024-08-19,6464
1584,精剛,39,20,19,大昌-新店,2024-08-19,6464
2886,兆豐金,18,0,18,大昌-新店,2024-08-19,6464
2405,輔信,26,8,18,大昌-新店,2024-08-19,6464
6182,合晶,20,3,17,大昌-新店,2024-08-19,6464
3047,訊舟,64,48,16,大昌-新店,2024-08-19,6464
00719B,元大美債1-3,15,0,15,大昌-新店,2024-08-19,6464
2330,台積電,29,15,14,大昌-新店,2024-08-19,6464
3231,緯創,24,10,14,大昌-新店,2024-08-19,6464
2204,中華,16,2,14,大昌-新店,2024-08-19,6464
2618,長榮航,50,36,14,大昌-新店,2024-08-19,6464
00933B,國泰10Y+金融債,24,10,14,大昌-新店,2024-08-19,6464
6141,柏承,14,0,14,大昌-新店,2024-08-19,6464
0056,元大高股息,17,3,14,大昌-新店,2024-08-19,6464
5880,合庫金,13,0,13,大昌-新店,2024-08-19,6464
8028,昇陽半導體,26,13,13,大昌-新店,2024-08-19,6464
00679B,元大美債20年,292,1,291,大昌-新店,2024-08-20,6464
00642U,期元大S＆P石油,162,0,162,大昌-新店,2024-08-20,6464
00650L,復華香港正2,169,10,159,大昌-新店,2024-08-20,6464
2409,友達,144,2,142,大昌-新店,2024-08-20,6464
00948B,中信優息投資級債,103,0,103,大昌-新店,2024-08-20,6464
00751B,元大AAA至A公司債,100,0,100,大昌-新店,2024-08-20,6464
00715L,期街口布蘭特正2,92,5,87,大昌-新店,2024-08-20,6464
2356,英業達,116,30,86,大昌-新店,2024-08-20,6464
1789,神隆,80,0,80,大昌-新店,2024-08-20,6464
00864B,中信美國公債0-1,72,0,72,大昌-新店,2024-08-20,6464
00687B,國泰20年美債,119,52,67,大昌-新店,2024-08-20,6464
8071,能率網通,71,6,65,大昌-新店,2024-08-20,6464
2317,鴻海,94,29,65,大昌-新店,2024-08-20,6464
4729,熒茂,72,9,63,大昌-新店,2024-08-20,6464
00680L,元大美債20正2,93,34,59,大昌-新店,2024-08-20,6464
00646,元大S＆P500,59,0,59,大昌-新店,2024-08-20,6464
2520,冠德,68,17,51,大昌-新店,2024-08-20,6464
1785,光洋科,68,20,48,大昌-新店,2024-08-20,6464
00882,中信中國高股息,48,0,48,大昌-新店,2024-08-20,6464
00919,群益台灣精選高息,50,3,47,大昌-新店,2024-08-20,6464
00923,群益台ESG低碳50,44,0,44,大昌-新店,2024-08-20,6464
00795B,中信美國公債20年,48,6,42,大昌-新店,2024-08-20,6464
3379,彬台,44,4,40,大昌-新店,2024-08-20,6464
2102,泰豐,38,0,38,大昌-新店,2024-08-20,6464
3058,立德,35,0,35,大昌-新店,2024-08-20,6464
1618,合機,44,12,32,大昌-新店,2024-08-20,6464
2355,敬鵬,33,1,32,大昌-新店,2024-08-20,6464
3594,磐儀,31,1,30,大昌-新店,2024-08-20,6464
8150,南茂,32,2,30,大昌-新店,2024-08-20,6464
2886,兆豐金,30,0,30,大昌-新店,2024-08-20,6464
2881,富邦金,41,12,29,大昌-新店,2024-08-20,6464
2362,藍天,39,10,29,大昌-新店,2024-08-20,6464
2417,圓剛,37,11,26,大昌-新店,2024-08-20,6464
3313,斐成,26,0,26,大昌-新店,2024-08-20,6464
2243,宏旭-KY,26,1,25,大昌-新店,2024-08-20,6464
2420,新巨,24,0,24,大昌-新店,2024-08-20,6464
3312,弘憶股,35,11,24,大昌-新店,2024-08-20,6464
2374,佳能,44,20,24,大昌-新店,2024-08-20,6464
00887,永豐中國科技50大,22,0,22,大昌-新店,2024-08-20,6464
00878,國泰永續高股息,27,6,21,大昌-新店,2024-08-20,6464
2323,中環,35,14,21,大昌-新店,2024-08-20,6464
5202,力新,22,1,21,大昌-新店,2024-08-20,6464
00688L,國泰20年美債正2,21,0,21,大昌-新店,2024-08-20,6464
2352,佳世達,21,0,21,大昌-新店,2024-08-20,6464
2616,山隆,20,0,20,大昌-新店,2024-08-20,6464
00719B,元大美債1-3,20,0,20,大昌-新店,2024-08-20,6464
00665L,富邦�琤肭磪囓�2,20,0,20,大昌-新店,2024-08-20,6464
6133,金橋,21,1,20,大昌-新店,2024-08-20,6464
6188,廣明,23,4,19,大昌-新店,2024-08-20,6464
3576,聯合再生,20,1,19,大昌-新店,2024-08-20,6464
2891,中信金,391,15,376,大昌-新店,2024-08-21,6464
00953B,群益優選非投等債,210,0,210,大昌-新店,2024-08-21,6464
00948B,中信優息投資級債,156,0,156,大昌-新店,2024-08-21,6464
00688L,國泰20年美債正2,190,44,146,大昌-新店,2024-08-21,6464
2344,華邦電,176,31,145,大昌-新店,2024-08-21,6464
4979,華星光,103,3,100,大昌-新店,2024-08-21,6464
2420,新巨,82,4,78,大昌-新店,2024-08-21,6464
00936,台新永續高息中小,77,0,77,大昌-新店,2024-08-21,6464
00919,群益台灣精選高息,79,15,64,大昌-新店,2024-08-21,6464
00665L,富邦�琤肭磪囓�2,64,0,64,大昌-新店,2024-08-21,6464
00642U,期元大S＆P石油,51,0,51,大昌-新店,2024-08-21,6464
00878,國泰永續高股息,53,11,42,大昌-新店,2024-08-21,6464
5905,南仁湖,94,61,33,大昌-新店,2024-08-21,6464
1789,神隆,31,0,31,大昌-新店,2024-08-21,6464
4174,浩鼎,42,11,31,大昌-新店,2024-08-21,6464
3673,TPK-KY,32,5,27,大昌-新店,2024-08-21,6464
2890,永豐金,28,3,25,大昌-新店,2024-08-21,6464
2371,大同,28,3,25,大昌-新店,2024-08-21,6464
2409,友達,140,116,24,大昌-新店,2024-08-21,6464
00907,永豐優息存股,24,0,24,大昌-新店,2024-08-21,6464
2243,宏旭-KY,35,14,21,大昌-新店,2024-08-21,6464
00646,元大S＆P500,21,0,21,大昌-新店,2024-08-21,6464
3050,鈺德,22,1,21,大昌-新店,2024-08-21,6464
3167,大量,42,21,21,大昌-新店,2024-08-21,6464
2355,敬鵬,33,13,20,大昌-新店,2024-08-21,6464
00715L,期街口布蘭特正2,20,0,20,大昌-新店,2024-08-21,6464
4532,瑞智,20,0,20,大昌-新店,2024-08-21,6464
2609,陽明,69,50,19,大昌-新店,2024-08-21,6464
2618,長榮航,25,6,19,大昌-新店,2024-08-21,6464
4906,正文,36,17,19,大昌-新店,2024-08-21,6464
4716,大立,26,7,19,大昌-新店,2024-08-21,6464
3535,晶彩科,46,27,19,大昌-新店,2024-08-21,6464
2603,長榮,29,11,18,大昌-新店,2024-08-21,6464
00753L,中信中國50正2,17,0,17,大昌-新店,2024-08-21,6464
2419,仲琦,17,0,17,大昌-新店,2024-08-21,6464
0056,元大高股息,23,6,17,大昌-新店,2024-08-21,6464
3037,欣興,21,6,15,大昌-新店,2024-08-21,6464
8054,安國,19,4,15,大昌-新店,2024-08-21,6464
2331,精英,26,11,15,大昌-新店,2024-08-21,6464
9907,統一實,22,7,15,大昌-新店,2024-08-21,6464
3680,家登,15,1,14,大昌-新店,2024-08-21,6464
2376,技嘉,19,5,14,大昌-新店,2024-08-21,6464
4908,前鼎,17,3,14,大昌-新店,2024-08-21,6464
1101,台泥,17,3,14,大昌-新店,2024-08-21,6464
4909,新復興,24,10,14,大昌-新店,2024-08-21,6464
2388,威盛,39,25,14,大昌-新店,2024-08-21,6464
00939,統一台灣高息動能,24,10,14,大昌-新店,2024-08-21,6464
2421,建準,14,0,14,大昌-新店,2024-08-21,6464
1815,富喬,14,0,14,大昌-新店,2024-08-21,6464
2356,英業達,48,34,14,大昌-新店,2024-08-21,6464
00940,元大台灣價值高息,248,13,235,大昌-新店,2024-08-22,6464
2890,永豐金,116,5,111,大昌-新店,2024-08-22,6464
00929,復華台灣科技優息,115,16,99,大昌-新店,2024-08-22,6464
00642U,期元大S＆P石油,85,4,81,大昌-新店,2024-08-22,6464
00688L,國泰20年美債正2,63,0,63,大昌-新店,2024-08-22,6464
00907,永豐優息存股,64,2,62,大昌-新店,2024-08-22,6464
2891,中信金,119,59,60,大昌-新店,2024-08-22,6464
00795B,中信美國公債20年,57,0,57,大昌-新店,2024-08-22,6464
2317,鴻海,87,35,52,大昌-新店,2024-08-22,6464
00878,國泰永續高股息,51,2,49,大昌-新店,2024-08-22,6464
8039,台虹,46,1,45,大昌-新店,2024-08-22,6464
2867,三商壽,47,6,41,大昌-新店,2024-08-22,6464
3576,聯合再生,39,0,39,大昌-新店,2024-08-22,6464
00715L,期街口布蘭特正2,53,15,38,大昌-新店,2024-08-22,6464
1513,中興電,43,5,38,大昌-新店,2024-08-22,6464
00877,復華中國5G,32,0,32,大昌-新店,2024-08-22,6464
1409,新纖,60,29,31,大昌-新店,2024-08-22,6464
3455,由田,32,1,31,大昌-新店,2024-08-22,6464
006206,元大上證50,30,0,30,大昌-新店,2024-08-22,6464
5371,中光電,54,25,29,大昌-新店,2024-08-22,6464
2883,凱基金,26,0,26,大昌-新店,2024-08-22,6464
2618,長榮航,32,7,25,大昌-新店,2024-08-22,6464
1717,長興,29,4,25,大昌-新店,2024-08-22,6464
6505,台塑化,27,3,24,大昌-新店,2024-08-22,6464
5443,均豪,37,14,23,大昌-新店,2024-08-22,6464
3047,訊舟,86,63,23,大昌-新店,2024-08-22,6464
00632R,元大台灣50反1,30,8,22,大昌-新店,2024-08-22,6464
6139,亞翔,26,4,22,大昌-新店,2024-08-22,6464
2534,宏盛,24,4,20,大昌-新店,2024-08-22,6464
2349,錸德,134,114,20,大昌-新店,2024-08-22,6464
2102,泰豐,20,0,20,大昌-新店,2024-08-22,6464
2354,鴻準,25,5,20,大昌-新店,2024-08-22,6464
00937B,群益ESG投等債20,21,2,19,大昌-新店,2024-08-22,6464
00935,野村臺灣新科技50,19,0,19,大昌-新店,2024-08-22,6464
2337,旺宏,28,9,19,大昌-新店,2024-08-22,6464
6125,廣運,27,8,19,大昌-新店,2024-08-22,6464
8021,尖點,35,16,19,大昌-新店,2024-08-22,6464
00864B,中信美國公債0-1,18,0,18,大昌-新店,2024-08-22,6464
2881,富邦金,19,2,17,大昌-新店,2024-08-22,6464
2616,山隆,28,11,17,大昌-新店,2024-08-22,6464
00915,凱基優選高股息30,16,0,16,大昌-新店,2024-08-22,6464
2362,藍天,21,5,16,大昌-新店,2024-08-22,6464
3312,弘憶股,76,60,16,大昌-新店,2024-08-22,6464
2809,京城銀,15,0,15,大昌-新店,2024-08-22,6464
00646,元大S＆P500,15,0,15,大昌-新店,2024-08-22,6464
2382,廣達,47,34,13,大昌-新店,2024-08-22,6464
4927,泰鼎-KY,13,0,13,大昌-新店,2024-08-22,6464
00680L,元大美債20正2,12,0,12,大昌-新店,2024-08-22,6464
8096,擎亞,41,29,12,大昌-新店,2024-08-22,6464
2374,佳能,17,6,11,大昌-新店,2024-08-22,6464
00680L,元大美債20正2,572,0,572,大昌-新店,2024-08-23,6464
2880,華南金,254,0,254,大昌-新店,2024-08-23,6464
00688L,國泰20年美債正2,166,0,166,大昌-新店,2024-08-23,6464
00632R,元大台灣50反1,154,20,134,大昌-新店,2024-08-23,6464
00687B,國泰20年美債,113,0,113,大昌-新店,2024-08-23,6464
2891,中信金,113,6,107,大昌-新店,2024-08-23,6464
00795B,中信美國公債20年,95,0,95,大昌-新店,2024-08-23,6464
00679B,元大美債20年,92,1,91,大昌-新店,2024-08-23,6464
00929,復華台灣科技優息,84,0,84,大昌-新店,2024-08-23,6464
00864B,中信美國公債0-1,66,0,66,大昌-新店,2024-08-23,6464
00751B,元大AAA至A公司債,64,0,64,大昌-新店,2024-08-23,6464
00953B,群益優選非投等債,57,0,57,大昌-新店,2024-08-23,6464
00878,國泰永續高股息,62,6,56,大昌-新店,2024-08-23,6464
1727,中華化,82,34,48,大昌-新店,2024-08-23,6464
8064,東捷,98,51,47,大昌-新店,2024-08-23,6464
00937B,群益ESG投等債20,49,6,43,大昌-新店,2024-08-23,6464
5213,亞昕,40,0,40,大昌-新店,2024-08-23,6464
3047,訊舟,66,26,40,大昌-新店,2024-08-23,6464
4513,福裕,73,37,36,大昌-新店,2024-08-23,6464
00715L,期街口布蘭特正2,36,1,35,大昌-新店,2024-08-23,6464
2354,鴻準,40,6,34,大昌-新店,2024-08-23,6464
00664R,國泰臺灣加權反1,44,10,34,大昌-新店,2024-08-23,6464
4711,永純,43,11,32,大昌-新店,2024-08-23,6464
6186,新潤,31,0,31,大昌-新店,2024-08-23,6464
5512,力麒,29,2,27,大昌-新店,2024-08-23,6464
00919,群益台灣精選高息,36,11,25,大昌-新店,2024-08-23,6464
1708,東鹼,54,29,25,大昌-新店,2024-08-23,6464
00940,元大台灣價值高息,31,9,22,大昌-新店,2024-08-23,6464
00671R,富邦NASDAQ反1,20,0,20,大昌-新店,2024-08-23,6464
6182,合晶,20,0,20,大昌-新店,2024-08-23,6464
00669R,國泰美國道瓊反1,19,0,19,大昌-新店,2024-08-23,6464
8150,南茂,20,1,19,大昌-新店,2024-08-23,6464
6120,達運,18,0,18,大昌-新店,2024-08-23,6464
00877,復華中國5G,17,0,17,大昌-新店,2024-08-23,6464
2344,華邦電,25,8,17,大昌-新店,2024-08-23,6464
1316,上曜,31,14,17,大昌-新店,2024-08-23,6464
3189,景碩,40,23,17,大昌-新店,2024-08-23,6464
3663,鑫科,23,7,16,大昌-新店,2024-08-23,6464
4967,十銓,16,0,16,大昌-新店,2024-08-23,6464
2524,京城,26,11,15,大昌-新店,2024-08-23,6464
4906,正文,19,5,14,大昌-新店,2024-08-23,6464
2303,聯電,33,19,14,大昌-新店,2024-08-23,6464
6877,鏵友益,13,0,13,大昌-新店,2024-08-23,6464
2867,三商壽,17,4,13,大昌-新店,2024-08-23,6464
2885,元大金,14,1,13,大昌-新店,2024-08-23,6464
1409,新纖,13,0,13,大昌-新店,2024-08-23,6464
1301,台塑,15,3,12,大昌-新店,2024-08-23,6464
00907,永豐優息存股,14,2,12,大昌-新店,2024-08-23,6464
6133,金橋,16,4,12,大昌-新店,2024-08-23,6464
3045,台灣大,13,2,11,大昌-新店,2024-08-23,6464
00680L,元大美債20正2,1007,226,781,大昌-新店,2024-08-26,6464
00687B,國泰20年美債,307,2,305,大昌-新店,2024-08-26,6464
3706,神達,159,29,130,大昌-新店,2024-08-26,6464
2312,金寶,113,11,102,大昌-新店,2024-08-26,6464
2409,友達,116,18,98,大昌-新店,2024-08-26,6464
00929,復華台灣科技優息,82,6,76,大昌-新店,2024-08-26,6464
5213,亞昕,63,0,63,大昌-新店,2024-08-26,6464
1711,永光,71,11,60,大昌-新店,2024-08-26,6464
00632R,元大台灣50反1,165,110,55,大昌-新店,2024-08-26,6464
2344,華邦電,162,110,52,大昌-新店,2024-08-26,6464
3231,緯創,61,16,45,大昌-新店,2024-08-26,6464
00942B,台新美A公司債20+,42,0,42,大昌-新店,2024-08-26,6464
2371,大同,47,11,36,大昌-新店,2024-08-26,6464
1409,新纖,34,4,30,大昌-新店,2024-08-26,6464
3518,柏騰,30,0,30,大昌-新店,2024-08-26,6464
4167,松瑞藥,30,0,30,大昌-新店,2024-08-26,6464
4729,熒茂,29,0,29,大昌-新店,2024-08-26,6464
00919,群益台灣精選高息,34,8,26,大昌-新店,2024-08-26,6464
00673R,期元大S＆P原油反1,25,0,25,大昌-新店,2024-08-26,6464
2891,中信金,77,53,24,大昌-新店,2024-08-26,6464
00751B,元大AAA至A公司債,30,7,23,大昌-新店,2024-08-26,6464
3047,訊舟,42,19,23,大昌-新店,2024-08-26,6464
2392,正崴,22,0,22,大昌-新店,2024-08-26,6464
5452,佶優,36,15,21,大昌-新店,2024-08-26,6464
6139,亞翔,22,2,20,大昌-新店,2024-08-26,6464
00953B,群益優選非投等債,24,4,20,大昌-新店,2024-08-26,6464
2406,國碩,20,0,20,大昌-新店,2024-08-26,6464
2890,永豐金,19,1,18,大昌-新店,2024-08-26,6464
6177,達麗,18,1,17,大昌-新店,2024-08-26,6464
5371,中光電,17,0,17,大昌-新店,2024-08-26,6464
2303,聯電,30,13,17,大昌-新店,2024-08-26,6464
3711,日月光投控,19,3,16,大昌-新店,2024-08-26,6464
6153,嘉聯益,20,4,16,大昌-新店,2024-08-26,6464
2883,凱基金,50,35,15,大昌-新店,2024-08-26,6464
1540,喬福,16,1,15,大昌-新店,2024-08-26,6464
6125,廣運,17,2,15,大昌-新店,2024-08-26,6464
2618,長榮航,22,7,15,大昌-新店,2024-08-26,6464
2062,橋椿,27,12,15,大昌-新店,2024-08-26,6464
3105,穩懋,17,2,15,大昌-新店,2024-08-26,6464
6609,瀧澤科,28,13,15,大昌-新店,2024-08-26,6464
1316,上曜,22,7,15,大昌-新店,2024-08-26,6464
00882,中信中國高股息,55,40,15,大昌-新店,2024-08-26,6464
6805,富世達,15,1,14,大昌-新店,2024-08-26,6464
6133,金橋,15,1,14,大昌-新店,2024-08-26,6464
1609,大亞,16,3,13,大昌-新店,2024-08-26,6464
0050,元大台灣50,13,0,13,大昌-新店,2024-08-26,6464
6026,福邦證,13,0,13,大昌-新店,2024-08-26,6464
8028,昇陽半導體,58,45,13,大昌-新店,2024-08-26,6464
2606,裕民,18,5,13,大昌-新店,2024-08-26,6464
2402,毅嘉,43,31,12,大昌-新店,2024-08-26,6464
2888,新光金,696,397,299,大昌-新店,2024-08-27,6464
00687B,國泰20年美債,235,1,234,大昌-新店,2024-08-27,6464
2891,中信金,154,5,149,大昌-新店,2024-08-27,6464
00688L,國泰20年美債正2,136,0,136,大昌-新店,2024-08-27,6464
3481,群創,201,67,134,大昌-新店,2024-08-27,6464
00878,國泰永續高股息,113,0,113,大昌-新店,2024-08-27,6464
00940,元大台灣價值高息,103,3,100,大昌-新店,2024-08-27,6464
1513,中興電,103,17,86,大昌-新店,2024-08-27,6464
2399,映泰,112,42,70,大昌-新店,2024-08-27,6464
00680L,元大美債20正2,66,0,66,大昌-新店,2024-08-27,6464
00936,台新永續高息中小,63,0,63,大昌-新店,2024-08-27,6464
00795B,中信美國公債20年,60,0,60,大昌-新店,2024-08-27,6464
2303,聯電,66,10,56,大昌-新店,2024-08-27,6464
2344,華邦電,56,5,51,大昌-新店,2024-08-27,6464
00929,復華台灣科技優息,64,20,44,大昌-新店,2024-08-27,6464
2609,陽明,66,22,44,大昌-新店,2024-08-27,6464
00942B,台新美A公司債20+,43,0,43,大昌-新店,2024-08-27,6464
2845,遠東銀,41,0,41,大昌-新店,2024-08-27,6464
2317,鴻海,48,11,37,大昌-新店,2024-08-27,6464
1711,永光,95,63,32,大昌-新店,2024-08-27,6464
5469,瀚宇博,54,22,32,大昌-新店,2024-08-27,6464
2409,友達,61,32,29,大昌-新店,2024-08-27,6464
5905,南仁湖,29,1,28,大昌-新店,2024-08-27,6464
2834,臺企銀,29,4,25,大昌-新店,2024-08-27,6464
2349,錸德,42,17,25,大昌-新店,2024-08-27,6464
4532,瑞智,27,2,25,大昌-新店,2024-08-27,6464
2887,台新金,31,6,25,大昌-新店,2024-08-27,6464
2208,台船,28,5,23,大昌-新店,2024-08-27,6464
00937B,群益ESG投等債20,31,9,22,大昌-新店,2024-08-27,6464
3231,緯創,24,3,21,大昌-新店,2024-08-27,6464
2204,中華,21,2,19,大昌-新店,2024-08-27,6464
8111,立��,26,7,19,大昌-新店,2024-08-27,6464
2014,中鴻,20,1,19,大昌-新店,2024-08-27,6464
00948B,中信優息投資級債,28,10,18,大昌-新店,2024-08-27,6464
6116,彩晶,17,0,17,大昌-新店,2024-08-27,6464
3149,正達,21,4,17,大昌-新店,2024-08-27,6464
00664R,國泰臺灣加權反1,17,0,17,大昌-新店,2024-08-27,6464
2882,國泰金,17,0,17,大昌-新店,2024-08-27,6464
2603,長榮,54,38,16,大昌-新店,2024-08-27,6464
3033,威健,26,11,15,大昌-新店,2024-08-27,6464
00918,大華優利高填息30,15,0,15,大昌-新店,2024-08-27,6464
3322,建舜電,15,0,15,大昌-新店,2024-08-27,6464
6015,宏遠證,15,0,15,大昌-新店,2024-08-27,6464
2444,兆勁,15,0,15,大昌-新店,2024-08-27,6464
2615,萬海,35,21,14,大昌-新店,2024-08-27,6464
00753L,中信中國50正2,18,4,14,大昌-新店,2024-08-27,6464
00907,永豐優息存股,16,2,14,大昌-新店,2024-08-27,6464
2376,技嘉,21,7,14,大昌-新店,2024-08-27,6464
2324,仁寶,25,12,13,大昌-新店,2024-08-27,6464
2382,廣達,35,22,13,大昌-新店,2024-08-27,6464
00687B,國泰20年美債,348,41,307,大昌-新店,2024-08-28,6464
00959B,大華投等美債15Y+,221,0,221,大昌-新店,2024-08-28,6464
00688L,國泰20年美債正2,91,5,86,大昌-新店,2024-08-28,6464
2891,中信金,90,17,73,大昌-新店,2024-08-28,6464
3605,宏致,86,15,71,大昌-新店,2024-08-28,6464
00937B,群益ESG投等債20,78,12,66,大昌-新店,2024-08-28,6464
2890,永豐金,52,2,50,大昌-新店,2024-08-28,6464
2845,遠東銀,47,1,46,大昌-新店,2024-08-28,6464
00919,群益台灣精選高息,65,20,45,大昌-新店,2024-08-28,6464
2365,昆盈,61,19,42,大昌-新店,2024-08-28,6464
2867,三商壽,56,17,39,大昌-新店,2024-08-28,6464
00929,復華台灣科技優息,95,56,39,大昌-新店,2024-08-28,6464
2409,友達,59,21,38,大昌-新店,2024-08-28,6464
3522,御嵿,38,2,36,大昌-新店,2024-08-28,6464
00650L,復華香港正2,35,2,33,大昌-新店,2024-08-28,6464
4174,浩鼎,37,5,32,大昌-新店,2024-08-28,6464
00772B,中信高評級公司債,32,0,32,大昌-新店,2024-08-28,6464
2402,毅嘉,63,32,31,大昌-新店,2024-08-28,6464
00665L,富邦�琤肭磪囓�2,26,0,26,大昌-新店,2024-08-28,6464
00679B,元大美債20年,52,28,24,大昌-新店,2024-08-28,6464
2420,新巨,26,2,24,大昌-新店,2024-08-28,6464
2367,燿華,77,53,24,大昌-新店,2024-08-28,6464
2388,威盛,48,24,24,大昌-新店,2024-08-28,6464
00637L,元大滬深300正2,26,4,22,大昌-新店,2024-08-28,6464
8039,台虹,35,14,21,大昌-新店,2024-08-28,6464
1597,直得,24,3,21,大昌-新店,2024-08-28,6464
00953B,群益優選非投等債,20,0,20,大昌-新店,2024-08-28,6464
5443,均豪,46,27,19,大昌-新店,2024-08-28,6464
2049,上銀,21,3,18,大昌-新店,2024-08-28,6464
6108,競國,18,0,18,大昌-新店,2024-08-28,6464
00948B,中信優息投資級債,18,0,18,大昌-新店,2024-08-28,6464
8111,立��,54,36,18,大昌-新店,2024-08-28,6464
9958,世紀鋼,41,23,18,大昌-新店,2024-08-28,6464
3576,聯合再生,17,0,17,大昌-新店,2024-08-28,6464
00751B,元大AAA至A公司債,17,0,17,大昌-新店,2024-08-28,6464
8064,東捷,46,29,17,大昌-新店,2024-08-28,6464
5871,中租-KY,17,0,17,大昌-新店,2024-08-28,6464
4513,福裕,48,32,16,大昌-新店,2024-08-28,6464
00752,中信中國50,16,0,16,大昌-新店,2024-08-28,6464
6188,廣明,20,5,15,大昌-新店,2024-08-28,6464
4707,磐亞,15,0,15,大昌-新店,2024-08-28,6464
2883,凱基金,18,3,15,大昌-新店,2024-08-28,6464
2444,兆勁,15,0,15,大昌-新店,2024-08-28,6464
6143,振曜,34,19,15,大昌-新店,2024-08-28,6464
2887,台新金,22,7,15,大昌-新店,2024-08-28,6464
3105,穩懋,15,0,15,大昌-新店,2024-08-28,6464
00753L,中信中國50正2,18,5,13,大昌-新店,2024-08-28,6464
3260,威剛,15,2,13,大昌-新店,2024-08-28,6464
2464,盟立,31,18,13,大昌-新店,2024-08-28,6464
4958,臻鼎-KY,47,35,12,大昌-新店,2024-08-28,6464
00948B,中信優息投資級債,360,0,360,大昌-新店,2024-08-29,6464
00878,國泰永續高股息,214,91,123,大昌-新店,2024-08-29,6464
1314,中石化,124,3,121,大昌-新店,2024-08-29,6464
00918,大華優利高填息30,106,1,105,大昌-新店,2024-08-29,6464
2891,中信金,104,3,101,大昌-新店,2024-08-29,6464
00940,元大台灣價值高息,161,62,99,大昌-新店,2024-08-29,6464
00679B,元大美債20年,90,8,82,大昌-新店,2024-08-29,6464
6284,佳邦,84,5,79,大昌-新店,2024-08-29,6464
4510,高鋒,88,18,70,大昌-新店,2024-08-29,6464
1540,喬福,119,50,69,大昌-新店,2024-08-29,6464
00680L,元大美債20正2,65,2,63,大昌-新店,2024-08-29,6464
2888,新光金,104,44,60,大昌-新店,2024-08-29,6464
3481,群創,121,63,58,大昌-新店,2024-08-29,6464
00687B,國泰20年美債,59,2,57,大昌-新店,2024-08-29,6464
2887,台新金,58,7,51,大昌-新店,2024-08-29,6464
00688L,國泰20年美債正2,50,0,50,大昌-新店,2024-08-29,6464
00919,群益台灣精選高息,76,29,47,大昌-新店,2024-08-29,6464
2883,凱基金,46,0,46,大昌-新店,2024-08-29,6464
2330,台積電,50,5,45,大昌-新店,2024-08-29,6464
00882,中信中國高股息,44,0,44,大昌-新店,2024-08-29,6464
2867,三商壽,35,3,32,大昌-新店,2024-08-29,6464
2317,鴻海,60,30,30,大昌-新店,2024-08-29,6464
5009,榮剛,29,0,29,大昌-新店,2024-08-29,6464
9105,泰金寶-DR,29,0,29,大昌-新店,2024-08-29,6464
2356,英業達,79,53,26,大昌-新店,2024-08-29,6464
4743,合一,24,0,24,大昌-新店,2024-08-29,6464
6189,豐藝,23,0,23,大昌-新店,2024-08-29,6464
00877,復華中國5G,34,12,22,大昌-新店,2024-08-29,6464
8111,立��,51,30,21,大昌-新店,2024-08-29,6464
2399,映泰,30,9,21,大昌-新店,2024-08-29,6464
00671R,富邦NASDAQ反1,20,0,20,大昌-新店,2024-08-29,6464
00730,富邦臺灣優質高息,20,0,20,大昌-新店,2024-08-29,6464
4513,福裕,28,9,19,大昌-新店,2024-08-29,6464
3550,聯穎,165,147,18,大昌-新店,2024-08-29,6464
1434,福懋,17,0,17,大昌-新店,2024-08-29,6464
2382,廣達,32,15,17,大昌-新店,2024-08-29,6464
00752,中信中國50,16,0,16,大昌-新店,2024-08-29,6464
00712,復華富時不動產,20,4,16,大昌-新店,2024-08-29,6464
6108,競國,16,0,16,大昌-新店,2024-08-29,6464
2449,京元電子,17,1,16,大昌-新店,2024-08-29,6464
3231,緯創,38,23,15,大昌-新店,2024-08-29,6464
5443,均豪,63,48,15,大昌-新店,2024-08-29,6464
00887,永豐中國科技50大,14,0,14,大昌-新店,2024-08-29,6464
8021,尖點,14,0,14,大昌-新店,2024-08-29,6464
6505,台塑化,15,1,14,大昌-新店,2024-08-29,6464
2881,富邦金,16,3,13,大昌-新店,2024-08-29,6464
3013,晟銘電,18,5,13,大昌-新店,2024-08-29,6464
00795B,中信美國公債20年,14,1,13,大昌-新店,2024-08-29,6464
00936,台新永續高息中小,14,1,13,大昌-新店,2024-08-29,6464
2543,皇昌,13,0,13,大昌-新店,2024-08-29,6464
00687B,國泰20年美債,155,25,130,大昌-新店,2024-08-30,6464
3481,群創,166,90,76,大昌-新店,2024-08-30,6464
2618,長榮航,83,13,70,大昌-新店,2024-08-30,6464
2891,中信金,66,9,57,大昌-新店,2024-08-30,6464
00679B,元大美債20年,101,45,56,大昌-新店,2024-08-30,6464
2331,精英,55,0,55,大昌-新店,2024-08-30,6464
4526,東台,98,45,53,大昌-新店,2024-08-30,6464
00937B,群益ESG投等債20,57,5,52,大昌-新店,2024-08-30,6464
2409,友達,80,32,48,大昌-新店,2024-08-30,6464
2880,華南金,43,2,41,大昌-新店,2024-08-30,6464
4711,永純,41,2,39,大昌-新店,2024-08-30,6464
2367,燿華,158,120,38,大昌-新店,2024-08-30,6464
8043,蜜望實,41,7,34,大昌-新店,2024-08-30,6464
8085,福華,51,18,33,大昌-新店,2024-08-30,6464
00637L,元大滬深300正2,84,54,30,大昌-新店,2024-08-30,6464
2887,台新金,35,6,29,大昌-新店,2024-08-30,6464
3437,榮創,39,11,28,大昌-新店,2024-08-30,6464
9955,佳龍,38,13,25,大昌-新店,2024-08-30,6464
4909,新復興,29,5,24,大昌-新店,2024-08-30,6464
00959B,大華投等美債15Y+,23,0,23,大昌-新店,2024-08-30,6464
2392,正崴,34,13,21,大昌-新店,2024-08-30,6464
8070,長華*,35,15,20,大昌-新店,2024-08-30,6464
2102,泰豐,20,0,20,大昌-新店,2024-08-30,6464
3532,台勝科,20,0,20,大昌-新店,2024-08-30,6464
2382,廣達,40,20,20,大昌-新店,2024-08-30,6464
4174,浩鼎,20,1,19,大昌-新店,2024-08-30,6464
00795B,中信美國公債20年,19,0,19,大昌-新店,2024-08-30,6464
00725B,國泰投資級公司債,19,0,19,大昌-新店,2024-08-30,6464
00948B,中信優息投資級債,19,0,19,大昌-新店,2024-08-30,6464
2888,新光金,52,34,18,大昌-新店,2024-08-30,6464
2323,中環,18,0,18,大昌-新店,2024-08-30,6464
00936,台新永續高息中小,18,0,18,大昌-新店,2024-08-30,6464
5309,系統電,17,0,17,大昌-新店,2024-08-30,6464
00940,元大台灣價值高息,22,5,17,大昌-新店,2024-08-30,6464
8046,南電,23,6,17,大昌-新店,2024-08-30,6464
1513,中興電,19,3,16,大昌-新店,2024-08-30,6464
3374,精材,30,14,16,大昌-新店,2024-08-30,6464
00664R,國泰臺灣加權反1,15,0,15,大昌-新店,2024-08-30,6464
2464,盟立,27,13,14,大昌-新店,2024-08-30,6464
00887,永豐中國科技50大,20,6,14,大昌-新店,2024-08-30,6464
4967,十銓,17,3,14,大昌-新店,2024-08-30,6464
3264,欣銓,18,4,14,大昌-新店,2024-08-30,6464
4532,瑞智,13,0,13,大昌-新店,2024-08-30,6464
5009,榮剛,13,0,13,大昌-新店,2024-08-30,6464
2408,南亞科,17,4,13,大昌-新店,2024-08-30,6464
00945B,凱基美國非投等債,12,0,12,大昌-新店,2024-08-30,6464
3622,洋華,12,0,12,大昌-新店,2024-08-30,6464
6143,振曜,13,1,12,大昌-新店,2024-08-30,6464
5498,凱崴,12,0,12,大昌-新店,2024-08-30,6464
2515,中工,33,21,12,大昌-新店,2024-08-30,6464
00687B,國泰20年美債,208,52,156,大昌-新店,2024-09-02,6464
3481,群創,177,29,148,大昌-新店,2024-09-02,6464
00632R,元大台灣50反1,162,17,145,大昌-新店,2024-09-02,6464
00937B,群益ESG投等債20,132,2,130,大昌-新店,2024-09-02,6464
00688L,國泰20年美債正2,127,0,127,大昌-新店,2024-09-02,6464
00795B,中信美國公債20年,121,0,121,大昌-新店,2024-09-02,6464
00650L,復華香港正2,117,0,117,大昌-新店,2024-09-02,6464
3689,湧德,109,0,109,大昌-新店,2024-09-02,6464
00715L,期街口布蘭特正2,93,17,76,大昌-新店,2024-09-02,6464
00907,永豐優息存股,83,10,73,大昌-新店,2024-09-02,6464
00882,中信中國高股息,62,0,62,大昌-新店,2024-09-02,6464
00680L,元大美債20正2,61,0,61,大昌-新店,2024-09-02,6464
00919,群益台灣精選高息,95,36,59,大昌-新店,2024-09-02,6464
00918,大華優利高填息30,69,12,57,大昌-新店,2024-09-02,6464
2603,長榮,51,2,49,大昌-新店,2024-09-02,6464
2609,陽明,51,13,38,大昌-新店,2024-09-02,6464
8105,凌巨,48,12,36,大昌-新店,2024-09-02,6464
3149,正達,37,1,36,大昌-新店,2024-09-02,6464
00959B,大華投等美債15Y+,38,3,35,大昌-新店,2024-09-02,6464
2371,大同,46,12,34,大昌-新店,2024-09-02,6464
00637L,元大滬深300正2,31,0,31,大昌-新店,2024-09-02,6464
2313,華通,61,33,28,大昌-新店,2024-09-02,6464
1539,巨庭,31,5,26,大昌-新店,2024-09-02,6464
1314,中石化,30,5,25,大昌-新店,2024-09-02,6464
4526,東台,58,33,25,大昌-新店,2024-09-02,6464
6114,久威,25,0,25,大昌-新店,2024-09-02,6464
00665L,富邦�琤肭磪囓�2,25,0,25,大昌-新店,2024-09-02,6464
00720B,元大投資級公司債,23,0,23,大昌-新店,2024-09-02,6464
00679B,元大美債20年,71,49,22,大昌-新店,2024-09-02,6464
9906,欣巴巴,21,0,21,大昌-新店,2024-09-02,6464
1303,南亞,29,8,21,大昌-新店,2024-09-02,6464
00936,台新永續高息中小,23,2,21,大昌-新店,2024-09-02,6464
00673R,期元大S＆P原油反1,20,0,20,大昌-新店,2024-09-02,6464
2002,中鋼,29,10,19,大昌-新店,2024-09-02,6464
6830,汎銓,20,1,19,大昌-新店,2024-09-02,6464
00751B,元大AAA至A公司債,18,0,18,大昌-新店,2024-09-02,6464
00642U,期元大S＆P石油,18,0,18,大昌-新店,2024-09-02,6464
6770,力積電,17,0,17,大昌-新店,2024-09-02,6464
5443,均豪,36,19,17,大昌-新店,2024-09-02,6464
3680,家登,17,1,16,大昌-新店,2024-09-02,6464
6743,安普新,16,0,16,大昌-新店,2024-09-02,6464
00948B,中信優息投資級債,15,0,15,大昌-新店,2024-09-02,6464
00953B,群益優選非投等債,15,0,15,大昌-新店,2024-09-02,6464
2425,承啟,17,2,15,大昌-新店,2024-09-02,6464
2615,萬海,37,23,14,大昌-新店,2024-09-02,6464
2324,仁寶,16,3,13,大昌-新店,2024-09-02,6464
2867,三商壽,14,1,13,大昌-新店,2024-09-02,6464
6213,聯茂,19,6,13,大昌-新店,2024-09-02,6464
2409,友達,42,30,12,大昌-新店,2024-09-02,6464
2606,裕民,13,1,12,大昌-新店,2024-09-02,6464
00919,群益台灣精選高息,330,35,295,大昌-新店,2024-09-03,6464
00753L,中信中國50正2,208,0,208,大昌-新店,2024-09-03,6464
00918,大華優利高填息30,204,11,193,大昌-新店,2024-09-03,6464
00878,國泰永續高股息,163,2,161,大昌-新店,2024-09-03,6464
00948B,中信優息投資級債,96,1,95,大昌-新店,2024-09-03,6464
2610,華航,98,12,86,大昌-新店,2024-09-03,6464
00650L,復華香港正2,72,2,70,大昌-新店,2024-09-03,6464
2409,友達,91,23,68,大昌-新店,2024-09-03,6464
2323,中環,60,0,60,大昌-新店,2024-09-03,6464
00679B,元大美債20年,108,50,58,大昌-新店,2024-09-03,6464
00940,元大台灣價值高息,78,25,53,大昌-新店,2024-09-03,6464
00632R,元大台灣50反1,59,10,49,大昌-新店,2024-09-03,6464
3037,欣興,49,2,47,大昌-新店,2024-09-03,6464
00900,富邦特選高股息30,47,5,42,大昌-新店,2024-09-03,6464
2891,中信金,64,22,42,大昌-新店,2024-09-03,6464
00937B,群益ESG投等債20,79,40,39,大昌-新店,2024-09-03,6464
4714,永捷,40,4,36,大昌-新店,2024-09-03,6464
2408,南亞科,36,1,35,大昌-新店,2024-09-03,6464
2520,冠德,35,1,34,大昌-新店,2024-09-03,6464
00687B,國泰20年美債,34,0,34,大昌-新店,2024-09-03,6464
00915,凱基優選高股息30,33,0,33,大昌-新店,2024-09-03,6464
00637L,元大滬深300正2,34,2,32,大昌-新店,2024-09-03,6464
00706L,期元大S＆P日圓正2,30,0,30,大昌-新店,2024-09-03,6464
3062,建漢,32,3,29,大昌-新店,2024-09-03,6464
6770,力積電,79,50,29,大昌-新店,2024-09-03,6464
6290,良維,29,1,28,大昌-新店,2024-09-03,6464
1314,中石化,35,7,28,大昌-新店,2024-09-03,6464
1303,南亞,35,7,28,大昌-新店,2024-09-03,6464
6757,台灣虎航,27,1,26,大昌-新店,2024-09-03,6464
1434,福懋,24,0,24,大昌-新店,2024-09-03,6464
8021,尖點,27,3,24,大昌-新店,2024-09-03,6464
1513,中興電,24,1,23,大昌-新店,2024-09-03,6464
00680L,元大美債20正2,26,3,23,大昌-新店,2024-09-03,6464
3689,湧德,25,4,21,大昌-新店,2024-09-03,6464
8076,伍豐,37,17,20,大昌-新店,2024-09-03,6464
4540,全球傳動,24,4,20,大昌-新店,2024-09-03,6464
00864B,中信美國公債0-1,20,0,20,大昌-新店,2024-09-03,6464
2020,美亞,20,0,20,大昌-新店,2024-09-03,6464
2543,皇昌,43,23,20,大昌-新店,2024-09-03,6464
4576,大銀微系統,27,8,19,大昌-新店,2024-09-03,6464
2851,中再保,19,0,19,大昌-新店,2024-09-03,6464
00927,群益半導體收益,19,0,19,大昌-新店,2024-09-03,6464
8403,盛弘,19,0,19,大昌-新店,2024-09-03,6464
2641,正德,21,2,19,大昌-新店,2024-09-03,6464
2331,精英,25,7,18,大昌-新店,2024-09-03,6464
2515,中工,30,13,17,大昌-新店,2024-09-03,6464
3013,晟銘電,37,20,17,大昌-新店,2024-09-03,6464
2002,中鋼,22,6,16,大昌-新店,2024-09-03,6464
00646,元大S＆P500,16,0,16,大昌-新店,2024-09-03,6464
2420,新巨,23,7,16,大昌-新店,2024-09-03,6464
00918,大華優利高填息30,390,15,375,大昌-新店,2024-09-04,6464
00940,元大台灣價值高息,321,52,269,大昌-新店,2024-09-04,6464
00878,國泰永續高股息,287,32,255,大昌-新店,2024-09-04,6464
00919,群益台灣精選高息,236,7,229,大昌-新店,2024-09-04,6464
00929,復華台灣科技優息,195,73,122,大昌-新店,2024-09-04,6464
00915,凱基優選高股息30,130,10,120,大昌-新店,2024-09-04,6464
0056,元大高股息,123,23,100,大昌-新店,2024-09-04,6464
2330,台積電,114,24,90,大昌-新店,2024-09-04,6464
2891,中信金,98,10,88,大昌-新店,2024-09-04,6464
00719B,元大美債1-3,71,0,71,大昌-新店,2024-09-04,6464
00715L,期街口布蘭特正2,81,12,69,大昌-新店,2024-09-04,6464
5880,合庫金,74,6,68,大昌-新店,2024-09-04,6464
3481,群創,102,37,65,大昌-新店,2024-09-04,6464
3037,欣興,71,8,63,大昌-新店,2024-09-04,6464
00645,富邦日本,62,0,62,大昌-新店,2024-09-04,6464
006208,富邦台50,64,3,61,大昌-新店,2024-09-04,6464
8070,長華*,79,18,61,大昌-新店,2024-09-04,6464
00640L,富邦日本正2,60,0,60,大昌-新店,2024-09-04,6464
2409,友達,146,88,58,大昌-新店,2024-09-04,6464
2382,廣達,71,14,57,大昌-新店,2024-09-04,6464
00650L,復華香港正2,53,0,53,大昌-新店,2024-09-04,6464
00864B,中信美國公債0-1,50,0,50,大昌-新店,2024-09-04,6464
3522,御嵿,50,0,50,大昌-新店,2024-09-04,6464
2903,遠百,50,0,50,大昌-新店,2024-09-04,6464
2002,中鋼,56,8,48,大昌-新店,2024-09-04,6464
00881,國泰台灣5G+,49,3,46,大昌-新店,2024-09-04,6464
00646,元大S＆P500,42,0,42,大昌-新店,2024-09-04,6464
2420,新巨,44,2,42,大昌-新店,2024-09-04,6464
2603,長榮,59,18,41,大昌-新店,2024-09-04,6464
2376,技嘉,42,3,39,大昌-新店,2024-09-04,6464
00713,元大台灣高息低波,38,1,37,大昌-新店,2024-09-04,6464
4303,信立,49,14,35,大昌-新店,2024-09-04,6464
00882,中信中國高股息,35,0,35,大昌-新店,2024-09-04,6464
1815,富喬,36,2,34,大昌-新店,2024-09-04,6464
0050,元大台灣50,44,11,33,大昌-新店,2024-09-04,6464
2476,鉅祥,34,2,32,大昌-新店,2024-09-04,6464
00946,群益科技高息成長,34,2,32,大昌-新店,2024-09-04,6464
2317,鴻海,107,75,32,大昌-新店,2024-09-04,6464
00850,元大臺灣ESG永續,31,0,31,大昌-新店,2024-09-04,6464
00662,富邦NASDAQ,30,0,30,大昌-新店,2024-09-04,6464
2886,兆豐金,29,0,29,大昌-新店,2024-09-04,6464
1789,神隆,30,1,29,大昌-新店,2024-09-04,6464
2408,南亞科,31,2,29,大昌-新店,2024-09-04,6464
2367,燿華,45,16,29,大昌-新店,2024-09-04,6464
1605,華新,32,4,28,大昌-新店,2024-09-04,6464
4562,穎漢,47,19,28,大昌-新店,2024-09-04,6464
2890,永豐金,27,2,25,大昌-新店,2024-09-04,6464
2605,新興,27,2,25,大昌-新店,2024-09-04,6464
3231,緯創,40,15,25,大昌-新店,2024-09-04,6464
1314,中石化,50,26,24,大昌-新店,2024-09-04,6464
00940,元大台灣價值高息,251,30,221,大昌-新店,2024-09-05,6464
00946,群益科技高息成長,170,3,167,大昌-新店,2024-09-05,6464
00637L,元大滬深300正2,149,7,142,大昌-新店,2024-09-05,6464
00642U,期元大S＆P石油,129,0,129,大昌-新店,2024-09-05,6464
00665L,富邦�琤肭磪囓�2,98,6,92,大昌-新店,2024-09-05,6464
00918,大華優利高填息30,91,14,77,大昌-新店,2024-09-05,6464
00632R,元大台灣50反1,236,160,76,大昌-新店,2024-09-05,6464
00919,群益台灣精選高息,177,113,64,大昌-新店,2024-09-05,6464
2344,華邦電,76,17,59,大昌-新店,2024-09-05,6464
2317,鴻海,70,16,54,大昌-新店,2024-09-05,6464
2002,中鋼,61,9,52,大昌-新店,2024-09-05,6464
00929,復華台灣科技優息,87,38,49,大昌-新店,2024-09-05,6464
00664R,國泰臺灣加權反1,127,80,47,大昌-新店,2024-09-05,6464
00882,中信中國高股息,83,38,45,大昌-新店,2024-09-05,6464
2409,友達,43,0,43,大昌-新店,2024-09-05,6464
006208,富邦台50,46,4,42,大昌-新店,2024-09-05,6464
2618,長榮航,70,29,41,大昌-新店,2024-09-05,6464
00715L,期街口布蘭特正2,43,5,38,大昌-新店,2024-09-05,6464
00952,凱基台灣AI50,38,1,37,大昌-新店,2024-09-05,6464
6213,聯茂,71,35,36,大昌-新店,2024-09-05,6464
1802,台玻,37,2,35,大昌-新店,2024-09-05,6464
1303,南亞,36,3,33,大昌-新店,2024-09-05,6464
00764B,群益25年美債,35,3,32,大昌-新店,2024-09-05,6464
2367,燿華,35,3,32,大昌-新店,2024-09-05,6464
4714,永捷,32,1,31,大昌-新店,2024-09-05,6464
4979,華星光,35,5,30,大昌-新店,2024-09-05,6464
6142,友勁,30,0,30,大昌-新店,2024-09-05,6464
3481,群創,62,33,29,大昌-新店,2024-09-05,6464
2312,金寶,53,24,29,大昌-新店,2024-09-05,6464
0056,元大高股息,33,4,29,大昌-新店,2024-09-05,6464
00719B,元大美債1-3,28,0,28,大昌-新店,2024-09-05,6464
2208,台船,28,0,28,大昌-新店,2024-09-05,6464
2408,南亞科,34,7,27,大昌-新店,2024-09-05,6464
8046,南電,26,0,26,大昌-新店,2024-09-05,6464
1201,味全,24,0,24,大昌-新店,2024-09-05,6464
00915,凱基優選高股息30,33,10,23,大昌-新店,2024-09-05,6464
2027,大成鋼,23,0,23,大昌-新店,2024-09-05,6464
2809,京城銀,22,0,22,大昌-新店,2024-09-05,6464
00645,富邦日本,21,0,21,大昌-新店,2024-09-05,6464
4543,萬在,26,6,20,大昌-新店,2024-09-05,6464
00671R,富邦NASDAQ反1,20,0,20,大昌-新店,2024-09-05,6464
3006,晶豪科,21,1,20,大昌-新店,2024-09-05,6464
2834,臺企銀,23,3,20,大昌-新店,2024-09-05,6464
1539,巨庭,42,23,19,大昌-新店,2024-09-05,6464
3066,李洲,22,4,18,大昌-新店,2024-09-05,6464
2049,上銀,20,2,18,大昌-新店,2024-09-05,6464
2486,一詮,36,19,17,大昌-新店,2024-09-05,6464
3163,波若威,21,4,17,大昌-新店,2024-09-05,6464
00878,國泰永續高股息,18,3,15,大昌-新店,2024-09-05,6464
2368,金像電,19,4,15,大昌-新店,2024-09-05,6464
00632R,元大台灣50反1,625,446,179,大昌-新店,2024-09-06,6464
00764B,群益25年美債,141,0,141,大昌-新店,2024-09-06,6464
00642U,期元大S＆P石油,101,0,101,大昌-新店,2024-09-06,6464
2888,新光金,107,13,94,大昌-新店,2024-09-06,6464
00664R,國泰臺灣加權反1,84,0,84,大昌-新店,2024-09-06,6464
00687B,國泰20年美債,99,18,81,大昌-新店,2024-09-06,6464
00645,富邦日本,70,0,70,大昌-新店,2024-09-06,6464
3481,群創,89,20,69,大昌-新店,2024-09-06,6464
00937B,群益ESG投等債20,68,21,47,大昌-新店,2024-09-06,6464
00919,群益台灣精選高息,72,31,41,大昌-新店,2024-09-06,6464
2834,臺企銀,38,3,35,大昌-新店,2024-09-06,6464
1455,集盛,35,0,35,大昌-新店,2024-09-06,6464
00662,富邦NASDAQ,35,1,34,大昌-新店,2024-09-06,6464
6770,力積電,45,12,33,大昌-新店,2024-09-06,6464
3580,友威科,33,1,32,大昌-新店,2024-09-06,6464
4956,光鋐,38,7,31,大昌-新店,2024-09-06,6464
1513,中興電,37,10,27,大昌-新店,2024-09-06,6464
00952,凱基台灣AI50,27,1,26,大昌-新店,2024-09-06,6464
1605,華新,36,11,25,大昌-新店,2024-09-06,6464
3013,晟銘電,35,10,25,大昌-新店,2024-09-06,6464
00679B,元大美債20年,62,38,24,大昌-新店,2024-09-06,6464
3231,緯創,60,36,24,大昌-新店,2024-09-06,6464
3714,富采,35,12,23,大昌-新店,2024-09-06,6464
4935,茂林-KY,26,3,23,大昌-新店,2024-09-06,6464
2618,長榮航,40,18,22,大昌-新店,2024-09-06,6464
2402,毅嘉,36,15,21,大昌-新店,2024-09-06,6464
2208,台船,20,0,20,大昌-新店,2024-09-06,6464
00696B,富邦美債20年,20,1,19,大昌-新店,2024-09-06,6464
00940,元大台灣價值高息,42,24,18,大昌-新店,2024-09-06,6464
1711,永光,25,7,18,大昌-新店,2024-09-06,6464
6186,新潤,17,0,17,大昌-新店,2024-09-06,6464
4538,大詠城,20,3,17,大昌-新店,2024-09-06,6464
00646,元大S＆P500,16,0,16,大昌-新店,2024-09-06,6464
3339,泰谷,16,0,16,大昌-新店,2024-09-06,6464
4534,慶騰,14,0,14,大昌-新店,2024-09-06,6464
2515,中工,29,15,14,大昌-新店,2024-09-06,6464
3048,益登,25,12,13,大昌-新店,2024-09-06,6464
00945B,凱基美國非投等債,12,0,12,大昌-新店,2024-09-06,6464
00881,國泰台灣5G+,13,1,12,大昌-新店,2024-09-06,6464
2317,鴻海,47,36,11,大昌-新店,2024-09-06,6464
3017,奇鋐,19,8,11,大昌-新店,2024-09-06,6464
4958,臻鼎-KY,36,25,11,大昌-新店,2024-09-06,6464
2331,精英,11,0,11,大昌-新店,2024-09-06,6464
2312,金寶,19,8,11,大昌-新店,2024-09-06,6464
2505,國揚,11,0,11,大昌-新店,2024-09-06,6464
2327,國巨,12,2,10,大昌-新店,2024-09-06,6464
00888,永豐台灣ESG,10,0,10,大昌-新店,2024-09-06,6464
8112,至上,27,17,10,大昌-新店,2024-09-06,6464
1326,台化,10,1,9,大昌-新店,2024-09-06,6464
2349,錸德,9,0,9,大昌-新店,2024-09-06,6464
00919,群益台灣精選高息,260,55,205,大昌-新店,2024-09-09,6464
00929,復華台灣科技優息,214,10,204,大昌-新店,2024-09-09,6464
2324,仁寶,172,2,170,大昌-新店,2024-09-09,6464
00680L,元大美債20正2,172,20,152,大昌-新店,2024-09-09,6464
00878,國泰永續高股息,144,5,139,大昌-新店,2024-09-09,6464
00715L,期街口布蘭特正2,124,0,124,大昌-新店,2024-09-09,6464
2889,國票金,111,3,108,大昌-新店,2024-09-09,6464
00637L,元大滬深300正2,100,3,97,大昌-新店,2024-09-09,6464
2891,中信金,99,10,89,大昌-新店,2024-09-09,6464
2317,鴻海,103,19,84,大昌-新店,2024-09-09,6464
00645,富邦日本,80,0,80,大昌-新店,2024-09-09,6464
2881,富邦金,70,11,59,大昌-新店,2024-09-09,6464
1455,集盛,55,0,55,大昌-新店,2024-09-09,6464
2356,英業達,68,15,53,大昌-新店,2024-09-09,6464
00946,群益科技高息成長,54,2,52,大昌-新店,2024-09-09,6464
2883,凱基金,56,6,50,大昌-新店,2024-09-09,6464
00661,元大日經225,50,0,50,大昌-新店,2024-09-09,6464
00646,元大S＆P500,50,0,50,大昌-新店,2024-09-09,6464
3522,御嵿,50,0,50,大昌-新店,2024-09-09,6464
00918,大華優利高填息30,61,17,44,大昌-新店,2024-09-09,6464
00764B,群益25年美債,44,0,44,大昌-新店,2024-09-09,6464
2885,元大金,43,0,43,大昌-新店,2024-09-09,6464
00940,元大台灣價值高息,61,21,40,大昌-新店,2024-09-09,6464
00662,富邦NASDAQ,40,0,40,大昌-新店,2024-09-09,6464
4306,炎洲,35,0,35,大昌-新店,2024-09-09,6464
2303,聯電,48,14,34,大昌-新店,2024-09-09,6464
00891,中信關鍵半導體,33,0,33,大昌-新店,2024-09-09,6464
0056,元大高股息,38,7,31,大昌-新店,2024-09-09,6464
2330,台積電,35,5,30,大昌-新店,2024-09-09,6464
00882,中信中國高股息,35,6,29,大昌-新店,2024-09-09,6464
00713,元大台灣高息低波,30,1,29,大昌-新店,2024-09-09,6464
00915,凱基優選高股息30,36,10,26,大昌-新店,2024-09-09,6464
00665L,富邦�琤肭磪囓�2,26,0,26,大昌-新店,2024-09-09,6464
4538,大詠城,25,0,25,大昌-新店,2024-09-09,6464
6190,萬泰科,24,0,24,大昌-新店,2024-09-09,6464
1540,喬福,46,25,21,大昌-新店,2024-09-09,6464
1301,台塑,38,18,20,大昌-新店,2024-09-09,6464
8076,伍豐,26,6,20,大昌-新店,2024-09-09,6464
6505,台塑化,21,1,20,大昌-新店,2024-09-09,6464
00881,國泰台灣5G+,29,10,19,大昌-新店,2024-09-09,6464
00642U,期元大S＆P石油,19,0,19,大昌-新店,2024-09-09,6464
3481,群創,42,24,18,大昌-新店,2024-09-09,6464
00650L,復華香港正2,29,12,17,大昌-新店,2024-09-09,6464
2610,華航,31,15,16,大昌-新店,2024-09-09,6464
6770,力積電,39,23,16,大昌-新店,2024-09-09,6464
2615,萬海,29,14,15,大昌-新店,2024-09-09,6464
2897,王道銀行,14,0,14,大昌-新店,2024-09-09,6464
00937B,群益ESG投等債20,22,8,14,大昌-新店,2024-09-09,6464
2515,中工,24,10,14,大昌-新店,2024-09-09,6464
6215,和椿,15,1,14,大昌-新店,2024-09-09,6464
00687B,國泰20年美債,247,19,228,大昌-新店,2024-09-10,6464
00915,凱基優選高股息30,163,0,163,大昌-新店,2024-09-10,6464
00919,群益台灣精選高息,172,21,151,大昌-新店,2024-09-10,6464
00632R,元大台灣50反1,130,16,114,大昌-新店,2024-09-10,6464
00929,復華台灣科技優息,163,49,114,大昌-新店,2024-09-10,6464
00664R,國泰臺灣加權反1,240,135,105,大昌-新店,2024-09-10,6464
00918,大華優利高填息30,92,2,90,大昌-新店,2024-09-10,6464
3481,群創,108,33,75,大昌-新店,2024-09-10,6464
00878,國泰永續高股息,68,7,61,大昌-新店,2024-09-10,6464
2867,三商壽,52,0,52,大昌-新店,2024-09-10,6464
8112,至上,49,1,48,大昌-新店,2024-09-10,6464
00882,中信中國高股息,60,13,47,大昌-新店,2024-09-10,6464
2027,大成鋼,48,2,46,大昌-新店,2024-09-10,6464
2301,光寶科,45,1,44,大昌-新店,2024-09-10,6464
00943,兆豐電子高息等權,41,0,41,大昌-新店,2024-09-10,6464
1314,中石化,44,8,36,大昌-新店,2024-09-10,6464
2376,技嘉,69,36,33,大昌-新店,2024-09-10,6464
0056,元大高股息,37,4,33,大昌-新店,2024-09-10,6464
2891,中信金,33,4,29,大昌-新店,2024-09-10,6464
2313,華通,95,66,29,大昌-新店,2024-09-10,6464
00900,富邦特選高股息30,28,0,28,大昌-新店,2024-09-10,6464
2382,廣達,74,47,27,大昌-新店,2024-09-10,6464
3362,先進光,27,1,26,大昌-新店,2024-09-10,6464
2337,旺宏,29,3,26,大昌-新店,2024-09-10,6464
3673,TPK-KY,28,4,24,大昌-新店,2024-09-10,6464
4909,新復興,35,12,23,大昌-新店,2024-09-10,6464
8996,高力,26,4,22,大昌-新店,2024-09-10,6464
3535,晶彩科,22,1,21,大昌-新店,2024-09-10,6464
2312,金寶,39,19,20,大昌-新店,2024-09-10,6464
00944,野村趨勢動能高息,19,0,19,大昌-新店,2024-09-10,6464
2349,錸德,26,7,19,大昌-新店,2024-09-10,6464
5460,同協,22,3,19,大昌-新店,2024-09-10,6464
3013,晟銘電,26,7,19,大昌-新店,2024-09-10,6464
2330,台積電,29,11,18,大昌-新店,2024-09-10,6464
2408,南亞科,17,0,17,大昌-新店,2024-09-10,6464
3163,波若威,19,2,17,大昌-新店,2024-09-10,6464
6187,萬潤,48,31,17,大昌-新店,2024-09-10,6464
1815,富喬,40,23,17,大昌-新店,2024-09-10,6464
2208,台船,17,1,16,大昌-新店,2024-09-10,6464
1786,科妍,21,5,16,大昌-新店,2024-09-10,6464
4935,茂林-KY,20,4,16,大昌-新店,2024-09-10,6464
5443,均豪,32,16,16,大昌-新店,2024-09-10,6464
2383,台光電,17,2,15,大昌-新店,2024-09-10,6464
00740B,富邦全球投等債,15,0,15,大昌-新店,2024-09-10,6464
3189,景碩,19,4,15,大昌-新店,2024-09-10,6464
1605,華新,30,15,15,大昌-新店,2024-09-10,6464
1905,華紙,14,0,14,大昌-新店,2024-09-10,6464
1316,上曜,17,3,14,大昌-新店,2024-09-10,6464
1326,台化,19,6,13,大昌-新店,2024-09-10,6464
5871,中租-KY,15,2,13,大昌-新店,2024-09-10,6464
2324,仁寶,272,1,271,大昌-新店,2024-09-11,6464
2883,凱基金,252,28,224,大昌-新店,2024-09-11,6464
2618,長榮航,221,39,182,大昌-新店,2024-09-11,6464
00915,凱基優選高股息30,129,0,129,大昌-新店,2024-09-11,6464
00687B,國泰20年美債,242,123,119,大昌-新店,2024-09-11,6464
00665L,富邦�琤肭磪囓�2,103,0,103,大昌-新店,2024-09-11,6464
00645,富邦日本,73,0,73,大昌-新店,2024-09-11,6464
00715L,期街口布蘭特正2,65,2,63,大昌-新店,2024-09-11,6464
00940,元大台灣價值高息,62,1,61,大昌-新店,2024-09-11,6464
3209,全科,55,4,51,大昌-新店,2024-09-11,6464
8112,至上,50,0,50,大昌-新店,2024-09-11,6464
00764B,群益25年美債,50,0,50,大昌-新店,2024-09-11,6464
2495,普安,53,8,45,大昌-新店,2024-09-11,6464
00632R,元大台灣50反1,138,94,44,大昌-新店,2024-09-11,6464
00929,復華台灣科技優息,42,1,41,大昌-新店,2024-09-11,6464
2891,中信金,41,1,40,大昌-新店,2024-09-11,6464
2867,三商壽,50,10,40,大昌-新店,2024-09-11,6464
8076,伍豐,39,1,38,大昌-新店,2024-09-11,6464
1522,堤維西,39,1,38,大昌-新店,2024-09-11,6464
6743,安普新,32,0,32,大昌-新店,2024-09-11,6464
9105,泰金寶-DR,30,0,30,大昌-新店,2024-09-11,6464
00753L,中信中國50正2,30,3,27,大昌-新店,2024-09-11,6464
00878,國泰永續高股息,31,8,23,大昌-新店,2024-09-11,6464
00650L,復華香港正2,30,7,23,大昌-新店,2024-09-11,6464
00751B,元大AAA至A公司債,23,0,23,大昌-新店,2024-09-11,6464
2330,台積電,23,1,22,大昌-新店,2024-09-11,6464
00637L,元大滬深300正2,27,6,21,大昌-新店,2024-09-11,6464
00946,群益科技高息成長,21,0,21,大昌-新店,2024-09-11,6464
3265,台星科,20,0,20,大昌-新店,2024-09-11,6464
00919,群益台灣精選高息,44,24,20,大昌-新店,2024-09-11,6464
2102,泰豐,20,0,20,大昌-新店,2024-09-11,6464
3715,定穎投控,28,8,20,大昌-新店,2024-09-11,6464
00948B,中信優息投資級債,21,2,19,大昌-新店,2024-09-11,6464
00673R,期元大S＆P原油反1,20,1,19,大昌-新店,2024-09-11,6464
00918,大華優利高填息30,29,11,18,大昌-新店,2024-09-11,6464
2520,冠德,23,5,18,大昌-新店,2024-09-11,6464
00642U,期元大S＆P石油,36,18,18,大昌-新店,2024-09-11,6464
2609,陽明,30,12,18,大昌-新店,2024-09-11,6464
0056,元大高股息,18,0,18,大昌-新店,2024-09-11,6464
3047,訊舟,34,17,17,大昌-新店,2024-09-11,6464
1708,東鹼,22,5,17,大昌-新店,2024-09-11,6464
2887,台新金,59,43,16,大昌-新店,2024-09-11,6464
2002,中鋼,50,35,15,大昌-新店,2024-09-11,6464
3522,御嵿,15,0,15,大昌-新店,2024-09-11,6464
1524,耿鼎,17,2,15,大昌-新店,2024-09-11,6464
6148,驊宏資,17,4,13,大昌-新店,2024-09-11,6464
1605,華新,15,2,13,大昌-新店,2024-09-11,6464
00931B,統一美債20年,21,9,12,大昌-新店,2024-09-11,6464
00713,元大台灣高息低波,12,0,12,大昌-新店,2024-09-11,6464
6127,九豪,13,1,12,大昌-新店,2024-09-11,6464
00680L,元大美債20正2,308,75,233,大昌-新店,2024-09-12,6464
6152,百一,188,11,177,大昌-新店,2024-09-12,6464
00676R,富邦臺灣加權反1,140,3,137,大昌-新店,2024-09-12,6464
3481,群創,147,27,120,大昌-新店,2024-09-12,6464
00632R,元大台灣50反1,513,421,92,大昌-新店,2024-09-12,6464
00664R,國泰臺灣加權反1,90,3,87,大昌-新店,2024-09-12,6464
00929,復華台灣科技優息,75,14,61,大昌-新店,2024-09-12,6464
00919,群益台灣精選高息,87,28,59,大昌-新店,2024-09-12,6464
00957B,兆豐US優選投等債,56,0,56,大昌-新店,2024-09-12,6464
00931B,統一美債20年,50,1,49,大昌-新店,2024-09-12,6464
8473,山林水,40,1,39,大昌-新店,2024-09-12,6464
6548,長科*,35,0,35,大昌-新店,2024-09-12,6464
2883,凱基金,48,23,25,大昌-新店,2024-09-12,6464
2337,旺宏,56,31,25,大昌-新店,2024-09-12,6464
00688L,國泰20年美債正2,26,2,24,大昌-新店,2024-09-12,6464
00948B,中信優息投資級債,25,3,22,大昌-新店,2024-09-12,6464
00713,元大台灣高息低波,28,6,22,大昌-新店,2024-09-12,6464
9105,泰金寶-DR,20,0,20,大昌-新店,2024-09-12,6464
00915,凱基優選高股息30,35,16,19,大昌-新店,2024-09-12,6464
2891,中信金,44,25,19,大昌-新店,2024-09-12,6464
00937B,群益ESG投等債20,45,26,19,大昌-新店,2024-09-12,6464
2540,愛山林,21,2,19,大昌-新店,2024-09-12,6464
4958,臻鼎-KY,60,42,18,大昌-新店,2024-09-12,6464
6265,方土昶,18,0,18,大昌-新店,2024-09-12,6464
3550,聯穎,20,3,17,大昌-新店,2024-09-12,6464
00706L,期元大S＆P日圓正2,15,0,15,大昌-新店,2024-09-12,6464
2887,台新金,30,16,14,大昌-新店,2024-09-12,6464
6530,創威,52,38,14,大昌-新店,2024-09-12,6464
00882,中信中國高股息,13,0,13,大昌-新店,2024-09-12,6464
0056,元大高股息,21,8,13,大昌-新店,2024-09-12,6464
6187,萬潤,28,15,13,大昌-新店,2024-09-12,6464
2467,志聖,15,3,12,大昌-新店,2024-09-12,6464
1611,中電,13,1,12,大昌-新店,2024-09-12,6464
00770,國泰北美科技,12,0,12,大昌-新店,2024-09-12,6464
3176,基亞,12,0,12,大昌-新店,2024-09-12,6464
2002,中鋼,56,44,12,大昌-新店,2024-09-12,6464
00887,永豐中國科技50大,12,0,12,大昌-新店,2024-09-12,6464
00715L,期街口布蘭特正2,23,11,12,大昌-新店,2024-09-12,6464
5347,世界,12,1,11,大昌-新店,2024-09-12,6464
2338,光罩,11,0,11,大昌-新店,2024-09-12,6464
00891,中信關鍵半導體,16,5,11,大昌-新店,2024-09-12,6464
2101,南港,10,0,10,大昌-新店,2024-09-12,6464
1570,力肯,10,0,10,大昌-新店,2024-09-12,6464
3264,欣銓,11,2,9,大昌-新店,2024-09-12,6464
2301,光寶科,20,11,9,大昌-新店,2024-09-12,6464
6531,愛普*,10,1,9,大昌-新店,2024-09-12,6464
1303,南亞,17,9,8,大昌-新店,2024-09-12,6464
2312,金寶,14,6,8,大昌-新店,2024-09-12,6464
9946,三發地產,8,0,8,大昌-新店,2024-09-12,6464
2344,華邦電,17,9,8,大昌-新店,2024-09-12,6464
00687B,國泰20年美債,220,0,220,大昌-新店,2024-09-13,6464
00937B,群益ESG投等債20,162,20,142,大昌-新店,2024-09-13,6464
00929,復華台灣科技優息,150,12,138,大昌-新店,2024-09-13,6464
00915,凱基優選高股息30,127,7,120,大昌-新店,2024-09-13,6464
00948B,中信優息投資級債,114,0,114,大昌-新店,2024-09-13,6464
00940,元大台灣價值高息,111,1,110,大昌-新店,2024-09-13,6464
00919,群益台灣精選高息,101,4,97,大昌-新店,2024-09-13,6464
00795B,中信美國公債20年,77,5,72,大昌-新店,2024-09-13,6464
2323,中環,55,2,53,大昌-新店,2024-09-13,6464
00719B,元大美債1-3,40,0,40,大昌-新店,2024-09-13,6464
00918,大華優利高填息30,46,10,36,大昌-新店,2024-09-13,6464
00637L,元大滬深300正2,33,0,33,大昌-新店,2024-09-13,6464
00787B,元大10年IG醫療債,30,0,30,大昌-新店,2024-09-13,6464
00679B,元大美債20年,43,16,27,大昌-新店,2024-09-13,6464
2883,凱基金,65,38,27,大昌-新店,2024-09-13,6464
5443,均豪,66,43,23,大昌-新店,2024-09-13,6464
1301,台塑,30,8,22,大昌-新店,2024-09-13,6464
1540,喬福,72,50,22,大昌-新店,2024-09-13,6464
4935,茂林-KY,21,1,20,大昌-新店,2024-09-13,6464
2399,映泰,78,59,19,大昌-新店,2024-09-13,6464
8390,金益鼎,20,1,19,大昌-新店,2024-09-13,6464
8150,南茂,18,0,18,大昌-新店,2024-09-13,6464
00882,中信中國高股息,20,2,18,大昌-新店,2024-09-13,6464
3013,晟銘電,24,6,18,大昌-新店,2024-09-13,6464
9955,佳龍,21,3,18,大昌-新店,2024-09-13,6464
2303,聯電,25,8,17,大昌-新店,2024-09-13,6464
1326,台化,22,6,16,大昌-新店,2024-09-13,6464
00664R,國泰臺灣加權反1,15,0,15,大昌-新店,2024-09-13,6464
2633,台灣高鐵,14,0,14,大昌-新店,2024-09-13,6464
6693,廣閎科,14,0,14,大昌-新店,2024-09-13,6464
6246,臺龍,16,2,14,大昌-新店,2024-09-13,6464
3689,湧德,14,1,13,大昌-新店,2024-09-13,6464
3535,晶彩科,16,3,13,大昌-新店,2024-09-13,6464
4561,健椿,18,5,13,大昌-新店,2024-09-13,6464
8011,台通,18,5,13,大昌-新店,2024-09-13,6464
3363,上詮,19,7,12,大昌-新店,2024-09-13,6464
3622,洋華,12,0,12,大昌-新店,2024-09-13,6464
6405,悅城,17,6,11,大昌-新店,2024-09-13,6464
2313,華通,34,24,10,大昌-新店,2024-09-13,6464
2505,國揚,10,0,10,大昌-新店,2024-09-13,6464
3379,彬台,10,0,10,大昌-新店,2024-09-13,6464
1513,中興電,25,15,10,大昌-新店,2024-09-13,6464
4538,大詠城,10,0,10,大昌-新店,2024-09-13,6464
00945B,凱基美國非投等債,10,0,10,大昌-新店,2024-09-13,6464
9907,統一實,10,0,10,大昌-新店,2024-09-13,6464
2383,台光電,14,5,9,大昌-新店,2024-09-13,6464
4532,瑞智,9,0,9,大昌-新店,2024-09-13,6464
00931B,統一美債20年,9,0,9,大昌-新店,2024-09-13,6464
2408,南亞科,10,1,9,大昌-新店,2024-09-13,6464
8299,群聯,9,0,9,大昌-新店,2024-09-13,6464
2888,新光金,818,25,793,大昌-新店,2024-09-16,6464
00680L,元大美債20正2,357,51,306,大昌-新店,2024-09-16,6464
00687B,國泰20年美債,184,4,180,大昌-新店,2024-09-16,6464
00919,群益台灣精選高息,142,14,128,大昌-新店,2024-09-16,6464
2883,凱基金,114,15,99,大昌-新店,2024-09-16,6464
00934,中信成長高股息,85,0,85,大昌-新店,2024-09-16,6464
00679B,元大美債20年,63,4,59,大昌-新店,2024-09-16,6464
00713,元大台灣高息低波,49,0,49,大昌-新店,2024-09-16,6464
5531,鄉林,50,1,49,大昌-新店,2024-09-16,6464
0056,元大高股息,53,4,49,大昌-新店,2024-09-16,6464
2891,中信金,47,10,37,大昌-新店,2024-09-16,6464
00878,國泰永續高股息,43,11,32,大昌-新店,2024-09-16,6464
00882,中信中國高股息,81,50,31,大昌-新店,2024-09-16,6464
2634,漢翔,30,0,30,大昌-新店,2024-09-16,6464
1434,福懋,30,0,30,大昌-新店,2024-09-16,6464
00671R,富邦NASDAQ反1,30,0,30,大昌-新店,2024-09-16,6464
1301,台塑,36,6,30,大昌-新店,2024-09-16,6464
00918,大華優利高填息30,52,25,27,大昌-新店,2024-09-16,6464
6290,良維,27,1,26,大昌-新店,2024-09-16,6464
2303,聯電,30,5,25,大昌-新店,2024-09-16,6464
00937B,群益ESG投等債20,43,20,23,大昌-新店,2024-09-16,6464
00751B,元大AAA至A公司債,20,0,20,大昌-新店,2024-09-16,6464
2243,宏旭-KY,30,13,17,大昌-新店,2024-09-16,6464
00933B,國泰10Y+金融債,24,8,16,大昌-新店,2024-09-16,6464
00753L,中信中國50正2,15,0,15,大昌-新店,2024-09-16,6464
00795B,中信美國公債20年,34,20,14,大昌-新店,2024-09-16,6464
2340,台亞,13,0,13,大昌-新店,2024-09-16,6464
6805,富世達,17,4,13,大昌-新店,2024-09-16,6464
2603,長榮,13,1,12,大昌-新店,2024-09-16,6464
2349,錸德,60,48,12,大昌-新店,2024-09-16,6464
00715L,期街口布蘭特正2,13,1,12,大昌-新店,2024-09-16,6464
6668,中揚光,13,1,12,大昌-新店,2024-09-16,6464
8028,昇陽半導體,21,9,12,大昌-新店,2024-09-16,6464
6152,百一,11,0,11,大昌-新店,2024-09-16,6464
1605,華新,23,12,11,大昌-新店,2024-09-16,6464
00931B,統一美債20年,11,0,11,大昌-新店,2024-09-16,6464
3048,益登,11,0,11,大昌-新店,2024-09-16,6464
2388,威盛,26,16,10,大昌-新店,2024-09-16,6464
2809,京城銀,10,0,10,大昌-新店,2024-09-16,6464
4903,聯光通,24,14,10,大昌-新店,2024-09-16,6464
3289,宜特,13,3,10,大昌-新店,2024-09-16,6464
8358,金居,10,0,10,大昌-新店,2024-09-16,6464
00891,中信關鍵半導體,10,0,10,大昌-新店,2024-09-16,6464
1540,喬福,46,37,9,大昌-新店,2024-09-16,6464
2801,彰銀,9,0,9,大昌-新店,2024-09-16,6464
1815,富喬,10,1,9,大昌-新店,2024-09-16,6464
3231,緯創,20,11,9,大昌-新店,2024-09-16,6464
3017,奇鋐,11,3,8,大昌-新店,2024-09-16,6464
6187,萬潤,23,15,8,大昌-新店,2024-09-16,6464
2609,陽明,12,4,8,大昌-新店,2024-09-16,6464
2888,新光金,523,135,388,大昌-新店,2024-09-18,6464
00929,復華台灣科技優息,273,12,261,大昌-新店,2024-09-18,6464
00687B,國泰20年美債,193,27,166,大昌-新店,2024-09-18,6464
00919,群益台灣精選高息,166,8,158,大昌-新店,2024-09-18,6464
00937B,群益ESG投等債20,182,24,158,大昌-新店,2024-09-18,6464
00915,凱基優選高股息30,151,25,126,大昌-新店,2024-09-18,6464
00918,大華優利高填息30,123,0,123,大昌-新店,2024-09-18,6464
2317,鴻海,132,32,100,大昌-新店,2024-09-18,6464
5531,鄉林,100,0,100,大昌-新店,2024-09-18,6464
3049,精金,67,11,56,大昌-新店,2024-09-18,6464
2344,華邦電,56,3,53,大昌-新店,2024-09-18,6464
2889,國票金,60,11,49,大昌-新店,2024-09-18,6464
00680L,元大美債20正2,53,5,48,大昌-新店,2024-09-18,6464
6899,創為精密,46,1,45,大昌-新店,2024-09-18,6464
2887,台新金,57,13,44,大昌-新店,2024-09-18,6464
00671R,富邦NASDAQ反1,40,0,40,大昌-新店,2024-09-18,6464
8112,至上,39,0,39,大昌-新店,2024-09-18,6464
5443,均豪,74,39,35,大昌-新店,2024-09-18,6464
2303,聯電,64,30,34,大昌-新店,2024-09-18,6464
3360,尚立,38,4,34,大昌-新店,2024-09-18,6464
2313,華通,122,90,32,大昌-新店,2024-09-18,6464
00878,國泰永續高股息,33,3,30,大昌-新店,2024-09-18,6464
3264,欣銓,36,7,29,大昌-新店,2024-09-18,6464
0056,元大高股息,28,0,28,大昌-新店,2024-09-18,6464
00713,元大台灣高息低波,27,0,27,大昌-新店,2024-09-18,6464
2356,英業達,33,6,27,大昌-新店,2024-09-18,6464
00900,富邦特選高股息30,26,0,26,大昌-新店,2024-09-18,6464
2495,普安,29,7,22,大昌-新店,2024-09-18,6464
6104,創惟,23,2,21,大昌-新店,2024-09-18,6464
3481,群創,70,49,21,大昌-新店,2024-09-18,6464
3550,聯穎,42,21,21,大昌-新店,2024-09-18,6464
00947,台新臺灣IC設計,20,0,20,大昌-新店,2024-09-18,6464
00946,群益科技高息成長,20,0,20,大昌-新店,2024-09-18,6464
3019,亞光,27,8,19,大昌-新店,2024-09-18,6464
5469,瀚宇博,20,1,19,大昌-新店,2024-09-18,6464
2425,承啟,22,4,18,大昌-新店,2024-09-18,6464
3037,欣興,20,2,18,大昌-新店,2024-09-18,6464
3189,景碩,22,4,18,大昌-新店,2024-09-18,6464
3312,弘憶股,20,2,18,大昌-新店,2024-09-18,6464
2408,南亞科,19,2,17,大昌-新店,2024-09-18,6464
9105,泰金寶-DR,17,0,17,大昌-新店,2024-09-18,6464
00795B,中信美國公債20年,21,5,16,大昌-新店,2024-09-18,6464
6108,競國,15,0,15,大昌-新店,2024-09-18,6464
3711,日月光投控,16,3,13,大昌-新店,2024-09-18,6464
2409,友達,34,21,13,大昌-新店,2024-09-18,6464
4306,炎洲,13,0,13,大昌-新店,2024-09-18,6464
9907,統一實,12,0,12,大昌-新店,2024-09-18,6464
5388,中磊,12,1,11,大昌-新店,2024-09-18,6464
8110,華東,12,1,11,大昌-新店,2024-09-18,6464
2312,金寶,46,35,11,大昌-新店,2024-09-18,6464
00687B,國泰20年美債,432,150,282,大昌-新店,2024-09-19,6464
3481,群創,281,83,198,大昌-新店,2024-09-19,6464
00688L,國泰20年美債正2,168,5,163,大昌-新店,2024-09-19,6464
00637L,元大滬深300正2,427,306,121,大昌-新店,2024-09-19,6464
00919,群益台灣精選高息,185,65,120,大昌-新店,2024-09-19,6464
00929,復華台灣科技優息,155,35,120,大昌-新店,2024-09-19,6464
00680L,元大美債20正2,118,31,87,大昌-新店,2024-09-19,6464
2399,映泰,123,59,64,大昌-新店,2024-09-19,6464
00958B,永豐ESG銀行債15,57,1,56,大昌-新店,2024-09-19,6464
2610,華航,58,10,48,大昌-新店,2024-09-19,6464
00646,元大S＆P500,40,0,40,大昌-新店,2024-09-19,6464
2891,中信金,46,7,39,大昌-新店,2024-09-19,6464
00679B,元大美債20年,147,108,39,大昌-新店,2024-09-19,6464
00857B,永豐20年美公債,34,0,34,大昌-新店,2024-09-19,6464
2317,鴻海,59,26,33,大昌-新店,2024-09-19,6464
006208,富邦台50,35,2,33,大昌-新店,2024-09-19,6464
00720B,元大投資級公司債,34,1,33,大昌-新店,2024-09-19,6464
00795B,中信美國公債20年,32,0,32,大昌-新店,2024-09-19,6464
00787B,元大10年IG醫療債,30,0,30,大昌-新店,2024-09-19,6464
2303,聯電,48,18,30,大昌-新店,2024-09-19,6464
3305,昇貿,32,3,29,大昌-新店,2024-09-19,6464
1513,中興電,28,2,26,大昌-新店,2024-09-19,6464
00713,元大台灣高息低波,22,0,22,大昌-新店,2024-09-19,6464
6116,彩晶,21,0,21,大昌-新店,2024-09-19,6464
6788,華景電,23,2,21,大昌-新店,2024-09-19,6464
1584,精剛,22,1,21,大昌-新店,2024-09-19,6464
3550,聯穎,23,3,20,大昌-新店,2024-09-19,6464
2406,國碩,20,0,20,大昌-新店,2024-09-19,6464
00915,凱基優選高股息30,21,1,20,大昌-新店,2024-09-19,6464
1727,中華化,39,20,19,大昌-新店,2024-09-19,6464
9938,百和,25,7,18,大昌-新店,2024-09-19,6464
2070,精湛,22,5,17,大昌-新店,2024-09-19,6464
2002,中鋼,21,4,17,大昌-新店,2024-09-19,6464
00891,中信關鍵半導體,18,1,17,大昌-新店,2024-09-19,6464
2022,聚亨,25,8,17,大昌-新店,2024-09-19,6464
4711,永純,16,0,16,大昌-新店,2024-09-19,6464
2501,國建,20,4,16,大昌-新店,2024-09-19,6464
00664R,國泰臺灣加權反1,45,30,15,大昌-新店,2024-09-19,6464
00931B,統一美債20年,29,14,15,大昌-新店,2024-09-19,6464
8099,大世科,14,0,14,大昌-新店,2024-09-19,6464
6288,聯嘉,21,8,13,大昌-新店,2024-09-19,6464
2409,友達,19,6,13,大昌-新店,2024-09-19,6464
2504,國產,17,5,12,大昌-新店,2024-09-19,6464
3714,富采,11,0,11,大昌-新店,2024-09-19,6464
5512,力麒,19,8,11,大昌-新店,2024-09-19,6464
2408,南亞科,11,0,11,大昌-新店,2024-09-19,6464
2349,錸德,35,25,10,大昌-新店,2024-09-19,6464
2538,基泰,10,0,10,大昌-新店,2024-09-19,6464
00948B,中信優息投資級債,10,0,10,大昌-新店,2024-09-19,6464
2836,高雄銀,10,0,10,大昌-新店,2024-09-19,6464
00637L,元大滬深300正2,237,13,224,大昌-新店,2024-09-20,6464
00918,大華優利高填息30,205,13,192,大昌-新店,2024-09-20,6464
2883,凱基金,144,38,106,大昌-新店,2024-09-20,6464
00632R,元大台灣50反1,151,50,101,大昌-新店,2024-09-20,6464
3597,映興,82,7,75,大昌-新店,2024-09-20,6464
2520,冠德,84,24,60,大昌-新店,2024-09-20,6464
1326,台化,43,1,42,大昌-新店,2024-09-20,6464
00687B,國泰20年美債,219,178,41,大昌-新店,2024-09-20,6464
00688L,國泰20年美債正2,40,0,40,大昌-新店,2024-09-20,6464
8011,台通,46,6,40,大昌-新店,2024-09-20,6464
00915,凱基優選高股息30,57,20,37,大昌-新店,2024-09-20,6464
00646,元大S＆P500,35,2,33,大昌-新店,2024-09-20,6464
6456,GIS-KY,29,1,28,大昌-新店,2024-09-20,6464
00662,富邦NASDAQ,26,0,26,大昌-新店,2024-09-20,6464
00948B,中信優息投資級債,55,30,25,大昌-新店,2024-09-20,6464
5905,南仁湖,25,0,25,大昌-新店,2024-09-20,6464
4306,炎洲,25,0,25,大昌-新店,2024-09-20,6464
1227,佳格,25,1,24,大昌-新店,2024-09-20,6464
3049,精金,79,55,24,大昌-新店,2024-09-20,6464
2889,國票金,23,0,23,大昌-新店,2024-09-20,6464
2356,英業達,32,9,23,大昌-新店,2024-09-20,6464
3664,安瑞-KY,23,0,23,大昌-新店,2024-09-20,6464
6186,新潤,22,0,22,大昌-新店,2024-09-20,6464
8150,南茂,21,0,21,大昌-新店,2024-09-20,6464
2547,日勝生,22,1,21,大昌-新店,2024-09-20,6464
4563,百德,28,7,21,大昌-新店,2024-09-20,6464
6108,競國,20,0,20,大昌-新店,2024-09-20,6464
00878,國泰永續高股息,35,16,19,大昌-新店,2024-09-20,6464
6177,達麗,20,1,19,大昌-新店,2024-09-20,6464
2062,橋椿,58,40,18,大昌-新店,2024-09-20,6464
9935,慶豐富,22,4,18,大昌-新店,2024-09-20,6464
1316,上曜,29,11,18,大昌-新店,2024-09-20,6464
00673R,期元大S＆P原油反1,18,0,18,大昌-新店,2024-09-20,6464
1808,潤隆,23,6,17,大昌-新店,2024-09-20,6464
1905,華紙,17,0,17,大昌-新店,2024-09-20,6464
3313,斐成,16,0,16,大昌-新店,2024-09-20,6464
00720B,元大投資級公司債,23,7,16,大昌-新店,2024-09-20,6464
8086,宏捷科,18,3,15,大昌-新店,2024-09-20,6464
6770,力積電,24,9,15,大昌-新店,2024-09-20,6464
1802,台玻,15,0,15,大昌-新店,2024-09-20,6464
2033,佳大,17,2,15,大昌-新店,2024-09-20,6464
00929,復華台灣科技優息,18,4,14,大昌-新店,2024-09-20,6464
2101,南港,15,1,14,大昌-新店,2024-09-20,6464
2486,一詮,14,1,13,大昌-新店,2024-09-20,6464
00795B,中信美國公債20年,13,0,13,大昌-新店,2024-09-20,6464
3380,明泰,13,0,13,大昌-新店,2024-09-20,6464
1532,勤美,15,3,12,大昌-新店,2024-09-20,6464
4510,高鋒,14,2,12,大昌-新店,2024-09-20,6464
2545,皇翔,12,0,12,大昌-新店,2024-09-20,6464
2365,昆盈,16,4,12,大昌-新店,2024-09-20,6464
00708L,期元大S＆P黃金正2,200,0,200,大昌-新店,2024-09-23,6464
00687B,國泰20年美債,190,32,158,大昌-新店,2024-09-23,6464
2399,映泰,195,40,155,大昌-新店,2024-09-23,6464
00919,群益台灣精選高息,106,12,94,大昌-新店,2024-09-23,6464
00632R,元大台灣50反1,114,30,84,大昌-新店,2024-09-23,6464
2887,台新金,76,5,71,大昌-新店,2024-09-23,6464
3049,精金,68,7,61,大昌-新店,2024-09-23,6464
4716,大立,101,46,55,大昌-新店,2024-09-23,6464
00929,復華台灣科技優息,60,6,54,大昌-新店,2024-09-23,6464
2344,華邦電,58,6,52,大昌-新店,2024-09-23,6464
1711,永光,85,37,48,大昌-新店,2024-09-23,6464
2409,友達,56,12,44,大昌-新店,2024-09-23,6464
00948B,中信優息投資級債,43,0,43,大昌-新店,2024-09-23,6464
1727,中華化,84,42,42,大昌-新店,2024-09-23,6464
2897A,王道銀甲特,39,0,39,大昌-新店,2024-09-23,6464
3576,聯合再生,40,2,38,大昌-新店,2024-09-23,6464
2347,聯強,37,0,37,大昌-新店,2024-09-23,6464
3321,同泰,30,0,30,大昌-新店,2024-09-23,6464
2352,佳世達,30,1,29,大昌-新店,2024-09-23,6464
2464,盟立,46,17,29,大昌-新店,2024-09-23,6464
2388,威盛,45,18,27,大昌-新店,2024-09-23,6464
3481,群創,59,35,24,大昌-新店,2024-09-23,6464
00878,國泰永續高股息,22,0,22,大昌-新店,2024-09-23,6464
3673,TPK-KY,25,3,22,大昌-新店,2024-09-23,6464
2515,中工,33,12,21,大昌-新店,2024-09-23,6464
6116,彩晶,21,0,21,大昌-新店,2024-09-23,6464
9907,統一實,21,0,21,大昌-新店,2024-09-23,6464
1802,台玻,21,1,20,大昌-新店,2024-09-23,6464
2101,南港,25,5,20,大昌-新店,2024-09-23,6464
00679B,元大美債20年,80,61,19,大昌-新店,2024-09-23,6464
0056,元大高股息,21,3,18,大昌-新店,2024-09-23,6464
1709,和益,33,15,18,大昌-新店,2024-09-23,6464
00795B,中信美國公債20年,18,0,18,大昌-新店,2024-09-23,6464
2889,國票金,27,9,18,大昌-新店,2024-09-23,6464
1785,光洋科,32,14,18,大昌-新店,2024-09-23,6464
2630,亞航,18,1,17,大昌-新店,2024-09-23,6464
9105,泰金寶-DR,17,0,17,大昌-新店,2024-09-23,6464
4711,永純,24,8,16,大昌-新店,2024-09-23,6464
4542,科嶠,21,5,16,大昌-新店,2024-09-23,6464
2425,承啟,33,17,16,大昌-新店,2024-09-23,6464
3588,通嘉,34,19,15,大昌-新店,2024-09-23,6464
6425,易發,17,2,15,大昌-新店,2024-09-23,6464
2867,三商壽,15,0,15,大昌-新店,2024-09-23,6464
00664R,國泰臺灣加權反1,15,0,15,大昌-新店,2024-09-23,6464
2062,橋椿,61,47,14,大昌-新店,2024-09-23,6464
1905,華紙,13,0,13,大昌-新店,2024-09-23,6464
9958,世紀鋼,26,13,13,大昌-新店,2024-09-23,6464
3374,精材,23,11,12,大昌-新店,2024-09-23,6464
2408,南亞科,25,13,12,大昌-新店,2024-09-23,6464
6108,競國,12,0,12,大昌-新店,2024-09-23,6464
00946,群益科技高息成長,103,2,101,大昌-新店,2024-09-24,6464
00687B,國泰20年美債,99,0,99,大昌-新店,2024-09-24,6464
00753L,中信中國50正2,102,7,95,大昌-新店,2024-09-24,6464
00680L,元大美債20正2,89,1,88,大昌-新店,2024-09-24,6464
00960,野村全球航運龍頭,88,2,86,大昌-新店,2024-09-24,6464
00940,元大台灣價值高息,109,27,82,大昌-新店,2024-09-24,6464
3511,矽瑪,61,1,60,大昌-新店,2024-09-24,6464
3049,精金,73,16,57,大昌-新店,2024-09-24,6464
1815,富喬,54,2,52,大昌-新店,2024-09-24,6464
2344,華邦電,52,5,47,大昌-新店,2024-09-24,6464
00646,元大S＆P500,45,0,45,大昌-新店,2024-09-24,6464
00929,復華台灣科技優息,55,13,42,大昌-新店,2024-09-24,6464
00688L,國泰20年美債正2,41,0,41,大昌-新店,2024-09-24,6464
2313,華通,50,12,38,大昌-新店,2024-09-24,6464
1711,永光,73,36,37,大昌-新店,2024-09-24,6464
6186,新潤,46,10,36,大昌-新店,2024-09-24,6464
00662,富邦NASDAQ,34,0,34,大昌-新店,2024-09-24,6464
00706L,期元大S＆P日圓正2,32,0,32,大昌-新店,2024-09-24,6464
00951,台新日本半導體,30,0,30,大昌-新店,2024-09-24,6464
3290,東浦,31,1,30,大昌-新店,2024-09-24,6464
2634,漢翔,36,6,30,大昌-新店,2024-09-24,6464
9103,美德醫療-DR,28,0,28,大昌-新店,2024-09-24,6464
2399,映泰,96,68,28,大昌-新店,2024-09-24,6464
2356,英業達,31,6,25,大昌-新店,2024-09-24,6464
1201,味全,24,0,24,大昌-新店,2024-09-24,6464
00937B,群益ESG投等債20,55,31,24,大昌-新店,2024-09-24,6464
2888,新光金,86,62,24,大昌-新店,2024-09-24,6464
2337,旺宏,49,25,24,大昌-新店,2024-09-24,6464
2547,日勝生,29,6,23,大昌-新店,2024-09-24,6464
3167,大量,38,15,23,大昌-新店,2024-09-24,6464
00919,群益台灣精選高息,40,18,22,大昌-新店,2024-09-24,6464
5371,中光電,29,8,21,大昌-新店,2024-09-24,6464
00958B,永豐ESG銀行債15,21,0,21,大昌-新店,2024-09-24,6464
00948B,中信優息投資級債,24,3,21,大昌-新店,2024-09-24,6464
8112,至上,20,0,20,大昌-新店,2024-09-24,6464
2312,金寶,31,11,20,大昌-新店,2024-09-24,6464
3013,晟銘電,47,27,20,大昌-新店,2024-09-24,6464
8021,尖點,20,0,20,大昌-新店,2024-09-24,6464
2388,威盛,36,17,19,大昌-新店,2024-09-24,6464
2464,盟立,32,13,19,大昌-新店,2024-09-24,6464
2027,大成鋼,19,3,16,大昌-新店,2024-09-24,6464
00857B,永豐20年美公債,16,0,16,大昌-新店,2024-09-24,6464
5608,四維航,17,2,15,大昌-新店,2024-09-24,6464
2633,台灣高鐵,17,2,15,大昌-新店,2024-09-24,6464
8032,光菱,17,3,14,大昌-新店,2024-09-24,6464
1513,中興電,19,5,14,大昌-新店,2024-09-24,6464
4729,熒茂,21,7,14,大昌-新店,2024-09-24,6464
4716,大立,37,23,14,大昌-新店,2024-09-24,6464
0056,元大高股息,14,0,14,大昌-新店,2024-09-24,6464
6485,點序,13,0,13,大昌-新店,2024-09-24,6464
3481,群創,279,36,243,大昌-新店,2024-09-25,6464
00753L,中信中國50正2,162,30,132,大昌-新店,2024-09-25,6464
00679B,元大美債20年,148,17,131,大昌-新店,2024-09-25,6464
00957B,兆豐US優選投等債,100,0,100,大昌-新店,2024-09-25,6464
00687B,國泰20年美債,101,10,91,大昌-新店,2024-09-25,6464
2543,皇昌,104,43,61,大昌-新店,2024-09-25,6464
00878,國泰永續高股息,68,13,55,大昌-新店,2024-09-25,6464
2888,新光金,68,22,46,大昌-新店,2024-09-25,6464
1524,耿鼎,48,5,43,大昌-新店,2024-09-25,6464
006206,元大上證50,33,0,33,大昌-新店,2024-09-25,6464
3047,訊舟,80,49,31,大昌-新店,2024-09-25,6464
1569,濱川,35,5,30,大昌-新店,2024-09-25,6464
00650L,復華香港正2,30,0,30,大昌-新店,2024-09-25,6464
1711,永光,62,32,30,大昌-新店,2024-09-25,6464
00638R,元大滬深300反1,30,0,30,大昌-新店,2024-09-25,6464
3062,建漢,31,3,28,大昌-新店,2024-09-25,6464
3141,晶宏,33,6,27,大昌-新店,2024-09-25,6464
8021,尖點,28,2,26,大昌-新店,2024-09-25,6464
5213,亞昕,28,4,24,大昌-新店,2024-09-25,6464
2836,高雄銀,28,5,23,大昌-新店,2024-09-25,6464
1905,華紙,28,8,20,大昌-新店,2024-09-25,6464
1709,和益,19,0,19,大昌-新店,2024-09-25,6464
2009,第一銅,19,1,18,大昌-新店,2024-09-25,6464
8070,長華*,41,24,17,大昌-新店,2024-09-25,6464
3105,穩懋,19,2,17,大昌-新店,2024-09-25,6464
3550,聯穎,39,22,17,大昌-新店,2024-09-25,6464
3622,洋華,22,6,16,大昌-新店,2024-09-25,6464
3511,矽瑪,15,0,15,大昌-新店,2024-09-25,6464
00662,富邦NASDAQ,15,0,15,大昌-新店,2024-09-25,6464
00646,元大S＆P500,15,0,15,大昌-新店,2024-09-25,6464
3048,益登,15,0,15,大昌-新店,2024-09-25,6464
2425,承啟,44,29,15,大昌-新店,2024-09-25,6464
8076,伍豐,25,10,15,大昌-新店,2024-09-25,6464
2401,凌陽,18,3,15,大昌-新店,2024-09-25,6464
3680,家登,17,2,15,大昌-新店,2024-09-25,6464
2867,三商壽,24,11,13,大昌-新店,2024-09-25,6464
00857B,永豐20年美公債,13,0,13,大昌-新店,2024-09-25,6464
8147,正淩,14,2,12,大昌-新店,2024-09-25,6464
2891,中信金,73,61,12,大昌-新店,2024-09-25,6464
1808,潤隆,15,4,11,大昌-新店,2024-09-25,6464
4526,東台,15,4,11,大昌-新店,2024-09-25,6464
2634,漢翔,12,1,11,大昌-新店,2024-09-25,6464
8046,南電,11,0,11,大昌-新店,2024-09-25,6464
2851,中再保,10,0,10,大昌-新店,2024-09-25,6464
2388,威盛,18,8,10,大昌-新店,2024-09-25,6464
9958,世紀鋼,15,5,10,大昌-新店,2024-09-25,6464
3234,光環,10,0,10,大昌-新店,2024-09-25,6464
3380,明泰,10,0,10,大昌-新店,2024-09-25,6464
9902,台火,10,0,10,大昌-新店,2024-09-25,6464
1310,台苯,10,0,10,大昌-新店,2024-09-25,6464
00687B,國泰20年美債,367,5,362,大昌-新店,2024-09-26,6464
00736,國泰新興市場,230,0,230,大昌-新店,2024-09-26,6464
00632R,元大台灣50反1,245,25,220,大昌-新店,2024-09-26,6464
00960,野村全球航運龍頭,189,5,184,大昌-新店,2024-09-26,6464
00679B,元大美債20年,248,90,158,大昌-新店,2024-09-26,6464
00957B,兆豐US優選投等債,122,0,122,大昌-新店,2024-09-26,6464
1301,台塑,119,0,119,大昌-新店,2024-09-26,6464
00937B,群益ESG投等債20,141,49,92,大昌-新店,2024-09-26,6464
2883,凱基金,100,16,84,大昌-新店,2024-09-26,6464
6834,天二科技,64,1,63,大昌-新店,2024-09-26,6464
006208,富邦台50,61,1,60,大昌-新店,2024-09-26,6464
1711,永光,79,19,60,大昌-新店,2024-09-26,6464
2888,新光金,107,47,60,大昌-新店,2024-09-26,6464
00942B,台新美A公司債20+,52,0,52,大昌-新店,2024-09-26,6464
00715L,期街口布蘭特正2,48,0,48,大昌-新店,2024-09-26,6464
2356,英業達,60,12,48,大昌-新店,2024-09-26,6464
6548,長科*,51,7,44,大昌-新店,2024-09-26,6464
2408,南亞科,51,9,42,大昌-新店,2024-09-26,6464
1611,中電,40,0,40,大昌-新店,2024-09-26,6464
00751B,元大AAA至A公司債,40,0,40,大昌-新店,2024-09-26,6464
3019,亞光,59,21,38,大昌-新店,2024-09-26,6464
2313,華通,41,7,34,大昌-新店,2024-09-26,6464
1808,潤隆,39,7,32,大昌-新店,2024-09-26,6464
00878,國泰永續高股息,66,34,32,大昌-新店,2024-09-26,6464
00857B,永豐20年美公債,25,0,25,大昌-新店,2024-09-26,6464
3062,建漢,32,8,24,大昌-新店,2024-09-26,6464
00918,大華優利高填息30,25,1,24,大昌-新店,2024-09-26,6464
1314,中石化,24,1,23,大昌-新店,2024-09-26,6464
4306,炎洲,24,1,23,大昌-新店,2024-09-26,6464
2611,志信,23,1,22,大昌-新店,2024-09-26,6464
2312,金寶,43,21,22,大昌-新店,2024-09-26,6464
3673,TPK-KY,46,25,21,大昌-新店,2024-09-26,6464
2367,燿華,29,8,21,大昌-新店,2024-09-26,6464
6279,胡連,21,0,21,大昌-新店,2024-09-26,6464
2399,映泰,34,13,21,大昌-新店,2024-09-26,6464
00951,台新日本半導體,20,0,20,大昌-新店,2024-09-26,6464
6104,創惟,46,26,20,大昌-新店,2024-09-26,6464
2542,興富發,22,2,20,大昌-新店,2024-09-26,6464
8358,金居,19,0,19,大昌-新店,2024-09-26,6464
1524,耿鼎,22,3,19,大昌-新店,2024-09-26,6464
6506,雙邦,24,5,19,大昌-新店,2024-09-26,6464
3550,聯穎,27,12,15,大昌-新店,2024-09-26,6464
00670L,富邦NASDAQ正2,15,0,15,大昌-新店,2024-09-26,6464
00931B,統一美債20年,15,0,15,大昌-新店,2024-09-26,6464
6531,愛普*,20,5,15,大昌-新店,2024-09-26,6464
3605,宏致,30,15,15,大昌-新店,2024-09-26,6464
6191,精成科,32,17,15,大昌-新店,2024-09-26,6464
00933B,國泰10Y+金融債,16,2,14,大昌-新店,2024-09-26,6464
1513,中興電,23,9,14,大昌-新店,2024-09-26,6464
00948B,中信優息投資級債,13,0,13,大昌-新店,2024-09-26,6464
00665L,富邦�琤肭磪囓�2,307,41,266,大昌-新店,2024-09-27,6464
00725B,國泰投資級公司債,171,0,171,大昌-新店,2024-09-27,6464
00679B,元大美債20年,215,83,132,大昌-新店,2024-09-27,6464
00680L,元大美債20正2,108,2,106,大昌-新店,2024-09-27,6464
00687B,國泰20年美債,187,87,100,大昌-新店,2024-09-27,6464
00753L,中信中國50正2,551,464,87,大昌-新店,2024-09-27,6464
00632R,元大台灣50反1,279,206,73,大昌-新店,2024-09-27,6464
00736,國泰新興市場,70,0,70,大昌-新店,2024-09-27,6464
2891,中信金,73,9,64,大昌-新店,2024-09-27,6464
00638R,元大滬深300反1,70,10,60,大昌-新店,2024-09-27,6464
00715L,期街口布蘭特正2,65,8,57,大昌-新店,2024-09-27,6464
2882,國泰金,78,23,55,大昌-新店,2024-09-27,6464
00706L,期元大S＆P日圓正2,40,0,40,大昌-新店,2024-09-27,6464
00960,野村全球航運龍頭,40,14,26,大昌-新店,2024-09-27,6464
00933B,國泰10Y+金融債,29,3,26,大昌-新店,2024-09-27,6464
2388,威盛,40,14,26,大昌-新店,2024-09-27,6464
00949,復華日本龍頭,33,10,23,大昌-新店,2024-09-27,6464
00712,復華富時不動產,23,0,23,大昌-新店,2024-09-27,6464
00937B,群益ESG投等債20,131,108,23,大昌-新店,2024-09-27,6464
1522,堤維西,23,1,22,大昌-新店,2024-09-27,6464
00857B,永豐20年美公債,22,0,22,大昌-新店,2024-09-27,6464
00688L,國泰20年美債正2,22,0,22,大昌-新店,2024-09-27,6464
6188,廣明,33,11,22,大昌-新店,2024-09-27,6464
3033,威健,27,6,21,大昌-新店,2024-09-27,6464
3583,辛耘,23,2,21,大昌-新店,2024-09-27,6464
2023,燁輝,53,32,21,大昌-新店,2024-09-27,6464
1709,和益,24,3,21,大昌-新店,2024-09-27,6464
6185,幃翔,20,0,20,大昌-新店,2024-09-27,6464
00885,富邦越南,20,0,20,大昌-新店,2024-09-27,6464
2406,國碩,20,0,20,大昌-新店,2024-09-27,6464
2886,兆豐金,28,8,20,大昌-新店,2024-09-27,6464
6573,虹揚-KY,20,1,19,大昌-新店,2024-09-27,6464
006208,富邦台50,22,4,18,大昌-新店,2024-09-27,6464
00942B,台新美A公司債20+,18,0,18,大昌-新店,2024-09-27,6464
4931,新盛力,18,0,18,大昌-新店,2024-09-27,6464
2615,萬海,132,115,17,大昌-新店,2024-09-27,6464
6243,迅杰,18,2,16,大昌-新店,2024-09-27,6464
3605,宏致,24,8,16,大昌-新店,2024-09-27,6464
4979,華星光,56,40,16,大昌-新店,2024-09-27,6464
3450,聯鈞,22,6,16,大昌-新店,2024-09-27,6464
1584,精剛,26,11,15,大昌-新店,2024-09-27,6464
8110,華東,20,5,15,大昌-新店,2024-09-27,6464
3363,上詮,27,13,14,大昌-新店,2024-09-27,6464
4729,熒茂,27,13,14,大昌-新店,2024-09-27,6464
2027,大成鋼,26,12,14,大昌-新店,2024-09-27,6464
8064,東捷,13,0,13,大昌-新店,2024-09-27,6464
2344,華邦電,39,26,13,大昌-新店,2024-09-27,6464
2889,國票金,20,7,13,大昌-新店,2024-09-27,6464
2313,華通,15,3,12,大昌-新店,2024-09-27,6464
1524,耿鼎,26,14,12,大昌-新店,2024-09-27,6464
00919,群益台灣精選高息,382,32,350,大昌-新店,2024-09-30,6464
2515,中工,156,6,150,大昌-新店,2024-09-30,6464
00918,大華優利高填息30,139,2,137,大昌-新店,2024-09-30,6464
00931B,統一美債20年,108,0,108,大昌-新店,2024-09-30,6464
00929,復華台灣科技優息,136,62,74,大昌-新店,2024-09-30,6464
2204,中華,66,1,65,大昌-新店,2024-09-30,6464
00940,元大台灣價值高息,184,121,63,大昌-新店,2024-09-30,6464
2330,台積電,76,13,63,大昌-新店,2024-09-30,6464
2349,錸德,65,5,60,大昌-新店,2024-09-30,6464
00679B,元大美債20年,73,15,58,大昌-新店,2024-09-30,6464
00638R,元大滬深300反1,65,10,55,大昌-新店,2024-09-30,6464
00680L,元大美債20正2,52,2,50,大昌-新店,2024-09-30,6464
2313,華通,81,34,47,大昌-新店,2024-09-30,6464
00878,國泰永續高股息,57,23,34,大昌-新店,2024-09-30,6464
2609,陽明,107,79,28,大昌-新店,2024-09-30,6464
00688L,國泰20年美債正2,28,0,28,大昌-新店,2024-09-30,6464
2027,大成鋼,33,5,28,大昌-新店,2024-09-30,6464
00960,野村全球航運龍頭,43,15,28,大昌-新店,2024-09-30,6464
0056,元大高股息,33,6,27,大昌-新店,2024-09-30,6464
2615,萬海,118,91,27,大昌-新店,2024-09-30,6464
3231,緯創,27,2,25,大昌-新店,2024-09-30,6464
5508,永信建,25,0,25,大昌-新店,2024-09-30,6464
1326,台化,32,9,23,大昌-新店,2024-09-30,6464
00935,野村臺灣新科技50,22,0,22,大昌-新店,2024-09-30,6464
00725B,國泰投資級公司債,22,0,22,大昌-新店,2024-09-30,6464
2486,一詮,45,23,22,大昌-新店,2024-09-30,6464
2353,宏��,21,1,20,大昌-新店,2024-09-30,6464
00671R,富邦NASDAQ反1,20,0,20,大昌-新店,2024-09-30,6464
2610,華航,27,8,19,大昌-新店,2024-09-30,6464
3305,昇貿,24,5,19,大昌-新店,2024-09-30,6464
00700,富邦�琤肭磪�,21,3,18,大昌-新店,2024-09-30,6464
9938,百和,32,14,18,大昌-新店,2024-09-30,6464
00939,統一台灣高息動能,36,20,16,大昌-新店,2024-09-30,6464
8150,南茂,20,4,16,大昌-新店,2024-09-30,6464
6506,雙邦,21,5,16,大昌-新店,2024-09-30,6464
00952,凱基台灣AI50,16,0,16,大昌-新店,2024-09-30,6464
2601,益航,26,10,16,大昌-新店,2024-09-30,6464
1515,力山,17,1,16,大昌-新店,2024-09-30,6464
8071,能率網通,15,0,15,大昌-新店,2024-09-30,6464
2303,聯電,17,2,15,大昌-新店,2024-09-30,6464
1537,廣隆,15,0,15,大昌-新店,2024-09-30,6464
2382,廣達,40,25,15,大昌-新店,2024-09-30,6464
2344,華邦電,26,11,15,大昌-新店,2024-09-30,6464
2347,聯強,16,2,14,大昌-新店,2024-09-30,6464
5014,建錩,22,8,14,大昌-新店,2024-09-30,6464
2603,長榮,39,25,14,大昌-新店,2024-09-30,6464
2605,新興,36,22,14,大昌-新店,2024-09-30,6464
3711,日月光投控,16,3,13,大昌-新店,2024-09-30,6464
2891,中信金,15,2,13,大昌-新店,2024-09-30,6464
2616,山隆,16,3,13,大昌-新店,2024-09-30,6464
3481,群創,350,9,341,大昌-新店,2024-10-01,6464
2605,新興,323,17,306,大昌-新店,2024-10-01,6464
1808,潤隆,180,15,165,大昌-新店,2024-10-01,6464
2891,中信金,153,15,138,大昌-新店,2024-10-01,6464
00753L,中信中國50正2,135,7,128,大昌-新店,2024-10-01,6464
00650L,復華香港正2,123,5,118,大昌-新店,2024-10-01,6464
00665L,富邦�琤肭磪囓�2,176,59,117,大昌-新店,2024-10-01,6464
00929,復華台灣科技優息,113,9,104,大昌-新店,2024-10-01,6464
00688L,國泰20年美債正2,100,0,100,大昌-新店,2024-10-01,6464
00948B,中信優息投資級債,85,0,85,大昌-新店,2024-10-01,6464
2014,中鴻,137,55,82,大昌-新店,2024-10-01,6464
00937B,群益ESG投等債20,81,1,80,大昌-新店,2024-10-01,6464
0056,元大高股息,60,5,55,大昌-新店,2024-10-01,6464
2883,凱基金,67,15,52,大昌-新店,2024-10-01,6464
00720B,元大投資級公司債,50,1,49,大昌-新店,2024-10-01,6464
00632R,元大台灣50反1,100,52,48,大昌-新店,2024-10-01,6464
00940,元大台灣價值高息,57,10,47,大昌-新店,2024-10-01,6464
2317,鴻海,56,9,47,大昌-新店,2024-10-01,6464
00919,群益台灣精選高息,45,4,41,大昌-新店,2024-10-01,6464
00878,國泰永續高股息,40,0,40,大昌-新店,2024-10-01,6464
4306,炎洲,34,0,34,大昌-新店,2024-10-01,6464
2489,瑞軒,36,3,33,大昌-新店,2024-10-01,6464
3013,晟銘電,38,6,32,大昌-新店,2024-10-01,6464
6142,友勁,30,0,30,大昌-新店,2024-10-01,6464
3511,矽瑪,34,5,29,大昌-新店,2024-10-01,6464
2356,英業達,43,15,28,大昌-新店,2024-10-01,6464
2204,中華,25,0,25,大昌-新店,2024-10-01,6464
3710,連展投控,24,0,24,大昌-新店,2024-10-01,6464
00915,凱基優選高股息30,24,1,23,大昌-新店,2024-10-01,6464
00887,永豐中國科技50大,30,7,23,大昌-新店,2024-10-01,6464
2330,台積電,34,12,22,大昌-新店,2024-10-01,6464
2420,新巨,23,2,21,大昌-新店,2024-10-01,6464
2455,全新,28,7,21,大昌-新店,2024-10-01,6464
1717,長興,22,2,20,大昌-新店,2024-10-01,6464
5371,中光電,20,0,20,大昌-新店,2024-10-01,6464
00918,大華優利高填息30,19,2,17,大昌-新店,2024-10-01,6464
5907,大洋-KY,30,13,17,大昌-新店,2024-10-01,6464
00687B,國泰20年美債,31,14,17,大昌-新店,2024-10-01,6464
2449,京元電子,43,26,17,大昌-新店,2024-10-01,6464
2486,一詮,20,3,17,大昌-新店,2024-10-01,6464
6770,力積電,25,8,17,大昌-新店,2024-10-01,6464
2520,冠德,22,6,16,大昌-新店,2024-10-01,6464
00946,群益科技高息成長,16,0,16,大昌-新店,2024-10-01,6464
2408,南亞科,16,0,16,大昌-新店,2024-10-01,6464
3062,建漢,19,3,16,大昌-新店,2024-10-01,6464
1711,永光,30,14,16,大昌-新店,2024-10-01,6464
2344,華邦電,22,7,15,大昌-新店,2024-10-01,6464
3694,海華,17,2,15,大昌-新店,2024-10-01,6464
3037,欣興,15,1,14,大昌-新店,2024-10-01,6464
3231,緯創,15,1,14,大昌-新店,2024-10-01,6464
00665L,富邦�琤肭磪囓�2,1100,342,758,大昌-新店,2024-10-04,6464
00940,元大台灣價值高息,692,67,625,大昌-新店,2024-10-04,6464
2845,遠東銀,102,0,102,大昌-新店,2024-10-04,6464
00688L,國泰20年美債正2,87,0,87,大昌-新店,2024-10-04,6464
0056,元大高股息,94,7,87,大昌-新店,2024-10-04,6464
00929,復華台灣科技優息,140,62,78,大昌-新店,2024-10-04,6464
2610,華航,76,7,69,大昌-新店,2024-10-04,6464
00918,大華優利高填息30,73,5,68,大昌-新店,2024-10-04,6464
6142,友勁,66,0,66,大昌-新店,2024-10-04,6464
00878,國泰永續高股息,67,2,65,大昌-新店,2024-10-04,6464
2891,中信金,92,27,65,大昌-新店,2024-10-04,6464
00679B,元大美債20年,80,16,64,大昌-新店,2024-10-04,6464
9105,泰金寶-DR,60,0,60,大昌-新店,2024-10-04,6464
2603,長榮,67,7,60,大昌-新店,2024-10-04,6464
2609,陽明,106,47,59,大昌-新店,2024-10-04,6464
2867,三商壽,56,4,52,大昌-新店,2024-10-04,6464
6203,海韻電,51,0,51,大昌-新店,2024-10-04,6464
2303,聯電,70,19,51,大昌-新店,2024-10-04,6464
00671R,富邦NASDAQ反1,50,0,50,大昌-新店,2024-10-04,6464
3710,連展投控,50,2,48,大昌-新店,2024-10-04,6464
00922,國泰台灣領袖50,46,0,46,大昌-新店,2024-10-04,6464
00638R,元大滬深300反1,50,5,45,大昌-新店,2024-10-04,6464
2618,長榮航,97,58,39,大昌-新店,2024-10-04,6464
2014,中鴻,42,5,37,大昌-新店,2024-10-04,6464
3033,威健,41,6,35,大昌-新店,2024-10-04,6464
00960,野村全球航運龍頭,74,42,32,大昌-新店,2024-10-04,6464
2353,宏��,29,0,29,大昌-新店,2024-10-04,6464
2884,玉山金,34,5,29,大昌-新店,2024-10-04,6464
5014,建錩,50,22,28,大昌-新店,2024-10-04,6464
6438,迅得,32,4,28,大昌-新店,2024-10-04,6464
2882,國泰金,29,4,25,大昌-新店,2024-10-04,6464
2486,一詮,53,29,24,大昌-新店,2024-10-04,6464
00673R,期元大S＆P原油反1,37,15,22,大昌-新店,2024-10-04,6464
3163,波若威,40,18,22,大昌-新店,2024-10-04,6464
3522,御嵿,21,0,21,大昌-新店,2024-10-04,6464
9921,巨大,21,0,21,大昌-新店,2024-10-04,6464
1513,中興電,37,16,21,大昌-新店,2024-10-04,6464
2383,台光電,24,3,21,大昌-新店,2024-10-04,6464
2308,台達電,20,0,20,大昌-新店,2024-10-04,6464
1303,南亞,29,9,20,大昌-新店,2024-10-04,6464
2382,廣達,55,35,20,大昌-新店,2024-10-04,6464
6188,廣明,27,7,20,大昌-新店,2024-10-04,6464
00902,中信電池及儲能,21,1,20,大昌-新店,2024-10-04,6464
00795B,中信美國公債20年,20,0,20,大昌-新店,2024-10-04,6464
2613,中櫃,25,6,19,大昌-新店,2024-10-04,6464
6757,台灣虎航,18,0,18,大昌-新店,2024-10-04,6464
6163,華電網,20,2,18,大昌-新店,2024-10-04,6464
2601,益航,37,20,17,大昌-新店,2024-10-04,6464
1802,台玻,25,8,17,大昌-新店,2024-10-04,6464
00943,兆豐電子高息等權,16,0,16,大昌-新店,2024-10-04,6464
00882,中信中國高股息,1471,230,1241,大昌-新店,2024-10-07,6464
00680L,元大美債20正2,565,0,565,大昌-新店,2024-10-07,6464
2605,新興,328,2,326,大昌-新店,2024-10-07,6464
00664R,國泰臺灣加權反1,218,0,218,大昌-新店,2024-10-07,6464
3710,連展投控,203,1,202,大昌-新店,2024-10-07,6464
00712,復華富時不動產,195,0,195,大昌-新店,2024-10-07,6464
00655L,國泰中國A50正2,147,11,136,大昌-新店,2024-10-07,6464
00665L,富邦�琤肭磪囓�2,129,16,113,大昌-新店,2024-10-07,6464
00931B,統一美債20年,109,0,109,大昌-新店,2024-10-07,6464
00919,群益台灣精選高息,119,36,83,大昌-新店,2024-10-07,6464
00637L,元大滬深300正2,161,81,80,大昌-新店,2024-10-07,6464
3499,環天科,81,1,80,大昌-新店,2024-10-07,6464
2353,宏��,80,14,66,大昌-新店,2024-10-07,6464
2486,一詮,99,34,65,大昌-新店,2024-10-07,6464
2317,鴻海,94,36,58,大昌-新店,2024-10-07,6464
00864B,中信美國公債0-1,53,0,53,大昌-新店,2024-10-07,6464
00830,國泰費城半導體,77,31,46,大昌-新店,2024-10-07,6464
2609,陽明,75,30,45,大昌-新店,2024-10-07,6464
00662,富邦NASDAQ,43,0,43,大昌-新店,2024-10-07,6464
1702,南僑,44,1,43,大昌-新店,2024-10-07,6464
00646,元大S＆P500,42,0,42,大昌-新店,2024-10-07,6464
00719B,元大美債1-3,40,0,40,大昌-新店,2024-10-07,6464
00937B,群益ESG投等債20,45,9,36,大昌-新店,2024-10-07,6464
2929,淘帝-KY,78,45,33,大昌-新店,2024-10-07,6464
8404,百和興業-KY,45,14,31,大昌-新店,2024-10-07,6464
6548,長科*,30,0,30,大昌-新店,2024-10-07,6464
2402,毅嘉,40,10,30,大昌-新店,2024-10-07,6464
2887,台新金,31,1,30,大昌-新店,2024-10-07,6464
2356,英業達,64,35,29,大昌-新店,2024-10-07,6464
00725B,國泰投資級公司債,28,0,28,大昌-新店,2024-10-07,6464
2313,華通,73,46,27,大昌-新店,2024-10-07,6464
2515,中工,76,49,27,大昌-新店,2024-10-07,6464
6505,台塑化,51,25,26,大昌-新店,2024-10-07,6464
2892,第一金,31,5,26,大昌-新店,2024-10-07,6464
00642U,期元大S＆P石油,31,6,25,大昌-新店,2024-10-07,6464
00940,元大台灣價值高息,104,79,25,大昌-新店,2024-10-07,6464
2303,聯電,31,8,23,大昌-新店,2024-10-07,6464
00960,野村全球航運龍頭,22,0,22,大昌-新店,2024-10-07,6464
2408,南亞科,23,1,22,大昌-新店,2024-10-07,6464
1316,上曜,22,0,22,大昌-新店,2024-10-07,6464
00651R,復華香港反1,22,0,22,大昌-新店,2024-10-07,6464
2834,臺企銀,22,1,21,大昌-新店,2024-10-07,6464
8111,立��,66,46,20,大昌-新店,2024-10-07,6464
2641,正德,22,2,20,大昌-新店,2024-10-07,6464
2007,燁興,20,0,20,大昌-新店,2024-10-07,6464
2836,高雄銀,20,0,20,大昌-新店,2024-10-07,6464
5410,國眾,20,0,20,大昌-新店,2024-10-07,6464
2615,萬海,44,24,20,大昌-新店,2024-10-07,6464
3481,群創,49,29,20,大昌-新店,2024-10-07,6464
2455,全新,20,1,19,大昌-新店,2024-10-07,6464
3481,群創,370,21,349,大昌-新店,2024-10-08,6464
00940,元大台灣價值高息,339,55,284,大昌-新店,2024-10-08,6464
2887,台新金,125,5,120,大昌-新店,2024-10-08,6464
1314,中石化,129,18,111,大昌-新店,2024-10-08,6464
00922,國泰台灣領袖50,112,10,102,大昌-新店,2024-10-08,6464
5443,均豪,135,39,96,大昌-新店,2024-10-08,6464
00637L,元大滬深300正2,367,273,94,大昌-新店,2024-10-08,6464
3049,精金,107,17,90,大昌-新店,2024-10-08,6464
00937B,群益ESG投等債20,161,80,81,大昌-新店,2024-10-08,6464
00687B,國泰20年美債,162,82,80,大昌-新店,2024-10-08,6464
3710,連展投控,88,9,79,大昌-新店,2024-10-08,6464
0056,元大高股息,77,4,73,大昌-新店,2024-10-08,6464
2883,凱基金,91,21,70,大昌-新店,2024-10-08,6464
00664R,國泰臺灣加權反1,64,0,64,大昌-新店,2024-10-08,6464
00907,永豐優息存股,65,2,63,大昌-新店,2024-10-08,6464
00919,群益台灣精選高息,111,50,61,大昌-新店,2024-10-08,6464
1201,味全,53,0,53,大昌-新店,2024-10-08,6464
00934,中信成長高股息,60,8,52,大昌-新店,2024-10-08,6464
00878,國泰永續高股息,49,1,48,大昌-新店,2024-10-08,6464
00830,國泰費城半導體,75,30,45,大昌-新店,2024-10-08,6464
8404,百和興業-KY,44,1,43,大昌-新店,2024-10-08,6464
3522,御嵿,40,0,40,大昌-新店,2024-10-08,6464
00650L,復華香港正2,84,44,40,大昌-新店,2024-10-08,6464
00680L,元大美債20正2,39,0,39,大昌-新店,2024-10-08,6464
1802,台玻,40,1,39,大昌-新店,2024-10-08,6464
2317,鴻海,81,45,36,大昌-新店,2024-10-08,6464
2399,映泰,132,97,35,大昌-新店,2024-10-08,6464
2316,楠梓電,42,8,34,大昌-新店,2024-10-08,6464
6134,萬旭,41,10,31,大昌-新店,2024-10-08,6464
00948B,中信優息投資級債,31,0,31,大昌-新店,2024-10-08,6464
8937,合騏,31,1,30,大昌-新店,2024-10-08,6464
00648R,元大S＆P500反1,30,0,30,大昌-新店,2024-10-08,6464
4306,炎洲,30,0,30,大昌-新店,2024-10-08,6464
00929,復華台灣科技優息,98,70,28,大昌-新店,2024-10-08,6464
2498,宏達電,40,12,28,大昌-新店,2024-10-08,6464
2605,新興,30,4,26,大昌-新店,2024-10-08,6464
2425,承啟,82,56,26,大昌-新店,2024-10-08,6464
00652,富邦印度,26,0,26,大昌-新店,2024-10-08,6464
2409,友達,31,5,26,大昌-新店,2024-10-08,6464
00673R,期元大S＆P原油反1,27,4,23,大昌-新店,2024-10-08,6464
2356,英業達,33,10,23,大昌-新店,2024-10-08,6464
6026,福邦證,22,0,22,大昌-新店,2024-10-08,6464
3576,聯合再生,21,0,21,大昌-新店,2024-10-08,6464
2023,燁輝,23,2,21,大昌-新店,2024-10-08,6464
1711,永光,35,14,21,大昌-新店,2024-10-08,6464
00933B,國泰10Y+金融債,26,5,21,大昌-新店,2024-10-08,6464
4542,科嶠,25,4,21,大昌-新店,2024-10-08,6464
00725B,國泰投資級公司債,23,3,20,大昌-新店,2024-10-08,6464
00951,台新日本半導體,20,0,20,大昌-新店,2024-10-08,6464
6530,創威,62,43,19,大昌-新店,2024-10-08,6464
00882,中信中國高股息,516,34,482,大昌-新店,2024-10-09,6464
00665L,富邦�琤肭磪囓�2,332,48,284,大昌-新店,2024-10-09,6464
00680L,元大美債20正2,222,65,157,大昌-新店,2024-10-09,6464
00637L,元大滬深300正2,288,134,154,大昌-新店,2024-10-09,6464
00725B,國泰投資級公司債,110,0,110,大昌-新店,2024-10-09,6464
00655L,國泰中國A50正2,110,7,103,大昌-新店,2024-10-09,6464
00679B,元大美債20年,112,20,92,大昌-新店,2024-10-09,6464
00688L,國泰20年美債正2,142,59,83,大昌-新店,2024-10-09,6464
1326,台化,77,3,74,大昌-新店,2024-10-09,6464
00687B,國泰20年美債,73,13,60,大昌-新店,2024-10-09,6464
2102,泰豐,60,0,60,大昌-新店,2024-10-09,6464
1314,中石化,94,38,56,大昌-新店,2024-10-09,6464
00900,富邦特選高股息30,53,0,53,大昌-新店,2024-10-09,6464
2883,凱基金,87,38,49,大昌-新店,2024-10-09,6464
2609,陽明,54,9,45,大昌-新店,2024-10-09,6464
00636,國泰中國A50,45,0,45,大昌-新店,2024-10-09,6464
00633L,富邦上証正2,60,15,45,大昌-新店,2024-10-09,6464
00830,國泰費城半導體,45,1,44,大昌-新店,2024-10-09,6464
2888,新光金,54,14,40,大昌-新店,2024-10-09,6464
00907,永豐優息存股,39,0,39,大昌-新店,2024-10-09,6464
2603,長榮,41,2,39,大昌-新店,2024-10-09,6464
2367,燿華,37,2,35,大昌-新店,2024-10-09,6464
4977,眾達-KY,65,31,34,大昌-新店,2024-10-09,6464
2408,南亞科,39,6,33,大昌-新店,2024-10-09,6464
00915,凱基優選高股息30,32,0,32,大昌-新店,2024-10-09,6464
3049,精金,57,25,32,大昌-新店,2024-10-09,6464
4716,大立,33,2,31,大昌-新店,2024-10-09,6464
2903,遠百,30,0,30,大昌-新店,2024-10-09,6464
2601,益航,57,27,30,大昌-新店,2024-10-09,6464
2002,中鋼,49,20,29,大昌-新店,2024-10-09,6464
8028,昇陽半導體,50,22,28,大昌-新店,2024-10-09,6464
9105,泰金寶-DR,30,6,24,大昌-新店,2024-10-09,6464
3522,御嵿,23,0,23,大昌-新店,2024-10-09,6464
5452,佶優,22,0,22,大昌-新店,2024-10-09,6464
2344,華邦電,23,2,21,大昌-新店,2024-10-09,6464
2399,映泰,65,44,21,大昌-新店,2024-10-09,6464
3260,威剛,23,2,21,大昌-新店,2024-10-09,6464
2641,正德,20,0,20,大昌-新店,2024-10-09,6464
00943,兆豐電子高息等權,20,0,20,大昌-新店,2024-10-09,6464
1708,東鹼,19,0,19,大昌-新店,2024-10-09,6464
2486,一詮,43,24,19,大昌-新店,2024-10-09,6464
00662,富邦NASDAQ,20,1,19,大昌-新店,2024-10-09,6464
2929,淘帝-KY,35,17,18,大昌-新店,2024-10-09,6464
3025,星通,46,28,18,大昌-新店,2024-10-09,6464
2890,永豐金,18,1,17,大昌-新店,2024-10-09,6464
6126,信音,24,7,17,大昌-新店,2024-10-09,6464
6270,倍微,17,0,17,大昌-新店,2024-10-09,6464
00643,群益深証中小,16,0,16,大昌-新店,2024-10-09,6464
8358,金居,17,1,16,大昌-新店,2024-10-09,6464
2313,華通,33,17,16,大昌-新店,2024-10-09,6464
00637L,元大滬深300正2,908,355,553,大昌-新店,2024-10-11,6464
2303,聯電,364,34,330,大昌-新店,2024-10-11,6464
00753L,中信中國50正2,273,77,196,大昌-新店,2024-10-11,6464
00679B,元大美債20年,201,32,169,大昌-新店,2024-10-11,6464
00632R,元大台灣50反1,244,90,154,大昌-新店,2024-10-11,6464
00688L,國泰20年美債正2,158,10,148,大昌-新店,2024-10-11,6464
3481,群創,141,7,134,大昌-新店,2024-10-11,6464
1314,中石化,150,31,119,大昌-新店,2024-10-11,6464
00665L,富邦�琤肭磪囓�2,75,1,74,大昌-新店,2024-10-11,6464
00948B,中信優息投資級債,75,10,65,大昌-新店,2024-10-11,6464
2344,華邦電,60,2,58,大昌-新店,2024-10-11,6464
2887,台新金,175,120,55,大昌-新店,2024-10-11,6464
3511,矽瑪,62,7,55,大昌-新店,2024-10-11,6464
00720B,元大投資級公司債,52,0,52,大昌-新店,2024-10-11,6464
6187,萬潤,59,8,51,大昌-新店,2024-10-11,6464
2495,普安,66,20,46,大昌-新店,2024-10-11,6464
4510,高鋒,55,10,45,大昌-新店,2024-10-11,6464
00752,中信中國50,45,0,45,大昌-新店,2024-10-11,6464
3049,精金,99,55,44,大昌-新店,2024-10-11,6464
00664R,國泰臺灣加權反1,44,0,44,大昌-新店,2024-10-11,6464
4958,臻鼎-KY,56,14,42,大昌-新店,2024-10-11,6464
00687B,國泰20年美債,42,5,37,大昌-新店,2024-10-11,6464
3710,連展投控,76,40,36,大昌-新店,2024-10-11,6464
1721,三晃,41,5,36,大昌-新店,2024-10-11,6464
00919,群益台灣精選高息,65,30,35,大昌-新店,2024-10-11,6464
2867,三商壽,33,0,33,大昌-新店,2024-10-11,6464
0056,元大高股息,37,4,33,大昌-新店,2024-10-11,6464
8034,榮群,39,7,32,大昌-新店,2024-10-11,6464
3576,聯合再生,35,5,30,大昌-新店,2024-10-11,6464
006206,元大上證50,29,0,29,大昌-新店,2024-10-11,6464
00680L,元大美債20正2,38,9,29,大昌-新店,2024-10-11,6464
4903,聯光通,48,20,28,大昌-新店,2024-10-11,6464
00645,富邦日本,27,0,27,大昌-新店,2024-10-11,6464
00830,國泰費城半導體,27,1,26,大昌-新店,2024-10-11,6464
00652,富邦印度,25,0,25,大昌-新店,2024-10-11,6464
1815,富喬,32,8,24,大昌-新店,2024-10-11,6464
3231,緯創,81,57,24,大昌-新店,2024-10-11,6464
2331,精英,22,0,22,大昌-新店,2024-10-11,6464
00937B,群益ESG投等債20,35,13,22,大昌-新店,2024-10-11,6464
1605,華新,27,7,20,大昌-新店,2024-10-11,6464
2388,威盛,32,12,20,大昌-新店,2024-10-11,6464
00952,凱基台灣AI50,20,0,20,大昌-新店,2024-10-11,6464
1711,永光,37,18,19,大昌-新店,2024-10-11,6464
5515,建國,19,0,19,大昌-新店,2024-10-11,6464
5438,東友,20,1,19,大昌-新店,2024-10-11,6464
4716,大立,20,1,19,大昌-新店,2024-10-11,6464
3380,明泰,25,7,18,大昌-新店,2024-10-11,6464
00922,國泰台灣領袖50,19,1,18,大昌-新店,2024-10-11,6464
6757,台灣虎航,18,0,18,大昌-新店,2024-10-11,6464
2449,京元電子,59,41,18,大昌-新店,2024-10-11,6464
2801,彰銀,281,40,241,大昌-新店,2024-10-14,6464
00953B,群益優選非投等債,201,0,201,大昌-新店,2024-10-14,6464
00887,永豐中國科技50大,219,20,199,大昌-新店,2024-10-14,6464
2883,凱基金,215,33,182,大昌-新店,2024-10-14,6464
00688L,國泰20年美債正2,152,0,152,大昌-新店,2024-10-14,6464
2888,新光金,124,28,96,大昌-新店,2024-10-14,6464
00679B,元大美債20年,125,32,93,大昌-新店,2024-10-14,6464
2312,金寶,155,71,84,大昌-新店,2024-10-14,6464
2344,華邦電,78,13,65,大昌-新店,2024-10-14,6464
1326,台化,69,5,64,大昌-新店,2024-10-14,6464
00665L,富邦�琤肭磪囓�2,66,7,59,大昌-新店,2024-10-14,6464
00960,野村全球航運龍頭,59,3,56,大昌-新店,2024-10-14,6464
00922,國泰台灣領袖50,56,1,55,大昌-新店,2024-10-14,6464
2337,旺宏,55,0,55,大昌-新店,2024-10-14,6464
9105,泰金寶-DR,91,38,53,大昌-新店,2024-10-14,6464
3048,益登,60,7,53,大昌-新店,2024-10-14,6464
00959B,大華投等美債15Y+,51,0,51,大昌-新店,2024-10-14,6464
2102,泰豐,41,0,41,大昌-新店,2024-10-14,6464
00751B,元大AAA至A公司債,43,2,41,大昌-新店,2024-10-14,6464
006208,富邦台50,48,8,40,大昌-新店,2024-10-14,6464
00929,復華台灣科技優息,84,51,33,大昌-新店,2024-10-14,6464
00650L,復華香港正2,35,3,32,大昌-新店,2024-10-14,6464
2609,陽明,48,17,31,大昌-新店,2024-10-14,6464
2618,長榮航,39,10,29,大昌-新店,2024-10-14,6464
6609,瀧澤科,41,12,29,大昌-新店,2024-10-14,6464
5438,東友,26,0,26,大昌-新店,2024-10-14,6464
00919,群益台灣精選高息,31,6,25,大昌-新店,2024-10-14,6464
2426,鼎元,42,18,24,大昌-新店,2024-10-14,6464
2882,國泰金,25,1,24,大昌-新店,2024-10-14,6464
00948B,中信優息投資級債,25,2,23,大昌-新店,2024-10-14,6464
3550,聯穎,22,3,19,大昌-新店,2024-10-14,6464
1905,華紙,19,2,17,大昌-新店,2024-10-14,6464
4303,信立,27,11,16,大昌-新店,2024-10-14,6464
2388,威盛,34,18,16,大昌-新店,2024-10-14,6464
00945B,凱基美國非投等債,26,10,16,大昌-新店,2024-10-14,6464
2420,新巨,15,0,15,大昌-新店,2024-10-14,6464
0056,元大高股息,22,7,15,大昌-新店,2024-10-14,6464
1815,富喬,22,7,15,大昌-新店,2024-10-14,6464
3149,正達,67,53,14,大昌-新店,2024-10-14,6464
2317,鴻海,30,17,13,大昌-新店,2024-10-14,6464
2634,漢翔,18,5,13,大昌-新店,2024-10-14,6464
6141,柏承,13,0,13,大昌-新店,2024-10-14,6464
2615,萬海,27,15,12,大昌-新店,2024-10-14,6464
2241,艾姆勒,18,6,12,大昌-新店,2024-10-14,6464
00933B,國泰10Y+金融債,14,2,12,大昌-新店,2024-10-14,6464
1316,上曜,23,11,12,大昌-新店,2024-10-14,6464
2002,中鋼,11,0,11,大昌-新店,2024-10-14,6464
0061,元大寶滬深,16,5,11,大昌-新店,2024-10-14,6464
5309,系統電,11,0,11,大昌-新店,2024-10-14,6464
2362,藍天,41,30,11,大昌-新店,2024-10-14,6464
00680L,元大美債20正2,337,0,337,大昌-新店,2024-10-15,6464
00665L,富邦�琤肭磪囓�2,300,15,285,大昌-新店,2024-10-15,6464
2801,彰銀,214,0,214,大昌-新店,2024-10-15,6464
00637L,元大滬深300正2,199,37,162,大昌-新店,2024-10-15,6464
00753L,中信中國50正2,156,1,155,大昌-新店,2024-10-15,6464
00937B,群益ESG投等債20,142,5,137,大昌-新店,2024-10-15,6464
3710,連展投控,139,3,136,大昌-新店,2024-10-15,6464
00948B,中信優息投資級債,104,0,104,大昌-新店,2024-10-15,6464
00688L,國泰20年美債正2,101,0,101,大昌-新店,2024-10-15,6464
00887,永豐中國科技50大,104,4,100,大昌-新店,2024-10-15,6464
00725B,國泰投資級公司債,94,5,89,大昌-新店,2024-10-15,6464
00882,中信中國高股息,96,18,78,大昌-新店,2024-10-15,6464
00632R,元大台灣50反1,214,145,69,大昌-新店,2024-10-15,6464
00636,國泰中國A50,58,1,57,大昌-新店,2024-10-15,6464
1595,川寶,64,13,51,大昌-新店,2024-10-15,6464
00905,FT臺灣Smart,50,0,50,大昌-新店,2024-10-15,6464
00953B,群益優選非投等債,50,0,50,大昌-新店,2024-10-15,6464
1314,中石化,128,78,50,大昌-新店,2024-10-15,6464
1513,中興電,47,4,43,大昌-新店,2024-10-15,6464
2313,華通,52,10,42,大昌-新店,2024-10-15,6464
1815,富喬,60,19,41,大昌-新店,2024-10-15,6464
9938,百和,44,4,40,大昌-新店,2024-10-15,6464
2356,英業達,78,40,38,大昌-新店,2024-10-15,6464
1785,光洋科,41,5,36,大昌-新店,2024-10-15,6464
4903,聯光通,63,27,36,大昌-新店,2024-10-15,6464
2915,潤泰全,38,5,33,大昌-新店,2024-10-15,6464
3498,陽程,60,31,29,大昌-新店,2024-10-15,6464
2887,台新金,41,12,29,大昌-新店,2024-10-15,6464
00650L,復華香港正2,32,4,28,大昌-新店,2024-10-15,6464
5452,佶優,57,30,27,大昌-新店,2024-10-15,6464
1301,台塑,31,4,27,大昌-新店,2024-10-15,6464
3163,波若威,40,14,26,大昌-新店,2024-10-15,6464
6757,台灣虎航,25,0,25,大昌-新店,2024-10-15,6464
00961,FT臺灣永續高息,35,10,25,大昌-新店,2024-10-15,6464
2399,映泰,48,24,24,大昌-新店,2024-10-15,6464
1471,首利,25,3,22,大昌-新店,2024-10-15,6464
00706L,期元大S＆P日圓正2,22,0,22,大昌-新店,2024-10-15,6464
0061,元大寶滬深,22,0,22,大昌-新店,2024-10-15,6464
6937,天虹,21,0,21,大昌-新店,2024-10-15,6464
00933B,國泰10Y+金融債,20,0,20,大昌-新店,2024-10-15,6464
3049,精金,36,16,20,大昌-新店,2024-10-15,6464
6179,亞通,20,0,20,大昌-新店,2024-10-15,6464
6187,萬潤,25,7,18,大昌-新店,2024-10-15,6464
3149,正達,66,48,18,大昌-新店,2024-10-15,6464
00715L,期街口布蘭特正2,21,4,17,大昌-新店,2024-10-15,6464
3693,營邦,17,0,17,大昌-新店,2024-10-15,6464
2241,艾姆勒,24,8,16,大昌-新店,2024-10-15,6464
3390,旭軟,16,0,16,大昌-新店,2024-10-15,6464
6530,創威,27,11,16,大昌-新店,2024-10-15,6464
3537,堡達,15,0,15,大昌-新店,2024-10-15,6464
2883,凱基金,260,129,131,大昌-新店,2024-10-16,6464
00637L,元大滬深300正2,209,80,129,大昌-新店,2024-10-16,6464
00948B,中信優息投資級債,117,0,117,大昌-新店,2024-10-16,6464
00753L,中信中國50正2,129,16,113,大昌-新店,2024-10-16,6464
0056,元大高股息,133,22,111,大昌-新店,2024-10-16,6464
00887,永豐中國科技50大,132,36,96,大昌-新店,2024-10-16,6464
00937B,群益ESG投等債20,128,41,87,大昌-新店,2024-10-16,6464
00632R,元大台灣50反1,150,77,73,大昌-新店,2024-10-16,6464
00922,國泰台灣領袖50,90,32,58,大昌-新店,2024-10-16,6464
1528,恩德,130,72,58,大昌-新店,2024-10-16,6464
6274,台燿,52,1,51,大昌-新店,2024-10-16,6464
2344,華邦電,51,2,49,大昌-新店,2024-10-16,6464
2486,一詮,77,29,48,大昌-新店,2024-10-16,6464
4977,眾達-KY,59,15,44,大昌-新店,2024-10-16,6464
00665L,富邦�琤肭磪囓�2,72,28,44,大昌-新店,2024-10-16,6464
1314,中石化,88,44,44,大昌-新店,2024-10-16,6464
2887,台新金,41,0,41,大昌-新店,2024-10-16,6464
2882,國泰金,46,7,39,大昌-新店,2024-10-16,6464
00919,群益台灣精選高息,42,3,39,大昌-新店,2024-10-16,6464
00915,凱基優選高股息30,42,4,38,大昌-新店,2024-10-16,6464
1201,味全,36,0,36,大昌-新店,2024-10-16,6464
00877,復華中國5G,36,3,33,大昌-新店,2024-10-16,6464
00960,野村全球航運龍頭,41,8,33,大昌-新店,2024-10-16,6464
00929,復華台灣科技優息,42,10,32,大昌-新店,2024-10-16,6464
00652,富邦印度,31,0,31,大昌-新店,2024-10-16,6464
00645,富邦日本,30,0,30,大昌-新店,2024-10-16,6464
00680L,元大美債20正2,51,21,30,大昌-新店,2024-10-16,6464
1605,華新,28,0,28,大昌-新店,2024-10-16,6464
2915,潤泰全,31,3,28,大昌-新店,2024-10-16,6464
00730,富邦臺灣優質高息,27,0,27,大昌-新店,2024-10-16,6464
1513,中興電,40,13,27,大昌-新店,2024-10-16,6464
00830,國泰費城半導體,26,0,26,大昌-新店,2024-10-16,6464
2363,矽統,51,25,26,大昌-新店,2024-10-16,6464
2002,中鋼,28,3,25,大昌-新店,2024-10-16,6464
2881,富邦金,26,1,25,大昌-新店,2024-10-16,6464
00687B,國泰20年美債,57,34,23,大昌-新店,2024-10-16,6464
2313,華通,42,21,21,大昌-新店,2024-10-16,6464
00725B,國泰投資級公司債,23,3,20,大昌-新店,2024-10-16,6464
1316,上曜,21,1,20,大昌-新店,2024-10-16,6464
00878,國泰永續高股息,30,10,20,大昌-新店,2024-10-16,6464
2371,大同,24,5,19,大昌-新店,2024-10-16,6464
006206,元大上證50,19,0,19,大昌-新店,2024-10-16,6464
00650L,復華香港正2,22,4,18,大昌-新店,2024-10-16,6464
00927,群益半導體收益,18,0,18,大昌-新店,2024-10-16,6464
00912,中信臺灣智慧50,19,1,18,大昌-新店,2024-10-16,6464
8032,光菱,20,4,16,大昌-新店,2024-10-16,6464
2897,王道銀行,26,10,16,大昌-新店,2024-10-16,6464
2412,中華電,17,1,16,大昌-新店,2024-10-16,6464
3290,東浦,16,0,16,大昌-新店,2024-10-16,6464
3049,精金,19,3,16,大昌-新店,2024-10-16,6464
00887,永豐中國科技50大,196,8,188,大昌-新店,2024-10-17,6464
2888,新光金,150,36,114,大昌-新店,2024-10-17,6464
00937B,群益ESG投等債20,122,12,110,大昌-新店,2024-10-17,6464
00679B,元大美債20年,129,23,106,大昌-新店,2024-10-17,6464
00953B,群益優選非投等債,100,0,100,大昌-新店,2024-10-17,6464
00922,國泰台灣領袖50,105,15,90,大昌-新店,2024-10-17,6464
2356,英業達,103,16,87,大昌-新店,2024-10-17,6464
2399,映泰,115,34,81,大昌-新店,2024-10-17,6464
00882,中信中國高股息,106,26,80,大昌-新店,2024-10-17,6464
1528,恩德,119,51,68,大昌-新店,2024-10-17,6464
00665L,富邦�琤肭磪囓�2,78,10,68,大昌-新店,2024-10-17,6464
00830,國泰費城半導體,56,0,56,大昌-新店,2024-10-17,6464
3209,全科,91,37,54,大昌-新店,2024-10-17,6464
1721,三晃,53,3,50,大昌-新店,2024-10-17,6464
0056,元大高股息,150,104,46,大昌-新店,2024-10-17,6464
00753L,中信中國50正2,69,23,46,大昌-新店,2024-10-17,6464
6658,聯策,56,10,46,大昌-新店,2024-10-17,6464
3710,連展投控,47,1,46,大昌-新店,2024-10-17,6464
9105,泰金寶-DR,56,12,44,大昌-新店,2024-10-17,6464
00637L,元大滬深300正2,85,45,40,大昌-新店,2024-10-17,6464
00948B,中信優息投資級債,40,0,40,大昌-新店,2024-10-17,6464
2543,皇昌,42,3,39,大昌-新店,2024-10-17,6464
2486,一詮,46,12,34,大昌-新店,2024-10-17,6464
5515,建國,33,0,33,大昌-新店,2024-10-17,6464
3149,正達,48,17,31,大昌-新店,2024-10-17,6464
5347,世界,32,4,28,大昌-新店,2024-10-17,6464
2303,聯電,37,10,27,大昌-新店,2024-10-17,6464
1513,中興電,32,5,27,大昌-新店,2024-10-17,6464
2421,建準,29,2,27,大昌-新店,2024-10-17,6464
00687B,國泰20年美債,29,4,25,大昌-新店,2024-10-17,6464
2515,中工,27,3,24,大昌-新店,2024-10-17,6464
6274,台燿,30,9,21,大昌-新店,2024-10-17,6464
00645,富邦日本,20,0,20,大昌-新店,2024-10-17,6464
00905,FT臺灣Smart,20,0,20,大昌-新店,2024-10-17,6464
5452,佶優,38,19,19,大昌-新店,2024-10-17,6464
4903,聯光通,28,10,18,大昌-新店,2024-10-17,6464
4979,華星光,21,4,17,大昌-新店,2024-10-17,6464
3058,立德,17,0,17,大昌-新店,2024-10-17,6464
2610,華航,33,17,16,大昌-新店,2024-10-17,6464
1524,耿鼎,18,2,16,大昌-新店,2024-10-17,6464
1471,首利,15,0,15,大昌-新店,2024-10-17,6464
2601,益航,22,7,15,大昌-新店,2024-10-17,6464
6265,方土昶,15,0,15,大昌-新店,2024-10-17,6464
4956,光鋐,19,4,15,大昌-新店,2024-10-17,6464
00941,中信上游半導體,14,0,14,大昌-新店,2024-10-17,6464
3062,建漢,36,22,14,大昌-新店,2024-10-17,6464
2049,上銀,17,4,13,大昌-新店,2024-10-17,6464
6442,光聖,23,10,13,大昌-新店,2024-10-17,6464
2330,台積電,32,19,13,大昌-新店,2024-10-17,6464
1101,台泥,13,0,13,大昌-新店,2024-10-17,6464
00946,群益科技高息成長,435,5,430,大昌-新店,2024-10-18,6464
00937B,群益ESG投等債20,402,132,270,大昌-新店,2024-10-18,6464
00948B,中信優息投資級債,192,0,192,大昌-新店,2024-10-18,6464
00652,富邦印度,151,0,151,大昌-新店,2024-10-18,6464
2303,聯電,151,27,124,大昌-新店,2024-10-18,6464
2867,三商壽,144,28,116,大昌-新店,2024-10-18,6464
00687B,國泰20年美債,115,5,110,大昌-新店,2024-10-18,6464
00632R,元大台灣50反1,294,215,79,大昌-新店,2024-10-18,6464
0056,元大高股息,82,8,74,大昌-新店,2024-10-18,6464
8215,明基材,73,1,72,大昌-新店,2024-10-18,6464
00680L,元大美債20正2,75,12,63,大昌-新店,2024-10-18,6464
00637L,元大滬深300正2,102,43,59,大昌-新店,2024-10-18,6464
5347,世界,60,6,54,大昌-新店,2024-10-18,6464
3011,今皓,54,4,50,大昌-新店,2024-10-18,6464
9105,泰金寶-DR,88,46,42,大昌-新店,2024-10-18,6464
00688L,國泰20年美債正2,40,0,40,大昌-新店,2024-10-18,6464
00887,永豐中國科技50大,108,68,40,大昌-新店,2024-10-18,6464
00905,FT臺灣Smart,41,2,39,大昌-新店,2024-10-18,6464
6763,綠界科技*,53,17,36,大昌-新店,2024-10-18,6464
3710,連展投控,39,3,36,大昌-新店,2024-10-18,6464
2317,鴻海,108,72,36,大昌-新店,2024-10-18,6464
00679B,元大美債20年,38,3,35,大昌-新店,2024-10-18,6464
3615,安可,54,20,34,大昌-新店,2024-10-18,6464
00753L,中信中國50正2,41,7,34,大昌-新店,2024-10-18,6464
2449,京元電子,45,13,32,大昌-新店,2024-10-18,6464
00958B,永豐ESG銀行債15,32,0,32,大昌-新店,2024-10-18,6464
00751B,元大AAA至A公司債,31,0,31,大昌-新店,2024-10-18,6464
00919,群益台灣精選高息,86,55,31,大昌-新店,2024-10-18,6464
3663,鑫科,31,2,29,大昌-新店,2024-10-18,6464
2367,燿華,42,15,27,大昌-新店,2024-10-18,6464
2337,旺宏,48,23,25,大昌-新店,2024-10-18,6464
3114,好德,23,0,23,大昌-新店,2024-10-18,6464
2399,映泰,45,22,23,大昌-新店,2024-10-18,6464
3450,聯鈞,56,34,22,大昌-新店,2024-10-18,6464
2362,藍天,48,27,21,大昌-新店,2024-10-18,6464
5452,佶優,39,18,21,大昌-新店,2024-10-18,6464
2353,宏��,32,12,20,大昌-新店,2024-10-18,6464
2836,高雄銀,20,0,20,大昌-新店,2024-10-18,6464
6605,帝寶,20,0,20,大昌-新店,2024-10-18,6464
3605,宏致,23,3,20,大昌-新店,2024-10-18,6464
00740B,富邦全球投等債,20,0,20,大昌-新店,2024-10-18,6464
1536,和大,20,1,19,大昌-新店,2024-10-18,6464
2855,統一證,20,1,19,大昌-新店,2024-10-18,6464
8071,能率網通,20,1,19,大昌-新店,2024-10-18,6464
1711,永光,36,18,18,大昌-新店,2024-10-18,6464
3030,德律,18,0,18,大昌-新店,2024-10-18,6464
2313,華通,33,15,18,大昌-新店,2024-10-18,6464
8028,昇陽半導體,66,48,18,大昌-新店,2024-10-18,6464
3712,永崴投控,17,0,17,大昌-新店,2024-10-18,6464
006206,元大上證50,17,0,17,大昌-新店,2024-10-18,6464
2891,中信金,239,38,201,大昌-新店,2024-10-21,6464
00753L,中信中國50正2,307,129,178,大昌-新店,2024-10-21,6464
00935,野村臺灣新科技50,169,18,151,大昌-新店,2024-10-21,6464
2883,凱基金,155,12,143,大昌-新店,2024-10-21,6464
00650L,復華香港正2,144,26,118,大昌-新店,2024-10-21,6464
00751B,元大AAA至A公司債,107,0,107,大昌-新店,2024-10-21,6464
00637L,元大滬深300正2,138,55,83,大昌-新店,2024-10-21,6464
00948B,中信優息投資級債,79,3,76,大昌-新店,2024-10-21,6464
00665L,富邦�琤肭磪囓�2,81,8,73,大昌-新店,2024-10-21,6464
3209,全科,71,8,63,大昌-新店,2024-10-21,6464
2867,三商壽,71,10,61,大昌-新店,2024-10-21,6464
00687B,國泰20年美債,61,7,54,大昌-新店,2024-10-21,6464
00929,復華台灣科技優息,72,20,52,大昌-新店,2024-10-21,6464
00688L,國泰20年美債正2,50,0,50,大昌-新店,2024-10-21,6464
00905,FT臺灣Smart,53,9,44,大昌-新店,2024-10-21,6464
00878,國泰永續高股息,41,0,41,大昌-新店,2024-10-21,6464
2881,富邦金,54,15,39,大昌-新店,2024-10-21,6464
006208,富邦台50,40,1,39,大昌-新店,2024-10-21,6464
2882,國泰金,39,1,38,大昌-新店,2024-10-21,6464
2204,中華,36,0,36,大昌-新店,2024-10-21,6464
00715L,期街口布蘭特正2,32,0,32,大昌-新店,2024-10-21,6464
3481,群創,59,28,31,大昌-新店,2024-10-21,6464
00937B,群益ESG投等債20,307,277,30,大昌-新店,2024-10-21,6464
2353,宏��,30,0,30,大昌-新店,2024-10-21,6464
00877,復華中國5G,95,65,30,大昌-新店,2024-10-21,6464
2337,旺宏,27,2,25,大昌-新店,2024-10-21,6464
2812,台中銀,25,1,24,大昌-新店,2024-10-21,6464
3710,連展投控,43,20,23,大昌-新店,2024-10-21,6464
2615,萬海,54,31,23,大昌-新店,2024-10-21,6464
2887,台新金,25,2,23,大昌-新店,2024-10-21,6464
5452,佶優,47,25,22,大昌-新店,2024-10-21,6464
00655L,國泰中國A50正2,23,2,21,大昌-新店,2024-10-21,6464
1528,恩德,51,30,21,大昌-新店,2024-10-21,6464
2002,中鋼,34,13,21,大昌-新店,2024-10-21,6464
1326,台化,22,2,20,大昌-新店,2024-10-21,6464
4510,高鋒,50,30,20,大昌-新店,2024-10-21,6464
2357,華碩,19,0,19,大昌-新店,2024-10-21,6464
0061,元大寶滬深,18,0,18,大昌-新店,2024-10-21,6464
00933B,國泰10Y+金融債,21,4,17,大昌-新店,2024-10-21,6464
2809,京城銀,16,0,16,大昌-新店,2024-10-21,6464
2206,三陽工業,16,1,15,大昌-新店,2024-10-21,6464
2929,淘帝-KY,15,0,15,大昌-新店,2024-10-21,6464
2884,玉山金,17,2,15,大昌-新店,2024-10-21,6464
00931B,統一美債20年,14,0,14,大昌-新店,2024-10-21,6464
3312,弘憶股,39,25,14,大昌-新店,2024-10-21,6464
2409,友達,17,3,14,大昌-新店,2024-10-21,6464
4979,華星光,16,3,13,大昌-新店,2024-10-21,6464
3711,日月光投控,13,0,13,大昌-新店,2024-10-21,6464
2230,泰茂,15,2,13,大昌-新店,2024-10-21,6464
00959B,大華投等美債15Y+,13,0,13,大昌-新店,2024-10-21,6464
00937B,群益ESG投等債20,434,52,382,大昌-新店,2024-10-22,6464
00679B,元大美債20年,364,3,361,大昌-新店,2024-10-22,6464
00751B,元大AAA至A公司債,104,0,104,大昌-新店,2024-10-22,6464
00688L,國泰20年美債正2,197,100,97,大昌-新店,2024-10-22,6464
00680L,元大美債20正2,105,18,87,大昌-新店,2024-10-22,6464
2477,美隆電,89,5,84,大昌-新店,2024-10-22,6464
00877,復華中國5G,83,1,82,大昌-新店,2024-10-22,6464
2883,凱基金,75,11,64,大昌-新店,2024-10-22,6464
00645,富邦日本,60,0,60,大昌-新店,2024-10-22,6464
1101,台泥,61,7,54,大昌-新店,2024-10-22,6464
6126,信音,65,14,51,大昌-新店,2024-10-22,6464
3511,矽瑪,50,0,50,大昌-新店,2024-10-22,6464
00948B,中信優息投資級債,47,0,47,大昌-新店,2024-10-22,6464
2363,矽統,109,64,45,大昌-新店,2024-10-22,6464
0056,元大高股息,44,1,43,大昌-新店,2024-10-22,6464
2330,台積電,51,7,44,大昌-新店,2024-10-22,6464
00907,永豐優息存股,44,1,43,大昌-新店,2024-10-22,6464
4958,臻鼎-KY,69,27,42,大昌-新店,2024-10-22,6464
00795B,中信美國公債20年,42,0,42,大昌-新店,2024-10-22,6464
3615,安可,105,65,40,大昌-新店,2024-10-22,6464
00725B,國泰投資級公司債,36,0,36,大昌-新店,2024-10-22,6464
00753L,中信中國50正2,55,19,36,大昌-新店,2024-10-22,6464
00706L,期元大S＆P日圓正2,33,0,33,大昌-新店,2024-10-22,6464
006208,富邦台50,31,0,31,大昌-新店,2024-10-22,6464
00929,復華台灣科技優息,86,56,30,大昌-新店,2024-10-22,6464
8085,福華,30,0,30,大昌-新店,2024-10-22,6464
8110,華東,37,7,30,大昌-新店,2024-10-22,6464
00887,永豐中國科技50大,57,27,30,大昌-新店,2024-10-22,6464
2903,遠百,30,0,30,大昌-新店,2024-10-22,6464
00720B,元大投資級公司債,30,1,29,大昌-新店,2024-10-22,6464
00958B,永豐ESG銀行債15,30,1,29,大昌-新店,2024-10-22,6464
00687B,國泰20年美債,139,111,28,大昌-新店,2024-10-22,6464
00918,大華優利高填息30,80,53,27,大昌-新店,2024-10-22,6464
00933B,國泰10Y+金融債,26,0,26,大昌-新店,2024-10-22,6464
1597,直得,50,25,25,大昌-新店,2024-10-22,6464
2809,京城銀,25,0,25,大昌-新店,2024-10-22,6464
6124,業強,23,0,23,大昌-新店,2024-10-22,6464
4510,高鋒,34,11,23,大昌-新店,2024-10-22,6464
00636,國泰中國A50,21,0,21,大昌-新店,2024-10-22,6464
1409,新纖,20,0,20,大昌-新店,2024-10-22,6464
00959B,大華投等美債15Y+,20,0,20,大昌-新店,2024-10-22,6464
5230,雷笛克光學,18,0,18,大昌-新店,2024-10-22,6464
2329,華泰,34,17,17,大昌-新店,2024-10-22,6464
00857B,永豐20年美公債,17,0,17,大昌-新店,2024-10-22,6464
00878,國泰永續高股息,17,1,16,大昌-新店,2024-10-22,6464
00905,FT臺灣Smart,15,0,15,大昌-新店,2024-10-22,6464
2362,藍天,23,8,15,大昌-新店,2024-10-22,6464
2344,華邦電,19,5,14,大昌-新店,2024-10-22,6464
00931B,統一美債20年,14,0,14,大昌-新店,2024-10-22,6464
2605,新興,14,1,13,大昌-新店,2024-10-22,6464
00948B,中信優息投資級債,215,0,215,大昌-新店,2024-10-23,6464
00937B,群益ESG投等債20,304,130,174,大昌-新店,2024-10-23,6464
00918,大華優利高填息30,125,0,125,大昌-新店,2024-10-23,6464
8070,長華*,102,5,97,大昌-新店,2024-10-23,6464
00680L,元大美債20正2,96,20,76,大昌-新店,2024-10-23,6464
3189,景碩,77,3,74,大昌-新店,2024-10-23,6464
2303,聯電,70,3,67,大昌-新店,2024-10-23,6464
00960,野村全球航運龍頭,49,0,49,大昌-新店,2024-10-23,6464
00878,國泰永續高股息,67,27,40,大昌-新店,2024-10-23,6464
3209,全科,42,4,38,大昌-新店,2024-10-23,6464
00706L,期元大S＆P日圓正2,37,0,37,大昌-新店,2024-10-23,6464
00720B,元大投資級公司債,37,0,37,大昌-新店,2024-10-23,6464
1101,台泥,39,4,35,大昌-新店,2024-10-23,6464
3710,連展投控,44,10,34,大昌-新店,2024-10-23,6464
0056,元大高股息,67,34,33,大昌-新店,2024-10-23,6464
2312,金寶,43,10,33,大昌-新店,2024-10-23,6464
2371,大同,40,8,32,大昌-新店,2024-10-23,6464
2618,長榮航,38,6,32,大昌-新店,2024-10-23,6464
2867,三商壽,36,5,31,大昌-新店,2024-10-23,6464
2409,友達,46,18,28,大昌-新店,2024-10-23,6464
2369,菱生,38,11,27,大昌-新店,2024-10-23,6464
2363,矽統,44,17,27,大昌-新店,2024-10-23,6464
2603,長榮,35,8,27,大昌-新店,2024-10-23,6464
00882,中信中國高股息,51,26,25,大昌-新店,2024-10-23,6464
00935,野村臺灣新科技50,25,0,25,大昌-新店,2024-10-23,6464
6609,瀧澤科,28,4,24,大昌-新店,2024-10-23,6464
00933B,國泰10Y+金融債,23,0,23,大昌-新店,2024-10-23,6464
00887,永豐中國科技50大,53,30,23,大昌-新店,2024-10-23,6464
2615,萬海,39,20,19,大昌-新店,2024-10-23,6464
00637L,元大滬深300正2,130,111,19,大昌-新店,2024-10-23,6464
006208,富邦台50,23,5,18,大昌-新店,2024-10-23,6464
2887,台新金,22,4,18,大昌-新店,2024-10-23,6464
3011,今皓,34,16,18,大昌-新店,2024-10-23,6464
3062,建漢,29,11,18,大昌-新店,2024-10-23,6464
3481,群創,78,61,17,大昌-新店,2024-10-23,6464
6770,力積電,27,9,18,大昌-新店,2024-10-23,6464
2317,鴻海,39,21,18,大昌-新店,2024-10-23,6464
3013,晟銘電,38,21,17,大昌-新店,2024-10-23,6464
2390,云辰,17,0,17,大昌-新店,2024-10-23,6464
8027,鈦昇,20,3,17,大昌-新店,2024-10-23,6464
2886,兆豐金,19,2,17,大昌-新店,2024-10-23,6464
8249,菱光,22,5,17,大昌-新店,2024-10-23,6464
1409,新纖,15,0,15,大昌-新店,2024-10-23,6464
2520,冠德,15,0,15,大昌-新店,2024-10-23,6464
2613,中櫃,14,0,14,大昌-新店,2024-10-23,6464
2880,華南金,16,2,14,大昌-新店,2024-10-23,6464
6788,華景電,16,2,14,大昌-新店,2024-10-23,6464
2002,中鋼,15,2,13,大昌-新店,2024-10-23,6464
2376,技嘉,34,21,13,大昌-新店,2024-10-23,6464
2408,南亞科,13,0,13,大昌-新店,2024-10-23,6464
00960,野村全球航運龍頭,225,6,219,大昌-新店,2024-10-24,6464
00712,復華富時不動產,206,0,206,大昌-新店,2024-10-24,6464
00687B,國泰20年美債,207,11,196,大昌-新店,2024-10-24,6464
2303,聯電,201,38,163,大昌-新店,2024-10-24,6464
00753L,中信中國50正2,140,10,130,大昌-新店,2024-10-24,6464
1806,冠軍,133,5,128,大昌-新店,2024-10-24,6464
00948B,中信優息投資級債,138,12,126,大昌-新店,2024-10-24,6464
00637L,元大滬深300正2,144,26,118,大昌-新店,2024-10-24,6464
00931B,統一美債20年,114,0,114,大昌-新店,2024-10-24,6464
0056,元大高股息,122,26,96,大昌-新店,2024-10-24,6464
00665L,富邦�琤肭磪囓�2,93,12,81,大昌-新店,2024-10-24,6464
2405,輔信,130,49,81,大昌-新店,2024-10-24,6464
00887,永豐中國科技50大,94,25,69,大昌-新店,2024-10-24,6464
3481,群創,90,22,68,大昌-新店,2024-10-24,6464
2388,威盛,73,7,66,大昌-新店,2024-10-24,6464
00650L,復華香港正2,67,1,66,大昌-新店,2024-10-24,6464
4716,大立,92,26,66,大昌-新店,2024-10-24,6464
2489,瑞軒,78,20,58,大昌-新店,2024-10-24,6464
3011,今皓,67,13,54,大昌-新店,2024-10-24,6464
00919,群益台灣精選高息,79,26,53,大昌-新店,2024-10-24,6464
2867,三商壽,50,3,47,大昌-新店,2024-10-24,6464
9105,泰金寶-DR,56,12,44,大昌-新店,2024-10-24,6464
00645,富邦日本,41,0,41,大昌-新店,2024-10-24,6464
00680L,元大美債20正2,100,60,40,大昌-新店,2024-10-24,6464
2313,華通,46,7,39,大昌-新店,2024-10-24,6464
00878,國泰永續高股息,37,0,37,大昌-新店,2024-10-24,6464
2929,淘帝-KY,36,0,36,大昌-新店,2024-10-24,6464
3209,全科,69,35,34,大昌-新店,2024-10-24,6464
00907,永豐優息存股,35,2,33,大昌-新店,2024-10-24,6464
1789,神隆,31,0,31,大昌-新店,2024-10-24,6464
00688L,國泰20年美債正2,53,22,31,大昌-新店,2024-10-24,6464
2317,鴻海,93,63,30,大昌-新店,2024-10-24,6464
2891,中信金,49,20,29,大昌-新店,2024-10-24,6464
3450,聯鈞,45,16,29,大昌-新店,2024-10-24,6464
3710,連展投控,30,2,28,大昌-新店,2024-10-24,6464
3058,立德,30,2,28,大昌-新店,2024-10-24,6464
2362,藍天,34,8,26,大昌-新店,2024-10-24,6464
6104,創惟,28,5,23,大昌-新店,2024-10-24,6464
2881,富邦金,23,0,23,大昌-新店,2024-10-24,6464
1513,中興電,22,0,22,大昌-新店,2024-10-24,6464
00679B,元大美債20年,24,2,22,大昌-新店,2024-10-24,6464
3003,健和興,21,0,21,大昌-新店,2024-10-24,6464
4729,熒茂,35,14,21,大昌-新店,2024-10-24,6464
00751B,元大AAA至A公司債,21,0,21,大昌-新店,2024-10-24,6464
2520,冠德,31,11,20,大昌-新店,2024-10-24,6464
2344,華邦電,36,16,20,大昌-新店,2024-10-24,6464
6241,易通展,22,3,19,大昌-新店,2024-10-24,6464
00891,中信關鍵半導體,18,0,18,大昌-新店,2024-10-24,6464
3167,大量,26,9,17,大昌-新店,2024-10-24,6464
2883,凱基金,44,27,17,大昌-新店,2024-10-24,6464
3710,連展投控,194,11,183,大昌-新店,2024-10-25,6464
2303,聯電,110,8,102,大昌-新店,2024-10-25,6464
00632R,元大台灣50反1,125,24,101,大昌-新店,2024-10-25,6464
2344,華邦電,104,9,95,大昌-新店,2024-10-25,6464
00639,富邦深100,80,7,73,大昌-新店,2024-10-25,6464
1806,冠軍,75,2,73,大昌-新店,2024-10-25,6464
00943,兆豐電子高息等權,62,0,62,大昌-新店,2024-10-25,6464
00715L,期街口布蘭特正2,36,0,36,大昌-新店,2024-10-25,6464
00688L,國泰20年美債正2,35,0,35,大昌-新店,2024-10-25,6464
00882,中信中國高股息,43,10,33,大昌-新店,2024-10-25,6464
2890,永豐金,32,0,32,大昌-新店,2024-10-25,6464
1524,耿鼎,41,12,29,大昌-新店,2024-10-25,6464
00646,元大S＆P500,27,0,27,大昌-新店,2024-10-25,6464
6506,雙邦,25,0,25,大昌-新店,2024-10-25,6464
5309,系統電,24,0,24,大昌-新店,2024-10-25,6464
4956,光鋐,29,6,23,大昌-新店,2024-10-25,6464
2405,輔信,38,15,23,大昌-新店,2024-10-25,6464
4545,銘鈺,36,13,23,大昌-新店,2024-10-25,6464
00887,永豐中國科技50大,39,18,21,大昌-新店,2024-10-25,6464
3149,正達,24,3,21,大昌-新店,2024-10-25,6464
4303,信立,22,3,19,大昌-新店,2024-10-25,6464
6151,晉倫,21,4,17,大昌-新店,2024-10-25,6464
2867,三商壽,16,0,16,大昌-新店,2024-10-25,6464
1303,南亞,16,0,16,大昌-新店,2024-10-25,6464
00713,元大台灣高息低波,16,1,15,大昌-新店,2024-10-25,6464
3663,鑫科,55,40,15,大昌-新店,2024-10-25,6464
2883,凱基金,17,3,14,大昌-新店,2024-10-25,6464
00919,群益台灣精選高息,29,15,14,大昌-新店,2024-10-25,6464
2353,宏��,17,3,14,大昌-新店,2024-10-25,6464
3450,聯鈞,27,14,13,大昌-新店,2024-10-25,6464
8096,擎亞,13,0,13,大昌-新店,2024-10-25,6464
00937B,群益ESG投等債20,20,7,13,大昌-新店,2024-10-25,6464
3481,群創,26,13,13,大昌-新店,2024-10-25,6464
3029,零壹,24,12,12,大昌-新店,2024-10-25,6464
6451,訊芯-KY,17,5,12,大昌-新店,2024-10-25,6464
2449,京元電子,22,10,12,大昌-新店,2024-10-25,6464
6770,力積電,29,17,12,大昌-新店,2024-10-25,6464
00941,中信上游半導體,13,1,12,大昌-新店,2024-10-25,6464
8076,伍豐,12,0,12,大昌-新店,2024-10-25,6464
2367,燿華,16,5,11,大昌-新店,2024-10-25,6464
6223,旺矽,11,0,11,大昌-新店,2024-10-25,6464
5351,鈺創,11,0,11,大昌-新店,2024-10-25,6464
2809,京城銀,11,0,11,大昌-新店,2024-10-25,6464
1532,勤美,11,0,11,大昌-新店,2024-10-25,6464
6234,高僑,16,5,11,大昌-新店,2024-10-25,6464
6438,迅得,20,9,11,大昌-新店,2024-10-25,6464
3317,尼克森,10,0,10,大昌-新店,2024-10-25,6464
2489,瑞軒,12,2,10,大昌-新店,2024-10-25,6464
2423,固緯,10,0,10,大昌-新店,2024-10-25,6464
2010,春源,10,0,10,大昌-新店,2024-10-25,6464
00679B,元大美債20年,102,5,97,大昌-新店,2024-10-28,6464
00918,大華優利高填息30,101,23,78,大昌-新店,2024-10-28,6464
2646,星宇航空,91,32,59,大昌-新店,2024-10-28,6464
00712,復華富時不動產,54,0,54,大昌-新店,2024-10-28,6464
00720B,元大投資級公司債,45,0,45,大昌-新店,2024-10-28,6464
00680L,元大美債20正2,65,22,43,大昌-新店,2024-10-28,6464
00687B,國泰20年美債,42,0,42,大昌-新店,2024-10-28,6464
00946,群益科技高息成長,41,0,41,大昌-新店,2024-10-28,6464
00665L,富邦�琤肭磪囓�2,43,2,41,大昌-新店,2024-10-28,6464
2303,聯電,51,12,39,大昌-新店,2024-10-28,6464
6213,聯茂,40,2,38,大昌-新店,2024-10-28,6464
00637L,元大滬深300正2,99,62,37,大昌-新店,2024-10-28,6464
2891,中信金,41,5,36,大昌-新店,2024-10-28,6464
6275,元山,32,0,32,大昌-新店,2024-10-28,6464
5309,系統電,34,2,32,大昌-新店,2024-10-28,6464
2354,鴻準,105,74,31,大昌-新店,2024-10-28,6464
00960,野村全球航運龍頭,30,0,30,大昌-新店,2024-10-28,6464
2103,台橡,33,4,29,大昌-新店,2024-10-28,6464
3710,連展投控,33,5,28,大昌-新店,2024-10-28,6464
2609,陽明,32,7,25,大昌-新店,2024-10-28,6464
2356,英業達,36,11,25,大昌-新店,2024-10-28,6464
4956,光鋐,27,3,24,大昌-新店,2024-10-28,6464
00936,台新永續高息中小,24,0,24,大昌-新店,2024-10-28,6464
00715L,期街口布蘭特正2,24,0,24,大昌-新店,2024-10-28,6464
00650L,復華香港正2,24,0,24,大昌-新店,2024-10-28,6464
2302,麗正,38,14,24,大昌-新店,2024-10-28,6464
00725B,國泰投資級公司債,22,0,22,大昌-新店,2024-10-28,6464
3013,晟銘電,32,10,22,大昌-新店,2024-10-28,6464
5202,力新,26,5,21,大昌-新店,2024-10-28,6464
00933B,國泰10Y+金融債,21,0,21,大昌-新店,2024-10-28,6464
2867,三商壽,31,10,21,大昌-新店,2024-10-28,6464
6770,力積電,49,29,20,大昌-新店,2024-10-28,6464
3234,光環,22,2,20,大昌-新店,2024-10-28,6464
00688L,國泰20年美債正2,20,0,20,大昌-新店,2024-10-28,6464
1905,華紙,19,0,19,大昌-新店,2024-10-28,6464
2409,友達,25,7,18,大昌-新店,2024-10-28,6464
3030,德律,17,0,17,大昌-新店,2024-10-28,6464
2313,華通,21,4,17,大昌-新店,2024-10-28,6464
3552,同致,29,12,17,大昌-新店,2024-10-28,6464
00919,群益台灣精選高息,32,16,16,大昌-新店,2024-10-28,6464
3011,今皓,18,3,15,大昌-新店,2024-10-28,6464
6492,生華科,15,1,14,大昌-新店,2024-10-28,6464
6191,精成科,14,1,13,大昌-新店,2024-10-28,6464
4545,銘鈺,13,0,13,大昌-新店,2024-10-28,6464
6530,創威,15,2,13,大昌-新店,2024-10-28,6464
4919,新唐,21,8,13,大昌-新店,2024-10-28,6464
2330,台積電,22,9,13,大昌-新店,2024-10-28,6464
3231,緯創,19,7,12,大昌-新店,2024-10-28,6464
3715,定穎投控,17,5,12,大昌-新店,2024-10-28,6464
00927,群益半導體收益,12,0,12,大昌-新店,2024-10-28,6464
00929,復華台灣科技優息,223,11,212,大昌-新店,2024-10-29,6464
00919,群益台灣精選高息,195,42,153,大昌-新店,2024-10-29,6464
00878,國泰永續高股息,193,53,140,大昌-新店,2024-10-29,6464
0056,元大高股息,139,9,130,大昌-新店,2024-10-29,6464
2344,華邦電,116,0,116,大昌-新店,2024-10-29,6464
3481,群創,111,5,106,大昌-新店,2024-10-29,6464
00795B,中信美國公債20年,106,2,104,大昌-新店,2024-10-29,6464
00725B,國泰投資級公司債,76,0,76,大昌-新店,2024-10-29,6464
2317,鴻海,129,60,69,大昌-新店,2024-10-29,6464
2303,聯電,89,26,63,大昌-新店,2024-10-29,6464
00940,元大台灣價值高息,74,16,58,大昌-新店,2024-10-29,6464
2399,映泰,107,52,55,大昌-新店,2024-10-29,6464
4306,炎洲,60,10,50,大昌-新店,2024-10-29,6464
00877,復華中國5G,47,2,45,大昌-新店,2024-10-29,6464
00922,國泰台灣領袖50,58,16,42,大昌-新店,2024-10-29,6464
2362,藍天,52,10,42,大昌-新店,2024-10-29,6464
00948B,中信優息投資級債,40,0,40,大昌-新店,2024-10-29,6464
2431,聯昌,49,11,38,大昌-新店,2024-10-29,6464
2609,陽明,44,8,36,大昌-新店,2024-10-29,6464
2882,國泰金,35,2,33,大昌-新店,2024-10-29,6464
2891,中信金,34,2,32,大昌-新店,2024-10-29,6464
1802,台玻,71,40,31,大昌-新店,2024-10-29,6464
00637L,元大滬深300正2,77,47,30,大昌-新店,2024-10-29,6464
2103,台橡,30,0,30,大昌-新店,2024-10-29,6464
2834,臺企銀,31,3,28,大昌-新店,2024-10-29,6464
00675L,富邦臺灣加權正2,31,5,26,大昌-新店,2024-10-29,6464
00930,永豐ESG低碳高息,25,0,25,大昌-新店,2024-10-29,6464
2883,凱基金,57,32,25,大昌-新店,2024-10-29,6464
00864B,中信美國公債0-1,25,0,25,大昌-新店,2024-10-29,6464
00712,復華富時不動產,25,0,25,大昌-新店,2024-10-29,6464
3711,日月光投控,25,1,24,大昌-新店,2024-10-29,6464
2353,宏��,27,3,24,大昌-新店,2024-10-29,6464
00882,中信中國高股息,54,30,24,大昌-新店,2024-10-29,6464
00665L,富邦�琤肭磪囓�2,25,2,23,大昌-新店,2024-10-29,6464
2392,正崴,27,4,23,大昌-新店,2024-10-29,6464
2845,遠東銀,23,0,23,大昌-新店,2024-10-29,6464
3710,連展投控,26,3,23,大昌-新店,2024-10-29,6464
5880,合庫金,25,4,21,大昌-新店,2024-10-29,6464
2449,京元電子,27,6,21,大昌-新店,2024-10-29,6464
9904,寶成,21,0,21,大昌-新店,2024-10-29,6464
00713,元大台灣高息低波,20,0,20,大昌-新店,2024-10-29,6464
2427,三商電,20,0,20,大昌-新店,2024-10-29,6464
2429,銘旺科,20,0,20,大昌-新店,2024-10-29,6464
2603,長榮,21,3,18,大昌-新店,2024-10-29,6464
00939,統一台灣高息動能,18,0,18,大昌-新店,2024-10-29,6464
3189,景碩,29,11,18,大昌-新店,2024-10-29,6464
2884,玉山金,22,5,17,大昌-新店,2024-10-29,6464
00927,群益半導體收益,17,0,17,大昌-新店,2024-10-29,6464
6550,北極星藥業-KY,17,0,17,大昌-新店,2024-10-29,6464
6239,力成,19,2,17,大昌-新店,2024-10-29,6464
00948B,中信優息投資級債,185,0,185,大昌-新店,2024-10-30,6464
00665L,富邦�琤肭磪囓�2,143,25,118,大昌-新店,2024-10-30,6464
2303,聯電,100,5,95,大昌-新店,2024-10-30,6464
00712,復華富時不動產,92,0,92,大昌-新店,2024-10-30,6464
00919,群益台灣精選高息,100,12,88,大昌-新店,2024-10-30,6464
00753L,中信中國50正2,131,54,77,大昌-新店,2024-10-30,6464
3481,群創,84,15,69,大昌-新店,2024-10-30,6464
00637L,元大滬深300正2,114,51,63,大昌-新店,2024-10-30,6464
6770,力積電,57,8,49,大昌-新店,2024-10-30,6464
2103,台橡,46,0,46,大昌-新店,2024-10-30,6464
00912,中信臺灣智慧50,42,0,42,大昌-新店,2024-10-30,6464
00887,永豐中國科技50大,59,18,41,大昌-新店,2024-10-30,6464
00650L,復華香港正2,46,7,39,大昌-新店,2024-10-30,6464
2489,瑞軒,38,1,37,大昌-新店,2024-10-30,6464
2409,友達,38,4,34,大昌-新店,2024-10-30,6464
0056,元大高股息,60,27,33,大昌-新店,2024-10-30,6464
1721,三晃,31,0,31,大昌-新店,2024-10-30,6464
00795B,中信美國公債20年,33,2,31,大昌-新店,2024-10-30,6464
6257,矽格,29,2,27,大昌-新店,2024-10-30,6464
2929,淘帝-KY,28,2,26,大昌-新店,2024-10-30,6464
3710,連展投控,33,7,26,大昌-新店,2024-10-30,6464
3663,鑫科,30,6,24,大昌-新店,2024-10-30,6464
00675L,富邦臺灣加權正2,24,4,20,大昌-新店,2024-10-30,6464
2010,春源,20,0,20,大昌-新店,2024-10-30,6464
1528,恩德,76,56,20,大昌-新店,2024-10-30,6464
4919,新唐,69,51,18,大昌-新店,2024-10-30,6464
2313,華通,29,12,17,大昌-新店,2024-10-30,6464
6271,同欣電,16,0,16,大昌-新店,2024-10-30,6464
6412,群電,15,0,15,大昌-新店,2024-10-30,6464
00882,中信中國高股息,51,36,15,大昌-新店,2024-10-30,6464
2889,國票金,16,1,15,大昌-新店,2024-10-30,6464
2890,永豐金,17,2,15,大昌-新店,2024-10-30,6464
4938,和碩,16,1,15,大昌-新店,2024-10-30,6464
2884,玉山金,14,0,14,大昌-新店,2024-10-30,6464
006206,元大上證50,14,0,14,大昌-新店,2024-10-30,6464
2397,友通,16,2,14,大昌-新店,2024-10-30,6464
3062,建漢,37,23,14,大昌-新店,2024-10-30,6464
2337,旺宏,16,3,13,大昌-新店,2024-10-30,6464
2851,中再保,13,0,13,大昌-新店,2024-10-30,6464
2388,威盛,17,5,12,大昌-新店,2024-10-30,6464
2486,一詮,21,9,12,大昌-新店,2024-10-30,6464
3234,光環,13,1,12,大昌-新店,2024-10-30,6464
1449,佳和,18,6,12,大昌-新店,2024-10-30,6464
6151,晉倫,15,3,12,大昌-新店,2024-10-30,6464
00934,中信成長高股息,12,0,12,大昌-新店,2024-10-30,6464
3686,達能,11,0,11,大昌-新店,2024-10-30,6464
1802,台玻,21,10,11,大昌-新店,2024-10-30,6464
6133,金橋,28,17,11,大昌-新店,2024-10-30,6464
00633L,富邦上証正2,11,0,11,大昌-新店,2024-10-30,6464
2330,台積電,15,4,11,大昌-新店,2024-10-30,6464
00953B,群益優選非投等債,340,0,340,大昌-新店,2024-11-01,6464
00945B,凱基美國非投等債,218,0,218,大昌-新店,2024-11-01,6464
00946,群益科技高息成長,196,2,194,大昌-新店,2024-11-01,6464
2303,聯電,224,41,183,大昌-新店,2024-11-01,6464
0056,元大高股息,122,1,121,大昌-新店,2024-11-01,6464
2103,台橡,103,0,103,大昌-新店,2024-11-01,6464
00878,國泰永續高股息,97,2,95,大昌-新店,2024-11-01,6464
00919,群益台灣精選高息,82,6,76,大昌-新店,2024-11-01,6464
00929,復華台灣科技優息,72,4,68,大昌-新店,2024-11-01,6464
2344,華邦電,63,11,52,大昌-新店,2024-11-01,6464
00937B,群益ESG投等債20,46,0,46,大昌-新店,2024-11-01,6464
00795B,中信美國公債20年,45,0,45,大昌-新店,2024-11-01,6464
00753L,中信中國50正2,69,26,43,大昌-新店,2024-11-01,6464
2883,凱基金,345,303,42,大昌-新店,2024-11-01,6464
00688L,國泰20年美債正2,40,2,38,大昌-新店,2024-11-01,6464
00864B,中信美國公債0-1,37,0,37,大昌-新店,2024-11-01,6464
1101,台泥,36,2,34,大昌-新店,2024-11-01,6464
00918,大華優利高填息30,34,0,34,大昌-新店,2024-11-01,6464
1326,台化,34,2,32,大昌-新店,2024-11-01,6464
00927,群益半導體收益,32,0,32,大昌-新店,2024-11-01,6464
4960,誠美材,30,0,30,大昌-新店,2024-11-01,6464
2353,宏��,29,1,28,大昌-新店,2024-11-01,6464
2354,鴻準,129,102,27,大昌-新店,2024-11-01,6464
00664R,國泰臺灣加權反1,75,50,25,大昌-新店,2024-11-01,6464
2886,兆豐金,24,0,24,大昌-新店,2024-11-01,6464
2891,中信金,44,21,23,大昌-新店,2024-11-01,6464
2317,鴻海,113,91,22,大昌-新店,2024-11-01,6464
6589,台康生技,23,2,21,大昌-新店,2024-11-01,6464
2409,友達,60,39,21,大昌-新店,2024-11-01,6464
00907,永豐優息存股,20,0,20,大昌-新店,2024-11-01,6464
2208,台船,20,0,20,大昌-新店,2024-11-01,6464
2330,台積電,33,13,20,大昌-新店,2024-11-01,6464
00940,元大台灣價值高息,46,27,19,大昌-新店,2024-11-01,6464
5880,合庫金,18,0,18,大昌-新店,2024-11-01,6464
3013,晟銘電,19,2,17,大昌-新店,2024-11-01,6464
00922,國泰台灣領袖50,17,0,17,大昌-新店,2024-11-01,6464
3481,群創,26,10,16,大昌-新店,2024-11-01,6464
2881,富邦金,19,3,16,大昌-新店,2024-11-01,6464
2392,正崴,21,5,16,大昌-新店,2024-11-01,6464
1301,台塑,20,4,16,大昌-新店,2024-11-01,6464
3321,同泰,16,0,16,大昌-新店,2024-11-01,6464
2540,愛山林,19,3,16,大昌-新店,2024-11-01,6464
3711,日月光投控,19,4,15,大昌-新店,2024-11-01,6464
00725B,國泰投資級公司債,15,0,15,大昌-新店,2024-11-01,6464
2363,矽統,26,11,15,大昌-新店,2024-11-01,6464
2884,玉山金,15,0,15,大昌-新店,2024-11-01,6464
5202,力新,15,0,15,大昌-新店,2024-11-01,6464
2405,輔信,16,3,13,大昌-新店,2024-11-01,6464
00662,富邦NASDAQ,13,0,13,大昌-新店,2024-11-01,6464
00713,元大台灣高息低波,12,0,12,大昌-新店,2024-11-01,6464
00679B,元大美債20年,337,0,337,大昌-新店,2024-11-04,6464
00878,國泰永續高股息,184,1,183,大昌-新店,2024-11-04,6464
00948B,中信優息投資級債,130,0,130,大昌-新店,2024-11-04,6464
00937B,群益ESG投等債20,101,0,101,大昌-新店,2024-11-04,6464
2646,星宇航空,105,34,71,大昌-新店,2024-11-04,6464
00795B,中信美國公債20年,70,0,70,大昌-新店,2024-11-04,6464
00637L,元大滬深300正2,100,31,69,大昌-新店,2024-11-04,6464
3481,群創,69,11,58,大昌-新店,2024-11-04,6464
00919,群益台灣精選高息,62,5,57,大昌-新店,2024-11-04,6464
00712,復華富時不動產,56,2,54,大昌-新店,2024-11-04,6464
2409,友達,70,19,51,大昌-新店,2024-11-04,6464
3710,連展投控,50,2,48,大昌-新店,2024-11-04,6464
00688L,國泰20年美債正2,50,4,46,大昌-新店,2024-11-04,6464
2609,陽明,76,33,43,大昌-新店,2024-11-04,6464
00882,中信中國高股息,108,65,43,大昌-新店,2024-11-04,6464
2303,聯電,129,87,42,大昌-新店,2024-11-04,6464
00652,富邦印度,40,0,40,大昌-新店,2024-11-04,6464
1721,三晃,40,0,40,大昌-新店,2024-11-04,6464
00885,富邦越南,39,0,39,大昌-新店,2024-11-04,6464
2337,旺宏,46,11,35,大昌-新店,2024-11-04,6464
00932,兆豐永續高息等權,44,11,33,大昌-新店,2024-11-04,6464
2615,萬海,86,53,33,大昌-新店,2024-11-04,6464
2329,華泰,42,12,30,大昌-新店,2024-11-04,6464
6191,精成科,52,23,29,大昌-新店,2024-11-04,6464
00933B,國泰10Y+金融債,27,0,27,大昌-新店,2024-11-04,6464
6257,矽格,25,0,25,大昌-新店,2024-11-04,6464
2312,金寶,52,27,25,大昌-新店,2024-11-04,6464
3447,展達,25,0,25,大昌-新店,2024-11-04,6464
3605,宏致,27,2,25,大昌-新店,2024-11-04,6464
3376,新日興,24,0,24,大昌-新店,2024-11-04,6464
8021,尖點,28,9,19,大昌-新店,2024-11-04,6464
2204,中華,20,1,19,大昌-新店,2024-11-04,6464
00943,兆豐電子高息等權,19,0,19,大昌-新店,2024-11-04,6464
3019,亞光,45,27,18,大昌-新店,2024-11-04,6464
2431,聯昌,43,25,18,大昌-新店,2024-11-04,6464
2399,映泰,39,21,18,大昌-新店,2024-11-04,6464
2413,環科,20,3,17,大昌-新店,2024-11-04,6464
00934,中信成長高股息,17,0,17,大昌-新店,2024-11-04,6464
00751B,元大AAA至A公司債,16,0,16,大昌-新店,2024-11-04,6464
3189,景碩,16,0,16,大昌-新店,2024-11-04,6464
2408,南亞科,21,6,15,大昌-新店,2024-11-04,6464
5202,力新,17,2,15,大昌-新店,2024-11-04,6464
00664R,國泰臺灣加權反1,30,16,14,大昌-新店,2024-11-04,6464
2363,矽統,26,12,14,大昌-新店,2024-11-04,6464
3048,益登,19,7,12,大昌-新店,2024-11-04,6464
00632R,元大台灣50反1,12,0,12,大昌-新店,2024-11-04,6464
6125,廣運,12,0,12,大昌-新店,2024-11-04,6464
6197,佳必琪,17,6,11,大昌-新店,2024-11-04,6464
2801,彰銀,11,0,11,大昌-新店,2024-11-04,6464
1528,恩德,31,20,11,大昌-新店,2024-11-04,6464
00937B,群益ESG投等債20,1094,6,1088,大昌-新店,2024-11-05,6464
00946,群益科技高息成長,371,3,368,大昌-新店,2024-11-05,6464
00948B,中信優息投資級債,151,2,149,大昌-新店,2024-11-05,6464
2303,聯電,194,108,86,大昌-新店,2024-11-05,6464
00632R,元大台灣50反1,90,39,51,大昌-新店,2024-11-05,6464
00919,群益台灣精選高息,64,16,48,大昌-新店,2024-11-05,6464
3049,精金,90,42,48,大昌-新店,2024-11-05,6464
2834,臺企銀,49,2,47,大昌-新店,2024-11-05,6464
00671R,富邦NASDAQ反1,45,0,45,大昌-新店,2024-11-05,6464
00929,復華台灣科技優息,78,34,44,大昌-新店,2024-11-05,6464
2851,中再保,41,0,41,大昌-新店,2024-11-05,6464
00878,國泰永續高股息,52,12,40,大昌-新店,2024-11-05,6464
00664R,國泰臺灣加權反1,35,0,35,大昌-新店,2024-11-05,6464
0061,元大寶滬深,31,0,31,大昌-新店,2024-11-05,6464
2427,三商電,30,0,30,大昌-新店,2024-11-05,6464
00669R,國泰美國道瓊反1,25,0,25,大昌-新店,2024-11-05,6464
2408,南亞科,26,2,24,大昌-新店,2024-11-05,6464
3013,晟銘電,38,14,24,大昌-新店,2024-11-05,6464
00688L,國泰20年美債正2,25,5,20,大昌-新店,2024-11-05,6464
2405,輔信,32,12,20,大昌-新店,2024-11-05,6464
1513,中興電,32,14,18,大昌-新店,2024-11-05,6464
2888,新光金,24,7,17,大昌-新店,2024-11-05,6464
2477,美隆電,19,2,17,大昌-新店,2024-11-05,6464
4534,慶騰,20,3,17,大昌-新店,2024-11-05,6464
8261,富鼎,56,40,16,大昌-新店,2024-11-05,6464
5258,虹堡,17,1,16,大昌-新店,2024-11-05,6464
3680,家登,15,0,15,大昌-新店,2024-11-05,6464
3105,穩懋,15,0,15,大昌-新店,2024-11-05,6464
6257,矽格,14,0,14,大昌-新店,2024-11-05,6464
2328,廣宇,40,26,14,大昌-新店,2024-11-05,6464
2426,鼎元,17,3,14,大昌-新店,2024-11-05,6464
0056,元大高股息,16,3,13,大昌-新店,2024-11-05,6464
00687B,國泰20年美債,18,5,13,大昌-新店,2024-11-05,6464
3711,日月光投控,16,3,13,大昌-新店,2024-11-05,6464
3490,單井,23,11,12,大昌-新店,2024-11-05,6464
00887,永豐中國科技50大,40,28,12,大昌-新店,2024-11-05,6464
1528,恩德,29,17,12,大昌-新店,2024-11-05,6464
6278,台表科,14,2,12,大昌-新店,2024-11-05,6464
3211,順達,15,3,12,大昌-新店,2024-11-05,6464
6770,力積電,28,17,11,大昌-新店,2024-11-05,6464
3615,安可,32,21,11,大昌-新店,2024-11-05,6464
6530,創威,37,26,11,大昌-新店,2024-11-05,6464
00915,凱基優選高股息30,11,0,11,大昌-新店,2024-11-05,6464
2637,慧洋-KY,13,2,11,大昌-新店,2024-11-05,6464
1301,台塑,13,2,11,大昌-新店,2024-11-05,6464
4956,光鋐,22,11,11,大昌-新店,2024-11-05,6464
1595,川寶,17,7,10,大昌-新店,2024-11-05,6464
2646,星宇航空,22,12,10,大昌-新店,2024-11-05,6464
00895,富邦未來車,10,0,10,大昌-新店,2024-11-05,6464
1734,杏輝,10,0,10,大昌-新店,2024-11-05,6464
00637L,元大滬深300正2,327,50,277,大昌-新店,2024-11-06,6464
00679B,元大美債20年,247,43,204,大昌-新店,2024-11-06,6464
00687B,國泰20年美債,213,9,204,大昌-新店,2024-11-06,6464
00665L,富邦�琤肭磪囓�2,174,12,162,大昌-新店,2024-11-06,6464
00688L,國泰20年美債正2,276,115,161,大昌-新店,2024-11-06,6464
00650L,復華香港正2,97,1,96,大昌-新店,2024-11-06,6464
00753L,中信中國50正2,77,13,64,大昌-新店,2024-11-06,6464
2883,凱基金,64,1,63,大昌-新店,2024-11-06,6464
00937B,群益ESG投等債20,74,16,58,大昌-新店,2024-11-06,6464
00795B,中信美國公債20年,50,2,48,大昌-新店,2024-11-06,6464
00919,群益台灣精選高息,76,35,41,大昌-新店,2024-11-06,6464
00882,中信中國高股息,160,125,35,大昌-新店,2024-11-06,6464
1591,駿吉-KY,35,0,35,大昌-新店,2024-11-06,6464
2354,鴻準,150,118,32,大昌-新店,2024-11-06,6464
2891,中信金,66,40,26,大昌-新店,2024-11-06,6464
2014,中鴻,38,13,25,大昌-新店,2024-11-06,6464
5309,系統電,24,0,24,大昌-新店,2024-11-06,6464
2313,華通,34,10,24,大昌-新店,2024-11-06,6464
3481,群創,28,6,22,大昌-新店,2024-11-06,6464
1326,台化,22,1,21,大昌-新店,2024-11-06,6464
00959B,大華投等美債15Y+,21,0,21,大昌-新店,2024-11-06,6464
9933,中鼎,24,3,21,大昌-新店,2024-11-06,6464
3540,曜越,20,0,20,大昌-新店,2024-11-06,6464
1449,佳和,48,29,19,大昌-新店,2024-11-06,6464
2887,台新金,18,0,18,大昌-新店,2024-11-06,6464
1528,恩德,31,13,18,大昌-新店,2024-11-06,6464
2889,國票金,17,0,17,大昌-新店,2024-11-06,6464
00713,元大台灣高息低波,17,0,17,大昌-新店,2024-11-06,6464
2409,友達,18,2,16,大昌-新店,2024-11-06,6464
2353,宏��,27,11,16,大昌-新店,2024-11-06,6464
2603,長榮,31,15,16,大昌-新店,2024-11-06,6464
00878,國泰永續高股息,43,28,15,大昌-新店,2024-11-06,6464
2618,長榮航,14,0,14,大昌-新店,2024-11-06,6464
00643,群益深証中小,15,1,14,大昌-新店,2024-11-06,6464
4935,茂林-KY,14,0,14,大昌-新店,2024-11-06,6464
2884,玉山金,14,0,14,大昌-新店,2024-11-06,6464
2385,群光,14,0,14,大昌-新店,2024-11-06,6464
2002,中鋼,22,9,13,大昌-新店,2024-11-06,6464
2615,萬海,25,13,12,大昌-新店,2024-11-06,6464
2609,陽明,48,36,12,大昌-新店,2024-11-06,6464
00877,復華中國5G,13,1,12,大昌-新店,2024-11-06,6464
3048,益登,12,0,12,大昌-新店,2024-11-06,6464
00706L,期元大S＆P日圓正2,12,0,12,大昌-新店,2024-11-06,6464
2486,一詮,21,9,12,大昌-新店,2024-11-06,6464
3317,尼克森,12,0,12,大昌-新店,2024-11-06,6464
2851,中再保,11,0,11,大昌-新店,2024-11-06,6464
4162,智擎,12,1,11,大昌-新店,2024-11-06,6464
2027,大成鋼,16,5,11,大昌-新店,2024-11-06,6464
8032,光菱,26,15,11,大昌-新店,2024-11-06,6464
6446,藥華藥,11,1,10,大昌-新店,2024-11-06,6464
2303,聯電,400,52,348,大昌-新店,2024-11-07,6464
00688L,國泰20年美債正2,118,0,118,大昌-新店,2024-11-07,6464
3706,神達,104,19,85,大昌-新店,2024-11-07,6464
2646,星宇航空,77,10,67,大昌-新店,2024-11-07,6464
00887,永豐中國科技50大,60,0,60,大昌-新店,2024-11-07,6464
00899,FT潔淨能源,50,0,50,大昌-新店,2024-11-07,6464
00676R,富邦臺灣加權反1,50,0,50,大昌-新店,2024-11-07,6464
2881,富邦金,50,2,48,大昌-新店,2024-11-07,6464
9958,世紀鋼,48,6,42,大昌-新店,2024-11-07,6464
00680L,元大美債20正2,85,44,41,大昌-新店,2024-11-07,6464
2402,毅嘉,42,2,40,大昌-新店,2024-11-07,6464
2317,鴻海,124,87,37,大昌-新店,2024-11-07,6464
00937B,群益ESG投等債20,47,12,35,大昌-新店,2024-11-07,6464
00692,富邦公司治理,33,0,33,大昌-新店,2024-11-07,6464
1611,中電,32,0,32,大昌-新店,2024-11-07,6464
2882,國泰金,39,13,26,大昌-新店,2024-11-07,6464
00632R,元大台灣50反1,236,211,25,大昌-新店,2024-11-07,6464
9955,佳龍,26,3,23,大昌-新店,2024-11-07,6464
2431,聯昌,35,12,23,大昌-新店,2024-11-07,6464
2399,映泰,35,14,21,大昌-新店,2024-11-07,6464
1536,和大,56,36,20,大昌-新店,2024-11-07,6464
1528,恩德,20,0,20,大昌-新店,2024-11-07,6464
2014,中鴻,48,28,20,大昌-新店,2024-11-07,6464
2314,台揚,48,28,20,大昌-新店,2024-11-07,6464
4903,聯光通,38,18,20,大昌-新店,2024-11-07,6464
8150,南茂,21,2,19,大昌-新店,2024-11-07,6464
6134,萬旭,21,2,19,大昌-新店,2024-11-07,6464
3149,正達,31,14,17,大昌-新店,2024-11-07,6464
2615,萬海,56,41,15,大昌-新店,2024-11-07,6464
6288,聯嘉,68,54,14,大昌-新店,2024-11-07,6464
2606,裕民,15,1,14,大昌-新店,2024-11-07,6464
4306,炎洲,20,6,14,大昌-新店,2024-11-07,6464
00673R,期元大S＆P原油反1,13,0,13,大昌-新店,2024-11-07,6464
1446,宏和,13,0,13,大昌-新店,2024-11-07,6464
6282,康舒,12,0,12,大昌-新店,2024-11-07,6464
8404,百和興業-KY,20,8,12,大昌-新店,2024-11-07,6464
4979,華星光,20,8,12,大昌-新店,2024-11-07,6464
3413,京鼎,12,1,11,大昌-新店,2024-11-07,6464
2474,可成,11,0,11,大昌-新店,2024-11-07,6464
6284,佳邦,11,0,11,大昌-新店,2024-11-07,6464
00706L,期元大S＆P日圓正2,11,0,11,大昌-新店,2024-11-07,6464
5309,系統電,15,4,11,大昌-新店,2024-11-07,6464
6163,華電網,20,10,10,大昌-新店,2024-11-07,6464
00669R,國泰美國道瓊反1,10,0,10,大昌-新店,2024-11-07,6464
3686,達能,10,0,10,大昌-新店,2024-11-07,6464
6147,頎邦,12,2,10,大昌-新店,2024-11-07,6464
6180,橘子,10,0,10,大昌-新店,2024-11-07,6464
00881,國泰台灣5G+,14,4,10,大昌-新店,2024-11-07,6464
912000,晨訊科-DR,10,0,10,大昌-新店,2024-11-07,6464
2836,高雄銀,10,0,10,大昌-新店,2024-11-07,6464
3062,建漢,419,58,361,大昌-新店,2024-11-08,6464
020039,元大加權N,233,0,233,大昌-新店,2024-11-08,6464
00632R,元大台灣50反1,178,35,143,大昌-新店,2024-11-08,6464
00953B,群益優選非投等債,121,1,120,大昌-新店,2024-11-08,6464
2646,星宇航空,98,0,98,大昌-新店,2024-11-08,6464
00795B,中信美國公債20年,100,5,95,大昌-新店,2024-11-08,6464
00945B,凱基美國非投等債,88,0,88,大昌-新店,2024-11-08,6464
3209,全科,88,0,88,大昌-新店,2024-11-08,6464
00878,國泰永續高股息,86,8,78,大昌-新店,2024-11-08,6464
2313,華通,120,52,68,大昌-新店,2024-11-08,6464
2353,宏��,58,1,57,大昌-新店,2024-11-08,6464
5483,中美晶,64,8,56,大昌-新店,2024-11-08,6464
2613,中櫃,73,21,52,大昌-新店,2024-11-08,6464
00943,兆豐電子高息等權,50,0,50,大昌-新店,2024-11-08,6464
00725B,國泰投資級公司債,50,2,48,大昌-新店,2024-11-08,6464
6505,台塑化,68,26,42,大昌-新店,2024-11-08,6464
1513,中興電,39,4,35,大昌-新店,2024-11-08,6464
2392,正崴,110,80,30,大昌-新店,2024-11-08,6464
3481,群創,115,85,30,大昌-新店,2024-11-08,6464
2892,第一金,29,0,29,大昌-新店,2024-11-08,6464
3303,岱稜,33,4,29,大昌-新店,2024-11-08,6464
2409,友達,49,20,29,大昌-新店,2024-11-08,6464
2388,威盛,44,17,27,大昌-新店,2024-11-08,6464
00919,群益台灣精選高息,40,14,26,大昌-新店,2024-11-08,6464
00932,兆豐永續高息等權,33,7,26,大昌-新店,2024-11-08,6464
00680L,元大美債20正2,25,0,25,大昌-新店,2024-11-08,6464
00719B,元大美債1-3,24,0,24,大昌-新店,2024-11-08,6464
9958,世紀鋼,27,3,24,大昌-新店,2024-11-08,6464
6548,長科*,25,3,22,大昌-新店,2024-11-08,6464
2399,映泰,100,78,22,大昌-新店,2024-11-08,6464
6506,雙邦,22,1,21,大昌-新店,2024-11-08,6464
4991,環宇-KY,56,35,21,大昌-新店,2024-11-08,6464
3013,晟銘電,26,6,20,大昌-新店,2024-11-08,6464
2809,京城銀,20,0,20,大昌-新店,2024-11-08,6464
3380,明泰,24,4,20,大昌-新店,2024-11-08,6464
00664R,國泰臺灣加權反1,19,0,19,大昌-新店,2024-11-08,6464
00930,永豐ESG低碳高息,32,14,18,大昌-新店,2024-11-08,6464
00694B,富邦美債1-3,18,0,18,大昌-新店,2024-11-08,6464
2477,美隆電,19,2,17,大昌-新店,2024-11-08,6464
6609,瀧澤科,17,1,16,大昌-新店,2024-11-08,6464
2891,中信金,18,2,16,大昌-新店,2024-11-08,6464
2329,華泰,21,6,15,大昌-新店,2024-11-08,6464
00655L,國泰中國A50正2,16,1,15,大昌-新店,2024-11-08,6464
5243,乙盛-KY,25,10,15,大昌-新店,2024-11-08,6464
2498,宏達電,17,2,15,大昌-新店,2024-11-08,6464
6134,萬旭,16,1,15,大昌-新店,2024-11-08,6464
6104,創惟,16,1,15,大昌-新店,2024-11-08,6464
8240,華宏,31,17,14,大昌-新店,2024-11-08,6464
0056,元大高股息,17,3,14,大昌-新店,2024-11-08,6464
2201,裕隆,16,2,14,大昌-新店,2024-11-08,6464
00633L,富邦上証正2,202,0,202,大昌-新店,2024-11-11,6464
2353,宏��,244,53,191,大昌-新店,2024-11-11,6464
00650L,復華香港正2,163,1,162,大昌-新店,2024-11-11,6464
2609,陽明,167,12,155,大昌-新店,2024-11-11,6464
2615,萬海,143,26,117,大昌-新店,2024-11-11,6464
00882,中信中國高股息,114,0,114,大昌-新店,2024-11-11,6464
00665L,富邦�琤肭磪囓�2,149,43,106,大昌-新店,2024-11-11,6464
00753L,中信中國50正2,124,20,104,大昌-新店,2024-11-11,6464
00878,國泰永續高股息,124,51,73,大昌-新店,2024-11-11,6464
00919,群益台灣精選高息,75,3,72,大昌-新店,2024-11-11,6464
3209,全科,70,1,69,大昌-新店,2024-11-11,6464
1806,冠軍,67,0,67,大昌-新店,2024-11-11,6464
2882,國泰金,62,1,61,大昌-新店,2024-11-11,6464
2646,星宇航空,63,5,58,大昌-新店,2024-11-11,6464
2405,輔信,52,3,49,大昌-新店,2024-11-11,6464
0056,元大高股息,42,1,41,大昌-新店,2024-11-11,6464
00639,富邦深100,41,0,41,大昌-新店,2024-11-11,6464
5483,中美晶,41,1,40,大昌-新店,2024-11-11,6464
2834,臺企銀,40,0,40,大昌-新店,2024-11-11,6464
2929,淘帝-KY,38,0,38,大昌-新店,2024-11-11,6464
3481,群創,49,13,36,大昌-新店,2024-11-11,6464
2409,友達,46,12,34,大昌-新店,2024-11-11,6464
2486,一詮,49,15,34,大昌-新店,2024-11-11,6464
2498,宏達電,36,4,32,大昌-新店,2024-11-11,6464
2362,藍天,45,15,30,大昌-新店,2024-11-11,6464
00719B,元大美債1-3,30,0,30,大昌-新店,2024-11-11,6464
4716,大立,29,0,29,大昌-新店,2024-11-11,6464
8240,華宏,35,6,29,大昌-新店,2024-11-11,6464
2337,旺宏,29,1,28,大昌-新店,2024-11-11,6464
3303,岱稜,55,28,27,大昌-新店,2024-11-11,6464
2603,長榮,45,21,24,大昌-新店,2024-11-11,6464
3189,景碩,22,0,22,大昌-新店,2024-11-11,6464
3049,精金,22,0,22,大昌-新店,2024-11-11,6464
1444,力麗,22,0,22,大昌-新店,2024-11-11,6464
2392,正崴,60,38,22,大昌-新店,2024-11-11,6464
3376,新日興,22,1,21,大昌-新店,2024-11-11,6464
00637L,元大滬深300正2,60,39,21,大昌-新店,2024-11-11,6464
1449,佳和,35,14,21,大昌-新店,2024-11-11,6464
6282,康舒,20,0,20,大昌-新店,2024-11-11,6464
1303,南亞,28,9,19,大昌-新店,2024-11-11,6464
2867,三商壽,19,0,19,大昌-新店,2024-11-11,6464
3710,連展投控,21,2,19,大昌-新店,2024-11-11,6464
6763,綠界科技*,21,3,18,大昌-新店,2024-11-11,6464
2892,第一金,18,1,17,大昌-新店,2024-11-11,6464
2489,瑞軒,17,0,17,大昌-新店,2024-11-11,6464
00900,富邦特選高股息30,17,0,17,大昌-新店,2024-11-11,6464
9958,世紀鋼,21,4,17,大昌-新店,2024-11-11,6464
2881,富邦金,32,16,16,大昌-新店,2024-11-11,6464
3290,東浦,18,2,16,大昌-新店,2024-11-11,6464
2449,京元電子,59,44,15,大昌-新店,2024-11-11,6464
00878,國泰永續高股息,412,10,402,大昌-新店,2024-11-12,6464
2356,英業達,316,78,238,大昌-新店,2024-11-12,6464
2883,凱基金,228,65,163,大昌-新店,2024-11-12,6464
00650L,復華香港正2,132,5,127,大昌-新店,2024-11-12,6464
00641R,富邦日本反1,97,0,97,大昌-新店,2024-11-12,6464
00753L,中信中國50正2,120,34,86,大昌-新店,2024-11-12,6464
00929,復華台灣科技優息,87,11,76,大昌-新店,2024-11-12,6464
00669R,國泰美國道瓊反1,72,0,72,大昌-新店,2024-11-12,6464
0056,元大高股息,74,3,71,大昌-新店,2024-11-12,6464
3481,群創,73,17,56,大昌-新店,2024-11-12,6464
2882,國泰金,53,1,52,大昌-新店,2024-11-12,6464
00909,國泰數位支付服務,51,0,51,大昌-新店,2024-11-12,6464
00715L,期街口布蘭特正2,51,0,51,大昌-新店,2024-11-12,6464
2913,農林,46,0,46,大昌-新店,2024-11-12,6464
6213,聯茂,46,1,45,大昌-新店,2024-11-12,6464
3710,連展投控,42,3,39,大昌-新店,2024-11-12,6464
6285,啟��,42,5,37,大昌-新店,2024-11-12,6464
00915,凱基優選高股息30,35,0,35,大昌-新店,2024-11-12,6464
0050,元大台灣50,39,4,35,大昌-新店,2024-11-12,6464
2330,台積電,59,24,35,大昌-新店,2024-11-12,6464
2409,友達,43,9,34,大昌-新店,2024-11-12,6464
2317,鴻海,82,48,34,大昌-新店,2024-11-12,6464
2002,中鋼,45,11,34,大昌-新店,2024-11-12,6464
5871,中租-KY,76,43,33,大昌-新店,2024-11-12,6464
2515,中工,36,6,30,大昌-新店,2024-11-12,6464
00922,國泰台灣領袖50,29,1,28,大昌-新店,2024-11-12,6464
1303,南亞,32,6,26,大昌-新店,2024-11-12,6464
2103,台橡,27,2,25,大昌-新店,2024-11-12,6464
2881,富邦金,32,8,24,大昌-新店,2024-11-12,6464
3511,矽瑪,24,0,24,大昌-新店,2024-11-12,6464
2408,南亞科,24,0,24,大昌-新店,2024-11-12,6464
2892,第一金,24,1,23,大昌-新店,2024-11-12,6464
2344,華邦電,42,19,23,大昌-新店,2024-11-12,6464
006208,富邦台50,26,3,23,大昌-新店,2024-11-12,6464
6405,悅城,24,2,22,大昌-新店,2024-11-12,6464
4303,信立,26,5,21,大昌-新店,2024-11-12,6464
2206,三陽工業,20,0,20,大昌-新店,2024-11-12,6464
2615,萬海,77,57,20,大昌-新店,2024-11-12,6464
2646,星宇航空,25,5,20,大昌-新店,2024-11-12,6464
2497,怡利電,20,0,20,大昌-新店,2024-11-12,6464
4976,佳凌,20,0,20,大昌-新店,2024-11-12,6464
5443,均豪,29,10,19,大昌-新店,2024-11-12,6464
2201,裕隆,19,1,18,大昌-新店,2024-11-12,6464
00713,元大台灣高息低波,19,1,18,大昌-新店,2024-11-12,6464
00943,兆豐電子高息等權,18,0,18,大昌-新店,2024-11-12,6464
3013,晟銘電,48,30,18,大昌-新店,2024-11-12,6464
8240,華宏,50,33,17,大昌-新店,2024-11-12,6464
00731,復華富時高息低波,17,0,17,大昌-新店,2024-11-12,6464
1524,耿鼎,56,40,16,大昌-新店,2024-11-12,6464
2331,精英,24,9,15,大昌-新店,2024-11-12,6464
3062,建漢,229,7,222,大昌-新店,2024-11-13,6464
00688L,國泰20年美債正2,201,0,201,大昌-新店,2024-11-13,6464
00641R,富邦日本反1,138,0,138,大昌-新店,2024-11-13,6464
00878,國泰永續高股息,140,7,133,大昌-新店,2024-11-13,6464
00680L,元大美債20正2,127,0,127,大昌-新店,2024-11-13,6464
00632R,元大台灣50反1,546,421,125,大昌-新店,2024-11-13,6464
5309,系統電,179,61,118,大昌-新店,2024-11-13,6464
00882,中信中國高股息,111,4,107,大昌-新店,2024-11-13,6464
00665L,富邦�琤肭磪囓�2,174,82,92,大昌-新店,2024-11-13,6464
2344,華邦電,75,9,66,大昌-新店,2024-11-13,6464
6187,萬潤,69,5,64,大昌-新店,2024-11-13,6464
3511,矽瑪,67,7,60,大昌-新店,2024-11-13,6464
2891,中信金,53,3,50,大昌-新店,2024-11-13,6464
00637L,元大滬深300正2,196,146,50,大昌-新店,2024-11-13,6464
2356,英業達,58,8,50,大昌-新店,2024-11-13,6464
00943,兆豐電子高息等權,48,0,48,大昌-新店,2024-11-13,6464
2392,正崴,80,34,46,大昌-新店,2024-11-13,6464
9904,寶成,51,5,46,大昌-新店,2024-11-13,6464
3481,群創,67,22,45,大昌-新店,2024-11-13,6464
2882,國泰金,44,2,42,大昌-新店,2024-11-13,6464
6757,台灣虎航,52,10,42,大昌-新店,2024-11-13,6464
00652,富邦印度,40,0,40,大昌-新店,2024-11-13,6464
2881,富邦金,40,2,38,大昌-新店,2024-11-13,6464
00679B,元大美債20年,43,8,35,大昌-新店,2024-11-13,6464
2609,陽明,51,19,32,大昌-新店,2024-11-13,6464
00645,富邦日本,30,0,30,大昌-新店,2024-11-13,6464
2457,飛宏,34,4,30,大昌-新店,2024-11-13,6464
00919,群益台灣精選高息,30,1,29,大昌-新店,2024-11-13,6464
0056,元大高股息,36,9,27,大昌-新店,2024-11-13,6464
2317,鴻海,50,24,26,大昌-新店,2024-11-13,6464
2834,臺企銀,28,3,25,大昌-新店,2024-11-13,6464
3167,大量,42,18,24,大昌-新店,2024-11-13,6464
5880,合庫金,26,2,24,大昌-新店,2024-11-13,6464
2515,中工,35,11,24,大昌-新店,2024-11-13,6464
2027,大成鋼,23,0,23,大昌-新店,2024-11-13,6464
2887,台新金,31,8,23,大昌-新店,2024-11-13,6464
00932,兆豐永續高息等權,23,0,23,大昌-新店,2024-11-13,6464
2312,金寶,91,69,22,大昌-新店,2024-11-13,6464
2603,長榮,36,15,21,大昌-新店,2024-11-13,6464
2883,凱基金,86,65,21,大昌-新店,2024-11-13,6464
6937,天虹,22,1,21,大昌-新店,2024-11-13,6464
1409,新纖,20,0,20,大昌-新店,2024-11-13,6464
2102,泰豐,20,0,20,大昌-新店,2024-11-13,6464
2354,鴻準,144,124,20,大昌-新店,2024-11-13,6464
6133,金橋,19,0,19,大昌-新店,2024-11-13,6464
3189,景碩,24,6,18,大昌-新店,2024-11-13,6464
2449,京元電子,28,10,18,大昌-新店,2024-11-13,6464
3047,訊舟,27,9,18,大昌-新店,2024-11-13,6464
2353,宏��,23,6,17,大昌-新店,2024-11-13,6464
2892,第一金,17,0,17,大昌-新店,2024-11-13,6464
00937B,群益ESG投等債20,1134,44,1090,大昌-新店,2024-11-14,6464
00878,國泰永續高股息,381,4,377,大昌-新店,2024-11-14,6464
00887,永豐中國科技50大,302,2,300,大昌-新店,2024-11-14,6464
00641R,富邦日本反1,193,0,193,大昌-新店,2024-11-14,6464
2303,聯電,167,21,146,大昌-新店,2024-11-14,6464
00680L,元大美債20正2,229,85,144,大昌-新店,2024-11-14,6464
3062,建漢,359,227,132,大昌-新店,2024-11-14,6464
2344,華邦電,143,26,117,大昌-新店,2024-11-14,6464
0056,元大高股息,106,2,104,大昌-新店,2024-11-14,6464
00679B,元大美債20年,90,15,75,大昌-新店,2024-11-14,6464
2646,星宇航空,80,8,72,大昌-新店,2024-11-14,6464
2409,友達,70,0,70,大昌-新店,2024-11-14,6464
00929,復華台灣科技優息,111,51,60,大昌-新店,2024-11-14,6464
00650L,復華香港正2,65,6,59,大昌-新店,2024-11-14,6464
3380,明泰,50,0,50,大昌-新店,2024-11-14,6464
1815,富喬,55,6,49,大昌-新店,2024-11-14,6464
2208,台船,42,0,42,大昌-新店,2024-11-14,6464
2317,鴻海,74,32,42,大昌-新店,2024-11-14,6464
00688L,國泰20年美債正2,49,10,39,大昌-新店,2024-11-14,6464
2408,南亞科,40,2,38,大昌-新店,2024-11-14,6464
2892,第一金,37,0,37,大昌-新店,2024-11-14,6464
3481,群創,57,24,33,大昌-新店,2024-11-14,6464
3234,光環,33,0,33,大昌-新店,2024-11-14,6464
00919,群益台灣精選高息,40,8,32,大昌-新店,2024-11-14,6464
00943,兆豐電子高息等權,32,0,32,大昌-新店,2024-11-14,6464
2382,廣達,33,4,29,大昌-新店,2024-11-14,6464
5471,松翰,29,0,29,大昌-新店,2024-11-14,6464
2887,台新金,29,0,29,大昌-新店,2024-11-14,6464
2897,王道銀行,28,0,28,大昌-新店,2024-11-14,6464
00665L,富邦�琤肭磪囓�2,84,56,28,大昌-新店,2024-11-14,6464
2884,玉山金,30,3,27,大昌-新店,2024-11-14,6464
8089,康全電訊,40,14,26,大昌-新店,2024-11-14,6464
2313,華通,34,9,25,大昌-新店,2024-11-14,6464
3003,健和興,26,1,25,大昌-新店,2024-11-14,6464
3049,精金,28,4,24,大昌-新店,2024-11-14,6464
1532,勤美,26,2,24,大昌-新店,2024-11-14,6464
1513,中興電,24,0,24,大昌-新店,2024-11-14,6464
2365,昆盈,23,0,23,大昌-新店,2024-11-14,6464
2337,旺宏,28,5,23,大昌-新店,2024-11-14,6464
00922,國泰台灣領袖50,22,0,22,大昌-新店,2024-11-14,6464
8111,立��,22,0,22,大昌-新店,2024-11-14,6464
3048,益登,27,5,22,大昌-新店,2024-11-14,6464
2913,農林,22,0,22,大昌-新店,2024-11-14,6464
2002,中鋼,28,6,22,大昌-新店,2024-11-14,6464
2834,臺企銀,23,2,21,大昌-新店,2024-11-14,6464
9933,中鼎,20,0,20,大昌-新店,2024-11-14,6464
00953B,群益優選非投等債,20,0,20,大昌-新店,2024-11-14,6464
00948B,中信優息投資級債,20,0,20,大昌-新店,2024-11-14,6464
1806,冠軍,40,20,20,大昌-新店,2024-11-14,6464
00713,元大台灣高息低波,19,0,19,大昌-新店,2024-11-14,6464
00878,國泰永續高股息,425,15,410,大昌-新店,2024-11-15,6464
00882,中信中國高股息,111,1,110,大昌-新店,2024-11-15,6464
2382,廣達,128,24,104,大昌-新店,2024-11-15,6464
1815,富喬,107,4,103,大昌-新店,2024-11-15,6464
2317,鴻海,169,70,99,大昌-新店,2024-11-15,6464
2610,華航,177,88,89,大昌-新店,2024-11-15,6464
00665L,富邦�琤肭磪囓�2,75,7,68,大昌-新店,2024-11-15,6464
2324,仁寶,71,3,68,大昌-新店,2024-11-15,6464
3231,緯創,81,15,66,大昌-新店,2024-11-15,6464
2474,可成,53,1,52,大昌-新店,2024-11-15,6464
0056,元大高股息,43,3,40,大昌-新店,2024-11-15,6464
00641R,富邦日本反1,39,0,39,大昌-新店,2024-11-15,6464
8089,康全電訊,43,6,37,大昌-新店,2024-11-15,6464
00680L,元大美債20正2,37,0,37,大昌-新店,2024-11-15,6464
3090,日電貿,60,23,37,大昌-新店,2024-11-15,6464
6488,環球晶,36,0,36,大昌-新店,2024-11-15,6464
00753L,中信中國50正2,113,83,30,大昌-新店,2024-11-15,6464
8112,至上,30,1,29,大昌-新店,2024-11-15,6464
00939,統一台灣高息動能,35,6,29,大昌-新店,2024-11-15,6464
1434,福懋,29,1,28,大昌-新店,2024-11-15,6464
00715L,期街口布蘭特正2,38,10,28,大昌-新店,2024-11-15,6464
3003,健和興,34,6,28,大昌-新店,2024-11-15,6464
2440,太空梭,27,0,27,大昌-新店,2024-11-15,6464
2618,長榮航,116,89,27,大昌-新店,2024-11-15,6464
1303,南亞,28,5,23,大昌-新店,2024-11-15,6464
2606,裕民,25,2,23,大昌-新店,2024-11-15,6464
2476,鉅祥,24,1,23,大昌-新店,2024-11-15,6464
1587,吉茂,28,6,22,大昌-新店,2024-11-15,6464
2834,臺企銀,22,1,21,大昌-新店,2024-11-15,6464
00953B,群益優選非投等債,21,0,21,大昌-新店,2024-11-15,6464
6005,群益證,20,0,20,大昌-新店,2024-11-15,6464
3013,晟銘電,33,14,19,大昌-新店,2024-11-15,6464
00929,復華台灣科技優息,39,21,18,大昌-新店,2024-11-15,6464
2362,藍天,22,5,17,大昌-新店,2024-11-15,6464
3615,安可,21,4,17,大昌-新店,2024-11-15,6464
5324,士開,16,0,16,大昌-新店,2024-11-15,6464
3017,奇鋐,27,12,15,大昌-新店,2024-11-15,6464
00679B,元大美債20年,16,1,15,大昌-新店,2024-11-15,6464
4979,華星光,23,8,15,大昌-新店,2024-11-15,6464
2449,京元電子,21,7,14,大昌-新店,2024-11-15,6464
3625,西勝,22,8,14,大昌-新店,2024-11-15,6464
9105,泰金寶-DR,128,114,14,大昌-新店,2024-11-15,6464
2330,台積電,19,5,14,大昌-新店,2024-11-15,6464
2601,益航,13,0,13,大昌-新店,2024-11-15,6464
00940,元大台灣價值高息,17,4,13,大昌-新店,2024-11-15,6464
2301,光寶科,16,4,12,大昌-新店,2024-11-15,6464
2392,正崴,80,68,12,大昌-新店,2024-11-15,6464
00891,中信關鍵半導體,20,8,12,大昌-新店,2024-11-15,6464
3323,加百裕,17,5,12,大昌-新店,2024-11-15,6464
2455,全新,12,0,12,大昌-新店,2024-11-15,6464
3062,建漢,769,36,733,大昌-新店,2024-11-18,6464
00878,國泰永續高股息,297,36,261,大昌-新店,2024-11-18,6464
3702A,大聯大甲特,188,0,188,大昌-新店,2024-11-18,6464
2312,金寶,229,94,135,大昌-新店,2024-11-18,6464
00929,復華台灣科技優息,138,29,109,大昌-新店,2024-11-18,6464
0056,元大高股息,80,5,75,大昌-新店,2024-11-18,6464
00943,兆豐電子高息等權,70,0,70,大昌-新店,2024-11-18,6464
9105,泰金寶-DR,167,101,66,大昌-新店,2024-11-18,6464
2610,華航,77,13,64,大昌-新店,2024-11-18,6464
00887,永豐中國科技50大,78,16,62,大昌-新店,2024-11-18,6464
00918,大華優利高填息30,52,5,47,大昌-新店,2024-11-18,6464
00650L,復華香港正2,51,4,47,大昌-新店,2024-11-18,6464
2324,仁寶,64,17,47,大昌-新店,2024-11-18,6464
00669R,國泰美國道瓊反1,46,0,46,大昌-新店,2024-11-18,6464
2317,鴻海,66,21,45,大昌-新店,2024-11-18,6464
2356,英業達,69,25,44,大昌-新店,2024-11-18,6464
1815,富喬,48,4,44,大昌-新店,2024-11-18,6464
2905,三商,42,2,40,大昌-新店,2024-11-18,6464
2881,富邦金,40,3,37,大昌-新店,2024-11-18,6464
2344,華邦電,56,20,36,大昌-新店,2024-11-18,6464
2353,宏��,33,0,33,大昌-新店,2024-11-18,6464
1312,國喬,34,3,31,大昌-新店,2024-11-18,6464
4306,炎洲,31,0,31,大昌-新店,2024-11-18,6464
2354,鴻準,127,101,26,大昌-新店,2024-11-18,6464
4927,泰鼎-KY,27,1,26,大昌-新店,2024-11-18,6464
00715L,期街口布蘭特正2,25,0,25,大昌-新店,2024-11-18,6464
2409,友達,30,5,25,大昌-新店,2024-11-18,6464
2330,台積電,32,7,25,大昌-新店,2024-11-18,6464
3511,矽瑪,30,7,23,大昌-新店,2024-11-18,6464
3231,緯創,40,17,23,大昌-新店,2024-11-18,6464
2605,新興,24,3,21,大昌-新店,2024-11-18,6464
2603,長榮,32,11,21,大昌-新店,2024-11-18,6464
2646,星宇航空,22,2,20,大昌-新店,2024-11-18,6464
00642U,期元大S＆P石油,20,0,20,大昌-新店,2024-11-18,6464
6274,台燿,17,1,16,大昌-新店,2024-11-18,6464
00930,永豐ESG低碳高息,15,0,15,大昌-新店,2024-11-18,6464
4168,醣聯,15,0,15,大昌-新店,2024-11-18,6464
00713,元大台灣高息低波,15,1,14,大昌-新店,2024-11-18,6464
8044,網家,30,16,14,大昌-新店,2024-11-18,6464
5512,力麒,14,0,14,大昌-新店,2024-11-18,6464
6753,龍德造船,13,0,13,大昌-新店,2024-11-18,6464
3290,東浦,15,2,13,大昌-新店,2024-11-18,6464
3689,湧德,34,21,13,大昌-新店,2024-11-18,6464
6188,廣明,15,2,13,大昌-新店,2024-11-18,6464
00935,野村臺灣新科技50,13,0,13,大昌-新店,2024-11-18,6464
4513,福裕,13,0,13,大昌-新店,2024-11-18,6464
6215,和椿,17,4,13,大昌-新店,2024-11-18,6464
00939,統一台灣高息動能,13,0,13,大昌-新店,2024-11-18,6464
00830,國泰費城半導體,13,0,13,大昌-新店,2024-11-18,6464
006208,富邦台50,15,2,13,大昌-新店,2024-11-18,6464
00953B,群益優選非投等債,435,0,435,大昌-新店,2024-11-19,6464
2892,第一金,202,13,189,大昌-新店,2024-11-19,6464
00637L,元大滬深300正2,451,340,111,大昌-新店,2024-11-19,6464
2888,新光金,117,13,104,大昌-新店,2024-11-19,6464
2347,聯強,90,2,88,大昌-新店,2024-11-19,6464
2886,兆豐金,105,27,78,大昌-新店,2024-11-19,6464
00878,國泰永續高股息,75,5,70,大昌-新店,2024-11-19,6464
00664R,國泰臺灣加權反1,185,120,65,大昌-新店,2024-11-19,6464
00753L,中信中國50正2,61,0,61,大昌-新店,2024-11-19,6464
3481,群創,88,34,54,大昌-新店,2024-11-19,6464
3702A,大聯大甲特,50,0,50,大昌-新店,2024-11-19,6464
3024,憶聲,39,0,39,大昌-新店,2024-11-19,6464
4807,日成-KY,31,0,31,大昌-新店,2024-11-19,6464
00945B,凱基美國非投等債,30,0,30,大昌-新店,2024-11-19,6464
2349,錸德,37,13,24,大昌-新店,2024-11-19,6464
2317,鴻海,42,18,24,大昌-新店,2024-11-19,6464
2324,仁寶,37,14,23,大昌-新店,2024-11-19,6464
3032,偉訓,43,21,22,大昌-新店,2024-11-19,6464
00830,國泰費城半導體,21,0,21,大昌-新店,2024-11-19,6464
8150,南茂,21,0,21,大昌-新店,2024-11-19,6464
1102,亞泥,21,0,21,大昌-新店,2024-11-19,6464
2891,中信金,21,1,20,大昌-新店,2024-11-19,6464
5014,建錩,20,0,20,大昌-新店,2024-11-19,6464
2103,台橡,20,0,20,大昌-新店,2024-11-19,6464
3047,訊舟,26,7,19,大昌-新店,2024-11-19,6464
2408,南亞科,22,3,19,大昌-新店,2024-11-19,6464
9904,寶成,25,6,19,大昌-新店,2024-11-19,6464
6213,聯茂,20,2,18,大昌-新店,2024-11-19,6464
00887,永豐中國科技50大,17,0,17,大昌-新店,2024-11-19,6464
2392,正崴,38,22,16,大昌-新店,2024-11-19,6464
1319,東陽,24,8,16,大昌-新店,2024-11-19,6464
2382,廣達,36,20,16,大昌-新店,2024-11-19,6464
4306,炎洲,16,1,15,大昌-新店,2024-11-19,6464
00795B,中信美國公債20年,15,0,15,大昌-新店,2024-11-19,6464
2486,一詮,18,4,14,大昌-新店,2024-11-19,6464
2385,群光,18,5,13,大昌-新店,2024-11-19,6464
1301,台塑,33,20,13,大昌-新店,2024-11-19,6464
3019,亞光,59,47,12,大昌-新店,2024-11-19,6464
2431,聯昌,21,10,11,大昌-新店,2024-11-19,6464
5521,工信,11,0,11,大昌-新店,2024-11-19,6464
00948B,中信優息投資級債,11,0,11,大昌-新店,2024-11-19,6464
2337,旺宏,13,2,11,大昌-新店,2024-11-19,6464
3710,連展投控,16,5,11,大昌-新店,2024-11-19,6464
1721,三晃,11,1,10,大昌-新店,2024-11-19,6464
1532,勤美,10,0,10,大昌-新店,2024-11-19,6464
2836,高雄銀,10,0,10,大昌-新店,2024-11-19,6464
3532,台勝科,10,0,10,大昌-新店,2024-11-19,6464
00932,兆豐永續高息等權,17,7,10,大昌-新店,2024-11-19,6464
2371,大同,36,27,9,大昌-新店,2024-11-19,6464
3217,優群,9,0,9,大昌-新店,2024-11-19,6464
2371,大同,281,2,279,大昌-新店,2024-11-20,6464
2354,鴻準,204,54,150,大昌-新店,2024-11-20,6464
2892,第一金,100,1,99,大昌-新店,2024-11-20,6464
2312,金寶,109,32,77,大昌-新店,2024-11-20,6464
2356,英業達,88,13,75,大昌-新店,2024-11-20,6464
3209,全科,72,0,72,大昌-新店,2024-11-20,6464
00929,復華台灣科技優息,70,13,57,大昌-新店,2024-11-20,6464
00650L,復華香港正2,51,2,49,大昌-新店,2024-11-20,6464
00878,國泰永續高股息,52,7,45,大昌-新店,2024-11-20,6464
2882,國泰金,43,0,43,大昌-新店,2024-11-20,6464
00943,兆豐電子高息等權,35,0,35,大昌-新店,2024-11-20,6464
2834,臺企銀,54,20,34,大昌-新店,2024-11-20,6464
3511,矽瑪,53,19,34,大昌-新店,2024-11-20,6464
0056,元大高股息,32,1,31,大昌-新店,2024-11-20,6464
1815,富喬,49,19,30,大昌-新店,2024-11-20,6464
8261,富鼎,31,1,30,大昌-新店,2024-11-20,6464
3702A,大聯大甲特,30,0,30,大昌-新店,2024-11-20,6464
2027,大成鋼,31,2,29,大昌-新店,2024-11-20,6464
2353,宏��,31,2,29,大昌-新店,2024-11-20,6464
3323,加百裕,31,2,29,大昌-新店,2024-11-20,6464
2303,聯電,48,21,27,大昌-新店,2024-11-20,6464
00830,國泰費城半導體,23,0,23,大昌-新店,2024-11-20,6464
4956,光鋐,31,9,22,大昌-新店,2024-11-20,6464
5465,富驊,22,0,22,大昌-新店,2024-11-20,6464
9904,寶成,21,0,21,大昌-新店,2024-11-20,6464
1609,大亞,22,2,20,大昌-新店,2024-11-20,6464
6257,矽格,21,2,19,大昌-新店,2024-11-20,6464
2929,淘帝-KY,20,1,19,大昌-新店,2024-11-20,6464
8107,大億金茂,18,0,18,大昌-新店,2024-11-20,6464
2605,新興,23,6,17,大昌-新店,2024-11-20,6464
2330,台積電,23,6,17,大昌-新店,2024-11-20,6464
2504,國產,26,10,16,大昌-新店,2024-11-20,6464
00713,元大台灣高息低波,16,0,16,大昌-新店,2024-11-20,6464
3162,精確,16,0,16,大昌-新店,2024-11-20,6464
3450,聯鈞,39,24,15,大昌-新店,2024-11-20,6464
4979,華星光,20,5,15,大昌-新店,2024-11-20,6464
2885,元大金,17,2,15,大昌-新店,2024-11-20,6464
00669R,國泰美國道瓊反1,14,0,14,大昌-新店,2024-11-20,6464
1303,南亞,16,3,13,大昌-新店,2024-11-20,6464
2646,星宇航空,14,1,13,大昌-新店,2024-11-20,6464
3090,日電貿,15,2,13,大昌-新店,2024-11-20,6464
3625,西勝,14,1,13,大昌-新店,2024-11-20,6464
00877,復華中國5G,15,3,12,大昌-新店,2024-11-20,6464
3406,玉晶光,14,2,12,大昌-新店,2024-11-20,6464
3036A,文曄甲特,12,0,12,大昌-新店,2024-11-20,6464
4746,台耀,18,6,12,大昌-新店,2024-11-20,6464
2449,京元電子,12,1,11,大昌-新店,2024-11-20,6464
006208,富邦台50,12,1,11,大昌-新店,2024-11-20,6464
4306,炎洲,11,0,11,大昌-新店,2024-11-20,6464
00930,永豐ESG低碳高息,11,0,11,大昌-新店,2024-11-20,6464
2324,仁寶,156,9,147,大昌-新店,2024-11-21,6464
00887,永豐中國科技50大,200,65,135,大昌-新店,2024-11-21,6464
2353,宏��,89,23,66,大昌-新店,2024-11-21,6464
00665L,富邦�琤肭磪囓�2,110,45,65,大昌-新店,2024-11-21,6464
00753L,中信中國50正2,70,8,62,大昌-新店,2024-11-21,6464
00878,國泰永續高股息,61,1,60,大昌-新店,2024-11-21,6464
2303,聯電,64,15,49,大昌-新店,2024-11-21,6464
00669R,國泰美國道瓊反1,47,0,47,大昌-新店,2024-11-21,6464
00650L,復華香港正2,50,4,46,大昌-新店,2024-11-21,6464
0056,元大高股息,54,15,39,大昌-新店,2024-11-21,6464
00850,元大臺灣ESG永續,36,0,36,大昌-新店,2024-11-21,6464
00882,中信中國高股息,50,17,33,大昌-新店,2024-11-21,6464
2317,鴻海,57,27,30,大昌-新店,2024-11-21,6464
3702A,大聯大甲特,30,0,30,大昌-新店,2024-11-21,6464
00946,群益科技高息成長,30,0,30,大昌-新店,2024-11-21,6464
2344,華邦電,36,7,29,大昌-新店,2024-11-21,6464
00919,群益台灣精選高息,30,2,28,大昌-新店,2024-11-21,6464
2354,鴻準,76,49,27,大昌-新店,2024-11-21,6464
2881,富邦金,27,1,26,大昌-新店,2024-11-21,6464
9907,統一實,24,0,24,大昌-新店,2024-11-21,6464
1528,恩德,26,3,23,大昌-新店,2024-11-21,6464
3545,敦泰,26,3,23,大昌-新店,2024-11-21,6464
2474,可成,22,0,22,大昌-新店,2024-11-21,6464
2890,永豐金,21,0,21,大昌-新店,2024-11-21,6464
00652,富邦印度,20,0,20,大昌-新店,2024-11-21,6464
4772,台特化,20,0,20,大昌-新店,2024-11-21,6464
1457,宜進,20,0,20,大昌-新店,2024-11-21,6464
2204,中華,110,90,20,大昌-新店,2024-11-21,6464
1809,中釉,20,1,19,大昌-新店,2024-11-21,6464
5880,合庫金,17,0,17,大昌-新店,2024-11-21,6464
00712,復華富時不動產,16,0,16,大昌-新店,2024-11-21,6464
2330,台積電,20,4,16,大昌-新店,2024-11-21,6464
1611,中電,17,2,15,大昌-新店,2024-11-21,6464
1301,台塑,36,22,14,大昌-新店,2024-11-21,6464
6213,聯茂,20,6,14,大昌-新店,2024-11-21,6464
006208,富邦台50,14,1,13,大昌-新店,2024-11-21,6464
3290,東浦,15,2,13,大昌-新店,2024-11-21,6464
2371,大同,33,21,12,大昌-新店,2024-11-21,6464
2882,國泰金,14,2,12,大昌-新店,2024-11-21,6464
2477,美隆電,13,1,12,大昌-新店,2024-11-21,6464
2027,大成鋼,12,1,11,大昌-新店,2024-11-21,6464
2867,三商壽,11,0,11,大昌-新店,2024-11-21,6464
00881,國泰台灣5G+,11,0,11,大昌-新店,2024-11-21,6464
2308,台達電,15,4,11,大昌-新店,2024-11-21,6464
3017,奇鋐,18,7,11,大昌-新店,2024-11-21,6464
2836,高雄銀,10,0,10,大昌-新店,2024-11-21,6464
2351,順德,11,1,10,大昌-新店,2024-11-21,6464
3209,全科,10,0,10,大昌-新店,2024-11-21,6464
2883B,凱基金乙特,10,0,10,大昌-新店,2024-11-21,6464
1721,三晃,20,10,10,大昌-新店,2024-11-21,6464
00887,永豐中國科技50大,399,15,384,大昌-新店,2024-11-22,6464
2204,中華,322,20,302,大昌-新店,2024-11-22,6464
00637L,元大滬深300正2,317,52,265,大昌-新店,2024-11-22,6464
2891,中信金,248,5,243,大昌-新店,2024-11-22,6464
00632R,元大台灣50反1,313,141,172,大昌-新店,2024-11-22,6464
00665L,富邦�琤肭磪囓�2,160,0,160,大昌-新店,2024-11-22,6464
00753L,中信中國50正2,159,17,142,大昌-新店,2024-11-22,6464
2867,三商壽,108,0,108,大昌-新店,2024-11-22,6464
2609,陽明,136,60,76,大昌-新店,2024-11-22,6464
2356,英業達,164,89,75,大昌-新店,2024-11-22,6464
1609,大亞,77,7,70,大昌-新店,2024-11-22,6464
2486,一詮,81,14,67,大昌-新店,2024-11-22,6464
2317,鴻海,68,11,57,大昌-新店,2024-11-22,6464
00882,中信中國高股息,60,7,53,大昌-新店,2024-11-22,6464
1611,中電,55,3,52,大昌-新店,2024-11-22,6464
2303,聯電,76,25,51,大昌-新店,2024-11-22,6464
3027,盛達,70,20,50,大昌-新店,2024-11-22,6464
00650L,復華香港正2,50,2,48,大昌-新店,2024-11-22,6464
00878,國泰永續高股息,52,12,40,大昌-新店,2024-11-22,6464
8163,達方,47,7,40,大昌-新店,2024-11-22,6464
00930,永豐ESG低碳高息,38,6,32,大昌-新店,2024-11-22,6464
2408,南亞科,33,3,30,大昌-新店,2024-11-22,6464
2929,淘帝-KY,29,0,29,大昌-新店,2024-11-22,6464
5876,上海商銀,39,11,28,大昌-新店,2024-11-22,6464
8104,錸寶,30,3,27,大昌-新店,2024-11-22,6464
2615,萬海,59,33,26,大昌-新店,2024-11-22,6464
2348,海悅,26,0,26,大昌-新店,2024-11-22,6464
5324,士開,25,0,25,大昌-新店,2024-11-22,6464
2353,宏��,41,17,24,大昌-新店,2024-11-22,6464
2201,裕隆,23,1,22,大昌-新店,2024-11-22,6464
2887,台新金,21,0,21,大昌-新店,2024-11-22,6464
3019,亞光,49,29,20,大昌-新店,2024-11-22,6464
4772,台特化,20,0,20,大昌-新店,2024-11-22,6464
1815,富喬,182,162,20,大昌-新店,2024-11-22,6464
2603,長榮,32,13,19,大昌-新店,2024-11-22,6464
00953B,群益優選非投等債,19,0,19,大昌-新店,2024-11-22,6464
2444,兆勁,30,12,18,大昌-新店,2024-11-22,6464
6770,力積電,37,20,17,大昌-新店,2024-11-22,6464
1471,首利,21,4,17,大昌-新店,2024-11-22,6464
9105,泰金寶-DR,180,163,17,大昌-新店,2024-11-22,6464
8131,福懋科,15,0,15,大昌-新店,2024-11-22,6464
00960,野村全球航運龍頭,21,6,15,大昌-新店,2024-11-22,6464
5315,光聯,20,5,15,大昌-新店,2024-11-22,6464
6506,雙邦,15,1,14,大昌-新店,2024-11-22,6464
2605,新興,13,0,13,大昌-新店,2024-11-22,6464
2882,國泰金,14,1,13,大昌-新店,2024-11-22,6464
00877,復華中國5G,20,8,12,大昌-新店,2024-11-22,6464
00909,國泰數位支付服務,12,0,12,大昌-新店,2024-11-22,6464
2349,錸德,29,17,12,大昌-新店,2024-11-22,6464
00669R,國泰美國道瓊反1,11,0,11,大昌-新店,2024-11-22,6464
00887,永豐中國科技50大,737,5,732,大昌-新店,2024-11-25,6464
00753L,中信中國50正2,220,16,204,大昌-新店,2024-11-25,6464
00637L,元大滬深300正2,195,7,188,大昌-新店,2024-11-25,6464
2603,長榮,150,37,113,大昌-新店,2024-11-25,6464
2891,中信金,112,5,107,大昌-新店,2024-11-25,6464
2371,大同,117,40,77,大昌-新店,2024-11-25,6464
00919,群益台灣精選高息,78,11,67,大昌-新店,2024-11-25,6464
2312,金寶,277,218,59,大昌-新店,2024-11-25,6464
2834,臺企銀,102,51,51,大昌-新店,2024-11-25,6464
9105,泰金寶-DR,234,184,50,大昌-新店,2024-11-25,6464
2618,長榮航,67,18,49,大昌-新店,2024-11-25,6464
1809,中釉,53,12,41,大昌-新店,2024-11-25,6464
6506,雙邦,36,0,36,大昌-新店,2024-11-25,6464
6546,正基,45,11,34,大昌-新店,2024-11-25,6464
9933,中鼎,31,0,31,大昌-新店,2024-11-25,6464
006206,元大上證50,30,0,30,大昌-新店,2024-11-25,6464
4807,日成-KY,30,0,30,大昌-新店,2024-11-25,6464
2449,京元電子,50,22,28,大昌-新店,2024-11-25,6464
5876,上海商銀,25,0,25,大昌-新店,2024-11-25,6464
00882,中信中國高股息,81,56,25,大昌-新店,2024-11-25,6464
1301,台塑,41,16,25,大昌-新店,2024-11-25,6464
5465,富驊,48,24,24,大昌-新店,2024-11-25,6464
6706,惠特,24,0,24,大昌-新店,2024-11-25,6464
3706,神達,105,82,23,大昌-新店,2024-11-25,6464
6288,聯嘉,25,4,21,大昌-新店,2024-11-25,6464
1721,三晃,20,0,20,大昌-新店,2024-11-25,6464
2605,新興,21,2,19,大昌-新店,2024-11-25,6464
3617,碩天,30,11,19,大昌-新店,2024-11-25,6464
2615,萬海,47,29,18,大昌-新店,2024-11-25,6464
2609,陽明,60,42,18,大昌-新店,2024-11-25,6464
00633L,富邦上証正2,23,5,18,大昌-新店,2024-11-25,6464
2344,華邦電,26,10,16,大昌-新店,2024-11-25,6464
2362,藍天,21,5,16,大昌-新店,2024-11-25,6464
00673R,期元大S＆P原油反1,15,0,15,大昌-新店,2024-11-25,6464
8261,富鼎,27,13,14,大昌-新店,2024-11-25,6464
3037,欣興,16,3,13,大昌-新店,2024-11-25,6464
00918,大華優利高填息30,13,0,13,大昌-新店,2024-11-25,6464
2337,旺宏,15,2,13,大昌-新店,2024-11-25,6464
1101,台泥,17,4,13,大昌-新店,2024-11-25,6464
2474,可成,12,0,12,大昌-新店,2024-11-25,6464
1905,華紙,12,0,12,大昌-新店,2024-11-25,6464
1802,台玻,37,26,11,大昌-新店,2024-11-25,6464
3149,正達,19,8,11,大昌-新店,2024-11-25,6464
00953B,群益優選非投等債,11,0,11,大昌-新店,2024-11-25,6464
6191,精成科,21,10,11,大昌-新店,2024-11-25,6464
6257,矽格,11,0,11,大昌-新店,2024-11-25,6464
2915,潤泰全,10,0,10,大昌-新店,2024-11-25,6464
8131,福懋科,10,0,10,大昌-新店,2024-11-25,6464
3545,敦泰,10,0,10,大昌-新店,2024-11-25,6464
3030,德律,10,0,10,大昌-新店,2024-11-25,6464
2371,大同,600,184,416,大昌-新店,2024-11-26,6464
00687B,國泰20年美債,324,5,319,大昌-新店,2024-11-26,6464
00708L,期元大S＆P黃金正2,300,0,300,大昌-新店,2024-11-26,6464
00919,群益台灣精選高息,209,12,197,大昌-新店,2024-11-26,6464
00669R,國泰美國道瓊反1,118,0,118,大昌-新店,2024-11-26,6464
2317,鴻海,147,45,102,大昌-新店,2024-11-26,6464
00882,中信中國高股息,98,0,98,大昌-新店,2024-11-26,6464
3706,神達,150,64,86,大昌-新店,2024-11-26,6464
2344,華邦電,119,37,82,大昌-新店,2024-11-26,6464
9105,泰金寶-DR,142,75,67,大昌-新店,2024-11-26,6464
00878,國泰永續高股息,61,3,58,大昌-新店,2024-11-26,6464
2890,永豐金,60,3,57,大昌-新店,2024-11-26,6464
2324,仁寶,79,31,48,大昌-新店,2024-11-26,6464
00887,永豐中國科技50大,70,24,46,大昌-新店,2024-11-26,6464
00637L,元大滬深300正2,76,33,43,大昌-新店,2024-11-26,6464
2367,燿華,62,19,43,大昌-新店,2024-11-26,6464
00930,永豐ESG低碳高息,36,0,36,大昌-新店,2024-11-26,6464
00753L,中信中國50正2,53,18,35,大昌-新店,2024-11-26,6464
2609,陽明,53,20,33,大昌-新店,2024-11-26,6464
2102,泰豐,30,0,30,大昌-新店,2024-11-26,6464
1303,南亞,35,5,30,大昌-新店,2024-11-26,6464
2498,宏達電,43,14,29,大昌-新店,2024-11-26,6464
5309,系統電,59,32,27,大昌-新店,2024-11-26,6464
1611,中電,27,0,27,大昌-新店,2024-11-26,6464
2880,華南金,26,0,26,大昌-新店,2024-11-26,6464
3090,日電貿,27,3,24,大昌-新店,2024-11-26,6464
2426,鼎元,40,16,24,大昌-新店,2024-11-26,6464
00929,復華台灣科技優息,23,0,23,大昌-新店,2024-11-26,6464
3323,加百裕,59,37,22,大昌-新店,2024-11-26,6464
2449,京元電子,23,3,20,大昌-新店,2024-11-26,6464
1337,再生-KY,20,0,20,大昌-新店,2024-11-26,6464
3511,矽瑪,42,22,20,大昌-新店,2024-11-26,6464
4772,台特化,20,0,20,大昌-新店,2024-11-26,6464
00965,元大航太防衛科技,20,0,20,大昌-新店,2024-11-26,6464
00940,元大台灣價值高息,20,0,20,大昌-新店,2024-11-26,6464
1727,中華化,20,1,19,大昌-新店,2024-11-26,6464
2330,台積電,24,6,18,大昌-新店,2024-11-26,6464
2615,萬海,39,21,18,大昌-新店,2024-11-26,6464
3303,岱稜,20,2,18,大昌-新店,2024-11-26,6464
9904,寶成,27,9,18,大昌-新店,2024-11-26,6464
2332,友訊,27,10,17,大昌-新店,2024-11-26,6464
00918,大華優利高填息30,17,0,17,大昌-新店,2024-11-26,6464
00664R,國泰臺灣加權反1,37,20,17,大昌-新店,2024-11-26,6464
6770,力積電,28,12,16,大昌-新店,2024-11-26,6464
006208,富邦台50,16,0,16,大昌-新店,2024-11-26,6464
5398,慕康生醫,15,0,15,大昌-新店,2024-11-26,6464
2887,台新金,16,2,14,大昌-新店,2024-11-26,6464
3034,聯詠,15,1,14,大昌-新店,2024-11-26,6464
2419,仲琦,44,30,14,大昌-新店,2024-11-26,6464
6558,興能高,40,27,13,大昌-新店,2024-11-26,6464
2392,正崴,723,37,686,大昌-新店,2024-11-27,6464
00940,元大台灣價值高息,362,4,358,大昌-新店,2024-11-27,6464
2303,聯電,329,33,296,大昌-新店,2024-11-27,6464
00919,群益台灣精選高息,228,0,228,大昌-新店,2024-11-27,6464
00878,國泰永續高股息,212,15,197,大昌-新店,2024-11-27,6464
0056,元大高股息,214,23,191,大昌-新店,2024-11-27,6464
2204,中華,220,33,187,大昌-新店,2024-11-27,6464
8358,金居,153,0,153,大昌-新店,2024-11-27,6464
00669R,國泰美國道瓊反1,120,0,120,大昌-新店,2024-11-27,6464
2444,兆勁,115,0,115,大昌-新店,2024-11-27,6464
2603,長榮,151,38,113,大昌-新店,2024-11-27,6464
3231,緯創,162,50,112,大昌-新店,2024-11-27,6464
2610,華航,203,91,112,大昌-新店,2024-11-27,6464
00918,大華優利高填息30,86,0,86,大昌-新店,2024-11-27,6464
2317,鴻海,145,60,85,大昌-新店,2024-11-27,6464
00960,野村全球航運龍頭,68,4,64,大昌-新店,2024-11-27,6464
00665L,富邦�琤肭磪囓�2,64,0,64,大昌-新店,2024-11-27,6464
2337,旺宏,57,0,57,大昌-新店,2024-11-27,6464
9103,美德醫療-DR,50,0,50,大昌-新店,2024-11-27,6464
2344,華邦電,108,60,48,大昌-新店,2024-11-27,6464
00930,永豐ESG低碳高息,49,2,47,大昌-新店,2024-11-27,6464
00850,元大臺灣ESG永續,44,0,44,大昌-新店,2024-11-27,6464
3049,精金,46,3,43,大昌-新店,2024-11-27,6464
9105,泰金寶-DR,246,204,42,大昌-新店,2024-11-27,6464
2891,中信金,42,0,42,大昌-新店,2024-11-27,6464
2609,陽明,145,104,41,大昌-新店,2024-11-27,6464
9919,康那香,40,0,40,大昌-新店,2024-11-27,6464
6175,立敦,48,8,40,大昌-新店,2024-11-27,6464
2615,萬海,102,66,36,大昌-新店,2024-11-27,6464
3047,訊舟,38,5,33,大昌-新店,2024-11-27,6464
2362,藍天,38,6,32,大昌-新店,2024-11-27,6464
2330,台積電,37,8,29,大昌-新店,2024-11-27,6464
1605,華新,37,8,29,大昌-新店,2024-11-27,6464
00881,國泰台灣5G+,29,0,29,大昌-新店,2024-11-27,6464
2367,燿華,30,4,26,大昌-新店,2024-11-27,6464
6770,力積電,25,0,25,大昌-新店,2024-11-27,6464
3037,欣興,27,2,25,大昌-新店,2024-11-27,6464
4157,太景*-KY,23,0,23,大昌-新店,2024-11-27,6464
00891,中信關鍵半導體,23,0,23,大昌-新店,2024-11-27,6464
1721,三晃,22,0,22,大昌-新店,2024-11-27,6464
2323,中環,22,0,22,大昌-新店,2024-11-27,6464
6488,環球晶,21,0,21,大昌-新店,2024-11-27,6464
2883,凱基金,23,2,21,大昌-新店,2024-11-27,6464
2014,中鴻,30,10,20,大昌-新店,2024-11-27,6464
1466,聚隆,20,0,20,大昌-新店,2024-11-27,6464
3532,台勝科,20,0,20,大昌-新店,2024-11-27,6464
6148,驊宏資,20,1,19,大昌-新店,2024-11-27,6464
2641,正德,20,1,19,大昌-新店,2024-11-27,6464
0050,元大台灣50,23,5,18,大昌-新店,2024-11-27,6464
1524,耿鼎,19,1,18,大昌-新店,2024-11-27,6464
2312,金寶,283,36,247,大昌-新店,2024-11-28,6464
00878,國泰永續高股息,224,1,223,大昌-新店,2024-11-28,6464
1802,台玻,210,9,201,大昌-新店,2024-11-28,6464
00669R,國泰美國道瓊反1,155,0,155,大昌-新店,2024-11-28,6464
2303,聯電,238,87,151,大昌-新店,2024-11-28,6464
3481,群創,157,30,127,大昌-新店,2024-11-28,6464
00686R,群益臺灣加權反1,115,0,115,大昌-新店,2024-11-28,6464
00919,群益台灣精選高息,117,6,111,大昌-新店,2024-11-28,6464
2845,遠東銀,143,40,103,大昌-新店,2024-11-28,6464
2610,華航,123,26,97,大昌-新店,2024-11-28,6464
2332,友訊,121,46,75,大昌-新店,2024-11-28,6464
00637L,元大滬深300正2,88,26,62,大昌-新店,2024-11-28,6464
9919,康那香,73,13,60,大昌-新店,2024-11-28,6464
2408,南亞科,61,4,57,大昌-新店,2024-11-28,6464
00940,元大台灣價值高息,64,11,53,大昌-新店,2024-11-28,6464
00882,中信中國高股息,160,113,47,大昌-新店,2024-11-28,6464
2344,華邦電,72,27,45,大昌-新店,2024-11-28,6464
0056,元大高股息,72,31,41,大昌-新店,2024-11-28,6464
2834,臺企銀,38,1,37,大昌-新店,2024-11-28,6464
2356,英業達,52,16,36,大昌-新店,2024-11-28,6464
00918,大華優利高填息30,41,8,33,大昌-新店,2024-11-28,6464
00930,永豐ESG低碳高息,34,2,32,大昌-新店,2024-11-28,6464
1466,聚隆,32,1,31,大昌-新店,2024-11-28,6464
3323,加百裕,72,42,30,大昌-新店,2024-11-28,6464
3702A,大聯大甲特,30,0,30,大昌-新店,2024-11-28,6464
2903,遠百,30,0,30,大昌-新店,2024-11-28,6464
2399,映泰,34,7,27,大昌-新店,2024-11-28,6464
2882,國泰金,26,0,26,大昌-新店,2024-11-28,6464
5309,系統電,70,44,26,大昌-新店,2024-11-28,6464
4991,環宇-KY,27,2,25,大昌-新店,2024-11-28,6464
1536,和大,45,21,24,大昌-新店,2024-11-28,6464
00915,凱基優選高股息30,25,2,23,大昌-新店,2024-11-28,6464
3511,矽瑪,24,1,23,大昌-新店,2024-11-28,6464
1605,華新,30,7,23,大昌-新店,2024-11-28,6464
2603,長榮,48,25,23,大昌-新店,2024-11-28,6464
4956,光鋐,22,0,22,大昌-新店,2024-11-28,6464
3037,欣興,29,8,21,大昌-新店,2024-11-28,6464
2323,中環,21,0,21,大昌-新店,2024-11-28,6464
2102,泰豐,20,0,20,大昌-新店,2024-11-28,6464
2615,萬海,48,28,20,大昌-新店,2024-11-28,6464
00943,兆豐電子高息等權,18,0,18,大昌-新店,2024-11-28,6464
1314,中石化,63,45,18,大昌-新店,2024-11-28,6464
3234,光環,17,0,17,大昌-新店,2024-11-28,6464
2354,鴻準,55,39,16,大昌-新店,2024-11-28,6464
2498,宏達電,14,0,14,大昌-新店,2024-11-28,6464
00877,復華中國5G,36,23,13,大昌-新店,2024-11-28,6464
5531,鄉林,13,0,13,大昌-新店,2024-11-28,6464
2313,華通,25,13,12,大昌-新店,2024-11-28,6464
00922,國泰台灣領袖50,12,0,12,大昌-新店,2024-11-28,6464
8171,天宇,13,2,11,大昌-新店,2024-11-28,6464
2324,仁寶,170,6,164,大昌-新店,2024-11-29,6464
00632R,元大台灣50反1,111,20,91,大昌-新店,2024-11-29,6464
2303,聯電,98,28,70,大昌-新店,2024-11-29,6464
2609,陽明,129,59,70,大昌-新店,2024-11-29,6464
00669R,國泰美國道瓊反1,61,0,61,大昌-新店,2024-11-29,6464
00919,群益台灣精選高息,62,1,61,大昌-新店,2024-11-29,6464
00878,國泰永續高股息,71,15,56,大昌-新店,2024-11-29,6464
0056,元大高股息,55,1,54,大昌-新店,2024-11-29,6464
5309,系統電,161,112,49,大昌-新店,2024-11-29,6464
2317,鴻海,69,21,48,大昌-新店,2024-11-29,6464
3003,健和興,42,1,41,大昌-新店,2024-11-29,6464
1301,台塑,46,5,41,大昌-新店,2024-11-29,6464
3090,日電貿,45,5,40,大昌-新店,2024-11-29,6464
9105,泰金寶-DR,111,72,39,大昌-新店,2024-11-29,6464
2618,長榮航,50,12,38,大昌-新店,2024-11-29,6464
5880,合庫金,36,1,35,大昌-新店,2024-11-29,6464
2002,中鋼,36,2,34,大昌-新店,2024-11-29,6464
8240,華宏,30,0,30,大昌-新店,2024-11-29,6464
8112,至上,34,6,28,大昌-新店,2024-11-29,6464
2312,金寶,90,63,27,大昌-新店,2024-11-29,6464
2882,國泰金,28,1,27,大昌-新店,2024-11-29,6464
2392,正崴,50,24,26,大昌-新店,2024-11-29,6464
2344,華邦電,38,12,26,大昌-新店,2024-11-29,6464
3211,順達,81,58,23,大昌-新店,2024-11-29,6464
9958,世紀鋼,27,4,23,大昌-新店,2024-11-29,6464
2615,萬海,29,7,22,大昌-新店,2024-11-29,6464
00965,元大航太防衛科技,22,0,22,大昌-新店,2024-11-29,6464
2356,英業達,46,26,20,大昌-新店,2024-11-29,6464
3702A,大聯大甲特,20,0,20,大昌-新店,2024-11-29,6464
2330,台積電,23,4,19,大昌-新店,2024-11-29,6464
6143,振曜,22,3,19,大昌-新店,2024-11-29,6464
2881,富邦金,19,1,18,大昌-新店,2024-11-29,6464
1313,聯成,17,0,17,大昌-新店,2024-11-29,6464
2913,農林,17,0,17,大昌-新店,2024-11-29,6464
3338,泰碩,16,0,16,大昌-新店,2024-11-29,6464
1326,台化,19,3,16,大昌-新店,2024-11-29,6464
2337,旺宏,19,3,16,大昌-新店,2024-11-29,6464
2382,廣達,20,5,15,大昌-新店,2024-11-29,6464
4714,永捷,15,0,15,大昌-新店,2024-11-29,6464
2605,新興,17,2,15,大昌-新店,2024-11-29,6464
00943,兆豐電子高息等權,15,0,15,大昌-新店,2024-11-29,6464
2354,鴻準,58,44,14,大昌-新店,2024-11-29,6464
2883,凱基金,15,1,14,大昌-新店,2024-11-29,6464
6505,台塑化,15,2,13,大昌-新店,2024-11-29,6464
2885,元大金,13,0,13,大昌-新店,2024-11-29,6464
00680L,元大美債20正2,20,8,12,大昌-新店,2024-11-29,6464
2603,長榮,29,17,12,大昌-新店,2024-11-29,6464
6127,九豪,38,27,11,大昌-新店,2024-11-29,6464
2836,高雄銀,11,0,11,大昌-新店,2024-11-29,6464
2408,南亞科,15,4,11,大昌-新店,2024-11-29,6464
00665L,富邦�琤肭磪囓�2,600,0,600,大昌-新店,2024-12-02,6464
2344,華邦電,130,27,103,大昌-新店,2024-12-02,6464
00679B,元大美債20年,103,35,68,大昌-新店,2024-12-02,6464
2317,鴻海,64,10,54,大昌-新店,2024-12-02,6464
00637L,元大滬深300正2,88,37,51,大昌-新店,2024-12-02,6464
2867,三商壽,45,0,45,大昌-新店,2024-12-02,6464
2312,金寶,70,26,44,大昌-新店,2024-12-02,6464
6558,興能高,90,58,32,大昌-新店,2024-12-02,6464
00948B,中信優息投資級債,48,17,31,大昌-新店,2024-12-02,6464
3062,建漢,25,0,25,大昌-新店,2024-12-02,6464
00650L,復華香港正2,35,10,25,大昌-新店,2024-12-02,6464
1524,耿鼎,24,0,24,大昌-新店,2024-12-02,6464
00887,永豐中國科技50大,24,0,24,大昌-新店,2024-12-02,6464
1605,華新,39,19,20,大昌-新店,2024-12-02,6464
2002,中鋼,24,4,20,大昌-新店,2024-12-02,6464
2408,南亞科,19,0,19,大昌-新店,2024-12-02,6464
00715L,期街口布蘭特正2,19,0,19,大昌-新店,2024-12-02,6464
3450,聯鈞,33,14,19,大昌-新店,2024-12-02,6464
00882,中信中國高股息,50,32,18,大昌-新店,2024-12-02,6464
2630,亞航,23,5,18,大昌-新店,2024-12-02,6464
2887,台新金,28,10,18,大昌-新店,2024-12-02,6464
6770,力積電,25,7,18,大昌-新店,2024-12-02,6464
1815,富喬,33,15,18,大昌-新店,2024-12-02,6464
2495,普安,32,15,17,大昌-新店,2024-12-02,6464
6134,萬旭,22,5,17,大昌-新店,2024-12-02,6464
2929,淘帝-KY,40,23,17,大昌-新店,2024-12-02,6464
2362,藍天,19,3,16,大昌-新店,2024-12-02,6464
00669R,國泰美國道瓊反1,26,10,16,大昌-新店,2024-12-02,6464
2354,鴻準,45,30,15,大昌-新店,2024-12-02,6464
1802,台玻,26,11,15,大昌-新店,2024-12-02,6464
4123,晟德,17,2,15,大昌-新店,2024-12-02,6464
2349,錸德,22,7,15,大昌-新店,2024-12-02,6464
4956,光鋐,15,1,14,大昌-新店,2024-12-02,6464
3013,晟銘電,17,3,14,大昌-新店,2024-12-02,6464
2359,所羅門,17,4,13,大昌-新店,2024-12-02,6464
6505,台塑化,13,0,13,大昌-新店,2024-12-02,6464
6282,康舒,12,0,12,大昌-新店,2024-12-02,6464
6163,華電網,12,0,12,大昌-新店,2024-12-02,6464
3622,洋華,12,0,12,大昌-新店,2024-12-02,6464
00960,野村全球航運龍頭,12,0,12,大昌-新店,2024-12-02,6464
2302,麗正,40,28,12,大昌-新店,2024-12-02,6464
1536,和大,56,44,12,大昌-新店,2024-12-02,6464
6791,虎門科技,12,0,12,大昌-新店,2024-12-02,6464
8104,錸寶,22,11,11,大昌-新店,2024-12-02,6464
8050,廣積,11,0,11,大昌-新店,2024-12-02,6464
4306,炎洲,20,10,10,大昌-新店,2024-12-02,6464
1531,高林股,10,0,10,大昌-新店,2024-12-02,6464
3090,日電貿,45,35,10,大昌-新店,2024-12-02,6464
2836,高雄銀,10,0,10,大昌-新店,2024-12-02,6464
00950B,凱基A級公司債,10,0,10,大昌-新店,2024-12-02,6464
00680L,元大美債20正2,300,59,241,大昌-新店,2024-12-03,6464
00918,大華優利高填息30,194,6,188,大昌-新店,2024-12-03,6464
2303,聯電,246,74,172,大昌-新店,2024-12-03,6464
00919,群益台灣精選高息,159,35,124,大昌-新店,2024-12-03,6464
00650L,復華香港正2,121,42,79,大昌-新店,2024-12-03,6464
00878,國泰永續高股息,90,15,75,大昌-新店,2024-12-03,6464
9105,泰金寶-DR,197,136,61,大昌-新店,2024-12-03,6464
00893,國泰智能電動車,60,0,60,大昌-新店,2024-12-03,6464
3234,光環,60,3,57,大昌-新店,2024-12-03,6464
0056,元大高股息,63,12,51,大昌-新店,2024-12-03,6464
00895,富邦未來車,48,0,48,大昌-新店,2024-12-03,6464
00887,永豐中國科技50大,46,0,46,大昌-新店,2024-12-03,6464
9933,中鼎,44,2,42,大昌-新店,2024-12-03,6464
2444,兆勁,50,13,37,大昌-新店,2024-12-03,6464
00715L,期街口布蘭特正2,31,0,31,大昌-新店,2024-12-03,6464
4303,信立,39,14,25,大昌-新店,2024-12-03,6464
2312,金寶,50,26,24,大昌-新店,2024-12-03,6464
4967,十銓,28,4,24,大昌-新店,2024-12-03,6464
2486,一詮,57,34,23,大昌-新店,2024-12-03,6464
8028,昇陽半導體,34,12,22,大昌-新店,2024-12-03,6464
2405,輔信,36,14,22,大昌-新店,2024-12-03,6464
3029,零壹,24,3,21,大昌-新店,2024-12-03,6464
2891,中信金,54,34,20,大昌-新店,2024-12-03,6464
2353,宏��,43,23,20,大昌-新店,2024-12-03,6464
00641R,富邦日本反1,20,0,20,大昌-新店,2024-12-03,6464
1616,億泰,20,0,20,大昌-新店,2024-12-03,6464
00950B,凱基A級公司債,20,0,20,大昌-新店,2024-12-03,6464
00953B,群益優選非投等債,20,0,20,大昌-新店,2024-12-03,6464
5309,系統電,28,8,20,大昌-新店,2024-12-03,6464
8163,達方,21,2,19,大昌-新店,2024-12-03,6464
2498,宏達電,20,1,19,大昌-新店,2024-12-03,6464
3511,矽瑪,21,2,19,大昌-新店,2024-12-03,6464
2347,聯強,18,0,18,大昌-新店,2024-12-03,6464
1464,得力,18,0,18,大昌-新店,2024-12-03,6464
2317,鴻海,51,34,17,大昌-新店,2024-12-03,6464
3230,錦明,16,0,16,大昌-新店,2024-12-03,6464
3045,台灣大,16,0,16,大昌-新店,2024-12-03,6464
3090,日電貿,49,35,14,大昌-新店,2024-12-03,6464
2618,長榮航,91,78,13,大昌-新店,2024-12-03,6464
3024,憶聲,34,21,13,大昌-新店,2024-12-03,6464
4566,時碩工業,17,4,13,大昌-新店,2024-12-03,6464
00915,凱基優選高股息30,13,0,13,大昌-新店,2024-12-03,6464
3323,加百裕,24,12,12,大昌-新店,2024-12-03,6464
2385,群光,13,1,12,大昌-新店,2024-12-03,6464
2488,漢平,12,1,11,大昌-新店,2024-12-03,6464
1528,恩德,43,32,11,大昌-新店,2024-12-03,6464
2034,允強,11,1,10,大昌-新店,2024-12-03,6464
3317,尼克森,10,0,10,大昌-新店,2024-12-03,6464
2392,正崴,16,6,10,大昌-新店,2024-12-03,6464
00664R,國泰臺灣加權反1,10,0,10,大昌-新店,2024-12-03,6464
2303,聯電,206,27,179,大昌-新店,2024-12-04,6464
2371,大同,188,19,169,大昌-新店,2024-12-04,6464
00919,群益台灣精選高息,141,31,110,大昌-新店,2024-12-04,6464
00918,大華優利高填息30,60,0,60,大昌-新店,2024-12-04,6464
2646,星宇航空,58,5,53,大昌-新店,2024-12-04,6464
00937B,群益ESG投等債20,60,20,40,大昌-新店,2024-12-04,6464
1303,南亞,43,3,40,大昌-新店,2024-12-04,6464
2392,正崴,42,5,37,大昌-新店,2024-12-04,6464
2610,華航,126,92,34,大昌-新店,2024-12-04,6464
8176,智捷,33,0,33,大昌-新店,2024-12-04,6464
2344,華邦電,35,4,31,大昌-新店,2024-12-04,6464
3545,敦泰,30,1,29,大昌-新店,2024-12-04,6464
2349,錸德,61,34,27,大昌-新店,2024-12-04,6464
2408,南亞科,39,12,27,大昌-新店,2024-12-04,6464
00687B,國泰20年美債,28,3,25,大昌-新店,2024-12-04,6464
00713,元大台灣高息低波,24,0,24,大昌-新店,2024-12-04,6464
2419,仲琦,26,4,22,大昌-新店,2024-12-04,6464
00887,永豐中國科技50大,22,0,22,大昌-新店,2024-12-04,6464
00953B,群益優選非投等債,20,0,20,大昌-新店,2024-12-04,6464
2365,昆盈,22,2,20,大昌-新店,2024-12-04,6464
1806,冠軍,20,0,20,大昌-新店,2024-12-04,6464
6257,矽格,20,2,18,大昌-新店,2024-12-04,6464
2449,京元電子,29,12,17,大昌-新店,2024-12-04,6464
3466,德晉,18,1,17,大昌-新店,2024-12-04,6464
2605,新興,18,1,17,大昌-新店,2024-12-04,6464
00893,國泰智能電動車,16,0,16,大昌-新店,2024-12-04,6464
2504,國產,26,10,16,大昌-新店,2024-12-04,6464
00915,凱基優選高股息30,15,0,15,大昌-新店,2024-12-04,6464
2363,矽統,15,0,15,大昌-新店,2024-12-04,6464
3003,健和興,22,7,15,大昌-新店,2024-12-04,6464
5324,士開,26,11,15,大昌-新店,2024-12-04,6464
2354,鴻準,32,18,14,大昌-新店,2024-12-04,6464
1449,佳和,17,3,14,大昌-新店,2024-12-04,6464
00679B,元大美債20年,15,1,14,大昌-新店,2024-12-04,6464
4979,華星光,40,26,14,大昌-新店,2024-12-04,6464
5864,致和證,12,0,12,大昌-新店,2024-12-04,6464
00885,富邦越南,15,3,12,大昌-新店,2024-12-04,6464
1540,喬福,12,0,12,大昌-新店,2024-12-04,6464
1301,台塑,15,3,12,大昌-新店,2024-12-04,6464
00664R,國泰臺灣加權反1,21,9,12,大昌-新店,2024-12-04,6464
3043,科風,13,2,11,大昌-新店,2024-12-04,6464
1513,中興電,11,0,11,大昌-新店,2024-12-04,6464
1102,亞泥,11,1,10,大昌-新店,2024-12-04,6464
2382,廣達,16,6,10,大昌-新店,2024-12-04,6464
00960,野村全球航運龍頭,10,0,10,大昌-新店,2024-12-04,6464
1802,台玻,29,19,10,大昌-新店,2024-12-04,6464
4306,炎洲,10,0,10,大昌-新店,2024-12-04,6464
4510,高鋒,13,3,10,大昌-新店,2024-12-04,6464
1464,得力,16,6,10,大昌-新店,2024-12-04,6464
3591,艾笛森,13,3,10,大昌-新店,2024-12-04,6464
00918,大華優利高填息30,304,0,304,大昌-新店,2024-12-05,6464
2371,大同,234,23,211,大昌-新店,2024-12-05,6464
1815,富喬,233,94,139,大昌-新店,2024-12-05,6464
00665L,富邦�琤肭磪囓�2,187,57,130,大昌-新店,2024-12-05,6464
00882,中信中國高股息,114,0,114,大昌-新店,2024-12-05,6464
2609,陽明,120,10,110,大昌-新店,2024-12-05,6464
2303,聯電,108,20,88,大昌-新店,2024-12-05,6464
00919,群益台灣精選高息,113,31,82,大昌-新店,2024-12-05,6464
00650L,復華香港正2,75,5,70,大昌-新店,2024-12-05,6464
8044,網家,70,4,66,大昌-新店,2024-12-05,6464
2929,淘帝-KY,59,2,57,大昌-新店,2024-12-05,6464
2317,鴻海,90,36,54,大昌-新店,2024-12-05,6464
3706,神達,174,122,52,大昌-新店,2024-12-05,6464
5328,華容,83,35,48,大昌-新店,2024-12-05,6464
2392,正崴,76,29,47,大昌-新店,2024-12-05,6464
3062,建漢,50,5,45,大昌-新店,2024-12-05,6464
00946,群益科技高息成長,40,0,40,大昌-新店,2024-12-05,6464
00664R,國泰臺灣加權反1,44,5,39,大昌-新店,2024-12-05,6464
2312,金寶,65,27,38,大昌-新店,2024-12-05,6464
4931,新盛力,55,23,32,大昌-新店,2024-12-05,6464
3591,艾笛森,37,6,31,大昌-新店,2024-12-05,6464
1802,台玻,37,6,31,大昌-新店,2024-12-05,6464
00907,永豐優息存股,30,0,30,大昌-新店,2024-12-05,6464
6558,興能高,87,60,27,大昌-新店,2024-12-05,6464
00637L,元大滬深300正2,28,2,26,大昌-新店,2024-12-05,6464
4979,華星光,44,19,25,大昌-新店,2024-12-05,6464
2062,橋椿,35,13,22,大昌-新店,2024-12-05,6464
2897,王道銀行,20,0,20,大昌-新店,2024-12-05,6464
00690,兆豐藍籌30,20,0,20,大昌-新店,2024-12-05,6464
2888,新光金,20,2,18,大昌-新店,2024-12-05,6464
3003,健和興,41,23,18,大昌-新店,2024-12-05,6464
2408,南亞科,17,0,17,大昌-新店,2024-12-05,6464
3481,群創,34,17,17,大昌-新店,2024-12-05,6464
6438,迅得,20,5,15,大昌-新店,2024-12-05,6464
3672,康聯訊,15,0,15,大昌-新店,2024-12-05,6464
3043,科風,34,19,15,大昌-新店,2024-12-05,6464
1513,中興電,18,3,15,大昌-新店,2024-12-05,6464
00669R,國泰美國道瓊反1,14,0,14,大昌-新店,2024-12-05,6464
2449,京元電子,26,12,14,大昌-新店,2024-12-05,6464
8299,群聯,13,0,13,大昌-新店,2024-12-05,6464
4977,眾達-KY,18,6,12,大昌-新店,2024-12-05,6464
3323,加百裕,53,41,12,大昌-新店,2024-12-05,6464
2337,旺宏,24,12,12,大昌-新店,2024-12-05,6464
6288,聯嘉,12,0,12,大昌-新店,2024-12-05,6464
6770,力積電,12,0,12,大昌-新店,2024-12-05,6464
2436,偉詮電,15,3,12,大昌-新店,2024-12-05,6464
1587,吉茂,11,0,11,大昌-新店,2024-12-05,6464
9105,泰金寶-DR,34,23,11,大昌-新店,2024-12-05,6464
2399,映泰,20,9,11,大昌-新店,2024-12-05,6464
1449,佳和,16,5,11,大昌-新店,2024-12-05,6464
1605,華新,117,8,109,大昌-新店,2024-12-06,6464
00918,大華優利高填息30,106,1,105,大昌-新店,2024-12-06,6464
3706,神達,207,117,90,大昌-新店,2024-12-06,6464
2303,聯電,148,60,88,大昌-新店,2024-12-06,6464
00953B,群益優選非投等債,92,4,88,大昌-新店,2024-12-06,6464
00945B,凱基美國非投等債,85,0,85,大昌-新店,2024-12-06,6464
00715L,期街口布蘭特正2,74,0,74,大昌-新店,2024-12-06,6464
00962,台新AI優息動能,72,0,72,大昌-新店,2024-12-06,6464
3591,艾笛森,78,12,66,大昌-新店,2024-12-06,6464
00909,國泰數位支付服務,67,5,62,大昌-新店,2024-12-06,6464
1451,年興,55,0,55,大昌-新店,2024-12-06,6464
2486,一詮,80,26,54,大昌-新店,2024-12-06,6464
2354,鴻準,191,141,50,大昌-新店,2024-12-06,6464
00937B,群益ESG投等債20,50,2,48,大昌-新店,2024-12-06,6464
00680L,元大美債20正2,57,10,47,大昌-新店,2024-12-06,6464
9105,泰金寶-DR,107,70,37,大昌-新店,2024-12-06,6464
3162,精確,33,1,32,大昌-新店,2024-12-06,6464
3032,偉訓,37,7,30,大昌-新店,2024-12-06,6464
3038,全台,30,0,30,大昌-新店,2024-12-06,6464
5438,東友,41,11,30,大昌-新店,2024-12-06,6464
1301,台塑,29,4,25,大昌-新店,2024-12-06,6464
4128,中天,32,7,25,大昌-新店,2024-12-06,6464
2495,普安,31,7,24,大昌-新店,2024-12-06,6464
3323,加百裕,32,8,24,大昌-新店,2024-12-06,6464
2102,泰豐,23,0,23,大昌-新店,2024-12-06,6464
00907,永豐優息存股,23,1,22,大昌-新店,2024-12-06,6464
2887,台新金,22,0,22,大昌-新店,2024-12-06,6464
00669R,國泰美國道瓊反1,22,0,22,大昌-新店,2024-12-06,6464
3006,晶豪科,25,3,22,大昌-新店,2024-12-06,6464
5309,系統電,30,9,21,大昌-新店,2024-12-06,6464
00922,國泰台灣領袖50,24,3,21,大昌-新店,2024-12-06,6464
00946,群益科技高息成長,20,0,20,大昌-新店,2024-12-06,6464
2929,淘帝-KY,20,2,18,大昌-新店,2024-12-06,6464
2882,國泰金,18,0,18,大昌-新店,2024-12-06,6464
6173,信昌電,18,0,18,大昌-新店,2024-12-06,6464
2610,華航,101,84,17,大昌-新店,2024-12-06,6464
2313,華通,18,1,17,大昌-新店,2024-12-06,6464
00642U,期元大S＆P石油,16,0,16,大昌-新店,2024-12-06,6464
6438,迅得,19,3,16,大昌-新店,2024-12-06,6464
3680,家登,15,0,15,大昌-新店,2024-12-06,6464
00932,兆豐永續高息等權,15,0,15,大昌-新店,2024-12-06,6464
3024,憶聲,17,2,15,大昌-新店,2024-12-06,6464
2498,宏達電,15,1,14,大昌-新店,2024-12-06,6464
3105,穩懋,13,0,13,大昌-新店,2024-12-06,6464
8069,元太,18,5,13,大昌-新店,2024-12-06,6464
00712,復華富時不動產,13,0,13,大昌-新店,2024-12-06,6464
3167,大量,13,0,13,大昌-新店,2024-12-06,6464
3450,聯鈞,28,16,12,大昌-新店,2024-12-06,6464
2646,星宇航空,12,0,12,大昌-新店,2024-12-06,6464
3545,敦泰,23,11,12,大昌-新店,2024-12-06,6464
3481,群創,362,68,294,大昌-新店,2024-12-09,6464
5880,合庫金,207,0,207,大昌-新店,2024-12-09,6464
2646,星宇航空,152,18,134,大昌-新店,2024-12-09,6464
00953B,群益優選非投等債,105,0,105,大昌-新店,2024-12-09,6464
00715L,期街口布蘭特正2,106,2,104,大昌-新店,2024-12-09,6464
3710,連展投控,90,5,85,大昌-新店,2024-12-09,6464
2618,長榮航,151,77,74,大昌-新店,2024-12-09,6464
2883,凱基金,73,0,73,大昌-新店,2024-12-09,6464
2495,普安,65,4,61,大昌-新店,2024-12-09,6464
2641,正德,62,1,61,大昌-新店,2024-12-09,6464
00909,國泰數位支付服務,66,5,61,大昌-新店,2024-12-09,6464
00919,群益台灣精選高息,77,21,56,大昌-新店,2024-12-09,6464
0056,元大高股息,49,4,45,大昌-新店,2024-12-09,6464
1451,年興,42,0,42,大昌-新店,2024-12-09,6464
9105,泰金寶-DR,62,21,41,大昌-新店,2024-12-09,6464
3038,全台,40,0,40,大昌-新店,2024-12-09,6464
00915,凱基優選高股息30,41,1,40,大昌-新店,2024-12-09,6464
2449,京元電子,42,6,36,大昌-新店,2024-12-09,6464
00650L,復華香港正2,34,0,34,大昌-新店,2024-12-09,6464
00679B,元大美債20年,42,8,34,大昌-新店,2024-12-09,6464
5608,四維航,31,0,31,大昌-新店,2024-12-09,6464
2027,大成鋼,33,2,31,大昌-新店,2024-12-09,6464
2897,王道銀行,30,0,30,大昌-新店,2024-12-09,6464
2354,鴻準,55,25,30,大昌-新店,2024-12-09,6464
3591,艾笛森,65,38,27,大昌-新店,2024-12-09,6464
3694,海華,28,2,26,大昌-新店,2024-12-09,6464
00918,大華優利高填息30,32,6,26,大昌-新店,2024-12-09,6464
4979,華星光,51,28,23,大昌-新店,2024-12-09,6464
1532,勤美,23,0,23,大昌-新店,2024-12-09,6464
5309,系統電,29,6,23,大昌-新店,2024-12-09,6464
00891,中信關鍵半導體,21,0,21,大昌-新店,2024-12-09,6464
00642U,期元大S＆P石油,42,21,21,大昌-新店,2024-12-09,6464
2891,中信金,22,1,21,大昌-新店,2024-12-09,6464
4306,炎洲,20,0,20,大昌-新店,2024-12-09,6464
2607,榮運,20,1,19,大昌-新店,2024-12-09,6464
6143,振曜,27,9,18,大昌-新店,2024-12-09,6464
6288,聯嘉,22,5,17,大昌-新店,2024-12-09,6464
2498,宏達電,18,1,17,大昌-新店,2024-12-09,6464
4513,福裕,16,0,16,大昌-新店,2024-12-09,6464
2365,昆盈,16,1,15,大昌-新店,2024-12-09,6464
2929,淘帝-KY,15,0,15,大昌-新店,2024-12-09,6464
3706,神達,68,53,15,大昌-新店,2024-12-09,6464
2349,錸德,21,7,14,大昌-新店,2024-12-09,6464
1101,台泥,16,2,14,大昌-新店,2024-12-09,6464
2486,一詮,17,3,14,大昌-新店,2024-12-09,6464
3673,TPK-KY,14,0,14,大昌-新店,2024-12-09,6464
6456,GIS-KY,14,0,14,大昌-新店,2024-12-09,6464
8171,天宇,13,0,13,大昌-新店,2024-12-09,6464
00932,兆豐永續高息等權,25,12,13,大昌-新店,2024-12-09,6464
2520,冠德,15,2,13,大昌-新店,2024-12-09,6464
2371,大同,372,33,339,大昌-新店,2024-12-10,6464
2845,遠東銀,241,40,201,大昌-新店,2024-12-10,6464
0056,元大高股息,156,20,136,大昌-新店,2024-12-10,6464
2883,凱基金,144,24,120,大昌-新店,2024-12-10,6464
2618,長榮航,153,36,117,大昌-新店,2024-12-10,6464
2353,宏��,117,7,110,大昌-新店,2024-12-10,6464
00918,大華優利高填息30,109,3,106,大昌-新店,2024-12-10,6464
00919,群益台灣精選高息,101,2,99,大昌-新店,2024-12-10,6464
2609,陽明,133,48,85,大昌-新店,2024-12-10,6464
00666R,富邦�琤肭磪齯�1,84,0,84,大昌-新店,2024-12-10,6464
1815,富喬,130,60,70,大昌-新店,2024-12-10,6464
00940,元大台灣價值高息,68,0,68,大昌-新店,2024-12-10,6464
2882,國泰金,115,51,64,大昌-新店,2024-12-10,6464
00882,中信中國高股息,128,74,54,大昌-新店,2024-12-10,6464
00932,兆豐永續高息等權,51,0,51,大昌-新店,2024-12-10,6464
2354,鴻準,75,26,49,大昌-新店,2024-12-10,6464
2317,鴻海,72,27,45,大昌-新店,2024-12-10,6464
1451,年興,38,0,38,大昌-新店,2024-12-10,6464
00687B,國泰20年美債,36,0,36,大昌-新店,2024-12-10,6464
00713,元大台灣高息低波,45,12,33,大昌-新店,2024-12-10,6464
2603,長榮,40,7,33,大昌-新店,2024-12-10,6464
3481,群創,42,10,32,大昌-新店,2024-12-10,6464
00887,永豐中國科技50大,66,34,32,大昌-新店,2024-12-10,6464
3706,神達,179,148,31,大昌-新店,2024-12-10,6464
2547,日勝生,64,34,30,大昌-新店,2024-12-10,6464
1449,佳和,41,11,30,大昌-新店,2024-12-10,6464
3317,尼克森,28,1,27,大昌-新店,2024-12-10,6464
3591,艾笛森,28,2,26,大昌-新店,2024-12-10,6464
2449,京元電子,28,6,22,大昌-新店,2024-12-10,6464
1303,南亞,28,6,22,大昌-新店,2024-12-10,6464
3406,玉晶光,20,0,20,大昌-新店,2024-12-10,6464
2323,中環,20,0,20,大昌-新店,2024-12-10,6464
2102,泰豐,20,0,20,大昌-新店,2024-12-10,6464
4979,華星光,32,13,19,大昌-新店,2024-12-10,6464
4956,光鋐,23,5,18,大昌-新店,2024-12-10,6464
6752,叡揚,19,1,18,大昌-新店,2024-12-10,6464
00937B,群益ESG投等債20,18,0,18,大昌-新店,2024-12-10,6464
2634,漢翔,28,10,18,大昌-新店,2024-12-10,6464
2613,中櫃,24,7,17,大昌-新店,2024-12-10,6464
2809,京城銀,20,3,17,大昌-新店,2024-12-10,6464
3580,友威科,17,0,17,大昌-新店,2024-12-10,6464
00877,復華中國5G,34,17,17,大昌-新店,2024-12-10,6464
4306,炎洲,17,0,17,大昌-新店,2024-12-10,6464
2887,台新金,16,1,15,大昌-新店,2024-12-10,6464
00953B,群益優選非投等債,15,0,15,大昌-新店,2024-12-10,6464
2399,映泰,24,9,15,大昌-新店,2024-12-10,6464
2312,金寶,33,19,14,大昌-新店,2024-12-10,6464
2027,大成鋼,15,1,14,大昌-新店,2024-12-10,6464
00915,凱基優選高股息30,14,0,14,大昌-新店,2024-12-10,6464
2615,萬海,30,16,14,大昌-新店,2024-12-10,6464
00918,大華優利高填息30,157,3,154,大昌-新店,2024-12-11,6464
00637L,元大滬深300正2,169,18,151,大昌-新店,2024-12-11,6464
2845,遠東銀,143,40,103,大昌-新店,2024-12-11,6464
2303,聯電,94,11,83,大昌-新店,2024-12-11,6464
00674R,期元大S＆P黃金反1,80,0,80,大昌-新店,2024-12-11,6464
00650L,復華香港正2,67,0,67,大昌-新店,2024-12-11,6464
6770,力積電,78,14,64,大昌-新店,2024-12-11,6464
00922,國泰台灣領袖50,57,0,57,大昌-新店,2024-12-11,6464
00953B,群益優選非投等債,50,0,50,大昌-新店,2024-12-11,6464
00665L,富邦�琤肭磪囓�2,69,20,49,大昌-新店,2024-12-11,6464
2609,陽明,101,54,47,大昌-新店,2024-12-11,6464
00919,群益台灣精選高息,42,1,41,大昌-新店,2024-12-11,6464
0056,元大高股息,69,30,39,大昌-新店,2024-12-11,6464
2408,南亞科,50,12,38,大昌-新店,2024-12-11,6464
2385,群光,37,0,37,大昌-新店,2024-12-11,6464
00878,國泰永續高股息,34,0,34,大昌-新店,2024-12-11,6464
3234,光環,32,1,31,大昌-新店,2024-12-11,6464
6550,北極星藥業-KY,28,0,28,大昌-新店,2024-12-11,6464
2547,日勝生,58,31,27,大昌-新店,2024-12-11,6464
2886,兆豐金,26,0,26,大昌-新店,2024-12-11,6464
1528,恩德,31,5,26,大昌-新店,2024-12-11,6464
8040,九暘,25,0,25,大昌-新店,2024-12-11,6464
2618,長榮航,52,27,25,大昌-新店,2024-12-11,6464
2330,台積電,31,7,24,大昌-新店,2024-12-11,6464
2317,鴻海,86,63,23,大昌-新店,2024-12-11,6464
2027,大成鋼,23,2,21,大昌-新店,2024-12-11,6464
00915,凱基優選高股息30,20,0,20,大昌-新店,2024-12-11,6464
00751B,元大AAA至A公司債,20,0,20,大昌-新店,2024-12-11,6464
9904,寶成,21,3,18,大昌-新店,2024-12-11,6464
2887,台新金,20,2,18,大昌-新店,2024-12-11,6464
2882,國泰金,18,1,17,大昌-新店,2024-12-11,6464
00909,國泰數位支付服務,19,2,17,大昌-新店,2024-12-11,6464
5907,大洋-KY,19,2,17,大昌-新店,2024-12-11,6464
2201,裕隆,23,6,17,大昌-新店,2024-12-11,6464
00664R,國泰臺灣加權反1,16,0,16,大昌-新店,2024-12-11,6464
5371,中光電,39,23,16,大昌-新店,2024-12-11,6464
1301,台塑,22,7,15,大昌-新店,2024-12-11,6464
4977,眾達-KY,23,8,15,大昌-新店,2024-12-11,6464
6015,宏遠證,15,0,15,大昌-新店,2024-12-11,6464
6456,GIS-KY,15,0,15,大昌-新店,2024-12-11,6464
00713,元大台灣高息低波,16,2,14,大昌-新店,2024-12-11,6464
00900,富邦特選高股息30,14,0,14,大昌-新店,2024-12-11,6464
2337,旺宏,14,0,14,大昌-新店,2024-12-11,6464
8045,達運光電,14,0,14,大昌-新店,2024-12-11,6464
2401,凌陽,18,4,14,大昌-新店,2024-12-11,6464
6505,台塑化,19,6,13,大昌-新店,2024-12-11,6464
6668,中揚光,14,1,13,大昌-新店,2024-12-11,6464
2344,華邦電,34,21,13,大昌-新店,2024-12-11,6464
1464,得力,13,0,13,大昌-新店,2024-12-11,6464
2382,廣達,31,18,13,大昌-新店,2024-12-11,6464
2303,聯電,369,64,305,大昌-新店,2024-12-12,6464
00937B,群益ESG投等債20,172,2,170,大昌-新店,2024-12-12,6464
00918,大華優利高填息30,119,1,118,大昌-新店,2024-12-12,6464
00641R,富邦日本反1,85,0,85,大昌-新店,2024-12-12,6464
00674R,期元大S＆P黃金反1,80,0,80,大昌-新店,2024-12-12,6464
00688L,國泰20年美債正2,77,0,77,大昌-新店,2024-12-12,6464
1451,年興,68,0,68,大昌-新店,2024-12-12,6464
00665L,富邦�琤肭磪囓�2,99,40,59,大昌-新店,2024-12-12,6464
00957B,兆豐US優選投等債,55,0,55,大昌-新店,2024-12-12,6464
00953B,群益優選非投等債,55,0,55,大昌-新店,2024-12-12,6464
2609,陽明,104,50,54,大昌-新店,2024-12-12,6464
4956,光鋐,54,1,53,大昌-新店,2024-12-12,6464
00915,凱基優選高股息30,50,0,50,大昌-新店,2024-12-12,6464
3217,優群,48,10,38,大昌-新店,2024-12-12,6464
2495,普安,32,0,32,大昌-新店,2024-12-12,6464
1301,台塑,52,21,31,大昌-新店,2024-12-12,6464
6770,力積電,39,8,31,大昌-新店,2024-12-12,6464
2317,鴻海,53,22,31,大昌-新店,2024-12-12,6464
1303,南亞,33,5,28,大昌-新店,2024-12-12,6464
5392,能率,36,9,27,大昌-新店,2024-12-12,6464
4306,炎洲,26,0,26,大昌-新店,2024-12-12,6464
2618,長榮航,42,16,26,大昌-新店,2024-12-12,6464
00950B,凱基A級公司債,25,0,25,大昌-新店,2024-12-12,6464
00948B,中信優息投資級債,25,0,25,大昌-新店,2024-12-12,6464
00687B,國泰20年美債,30,5,25,大昌-新店,2024-12-12,6464
6274,台燿,44,20,24,大昌-新店,2024-12-12,6464
4552,力達-KY,24,0,24,大昌-新店,2024-12-12,6464
2426,鼎元,27,3,24,大昌-新店,2024-12-12,6464
00679B,元大美債20年,32,9,23,大昌-新店,2024-12-12,6464
4977,眾達-KY,31,8,23,大昌-新店,2024-12-12,6464
2102,泰豐,23,0,23,大昌-新店,2024-12-12,6464
00751B,元大AAA至A公司債,22,0,22,大昌-新店,2024-12-12,6464
1815,富喬,39,18,21,大昌-新店,2024-12-12,6464
8028,昇陽半導體,22,1,21,大昌-新店,2024-12-12,6464
2486,一詮,64,44,20,大昌-新店,2024-12-12,6464
2834,臺企銀,20,0,20,大昌-新店,2024-12-12,6464
00673R,期元大S＆P原油反1,20,0,20,大昌-新店,2024-12-12,6464
2312,金寶,56,36,20,大昌-新店,2024-12-12,6464
0061,元大寶滬深,20,0,20,大昌-新店,2024-12-12,6464
3231,緯創,29,9,20,大昌-新店,2024-12-12,6464
8112,至上,18,0,18,大昌-新店,2024-12-12,6464
2344,華邦電,24,6,18,大昌-新店,2024-12-12,6464
2354,鴻準,68,50,18,大昌-新店,2024-12-12,6464
3363,上詮,41,24,17,大昌-新店,2024-12-12,6464
2328,廣宇,41,25,16,大昌-新店,2024-12-12,6464
2886,兆豐金,16,0,16,大昌-新店,2024-12-12,6464
2520,冠德,16,0,16,大昌-新店,2024-12-12,6464
2353,宏��,40,24,16,大昌-新店,2024-12-12,6464
8050,廣積,19,3,16,大昌-新店,2024-12-12,6464
00632R,元大台灣50反1,21,5,16,大昌-新店,2024-12-12,6464
00665L,富邦�琤肭磪囓�2,239,4,235,大昌-新店,2024-12-13,6464
00637L,元大滬深300正2,201,1,200,大昌-新店,2024-12-13,6464
00918,大華優利高填息30,200,18,182,大昌-新店,2024-12-13,6464
2303,聯電,247,106,141,大昌-新店,2024-12-13,6464
00650L,復華香港正2,128,1,127,大昌-新店,2024-12-13,6464
00919,群益台灣精選高息,133,7,126,大昌-新店,2024-12-13,6464
2883,凱基金,196,91,105,大昌-新店,2024-12-13,6464
00948B,中信優息投資級債,100,0,100,大昌-新店,2024-12-13,6464
00770,國泰北美科技,92,0,92,大昌-新店,2024-12-13,6464
00753L,中信中國50正2,97,9,88,大昌-新店,2024-12-13,6464
0056,元大高股息,78,0,78,大昌-新店,2024-12-13,6464
3231,緯創,88,11,77,大昌-新店,2024-12-13,6464
00688L,國泰20年美債正2,82,5,77,大昌-新店,2024-12-13,6464
00957B,兆豐US優選投等債,73,0,73,大昌-新店,2024-12-13,6464
00673R,期元大S＆P原油反1,72,0,72,大昌-新店,2024-12-13,6464
00878,國泰永續高股息,71,2,69,大昌-新店,2024-12-13,6464
00664R,國泰臺灣加權反1,67,0,67,大昌-新店,2024-12-13,6464
00680L,元大美債20正2,65,5,60,大昌-新店,2024-12-13,6464
3710,連展投控,52,0,52,大昌-新店,2024-12-13,6464
00915,凱基優選高股息30,50,0,50,大昌-新店,2024-12-13,6464
00877,復華中國5G,50,0,50,大昌-新店,2024-12-13,6464
3481,群創,54,9,45,大昌-新店,2024-12-13,6464
2317,鴻海,68,24,44,大昌-新店,2024-12-13,6464
6187,萬潤,45,8,37,大昌-新店,2024-12-13,6464
2027,大成鋼,37,1,36,大昌-新店,2024-12-13,6464
00940,元大台灣價值高息,44,10,34,大昌-新店,2024-12-13,6464
4956,光鋐,32,1,31,大昌-新店,2024-12-13,6464
2618,長榮航,38,7,31,大昌-新店,2024-12-13,6464
1464,得力,30,0,30,大昌-新店,2024-12-13,6464
6148,驊宏資,30,0,30,大昌-新店,2024-12-13,6464
2002,中鋼,34,5,29,大昌-新店,2024-12-13,6464
00641R,富邦日本反1,29,0,29,大昌-新店,2024-12-13,6464
2356,英業達,34,7,27,大昌-新店,2024-12-13,6464
3380,明泰,33,7,26,大昌-新店,2024-12-13,6464
6770,力積電,46,20,26,大昌-新店,2024-12-13,6464
00882,中信中國高股息,31,5,26,大昌-新店,2024-12-13,6464
1605,華新,51,29,22,大昌-新店,2024-12-13,6464
2313,華通,37,16,21,大昌-新店,2024-12-13,6464
00751B,元大AAA至A公司債,21,0,21,大昌-新店,2024-12-13,6464
00953B,群益優選非投等債,21,0,21,大昌-新店,2024-12-13,6464
5481,新華,24,3,21,大昌-新店,2024-12-13,6464
3037,欣興,26,5,21,大昌-新店,2024-12-13,6464
912000,晨訊科-DR,20,0,20,大昌-新店,2024-12-13,6464
00679B,元大美債20年,24,5,19,大昌-新店,2024-12-13,6464
8171,天宇,21,2,19,大昌-新店,2024-12-13,6464
5907,大洋-KY,20,1,19,大昌-新店,2024-12-13,6464
3532,台勝科,18,0,18,大昌-新店,2024-12-13,6464
00713,元大台灣高息低波,20,3,17,大昌-新店,2024-12-13,6464
4979,華星光,36,19,17,大昌-新店,2024-12-13,6464
1314,中石化,42,26,16,大昌-新店,2024-12-13,6464
00937B,群益ESG投等債20,1097,0,1097,大昌-新店,2024-12-16,6464
00680L,元大美債20正2,187,1,186,大昌-新店,2024-12-16,6464
00918,大華優利高填息30,165,25,140,大昌-新店,2024-12-16,6464
00688L,國泰20年美債正2,112,0,112,大昌-新店,2024-12-16,6464
2355,敬鵬,114,8,106,大昌-新店,2024-12-16,6464
0056,元大高股息,97,0,97,大昌-新店,2024-12-16,6464
2609,陽明,149,53,96,大昌-新店,2024-12-16,6464
2344,華邦電,96,8,88,大昌-新店,2024-12-16,6464
00915,凱基優選高股息30,69,0,69,大昌-新店,2024-12-16,6464
00919,群益台灣精選高息,71,7,64,大昌-新店,2024-12-16,6464
6108,競國,63,1,62,大昌-新店,2024-12-16,6464
00673R,期元大S＆P原油反1,59,0,59,大昌-新店,2024-12-16,6464
00933B,國泰10Y+金融債,59,0,59,大昌-新店,2024-12-16,6464
2317,鴻海,92,44,48,大昌-新店,2024-12-16,6464
2303,聯電,179,133,46,大昌-新店,2024-12-16,6464
00864B,中信美國公債0-1,42,0,42,大昌-新店,2024-12-16,6464
3231,緯創,59,17,42,大昌-新店,2024-12-16,6464
2615,萬海,46,7,39,大昌-新店,2024-12-16,6464
00887,永豐中國科技50大,36,0,36,大昌-新店,2024-12-16,6464
4513,福裕,36,0,36,大昌-新店,2024-12-16,6464
2646,星宇航空,42,7,35,大昌-新店,2024-12-16,6464
00940,元大台灣價值高息,38,3,35,大昌-新店,2024-12-16,6464
00753L,中信中國50正2,35,1,34,大昌-新店,2024-12-16,6464
2449,京元電子,43,12,31,大昌-新店,2024-12-16,6464
00893,國泰智能電動車,39,8,31,大昌-新店,2024-12-16,6464
00687B,國泰20年美債,43,12,31,大昌-新店,2024-12-16,6464
00895,富邦未來車,31,0,31,大昌-新店,2024-12-16,6464
3450,聯鈞,49,19,30,大昌-新店,2024-12-16,6464
00713,元大台灣高息低波,38,12,26,大昌-新店,2024-12-16,6464
2002,中鋼,30,4,26,大昌-新店,2024-12-16,6464
00878,國泰永續高股息,35,10,25,大昌-新店,2024-12-16,6464
00664R,國泰臺灣加權反1,59,35,24,大昌-新店,2024-12-16,6464
3264,欣銓,24,1,23,大昌-新店,2024-12-16,6464
6163,華電網,24,1,23,大昌-新店,2024-12-16,6464
2392,正崴,23,0,23,大昌-新店,2024-12-16,6464
2486,一詮,38,15,23,大昌-新店,2024-12-16,6464
3017,奇鋐,26,4,22,大昌-新店,2024-12-16,6464
3363,上詮,42,21,21,大昌-新店,2024-12-16,6464
00632R,元大台灣50反1,29,8,21,大昌-新店,2024-12-16,6464
00948B,中信優息投資級債,21,0,21,大昌-新店,2024-12-16,6464
00877,復華中國5G,35,15,20,大昌-新店,2024-12-16,6464
3710,連展投控,21,2,19,大昌-新店,2024-12-16,6464
2890,永豐金,19,0,19,大昌-新店,2024-12-16,6464
2354,鴻準,49,30,19,大昌-新店,2024-12-16,6464
00857B,永豐20年美公債,21,3,18,大昌-新店,2024-12-16,6464
5481,新華,19,1,18,大昌-新店,2024-12-16,6464
2382,廣達,30,13,17,大昌-新店,2024-12-16,6464
4157,太景*-KY,18,1,17,大昌-新店,2024-12-16,6464
5871,中租-KY,17,1,16,大昌-新店,2024-12-16,6464
00950B,凱基A級公司債,15,0,15,大昌-新店,2024-12-16,6464
2883,凱基金,208,83,125,大昌-新店,2024-12-17,6464
00687B,國泰20年美債,138,19,119,大昌-新店,2024-12-17,6464
8112,至上,81,2,79,大昌-新店,2024-12-17,6464
2890,永豐金,72,2,70,大昌-新店,2024-12-17,6464
2882,國泰金,61,1,60,大昌-新店,2024-12-17,6464
0056,元大高股息,60,2,58,大昌-新店,2024-12-17,6464
00664R,國泰臺灣加權反1,52,0,52,大昌-新店,2024-12-17,6464
2347,聯強,50,0,50,大昌-新店,2024-12-17,6464
00915,凱基優選高股息30,49,0,49,大昌-新店,2024-12-17,6464
4306,炎洲,49,0,49,大昌-新店,2024-12-17,6464
00641R,富邦日本反1,49,0,49,大昌-新店,2024-12-17,6464
3231,緯創,62,15,47,大昌-新店,2024-12-17,6464
2834,臺企銀,46,1,45,大昌-新店,2024-12-17,6464
2409,友達,50,5,45,大昌-新店,2024-12-17,6464
2317,鴻海,76,33,43,大昌-新店,2024-12-17,6464
00918,大華優利高填息30,79,38,41,大昌-新店,2024-12-17,6464
8249,菱光,54,16,38,大昌-新店,2024-12-17,6464
00632R,元大台灣50反1,47,10,37,大昌-新店,2024-12-17,6464
00751B,元大AAA至A公司債,36,0,36,大昌-新店,2024-12-17,6464
2520,冠德,35,0,35,大昌-新店,2024-12-17,6464
3481,群創,39,5,34,大昌-新店,2024-12-17,6464
2374,佳能,145,113,32,大昌-新店,2024-12-17,6464
00937B,群益ESG投等債20,45,13,32,大昌-新店,2024-12-17,6464
00857B,永豐20年美公債,30,0,30,大昌-新店,2024-12-17,6464
2363,矽統,41,16,25,大昌-新店,2024-12-17,6464
00713,元大台灣高息低波,24,0,24,大昌-新店,2024-12-17,6464
1587,吉茂,23,0,23,大昌-新店,2024-12-17,6464
5425,台半,23,0,23,大昌-新店,2024-12-17,6464
2618,長榮航,61,40,21,大昌-新店,2024-12-17,6464
2886,兆豐金,20,0,20,大昌-新店,2024-12-17,6464
6026,福邦證,20,0,20,大昌-新店,2024-12-17,6464
1101,台泥,20,0,20,大昌-新店,2024-12-17,6464
1806,冠軍,20,0,20,大昌-新店,2024-12-17,6464
6282,康舒,20,0,20,大昌-新店,2024-12-17,6464
912000,晨訊科-DR,20,0,20,大昌-新店,2024-12-17,6464
2881,富邦金,21,2,19,大昌-新店,2024-12-17,6464
5880,合庫金,17,0,17,大昌-新店,2024-12-17,6464
00715L,期街口布蘭特正2,17,0,17,大昌-新店,2024-12-17,6464
00878,國泰永續高股息,17,0,17,大昌-新店,2024-12-17,6464
2027,大成鋼,16,0,16,大昌-新店,2024-12-17,6464
00679B,元大美債20年,20,4,16,大昌-新店,2024-12-17,6464
1904,正隆,16,0,16,大昌-新店,2024-12-17,6464
5483,中美晶,15,0,15,大昌-新店,2024-12-17,6464
2423,固緯,15,0,15,大昌-新店,2024-12-17,6464
1721,三晃,15,0,15,大昌-新店,2024-12-17,6464
3540,曜越,15,0,15,大昌-新店,2024-12-17,6464
3189,景碩,15,1,14,大昌-新店,2024-12-17,6464
2408,南亞科,34,20,14,大昌-新店,2024-12-17,6464
3706,神達,30,17,13,大昌-新店,2024-12-17,6464
2301,光寶科,15,2,13,大昌-新店,2024-12-17,6464
00918,大華優利高填息30,183,8,175,大昌-新店,2024-12-18,6464
00679B,元大美債20年,105,10,95,大昌-新店,2024-12-18,6464
6962,ITH-KY,104,19,85,大昌-新店,2024-12-18,6464
2409,友達,66,0,66,大昌-新店,2024-12-18,6464
2312,金寶,75,11,64,大昌-新店,2024-12-18,6464
00664R,國泰臺灣加權反1,62,0,62,大昌-新店,2024-12-18,6464
2027,大成鋼,56,1,55,大昌-新店,2024-12-18,6464
00937B,群益ESG投等債20,55,0,55,大昌-新店,2024-12-18,6464
00919,群益台灣精選高息,60,8,52,大昌-新店,2024-12-18,6464
2891,中信金,45,9,36,大昌-新店,2024-12-18,6464
00852L,國泰美國道瓊正2,35,0,35,大昌-新店,2024-12-18,6464
00641R,富邦日本反1,34,0,34,大昌-新店,2024-12-18,6464
00864B,中信美國公債0-1,30,0,30,大昌-新店,2024-12-18,6464
00751B,元大AAA至A公司債,29,0,29,大昌-新店,2024-12-18,6464
4540,全球傳動,62,35,27,大昌-新店,2024-12-18,6464
2886,兆豐金,25,0,25,大昌-新店,2024-12-18,6464
00957B,兆豐US優選投等債,25,0,25,大昌-新店,2024-12-18,6464
2520,冠德,25,1,24,大昌-新店,2024-12-18,6464
2888,新光金,38,16,22,大昌-新店,2024-12-18,6464
2303,聯電,148,127,21,大昌-新店,2024-12-18,6464
2009,第一銅,21,0,21,大昌-新店,2024-12-18,6464
2883,凱基金,106,86,20,大昌-新店,2024-12-18,6464
1303,南亞,24,5,19,大昌-新店,2024-12-18,6464
2603,長榮,28,10,18,大昌-新店,2024-12-18,6464
4576,大銀微系統,38,20,18,大昌-新店,2024-12-18,6464
00650L,復華香港正2,20,3,17,大昌-新店,2024-12-18,6464
00960,野村全球航運龍頭,18,1,17,大昌-新店,2024-12-18,6464
8374,羅昇,27,10,17,大昌-新店,2024-12-18,6464
2002,中鋼,19,3,16,大昌-新店,2024-12-18,6464
3122,笙泉,17,1,16,大昌-新店,2024-12-18,6464
3363,上詮,28,12,16,大昌-新店,2024-12-18,6464
2365,昆盈,23,8,15,大昌-新店,2024-12-18,6464
4743,合一,16,1,15,大昌-新店,2024-12-18,6464
2616,山隆,24,9,15,大昌-新店,2024-12-18,6464
1785,光洋科,33,19,14,大昌-新店,2024-12-18,6464
3551,世禾,17,3,14,大昌-新店,2024-12-18,6464
2049,上銀,27,13,14,大昌-新店,2024-12-18,6464
1597,直得,30,16,14,大昌-新店,2024-12-18,6464
6488,環球晶,13,0,13,大昌-新店,2024-12-18,6464
2367,燿華,36,23,13,大昌-新店,2024-12-18,6464
3059,華晶科,15,2,13,大昌-新店,2024-12-18,6464
2317,鴻海,31,18,13,大昌-新店,2024-12-18,6464
3231,緯創,18,6,12,大昌-新店,2024-12-18,6464
2849,安泰銀,12,0,12,大昌-新店,2024-12-18,6464
3029,零壹,28,16,12,大昌-新店,2024-12-18,6464
1536,和大,21,9,12,大昌-新店,2024-12-18,6464
2867,三商壽,21,10,11,大昌-新店,2024-12-18,6464
3010,華立,11,0,11,大昌-新店,2024-12-18,6464
8016,矽創,12,1,11,大昌-新店,2024-12-18,6464
3689,湧德,28,17,11,大昌-新店,2024-12-18,6464
2883,凱基金,284,50,234,大昌-新店,2024-12-19,6464
00937B,群益ESG投等債20,186,5,181,大昌-新店,2024-12-19,6464
00918,大華優利高填息30,161,6,155,大昌-新店,2024-12-19,6464
2845,遠東銀,199,50,149,大昌-新店,2024-12-19,6464
2834,臺企銀,148,0,148,大昌-新店,2024-12-19,6464
00919,群益台灣精選高息,223,77,146,大昌-新店,2024-12-19,6464
2609,陽明,147,40,107,大昌-新店,2024-12-19,6464
00878,國泰永續高股息,92,3,89,大昌-新店,2024-12-19,6464
00641R,富邦日本反1,86,4,82,大昌-新店,2024-12-19,6464
00664R,國泰臺灣加權反1,65,0,65,大昌-新店,2024-12-19,6464
2882,國泰金,64,4,60,大昌-新店,2024-12-19,6464
00720B,元大投資級公司債,58,0,58,大昌-新店,2024-12-19,6464
2897,王道銀行,54,0,54,大昌-新店,2024-12-19,6464
2409,友達,59,6,53,大昌-新店,2024-12-19,6464
1464,得力,51,0,51,大昌-新店,2024-12-19,6464
00953B,群益優選非投等債,49,0,49,大昌-新店,2024-12-19,6464
2317,鴻海,79,31,48,大昌-新店,2024-12-19,6464
00753L,中信中國50正2,47,0,47,大昌-新店,2024-12-19,6464
2353,宏��,44,0,44,大昌-新店,2024-12-19,6464
00751B,元大AAA至A公司債,43,0,43,大昌-新店,2024-12-19,6464
5880,合庫金,49,10,39,大昌-新店,2024-12-19,6464
1303,南亞,41,4,37,大昌-新店,2024-12-19,6464
00646,元大S＆P500,36,0,36,大昌-新店,2024-12-19,6464
006208,富邦台50,33,1,32,大昌-新店,2024-12-19,6464
00679B,元大美債20年,39,9,30,大昌-新店,2024-12-19,6464
6120,達運,30,0,30,大昌-新店,2024-12-19,6464
2887,台新金,30,1,29,大昌-新店,2024-12-19,6464
3481,群創,41,12,29,大昌-新店,2024-12-19,6464
1528,恩德,52,23,29,大昌-新店,2024-12-19,6464
2303,聯電,81,54,27,大昌-新店,2024-12-19,6464
00852L,國泰美國道瓊正2,27,0,27,大昌-新店,2024-12-19,6464
00948B,中信優息投資級債,28,2,26,大昌-新店,2024-12-19,6464
2637,慧洋-KY,33,7,26,大昌-新店,2024-12-19,6464
00757,統一FANG+,25,0,25,大昌-新店,2024-12-19,6464
00922,國泰台灣領袖50,24,0,24,大昌-新店,2024-12-19,6464
00680L,元大美債20正2,43,19,24,大昌-新店,2024-12-19,6464
0050,元大台灣50,24,0,24,大昌-新店,2024-12-19,6464
6142,友勁,27,4,23,大昌-新店,2024-12-19,6464
00926,凱基全球菁英55,22,0,22,大昌-新店,2024-12-19,6464
2330,台積電,25,4,21,大昌-新店,2024-12-19,6464
2002,中鋼,40,19,21,大昌-新店,2024-12-19,6464
2359,所羅門,34,13,21,大昌-新店,2024-12-19,6464
3363,上詮,28,7,21,大昌-新店,2024-12-19,6464
2849,安泰銀,20,0,20,大昌-新店,2024-12-19,6464
2408,南亞科,43,23,20,大昌-新店,2024-12-19,6464
2382,廣達,19,0,19,大昌-新店,2024-12-19,6464
2615,萬海,41,22,19,大昌-新店,2024-12-19,6464
00706L,期元大S＆P日圓正2,18,0,18,大昌-新店,2024-12-19,6464
2881,富邦金,21,3,18,大昌-新店,2024-12-19,6464
3019,亞光,110,92,18,大昌-新店,2024-12-19,6464
