Ticker,Name,buy,sell,diff,Branch,Date,Branch_Code
1513,中興電,553,34,519,福邦證券,2023-01-03,6480
2610,華航,258,6,252,福邦證券,2023-01-03,6480
2002,中鋼,220,0,220,福邦證券,2023-01-03,6480
2618,長榮航,180,0,180,福邦證券,2023-01-03,6480
8299,群聯,125,0,125,福邦證券,2023-01-03,6480
3708,上緯投控,69,1,68,福邦證券,2023-01-03,6480
00891,中信關鍵半導體,55,15,40,福邦證券,2023-01-03,6480
2504,國產,40,0,40,福邦證券,2023-01-03,6480
2376,技嘉,40,3,37,福邦證券,2023-01-03,6480
2546,根基,36,0,36,福邦證券,2023-01-03,6480
2890,永豐金,31,0,31,福邦證券,2023-01-03,6480
1514,亞力,33,3,30,福邦證券,2023-01-03,6480
1218,泰山,30,0,30,福邦證券,2023-01-03,6480
4977,眾達-KY,28,1,27,福邦證券,2023-01-03,6480
2888,新光金,21,0,21,福邦證券,2023-01-03,6480
5009,榮剛,22,1,21,福邦證券,2023-01-03,6480
1102,亞泥,20,0,20,福邦證券,2023-01-03,6480
2538,基泰,20,0,20,福邦證券,2023-01-03,6480
2547,日勝生,20,0,20,福邦證券,2023-01-03,6480
2723,美食-KY,21,1,20,福邦證券,2023-01-03,6480
1402,遠東新,19,0,19,福邦證券,2023-01-03,6480
1477,聚陽,16,0,16,福邦證券,2023-01-03,6480
5015,華祺,16,0,16,福邦證券,2023-01-03,6480
00679B,元大美債20年,15,0,15,福邦證券,2023-01-03,6480
5309,系統電,20,5,15,福邦證券,2023-01-03,6480
1605,華新,16,2,14,福邦證券,2023-01-03,6480
2756,聯發國際,13,0,13,福邦證券,2023-01-03,6480
1519,華城,10,0,10,福邦證券,2023-01-03,6480
2338,光罩,10,0,10,福邦證券,2023-01-03,6480
2301,光寶科,10,0,10,福邦證券,2023-01-03,6480
2597,潤弘,10,0,10,福邦證券,2023-01-03,6480
4114,健喬,15,5,10,福邦證券,2023-01-03,6480
4123,晟德,10,0,10,福邦證券,2023-01-03,6480
4716,大立,10,0,10,福邦證券,2023-01-03,6480
5607,遠雄港,10,0,10,福邦證券,2023-01-03,6480
6679,鈺太,10,0,10,福邦證券,2023-01-03,6480
8478,東哥遊艇,10,0,10,福邦證券,2023-01-03,6480
2201,裕隆,23,14,9,福邦證券,2023-01-03,6480
2498,宏達電,10,2,8,福邦證券,2023-01-03,6480
2603,長榮,12,5,7,福邦證券,2023-01-03,6480
3050,鈺德,6,0,6,福邦證券,2023-01-03,6480
4746,台耀,7,1,6,福邦證券,2023-01-03,6480
6180,橘子,6,0,6,福邦證券,2023-01-03,6480
2206,三陽工業,5,0,5,福邦證券,2023-01-03,6480
1586,和勤,5,0,5,福邦證券,2023-01-03,6480
1568,倉佑,5,0,5,福邦證券,2023-01-03,6480
1524,耿鼎,5,0,5,福邦證券,2023-01-03,6480
1701,中化,5,0,5,福邦證券,2023-01-03,6480
00720B,元大投資級公司債,5,0,5,福邦證券,2023-01-03,6480
2867,三商壽,15,10,5,福邦證券,2023-01-03,6480
3037,欣興,150,0,150,福邦證券,2023-01-04,6480
5388,中磊,130,3,127,福邦證券,2023-01-04,6480
2330,台積電,113,3,110,福邦證券,2023-01-04,6480
2308,台達電,101,1,100,福邦證券,2023-01-04,6480
3044,健鼎,88,0,88,福邦證券,2023-01-04,6480
2504,國產,80,0,80,福邦證券,2023-01-04,6480
1514,亞力,102,30,72,福邦證券,2023-01-04,6480
8171,天宇,73,4,69,福邦證券,2023-01-04,6480
2605,新興,60,0,60,福邦證券,2023-01-04,6480
00885,富邦越南,50,0,50,福邦證券,2023-01-04,6480
8464,億豐,45,0,45,福邦證券,2023-01-04,6480
2471,資通,40,0,40,福邦證券,2023-01-04,6480
6202,盛群,40,0,40,福邦證券,2023-01-04,6480
8091,翔名,40,0,40,福邦證券,2023-01-04,6480
2498,宏達電,42,10,32,福邦證券,2023-01-04,6480
2546,根基,29,0,29,福邦證券,2023-01-04,6480
3105,穩懋,43,15,28,福邦證券,2023-01-04,6480
1503,士電,20,0,20,福邦證券,2023-01-04,6480
00715L,期街口布蘭特正2,53,33,20,福邦證券,2023-01-04,6480
1529,樂事綠能,20,0,20,福邦證券,2023-01-04,6480
1586,和勤,27,7,20,福邦證券,2023-01-04,6480
2723,美食-KY,21,1,20,福邦證券,2023-01-04,6480
3380,明泰,20,0,20,福邦證券,2023-01-04,6480
6143,振曜,20,0,20,福邦證券,2023-01-04,6480
2888,新光金,20,0,20,福邦證券,2023-01-04,6480
3680,家登,20,2,18,福邦證券,2023-01-04,6480
1701,中化,25,9,16,福邦證券,2023-01-04,6480
3289,宜特,16,0,16,福邦證券,2023-01-04,6480
2538,基泰,15,0,15,福邦證券,2023-01-04,6480
5015,華祺,20,5,15,福邦證券,2023-01-04,6480
6223,旺矽,15,0,15,福邦證券,2023-01-04,6480
2597,潤弘,12,0,12,福邦證券,2023-01-04,6480
00670L,富邦NASDAQ正2,10,0,10,福邦證券,2023-01-04,6480
6679,鈺太,10,0,10,福邦證券,2023-01-04,6480
8016,矽創,10,0,10,福邦證券,2023-01-04,6480
2201,裕隆,26,17,9,福邦證券,2023-01-04,6480
2603,長榮,11,3,8,福邦證券,2023-01-04,6480
3592,瑞鼎,7,0,7,福邦證券,2023-01-04,6480
2329,華泰,26,20,6,福邦證券,2023-01-04,6480
2007,燁興,6,0,6,福邦證券,2023-01-04,6480
2610,華航,11,5,6,福邦證券,2023-01-04,6480
4966,譜瑞-KY,6,0,6,福邦證券,2023-01-04,6480
6782,視陽,6,0,6,福邦證券,2023-01-04,6480
6874,倍力,6,0,6,福邦證券,2023-01-04,6480
2609,陽明,5,0,5,福邦證券,2023-01-04,6480
2883,凱基金,5,0,5,福邦證券,2023-01-04,6480
3710,連展投控,5,0,5,福邦證券,2023-01-04,6480
4114,健喬,21,16,5,福邦證券,2023-01-04,6480
2617,台航,4,0,4,福邦證券,2023-01-04,6480
3576,聯合再生,4,0,4,福邦證券,2023-01-04,6480
1904,正隆,150,0,150,福邦證券,2023-01-05,6480
2637,慧洋-KY,125,0,125,福邦證券,2023-01-05,6480
1717,長興,90,0,90,福邦證券,2023-01-05,6480
2027,大成鋼,84,0,84,福邦證券,2023-01-05,6480
2103,台橡,84,0,84,福邦證券,2023-01-05,6480
5425,台半,65,0,65,福邦證券,2023-01-05,6480
6505,台塑化,65,0,65,福邦證券,2023-01-05,6480
1513,中興電,110,50,60,福邦證券,2023-01-05,6480
2351,順德,50,0,50,福邦證券,2023-01-05,6480
3587,閎康,50,0,50,福邦證券,2023-01-05,6480
2504,國產,40,0,40,福邦證券,2023-01-05,6480
1736,喬山,59,21,38,福邦證券,2023-01-05,6480
1438,三地開發,31,1,30,福邦證券,2023-01-05,6480
2538,基泰,35,5,30,福邦證券,2023-01-05,6480
2002,中鋼,30,1,29,福邦證券,2023-01-05,6480
6196,帆宣,30,1,29,福邦證券,2023-01-05,6480
1586,和勤,109,88,21,福邦證券,2023-01-05,6480
1319,東陽,20,0,20,福邦證券,2023-01-05,6480
1522,堤維西,20,0,20,福邦證券,2023-01-05,6480
2471,資通,20,0,20,福邦證券,2023-01-05,6480
4977,眾達-KY,20,0,20,福邦證券,2023-01-05,6480
5015,華祺,20,0,20,福邦證券,2023-01-05,6480
6288,聯嘉,20,0,20,福邦證券,2023-01-05,6480
6290,良維,20,0,20,福邦證券,2023-01-05,6480
1216,統一,19,0,19,福邦證券,2023-01-05,6480
3058,立德,20,3,17,福邦證券,2023-01-05,6480
8016,矽創,15,0,15,福邦證券,2023-01-05,6480
2546,根基,14,0,14,福邦證券,2023-01-05,6480
2610,華航,25,13,12,福邦證券,2023-01-05,6480
4503,金雨,12,0,12,福邦證券,2023-01-05,6480
00715L,期街口布蘭特正2,11,0,11,福邦證券,2023-01-05,6480
2371,大同,11,0,11,福邦證券,2023-01-05,6480
6806,森崴能源,12,1,11,福邦證券,2023-01-05,6480
1773,勝一,10,0,10,福邦證券,2023-01-05,6480
2723,美食-KY,10,0,10,福邦證券,2023-01-05,6480
3022,威強電,10,0,10,福邦證券,2023-01-05,6480
3533,嘉澤,10,0,10,福邦證券,2023-01-05,6480
6669,緯穎,10,0,10,福邦證券,2023-01-05,6480
6741,91APP*-KY,10,0,10,福邦證券,2023-01-05,6480
9958,世紀鋼,10,0,10,福邦證券,2023-01-05,6480
2201,裕隆,10,1,9,福邦證券,2023-01-05,6480
2617,台航,13,5,8,福邦證券,2023-01-05,6480
6799,來頡,8,0,8,福邦證券,2023-01-05,6480
3034,聯詠,7,0,7,福邦證券,2023-01-05,6480
3704,合勤控,7,0,7,福邦證券,2023-01-05,6480
3050,鈺德,6,0,6,福邦證券,2023-01-05,6480
3454,晶睿,6,0,6,福邦證券,2023-01-05,6480
8938,明安,6,0,6,福邦證券,2023-01-05,6480
9939,宏全,6,0,6,福邦證券,2023-01-05,6480
1524,耿鼎,5,0,5,福邦證券,2023-01-05,6480
2748,雲品,113,1,112,福邦證券,2023-01-06,6480
9958,世紀鋼,107,0,107,福邦證券,2023-01-06,6480
8069,元太,100,1,99,福邦證券,2023-01-06,6480
3454,晶睿,60,0,60,福邦證券,2023-01-06,6480
6245,立端,60,0,60,福邦證券,2023-01-06,6480
00632R,元大台灣50反1,50,0,50,福邦證券,2023-01-06,6480
3702,大聯大,50,0,50,福邦證券,2023-01-06,6480
3293,鈊象,45,0,45,福邦證券,2023-01-06,6480
00720B,元大投資級公司債,30,0,30,福邦證券,2023-01-06,6480
1795,美時,31,2,29,福邦證券,2023-01-06,6480
3592,瑞鼎,26,1,25,福邦證券,2023-01-06,6480
1438,三地開發,23,0,23,福邦證券,2023-01-06,6480
3289,宜特,20,0,20,福邦證券,2023-01-06,6480
3596,智易,20,0,20,福邦證券,2023-01-06,6480
6271,同欣電,19,0,19,福邦證券,2023-01-06,6480
3704,合勤控,37,20,17,福邦證券,2023-01-06,6480
2546,根基,12,0,12,福邦證券,2023-01-06,6480
1464,得力,11,0,11,福邦證券,2023-01-06,6480
2371,大同,11,0,11,福邦證券,2023-01-06,6480
00637L,元大滬深300正2,10,0,10,福邦證券,2023-01-06,6480
00670L,富邦NASDAQ正2,10,0,10,福邦證券,2023-01-06,6480
1471,首利,10,0,10,福邦證券,2023-01-06,6480
1533,車王電,10,0,10,福邦證券,2023-01-06,6480
3447,展達,10,0,10,福邦證券,2023-01-06,6480
6290,良維,10,0,10,福邦證券,2023-01-06,6480
5347,世界,10,1,9,福邦證券,2023-01-06,6480
6223,旺矽,9,0,9,福邦證券,2023-01-06,6480
2538,基泰,8,0,8,福邦證券,2023-01-06,6480
2597,潤弘,8,0,8,福邦證券,2023-01-06,6480
4961,天鈺,21,13,8,福邦證券,2023-01-06,6480
1586,和勤,12,5,7,福邦證券,2023-01-06,6480
2458,義隆,7,0,7,福邦證券,2023-01-06,6480
5452,佶優,5,0,5,福邦證券,2023-01-06,6480
6741,91APP*-KY,5,0,5,福邦證券,2023-01-06,6480
2330,台積電,6,2,4,福邦證券,2023-01-06,6480
2617,台航,4,0,4,福邦證券,2023-01-06,6480
3661,世芯-KY,4,0,4,福邦證券,2023-01-06,6480
5871,中租-KY,4,0,4,福邦證券,2023-01-06,6480
00773B,中信優先金融債,3,0,3,福邦證券,2023-01-06,6480
2816,旺旺保,3,0,3,福邦證券,2023-01-06,6480
2912,統一超,3,0,3,福邦證券,2023-01-06,6480
3708,上緯投控,3,0,3,福邦證券,2023-01-06,6480
6146,耕興,3,0,3,福邦證券,2023-01-06,6480
2379,瑞昱,2,0,2,福邦證券,2023-01-06,6480
2308,台達電,2,0,2,福邦證券,2023-01-06,6480
1710,東聯,2,0,2,福邦證券,2023-01-06,6480
00715L,期街口布蘭特正2,2,0,2,福邦證券,2023-01-06,6480
00752,中信中國50,2,0,2,福邦證券,2023-01-06,6480
2338,光罩,4,2,2,福邦證券,2023-01-06,6480
2359,所羅門,5,3,2,福邦證券,2023-01-06,6480
3037,欣興,353,6,347,福邦證券,2023-01-09,6480
4950,牧東,220,0,220,福邦證券,2023-01-09,6480
3094,聯傑,172,0,172,福邦證券,2023-01-09,6480
2371,大同,141,6,135,福邦證券,2023-01-09,6480
2376,技嘉,130,0,130,福邦證券,2023-01-09,6480
8050,廣積,122,2,120,福邦證券,2023-01-09,6480
6789,采鈺,106,1,105,福邦證券,2023-01-09,6480
2327,國巨,57,0,57,福邦證券,2023-01-09,6480
2345,智邦,51,0,51,福邦證券,2023-01-09,6480
8086,宏捷科,50,1,49,福邦證券,2023-01-09,6480
2201,裕隆,62,16,46,福邦證券,2023-01-09,6480
1590,亞德客-KY,40,0,40,福邦證券,2023-01-09,6480
4961,天鈺,51,16,35,福邦證券,2023-01-09,6480
4979,華星光,27,0,27,福邦證券,2023-01-09,6480
2609,陽明,24,1,23,福邦證券,2023-01-09,6480
00642U,期元大S＆P石油,20,0,20,福邦證券,2023-01-09,6480
2455,全新,21,1,20,福邦證券,2023-01-09,6480
8358,金居,21,2,19,福邦證券,2023-01-09,6480
2524,京城,18,0,18,福邦證券,2023-01-09,6480
5347,世界,18,1,17,福邦證券,2023-01-09,6480
00632R,元大台灣50反1,16,0,16,福邦證券,2023-01-09,6480
3661,世芯-KY,16,0,16,福邦證券,2023-01-09,6480
5498,凱崴,16,0,16,福邦證券,2023-01-09,6480
2303,聯電,59,44,15,福邦證券,2023-01-09,6480
3058,立德,18,3,15,福邦證券,2023-01-09,6480
3447,展達,15,0,15,福邦證券,2023-01-09,6480
6578,達邦蛋白,15,0,15,福邦證券,2023-01-09,6480
00715L,期街口布蘭特正2,13,0,13,福邦證券,2023-01-09,6480
9934,成霖,12,0,12,福邦證券,2023-01-09,6480
1438,三地開發,12,1,11,福邦證券,2023-01-09,6480
2204,中華,10,0,10,福邦證券,2023-01-09,6480
5269,祥碩,10,0,10,福邦證券,2023-01-09,6480
6274,台燿,20,11,9,福邦證券,2023-01-09,6480
2379,瑞昱,8,0,8,福邦證券,2023-01-09,6480
2603,長榮,8,0,8,福邦證券,2023-01-09,6480
3289,宜特,8,0,8,福邦證券,2023-01-09,6480
3711,日月光投控,10,2,8,福邦證券,2023-01-09,6480
6285,啟��,10,2,8,福邦證券,2023-01-09,6480
1605,華新,10,3,7,福邦證券,2023-01-09,6480
8464,億豐,7,0,7,福邦證券,2023-01-09,6480
1586,和勤,6,0,6,福邦證券,2023-01-09,6480
2546,根基,6,0,6,福邦證券,2023-01-09,6480
6799,來頡,6,0,6,福邦證券,2023-01-09,6480
8938,明安,10,4,6,福邦證券,2023-01-09,6480
1773,勝一,5,0,5,福邦證券,2023-01-09,6480
3264,欣銓,12,7,5,福邦證券,2023-01-09,6480
3707,漢磊,5,0,5,福邦證券,2023-01-09,6480
5351,鈺創,5,0,5,福邦證券,2023-01-09,6480
8047,星雲,5,0,5,福邦證券,2023-01-09,6480
2359,所羅門,4,0,4,福邦證券,2023-01-09,6480
1210,大成,200,0,200,福邦證券,2023-01-10,6480
3231,緯創,200,0,200,福邦證券,2023-01-10,6480
1605,華新,104,9,95,福邦證券,2023-01-10,6480
2605,新興,90,0,90,福邦證券,2023-01-10,6480
6806,森崴能源,150,87,63,福邦證券,2023-01-10,6480
1702,南僑,55,0,55,福邦證券,2023-01-10,6480
3094,聯傑,55,0,55,福邦證券,2023-01-10,6480
3537,堡達,40,0,40,福邦證券,2023-01-10,6480
2615,萬海,28,0,28,福邦證券,2023-01-10,6480
6186,新潤,25,0,25,福邦證券,2023-01-10,6480
2816,旺旺保,21,0,21,福邦證券,2023-01-10,6480
00715L,期街口布蘭特正2,41,21,20,福邦證券,2023-01-10,6480
5439,高技,20,0,20,福邦證券,2023-01-10,6480
6643,M31,20,0,20,福邦證券,2023-01-10,6480
2371,大同,17,0,17,福邦證券,2023-01-10,6480
3454,晶睿,29,13,16,福邦證券,2023-01-10,6480
2027,大成鋼,15,1,14,福邦證券,2023-01-10,6480
3228,金麗科,12,2,10,福邦證券,2023-01-10,6480
4739,康普,10,0,10,福邦證券,2023-01-10,6480
4956,光鋐,10,0,10,福邦證券,2023-01-10,6480
5347,世界,10,0,10,福邦證券,2023-01-10,6480
6789,采鈺,11,1,10,福邦證券,2023-01-10,6480
2059,川湖,10,1,9,福邦證券,2023-01-10,6480
1513,中興電,13,4,9,福邦證券,2023-01-10,6480
5452,佶優,8,0,8,福邦證券,2023-01-10,6480
00878,國泰永續高股息,7,0,7,福邦證券,2023-01-10,6480
8050,廣積,7,0,7,福邦證券,2023-01-10,6480
8938,明安,7,0,7,福邦證券,2023-01-10,6480
2634,漢翔,7,1,6,福邦證券,2023-01-10,6480
1711,永光,5,0,5,福邦證券,2023-01-10,6480
2618,長榮航,5,0,5,福邦證券,2023-01-10,6480
2867,三商壽,5,0,5,福邦證券,2023-01-10,6480
3141,晶宏,16,11,5,福邦證券,2023-01-10,6480
3705,永信,5,0,5,福邦證券,2023-01-10,6480
4763,材料-KY,23,18,5,福邦證券,2023-01-10,6480
6196,帆宣,5,0,5,福邦證券,2023-01-10,6480
6223,旺矽,5,0,5,福邦證券,2023-01-10,6480
6530,創威,5,0,5,福邦證券,2023-01-10,6480
1909,榮成,4,0,4,福邦證券,2023-01-10,6480
1708,東鹼,4,0,4,福邦證券,2023-01-10,6480
8476,台境*,4,0,4,福邦證券,2023-01-10,6480
9939,宏全,4,0,4,福邦證券,2023-01-10,6480
2330,台積電,7,4,3,福邦證券,2023-01-10,6480
1463,強盛新,3,0,3,福邦證券,2023-01-10,6480
3006,晶豪科,3,0,3,福邦證券,2023-01-10,6480
5871,中租-KY,4,1,3,福邦證券,2023-01-10,6480
6205,詮欣,3,0,3,福邦證券,2023-01-10,6480
6488,環球晶,3,0,3,福邦證券,2023-01-10,6480
6591,動力-KY,11,8,3,福邦證券,2023-01-10,6480
2338,光罩,2,0,2,福邦證券,2023-01-10,6480
00689R,國泰20年美債反1,200,0,200,福邦證券,2023-01-11,6480
00681R,元大美債20反1,150,0,150,福邦證券,2023-01-11,6480
00885,富邦越南,100,0,100,福邦證券,2023-01-11,6480
8085,福華,96,0,96,福邦證券,2023-01-11,6480
2615,萬海,56,6,50,福邦證券,2023-01-11,6480
00900,富邦特選高股息30,43,0,43,福邦證券,2023-01-11,6480
2605,新興,42,0,42,福邦證券,2023-01-11,6480
1503,士電,32,0,32,福邦證券,2023-01-11,6480
8255,朋程,24,0,24,福邦證券,2023-01-11,6480
2607,榮運,25,2,23,福邦證券,2023-01-11,6480
3266,昇陽,23,0,23,福邦證券,2023-01-11,6480
00637L,元大滬深300正2,21,0,21,福邦證券,2023-01-11,6480
6789,采鈺,20,7,13,福邦證券,2023-01-11,6480
9958,世紀鋼,13,0,13,福邦證券,2023-01-11,6480
2404,漢唐,12,0,12,福邦證券,2023-01-11,6480
5871,中租-KY,12,1,11,福邦證券,2023-01-11,6480
01003T,兆豐新光R1,10,0,10,福邦證券,2023-01-11,6480
1584,精剛,10,0,10,福邦證券,2023-01-11,6480
2816,旺旺保,10,0,10,福邦證券,2023-01-11,6480
2888,新光金,10,0,10,福邦證券,2023-01-11,6480
3454,晶睿,10,0,10,福邦證券,2023-01-11,6480
4977,眾達-KY,11,1,10,福邦證券,2023-01-11,6480
3465,進泰電子,9,0,9,福邦證券,2023-01-11,6480
5483,中美晶,10,1,9,福邦證券,2023-01-11,6480
4746,台耀,8,0,8,福邦證券,2023-01-11,6480
6170,統振,8,0,8,福邦證券,2023-01-11,6480
6689,伊雲谷,10,3,7,福邦證券,2023-01-11,6480
2006,東和鋼鐵,5,0,5,福邦證券,2023-01-11,6480
2912,統一超,5,0,5,福邦證券,2023-01-11,6480
4968,立積,5,0,5,福邦證券,2023-01-11,6480
6585,鼎基,5,0,5,福邦證券,2023-01-11,6480
2330,台積電,7,3,4,福邦證券,2023-01-11,6480
8068,全達,4,0,4,福邦證券,2023-01-11,6480
9962,有益,4,0,4,福邦證券,2023-01-11,6480
2359,所羅門,4,1,3,福邦證券,2023-01-11,6480
00720B,元大投資級公司債,3,0,3,福邦證券,2023-01-11,6480
5452,佶優,3,0,3,福邦證券,2023-01-11,6480
8227,巨有科技,3,0,3,福邦證券,2023-01-11,6480
1519,華城,38,36,2,福邦證券,2023-01-11,6480
1760,寶齡富錦,2,0,2,福邦證券,2023-01-11,6480
2313,華通,2,0,2,福邦證券,2023-01-11,6480
2360,致茂,2,0,2,福邦證券,2023-01-11,6480
2413,環科,2,0,2,福邦證券,2023-01-11,6480
2603,長榮,10,8,2,福邦證券,2023-01-11,6480
2617,台航,2,0,2,福邦證券,2023-01-11,6480
2702,華園,2,0,2,福邦證券,2023-01-11,6480
2812,台中銀,3,1,2,福邦證券,2023-01-11,6480
3050,鈺德,2,0,2,福邦證券,2023-01-11,6480
3380,明泰,6,4,2,福邦證券,2023-01-11,6480
3605,宏致,2,0,2,福邦證券,2023-01-11,6480
4950,牧東,210,0,210,福邦證券,2023-01-12,6480
1717,長興,173,0,173,福邦證券,2023-01-12,6480
2103,台橡,167,0,167,福邦證券,2023-01-12,6480
1904,正隆,108,0,108,福邦證券,2023-01-12,6480
00715L,期街口布蘭特正2,120,46,74,福邦證券,2023-01-12,6480
6213,聯茂,65,0,65,福邦證券,2023-01-12,6480
2538,基泰,60,0,60,福邦證券,2023-01-12,6480
2615,萬海,36,2,34,福邦證券,2023-01-12,6480
6414,樺漢,32,0,32,福邦證券,2023-01-12,6480
3479,安勤,31,0,31,福邦證券,2023-01-12,6480
2609,陽明,27,0,27,福邦證券,2023-01-12,6480
3022,威強電,25,0,25,福邦證券,2023-01-12,6480
1760,寶齡富錦,24,0,24,福邦證券,2023-01-12,6480
1463,強盛新,24,0,24,福邦證券,2023-01-12,6480
6782,視陽,22,0,22,福邦證券,2023-01-12,6480
1314,中石化,20,0,20,福邦證券,2023-01-12,6480
2495,普安,20,0,20,福邦證券,2023-01-12,6480
6245,立端,21,1,20,福邦證券,2023-01-12,6480
8255,朋程,20,1,19,福邦證券,2023-01-12,6480
2371,大同,16,0,16,福邦證券,2023-01-12,6480
4979,華星光,18,2,16,福邦證券,2023-01-12,6480
8097,常珵,14,0,14,福邦證券,2023-01-12,6480
00878,國泰永續高股息,10,0,10,福邦證券,2023-01-12,6480
1773,勝一,15,5,10,福邦證券,2023-01-12,6480
6129,普誠,10,0,10,福邦證券,2023-01-12,6480
6227,茂綸,10,0,10,福邦證券,2023-01-12,6480
6691,洋基工程,10,0,10,福邦證券,2023-01-12,6480
2498,宏達電,10,1,9,福邦證券,2023-01-12,6480
3704,合勤控,13,4,9,福邦證券,2023-01-12,6480
1503,士電,8,0,8,福邦證券,2023-01-12,6480
2607,榮運,8,0,8,福邦證券,2023-01-12,6480
2637,慧洋-KY,7,0,7,福邦證券,2023-01-12,6480
3577,泓格,7,0,7,福邦證券,2023-01-12,6480
5452,佶優,7,0,7,福邦證券,2023-01-12,6480
2603,長榮,6,0,6,福邦證券,2023-01-12,6480
3441,聯一光,6,0,6,福邦證券,2023-01-12,6480
6649,台生材,6,0,6,福邦證券,2023-01-12,6480
9939,宏全,6,0,6,福邦證券,2023-01-12,6480
3162,精確,5,0,5,福邦證券,2023-01-12,6480
3521,鴻翊,5,0,5,福邦證券,2023-01-12,6480
3705,永信,5,0,5,福邦證券,2023-01-12,6480
4114,健喬,6,1,5,福邦證券,2023-01-12,6480
6472,保瑞,5,0,5,福邦證券,2023-01-12,6480
6578,達邦蛋白,5,0,5,福邦證券,2023-01-12,6480
6830,汎銓,5,0,5,福邦證券,2023-01-12,6480
2634,漢翔,5,1,4,福邦證券,2023-01-12,6480
5443,均豪,4,0,4,福邦證券,2023-01-12,6480
5871,中租-KY,4,0,4,福邦證券,2023-01-12,6480
6122,擎邦,4,0,4,福邦證券,2023-01-12,6480
8069,元太,7,3,4,福邦證券,2023-01-12,6480
1605,華新,278,0,278,福邦證券,2023-01-13,6480
2618,長榮航,156,9,147,福邦證券,2023-01-13,6480
1760,寶齡富錦,131,0,131,福邦證券,2023-01-13,6480
00632R,元大台灣50反1,60,0,60,福邦證券,2023-01-13,6480
8255,朋程,42,0,42,福邦證券,2023-01-13,6480
6213,聯茂,30,0,30,福邦證券,2023-01-13,6480
2607,榮運,28,0,28,福邦證券,2023-01-13,6480
3105,穩懋,21,0,21,福邦證券,2023-01-13,6480
6789,采鈺,20,0,20,福邦證券,2023-01-13,6480
2371,大同,18,0,18,福邦證券,2023-01-13,6480
2634,漢翔,16,0,16,福邦證券,2023-01-13,6480
1586,和勤,15,2,13,福邦證券,2023-01-13,6480
9921,巨大,12,0,12,福邦證券,2023-01-13,6480
2637,慧洋-KY,11,0,11,福邦證券,2023-01-13,6480
6515,穎崴,11,0,11,福邦證券,2023-01-13,6480
2812,台中銀,10,0,10,福邦證券,2023-01-13,6480
3441,聯一光,10,0,10,福邦證券,2023-01-13,6480
3693,營邦,20,10,10,福邦證券,2023-01-13,6480
4128,中天,10,0,10,福邦證券,2023-01-13,6480
4503,金雨,10,0,10,福邦證券,2023-01-13,6480
5871,中租-KY,10,0,10,福邦證券,2023-01-13,6480
2027,大成鋼,8,0,8,福邦證券,2023-01-13,6480
2498,宏達電,18,10,8,福邦證券,2023-01-13,6480
2002,中鋼,11,4,7,福邦證券,2023-01-13,6480
6865,偉康科技,7,0,7,福邦證券,2023-01-13,6480
4743,合一,7,1,6,福邦證券,2023-01-13,6480
2609,陽明,5,0,5,福邦證券,2023-01-13,6480
3022,威強電,5,0,5,福邦證券,2023-01-13,6480
3479,安勤,5,0,5,福邦證券,2023-01-13,6480
3624,光頡,5,0,5,福邦證券,2023-01-13,6480
3711,日月光投控,5,0,5,福邦證券,2023-01-13,6480
4119,旭富,5,0,5,福邦證券,2023-01-13,6480
2867,三商壽,4,0,4,福邦證券,2023-01-13,6480
2887,台新金,4,0,4,福邦證券,2023-01-13,6480
5388,中磊,4,0,4,福邦證券,2023-01-13,6480
6188,廣明,5,1,4,福邦證券,2023-01-13,6480
8464,億豐,4,0,4,福邦證券,2023-01-13,6480
8476,台境*,4,0,4,福邦證券,2023-01-13,6480
3380,明泰,3,0,3,福邦證券,2023-01-13,6480
3529,力旺,3,0,3,福邦證券,2023-01-13,6480
6609,瀧澤科,3,0,3,福邦證券,2023-01-13,6480
2330,台積電,21,19,2,福邦證券,2023-01-13,6480
2382,廣達,2,0,2,福邦證券,2023-01-13,6480
2345,智邦,2,0,2,福邦證券,2023-01-13,6480
1525,江申,2,0,2,福邦證券,2023-01-13,6480
00715L,期街口布蘭特正2,2,0,2,福邦證券,2023-01-13,6480
2428,興勤,2,0,2,福邦證券,2023-01-13,6480
2465,麗臺,4,2,2,福邦證券,2023-01-13,6480
3008,大立光,2,0,2,福邦證券,2023-01-13,6480
3128,昇銳,2,0,2,福邦證券,2023-01-13,6480
2303,聯電,527,54,473,福邦證券,2023-01-16,6480
8085,福華,362,0,362,福邦證券,2023-01-16,6480
2382,廣達,333,0,333,福邦證券,2023-01-16,6480
2376,技嘉,330,0,330,福邦證券,2023-01-16,6480
2313,華通,225,0,225,福邦證券,2023-01-16,6480
2014,中鴻,200,0,200,福邦證券,2023-01-16,6480
2201,裕隆,150,7,143,福邦證券,2023-01-16,6480
6290,良維,100,0,100,福邦證券,2023-01-16,6480
8358,金居,87,5,82,福邦證券,2023-01-16,6480
1760,寶齡富錦,74,0,74,福邦證券,2023-01-16,6480
2481,強茂,75,1,74,福邦證券,2023-01-16,6480
6139,亞翔,40,0,40,福邦證券,2023-01-16,6480
3105,穩懋,22,1,21,福邦證券,2023-01-16,6480
8464,億豐,21,0,21,福邦證券,2023-01-16,6480
4956,光鋐,20,0,20,福邦證券,2023-01-16,6480
3704,合勤控,15,0,15,福邦證券,2023-01-16,6480
6865,偉康科技,15,0,15,福邦證券,2023-01-16,6480
1301,台塑,14,0,14,福邦證券,2023-01-16,6480
6770,力積電,13,0,13,福邦證券,2023-01-16,6480
2634,漢翔,12,0,12,福邦證券,2023-01-16,6480
2727,王品,12,0,12,福邦證券,2023-01-16,6480
1809,中釉,10,0,10,福邦證券,2023-01-16,6480
1477,聚陽,10,0,10,福邦證券,2023-01-16,6480
2328,廣宇,10,0,10,福邦證券,2023-01-16,6480
2888,新光金,10,0,10,福邦證券,2023-01-16,6480
3443,創意,10,0,10,福邦證券,2023-01-16,6480
3577,泓格,10,0,10,福邦證券,2023-01-16,6480
6806,森崴能源,10,0,10,福邦證券,2023-01-16,6480
8476,台境*,9,0,9,福邦證券,2023-01-16,6480
2609,陽明,8,0,8,福邦證券,2023-01-16,6480
2637,慧洋-KY,8,0,8,福邦證券,2023-01-16,6480
6231,系微,7,0,7,福邦證券,2023-01-16,6480
2379,瑞昱,6,0,6,福邦證券,2023-01-16,6480
00893,國泰智能電動車,6,0,6,福邦證券,2023-01-16,6480
2618,長榮航,6,0,6,福邦證券,2023-01-16,6480
3002,歐格,6,0,6,福邦證券,2023-01-16,6480
4935,茂林-KY,5,0,5,福邦證券,2023-01-16,6480
9933,中鼎,5,0,5,福邦證券,2023-01-16,6480
1584,精剛,4,0,4,福邦證券,2023-01-16,6480
2317,鴻海,4,0,4,福邦證券,2023-01-16,6480
4164,承業醫,4,0,4,福邦證券,2023-01-16,6480
8933,愛地雅,4,0,4,福邦證券,2023-01-16,6480
2610,華航,3,0,3,福邦證券,2023-01-16,6480
3596,智易,3,0,3,福邦證券,2023-01-16,6480
8171,天宇,4,1,3,福邦證券,2023-01-16,6480
2338,光罩,2,0,2,福邦證券,2023-01-16,6480
2330,台積電,3,1,2,福邦證券,2023-01-16,6480
2371,大同,2,0,2,福邦證券,2023-01-16,6480
2027,大成鋼,8,6,2,福邦證券,2023-01-16,6480
2607,榮運,2,0,2,福邦證券,2023-01-16,6480
00715L,期街口布蘭特正2,500,0,500,福邦證券,2023-01-17,6480
1304,台聚,390,0,390,福邦證券,2023-01-17,6480
1303,南亞,252,2,250,福邦證券,2023-01-17,6480
1717,長興,150,0,150,福邦證券,2023-01-17,6480
2103,台橡,100,0,100,福邦證券,2023-01-17,6480
2481,強茂,75,0,75,福邦證券,2023-01-17,6480
1305,華夏,70,2,68,福邦證券,2023-01-17,6480
3022,威強電,70,6,64,福邦證券,2023-01-17,6480
00637L,元大滬深300正2,60,0,60,福邦證券,2023-01-17,6480
1586,和勤,83,35,48,福邦證券,2023-01-17,6480
6770,力積電,39,0,39,福邦證券,2023-01-17,6480
6806,森崴能源,32,3,29,福邦證券,2023-01-17,6480
2634,漢翔,24,0,24,福邦證券,2023-01-17,6480
4128,中天,14,0,14,福邦證券,2023-01-17,6480
4977,眾達-KY,15,1,14,福邦證券,2023-01-17,6480
00725B,國泰投資級公司債,12,0,12,福邦證券,2023-01-17,6480
1773,勝一,12,0,12,福邦證券,2023-01-17,6480
3705,永信,11,0,11,福邦證券,2023-01-17,6480
1513,中興電,10,0,10,福邦證券,2023-01-17,6480
8210,勤誠,30,20,10,福邦證券,2023-01-17,6480
8358,金居,10,0,10,福邦證券,2023-01-17,6480
6612,奈米醫材,7,0,7,福邦證券,2023-01-17,6480
0050,元大台灣50,7,1,6,福邦證券,2023-01-17,6480
1301,台塑,6,0,6,福邦證券,2023-01-17,6480
4933,友輝,6,0,6,福邦證券,2023-01-17,6480
2317,鴻海,5,0,5,福邦證券,2023-01-17,6480
1314,中石化,5,0,5,福邦證券,2023-01-17,6480
00891,中信關鍵半導體,5,0,5,福邦證券,2023-01-17,6480
2498,宏達電,5,0,5,福邦證券,2023-01-17,6480
2637,慧洋-KY,5,0,5,福邦證券,2023-01-17,6480
6609,瀧澤科,5,0,5,福邦證券,2023-01-17,6480
8028,昇陽半導體,5,0,5,福邦證券,2023-01-17,6480
8454,富邦媒,5,0,5,福邦證券,2023-01-17,6480
00633L,富邦上証正2,12,8,4,福邦證券,2023-01-17,6480
2723,美食-KY,4,0,4,福邦證券,2023-01-17,6480
3105,穩懋,5,1,4,福邦證券,2023-01-17,6480
4401,東隆興,4,0,4,福邦證券,2023-01-17,6480
4746,台耀,4,0,4,福邦證券,2023-01-17,6480
4979,華星光,10,6,4,福邦證券,2023-01-17,6480
6213,聯茂,5,1,4,福邦證券,2023-01-17,6480
00878,國泰永續高股息,3,0,3,福邦證券,2023-01-17,6480
2438,翔耀,3,0,3,福邦證券,2023-01-17,6480
5284,jpp-KY,3,0,3,福邦證券,2023-01-17,6480
5425,台半,5,2,3,福邦證券,2023-01-17,6480
5452,佶優,3,0,3,福邦證券,2023-01-17,6480
9939,宏全,3,0,3,福邦證券,2023-01-17,6480
2330,台積電,16,13,3,福邦證券,2023-01-17,6480
1529,樂事綠能,4,2,2,福邦證券,2023-01-17,6480
1907,永豐餘,2,0,2,福邦證券,2023-01-17,6480
1783,和康生,2,0,2,福邦證券,2023-01-17,6480
2392,正崴,786,0,786,福邦證券,2023-01-30,6480
2303,聯電,1020,585,435,福邦證券,2023-01-30,6480
3260,威剛,155,0,155,福邦證券,2023-01-30,6480
2208,台船,223,90,133,福邦證券,2023-01-30,6480
3454,晶睿,120,1,119,福邦證券,2023-01-30,6480
4979,華星光,125,11,114,福邦證券,2023-01-30,6480
3027,盛達,101,1,100,福邦證券,2023-01-30,6480
3231,緯創,100,0,100,福邦證券,2023-01-30,6480
8358,金居,106,10,96,福邦證券,2023-01-30,6480
6290,良維,77,0,77,福邦證券,2023-01-30,6480
4919,新唐,50,0,50,福邦證券,2023-01-30,6480
6125,廣運,50,0,50,福邦證券,2023-01-30,6480
2481,強茂,50,1,49,福邦證券,2023-01-30,6480
3189,景碩,51,3,48,福邦證券,2023-01-30,6480
00919,群益台灣精選高息,40,0,40,福邦證券,2023-01-30,6480
00751B,元大AAA至A公司債,35,0,35,福邦證券,2023-01-30,6480
6282,康舒,50,15,35,福邦證券,2023-01-30,6480
3479,安勤,31,0,31,福邦證券,2023-01-30,6480
6188,廣明,50,19,31,福邦證券,2023-01-30,6480
1438,三地開發,26,0,26,福邦證券,2023-01-30,6480
0056,元大高股息,28,2,26,福邦證券,2023-01-30,6480
2317,鴻海,31,6,25,福邦證券,2023-01-30,6480
2031,新光鋼,20,0,20,福邦證券,2023-01-30,6480
4402,郡都開發,16,0,16,福邦證券,2023-01-30,6480
6213,聯茂,15,0,15,福邦證券,2023-01-30,6480
006208,富邦台50,12,0,12,福邦證券,2023-01-30,6480
1477,聚陽,11,0,11,福邦證券,2023-01-30,6480
8046,南電,10,0,10,福邦證券,2023-01-30,6480
1218,泰山,10,0,10,福邦證券,2023-01-30,6480
00632R,元大台灣50反1,110,100,10,福邦證券,2023-01-30,6480
2206,三陽工業,10,0,10,福邦證券,2023-01-30,6480
3093,港建*,10,0,10,福邦證券,2023-01-30,6480
8255,朋程,10,0,10,福邦證券,2023-01-30,6480
2845,遠東銀,10,1,9,福邦證券,2023-01-30,6480
2409,友達,10,1,9,福邦證券,2023-01-30,6480
2603,長榮,11,3,8,福邦證券,2023-01-30,6480
00878,國泰永續高股息,8,0,8,福邦證券,2023-01-30,6480
0050,元大台灣50,17,9,8,福邦證券,2023-01-30,6480
2607,榮運,8,0,8,福邦證券,2023-01-30,6480
2618,長榮航,14,6,8,福邦證券,2023-01-30,6480
6451,訊芯-KY,8,0,8,福邦證券,2023-01-30,6480
2438,翔耀,7,0,7,福邦證券,2023-01-30,6480
6488,環球晶,8,1,7,福邦證券,2023-01-30,6480
1336,台翰,6,0,6,福邦證券,2023-01-30,6480
2308,台達電,6,0,6,福邦證券,2023-01-30,6480
2884,玉山金,6,0,6,福邦證券,2023-01-30,6480
9933,中鼎,6,0,6,福邦證券,2023-01-30,6480
1727,中華化,5,0,5,福邦證券,2023-01-30,6480
1513,中興電,25,20,5,福邦證券,2023-01-30,6480
2702,華園,5,0,5,福邦證券,2023-01-30,6480
2382,廣達,1000,1,999,福邦證券,2023-01-31,6480
2392,正崴,531,0,531,福邦證券,2023-01-31,6480
2379,瑞昱,300,0,300,福邦證券,2023-01-31,6480
5439,高技,120,0,120,福邦證券,2023-01-31,6480
6125,廣運,106,0,106,福邦證券,2023-01-31,6480
2340,台亞,100,0,100,福邦證券,2023-01-31,6480
2732,六角,100,0,100,福邦證券,2023-01-31,6480
3231,緯創,80,0,80,福邦證券,2023-01-31,6480
3037,欣興,65,2,63,福邦證券,2023-01-31,6480
00751B,元大AAA至A公司債,60,0,60,福邦證券,2023-01-31,6480
00637L,元大滬深300正2,51,0,51,福邦證券,2023-01-31,6480
8358,金居,33,0,33,福邦證券,2023-01-31,6480
3479,安勤,30,0,30,福邦證券,2023-01-31,6480
6732,昇佳電子,30,0,30,福邦證券,2023-01-31,6480
8105,凌巨,30,0,30,福邦證券,2023-01-31,6480
2208,台船,49,20,29,福邦證券,2023-01-31,6480
3481,群創,41,12,29,福邦證券,2023-01-31,6480
2303,聯電,35,9,26,福邦證券,2023-01-31,6480
2007,燁興,25,0,25,福邦證券,2023-01-31,6480
00715L,期街口布蘭特正2,21,0,21,福邦證券,2023-01-31,6480
00720B,元大投資級公司債,20,0,20,福邦證券,2023-01-31,6480
2538,基泰,20,0,20,福邦證券,2023-01-31,6480
4164,承業醫,20,0,20,福邦證券,2023-01-31,6480
9934,成霖,20,0,20,福邦證券,2023-01-31,6480
6679,鈺太,81,62,19,福邦證券,2023-01-31,6480
8255,朋程,17,0,17,福邦證券,2023-01-31,6480
2002,中鋼,21,5,16,福邦證券,2023-01-31,6480
2330,台積電,17,2,15,福邦證券,2023-01-31,6480
3594,磐儀,14,0,14,福邦證券,2023-01-31,6480
3141,晶宏,13,1,12,福邦證券,2023-01-31,6480
4743,合一,16,4,12,福邦證券,2023-01-31,6480
1423,利華,11,0,11,福邦證券,2023-01-31,6480
2834,臺企銀,11,0,11,福邦證券,2023-01-31,6480
3081,聯亞,11,0,11,福邦證券,2023-01-31,6480
3105,穩懋,33,22,11,福邦證券,2023-01-31,6480
5258,虹堡,11,0,11,福邦證券,2023-01-31,6480
5871,中租-KY,11,0,11,福邦證券,2023-01-31,6480
1477,聚陽,11,1,10,福邦證券,2023-01-31,6480
2317,鴻海,11,1,10,福邦證券,2023-01-31,6480
2492,華新科,10,0,10,福邦證券,2023-01-31,6480
6278,台表科,10,0,10,福邦證券,2023-01-31,6480
2634,漢翔,20,11,9,福邦證券,2023-01-31,6480
4931,新盛力,9,0,9,福邦證券,2023-01-31,6480
00905,FT臺灣Smart,8,0,8,福邦證券,2023-01-31,6480
2906,高林,8,0,8,福邦證券,2023-01-31,6480
6770,力積電,10,3,7,福邦證券,2023-01-31,6480
2723,美食-KY,5,0,5,福邦證券,2023-01-31,6480
6592,和潤企業,5,0,5,福邦證券,2023-01-31,6480
2359,所羅門,4,0,4,福邦證券,2023-01-31,6480
3665,貿聯-KY,4,0,4,福邦證券,2023-01-31,6480
1304,台聚,325,0,325,福邦證券,2023-02-01,6480
1605,華新,220,15,205,福邦證券,2023-02-01,6480
3231,緯創,180,0,180,福邦證券,2023-02-01,6480
2103,台橡,152,0,152,福邦證券,2023-02-01,6480
1717,長興,150,0,150,福邦證券,2023-02-01,6480
2732,六角,100,0,100,福邦證券,2023-02-01,6480
6282,康舒,100,0,100,福邦證券,2023-02-01,6480
1438,三地開發,74,0,74,福邦證券,2023-02-01,6480
2888,新光金,70,0,70,福邦證券,2023-02-01,6480
1773,勝一,50,0,50,福邦證券,2023-02-01,6480
6125,廣運,46,0,46,福邦證券,2023-02-01,6480
3481,群創,42,5,37,福邦證券,2023-02-01,6480
2482,連宇,47,12,35,福邦證券,2023-02-01,6480
5284,jpp-KY,32,0,32,福邦證券,2023-02-01,6480
3037,欣興,33,2,31,福邦證券,2023-02-01,6480
3479,安勤,46,15,31,福邦證券,2023-02-01,6480
3207,耀勝,33,5,28,福邦證券,2023-02-01,6480
1513,中興電,40,15,25,福邦證券,2023-02-01,6480
2059,川湖,29,7,22,福邦證券,2023-02-01,6480
2891,中信金,21,0,21,福邦證券,2023-02-01,6480
2538,基泰,20,0,20,福邦證券,2023-02-01,6480
2634,漢翔,21,1,20,福邦證券,2023-02-01,6480
2897,王道銀行,20,0,20,福邦證券,2023-02-01,6480
5288,豐祥-KY,20,0,20,福邦證券,2023-02-01,6480
5498,凱崴,20,0,20,福邦證券,2023-02-01,6480
00905,FT臺灣Smart,17,0,17,福邦證券,2023-02-01,6480
2007,燁興,15,0,15,福邦證券,2023-02-01,6480
4746,台耀,15,0,15,福邦證券,2023-02-01,6480
8210,勤誠,13,0,13,福邦證券,2023-02-01,6480
3105,穩懋,18,6,12,福邦證券,2023-02-01,6480
1810,和成,13,2,11,福邦證券,2023-02-01,6480
1609,大亞,12,2,10,福邦證券,2023-02-01,6480
1709,和益,10,0,10,福邦證券,2023-02-01,6480
6288,聯嘉,10,0,10,福邦證券,2023-02-01,6480
1701,中化,9,0,9,福邦證券,2023-02-01,6480
2834,臺企銀,9,0,9,福邦證券,2023-02-01,6480
6719,力智,15,6,9,福邦證券,2023-02-01,6480
3521,鴻翊,8,0,8,福邦證券,2023-02-01,6480
4438,廣越,7,0,7,福邦證券,2023-02-01,6480
6649,台生材,7,0,7,福邦證券,2023-02-01,6480
00753L,中信中國50正2,6,0,6,福邦證券,2023-02-01,6480
2906,高林,29,23,6,福邦證券,2023-02-01,6480
6767,台微醫,6,0,6,福邦證券,2023-02-01,6480
2201,裕隆,14,9,5,福邦證券,2023-02-01,6480
1336,台翰,5,0,5,福邦證券,2023-02-01,6480
2881,富邦金,5,0,5,福邦證券,2023-02-01,6480
4138,曜亞,5,0,5,福邦證券,2023-02-01,6480
5309,系統電,5,0,5,福邦證券,2023-02-01,6480
6510,精測,5,0,5,福邦證券,2023-02-01,6480
6670,復盛應用,5,0,5,福邦證券,2023-02-01,6480
00632R,元大台灣50反1,2225,0,2225,福邦證券,2023-02-02,6480
2392,正崴,1062,0,1062,福邦證券,2023-02-02,6480
2888,新光金,626,3,623,福邦證券,2023-02-02,6480
3035,智原,371,1,370,福邦證券,2023-02-02,6480
6282,康舒,241,3,238,福邦證券,2023-02-02,6480
2609,陽明,200,0,200,福邦證券,2023-02-02,6480
4919,新唐,286,105,181,福邦證券,2023-02-02,6480
2344,華邦電,186,14,172,福邦證券,2023-02-02,6480
6531,愛普*,120,0,120,福邦證券,2023-02-02,6480
3675,德微,119,0,119,福邦證券,2023-02-02,6480
00885,富邦越南,101,0,101,福邦證券,2023-02-02,6480
3289,宜特,100,0,100,福邦證券,2023-02-02,6480
3231,緯創,100,1,99,福邦證券,2023-02-02,6480
2409,友達,100,6,94,福邦證券,2023-02-02,6480
3037,欣興,83,6,77,福邦證券,2023-02-02,6480
1598,岱宇,71,0,71,福邦證券,2023-02-02,6480
1802,台玻,70,0,70,福邦證券,2023-02-02,6480
00637L,元大滬深300正2,70,0,70,福邦證券,2023-02-02,6480
6505,台塑化,65,0,65,福邦證券,2023-02-02,6480
8069,元太,78,19,59,福邦證券,2023-02-02,6480
1423,利華,59,0,59,福邦證券,2023-02-02,6480
3003,健和興,45,0,45,福邦證券,2023-02-02,6480
5425,台半,44,3,41,福邦證券,2023-02-02,6480
2515,中工,25,0,25,福邦證券,2023-02-02,6480
6234,高僑,25,0,25,福邦證券,2023-02-02,6480
2748,雲品,22,0,22,福邦證券,2023-02-02,6480
1723,中碳,20,0,20,福邦證券,2023-02-02,6480
3105,穩懋,46,26,20,福邦證券,2023-02-02,6480
6443,元晶,122,106,16,福邦證券,2023-02-02,6480
9934,成霖,15,0,15,福邦證券,2023-02-02,6480
6446,藥華藥,13,0,13,福邦證券,2023-02-02,6480
3661,世芯-KY,13,1,12,福邦證券,2023-02-02,6480
2610,華航,36,25,11,福邦證券,2023-02-02,6480
6472,保瑞,11,0,11,福邦證券,2023-02-02,6480
8299,群聯,11,0,11,福邦證券,2023-02-02,6480
00680L,元大美債20正2,10,0,10,福邦證券,2023-02-02,6480
2727,王品,20,10,10,福邦證券,2023-02-02,6480
6109,亞元,10,0,10,福邦證券,2023-02-02,6480
6196,帆宣,10,0,10,福邦證券,2023-02-02,6480
6288,聯嘉,10,0,10,福邦證券,2023-02-02,6480
2498,宏達電,11,3,8,福邦證券,2023-02-02,6480
8046,南電,10,2,8,福邦證券,2023-02-02,6480
2317,鴻海,7,0,7,福邦證券,2023-02-02,6480
2379,瑞昱,7,0,7,福邦證券,2023-02-02,6480
2497,怡利電,20,13,7,福邦證券,2023-02-02,6480
2834,臺企銀,7,0,7,福邦證券,2023-02-02,6480
3189,景碩,11,4,7,福邦證券,2023-02-02,6480
8105,凌巨,7,0,7,福邦證券,2023-02-02,6480
2618,長榮航,11,5,6,福邦證券,2023-02-02,6480
2634,漢翔,6,0,6,福邦證券,2023-02-02,6480
2392,正崴,1017,0,1017,福邦證券,2023-02-03,6480
1304,台聚,500,0,500,福邦證券,2023-02-03,6480
2103,台橡,250,0,250,福邦證券,2023-02-03,6480
2618,長榮航,201,5,196,福邦證券,2023-02-03,6480
5258,虹堡,111,1,110,福邦證券,2023-02-03,6480
2732,六角,100,0,100,福邦證券,2023-02-03,6480
2881,富邦金,100,0,100,福邦證券,2023-02-03,6480
2888,新光金,75,5,70,福邦證券,2023-02-03,6480
6282,康舒,100,30,70,福邦證券,2023-02-03,6480
8069,元太,62,3,59,福邦證券,2023-02-03,6480
2891,中信金,52,0,52,福邦證券,2023-02-03,6480
2605,新興,50,0,50,福邦證券,2023-02-03,6480
5285,界霖,50,0,50,福邦證券,2023-02-03,6480
9939,宏全,50,0,50,福邦證券,2023-02-03,6480
4919,新唐,65,18,47,福邦證券,2023-02-03,6480
6290,良維,46,2,44,福邦證券,2023-02-03,6480
3105,穩懋,50,10,40,福邦證券,2023-02-03,6480
3231,緯創,40,0,40,福邦證券,2023-02-03,6480
6589,台康生技,36,0,36,福邦證券,2023-02-03,6480
1598,岱宇,34,0,34,福邦證券,2023-02-03,6480
3035,智原,38,4,34,福邦證券,2023-02-03,6480
6026,福邦證,32,0,32,福邦證券,2023-02-03,6480
9914,美利達,30,0,30,福邦證券,2023-02-03,6480
1586,和勤,28,2,26,福邦證券,2023-02-03,6480
2468,華經,22,0,22,福邦證券,2023-02-03,6480
8046,南電,21,0,21,福邦證券,2023-02-03,6480
2027,大成鋼,20,0,20,福邦證券,2023-02-03,6480
3479,安勤,20,0,20,福邦證券,2023-02-03,6480
2330,台積電,22,3,19,福邦證券,2023-02-03,6480
6546,正基,20,1,19,福邦證券,2023-02-03,6480
6806,森崴能源,23,7,16,福邦證券,2023-02-03,6480
3305,昇貿,15,0,15,福邦證券,2023-02-03,6480
4138,曜亞,15,0,15,福邦證券,2023-02-03,6480
5288,豐祥-KY,15,0,15,福邦證券,2023-02-03,6480
6719,力智,17,2,15,福邦證券,2023-02-03,6480
2458,義隆,12,0,12,福邦證券,2023-02-03,6480
6472,保瑞,12,0,12,福邦證券,2023-02-03,6480
2906,高林,30,19,11,福邦證券,2023-02-03,6480
6123,上奇,11,0,11,福邦證券,2023-02-03,6480
2007,燁興,10,0,10,福邦證券,2023-02-03,6480
2379,瑞昱,10,0,10,福邦證券,2023-02-03,6480
2609,陽明,10,0,10,福邦證券,2023-02-03,6480
3494,誠研,10,0,10,福邦證券,2023-02-03,6480
3551,世禾,10,0,10,福邦證券,2023-02-03,6480
3653,健策,10,0,10,福邦證券,2023-02-03,6480
6284,佳邦,10,0,10,福邦證券,2023-02-03,6480
9802,鈺齊-KY,10,0,10,福邦證券,2023-02-03,6480
2834,臺企銀,9,0,9,福邦證券,2023-02-03,6480
6415,矽力*-KY,9,0,9,福邦證券,2023-02-03,6480
00632R,元大台灣50反1,7,0,7,福邦證券,2023-02-03,6480
2392,正崴,1331,0,1331,福邦證券,2023-02-06,6480
8069,元太,302,16,286,福邦證券,2023-02-06,6480
3231,緯創,120,0,120,福邦證券,2023-02-06,6480
1795,美時,129,9,120,福邦證券,2023-02-06,6480
5284,jpp-KY,120,1,119,福邦證券,2023-02-06,6480
2881,富邦金,70,0,70,福邦證券,2023-02-06,6480
3443,創意,70,1,69,福邦證券,2023-02-06,6480
1102,亞泥,50,0,50,福邦證券,2023-02-06,6480
2637,慧洋-KY,50,0,50,福邦證券,2023-02-06,6480
6472,保瑞,30,0,30,福邦證券,2023-02-06,6480
2888,新光金,29,0,29,福邦證券,2023-02-06,6480
6282,康舒,34,5,29,福邦證券,2023-02-06,6480
6589,台康生技,26,0,26,福邦證券,2023-02-06,6480
1598,岱宇,25,0,25,福邦證券,2023-02-06,6480
4726,永昕,25,0,25,福邦證券,2023-02-06,6480
00919,群益台灣精選高息,20,0,20,福邦證券,2023-02-06,6480
5439,高技,20,0,20,福邦證券,2023-02-06,6480
8011,台通,20,0,20,福邦證券,2023-02-06,6480
6859,伯特光,18,0,18,福邦證券,2023-02-06,6480
8048,德勝,15,0,15,福邦證券,2023-02-06,6480
2884,玉山金,20,7,13,福邦證券,2023-02-06,6480
2603,長榮,14,2,12,福邦證券,2023-02-06,6480
6443,元晶,11,0,11,福邦證券,2023-02-06,6480
2208,台船,10,0,10,福邦證券,2023-02-06,6480
1806,冠軍,10,0,10,福邦證券,2023-02-06,6480
6719,力智,10,0,10,福邦證券,2023-02-06,6480
1701,中化,9,0,9,福邦證券,2023-02-06,6480
2610,華航,15,6,9,福邦證券,2023-02-06,6480
00753L,中信中國50正2,7,0,7,福邦證券,2023-02-06,6480
2634,漢翔,7,0,7,福邦證券,2023-02-06,6480
4743,合一,8,1,7,福邦證券,2023-02-06,6480
1909,榮成,6,0,6,福邦證券,2023-02-06,6480
2368,金像電,6,0,6,福邦證券,2023-02-06,6480
2458,義隆,6,0,6,福邦證券,2023-02-06,6480
2482,連宇,16,10,6,福邦證券,2023-02-06,6480
6603,富強鑫,7,1,6,福邦證券,2023-02-06,6480
8938,明安,6,0,6,福邦證券,2023-02-06,6480
8046,南電,6,0,6,福邦證券,2023-02-06,6480
00715L,期街口布蘭特正2,5,0,5,福邦證券,2023-02-06,6480
00885,富邦越南,5,0,5,福邦證券,2023-02-06,6480
00905,FT臺灣Smart,5,0,5,福邦證券,2023-02-06,6480
3092,鴻碩,5,0,5,福邦證券,2023-02-06,6480
3706,神達,5,0,5,福邦證券,2023-02-06,6480
4163,鐿鈦,5,0,5,福邦證券,2023-02-06,6480
5434,崇越,5,0,5,福邦證券,2023-02-06,6480
6133,金橋,5,0,5,福邦證券,2023-02-06,6480
9958,世紀鋼,5,0,5,福邦證券,2023-02-06,6480
1336,台翰,4,0,4,福邦證券,2023-02-06,6480
00900,富邦特選高股息30,5,1,4,福邦證券,2023-02-06,6480
2317,鴻海,14,10,4,福邦證券,2023-02-06,6480
2392,正崴,560,0,560,福邦證券,2023-02-07,6480
2103,台橡,365,0,365,福邦證券,2023-02-07,6480
2313,華通,350,0,350,福邦證券,2023-02-07,6480
2303,聯電,303,1,302,福邦證券,2023-02-07,6480
1304,台聚,295,0,295,福邦證券,2023-02-07,6480
1904,正隆,236,0,236,福邦證券,2023-02-07,6480
1605,華新,217,11,206,福邦證券,2023-02-07,6480
8155,博智,100,0,100,福邦證券,2023-02-07,6480
3231,緯創,80,0,80,福邦證券,2023-02-07,6480
3624,光頡,65,20,45,福邦證券,2023-02-07,6480
3105,穩懋,40,0,40,福邦證券,2023-02-07,6480
2515,中工,35,0,35,福邦證券,2023-02-07,6480
4438,廣越,20,0,20,福邦證券,2023-02-07,6480
2330,台積電,18,0,18,福邦證券,2023-02-07,6480
6234,高僑,17,0,17,福邦證券,2023-02-07,6480
2812,台中銀,15,0,15,福邦證券,2023-02-07,6480
8048,德勝,15,0,15,福邦證券,2023-02-07,6480
00878,國泰永續高股息,14,0,14,福邦證券,2023-02-07,6480
1201,味全,10,0,10,福邦證券,2023-02-07,6480
00642U,期元大S＆P石油,10,0,10,福邦證券,2023-02-07,6480
3092,鴻碩,10,0,10,福邦證券,2023-02-07,6480
4128,中天,15,5,10,福邦證券,2023-02-07,6480
6163,華電網,10,0,10,福邦證券,2023-02-07,6480
6712,長聖,10,0,10,福邦證券,2023-02-07,6480
9105,泰金寶-DR,10,0,10,福邦證券,2023-02-07,6480
2368,金像電,9,0,9,福邦證券,2023-02-07,6480
6843,進典,10,1,9,福邦證券,2023-02-07,6480
3710,連展投控,8,0,8,福邦證券,2023-02-07,6480
2231,為升,7,0,7,福邦證券,2023-02-07,6480
2498,宏達電,7,0,7,福邦證券,2023-02-07,6480
2618,長榮航,7,0,7,福邦證券,2023-02-07,6480
2888,新光金,7,0,7,福邦證券,2023-02-07,6480
1609,大亞,6,0,6,福邦證券,2023-02-07,6480
1519,華城,6,0,6,福邦證券,2023-02-07,6480
2748,雲品,6,0,6,福邦證券,2023-02-07,6480
6217,中探針,6,0,6,福邦證券,2023-02-07,6480
8938,明安,6,0,6,福邦證券,2023-02-07,6480
00751B,元大AAA至A公司債,5,0,5,福邦證券,2023-02-07,6480
2607,榮運,6,1,5,福邦證券,2023-02-07,6480
4726,永昕,5,0,5,福邦證券,2023-02-07,6480
6175,立敦,11,6,5,福邦證券,2023-02-07,6480
6182,合晶,5,0,5,福邦證券,2023-02-07,6480
6275,元山,5,0,5,福邦證券,2023-02-07,6480
6589,台康生技,6,1,5,福邦證券,2023-02-07,6480
00892,富邦台灣半導體,4,0,4,福邦證券,2023-02-07,6480
00881,國泰台灣5G+,4,0,4,福邦證券,2023-02-07,6480
2357,華碩,4,0,4,福邦證券,2023-02-07,6480
2891,中信金,5,1,4,福邦證券,2023-02-07,6480
8069,元太,17,13,4,福邦證券,2023-02-07,6480
1467,南緯,3,0,3,福邦證券,2023-02-07,6480
3481,群創,999,0,999,福邦證券,2023-02-08,6480
2392,正崴,721,0,721,福邦證券,2023-02-08,6480
2409,友達,499,3,496,福邦證券,2023-02-08,6480
1605,華新,159,12,147,福邦證券,2023-02-08,6480
3035,智原,141,2,139,福邦證券,2023-02-08,6480
5425,台半,132,0,132,福邦證券,2023-02-08,6480
2376,技嘉,129,0,129,福邦證券,2023-02-08,6480
3034,聯詠,128,5,123,福邦證券,2023-02-08,6480
2034,允強,120,0,120,福邦證券,2023-02-08,6480
2345,智邦,89,0,89,福邦證券,2023-02-08,6480
2748,雲品,78,0,78,福邦證券,2023-02-08,6480
6806,森崴能源,75,1,74,福邦證券,2023-02-08,6480
2371,大同,73,0,73,福邦證券,2023-02-08,6480
2481,強茂,50,0,50,福邦證券,2023-02-08,6480
00720B,元大投資級公司債,40,0,40,福邦證券,2023-02-08,6480
8048,德勝,40,0,40,福邦證券,2023-02-08,6480
3479,安勤,34,3,31,福邦證券,2023-02-08,6480
00632R,元大台灣50反1,30,0,30,福邦證券,2023-02-08,6480
3552,同致,30,0,30,福邦證券,2023-02-08,6480
6217,中探針,31,6,25,福邦證券,2023-02-08,6480
1409,新纖,23,0,23,福邦證券,2023-02-08,6480
00696B,富邦美債20年,20,0,20,福邦證券,2023-02-08,6480
00679B,元大美債20年,20,0,20,福邦證券,2023-02-08,6480
00751B,元大AAA至A公司債,20,0,20,福邦證券,2023-02-08,6480
2413,環科,40,20,20,福邦證券,2023-02-08,6480
2906,高林,20,0,20,福邦證券,2023-02-08,6480
4128,中天,26,6,20,福邦證券,2023-02-08,6480
4402,郡都開發,20,0,20,福邦證券,2023-02-08,6480
3207,耀勝,20,2,18,福邦證券,2023-02-08,6480
6741,91APP*-KY,17,0,17,福邦證券,2023-02-08,6480
1598,岱宇,15,0,15,福邦證券,2023-02-08,6480
9934,成霖,14,0,14,福邦證券,2023-02-08,6480
2727,王品,22,12,10,福邦證券,2023-02-08,6480
3093,港建*,10,0,10,福邦證券,2023-02-08,6480
3228,金麗科,12,2,10,福邦證券,2023-02-08,6480
3694,海華,10,0,10,福邦證券,2023-02-08,6480
4979,華星光,14,4,10,福邦證券,2023-02-08,6480
6683,雍智科技,10,0,10,福邦證券,2023-02-08,6480
6843,進典,10,0,10,福邦證券,2023-02-08,6480
8069,元太,10,0,10,福邦證券,2023-02-08,6480
2404,漢唐,8,0,8,福邦證券,2023-02-08,6480
3413,京鼎,8,0,8,福邦證券,2023-02-08,6480
6163,華電網,8,0,8,福邦證券,2023-02-08,6480
00753L,中信中國50正2,7,0,7,福邦證券,2023-02-08,6480
3305,昇貿,7,0,7,福邦證券,2023-02-08,6480
4931,新盛力,7,0,7,福邦證券,2023-02-08,6480
6589,台康生技,7,0,7,福邦證券,2023-02-08,6480
2379,瑞昱,7,1,6,福邦證券,2023-02-08,6480
6202,盛群,6,0,6,福邦證券,2023-02-08,6480
2618,長榮航,5,0,5,福邦證券,2023-02-08,6480
2392,正崴,675,0,675,福邦證券,2023-02-09,6480
6125,廣運,200,0,200,福邦證券,2023-02-09,6480
6282,康舒,209,10,199,福邦證券,2023-02-09,6480
3710,連展投控,139,0,139,福邦證券,2023-02-09,6480
3558,神準,134,0,134,福邦證券,2023-02-09,6480
6589,台康生技,120,0,120,福邦證券,2023-02-09,6480
5469,瀚宇博,105,0,105,福邦證券,2023-02-09,6480
1504,東元,100,0,100,福邦證券,2023-02-09,6480
1326,台化,100,0,100,福邦證券,2023-02-09,6480
1216,統一,100,0,100,福邦證券,2023-02-09,6480
4533,協易機,102,2,100,福邦證券,2023-02-09,6480
2481,強茂,100,1,99,福邦證券,2023-02-09,6480
00751B,元大AAA至A公司債,90,0,90,福邦證券,2023-02-09,6480
1513,中興電,88,1,87,福邦證券,2023-02-09,6480
2748,雲品,75,0,75,福邦證券,2023-02-09,6480
6505,台塑化,75,0,75,福邦證券,2023-02-09,6480
00720B,元大投資級公司債,74,0,74,福邦證券,2023-02-09,6480
3105,穩懋,65,0,65,福邦證券,2023-02-09,6480
2515,中工,60,0,60,福邦證券,2023-02-09,6480
8349,�矬�,60,0,60,福邦證券,2023-02-09,6480
2330,台積電,58,2,56,福邦證券,2023-02-09,6480
5425,台半,142,86,56,福邦證券,2023-02-09,6480
6806,森崴能源,53,0,53,福邦證券,2023-02-09,6480
00637L,元大滬深300正2,50,0,50,福邦證券,2023-02-09,6480
00753L,中信中國50正2,50,0,50,福邦證券,2023-02-09,6480
9105,泰金寶-DR,50,0,50,福邦證券,2023-02-09,6480
9938,百和,50,0,50,福邦證券,2023-02-09,6480
8091,翔名,30,0,30,福邦證券,2023-02-09,6480
3504,揚明光,25,0,25,福邦證券,2023-02-09,6480
1598,岱宇,23,1,22,福邦證券,2023-02-09,6480
2017,官田鋼,20,0,20,福邦證券,2023-02-09,6480
3454,晶睿,22,2,20,福邦證券,2023-02-09,6480
6234,高僑,20,0,20,福邦證券,2023-02-09,6480
3552,同致,20,1,19,福邦證券,2023-02-09,6480
2888,新光金,12,0,12,福邦證券,2023-02-09,6480
3003,健和興,21,10,11,福邦證券,2023-02-09,6480
3324,雙鴻,11,0,11,福邦證券,2023-02-09,6480
4763,材料-KY,14,3,11,福邦證券,2023-02-09,6480
1609,大亞,10,0,10,福邦證券,2023-02-09,6480
00633L,富邦上証正2,26,16,10,福邦證券,2023-02-09,6480
3580,友威科,10,0,10,福邦證券,2023-02-09,6480
6515,穎崴,10,0,10,福邦證券,2023-02-09,6480
6541,泰福-KY,9,0,9,福邦證券,2023-02-09,6480
6843,進典,10,1,9,福邦證券,2023-02-09,6480
4128,中天,19,11,8,福邦證券,2023-02-09,6480
1101,台泥,7,0,7,福邦證券,2023-02-09,6480
2368,金像電,7,0,7,福邦證券,2023-02-09,6480
2393,億光,7,0,7,福邦證券,2023-02-09,6480
3520,華盈,7,0,7,福邦證券,2023-02-09,6480
4979,華星光,8,1,7,福邦證券,2023-02-09,6480
2392,正崴,719,0,719,福邦證券,2023-02-10,6480
00671R,富邦NASDAQ反1,400,0,400,福邦證券,2023-02-10,6480
2618,長榮航,204,3,201,福邦證券,2023-02-10,6480
2371,大同,182,0,182,福邦證券,2023-02-10,6480
5371,中光電,120,0,120,福邦證券,2023-02-10,6480
2732,六角,102,0,102,福邦證券,2023-02-10,6480
3289,宜特,100,0,100,福邦證券,2023-02-10,6480
00751B,元大AAA至A公司債,70,0,70,福邦證券,2023-02-10,6480
8069,元太,68,5,63,福邦證券,2023-02-10,6480
4770,上品,61,1,60,福邦證券,2023-02-10,6480
2605,新興,50,0,50,福邦證券,2023-02-10,6480
2883,凱基金,50,0,50,福邦證券,2023-02-10,6480
2748,雲品,41,0,41,福邦證券,2023-02-10,6480
1504,東元,40,1,39,福邦證券,2023-02-10,6480
1513,中興電,36,4,32,福邦證券,2023-02-10,6480
6125,廣運,31,0,31,福邦證券,2023-02-10,6480
2031,新光鋼,30,0,30,福邦證券,2023-02-10,6480
2481,強茂,30,0,30,福邦證券,2023-02-10,6480
3027,盛達,30,5,25,福邦證券,2023-02-10,6480
6101,寬魚國際,24,0,24,福邦證券,2023-02-10,6480
2515,中工,23,0,23,福邦證券,2023-02-10,6480
2888,新光金,22,0,22,福邦證券,2023-02-10,6480
00720B,元大投資級公司債,20,0,20,福邦證券,2023-02-10,6480
8091,翔名,20,0,20,福邦證券,2023-02-10,6480
1605,華新,25,7,18,福邦證券,2023-02-10,6480
1718,中纖,15,0,15,福邦證券,2023-02-10,6480
8097,常珵,15,0,15,福邦證券,2023-02-10,6480
00892,富邦台灣半導體,12,0,12,福邦證券,2023-02-10,6480
2504,國產,11,0,11,福邦證券,2023-02-10,6480
6235,華孚,13,2,11,福邦證券,2023-02-10,6480
8442,威宏-KY,11,0,11,福邦證券,2023-02-10,6480
00679B,元大美債20年,10,0,10,福邦證券,2023-02-10,6480
2409,友達,10,0,10,福邦證券,2023-02-10,6480
2867,三商壽,10,0,10,福邦證券,2023-02-10,6480
2881,富邦金,10,0,10,福邦證券,2023-02-10,6480
3105,穩懋,101,91,10,福邦證券,2023-02-10,6480
3686,達能,10,0,10,福邦證券,2023-02-10,6480
6190,萬泰科,10,0,10,福邦證券,2023-02-10,6480
00772B,中信高評級公司債,9,0,9,福邦證券,2023-02-10,6480
1795,美時,9,0,9,福邦證券,2023-02-10,6480
3305,昇貿,9,0,9,福邦證券,2023-02-10,6480
6509,聚和,9,0,9,福邦證券,2023-02-10,6480
2027,大成鋼,8,0,8,福邦證券,2023-02-10,6480
3062,建漢,7,0,7,福邦證券,2023-02-10,6480
1584,精剛,21,15,6,福邦證券,2023-02-10,6480
2317,鴻海,6,0,6,福邦證券,2023-02-10,6480
2489,瑞軒,6,0,6,福邦證券,2023-02-10,6480
3680,家登,7,1,6,福邦證券,2023-02-10,6480
2034,允強,5,0,5,福邦證券,2023-02-10,6480
2610,華航,7,2,5,福邦證券,2023-02-10,6480
6290,良維,465,0,465,福邦證券,2023-02-13,6480
2392,正崴,160,0,160,福邦證券,2023-02-13,6480
00751B,元大AAA至A公司債,105,0,105,福邦證券,2023-02-13,6480
2883,凱基金,100,10,90,福邦證券,2023-02-13,6480
2371,大同,80,10,70,福邦證券,2023-02-13,6480
3479,安勤,61,0,61,福邦證券,2023-02-13,6480
6163,華電網,49,0,49,福邦證券,2023-02-13,6480
1586,和勤,43,0,43,福邦證券,2023-02-13,6480
3034,聯詠,42,0,42,福邦證券,2023-02-13,6480
2615,萬海,31,0,31,福邦證券,2023-02-13,6480
1513,中興電,30,0,30,福邦證券,2023-02-13,6480
6589,台康生技,30,0,30,福邦證券,2023-02-13,6480
2515,中工,27,0,27,福邦證券,2023-02-13,6480
00720B,元大投資級公司債,23,0,23,福邦證券,2023-02-13,6480
3038,全台,24,3,21,福邦證券,2023-02-13,6480
1720,生達,20,0,20,福邦證券,2023-02-13,6480
00679B,元大美債20年,20,0,20,福邦證券,2023-02-13,6480
3552,同致,20,0,20,福邦證券,2023-02-13,6480
1528,恩德,15,0,15,福邦證券,2023-02-13,6480
6859,伯特光,15,0,15,福邦證券,2023-02-13,6480
2888,新光金,14,0,14,福邦證券,2023-02-13,6480
8033,雷虎,13,1,12,福邦證券,2023-02-13,6480
1591,駿吉-KY,10,0,10,福邦證券,2023-02-13,6480
1477,聚陽,10,0,10,福邦證券,2023-02-13,6480
2538,基泰,10,0,10,福邦證券,2023-02-13,6480
3105,穩懋,30,20,10,福邦證券,2023-02-13,6480
4770,上品,12,2,10,福邦證券,2023-02-13,6480
6541,泰福-KY,10,0,10,福邦證券,2023-02-13,6480
8289,泰藝,10,0,10,福邦證券,2023-02-13,6480
2618,長榮航,10,1,9,福邦證券,2023-02-13,6480
6585,鼎基,8,0,8,福邦證券,2023-02-13,6480
4743,合一,7,0,7,福邦證券,2023-02-13,6480
00891,中信關鍵半導體,6,0,6,福邦證券,2023-02-13,6480
2208,台船,6,0,6,福邦證券,2023-02-13,6480
2748,雲品,5,0,5,福邦證券,2023-02-13,6480
2812,台中銀,5,0,5,福邦證券,2023-02-13,6480
3521,鴻翊,5,0,5,福邦證券,2023-02-13,6480
6234,高僑,5,0,5,福邦證券,2023-02-13,6480
2236,百達-KY,5,1,4,福邦證券,2023-02-13,6480
3035,智原,4,0,4,福邦證券,2023-02-13,6480
4763,材料-KY,5,1,4,福邦證券,2023-02-13,6480
8171,天宇,4,0,4,福邦證券,2023-02-13,6480
2330,台積電,5,1,4,福邦證券,2023-02-13,6480
1303,南亞,3,0,3,福邦證券,2023-02-13,6480
2313,華通,3,0,3,福邦證券,2023-02-13,6480
2328,廣宇,3,0,3,福邦證券,2023-02-13,6480
2356,英業達,4,1,3,福邦證券,2023-02-13,6480
3710,連展投控,3,0,3,福邦證券,2023-02-13,6480
4119,旭富,3,0,3,福邦證券,2023-02-13,6480
4128,中天,3,0,3,福邦證券,2023-02-13,6480
2409,友達,839,50,789,福邦證券,2023-02-14,6480
00671R,富邦NASDAQ反1,200,0,200,福邦證券,2023-02-14,6480
3711,日月光投控,200,0,200,福邦證券,2023-02-14,6480
2344,華邦電,130,20,110,福邦證券,2023-02-14,6480
2888,新光金,101,0,101,福邦證券,2023-02-14,6480
1301,台塑,100,0,100,福邦證券,2023-02-14,6480
2330,台積電,101,1,100,福邦證券,2023-02-14,6480
2881,富邦金,100,0,100,福邦證券,2023-02-14,6480
5388,中磊,100,0,100,福邦證券,2023-02-14,6480
6285,啟��,100,0,100,福邦證券,2023-02-14,6480
6679,鈺太,100,10,90,福邦證券,2023-02-14,6480
3594,磐儀,87,9,78,福邦證券,2023-02-14,6480
3596,智易,75,0,75,福邦證券,2023-02-14,6480
00637L,元大滬深300正2,60,0,60,福邦證券,2023-02-14,6480
6146,耕興,45,0,45,福邦證券,2023-02-14,6480
1308,亞聚,32,0,32,福邦證券,2023-02-14,6480
2453,凌群,44,12,32,福邦證券,2023-02-14,6480
2504,國產,31,0,31,福邦證券,2023-02-14,6480
6202,盛群,30,0,30,福邦證券,2023-02-14,6480
3105,穩懋,25,0,25,福邦證券,2023-02-14,6480
9938,百和,25,0,25,福邦證券,2023-02-14,6480
5284,jpp-KY,24,0,24,福邦證券,2023-02-14,6480
4126,太醫,23,0,23,福邦證券,2023-02-14,6480
2324,仁寶,22,0,22,福邦證券,2023-02-14,6480
8097,常珵,22,0,22,福邦證券,2023-02-14,6480
2017,官田鋼,20,0,20,福邦證券,2023-02-14,6480
2374,佳能,20,0,20,福邦證券,2023-02-14,6480
6217,中探針,20,0,20,福邦證券,2023-02-14,6480
6589,台康生技,20,0,20,福邦證券,2023-02-14,6480
00632R,元大台灣50反1,15,0,15,福邦證券,2023-02-14,6480
3006,晶豪科,15,0,15,福邦證券,2023-02-14,6480
3611,鼎翰,15,0,15,福邦證券,2023-02-14,6480
3035,智原,13,0,13,福邦證券,2023-02-14,6480
3152,璟德,14,1,13,福邦證券,2023-02-14,6480
8442,威宏-KY,12,0,12,福邦證券,2023-02-14,6480
2049,上銀,10,0,10,福邦證券,2023-02-14,6480
2890,永豐金,10,0,10,福邦證券,2023-02-14,6480
3443,創意,13,3,10,福邦證券,2023-02-14,6480
3552,同致,10,0,10,福邦證券,2023-02-14,6480
6517,保勝光學,10,0,10,福邦證券,2023-02-14,6480
6859,伯特光,10,0,10,福邦證券,2023-02-14,6480
1734,杏輝,8,0,8,福邦證券,2023-02-14,6480
2515,中工,10,2,8,福邦證券,2023-02-14,6480
3673,TPK-KY,8,0,8,福邦證券,2023-02-14,6480
5452,佶優,7,0,7,福邦證券,2023-02-14,6480
9934,成霖,6,0,6,福邦證券,2023-02-14,6480
4128,中天,6,1,5,福邦證券,2023-02-14,6480
00878,國泰永續高股息,5,1,4,福邦證券,2023-02-14,6480
1467,南緯,4,0,4,福邦證券,2023-02-14,6480
2480,敦陽科,4,0,4,福邦證券,2023-02-14,6480
00632R,元大台灣50反1,455,35,420,福邦證券,2023-02-15,6480
2376,技嘉,360,0,360,福邦證券,2023-02-15,6480
00671R,富邦NASDAQ反1,300,0,300,福邦證券,2023-02-15,6480
2408,南亞科,280,0,280,福邦證券,2023-02-15,6480
6202,盛群,183,0,183,福邦證券,2023-02-15,6480
2027,大成鋼,162,0,162,福邦證券,2023-02-15,6480
3017,奇鋐,150,0,150,福邦證券,2023-02-15,6480
3037,欣興,150,3,147,福邦證券,2023-02-15,6480
3035,智原,143,0,143,福邦證券,2023-02-15,6480
2313,華通,135,0,135,福邦證券,2023-02-15,6480
3094,聯傑,120,4,116,福邦證券,2023-02-15,6480
2462,良得電,98,0,98,福邦證券,2023-02-15,6480
4739,康普,87,3,84,福邦證券,2023-02-15,6480
3034,聯詠,72,2,70,福邦證券,2023-02-15,6480
3491,昇達科,58,0,58,福邦證券,2023-02-15,6480
1513,中興電,47,2,45,福邦證券,2023-02-15,6480
2515,中工,43,0,43,福邦證券,2023-02-15,6480
1586,和勤,42,0,42,福邦證券,2023-02-15,6480
6146,耕興,40,0,40,福邦證券,2023-02-15,6480
8097,常珵,40,0,40,福邦證券,2023-02-15,6480
2017,官田鋼,32,0,32,福邦證券,2023-02-15,6480
2615,萬海,34,3,31,福邦證券,2023-02-15,6480
6125,廣運,30,0,30,福邦證券,2023-02-15,6480
00878,國泰永續高股息,27,0,27,福邦證券,2023-02-15,6480
5284,jpp-KY,26,1,25,福邦證券,2023-02-15,6480
2609,陽明,24,0,24,福邦證券,2023-02-15,6480
3019,亞光,22,0,22,福邦證券,2023-02-15,6480
2010,春源,20,0,20,福邦證券,2023-02-15,6480
2059,川湖,14,1,13,福邦證券,2023-02-15,6480
2481,強茂,11,0,11,福邦證券,2023-02-15,6480
1720,生達,10,0,10,福邦證券,2023-02-15,6480
00650L,復華香港正2,60,50,10,福邦證券,2023-02-15,6480
2547,日勝生,10,0,10,福邦證券,2023-02-15,6480
5227,立凱-KY,10,0,10,福邦證券,2023-02-15,6480
5439,高技,10,0,10,福邦證券,2023-02-15,6480
6190,萬泰科,10,0,10,福邦證券,2023-02-15,6480
6443,元晶,10,0,10,福邦證券,2023-02-15,6480
6541,泰福-KY,10,0,10,福邦證券,2023-02-15,6480
1701,中化,17,8,9,福邦證券,2023-02-15,6480
2379,瑞昱,58,49,9,福邦證券,2023-02-15,6480
2607,榮運,9,0,9,福邦證券,2023-02-15,6480
3207,耀勝,41,32,9,福邦證券,2023-02-15,6480
4953,緯軟,8,0,8,福邦證券,2023-02-15,6480
5452,佶優,8,0,8,福邦證券,2023-02-15,6480
1612,宏泰,6,0,6,福邦證券,2023-02-15,6480
2834,臺企銀,6,0,6,福邦證券,2023-02-15,6480
2891,中信金,6,0,6,福邦證券,2023-02-15,6480
3305,昇貿,6,0,6,福邦證券,2023-02-15,6480
4770,上品,7,1,6,福邦證券,2023-02-15,6480
3189,景碩,7,2,5,福邦證券,2023-02-15,6480
00632R,元大台灣50反1,215,0,215,福邦證券,2023-02-16,6480
3017,奇鋐,100,0,100,福邦證券,2023-02-16,6480
4533,協易機,100,0,100,福邦證券,2023-02-16,6480
5309,系統電,100,0,100,福邦證券,2023-02-16,6480
00679B,元大美債20年,90,0,90,福邦證券,2023-02-16,6480
3207,耀勝,111,26,85,福邦證券,2023-02-16,6480
6128,上福,85,0,85,福邦證券,2023-02-16,6480
3105,穩懋,70,1,69,福邦證券,2023-02-16,6480
8464,億豐,66,0,66,福邦證券,2023-02-16,6480
4164,承業醫,64,0,64,福邦證券,2023-02-16,6480
3537,堡達,60,0,60,福邦證券,2023-02-16,6480
6202,盛群,60,0,60,福邦證券,2023-02-16,6480
2317,鴻海,51,0,51,福邦證券,2023-02-16,6480
00751B,元大AAA至A公司債,50,0,50,福邦證券,2023-02-16,6480
3305,昇貿,45,0,45,福邦證券,2023-02-16,6480
1586,和勤,36,0,36,福邦證券,2023-02-16,6480
1314,中石化,35,0,35,福邦證券,2023-02-16,6480
2615,萬海,33,0,33,福邦證券,2023-02-16,6480
00878,國泰永續高股息,31,0,31,福邦證券,2023-02-16,6480
3624,光頡,32,1,31,福邦證券,2023-02-16,6480
6585,鼎基,24,0,24,福邦證券,2023-02-16,6480
2049,上銀,40,20,20,福邦證券,2023-02-16,6480
2453,凌群,20,0,20,福邦證券,2023-02-16,6480
8097,常珵,20,0,20,福邦證券,2023-02-16,6480
5452,佶優,14,0,14,福邦證券,2023-02-16,6480
3545,敦泰,15,2,13,福邦證券,2023-02-16,6480
1101,台泥,22,10,12,福邦證券,2023-02-16,6480
2014,中鴻,13,2,11,福邦證券,2023-02-16,6480
4402,郡都開發,11,0,11,福邦證券,2023-02-16,6480
00696B,富邦美債20年,10,0,10,福邦證券,2023-02-16,6480
2017,官田鋼,8,0,8,福邦證券,2023-02-16,6480
2201,裕隆,25,17,8,福邦證券,2023-02-16,6480
2609,陽明,8,0,8,福邦證券,2023-02-16,6480
2538,基泰,7,0,7,福邦證券,2023-02-16,6480
4744,皇將,7,0,7,福邦證券,2023-02-16,6480
4763,材料-KY,9,2,7,福邦證券,2023-02-16,6480
1467,南緯,21,15,6,福邦證券,2023-02-16,6480
2404,漢唐,6,0,6,福邦證券,2023-02-16,6480
6026,福邦證,10,4,6,福邦證券,2023-02-16,6480
6163,華電網,6,0,6,福邦證券,2023-02-16,6480
1319,東陽,5,0,5,福邦證券,2023-02-16,6480
00900,富邦特選高股息30,5,0,5,福邦證券,2023-02-16,6480
2399,映泰,5,0,5,福邦證券,2023-02-16,6480
2465,麗臺,5,0,5,福邦證券,2023-02-16,6480
2515,中工,5,0,5,福邦證券,2023-02-16,6480
2812,台中銀,5,0,5,福邦證券,2023-02-16,6480
6234,高僑,5,0,5,福邦證券,2023-02-16,6480
6269,台郡,5,0,5,福邦證券,2023-02-16,6480
6679,鈺太,5,0,5,福邦證券,2023-02-16,6480
8046,南電,5,0,5,福邦證券,2023-02-16,6480
8069,元太,504,2,502,福邦證券,2023-02-17,6480
2409,友達,315,38,277,福邦證券,2023-02-17,6480
00632R,元大台灣50反1,260,5,255,福邦證券,2023-02-17,6480
1304,台聚,250,0,250,福邦證券,2023-02-17,6480
2208,台船,230,0,230,福邦證券,2023-02-17,6480
6202,盛群,403,182,221,福邦證券,2023-02-17,6480
00751B,元大AAA至A公司債,180,0,180,福邦證券,2023-02-17,6480
1303,南亞,179,0,179,福邦證券,2023-02-17,6480
1513,中興電,171,3,168,福邦證券,2023-02-17,6480
3035,智原,150,2,148,福邦證券,2023-02-17,6480
8261,富鼎,132,2,130,福邦證券,2023-02-17,6480
6531,愛普*,113,3,110,福邦證券,2023-02-17,6480
4967,十銓,107,0,107,福邦證券,2023-02-17,6480
8097,常珵,102,0,102,福邦證券,2023-02-17,6480
00696B,富邦美債20年,80,0,80,福邦證券,2023-02-17,6480
5309,系統電,78,0,78,福邦證券,2023-02-17,6480
1605,華新,87,10,77,福邦證券,2023-02-17,6480
3443,創意,99,25,74,福邦證券,2023-02-17,6480
00679B,元大美債20年,60,0,60,福邦證券,2023-02-17,6480
00772B,中信高評級公司債,50,0,50,福邦證券,2023-02-17,6480
1586,和勤,46,0,46,福邦證券,2023-02-17,6480
3537,堡達,41,0,41,福邦證券,2023-02-17,6480
6411,晶焱,73,33,40,福邦證券,2023-02-17,6480
6472,保瑞,31,0,31,福邦證券,2023-02-17,6480
5905,南仁湖,30,0,30,福邦證券,2023-02-17,6480
4755,三福化,29,0,29,福邦證券,2023-02-17,6480
3558,神準,72,44,28,福邦證券,2023-02-17,6480
6443,元晶,38,16,22,福邦證券,2023-02-17,6480
2201,裕隆,19,0,19,福邦證券,2023-02-17,6480
2375,凱美,32,13,19,福邦證券,2023-02-17,6480
2515,中工,19,0,19,福邦證券,2023-02-17,6480
3105,穩懋,25,6,19,福邦證券,2023-02-17,6480
5425,台半,22,5,17,福邦證券,2023-02-17,6480
3305,昇貿,15,0,15,福邦證券,2023-02-17,6480
2330,台積電,21,7,14,福邦證券,2023-02-17,6480
1773,勝一,14,0,14,福邦證券,2023-02-17,6480
2609,陽明,21,10,11,福邦證券,2023-02-17,6480
2017,官田鋼,10,0,10,福邦證券,2023-02-17,6480
1519,華城,10,0,10,福邦證券,2023-02-17,6480
2484,希華,10,0,10,福邦證券,2023-02-17,6480
3049,精金,10,0,10,福邦證券,2023-02-17,6480
3594,磐儀,10,0,10,福邦證券,2023-02-17,6480
6234,高僑,10,0,10,福邦證券,2023-02-17,6480
6752,叡揚,10,0,10,福邦證券,2023-02-17,6480
6865,偉康科技,10,0,10,福邦證券,2023-02-17,6480
1477,聚陽,10,1,9,福邦證券,2023-02-17,6480
3037,欣興,10,1,9,福邦證券,2023-02-17,6480
5284,jpp-KY,8,0,8,福邦證券,2023-02-17,6480
2027,大成鋼,7,0,7,福邦證券,2023-02-17,6480
2345,智邦,6,0,6,福邦證券,2023-02-17,6480
00680L,元大美債20正2,310,0,310,福邦證券,2023-02-20,6480
1503,士電,204,2,202,福邦證券,2023-02-20,6480
5425,台半,149,0,149,福邦證券,2023-02-20,6480
6125,廣運,101,0,101,福邦證券,2023-02-20,6480
6202,盛群,100,0,100,福邦證券,2023-02-20,6480
6146,耕興,97,0,97,福邦證券,2023-02-20,6480
6531,愛普*,96,2,94,福邦證券,2023-02-20,6480
5905,南仁湖,70,0,70,福邦證券,2023-02-20,6480
8069,元太,62,2,60,福邦證券,2023-02-20,6480
1513,中興電,74,22,52,福邦證券,2023-02-20,6480
2890,永豐金,50,0,50,福邦證券,2023-02-20,6480
5353,台林,33,0,33,福邦證券,2023-02-20,6480
1504,東元,30,0,30,福邦證券,2023-02-20,6480
00637L,元大滬深300正2,180,150,30,福邦證券,2023-02-20,6480
2371,大同,51,21,30,福邦證券,2023-02-20,6480
3443,創意,31,1,30,福邦證券,2023-02-20,6480
5009,榮剛,87,57,30,福邦證券,2023-02-20,6480
8097,常珵,25,0,25,福邦證券,2023-02-20,6480
4967,十銓,24,0,24,福邦證券,2023-02-20,6480
00642U,期元大S＆P石油,20,0,20,福邦證券,2023-02-20,6480
1598,岱宇,20,0,20,福邦證券,2023-02-20,6480
2375,凱美,20,0,20,福邦證券,2023-02-20,6480
6585,鼎基,20,0,20,福邦證券,2023-02-20,6480
4128,中天,21,4,17,福邦證券,2023-02-20,6480
2607,榮運,16,0,16,福邦證券,2023-02-20,6480
3332,幸康,16,0,16,福邦證券,2023-02-20,6480
6213,聯茂,15,0,15,福邦證券,2023-02-20,6480
1586,和勤,14,0,14,福邦證券,2023-02-20,6480
1709,和益,28,15,13,福邦證券,2023-02-20,6480
6235,華孚,14,1,13,福邦證券,2023-02-20,6480
2889,國票金,11,0,11,福邦證券,2023-02-20,6480
6443,元晶,10,0,10,福邦證券,2023-02-20,6480
8155,博智,10,0,10,福邦證券,2023-02-20,6480
3019,亞光,10,1,9,福邦證券,2023-02-20,6480
00720B,元大投資級公司債,8,0,8,福邦證券,2023-02-20,6480
2731,雄獅,18,10,8,福邦證券,2023-02-20,6480
4438,廣越,8,0,8,福邦證券,2023-02-20,6480
2358,廷鑫,7,0,7,福邦證券,2023-02-20,6480
4306,炎洲,7,0,7,福邦證券,2023-02-20,6480
1451,年興,7,1,6,福邦證券,2023-02-20,6480
00753L,中信中國50正2,6,0,6,福邦證券,2023-02-20,6480
2609,陽明,6,0,6,福邦證券,2023-02-20,6480
3413,京鼎,6,0,6,福邦證券,2023-02-20,6480
6414,樺漢,6,0,6,福邦證券,2023-02-20,6480
1614,三洋電,5,0,5,福邦證券,2023-02-20,6480
00830,國泰費城半導體,5,0,5,福邦證券,2023-02-20,6480
2867,三商壽,5,0,5,福邦證券,2023-02-20,6480
3617,碩天,5,0,5,福邦證券,2023-02-20,6480
3701,大眾控,10,5,5,福邦證券,2023-02-20,6480
5607,遠雄港,5,0,5,福邦證券,2023-02-20,6480
1605,華新,412,22,390,福邦證券,2023-02-21,6480
2330,台積電,303,3,300,福邦證券,2023-02-21,6480
3234,光環,228,0,228,福邦證券,2023-02-21,6480
00680L,元大美債20正2,200,0,200,福邦證券,2023-02-21,6480
2023,燁輝,185,0,185,福邦證券,2023-02-21,6480
3105,穩懋,125,17,108,福邦證券,2023-02-21,6480
6104,創惟,115,9,106,福邦證券,2023-02-21,6480
2313,華通,90,0,90,福邦證券,2023-02-21,6480
2371,大同,90,21,69,福邦證券,2023-02-21,6480
5289,宜鼎,68,0,68,福邦證券,2023-02-21,6480
1503,士電,63,6,57,福邦證券,2023-02-21,6480
3027,盛達,72,19,53,福邦證券,2023-02-21,6480
6706,惠特,44,0,44,福邦證券,2023-02-21,6480
1477,聚陽,36,0,36,福邦證券,2023-02-21,6480
6585,鼎基,35,0,35,福邦證券,2023-02-21,6480
2884,玉山金,31,1,30,福邦證券,2023-02-21,6480
4967,十銓,34,5,29,福邦證券,2023-02-21,6480
5309,系統電,30,1,29,福邦證券,2023-02-21,6480
2002,中鋼,25,0,25,福邦證券,2023-02-21,6480
6589,台康生技,25,0,25,福邦證券,2023-02-21,6480
2547,日勝生,20,0,20,福邦證券,2023-02-21,6480
5452,佶優,65,45,20,福邦證券,2023-02-21,6480
6752,叡揚,20,0,20,福邦證券,2023-02-21,6480
8050,廣積,16,0,16,福邦證券,2023-02-21,6480
2201,裕隆,20,5,15,福邦證券,2023-02-21,6480
3321,同泰,13,0,13,福邦證券,2023-02-21,6480
3049,精金,12,0,12,福邦證券,2023-02-21,6480
1598,岱宇,10,0,10,福邦證券,2023-02-21,6480
2482,連宇,10,0,10,福邦證券,2023-02-21,6480
2867,三商壽,15,5,10,福邦證券,2023-02-21,6480
3138,耀登,11,1,10,福邦證券,2023-02-21,6480
3552,同致,10,0,10,福邦證券,2023-02-21,6480
3665,貿聯-KY,10,0,10,福邦證券,2023-02-21,6480
8222,寶一,11,2,9,福邦證券,2023-02-21,6480
6125,廣運,8,0,8,福邦證券,2023-02-21,6480
2880,華南金,7,0,7,福邦證券,2023-02-21,6480
3189,景碩,7,0,7,福邦證券,2023-02-21,6480
3624,光頡,6,0,6,福邦證券,2023-02-21,6480
4536,拓凱,6,0,6,福邦證券,2023-02-21,6480
00830,國泰費城半導體,5,0,5,福邦證券,2023-02-21,6480
2538,基泰,5,0,5,福邦證券,2023-02-21,6480
3019,亞光,5,0,5,福邦證券,2023-02-21,6480
3707,漢磊,5,0,5,福邦證券,2023-02-21,6480
4746,台耀,5,0,5,福邦證券,2023-02-21,6480
8112,至上,5,0,5,福邦證券,2023-02-21,6480
2462,良得電,4,0,4,福邦證券,2023-02-21,6480
2610,華航,49,45,4,福邦證券,2023-02-21,6480
5905,南仁湖,4,0,4,福邦證券,2023-02-21,6480
8097,常珵,4,0,4,福邦證券,2023-02-21,6480
8933,愛地雅,6,3,3,福邦證券,2023-02-21,6480
5706,鳳凰,130,0,130,福邦證券,2023-02-22,6480
00720B,元大投資級公司債,122,0,122,福邦證券,2023-02-22,6480
6282,康舒,168,50,118,福邦證券,2023-02-22,6480
6202,盛群,100,0,100,福邦證券,2023-02-22,6480
1605,華新,102,4,98,福邦證券,2023-02-22,6480
2208,台船,90,0,90,福邦證券,2023-02-22,6480
2707,晶華,80,0,80,福邦證券,2023-02-22,6480
3234,光環,80,0,80,福邦證券,2023-02-22,6480
5425,台半,78,5,73,福邦證券,2023-02-22,6480
3105,穩懋,70,0,70,福邦證券,2023-02-22,6480
1504,東元,60,0,60,福邦證券,2023-02-22,6480
6531,愛普*,59,1,58,福邦證券,2023-02-22,6480
6706,惠特,56,0,56,福邦證券,2023-02-22,6480
00751B,元大AAA至A公司債,50,0,50,福邦證券,2023-02-22,6480
2615,萬海,88,47,41,福邦證券,2023-02-22,6480
00664R,國泰臺灣加權反1,40,0,40,福邦證券,2023-02-22,6480
6517,保勝光學,41,2,39,福邦證券,2023-02-22,6480
3557,嘉威,33,0,33,福邦證券,2023-02-22,6480
2023,燁輝,30,0,30,福邦證券,2023-02-22,6480
6719,力智,28,0,28,福邦證券,2023-02-22,6480
6576,逸達,23,0,23,福邦證券,2023-02-22,6480
00893,國泰智能電動車,21,0,21,福邦證券,2023-02-22,6480
1709,和益,21,0,21,福邦證券,2023-02-22,6480
6679,鈺太,22,1,21,福邦證券,2023-02-22,6480
1586,和勤,20,0,20,福邦證券,2023-02-22,6480
1473,台南,20,0,20,福邦證券,2023-02-22,6480
00680L,元大美債20正2,20,0,20,福邦證券,2023-02-22,6480
3305,昇貿,20,0,20,福邦證券,2023-02-22,6480
4129,聯合,20,0,20,福邦證券,2023-02-22,6480
4432,銘旺實,25,5,20,福邦證券,2023-02-22,6480
6670,復盛應用,20,0,20,福邦證券,2023-02-22,6480
8426,紅木-KY,20,0,20,福邦證券,2023-02-22,6480
6859,伯特光,21,2,19,福邦證券,2023-02-22,6480
00772B,中信高評級公司債,16,0,16,福邦證券,2023-02-22,6480
2201,裕隆,16,1,15,福邦證券,2023-02-22,6480
4138,曜亞,15,0,15,福邦證券,2023-02-22,6480
4729,熒茂,15,0,15,福邦證券,2023-02-22,6480
4939,亞電,15,0,15,福邦證券,2023-02-22,6480
5351,鈺創,15,0,15,福邦證券,2023-02-22,6480
5388,中磊,14,0,14,福邦證券,2023-02-22,6480
6443,元晶,13,0,13,福邦證券,2023-02-22,6480
6515,穎崴,23,10,13,福邦證券,2023-02-22,6480
2884,玉山金,12,0,12,福邦證券,2023-02-22,6480
6689,伊雲谷,12,0,12,福邦證券,2023-02-22,6480
00878,國泰永續高股息,11,0,11,福邦證券,2023-02-22,6480
00830,國泰費城半導體,11,0,11,福邦證券,2023-02-22,6480
2328,廣宇,11,0,11,福邦證券,2023-02-22,6480
3552,同致,11,0,11,福邦證券,2023-02-22,6480
00650L,復華香港正2,30,20,10,福邦證券,2023-02-22,6480
00696B,富邦美債20年,10,0,10,福邦證券,2023-02-22,6480
00720B,元大投資級公司債,160,0,160,福邦證券,2023-02-23,6480
3715,定穎投控,150,0,150,福邦證券,2023-02-23,6480
4113,聯上,136,0,136,福邦證券,2023-02-23,6480
2023,燁輝,130,0,130,福邦證券,2023-02-23,6480
00751B,元大AAA至A公司債,100,0,100,福邦證券,2023-02-23,6480
2033,佳大,70,0,70,福邦證券,2023-02-23,6480
5706,鳳凰,70,0,70,福邦證券,2023-02-23,6480
00632R,元大台灣50反1,60,0,60,福邦證券,2023-02-23,6480
00637L,元大滬深300正2,61,1,60,福邦證券,2023-02-23,6480
3231,緯創,60,1,59,福邦證券,2023-02-23,6480
3558,神準,70,12,58,福邦證券,2023-02-23,6480
2371,大同,55,0,55,福邦證券,2023-02-23,6480
6589,台康生技,53,0,53,福邦證券,2023-02-23,6480
2390,云辰,50,0,50,福邦證券,2023-02-23,6480
3049,精金,40,0,40,福邦證券,2023-02-23,6480
1512,瑞利,35,0,35,福邦證券,2023-02-23,6480
8069,元太,31,0,31,福邦證券,2023-02-23,6480
00633L,富邦上証正2,65,35,30,福邦證券,2023-02-23,6480
1605,華新,30,0,30,福邦證券,2023-02-23,6480
1586,和勤,26,0,26,福邦證券,2023-02-23,6480
00715L,期街口布蘭特正2,25,0,25,福邦證券,2023-02-23,6480
3673,TPK-KY,23,2,21,福邦證券,2023-02-23,6480
8426,紅木-KY,21,0,21,福邦證券,2023-02-23,6480
3224,三顧,20,0,20,福邦證券,2023-02-23,6480
6411,晶焱,30,10,20,福邦證券,2023-02-23,6480
5225,東科-KY,15,0,15,福邦證券,2023-02-23,6480
6129,普誠,15,0,15,福邦證券,2023-02-23,6480
6120,達運,40,26,14,福邦證券,2023-02-23,6480
6799,來頡,14,0,14,福邦證券,2023-02-23,6480
2383,台光電,13,0,13,福邦證券,2023-02-23,6480
1717,長興,12,0,12,福邦證券,2023-02-23,6480
4967,十銓,11,0,11,福邦證券,2023-02-23,6480
1503,士電,28,18,10,福邦證券,2023-02-23,6480
2017,官田鋼,10,0,10,福邦證券,2023-02-23,6480
2208,台船,20,10,10,福邦證券,2023-02-23,6480
2603,長榮,10,0,10,福邦證券,2023-02-23,6480
2889,國票金,10,0,10,福邦證券,2023-02-23,6480
3094,聯傑,10,0,10,福邦證券,2023-02-23,6480
3162,精確,10,0,10,福邦證券,2023-02-23,6480
4129,聯合,10,0,10,福邦證券,2023-02-23,6480
6290,良維,10,0,10,福邦證券,2023-02-23,6480
6865,偉康科技,10,0,10,福邦證券,2023-02-23,6480
2201,裕隆,9,1,8,福邦證券,2023-02-23,6480
3594,磐儀,8,0,8,福邦證券,2023-02-23,6480
4979,華星光,11,3,8,福邦證券,2023-02-23,6480
5608,四維航,8,0,8,福邦證券,2023-02-23,6480
8938,明安,11,3,8,福邦證券,2023-02-23,6480
1268,漢來美食,6,0,6,福邦證券,2023-02-23,6480
4908,前鼎,6,0,6,福邦證券,2023-02-23,6480
00772B,中信高評級公司債,5,0,5,福邦證券,2023-02-23,6480
4915,致伸,303,2,301,福邦證券,2023-02-24,6480
1605,華新,230,1,229,福邦證券,2023-02-24,6480
3011,今皓,200,0,200,福邦證券,2023-02-24,6480
6202,盛群,148,0,148,福邦證券,2023-02-24,6480
4432,銘旺實,110,0,110,福邦證券,2023-02-24,6480
6576,逸達,102,0,102,福邦證券,2023-02-24,6480
6531,愛普*,93,3,90,福邦證券,2023-02-24,6480
2618,長榮航,62,0,62,福邦證券,2023-02-24,6480
5706,鳳凰,60,0,60,福邦證券,2023-02-24,6480
6643,M31,58,0,58,福邦證券,2023-02-24,6480
3715,定穎投控,51,0,51,福邦證券,2023-02-24,6480
5905,南仁湖,51,0,51,福邦證券,2023-02-24,6480
00632R,元大台灣50反1,50,1,49,福邦證券,2023-02-24,6480
2707,晶華,45,0,45,福邦證券,2023-02-24,6480
2371,大同,42,1,41,福邦證券,2023-02-24,6480
3231,緯創,41,1,40,福邦證券,2023-02-24,6480
1586,和勤,35,0,35,福邦證券,2023-02-24,6480
1342,八貫,44,14,30,福邦證券,2023-02-24,6480
6541,泰福-KY,30,0,30,福邦證券,2023-02-24,6480
2547,日勝生,30,0,30,福邦證券,2023-02-24,6480
4966,譜瑞-KY,28,0,28,福邦證券,2023-02-24,6480
6026,福邦證,25,2,23,福邦證券,2023-02-24,6480
8426,紅木-KY,20,0,20,福邦證券,2023-02-24,6480
2603,長榮,18,0,18,福邦證券,2023-02-24,6480
1336,台翰,15,0,15,福邦證券,2023-02-24,6480
2739,寒舍,15,0,15,福邦證券,2023-02-24,6480
3105,穩懋,25,10,15,福邦證券,2023-02-24,6480
3037,欣興,13,0,13,福邦證券,2023-02-24,6480
2641,正德,14,2,12,福邦證券,2023-02-24,6480
00655L,國泰中國A50正2,10,0,10,福邦證券,2023-02-24,6480
1591,駿吉-KY,10,0,10,福邦證券,2023-02-24,6480
2545,皇翔,10,0,10,福邦證券,2023-02-24,6480
2889,國票金,10,0,10,福邦證券,2023-02-24,6480
3088,艾訊,20,10,10,福邦證券,2023-02-24,6480
4129,聯合,10,0,10,福邦證券,2023-02-24,6480
4557,永新-KY,10,0,10,福邦證券,2023-02-24,6480
5225,東科-KY,10,0,10,福邦證券,2023-02-24,6480
5284,jpp-KY,10,0,10,福邦證券,2023-02-24,6480
5434,崇越,10,0,10,福邦證券,2023-02-24,6480
6488,環球晶,10,0,10,福邦證券,2023-02-24,6480
6517,保勝光學,10,0,10,福邦證券,2023-02-24,6480
6799,來頡,14,5,9,福邦證券,2023-02-24,6480
1477,聚陽,8,0,8,福邦證券,2023-02-24,6480
2834,臺企銀,8,0,8,福邦證券,2023-02-24,6480
6443,元晶,13,6,7,福邦證券,2023-02-24,6480
6679,鈺太,7,0,7,福邦證券,2023-02-24,6480
1709,和益,29,23,6,福邦證券,2023-02-24,6480
1467,南緯,6,0,6,福邦證券,2023-02-24,6480
2607,榮運,6,0,6,福邦證券,2023-02-24,6480
3002,歐格,6,0,6,福邦證券,2023-02-24,6480
1605,華新,884,427,457,福邦證券,2023-03-01,6480
2606,裕民,424,0,424,福邦證券,2023-03-01,6480
2618,長榮航,233,0,233,福邦證券,2023-03-01,6480
9910,豐泰,108,0,108,福邦證券,2023-03-01,6480
2912,統一超,100,0,100,福邦證券,2023-03-01,6480
4763,材料-KY,68,12,56,福邦證券,2023-03-01,6480
3234,光環,51,0,51,福邦證券,2023-03-01,6480
2617,台航,40,0,40,福邦證券,2023-03-01,6480
2208,台船,40,10,30,福邦證券,2023-03-01,6480
2609,陽明,30,0,30,福邦證券,2023-03-01,6480
6161,捷波,30,0,30,福邦證券,2023-03-01,6480
2453,凌群,29,0,29,福邦證券,2023-03-01,6480
8936,國統,27,1,26,福邦證券,2023-03-01,6480
3037,欣興,30,7,23,福邦證券,2023-03-01,6480
2515,中工,20,0,20,福邦證券,2023-03-01,6480
1101,台泥,19,0,19,福邦證券,2023-03-01,6480
6741,91APP*-KY,17,0,17,福邦證券,2023-03-01,6480
1709,和益,18,2,16,福邦證券,2023-03-01,6480
8938,明安,16,0,16,福邦證券,2023-03-01,6480
9802,鈺齊-KY,16,0,16,福邦證券,2023-03-01,6480
00708L,期元大S＆P黃金正2,15,0,15,福邦證券,2023-03-01,6480
2547,日勝生,12,0,12,福邦證券,2023-03-01,6480
5388,中磊,12,0,12,福邦證券,2023-03-01,6480
1201,味全,10,0,10,福邦證券,2023-03-01,6480
00720B,元大投資級公司債,10,0,10,福邦證券,2023-03-01,6480
00650L,復華香港正2,10,0,10,福邦證券,2023-03-01,6480
2241,艾姆勒,10,0,10,福邦證券,2023-03-01,6480
3594,磐儀,10,0,10,福邦證券,2023-03-01,6480
3673,TPK-KY,10,0,10,福邦證券,2023-03-01,6480
4129,聯合,10,0,10,福邦證券,2023-03-01,6480
4557,永新-KY,10,0,10,福邦證券,2023-03-01,6480
6288,聯嘉,11,1,10,福邦證券,2023-03-01,6480
6751,智聯服務,10,0,10,福邦證券,2023-03-01,6480
3169,亞信,10,1,9,福邦證券,2023-03-01,6480
3529,力旺,10,1,9,福邦證券,2023-03-01,6480
6265,方土昶,9,0,9,福邦證券,2023-03-01,6480
6576,逸達,9,0,9,福邦證券,2023-03-01,6480
2607,榮運,8,0,8,福邦證券,2023-03-01,6480
6026,福邦證,14,6,8,福邦證券,2023-03-01,6480
6125,廣運,9,1,8,福邦證券,2023-03-01,6480
2059,川湖,6,0,6,福邦證券,2023-03-01,6480
8011,台通,6,0,6,福邦證券,2023-03-01,6480
8426,紅木-KY,6,0,6,福邦證券,2023-03-01,6480
00635U,期元大S＆P黃金,5,0,5,福邦證券,2023-03-01,6480
1708,東鹼,5,0,5,福邦證券,2023-03-01,6480
2337,旺宏,5,0,5,福邦證券,2023-03-01,6480
2610,華航,6,1,5,福邦證券,2023-03-01,6480
3548,兆利,5,0,5,福邦證券,2023-03-01,6480
4130,健亞,5,0,5,福邦證券,2023-03-01,6480
5519,隆大,5,0,5,福邦證券,2023-03-01,6480
00893,國泰智能電動車,1500,4,1496,福邦證券,2023-03-02,6480
4967,十銓,318,2,316,福邦證券,2023-03-02,6480
1305,華夏,310,0,310,福邦證券,2023-03-02,6480
2376,技嘉,200,0,200,福邦證券,2023-03-02,6480
4960,誠美材,150,0,150,福邦證券,2023-03-02,6480
8478,東哥遊艇,150,0,150,福邦證券,2023-03-02,6480
3661,世芯-KY,88,0,88,福邦證券,2023-03-02,6480
3491,昇達科,88,1,87,福邦證券,2023-03-02,6480
2208,台船,84,0,84,福邦證券,2023-03-02,6480
2303,聯電,100,22,78,福邦證券,2023-03-02,6480
1605,華新,74,13,61,福邦證券,2023-03-02,6480
2201,裕隆,40,2,38,福邦證券,2023-03-02,6480
2618,長榮航,37,0,37,福邦證券,2023-03-02,6480
1504,東元,35,0,35,福邦證券,2023-03-02,6480
1702,南僑,30,0,30,福邦證券,2023-03-02,6480
00637L,元大滬深300正2,30,0,30,福邦證券,2023-03-02,6480
00751B,元大AAA至A公司債,30,0,30,福邦證券,2023-03-02,6480
2453,凌群,29,0,29,福邦證券,2023-03-02,6480
8171,天宇,28,0,28,福邦證券,2023-03-02,6480
8097,常珵,26,0,26,福邦證券,2023-03-02,6480
2482,連宇,59,34,25,福邦證券,2023-03-02,6480
00878,國泰永續高股息,23,0,23,福邦證券,2023-03-02,6480
3141,晶宏,21,0,21,福邦證券,2023-03-02,6480
2328,廣宇,20,0,20,福邦證券,2023-03-02,6480
3231,緯創,20,0,20,福邦證券,2023-03-02,6480
3234,光環,20,0,20,福邦證券,2023-03-02,6480
8284,三竹,18,0,18,福邦證券,2023-03-02,6480
2834,臺企銀,16,0,16,福邦證券,2023-03-02,6480
3266,昇陽,16,0,16,福邦證券,2023-03-02,6480
2017,官田鋼,15,0,15,福邦證券,2023-03-02,6480
1477,聚陽,25,10,15,福邦證券,2023-03-02,6480
2489,瑞軒,15,0,15,福邦證券,2023-03-02,6480
4716,大立,15,0,15,福邦證券,2023-03-02,6480
8426,紅木-KY,15,0,15,福邦證券,2023-03-02,6480
5353,台林,14,0,14,福邦證券,2023-03-02,6480
4148,全宇生技-KY,12,0,12,福邦證券,2023-03-02,6480
6438,迅得,12,0,12,福邦證券,2023-03-02,6480
8011,台通,12,0,12,福邦證券,2023-03-02,6480
8240,華宏,12,0,12,福邦證券,2023-03-02,6480
2388,威盛,11,0,11,福邦證券,2023-03-02,6480
4919,新唐,11,0,11,福邦證券,2023-03-02,6480
2371,大同,10,0,10,福邦證券,2023-03-02,6480
2515,中工,10,0,10,福邦證券,2023-03-02,6480
2545,皇翔,10,0,10,福邦證券,2023-03-02,6480
3114,好德,10,0,10,福邦證券,2023-03-02,6480
6161,捷波,10,0,10,福邦證券,2023-03-02,6480
6683,雍智科技,10,0,10,福邦證券,2023-03-02,6480
8941,關中,10,0,10,福邦證券,2023-03-02,6480
1467,南緯,9,0,9,福邦證券,2023-03-02,6480
2888,新光金,9,0,9,福邦證券,2023-03-02,6480
3481,群創,230,0,230,福邦證券,2023-03-03,6480
00632R,元大台灣50反1,410,200,210,福邦證券,2023-03-03,6480
4967,十銓,200,0,200,福邦證券,2023-03-03,6480
3526,凡甲,155,0,155,福邦證券,2023-03-03,6480
2236,百達-KY,100,0,100,福邦證券,2023-03-03,6480
3029,零壹,100,0,100,福邦證券,2023-03-03,6480
4919,新唐,108,8,100,福邦證券,2023-03-03,6480
4960,誠美材,100,0,100,福邦證券,2023-03-03,6480
00631L,元大台灣50正2,81,11,70,福邦證券,2023-03-03,6480
3034,聯詠,54,0,54,福邦證券,2023-03-03,6480
2330,台積電,54,2,52,福邦證券,2023-03-03,6480
2409,友達,50,2,48,福邦證券,2023-03-03,6480
3078,僑威,47,0,47,福邦證券,2023-03-03,6480
1316,上曜,45,0,45,福邦證券,2023-03-03,6480
1586,和勤,31,0,31,福邦證券,2023-03-03,6480
4113,聯上,30,0,30,福邦證券,2023-03-03,6480
6799,來頡,32,2,30,福邦證券,2023-03-03,6480
1718,中纖,20,0,20,福邦證券,2023-03-03,6480
00751B,元大AAA至A公司債,20,0,20,福邦證券,2023-03-03,6480
2607,榮運,20,0,20,福邦證券,2023-03-03,6480
3025,星通,20,0,20,福邦證券,2023-03-03,6480
3105,穩懋,21,1,20,福邦證券,2023-03-03,6480
6509,聚和,20,0,20,福邦證券,2023-03-03,6480
2457,飛宏,17,0,17,福邦證券,2023-03-03,6480
8426,紅木-KY,15,0,15,福邦證券,2023-03-03,6480
00772B,中信高評級公司債,13,0,13,福邦證券,2023-03-03,6480
2637,慧洋-KY,12,0,12,福邦證券,2023-03-03,6480
3162,精確,21,9,12,福邦證券,2023-03-03,6480
2419,仲琦,11,0,11,福邦證券,2023-03-03,6480
00720B,元大投資級公司債,10,0,10,福邦證券,2023-03-03,6480
1477,聚陽,10,0,10,福邦證券,2023-03-03,6480
1457,宜進,10,0,10,福邦證券,2023-03-03,6480
2208,台船,10,0,10,福邦證券,2023-03-03,6480
2545,皇翔,10,0,10,福邦證券,2023-03-03,6480
3545,敦泰,10,0,10,福邦證券,2023-03-03,6480
4129,聯合,10,0,10,福邦證券,2023-03-03,6480
6188,廣明,10,0,10,福邦證券,2023-03-03,6480
6417,韋僑,20,10,10,福邦證券,2023-03-03,6480
3661,世芯-KY,9,0,9,福邦證券,2023-03-03,6480
1402,遠東新,8,0,8,福邦證券,2023-03-03,6480
2834,臺企銀,14,6,8,福邦證券,2023-03-03,6480
3362,先進光,9,1,8,福邦證券,2023-03-03,6480
4915,致伸,7,0,7,福邦證券,2023-03-03,6480
6470,宇智,7,0,7,福邦證券,2023-03-03,6480
4119,旭富,6,0,6,福邦證券,2023-03-03,6480
5351,鈺創,6,0,6,福邦證券,2023-03-03,6480
5607,遠雄港,6,0,6,福邦證券,2023-03-03,6480
8341,日友,27,21,6,福邦證券,2023-03-03,6480
1515,力山,5,0,5,福邦證券,2023-03-03,6480
2017,官田鋼,5,0,5,福邦證券,2023-03-03,6480
2457,飛宏,1102,18,1084,福邦證券,2023-03-06,6480
2388,威盛,390,0,390,福邦證券,2023-03-06,6480
3078,僑威,253,0,253,福邦證券,2023-03-06,6480
3234,光環,124,0,124,福邦證券,2023-03-06,6480
4967,十銓,117,0,117,福邦證券,2023-03-06,6480
2374,佳能,100,1,99,福邦證券,2023-03-06,6480
3011,今皓,80,0,80,福邦證券,2023-03-06,6480
2609,陽明,62,0,62,福邦證券,2023-03-06,6480
6233,旺玖,50,0,50,福邦證券,2023-03-06,6480
5905,南仁湖,50,3,47,福邦證券,2023-03-06,6480
1760,寶齡富錦,45,2,43,福邦證券,2023-03-06,6480
6026,福邦證,55,12,43,福邦證券,2023-03-06,6480
2617,台航,40,0,40,福邦證券,2023-03-06,6480
1586,和勤,33,0,33,福邦證券,2023-03-06,6480
3272,東碩,36,4,32,福邦證券,2023-03-06,6480
3491,昇達科,120,88,32,福邦證券,2023-03-06,6480
3062,建漢,30,1,29,福邦證券,2023-03-06,6480
6752,叡揚,25,0,25,福邦證券,2023-03-06,6480
3138,耀登,20,0,20,福邦證券,2023-03-06,6480
5347,世界,20,0,20,福邦證券,2023-03-06,6480
6196,帆宣,12,0,12,福邦證券,2023-03-06,6480
1503,士電,12,1,11,福邦證券,2023-03-06,6480
2482,連宇,24,13,11,福邦證券,2023-03-06,6480
00720B,元大投資級公司債,10,0,10,福邦證券,2023-03-06,6480
1701,中化,10,0,10,福邦證券,2023-03-06,6480
2486,一詮,10,0,10,福邦證券,2023-03-06,6480
2492,華新科,10,0,10,福邦證券,2023-03-06,6480
2739,寒舍,10,0,10,福邦證券,2023-03-06,6480
3707,漢磊,10,0,10,福邦證券,2023-03-06,6480
5452,佶優,20,10,10,福邦證券,2023-03-06,6480
6290,良維,10,0,10,福邦證券,2023-03-06,6480
6517,保勝光學,10,0,10,福邦證券,2023-03-06,6480
6589,台康生技,10,0,10,福邦證券,2023-03-06,6480
8404,百和興業-KY,10,0,10,福邦證券,2023-03-06,6480
9907,統一實,10,0,10,福邦證券,2023-03-06,6480
2002,中鋼,10,1,9,福邦證券,2023-03-06,6480
00919,群益台灣精選高息,9,0,9,福邦證券,2023-03-06,6480
2243,宏旭-KY,9,0,9,福邦證券,2023-03-06,6480
2303,聯電,30,21,9,福邦證券,2023-03-06,6480
2884,玉山金,10,1,9,福邦證券,2023-03-06,6480
3013,晟銘電,14,5,9,福邦證券,2023-03-06,6480
4306,炎洲,14,5,9,福邦證券,2023-03-06,6480
6643,M31,9,0,9,福邦證券,2023-03-06,6480
0056,元大高股息,8,0,8,福邦證券,2023-03-06,6480
3710,連展投控,8,0,8,福邦證券,2023-03-06,6480
6438,迅得,8,0,8,福邦證券,2023-03-06,6480
2379,瑞昱,7,0,7,福邦證券,2023-03-06,6480
2603,長榮,7,0,7,福邦證券,2023-03-06,6480
6593,台灣銘板,7,0,7,福邦證券,2023-03-06,6480
2419,仲琦,6,0,6,福邦證券,2023-03-06,6480
1432,大魯閣,499,2,497,福邦證券,2023-03-07,6480
8069,元太,158,5,153,福邦證券,2023-03-07,6480
3078,僑威,130,0,130,福邦證券,2023-03-07,6480
4967,十銓,139,21,118,福邦證券,2023-03-07,6480
1513,中興電,100,2,98,福邦證券,2023-03-07,6480
3234,光環,116,20,96,福邦證券,2023-03-07,6480
1477,聚陽,88,10,78,福邦證券,2023-03-07,6480
2352,佳世達,56,1,55,福邦證券,2023-03-07,6480
6235,華孚,51,0,51,福邦證券,2023-03-07,6480
6441,廣錠,42,0,42,福邦證券,2023-03-07,6480
2388,威盛,40,0,40,福邦證券,2023-03-07,6480
2897,王道銀行,30,0,30,福邦證券,2023-03-07,6480
9802,鈺齊-KY,30,0,30,福邦證券,2023-03-07,6480
1702,南僑,25,0,25,福邦證券,2023-03-07,6480
3105,穩懋,25,0,25,福邦證券,2023-03-07,6480
4763,材料-KY,90,68,22,福邦證券,2023-03-07,6480
5371,中光電,22,0,22,福邦證券,2023-03-07,6480
1437,勤益控,20,0,20,福邦證券,2023-03-07,6480
2617,台航,20,0,20,福邦證券,2023-03-07,6480
4976,佳凌,20,0,20,福邦證券,2023-03-07,6480
6180,橘子,20,0,20,福邦證券,2023-03-07,6480
9941,裕融,20,0,20,福邦證券,2023-03-07,6480
3701,大眾控,20,5,15,福邦證券,2023-03-07,6480
6245,立端,21,8,13,福邦證券,2023-03-07,6480
9958,世紀鋼,13,0,13,福邦證券,2023-03-07,6480
1476,儒鴻,12,0,12,福邦證券,2023-03-07,6480
2059,川湖,10,0,10,福邦證券,2023-03-07,6480
1219,福壽,10,0,10,福邦證券,2023-03-07,6480
00720B,元大投資級公司債,10,0,10,福邦證券,2023-03-07,6480
2239,英利-KY,10,0,10,福邦證券,2023-03-07,6480
2328,廣宇,10,0,10,福邦證券,2023-03-07,6480
2706,第一店,10,0,10,福邦證券,2023-03-07,6480
3673,TPK-KY,10,0,10,福邦證券,2023-03-07,6480
4953,緯軟,10,0,10,福邦證券,2023-03-07,6480
5871,中租-KY,10,0,10,福邦證券,2023-03-07,6480
6438,迅得,10,0,10,福邦證券,2023-03-07,6480
6873,泓德能源,10,0,10,福邦證券,2023-03-07,6480
8426,紅木-KY,10,0,10,福邦證券,2023-03-07,6480
1590,亞德客-KY,9,0,9,福邦證券,2023-03-07,6480
1718,中纖,10,1,9,福邦證券,2023-03-07,6480
4536,拓凱,9,0,9,福邦證券,2023-03-07,6480
3008,大立光,9,1,8,福邦證券,2023-03-07,6480
4119,旭富,8,0,8,福邦證券,2023-03-07,6480
5225,東科-KY,7,0,7,福邦證券,2023-03-07,6480
6285,啟��,7,0,7,福邦證券,2023-03-07,6480
6593,台灣銘板,8,1,7,福邦證券,2023-03-07,6480
6719,力智,7,0,7,福邦證券,2023-03-07,6480
4147,中裕,6,0,6,福邦證券,2023-03-07,6480
2017,官田鋼,5,0,5,福邦證券,2023-03-07,6480
00650L,復華香港正2,25,20,5,福邦證券,2023-03-07,6480
3265,台星科,210,15,195,福邦證券,2023-03-08,6480
2371,大同,173,0,173,福邦證券,2023-03-08,6480
6282,康舒,176,26,150,福邦證券,2023-03-08,6480
2891,中信金,102,0,102,福邦證券,2023-03-08,6480
6505,台塑化,100,0,100,福邦證券,2023-03-08,6480
3078,僑威,70,0,70,福邦證券,2023-03-08,6480
4967,十銓,62,0,62,福邦證券,2023-03-08,6480
1438,三地開發,60,2,58,福邦證券,2023-03-08,6480
2609,陽明,54,0,54,福邦證券,2023-03-08,6480
2615,萬海,50,0,50,福邦證券,2023-03-08,6480
2889,國票金,45,0,45,福邦證券,2023-03-08,6480
2515,中工,45,5,40,福邦證券,2023-03-08,6480
2617,台航,40,1,39,福邦證券,2023-03-08,6480
2027,大成鋼,40,2,38,福邦證券,2023-03-08,6480
2634,漢翔,40,2,38,福邦證券,2023-03-08,6480
3046,建��,30,1,29,福邦證券,2023-03-08,6480
1101,台泥,27,0,27,福邦證券,2023-03-08,6480
4931,新盛力,27,0,27,福邦證券,2023-03-08,6480
1605,華新,37,11,26,福邦證券,2023-03-08,6480
1586,和勤,37,11,26,福邦證券,2023-03-08,6480
3062,建漢,23,0,23,福邦證券,2023-03-08,6480
2201,裕隆,22,0,22,福邦證券,2023-03-08,6480
1718,中纖,21,0,21,福邦證券,2023-03-08,6480
00631L,元大台灣50正2,41,20,21,福邦證券,2023-03-08,6480
3652,精聯,104,84,20,福邦證券,2023-03-08,6480
6213,聯茂,20,0,20,福邦證券,2023-03-08,6480
3035,智原,18,0,18,福邦證券,2023-03-08,6480
4147,中裕,18,0,18,福邦證券,2023-03-08,6480
2243,宏旭-KY,16,0,16,福邦證券,2023-03-08,6480
3591,艾笛森,15,0,15,福邦證券,2023-03-08,6480
4129,聯合,15,0,15,福邦證券,2023-03-08,6480
5903,全家,15,0,15,福邦證券,2023-03-08,6480
00637L,元大滬深300正2,13,0,13,福邦證券,2023-03-08,6480
3266,昇陽,13,1,12,福邦證券,2023-03-08,6480
1584,精剛,11,0,11,福邦證券,2023-03-08,6480
3532,台勝科,12,1,11,福邦證券,2023-03-08,6480
2002,中鋼,10,0,10,福邦證券,2023-03-08,6480
1809,中釉,10,0,10,福邦證券,2023-03-08,6480
1313,聯成,10,0,10,福邦證券,2023-03-08,6480
2904,匯僑,10,0,10,福邦證券,2023-03-08,6480
3138,耀登,12,2,10,福邦證券,2023-03-08,6480
3673,TPK-KY,10,0,10,福邦證券,2023-03-08,6480
6161,捷波,10,0,10,福邦證券,2023-03-08,6480
6438,迅得,10,0,10,福邦證券,2023-03-08,6480
8927,北基,10,0,10,福邦證券,2023-03-08,6480
5381,合正,10,0,10,福邦證券,2023-03-08,6480
2603,長榮,7,0,7,福邦證券,2023-03-08,6480
3406,玉晶光,7,0,7,福邦證券,2023-03-08,6480
1467,南緯,6,0,6,福邦證券,2023-03-08,6480
3027,盛達,7,1,6,福邦證券,2023-03-08,6480
3234,光環,194,0,194,福邦證券,2023-03-09,6480
6274,台燿,176,0,176,福邦證券,2023-03-09,6480
8112,至上,150,5,145,福邦證券,2023-03-09,6480
3231,緯創,117,10,107,福邦證券,2023-03-09,6480
3003,健和興,65,0,65,福邦證券,2023-03-09,6480
2609,陽明,59,4,55,福邦證券,2023-03-09,6480
2618,長榮航,68,17,51,福邦證券,2023-03-09,6480
8046,南電,51,1,50,福邦證券,2023-03-09,6480
2208,台船,45,0,45,福邦證券,2023-03-09,6480
4503,金雨,40,0,40,福邦證券,2023-03-09,6480
1718,中纖,37,0,37,福邦證券,2023-03-09,6480
2471,資通,36,5,31,福邦證券,2023-03-09,6480
00720B,元大投資級公司債,30,0,30,福邦證券,2023-03-09,6480
3591,艾笛森,28,0,28,福邦證券,2023-03-09,6480
1513,中興電,27,0,27,福邦證券,2023-03-09,6480
1609,大亞,20,0,20,福邦證券,2023-03-09,6480
2367,燿華,20,0,20,福邦證券,2023-03-09,6480
4707,磐亞,20,0,20,福邦證券,2023-03-09,6480
6789,采鈺,20,1,19,福邦證券,2023-03-09,6480
2059,川湖,16,0,16,福邦證券,2023-03-09,6480
2867,三商壽,15,0,15,福邦證券,2023-03-09,6480
6770,力積電,21,7,14,福邦證券,2023-03-09,6480
6733,博晟生醫,12,0,12,福邦證券,2023-03-09,6480
2359,所羅門,25,14,11,福邦證券,2023-03-09,6480
2888,新光金,11,0,11,福邦證券,2023-03-09,6480
3008,大立光,11,0,11,福邦證券,2023-03-09,6480
3035,智原,37,26,11,福邦證券,2023-03-09,6480
3266,昇陽,11,0,11,福邦證券,2023-03-09,6480
5452,佶優,11,0,11,福邦證券,2023-03-09,6480
1313,聯成,10,0,10,福邦證券,2023-03-09,6480
3025,星通,10,0,10,福邦證券,2023-03-09,6480
3105,穩懋,20,10,10,福邦證券,2023-03-09,6480
3264,欣銓,10,0,10,福邦證券,2023-03-09,6480
3661,世芯-KY,10,0,10,福邦證券,2023-03-09,6480
4129,聯合,10,0,10,福邦證券,2023-03-09,6480
4953,緯軟,10,0,10,福邦證券,2023-03-09,6480
5289,宜鼎,10,0,10,福邦證券,2023-03-09,6480
5381,合正,10,0,10,福邦證券,2023-03-09,6480
6438,迅得,10,0,10,福邦證券,2023-03-09,6480
9907,統一實,10,0,10,福邦證券,2023-03-09,6480
9941,裕融,10,0,10,福邦證券,2023-03-09,6480
2328,廣宇,10,0,10,福邦證券,2023-03-09,6480
3290,東浦,11,2,9,福邦證券,2023-03-09,6480
4119,旭富,13,4,9,福邦證券,2023-03-09,6480
5284,jpp-KY,9,0,9,福邦證券,2023-03-09,6480
5244,弘凱,8,0,8,福邦證券,2023-03-09,6480
2368,金像電,6,0,6,福邦證券,2023-03-09,6480
4163,鐿鈦,6,0,6,福邦證券,2023-03-09,6480
4543,萬在,6,0,6,福邦證券,2023-03-09,6480
8476,台境*,6,0,6,福邦證券,2023-03-09,6480
6505,台塑化,565,0,565,福邦證券,2023-03-10,6480
2388,威盛,205,6,199,福邦證券,2023-03-10,6480
3078,僑威,110,0,110,福邦證券,2023-03-10,6480
00631L,元大台灣50正2,101,0,101,福邦證券,2023-03-10,6480
2352,佳世達,101,0,101,福邦證券,2023-03-10,6480
4142,國光生,100,0,100,福邦證券,2023-03-10,6480
4755,三福化,91,0,91,福邦證券,2023-03-10,6480
3029,零壹,85,5,80,福邦證券,2023-03-10,6480
2883,凱基金,77,0,77,福邦證券,2023-03-10,6480
3105,穩懋,75,0,75,福邦證券,2023-03-10,6480
3234,光環,113,43,70,福邦證券,2023-03-10,6480
6643,M31,68,0,68,福邦證券,2023-03-10,6480
2888,新光金,60,0,60,福邦證券,2023-03-10,6480
3491,昇達科,96,38,58,福邦證券,2023-03-10,6480
2891,中信金,56,2,54,福邦證券,2023-03-10,6480
1773,勝一,50,0,50,福邦證券,2023-03-10,6480
4503,金雨,50,0,50,福邦證券,2023-03-10,6480
5269,祥碩,50,0,50,福邦證券,2023-03-10,6480
2313,華通,46,0,46,福邦證券,2023-03-10,6480
2618,長榮航,46,0,46,福邦證券,2023-03-10,6480
1513,中興電,53,15,38,福邦證券,2023-03-10,6480
2059,川湖,35,0,35,福邦證券,2023-03-10,6480
1504,東元,34,0,34,福邦證券,2023-03-10,6480
4129,聯合,33,0,33,福邦證券,2023-03-10,6480
1605,華新,32,1,31,福邦證券,2023-03-10,6480
4113,聯上,30,0,30,福邦證券,2023-03-10,6480
6125,廣運,32,6,26,福邦證券,2023-03-10,6480
2887,台新金,22,0,22,福邦證券,2023-03-10,6480
6290,良維,22,0,22,福邦證券,2023-03-10,6480
2489,瑞軒,27,6,21,福邦證券,2023-03-10,6480
3049,精金,21,0,21,福邦證券,2023-03-10,6480
1268,漢來美食,20,0,20,福邦證券,2023-03-10,6480
00715L,期街口布蘭特正2,20,0,20,福邦證券,2023-03-10,6480
6026,福邦證,20,0,20,福邦證券,2023-03-10,6480
8426,紅木-KY,20,0,20,福邦證券,2023-03-10,6480
6472,保瑞,17,0,17,福邦證券,2023-03-10,6480
2515,中工,15,0,15,福邦證券,2023-03-10,6480
6841,長佳智能,14,0,14,福邦證券,2023-03-10,6480
911868,同方友友-DR,13,0,13,福邦證券,2023-03-10,6480
2608,嘉里大榮,12,0,12,福邦證券,2023-03-10,6480
8476,台境*,12,0,12,福邦證券,2023-03-10,6480
00655L,國泰中國A50正2,10,0,10,福邦證券,2023-03-10,6480
00650L,復華香港正2,60,50,10,福邦證券,2023-03-10,6480
1718,中纖,10,0,10,福邦證券,2023-03-10,6480
3324,雙鴻,10,0,10,福邦證券,2023-03-10,6480
3576,聯合再生,10,0,10,福邦證券,2023-03-10,6480
3673,TPK-KY,10,0,10,福邦證券,2023-03-10,6480
3715,定穎投控,10,0,10,福邦證券,2023-03-10,6480
5876,上海商銀,10,0,10,福邦證券,2023-03-10,6480
6753,龍德造船,10,0,10,福邦證券,2023-03-10,6480
3673,TPK-KY,325,6,319,福邦證券,2023-03-13,6480
2603,長榮,305,46,259,福邦證券,2023-03-13,6480
2017,官田鋼,215,0,215,福邦證券,2023-03-13,6480
2883,凱基金,211,2,209,福邦證券,2023-03-13,6480
3011,今皓,90,0,90,福邦證券,2023-03-13,6480
6235,華孚,96,6,90,福邦證券,2023-03-13,6480
3231,緯創,83,0,83,福邦證券,2023-03-13,6480
2609,陽明,87,17,70,福邦證券,2023-03-13,6480
5284,jpp-KY,66,1,65,福邦證券,2023-03-13,6480
2617,台航,60,0,60,福邦證券,2023-03-13,6480
3003,健和興,50,0,50,福邦證券,2023-03-13,6480
2888,新光金,49,0,49,福邦證券,2023-03-13,6480
2371,大同,45,0,45,福邦證券,2023-03-13,6480
6202,盛群,40,0,40,福邦證券,2023-03-13,6480
6026,福邦證,39,0,39,福邦證券,2023-03-13,6480
2897,王道銀行,30,0,30,福邦證券,2023-03-13,6480
1586,和勤,26,5,21,福邦證券,2023-03-13,6480
2890,永豐金,21,0,21,福邦證券,2023-03-13,6480
2515,中工,20,0,20,福邦證券,2023-03-13,6480
3264,欣銓,20,0,20,福邦證券,2023-03-13,6480
3265,台星科,40,20,20,福邦證券,2023-03-13,6480
4967,十銓,67,47,20,福邦證券,2023-03-13,6480
6438,迅得,20,0,20,福邦證券,2023-03-13,6480
2313,華通,29,13,16,福邦證券,2023-03-13,6480
2476,鉅祥,15,0,15,福邦證券,2023-03-13,6480
4503,金雨,15,0,15,福邦證券,2023-03-13,6480
2104,國際中橡,20,6,14,福邦證券,2023-03-13,6480
00676R,富邦臺灣加權反1,10,0,10,福邦證券,2023-03-13,6480
3025,星通,10,0,10,福邦證券,2023-03-13,6480
3624,光頡,10,0,10,福邦證券,2023-03-13,6480
6679,鈺太,12,2,10,福邦證券,2023-03-13,6480
6841,長佳智能,11,1,10,福邦證券,2023-03-13,6480
2308,台達電,10,1,9,福邦證券,2023-03-13,6480
2359,所羅門,15,6,9,福邦證券,2023-03-13,6480
5425,台半,10,1,9,福邦證券,2023-03-13,6480
00878,國泰永續高股息,8,0,8,福邦證券,2023-03-13,6480
4550,長佳,8,0,8,福邦證券,2023-03-13,6480
6290,良維,10,2,8,福邦證券,2023-03-13,6480
2610,華航,7,0,7,福邦證券,2023-03-13,6480
2618,長榮航,7,0,7,福邦證券,2023-03-13,6480
3038,全台,10,3,7,福邦證券,2023-03-13,6480
3706,神達,7,0,7,福邦證券,2023-03-13,6480
3715,定穎投控,7,0,7,福邦證券,2023-03-13,6480
4129,聯合,7,0,7,福邦證券,2023-03-13,6480
6715,嘉基,7,0,7,福邦證券,2023-03-13,6480
2059,川湖,6,0,6,福邦證券,2023-03-13,6480
3552,同致,6,0,6,福邦證券,2023-03-13,6480
1603,華電,5,0,5,福邦證券,2023-03-13,6480
1218,泰山,5,0,5,福邦證券,2023-03-13,6480
1319,東陽,5,0,5,福邦證券,2023-03-13,6480
2017,官田鋼,120,0,120,福邦證券,2023-03-14,6480
2454,聯發科,105,0,105,福邦證券,2023-03-14,6480
3221,台嘉碩,98,0,98,福邦證券,2023-03-14,6480
3231,緯創,90,0,90,福邦證券,2023-03-14,6480
3162,精確,61,20,41,福邦證券,2023-03-14,6480
2834,臺企銀,36,4,32,福邦證券,2023-03-14,6480
00642U,期元大S＆P石油,30,0,30,福邦證券,2023-03-14,6480
2516,新建,30,0,30,福邦證券,2023-03-14,6480
2547,日勝生,30,0,30,福邦證券,2023-03-14,6480
5009,榮剛,38,8,30,福邦證券,2023-03-14,6480
5285,界霖,30,0,30,福邦證券,2023-03-14,6480
8367,建新國際,30,0,30,福邦證券,2023-03-14,6480
4129,聯合,26,0,26,福邦證券,2023-03-14,6480
6026,福邦證,27,1,26,福邦證券,2023-03-14,6480
2888,新光金,25,0,25,福邦證券,2023-03-14,6480
2603,長榮,34,9,25,福邦證券,2023-03-14,6480
4746,台耀,24,0,24,福邦證券,2023-03-14,6480
1513,中興電,25,5,20,福邦證券,2023-03-14,6480
00738U,期元大道瓊白銀,20,0,20,福邦證券,2023-03-14,6480
2104,國際中橡,20,0,20,福邦證券,2023-03-14,6480
3029,零壹,25,5,20,福邦證券,2023-03-14,6480
4503,金雨,20,0,20,福邦證券,2023-03-14,6480
5880,合庫金,20,0,20,福邦證券,2023-03-14,6480
6841,長佳智能,20,0,20,福邦證券,2023-03-14,6480
2609,陽明,68,49,19,福邦證券,2023-03-14,6480
2867,三商壽,18,0,18,福邦證券,2023-03-14,6480
2618,長榮航,19,2,17,福邦證券,2023-03-14,6480
0056,元大高股息,17,1,16,福邦證券,2023-03-14,6480
2239,英利-KY,15,0,15,福邦證券,2023-03-14,6480
3025,星通,15,0,15,福邦證券,2023-03-14,6480
2883,凱基金,13,0,13,福邦證券,2023-03-14,6480
00878,國泰永續高股息,12,0,12,福邦證券,2023-03-14,6480
2059,川湖,12,0,12,福邦證券,2023-03-14,6480
2489,瑞軒,12,0,12,福邦證券,2023-03-14,6480
2607,榮運,12,0,12,福邦證券,2023-03-14,6480
1301,台塑,11,0,11,福邦證券,2023-03-14,6480
2891,中信金,11,0,11,福邦證券,2023-03-14,6480
00720B,元大投資級公司債,10,0,10,福邦證券,2023-03-14,6480
00655L,國泰中國A50正2,10,0,10,福邦證券,2023-03-14,6480
1477,聚陽,10,0,10,福邦證券,2023-03-14,6480
1313,聯成,10,0,10,福邦證券,2023-03-14,6480
3011,今皓,10,0,10,福邦證券,2023-03-14,6480
3038,全台,12,2,10,福邦證券,2023-03-14,6480
3105,穩懋,15,5,10,福邦證券,2023-03-14,6480
3591,艾笛森,10,0,10,福邦證券,2023-03-14,6480
1402,遠東新,9,0,9,福邦證券,2023-03-14,6480
2313,華通,8,0,8,福邦證券,2023-03-14,6480
2887,台新金,8,0,8,福邦證券,2023-03-14,6480
3046,建��,8,0,8,福邦證券,2023-03-14,6480
2330,台積電,8,1,7,福邦證券,2023-03-14,6480
2402,毅嘉,223,51,172,福邦證券,2023-03-15,6480
1102,亞泥,160,0,160,福邦證券,2023-03-15,6480
6235,華孚,130,2,128,福邦證券,2023-03-15,6480
3231,緯創,132,25,107,福邦證券,2023-03-15,6480
3221,台嘉碩,100,0,100,福邦證券,2023-03-15,6480
6288,聯嘉,110,10,100,福邦證券,2023-03-15,6480
2888,新光金,94,0,94,福邦證券,2023-03-15,6480
3558,神準,90,2,88,福邦證券,2023-03-15,6480
2637,慧洋-KY,85,0,85,福邦證券,2023-03-15,6480
3234,光環,80,0,80,福邦證券,2023-03-15,6480
6271,同欣電,70,0,70,福邦證券,2023-03-15,6480
3178,公準,76,13,63,福邦證券,2023-03-15,6480
2371,大同,60,0,60,福邦證券,2023-03-15,6480
2438,翔耀,56,0,56,福邦證券,2023-03-15,6480
2889,國票金,53,0,53,福邦證券,2023-03-15,6480
2358,廷鑫,50,0,50,福邦證券,2023-03-15,6480
3443,創意,52,3,49,福邦證券,2023-03-15,6480
6202,盛群,40,0,40,福邦證券,2023-03-15,6480
6026,福邦證,36,0,36,福邦證券,2023-03-15,6480
8215,明基材,32,0,32,福邦證券,2023-03-15,6480
00720B,元大投資級公司債,30,0,30,福邦證券,2023-03-15,6480
1516,川飛,30,0,30,福邦證券,2023-03-15,6480
6869,雲豹能源,30,0,30,福邦證券,2023-03-15,6480
3701,大眾控,25,0,25,福邦證券,2023-03-15,6480
2390,云辰,22,0,22,福邦證券,2023-03-15,6480
8112,至上,20,1,19,福邦證券,2023-03-15,6480
3715,定穎投控,16,0,16,福邦證券,2023-03-15,6480
1519,華城,15,0,15,福邦證券,2023-03-15,6480
1513,中興電,15,0,15,福邦證券,2023-03-15,6480
00715L,期街口布蘭特正2,14,0,14,福邦證券,2023-03-15,6480
00878,國泰永續高股息,13,0,13,福邦證券,2023-03-15,6480
2634,漢翔,51,39,12,福邦證券,2023-03-15,6480
1409,新纖,10,0,10,福邦證券,2023-03-15,6480
1457,宜進,10,0,10,福邦證券,2023-03-15,6480
1799,易威,10,0,10,福邦證券,2023-03-15,6480
2239,英利-KY,10,0,10,福邦證券,2023-03-15,6480
2482,連宇,10,0,10,福邦證券,2023-03-15,6480
2495,普安,10,0,10,福邦證券,2023-03-15,6480
3481,群創,10,0,10,福邦證券,2023-03-15,6480
3682,亞太電,10,0,10,福邦證券,2023-03-15,6480
4129,聯合,10,0,10,福邦證券,2023-03-15,6480
4979,華星光,11,1,10,福邦證券,2023-03-15,6480
6161,捷波,10,0,10,福邦證券,2023-03-15,6480
6417,韋僑,30,20,10,福邦證券,2023-03-15,6480
6438,迅得,10,0,10,福邦證券,2023-03-15,6480
6770,力積電,10,0,10,福邦證券,2023-03-15,6480
2017,官田鋼,9,0,9,福邦證券,2023-03-15,6480
2515,中工,14,5,9,福邦證券,2023-03-15,6480
2883,凱基金,9,0,9,福邦證券,2023-03-15,6480
2891,中信金,9,0,9,福邦證券,2023-03-15,6480
1102,亞泥,300,0,300,福邦證券,2023-03-16,6480
6121,新普,168,2,166,福邦證券,2023-03-16,6480
3264,欣銓,158,0,158,福邦證券,2023-03-16,6480
2017,官田鋼,117,0,117,福邦證券,2023-03-16,6480
2883,凱基金,109,0,109,福邦證券,2023-03-16,6480
6643,M31,96,0,96,福邦證券,2023-03-16,6480
5009,榮剛,124,34,90,福邦證券,2023-03-16,6480
6531,愛普*,89,1,88,福邦證券,2023-03-16,6480
3231,緯創,82,0,82,福邦證券,2023-03-16,6480
1513,中興電,76,0,76,福邦證券,2023-03-16,6480
3178,公準,60,0,60,福邦證券,2023-03-16,6480
6417,韋僑,60,5,55,福邦證券,2023-03-16,6480
2884,玉山金,41,0,41,福邦證券,2023-03-16,6480
2891,中信金,43,5,38,福邦證券,2023-03-16,6480
2834,臺企銀,55,20,35,福邦證券,2023-03-16,6480
6869,雲豹能源,30,0,30,福邦證券,2023-03-16,6480
5284,jpp-KY,26,0,26,福邦證券,2023-03-16,6480
2888,新光金,23,0,23,福邦證券,2023-03-16,6480
8215,明基材,18,0,18,福邦證券,2023-03-16,6480
2882,國泰金,18,1,17,福邦證券,2023-03-16,6480
3162,精確,16,0,16,福邦證券,2023-03-16,6480
1417,嘉裕,20,5,15,福邦證券,2023-03-16,6480
00679B,元大美債20年,12,0,12,福邦證券,2023-03-16,6480
2609,陽明,73,61,12,福邦證券,2023-03-16,6480
3266,昇陽,12,0,12,福邦證券,2023-03-16,6480
5483,中美晶,12,0,12,福邦證券,2023-03-16,6480
6026,福邦證,12,0,12,福邦證券,2023-03-16,6480
0056,元大高股息,11,0,11,福邦證券,2023-03-16,6480
2371,大同,11,0,11,福邦證券,2023-03-16,6480
2887,台新金,15,4,11,福邦證券,2023-03-16,6480
3025,星通,11,0,11,福邦證券,2023-03-16,6480
00715L,期街口布蘭特正2,10,0,10,福邦證券,2023-03-16,6480
1409,新纖,10,0,10,福邦證券,2023-03-16,6480
2438,翔耀,10,0,10,福邦證券,2023-03-16,6480
2476,鉅祥,10,0,10,福邦證券,2023-03-16,6480
6438,迅得,11,1,10,福邦證券,2023-03-16,6480
6719,力智,10,0,10,福邦證券,2023-03-16,6480
6443,元晶,9,0,9,福邦證券,2023-03-16,6480
1586,和勤,7,0,7,福邦證券,2023-03-16,6480
2313,華通,8,1,7,福邦證券,2023-03-16,6480
2610,華航,7,0,7,福邦證券,2023-03-16,6480
2618,長榮航,7,0,7,福邦證券,2023-03-16,6480
5607,遠雄港,7,0,7,福邦證券,2023-03-16,6480
2239,英利-KY,6,0,6,福邦證券,2023-03-16,6480
2059,川湖,8,2,6,福邦證券,2023-03-16,6480
3576,聯合再生,6,0,6,福邦證券,2023-03-16,6480
4108,懷特,6,0,6,福邦證券,2023-03-16,6480
4934,太極,6,1,5,福邦證券,2023-03-16,6480
1760,寶齡富錦,5,0,5,福邦證券,2023-03-16,6480
00921,兆豐龍頭等權重,5,0,5,福邦證券,2023-03-16,6480
1402,遠東新,613,0,613,福邦證券,2023-03-17,6480
4904,遠傳,400,0,400,福邦證券,2023-03-17,6480
2890,永豐金,200,0,200,福邦證券,2023-03-17,6480
9938,百和,155,0,155,福邦證券,2023-03-17,6480
6203,海韻電,147,0,147,福邦證券,2023-03-17,6480
5483,中美晶,125,0,125,福邦證券,2023-03-17,6480
2851,中再保,100,0,100,福邦證券,2023-03-17,6480
6235,華孚,100,8,92,福邦證券,2023-03-17,6480
2402,毅嘉,77,1,76,福邦證券,2023-03-17,6480
3289,宜特,54,0,54,福邦證券,2023-03-17,6480
2883,凱基金,51,0,51,福邦證券,2023-03-17,6480
2889,國票金,51,0,51,福邦證券,2023-03-17,6480
1722,台肥,50,0,50,福邦證券,2023-03-17,6480
6449,鈺邦,50,0,50,福邦證券,2023-03-17,6480
8039,台虹,50,0,50,福邦證券,2023-03-17,6480
3027,盛達,52,9,43,福邦證券,2023-03-17,6480
4536,拓凱,39,0,39,福邦證券,2023-03-17,6480
8215,明基材,35,0,35,福邦證券,2023-03-17,6480
2515,中工,34,0,34,福邦證券,2023-03-17,6480
4960,誠美材,33,0,33,福邦證券,2023-03-17,6480
9945,潤泰新,32,0,32,福邦證券,2023-03-17,6480
1799,易威,29,0,29,福邦證券,2023-03-17,6480
2390,云辰,28,0,28,福邦證券,2023-03-17,6480
2362,藍天,25,0,25,福邦證券,2023-03-17,6480
4164,承業醫,25,0,25,福邦證券,2023-03-17,6480
2881,富邦金,23,2,21,福邦證券,2023-03-17,6480
2228,劍麟,20,0,20,福邦證券,2023-03-17,6480
1316,上曜,20,0,20,福邦證券,2023-03-17,6480
1314,中石化,20,0,20,福邦證券,2023-03-17,6480
9910,豐泰,20,0,20,福邦證券,2023-03-17,6480
1215,卜蜂,19,0,19,福邦證券,2023-03-17,6480
3265,台星科,20,3,17,福邦證券,2023-03-17,6480
2891,中信金,16,0,16,福邦證券,2023-03-17,6480
9907,統一實,15,0,15,福邦證券,2023-03-17,6480
2834,臺企銀,22,8,14,福邦證券,2023-03-17,6480
4977,眾達-KY,12,0,12,福邦證券,2023-03-17,6480
00715L,期街口布蘭特正2,11,0,11,福邦證券,2023-03-17,6480
2059,川湖,11,0,11,福邦證券,2023-03-17,6480
3272,東碩,20,9,11,福邦證券,2023-03-17,6480
4958,臻鼎-KY,11,0,11,福邦證券,2023-03-17,6480
2017,官田鋼,10,0,10,福邦證券,2023-03-17,6480
00712,復華富時不動產,10,0,10,福邦證券,2023-03-17,6480
3583,辛耘,10,0,10,福邦證券,2023-03-17,6480
6417,韋僑,10,0,10,福邦證券,2023-03-17,6480
1467,南緯,18,9,9,福邦證券,2023-03-17,6480
1709,和益,11,2,9,福邦證券,2023-03-17,6480
5353,台林,9,0,9,福邦證券,2023-03-17,6480
2359,所羅門,8,0,8,福邦證券,2023-03-17,6480
3324,雙鴻,8,0,8,福邦證券,2023-03-17,6480
6753,龍德造船,8,0,8,福邦證券,2023-03-17,6480
1402,遠東新,901,0,901,福邦證券,2023-03-20,6480
6146,耕興,150,1,149,福邦證券,2023-03-20,6480
00751B,元大AAA至A公司債,141,0,141,福邦證券,2023-03-20,6480
00772B,中信高評級公司債,140,0,140,福邦證券,2023-03-20,6480
00725B,國泰投資級公司債,140,0,140,福邦證券,2023-03-20,6480
3491,昇達科,132,1,131,福邦證券,2023-03-20,6480
4904,遠傳,100,0,100,福邦證券,2023-03-20,6480
6116,彩晶,100,0,100,福邦證券,2023-03-20,6480
1605,華新,99,4,95,福邦證券,2023-03-20,6480
2017,官田鋼,110,16,94,福邦證券,2023-03-20,6480
3231,緯創,91,0,91,福邦證券,2023-03-20,6480
2617,台航,90,0,90,福邦證券,2023-03-20,6480
2453,凌群,84,0,84,福邦證券,2023-03-20,6480
3037,欣興,50,0,50,福邦證券,2023-03-20,6480
9105,泰金寶-DR,50,0,50,福邦證券,2023-03-20,6480
8433,弘帆,48,0,48,福邦證券,2023-03-20,6480
6143,振曜,24,0,24,福邦證券,2023-03-20,6480
3035,智原,23,0,23,福邦證券,2023-03-20,6480
5321,美而快,22,0,22,福邦證券,2023-03-20,6480
6679,鈺太,27,5,22,福邦證券,2023-03-20,6480
3576,聯合再生,27,6,21,福邦證券,2023-03-20,6480
1584,精剛,20,0,20,福邦證券,2023-03-20,6480
2515,中工,20,0,20,福邦證券,2023-03-20,6480
4306,炎洲,23,4,19,福邦證券,2023-03-20,6480
4739,康普,19,0,19,福邦證券,2023-03-20,6480
1586,和勤,16,0,16,福邦證券,2023-03-20,6480
3515,華擎,15,0,15,福邦證券,2023-03-20,6480
2882,國泰金,13,0,13,福邦證券,2023-03-20,6480
00635U,期元大S＆P黃金,12,0,12,福邦證券,2023-03-20,6480
2888,新光金,12,0,12,福邦證券,2023-03-20,6480
3529,力旺,12,0,12,福邦證券,2023-03-20,6480
8426,紅木-KY,11,0,11,福邦證券,2023-03-20,6480
00642U,期元大S＆P石油,10,0,10,福邦證券,2023-03-20,6480
1540,喬福,10,0,10,福邦證券,2023-03-20,6480
2243,宏旭-KY,10,0,10,福邦證券,2023-03-20,6480
3591,艾笛森,10,0,10,福邦證券,2023-03-20,6480
5465,富驊,10,0,10,福邦證券,2023-03-20,6480
9907,統一實,10,0,10,福邦證券,2023-03-20,6480
2239,英利-KY,9,0,9,福邦證券,2023-03-20,6480
2471,資通,39,30,9,福邦證券,2023-03-20,6480
2891,中信金,14,5,9,福邦證券,2023-03-20,6480
6026,福邦證,20,11,9,福邦證券,2023-03-20,6480
6438,迅得,9,0,9,福邦證券,2023-03-20,6480
2867,三商壽,8,0,8,福邦證券,2023-03-20,6480
1809,中釉,6,0,6,福邦證券,2023-03-20,6480
1319,東陽,6,0,6,福邦證券,2023-03-20,6480
6189,豐藝,6,0,6,福邦證券,2023-03-20,6480
8046,南電,7,1,6,福邦證券,2023-03-20,6480
2331,精英,10,5,5,福邦證券,2023-03-20,6480
00650L,復華香港正2,35,30,5,福邦證券,2023-03-20,6480
3481,群創,619,2,617,福邦證券,2023-03-21,6480
6116,彩晶,200,0,200,福邦證券,2023-03-21,6480
3231,緯創,185,5,180,福邦證券,2023-03-21,6480
6863,永道-KY,284,133,151,福邦證券,2023-03-21,6480
4904,遠傳,150,0,150,福邦證券,2023-03-21,6480
00878,國泰永續高股息,102,0,102,福邦證券,2023-03-21,6480
1519,華城,100,0,100,福邦證券,2023-03-21,6480
00891,中信關鍵半導體,100,0,100,福邦證券,2023-03-21,6480
00881,國泰台灣5G+,100,0,100,福邦證券,2023-03-21,6480
0050,元大台灣50,100,1,99,福邦證券,2023-03-21,6480
6643,M31,89,0,89,福邦證券,2023-03-21,6480
6531,愛普*,89,1,88,福邦證券,2023-03-21,6480
1477,聚陽,95,10,85,福邦證券,2023-03-21,6480
3017,奇鋐,93,10,83,福邦證券,2023-03-21,6480
2454,聯發科,80,0,80,福邦證券,2023-03-21,6480
9910,豐泰,70,0,70,福邦證券,2023-03-21,6480
4157,太景*-KY,60,0,60,福邦證券,2023-03-21,6480
2303,聯電,56,1,55,福邦證券,2023-03-21,6480
6706,惠特,50,0,50,福邦證券,2023-03-21,6480
3037,欣興,50,2,48,福邦證券,2023-03-21,6480
6274,台燿,110,71,39,福邦證券,2023-03-21,6480
2017,官田鋼,55,20,35,福邦證券,2023-03-21,6480
2609,陽明,37,2,35,福邦證券,2023-03-21,6480
5321,美而快,31,0,31,福邦證券,2023-03-21,6480
00635U,期元大S＆P黃金,30,0,30,福邦證券,2023-03-21,6480
3044,健鼎,30,0,30,福邦證券,2023-03-21,6480
2891,中信金,30,4,26,福邦證券,2023-03-21,6480
1586,和勤,25,0,25,福邦證券,2023-03-21,6480
5484,慧友,25,0,25,福邦證券,2023-03-21,6480
6443,元晶,31,7,24,福邦證券,2023-03-21,6480
6202,盛群,22,0,22,福邦證券,2023-03-21,6480
1722,台肥,20,0,20,福邦證券,2023-03-21,6480
2230,泰茂,20,0,20,福邦證券,2023-03-21,6480
00642U,期元大S＆P石油,20,0,20,福邦證券,2023-03-21,6480
00692,富邦公司治理,20,0,20,福邦證券,2023-03-21,6480
6143,振曜,21,1,20,福邦證券,2023-03-21,6480
5439,高技,18,0,18,福邦證券,2023-03-21,6480
2453,凌群,22,6,16,福邦證券,2023-03-21,6480
5353,台林,16,0,16,福邦證券,2023-03-21,6480
9921,巨大,16,0,16,福邦證券,2023-03-21,6480
3416,融程電,15,0,15,福邦證券,2023-03-21,6480
6188,廣明,20,5,15,福邦證券,2023-03-21,6480
8097,常珵,15,0,15,福邦證券,2023-03-21,6480
8433,弘帆,15,0,15,福邦證券,2023-03-21,6480
00679B,元大美債20年,13,0,13,福邦證券,2023-03-21,6480
2722,夏都,12,0,12,福邦證券,2023-03-21,6480
3105,穩懋,21,10,11,福邦證券,2023-03-21,6480
1319,東陽,10,0,10,福邦證券,2023-03-21,6480
1268,漢來美食,10,0,10,福邦證券,2023-03-21,6480
1101,台泥,10,0,10,福邦證券,2023-03-21,6480
3481,群創,382,5,377,福邦證券,2023-03-22,6480
3081,聯亞,226,3,223,福邦證券,2023-03-22,6480
8028,昇陽半導體,210,10,200,福邦證券,2023-03-22,6480
6203,海韻電,141,0,141,福邦證券,2023-03-22,6480
3231,緯創,136,2,134,福邦證券,2023-03-22,6480
6274,台燿,130,25,105,福邦證券,2023-03-22,6480
1519,華城,100,0,100,福邦證券,2023-03-22,6480
3027,盛達,115,17,98,福邦證券,2023-03-22,6480
3037,欣興,104,12,92,福邦證券,2023-03-22,6480
4904,遠傳,90,0,90,福邦證券,2023-03-22,6480
4755,三福化,90,2,88,福邦證券,2023-03-22,6480
4147,中裕,81,0,81,福邦證券,2023-03-22,6480
00632R,元大台灣50反1,75,0,75,福邦證券,2023-03-22,6480
6138,茂達,242,173,69,福邦證券,2023-03-22,6480
3479,安勤,81,14,67,福邦證券,2023-03-22,6480
6143,振曜,67,3,64,福邦證券,2023-03-22,6480
3078,僑威,60,4,56,福邦證券,2023-03-22,6480
2367,燿華,50,0,50,福邦證券,2023-03-22,6480
3221,台嘉碩,47,0,47,福邦證券,2023-03-22,6480
8433,弘帆,47,0,47,福邦證券,2023-03-22,6480
1605,華新,45,0,45,福邦證券,2023-03-22,6480
6202,盛群,30,0,30,福邦證券,2023-03-22,6480
9941,裕融,30,0,30,福邦證券,2023-03-22,6480
2330,台積電,35,7,28,福邦證券,2023-03-22,6480
2482,連宇,30,3,27,福邦證券,2023-03-22,6480
5321,美而快,27,0,27,福邦證券,2023-03-22,6480
6706,惠特,27,0,27,福邦證券,2023-03-22,6480
1773,勝一,25,0,25,福邦證券,2023-03-22,6480
8039,台虹,25,0,25,福邦證券,2023-03-22,6480
2362,藍天,21,0,21,福邦證券,2023-03-22,6480
2888,新光金,20,0,20,福邦證券,2023-03-22,6480
3265,台星科,20,0,20,福邦證券,2023-03-22,6480
6715,嘉基,21,3,18,福邦證券,2023-03-22,6480
1762,中化生,16,0,16,福邦證券,2023-03-22,6480
2231,為升,15,0,15,福邦證券,2023-03-22,6480
6290,良維,68,55,13,福邦證券,2023-03-22,6480
6695,芯鼎,12,0,12,福邦證券,2023-03-22,6480
2457,飛宏,11,0,11,福邦證券,2023-03-22,6480
4707,磐亞,12,1,11,福邦證券,2023-03-22,6480
2017,官田鋼,10,0,10,福邦證券,2023-03-22,6480
00635U,期元大S＆P黃金,10,0,10,福邦證券,2023-03-22,6480
3266,昇陽,10,0,10,福邦證券,2023-03-22,6480
8097,常珵,10,0,10,福邦證券,2023-03-22,6480
9105,泰金寶-DR,10,0,10,福邦證券,2023-03-22,6480
6176,瑞儀,9,0,9,福邦證券,2023-03-22,6480
4967,十銓,20,12,8,福邦證券,2023-03-22,6480
1529,樂事綠能,11,4,7,福邦證券,2023-03-22,6480
3260,威剛,7,0,7,福邦證券,2023-03-22,6480
3631,晟楠,7,0,7,福邦證券,2023-03-22,6480
8926,台汽電,7,0,7,福邦證券,2023-03-22,6480
2890,永豐金,1000,0,1000,福邦證券,2023-03-23,6480
6143,振曜,682,3,679,福邦證券,2023-03-23,6480
3231,緯創,288,1,287,福邦證券,2023-03-23,6480
3710,連展投控,201,5,196,福邦證券,2023-03-23,6480
6235,華孚,158,0,158,福邦證券,2023-03-23,6480
8215,明基材,137,13,124,福邦證券,2023-03-23,6480
5425,台半,108,2,106,福邦證券,2023-03-23,6480
1519,華城,102,2,100,福邦證券,2023-03-23,6480
2748,雲品,100,0,100,福邦證券,2023-03-23,6480
4904,遠傳,60,0,60,福邦證券,2023-03-23,6480
6202,盛群,60,0,60,福邦證券,2023-03-23,6480
6799,來頡,60,0,60,福邦證券,2023-03-23,6480
3178,公準,50,0,50,福邦證券,2023-03-23,6480
2351,順德,35,0,35,福邦證券,2023-03-23,6480
2360,致茂,34,1,33,福邦證券,2023-03-23,6480
3661,世芯-KY,33,1,32,福邦證券,2023-03-23,6480
2547,日勝生,30,0,30,福邦證券,2023-03-23,6480
3479,安勤,30,0,30,福邦證券,2023-03-23,6480
5381,合正,29,0,29,福邦證券,2023-03-23,6480
4919,新唐,40,16,24,福邦證券,2023-03-23,6480
2609,陽明,30,9,21,福邦證券,2023-03-23,6480
00632R,元大台灣50反1,20,0,20,福邦證券,2023-03-23,6480
2453,凌群,54,34,20,福邦證券,2023-03-23,6480
2476,鉅祥,20,0,20,福邦證券,2023-03-23,6480
4438,廣越,20,0,20,福邦證券,2023-03-23,6480
4977,眾達-KY,20,0,20,福邦證券,2023-03-23,6480
3596,智易,17,0,17,福邦證券,2023-03-23,6480
3029,零壹,16,0,16,福邦證券,2023-03-23,6480
2231,為升,15,1,14,福邦證券,2023-03-23,6480
2457,飛宏,15,2,13,福邦證券,2023-03-23,6480
6188,廣明,33,20,13,福邦證券,2023-03-23,6480
3483,力致,12,0,12,福邦證券,2023-03-23,6480
2888,新光金,11,0,11,福邦證券,2023-03-23,6480
3419,譁裕,12,1,11,福邦證券,2023-03-23,6480
4743,合一,17,6,11,福邦證券,2023-03-23,6480
6290,良維,11,0,11,福邦證券,2023-03-23,6480
00715L,期街口布蘭特正2,13,3,10,福邦證券,2023-03-23,6480
00680L,元大美債20正2,10,0,10,福邦證券,2023-03-23,6480
1268,漢來美食,10,0,10,福邦證券,2023-03-23,6480
2017,官田鋼,10,0,10,福邦證券,2023-03-23,6480
2515,中工,10,0,10,福邦證券,2023-03-23,6480
2867,三商壽,10,0,10,福邦證券,2023-03-23,6480
5203,訊連,10,0,10,福邦證券,2023-03-23,6480
5475,德宏,10,0,10,福邦證券,2023-03-23,6480
6770,力積電,10,0,10,福邦證券,2023-03-23,6480
2481,強茂,10,1,9,福邦證券,2023-03-23,6480
3631,晟楠,9,0,9,福邦證券,2023-03-23,6480
8050,廣積,10,1,9,福邦證券,2023-03-23,6480
8933,愛地雅,9,0,9,福邦證券,2023-03-23,6480
4976,佳凌,16,8,8,福邦證券,2023-03-23,6480
2890,永豐金,400,0,400,福邦證券,2023-03-24,6480
3231,緯創,242,2,240,福邦證券,2023-03-24,6480
3234,光環,214,0,214,福邦證券,2023-03-24,6480
4904,遠傳,200,0,200,福邦證券,2023-03-24,6480
1342,八貫,150,0,150,福邦證券,2023-03-24,6480
2351,順德,150,0,150,福邦證券,2023-03-24,6480
3491,昇達科,131,0,131,福邦證券,2023-03-24,6480
2481,強茂,120,0,120,福邦證券,2023-03-24,6480
3025,星通,117,0,117,福邦證券,2023-03-24,6480
2303,聯電,113,0,113,福邦證券,2023-03-24,6480
1519,華城,100,0,100,福邦證券,2023-03-24,6480
6643,M31,88,0,88,福邦證券,2023-03-24,6480
2404,漢唐,80,0,80,福邦證券,2023-03-24,6480
3034,聯詠,68,0,68,福邦證券,2023-03-24,6480
2891,中信金,55,0,55,福邦證券,2023-03-24,6480
6134,萬旭,55,0,55,福邦證券,2023-03-24,6480
3265,台星科,40,0,40,福邦證券,2023-03-24,6480
3022,威強電,56,21,35,福邦證券,2023-03-24,6480
8938,明安,32,0,32,福邦證券,2023-03-24,6480
2453,凌群,32,1,31,福邦證券,2023-03-24,6480
8215,明基材,39,8,31,福邦證券,2023-03-24,6480
5483,中美晶,30,0,30,福邦證券,2023-03-24,6480
6517,保勝光學,30,0,30,福邦證券,2023-03-24,6480
1742,台蠟,23,0,23,福邦證券,2023-03-24,6480
2331,精英,22,0,22,福邦證券,2023-03-24,6480
3479,安勤,22,1,21,福邦證券,2023-03-24,6480
4137,麗豐-KY,21,0,21,福邦證券,2023-03-24,6480
2017,官田鋼,20,0,20,福邦證券,2023-03-24,6480
2515,中工,20,0,20,福邦證券,2023-03-24,6480
8433,弘帆,20,0,20,福邦證券,2023-03-24,6480
2609,陽明,17,0,17,福邦證券,2023-03-24,6480
2867,三商壽,16,0,16,福邦證券,2023-03-24,6480
2376,技嘉,29,14,15,福邦證券,2023-03-24,6480
2615,萬海,15,0,15,福邦證券,2023-03-24,6480
2834,臺企銀,15,0,15,福邦證券,2023-03-24,6480
2482,連宇,16,2,14,福邦證券,2023-03-24,6480
5439,高技,13,0,13,福邦證券,2023-03-24,6480
1709,和益,19,7,12,福邦證券,2023-03-24,6480
1319,東陽,12,0,12,福邦證券,2023-03-24,6480
8222,寶一,12,0,12,福邦證券,2023-03-24,6480
8996,高力,13,1,12,福邦證券,2023-03-24,6480
00715L,期街口布蘭特正2,16,5,11,福邦證券,2023-03-24,6480
6712,長聖,11,0,11,福邦證券,2023-03-24,6480
2105,正新,10,0,10,福邦證券,2023-03-24,6480
00632R,元大台灣50反1,10,0,10,福邦證券,2023-03-24,6480
2328,廣宇,10,0,10,福邦證券,2023-03-24,6480
3017,奇鋐,10,0,10,福邦證券,2023-03-24,6480
3189,景碩,10,0,10,福邦證券,2023-03-24,6480
3322,建舜電,10,0,10,福邦證券,2023-03-24,6480
5484,慧友,10,0,10,福邦證券,2023-03-24,6480
1605,華新,322,0,322,福邦證券,2023-03-27,6480
6203,海韻電,245,0,245,福邦證券,2023-03-27,6480
5876,上海商銀,211,0,211,福邦證券,2023-03-27,6480
6202,盛群,210,0,210,福邦證券,2023-03-27,6480
2438,翔耀,160,0,160,福邦證券,2023-03-27,6480
3037,欣興,175,15,160,福邦證券,2023-03-27,6480
2303,聯電,150,0,150,福邦證券,2023-03-27,6480
6138,茂達,195,73,122,福邦證券,2023-03-27,6480
6026,福邦證,119,0,119,福邦證券,2023-03-27,6480
1742,台蠟,115,0,115,福邦證券,2023-03-27,6480
3231,緯創,115,2,113,福邦證券,2023-03-27,6480
1519,華城,101,0,101,福邦證券,2023-03-27,6480
3025,星通,95,0,95,福邦證券,2023-03-27,6480
5381,合正,79,0,79,福邦證券,2023-03-27,6480
1609,大亞,82,5,77,福邦證券,2023-03-27,6480
3596,智易,75,0,75,福邦證券,2023-03-27,6480
9921,巨大,65,0,65,福邦證券,2023-03-27,6480
9933,中鼎,60,0,60,福邦證券,2023-03-27,6480
00878,國泰永續高股息,55,0,55,福邦證券,2023-03-27,6480
3715,定穎投控,51,0,51,福邦證券,2023-03-27,6480
2404,漢唐,50,0,50,福邦證券,2023-03-27,6480
2231,為升,42,0,42,福邦證券,2023-03-27,6480
2615,萬海,40,0,40,福邦證券,2023-03-27,6480
2515,中工,30,0,30,福邦證券,2023-03-27,6480
8289,泰藝,30,0,30,福邦證券,2023-03-27,6480
6841,長佳智能,26,0,26,福邦證券,2023-03-27,6480
2722,夏都,21,0,21,福邦證券,2023-03-27,6480
1784,訊聯,20,0,20,福邦證券,2023-03-27,6480
3591,艾笛森,20,0,20,福邦證券,2023-03-27,6480
5351,鈺創,20,0,20,福邦證券,2023-03-27,6480
6156,松上,20,0,20,福邦證券,2023-03-27,6480
6231,系微,31,11,20,福邦證券,2023-03-27,6480
8215,明基材,23,3,20,福邦證券,2023-03-27,6480
9914,美利達,20,0,20,福邦證券,2023-03-27,6480
1586,和勤,18,0,18,福邦證券,2023-03-27,6480
4977,眾達-KY,20,3,17,福邦證券,2023-03-27,6480
2867,三商壽,16,0,16,福邦證券,2023-03-27,6480
4147,中裕,19,3,16,福邦證券,2023-03-27,6480
2387,精元,15,0,15,福邦證券,2023-03-27,6480
2481,強茂,15,0,15,福邦證券,2023-03-27,6480
4919,新唐,15,0,15,福邦證券,2023-03-27,6480
8222,寶一,34,19,15,福邦證券,2023-03-27,6480
3479,安勤,15,1,14,福邦證券,2023-03-27,6480
4306,炎洲,18,5,13,福邦證券,2023-03-27,6480
1504,東元,16,6,10,福邦證券,2023-03-27,6480
2399,映泰,10,0,10,福邦證券,2023-03-27,6480
2609,陽明,11,1,10,福邦證券,2023-03-27,6480
4113,聯上,10,0,10,福邦證券,2023-03-27,6480
4967,十銓,10,0,10,福邦證券,2023-03-27,6480
8033,雷虎,11,1,10,福邦證券,2023-03-27,6480
2368,金像電,300,5,295,福邦證券,2023-03-28,6480
3005,神基,200,0,200,福邦證券,2023-03-28,6480
2303,聯電,153,0,153,福邦證券,2023-03-28,6480
3037,欣興,150,1,149,福邦證券,2023-03-28,6480
3234,光環,170,60,110,福邦證券,2023-03-28,6480
1216,統一,100,0,100,福邦證券,2023-03-28,6480
1760,寶齡富錦,100,0,100,福邦證券,2023-03-28,6480
6202,盛群,100,0,100,福邦證券,2023-03-28,6480
5876,上海商銀,92,0,92,福邦證券,2023-03-28,6480
8255,朋程,180,88,92,福邦證券,2023-03-28,6480
8046,南電,80,3,77,福邦證券,2023-03-28,6480
1519,華城,77,2,75,福邦證券,2023-03-28,6480
5483,中美晶,67,0,67,福邦證券,2023-03-28,6480
6203,海韻電,66,0,66,福邦證券,2023-03-28,6480
2404,漢唐,50,0,50,福邦證券,2023-03-28,6480
3289,宜特,46,0,46,福邦證券,2023-03-28,6480
2732,六角,46,1,45,福邦證券,2023-03-28,6480
3596,智易,44,1,43,福邦證券,2023-03-28,6480
3017,奇鋐,40,0,40,福邦證券,2023-03-28,6480
2231,為升,67,32,35,福邦證券,2023-03-28,6480
2753,八方雲集,33,0,33,福邦證券,2023-03-28,6480
8215,明基材,44,12,32,福邦證券,2023-03-28,6480
2890,永豐金,30,0,30,福邦證券,2023-03-28,6480
3224,三顧,30,0,30,福邦證券,2023-03-28,6480
00720B,元大投資級公司債,26,0,26,福邦證券,2023-03-28,6480
3045,台灣大,26,0,26,福邦證券,2023-03-28,6480
4503,金雨,25,0,25,福邦證券,2023-03-28,6480
6026,福邦證,473,450,23,福邦證券,2023-03-28,6480
3532,台勝科,21,0,21,福邦證券,2023-03-28,6480
4919,新唐,21,0,21,福邦證券,2023-03-28,6480
5439,高技,21,0,21,福邦證券,2023-03-28,6480
4142,國光生,20,0,20,福邦證券,2023-03-28,6480
5490,同亨,20,0,20,福邦證券,2023-03-28,6480
6188,廣明,40,20,20,福邦證券,2023-03-28,6480
6285,啟��,20,0,20,福邦證券,2023-03-28,6480
6235,華孚,21,2,19,福邦證券,2023-03-28,6480
6679,鈺太,17,0,17,福邦證券,2023-03-28,6480
3479,安勤,18,3,15,福邦證券,2023-03-28,6480
4908,前鼎,15,0,15,福邦證券,2023-03-28,6480
6770,力積電,14,0,14,福邦證券,2023-03-28,6480
1605,華新,19,6,13,福邦證券,2023-03-28,6480
4977,眾達-KY,12,0,12,福邦證券,2023-03-28,6480
2239,英利-KY,10,0,10,福邦證券,2023-03-28,6480
2610,華航,20,10,10,福邦證券,2023-03-28,6480
3444,利機,10,0,10,福邦證券,2023-03-28,6480
4763,材料-KY,11,1,10,福邦證券,2023-03-28,6480
4976,佳凌,10,0,10,福邦證券,2023-03-28,6480
5225,東科-KY,10,0,10,福邦證券,2023-03-28,6480
3576,聯合再生,9,0,9,福邦證券,2023-03-28,6480
3701,大眾控,9,0,9,福邦證券,2023-03-28,6480
2303,聯電,1402,80,1322,福邦證券,2023-03-29,6480
2408,南亞科,440,6,434,福邦證券,2023-03-29,6480
2371,大同,375,95,280,福邦證券,2023-03-29,6480
3025,星通,200,25,175,福邦證券,2023-03-29,6480
3234,光環,165,0,165,福邦證券,2023-03-29,6480
1519,華城,130,0,130,福邦證券,2023-03-29,6480
6202,盛群,118,0,118,福邦證券,2023-03-29,6480
2455,全新,105,5,100,福邦證券,2023-03-29,6480
3081,聯亞,100,0,100,福邦證券,2023-03-29,6480
00632R,元大台灣50反1,100,5,95,福邦證券,2023-03-29,6480
5309,系統電,92,1,91,福邦證券,2023-03-29,6480
2313,華通,95,8,87,福邦證券,2023-03-29,6480
1477,聚陽,70,0,70,福邦證券,2023-03-29,6480
6235,華孚,88,20,68,福邦證券,2023-03-29,6480
3221,台嘉碩,64,0,64,福邦證券,2023-03-29,6480
6517,保勝光學,55,0,55,福邦證券,2023-03-29,6480
2889,國票金,50,0,50,福邦證券,2023-03-29,6480
6203,海韻電,41,0,41,福邦證券,2023-03-29,6480
3711,日月光投控,50,17,33,福邦證券,2023-03-29,6480
2472,立隆電,32,0,32,福邦證券,2023-03-29,6480
2030,彰源,30,0,30,福邦證券,2023-03-29,6480
6156,松上,23,0,23,福邦證券,2023-03-29,6480
6244,茂迪,25,2,23,福邦證券,2023-03-29,6480
2481,強茂,21,0,21,福邦證券,2023-03-29,6480
3479,安勤,20,0,20,福邦證券,2023-03-29,6480
6841,長佳智能,20,0,20,福邦證券,2023-03-29,6480
8215,明基材,30,12,18,福邦證券,2023-03-29,6480
1586,和勤,17,0,17,福邦證券,2023-03-29,6480
2609,陽明,19,3,16,福邦證券,2023-03-29,6480
6576,逸達,15,0,15,福邦證券,2023-03-29,6480
00720B,元大投資級公司債,14,0,14,福邦證券,2023-03-29,6480
00642U,期元大S＆P石油,10,0,10,福邦證券,2023-03-29,6480
00635U,期元大S＆P黃金,10,0,10,福邦證券,2023-03-29,6480
00904,新光臺灣半導體30,10,0,10,福邦證券,2023-03-29,6480
00895,富邦未來車,10,0,10,福邦證券,2023-03-29,6480
00738U,期元大道瓊白銀,10,0,10,福邦證券,2023-03-29,6480
2816,旺旺保,10,0,10,福邦證券,2023-03-29,6480
3532,台勝科,10,0,10,福邦證券,2023-03-29,6480
4950,牧東,10,0,10,福邦證券,2023-03-29,6480
6142,友勁,10,0,10,福邦證券,2023-03-29,6480
2753,八方雲集,9,0,9,福邦證券,2023-03-29,6480
5258,虹堡,9,0,9,福邦證券,2023-03-29,6480
2351,順德,8,0,8,福邦證券,2023-03-29,6480
2867,三商壽,8,0,8,福邦證券,2023-03-29,6480
6026,福邦證,7,0,7,福邦證券,2023-03-29,6480
6593,台灣銘板,7,0,7,福邦證券,2023-03-29,6480
2489,瑞軒,6,0,6,福邦證券,2023-03-29,6480
5351,鈺創,6,0,6,福邦證券,2023-03-29,6480
6679,鈺太,6,0,6,福邦證券,2023-03-29,6480
00830,國泰費城半導體,5,0,5,福邦證券,2023-03-29,6480
2006,東和鋼鐵,1005,0,1005,福邦證券,2023-03-30,6480
4440,宜新實業,110,0,110,福邦證券,2023-03-30,6480
3003,健和興,101,0,101,福邦證券,2023-03-30,6480
3088,艾訊,136,36,100,福邦證券,2023-03-30,6480
5381,合正,95,0,95,福邦證券,2023-03-30,6480
2453,凌群,105,11,94,福邦證券,2023-03-30,6480
3234,光環,90,0,90,福邦證券,2023-03-30,6480
1101,台泥,60,0,60,福邦證券,2023-03-30,6480
2317,鴻海,50,0,50,福邦證券,2023-03-30,6480
2535,達欣工,50,0,50,福邦證券,2023-03-30,6480
1589,永冠-KY,41,0,41,福邦證券,2023-03-30,6480
2618,長榮航,40,0,40,福邦證券,2023-03-30,6480
6841,長佳智能,34,0,34,福邦證券,2023-03-30,6480
2883,凱基金,30,0,30,福邦證券,2023-03-30,6480
3652,精聯,30,0,30,福邦證券,2023-03-30,6480
4755,三福化,30,0,30,福邦證券,2023-03-30,6480
2030,彰源,29,0,29,福邦證券,2023-03-30,6480
3443,創意,34,7,27,福邦證券,2023-03-30,6480
00715L,期街口布蘭特正2,25,0,25,福邦證券,2023-03-30,6480
4977,眾達-KY,26,5,21,福邦證券,2023-03-30,6480
1760,寶齡富錦,20,1,19,福邦證券,2023-03-30,6480
6026,福邦證,25,8,17,福邦證券,2023-03-30,6480
3260,威剛,15,0,15,福邦證券,2023-03-30,6480
3362,先進光,24,9,15,福邦證券,2023-03-30,6480
00679B,元大美債20年,14,0,14,福邦證券,2023-03-30,6480
2867,三商壽,12,0,12,福邦證券,2023-03-30,6480
0050,元大台灣50,13,2,11,福邦證券,2023-03-30,6480
3479,安勤,11,0,11,福邦證券,2023-03-30,6480
3664,安瑞-KY,11,0,11,福邦證券,2023-03-30,6480
6593,台灣銘板,11,0,11,福邦證券,2023-03-30,6480
1268,漢來美食,10,0,10,福邦證券,2023-03-30,6480
2331,精英,10,0,10,福邦證券,2023-03-30,6480
2633,台灣高鐵,10,2,8,福邦證券,2023-03-30,6480
4583,台灣精銳,8,0,8,福邦證券,2023-03-30,6480
8086,宏捷科,10,3,7,福邦證券,2023-03-30,6480
2328,廣宇,6,0,6,福邦證券,2023-03-30,6480
6205,詮欣,6,0,6,福邦證券,2023-03-30,6480
2481,強茂,5,0,5,福邦證券,2023-03-30,6480
3006,晶豪科,6,1,5,福邦證券,2023-03-30,6480
4976,佳凌,5,0,5,福邦證券,2023-03-30,6480
8462,柏文,12,7,5,福邦證券,2023-03-30,6480
3532,台勝科,6,1,5,福邦證券,2023-03-30,6480
2342,茂矽,10,6,4,福邦證券,2023-03-30,6480
2609,陽明,5,1,4,福邦證券,2023-03-30,6480
2891,中信金,5,1,4,福邦證券,2023-03-30,6480
6788,華景電,4,0,4,福邦證券,2023-03-30,6480
9944,新麗,4,0,4,福邦證券,2023-03-30,6480
1762,中化生,4,1,3,福邦證券,2023-03-30,6480
1467,南緯,3,0,3,福邦證券,2023-03-30,6480
3419,譁裕,4,1,3,福邦證券,2023-03-30,6480
3481,群創,275,0,275,福邦證券,2023-03-31,6480
6235,華孚,300,88,212,福邦證券,2023-03-31,6480
2748,雲品,200,0,200,福邦證券,2023-03-31,6480
3035,智原,159,0,159,福邦證券,2023-03-31,6480
2376,技嘉,128,0,128,福邦證券,2023-03-31,6480
3234,光環,121,0,121,福邦證券,2023-03-31,6480
5388,中磊,110,0,110,福邦證券,2023-03-31,6480
3324,雙鴻,107,2,105,福邦證券,2023-03-31,6480
3664,安瑞-KY,89,0,89,福邦證券,2023-03-31,6480
6203,海韻電,82,0,82,福邦證券,2023-03-31,6480
1101,台泥,71,0,71,福邦證券,2023-03-31,6480
9938,百和,67,0,67,福邦證券,2023-03-31,6480
6841,長佳智能,66,0,66,福邦證券,2023-03-31,6480
2030,彰源,56,0,56,福邦證券,2023-03-31,6480
2371,大同,40,0,40,福邦證券,2023-03-31,6480
8070,長華*,150,110,40,福邦證券,2023-03-31,6480
1760,寶齡富錦,40,8,32,福邦證券,2023-03-31,6480
00632R,元大台灣50反1,30,0,30,福邦證券,2023-03-31,6480
2006,東和鋼鐵,28,0,28,福邦證券,2023-03-31,6480
2867,三商壽,28,0,28,福邦證券,2023-03-31,6480
2337,旺宏,21,0,21,福邦證券,2023-03-31,6480
3025,星通,21,0,21,福邦證券,2023-03-31,6480
2231,為升,21,1,20,福邦證券,2023-03-31,6480
1609,大亞,20,0,20,福邦證券,2023-03-31,6480
5355,佳總,20,0,20,福邦證券,2023-03-31,6480
5465,富驊,20,0,20,福邦證券,2023-03-31,6480
6412,群電,20,0,20,福邦證券,2023-03-31,6480
4977,眾達-KY,18,0,18,福邦證券,2023-03-31,6480
5289,宜鼎,16,0,16,福邦證券,2023-03-31,6480
00882,中信中國高股息,15,0,15,福邦證券,2023-03-31,6480
2486,一詮,15,0,15,福邦證券,2023-03-31,6480
1742,台蠟,14,0,14,福邦證券,2023-03-31,6480
1467,南緯,13,0,13,福邦證券,2023-03-31,6480
2489,瑞軒,13,0,13,福邦證券,2023-03-31,6480
3362,先進光,13,0,13,福邦證券,2023-03-31,6480
8097,常珵,13,0,13,福邦證券,2023-03-31,6480
2722,夏都,11,0,11,福邦證券,2023-03-31,6480
8046,南電,11,0,11,福邦證券,2023-03-31,6480
3447,展達,10,0,10,福邦證券,2023-03-31,6480
3652,精聯,10,0,10,福邦證券,2023-03-31,6480
3661,世芯-KY,10,0,10,福邦證券,2023-03-31,6480
8050,廣積,10,0,10,福邦證券,2023-03-31,6480
8069,元太,10,0,10,福邦證券,2023-03-31,6480
1614,三洋電,8,0,8,福邦證券,2023-03-31,6480
3038,全台,14,6,8,福邦證券,2023-03-31,6480
3231,緯創,8,0,8,福邦證券,2023-03-31,6480
8088,品安,8,0,8,福邦證券,2023-03-31,6480
3162,精確,47,40,7,福邦證券,2023-03-31,6480
5284,jpp-KY,7,0,7,福邦證券,2023-03-31,6480
6712,長聖,7,0,7,福邦證券,2023-03-31,6480
2409,友達,2100,1,2099,福邦證券,2023-04-06,6480
3025,星通,570,0,570,福邦證券,2023-04-06,6480
5876,上海商銀,500,0,500,福邦證券,2023-04-06,6480
2303,聯電,500,1,499,福邦證券,2023-04-06,6480
6235,華孚,212,2,210,福邦證券,2023-04-06,6480
1102,亞泥,207,0,207,福邦證券,2023-04-06,6480
2231,為升,155,0,155,福邦證券,2023-04-06,6480
2890,永豐金,155,0,155,福邦證券,2023-04-06,6480
2892,第一金,150,0,150,福邦證券,2023-04-06,6480
6643,M31,128,0,128,福邦證券,2023-04-06,6480
00881,國泰台灣5G+,120,0,120,福邦證券,2023-04-06,6480
00891,中信關鍵半導體,120,0,120,福邦證券,2023-04-06,6480
0056,元大高股息,100,0,100,福邦證券,2023-04-06,6480
00878,國泰永續高股息,100,0,100,福邦證券,2023-04-06,6480
3664,安瑞-KY,100,0,100,福邦證券,2023-04-06,6480
8255,朋程,96,0,96,福邦證券,2023-04-06,6480
3234,光環,93,0,93,福邦證券,2023-04-06,6480
2408,南亞科,90,0,90,福邦證券,2023-04-06,6480
3491,昇達科,80,0,80,福邦證券,2023-04-06,6480
5483,中美晶,76,1,75,福邦證券,2023-04-06,6480
1609,大亞,85,15,70,福邦證券,2023-04-06,6480
00900,富邦特選高股息30,70,0,70,福邦證券,2023-04-06,6480
4583,台灣精銳,62,0,62,福邦證券,2023-04-06,6480
00701,國泰股利精選30,60,0,60,福邦證券,2023-04-06,6480
2371,大同,60,0,60,福邦證券,2023-04-06,6480
6202,盛群,61,1,60,福邦證券,2023-04-06,6480
3202,樺晟,50,2,48,福邦證券,2023-04-06,6480
8046,南電,43,0,43,福邦證券,2023-04-06,6480
8299,群聯,41,0,41,福邦證券,2023-04-06,6480
1795,美時,35,1,34,福邦證券,2023-04-06,6480
2615,萬海,30,0,30,福邦證券,2023-04-06,6480
6139,亞翔,30,0,30,福邦證券,2023-04-06,6480
6121,新普,30,0,30,福邦證券,2023-04-06,6480
6576,逸達,29,1,28,福邦證券,2023-04-06,6480
4979,華星光,26,0,26,福邦證券,2023-04-06,6480
3260,威剛,25,2,23,福邦證券,2023-04-06,6480
9942,茂順,22,0,22,福邦證券,2023-04-06,6480
2867,三商壽,24,5,19,福邦證券,2023-04-06,6480
6799,來頡,16,1,15,福邦證券,2023-04-06,6480
1614,三洋電,13,0,13,福邦證券,2023-04-06,6480
2884,玉山金,12,0,12,福邦證券,2023-04-06,6480
6788,華景電,12,0,12,福邦證券,2023-04-06,6480
1101,台泥,10,0,10,福邦證券,2023-04-06,6480
00692,富邦公司治理,10,0,10,福邦證券,2023-04-06,6480
2206,三陽工業,10,0,10,福邦證券,2023-04-06,6480
3131,弘塑,10,0,10,福邦證券,2023-04-06,6480
3362,先進光,10,0,10,福邦證券,2023-04-06,6480
4916,事欣科,10,0,10,福邦證券,2023-04-06,6480
6517,保勝光學,10,0,10,福邦證券,2023-04-06,6480
00679B,元大美債20年,10,1,9,福邦證券,2023-04-06,6480
2890,永豐金,600,0,600,福邦證券,2023-04-07,6480
9958,世紀鋼,350,0,350,福邦證券,2023-04-07,6480
2338,光罩,163,0,163,福邦證券,2023-04-07,6480
1560,中砂,160,0,160,福邦證券,2023-04-07,6480
3035,智原,158,1,157,福邦證券,2023-04-07,6480
2528,皇普,139,0,139,福邦證券,2023-04-07,6480
2867,三商壽,130,0,130,福邦證券,2023-04-07,6480
6578,達邦蛋白,123,20,103,福邦證券,2023-04-07,6480
4111,濟生,35,0,35,福邦證券,2023-04-07,6480
6279,胡連,31,0,31,福邦證券,2023-04-07,6480
3105,穩懋,30,0,30,福邦證券,2023-04-07,6480
6139,亞翔,30,0,30,福邦證券,2023-04-07,6480
3443,創意,27,3,24,福邦證券,2023-04-07,6480
2030,彰源,20,0,20,福邦證券,2023-04-07,6480
2484,希華,20,0,20,福邦證券,2023-04-07,6480
3260,威剛,20,0,20,福邦證券,2023-04-07,6480
6576,逸達,30,10,20,福邦證券,2023-04-07,6480
3479,安勤,20,1,19,福邦證券,2023-04-07,6480
4147,中裕,32,14,18,福邦證券,2023-04-07,6480
6733,博晟生醫,18,0,18,福邦證券,2023-04-07,6480
1609,大亞,18,1,17,福邦證券,2023-04-07,6480
2607,榮運,17,0,17,福邦證券,2023-04-07,6480
6202,盛群,40,23,17,福邦證券,2023-04-07,6480
1742,台蠟,15,0,15,福邦證券,2023-04-07,6480
1809,中釉,15,0,15,福邦證券,2023-04-07,6480
3202,樺晟,17,2,15,福邦證券,2023-04-07,6480
6235,華孚,16,1,15,福邦證券,2023-04-07,6480
6799,來頡,15,0,15,福邦證券,2023-04-07,6480
3362,先進光,24,10,14,福邦證券,2023-04-07,6480
1614,三洋電,13,0,13,福邦證券,2023-04-07,6480
2891,中信金,11,0,11,福邦證券,2023-04-07,6480
2017,官田鋼,10,0,10,福邦證券,2023-04-07,6480
5388,中磊,10,0,10,福邦證券,2023-04-07,6480
6477,安集,10,0,10,福邦證券,2023-04-07,6480
2345,智邦,9,0,9,福邦證券,2023-04-07,6480
2722,夏都,9,0,9,福邦證券,2023-04-07,6480
2330,台積電,9,1,8,福邦證券,2023-04-07,6480
1586,和勤,51,43,8,福邦證券,2023-04-07,6480
5289,宜鼎,8,0,8,福邦證券,2023-04-07,6480
1268,漢來美食,6,0,6,福邦證券,2023-04-07,6480
2482,連宇,6,0,6,福邦證券,2023-04-07,6480
8933,愛地雅,8,2,6,福邦證券,2023-04-07,6480
2059,川湖,5,0,5,福邦證券,2023-04-07,6480
00878,國泰永續高股息,5,0,5,福邦證券,2023-04-07,6480
00830,國泰費城半導體,5,0,5,福邦證券,2023-04-07,6480
3003,健和興,5,0,5,福邦證券,2023-04-07,6480
3701,大眾控,5,0,5,福邦證券,2023-04-07,6480
4128,中天,5,0,5,福邦證券,2023-04-07,6480
5309,系統電,5,0,5,福邦證券,2023-04-07,6480
5469,瀚宇博,5,0,5,福邦證券,2023-04-07,6480
2002,中鋼,300,10,290,福邦證券,2023-04-10,6480
2634,漢翔,220,3,217,福邦證券,2023-04-10,6480
1513,中興電,161,14,147,福邦證券,2023-04-10,6480
6443,元晶,102,0,102,福邦證券,2023-04-10,6480
8261,富鼎,100,2,98,福邦證券,2023-04-10,6480
3035,智原,90,0,90,福邦證券,2023-04-10,6480
6203,海韻電,90,0,90,福邦證券,2023-04-10,6480
2345,智邦,88,4,84,福邦證券,2023-04-10,6480
4583,台灣精銳,48,0,48,福邦證券,2023-04-10,6480
6477,安集,52,4,48,福邦證券,2023-04-10,6480
1101,台泥,41,0,41,福邦證券,2023-04-10,6480
6248,沛波,40,0,40,福邦證券,2023-04-10,6480
6279,胡連,38,0,38,福邦證券,2023-04-10,6480
6142,友勁,30,0,30,福邦證券,2023-04-10,6480
2597,潤弘,24,0,24,福邦證券,2023-04-10,6480
3631,晟楠,18,0,18,福邦證券,2023-04-10,6480
6733,博晟生醫,18,0,18,福邦證券,2023-04-10,6480
4128,中天,14,0,14,福邦證券,2023-04-10,6480
6209,今國光,15,1,14,福邦證券,2023-04-10,6480
6703,軒郁,14,0,14,福邦證券,2023-04-10,6480
3105,穩懋,20,7,13,福邦證券,2023-04-10,6480
3707,漢磊,13,0,13,福邦證券,2023-04-10,6480
4743,合一,13,0,13,福邦證券,2023-04-10,6480
2816,旺旺保,12,0,12,福邦證券,2023-04-10,6480
6202,盛群,12,0,12,福邦證券,2023-04-10,6480
2330,台積電,11,0,11,福邦證券,2023-04-10,6480
2239,英利-KY,10,0,10,福邦證券,2023-04-10,6480
3447,展達,10,0,10,福邦證券,2023-04-10,6480
3479,安勤,20,10,10,福邦證券,2023-04-10,6480
3712,永崴投控,10,0,10,福邦證券,2023-04-10,6480
5483,中美晶,10,0,10,福邦證券,2023-04-10,6480
6185,幃翔,10,0,10,福邦證券,2023-04-10,6480
6669,緯穎,10,0,10,福邦證券,2023-04-10,6480
2722,夏都,8,0,8,福邦證券,2023-04-10,6480
4908,前鼎,8,0,8,福邦證券,2023-04-10,6480
2313,華通,10,3,7,福邦證券,2023-04-10,6480
4114,健喬,7,0,7,福邦證券,2023-04-10,6480
5284,jpp-KY,9,2,7,福邦證券,2023-04-10,6480
2471,資通,6,0,6,福邦證券,2023-04-10,6480
2891,中信金,7,1,6,福邦證券,2023-04-10,6480
3162,精確,6,0,6,福邦證券,2023-04-10,6480
3419,譁裕,6,0,6,福邦證券,2023-04-10,6480
6026,福邦證,15,9,6,福邦證券,2023-04-10,6480
2017,官田鋼,5,0,5,福邦證券,2023-04-10,6480
2704,國賓,5,0,5,福邦證券,2023-04-10,6480
3138,耀登,5,0,5,福邦證券,2023-04-10,6480
3224,三顧,5,0,5,福邦證券,2023-04-10,6480
4763,材料-KY,5,0,5,福邦證券,2023-04-10,6480
6235,華孚,11,6,5,福邦證券,2023-04-10,6480
6274,台燿,5,0,5,福邦證券,2023-04-10,6480
2515,中工,1700,0,1700,福邦證券,2023-04-11,6480
4960,誠美材,1100,0,1100,福邦證券,2023-04-11,6480
2409,友達,500,0,500,福邦證券,2023-04-11,6480
8086,宏捷科,400,50,350,福邦證券,2023-04-11,6480
2890,永豐金,181,0,181,福邦證券,2023-04-11,6480
2455,全新,158,0,158,福邦證券,2023-04-11,6480
3491,昇達科,131,1,130,福邦證券,2023-04-11,6480
3038,全台,147,28,119,福邦證券,2023-04-11,6480
2634,漢翔,115,0,115,福邦證券,2023-04-11,6480
1301,台塑,100,0,100,福邦證券,2023-04-11,6480
2002,中鋼,100,0,100,福邦證券,2023-04-11,6480
3260,威剛,85,5,80,福邦證券,2023-04-11,6480
1101,台泥,68,5,63,福邦證券,2023-04-11,6480
4147,中裕,63,6,57,福邦證券,2023-04-11,6480
2317,鴻海,50,0,50,福邦證券,2023-04-11,6480
2412,中華電,50,0,50,福邦證券,2023-04-11,6480
3141,晶宏,40,0,40,福邦證券,2023-04-11,6480
6477,安集,42,4,38,福邦證券,2023-04-11,6480
00893,國泰智能電動車,31,0,31,福邦證券,2023-04-11,6480
6126,信音,30,0,30,福邦證券,2023-04-11,6480
4536,拓凱,29,1,28,福邦證券,2023-04-11,6480
6208,日揚,28,0,28,福邦證券,2023-04-11,6480
6873,泓德能源,28,0,28,福邦證券,2023-04-11,6480
3707,漢磊,22,0,22,福邦證券,2023-04-11,6480
2413,環科,21,0,21,福邦證券,2023-04-11,6480
5347,世界,20,0,20,福邦證券,2023-04-11,6480
2607,榮運,18,0,18,福邦證券,2023-04-11,6480
8936,國統,18,0,18,福邦證券,2023-04-11,6480
6235,華孚,149,133,16,福邦證券,2023-04-11,6480
5469,瀚宇博,13,0,13,福邦證券,2023-04-11,6480
1742,台蠟,11,0,11,福邦證券,2023-04-11,6480
4503,金雨,11,0,11,福邦證券,2023-04-11,6480
00692,富邦公司治理,10,0,10,福邦證券,2023-04-11,6480
00679B,元大美債20年,10,0,10,福邦證券,2023-04-11,6480
1609,大亞,11,1,10,福邦證券,2023-04-11,6480
2528,皇普,10,0,10,福邦證券,2023-04-11,6480
4510,高鋒,10,0,10,福邦證券,2023-04-11,6480
4564,元翎,12,2,10,福邦證券,2023-04-11,6480
6239,力成,10,0,10,福邦證券,2023-04-11,6480
6669,緯穎,11,1,10,福邦證券,2023-04-11,6480
8215,明基材,20,10,10,福邦證券,2023-04-11,6480
5905,南仁湖,9,0,9,福邦證券,2023-04-11,6480
1709,和益,8,0,8,福邦證券,2023-04-11,6480
3631,晟楠,8,0,8,福邦證券,2023-04-11,6480
8011,台通,8,0,8,福邦證券,2023-04-11,6480
8171,天宇,8,0,8,福邦證券,2023-04-11,6480
9921,巨大,8,0,8,福邦證券,2023-04-11,6480
6244,茂迪,7,0,7,福邦證券,2023-04-11,6480
9914,美利達,7,0,7,福邦證券,2023-04-11,6480
00772B,中信高評級公司債,6,0,6,福邦證券,2023-04-11,6480
4960,誠美材,799,0,799,福邦證券,2023-04-12,6480
2492,華新科,200,10,190,福邦證券,2023-04-12,6480
1305,華夏,160,0,160,福邦證券,2023-04-12,6480
3363,上詮,160,2,158,福邦證券,2023-04-12,6480
3324,雙鴻,129,40,89,福邦證券,2023-04-12,6480
6274,台燿,72,0,72,福邦證券,2023-04-12,6480
2888,新光金,60,0,60,福邦證券,2023-04-12,6480
2883,凱基金,53,1,52,福邦證券,2023-04-12,6480
2317,鴻海,50,0,50,福邦證券,2023-04-12,6480
3202,樺晟,50,0,50,福邦證券,2023-04-12,6480
6148,驊宏資,50,0,50,福邦證券,2023-04-12,6480
8261,富鼎,50,0,50,福邦證券,2023-04-12,6480
9919,康那香,50,0,50,福邦證券,2023-04-12,6480
6576,逸達,45,0,45,福邦證券,2023-04-12,6480
2515,中工,56,20,36,福邦證券,2023-04-12,6480
6669,緯穎,34,0,34,福邦證券,2023-04-12,6480
1773,勝一,30,0,30,福邦證券,2023-04-12,6480
1760,寶齡富錦,26,0,26,福邦證券,2023-04-12,6480
4958,臻鼎-KY,26,0,26,福邦證券,2023-04-12,6480
8426,紅木-KY,25,0,25,福邦證券,2023-04-12,6480
8926,台汽電,27,2,25,福邦證券,2023-04-12,6480
1702,南僑,24,0,24,福邦證券,2023-04-12,6480
6170,統振,23,0,23,福邦證券,2023-04-12,6480
8936,國統,20,0,20,福邦證券,2023-04-12,6480
4763,材料-KY,29,11,18,福邦證券,2023-04-12,6480
4977,眾達-KY,20,2,18,福邦證券,2023-04-12,6480
2233,宇隆,16,0,16,福邦證券,2023-04-12,6480
1268,漢來美食,15,0,15,福邦證券,2023-04-12,6480
2607,榮運,15,0,15,福邦證券,2023-04-12,6480
3105,穩懋,15,0,15,福邦證券,2023-04-12,6480
6679,鈺太,13,0,13,福邦證券,2023-04-12,6480
1717,長興,10,0,10,福邦證券,2023-04-12,6480
00712,復華富時不動產,10,0,10,福邦證券,2023-04-12,6480
2030,彰源,10,0,10,福邦證券,2023-04-12,6480
2704,國賓,10,0,10,福邦證券,2023-04-12,6480
2890,永豐金,10,0,10,福邦證券,2023-04-12,6480
3141,晶宏,10,0,10,福邦證券,2023-04-12,6480
3224,三顧,10,0,10,福邦證券,2023-04-12,6480
6122,擎邦,10,0,10,福邦證券,2023-04-12,6480
1467,南緯,9,0,9,福邦證券,2023-04-12,6480
2722,夏都,9,0,9,福邦證券,2023-04-12,6480
2891,中信金,10,1,9,福邦證券,2023-04-12,6480
6288,聯嘉,9,0,9,福邦證券,2023-04-12,6480
4916,事欣科,8,0,8,福邦證券,2023-04-12,6480
3027,盛達,20,12,8,福邦證券,2023-04-12,6480
2497,怡利電,7,0,7,福邦證券,2023-04-12,6480
3465,進泰電子,7,0,7,福邦證券,2023-04-12,6480
1609,大亞,13,6,7,福邦證券,2023-04-12,6480
2017,官田鋼,6,0,6,福邦證券,2023-04-12,6480
2748,雲品,6,0,6,福邦證券,2023-04-12,6480
00632R,元大台灣50反1,4396,0,4396,福邦證券,2023-04-13,6480
4960,誠美材,500,0,500,福邦證券,2023-04-13,6480
2515,中工,518,30,488,福邦證券,2023-04-13,6480
1513,中興電,286,50,236,福邦證券,2023-04-13,6480
2457,飛宏,208,5,203,福邦證券,2023-04-13,6480
2892,第一金,200,2,198,福邦證券,2023-04-13,6480
1605,華新,112,10,102,福邦證券,2023-04-13,6480
2382,廣達,101,0,101,福邦證券,2023-04-13,6480
1216,統一,100,0,100,福邦證券,2023-04-13,6480
2630,亞航,90,0,90,福邦證券,2023-04-13,6480
3324,雙鴻,70,0,70,福邦證券,2023-04-13,6480
6202,盛群,60,0,60,福邦證券,2023-04-13,6480
00692,富邦公司治理,50,0,50,福邦證券,2023-04-13,6480
1312,國喬,50,0,50,福邦證券,2023-04-13,6480
3702,大聯大,60,11,49,福邦證券,2023-04-13,6480
5355,佳總,40,0,40,福邦證券,2023-04-13,6480
6446,藥華藥,26,0,26,福邦證券,2023-04-13,6480
3105,穩懋,33,8,25,福邦證券,2023-04-13,6480
4147,中裕,25,0,25,福邦證券,2023-04-13,6480
1609,大亞,24,3,21,福邦證券,2023-04-13,6480
1467,南緯,21,0,21,福邦證券,2023-04-13,6480
00878,國泰永續高股息,21,0,21,福邦證券,2023-04-13,6480
3234,光環,40,20,20,福邦證券,2023-04-13,6480
4958,臻鼎-KY,20,0,20,福邦證券,2023-04-13,6480
8097,常珵,20,0,20,福邦證券,2023-04-13,6480
3036,文曄,20,4,16,福邦證券,2023-04-13,6480
2888,新光金,15,0,15,福邦證券,2023-04-13,6480
0056,元大高股息,13,1,12,福邦證券,2023-04-13,6480
7402,邑錡,12,0,12,福邦證券,2023-04-13,6480
2368,金像電,12,1,11,福邦證券,2023-04-13,6480
2204,中華,30,20,10,福邦證券,2023-04-13,6480
2912,統一超,10,0,10,福邦證券,2023-04-13,6480
3017,奇鋐,10,0,10,福邦證券,2023-04-13,6480
4541,晟田,11,1,10,福邦證券,2023-04-13,6480
6196,帆宣,10,0,10,福邦證券,2023-04-13,6480
6669,緯穎,10,0,10,福邦證券,2023-04-13,6480
8426,紅木-KY,10,0,10,福邦證券,2023-04-13,6480
3362,先進光,9,0,9,福邦證券,2023-04-13,6480
3006,晶豪科,8,1,7,福邦證券,2023-04-13,6480
00680L,元大美債20正2,6,0,6,福邦證券,2023-04-13,6480
00673R,期元大S＆P原油反1,6,0,6,福邦證券,2023-04-13,6480
2891,中信金,7,1,6,福邦證券,2023-04-13,6480
4927,泰鼎-KY,6,0,6,福邦證券,2023-04-13,6480
6129,普誠,6,0,6,福邦證券,2023-04-13,6480
6223,旺矽,6,0,6,福邦證券,2023-04-13,6480
6288,聯嘉,6,0,6,福邦證券,2023-04-13,6480
6732,昇佳電子,8,2,6,福邦證券,2023-04-13,6480
6782,視陽,6,0,6,福邦證券,2023-04-13,6480
8936,國統,6,0,6,福邦證券,2023-04-13,6480
1503,士電,5,0,5,福邦證券,2023-04-13,6480
00632R,元大台灣50反1,832,0,832,福邦證券,2023-04-14,6480
1305,華夏,180,0,180,福邦證券,2023-04-14,6480
6477,安集,172,2,170,福邦證券,2023-04-14,6480
2890,永豐金,115,17,98,福邦證券,2023-04-14,6480
3234,光環,80,0,80,福邦證券,2023-04-14,6480
1513,中興電,89,10,79,福邦證券,2023-04-14,6480
2630,亞航,75,0,75,福邦證券,2023-04-14,6480
2383,台光電,70,1,69,福邦證券,2023-04-14,6480
3708,上緯投控,70,1,69,福邦證券,2023-04-14,6480
1101,台泥,60,2,58,福邦證券,2023-04-14,6480
4503,金雨,51,0,51,福邦證券,2023-04-14,6480
1216,統一,50,0,50,福邦證券,2023-04-14,6480
6691,洋基工程,50,0,50,福邦證券,2023-04-14,6480
2344,華邦電,83,40,43,福邦證券,2023-04-14,6480
3221,台嘉碩,40,0,40,福邦證券,2023-04-14,6480
6202,盛群,40,0,40,福邦證券,2023-04-14,6480
1773,勝一,36,0,36,福邦證券,2023-04-14,6480
3362,先進光,36,0,36,福邦證券,2023-04-14,6480
2547,日勝生,30,0,30,福邦證券,2023-04-14,6480
4755,三福化,27,0,27,福邦證券,2023-04-14,6480
6706,惠特,25,0,25,福邦證券,2023-04-14,6480
6170,統振,24,0,24,福邦證券,2023-04-14,6480
00679B,元大美債20年,22,0,22,福邦證券,2023-04-14,6480
2357,華碩,20,0,20,福邦證券,2023-04-14,6480
2615,萬海,80,60,20,福邦證券,2023-04-14,6480
5351,鈺創,20,0,20,福邦證券,2023-04-14,6480
2206,三陽工業,19,0,19,福邦證券,2023-04-14,6480
4306,炎洲,18,0,18,福邦證券,2023-04-14,6480
2603,長榮,20,2,18,福邦證券,2023-04-14,6480
2892,第一金,16,0,16,福邦證券,2023-04-14,6480
8426,紅木-KY,15,0,15,福邦證券,2023-04-14,6480
5871,中租-KY,14,1,13,福邦證券,2023-04-14,6480
4763,材料-KY,14,2,12,福邦證券,2023-04-14,6480
6873,泓德能源,12,0,12,福邦證券,2023-04-14,6480
5355,佳總,10,0,10,福邦證券,2023-04-14,6480
9802,鈺齊-KY,10,0,10,福邦證券,2023-04-14,6480
1614,三洋電,9,0,9,福邦證券,2023-04-14,6480
2017,官田鋼,9,0,9,福邦證券,2023-04-14,6480
6443,元晶,10,1,9,福邦證券,2023-04-14,6480
6733,博晟生醫,10,1,9,福邦證券,2023-04-14,6480
6438,迅得,8,0,8,福邦證券,2023-04-14,6480
1467,南緯,6,0,6,福邦證券,2023-04-14,6480
2066,世德,7,1,6,福邦證券,2023-04-14,6480
4128,中天,14,8,6,福邦證券,2023-04-14,6480
6205,詮欣,6,0,6,福邦證券,2023-04-14,6480
6669,緯穎,6,0,6,福邦證券,2023-04-14,6480
8086,宏捷科,6,0,6,福邦證券,2023-04-14,6480
00772B,中信高評級公司債,5,0,5,福邦證券,2023-04-14,6480
00720B,元大投資級公司債,5,0,5,福邦證券,2023-04-14,6480
00635U,期元大S＆P黃金,5,0,5,福邦證券,2023-04-14,6480
2515,中工,612,58,554,福邦證券,2023-04-17,6480
3217,優群,200,0,200,福邦證券,2023-04-17,6480
6285,啟��,160,0,160,福邦證券,2023-04-17,6480
2368,金像電,124,3,121,福邦證券,2023-04-17,6480
4755,三福化,102,0,102,福邦證券,2023-04-17,6480
5410,國眾,100,0,100,福邦證券,2023-04-17,6480
6691,洋基工程,100,0,100,福邦證券,2023-04-17,6480
6733,博晟生醫,81,0,81,福邦證券,2023-04-17,6480
1101,台泥,105,30,75,福邦證券,2023-04-17,6480
3363,上詮,80,10,70,福邦證券,2023-04-17,6480
2308,台達電,60,0,60,福邦證券,2023-04-17,6480
1312,國喬,50,0,50,福邦證券,2023-04-17,6480
8097,常珵,50,0,50,福邦證券,2023-04-17,6480
1584,精剛,50,4,46,福邦證券,2023-04-17,6480
3712,永崴投控,49,3,46,福邦證券,2023-04-17,6480
2618,長榮航,46,1,45,福邦證券,2023-04-17,6480
8038,長園科,42,0,42,福邦證券,2023-04-17,6480
6477,安集,44,4,40,福邦證券,2023-04-17,6480
9938,百和,38,0,38,福邦證券,2023-04-17,6480
3701,大眾控,34,0,34,福邦證券,2023-04-17,6480
2371,大同,26,0,26,福邦證券,2023-04-17,6480
6576,逸達,26,0,26,福邦證券,2023-04-17,6480
1589,永冠-KY,25,0,25,福邦證券,2023-04-17,6480
2630,亞航,35,10,25,福邦證券,2023-04-17,6480
3131,弘塑,25,0,25,福邦證券,2023-04-17,6480
6142,友勁,30,5,25,福邦證券,2023-04-17,6480
5258,虹堡,46,24,22,福邦證券,2023-04-17,6480
4979,華星光,22,1,21,福邦證券,2023-04-17,6480
00679B,元大美債20年,20,0,20,福邦證券,2023-04-17,6480
3017,奇鋐,20,0,20,福邦證券,2023-04-17,6480
3033,威健,20,0,20,福邦證券,2023-04-17,6480
3224,三顧,20,0,20,福邦證券,2023-04-17,6480
3447,展達,20,0,20,福邦證券,2023-04-17,6480
1609,大亞,19,0,19,福邦證券,2023-04-17,6480
1605,華新,19,0,19,福邦證券,2023-04-17,6480
1784,訊聯,20,1,19,福邦證券,2023-04-17,6480
3661,世芯-KY,18,0,18,福邦證券,2023-04-17,6480
2208,台船,24,8,16,福邦證券,2023-04-17,6480
2867,三商壽,15,0,15,福邦證券,2023-04-17,6480
1742,台蠟,14,0,14,福邦證券,2023-04-17,6480
00720B,元大投資級公司債,13,0,13,福邦證券,2023-04-17,6480
2329,華泰,11,0,11,福邦證券,2023-04-17,6480
8926,台汽電,11,0,11,福邦證券,2023-04-17,6480
1618,合機,10,0,10,福邦證券,2023-04-17,6480
1477,聚陽,10,0,10,福邦證券,2023-04-17,6480
2017,官田鋼,10,0,10,福邦證券,2023-04-17,6480
2482,連宇,10,0,10,福邦證券,2023-04-17,6480
2485,兆赫,17,7,10,福邦證券,2023-04-17,6480
2701,萬企,10,0,10,福邦證券,2023-04-17,6480
2886,兆豐金,10,0,10,福邦證券,2023-04-17,6480
2891,中信金,402,0,402,福邦證券,2023-04-18,6480
2892,第一金,200,0,200,福邦證券,2023-04-18,6480
1305,華夏,187,0,187,福邦證券,2023-04-18,6480
2457,飛宏,104,5,99,福邦證券,2023-04-18,6480
3592,瑞鼎,106,7,99,福邦證券,2023-04-18,6480
3704,合勤控,105,6,99,福邦證券,2023-04-18,6480
1605,華新,97,0,97,福邦證券,2023-04-18,6480
2002,中鋼,100,5,95,福邦證券,2023-04-18,6480
1773,勝一,50,0,50,福邦證券,2023-04-18,6480
4566,時碩工業,50,0,50,福邦證券,2023-04-18,6480
5009,榮剛,90,45,45,福邦證券,2023-04-18,6480
3363,上詮,44,1,43,福邦證券,2023-04-18,6480
4127,天良,42,0,42,福邦證券,2023-04-18,6480
6202,盛群,40,0,40,福邦證券,2023-04-18,6480
2377,微星,50,19,31,福邦證券,2023-04-18,6480
2017,官田鋼,25,0,25,福邦證券,2023-04-18,6480
2630,亞航,25,0,25,福邦證券,2023-04-18,6480
2609,陽明,51,29,22,福邦證券,2023-04-18,6480
1586,和勤,22,1,21,福邦證券,2023-04-18,6480
2204,中華,40,20,20,福邦證券,2023-04-18,6480
3105,穩懋,84,64,20,福邦證券,2023-04-18,6480
2201,裕隆,35,16,19,福邦證券,2023-04-18,6480
6274,台燿,18,0,18,福邦證券,2023-04-18,6480
2401,凌陽,15,0,15,福邦證券,2023-04-18,6480
3454,晶睿,15,0,15,福邦證券,2023-04-18,6480
1589,永冠-KY,13,0,13,福邦證券,2023-04-18,6480
3707,漢磊,12,0,12,福邦證券,2023-04-18,6480
1618,合機,10,0,10,福邦證券,2023-04-18,6480
2383,台光電,10,0,10,福邦證券,2023-04-18,6480
2471,資通,13,3,10,福邦證券,2023-04-18,6480
3006,晶豪科,12,2,10,福邦證券,2023-04-18,6480
3138,耀登,16,6,10,福邦證券,2023-04-18,6480
4958,臻鼎-KY,10,0,10,福邦證券,2023-04-18,6480
5258,虹堡,21,11,10,福邦證券,2023-04-18,6480
5452,佶優,20,10,10,福邦證券,2023-04-18,6480
6213,聯茂,10,0,10,福邦證券,2023-04-18,6480
6732,昇佳電子,10,0,10,福邦證券,2023-04-18,6480
6733,博晟生醫,10,0,10,福邦證券,2023-04-18,6480
8059,凱碩,10,0,10,福邦證券,2023-04-18,6480
1522,堤維西,8,0,8,福邦證券,2023-04-18,6480
00680L,元大美債20正2,9,1,8,福邦證券,2023-04-18,6480
3701,大眾控,8,0,8,福邦證券,2023-04-18,6480
6167,久正,8,0,8,福邦證券,2023-04-18,6480
6414,樺漢,8,0,8,福邦證券,2023-04-18,6480
00720B,元大投資級公司債,7,0,7,福邦證券,2023-04-18,6480
6142,友勁,7,0,7,福邦證券,2023-04-18,6480
6576,逸達,7,0,7,福邦證券,2023-04-18,6480
3058,立德,12,5,7,福邦證券,2023-04-18,6480
1709,和益,11,5,6,福邦證券,2023-04-18,6480
00878,國泰永續高股息,6,0,6,福邦證券,2023-04-18,6480
5876,上海商銀,410,0,410,福邦證券,2023-04-19,6480
2455,全新,318,0,318,福邦證券,2023-04-19,6480
3189,景碩,202,7,195,福邦證券,2023-04-19,6480
3491,昇達科,158,1,157,福邦證券,2023-04-19,6480
2890,永豐金,153,3,150,福邦證券,2023-04-19,6480
8039,台虹,100,0,100,福邦證券,2023-04-19,6480
3217,優群,100,6,94,福邦證券,2023-04-19,6480
8046,南電,74,1,73,福邦證券,2023-04-19,6480
6213,聯茂,70,5,65,福邦證券,2023-04-19,6480
00664R,國泰臺灣加權反1,60,0,60,福邦證券,2023-04-19,6480
3324,雙鴻,61,3,58,福邦證券,2023-04-19,6480
6125,廣運,57,3,54,福邦證券,2023-04-19,6480
4958,臻鼎-KY,50,0,50,福邦證券,2023-04-19,6480
5340,建榮,50,0,50,福邦證券,2023-04-19,6480
2912,統一超,30,0,30,福邦證券,2023-04-19,6480
2609,陽明,26,0,26,福邦證券,2023-04-19,6480
2476,鉅祥,25,0,25,福邦證券,2023-04-19,6480
6142,友勁,25,0,25,福邦證券,2023-04-19,6480
2017,官田鋼,20,0,20,福邦證券,2023-04-19,6480
8038,長園科,20,0,20,福邦證券,2023-04-19,6480
2731,雄獅,19,0,19,福邦證券,2023-04-19,6480
5009,榮剛,60,41,19,福邦證券,2023-04-19,6480
1810,和成,33,15,18,福邦證券,2023-04-19,6480
6271,同欣電,16,0,16,福邦證券,2023-04-19,6480
1586,和勤,14,0,14,福邦證券,2023-04-19,6480
1742,台蠟,14,0,14,福邦證券,2023-04-19,6480
8933,愛地雅,14,0,14,福邦證券,2023-04-19,6480
3027,盛達,13,0,13,福邦證券,2023-04-19,6480
5315,光聯,13,1,12,福邦證券,2023-04-19,6480
6509,聚和,12,0,12,福邦證券,2023-04-19,6480
6806,森崴能源,34,23,11,福邦證券,2023-04-19,6480
1701,中化,10,0,10,福邦證券,2023-04-19,6480
2383,台光電,10,0,10,福邦證券,2023-04-19,6480
2454,聯發科,19,9,10,福邦證券,2023-04-19,6480
2883,凱基金,10,0,10,福邦證券,2023-04-19,6480
9944,新麗,10,0,10,福邦證券,2023-04-19,6480
3701,大眾控,8,0,8,福邦證券,2023-04-19,6480
1513,中興電,8,1,7,福邦證券,2023-04-19,6480
3557,嘉威,7,0,7,福邦證券,2023-04-19,6480
8403,盛弘,7,0,7,福邦證券,2023-04-19,6480
2834,臺企銀,6,0,6,福邦證券,2023-04-19,6480
3693,營邦,6,0,6,福邦證券,2023-04-19,6480
8222,寶一,9,3,6,福邦證券,2023-04-19,6480
3162,精確,5,0,5,福邦證券,2023-04-19,6480
00882,中信中國高股息,5,0,5,福邦證券,2023-04-19,6480
00795B,中信美國公債20年,5,0,5,福邦證券,2023-04-19,6480
1817,凱撒衛,5,0,5,福邦證券,2023-04-19,6480
2014,中鴻,5,0,5,福邦證券,2023-04-19,6480
2401,凌陽,5,0,5,福邦證券,2023-04-19,6480
2504,國產,5,0,5,福邦證券,2023-04-19,6480
2890,永豐金,466,0,466,福邦證券,2023-04-20,6480
4147,中裕,251,0,251,福邦證券,2023-04-20,6480
6026,福邦證,143,15,128,福邦證券,2023-04-20,6480
6712,長聖,108,3,105,福邦證券,2023-04-20,6480
2308,台達電,105,6,99,福邦證券,2023-04-20,6480
1101,台泥,100,10,90,福邦證券,2023-04-20,6480
4770,上品,83,0,83,福邦證券,2023-04-20,6480
2002,中鋼,70,0,70,福邦證券,2023-04-20,6480
3036,文曄,70,0,70,福邦證券,2023-04-20,6480
6148,驊宏資,65,0,65,福邦證券,2023-04-20,6480
00664R,國泰臺灣加權反1,60,0,60,福邦證券,2023-04-20,6480
2454,聯發科,70,10,60,福邦證券,2023-04-20,6480
2371,大同,50,0,50,福邦證券,2023-04-20,6480
3234,光環,50,0,50,福邦證券,2023-04-20,6480
5876,上海商銀,50,10,40,福邦證券,2023-04-20,6480
6215,和椿,65,25,40,福邦證券,2023-04-20,6480
1586,和勤,31,0,31,福邦證券,2023-04-20,6480
2353,宏��,30,0,30,福邦證券,2023-04-20,6480
3044,健鼎,30,0,30,福邦證券,2023-04-20,6480
3596,智易,31,1,30,福邦證券,2023-04-20,6480
6213,聯茂,30,0,30,福邦證券,2023-04-20,6480
2352,佳世達,30,1,29,福邦證券,2023-04-20,6480
6274,台燿,30,1,29,福邦證券,2023-04-20,6480
1605,華新,25,0,25,福邦證券,2023-04-20,6480
3011,今皓,25,0,25,福邦證券,2023-04-20,6480
1784,訊聯,30,10,20,福邦證券,2023-04-20,6480
2912,統一超,20,0,20,福邦證券,2023-04-20,6480
3033,威健,20,0,20,福邦證券,2023-04-20,6480
3202,樺晟,20,0,20,福邦證券,2023-04-20,6480
3715,定穎投控,20,0,20,福邦證券,2023-04-20,6480
6414,樺漢,20,0,20,福邦證券,2023-04-20,6480
2515,中工,20,1,19,福邦證券,2023-04-20,6480
3708,上緯投控,18,0,18,福邦證券,2023-04-20,6480
5009,榮剛,17,0,17,福邦證券,2023-04-20,6480
1409,新纖,14,0,14,福邦證券,2023-04-20,6480
1809,中釉,10,0,10,福邦證券,2023-04-20,6480
00715L,期街口布蘭特正2,10,0,10,福邦證券,2023-04-20,6480
2368,金像電,10,0,10,福邦證券,2023-04-20,6480
2888,新光金,20,10,10,福邦證券,2023-04-20,6480
3037,欣興,10,0,10,福邦證券,2023-04-20,6480
3042,晶技,10,0,10,福邦證券,2023-04-20,6480
3224,三顧,15,5,10,福邦證券,2023-04-20,6480
6142,友勁,10,0,10,福邦證券,2023-04-20,6480
6593,台灣銘板,10,0,10,福邦證券,2023-04-20,6480
6752,叡揚,10,0,10,福邦證券,2023-04-20,6480
6799,來頡,10,0,10,福邦證券,2023-04-20,6480
9105,泰金寶-DR,10,0,10,福邦證券,2023-04-20,6480
6282,康舒,50,41,9,福邦證券,2023-04-20,6480
3017,奇鋐,10,2,8,福邦證券,2023-04-20,6480
6285,啟��,8,0,8,福邦證券,2023-04-20,6480
2204,中華,657,5,652,福邦證券,2023-04-21,6480
2890,永豐金,434,1,433,福邦證券,2023-04-21,6480
2455,全新,352,2,350,福邦證券,2023-04-21,6480
3234,光環,240,14,226,福邦證券,2023-04-21,6480
6213,聯茂,89,0,89,福邦證券,2023-04-21,6480
1101,台泥,82,8,74,福邦證券,2023-04-21,6480
0056,元大高股息,65,0,65,福邦證券,2023-04-21,6480
3217,優群,52,0,52,福邦證券,2023-04-21,6480
4915,致伸,50,0,50,福邦證券,2023-04-21,6480
5347,世界,50,0,50,福邦證券,2023-04-21,6480
6799,來頡,51,1,50,福邦證券,2023-04-21,6480
1760,寶齡富錦,52,4,48,福邦證券,2023-04-21,6480
5876,上海商銀,41,0,41,福邦證券,2023-04-21,6480
00632R,元大台灣50反1,60,20,40,福邦證券,2023-04-21,6480
2609,陽明,32,1,31,福邦證券,2023-04-21,6480
6112,邁達特,39,8,31,福邦證券,2023-04-21,6480
6239,力成,31,0,31,福邦證券,2023-04-21,6480
2017,官田鋼,30,0,30,福邦證券,2023-04-21,6480
2385,群光,30,0,30,福邦證券,2023-04-21,6480
2888,新光金,30,0,30,福邦證券,2023-04-21,6480
6282,康舒,26,2,24,福邦證券,2023-04-21,6480
2453,凌群,25,2,23,福邦證券,2023-04-21,6480
1586,和勤,21,0,21,福邦證券,2023-04-21,6480
3202,樺晟,20,0,20,福邦證券,2023-04-21,6480
8927,北基,20,0,20,福邦證券,2023-04-21,6480
6538,倉和,18,0,18,福邦證券,2023-04-21,6480
3708,上緯投控,17,0,17,福邦證券,2023-04-21,6480
2722,夏都,15,0,15,福邦證券,2023-04-21,6480
2634,漢翔,17,3,14,福邦證券,2023-04-21,6480
1584,精剛,12,0,12,福邦證券,2023-04-21,6480
2607,榮運,12,0,12,福邦證券,2023-04-21,6480
1904,正隆,16,5,11,福邦證券,2023-04-21,6480
1301,台塑,10,0,10,福邦證券,2023-04-21,6480
00893,國泰智能電動車,10,0,10,福邦證券,2023-04-21,6480
2482,連宇,10,0,10,福邦證券,2023-04-21,6480
2486,一詮,10,0,10,福邦證券,2023-04-21,6480
2603,長榮,10,0,10,福邦證券,2023-04-21,6480
2889,國票金,10,0,10,福邦證券,2023-04-21,6480
3305,昇貿,10,0,10,福邦證券,2023-04-21,6480
3374,精材,10,0,10,福邦證券,2023-04-21,6480
4109,加捷生醫,10,0,10,福邦證券,2023-04-21,6480
4950,牧東,10,0,10,福邦證券,2023-04-21,6480
6191,精成科,10,0,10,福邦證券,2023-04-21,6480
6733,博晟生醫,10,0,10,福邦證券,2023-04-21,6480
9105,泰金寶-DR,10,0,10,福邦證券,2023-04-21,6480
2328,廣宇,10,1,9,福邦證券,2023-04-21,6480
9910,豐泰,9,0,9,福邦證券,2023-04-21,6480
2313,華通,11,3,8,福邦證券,2023-04-21,6480
4924,欣厚-KY,8,0,8,福邦證券,2023-04-21,6480
2867,三商壽,9,2,7,福邦證券,2023-04-21,6480
00632R,元大台灣50反1,170,0,170,福邦證券,2023-04-24,6480
1605,華新,200,33,167,福邦證券,2023-04-24,6480
2313,華通,38,0,38,福邦證券,2023-04-24,6480
3013,晟銘電,34,2,32,福邦證券,2023-04-24,6480
6806,森崴能源,29,1,28,福邦證券,2023-04-24,6480
3202,樺晟,25,0,25,福邦證券,2023-04-24,6480
2515,中工,20,0,20,福邦證券,2023-04-24,6480
6213,聯茂,17,0,17,福邦證券,2023-04-24,6480
2413,環科,15,0,15,福邦證券,2023-04-24,6480
3708,上緯投控,15,0,15,福邦證券,2023-04-24,6480
5009,榮剛,12,0,12,福邦證券,2023-04-24,6480
2913,農林,116,105,11,福邦證券,2023-04-24,6480
4931,新盛力,11,0,11,福邦證券,2023-04-24,6480
2017,官田鋼,10,0,10,福邦證券,2023-04-24,6480
1786,科妍,10,0,10,福邦證券,2023-04-24,6480
2359,所羅門,10,0,10,福邦證券,2023-04-24,6480
3105,穩懋,10,0,10,福邦證券,2023-04-24,6480
5490,同亨,10,0,10,福邦證券,2023-04-24,6480
6799,來頡,10,0,10,福邦證券,2023-04-24,6480
2634,漢翔,43,34,9,福邦證券,2023-04-24,6480
3712,永崴投控,10,1,9,福邦證券,2023-04-24,6480
1586,和勤,18,10,8,福邦證券,2023-04-24,6480
2368,金像電,10,2,8,福邦證券,2023-04-24,6480
3419,譁裕,8,0,8,福邦證券,2023-04-24,6480
1905,華紙,7,1,6,福邦證券,2023-04-24,6480
1752,南光,7,1,6,福邦證券,2023-04-24,6480
2471,資通,7,1,6,福邦證券,2023-04-24,6480
6781,AES-KY,6,0,6,福邦證券,2023-04-24,6480
00830,國泰費城半導體,5,0,5,福邦證券,2023-04-24,6480
1709,和益,40,35,5,福邦證券,2023-04-24,6480
4114,健喬,5,0,5,福邦證券,2023-04-24,6480
5211,蒙恬,5,0,5,福邦證券,2023-04-24,6480
6120,達運,30,25,5,福邦證券,2023-04-24,6480
8104,錸寶,5,0,5,福邦證券,2023-04-24,6480
8420,明揚,5,0,5,福邦證券,2023-04-24,6480
1714,和桐,4,0,4,福邦證券,2023-04-24,6480
00696B,富邦美債20年,4,0,4,福邦證券,2023-04-24,6480
00891,中信關鍵半導體,4,0,4,福邦證券,2023-04-24,6480
2324,仁寶,4,0,4,福邦證券,2023-04-24,6480
3005,神基,4,0,4,福邦證券,2023-04-24,6480
3558,神準,4,0,4,福邦證券,2023-04-24,6480
4147,中裕,4,0,4,福邦證券,2023-04-24,6480
00902,中信電池及儲能,3,0,3,福邦證券,2023-04-24,6480
1737,臺鹽,3,0,3,福邦證券,2023-04-24,6480
2206,三陽工業,3,0,3,福邦證券,2023-04-24,6480
2388,威盛,3,0,3,福邦證券,2023-04-24,6480
2401,凌陽,3,0,3,福邦證券,2023-04-24,6480
3652,精聯,3,0,3,福邦證券,2023-04-24,6480
4566,時碩工業,30,27,3,福邦證券,2023-04-24,6480
6472,保瑞,3,0,3,福邦證券,2023-04-24,6480
2890,永豐金,1500,12,1488,福邦證券,2023-04-25,6480
2330,台積電,399,1,398,福邦證券,2023-04-25,6480
1605,華新,196,0,196,福邦證券,2023-04-25,6480
00878,國泰永續高股息,176,0,176,福邦證券,2023-04-25,6480
1101,台泥,259,116,143,福邦證券,2023-04-25,6480
00637L,元大滬深300正2,305,170,135,福邦證券,2023-04-25,6480
6026,福邦證,116,7,109,福邦證券,2023-04-25,6480
2017,官田鋼,107,0,107,福邦證券,2023-04-25,6480
2883,凱基金,101,0,101,福邦證券,2023-04-25,6480
3481,群創,100,0,100,福邦證券,2023-04-25,6480
6679,鈺太,81,0,81,福邦證券,2023-04-25,6480
2888,新光金,74,0,74,福邦證券,2023-04-25,6480
8085,福華,70,0,70,福邦證券,2023-04-25,6480
6213,聯茂,61,0,61,福邦證券,2023-04-25,6480
6218,豪勉,62,2,60,福邦證券,2023-04-25,6480
1326,台化,50,0,50,福邦證券,2023-04-25,6480
2454,聯發科,50,0,50,福邦證券,2023-04-25,6480
4960,誠美材,50,0,50,福邦證券,2023-04-25,6480
5876,上海商銀,50,0,50,福邦證券,2023-04-25,6480
0056,元大高股息,50,1,49,福邦證券,2023-04-25,6480
3257,虹冠電,42,0,42,福邦證券,2023-04-25,6480
2049,上銀,41,0,41,福邦證券,2023-04-25,6480
8050,廣積,42,6,36,福邦證券,2023-04-25,6480
2634,漢翔,72,38,34,福邦證券,2023-04-25,6480
3596,智易,30,0,30,福邦證券,2023-04-25,6480
6239,力成,30,0,30,福邦證券,2023-04-25,6480
3260,威剛,28,0,28,福邦證券,2023-04-25,6480
6282,康舒,61,33,28,福邦證券,2023-04-25,6480
6697,東捷資訊,30,2,28,福邦證券,2023-04-25,6480
1586,和勤,26,5,21,福邦證券,2023-04-25,6480
2610,華航,21,0,21,福邦證券,2023-04-25,6480
00701,國泰股利精選30,20,0,20,福邦證券,2023-04-25,6480
3708,上緯投控,20,0,20,福邦證券,2023-04-25,6480
5490,同亨,20,0,20,福邦證券,2023-04-25,6480
9105,泰金寶-DR,20,0,20,福邦證券,2023-04-25,6480
3014,聯陽,19,0,19,福邦證券,2023-04-25,6480
8069,元太,20,2,18,福邦證券,2023-04-25,6480
4306,炎洲,22,7,15,福邦證券,2023-04-25,6480
2607,榮運,14,0,14,福邦證券,2023-04-25,6480
2913,農林,23,10,13,福邦證券,2023-04-25,6480
1710,東聯,12,0,12,福邦證券,2023-04-25,6480
00713,元大台灣高息低波,12,0,12,福邦證券,2023-04-25,6480
2344,華邦電,11,0,11,福邦證券,2023-04-25,6480
8093,保銳,11,0,11,福邦證券,2023-04-25,6480
00753L,中信中國50正2,10,0,10,福邦證券,2023-04-25,6480
1457,宜進,10,0,10,福邦證券,2023-04-25,6480
1513,中興電,10,0,10,福邦證券,2023-04-25,6480
1762,中化生,10,0,10,福邦證券,2023-04-25,6480
1904,正隆,16,6,10,福邦證券,2023-04-25,6480
3289,宜特,10,0,10,福邦證券,2023-04-25,6480
4147,中裕,280,0,280,福邦證券,2023-04-26,6480
1210,大成,234,0,234,福邦證券,2023-04-26,6480
2609,陽明,66,0,66,福邦證券,2023-04-26,6480
00632R,元大台灣50反1,60,0,60,福邦證券,2023-04-26,6480
2618,長榮航,56,0,56,福邦證券,2023-04-26,6480
1301,台塑,50,2,48,福邦證券,2023-04-26,6480
2912,統一超,30,0,30,福邦證券,2023-04-26,6480
4977,眾達-KY,23,1,22,福邦證券,2023-04-26,6480
1589,永冠-KY,25,4,21,福邦證券,2023-04-26,6480
3036,文曄,20,0,20,福邦證券,2023-04-26,6480
4105,東洋,20,0,20,福邦證券,2023-04-26,6480
2351,順德,17,0,17,福邦證券,2023-04-26,6480
1586,和勤,15,0,15,福邦證券,2023-04-26,6480
2515,中工,15,0,15,福邦證券,2023-04-26,6480
2607,榮運,15,0,15,福邦證券,2023-04-26,6480
2886,兆豐金,15,0,15,福邦證券,2023-04-26,6480
2888,新光金,15,0,15,福邦證券,2023-04-26,6480
8050,廣積,15,0,15,福邦證券,2023-04-26,6480
3131,弘塑,14,0,14,福邦證券,2023-04-26,6480
6517,保勝光學,13,0,13,福邦證券,2023-04-26,6480
2610,華航,12,0,12,福邦證券,2023-04-26,6480
00715L,期街口布蘭特正2,21,10,11,福邦證券,2023-04-26,6480
2528,皇普,10,0,10,福邦證券,2023-04-26,6480
3017,奇鋐,10,0,10,福邦證券,2023-04-26,6480
3042,晶技,10,0,10,福邦證券,2023-04-26,6480
3105,穩懋,10,0,10,福邦證券,2023-04-26,6480
3303,岱稜,10,0,10,福邦證券,2023-04-26,6480
4960,誠美材,10,0,10,福邦證券,2023-04-26,6480
6752,叡揚,10,0,10,福邦證券,2023-04-26,6480
3708,上緯投控,10,1,9,福邦證券,2023-04-26,6480
6781,AES-KY,9,0,9,福邦證券,2023-04-26,6480
2308,台達電,24,16,8,福邦證券,2023-04-26,6480
1709,和益,18,10,8,福邦證券,2023-04-26,6480
6806,森崴能源,11,3,8,福邦證券,2023-04-26,6480
2634,漢翔,8,1,7,福邦證券,2023-04-26,6480
2913,農林,7,0,7,福邦證券,2023-04-26,6480
3289,宜特,7,0,7,福邦證券,2023-04-26,6480
1752,南光,6,0,6,福邦證券,2023-04-26,6480
6026,福邦證,36,30,6,福邦證券,2023-04-26,6480
1710,東聯,5,0,5,福邦證券,2023-04-26,6480
00650L,復華香港正2,5,0,5,福邦證券,2023-04-26,6480
2497,怡利電,5,0,5,福邦證券,2023-04-26,6480
2816,旺旺保,5,0,5,福邦證券,2023-04-26,6480
3035,智原,5,0,5,福邦證券,2023-04-26,6480
3162,精確,5,0,5,福邦證券,2023-04-26,6480
3224,三顧,5,0,5,福邦證券,2023-04-26,6480
3711,日月光投控,5,0,5,福邦證券,2023-04-26,6480
6770,力積電,5,0,5,福邦證券,2023-04-26,6480
0050,元大台灣50,4,0,4,福邦證券,2023-04-26,6480
2368,金像電,5,1,4,福邦證券,2023-04-26,6480
5876,上海商銀,309,0,309,福邦證券,2023-04-27,6480
1605,華新,231,0,231,福邦證券,2023-04-27,6480
2489,瑞軒,195,3,192,福邦證券,2023-04-27,6480
1101,台泥,153,6,147,福邦證券,2023-04-27,6480
6143,振曜,60,0,60,福邦證券,2023-04-27,6480
1904,正隆,70,15,55,福邦證券,2023-04-27,6480
00753L,中信中國50正2,50,0,50,福邦證券,2023-04-27,6480
00715L,期街口布蘭特正2,76,45,31,福邦證券,2023-04-27,6480
00642U,期元大S＆P石油,30,0,30,福邦證券,2023-04-27,6480
00637L,元大滬深300正2,60,30,30,福邦證券,2023-04-27,6480
2609,陽明,25,0,25,福邦證券,2023-04-27,6480
2634,漢翔,61,39,22,福邦證券,2023-04-27,6480
1326,台化,20,0,20,福邦證券,2023-04-27,6480
5490,同亨,20,0,20,福邦證券,2023-04-27,6480
9105,泰金寶-DR,20,0,20,福邦證券,2023-04-27,6480
2308,台達電,20,1,19,福邦證券,2023-04-27,6480
3234,光環,20,2,18,福邦證券,2023-04-27,6480
1464,得力,15,0,15,福邦證券,2023-04-27,6480
9910,豐泰,15,0,15,福邦證券,2023-04-27,6480
9921,巨大,15,0,15,福邦證券,2023-04-27,6480
2017,官田鋼,13,0,13,福邦證券,2023-04-27,6480
6446,藥華藥,21,10,11,福邦證券,2023-04-27,6480
2204,中華,10,0,10,福邦證券,2023-04-27,6480
2515,中工,10,0,10,福邦證券,2023-04-27,6480
3035,智原,10,0,10,福邦證券,2023-04-27,6480
8046,南電,11,1,10,福邦證券,2023-04-27,6480
4763,材料-KY,9,0,9,福邦證券,2023-04-27,6480
6138,茂達,9,0,9,福邦證券,2023-04-27,6480
2888,新光金,7,0,7,福邦證券,2023-04-27,6480
2834,臺企銀,6,0,6,福邦證券,2023-04-27,6480
3260,威剛,6,0,6,福邦證券,2023-04-27,6480
00830,國泰費城半導體,5,0,5,福邦證券,2023-04-27,6480
1584,精剛,5,0,5,福邦證券,2023-04-27,6480
1752,南光,5,0,5,福邦證券,2023-04-27,6480
2206,三陽工業,5,0,5,福邦證券,2023-04-27,6480
8050,廣積,5,0,5,福邦證券,2023-04-27,6480
8926,台汽電,5,0,5,福邦證券,2023-04-27,6480
2002,中鋼,4,0,4,福邦證券,2023-04-27,6480
1310,台苯,4,0,4,福邦證券,2023-04-27,6480
2371,大同,5,1,4,福邦證券,2023-04-27,6480
2404,漢唐,4,0,4,福邦證券,2023-04-27,6480
2913,農林,5,1,4,福邦證券,2023-04-27,6480
3038,全台,4,0,4,福邦證券,2023-04-27,6480
3131,弘塑,4,0,4,福邦證券,2023-04-27,6480
3138,耀登,4,0,4,福邦證券,2023-04-27,6480
8097,常珵,4,0,4,福邦證券,2023-04-27,6480
3481,群創,4,0,4,福邦證券,2023-04-27,6480
1467,南緯,9,6,3,福邦證券,2023-04-27,6480
1709,和益,22,19,3,福邦證券,2023-04-27,6480
00751B,元大AAA至A公司債,3,0,3,福邦證券,2023-04-27,6480
2303,聯電,956,3,953,福邦證券,2023-04-28,6480
3025,星通,469,2,467,福邦證券,2023-04-28,6480
3481,群創,386,4,382,福邦證券,2023-04-28,6480
6531,愛普*,348,0,348,福邦證券,2023-04-28,6480
2409,友達,287,0,287,福邦證券,2023-04-28,6480
2634,漢翔,297,40,257,福邦證券,2023-04-28,6480
8155,博智,136,1,135,福邦證券,2023-04-28,6480
1402,遠東新,115,0,115,福邦證券,2023-04-28,6480
4916,事欣科,123,9,114,福邦證券,2023-04-28,6480
1101,台泥,150,42,108,福邦證券,2023-04-28,6480
1515,力山,100,1,99,福邦證券,2023-04-28,6480
3712,永崴投控,80,2,78,福邦證券,2023-04-28,6480
4541,晟田,72,1,71,福邦證券,2023-04-28,6480
3202,樺晟,62,0,62,福邦證券,2023-04-28,6480
2344,華邦電,101,50,51,福邦證券,2023-04-28,6480
3702,大聯大,50,0,50,福邦證券,2023-04-28,6480
5511,德昌,50,0,50,福邦證券,2023-04-28,6480
3715,定穎投控,40,0,40,福邦證券,2023-04-28,6480
00720B,元大投資級公司債,38,0,38,福邦證券,2023-04-28,6480
6235,華孚,29,0,29,福邦證券,2023-04-28,6480
3661,世芯-KY,26,0,26,福邦證券,2023-04-28,6480
2515,中工,25,0,25,福邦證券,2023-04-28,6480
6239,力成,25,0,25,福邦證券,2023-04-28,6480
2816,旺旺保,20,0,20,福邦證券,2023-04-28,6480
4915,致伸,20,0,20,福邦證券,2023-04-28,6480
6288,聯嘉,23,3,20,福邦證券,2023-04-28,6480
2017,官田鋼,17,0,17,福邦證券,2023-04-28,6480
6278,台表科,17,0,17,福邦證券,2023-04-28,6480
3711,日月光投控,18,2,16,福邦證券,2023-04-28,6480
00751B,元大AAA至A公司債,15,0,15,福邦證券,2023-04-28,6480
00680L,元大美債20正2,12,0,12,福邦證券,2023-04-28,6480
3105,穩懋,27,15,12,福邦證券,2023-04-28,6480
00701,國泰股利精選30,11,0,11,福邦證券,2023-04-28,6480
00795B,中信美國公債20年,10,0,10,福邦證券,2023-04-28,6480
00696B,富邦美債20年,10,0,10,福邦證券,2023-04-28,6480
2204,中華,10,0,10,福邦證券,2023-04-28,6480
2362,藍天,10,0,10,福邦證券,2023-04-28,6480
3011,今皓,10,0,10,福邦證券,2023-04-28,6480
4155,訊映,10,0,10,福邦證券,2023-04-28,6480
8050,廣積,10,0,10,福邦證券,2023-04-28,6480
8064,東捷,10,0,10,福邦證券,2023-04-28,6480
3071,協禧,9,0,9,福邦證券,2023-04-28,6480
4755,三福化,11,2,9,福邦證券,2023-04-28,6480
5009,榮剛,13,4,9,福邦證券,2023-04-28,6480
2457,飛宏,10,3,7,福邦證券,2023-04-28,6480
2528,皇普,7,0,7,福邦證券,2023-04-28,6480
6873,泓德能源,7,0,7,福邦證券,2023-04-28,6480
2313,華通,6,0,6,福邦證券,2023-04-28,6480
2603,長榮,6,0,6,福邦證券,2023-04-28,6480
2867,三商壽,6,0,6,福邦證券,2023-04-28,6480
8069,元太,250,8,242,福邦證券,2023-05-02,6480
00881,國泰台灣5G+,200,0,200,福邦證券,2023-05-02,6480
2489,瑞軒,203,3,200,福邦證券,2023-05-02,6480
1589,永冠-KY,193,1,192,福邦證券,2023-05-02,6480
1215,卜蜂,150,8,142,福邦證券,2023-05-02,6480
6143,振曜,120,0,120,福邦證券,2023-05-02,6480
00701,國泰股利精選30,110,0,110,福邦證券,2023-05-02,6480
0050,元大台灣50,100,0,100,福邦證券,2023-05-02,6480
00753L,中信中國50正2,100,0,100,福邦證券,2023-05-02,6480
00878,國泰永續高股息,100,0,100,福邦證券,2023-05-02,6480
6741,91APP*-KY,102,2,100,福邦證券,2023-05-02,6480
5309,系統電,100,2,98,福邦證券,2023-05-02,6480
1515,力山,100,5,95,福邦證券,2023-05-02,6480
1513,中興電,120,26,94,福邦證券,2023-05-02,6480
1101,台泥,100,14,86,福邦證券,2023-05-02,6480
2634,漢翔,103,22,81,福邦證券,2023-05-02,6480
00720B,元大投資級公司債,74,0,74,福邦證券,2023-05-02,6480
2753,八方雲集,71,2,69,福邦證券,2023-05-02,6480
8099,大世科,60,0,60,福邦證券,2023-05-02,6480
2408,南亞科,53,0,53,福邦證券,2023-05-02,6480
1301,台塑,50,0,50,福邦證券,2023-05-02,6480
00751B,元大AAA至A公司債,42,0,42,福邦證券,2023-05-02,6480
7402,邑錡,41,0,41,福邦證券,2023-05-02,6480
5009,榮剛,69,31,38,福邦證券,2023-05-02,6480
2368,金像電,30,0,30,福邦證券,2023-05-02,6480
3234,光環,30,0,30,福邦證券,2023-05-02,6480
4168,醣聯,30,0,30,福邦證券,2023-05-02,6480
6288,聯嘉,30,1,29,福邦證券,2023-05-02,6480
6244,茂迪,26,0,26,福邦證券,2023-05-02,6480
5269,祥碩,25,0,25,福邦證券,2023-05-02,6480
2376,技嘉,26,2,24,福邦證券,2023-05-02,6480
00679B,元大美債20年,22,0,22,福邦證券,2023-05-02,6480
3017,奇鋐,22,0,22,福邦證券,2023-05-02,6480
3221,台嘉碩,30,8,22,福邦證券,2023-05-02,6480
6589,台康生技,21,0,21,福邦證券,2023-05-02,6480
8038,長園科,20,0,20,福邦證券,2023-05-02,6480
8085,福華,45,25,20,福邦證券,2023-05-02,6480
2476,鉅祥,18,0,18,福邦證券,2023-05-02,6480
6180,橘子,16,0,16,福邦證券,2023-05-02,6480
2308,台達電,15,0,15,福邦證券,2023-05-02,6480
2607,榮運,15,0,15,福邦證券,2023-05-02,6480
3707,漢磊,15,0,15,福邦證券,2023-05-02,6480
3037,欣興,15,1,14,福邦證券,2023-05-02,6480
1709,和益,18,5,13,福邦證券,2023-05-02,6480
2884,玉山金,13,0,13,福邦證券,2023-05-02,6480
1467,南緯,21,9,12,福邦證券,2023-05-02,6480
5284,jpp-KY,12,0,12,福邦證券,2023-05-02,6480
6811,宏�硌穈T,17,6,11,福邦證券,2023-05-02,6480
00696B,富邦美債20年,10,0,10,福邦證券,2023-05-02,6480
00692,富邦公司治理,10,0,10,福邦證券,2023-05-02,6480
3419,譁裕,318,58,260,福邦證券,2023-05-03,6480
8069,元太,174,0,174,福邦證券,2023-05-03,6480
1515,力山,100,0,100,福邦證券,2023-05-03,6480
5876,上海商銀,100,0,100,福邦證券,2023-05-03,6480
2634,漢翔,110,13,97,福邦證券,2023-05-03,6480
1101,台泥,101,5,96,福邦證券,2023-05-03,6480
2489,瑞軒,100,6,94,福邦證券,2023-05-03,6480
1905,華紙,96,22,74,福邦證券,2023-05-03,6480
2913,農林,74,0,74,福邦證券,2023-05-03,6480
6782,視陽,100,30,70,福邦證券,2023-05-03,6480
00715L,期街口布蘭特正2,56,0,56,福邦證券,2023-05-03,6480
2383,台光電,55,1,54,福邦證券,2023-05-03,6480
3712,永崴投控,44,1,43,福邦證券,2023-05-03,6480
6488,環球晶,40,0,40,福邦證券,2023-05-03,6480
00637L,元大滬深300正2,31,0,31,福邦證券,2023-05-03,6480
00642U,期元大S＆P石油,30,0,30,福邦證券,2023-05-03,6480
2368,金像電,30,0,30,福邦證券,2023-05-03,6480
9921,巨大,28,0,28,福邦證券,2023-05-03,6480
00664R,國泰臺灣加權反1,20,0,20,福邦證券,2023-05-03,6480
00882,中信中國高股息,20,0,20,福邦證券,2023-05-03,6480
2888,新光金,20,0,20,福邦證券,2023-05-03,6480
3105,穩懋,20,0,20,福邦證券,2023-05-03,6480
9933,中鼎,17,0,17,福邦證券,2023-05-03,6480
2609,陽明,17,0,17,福邦證券,2023-05-03,6480
6026,福邦證,15,1,14,福邦證券,2023-05-03,6480
9914,美利達,13,0,13,福邦證券,2023-05-03,6480
3324,雙鴻,13,2,11,福邦證券,2023-05-03,6480
5381,合正,11,0,11,福邦證券,2023-05-03,6480
6233,旺玖,11,0,11,福邦證券,2023-05-03,6480
1519,華城,12,2,10,福邦證券,2023-05-03,6480
00878,國泰永續高股息,11,1,10,福邦證券,2023-05-03,6480
2231,為升,10,0,10,福邦證券,2023-05-03,6480
2834,臺企銀,10,0,10,福邦證券,2023-05-03,6480
4979,華星光,11,1,10,福邦證券,2023-05-03,6480
7402,邑錡,10,0,10,福邦證券,2023-05-03,6480
1326,台化,9,0,9,福邦證券,2023-05-03,6480
00680L,元大美債20正2,10,1,9,福邦證券,2023-05-03,6480
4164,承業醫,53,45,8,福邦證券,2023-05-03,6480
5426,振發,10,2,8,福邦證券,2023-05-03,6480
2204,中華,6,0,6,福邦證券,2023-05-03,6480
4916,事欣科,6,0,6,福邦證券,2023-05-03,6480
5388,中磊,6,0,6,福邦證券,2023-05-03,6480
6234,高僑,12,6,6,福邦證券,2023-05-03,6480
8996,高力,6,0,6,福邦證券,2023-05-03,6480
00830,國泰費城半導體,5,0,5,福邦證券,2023-05-03,6480
1762,中化生,10,5,5,福邦證券,2023-05-03,6480
1760,寶齡富錦,5,0,5,福邦證券,2023-05-03,6480
2206,三陽工業,5,0,5,福邦證券,2023-05-03,6480
3305,昇貿,5,0,5,福邦證券,2023-05-03,6480
3558,神準,7,2,5,福邦證券,2023-05-03,6480
1303,南亞,180,0,180,福邦證券,2023-05-04,6480
8069,元太,139,0,139,福邦證券,2023-05-04,6480
1402,遠東新,120,0,120,福邦證券,2023-05-04,6480
1301,台塑,100,0,100,福邦證券,2023-05-04,6480
1515,力山,100,0,100,福邦證券,2023-05-04,6480
1513,中興電,101,1,100,福邦證券,2023-05-04,6480
1310,台苯,100,0,100,福邦證券,2023-05-04,6480
5309,系統電,100,4,96,福邦證券,2023-05-04,6480
3017,奇鋐,60,0,60,福邦證券,2023-05-04,6480
3045,台灣大,50,0,50,福邦證券,2023-05-04,6480
9958,世紀鋼,51,1,50,福邦證券,2023-05-04,6480
5876,上海商銀,48,0,48,福邦證券,2023-05-04,6480
2634,漢翔,54,9,45,福邦證券,2023-05-04,6480
00715L,期街口布蘭特正2,49,5,44,福邦證券,2023-05-04,6480
3712,永崴投控,56,21,35,福邦證券,2023-05-04,6480
2017,官田鋼,32,0,32,福邦證券,2023-05-04,6480
6438,迅得,33,3,30,福邦證券,2023-05-04,6480
2609,陽明,27,0,27,福邦證券,2023-05-04,6480
6589,台康生技,38,12,26,福邦證券,2023-05-04,6480
00701,國泰股利精選30,25,0,25,福邦證券,2023-05-04,6480
3479,安勤,21,0,21,福邦證券,2023-05-04,6480
3036,文曄,20,0,20,福邦證券,2023-05-04,6480
3058,立德,20,0,20,福邦證券,2023-05-04,6480
3715,定穎投控,20,0,20,福邦證券,2023-05-04,6480
5511,德昌,50,30,20,福邦證券,2023-05-04,6480
6218,豪勉,20,0,20,福邦證券,2023-05-04,6480
00720B,元大投資級公司債,16,0,16,福邦證券,2023-05-04,6480
1417,嘉裕,35,20,15,福邦證券,2023-05-04,6480
2480,敦陽科,18,3,15,福邦證券,2023-05-04,6480
8085,福華,15,0,15,福邦證券,2023-05-04,6480
3443,創意,40,26,14,福邦證券,2023-05-04,6480
1503,士電,12,0,12,福邦證券,2023-05-04,6480
00878,國泰永續高股息,12,0,12,福邦證券,2023-05-04,6480
3037,欣興,11,0,11,福邦證券,2023-05-04,6480
00642U,期元大S＆P石油,10,0,10,福邦證券,2023-05-04,6480
2228,劍麟,10,0,10,福邦證券,2023-05-04,6480
6233,旺玖,10,0,10,福邦證券,2023-05-04,6480
3105,穩懋,20,11,9,福邦證券,2023-05-04,6480
3419,譁裕,9,0,9,福邦證券,2023-05-04,6480
6111,大宇資,10,1,9,福邦證券,2023-05-04,6480
2888,新光金,8,0,8,福邦證券,2023-05-04,6480
2913,農林,7,0,7,福邦證券,2023-05-04,6480
3025,星通,7,0,7,福邦證券,2023-05-04,6480
2409,友達,6,0,6,福邦證券,2023-05-04,6480
6679,鈺太,6,0,6,福邦證券,2023-05-04,6480
1905,華紙,5,0,5,福邦證券,2023-05-04,6480
00830,國泰費城半導體,5,0,5,福邦證券,2023-05-04,6480
4744,皇將,15,10,5,福邦證券,2023-05-04,6480
5608,四維航,5,0,5,福邦證券,2023-05-04,6480
00915,凱基優選高股息30,4,0,4,福邦證券,2023-05-04,6480
2618,長榮航,600,0,600,福邦證券,2023-05-05,6480
2891,中信金,600,2,598,福邦證券,2023-05-05,6480
2489,瑞軒,250,0,250,福邦證券,2023-05-05,6480
1609,大亞,220,30,190,福邦證券,2023-05-05,6480
2890,永豐金,180,0,180,福邦證券,2023-05-05,6480
1102,亞泥,120,0,120,福邦證券,2023-05-05,6480
5009,榮剛,137,19,118,福邦證券,2023-05-05,6480
5309,系統電,101,7,94,福邦證券,2023-05-05,6480
8426,紅木-KY,50,0,50,福邦證券,2023-05-05,6480
6274,台燿,65,22,43,福邦證券,2023-05-05,6480
00720B,元大投資級公司債,40,0,40,福邦證券,2023-05-05,6480
6202,盛群,35,0,35,福邦證券,2023-05-05,6480
2634,漢翔,39,5,34,福邦證券,2023-05-05,6480
6111,大宇資,44,10,34,福邦證券,2023-05-05,6480
6125,廣運,32,1,31,福邦證券,2023-05-05,6480
00632R,元大台灣50反1,30,0,30,福邦證券,2023-05-05,6480
2231,為升,30,0,30,福邦證券,2023-05-05,6480
6438,迅得,30,0,30,福邦證券,2023-05-05,6480
6235,華孚,29,0,29,福邦證券,2023-05-05,6480
6589,台康生技,31,2,29,福邦證券,2023-05-05,6480
00715L,期街口布蘭特正2,20,0,20,福邦證券,2023-05-05,6480
6026,福邦證,20,0,20,福邦證券,2023-05-05,6480
6214,精誠,26,6,20,福邦證券,2023-05-05,6480
3058,立德,20,2,18,福邦證券,2023-05-05,6480
5381,合正,17,0,17,福邦證券,2023-05-05,6480
3202,樺晟,16,0,16,福邦證券,2023-05-05,6480
2059,川湖,15,0,15,福邦證券,2023-05-05,6480
3207,耀勝,13,0,13,福邦證券,2023-05-05,6480
6679,鈺太,13,0,13,福邦證券,2023-05-05,6480
2548,華固,12,0,12,福邦證券,2023-05-05,6480
1451,年興,11,1,10,福邦證券,2023-05-05,6480
1417,嘉裕,34,24,10,福邦證券,2023-05-05,6480
00772B,中信高評級公司債,10,0,10,福邦證券,2023-05-05,6480
2206,三陽工業,10,0,10,福邦證券,2023-05-05,6480
2228,劍麟,10,0,10,福邦證券,2023-05-05,6480
2308,台達電,10,0,10,福邦證券,2023-05-05,6480
2404,漢唐,10,0,10,福邦證券,2023-05-05,6480
2816,旺旺保,10,0,10,福邦證券,2023-05-05,6480
5209,新鼎,10,0,10,福邦證券,2023-05-05,6480
6213,聯茂,10,0,10,福邦證券,2023-05-05,6480
6244,茂迪,20,10,10,福邦證券,2023-05-05,6480
6517,保勝光學,16,6,10,福邦證券,2023-05-05,6480
6756,威鋒電子,10,0,10,福邦證券,2023-05-05,6480
3231,緯創,9,0,9,福邦證券,2023-05-05,6480
00751B,元大AAA至A公司債,8,0,8,福邦證券,2023-05-05,6480
00878,國泰永續高股息,7,0,7,福邦證券,2023-05-05,6480
2480,敦陽科,7,0,7,福邦證券,2023-05-05,6480
4566,時碩工業,7,0,7,福邦證券,2023-05-05,6480
6245,立端,17,10,7,福邦證券,2023-05-05,6480
1905,華紙,12,6,6,福邦證券,2023-05-05,6480
00632R,元大台灣50反1,4352,40,4312,福邦證券,2023-05-08,6480
00878,國泰永續高股息,703,0,703,福邦證券,2023-05-08,6480
2618,長榮航,400,10,390,福邦證券,2023-05-08,6480
2489,瑞軒,102,2,100,福邦證券,2023-05-08,6480
5309,系統電,100,0,100,福邦證券,2023-05-08,6480
2345,智邦,88,0,88,福邦證券,2023-05-08,6480
5511,德昌,80,0,80,福邦證券,2023-05-08,6480
6214,精誠,71,11,60,福邦證券,2023-05-08,6480
4927,泰鼎-KY,51,0,51,福邦證券,2023-05-08,6480
2538,基泰,50,0,50,福邦證券,2023-05-08,6480
4164,承業醫,75,35,40,福邦證券,2023-05-08,6480
3712,永崴投控,40,1,39,福邦證券,2023-05-08,6480
2371,大同,70,33,37,福邦證券,2023-05-08,6480
6438,迅得,36,4,32,福邦證券,2023-05-08,6480
4739,康普,30,0,30,福邦證券,2023-05-08,6480
6274,台燿,30,0,30,福邦證券,2023-05-08,6480
00720B,元大投資級公司債,24,0,24,福邦證券,2023-05-08,6480
1310,台苯,20,0,20,福邦證券,2023-05-08,6480
00773B,中信優先金融債,20,0,20,福邦證券,2023-05-08,6480
8099,大世科,20,0,20,福邦證券,2023-05-08,6480
00751B,元大AAA至A公司債,20,1,19,福邦證券,2023-05-08,6480
2883,凱基金,20,1,19,福邦證券,2023-05-08,6480
1326,台化,17,0,17,福邦證券,2023-05-08,6480
3230,錦明,16,0,16,福邦證券,2023-05-08,6480
5452,佶優,15,0,15,福邦證券,2023-05-08,6480
00915,凱基優選高股息30,12,0,12,福邦證券,2023-05-08,6480
00725B,國泰投資級公司債,10,0,10,福邦證券,2023-05-08,6480
00882,中信中國高股息,10,0,10,福邦證券,2023-05-08,6480
1762,中化生,20,10,10,福邦證券,2023-05-08,6480
3189,景碩,10,0,10,福邦證券,2023-05-08,6480
3715,定穎投控,10,0,10,福邦證券,2023-05-08,6480
4934,太極,10,0,10,福邦證券,2023-05-08,6480
5269,祥碩,10,0,10,福邦證券,2023-05-08,6480
6811,宏�硌穈T,12,2,10,福邦證券,2023-05-08,6480
3443,創意,12,4,8,福邦證券,2023-05-08,6480
8085,福華,8,0,8,福邦證券,2023-05-08,6480
1605,華新,6,0,6,福邦證券,2023-05-08,6480
5225,東科-KY,6,0,6,福邦證券,2023-05-08,6480
8016,矽創,6,0,6,福邦證券,2023-05-08,6480
8933,愛地雅,6,0,6,福邦證券,2023-05-08,6480
8069,元太,15,9,6,福邦證券,2023-05-08,6480
1612,宏泰,6,1,5,福邦證券,2023-05-08,6480
1503,士電,7,2,5,福邦證券,2023-05-08,6480
1314,中石化,5,0,5,福邦證券,2023-05-08,6480
0052,富邦科技,5,0,5,福邦證券,2023-05-08,6480
00696B,富邦美債20年,5,0,5,福邦證券,2023-05-08,6480
4584,君帆,5,0,5,福邦證券,2023-05-08,6480
4977,眾達-KY,5,0,5,福邦證券,2023-05-08,6480
6790,永豐實,7,2,5,福邦證券,2023-05-08,6480
00772B,中信高評級公司債,4,0,4,福邦證券,2023-05-08,6480
5439,高技,646,0,646,福邦證券,2023-05-09,6480
4967,十銓,223,0,223,福邦證券,2023-05-09,6480
00751B,元大AAA至A公司債,135,0,135,福邦證券,2023-05-09,6480
1605,華新,142,8,134,福邦證券,2023-05-09,6480
1402,遠東新,121,0,121,福邦證券,2023-05-09,6480
00881,國泰台灣5G+,100,0,100,福邦證券,2023-05-09,6480
00900,富邦特選高股息30,100,0,100,福邦證券,2023-05-09,6480
2489,瑞軒,102,7,95,福邦證券,2023-05-09,6480
4755,三福化,85,0,85,福邦證券,2023-05-09,6480
00696B,富邦美債20年,65,0,65,福邦證券,2023-05-09,6480
0056,元大高股息,100,45,55,福邦證券,2023-05-09,6480
00713,元大台灣高息低波,50,0,50,福邦證券,2023-05-09,6480
2468,華經,50,0,50,福邦證券,2023-05-09,6480
3027,盛達,56,14,42,福邦證券,2023-05-09,6480
4739,康普,40,0,40,福邦證券,2023-05-09,6480
2371,大同,35,2,33,福邦證券,2023-05-09,6480
8050,廣積,30,0,30,福邦證券,2023-05-09,6480
3003,健和興,27,0,27,福邦證券,2023-05-09,6480
3661,世芯-KY,22,0,22,福邦證券,2023-05-09,6480
3483,力致,58,37,21,福邦證券,2023-05-09,6480
3712,永崴投控,20,0,20,福邦證券,2023-05-09,6480
6214,精誠,20,0,20,福邦證券,2023-05-09,6480
3576,聯合再生,18,0,18,福邦證券,2023-05-09,6480
6274,台燿,16,0,16,福邦證券,2023-05-09,6480
1339,昭輝,15,0,15,福邦證券,2023-05-09,6480
2017,官田鋼,15,0,15,福邦證券,2023-05-09,6480
2645,長榮航太,15,0,15,福邦證券,2023-05-09,6480
2890,永豐金,20,5,15,福邦證券,2023-05-09,6480
00720B,元大投資級公司債,14,0,14,福邦證券,2023-05-09,6480
6277,宏正,11,0,11,福邦證券,2023-05-09,6480
4966,譜瑞-KY,10,0,10,福邦證券,2023-05-09,6480
00680L,元大美債20正2,10,0,10,福邦證券,2023-05-09,6480
3592,瑞鼎,10,0,10,福邦證券,2023-05-09,6480
4953,緯軟,10,0,10,福邦證券,2023-05-09,6480
5258,虹堡,10,0,10,福邦證券,2023-05-09,6480
5426,振發,10,0,10,福邦證券,2023-05-09,6480
5475,德宏,10,0,10,福邦證券,2023-05-09,6480
6125,廣運,15,5,10,福邦證券,2023-05-09,6480
6244,茂迪,10,0,10,福邦證券,2023-05-09,6480
6570,維田,10,0,10,福邦證券,2023-05-09,6480
8436,大江,8,1,7,福邦證券,2023-05-09,6480
6589,台康生技,10,3,7,福邦證券,2023-05-09,6480
3443,創意,6,0,6,福邦證券,2023-05-09,6480
6179,亞通,6,0,6,福邦證券,2023-05-09,6480
00772B,中信高評級公司債,5,0,5,福邦證券,2023-05-09,6480
2913,農林,5,0,5,福邦證券,2023-05-09,6480
3484,崧騰,5,0,5,福邦證券,2023-05-09,6480
5608,四維航,5,0,5,福邦證券,2023-05-09,6480
6112,邁達特,5,0,5,福邦證券,2023-05-09,6480
6203,海韻電,6,1,5,福邦證券,2023-05-09,6480
2376,技嘉,174,0,174,福邦證券,2023-05-10,6480
6625,必應,92,0,92,福邦證券,2023-05-10,6480
00696B,富邦美債20年,60,0,60,福邦證券,2023-05-10,6480
00751B,元大AAA至A公司債,55,0,55,福邦證券,2023-05-10,6480
2605,新興,55,0,55,福邦證券,2023-05-10,6480
8097,常珵,40,0,40,福邦證券,2023-05-10,6480
2030,彰源,38,2,36,福邦證券,2023-05-10,6480
1305,華夏,35,0,35,福邦證券,2023-05-10,6480
6213,聯茂,30,0,30,福邦證券,2023-05-10,6480
6026,福邦證,30,1,29,福邦證券,2023-05-10,6480
3545,敦泰,25,0,25,福邦證券,2023-05-10,6480
3693,營邦,25,0,25,福邦證券,2023-05-10,6480
1586,和勤,21,0,21,福邦證券,2023-05-10,6480
2313,華通,20,0,20,福邦證券,2023-05-10,6480
3715,定穎投控,20,0,20,福邦證券,2023-05-10,6480
6122,擎邦,20,0,20,福邦證券,2023-05-10,6480
2634,漢翔,16,0,16,福邦證券,2023-05-10,6480
1799,易威,15,0,15,福邦證券,2023-05-10,6480
2889,國票金,15,0,15,福邦證券,2023-05-10,6480
2371,大同,24,11,13,福邦證券,2023-05-10,6480
3149,正達,15,2,13,福邦證券,2023-05-10,6480
00882,中信中國高股息,10,0,10,福邦證券,2023-05-10,6480
3264,欣銓,10,0,10,福邦證券,2023-05-10,6480
3661,世芯-KY,10,0,10,福邦證券,2023-05-10,6480
5227,立凱-KY,10,0,10,福邦證券,2023-05-10,6480
5452,佶優,10,0,10,福邦證券,2023-05-10,6480
8936,國統,10,0,10,福邦證券,2023-05-10,6480
1709,和益,15,6,9,福邦證券,2023-05-10,6480
5381,合正,9,0,9,福邦證券,2023-05-10,6480
9939,宏全,11,2,9,福邦證券,2023-05-10,6480
00633L,富邦上証正2,8,0,8,福邦證券,2023-05-10,6480
3231,緯創,9,1,8,福邦證券,2023-05-10,6480
3631,晟楠,8,0,8,福邦證券,2023-05-10,6480
5225,東科-KY,8,0,8,福邦證券,2023-05-10,6480
1503,士電,8,1,7,福邦證券,2023-05-10,6480
00720B,元大投資級公司債,7,0,7,福邦證券,2023-05-10,6480
00878,國泰永續高股息,7,0,7,福邦證券,2023-05-10,6480
3221,台嘉碩,7,0,7,福邦證券,2023-05-10,6480
6679,鈺太,7,0,7,福邦證券,2023-05-10,6480
3596,智易,9,3,6,福邦證券,2023-05-10,6480
6243,迅杰,6,0,6,福邦證券,2023-05-10,6480
1303,南亞,5,0,5,福邦證券,2023-05-10,6480
1529,樂事綠能,5,0,5,福邦證券,2023-05-10,6480
1417,嘉裕,20,15,5,福邦證券,2023-05-10,6480
1905,華紙,6,1,5,福邦證券,2023-05-10,6480
2228,劍麟,5,0,5,福邦證券,2023-05-10,6480
2401,凌陽,5,0,5,福邦證券,2023-05-10,6480
2913,農林,5,0,5,福邦證券,2023-05-10,6480
3022,威強電,10,5,5,福邦證券,2023-05-10,6480
6670,復盛應用,5,0,5,福邦證券,2023-05-10,6480
1605,華新,204,0,204,福邦證券,2023-05-11,6480
2002,中鋼,200,0,200,福邦證券,2023-05-11,6480
1586,和勤,171,0,171,福邦證券,2023-05-11,6480
6214,精誠,150,0,150,福邦證券,2023-05-11,6480
2376,技嘉,126,0,126,福邦證券,2023-05-11,6480
1608,華榮,118,0,118,福邦證券,2023-05-11,6480
0056,元大高股息,101,0,101,福邦證券,2023-05-11,6480
9910,豐泰,100,0,100,福邦證券,2023-05-11,6480
00664R,國泰臺灣加權反1,80,0,80,福邦證券,2023-05-11,6480
3712,永崴投控,40,0,40,福邦證券,2023-05-11,6480
5511,德昌,30,0,30,福邦證券,2023-05-11,6480
5284,jpp-KY,35,8,27,福邦證券,2023-05-11,6480
2607,榮運,22,0,22,福邦證券,2023-05-11,6480
6285,啟��,22,0,22,福邦證券,2023-05-11,6480
6679,鈺太,23,1,22,福邦證券,2023-05-11,6480
2066,世德,21,0,21,福邦證券,2023-05-11,6480
1762,中化生,22,2,20,福邦證券,2023-05-11,6480
00882,中信中國高股息,20,0,20,福邦證券,2023-05-11,6480
2406,國碩,20,0,20,福邦證券,2023-05-11,6480
6218,豪勉,20,0,20,福邦證券,2023-05-11,6480
6719,力智,20,0,20,福邦證券,2023-05-11,6480
5439,高技,20,1,19,福邦證券,2023-05-11,6480
6026,福邦證,33,14,19,福邦證券,2023-05-11,6480
8426,紅木-KY,19,0,19,福邦證券,2023-05-11,6480
6538,倉和,20,5,15,福邦證券,2023-05-11,6480
2228,劍麟,15,1,14,福邦證券,2023-05-11,6480
2609,陽明,14,0,14,福邦證券,2023-05-11,6480
3631,晟楠,13,0,13,福邦證券,2023-05-11,6480
4967,十銓,13,0,13,福邦證券,2023-05-11,6480
2618,長榮航,15,3,12,福邦證券,2023-05-11,6480
00921,兆豐龍頭等權重,11,0,11,福邦證券,2023-05-11,6480
5381,合正,11,0,11,福邦證券,2023-05-11,6480
5483,中美晶,11,0,11,福邦證券,2023-05-11,6480
1612,宏泰,10,0,10,福邦證券,2023-05-11,6480
00772B,中信高評級公司債,10,0,10,福邦證券,2023-05-11,6480
2399,映泰,10,0,10,福邦證券,2023-05-11,6480
2605,新興,10,0,10,福邦證券,2023-05-11,6480
5225,東科-KY,10,0,10,福邦證券,2023-05-11,6480
6576,逸達,10,0,10,福邦證券,2023-05-11,6480
8038,長園科,10,0,10,福邦證券,2023-05-11,6480
8097,常珵,30,20,10,福邦證券,2023-05-11,6480
3209,全科,9,0,9,福邦證券,2023-05-11,6480
3003,健和興,8,0,8,福邦證券,2023-05-11,6480
4968,立積,8,0,8,福邦證券,2023-05-11,6480
00720B,元大投資級公司債,10,3,7,福邦證券,2023-05-11,6480
1905,華紙,7,0,7,福邦證券,2023-05-11,6480
3447,展達,7,0,7,福邦證券,2023-05-11,6480
3661,世芯-KY,7,0,7,福邦證券,2023-05-11,6480
3701,大眾控,8,1,7,福邦證券,2023-05-11,6480
2485,兆赫,6,0,6,福邦證券,2023-05-11,6480
2303,聯電,1030,0,1030,福邦證券,2023-05-12,6480
2890,永豐金,649,0,649,福邦證券,2023-05-12,6480
5876,上海商銀,500,0,500,福邦證券,2023-05-12,6480
2891,中信金,301,1,300,福邦證券,2023-05-12,6480
2489,瑞軒,274,45,229,福邦證券,2023-05-12,6480
5284,jpp-KY,161,32,129,福邦證券,2023-05-12,6480
3548,兆利,126,0,126,福邦證券,2023-05-12,6480
2030,彰源,112,0,112,福邦證券,2023-05-12,6480
2883,凱基金,112,8,104,福邦證券,2023-05-12,6480
00632R,元大台灣50反1,60,0,60,福邦證券,2023-05-12,6480
2317,鴻海,61,1,60,福邦證券,2023-05-12,6480
6235,華孚,42,1,41,福邦證券,2023-05-12,6480
00715L,期街口布蘭特正2,38,0,38,福邦證券,2023-05-12,6480
2888,新光金,37,0,37,福邦證券,2023-05-12,6480
4958,臻鼎-KY,34,0,34,福邦證券,2023-05-12,6480
2017,官田鋼,29,0,29,福邦證券,2023-05-12,6480
1605,華新,35,8,27,福邦證券,2023-05-12,6480
00878,國泰永續高股息,27,4,23,福邦證券,2023-05-12,6480
1586,和勤,46,24,22,福邦證券,2023-05-12,6480
00664R,國泰臺灣加權反1,20,0,20,福邦證券,2023-05-12,6480
00642U,期元大S＆P石油,20,0,20,福邦證券,2023-05-12,6480
2516,新建,20,0,20,福邦證券,2023-05-12,6480
5511,德昌,30,11,19,福邦證券,2023-05-12,6480
2607,榮運,15,0,15,福邦證券,2023-05-12,6480
8222,寶一,13,2,11,福邦證券,2023-05-12,6480
1760,寶齡富錦,10,0,10,福邦證券,2023-05-12,6480
00882,中信中國高股息,10,0,10,福邦證券,2023-05-12,6480
2368,金像電,11,1,10,福邦證券,2023-05-12,6480
4739,康普,10,0,10,福邦證券,2023-05-12,6480
5225,東科-KY,10,0,10,福邦證券,2023-05-12,6480
6517,保勝光學,11,1,10,福邦證券,2023-05-12,6480
1101,台泥,8,0,8,福邦證券,2023-05-12,6480
2736,富野,8,0,8,福邦證券,2023-05-12,6480
00637L,元大滬深300正2,7,0,7,福邦證券,2023-05-12,6480
2313,華通,6,0,6,福邦證券,2023-05-12,6480
2882,國泰金,6,0,6,福邦證券,2023-05-12,6480
8426,紅木-KY,6,0,6,福邦證券,2023-05-12,6480
3224,三顧,5,0,5,福邦證券,2023-05-12,6480
3419,譁裕,5,0,5,福邦證券,2023-05-12,6480
3592,瑞鼎,5,0,5,福邦證券,2023-05-12,6480
3661,世芯-KY,5,0,5,福邦證券,2023-05-12,6480
6116,彩晶,5,0,5,福邦證券,2023-05-12,6480
6538,倉和,5,0,5,福邦證券,2023-05-12,6480
8085,福華,5,0,5,福邦證券,2023-05-12,6480
00915,凱基優選高股息30,4,0,4,福邦證券,2023-05-12,6480
2618,長榮航,6,2,4,福邦證券,2023-05-12,6480
4155,訊映,4,0,4,福邦證券,2023-05-12,6480
5388,中磊,4,0,4,福邦證券,2023-05-12,6480
6733,博晟生醫,7,3,4,福邦證券,2023-05-12,6480
6841,長佳智能,4,0,4,福邦證券,2023-05-12,6480
1215,卜蜂,200,0,200,福邦證券,2023-05-15,6480
1609,大亞,331,148,183,福邦證券,2023-05-15,6480
2317,鴻海,130,1,129,福邦證券,2023-05-15,6480
00751B,元大AAA至A公司債,111,0,111,福邦證券,2023-05-15,6480
3376,新日興,109,0,109,福邦證券,2023-05-15,6480
2408,南亞科,100,0,100,福邦證券,2023-05-15,6480
1504,東元,53,0,53,福邦證券,2023-05-15,6480
3034,聯詠,50,0,50,福邦證券,2023-05-15,6480
9938,百和,48,0,48,福邦證券,2023-05-15,6480
00676R,富邦臺灣加權反1,40,0,40,福邦證券,2023-05-15,6480
3715,定穎投控,40,0,40,福邦證券,2023-05-15,6480
1605,華新,33,0,33,福邦證券,2023-05-15,6480
00715L,期街口布蘭特正2,36,5,31,福邦證券,2023-05-15,6480
1784,訊聯,30,0,30,福邦證券,2023-05-15,6480
5225,東科-KY,32,2,30,福邦證券,2023-05-15,6480
6679,鈺太,30,0,30,福邦證券,2023-05-15,6480
3224,三顧,25,0,25,福邦證券,2023-05-15,6480
2313,華通,22,0,22,福邦證券,2023-05-15,6480
2303,聯電,22,1,21,福邦證券,2023-05-15,6480
1308,亞聚,21,0,21,福邦證券,2023-05-15,6480
4533,協易機,22,1,21,福邦證券,2023-05-15,6480
00642U,期元大S＆P石油,20,0,20,福邦證券,2023-05-15,6480
2393,億光,20,0,20,福邦證券,2023-05-15,6480
2615,萬海,20,0,20,福邦證券,2023-05-15,6480
00772B,中信高評級公司債,18,0,18,福邦證券,2023-05-15,6480
3324,雙鴻,26,10,16,福邦證券,2023-05-15,6480
2634,漢翔,20,5,15,福邦證券,2023-05-15,6480
3479,安勤,15,0,15,福邦證券,2023-05-15,6480
4303,信立,15,0,15,福邦證券,2023-05-15,6480
6443,元晶,15,0,15,福邦證券,2023-05-15,6480
2603,長榮,15,1,14,福邦證券,2023-05-15,6480
1762,中化生,12,0,12,福邦證券,2023-05-15,6480
00720B,元大投資級公司債,12,0,12,福邦證券,2023-05-15,6480
8933,愛地雅,15,3,12,福邦證券,2023-05-15,6480
2489,瑞軒,13,2,11,福邦證券,2023-05-15,6480
1101,台泥,12,2,10,福邦證券,2023-05-15,6480
3023,信邦,10,0,10,福邦證券,2023-05-15,6480
3701,大眾控,10,0,10,福邦證券,2023-05-15,6480
4164,承業醫,20,10,10,福邦證券,2023-05-15,6480
5227,立凱-KY,10,0,10,福邦證券,2023-05-15,6480
5483,中美晶,10,0,10,福邦證券,2023-05-15,6480
6719,力智,10,0,10,福邦證券,2023-05-15,6480
8081,致新,10,0,10,福邦證券,2023-05-15,6480
6712,長聖,10,1,9,福邦證券,2023-05-15,6480
2834,臺企銀,11,3,8,福邦證券,2023-05-15,6480
3022,威強電,10,2,8,福邦證券,2023-05-15,6480
6282,康舒,7,0,7,福邦證券,2023-05-15,6480
2228,劍麟,5,0,5,福邦證券,2023-05-15,6480
2201,裕隆,5,0,5,福邦證券,2023-05-15,6480
00637L,元大滬深300正2,5,0,5,福邦證券,2023-05-15,6480
2382,廣達,150,5,145,福邦證券,2023-05-16,6480
3363,上詮,137,23,114,福邦證券,2023-05-16,6480
00751B,元大AAA至A公司債,100,0,100,福邦證券,2023-05-16,6480
2634,漢翔,100,0,100,福邦證券,2023-05-16,6480
6125,廣運,71,0,71,福邦證券,2023-05-16,6480
5269,祥碩,63,0,63,福邦證券,2023-05-16,6480
2371,大同,151,107,44,福邦證券,2023-05-16,6480
00676R,富邦臺灣加權反1,40,0,40,福邦證券,2023-05-16,6480
5227,立凱-KY,40,0,40,福邦證券,2023-05-16,6480
2515,中工,35,0,35,福邦證券,2023-05-16,6480
1586,和勤,34,0,34,福邦證券,2023-05-16,6480
4129,聯合,34,0,34,福邦證券,2023-05-16,6480
00720B,元大投資級公司債,32,0,32,福邦證券,2023-05-16,6480
2317,鴻海,31,0,31,福邦證券,2023-05-16,6480
8150,南茂,30,0,30,福邦證券,2023-05-16,6480
2313,華通,29,0,29,福邦證券,2023-05-16,6480
1609,大亞,44,16,28,福邦證券,2023-05-16,6480
00878,國泰永續高股息,26,0,26,福邦證券,2023-05-16,6480
3234,光環,25,0,25,福邦證券,2023-05-16,6480
2207,和泰車,22,0,22,福邦證券,2023-05-16,6480
00772B,中信高評級公司債,21,0,21,福邦證券,2023-05-16,6480
8210,勤誠,20,0,20,福邦證券,2023-05-16,6480
5371,中光電,20,0,20,福邦證券,2023-05-16,6480
5483,中美晶,20,0,20,福邦證券,2023-05-16,6480
3014,聯陽,17,0,17,福邦證券,2023-05-16,6480
2376,技嘉,19,4,15,福邦證券,2023-05-16,6480
3207,耀勝,15,0,15,福邦證券,2023-05-16,6480
3224,三顧,25,10,15,福邦證券,2023-05-16,6480
3715,定穎投控,15,0,15,福邦證券,2023-05-16,6480
2618,長榮航,21,6,15,福邦證券,2023-05-16,6480
4915,致伸,11,0,11,福邦證券,2023-05-16,6480
00773B,中信優先金融債,10,0,10,福邦證券,2023-05-16,6480
1477,聚陽,10,0,10,福邦證券,2023-05-16,6480
4105,東洋,10,0,10,福邦證券,2023-05-16,6480
5347,世界,10,0,10,福邦證券,2023-05-16,6480
6218,豪勉,10,0,10,福邦證券,2023-05-16,6480
9934,成霖,10,0,10,福邦證券,2023-05-16,6480
1905,華紙,9,0,9,福邦證券,2023-05-16,6480
2233,宇隆,10,2,8,福邦證券,2023-05-16,6480
5288,豐祥-KY,8,0,8,福邦證券,2023-05-16,6480
2421,建準,7,0,7,福邦證券,2023-05-16,6480
4916,事欣科,7,0,7,福邦證券,2023-05-16,6480
6185,幃翔,7,0,7,福邦證券,2023-05-16,6480
2017,官田鋼,6,0,6,福邦證券,2023-05-16,6480
2383,台光電,7,1,6,福邦證券,2023-05-16,6480
3003,健和興,6,0,6,福邦證券,2023-05-16,6480
3128,昇銳,6,0,6,福邦證券,2023-05-16,6480
1417,嘉裕,10,5,5,福邦證券,2023-05-16,6480
00632R,元大台灣50反1,5,0,5,福邦證券,2023-05-16,6480
00725B,國泰投資級公司債,5,0,5,福邦證券,2023-05-16,6480
1727,中華化,192,28,164,福邦證券,2023-05-17,6480
2030,彰源,150,0,150,福邦證券,2023-05-17,6480
2371,大同,176,34,142,福邦證券,2023-05-17,6480
3162,精確,70,0,70,福邦證券,2023-05-17,6480
6697,東捷資訊,60,2,58,福邦證券,2023-05-17,6480
6625,必應,53,0,53,福邦證券,2023-05-17,6480
00725B,國泰投資級公司債,52,0,52,福邦證券,2023-05-17,6480
5511,德昌,57,12,45,福邦證券,2023-05-17,6480
2515,中工,44,0,44,福邦證券,2023-05-17,6480
1586,和勤,40,0,40,福邦證券,2023-05-17,6480
00751B,元大AAA至A公司債,28,0,28,福邦證券,2023-05-17,6480
3661,世芯-KY,27,2,25,福邦證券,2023-05-17,6480
00635U,期元大S＆P黃金,20,0,20,福邦證券,2023-05-17,6480
2313,華通,20,0,20,福邦證券,2023-05-17,6480
2317,鴻海,20,0,20,福邦證券,2023-05-17,6480
3078,僑威,20,0,20,福邦證券,2023-05-17,6480
4129,聯合,16,0,16,福邦證券,2023-05-17,6480
6202,盛群,15,0,15,福邦證券,2023-05-17,6480
00632R,元大台灣50反1,13,0,13,福邦證券,2023-05-17,6480
2383,台光電,12,0,12,福邦證券,2023-05-17,6480
4583,台灣精銳,12,0,12,福邦證券,2023-05-17,6480
1760,寶齡富錦,10,0,10,福邦證券,2023-05-17,6480
1477,聚陽,10,0,10,福邦證券,2023-05-17,6480
00720B,元大投資級公司債,10,0,10,福邦證券,2023-05-17,6480
2630,亞航,10,0,10,福邦證券,2023-05-17,6480
3003,健和興,10,0,10,福邦證券,2023-05-17,6480
3363,上詮,10,0,10,福邦證券,2023-05-17,6480
6161,捷波,10,0,10,福邦證券,2023-05-17,6480
8091,翔名,10,0,10,福邦證券,2023-05-17,6480
9938,百和,10,0,10,福邦證券,2023-05-17,6480
2603,長榮,10,1,9,福邦證券,2023-05-17,6480
6282,康舒,10,1,9,福邦證券,2023-05-17,6480
00878,國泰永續高股息,15,6,9,福邦證券,2023-05-17,6480
3443,創意,13,5,8,福邦證券,2023-05-17,6480
8442,威宏-KY,11,3,8,福邦證券,2023-05-17,6480
3611,鼎翰,6,0,6,福邦證券,2023-05-17,6480
1710,東聯,5,0,5,福邦證券,2023-05-17,6480
00715L,期街口布蘭特正2,10,5,5,福邦證券,2023-05-17,6480
00696B,富邦美債20年,5,0,5,福邦證券,2023-05-17,6480
00882,中信中國高股息,5,0,5,福邦證券,2023-05-17,6480
2017,官田鋼,5,0,5,福邦證券,2023-05-17,6480
2376,技嘉,6,1,5,福邦證券,2023-05-17,6480
2421,建準,5,0,5,福邦證券,2023-05-17,6480
2618,長榮航,5,0,5,福邦證券,2023-05-17,6480
1524,耿鼎,4,0,4,福邦證券,2023-05-17,6480
2301,光寶科,4,0,4,福邦證券,2023-05-17,6480
4503,金雨,4,0,4,福邦證券,2023-05-17,6480
4541,晟田,9,5,4,福邦證券,2023-05-17,6480
5284,jpp-KY,4,0,4,福邦證券,2023-05-17,6480
00772B,中信高評級公司債,3,0,3,福邦證券,2023-05-17,6480
2834,臺企銀,504,14,490,福邦證券,2023-05-18,6480
3231,緯創,509,22,487,福邦證券,2023-05-18,6480
1504,東元,211,18,193,福邦證券,2023-05-18,6480
1301,台塑,153,0,153,福邦證券,2023-05-18,6480
2891,中信金,163,16,147,福邦證券,2023-05-18,6480
00632R,元大台灣50反1,100,0,100,福邦證券,2023-05-18,6480
6488,環球晶,100,0,100,福邦證券,2023-05-18,6480
6625,必應,80,3,77,福邦證券,2023-05-18,6480
2453,凌群,52,3,49,福邦證券,2023-05-18,6480
2382,廣達,50,2,48,福邦證券,2023-05-18,6480
3189,景碩,35,0,35,福邦證券,2023-05-18,6480
6679,鈺太,32,0,32,福邦證券,2023-05-18,6480
1319,東陽,30,0,30,福邦證券,2023-05-18,6480
00696B,富邦美債20年,30,0,30,福邦證券,2023-05-18,6480
2515,中工,30,0,30,福邦證券,2023-05-18,6480
3003,健和興,30,0,30,福邦證券,2023-05-18,6480
6515,穎崴,25,0,25,福邦證券,2023-05-18,6480
2482,連宇,27,3,24,福邦證券,2023-05-18,6480
2618,長榮航,21,0,21,福邦證券,2023-05-18,6480
2468,華經,20,0,20,福邦證券,2023-05-18,6480
2634,漢翔,20,0,20,福邦證券,2023-05-18,6480
3443,創意,26,6,20,福邦證券,2023-05-18,6480
6122,擎邦,20,0,20,福邦證券,2023-05-18,6480
2017,官田鋼,19,0,19,福邦證券,2023-05-18,6480
1760,寶齡富錦,18,0,18,福邦證券,2023-05-18,6480
5269,祥碩,16,0,16,福邦證券,2023-05-18,6480
8171,天宇,16,0,16,福邦證券,2023-05-18,6480
6274,台燿,15,0,15,福邦證券,2023-05-18,6480
6589,台康生技,15,0,15,福邦證券,2023-05-18,6480
3661,世芯-KY,13,0,13,福邦證券,2023-05-18,6480
3704,合勤控,15,2,13,福邦證券,2023-05-18,6480
4583,台灣精銳,13,0,13,福邦證券,2023-05-18,6480
5258,虹堡,33,20,13,福邦證券,2023-05-18,6480
3141,晶宏,12,0,12,福邦證券,2023-05-18,6480
1586,和勤,11,0,11,福邦證券,2023-05-18,6480
00679B,元大美債20年,10,0,10,福邦證券,2023-05-18,6480
00882,中信中國高股息,10,0,10,福邦證券,2023-05-18,6480
1101,台泥,10,0,10,福邦證券,2023-05-18,6480
1477,聚陽,20,10,10,福邦證券,2023-05-18,6480
3058,立德,10,0,10,福邦證券,2023-05-18,6480
3162,精確,10,0,10,福邦證券,2023-05-18,6480
3693,營邦,10,0,10,福邦證券,2023-05-18,6480
6202,盛群,10,0,10,福邦證券,2023-05-18,6480
6846,綠茵,10,0,10,福邦證券,2023-05-18,6480
4541,晟田,10,1,9,福邦證券,2023-05-18,6480
1714,和桐,8,0,8,福邦證券,2023-05-18,6480
1513,中興電,19,11,8,福邦證券,2023-05-18,6480
3607,谷崧,7,0,7,福邦證券,2023-05-18,6480
00752,中信中國50,6,0,6,福邦證券,2023-05-18,6480
1907,永豐餘,6,0,6,福邦證券,2023-05-18,6480
6282,康舒,561,12,549,福邦證券,2023-05-19,6480
2371,大同,258,15,243,福邦證券,2023-05-19,6480
1609,大亞,198,0,198,福邦證券,2023-05-19,6480
4904,遠傳,180,0,180,福邦證券,2023-05-19,6480
3231,緯創,175,18,157,福邦證券,2023-05-19,6480
1513,中興電,151,5,146,福邦證券,2023-05-19,6480
2376,技嘉,110,4,106,福邦證券,2023-05-19,6480
2883,凱基金,101,0,101,福邦證券,2023-05-19,6480
5483,中美晶,71,0,71,福邦證券,2023-05-19,6480
00696B,富邦美債20年,70,0,70,福邦證券,2023-05-19,6480
00795B,中信美國公債20年,50,0,50,福邦證券,2023-05-19,6480
2453,凌群,56,6,50,福邦證券,2023-05-19,6480
6841,長佳智能,50,0,50,福邦證券,2023-05-19,6480
5009,榮剛,51,18,33,福邦證券,2023-05-19,6480
2610,華航,40,8,32,福邦證券,2023-05-19,6480
2317,鴻海,30,0,30,福邦證券,2023-05-19,6480
3260,威剛,30,0,30,福邦證券,2023-05-19,6480
4915,致伸,30,0,30,福邦證券,2023-05-19,6480
4536,拓凱,27,0,27,福邦證券,2023-05-19,6480
2515,中工,26,0,26,福邦證券,2023-05-19,6480
00637L,元大滬深300正2,25,0,25,福邦證券,2023-05-19,6480
4551,智伸科,25,0,25,福邦證券,2023-05-19,6480
00751B,元大AAA至A公司債,22,0,22,福邦證券,2023-05-19,6480
5511,德昌,22,0,22,福邦證券,2023-05-19,6480
1319,東陽,20,0,20,福邦證券,2023-05-19,6480
2888,新光金,20,0,20,福邦證券,2023-05-19,6480
3234,光環,35,15,20,福邦證券,2023-05-19,6480
4927,泰鼎-KY,20,0,20,福邦證券,2023-05-19,6480
5347,世界,20,0,20,福邦證券,2023-05-19,6480
5371,中光電,20,0,20,福邦證券,2023-05-19,6480
6239,力成,20,1,19,福邦證券,2023-05-19,6480
5439,高技,15,0,15,福邦證券,2023-05-19,6480
6584,南俊國際,15,0,15,福邦證券,2023-05-19,6480
3706,神達,15,1,14,福邦證券,2023-05-19,6480
00679B,元大美債20年,11,0,11,福邦證券,2023-05-19,6480
1905,華紙,11,0,11,福邦證券,2023-05-19,6480
3363,上詮,12,1,11,福邦證券,2023-05-19,6480
5284,jpp-KY,11,0,11,福邦證券,2023-05-19,6480
00632R,元大台灣50反1,10,0,10,福邦證券,2023-05-19,6480
00882,中信中國高股息,10,0,10,福邦證券,2023-05-19,6480
2393,億光,10,0,10,福邦證券,2023-05-19,6480
6213,聯茂,10,0,10,福邦證券,2023-05-19,6480
6533,晶心科,10,0,10,福邦證券,2023-05-19,6480
3576,聯合再生,9,0,9,福邦證券,2023-05-19,6480
6271,同欣電,9,0,9,福邦證券,2023-05-19,6480
2377,微星,8,0,8,福邦證券,2023-05-19,6480
6244,茂迪,8,0,8,福邦證券,2023-05-19,6480
8171,天宇,8,0,8,福邦證券,2023-05-19,6480
2204,中華,7,0,7,福邦證券,2023-05-19,6480
2383,台光電,7,0,7,福邦證券,2023-05-19,6480
00632R,元大台灣50反1,5200,150,5050,福邦證券,2023-05-22,6480
2618,長榮航,1627,414,1213,福邦證券,2023-05-22,6480
1210,大成,500,0,500,福邦證券,2023-05-22,6480
2208,台船,305,0,305,福邦證券,2023-05-22,6480
2368,金像電,352,218,134,福邦證券,2023-05-22,6480
3548,兆利,110,0,110,福邦證券,2023-05-22,6480
4904,遠傳,110,0,110,福邦證券,2023-05-22,6480
5439,高技,105,0,105,福邦證券,2023-05-22,6480
2383,台光電,109,5,104,福邦證券,2023-05-22,6480
3443,創意,95,1,94,福邦證券,2023-05-22,6480
2515,中工,60,0,60,福邦證券,2023-05-22,6480
1503,士電,58,0,58,福邦證券,2023-05-22,6480
2317,鴻海,54,0,54,福邦證券,2023-05-22,6480
9938,百和,53,0,53,福邦證券,2023-05-22,6480
1727,中華化,50,6,44,福邦證券,2023-05-22,6480
8069,元太,45,1,44,福邦證券,2023-05-22,6480
3715,定穎投控,40,0,40,福邦證券,2023-05-22,6480
1437,勤益控,35,0,35,福邦證券,2023-05-22,6480
00696B,富邦美債20年,30,0,30,福邦證券,2023-05-22,6480
00795B,中信美國公債20年,30,0,30,福邦證券,2023-05-22,6480
1504,東元,41,12,29,福邦證券,2023-05-22,6480
3702,大聯大,28,0,28,福邦證券,2023-05-22,6480
00715L,期街口布蘭特正2,30,5,25,福邦證券,2023-05-22,6480
6841,長佳智能,40,15,25,福邦證券,2023-05-22,6480
6223,旺矽,25,1,24,福邦證券,2023-05-22,6480
00642U,期元大S＆P石油,20,0,20,福邦證券,2023-05-22,6480
3036,文曄,20,0,20,福邦證券,2023-05-22,6480
6461,益得,19,0,19,福邦證券,2023-05-22,6480
5511,德昌,20,2,18,福邦證券,2023-05-22,6480
8936,國統,16,0,16,福邦證券,2023-05-22,6480
9802,鈺齊-KY,16,0,16,福邦證券,2023-05-22,6480
4958,臻鼎-KY,15,0,15,福邦證券,2023-05-22,6480
2376,技嘉,14,0,14,福邦證券,2023-05-22,6480
8011,台通,15,1,14,福邦證券,2023-05-22,6480
00751B,元大AAA至A公司債,12,0,12,福邦證券,2023-05-22,6480
3631,晟楠,12,0,12,福邦證券,2023-05-22,6480
6202,盛群,11,0,11,福邦證券,2023-05-22,6480
1314,中石化,10,0,10,福邦證券,2023-05-22,6480
3557,嘉威,10,0,10,福邦證券,2023-05-22,6480
6282,康舒,10,0,10,福邦證券,2023-05-22,6480
6451,訊芯-KY,10,0,10,福邦證券,2023-05-22,6480
6112,邁達特,8,0,8,福邦證券,2023-05-22,6480
4173,久裕,7,0,7,福邦證券,2023-05-22,6480
5289,宜鼎,6,0,6,福邦證券,2023-05-22,6480
5483,中美晶,8,2,6,福邦證券,2023-05-22,6480
00900,富邦特選高股息30,5,0,5,福邦證券,2023-05-22,6480
2228,劍麟,5,0,5,福邦證券,2023-05-22,6480
2439,美律,5,0,5,福邦證券,2023-05-22,6480
3163,波若威,5,0,5,福邦證券,2023-05-22,6480
3231,緯創,11,6,5,福邦證券,2023-05-22,6480
2618,長榮航,414,61,353,福邦證券,2023-05-23,6480
3363,上詮,303,3,300,福邦證券,2023-05-23,6480
00878,國泰永續高股息,200,0,200,福邦證券,2023-05-23,6480
1513,中興電,426,243,183,福邦證券,2023-05-23,6480
2330,台積電,185,20,165,福邦證券,2023-05-23,6480
1503,士電,316,160,156,福邦證券,2023-05-23,6480
00696B,富邦美債20年,120,0,120,福邦證券,2023-05-23,6480
00795B,中信美國公債20年,110,0,110,福邦證券,2023-05-23,6480
00676R,富邦臺灣加權反1,100,0,100,福邦證券,2023-05-23,6480
00713,元大台灣高息低波,100,0,100,福邦證券,2023-05-23,6480
0050,元大台灣50,100,0,100,福邦證券,2023-05-23,6480
3025,星通,115,22,93,福邦證券,2023-05-23,6480
8099,大世科,54,0,54,福邦證券,2023-05-23,6480
2515,中工,51,0,51,福邦證券,2023-05-23,6480
5388,中磊,51,0,51,福邦證券,2023-05-23,6480
1326,台化,50,0,50,福邦證券,2023-05-23,6480
2317,鴻海,45,0,45,福邦證券,2023-05-23,6480
1437,勤益控,38,0,38,福邦證券,2023-05-23,6480
00680L,元大美債20正2,30,0,30,福邦證券,2023-05-23,6480
6112,邁達特,27,0,27,福邦證券,2023-05-23,6480
9105,泰金寶-DR,35,11,24,福邦證券,2023-05-23,6480
1218,泰山,20,0,20,福邦證券,2023-05-23,6480
1727,中華化,47,27,20,福邦證券,2023-05-23,6480
2634,漢翔,43,23,20,福邦證券,2023-05-23,6480
3105,穩懋,20,0,20,福邦證券,2023-05-23,6480
3234,光環,20,0,20,福邦證券,2023-05-23,6480
4958,臻鼎-KY,20,0,20,福邦證券,2023-05-23,6480
6235,華孚,18,0,18,福邦證券,2023-05-23,6480
1589,永冠-KY,17,0,17,福邦證券,2023-05-23,6480
1586,和勤,15,0,15,福邦證券,2023-05-23,6480
2017,官田鋼,20,5,15,福邦證券,2023-05-23,6480
2231,為升,15,0,15,福邦證券,2023-05-23,6480
6873,泓德能源,15,0,15,福邦證券,2023-05-23,6480
3701,大眾控,25,11,14,福邦證券,2023-05-23,6480
00679B,元大美債20年,13,0,13,福邦證券,2023-05-23,6480
1529,樂事綠能,12,0,12,福邦證券,2023-05-23,6480
2313,華通,12,0,12,福邦證券,2023-05-23,6480
00632R,元大台灣50反1,15,5,10,福邦證券,2023-05-23,6480
00773B,中信優先金融債,10,0,10,福邦證券,2023-05-23,6480
2332,友訊,10,0,10,福邦證券,2023-05-23,6480
5243,乙盛-KY,10,0,10,福邦證券,2023-05-23,6480
5511,德昌,10,0,10,福邦證券,2023-05-23,6480
6679,鈺太,10,0,10,福邦證券,2023-05-23,6480
8358,金居,10,0,10,福邦證券,2023-05-23,6480
8936,國統,10,0,10,福邦證券,2023-05-23,6480
1528,恩德,10,1,9,福邦證券,2023-05-23,6480
3162,精確,9,0,9,福邦證券,2023-05-23,6480
5371,中光電,9,0,9,福邦證券,2023-05-23,6480
5483,中美晶,9,0,9,福邦證券,2023-05-23,6480
6835,圓裕,9,0,9,福邦證券,2023-05-23,6480
3231,緯創,401,2,399,福邦證券,2023-05-24,6480
5483,中美晶,250,1,249,福邦證券,2023-05-24,6480
2368,金像電,129,3,126,福邦證券,2023-05-24,6480
1609,大亞,120,0,120,福邦證券,2023-05-24,6480
2344,華邦電,101,1,100,福邦證券,2023-05-24,6480
6143,振曜,90,0,90,福邦證券,2023-05-24,6480
2610,華航,80,20,60,福邦證券,2023-05-24,6480
6235,華孚,60,0,60,福邦證券,2023-05-24,6480
00680L,元大美債20正2,50,0,50,福邦證券,2023-05-24,6480
3131,弘塑,51,1,50,福邦證券,2023-05-24,6480
2457,飛宏,147,102,45,福邦證券,2023-05-24,6480
5009,榮剛,43,7,36,福邦證券,2023-05-24,6480
5439,高技,56,20,36,福邦證券,2023-05-24,6480
00637L,元大滬深300正2,35,2,33,福邦證券,2023-05-24,6480
1760,寶齡富錦,30,0,30,福邦證券,2023-05-24,6480
1326,台化,29,0,29,福邦證券,2023-05-24,6480
8099,大世科,73,44,29,福邦證券,2023-05-24,6480
6799,來頡,27,0,27,福邦證券,2023-05-24,6480
3363,上詮,31,7,24,福邦證券,2023-05-24,6480
5243,乙盛-KY,23,0,23,福邦證券,2023-05-24,6480
6584,南俊國際,22,0,22,福邦證券,2023-05-24,6480
00687B,國泰20年美債,20,0,20,福邦證券,2023-05-24,6480
2317,鴻海,20,0,20,福邦證券,2023-05-24,6480
2323,中環,20,0,20,福邦證券,2023-05-24,6480
2462,良得電,20,0,20,福邦證券,2023-05-24,6480
8358,金居,20,0,20,福邦證券,2023-05-24,6480
8936,國統,20,0,20,福邦證券,2023-05-24,6480
2371,大同,40,24,16,福邦證券,2023-05-24,6480
00725B,國泰投資級公司債,15,0,15,福邦證券,2023-05-24,6480
1477,聚陽,15,0,15,福邦證券,2023-05-24,6480
2017,官田鋼,15,0,15,福邦證券,2023-05-24,6480
1586,和勤,31,17,14,福邦證券,2023-05-24,6480
4147,中裕,13,0,13,福邦證券,2023-05-24,6480
1210,大成,12,0,12,福邦證券,2023-05-24,6480
1618,合機,10,0,10,福邦證券,2023-05-24,6480
00655L,國泰中國A50正2,10,0,10,福邦證券,2023-05-24,6480
2515,中工,10,0,10,福邦證券,2023-05-24,6480
3548,兆利,10,0,10,福邦證券,2023-05-24,6480
5508,永信建,10,0,10,福邦證券,2023-05-24,6480
5511,德昌,10,0,10,福邦證券,2023-05-24,6480
2834,臺企銀,8,0,8,福邦證券,2023-05-24,6480
6245,立端,8,0,8,福邦證券,2023-05-24,6480
1437,勤益控,7,0,7,福邦證券,2023-05-24,6480
1589,永冠-KY,7,0,7,福邦證券,2023-05-24,6480
2201,裕隆,13,6,7,福邦證券,2023-05-24,6480
2231,為升,7,0,7,福邦證券,2023-05-24,6480
1709,和益,6,0,6,福邦證券,2023-05-24,6480
1605,華新,6,1,5,福邦證券,2023-05-24,6480
1528,恩德,5,0,5,福邦證券,2023-05-24,6480
2393,億光,5,0,5,福邦證券,2023-05-24,6480
6770,力積電,362,0,362,福邦證券,2023-05-25,6480
1216,統一,300,0,300,福邦證券,2023-05-25,6480
2880,華南金,200,0,200,福邦證券,2023-05-25,6480
00696B,富邦美債20年,190,0,190,福邦證券,2023-05-25,6480
1503,士電,343,162,181,福邦證券,2023-05-25,6480
2891,中信金,110,0,110,福邦證券,2023-05-25,6480
8046,南電,101,4,97,福邦證券,2023-05-25,6480
3034,聯詠,88,1,87,福邦證券,2023-05-25,6480
2323,中環,100,20,80,福邦證券,2023-05-25,6480
2618,長榮航,700,621,79,福邦證券,2023-05-25,6480
5312,寶島科,43,0,43,福邦證券,2023-05-25,6480
2376,技嘉,73,31,42,福邦證券,2023-05-25,6480
00773B,中信優先金融債,40,0,40,福邦證券,2023-05-25,6480
1591,駿吉-KY,40,0,40,福邦證券,2023-05-25,6480
5511,德昌,40,0,40,福邦證券,2023-05-25,6480
2317,鴻海,40,3,37,福邦證券,2023-05-25,6480
1760,寶齡富錦,35,0,35,福邦證券,2023-05-25,6480
2427,三商電,29,0,29,福邦證券,2023-05-25,6480
6202,盛群,26,0,26,福邦證券,2023-05-25,6480
3105,穩懋,35,10,25,福邦證券,2023-05-25,6480
2313,華通,50,28,22,福邦證券,2023-05-25,6480
2405,輔信,20,0,20,福邦證券,2023-05-25,6480
3664,安瑞-KY,20,0,20,福邦證券,2023-05-25,6480
8996,高力,20,0,20,福邦證券,2023-05-25,6480
2634,漢翔,20,1,19,福邦證券,2023-05-25,6480
6488,環球晶,19,0,19,福邦證券,2023-05-25,6480
6679,鈺太,19,0,19,福邦證券,2023-05-25,6480
5258,虹堡,17,0,17,福邦證券,2023-05-25,6480
6873,泓德能源,17,0,17,福邦證券,2023-05-25,6480
00882,中信中國高股息,16,0,16,福邦證券,2023-05-25,6480
00900,富邦特選高股息30,16,0,16,福邦證券,2023-05-25,6480
6026,福邦證,22,6,16,福邦證券,2023-05-25,6480
2017,官田鋼,15,0,15,福邦證券,2023-05-25,6480
2204,中華,25,10,15,福邦證券,2023-05-25,6480
2615,萬海,15,0,15,福邦證券,2023-05-25,6480
2816,旺旺保,14,0,14,福邦證券,2023-05-25,6480
6799,來頡,15,1,14,福邦證券,2023-05-25,6480
4171,瑞基,13,0,13,福邦證券,2023-05-25,6480
2482,連宇,12,0,12,福邦證券,2023-05-25,6480
2886,兆豐金,12,0,12,福邦證券,2023-05-25,6480
5284,jpp-KY,12,0,12,福邦證券,2023-05-25,6480
1477,聚陽,11,0,11,福邦證券,2023-05-25,6480
2344,華邦電,11,0,11,福邦證券,2023-05-25,6480
2609,陽明,11,0,11,福邦證券,2023-05-25,6480
5009,榮剛,28,17,11,福邦證券,2023-05-25,6480
5483,中美晶,11,0,11,福邦證券,2023-05-25,6480
00687B,國泰20年美債,10,0,10,福邦證券,2023-05-25,6480
00680L,元大美債20正2,10,0,10,福邦證券,2023-05-25,6480
00679B,元大美債20年,10,0,10,福邦證券,2023-05-25,6480
00655L,國泰中國A50正2,10,0,10,福邦證券,2023-05-25,6480
2618,長榮航,1782,11,1771,福邦證券,2023-05-26,6480
2891,中信金,495,0,495,福邦證券,2023-05-26,6480
5876,上海商銀,321,0,321,福邦證券,2023-05-26,6480
1503,士電,159,6,153,福邦證券,2023-05-26,6480
6770,力積電,145,1,144,福邦證券,2023-05-26,6480
2368,金像電,133,5,128,福邦證券,2023-05-26,6480
1303,南亞,185,60,125,福邦證券,2023-05-26,6480
2883,凱基金,101,0,101,福邦證券,2023-05-26,6480
4958,臻鼎-KY,100,0,100,福邦證券,2023-05-26,6480
2313,華通,97,9,88,福邦證券,2023-05-26,6480
3443,創意,60,0,60,福邦證券,2023-05-26,6480
9933,中鼎,60,0,60,福邦證券,2023-05-26,6480
6679,鈺太,57,0,57,福邦證券,2023-05-26,6480
2301,光寶科,63,15,48,福邦證券,2023-05-26,6480
3078,僑威,50,3,47,福邦證券,2023-05-26,6480
4564,元翎,134,90,44,福邦證券,2023-05-26,6480
5483,中美晶,41,0,41,福邦證券,2023-05-26,6480
6202,盛群,40,0,40,福邦證券,2023-05-26,6480
8048,德勝,35,0,35,福邦證券,2023-05-26,6480
1605,華新,32,0,32,福邦證券,2023-05-26,6480
00696B,富邦美債20年,30,0,30,福邦證券,2023-05-26,6480
2317,鴻海,30,0,30,福邦證券,2023-05-26,6480
5309,系統電,30,0,30,福邦證券,2023-05-26,6480
2356,英業達,30,1,29,福邦證券,2023-05-26,6480
3231,緯創,66,40,26,福邦證券,2023-05-26,6480
3131,弘塑,26,1,25,福邦證券,2023-05-26,6480
00637L,元大滬深300正2,28,6,22,福邦證券,2023-05-26,6480
4931,新盛力,21,0,21,福邦證券,2023-05-26,6480
2421,建準,22,2,20,福邦證券,2023-05-26,6480
2515,中工,20,0,20,福邦證券,2023-05-26,6480
6139,亞翔,20,0,20,福邦證券,2023-05-26,6480
6235,華孚,20,0,20,福邦證券,2023-05-26,6480
8415,大國鋼,20,0,20,福邦證券,2023-05-26,6480
8403,盛弘,20,1,19,福邦證券,2023-05-26,6480
8085,福華,15,0,15,福邦證券,2023-05-26,6480
1514,亞力,11,0,11,福邦證券,2023-05-26,6480
6799,來頡,11,0,11,福邦證券,2023-05-26,6480
1591,駿吉-KY,10,0,10,福邦證券,2023-05-26,6480
1618,合機,10,0,10,福邦證券,2023-05-26,6480
00676R,富邦臺灣加權反1,10,0,10,福邦證券,2023-05-26,6480
1522,堤維西,10,0,10,福邦證券,2023-05-26,6480
2748,雲品,10,0,10,福邦證券,2023-05-26,6480
3548,兆利,10,0,10,福邦證券,2023-05-26,6480
3701,大眾控,10,0,10,福邦證券,2023-05-26,6480
5508,永信建,10,0,10,福邦證券,2023-05-26,6480
6147,頎邦,10,0,10,福邦證券,2023-05-26,6480
3306,鼎天,9,0,9,福邦證券,2023-05-26,6480
4160,訊聯基因,9,0,9,福邦證券,2023-05-26,6480
2382,廣達,11,2,9,福邦證券,2023-05-26,6480
1477,聚陽,6,0,6,福邦證券,2023-05-26,6480
00696B,富邦美債20年,1901,0,1901,福邦證券,2023-05-29,6480
1513,中興電,254,2,252,福邦證券,2023-05-29,6480
2313,華通,200,0,200,福邦證券,2023-05-29,6480
3037,欣興,166,3,163,福邦證券,2023-05-29,6480
2368,金像電,162,10,152,福邦證券,2023-05-29,6480
3711,日月光投控,151,0,151,福邦證券,2023-05-29,6480
3231,緯創,204,64,140,福邦證券,2023-05-29,6480
2317,鴻海,126,6,120,福邦證券,2023-05-29,6480
2330,台積電,110,2,108,福邦證券,2023-05-29,6480
3363,上詮,79,3,76,福邦證券,2023-05-29,6480
2371,大同,101,38,63,福邦證券,2023-05-29,6480
4915,致伸,51,0,51,福邦證券,2023-05-29,6480
00642U,期元大S＆P石油,40,0,40,福邦證券,2023-05-29,6480
2344,華邦電,40,0,40,福邦證券,2023-05-29,6480
1586,和勤,34,0,34,福邦證券,2023-05-29,6480
6239,力成,37,3,34,福邦證券,2023-05-29,6480
8150,南茂,33,1,32,福邦證券,2023-05-29,6480
3019,亞光,26,0,26,福邦證券,2023-05-29,6480
3131,弘塑,35,10,25,福邦證券,2023-05-29,6480
2482,連宇,22,1,21,福邦證券,2023-05-29,6480
00738U,期元大道瓊白銀,20,0,20,福邦證券,2023-05-29,6480
00632R,元大台灣50反1,20,0,20,福邦證券,2023-05-29,6480
2017,官田鋼,20,0,20,福邦證券,2023-05-29,6480
3025,星通,20,0,20,福邦證券,2023-05-29,6480
8415,大國鋼,20,0,20,福邦證券,2023-05-29,6480
6244,茂迪,20,3,17,福邦證券,2023-05-29,6480
6461,益得,21,4,17,福邦證券,2023-05-29,6480
1589,永冠-KY,15,0,15,福邦證券,2023-05-29,6480
1522,堤維西,15,0,15,福邦證券,2023-05-29,6480
2408,南亞科,14,0,14,福邦證券,2023-05-29,6480
4927,泰鼎-KY,20,6,14,福邦證券,2023-05-29,6480
3631,晟楠,13,0,13,福邦證券,2023-05-29,6480
6161,捷波,13,0,13,福邦證券,2023-05-29,6480
2303,聯電,25,13,12,福邦證券,2023-05-29,6480
5328,華容,12,0,12,福邦證券,2023-05-29,6480
5483,中美晶,12,0,12,福邦證券,2023-05-29,6480
1101,台泥,11,0,11,福邦證券,2023-05-29,6480
6679,鈺太,11,0,11,福邦證券,2023-05-29,6480
6279,胡連,10,0,10,福邦證券,2023-05-29,6480
00655L,國泰中國A50正2,10,0,10,福邦證券,2023-05-29,6480
1104,環泥,10,0,10,福邦證券,2023-05-29,6480
1525,江申,10,0,10,福邦證券,2023-05-29,6480
2515,中工,10,0,10,福邦證券,2023-05-29,6480
3419,譁裕,10,0,10,福邦證券,2023-05-29,6480
3617,碩天,10,0,10,福邦證券,2023-05-29,6480
3664,安瑞-KY,10,0,10,福邦證券,2023-05-29,6480
3675,德微,10,0,10,福邦證券,2023-05-29,6480
6548,長科*,10,0,10,福邦證券,2023-05-29,6480
8996,高力,11,1,10,福邦證券,2023-05-29,6480
2308,台達電,10,0,10,福邦證券,2023-05-29,6480
2618,長榮航,509,59,450,福邦證券,2023-05-30,6480
2371,大同,662,320,342,福邦證券,2023-05-30,6480
4958,臻鼎-KY,250,1,249,福邦證券,2023-05-30,6480
00632R,元大台灣50反1,160,0,160,福邦證券,2023-05-30,6480
2634,漢翔,142,0,142,福邦證券,2023-05-30,6480
3034,聯詠,131,0,131,福邦證券,2023-05-30,6480
3029,零壹,124,0,124,福邦證券,2023-05-30,6480
2419,仲琦,110,0,110,福邦證券,2023-05-30,6480
3305,昇貿,100,0,100,福邦證券,2023-05-30,6480
4147,中裕,100,0,100,福邦證券,2023-05-30,6480
3078,僑威,61,0,61,福邦證券,2023-05-30,6480
2313,華通,60,0,60,福邦證券,2023-05-30,6480
2331,精英,51,0,51,福邦證券,2023-05-30,6480
2383,台光電,100,50,50,福邦證券,2023-05-30,6480
5876,上海商銀,50,0,50,福邦證券,2023-05-30,6480
6188,廣明,33,0,33,福邦證券,2023-05-30,6480
00715L,期街口布蘭特正2,37,5,32,福邦證券,2023-05-30,6480
2884,玉山金,30,0,30,福邦證券,2023-05-30,6480
2425,承啟,31,3,28,福邦證券,2023-05-30,6480
3710,連展投控,24,0,24,福邦證券,2023-05-30,6480
00725B,國泰投資級公司債,21,0,21,福邦證券,2023-05-30,6480
8099,大世科,23,2,21,福邦證券,2023-05-30,6480
3675,德微,20,0,20,福邦證券,2023-05-30,6480
1524,耿鼎,16,0,16,福邦證券,2023-05-30,6480
5284,jpp-KY,15,0,15,福邦證券,2023-05-30,6480
6799,來頡,16,1,15,福邦證券,2023-05-30,6480
2834,臺企銀,13,0,13,福邦證券,2023-05-30,6480
1605,華新,12,0,12,福邦證券,2023-05-30,6480
00720B,元大投資級公司債,12,0,12,福邦證券,2023-05-30,6480
3037,欣興,12,0,12,福邦證券,2023-05-30,6480
3149,正達,12,0,12,福邦證券,2023-05-30,6480
1314,中石化,11,0,11,福邦證券,2023-05-30,6480
3013,晟銘電,11,0,11,福邦證券,2023-05-30,6480
00650L,復華香港正2,25,15,10,福邦證券,2023-05-30,6480
1760,寶齡富錦,10,0,10,福邦證券,2023-05-30,6480
2356,英業達,31,21,10,福邦證券,2023-05-30,6480
2482,連宇,10,0,10,福邦證券,2023-05-30,6480
2609,陽明,10,0,10,福邦證券,2023-05-30,6480
2883,凱基金,10,0,10,福邦證券,2023-05-30,6480
2886,兆豐金,10,0,10,福邦證券,2023-05-30,6480
3017,奇鋐,10,0,10,福邦證券,2023-05-30,6480
6733,博晟生醫,10,0,10,福邦證券,2023-05-30,6480
8048,德勝,10,0,10,福邦證券,2023-05-30,6480
8085,福華,10,0,10,福邦證券,2023-05-30,6480
8299,群聯,10,0,10,福邦證券,2023-05-30,6480
2610,華航,13,4,9,福邦證券,2023-05-30,6480
1586,和勤,8,0,8,福邦證券,2023-05-30,6480
00757,統一FANG+,8,0,8,福邦證券,2023-05-30,6480
2303,聯電,12,5,7,福邦證券,2023-05-30,6480
1522,堤維西,6,0,6,福邦證券,2023-05-30,6480
2515,中工,3000,15,2985,福邦證券,2023-05-31,6480
5876,上海商銀,500,0,500,福邦證券,2023-05-31,6480
1101,台泥,311,0,311,福邦證券,2023-05-31,6480
2002,中鋼,205,0,205,福邦證券,2023-05-31,6480
1609,大亞,185,1,184,福邦證券,2023-05-31,6480
1303,南亞,80,0,80,福邦證券,2023-05-31,6480
3706,神達,56,0,56,福邦證券,2023-05-31,6480
6756,威鋒電子,52,0,52,福邦證券,2023-05-31,6480
4770,上品,50,0,50,福邦證券,2023-05-31,6480
6715,嘉基,50,0,50,福邦證券,2023-05-31,6480
2371,大同,191,144,47,福邦證券,2023-05-31,6480
2383,台光電,40,0,40,福邦證券,2023-05-31,6480
1513,中興電,45,8,37,福邦證券,2023-05-31,6480
00715L,期街口布蘭特正2,42,15,27,福邦證券,2023-05-31,6480
3491,昇達科,22,0,22,福邦證券,2023-05-31,6480
00642U,期元大S＆P石油,20,0,20,福邦證券,2023-05-31,6480
2332,友訊,21,1,20,福邦證券,2023-05-31,6480
2888,新光金,20,0,20,福邦證券,2023-05-31,6480
3526,凡甲,20,0,20,福邦證券,2023-05-31,6480
3702,大聯大,20,0,20,福邦證券,2023-05-31,6480
5351,鈺創,20,0,20,福邦證券,2023-05-31,6480
8415,大國鋼,20,0,20,福邦證券,2023-05-31,6480
3661,世芯-KY,18,0,18,福邦證券,2023-05-31,6480
4766,南寶,17,0,17,福邦證券,2023-05-31,6480
00725B,國泰投資級公司債,17,1,16,福邦證券,2023-05-31,6480
6111,大宇資,16,0,16,福邦證券,2023-05-31,6480
2607,榮運,15,0,15,福邦證券,2023-05-31,6480
3221,台嘉碩,12,0,12,福邦證券,2023-05-31,6480
2482,連宇,13,2,11,福邦證券,2023-05-31,6480
2017,官田鋼,10,0,10,福邦證券,2023-05-31,6480
00773B,中信優先金融債,10,0,10,福邦證券,2023-05-31,6480
2354,鴻準,10,0,10,福邦證券,2023-05-31,6480
2356,英業達,20,10,10,福邦證券,2023-05-31,6480
2362,藍天,10,0,10,福邦證券,2023-05-31,6480
4523,永彰,10,0,10,福邦證券,2023-05-31,6480
6147,頎邦,10,0,10,福邦證券,2023-05-31,6480
4706,大恭,8,0,8,福邦證券,2023-05-31,6480
5706,鳳凰,8,0,8,福邦證券,2023-05-31,6480
6161,捷波,8,0,8,福邦證券,2023-05-31,6480
00757,統一FANG+,8,1,7,福邦證券,2023-05-31,6480
2609,陽明,8,1,7,福邦證券,2023-05-31,6480
8085,福華,8,1,7,福邦證券,2023-05-31,6480
1467,南緯,18,12,6,福邦證券,2023-05-31,6480
6269,台郡,6,0,6,福邦證券,2023-05-31,6480
2330,台積電,6,1,5,福邦證券,2023-05-31,6480
1773,勝一,5,0,5,福邦證券,2023-05-31,6480
1522,堤維西,5,0,5,福邦證券,2023-05-31,6480
00882,中信中國高股息,5,0,5,福邦證券,2023-05-31,6480
5274,信驊,5,0,5,福邦證券,2023-05-31,6480
6670,復盛應用,5,0,5,福邦證券,2023-05-31,6480
2382,廣達,603,1,602,福邦證券,2023-06-01,6480
8210,勤誠,408,2,406,福邦證券,2023-06-01,6480
2352,佳世達,160,0,160,福邦證券,2023-06-01,6480
6235,華孚,158,1,157,福邦證券,2023-06-01,6480
3017,奇鋐,153,1,152,福邦證券,2023-06-01,6480
2017,官田鋼,120,0,120,福邦證券,2023-06-01,6480
1513,中興電,122,42,80,福邦證券,2023-06-01,6480
2331,精英,128,75,53,福邦證券,2023-06-01,6480
2615,萬海,50,0,50,福邦證券,2023-06-01,6480
3078,僑威,51,1,50,福邦證券,2023-06-01,6480
8996,高力,48,11,37,福邦證券,2023-06-01,6480
2211,長榮鋼,31,0,31,福邦證券,2023-06-01,6480
00773B,中信優先金融債,30,0,30,福邦證券,2023-06-01,6480
3105,穩懋,30,0,30,福邦證券,2023-06-01,6480
4979,華星光,30,0,30,福邦證券,2023-06-01,6480
1467,南緯,24,0,24,福邦證券,2023-06-01,6480
1319,東陽,22,0,22,福邦證券,2023-06-01,6480
4736,泰博,21,0,21,福邦證券,2023-06-01,6480
1760,寶齡富錦,20,0,20,福邦證券,2023-06-01,6480
00637L,元大滬深300正2,20,0,20,福邦證券,2023-06-01,6480
3260,威剛,20,0,20,福邦證券,2023-06-01,6480
3548,兆利,20,0,20,福邦證券,2023-06-01,6480
3673,TPK-KY,24,6,18,福邦證券,2023-06-01,6480
3653,健策,17,0,17,福邦證券,2023-06-01,6480
4163,鐿鈦,17,0,17,福邦證券,2023-06-01,6480
2706,第一店,26,10,16,福邦證券,2023-06-01,6480
2330,台積電,15,0,15,福邦證券,2023-06-01,6480
2393,億光,15,0,15,福邦證券,2023-06-01,6480
3362,先進光,15,0,15,福邦證券,2023-06-01,6480
6282,康舒,84,71,13,福邦證券,2023-06-01,6480
6161,捷波,12,0,12,福邦證券,2023-06-01,6480
00650L,復華香港正2,10,0,10,福邦證券,2023-06-01,6480
2515,中工,833,823,10,福邦證券,2023-06-01,6480
2886,兆豐金,10,0,10,福邦證券,2023-06-01,6480
3675,德微,10,0,10,福邦證券,2023-06-01,6480
4563,百德,10,0,10,福邦證券,2023-06-01,6480
4974,亞泰,10,0,10,福邦證券,2023-06-01,6480
6147,頎邦,10,0,10,福邦證券,2023-06-01,6480
6799,來頡,10,0,10,福邦證券,2023-06-01,6480
8936,國統,10,0,10,福邦證券,2023-06-01,6480
00772B,中信高評級公司債,9,0,9,福邦證券,2023-06-01,6480
8299,群聯,9,0,9,福邦證券,2023-06-01,6480
8933,愛地雅,9,0,9,福邦證券,2023-06-01,6480
00715L,期街口布蘭特正2,18,10,8,福邦證券,2023-06-01,6480
3363,上詮,10,2,8,福邦證券,2023-06-01,6480
00919,群益台灣精選高息,7,0,7,福邦證券,2023-06-01,6480
2888,新光金,6,0,6,福邦證券,2023-06-01,6480
006208,富邦台50,5,0,5,福邦證券,2023-06-01,6480
00680L,元大美債20正2,5,0,5,福邦證券,2023-06-01,6480
2603,長榮,5,0,5,福邦證券,2023-06-01,6480
00632R,元大台灣50反1,2283,35,2248,福邦證券,2023-06-02,6480
2371,大同,504,22,482,福邦證券,2023-06-02,6480
2382,廣達,333,27,306,福邦證券,2023-06-02,6480
2421,建準,100,1,99,福邦證券,2023-06-02,6480
2887,台新金,100,1,99,福邦證券,2023-06-02,6480
2206,三陽工業,101,8,93,福邦證券,2023-06-02,6480
3532,台勝科,71,1,70,福邦證券,2023-06-02,6480
1609,大亞,115,61,54,福邦證券,2023-06-02,6480
1586,和勤,45,3,42,福邦證券,2023-06-02,6480
4105,東洋,40,0,40,福邦證券,2023-06-02,6480
3673,TPK-KY,22,1,21,福邦證券,2023-06-02,6480
00641R,富邦日本反1,20,0,20,福邦證券,2023-06-02,6480
2425,承啟,50,30,20,福邦證券,2023-06-02,6480
5009,榮剛,41,21,20,福邦證券,2023-06-02,6480
3363,上詮,46,28,18,福邦證券,2023-06-02,6480
3362,先進光,17,0,17,福邦證券,2023-06-02,6480
2603,長榮,15,0,15,福邦證券,2023-06-02,6480
3591,艾笛森,15,0,15,福邦證券,2023-06-02,6480
2706,第一店,14,0,14,福邦證券,2023-06-02,6480
2353,宏��,13,0,13,福邦證券,2023-06-02,6480
2489,瑞軒,41,28,13,福邦證券,2023-06-02,6480
00679B,元大美債20年,12,0,12,福邦證券,2023-06-02,6480
3526,凡甲,11,0,11,福邦證券,2023-06-02,6480
4743,合一,11,0,11,福邦證券,2023-06-02,6480
006208,富邦台50,10,0,10,福邦證券,2023-06-02,6480
00725B,國泰投資級公司債,10,0,10,福邦證券,2023-06-02,6480
2444,兆勁,10,0,10,福邦證券,2023-06-02,6480
2734,易飛網,10,0,10,福邦證券,2023-06-02,6480
3221,台嘉碩,10,0,10,福邦證券,2023-06-02,6480
5511,德昌,10,0,10,福邦證券,2023-06-02,6480
6274,台燿,10,0,10,福邦證券,2023-06-02,6480
6491,晶碩,10,0,10,福邦證券,2023-06-02,6480
6517,保勝光學,10,0,10,福邦證券,2023-06-02,6480
6741,91APP*-KY,10,0,10,福邦證券,2023-06-02,6480
2303,聯電,15,6,9,福邦證券,2023-06-02,6480
2324,仁寶,10,1,9,福邦證券,2023-06-02,6480
6605,帝寶,10,1,9,福邦證券,2023-06-02,6480
00757,統一FANG+,8,0,8,福邦證券,2023-06-02,6480
5426,振發,8,0,8,福邦證券,2023-06-02,6480
3338,泰碩,7,0,7,福邦證券,2023-06-02,6480
3707,漢磊,7,0,7,福邦證券,2023-06-02,6480
8996,高力,14,7,7,福邦證券,2023-06-02,6480
2455,全新,7,1,6,福邦證券,2023-06-02,6480
5371,中光電,6,0,6,福邦證券,2023-06-02,6480
1799,易威,5,0,5,福邦證券,2023-06-02,6480
2239,英利-KY,5,0,5,福邦證券,2023-06-02,6480
2359,所羅門,30,25,5,福邦證券,2023-06-02,6480
2605,新興,5,0,5,福邦證券,2023-06-02,6480
3090,日電貿,5,0,5,福邦證券,2023-06-02,6480
4946,辣椒,5,0,5,福邦證券,2023-06-02,6480
00671R,富邦NASDAQ反1,2200,0,2200,福邦證券,2023-06-05,6480
1905,華紙,600,5,595,福邦證券,2023-06-05,6480
2368,金像電,685,103,582,福邦證券,2023-06-05,6480
1727,中華化,255,5,250,福邦證券,2023-06-05,6480
3324,雙鴻,188,19,169,福邦證券,2023-06-05,6480
1503,士電,160,0,160,福邦證券,2023-06-05,6480
2455,全新,160,0,160,福邦證券,2023-06-05,6480
1319,東陽,115,0,115,福邦證券,2023-06-05,6480
0050,元大台灣50,107,0,107,福邦證券,2023-06-05,6480
3483,力致,100,0,100,福邦證券,2023-06-05,6480
2382,廣達,101,3,98,福邦證券,2023-06-05,6480
8454,富邦媒,90,0,90,福邦證券,2023-06-05,6480
2352,佳世達,80,2,78,福邦證券,2023-06-05,6480
2345,智邦,72,0,72,福邦證券,2023-06-05,6480
8033,雷虎,70,3,67,福邦證券,2023-06-05,6480
2331,精英,82,21,61,福邦證券,2023-06-05,6480
5511,德昌,50,0,50,福邦證券,2023-06-05,6480
3481,群創,60,12,48,福邦證券,2023-06-05,6480
2371,大同,152,112,40,福邦證券,2023-06-05,6480
2731,雄獅,36,0,36,福邦證券,2023-06-05,6480
3491,昇達科,30,0,30,福邦證券,2023-06-05,6480
8069,元太,33,3,30,福邦證券,2023-06-05,6480
6584,南俊國際,28,0,28,福邦證券,2023-06-05,6480
00719B,元大美債1-3,25,0,25,福邦證券,2023-06-05,6480
2409,友達,26,2,24,福邦證券,2023-06-05,6480
00712,復華富時不動產,21,0,21,福邦證券,2023-06-05,6480
4563,百德,20,0,20,福邦證券,2023-06-05,6480
6873,泓德能源,18,0,18,福邦證券,2023-06-05,6480
8446,華研,18,0,18,福邦證券,2023-06-05,6480
2603,長榮,16,0,16,福邦證券,2023-06-05,6480
00679B,元大美債20年,15,0,15,福邦證券,2023-06-05,6480
6015,宏遠證,15,0,15,福邦證券,2023-06-05,6480
6104,創惟,16,1,15,福邦證券,2023-06-05,6480
6147,頎邦,15,0,15,福邦證券,2023-06-05,6480
8085,福華,15,0,15,福邦證券,2023-06-05,6480
2610,華航,12,0,12,福邦證券,2023-06-05,6480
3526,凡甲,11,0,11,福邦證券,2023-06-05,6480
00762,元大全球AI,10,0,10,福邦證券,2023-06-05,6480
2851,中再保,10,0,10,福邦證券,2023-06-05,6480
3058,立德,20,10,10,福邦證券,2023-06-05,6480
3131,弘塑,11,1,10,福邦證券,2023-06-05,6480
3535,晶彩科,10,0,10,福邦證券,2023-06-05,6480
4147,中裕,10,0,10,福邦證券,2023-06-05,6480
6126,信音,10,0,10,福邦證券,2023-06-05,6480
6138,茂達,10,0,10,福邦證券,2023-06-05,6480
00751B,元大AAA至A公司債,9,0,9,福邦證券,2023-06-05,6480
2332,友訊,9,0,9,福邦證券,2023-06-05,6480
1709,和益,9,2,7,福邦證券,2023-06-05,6480
00720B,元大投資級公司債,7,0,7,福邦證券,2023-06-05,6480
00772B,中信高評級公司債,6,0,6,福邦證券,2023-06-05,6480
00632R,元大台灣50反1,370,0,370,福邦證券,2023-06-06,6480
3673,TPK-KY,429,87,342,福邦證券,2023-06-06,6480
2371,大同,361,33,328,福邦證券,2023-06-06,6480
1609,大亞,306,92,214,福邦證券,2023-06-06,6480
6285,啟��,201,0,201,福邦證券,2023-06-06,6480
4979,華星光,185,0,185,福邦證券,2023-06-06,6480
4904,遠傳,180,0,180,福邦證券,2023-06-06,6480
1519,華城,159,0,159,福邦證券,2023-06-06,6480
2376,技嘉,164,6,158,福邦證券,2023-06-06,6480
6235,華孚,158,0,158,福邦證券,2023-06-06,6480
2368,金像電,163,6,157,福邦證券,2023-06-06,6480
2888,新光金,210,55,155,福邦證券,2023-06-06,6480
3325,旭品,152,1,151,福邦證券,2023-06-06,6480
2388,威盛,283,145,138,福邦證券,2023-06-06,6480
3231,緯創,134,3,131,福邦證券,2023-06-06,6480
1319,東陽,130,0,130,福邦證券,2023-06-06,6480
2308,台達電,150,45,105,福邦證券,2023-06-06,6480
6288,聯嘉,100,0,100,福邦證券,2023-06-06,6480
2323,中環,91,1,90,福邦證券,2023-06-06,6480
6584,南俊國際,84,0,84,福邦證券,2023-06-06,6480
3702,大聯大,60,0,60,福邦證券,2023-06-06,6480
2442,新美齊,60,3,57,福邦證券,2023-06-06,6480
6679,鈺太,56,0,56,福邦證券,2023-06-06,6480
5347,世界,50,0,50,福邦證券,2023-06-06,6480
3481,群創,46,6,40,福邦證券,2023-06-06,6480
5009,榮剛,93,56,37,福邦證券,2023-06-06,6480
3701,大眾控,25,0,25,福邦證券,2023-06-06,6480
2489,瑞軒,23,0,23,福邦證券,2023-06-06,6480
1477,聚陽,22,1,21,福邦證券,2023-06-06,6480
2734,易飛網,20,0,20,福邦證券,2023-06-06,6480
4931,新盛力,20,0,20,福邦證券,2023-06-06,6480
8996,高力,18,0,18,福邦證券,2023-06-06,6480
3105,穩懋,15,0,15,福邦證券,2023-06-06,6480
6205,詮欣,15,0,15,福邦證券,2023-06-06,6480
6282,康舒,25,10,15,福邦證券,2023-06-06,6480
1467,南緯,18,5,13,福邦證券,2023-06-06,6480
5426,振發,12,0,12,福邦證券,2023-06-06,6480
00712,復華富時不動產,10,0,10,福邦證券,2023-06-06,6480
00679B,元大美債20年,10,0,10,福邦證券,2023-06-06,6480
4563,百德,10,0,10,福邦證券,2023-06-06,6480
5222,全訊,11,1,10,福邦證券,2023-06-06,6480
5381,合正,10,0,10,福邦證券,2023-06-06,6480
5511,德昌,10,0,10,福邦證券,2023-06-06,6480
6170,統振,10,0,10,福邦證券,2023-06-06,6480
6213,聯茂,10,0,10,福邦證券,2023-06-06,6480
6446,藥華藥,10,0,10,福邦證券,2023-06-06,6480
8085,福華,10,0,10,福邦證券,2023-06-06,6480
8097,常珵,10,0,10,福邦證券,2023-06-06,6480
3037,欣興,10,1,9,福邦證券,2023-06-06,6480
6873,泓德能源,9,0,9,福邦證券,2023-06-06,6480
2890,永豐金,1140,0,1140,福邦證券,2023-06-07,6480
2409,友達,543,3,540,福邦證券,2023-06-07,6480
3231,緯創,175,2,173,福邦證券,2023-06-07,6480
6235,華孚,159,0,159,福邦證券,2023-06-07,6480
2383,台光電,200,73,127,福邦證券,2023-06-07,6480
1584,精剛,123,0,123,福邦證券,2023-06-07,6480
2753,八方雲集,110,0,110,福邦證券,2023-06-07,6480
3374,精材,110,1,109,福邦證券,2023-06-07,6480
1515,力山,100,0,100,福邦證券,2023-06-07,6480
4979,華星光,100,5,95,福邦證券,2023-06-07,6480
2331,精英,80,1,79,福邦證券,2023-06-07,6480
6288,聯嘉,60,0,60,福邦證券,2023-06-07,6480
1308,亞聚,50,0,50,福邦證券,2023-06-07,6480
1305,華夏,50,0,50,福邦證券,2023-06-07,6480
8033,雷虎,60,10,50,福邦證券,2023-06-07,6480
8299,群聯,50,0,50,福邦證券,2023-06-07,6480
6510,精測,55,8,47,福邦證券,2023-06-07,6480
2609,陽明,40,0,40,福邦證券,2023-06-07,6480
3293,鈊象,38,0,38,福邦證券,2023-06-07,6480
5284,jpp-KY,45,10,35,福邦證券,2023-06-07,6480
00715L,期街口布蘭特正2,31,0,31,福邦證券,2023-06-07,6480
3551,世禾,31,0,31,福邦證券,2023-06-07,6480
6486,互動,30,0,30,福邦證券,2023-06-07,6480
2329,華泰,30,1,29,福邦證券,2023-06-07,6480
2352,佳世達,30,1,29,福邦證券,2023-06-07,6480
2301,光寶科,26,0,26,福邦證券,2023-06-07,6480
3481,群創,33,7,26,福邦證券,2023-06-07,6480
3529,力旺,25,0,25,福邦證券,2023-06-07,6480
5511,德昌,36,11,25,福邦證券,2023-06-07,6480
3325,旭品,86,63,23,福邦證券,2023-06-07,6480
2027,大成鋼,20,0,20,福邦證券,2023-06-07,6480
3221,台嘉碩,20,0,20,福邦證券,2023-06-07,6480
4930,燦星網,20,0,20,福邦證券,2023-06-07,6480
1467,南緯,36,22,14,福邦證券,2023-06-07,6480
5288,豐祥-KY,14,0,14,福邦證券,2023-06-07,6480
6584,南俊國際,15,2,13,福邦證券,2023-06-07,6480
2382,廣達,21,8,13,福邦證券,2023-06-07,6480
3711,日月光投控,17,5,12,福邦證券,2023-06-07,6480
3025,星通,11,0,11,福邦證券,2023-06-07,6480
5425,台半,11,0,11,福邦證券,2023-06-07,6480
6282,康舒,11,0,11,福邦證券,2023-06-07,6480
6789,采鈺,13,2,11,福邦證券,2023-06-07,6480
1785,光洋科,11,1,10,福邦證券,2023-06-07,6480
2888,新光金,18,8,10,福邦證券,2023-06-07,6480
3008,大立光,10,0,10,福邦證券,2023-06-07,6480
4927,泰鼎-KY,10,0,10,福邦證券,2023-06-07,6480
5871,中租-KY,10,0,10,福邦證券,2023-06-07,6480
6147,頎邦,10,0,10,福邦證券,2023-06-07,6480
6438,迅得,10,0,10,福邦證券,2023-06-07,6480
6026,福邦證,21,11,10,福邦證券,2023-06-07,6480
2883B,凱基金乙特,710,0,710,福邦證券,2023-06-08,6480
3231,緯創,715,104,611,福邦證券,2023-06-08,6480
2409,友達,546,2,544,福邦證券,2023-06-08,6480
2328,廣宇,368,0,368,福邦證券,2023-06-08,6480
1609,大亞,366,3,363,福邦證券,2023-06-08,6480
3078,僑威,258,24,234,福邦證券,2023-06-08,6480
4979,華星光,202,0,202,福邦證券,2023-06-08,6480
8086,宏捷科,158,0,158,福邦證券,2023-06-08,6480
1402,遠東新,115,0,115,福邦證券,2023-06-08,6480
6285,啟��,102,0,102,福邦證券,2023-06-08,6480
6274,台燿,132,31,101,福邦證券,2023-06-08,6480
2368,金像電,200,100,100,福邦證券,2023-06-08,6480
6187,萬潤,100,0,100,福邦證券,2023-06-08,6480
1102,亞泥,75,0,75,福邦證券,2023-06-08,6480
3443,創意,61,0,61,福邦證券,2023-06-08,6480
5511,德昌,55,0,55,福邦證券,2023-06-08,6480
6584,南俊國際,55,0,55,福邦證券,2023-06-08,6480
4967,十銓,102,51,51,福邦證券,2023-06-08,6480
2609,陽明,60,11,49,福邦證券,2023-06-08,6480
6288,聯嘉,60,20,40,福邦證券,2023-06-08,6480
7402,邑錡,35,0,35,福邦證券,2023-06-08,6480
5439,高技,30,0,30,福邦證券,2023-06-08,6480
8011,台通,30,0,30,福邦證券,2023-06-08,6480
8261,富鼎,30,0,30,福邦證券,2023-06-08,6480
3454,晶睿,27,0,27,福邦證券,2023-06-08,6480
2313,華通,26,1,25,福邦證券,2023-06-08,6480
4707,磐亞,28,3,25,福邦證券,2023-06-08,6480
2329,華泰,24,0,24,福邦證券,2023-06-08,6480
4746,台耀,21,0,21,福邦證券,2023-06-08,6480
00720B,元大投資級公司債,20,0,20,福邦證券,2023-06-08,6480
00751B,元大AAA至A公司債,20,0,20,福邦證券,2023-06-08,6480
006208,富邦台50,30,10,20,福邦證券,2023-06-08,6480
1795,美時,22,2,20,福邦證券,2023-06-08,6480
4930,燦星網,20,0,20,福邦證券,2023-06-08,6480
6414,樺漢,20,0,20,福邦證券,2023-06-08,6480
4123,晟德,20,1,19,福邦證券,2023-06-08,6480
4931,新盛力,20,1,19,福邦證券,2023-06-08,6480
3701,大眾控,18,0,18,福邦證券,2023-06-08,6480
00919,群益台灣精選高息,13,0,13,福邦證券,2023-06-08,6480
2383,台光電,12,0,12,福邦證券,2023-06-08,6480
3325,旭品,11,0,11,福邦證券,2023-06-08,6480
00696B,富邦美債20年,10,0,10,福邦證券,2023-06-08,6480
3025,星通,10,0,10,福邦證券,2023-06-08,6480
4533,協易機,10,0,10,福邦證券,2023-06-08,6480
4770,上品,10,0,10,福邦證券,2023-06-08,6480
5381,合正,10,0,10,福邦證券,2023-06-08,6480
00679B,元大美債20年,814,805,9,福邦證券,2023-06-08,6480
5225,東科-KY,9,0,9,福邦證券,2023-06-08,6480
1605,華新,9,1,8,福邦證券,2023-06-08,6480
00772B,中信高評級公司債,8,0,8,福邦證券,2023-06-08,6480
2002,中鋼,500,0,500,福邦證券,2023-06-09,6480
2618,長榮航,403,8,395,福邦證券,2023-06-09,6480
0050,元大台灣50,432,102,330,福邦證券,2023-06-09,6480
2890,永豐金,290,0,290,福邦證券,2023-06-09,6480
6026,福邦證,257,0,257,福邦證券,2023-06-09,6480
1609,大亞,275,110,165,福邦證券,2023-06-09,6480
2352,佳世達,155,0,155,福邦證券,2023-06-09,6480
1560,中砂,200,46,154,福邦證券,2023-06-09,6480
2371,大同,160,21,139,福邦證券,2023-06-09,6480
2388,威盛,100,3,97,福邦證券,2023-06-09,6480
3551,世禾,91,1,90,福邦證券,2023-06-09,6480
2707,晶華,54,3,51,福邦證券,2023-06-09,6480
1316,上曜,50,0,50,福邦證券,2023-06-09,6480
3058,立德,50,0,50,福邦證券,2023-06-09,6480
2353,宏��,50,2,48,福邦證券,2023-06-09,6480
2383,台光電,42,0,42,福邦證券,2023-06-09,6480
2753,八方雲集,42,2,40,福邦證券,2023-06-09,6480
8011,台通,40,0,40,福邦證券,2023-06-09,6480
1586,和勤,36,0,36,福邦證券,2023-06-09,6480
00715L,期街口布蘭特正2,51,15,36,福邦證券,2023-06-09,6480
2888,新光金,134,100,34,福邦證券,2023-06-09,6480
3702,大聯大,30,0,30,福邦證券,2023-06-09,6480
3481,群創,25,0,25,福邦證券,2023-06-09,6480
3653,健策,25,0,25,福邦證券,2023-06-09,6480
5009,榮剛,43,21,22,福邦證券,2023-06-09,6480
1314,中石化,21,0,21,福邦證券,2023-06-09,6480
6125,廣運,44,23,21,福邦證券,2023-06-09,6480
1584,精剛,20,0,20,福邦證券,2023-06-09,6480
00642U,期元大S＆P石油,20,0,20,福邦證券,2023-06-09,6480
00895,富邦未來車,20,0,20,福邦證券,2023-06-09,6480
1760,寶齡富錦,20,0,20,福邦證券,2023-06-09,6480
2331,精英,20,0,20,福邦證券,2023-06-09,6480
2409,友達,20,0,20,福邦證券,2023-06-09,6480
3265,台星科,20,0,20,福邦證券,2023-06-09,6480
6176,瑞儀,20,0,20,福邦證券,2023-06-09,6480
5288,豐祥-KY,19,0,19,福邦證券,2023-06-09,6480
6679,鈺太,17,0,17,福邦證券,2023-06-09,6480
2329,華泰,20,4,16,福邦證券,2023-06-09,6480
8210,勤誠,21,5,16,福邦證券,2023-06-09,6480
6584,南俊國際,15,0,15,福邦證券,2023-06-09,6480
3362,先進光,31,18,13,福邦證券,2023-06-09,6480
2312,金寶,16,4,12,福邦證券,2023-06-09,6480
2706,第一店,11,0,11,福邦證券,2023-06-09,6480
2228,劍麟,10,0,10,福邦證券,2023-06-09,6480
2369,菱生,10,0,10,福邦證券,2023-06-09,6480
2454,聯發科,10,0,10,福邦證券,2023-06-09,6480
4930,燦星網,10,0,10,福邦證券,2023-06-09,6480
5243,乙盛-KY,10,0,10,福邦證券,2023-06-09,6480
6120,達運,40,30,10,福邦證券,2023-06-09,6480
6150,撼訊,10,0,10,福邦證券,2023-06-09,6480
2371,大同,1511,33,1478,福邦證券,2023-06-12,6480
4979,華星光,438,0,438,福邦證券,2023-06-12,6480
4958,臻鼎-KY,305,0,305,福邦證券,2023-06-12,6480
3715,定穎投控,281,0,281,福邦證券,2023-06-12,6480
3035,智原,158,0,158,福邦證券,2023-06-12,6480
2618,長榮航,219,65,154,福邦證券,2023-06-12,6480
2368,金像電,158,5,153,福邦證券,2023-06-12,6480
2436,偉詮電,153,0,153,福邦證券,2023-06-12,6480
2382,廣達,115,11,104,福邦證券,2023-06-12,6480
1560,中砂,100,0,100,福邦證券,2023-06-12,6480
6584,南俊國際,95,1,94,福邦證券,2023-06-12,6480
4739,康普,58,0,58,福邦證券,2023-06-12,6480
00715L,期街口布蘭特正2,64,10,54,福邦證券,2023-06-12,6480
4945,陞達科技,50,0,50,福邦證券,2023-06-12,6480
3037,欣興,51,2,49,福邦證券,2023-06-12,6480
6510,精測,50,1,49,福邦證券,2023-06-12,6480
1305,華夏,43,0,43,福邦證券,2023-06-12,6480
2383,台光電,50,15,35,福邦證券,2023-06-12,6480
6789,采鈺,45,10,35,福邦證券,2023-06-12,6480
1609,大亞,203,176,27,福邦證券,2023-06-12,6480
00919,群益台灣精選高息,25,0,25,福邦證券,2023-06-12,6480
5426,振發,24,0,24,福邦證券,2023-06-12,6480
2017,官田鋼,20,0,20,福邦證券,2023-06-12,6480
00642U,期元大S＆P石油,20,0,20,福邦證券,2023-06-12,6480
3178,公準,20,0,20,福邦證券,2023-06-12,6480
5609,中菲行,20,0,20,福邦證券,2023-06-12,6480
3631,晟楠,18,0,18,福邦證券,2023-06-12,6480
0056,元大高股息,20,2,18,福邦證券,2023-06-12,6480
1815,富喬,16,0,16,福邦證券,2023-06-12,6480
2603,長榮,16,0,16,福邦證券,2023-06-12,6480
4770,上品,26,11,15,福邦證券,2023-06-12,6480
6202,盛群,15,0,15,福邦證券,2023-06-12,6480
2301,光寶科,15,1,14,福邦證券,2023-06-12,6480
2312,金寶,13,0,13,福邦證券,2023-06-12,6480
6679,鈺太,24,11,13,福邦證券,2023-06-12,6480
6719,力智,12,0,12,福邦證券,2023-06-12,6480
3017,奇鋐,12,1,11,福邦證券,2023-06-12,6480
3231,緯創,22,11,11,福邦證券,2023-06-12,6480
1220,台榮,10,0,10,福邦證券,2023-06-12,6480
1586,和勤,23,13,10,福邦證券,2023-06-12,6480
2105,正新,10,0,10,福邦證券,2023-06-12,6480
2308,台達電,12,2,10,福邦證券,2023-06-12,6480
2546,根基,10,0,10,福邦證券,2023-06-12,6480
3202,樺晟,10,0,10,福邦證券,2023-06-12,6480
3230,錦明,10,0,10,福邦證券,2023-06-12,6480
4563,百德,10,0,10,福邦證券,2023-06-12,6480
6120,達運,40,30,10,福邦證券,2023-06-12,6480
3576,聯合再生,8,0,8,福邦證券,2023-06-12,6480
5009,榮剛,64,56,8,福邦證券,2023-06-12,6480
5465,富驊,8,0,8,福邦證券,2023-06-12,6480
00632R,元大台灣50反1,2345,0,2345,福邦證券,2023-06-13,6480
2371,大同,2020,13,2007,福邦證券,2023-06-13,6480
2356,英業達,1140,43,1097,福邦證券,2023-06-13,6480
3178,公準,360,20,340,福邦證券,2023-06-13,6480
2382,廣達,336,4,332,福邦證券,2023-06-13,6480
5425,台半,275,0,275,福邦證券,2023-06-13,6480
4958,臻鼎-KY,230,0,230,福邦證券,2023-06-13,6480
3325,旭品,270,58,212,福邦證券,2023-06-13,6480
8028,昇陽半導體,188,5,183,福邦證券,2023-06-13,6480
2376,技嘉,181,8,173,福邦證券,2023-06-13,6480
2017,官田鋼,167,0,167,福邦證券,2023-06-13,6480
5876,上海商銀,164,0,164,福邦證券,2023-06-13,6480
5009,榮剛,163,2,161,福邦證券,2023-06-13,6480
3231,緯創,160,7,153,福邦證券,2023-06-13,6480
1584,精剛,127,5,122,福邦證券,2023-06-13,6480
3027,盛達,100,0,100,福邦證券,2023-06-13,6480
2330,台積電,106,7,99,福邦證券,2023-06-13,6480
3019,亞光,92,0,92,福邦證券,2023-06-13,6480
4739,康普,67,0,67,福邦證券,2023-06-13,6480
1305,華夏,62,0,62,福邦證券,2023-06-13,6480
3078,僑威,60,0,60,福邦證券,2023-06-13,6480
2427,三商電,56,5,51,福邦證券,2023-06-13,6480
3715,定穎投控,50,0,50,福邦證券,2023-06-13,6480
2317,鴻海,33,2,31,福邦證券,2023-06-13,6480
00715L,期街口布蘭特正2,40,10,30,福邦證券,2023-06-13,6480
1815,富喬,30,0,30,福邦證券,2023-06-13,6480
2374,佳能,30,0,30,福邦證券,2023-06-13,6480
6584,南俊國際,22,0,22,福邦證券,2023-06-13,6480
2486,一詮,20,0,20,福邦證券,2023-06-13,6480
3105,穩懋,34,14,20,福邦證券,2023-06-13,6480
6781,AES-KY,15,0,15,福邦證券,2023-06-13,6480
4919,新唐,15,1,14,福邦證券,2023-06-13,6480
2313,華通,13,0,13,福邦證券,2023-06-13,6480
5511,德昌,13,1,12,福邦證券,2023-06-13,6480
2801,彰銀,13,2,11,福邦證券,2023-06-13,6480
4968,立積,11,0,11,福邦證券,2023-06-13,6480
2425,承啟,10,0,10,福邦證券,2023-06-13,6480
3131,弘塑,10,0,10,福邦證券,2023-06-13,6480
3363,上詮,10,0,10,福邦證券,2023-06-13,6480
1612,宏泰,9,0,9,福邦證券,2023-06-13,6480
5388,中磊,8,0,8,福邦證券,2023-06-13,6480
6185,幃翔,8,0,8,福邦證券,2023-06-13,6480
2362,藍天,7,0,7,福邦證券,2023-06-13,6480
2891,中信金,7,0,7,福邦證券,2023-06-13,6480
5289,宜鼎,7,0,7,福邦證券,2023-06-13,6480
6282,康舒,7,0,7,福邦證券,2023-06-13,6480
6548,長科*,7,0,7,福邦證券,2023-06-13,6480
00919,群益台灣精選高息,6,0,6,福邦證券,2023-06-13,6480
1467,南緯,6,0,6,福邦證券,2023-06-13,6480
4973,廣穎,6,0,6,福邦證券,2023-06-13,6480
2371,大同,2011,21,1990,福邦證券,2023-06-14,6480
00671R,富邦NASDAQ反1,1200,0,1200,福邦證券,2023-06-14,6480
2618,長榮航,802,341,461,福邦證券,2023-06-14,6480
4979,華星光,208,1,207,福邦證券,2023-06-14,6480
2376,技嘉,161,1,160,福邦證券,2023-06-14,6480
3189,景碩,159,5,154,福邦證券,2023-06-14,6480
3374,精材,158,25,133,福邦證券,2023-06-14,6480
2610,華航,1255,1132,123,福邦證券,2023-06-14,6480
3583,辛耘,172,63,109,福邦證券,2023-06-14,6480
4967,十銓,100,1,99,福邦證券,2023-06-14,6480
6532,瑞耘,91,0,91,福邦證券,2023-06-14,6480
2890,永豐金,87,0,87,福邦證券,2023-06-14,6480
6584,南俊國際,75,0,75,福邦證券,2023-06-14,6480
2331,精英,72,0,72,福邦證券,2023-06-14,6480
6531,愛普*,60,1,59,福邦證券,2023-06-14,6480
2401,凌陽,50,0,50,福邦證券,2023-06-14,6480
3548,兆利,50,0,50,福邦證券,2023-06-14,6480
8358,金居,55,5,50,福邦證券,2023-06-14,6480
1609,大亞,49,2,47,福邦證券,2023-06-14,6480
1513,中興電,42,0,42,福邦證券,2023-06-14,6480
8097,常珵,40,3,37,福邦證券,2023-06-14,6480
1584,精剛,36,0,36,福邦證券,2023-06-14,6480
3617,碩天,56,20,36,福邦證券,2023-06-14,6480
8069,元太,33,2,31,福邦證券,2023-06-14,6480
4526,東台,30,0,30,福邦證券,2023-06-14,6480
8011,台通,30,0,30,福邦證券,2023-06-14,6480
6679,鈺太,29,0,29,福邦證券,2023-06-14,6480
5009,榮剛,72,44,28,福邦證券,2023-06-14,6480
00680L,元大美債20正2,25,0,25,福邦證券,2023-06-14,6480
2516,新建,25,0,25,福邦證券,2023-06-14,6480
2609,陽明,57,35,22,福邦證券,2023-06-14,6480
1707,葡萄王,21,0,21,福邦證券,2023-06-14,6480
00679B,元大美債20年,21,0,21,福邦證券,2023-06-14,6480
2211,長榮鋼,20,0,20,福邦證券,2023-06-14,6480
4927,泰鼎-KY,20,0,20,福邦證券,2023-06-14,6480
6150,撼訊,20,0,20,福邦證券,2023-06-14,6480
3592,瑞鼎,17,0,17,福邦證券,2023-06-14,6480
5284,jpp-KY,16,0,16,福邦證券,2023-06-14,6480
00919,群益台灣精選高息,15,0,15,福邦證券,2023-06-14,6480
2351,順德,15,0,15,福邦證券,2023-06-14,6480
6782,視陽,15,0,15,福邦證券,2023-06-14,6480
2301,光寶科,15,2,13,福邦證券,2023-06-14,6480
4533,協易機,13,0,13,福邦證券,2023-06-14,6480
3551,世禾,12,0,12,福邦證券,2023-06-14,6480
1314,中石化,11,0,11,福邦證券,2023-06-14,6480
2002,中鋼,10,0,10,福邦證券,2023-06-14,6480
2630,亞航,20,10,10,福邦證券,2023-06-14,6480
2867,三商壽,10,0,10,福邦證券,2023-06-14,6480
3207,耀勝,10,0,10,福邦證券,2023-06-14,6480
3221,台嘉碩,10,0,10,福邦證券,2023-06-14,6480
2409,友達,1073,20,1053,福邦證券,2023-06-15,6480
3481,群創,1005,7,998,福邦證券,2023-06-15,6480
2371,大同,1241,628,613,福邦證券,2023-06-15,6480
2618,長榮航,557,72,485,福邦證券,2023-06-15,6480
1560,中砂,400,5,395,福邦證券,2023-06-15,6480
3017,奇鋐,204,3,201,福邦證券,2023-06-15,6480
4572,駐龍,167,9,158,福邦證券,2023-06-15,6480
6235,華孚,158,0,158,福邦證券,2023-06-15,6480
3706,神達,121,5,116,福邦證券,2023-06-15,6480
1402,遠東新,115,0,115,福邦證券,2023-06-15,6480
2301,光寶科,103,1,102,福邦證券,2023-06-15,6480
1101,台泥,100,0,100,福邦證券,2023-06-15,6480
00751B,元大AAA至A公司債,103,3,100,福邦證券,2023-06-15,6480
6148,驊宏資,100,0,100,福邦證券,2023-06-15,6480
6202,盛群,100,0,100,福邦證券,2023-06-15,6480
3363,上詮,91,0,91,福邦證券,2023-06-15,6480
2610,華航,122,37,85,福邦證券,2023-06-15,6480
2308,台達電,71,1,70,福邦證券,2023-06-15,6480
8028,昇陽半導體,66,2,64,福邦證券,2023-06-15,6480
00715L,期街口布蘭特正2,55,0,55,福邦證券,2023-06-15,6480
2317,鴻海,52,1,51,福邦證券,2023-06-15,6480
1303,南亞,50,0,50,福邦證券,2023-06-15,6480
1795,美時,61,12,49,福邦證券,2023-06-15,6480
3131,弘塑,40,0,40,福邦證券,2023-06-15,6480
3308,聯德,30,0,30,福邦證券,2023-06-15,6480
3443,創意,32,2,30,福邦證券,2023-06-15,6480
3034,聯詠,26,0,26,福邦證券,2023-06-15,6480
8097,常珵,26,0,26,福邦證券,2023-06-15,6480
6679,鈺太,25,0,25,福邦證券,2023-06-15,6480
00919,群益台灣精選高息,24,0,24,福邦證券,2023-06-15,6480
2888,新光金,28,4,24,福邦證券,2023-06-15,6480
3231,緯創,211,188,23,福邦證券,2023-06-15,6480
6625,必應,21,0,21,福邦證券,2023-06-15,6480
8092,建暐,21,0,21,福邦證券,2023-06-15,6480
00882,中信中國高股息,20,0,20,福邦證券,2023-06-15,6480
8076,伍豐,30,10,20,福邦證券,2023-06-15,6480
1760,寶齡富錦,15,0,15,福邦證券,2023-06-15,6480
3576,聯合再生,15,0,15,福邦證券,2023-06-15,6480
6170,統振,15,0,15,福邦證券,2023-06-15,6480
2069,運錩,14,0,14,福邦證券,2023-06-15,6480
3024,憶聲,19,6,13,福邦證券,2023-06-15,6480
3374,精材,13,1,12,福邦證券,2023-06-15,6480
5381,合正,11,0,11,福邦證券,2023-06-15,6480
1307,三芳,10,0,10,福邦證券,2023-06-15,6480
1584,精剛,10,0,10,福邦證券,2023-06-15,6480
1589,永冠-KY,10,0,10,福邦證券,2023-06-15,6480
2453,凌群,15,5,10,福邦證券,2023-06-15,6480
3105,穩懋,10,0,10,福邦證券,2023-06-15,6480
3147,大綜,10,0,10,福邦證券,2023-06-15,6480
4770,上品,20,10,10,福邦證券,2023-06-15,6480
00671R,富邦NASDAQ反1,1200,0,1200,福邦證券,2023-06-16,6480
2301,光寶科,670,0,670,福邦證券,2023-06-16,6480
1605,華新,577,1,576,福邦證券,2023-06-16,6480
2891,中信金,481,0,481,福邦證券,2023-06-16,6480
2371,大同,549,114,435,福邦證券,2023-06-16,6480
3042,晶技,376,0,376,福邦證券,2023-06-16,6480
3017,奇鋐,223,12,211,福邦證券,2023-06-16,6480
3035,智原,164,0,164,福邦證券,2023-06-16,6480
3037,欣興,158,0,158,福邦證券,2023-06-16,6480
6125,廣運,155,11,144,福邦證券,2023-06-16,6480
2890,永豐金,107,0,107,福邦證券,2023-06-16,6480
3324,雙鴻,63,0,63,福邦證券,2023-06-16,6480
1101,台泥,66,5,61,福邦證券,2023-06-16,6480
5905,南仁湖,58,0,58,福邦證券,2023-06-16,6480
6584,南俊國際,52,0,52,福邦證券,2023-06-16,6480
1504,東元,57,6,51,福邦證券,2023-06-16,6480
2228,劍麟,40,0,40,福邦證券,2023-06-16,6480
2401,凌陽,40,0,40,福邦證券,2023-06-16,6480
2753,八方雲集,40,0,40,福邦證券,2023-06-16,6480
6443,元晶,38,0,38,福邦證券,2023-06-16,6480
2236,百達-KY,35,0,35,福邦證券,2023-06-16,6480
2359,所羅門,40,7,33,福邦證券,2023-06-16,6480
3701,大眾控,32,0,32,福邦證券,2023-06-16,6480
2454,聯發科,30,0,30,福邦證券,2023-06-16,6480
00919,群益台灣精選高息,27,0,27,福邦證券,2023-06-16,6480
6679,鈺太,27,0,27,福邦證券,2023-06-16,6480
2104,國際中橡,25,0,25,福邦證券,2023-06-16,6480
2634,漢翔,25,0,25,福邦證券,2023-06-16,6480
3178,公準,20,0,20,福邦證券,2023-06-16,6480
3264,欣銓,20,1,19,福邦證券,2023-06-16,6480
1586,和勤,17,0,17,福邦證券,2023-06-16,6480
2834,臺企銀,16,0,16,福邦證券,2023-06-16,6480
1709,和益,15,0,15,福邦證券,2023-06-16,6480
2605,新興,20,5,15,福邦證券,2023-06-16,6480
2888,新光金,15,0,15,福邦證券,2023-06-16,6480
4770,上品,15,0,15,福邦證券,2023-06-16,6480
5009,榮剛,40,25,15,福邦證券,2023-06-16,6480
1514,亞力,13,0,13,福邦證券,2023-06-16,6480
3078,僑威,83,70,13,福邦證券,2023-06-16,6480
3105,穩懋,13,0,13,福邦證券,2023-06-16,6480
3416,融程電,14,1,13,福邦證券,2023-06-16,6480
2313,華通,12,0,12,福邦證券,2023-06-16,6480
2101,南港,11,0,11,福邦證券,2023-06-16,6480
2404,漢唐,12,1,11,福邦證券,2023-06-16,6480
3706,神達,25,14,11,福邦證券,2023-06-16,6480
1589,永冠-KY,10,0,10,福邦證券,2023-06-16,6480
3011,今皓,10,0,10,福邦證券,2023-06-16,6480
3025,星通,10,0,10,福邦證券,2023-06-16,6480
5381,合正,10,0,10,福邦證券,2023-06-16,6480
5511,德昌,10,0,10,福邦證券,2023-06-16,6480
2371,大同,1244,531,713,福邦證券,2023-06-19,6480
3231,緯創,414,4,410,福邦證券,2023-06-19,6480
2618,長榮航,407,8,399,福邦證券,2023-06-19,6480
2301,光寶科,395,0,395,福邦證券,2023-06-19,6480
9802,鈺齊-KY,200,0,200,福邦證券,2023-06-19,6480
6244,茂迪,186,1,185,福邦證券,2023-06-19,6480
6235,華孚,158,0,158,福邦證券,2023-06-19,6480
3037,欣興,152,2,150,福邦證券,2023-06-19,6480
4916,事欣科,175,40,135,福邦證券,2023-06-19,6480
2017,官田鋼,138,5,133,福邦證券,2023-06-19,6480
2330,台積電,109,1,108,福邦證券,2023-06-19,6480
6026,福邦證,114,12,102,福邦證券,2023-06-19,6480
2427,三商電,100,9,91,福邦證券,2023-06-19,6480
9939,宏全,80,2,78,福邦證券,2023-06-19,6480
00637L,元大滬深300正2,60,0,60,福邦證券,2023-06-19,6480
6271,同欣電,60,0,60,福邦證券,2023-06-19,6480
2104,國際中橡,46,0,46,福邦證券,2023-06-19,6480
2454,聯發科,75,30,45,福邦證券,2023-06-19,6480
2409,友達,51,7,44,福邦證券,2023-06-19,6480
3035,智原,50,6,44,福邦證券,2023-06-19,6480
3042,晶技,43,0,43,福邦證券,2023-06-19,6480
1314,中石化,40,0,40,福邦證券,2023-06-19,6480
7402,邑錡,40,0,40,福邦證券,2023-06-19,6480
2603,長榮,42,6,36,福邦證券,2023-06-19,6480
2353,宏��,34,0,34,福邦證券,2023-06-19,6480
5426,振發,30,0,30,福邦證券,2023-06-19,6480
2609,陽明,23,1,22,福邦證券,2023-06-19,6480
2362,藍天,21,0,21,福邦證券,2023-06-19,6480
1590,亞德客-KY,20,0,20,福邦證券,2023-06-19,6480
9921,巨大,20,0,20,福邦證券,2023-06-19,6480
1513,中興電,22,3,19,福邦證券,2023-06-19,6480
3260,威剛,17,1,16,福邦證券,2023-06-19,6480
3631,晟楠,16,0,16,福邦證券,2023-06-19,6480
1586,和勤,22,7,15,福邦證券,2023-06-19,6480
1504,東元,14,0,14,福邦證券,2023-06-19,6480
6584,南俊國際,14,0,14,福邦證券,2023-06-19,6480
00919,群益台灣精選高息,13,0,13,福邦證券,2023-06-19,6480
3701,大眾控,20,7,13,福邦證券,2023-06-19,6480
2401,凌陽,12,0,12,福邦證券,2023-06-19,6480
00715L,期街口布蘭特正2,16,5,11,福邦證券,2023-06-19,6480
2376,技嘉,11,0,11,福邦證券,2023-06-19,6480
5381,合正,11,0,11,福邦證券,2023-06-19,6480
8092,建暐,11,0,11,福邦證券,2023-06-19,6480
1503,士電,10,0,10,福邦證券,2023-06-19,6480
2027,大成鋼,10,0,10,福邦證券,2023-06-19,6480
2228,劍麟,10,0,10,福邦證券,2023-06-19,6480
2468,華經,10,0,10,福邦證券,2023-06-19,6480
2630,亞航,10,0,10,福邦證券,2023-06-19,6480
3529,力旺,10,0,10,福邦證券,2023-06-19,6480
5511,德昌,10,0,10,福邦證券,2023-06-19,6480
2371,大同,1669,179,1490,福邦證券,2023-06-20,6480
2412,中華電,799,0,799,福邦證券,2023-06-20,6480
2618,長榮航,520,245,275,福邦證券,2023-06-20,6480
2486,一詮,271,30,241,福邦證券,2023-06-20,6480
2317,鴻海,152,10,142,福邦證券,2023-06-20,6480
5876,上海商銀,108,0,108,福邦證券,2023-06-20,6480
1560,中砂,100,0,100,福邦證券,2023-06-20,6480
6411,晶焱,96,1,95,福邦證券,2023-06-20,6480
1584,精剛,93,0,93,福邦證券,2023-06-20,6480
2017,官田鋼,60,0,60,福邦證券,2023-06-20,6480
00882,中信中國高股息,50,0,50,福邦證券,2023-06-20,6480
1608,華榮,50,0,50,福邦證券,2023-06-20,6480
6271,同欣電,50,1,49,福邦證券,2023-06-20,6480
6679,鈺太,44,0,44,福邦證券,2023-06-20,6480
5284,jpp-KY,40,0,40,福邦證券,2023-06-20,6480
2603,長榮,40,1,39,福邦證券,2023-06-20,6480
1605,華新,40,5,35,福邦證券,2023-06-20,6480
3025,星通,53,21,32,福邦證券,2023-06-20,6480
2236,百達-KY,22,0,22,福邦證券,2023-06-20,6480
5607,遠雄港,21,0,21,福邦證券,2023-06-20,6480
2323,中環,20,0,20,福邦證券,2023-06-20,6480
5609,中菲行,20,0,20,福邦證券,2023-06-20,6480
2887,台新金,23,4,19,福邦證券,2023-06-20,6480
2104,國際中橡,18,0,18,福邦證券,2023-06-20,6480
3289,宜特,17,0,17,福邦證券,2023-06-20,6480
3011,今皓,15,0,15,福邦證券,2023-06-20,6480
3034,聯詠,20,5,15,福邦證券,2023-06-20,6480
3178,公準,15,0,15,福邦證券,2023-06-20,6480
5222,全訊,15,0,15,福邦證券,2023-06-20,6480
2610,華航,17,3,14,福邦證券,2023-06-20,6480
8933,愛地雅,14,0,14,福邦證券,2023-06-20,6480
3706,神達,13,0,13,福邦證券,2023-06-20,6480
2313,華通,12,0,12,福邦證券,2023-06-20,6480
2609,陽明,12,0,12,福邦證券,2023-06-20,6480
3324,雙鴻,21,9,12,福邦證券,2023-06-20,6480
3207,耀勝,11,0,11,福邦證券,2023-06-20,6480
3221,台嘉碩,11,0,11,福邦證券,2023-06-20,6480
5289,宜鼎,10,0,10,福邦證券,2023-06-20,6480
5381,合正,10,0,10,福邦證券,2023-06-20,6480
5511,德昌,10,0,10,福邦證券,2023-06-20,6480
8936,國統,10,0,10,福邦證券,2023-06-20,6480
2409,友達,24,15,9,福邦證券,2023-06-20,6480
8222,寶一,11,2,9,福邦證券,2023-06-20,6480
4967,十銓,8,0,8,福邦證券,2023-06-20,6480
5234,達興材料,8,0,8,福邦證券,2023-06-20,6480
8255,朋程,8,0,8,福邦證券,2023-06-20,6480
00919,群益台灣精選高息,15,8,7,福邦證券,2023-06-20,6480
2883,凱基金,7,0,7,福邦證券,2023-06-20,6480
2331,精英,7,1,6,福邦證券,2023-06-20,6480
2488,漢平,6,0,6,福邦證券,2023-06-20,6480
4967,十銓,121,1,120,福邦證券,2023-06-21,6480
6282,康舒,126,10,116,福邦證券,2023-06-21,6480
2317,鴻海,106,0,106,福邦證券,2023-06-21,6480
5876,上海商銀,100,0,100,福邦證券,2023-06-21,6480
2609,陽明,72,1,71,福邦證券,2023-06-21,6480
2427,三商電,101,52,49,福邦證券,2023-06-21,6480
2908,特力,48,0,48,福邦證券,2023-06-21,6480
2405,輔信,47,5,42,福邦證券,2023-06-21,6480
2603,長榮,44,2,42,福邦證券,2023-06-21,6480
8150,南茂,40,0,40,福邦證券,2023-06-21,6480
2104,國際中橡,30,0,30,福邦證券,2023-06-21,6480
3481,群創,33,4,29,福邦證券,2023-06-21,6480
6235,華孚,29,0,29,福邦證券,2023-06-21,6480
6239,力成,30,2,28,福邦證券,2023-06-21,6480
3363,上詮,26,1,25,福邦證券,2023-06-21,6480
4736,泰博,25,0,25,福邦證券,2023-06-21,6480
8069,元太,25,1,24,福邦證券,2023-06-21,6480
3034,聯詠,25,2,23,福邦證券,2023-06-21,6480
3264,欣銓,22,0,22,福邦證券,2023-06-21,6480
3049,精金,21,0,21,福邦證券,2023-06-21,6480
2327,國巨,20,0,20,福邦證券,2023-06-21,6480
4906,正文,20,0,20,福邦證券,2023-06-21,6480
5609,中菲行,20,0,20,福邦證券,2023-06-21,6480
1522,堤維西,19,0,19,福邦證券,2023-06-21,6480
8410,森田,19,0,19,福邦證券,2023-06-21,6480
1514,亞力,22,5,17,福邦證券,2023-06-21,6480
00753L,中信中國50正2,17,0,17,福邦證券,2023-06-21,6480
3380,明泰,17,0,17,福邦證券,2023-06-21,6480
4114,健喬,15,0,15,福邦證券,2023-06-21,6480
5425,台半,15,0,15,福邦證券,2023-06-21,6480
6244,茂迪,15,0,15,福邦證券,2023-06-21,6480
2883,凱基金,13,0,13,福邦證券,2023-06-21,6480
3665,貿聯-KY,13,0,13,福邦證券,2023-06-21,6480
8085,福華,14,1,13,福邦證券,2023-06-21,6480
00919,群益台灣精選高息,12,0,12,福邦證券,2023-06-21,6480
2615,萬海,12,0,12,福邦證券,2023-06-21,6480
8933,愛地雅,12,0,12,福邦證券,2023-06-21,6480
2705,六福,29,18,11,福邦證券,2023-06-21,6480
5351,鈺創,11,0,11,福邦證券,2023-06-21,6480
6290,良維,11,0,11,福邦證券,2023-06-21,6480
00795B,中信美國公債20年,10,0,10,福邦證券,2023-06-21,6480
2610,華航,16,6,10,福邦證券,2023-06-21,6480
3325,旭品,20,10,10,福邦證券,2023-06-21,6480
3413,京鼎,310,300,10,福邦證券,2023-06-21,6480
3592,瑞鼎,10,0,10,福邦證券,2023-06-21,6480
3624,光頡,10,0,10,福邦證券,2023-06-21,6480
6111,大宇資,10,0,10,福邦證券,2023-06-21,6480
6222,上揚,10,0,10,福邦證券,2023-06-21,6480
6873,泓德能源,10,0,10,福邦證券,2023-06-21,6480
8936,國統,12,2,10,福邦證券,2023-06-21,6480
3325,旭品,356,20,336,福邦證券,2023-06-26,6480
5876,上海商銀,300,0,300,福邦證券,2023-06-26,6480
3706,神達,311,32,279,福邦證券,2023-06-26,6480
1217,愛之味,250,0,250,福邦證券,2023-06-26,6480
3680,家登,181,5,176,福邦證券,2023-06-26,6480
1513,中興電,160,3,157,福邦證券,2023-06-26,6480
2405,輔信,137,15,122,福邦證券,2023-06-26,6480
2368,金像電,92,1,91,福邦證券,2023-06-26,6480
1802,台玻,50,0,50,福邦證券,2023-06-26,6480
1101,台泥,44,0,44,福邦證券,2023-06-26,6480
4564,元翎,60,17,43,福邦證券,2023-06-26,6480
00715L,期街口布蘭特正2,50,10,40,福邦證券,2023-06-26,6480
6282,康舒,37,0,37,福邦證券,2023-06-26,6480
6125,廣運,26,1,25,福邦證券,2023-06-26,6480
4566,時碩工業,27,3,24,福邦證券,2023-06-26,6480
3202,樺晟,20,0,20,福邦證券,2023-06-26,6480
3701,大眾控,20,0,20,福邦證券,2023-06-26,6480
5222,全訊,20,0,20,福邦證券,2023-06-26,6480
5609,中菲行,20,0,20,福邦證券,2023-06-26,6480
6679,鈺太,19,0,19,福邦證券,2023-06-26,6480
6188,廣明,14,1,13,福邦證券,2023-06-26,6480
2337,旺宏,12,0,12,福邦證券,2023-06-26,6480
2340,台亞,27,15,12,福邦證券,2023-06-26,6480
2883,凱基金,12,0,12,福邦證券,2023-06-26,6480
5381,合正,11,0,11,福邦證券,2023-06-26,6480
1762,中化生,10,0,10,福邦證券,2023-06-26,6480
1590,亞德客-KY,10,0,10,福邦證券,2023-06-26,6480
1528,恩德,11,1,10,福邦證券,2023-06-26,6480
00650L,復華香港正2,20,10,10,福邦證券,2023-06-26,6480
2498,宏達電,10,0,10,福邦證券,2023-06-26,6480
2701,萬企,10,0,10,福邦證券,2023-06-26,6480
2705,六福,10,0,10,福邦證券,2023-06-26,6480
3221,台嘉碩,10,0,10,福邦證券,2023-06-26,6480
4563,百德,10,0,10,福邦證券,2023-06-26,6480
4746,台耀,11,1,10,福邦證券,2023-06-26,6480
6414,樺漢,10,0,10,福邦證券,2023-06-26,6480
6435,大中,10,0,10,福邦證券,2023-06-26,6480
6584,南俊國際,10,0,10,福邦證券,2023-06-26,6480
3356,奇偶,11,2,9,福邦證券,2023-06-26,6480
3380,明泰,9,0,9,福邦證券,2023-06-26,6480
3037,欣興,8,0,8,福邦證券,2023-06-26,6480
2338,光罩,7,0,7,福邦證券,2023-06-26,6480
2344,華邦電,7,0,7,福邦證券,2023-06-26,6480
2834,臺企銀,7,0,7,福邦證券,2023-06-26,6480
3363,上詮,8,1,7,福邦證券,2023-06-26,6480
6593,台灣銘板,7,0,7,福邦證券,2023-06-26,6480
7402,邑錡,8,1,7,福邦證券,2023-06-26,6480
0056,元大高股息,6,0,6,福邦證券,2023-06-26,6480
2323,中環,6,0,6,福邦證券,2023-06-26,6480
2401,凌陽,8,2,6,福邦證券,2023-06-26,6480
3576,聯合再生,700,0,700,福邦證券,2023-06-27,6480
3325,旭品,631,1,630,福邦證券,2023-06-27,6480
3706,神達,250,20,230,福邦證券,2023-06-27,6480
2419,仲琦,196,0,196,福邦證券,2023-06-27,6480
3034,聯詠,215,55,160,福邦證券,2023-06-27,6480
1305,華夏,143,0,143,福邦證券,2023-06-27,6480
6285,啟��,140,3,137,福邦證券,2023-06-27,6480
2354,鴻準,110,0,110,福邦證券,2023-06-27,6480
2449,京元電子,101,2,99,福邦證券,2023-06-27,6480
2606,裕民,72,0,72,福邦證券,2023-06-27,6480
5388,中磊,60,0,60,福邦證券,2023-06-27,6480
6163,華電網,55,0,55,福邦證券,2023-06-27,6480
2707,晶華,50,0,50,福邦證券,2023-06-27,6480
3071,協禧,50,0,50,福邦證券,2023-06-27,6480
2603,長榮,48,4,44,福邦證券,2023-06-27,6480
3596,智易,52,10,42,福邦證券,2023-06-27,6480
3701,大眾控,41,0,41,福邦證券,2023-06-27,6480
6584,南俊國際,40,0,40,福邦證券,2023-06-27,6480
6762,達亞,37,0,37,福邦證券,2023-06-27,6480
2353,宏��,33,0,33,福邦證券,2023-06-27,6480
3479,安勤,30,0,30,福邦證券,2023-06-27,6480
2376,技嘉,160,138,22,福邦證券,2023-06-27,6480
1711,永光,20,0,20,福邦證券,2023-06-27,6480
5534,長虹,20,0,20,福邦證券,2023-06-27,6480
6125,廣運,20,0,20,福邦證券,2023-06-27,6480
6271,同欣電,20,0,20,福邦證券,2023-06-27,6480
2371,大同,51,33,18,福邦證券,2023-06-27,6480
3289,宜特,20,2,18,福邦證券,2023-06-27,6480
2883,凱基金,17,0,17,福邦證券,2023-06-27,6480
3217,優群,17,0,17,福邦證券,2023-06-27,6480
1605,華新,76,60,16,福邦證券,2023-06-27,6480
3230,錦明,15,0,15,福邦證券,2023-06-27,6480
6679,鈺太,15,0,15,福邦證券,2023-06-27,6480
8933,愛地雅,15,0,15,福邦證券,2023-06-27,6480
3293,鈊象,15,1,14,福邦證券,2023-06-27,6480
2330,台積電,15,1,14,福邦證券,2023-06-27,6480
1586,和勤,41,28,13,福邦證券,2023-06-27,6480
1101,台泥,21,8,13,福邦證券,2023-06-27,6480
2547,日勝生,10,0,10,福邦證券,2023-06-27,6480
3221,台嘉碩,10,0,10,福邦證券,2023-06-27,6480
4536,拓凱,10,0,10,福邦證券,2023-06-27,6480
8446,華研,10,0,10,福邦證券,2023-06-27,6480
2069,運錩,9,0,9,福邦證券,2023-06-27,6480
2890,永豐金,8,0,8,福邦證券,2023-06-27,6480
4543,萬在,7,0,7,福邦證券,2023-06-27,6480
5474,聰泰,7,0,7,福邦證券,2023-06-27,6480
9942,茂順,7,0,7,福邦證券,2023-06-27,6480
2705,六福,6,0,6,福邦證券,2023-06-27,6480
3010,華立,6,0,6,福邦證券,2023-06-27,6480
4927,泰鼎-KY,6,0,6,福邦證券,2023-06-27,6480
2891,中信金,421,2,419,福邦證券,2023-06-28,6480
2486,一詮,240,20,220,福邦證券,2023-06-28,6480
1444,力麗,170,6,164,福邦證券,2023-06-28,6480
6111,大宇資,177,16,161,福邦證券,2023-06-28,6480
4906,正文,200,50,150,福邦證券,2023-06-28,6480
2388,威盛,250,103,147,福邦證券,2023-06-28,6480
4564,元翎,150,4,146,福邦證券,2023-06-28,6480
00751B,元大AAA至A公司債,100,0,100,福邦證券,2023-06-28,6480
2408,南亞科,100,0,100,福邦證券,2023-06-28,6480
4164,承業醫,100,1,99,福邦證券,2023-06-28,6480
3231,緯創,95,3,92,福邦證券,2023-06-28,6480
1605,華新,97,11,86,福邦證券,2023-06-28,6480
00715L,期街口布蘭特正2,71,0,71,福邦證券,2023-06-28,6480
8028,昇陽半導體,65,0,65,福邦證券,2023-06-28,6480
6288,聯嘉,60,0,60,福邦證券,2023-06-28,6480
2239,英利-KY,57,0,57,福邦證券,2023-06-28,6480
00642U,期元大S＆P石油,50,0,50,福邦證券,2023-06-28,6480
4155,訊映,50,0,50,福邦證券,2023-06-28,6480
6733,博晟生醫,52,3,49,福邦證券,2023-06-28,6480
3444,利機,50,5,45,福邦證券,2023-06-28,6480
3163,波若威,40,0,40,福邦證券,2023-06-28,6480
5009,榮剛,51,13,38,福邦證券,2023-06-28,6480
4967,十銓,130,102,28,福邦證券,2023-06-28,6480
2330,台積電,26,2,24,福邦證券,2023-06-28,6480
3062,建漢,20,0,20,福邦證券,2023-06-28,6480
5356,協益,19,0,19,福邦證券,2023-06-28,6480
8069,元太,19,0,19,福邦證券,2023-06-28,6480
1586,和勤,32,17,15,福邦證券,2023-06-28,6480
2603,長榮,15,1,14,福邦證券,2023-06-28,6480
8011,台通,14,0,14,福邦證券,2023-06-28,6480
3443,創意,12,0,12,福邦證券,2023-06-28,6480
3661,世芯-KY,12,0,12,福邦證券,2023-06-28,6480
2609,陽明,14,3,11,福邦證券,2023-06-28,6480
2059,川湖,20,10,10,福邦證券,2023-06-28,6480
6679,鈺太,10,0,10,福邦證券,2023-06-28,6480
9105,泰金寶-DR,10,0,10,福邦證券,2023-06-28,6480
3217,優群,11,2,9,福邦證券,2023-06-28,6480
6220,岳豐,9,0,9,福邦證券,2023-06-28,6480
1101,台泥,8,0,8,福邦證券,2023-06-28,6480
3011,今皓,10,2,8,福邦證券,2023-06-28,6480
2905,三商,5,0,5,福邦證券,2023-06-28,6480
3356,奇偶,5,0,5,福邦證券,2023-06-28,6480
3481,群創,5,0,5,福邦證券,2023-06-28,6480
4976,佳凌,5,0,5,福邦證券,2023-06-28,6480
6166,凌華,5,0,5,福邦證券,2023-06-28,6480
8085,福華,5,0,5,福邦證券,2023-06-28,6480
1783,和康生,4,0,4,福邦證券,2023-06-28,6480
1904,正隆,4,0,4,福邦證券,2023-06-28,6480
2360,致茂,4,0,4,福邦證券,2023-06-28,6480
2880,華南金,4,0,4,福邦證券,2023-06-28,6480
00632R,元大台灣50反1,3250,0,3250,福邦證券,2023-06-29,6480
4979,華星光,663,2,661,福邦證券,2023-06-29,6480
3481,群創,600,22,578,福邦證券,2023-06-29,6480
2419,仲琦,202,4,198,福邦證券,2023-06-29,6480
2486,一詮,107,0,107,福邦證券,2023-06-29,6480
6153,嘉聯益,110,5,105,福邦證券,2023-06-29,6480
7402,邑錡,80,0,80,福邦證券,2023-06-29,6480
2313,華通,102,32,70,福邦證券,2023-06-29,6480
00637L,元大滬深300正2,90,30,60,福邦證券,2023-06-29,6480
2609,陽明,40,0,40,福邦證券,2023-06-29,6480
6679,鈺太,39,0,39,福邦證券,2023-06-29,6480
3701,大眾控,32,0,32,福邦證券,2023-06-29,6480
1467,南緯,27,2,25,福邦證券,2023-06-29,6480
5609,中菲行,20,0,20,福邦證券,2023-06-29,6480
8072,陞泰,20,0,20,福邦證券,2023-06-29,6480
2101,南港,15,0,15,福邦證券,2023-06-29,6480
2883,凱基金,14,0,14,福邦證券,2023-06-29,6480
2618,長榮航,14,1,13,福邦證券,2023-06-29,6480
2017,官田鋼,12,0,12,福邦證券,2023-06-29,6480
00878,國泰永續高股息,11,0,11,福邦證券,2023-06-29,6480
3221,台嘉碩,11,0,11,福邦證券,2023-06-29,6480
00888,永豐台灣ESG,10,0,10,福邦證券,2023-06-29,6480
2340,台亞,10,0,10,福邦證券,2023-06-29,6480
5269,祥碩,10,0,10,福邦證券,2023-06-29,6480
2317,鴻海,8,0,8,福邦證券,2023-06-29,6480
4566,時碩工業,8,0,8,福邦證券,2023-06-29,6480
2454,聯發科,6,0,6,福邦證券,2023-06-29,6480
2867,三商壽,6,0,6,福邦證券,2023-06-29,6480
3008,大立光,6,0,6,福邦證券,2023-06-29,6480
6282,康舒,11,5,6,福邦證券,2023-06-29,6480
6531,愛普*,6,0,6,福邦證券,2023-06-29,6480
8933,愛地雅,12,6,6,福邦證券,2023-06-29,6480
00708L,期元大S＆P黃金正2,5,0,5,福邦證券,2023-06-29,6480
1319,東陽,5,0,5,福邦證券,2023-06-29,6480
2328,廣宇,5,0,5,福邦證券,2023-06-29,6480
2610,華航,12,7,5,福邦證券,2023-06-29,6480
3013,晟銘電,5,0,5,福邦證券,2023-06-29,6480
3484,崧騰,5,0,5,福邦證券,2023-06-29,6480
6120,達運,15,10,5,福邦證券,2023-06-29,6480
1609,大亞,4,0,4,福邦證券,2023-06-29,6480
1605,華新,21,17,4,福邦證券,2023-06-29,6480
2362,藍天,4,0,4,福邦證券,2023-06-29,6480
3711,日月光投控,6,2,4,福邦證券,2023-06-29,6480
4915,致伸,5,1,4,福邦證券,2023-06-29,6480
5484,慧友,4,0,4,福邦證券,2023-06-29,6480
6470,宇智,5,1,4,福邦證券,2023-06-29,6480
9962,有益,11,7,4,福邦證券,2023-06-29,6480
00715L,期街口布蘭特正2,12,9,3,福邦證券,2023-06-29,6480
2615,萬海,3,0,3,福邦證券,2023-06-29,6480
3038,全台,3,0,3,福邦證券,2023-06-29,6480
3481,群創,796,2,794,福邦證券,2023-06-30,6480
2371,大同,426,65,361,福邦證券,2023-06-30,6480
1444,力麗,350,0,350,福邦證券,2023-06-30,6480
2486,一詮,55,0,55,福邦證券,2023-06-30,6480
3034,聯詠,51,0,51,福邦證券,2023-06-30,6480
00751B,元大AAA至A公司債,50,0,50,福邦證券,2023-06-30,6480
4164,承業醫,102,63,39,福邦證券,2023-06-30,6480
2017,官田鋼,35,1,34,福邦證券,2023-06-30,6480
2313,華通,30,0,30,福邦證券,2023-06-30,6480
2883,凱基金,22,0,22,福邦證券,2023-06-30,6480
4915,致伸,22,0,22,福邦證券,2023-06-30,6480
6188,廣明,21,1,20,福邦證券,2023-06-30,6480
8072,陞泰,20,0,20,福邦證券,2023-06-30,6480
3631,晟楠,19,0,19,福邦證券,2023-06-30,6480
1586,和勤,20,2,18,福邦證券,2023-06-30,6480
3576,聯合再生,20,3,17,福邦證券,2023-06-30,6480
6288,聯嘉,16,0,16,福邦證券,2023-06-30,6480
6451,訊芯-KY,21,5,16,福邦證券,2023-06-30,6480
2610,華航,13,0,13,福邦證券,2023-06-30,6480
8996,高力,14,1,13,福邦證券,2023-06-30,6480
1605,華新,29,17,12,福邦證券,2023-06-30,6480
3035,智原,12,0,12,福邦證券,2023-06-30,6480
3260,威剛,12,0,12,福邦證券,2023-06-30,6480
6873,泓德能源,12,0,12,福邦證券,2023-06-30,6480
1795,美時,15,4,11,福邦證券,2023-06-30,6480
2887,台新金,17,6,11,福邦證券,2023-06-30,6480
00929,復華台灣科技優息,10,0,10,福邦證券,2023-06-30,6480
1417,嘉裕,25,15,10,福邦證券,2023-06-30,6480
00795B,中信美國公債20年,10,0,10,福邦證券,2023-06-30,6480
2230,泰茂,11,1,10,福邦證券,2023-06-30,6480
3058,立德,10,0,10,福邦證券,2023-06-30,6480
3217,優群,10,0,10,福邦證券,2023-06-30,6480
3230,錦明,10,0,10,福邦證券,2023-06-30,6480
3715,定穎投控,10,0,10,福邦證券,2023-06-30,6480
4743,合一,10,0,10,福邦證券,2023-06-30,6480
2338,光罩,10,1,9,福邦證券,2023-06-30,6480
8050,廣積,16,7,9,福邦證券,2023-06-30,6480
3483,力致,10,2,8,福邦證券,2023-06-30,6480
4147,中裕,8,0,8,福邦證券,2023-06-30,6480
5347,世界,8,0,8,福邦證券,2023-06-30,6480
6152,百一,11,3,8,福邦證券,2023-06-30,6480
2353,宏��,7,0,7,福邦證券,2023-06-30,6480
3591,艾笛森,7,0,7,福邦證券,2023-06-30,6480
3665,貿聯-KY,7,0,7,福邦證券,2023-06-30,6480
8092,建暐,7,0,7,福邦證券,2023-06-30,6480
2880,華南金,6,0,6,福邦證券,2023-06-30,6480
2888,新光金,10,4,6,福邦證券,2023-06-30,6480
00708L,期元大S＆P黃金正2,5,0,5,福邦證券,2023-06-30,6480
00706L,期元大S＆P日圓正2,5,0,5,福邦證券,2023-06-30,6480
1720,生達,5,0,5,福邦證券,2023-06-30,6480
2449,京元電子,462,0,462,福邦證券,2023-07-03,6480
2382,廣達,411,6,405,福邦證券,2023-07-03,6480
2419,仲琦,414,10,404,福邦證券,2023-07-03,6480
1609,大亞,201,6,195,福邦證券,2023-07-03,6480
3037,欣興,159,0,159,福邦證券,2023-07-03,6480
00632R,元大台灣50反1,162,15,147,福邦證券,2023-07-03,6480
4164,承業醫,185,94,91,福邦證券,2023-07-03,6480
2451,創見,90,0,90,福邦證券,2023-07-03,6480
5388,中磊,76,7,69,福邦證券,2023-07-03,6480
2329,華泰,100,50,50,福邦證券,2023-07-03,6480
3715,定穎投控,50,0,50,福邦證券,2023-07-03,6480
4532,瑞智,50,0,50,福邦證券,2023-07-03,6480
6451,訊芯-KY,50,0,50,福邦證券,2023-07-03,6480
2486,一詮,50,1,49,福邦證券,2023-07-03,6480
2405,輔信,45,0,45,福邦證券,2023-07-03,6480
3217,優群,40,0,40,福邦證券,2023-07-03,6480
4580,捷流閥業,40,0,40,福邦證券,2023-07-03,6480
6288,聯嘉,40,0,40,福邦證券,2023-07-03,6480
1605,華新,51,20,31,福邦證券,2023-07-03,6480
8048,德勝,30,0,30,福邦證券,2023-07-03,6480
2722,夏都,22,0,22,福邦證券,2023-07-03,6480
1760,寶齡富錦,20,0,20,福邦證券,2023-07-03,6480
4906,正文,20,0,20,福邦證券,2023-07-03,6480
8433,弘帆,18,0,18,福邦證券,2023-07-03,6480
9958,世紀鋼,16,0,16,福邦證券,2023-07-03,6480
2401,凌陽,12,0,12,福邦證券,2023-07-03,6480
3583,辛耘,12,0,12,福邦證券,2023-07-03,6480
3231,緯創,16,5,11,福邦證券,2023-07-03,6480
00712,復華富時不動產,10,0,10,福邦證券,2023-07-03,6480
2801,彰銀,10,0,10,福邦證券,2023-07-03,6480
5483,中美晶,10,0,10,福邦證券,2023-07-03,6480
8046,南電,10,0,10,福邦證券,2023-07-03,6480
1101,台泥,10,1,9,福邦證券,2023-07-03,6480
2883,凱基金,9,0,9,福邦證券,2023-07-03,6480
3363,上詮,11,2,9,福邦證券,2023-07-03,6480
8092,建暐,9,0,9,福邦證券,2023-07-03,6480
8996,高力,22,15,7,福邦證券,2023-07-03,6480
3017,奇鋐,11,5,6,福邦證券,2023-07-03,6480
4510,高鋒,6,0,6,福邦證券,2023-07-03,6480
8936,國統,6,0,6,福邦證券,2023-07-03,6480
1795,美時,8,3,5,福邦證券,2023-07-03,6480
1417,嘉裕,45,40,5,福邦證券,2023-07-03,6480
1301,台塑,5,0,5,福邦證券,2023-07-03,6480
1446,宏和,5,0,5,福邦證券,2023-07-03,6480
3003,健和興,5,0,5,福邦證券,2023-07-03,6480
3591,艾笛森,6,1,5,福邦證券,2023-07-03,6480
3652,精聯,5,0,5,福邦證券,2023-07-03,6480
4966,譜瑞-KY,5,0,5,福邦證券,2023-07-03,6480
8462,柏文,5,0,5,福邦證券,2023-07-03,6480
2880,華南金,5,0,5,福邦證券,2023-07-03,6480
00632R,元大台灣50反1,3900,0,3900,福邦證券,2023-07-04,6480
2409,友達,1108,110,998,福邦證券,2023-07-04,6480
3481,群創,998,1,997,福邦證券,2023-07-04,6480
2356,英業達,305,3,302,福邦證券,2023-07-04,6480
2402,毅嘉,200,0,200,福邦證券,2023-07-04,6480
2449,京元電子,155,2,153,福邦證券,2023-07-04,6480
2308,台達電,136,0,136,福邦證券,2023-07-04,6480
2383,台光電,210,92,118,福邦證券,2023-07-04,6480
2376,技嘉,373,259,114,福邦證券,2023-07-04,6480
6271,同欣電,90,0,90,福邦證券,2023-07-04,6480
3017,奇鋐,88,9,79,福邦證券,2023-07-04,6480
3035,智原,134,66,68,福邦證券,2023-07-04,6480
2606,裕民,61,0,61,福邦證券,2023-07-04,6480
2607,榮運,65,5,60,福邦證券,2023-07-04,6480
6285,啟��,158,100,58,福邦證券,2023-07-04,6480
6625,必應,50,0,50,福邦證券,2023-07-04,6480
3034,聯詠,50,1,49,福邦證券,2023-07-04,6480
2312,金寶,207,160,47,福邦證券,2023-07-04,6480
5388,中磊,45,0,45,福邦證券,2023-07-04,6480
8092,建暐,45,0,45,福邦證券,2023-07-04,6480
6288,聯嘉,42,0,42,福邦證券,2023-07-04,6480
2451,創見,40,0,40,福邦證券,2023-07-04,6480
6147,頎邦,38,0,38,福邦證券,2023-07-04,6480
6679,鈺太,38,0,38,福邦證券,2023-07-04,6480
2883,凱基金,37,0,37,福邦證券,2023-07-04,6480
8996,高力,38,1,37,福邦證券,2023-07-04,6480
2486,一詮,35,2,33,福邦證券,2023-07-04,6480
6188,廣明,212,179,33,福邦證券,2023-07-04,6480
2888,新光金,32,0,32,福邦證券,2023-07-04,6480
00637L,元大滬深300正2,30,0,30,福邦證券,2023-07-04,6480
8210,勤誠,48,22,26,福邦證券,2023-07-04,6480
2313,華通,25,0,25,福邦證券,2023-07-04,6480
3558,神準,23,0,23,福邦證券,2023-07-04,6480
1301,台塑,22,0,22,福邦證券,2023-07-04,6480
2636,台驊控股,21,0,21,福邦證券,2023-07-04,6480
1760,寶齡富錦,32,12,20,福邦證券,2023-07-04,6480
2211,長榮鋼,20,0,20,福邦證券,2023-07-04,6480
3062,建漢,20,0,20,福邦證券,2023-07-04,6480
3362,先進光,20,0,20,福邦證券,2023-07-04,6480
2317,鴻海,15,0,15,福邦證券,2023-07-04,6480
5483,中美晶,15,0,15,福邦證券,2023-07-04,6480
2884,玉山金,15,1,14,福邦證券,2023-07-04,6480
3631,晟楠,14,0,14,福邦證券,2023-07-04,6480
8933,愛地雅,15,1,14,福邦證券,2023-07-04,6480
1586,和勤,13,0,13,福邦證券,2023-07-04,6480
2328,廣宇,11,0,11,福邦證券,2023-07-04,6480
5288,豐祥-KY,11,0,11,福邦證券,2023-07-04,6480
1522,堤維西,19,9,10,福邦證券,2023-07-04,6480
00655L,國泰中國A50正2,10,0,10,福邦證券,2023-07-04,6480
00764B,群益25年美債,10,0,10,福邦證券,2023-07-04,6480
6770,力積電,1500,1,1499,福邦證券,2023-07-05,6480
00687B,國泰20年美債,1428,0,1428,福邦證券,2023-07-05,6480
3481,群創,499,5,494,福邦證券,2023-07-05,6480
2409,友達,412,12,400,福邦證券,2023-07-05,6480
9958,世紀鋼,350,0,350,福邦證券,2023-07-05,6480
6188,廣明,196,0,196,福邦證券,2023-07-05,6480
2368,金像電,158,1,157,福邦證券,2023-07-05,6480
4563,百德,130,0,130,福邦證券,2023-07-05,6480
2427,三商電,113,11,102,福邦證券,2023-07-05,6480
00640L,富邦日本正2,160,60,100,福邦證券,2023-07-05,6480
6538,倉和,90,0,90,福邦證券,2023-07-05,6480
2308,台達電,83,0,83,福邦證券,2023-07-05,6480
1609,大亞,70,10,60,福邦證券,2023-07-05,6480
6290,良維,60,3,57,福邦證券,2023-07-05,6480
1905,華紙,52,0,52,福邦證券,2023-07-05,6480
3363,上詮,111,63,48,福邦證券,2023-07-05,6480
3105,穩懋,65,20,45,福邦證券,2023-07-05,6480
1608,華榮,30,0,30,福邦證券,2023-07-05,6480
2380,虹光,25,0,25,福邦證券,2023-07-05,6480
3356,奇偶,24,0,24,福邦證券,2023-07-05,6480
1522,堤維西,26,3,23,福邦證券,2023-07-05,6480
2614,東森,20,0,20,福邦證券,2023-07-05,6480
8087,麗升能源,20,0,20,福邦證券,2023-07-05,6480
5388,中磊,20,1,19,福邦證券,2023-07-05,6480
6288,聯嘉,20,1,19,福邦證券,2023-07-05,6480
00673R,期元大S＆P原油反1,16,0,16,福邦證券,2023-07-05,6480
3362,先進光,16,0,16,福邦證券,2023-07-05,6480
6762,達亞,16,0,16,福邦證券,2023-07-05,6480
00878,國泰永續高股息,35,20,15,福邦證券,2023-07-05,6480
2609,陽明,64,52,12,福邦證券,2023-07-05,6480
2889,國票金,12,0,12,福邦證券,2023-07-05,6480
3207,耀勝,13,1,12,福邦證券,2023-07-05,6480
6112,邁達特,14,2,12,福邦證券,2023-07-05,6480
2376,技嘉,12,1,11,福邦證券,2023-07-05,6480
2421,建準,12,1,11,福邦證券,2023-07-05,6480
5426,振發,11,0,11,福邦證券,2023-07-05,6480
1467,南緯,12,2,10,福邦證券,2023-07-05,6480
2349,錸德,10,0,10,福邦證券,2023-07-05,6480
2845,遠東銀,10,0,10,福邦證券,2023-07-05,6480
2867,三商壽,10,0,10,福邦證券,2023-07-05,6480
3045,台灣大,10,0,10,福邦證券,2023-07-05,6480
3325,旭品,10,0,10,福邦證券,2023-07-05,6480
5288,豐祥-KY,10,0,10,福邦證券,2023-07-05,6480
6187,萬潤,10,0,10,福邦證券,2023-07-05,6480
2330,台積電,10,0,10,福邦證券,2023-07-05,6480
1709,和益,9,0,9,福邦證券,2023-07-05,6480
2301,光寶科,10,1,9,福邦證券,2023-07-05,6480
2351,順德,17,8,9,福邦證券,2023-07-05,6480
2457,飛宏,11,2,9,福邦證券,2023-07-05,6480
00757,統一FANG+,8,0,8,福邦證券,2023-07-05,6480
00687B,國泰20年美債,2746,0,2746,福邦證券,2023-07-06,6480
2891,中信金,1076,6,1070,福邦證券,2023-07-06,6480
3037,欣興,602,5,597,福邦證券,2023-07-06,6480
2388,威盛,510,4,506,福邦證券,2023-07-06,6480
8936,國統,300,5,295,福邦證券,2023-07-06,6480
2402,毅嘉,202,0,202,福邦證券,2023-07-06,6480
5009,榮剛,243,43,200,福邦證券,2023-07-06,6480
9958,世紀鋼,190,0,190,福邦證券,2023-07-06,6480
2330,台積電,186,0,186,福邦證券,2023-07-06,6480
4915,致伸,165,0,165,福邦證券,2023-07-06,6480
2401,凌陽,174,10,164,福邦證券,2023-07-06,6480
3060,銘異,150,0,150,福邦證券,2023-07-06,6480
6188,廣明,189,44,145,福邦證券,2023-07-06,6480
3019,亞光,150,36,114,福邦證券,2023-07-06,6480
1303,南亞,109,1,108,福邦證券,2023-07-06,6480
8155,博智,97,0,97,福邦證券,2023-07-06,6480
2317,鴻海,96,2,94,福邦證券,2023-07-06,6480
2352,佳世達,80,0,80,福邦證券,2023-07-06,6480
4976,佳凌,80,0,80,福邦證券,2023-07-06,6480
1444,力麗,60,0,60,福邦證券,2023-07-06,6480
1609,大亞,62,10,52,福邦證券,2023-07-06,6480
2820,華票,50,0,50,福邦證券,2023-07-06,6480
8046,南電,50,0,50,福邦證券,2023-07-06,6480
2912,統一超,48,0,48,福邦證券,2023-07-06,6480
6271,同欣電,45,0,45,福邦證券,2023-07-06,6480
2887,台新金,42,0,42,福邦證券,2023-07-06,6480
2049,上銀,35,0,35,福邦證券,2023-07-06,6480
3363,上詮,62,28,34,福邦證券,2023-07-06,6480
2404,漢唐,32,0,32,福邦證券,2023-07-06,6480
8433,弘帆,31,0,31,福邦證券,2023-07-06,6480
00637L,元大滬深300正2,30,0,30,福邦證券,2023-07-06,6480
8011,台通,30,0,30,福邦證券,2023-07-06,6480
00640L,富邦日本正2,25,0,25,福邦證券,2023-07-06,6480
2883,凱基金,25,0,25,福邦證券,2023-07-06,6480
2888,新光金,23,0,23,福邦證券,2023-07-06,6480
00878,國泰永續高股息,22,0,22,福邦證券,2023-07-06,6480
2884,玉山金,22,0,22,福邦證券,2023-07-06,6480
3596,智易,23,1,22,福邦證券,2023-07-06,6480
2880,華南金,20,0,20,福邦證券,2023-07-06,6480
3548,兆利,20,0,20,福邦證券,2023-07-06,6480
6202,盛群,20,0,20,福邦證券,2023-07-06,6480
8234,新漢,20,0,20,福邦證券,2023-07-06,6480
2328,廣宇,20,1,19,福邦證券,2023-07-06,6480
2614,東森,16,0,16,福邦證券,2023-07-06,6480
1417,嘉裕,25,10,15,福邦證券,2023-07-06,6480
1760,寶齡富錦,35,20,15,福邦證券,2023-07-06,6480
3322,建舜電,15,0,15,福邦證券,2023-07-06,6480
5288,豐祥-KY,12,0,12,福邦證券,2023-07-06,6480
00929,復華台灣科技優息,11,0,11,福邦證券,2023-07-06,6480
9802,鈺齊-KY,11,0,11,福邦證券,2023-07-06,6480
3231,緯創,183,14,169,福邦證券,2023-07-07,6480
4532,瑞智,159,38,121,福邦證券,2023-07-07,6480
2317,鴻海,101,0,101,福邦證券,2023-07-07,6480
00719B,元大美債1-3,100,0,100,福邦證券,2023-07-07,6480
8936,國統,100,0,100,福邦證券,2023-07-07,6480
1605,華新,100,5,95,福邦證券,2023-07-07,6480
5388,中磊,88,21,67,福邦證券,2023-07-07,6480
2883,凱基金,54,0,54,福邦證券,2023-07-07,6480
2408,南亞科,50,0,50,福邦證券,2023-07-07,6480
3217,優群,50,0,50,福邦證券,2023-07-07,6480
2614,東森,46,0,46,福邦證券,2023-07-07,6480
9958,世紀鋼,52,9,43,福邦證券,2023-07-07,6480
8048,德勝,37,6,31,福邦證券,2023-07-07,6480
2820,華票,30,0,30,福邦證券,2023-07-07,6480
3701,大眾控,35,5,30,福邦證券,2023-07-07,6480
8210,勤誠,27,0,27,福邦證券,2023-07-07,6480
6679,鈺太,27,1,26,福邦證券,2023-07-07,6480
3034,聯詠,24,0,24,福邦證券,2023-07-07,6480
6288,聯嘉,23,0,23,福邦證券,2023-07-07,6480
2228,劍麟,20,0,20,福邦證券,2023-07-07,6480
2352,佳世達,20,0,20,福邦證券,2023-07-07,6480
2884,玉山金,20,0,20,福邦證券,2023-07-07,6480
00673R,期元大S＆P原油反1,19,0,19,福邦證券,2023-07-07,6480
3521,鴻翊,20,1,19,福邦證券,2023-07-07,6480
2382,廣達,18,0,18,福邦證券,2023-07-07,6480
6188,廣明,18,0,18,福邦證券,2023-07-07,6480
2887,台新金,17,0,17,福邦證券,2023-07-07,6480
2888,新光金,22,5,17,福邦證券,2023-07-07,6480
2017,官田鋼,16,0,16,福邦證券,2023-07-07,6480
5426,振發,16,0,16,福邦證券,2023-07-07,6480
2615,萬海,15,0,15,福邦證券,2023-07-07,6480
3631,晟楠,15,0,15,福邦證券,2023-07-07,6480
6196,帆宣,15,1,14,福邦證券,2023-07-07,6480
6282,康舒,22,8,14,福邦證券,2023-07-07,6480
2834,臺企銀,23,10,13,福邦證券,2023-07-07,6480
1809,中釉,16,5,11,福邦證券,2023-07-07,6480
00679B,元大美債20年,11,0,11,福邦證券,2023-07-07,6480
6762,達亞,11,0,11,福邦證券,2023-07-07,6480
00753L,中信中國50正2,10,0,10,福邦證券,2023-07-07,6480
1721,三晃,10,0,10,福邦證券,2023-07-07,6480
1504,東元,10,0,10,福邦證券,2023-07-07,6480
2328,廣宇,10,0,10,福邦證券,2023-07-07,6480
2363,矽統,10,0,10,福邦證券,2023-07-07,6480
3022,威強電,10,0,10,福邦證券,2023-07-07,6480
8222,寶一,10,0,10,福邦證券,2023-07-07,6480
2371,大同,31,22,9,福邦證券,2023-07-07,6480
4414,如興,9,0,9,福邦證券,2023-07-07,6480
1301,台塑,8,0,8,福邦證券,2023-07-07,6480
00929,復華台灣科技優息,12,4,8,福邦證券,2023-07-07,6480
6538,倉和,10,2,8,福邦證券,2023-07-07,6480
2409,友達,265,0,265,福邦證券,2023-07-10,6480
2313,華通,215,85,130,福邦證券,2023-07-10,6480
2408,南亞科,80,0,80,福邦證券,2023-07-10,6480
00751B,元大AAA至A公司債,54,0,54,福邦證券,2023-07-10,6480
3234,光環,52,0,52,福邦證券,2023-07-10,6480
8433,弘帆,51,0,51,福邦證券,2023-07-10,6480
2340,台亞,51,1,50,福邦證券,2023-07-10,6480
3715,定穎投控,50,0,50,福邦證券,2023-07-10,6480
4934,太極,133,86,47,福邦證券,2023-07-10,6480
2317,鴻海,47,2,45,福邦證券,2023-07-10,6480
00882,中信中國高股息,41,0,41,福邦證券,2023-07-10,6480
1736,喬山,40,0,40,福邦證券,2023-07-10,6480
8176,智捷,40,0,40,福邦證券,2023-07-10,6480
2614,東森,32,0,32,福邦證券,2023-07-10,6480
1444,力麗,30,0,30,福邦證券,2023-07-10,6480
00632R,元大台灣50反1,70,40,30,福邦證券,2023-07-10,6480
2303,聯電,30,0,30,福邦證券,2023-07-10,6480
2610,華航,71,44,27,福邦證券,2023-07-10,6480
2884,玉山金,27,0,27,福邦證券,2023-07-10,6480
3576,聯合再生,27,2,25,福邦證券,2023-07-10,6480
2820,華票,20,0,20,福邦證券,2023-07-10,6480
3645,達邁,40,20,20,福邦證券,2023-07-10,6480
4707,磐亞,21,1,20,福邦證券,2023-07-10,6480
6657,華安,19,0,19,福邦證券,2023-07-10,6480
5230,雷笛克光學,17,0,17,福邦證券,2023-07-10,6480
00650L,復華香港正2,20,5,15,福邦證券,2023-07-10,6480
6026,福邦證,25,10,15,福邦證券,2023-07-10,6480
00673R,期元大S＆P原油反1,14,0,14,福邦證券,2023-07-10,6480
2312,金寶,70,56,14,福邦證券,2023-07-10,6480
00679B,元大美債20年,212,200,12,福邦證券,2023-07-10,6480
6472,保瑞,24,12,12,福邦證券,2023-07-10,6480
4414,如興,11,0,11,福邦證券,2023-07-10,6480
4739,康普,11,0,11,福邦證券,2023-07-10,6480
2228,劍麟,10,0,10,福邦證券,2023-07-10,6480
2611,志信,10,0,10,福邦證券,2023-07-10,6480
2812,台中銀,10,0,10,福邦證券,2023-07-10,6480
3707,漢磊,14,4,10,福邦證券,2023-07-10,6480
5288,豐祥-KY,16,6,10,福邦證券,2023-07-10,6480
5608,四維航,10,0,10,福邦證券,2023-07-10,6480
6762,達亞,10,0,10,福邦證券,2023-07-10,6480
8358,金居,10,0,10,福邦證券,2023-07-10,6480
3022,威強電,10,1,9,福邦證券,2023-07-10,6480
2880,華南金,8,0,8,福邦證券,2023-07-10,6480
6664,群翊,8,0,8,福邦證券,2023-07-10,6480
3362,先進光,9,2,7,福邦證券,2023-07-10,6480
3481,群創,10,3,7,福邦證券,2023-07-10,6480
1467,南緯,8,2,6,福邦證券,2023-07-10,6480
1519,華城,9,3,6,福邦證券,2023-07-10,6480
00772B,中信高評級公司債,6,0,6,福邦證券,2023-07-10,6480
1591,駿吉-KY,6,0,6,福邦證券,2023-07-10,6480
2371,大同,313,35,278,福邦證券,2023-07-11,6480
5425,台半,239,6,233,福邦證券,2023-07-11,6480
3515,華擎,205,1,204,福邦證券,2023-07-11,6480
2486,一詮,241,38,203,福邦證券,2023-07-11,6480
3596,智易,159,2,157,福邦證券,2023-07-11,6480
6288,聯嘉,156,0,156,福邦證券,2023-07-11,6480
9958,世紀鋼,158,2,156,福邦證券,2023-07-11,6480
00632R,元大台灣50反1,100,0,100,福邦證券,2023-07-11,6480
3105,穩懋,60,0,60,福邦證券,2023-07-11,6480
00640L,富邦日本正2,50,5,45,福邦證券,2023-07-11,6480
2382,廣達,60,25,35,福邦證券,2023-07-11,6480
2454,聯發科,34,0,34,福邦證券,2023-07-11,6480
2353,宏��,30,1,29,福邦證券,2023-07-11,6480
3078,僑威,34,9,25,福邦證券,2023-07-11,6480
2330,台積電,45,24,21,福邦證券,2023-07-11,6480
3257,虹冠電,20,0,20,福邦證券,2023-07-11,6480
4164,承業醫,40,20,20,福邦證券,2023-07-11,6480
5439,高技,20,0,20,福邦證券,2023-07-11,6480
8096,擎亞,20,0,20,福邦證券,2023-07-11,6480
6282,康舒,18,0,18,福邦證券,2023-07-11,6480
4533,協易機,17,0,17,福邦證券,2023-07-11,6480
3356,奇偶,21,5,16,福邦證券,2023-07-11,6480
8255,朋程,16,0,16,福邦證券,2023-07-11,6480
00878,國泰永續高股息,20,5,15,福邦證券,2023-07-11,6480
00673R,期元大S＆P原油反1,15,0,15,福邦證券,2023-07-11,6480
3025,星通,26,11,15,福邦證券,2023-07-11,6480
4746,台耀,17,2,15,福邦證券,2023-07-11,6480
2883,凱基金,16,2,14,福邦證券,2023-07-11,6480
3551,世禾,13,0,13,福邦證券,2023-07-11,6480
6472,保瑞,23,10,13,福邦證券,2023-07-11,6480
2888,新光金,12,0,12,福邦證券,2023-07-11,6480
2404,漢唐,11,0,11,福邦證券,2023-07-11,6480
2881,富邦金,11,0,11,福邦證券,2023-07-11,6480
2891,中信金,11,0,11,福邦證券,2023-07-11,6480
6245,立端,11,0,11,福邦證券,2023-07-11,6480
2413,環科,12,2,10,福邦證券,2023-07-11,6480
3540,曜越,10,0,10,福邦證券,2023-07-11,6480
6239,力成,10,0,10,福邦證券,2023-07-11,6480
8176,智捷,10,0,10,福邦證券,2023-07-11,6480
1586,和勤,17,8,9,福邦證券,2023-07-11,6480
1522,堤維西,10,1,9,福邦證券,2023-07-11,6480
2323,中環,10,1,9,福邦證券,2023-07-11,6480
8011,台通,9,0,9,福邦證券,2023-07-11,6480
8097,常珵,9,0,9,福邦證券,2023-07-11,6480
2618,長榮航,12,4,8,福邦證券,2023-07-11,6480
4583,台灣精銳,8,0,8,福邦證券,2023-07-11,6480
2615,萬海,7,0,7,福邦證券,2023-07-11,6480
3008,大立光,7,0,7,福邦證券,2023-07-11,6480
00687B,國泰20年美債,6,0,6,福邦證券,2023-07-11,6480
4510,高鋒,8,2,6,福邦證券,2023-07-11,6480
8464,億豐,165,0,165,福邦證券,2023-07-12,6480
00719B,元大美債1-3,100,0,100,福邦證券,2023-07-12,6480
1522,堤維西,80,0,80,福邦證券,2023-07-12,6480
3645,達邁,85,5,80,福邦證券,2023-07-12,6480
1519,華城,58,0,58,福邦證券,2023-07-12,6480
8215,明基材,57,0,57,福邦證券,2023-07-12,6480
6235,華孚,158,103,55,福邦證券,2023-07-12,6480
3034,聯詠,50,0,50,福邦證券,2023-07-12,6480
6271,同欣電,50,0,50,福邦證券,2023-07-12,6480
2356,英業達,52,6,46,福邦證券,2023-07-12,6480
6274,台燿,51,5,46,福邦證券,2023-07-12,6480
6147,頎邦,45,0,45,福邦證券,2023-07-12,6480
00632R,元大台灣50反1,40,0,40,福邦證券,2023-07-12,6480
2431,聯昌,40,0,40,福邦證券,2023-07-12,6480
6548,長科*,40,0,40,福邦證券,2023-07-12,6480
2388,威盛,30,1,29,福邦證券,2023-07-12,6480
2313,華通,50,22,28,福邦證券,2023-07-12,6480
8433,弘帆,28,0,28,福邦證券,2023-07-12,6480
2908,特力,24,0,24,福邦證券,2023-07-12,6480
6679,鈺太,21,0,21,福邦證券,2023-07-12,6480
8097,常珵,21,0,21,福邦證券,2023-07-12,6480
6139,亞翔,20,0,20,福邦證券,2023-07-12,6480
6664,群翊,20,0,20,福邦證券,2023-07-12,6480
3653,健策,18,0,18,福邦證券,2023-07-12,6480
5288,豐祥-KY,18,0,18,福邦證券,2023-07-12,6480
2834,臺企銀,17,0,17,福邦證券,2023-07-12,6480
2883,凱基金,16,0,16,福邦證券,2023-07-12,6480
4164,承業醫,16,0,16,福邦證券,2023-07-12,6480
3092,鴻碩,15,0,15,福邦證券,2023-07-12,6480
3265,台星科,15,0,15,福邦證券,2023-07-12,6480
6290,良維,15,0,15,福邦證券,2023-07-12,6480
8299,群聯,15,0,15,福邦證券,2023-07-12,6480
2610,華航,52,38,14,福邦證券,2023-07-12,6480
8027,鈦昇,14,0,14,福邦證券,2023-07-12,6480
3706,神達,16,3,13,福邦證券,2023-07-12,6480
2481,強茂,12,0,12,福邦證券,2023-07-12,6480
4564,元翎,12,0,12,福邦證券,2023-07-12,6480
4934,太極,14,2,12,福邦證券,2023-07-12,6480
5210,寶碩,12,0,12,福邦證券,2023-07-12,6480
8996,高力,12,0,12,福邦證券,2023-07-12,6480
00687B,國泰20年美債,11,0,11,福邦證券,2023-07-12,6480
2449,京元電子,20,9,11,福邦證券,2023-07-12,6480
2020,美亞,10,0,10,福邦證券,2023-07-12,6480
00679B,元大美債20年,10,0,10,福邦證券,2023-07-12,6480
3257,虹冠電,10,0,10,福邦證券,2023-07-12,6480
5608,四維航,10,0,10,福邦證券,2023-07-12,6480
6691,洋基工程,10,0,10,福邦證券,2023-07-12,6480
6803,崑鼎,10,0,10,福邦證券,2023-07-12,6480
8096,擎亞,10,0,10,福邦證券,2023-07-12,6480
2444,兆勁,9,0,9,福邦證券,2023-07-12,6480
2382,廣達,495,19,476,福邦證券,2023-07-13,6480
3483,力致,250,5,245,福邦證券,2023-07-13,6480
00632R,元大台灣50反1,160,0,160,福邦證券,2023-07-13,6480
3596,智易,160,2,158,福邦證券,2023-07-13,6480
4147,中裕,125,0,125,福邦證券,2023-07-13,6480
2376,技嘉,134,11,123,福邦證券,2023-07-13,6480
3305,昇貿,111,1,110,福邦證券,2023-07-13,6480
5607,遠雄港,120,20,100,福邦證券,2023-07-13,6480
2618,長榮航,97,3,94,福邦證券,2023-07-13,6480
6548,長科*,80,5,75,福邦證券,2023-07-13,6480
2331,精英,72,0,72,福邦證券,2023-07-13,6480
4938,和碩,70,0,70,福邦證券,2023-07-13,6480
3711,日月光投控,70,0,70,福邦證券,2023-07-13,6480
8201,無敵,65,0,65,福邦證券,2023-07-13,6480
1760,寶齡富錦,60,0,60,福邦證券,2023-07-13,6480
2436,偉詮電,60,0,60,福邦證券,2023-07-13,6480
3131,弘塑,58,0,58,福邦證券,2023-07-13,6480
5284,jpp-KY,62,12,50,福邦證券,2023-07-13,6480
6202,盛群,50,0,50,福邦證券,2023-07-13,6480
00878,國泰永續高股息,55,12,43,福邦證券,2023-07-13,6480
6179,亞通,40,0,40,福邦證券,2023-07-13,6480
1560,中砂,38,1,37,福邦證券,2023-07-13,6480
2809,京城銀,36,0,36,福邦證券,2023-07-13,6480
2614,東森,50,15,35,福邦證券,2023-07-13,6480
2313,華通,33,1,32,福邦證券,2023-07-13,6480
6026,福邦證,31,0,31,福邦證券,2023-07-13,6480
1717,長興,30,0,30,福邦證券,2023-07-13,6480
4572,駐龍,30,0,30,福邦證券,2023-07-13,6480
5905,南仁湖,30,0,30,福邦證券,2023-07-13,6480
3013,晟銘電,29,0,29,福邦證券,2023-07-13,6480
1522,堤維西,26,0,26,福邦證券,2023-07-13,6480
2882,國泰金,25,0,25,福邦證券,2023-07-13,6480
1586,和勤,29,8,21,福邦證券,2023-07-13,6480
1528,恩德,20,0,20,福邦證券,2023-07-13,6480
2353,宏��,20,0,20,福邦證券,2023-07-13,6480
2883,凱基金,21,1,20,福邦證券,2023-07-13,6480
3645,達邁,30,10,20,福邦證券,2023-07-13,6480
2369,菱生,20,1,19,福邦證券,2023-07-13,6480
6282,康舒,19,0,19,福邦證券,2023-07-13,6480
1513,中興電,20,2,18,福邦證券,2023-07-13,6480
3231,緯創,21,3,18,福邦證券,2023-07-13,6480
2329,華泰,19,3,16,福邦證券,2023-07-13,6480
1605,華新,19,4,15,福邦證券,2023-07-13,6480
3313,斐成,15,0,15,福邦證券,2023-07-13,6480
8433,弘帆,14,0,14,福邦證券,2023-07-13,6480
00673R,期元大S＆P原油反1,13,0,13,福邦證券,2023-07-13,6480
1609,大亞,12,0,12,福邦證券,2023-07-13,6480
2312,金寶,15,3,12,福邦證券,2023-07-13,6480
3631,晟楠,12,0,12,福邦證券,2023-07-13,6480
00929,復華台灣科技優息,10,0,10,福邦證券,2023-07-13,6480
6274,台燿,415,11,404,福邦證券,2023-07-14,6480
2317,鴻海,330,5,325,福邦證券,2023-07-14,6480
2301,光寶科,231,2,229,福邦證券,2023-07-14,6480
8936,國統,225,1,224,福邦證券,2023-07-14,6480
2376,技嘉,161,1,160,福邦證券,2023-07-14,6480
4147,中裕,135,0,135,福邦證券,2023-07-14,6480
2017,官田鋼,65,0,65,福邦證券,2023-07-14,6480
2618,長榮航,90,29,61,福邦證券,2023-07-14,6480
00632R,元大台灣50反1,60,0,60,福邦證券,2023-07-14,6480
1609,大亞,64,11,53,福邦證券,2023-07-14,6480
2419,仲琦,54,11,43,福邦證券,2023-07-14,6480
2614,東森,43,0,43,福邦證券,2023-07-14,6480
3701,大眾控,40,1,39,福邦證券,2023-07-14,6480
3317,尼克森,32,0,32,福邦證券,2023-07-14,6480
6288,聯嘉,31,1,30,福邦證券,2023-07-14,6480
3013,晟銘電,29,0,29,福邦證券,2023-07-14,6480
5351,鈺創,21,0,21,福邦證券,2023-07-14,6480
1605,華新,21,1,20,福邦證券,2023-07-14,6480
2609,陽明,23,4,19,福邦證券,2023-07-14,6480
1522,堤維西,20,2,18,福邦證券,2023-07-14,6480
1586,和勤,38,20,18,福邦證券,2023-07-14,6480
2201,裕隆,22,4,18,福邦證券,2023-07-14,6480
3362,先進光,22,5,17,福邦證券,2023-07-14,6480
00733,富邦臺灣中小,16,0,16,福邦證券,2023-07-14,6480
3265,台星科,15,0,15,福邦證券,2023-07-14,6480
5210,寶碩,14,0,14,福邦證券,2023-07-14,6480
3706,神達,20,8,12,福邦證券,2023-07-14,6480
6412,群電,12,0,12,福邦證券,2023-07-14,6480
5288,豐祥-KY,11,0,11,福邦證券,2023-07-14,6480
6719,力智,13,2,11,福邦證券,2023-07-14,6480
1417,嘉裕,20,10,10,福邦證券,2023-07-14,6480
2409,友達,60,50,10,福邦證券,2023-07-14,6480
6161,捷波,10,0,10,福邦證券,2023-07-14,6480
2881,富邦金,10,1,9,福邦證券,2023-07-14,6480
6538,倉和,9,0,9,福邦證券,2023-07-14,6480
4966,譜瑞-KY,9,0,9,福邦證券,2023-07-14,6480
00637L,元大滬深300正2,8,0,8,福邦證券,2023-07-14,6480
3231,緯創,9,1,8,福邦證券,2023-07-14,6480
2610,華航,108,101,7,福邦證券,2023-07-14,6480
4938,和碩,7,0,7,福邦證券,2023-07-14,6480
6806,森崴能源,8,1,7,福邦證券,2023-07-14,6480
00673R,期元大S＆P原油反1,6,0,6,福邦證券,2023-07-14,6480
3540,曜越,6,0,6,福邦證券,2023-07-14,6480
6197,佳必琪,6,0,6,福邦證券,2023-07-14,6480
6290,良維,7,1,6,福邦證券,2023-07-14,6480
1717,長興,5,0,5,福邦證券,2023-07-14,6480
1533,車王電,5,0,5,福邦證券,2023-07-14,6480
2066,世德,5,0,5,福邦證券,2023-07-14,6480
2449,京元電子,5,0,5,福邦證券,2023-07-14,6480
2867,三商壽,5,0,5,福邦證券,2023-07-14,6480
6282,康舒,1058,91,967,福邦證券,2023-07-17,6480
1560,中砂,303,2,301,福邦證券,2023-07-17,6480
2371,大同,262,54,208,福邦證券,2023-07-17,6480
1519,華城,200,0,200,福邦證券,2023-07-17,6480
6235,華孚,171,0,171,福邦證券,2023-07-17,6480
2460,建通,168,0,168,福邦證券,2023-07-17,6480
6223,旺矽,165,3,162,福邦證券,2023-07-17,6480
5607,遠雄港,103,0,103,福邦證券,2023-07-17,6480
3551,世禾,77,0,77,福邦證券,2023-07-17,6480
9950,萬國通,65,0,65,福邦證券,2023-07-17,6480
2312,金寶,63,7,56,福邦證券,2023-07-17,6480
1773,勝一,50,0,50,福邦證券,2023-07-17,6480
3260,威剛,50,0,50,福邦證券,2023-07-17,6480
3081,聯亞,40,0,40,福邦證券,2023-07-17,6480
6191,精成科,40,1,39,福邦證券,2023-07-17,6480
2017,官田鋼,38,0,38,福邦證券,2023-07-17,6480
3105,穩懋,36,0,36,福邦證券,2023-07-17,6480
1795,美時,33,0,33,福邦證券,2023-07-17,6480
2890,永豐金,30,0,30,福邦證券,2023-07-17,6480
4123,晟德,30,0,30,福邦證券,2023-07-17,6480
6443,元晶,30,0,30,福邦證券,2023-07-17,6480
3013,晟銘電,29,0,29,福邦證券,2023-07-17,6480
4967,十銓,29,0,29,福邦證券,2023-07-17,6480
8299,群聯,28,0,28,福邦證券,2023-07-17,6480
1417,嘉裕,24,0,24,福邦證券,2023-07-17,6480
2495,普安,40,20,20,福邦證券,2023-07-17,6480
3583,辛耘,22,2,20,福邦證券,2023-07-17,6480
4906,正文,18,0,18,福邦證券,2023-07-17,6480
2881,富邦金,21,5,16,福邦證券,2023-07-17,6480
2342,茂矽,15,0,15,福邦證券,2023-07-17,6480
4563,百德,15,0,15,福邦證券,2023-07-17,6480
4908,前鼎,15,0,15,福邦證券,2023-07-17,6480
2355,敬鵬,13,0,13,福邦證券,2023-07-17,6480
5439,高技,13,0,13,福邦證券,2023-07-17,6480
4438,廣越,12,0,12,福邦證券,2023-07-17,6480
4938,和碩,13,1,12,福邦證券,2023-07-17,6480
3701,大眾控,11,0,11,福邦證券,2023-07-17,6480
6285,啟��,11,0,11,福邦證券,2023-07-17,6480
8087,麗升能源,14,3,11,福邦證券,2023-07-17,6480
3062,建漢,10,0,10,福邦證券,2023-07-17,6480
3432,台端,10,0,10,福邦證券,2023-07-17,6480
3624,光頡,10,0,10,福邦證券,2023-07-17,6480
6275,元山,10,0,10,福邦證券,2023-07-17,6480
6679,鈺太,10,0,10,福邦證券,2023-07-17,6480
2383,台光電,10,1,9,福邦證券,2023-07-17,6480
2206,三陽工業,8,0,8,福邦證券,2023-07-17,6480
9910,豐泰,8,0,8,福邦證券,2023-07-17,6480
1586,和勤,11,4,7,福邦證券,2023-07-17,6480
2066,世德,8,1,7,福邦證券,2023-07-17,6480
2614,東森,7,0,7,福邦證券,2023-07-17,6480
6285,啟��,990,1,989,福邦證券,2023-07-18,6480
3325,旭品,257,0,257,福邦證券,2023-07-18,6480
3035,智原,161,0,161,福邦證券,2023-07-18,6480
2368,金像電,168,10,158,福邦證券,2023-07-18,6480
1503,士電,158,1,157,福邦證券,2023-07-18,6480
2449,京元電子,162,5,157,福邦證券,2023-07-18,6480
4147,中裕,136,0,136,福邦證券,2023-07-18,6480
6213,聯茂,179,45,134,福邦證券,2023-07-18,6480
1605,華新,105,0,105,福邦證券,2023-07-18,6480
2303,聯電,103,0,103,福邦證券,2023-07-18,6480
3481,群創,100,0,100,福邦證券,2023-07-18,6480
6546,正基,113,15,98,福邦證券,2023-07-18,6480
6584,南俊國際,70,0,70,福邦證券,2023-07-18,6480
1711,永光,71,3,68,福邦證券,2023-07-18,6480
1609,大亞,162,99,63,福邦證券,2023-07-18,6480
2312,金寶,112,63,49,福邦證券,2023-07-18,6480
2408,南亞科,50,1,49,福邦證券,2023-07-18,6480
8027,鈦昇,70,23,47,福邦證券,2023-07-18,6480
1519,華城,45,1,44,福邦證券,2023-07-18,6480
1789,神隆,40,6,34,福邦證券,2023-07-18,6480
6679,鈺太,32,0,32,福邦證券,2023-07-18,6480
6139,亞翔,30,0,30,福邦證券,2023-07-18,6480
3701,大眾控,27,0,27,福邦證券,2023-07-18,6480
1314,中石化,26,0,26,福邦證券,2023-07-18,6480
3078,僑威,26,1,25,福邦證券,2023-07-18,6480
2883,凱基金,23,0,23,福邦證券,2023-07-18,6480
5426,振發,23,0,23,福邦證券,2023-07-18,6480
3583,辛耘,22,0,22,福邦證券,2023-07-18,6480
6657,華安,21,0,21,福邦證券,2023-07-18,6480
1522,堤維西,20,0,20,福邦證券,2023-07-18,6480
1591,駿吉-KY,20,0,20,福邦證券,2023-07-18,6480
2017,官田鋼,20,0,20,福邦證券,2023-07-18,6480
2383,台光電,20,0,20,福邦證券,2023-07-18,6480
5269,祥碩,20,0,20,福邦證券,2023-07-18,6480
5905,南仁湖,20,0,20,福邦證券,2023-07-18,6480
6579,研揚,20,0,20,福邦證券,2023-07-18,6480
8299,群聯,20,0,20,福邦證券,2023-07-18,6480
2313,華通,32,15,17,福邦證券,2023-07-18,6480
6902,GOGOLOOK-創,18,2,16,福邦證券,2023-07-18,6480
1717,長興,15,0,15,福邦證券,2023-07-18,6480
6120,達運,15,0,15,福邦證券,2023-07-18,6480
6170,統振,15,0,15,福邦證券,2023-07-18,6480
6205,詮欣,15,0,15,福邦證券,2023-07-18,6480
9950,萬國通,15,0,15,福邦證券,2023-07-18,6480
6470,宇智,15,1,14,福邦證券,2023-07-18,6480
2324,仁寶,33,20,13,福邦證券,2023-07-18,6480
1513,中興電,16,4,12,福邦證券,2023-07-18,6480
00882,中信中國高股息,12,0,12,福邦證券,2023-07-18,6480
5210,寶碩,12,0,12,福邦證券,2023-07-18,6480
6026,福邦證,14,2,12,福邦證券,2023-07-18,6480
2886,兆豐金,750,0,750,福邦證券,2023-07-19,6480
2376,技嘉,321,1,320,福邦證券,2023-07-19,6480
2891,中信金,300,0,300,福邦證券,2023-07-19,6480
4147,中裕,279,0,279,福邦證券,2023-07-19,6480
3037,欣興,245,13,232,福邦證券,2023-07-19,6480
5425,台半,201,0,201,福邦證券,2023-07-19,6480
6235,華孚,515,324,191,福邦證券,2023-07-19,6480
2615,萬海,120,10,110,福邦證券,2023-07-19,6480
1609,大亞,106,0,106,福邦證券,2023-07-19,6480
4123,晟德,107,2,105,福邦證券,2023-07-19,6480
3163,波若威,100,2,98,福邦證券,2023-07-19,6480
3078,僑威,90,5,85,福邦證券,2023-07-19,6480
3231,緯創,87,2,85,福邦證券,2023-07-19,6480
1519,華城,75,0,75,福邦證券,2023-07-19,6480
2609,陽明,50,0,50,福邦證券,2023-07-19,6480
2867,三商壽,47,0,47,福邦證券,2023-07-19,6480
6719,力智,45,0,45,福邦證券,2023-07-19,6480
6222,上揚,43,0,43,福邦證券,2023-07-19,6480
2408,南亞科,51,10,41,福邦證券,2023-07-19,6480
2409,友達,61,20,41,福邦證券,2023-07-19,6480
4938,和碩,35,2,33,福邦證券,2023-07-19,6480
3481,群創,31,0,31,福邦證券,2023-07-19,6480
3131,弘塑,30,0,30,福邦證券,2023-07-19,6480
4979,華星光,31,1,30,福邦證券,2023-07-19,6480
5284,jpp-KY,30,0,30,福邦證券,2023-07-19,6480
2371,大同,61,33,28,福邦證券,2023-07-19,6480
2883,凱基金,43,19,24,福邦證券,2023-07-19,6480
1513,中興電,22,1,21,福邦證券,2023-07-19,6480
2017,官田鋼,20,0,20,福邦證券,2023-07-19,6480
2395,研華,20,0,20,福邦證券,2023-07-19,6480
6288,聯嘉,20,0,20,福邦證券,2023-07-19,6480
2421,建準,35,18,17,福邦證券,2023-07-19,6480
3105,穩懋,23,6,17,福邦證券,2023-07-19,6480
9950,萬國通,16,0,16,福邦證券,2023-07-19,6480
2881,富邦金,25,10,15,福邦證券,2023-07-19,6480
6161,捷波,35,20,15,福邦證券,2023-07-19,6480
6584,南俊國際,15,0,15,福邦證券,2023-07-19,6480
6811,宏�硌穈T,20,5,15,福邦證券,2023-07-19,6480
4739,康普,13,0,13,福邦證券,2023-07-19,6480
6446,藥華藥,12,0,12,福邦證券,2023-07-19,6480
0056,元大高股息,11,0,11,福邦證券,2023-07-19,6480
6166,凌華,11,0,11,福邦證券,2023-07-19,6480
1736,喬山,10,0,10,福邦證券,2023-07-19,6480
00687B,國泰20年美債,10,0,10,福邦證券,2023-07-19,6480
2328,廣宇,10,0,10,福邦證券,2023-07-19,6480
2362,藍天,10,0,10,福邦證券,2023-07-19,6480
2401,凌陽,10,0,10,福邦證券,2023-07-19,6480
2455,全新,10,0,10,福邦證券,2023-07-19,6480
3324,雙鴻,10,0,10,福邦證券,2023-07-19,6480
4906,正文,10,0,10,福邦證券,2023-07-19,6480
3481,群創,700,0,700,福邦證券,2023-07-20,6480
2409,友達,673,55,618,福邦證券,2023-07-20,6480
2392,正崴,495,0,495,福邦證券,2023-07-20,6480
6274,台燿,300,3,297,福邦證券,2023-07-20,6480
3037,欣興,267,36,231,福邦證券,2023-07-20,6480
6188,廣明,202,11,191,福邦證券,2023-07-20,6480
3035,智原,158,3,155,福邦證券,2023-07-20,6480
1560,中砂,102,2,100,福邦證券,2023-07-20,6480
4147,中裕,90,0,90,福邦證券,2023-07-20,6480
3346,麗清,64,0,64,福邦證券,2023-07-20,6480
6546,正基,64,0,64,福邦證券,2023-07-20,6480
3711,日月光投控,60,0,60,福邦證券,2023-07-20,6480
2801,彰銀,50,0,50,福邦證券,2023-07-20,6480
2634,漢翔,46,1,45,福邦證券,2023-07-20,6480
1789,神隆,41,0,41,福邦證券,2023-07-20,6480
3163,波若威,41,1,40,福邦證券,2023-07-20,6480
2465,麗臺,40,1,39,福邦證券,2023-07-20,6480
2376,技嘉,40,2,38,福邦證券,2023-07-20,6480
1718,中纖,30,0,30,福邦證券,2023-07-20,6480
6411,晶焱,30,0,30,福邦證券,2023-07-20,6480
6290,良維,30,1,29,福邦證券,2023-07-20,6480
3260,威剛,25,0,25,福邦證券,2023-07-20,6480
3483,力致,21,1,20,福邦證券,2023-07-20,6480
2017,官田鋼,20,0,20,福邦證券,2023-07-20,6480
5288,豐祥-KY,19,0,19,福邦證券,2023-07-20,6480
2486,一詮,21,3,18,福邦證券,2023-07-20,6480
6217,中探針,22,4,18,福邦證券,2023-07-20,6480
1905,華紙,18,2,16,福邦證券,2023-07-20,6480
4739,康普,15,0,15,福邦證券,2023-07-20,6480
2303,聯電,14,0,14,福邦證券,2023-07-20,6480
2330,台積電,14,0,14,福邦證券,2023-07-20,6480
6719,力智,13,0,13,福邦證券,2023-07-20,6480
4906,正文,12,0,12,福邦證券,2023-07-20,6480
1586,和勤,15,4,11,福邦證券,2023-07-20,6480
2461,光群雷,10,0,10,福邦證券,2023-07-20,6480
2812,台中銀,10,0,10,福邦證券,2023-07-20,6480
3701,大眾控,10,0,10,福邦證券,2023-07-20,6480
8289,泰藝,10,0,10,福邦證券,2023-07-20,6480
2419,仲琦,15,6,9,福邦證券,2023-07-20,6480
3025,星通,9,0,9,福邦證券,2023-07-20,6480
3266,昇陽,9,0,9,福邦證券,2023-07-20,6480
3416,融程電,10,1,9,福邦證券,2023-07-20,6480
2352,佳世達,8,0,8,福邦證券,2023-07-20,6480
3189,景碩,12,4,8,福邦證券,2023-07-20,6480
2497,怡利電,7,0,7,福邦證券,2023-07-20,6480
6161,捷波,7,0,7,福邦證券,2023-07-20,6480
6164,華興,7,0,7,福邦證券,2023-07-20,6480
6288,聯嘉,7,0,7,福邦證券,2023-07-20,6480
2369,菱生,6,0,6,福邦證券,2023-07-20,6480
3680,家登,6,0,6,福邦證券,2023-07-20,6480
2392,正崴,1132,0,1132,福邦證券,2023-07-21,6480
6026,福邦證,321,5,316,福邦證券,2023-07-21,6480
3044,健鼎,302,0,302,福邦證券,2023-07-21,6480
2610,華航,369,110,259,福邦證券,2023-07-21,6480
1513,中興電,266,33,233,福邦證券,2023-07-21,6480
1101,台泥,221,0,221,福邦證券,2023-07-21,6480
1305,華夏,186,0,186,福邦證券,2023-07-21,6480
6274,台燿,176,7,169,福邦證券,2023-07-21,6480
3583,辛耘,175,26,149,福邦證券,2023-07-21,6480
2014,中鴻,106,0,106,福邦證券,2023-07-21,6480
1605,華新,96,0,96,福邦證券,2023-07-21,6480
1217,愛之味,180,100,80,福邦證券,2023-07-21,6480
5340,建榮,123,55,68,福邦證券,2023-07-21,6480
1308,亞聚,66,0,66,福邦證券,2023-07-21,6480
2303,聯電,57,0,57,福邦證券,2023-07-21,6480
2382,廣達,70,13,57,福邦證券,2023-07-21,6480
5371,中光電,51,0,51,福邦證券,2023-07-21,6480
6488,環球晶,50,0,50,福邦證券,2023-07-21,6480
2317,鴻海,51,2,49,福邦證券,2023-07-21,6480
5284,jpp-KY,41,0,41,福邦證券,2023-07-21,6480
1304,台聚,36,0,36,福邦證券,2023-07-21,6480
1727,中華化,29,0,29,福邦證券,2023-07-21,6480
2618,長榮航,38,10,28,福邦證券,2023-07-21,6480
3231,緯創,31,3,28,福邦證券,2023-07-21,6480
8039,台虹,28,0,28,福邦證券,2023-07-21,6480
4572,駐龍,25,0,25,福邦證券,2023-07-21,6480
1102,亞泥,23,0,23,福邦證券,2023-07-21,6480
2615,萬海,20,0,20,福邦證券,2023-07-21,6480
4739,康普,20,0,20,福邦證券,2023-07-21,6480
3357,臺慶科,19,0,19,福邦證券,2023-07-21,6480
2883,凱基金,18,0,18,福邦證券,2023-07-21,6480
2405,輔信,26,9,17,福邦證券,2023-07-21,6480
2887,台新金,17,0,17,福邦證券,2023-07-21,6480
6164,華興,15,0,15,福邦證券,2023-07-21,6480
00929,復華台灣科技優息,12,0,12,福邦證券,2023-07-21,6480
1742,台蠟,12,0,12,福邦證券,2023-07-21,6480
6222,上揚,12,0,12,福邦證券,2023-07-21,6480
00757,統一FANG+,11,0,11,福邦證券,2023-07-21,6480
1905,華紙,21,10,11,福邦證券,2023-07-21,6480
3533,嘉澤,11,0,11,福邦證券,2023-07-21,6480
6449,鈺邦,11,0,11,福邦證券,2023-07-21,6480
6719,力智,11,0,11,福邦證券,2023-07-21,6480
1762,中化生,10,0,10,福邦證券,2023-07-21,6480
2017,官田鋼,10,0,10,福邦證券,2023-07-21,6480
2461,光群雷,13,3,10,福邦證券,2023-07-21,6480
2630,亞航,10,0,10,福邦證券,2023-07-21,6480
3266,昇陽,10,0,10,福邦證券,2023-07-21,6480
3701,大眾控,10,0,10,福邦證券,2023-07-21,6480
5392,能率,10,0,10,福邦證券,2023-07-21,6480
5452,佶優,10,0,10,福邦證券,2023-07-21,6480
2392,正崴,1310,0,1310,福邦證券,2023-07-24,6480
6451,訊芯-KY,401,3,398,福邦證券,2023-07-24,6480
1609,大亞,418,194,224,福邦證券,2023-07-24,6480
2301,光寶科,208,0,208,福邦證券,2023-07-24,6480
3035,智原,163,0,163,福邦證券,2023-07-24,6480
4123,晟德,150,1,149,福邦證券,2023-07-24,6480
4938,和碩,140,0,140,福邦證券,2023-07-24,6480
2382,廣達,122,17,105,福邦證券,2023-07-24,6480
6026,福邦證,101,0,101,福邦證券,2023-07-24,6480
6290,良維,100,0,100,福邦證券,2023-07-24,6480
1504,東元,100,1,99,福邦證券,2023-07-24,6480
2328,廣宇,90,0,90,福邦證券,2023-07-24,6480
2371,大同,91,5,86,福邦證券,2023-07-24,6480
4543,萬在,77,0,77,福邦證券,2023-07-24,6480
2352,佳世達,70,0,70,福邦證券,2023-07-24,6480
5284,jpp-KY,71,2,69,福邦證券,2023-07-24,6480
5483,中美晶,73,5,68,福邦證券,2023-07-24,6480
1702,南僑,53,0,53,福邦證券,2023-07-24,6480
2515,中工,50,0,50,福邦證券,2023-07-24,6480
2888,新光金,50,0,50,福邦證券,2023-07-24,6480
4739,康普,43,0,43,福邦證券,2023-07-24,6480
6125,廣運,47,8,39,福邦證券,2023-07-24,6480
1605,華新,40,5,35,福邦證券,2023-07-24,6480
00720B,元大投資級公司債,31,0,31,福邦證券,2023-07-24,6480
6411,晶焱,32,1,31,福邦證券,2023-07-24,6480
2002,中鋼,30,0,30,福邦證券,2023-07-24,6480
8996,高力,27,0,27,福邦證券,2023-07-24,6480
3481,群創,24,0,24,福邦證券,2023-07-24,6480
2329,華泰,75,54,21,福邦證券,2023-07-24,6480
5426,振發,20,0,20,福邦證券,2023-07-24,6480
7402,邑錡,20,0,20,福邦證券,2023-07-24,6480
8039,台虹,20,0,20,福邦證券,2023-07-24,6480
3362,先進光,18,0,18,福邦證券,2023-07-24,6480
2883,凱基金,17,0,17,福邦證券,2023-07-24,6480
3515,華擎,16,0,16,福邦證券,2023-07-24,6480
6285,啟��,16,0,16,福邦證券,2023-07-24,6480
6643,M31,15,0,15,福邦證券,2023-07-24,6480
8933,愛地雅,15,0,15,福邦證券,2023-07-24,6480
6282,康舒,15,0,15,福邦證券,2023-07-24,6480
2887,台新金,14,0,14,福邦證券,2023-07-24,6480
3701,大眾控,14,0,14,福邦證券,2023-07-24,6480
2330,台積電,107,94,13,福邦證券,2023-07-24,6480
2017,官田鋼,13,0,13,福邦證券,2023-07-24,6480
4916,事欣科,12,0,12,福邦證券,2023-07-24,6480
00687B,國泰20年美債,11,0,11,福邦證券,2023-07-24,6480
1717,長興,10,0,10,福邦證券,2023-07-24,6480
2303,聯電,10,0,10,福邦證券,2023-07-24,6480
2413,環科,15,5,10,福邦證券,2023-07-24,6480
3013,晟銘電,18,8,10,福邦證券,2023-07-24,6480
4566,時碩工業,10,0,10,福邦證券,2023-07-24,6480
2392,正崴,1532,3,1529,福邦證券,2023-07-25,6480
4768,晶呈科技,165,0,165,福邦證券,2023-07-25,6480
2455,全新,202,41,161,福邦證券,2023-07-25,6480
00632R,元大台灣50反1,100,0,100,福邦證券,2023-07-25,6480
4916,事欣科,70,2,68,福邦證券,2023-07-25,6480
3324,雙鴻,64,1,63,福邦證券,2023-07-25,6480
2345,智邦,55,3,52,福邦證券,2023-07-25,6480
4123,晟德,55,3,52,福邦證券,2023-07-25,6480
5347,世界,50,0,50,福邦證券,2023-07-25,6480
6789,采鈺,40,0,40,福邦證券,2023-07-25,6480
4763,材料-KY,39,0,39,福邦證券,2023-07-25,6480
3163,波若威,32,2,30,福邦證券,2023-07-25,6480
6411,晶焱,38,8,30,福邦證券,2023-07-25,6480
2316,楠梓電,29,0,29,福邦證券,2023-07-25,6480
1104,環泥,28,0,28,福邦證券,2023-07-25,6480
2017,官田鋼,27,0,27,福邦證券,2023-07-25,6480
8299,群聯,26,0,26,福邦證券,2023-07-25,6480
2515,中工,25,0,25,福邦證券,2023-07-25,6480
3680,家登,23,0,23,福邦證券,2023-07-25,6480
6282,康舒,25,2,23,福邦證券,2023-07-25,6480
8069,元太,20,0,20,福邦證券,2023-07-25,6480
3037,欣興,19,3,16,福邦證券,2023-07-25,6480
3596,智易,16,0,16,福邦證券,2023-07-25,6480
6531,愛普*,16,0,16,福邦證券,2023-07-25,6480
3701,大眾控,23,8,15,福邦證券,2023-07-25,6480
1905,華紙,20,6,14,福邦證券,2023-07-25,6480
2376,技嘉,20,6,14,福邦證券,2023-07-25,6480
2887,台新金,14,0,14,福邦證券,2023-07-25,6480
3362,先進光,13,0,13,福邦證券,2023-07-25,6480
1217,愛之味,12,1,11,福邦證券,2023-07-25,6480
2399,映泰,11,0,11,福邦證券,2023-07-25,6480
4739,康普,17,6,11,福邦證券,2023-07-25,6480
2201,裕隆,12,2,10,福邦證券,2023-07-25,6480
3191,雲嘉南,10,0,10,福邦證券,2023-07-25,6480
4977,眾達-KY,10,0,10,福邦證券,2023-07-25,6480
6414,樺漢,10,0,10,福邦證券,2023-07-25,6480
6203,海韻電,10,2,8,福邦證券,2023-07-25,6480
6285,啟��,11,3,8,福邦證券,2023-07-25,6480
6679,鈺太,35,28,7,福邦證券,2023-07-25,6480
1742,台蠟,6,0,6,福邦證券,2023-07-25,6480
00713,元大台灣高息低波,6,0,6,福邦證券,2023-07-25,6480
3013,晟銘電,9,3,6,福邦證券,2023-07-25,6480
4138,曜亞,6,0,6,福邦證券,2023-07-25,6480
6770,力積電,6,0,6,福邦證券,2023-07-25,6480
00882,中信中國高股息,5,0,5,福邦證券,2023-07-25,6480
2834,臺企銀,13,8,5,福邦證券,2023-07-25,6480
3034,聯詠,5,0,5,福邦證券,2023-07-25,6480
5452,佶優,6,1,5,福邦證券,2023-07-25,6480
6026,福邦證,12,7,5,福邦證券,2023-07-25,6480
6182,合晶,5,0,5,福邦證券,2023-07-25,6480
2392,正崴,1319,0,1319,福邦證券,2023-07-26,6480
2303,聯電,500,0,500,福邦證券,2023-07-26,6480
3481,群創,499,13,486,福邦證券,2023-07-26,6480
1609,大亞,81,0,81,福邦證券,2023-07-26,6480
1313,聯成,76,20,56,福邦證券,2023-07-26,6480
6223,旺矽,49,0,49,福邦證券,2023-07-26,6480
4123,晟德,51,3,48,福邦證券,2023-07-26,6480
6657,華安,48,6,42,福邦證券,2023-07-26,6480
2049,上銀,40,0,40,福邦證券,2023-07-26,6480
3231,緯創,35,2,33,福邦證券,2023-07-26,6480
2371,大同,53,21,32,福邦證券,2023-07-26,6480
2886,兆豐金,30,1,29,福邦證券,2023-07-26,6480
5483,中美晶,22,0,22,福邦證券,2023-07-26,6480
2356,英業達,21,0,21,福邦證券,2023-07-26,6480
2634,漢翔,20,0,20,福邦證券,2023-07-26,6480
2887,台新金,33,13,20,福邦證券,2023-07-26,6480
4563,百德,20,0,20,福邦證券,2023-07-26,6480
5210,寶碩,20,0,20,福邦證券,2023-07-26,6480
6789,采鈺,20,0,20,福邦證券,2023-07-26,6480
8936,國統,20,0,20,福邦證券,2023-07-26,6480
6411,晶焱,20,1,19,福邦證券,2023-07-26,6480
2316,楠梓電,18,0,18,福邦證券,2023-07-26,6480
8409,商之器,20,6,14,福邦證券,2023-07-26,6480
2337,旺宏,12,0,12,福邦證券,2023-07-26,6480
2409,友達,14,2,12,福邦證券,2023-07-26,6480
6679,鈺太,12,0,12,福邦證券,2023-07-26,6480
1586,和勤,18,7,11,福邦證券,2023-07-26,6480
3029,零壹,16,5,11,福邦證券,2023-07-26,6480
6796,晉弘,12,1,11,福邦證券,2023-07-26,6480
1742,台蠟,10,0,10,福邦證券,2023-07-26,6480
2401,凌陽,10,0,10,福邦證券,2023-07-26,6480
2913,農林,10,0,10,福邦證券,2023-07-26,6480
4739,康普,10,0,10,福邦證券,2023-07-26,6480
6282,康舒,17,7,10,福邦證券,2023-07-26,6480
8299,群聯,10,0,10,福邦證券,2023-07-26,6480
1709,和益,9,0,9,福邦證券,2023-07-26,6480
1101,台泥,10,1,9,福邦證券,2023-07-26,6480
2338,光罩,9,0,9,福邦證券,2023-07-26,6480
2457,飛宏,10,1,9,福邦證券,2023-07-26,6480
4763,材料-KY,9,0,9,福邦證券,2023-07-26,6480
00878,國泰永續高股息,12,4,8,福邦證券,2023-07-26,6480
6640,均華,8,0,8,福邦證券,2023-07-26,6480
3221,台嘉碩,7,0,7,福邦證券,2023-07-26,6480
3689,湧德,8,1,7,福邦證券,2023-07-26,6480
6125,廣運,44,37,7,福邦證券,2023-07-26,6480
1108,幸福,6,0,6,福邦證券,2023-07-26,6480
00764B,群益25年美債,6,0,6,福邦證券,2023-07-26,6480
01003T,兆豐新光R1,5,0,5,福邦證券,2023-07-26,6480
2399,映泰,11,6,5,福邦證券,2023-07-26,6480
2485,兆赫,5,0,5,福邦證券,2023-07-26,6480
2376,技嘉,207,10,197,福邦證券,2023-07-27,6480
3324,雙鴻,131,4,127,福邦證券,2023-07-27,6480
2368,金像電,65,6,59,福邦證券,2023-07-27,6480
9958,世紀鋼,45,1,44,福邦證券,2023-07-27,6480
3131,弘塑,39,1,38,福邦證券,2023-07-27,6480
3217,優群,35,2,33,福邦證券,2023-07-27,6480
3163,波若威,32,2,30,福邦證券,2023-07-27,6480
2884,玉山金,28,0,28,福邦證券,2023-07-27,6480
6451,訊芯-KY,26,3,23,福邦證券,2023-07-27,6480
3289,宜特,21,0,21,福邦證券,2023-07-27,6480
6679,鈺太,24,3,21,福邦證券,2023-07-27,6480
00632R,元大台灣50反1,20,0,20,福邦證券,2023-07-27,6480
6657,華安,20,0,20,福邦證券,2023-07-27,6480
2889,國票金,16,0,16,福邦證券,2023-07-27,6480
3346,麗清,20,4,16,福邦證券,2023-07-27,6480
1711,永光,15,0,15,福邦證券,2023-07-27,6480
8084,巨虹,15,0,15,福邦證券,2023-07-27,6480
8933,愛地雅,18,3,15,福邦證券,2023-07-27,6480
4916,事欣科,11,0,11,福邦證券,2023-07-27,6480
5469,瀚宇博,11,0,11,福邦證券,2023-07-27,6480
9955,佳龍,11,0,11,福邦證券,2023-07-27,6480
2887,台新金,15,4,11,福邦證券,2023-07-27,6480
2317,鴻海,10,0,10,福邦證券,2023-07-27,6480
00764B,群益25年美債,10,0,10,福邦證券,2023-07-27,6480
1710,東聯,10,0,10,福邦證券,2023-07-27,6480
2401,凌陽,20,10,10,福邦證券,2023-07-27,6480
5225,東科-KY,10,0,10,福邦證券,2023-07-27,6480
8011,台通,10,0,10,福邦證券,2023-07-27,6480
8255,朋程,10,0,10,福邦證券,2023-07-27,6480
1709,和益,9,0,9,福邦證券,2023-07-27,6480
6288,聯嘉,9,1,8,福邦證券,2023-07-27,6480
00679B,元大美債20年,7,0,7,福邦證券,2023-07-27,6480
1586,和勤,25,19,6,福邦證券,2023-07-27,6480
5351,鈺創,6,0,6,福邦證券,2023-07-27,6480
2377,微星,5,0,5,福邦證券,2023-07-27,6480
2515,中工,5,0,5,福邦證券,2023-07-27,6480
3032,偉訓,5,0,5,福邦證券,2023-07-27,6480
3406,玉晶光,5,0,5,福邦證券,2023-07-27,6480
4977,眾達-KY,5,0,5,福邦證券,2023-07-27,6480
5230,雷笛克光學,5,0,5,福邦證券,2023-07-27,6480
6222,上揚,5,0,5,福邦證券,2023-07-27,6480
1907,永豐餘,4,0,4,福邦證券,2023-07-27,6480
1342,八貫,4,0,4,福邦證券,2023-07-27,6480
5284,jpp-KY,4,0,4,福邦證券,2023-07-27,6480
6125,廣運,32,28,4,福邦證券,2023-07-27,6480
6203,海韻電,5,1,4,福邦證券,2023-07-27,6480
7402,邑錡,4,0,4,福邦證券,2023-07-27,6480
8028,昇陽半導體,5,1,4,福邦證券,2023-07-27,6480
00878,國泰永續高股息,4,1,3,福邦證券,2023-07-27,6480
1217,愛之味,3,0,3,福邦證券,2023-07-27,6480
2883,凱基金,800,0,800,福邦證券,2023-07-28,6480
2891,中信金,380,0,380,福邦證券,2023-07-28,6480
2301,光寶科,376,10,366,福邦證券,2023-07-28,6480
3231,緯創,175,13,162,福邦證券,2023-07-28,6480
6188,廣明,160,1,159,福邦證券,2023-07-28,6480
4123,晟德,101,0,101,福邦證券,2023-07-28,6480
2888,新光金,51,0,51,福邦證券,2023-07-28,6480
1102,亞泥,50,0,50,福邦證券,2023-07-28,6480
00706L,期元大S＆P日圓正2,61,11,50,福邦證券,2023-07-28,6480
00679B,元大美債20年,49,0,49,福邦證券,2023-07-28,6480
00764B,群益25年美債,41,0,41,福邦證券,2023-07-28,6480
4916,事欣科,32,0,32,福邦證券,2023-07-28,6480
1528,恩德,30,0,30,福邦證券,2023-07-28,6480
3078,僑威,32,2,30,福邦證券,2023-07-28,6480
9951,皇田,30,0,30,福邦證券,2023-07-28,6480
00795B,中信美國公債20年,25,0,25,福邦證券,2023-07-28,6480
6451,訊芯-KY,25,0,25,福邦證券,2023-07-28,6480
6548,長科*,25,0,25,福邦證券,2023-07-28,6480
6125,廣運,35,12,23,福邦證券,2023-07-28,6480
6288,聯嘉,23,0,23,福邦證券,2023-07-28,6480
1303,南亞,21,0,21,福邦證券,2023-07-28,6480
1905,華紙,34,13,21,福邦證券,2023-07-28,6480
00632R,元大台灣50反1,20,0,20,福邦證券,2023-07-28,6480
3443,創意,20,0,20,福邦證券,2023-07-28,6480
4977,眾達-KY,20,0,20,福邦證券,2023-07-28,6480
1455,集盛,18,0,18,福邦證券,2023-07-28,6480
1760,寶齡富錦,17,0,17,福邦證券,2023-07-28,6480
3481,群創,17,0,17,福邦證券,2023-07-28,6480
8255,朋程,17,0,17,福邦證券,2023-07-28,6480
2303,聯電,15,0,15,福邦證券,2023-07-28,6480
5469,瀚宇博,15,0,15,福邦證券,2023-07-28,6480
00751B,元大AAA至A公司債,13,0,13,福邦證券,2023-07-28,6480
3689,湧德,15,3,12,福邦證券,2023-07-28,6480
4739,康普,12,0,12,福邦證券,2023-07-28,6480
2027,大成鋼,12,1,11,福邦證券,2023-07-28,6480
2312,金寶,11,0,11,福邦證券,2023-07-28,6480
00712,復華富時不動產,10,0,10,福邦證券,2023-07-28,6480
2362,藍天,10,0,10,福邦證券,2023-07-28,6480
3035,智原,11,1,10,福邦證券,2023-07-28,6480
5009,榮剛,12,2,10,福邦證券,2023-07-28,6480
5284,jpp-KY,15,5,10,福邦證券,2023-07-28,6480
6120,達運,15,5,10,福邦證券,2023-07-28,6480
6139,亞翔,10,0,10,福邦證券,2023-07-28,6480
6533,晶心科,10,0,10,福邦證券,2023-07-28,6480
2017,官田鋼,10,1,9,福邦證券,2023-07-28,6480
2801,彰銀,8,0,8,福邦證券,2023-07-28,6480
6290,良維,10,2,8,福邦證券,2023-07-28,6480
6531,愛普*,11,3,8,福邦證券,2023-07-28,6480
2887,台新金,8,0,8,福邦證券,2023-07-28,6480
00720B,元大投資級公司債,8,1,7,福邦證券,2023-07-28,6480
6187,萬潤,625,2,623,福邦證券,2023-07-31,6480
4532,瑞智,540,0,540,福邦證券,2023-07-31,6480
6274,台燿,332,5,327,福邦證券,2023-07-31,6480
8084,巨虹,265,0,265,福邦證券,2023-07-31,6480
5347,世界,233,0,233,福邦證券,2023-07-31,6480
2329,華泰,204,4,200,福邦證券,2023-07-31,6480
3515,華擎,168,0,168,福邦證券,2023-07-31,6480
6531,愛普*,170,2,168,福邦證券,2023-07-31,6480
3558,神準,158,0,158,福邦證券,2023-07-31,6480
5340,建榮,112,5,107,福邦證券,2023-07-31,6480
2409,友達,118,15,103,福邦證券,2023-07-31,6480
2301,光寶科,542,442,100,福邦證券,2023-07-31,6480
2241,艾姆勒,83,0,83,福邦證券,2023-07-31,6480
4977,眾達-KY,80,11,69,福邦證券,2023-07-31,6480
6288,聯嘉,65,1,64,福邦證券,2023-07-31,6480
5425,台半,62,1,61,福邦證券,2023-07-31,6480
2481,強茂,60,0,60,福邦證券,2023-07-31,6480
4919,新唐,60,1,59,福邦證券,2023-07-31,6480
2312,金寶,64,8,56,福邦證券,2023-07-31,6480
5469,瀚宇博,58,3,55,福邦證券,2023-07-31,6480
2637,慧洋-KY,50,0,50,福邦證券,2023-07-31,6480
6789,采鈺,45,0,45,福邦證券,2023-07-31,6480
2360,致茂,41,0,41,福邦證券,2023-07-31,6480
2017,官田鋼,40,0,40,福邦證券,2023-07-31,6480
3105,穩懋,30,0,30,福邦證券,2023-07-31,6480
00687B,國泰20年美債,20,0,20,福邦證券,2023-07-31,6480
8255,朋程,20,0,20,福邦證券,2023-07-31,6480
9951,皇田,20,0,20,福邦證券,2023-07-31,6480
2369,菱生,35,16,19,福邦證券,2023-07-31,6480
6196,帆宣,19,1,18,福邦證券,2023-07-31,6480
1303,南亞,15,0,15,福邦證券,2023-07-31,6480
1710,東聯,15,0,15,福邦證券,2023-07-31,6480
5511,德昌,13,0,13,福邦證券,2023-07-31,6480
2883,凱基金,13,1,12,福邦證券,2023-07-31,6480
6269,台郡,12,0,12,福邦證券,2023-07-31,6480
3231,緯創,16,5,11,福邦證券,2023-07-31,6480
00725B,國泰投資級公司債,10,0,10,福邦證券,2023-07-31,6480
00773B,中信優先金融債,10,0,10,福邦證券,2023-07-31,6480
00713,元大台灣高息低波,10,0,10,福邦證券,2023-07-31,6480
1717,長興,10,0,10,福邦證券,2023-07-31,6480
2707,晶華,10,0,10,福邦證券,2023-07-31,6480
2912,統一超,10,0,10,福邦證券,2023-07-31,6480
4908,前鼎,10,0,10,福邦證券,2023-07-31,6480
5452,佶優,10,0,10,福邦證券,2023-07-31,6480
6451,訊芯-KY,10,0,10,福邦證券,2023-07-31,6480
6488,環球晶,10,0,10,福邦證券,2023-07-31,6480
3078,僑威,10,1,9,福邦證券,2023-07-31,6480
4137,麗豐-KY,9,0,9,福邦證券,2023-07-31,6480
9950,萬國通,9,0,9,福邦證券,2023-07-31,6480
2812,台中銀,9,0,9,福邦證券,2023-07-31,6480
3231,緯創,1009,85,924,福邦證券,2023-08-01,6480
4938,和碩,235,2,233,福邦證券,2023-08-01,6480
2606,裕民,200,0,200,福邦證券,2023-08-01,6480
1513,中興電,185,12,173,福邦證券,2023-08-01,6480
2637,慧洋-KY,160,1,159,福邦證券,2023-08-01,6480
00688L,國泰20年美債正2,100,0,100,福邦證券,2023-08-01,6480
4919,新唐,162,63,99,福邦證券,2023-08-01,6480
2312,金寶,90,0,90,福邦證券,2023-08-01,6480
2634,漢翔,86,0,86,福邦證券,2023-08-01,6480
6679,鈺太,69,0,69,福邦證券,2023-08-01,6480
6841,長佳智能,60,0,60,福邦證券,2023-08-01,6480
00929,復華台灣科技優息,55,0,55,福邦證券,2023-08-01,6480
3715,定穎投控,50,0,50,福邦證券,2023-08-01,6480
3217,優群,55,11,44,福邦證券,2023-08-01,6480
3289,宜特,41,1,40,福邦證券,2023-08-01,6480
3004,豐達科,37,2,35,福邦證券,2023-08-01,6480
6271,同欣電,33,0,33,福邦證券,2023-08-01,6480
3049,精金,30,0,30,福邦證券,2023-08-01,6480
4747,強生,30,0,30,福邦證券,2023-08-01,6480
5284,jpp-KY,41,12,29,福邦證券,2023-08-01,6480
2376,技嘉,191,163,28,福邦證券,2023-08-01,6480
1802,台玻,34,10,24,福邦證券,2023-08-01,6480
2457,飛宏,24,1,23,福邦證券,2023-08-01,6480
4739,康普,22,1,21,福邦證券,2023-08-01,6480
8033,雷虎,25,4,21,福邦證券,2023-08-01,6480
00762,元大全球AI,20,0,20,福邦證券,2023-08-01,6480
2515,中工,20,0,20,福邦證券,2023-08-01,6480
5452,佶優,30,10,20,福邦證券,2023-08-01,6480
6170,統振,20,0,20,福邦證券,2023-08-01,6480
8027,鈦昇,20,0,20,福邦證券,2023-08-01,6480
1342,八貫,19,0,19,福邦證券,2023-08-01,6480
3032,偉訓,20,2,18,福邦證券,2023-08-01,6480
6282,康舒,75,58,17,福邦證券,2023-08-01,6480
5210,寶碩,15,0,15,福邦證券,2023-08-01,6480
00878,國泰永續高股息,16,2,14,福邦證券,2023-08-01,6480
8942,森鉅,12,0,12,福邦證券,2023-08-01,6480
5371,中光電,12,1,11,福邦證券,2023-08-01,6480
2017,官田鋼,10,0,10,福邦證券,2023-08-01,6480
2327,國巨,10,0,10,福邦證券,2023-08-01,6480
2337,旺宏,10,0,10,福邦證券,2023-08-01,6480
6451,訊芯-KY,10,0,10,福邦證券,2023-08-01,6480
2603,長榮,9,0,9,福邦證券,2023-08-01,6480
6285,啟��,24,15,9,福邦證券,2023-08-01,6480
8210,勤誠,8,1,7,福邦證券,2023-08-01,6480
3558,神準,6,0,6,福邦證券,2023-08-01,6480
6120,達運,11,5,6,福邦證券,2023-08-01,6480
6763,綠界科技*,6,0,6,福邦證券,2023-08-01,6480
2201,裕隆,6,1,5,福邦證券,2023-08-01,6480
3483,力致,5,0,5,福邦證券,2023-08-01,6480
3521,鴻翊,5,0,5,福邦證券,2023-08-01,6480
2354,鴻準,600,0,600,福邦證券,2023-08-02,6480
1605,華新,659,175,484,福邦證券,2023-08-02,6480
2382,廣達,440,7,433,福邦證券,2023-08-02,6480
00632R,元大台灣50反1,480,180,300,福邦證券,2023-08-02,6480
2882,國泰金,300,0,300,福邦證券,2023-08-02,6480
6443,元晶,290,0,290,福邦證券,2023-08-02,6480
1504,東元,254,0,254,福邦證券,2023-08-02,6480
6414,樺漢,187,3,184,福邦證券,2023-08-02,6480
2301,光寶科,172,1,171,福邦證券,2023-08-02,6480
2027,大成鋼,152,0,152,福邦證券,2023-08-02,6480
8454,富邦媒,100,0,100,福邦證券,2023-08-02,6480
00696B,富邦美債20年,61,0,61,福邦證券,2023-08-02,6480
6546,正基,52,0,52,福邦證券,2023-08-02,6480
1710,東聯,50,0,50,福邦證券,2023-08-02,6480
3715,定穎投控,50,0,50,福邦證券,2023-08-02,6480
6679,鈺太,44,0,44,福邦證券,2023-08-02,6480
1108,幸福,40,0,40,福邦證券,2023-08-02,6480
6274,台燿,106,72,34,福邦證券,2023-08-02,6480
3481,群創,53,20,33,福邦證券,2023-08-02,6480
1210,大成,43,11,32,福邦證券,2023-08-02,6480
00679B,元大美債20年,32,0,32,福邦證券,2023-08-02,6480
00878,國泰永續高股息,45,13,32,福邦證券,2023-08-02,6480
2371,大同,40,10,30,福邦證券,2023-08-02,6480
3049,精金,30,0,30,福邦證券,2023-08-02,6480
3162,精確,30,0,30,福邦證券,2023-08-02,6480
2014,中鴻,31,2,29,福邦證券,2023-08-02,6480
00764B,群益25年美債,28,0,28,福邦證券,2023-08-02,6480
00751B,元大AAA至A公司債,28,0,28,福邦證券,2023-08-02,6480
00772B,中信高評級公司債,27,0,27,福邦證券,2023-08-02,6480
8084,巨虹,27,0,27,福邦證券,2023-08-02,6480
00862B,中信投資級公司債,25,0,25,福邦證券,2023-08-02,6480
5469,瀚宇博,25,0,25,福邦證券,2023-08-02,6480
00720B,元大投資級公司債,23,0,23,福邦證券,2023-08-02,6480
4739,康普,23,0,23,福邦證券,2023-08-02,6480
2801,彰銀,22,0,22,福邦證券,2023-08-02,6480
3653,健策,45,25,20,福邦證券,2023-08-02,6480
3711,日月光投控,20,0,20,福邦證券,2023-08-02,6480
2059,川湖,27,9,18,福邦證券,2023-08-02,6480
2010,春源,15,0,15,福邦證券,2023-08-02,6480
4763,材料-KY,17,2,15,福邦證券,2023-08-02,6480
1586,和勤,29,15,14,福邦證券,2023-08-02,6480
2883,凱基金,13,0,13,福邦證券,2023-08-02,6480
6282,康舒,20,7,13,福邦證券,2023-08-02,6480
00900,富邦特選高股息30,12,0,12,福邦證券,2023-08-02,6480
3324,雙鴻,14,2,12,福邦證券,2023-08-02,6480
2884,玉山金,11,0,11,福邦證券,2023-08-02,6480
6026,福邦證,22,11,11,福邦證券,2023-08-02,6480
00655L,國泰中國A50正2,10,0,10,福邦證券,2023-08-02,6480
00795B,中信美國公債20年,10,0,10,福邦證券,2023-08-02,6480
2006,東和鋼鐵,10,0,10,福邦證券,2023-08-02,6480
3483,力致,301,0,301,福邦證券,2023-08-04,6480
00632R,元大台灣50反1,300,0,300,福邦證券,2023-08-04,6480
1609,大亞,144,32,112,福邦證券,2023-08-04,6480
00688L,國泰20年美債正2,100,0,100,福邦證券,2023-08-04,6480
2317,鴻海,101,14,87,福邦證券,2023-08-04,6480
8084,巨虹,80,0,80,福邦證券,2023-08-04,6480
3004,豐達科,68,0,68,福邦證券,2023-08-04,6480
00720B,元大投資級公司債,66,2,64,福邦證券,2023-08-04,6480
2106,建大,60,0,60,福邦證券,2023-08-04,6480
6719,力智,45,0,45,福邦證券,2023-08-04,6480
1605,華新,44,1,43,福邦證券,2023-08-04,6480
00679B,元大美債20年,61,18,43,福邦證券,2023-08-04,6480
00795B,中信美國公債20年,40,0,40,福邦證券,2023-08-04,6480
1528,恩德,30,0,30,福邦證券,2023-08-04,6480
2634,漢翔,31,1,30,福邦證券,2023-08-04,6480
00764B,群益25年美債,29,0,29,福邦證券,2023-08-04,6480
2382,廣達,37,10,27,福邦證券,2023-08-04,6480
2913,農林,25,1,24,福邦證券,2023-08-04,6480
00696B,富邦美債20年,21,0,21,福邦證券,2023-08-04,6480
3706,神達,24,4,20,福邦證券,2023-08-04,6480
2049,上銀,20,0,20,福邦證券,2023-08-04,6480
4572,駐龍,20,0,20,福邦證券,2023-08-04,6480
6414,樺漢,20,0,20,福邦證券,2023-08-04,6480
6548,長科*,20,0,20,福邦證券,2023-08-04,6480
00862B,中信投資級公司債,19,0,19,福邦證券,2023-08-04,6480
00680L,元大美債20正2,40,21,19,福邦證券,2023-08-04,6480
3583,辛耘,25,6,19,福邦證券,2023-08-04,6480
00687B,國泰20年美債,17,0,17,福邦證券,2023-08-04,6480
5607,遠雄港,17,0,17,福邦證券,2023-08-04,6480
6531,愛普*,21,4,17,福邦證券,2023-08-04,6480
00772B,中信高評級公司債,16,0,16,福邦證券,2023-08-04,6480
3325,旭品,16,0,16,福邦證券,2023-08-04,6480
3551,世禾,16,0,16,福邦證券,2023-08-04,6480
00878,國泰永續高股息,18,3,15,福邦證券,2023-08-04,6480
1742,台蠟,15,0,15,福邦證券,2023-08-04,6480
6657,華安,15,0,15,福邦證券,2023-08-04,6480
8215,明基材,22,7,15,福邦證券,2023-08-04,6480
3088,艾訊,16,3,13,福邦證券,2023-08-04,6480
3362,先進光,20,7,13,福邦證券,2023-08-04,6480
00751B,元大AAA至A公司債,12,0,12,福邦證券,2023-08-04,6480
2801,彰銀,21,10,11,福邦證券,2023-08-04,6480
2891,中信金,11,0,11,福邦證券,2023-08-04,6480
6282,康舒,13,2,11,福邦證券,2023-08-04,6480
1904,正隆,10,0,10,福邦證券,2023-08-04,6480
2371,大同,10,0,10,福邦證券,2023-08-04,6480
8085,福華,10,0,10,福邦證券,2023-08-04,6480
8433,弘帆,10,0,10,福邦證券,2023-08-04,6480
3034,聯詠,9,0,9,福邦證券,2023-08-04,6480
6125,廣運,15,6,9,福邦證券,2023-08-04,6480
6902,GOGOLOOK-創,9,0,9,福邦證券,2023-08-04,6480
2409,友達,1332,15,1317,福邦證券,2023-08-07,6480
3481,群創,998,11,987,福邦證券,2023-08-07,6480
1609,大亞,209,0,209,福邦證券,2023-08-07,6480
3017,奇鋐,203,11,192,福邦證券,2023-08-07,6480
8069,元太,163,0,163,福邦證券,2023-08-07,6480
8084,巨虹,156,0,156,福邦證券,2023-08-07,6480
2345,智邦,100,2,98,福邦證券,2023-08-07,6480
2382,廣達,97,33,64,福邦證券,2023-08-07,6480
6669,緯穎,62,0,62,福邦證券,2023-08-07,6480
3257,虹冠電,52,1,51,福邦證券,2023-08-07,6480
4768,晶呈科技,36,0,36,福邦證券,2023-08-07,6480
8299,群聯,31,0,31,福邦證券,2023-08-07,6480
00687B,國泰20年美債,30,0,30,福邦證券,2023-08-07,6480
4563,百德,27,0,27,福邦證券,2023-08-07,6480
00632R,元大台灣50反1,20,0,20,福邦證券,2023-08-07,6480
2383,台光電,21,1,20,福邦證券,2023-08-07,6480
4572,駐龍,20,0,20,福邦證券,2023-08-07,6480
00680L,元大美債20正2,18,0,18,福邦證券,2023-08-07,6480
5284,jpp-KY,18,0,18,福邦證券,2023-08-07,6480
1605,華新,15,0,15,福邦證券,2023-08-07,6480
6188,廣明,35,22,13,福邦證券,2023-08-07,6480
2913,農林,17,5,12,福邦證券,2023-08-07,6480
1736,喬山,11,0,11,福邦證券,2023-08-07,6480
00929,復華台灣科技優息,11,0,11,福邦證券,2023-08-07,6480
00637L,元大滬深300正2,12,1,11,福邦證券,2023-08-07,6480
6414,樺漢,11,0,11,福邦證券,2023-08-07,6480
00772B,中信高評級公司債,10,0,10,福邦證券,2023-08-07,6480
2049,上銀,10,0,10,福邦證券,2023-08-07,6480
2464,盟立,10,0,10,福邦證券,2023-08-07,6480
3322,建舜電,10,0,10,福邦證券,2023-08-07,6480
3432,台端,10,0,10,福邦證券,2023-08-07,6480
5209,新鼎,10,0,10,福邦證券,2023-08-07,6480
5340,建榮,10,0,10,福邦證券,2023-08-07,6480
3035,智原,9,0,9,福邦證券,2023-08-07,6480
6657,華安,9,0,9,福邦證券,2023-08-07,6480
1709,和益,8,0,8,福邦證券,2023-08-07,6480
6609,瀧澤科,8,0,8,福邦證券,2023-08-07,6480
2106,建大,7,0,7,福邦證券,2023-08-07,6480
6679,鈺太,7,0,7,福邦證券,2023-08-07,6480
00893,國泰智能電動車,6,0,6,福邦證券,2023-08-07,6480
1904,正隆,6,0,6,福邦證券,2023-08-07,6480
2618,長榮航,6,0,6,福邦證券,2023-08-07,6480
3587,閎康,6,0,6,福邦證券,2023-08-07,6480
1456,怡華,5,0,5,福邦證券,2023-08-07,6480
00900,富邦特選高股息30,5,0,5,福邦證券,2023-08-07,6480
2103,台橡,5,0,5,福邦證券,2023-08-07,6480
2363,矽統,5,0,5,福邦證券,2023-08-07,6480
2607,榮運,5,0,5,福邦證券,2023-08-07,6480
3162,精確,5,0,5,福邦證券,2023-08-07,6480
3230,錦明,5,0,5,福邦證券,2023-08-07,6480
1802,台玻,502,0,502,福邦證券,2023-08-08,6480
2385,群光,454,0,454,福邦證券,2023-08-08,6480
6274,台燿,158,0,158,福邦證券,2023-08-08,6480
2208,台船,135,0,135,福邦證券,2023-08-08,6480
2206,三陽工業,122,4,118,福邦證券,2023-08-08,6480
3231,緯創,158,49,109,福邦證券,2023-08-08,6480
2357,華碩,103,10,93,福邦證券,2023-08-08,6480
2316,楠梓電,106,17,89,福邦證券,2023-08-08,6480
8433,弘帆,79,0,79,福邦證券,2023-08-08,6480
2382,廣達,74,11,63,福邦證券,2023-08-08,6480
8039,台虹,60,0,60,福邦證券,2023-08-08,6480
4746,台耀,52,0,52,福邦證券,2023-08-08,6480
2376,技嘉,44,0,44,福邦證券,2023-08-08,6480
5209,新鼎,30,0,30,福邦證券,2023-08-08,6480
6282,康舒,30,3,27,福邦證券,2023-08-08,6480
6609,瀧澤科,25,0,25,福邦證券,2023-08-08,6480
2368,金像電,42,21,21,福邦證券,2023-08-08,6480
2890,永豐金,21,0,21,福邦證券,2023-08-08,6480
1760,寶齡富錦,20,0,20,福邦證券,2023-08-08,6480
2049,上銀,20,0,20,福邦證券,2023-08-08,6480
2211,長榮鋼,20,0,20,福邦證券,2023-08-08,6480
2405,輔信,20,0,20,福邦證券,2023-08-08,6480
4173,久裕,20,0,20,福邦證券,2023-08-08,6480
4563,百德,20,0,20,福邦證券,2023-08-08,6480
00929,復華台灣科技優息,19,0,19,福邦證券,2023-08-08,6480
2313,華通,20,3,17,福邦證券,2023-08-08,6480
1586,和勤,26,11,15,福邦證券,2023-08-08,6480
6679,鈺太,14,0,14,福邦證券,2023-08-08,6480
2236,百達-KY,11,0,11,福邦證券,2023-08-08,6480
2884,玉山金,21,10,11,福邦證券,2023-08-08,6480
6235,華孚,11,0,11,福邦證券,2023-08-08,6480
1219,福壽,10,0,10,福邦證券,2023-08-08,6480
1218,泰山,10,0,10,福邦證券,2023-08-08,6480
3363,上詮,10,0,10,福邦證券,2023-08-08,6480
3432,台端,10,0,10,福邦證券,2023-08-08,6480
4164,承業醫,10,0,10,福邦證券,2023-08-08,6480
4572,駐龍,10,0,10,福邦證券,2023-08-08,6480
6762,達亞,10,0,10,福邦證券,2023-08-08,6480
6781,AES-KY,10,0,10,福邦證券,2023-08-08,6480
8240,華宏,9,0,9,福邦證券,2023-08-08,6480
2834,臺企銀,8,0,8,福邦證券,2023-08-08,6480
3035,智原,13,5,8,福邦證券,2023-08-08,6480
6546,正基,8,0,8,福邦證券,2023-08-08,6480
6657,華安,8,0,8,福邦證券,2023-08-08,6480
6799,來頡,8,0,8,福邦證券,2023-08-08,6480
9958,世紀鋼,10,2,8,福邦證券,2023-08-08,6480
2634,漢翔,20,13,7,福邦證券,2023-08-08,6480
2883,凱基金,7,0,7,福邦證券,2023-08-08,6480
2007,燁興,6,0,6,福邦證券,2023-08-08,6480
3022,威強電,6,0,6,福邦證券,2023-08-08,6480
3325,旭品,735,2,733,福邦證券,2023-08-09,6480
1802,台玻,201,0,201,福邦證券,2023-08-09,6480
3324,雙鴻,120,18,102,福邦證券,2023-08-09,6480
4563,百德,75,0,75,福邦證券,2023-08-09,6480
2355,敬鵬,73,0,73,福邦證券,2023-08-09,6480
2316,楠梓電,70,0,70,福邦證券,2023-08-09,6480
3231,緯創,71,4,67,福邦證券,2023-08-09,6480
00772B,中信高評級公司債,58,0,58,福邦證券,2023-08-09,6480
00632R,元大台灣50反1,50,0,50,福邦證券,2023-08-09,6480
3217,優群,52,2,50,福邦證券,2023-08-09,6480
6488,環球晶,50,0,50,福邦證券,2023-08-09,6480
4746,台耀,50,2,48,福邦證券,2023-08-09,6480
6127,九豪,40,0,40,福邦證券,2023-08-09,6480
8039,台虹,40,0,40,福邦證券,2023-08-09,6480
2371,大同,31,0,31,福邦證券,2023-08-09,6480
5381,合正,30,0,30,福邦證券,2023-08-09,6480
6120,達運,30,0,30,福邦證券,2023-08-09,6480
2329,華泰,29,0,29,福邦證券,2023-08-09,6480
6546,正基,29,0,29,福邦證券,2023-08-09,6480
3465,進泰電子,26,0,26,福邦證券,2023-08-09,6480
3044,健鼎,26,1,25,福邦證券,2023-08-09,6480
6274,台燿,36,11,25,福邦證券,2023-08-09,6480
6719,力智,25,1,24,福邦證券,2023-08-09,6480
4739,康普,20,0,20,福邦證券,2023-08-09,6480
6139,亞翔,20,0,20,福邦證券,2023-08-09,6480
00753L,中信中國50正2,13,0,13,福邦證券,2023-08-09,6480
3443,創意,13,1,12,福邦證券,2023-08-09,6480
6152,百一,12,0,12,福邦證券,2023-08-09,6480
6902,GOGOLOOK-創,12,0,12,福邦證券,2023-08-09,6480
1584,精剛,11,0,11,福邦證券,2023-08-09,6480
8240,華宏,11,0,11,福邦證券,2023-08-09,6480
1217,愛之味,10,0,10,福邦證券,2023-08-09,6480
2515,中工,10,0,10,福邦證券,2023-08-09,6480
4754,國碳科,10,0,10,福邦證券,2023-08-09,6480
8016,矽創,10,0,10,福邦證券,2023-08-09,6480
3583,辛耘,9,0,9,福邦證券,2023-08-09,6480
6231,系微,9,0,9,福邦證券,2023-08-09,6480
2250,IKKA-KY,8,0,8,福邦證券,2023-08-09,6480
00878,國泰永續高股息,8,1,7,福邦證券,2023-08-09,6480
2609,陽明,7,0,7,福邦證券,2023-08-09,6480
2867,三商壽,12,5,7,福邦證券,2023-08-09,6480
3483,力致,15,8,7,福邦證券,2023-08-09,6480
3564,其陽,7,0,7,福邦證券,2023-08-09,6480
00751B,元大AAA至A公司債,127,121,6,福邦證券,2023-08-09,6480
2504,國產,6,0,6,福邦證券,2023-08-09,6480
2617,台航,6,0,6,福邦證券,2023-08-09,6480
3661,世芯-KY,8,3,5,福邦證券,2023-08-09,6480
1560,中砂,5,0,5,福邦證券,2023-08-09,6480
1504,東元,5,0,5,福邦證券,2023-08-09,6480
2303,聯電,5,0,5,福邦證券,2023-08-09,6480
2308,台達電,212,0,212,福邦證券,2023-08-10,6480
3289,宜特,101,1,100,福邦證券,2023-08-10,6480
4564,元翎,60,0,60,福邦證券,2023-08-10,6480
6679,鈺太,36,0,36,福邦證券,2023-08-10,6480
9958,世紀鋼,32,0,32,福邦證券,2023-08-10,6480
2371,大同,34,4,30,福邦證券,2023-08-10,6480
2355,敬鵬,27,0,27,福邦證券,2023-08-10,6480
2607,榮運,25,0,25,福邦證券,2023-08-10,6480
8358,金居,25,0,25,福邦證券,2023-08-10,6480
1710,東聯,22,0,22,福邦證券,2023-08-10,6480
3701,大眾控,20,0,20,福邦證券,2023-08-10,6480
6213,聯茂,20,0,20,福邦證券,2023-08-10,6480
2382,廣達,35,16,19,福邦證券,2023-08-10,6480
2727,王品,19,0,19,福邦證券,2023-08-10,6480
00751B,元大AAA至A公司債,138,120,18,福邦證券,2023-08-10,6480
4739,康普,56,39,17,福邦證券,2023-08-10,6480
4927,泰鼎-KY,17,0,17,福邦證券,2023-08-10,6480
1709,和益,30,14,16,福邦證券,2023-08-10,6480
3596,智易,15,0,15,福邦證券,2023-08-10,6480
2884,玉山金,15,0,15,福邦證券,2023-08-10,6480
2376,技嘉,15,1,14,福邦證券,2023-08-10,6480
5452,佶優,14,0,14,福邦證券,2023-08-10,6480
3014,聯陽,15,1,14,福邦證券,2023-08-10,6480
00764B,群益25年美債,12,0,12,福邦證券,2023-08-10,6480
2002,中鋼,12,0,12,福邦證券,2023-08-10,6480
6152,百一,12,0,12,福邦證券,2023-08-10,6480
2059,川湖,11,0,11,福邦證券,2023-08-10,6480
3266,昇陽,11,0,11,福邦證券,2023-08-10,6480
1605,華新,10,0,10,福邦證券,2023-08-10,6480
00795B,中信美國公債20年,10,0,10,福邦證券,2023-08-10,6480
2017,官田鋼,10,0,10,福邦證券,2023-08-10,6480
2208,台船,10,0,10,福邦證券,2023-08-10,6480
2409,友達,30,20,10,福邦證券,2023-08-10,6480
6271,同欣電,10,0,10,福邦證券,2023-08-10,6480
6417,韋僑,10,0,10,福邦證券,2023-08-10,6480
6451,訊芯-KY,10,0,10,福邦證券,2023-08-10,6480
8069,元太,10,0,10,福邦證券,2023-08-10,6480
2317,鴻海,9,0,9,福邦證券,2023-08-10,6480
2609,陽明,9,0,9,福邦證券,2023-08-10,6480
6265,方土昶,9,0,9,福邦證券,2023-08-10,6480
01003T,兆豐新光R1,8,0,8,福邦證券,2023-08-10,6480
1609,大亞,8,0,8,福邦證券,2023-08-10,6480
2316,楠梓電,10,2,8,福邦證券,2023-08-10,6480
3004,豐達科,8,0,8,福邦證券,2023-08-10,6480
1795,美時,12,5,7,福邦證券,2023-08-10,6480
00772B,中信高評級公司債,7,0,7,福邦證券,2023-08-10,6480
00637L,元大滬深300正2,38,31,7,福邦證券,2023-08-10,6480
3078,僑威,7,0,7,福邦證券,2023-08-10,6480
00919,群益台灣精選高息,6,0,6,福邦證券,2023-08-10,6480
00929,復華台灣科技優息,6,0,6,福邦證券,2023-08-10,6480
2409,友達,305,45,260,福邦證券,2023-08-11,6480
2206,三陽工業,101,0,101,福邦證券,2023-08-11,6480
6414,樺漢,100,0,100,福邦證券,2023-08-11,6480
3325,旭品,97,4,93,福邦證券,2023-08-11,6480
3289,宜特,80,0,80,福邦證券,2023-08-11,6480
2317,鴻海,62,0,62,福邦證券,2023-08-11,6480
00696B,富邦美債20年,60,0,60,福邦證券,2023-08-11,6480
8084,巨虹,55,0,55,福邦證券,2023-08-11,6480
3231,緯創,59,6,53,福邦證券,2023-08-11,6480
00687B,國泰20年美債,51,0,51,福邦證券,2023-08-11,6480
00795B,中信美國公債20年,50,0,50,福邦證券,2023-08-11,6480
4746,台耀,53,3,50,福邦證券,2023-08-11,6480
4563,百德,40,0,40,福邦證券,2023-08-11,6480
6679,鈺太,39,0,39,福邦證券,2023-08-11,6480
3207,耀勝,35,4,31,福邦證券,2023-08-11,6480
2633,台灣高鐵,30,0,30,福邦證券,2023-08-11,6480
1528,恩德,30,2,28,福邦證券,2023-08-11,6480
2888,新光金,23,0,23,福邦證券,2023-08-11,6480
00772B,中信高評級公司債,22,0,22,福邦證券,2023-08-11,6480
00679B,元大美債20年,31,10,21,福邦證券,2023-08-11,6480
2250,IKKA-KY,20,0,20,福邦證券,2023-08-11,6480
3581,博磊,20,0,20,福邦證券,2023-08-11,6480
6191,精成科,20,0,20,福邦證券,2023-08-11,6480
6257,矽格,20,0,20,福邦證券,2023-08-11,6480
1605,華新,18,0,18,福邦證券,2023-08-11,6480
6274,台燿,21,3,18,福邦證券,2023-08-11,6480
00715L,期街口布蘭特正2,17,0,17,福邦證券,2023-08-11,6480
00931B,統一美債20年,15,0,15,福邦證券,2023-08-11,6480
2607,榮運,15,0,15,福邦證券,2023-08-11,6480
4739,康普,15,0,15,福邦證券,2023-08-11,6480
6609,瀧澤科,15,0,15,福邦證券,2023-08-11,6480
00764B,群益25年美債,14,0,14,福邦證券,2023-08-11,6480
3483,力致,12,1,11,福邦證券,2023-08-11,6480
5340,建榮,11,0,11,福邦證券,2023-08-11,6480
9910,豐泰,11,0,11,福邦證券,2023-08-11,6480
1303,南亞,10,0,10,福邦證券,2023-08-11,6480
1414,東和,10,0,10,福邦證券,2023-08-11,6480
8076,伍豐,10,0,10,福邦證券,2023-08-11,6480
3362,先進光,10,1,9,福邦證券,2023-08-11,6480
4906,正文,8,0,8,福邦證券,2023-08-11,6480
00862B,中信投資級公司債,7,0,7,福邦證券,2023-08-11,6480
00753L,中信中國50正2,7,0,7,福邦證券,2023-08-11,6480
1609,大亞,6,0,6,福邦證券,2023-08-11,6480
00751B,元大AAA至A公司債,76,70,6,福邦證券,2023-08-11,6480
2368,金像電,24,18,6,福邦證券,2023-08-11,6480
3266,昇陽,6,0,6,福邦證券,2023-08-11,6480
00680L,元大美債20正2,5,0,5,福邦證券,2023-08-11,6480
00720B,元大投資級公司債,5,0,5,福邦證券,2023-08-11,6480
00688L,國泰20年美債正2,5,0,5,福邦證券,2023-08-11,6480
2103,台橡,5,0,5,福邦證券,2023-08-11,6480
2886,兆豐金,1000,0,1000,福邦證券,2023-08-14,6480
2392,正崴,574,0,574,福邦證券,2023-08-14,6480
2382,廣達,555,24,531,福邦證券,2023-08-14,6480
2313,華通,406,0,406,福邦證券,2023-08-14,6480
3035,智原,248,1,247,福邦證券,2023-08-14,6480
1457,宜進,238,0,238,福邦證券,2023-08-14,6480
2633,台灣高鐵,169,0,169,福邦證券,2023-08-14,6480
2363,矽統,123,34,89,福邦證券,2023-08-14,6480
4739,康普,89,0,89,福邦證券,2023-08-14,6480
2888,新光金,51,0,51,福邦證券,2023-08-14,6480
4746,台耀,53,2,51,福邦證券,2023-08-14,6480
4768,晶呈科技,50,1,49,福邦證券,2023-08-14,6480
2027,大成鋼,43,0,43,福邦證券,2023-08-14,6480
00882,中信中國高股息,42,0,42,福邦證券,2023-08-14,6480
2371,大同,51,10,41,福邦證券,2023-08-14,6480
2538,基泰,35,0,35,福邦證券,2023-08-14,6480
2867,三商壽,35,0,35,福邦證券,2023-08-14,6480
2883,凱基金,33,0,33,福邦證券,2023-08-14,6480
1586,和勤,60,30,30,福邦證券,2023-08-14,6480
2250,IKKA-KY,30,0,30,福邦證券,2023-08-14,6480
6451,訊芯-KY,28,0,28,福邦證券,2023-08-14,6480
2603,長榮,29,3,26,福邦證券,2023-08-14,6480
6488,環球晶,25,0,25,福邦證券,2023-08-14,6480
1301,台塑,23,0,23,福邦證券,2023-08-14,6480
00795B,中信美國公債20年,20,0,20,福邦證券,2023-08-14,6480
3289,宜特,20,0,20,福邦證券,2023-08-14,6480
6120,達運,40,20,20,福邦證券,2023-08-14,6480
6139,亞翔,20,0,20,福邦證券,2023-08-14,6480
8299,群聯,20,0,20,福邦證券,2023-08-14,6480
8426,紅木-KY,20,0,20,福邦證券,2023-08-14,6480
2330,台積電,30,10,20,福邦證券,2023-08-14,6480
2834,臺企銀,21,2,19,福邦證券,2023-08-14,6480
6026,福邦證,40,23,17,福邦證券,2023-08-14,6480
1742,台蠟,15,0,15,福邦證券,2023-08-14,6480
1417,嘉裕,25,10,15,福邦證券,2023-08-14,6480
00931B,統一美債20年,14,0,14,福邦證券,2023-08-14,6480
3043,科風,13,0,13,福邦證券,2023-08-14,6480
00631L,元大台灣50正2,12,0,12,福邦證券,2023-08-14,6480
2618,長榮航,12,0,12,福邦證券,2023-08-14,6480
2884,玉山金,11,0,11,福邦證券,2023-08-14,6480
5284,jpp-KY,11,0,11,福邦證券,2023-08-14,6480
2327,國巨,10,0,10,福邦證券,2023-08-14,6480
2891,中信金,10,0,10,福邦證券,2023-08-14,6480
4510,高鋒,10,0,10,福邦證券,2023-08-14,6480
4760,勤凱,10,0,10,福邦證券,2023-08-14,6480
5209,新鼎,10,0,10,福邦證券,2023-08-14,6480
6161,捷波,10,0,10,福邦證券,2023-08-14,6480
6417,韋僑,10,0,10,福邦證券,2023-08-14,6480
6873,泓德能源,10,0,10,福邦證券,2023-08-14,6480
1522,堤維西,9,0,9,福邦證券,2023-08-14,6480
3231,緯創,714,16,698,福邦證券,2023-08-15,6480
8085,福華,600,0,600,福邦證券,2023-08-15,6480
2392,正崴,592,0,592,福邦證券,2023-08-15,6480
1457,宜進,295,0,295,福邦證券,2023-08-15,6480
2633,台灣高鐵,120,0,120,福邦證券,2023-08-15,6480
2892,第一金,100,0,100,福邦證券,2023-08-15,6480
2462,良得電,60,0,60,福邦證券,2023-08-15,6480
1586,和勤,71,12,59,福邦證券,2023-08-15,6480
00795B,中信美國公債20年,56,0,56,福邦證券,2023-08-15,6480
00687B,國泰20年美債,60,8,52,福邦證券,2023-08-15,6480
1301,台塑,51,0,51,福邦證券,2023-08-15,6480
00696B,富邦美債20年,41,0,41,福邦證券,2023-08-15,6480
2017,官田鋼,40,0,40,福邦證券,2023-08-15,6480
2408,南亞科,40,0,40,福邦證券,2023-08-15,6480
3443,創意,41,1,40,福邦證券,2023-08-15,6480
2884,玉山金,32,0,32,福邦證券,2023-08-15,6480
2834,臺企銀,29,1,28,福邦證券,2023-08-15,6480
2609,陽明,50,27,23,福邦證券,2023-08-15,6480
00632R,元大台灣50反1,20,0,20,福邦證券,2023-08-15,6480
00882,中信中國高股息,20,0,20,福邦證券,2023-08-15,6480
2049,上銀,20,0,20,福邦證券,2023-08-15,6480
6125,廣運,20,0,20,福邦證券,2023-08-15,6480
2382,廣達,44,25,19,福邦證券,2023-08-15,6480
1528,恩德,15,0,15,福邦證券,2023-08-15,6480
3221,台嘉碩,15,0,15,福邦證券,2023-08-15,6480
3533,嘉澤,15,0,15,福邦證券,2023-08-15,6480
8069,元太,15,0,15,福邦證券,2023-08-15,6480
5340,建榮,15,0,15,福邦證券,2023-08-15,6480
2891,中信金,12,0,12,福邦證券,2023-08-15,6480
2317,鴻海,42,31,11,福邦證券,2023-08-15,6480
6719,力智,10,0,10,福邦證券,2023-08-15,6480
1802,台玻,12,2,10,福邦證券,2023-08-15,6480
2241,艾姆勒,24,14,10,福邦證券,2023-08-15,6480
2887,台新金,10,0,10,福邦證券,2023-08-15,6480
3230,錦明,10,0,10,福邦證券,2023-08-15,6480
4542,科嶠,10,0,10,福邦證券,2023-08-15,6480
5009,榮剛,12,2,10,福邦證券,2023-08-15,6480
3044,健鼎,9,0,9,福邦證券,2023-08-15,6480
3631,晟楠,9,0,9,福邦證券,2023-08-15,6480
00764B,群益25年美債,8,0,8,福邦證券,2023-08-15,6480
00923,群益台ESG低碳50,8,0,8,福邦證券,2023-08-15,6480
2880,華南金,8,0,8,福邦證券,2023-08-15,6480
3078,僑威,13,5,8,福邦證券,2023-08-15,6480
6026,福邦證,22,14,8,福邦證券,2023-08-15,6480
2359,所羅門,10,3,7,福邦證券,2023-08-15,6480
6579,研揚,20,13,7,福邦證券,2023-08-15,6480
1614,三洋電,6,0,6,福邦證券,2023-08-15,6480
00931B,統一美債20年,6,0,6,福邦證券,2023-08-15,6480
00751B,元大AAA至A公司債,538,532,6,福邦證券,2023-08-15,6480
6679,鈺太,6,0,6,福邦證券,2023-08-15,6480
2392,正崴,619,0,619,福邦證券,2023-08-16,6480
2301,光寶科,306,6,300,福邦證券,2023-08-16,6480
00795B,中信美國公債20年,228,2,226,福邦證券,2023-08-16,6480
2376,技嘉,102,1,101,福邦證券,2023-08-16,6480
3043,科風,87,0,87,福邦證券,2023-08-16,6480
1457,宜進,81,0,81,福邦證券,2023-08-16,6480
3289,宜特,60,0,60,福邦證券,2023-08-16,6480
3675,德微,60,0,60,福邦證券,2023-08-16,6480
3035,智原,57,3,54,福邦證券,2023-08-16,6480
3163,波若威,56,2,54,福邦證券,2023-08-16,6480
2316,楠梓電,50,0,50,福邦證券,2023-08-16,6480
1414,東和,47,0,47,福邦證券,2023-08-16,6480
2462,良得電,40,0,40,福邦證券,2023-08-16,6480
1586,和勤,40,5,35,福邦證券,2023-08-16,6480
1513,中興電,34,1,33,福邦證券,2023-08-16,6480
2027,大成鋼,31,0,31,福邦證券,2023-08-16,6480
2633,台灣高鐵,30,0,30,福邦證券,2023-08-16,6480
2395,研華,29,0,29,福邦證券,2023-08-16,6480
1522,堤維西,26,0,26,福邦證券,2023-08-16,6480
4739,康普,26,0,26,福邦證券,2023-08-16,6480
00929,復華台灣科技優息,24,0,24,福邦證券,2023-08-16,6480
5340,建榮,24,1,23,福邦證券,2023-08-16,6480
00882,中信中國高股息,21,0,21,福邦證券,2023-08-16,6480
5210,寶碩,20,0,20,福邦證券,2023-08-16,6480
4746,台耀,18,1,17,福邦證券,2023-08-16,6480
3017,奇鋐,17,1,16,福邦證券,2023-08-16,6480
00923,群益台ESG低碳50,15,0,15,福邦證券,2023-08-16,6480
2228,劍麟,15,0,15,福邦證券,2023-08-16,6480
6026,福邦證,28,13,15,福邦證券,2023-08-16,6480
2884,玉山金,16,2,14,福邦證券,2023-08-16,6480
3231,緯創,65,52,13,福邦證券,2023-08-16,6480
6120,達運,50,37,13,福邦證券,2023-08-16,6480
00878,國泰永續高股息,12,0,12,福邦證券,2023-08-16,6480
2371,大同,12,0,12,福邦證券,2023-08-16,6480
2603,長榮,12,1,11,福邦證券,2023-08-16,6480
1802,台玻,12,2,10,福邦證券,2023-08-16,6480
2615,萬海,10,0,10,福邦證券,2023-08-16,6480
2880,華南金,10,0,10,福邦證券,2023-08-16,6480
4760,勤凱,10,0,10,福邦證券,2023-08-16,6480
5209,新鼎,10,0,10,福邦證券,2023-08-16,6480
9958,世紀鋼,25,15,10,福邦證券,2023-08-16,6480
00715L,期街口布蘭特正2,9,0,9,福邦證券,2023-08-16,6480
5284,jpp-KY,10,1,9,福邦證券,2023-08-16,6480
5392,能率,9,0,9,福邦證券,2023-08-16,6480
1102,亞泥,8,0,8,福邦證券,2023-08-16,6480
1795,美時,10,2,8,福邦證券,2023-08-16,6480
2382,廣達,80,72,8,福邦證券,2023-08-16,6480
6441,廣錠,8,0,8,福邦證券,2023-08-16,6480
00751B,元大AAA至A公司債,451,444,7,福邦證券,2023-08-16,6480
00764B,群益25年美債,7,0,7,福邦證券,2023-08-16,6480
2886,兆豐金,601,0,601,福邦證券,2023-08-17,6480
8085,福華,470,0,470,福邦證券,2023-08-17,6480
2368,金像電,351,2,349,福邦證券,2023-08-17,6480
3231,緯創,785,528,257,福邦證券,2023-08-17,6480
2392,正崴,216,0,216,福邦證券,2023-08-17,6480
2388,威盛,201,2,199,福邦證券,2023-08-17,6480
3035,智原,159,3,156,福邦證券,2023-08-17,6480
3044,健鼎,153,1,152,福邦證券,2023-08-17,6480
1457,宜進,144,0,144,福邦證券,2023-08-17,6480
00795B,中信美國公債20年,120,0,120,福邦證券,2023-08-17,6480
2301,光寶科,103,0,103,福邦證券,2023-08-17,6480
1301,台塑,100,0,100,福邦證券,2023-08-17,6480
2883,凱基金,100,0,100,福邦證券,2023-08-17,6480
00632R,元大台灣50反1,120,32,88,福邦證券,2023-08-17,6480
00696B,富邦美債20年,80,0,80,福邦證券,2023-08-17,6480
1303,南亞,75,0,75,福邦證券,2023-08-17,6480
2303,聯電,60,0,60,福邦證券,2023-08-17,6480
00751B,元大AAA至A公司債,496,440,56,福邦證券,2023-08-17,6480
00772B,中信高評級公司債,49,1,48,福邦證券,2023-08-17,6480
5210,寶碩,45,0,45,福邦證券,2023-08-17,6480
2330,台積電,44,0,44,福邦證券,2023-08-17,6480
2383,台光電,45,1,44,福邦證券,2023-08-17,6480
4935,茂林-KY,47,5,42,福邦證券,2023-08-17,6480
2421,建準,54,25,29,福邦證券,2023-08-17,6480
1707,葡萄王,20,0,20,福邦證券,2023-08-17,6480
2228,劍麟,20,0,20,福邦證券,2023-08-17,6480
6873,泓德能源,20,0,20,福邦證券,2023-08-17,6480
00680L,元大美債20正2,16,0,16,福邦證券,2023-08-17,6480
4533,協易機,15,0,15,福邦證券,2023-08-17,6480
8210,勤誠,20,5,15,福邦證券,2023-08-17,6480
8255,朋程,15,0,15,福邦證券,2023-08-17,6480
2888,新光金,13,0,13,福邦證券,2023-08-17,6480
6531,愛普*,11,0,11,福邦證券,2023-08-17,6480
1760,寶齡富錦,10,0,10,福邦證券,2023-08-17,6480
1471,首利,10,0,10,福邦證券,2023-08-17,6480
00712,復華富時不動產,10,0,10,福邦證券,2023-08-17,6480
3689,湧德,40,30,10,福邦證券,2023-08-17,6480
6188,廣明,10,0,10,福邦證券,2023-08-17,6480
6235,華孚,11,1,10,福邦證券,2023-08-17,6480
6546,正基,10,0,10,福邦證券,2023-08-17,6480
00764B,群益25年美債,9,0,9,福邦證券,2023-08-17,6480
00931B,統一美債20年,9,0,9,福邦證券,2023-08-17,6480
4739,康普,9,0,9,福邦證券,2023-08-17,6480
00862B,中信投資級公司債,8,0,8,福邦證券,2023-08-17,6480
6125,廣運,8,0,8,福邦證券,2023-08-17,6480
8476,台境*,8,0,8,福邦證券,2023-08-17,6480
3661,世芯-KY,7,0,7,福邦證券,2023-08-17,6480
6266,泰詠,8,2,6,福邦證券,2023-08-17,6480
1586,和勤,16,10,6,福邦證券,2023-08-17,6480
1467,南緯,6,0,6,福邦證券,2023-08-17,6480
3231,緯創,725,57,668,福邦證券,2023-08-18,6480
8085,福華,505,0,505,福邦證券,2023-08-18,6480
2392,正崴,494,0,494,福邦證券,2023-08-18,6480
3034,聯詠,160,0,160,福邦證券,2023-08-18,6480
2633,台灣高鐵,120,0,120,福邦證券,2023-08-18,6480
00795B,中信美國公債20年,100,1,99,福邦證券,2023-08-18,6480
2363,矽統,100,10,90,福邦證券,2023-08-18,6480
4938,和碩,73,0,73,福邦證券,2023-08-18,6480
3078,僑威,72,1,71,福邦證券,2023-08-18,6480
2301,光寶科,63,4,59,福邦證券,2023-08-18,6480
2421,建準,52,0,52,福邦證券,2023-08-18,6480
6274,台燿,51,1,50,福邦證券,2023-08-18,6480
1457,宜進,43,0,43,福邦證券,2023-08-18,6480
6584,南俊國際,41,0,41,福邦證券,2023-08-18,6480
2316,楠梓電,50,10,40,福邦證券,2023-08-18,6480
2353,宏��,34,0,34,福邦證券,2023-08-18,6480
6605,帝寶,30,0,30,福邦證券,2023-08-18,6480
2371,大同,28,0,28,福邦證券,2023-08-18,6480
00632R,元大台灣50反1,25,0,25,福邦證券,2023-08-18,6480
1707,葡萄王,25,0,25,福邦證券,2023-08-18,6480
6202,盛群,25,0,25,福邦證券,2023-08-18,6480
6285,啟��,25,0,25,福邦證券,2023-08-18,6480
3324,雙鴻,25,3,22,福邦證券,2023-08-18,6480
2707,晶華,20,0,20,福邦證券,2023-08-18,6480
2303,聯電,20,1,19,福邦證券,2023-08-18,6480
3704,合勤控,15,0,15,福邦證券,2023-08-18,6480
2201,裕隆,13,0,13,福邦證券,2023-08-18,6480
00631L,元大台灣50正2,13,0,13,福邦證券,2023-08-18,6480
00929,復華台灣科技優息,12,0,12,福邦證券,2023-08-18,6480
8261,富鼎,12,0,12,福邦證券,2023-08-18,6480
4763,材料-KY,15,4,11,福邦證券,2023-08-18,6480
2395,研華,10,0,10,福邦證券,2023-08-18,6480
2641,正德,10,0,10,福邦證券,2023-08-18,6480
3036,文曄,10,0,10,福邦證券,2023-08-18,6480
4105,東洋,10,0,10,福邦證券,2023-08-18,6480
4950,牧東,10,0,10,福邦證券,2023-08-18,6480
5234,達興材料,10,0,10,福邦證券,2023-08-18,6480
5258,虹堡,10,0,10,福邦證券,2023-08-18,6480
5434,崇越,10,0,10,福邦證券,2023-08-18,6480
5608,四維航,10,0,10,福邦證券,2023-08-18,6480
6477,安集,10,0,10,福邦證券,2023-08-18,6480
9921,巨大,10,0,10,福邦證券,2023-08-18,6480
3689,湧德,19,10,9,福邦證券,2023-08-18,6480
4123,晟德,9,0,9,福邦證券,2023-08-18,6480
2486,一詮,8,0,8,福邦證券,2023-08-18,6480
2308,台達電,7,0,7,福邦證券,2023-08-18,6480
3042,晶技,7,0,7,福邦證券,2023-08-18,6480
6288,聯嘉,8,1,7,福邦證券,2023-08-18,6480
1522,堤維西,6,0,6,福邦證券,2023-08-18,6480
6282,康舒,7,1,6,福邦證券,2023-08-18,6480
4960,誠美材,1138,0,1138,福邦證券,2023-08-21,6480
8085,福華,457,0,457,福邦證券,2023-08-21,6480
2344,華邦電,200,0,200,福邦證券,2023-08-21,6480
2392,正崴,148,0,148,福邦證券,2023-08-21,6480
00795B,中信美國公債20年,114,0,114,福邦證券,2023-08-21,6480
3465,進泰電子,100,0,100,福邦證券,2023-08-21,6480
2891,中信金,90,2,88,福邦證券,2023-08-21,6480
1457,宜進,66,0,66,福邦證券,2023-08-21,6480
2633,台灣高鐵,65,0,65,福邦證券,2023-08-21,6480
00696B,富邦美債20年,61,0,61,福邦證券,2023-08-21,6480
1760,寶齡富錦,50,0,50,福邦證券,2023-08-21,6480
2313,華通,50,0,50,福邦證券,2023-08-21,6480
2408,南亞科,50,0,50,福邦證券,2023-08-21,6480
00687B,國泰20年美債,41,0,41,福邦證券,2023-08-21,6480
00882,中信中國高股息,31,0,31,福邦證券,2023-08-21,6480
6584,南俊國際,31,0,31,福邦證券,2023-08-21,6480
2883,凱基金,30,1,29,福邦證券,2023-08-21,6480
00751B,元大AAA至A公司債,296,273,23,福邦證券,2023-08-21,6480
6592,和潤企業,23,0,23,福邦證券,2023-08-21,6480
00673R,期元大S＆P原油反1,20,0,20,福邦證券,2023-08-21,6480
00655L,國泰中國A50正2,20,0,20,福邦證券,2023-08-21,6480
2516,新建,20,0,20,福邦證券,2023-08-21,6480
2603,長榮,20,0,20,福邦證券,2023-08-21,6480
6274,台燿,20,0,20,福邦證券,2023-08-21,6480
6605,帝寶,20,0,20,福邦證券,2023-08-21,6480
8069,元太,20,0,20,福邦證券,2023-08-21,6480
2363,矽統,123,103,20,福邦證券,2023-08-21,6480
3308,聯德,20,2,18,福邦證券,2023-08-21,6480
8933,愛地雅,18,0,18,福邦證券,2023-08-21,6480
3665,貿聯-KY,18,0,18,福邦證券,2023-08-21,6480
6531,愛普*,15,1,14,福邦證券,2023-08-21,6480
2486,一詮,13,0,13,福邦證券,2023-08-21,6480
1467,南緯,12,0,12,福邦證券,2023-08-21,6480
2324,仁寶,12,0,12,福邦證券,2023-08-21,6480
2382,廣達,92,81,11,福邦證券,2023-08-21,6480
00725B,國泰投資級公司債,10,0,10,福邦證券,2023-08-21,6480
2371,大同,20,10,10,福邦證券,2023-08-21,6480
2548,華固,10,0,10,福邦證券,2023-08-21,6480
2641,正德,10,0,10,福邦證券,2023-08-21,6480
3289,宜特,10,0,10,福邦證券,2023-08-21,6480
3363,上詮,10,0,10,福邦證券,2023-08-21,6480
5483,中美晶,10,0,10,福邦證券,2023-08-21,6480
6741,91APP*-KY,10,0,10,福邦證券,2023-08-21,6480
8210,勤誠,21,11,10,福邦證券,2023-08-21,6480
1586,和勤,16,7,9,福邦證券,2023-08-21,6480
1504,東元,8,0,8,福邦證券,2023-08-21,6480
00931B,統一美債20年,8,0,8,福邦證券,2023-08-21,6480
00720B,元大投資級公司債,8,0,8,福邦證券,2023-08-21,6480
5009,榮剛,8,0,8,福邦證券,2023-08-21,6480
2241,艾姆勒,7,0,7,福邦證券,2023-08-21,6480
8085,福華,552,0,552,福邦證券,2023-08-22,6480
2392,正崴,276,0,276,福邦證券,2023-08-22,6480
2633,台灣高鐵,225,0,225,福邦證券,2023-08-22,6480
2891,中信金,151,0,151,福邦證券,2023-08-22,6480
2886,兆豐金,143,0,143,福邦證券,2023-08-22,6480
2303,聯電,99,0,99,福邦證券,2023-08-22,6480
3037,欣興,90,2,88,福邦證券,2023-08-22,6480
4113,聯上,80,0,80,福邦證券,2023-08-22,6480
00795B,中信美國公債20年,63,0,63,福邦證券,2023-08-22,6480
3680,家登,61,0,61,福邦證券,2023-08-22,6480
00687B,國泰20年美債,50,0,50,福邦證券,2023-08-22,6480
2204,中華,50,0,50,福邦證券,2023-08-22,6480
5876,上海商銀,50,0,50,福邦證券,2023-08-22,6480
3289,宜特,30,0,30,福邦證券,2023-08-22,6480
8039,台虹,30,0,30,福邦證券,2023-08-22,6480
4147,中裕,29,1,28,福邦證券,2023-08-22,6480
3711,日月光投控,28,2,26,福邦證券,2023-08-22,6480
6770,力積電,26,0,26,福邦證券,2023-08-22,6480
4938,和碩,22,1,21,福邦證券,2023-08-22,6480
1760,寶齡富錦,20,0,20,福邦證券,2023-08-22,6480
1522,堤維西,20,0,20,福邦證券,2023-08-22,6480
6015,宏遠證,20,0,20,福邦證券,2023-08-22,6480
3689,湧德,22,3,19,福邦證券,2023-08-22,6480
8068,全達,18,0,18,福邦證券,2023-08-22,6480
00772B,中信高評級公司債,17,0,17,福邦證券,2023-08-22,6480
2330,台積電,16,0,16,福邦證券,2023-08-22,6480
2337,旺宏,15,0,15,福邦證券,2023-08-22,6480
2027,大成鋼,14,0,14,福邦證券,2023-08-22,6480
4935,茂林-KY,14,0,14,福邦證券,2023-08-22,6480
2454,聯發科,13,0,13,福邦證券,2023-08-22,6480
3702,大聯大,14,1,13,福邦證券,2023-08-22,6480
6679,鈺太,13,0,13,福邦證券,2023-08-22,6480
2211,長榮鋼,13,1,12,福邦證券,2023-08-22,6480
6584,南俊國際,12,0,12,福邦證券,2023-08-22,6480
6026,福邦證,21,10,11,福邦證券,2023-08-22,6480
00650L,復華香港正2,10,0,10,福邦證券,2023-08-22,6480
2371,大同,10,0,10,福邦證券,2023-08-22,6480
2408,南亞科,10,0,10,福邦證券,2023-08-22,6480
2607,榮運,10,0,10,福邦證券,2023-08-22,6480
5452,佶優,25,15,10,福邦證券,2023-08-22,6480
6191,精成科,10,0,10,福邦證券,2023-08-22,6480
6235,華孚,10,0,10,福邦證券,2023-08-22,6480
2201,裕隆,9,0,9,福邦證券,2023-08-22,6480
2368,金像電,9,0,9,福邦證券,2023-08-22,6480
5347,世界,9,0,9,福邦證券,2023-08-22,6480
00720B,元大投資級公司債,8,0,8,福邦證券,2023-08-22,6480
6146,耕興,8,0,8,福邦證券,2023-08-22,6480
2324,仁寶,7,0,7,福邦證券,2023-08-22,6480
4707,磐亞,12,5,7,福邦證券,2023-08-22,6480
4919,新唐,7,0,7,福邦證券,2023-08-22,6480
2392,正崴,823,0,823,福邦證券,2023-08-23,6480
8085,福華,402,0,402,福邦證券,2023-08-23,6480
2633,台灣高鐵,221,0,221,福邦證券,2023-08-23,6480
2382,廣達,174,20,154,福邦證券,2023-08-23,6480
00680L,元大美債20正2,100,0,100,福邦證券,2023-08-23,6480
2357,華碩,97,14,83,福邦證券,2023-08-23,6480
1513,中興電,71,0,71,福邦證券,2023-08-23,6480
2368,金像電,61,0,61,福邦證券,2023-08-23,6480
2408,南亞科,50,0,50,福邦證券,2023-08-23,6480
3325,旭品,50,0,50,福邦證券,2023-08-23,6480
4938,和碩,43,0,43,福邦證券,2023-08-23,6480
2607,榮運,40,0,40,福邦證券,2023-08-23,6480
3675,德微,37,0,37,福邦證券,2023-08-23,6480
5210,寶碩,36,0,36,福邦證券,2023-08-23,6480
6282,康舒,58,26,32,福邦證券,2023-08-23,6480
00632R,元大台灣50反1,30,0,30,福邦證券,2023-08-23,6480
3227,原相,35,5,30,福邦證券,2023-08-23,6480
2883,凱基金,23,0,23,福邦證券,2023-08-23,6480
6719,力智,18,0,18,福邦證券,2023-08-23,6480
3680,家登,14,0,14,福邦證券,2023-08-23,6480
3078,僑威,12,0,12,福邦證券,2023-08-23,6480
3308,聯德,21,10,11,福邦證券,2023-08-23,6480
6231,系微,13,2,11,福邦證券,2023-08-23,6480
00795B,中信美國公債20年,10,0,10,福邦證券,2023-08-23,6480
1522,堤維西,10,0,10,福邦證券,2023-08-23,6480
2066,世德,10,0,10,福邦證券,2023-08-23,6480
2395,研華,10,0,10,福邦證券,2023-08-23,6480
2890,永豐金,10,0,10,福邦證券,2023-08-23,6480
3363,上詮,10,0,10,福邦證券,2023-08-23,6480
5608,四維航,10,0,10,福邦證券,2023-08-23,6480
2002,中鋼,8,0,8,福邦證券,2023-08-23,6480
3035,智原,11,3,8,福邦證券,2023-08-23,6480
1709,和益,7,0,7,福邦證券,2023-08-23,6480
1519,華城,9,2,7,福邦證券,2023-08-23,6480
2359,所羅門,9,2,7,福邦證券,2023-08-23,6480
3443,創意,7,0,7,福邦證券,2023-08-23,6480
6548,長科*,7,0,7,福邦證券,2023-08-23,6480
2301,光寶科,6,0,6,福邦證券,2023-08-23,6480
3483,力致,8,2,6,福邦證券,2023-08-23,6480
3693,營邦,6,0,6,福邦證券,2023-08-23,6480
4147,中裕,6,0,6,福邦證券,2023-08-23,6480
6026,福邦證,6,0,6,福邦證券,2023-08-23,6480
2103,台橡,5,0,5,福邦證券,2023-08-23,6480
1467,南緯,5,0,5,福邦證券,2023-08-23,6480
1737,臺鹽,9,4,5,福邦證券,2023-08-23,6480
2603,長榮,5,0,5,福邦證券,2023-08-23,6480
3013,晟銘電,17,12,5,福邦證券,2023-08-23,6480
3051,力特,7,2,5,福邦證券,2023-08-23,6480
3548,兆利,5,0,5,福邦證券,2023-08-23,6480
4105,東洋,5,0,5,福邦證券,2023-08-23,6480
2392,正崴,564,20,544,福邦證券,2023-08-24,6480
1457,宜進,271,0,271,福邦證券,2023-08-24,6480
2357,華碩,215,3,212,福邦證券,2023-08-24,6480
2376,技嘉,202,14,188,福邦證券,2023-08-24,6480
3013,晟銘電,125,1,124,福邦證券,2023-08-24,6480
2605,新興,100,0,100,福邦證券,2023-08-24,6480
6770,力積電,100,0,100,福邦證券,2023-08-24,6480
2204,中華,90,0,90,福邦證券,2023-08-24,6480
6147,頎邦,75,0,75,福邦證券,2023-08-24,6480
6274,台燿,173,110,63,福邦證券,2023-08-24,6480
3693,營邦,61,0,61,福邦證券,2023-08-24,6480
3665,貿聯-KY,55,0,55,福邦證券,2023-08-24,6480
2317,鴻海,61,11,50,福邦證券,2023-08-24,6480
2408,南亞科,50,0,50,福邦證券,2023-08-24,6480
1560,中砂,50,4,46,福邦證券,2023-08-24,6480
3037,欣興,52,10,42,福邦證券,2023-08-24,6480
2329,華泰,33,3,30,福邦證券,2023-08-24,6480
2382,廣達,46,18,28,福邦證券,2023-08-24,6480
1584,精剛,25,0,25,福邦證券,2023-08-24,6480
4746,台耀,25,0,25,福邦證券,2023-08-24,6480
2867,三商壽,23,0,23,福邦證券,2023-08-24,6480
8299,群聯,22,0,22,福邦證券,2023-08-24,6480
2609,陽明,21,0,21,福邦證券,2023-08-24,6480
2352,佳世達,20,0,20,福邦證券,2023-08-24,6480
2880,華南金,18,0,18,福邦證券,2023-08-24,6480
6584,南俊國際,16,0,16,福邦證券,2023-08-24,6480
8255,朋程,13,0,13,福邦證券,2023-08-24,6480
6265,方土昶,15,3,12,福邦證券,2023-08-24,6480
00882,中信中國高股息,10,0,10,福邦證券,2023-08-24,6480
2421,建準,16,6,10,福邦證券,2023-08-24,6480
2607,榮運,10,0,10,福邦證券,2023-08-24,6480
2615,萬海,10,0,10,福邦證券,2023-08-24,6480
3548,兆利,10,0,10,福邦證券,2023-08-24,6480
2363,矽統,51,42,9,福邦證券,2023-08-24,6480
2883,凱基金,9,0,9,福邦證券,2023-08-24,6480
00929,復華台灣科技優息,8,0,8,福邦證券,2023-08-24,6480
2603,長榮,9,1,8,福邦證券,2023-08-24,6480
5210,寶碩,8,0,8,福邦證券,2023-08-24,6480
2330,台積電,8,2,6,福邦證券,2023-08-24,6480
6691,洋基工程,6,0,6,福邦證券,2023-08-24,6480
2419,仲琦,7,1,6,福邦證券,2023-08-24,6480
1467,南緯,9,4,5,福邦證券,2023-08-24,6480
1717,長興,5,0,5,福邦證券,2023-08-24,6480
3044,健鼎,7,2,5,福邦證券,2023-08-24,6480
5483,中美晶,5,0,5,福邦證券,2023-08-24,6480
1709,和益,6,2,4,福邦證券,2023-08-24,6480
3035,智原,10,6,4,福邦證券,2023-08-24,6480
3596,智易,8,4,4,福邦證券,2023-08-24,6480
6223,旺矽,5,1,4,福邦證券,2023-08-24,6480
6669,緯穎,4,0,4,福邦證券,2023-08-24,6480
1802,台玻,1099,0,1099,福邦證券,2023-08-25,6480
9934,成霖,600,0,600,福邦證券,2023-08-25,6480
2392,正崴,509,0,509,福邦證券,2023-08-25,6480
2388,威盛,304,5,299,福邦證券,2023-08-25,6480
2329,華泰,200,30,170,福邦證券,2023-08-25,6480
6290,良維,150,0,150,福邦證券,2023-08-25,6480
1457,宜進,132,0,132,福邦證券,2023-08-25,6480
2486,一詮,135,21,114,福邦證券,2023-08-25,6480
3231,緯創,117,11,106,福邦證券,2023-08-25,6480
2610,華航,103,1,102,福邦證券,2023-08-25,6480
2633,台灣高鐵,90,0,90,福邦證券,2023-08-25,6480
00687B,國泰20年美債,225,155,70,福邦證券,2023-08-25,6480
2353,宏��,65,0,65,福邦證券,2023-08-25,6480
6274,台燿,51,0,51,福邦證券,2023-08-25,6480
2369,菱生,51,1,50,福邦證券,2023-08-25,6480
2408,南亞科,50,0,50,福邦證券,2023-08-25,6480
2609,陽明,50,0,50,福邦證券,2023-08-25,6480
00795B,中信美國公債20年,48,0,48,福邦證券,2023-08-25,6480
2382,廣達,71,38,33,福邦證券,2023-08-25,6480
2363,矽統,46,15,31,福邦證券,2023-08-25,6480
3548,兆利,30,0,30,福邦證券,2023-08-25,6480
00878,國泰永續高股息,21,0,21,福邦證券,2023-08-25,6480
1528,恩德,20,0,20,福邦證券,2023-08-25,6480
2607,榮運,20,0,20,福邦證券,2023-08-25,6480
6153,嘉聯益,20,0,20,福邦證券,2023-08-25,6480
6510,精測,19,0,19,福邦證券,2023-08-25,6480
3665,貿聯-KY,16,0,16,福邦證券,2023-08-25,6480
2330,台積電,14,0,14,福邦證券,2023-08-25,6480
2834,臺企銀,13,0,13,福邦證券,2023-08-25,6480
8033,雷虎,17,5,12,福邦證券,2023-08-25,6480
7402,邑錡,11,0,11,福邦證券,2023-08-25,6480
1707,葡萄王,10,0,10,福邦證券,2023-08-25,6480
1522,堤維西,11,1,10,福邦證券,2023-08-25,6480
00931B,統一美債20年,10,0,10,福邦證券,2023-08-25,6480
00764B,群益25年美債,10,0,10,福邦證券,2023-08-25,6480
2104,國際中橡,10,0,10,福邦證券,2023-08-25,6480
2228,劍麟,10,0,10,福邦證券,2023-08-25,6480
4739,康普,11,1,10,福邦證券,2023-08-25,6480
5439,高技,10,0,10,福邦證券,2023-08-25,6480
6548,長科*,9,0,9,福邦證券,2023-08-25,6480
2706,第一店,10,2,8,福邦證券,2023-08-25,6480
00631L,元大台灣50正2,6,0,6,福邦證券,2023-08-25,6480
3576,聯合再生,7,1,6,福邦證券,2023-08-25,6480
8996,高力,6,0,6,福邦證券,2023-08-25,6480
1586,和勤,9,4,5,福邦證券,2023-08-25,6480
1532,勤美,5,0,5,福邦證券,2023-08-25,6480
00637L,元大滬深300正2,5,0,5,福邦證券,2023-08-25,6480
00688L,國泰20年美債正2,5,0,5,福邦證券,2023-08-25,6480
2105,正新,5,0,5,福邦證券,2023-08-25,6480
2376,技嘉,5,0,5,福邦證券,2023-08-25,6480
2392,正崴,424,10,414,福邦證券,2023-08-28,6480
6443,元晶,300,0,300,福邦證券,2023-08-28,6480
3548,兆利,201,2,199,福邦證券,2023-08-28,6480
2368,金像電,159,1,158,福邦證券,2023-08-28,6480
9929,秋雨,99,0,99,福邦證券,2023-08-28,6480
6290,良維,70,0,70,福邦證券,2023-08-28,6480
2486,一詮,69,12,57,福邦證券,2023-08-28,6480
2388,威盛,58,4,54,福邦證券,2023-08-28,6480
1457,宜進,50,0,50,福邦證券,2023-08-28,6480
3551,世禾,42,0,42,福邦證券,2023-08-28,6480
6274,台燿,40,1,39,福邦證券,2023-08-28,6480
2634,漢翔,33,2,31,福邦證券,2023-08-28,6480
1586,和勤,49,22,27,福邦證券,2023-08-28,6480
1709,和益,28,3,25,福邦證券,2023-08-28,6480
5210,寶碩,23,0,23,福邦證券,2023-08-28,6480
1522,堤維西,21,0,21,福邦證券,2023-08-28,6480
4763,材料-KY,24,3,21,福邦證券,2023-08-28,6480
00632R,元大台灣50反1,20,0,20,福邦證券,2023-08-28,6480
3008,大立光,20,0,20,福邦證券,2023-08-28,6480
00881,國泰台灣5G+,18,0,18,福邦證券,2023-08-28,6480
4906,正文,15,1,14,福邦證券,2023-08-28,6480
2330,台積電,15,1,14,福邦證券,2023-08-28,6480
2371,大同,13,0,13,福邦證券,2023-08-28,6480
2241,艾姆勒,12,0,12,福邦證券,2023-08-28,6480
00633L,富邦上証正2,14,2,12,福邦證券,2023-08-28,6480
1476,儒鴻,10,0,10,福邦證券,2023-08-28,6480
6416,瑞祺電通,10,0,10,福邦證券,2023-08-28,6480
2345,智邦,10,1,9,福邦證券,2023-08-28,6480
6170,統振,8,0,8,福邦證券,2023-08-28,6480
6438,迅得,8,0,8,福邦證券,2023-08-28,6480
1471,首利,9,3,6,福邦證券,2023-08-28,6480
00878,國泰永續高股息,6,0,6,福邦證券,2023-08-28,6480
2303,聯電,6,0,6,福邦證券,2023-08-28,6480
1784,訊聯,6,0,6,福邦證券,2023-08-28,6480
2002,中鋼,5,0,5,福邦證券,2023-08-28,6480
00688L,國泰20年美債正2,5,0,5,福邦證券,2023-08-28,6480
00929,復華台灣科技優息,5,0,5,福邦證券,2023-08-28,6480
2458,義隆,5,0,5,福邦證券,2023-08-28,6480
3227,原相,15,10,5,福邦證券,2023-08-28,6480
3230,錦明,5,0,5,福邦證券,2023-08-28,6480
3413,京鼎,5,0,5,福邦證券,2023-08-28,6480
5426,振發,5,0,5,福邦證券,2023-08-28,6480
6015,宏遠證,5,0,5,福邦證券,2023-08-28,6480
6141,柏承,5,0,5,福邦證券,2023-08-28,6480
6679,鈺太,14,9,5,福邦證券,2023-08-28,6480
8076,伍豐,5,0,5,福邦證券,2023-08-28,6480
2645,長榮航太,4,0,4,福邦證券,2023-08-28,6480
3680,家登,4,0,4,福邦證券,2023-08-28,6480
6288,聯嘉,4,0,4,福邦證券,2023-08-28,6480
6591,動力-KY,12,8,4,福邦證券,2023-08-28,6480
2392,正崴,313,0,313,福邦證券,2023-08-29,6480
2337,旺宏,200,5,195,福邦證券,2023-08-29,6480
2330,台積電,190,0,190,福邦證券,2023-08-29,6480
3551,世禾,168,0,168,福邦證券,2023-08-29,6480
2371,大同,180,21,159,福邦證券,2023-08-29,6480
3231,緯創,166,25,141,福邦證券,2023-08-29,6480
1457,宜進,130,0,130,福邦證券,2023-08-29,6480
5210,寶碩,66,12,54,福邦證券,2023-08-29,6480
9958,世紀鋼,53,11,42,福邦證券,2023-08-29,6480
2369,菱生,35,0,35,福邦證券,2023-08-29,6480
00632R,元大台灣50反1,30,0,30,福邦證券,2023-08-29,6480
2485,兆赫,30,0,30,福邦證券,2023-08-29,6480
3189,景碩,30,0,30,福邦證券,2023-08-29,6480
6531,愛普*,20,0,20,福邦證券,2023-08-29,6480
1522,堤維西,16,0,16,福邦證券,2023-08-29,6480
3011,今皓,14,0,14,福邦證券,2023-08-29,6480
8410,森田,14,0,14,福邦證券,2023-08-29,6480
1709,和益,20,9,11,福邦證券,2023-08-29,6480
2331,精英,13,3,10,福邦證券,2023-08-29,6480
3115,富榮綱,10,0,10,福邦證券,2023-08-29,6480
6129,普誠,10,0,10,福邦證券,2023-08-29,6480
6290,良維,10,0,10,福邦證券,2023-08-29,6480
2201,裕隆,14,5,9,福邦證券,2023-08-29,6480
1614,三洋電,9,0,9,福邦證券,2023-08-29,6480
1586,和勤,19,12,7,福邦證券,2023-08-29,6480
2027,大成鋼,7,0,7,福邦證券,2023-08-29,6480
2059,川湖,6,0,6,福邦證券,2023-08-29,6480
6265,方土昶,6,0,6,福邦證券,2023-08-29,6480
2002,中鋼,5,0,5,福邦證券,2023-08-29,6480
2436,偉詮電,5,0,5,福邦證券,2023-08-29,6480
2607,榮運,5,0,5,福邦證券,2023-08-29,6480
2745,五福,5,0,5,福邦證券,2023-08-29,6480
3308,聯德,5,0,5,福邦證券,2023-08-29,6480
4541,晟田,5,0,5,福邦證券,2023-08-29,6480
1612,宏泰,5,1,4,福邦證券,2023-08-29,6480
2421,建準,4,0,4,福邦證券,2023-08-29,6480
2880,華南金,4,0,4,福邦證券,2023-08-29,6480
6016,康和證,4,0,4,福邦證券,2023-08-29,6480
6438,迅得,4,0,4,福邦證券,2023-08-29,6480
6477,安集,7,3,4,福邦證券,2023-08-29,6480
6533,晶心科,3,0,3,福邦證券,2023-08-29,6480
1504,東元,3,0,3,福邦證券,2023-08-29,6480
2374,佳能,3,0,3,福邦證券,2023-08-29,6480
2376,技嘉,4,1,3,福邦證券,2023-08-29,6480
3014,聯陽,3,0,3,福邦證券,2023-08-29,6480
3017,奇鋐,5,2,3,福邦證券,2023-08-29,6480
4934,太極,3,0,3,福邦證券,2023-08-29,6480
5340,建榮,5,2,3,福邦證券,2023-08-29,6480
6235,華孚,6,3,3,福邦證券,2023-08-29,6480
2317,鴻海,3,1,2,福邦證券,2023-08-29,6480
1402,遠東新,1000,0,1000,福邦證券,2023-08-30,6480
2303,聯電,305,10,295,福邦證券,2023-08-30,6480
2006,東和鋼鐵,280,0,280,福邦證券,2023-08-30,6480
8358,金居,280,2,278,福邦證券,2023-08-30,6480
6104,創惟,161,0,161,福邦證券,2023-08-30,6480
2376,技嘉,159,12,147,福邦證券,2023-08-30,6480
2316,楠梓電,100,2,98,福邦證券,2023-08-30,6480
8299,群聯,101,4,97,福邦證券,2023-08-30,6480
2903,遠百,65,0,65,福邦證券,2023-08-30,6480
2388,威盛,81,22,59,福邦證券,2023-08-30,6480
3035,智原,53,2,51,福邦證券,2023-08-30,6480
1457,宜進,41,0,41,福邦證券,2023-08-30,6480
1584,精剛,50,11,39,福邦證券,2023-08-30,6480
3715,定穎投控,40,1,39,福邦證券,2023-08-30,6480
00637L,元大滬深300正2,36,0,36,福邦證券,2023-08-30,6480
3037,欣興,30,1,29,福邦證券,2023-08-30,6480
4763,材料-KY,30,1,29,福邦證券,2023-08-30,6480
3167,大量,26,0,26,福邦證券,2023-08-30,6480
1723,中碳,20,0,20,福邦證券,2023-08-30,6480
4737,華廣,15,0,15,福邦證券,2023-08-30,6480
3631,晟楠,14,0,14,福邦證券,2023-08-30,6480
2465,麗臺,12,0,12,福邦證券,2023-08-30,6480
4746,台耀,12,0,12,福邦證券,2023-08-30,6480
1513,中興電,11,0,11,福邦證券,2023-08-30,6480
2331,精英,16,5,11,福邦證券,2023-08-30,6480
4927,泰鼎-KY,12,1,11,福邦證券,2023-08-30,6480
00632R,元大台灣50反1,10,0,10,福邦證券,2023-08-30,6480
2884,玉山金,10,0,10,福邦證券,2023-08-30,6480
3006,晶豪科,10,0,10,福邦證券,2023-08-30,6480
6168,宏齊,11,1,10,福邦證券,2023-08-30,6480
6290,良維,10,0,10,福邦證券,2023-08-30,6480
1210,大成,8,0,8,福邦證券,2023-08-30,6480
2330,台積電,8,0,8,福邦證券,2023-08-30,6480
2618,長榮航,8,0,8,福邦證券,2023-08-30,6480
00673R,期元大S＆P原油反1,6,0,6,福邦證券,2023-08-30,6480
1101,台泥,5,0,5,福邦證券,2023-08-30,6480
1586,和勤,5,0,5,福邦證券,2023-08-30,6480
2436,偉詮電,9,4,5,福邦證券,2023-08-30,6480
4967,十銓,5,0,5,福邦證券,2023-08-30,6480
5284,jpp-KY,5,0,5,福邦證券,2023-08-30,6480
6224,聚鼎,5,0,5,福邦證券,2023-08-30,6480
6235,華孚,7,2,5,福邦證券,2023-08-30,6480
2359,所羅門,5,1,4,福邦證券,2023-08-30,6480
6187,萬潤,4,0,4,福邦證券,2023-08-30,6480
6806,森崴能源,5,1,4,福邦證券,2023-08-30,6480
2027,大成鋼,3,0,3,福邦證券,2023-08-30,6480
1471,首利,3,0,3,福邦證券,2023-08-30,6480
1522,堤維西,6,3,3,福邦證券,2023-08-30,6480
2301,光寶科,3,0,3,福邦證券,2023-08-30,6480
2329,華泰,5,2,3,福邦證券,2023-08-30,6480
2408,南亞科,658,0,658,福邦證券,2023-08-31,6480
3011,今皓,220,10,210,福邦證券,2023-08-31,6480
6285,啟��,160,0,160,福邦證券,2023-08-31,6480
3551,世禾,141,0,141,福邦證券,2023-08-31,6480
7402,邑錡,131,0,131,福邦證券,2023-08-31,6480
1802,台玻,265,170,95,福邦證券,2023-08-31,6480
1314,中石化,90,0,90,福邦證券,2023-08-31,6480
3693,營邦,58,0,58,福邦證券,2023-08-31,6480
1584,精剛,50,0,50,福邦證券,2023-08-31,6480
1605,華新,50,0,50,福邦證券,2023-08-31,6480
3715,定穎投控,205,158,47,福邦證券,2023-08-31,6480
6202,盛群,40,0,40,福邦證券,2023-08-31,6480
9958,世紀鋼,42,3,39,福邦證券,2023-08-31,6480
2880,華南金,27,0,27,福邦證券,2023-08-31,6480
2884,玉山金,27,0,27,福邦證券,2023-08-31,6480
3481,群創,36,12,24,福邦證券,2023-08-31,6480
2376,技嘉,24,1,23,福邦證券,2023-08-31,6480
2888,新光金,22,0,22,福邦證券,2023-08-31,6480
6274,台燿,160,140,20,福邦證券,2023-08-31,6480
3163,波若威,20,0,20,福邦證券,2023-08-31,6480
5210,寶碩,30,10,20,福邦證券,2023-08-31,6480
2330,台積電,19,0,19,福邦證券,2023-08-31,6480
4147,中裕,16,0,16,福邦證券,2023-08-31,6480
4737,華廣,15,0,15,福邦證券,2023-08-31,6480
00878,國泰永續高股息,14,0,14,福邦證券,2023-08-31,6480
2883,凱基金,12,0,12,福邦證券,2023-08-31,6480
3217,優群,12,0,12,福邦證券,2023-08-31,6480
2371,大同,11,0,11,福邦證券,2023-08-31,6480
00795B,中信美國公債20年,10,0,10,福邦證券,2023-08-31,6480
00687B,國泰20年美債,10,0,10,福邦證券,2023-08-31,6480
00885,富邦越南,10,0,10,福邦證券,2023-08-31,6480
1760,寶齡富錦,10,0,10,福邦證券,2023-08-31,6480
2538,基泰,10,0,10,福邦證券,2023-08-31,6480
2634,漢翔,10,0,10,福邦證券,2023-08-31,6480
4960,誠美材,10,0,10,福邦證券,2023-08-31,6480
4966,譜瑞-KY,10,0,10,福邦證券,2023-08-31,6480
6168,宏齊,10,0,10,福邦證券,2023-08-31,6480
6290,良維,10,0,10,福邦證券,2023-08-31,6480
6829,千附精密,10,1,9,福邦證券,2023-08-31,6480
2344,華邦電,8,0,8,福邦證券,2023-08-31,6480
2801,彰銀,8,0,8,福邦證券,2023-08-31,6480
3231,緯創,33,26,7,福邦證券,2023-08-31,6480
4967,十銓,12,5,7,福邦證券,2023-08-31,6480
2301,光寶科,6,0,6,福邦證券,2023-08-31,6480
1210,大成,6,0,6,福邦證券,2023-08-31,6480
1612,宏泰,8,2,6,福邦證券,2023-08-31,6480
5315,光聯,6,0,6,福邦證券,2023-08-31,6480
6005,群益證,6,0,6,福邦證券,2023-08-31,6480
2337,旺宏,5,0,5,福邦證券,2023-08-31,6480
2368,金像電,5,0,5,福邦證券,2023-08-31,6480
4532,瑞智,460,0,460,福邦證券,2023-09-01,6480
2886,兆豐金,154,0,154,福邦證券,2023-09-01,6480
2464,盟立,90,1,89,福邦證券,2023-09-01,6480
2317,鴻海,75,0,75,福邦證券,2023-09-01,6480
4147,中裕,75,0,75,福邦證券,2023-09-01,6480
6290,良維,60,0,60,福邦證券,2023-09-01,6480
6223,旺矽,50,0,50,福邦證券,2023-09-01,6480
3231,緯創,48,8,40,福邦證券,2023-09-01,6480
6274,台燿,180,141,39,福邦證券,2023-09-01,6480
2324,仁寶,130,100,30,福邦證券,2023-09-01,6480
2303,聯電,30,0,30,福邦證券,2023-09-01,6480
3289,宜特,30,0,30,福邦證券,2023-09-01,6480
3710,連展投控,28,0,28,福邦證券,2023-09-01,6480
2367,燿華,25,0,25,福邦證券,2023-09-01,6480
4967,十銓,40,15,25,福邦證券,2023-09-01,6480
00919,群益台灣精選高息,29,5,24,福邦證券,2023-09-01,6480
8996,高力,30,6,24,福邦證券,2023-09-01,6480
2356,英業達,24,1,23,福邦證券,2023-09-01,6480
2884,玉山金,23,0,23,福邦證券,2023-09-01,6480
2382,廣達,26,4,22,福邦證券,2023-09-01,6480
3011,今皓,20,0,20,福邦證券,2023-09-01,6480
6719,力智,22,2,20,福邦證券,2023-09-01,6480
2492,華新科,20,1,19,福邦證券,2023-09-01,6480
4737,華廣,17,0,17,福邦證券,2023-09-01,6480
1471,首利,15,0,15,福邦證券,2023-09-01,6480
5210,寶碩,15,0,15,福邦證券,2023-09-01,6480
7402,邑錡,25,10,15,福邦證券,2023-09-01,6480
2476,鉅祥,15,1,14,福邦證券,2023-09-01,6480
4906,正文,31,17,14,福邦證券,2023-09-01,6480
1210,大成,13,0,13,福邦證券,2023-09-01,6480
6679,鈺太,15,2,13,福邦證券,2023-09-01,6480
2421,建準,12,0,12,福邦證券,2023-09-01,6480
6026,福邦證,12,1,11,福邦證券,2023-09-01,6480
2812,台中銀,10,0,10,福邦證券,2023-09-01,6480
5452,佶優,20,10,10,福邦證券,2023-09-01,6480
6197,佳必琪,10,0,10,福邦證券,2023-09-01,6480
8069,元太,10,0,10,福邦證券,2023-09-01,6480
8933,愛地雅,21,12,9,福邦證券,2023-09-01,6480
00932,兆豐永續高息等權,8,0,8,福邦證券,2023-09-01,6480
3078,僑威,8,0,8,福邦證券,2023-09-01,6480
3228,金麗科,8,0,8,福邦證券,2023-09-01,6480
4105,東洋,8,0,8,福邦證券,2023-09-01,6480
6732,昇佳電子,8,0,8,福邦證券,2023-09-01,6480
2330,台積電,9,2,7,福邦證券,2023-09-01,6480
1532,勤美,7,0,7,福邦證券,2023-09-01,6480
2368,金像電,7,0,7,福邦證券,2023-09-01,6480
6271,同欣電,6,0,6,福邦證券,2023-09-01,6480
00929,復華台灣科技優息,5,0,5,福邦證券,2023-09-01,6480
2436,偉詮電,10,5,5,福邦證券,2023-09-01,6480
2454,聯發科,6,1,5,福邦證券,2023-09-01,6480
6282,康舒,529,13,516,福邦證券,2023-09-04,6480
2458,義隆,190,1,189,福邦證券,2023-09-04,6480
2408,南亞科,100,0,100,福邦證券,2023-09-04,6480
9929,秋雨,99,0,99,福邦證券,2023-09-04,6480
6288,聯嘉,85,2,83,福邦證券,2023-09-04,6480
2476,鉅祥,55,0,55,福邦證券,2023-09-04,6480
2371,大同,62,8,54,福邦證券,2023-09-04,6480
3105,穩懋,50,1,49,福邦證券,2023-09-04,6480
6209,今國光,47,0,47,福邦證券,2023-09-04,6480
1210,大成,40,0,40,福邦證券,2023-09-04,6480
2369,菱生,39,0,39,福邦證券,2023-09-04,6480
00751B,元大AAA至A公司債,28,0,28,福邦證券,2023-09-04,6480
1467,南緯,27,0,27,福邦證券,2023-09-04,6480
00795B,中信美國公債20年,26,0,26,福邦證券,2023-09-04,6480
2395,研華,23,0,23,福邦證券,2023-09-04,6480
00687B,國泰20年美債,21,0,21,福邦證券,2023-09-04,6480
8933,愛地雅,21,0,21,福邦證券,2023-09-04,6480
00696B,富邦美債20年,20,0,20,福邦證券,2023-09-04,6480
2066,世德,20,0,20,福邦證券,2023-09-04,6480
3481,群創,16,0,16,福邦證券,2023-09-04,6480
00772B,中信高評級公司債,16,0,16,福邦證券,2023-09-04,6480
2363,矽統,30,15,15,福邦證券,2023-09-04,6480
3033,威健,15,0,15,福邦證券,2023-09-04,6480
5210,寶碩,20,5,15,福邦證券,2023-09-04,6480
2884,玉山金,13,0,13,福邦證券,2023-09-04,6480
6494,九齊,13,0,13,福邦證券,2023-09-04,6480
1213,大飲,11,0,11,福邦證券,2023-09-04,6480
4139,馬光-KY,11,0,11,福邦證券,2023-09-04,6480
1711,永光,10,0,10,福邦證券,2023-09-04,6480
2812,台中銀,10,0,10,福邦證券,2023-09-04,6480
4503,金雨,10,0,10,福邦證券,2023-09-04,6480
5215,科嘉-KY,10,0,10,福邦證券,2023-09-04,6480
6239,力成,10,0,10,福邦證券,2023-09-04,6480
9919,康那香,10,0,10,福邦證券,2023-09-04,6480
00919,群益台灣精選高息,9,0,9,福邦證券,2023-09-04,6480
2465,麗臺,9,0,9,福邦證券,2023-09-04,6480
2634,漢翔,10,1,9,福邦證券,2023-09-04,6480
4906,正文,9,0,9,福邦證券,2023-09-04,6480
4532,瑞智,8,0,8,福邦證券,2023-09-04,6480
4739,康普,8,0,8,福邦證券,2023-09-04,6480
00878,國泰永續高股息,7,0,7,福邦證券,2023-09-04,6480
6719,力智,7,0,7,福邦證券,2023-09-04,6480
00764B,群益25年美債,6,0,6,福邦證券,2023-09-04,6480
2308,台達電,6,0,6,福邦證券,2023-09-04,6480
2382,廣達,12,6,6,福邦證券,2023-09-04,6480
6873,泓德能源,6,0,6,福邦證券,2023-09-04,6480
00688L,國泰20年美債正2,5,0,5,福邦證券,2023-09-04,6480
1417,嘉裕,25,20,5,福邦證券,2023-09-04,6480
2105,正新,5,0,5,福邦證券,2023-09-04,6480
2327,國巨,5,0,5,福邦證券,2023-09-04,6480
6202,盛群,140,0,140,福邦證券,2023-09-05,6480
2330,台積電,154,20,134,福邦證券,2023-09-05,6480
4916,事欣科,101,0,101,福邦證券,2023-09-05,6480
020031,統一IC設計臺灣N,100,0,100,福邦證券,2023-09-05,6480
00687B,國泰20年美債,90,0,90,福邦證券,2023-09-05,6480
3257,虹冠電,65,1,64,福邦證券,2023-09-05,6480
3665,貿聯-KY,63,0,63,福邦證券,2023-09-05,6480
1802,台玻,61,0,61,福邦證券,2023-09-05,6480
6288,聯嘉,60,0,60,福邦證券,2023-09-05,6480
4147,中裕,57,0,57,福邦證券,2023-09-05,6480
4966,譜瑞-KY,36,0,36,福邦證券,2023-09-05,6480
2376,技嘉,33,1,32,福邦證券,2023-09-05,6480
2388,威盛,31,1,30,福邦證券,2023-09-05,6480
00795B,中信美國公債20年,28,0,28,福邦證券,2023-09-05,6480
00929,復華台灣科技優息,28,3,25,福邦證券,2023-09-05,6480
2313,華通,24,0,24,福邦證券,2023-09-05,6480
8299,群聯,25,1,24,福邦證券,2023-09-05,6480
2465,麗臺,22,0,22,福邦證券,2023-09-05,6480
4763,材料-KY,23,1,22,福邦證券,2023-09-05,6480
6167,久正,21,0,21,福邦證券,2023-09-05,6480
1457,宜進,20,0,20,福邦證券,2023-09-05,6480
2546,根基,20,0,20,福邦證券,2023-09-05,6480
4945,陞達科技,20,0,20,福邦證券,2023-09-05,6480
6125,廣運,20,0,20,福邦證券,2023-09-05,6480
00751B,元大AAA至A公司債,13,0,13,福邦證券,2023-09-05,6480
8431,匯鑽科,14,1,13,福邦證券,2023-09-05,6480
6719,力智,11,0,11,福邦證券,2023-09-05,6480
1717,長興,10,0,10,福邦證券,2023-09-05,6480
2236,百達-KY,10,0,10,福邦證券,2023-09-05,6480
2337,旺宏,10,0,10,福邦證券,2023-09-05,6480
2395,研華,10,0,10,福邦證券,2023-09-05,6480
2812,台中銀,10,0,10,福邦證券,2023-09-05,6480
3221,台嘉碩,10,0,10,福邦證券,2023-09-05,6480
3545,敦泰,12,2,10,福邦證券,2023-09-05,6480
5243,乙盛-KY,10,0,10,福邦證券,2023-09-05,6480
6122,擎邦,10,0,10,福邦證券,2023-09-05,6480
6209,今國光,10,0,10,福邦證券,2023-09-05,6480
8906,花王,10,0,10,福邦證券,2023-09-05,6480
00878,國泰永續高股息,8,0,8,福邦證券,2023-09-05,6480
6285,啟��,10,2,8,福邦證券,2023-09-05,6480
5210,寶碩,7,0,7,福邦證券,2023-09-05,6480
5469,瀚宇博,7,0,7,福邦證券,2023-09-05,6480
3034,聯詠,7,1,6,福邦證券,2023-09-05,6480
6129,普誠,6,0,6,福邦證券,2023-09-05,6480
1532,勤美,5,0,5,福邦證券,2023-09-05,6480
1108,幸福,5,0,5,福邦證券,2023-09-05,6480
00919,群益台灣精選高息,5,0,5,福邦證券,2023-09-05,6480
2344,華邦電,10,5,5,福邦證券,2023-09-05,6480
2421,建準,5,0,5,福邦證券,2023-09-05,6480
2482,連宇,5,0,5,福邦證券,2023-09-05,6480
2886,兆豐金,750,0,750,福邦證券,2023-09-06,6480
5876,上海商銀,300,0,300,福邦證券,2023-09-06,6480
00696B,富邦美債20年,220,0,220,福邦證券,2023-09-06,6480
6274,台燿,212,2,210,福邦證券,2023-09-06,6480
00795B,中信美國公債20年,109,0,109,福邦證券,2023-09-06,6480
3324,雙鴻,113,7,106,福邦證券,2023-09-06,6480
2368,金像電,106,4,102,福邦證券,2023-09-06,6480
1609,大亞,90,0,90,福邦證券,2023-09-06,6480
2317,鴻海,90,1,89,福邦證券,2023-09-06,6480
3006,晶豪科,140,60,80,福邦證券,2023-09-06,6480
3704,合勤控,66,0,66,福邦證券,2023-09-06,6480
3035,智原,56,1,55,福邦證券,2023-09-06,6480
9958,世紀鋼,55,1,54,福邦證券,2023-09-06,6480
3481,群創,53,0,53,福邦證券,2023-09-06,6480
2354,鴻準,50,0,50,福邦證券,2023-09-06,6480
5340,建榮,50,0,50,福邦證券,2023-09-06,6480
6202,盛群,50,0,50,福邦證券,2023-09-06,6480
00751B,元大AAA至A公司債,48,0,48,福邦證券,2023-09-06,6480
1457,宜進,41,0,41,福邦證券,2023-09-06,6480
4164,承業醫,41,0,41,福邦證券,2023-09-06,6480
2376,技嘉,40,1,39,福邦證券,2023-09-06,6480
1471,首利,46,8,38,福邦證券,2023-09-06,6480
1210,大成,35,1,34,福邦證券,2023-09-06,6480
6288,聯嘉,31,0,31,福邦證券,2023-09-06,6480
00772B,中信高評級公司債,23,0,23,福邦證券,2023-09-06,6480
1440,南紡,20,0,20,福邦證券,2023-09-06,6480
2486,一詮,27,10,17,福邦證券,2023-09-06,6480
8299,群聯,67,50,17,福邦證券,2023-09-06,6480
2204,中華,20,4,16,福邦證券,2023-09-06,6480
5452,佶優,16,0,16,福邦證券,2023-09-06,6480
00931B,統一美債20年,13,0,13,福邦證券,2023-09-06,6480
2027,大成鋼,12,0,12,福邦證券,2023-09-06,6480
2228,劍麟,12,0,12,福邦證券,2023-09-06,6480
2465,麗臺,12,0,12,福邦證券,2023-09-06,6480
1760,寶齡富錦,11,0,11,福邦證券,2023-09-06,6480
00900,富邦特選高股息30,11,0,11,福邦證券,2023-09-06,6480
00929,復華台灣科技優息,11,0,11,福邦證券,2023-09-06,6480
4966,譜瑞-KY,11,0,11,福邦證券,2023-09-06,6480
8072,陞泰,11,0,11,福邦證券,2023-09-06,6480
8431,匯鑽科,11,0,11,福邦證券,2023-09-06,6480
00921,兆豐龍頭等權重,10,0,10,福邦證券,2023-09-06,6480
2236,百達-KY,10,0,10,福邦證券,2023-09-06,6480
2607,榮運,10,0,10,福邦證券,2023-09-06,6480
2884,玉山金,10,0,10,福邦證券,2023-09-06,6480
3289,宜特,10,0,10,福邦證券,2023-09-06,6480
00764B,群益25年美債,9,0,9,福邦證券,2023-09-06,6480
2812,台中銀,11,2,9,福邦證券,2023-09-06,6480
2891,中信金,9,0,9,福邦證券,2023-09-06,6480
2880,華南金,8,0,8,福邦證券,2023-09-06,6480
2888,新光金,8,0,8,福邦證券,2023-09-06,6480
2303,聯電,701,0,701,福邦證券,2023-09-07,6480
2618,長榮航,418,0,418,福邦證券,2023-09-07,6480
6274,台燿,190,0,190,福邦證券,2023-09-07,6480
2329,華泰,150,0,150,福邦證券,2023-09-07,6480
5351,鈺創,150,0,150,福邦證券,2023-09-07,6480
2409,友達,105,0,105,福邦證券,2023-09-07,6480
3209,全科,58,2,56,福邦證券,2023-09-07,6480
6515,穎崴,53,0,53,福邦證券,2023-09-07,6480
2614,東森,51,0,51,福邦證券,2023-09-07,6480
4906,正文,109,58,51,福邦證券,2023-09-07,6480
6271,同欣電,22,0,22,福邦證券,2023-09-07,6480
2884,玉山金,21,0,21,福邦證券,2023-09-07,6480
6664,群翊,16,0,16,福邦證券,2023-09-07,6480
3035,智原,17,1,16,福邦證券,2023-09-07,6480
2233,宇隆,15,0,15,福邦證券,2023-09-07,6480
00919,群益台灣精選高息,15,0,15,福邦證券,2023-09-07,6480
00929,復華台灣科技優息,17,2,15,福邦證券,2023-09-07,6480
1457,宜進,13,0,13,福邦證券,2023-09-07,6480
3481,群創,17,4,13,福邦證券,2023-09-07,6480
2402,毅嘉,12,0,12,福邦證券,2023-09-07,6480
2812,台中銀,11,0,11,福邦證券,2023-09-07,6480
1605,華新,10,0,10,福邦證券,2023-09-07,6480
2328,廣宇,10,0,10,福邦證券,2023-09-07,6480
2607,榮運,10,0,10,福邦證券,2023-09-07,6480
3036,文曄,10,0,10,福邦證券,2023-09-07,6480
3169,亞信,10,0,10,福邦證券,2023-09-07,6480
6288,聯嘉,10,0,10,福邦證券,2023-09-07,6480
8050,廣積,10,0,10,福邦證券,2023-09-07,6480
2485,兆赫,20,11,9,福邦證券,2023-09-07,6480
3317,尼克森,10,1,9,福邦證券,2023-09-07,6480
4503,金雨,8,0,8,福邦證券,2023-09-07,6480
6223,旺矽,8,0,8,福邦證券,2023-09-07,6480
8906,花王,8,0,8,福邦證券,2023-09-07,6480
1522,堤維西,7,0,7,福邦證券,2023-09-07,6480
2891,中信金,7,0,7,福邦證券,2023-09-07,6480
8933,愛地雅,6,0,6,福邦證券,2023-09-07,6480
00688L,國泰20年美債正2,5,0,5,福邦證券,2023-09-07,6480
2371,大同,32,27,5,福邦證券,2023-09-07,6480
2380,虹光,5,0,5,福邦證券,2023-09-07,6480
3230,錦明,5,0,5,福邦證券,2023-09-07,6480
3338,泰碩,6,1,5,福邦證券,2023-09-07,6480
4533,協易機,8,3,5,福邦證券,2023-09-07,6480
6411,晶焱,5,0,5,福邦證券,2023-09-07,6480
9921,巨大,5,0,5,福邦證券,2023-09-07,6480
2228,劍麟,4,0,4,福邦證券,2023-09-07,6480
1802,台玻,20,16,4,福邦證券,2023-09-07,6480
00631L,元大台灣50正2,4,0,4,福邦證券,2023-09-07,6480
2436,偉詮電,5,1,4,福邦證券,2023-09-07,6480
3017,奇鋐,4,0,4,福邦證券,2023-09-07,6480
3443,創意,7,3,4,福邦證券,2023-09-07,6480
2392,正崴,625,0,625,福邦證券,2023-09-08,6480
2883,凱基金,300,3,297,福邦證券,2023-09-08,6480
4960,誠美材,205,0,205,福邦證券,2023-09-08,6480
00664R,國泰臺灣加權反1,200,0,200,福邦證券,2023-09-08,6480
2454,聯發科,200,0,200,福邦證券,2023-09-08,6480
2402,毅嘉,236,80,156,福邦證券,2023-09-08,6480
00632R,元大台灣50反1,200,60,140,福邦證券,2023-09-08,6480
1457,宜進,77,0,77,福邦證券,2023-09-08,6480
6202,盛群,50,0,50,福邦證券,2023-09-08,6480
6274,台燿,47,1,46,福邦證券,2023-09-08,6480
3548,兆利,39,1,38,福邦證券,2023-09-08,6480
6741,91APP*-KY,63,25,38,福邦證券,2023-09-08,6480
2486,一詮,56,23,33,福邦證券,2023-09-08,6480
1560,中砂,30,0,30,福邦證券,2023-09-08,6480
3289,宜特,30,0,30,福邦證券,2023-09-08,6480
4916,事欣科,30,0,30,福邦證券,2023-09-08,6480
6182,合晶,26,0,26,福邦證券,2023-09-08,6480
3715,定穎投控,124,100,24,福邦證券,2023-09-08,6480
00919,群益台灣精選高息,26,5,21,福邦證券,2023-09-08,6480
2355,敬鵬,20,0,20,福邦證券,2023-09-08,6480
6288,聯嘉,20,0,20,福邦證券,2023-09-08,6480
2457,飛宏,14,0,14,福邦證券,2023-09-08,6480
2371,大同,13,0,13,福邦證券,2023-09-08,6480
2059,川湖,11,0,11,福邦證券,2023-09-08,6480
2834,臺企銀,11,0,11,福邦證券,2023-09-08,6480
1802,台玻,10,0,10,福邦證券,2023-09-08,6480
00650L,復華香港正2,10,0,10,福邦證券,2023-09-08,6480
00929,復華台灣科技優息,10,0,10,福邦證券,2023-09-08,6480
2228,劍麟,10,0,10,福邦證券,2023-09-08,6480
6417,韋僑,10,0,10,福邦證券,2023-09-08,6480
2363,矽統,9,0,9,福邦證券,2023-09-08,6480
8442,威宏-KY,17,8,9,福邦證券,2023-09-08,6480
1438,三地開發,8,0,8,福邦證券,2023-09-08,6480
8210,勤誠,9,1,8,福邦證券,2023-09-08,6480
2618,長榮航,8,1,7,福邦證券,2023-09-08,6480
3013,晟銘電,7,0,7,福邦證券,2023-09-08,6480
2380,虹光,6,0,6,福邦證券,2023-09-08,6480
4164,承業醫,6,0,6,福邦證券,2023-09-08,6480
6282,康舒,6,0,6,福邦證券,2023-09-08,6480
6213,聯茂,12,6,6,福邦證券,2023-09-08,6480
3706,神達,5,0,5,福邦證券,2023-09-08,6480
1210,大成,5,0,5,福邦證券,2023-09-08,6480
2421,建準,5,0,5,福邦證券,2023-09-08,6480
4763,材料-KY,7,2,5,福邦證券,2023-09-08,6480
8299,群聯,9,5,4,福邦證券,2023-09-08,6480
1522,堤維西,7,3,4,福邦證券,2023-09-08,6480
2634,漢翔,5,1,4,福邦證券,2023-09-08,6480
2891,中信金,10,6,4,福邦證券,2023-09-08,6480
6214,精誠,4,0,4,福邦證券,2023-09-08,6480
6414,樺漢,4,0,4,福邦證券,2023-09-08,6480
4960,誠美材,970,0,970,福邦證券,2023-09-11,6480
2392,正崴,956,0,956,福邦證券,2023-09-11,6480
2368,金像電,161,0,161,福邦證券,2023-09-11,6480
00919,群益台灣精選高息,130,5,125,福邦證券,2023-09-11,6480
0056,元大高股息,122,0,122,福邦證券,2023-09-11,6480
1605,華新,106,0,106,福邦證券,2023-09-11,6480
3289,宜特,90,0,90,福邦證券,2023-09-11,6480
2634,漢翔,82,4,78,福邦證券,2023-09-11,6480
00632R,元大台灣50反1,80,30,50,福邦證券,2023-09-11,6480
00891,中信關鍵半導體,50,0,50,福邦證券,2023-09-11,6480
5284,jpp-KY,50,0,50,福邦證券,2023-09-11,6480
00795B,中信美國公債20年,42,0,42,福邦證券,2023-09-11,6480
4977,眾達-KY,36,1,35,福邦證券,2023-09-11,6480
00929,復華台灣科技優息,32,0,32,福邦證券,2023-09-11,6480
00772B,中信高評級公司債,31,0,31,福邦證券,2023-09-11,6480
8358,金居,31,0,31,福邦證券,2023-09-11,6480
00931B,統一美債20年,30,0,30,福邦證券,2023-09-11,6480
00751B,元大AAA至A公司債,29,0,29,福邦證券,2023-09-11,6480
2204,中華,26,0,26,福邦證券,2023-09-11,6480
8069,元太,25,0,25,福邦證券,2023-09-11,6480
3653,健策,20,0,20,福邦證券,2023-09-11,6480
6213,聯茂,20,0,20,福邦證券,2023-09-11,6480
00764B,群益25年美債,17,0,17,福邦證券,2023-09-11,6480
3548,兆利,29,13,16,福邦證券,2023-09-11,6480
2369,菱生,55,40,15,福邦證券,2023-09-11,6480
2465,麗臺,15,0,15,福邦證券,2023-09-11,6480
6873,泓德能源,14,0,14,福邦證券,2023-09-11,6480
2059,川湖,13,0,13,福邦證券,2023-09-11,6480
2436,偉詮電,12,0,12,福邦證券,2023-09-11,6480
2888,新光金,12,0,12,福邦證券,2023-09-11,6480
2906,高林,11,0,11,福邦證券,2023-09-11,6480
3363,上詮,16,5,11,福邦證券,2023-09-11,6480
8906,花王,11,0,11,福邦證券,2023-09-11,6480
2228,劍麟,10,0,10,福邦證券,2023-09-11,6480
2371,大同,10,0,10,福邦證券,2023-09-11,6480
2380,虹光,10,0,10,福邦證券,2023-09-11,6480
2516,新建,10,0,10,福邦證券,2023-09-11,6480
3115,富榮綱,10,0,10,福邦證券,2023-09-11,6480
3264,欣銓,10,0,10,福邦證券,2023-09-11,6480
3346,麗清,10,0,10,福邦證券,2023-09-11,6480
5381,合正,15,5,10,福邦證券,2023-09-11,6480
5452,佶優,10,0,10,福邦證券,2023-09-11,6480
6161,捷波,10,0,10,福邦證券,2023-09-11,6480
2338,光罩,10,2,8,福邦證券,2023-09-11,6480
3479,安勤,8,0,8,福邦證券,2023-09-11,6480
00757,統一FANG+,7,0,7,福邦證券,2023-09-11,6480
2301,光寶科,10,3,7,福邦證券,2023-09-11,6480
2363,矽統,18,11,7,福邦證券,2023-09-11,6480
1532,勤美,6,0,6,福邦證券,2023-09-11,6480
00932,兆豐永續高息等權,6,0,6,福邦證券,2023-09-11,6480
4960,誠美材,879,0,879,福邦證券,2023-09-12,6480
2392,正崴,498,0,498,福邦證券,2023-09-12,6480
3325,旭品,270,0,270,福邦證券,2023-09-12,6480
2379,瑞昱,74,0,74,福邦證券,2023-09-12,6480
1316,上曜,70,0,70,福邦證券,2023-09-12,6480
6741,91APP*-KY,56,0,56,福邦證券,2023-09-12,6480
00664R,國泰臺灣加權反1,40,0,40,福邦證券,2023-09-12,6480
2883,凱基金,40,0,40,福邦證券,2023-09-12,6480
3078,僑威,37,2,35,福邦證券,2023-09-12,6480
2395,研華,32,0,32,福邦證券,2023-09-12,6480
1528,恩德,30,0,30,福邦證券,2023-09-12,6480
00632R,元大台灣50反1,30,0,30,福邦證券,2023-09-12,6480
2405,輔信,25,0,25,福邦證券,2023-09-12,6480
2438,翔耀,22,0,22,福邦證券,2023-09-12,6480
6282,康舒,29,8,21,福邦證券,2023-09-12,6480
2881,富邦金,20,0,20,福邦證券,2023-09-12,6480
6120,達運,40,20,20,福邦證券,2023-09-12,6480
00919,群益台灣精選高息,19,4,15,福邦證券,2023-09-12,6480
2376,技嘉,94,79,15,福邦證券,2023-09-12,6480
6170,統振,15,0,15,福邦證券,2023-09-12,6480
1476,儒鴻,14,0,14,福邦證券,2023-09-12,6480
00878,國泰永續高股息,14,0,14,福邦證券,2023-09-12,6480
00751B,元大AAA至A公司債,14,0,14,福邦證券,2023-09-12,6480
2538,基泰,15,1,14,福邦證券,2023-09-12,6480
4977,眾達-KY,14,0,14,福邦證券,2023-09-12,6480
00720B,元大投資級公司債,11,0,11,福邦證券,2023-09-12,6480
5284,jpp-KY,11,0,11,福邦證券,2023-09-12,6480
1710,東聯,10,0,10,福邦證券,2023-09-12,6480
00687B,國泰20年美債,10,0,10,福邦證券,2023-09-12,6480
00650L,復華香港正2,15,5,10,福邦證券,2023-09-12,6480
01003T,兆豐新光R1,10,0,10,福邦證券,2023-09-12,6480
2301,光寶科,10,0,10,福邦證券,2023-09-12,6480
4938,和碩,11,1,10,福邦證券,2023-09-12,6480
8069,元太,11,1,10,福邦證券,2023-09-12,6480
2888,新光金,20,12,8,福邦證券,2023-09-12,6480
3260,威剛,20,12,8,福邦證券,2023-09-12,6480
4706,大恭,8,0,8,福邦證券,2023-09-12,6480
4967,十銓,13,6,7,福邦證券,2023-09-12,6480
6585,鼎基,7,0,7,福邦證券,2023-09-12,6480
8081,致新,7,0,7,福邦證券,2023-09-12,6480
00931B,統一美債20年,6,0,6,福邦證券,2023-09-12,6480
2027,大成鋼,6,0,6,福邦證券,2023-09-12,6480
2382,廣達,11,5,6,福邦證券,2023-09-12,6480
4564,元翎,6,0,6,福邦證券,2023-09-12,6480
6265,方土昶,6,0,6,福邦證券,2023-09-12,6480
6488,環球晶,6,0,6,福邦證券,2023-09-12,6480
1217,愛之味,5,0,5,福邦證券,2023-09-12,6480
2105,正新,5,0,5,福邦證券,2023-09-12,6480
2347,聯強,5,0,5,福邦證券,2023-09-12,6480
2357,華碩,9,4,5,福邦證券,2023-09-12,6480
2392,正崴,1019,0,1019,福邦證券,2023-09-13,6480
3325,旭品,335,0,335,福邦證券,2023-09-13,6480
6741,91APP*-KY,81,0,81,福邦證券,2023-09-13,6480
2355,敬鵬,62,12,50,福邦證券,2023-09-13,6480
4977,眾達-KY,50,0,50,福邦證券,2023-09-13,6480
3289,宜特,30,0,30,福邦證券,2023-09-13,6480
3704,合勤控,21,0,21,福邦證券,2023-09-13,6480
00751B,元大AAA至A公司債,20,0,20,福邦證券,2023-09-13,6480
3078,僑威,20,0,20,福邦證券,2023-09-13,6480
1717,長興,15,0,15,福邦證券,2023-09-13,6480
2104,國際中橡,15,0,15,福邦證券,2023-09-13,6480
3227,原相,18,3,15,福邦證券,2023-09-13,6480
6026,福邦證,15,1,14,福邦證券,2023-09-13,6480
6282,康舒,13,2,11,福邦證券,2023-09-13,6480
00655L,國泰中國A50正2,10,0,10,福邦證券,2023-09-13,6480
00632R,元大台灣50反1,10,0,10,福邦證券,2023-09-13,6480
2328,廣宇,10,0,10,福邦證券,2023-09-13,6480
2387,精元,60,50,10,福邦證券,2023-09-13,6480
2438,翔耀,10,0,10,福邦證券,2023-09-13,6480
3576,聯合再生,10,0,10,福邦證券,2023-09-13,6480
8222,寶一,10,0,10,福邦證券,2023-09-13,6480
8906,花王,10,0,10,福邦證券,2023-09-13,6480
2369,菱生,31,22,9,福邦證券,2023-09-13,6480
00929,復華台灣科技優息,8,0,8,福邦證券,2023-09-13,6480
4763,材料-KY,10,2,8,福邦證券,2023-09-13,6480
8213,志超,8,0,8,福邦證券,2023-09-13,6480
6220,岳豐,6,0,6,福邦證券,2023-09-13,6480
006208,富邦台50,5,0,5,福邦證券,2023-09-13,6480
00688L,國泰20年美債正2,5,0,5,福邦證券,2023-09-13,6480
1472,三洋實業,5,0,5,福邦證券,2023-09-13,6480
2401,凌陽,5,0,5,福邦證券,2023-09-13,6480
2405,輔信,5,0,5,福邦證券,2023-09-13,6480
2421,建準,6,1,5,福邦證券,2023-09-13,6480
2497,怡利電,13,8,5,福邦證券,2023-09-13,6480
3115,富榮綱,5,0,5,福邦證券,2023-09-13,6480
3444,利機,5,0,5,福邦證券,2023-09-13,6480
3587,閎康,5,0,5,福邦證券,2023-09-13,6480
4584,君帆,5,0,5,福邦證券,2023-09-13,6480
8358,金居,5,0,5,福邦證券,2023-09-13,6480
9904,寶成,5,0,5,福邦證券,2023-09-13,6480
1612,宏泰,4,0,4,福邦證券,2023-09-13,6480
1709,和益,4,0,4,福邦證券,2023-09-13,6480
1471,首利,5,1,4,福邦證券,2023-09-13,6480
2059,川湖,4,0,4,福邦證券,2023-09-13,6480
2481,強茂,4,0,4,福邦證券,2023-09-13,6480
2538,基泰,4,0,4,福邦證券,2023-09-13,6480
8046,南電,4,0,4,福邦證券,2023-09-13,6480
1532,勤美,3,0,3,福邦證券,2023-09-13,6480
00878,國泰永續高股息,3,0,3,福邦證券,2023-09-13,6480
00919,群益台灣精選高息,3,0,3,福邦證券,2023-09-13,6480
3715,定穎投控,200,39,161,福邦證券,2023-09-14,6480
6770,力積電,150,0,150,福邦證券,2023-09-14,6480
2388,威盛,150,4,146,福邦證券,2023-09-14,6480
8299,群聯,120,15,105,福邦證券,2023-09-14,6480
8227,巨有科技,100,0,100,福邦證券,2023-09-14,6480
2316,楠梓電,60,0,60,福邦證券,2023-09-14,6480
6451,訊芯-KY,60,0,60,福邦證券,2023-09-14,6480
2201,裕隆,51,1,50,福邦證券,2023-09-14,6480
2462,良得電,50,0,50,福邦證券,2023-09-14,6480
1532,勤美,45,0,45,福邦證券,2023-09-14,6480
4908,前鼎,30,0,30,福邦證券,2023-09-14,6480
2337,旺宏,21,0,21,福邦證券,2023-09-14,6480
2409,友達,35,15,20,福邦證券,2023-09-14,6480
2313,華通,25,6,19,福邦證券,2023-09-14,6480
2236,百達-KY,20,3,17,福邦證券,2023-09-14,6480
3363,上詮,42,25,17,福邦證券,2023-09-14,6480
6669,緯穎,18,1,17,福邦證券,2023-09-14,6480
3006,晶豪科,17,2,15,福邦證券,2023-09-14,6480
3587,閎康,15,0,15,福邦證券,2023-09-14,6480
6220,岳豐,15,0,15,福邦證券,2023-09-14,6480
2371,大同,30,17,13,福邦證券,2023-09-14,6480
2301,光寶科,11,0,11,福邦證券,2023-09-14,6480
00929,復華台灣科技優息,11,1,10,福邦證券,2023-09-14,6480
2356,英業達,10,0,10,福邦證券,2023-09-14,6480
2867,三商壽,10,0,10,福邦證券,2023-09-14,6480
3005,神基,12,2,10,福邦證券,2023-09-14,6480
3178,公準,10,0,10,福邦證券,2023-09-14,6480
3260,威剛,30,20,10,福邦證券,2023-09-14,6480
4510,高鋒,10,0,10,福邦證券,2023-09-14,6480
6426,統新,10,0,10,福邦證券,2023-09-14,6480
6690,安�硌穈T,10,0,10,福邦證券,2023-09-14,6480
9958,世紀鋼,10,1,9,福邦證券,2023-09-14,6480
2427,三商電,8,0,8,福邦證券,2023-09-14,6480
4763,材料-KY,9,1,8,福邦證券,2023-09-14,6480
6870,騰雲,8,0,8,福邦證券,2023-09-14,6480
1612,宏泰,12,7,5,福邦證券,2023-09-14,6480
1568,倉佑,5,0,5,福邦證券,2023-09-14,6480
2357,華碩,5,0,5,福邦證券,2023-09-14,6480
2618,長榮航,5,0,5,福邦證券,2023-09-14,6480
2637,慧洋-KY,6,1,5,福邦證券,2023-09-14,6480
2812,台中銀,5,0,5,福邦證券,2023-09-14,6480
3115,富榮綱,5,0,5,福邦證券,2023-09-14,6480
3567,逸昌,5,0,5,福邦證券,2023-09-14,6480
6291,沛亨,5,0,5,福邦證券,2023-09-14,6480
2485,兆赫,5,1,4,福邦證券,2023-09-14,6480
3264,欣銓,4,0,4,福邦證券,2023-09-14,6480
3450,聯鈞,6,2,4,福邦證券,2023-09-14,6480
3661,世芯-KY,4,0,4,福邦證券,2023-09-14,6480
3680,家登,5,1,4,福邦證券,2023-09-14,6480
6679,鈺太,4,0,4,福邦證券,2023-09-14,6480
6274,台燿,755,59,696,福邦證券,2023-09-15,6480
2388,威盛,502,152,350,福邦證券,2023-09-15,6480
6285,啟��,158,0,158,福邦證券,2023-09-15,6480
6223,旺矽,72,0,72,福邦證券,2023-09-15,6480
6870,騰雲,62,0,62,福邦證券,2023-09-15,6480
2462,良得電,47,1,46,福邦證券,2023-09-15,6480
6026,福邦證,35,0,35,福邦證券,2023-09-15,6480
2376,技嘉,30,0,30,福邦證券,2023-09-15,6480
2409,友達,40,10,30,福邦證券,2023-09-15,6480
2883,凱基金,45,15,30,福邦證券,2023-09-15,6480
6220,岳豐,29,0,29,福邦證券,2023-09-15,6480
00919,群益台灣精選高息,26,0,26,福邦證券,2023-09-15,6480
00929,復華台灣科技優息,26,0,26,福邦證券,2023-09-15,6480
3548,兆利,22,0,22,福邦證券,2023-09-15,6480
1609,大亞,20,0,20,福邦證券,2023-09-15,6480
1528,恩德,20,0,20,福邦證券,2023-09-15,6480
1514,亞力,20,0,20,福邦證券,2023-09-15,6480
2634,漢翔,22,6,16,福邦證券,2023-09-15,6480
4763,材料-KY,18,2,16,福邦證券,2023-09-15,6480
00795B,中信美國公債20年,14,0,14,福邦證券,2023-09-15,6480
1522,堤維西,38,26,12,福邦證券,2023-09-15,6480
3443,創意,11,0,11,福邦證券,2023-09-15,6480
6189,豐藝,11,0,11,福邦證券,2023-09-15,6480
00696B,富邦美債20年,10,0,10,福邦證券,2023-09-15,6480
1717,長興,10,0,10,福邦證券,2023-09-15,6480
2002,中鋼,10,0,10,福邦證券,2023-09-15,6480
2236,百達-KY,10,0,10,福邦證券,2023-09-15,6480
1301,台塑,13,4,9,福邦證券,2023-09-15,6480
2888,新光金,10,1,9,福邦證券,2023-09-15,6480
5309,系統電,9,0,9,福邦證券,2023-09-15,6480
6609,瀧澤科,9,0,9,福邦證券,2023-09-15,6480
2371,大同,20,12,8,福邦證券,2023-09-15,6480
5439,高技,8,0,8,福邦證券,2023-09-15,6480
00931B,統一美債20年,7,0,7,福邦證券,2023-09-15,6480
2834,臺企銀,5,0,5,福邦證券,2023-09-15,6480
2891,中信金,5,0,5,福邦證券,2023-09-15,6480
3227,原相,12,7,5,福邦證券,2023-09-15,6480
3260,威剛,9,4,5,福邦證券,2023-09-15,6480
4128,中天,5,0,5,福邦證券,2023-09-15,6480
8076,伍豐,5,0,5,福邦證券,2023-09-15,6480
00764B,群益25年美債,4,0,4,福邦證券,2023-09-15,6480
3141,晶宏,4,0,4,福邦證券,2023-09-15,6480
4105,東洋,4,0,4,福邦證券,2023-09-15,6480
4746,台耀,5,1,4,福邦證券,2023-09-15,6480
5469,瀚宇博,4,0,4,福邦證券,2023-09-15,6480
6202,盛群,4,0,4,福邦證券,2023-09-15,6480
8046,南電,4,1,3,福邦證券,2023-09-15,6480
00918,大華優利高填息30,3,0,3,福邦證券,2023-09-15,6480
1472,三洋實業,3,0,3,福邦證券,2023-09-15,6480
1605,華新,3,0,3,福邦證券,2023-09-15,6480
3481,群創,3489,0,3489,福邦證券,2023-09-18,6480
00687B,國泰20年美債,1441,0,1441,福邦證券,2023-09-18,6480
2633,台灣高鐵,150,0,150,福邦證券,2023-09-18,6480
3037,欣興,153,10,143,福邦證券,2023-09-18,6480
3006,晶豪科,143,2,141,福邦證券,2023-09-18,6480
3044,健鼎,101,0,101,福邦證券,2023-09-18,6480
00881,國泰台灣5G+,100,0,100,福邦證券,2023-09-18,6480
00795B,中信美國公債20年,60,0,60,福邦證券,2023-09-18,6480
2486,一詮,71,23,48,福邦證券,2023-09-18,6480
00751B,元大AAA至A公司債,46,0,46,福邦證券,2023-09-18,6480
2034,允強,36,0,36,福邦證券,2023-09-18,6480
2059,川湖,38,4,34,福邦證券,2023-09-18,6480
9958,世紀鋼,86,55,31,福邦證券,2023-09-18,6480
00692,富邦公司治理,30,0,30,福邦證券,2023-09-18,6480
6235,華孚,30,0,30,福邦證券,2023-09-18,6480
4763,材料-KY,32,3,29,福邦證券,2023-09-18,6480
2538,基泰,24,0,24,福邦證券,2023-09-18,6480
2201,裕隆,23,0,23,福邦證券,2023-09-18,6480
5269,祥碩,21,0,21,福邦證券,2023-09-18,6480
00772B,中信高評級公司債,20,0,20,福邦證券,2023-09-18,6480
00696B,富邦美債20年,20,0,20,福邦證券,2023-09-18,6480
5225,東科-KY,20,0,20,福邦證券,2023-09-18,6480
8358,金居,21,1,20,福邦證券,2023-09-18,6480
00931B,統一美債20年,18,0,18,福邦證券,2023-09-18,6480
2382,廣達,23,7,16,福邦證券,2023-09-18,6480
4128,中天,16,0,16,福邦證券,2023-09-18,6480
2105,正新,15,0,15,福邦證券,2023-09-18,6480
2618,長榮航,16,1,15,福邦證券,2023-09-18,6480
3715,定穎投控,17,2,15,福邦證券,2023-09-18,6480
6417,韋僑,15,0,15,福邦證券,2023-09-18,6480
00764B,群益25年美債,13,0,13,福邦證券,2023-09-18,6480
3324,雙鴻,14,2,12,福邦證券,2023-09-18,6480
00878,國泰永續高股息,11,0,11,福邦證券,2023-09-18,6480
2380,虹光,11,0,11,福邦證券,2023-09-18,6480
3141,晶宏,11,0,11,福邦證券,2023-09-18,6480
1514,亞力,10,0,10,福邦證券,2023-09-18,6480
1301,台塑,10,0,10,福邦證券,2023-09-18,6480
2364,倫飛,10,0,10,福邦證券,2023-09-18,6480
6189,豐藝,10,0,10,福邦證券,2023-09-18,6480
8906,花王,10,0,10,福邦證券,2023-09-18,6480
00720B,元大投資級公司債,9,0,9,福邦證券,2023-09-18,6480
3221,台嘉碩,8,0,8,福邦證券,2023-09-18,6480
4908,前鼎,10,2,8,福邦證券,2023-09-18,6480
4979,華星光,57,49,8,福邦證券,2023-09-18,6480
5608,四維航,10,2,8,福邦證券,2023-09-18,6480
6282,康舒,18,10,8,福邦證券,2023-09-18,6480
2634,漢翔,7,0,7,福邦證券,2023-09-18,6480
3081,聯亞,7,0,7,福邦證券,2023-09-18,6480
00929,復華台灣科技優息,22,16,6,福邦證券,2023-09-18,6480
1522,堤維西,14,8,6,福邦證券,2023-09-18,6480
6274,台燿,182,1,181,福邦證券,2023-09-19,6480
2308,台達電,171,0,171,福邦證券,2023-09-19,6480
2462,良得電,147,3,144,福邦證券,2023-09-19,6480
1514,亞力,102,1,101,福邦證券,2023-09-19,6480
2353,宏��,100,0,100,福邦證券,2023-09-19,6480
5483,中美晶,103,7,96,福邦證券,2023-09-19,6480
3689,湧德,91,1,90,福邦證券,2023-09-19,6480
2382,廣達,72,11,61,福邦證券,2023-09-19,6480
2633,台灣高鐵,60,0,60,福邦證券,2023-09-19,6480
6164,華興,60,0,60,福邦證券,2023-09-19,6480
6488,環球晶,40,3,37,福邦證券,2023-09-19,6480
3023,信邦,34,0,34,福邦證券,2023-09-19,6480
6901,鑽石投資,41,10,31,福邦證券,2023-09-19,6480
3265,台星科,33,3,30,福邦證券,2023-09-19,6480
6279,胡連,30,0,30,福邦證券,2023-09-19,6480
2395,研華,29,0,29,福邦證券,2023-09-19,6480
2313,華通,52,24,28,福邦證券,2023-09-19,6480
4164,承業醫,25,0,25,福邦證券,2023-09-19,6480
1476,儒鴻,24,0,24,福邦證券,2023-09-19,6480
2392,正崴,24,0,24,福邦證券,2023-09-19,6480
2486,一詮,24,0,24,福邦證券,2023-09-19,6480
6026,福邦證,52,30,22,福邦證券,2023-09-19,6480
8046,南電,21,0,21,福邦證券,2023-09-19,6480
8299,群聯,20,0,20,福邦證券,2023-09-19,6480
4942,嘉彰,20,0,20,福邦證券,2023-09-19,6480
3141,晶宏,19,0,19,福邦證券,2023-09-19,6480
2201,裕隆,30,13,17,福邦證券,2023-09-19,6480
2371,大同,18,1,17,福邦證券,2023-09-19,6480
2376,技嘉,22,5,17,福邦證券,2023-09-19,6480
3693,營邦,16,0,16,福邦證券,2023-09-19,6480
8085,福華,16,0,16,福邦證券,2023-09-19,6480
3257,虹冠電,15,0,15,福邦證券,2023-09-19,6480
8034,榮群,15,0,15,福邦證券,2023-09-19,6480
2331,精英,14,0,14,福邦證券,2023-09-19,6480
2883,凱基金,13,0,13,福邦證券,2023-09-19,6480
8358,金居,12,1,11,福邦證券,2023-09-19,6480
2413,環科,10,0,10,福邦證券,2023-09-19,6480
2538,基泰,10,0,10,福邦證券,2023-09-19,6480
3035,智原,14,4,10,福邦證券,2023-09-19,6480
3663,鑫科,10,0,10,福邦證券,2023-09-19,6480
8112,至上,10,0,10,福邦證券,2023-09-19,6480
2380,虹光,9,0,9,福邦證券,2023-09-19,6480
2455,全新,9,0,9,福邦證券,2023-09-19,6480
3675,德微,9,0,9,福邦證券,2023-09-19,6480
00932,兆豐永續高息等權,8,0,8,福邦證券,2023-09-19,6480
3221,台嘉碩,8,0,8,福邦證券,2023-09-19,6480
6799,來頡,8,0,8,福邦證券,2023-09-19,6480
8222,寶一,8,0,8,福邦證券,2023-09-19,6480
00929,復華台灣科技優息,7,0,7,福邦證券,2023-09-19,6480
2228,劍麟,6,0,6,福邦證券,2023-09-19,6480
3707,漢磊,350,20,330,福邦證券,2023-09-20,6480
2462,良得電,255,2,253,福邦證券,2023-09-20,6480
6274,台燿,240,22,218,福邦證券,2023-09-20,6480
5483,中美晶,110,0,110,福邦證券,2023-09-20,6480
2409,友達,110,10,100,福邦證券,2023-09-20,6480
2376,技嘉,115,40,75,福邦證券,2023-09-20,6480
3289,宜特,75,0,75,福邦證券,2023-09-20,6480
2892,第一金,52,0,52,福邦證券,2023-09-20,6480
2486,一詮,48,2,46,福邦證券,2023-09-20,6480
3231,緯創,44,2,42,福邦證券,2023-09-20,6480
5439,高技,40,0,40,福邦證券,2023-09-20,6480
2614,東森,40,0,40,福邦證券,2023-09-20,6480
2371,大同,30,0,30,福邦證券,2023-09-20,6480
2383,台光電,30,0,30,福邦證券,2023-09-20,6480
6290,良維,30,0,30,福邦證券,2023-09-20,6480
2368,金像電,28,1,27,福邦證券,2023-09-20,6480
00921,兆豐龍頭等權重,21,0,21,福邦證券,2023-09-20,6480
2903,遠百,21,0,21,福邦證券,2023-09-20,6480
00696B,富邦美債20年,20,0,20,福邦證券,2023-09-20,6480
8071,能率網通,20,0,20,福邦證券,2023-09-20,6480
9939,宏全,20,0,20,福邦證券,2023-09-20,6480
3557,嘉威,18,0,18,福邦證券,2023-09-20,6480
4763,材料-KY,18,2,16,福邦證券,2023-09-20,6480
3702,大聯大,65,50,15,福邦證券,2023-09-20,6480
5284,jpp-KY,15,0,15,福邦證券,2023-09-20,6480
3035,智原,15,2,13,福邦證券,2023-09-20,6480
4906,正文,13,0,13,福邦證券,2023-09-20,6480
1605,華新,15,3,12,福邦證券,2023-09-20,6480
00751B,元大AAA至A公司債,12,0,12,福邦證券,2023-09-20,6480
2301,光寶科,18,6,12,福邦證券,2023-09-20,6480
2382,廣達,19,7,12,福邦證券,2023-09-20,6480
3706,神達,22,10,12,福邦證券,2023-09-20,6480
00679B,元大美債20年,211,200,11,福邦證券,2023-09-20,6480
00673R,期元大S＆P原油反1,11,0,11,福邦證券,2023-09-20,6480
2906,高林,11,0,11,福邦證券,2023-09-20,6480
1584,精剛,10,0,10,福邦證券,2023-09-20,6480
00919,群益台灣精選高息,10,0,10,福邦證券,2023-09-20,6480
1217,愛之味,10,0,10,福邦證券,2023-09-20,6480
1210,大成,10,0,10,福邦證券,2023-09-20,6480
2228,劍麟,10,0,10,福邦證券,2023-09-20,6480
2354,鴻準,10,0,10,福邦證券,2023-09-20,6480
2603,長榮,10,0,10,福邦證券,2023-09-20,6480
2834,臺企銀,10,0,10,福邦證券,2023-09-20,6480
3710,連展投控,10,0,10,福邦證券,2023-09-20,6480
6176,瑞儀,10,0,10,福邦證券,2023-09-20,6480
6279,胡連,10,0,10,福邦證券,2023-09-20,6480
6546,正基,10,0,10,福邦證券,2023-09-20,6480
8906,花王,10,0,10,福邦證券,2023-09-20,6480
3141,晶宏,9,0,9,福邦證券,2023-09-20,6480
2363,矽統,13,6,7,福邦證券,2023-09-20,6480
4960,誠美材,1835,0,1835,福邦證券,2023-09-21,6480
4979,華星光,340,97,243,福邦證券,2023-09-21,6480
00929,復華台灣科技優息,122,10,112,福邦證券,2023-09-21,6480
00881,國泰台灣5G+,100,0,100,福邦證券,2023-09-21,6480
00891,中信關鍵半導體,100,7,93,福邦證券,2023-09-21,6480
3231,緯創,105,51,54,福邦證券,2023-09-21,6480
00692,富邦公司治理,50,0,50,福邦證券,2023-09-21,6480
2883,凱基金,49,0,49,福邦證券,2023-09-21,6480
3289,宜特,45,0,45,福邦證券,2023-09-21,6480
2888,新光金,42,0,42,福邦證券,2023-09-21,6480
00696B,富邦美債20年,40,0,40,福邦證券,2023-09-21,6480
3710,連展投控,38,0,38,福邦證券,2023-09-21,6480
5225,東科-KY,35,0,35,福邦證券,2023-09-21,6480
8069,元太,31,0,31,福邦證券,2023-09-21,6480
2618,長榮航,24,1,23,福邦證券,2023-09-21,6480
00753L,中信中國50正2,20,0,20,福邦證券,2023-09-21,6480
2707,晶華,20,0,20,福邦證券,2023-09-21,6480
2887,台新金,20,0,20,福邦證券,2023-09-21,6480
4564,元翎,20,0,20,福邦證券,2023-09-21,6480
5452,佶優,20,0,20,福邦證券,2023-09-21,6480
6679,鈺太,25,5,20,福邦證券,2023-09-21,6480
6531,愛普*,23,6,17,福邦證券,2023-09-21,6480
2236,百達-KY,15,0,15,福邦證券,2023-09-21,6480
3141,晶宏,15,0,15,福邦證券,2023-09-21,6480
1504,東元,15,1,14,福邦證券,2023-09-21,6480
00795B,中信美國公債20年,23,10,13,福邦證券,2023-09-21,6480
2891,中信金,13,0,13,福邦證券,2023-09-21,6480
3630,新鉅科,12,0,12,福邦證券,2023-09-21,6480
2027,大成鋼,11,0,11,福邦證券,2023-09-21,6480
00919,群益台灣精選高息,11,0,11,福邦證券,2023-09-21,6480
2331,精英,11,0,11,福邦證券,2023-09-21,6480
3078,僑威,11,0,11,福邦證券,2023-09-21,6480
4763,材料-KY,12,1,11,福邦證券,2023-09-21,6480
5483,中美晶,11,0,11,福邦證券,2023-09-21,6480
1210,大成,10,0,10,福邦證券,2023-09-21,6480
2387,精元,10,0,10,福邦證券,2023-09-21,6480
6189,豐藝,10,0,10,福邦證券,2023-09-21,6480
6279,胡連,10,0,10,福邦證券,2023-09-21,6480
6762,達亞,10,0,10,福邦證券,2023-09-21,6480
8906,花王,10,0,10,福邦證券,2023-09-21,6480
2301,光寶科,10,1,9,福邦證券,2023-09-21,6480
2399,映泰,8,0,8,福邦證券,2023-09-21,6480
2610,華航,8,0,8,福邦證券,2023-09-21,6480
2834,臺企銀,8,0,8,福邦證券,2023-09-21,6480
4961,天鈺,9,1,8,福邦證券,2023-09-21,6480
6235,華孚,10,2,8,福邦證券,2023-09-21,6480
6870,騰雲,8,0,8,福邦證券,2023-09-21,6480
2201,裕隆,7,0,7,福邦證券,2023-09-21,6480
2376,技嘉,9,2,7,福邦證券,2023-09-21,6480
4906,正文,8,1,7,福邦證券,2023-09-21,6480
2303,聯電,300,0,300,福邦證券,2023-09-22,6480
6202,盛群,145,0,145,福邦證券,2023-09-22,6480
3325,旭品,139,1,138,福邦證券,2023-09-22,6480
4402,郡都開發,102,0,102,福邦證券,2023-09-22,6480
2382,廣達,104,7,97,福邦證券,2023-09-22,6480
3363,上詮,126,35,91,福邦證券,2023-09-22,6480
00696B,富邦美債20年,59,0,59,福邦證券,2023-09-22,6480
00795B,中信美國公債20年,48,0,48,福邦證券,2023-09-22,6480
00679B,元大美債20年,43,0,43,福邦證券,2023-09-22,6480
3548,兆利,126,84,42,福邦證券,2023-09-22,6480
00687B,國泰20年美債,40,0,40,福邦證券,2023-09-22,6480
2387,精元,30,0,30,福邦證券,2023-09-22,6480
8046,南電,32,2,30,福邦證券,2023-09-22,6480
6274,台燿,49,21,28,福邦證券,2023-09-22,6480
3163,波若威,26,5,21,福邦證券,2023-09-22,6480
5284,jpp-KY,20,0,20,福邦證券,2023-09-22,6480
8299,群聯,20,0,20,福邦證券,2023-09-22,6480
2634,漢翔,18,0,18,福邦證券,2023-09-22,6480
00751B,元大AAA至A公司債,17,0,17,福邦證券,2023-09-22,6480
00772B,中信高評級公司債,16,0,16,福邦證券,2023-09-22,6480
00931B,統一美債20年,15,0,15,福邦證券,2023-09-22,6480
4977,眾達-KY,15,0,15,福邦證券,2023-09-22,6480
6220,岳豐,15,0,15,福邦證券,2023-09-22,6480
00862B,中信投資級公司債,12,0,12,福邦證券,2023-09-22,6480
00720B,元大投資級公司債,13,1,12,福邦證券,2023-09-22,6480
00712,復華富時不動產,10,0,10,福邦證券,2023-09-22,6480
1109,信大,10,0,10,福邦證券,2023-09-22,6480
2228,劍麟,10,0,10,福邦證券,2023-09-22,6480
2360,致茂,10,0,10,福邦證券,2023-09-22,6480
2421,建準,10,0,10,福邦證券,2023-09-22,6480
2834,臺企銀,13,3,10,福邦證券,2023-09-22,6480
2887,台新金,10,0,10,福邦證券,2023-09-22,6480
5607,遠雄港,10,0,10,福邦證券,2023-09-22,6480
6189,豐藝,10,0,10,福邦證券,2023-09-22,6480
6257,矽格,10,0,10,福邦證券,2023-09-22,6480
8906,花王,10,0,10,福邦證券,2023-09-22,6480
00764B,群益25年美債,9,0,9,福邦證券,2023-09-22,6480
2211,長榮鋼,9,0,9,福邦證券,2023-09-22,6480
2891,中信金,18,9,9,福邦證券,2023-09-22,6480
4564,元翎,11,2,9,福邦證券,2023-09-22,6480
00929,復華台灣科技優息,58,50,8,福邦證券,2023-09-22,6480
3006,晶豪科,11,3,8,福邦證券,2023-09-22,6480
2308,台達電,7,1,6,福邦證券,2023-09-22,6480
2618,長榮航,6,0,6,福邦證券,2023-09-22,6480
00900,富邦特選高股息30,5,0,5,福邦證券,2023-09-22,6480
2301,光寶科,5,0,5,福邦證券,2023-09-22,6480
2368,金像電,6,1,5,福邦證券,2023-09-22,6480
3587,閎康,5,0,5,福邦證券,2023-09-22,6480
5452,佶優,5,0,5,福邦證券,2023-09-22,6480
6235,華孚,5,0,5,福邦證券,2023-09-22,6480
0056,元大高股息,454,4,450,福邦證券,2023-09-25,6480
4908,前鼎,202,2,200,福邦證券,2023-09-25,6480
2102,泰豐,90,0,90,福邦證券,2023-09-25,6480
00679B,元大美債20年,82,0,82,福邦證券,2023-09-25,6480
3491,昇達科,66,0,66,福邦證券,2023-09-25,6480
2387,精元,60,0,60,福邦證券,2023-09-25,6480
2458,義隆,60,0,60,福邦證券,2023-09-25,6480
2376,技嘉,70,11,59,福邦證券,2023-09-25,6480
1444,力麗,50,0,50,福邦證券,2023-09-25,6480
3205,佰研,49,0,49,福邦證券,2023-09-25,6480
3037,欣興,45,0,45,福邦證券,2023-09-25,6480
4138,曜亞,42,0,42,福邦證券,2023-09-25,6480
4542,科嶠,34,0,34,福邦證券,2023-09-25,6480
8084,巨虹,31,0,31,福邦證券,2023-09-25,6480
6197,佳必琪,50,20,30,福邦證券,2023-09-25,6480
6235,華孚,30,0,30,福邦證券,2023-09-25,6480
8046,南電,30,0,30,福邦證券,2023-09-25,6480
6271,同欣電,29,0,29,福邦證券,2023-09-25,6480
2327,國巨,25,0,25,福邦證券,2023-09-25,6480
2883,凱基金,25,3,22,福邦證券,2023-09-25,6480
00632R,元大台灣50反1,20,0,20,福邦證券,2023-09-25,6480
2515,中工,20,0,20,福邦證券,2023-09-25,6480
8906,花王,20,0,20,福邦證券,2023-09-25,6480
00680L,元大美債20正2,19,0,19,福邦證券,2023-09-25,6480
6213,聯茂,16,0,16,福邦證券,2023-09-25,6480
1717,長興,15,0,15,福邦證券,2023-09-25,6480
1710,東聯,15,0,15,福邦證券,2023-09-25,6480
2382,廣達,17,4,13,福邦證券,2023-09-25,6480
1586,和勤,17,5,12,福邦證券,2023-09-25,6480
2363,矽統,19,7,12,福邦證券,2023-09-25,6480
6220,岳豐,15,3,12,福邦證券,2023-09-25,6480
2104,國際中橡,10,0,10,福邦證券,2023-09-25,6480
2360,致茂,10,0,10,福邦證券,2023-09-25,6480
2371,大同,10,0,10,福邦證券,2023-09-25,6480
3017,奇鋐,21,11,10,福邦證券,2023-09-25,6480
4401,東隆興,10,0,10,福邦證券,2023-09-25,6480
6279,胡連,10,0,10,福邦證券,2023-09-25,6480
6530,創威,10,0,10,福邦證券,2023-09-25,6480
3615,安可,9,0,9,福邦證券,2023-09-25,6480
00929,復華台灣科技優息,13,5,8,福邦證券,2023-09-25,6480
1339,昭輝,7,0,7,福邦證券,2023-09-25,6480
2313,華通,7,0,7,福邦證券,2023-09-25,6480
1472,三洋實業,6,0,6,福邦證券,2023-09-25,6480
3450,聯鈞,6,0,6,福邦證券,2023-09-25,6480
5288,豐祥-KY,6,0,6,福邦證券,2023-09-25,6480
2301,光寶科,5,0,5,福邦證券,2023-09-25,6480
2867,三商壽,5,0,5,福邦證券,2023-09-25,6480
3035,智原,6,1,5,福邦證券,2023-09-25,6480
5289,宜鼎,5,0,5,福邦證券,2023-09-25,6480
5426,振發,5,0,5,福邦證券,2023-09-25,6480
8028,昇陽半導體,279,0,279,福邦證券,2023-09-26,6480
4961,天鈺,230,26,204,福邦證券,2023-09-26,6480
3325,旭品,99,0,99,福邦證券,2023-09-26,6480
00696B,富邦美債20年,80,0,80,福邦證券,2023-09-26,6480
5483,中美晶,75,0,75,福邦證券,2023-09-26,6480
00795B,中信美國公債20年,65,0,65,福邦證券,2023-09-26,6480
2102,泰豐,60,0,60,福邦證券,2023-09-26,6480
1476,儒鴻,48,0,48,福邦證券,2023-09-26,6480
2395,研華,48,0,48,福邦證券,2023-09-26,6480
3017,奇鋐,44,4,40,福邦證券,2023-09-26,6480
9945,潤泰新,34,0,34,福邦證券,2023-09-26,6480
00637L,元大滬深300正2,32,0,32,福邦證券,2023-09-26,6480
2303,聯電,30,0,30,福邦證券,2023-09-26,6480
1586,和勤,51,21,30,福邦證券,2023-09-26,6480
00929,復華台灣科技優息,28,6,22,福邦證券,2023-09-26,6480
2308,台達電,21,0,21,福邦證券,2023-09-26,6480
4564,元翎,20,0,20,福邦證券,2023-09-26,6480
3023,信邦,19,0,19,福邦證券,2023-09-26,6480
2368,金像電,26,10,16,福邦證券,2023-09-26,6480
3450,聯鈞,15,0,15,福邦證券,2023-09-26,6480
3548,兆利,97,82,15,福邦證券,2023-09-26,6480
2883,凱基金,23,9,14,福邦證券,2023-09-26,6480
3141,晶宏,14,0,14,福邦證券,2023-09-26,6480
3035,智原,13,1,12,福邦證券,2023-09-26,6480
2834,臺企銀,11,0,11,福邦證券,2023-09-26,6480
2881,富邦金,11,0,11,福邦證券,2023-09-26,6480
6235,華孚,11,0,11,福邦證券,2023-09-26,6480
2363,矽統,10,0,10,福邦證券,2023-09-26,6480
2610,華航,10,0,10,福邦證券,2023-09-26,6480
3037,欣興,11,1,10,福邦證券,2023-09-26,6480
3714,富采,10,0,10,福邦證券,2023-09-26,6480
8046,南電,10,0,10,福邦證券,2023-09-26,6480
8906,花王,10,0,10,福邦證券,2023-09-26,6480
00931B,統一美債20年,7,0,7,福邦證券,2023-09-26,6480
3481,群創,6,0,6,福邦證券,2023-09-26,6480
1524,耿鼎,16,10,6,福邦證券,2023-09-26,6480
5258,虹堡,7,1,6,福邦證券,2023-09-26,6480
00921,兆豐龍頭等權重,5,0,5,福邦證券,2023-09-26,6480
1101,台泥,5,0,5,福邦證券,2023-09-26,6480
00679B,元大美債20年,605,600,5,福邦證券,2023-09-26,6480
2301,光寶科,15,10,5,福邦證券,2023-09-26,6480
2360,致茂,5,0,5,福邦證券,2023-09-26,6480
2392,正崴,5,0,5,福邦證券,2023-09-26,6480
2634,漢翔,5,0,5,福邦證券,2023-09-26,6480
2888,新光金,5,0,5,福邦證券,2023-09-26,6480
3003,健和興,5,0,5,福邦證券,2023-09-26,6480
3189,景碩,5,0,5,福邦證券,2023-09-26,6480
6120,達運,15,10,5,福邦證券,2023-09-26,6480
6220,岳豐,5,0,5,福邦證券,2023-09-26,6480
6257,矽格,5,0,5,福邦證券,2023-09-26,6480
2308,台達電,411,1,410,福邦證券,2023-09-27,6480
00679B,元大美債20年,472,245,227,福邦證券,2023-09-27,6480
3036,文曄,161,12,149,福邦證券,2023-09-27,6480
00751B,元大AAA至A公司債,120,0,120,福邦證券,2023-09-27,6480
5483,中美晶,70,2,68,福邦證券,2023-09-27,6480
6672,騰輝電子-KY,60,0,60,福邦證券,2023-09-27,6480
4961,天鈺,60,1,59,福邦證券,2023-09-27,6480
00895,富邦未來車,58,0,58,福邦證券,2023-09-27,6480
6719,力智,58,2,56,福邦證券,2023-09-27,6480
6290,良維,53,0,53,福邦證券,2023-09-27,6480
6122,擎邦,48,0,48,福邦證券,2023-09-27,6480
3362,先進光,44,2,42,福邦證券,2023-09-27,6480
3701,大眾控,36,0,36,福邦證券,2023-09-27,6480
2376,技嘉,41,6,35,福邦證券,2023-09-27,6480
2607,榮運,30,0,30,福邦證券,2023-09-27,6480
00687B,國泰20年美債,40,13,27,福邦證券,2023-09-27,6480
3289,宜特,25,0,25,福邦證券,2023-09-27,6480
6235,華孚,26,1,25,福邦證券,2023-09-27,6480
00720B,元大投資級公司債,24,0,24,福邦證券,2023-09-27,6480
3693,營邦,23,0,23,福邦證券,2023-09-27,6480
3715,定穎投控,29,6,23,福邦證券,2023-09-27,6480
00696B,富邦美債20年,21,0,21,福邦證券,2023-09-27,6480
8155,博智,20,0,20,福邦證券,2023-09-27,6480
2382,廣達,27,9,18,福邦證券,2023-09-27,6480
8906,花王,16,0,16,福邦證券,2023-09-27,6480
2834,臺企銀,16,1,15,福邦證券,2023-09-27,6480
1605,華新,11,0,11,福邦證券,2023-09-27,6480
3037,欣興,11,0,11,福邦證券,2023-09-27,6480
1612,宏泰,18,8,10,福邦證券,2023-09-27,6480
1710,東聯,10,0,10,福邦證券,2023-09-27,6480
2301,光寶科,10,0,10,福邦證券,2023-09-27,6480
2383,台光電,10,0,10,福邦證券,2023-09-27,6480
3035,智原,11,1,10,福邦證券,2023-09-27,6480
6147,頎邦,10,0,10,福邦證券,2023-09-27,6480
8210,勤誠,10,0,10,福邦證券,2023-09-27,6480
9914,美利達,10,0,10,福邦證券,2023-09-27,6480
2236,百達-KY,10,1,9,福邦證券,2023-09-27,6480
2883,凱基金,9,0,9,福邦證券,2023-09-27,6480
1560,中砂,101,93,8,福邦證券,2023-09-27,6480
1586,和勤,7,0,7,福邦證券,2023-09-27,6480
3141,晶宏,7,0,7,福邦證券,2023-09-27,6480
3231,緯創,6,0,6,福邦證券,2023-09-27,6480
1711,永光,6,0,6,福邦證券,2023-09-27,6480
1727,中華化,5,0,5,福邦證券,2023-09-27,6480
2027,大成鋼,5,0,5,福邦證券,2023-09-27,6480
1301,台塑,5,0,5,福邦證券,2023-09-27,6480
2360,致茂,5,0,5,福邦證券,2023-09-27,6480
2609,陽明,5,0,5,福邦證券,2023-09-27,6480
3138,耀登,5,0,5,福邦證券,2023-09-27,6480
4906,正文,5,0,5,福邦證券,2023-09-27,6480
2006,東和鋼鐵,216,0,216,福邦證券,2023-09-28,6480
6235,華孚,110,1,109,福邦證券,2023-09-28,6480
1560,中砂,129,25,104,福邦證券,2023-09-28,6480
2382,廣達,115,12,103,福邦證券,2023-09-28,6480
6541,泰福-KY,100,0,100,福邦證券,2023-09-28,6480
00795B,中信美國公債20年,87,0,87,福邦證券,2023-09-28,6480
4961,天鈺,71,2,69,福邦證券,2023-09-28,6480
00751B,元大AAA至A公司債,64,3,61,福邦證券,2023-09-28,6480
2354,鴻準,60,0,60,福邦證券,2023-09-28,6480
6188,廣明,53,0,53,福邦證券,2023-09-28,6480
3036,文曄,52,0,52,福邦證券,2023-09-28,6480
00632R,元大台灣50反1,40,0,40,福邦證券,2023-09-28,6480
2301,光寶科,41,1,40,福邦證券,2023-09-28,6480
3231,緯創,50,12,38,福邦證券,2023-09-28,6480
00637L,元大滬深300正2,34,2,32,福邦證券,2023-09-28,6480
2376,技嘉,67,35,32,福邦證券,2023-09-28,6480
1528,恩德,30,0,30,福邦證券,2023-09-28,6480
00696B,富邦美債20年,30,0,30,福邦證券,2023-09-28,6480
00687B,國泰20年美債,30,0,30,福邦證券,2023-09-28,6480
2402,毅嘉,96,66,30,福邦證券,2023-09-28,6480
3122,笙泉,30,0,30,福邦證券,2023-09-28,6480
2344,華邦電,27,2,25,福邦證券,2023-09-28,6480
3362,先進光,26,1,25,福邦證券,2023-09-28,6480
00679B,元大美債20年,32,8,24,福邦證券,2023-09-28,6480
00753L,中信中國50正2,24,0,24,福邦證券,2023-09-28,6480
2903,遠百,21,0,21,福邦證券,2023-09-28,6480
6672,騰輝電子-KY,20,0,20,福邦證券,2023-09-28,6480
2405,輔信,17,0,17,福邦證券,2023-09-28,6480
2002,中鋼,15,0,15,福邦證券,2023-09-28,6480
2906,高林,15,0,15,福邦證券,2023-09-28,6480
8210,勤誠,20,5,15,福邦證券,2023-09-28,6480
3037,欣興,32,20,12,福邦證券,2023-09-28,6480
5210,寶碩,12,0,12,福邦證券,2023-09-28,6480
3548,兆利,31,20,11,福邦證券,2023-09-28,6480
4746,台耀,11,0,11,福邦證券,2023-09-28,6480
6202,盛群,11,0,11,福邦證券,2023-09-28,6480
1710,東聯,10,0,10,福邦證券,2023-09-28,6480
2360,致茂,10,0,10,福邦證券,2023-09-28,6480
6122,擎邦,10,0,10,福邦證券,2023-09-28,6480
6442,光聖,11,1,10,福邦證券,2023-09-28,6480
00720B,元大投資級公司債,9,0,9,福邦證券,2023-09-28,6480
3171,炎洲流通,14,6,8,福邦證券,2023-09-28,6480
1472,三洋實業,6,0,6,福邦證券,2023-09-28,6480
5288,豐祥-KY,6,0,6,福邦證券,2023-09-28,6480
6282,康舒,6,1,5,福邦證券,2023-09-28,6480
00862B,中信投資級公司債,5,0,5,福邦證券,2023-09-28,6480
2369,菱生,35,30,5,福邦證券,2023-09-28,6480
5009,榮剛,5,0,5,福邦證券,2023-09-28,6480
00931B,統一美債20年,4,0,4,福邦證券,2023-09-28,6480
1504,東元,7,3,4,福邦證券,2023-09-28,6480
6274,台燿,507,171,336,福邦證券,2023-10-02,6480
2363,矽統,310,2,308,福邦證券,2023-10-02,6480
6531,愛普*,202,1,201,福邦證券,2023-10-02,6480
3163,波若威,164,0,164,福邦證券,2023-10-02,6480
00632R,元大台灣50反1,140,0,140,福邦證券,2023-10-02,6480
3035,智原,139,12,127,福邦證券,2023-10-02,6480
00751B,元大AAA至A公司債,104,0,104,福邦證券,2023-10-02,6480
2102,泰豐,100,0,100,福邦證券,2023-10-02,6480
2345,智邦,100,0,100,福邦證券,2023-10-02,6480
8028,昇陽半導體,59,0,59,福邦證券,2023-10-02,6480
2449,京元電子,60,4,56,福邦證券,2023-10-02,6480
00687B,國泰20年美債,50,0,50,福邦證券,2023-10-02,6480
5225,東科-KY,50,0,50,福邦證券,2023-10-02,6480
2356,英業達,50,1,49,福邦證券,2023-10-02,6480
2301,光寶科,43,1,42,福邦證券,2023-10-02,6480
00696B,富邦美債20年,40,0,40,福邦證券,2023-10-02,6480
8210,勤誠,38,2,36,福邦證券,2023-10-02,6480
3231,緯創,104,69,35,福邦證券,2023-10-02,6480
2607,榮運,30,0,30,福邦證券,2023-10-02,6480
3006,晶豪科,30,0,30,福邦證券,2023-10-02,6480
8936,國統,26,2,24,福邦證券,2023-10-02,6480
2360,致茂,21,0,21,福邦證券,2023-10-02,6480
2382,廣達,30,9,21,福邦證券,2023-10-02,6480
00895,富邦未來車,20,0,20,福邦證券,2023-10-02,6480
6672,騰輝電子-KY,20,0,20,福邦證券,2023-10-02,6480
1815,富喬,32,12,20,福邦證券,2023-10-02,6480
2609,陽明,17,0,17,福邦證券,2023-10-02,6480
4739,康普,20,3,17,福邦證券,2023-10-02,6480
3260,威剛,22,5,17,福邦證券,2023-10-02,6480
2538,基泰,15,0,15,福邦證券,2023-10-02,6480
6609,瀧澤科,15,1,14,福邦證券,2023-10-02,6480
00862B,中信投資級公司債,13,0,13,福邦證券,2023-10-02,6480
4164,承業醫,13,0,13,福邦證券,2023-10-02,6480
1584,精剛,10,0,10,福邦證券,2023-10-02,6480
2236,百達-KY,10,0,10,福邦證券,2023-10-02,6480
2633,台灣高鐵,10,0,10,福邦證券,2023-10-02,6480
2888,新光金,10,0,10,福邦證券,2023-10-02,6480
3017,奇鋐,24,14,10,福邦證券,2023-10-02,6480
6279,胡連,10,0,10,福邦證券,2023-10-02,6480
6770,力積電,10,0,10,福邦證券,2023-10-02,6480
8422,可寧衛,10,0,10,福邦證券,2023-10-02,6480
2371,大同,10,1,9,福邦證券,2023-10-02,6480
6220,岳豐,10,1,9,福邦證券,2023-10-02,6480
00929,復華台灣科技優息,8,0,8,福邦證券,2023-10-02,6480
2834,臺企銀,10,2,8,福邦證券,2023-10-02,6480
6643,M31,8,0,8,福邦證券,2023-10-02,6480
00795B,中信美國公債20年,20,13,7,福邦證券,2023-10-02,6480
3037,欣興,10,3,7,福邦證券,2023-10-02,6480
6271,同欣電,7,0,7,福邦證券,2023-10-02,6480
6432,今展科,7,0,7,福邦證券,2023-10-02,6480
3231,緯創,811,225,586,福邦證券,2023-10-03,6480
2301,光寶科,285,2,283,福邦證券,2023-10-03,6480
00751B,元大AAA至A公司債,238,0,238,福邦證券,2023-10-03,6480
5864,致和證,181,0,181,福邦證券,2023-10-03,6480
6531,愛普*,172,1,171,福邦證券,2023-10-03,6480
6235,華孚,164,1,163,福邦證券,2023-10-03,6480
00795B,中信美國公債20年,126,0,126,福邦證券,2023-10-03,6480
2356,英業達,101,0,101,福邦證券,2023-10-03,6480
2880,華南金,100,0,100,福邦證券,2023-10-03,6480
6274,台燿,179,82,97,福邦證券,2023-10-03,6480
2376,技嘉,78,2,76,福邦證券,2023-10-03,6480
3230,錦明,61,0,61,福邦證券,2023-10-03,6480
00687B,國泰20年美債,60,5,55,福邦證券,2023-10-03,6480
2892,第一金,51,0,51,福邦證券,2023-10-03,6480
2888,新光金,48,0,48,福邦證券,2023-10-03,6480
00772B,中信高評級公司債,45,0,45,福邦證券,2023-10-03,6480
1736,喬山,39,0,39,福邦證券,2023-10-03,6480
00929,復華台灣科技優息,38,2,36,福邦證券,2023-10-03,6480
1609,大亞,35,0,35,福邦證券,2023-10-03,6480
00720B,元大投資級公司債,32,0,32,福邦證券,2023-10-03,6480
5439,高技,31,0,31,福邦證券,2023-10-03,6480
1528,恩德,30,0,30,福邦證券,2023-10-03,6480
2883,凱基金,30,0,30,福邦證券,2023-10-03,6480
3029,零壹,30,0,30,福邦證券,2023-10-03,6480
3443,創意,30,0,30,福邦證券,2023-10-03,6480
8422,可寧衛,30,0,30,福邦證券,2023-10-03,6480
3234,光環,30,2,28,福邦證券,2023-10-03,6480
00738U,期元大道瓊白銀,25,0,25,福邦證券,2023-10-03,6480
00635U,期元大S＆P黃金,25,0,25,福邦證券,2023-10-03,6480
00922,國泰台灣領袖50,22,0,22,福邦證券,2023-10-03,6480
2313,華通,22,0,22,福邦證券,2023-10-03,6480
2329,華泰,30,10,20,福邦證券,2023-10-03,6480
2367,燿華,20,0,20,福邦證券,2023-10-03,6480
2884,玉山金,20,0,20,福邦證券,2023-10-03,6480
6669,緯穎,20,0,20,福邦證券,2023-10-03,6480
6672,騰輝電子-KY,20,0,20,福邦證券,2023-10-03,6480
3141,晶宏,17,0,17,福邦證券,2023-10-03,6480
2618,長榮航,16,0,16,福邦證券,2023-10-03,6480
00753L,中信中國50正2,15,0,15,福邦證券,2023-10-03,6480
3529,力旺,23,8,15,福邦證券,2023-10-03,6480
1815,富喬,14,1,13,福邦證券,2023-10-03,6480
2538,基泰,15,2,13,福邦證券,2023-10-03,6480
3289,宜特,12,0,12,福邦證券,2023-10-03,6480
0056,元大高股息,13,2,11,福邦證券,2023-10-03,6480
3481,群創,11,0,11,福邦證券,2023-10-03,6480
1314,中石化,10,0,10,福邦證券,2023-10-03,6480
00655L,國泰中國A50正2,10,0,10,福邦證券,2023-10-03,6480
1504,東元,10,0,10,福邦證券,2023-10-03,6480
2207,和泰車,10,0,10,福邦證券,2023-10-03,6480
2371,大同,15,5,10,福邦證券,2023-10-03,6480
2371,大同,2113,13,2100,福邦證券,2023-10-04,6480
00751B,元大AAA至A公司債,243,54,189,福邦證券,2023-10-04,6480
00795B,中信美國公債20年,177,6,171,福邦證券,2023-10-04,6480
00687B,國泰20年美債,191,40,151,福邦證券,2023-10-04,6480
6026,福邦證,147,6,141,福邦證券,2023-10-04,6480
8028,昇陽半導體,130,0,130,福邦證券,2023-10-04,6480
3617,碩天,69,0,69,福邦證券,2023-10-04,6480
1519,華城,67,0,67,福邦證券,2023-10-04,6480
00696B,富邦美債20年,710,650,60,福邦證券,2023-10-04,6480
5864,致和證,55,0,55,福邦證券,2023-10-04,6480
2538,基泰,46,6,40,福邦證券,2023-10-04,6480
2883,凱基金,35,0,35,福邦證券,2023-10-04,6480
00895,富邦未來車,30,0,30,福邦證券,2023-10-04,6480
00720B,元大投資級公司債,26,0,26,福邦證券,2023-10-04,6480
3289,宜特,26,0,26,福邦證券,2023-10-04,6480
00680L,元大美債20正2,25,0,25,福邦證券,2023-10-04,6480
2891,中信金,22,0,22,福邦證券,2023-10-04,6480
3231,緯創,22,1,21,福邦證券,2023-10-04,6480
2812,台中銀,20,0,20,福邦證券,2023-10-04,6480
6672,騰輝電子-KY,20,0,20,福邦證券,2023-10-04,6480
4739,康普,29,12,17,福邦證券,2023-10-04,6480
2392,正崴,16,0,16,福邦證券,2023-10-04,6480
3701,大眾控,16,0,16,福邦證券,2023-10-04,6480
6283,淳安,16,0,16,福邦證券,2023-10-04,6480
00635U,期元大S＆P黃金,15,0,15,福邦證券,2023-10-04,6480
2427,三商電,25,10,15,福邦證券,2023-10-04,6480
5258,虹堡,15,0,15,福邦證券,2023-10-04,6480
00929,復華台灣科技優息,14,0,14,福邦證券,2023-10-04,6480
00931B,統一美債20年,14,0,14,福邦證券,2023-10-04,6480
6679,鈺太,14,1,13,福邦證券,2023-10-04,6480
1584,精剛,11,0,11,福邦證券,2023-10-04,6480
00922,國泰台灣領袖50,11,0,11,福邦證券,2023-10-04,6480
2884,玉山金,12,1,11,福邦證券,2023-10-04,6480
2888,新光金,24,13,11,福邦證券,2023-10-04,6480
4938,和碩,11,0,11,福邦證券,2023-10-04,6480
00738U,期元大道瓊白銀,10,0,10,福邦證券,2023-10-04,6480
2308,台達電,10,0,10,福邦證券,2023-10-04,6480
2357,華碩,10,0,10,福邦證券,2023-10-04,6480
2482,連宇,10,0,10,福邦證券,2023-10-04,6480
2540,愛山林,10,0,10,福邦證券,2023-10-04,6480
2732,六角,10,0,10,福邦證券,2023-10-04,6480
3481,群創,13,3,10,福邦證券,2023-10-04,6480
8422,可寧衛,10,0,10,福邦證券,2023-10-04,6480
1707,葡萄王,9,0,9,福邦證券,2023-10-04,6480
2348,海悅,9,0,9,福邦證券,2023-10-04,6480
2353,宏��,9,0,9,福邦證券,2023-10-04,6480
9945,潤泰新,9,0,9,福邦證券,2023-10-04,6480
00764B,群益25年美債,8,0,8,福邦證券,2023-10-04,6480
2201,裕隆,8,0,8,福邦證券,2023-10-04,6480
00679B,元大美債20年,7,0,7,福邦證券,2023-10-04,6480
2371,大同,2013,54,1959,福邦證券,2023-10-05,6480
2382,廣達,307,13,294,福邦證券,2023-10-05,6480
6451,訊芯-KY,271,0,271,福邦證券,2023-10-05,6480
2376,技嘉,164,8,156,福邦證券,2023-10-05,6480
1586,和勤,155,2,153,福邦證券,2023-10-05,6480
00632R,元大台灣50反1,110,0,110,福邦證券,2023-10-05,6480
2313,華通,91,2,89,福邦證券,2023-10-05,6480
3715,定穎投控,110,30,80,福邦證券,2023-10-05,6480
6290,良維,80,0,80,福邦證券,2023-10-05,6480
00635U,期元大S＆P黃金,60,0,60,福邦證券,2023-10-05,6480
6530,創威,50,0,50,福邦證券,2023-10-05,6480
1519,華城,79,30,49,福邦證券,2023-10-05,6480
4908,前鼎,50,5,45,福邦證券,2023-10-05,6480
3036,文曄,44,1,43,福邦證券,2023-10-05,6480
2812,台中銀,40,0,40,福邦證券,2023-10-05,6480
1815,富喬,30,0,30,福邦證券,2023-10-05,6480
00882,中信中國高股息,30,0,30,福邦證券,2023-10-05,6480
3230,錦明,30,0,30,福邦證券,2023-10-05,6480
6438,迅得,30,0,30,福邦證券,2023-10-05,6480
2482,連宇,25,0,25,福邦證券,2023-10-05,6480
00715L,期街口布蘭特正2,30,7,23,福邦證券,2023-10-05,6480
2405,輔信,20,0,20,福邦證券,2023-10-05,6480
2888,新光金,29,9,20,福邦證券,2023-10-05,6480
6672,騰輝電子-KY,20,0,20,福邦證券,2023-10-05,6480
4739,康普,19,0,19,福邦證券,2023-10-05,6480
3231,緯創,21,3,18,福邦證券,2023-10-05,6480
1605,華新,30,14,16,福邦證券,2023-10-05,6480
2538,基泰,16,0,16,福邦證券,2023-10-05,6480
6806,森崴能源,16,0,16,福邦證券,2023-10-05,6480
00931B,統一美債20年,15,0,15,福邦證券,2023-10-05,6480
2417,圓剛,15,0,15,福邦證券,2023-10-05,6480
00895,富邦未來車,12,0,12,福邦證券,2023-10-05,6480
2388,威盛,13,2,11,福邦證券,2023-10-05,6480
1604,聲寶,10,0,10,福邦證券,2023-10-05,6480
2027,大成鋼,10,0,10,福邦證券,2023-10-05,6480
00712,復華富時不動產,10,0,10,福邦證券,2023-10-05,6480
3006,晶豪科,10,0,10,福邦證券,2023-10-05,6480
3037,欣興,11,1,10,福邦證券,2023-10-05,6480
6220,岳豐,10,0,10,福邦證券,2023-10-05,6480
6782,視陽,10,0,10,福邦證券,2023-10-05,6480
8240,華宏,10,0,10,福邦證券,2023-10-05,6480
1524,耿鼎,14,5,9,福邦證券,2023-10-05,6480
00720B,元大投資級公司債,7,0,7,福邦證券,2023-10-05,6480
2883,凱基金,10,3,7,福邦證券,2023-10-05,6480
6120,達運,75,68,7,福邦證券,2023-10-05,6480
1472,三洋實業,6,0,6,福邦證券,2023-10-05,6480
00772B,中信高評級公司債,6,0,6,福邦證券,2023-10-05,6480
4971,IET-KY,6,0,6,福邦證券,2023-10-05,6480
6142,友勁,6,0,6,福邦證券,2023-10-05,6480
6170,統振,6,0,6,福邦證券,2023-10-05,6480
2368,金像電,165,63,102,福邦證券,2023-10-06,6480
6541,泰福-KY,80,0,80,福邦證券,2023-10-06,6480
1815,富喬,74,1,73,福邦證券,2023-10-06,6480
00878,國泰永續高股息,83,14,69,福邦證券,2023-10-06,6480
3006,晶豪科,106,40,66,福邦證券,2023-10-06,6480
4968,立積,61,0,61,福邦證券,2023-10-06,6480
6220,岳豐,105,45,60,福邦證券,2023-10-06,6480
8028,昇陽半導體,58,0,58,福邦證券,2023-10-06,6480
3035,智原,215,160,55,福邦證券,2023-10-06,6480
3029,零壹,50,0,50,福邦證券,2023-10-06,6480
1524,耿鼎,58,11,47,福邦證券,2023-10-06,6480
00720B,元大投資級公司債,39,0,39,福邦證券,2023-10-06,6480
5258,虹堡,39,1,38,福邦證券,2023-10-06,6480
3260,威剛,37,1,36,福邦證券,2023-10-06,6480
0056,元大高股息,32,0,32,福邦證券,2023-10-06,6480
2027,大成鋼,32,0,32,福邦證券,2023-10-06,6480
2486,一詮,34,3,31,福邦證券,2023-10-06,6480
00632R,元大台灣50反1,30,0,30,福邦證券,2023-10-06,6480
00713,元大台灣高息低波,30,0,30,福邦證券,2023-10-06,6480
2329,華泰,25,0,25,福邦證券,2023-10-06,6480
2371,大同,25,0,25,福邦證券,2023-10-06,6480
2812,台中銀,22,0,22,福邦證券,2023-10-06,6480
00751B,元大AAA至A公司債,21,0,21,福邦證券,2023-10-06,6480
00696B,富邦美債20年,240,220,20,福邦證券,2023-10-06,6480
6792,詠業,20,0,20,福邦證券,2023-10-06,6480
8227,巨有科技,19,0,19,福邦證券,2023-10-06,6480
00929,復華台灣科技優息,22,4,18,福邦證券,2023-10-06,6480
3122,笙泉,14,0,14,福邦證券,2023-10-06,6480
3013,晟銘電,12,1,11,福邦證券,2023-10-06,6480
1710,東聯,10,0,10,福邦證券,2023-10-06,6480
1906,寶隆,10,0,10,福邦證券,2023-10-06,6480
2316,楠梓電,10,0,10,福邦證券,2023-10-06,6480
2354,鴻準,10,0,10,福邦證券,2023-10-06,6480
5392,能率,10,0,10,福邦證券,2023-10-06,6480
6762,達亞,10,0,10,福邦證券,2023-10-06,6480
3036,文曄,13,4,9,福邦證券,2023-10-06,6480
3530,晶相光,7,0,7,福邦證券,2023-10-06,6480
2419,仲琦,6,0,6,福邦證券,2023-10-06,6480
3141,晶宏,6,0,6,福邦證券,2023-10-06,6480
6120,達運,46,40,6,福邦證券,2023-10-06,6480
00715L,期街口布蘭特正2,30,25,5,福邦證券,2023-10-06,6480
2376,技嘉,36,31,5,福邦證券,2023-10-06,6480
2540,愛山林,5,0,5,福邦證券,2023-10-06,6480
2607,榮運,5,0,5,福邦證券,2023-10-06,6480
2903,遠百,5,0,5,福邦證券,2023-10-06,6480
3036A,文曄甲特,5,0,5,福邦證券,2023-10-06,6480
3138,耀登,10,5,5,福邦證券,2023-10-06,6480
3465,進泰電子,5,0,5,福邦證券,2023-10-06,6480
3588,通嘉,5,0,5,福邦證券,2023-10-06,6480
6712,長聖,5,0,5,福邦證券,2023-10-06,6480
3006,晶豪科,299,1,298,福邦證券,2023-10-11,6480
4979,華星光,221,2,219,福邦證券,2023-10-11,6480
3715,定穎投控,239,37,202,福邦證券,2023-10-11,6480
9958,世紀鋼,198,0,198,福邦證券,2023-10-11,6480
2376,技嘉,158,45,113,福邦證券,2023-10-11,6480
0056,元大高股息,135,25,110,福邦證券,2023-10-11,6480
1560,中砂,102,0,102,福邦證券,2023-10-11,6480
3035,智原,104,4,100,福邦證券,2023-10-11,6480
2316,楠梓電,84,0,84,福邦證券,2023-10-11,6480
8069,元太,71,6,65,福邦證券,2023-10-11,6480
00692,富邦公司治理,55,0,55,福邦證券,2023-10-11,6480
2395,研華,54,0,54,福邦證券,2023-10-11,6480
00919,群益台灣精選高息,53,0,53,福邦證券,2023-10-11,6480
00642U,期元大S＆P石油,50,0,50,福邦證券,2023-10-11,6480
00635U,期元大S＆P黃金,50,0,50,福邦證券,2023-10-11,6480
00881,國泰台灣5G+,50,0,50,福邦證券,2023-10-11,6480
5340,建榮,50,0,50,福邦證券,2023-10-11,6480
00713,元大台灣高息低波,50,1,49,福邦證券,2023-10-11,6480
00632R,元大台灣50反1,30,0,30,福邦證券,2023-10-11,6480
3141,晶宏,30,0,30,福邦證券,2023-10-11,6480
6156,松上,25,0,25,福邦證券,2023-10-11,6480
8028,昇陽半導體,26,1,25,福邦證券,2023-10-11,6480
2382,廣達,31,10,21,福邦證券,2023-10-11,6480
2867,三商壽,21,0,21,福邦證券,2023-10-11,6480
2707,晶華,20,0,20,福邦證券,2023-10-11,6480
3702,大聯大,20,0,20,福邦證券,2023-10-11,6480
6290,良維,20,0,20,福邦證券,2023-10-11,6480
8033,雷虎,18,0,18,福邦證券,2023-10-11,6480
3005,神基,20,4,16,福邦證券,2023-10-11,6480
00738U,期元大道瓊白銀,15,0,15,福邦證券,2023-10-11,6480
2618,長榮航,14,0,14,福邦證券,2023-10-11,6480
3231,緯創,22,8,14,福邦證券,2023-10-11,6480
2353,宏��,12,1,11,福邦證券,2023-10-11,6480
6120,達運,41,30,11,福邦證券,2023-10-11,6480
2883,凱基金,10,0,10,福邦證券,2023-10-11,6480
6449,鈺邦,10,0,10,福邦證券,2023-10-11,6480
8422,可寧衛,10,0,10,福邦證券,2023-10-11,6480
2328,廣宇,10,1,9,福邦證券,2023-10-11,6480
3008,大立光,9,0,9,福邦證券,2023-10-11,6480
3530,晶相光,9,0,9,福邦證券,2023-10-11,6480
2301,光寶科,30,22,8,福邦證券,2023-10-11,6480
3234,光環,8,0,8,福邦證券,2023-10-11,6480
4906,正文,8,0,8,福邦證券,2023-10-11,6480
6679,鈺太,7,0,7,福邦證券,2023-10-11,6480
1101,台泥,5,0,5,福邦證券,2023-10-11,6480
1707,葡萄王,5,0,5,福邦證券,2023-10-11,6480
2467,志聖,5,0,5,福邦證券,2023-10-11,6480
2732,六角,5,0,5,福邦證券,2023-10-11,6480
3346,麗清,5,0,5,福邦證券,2023-10-11,6480
4908,前鼎,5,0,5,福邦證券,2023-10-11,6480
00931B,統一美債20年,700,0,700,福邦證券,2023-10-12,6480
2388,威盛,411,1,410,福邦證券,2023-10-12,6480
2890,永豐金,200,0,200,福邦證券,2023-10-12,6480
8358,金居,150,2,148,福邦證券,2023-10-12,6480
6165,浪凡,139,0,139,福邦證券,2023-10-12,6480
2374,佳能,100,0,100,福邦證券,2023-10-12,6480
2633,台灣高鐵,90,2,88,福邦證券,2023-10-12,6480
8299,群聯,78,0,78,福邦證券,2023-10-12,6480
00632R,元大台灣50反1,60,0,60,福邦證券,2023-10-12,6480
2915,潤泰全,40,0,40,福邦證券,2023-10-12,6480
1586,和勤,36,0,36,福邦證券,2023-10-12,6480
2376,技嘉,36,9,27,福邦證券,2023-10-12,6480
3035,智原,182,160,22,福邦證券,2023-10-12,6480
6187,萬潤,21,0,21,福邦證券,2023-10-12,6480
9958,世紀鋼,20,0,20,福邦證券,2023-10-12,6480
2027,大成鋼,16,0,16,福邦證券,2023-10-12,6480
2360,致茂,15,1,14,福邦證券,2023-10-12,6480
2363,矽統,22,8,14,福邦證券,2023-10-12,6480
2348,海悅,11,0,11,福邦證券,2023-10-12,6480
2228,劍麟,10,0,10,福邦證券,2023-10-12,6480
2383,台光電,10,0,10,福邦證券,2023-10-12,6480
3234,光環,10,0,10,福邦證券,2023-10-12,6480
4510,高鋒,10,0,10,福邦證券,2023-10-12,6480
6870,騰雲,10,0,10,福邦證券,2023-10-12,6480
8046,南電,10,0,10,福邦證券,2023-10-12,6480
8422,可寧衛,10,0,10,福邦證券,2023-10-12,6480
3702,大聯大,10,1,9,福邦證券,2023-10-12,6480
2883,凱基金,15,7,8,福邦證券,2023-10-12,6480
1584,精剛,7,0,7,福邦證券,2023-10-12,6480
2421,建準,8,1,7,福邦證券,2023-10-12,6480
00929,復華台灣科技優息,6,0,6,福邦證券,2023-10-12,6480
3006,晶豪科,19,13,6,福邦證券,2023-10-12,6480
3036,文曄,6,0,6,福邦證券,2023-10-12,6480
4906,正文,6,0,6,福邦證券,2023-10-12,6480
00905,FT臺灣Smart,5,0,5,福邦證券,2023-10-12,6480
2465,麗臺,5,0,5,福邦證券,2023-10-12,6480
3014,聯陽,10,5,5,福邦證券,2023-10-12,6480
3443,創意,17,12,5,福邦證券,2023-10-12,6480
6220,岳豐,45,40,5,福邦證券,2023-10-12,6480
6245,立端,5,0,5,福邦證券,2023-10-12,6480
6556,勝品,5,0,5,福邦證券,2023-10-12,6480
8034,榮群,5,0,5,福邦證券,2023-10-12,6480
1784,訊聯,4,0,4,福邦證券,2023-10-12,6480
2317,鴻海,10,6,4,福邦證券,2023-10-12,6480
3346,麗清,5,1,4,福邦證券,2023-10-12,6480
3661,世芯-KY,4,0,4,福邦證券,2023-10-12,6480
3701,大眾控,4,0,4,福邦證券,2023-10-12,6480
9924,福興,4,0,4,福邦證券,2023-10-12,6480
2489,瑞軒,7,3,4,福邦證券,2023-10-12,6480
1612,宏泰,5,2,3,福邦證券,2023-10-12,6480
2885,元大金,917,0,917,福邦證券,2023-10-13,6480
2890,永豐金,897,0,897,福邦證券,2023-10-13,6480
3260,威剛,350,1,349,福邦證券,2023-10-13,6480
5210,寶碩,173,13,160,福邦證券,2023-10-13,6480
6165,浪凡,147,0,147,福邦證券,2023-10-13,6480
6605,帝寶,71,1,70,福邦證券,2023-10-13,6480
4960,誠美材,69,0,69,福邦證券,2023-10-13,6480
2388,威盛,71,3,68,福邦證券,2023-10-13,6480
4552,力達-KY,65,0,65,福邦證券,2023-10-13,6480
2412,中華電,60,0,60,福邦證券,2023-10-13,6480
2374,佳能,50,0,50,福邦證券,2023-10-13,6480
6160,欣技,50,0,50,福邦證券,2023-10-13,6480
00696B,富邦美債20年,40,0,40,福邦證券,2023-10-13,6480
2316,楠梓電,40,0,40,福邦證券,2023-10-13,6480
2438,翔耀,40,0,40,福邦證券,2023-10-13,6480
9958,世紀鋼,40,0,40,福邦證券,2023-10-13,6480
8028,昇陽半導體,37,0,37,福邦證券,2023-10-13,6480
1710,東聯,30,0,30,福邦證券,2023-10-13,6480
2313,華通,27,0,27,福邦證券,2023-10-13,6480
6643,M31,28,1,27,福邦證券,2023-10-13,6480
3596,智易,26,0,26,福邦證券,2023-10-13,6480
2913,農林,25,0,25,福邦證券,2023-10-13,6480
3035,智原,25,3,22,福邦證券,2023-10-13,6480
4906,正文,21,0,21,福邦證券,2023-10-13,6480
2812,台中銀,20,0,20,福邦證券,2023-10-13,6480
3005,神基,20,0,20,福邦證券,2023-10-13,6480
3094,聯傑,20,0,20,福邦證券,2023-10-13,6480
3051,力特,20,0,20,福邦證券,2023-10-13,6480
6158,禾昌,20,1,19,福邦證券,2023-10-13,6480
2609,陽明,20,5,15,福邦證券,2023-10-13,6480
00751B,元大AAA至A公司債,930,916,14,福邦證券,2023-10-13,6480
2404,漢唐,14,0,14,福邦證券,2023-10-13,6480
2888,新光金,13,0,13,福邦證券,2023-10-13,6480
00679B,元大美債20年,612,600,12,福邦證券,2023-10-13,6480
1303,南亞,11,0,11,福邦證券,2023-10-13,6480
1528,恩德,10,0,10,福邦證券,2023-10-13,6480
2605,新興,12,2,10,福邦證券,2023-10-13,6480
3701,大眾控,10,0,10,福邦證券,2023-10-13,6480
4950,牧東,10,0,10,福邦證券,2023-10-13,6480
6762,達亞,10,0,10,福邦證券,2023-10-13,6480
9928,中視,10,0,10,福邦證券,2023-10-13,6480
3231,緯創,60,51,9,福邦證券,2023-10-13,6480
4739,康普,9,0,9,福邦證券,2023-10-13,6480
3715,定穎投控,57,49,8,福邦證券,2023-10-13,6480
6205,詮欣,8,0,8,福邦證券,2023-10-13,6480
2548,華固,7,0,7,福邦證券,2023-10-13,6480
2834,臺企銀,7,0,7,福邦證券,2023-10-13,6480
1519,華城,6,0,6,福邦證券,2023-10-13,6480
00878,國泰永續高股息,6,0,6,福邦證券,2023-10-13,6480
1784,訊聯,6,0,6,福邦證券,2023-10-13,6480
1102,亞泥,888,0,888,福邦證券,2023-10-16,6480
2388,威盛,410,175,235,福邦證券,2023-10-16,6480
8028,昇陽半導體,226,0,226,福邦證券,2023-10-16,6480
5210,寶碩,150,10,140,福邦證券,2023-10-16,6480
6274,台燿,110,2,108,福邦證券,2023-10-16,6480
4714,永捷,107,0,107,福邦證券,2023-10-16,6480
6290,良維,101,0,101,福邦證券,2023-10-16,6480
2374,佳能,80,0,80,福邦證券,2023-10-16,6480
1605,華新,60,0,60,福邦證券,2023-10-16,6480
2618,長榮航,60,0,60,福邦證券,2023-10-16,6480
6165,浪凡,60,0,60,福邦證券,2023-10-16,6480
00679B,元大美債20年,1720,1671,49,福邦證券,2023-10-16,6480
6419,京晨科,40,0,40,福邦證券,2023-10-16,6480
4979,華星光,51,14,37,福邦證券,2023-10-16,6480
00753L,中信中國50正2,32,0,32,福邦證券,2023-10-16,6480
2303,聯電,35,10,25,福邦證券,2023-10-16,6480
2204,中華,24,0,24,福邦證券,2023-10-16,6480
6139,亞翔,20,0,20,福邦證券,2023-10-16,6480
6548,長科*,20,0,20,福邦證券,2023-10-16,6480
3006,晶豪科,18,1,17,福邦證券,2023-10-16,6480
2241,艾姆勒,37,22,15,福邦證券,2023-10-16,6480
6488,環球晶,13,0,13,福邦證券,2023-10-16,6480
2486,一詮,12,0,12,福邦證券,2023-10-16,6480
6231,系微,12,1,11,福邦證券,2023-10-16,6480
00637L,元大滬深300正2,10,0,10,福邦證券,2023-10-16,6480
2233,宇隆,20,10,10,福邦證券,2023-10-16,6480
2344,華邦電,10,0,10,福邦證券,2023-10-16,6480
3680,家登,12,2,10,福邦證券,2023-10-16,6480
6127,九豪,9,0,9,福邦證券,2023-10-16,6480
6257,矽格,9,0,9,福邦證券,2023-10-16,6480
6605,帝寶,10,1,9,福邦證券,2023-10-16,6480
00862B,中信投資級公司債,8,0,8,福邦證券,2023-10-16,6480
3141,晶宏,8,0,8,福邦證券,2023-10-16,6480
4763,材料-KY,14,6,8,福邦證券,2023-10-16,6480
2732,六角,7,0,7,福邦證券,2023-10-16,6480
3576,聯合再生,10,3,7,福邦證券,2023-10-16,6480
6205,詮欣,7,0,7,福邦證券,2023-10-16,6480
1472,三洋實業,6,0,6,福邦證券,2023-10-16,6480
00655L,國泰中國A50正2,6,0,6,福邦證券,2023-10-16,6480
2228,劍麟,6,0,6,福邦證券,2023-10-16,6480
2867,三商壽,6,0,6,福邦證券,2023-10-16,6480
3062,建漢,6,0,6,福邦證券,2023-10-16,6480
4503,金雨,8,2,6,福邦證券,2023-10-16,6480
00929,復華台灣科技優息,5,0,5,福邦證券,2023-10-16,6480
00720B,元大投資級公司債,5,0,5,福邦證券,2023-10-16,6480
1784,訊聯,5,0,5,福邦證券,2023-10-16,6480
1707,葡萄王,5,0,5,福邦證券,2023-10-16,6480
2884,玉山金,5,0,5,福邦證券,2023-10-16,6480
3444,利機,5,0,5,福邦證券,2023-10-16,6480
3481,群創,5,0,5,福邦證券,2023-10-16,6480
4960,誠美材,1500,1,1499,福邦證券,2023-10-17,6480
2313,華通,501,19,482,福邦證券,2023-10-17,6480
1504,東元,260,0,260,福邦證券,2023-10-17,6480
5210,寶碩,225,39,186,福邦證券,2023-10-17,6480
2388,威盛,132,4,128,福邦證券,2023-10-17,6480
2880,華南金,100,0,100,福邦證券,2023-10-17,6480
8176,智捷,100,0,100,福邦證券,2023-10-17,6480
00679B,元大美債20年,2355,2270,85,福邦證券,2023-10-17,6480
8299,群聯,60,6,54,福邦證券,2023-10-17,6480
3376,新日興,52,0,52,福邦證券,2023-10-17,6480
4979,華星光,100,54,46,福邦證券,2023-10-17,6480
00795B,中信美國公債20年,42,1,41,福邦證券,2023-10-17,6480
2352,佳世達,40,0,40,福邦證券,2023-10-17,6480
6605,帝寶,40,1,39,福邦證券,2023-10-17,6480
00637L,元大滬深300正2,32,2,30,福邦證券,2023-10-17,6480
2393,億光,30,0,30,福邦證券,2023-10-17,6480
2462,良得電,30,0,30,福邦證券,2023-10-17,6480
2633,台灣高鐵,30,0,30,福邦證券,2023-10-17,6480
4763,材料-KY,32,3,29,福邦證券,2023-10-17,6480
00751B,元大AAA至A公司債,28,0,28,福邦證券,2023-10-17,6480
6213,聯茂,22,1,21,福邦證券,2023-10-17,6480
1815,富喬,20,0,20,福邦證券,2023-10-17,6480
2371,大同,20,0,20,福邦證券,2023-10-17,6480
2392,正崴,20,0,20,福邦證券,2023-10-17,6480
2883,凱基金,20,0,20,福邦證券,2023-10-17,6480
3036,文曄,45,27,18,福邦證券,2023-10-17,6480
3444,利機,28,10,18,福邦證券,2023-10-17,6480
3050,鈺德,15,0,15,福邦證券,2023-10-17,6480
2886,兆豐金,14,0,14,福邦證券,2023-10-17,6480
3715,定穎投控,27,13,14,福邦證券,2023-10-17,6480
8996,高力,14,0,14,福邦證券,2023-10-17,6480
2228,劍麟,10,0,10,福邦證券,2023-10-17,6480
1524,耿鼎,13,3,10,福邦證券,2023-10-17,6480
00764B,群益25年美債,10,0,10,福邦證券,2023-10-17,6480
2236,百達-KY,10,0,10,福邦證券,2023-10-17,6480
2395,研華,10,0,10,福邦證券,2023-10-17,6480
2438,翔耀,10,0,10,福邦證券,2023-10-17,6480
6762,達亞,10,0,10,福邦證券,2023-10-17,6480
00720B,元大投資級公司債,8,0,8,福邦證券,2023-10-17,6480
6643,M31,8,0,8,福邦證券,2023-10-17,6480
3138,耀登,10,3,7,福邦證券,2023-10-17,6480
2103,台橡,6,0,6,福邦證券,2023-10-17,6480
1472,三洋實業,6,0,6,福邦證券,2023-10-17,6480
00878,國泰永續高股息,6,0,6,福邦證券,2023-10-17,6480
2867,三商壽,6,0,6,福邦證券,2023-10-17,6480
3483,力致,7,1,6,福邦證券,2023-10-17,6480
3540,曜越,6,0,6,福邦證券,2023-10-17,6480
4128,中天,6,0,6,福邦證券,2023-10-17,6480
4906,正文,6,0,6,福邦證券,2023-10-17,6480
6789,采鈺,6,0,6,福邦證券,2023-10-17,6480
4960,誠美材,2000,0,2000,福邦證券,2023-10-18,6480
1799,易威,618,0,618,福邦證券,2023-10-18,6480
00891,中信關鍵半導體,200,0,200,福邦證券,2023-10-18,6480
8028,昇陽半導體,184,0,184,福邦證券,2023-10-18,6480
6235,華孚,158,2,156,福邦證券,2023-10-18,6480
00751B,元大AAA至A公司債,142,0,142,福邦證券,2023-10-18,6480
00878,國泰永續高股息,134,5,129,福邦證券,2023-10-18,6480
00757,統一FANG+,110,0,110,福邦證券,2023-10-18,6480
2353,宏��,100,0,100,福邦證券,2023-10-18,6480
00900,富邦特選高股息30,50,0,50,福邦證券,2023-10-18,6480
00881,國泰台灣5G+,50,0,50,福邦證券,2023-10-18,6480
3689,湧德,50,0,50,福邦證券,2023-10-18,6480
2609,陽明,50,1,49,福邦證券,2023-10-18,6480
2535,達欣工,44,0,44,福邦證券,2023-10-18,6480
2634,漢翔,84,40,44,福邦證券,2023-10-18,6480
3548,兆利,41,0,41,福邦證券,2023-10-18,6480
9958,世紀鋼,36,0,36,福邦證券,2023-10-18,6480
6290,良維,30,0,30,福邦證券,2023-10-18,6480
8299,群聯,30,0,30,福邦證券,2023-10-18,6480
0056,元大高股息,59,30,29,福邦證券,2023-10-18,6480
1815,富喬,25,0,25,福邦證券,2023-10-18,6480
1605,華新,31,10,21,福邦證券,2023-10-18,6480
3035,智原,183,162,21,福邦證券,2023-10-18,6480
3141,晶宏,21,0,21,福邦證券,2023-10-18,6480
2883,凱基金,20,0,20,福邦證券,2023-10-18,6480
6279,胡連,20,0,20,福邦證券,2023-10-18,6480
4979,華星光,20,1,19,福邦證券,2023-10-18,6480
00720B,元大投資級公司債,18,0,18,福邦證券,2023-10-18,6480
1710,東聯,15,0,15,福邦證券,2023-10-18,6480
3032,偉訓,15,0,15,福邦證券,2023-10-18,6480
00929,復華台灣科技優息,14,0,14,福邦證券,2023-10-18,6480
00772B,中信高評級公司債,12,0,12,福邦證券,2023-10-18,6480
8906,花王,12,0,12,福邦證券,2023-10-18,6480
9938,百和,12,0,12,福邦證券,2023-10-18,6480
1515,力山,10,0,10,福邦證券,2023-10-18,6480
2809,京城銀,10,0,10,福邦證券,2023-10-18,6480
3234,光環,10,0,10,福邦證券,2023-10-18,6480
3324,雙鴻,10,0,10,福邦證券,2023-10-18,6480
4564,元翎,10,0,10,福邦證券,2023-10-18,6480
5521,工信,10,0,10,福邦證券,2023-10-18,6480
6152,百一,10,0,10,福邦證券,2023-10-18,6480
2881,富邦金,10,1,9,福邦證券,2023-10-18,6480
1316,上曜,8,0,8,福邦證券,2023-10-18,6480
9945,潤泰新,8,0,8,福邦證券,2023-10-18,6480
00725B,國泰投資級公司債,7,0,7,福邦證券,2023-10-18,6480
5425,台半,6,0,6,福邦證券,2023-10-18,6480
00631L,元大台灣50正2,6,0,6,福邦證券,2023-10-18,6480
2618,長榮航,10,4,6,福邦證券,2023-10-18,6480
3530,晶相光,6,0,6,福邦證券,2023-10-18,6480
4763,材料-KY,11,5,6,福邦證券,2023-10-18,6480
00933B,國泰10Y+金融債,2669,0,2669,福邦證券,2023-10-19,6480
4960,誠美材,869,0,869,福邦證券,2023-10-19,6480
3706,神達,532,0,532,福邦證券,2023-10-19,6480
4979,華星光,402,1,401,福邦證券,2023-10-19,6480
3715,定穎投控,370,185,185,福邦證券,2023-10-19,6480
00687B,國泰20年美債,151,0,151,福邦證券,2023-10-19,6480
00751B,元大AAA至A公司債,151,0,151,福邦證券,2023-10-19,6480
4763,材料-KY,101,4,97,福邦證券,2023-10-19,6480
6143,振曜,60,0,60,福邦證券,2023-10-19,6480
00795B,中信美國公債20年,55,0,55,福邦證券,2023-10-19,6480
00857B,永豐20年美公債,50,0,50,福邦證券,2023-10-19,6480
2454,聯發科,50,0,50,福邦證券,2023-10-19,6480
2809,京城銀,49,0,49,福邦證券,2023-10-19,6480
6026,福邦證,48,0,48,福邦證券,2023-10-19,6480
2330,台積電,45,0,45,福邦證券,2023-10-19,6480
6153,嘉聯益,40,0,40,福邦證券,2023-10-19,6480
8176,智捷,40,0,40,福邦證券,2023-10-19,6480
2345,智邦,25,1,24,福邦證券,2023-10-19,6480
2903,遠百,21,0,21,福邦證券,2023-10-19,6480
2707,晶華,20,0,20,福邦證券,2023-10-19,6480
8422,可寧衛,20,0,20,福邦證券,2023-10-19,6480
2816,旺旺保,20,3,17,福邦證券,2023-10-19,6480
2883,凱基金,15,0,15,福邦證券,2023-10-19,6480
3032,偉訓,15,0,15,福邦證券,2023-10-19,6480
0056,元大高股息,31,17,14,福邦證券,2023-10-19,6480
2371,大同,12,0,12,福邦證券,2023-10-19,6480
00753L,中信中國50正2,11,0,11,福邦證券,2023-10-19,6480
6213,聯茂,11,0,11,福邦證券,2023-10-19,6480
00878,國泰永續高股息,10,0,10,福邦證券,2023-10-19,6480
00655L,國泰中國A50正2,10,0,10,福邦證券,2023-10-19,6480
00764B,群益25年美債,10,0,10,福邦證券,2023-10-19,6480
4564,元翎,10,0,10,福邦證券,2023-10-19,6480
5348,正能量智能,10,0,10,福邦證券,2023-10-19,6480
5608,四維航,10,0,10,福邦證券,2023-10-19,6480
5876,上海商銀,10,0,10,福邦證券,2023-10-19,6480
2392,正崴,9,0,9,福邦證券,2023-10-19,6480
6231,系微,10,1,9,福邦證券,2023-10-19,6480
9945,潤泰新,9,0,9,福邦證券,2023-10-19,6480
1504,東元,8,0,8,福邦證券,2023-10-19,6480
1586,和勤,31,23,8,福邦證券,2023-10-19,6480
1101,台泥,7,0,7,福邦證券,2023-10-19,6480
2886,兆豐金,7,0,7,福邦證券,2023-10-19,6480
3231,緯創,175,168,7,福邦證券,2023-10-19,6480
1472,三洋實業,6,0,6,福邦證券,2023-10-19,6480
00720B,元大投資級公司債,6,0,6,福邦證券,2023-10-19,6480
2486,一詮,8,2,6,福邦證券,2023-10-19,6480
00637L,元大滬深300正2,7,2,5,福邦證券,2023-10-19,6480
1301,台塑,5,0,5,福邦證券,2023-10-19,6480
2369,菱生,5,0,5,福邦證券,2023-10-19,6480
2634,漢翔,5,0,5,福邦證券,2023-10-19,6480
00931B,統一美債20年,405,0,405,福邦證券,2023-10-20,6480
00919,群益台灣精選高息,312,5,307,福邦證券,2023-10-20,6480
00891,中信關鍵半導體,300,0,300,福邦證券,2023-10-20,6480
2883,凱基金,113,0,113,福邦證券,2023-10-20,6480
00751B,元大AAA至A公司債,133,30,103,福邦證券,2023-10-20,6480
00680L,元大美債20正2,100,0,100,福邦證券,2023-10-20,6480
1605,華新,85,0,85,福邦證券,2023-10-20,6480
1560,中砂,94,20,74,福邦證券,2023-10-20,6480
2308,台達電,70,0,70,福邦證券,2023-10-20,6480
2633,台灣高鐵,60,0,60,福邦證券,2023-10-20,6480
8176,智捷,60,0,60,福邦證券,2023-10-20,6480
1303,南亞,50,0,50,福邦證券,2023-10-20,6480
4564,元翎,50,0,50,福邦證券,2023-10-20,6480
5521,工信,50,0,50,福邦證券,2023-10-20,6480
3289,宜特,36,0,36,福邦證券,2023-10-20,6480
00857B,永豐20年美公債,25,0,25,福邦證券,2023-10-20,6480
00687B,國泰20年美債,25,0,25,福邦證券,2023-10-20,6480
00878,國泰永續高股息,23,0,23,福邦證券,2023-10-20,6480
6290,良維,23,0,23,福邦證券,2023-10-20,6480
6605,帝寶,94,72,22,福邦證券,2023-10-20,6480
6237,驊訊,20,0,20,福邦證券,2023-10-20,6480
0056,元大高股息,74,55,19,福邦證券,2023-10-20,6480
00795B,中信美國公債20年,25,9,16,福邦證券,2023-10-20,6480
3005,神基,15,0,15,福邦證券,2023-10-20,6480
4563,百德,14,0,14,福邦證券,2023-10-20,6480
6231,系微,14,0,14,福邦證券,2023-10-20,6480
3141,晶宏,12,0,12,福邦證券,2023-10-20,6480
9958,世紀鋼,21,9,12,福邦證券,2023-10-20,6480
00720B,元大投資級公司債,21,10,11,福邦證券,2023-10-20,6480
4743,合一,11,0,11,福邦證券,2023-10-20,6480
6026,福邦證,11,0,11,福邦證券,2023-10-20,6480
00918,大華優利高填息30,10,0,10,福邦證券,2023-10-20,6480
2027,大成鋼,10,0,10,福邦證券,2023-10-20,6480
2371,大同,10,0,10,福邦證券,2023-10-20,6480
2606,裕民,10,0,10,福邦證券,2023-10-20,6480
2743,山富,10,0,10,福邦證券,2023-10-20,6480
4128,中天,13,3,10,福邦證券,2023-10-20,6480
6901,鑽石投資,10,0,10,福邦證券,2023-10-20,6480
2382,廣達,15,6,9,福邦證券,2023-10-20,6480
6138,茂達,10,1,9,福邦證券,2023-10-20,6480
2888,新光金,8,0,8,福邦證券,2023-10-20,6480
00929,復華台灣科技優息,7,0,7,福邦證券,2023-10-20,6480
2395,研華,7,0,7,福邦證券,2023-10-20,6480
2834,臺企銀,12,5,7,福邦證券,2023-10-20,6480
2891,中信金,7,0,7,福邦證券,2023-10-20,6480
1472,三洋實業,6,0,6,福邦證券,2023-10-20,6480
1586,和勤,15,9,6,福邦證券,2023-10-20,6480
2327,國巨,6,0,6,福邦證券,2023-10-20,6480
2605,新興,6,0,6,福邦證券,2023-10-20,6480
2867,三商壽,6,0,6,福邦證券,2023-10-20,6480
1314,中石化,100,0,100,福邦證券,2023-10-23,6480
6443,元晶,100,0,100,福邦證券,2023-10-23,6480
00751B,元大AAA至A公司債,352,260,92,福邦證券,2023-10-23,6480
00929,復華台灣科技優息,86,2,84,福邦證券,2023-10-23,6480
2476,鉅祥,55,0,55,福邦證券,2023-10-23,6480
5439,高技,50,1,49,福邦證券,2023-10-23,6480
3035,智原,52,4,48,福邦證券,2023-10-23,6480
2880,華南金,40,0,40,福邦證券,2023-10-23,6480
6664,群翊,30,0,30,福邦證券,2023-10-23,6480
4542,科嶠,22,0,22,福邦證券,2023-10-23,6480
2886,兆豐金,21,0,21,福邦證券,2023-10-23,6480
8299,群聯,21,0,21,福邦證券,2023-10-23,6480
3548,兆利,20,0,20,福邦證券,2023-10-23,6480
5009,榮剛,20,0,20,福邦證券,2023-10-23,6480
6187,萬潤,20,0,20,福邦證券,2023-10-23,6480
3141,晶宏,16,0,16,福邦證券,2023-10-23,6480
6657,華安,15,0,15,福邦證券,2023-10-23,6480
8422,可寧衛,15,0,15,福邦證券,2023-10-23,6480
1605,華新,11,0,11,福邦證券,2023-10-23,6480
1805,寶徠,10,0,10,福邦證券,2023-10-23,6480
1528,恩德,10,0,10,福邦證券,2023-10-23,6480
2344,華邦電,10,0,10,福邦證券,2023-10-23,6480
8227,巨有科技,10,0,10,福邦證券,2023-10-23,6480
2449,京元電子,9,0,9,福邦證券,2023-10-23,6480
6257,矽格,7,0,7,福邦證券,2023-10-23,6480
1472,三洋實業,6,0,6,福邦證券,2023-10-23,6480
00715L,期街口布蘭特正2,21,15,6,福邦證券,2023-10-23,6480
2228,劍麟,6,0,6,福邦證券,2023-10-23,6480
2330,台積電,6,0,6,福邦證券,2023-10-23,6480
2515,中工,11,5,6,福邦證券,2023-10-23,6480
3588,通嘉,6,0,6,福邦證券,2023-10-23,6480
3715,定穎投控,17,11,6,福邦證券,2023-10-23,6480
8906,花王,6,0,6,福邦證券,2023-10-23,6480
1711,永光,8,3,5,福邦證券,2023-10-23,6480
1524,耿鼎,5,0,5,福邦證券,2023-10-23,6480
2103,台橡,5,0,5,福邦證券,2023-10-23,6480
00712,復華富時不動產,5,0,5,福邦證券,2023-10-23,6480
00878,國泰永續高股息,6,1,5,福邦證券,2023-10-23,6480
2645,長榮航太,5,0,5,福邦證券,2023-10-23,6480
1268,漢來美食,4,0,4,福邦證券,2023-10-23,6480
2867,三商壽,4,0,4,福邦證券,2023-10-23,6480
8097,常珵,4,0,4,福邦證券,2023-10-23,6480
9955,佳龍,7,3,4,福邦證券,2023-10-23,6480
00931B,統一美債20年,5,2,3,福邦證券,2023-10-23,6480
0056,元大高股息,18,15,3,福邦證券,2023-10-23,6480
2201,裕隆,3,0,3,福邦證券,2023-10-23,6480
2305,全友,3,0,3,福邦證券,2023-10-23,6480
3362,先進光,3,0,3,福邦證券,2023-10-23,6480
5284,jpp-KY,3,0,3,福邦證券,2023-10-23,6480
5321,美而快,3,0,3,福邦證券,2023-10-23,6480
4915,致伸,708,30,678,福邦證券,2023-10-24,6480
2438,翔耀,354,0,354,福邦證券,2023-10-24,6480
2382,廣達,268,15,253,福邦證券,2023-10-24,6480
3037,欣興,192,4,188,福邦證券,2023-10-24,6480
2388,威盛,264,166,98,福邦證券,2023-10-24,6480
5009,榮剛,101,20,81,福邦證券,2023-10-24,6480
3044,健鼎,60,0,60,福邦證券,2023-10-24,6480
5210,寶碩,94,34,60,福邦證券,2023-10-24,6480
3548,兆利,62,7,55,福邦證券,2023-10-24,6480
2486,一詮,50,4,46,福邦證券,2023-10-24,6480
6143,振曜,40,0,40,福邦證券,2023-10-24,6480
2883,凱基金,39,0,39,福邦證券,2023-10-24,6480
6026,福邦證,30,1,29,福邦證券,2023-10-24,6480
3704,合勤控,37,10,27,福邦證券,2023-10-24,6480
2462,良得電,22,0,22,福邦證券,2023-10-24,6480
3443,創意,20,0,20,福邦證券,2023-10-24,6480
4979,華星光,71,51,20,福邦證券,2023-10-24,6480
8996,高力,21,1,20,福邦證券,2023-10-24,6480
3231,緯創,185,167,18,福邦證券,2023-10-24,6480
9958,世紀鋼,17,0,17,福邦證券,2023-10-24,6480
3450,聯鈞,15,0,15,福邦證券,2023-10-24,6480
6664,群翊,15,0,15,福邦證券,2023-10-24,6480
2618,長榮航,16,2,14,福邦證券,2023-10-24,6480
2834,臺企銀,14,0,14,福邦證券,2023-10-24,6480
2376,技嘉,14,3,11,福邦證券,2023-10-24,6480
6150,撼訊,11,0,11,福邦證券,2023-10-24,6480
00893,國泰智能電動車,10,0,10,福邦證券,2023-10-24,6480
00637L,元大滬深300正2,10,0,10,福邦證券,2023-10-24,6480
2371,大同,10,0,10,福邦證券,2023-10-24,6480
4129,聯合,10,0,10,福邦證券,2023-10-24,6480
6185,幃翔,10,0,10,福邦證券,2023-10-24,6480
6197,佳必琪,10,0,10,福邦證券,2023-10-24,6480
6762,達亞,10,0,10,福邦證券,2023-10-24,6480
6873,泓德能源,10,0,10,福邦證券,2023-10-24,6480
2395,研華,9,0,9,福邦證券,2023-10-24,6480
6139,亞翔,12,3,9,福邦證券,2023-10-24,6480
2308,台達電,8,0,8,福邦證券,2023-10-24,6480
3521,鴻翊,8,0,8,福邦證券,2023-10-24,6480
5258,虹堡,8,0,8,福邦證券,2023-10-24,6480
00929,復華台灣科技優息,6,0,6,福邦證券,2023-10-24,6480
2516,新建,6,0,6,福邦證券,2023-10-24,6480
3491,昇達科,6,0,6,福邦證券,2023-10-24,6480
00919,群益台灣精選高息,5,0,5,福邦證券,2023-10-24,6480
2886,兆豐金,5,0,5,福邦證券,2023-10-24,6480
3035,智原,8,3,5,福邦證券,2023-10-24,6480
3260,威剛,11,6,5,福邦證券,2023-10-24,6480
8227,巨有科技,15,10,5,福邦證券,2023-10-24,6480
4908,前鼎,5,1,4,福邦證券,2023-10-24,6480
6112,邁達特,4,0,4,福邦證券,2023-10-24,6480
2002,中鋼,3,0,3,福邦證券,2023-10-24,6480
2337,旺宏,899,3,896,福邦證券,2023-10-25,6480
3704,合勤控,604,21,583,福邦證券,2023-10-25,6480
2515,中工,314,15,299,福邦證券,2023-10-25,6480
4960,誠美材,240,0,240,福邦證券,2023-10-25,6480
4979,華星光,172,0,172,福邦證券,2023-10-25,6480
2438,翔耀,164,0,164,福邦證券,2023-10-25,6480
9929,秋雨,103,0,103,福邦證券,2023-10-25,6480
2301,光寶科,55,1,54,福邦證券,2023-10-25,6480
2376,技嘉,47,6,41,福邦證券,2023-10-25,6480
00632R,元大台灣50反1,40,0,40,福邦證券,2023-10-25,6480
2355,敬鵬,50,10,40,福邦證券,2023-10-25,6480
8210,勤誠,40,1,39,福邦證券,2023-10-25,6480
00637L,元大滬深300正2,30,0,30,福邦證券,2023-10-25,6480
3221,台嘉碩,30,0,30,福邦證券,2023-10-25,6480
8299,群聯,30,0,30,福邦證券,2023-10-25,6480
00679B,元大美債20年,51,25,26,福邦證券,2023-10-25,6480
3032,偉訓,25,0,25,福邦證券,2023-10-25,6480
3023,信邦,23,0,23,福邦證券,2023-10-25,6480
6290,良維,29,6,23,福邦證券,2023-10-25,6480
2462,良得電,51,30,21,福邦證券,2023-10-25,6480
2395,研華,20,0,20,福邦證券,2023-10-25,6480
3081,聯亞,20,0,20,福邦證券,2023-10-25,6480
3231,緯創,185,165,20,福邦證券,2023-10-25,6480
4906,正文,20,0,20,福邦證券,2023-10-25,6480
6233,旺玖,20,0,20,福邦證券,2023-10-25,6480
1504,東元,18,0,18,福邦證券,2023-10-25,6480
2405,輔信,15,0,15,福邦證券,2023-10-25,6480
6669,緯穎,15,0,15,福邦證券,2023-10-25,6480
6873,泓德能源,14,0,14,福邦證券,2023-10-25,6480
2002,中鋼,13,0,13,福邦證券,2023-10-25,6480
2317,鴻海,54,41,13,福邦證券,2023-10-25,6480
9958,世紀鋼,29,17,12,福邦證券,2023-10-25,6480
6139,亞翔,12,1,11,福邦證券,2023-10-25,6480
8464,億豐,11,0,11,福邦證券,2023-10-25,6480
8489,三貝德,12,1,11,福邦證券,2023-10-25,6480
2233,宇隆,10,0,10,福邦證券,2023-10-25,6480
3005,神基,10,0,10,福邦證券,2023-10-25,6480
3041,揚智,10,0,10,福邦證券,2023-10-25,6480
3673,TPK-KY,10,0,10,福邦證券,2023-10-25,6480
6185,幃翔,10,0,10,福邦證券,2023-10-25,6480
2369,菱生,10,1,9,福邦證券,2023-10-25,6480
3013,晟銘電,9,0,9,福邦證券,2023-10-25,6480
2404,漢唐,8,0,8,福邦證券,2023-10-25,6480
6695,芯鼎,12,4,8,福邦證券,2023-10-25,6480
4128,中天,7,0,7,福邦證券,2023-10-25,6480
1467,南緯,6,0,6,福邦證券,2023-10-25,6480
5321,美而快,6,0,6,福邦證券,2023-10-25,6480
6257,矽格,6,0,6,福邦證券,2023-10-25,6480
4967,十銓,7,1,6,福邦證券,2023-10-25,6480
1414,東和,5,0,5,福邦證券,2023-10-25,6480
00680L,元大美債20正2,1503,0,1503,福邦證券,2023-10-26,6480
3481,群創,499,18,481,福邦證券,2023-10-26,6480
0056,元大高股息,217,15,202,福邦證券,2023-10-26,6480
2383,台光電,92,3,89,福邦證券,2023-10-26,6480
6290,良維,70,1,69,福邦證券,2023-10-26,6480
5351,鈺創,63,0,63,福邦證券,2023-10-26,6480
2486,一詮,52,0,52,福邦證券,2023-10-26,6480
4806,桂田文創,28,0,28,福邦證券,2023-10-26,6480
2371,大同,21,0,21,福邦證券,2023-10-26,6480
2903,遠百,21,0,21,福邦證券,2023-10-26,6480
00919,群益台灣精選高息,18,0,18,福邦證券,2023-10-26,6480
8171,天宇,17,0,17,福邦證券,2023-10-26,6480
5225,東科-KY,20,5,15,福邦證券,2023-10-26,6480
8464,億豐,15,0,15,福邦證券,2023-10-26,6480
8906,花王,15,0,15,福邦證券,2023-10-26,6480
9958,世紀鋼,17,3,14,福邦證券,2023-10-26,6480
1605,華新,13,0,13,福邦證券,2023-10-26,6480
4581,光隆精密-KY,13,0,13,福邦證券,2023-10-26,6480
6152,百一,13,0,13,福邦證券,2023-10-26,6480
3141,晶宏,12,0,12,福邦證券,2023-10-26,6480
3221,台嘉碩,12,0,12,福邦證券,2023-10-26,6480
3289,宜特,11,0,11,福邦證券,2023-10-26,6480
00720B,元大投資級公司債,10,0,10,福邦證券,2023-10-26,6480
1815,富喬,25,15,10,福邦證券,2023-10-26,6480
3078,僑威,10,0,10,福邦證券,2023-10-26,6480
4533,協易機,10,0,10,福邦證券,2023-10-26,6480
4763,材料-KY,11,1,10,福邦證券,2023-10-26,6480
6530,創威,10,0,10,福邦證券,2023-10-26,6480
6197,佳必琪,10,1,9,福邦證券,2023-10-26,6480
2059,川湖,9,1,8,福邦證券,2023-10-26,6480
2303,聯電,13,5,8,福邦證券,2023-10-26,6480
2344,華邦電,8,0,8,福邦證券,2023-10-26,6480
6231,系微,8,0,8,福邦證券,2023-10-26,6480
1721,三晃,7,0,7,福邦證券,2023-10-26,6480
00878,國泰永續高股息,7,0,7,福邦證券,2023-10-26,6480
3017,奇鋐,8,1,7,福邦證券,2023-10-26,6480
3548,兆利,18,11,7,福邦證券,2023-10-26,6480
6274,台燿,9,2,7,福邦證券,2023-10-26,6480
00931B,統一美債20年,6,0,6,福邦證券,2023-10-26,6480
2892,第一金,6,0,6,福邦證券,2023-10-26,6480
3545,敦泰,6,0,6,福邦證券,2023-10-26,6480
4967,十銓,6,0,6,福邦證券,2023-10-26,6480
2201,裕隆,5,0,5,福邦證券,2023-10-26,6480
006208,富邦台50,5,0,5,福邦證券,2023-10-26,6480
00929,復華台灣科技優息,25,20,5,福邦證券,2023-10-26,6480
2405,輔信,5,0,5,福邦證券,2023-10-26,6480
2485,兆赫,5,0,5,福邦證券,2023-10-26,6480
2867,三商壽,5,0,5,福邦證券,2023-10-26,6480
3005,神基,5,0,5,福邦證券,2023-10-26,6480
4128,中天,5,0,5,福邦證券,2023-10-26,6480
2337,旺宏,302,0,302,福邦證券,2023-10-27,6480
3017,奇鋐,257,23,234,福邦證券,2023-10-27,6480
00632R,元大台灣50反1,230,0,230,福邦證券,2023-10-27,6480
6285,啟��,200,0,200,福邦證券,2023-10-27,6480
1721,三晃,68,0,68,福邦證券,2023-10-27,6480
4806,桂田文創,65,0,65,福邦證券,2023-10-27,6480
5210,寶碩,65,0,65,福邦證券,2023-10-27,6480
2408,南亞科,50,0,50,福邦證券,2023-10-27,6480
5439,高技,50,0,50,福邦證券,2023-10-27,6480
2303,聯電,50,5,45,福邦證券,2023-10-27,6480
3010,華立,40,0,40,福邦證券,2023-10-27,6480
8916,光隆,40,0,40,福邦證券,2023-10-27,6480
2883,凱基金,34,0,34,福邦證券,2023-10-27,6480
8227,巨有科技,29,0,29,福邦證券,2023-10-27,6480
8422,可寧衛,28,0,28,福邦證券,2023-10-27,6480
3025,星通,25,0,25,福邦證券,2023-10-27,6480
3548,兆利,24,0,24,福邦證券,2023-10-27,6480
8171,天宇,29,5,24,福邦證券,2023-10-27,6480
3032,偉訓,30,12,18,福邦證券,2023-10-27,6480
3005,神基,15,0,15,福邦證券,2023-10-27,6480
3141,晶宏,13,0,13,福邦證券,2023-10-27,6480
3260,威剛,12,0,12,福邦證券,2023-10-27,6480
2233,宇隆,11,0,11,福邦證券,2023-10-27,6480
2903,遠百,11,0,11,福邦證券,2023-10-27,6480
00929,復華台灣科技優息,20,10,10,福邦證券,2023-10-27,6480
1815,富喬,10,0,10,福邦證券,2023-10-27,6480
2371,大同,20,10,10,福邦證券,2023-10-27,6480
2457,飛宏,10,0,10,福邦證券,2023-10-27,6480
2890,永豐金,10,0,10,福邦證券,2023-10-27,6480
5321,美而快,10,0,10,福邦證券,2023-10-27,6480
6672,騰輝電子-KY,10,0,10,福邦證券,2023-10-27,6480
8085,福華,10,0,10,福邦證券,2023-10-27,6480
2465,麗臺,10,1,9,福邦證券,2023-10-27,6480
2002,中鋼,8,0,8,福邦證券,2023-10-27,6480
2888,新光金,8,0,8,福邦證券,2023-10-27,6480
6679,鈺太,8,0,8,福邦證券,2023-10-27,6480
2206,三陽工業,6,0,6,福邦證券,2023-10-27,6480
2867,三商壽,11,5,6,福邦證券,2023-10-27,6480
3704,合勤控,6,0,6,福邦證券,2023-10-27,6480
4584,君帆,6,0,6,福邦證券,2023-10-27,6480
1472,三洋實業,5,0,5,福邦證券,2023-10-27,6480
2538,基泰,5,0,5,福邦證券,2023-10-27,6480
2637,慧洋-KY,5,0,5,福邦證券,2023-10-27,6480
4739,康普,5,0,5,福邦證券,2023-10-27,6480
8110,華東,5,0,5,福邦證券,2023-10-27,6480
4908,前鼎,4,0,4,福邦證券,2023-10-27,6480
4967,十銓,4,0,4,福邦證券,2023-10-27,6480
6695,芯鼎,5,1,4,福邦證券,2023-10-27,6480
1701,中化,3,0,3,福邦證券,2023-10-27,6480
2486,一詮,5,2,3,福邦證券,2023-10-27,6480
2354,鴻準,600,0,600,福邦證券,2023-10-30,6480
00878,國泰永續高股息,108,0,108,福邦證券,2023-10-30,6480
3234,光環,100,0,100,福邦證券,2023-10-30,6480
8171,天宇,86,0,86,福邦證券,2023-10-30,6480
3231,緯創,64,0,64,福邦證券,2023-10-30,6480
6143,振曜,36,0,36,福邦證券,2023-10-30,6480
00687B,國泰20年美債,91,60,31,福邦證券,2023-10-30,6480
1722,台肥,30,0,30,福邦證券,2023-10-30,6480
1210,大成,30,0,30,福邦證券,2023-10-30,6480
8088,品安,25,2,23,福邦證券,2023-10-30,6480
3023,信邦,20,0,20,福邦證券,2023-10-30,6480
6117,迎廣,35,15,20,福邦證券,2023-10-30,6480
6120,達運,15,0,15,福邦證券,2023-10-30,6480
6111,大宇資,12,0,12,福邦證券,2023-10-30,6480
4979,華星光,10,0,10,福邦證券,2023-10-30,6480
6126,信音,10,0,10,福邦證券,2023-10-30,6480
2888,新光金,8,0,8,福邦證券,2023-10-30,6480
2330,台積電,8,0,8,福邦證券,2023-10-30,6480
2883,凱基金,7,0,7,福邦證券,2023-10-30,6480
6477,安集,10,3,7,福邦證券,2023-10-30,6480
3037,欣興,26,20,6,福邦證券,2023-10-30,6480
2061,風青,5,0,5,福邦證券,2023-10-30,6480
00632R,元大台灣50反1,20,15,5,福邦證券,2023-10-30,6480
00751B,元大AAA至A公司債,15,10,5,福邦證券,2023-10-30,6480
2607,榮運,5,0,5,福邦證券,2023-10-30,6480
2886,兆豐金,5,0,5,福邦證券,2023-10-30,6480
3704,合勤控,10,5,5,福邦證券,2023-10-30,6480
6443,元晶,5,0,5,福邦證券,2023-10-30,6480
8240,華宏,5,0,5,福邦證券,2023-10-30,6480
8358,金居,5,0,5,福邦證券,2023-10-30,6480
2369,菱生,4,0,4,福邦證券,2023-10-30,6480
1524,耿鼎,3,0,3,福邦證券,2023-10-30,6480
1513,中興電,3,0,3,福邦證券,2023-10-30,6480
1721,三晃,3,0,3,福邦證券,2023-10-30,6480
3171,炎洲流通,3,0,3,福邦證券,2023-10-30,6480
3205,佰研,3,0,3,福邦證券,2023-10-30,6480
3576,聯合再生,3,0,3,福邦證券,2023-10-30,6480
4147,中裕,3,0,3,福邦證券,2023-10-30,6480
4763,材料-KY,3,0,3,福邦證券,2023-10-30,6480
4806,桂田文創,3,0,3,福邦證券,2023-10-30,6480
4973,廣穎,3,0,3,福邦證券,2023-10-30,6480
6142,友勁,3,0,3,福邦證券,2023-10-30,6480
6591,動力-KY,3,0,3,福邦證券,2023-10-30,6480
00795B,中信美國公債20年,2,0,2,福邦證券,2023-10-30,6480
00900,富邦特選高股息30,2,0,2,福邦證券,2023-10-30,6480
1795,美時,47,45,2,福邦證券,2023-10-30,6480
2059,川湖,2,0,2,福邦證券,2023-10-30,6480
2376,技嘉,14,12,2,福邦證券,2023-10-30,6480
2489,瑞軒,2,0,2,福邦證券,2023-10-30,6480
2885,元大金,2,0,2,福邦證券,2023-10-30,6480
3035,智原,160,0,160,福邦證券,2023-10-31,6480
8171,天宇,133,0,133,福邦證券,2023-10-31,6480
5210,寶碩,82,0,82,福邦證券,2023-10-31,6480
4979,華星光,42,2,40,福邦證券,2023-10-31,6480
2376,技嘉,57,25,32,福邦證券,2023-10-31,6480
1301,台塑,31,0,31,福邦證券,2023-10-31,6480
00637L,元大滬深300正2,30,0,30,福邦證券,2023-10-31,6480
8936,國統,30,0,30,福邦證券,2023-10-31,6480
1605,華新,33,4,29,福邦證券,2023-10-31,6480
3141,晶宏,30,1,29,福邦證券,2023-10-31,6480
2535,達欣工,26,0,26,福邦證券,2023-10-31,6480
2017,官田鋼,50,30,20,福邦證券,2023-10-31,6480
2409,友達,20,0,20,福邦證券,2023-10-31,6480
4806,桂田文創,20,0,20,福邦證券,2023-10-31,6480
2345,智邦,23,5,18,福邦證券,2023-10-31,6480
2421,建準,18,0,18,福邦證券,2023-10-31,6480
6593,台灣銘板,16,0,16,福邦證券,2023-10-31,6480
6664,群翊,15,0,15,福邦證券,2023-10-31,6480
8358,金居,15,0,15,福邦證券,2023-10-31,6480
2059,川湖,14,0,14,福邦證券,2023-10-31,6480
00878,國泰永續高股息,14,0,14,福邦證券,2023-10-31,6480
3289,宜特,13,0,13,福邦證券,2023-10-31,6480
2395,研華,11,0,11,福邦證券,2023-10-31,6480
00650L,復華香港正2,20,10,10,福邦證券,2023-10-31,6480
1303,南亞,10,0,10,福邦證券,2023-10-31,6480
2607,榮運,10,0,10,福邦證券,2023-10-31,6480
3346,麗清,10,0,10,福邦證券,2023-10-31,6480
4510,高鋒,10,0,10,福邦證券,2023-10-31,6480
6170,統振,10,0,10,福邦證券,2023-10-31,6480
8933,愛地雅,10,0,10,福邦證券,2023-10-31,6480
2233,宇隆,10,1,9,福邦證券,2023-10-31,6480
4584,君帆,8,0,8,福邦證券,2023-10-31,6480
5321,美而快,8,0,8,福邦證券,2023-10-31,6480
1795,美時,10,3,7,福邦證券,2023-10-31,6480
9938,百和,7,0,7,福邦證券,2023-10-31,6480
2313,華通,8,2,6,福邦證券,2023-10-31,6480
2388,威盛,164,158,6,福邦證券,2023-10-31,6480
3234,光環,6,0,6,福邦證券,2023-10-31,6480
6558,興能高,6,0,6,福邦證券,2023-10-31,6480
1586,和勤,12,7,5,福邦證券,2023-10-31,6480
2368,金像電,6,1,5,福邦證券,2023-10-31,6480
2457,飛宏,5,0,5,福邦證券,2023-10-31,6480
2867,三商壽,5,0,5,福邦證券,2023-10-31,6480
4128,中天,5,0,5,福邦證券,2023-10-31,6480
6120,達運,20,15,5,福邦證券,2023-10-31,6480
8040,九暘,5,0,5,福邦證券,2023-10-31,6480
9955,佳龍,5,0,5,福邦證券,2023-10-31,6480
00919,群益台灣精選高息,4,0,4,福邦證券,2023-10-31,6480
3122,笙泉,12,8,4,福邦證券,2023-10-31,6480
3491,昇達科,4,0,4,福邦證券,2023-10-31,6480
2890,永豐金,90,0,90,福邦證券,2023-11-01,6480
1560,中砂,78,1,77,福邦證券,2023-11-01,6480
4979,華星光,58,6,52,福邦證券,2023-11-01,6480
00929,復華台灣科技優息,53,10,43,福邦證券,2023-11-01,6480
4806,桂田文創,40,0,40,福邦證券,2023-11-01,6480
3596,智易,32,2,30,福邦證券,2023-11-01,6480
1449,佳和,26,1,25,福邦證券,2023-11-01,6480
8171,天宇,24,0,24,福邦證券,2023-11-01,6480
3443,創意,20,0,20,福邦證券,2023-11-01,6480
3023,信邦,18,0,18,福邦證券,2023-11-01,6480
2017,官田鋼,15,0,15,福邦證券,2023-11-01,6480
3032,偉訓,15,0,15,福邦證券,2023-11-01,6480
3701,大眾控,15,0,15,福邦證券,2023-11-01,6480
6279,胡連,14,0,14,福邦證券,2023-11-01,6480
6664,群翊,14,0,14,福邦證券,2023-11-01,6480
00878,國泰永續高股息,12,0,12,福邦證券,2023-11-01,6480
6416,瑞祺電通,12,0,12,福邦證券,2023-11-01,6480
00679B,元大美債20年,11,0,11,福邦證券,2023-11-01,6480
2454,聯發科,11,0,11,福邦證券,2023-11-01,6480
2308,台達電,10,0,10,福邦證券,2023-11-01,6480
2328,廣宇,10,0,10,福邦證券,2023-11-01,6480
3533,嘉澤,11,1,10,福邦證券,2023-11-01,6480
5345,天揚,10,0,10,福邦證券,2023-11-01,6480
6220,岳豐,15,5,10,福邦證券,2023-11-01,6480
00633L,富邦上証正2,13,5,8,福邦證券,2023-11-01,6480
2427,三商電,8,0,8,福邦證券,2023-11-01,6480
2371,大同,20,13,7,福邦證券,2023-11-01,6480
2027,大成鋼,6,0,6,福邦證券,2023-11-01,6480
00935,野村臺灣新科技50,5,0,5,福邦證券,2023-11-01,6480
2061,風青,5,0,5,福邦證券,2023-11-01,6480
2392,正崴,5,0,5,福邦證券,2023-11-01,6480
3035,智原,6,1,5,福邦證券,2023-11-01,6480
3078,僑威,6,1,5,福邦證券,2023-11-01,6480
3346,麗清,5,0,5,福邦證券,2023-11-01,6480
3587,閎康,5,0,5,福邦證券,2023-11-01,6480
3715,定穎投控,6,1,5,福邦證券,2023-11-01,6480
2317,鴻海,7,3,4,福邦證券,2023-11-01,6480
6166,凌華,4,0,4,福邦證券,2023-11-01,6480
00751B,元大AAA至A公司債,3,0,3,福邦證券,2023-11-01,6480
00720B,元大投資級公司債,3,0,3,福邦證券,2023-11-01,6480
2362,藍天,3,0,3,福邦證券,2023-11-01,6480
3138,耀登,3,0,3,福邦證券,2023-11-01,6480
3289,宜特,3,0,3,福邦證券,2023-11-01,6480
5225,東科-KY,3,0,3,福邦證券,2023-11-01,6480
6120,達運,18,15,3,福邦證券,2023-11-01,6480
1319,東陽,2,0,2,福邦證券,2023-11-01,6480
2108,南帝,2,0,2,福邦證券,2023-11-01,6480
00795B,中信美國公債20年,2,0,2,福邦證券,2023-11-01,6480
1455,集盛,2,0,2,福邦證券,2023-11-01,6480
1268,漢來美食,5,3,2,福邦證券,2023-11-01,6480
1815,富喬,506,25,481,福邦證券,2023-11-02,6480
5439,高技,120,0,120,福邦證券,2023-11-02,6480
1598,岱宇,100,0,100,福邦證券,2023-11-02,6480
8110,華東,100,0,100,福邦證券,2023-11-02,6480
2301,光寶科,100,1,99,福邦證券,2023-11-02,6480
3715,定穎投控,109,12,97,福邦證券,2023-11-02,6480
00632R,元大台灣50反1,90,0,90,福邦證券,2023-11-02,6480
8210,勤誠,71,1,70,福邦證券,2023-11-02,6480
3036,文曄,50,0,50,福邦證券,2023-11-02,6480
3587,閎康,40,0,40,福邦證券,2023-11-02,6480
4979,華星光,29,0,29,福邦證券,2023-11-02,6480
5258,虹堡,26,0,26,福邦證券,2023-11-02,6480
6488,環球晶,23,0,23,福邦證券,2023-11-02,6480
3017,奇鋐,31,10,21,福邦證券,2023-11-02,6480
6290,良維,21,0,21,福邦證券,2023-11-02,6480
8936,國統,20,1,19,福邦證券,2023-11-02,6480
00929,復華台灣科技優息,20,2,18,福邦證券,2023-11-02,6480
6274,台燿,21,3,18,福邦證券,2023-11-02,6480
2376,技嘉,34,17,17,福邦證券,2023-11-02,6480
5483,中美晶,15,0,15,福邦證券,2023-11-02,6480
5864,致和證,15,0,15,福邦證券,2023-11-02,6480
8171,天宇,12,0,12,福邦證券,2023-11-02,6480
2457,飛宏,11,0,11,福邦證券,2023-11-02,6480
8086,宏捷科,11,0,11,福邦證券,2023-11-02,6480
2883,凱基金,20,9,11,福邦證券,2023-11-02,6480
1605,華新,10,0,10,福邦證券,2023-11-02,6480
2395,研華,10,0,10,福邦證券,2023-11-02,6480
2603,長榮,10,0,10,福邦證券,2023-11-02,6480
3041,揚智,10,0,10,福邦證券,2023-11-02,6480
5209,新鼎,10,0,10,福邦證券,2023-11-02,6480
6150,撼訊,12,2,10,福邦證券,2023-11-02,6480
8271,宇瞻,30,20,10,福邦證券,2023-11-02,6480
1609,大亞,20,11,9,福邦證券,2023-11-02,6480
4906,正文,10,2,8,福邦證券,2023-11-02,6480
5321,美而快,8,0,8,福邦證券,2023-11-02,6480
6830,汎銓,8,0,8,福邦證券,2023-11-02,6480
1586,和勤,14,7,7,福邦證券,2023-11-02,6480
3006,晶豪科,10,3,7,福邦證券,2023-11-02,6480
2382,廣達,18,12,6,福邦證券,2023-11-02,6480
2867,三商壽,6,0,6,福邦證券,2023-11-02,6480
3234,光環,6,0,6,福邦證券,2023-11-02,6480
3363,上詮,6,0,6,福邦證券,2023-11-02,6480
6176,瑞儀,6,0,6,福邦證券,2023-11-02,6480
2438,翔耀,5,0,5,福邦證券,2023-11-02,6480
2736,富野,5,0,5,福邦證券,2023-11-02,6480
3289,宜特,5,0,5,福邦證券,2023-11-02,6480
4960,誠美材,5,0,5,福邦證券,2023-11-02,6480
00900,富邦特選高股息30,4,0,4,福邦證券,2023-11-02,6480
2303,聯電,9,5,4,福邦證券,2023-11-02,6480
2363,矽統,4,0,4,福邦證券,2023-11-02,6480
2301,光寶科,302,1,301,福邦證券,2023-11-03,6480
6235,華孚,159,1,158,福邦證券,2023-11-03,6480
2633,台灣高鐵,122,0,122,福邦證券,2023-11-03,6480
00934,中信成長高股息,112,0,112,福邦證券,2023-11-03,6480
2727,王品,110,0,110,福邦證券,2023-11-03,6480
1560,中砂,100,2,98,福邦證券,2023-11-03,6480
2345,智邦,88,0,88,福邦證券,2023-11-03,6480
3322,建舜電,100,35,65,福邦證券,2023-11-03,6480
8936,國統,109,45,64,福邦證券,2023-11-03,6480
5309,系統電,61,0,61,福邦證券,2023-11-03,6480
3227,原相,59,7,52,福邦證券,2023-11-03,6480
1598,岱宇,50,0,50,福邦證券,2023-11-03,6480
2352,佳世達,50,0,50,福邦證券,2023-11-03,6480
8210,勤誠,46,0,46,福邦證券,2023-11-03,6480
3680,家登,40,0,40,福邦證券,2023-11-03,6480
1815,富喬,134,99,35,福邦證券,2023-11-03,6480
3122,笙泉,30,3,27,福邦證券,2023-11-03,6480
2303,聯電,27,3,24,福邦證券,2023-11-03,6480
2393,億光,23,0,23,福邦證券,2023-11-03,6480
00878,國泰永續高股息,22,0,22,福邦證券,2023-11-03,6480
4979,華星光,22,0,22,福邦證券,2023-11-03,6480
1711,永光,20,0,20,福邦證券,2023-11-03,6480
3228,金麗科,20,0,20,福邦證券,2023-11-03,6480
2327,國巨,19,0,19,福邦證券,2023-11-03,6480
2368,金像電,51,34,17,福邦證券,2023-11-03,6480
8422,可寧衛,17,0,17,福邦證券,2023-11-03,6480
5864,致和證,15,0,15,福邦證券,2023-11-03,6480
6538,倉和,15,0,15,福邦證券,2023-11-03,6480
3289,宜特,13,0,13,福邦證券,2023-11-03,6480
3017,奇鋐,12,0,12,福邦證券,2023-11-03,6480
3035,智原,14,2,12,福邦證券,2023-11-03,6480
5439,高技,11,0,11,福邦證券,2023-11-03,6480
1449,佳和,10,0,10,福邦證券,2023-11-03,6480
3006,晶豪科,10,0,10,福邦證券,2023-11-03,6480
5321,美而快,10,0,10,福邦證券,2023-11-03,6480
6176,瑞儀,10,0,10,福邦證券,2023-11-03,6480
6188,廣明,10,0,10,福邦證券,2023-11-03,6480
6488,環球晶,10,0,10,福邦證券,2023-11-03,6480
6762,達亞,10,0,10,福邦證券,2023-11-03,6480
2330,台積電,11,1,10,福邦證券,2023-11-03,6480
3036,文曄,8,0,8,福邦證券,2023-11-03,6480
2363,矽統,16,9,7,福邦證券,2023-11-03,6480
3234,光環,10,3,7,福邦證券,2023-11-03,6480
3491,昇達科,7,0,7,福邦證券,2023-11-03,6480
020031,統一IC設計臺灣N,6,0,6,福邦證券,2023-11-03,6480
00719B,元大美債1-3,6,0,6,福邦證券,2023-11-03,6480
6213,聯茂,7,1,6,福邦證券,2023-11-03,6480
6220,岳豐,6,0,6,福邦證券,2023-11-03,6480
6414,樺漢,6,0,6,福邦證券,2023-11-03,6480
6806,森崴能源,6,0,6,福邦證券,2023-11-03,6480
2480,敦陽科,188,1,187,福邦證券,2023-11-06,6480
6223,旺矽,151,1,150,福邦證券,2023-11-06,6480
2486,一詮,109,0,109,福邦證券,2023-11-06,6480
2301,光寶科,106,0,106,福邦證券,2023-11-06,6480
020031,統一IC設計臺灣N,100,0,100,福邦證券,2023-11-06,6480
6288,聯嘉,100,0,100,福邦證券,2023-11-06,6480
6531,愛普*,100,0,100,福邦證券,2023-11-06,6480
8210,勤誠,101,1,100,福邦證券,2023-11-06,6480
5210,寶碩,102,10,92,福邦證券,2023-11-06,6480
1598,岱宇,50,0,50,福邦證券,2023-11-06,6480
2390,云辰,129,79,50,福邦證券,2023-11-06,6480
5309,系統電,50,0,50,福邦證券,2023-11-06,6480
8176,智捷,50,0,50,福邦證券,2023-11-06,6480
4979,華星光,49,0,49,福邦證券,2023-11-06,6480
8936,國統,61,22,39,福邦證券,2023-11-06,6480
3324,雙鴻,45,10,35,福邦證券,2023-11-06,6480
00929,復華台灣科技優息,36,6,30,福邦證券,2023-11-06,6480
00637L,元大滬深300正2,31,1,30,福邦證券,2023-11-06,6480
8431,匯鑽科,44,18,26,福邦證券,2023-11-06,6480
5452,佶優,24,0,24,福邦證券,2023-11-06,6480
8034,榮群,24,0,24,福邦證券,2023-11-06,6480
3230,錦明,20,0,20,福邦證券,2023-11-06,6480
6139,亞翔,20,0,20,福邦證券,2023-11-06,6480
3023,信邦,19,0,19,福邦證券,2023-11-06,6480
5284,jpp-KY,18,0,18,福邦證券,2023-11-06,6480
6538,倉和,18,0,18,福邦證券,2023-11-06,6480
6412,群電,16,0,16,福邦證券,2023-11-06,6480
3050,鈺德,15,0,15,福邦證券,2023-11-06,6480
00719B,元大美債1-3,13,0,13,福邦證券,2023-11-06,6480
00680L,元大美債20正2,20,8,12,福邦證券,2023-11-06,6480
1586,和勤,29,19,10,福邦證券,2023-11-06,6480
00679B,元大美債20年,10,0,10,福邦證券,2023-11-06,6480
00720B,元大投資級公司債,12,2,10,福邦證券,2023-11-06,6480
1449,佳和,92,82,10,福邦證券,2023-11-06,6480
2376,技嘉,180,170,10,福邦證券,2023-11-06,6480
2462,良得電,10,0,10,福邦證券,2023-11-06,6480
2476,鉅祥,10,0,10,福邦證券,2023-11-06,6480
2816,旺旺保,10,0,10,福邦證券,2023-11-06,6480
5521,工信,12,2,10,福邦證券,2023-11-06,6480
6188,廣明,10,0,10,福邦證券,2023-11-06,6480
9105,泰金寶-DR,10,0,10,福邦證券,2023-11-06,6480
2368,金像電,25,16,9,福邦證券,2023-11-06,6480
5222,全訊,9,0,9,福邦證券,2023-11-06,6480
3228,金麗科,10,2,8,福邦證券,2023-11-06,6480
3545,敦泰,12,4,8,福邦證券,2023-11-06,6480
00935,野村臺灣新科技50,7,0,7,福邦證券,2023-11-06,6480
1731,美吾華,7,0,7,福邦證券,2023-11-06,6480
2233,宇隆,7,0,7,福邦證券,2023-11-06,6480
8054,安國,10,3,7,福邦證券,2023-11-06,6480
2357,華碩,6,0,6,福邦證券,2023-11-06,6480
2337,旺宏,310,19,291,福邦證券,2023-11-07,6480
3711,日月光投控,300,34,266,福邦證券,2023-11-07,6480
2376,技嘉,179,22,157,福邦證券,2023-11-07,6480
5347,世界,150,9,141,福邦證券,2023-11-07,6480
6239,力成,140,7,133,福邦證券,2023-11-07,6480
2382,廣達,284,167,117,福邦證券,2023-11-07,6480
1598,岱宇,100,0,100,福邦證券,2023-11-07,6480
00795B,中信美國公債20年,85,0,85,福邦證券,2023-11-07,6480
8431,匯鑽科,57,0,57,福邦證券,2023-11-07,6480
2363,矽統,53,0,53,福邦證券,2023-11-07,6480
00751B,元大AAA至A公司債,44,0,44,福邦證券,2023-11-07,6480
3035,智原,52,8,44,福邦證券,2023-11-07,6480
3324,雙鴻,44,1,43,福邦證券,2023-11-07,6480
4763,材料-KY,27,2,25,福邦證券,2023-11-07,6480
3023,信邦,24,0,24,福邦證券,2023-11-07,6480
3141,晶宏,24,0,24,福邦證券,2023-11-07,6480
2017,官田鋼,20,0,20,福邦證券,2023-11-07,6480
3529,力旺,21,1,20,福邦證券,2023-11-07,6480
3530,晶相光,20,0,20,福邦證券,2023-11-07,6480
5469,瀚宇博,20,0,20,福邦證券,2023-11-07,6480
00772B,中信高評級公司債,18,0,18,福邦證券,2023-11-07,6480
1795,美時,16,1,15,福邦證券,2023-11-07,6480
00679B,元大美債20年,15,0,15,福邦證券,2023-11-07,6480
5309,系統電,15,0,15,福邦證券,2023-11-07,6480
2421,建準,13,1,12,福邦證券,2023-11-07,6480
3228,金麗科,23,11,12,福邦證券,2023-11-07,6480
3611,鼎翰,12,0,12,福邦證券,2023-11-07,6480
00720B,元大投資級公司債,11,0,11,福邦證券,2023-11-07,6480
3260,威剛,11,0,11,福邦證券,2023-11-07,6480
1449,佳和,10,0,10,福邦證券,2023-11-07,6480
2850,新產,10,0,10,福邦證券,2023-11-07,6480
3576,聯合再生,10,0,10,福邦證券,2023-11-07,6480
6873,泓德能源,10,0,10,福邦證券,2023-11-07,6480
8171,天宇,12,2,10,福邦證券,2023-11-07,6480
8422,可寧衛,10,0,10,福邦證券,2023-11-07,6480
00764B,群益25年美債,9,0,9,福邦證券,2023-11-07,6480
2362,藍天,9,0,9,福邦證券,2023-11-07,6480
2371,大同,9,0,9,福邦證券,2023-11-07,6480
2515,中工,10,1,9,福邦證券,2023-11-07,6480
6284,佳邦,13,4,9,福邦證券,2023-11-07,6480
6491,晶碩,10,1,9,福邦證券,2023-11-07,6480
8084,巨虹,10,1,9,福邦證券,2023-11-07,6480
2002,中鋼,8,0,8,福邦證券,2023-11-07,6480
2388,威盛,8,0,8,福邦證券,2023-11-07,6480
4746,台耀,7,0,7,福邦證券,2023-11-07,6480
8467,波力-KY,7,0,7,福邦證券,2023-11-07,6480
2377,微星,6,0,6,福邦證券,2023-11-07,6480
2705,六福,6,0,6,福邦證券,2023-11-07,6480
5434,崇越,6,0,6,福邦證券,2023-11-07,6480
8210,勤誠,8,2,6,福邦證券,2023-11-07,6480
3231,緯創,716,3,713,福邦證券,2023-11-08,6480
2204,中華,316,0,316,福邦證券,2023-11-08,6480
1609,大亞,170,0,170,福邦證券,2023-11-08,6480
00936,台新永續高息中小,140,0,140,福邦證券,2023-11-08,6480
3017,奇鋐,128,4,124,福邦證券,2023-11-08,6480
3034,聯詠,122,6,116,福邦證券,2023-11-08,6480
3023,信邦,100,0,100,福邦證券,2023-11-08,6480
1584,精剛,85,0,85,福邦證券,2023-11-08,6480
3141,晶宏,83,0,83,福邦證券,2023-11-08,6480
4743,合一,61,0,61,福邦證券,2023-11-08,6480
2382,廣達,157,100,57,福邦證券,2023-11-08,6480
00715L,期街口布蘭特正2,73,20,53,福邦證券,2023-11-08,6480
3035,智原,50,4,46,福邦證券,2023-11-08,6480
4967,十銓,46,0,46,福邦證券,2023-11-08,6480
2903,遠百,41,0,41,福邦證券,2023-11-08,6480
5210,寶碩,36,5,31,福邦證券,2023-11-08,6480
4968,立積,31,1,30,福邦證券,2023-11-08,6480
6531,愛普*,39,10,29,福邦證券,2023-11-08,6480
6669,緯穎,29,1,28,福邦證券,2023-11-08,6480
3363,上詮,25,0,25,福邦證券,2023-11-08,6480
8171,天宇,27,2,25,福邦證券,2023-11-08,6480
3217,優群,22,0,22,福邦證券,2023-11-08,6480
1319,東陽,21,0,21,福邦證券,2023-11-08,6480
8916,光隆,21,0,21,福邦證券,2023-11-08,6480
5309,系統電,30,10,20,福邦證券,2023-11-08,6480
8034,榮群,20,0,20,福邦證券,2023-11-08,6480
00919,群益台灣精選高息,17,0,17,福邦證券,2023-11-08,6480
6538,倉和,16,0,16,福邦證券,2023-11-08,6480
6120,達運,35,20,15,福邦證券,2023-11-08,6480
6288,聯嘉,15,0,15,福邦證券,2023-11-08,6480
8936,國統,13,0,13,福邦證券,2023-11-08,6480
2486,一詮,18,6,12,福邦證券,2023-11-08,6480
00900,富邦特選高股息30,12,0,12,福邦證券,2023-11-08,6480
1605,華新,12,0,12,福邦證券,2023-11-08,6480
2867,三商壽,12,0,12,福邦證券,2023-11-08,6480
3228,金麗科,12,0,12,福邦證券,2023-11-08,6480
1586,和勤,25,14,11,福邦證券,2023-11-08,6480
2891,中信金,10,0,10,福邦證券,2023-11-08,6480
3078,僑威,10,0,10,福邦證券,2023-11-08,6480
3167,大量,10,0,10,福邦證券,2023-11-08,6480
6117,迎廣,16,6,10,福邦證券,2023-11-08,6480
6762,達亞,10,0,10,福邦證券,2023-11-08,6480
8422,可寧衛,10,0,10,福邦證券,2023-11-08,6480
3694,海華,9,0,9,福邦證券,2023-11-08,6480
3008,大立光,8,0,8,福邦證券,2023-11-08,6480
6122,擎邦,8,0,8,福邦證券,2023-11-08,6480
8084,巨虹,8,0,8,福邦證券,2023-11-08,6480
4979,華星光,27,20,7,福邦證券,2023-11-08,6480
6111,大宇資,7,0,7,福邦證券,2023-11-08,6480
2301,光寶科,5,0,5,福邦證券,2023-11-08,6480
00632R,元大台灣50反1,700,0,700,福邦證券,2023-11-09,6480
3231,緯創,250,23,227,福邦證券,2023-11-09,6480
1584,精剛,227,85,142,福邦證券,2023-11-09,6480
2376,技嘉,280,151,129,福邦證券,2023-11-09,6480
00676R,富邦臺灣加權反1,100,0,100,福邦證券,2023-11-09,6480
1402,遠東新,100,5,95,福邦證券,2023-11-09,6480
5309,系統電,37,0,37,福邦證券,2023-11-09,6480
8171,天宇,41,5,36,福邦證券,2023-11-09,6480
00715L,期街口布蘭特正2,54,25,29,福邦證券,2023-11-09,6480
5452,佶優,30,3,27,福邦證券,2023-11-09,6480
3715,定穎投控,26,1,25,福邦證券,2023-11-09,6480
00642U,期元大S＆P石油,20,0,20,福邦證券,2023-11-09,6480
00895,富邦未來車,20,0,20,福邦證券,2023-11-09,6480
2305,全友,20,0,20,福邦證券,2023-11-09,6480
5371,中光電,20,0,20,福邦證券,2023-11-09,6480
1760,寶齡富錦,20,1,19,福邦證券,2023-11-09,6480
1605,華新,19,0,19,福邦證券,2023-11-09,6480
3141,晶宏,20,1,19,福邦證券,2023-11-09,6480
3548,兆利,40,21,19,福邦證券,2023-11-09,6480
5439,高技,20,1,19,福邦證券,2023-11-09,6480
2897,王道銀行,18,0,18,福邦證券,2023-11-09,6480
1560,中砂,117,101,16,福邦證券,2023-11-09,6480
3122,笙泉,14,0,14,福邦證券,2023-11-09,6480
6873,泓德能源,14,0,14,福邦證券,2023-11-09,6480
8431,匯鑽科,13,0,13,福邦證券,2023-11-09,6480
2867,三商壽,12,0,12,福邦證券,2023-11-09,6480
4967,十銓,13,1,12,福邦證券,2023-11-09,6480
2330,台積電,12,1,11,福邦證券,2023-11-09,6480
3346,麗清,11,0,11,福邦證券,2023-11-09,6480
6290,良維,11,0,11,福邦證券,2023-11-09,6480
1580,新麥,9,0,9,福邦證券,2023-11-09,6480
2427,三商電,8,0,8,福邦證券,2023-11-09,6480
3221,台嘉碩,8,1,7,福邦證券,2023-11-09,6480
3260,威剛,7,0,7,福邦證券,2023-11-09,6480
2357,華碩,7,1,6,福邦證券,2023-11-09,6480
2365,昆盈,6,0,6,福邦證券,2023-11-09,6480
1784,訊聯,5,0,5,福邦證券,2023-11-09,6480
2017,官田鋼,5,0,5,福邦證券,2023-11-09,6480
3167,大量,5,0,5,福邦證券,2023-11-09,6480
5225,東科-KY,5,0,5,福邦證券,2023-11-09,6480
6214,精誠,5,0,5,福邦證券,2023-11-09,6480
6664,群翊,7,2,5,福邦證券,2023-11-09,6480
8240,華宏,9,4,5,福邦證券,2023-11-09,6480
00929,復華台灣科技優息,4,0,4,福邦證券,2023-11-09,6480
2359,所羅門,4,0,4,福邦證券,2023-11-09,6480
2362,藍天,4,0,4,福邦證券,2023-11-09,6480
2609,陽明,5,1,4,福邦證券,2023-11-09,6480
2888,新光金,4,0,4,福邦證券,2023-11-09,6480
3617,碩天,4,0,4,福邦證券,2023-11-09,6480
4119,旭富,4,0,4,福邦證券,2023-11-09,6480
2303,聯電,410,0,410,福邦證券,2023-11-10,6480
8171,天宇,132,0,132,福邦證券,2023-11-10,6480
8155,博智,120,0,120,福邦證券,2023-11-10,6480
6147,頎邦,113,0,113,福邦證券,2023-11-10,6480
2449,京元電子,102,0,102,福邦證券,2023-11-10,6480
3711,日月光投控,100,0,100,福邦證券,2023-11-10,6480
6182,合晶,100,0,100,福邦證券,2023-11-10,6480
6239,力成,100,0,100,福邦證券,2023-11-10,6480
8069,元太,30,0,30,福邦證券,2023-11-10,6480
9939,宏全,30,0,30,福邦證券,2023-11-10,6480
4979,華星光,78,50,28,福邦證券,2023-11-10,6480
6901,鑽石投資,23,0,23,福邦證券,2023-11-10,6480
1586,和勤,73,51,22,福邦證券,2023-11-10,6480
2002,中鋼,21,0,21,福邦證券,2023-11-10,6480
3548,兆利,60,40,20,福邦證券,2023-11-10,6480
6592,和潤企業,20,0,20,福邦證券,2023-11-10,6480
8054,安國,29,10,19,福邦證券,2023-11-10,6480
1815,富喬,28,10,18,福邦證券,2023-11-10,6480
3693,營邦,17,0,17,福邦證券,2023-11-10,6480
2027,大成鋼,16,0,16,福邦證券,2023-11-10,6480
2609,陽明,15,0,15,福邦證券,2023-11-10,6480
5309,系統電,15,0,15,福邦證券,2023-11-10,6480
2867,三商壽,12,0,12,福邦證券,2023-11-10,6480
2883,凱基金,11,0,11,福邦證券,2023-11-10,6480
3228,金麗科,14,3,11,福邦證券,2023-11-10,6480
1402,遠東新,10,0,10,福邦證券,2023-11-10,6480
2371,大同,10,0,10,福邦證券,2023-11-10,6480
2388,威盛,10,0,10,福邦證券,2023-11-10,6480
2610,華航,10,0,10,福邦證券,2023-11-10,6480
6669,緯穎,12,2,10,福邦證券,2023-11-10,6480
3005,神基,10,1,9,福邦證券,2023-11-10,6480
00751B,元大AAA至A公司債,8,0,8,福邦證券,2023-11-10,6480
3041,揚智,8,0,8,福邦證券,2023-11-10,6480
3167,大量,8,0,8,福邦證券,2023-11-10,6480
2834,臺企銀,7,0,7,福邦證券,2023-11-10,6480
3346,麗清,7,0,7,福邦證券,2023-11-10,6480
3703,欣陸,7,0,7,福邦證券,2023-11-10,6480
4129,聯合,10,3,7,福邦證券,2023-11-10,6480
2236,百達-KY,6,0,6,福邦證券,2023-11-10,6480
1605,華新,6,0,6,福邦證券,2023-11-10,6480
00929,復華台灣科技優息,6,0,6,福邦證券,2023-11-10,6480
6679,鈺太,10,4,6,福邦證券,2023-11-10,6480
6873,泓德能源,6,0,6,福邦證券,2023-11-10,6480
00931B,統一美債20年,5,0,5,福邦證券,2023-11-10,6480
00795B,中信美國公債20年,5,0,5,福邦證券,2023-11-10,6480
2331,精英,26,21,5,福邦證券,2023-11-10,6480
3380,明泰,5,0,5,福邦證券,2023-11-10,6480
3709,鑫聯大投控,16,11,5,福邦證券,2023-11-10,6480
6109,亞元,5,0,5,福邦證券,2023-11-10,6480
6214,精誠,5,0,5,福邦證券,2023-11-10,6480
2331,精英,1033,33,1000,福邦證券,2023-11-13,6480
2388,威盛,300,9,291,福邦證券,2023-11-13,6480
2363,矽統,205,7,198,福邦證券,2023-11-13,6480
4746,台耀,182,6,176,福邦證券,2023-11-13,6480
1560,中砂,117,2,115,福邦證券,2023-11-13,6480
2408,南亞科,50,0,50,福邦證券,2023-11-13,6480
5009,榮剛,50,0,50,福邦證券,2023-11-13,6480
1586,和勤,65,16,49,福邦證券,2023-11-13,6480
1584,精剛,56,8,48,福邦證券,2023-11-13,6480
2027,大成鋼,40,0,40,福邦證券,2023-11-13,6480
8171,天宇,29,0,29,福邦證券,2023-11-13,6480
00753L,中信中國50正2,26,0,26,福邦證券,2023-11-13,6480
8054,安國,23,0,23,福邦證券,2023-11-13,6480
1710,東聯,20,0,20,福邦證券,2023-11-13,6480
00751B,元大AAA至A公司債,20,0,20,福邦證券,2023-11-13,6480
00715L,期街口布蘭特正2,35,15,20,福邦證券,2023-11-13,6480
3362,先進光,20,0,20,福邦證券,2023-11-13,6480
3443,創意,20,0,20,福邦證券,2023-11-13,6480
5309,系統電,20,0,20,福邦證券,2023-11-13,6480
6669,緯穎,21,1,20,福邦證券,2023-11-13,6480
8084,巨虹,20,0,20,福邦證券,2023-11-13,6480
00679B,元大美債20年,19,0,19,福邦證券,2023-11-13,6480
1513,中興電,18,0,18,福邦證券,2023-11-13,6480
2376,技嘉,17,0,17,福邦證券,2023-11-13,6480
6613,朋億*,16,0,16,福邦證券,2023-11-13,6480
00795B,中信美國公債20年,14,0,14,福邦證券,2023-11-13,6480
00764B,群益25年美債,13,0,13,福邦證券,2023-11-13,6480
3006,晶豪科,13,0,13,福邦證券,2023-11-13,6480
2345,智邦,12,0,12,福邦證券,2023-11-13,6480
2888,新光金,16,4,12,福邦證券,2023-11-13,6480
00687B,國泰20年美債,11,0,11,福邦證券,2023-11-13,6480
4763,材料-KY,14,3,11,福邦證券,2023-11-13,6480
5483,中美晶,11,0,11,福邦證券,2023-11-13,6480
6806,森崴能源,11,0,11,福邦證券,2023-11-13,6480
2017,官田鋼,10,0,10,福邦證券,2023-11-13,6480
00632R,元大台灣50反1,10,0,10,福邦證券,2023-11-13,6480
2347,聯強,10,0,10,福邦證券,2023-11-13,6480
5210,寶碩,10,0,10,福邦證券,2023-11-13,6480
5321,美而快,10,0,10,福邦證券,2023-11-13,6480
2609,陽明,10,0,10,福邦證券,2023-11-13,6480
00929,復華台灣科技優息,12,3,9,福邦證券,2023-11-13,6480
2233,宇隆,10,3,7,福邦證券,2023-11-13,6480
4806,桂田文創,7,0,7,福邦證券,2023-11-13,6480
8163,達方,7,0,7,福邦證券,2023-11-13,6480
8936,國統,28,21,7,福邦證券,2023-11-13,6480
00931B,統一美債20年,6,0,6,福邦證券,2023-11-13,6480
2317,鴻海,5,0,5,福邦證券,2023-11-13,6480
1582,信錦,5,0,5,福邦證券,2023-11-13,6480
1449,佳和,5,0,5,福邦證券,2023-11-13,6480
2236,百達-KY,5,0,5,福邦證券,2023-11-13,6480
2303,聯電,1350,75,1275,福邦證券,2023-11-14,6480
2388,威盛,532,29,503,福邦證券,2023-11-14,6480
2633,台灣高鐵,200,3,197,福邦證券,2023-11-14,6480
6799,來頡,100,0,100,福邦證券,2023-11-14,6480
4938,和碩,100,0,100,福邦證券,2023-11-14,6480
1584,精剛,95,10,85,福邦證券,2023-11-14,6480
3324,雙鴻,78,0,78,福邦證券,2023-11-14,6480
6147,頎邦,68,0,68,福邦證券,2023-11-14,6480
2883,凱基金,60,0,60,福邦證券,2023-11-14,6480
3715,定穎投控,47,1,46,福邦證券,2023-11-14,6480
4746,台耀,40,1,39,福邦證券,2023-11-14,6480
1586,和勤,68,37,31,福邦證券,2023-11-14,6480
00637L,元大滬深300正2,30,0,30,福邦證券,2023-11-14,6480
00680L,元大美債20正2,20,0,20,福邦證券,2023-11-14,6480
6138,茂達,20,0,20,福邦證券,2023-11-14,6480
6669,緯穎,20,0,20,福邦證券,2023-11-14,6480
5269,祥碩,16,0,16,福邦證券,2023-11-14,6480
3450,聯鈞,15,0,15,福邦證券,2023-11-14,6480
8171,天宇,15,0,15,福邦證券,2023-11-14,6480
8422,可寧衛,15,0,15,福邦證券,2023-11-14,6480
3231,緯創,16,5,11,福邦證券,2023-11-14,6480
1101,台泥,10,0,10,福邦證券,2023-11-14,6480
2371,大同,20,10,10,福邦證券,2023-11-14,6480
3167,大量,10,0,10,福邦證券,2023-11-14,6480
5309,系統電,10,0,10,福邦證券,2023-11-14,6480
6625,必應,10,0,10,福邦證券,2023-11-14,6480
8085,福華,10,0,10,福邦證券,2023-11-14,6480
3706,神達,12,3,9,福邦證券,2023-11-14,6480
6451,訊芯-KY,9,0,9,福邦證券,2023-11-14,6480
8054,安國,9,0,9,福邦證券,2023-11-14,6480
00631L,元大台灣50正2,9,1,8,福邦證券,2023-11-14,6480
1504,東元,9,2,7,福邦證券,2023-11-14,6480
6782,視陽,7,0,7,福邦證券,2023-11-14,6480
00931B,統一美債20年,6,0,6,福邦證券,2023-11-14,6480
2834,臺企銀,6,1,5,福邦證券,2023-11-14,6480
1722,台肥,5,0,5,福邦證券,2023-11-14,6480
2427,三商電,5,0,5,福邦證券,2023-11-14,6480
6770,力積電,5,0,5,福邦證券,2023-11-14,6480
0056,元大高股息,4,0,4,福邦證券,2023-11-14,6480
00929,復華台灣科技優息,4,0,4,福邦證券,2023-11-14,6480
1319,東陽,4,0,4,福邦證券,2023-11-14,6480
2390,云辰,4,0,4,福邦證券,2023-11-14,6480
3260,威剛,5,1,4,福邦證券,2023-11-14,6480
6284,佳邦,10,6,4,福邦證券,2023-11-14,6480
6485,點序,4,0,4,福邦證券,2023-11-14,6480
1717,長興,3,0,3,福邦證券,2023-11-14,6480
3306,鼎天,3,0,3,福邦證券,2023-11-14,6480
4744,皇將,3,0,3,福邦證券,2023-11-14,6480
6143,振曜,3,0,3,福邦證券,2023-11-14,6480
6223,旺矽,3,0,3,福邦證券,2023-11-14,6480
3017,奇鋐,242,1,241,福邦證券,2023-11-15,6480
2368,金像電,150,0,150,福邦證券,2023-11-15,6480
3548,兆利,81,0,81,福邦證券,2023-11-15,6480
2390,云辰,80,4,76,福邦證券,2023-11-15,6480
2449,京元電子,63,0,63,福邦證券,2023-11-15,6480
2485,兆赫,50,0,50,福邦證券,2023-11-15,6480
5210,寶碩,49,0,49,福邦證券,2023-11-15,6480
2376,技嘉,46,0,46,福邦證券,2023-11-15,6480
6288,聯嘉,40,0,40,福邦證券,2023-11-15,6480
00679B,元大美債20年,38,0,38,福邦證券,2023-11-15,6480
6187,萬潤,40,3,37,福邦證券,2023-11-15,6480
6291,沛亨,36,0,36,福邦證券,2023-11-15,6480
3231,緯創,45,10,35,福邦證券,2023-11-15,6480
6138,茂達,30,0,30,福邦證券,2023-11-15,6480
6689,伊雲谷,27,0,27,福邦證券,2023-11-15,6480
1586,和勤,36,12,24,福邦證券,2023-11-15,6480
2442,新美齊,22,0,22,福邦證券,2023-11-15,6480
3227,原相,31,9,22,福邦證券,2023-11-15,6480
3228,金麗科,21,0,21,福邦證券,2023-11-15,6480
3702,大聯大,21,0,21,福邦證券,2023-11-15,6480
2883,凱基金,20,0,20,福邦證券,2023-11-15,6480
3230,錦明,20,0,20,福邦證券,2023-11-15,6480
3276,宇環,20,0,20,福邦證券,2023-11-15,6480
1449,佳和,18,0,18,福邦證券,2023-11-15,6480
4129,聯合,17,0,17,福邦證券,2023-11-15,6480
4977,眾達-KY,22,5,17,福邦證券,2023-11-15,6480
8358,金居,20,4,16,福邦證券,2023-11-15,6480
2607,榮運,15,0,15,福邦證券,2023-11-15,6480
8422,可寧衛,15,0,15,福邦證券,2023-11-15,6480
6284,佳邦,14,1,13,福邦證券,2023-11-15,6480
5351,鈺創,13,2,11,福邦證券,2023-11-15,6480
3260,威剛,10,0,10,福邦證券,2023-11-15,6480
2371,大同,22,13,9,福邦證券,2023-11-15,6480
2618,長榮航,22,13,9,福邦證券,2023-11-15,6480
8054,安國,10,1,9,福邦證券,2023-11-15,6480
2486,一詮,13,5,8,福邦證券,2023-11-15,6480
3363,上詮,9,1,8,福邦證券,2023-11-15,6480
8171,天宇,10,2,8,福邦證券,2023-11-15,6480
2254,巨鎧精密-創,7,0,7,福邦證券,2023-11-15,6480
6603,富強鑫,7,0,7,福邦證券,2023-11-15,6480
00719B,元大美債1-3,6,0,6,福邦證券,2023-11-15,6480
00931B,統一美債20年,6,0,6,福邦證券,2023-11-15,6480
2408,南亞科,8,2,6,福邦證券,2023-11-15,6480
3533,嘉澤,6,0,6,福邦證券,2023-11-15,6480
1722,台肥,5,0,5,福邦證券,2023-11-15,6480
00720B,元大投資級公司債,5,0,5,福邦證券,2023-11-15,6480
2382,廣達,8,3,5,福邦證券,2023-11-15,6480
4510,高鋒,5,0,5,福邦證券,2023-11-15,6480
2201,裕隆,5,1,4,福邦證券,2023-11-15,6480
2884,玉山金,4,0,4,福邦證券,2023-11-15,6480
2363,矽統,202,3,199,福邦證券,2023-11-16,6480
6805,富世達,145,6,139,福邦證券,2023-11-16,6480
00715L,期街口布蘭特正2,72,10,62,福邦證券,2023-11-16,6480
3034,聯詠,30,0,30,福邦證券,2023-11-16,6480
1568,倉佑,42,13,29,福邦證券,2023-11-16,6480
2330,台積電,28,1,27,福邦證券,2023-11-16,6480
00933B,國泰10Y+金融債,20,0,20,福邦證券,2023-11-16,6480
2374,佳能,20,0,20,福邦證券,2023-11-16,6480
8176,智捷,19,0,19,福邦證券,2023-11-16,6480
2607,榮運,18,0,18,福邦證券,2023-11-16,6480
8054,安國,18,1,17,福邦證券,2023-11-16,6480
1815,富喬,26,10,16,福邦證券,2023-11-16,6480
1605,華新,38,23,15,福邦證券,2023-11-16,6480
00878,國泰永續高股息,25,10,15,福邦證券,2023-11-16,6480
6284,佳邦,15,0,15,福邦證券,2023-11-16,6480
2317,鴻海,14,0,14,福邦證券,2023-11-16,6480
4908,前鼎,13,0,13,福邦證券,2023-11-16,6480
00931B,統一美債20年,11,0,11,福邦證券,2023-11-16,6480
00687B,國泰20年美債,11,0,11,福邦證券,2023-11-16,6480
3017,奇鋐,21,11,10,福邦證券,2023-11-16,6480
3230,錦明,10,0,10,福邦證券,2023-11-16,6480
5351,鈺創,11,1,10,福邦證券,2023-11-16,6480
5452,佶優,20,10,10,福邦證券,2023-11-16,6480
6138,茂達,10,0,10,福邦證券,2023-11-16,6480
6669,緯穎,12,2,10,福邦證券,2023-11-16,6480
8255,朋程,10,0,10,福邦證券,2023-11-16,6480
2421,建準,10,1,9,福邦證券,2023-11-16,6480
3557,嘉威,10,1,9,福邦證券,2023-11-16,6480
3362,先進光,11,3,8,福邦證券,2023-11-16,6480
6104,創惟,8,0,8,福邦證券,2023-11-16,6480
8996,高力,12,4,8,福邦證券,2023-11-16,6480
1717,長興,10,3,7,福邦證券,2023-11-16,6480
00679B,元大美債20年,7,0,7,福邦證券,2023-11-16,6480
0056,元大高股息,12,5,7,福邦證券,2023-11-16,6480
4164,承業醫,7,0,7,福邦證券,2023-11-16,6480
00751B,元大AAA至A公司債,6,0,6,福邦證券,2023-11-16,6480
00795B,中信美國公債20年,6,0,6,福邦證券,2023-11-16,6480
6235,華孚,6,0,6,福邦證券,2023-11-16,6480
00772B,中信高評級公司債,5,0,5,福邦證券,2023-11-16,6480
00680L,元大美債20正2,5,0,5,福邦證券,2023-11-16,6480
2402,毅嘉,5,0,5,福邦證券,2023-11-16,6480
2891,中信金,5,0,5,福邦證券,2023-11-16,6480
4105,東洋,5,0,5,福邦證券,2023-11-16,6480
6264,富裔,4,0,4,福邦證券,2023-11-16,6480
00720B,元大投資級公司債,3,0,3,福邦證券,2023-11-16,6480
1313,聯成,3,0,3,福邦證券,2023-11-16,6480
00935,野村臺灣新科技50,3,0,3,福邦證券,2023-11-16,6480
1795,美時,4,1,3,福邦證券,2023-11-16,6480
2254,巨鎧精密-創,6,3,3,福邦證券,2023-11-16,6480
2376,技嘉,12,9,3,福邦證券,2023-11-16,6480
2388,威盛,403,3,400,福邦證券,2023-11-17,6480
2329,華泰,200,0,200,福邦證券,2023-11-17,6480
3231,緯創,158,10,148,福邦證券,2023-11-17,6480
3715,定穎投控,158,20,138,福邦證券,2023-11-17,6480
1101,台泥,100,0,100,福邦證券,2023-11-17,6480
3006,晶豪科,100,0,100,福邦證券,2023-11-17,6480
2303,聯電,100,0,100,福邦證券,2023-11-17,6480
3707,漢磊,80,0,80,福邦證券,2023-11-17,6480
1815,富喬,71,13,58,福邦證券,2023-11-17,6480
1449,佳和,40,0,40,福邦證券,2023-11-17,6480
3680,家登,41,2,39,福邦證券,2023-11-17,6480
00715L,期街口布蘭特正2,50,15,35,福邦證券,2023-11-17,6480
6285,啟��,35,0,35,福邦證券,2023-11-17,6480
8069,元太,30,0,30,福邦證券,2023-11-17,6480
6122,擎邦,25,0,25,福邦證券,2023-11-17,6480
8054,安國,25,1,24,福邦證券,2023-11-17,6480
00642U,期元大S＆P石油,20,0,20,福邦證券,2023-11-17,6480
6873,泓德能源,20,0,20,福邦證券,2023-11-17,6480
8034,榮群,20,0,20,福邦證券,2023-11-17,6480
2317,鴻海,38,19,19,福邦證券,2023-11-17,6480
1605,華新,24,8,16,福邦證券,2023-11-17,6480
3017,奇鋐,18,2,16,福邦證券,2023-11-17,6480
3402,漢科,15,0,15,福邦證券,2023-11-17,6480
6830,汎銓,15,0,15,福邦證券,2023-11-17,6480
2330,台積電,16,2,14,福邦證券,2023-11-17,6480
1586,和勤,14,2,12,福邦證券,2023-11-17,6480
6231,系微,12,0,12,福邦證券,2023-11-17,6480
6805,富世達,11,0,11,福邦證券,2023-11-17,6480
00753L,中信中國50正2,10,0,10,福邦證券,2023-11-17,6480
2340,台亞,10,0,10,福邦證券,2023-11-17,6480
2405,輔信,10,0,10,福邦證券,2023-11-17,6480
3221,台嘉碩,10,0,10,福邦證券,2023-11-17,6480
5371,中光電,10,0,10,福邦證券,2023-11-17,6480
6669,緯穎,11,1,10,福邦證券,2023-11-17,6480
8171,天宇,10,0,10,福邦證券,2023-11-17,6480
3041,揚智,11,2,9,福邦證券,2023-11-17,6480
3305,昇貿,8,0,8,福邦證券,2023-11-17,6480
3548,兆利,10,2,8,福邦證券,2023-11-17,6480
5439,高技,7,0,7,福邦證券,2023-11-17,6480
6170,統振,7,0,7,福邦證券,2023-11-17,6480
6265,方土昶,7,1,6,福邦證券,2023-11-17,6480
6603,富強鑫,6,0,6,福邦證券,2023-11-17,6480
8933,愛地雅,6,0,6,福邦證券,2023-11-17,6480
1762,中化生,5,0,5,福邦證券,2023-11-17,6480
00679B,元大美債20年,5,0,5,福邦證券,2023-11-17,6480
00931B,統一美債20年,5,0,5,福邦證券,2023-11-17,6480
2376,技嘉,6,1,5,福邦證券,2023-11-17,6480
2705,六福,5,0,5,福邦證券,2023-11-17,6480
2884,玉山金,5,0,5,福邦證券,2023-11-17,6480
3016,嘉晶,5,0,5,福邦證券,2023-11-17,6480
3035,智原,162,1,161,福邦證券,2023-11-20,6480
00720B,元大投資級公司債,103,0,103,福邦證券,2023-11-20,6480
6691,洋基工程,101,0,101,福邦證券,2023-11-20,6480
1560,中砂,100,0,100,福邦證券,2023-11-20,6480
2460,建通,87,0,87,福邦證券,2023-11-20,6480
2388,威盛,160,102,58,福邦證券,2023-11-20,6480
00632R,元大台灣50反1,50,0,50,福邦證券,2023-11-20,6480
3006,晶豪科,40,0,40,福邦證券,2023-11-20,6480
9921,巨大,40,0,40,福邦證券,2023-11-20,6480
4960,誠美材,30,0,30,福邦證券,2023-11-20,6480
5258,虹堡,25,1,24,福邦證券,2023-11-20,6480
8084,巨虹,24,0,24,福邦證券,2023-11-20,6480
00751B,元大AAA至A公司債,24,1,23,福邦證券,2023-11-20,6480
2612,中航,22,0,22,福邦證券,2023-11-20,6480
00929,復華台灣科技優息,21,0,21,福邦證券,2023-11-20,6480
3025,星通,20,0,20,福邦證券,2023-11-20,6480
3548,兆利,121,101,20,福邦證券,2023-11-20,6480
5309,系統電,20,0,20,福邦證券,2023-11-20,6480
6138,茂達,21,2,19,福邦證券,2023-11-20,6480
1568,倉佑,37,22,15,福邦證券,2023-11-20,6480
00931B,統一美債20年,17,2,15,福邦證券,2023-11-20,6480
8034,榮群,35,20,15,福邦證券,2023-11-20,6480
3231,緯創,19,6,13,福邦證券,2023-11-20,6480
00753L,中信中國50正2,12,0,12,福邦證券,2023-11-20,6480
5284,jpp-KY,12,0,12,福邦證券,2023-11-20,6480
6026,福邦證,12,0,12,福邦證券,2023-11-20,6480
1319,東陽,11,0,11,福邦證券,2023-11-20,6480
2888,新光金,10,0,10,福邦證券,2023-11-20,6480
8054,安國,9,0,9,福邦證券,2023-11-20,6480
00637L,元大滬深300正2,8,0,8,福邦證券,2023-11-20,6480
00795B,中信美國公債20年,8,0,8,福邦證券,2023-11-20,6480
6532,瑞耘,8,0,8,福邦證券,2023-11-20,6480
6449,鈺邦,7,0,7,福邦證券,2023-11-20,6480
00891,中信關鍵半導體,5,0,5,福邦證券,2023-11-20,6480
2351,順德,5,0,5,福邦證券,2023-11-20,6480
3032,偉訓,5,0,5,福邦證券,2023-11-20,6480
5272,笙科,5,0,5,福邦證券,2023-11-20,6480
6669,緯穎,5,0,5,福邦證券,2023-11-20,6480
8271,宇瞻,5,0,5,福邦證券,2023-11-20,6480
8404,百和興業-KY,5,0,5,福邦證券,2023-11-20,6480
9904,寶成,5,0,5,福邦證券,2023-11-20,6480
1605,華新,8,4,4,福邦證券,2023-11-20,6480
2301,光寶科,4,0,4,福邦證券,2023-11-20,6480
2476,鉅祥,4,0,4,福邦證券,2023-11-20,6480
2812,台中銀,4,0,4,福邦證券,2023-11-20,6480
3701,大眾控,4,0,4,福邦證券,2023-11-20,6480
00662,富邦NASDAQ,3,0,3,福邦證券,2023-11-20,6480
2618,長榮航,3,0,3,福邦證券,2023-11-20,6480
3444,利機,3,0,3,福邦證券,2023-11-20,6480
5243,乙盛-KY,3,0,3,福邦證券,2023-11-20,6480
4306,炎洲,250,0,250,福邦證券,2023-11-21,6480
00720B,元大投資級公司債,203,0,203,福邦證券,2023-11-21,6480
3231,緯創,514,322,192,福邦證券,2023-11-21,6480
2363,矽統,200,22,178,福邦證券,2023-11-21,6480
6143,振曜,151,1,150,福邦證券,2023-11-21,6480
3715,定穎投控,164,23,141,福邦證券,2023-11-21,6480
2388,威盛,104,3,101,福邦證券,2023-11-21,6480
1560,中砂,100,0,100,福邦證券,2023-11-21,6480
1449,佳和,90,0,90,福邦證券,2023-11-21,6480
2383,台光電,88,0,88,福邦證券,2023-11-21,6480
2371,大同,75,0,75,福邦證券,2023-11-21,6480
6691,洋基工程,70,0,70,福邦證券,2023-11-21,6480
1504,東元,61,0,61,福邦證券,2023-11-21,6480
4960,誠美材,60,0,60,福邦證券,2023-11-21,6480
00679B,元大美債20年,59,1,58,福邦證券,2023-11-21,6480
3362,先進光,62,6,56,福邦證券,2023-11-21,6480
2317,鴻海,60,6,54,福邦證券,2023-11-21,6480
00637L,元大滬深300正2,92,40,52,福邦證券,2023-11-21,6480
8171,天宇,104,52,52,福邦證券,2023-11-21,6480
5309,系統電,60,10,50,福邦證券,2023-11-21,6480
2881,富邦金,50,1,49,福邦證券,2023-11-21,6480
00632R,元大台灣50反1,45,0,45,福邦證券,2023-11-21,6480
8069,元太,45,1,44,福邦證券,2023-11-21,6480
2316,楠梓電,169,129,40,福邦證券,2023-11-21,6480
6187,萬潤,40,1,39,福邦證券,2023-11-21,6480
1568,倉佑,41,13,28,福邦證券,2023-11-21,6480
6288,聯嘉,30,2,28,福邦證券,2023-11-21,6480
3548,兆利,72,45,27,福邦證券,2023-11-21,6480
3032,偉訓,26,0,26,福邦證券,2023-11-21,6480
2301,光寶科,23,0,23,福邦證券,2023-11-21,6480
3694,海華,20,0,20,福邦證券,2023-11-21,6480
9105,泰金寶-DR,20,0,20,福邦證券,2023-11-21,6480
5272,笙科,15,0,15,福邦證券,2023-11-21,6480
5386,青雲,15,0,15,福邦證券,2023-11-21,6480
2421,建準,25,11,14,福邦證券,2023-11-21,6480
00715L,期街口布蘭特正2,13,0,13,福邦證券,2023-11-21,6480
00751B,元大AAA至A公司債,13,0,13,福邦證券,2023-11-21,6480
2330,台積電,14,1,13,福邦證券,2023-11-21,6480
5864,致和證,13,0,13,福邦證券,2023-11-21,6480
1319,東陽,10,0,10,福邦證券,2023-11-21,6480
2201,裕隆,12,2,10,福邦證券,2023-11-21,6480
2465,麗臺,11,1,10,福邦證券,2023-11-21,6480
3515,華擎,10,0,10,福邦證券,2023-11-21,6480
6541,泰福-KY,10,0,10,福邦證券,2023-11-21,6480
3006,晶豪科,10,0,10,福邦證券,2023-11-21,6480
3701,大眾控,10,2,8,福邦證券,2023-11-21,6480
6104,創惟,15,7,8,福邦證券,2023-11-21,6480
6805,富世達,21,13,8,福邦證券,2023-11-21,6480
6282,康舒,10,3,7,福邦證券,2023-11-21,6480
5347,世界,8,1,7,福邦證券,2023-11-21,6480
8261,富鼎,250,0,250,福邦證券,2023-11-22,6480
2382,廣達,188,5,183,福邦證券,2023-11-22,6480
6245,立端,160,29,131,福邦證券,2023-11-22,6480
00680L,元大美債20正2,100,0,100,福邦證券,2023-11-22,6480
6719,力智,100,3,97,福邦證券,2023-11-22,6480
2376,技嘉,95,9,86,福邦證券,2023-11-22,6480
2371,大同,61,0,61,福邦證券,2023-11-22,6480
1504,東元,60,0,60,福邦證券,2023-11-22,6480
2609,陽明,50,0,50,福邦證券,2023-11-22,6480
00751B,元大AAA至A公司債,48,0,48,福邦證券,2023-11-22,6480
1449,佳和,35,0,35,福邦證券,2023-11-22,6480
8171,天宇,33,0,33,福邦證券,2023-11-22,6480
2465,麗臺,42,10,32,福邦證券,2023-11-22,6480
1760,寶齡富錦,25,0,25,福邦證券,2023-11-22,6480
3078,僑威,27,3,24,福邦證券,2023-11-22,6480
3042,晶技,23,0,23,福邦證券,2023-11-22,6480
3149,正達,20,0,20,福邦證券,2023-11-22,6480
6751,智聯服務,18,0,18,福邦證券,2023-11-22,6480
1736,喬山,17,0,17,福邦證券,2023-11-22,6480
1586,和勤,19,5,14,福邦證券,2023-11-22,6480
2436,偉詮電,14,0,14,福邦證券,2023-11-22,6480
2330,台積電,13,1,12,福邦證券,2023-11-22,6480
00936,台新永續高息中小,11,0,11,福邦證券,2023-11-22,6480
3701,大眾控,13,2,11,福邦證券,2023-11-22,6480
2468,華經,10,0,10,福邦證券,2023-11-22,6480
2731,雄獅,10,0,10,福邦證券,2023-11-22,6480
3305,昇貿,10,0,10,福邦證券,2023-11-22,6480
4188,安克,10,0,10,福邦證券,2023-11-22,6480
5452,佶優,10,0,10,福邦證券,2023-11-22,6480
6108,競國,10,0,10,福邦證券,2023-11-22,6480
6170,統振,10,0,10,福邦證券,2023-11-22,6480
6288,聯嘉,10,0,10,福邦證券,2023-11-22,6480
00720B,元大投資級公司債,9,0,9,福邦證券,2023-11-22,6480
2834,臺企銀,8,0,8,福邦證券,2023-11-22,6480
5392,能率,8,0,8,福邦證券,2023-11-22,6480
1815,富喬,7,0,7,福邦證券,2023-11-22,6480
6104,創惟,10,3,7,福邦證券,2023-11-22,6480
6109,亞元,7,0,7,福邦證券,2023-11-22,6480
2454,聯發科,16,10,6,福邦證券,2023-11-22,6480
2254,巨鎧精密-創,6,0,6,福邦證券,2023-11-22,6480
4908,前鼎,17,11,6,福邦證券,2023-11-22,6480
5258,虹堡,6,0,6,福邦證券,2023-11-22,6480
1582,信錦,5,0,5,福邦證券,2023-11-22,6480
00687B,國泰20年美債,5,0,5,福邦證券,2023-11-22,6480
00931B,統一美債20年,9,4,5,福邦證券,2023-11-22,6480
2328,廣宇,5,0,5,福邦證券,2023-11-22,6480
2421,建準,5,0,5,福邦證券,2023-11-22,6480
2867,三商壽,10,5,5,福邦證券,2023-11-22,6480
2883,凱基金,6,1,5,福邦證券,2023-11-22,6480
3041,揚智,12,7,5,福邦證券,2023-11-22,6480
2313,華通,412,5,407,福邦證券,2023-11-23,6480
6288,聯嘉,130,0,130,福邦證券,2023-11-23,6480
3231,緯創,123,11,112,福邦證券,2023-11-23,6480
2317,鴻海,110,0,110,福邦證券,2023-11-23,6480
2388,威盛,223,121,102,福邦證券,2023-11-23,6480
3437,榮創,100,1,99,福邦證券,2023-11-23,6480
4951,精拓科,80,0,80,福邦證券,2023-11-23,6480
2344,華邦電,75,0,75,福邦證券,2023-11-23,6480
5426,振發,55,0,55,福邦證券,2023-11-23,6480
2303,聯電,52,1,51,福邦證券,2023-11-23,6480
2352,佳世達,50,0,50,福邦證券,2023-11-23,6480
2376,技嘉,103,59,44,福邦證券,2023-11-23,6480
8426,紅木-KY,28,0,28,福邦證券,2023-11-23,6480
2727,王品,25,0,25,福邦證券,2023-11-23,6480
2454,聯發科,28,5,23,福邦證券,2023-11-23,6480
2436,偉詮電,25,3,22,福邦證券,2023-11-23,6480
3363,上詮,22,2,20,福邦證券,2023-11-23,6480
2355,敬鵬,15,0,15,福邦證券,2023-11-23,6480
3390,旭軟,15,0,15,福邦證券,2023-11-23,6480
00919,群益台灣精選高息,14,0,14,福邦證券,2023-11-23,6480
6485,點序,14,2,12,福邦證券,2023-11-23,6480
3228,金麗科,12,1,11,福邦證券,2023-11-23,6480
6139,亞翔,11,0,11,福邦證券,2023-11-23,6480
2347,聯強,10,0,10,福邦證券,2023-11-23,6480
2614,東森,10,0,10,福邦證券,2023-11-23,6480
2891,中信金,10,0,10,福邦證券,2023-11-23,6480
5452,佶優,10,0,10,福邦證券,2023-11-23,6480
2457,飛宏,14,5,9,福邦證券,2023-11-23,6480
6712,長聖,10,1,9,福邦證券,2023-11-23,6480
1301,台塑,8,0,8,福邦證券,2023-11-23,6480
6451,訊芯-KY,8,0,8,福邦證券,2023-11-23,6480
1586,和勤,7,0,7,福邦證券,2023-11-23,6480
3701,大眾控,56,49,7,福邦證券,2023-11-23,6480
4746,台耀,7,0,7,福邦證券,2023-11-23,6480
6205,詮欣,7,0,7,福邦證券,2023-11-23,6480
1736,喬山,6,0,6,福邦證券,2023-11-23,6480
2702,華園,6,0,6,福邦證券,2023-11-23,6480
3443,創意,6,0,6,福邦證券,2023-11-23,6480
6233,旺玖,7,1,6,福邦證券,2023-11-23,6480
00720B,元大投資級公司債,6,1,5,福邦證券,2023-11-23,6480
2390,云辰,5,0,5,福邦證券,2023-11-23,6480
2468,華經,5,0,5,福邦證券,2023-11-23,6480
2867,三商壽,5,0,5,福邦證券,2023-11-23,6480
3689,湧德,5,0,5,福邦證券,2023-11-23,6480
5243,乙盛-KY,5,0,5,福邦證券,2023-11-23,6480
6141,柏承,5,0,5,福邦證券,2023-11-23,6480
6669,緯穎,5,0,5,福邦證券,2023-11-23,6480
1342,八貫,4,0,4,福邦證券,2023-11-23,6480
2382,廣達,7,3,4,福邦證券,2023-11-23,6480
2888,新光金,4,0,4,福邦證券,2023-11-23,6480
2618,長榮航,318,10,308,福邦證券,2023-11-24,6480
2376,技嘉,177,1,176,福邦證券,2023-11-24,6480
1513,中興電,134,7,127,福邦證券,2023-11-24,6480
00795B,中信美國公債20年,91,0,91,福邦證券,2023-11-24,6480
2630,亞航,65,2,63,福邦證券,2023-11-24,6480
2438,翔耀,59,0,59,福邦證券,2023-11-24,6480
2605,新興,50,0,50,福邦證券,2023-11-24,6480
3437,榮創,50,1,49,福邦證券,2023-11-24,6480
1560,中砂,41,0,41,福邦證券,2023-11-24,6480
6679,鈺太,40,1,39,福邦證券,2023-11-24,6480
3376,新日興,32,1,31,福邦證券,2023-11-24,6480
4770,上品,28,1,27,福邦證券,2023-11-24,6480
3701,大眾控,36,11,25,福邦證券,2023-11-24,6480
1605,華新,57,33,24,福邦證券,2023-11-24,6480
6494,九齊,23,1,22,福邦證券,2023-11-24,6480
2707,晶華,21,0,21,福邦證券,2023-11-24,6480
4916,事欣科,20,0,20,福邦證券,2023-11-24,6480
5864,致和證,20,0,20,福邦證券,2023-11-24,6480
9941,裕融,20,0,20,福邦證券,2023-11-24,6480
4763,材料-KY,18,0,18,福邦證券,2023-11-24,6480
00751B,元大AAA至A公司債,17,0,17,福邦證券,2023-11-24,6480
00687B,國泰20年美債,16,0,16,福邦證券,2023-11-24,6480
6288,聯嘉,35,20,15,福邦證券,2023-11-24,6480
2492,華新科,13,1,12,福邦證券,2023-11-24,6480
6233,旺玖,12,0,12,福邦證券,2023-11-24,6480
00753L,中信中國50正2,11,0,11,福邦證券,2023-11-24,6480
0056,元大高股息,11,0,11,福邦證券,2023-11-24,6480
1338,廣華-KY,10,0,10,福邦證券,2023-11-24,6480
3032,偉訓,21,11,10,福邦證券,2023-11-24,6480
5210,寶碩,10,0,10,福邦證券,2023-11-24,6480
8089,康全電訊,10,0,10,福邦證券,2023-11-24,6480
3149,正達,10,0,10,福邦證券,2023-11-24,6480
4739,康普,14,5,9,福邦證券,2023-11-24,6480
8171,天宇,23,14,9,福邦證券,2023-11-24,6480
2002,中鋼,8,0,8,福邦證券,2023-11-24,6480
2457,飛宏,11,3,8,福邦證券,2023-11-24,6480
3234,光環,6,0,6,福邦證券,2023-11-24,6480
1582,信錦,5,0,5,福邦證券,2023-11-24,6480
2645,長榮航太,5,0,5,福邦證券,2023-11-24,6480
2867,三商壽,5,0,5,福邦證券,2023-11-24,6480
3025,星通,5,0,5,福邦證券,2023-11-24,6480
3531,先益,5,0,5,福邦證券,2023-11-24,6480
3707,漢磊,5,0,5,福邦證券,2023-11-24,6480
4510,高鋒,5,0,5,福邦證券,2023-11-24,6480
5292,華懋,5,0,5,福邦證券,2023-11-24,6480
6170,統振,5,0,5,福邦證券,2023-11-24,6480
6538,倉和,5,0,5,福邦證券,2023-11-24,6480
6669,緯穎,5,0,5,福邦證券,2023-11-24,6480
00764B,群益25年美債,4,0,4,福邦證券,2023-11-24,6480
0050,元大台灣50,4,0,4,福邦證券,2023-11-24,6480
3005,神基,158,0,158,福邦證券,2023-11-27,6480
5009,榮剛,111,0,111,福邦證券,2023-11-27,6480
2883,凱基金,100,0,100,福邦證券,2023-11-27,6480
6245,立端,93,1,92,福邦證券,2023-11-27,6480
1795,美時,55,0,55,福邦證券,2023-11-27,6480
00715L,期街口布蘭特正2,64,15,49,福邦證券,2023-11-27,6480
2486,一詮,40,1,39,福邦證券,2023-11-27,6480
8171,天宇,39,0,39,福邦證券,2023-11-27,6480
2303,聯電,37,0,37,福邦證券,2023-11-27,6480
5452,佶優,30,0,30,福邦證券,2023-11-27,6480
6756,威鋒電子,30,0,30,福邦證券,2023-11-27,6480
9939,宏全,30,0,30,福邦證券,2023-11-27,6480
00680L,元大美債20正2,27,0,27,福邦證券,2023-11-27,6480
6679,鈺太,21,0,21,福邦證券,2023-11-27,6480
5609,中菲行,20,0,20,福邦證券,2023-11-27,6480
8936,國統,20,0,20,福邦證券,2023-11-27,6480
00929,復華台灣科技優息,19,0,19,福邦證券,2023-11-27,6480
1701,中化,15,0,15,福邦證券,2023-11-27,6480
00919,群益台灣精選高息,14,0,14,福邦證券,2023-11-27,6480
00753L,中信中國50正2,11,0,11,福邦證券,2023-11-27,6480
0050,元大台灣50,10,0,10,福邦證券,2023-11-27,6480
2066,世德,10,0,10,福邦證券,2023-11-27,6480
2331,精英,10,0,10,福邦證券,2023-11-27,6480
2867,三商壽,10,0,10,福邦證券,2023-11-27,6480
4763,材料-KY,10,0,10,福邦證券,2023-11-27,6480
1586,和勤,25,16,9,福邦證券,2023-11-27,6480
3362,先進光,9,0,9,福邦證券,2023-11-27,6480
4105,東洋,10,1,9,福邦證券,2023-11-27,6480
4171,瑞基,9,0,9,福邦證券,2023-11-27,6480
00751B,元大AAA至A公司債,7,0,7,福邦證券,2023-11-27,6480
2371,大同,30,23,7,福邦證券,2023-11-27,6480
2344,華邦電,6,0,6,福邦證券,2023-11-27,6480
2362,藍天,6,0,6,福邦證券,2023-11-27,6480
3013,晟銘電,6,0,6,福邦證券,2023-11-27,6480
3228,金麗科,13,7,6,福邦證券,2023-11-27,6480
4584,君帆,6,0,6,福邦證券,2023-11-27,6480
6265,方土昶,6,0,6,福邦證券,2023-11-27,6480
2890,永豐金,5,0,5,福邦證券,2023-11-27,6480
2891,中信金,5,0,5,福邦證券,2023-11-27,6480
3305,昇貿,5,0,5,福邦證券,2023-11-27,6480
5864,致和證,5,0,5,福邦證券,2023-11-27,6480
6104,創惟,5,0,5,福邦證券,2023-11-27,6480
6288,聯嘉,5,0,5,福邦證券,2023-11-27,6480
6517,保勝光學,5,0,5,福邦證券,2023-11-27,6480
00679B,元大美債20年,4,0,4,福邦證券,2023-11-27,6480
00795B,中信美國公債20年,4,0,4,福邦證券,2023-11-27,6480
2408,南亞科,4,0,4,福邦證券,2023-11-27,6480
2618,長榮航,319,315,4,福邦證券,2023-11-27,6480
4138,曜亞,4,0,4,福邦證券,2023-11-27,6480
4908,前鼎,5,1,4,福邦證券,2023-11-27,6480
3548,兆利,483,0,483,福邦證券,2023-11-28,6480
3217,優群,159,0,159,福邦證券,2023-11-28,6480
8086,宏捷科,158,0,158,福邦證券,2023-11-28,6480
2645,長榮航太,135,0,135,福邦證券,2023-11-28,6480
3231,緯創,102,2,100,福邦證券,2023-11-28,6480
8936,國統,100,3,97,福邦證券,2023-11-28,6480
1312,國喬,94,0,94,福邦證券,2023-11-28,6480
2388,威盛,87,6,81,福邦證券,2023-11-28,6480
2352,佳世達,50,0,50,福邦證券,2023-11-28,6480
3024,憶聲,50,0,50,福邦證券,2023-11-28,6480
6288,聯嘉,50,0,50,福邦證券,2023-11-28,6480
6578,達邦蛋白,50,0,50,福邦證券,2023-11-28,6480
8054,安國,50,0,50,福邦證券,2023-11-28,6480
2382,廣達,56,15,41,福邦證券,2023-11-28,6480
00632R,元大台灣50反1,40,0,40,福邦證券,2023-11-28,6480
2486,一詮,31,0,31,福邦證券,2023-11-28,6480
2383,台光電,46,16,30,福邦證券,2023-11-28,6480
00753L,中信中國50正2,26,0,26,福邦證券,2023-11-28,6480
3437,榮創,25,0,25,福邦證券,2023-11-28,6480
1586,和勤,24,0,24,福邦證券,2023-11-28,6480
2331,精英,21,0,21,福邦證券,2023-11-28,6480
00637L,元大滬深300正2,20,0,20,福邦證券,2023-11-28,6480
2408,南亞科,17,0,17,福邦證券,2023-11-28,6480
2883,凱基金,16,0,16,福邦證券,2023-11-28,6480
6290,良維,16,0,16,福邦證券,2023-11-28,6480
6491,晶碩,15,0,15,福邦證券,2023-11-28,6480
1449,佳和,16,3,13,福邦證券,2023-11-28,6480
00919,群益台灣精選高息,13,0,13,福邦證券,2023-11-28,6480
2618,長榮航,30,18,12,福邦證券,2023-11-28,6480
00715L,期街口布蘭特正2,23,12,11,福邦證券,2023-11-28,6480
1795,美時,11,1,10,福邦證券,2023-11-28,6480
00687B,國泰20年美債,10,0,10,福邦證券,2023-11-28,6480
2436,偉詮電,23,13,10,福邦證券,2023-11-28,6480
2731,雄獅,10,0,10,福邦證券,2023-11-28,6480
4171,瑞基,10,0,10,福邦證券,2023-11-28,6480
5351,鈺創,12,2,10,福邦證券,2023-11-28,6480
6122,擎邦,10,0,10,福邦證券,2023-11-28,6480
9919,康那香,11,2,9,福邦證券,2023-11-28,6480
3362,先進光,7,0,7,福邦證券,2023-11-28,6480
8171,天宇,7,0,7,福邦證券,2023-11-28,6480
00915,凱基優選高股息30,6,0,6,福邦證券,2023-11-28,6480
00929,復華台灣科技優息,11,5,6,福邦證券,2023-11-28,6480
6139,亞翔,10,4,6,福邦證券,2023-11-28,6480
00933B,國泰10Y+金融債,5,0,5,福邦證券,2023-11-28,6480
2371,大同,16,11,5,福邦證券,2023-11-28,6480
2867,三商壽,5,0,5,福邦證券,2023-11-28,6480
3545,敦泰,5,0,5,福邦證券,2023-11-28,6480
4746,台耀,5,0,5,福邦證券,2023-11-28,6480
6112,邁達特,5,0,5,福邦證券,2023-11-28,6480
1760,寶齡富錦,4,0,4,福邦證券,2023-11-28,6480
9938,百和,280,0,280,福邦證券,2023-11-29,6480
2388,威盛,258,0,258,福邦證券,2023-11-29,6480
6485,點序,100,1,99,福邦證券,2023-11-29,6480
3036,文曄,78,0,78,福邦證券,2023-11-29,6480
2442,新美齊,50,1,49,福邦證券,2023-11-29,6480
020034,元大IC設計N,30,0,30,福邦證券,2023-11-29,6480
00706L,期元大S＆P日圓正2,70,40,30,福邦證券,2023-11-29,6480
6283,淳安,30,0,30,福邦證券,2023-11-29,6480
2408,南亞科,20,0,20,福邦證券,2023-11-29,6480
3527,聚積,20,0,20,福邦證券,2023-11-29,6480
5478,智冠,20,0,20,福邦證券,2023-11-29,6480
6016,康和證,20,0,20,福邦證券,2023-11-29,6480
6288,聯嘉,20,0,20,福邦證券,2023-11-29,6480
00637L,元大滬深300正2,16,0,16,福邦證券,2023-11-29,6480
8171,天宇,16,0,16,福邦證券,2023-11-29,6480
00753L,中信中國50正2,15,0,15,福邦證券,2023-11-29,6480
3707,漢磊,20,5,15,福邦證券,2023-11-29,6480
4746,台耀,15,0,15,福邦證券,2023-11-29,6480
1605,華新,13,0,13,福邦證券,2023-11-29,6480
00632R,元大台灣50反1,13,0,13,福邦證券,2023-11-29,6480
3701,大眾控,15,2,13,福邦證券,2023-11-29,6480
2377,微星,11,0,11,福邦證券,2023-11-29,6480
0056,元大高股息,10,0,10,福邦證券,2023-11-29,6480
00882,中信中國高股息,10,0,10,福邦證券,2023-11-29,6480
1760,寶齡富錦,10,0,10,福邦證券,2023-11-29,6480
3122,笙泉,10,0,10,福邦證券,2023-11-29,6480
3680,家登,40,30,10,福邦證券,2023-11-29,6480
5439,高技,10,0,10,福邦證券,2023-11-29,6480
6530,創威,10,0,10,福邦證券,2023-11-29,6480
3231,緯創,11,2,9,福邦證券,2023-11-29,6480
3346,麗清,9,0,9,福邦證券,2023-11-29,6480
1301,台塑,8,0,8,福邦證券,2023-11-29,6480
2347,聯強,8,0,8,福邦證券,2023-11-29,6480
6282,康舒,8,0,8,福邦證券,2023-11-29,6480
3645,達邁,7,0,7,福邦證券,2023-11-29,6480
00878,國泰永續高股息,8,2,6,福邦證券,2023-11-29,6480
2867,三商壽,6,0,6,福邦證券,2023-11-29,6480
3293,鈊象,6,0,6,福邦證券,2023-11-29,6480
1101,台泥,5,0,5,福邦證券,2023-11-29,6480
00919,群益台灣精選高息,10,5,5,福邦證券,2023-11-29,6480
00935,野村臺灣新科技50,5,0,5,福邦證券,2023-11-29,6480
00679B,元大美債20年,5,0,5,福邦證券,2023-11-29,6480
2002,中鋼,5,0,5,福邦證券,2023-11-29,6480
2404,漢唐,5,0,5,福邦證券,2023-11-29,6480
3004,豐達科,5,0,5,福邦證券,2023-11-29,6480
3029,零壹,5,0,5,福邦證券,2023-11-29,6480
3189,景碩,10,5,5,福邦證券,2023-11-29,6480
3305,昇貿,7,2,5,福邦證券,2023-11-29,6480
5864,致和證,5,0,5,福邦證券,2023-11-29,6480
6005,群益證,5,0,5,福邦證券,2023-11-29,6480
2388,威盛,306,5,301,福邦證券,2023-11-30,6480
3005,神基,300,1,299,福邦證券,2023-11-30,6480
2313,華通,213,8,205,福邦證券,2023-11-30,6480
2329,華泰,216,13,203,福邦證券,2023-11-30,6480
3037,欣興,188,0,188,福邦證券,2023-11-30,6480
5478,智冠,150,0,150,福邦證券,2023-11-30,6480
2376,技嘉,138,26,112,福邦證券,2023-11-30,6480
2303,聯電,150,47,103,福邦證券,2023-11-30,6480
3013,晟銘電,108,6,102,福邦證券,2023-11-30,6480
1457,宜進,100,0,100,福邦證券,2023-11-30,6480
2368,金像電,100,0,100,福邦證券,2023-11-30,6480
3036,文曄,96,1,95,福邦證券,2023-11-30,6480
4971,IET-KY,87,0,87,福邦證券,2023-11-30,6480
4951,精拓科,70,0,70,福邦證券,2023-11-30,6480
3231,緯創,52,0,52,福邦證券,2023-11-30,6480
2331,精英,50,0,50,福邦證券,2023-11-30,6480
5347,世界,50,3,47,福邦證券,2023-11-30,6480
1605,華新,38,0,38,福邦證券,2023-11-30,6480
3141,晶宏,31,1,30,福邦證券,2023-11-30,6480
2481,強茂,27,0,27,福邦證券,2023-11-30,6480
1760,寶齡富錦,25,0,25,福邦證券,2023-11-30,6480
6592,和潤企業,22,0,22,福邦證券,2023-11-30,6480
5371,中光電,20,0,20,福邦證券,2023-11-30,6480
00882,中信中國高股息,20,0,20,福邦證券,2023-11-30,6480
2377,微星,22,2,20,福邦證券,2023-11-30,6480
3008,大立光,20,0,20,福邦證券,2023-11-30,6480
3305,昇貿,20,0,20,福邦證券,2023-11-30,6480
1301,台塑,18,0,18,福邦證券,2023-11-30,6480
4979,華星光,18,0,18,福邦證券,2023-11-30,6480
00753L,中信中國50正2,17,0,17,福邦證券,2023-11-30,6480
4967,十銓,14,0,14,福邦證券,2023-11-30,6480
3548,兆利,36,23,13,福邦證券,2023-11-30,6480
2201,裕隆,12,0,12,福邦證券,2023-11-30,6480
00878,國泰永續高股息,13,2,11,福邦證券,2023-11-30,6480
00936,台新永續高息中小,10,0,10,福邦證券,2023-11-30,6480
1338,廣華-KY,10,0,10,福邦證券,2023-11-30,6480
00933B,國泰10Y+金融債,10,0,10,福邦證券,2023-11-30,6480
00931B,統一美債20年,10,0,10,福邦證券,2023-11-30,6480
00751B,元大AAA至A公司債,10,0,10,福邦證券,2023-11-30,6480
2436,偉詮電,12,2,10,福邦證券,2023-11-30,6480
6257,矽格,20,10,10,福邦證券,2023-11-30,6480
6288,聯嘉,10,0,10,福邦證券,2023-11-30,6480
6873,泓德能源,10,0,10,福邦證券,2023-11-30,6480
2382,廣達,13,4,9,福邦證券,2023-11-30,6480
2408,南亞科,9,0,9,福邦證券,2023-11-30,6480
3624,光頡,9,0,9,福邦證券,2023-11-30,6480
00795B,中信美國公債20年,8,0,8,福邦證券,2023-11-30,6480
1101,台泥,7,0,7,福邦證券,2023-11-30,6480
2492,華新科,8,1,7,福邦證券,2023-11-30,6480
2607,榮運,7,0,7,福邦證券,2023-11-30,6480
5210,寶碩,825,5,820,福邦證券,2023-12-01,6480
2371,大同,250,11,239,福邦證券,2023-12-01,6480
6245,立端,220,0,220,福邦證券,2023-12-01,6480
8086,宏捷科,158,0,158,福邦證券,2023-12-01,6480
2634,漢翔,102,0,102,福邦證券,2023-12-01,6480
1504,東元,101,0,101,福邦證券,2023-12-01,6480
1519,華城,106,9,97,福邦證券,2023-12-01,6480
3011,今皓,59,0,59,福邦證券,2023-12-01,6480
6486,互動,52,0,52,福邦證券,2023-12-01,6480
3036,文曄,55,5,50,福邦證券,2023-12-01,6480
4971,IET-KY,46,0,46,福邦證券,2023-12-01,6480
1605,華新,41,0,41,福邦證券,2023-12-01,6480
1457,宜進,41,0,41,福邦證券,2023-12-01,6480
2376,技嘉,41,1,40,福邦證券,2023-12-01,6480
00715L,期街口布蘭特正2,62,25,37,福邦證券,2023-12-01,6480
3548,兆利,37,1,36,福邦證券,2023-12-01,6480
3362,先進光,35,0,35,福邦證券,2023-12-01,6480
1760,寶齡富錦,33,13,20,福邦證券,2023-12-01,6480
2451,創見,20,0,20,福邦證券,2023-12-01,6480
3006,晶豪科,20,0,20,福邦證券,2023-12-01,6480
6202,盛群,20,0,20,福邦證券,2023-12-01,6480
8054,安國,28,8,20,福邦證券,2023-12-01,6480
6233,旺玖,20,1,19,福邦證券,2023-12-01,6480
2886,兆豐金,16,0,16,福邦證券,2023-12-01,6480
6485,點序,16,3,13,福邦證券,2023-12-01,6480
1301,台塑,11,0,11,福邦證券,2023-12-01,6480
2382,廣達,11,0,11,福邦證券,2023-12-01,6480
00680L,元大美債20正2,40,30,10,福邦證券,2023-12-01,6480
00679B,元大美債20年,10,0,10,福邦證券,2023-12-01,6480
00655L,國泰中國A50正2,10,0,10,福邦證券,2023-12-01,6480
1752,南光,10,0,10,福邦證券,2023-12-01,6480
2347,聯強,10,0,10,福邦證券,2023-12-01,6480
2352,佳世達,10,0,10,福邦證券,2023-12-01,6480
3138,耀登,10,0,10,福邦證券,2023-12-01,6480
3527,聚積,10,0,10,福邦證券,2023-12-01,6480
3545,敦泰,10,0,10,福邦證券,2023-12-01,6480
4763,材料-KY,10,0,10,福邦證券,2023-12-01,6480
9933,中鼎,10,0,10,福邦證券,2023-12-01,6480
3231,緯創,10,1,9,福邦證券,2023-12-01,6480
00931B,統一美債20年,9,0,9,福邦證券,2023-12-01,6480
00687B,國泰20年美債,9,0,9,福邦證券,2023-12-01,6480
2408,南亞科,10,1,9,福邦證券,2023-12-01,6480
2891,中信金,9,0,9,福邦證券,2023-12-01,6480
5439,高技,35,27,8,福邦證券,2023-12-01,6480
6538,倉和,8,0,8,福邦證券,2023-12-01,6480
00795B,中信美國公債20年,7,0,7,福邦證券,2023-12-01,6480
2883,凱基金,7,0,7,福邦證券,2023-12-01,6480
2105,正新,9,3,6,福邦證券,2023-12-01,6480
2462,良得電,6,0,6,福邦證券,2023-12-01,6480
2492,華新科,8,2,6,福邦證券,2023-12-01,6480
2618,長榮航,323,6,317,福邦證券,2023-12-04,6480
2371,大同,210,11,199,福邦證券,2023-12-04,6480
3715,定穎投控,212,18,194,福邦證券,2023-12-04,6480
1513,中興電,161,7,154,福邦證券,2023-12-04,6480
8936,國統,153,0,153,福邦證券,2023-12-04,6480
2376,技嘉,115,1,114,福邦證券,2023-12-04,6480
9938,百和,86,1,85,福邦證券,2023-12-04,6480
1504,東元,80,0,80,福邦證券,2023-12-04,6480
6288,聯嘉,100,20,80,福邦證券,2023-12-04,6480
00715L,期街口布蘭特正2,94,25,69,福邦證券,2023-12-04,6480
5478,智冠,59,0,59,福邦證券,2023-12-04,6480
6202,盛群,120,61,59,福邦證券,2023-12-04,6480
1457,宜進,55,0,55,福邦證券,2023-12-04,6480
2481,強茂,55,0,55,福邦證券,2023-12-04,6480
4967,十銓,53,2,51,福邦證券,2023-12-04,6480
2883,凱基金,37,1,36,福邦證券,2023-12-04,6480
4763,材料-KY,38,10,28,福邦證券,2023-12-04,6480
1605,華新,49,27,22,福邦證券,2023-12-04,6480
1586,和勤,22,0,22,福邦證券,2023-12-04,6480
00642U,期元大S＆P石油,21,0,21,福邦證券,2023-12-04,6480
4561,健椿,21,0,21,福邦證券,2023-12-04,6480
8481,政伸,21,0,21,福邦證券,2023-12-04,6480
00919,群益台灣精選高息,21,1,20,福邦證券,2023-12-04,6480
7402,邑錡,15,0,15,福邦證券,2023-12-04,6480
2421,建準,13,0,13,福邦證券,2023-12-04,6480
1773,勝一,11,0,11,福邦證券,2023-12-04,6480
6125,廣運,13,2,11,福邦證券,2023-12-04,6480
00680L,元大美債20正2,10,0,10,福邦證券,2023-12-04,6480
3041,揚智,10,0,10,福邦證券,2023-12-04,6480
4746,台耀,10,0,10,福邦證券,2023-12-04,6480
4971,IET-KY,10,0,10,福邦證券,2023-12-04,6480
4707,磐亞,9,0,9,福邦證券,2023-12-04,6480
3306,鼎天,8,0,8,福邦證券,2023-12-04,6480
8454,富邦媒,8,0,8,福邦證券,2023-12-04,6480
00918,大華優利高填息30,7,0,7,福邦證券,2023-12-04,6480
2009,第一銅,8,1,7,福邦證券,2023-12-04,6480
3231,緯創,7,0,7,福邦證券,2023-12-04,6480
6679,鈺太,8,1,7,福邦證券,2023-12-04,6480
5328,華容,6,0,6,福邦證券,2023-12-04,6480
6282,康舒,6,0,6,福邦證券,2023-12-04,6480
6695,芯鼎,10,4,6,福邦證券,2023-12-04,6480
9919,康那香,31,25,6,福邦證券,2023-12-04,6480
2105,正新,5,0,5,福邦證券,2023-12-04,6480
2455,全新,5,0,5,福邦證券,2023-12-04,6480
2884,玉山金,5,0,5,福邦證券,2023-12-04,6480
3362,先進光,5,0,5,福邦證券,2023-12-04,6480
3522,御嵿,5,0,5,福邦證券,2023-12-04,6480
4933,友輝,5,0,5,福邦證券,2023-12-04,6480
6491,晶碩,5,0,5,福邦證券,2023-12-04,6480
6672,騰輝電子-KY,5,0,5,福邦證券,2023-12-04,6480
2371,大同,949,62,887,福邦證券,2023-12-05,6480
1319,東陽,684,21,663,福邦證券,2023-12-05,6480
2368,金像電,137,0,137,福邦證券,2023-12-05,6480
00878,國泰永續高股息,126,0,126,福邦證券,2023-12-05,6480
6147,頎邦,120,0,120,福邦證券,2023-12-05,6480
2002,中鋼,100,0,100,福邦證券,2023-12-05,6480
6202,盛群,70,0,70,福邦證券,2023-12-05,6480
6288,聯嘉,65,0,65,福邦證券,2023-12-05,6480
2331,精英,52,0,52,福邦證券,2023-12-05,6480
1457,宜進,50,0,50,福邦證券,2023-12-05,6480
1760,寶齡富錦,40,0,40,福邦證券,2023-12-05,6480
1605,華新,44,9,35,福邦證券,2023-12-05,6480
00882,中信中國高股息,32,0,32,福邦證券,2023-12-05,6480
1718,中纖,30,0,30,福邦證券,2023-12-05,6480
2059,川湖,30,0,30,福邦證券,2023-12-05,6480
00715L,期街口布蘭特正2,44,15,29,福邦證券,2023-12-05,6480
2481,強茂,27,0,27,福邦證券,2023-12-05,6480
2376,技嘉,27,2,25,福邦證券,2023-12-05,6480
3605,宏致,50,26,24,福邦證券,2023-12-05,6480
1815,富喬,20,0,20,福邦證券,2023-12-05,6480
2451,創見,20,0,20,福邦證券,2023-12-05,6480
3481,群創,20,0,20,福邦證券,2023-12-05,6480
6873,泓德能源,20,0,20,福邦證券,2023-12-05,6480
00929,復華台灣科技優息,19,0,19,福邦證券,2023-12-05,6480
00919,群益台灣精選高息,19,0,19,福邦證券,2023-12-05,6480
8171,天宇,20,1,19,福邦證券,2023-12-05,6480
00687B,國泰20年美債,16,0,16,福邦證券,2023-12-05,6480
2486,一詮,15,0,15,福邦證券,2023-12-05,6480
6672,騰輝電子-KY,15,0,15,福邦證券,2023-12-05,6480
6716,應廣,14,0,14,福邦證券,2023-12-05,6480
4746,台耀,13,0,13,福邦證券,2023-12-05,6480
6265,方土昶,12,0,12,福邦證券,2023-12-05,6480
00937B,群益ESG投等債20,97,86,11,福邦證券,2023-12-05,6480
00918,大華優利高填息30,11,0,11,福邦證券,2023-12-05,6480
00655L,國泰中國A50正2,10,0,10,福邦證券,2023-12-05,6480
2345,智邦,10,0,10,福邦證券,2023-12-05,6480
2374,佳能,10,0,10,福邦證券,2023-12-05,6480
2419,仲琦,10,0,10,福邦證券,2023-12-05,6480
3527,聚積,10,0,10,福邦證券,2023-12-05,6480
5452,佶優,10,0,10,福邦證券,2023-12-05,6480
6285,啟��,21,11,10,福邦證券,2023-12-05,6480
9919,康那香,10,0,10,福邦證券,2023-12-05,6480
3631,晟楠,8,0,8,福邦證券,2023-12-05,6480
8033,雷虎,8,0,8,福邦證券,2023-12-05,6480
3290,東浦,7,0,7,福邦證券,2023-12-05,6480
6111,大宇資,8,1,7,福邦證券,2023-12-05,6480
6538,倉和,9,2,7,福邦證券,2023-12-05,6480
3029,零壹,6,0,6,福邦證券,2023-12-05,6480
3362,先進光,6,0,6,福邦證券,2023-12-05,6480
4171,瑞基,6,0,6,福邦證券,2023-12-05,6480
8086,宏捷科,460,0,460,福邦證券,2023-12-06,6480
3013,晟銘電,314,9,305,福邦證券,2023-12-06,6480
2618,長榮航,306,5,301,福邦證券,2023-12-06,6480
5864,致和證,242,8,234,福邦證券,2023-12-06,6480
2388,威盛,158,0,158,福邦證券,2023-12-06,6480
2455,全新,158,0,158,福邦證券,2023-12-06,6480
3035,智原,162,4,158,福邦證券,2023-12-06,6480
2371,大同,138,0,138,福邦證券,2023-12-06,6480
4306,炎洲,100,0,100,福邦證券,2023-12-06,6480
3017,奇鋐,70,5,65,福邦證券,2023-12-06,6480
2376,技嘉,100,40,60,福邦證券,2023-12-06,6480
8084,巨虹,57,0,57,福邦證券,2023-12-06,6480
3443,創意,56,0,56,福邦證券,2023-12-06,6480
8464,億豐,55,0,55,福邦證券,2023-12-06,6480
8054,安國,57,7,50,福邦證券,2023-12-06,6480
1586,和勤,41,0,41,福邦證券,2023-12-06,6480
6202,盛群,34,0,34,福邦證券,2023-12-06,6480
2399,映泰,30,0,30,福邦證券,2023-12-06,6480
2331,精英,69,42,27,福邦證券,2023-12-06,6480
00937B,群益ESG投等債20,26,0,26,福邦證券,2023-12-06,6480
1760,寶齡富錦,25,0,25,福邦證券,2023-12-06,6480
4967,十銓,22,2,20,福邦證券,2023-12-06,6480
3162,精確,30,10,20,福邦證券,2023-12-06,6480
6138,茂達,20,0,20,福邦證券,2023-12-06,6480
6416,瑞祺電通,18,0,18,福邦證券,2023-12-06,6480
2436,偉詮電,15,0,15,福邦證券,2023-12-06,6480
6672,騰輝電子-KY,15,0,15,福邦證券,2023-12-06,6480
3122,笙泉,14,0,14,福邦證券,2023-12-06,6480
4763,材料-KY,13,0,13,福邦證券,2023-12-06,6480
8171,天宇,13,0,13,福邦證券,2023-12-06,6480
00931B,統一美債20年,15,3,12,福邦證券,2023-12-06,6480
00687B,國泰20年美債,12,0,12,福邦證券,2023-12-06,6480
6668,中揚光,11,0,11,福邦證券,2023-12-06,6480
1440,南紡,10,0,10,福邦證券,2023-12-06,6480
2834,臺企銀,10,0,10,福邦證券,2023-12-06,6480
5452,佶優,20,10,10,福邦證券,2023-12-06,6480
5609,中菲行,10,0,10,福邦證券,2023-12-06,6480
2707,晶華,9,0,9,福邦證券,2023-12-06,6480
3306,鼎天,12,3,9,福邦證券,2023-12-06,6480
3588,通嘉,10,1,9,福邦證券,2023-12-06,6480
00715L,期街口布蘭特正2,18,10,8,福邦證券,2023-12-06,6480
00929,復華台灣科技優息,12,5,7,福邦證券,2023-12-06,6480
1605,華新,6,0,6,福邦證券,2023-12-06,6480
2254,巨鎧精密-創,6,0,6,福邦證券,2023-12-06,6480
2355,敬鵬,7,1,6,福邦證券,2023-12-06,6480
2609,陽明,8,2,6,福邦證券,2023-12-06,6480
00878,國泰永續高股息,5,0,5,福邦證券,2023-12-06,6480
00680L,元大美債20正2,5,0,5,福邦證券,2023-12-06,6480
8089,康全電訊,5,0,5,福邦證券,2023-12-06,6480
1504,東元,6,2,4,福邦證券,2023-12-06,6480
9904,寶成,200,0,200,福邦證券,2023-12-07,6480
5864,致和證,155,0,155,福邦證券,2023-12-07,6480
1609,大亞,439,340,99,福邦證券,2023-12-07,6480
2101,南港,50,0,50,福邦證券,2023-12-07,6480
6152,百一,50,0,50,福邦證券,2023-12-07,6480
5371,中光電,48,0,48,福邦證券,2023-12-07,6480
1760,寶齡富錦,45,0,45,福邦證券,2023-12-07,6480
9105,泰金寶-DR,40,0,40,福邦證券,2023-12-07,6480
9939,宏全,35,0,35,福邦證券,2023-12-07,6480
2883,凱基金,30,0,30,福邦證券,2023-12-07,6480
6026,福邦證,30,0,30,福邦證券,2023-12-07,6480
6202,盛群,30,0,30,福邦證券,2023-12-07,6480
00919,群益台灣精選高息,29,0,29,福邦證券,2023-12-07,6480
2618,長榮航,45,18,27,福邦證券,2023-12-07,6480
3293,鈊象,25,0,25,福邦證券,2023-12-07,6480
00929,復華台灣科技優息,24,0,24,福邦證券,2023-12-07,6480
1618,合機,23,0,23,福邦證券,2023-12-07,6480
00715L,期街口布蘭特正2,27,5,22,福邦證券,2023-12-07,6480
3013,晟銘電,41,19,22,福邦證券,2023-12-07,6480
1612,宏泰,27,6,21,福邦證券,2023-12-07,6480
00655L,國泰中國A50正2,20,0,20,福邦證券,2023-12-07,6480
6592,和潤企業,20,0,20,福邦證券,2023-12-07,6480
8111,立��,20,0,20,福邦證券,2023-12-07,6480
2357,華碩,16,0,16,福邦證券,2023-12-07,6480
2340,台亞,15,0,15,福邦證券,2023-12-07,6480
2605,新興,12,0,12,福邦證券,2023-12-07,6480
8054,安國,16,5,11,福邦證券,2023-12-07,6480
00650L,復華香港正2,40,30,10,福邦證券,2023-12-07,6480
00687B,國泰20年美債,10,0,10,福邦證券,2023-12-07,6480
00882,中信中國高股息,10,0,10,福邦證券,2023-12-07,6480
5609,中菲行,10,0,10,福邦證券,2023-12-07,6480
3576,聯合再生,13,4,9,福邦證券,2023-12-07,6480
6233,旺玖,10,1,9,福邦證券,2023-12-07,6480
6288,聯嘉,12,3,9,福邦證券,2023-12-07,6480
6668,中揚光,9,0,9,福邦證券,2023-12-07,6480
3178,公準,8,0,8,福邦證券,2023-12-07,6480
6806,森崴能源,10,2,8,福邦證券,2023-12-07,6480
00937B,群益ESG投等債20,17,10,7,福邦證券,2023-12-07,6480
1513,中興電,9,2,7,福邦證券,2023-12-07,6480
2329,華泰,7,0,7,福邦證券,2023-12-07,6480
4114,健喬,7,0,7,福邦證券,2023-12-07,6480
6112,邁達特,8,1,7,福邦證券,2023-12-07,6480
1584,精剛,10,4,6,福邦證券,2023-12-07,6480
00918,大華優利高填息30,6,0,6,福邦證券,2023-12-07,6480
2897,王道銀行,6,0,6,福邦證券,2023-12-07,6480
6265,方土昶,6,0,6,福邦證券,2023-12-07,6480
00696B,富邦美債20年,5,0,5,福邦證券,2023-12-07,6480
00878,國泰永續高股息,5,0,5,福邦證券,2023-12-07,6480
3162,精確,15,10,5,福邦證券,2023-12-07,6480
3545,敦泰,5,0,5,福邦證券,2023-12-07,6480
2885,元大金,3000,0,3000,福邦證券,2023-12-08,6480
00919,群益台灣精選高息,413,0,413,福邦證券,2023-12-08,6480
6239,力成,200,9,191,福邦證券,2023-12-08,6480
00680L,元大美債20正2,190,0,190,福邦證券,2023-12-08,6480
5864,致和證,190,0,190,福邦證券,2023-12-08,6480
8171,天宇,86,6,80,福邦證券,2023-12-08,6480
6689,伊雲谷,60,0,60,福邦證券,2023-12-08,6480
2618,長榮航,90,32,58,福邦證券,2023-12-08,6480
2438,翔耀,54,0,54,福邦證券,2023-12-08,6480
3260,威剛,56,3,53,福邦證券,2023-12-08,6480
2465,麗臺,52,0,52,福邦證券,2023-12-08,6480
5426,振發,86,35,51,福邦證券,2023-12-08,6480
00715L,期街口布蘭特正2,59,25,34,福邦證券,2023-12-08,6480
00687B,國泰20年美債,33,0,33,福邦證券,2023-12-08,6480
2301,光寶科,25,0,25,福邦證券,2023-12-08,6480
2453,凌群,25,0,25,福邦證券,2023-12-08,6480
6414,樺漢,24,0,24,福邦證券,2023-12-08,6480
2376,技嘉,23,2,21,福邦證券,2023-12-08,6480
2882,國泰金,21,0,21,福邦證券,2023-12-08,6480
00706L,期元大S＆P日圓正2,60,40,20,福邦證券,2023-12-08,6480
1795,美時,20,0,20,福邦證券,2023-12-08,6480
1815,富喬,20,0,20,福邦證券,2023-12-08,6480
1609,大亞,46,27,19,福邦證券,2023-12-08,6480
4953,緯軟,21,2,19,福邦證券,2023-12-08,6480
6231,系微,17,0,17,福邦證券,2023-12-08,6480
3548,兆利,16,0,16,福邦證券,2023-12-08,6480
2340,台亞,15,0,15,福邦證券,2023-12-08,6480
1612,宏泰,24,11,13,福邦證券,2023-12-08,6480
00931B,統一美債20年,13,0,13,福邦證券,2023-12-08,6480
1760,寶齡富錦,30,17,13,福邦證券,2023-12-08,6480
2002,中鋼,12,0,12,福邦證券,2023-12-08,6480
3042,晶技,11,0,11,福邦證券,2023-12-08,6480
00937B,群益ESG投等債20,10,0,10,福邦證券,2023-12-08,6480
00882,中信中國高股息,10,0,10,福邦證券,2023-12-08,6480
00712,復華富時不動產,10,0,10,福邦證券,2023-12-08,6480
3008,大立光,10,0,10,福邦證券,2023-12-08,6480
5234,達興材料,10,0,10,福邦證券,2023-12-08,6480
6233,旺玖,11,1,10,福邦證券,2023-12-08,6480
8996,高力,10,0,10,福邦證券,2023-12-08,6480
1524,耿鼎,13,4,9,福邦證券,2023-12-08,6480
1733,五鼎,9,0,9,福邦證券,2023-12-08,6480
3017,奇鋐,21,12,9,福邦證券,2023-12-08,6480
5210,寶碩,9,0,9,福邦證券,2023-12-08,6480
6139,亞翔,10,2,8,福邦證券,2023-12-08,6480
4967,十銓,21,14,7,福邦證券,2023-12-08,6480
2476,鉅祥,6,0,6,福邦證券,2023-12-08,6480
4584,君帆,6,0,6,福邦證券,2023-12-08,6480
5328,華容,6,0,6,福邦證券,2023-12-08,6480
6538,倉和,7,1,6,福邦證券,2023-12-08,6480
6695,芯鼎,14,8,6,福邦證券,2023-12-08,6480
2618,長榮航,348,22,326,福邦證券,2023-12-11,6480
2368,金像電,160,2,158,福邦證券,2023-12-11,6480
020034,元大IC設計N,100,0,100,福邦證券,2023-12-11,6480
020031,統一IC設計臺灣N,100,0,100,福邦證券,2023-12-11,6480
1532,勤美,75,0,75,福邦證券,2023-12-11,6480
5426,振發,75,0,75,福邦證券,2023-12-11,6480
3715,定穎投控,70,2,68,福邦證券,2023-12-11,6480
2609,陽明,60,5,55,福邦證券,2023-12-11,6480
00929,復華台灣科技優息,53,0,53,福邦證券,2023-12-11,6480
6288,聯嘉,52,0,52,福邦證券,2023-12-11,6480
00931B,統一美債20年,45,0,45,福邦證券,2023-12-11,6480
5351,鈺創,50,5,45,福邦證券,2023-12-11,6480
1609,大亞,83,45,38,福邦證券,2023-12-11,6480
00882,中信中國高股息,36,0,36,福邦證券,2023-12-11,6480
6643,M31,28,0,28,福邦證券,2023-12-11,6480
5210,寶碩,27,0,27,福邦證券,2023-12-11,6480
2363,矽統,21,0,21,福邦證券,2023-12-11,6480
00919,群益台灣精選高息,20,0,20,福邦證券,2023-12-11,6480
00655L,國泰中國A50正2,20,0,20,福邦證券,2023-12-11,6480
2607,榮運,20,0,20,福邦證券,2023-12-11,6480
5864,致和證,20,0,20,福邦證券,2023-12-11,6480
3694,海華,16,0,16,福邦證券,2023-12-11,6480
4939,亞電,16,0,16,福邦證券,2023-12-11,6480
2481,強茂,15,1,14,福邦證券,2023-12-11,6480
2382,廣達,15,2,13,福邦證券,2023-12-11,6480
2610,華航,15,2,13,福邦證券,2023-12-11,6480
00937B,群益ESG投等債20,12,0,12,福邦證券,2023-12-11,6480
1605,華新,11,0,11,福邦證券,2023-12-11,6480
1457,宜進,11,0,11,福邦證券,2023-12-11,6480
3479,安勤,16,5,11,福邦證券,2023-12-11,6480
00680L,元大美債20正2,20,10,10,福邦證券,2023-12-11,6480
2327,國巨,10,0,10,福邦證券,2023-12-11,6480
2331,精英,57,47,10,福邦證券,2023-12-11,6480
2353,宏��,13,3,10,福邦證券,2023-12-11,6480
3363,上詮,10,0,10,福邦證券,2023-12-11,6480
5609,中菲行,10,0,10,福邦證券,2023-12-11,6480
8069,元太,10,0,10,福邦證券,2023-12-11,6480
3228,金麗科,9,0,9,福邦證券,2023-12-11,6480
4906,正文,8,0,8,福邦證券,2023-12-11,6480
8033,雷虎,8,0,8,福邦證券,2023-12-11,6480
2376,技嘉,10,4,6,福邦證券,2023-12-11,6480
2405,輔信,6,0,6,福邦證券,2023-12-11,6480
4510,高鋒,6,0,6,福邦證券,2023-12-11,6480
2362,藍天,5,0,5,福邦證券,2023-12-11,6480
2867,三商壽,5,0,5,福邦證券,2023-12-11,6480
6541,泰福-KY,5,0,5,福邦證券,2023-12-11,6480
6715,嘉基,5,0,5,福邦證券,2023-12-11,6480
3709,鑫聯大投控,11,7,4,福邦證券,2023-12-11,6480
4532,瑞智,6,2,4,福邦證券,2023-12-11,6480
6116,彩晶,4,0,4,福邦證券,2023-12-11,6480
2618,長榮航,1060,100,960,福邦證券,2023-12-12,6480
8261,富鼎,360,0,360,福邦證券,2023-12-12,6480
8086,宏捷科,159,0,159,福邦證券,2023-12-12,6480
3526,凡甲,109,0,109,福邦證券,2023-12-12,6480
2331,精英,102,0,102,福邦證券,2023-12-12,6480
00751B,元大AAA至A公司債,101,0,101,福邦證券,2023-12-12,6480
4966,譜瑞-KY,76,0,76,福邦證券,2023-12-12,6480
2301,光寶科,60,0,60,福邦證券,2023-12-12,6480
2101,南港,50,0,50,福邦證券,2023-12-12,6480
6456,GIS-KY,50,0,50,福邦證券,2023-12-12,6480
1609,大亞,83,40,43,福邦證券,2023-12-12,6480
4971,IET-KY,40,0,40,福邦證券,2023-12-12,6480
1717,長興,30,0,30,福邦證券,2023-12-12,6480
5607,遠雄港,30,0,30,福邦證券,2023-12-12,6480
5905,南仁湖,30,0,30,福邦證券,2023-12-12,6480
6164,華興,30,0,30,福邦證券,2023-12-12,6480
5864,致和證,29,0,29,福邦證券,2023-12-12,6480
3023,信邦,23,0,23,福邦證券,2023-12-12,6480
00632R,元大台灣50反1,20,0,20,福邦證券,2023-12-12,6480
2360,致茂,20,0,20,福邦證券,2023-12-12,6480
1467,南緯,18,0,18,福邦證券,2023-12-12,6480
4908,前鼎,15,2,13,福邦證券,2023-12-12,6480
2436,偉詮電,12,0,12,福邦證券,2023-12-12,6480
2451,創見,10,0,10,福邦證券,2023-12-12,6480
3025,星通,10,0,10,福邦證券,2023-12-12,6480
3530,晶相光,13,3,10,福邦證券,2023-12-12,6480
6690,安�硌穈T,10,0,10,福邦證券,2023-12-12,6480
8084,巨虹,10,0,10,福邦證券,2023-12-12,6480
9917,中保科,10,0,10,福邦證券,2023-12-12,6480
1504,東元,10,1,9,福邦證券,2023-12-12,6480
8477,創業家,9,0,9,福邦證券,2023-12-12,6480
2345,智邦,8,0,8,福邦證券,2023-12-12,6480
6715,嘉基,8,0,8,福邦證券,2023-12-12,6480
00715L,期街口布蘭特正2,12,5,7,福邦證券,2023-12-12,6480
3548,兆利,13,6,7,福邦證券,2023-12-12,6480
2427,三商電,6,0,6,福邦證券,2023-12-12,6480
6125,廣運,6,0,6,福邦證券,2023-12-12,6480
6205,詮欣,10,4,6,福邦證券,2023-12-12,6480
6290,良維,6,0,6,福邦證券,2023-12-12,6480
2538,基泰,5,0,5,福邦證券,2023-12-12,6480
3008,大立光,5,0,5,福邦證券,2023-12-12,6480
3048,益登,5,0,5,福邦證券,2023-12-12,6480
3231,緯創,6,1,5,福邦證券,2023-12-12,6480
3443,創意,6,1,5,福邦證券,2023-12-12,6480
3630,新鉅科,5,0,5,福邦證券,2023-12-12,6480
3694,海華,5,0,5,福邦證券,2023-12-12,6480
4414,如興,5,0,5,福邦證券,2023-12-12,6480
4967,十銓,7,2,5,福邦證券,2023-12-12,6480
6282,康舒,5,0,5,福邦證券,2023-12-12,6480
8024,佑華,5,0,5,福邦證券,2023-12-12,6480
1532,勤美,345,0,345,福邦證券,2023-12-13,6480
2618,長榮航,350,17,333,福邦證券,2023-12-13,6480
2303,聯電,300,0,300,福邦證券,2023-12-13,6480
2308,台達電,122,2,120,福邦證券,2023-12-13,6480
5324,士開,110,0,110,福邦證券,2023-12-13,6480
020034,元大IC設計N,100,0,100,福邦證券,2023-12-13,6480
020031,統一IC設計臺灣N,100,0,100,福邦證券,2023-12-13,6480
1609,大亞,100,0,100,福邦證券,2023-12-13,6480
2353,宏��,90,0,90,福邦證券,2023-12-13,6480
6531,愛普*,88,0,88,福邦證券,2023-12-13,6480
00919,群益台灣精選高息,90,3,87,福邦證券,2023-12-13,6480
4909,新復興,50,0,50,福邦證券,2023-12-13,6480
6120,達運,50,0,50,福邦證券,2023-12-13,6480
3078,僑威,50,1,49,福邦證券,2023-12-13,6480
00715L,期街口布蘭特正2,53,11,42,福邦證券,2023-12-13,6480
1815,富喬,130,90,40,福邦證券,2023-12-13,6480
4105,東洋,40,1,39,福邦證券,2023-12-13,6480
2428,興勤,35,0,35,福邦證券,2023-12-13,6480
3711,日月光投控,35,0,35,福邦證券,2023-12-13,6480
8171,天宇,42,8,34,福邦證券,2023-12-13,6480
2330,台積電,30,0,30,福邦證券,2023-12-13,6480
2451,創見,26,0,26,福邦證券,2023-12-13,6480
00918,大華優利高填息30,22,0,22,福邦證券,2023-12-13,6480
3548,兆利,21,0,21,福邦證券,2023-12-13,6480
00937B,群益ESG投等債20,20,0,20,福邦證券,2023-12-13,6480
00931B,統一美債20年,20,0,20,福邦證券,2023-12-13,6480
2630,亞航,20,0,20,福邦證券,2023-12-13,6480
00640L,富邦日本正2,15,0,15,福邦證券,2023-12-13,6480
2601,益航,15,0,15,福邦證券,2023-12-13,6480
2609,陽明,14,0,14,福邦證券,2023-12-13,6480
2374,佳能,30,17,13,福邦證券,2023-12-13,6480
3211,順達,13,0,13,福邦證券,2023-12-13,6480
5483,中美晶,13,0,13,福邦證券,2023-12-13,6480
2331,精英,35,23,12,福邦證券,2023-12-13,6480
2603,長榮,12,0,12,福邦證券,2023-12-13,6480
3653,健策,12,0,12,福邦證券,2023-12-13,6480
00687B,國泰20年美債,11,0,11,福邦證券,2023-12-13,6480
2419,仲琦,28,17,11,福邦證券,2023-12-13,6480
2867,三商壽,11,0,11,福邦證券,2023-12-13,6480
5871,中租-KY,12,1,11,福邦證券,2023-12-13,6480
00907,永豐優息存股,10,0,10,福邦證券,2023-12-13,6480
00933B,國泰10Y+金融債,10,0,10,福邦證券,2023-12-13,6480
1784,訊聯,10,0,10,福邦證券,2023-12-13,6480
2105,正新,10,0,10,福邦證券,2023-12-13,6480
2727,王品,10,0,10,福邦證券,2023-12-13,6480
3624,光頡,10,0,10,福邦證券,2023-12-13,6480
5426,振發,10,0,10,福邦證券,2023-12-13,6480
5457,宣德,10,0,10,福邦證券,2023-12-13,6480
8011,台通,10,0,10,福邦證券,2023-12-13,6480
8069,元太,10,0,10,福邦證券,2023-12-13,6480
8155,博智,309,0,309,福邦證券,2023-12-14,6480
00632R,元大台灣50反1,136,0,136,福邦證券,2023-12-14,6480
2371,大同,60,0,60,福邦證券,2023-12-14,6480
00931B,統一美債20年,50,0,50,福邦證券,2023-12-14,6480
6285,啟��,52,2,50,福邦證券,2023-12-14,6480
00919,群益台灣精選高息,47,0,47,福邦證券,2023-12-14,6480
3437,榮創,40,0,40,福邦證券,2023-12-14,6480
1710,東聯,30,0,30,福邦證券,2023-12-14,6480
2330,台積電,30,1,29,福邦證券,2023-12-14,6480
00937B,群益ESG投等債20,28,0,28,福邦證券,2023-12-14,6480
3443,創意,30,3,27,福邦證券,2023-12-14,6480
00680L,元大美債20正2,22,0,22,福邦證券,2023-12-14,6480
2354,鴻準,21,0,21,福邦證券,2023-12-14,6480
6153,嘉聯益,20,1,19,福邦證券,2023-12-14,6480
00679B,元大美債20年,17,0,17,福邦證券,2023-12-14,6480
3008,大立光,17,0,17,福邦證券,2023-12-14,6480
00934,中信成長高股息,15,0,15,福邦證券,2023-12-14,6480
4162,智擎,15,0,15,福邦證券,2023-12-14,6480
2618,長榮航,30,18,12,福邦證券,2023-12-14,6480
4967,十銓,15,3,12,福邦證券,2023-12-14,6480
5864,致和證,12,0,12,福邦證券,2023-12-14,6480
6202,盛群,22,10,12,福邦證券,2023-12-14,6480
2419,仲琦,13,2,11,福邦證券,2023-12-14,6480
6789,采鈺,12,1,11,福邦證券,2023-12-14,6480
1524,耿鼎,13,3,10,福邦證券,2023-12-14,6480
00751B,元大AAA至A公司債,10,0,10,福邦證券,2023-12-14,6480
00720B,元大投資級公司債,10,0,10,福邦證券,2023-12-14,6480
1711,永光,10,0,10,福邦證券,2023-12-14,6480
3704,合勤控,10,0,10,福邦證券,2023-12-14,6480
6168,宏齊,10,0,10,福邦證券,2023-12-14,6480
6451,訊芯-KY,10,0,10,福邦證券,2023-12-14,6480
8068,全達,22,12,10,福邦證券,2023-12-14,6480
3005,神基,16,7,9,福邦證券,2023-12-14,6480
6643,M31,9,0,9,福邦證券,2023-12-14,6480
3653,健策,8,0,8,福邦證券,2023-12-14,6480
3048,益登,8,0,8,福邦證券,2023-12-14,6480
1709,和益,6,0,6,福邦證券,2023-12-14,6480
6275,元山,6,0,6,福邦證券,2023-12-14,6480
1612,宏泰,25,20,5,福邦證券,2023-12-14,6480
00893,國泰智能電動車,7,2,5,福邦證券,2023-12-14,6480
3023,信邦,5,0,5,福邦證券,2023-12-14,6480
3548,兆利,13,8,5,福邦證券,2023-12-14,6480
3587,閎康,5,0,5,福邦證券,2023-12-14,6480
5388,中磊,10,5,5,福邦證券,2023-12-14,6480
5457,宣德,25,20,5,福邦證券,2023-12-14,6480
6265,方土昶,6,1,5,福邦證券,2023-12-14,6480
1513,中興電,4,0,4,福邦證券,2023-12-14,6480
2228,劍麟,4,0,4,福邦證券,2023-12-14,6480
1536,和大,3,0,3,福邦證券,2023-12-14,6480
1467,南緯,3,0,3,福邦證券,2023-12-14,6480
2885,元大金,2500,50,2450,福邦證券,2023-12-15,6480
2356,英業達,284,16,268,福邦證券,2023-12-15,6480
5009,榮剛,250,2,248,福邦證券,2023-12-15,6480
3260,威剛,200,0,200,福邦證券,2023-12-15,6480
2363,矽統,218,30,188,福邦證券,2023-12-15,6480
2014,中鴻,180,8,172,福邦證券,2023-12-15,6480
4906,正文,57,1,56,福邦證券,2023-12-15,6480
00919,群益台灣精選高息,51,0,51,福邦證券,2023-12-15,6480
2387,精元,50,0,50,福邦證券,2023-12-15,6480
2451,創見,48,0,48,福邦證券,2023-12-15,6480
3078,僑威,30,0,30,福邦證券,2023-12-15,6480
00637L,元大滬深300正2,34,4,30,福邦證券,2023-12-15,6480
00929,復華台灣科技優息,29,1,28,福邦證券,2023-12-15,6480
2618,長榮航,27,3,24,福邦證券,2023-12-15,6480
3372,典範,21,0,21,福邦證券,2023-12-15,6480
2371,大同,60,40,20,福邦證券,2023-12-15,6480
5864,致和證,19,0,19,福邦證券,2023-12-15,6480
3036,文曄,17,0,17,福邦證券,2023-12-15,6480
6669,緯穎,18,1,17,福邦證券,2023-12-15,6480
6683,雍智科技,17,0,17,福邦證券,2023-12-15,6480
3548,兆利,16,0,16,福邦證券,2023-12-15,6480
1815,富喬,15,0,15,福邦證券,2023-12-15,6480
2376,技嘉,13,0,13,福邦證券,2023-12-15,6480
3532,台勝科,33,20,13,福邦證券,2023-12-15,6480
3587,閎康,13,0,13,福邦證券,2023-12-15,6480
00632R,元大台灣50反1,12,0,12,福邦證券,2023-12-15,6480
5469,瀚宇博,12,0,12,福邦證券,2023-12-15,6480
2359,所羅門,11,0,11,福邦證券,2023-12-15,6480
8089,康全電訊,11,0,11,福邦證券,2023-12-15,6480
00687B,國泰20年美債,10,0,10,福邦證券,2023-12-15,6480
1528,恩德,10,0,10,福邦證券,2023-12-15,6480
2241,艾姆勒,10,0,10,福邦證券,2023-12-15,6480
2331,精英,43,33,10,福邦證券,2023-12-15,6480
2347,聯強,10,0,10,福邦證券,2023-12-15,6480
2419,仲琦,10,0,10,福邦證券,2023-12-15,6480
3305,昇貿,10,0,10,福邦證券,2023-12-15,6480
3499,環天科,10,0,10,福邦證券,2023-12-15,6480
3563,牧德,10,0,10,福邦證券,2023-12-15,6480
2360,致茂,10,1,9,福邦證券,2023-12-15,6480
6153,嘉聯益,10,1,9,福邦證券,2023-12-15,6480
00934,中信成長高股息,7,0,7,福邦證券,2023-12-15,6480
6117,迎廣,7,0,7,福邦證券,2023-12-15,6480
2948,寶陞,6,0,6,福邦證券,2023-12-15,6480
4743,合一,6,0,6,福邦證券,2023-12-15,6480
8171,天宇,6,0,6,福邦證券,2023-12-15,6480
3008,大立光,6,1,5,福邦證券,2023-12-15,6480
00932,兆豐永續高息等權,5,0,5,福邦證券,2023-12-15,6480
3023,信邦,5,0,5,福邦證券,2023-12-15,6480
3706,神達,5,0,5,福邦證券,2023-12-15,6480
5515,建國,5,0,5,福邦證券,2023-12-15,6480
2363,矽統,302,0,302,福邦證券,2023-12-18,6480
2376,技嘉,100,1,99,福邦證券,2023-12-18,6480
2882,國泰金,79,0,79,福邦證券,2023-12-18,6480
00919,群益台灣精選高息,71,0,71,福邦證券,2023-12-18,6480
2618,長榮航,96,25,71,福邦證券,2023-12-18,6480
3006,晶豪科,80,18,62,福邦證券,2023-12-18,6480
2501,國建,60,0,60,福邦證券,2023-12-18,6480
2371,大同,50,0,50,福邦證券,2023-12-18,6480
3042,晶技,37,0,37,福邦證券,2023-12-18,6480
2031,新光鋼,34,2,32,福邦證券,2023-12-18,6480
1605,華新,83,56,27,福邦證券,2023-12-18,6480
2331,精英,26,0,26,福邦證券,2023-12-18,6480
6275,元山,30,4,26,福邦證券,2023-12-18,6480
2211,長榮鋼,20,0,20,福邦證券,2023-12-18,6480
6026,福邦證,29,9,20,福邦證券,2023-12-18,6480
00720B,元大投資級公司債,19,0,19,福邦證券,2023-12-18,6480
1905,華紙,40,22,18,福邦證券,2023-12-18,6480
3346,麗清,18,0,18,福邦證券,2023-12-18,6480
00679B,元大美債20年,23,8,15,福邦證券,2023-12-18,6480
2603,長榮,22,8,14,福邦證券,2023-12-18,6480
3661,世芯-KY,12,0,12,福邦證券,2023-12-18,6480
6140,訊達,12,0,12,福邦證券,2023-12-18,6480
6805,富世達,11,0,11,福邦證券,2023-12-18,6480
1815,富喬,10,0,10,福邦證券,2023-12-18,6480
00680L,元大美債20正2,10,0,10,福邦證券,2023-12-18,6480
3078,僑威,10,0,10,福邦證券,2023-12-18,6480
3372,典範,10,0,10,福邦證券,2023-12-18,6480
4533,協易機,10,0,10,福邦證券,2023-12-18,6480
00715L,期街口布蘭特正2,24,15,9,福邦證券,2023-12-18,6480
00751B,元大AAA至A公司債,9,0,9,福邦證券,2023-12-18,6480
8464,億豐,15,6,9,福邦證券,2023-12-18,6480
2228,劍麟,8,0,8,福邦證券,2023-12-18,6480
2356,英業達,8,1,7,福邦證券,2023-12-18,6480
4162,智擎,7,0,7,福邦證券,2023-12-18,6480
00931B,統一美債20年,10,4,6,福邦證券,2023-12-18,6480
2254,巨鎧精密-創,6,0,6,福邦證券,2023-12-18,6480
2489,瑞軒,6,0,6,福邦證券,2023-12-18,6480
2801,彰銀,6,0,6,福邦證券,2023-12-18,6480
2834,臺企銀,6,0,6,福邦證券,2023-12-18,6480
5457,宣德,7,1,6,福邦證券,2023-12-18,6480
1720,生達,5,0,5,福邦證券,2023-12-18,6480
00936,台新永續高息中小,5,0,5,福邦證券,2023-12-18,6480
00764B,群益25年美債,5,0,5,福邦證券,2023-12-18,6480
2233,宇隆,5,0,5,福邦證券,2023-12-18,6480
2888,新光金,5,0,5,福邦證券,2023-12-18,6480
3653,健策,5,0,5,福邦證券,2023-12-18,6480
6111,大宇資,5,0,5,福邦證券,2023-12-18,6480
8112,至上,5,0,5,福邦證券,2023-12-18,6480
00891,中信關鍵半導體,4,0,4,福邦證券,2023-12-18,6480
1449,佳和,4,0,4,福邦證券,2023-12-18,6480
6269,台郡,226,0,226,福邦證券,2023-12-19,6480
2329,華泰,200,0,200,福邦證券,2023-12-19,6480
6257,矽格,200,0,200,福邦證券,2023-12-19,6480
3017,奇鋐,187,0,187,福邦證券,2023-12-19,6480
5258,虹堡,160,0,160,福邦證券,2023-12-19,6480
1312,國喬,106,0,106,福邦證券,2023-12-19,6480
8171,天宇,106,0,106,福邦證券,2023-12-19,6480
00720B,元大投資級公司債,113,10,103,福邦證券,2023-12-19,6480
8150,南茂,100,0,100,福邦證券,2023-12-19,6480
8112,至上,74,0,74,福邦證券,2023-12-19,6480
5347,世界,52,0,52,福邦證券,2023-12-19,6480
2342,茂矽,50,0,50,福邦證券,2023-12-19,6480
5388,中磊,50,0,50,福邦證券,2023-12-19,6480
9939,宏全,50,0,50,福邦證券,2023-12-19,6480
2303,聯電,40,0,40,福邦證券,2023-12-19,6480
2395,研華,37,0,37,福邦證券,2023-12-19,6480
00878,國泰永續高股息,33,0,33,福邦證券,2023-12-19,6480
8477,創業家,31,1,30,福邦證券,2023-12-19,6480
2360,致茂,26,1,25,福邦證券,2023-12-19,6480
6456,GIS-KY,25,0,25,福邦證券,2023-12-19,6480
6275,元山,25,1,24,福邦證券,2023-12-19,6480
00931B,統一美債20年,20,0,20,福邦證券,2023-12-19,6480
5864,致和證,20,0,20,福邦證券,2023-12-19,6480
6592,和潤企業,20,0,20,福邦證券,2023-12-19,6480
8069,元太,20,0,20,福邦證券,2023-12-19,6480
8085,福華,20,0,20,福邦證券,2023-12-19,6480
2340,台亞,18,0,18,福邦證券,2023-12-19,6480
3346,麗清,15,0,15,福邦證券,2023-12-19,6480
00929,復華台灣科技優息,24,10,14,福邦證券,2023-12-19,6480
2345,智邦,14,0,14,福邦證券,2023-12-19,6480
2888,新光金,12,0,12,福邦證券,2023-12-19,6480
00919,群益台灣精選高息,11,0,11,福邦證券,2023-12-19,6480
1528,恩德,10,0,10,福邦證券,2023-12-19,6480
1815,富喬,10,0,10,福邦證券,2023-12-19,6480
2201,裕隆,10,0,10,福邦證券,2023-12-19,6480
2328,廣宇,10,0,10,福邦證券,2023-12-19,6480
2365,昆盈,10,0,10,福邦證券,2023-12-19,6480
3042,晶技,10,0,10,福邦證券,2023-12-19,6480
3231,緯創,17,7,10,福邦證券,2023-12-19,6480
6441,廣錠,10,0,10,福邦證券,2023-12-19,6480
00680L,元大美債20正2,10,2,8,福邦證券,2023-12-19,6480
2887,台新金,8,0,8,福邦證券,2023-12-19,6480
2948,寶陞,8,0,8,福邦證券,2023-12-19,6480
00936,台新永續高息中小,7,0,7,福邦證券,2023-12-19,6480
2353,宏��,35,28,7,福邦證券,2023-12-19,6480
3141,晶宏,7,0,7,福邦證券,2023-12-19,6480
00679B,元大美債20年,6,0,6,福邦證券,2023-12-19,6480
4915,致伸,6,0,6,福邦證券,2023-12-19,6480
6111,大宇資,6,0,6,福邦證券,2023-12-19,6480
6679,鈺太,9,3,6,福邦證券,2023-12-19,6480
5425,台半,505,5,500,福邦證券,2023-12-20,6480
2618,長榮航,402,80,322,福邦證券,2023-12-20,6480
2313,華通,200,1,199,福邦證券,2023-12-20,6480
6415,矽力*-KY,183,2,181,福邦證券,2023-12-20,6480
6138,茂達,156,1,155,福邦證券,2023-12-20,6480
6245,立端,142,0,142,福邦證券,2023-12-20,6480
9929,秋雨,114,0,114,福邦證券,2023-12-20,6480
2371,大同,130,45,85,福邦證券,2023-12-20,6480
8086,宏捷科,108,24,84,福邦證券,2023-12-20,6480
2376,技嘉,79,13,66,福邦證券,2023-12-20,6480
3548,兆利,65,0,65,福邦證券,2023-12-20,6480
5009,榮剛,64,0,64,福邦證券,2023-12-20,6480
3711,日月光投控,60,0,60,福邦證券,2023-12-20,6480
2353,宏��,100,43,57,福邦證券,2023-12-20,6480
1504,東元,50,0,50,福邦證券,2023-12-20,6480
3526,凡甲,50,0,50,福邦證券,2023-12-20,6480
6179,亞通,49,4,45,福邦證券,2023-12-20,6480
2481,強茂,39,0,39,福邦證券,2023-12-20,6480
1528,恩德,30,0,30,福邦證券,2023-12-20,6480
1338,廣華-KY,30,0,30,福邦證券,2023-12-20,6480
3607,谷崧,30,0,30,福邦證券,2023-12-20,6480
6288,聯嘉,30,0,30,福邦證券,2023-12-20,6480
00919,群益台灣精選高息,24,1,23,福邦證券,2023-12-20,6480
00937B,群益ESG投等債20,25,5,20,福邦證券,2023-12-20,6480
2615,萬海,20,0,20,福邦證券,2023-12-20,6480
3178,公準,20,0,20,福邦證券,2023-12-20,6480
2609,陽明,107,89,18,福邦證券,2023-12-20,6480
00934,中信成長高股息,16,0,16,福邦證券,2023-12-20,6480
6683,雍智科技,13,0,13,福邦證券,2023-12-20,6480
2356,英業達,31,20,11,福邦證券,2023-12-20,6480
2303,聯電,10,0,10,福邦證券,2023-12-20,6480
00929,復華台灣科技優息,10,0,10,福邦證券,2023-12-20,6480
00632R,元大台灣50反1,10,0,10,福邦證券,2023-12-20,6480
2734,易飛網,10,0,10,福邦證券,2023-12-20,6480
8403,盛弘,10,0,10,福邦證券,2023-12-20,6480
3661,世芯-KY,8,0,8,福邦證券,2023-12-20,6480
6205,詮欣,8,0,8,福邦證券,2023-12-20,6480
3008,大立光,7,0,7,福邦證券,2023-12-20,6480
2948,寶陞,6,0,6,福邦證券,2023-12-20,6480
3588,通嘉,6,0,6,福邦證券,2023-12-20,6480
5706,鳳凰,6,0,6,福邦證券,2023-12-20,6480
6443,元晶,6,0,6,福邦證券,2023-12-20,6480
7402,邑錡,6,0,6,福邦證券,2023-12-20,6480
8477,創業家,7,1,6,福邦證券,2023-12-20,6480
00720B,元大投資級公司債,5,0,5,福邦證券,2023-12-20,6480
2359,所羅門,9,4,5,福邦證券,2023-12-20,6480
2425,承啟,5,0,5,福邦證券,2023-12-20,6480
3006,晶豪科,6,1,5,福邦證券,2023-12-20,6480
4162,智擎,5,0,5,福邦證券,2023-12-20,6480
5263,智崴,5,0,5,福邦證券,2023-12-20,6480
2382,廣達,504,8,496,福邦證券,2023-12-21,6480
2353,宏��,145,15,130,福邦證券,2023-12-21,6480
1504,東元,107,0,107,福邦證券,2023-12-21,6480
2443,昶虹,99,0,99,福邦證券,2023-12-21,6480
2376,技嘉,75,12,63,福邦證券,2023-12-21,6480
00900,富邦特選高股息30,50,0,50,福邦證券,2023-12-21,6480
1710,東聯,30,0,30,福邦證券,2023-12-21,6480
1338,廣華-KY,25,0,25,福邦證券,2023-12-21,6480
2371,大同,25,0,25,福邦證券,2023-12-21,6480
2031,新光鋼,21,1,20,福邦證券,2023-12-21,6480
2104,國際中橡,20,0,20,福邦證券,2023-12-21,6480
8085,福華,25,5,20,福邦證券,2023-12-21,6480
00929,復華台灣科技優息,18,0,18,福邦證券,2023-12-21,6480
2603,長榮,22,4,18,福邦證券,2023-12-21,6480
2515,中工,13,1,12,福邦證券,2023-12-21,6480
3264,欣銓,11,0,11,福邦證券,2023-12-21,6480
8996,高力,11,0,11,福邦證券,2023-12-21,6480
00934,中信成長高股息,10,0,10,福邦證券,2023-12-21,6480
0056,元大高股息,10,0,10,福邦證券,2023-12-21,6480
2906,高林,10,0,10,福邦證券,2023-12-21,6480
3042,晶技,10,0,10,福邦證券,2023-12-21,6480
3450,聯鈞,10,0,10,福邦證券,2023-12-21,6480
2027,大成鋼,10,0,10,福邦證券,2023-12-21,6480
00720B,元大投資級公司債,8,0,8,福邦證券,2023-12-21,6480
2476,鉅祥,8,0,8,福邦證券,2023-12-21,6480
3548,兆利,52,44,8,福邦證券,2023-12-21,6480
6140,訊達,15,7,8,福邦證券,2023-12-21,6480
2324,仁寶,21,13,8,福邦證券,2023-12-21,6480
1325,恆大,7,1,6,福邦證券,2023-12-21,6480
6104,創惟,6,0,6,福邦證券,2023-12-21,6480
8110,華東,16,10,6,福邦證券,2023-12-21,6480
1513,中興電,5,0,5,福邦證券,2023-12-21,6480
00936,台新永續高息中小,5,0,5,福邦證券,2023-12-21,6480
2365,昆盈,5,0,5,福邦證券,2023-12-21,6480
2438,翔耀,8,3,5,福邦證券,2023-12-21,6480
2457,飛宏,5,0,5,福邦證券,2023-12-21,6480
3576,聯合再生,5,0,5,福邦證券,2023-12-21,6480
4174,浩鼎,5,0,5,福邦證券,2023-12-21,6480
5515,建國,5,0,5,福邦證券,2023-12-21,6480
6026,福邦證,8,3,5,福邦證券,2023-12-21,6480
9919,康那香,5,0,5,福邦證券,2023-12-21,6480
5351,鈺創,5,1,4,福邦證券,2023-12-21,6480
00919,群益台灣精選高息,4,0,4,福邦證券,2023-12-21,6480
2201,裕隆,4,0,4,福邦證券,2023-12-21,6480
7402,邑錡,4,0,4,福邦證券,2023-12-21,6480
1732,毛寶,15,12,3,福邦證券,2023-12-21,6480
2009,第一銅,3,0,3,福邦證券,2023-12-21,6480
3005,神基,3,0,3,福邦證券,2023-12-21,6480
3045,台灣大,3,0,3,福邦證券,2023-12-21,6480
3105,穩懋,3,0,3,福邦證券,2023-12-21,6480
2609,陽明,387,86,301,福邦證券,2023-12-22,6480
4306,炎洲,250,0,250,福邦證券,2023-12-22,6480
6026,福邦證,202,0,202,福邦證券,2023-12-22,6480
2313,華通,202,3,199,福邦證券,2023-12-22,6480
1532,勤美,130,0,130,福邦證券,2023-12-22,6480
6531,愛普*,80,1,79,福邦證券,2023-12-22,6480
2353,宏��,65,6,59,福邦證券,2023-12-22,6480
4510,高鋒,50,0,50,福邦證券,2023-12-22,6480
00937B,群益ESG投等債20,45,4,41,福邦證券,2023-12-22,6480
1503,士電,40,0,40,福邦證券,2023-12-22,6480
2356,英業達,36,4,32,福邦證券,2023-12-22,6480
6245,立端,30,0,30,福邦證券,2023-12-22,6480
00680L,元大美債20正2,75,50,25,福邦證券,2023-12-22,6480
00795B,中信美國公債20年,24,1,23,福邦證券,2023-12-22,6480
00751B,元大AAA至A公司債,21,0,21,福邦證券,2023-12-22,6480
00931B,統一美債20年,20,0,20,福邦證券,2023-12-22,6480
6139,亞翔,20,0,20,福邦證券,2023-12-22,6480
2371,大同,25,5,20,福邦證券,2023-12-22,6480
1605,華新,18,3,15,福邦證券,2023-12-22,6480
1513,中興電,13,0,13,福邦證券,2023-12-22,6480
4763,材料-KY,16,3,13,福邦證券,2023-12-22,6480
00933B,國泰10Y+金融債,12,0,12,福邦證券,2023-12-22,6480
5521,工信,12,0,12,福邦證券,2023-12-22,6480
6901,鑽石投資,12,0,12,福邦證券,2023-12-22,6480
6205,詮欣,11,0,11,福邦證券,2023-12-22,6480
1522,堤維西,10,0,10,福邦證券,2023-12-22,6480
00929,復華台灣科技優息,10,0,10,福邦證券,2023-12-22,6480
00706L,期元大S＆P日圓正2,20,10,10,福邦證券,2023-12-22,6480
00696B,富邦美債20年,10,0,10,福邦證券,2023-12-22,6480
1710,東聯,10,0,10,福邦證券,2023-12-22,6480
2324,仁寶,12,2,10,福邦證券,2023-12-22,6480
5607,遠雄港,10,0,10,福邦證券,2023-12-22,6480
3545,敦泰,8,0,8,福邦證券,2023-12-22,6480
6684,安格,8,0,8,福邦證券,2023-12-22,6480
1612,宏泰,7,0,7,福邦證券,2023-12-22,6480
2314,台揚,7,0,7,福邦證券,2023-12-22,6480
3017,奇鋐,9,2,7,福邦證券,2023-12-22,6480
3221,台嘉碩,7,0,7,福邦證券,2023-12-22,6480
6257,矽格,7,0,7,福邦證券,2023-12-22,6480
9919,康那香,7,0,7,福邦證券,2023-12-22,6480
2419,仲琦,6,0,6,福邦證券,2023-12-22,6480
00720B,元大投資級公司債,8,3,5,福邦證券,2023-12-22,6480
2070,精湛,5,0,5,福邦證券,2023-12-22,6480
2329,華泰,5,0,5,福邦證券,2023-12-22,6480
2338,光罩,5,0,5,福邦證券,2023-12-22,6480
5272,笙科,5,0,5,福邦證券,2023-12-22,6480
5410,國眾,5,0,5,福邦證券,2023-12-22,6480
6270,倍微,5,0,5,福邦證券,2023-12-22,6480
6441,廣錠,5,0,5,福邦證券,2023-12-22,6480
6461,益得,5,0,5,福邦證券,2023-12-22,6480
4960,誠美材,74,0,74,福邦證券,2023-12-25,6480
00679B,元大美債20年,65,1,64,福邦證券,2023-12-25,6480
1584,精剛,60,0,60,福邦證券,2023-12-25,6480
5388,中磊,50,0,50,福邦證券,2023-12-25,6480
5426,振發,50,0,50,福邦證券,2023-12-25,6480
2371,大同,65,20,45,福邦證券,2023-12-25,6480
00687B,國泰20年美債,43,2,41,福邦證券,2023-12-25,6480
00929,復華台灣科技優息,40,5,35,福邦證券,2023-12-25,6480
00696B,富邦美債20年,30,0,30,福邦證券,2023-12-25,6480
00751B,元大AAA至A公司債,28,0,28,福邦證券,2023-12-25,6480
2357,華碩,33,6,27,福邦證券,2023-12-25,6480
1605,華新,41,16,25,福邦證券,2023-12-25,6480
00795B,中信美國公債20年,22,0,22,福邦證券,2023-12-25,6480
2002,中鋼,20,0,20,福邦證券,2023-12-25,6480
5609,中菲行,20,0,20,福邦證券,2023-12-25,6480
6592,和潤企業,20,0,20,福邦證券,2023-12-25,6480
3694,海華,20,3,17,福邦證券,2023-12-25,6480
6117,迎廣,19,3,16,福邦證券,2023-12-25,6480
1338,廣華-KY,15,0,15,福邦證券,2023-12-25,6480
3289,宜特,15,0,15,福邦證券,2023-12-25,6480
6233,旺玖,19,6,13,福邦證券,2023-12-25,6480
3701,大眾控,12,0,12,福邦證券,2023-12-25,6480
00919,群益台灣精選高息,11,0,11,福邦證券,2023-12-25,6480
2356,英業達,17,6,11,福邦證券,2023-12-25,6480
00680L,元大美債20正2,60,50,10,福邦證券,2023-12-25,6480
00772B,中信高評級公司債,10,0,10,福邦證券,2023-12-25,6480
2303,聯電,10,0,10,福邦證券,2023-12-25,6480
2454,聯發科,10,0,10,福邦證券,2023-12-25,6480
3522,御嵿,10,0,10,福邦證券,2023-12-25,6480
4557,永新-KY,10,0,10,福邦證券,2023-12-25,6480
6275,元山,10,0,10,福邦證券,2023-12-25,6480
6669,緯穎,10,0,10,福邦證券,2023-12-25,6480
8059,凱碩,10,0,10,福邦證券,2023-12-25,6480
8936,國統,10,0,10,福邦證券,2023-12-25,6480
9938,百和,14,4,10,福邦證券,2023-12-25,6480
00720B,元大投資級公司債,9,0,9,福邦證券,2023-12-25,6480
2324,仁寶,61,52,9,福邦證券,2023-12-25,6480
3548,兆利,11,2,9,福邦證券,2023-12-25,6480
9904,寶成,9,0,9,福邦證券,2023-12-25,6480
00671R,富邦NASDAQ反1,8,0,8,福邦證券,2023-12-25,6480
4916,事欣科,7,0,7,福邦證券,2023-12-25,6480
8477,創業家,7,0,7,福邦證券,2023-12-25,6480
1586,和勤,6,0,6,福邦證券,2023-12-25,6480
6538,倉和,6,0,6,福邦證券,2023-12-25,6480
6550,北極星藥業-KY,11,5,6,福邦證券,2023-12-25,6480
1210,大成,5,0,5,福邦證券,2023-12-25,6480
00933B,國泰10Y+金融債,5,0,5,福邦證券,2023-12-25,6480
2331,精英,29,24,5,福邦證券,2023-12-25,6480
2421,建準,5,0,5,福邦證券,2023-12-25,6480
2476,鉅祥,5,0,5,福邦證券,2023-12-25,6480
2885,元大金,2500,0,2500,福邦證券,2023-12-26,6480
2208,台船,545,0,545,福邦證券,2023-12-26,6480
5876,上海商銀,500,0,500,福邦證券,2023-12-26,6480
6269,台郡,271,0,271,福邦證券,2023-12-26,6480
2368,金像電,174,0,174,福邦證券,2023-12-26,6480
3231,緯創,161,3,158,福邦證券,2023-12-26,6480
9934,成霖,130,0,130,福邦證券,2023-12-26,6480
1532,勤美,150,30,120,福邦證券,2023-12-26,6480
1584,精剛,82,0,82,福邦證券,2023-12-26,6480
2353,宏��,100,20,80,福邦證券,2023-12-26,6480
1477,聚陽,66,0,66,福邦證券,2023-12-26,6480
2345,智邦,50,0,50,福邦證券,2023-12-26,6480
2360,致茂,35,0,35,福邦證券,2023-12-26,6480
5210,寶碩,32,0,32,福邦證券,2023-12-26,6480
6416,瑞祺電通,25,0,25,福邦證券,2023-12-26,6480
00632R,元大台灣50反1,20,0,20,福邦證券,2023-12-26,6480
2546,根基,20,0,20,福邦證券,2023-12-26,6480
2801,彰銀,20,0,20,福邦證券,2023-12-26,6480
2371,大同,20,1,19,福邦證券,2023-12-26,6480
3035,智原,18,4,14,福邦證券,2023-12-26,6480
2357,華碩,12,0,12,福邦證券,2023-12-26,6480
2377,微星,13,1,12,福邦證券,2023-12-26,6480
4162,智擎,12,0,12,福邦證券,2023-12-26,6480
8059,凱碩,21,10,11,福邦證券,2023-12-26,6480
2408,南亞科,10,0,10,福邦證券,2023-12-26,6480
2454,聯發科,10,0,10,福邦證券,2023-12-26,6480
3522,御嵿,10,0,10,福邦證券,2023-12-26,6480
4557,永新-KY,10,0,10,福邦證券,2023-12-26,6480
4906,正文,11,1,10,福邦證券,2023-12-26,6480
6265,方土昶,13,3,10,福邦證券,2023-12-26,6480
6613,朋億*,10,0,10,福邦證券,2023-12-26,6480
8114,振樺電,10,0,10,福邦證券,2023-12-26,6480
3530,晶相光,11,2,9,福邦證券,2023-12-26,6480
5483,中美晶,10,1,9,福邦證券,2023-12-26,6480
2948,寶陞,8,0,8,福邦證券,2023-12-26,6480
3376,新日興,10,2,8,福邦證券,2023-12-26,6480
6538,倉和,6,0,6,福邦證券,2023-12-26,6480
00674R,期元大S＆P黃金反1,5,0,5,福邦證券,2023-12-26,6480
3588,通嘉,5,0,5,福邦證券,2023-12-26,6480
4167,松瑞藥,5,0,5,福邦證券,2023-12-26,6480
9919,康那香,5,0,5,福邦證券,2023-12-26,6480
6139,亞翔,3,0,3,福邦證券,2023-12-26,6480
6147,頎邦,3,0,3,福邦證券,2023-12-26,6480
8112,至上,3,0,3,福邦證券,2023-12-26,6480
1519,華城,4,2,2,福邦證券,2023-12-26,6480
00722B,群益投資級電信債,2,0,2,福邦證券,2023-12-26,6480
00929,復華台灣科技優息,2,0,2,福邦證券,2023-12-26,6480
00919,群益台灣精選高息,2,0,2,福邦證券,2023-12-26,6480
00665L,富邦�琤肭磪囓�2,2,0,2,福邦證券,2023-12-26,6480
1442,名軒,2,0,2,福邦證券,2023-12-26,6480
00885,富邦越南,250,0,250,福邦證券,2023-12-27,6480
2344,華邦電,252,16,236,福邦證券,2023-12-27,6480
3042,晶技,153,0,153,福邦證券,2023-12-27,6480
00632R,元大台灣50反1,140,0,140,福邦證券,2023-12-27,6480
2317,鴻海,103,0,103,福邦證券,2023-12-27,6480
020034,元大IC設計N,100,0,100,福邦證券,2023-12-27,6480
2258,鴻華先進-創,94,0,94,福邦證券,2023-12-27,6480
1504,東元,60,0,60,福邦證券,2023-12-27,6480
00937B,群益ESG投等債20,55,0,55,福邦證券,2023-12-27,6480
00637L,元大滬深300正2,50,0,50,福邦證券,2023-12-27,6480
6441,廣錠,56,11,45,福邦證券,2023-12-27,6480
1229,聯華,40,0,40,福邦證券,2023-12-27,6480
6679,鈺太,18,0,18,福邦證券,2023-12-27,6480
3362,先進光,16,0,16,福邦證券,2023-12-27,6480
1586,和勤,15,0,15,福邦證券,2023-12-27,6480
2607,榮運,15,0,15,福邦證券,2023-12-27,6480
3346,麗清,15,0,15,福邦證券,2023-12-27,6480
6668,中揚光,15,0,15,福邦證券,2023-12-27,6480
5210,寶碩,15,1,14,福邦證券,2023-12-27,6480
2641,正德,13,0,13,福邦證券,2023-12-27,6480
8081,致新,13,0,13,福邦證券,2023-12-27,6480
1904,正隆,12,0,12,福邦證券,2023-12-27,6480
4557,永新-KY,12,0,12,福邦證券,2023-12-27,6480
2331,精英,12,1,11,福邦證券,2023-12-27,6480
3701,大眾控,11,0,11,福邦證券,2023-12-27,6480
1584,精剛,10,0,10,福邦證券,2023-12-27,6480
1522,堤維西,10,0,10,福邦證券,2023-12-27,6480
020031,統一IC設計臺灣N,10,0,10,福邦證券,2023-12-27,6480
00757,統一FANG+,10,0,10,福邦證券,2023-12-27,6480
3162,精確,20,10,10,福邦證券,2023-12-27,6480
3305,昇貿,12,2,10,福邦證券,2023-12-27,6480
3611,鼎翰,10,0,10,福邦證券,2023-12-27,6480
5864,致和證,10,0,10,福邦證券,2023-12-27,6480
6416,瑞祺電通,10,0,10,福邦證券,2023-12-27,6480
6806,森崴能源,10,0,10,福邦證券,2023-12-27,6480
00679B,元大美債20年,9,0,9,福邦證券,2023-12-27,6480
2324,仁寶,20,12,8,福邦證券,2023-12-27,6480
3303,岱稜,11,3,8,福邦證券,2023-12-27,6480
8932,智通*,8,0,8,福邦證券,2023-12-27,6480
3707,漢磊,7,0,7,福邦證券,2023-12-27,6480
9934,成霖,7,0,7,福邦證券,2023-12-27,6480
00674R,期元大S＆P黃金反1,5,0,5,福邦證券,2023-12-27,6480
00936,台新永續高息中小,5,0,5,福邦證券,2023-12-27,6480
2388,威盛,7,2,5,福邦證券,2023-12-27,6480
3264,欣銓,5,0,5,福邦證券,2023-12-27,6480
3450,聯鈞,5,0,5,福邦證券,2023-12-27,6480
5469,瀚宇博,5,0,5,福邦證券,2023-12-27,6480
8996,高力,5,0,5,福邦證券,2023-12-27,6480
3661,世芯-KY,4,0,4,福邦證券,2023-12-27,6480
2443,昶虹,4,0,4,福邦證券,2023-12-27,6480
3706,神達,276,10,266,福邦證券,2023-12-28,6480
6719,力智,105,26,79,福邦證券,2023-12-28,6480
6416,瑞祺電通,77,0,77,福邦證券,2023-12-28,6480
2443,昶虹,54,0,54,福邦證券,2023-12-28,6480
00885,富邦越南,50,0,50,福邦證券,2023-12-28,6480
8089,康全電訊,42,5,37,福邦證券,2023-12-28,6480
6679,鈺太,31,0,31,福邦證券,2023-12-28,6480
6133,金橋,25,0,25,福邦證券,2023-12-28,6480
3042,晶技,24,0,24,福邦證券,2023-12-28,6480
1608,華榮,21,0,21,福邦證券,2023-12-28,6480
3522,御嵿,20,0,20,福邦證券,2023-12-28,6480
2408,南亞科,15,0,15,福邦證券,2023-12-28,6480
00720B,元大投資級公司債,14,0,14,福邦證券,2023-12-28,6480
00937B,群益ESG投等債20,13,0,13,福邦證券,2023-12-28,6480
2618,長榮航,22,9,13,福邦證券,2023-12-28,6480
2404,漢唐,12,0,12,福邦證券,2023-12-28,6480
3289,宜特,12,0,12,福邦證券,2023-12-28,6480
3228,金麗科,11,0,11,福邦證券,2023-12-28,6480
00674R,期元大S＆P黃金反1,10,0,10,福邦證券,2023-12-28,6480
00671R,富邦NASDAQ反1,10,0,10,福邦證券,2023-12-28,6480
2354,鴻準,10,0,10,福邦證券,2023-12-28,6480
4557,永新-KY,10,0,10,福邦證券,2023-12-28,6480
6187,萬潤,10,0,10,福邦證券,2023-12-28,6480
6196,帆宣,11,1,10,福邦證券,2023-12-28,6480
6205,詮欣,10,0,10,福邦證券,2023-12-28,6480
6415,矽力*-KY,11,1,10,福邦證券,2023-12-28,6480
1467,南緯,9,1,8,福邦證券,2023-12-28,6480
00772B,中信高評級公司債,8,0,8,福邦證券,2023-12-28,6480
3548,兆利,14,6,8,福邦證券,2023-12-28,6480
3035,智原,8,1,7,福邦證券,2023-12-28,6480
1612,宏泰,13,7,6,福邦證券,2023-12-28,6480
00715L,期街口布蘭特正2,16,10,6,福邦證券,2023-12-28,6480
4961,天鈺,7,1,6,福邦證券,2023-12-28,6480
00936,台新永續高息中小,5,0,5,福邦證券,2023-12-28,6480
2732,六角,5,0,5,福邦證券,2023-12-28,6480
3450,聯鈞,5,0,5,福邦證券,2023-12-28,6480
3689,湧德,5,0,5,福邦證券,2023-12-28,6480
6275,元山,10,5,5,福邦證券,2023-12-28,6480
8210,勤誠,7,2,5,福邦證券,2023-12-28,6480
1522,堤維西,5,0,5,福邦證券,2023-12-28,6480
1609,大亞,5,1,4,福邦證券,2023-12-28,6480
2376,技嘉,5,1,4,福邦證券,2023-12-28,6480
3701,大眾控,4,0,4,福邦證券,2023-12-28,6480
3715,定穎投控,4,0,4,福邦證券,2023-12-28,6480
4746,台耀,5,1,4,福邦證券,2023-12-28,6480
4967,十銓,4,0,4,福邦證券,2023-12-28,6480
5426,振發,4,0,4,福邦證券,2023-12-28,6480
6129,普誠,4,0,4,福邦證券,2023-12-28,6480
6538,倉和,4,0,4,福邦證券,2023-12-28,6480
6715,嘉基,4,0,4,福邦證券,2023-12-28,6480
1795,美時,487,1,486,福邦證券,2023-12-29,6480
4720,德淵,199,0,199,福邦證券,2023-12-29,6480
1504,東元,100,0,100,福邦證券,2023-12-29,6480
6285,啟��,100,0,100,福邦證券,2023-12-29,6480
3324,雙鴻,89,3,86,福邦證券,2023-12-29,6480
00751B,元大AAA至A公司債,73,0,73,福邦證券,2023-12-29,6480
3701,大眾控,43,0,43,福邦證券,2023-12-29,6480
2344,華邦電,39,0,39,福邦證券,2023-12-29,6480
6679,鈺太,40,2,38,福邦證券,2023-12-29,6480
2353,宏��,85,51,34,福邦證券,2023-12-29,6480
9929,秋雨,28,0,28,福邦證券,2023-12-29,6480
4960,誠美材,25,0,25,福邦證券,2023-12-29,6480
00715L,期街口布蘭特正2,29,5,24,福邦證券,2023-12-29,6480
2356,英業達,25,1,24,福邦證券,2023-12-29,6480
6416,瑞祺電通,23,0,23,福邦證券,2023-12-29,6480
1503,士電,24,4,20,福邦證券,2023-12-29,6480
2883,凱基金,20,0,20,福邦證券,2023-12-29,6480
00687B,國泰20年美債,21,2,19,福邦證券,2023-12-29,6480
3483,力致,19,1,18,福邦證券,2023-12-29,6480
6005,群益證,20,2,18,福邦證券,2023-12-29,6480
00934,中信成長高股息,15,0,15,福邦證券,2023-12-29,6480
3042,晶技,15,0,15,福邦證券,2023-12-29,6480
3548,兆利,16,1,15,福邦證券,2023-12-29,6480
5210,寶碩,15,0,15,福邦證券,2023-12-29,6480
5905,南仁湖,15,0,15,福邦證券,2023-12-29,6480
3588,通嘉,14,0,14,福邦證券,2023-12-29,6480
3078,僑威,13,0,13,福邦證券,2023-12-29,6480
1605,華新,52,40,12,福邦證券,2023-12-29,6480
00937B,群益ESG投等債20,11,0,11,福邦證券,2023-12-29,6480
2609,陽明,11,0,11,福邦證券,2023-12-29,6480
3543,州巧,10,0,10,福邦證券,2023-12-29,6480
4557,永新-KY,10,0,10,福邦證券,2023-12-29,6480
5609,中菲行,10,0,10,福邦證券,2023-12-29,6480
6668,中揚光,10,0,10,福邦證券,2023-12-29,6480
3017,奇鋐,11,2,9,福邦證券,2023-12-29,6480
3706,神達,11,2,9,福邦證券,2023-12-29,6480
4908,前鼎,11,2,9,福邦證券,2023-12-29,6480
00919,群益台灣精選高息,8,0,8,福邦證券,2023-12-29,6480
1519,華城,7,0,7,福邦證券,2023-12-29,6480
00795B,中信美國公債20年,7,0,7,福邦證券,2023-12-29,6480
00933B,國泰10Y+金融債,5,0,5,福邦證券,2023-12-29,6480
2236,百達-KY,11,6,5,福邦證券,2023-12-29,6480
2371,大同,5,0,5,福邦證券,2023-12-29,6480
2515,中工,5,0,5,福邦證券,2023-12-29,6480
2706,第一店,5,0,5,福邦證券,2023-12-29,6480
3006,晶豪科,5,0,5,福邦證券,2023-12-29,6480
3522,御嵿,10,5,5,福邦證券,2023-12-29,6480
3587,閎康,5,0,5,福邦證券,2023-12-29,6480
5426,振發,5,0,5,福邦證券,2023-12-29,6480
6257,矽格,7,2,5,福邦證券,2023-12-29,6480
3217,優群,289,5,284,福邦證券,2024-01-02,6480
5309,系統電,192,2,190,福邦證券,2024-01-02,6480
2371,大同,142,11,131,福邦證券,2024-01-02,6480
6416,瑞祺電通,99,0,99,福邦證券,2024-01-02,6480
6679,鈺太,57,0,57,福邦證券,2024-01-02,6480
00680L,元大美債20正2,50,7,43,福邦證券,2024-01-02,6480
2451,創見,40,0,40,福邦證券,2024-01-02,6480
00937B,群益ESG投等債20,35,0,35,福邦證券,2024-01-02,6480
1528,恩德,30,0,30,福邦證券,2024-01-02,6480
5328,華容,30,0,30,福邦證券,2024-01-02,6480
5511,德昌,30,0,30,福邦證券,2024-01-02,6480
00687B,國泰20年美債,30,1,29,福邦證券,2024-01-02,6480
1605,華新,28,0,28,福邦證券,2024-01-02,6480
00715L,期街口布蘭特正2,33,5,28,福邦證券,2024-01-02,6480
00878,國泰永續高股息,21,0,21,福邦證券,2024-01-02,6480
2607,榮運,17,0,17,福邦證券,2024-01-02,6480
6117,迎廣,15,0,15,福邦證券,2024-01-02,6480
6214,精誠,15,0,15,福邦證券,2024-01-02,6480
3042,晶技,13,0,13,福邦證券,2024-01-02,6480
3228,金麗科,13,0,13,福邦證券,2024-01-02,6480
2727,王品,12,0,12,福邦證券,2024-01-02,6480
3325,旭品,12,0,12,福邦證券,2024-01-02,6480
3543,州巧,12,0,12,福邦證券,2024-01-02,6480
2382,廣達,19,8,11,福邦證券,2024-01-02,6480
2354,鴻準,10,0,10,福邦證券,2024-01-02,6480
2883,凱基金,10,0,10,福邦證券,2024-01-02,6480
8112,至上,40,31,9,福邦證券,2024-01-02,6480
00929,復華台灣科技優息,18,10,8,福邦證券,2024-01-02,6480
6116,彩晶,8,0,8,福邦證券,2024-01-02,6480
3231,緯創,9,2,7,福邦證券,2024-01-02,6480
4933,友輝,7,0,7,福邦證券,2024-01-02,6480
1467,南緯,6,0,6,福邦證券,2024-01-02,6480
00934,中信成長高股息,8,2,6,福邦證券,2024-01-02,6480
3346,麗清,6,0,6,福邦證券,2024-01-02,6480
00921,兆豐龍頭等權重,5,0,5,福邦證券,2024-01-02,6480
00764B,群益25年美債,5,0,5,福邦證券,2024-01-02,6480
2356,英業達,8,3,5,福邦證券,2024-01-02,6480
2495,普安,5,0,5,福邦證券,2024-01-02,6480
5388,中磊,5,0,5,福邦證券,2024-01-02,6480
6643,M31,5,0,5,福邦證券,2024-01-02,6480
8084,巨虹,5,0,5,福邦證券,2024-01-02,6480
9921,巨大,5,0,5,福邦證券,2024-01-02,6480
00679B,元大美債20年,4,0,4,福邦證券,2024-01-02,6480
00795B,中信美國公債20年,4,0,4,福邦證券,2024-01-02,6480
3017,奇鋐,8,4,4,福邦證券,2024-01-02,6480
3293,鈊象,4,0,4,福邦證券,2024-01-02,6480
3526,凡甲,4,0,4,福邦證券,2024-01-02,6480
3540,曜越,4,0,4,福邦證券,2024-01-02,6480
3576,聯合再生,4,0,4,福邦證券,2024-01-02,6480
3709,鑫聯大投控,6,2,4,福邦證券,2024-01-02,6480
2353,宏��,85,26,59,福邦證券,2024-01-03,6480
2618,長榮航,139,80,59,福邦證券,2024-01-03,6480
3543,州巧,58,0,58,福邦證券,2024-01-03,6480
2883,凱基金,50,0,50,福邦證券,2024-01-03,6480
2002,中鋼,40,0,40,福邦證券,2024-01-03,6480
00929,復華台灣科技優息,59,20,39,福邦證券,2024-01-03,6480
00715L,期街口布蘭特正2,38,0,38,福邦證券,2024-01-03,6480
2605,新興,34,0,34,福邦證券,2024-01-03,6480
3035,智原,40,7,33,福邦證券,2024-01-03,6480
2376,技嘉,32,0,32,福邦證券,2024-01-03,6480
2609,陽明,55,23,32,福邦證券,2024-01-03,6480
3042,晶技,31,0,31,福邦證券,2024-01-03,6480
5328,華容,30,0,30,福邦證券,2024-01-03,6480
00927,群益半導體收益,21,0,21,福邦證券,2024-01-03,6480
1710,東聯,20,0,20,福邦證券,2024-01-03,6480
1513,中興電,22,2,20,福邦證券,2024-01-03,6480
4960,誠美材,20,0,20,福邦證券,2024-01-03,6480
8299,群聯,20,0,20,福邦證券,2024-01-03,6480
00751B,元大AAA至A公司債,19,0,19,福邦證券,2024-01-03,6480
3588,通嘉,18,1,17,福邦證券,2024-01-03,6480
00772B,中信高評級公司債,19,3,16,福邦證券,2024-01-03,6480
2330,台積電,15,0,15,福邦證券,2024-01-03,6480
00720B,元大投資級公司債,15,0,15,福邦證券,2024-01-03,6480
2371,大同,20,5,15,福邦證券,2024-01-03,6480
2641,正德,15,0,15,福邦證券,2024-01-03,6480
1605,華新,13,0,13,福邦證券,2024-01-03,6480
1795,美時,12,0,12,福邦證券,2024-01-03,6480
5309,系統電,20,8,12,福邦證券,2024-01-03,6480
6741,91APP*-KY,12,0,12,福邦證券,2024-01-03,6480
3481,群創,16,5,11,福邦證券,2024-01-03,6480
1733,五鼎,10,0,10,福邦證券,2024-01-03,6480
00937B,群益ESG投等債20,10,0,10,福邦證券,2024-01-03,6480
1477,聚陽,10,0,10,福邦證券,2024-01-03,6480
2882,國泰金,10,0,10,福邦證券,2024-01-03,6480
3289,宜特,10,0,10,福邦證券,2024-01-03,6480
5210,寶碩,10,0,10,福邦證券,2024-01-03,6480
6679,鈺太,12,2,10,福邦證券,2024-01-03,6480
9105,泰金寶-DR,12,2,10,福邦證券,2024-01-03,6480
2481,強茂,8,0,8,福邦證券,2024-01-03,6480
2603,長榮,10,2,8,福邦證券,2024-01-03,6480
2727,王品,8,0,8,福邦證券,2024-01-03,6480
1504,東元,7,0,7,福邦證券,2024-01-03,6480
2303,聯電,6,0,6,福邦證券,2024-01-03,6480
2204,中華,6,0,6,福邦證券,2024-01-03,6480
3036,文曄,12,6,6,福邦證券,2024-01-03,6480
5425,台半,6,0,6,福邦證券,2024-01-03,6480
5452,佶優,6,0,6,福邦證券,2024-01-03,6480
1612,宏泰,11,6,5,福邦證券,2024-01-03,6480
2610,華航,5,0,5,福邦證券,2024-01-03,6480
2611,志信,5,0,5,福邦證券,2024-01-03,6480
2892,第一金,2000,0,2000,福邦證券,2024-01-04,6480
2618,長榮航,947,6,941,福邦證券,2024-01-04,6480
5876,上海商銀,555,1,554,福邦證券,2024-01-04,6480
2609,陽明,579,146,433,福邦證券,2024-01-04,6480
8086,宏捷科,159,1,158,福邦證券,2024-01-04,6480
020031,統一IC設計臺灣N,90,0,90,福邦證券,2024-01-04,6480
6219,富旺,70,0,70,福邦證券,2024-01-04,6480
4958,臻鼎-KY,50,0,50,福邦證券,2024-01-04,6480
3543,州巧,38,0,38,福邦證券,2024-01-04,6480
1710,東聯,33,0,33,福邦證券,2024-01-04,6480
00637L,元大滬深300正2,32,0,32,福邦證券,2024-01-04,6480
00751B,元大AAA至A公司債,31,0,31,福邦證券,2024-01-04,6480
1528,恩德,30,0,30,福邦證券,2024-01-04,6480
2371,大同,40,10,30,福邦證券,2024-01-04,6480
1314,中石化,30,0,30,福邦證券,2024-01-04,6480
2331,精英,40,11,29,福邦證券,2024-01-04,6480
3675,德微,28,0,28,福邦證券,2024-01-04,6480
2603,長榮,35,10,25,福邦證券,2024-01-04,6480
00929,復華台灣科技優息,36,15,21,福邦證券,2024-01-04,6480
3042,晶技,21,0,21,福邦證券,2024-01-04,6480
5309,系統電,20,0,20,福邦證券,2024-01-04,6480
5905,南仁湖,20,0,20,福邦證券,2024-01-04,6480
9914,美利達,20,0,20,福邦證券,2024-01-04,6480
3289,宜特,16,0,16,福邦證券,2024-01-04,6480
8936,國統,16,0,16,福邦證券,2024-01-04,6480
00902,中信電池及儲能,15,0,15,福邦證券,2024-01-04,6480
3032,偉訓,15,0,15,福邦證券,2024-01-04,6480
3596,智易,15,0,15,福邦證券,2024-01-04,6480
9919,康那香,25,10,15,福邦證券,2024-01-04,6480
1519,華城,172,158,14,福邦證券,2024-01-04,6480
00720B,元大投資級公司債,25,12,13,福邦證券,2024-01-04,6480
2027,大成鋼,12,0,12,福邦證券,2024-01-04,6480
6643,M31,14,2,12,福邦證券,2024-01-04,6480
00934,中信成長高股息,11,0,11,福邦證券,2024-01-04,6480
2610,華航,11,0,11,福邦證券,2024-01-04,6480
3228,金麗科,11,0,11,福邦證券,2024-01-04,6480
3346,麗清,11,0,11,福邦證券,2024-01-04,6480
5521,工信,33,22,11,福邦證券,2024-01-04,6480
8436,大江,11,0,11,福邦證券,2024-01-04,6480
00655L,國泰中國A50正2,10,0,10,福邦證券,2024-01-04,6480
00687B,國泰20年美債,10,0,10,福邦證券,2024-01-04,6480
2882,國泰金,10,0,10,福邦證券,2024-01-04,6480
2883,凱基金,10,0,10,福邦證券,2024-01-04,6480
2939,永邑-KY,10,0,10,福邦證券,2024-01-04,6480
3232,昱捷,10,0,10,福邦證券,2024-01-04,6480
5328,華容,10,0,10,福邦證券,2024-01-04,6480
2404,漢唐,8,0,8,福邦證券,2024-01-04,6480
2419,仲琦,8,0,8,福邦證券,2024-01-04,6480
5515,建國,8,0,8,福邦證券,2024-01-04,6480
00772B,中信高評級公司債,7,0,7,福邦證券,2024-01-04,6480
00751B,元大AAA至A公司債,63,0,63,福邦證券,2024-01-05,6480
2353,宏��,85,25,60,福邦證券,2024-01-05,6480
2101,南港,59,1,58,福邦證券,2024-01-05,6480
3543,州巧,58,0,58,福邦證券,2024-01-05,6480
3035,智原,47,0,47,福邦證券,2024-01-05,6480
2607,榮運,42,3,39,福邦證券,2024-01-05,6480
2618,長榮航,70,37,33,福邦證券,2024-01-05,6480
4989,榮科,30,0,30,福邦證券,2024-01-05,6480
2371,大同,26,0,26,福邦證券,2024-01-05,6480
4956,光鋐,25,0,25,福邦證券,2024-01-05,6480
00696B,富邦美債20年,20,0,20,福邦證券,2024-01-05,6480
5244,弘凱,20,0,20,福邦證券,2024-01-05,6480
6712,長聖,20,0,20,福邦證券,2024-01-05,6480
00919,群益台灣精選高息,19,0,19,福邦證券,2024-01-05,6480
1605,華新,20,5,15,福邦證券,2024-01-05,6480
2939,永邑-KY,15,0,15,福邦證券,2024-01-05,6480
3529,力旺,15,0,15,福邦證券,2024-01-05,6480
2610,華航,13,0,13,福邦證券,2024-01-05,6480
6561,是方,13,0,13,福邦證券,2024-01-05,6480
3207,耀勝,12,0,12,福邦證券,2024-01-05,6480
00715L,期街口布蘭特正2,11,0,11,福邦證券,2024-01-05,6480
1802,台玻,10,0,10,福邦證券,2024-01-05,6480
00795B,中信美國公債20年,10,0,10,福邦證券,2024-01-05,6480
1733,五鼎,10,0,10,福邦證券,2024-01-05,6480
00931B,統一美債20年,10,0,10,福邦證券,2024-01-05,6480
2597,潤弘,10,0,10,福邦證券,2024-01-05,6480
3232,昱捷,20,10,10,福邦證券,2024-01-05,6480
6494,九齊,10,0,10,福邦證券,2024-01-05,6480
6668,中揚光,10,0,10,福邦證券,2024-01-05,6480
00929,復華台灣科技優息,9,0,9,福邦證券,2024-01-05,6480
1612,宏泰,12,3,9,福邦證券,2024-01-05,6480
3044,健鼎,7,0,7,福邦證券,2024-01-05,6480
1477,聚陽,6,0,6,福邦證券,2024-01-05,6480
00753L,中信中國50正2,6,0,6,福邦證券,2024-01-05,6480
8046,南電,6,0,6,福邦證券,2024-01-05,6480
00687B,國泰20年美債,5,0,5,福邦證券,2024-01-05,6480
3324,雙鴻,6,1,5,福邦證券,2024-01-05,6480
4147,中裕,5,0,5,福邦證券,2024-01-05,6480
4919,新唐,5,0,5,福邦證券,2024-01-05,6480
6782,視陽,5,0,5,福邦證券,2024-01-05,6480
1560,中砂,5,0,5,福邦證券,2024-01-05,6480
2356,英業達,8,4,4,福邦證券,2024-01-05,6480
2404,漢唐,4,0,4,福邦證券,2024-01-05,6480
2611,志信,4,0,4,福邦證券,2024-01-05,6480
3362,先進光,4,0,4,福邦證券,2024-01-05,6480
9904,寶成,4,0,4,福邦證券,2024-01-05,6480
2409,友達,10,7,3,福邦證券,2024-01-05,6480
2303,聯電,3,0,3,福邦證券,2024-01-05,6480
1720,生達,3,0,3,福邦證券,2024-01-05,6480
2498,宏達電,3,0,3,福邦證券,2024-01-05,6480
2892,第一金,1250,0,1250,福邦證券,2024-01-08,6480
5876,上海商銀,630,1,629,福邦證券,2024-01-08,6480
2371,大同,247,16,231,福邦證券,2024-01-08,6480
1532,勤美,184,0,184,福邦證券,2024-01-08,6480
3543,州巧,127,0,127,福邦證券,2024-01-08,6480
2634,漢翔,43,0,43,福邦證券,2024-01-08,6480
1504,東元,40,0,40,福邦證券,2024-01-08,6480
2353,宏��,67,28,39,福邦證券,2024-01-08,6480
00632R,元大台灣50反1,30,0,30,福邦證券,2024-01-08,6480
6214,精誠,30,0,30,福邦證券,2024-01-08,6480
3042,晶技,28,0,28,福邦證券,2024-01-08,6480
00696B,富邦美債20年,26,0,26,福邦證券,2024-01-08,6480
7402,邑錡,24,0,24,福邦證券,2024-01-08,6480
2031,新光鋼,20,0,20,福邦證券,2024-01-08,6480
2607,榮運,20,0,20,福邦證券,2024-01-08,6480
6153,嘉聯益,20,0,20,福邦證券,2024-01-08,6480
1513,中興電,19,1,18,福邦證券,2024-01-08,6480
2939,永邑-KY,18,0,18,福邦證券,2024-01-08,6480
4105,東洋,18,0,18,福邦證券,2024-01-08,6480
2489,瑞軒,15,0,15,福邦證券,2024-01-08,6480
1528,恩德,15,0,15,福邦證券,2024-01-08,6480
00715L,期街口布蘭特正2,30,15,15,福邦證券,2024-01-08,6480
00795B,中信美國公債20年,12,0,12,福邦證券,2024-01-08,6480
5519,隆大,13,1,12,福邦證券,2024-01-08,6480
2101,南港,20,9,11,福邦證券,2024-01-08,6480
1503,士電,10,0,10,福邦證券,2024-01-08,6480
00655L,國泰中國A50正2,10,0,10,福邦證券,2024-01-08,6480
00635U,期元大S＆P黃金,10,0,10,福邦證券,2024-01-08,6480
3702,大聯大,10,0,10,福邦證券,2024-01-08,6480
5210,寶碩,10,0,10,福邦證券,2024-01-08,6480
5244,弘凱,10,0,10,福邦證券,2024-01-08,6480
5371,中光電,10,0,10,福邦證券,2024-01-08,6480
6196,帆宣,10,0,10,福邦證券,2024-01-08,6480
6288,聯嘉,10,0,10,福邦證券,2024-01-08,6480
6432,今展科,10,0,10,福邦證券,2024-01-08,6480
8011,台通,10,0,10,福邦證券,2024-01-08,6480
6146,耕興,10,0,10,福邦證券,2024-01-08,6480
0056,元大高股息,9,0,9,福邦證券,2024-01-08,6480
00919,群益台灣精選高息,9,0,9,福邦證券,2024-01-08,6480
2388,威盛,12,3,9,福邦證券,2024-01-08,6480
6265,方土昶,12,3,9,福邦證券,2024-01-08,6480
00929,復華台灣科技優息,8,0,8,福邦證券,2024-01-08,6480
2610,華航,8,0,8,福邦證券,2024-01-08,6480
6140,訊達,12,4,8,福邦證券,2024-01-08,6480
00679B,元大美債20年,7,0,7,福邦證券,2024-01-08,6480
1560,中砂,7,0,7,福邦證券,2024-01-08,6480
1608,華榮,6,0,6,福邦證券,2024-01-08,6480
00937B,群益ESG投等債20,6,0,6,福邦證券,2024-01-08,6480
2404,漢唐,6,0,6,福邦證券,2024-01-08,6480
3006,晶豪科,6,0,6,福邦證券,2024-01-08,6480
2890,永豐金,515,0,515,福邦證券,2024-01-09,6480
3025,星通,640,140,500,福邦證券,2024-01-09,6480
2618,長榮航,305,17,288,福邦證券,2024-01-09,6480
2356,英業達,123,1,122,福邦證券,2024-01-09,6480
2371,大同,128,32,96,福邦證券,2024-01-09,6480
00632R,元大台灣50反1,90,0,90,福邦證券,2024-01-09,6480
1504,東元,80,0,80,福邦證券,2024-01-09,6480
6176,瑞儀,79,0,79,福邦證券,2024-01-09,6480
3078,僑威,75,0,75,福邦證券,2024-01-09,6480
3543,州巧,69,0,69,福邦證券,2024-01-09,6480
1532,勤美,66,0,66,福邦證券,2024-01-09,6480
2609,陽明,86,24,62,福邦證券,2024-01-09,6480
8069,元太,60,0,60,福邦證券,2024-01-09,6480
020034,元大IC設計N,50,0,50,福邦證券,2024-01-09,6480
020031,統一IC設計臺灣N,50,0,50,福邦證券,2024-01-09,6480
2607,榮運,37,0,37,福邦證券,2024-01-09,6480
6282,康舒,29,0,29,福邦證券,2024-01-09,6480
3141,晶宏,27,0,27,福邦證券,2024-01-09,6480
00715L,期街口布蘭特正2,36,13,23,福邦證券,2024-01-09,6480
1605,華新,22,0,22,福邦證券,2024-01-09,6480
2331,精英,32,11,21,福邦證券,2024-01-09,6480
2610,華航,20,0,20,福邦證券,2024-01-09,6480
6288,聯嘉,20,0,20,福邦證券,2024-01-09,6480
00904,新光臺灣半導體30,12,0,12,福邦證券,2024-01-09,6480
2603,長榮,17,7,10,福邦證券,2024-01-09,6480
00919,群益台灣精選高息,10,0,10,福邦證券,2024-01-09,6480
2409,友達,30,20,10,福邦證券,2024-01-09,6480
2915,潤泰全,10,0,10,福邦證券,2024-01-09,6480
2939,永邑-KY,10,0,10,福邦證券,2024-01-09,6480
5210,寶碩,10,0,10,福邦證券,2024-01-09,6480
2382,廣達,12,4,8,福邦證券,2024-01-09,6480
3390,旭軟,8,0,8,福邦證券,2024-01-09,6480
6901,鑽石投資,8,0,8,福邦證券,2024-01-09,6480
2362,藍天,30,24,6,福邦證券,2024-01-09,6480
2727,王品,6,0,6,福邦證券,2024-01-09,6480
3046,建��,8,2,6,福邦證券,2024-01-09,6480
3346,麗清,16,10,6,福邦證券,2024-01-09,6480
00631L,元大台灣50正2,5,0,5,福邦證券,2024-01-09,6480
00679B,元大美債20年,5,0,5,福邦證券,2024-01-09,6480
00725B,國泰投資級公司債,5,0,5,福邦證券,2024-01-09,6480
2365,昆盈,5,0,5,福邦證券,2024-01-09,6480
3056,富華新,5,0,5,福邦證券,2024-01-09,6480
3522,御嵿,5,0,5,福邦證券,2024-01-09,6480
4572,駐龍,5,0,5,福邦證券,2024-01-09,6480
5450,南良,10,5,5,福邦證券,2024-01-09,6480
9921,巨大,5,0,5,福邦證券,2024-01-09,6480
1303,南亞,4,0,4,福邦證券,2024-01-09,6480
2368,金像電,5,1,4,福邦證券,2024-01-09,6480
2486,一詮,4,0,4,福邦證券,2024-01-09,6480
3576,聯合再生,4,0,4,福邦證券,2024-01-09,6480
2395,研華,137,0,137,福邦證券,2024-01-10,6480
5876,上海商銀,130,0,130,福邦證券,2024-01-10,6480
2357,華碩,103,0,103,福邦證券,2024-01-10,6480
00725B,國泰投資級公司債,90,0,90,福邦證券,2024-01-10,6480
3543,州巧,47,0,47,福邦證券,2024-01-10,6480
2376,技嘉,43,1,42,福邦證券,2024-01-10,6480
2609,陽明,50,15,35,福邦證券,2024-01-10,6480
1504,東元,34,0,34,福邦證券,2024-01-10,6480
6414,樺漢,34,0,34,福邦證券,2024-01-10,6480
2913,農林,30,0,30,福邦證券,2024-01-10,6480
3289,宜特,28,0,28,福邦證券,2024-01-10,6480
3141,晶宏,23,0,23,福邦證券,2024-01-10,6480
1710,東聯,20,0,20,福邦證券,2024-01-10,6480
2607,榮運,20,0,20,福邦證券,2024-01-10,6480
3264,欣銓,20,0,20,福邦證券,2024-01-10,6480
4967,十銓,20,0,20,福邦證券,2024-01-10,6480
2834,臺企銀,16,0,16,福邦證券,2024-01-10,6480
3701,大眾控,16,0,16,福邦證券,2024-01-10,6480
3042,晶技,15,0,15,福邦證券,2024-01-10,6480
5210,寶碩,15,0,15,福邦證券,2024-01-10,6480
1438,三地開發,15,2,13,福邦證券,2024-01-10,6480
2888,新光金,12,0,12,福邦證券,2024-01-10,6480
00635U,期元大S＆P黃金,10,0,10,福邦證券,2024-01-10,6480
3287,廣寰科,10,0,10,福邦證券,2024-01-10,6480
4557,永新-KY,10,0,10,福邦證券,2024-01-10,6480
6139,亞翔,10,0,10,福邦證券,2024-01-10,6480
6146,耕興,10,0,10,福邦證券,2024-01-10,6480
6222,上揚,10,0,10,福邦證券,2024-01-10,6480
6782,視陽,10,0,10,福邦證券,2024-01-10,6480
6640,均華,9,0,9,福邦證券,2024-01-10,6480
2707,晶華,8,0,8,福邦證券,2024-01-10,6480
5609,中菲行,8,0,8,福邦證券,2024-01-10,6480
6187,萬潤,15,7,8,福邦證券,2024-01-10,6480
6695,芯鼎,11,4,7,福邦證券,2024-01-10,6480
1802,台玻,6,0,6,福邦證券,2024-01-10,6480
3162,精確,6,0,6,福邦證券,2024-01-10,6480
6140,訊達,9,3,6,福邦證券,2024-01-10,6480
6265,方土昶,6,0,6,福邦證券,2024-01-10,6480
00919,群益台灣精選高息,5,0,5,福邦證券,2024-01-10,6480
00902,中信電池及儲能,5,0,5,福邦證券,2024-01-10,6480
2611,志信,5,0,5,福邦證券,2024-01-10,6480
4563,百德,5,0,5,福邦證券,2024-01-10,6480
5410,國眾,5,0,5,福邦證券,2024-01-10,6480
9921,巨大,5,0,5,福邦證券,2024-01-10,6480
2330,台積電,5,1,4,福邦證券,2024-01-10,6480
00929,復華台灣科技優息,9,5,4,福邦證券,2024-01-10,6480
00900,富邦特選高股息30,4,0,4,福邦證券,2024-01-10,6480
2353,宏��,5,1,4,福邦證券,2024-01-10,6480
2399,映泰,4,0,4,福邦證券,2024-01-10,6480
2727,王品,4,0,4,福邦證券,2024-01-10,6480
6026,福邦證,480,83,397,福邦證券,2024-01-11,6480
6239,力成,167,0,167,福邦證券,2024-01-11,6480
1519,華城,105,1,104,福邦證券,2024-01-11,6480
2357,華碩,100,0,100,福邦證券,2024-01-11,6480
2428,興勤,100,0,100,福邦證券,2024-01-11,6480
5388,中磊,79,0,79,福邦證券,2024-01-11,6480
3548,兆利,101,30,71,福邦證券,2024-01-11,6480
1504,東元,60,0,60,福邦證券,2024-01-11,6480
6257,矽格,60,0,60,福邦證券,2024-01-11,6480
6164,華興,55,0,55,福邦證券,2024-01-11,6480
00715L,期街口布蘭特正2,52,0,52,福邦證券,2024-01-11,6480
5347,世界,51,0,51,福邦證券,2024-01-11,6480
3563,牧德,50,0,50,福邦證券,2024-01-11,6480
9904,寶成,50,0,50,福邦證券,2024-01-11,6480
1584,精剛,35,0,35,福邦證券,2024-01-11,6480
6531,愛普*,100,71,29,福邦證券,2024-01-11,6480
6695,芯鼎,36,8,28,福邦證券,2024-01-11,6480
4938,和碩,27,0,27,福邦證券,2024-01-11,6480
9921,巨大,26,0,26,福邦證券,2024-01-11,6480
3522,御嵿,24,0,24,福邦證券,2024-01-11,6480
3702,大聯大,20,0,20,福邦證券,2024-01-11,6480
00632R,元大台灣50反1,50,31,19,福邦證券,2024-01-11,6480
3231,緯創,33,17,16,福邦證券,2024-01-11,6480
1742,台蠟,15,0,15,福邦證券,2024-01-11,6480
3588,通嘉,15,0,15,福邦證券,2024-01-11,6480
5426,振發,15,0,15,福邦證券,2024-01-11,6480
6538,倉和,15,0,15,福邦證券,2024-01-11,6480
6937,天虹,15,0,15,福邦證券,2024-01-11,6480
00929,復華台灣科技優息,14,0,14,福邦證券,2024-01-11,6480
3217,優群,16,2,14,福邦證券,2024-01-11,6480
1586,和勤,13,0,13,福邦證券,2024-01-11,6480
3701,大眾控,11,0,11,福邦證券,2024-01-11,6480
6414,樺漢,11,0,11,福邦證券,2024-01-11,6480
3036,文曄,11,0,11,福邦證券,2024-01-11,6480
00708L,期元大S＆P黃金正2,10,0,10,福邦證券,2024-01-11,6480
2515,中工,10,0,10,福邦證券,2024-01-11,6480
2610,華航,10,0,10,福邦證券,2024-01-11,6480
3645,達邁,10,0,10,福邦證券,2024-01-11,6480
4967,十銓,12,2,10,福邦證券,2024-01-11,6480
6120,達運,35,25,10,福邦證券,2024-01-11,6480
2891,中信金,10,1,9,福邦證券,2024-01-11,6480
6679,鈺太,11,2,9,福邦證券,2024-01-11,6480
00919,群益台灣精選高息,8,0,8,福邦證券,2024-01-11,6480
2408,南亞科,8,0,8,福邦證券,2024-01-11,6480
2939,永邑-KY,8,0,8,福邦證券,2024-01-11,6480
2388,威盛,11,4,7,福邦證券,2024-01-11,6480
2404,漢唐,10,3,7,福邦證券,2024-01-11,6480
2454,聯發科,7,0,7,福邦證券,2024-01-11,6480
6187,萬潤,7,0,7,福邦證券,2024-01-11,6480
1442,名軒,6,0,6,福邦證券,2024-01-11,6480
2618,長榮航,1501,3,1498,福邦證券,2024-01-12,6480
2376,技嘉,160,1,159,福邦證券,2024-01-12,6480
3035,智原,160,28,132,福邦證券,2024-01-12,6480
3543,州巧,100,0,100,福邦證券,2024-01-12,6480
6535,順藥,89,0,89,福邦證券,2024-01-12,6480
3036,文曄,102,18,84,福邦證券,2024-01-12,6480
6187,萬潤,75,1,74,福邦證券,2024-01-12,6480
00632R,元大台灣50反1,120,50,70,福邦證券,2024-01-12,6480
2383,台光電,70,0,70,福邦證券,2024-01-12,6480
2324,仁寶,61,0,61,福邦證券,2024-01-12,6480
6472,保瑞,50,1,49,福邦證券,2024-01-12,6480
00634R,富邦上証反1,40,0,40,福邦證券,2024-01-12,6480
2891,中信金,32,0,32,福邦證券,2024-01-12,6480
3008,大立光,25,0,25,福邦證券,2024-01-12,6480
2329,華泰,22,2,20,福邦證券,2024-01-12,6480
1210,大成,20,0,20,福邦證券,2024-01-12,6480
6288,聯嘉,20,0,20,福邦證券,2024-01-12,6480
5426,振發,20,3,17,福邦證券,2024-01-12,6480
2454,聯發科,15,0,15,福邦證券,2024-01-12,6480
6120,達運,25,10,15,福邦證券,2024-01-12,6480
00929,復華台灣科技優息,17,3,14,福邦證券,2024-01-12,6480
2883,凱基金,11,0,11,福邦證券,2024-01-12,6480
6933,AMAX-KY,11,0,11,福邦證券,2024-01-12,6480
00633L,富邦上証正2,10,0,10,福邦證券,2024-01-12,6480
00708L,期元大S＆P黃金正2,10,0,10,福邦證券,2024-01-12,6480
2374,佳能,10,0,10,福邦證券,2024-01-12,6480
2915,潤泰全,10,0,10,福邦證券,2024-01-12,6480
3228,金麗科,10,0,10,福邦證券,2024-01-12,6480
3481,群創,10,0,10,福邦證券,2024-01-12,6480
3707,漢磊,10,0,10,福邦證券,2024-01-12,6480
5469,瀚宇博,10,0,10,福邦證券,2024-01-12,6480
6146,耕興,10,0,10,福邦證券,2024-01-12,6480
6282,康舒,9,0,9,福邦證券,2024-01-12,6480
2611,志信,8,0,8,福邦證券,2024-01-12,6480
3122,笙泉,8,0,8,福邦證券,2024-01-12,6480
6679,鈺太,7,0,7,福邦證券,2024-01-12,6480
00878,國泰永續高股息,6,0,6,福邦證券,2024-01-12,6480
5244,弘凱,6,0,6,福邦證券,2024-01-12,6480
6412,群電,6,0,6,福邦證券,2024-01-12,6480
8068,全達,6,0,6,福邦證券,2024-01-12,6480
1417,嘉裕,10,5,5,福邦證券,2024-01-12,6480
00934,中信成長高股息,5,0,5,福邦證券,2024-01-12,6480
00915,凱基優選高股息30,5,0,5,福邦證券,2024-01-12,6480
2348,海悅,5,0,5,福邦證券,2024-01-12,6480
2498,宏達電,5,0,5,福邦證券,2024-01-12,6480
4739,康普,5,0,5,福邦證券,2024-01-12,6480
6414,樺漢,5,0,5,福邦證券,2024-01-12,6480
8046,南電,5,0,5,福邦證券,2024-01-12,6480
2392,正崴,4,0,4,福邦證券,2024-01-12,6480
3479,安勤,6,2,4,福邦證券,2024-01-12,6480
2371,大同,483,16,467,福邦證券,2024-01-15,6480
1513,中興電,171,6,165,福邦證券,2024-01-15,6480
6285,啟��,136,0,136,福邦證券,2024-01-15,6480
3483,力致,98,0,98,福邦證券,2024-01-15,6480
6245,立端,100,2,98,福邦證券,2024-01-15,6480
2609,陽明,51,3,48,福邦證券,2024-01-15,6480
6187,萬潤,34,0,34,福邦證券,2024-01-15,6480
00725B,國泰投資級公司債,30,0,30,福邦證券,2024-01-15,6480
1586,和勤,21,0,21,福邦證券,2024-01-15,6480
2383,台光電,22,1,21,福邦證券,2024-01-15,6480
9941,裕融,20,0,20,福邦證券,2024-01-15,6480
00878,國泰永續高股息,18,0,18,福邦證券,2024-01-15,6480
3030,德律,20,2,18,福邦證券,2024-01-15,6480
3034,聯詠,14,0,14,福邦證券,2024-01-15,6480
3702,大聯大,13,0,13,福邦證券,2024-01-15,6480
00919,群益台灣精選高息,22,9,13,福邦證券,2024-01-15,6480
2607,榮運,11,0,11,福邦證券,2024-01-15,6480
6679,鈺太,12,1,11,福邦證券,2024-01-15,6480
1815,富喬,10,0,10,福邦證券,2024-01-15,6480
00900,富邦特選高股息30,10,0,10,福邦證券,2024-01-15,6480
5244,弘凱,10,0,10,福邦證券,2024-01-15,6480
6770,力積電,12,2,10,福邦證券,2024-01-15,6480
2376,技嘉,10,1,9,福邦證券,2024-01-15,6480
2382,廣達,13,7,6,福邦證券,2024-01-15,6480
2409,友達,11,5,6,福邦證券,2024-01-15,6480
2897,王道銀行,6,0,6,福邦證券,2024-01-15,6480
1101,台泥,5,0,5,福邦證券,2024-01-15,6480
2062,橋椿,5,0,5,福邦證券,2024-01-15,6480
2498,宏達電,5,0,5,福邦證券,2024-01-15,6480
2834,臺企銀,8,3,5,福邦證券,2024-01-15,6480
2867,三商壽,5,0,5,福邦證券,2024-01-15,6480
2881,富邦金,5,0,5,福邦證券,2024-01-15,6480
2923,鼎固-KY,5,0,5,福邦證券,2024-01-15,6480
3543,州巧,6,1,5,福邦證券,2024-01-15,6480
6120,達運,20,15,5,福邦證券,2024-01-15,6480
9921,巨大,5,0,5,福邦證券,2024-01-15,6480
1733,五鼎,4,0,4,福邦證券,2024-01-15,6480
2888,新光金,4,0,4,福邦證券,2024-01-15,6480
3094,聯傑,4,0,4,福邦證券,2024-01-15,6480
3260,威剛,5,1,4,福邦證券,2024-01-15,6480
3390,旭軟,4,0,4,福邦證券,2024-01-15,6480
3588,通嘉,5,1,4,福邦證券,2024-01-15,6480
7402,邑錡,4,0,4,福邦證券,2024-01-15,6480
8089,康全電訊,9,5,4,福邦證券,2024-01-15,6480
1809,中釉,3,0,3,福邦證券,2024-01-15,6480
1612,宏泰,18,15,3,福邦證券,2024-01-15,6480
00929,復華台灣科技優息,3,0,3,福邦證券,2024-01-15,6480
0056,元大高股息,3,0,3,福邦證券,2024-01-15,6480
2408,南亞科,3,0,3,福邦證券,2024-01-15,6480
2415,錩新,3,0,3,福邦證券,2024-01-15,6480
3231,緯創,731,3,728,福邦證券,2024-01-16,6480
1101,台泥,400,0,400,福邦證券,2024-01-16,6480
1519,華城,160,0,160,福邦證券,2024-01-16,6480
3543,州巧,120,0,120,福邦證券,2024-01-16,6480
1102,亞泥,102,0,102,福邦證券,2024-01-16,6480
2002,中鋼,100,0,100,福邦證券,2024-01-16,6480
2330,台積電,100,2,98,福邦證券,2024-01-16,6480
3483,力致,95,0,95,福邦證券,2024-01-16,6480
6531,愛普*,60,0,60,福邦證券,2024-01-16,6480
2883,凱基金,46,0,46,福邦證券,2024-01-16,6480
3023,信邦,42,0,42,福邦證券,2024-01-16,6480
1586,和勤,27,0,27,福邦證券,2024-01-16,6480
00919,群益台灣精選高息,26,0,26,福邦證券,2024-01-16,6480
2331,精英,26,0,26,福邦證券,2024-01-16,6480
2395,研華,21,0,21,福邦證券,2024-01-16,6480
4162,智擎,20,0,20,福邦證券,2024-01-16,6480
6643,M31,20,0,20,福邦證券,2024-01-16,6480
8210,勤誠,20,0,20,福邦證券,2024-01-16,6480
00929,復華台灣科技優息,19,0,19,福邦證券,2024-01-16,6480
8089,康全電訊,20,1,19,福邦證券,2024-01-16,6480
2834,臺企銀,18,0,18,福邦證券,2024-01-16,6480
2897,王道銀行,18,0,18,福邦證券,2024-01-16,6480
3032,偉訓,22,4,18,福邦證券,2024-01-16,6480
8936,國統,31,15,16,福邦證券,2024-01-16,6480
1795,美時,16,1,15,福邦證券,2024-01-16,6480
3673,TPK-KY,15,0,15,福邦證券,2024-01-16,6480
3587,閎康,15,1,14,福邦證券,2024-01-16,6480
2888,新光金,12,0,12,福邦證券,2024-01-16,6480
2610,華航,11,0,11,福邦證券,2024-01-16,6480
4967,十銓,11,0,11,福邦證券,2024-01-16,6480
00633L,富邦上証正2,10,0,10,福邦證券,2024-01-16,6480
00640L,富邦日本正2,10,0,10,福邦證券,2024-01-16,6480
2618,長榮航,10,0,10,福邦證券,2024-01-16,6480
2727,王品,10,0,10,福邦證券,2024-01-16,6480
3622,洋華,10,0,10,福邦證券,2024-01-16,6480
5876,上海商銀,10,0,10,福邦證券,2024-01-16,6480
5905,南仁湖,10,0,10,福邦證券,2024-01-16,6480
6120,達運,25,15,10,福邦證券,2024-01-16,6480
6220,岳豐,10,0,10,福邦證券,2024-01-16,6480
6414,樺漢,10,0,10,福邦證券,2024-01-16,6480
3265,台星科,9,0,9,福邦證券,2024-01-16,6480
3576,聯合再生,9,0,9,福邦證券,2024-01-16,6480
2486,一詮,26,18,8,福邦證券,2024-01-16,6480
2801,彰銀,8,0,8,福邦證券,2024-01-16,6480
2882,國泰金,8,0,8,福邦證券,2024-01-16,6480
3545,敦泰,8,0,8,福邦證券,2024-01-16,6480
8069,元太,8,0,8,福邦證券,2024-01-16,6480
2880,華南金,8,0,8,福邦證券,2024-01-16,6480
2890,永豐金,7,0,7,福邦證券,2024-01-16,6480
2344,華邦電,7,0,7,福邦證券,2024-01-16,6480
2892,第一金,2501,0,2501,福邦證券,2024-01-17,6480
3481,群創,1399,6,1393,福邦證券,2024-01-17,6480
5876,上海商銀,1000,0,1000,福邦證券,2024-01-17,6480
3035,智原,160,10,150,福邦證券,2024-01-17,6480
6187,萬潤,100,0,100,福邦證券,2024-01-17,6480
6535,順藥,100,0,100,福邦證券,2024-01-17,6480
1513,中興電,89,0,89,福邦證券,2024-01-17,6480
3543,州巧,51,0,51,福邦證券,2024-01-17,6480
4402,郡都開發,50,0,50,福邦證券,2024-01-17,6480
00929,復華台灣科技優息,56,10,46,福邦證券,2024-01-17,6480
3231,緯創,55,17,38,福邦證券,2024-01-17,6480
6285,啟��,33,0,33,福邦證券,2024-01-17,6480
5309,系統電,31,0,31,福邦證券,2024-01-17,6480
1314,中石化,30,0,30,福邦證券,2024-01-17,6480
00637L,元大滬深300正2,30,0,30,福邦證券,2024-01-17,6480
8110,華東,30,0,30,福邦證券,2024-01-17,6480
4129,聯合,28,0,28,福邦證券,2024-01-17,6480
6679,鈺太,25,0,25,福邦證券,2024-01-17,6480
00680L,元大美債20正2,23,0,23,福邦證券,2024-01-17,6480
00715L,期街口布蘭特正2,22,0,22,福邦證券,2024-01-17,6480
2376,技嘉,23,1,22,福邦證券,2024-01-17,6480
2254,巨鎧精密-創,20,3,17,福邦證券,2024-01-17,6480
2382,廣達,17,0,17,福邦證券,2024-01-17,6480
2888,新光金,16,0,16,福邦證券,2024-01-17,6480
00902,中信電池及儲能,15,0,15,福邦證券,2024-01-17,6480
2302,麗正,15,0,15,福邦證券,2024-01-17,6480
8050,廣積,15,0,15,福邦證券,2024-01-17,6480
0056,元大高股息,14,0,14,福邦證券,2024-01-17,6480
00713,元大台灣高息低波,14,0,14,福邦證券,2024-01-17,6480
00919,群益台灣精選高息,14,0,14,福邦證券,2024-01-17,6480
1605,華新,11,0,11,福邦證券,2024-01-17,6480
00882,中信中國高股息,11,0,11,福邦證券,2024-01-17,6480
6026,福邦證,11,0,11,福邦證券,2024-01-17,6480
6806,森崴能源,11,0,11,福邦證券,2024-01-17,6480
00696B,富邦美債20年,10,0,10,福邦證券,2024-01-17,6480
2354,鴻準,10,0,10,福邦證券,2024-01-17,6480
6164,華興,10,0,10,福邦證券,2024-01-17,6480
2515,中工,9,0,9,福邦證券,2024-01-17,6480
1795,美時,10,2,8,福邦證券,2024-01-17,6480
3034,聯詠,12,4,8,福邦證券,2024-01-17,6480
6789,采鈺,10,2,8,福邦證券,2024-01-17,6480
1586,和勤,21,14,7,福邦證券,2024-01-17,6480
00640L,富邦日本正2,30,23,7,福邦證券,2024-01-17,6480
00751B,元大AAA至A公司債,7,0,7,福邦證券,2024-01-17,6480
2368,金像電,6,0,6,福邦證券,2024-01-17,6480
2883,凱基金,6,0,6,福邦證券,2024-01-17,6480
3044,健鼎,6,0,6,福邦證券,2024-01-17,6480
3623,富晶通,6,0,6,福邦證券,2024-01-17,6480
8210,勤誠,6,0,6,福邦證券,2024-01-17,6480
00934,中信成長高股息,5,0,5,福邦證券,2024-01-17,6480
3036,文曄,558,0,558,福邦證券,2024-01-18,6480
3548,兆利,74,6,68,福邦證券,2024-01-18,6480
2371,大同,72,22,50,福邦證券,2024-01-18,6480
00882,中信中國高股息,30,0,30,福邦證券,2024-01-18,6480
6451,訊芯-KY,30,0,30,福邦證券,2024-01-18,6480
6643,M31,30,2,28,福邦證券,2024-01-18,6480
00929,復華台灣科技優息,74,50,24,福邦證券,2024-01-18,6480
2603,長榮,21,0,21,福邦證券,2024-01-18,6480
2324,仁寶,20,0,20,福邦證券,2024-01-18,6480
1584,精剛,20,0,20,福邦證券,2024-01-18,6480
00633L,富邦上証正2,20,0,20,福邦證券,2024-01-18,6480
3032,偉訓,20,0,20,福邦證券,2024-01-18,6480
6414,樺漢,20,0,20,福邦證券,2024-01-18,6480
00687B,國泰20年美債,20,2,18,福邦證券,2024-01-18,6480
3362,先進光,17,0,17,福邦證券,2024-01-18,6480
2609,陽明,20,4,16,福邦證券,2024-01-18,6480
3339,泰谷,16,0,16,福邦證券,2024-01-18,6480
5426,振發,16,0,16,福邦證券,2024-01-18,6480
3041,揚智,15,0,15,福邦證券,2024-01-18,6480
4960,誠美材,19,4,15,福邦證券,2024-01-18,6480
5488,松普,15,0,15,福邦證券,2024-01-18,6480
6164,華興,15,0,15,福邦證券,2024-01-18,6480
1586,和勤,14,0,14,福邦證券,2024-01-18,6480
5388,中磊,13,0,13,福邦證券,2024-01-18,6480
2888,新光金,12,0,12,福邦證券,2024-01-18,6480
6226,光鼎,12,0,12,福邦證券,2024-01-18,6480
00918,大華優利高填息30,10,0,10,福邦證券,2024-01-18,6480
00922,國泰台灣領袖50,10,0,10,福邦證券,2024-01-18,6480
2376,技嘉,27,17,10,福邦證券,2024-01-18,6480
2867,三商壽,10,0,10,福邦證券,2024-01-18,6480
3543,州巧,10,0,10,福邦證券,2024-01-18,6480
4105,東洋,10,0,10,福邦證券,2024-01-18,6480
5210,寶碩,10,0,10,福邦證券,2024-01-18,6480
8358,金居,10,0,10,福邦證券,2024-01-18,6480
8936,國統,10,0,10,福邦證券,2024-01-18,6480
00919,群益台灣精選高息,8,0,8,福邦證券,2024-01-18,6480
3289,宜特,8,0,8,福邦證券,2024-01-18,6480
3631,晟楠,8,0,8,福邦證券,2024-01-18,6480
2303,聯電,7,0,7,福邦證券,2024-01-18,6480
1560,中砂,6,0,6,福邦證券,2024-01-18,6480
4729,熒茂,6,0,6,福邦證券,2024-01-18,6480
8112,至上,6,0,6,福邦證券,2024-01-18,6480
2302,麗正,10,5,5,福邦證券,2024-01-18,6480
00708L,期元大S＆P黃金正2,10,5,5,福邦證券,2024-01-18,6480
3499,環天科,5,0,5,福邦證券,2024-01-18,6480
3622,洋華,5,0,5,福邦證券,2024-01-18,6480
6282,康舒,5,0,5,福邦證券,2024-01-18,6480
00679B,元大美債20年,4,0,4,福邦證券,2024-01-18,6480
0056,元大高股息,4,0,4,福邦證券,2024-01-18,6480
00715L,期街口布蘭特正2,5,1,4,福邦證券,2024-01-18,6480
2329,華泰,490,7,483,福邦證券,2024-01-19,6480
4746,台耀,401,1,400,福邦證券,2024-01-19,6480
6285,啟��,401,1,400,福邦證券,2024-01-19,6480
3231,緯創,431,214,217,福邦證券,2024-01-19,6480
00632R,元大台灣50反1,171,0,171,福邦證券,2024-01-19,6480
1722,台肥,120,0,120,福邦證券,2024-01-19,6480
3543,州巧,73,0,73,福邦證券,2024-01-19,6480
2883,凱基金,60,0,60,福邦證券,2024-01-19,6480
3481,群創,70,11,59,福邦證券,2024-01-19,6480
1326,台化,41,0,41,福邦證券,2024-01-19,6480
6719,力智,37,0,37,福邦證券,2024-01-19,6480
2324,仁寶,31,0,31,福邦證券,2024-01-19,6480
1451,年興,27,0,27,福邦證券,2024-01-19,6480
1586,和勤,25,0,25,福邦證券,2024-01-19,6480
00679B,元大美債20年,26,2,24,福邦證券,2024-01-19,6480
3339,泰谷,23,0,23,福邦證券,2024-01-19,6480
2609,陽明,21,1,20,福邦證券,2024-01-19,6480
2059,川湖,26,7,19,福邦證券,2024-01-19,6480
3005,神基,16,0,16,福邦證券,2024-01-19,6480
6120,達運,46,30,16,福邦證券,2024-01-19,6480
4105,東洋,16,1,15,福邦證券,2024-01-19,6480
4960,誠美材,15,0,15,福邦證券,2024-01-19,6480
6123,上奇,15,0,15,福邦證券,2024-01-19,6480
1584,精剛,10,0,10,福邦證券,2024-01-19,6480
00900,富邦特選高股息30,10,0,10,福邦證券,2024-01-19,6480
00751B,元大AAA至A公司債,10,0,10,福邦證券,2024-01-19,6480
3622,洋華,10,0,10,福邦證券,2024-01-19,6480
5536,聖暉*,10,0,10,福邦證券,2024-01-19,6480
6416,瑞祺電通,10,0,10,福邦證券,2024-01-19,6480
8936,國統,10,0,10,福邦證券,2024-01-19,6480
00680L,元大美債20正2,8,0,8,福邦證券,2024-01-19,6480
5321,美而快,8,0,8,福邦證券,2024-01-19,6480
6284,佳邦,7,0,7,福邦證券,2024-01-19,6480
6451,訊芯-KY,7,0,7,福邦證券,2024-01-19,6480
00795B,中信美國公債20年,6,0,6,福邦證券,2024-01-19,6480
3006,晶豪科,6,0,6,福邦證券,2024-01-19,6480
3443,創意,10,4,6,福邦證券,2024-01-19,6480
6695,芯鼎,6,0,6,福邦證券,2024-01-19,6480
3035,智原,8,3,5,福邦證券,2024-01-19,6480
3576,聯合再生,5,0,5,福邦證券,2024-01-19,6480
4739,康普,5,0,5,福邦證券,2024-01-19,6480
5608,四維航,5,0,5,福邦證券,2024-01-19,6480
8403,盛弘,5,0,5,福邦證券,2024-01-19,6480
00931B,統一美債20年,4,0,4,福邦證券,2024-01-19,6480
1514,亞力,5,1,4,福邦證券,2024-01-19,6480
1513,中興電,4,0,4,福邦證券,2024-01-19,6480
2467,志聖,5,1,4,福邦證券,2024-01-19,6480
2706,第一店,4,0,4,福邦證券,2024-01-19,6480
6117,迎廣,5,1,4,福邦證券,2024-01-19,6480
6233,旺玖,10,6,4,福邦證券,2024-01-19,6480
2371,大同,1011,33,978,福邦證券,2024-01-22,6480
3231,緯創,928,313,615,福邦證券,2024-01-22,6480
1301,台塑,500,0,500,福邦證券,2024-01-22,6480
2382,廣達,163,23,140,福邦證券,2024-01-22,6480
3481,群創,150,11,139,福邦證券,2024-01-22,6480
1760,寶齡富錦,120,30,90,福邦證券,2024-01-22,6480
6451,訊芯-KY,43,0,43,福邦證券,2024-01-22,6480
3339,泰谷,40,0,40,福邦證券,2024-01-22,6480
00632R,元大台灣50反1,33,0,33,福邦證券,2024-01-22,6480
6442,光聖,30,0,30,福邦證券,2024-01-22,6480
2618,長榮航,37,15,22,福邦證券,2024-01-22,6480
2049,上銀,20,0,20,福邦證券,2024-01-22,6480
2059,川湖,21,5,16,福邦證券,2024-01-22,6480
6243,迅杰,17,2,15,福邦證券,2024-01-22,6480
00715L,期街口布蘭特正2,37,23,14,福邦證券,2024-01-22,6480
8027,鈦昇,15,1,14,福邦證券,2024-01-22,6480
2254,巨鎧精密-創,13,0,13,福邦證券,2024-01-22,6480
3712,永崴投控,13,0,13,福邦證券,2024-01-22,6480
2888,新光金,13,1,12,福邦證券,2024-01-22,6480
5321,美而快,12,0,12,福邦證券,2024-01-22,6480
00902,中信電池及儲能,10,0,10,福邦證券,2024-01-22,6480
1460,宏遠,10,0,10,福邦證券,2024-01-22,6480
2401,凌陽,10,0,10,福邦證券,2024-01-22,6480
6120,達運,40,30,10,福邦證券,2024-01-22,6480
6235,華孚,10,0,10,福邦證券,2024-01-22,6480
6139,亞翔,8,0,8,福邦證券,2024-01-22,6480
6684,安格,8,0,8,福邦證券,2024-01-22,6480
5426,振發,13,6,7,福邦證券,2024-01-22,6480
1586,和勤,9,2,7,福邦證券,2024-01-22,6480
00882,中信中國高股息,6,0,6,福邦證券,2024-01-22,6480
2444,兆勁,6,0,6,福邦證券,2024-01-22,6480
3008,大立光,6,0,6,福邦證券,2024-01-22,6480
3227,原相,9,3,6,福邦證券,2024-01-22,6480
3545,敦泰,6,0,6,福邦證券,2024-01-22,6480
6134,萬旭,9,3,6,福邦證券,2024-01-22,6480
00830,國泰費城半導體,5,0,5,福邦證券,2024-01-22,6480
1303,南亞,5,0,5,福邦證券,2024-01-22,6480
00937B,群益ESG投等債20,5,0,5,福邦證券,2024-01-22,6480
00907,永豐優息存股,5,0,5,福邦證券,2024-01-22,6480
2301,光寶科,5,0,5,福邦證券,2024-01-22,6480
2515,中工,5,0,5,福邦證券,2024-01-22,6480
2915,潤泰全,5,0,5,福邦證券,2024-01-22,6480
3402,漢科,5,0,5,福邦證券,2024-01-22,6480
3548,兆利,5,0,5,福邦證券,2024-01-22,6480
3680,家登,5,0,5,福邦證券,2024-01-22,6480
5210,寶碩,10,5,5,福邦證券,2024-01-22,6480
6683,雍智科技,5,0,5,福邦證券,2024-01-22,6480
6789,采鈺,5,0,5,福邦證券,2024-01-22,6480
1795,美時,6,2,4,福邦證券,2024-01-22,6480
00929,復華台灣科技優息,4,0,4,福邦證券,2024-01-22,6480
2892,第一金,2500,0,2500,福邦證券,2024-01-23,6480
2371,大同,2255,1426,829,福邦證券,2024-01-23,6480
5876,上海商銀,500,0,500,福邦證券,2024-01-23,6480
3712,永崴投控,400,0,400,福邦證券,2024-01-23,6480
3706,神達,275,4,271,福邦證券,2024-01-23,6480
2356,英業達,208,0,208,福邦證券,2024-01-23,6480
5483,中美晶,190,1,189,福邦證券,2024-01-23,6480
8054,安國,196,16,180,福邦證券,2024-01-23,6480
2376,技嘉,159,0,159,福邦證券,2024-01-23,6480
3231,緯創,162,16,146,福邦證券,2024-01-23,6480
2421,建準,102,0,102,福邦證券,2024-01-23,6480
3615,安可,103,1,102,福邦證券,2024-01-23,6480
2377,微星,100,0,100,福邦證券,2024-01-23,6480
6147,頎邦,64,0,64,福邦證券,2024-01-23,6480
3044,健鼎,60,4,56,福邦證券,2024-01-23,6480
00795B,中信美國公債20年,50,0,50,福邦證券,2024-01-23,6480
3543,州巧,50,0,50,福邦證券,2024-01-23,6480
3034,聯詠,35,1,34,福邦證券,2024-01-23,6480
00637L,元大滬深300正2,31,0,31,福邦證券,2024-01-23,6480
2204,中華,30,0,30,福邦證券,2024-01-23,6480
5388,中磊,30,0,30,福邦證券,2024-01-23,6480
6442,光聖,24,0,24,福邦證券,2024-01-23,6480
00687B,國泰20年美債,21,0,21,福邦證券,2024-01-23,6480
2382,廣達,35,14,21,福邦證券,2024-01-23,6480
00673R,期元大S＆P原油反1,20,0,20,福邦證券,2024-01-23,6480
2049,上銀,20,0,20,福邦證券,2024-01-23,6480
6509,聚和,20,0,20,福邦證券,2024-01-23,6480
2059,川湖,38,21,17,福邦證券,2024-01-23,6480
1455,集盛,15,0,15,福邦證券,2024-01-23,6480
2101,南港,15,0,15,福邦證券,2024-01-23,6480
2388,威盛,16,1,15,福邦證券,2024-01-23,6480
2395,研華,15,0,15,福邦證券,2024-01-23,6480
3023,信邦,14,0,14,福邦證券,2024-01-23,6480
2609,陽明,18,5,13,福邦證券,2024-01-23,6480
1760,寶齡富錦,11,0,11,福邦證券,2024-01-23,6480
2313,華通,11,0,11,福邦證券,2024-01-23,6480
5880,合庫金,11,0,11,福邦證券,2024-01-23,6480
2104,國際中橡,10,0,10,福邦證券,2024-01-23,6480
00720B,元大投資級公司債,30,20,10,福邦證券,2024-01-23,6480
1476,儒鴻,10,0,10,福邦證券,2024-01-23,6480
3035,智原,10,0,10,福邦證券,2024-01-23,6480
3339,泰谷,10,0,10,福邦證券,2024-01-23,6480
6451,訊芯-KY,10,0,10,福邦證券,2024-01-23,6480
9958,世紀鋼,10,0,10,福邦證券,2024-01-23,6480
1586,和勤,9,1,8,福邦證券,2024-01-23,6480
4908,前鼎,10,2,8,福邦證券,2024-01-23,6480
2408,南亞科,7,0,7,福邦證券,2024-01-23,6480
9938,百和,7,0,7,福邦證券,2024-01-23,6480
1608,華榮,6,0,6,福邦證券,2024-01-23,6480
2383,台光電,6,0,6,福邦證券,2024-01-23,6480
2371,大同,8010,102,7908,福邦證券,2024-01-24,6480
3017,奇鋐,158,0,158,福邦證券,2024-01-24,6480
6531,愛普*,110,0,110,福邦證券,2024-01-24,6480
2428,興勤,100,0,100,福邦證券,2024-01-24,6480
3548,兆利,90,0,90,福邦證券,2024-01-24,6480
4967,十銓,59,0,59,福邦證券,2024-01-24,6480
00753L,中信中國50正2,70,20,50,福邦證券,2024-01-24,6480
2438,翔耀,50,3,47,福邦證券,2024-01-24,6480
00637L,元大滬深300正2,42,2,40,福邦證券,2024-01-24,6480
3339,泰谷,40,0,40,福邦證券,2024-01-24,6480
2356,英業達,40,6,34,福邦證券,2024-01-24,6480
3712,永崴投控,33,0,33,福邦證券,2024-01-24,6480
1815,富喬,30,0,30,福邦證券,2024-01-24,6480
1460,宏遠,30,0,30,福邦證券,2024-01-24,6480
1586,和勤,30,0,30,福邦證券,2024-01-24,6480
4938,和碩,26,2,24,福邦證券,2024-01-24,6480
6451,訊芯-KY,25,2,23,福邦證券,2024-01-24,6480
8054,安國,78,57,21,福邦證券,2024-01-24,6480
00632R,元大台灣50反1,20,0,20,福邦證券,2024-01-24,6480
00680L,元大美債20正2,20,0,20,福邦證券,2024-01-24,6480
00885,富邦越南,20,0,20,福邦證券,2024-01-24,6480
6226,光鼎,20,0,20,福邦證券,2024-01-24,6480
9105,泰金寶-DR,20,0,20,福邦證券,2024-01-24,6480
3583,辛耘,16,0,16,福邦證券,2024-01-24,6480
3580,友威科,15,0,15,福邦證券,2024-01-24,6480
00902,中信電池及儲能,12,0,12,福邦證券,2024-01-24,6480
3047,訊舟,11,0,11,福邦證券,2024-01-24,6480
2104,國際中橡,10,0,10,福邦證券,2024-01-24,6480
2049,上銀,10,0,10,福邦證券,2024-01-24,6480
3374,精材,10,0,10,福邦證券,2024-01-24,6480
5244,弘凱,10,0,10,福邦證券,2024-01-24,6480
5340,建榮,10,0,10,福邦證券,2024-01-24,6480
6243,迅杰,10,0,10,福邦證券,2024-01-24,6480
1313,聯成,9,0,9,福邦證券,2024-01-24,6480
00720B,元大投資級公司債,9,0,9,福邦證券,2024-01-24,6480
6684,安格,8,0,8,福邦證券,2024-01-24,6480
8171,天宇,14,6,8,福邦證券,2024-01-24,6480
2330,台積電,10,2,8,福邦證券,2024-01-24,6480
2331,精英,13,6,7,福邦證券,2024-01-24,6480
00751B,元大AAA至A公司債,5,0,5,福邦證券,2024-01-24,6480
2515,中工,5,0,5,福邦證券,2024-01-24,6480
3114,好德,5,0,5,福邦證券,2024-01-24,6480
3122,笙泉,5,0,5,福邦證券,2024-01-24,6480
5864,致和證,5,0,5,福邦證券,2024-01-24,6480
1560,中砂,5,0,5,福邦證券,2024-01-24,6480
3663,鑫科,4,0,4,福邦證券,2024-01-24,6480
4584,君帆,4,0,4,福邦證券,2024-01-24,6480
6120,達運,55,51,4,福邦證券,2024-01-24,6480
6140,訊達,7,3,4,福邦證券,2024-01-24,6480
6248,沛波,4,0,4,福邦證券,2024-01-24,6480
2371,大同,2019,4,2015,福邦證券,2024-01-25,6480
1809,中釉,66,0,66,福邦證券,2024-01-25,6480
4739,康普,62,0,62,福邦證券,2024-01-25,6480
00632R,元大台灣50反1,58,0,58,福邦證券,2024-01-25,6480
5452,佶優,51,0,51,福邦證券,2024-01-25,6480
6202,盛群,50,0,50,福邦證券,2024-01-25,6480
6462,神盾,51,1,50,福邦證券,2024-01-25,6480
6442,光聖,40,0,40,福邦證券,2024-01-25,6480
6531,愛普*,31,0,31,福邦證券,2024-01-25,6480
6643,M31,30,0,30,福邦證券,2024-01-25,6480
2609,陽明,29,1,28,福邦證券,2024-01-25,6480
3543,州巧,28,0,28,福邦證券,2024-01-25,6480
3339,泰谷,27,0,27,福邦證券,2024-01-25,6480
3563,牧德,50,28,22,福邦證券,2024-01-25,6480
3035,智原,21,0,21,福邦證券,2024-01-25,6480
1460,宏遠,20,0,20,福邦證券,2024-01-25,6480
3230,錦明,20,0,20,福邦證券,2024-01-25,6480
3712,永崴投控,20,0,20,福邦證券,2024-01-25,6480
4123,晟德,20,0,20,福邦證券,2024-01-25,6480
6274,台燿,16,4,12,福邦證券,2024-01-25,6480
00751B,元大AAA至A公司債,11,0,11,福邦證券,2024-01-25,6480
3672,康聯訊,11,0,11,福邦證券,2024-01-25,6480
00902,中信電池及儲能,10,0,10,福邦證券,2024-01-25,6480
00635U,期元大S＆P黃金,10,0,10,福邦證券,2024-01-25,6480
2049,上銀,10,0,10,福邦證券,2024-01-25,6480
2409,友達,20,10,10,福邦證券,2024-01-25,6480
4162,智擎,10,0,10,福邦證券,2024-01-25,6480
8466,美吉吉-KY,10,0,10,福邦證券,2024-01-25,6480
8936,國統,10,0,10,福邦證券,2024-01-25,6480
00679B,元大美債20年,9,0,9,福邦證券,2024-01-25,6480
5483,中美晶,9,1,8,福邦證券,2024-01-25,6480
6140,訊達,11,3,8,福邦證券,2024-01-25,6480
6937,天虹,8,0,8,福邦證券,2024-01-25,6480
00795B,中信美國公債20年,7,0,7,福邦證券,2024-01-25,6480
5244,弘凱,12,5,7,福邦證券,2024-01-25,6480
3010,華立,6,0,6,福邦證券,2024-01-25,6480
3362,先進光,9,3,6,福邦證券,2024-01-25,6480
3483,力致,7,1,6,福邦證券,2024-01-25,6480
1569,濱川,5,0,5,福邦證券,2024-01-25,6480
2495,普安,5,0,5,福邦證券,2024-01-25,6480
3374,精材,5,0,5,福邦證券,2024-01-25,6480
3576,聯合再生,5,0,5,福邦證券,2024-01-25,6480
6108,競國,7,2,5,福邦證券,2024-01-25,6480
6414,樺漢,5,0,5,福邦證券,2024-01-25,6480
6579,研揚,5,0,5,福邦證券,2024-01-25,6480
8068,全達,5,0,5,福邦證券,2024-01-25,6480
8403,盛弘,5,0,5,福邦證券,2024-01-25,6480
00687B,國泰20年美債,4,0,4,福邦證券,2024-01-25,6480
3017,奇鋐,12,8,4,福邦證券,2024-01-25,6480
3211,順達,4,0,4,福邦證券,2024-01-25,6480
2371,大同,1974,21,1953,福邦證券,2024-01-26,6480
2892,第一金,1000,0,1000,福邦證券,2024-01-26,6480
4938,和碩,150,0,150,福邦證券,2024-01-26,6480
5871,中租-KY,120,0,120,福邦證券,2024-01-26,6480
6531,愛普*,81,0,81,福邦證券,2024-01-26,6480
3543,州巧,67,0,67,福邦證券,2024-01-26,6480
00937B,群益ESG投等債20,63,0,63,福邦證券,2024-01-26,6480
8068,全達,58,0,58,福邦證券,2024-01-26,6480
5347,世界,50,0,50,福邦證券,2024-01-26,6480
6285,啟��,50,0,50,福邦證券,2024-01-26,6480
00753L,中信中國50正2,72,27,45,福邦證券,2024-01-26,6480
8054,安國,81,41,40,福邦證券,2024-01-26,6480
4960,誠美材,39,0,39,福邦證券,2024-01-26,6480
3055,蔚華科,31,0,31,福邦證券,2024-01-26,6480
5536,聖暉*,30,0,30,福邦證券,2024-01-26,6480
6214,精誠,25,0,25,福邦證券,2024-01-26,6480
6679,鈺太,16,0,16,福邦證券,2024-01-26,6480
3339,泰谷,15,0,15,福邦證券,2024-01-26,6480
6451,訊芯-KY,15,0,15,福邦證券,2024-01-26,6480
2303,聯電,14,0,14,福邦證券,2024-01-26,6480
6143,振曜,14,1,13,福邦證券,2024-01-26,6480
8936,國統,13,0,13,福邦證券,2024-01-26,6480
4123,晟德,12,0,12,福邦證券,2024-01-26,6480
4763,材料-KY,11,0,11,福邦證券,2024-01-26,6480
2323,中環,10,0,10,福邦證券,2024-01-26,6480
00673R,期元大S＆P原油反1,10,0,10,福邦證券,2024-01-26,6480
2498,宏達電,10,0,10,福邦證券,2024-01-26,6480
3653,健策,10,0,10,福邦證券,2024-01-26,6480
4105,東洋,10,0,10,福邦證券,2024-01-26,6480
4162,智擎,10,0,10,福邦證券,2024-01-26,6480
5321,美而快,10,0,10,福邦證券,2024-01-26,6480
6442,光聖,10,0,10,福邦證券,2024-01-26,6480
4739,康普,9,0,9,福邦證券,2024-01-26,6480
3260,威剛,8,0,8,福邦證券,2024-01-26,6480
6684,安格,11,3,8,福邦證券,2024-01-26,6480
8089,康全電訊,8,0,8,福邦證券,2024-01-26,6480
3623,富晶通,10,3,7,福邦證券,2024-01-26,6480
5351,鈺創,6,0,6,福邦證券,2024-01-26,6480
5483,中美晶,6,0,6,福邦證券,2024-01-26,6480
2002,中鋼,5,0,5,福邦證券,2024-01-26,6480
00919,群益台灣精選高息,5,0,5,福邦證券,2024-01-26,6480
2344,華邦電,5,0,5,福邦證券,2024-01-26,6480
2867,三商壽,5,0,5,福邦證券,2024-01-26,6480
3354,律勝,5,0,5,福邦證券,2024-01-26,6480
5244,弘凱,5,0,5,福邦證券,2024-01-26,6480
3706,神達,5,0,5,福邦證券,2024-01-26,6480
2356,英業達,5,1,4,福邦證券,2024-01-26,6480
00878,國泰永續高股息,4,0,4,福邦證券,2024-01-26,6480
2408,南亞科,4,0,4,福邦證券,2024-01-26,6480
2438,翔耀,4,0,4,福邦證券,2024-01-26,6480
2371,大同,1597,21,1576,福邦證券,2024-01-29,6480
1101,台泥,200,0,200,福邦證券,2024-01-29,6480
3543,州巧,75,0,75,福邦證券,2024-01-29,6480
00632R,元大台灣50反1,65,0,65,福邦證券,2024-01-29,6480
2440,太空梭,40,0,40,福邦證券,2024-01-29,6480
3339,泰谷,40,0,40,福邦證券,2024-01-29,6480
4960,誠美材,40,0,40,福邦證券,2024-01-29,6480
00753L,中信中國50正2,85,50,35,福邦證券,2024-01-29,6480
6214,精誠,35,0,35,福邦證券,2024-01-29,6480
3189,景碩,30,0,30,福邦證券,2024-01-29,6480
3563,牧德,50,21,29,福邦證券,2024-01-29,6480
3035,智原,17,0,17,福邦證券,2024-01-29,6480
2421,建準,21,5,16,福邦證券,2024-01-29,6480
3038,全台,15,2,13,福邦證券,2024-01-29,6480
00795B,中信美國公債20年,10,0,10,福邦證券,2024-01-29,6480
00673R,期元大S＆P原油反1,10,0,10,福邦證券,2024-01-29,6480
00679B,元大美債20年,11,1,10,福邦證券,2024-01-29,6480
2377,微星,10,0,10,福邦證券,2024-01-29,6480
2867,三商壽,10,0,10,福邦證券,2024-01-29,6480
3055,蔚華科,10,0,10,福邦證券,2024-01-29,6480
6205,詮欣,15,5,10,福邦證券,2024-01-29,6480
6226,光鼎,10,0,10,福邦證券,2024-01-29,6480
6643,M31,10,0,10,福邦證券,2024-01-29,6480
8466,美吉吉-KY,10,0,10,福邦證券,2024-01-29,6480
3631,晟楠,9,0,9,福邦證券,2024-01-29,6480
00680L,元大美債20正2,30,22,8,福邦證券,2024-01-29,6480
4532,瑞智,9,2,7,福邦證券,2024-01-29,6480
5258,虹堡,6,0,6,福邦證券,2024-01-29,6480
6695,芯鼎,11,5,6,福邦證券,2024-01-29,6480
2344,華邦電,5,0,5,福邦證券,2024-01-29,6480
6782,視陽,5,0,5,福邦證券,2024-01-29,6480
6901,鑽石投資,5,0,5,福邦證券,2024-01-29,6480
1560,中砂,5,1,4,福邦證券,2024-01-29,6480
3138,耀登,4,0,4,福邦證券,2024-01-29,6480
3623,富晶通,8,4,4,福邦證券,2024-01-29,6480
4906,正文,5,1,4,福邦證券,2024-01-29,6480
6233,旺玖,4,0,4,福邦證券,2024-01-29,6480
6679,鈺太,5,1,4,福邦證券,2024-01-29,6480
8085,福華,4,0,4,福邦證券,2024-01-29,6480
2362,藍天,3,0,3,福邦證券,2024-01-29,6480
2419,仲琦,3,0,3,福邦證券,2024-01-29,6480
2609,陽明,6,3,3,福邦證券,2024-01-29,6480
2762,世界健身-KY,4,1,3,福邦證券,2024-01-29,6480
6841,長佳智能,3,0,3,福邦證券,2024-01-29,6480
8403,盛弘,3,0,3,福邦證券,2024-01-29,6480
00655L,國泰中國A50正2,2,0,2,福邦證券,2024-01-29,6480
00687B,國泰20年美債,2,0,2,福邦證券,2024-01-29,6480
00937B,群益ESG投等債20,3,1,2,福邦證券,2024-01-29,6480
00902,中信電池及儲能,2,0,2,福邦證券,2024-01-29,6480
2884,玉山金,2,0,2,福邦證券,2024-01-29,6480
2371,大同,1350,1,1349,福邦證券,2024-01-30,6480
1609,大亞,450,50,400,福邦證券,2024-01-30,6480
4938,和碩,230,0,230,福邦證券,2024-01-30,6480
2421,建準,203,1,202,福邦證券,2024-01-30,6480
2377,微星,189,0,189,福邦證券,2024-01-30,6480
6285,啟��,187,0,187,福邦證券,2024-01-30,6480
8210,勤誠,158,42,116,福邦證券,2024-01-30,6480
1477,聚陽,111,0,111,福邦證券,2024-01-30,6480
3044,健鼎,100,0,100,福邦證券,2024-01-30,6480
8054,安國,105,11,94,福邦證券,2024-01-30,6480
2360,致茂,75,0,75,福邦證券,2024-01-30,6480
5483,中美晶,85,12,73,福邦證券,2024-01-30,6480
2883,凱基金,60,0,60,福邦證券,2024-01-30,6480
6274,台燿,50,1,49,福邦證券,2024-01-30,6480
3362,先進光,46,6,40,福邦證券,2024-01-30,6480
4105,東洋,40,0,40,福邦證券,2024-01-30,6480
6202,盛群,39,1,38,福邦證券,2024-01-30,6480
1460,宏遠,30,0,30,福邦證券,2024-01-30,6480
00637L,元大滬深300正2,30,0,30,福邦證券,2024-01-30,6480
2395,研華,29,0,29,福邦證券,2024-01-30,6480
5426,振發,29,0,29,福邦證券,2024-01-30,6480
2454,聯發科,27,1,26,福邦證券,2024-01-30,6480
6669,緯穎,26,0,26,福邦證券,2024-01-30,6480
3339,泰谷,25,0,25,福邦證券,2024-01-30,6480
00753L,中信中國50正2,100,80,20,福邦證券,2024-01-30,6480
6592,和潤企業,20,0,20,福邦證券,2024-01-30,6480
8936,國統,20,1,19,福邦證券,2024-01-30,6480
3055,蔚華科,16,0,16,福邦證券,2024-01-30,6480
4123,晟德,16,0,16,福邦證券,2024-01-30,6480
1586,和勤,21,6,15,福邦證券,2024-01-30,6480
4763,材料-KY,17,2,15,福邦證券,2024-01-30,6480
8213,志超,15,0,15,福邦證券,2024-01-30,6480
00772B,中信高評級公司債,11,0,11,福邦證券,2024-01-30,6480
1605,華新,10,0,10,福邦證券,2024-01-30,6480
1760,寶齡富錦,10,0,10,福邦證券,2024-01-30,6480
00933B,國泰10Y+金融債,10,0,10,福邦證券,2024-01-30,6480
2867,三商壽,10,0,10,福邦證券,2024-01-30,6480
4960,誠美材,10,0,10,福邦證券,2024-01-30,6480
5371,中光電,10,0,10,福邦證券,2024-01-30,6480
6170,統振,10,0,10,福邦證券,2024-01-30,6480
00882,中信中國高股息,9,0,9,福邦證券,2024-01-30,6480
2353,宏��,8,0,8,福邦證券,2024-01-30,6480
6026,福邦證,10,2,8,福邦證券,2024-01-30,6480
6104,創惟,8,0,8,福邦證券,2024-01-30,6480
1313,聯成,6,0,6,福邦證券,2024-01-30,6480
0056,元大高股息,5,0,5,福邦證券,2024-01-30,6480
00885,富邦越南,5,0,5,福邦證券,2024-01-30,6480
2324,仁寶,5,0,5,福邦證券,2024-01-30,6480
2486,一詮,16,11,5,福邦證券,2024-01-30,6480
2536,宏普,5,0,5,福邦證券,2024-01-30,6480
2371,大同,1670,20,1650,福邦證券,2024-01-31,6480
6742,澤米,634,0,634,福邦證券,2024-01-31,6480
3036,文曄,159,0,159,福邦證券,2024-01-31,6480
3376,新日興,158,0,158,福邦證券,2024-01-31,6480
8084,巨虹,150,5,145,福邦證券,2024-01-31,6480
3324,雙鴻,129,0,129,福邦證券,2024-01-31,6480
6288,聯嘉,102,1,101,福邦證券,2024-01-31,6480
6462,神盾,100,10,90,福邦證券,2024-01-31,6480
4908,前鼎,54,4,50,福邦證券,2024-01-31,6480
5347,世界,50,0,50,福邦證券,2024-01-31,6480
6672,騰輝電子-KY,50,0,50,福邦證券,2024-01-31,6480
3055,蔚華科,42,0,42,福邦證券,2024-01-31,6480
6202,盛群,81,40,41,福邦證券,2024-01-31,6480
5272,笙科,40,0,40,福邦證券,2024-01-31,6480
8442,威宏-KY,30,0,30,福邦證券,2024-01-31,6480
1586,和勤,26,0,26,福邦證券,2024-01-31,6480
6189,豐藝,25,0,25,福邦證券,2024-01-31,6480
2888,新光金,23,0,23,福邦證券,2024-01-31,6480
3228,金麗科,21,0,21,福邦證券,2024-01-31,6480
00753L,中信中國50正2,110,90,20,福邦證券,2024-01-31,6480
1609,大亞,20,0,20,福邦證券,2024-01-31,6480
3081,聯亞,20,0,20,福邦證券,2024-01-31,6480
4129,聯合,20,0,20,福邦證券,2024-01-31,6480
6592,和潤企業,20,0,20,福邦證券,2024-01-31,6480
1513,中興電,20,1,19,福邦證券,2024-01-31,6480
6139,亞翔,17,0,17,福邦證券,2024-01-31,6480
6213,聯茂,15,0,15,福邦證券,2024-01-31,6480
5864,致和證,14,0,14,福邦證券,2024-01-31,6480
2376,技嘉,57,44,13,福邦證券,2024-01-31,6480
2609,陽明,13,0,13,福邦證券,2024-01-31,6480
3715,定穎投控,13,0,13,福邦證券,2024-01-31,6480
00679B,元大美債20年,11,0,11,福邦證券,2024-01-31,6480
00882,中信中國高股息,10,0,10,福邦證券,2024-01-31,6480
2883,凱基金,10,0,10,福邦證券,2024-01-31,6480
3339,泰谷,10,0,10,福邦證券,2024-01-31,6480
3551,世禾,10,0,10,福邦證券,2024-01-31,6480
6143,振曜,10,0,10,福邦證券,2024-01-31,6480
2892,第一金,8,0,8,福邦證券,2024-01-31,6480
3312,弘憶股,8,0,8,福邦證券,2024-01-31,6480
3693,營邦,8,0,8,福邦證券,2024-01-31,6480
2443,昶虹,7,0,7,福邦證券,2024-01-31,6480
3231,緯創,8,2,6,福邦證券,2024-01-31,6480
6441,廣錠,6,0,6,福邦證券,2024-01-31,6480
6679,鈺太,11,5,6,福邦證券,2024-01-31,6480
00911,兆豐洲際半導體,5,0,5,福邦證券,2024-01-31,6480
00907,永豐優息存股,5,0,5,福邦證券,2024-01-31,6480
2867,三商壽,17,12,5,福邦證券,2024-01-31,6480
3289,宜特,5,0,5,福邦證券,2024-01-31,6480
3338,泰碩,5,0,5,福邦證券,2024-01-31,6480
3694,海華,5,0,5,福邦證券,2024-01-31,6480
2371,大同,1670,128,1542,福邦證券,2024-02-01,6480
6742,澤米,733,0,733,福邦證券,2024-02-01,6480
00632R,元大台灣50反1,550,5,545,福邦證券,2024-02-01,6480
1513,中興電,300,7,293,福邦證券,2024-02-01,6480
4919,新唐,200,0,200,福邦證券,2024-02-01,6480
3035,智原,161,3,158,福邦證券,2024-02-01,6480
2376,技嘉,204,53,151,福邦證券,2024-02-01,6480
3363,上詮,136,8,128,福邦證券,2024-02-01,6480
3533,嘉澤,100,0,100,福邦證券,2024-02-01,6480
8936,國統,54,3,51,福邦證券,2024-02-01,6480
3711,日月光投控,50,0,50,福邦證券,2024-02-01,6480
5347,世界,50,0,50,福邦證券,2024-02-01,6480
00637L,元大滬深300正2,30,0,30,福邦證券,2024-02-01,6480
00753L,中信中國50正2,60,30,30,福邦證券,2024-02-01,6480
5371,中光電,30,0,30,福邦證券,2024-02-01,6480
6243,迅杰,50,20,30,福邦證券,2024-02-01,6480
6462,神盾,25,0,25,福邦證券,2024-02-01,6480
1809,中釉,30,8,22,福邦證券,2024-02-01,6480
5340,建榮,20,0,20,福邦證券,2024-02-01,6480
8084,巨虹,20,0,20,福邦證券,2024-02-01,6480
8996,高力,22,3,19,福邦證券,2024-02-01,6480
00680L,元大美債20正2,20,3,17,福邦證券,2024-02-01,6480
2454,聯發科,17,1,16,福邦證券,2024-02-01,6480
8111,立��,16,0,16,福邦證券,2024-02-01,6480
5210,寶碩,21,6,15,福邦證券,2024-02-01,6480
6189,豐藝,15,0,15,福邦證券,2024-02-01,6480
1586,和勤,24,11,13,福邦證券,2024-02-01,6480
8070,長華*,12,0,12,福邦證券,2024-02-01,6480
6805,富世達,13,2,11,福邦證券,2024-02-01,6480
00635U,期元大S＆P黃金,10,0,10,福邦證券,2024-02-01,6480
1732,毛寶,10,0,10,福邦證券,2024-02-01,6480
1605,華新,10,0,10,福邦證券,2024-02-01,6480
1710,東聯,10,0,10,福邦證券,2024-02-01,6480
2323,中環,10,0,10,福邦證券,2024-02-01,6480
2476,鉅祥,10,0,10,福邦證券,2024-02-01,6480
3694,海華,10,0,10,福邦證券,2024-02-01,6480
6274,台燿,11,1,10,福邦證券,2024-02-01,6480
2254,巨鎧精密-創,10,1,9,福邦證券,2024-02-01,6480
3081,聯亞,10,2,8,福邦證券,2024-02-01,6480
5251,天鉞電,8,0,8,福邦證券,2024-02-01,6480
5351,鈺創,8,0,8,福邦證券,2024-02-01,6480
6179,亞通,8,0,8,福邦證券,2024-02-01,6480
2344,華邦電,7,0,7,福邦證券,2024-02-01,6480
3545,敦泰,7,0,7,福邦證券,2024-02-01,6480
3631,晟楠,7,0,7,福邦證券,2024-02-01,6480
5258,虹堡,12,5,7,福邦證券,2024-02-01,6480
1616,億泰,6,0,6,福邦證券,2024-02-01,6480
1514,亞力,8,2,6,福邦證券,2024-02-01,6480
3693,營邦,6,0,6,福邦證券,2024-02-01,6480
00902,中信電池及儲能,5,0,5,福邦證券,2024-02-01,6480
2371,大同,2118,250,1868,福邦證券,2024-02-02,6480
3231,緯創,237,21,216,福邦證券,2024-02-02,6480
1519,華城,201,41,160,福邦證券,2024-02-02,6480
8086,宏捷科,158,0,158,福邦證券,2024-02-02,6480
3036,文曄,419,266,153,福邦證券,2024-02-02,6480
4908,前鼎,174,55,119,福邦證券,2024-02-02,6480
1609,大亞,130,30,100,福邦證券,2024-02-02,6480
2408,南亞科,100,0,100,福邦證券,2024-02-02,6480
00637L,元大滬深300正2,63,0,63,福邦證券,2024-02-02,6480
6805,富世達,60,2,58,福邦證券,2024-02-02,6480
1444,力麗,50,0,50,福邦證券,2024-02-02,6480
00715L,期街口布蘭特正2,67,25,42,福邦證券,2024-02-02,6480
3363,上詮,133,94,39,福邦證券,2024-02-02,6480
6462,神盾,37,0,37,福邦證券,2024-02-02,6480
8227,巨有科技,50,16,34,福邦證券,2024-02-02,6480
1806,冠軍,30,0,30,福邦證券,2024-02-02,6480
00632R,元大台灣50反1,30,0,30,福邦證券,2024-02-02,6480
2356,英業達,31,1,30,福邦證券,2024-02-02,6480
6285,啟��,30,0,30,福邦證券,2024-02-02,6480
3715,定穎投控,29,1,28,福邦證券,2024-02-02,6480
6279,胡連,26,0,26,福邦證券,2024-02-02,6480
8084,巨虹,25,0,25,福邦證券,2024-02-02,6480
00937B,群益ESG投等債20,21,0,21,福邦證券,2024-02-02,6480
00642U,期元大S＆P石油,20,0,20,福邦證券,2024-02-02,6480
2388,威盛,21,1,20,福邦證券,2024-02-02,6480
3551,世禾,20,0,20,福邦證券,2024-02-02,6480
5309,系統電,20,0,20,福邦證券,2024-02-02,6480
5452,佶優,20,0,20,福邦證券,2024-02-02,6480
6442,光聖,20,0,20,福邦證券,2024-02-02,6480
8476,台境*,20,0,20,福邦證券,2024-02-02,6480
3081,聯亞,21,4,17,福邦證券,2024-02-02,6480
00933B,國泰10Y+金融債,15,0,15,福邦證券,2024-02-02,6480
00773B,中信優先金融債,15,0,15,福邦證券,2024-02-02,6480
5426,振發,15,0,15,福邦證券,2024-02-02,6480
8111,立��,15,0,15,福邦證券,2024-02-02,6480
3545,敦泰,16,2,14,福邦證券,2024-02-02,6480
6290,良維,13,0,13,福邦證券,2024-02-02,6480
1717,長興,10,0,10,福邦證券,2024-02-02,6480
1784,訊聯,10,0,10,福邦證券,2024-02-02,6480
00753L,中信中國50正2,50,40,10,福邦證券,2024-02-02,6480
2049,上銀,10,0,10,福邦證券,2024-02-02,6480
3013,晟銘電,10,0,10,福邦證券,2024-02-02,6480
3543,州巧,10,0,10,福邦證券,2024-02-02,6480
4129,聯合,10,0,10,福邦證券,2024-02-02,6480
6741,91APP*-KY,10,0,10,福邦證券,2024-02-02,6480
4763,材料-KY,10,1,9,福邦證券,2024-02-02,6480
00772B,中信高評級公司債,8,0,8,福邦證券,2024-02-02,6480
1514,亞力,9,2,7,福邦證券,2024-02-02,6480
00720B,元大投資級公司債,7,0,7,福邦證券,2024-02-02,6480
00929,復華台灣科技優息,7,0,7,福邦證券,2024-02-02,6480
2371,大同,1157,13,1144,福邦證券,2024-02-05,6480
2891,中信金,300,0,300,福邦證券,2024-02-05,6480
2881,富邦金,200,5,195,福邦證券,2024-02-05,6480
3017,奇鋐,164,1,163,福邦證券,2024-02-05,6480
1609,大亞,120,2,118,福邦證券,2024-02-05,6480
4938,和碩,108,0,108,福邦證券,2024-02-05,6480
2301,光寶科,120,18,102,福邦證券,2024-02-05,6480
2365,昆盈,100,0,100,福邦證券,2024-02-05,6480
3034,聯詠,80,0,80,福邦證券,2024-02-05,6480
3680,家登,72,1,71,福邦證券,2024-02-05,6480
2204,中華,60,0,60,福邦證券,2024-02-05,6480
5483,中美晶,60,0,60,福邦證券,2024-02-05,6480
6546,正基,53,0,53,福邦證券,2024-02-05,6480
4908,前鼎,58,6,52,福邦證券,2024-02-05,6480
00715L,期街口布蘭特正2,51,0,51,福邦證券,2024-02-05,6480
5347,世界,50,0,50,福邦證券,2024-02-05,6480
6643,M31,48,0,48,福邦證券,2024-02-05,6480
6742,澤米,49,1,48,福邦證券,2024-02-05,6480
6785,昱展新藥,47,0,47,福邦證券,2024-02-05,6480
6279,胡連,46,0,46,福邦證券,2024-02-05,6480
4960,誠美材,40,0,40,福邦證券,2024-02-05,6480
1799,易威,39,0,39,福邦證券,2024-02-05,6480
2360,致茂,38,0,38,福邦證券,2024-02-05,6480
6488,環球晶,36,0,36,福邦證券,2024-02-05,6480
00919,群益台灣精選高息,43,10,33,福邦證券,2024-02-05,6480
2207,和泰車,32,0,32,福邦證券,2024-02-05,6480
00637L,元大滬深300正2,230,200,30,福邦證券,2024-02-05,6480
00642U,期元大S＆P石油,30,0,30,福邦證券,2024-02-05,6480
6285,啟��,25,0,25,福邦證券,2024-02-05,6480
6121,新普,23,0,23,福邦證券,2024-02-05,6480
6679,鈺太,23,0,23,福邦證券,2024-02-05,6480
00795B,中信美國公債20年,21,0,21,福邦證券,2024-02-05,6480
6026,福邦證,421,400,21,福邦證券,2024-02-05,6480
2609,陽明,20,0,20,福邦證券,2024-02-05,6480
1528,恩德,20,1,19,福邦證券,2024-02-05,6480
2330,台積電,27,8,19,福邦證券,2024-02-05,6480
3294,英濟,19,0,19,福邦證券,2024-02-05,6480
1477,聚陽,17,0,17,福邦證券,2024-02-05,6480
4739,康普,17,0,17,福邦證券,2024-02-05,6480
00680L,元大美債20正2,15,0,15,福邦證券,2024-02-05,6480
8227,巨有科技,15,0,15,福邦證券,2024-02-05,6480
6213,聯茂,15,1,14,福邦證券,2024-02-05,6480
6290,良維,12,0,12,福邦證券,2024-02-05,6480
1710,東聯,10,0,10,福邦證券,2024-02-05,6480
00933B,國泰10Y+金融債,10,0,10,福邦證券,2024-02-05,6480
2383,台光電,10,0,10,福邦證券,2024-02-05,6480
3324,雙鴻,10,0,10,福邦證券,2024-02-05,6480
5609,中菲行,10,0,10,福邦證券,2024-02-05,6480
6274,台燿,15,5,10,福邦證券,2024-02-05,6480
8089,康全電訊,10,0,10,福邦證券,2024-02-05,6480
2371,大同,1156,18,1138,福邦證券,2024-02-15,6480
6026,福邦證,779,306,473,福邦證券,2024-02-15,6480
3376,新日興,258,22,236,福邦證券,2024-02-15,6480
8210,勤誠,158,1,157,福邦證券,2024-02-15,6480
6789,采鈺,150,1,149,福邦證券,2024-02-15,6480
6531,愛普*,109,0,109,福邦證券,2024-02-15,6480
6125,廣運,101,0,101,福邦證券,2024-02-15,6480
00673R,期元大S＆P原油反1,100,0,100,福邦證券,2024-02-15,6480
3701,大眾控,75,0,75,福邦證券,2024-02-15,6480
00795B,中信美國公債20年,73,0,73,福邦證券,2024-02-15,6480
1560,中砂,68,0,68,福邦證券,2024-02-15,6480
4960,誠美材,40,0,40,福邦證券,2024-02-15,6480
5381,合正,50,10,40,福邦證券,2024-02-15,6480
3055,蔚華科,33,0,33,福邦證券,2024-02-15,6480
2342,茂矽,31,0,31,福邦證券,2024-02-15,6480
1584,精剛,30,0,30,福邦證券,2024-02-15,6480
3481,群創,30,0,30,福邦證券,2024-02-15,6480
2377,微星,26,0,26,福邦證券,2024-02-15,6480
00680L,元大美債20正2,65,40,25,福邦證券,2024-02-15,6480
6214,精誠,25,0,25,福邦證券,2024-02-15,6480
6785,昱展新藥,21,0,21,福邦證券,2024-02-15,6480
1760,寶齡富錦,20,0,20,福邦證券,2024-02-15,6480
2323,中環,20,0,20,福邦證券,2024-02-15,6480
2495,普安,20,0,20,福邦證券,2024-02-15,6480
2883,凱基金,20,0,20,福邦證券,2024-02-15,6480
3228,金麗科,21,1,20,福邦證券,2024-02-15,6480
6290,良維,30,10,20,福邦證券,2024-02-15,6480
8040,九暘,20,0,20,福邦證券,2024-02-15,6480
3038,全台,21,3,18,福邦證券,2024-02-15,6480
2329,華泰,20,3,17,福邦證券,2024-02-15,6480
00631L,元大台灣50正2,16,0,16,福邦證券,2024-02-15,6480
00937B,群益ESG投等債20,14,0,14,福邦證券,2024-02-15,6480
1586,和勤,14,0,14,福邦證券,2024-02-15,6480
2254,巨鎧精密-創,13,0,13,福邦證券,2024-02-15,6480
5340,建榮,13,0,13,福邦證券,2024-02-15,6480
2486,一詮,17,5,12,福邦證券,2024-02-15,6480
2352,佳世達,11,0,11,福邦證券,2024-02-15,6480
3105,穩懋,11,0,11,福邦證券,2024-02-15,6480
4739,康普,11,0,11,福邦證券,2024-02-15,6480
2316,楠梓電,10,0,10,福邦證券,2024-02-15,6480
2383,台光電,11,1,10,福邦證券,2024-02-15,6480
3231,緯創,18,8,10,福邦證券,2024-02-15,6480
5609,中菲行,10,0,10,福邦證券,2024-02-15,6480
1528,恩德,9,0,9,福邦證券,2024-02-15,6480
00687B,國泰20年美債,9,0,9,福邦證券,2024-02-15,6480
2355,敬鵬,9,0,9,福邦證券,2024-02-15,6480
2382,廣達,13,4,9,福邦證券,2024-02-15,6480
3631,晟楠,9,0,9,福邦證券,2024-02-15,6480
00751B,元大AAA至A公司債,8,0,8,福邦證券,2024-02-15,6480
2357,華碩,12,4,8,福邦證券,2024-02-15,6480
2371,大同,1503,0,1503,福邦證券,2024-02-16,6480
00671R,富邦NASDAQ反1,590,0,590,福邦證券,2024-02-16,6480
4938,和碩,280,0,280,福邦證券,2024-02-16,6480
1815,富喬,252,4,248,福邦證券,2024-02-16,6480
3017,奇鋐,233,0,233,福邦證券,2024-02-16,6480
2486,一詮,203,0,203,福邦證券,2024-02-16,6480
2354,鴻準,177,0,177,福邦證券,2024-02-16,6480
3035,智原,169,1,168,福邦證券,2024-02-16,6480
6488,環球晶,160,1,159,福邦證券,2024-02-16,6480
6274,台燿,160,1,159,福邦證券,2024-02-16,6480
2301,光寶科,150,0,150,福邦證券,2024-02-16,6480
6147,頎邦,125,0,125,福邦證券,2024-02-16,6480
1503,士電,102,0,102,福邦證券,2024-02-16,6480
2204,中華,100,0,100,福邦證券,2024-02-16,6480
5483,中美晶,100,1,99,福邦證券,2024-02-16,6480
9921,巨大,100,1,99,福邦證券,2024-02-16,6480
5871,中租-KY,91,0,91,福邦證券,2024-02-16,6480
5340,建榮,75,5,70,福邦證券,2024-02-16,6480
6863,永道-KY,70,0,70,福邦證券,2024-02-16,6480
00795B,中信美國公債20年,59,0,59,福邦證券,2024-02-16,6480
6121,新普,56,0,56,福邦證券,2024-02-16,6480
4402,郡都開發,50,0,50,福邦證券,2024-02-16,6480
5381,合正,50,0,50,福邦證券,2024-02-16,6480
5607,遠雄港,50,0,50,福邦證券,2024-02-16,6480
6214,精誠,49,0,49,福邦證券,2024-02-16,6480
2208,台船,40,0,40,福邦證券,2024-02-16,6480
00673R,期元大S＆P原油反1,30,0,30,福邦證券,2024-02-16,6480
3483,力致,30,3,27,福邦證券,2024-02-16,6480
00687B,國泰20年美債,25,0,25,福邦證券,2024-02-16,6480
3715,定穎投控,26,1,25,福邦證券,2024-02-16,6480
8227,巨有科技,23,0,23,福邦證券,2024-02-16,6480
2382,廣達,24,3,21,福邦證券,2024-02-16,6480
00679B,元大美債20年,21,0,21,福邦證券,2024-02-16,6480
00772B,中信高評級公司債,20,0,20,福邦證券,2024-02-16,6480
5609,中菲行,20,0,20,福邦證券,2024-02-16,6480
6546,正基,20,0,20,福邦證券,2024-02-16,6480
8466,美吉吉-KY,20,0,20,福邦證券,2024-02-16,6480
2607,榮運,15,0,15,福邦證券,2024-02-16,6480
3450,聯鈞,15,0,15,福邦證券,2024-02-16,6480
3664,安瑞-KY,15,0,15,福邦證券,2024-02-16,6480
00933B,國泰10Y+金融債,12,0,12,福邦證券,2024-02-16,6480
2367,燿華,12,0,12,福邦證券,2024-02-16,6480
2392,正崴,12,0,12,福邦證券,2024-02-16,6480
3701,大眾控,13,2,11,福邦證券,2024-02-16,6480
5457,宣德,14,3,11,福邦證券,2024-02-16,6480
7402,邑錡,11,0,11,福邦證券,2024-02-16,6480
3481,群創,10,0,10,福邦證券,2024-02-16,6480
00637L,元大滬深300正2,50,40,10,福邦證券,2024-02-16,6480
00722B,群益投資級電信債,10,0,10,福邦證券,2024-02-16,6480
1591,駿吉-KY,10,0,10,福邦證券,2024-02-16,6480
2371,大同,1999,266,1733,福邦證券,2024-02-19,6480
2412,中華電,1250,5,1245,福邦證券,2024-02-19,6480
2408,南亞科,550,0,550,福邦證券,2024-02-19,6480
2365,昆盈,317,0,317,福邦證券,2024-02-19,6480
6290,良維,250,0,250,福邦證券,2024-02-19,6480
2062,橋椿,210,0,210,福邦證券,2024-02-19,6480
6282,康舒,212,13,199,福邦證券,2024-02-19,6480
6138,茂達,180,2,178,福邦證券,2024-02-19,6480
3583,辛耘,158,0,158,福邦證券,2024-02-19,6480
1455,集盛,130,0,130,福邦證券,2024-02-19,6480
9904,寶成,103,0,103,福邦證券,2024-02-19,6480
1513,中興電,203,100,103,福邦證券,2024-02-19,6480
2428,興勤,101,0,101,福邦證券,2024-02-19,6480
3025,星通,102,2,100,福邦證券,2024-02-19,6480
1605,華新,90,10,80,福邦證券,2024-02-19,6480
6202,盛群,70,0,70,福邦證券,2024-02-19,6480
3710,連展投控,53,0,53,福邦證券,2024-02-19,6480
1711,永光,50,0,50,福邦證券,2024-02-19,6480
5347,世界,41,0,41,福邦證券,2024-02-19,6480
2606,裕民,38,1,37,福邦證券,2024-02-19,6480
2891,中信金,38,1,37,福邦證券,2024-02-19,6480
2347,聯強,36,0,36,福邦證券,2024-02-19,6480
3664,安瑞-KY,35,0,35,福邦證券,2024-02-19,6480
6684,安格,29,0,29,福邦證券,2024-02-19,6480
5426,振發,55,30,25,福邦證券,2024-02-19,6480
9938,百和,24,0,24,福邦證券,2024-02-19,6480
6213,聯茂,27,4,23,福邦證券,2024-02-19,6480
2049,上銀,23,1,22,福邦證券,2024-02-19,6480
1477,聚陽,20,0,20,福邦證券,2024-02-19,6480
5457,宣德,20,0,20,福邦證券,2024-02-19,6480
6188,廣明,20,0,20,福邦證券,2024-02-19,6480
6231,系微,20,0,20,福邦證券,2024-02-19,6480
6805,富世達,20,0,20,福邦證券,2024-02-19,6480
8227,巨有科技,20,0,20,福邦證券,2024-02-19,6480
00720B,元大投資級公司債,18,0,18,福邦證券,2024-02-19,6480
00933B,國泰10Y+金融債,17,0,17,福邦證券,2024-02-19,6480
6732,昇佳電子,15,0,15,福邦證券,2024-02-19,6480
00937B,群益ESG投等債20,14,0,14,福邦證券,2024-02-19,6480
6462,神盾,14,0,14,福邦證券,2024-02-19,6480
00637L,元大滬深300正2,63,50,13,福邦證券,2024-02-19,6480
2369,菱生,23,10,13,福邦證券,2024-02-19,6480
3234,光環,12,0,12,福邦證券,2024-02-19,6480
4908,前鼎,31,20,11,福邦證券,2024-02-19,6480
6111,大宇資,10,0,10,福邦證券,2024-02-19,6480
6811,宏�硌穈T,10,0,10,福邦證券,2024-02-19,6480
3231,緯創,14,4,10,福邦證券,2024-02-19,6480
2609,陽明,10,1,9,福邦證券,2024-02-19,6480
3010,華立,8,0,8,福邦證券,2024-02-19,6480
3362,先進光,9,1,8,福邦證券,2024-02-19,6480
4551,智伸科,8,0,8,福邦證券,2024-02-19,6480
2371,大同,2352,13,2339,福邦證券,2024-02-20,6480
3005,神基,200,0,200,福邦證券,2024-02-20,6480
6531,愛普*,185,0,185,福邦證券,2024-02-20,6480
3041,揚智,202,18,184,福邦證券,2024-02-20,6480
4714,永捷,182,22,160,福邦證券,2024-02-20,6480
2368,金像電,159,2,157,福邦證券,2024-02-20,6480
00937B,群益ESG投等債20,133,0,133,福邦證券,2024-02-20,6480
2385,群光,102,0,102,福邦證券,2024-02-20,6480
00885,富邦越南,100,1,99,福邦證券,2024-02-20,6480
8454,富邦媒,82,0,82,福邦證券,2024-02-20,6480
3712,永崴投控,68,2,66,福邦證券,2024-02-20,6480
6535,順藥,60,2,58,福邦證券,2024-02-20,6480
1560,中砂,55,0,55,福邦證券,2024-02-20,6480
6233,旺玖,35,0,35,福邦證券,2024-02-20,6480
00637L,元大滬深300正2,30,0,30,福邦證券,2024-02-20,6480
9105,泰金寶-DR,30,0,30,福邦證券,2024-02-20,6480
2365,昆盈,29,0,29,福邦證券,2024-02-20,6480
2317,鴻海,32,5,27,福邦證券,2024-02-20,6480
2330,台積電,30,9,21,福邦證券,2024-02-20,6480
00720B,元大投資級公司債,20,0,20,福邦證券,2024-02-20,6480
6546,正基,20,0,20,福邦證券,2024-02-20,6480
6462,神盾,18,0,18,福邦證券,2024-02-20,6480
00772B,中信高評級公司債,25,8,17,福邦證券,2024-02-20,6480
1528,恩德,15,0,15,福邦證券,2024-02-20,6480
4556,旭然,15,0,15,福邦證券,2024-02-20,6480
5457,宣德,15,0,15,福邦證券,2024-02-20,6480
6811,宏�硌穈T,15,0,15,福邦證券,2024-02-20,6480
5340,建榮,39,25,14,福邦證券,2024-02-20,6480
8476,台境*,11,0,11,福邦證券,2024-02-20,6480
1471,首利,10,0,10,福邦證券,2024-02-20,6480
00673R,期元大S＆P原油反1,10,0,10,福邦證券,2024-02-20,6480
00753L,中信中國50正2,60,50,10,福邦證券,2024-02-20,6480
2762,世界健身-KY,10,0,10,福邦證券,2024-02-20,6480
2867,三商壽,10,0,10,福邦證券,2024-02-20,6480
3178,公準,11,1,10,福邦證券,2024-02-20,6480
3357,臺慶科,10,0,10,福邦證券,2024-02-20,6480
3588,通嘉,20,10,10,福邦證券,2024-02-20,6480
00923,群益台ESG低碳50,8,0,8,福邦證券,2024-02-20,6480
2467,志聖,8,0,8,福邦證券,2024-02-20,6480
6265,方土昶,8,0,8,福邦證券,2024-02-20,6480
2379,瑞昱,10,3,7,福邦證券,2024-02-20,6480
3363,上詮,29,22,7,福邦證券,2024-02-20,6480
1609,大亞,6,0,6,福邦證券,2024-02-20,6480
00725B,國泰投資級公司債,6,0,6,福邦證券,2024-02-20,6480
3211,順達,6,0,6,福邦證券,2024-02-20,6480
4532,瑞智,6,0,6,福邦證券,2024-02-20,6480
00655L,國泰中國A50正2,40,35,5,福邦證券,2024-02-20,6480
00795B,中信美國公債20年,5,0,5,福邦證券,2024-02-20,6480
1785,光洋科,5,0,5,福邦證券,2024-02-20,6480
3017,奇鋐,5,0,5,福邦證券,2024-02-20,6480
2371,大同,1581,171,1410,福邦證券,2024-02-21,6480
00687B,國泰20年美債,345,0,345,福邦證券,2024-02-21,6480
6121,新普,195,5,190,福邦證券,2024-02-21,6480
3548,兆利,170,0,170,福邦證券,2024-02-21,6480
00650L,復華香港正2,100,0,100,福邦證券,2024-02-21,6480
1513,中興電,108,12,96,福邦證券,2024-02-21,6480
8454,富邦媒,90,0,90,福邦證券,2024-02-21,6480
2354,鴻準,83,0,83,福邦證券,2024-02-21,6480
00937B,群益ESG投等債20,70,4,66,福邦證券,2024-02-21,6480
00933B,國泰10Y+金融債,60,2,58,福邦證券,2024-02-21,6480
00878,國泰永續高股息,52,0,52,福邦證券,2024-02-21,6480
3217,優群,50,1,49,福邦證券,2024-02-21,6480
6165,浪凡,48,1,47,福邦證券,2024-02-21,6480
6282,康舒,36,2,34,福邦證券,2024-02-21,6480
3376,新日興,40,9,31,福邦證券,2024-02-21,6480
00679B,元大美債20年,26,0,26,福邦證券,2024-02-21,6480
3664,安瑞-KY,25,0,25,福邦證券,2024-02-21,6480
2883,凱基金,20,0,20,福邦證券,2024-02-21,6480
3710,連展投控,20,0,20,福邦證券,2024-02-21,6480
6214,精誠,20,0,20,福邦證券,2024-02-21,6480
2365,昆盈,23,6,17,福邦證券,2024-02-21,6480
2891,中信金,20,4,16,福邦證券,2024-02-21,6480
3712,永崴投控,18,2,16,福邦證券,2024-02-21,6480
2613,中櫃,15,0,15,福邦證券,2024-02-21,6480
6679,鈺太,14,0,14,福邦證券,2024-02-21,6480
2101,南港,12,0,12,福邦證券,2024-02-21,6480
3305,昇貿,13,1,12,福邦證券,2024-02-21,6480
4129,聯合,12,0,12,福邦證券,2024-02-21,6480
3363,上詮,48,37,11,福邦證券,2024-02-21,6480
6414,樺漢,11,0,11,福邦證券,2024-02-21,6480
00753L,中信中國50正2,20,10,10,福邦證券,2024-02-21,6480
4763,材料-KY,10,0,10,福邦證券,2024-02-21,6480
5321,美而快,10,0,10,福邦證券,2024-02-21,6480
5452,佶優,14,4,10,福邦證券,2024-02-21,6480
6785,昱展新藥,10,0,10,福邦證券,2024-02-21,6480
8089,康全電訊,10,0,10,福邦證券,2024-02-21,6480
8110,華東,10,0,10,福邦證券,2024-02-21,6480
2355,敬鵬,8,0,8,福邦證券,2024-02-21,6480
2303,聯電,7,0,7,福邦證券,2024-02-21,6480
4529,淳紳,7,0,7,福邦證券,2024-02-21,6480
2476,鉅祥,6,0,6,福邦證券,2024-02-21,6480
3010,華立,6,0,6,福邦證券,2024-02-21,6480
4945,陞達科技,6,0,6,福邦證券,2024-02-21,6480
5521,工信,21,15,6,福邦證券,2024-02-21,6480
1471,首利,5,0,5,福邦證券,2024-02-21,6480
2548,華固,5,0,5,福邦證券,2024-02-21,6480
3005,神基,6,1,5,福邦證券,2024-02-21,6480
3105,穩懋,5,0,5,福邦證券,2024-02-21,6480
3228,金麗科,10,5,5,福邦證券,2024-02-21,6480
3520,華盈,5,0,5,福邦證券,2024-02-21,6480
6026,福邦證,356,10,346,福邦證券,2024-02-22,6480
00687B,國泰20年美債,333,0,333,福邦證券,2024-02-22,6480
3324,雙鴻,212,6,206,福邦證券,2024-02-22,6480
2062,橋椿,200,0,200,福邦證券,2024-02-22,6480
6121,新普,200,0,200,福邦證券,2024-02-22,6480
2329,華泰,203,32,171,福邦證券,2024-02-22,6480
2376,技嘉,162,10,152,福邦證券,2024-02-22,6480
3036,文曄,165,50,115,福邦證券,2024-02-22,6480
3293,鈊象,108,0,108,福邦證券,2024-02-22,6480
00878,國泰永續高股息,101,0,101,福邦證券,2024-02-22,6480
1504,東元,77,0,77,福邦證券,2024-02-22,6480
1560,中砂,79,5,74,福邦證券,2024-02-22,6480
2408,南亞科,72,0,72,福邦證券,2024-02-22,6480
8085,福華,59,0,59,福邦證券,2024-02-22,6480
2436,偉詮電,50,0,50,福邦證券,2024-02-22,6480
6214,精誠,50,0,50,福邦證券,2024-02-22,6480
3711,日月光投控,21,0,21,福邦證券,2024-02-22,6480
5309,系統電,21,0,21,福邦證券,2024-02-22,6480
3357,臺慶科,20,0,20,福邦證券,2024-02-22,6480
3437,榮創,20,0,20,福邦證券,2024-02-22,6480
4967,十銓,20,0,20,福邦證券,2024-02-22,6480
5452,佶優,20,0,20,福邦證券,2024-02-22,6480
6165,浪凡,20,0,20,福邦證券,2024-02-22,6480
6425,易發,21,1,20,福邦證券,2024-02-22,6480
6278,台表科,17,0,17,福邦證券,2024-02-22,6480
00637L,元大滬深300正2,36,20,16,福邦證券,2024-02-22,6480
1773,勝一,16,0,16,福邦證券,2024-02-22,6480
2489,瑞軒,15,0,15,福邦證券,2024-02-22,6480
2610,華航,15,0,15,福邦證券,2024-02-22,6480
3402,漢科,14,0,14,福邦證券,2024-02-22,6480
8084,巨虹,13,0,13,福邦證券,2024-02-22,6480
00632R,元大台灣50反1,12,0,12,福邦證券,2024-02-22,6480
2362,藍天,14,2,12,福邦證券,2024-02-22,6480
2461,光群雷,12,0,12,福邦證券,2024-02-22,6480
3217,優群,12,0,12,福邦證券,2024-02-22,6480
3346,麗清,11,0,11,福邦證券,2024-02-22,6480
6643,M31,11,0,11,福邦證券,2024-02-22,6480
00929,復華台灣科技優息,10,0,10,福邦證券,2024-02-22,6480
00753L,中信中國50正2,50,40,10,福邦證券,2024-02-22,6480
2834,臺企銀,10,0,10,福邦證券,2024-02-22,6480
3303,岱稜,10,0,10,福邦證券,2024-02-22,6480
3520,華盈,10,0,10,福邦證券,2024-02-22,6480
3664,安瑞-KY,10,0,10,福邦證券,2024-02-22,6480
5426,振發,11,1,10,福邦證券,2024-02-22,6480
6158,禾昌,10,0,10,福邦證券,2024-02-22,6480
6290,良維,11,1,10,福邦證券,2024-02-22,6480
9105,泰金寶-DR,10,0,10,福邦證券,2024-02-22,6480
3376,新日興,20,11,9,福邦證券,2024-02-22,6480
2368,金像電,11,3,8,福邦證券,2024-02-22,6480
00795B,中信美國公債20年,7,0,7,福邦證券,2024-02-22,6480
00671R,富邦NASDAQ反1,1380,0,1380,福邦證券,2024-02-23,6480
2371,大同,826,573,253,福邦證券,2024-02-23,6480
2303,聯電,220,0,220,福邦證券,2024-02-23,6480
6121,新普,200,0,200,福邦證券,2024-02-23,6480
1519,華城,364,165,199,福邦證券,2024-02-23,6480
6288,聯嘉,200,2,198,福邦證券,2024-02-23,6480
2241,艾姆勒,168,0,168,福邦證券,2024-02-23,6480
8086,宏捷科,158,0,158,福邦證券,2024-02-23,6480
00878,國泰永續高股息,105,0,105,福邦證券,2024-02-23,6480
3479,安勤,100,0,100,福邦證券,2024-02-23,6480
6214,精誠,100,0,100,福邦證券,2024-02-23,6480
3664,安瑞-KY,55,0,55,福邦證券,2024-02-23,6480
2436,偉詮電,50,0,50,福邦證券,2024-02-23,6480
2329,華泰,50,1,49,福邦證券,2024-02-23,6480
2367,燿華,41,0,41,福邦證券,2024-02-23,6480
8299,群聯,40,0,40,福邦證券,2024-02-23,6480
1605,華新,36,0,36,福邦證券,2024-02-23,6480
00933B,國泰10Y+金融債,33,0,33,福邦證券,2024-02-23,6480
1609,大亞,30,0,30,福邦證券,2024-02-23,6480
2618,長榮航,30,0,30,福邦證券,2024-02-23,6480
6165,浪凡,30,0,30,福邦證券,2024-02-23,6480
1560,中砂,33,3,30,福邦證券,2024-02-23,6480
2365,昆盈,29,0,29,福邦證券,2024-02-23,6480
00637L,元大滬深300正2,30,5,25,福邦證券,2024-02-23,6480
2634,漢翔,25,0,25,福邦證券,2024-02-23,6480
3481,群創,27,2,25,福邦證券,2024-02-23,6480
6742,澤米,26,1,25,福邦證券,2024-02-23,6480
1504,東元,30,7,23,福邦證券,2024-02-23,6480
8085,福華,73,51,22,福邦證券,2024-02-23,6480
2059,川湖,28,7,21,福邦證券,2024-02-23,6480
4967,十銓,22,1,21,福邦證券,2024-02-23,6480
2356,英業達,23,3,20,福邦證券,2024-02-23,6480
9939,宏全,20,0,20,福邦證券,2024-02-23,6480
5426,振發,20,1,19,福邦證券,2024-02-23,6480
3217,優群,18,0,18,福邦證券,2024-02-23,6480
00679B,元大美債20年,17,0,17,福邦證券,2024-02-23,6480
1785,光洋科,17,0,17,福邦證券,2024-02-23,6480
3228,金麗科,16,0,16,福邦證券,2024-02-23,6480
00687B,國泰20年美債,31,16,15,福邦證券,2024-02-23,6480
8040,九暘,15,0,15,福邦證券,2024-02-23,6480
8114,振樺電,15,1,14,福邦證券,2024-02-23,6480
2405,輔信,15,2,13,福邦證券,2024-02-23,6480
5457,宣德,20,7,13,福邦證券,2024-02-23,6480
00680L,元大美債20正2,20,10,10,福邦證券,2024-02-23,6480
00753L,中信中國50正2,20,10,10,福邦證券,2024-02-23,6480
2049,上銀,10,0,10,福邦證券,2024-02-23,6480
3466,德晉,10,0,10,福邦證券,2024-02-23,6480
3712,永崴投控,10,0,10,福邦證券,2024-02-23,6480
3008,大立光,8,0,8,福邦證券,2024-02-23,6480
5263,智崴,10,2,8,福邦證券,2024-02-23,6480
2371,大同,2656,22,2634,福邦證券,2024-02-26,6480
00687B,國泰20年美債,970,3,967,福邦證券,2024-02-26,6480
00679B,元大美債20年,670,2,668,福邦證券,2024-02-26,6480
1514,亞力,827,304,523,福邦證券,2024-02-26,6480
00795B,中信美國公債20年,330,0,330,福邦證券,2024-02-26,6480
00878,國泰永續高股息,258,1,257,福邦證券,2024-02-26,6480
6208,日揚,174,0,174,福邦證券,2024-02-26,6480
2329,華泰,160,1,159,福邦證券,2024-02-26,6480
6239,力成,159,1,158,福邦證券,2024-02-26,6480
1717,長興,103,4,99,福邦證券,2024-02-26,6480
3163,波若威,100,8,92,福邦證券,2024-02-26,6480
3615,安可,70,0,70,福邦證券,2024-02-26,6480
3296,勝德,50,0,50,福邦證券,2024-02-26,6480
4746,台耀,50,0,50,福邦證券,2024-02-26,6480
6214,精誠,50,0,50,福邦證券,2024-02-26,6480
5443,均豪,40,0,40,福邦證券,2024-02-26,6480
6419,京晨科,40,0,40,福邦證券,2024-02-26,6480
8092,建暐,36,0,36,福邦證券,2024-02-26,6480
3047,訊舟,35,0,35,福邦證券,2024-02-26,6480
3293,鈊象,32,1,31,福邦證券,2024-02-26,6480
1460,宏遠,30,0,30,福邦證券,2024-02-26,6480
2344,華邦電,30,0,30,福邦證券,2024-02-26,6480
4933,友輝,30,0,30,福邦證券,2024-02-26,6480
3481,群創,29,0,29,福邦證券,2024-02-26,6480
3324,雙鴻,26,0,26,福邦證券,2024-02-26,6480
6679,鈺太,24,0,24,福邦證券,2024-02-26,6480
4967,十銓,23,0,23,福邦證券,2024-02-26,6480
6138,茂達,23,0,23,福邦證券,2024-02-26,6480
8936,國統,27,5,22,福邦證券,2024-02-26,6480
3712,永崴投控,31,11,20,福邦證券,2024-02-26,6480
4109,加捷生醫,20,0,20,福邦證券,2024-02-26,6480
4707,磐亞,31,11,20,福邦證券,2024-02-26,6480
2360,致茂,20,1,19,福邦證券,2024-02-26,6480
8040,九暘,20,3,17,福邦證券,2024-02-26,6480
2101,南港,15,0,15,福邦證券,2024-02-26,6480
5434,崇越,15,0,15,福邦證券,2024-02-26,6480
2436,偉詮電,15,1,14,福邦證券,2024-02-26,6480
2476,鉅祥,12,0,12,福邦證券,2024-02-26,6480
3217,優群,12,0,12,福邦證券,2024-02-26,6480
00933B,國泰10Y+金融債,11,0,11,福邦證券,2024-02-26,6480
00885,富邦越南,11,0,11,福邦證券,2024-02-26,6480
6438,迅得,11,0,11,福邦證券,2024-02-26,6480
00919,群益台灣精選高息,10,0,10,福邦證券,2024-02-26,6480
2355,敬鵬,12,2,10,福邦證券,2024-02-26,6480
3231,緯創,17,7,10,福邦證券,2024-02-26,6480
5328,華容,10,0,10,福邦證券,2024-02-26,6480
6166,凌華,10,0,10,福邦證券,2024-02-26,6480
8064,東捷,10,0,10,福邦證券,2024-02-26,6480
00633L,富邦上証正2,65,57,8,福邦證券,2024-02-26,6480
3710,連展投控,8,0,8,福邦證券,2024-02-26,6480
2371,大同,3108,313,2795,福邦證券,2024-02-27,6480
5483,中美晶,588,1,587,福邦證券,2024-02-27,6480
2382,廣達,323,13,310,福邦證券,2024-02-27,6480
2368,金像電,325,75,250,福邦證券,2024-02-27,6480
1503,士電,160,2,158,福邦證券,2024-02-27,6480
4960,誠美材,150,0,150,福邦證券,2024-02-27,6480
5871,中租-KY,120,0,120,福邦證券,2024-02-27,6480
6121,新普,104,0,104,福邦證券,2024-02-27,6480
2301,光寶科,104,3,101,福邦證券,2024-02-27,6480
3376,新日興,100,0,100,福邦證券,2024-02-27,6480
3005,神基,100,4,96,福邦證券,2024-02-27,6480
8454,富邦媒,90,0,90,福邦證券,2024-02-27,6480
3596,智易,80,1,79,福邦證券,2024-02-27,6480
3615,安可,70,0,70,福邦證券,2024-02-27,6480
1514,亞力,61,5,56,福邦證券,2024-02-27,6480
1609,大亞,101,50,51,福邦證券,2024-02-27,6480
1560,中砂,52,2,50,福邦證券,2024-02-27,6480
00929,復華台灣科技優息,57,10,47,福邦證券,2024-02-27,6480
8358,金居,40,0,40,福邦證券,2024-02-27,6480
2454,聯發科,53,18,35,福邦證券,2024-02-27,6480
00937B,群益ESG投等債20,30,0,30,福邦證券,2024-02-27,6480
2241,艾姆勒,30,0,30,福邦證券,2024-02-27,6480
00885,富邦越南,30,1,29,福邦證券,2024-02-27,6480
2303,聯電,28,0,28,福邦證券,2024-02-27,6480
2888,新光金,32,5,27,福邦證券,2024-02-27,6480
3479,安勤,31,4,27,福邦證券,2024-02-27,6480
2367,燿華,20,0,20,福邦證券,2024-02-27,6480
2436,偉詮電,25,5,20,福邦證券,2024-02-27,6480
3563,牧德,20,0,20,福邦證券,2024-02-27,6480
6278,台表科,20,0,20,福邦證券,2024-02-27,6480
6425,易發,20,0,20,福邦證券,2024-02-27,6480
6026,福邦證,20,1,19,福邦證券,2024-02-27,6480
2467,志聖,18,0,18,福邦證券,2024-02-27,6480
3037,欣興,24,7,17,福邦證券,2024-02-27,6480
6226,光鼎,17,0,17,福邦證券,2024-02-27,6480
9105,泰金寶-DR,15,0,15,福邦證券,2024-02-27,6480
3631,晟楠,13,0,13,福邦證券,2024-02-27,6480
6761,穩得,13,0,13,福邦證券,2024-02-27,6480
1815,富喬,11,0,11,福邦證券,2024-02-27,6480
2486,一詮,27,16,11,福邦證券,2024-02-27,6480
2884,玉山金,11,0,11,福邦證券,2024-02-27,6480
2363,矽統,11,1,10,福邦證券,2024-02-27,6480
00753L,中信中國50正2,10,0,10,福邦證券,2024-02-27,6480
00878,國泰永續高股息,10,0,10,福邦證券,2024-02-27,6480
00918,大華優利高填息30,10,0,10,福邦證券,2024-02-27,6480
1773,勝一,10,0,10,福邦證券,2024-02-27,6480
2062,橋椿,10,0,10,福邦證券,2024-02-27,6480
2328,廣宇,10,0,10,福邦證券,2024-02-27,6480
2489,瑞軒,10,0,10,福邦證券,2024-02-27,6480
2607,榮運,10,0,10,福邦證券,2024-02-27,6480
2371,大同,1221,101,1120,福邦證券,2024-02-29,6480
3005,神基,250,50,200,福邦證券,2024-02-29,6480
1513,中興電,463,269,194,福邦證券,2024-02-29,6480
2408,南亞科,101,0,101,福邦證券,2024-02-29,6480
4912,聯德控股-KY,90,0,90,福邦證券,2024-02-29,6480
1714,和桐,80,0,80,福邦證券,2024-02-29,6480
3615,安可,80,0,80,福邦證券,2024-02-29,6480
2303,聯電,80,1,79,福邦證券,2024-02-29,6480
8092,建暐,76,0,76,福邦證券,2024-02-29,6480
00929,復華台灣科技優息,60,0,60,福邦證券,2024-02-29,6480
3324,雙鴻,60,3,57,福邦證券,2024-02-29,6480
2352,佳世達,50,0,50,福邦證券,2024-02-29,6480
4746,台耀,50,0,50,福邦證券,2024-02-29,6480
3268,海德威,46,0,46,福邦證券,2024-02-29,6480
2347,聯強,42,0,42,福邦證券,2024-02-29,6480
6226,光鼎,40,0,40,福邦證券,2024-02-29,6480
00933B,國泰10Y+金融債,37,0,37,福邦證券,2024-02-29,6480
2324,仁寶,39,4,35,福邦證券,2024-02-29,6480
2379,瑞昱,41,6,35,福邦證券,2024-02-29,6480
5871,中租-KY,30,0,30,福邦證券,2024-02-29,6480
3055,蔚華科,26,0,26,福邦證券,2024-02-29,6480
00937B,群益ESG投等債20,25,0,25,福邦證券,2024-02-29,6480
9942,茂順,25,0,25,福邦證券,2024-02-29,6480
3712,永崴投控,27,2,25,福邦證券,2024-02-29,6480
3231,緯創,27,5,22,福邦證券,2024-02-29,6480
1514,亞力,52,31,21,福邦證券,2024-02-29,6480
2883,凱基金,20,0,20,福邦證券,2024-02-29,6480
2739,寒舍,18,0,18,福邦證券,2024-02-29,6480
2002,中鋼,18,0,18,福邦證券,2024-02-29,6480
2476,鉅祥,18,1,17,福邦證券,2024-02-29,6480
4755,三福化,16,0,16,福邦證券,2024-02-29,6480
00640L,富邦日本正2,25,10,15,福邦證券,2024-02-29,6480
5306,桂盟,15,0,15,福邦證券,2024-02-29,6480
6679,鈺太,14,0,14,福邦證券,2024-02-29,6480
1586,和勤,13,1,12,福邦證券,2024-02-29,6480
2241,艾姆勒,12,0,12,福邦證券,2024-02-29,6480
3354,律勝,16,4,12,福邦證券,2024-02-29,6480
3363,上詮,13,1,12,福邦證券,2024-02-29,6480
3189,景碩,11,0,11,福邦證券,2024-02-29,6480
00687B,國泰20年美債,10,0,10,福邦證券,2024-02-29,6480
2049,上銀,11,1,10,福邦證券,2024-02-29,6480
3481,群創,10,0,10,福邦證券,2024-02-29,6480
6173,信昌電,10,0,10,福邦證券,2024-02-29,6480
6231,系微,10,0,10,福邦證券,2024-02-29,6480
6274,台燿,12,2,10,福邦證券,2024-02-29,6480
1795,美時,12,3,9,福邦證券,2024-02-29,6480
3047,訊舟,9,0,9,福邦證券,2024-02-29,6480
3631,晟楠,9,0,9,福邦證券,2024-02-29,6480
2308,台達電,10,2,8,福邦證券,2024-02-29,6480
2605,新興,9,1,8,福邦證券,2024-02-29,6480
2371,大同,3487,77,3410,福邦證券,2024-03-01,6480
1513,中興電,618,12,606,福邦證券,2024-03-01,6480
2891,中信金,220,0,220,福邦證券,2024-03-01,6480
6271,同欣電,161,1,160,福邦證券,2024-03-01,6480
6239,力成,159,0,159,福邦證券,2024-03-01,6480
2383,台光電,158,4,154,福邦證券,2024-03-01,6480
3324,雙鴻,130,0,130,福邦證券,2024-03-01,6480
2258,鴻華先進-創,102,0,102,福邦證券,2024-03-01,6480
3615,安可,90,0,90,福邦證券,2024-03-01,6480
4130,健亞,86,0,86,福邦證券,2024-03-01,6480
8092,建暐,83,5,78,福邦證券,2024-03-01,6480
2634,漢翔,70,0,70,福邦證券,2024-03-01,6480
00688L,國泰20年美債正2,60,0,60,福邦證券,2024-03-01,6480
5876,上海商銀,60,0,60,福邦證券,2024-03-01,6480
3443,創意,48,0,48,福邦證券,2024-03-01,6480
3712,永崴投控,47,0,47,福邦證券,2024-03-01,6480
1714,和桐,31,0,31,福邦證券,2024-03-01,6480
3013,晟銘電,30,0,30,福邦證券,2024-03-01,6480
9105,泰金寶-DR,30,0,30,福邦證券,2024-03-01,6480
6208,日揚,28,0,28,福邦證券,2024-03-01,6480
00937B,群益ESG投等債20,27,0,27,福邦證券,2024-03-01,6480
00720B,元大投資級公司債,22,0,22,福邦證券,2024-03-01,6480
3587,閎康,23,1,22,福邦證券,2024-03-01,6480
4303,信立,41,20,21,福邦證券,2024-03-01,6480
6761,穩得,21,0,21,福邦證券,2024-03-01,6480
1605,華新,20,0,20,福邦證券,2024-03-01,6480
1727,中華化,20,0,20,福邦證券,2024-03-01,6480
3045,台灣大,20,0,20,福邦證券,2024-03-01,6480
3491,昇達科,20,0,20,福邦證券,2024-03-01,6480
5521,工信,20,0,20,福邦證券,2024-03-01,6480
3231,緯創,25,8,17,福邦證券,2024-03-01,6480
5234,達興材料,15,0,15,福邦證券,2024-03-01,6480
2421,建準,15,1,14,福邦證券,2024-03-01,6480
2739,寒舍,12,0,12,福邦證券,2024-03-01,6480
6742,澤米,12,0,12,福邦證券,2024-03-01,6480
2609,陽明,12,1,11,福邦證券,2024-03-01,6480
4908,前鼎,11,0,11,福邦證券,2024-03-01,6480
2241,艾姆勒,10,0,10,福邦證券,2024-03-01,6480
00919,群益台灣精選高息,11,1,10,福邦證券,2024-03-01,6480
00753L,中信中國50正2,20,10,10,福邦證券,2024-03-01,6480
2607,榮運,10,0,10,福邦證券,2024-03-01,6480
4763,材料-KY,12,2,10,福邦證券,2024-03-01,6480
6488,環球晶,10,0,10,福邦證券,2024-03-01,6480
00751B,元大AAA至A公司債,9,0,9,福邦證券,2024-03-01,6480
2308,台達電,9,0,9,福邦證券,2024-03-01,6480
4707,磐亞,14,5,9,福邦證券,2024-03-01,6480
3588,通嘉,9,2,7,福邦證券,2024-03-01,6480
6274,台燿,11,4,7,福邦證券,2024-03-01,6480
8936,國統,9,2,7,福邦證券,2024-03-01,6480
1618,合機,12,6,6,福邦證券,2024-03-01,6480
2324,仁寶,3680,22,3658,福邦證券,2024-03-04,6480
2371,大同,2433,19,2414,福邦證券,2024-03-04,6480
00671R,富邦NASDAQ反1,1320,2,1318,福邦證券,2024-03-04,6480
3376,新日興,240,0,240,福邦證券,2024-03-04,6480
1513,中興電,168,2,166,福邦證券,2024-03-04,6480
3017,奇鋐,158,1,157,福邦證券,2024-03-04,6480
1504,東元,153,0,153,福邦證券,2024-03-04,6480
2428,興勤,107,0,107,福邦證券,2024-03-04,6480
00637L,元大滬深300正2,105,11,94,福邦證券,2024-03-04,6480
00632R,元大台灣50反1,104,10,94,福邦證券,2024-03-04,6480
3689,湧德,82,2,80,福邦證券,2024-03-04,6480
1815,富喬,76,0,76,福邦證券,2024-03-04,6480
2230,泰茂,71,6,65,福邦證券,2024-03-04,6480
00919,群益台灣精選高息,57,2,55,福邦證券,2024-03-04,6480
2344,華邦電,50,0,50,福邦證券,2024-03-04,6480
8092,建暐,47,1,46,福邦證券,2024-03-04,6480
3052,夆典,40,0,40,福邦證券,2024-03-04,6480
2317,鴻海,51,16,35,福邦證券,2024-03-04,6480
1714,和桐,30,0,30,福邦證券,2024-03-04,6480
6202,盛群,30,0,30,福邦證券,2024-03-04,6480
3362,先進光,29,0,29,福邦證券,2024-03-04,6480
1609,大亞,28,0,28,福邦證券,2024-03-04,6480
2308,台達電,30,5,25,福邦證券,2024-03-04,6480
4763,材料-KY,29,8,21,福邦證券,2024-03-04,6480
2059,川湖,20,0,20,福邦證券,2024-03-04,6480
3051,力特,20,0,20,福邦證券,2024-03-04,6480
1589,永冠-KY,18,0,18,福邦證券,2024-03-04,6480
1409,新纖,17,0,17,福邦證券,2024-03-04,6480
2739,寒舍,17,0,17,福邦證券,2024-03-04,6480
3231,緯創,50,33,17,福邦證券,2024-03-04,6480
00712,復華富時不動產,15,0,15,福邦證券,2024-03-04,6480
6578,達邦蛋白,11,0,11,福邦證券,2024-03-04,6480
2609,陽明,10,0,10,福邦證券,2024-03-04,6480
3491,昇達科,10,0,10,福邦證券,2024-03-04,6480
4951,精拓科,10,0,10,福邦證券,2024-03-04,6480
6104,創惟,10,0,10,福邦證券,2024-03-04,6480
6120,達運,45,35,10,福邦證券,2024-03-04,6480
6462,神盾,11,1,10,福邦證券,2024-03-04,6480
8936,國統,13,3,10,福邦證券,2024-03-04,6480
00751B,元大AAA至A公司債,9,0,9,福邦證券,2024-03-04,6480
6146,耕興,9,0,9,福邦證券,2024-03-04,6480
00918,大華優利高填息30,8,0,8,福邦證券,2024-03-04,6480
3209,全科,8,0,8,福邦證券,2024-03-04,6480
3518,柏騰,8,0,8,福邦證券,2024-03-04,6480
4707,磐亞,16,8,8,福邦證券,2024-03-04,6480
6288,聯嘉,10,2,8,福邦證券,2024-03-04,6480
1301,台塑,7,0,7,福邦證券,2024-03-04,6480
2356,英業達,7,0,7,福邦證券,2024-03-04,6480
2382,廣達,10,3,7,福邦證券,2024-03-04,6480
00720B,元大投資級公司債,10,4,6,福邦證券,2024-03-04,6480
2301,光寶科,440,6,434,福邦證券,2024-03-05,6480
6026,福邦證,459,41,418,福邦證券,2024-03-05,6480
2408,南亞科,283,0,283,福邦證券,2024-03-05,6480
2371,大同,267,20,247,福邦證券,2024-03-05,6480
2855,統一證,240,0,240,福邦證券,2024-03-05,6480
2324,仁寶,234,0,234,福邦證券,2024-03-05,6480
3376,新日興,205,40,165,福邦證券,2024-03-05,6480
3035,智原,162,3,159,福邦證券,2024-03-05,6480
4938,和碩,138,0,138,福邦證券,2024-03-05,6480
2317,鴻海,107,0,107,福邦證券,2024-03-05,6480
2382,廣達,109,2,107,福邦證券,2024-03-05,6480
8085,福華,100,0,100,福邦證券,2024-03-05,6480
3044,健鼎,90,0,90,福邦證券,2024-03-05,6480
1587,吉茂,60,0,60,福邦證券,2024-03-05,6480
4971,IET-KY,51,0,51,福邦證券,2024-03-05,6480
5388,中磊,56,10,46,福邦證券,2024-03-05,6480
3362,先進光,34,0,34,福邦證券,2024-03-05,6480
2489,瑞軒,31,0,31,福邦證券,2024-03-05,6480
1714,和桐,30,0,30,福邦證券,2024-03-05,6480
00673R,期元大S＆P原油反1,30,0,30,福邦證券,2024-03-05,6480
2368,金像電,32,4,28,福邦證券,2024-03-05,6480
3293,鈊象,28,0,28,福邦證券,2024-03-05,6480
4739,康普,27,0,27,福邦證券,2024-03-05,6480
6488,環球晶,22,0,22,福邦證券,2024-03-05,6480
2385,群光,20,0,20,福邦證券,2024-03-05,6480
3005,神基,20,0,20,福邦證券,2024-03-05,6480
6164,華興,20,0,20,福邦證券,2024-03-05,6480
8476,台境*,18,0,18,福邦證券,2024-03-05,6480
8227,巨有科技,20,3,17,福邦證券,2024-03-05,6480
6120,達運,50,34,16,福邦證券,2024-03-05,6480
2204,中華,20,5,15,福邦證券,2024-03-05,6480
2344,華邦電,40,25,15,福邦證券,2024-03-05,6480
5263,智崴,15,0,15,福邦證券,2024-03-05,6480
8446,華研,15,0,15,福邦證券,2024-03-05,6480
2888,新光金,13,0,13,福邦證券,2024-03-05,6480
3231,緯創,222,209,13,福邦證券,2024-03-05,6480
00937B,群益ESG投等債20,20,7,13,福邦證券,2024-03-05,6480
00679B,元大美債20年,13,0,13,福邦證券,2024-03-05,6480
3515,華擎,12,0,12,福邦證券,2024-03-05,6480
00751B,元大AAA至A公司債,11,0,11,福邦證券,2024-03-05,6480
8147,正淩,12,1,11,福邦證券,2024-03-05,6480
2230,泰茂,10,0,10,福邦證券,2024-03-05,6480
2610,華航,10,0,10,福邦證券,2024-03-05,6480
2867,三商壽,10,0,10,福邦證券,2024-03-05,6480
4545,銘鈺,15,5,10,福邦證券,2024-03-05,6480
3013,晟銘電,53,44,9,福邦證券,2024-03-05,6480
6770,力積電,10,1,9,福邦證券,2024-03-05,6480
8016,矽創,9,0,9,福邦證券,2024-03-05,6480
2739,寒舍,8,0,8,福邦證券,2024-03-05,6480
3027,盛達,8,0,8,福邦證券,2024-03-05,6480
00687B,國泰20年美債,630,0,630,福邦證券,2024-03-06,6480
2317,鴻海,601,55,546,福邦證券,2024-03-06,6480
3013,晟銘電,423,6,417,福邦證券,2024-03-06,6480
3450,聯鈞,232,0,232,福邦證券,2024-03-06,6480
6161,捷波,200,0,200,福邦證券,2024-03-06,6480
2428,興勤,160,0,160,福邦證券,2024-03-06,6480
2890,永豐金,100,0,100,福邦證券,2024-03-06,6480
00712,復華富時不動產,80,0,80,福邦證券,2024-03-06,6480
3376,新日興,74,0,74,福邦證券,2024-03-06,6480
6535,順藥,70,0,70,福邦證券,2024-03-06,6480
6026,福邦證,72,6,66,福邦證券,2024-03-06,6480
2308,台達電,70,9,61,福邦證券,2024-03-06,6480
2059,川湖,45,2,43,福邦證券,2024-03-06,6480
2404,漢唐,65,25,40,福邦證券,2024-03-06,6480
3324,雙鴻,30,0,30,福邦證券,2024-03-06,6480
4908,前鼎,31,1,30,福邦證券,2024-03-06,6480
3231,緯創,240,211,29,福邦證券,2024-03-06,6480
3491,昇達科,28,0,28,福邦證券,2024-03-06,6480
6120,達運,63,35,28,福邦證券,2024-03-06,6480
3017,奇鋐,139,112,27,福邦證券,2024-03-06,6480
8476,台境*,27,0,27,福邦證券,2024-03-06,6480
3055,蔚華科,26,0,26,福邦證券,2024-03-06,6480
1457,宜進,25,0,25,福邦證券,2024-03-06,6480
3023,信邦,25,0,25,福邦證券,2024-03-06,6480
00753L,中信中國50正2,20,0,20,福邦證券,2024-03-06,6480
3479,安勤,20,0,20,福邦證券,2024-03-06,6480
5469,瀚宇博,20,0,20,福邦證券,2024-03-06,6480
2312,金寶,20,2,18,福邦證券,2024-03-06,6480
5284,jpp-KY,18,0,18,福邦證券,2024-03-06,6480
3169,亞信,17,0,17,福邦證券,2024-03-06,6480
5340,建榮,17,0,17,福邦證券,2024-03-06,6480
6451,訊芯-KY,17,0,17,福邦證券,2024-03-06,6480
4746,台耀,16,0,16,福邦證券,2024-03-06,6480
2355,敬鵬,15,0,15,福邦證券,2024-03-06,6480
6164,華興,15,0,15,福邦證券,2024-03-06,6480
6616,特昇-KY,15,0,15,福邦證券,2024-03-06,6480
6235,華孚,12,0,12,福邦證券,2024-03-06,6480
3131,弘塑,13,1,12,福邦證券,2024-03-06,6480
1589,永冠-KY,12,1,11,福邦證券,2024-03-06,6480
2204,中華,12,1,11,福邦證券,2024-03-06,6480
3338,泰碩,11,0,11,福邦證券,2024-03-06,6480
8092,建暐,11,0,11,福邦證券,2024-03-06,6480
8227,巨有科技,11,0,11,福邦證券,2024-03-06,6480
1524,耿鼎,10,0,10,福邦證券,2024-03-06,6480
00918,大華優利高填息30,10,0,10,福邦證券,2024-03-06,6480
3689,湧德,16,6,10,福邦證券,2024-03-06,6480
6117,迎廣,15,5,10,福邦證券,2024-03-06,6480
6197,佳必琪,10,0,10,福邦證券,2024-03-06,6480
8299,群聯,10,0,10,福邦證券,2024-03-06,6480
8464,億豐,10,0,10,福邦證券,2024-03-06,6480
1717,長興,315,12,303,福邦證券,2024-03-07,6480
3260,威剛,201,0,201,福邦證券,2024-03-07,6480
3017,奇鋐,160,13,147,福邦證券,2024-03-07,6480
4909,新復興,100,0,100,福邦證券,2024-03-07,6480
00687B,國泰20年美債,80,0,80,福邦證券,2024-03-07,6480
2388,威盛,77,1,76,福邦證券,2024-03-07,6480
2368,金像電,68,0,68,福邦證券,2024-03-07,6480
2454,聯發科,58,1,57,福邦證券,2024-03-07,6480
1714,和桐,56,0,56,福邦證券,2024-03-07,6480
2449,京元電子,57,3,54,福邦證券,2024-03-07,6480
4746,台耀,53,1,52,福邦證券,2024-03-07,6480
2352,佳世達,51,0,51,福邦證券,2024-03-07,6480
3308,聯德,50,0,50,福邦證券,2024-03-07,6480
3325,旭品,54,5,49,福邦證券,2024-03-07,6480
8011,台通,46,0,46,福邦證券,2024-03-07,6480
2344,華邦電,40,0,40,福邦證券,2024-03-07,6480
2912,統一超,40,0,40,福邦證券,2024-03-07,6480
3479,安勤,42,2,40,福邦證券,2024-03-07,6480
2371,大同,38,2,36,福邦證券,2024-03-07,6480
3551,世禾,35,0,35,福邦證券,2024-03-07,6480
00918,大華優利高填息30,33,0,33,福邦證券,2024-03-07,6480
4739,康普,33,0,33,福邦證券,2024-03-07,6480
6535,順藥,32,0,32,福邦證券,2024-03-07,6480
2317,鴻海,32,2,30,福邦證券,2024-03-07,6480
3013,晟銘電,31,1,30,福邦證券,2024-03-07,6480
2312,金寶,30,1,29,福邦證券,2024-03-07,6480
9958,世紀鋼,34,7,27,福邦證券,2024-03-07,6480
2330,台積電,37,11,26,福邦證券,2024-03-07,6480
4938,和碩,25,0,25,福邦證券,2024-03-07,6480
2385,群光,24,0,24,福邦證券,2024-03-07,6480
00673R,期元大S＆P原油反1,20,0,20,福邦證券,2024-03-07,6480
3346,麗清,20,0,20,福邦證券,2024-03-07,6480
6166,凌華,20,0,20,福邦證券,2024-03-07,6480
3605,宏致,19,0,19,福邦證券,2024-03-07,6480
3188,鑫龍騰,17,0,17,福邦證券,2024-03-07,6480
1815,富喬,17,1,16,福邦證券,2024-03-07,6480
3376,新日興,157,141,16,福邦證券,2024-03-07,6480
8097,常珵,15,0,15,福邦證券,2024-03-07,6480
3313,斐成,14,0,14,福邦證券,2024-03-07,6480
4532,瑞智,19,5,14,福邦證券,2024-03-07,6480
2486,一詮,30,18,12,福邦證券,2024-03-07,6480
1609,大亞,12,1,11,福邦證券,2024-03-07,6480
2254,巨鎧精密-創,24,13,11,福邦證券,2024-03-07,6480
3052,夆典,11,0,11,福邦證券,2024-03-07,6480
1587,吉茂,10,0,10,福邦證券,2024-03-07,6480
2356,英業達,10,0,10,福邦證券,2024-03-07,6480
2606,裕民,10,0,10,福邦證券,2024-03-07,6480
4770,上品,10,0,10,福邦證券,2024-03-07,6480
7402,邑錡,10,0,10,福邦證券,2024-03-07,6480
8048,德勝,10,0,10,福邦證券,2024-03-07,6480
5483,中美晶,503,5,498,福邦證券,2024-03-08,6480
2834,臺企銀,300,31,269,福邦證券,2024-03-08,6480
3017,奇鋐,266,1,265,福邦證券,2024-03-08,6480
2301,光寶科,260,20,240,福邦證券,2024-03-08,6480
3034,聯詠,159,1,158,福邦證券,2024-03-08,6480
2354,鴻準,100,0,100,福邦證券,2024-03-08,6480
4971,IET-KY,61,0,61,福邦證券,2024-03-08,6480
00919,群益台灣精選高息,97,39,58,福邦證券,2024-03-08,6480
1513,中興電,57,9,48,福邦證券,2024-03-08,6480
3051,力特,45,0,45,福邦證券,2024-03-08,6480
9941,裕融,42,0,42,福邦證券,2024-03-08,6480
6535,順藥,41,0,41,福邦證券,2024-03-08,6480
3289,宜特,38,0,38,福邦證券,2024-03-08,6480
2330,台積電,115,83,32,福邦證券,2024-03-08,6480
8092,建暐,30,0,30,福邦證券,2024-03-08,6480
9938,百和,30,0,30,福邦證券,2024-03-08,6480
4557,永新-KY,29,0,29,福邦證券,2024-03-08,6480
2324,仁寶,23,0,23,福邦證券,2024-03-08,6480
3491,昇達科,30,8,22,福邦證券,2024-03-08,6480
2017,官田鋼,20,0,20,福邦證券,2024-03-08,6480
2031,新光鋼,20,0,20,福邦證券,2024-03-08,6480
3228,金麗科,20,0,20,福邦證券,2024-03-08,6480
3357,臺慶科,20,0,20,福邦證券,2024-03-08,6480
3512,皇龍,20,0,20,福邦證券,2024-03-08,6480
5521,工信,20,0,20,福邦證券,2024-03-08,6480
6109,亞元,20,0,20,福邦證券,2024-03-08,6480
9902,台火,20,0,20,福邦證券,2024-03-08,6480
00937B,群益ESG投等債20,21,3,18,福邦證券,2024-03-08,6480
4543,萬在,18,0,18,福邦證券,2024-03-08,6480
6016,康和證,20,2,18,福邦證券,2024-03-08,6480
6679,鈺太,17,0,17,福邦證券,2024-03-08,6480
00857B,永豐20年美公債,16,0,16,福邦證券,2024-03-08,6480
6121,新普,16,0,16,福邦證券,2024-03-08,6480
5284,jpp-KY,16,1,15,福邦證券,2024-03-08,6480
5905,南仁湖,15,0,15,福邦證券,2024-03-08,6480
6233,旺玖,15,0,15,福邦證券,2024-03-08,6480
3006,晶豪科,14,0,14,福邦證券,2024-03-08,6480
2606,裕民,13,0,13,福邦證券,2024-03-08,6480
1457,宜進,12,0,12,福邦證券,2024-03-08,6480
1301,台塑,12,0,12,福邦證券,2024-03-08,6480
2739,寒舍,11,0,11,福邦證券,2024-03-08,6480
1471,首利,10,0,10,福邦證券,2024-03-08,6480
1609,大亞,10,0,10,福邦證券,2024-03-08,6480
1785,光洋科,10,0,10,福邦證券,2024-03-08,6480
3188,鑫龍騰,10,0,10,福邦證券,2024-03-08,6480
3294,英濟,10,0,10,福邦證券,2024-03-08,6480
3664,安瑞-KY,10,0,10,福邦證券,2024-03-08,6480
4510,高鋒,10,0,10,福邦證券,2024-03-08,6480
4903,聯光通,10,0,10,福邦證券,2024-03-08,6480
6104,創惟,10,0,10,福邦證券,2024-03-08,6480
00679B,元大美債20年,2500,0,2500,福邦證券,2024-03-11,6480
2317,鴻海,449,41,408,福邦證券,2024-03-11,6480
2354,鴻準,243,0,243,福邦證券,2024-03-11,6480
3231,緯創,212,27,185,福邦證券,2024-03-11,6480
2376,技嘉,167,14,153,福邦證券,2024-03-11,6480
2441,超豐,142,1,141,福邦證券,2024-03-11,6480
2371,大同,125,10,115,福邦證券,2024-03-11,6480
3163,波若威,113,2,111,福邦證券,2024-03-11,6480
2258,鴻華先進-創,110,0,110,福邦證券,2024-03-11,6480
00919,群益台灣精選高息,91,3,88,福邦證券,2024-03-11,6480
3512,皇龍,80,0,80,福邦證券,2024-03-11,6480
6664,群翊,80,0,80,福邦證券,2024-03-11,6480
1513,中興電,102,30,72,福邦證券,2024-03-11,6480
3078,僑威,72,0,72,福邦證券,2024-03-11,6480
00688L,國泰20年美債正2,60,0,60,福邦證券,2024-03-11,6480
4971,IET-KY,49,0,49,福邦證券,2024-03-11,6480
00715L,期街口布蘭特正2,47,15,32,福邦證券,2024-03-11,6480
6442,光聖,29,0,29,福邦證券,2024-03-11,6480
2476,鉅祥,27,0,27,福邦證券,2024-03-11,6480
4557,永新-KY,24,0,24,福邦證券,2024-03-11,6480
00632R,元大台灣50反1,20,0,20,福邦證券,2024-03-11,6480
2405,輔信,25,5,20,福邦證券,2024-03-11,6480
2610,華航,20,0,20,福邦證券,2024-03-11,6480
00929,復華台灣科技優息,19,0,19,福邦證券,2024-03-11,6480
1608,華榮,26,7,19,福邦證券,2024-03-11,6480
3289,宜特,18,0,18,福邦證券,2024-03-11,6480
6016,康和證,20,2,18,福邦證券,2024-03-11,6480
3707,漢磊,19,2,17,福邦證券,2024-03-11,6480
4908,前鼎,17,0,17,福邦證券,2024-03-11,6480
2443,昶虹,13,0,13,福邦證券,2024-03-11,6480
00915,凱基優選高股息30,12,0,12,福邦證券,2024-03-11,6480
2330,台積電,16,5,11,福邦證券,2024-03-11,6480
7402,邑錡,15,4,11,福邦證券,2024-03-11,6480
1597,直得,10,0,10,福邦證券,2024-03-11,6480
3491,昇達科,10,0,10,福邦證券,2024-03-11,6480
3551,世禾,15,5,10,福邦證券,2024-03-11,6480
6116,彩晶,10,0,10,福邦證券,2024-03-11,6480
8091,翔名,10,0,10,福邦證券,2024-03-11,6480
8112,至上,16,6,10,福邦證券,2024-03-11,6480
8433,弘帆,10,0,10,福邦證券,2024-03-11,6480
3324,雙鴻,19,10,9,福邦證券,2024-03-11,6480
3518,柏騰,9,0,9,福邦證券,2024-03-11,6480
00857B,永豐20年美公債,8,0,8,福邦證券,2024-03-11,6480
6768,志強-KY,8,0,8,福邦證券,2024-03-11,6480
2009,第一銅,8,0,8,福邦證券,2024-03-11,6480
0056,元大高股息,7,0,7,福邦證券,2024-03-11,6480
00918,大華優利高填息30,7,0,7,福邦證券,2024-03-11,6480
6680,鑫創電子,7,0,7,福邦證券,2024-03-11,6480
8059,凱碩,7,0,7,福邦證券,2024-03-11,6480
3706,神達,7,0,7,福邦證券,2024-03-11,6480
2317,鴻海,1426,165,1261,福邦證券,2024-03-12,6480
1519,華城,318,160,158,福邦證券,2024-03-12,6480
2330,台積電,140,10,130,福邦證券,2024-03-12,6480
3035,智原,130,1,129,福邦證券,2024-03-12,6480
3050,鈺德,87,4,83,福邦證券,2024-03-12,6480
2371,大同,121,50,71,福邦證券,2024-03-12,6480
2441,超豐,60,0,60,福邦證券,2024-03-12,6480
6187,萬潤,61,1,60,福邦證券,2024-03-12,6480
6425,易發,60,0,60,福邦證券,2024-03-12,6480
2301,光寶科,101,52,49,福邦證券,2024-03-12,6480
3313,斐成,45,0,45,福邦證券,2024-03-12,6480
00857B,永豐20年美公債,42,1,41,福邦證券,2024-03-12,6480
1582,信錦,32,1,31,福邦證券,2024-03-12,6480
2258,鴻華先進-創,100,72,28,福邦證券,2024-03-12,6480
3325,旭品,33,10,23,福邦證券,2024-03-12,6480
2312,金寶,22,0,22,福邦證券,2024-03-12,6480
00753L,中信中國50正2,50,30,20,福邦證券,2024-03-12,6480
00633L,富邦上証正2,20,0,20,福邦證券,2024-03-12,6480
00673R,期元大S＆P原油反1,20,0,20,福邦證券,2024-03-12,6480
3025,星通,20,0,20,福邦證券,2024-03-12,6480
3576,聯合再生,17,0,17,福邦證券,2024-03-12,6480
00688L,國泰20年美債正2,15,0,15,福邦證券,2024-03-12,6480
2547,日勝生,15,0,15,福邦證券,2024-03-12,6480
5210,寶碩,15,0,15,福邦證券,2024-03-12,6480
5905,南仁湖,15,0,15,福邦證券,2024-03-12,6480
8112,至上,23,8,15,福邦證券,2024-03-12,6480
3231,緯創,17,4,13,福邦證券,2024-03-12,6480
6535,順藥,11,0,11,福邦證券,2024-03-12,6480
00885,富邦越南,10,0,10,福邦證券,2024-03-12,6480
1597,直得,10,0,10,福邦證券,2024-03-12,6480
2243,宏旭-KY,10,0,10,福邦證券,2024-03-12,6480
2443,昶虹,10,0,10,福邦證券,2024-03-12,6480
3491,昇達科,10,0,10,福邦證券,2024-03-12,6480
3518,柏騰,10,0,10,福邦證券,2024-03-12,6480
6233,旺玖,10,0,10,福邦證券,2024-03-12,6480
3296,勝德,8,0,8,福邦證券,2024-03-12,6480
00679B,元大美債20年,7,0,7,福邦證券,2024-03-12,6480
2367,燿華,18,11,7,福邦證券,2024-03-12,6480
3013,晟銘電,7,0,7,福邦證券,2024-03-12,6480
5425,台半,7,0,7,福邦證券,2024-03-12,6480
6120,達運,40,33,7,福邦證券,2024-03-12,6480
1587,吉茂,6,0,6,福邦證券,2024-03-12,6480
2406,國碩,6,0,6,福邦證券,2024-03-12,6480
3631,晟楠,6,0,6,福邦證券,2024-03-12,6480
4123,晟德,6,0,6,福邦證券,2024-03-12,6480
00631L,元大台灣50正2,5,0,5,福邦證券,2024-03-12,6480
2376,技嘉,8,3,5,福邦證券,2024-03-12,6480
2606,裕民,5,0,5,福邦證券,2024-03-12,6480
3010,華立,5,0,5,福邦證券,2024-03-12,6480
3052,夆典,5,0,5,福邦證券,2024-03-12,6480
3706,神達,1998,1,1997,福邦證券,2024-03-13,6480
1216,統一,1400,1,1399,福邦證券,2024-03-13,6480
6257,矽格,1040,1,1039,福邦證券,2024-03-13,6480
2049,上銀,300,0,300,福邦證券,2024-03-13,6480
2354,鴻準,186,22,164,福邦證券,2024-03-13,6480
3017,奇鋐,178,27,151,福邦證券,2024-03-13,6480
2371,大同,154,41,113,福邦證券,2024-03-13,6480
2441,超豐,80,0,80,福邦證券,2024-03-13,6480
2317,鴻海,140,68,72,福邦證券,2024-03-13,6480
00919,群益台灣精選高息,71,1,70,福邦證券,2024-03-13,6480
6770,力積電,50,0,50,福邦證券,2024-03-13,6480
1618,合機,53,6,47,福邦證券,2024-03-13,6480
2383,台光電,161,115,46,福邦證券,2024-03-13,6480
6535,順藥,38,0,38,福邦證券,2024-03-13,6480
2382,廣達,43,7,36,福邦證券,2024-03-13,6480
3712,永崴投控,34,0,34,福邦證券,2024-03-13,6480
00929,復華台灣科技優息,39,10,29,福邦證券,2024-03-13,6480
6425,易發,24,0,24,福邦證券,2024-03-13,6480
6120,達運,67,45,22,福邦證券,2024-03-13,6480
2607,榮運,21,0,21,福邦證券,2024-03-13,6480
00640L,富邦日本正2,35,15,20,福邦證券,2024-03-13,6480
00878,國泰永續高股息,22,2,20,福邦證券,2024-03-13,6480
2489,瑞軒,20,0,20,福邦證券,2024-03-13,6480
3188,鑫龍騰,20,0,20,福邦證券,2024-03-13,6480
5452,佶優,20,0,20,福邦證券,2024-03-13,6480
2308,台達電,18,0,18,福邦證券,2024-03-13,6480
6462,神盾,19,1,18,福邦證券,2024-03-13,6480
3234,光環,17,0,17,福邦證券,2024-03-13,6480
00857B,永豐20年美公債,18,2,16,福邦證券,2024-03-13,6480
2027,大成鋼,16,0,16,福邦證券,2024-03-13,6480
3715,定穎投控,16,0,16,福邦證券,2024-03-13,6480
4966,譜瑞-KY,16,0,16,福邦證券,2024-03-13,6480
00885,富邦越南,15,0,15,福邦證券,2024-03-13,6480
3357,臺慶科,15,0,15,福邦證券,2024-03-13,6480
3008,大立光,14,0,14,福邦證券,2024-03-13,6480
3443,創意,13,0,13,福邦證券,2024-03-13,6480
2610,華航,21,8,13,福邦證券,2024-03-13,6480
00915,凱基優選高股息30,11,0,11,福邦證券,2024-03-13,6480
00931B,統一美債20年,10,0,10,福邦證券,2024-03-13,6480
00679B,元大美債20年,10,0,10,福邦證券,2024-03-13,6480
00650L,復華香港正2,10,0,10,福邦證券,2024-03-13,6480
1587,吉茂,10,0,10,福邦證券,2024-03-13,6480
2258,鴻華先進-創,10,0,10,福邦證券,2024-03-13,6480
2405,輔信,10,0,10,福邦證券,2024-03-13,6480
2454,聯發科,11,1,10,福邦證券,2024-03-13,6480
2836,高雄銀,10,0,10,福邦證券,2024-03-13,6480
4714,永捷,26,16,10,福邦證券,2024-03-13,6480
6438,迅得,10,0,10,福邦證券,2024-03-13,6480
8091,翔名,10,0,10,福邦證券,2024-03-13,6480
6279,胡連,15,6,9,福邦證券,2024-03-13,6480
6257,矽格,1120,0,1120,福邦證券,2024-03-14,6480
3706,神達,1077,10,1067,福邦證券,2024-03-14,6480
2027,大成鋼,300,9,291,福邦證券,2024-03-14,6480
2428,興勤,200,0,200,福邦證券,2024-03-14,6480
2371,大同,121,0,121,福邦證券,2024-03-14,6480
00919,群益台灣精選高息,118,21,97,福邦證券,2024-03-14,6480
1723,中碳,59,0,59,福邦證券,2024-03-14,6480
6146,耕興,52,0,52,福邦證券,2024-03-14,6480
2301,光寶科,50,0,50,福邦證券,2024-03-14,6480
00929,復華台灣科技優息,45,1,44,福邦證券,2024-03-14,6480
00857B,永豐20年美公債,40,0,40,福邦證券,2024-03-14,6480
6425,易發,40,0,40,福邦證券,2024-03-14,6480
1760,寶齡富錦,35,0,35,福邦證券,2024-03-14,6480
00885,富邦越南,30,0,30,福邦證券,2024-03-14,6480
00673R,期元大S＆P原油反1,30,0,30,福邦證券,2024-03-14,6480
9904,寶成,30,0,30,福邦證券,2024-03-14,6480
3703,欣陸,30,2,28,福邦證券,2024-03-14,6480
1528,恩德,25,0,25,福邦證券,2024-03-14,6480
2489,瑞軒,25,0,25,福邦證券,2024-03-14,6480
6873,泓德能源,25,0,25,福邦證券,2024-03-14,6480
00637L,元大滬深300正2,24,0,24,福邦證券,2024-03-14,6480
00696B,富邦美債20年,20,0,20,福邦證券,2024-03-14,6480
2441,超豐,20,0,20,福邦證券,2024-03-14,6480
6202,盛群,20,0,20,福邦證券,2024-03-14,6480
00795B,中信美國公債20年,19,0,19,福邦證券,2024-03-14,6480
2354,鴻準,21,3,18,福邦證券,2024-03-14,6480
2548,華固,16,0,16,福邦證券,2024-03-14,6480
3236,千如,16,0,16,福邦證券,2024-03-14,6480
8092,建暐,15,0,15,福邦證券,2024-03-14,6480
6278,台表科,13,0,13,福邦證券,2024-03-14,6480
3294,英濟,18,6,12,福邦證券,2024-03-14,6480
2706,第一店,11,0,11,福邦證券,2024-03-14,6480
3661,世芯-KY,13,2,11,福邦證券,2024-03-14,6480
00722B,群益投資級電信債,10,0,10,福邦證券,2024-03-14,6480
00878,國泰永續高股息,10,0,10,福邦證券,2024-03-14,6480
2031,新光鋼,10,0,10,福邦證券,2024-03-14,6480
2330,台積電,10,0,10,福邦證券,2024-03-14,6480
2355,敬鵬,10,0,10,福邦證券,2024-03-14,6480
3188,鑫龍騰,10,0,10,福邦證券,2024-03-14,6480
5434,崇越,10,0,10,福邦證券,2024-03-14,6480
6438,迅得,10,0,10,福邦證券,2024-03-14,6480
6535,順藥,10,0,10,福邦證券,2024-03-14,6480
6643,M31,10,0,10,福邦證券,2024-03-14,6480
6742,澤米,10,0,10,福邦證券,2024-03-14,6480
8091,翔名,10,0,10,福邦證券,2024-03-14,6480
8227,巨有科技,10,0,10,福邦證券,2024-03-14,6480
1587,吉茂,9,0,9,福邦證券,2024-03-14,6480
1717,長興,9,0,9,福邦證券,2024-03-14,6480
3576,聯合再生,9,0,9,福邦證券,2024-03-14,6480
00918,大華優利高填息30,8,0,8,福邦證券,2024-03-14,6480
6257,矽格,1001,0,1001,福邦證券,2024-03-15,6480
00895,富邦未來車,400,0,400,福邦證券,2024-03-15,6480
2371,大同,252,32,220,福邦證券,2024-03-15,6480
2317,鴻海,327,131,196,福邦證券,2024-03-15,6480
2382,廣達,200,13,187,福邦證券,2024-03-15,6480
5351,鈺創,92,0,92,福邦證券,2024-03-15,6480
2609,陽明,78,3,75,福邦證券,2024-03-15,6480
00919,群益台灣精選高息,84,10,74,福邦證券,2024-03-15,6480
2211,長榮鋼,60,0,60,福邦證券,2024-03-15,6480
3050,鈺德,55,0,55,福邦證券,2024-03-15,6480
2441,超豐,50,0,50,福邦證券,2024-03-15,6480
8454,富邦媒,41,0,41,福邦證券,2024-03-15,6480
00753L,中信中國50正2,130,90,40,福邦證券,2024-03-15,6480
3034,聯詠,39,0,39,福邦證券,2024-03-15,6480
9958,世紀鋼,33,0,33,福邦證券,2024-03-15,6480
2611,志信,30,0,30,福邦證券,2024-03-15,6480
3313,斐成,30,0,30,福邦證券,2024-03-15,6480
00680L,元大美債20正2,36,10,26,福邦證券,2024-03-15,6480
1809,中釉,24,0,24,福邦證券,2024-03-15,6480
6285,啟��,24,2,22,福邦證券,2024-03-15,6480
6190,萬泰科,21,0,21,福邦證券,2024-03-15,6480
1528,恩德,20,0,20,福邦證券,2024-03-15,6480
5521,工信,20,0,20,福邦證券,2024-03-15,6480
00941,中信上游半導體,19,0,19,福邦證券,2024-03-15,6480
00631L,元大台灣50正2,16,0,16,福邦證券,2024-03-15,6480
00857B,永豐20年美公債,16,0,16,福邦證券,2024-03-15,6480
1742,台蠟,16,0,16,福邦證券,2024-03-15,6480
2356,英業達,16,0,16,福邦證券,2024-03-15,6480
3712,永崴投控,16,1,15,福邦證券,2024-03-15,6480
6263,普萊德,15,0,15,福邦證券,2024-03-15,6480
00795B,中信美國公債20年,12,0,12,福邦證券,2024-03-15,6480
2254,巨鎧精密-創,31,19,12,福邦證券,2024-03-15,6480
2606,裕民,12,0,12,福邦證券,2024-03-15,6480
2417,圓剛,11,0,11,福邦證券,2024-03-15,6480
2603,長榮,11,0,11,福邦證券,2024-03-15,6480
2883,凱基金,11,0,11,福邦證券,2024-03-15,6480
3545,敦泰,11,0,11,福邦證券,2024-03-15,6480
4739,康普,11,0,11,福邦證券,2024-03-15,6480
00696B,富邦美債20年,10,0,10,福邦證券,2024-03-15,6480
2405,輔信,10,0,10,福邦證券,2024-03-15,6480
3013,晟銘電,10,0,10,福邦證券,2024-03-15,6480
3207,耀勝,10,0,10,福邦證券,2024-03-15,6480
6182,合晶,10,0,10,福邦證券,2024-03-15,6480
2330,台積電,9,0,9,福邦證券,2024-03-15,6480
6530,創威,9,0,9,福邦證券,2024-03-15,6480
3707,漢磊,8,0,8,福邦證券,2024-03-15,6480
2882,國泰金,14,6,8,福邦證券,2024-03-15,6480
3702,大聯大,9,1,8,福邦證券,2024-03-15,6480
2881,富邦金,7,0,7,福邦證券,2024-03-15,6480
6768,志強-KY,7,0,7,福邦證券,2024-03-15,6480
4414,如興,481,0,481,福邦證券,2024-03-18,6480
3548,兆利,158,0,158,福邦證券,2024-03-18,6480
2383,台光電,112,0,112,福邦證券,2024-03-18,6480
2352,佳世達,110,0,110,福邦證券,2024-03-18,6480
6288,聯嘉,103,0,103,福邦證券,2024-03-18,6480
6202,盛群,59,0,59,福邦證券,2024-03-18,6480
5905,南仁湖,50,0,50,福邦證券,2024-03-18,6480
1303,南亞,50,1,49,福邦證券,2024-03-18,6480
2882,國泰金,40,0,40,福邦證券,2024-03-18,6480
2356,英業達,31,0,31,福邦證券,2024-03-18,6480
2382,廣達,34,3,31,福邦證券,2024-03-18,6480
1586,和勤,26,0,26,福邦證券,2024-03-18,6480
00738U,期元大道瓊白銀,25,0,25,福邦證券,2024-03-18,6480
4739,康普,25,0,25,福邦證券,2024-03-18,6480
2329,華泰,22,0,22,福邦證券,2024-03-18,6480
1519,華城,23,3,20,福邦證券,2024-03-18,6480
1714,和桐,20,0,20,福邦證券,2024-03-18,6480
1210,大成,20,0,20,福邦證券,2024-03-18,6480
2515,中工,30,10,20,福邦證券,2024-03-18,6480
3289,宜特,20,0,20,福邦證券,2024-03-18,6480
4714,永捷,30,10,20,福邦證券,2024-03-18,6480
8996,高力,20,2,18,福邦證券,2024-03-18,6480
3313,斐成,16,0,16,福邦證券,2024-03-18,6480
2451,創見,15,0,15,福邦證券,2024-03-18,6480
3010,華立,15,0,15,福邦證券,2024-03-18,6480
8112,至上,20,6,14,福邦證券,2024-03-18,6480
2323,中環,12,0,12,福邦證券,2024-03-18,6480
2834,臺企銀,12,0,12,福邦證券,2024-03-18,6480
00679B,元大美債20年,11,0,11,福邦證券,2024-03-18,6480
1809,中釉,11,0,11,福邦證券,2024-03-18,6480
5210,寶碩,11,0,11,福邦證券,2024-03-18,6480
00751B,元大AAA至A公司債,10,0,10,福邦證券,2024-03-18,6480
1742,台蠟,10,0,10,福邦證券,2024-03-18,6480
2066,世德,10,0,10,福邦證券,2024-03-18,6480
2441,超豐,10,0,10,福邦證券,2024-03-18,6480
2607,榮運,10,0,10,福邦證券,2024-03-18,6480
3122,笙泉,10,0,10,福邦證券,2024-03-18,6480
3294,英濟,14,4,10,福邦證券,2024-03-18,6480
4961,天鈺,12,2,10,福邦證券,2024-03-18,6480
6742,澤米,10,0,10,福邦證券,2024-03-18,6480
7402,邑錡,10,0,10,福邦證券,2024-03-18,6480
8011,台通,10,0,10,福邦證券,2024-03-18,6480
6139,亞翔,10,0,10,福邦證券,2024-03-18,6480
00900,富邦特選高股息30,10,1,9,福邦證券,2024-03-18,6480
3576,聯合再生,15,6,9,福邦證券,2024-03-18,6480
00941,中信上游半導體,8,0,8,福邦證券,2024-03-18,6480
2204,中華,6,0,6,福邦證券,2024-03-18,6480
3588,通嘉,6,0,6,福邦證券,2024-03-18,6480
6282,康舒,6,0,6,福邦證券,2024-03-18,6480
1587,吉茂,5,0,5,福邦證券,2024-03-18,6480
2885,元大金,450,0,450,福邦證券,2024-03-19,6480
5469,瀚宇博,200,0,200,福邦證券,2024-03-19,6480
3706,神達,204,10,194,福邦證券,2024-03-19,6480
4588,玖鼎電力,170,0,170,福邦證券,2024-03-19,6480
2371,大同,163,0,163,福邦證券,2024-03-19,6480
2377,微星,126,0,126,福邦證券,2024-03-19,6480
2330,台積電,125,0,125,福邦證券,2024-03-19,6480
00921,兆豐龍頭等權重,120,0,120,福邦證券,2024-03-19,6480
6191,精成科,100,0,100,福邦證券,2024-03-19,6480
2301,光寶科,91,0,91,福邦證券,2024-03-19,6480
8454,富邦媒,90,0,90,福邦證券,2024-03-19,6480
3483,力致,50,0,50,福邦證券,2024-03-19,6480
6546,正基,51,1,50,福邦證券,2024-03-19,6480
2317,鴻海,60,15,45,福邦證券,2024-03-19,6480
1723,中碳,45,4,41,福邦證券,2024-03-19,6480
3324,雙鴻,37,0,37,福邦證券,2024-03-19,6480
1586,和勤,44,13,31,福邦證券,2024-03-19,6480
6446,藥華藥,26,0,26,福邦證券,2024-03-19,6480
00687B,國泰20年美債,25,0,25,福邦證券,2024-03-19,6480
3013,晟銘電,22,0,22,福邦證券,2024-03-19,6480
6488,環球晶,23,1,22,福邦證券,2024-03-19,6480
2303,聯電,26,5,21,福邦證券,2024-03-19,6480
00655L,國泰中國A50正2,20,0,20,福邦證券,2024-03-19,6480
3050,鈺德,20,0,20,福邦證券,2024-03-19,6480
3481,群創,20,0,20,福邦證券,2024-03-19,6480
6664,群翊,20,0,20,福邦證券,2024-03-19,6480
3376,新日興,19,0,19,福邦證券,2024-03-19,6480
4414,如興,19,0,19,福邦證券,2024-03-19,6480
1476,儒鴻,18,0,18,福邦證券,2024-03-19,6480
2882,國泰金,20,2,18,福邦證券,2024-03-19,6480
00640L,富邦日本正2,16,0,16,福邦證券,2024-03-19,6480
1605,華新,28,13,15,福邦證券,2024-03-19,6480
2207,和泰車,15,0,15,福邦證券,2024-03-19,6480
4966,譜瑞-KY,15,0,15,福邦證券,2024-03-19,6480
1618,合機,15,2,13,福邦證券,2024-03-19,6480
5548,安倉,13,0,13,福邦證券,2024-03-19,6480
8112,至上,34,21,13,福邦證券,2024-03-19,6480
8936,國統,20,8,12,福邦證券,2024-03-19,6480
2421,建準,11,0,11,福邦證券,2024-03-19,6480
3257,虹冠電,11,0,11,福邦證券,2024-03-19,6480
3576,聯合再生,11,0,11,福邦證券,2024-03-19,6480
1528,恩德,10,0,10,福邦證券,2024-03-19,6480
1524,耿鼎,10,0,10,福邦證券,2024-03-19,6480
1609,大亞,22,12,10,福邦證券,2024-03-19,6480
3313,斐成,10,0,10,福邦證券,2024-03-19,6480
4770,上品,10,0,10,福邦證券,2024-03-19,6480
6109,亞元,10,0,10,福邦證券,2024-03-19,6480
6146,耕興,10,0,10,福邦證券,2024-03-19,6480
8064,東捷,10,0,10,福邦證券,2024-03-19,6480
2486,一詮,12,3,9,福邦證券,2024-03-19,6480
3665,貿聯-KY,300,1,299,福邦證券,2024-03-20,6480
3017,奇鋐,173,7,166,福邦證券,2024-03-20,6480
1513,中興電,309,149,160,福邦證券,2024-03-20,6480
2367,燿華,122,1,121,福邦證券,2024-03-20,6480
3615,安可,120,0,120,福邦證券,2024-03-20,6480
8054,安國,120,18,102,福邦證券,2024-03-20,6480
00939,統一台灣高息動能,150,60,90,福邦證券,2024-03-20,6480
3013,晟銘電,88,0,88,福邦證券,2024-03-20,6480
1597,直得,41,1,40,福邦證券,2024-03-20,6480
00753L,中信中國50正2,40,2,38,福邦證券,2024-03-20,6480
2441,超豐,38,0,38,福邦證券,2024-03-20,6480
6535,順藥,54,16,38,福邦證券,2024-03-20,6480
3481,群創,30,0,30,福邦證券,2024-03-20,6480
6446,藥華藥,24,0,24,福邦證券,2024-03-20,6480
2356,英業達,24,2,22,福邦證券,2024-03-20,6480
00687B,國泰20年美債,20,0,20,福邦證券,2024-03-20,6480
2031,新光鋼,20,0,20,福邦證券,2024-03-20,6480
4739,康普,17,0,17,福邦證券,2024-03-20,6480
8091,翔名,16,0,16,福邦證券,2024-03-20,6480
2377,微星,15,0,15,福邦證券,2024-03-20,6480
3257,虹冠電,14,0,14,福邦證券,2024-03-20,6480
6274,台燿,14,0,14,福邦證券,2024-03-20,6480
1467,南緯,12,0,12,福邦證券,2024-03-20,6480
2834,臺企銀,12,0,12,福邦證券,2024-03-20,6480
3372,典範,12,0,12,福邦證券,2024-03-20,6480
3231,緯創,13,2,11,福邦證券,2024-03-20,6480
00882,中信中國高股息,11,0,11,福邦證券,2024-03-20,6480
6282,康舒,11,0,11,福邦證券,2024-03-20,6480
1609,大亞,10,0,10,福邦證券,2024-03-20,6480
1742,台蠟,10,0,10,福邦證券,2024-03-20,6480
2345,智邦,10,0,10,福邦證券,2024-03-20,6480
2405,輔信,10,0,10,福邦證券,2024-03-20,6480
4771,望隼,10,0,10,福邦證券,2024-03-20,6480
6806,森崴能源,10,0,10,福邦證券,2024-03-20,6480
2002,中鋼,10,1,9,福邦證券,2024-03-20,6480
5452,佶優,10,1,9,福邦證券,2024-03-20,6480
2486,一詮,22,14,8,福邦證券,2024-03-20,6480
3583,辛耘,8,0,8,福邦證券,2024-03-20,6480
6170,統振,8,0,8,福邦證券,2024-03-20,6480
00937B,群益ESG投等債20,7,0,7,福邦證券,2024-03-20,6480
2880,華南金,7,0,7,福邦證券,2024-03-20,6480
3296,勝德,7,0,7,福邦證券,2024-03-20,6480
3548,兆利,10,3,7,福邦證券,2024-03-20,6480
6679,鈺太,7,0,7,福邦證券,2024-03-20,6480
2449,京元電子,7,0,7,福邦證券,2024-03-20,6480
1438,三地開發,6,0,6,福邦證券,2024-03-20,6480
1434,福懋,6,0,6,福邦證券,2024-03-20,6480
2618,長榮航,6,0,6,福邦證券,2024-03-20,6480
3081,聯亞,6,0,6,福邦證券,2024-03-20,6480
4532,瑞智,9,3,6,福邦證券,2024-03-20,6480
00632R,元大台灣50反1,300,0,300,福邦證券,2024-03-21,6480
2382,廣達,295,14,281,福邦證券,2024-03-21,6480
4958,臻鼎-KY,229,0,229,福邦證券,2024-03-21,6480
4551,智伸科,184,0,184,福邦證券,2024-03-21,6480
3037,欣興,159,3,156,福邦證券,2024-03-21,6480
2367,燿華,142,5,137,福邦證券,2024-03-21,6480
3324,雙鴻,139,3,136,福邦證券,2024-03-21,6480
3406,玉晶光,125,0,125,福邦證券,2024-03-21,6480
3615,安可,107,0,107,福邦證券,2024-03-21,6480
00939,統一台灣高息動能,96,0,96,福邦證券,2024-03-21,6480
9958,世紀鋼,85,0,85,福邦證券,2024-03-21,6480
6239,力成,168,110,58,福邦證券,2024-03-21,6480
3450,聯鈞,50,0,50,福邦證券,2024-03-21,6480
3013,晟銘電,50,4,46,福邦證券,2024-03-21,6480
00919,群益台灣精選高息,34,0,34,福邦證券,2024-03-21,6480
7402,邑錡,22,0,22,福邦證券,2024-03-21,6480
3051,力特,20,0,20,福邦證券,2024-03-21,6480
00680L,元大美債20正2,120,100,20,福邦證券,2024-03-21,6480
2329,華泰,20,0,20,福邦證券,2024-03-21,6480
2441,超豐,20,0,20,福邦證券,2024-03-21,6480
2888,新光金,20,0,20,福邦證券,2024-03-21,6480
5210,寶碩,20,0,20,福邦證券,2024-03-21,6480
5225,東科-KY,20,0,20,福邦證券,2024-03-21,6480
8299,群聯,20,0,20,福邦證券,2024-03-21,6480
3293,鈊象,14,0,14,福邦證券,2024-03-21,6480
00679B,元大美債20年,13,0,13,福邦證券,2024-03-21,6480
00929,復華台灣科技優息,11,0,11,福邦證券,2024-03-21,6480
2834,臺企銀,11,0,11,福邦證券,2024-03-21,6480
2887,台新金,11,0,11,福邦證券,2024-03-21,6480
00751B,元大AAA至A公司債,10,0,10,福邦證券,2024-03-21,6480
2355,敬鵬,10,0,10,福邦證券,2024-03-21,6480
2606,裕民,10,0,10,福邦證券,2024-03-21,6480
3227,原相,10,0,10,福邦證券,2024-03-21,6480
3581,博磊,10,0,10,福邦證券,2024-03-21,6480
4771,望隼,10,0,10,福邦證券,2024-03-21,6480
6531,愛普*,12,2,10,福邦證券,2024-03-21,6480
6830,汎銓,10,0,10,福邦證券,2024-03-21,6480
2323,中環,9,0,9,福邦證券,2024-03-21,6480
3041,揚智,10,1,9,福邦證券,2024-03-21,6480
3289,宜特,9,0,9,福邦證券,2024-03-21,6480
2377,微星,8,0,8,福邦證券,2024-03-21,6480
1742,台蠟,8,0,8,福邦證券,2024-03-21,6480
00891,中信關鍵半導體,7,0,7,福邦證券,2024-03-21,6480
00640L,富邦日本正2,25,18,7,福邦證券,2024-03-21,6480
00795B,中信美國公債20年,6,0,6,福邦證券,2024-03-21,6480
00937B,群益ESG投等債20,6,0,6,福邦證券,2024-03-21,6480
1467,南緯,12,6,6,福邦證券,2024-03-21,6480
2405,輔信,6,0,6,福邦證券,2024-03-21,6480
5292,華懋,6,0,6,福邦證券,2024-03-21,6480
6789,采鈺,7,1,6,福邦證券,2024-03-21,6480
6285,啟��,1007,3,1004,福邦證券,2024-03-22,6480
2809,京城銀,334,0,334,福邦證券,2024-03-22,6480
2382,廣達,265,11,254,福邦證券,2024-03-22,6480
2428,興勤,200,0,200,福邦證券,2024-03-22,6480
1216,統一,200,0,200,福邦證券,2024-03-22,6480
1742,台蠟,140,0,140,福邦證券,2024-03-22,6480
2618,長榮航,100,0,100,福邦證券,2024-03-22,6480
3013,晟銘電,99,3,96,福邦證券,2024-03-22,6480
6176,瑞儀,88,0,88,福邦證券,2024-03-22,6480
2371,大同,198,120,78,福邦證券,2024-03-22,6480
3665,貿聯-KY,82,8,74,福邦證券,2024-03-22,6480
2353,宏��,69,6,63,福邦證券,2024-03-22,6480
1560,中砂,50,0,50,福邦證券,2024-03-22,6480
2345,智邦,50,0,50,福邦證券,2024-03-22,6480
00919,群益台灣精選高息,78,38,40,福邦證券,2024-03-22,6480
00929,復華台灣科技優息,43,5,38,福邦證券,2024-03-22,6480
00712,復華富時不動產,35,0,35,福邦證券,2024-03-22,6480
00680L,元大美債20正2,32,0,32,福邦證券,2024-03-22,6480
00637L,元大滬深300正2,60,30,30,福邦證券,2024-03-22,6480
2367,燿華,35,5,30,福邦證券,2024-03-22,6480
2444,兆勁,30,3,27,福邦證券,2024-03-22,6480
1586,和勤,21,0,21,福邦證券,2024-03-22,6480
2354,鴻準,24,3,21,福邦證券,2024-03-22,6480
6488,環球晶,21,0,21,福邦證券,2024-03-22,6480
8936,國統,21,1,20,福邦證券,2024-03-22,6480
6235,華孚,21,2,19,福邦證券,2024-03-22,6480
00939,統一台灣高息動能,16,1,15,福邦證券,2024-03-22,6480
2383,台光電,16,2,14,福邦證券,2024-03-22,6480
3260,威剛,14,1,13,福邦證券,2024-03-22,6480
5292,華懋,13,0,13,福邦證券,2024-03-22,6480
1503,士電,25,14,11,福邦證券,2024-03-22,6480
2301,光寶科,12,1,11,福邦證券,2024-03-22,6480
3576,聯合再生,42,31,11,福邦證券,2024-03-22,6480
1717,長興,10,0,10,福邦證券,2024-03-22,6480
3313,斐成,10,0,10,福邦證券,2024-03-22,6480
4401,東隆興,10,0,10,福邦證券,2024-03-22,6480
4588,玖鼎電力,10,0,10,福邦證券,2024-03-22,6480
4771,望隼,10,0,10,福邦證券,2024-03-22,6480
6147,頎邦,10,0,10,福邦證券,2024-03-22,6480
8033,雷虎,10,0,10,福邦證券,2024-03-22,6480
00937B,群益ESG投等債20,13,4,9,福邦證券,2024-03-22,6480
2441,超豐,10,1,9,福邦證券,2024-03-22,6480
2465,麗臺,9,0,9,福邦證券,2024-03-22,6480
2308,台達電,10,1,9,福邦證券,2024-03-22,6480
1608,華榮,31,23,8,福邦證券,2024-03-22,6480
3217,優群,8,0,8,福邦證券,2024-03-22,6480
1612,宏泰,47,41,6,福邦證券,2024-03-22,6480
2609,陽明,6,0,6,福邦證券,2024-03-22,6480
6443,元晶,6,0,6,福邦證券,2024-03-22,6480
2006,東和鋼鐵,5,0,5,福邦證券,2024-03-22,6480
2633,台灣高鐵,250,0,250,福邦證券,2024-03-25,6480
1513,中興電,207,15,192,福邦證券,2024-03-25,6480
2618,長榮航,125,0,125,福邦證券,2024-03-25,6480
6668,中揚光,111,0,111,福邦證券,2024-03-25,6480
00933B,國泰10Y+金融債,102,0,102,福邦證券,2024-03-25,6480
2428,興勤,100,0,100,福邦證券,2024-03-25,6480
2344,華邦電,80,0,80,福邦證券,2024-03-25,6480
6179,亞通,70,0,70,福邦證券,2024-03-25,6480
3388,崇越電,55,0,55,福邦證券,2024-03-25,6480
3615,安可,55,0,55,福邦證券,2024-03-25,6480
1773,勝一,50,0,50,福邦證券,2024-03-25,6480
4746,台耀,50,0,50,福邦證券,2024-03-25,6480
4755,三福化,46,0,46,福邦證券,2024-03-25,6480
4401,東隆興,45,0,45,福邦證券,2024-03-25,6480
1586,和勤,41,0,41,福邦證券,2024-03-25,6480
2330,台積電,36,0,36,福邦證券,2024-03-25,6480
00941,中信上游半導體,34,0,34,福邦證券,2024-03-25,6480
2301,光寶科,32,0,32,福邦證券,2024-03-25,6480
2352,佳世達,32,0,32,福邦證券,2024-03-25,6480
2367,燿華,53,22,31,福邦證券,2024-03-25,6480
00680L,元大美債20正2,30,0,30,福邦證券,2024-03-25,6480
3483,力致,30,0,30,福邦證券,2024-03-25,6480
3013,晟銘電,29,0,29,福邦證券,2024-03-25,6480
4771,望隼,22,0,22,福邦證券,2024-03-25,6480
1760,寶齡富錦,20,0,20,福邦證券,2024-03-25,6480
6123,上奇,20,0,20,福邦證券,2024-03-25,6480
6202,盛群,20,0,20,福邦證券,2024-03-25,6480
2881,富邦金,20,3,17,福邦證券,2024-03-25,6480
6125,廣運,21,5,16,福邦證券,2024-03-25,6480
00640L,富邦日本正2,30,15,15,福邦證券,2024-03-25,6480
5209,新鼎,15,0,15,福邦證券,2024-03-25,6480
3017,奇鋐,15,2,13,福邦證券,2024-03-25,6480
2027,大成鋼,12,0,12,福邦證券,2024-03-25,6480
00679B,元大美債20年,11,0,11,福邦證券,2024-03-25,6480
3006,晶豪科,14,3,11,福邦證券,2024-03-25,6480
3362,先進光,11,0,11,福邦證券,2024-03-25,6480
2308,台達電,20,9,11,福邦證券,2024-03-25,6480
2236,百達-KY,10,0,10,福邦證券,2024-03-25,6480
2441,超豐,10,0,10,福邦證券,2024-03-25,6480
2461,光群雷,10,0,10,福邦證券,2024-03-25,6480
2884,玉山金,10,0,10,福邦證券,2024-03-25,6480
3673,TPK-KY,10,0,10,福邦證券,2024-03-25,6480
6189,豐藝,11,1,10,福邦證券,2024-03-25,6480
8087,麗升能源,10,0,10,福邦證券,2024-03-25,6480
2356,英業達,11,2,9,福邦證券,2024-03-25,6480
2444,兆勁,9,0,9,福邦證券,2024-03-25,6480
3576,聯合再生,36,27,9,福邦證券,2024-03-25,6480
3708,上緯投控,9,0,9,福邦證券,2024-03-25,6480
4303,信立,9,0,9,福邦證券,2024-03-25,6480
6785,昱展新藥,9,0,9,福邦證券,2024-03-25,6480
2421,建準,506,3,503,福邦證券,2024-03-26,6480
2317,鴻海,502,17,485,福邦證券,2024-03-26,6480
3706,神達,202,0,202,福邦證券,2024-03-26,6480
2382,廣達,140,15,125,福邦證券,2024-03-26,6480
2330,台積電,120,1,119,福邦證券,2024-03-26,6480
8069,元太,101,0,101,福邦證券,2024-03-26,6480
2204,中華,96,0,96,福邦證券,2024-03-26,6480
2208,台船,96,0,96,福邦證券,2024-03-26,6480
3615,安可,69,0,69,福邦證券,2024-03-26,6480
2344,華邦電,60,0,60,福邦證券,2024-03-26,6480
2379,瑞昱,60,4,56,福邦證券,2024-03-26,6480
4938,和碩,41,9,32,福邦證券,2024-03-26,6480
1314,中石化,30,0,30,福邦證券,2024-03-26,6480
3483,力致,30,0,30,福邦證券,2024-03-26,6480
1586,和勤,27,0,27,福邦證券,2024-03-26,6480
1742,台蠟,23,0,23,福邦證券,2024-03-26,6480
2377,微星,24,1,23,福邦證券,2024-03-26,6480
6679,鈺太,26,4,22,福邦證券,2024-03-26,6480
8936,國統,26,4,22,福邦證券,2024-03-26,6480
9958,世紀鋼,71,50,21,福邦證券,2024-03-26,6480
6789,采鈺,22,2,20,福邦證券,2024-03-26,6480
8147,正淩,20,0,20,福邦證券,2024-03-26,6480
2308,台達電,20,2,18,福邦證券,2024-03-26,6480
6668,中揚光,18,0,18,福邦證券,2024-03-26,6480
3013,晟銘電,17,0,17,福邦證券,2024-03-26,6480
1608,華榮,25,10,15,福邦證券,2024-03-26,6480
1815,富喬,15,0,15,福邦證券,2024-03-26,6480
3576,聯合再生,47,33,14,福邦證券,2024-03-26,6480
2323,中環,13,0,13,福邦證券,2024-03-26,6480
00941,中信上游半導體,11,0,11,福邦證券,2024-03-26,6480
2258,鴻華先進-創,16,5,11,福邦證券,2024-03-26,6480
8299,群聯,11,0,11,福邦證券,2024-03-26,6480
2444,兆勁,12,2,10,福邦證券,2024-03-26,6480
2454,聯發科,11,1,10,福邦證券,2024-03-26,6480
4114,健喬,10,0,10,福邦證券,2024-03-26,6480
4906,正文,10,0,10,福邦證券,2024-03-26,6480
8048,德勝,10,0,10,福邦證券,2024-03-26,6480
8227,巨有科技,10,0,10,福邦證券,2024-03-26,6480
8996,高力,18,8,10,福邦證券,2024-03-26,6480
3339,泰谷,10,1,9,福邦證券,2024-03-26,6480
6125,廣運,22,13,9,福邦證券,2024-03-26,6480
2303,聯電,8,0,8,福邦證券,2024-03-26,6480
2609,陽明,8,0,8,福邦證券,2024-03-26,6480
00751B,元大AAA至A公司債,7,0,7,福邦證券,2024-03-26,6480
6290,良維,7,0,7,福邦證券,2024-03-26,6480
2359,所羅門,12,6,6,福邦證券,2024-03-26,6480
2867,三商壽,14,8,6,福邦證券,2024-03-26,6480
3257,虹冠電,6,0,6,福邦證券,2024-03-26,6480
6142,友勁,6,0,6,福邦證券,2024-03-26,6480
6901,鑽石投資,6,0,6,福邦證券,2024-03-26,6480
4958,臻鼎-KY,450,0,450,福邦證券,2024-03-27,6480
2317,鴻海,312,4,308,福邦證券,2024-03-27,6480
2439,美律,202,0,202,福邦證券,2024-03-27,6480
2356,英業達,203,8,195,福邦證券,2024-03-27,6480
2421,建準,195,1,194,福邦證券,2024-03-27,6480
2371,大同,216,42,174,福邦證券,2024-03-27,6480
1584,精剛,98,0,98,福邦證券,2024-03-27,6480
4938,和碩,69,3,66,福邦證券,2024-03-27,6480
2002,中鋼,40,0,40,福邦證券,2024-03-27,6480
2881,富邦金,40,0,40,福邦證券,2024-03-27,6480
3443,創意,62,22,40,福邦證券,2024-03-27,6480
2515,中工,71,37,34,福邦證券,2024-03-27,6480
6202,盛群,50,20,30,福邦證券,2024-03-27,6480
6875,國邑*,32,4,28,福邦證券,2024-03-27,6480
8033,雷虎,37,9,28,福邦證券,2024-03-27,6480
6488,環球晶,25,0,25,福邦證券,2024-03-27,6480
3615,安可,25,0,25,福邦證券,2024-03-27,6480
5443,均豪,25,0,25,福邦證券,2024-03-27,6480
8011,台通,25,0,25,福邦證券,2024-03-27,6480
5222,全訊,22,0,22,福邦證券,2024-03-27,6480
3529,力旺,20,0,20,福邦證券,2024-03-27,6480
6190,萬泰科,22,2,20,福邦證券,2024-03-27,6480
6806,森崴能源,20,0,20,福邦證券,2024-03-27,6480
1802,台玻,20,1,19,福邦證券,2024-03-27,6480
1605,華新,25,6,19,福邦證券,2024-03-27,6480
3339,泰谷,20,1,19,福邦證券,2024-03-27,6480
00939,統一台灣高息動能,15,0,15,福邦證券,2024-03-27,6480
2454,聯發科,30,15,15,福邦證券,2024-03-27,6480
4966,譜瑞-KY,15,0,15,福邦證券,2024-03-27,6480
7402,邑錡,15,0,15,福邦證券,2024-03-27,6480
1742,台蠟,12,0,12,福邦證券,2024-03-27,6480
00919,群益台灣精選高息,17,6,11,福邦證券,2024-03-27,6480
2486,一詮,16,5,11,福邦證券,2024-03-27,6480
3532,台勝科,11,0,11,福邦證券,2024-03-27,6480
4771,望隼,11,0,11,福邦證券,2024-03-27,6480
3047,訊舟,10,0,10,福邦證券,2024-03-27,6480
5515,建國,60,50,10,福邦證券,2024-03-27,6480
6129,普誠,10,0,10,福邦證券,2024-03-27,6480
3013,晟銘電,9,0,9,福邦證券,2024-03-27,6480
3052,夆典,9,0,9,福邦證券,2024-03-27,6480
2441,超豐,8,0,8,福邦證券,2024-03-27,6480
3441,聯一光,10,2,8,福邦證券,2024-03-27,6480
5258,虹堡,8,0,8,福邦證券,2024-03-27,6480
00751B,元大AAA至A公司債,7,0,7,福邦證券,2024-03-27,6480
5210,寶碩,7,0,7,福邦證券,2024-03-27,6480
5434,崇越,7,0,7,福邦證券,2024-03-27,6480
2303,聯電,6,0,6,福邦證券,2024-03-27,6480
3231,緯創,6,0,6,福邦證券,2024-03-27,6480
8111,立��,6,0,6,福邦證券,2024-03-27,6480
2330,台積電,30,25,5,福邦證券,2024-03-27,6480
4958,臻鼎-KY,550,2,548,福邦證券,2024-03-28,6480
2634,漢翔,303,0,303,福邦證券,2024-03-28,6480
6274,台燿,164,11,153,福邦證券,2024-03-28,6480
6197,佳必琪,100,0,100,福邦證券,2024-03-28,6480
6664,群翊,100,0,100,福邦證券,2024-03-28,6480
8103,瀚荃,100,0,100,福邦證券,2024-03-28,6480
5009,榮剛,65,0,65,福邦證券,2024-03-28,6480
2881,富邦金,61,0,61,福邦證券,2024-03-28,6480
00753L,中信中國50正2,60,0,60,福邦證券,2024-03-28,6480
8033,雷虎,67,9,58,福邦證券,2024-03-28,6480
8299,群聯,65,10,55,福邦證券,2024-03-28,6480
8227,巨有科技,45,2,43,福邦證券,2024-03-28,6480
2331,精英,50,10,40,福邦證券,2024-03-28,6480
2883,凱基金,33,0,33,福邦證券,2024-03-28,6480
4557,永新-KY,31,0,31,福邦證券,2024-03-28,6480
00679B,元大美債20年,50,20,30,福邦證券,2024-03-28,6480
00939,統一台灣高息動能,30,0,30,福邦證券,2024-03-28,6480
1326,台化,30,0,30,福邦證券,2024-03-28,6480
3050,鈺德,30,0,30,福邦證券,2024-03-28,6480
8255,朋程,30,1,29,福邦證券,2024-03-28,6480
2421,建準,27,0,27,福邦證券,2024-03-28,6480
4714,永捷,49,23,26,福邦證券,2024-03-28,6480
1303,南亞,25,0,25,福邦證券,2024-03-28,6480
5309,系統電,25,2,23,福邦證券,2024-03-28,6480
00937B,群益ESG投等債20,20,0,20,福邦證券,2024-03-28,6480
4771,望隼,20,0,20,福邦證券,2024-03-28,6480
5434,崇越,15,0,15,福邦證券,2024-03-28,6480
6146,耕興,65,50,15,福邦證券,2024-03-28,6480
6753,龍德造船,14,0,14,福邦證券,2024-03-28,6480
1586,和勤,13,1,12,福邦證券,2024-03-28,6480
3041,揚智,11,0,11,福邦證券,2024-03-28,6480
4976,佳凌,11,0,11,福邦證券,2024-03-28,6480
2330,台積電,10,0,10,福邦證券,2024-03-28,6480
6182,合晶,10,0,10,福邦證券,2024-03-28,6480
6190,萬泰科,10,0,10,福邦證券,2024-03-28,6480
6789,采鈺,15,5,10,福邦證券,2024-03-28,6480
7402,邑錡,13,3,10,福邦證券,2024-03-28,6480
3706,神達,10,0,10,福邦證券,2024-03-28,6480
1532,勤美,9,0,9,福邦證券,2024-03-28,6480
5210,寶碩,8,0,8,福邦證券,2024-03-28,6480
4114,健喬,9,2,7,福邦證券,2024-03-28,6480
6125,廣運,7,0,7,福邦證券,2024-03-28,6480
2328,廣宇,9,3,6,福邦證券,2024-03-28,6480
2461,光群雷,6,0,6,福邦證券,2024-03-28,6480
3231,緯創,6,0,6,福邦證券,2024-03-28,6480
3413,京鼎,6,0,6,福邦證券,2024-03-28,6480
3664,安瑞-KY,6,0,6,福邦證券,2024-03-28,6480
2889,國票金,5,0,5,福邦證券,2024-03-28,6480
00927,群益半導體收益,5,0,5,福邦證券,2024-03-28,6480
1711,永光,5,0,5,福邦證券,2024-03-28,6480
2317,鴻海,491,40,451,福邦證券,2024-03-29,6480
2371,大同,500,60,440,福邦證券,2024-03-29,6480
2354,鴻準,279,1,278,福邦證券,2024-03-29,6480
9910,豐泰,210,0,210,福邦證券,2024-03-29,6480
2421,建準,207,11,196,福邦證券,2024-03-29,6480
3289,宜特,100,0,100,福邦證券,2024-03-29,6480
4958,臻鼎-KY,80,0,80,福邦證券,2024-03-29,6480
6414,樺漢,82,5,77,福邦證券,2024-03-29,6480
6531,愛普*,63,0,63,福邦證券,2024-03-29,6480
3231,緯創,84,21,63,福邦證券,2024-03-29,6480
4739,康普,50,0,50,福邦證券,2024-03-29,6480
1815,富喬,60,14,46,福邦證券,2024-03-29,6480
8996,高力,54,9,45,福邦證券,2024-03-29,6480
00640L,富邦日本正2,43,0,43,福邦證券,2024-03-29,6480
1760,寶齡富錦,40,0,40,福邦證券,2024-03-29,6480
2382,廣達,202,163,39,福邦證券,2024-03-29,6480
3357,臺慶科,35,0,35,福邦證券,2024-03-29,6480
00637L,元大滬深300正2,30,0,30,福邦證券,2024-03-29,6480
6190,萬泰科,30,0,30,福邦證券,2024-03-29,6480
2241,艾姆勒,50,21,29,福邦證券,2024-03-29,6480
2031,新光鋼,20,0,20,福邦證券,2024-03-29,6480
5515,建國,20,0,20,福邦證券,2024-03-29,6480
6285,啟��,20,0,20,福邦證券,2024-03-29,6480
2027,大成鋼,16,0,16,福邦證券,2024-03-29,6480
3708,上緯投控,16,0,16,福邦證券,2024-03-29,6480
1586,和勤,14,0,14,福邦證券,2024-03-29,6480
2739,寒舍,13,0,13,福邦證券,2024-03-29,6480
00919,群益台灣精選高息,11,0,11,福邦證券,2024-03-29,6480
1795,美時,10,0,10,福邦證券,2024-03-29,6480
2352,佳世達,11,1,10,福邦證券,2024-03-29,6480
2367,燿華,10,0,10,福邦證券,2024-03-29,6480
2424,隴華,10,0,10,福邦證券,2024-03-29,6480
2606,裕民,10,0,10,福邦證券,2024-03-29,6480
4909,新復興,10,0,10,福邦證券,2024-03-29,6480
6742,澤米,10,0,10,福邦證券,2024-03-29,6480
2444,兆勁,9,0,9,福邦證券,2024-03-29,6480
3052,夆典,11,2,9,福邦證券,2024-03-29,6480
3339,泰谷,10,1,9,福邦證券,2024-03-29,6480
3481,群創,10,1,9,福邦證券,2024-03-29,6480
2515,中工,56,48,8,福邦證券,2024-03-29,6480
2883,凱基金,10,2,8,福邦證券,2024-03-29,6480
8064,東捷,8,0,8,福邦證券,2024-03-29,6480
0050,元大台灣50,8,1,7,福邦證券,2024-03-29,6480
4707,磐亞,17,10,7,福邦證券,2024-03-29,6480
5309,系統電,7,0,7,福邦證券,2024-03-29,6480
3583,辛耘,6,0,6,福邦證券,2024-03-29,6480
6443,元晶,21,15,6,福邦證券,2024-03-29,6480
6753,龍德造船,6,0,6,福邦證券,2024-03-29,6480
8033,雷虎,16,10,6,福邦證券,2024-03-29,6480
00929,復華台灣科技優息,5,0,5,福邦證券,2024-03-29,6480
6005,群益證,510,0,510,福邦證券,2024-04-01,6480
6213,聯茂,402,4,398,福邦證券,2024-04-01,6480
2354,鴻準,248,2,246,福邦證券,2024-04-01,6480
00940,元大台灣價值高息,239,0,239,福邦證券,2024-04-01,6480
2324,仁寶,210,0,210,福邦證券,2024-04-01,6480
2371,大同,311,113,198,福邦證券,2024-04-01,6480
3289,宜特,172,0,172,福邦證券,2024-04-01,6480
4938,和碩,150,0,150,福邦證券,2024-04-01,6480
8085,福華,125,3,122,福邦證券,2024-04-01,6480
2352,佳世達,110,0,110,福邦證券,2024-04-01,6480
6449,鈺邦,101,0,101,福邦證券,2024-04-01,6480
4958,臻鼎-KY,90,1,89,福邦證券,2024-04-01,6480
1455,集盛,60,0,60,福邦證券,2024-04-01,6480
2382,廣達,59,8,51,福邦證券,2024-04-01,6480
6288,聯嘉,50,0,50,福邦證券,2024-04-01,6480
8996,高力,51,1,50,福邦證券,2024-04-01,6480
8033,雷虎,66,19,47,福邦證券,2024-04-01,6480
3481,群創,41,0,41,福邦證券,2024-04-01,6480
5222,全訊,41,0,41,福邦證券,2024-04-01,6480
5434,崇越,50,10,40,福邦證券,2024-04-01,6480
3466,德晉,40,5,35,福邦證券,2024-04-01,6480
2006,東和鋼鐵,30,0,30,福邦證券,2024-04-01,6480
2348,海悅,30,0,30,福邦證券,2024-04-01,6480
5508,永信建,30,0,30,福邦證券,2024-04-01,6480
7402,邑錡,35,5,30,福邦證券,2024-04-01,6480
9921,巨大,30,0,30,福邦證券,2024-04-01,6480
1587,吉茂,29,0,29,福邦證券,2024-04-01,6480
5292,華懋,31,4,27,福邦證券,2024-04-01,6480
6414,樺漢,27,1,26,福邦證券,2024-04-01,6480
3707,漢磊,24,1,23,福邦證券,2024-04-01,6480
00919,群益台灣精選高息,23,2,21,福邦證券,2024-04-01,6480
6190,萬泰科,20,0,20,福邦證券,2024-04-01,6480
9941,裕融,20,0,20,福邦證券,2024-04-01,6480
3313,斐成,15,0,15,福邦證券,2024-04-01,6480
6214,精誠,15,0,15,福邦證券,2024-04-01,6480
3231,緯創,21,8,13,福邦證券,2024-04-01,6480
8054,安國,42,29,13,福邦證券,2024-04-01,6480
1605,華新,12,0,12,福邦證券,2024-04-01,6480
6785,昱展新藥,13,1,12,福邦證券,2024-04-01,6480
8240,華宏,12,0,12,福邦證券,2024-04-01,6480
1742,台蠟,11,0,11,福邦證券,2024-04-01,6480
00753L,中信中國50正2,10,0,10,福邦證券,2024-04-01,6480
2441,超豐,10,0,10,福邦證券,2024-04-01,6480
5351,鈺創,10,0,10,福邦證券,2024-04-01,6480
5876,上海商銀,10,0,10,福邦證券,2024-04-01,6480
2353,宏��,10,1,9,福邦證券,2024-04-01,6480
6578,達邦蛋白,50,41,9,福邦證券,2024-04-01,6480
00939,統一台灣高息動能,10,2,8,福邦證券,2024-04-01,6480
2377,微星,8,0,8,福邦證券,2024-04-01,6480
00679B,元大美債20年,7,0,7,福邦證券,2024-04-01,6480
00632R,元大台灣50反1,150,0,150,福邦證券,2024-04-02,6480
8085,福華,160,10,150,福邦證券,2024-04-02,6480
6288,聯嘉,195,50,145,福邦證券,2024-04-02,6480
6449,鈺邦,112,0,112,福邦證券,2024-04-02,6480
8261,富鼎,110,0,110,福邦證券,2024-04-02,6480
2371,大同,151,68,83,福邦證券,2024-04-02,6480
2363,矽統,60,0,60,福邦證券,2024-04-02,6480
6120,達運,75,15,60,福邦證券,2024-04-02,6480
3324,雙鴻,51,1,50,福邦證券,2024-04-02,6480
4402,郡都開發,50,0,50,福邦證券,2024-04-02,6480
00940,元大台灣價值高息,49,0,49,福邦證券,2024-04-02,6480
00679B,元大美債20年,43,0,43,福邦證券,2024-04-02,6480
3715,定穎投控,42,0,42,福邦證券,2024-04-02,6480
1742,台蠟,35,0,35,福邦證券,2024-04-02,6480
00929,復華台灣科技優息,30,1,29,福邦證券,2024-04-02,6480
1586,和勤,35,9,26,福邦證券,2024-04-02,6480
1605,華新,26,0,26,福邦證券,2024-04-02,6480
2330,台積電,40,18,22,福邦證券,2024-04-02,6480
1587,吉茂,25,5,20,福邦證券,2024-04-02,6480
00753L,中信中國50正2,33,13,20,福邦證券,2024-04-02,6480
00640L,富邦日本正2,50,30,20,福邦證券,2024-04-02,6480
00696B,富邦美債20年,20,0,20,福邦證券,2024-04-02,6480
2344,華邦電,20,0,20,福邦證券,2024-04-02,6480
2630,亞航,20,0,20,福邦證券,2024-04-02,6480
5609,中菲行,20,0,20,福邦證券,2024-04-02,6480
6213,聯茂,283,265,18,福邦證券,2024-04-02,6480
8092,建暐,18,0,18,福邦證券,2024-04-02,6480
4966,譜瑞-KY,15,0,15,福邦證券,2024-04-02,6480
8358,金居,26,11,15,福邦證券,2024-04-02,6480
3236,千如,14,0,14,福邦證券,2024-04-02,6480
3013,晟銘電,51,38,13,福邦證券,2024-04-02,6480
2356,英業達,12,0,12,福邦證券,2024-04-02,6480
3707,漢磊,12,0,12,福邦證券,2024-04-02,6480
8227,巨有科技,12,0,12,福邦證券,2024-04-02,6480
00720B,元大投資級公司債,11,0,11,福邦證券,2024-04-02,6480
00939,統一台灣高息動能,10,0,10,福邦證券,2024-04-02,6480
00722B,群益投資級電信債,10,0,10,福邦證券,2024-04-02,6480
00680L,元大美債20正2,10,0,10,福邦證券,2024-04-02,6480
1815,富喬,10,0,10,福邦證券,2024-04-02,6480
2348,海悅,10,0,10,福邦證券,2024-04-02,6480
2634,漢翔,10,0,10,福邦證券,2024-04-02,6480
3058,立德,10,0,10,福邦證券,2024-04-02,6480
3703,欣陸,10,0,10,福邦證券,2024-04-02,6480
5310,天剛,10,0,10,福邦證券,2024-04-02,6480
5508,永信建,10,0,10,福邦證券,2024-04-02,6480
00795B,中信美國公債20年,9,0,9,福邦證券,2024-04-02,6480
2515,中工,43,34,9,福邦證券,2024-04-02,6480
3664,安瑞-KY,8,0,8,福邦證券,2024-04-02,6480
1609,大亞,7,0,7,福邦證券,2024-04-02,6480
00751B,元大AAA至A公司債,7,0,7,福邦證券,2024-04-02,6480
4938,和碩,252,1,251,福邦證券,2024-04-03,6480
3715,定穎投控,220,1,219,福邦證券,2024-04-03,6480
00941,中信上游半導體,200,0,200,福邦證券,2024-04-03,6480
8086,宏捷科,158,0,158,福邦證券,2024-04-03,6480
4958,臻鼎-KY,153,3,150,福邦證券,2024-04-03,6480
3013,晟銘電,143,2,141,福邦證券,2024-04-03,6480
2351,順德,100,0,100,福邦證券,2024-04-03,6480
4533,協易機,75,0,75,福邦證券,2024-04-03,6480
4909,新復興,74,0,74,福邦證券,2024-04-03,6480
2515,中工,111,47,64,福邦證券,2024-04-03,6480
6472,保瑞,61,0,61,福邦證券,2024-04-03,6480
00929,復華台灣科技優息,65,10,55,福邦證券,2024-04-03,6480
1586,和勤,61,9,52,福邦證券,2024-04-03,6480
00940,元大台灣價值高息,46,0,46,福邦證券,2024-04-03,6480
2383,台光電,46,0,46,福邦證券,2024-04-03,6480
1587,吉茂,42,0,42,福邦證券,2024-04-03,6480
5443,均豪,49,9,40,福邦證券,2024-04-03,6480
2603,長榮,32,2,30,福邦證券,2024-04-03,6480
4401,東隆興,30,0,30,福邦證券,2024-04-03,6480
3324,雙鴻,131,102,29,福邦證券,2024-04-03,6480
2486,一詮,49,21,28,福邦證券,2024-04-03,6480
6189,豐藝,33,5,28,福邦證券,2024-04-03,6480
00679B,元大美債20年,27,0,27,福邦證券,2024-04-03,6480
00696B,富邦美債20年,25,0,25,福邦證券,2024-04-03,6480
2371,大同,33,12,21,福邦證券,2024-04-03,6480
5340,建榮,20,0,20,福邦證券,2024-04-03,6480
8096,擎亞,20,0,20,福邦證券,2024-04-03,6480
00751B,元大AAA至A公司債,18,0,18,福邦證券,2024-04-03,6480
6875,國邑*,18,0,18,福邦證券,2024-04-03,6480
00795B,中信美國公債20年,16,0,16,福邦證券,2024-04-03,6480
5490,同亨,16,0,16,福邦證券,2024-04-03,6480
00673R,期元大S＆P原油反1,15,0,15,福邦證券,2024-04-03,6480
6742,澤米,15,0,15,福邦證券,2024-04-03,6480
8111,立��,15,0,15,福邦證券,2024-04-03,6480
1605,華新,14,0,14,福邦證券,2024-04-03,6480
1742,台蠟,12,0,12,福邦證券,2024-04-03,6480
3665,貿聯-KY,12,0,12,福邦證券,2024-04-03,6480
2327,國巨,11,0,11,福邦證券,2024-04-03,6480
3035,智原,11,0,11,福邦證券,2024-04-03,6480
2331,精英,10,0,10,福邦證券,2024-04-03,6480
2498,宏達電,10,0,10,福邦證券,2024-04-03,6480
2606,裕民,10,0,10,福邦證券,2024-04-03,6480
5310,天剛,10,0,10,福邦證券,2024-04-03,6480
6288,聯嘉,10,0,10,福邦證券,2024-04-03,6480
2374,佳能,10,1,9,福邦證券,2024-04-03,6480
8088,品安,8,0,8,福邦證券,2024-04-03,6480
2441,超豐,7,0,7,福邦證券,2024-04-03,6480
00687B,國泰20年美債,6,0,6,福邦證券,2024-04-03,6480
2354,鴻準,11,5,6,福邦證券,2024-04-03,6480
2444,兆勁,6,0,6,福邦證券,2024-04-03,6480
6026,福邦證,1170,194,976,福邦證券,2024-04-08,6480
6005,群益證,921,11,910,福邦證券,2024-04-08,6480
3037,欣興,200,0,200,福邦證券,2024-04-08,6480
3231,緯創,183,10,173,福邦證券,2024-04-08,6480
2354,鴻準,162,5,157,福邦證券,2024-04-08,6480
4958,臻鼎-KY,160,3,157,福邦證券,2024-04-08,6480
2504,國產,100,0,100,福邦證券,2024-04-08,6480
2301,光寶科,100,4,96,福邦證券,2024-04-08,6480
6449,鈺邦,87,0,87,福邦證券,2024-04-08,6480
00919,群益台灣精選高息,55,0,55,福邦證券,2024-04-08,6480
6546,正基,54,0,54,福邦證券,2024-04-08,6480
00929,復華台灣科技優息,52,0,52,福邦證券,2024-04-08,6480
00900,富邦特選高股息30,50,0,50,福邦證券,2024-04-08,6480
4533,協易機,70,20,50,福邦證券,2024-04-08,6480
5392,能率,50,0,50,福邦證券,2024-04-08,6480
1524,耿鼎,40,0,40,福邦證券,2024-04-08,6480
2241,艾姆勒,40,0,40,福邦證券,2024-04-08,6480
00679B,元大美債20年,32,0,32,福邦證券,2024-04-08,6480
6120,達運,41,10,31,福邦證券,2024-04-08,6480
2324,仁寶,30,0,30,福邦證券,2024-04-08,6480
00940,元大台灣價值高息,31,3,28,福邦證券,2024-04-08,6480
1586,和勤,25,0,25,福邦證券,2024-04-08,6480
00713,元大台灣高息低波,25,0,25,福邦證券,2024-04-08,6480
3388,崇越電,25,0,25,福邦證券,2024-04-08,6480
2371,大同,62,40,22,福邦證券,2024-04-08,6480
00927,群益半導體收益,20,0,20,福邦證券,2024-04-08,6480
00753L,中信中國50正2,20,0,20,福邦證券,2024-04-08,6480
2382,廣達,20,0,20,福邦證券,2024-04-08,6480
3357,臺慶科,20,0,20,福邦證券,2024-04-08,6480
4561,健椿,20,0,20,福邦證券,2024-04-08,6480
6290,良維,20,1,19,福邦證券,2024-04-08,6480
4739,康普,18,0,18,福邦證券,2024-04-08,6480
1519,華城,16,0,16,福邦證券,2024-04-08,6480
3587,閎康,16,0,16,福邦證券,2024-04-08,6480
00795B,中信美國公債20年,15,0,15,福邦證券,2024-04-08,6480
8027,鈦昇,15,0,15,福邦證券,2024-04-08,6480
8054,安國,12,0,12,福邦證券,2024-04-08,6480
8227,巨有科技,12,0,12,福邦證券,2024-04-08,6480
00687B,國泰20年美債,11,0,11,福邦證券,2024-04-08,6480
3050,鈺德,11,0,11,福邦證券,2024-04-08,6480
00907,永豐優息存股,10,0,10,福邦證券,2024-04-08,6480
00680L,元大美債20正2,10,0,10,福邦證券,2024-04-08,6480
0056,元大高股息,10,0,10,福邦證券,2024-04-08,6480
1909,榮成,10,0,10,福邦證券,2024-04-08,6480
2303,聯電,10,0,10,福邦證券,2024-04-08,6480
2606,裕民,10,0,10,福邦證券,2024-04-08,6480
2618,長榮航,10,0,10,福邦證券,2024-04-08,6480
2883,凱基金,10,0,10,福邦證券,2024-04-08,6480
5009,榮剛,10,0,10,福邦證券,2024-04-08,6480
6548,長科*,10,0,10,福邦證券,2024-04-08,6480
6026,福邦證,1168,29,1139,福邦證券,2024-04-09,6480
6005,群益證,937,3,934,福邦證券,2024-04-09,6480
2354,鴻準,317,2,315,福邦證券,2024-04-09,6480
6208,日揚,239,1,238,福邦證券,2024-04-09,6480
2885,元大金,232,3,229,福邦證券,2024-04-09,6480
00632R,元大台灣50反1,200,0,200,福邦證券,2024-04-09,6480
1210,大成,200,0,200,福邦證券,2024-04-09,6480
2301,光寶科,200,0,200,福邦證券,2024-04-09,6480
6742,澤米,176,0,176,福邦證券,2024-04-09,6480
4958,臻鼎-KY,162,0,162,福邦證券,2024-04-09,6480
3260,威剛,158,1,157,福邦證券,2024-04-09,6480
3037,欣興,158,2,156,福邦證券,2024-04-09,6480
00929,復華台灣科技優息,146,0,146,福邦證券,2024-04-09,6480
2371,大同,165,28,137,福邦證券,2024-04-09,6480
5371,中光電,130,20,110,福邦證券,2024-04-09,6480
2376,技嘉,107,1,106,福邦證券,2024-04-09,6480
6546,正基,100,0,100,福邦證券,2024-04-09,6480
1513,中興電,114,22,92,福邦證券,2024-04-09,6480
3363,上詮,80,0,80,福邦證券,2024-04-09,6480
2360,致茂,60,0,60,福邦證券,2024-04-09,6480
2330,台積電,64,5,59,福邦證券,2024-04-09,6480
2204,中華,52,10,42,福邦證券,2024-04-09,6480
5434,崇越,42,1,41,福邦證券,2024-04-09,6480
3013,晟銘電,48,8,40,福邦證券,2024-04-09,6480
6284,佳邦,40,0,40,福邦證券,2024-04-09,6480
5443,均豪,45,7,38,福邦證券,2024-04-09,6480
6515,穎崴,38,0,38,福邦證券,2024-04-09,6480
4746,台耀,43,9,34,福邦證券,2024-04-09,6480
2363,矽統,40,7,33,福邦證券,2024-04-09,6480
00795B,中信美國公債20年,30,0,30,福邦證券,2024-04-09,6480
2417,圓剛,30,0,30,福邦證券,2024-04-09,6480
2454,聯發科,30,0,30,福邦證券,2024-04-09,6480
3532,台勝科,25,0,25,福邦證券,2024-04-09,6480
8916,光隆,24,0,24,福邦證券,2024-04-09,6480
3005,神基,21,0,21,福邦證券,2024-04-09,6480
00687B,國泰20年美債,50,30,20,福邦證券,2024-04-09,6480
5521,工信,20,0,20,福邦證券,2024-04-09,6480
3231,緯創,26,7,19,福邦證券,2024-04-09,6480
1586,和勤,18,0,18,福邦證券,2024-04-09,6480
7402,邑錡,16,0,16,福邦證券,2024-04-09,6480
2367,燿華,15,0,15,福邦證券,2024-04-09,6480
2313,華通,14,0,14,福邦證券,2024-04-09,6480
3715,定穎投控,14,1,13,福邦證券,2024-04-09,6480
8227,巨有科技,12,0,12,福邦證券,2024-04-09,6480
4533,協易機,76,65,11,福邦證券,2024-04-09,6480
1616,億泰,10,0,10,福邦證券,2024-04-09,6480
1316,上曜,10,0,10,福邦證券,2024-04-09,6480
00655L,國泰中國A50正2,10,0,10,福邦證券,2024-04-09,6480
2340,台亞,10,0,10,福邦證券,2024-04-09,6480
2353,宏��,10,0,10,福邦證券,2024-04-09,6480
6213,聯茂,355,3,352,福邦證券,2024-04-10,6480
8054,安國,162,0,162,福邦證券,2024-04-10,6480
2515,中工,257,102,155,福邦證券,2024-04-10,6480
6742,澤米,150,0,150,福邦證券,2024-04-10,6480
2645,長榮航太,102,0,102,福邦證券,2024-04-10,6480
2809,京城銀,80,0,80,福邦證券,2024-04-10,6480
2371,大同,108,46,62,福邦證券,2024-04-10,6480
1734,杏輝,60,0,60,福邦證券,2024-04-10,6480
2376,技嘉,161,101,60,福邦證券,2024-04-10,6480
6214,精誠,50,0,50,福邦證券,2024-04-10,6480
2404,漢唐,41,0,41,福邦證券,2024-04-10,6480
2031,新光鋼,41,1,40,福邦證券,2024-04-10,6480
6472,保瑞,44,5,39,福邦證券,2024-04-10,6480
1795,美時,36,0,36,福邦證券,2024-04-10,6480
1513,中興電,40,5,35,福邦證券,2024-04-10,6480
8096,擎亞,38,5,33,福邦證券,2024-04-10,6480
3050,鈺德,30,0,30,福邦證券,2024-04-10,6480
6679,鈺太,26,0,26,福邦證券,2024-04-10,6480
00795B,中信美國公債20年,20,0,20,福邦證券,2024-04-10,6480
00679B,元大美債20年,20,0,20,福邦證券,2024-04-10,6480
2356,英業達,20,0,20,福邦證券,2024-04-10,6480
2427,三商電,20,2,18,福邦證券,2024-04-10,6480
8064,東捷,15,0,15,福邦證券,2024-04-10,6480
4401,東隆興,12,0,12,福邦證券,2024-04-10,6480
8040,九暘,12,0,12,福邦證券,2024-04-10,6480
2353,宏��,12,0,12,福邦證券,2024-04-10,6480
5244,弘凱,11,0,11,福邦證券,2024-04-10,6480
6021,美好證,11,0,11,福邦證券,2024-04-10,6480
6189,豐藝,16,5,11,福邦證券,2024-04-10,6480
00687B,國泰20年美債,50,40,10,福邦證券,2024-04-10,6480
1101,台泥,10,0,10,福邦證券,2024-04-10,6480
00650L,復華香港正2,10,0,10,福邦證券,2024-04-10,6480
2002,中鋼,10,0,10,福邦證券,2024-04-10,6480
2884,玉山金,10,0,10,福邦證券,2024-04-10,6480
2891,中信金,10,0,10,福邦證券,2024-04-10,6480
3583,辛耘,11,1,10,福邦證券,2024-04-10,6480
5880,合庫金,10,0,10,福邦證券,2024-04-10,6480
5907,大洋-KY,10,0,10,福邦證券,2024-04-10,6480
6227,茂綸,10,0,10,福邦證券,2024-04-10,6480
6505,台塑化,10,0,10,福邦證券,2024-04-10,6480
00637L,元大滬深300正2,10,2,8,福邦證券,2024-04-10,6480
006208,富邦台50,8,0,8,福邦證券,2024-04-10,6480
00940,元大台灣價值高息,8,0,8,福邦證券,2024-04-10,6480
2609,陽明,8,0,8,福邦證券,2024-04-10,6480
3044,健鼎,8,0,8,福邦證券,2024-04-10,6480
4968,立積,8,0,8,福邦證券,2024-04-10,6480
5386,青雲,10,2,8,福邦證券,2024-04-10,6480
1799,易威,7,0,7,福邦證券,2024-04-10,6480
2393,億光,7,0,7,福邦證券,2024-04-10,6480
2421,建準,7,0,7,福邦證券,2024-04-10,6480
2382,廣達,366,0,366,福邦證券,2024-04-11,6480
1504,東元,333,0,333,福邦證券,2024-04-11,6480
3017,奇鋐,200,2,198,福邦證券,2024-04-11,6480
1503,士電,165,4,161,福邦證券,2024-04-11,6480
00929,復華台灣科技優息,150,0,150,福邦證券,2024-04-11,6480
1795,美時,122,2,120,福邦證券,2024-04-11,6480
2809,京城銀,80,0,80,福邦證券,2024-04-11,6480
00941,中信上游半導體,52,0,52,福邦證券,2024-04-11,6480
1519,華城,50,0,50,福邦證券,2024-04-11,6480
2408,南亞科,50,0,50,福邦證券,2024-04-11,6480
2630,亞航,81,32,49,福邦證券,2024-04-11,6480
2207,和泰車,48,0,48,福邦證券,2024-04-11,6480
1734,杏輝,60,19,41,福邦證券,2024-04-11,6480
3481,群創,40,0,40,福邦證券,2024-04-11,6480
8255,朋程,40,0,40,福邦證券,2024-04-11,6480
2371,大同,158,123,35,福邦證券,2024-04-11,6480
1586,和勤,27,4,23,福邦證券,2024-04-11,6480
00679B,元大美債20年,22,0,22,福邦證券,2024-04-11,6480
3058,立德,22,0,22,福邦證券,2024-04-11,6480
2353,宏��,23,1,22,福邦證券,2024-04-11,6480
1802,台玻,20,0,20,福邦證券,2024-04-11,6480
2031,新光鋼,20,0,20,福邦證券,2024-04-11,6480
2348,海悅,20,0,20,福邦證券,2024-04-11,6480
8033,雷虎,19,0,19,福邦證券,2024-04-11,6480
2882,國泰金,40,22,18,福邦證券,2024-04-11,6480
1742,台蠟,17,0,17,福邦證券,2024-04-11,6480
3664,安瑞-KY,16,0,16,福邦證券,2024-04-11,6480
6026,福邦證,19,3,16,福邦證券,2024-04-11,6480
1609,大亞,25,12,13,福邦證券,2024-04-11,6480
2313,華通,13,0,13,福邦證券,2024-04-11,6480
4979,華星光,13,0,13,福邦證券,2024-04-11,6480
6742,澤米,12,0,12,福邦證券,2024-04-11,6480
00919,群益台灣精選高息,11,0,11,福邦證券,2024-04-11,6480
3289,宜特,11,0,11,福邦證券,2024-04-11,6480
5443,均豪,24,13,11,福邦證券,2024-04-11,6480
1604,聲寶,10,0,10,福邦證券,2024-04-11,6480
00655L,國泰中國A50正2,10,0,10,福邦證券,2024-04-11,6480
2329,華泰,20,10,10,福邦證券,2024-04-11,6480
2356,英業達,10,0,10,福邦證券,2024-04-11,6480
2374,佳能,25,15,10,福邦證券,2024-04-11,6480
3052,夆典,10,0,10,福邦證券,2024-04-11,6480
4743,合一,10,0,10,福邦證券,2024-04-11,6480
6937,天虹,10,0,10,福邦證券,2024-04-11,6480
6282,康舒,10,0,10,福邦證券,2024-04-11,6480
1717,長興,9,0,9,福邦證券,2024-04-11,6480
2406,國碩,9,0,9,福邦證券,2024-04-11,6480
1762,中化生,8,0,8,福邦證券,2024-04-11,6480
2454,聯發科,8,0,8,福邦證券,2024-04-11,6480
2634,漢翔,8,0,8,福邦證券,2024-04-11,6480
3228,金麗科,7,0,7,福邦證券,2024-04-11,6480
2324,仁寶,1000,0,1000,福邦證券,2024-04-12,6480
2388,威盛,501,0,501,福邦證券,2024-04-12,6480
3231,緯創,210,5,205,福邦證券,2024-04-12,6480
6269,台郡,180,0,180,福邦證券,2024-04-12,6480
1722,台肥,130,0,130,福邦證券,2024-04-12,6480
6202,盛群,98,0,98,福邦證券,2024-04-12,6480
1319,東陽,81,4,77,福邦證券,2024-04-12,6480
1504,東元,80,6,74,福邦證券,2024-04-12,6480
3388,崇越電,74,0,74,福邦證券,2024-04-12,6480
6213,聯茂,74,0,74,福邦證券,2024-04-12,6480
2617,台航,60,0,60,福邦證券,2024-04-12,6480
2241,艾姆勒,51,0,51,福邦證券,2024-04-12,6480
2347,聯強,51,1,50,福邦證券,2024-04-12,6480
2368,金像電,50,0,50,福邦證券,2024-04-12,6480
2377,微星,50,0,50,福邦證券,2024-04-12,6480
2207,和泰車,49,0,49,福邦證券,2024-04-12,6480
2353,宏��,47,1,46,福邦證券,2024-04-12,6480
4533,協易機,126,80,46,福邦證券,2024-04-12,6480
1586,和勤,89,48,41,福邦證券,2024-04-12,6480
1815,富喬,50,10,40,福邦證券,2024-04-12,6480
2348,海悅,40,0,40,福邦證券,2024-04-12,6480
2331,精英,40,1,39,福邦證券,2024-04-12,6480
2308,台達電,37,0,37,福邦證券,2024-04-12,6480
1760,寶齡富錦,36,0,36,福邦證券,2024-04-12,6480
3005,神基,31,0,31,福邦證券,2024-04-12,6480
6207,雷科,32,1,31,福邦證券,2024-04-12,6480
1529,樂事綠能,30,0,30,福邦證券,2024-04-12,6480
00637L,元大滬深300正2,30,2,28,福邦證券,2024-04-12,6480
3483,力致,24,0,24,福邦證券,2024-04-12,6480
00679B,元大美債20年,22,0,22,福邦證券,2024-04-12,6480
2376,技嘉,22,0,22,福邦證券,2024-04-12,6480
00795B,中信美國公債20年,20,0,20,福邦證券,2024-04-12,6480
2031,新光鋼,20,0,20,福邦證券,2024-04-12,6480
3312,弘憶股,20,0,20,福邦證券,2024-04-12,6480
6120,達運,52,32,20,福邦證券,2024-04-12,6480
9955,佳龍,20,0,20,福邦證券,2024-04-12,6480
5425,台半,20,1,19,福邦證券,2024-04-12,6480
00927,群益半導體收益,16,0,16,福邦證券,2024-04-12,6480
6761,穩得,14,0,14,福邦證券,2024-04-12,6480
1314,中石化,13,0,13,福邦證券,2024-04-12,6480
00933B,國泰10Y+金融債,13,0,13,福邦證券,2024-04-12,6480
3030,德律,13,0,13,福邦證券,2024-04-12,6480
8087,麗升能源,13,0,13,福邦證券,2024-04-12,6480
3322,建舜電,12,0,12,福邦證券,2024-04-12,6480
4739,康普,12,0,12,福邦證券,2024-04-12,6480
00751B,元大AAA至A公司債,11,0,11,福邦證券,2024-04-12,6480
6142,友勁,11,0,11,福邦證券,2024-04-12,6480
6264,富裔,11,0,11,福邦證券,2024-04-12,6480
2618,長榮航,10,0,10,福邦證券,2024-04-12,6480
6274,台燿,11,1,10,福邦證券,2024-04-12,6480
3015,全漢,302,0,302,福邦證券,2024-04-15,6480
2371,大同,788,506,282,福邦證券,2024-04-15,6480
00927,群益半導體收益,270,45,225,福邦證券,2024-04-15,6480
2634,漢翔,212,13,199,福邦證券,2024-04-15,6480
1503,士電,163,3,160,福邦證券,2024-04-15,6480
8358,金居,132,0,132,福邦證券,2024-04-15,6480
00929,復華台灣科技優息,133,10,123,福邦證券,2024-04-15,6480
4533,協易機,161,56,105,福邦證券,2024-04-15,6480
2367,燿華,74,1,73,福邦證券,2024-04-15,6480
2324,仁寶,55,0,55,福邦證券,2024-04-15,6480
1815,富喬,50,0,50,福邦證券,2024-04-15,6480
2345,智邦,51,1,50,福邦證券,2024-04-15,6480
2515,中工,51,3,48,福邦證券,2024-04-15,6480
2002,中鋼,47,2,45,福邦證券,2024-04-15,6480
3312,弘憶股,55,20,35,福邦證券,2024-04-15,6480
2308,台達電,33,0,33,福邦證券,2024-04-15,6480
6202,盛群,31,0,31,福邦證券,2024-04-15,6480
2348,海悅,30,0,30,福邦證券,2024-04-15,6480
3013,晟銘電,30,3,27,福邦證券,2024-04-15,6480
3058,立德,22,0,22,福邦證券,2024-04-15,6480
6139,亞翔,22,0,22,福邦證券,2024-04-15,6480
2353,宏��,24,3,21,福邦證券,2024-04-15,6480
00751B,元大AAA至A公司債,20,0,20,福邦證券,2024-04-15,6480
6026,福邦證,20,0,20,福邦證券,2024-04-15,6480
6284,佳邦,20,0,20,福邦證券,2024-04-15,6480
0056,元大高股息,15,0,15,福邦證券,2024-04-15,6480
2637,慧洋-KY,15,0,15,福邦證券,2024-04-15,6480
3443,創意,15,0,15,福邦證券,2024-04-15,6480
4401,東隆興,15,0,15,福邦證券,2024-04-15,6480
8227,巨有科技,15,0,15,福邦證券,2024-04-15,6480
00940,元大台灣價值高息,13,0,13,福邦證券,2024-04-15,6480
2363,矽統,12,0,12,福邦證券,2024-04-15,6480
2618,長榮航,12,0,12,福邦證券,2024-04-15,6480
4770,上品,12,0,12,福邦證券,2024-04-15,6480
5434,崇越,12,0,12,福邦證券,2024-04-15,6480
4971,IET-KY,11,0,11,福邦證券,2024-04-15,6480
6719,力智,11,0,11,福邦證券,2024-04-15,6480
00650L,復華香港正2,10,0,10,福邦證券,2024-04-15,6480
00939,統一台灣高息動能,10,0,10,福邦證券,2024-04-15,6480
1785,光洋科,11,1,10,福邦證券,2024-04-15,6480
3008,大立光,10,0,10,福邦證券,2024-04-15,6480
3481,群創,10,0,10,福邦證券,2024-04-15,6480
3583,辛耘,11,1,10,福邦證券,2024-04-15,6480
5521,工信,10,0,10,福邦證券,2024-04-15,6480
6679,鈺太,11,1,10,福邦證券,2024-04-15,6480
1467,南緯,9,0,9,福邦證券,2024-04-15,6480
2329,華泰,9,0,9,福邦證券,2024-04-15,6480
00772B,中信高評級公司債,8,0,8,福邦證券,2024-04-15,6480
5309,系統電,8,0,8,福邦證券,2024-04-15,6480
6782,視陽,8,1,7,福邦證券,2024-04-15,6480
2371,大同,769,33,736,福邦證券,2024-04-16,6480
00927,群益半導體收益,261,10,251,福邦證券,2024-04-16,6480
1513,中興電,196,23,173,福邦證券,2024-04-16,6480
00929,復華台灣科技優息,139,21,118,福邦證券,2024-04-16,6480
6288,聯嘉,89,0,89,福邦證券,2024-04-16,6480
2408,南亞科,75,0,75,福邦證券,2024-04-16,6480
8358,金居,60,0,60,福邦證券,2024-04-16,6480
00751B,元大AAA至A公司債,50,0,50,福邦證券,2024-04-16,6480
00919,群益台灣精選高息,48,0,48,福邦證券,2024-04-16,6480
2308,台達電,67,21,46,福邦證券,2024-04-16,6480
00940,元大台灣價值高息,42,0,42,福邦證券,2024-04-16,6480
2353,宏��,43,1,42,福邦證券,2024-04-16,6480
4533,協易機,42,0,42,福邦證券,2024-04-16,6480
00720B,元大投資級公司債,37,0,37,福邦證券,2024-04-16,6480
1605,華新,35,4,31,福邦證券,2024-04-16,6480
5425,台半,30,0,30,福邦證券,2024-04-16,6480
00631L,元大台灣50正2,26,1,25,福邦證券,2024-04-16,6480
1795,美時,26,1,25,福邦證券,2024-04-16,6480
6719,力智,23,0,23,福邦證券,2024-04-16,6480
1524,耿鼎,20,0,20,福邦證券,2024-04-16,6480
1598,岱宇,20,0,20,福邦證券,2024-04-16,6480
2637,慧洋-KY,20,0,20,福邦證券,2024-04-16,6480
3163,波若威,20,0,20,福邦證券,2024-04-16,6480
6026,福邦證,20,0,20,福邦證券,2024-04-16,6480
6284,佳邦,20,0,20,福邦證券,2024-04-16,6480
8255,朋程,21,1,20,福邦證券,2024-04-16,6480
3481,群創,18,0,18,福邦證券,2024-04-16,6480
3231,緯創,30,13,17,福邦證券,2024-04-16,6480
00939,統一台灣高息動能,15,0,15,福邦證券,2024-04-16,6480
1742,台蠟,14,0,14,福邦證券,2024-04-16,6480
2331,精英,25,11,14,福邦證券,2024-04-16,6480
2630,亞航,22,8,14,福邦證券,2024-04-16,6480
2330,台積電,14,1,13,福邦證券,2024-04-16,6480
6679,鈺太,13,0,13,福邦證券,2024-04-16,6480
6282,康舒,12,0,12,福邦證券,2024-04-16,6480
2537,聯上發,11,0,11,福邦證券,2024-04-16,6480
5371,中光電,16,5,11,福邦證券,2024-04-16,6480
1584,精剛,10,0,10,福邦證券,2024-04-16,6480
00676R,富邦臺灣加權反1,10,0,10,福邦證券,2024-04-16,6480
00687B,國泰20年美債,10,0,10,福邦證券,2024-04-16,6480
006208,富邦台50,10,0,10,福邦證券,2024-04-16,6480
1587,吉茂,12,2,10,福邦證券,2024-04-16,6480
2105,正新,10,0,10,福邦證券,2024-04-16,6480
2498,宏達電,10,0,10,福邦證券,2024-04-16,6480
2609,陽明,10,0,10,福邦證券,2024-04-16,6480
2615,萬海,10,0,10,福邦證券,2024-04-16,6480
2618,長榮航,10,0,10,福邦證券,2024-04-16,6480
2867,三商壽,30,20,10,福邦證券,2024-04-16,6480
2883,凱基金,10,0,10,福邦證券,2024-04-16,6480
3041,揚智,10,0,10,福邦證券,2024-04-16,6480
6005,群益證,470,0,470,福邦證券,2024-04-17,6480
2855,統一證,195,1,194,福邦證券,2024-04-17,6480
3665,貿聯-KY,162,0,162,福邦證券,2024-04-17,6480
6239,力成,160,0,160,福邦證券,2024-04-17,6480
3017,奇鋐,164,5,159,福邦證券,2024-04-17,6480
2324,仁寶,150,1,149,福邦證券,2024-04-17,6480
2408,南亞科,110,0,110,福邦證券,2024-04-17,6480
3324,雙鴻,106,4,102,福邦證券,2024-04-17,6480
1727,中華化,100,0,100,福邦證券,2024-04-17,6480
2354,鴻準,90,0,90,福邦證券,2024-04-17,6480
00929,復華台灣科技優息,109,25,84,福邦證券,2024-04-17,6480
2376,技嘉,77,2,75,福邦證券,2024-04-17,6480
8227,巨有科技,69,0,69,福邦證券,2024-04-17,6480
2025,千興,51,0,51,福邦證券,2024-04-17,6480
00857B,永豐20年美公債,50,0,50,福邦證券,2024-04-17,6480
6153,嘉聯益,50,0,50,福邦證券,2024-04-17,6480
8996,高力,42,1,41,福邦證券,2024-04-17,6480
00927,群益半導體收益,30,0,30,福邦證券,2024-04-17,6480
1598,岱宇,30,0,30,福邦證券,2024-04-17,6480
6548,長科*,30,0,30,福邦證券,2024-04-17,6480
6288,聯嘉,30,1,29,福邦證券,2024-04-17,6480
5340,建榮,27,0,27,福邦證券,2024-04-17,6480
6664,群翊,25,0,25,福邦證券,2024-04-17,6480
2241,艾姆勒,30,7,23,福邦證券,2024-04-17,6480
1760,寶齡富錦,20,0,20,福邦證券,2024-04-17,6480
8091,翔名,20,0,20,福邦證券,2024-04-17,6480
8121,越峰,20,0,20,福邦證券,2024-04-17,6480
3163,波若威,20,1,19,福邦證券,2024-04-17,6480
3231,緯創,19,0,19,福邦證券,2024-04-17,6480
9962,有益,17,0,17,福邦證券,2024-04-17,6480
6120,達運,31,15,16,福邦證券,2024-04-17,6480
0056,元大高股息,15,0,15,福邦證券,2024-04-17,6480
6949,沛爾生醫-創,16,1,15,福邦證券,2024-04-17,6480
00905,FT臺灣Smart,14,0,14,福邦證券,2024-04-17,6480
4167,松瑞藥,21,7,14,福邦證券,2024-04-17,6480
2254,巨鎧精密-創,27,14,13,福邦證券,2024-04-17,6480
2345,智邦,11,0,11,福邦證券,2024-04-17,6480
6719,力智,11,0,11,福邦證券,2024-04-17,6480
8069,元太,13,2,11,福邦證券,2024-04-17,6480
9938,百和,11,0,11,福邦證券,2024-04-17,6480
2867,三商壽,15,5,10,福邦證券,2024-04-17,6480
3032,偉訓,10,0,10,福邦證券,2024-04-17,6480
4303,信立,10,0,10,福邦證券,2024-04-17,6480
6873,泓德能源,10,0,10,福邦證券,2024-04-17,6480
1586,和勤,26,17,9,福邦證券,2024-04-17,6480
6264,富裔,9,0,9,福邦證券,2024-04-17,6480
00679B,元大美債20年,38,30,8,福邦證券,2024-04-17,6480
00940,元大台灣價值高息,8,0,8,福邦證券,2024-04-17,6480
3035,智原,10,2,8,福邦證券,2024-04-17,6480
3339,泰谷,10,2,8,福邦證券,2024-04-17,6480
2371,大同,985,65,920,福邦證券,2024-04-18,6480
0056,元大高股息,332,0,332,福邦證券,2024-04-18,6480
9910,豐泰,250,0,250,福邦證券,2024-04-18,6480
2329,華泰,210,0,210,福邦證券,2024-04-18,6480
1513,中興電,165,1,164,福邦證券,2024-04-18,6480
3324,雙鴻,140,1,139,福邦證券,2024-04-18,6480
2352,佳世達,120,1,119,福邦證券,2024-04-18,6480
2630,亞航,109,18,91,福邦證券,2024-04-18,6480
2540,愛山林,70,0,70,福邦證券,2024-04-18,6480
6505,台塑化,70,0,70,福邦證券,2024-04-18,6480
00937B,群益ESG投等債20,57,0,57,福邦證券,2024-04-18,6480
00891,中信關鍵半導體,50,0,50,福邦證券,2024-04-18,6480
00692,富邦公司治理,49,0,49,福邦證券,2024-04-18,6480
3481,群創,41,0,41,福邦證券,2024-04-18,6480
6782,視陽,47,6,41,福邦證券,2024-04-18,6480
1760,寶齡富錦,40,0,40,福邦證券,2024-04-18,6480
4968,立積,40,0,40,福邦證券,2024-04-18,6480
5443,均豪,40,0,40,福邦證券,2024-04-18,6480
3529,力旺,38,0,38,福邦證券,2024-04-18,6480
2324,仁寶,37,0,37,福邦證券,2024-04-18,6480
00940,元大台灣價值高息,36,0,36,福邦證券,2024-04-18,6480
00881,國泰台灣5G+,31,0,31,福邦證券,2024-04-18,6480
3455,由田,30,0,30,福邦證券,2024-04-18,6480
00927,群益半導體收益,50,30,20,福邦證券,2024-04-18,6480
2514,龍邦,20,0,20,福邦證券,2024-04-18,6480
3605,宏致,20,0,20,福邦證券,2024-04-18,6480
3609,三一東林,20,0,20,福邦證券,2024-04-18,6480
5522,遠雄,20,0,20,福邦證券,2024-04-18,6480
6213,聯茂,26,6,20,福邦證券,2024-04-18,6480
6535,順藥,20,0,20,福邦證券,2024-04-18,6480
8091,翔名,20,0,20,福邦證券,2024-04-18,6480
2330,台積電,18,0,18,福邦證券,2024-04-18,6480
2897,王道銀行,17,0,17,福邦證券,2024-04-18,6480
6526,達發,17,1,16,福邦證券,2024-04-18,6480
2308,台達電,16,1,15,福邦證券,2024-04-18,6480
4303,信立,15,0,15,福邦證券,2024-04-18,6480
5009,榮剛,16,1,15,福邦證券,2024-04-18,6480
9938,百和,15,0,15,福邦證券,2024-04-18,6480
3450,聯鈞,12,0,12,福邦證券,2024-04-18,6480
2303,聯電,10,0,10,福邦證券,2024-04-18,6480
00878,國泰永續高股息,10,0,10,福邦證券,2024-04-18,6480
00733,富邦臺灣中小,10,0,10,福邦證券,2024-04-18,6480
1727,中華化,10,0,10,福邦證券,2024-04-18,6480
3707,漢磊,15,5,10,福邦證券,2024-04-18,6480
4402,郡都開發,10,0,10,福邦證券,2024-04-18,6480
1597,直得,9,0,9,福邦證券,2024-04-18,6480
3228,金麗科,9,0,9,福邦證券,2024-04-18,6480
3231,緯創,13,4,9,福邦證券,2024-04-18,6480
5371,中光電,10,1,9,福邦證券,2024-04-18,6480
6670,復盛應用,9,0,9,福邦證券,2024-04-18,6480
2515,中工,1184,160,1024,福邦證券,2024-04-19,6480
6005,群益證,444,0,444,福邦證券,2024-04-19,6480
00929,復華台灣科技優息,472,80,392,福邦證券,2024-04-19,6480
2352,佳世達,241,0,241,福邦證券,2024-04-19,6480
00940,元大台灣價值高息,176,51,125,福邦證券,2024-04-19,6480
5392,能率,112,0,112,福邦證券,2024-04-19,6480
3703,欣陸,84,5,79,福邦證券,2024-04-19,6480
3711,日月光投控,54,1,53,福邦證券,2024-04-19,6480
3037,欣興,52,1,51,福邦證券,2024-04-19,6480
3702,大聯大,50,0,50,福邦證券,2024-04-19,6480
6668,中揚光,50,0,50,福邦證券,2024-04-19,6480
8358,金居,80,30,50,福邦證券,2024-04-19,6480
2250,IKKA-KY,48,0,48,福邦證券,2024-04-19,6480
2607,榮運,40,0,40,福邦證券,2024-04-19,6480
3015,全漢,62,22,40,福邦證券,2024-04-19,6480
5522,遠雄,42,2,40,福邦證券,2024-04-19,6480
3701,大眾控,36,0,36,福邦證券,2024-04-19,6480
1598,岱宇,31,0,31,福邦證券,2024-04-19,6480
2812,台中銀,30,0,30,福邦證券,2024-04-19,6480
8299,群聯,30,0,30,福邦證券,2024-04-19,6480
8996,高力,34,5,29,福邦證券,2024-04-19,6480
2888,新光金,48,20,28,福邦證券,2024-04-19,6480
1605,華新,32,6,26,福邦證券,2024-04-19,6480
4533,協易機,26,1,25,福邦證券,2024-04-19,6480
8936,國統,34,9,25,福邦證券,2024-04-19,6480
6670,復盛應用,23,0,23,福邦證券,2024-04-19,6480
2883,凱基金,21,0,21,福邦證券,2024-04-19,6480
3027,盛達,20,0,20,福邦證券,2024-04-19,6480
3324,雙鴻,21,1,20,福邦證券,2024-04-19,6480
5009,榮剛,22,2,20,福邦證券,2024-04-19,6480
8044,網家,20,0,20,福邦證券,2024-04-19,6480
0056,元大高股息,19,0,19,福邦證券,2024-04-19,6480
2610,華航,22,3,19,福邦證券,2024-04-19,6480
2537,聯上發,20,2,18,福邦證券,2024-04-19,6480
5371,中光電,28,10,18,福邦證券,2024-04-19,6480
1586,和勤,44,27,17,福邦證券,2024-04-19,6480
1608,華榮,50,34,16,福邦證券,2024-04-19,6480
1742,台蠟,15,0,15,福邦證券,2024-04-19,6480
2049,上銀,15,0,15,福邦證券,2024-04-19,6480
2897,王道銀行,15,0,15,福邦證券,2024-04-19,6480
3005,神基,16,1,15,福邦證券,2024-04-19,6480
5426,振發,15,0,15,福邦證券,2024-04-19,6480
2374,佳能,19,5,14,福邦證券,2024-04-19,6480
2501,國建,23,10,13,福邦證券,2024-04-19,6480
1609,大亞,119,106,13,福邦證券,2024-04-19,6480
00919,群益台灣精選高息,42,30,12,福邦證券,2024-04-19,6480
2059,川湖,12,0,12,福邦證券,2024-04-19,6480
2329,華泰,12,0,12,福邦證券,2024-04-19,6480
2353,宏��,14,2,12,福邦證券,2024-04-19,6480
4105,東洋,12,0,12,福邦證券,2024-04-19,6480
2201,裕隆,1326,0,1326,福邦證券,2024-04-22,6480
1504,東元,300,1,299,福邦證券,2024-04-22,6480
2356,英業達,251,0,251,福邦證券,2024-04-22,6480
2449,京元電子,104,2,102,福邦證券,2024-04-22,6480
2603,長榮,104,4,100,福邦證券,2024-04-22,6480
2368,金像電,101,2,99,福邦證券,2024-04-22,6480
2329,華泰,81,0,81,福邦證券,2024-04-22,6480
5009,榮剛,58,1,57,福邦證券,2024-04-22,6480
2303,聯電,52,0,52,福邦證券,2024-04-22,6480
3481,群創,52,0,52,福邦證券,2024-04-22,6480
2377,微星,50,1,49,福邦證券,2024-04-22,6480
1618,合機,46,0,46,福邦證券,2024-04-22,6480
2887,台新金,50,7,43,福邦證券,2024-04-22,6480
3058,立德,51,10,41,福邦證券,2024-04-22,6480
00637L,元大滬深300正2,70,30,40,福邦證券,2024-04-22,6480
3703,欣陸,40,3,37,福邦證券,2024-04-22,6480
6449,鈺邦,33,0,33,福邦證券,2024-04-22,6480
2250,IKKA-KY,31,0,31,福邦證券,2024-04-22,6480
00687B,國泰20年美債,30,0,30,福邦證券,2024-04-22,6480
00738U,期元大道瓊白銀,30,0,30,福邦證券,2024-04-22,6480
1734,杏輝,30,0,30,福邦證券,2024-04-22,6480
2342,茂矽,30,0,30,福邦證券,2024-04-22,6480
2357,華碩,30,0,30,福邦證券,2024-04-22,6480
2462,良得電,30,0,30,福邦證券,2024-04-22,6480
5511,德昌,30,0,30,福邦證券,2024-04-22,6480
6153,嘉聯益,30,0,30,福邦證券,2024-04-22,6480
6535,順藥,30,0,30,福邦證券,2024-04-22,6480
00929,復華台灣科技優息,83,55,28,福邦證券,2024-04-22,6480
1785,光洋科,25,0,25,福邦證券,2024-04-22,6480
2348,海悅,24,0,24,福邦證券,2024-04-22,6480
5309,系統電,21,0,21,福邦證券,2024-04-22,6480
2066,世德,20,0,20,福邦證券,2024-04-22,6480
3015,全漢,22,2,20,福邦證券,2024-04-22,6480
4967,十銓,20,0,20,福邦證券,2024-04-22,6480
6284,佳邦,20,0,20,福邦證券,2024-04-22,6480
3711,日月光投控,19,0,19,福邦證券,2024-04-22,6480
00919,群益台灣精選高息,22,6,16,福邦證券,2024-04-22,6480
00937B,群益ESG投等債20,16,0,16,福邦證券,2024-04-22,6480
2104,國際中橡,15,0,15,福邦證券,2024-04-22,6480
2331,精英,15,0,15,福邦證券,2024-04-22,6480
8089,康全電訊,20,5,15,福邦證券,2024-04-22,6480
00940,元大台灣價值高息,14,0,14,福邦證券,2024-04-22,6480
00939,統一台灣高息動能,16,2,14,福邦證券,2024-04-22,6480
00795B,中信美國公債20年,13,0,13,福邦證券,2024-04-22,6480
1598,岱宇,13,0,13,福邦證券,2024-04-22,6480
8033,雷虎,13,0,13,福邦證券,2024-04-22,6480
2254,巨鎧精密-創,12,0,12,福邦證券,2024-04-22,6480
3339,泰谷,28,16,12,福邦證券,2024-04-22,6480
5522,遠雄,14,2,12,福邦證券,2024-04-22,6480
5371,中光電,12,1,11,福邦證券,2024-04-22,6480
1504,東元,402,0,402,福邦證券,2024-04-23,6480
2371,大同,242,30,212,福邦證券,2024-04-23,6480
6449,鈺邦,214,122,92,福邦證券,2024-04-23,6480
6207,雷科,67,1,66,福邦證券,2024-04-23,6480
2603,長榮,50,0,50,福邦證券,2024-04-23,6480
2634,漢翔,54,4,50,福邦證券,2024-04-23,6480
6264,富裔,40,0,40,福邦證券,2024-04-23,6480
2348,海悅,36,0,36,福邦證券,2024-04-23,6480
1519,華城,32,2,30,福邦證券,2024-04-23,6480
2489,瑞軒,30,0,30,福邦證券,2024-04-23,6480
6668,中揚光,30,0,30,福邦證券,2024-04-23,6480
8171,天宇,28,0,28,福邦證券,2024-04-23,6480
00738U,期元大道瓊白銀,30,3,27,福邦證券,2024-04-23,6480
6949,沛爾生醫-創,30,4,26,福邦證券,2024-04-23,6480
2250,IKKA-KY,23,0,23,福邦證券,2024-04-23,6480
1734,杏輝,24,2,22,福邦證券,2024-04-23,6480
00635U,期元大S＆P黃金,20,0,20,福邦證券,2024-04-23,6480
00929,復華台灣科技優息,80,60,20,福邦證券,2024-04-23,6480
2809,京城銀,20,0,20,福邦證券,2024-04-23,6480
3313,斐成,20,0,20,福邦證券,2024-04-23,6480
3122,笙泉,17,0,17,福邦證券,2024-04-23,6480
2509,全坤建,16,0,16,福邦證券,2024-04-23,6480
00919,群益台灣精選高息,15,0,15,福邦證券,2024-04-23,6480
2345,智邦,15,0,15,福邦證券,2024-04-23,6480
5371,中光電,20,5,15,福邦證券,2024-04-23,6480
5484,慧友,13,0,13,福邦證券,2024-04-23,6480
0056,元大高股息,11,0,11,福邦證券,2024-04-23,6480
3058,立德,12,1,11,福邦證券,2024-04-23,6480
1101,台泥,10,0,10,福邦證券,2024-04-23,6480
00753L,中信中國50正2,10,0,10,福邦證券,2024-04-23,6480
1795,美時,10,0,10,福邦證券,2024-04-23,6480
2356,英業達,10,0,10,福邦證券,2024-04-23,6480
2547,日勝生,10,0,10,福邦證券,2024-04-23,6480
4966,譜瑞-KY,10,0,10,福邦證券,2024-04-23,6480
6215,和椿,10,0,10,福邦證券,2024-04-23,6480
6419,京晨科,10,0,10,福邦證券,2024-04-23,6480
6615,慧智,10,0,10,福邦證券,2024-04-23,6480
6679,鈺太,13,4,9,福邦證券,2024-04-23,6480
6768,志強-KY,9,0,9,福邦證券,2024-04-23,6480
3609,三一東林,8,0,8,福邦證券,2024-04-23,6480
1586,和勤,22,15,7,福邦證券,2024-04-23,6480
4961,天鈺,8,1,7,福邦證券,2024-04-23,6480
00857B,永豐20年美公債,6,0,6,福邦證券,2024-04-23,6480
1616,億泰,10,4,6,福邦證券,2024-04-23,6480
2258,鴻華先進-創,6,0,6,福邦證券,2024-04-23,6480
3576,聯合再生,6,0,6,福邦證券,2024-04-23,6480
00891,中信關鍵半導體,5,0,5,福邦證券,2024-04-23,6480
00939,統一台灣高息動能,5,0,5,福邦證券,2024-04-23,6480
1587,吉茂,5,0,5,福邦證券,2024-04-23,6480
1809,中釉,5,0,5,福邦證券,2024-04-23,6480
2317,鴻海,1775,13,1762,福邦證券,2024-04-24,6480
00942B,台新美A公司債20+,500,0,500,福邦證券,2024-04-24,6480
2634,漢翔,509,85,424,福邦證券,2024-04-24,6480
6274,台燿,319,8,311,福邦證券,2024-04-24,6480
00632R,元大台灣50反1,200,0,200,福邦證券,2024-04-24,6480
1503,士電,318,161,157,福邦證券,2024-04-24,6480
3703,欣陸,144,10,134,福邦證券,2024-04-24,6480
3653,健策,95,0,95,福邦證券,2024-04-24,6480
6207,雷科,103,29,74,福邦證券,2024-04-24,6480
00637L,元大滬深300正2,70,5,65,福邦證券,2024-04-24,6480
8096,擎亞,50,0,50,福邦證券,2024-04-24,6480
2382,廣達,53,4,49,福邦證券,2024-04-24,6480
2603,長榮,50,4,46,福邦證券,2024-04-24,6480
00940,元大台灣價值高息,39,0,39,福邦證券,2024-04-24,6480
3481,群創,33,0,33,福邦證券,2024-04-24,6480
1598,岱宇,31,0,31,福邦證券,2024-04-24,6480
2254,巨鎧精密-創,30,0,30,福邦證券,2024-04-24,6480
00878,國泰永續高股息,25,0,25,福邦證券,2024-04-24,6480
6125,廣運,50,27,23,福邦證券,2024-04-24,6480
2027,大成鋼,20,0,20,福邦證券,2024-04-24,6480
2489,瑞軒,20,0,20,福邦證券,2024-04-24,6480
3052,夆典,20,0,20,福邦證券,2024-04-24,6480
4768,晶呈科技,20,0,20,福邦證券,2024-04-24,6480
2607,榮運,19,0,19,福邦證券,2024-04-24,6480
2348,海悅,16,1,15,福邦證券,2024-04-24,6480
2606,裕民,15,0,15,福邦證券,2024-04-24,6480
3122,笙泉,15,0,15,福邦證券,2024-04-24,6480
00937B,群益ESG投等債20,30,16,14,福邦證券,2024-04-24,6480
5484,慧友,14,0,14,福邦證券,2024-04-24,6480
6213,聯茂,18,5,13,福邦證券,2024-04-24,6480
0050,元大台灣50,12,0,12,福邦證券,2024-04-24,6480
2383,台光電,11,0,11,福邦證券,2024-04-24,6480
2329,華泰,11,0,11,福邦證券,2024-04-24,6480
1101,台泥,10,0,10,福邦證券,2024-04-24,6480
00673R,期元大S＆P原油反1,10,0,10,福邦證券,2024-04-24,6480
00857B,永豐20年美公債,10,0,10,福邦證券,2024-04-24,6480
2066,世德,10,0,10,福邦證券,2024-04-24,6480
2374,佳能,10,0,10,福邦證券,2024-04-24,6480
3588,通嘉,10,0,10,福邦證券,2024-04-24,6480
5388,中磊,10,0,10,福邦證券,2024-04-24,6480
6264,富裔,10,0,10,福邦證券,2024-04-24,6480
2101,南港,17,8,9,福邦證券,2024-04-24,6480
2707,晶華,9,0,9,福邦證券,2024-04-24,6480
3587,閎康,10,1,9,福邦證券,2024-04-24,6480
00795B,中信美國公債20年,9,1,8,福邦證券,2024-04-24,6480
2206,三陽工業,9,1,8,福邦證券,2024-04-24,6480
3402,漢科,8,0,8,福邦證券,2024-04-24,6480
3576,聯合再生,8,0,8,福邦證券,2024-04-24,6480
1795,美時,6,0,6,福邦證券,2024-04-24,6480
6142,友勁,6,0,6,福邦證券,2024-04-24,6480
2610,華航,1200,7,1193,福邦證券,2024-04-25,6480
2317,鴻海,730,5,725,福邦證券,2024-04-25,6480
2618,長榮航,635,12,623,福邦證券,2024-04-25,6480
2634,漢翔,503,5,498,福邦證券,2024-04-25,6480
2324,仁寶,300,0,300,福邦證券,2024-04-25,6480
00751B,元大AAA至A公司債,209,0,209,福邦證券,2024-04-25,6480
2449,京元電子,100,0,100,福邦證券,2024-04-25,6480
3005,神基,100,0,100,福邦證券,2024-04-25,6480
2371,大同,403,332,71,福邦證券,2024-04-25,6480
3703,欣陸,70,12,58,福邦證券,2024-04-25,6480
4966,譜瑞-KY,50,0,50,福邦證券,2024-04-25,6480
2241,艾姆勒,55,9,46,福邦證券,2024-04-25,6480
2886,兆豐金,40,0,40,福邦證券,2024-04-25,6480
2250,IKKA-KY,38,0,38,福邦證券,2024-04-25,6480
00937B,群益ESG投等債20,30,0,30,福邦證券,2024-04-25,6480
3036,文曄,30,0,30,福邦證券,2024-04-25,6480
5443,均豪,30,0,30,福邦證券,2024-04-25,6480
8358,金居,30,0,30,福邦證券,2024-04-25,6480
3013,晟銘電,38,11,27,福邦證券,2024-04-25,6480
1742,台蠟,25,0,25,福邦證券,2024-04-25,6480
3450,聯鈞,25,0,25,福邦證券,2024-04-25,6480
3339,泰谷,34,10,24,福邦證券,2024-04-25,6480
8227,巨有科技,23,0,23,福邦證券,2024-04-25,6480
1586,和勤,25,3,22,福邦證券,2024-04-25,6480
2382,廣達,23,1,22,福邦證券,2024-04-25,6480
1795,美時,21,0,21,福邦證券,2024-04-25,6480
2330,台積電,20,2,18,福邦證券,2024-04-25,6480
1618,合機,19,3,16,福邦證券,2024-04-25,6480
6451,訊芯-KY,16,0,16,福邦證券,2024-04-25,6480
00713,元大台灣高息低波,15,0,15,福邦證券,2024-04-25,6480
2454,聯發科,14,1,13,福邦證券,2024-04-25,6480
3228,金麗科,13,0,13,福邦證券,2024-04-25,6480
1598,岱宇,10,0,10,福邦證券,2024-04-25,6480
1605,華新,10,0,10,福邦證券,2024-04-25,6480
00795B,中信美國公債20年,10,0,10,福邦證券,2024-04-25,6480
2066,世德,10,0,10,福邦證券,2024-04-25,6480
2331,精英,10,0,10,福邦證券,2024-04-25,6480
2362,藍天,10,0,10,福邦證券,2024-04-25,6480
2395,研華,10,0,10,福邦證券,2024-04-25,6480
2547,日勝生,10,0,10,福邦證券,2024-04-25,6480
3052,夆典,10,0,10,福邦證券,2024-04-25,6480
6139,亞翔,14,4,10,福邦證券,2024-04-25,6480
6278,台表科,10,0,10,福邦證券,2024-04-25,6480
3284,太普高,7,0,7,福邦證券,2024-04-25,6480
00772B,中信高評級公司債,6,0,6,福邦證券,2024-04-25,6480
3231,緯創,187,181,6,福邦證券,2024-04-25,6480
3675,德微,6,0,6,福邦證券,2024-04-25,6480
00680L,元大美債20正2,5,0,5,福邦證券,2024-04-25,6480
00919,群益台灣精選高息,5,0,5,福邦證券,2024-04-25,6480
2014,中鴻,5,0,5,福邦證券,2024-04-25,6480
2618,長榮航,2911,29,2882,福邦證券,2024-04-26,6480
2371,大同,900,262,638,福邦證券,2024-04-26,6480
2317,鴻海,516,5,511,福邦證券,2024-04-26,6480
3264,欣銓,400,0,400,福邦證券,2024-04-26,6480
3363,上詮,240,3,237,福邦證券,2024-04-26,6480
3234,光環,200,7,193,福邦證券,2024-04-26,6480
00632R,元大台灣50反1,170,0,170,福邦證券,2024-04-26,6480
3017,奇鋐,298,176,122,福邦證券,2024-04-26,6480
2753,八方雲集,115,0,115,福邦證券,2024-04-26,6480
5508,永信建,100,0,100,福邦證券,2024-04-26,6480
00751B,元大AAA至A公司債,103,4,99,福邦證券,2024-04-26,6480
3481,群創,100,1,99,福邦證券,2024-04-26,6480
3163,波若威,100,3,97,福邦證券,2024-04-26,6480
6274,台燿,102,9,93,福邦證券,2024-04-26,6480
2610,華航,81,15,66,福邦證券,2024-04-26,6480
8996,高力,146,86,60,福邦證券,2024-04-26,6480
8299,群聯,54,0,54,福邦證券,2024-04-26,6480
1519,華城,52,1,51,福邦證券,2024-04-26,6480
2207,和泰車,49,0,49,福邦證券,2024-04-26,6480
8210,勤誠,54,5,49,福邦證券,2024-04-26,6480
2352,佳世達,30,0,30,福邦證券,2024-04-26,6480
6264,富裔,30,0,30,福邦證券,2024-04-26,6480
00937B,群益ESG投等債20,29,0,29,福邦證券,2024-04-26,6480
8446,華研,25,0,25,福邦證券,2024-04-26,6480
2540,愛山林,20,0,20,福邦證券,2024-04-26,6480
6278,台表科,20,0,20,福邦證券,2024-04-26,6480
8234,新漢,20,1,19,福邦證券,2024-04-26,6480
5443,均豪,18,0,18,福邦證券,2024-04-26,6480
8358,金居,42,25,17,福邦證券,2024-04-26,6480
3052,夆典,16,0,16,福邦證券,2024-04-26,6480
1609,大亞,24,9,15,福邦證券,2024-04-26,6480
6275,元山,15,0,15,福邦證券,2024-04-26,6480
00857B,永豐20年美公債,12,0,12,福邦證券,2024-04-26,6480
6213,聯茂,12,0,12,福邦證券,2024-04-26,6480
00933B,國泰10Y+金融債,11,0,11,福邦證券,2024-04-26,6480
2250,IKKA-KY,11,0,11,福邦證券,2024-04-26,6480
2630,亞航,16,5,11,福邦證券,2024-04-26,6480
6139,亞翔,15,4,11,福邦證券,2024-04-26,6480
2331,精英,10,0,10,福邦證券,2024-04-26,6480
2395,研華,10,0,10,福邦證券,2024-04-26,6480
2421,建準,10,0,10,福邦證券,2024-04-26,6480
4526,東台,12,2,10,福邦證券,2024-04-26,6480
5608,四維航,10,0,10,福邦證券,2024-04-26,6480
1586,和勤,41,32,9,福邦證券,2024-04-26,6480
3338,泰碩,9,0,9,福邦證券,2024-04-26,6480
3466,德晉,12,3,9,福邦證券,2024-04-26,6480
5522,遠雄,8,0,8,福邦證券,2024-04-26,6480
6762,達亞,8,0,8,福邦證券,2024-04-26,6480
1742,台蠟,7,0,7,福邦證券,2024-04-26,6480
5251,天鉞電,11,4,7,福邦證券,2024-04-26,6480
3036,文曄,270,0,270,福邦證券,2024-04-29,6480
00930,永豐ESG低碳高息,240,0,240,福邦證券,2024-04-29,6480
3481,群創,205,0,205,福邦證券,2024-04-29,6480
00882,中信中國高股息,201,0,201,福邦證券,2024-04-29,6480
6770,力積電,140,2,138,福邦證券,2024-04-29,6480
2250,IKKA-KY,106,0,106,福邦證券,2024-04-29,6480
2317,鴻海,1020,916,104,福邦證券,2024-04-29,6480
00632R,元大台灣50反1,100,0,100,福邦證券,2024-04-29,6480
00937B,群益ESG投等債20,100,0,100,福邦證券,2024-04-29,6480
3324,雙鴻,92,2,90,福邦證券,2024-04-29,6480
2455,全新,64,0,64,福邦證券,2024-04-29,6480
2330,台積電,67,4,63,福邦證券,2024-04-29,6480
2371,大同,112,50,62,福邦證券,2024-04-29,6480
3163,波若威,60,0,60,福邦證券,2024-04-29,6480
5425,台半,57,0,57,福邦證券,2024-04-29,6480
2885,元大金,50,0,50,福邦證券,2024-04-29,6480
2515,中工,59,10,49,福邦證券,2024-04-29,6480
3003,健和興,37,0,37,福邦證券,2024-04-29,6480
5289,宜鼎,36,0,36,福邦證券,2024-04-29,6480
2254,巨鎧精密-創,33,0,33,福邦證券,2024-04-29,6480
2634,漢翔,30,0,30,福邦證券,2024-04-29,6480
3313,斐成,30,0,30,福邦證券,2024-04-29,6480
2753,八方雲集,25,0,25,福邦證券,2024-04-29,6480
3557,嘉威,25,0,25,福邦證券,2024-04-29,6480
4973,廣穎,25,0,25,福邦證券,2024-04-29,6480
5284,jpp-KY,24,0,24,福邦證券,2024-04-29,6480
5443,均豪,24,0,24,福邦證券,2024-04-29,6480
2017,官田鋼,20,0,20,福邦證券,2024-04-29,6480
3025,星通,20,0,20,福邦證券,2024-04-29,6480
3056,富華新,20,0,20,福邦證券,2024-04-29,6480
6515,穎崴,19,0,19,福邦證券,2024-04-29,6480
8210,勤誠,25,8,17,福邦證券,2024-04-29,6480
2520,冠德,16,0,16,福邦證券,2024-04-29,6480
6197,佳必琪,18,2,16,福邦證券,2024-04-29,6480
2006,東和鋼鐵,15,0,15,福邦證券,2024-04-29,6480
2104,國際中橡,15,0,15,福邦證券,2024-04-29,6480
2506,太設,15,0,15,福邦證券,2024-04-29,6480
6643,M31,15,0,15,福邦證券,2024-04-29,6480
2603,長榮,10,0,10,福邦證券,2024-04-29,6480
4906,正文,10,0,10,福邦證券,2024-04-29,6480
4960,誠美材,10,0,10,福邦證券,2024-04-29,6480
2383,台光電,9,0,9,福邦證券,2024-04-29,6480
8431,匯鑽科,9,0,9,福邦證券,2024-04-29,6480
2421,建準,8,0,8,福邦證券,2024-04-29,6480
4533,協易機,9,1,8,福邦證券,2024-04-29,6480
6177,達麗,9,1,8,福邦證券,2024-04-29,6480
9958,世紀鋼,10,2,8,福邦證券,2024-04-29,6480
1618,合機,7,0,7,福邦證券,2024-04-29,6480
6451,訊芯-KY,12,5,7,福邦證券,2024-04-29,6480
6806,森崴能源,7,0,7,福邦證券,2024-04-29,6480
2330,台積電,298,4,294,福邦證券,2024-04-30,6480
2618,長榮航,211,20,191,福邦證券,2024-04-30,6480
2363,矽統,184,24,160,福邦證券,2024-04-30,6480
3036,文曄,125,0,125,福邦證券,2024-04-30,6480
3289,宜特,158,46,112,福邦證券,2024-04-30,6480
00882,中信中國高股息,100,0,100,福邦證券,2024-04-30,6480
2356,英業達,100,0,100,福邦證券,2024-04-30,6480
3481,群創,100,0,100,福邦證券,2024-04-30,6480
3483,力致,68,0,68,福邦證券,2024-04-30,6480
00859B,群益0-1年美債,62,0,62,福邦證券,2024-04-30,6480
2885,元大金,50,0,50,福邦證券,2024-04-30,6480
5009,榮剛,55,5,50,福邦證券,2024-04-30,6480
1605,華新,46,0,46,福邦證券,2024-04-30,6480
3376,新日興,41,1,40,福邦證券,2024-04-30,6480
6451,訊芯-KY,51,11,40,福邦證券,2024-04-30,6480
2250,IKKA-KY,37,0,37,福邦證券,2024-04-30,6480
2351,順德,30,0,30,福邦證券,2024-04-30,6480
2537,聯上發,30,0,30,福邦證券,2024-04-30,6480
5210,寶碩,23,0,23,福邦證券,2024-04-30,6480
4968,立積,21,0,21,福邦證券,2024-04-30,6480
2501,國建,23,3,20,福邦證券,2024-04-30,6480
2542,興富發,20,0,20,福邦證券,2024-04-30,6480
6548,長科*,20,0,20,福邦證券,2024-04-30,6480
6770,力積電,15,0,15,福邦證券,2024-04-30,6480
8096,擎亞,16,1,15,福邦證券,2024-04-30,6480
2027,大成鋼,13,0,13,福邦證券,2024-04-30,6480
2897,王道銀行,13,0,13,福邦證券,2024-04-30,6480
2505,國揚,12,0,12,福邦證券,2024-04-30,6480
5443,均豪,12,0,12,福邦證券,2024-04-30,6480
00720B,元大投資級公司債,20,10,10,福邦證券,2024-04-30,6480
2606,裕民,10,0,10,福邦證券,2024-04-30,6480
3056,富華新,10,0,10,福邦證券,2024-04-30,6480
3576,聯合再生,12,2,10,福邦證券,2024-04-30,6480
6197,佳必琪,16,6,10,福邦證券,2024-04-30,6480
6206,飛捷,10,0,10,福邦證券,2024-04-30,6480
4909,新復興,10,0,10,福邦證券,2024-04-30,6480
2630,亞航,9,0,9,福邦證券,2024-04-30,6480
2891,中信金,10,1,9,福邦證券,2024-04-30,6480
4105,東洋,9,0,9,福邦證券,2024-04-30,6480
2855,統一證,8,0,8,福邦證券,2024-04-30,6480
1301,台塑,7,0,7,福邦證券,2024-04-30,6480
2317,鴻海,11,4,7,福邦證券,2024-04-30,6480
2486,一詮,9,2,7,福邦證券,2024-04-30,6480
3231,緯創,7,0,7,福邦證券,2024-04-30,6480
1805,寶徠,5,0,5,福邦證券,2024-04-30,6480
2506,太設,5,0,5,福邦證券,2024-04-30,6480
2838,聯邦銀,5,0,5,福邦證券,2024-04-30,6480
6491,晶碩,5,0,5,福邦證券,2024-04-30,6480
8069,元太,5,0,5,福邦證券,2024-04-30,6480
2701,萬企,4,0,4,福邦證券,2024-04-30,6480
2618,長榮航,5892,433,5459,福邦證券,2024-05-02,6480
00857B,永豐20年美公債,353,0,353,福邦證券,2024-05-02,6480
2409,友達,340,10,330,福邦證券,2024-05-02,6480
3583,辛耘,101,8,93,福邦證券,2024-05-02,6480
2371,大同,389,304,85,福邦證券,2024-05-02,6480
5009,榮剛,99,17,82,福邦證券,2024-05-02,6480
4306,炎洲,80,0,80,福邦證券,2024-05-02,6480
2317,鴻海,283,205,78,福邦證券,2024-05-02,6480
2376,技嘉,72,1,71,福邦證券,2024-05-02,6480
2383,台光電,61,2,59,福邦證券,2024-05-02,6480
3013,晟銘電,53,1,52,福邦證券,2024-05-02,6480
5512,力麒,40,2,38,福邦證券,2024-05-02,6480
8096,擎亞,40,4,36,福邦證券,2024-05-02,6480
8996,高力,31,0,31,福邦證券,2024-05-02,6480
3036,文曄,30,0,30,福邦證券,2024-05-02,6480
5490,同亨,30,0,30,福邦證券,2024-05-02,6480
3051,力特,28,0,28,福邦證券,2024-05-02,6480
5371,中光電,30,4,26,福邦證券,2024-05-02,6480
2330,台積電,35,10,25,福邦證券,2024-05-02,6480
2476,鉅祥,25,0,25,福邦證券,2024-05-02,6480
3338,泰碩,23,0,23,福邦證券,2024-05-02,6480
3376,新日興,22,0,22,福邦證券,2024-05-02,6480
3033,威健,21,0,21,福邦證券,2024-05-02,6480
00637L,元大滬深300正2,20,0,20,福邦證券,2024-05-02,6480
2597,潤弘,20,0,20,福邦證券,2024-05-02,6480
3557,嘉威,20,0,20,福邦證券,2024-05-02,6480
3679,新至陞,20,0,20,福邦證券,2024-05-02,6480
3037,欣興,16,0,16,福邦證券,2024-05-02,6480
1598,岱宇,15,0,15,福邦證券,2024-05-02,6480
6143,振曜,15,1,14,福邦證券,2024-05-02,6480
00900,富邦特選高股息30,13,0,13,福邦證券,2024-05-02,6480
3122,笙泉,12,0,12,福邦證券,2024-05-02,6480
6770,力積電,23,11,12,福邦證券,2024-05-02,6480
1618,合機,11,0,11,福邦證券,2024-05-02,6480
2360,致茂,13,2,11,福邦證券,2024-05-02,6480
3231,緯創,15,4,11,福邦證券,2024-05-02,6480
00940,元大台灣價值高息,10,0,10,福邦證券,2024-05-02,6480
00939,統一台灣高息動能,10,0,10,福邦證券,2024-05-02,6480
2392,正崴,10,0,10,福邦證券,2024-05-02,6480
2542,興富發,10,0,10,福邦證券,2024-05-02,6480
2906,高林,10,0,10,福邦證券,2024-05-02,6480
3287,廣寰科,10,0,10,福邦證券,2024-05-02,6480
3357,臺慶科,10,0,10,福邦證券,2024-05-02,6480
4123,晟德,12,2,10,福邦證券,2024-05-02,6480
6643,M31,10,0,10,福邦證券,2024-05-02,6480
6679,鈺太,10,0,10,福邦證券,2024-05-02,6480
6742,澤米,10,0,10,福邦證券,2024-05-02,6480
00929,復華台灣科技優息,9,0,9,福邦證券,2024-05-02,6480
1609,大亞,22,13,9,福邦證券,2024-05-02,6480
3481,群創,8,0,8,福邦證券,2024-05-02,6480
6177,達麗,572,6,566,福邦證券,2024-05-03,6480
2458,義隆,318,0,318,福邦證券,2024-05-03,6480
00857B,永豐20年美公債,230,0,230,福邦證券,2024-05-03,6480
5009,榮剛,222,0,222,福邦證券,2024-05-03,6480
6143,振曜,198,0,198,福邦證券,2024-05-03,6480
3617,碩天,175,0,175,福邦證券,2024-05-03,6480
8096,擎亞,103,13,90,福邦證券,2024-05-03,6480
3036,文曄,80,0,80,福邦證券,2024-05-03,6480
3017,奇鋐,135,57,78,福邦證券,2024-05-03,6480
6120,達運,87,28,59,福邦證券,2024-05-03,6480
2363,矽統,78,20,58,福邦證券,2024-05-03,6480
1446,宏和,40,0,40,福邦證券,2024-05-03,6480
2020,美亞,40,0,40,福邦證券,2024-05-03,6480
2250,IKKA-KY,40,0,40,福邦證券,2024-05-03,6480
2705,六福,40,0,40,福邦證券,2024-05-03,6480
4533,協易機,60,21,39,福邦證券,2024-05-03,6480
00859B,群益0-1年美債,38,0,38,福邦證券,2024-05-03,6480
2371,大同,80,47,33,福邦證券,2024-05-03,6480
3122,笙泉,31,0,31,福邦證券,2024-05-03,6480
00687B,國泰20年美債,30,0,30,福邦證券,2024-05-03,6480
3490,單井,30,0,30,福邦證券,2024-05-03,6480
00878,國泰永續高股息,30,3,27,福邦證券,2024-05-03,6480
2101,南港,26,0,26,福邦證券,2024-05-03,6480
5512,力麒,25,0,25,福邦證券,2024-05-03,6480
2329,華泰,20,0,20,福邦證券,2024-05-03,6480
5388,中磊,20,0,20,福邦證券,2024-05-03,6480
5443,均豪,20,0,20,福邦證券,2024-05-03,6480
9921,巨大,20,0,20,福邦證券,2024-05-03,6480
2330,台積電,21,1,20,福邦證券,2024-05-03,6480
6239,力成,16,0,16,福邦證券,2024-05-03,6480
2104,國際中橡,15,0,15,福邦證券,2024-05-03,6480
2542,興富發,15,0,15,福邦證券,2024-05-03,6480
2611,志信,15,0,15,福邦證券,2024-05-03,6480
3294,英濟,15,0,15,福邦證券,2024-05-03,6480
4562,穎漢,15,0,15,福邦證券,2024-05-03,6480
6215,和椿,16,1,15,福邦證券,2024-05-03,6480
4714,永捷,14,0,14,福邦證券,2024-05-03,6480
5321,美而快,11,0,11,福邦證券,2024-05-03,6480
00632R,元大台灣50反1,10,0,10,福邦證券,2024-05-03,6480
00642U,期元大S＆P石油,10,0,10,福邦證券,2024-05-03,6480
00720B,元大投資級公司債,10,0,10,福邦證券,2024-05-03,6480
00715L,期街口布蘭特正2,10,0,10,福邦證券,2024-05-03,6480
2382,廣達,10,0,10,福邦證券,2024-05-03,6480
3231,緯創,10,0,10,福邦證券,2024-05-03,6480
3356,奇偶,10,0,10,福邦證券,2024-05-03,6480
3679,新至陞,10,0,10,福邦證券,2024-05-03,6480
4716,大立,10,0,10,福邦證券,2024-05-03,6480
6233,旺玖,10,0,10,福邦證券,2024-05-03,6480
6719,力智,10,0,10,福邦證券,2024-05-03,6480
2454,聯發科,15,5,10,福邦證券,2024-05-03,6480
00671R,富邦NASDAQ反1,2200,0,2200,福邦證券,2024-05-06,6480
00720B,元大投資級公司債,1550,0,1550,福邦證券,2024-05-06,6480
2317,鴻海,254,9,245,福邦證券,2024-05-06,6480
1815,富喬,230,0,230,福邦證券,2024-05-06,6480
2633,台灣高鐵,110,0,110,福邦證券,2024-05-06,6480
2353,宏��,117,13,104,福邦證券,2024-05-06,6480
1101,台泥,102,0,102,福邦證券,2024-05-06,6480
3036,文曄,102,0,102,福邦證券,2024-05-06,6480
3017,奇鋐,95,6,89,福邦證券,2024-05-06,6480
3324,雙鴻,91,3,88,福邦證券,2024-05-06,6480
2371,大同,107,20,87,福邦證券,2024-05-06,6480
3312,弘憶股,66,3,63,福邦證券,2024-05-06,6480
1446,宏和,61,1,60,福邦證券,2024-05-06,6480
8112,至上,58,2,56,福邦證券,2024-05-06,6480
4303,信立,47,8,39,福邦證券,2024-05-06,6480
4967,十銓,54,18,36,福邦證券,2024-05-06,6480
3305,昇貿,31,0,31,福邦證券,2024-05-06,6480
00632R,元大台灣50反1,30,0,30,福邦證券,2024-05-06,6480
3679,新至陞,30,0,30,福邦證券,2024-05-06,6480
6719,力智,26,0,26,福邦證券,2024-05-06,6480
2367,燿華,27,3,24,福邦證券,2024-05-06,6480
6668,中揚光,24,0,24,福邦證券,2024-05-06,6480
3481,群創,23,0,23,福邦證券,2024-05-06,6480
6412,群電,20,0,20,福邦證券,2024-05-06,6480
2880,華南金,20,1,19,福邦證券,2024-05-06,6480
6770,力積電,20,1,19,福邦證券,2024-05-06,6480
1605,華新,18,0,18,福邦證券,2024-05-06,6480
1598,岱宇,15,0,15,福邦證券,2024-05-06,6480
3122,笙泉,15,0,15,福邦證券,2024-05-06,6480
3357,臺慶科,25,10,15,福邦證券,2024-05-06,6480
00715L,期街口布蘭特正2,12,0,12,福邦證券,2024-05-06,6480
2250,IKKA-KY,12,0,12,福邦證券,2024-05-06,6480
2597,潤弘,12,0,12,福邦證券,2024-05-06,6480
3576,聯合再生,14,2,12,福邦證券,2024-05-06,6480
6282,康舒,12,0,12,福邦證券,2024-05-06,6480
6515,穎崴,12,0,12,福邦證券,2024-05-06,6480
00900,富邦特選高股息30,10,0,10,福邦證券,2024-05-06,6480
1586,和勤,36,26,10,福邦證券,2024-05-06,6480
3052,夆典,10,0,10,福邦證券,2024-05-06,6480
3594,磐儀,10,0,10,福邦證券,2024-05-06,6480
4563,百德,10,0,10,福邦證券,2024-05-06,6480
5321,美而快,10,0,10,福邦證券,2024-05-06,6480
1609,大亞,9,0,9,福邦證券,2024-05-06,6480
3234,光環,9,0,9,福邦證券,2024-05-06,6480
8096,擎亞,113,104,9,福邦證券,2024-05-06,6480
2201,裕隆,10,2,8,福邦證券,2024-05-06,6480
5210,寶碩,10,2,8,福邦證券,2024-05-06,6480
5519,隆大,12,4,8,福邦證券,2024-05-06,6480
7402,邑錡,30,22,8,福邦證券,2024-05-06,6480
2331,精英,7,0,7,福邦證券,2024-05-06,6480
00671R,富邦NASDAQ反1,2021,0,2021,福邦證券,2024-05-07,6480
00720B,元大投資級公司債,809,0,809,福邦證券,2024-05-07,6480
2546,根基,406,0,406,福邦證券,2024-05-07,6480
3583,辛耘,292,1,291,福邦證券,2024-05-07,6480
3013,晟銘電,215,0,215,福邦證券,2024-05-07,6480
2338,光罩,190,0,190,福邦證券,2024-05-07,6480
2376,技嘉,170,4,166,福邦證券,2024-05-07,6480
2317,鴻海,468,327,141,福邦證券,2024-05-07,6480
3481,群創,110,0,110,福邦證券,2024-05-07,6480
2707,晶華,106,1,105,福邦證券,2024-05-07,6480
2017,官田鋼,102,0,102,福邦證券,2024-05-07,6480
00719B,元大美債1-3,181,81,100,福邦證券,2024-05-07,6480
2753,八方雲集,85,1,84,福邦證券,2024-05-07,6480
2362,藍天,68,5,63,福邦證券,2024-05-07,6480
6668,中揚光,53,1,52,福邦證券,2024-05-07,6480
00864B,中信美國公債0-1,50,0,50,福邦證券,2024-05-07,6480
2504,國產,32,0,32,福邦證券,2024-05-07,6480
00642U,期元大S＆P石油,30,0,30,福邦證券,2024-05-07,6480
3017,奇鋐,36,6,30,福邦證券,2024-05-07,6480
2486,一詮,33,8,25,福邦證券,2024-05-07,6480
00940,元大台灣價值高息,20,0,20,福邦證券,2024-05-07,6480
3313,斐成,20,0,20,福邦證券,2024-05-07,6480
3576,聯合再生,20,0,20,福邦證券,2024-05-07,6480
6741,91APP*-KY,20,0,20,福邦證券,2024-05-07,6480
1586,和勤,18,0,18,福邦證券,2024-05-07,6480
1453,大將,16,0,16,福邦證券,2024-05-07,6480
00633L,富邦上証正2,15,0,15,福邦證券,2024-05-07,6480
8112,至上,12,0,12,福邦證券,2024-05-07,6480
00715L,期街口布蘭特正2,30,20,10,福邦證券,2024-05-07,6480
2476,鉅祥,10,0,10,福邦證券,2024-05-07,6480
2515,中工,10,0,10,福邦證券,2024-05-07,6480
2897,王道銀行,10,0,10,福邦證券,2024-05-07,6480
4768,晶呈科技,18,8,10,福邦證券,2024-05-07,6480
6290,良維,10,0,10,福邦證券,2024-05-07,6480
3003,健和興,9,0,9,福邦證券,2024-05-07,6480
2020,美亞,10,2,8,福邦證券,2024-05-07,6480
2357,華碩,8,0,8,福邦證券,2024-05-07,6480
3122,笙泉,7,0,7,福邦證券,2024-05-07,6480
5508,永信建,9,2,7,福邦證券,2024-05-07,6480
6117,迎廣,8,1,7,福邦證券,2024-05-07,6480
6213,聯茂,11,4,7,福邦證券,2024-05-07,6480
6442,光聖,7,0,7,福邦證券,2024-05-07,6480
00878,國泰永續高股息,6,0,6,福邦證券,2024-05-07,6480
2597,潤弘,6,0,6,福邦證券,2024-05-07,6480
1515,力山,5,0,5,福邦證券,2024-05-07,6480
2497,怡利電,5,0,5,福邦證券,2024-05-07,6480
2542,興富發,5,0,5,福邦證券,2024-05-07,6480
3231,緯創,5,0,5,福邦證券,2024-05-07,6480
3357,臺慶科,5,0,5,福邦證券,2024-05-07,6480
6264,富裔,5,0,5,福邦證券,2024-05-07,6480
00632R,元大台灣50反1,6430,0,6430,福邦證券,2024-05-08,6480
00671R,富邦NASDAQ反1,530,0,530,福邦證券,2024-05-08,6480
2449,京元電子,250,0,250,福邦證券,2024-05-08,6480
2017,官田鋼,146,0,146,福邦證券,2024-05-08,6480
2615,萬海,100,10,90,福邦證券,2024-05-08,6480
8048,德勝,80,0,80,福邦證券,2024-05-08,6480
9958,世紀鋼,103,38,65,福邦證券,2024-05-08,6480
2317,鴻海,156,102,54,福邦證券,2024-05-08,6480
3356,奇偶,50,0,50,福邦證券,2024-05-08,6480
00637L,元大滬深300正2,60,20,40,福邦證券,2024-05-08,6480
3231,緯創,45,5,40,福邦證券,2024-05-08,6480
8227,巨有科技,38,0,38,福邦證券,2024-05-08,6480
2454,聯發科,37,1,36,福邦證券,2024-05-08,6480
2363,矽統,50,18,32,福邦證券,2024-05-08,6480
2476,鉅祥,30,0,30,福邦證券,2024-05-08,6480
00940,元大台灣價值高息,27,0,27,福邦證券,2024-05-08,6480
3033,威健,25,6,19,福邦證券,2024-05-08,6480
2597,潤弘,16,0,16,福邦證券,2024-05-08,6480
2753,八方雲集,15,0,15,福邦證券,2024-05-08,6480
5210,寶碩,15,0,15,福邦證券,2024-05-08,6480
2330,台積電,20,8,12,福邦證券,2024-05-08,6480
2816,旺旺保,12,0,12,福邦證券,2024-05-08,6480
3679,新至陞,12,0,12,福邦證券,2024-05-08,6480
1618,合機,30,19,11,福邦證券,2024-05-08,6480
3481,群創,11,0,11,福邦證券,2024-05-08,6480
1301,台塑,10,0,10,福邦證券,2024-05-08,6480
00679B,元大美債20年,40,30,10,福邦證券,2024-05-08,6480
00753L,中信中國50正2,80,70,10,福邦證券,2024-05-08,6480
2303,聯電,10,0,10,福邦證券,2024-05-08,6480
2641,正德,20,10,10,福邦證券,2024-05-08,6480
3450,聯鈞,10,0,10,福邦證券,2024-05-08,6480
8112,至上,13,3,10,福邦證券,2024-05-08,6480
2880,華南金,25,16,9,福邦證券,2024-05-08,6480
6213,聯茂,11,2,9,福邦證券,2024-05-08,6480
2241,艾姆勒,8,0,8,福邦證券,2024-05-08,6480
8104,錸寶,8,0,8,福邦證券,2024-05-08,6480
2101,南港,7,0,7,福邦證券,2024-05-08,6480
2603,長榮,7,0,7,福邦證券,2024-05-08,6480
3090,日電貿,7,0,7,福邦證券,2024-05-08,6480
3260,威剛,18,11,7,福邦證券,2024-05-08,6480
6142,友勁,7,0,7,福邦證券,2024-05-08,6480
8069,元太,6,0,6,福邦證券,2024-05-08,6480
2891,中信金,6,0,6,福邦證券,2024-05-08,6480
00715L,期街口布蘭特正2,5,0,5,福邦證券,2024-05-08,6480
2337,旺宏,5,0,5,福邦證券,2024-05-08,6480
3034,聯詠,6,1,5,福邦證券,2024-05-08,6480
3060,銘異,6,1,5,福邦證券,2024-05-08,6480
3548,兆利,5,0,5,福邦證券,2024-05-08,6480
2374,佳能,15,11,4,福邦證券,2024-05-08,6480
2855,統一證,5,1,4,福邦證券,2024-05-08,6480
00946,群益科技高息成長,1000,0,1000,福邦證券,2024-05-09,6480
2890,永豐金,570,0,570,福邦證券,2024-05-09,6480
2855,統一證,485,0,485,福邦證券,2024-05-09,6480
2371,大同,240,22,218,福邦證券,2024-05-09,6480
3036,文曄,131,0,131,福邦證券,2024-05-09,6480
3013,晟銘電,144,30,114,福邦證券,2024-05-09,6480
4909,新復興,133,22,111,福邦證券,2024-05-09,6480
1721,三晃,109,0,109,福邦證券,2024-05-09,6480
3481,群創,105,6,99,福邦證券,2024-05-09,6480
2250,IKKA-KY,86,0,86,福邦證券,2024-05-09,6480
6679,鈺太,59,1,58,福邦證券,2024-05-09,6480
2061,風青,57,0,57,福邦證券,2024-05-09,6480
3363,上詮,64,8,56,福邦證券,2024-05-09,6480
2101,南港,54,7,47,福邦證券,2024-05-09,6480
2464,盟立,41,0,41,福邦證券,2024-05-09,6480
2017,官田鋼,40,0,40,福邦證券,2024-05-09,6480
2330,台積電,36,0,36,福邦證券,2024-05-09,6480
2363,矽統,92,58,34,福邦證券,2024-05-09,6480
3122,笙泉,33,0,33,福邦證券,2024-05-09,6480
00864B,中信美國公債0-1,30,0,30,福邦證券,2024-05-09,6480
3058,立德,37,7,30,福邦證券,2024-05-09,6480
5468,凱鈺,30,0,30,福邦證券,2024-05-09,6480
1586,和勤,60,31,29,福邦證券,2024-05-09,6480
2454,聯發科,20,0,20,福邦證券,2024-05-09,6480
6741,91APP*-KY,20,0,20,福邦證券,2024-05-09,6480
8048,德勝,30,10,20,福邦證券,2024-05-09,6480
3003,健和興,19,0,19,福邦證券,2024-05-09,6480
1605,華新,18,0,18,福邦證券,2024-05-09,6480
2618,長榮航,33,16,17,福邦證券,2024-05-09,6480
3296,勝德,17,0,17,福邦證券,2024-05-09,6480
1609,大亞,16,0,16,福邦證券,2024-05-09,6480
3305,昇貿,16,0,16,福邦證券,2024-05-09,6480
2405,輔信,15,0,15,福邦證券,2024-05-09,6480
3260,威剛,19,4,15,福邦證券,2024-05-09,6480
6442,光聖,14,0,14,福邦證券,2024-05-09,6480
00795B,中信美國公債20年,12,0,12,福邦證券,2024-05-09,6480
00929,復華台灣科技優息,12,0,12,福邦證券,2024-05-09,6480
1618,合機,11,0,11,福邦證券,2024-05-09,6480
6177,達麗,11,0,11,福邦證券,2024-05-09,6480
00944,野村趨勢動能高息,10,0,10,福邦證券,2024-05-09,6480
00632R,元大台灣50反1,10,0,10,福邦證券,2024-05-09,6480
00753L,中信中國50正2,10,0,10,福邦證券,2024-05-09,6480
2886,兆豐金,10,0,10,福邦證券,2024-05-09,6480
2897,王道銀行,10,0,10,福邦證券,2024-05-09,6480
3231,緯創,16,6,10,福邦證券,2024-05-09,6480
5371,中光電,11,1,10,福邦證券,2024-05-09,6480
6643,M31,10,0,10,福邦證券,2024-05-09,6480
8089,康全電訊,10,0,10,福邦證券,2024-05-09,6480
5871,中租-KY,9,0,9,福邦證券,2024-05-09,6480
2351,順德,8,0,8,福邦證券,2024-05-09,6480
2371,大同,934,390,544,福邦證券,2024-05-10,6480
9934,成霖,300,0,300,福邦證券,2024-05-10,6480
00929,復華台灣科技優息,136,0,136,福邦證券,2024-05-10,6480
2601,益航,100,0,100,福邦證券,2024-05-10,6480
1721,三晃,95,0,95,福邦證券,2024-05-10,6480
8103,瀚荃,80,0,80,福邦證券,2024-05-10,6480
6442,光聖,61,5,56,福邦證券,2024-05-10,6480
2317,鴻海,65,15,50,福邦證券,2024-05-10,6480
2250,IKKA-KY,49,0,49,福邦證券,2024-05-10,6480
5468,凱鈺,46,0,46,福邦證券,2024-05-10,6480
00632R,元大台灣50反1,35,0,35,福邦證券,2024-05-10,6480
5288,豐祥-KY,32,0,32,福邦證券,2024-05-10,6480
3522,御嵿,30,0,30,福邦證券,2024-05-10,6480
4533,協易機,31,1,30,福邦證券,2024-05-10,6480
6290,良維,30,0,30,福邦證券,2024-05-10,6480
1586,和勤,28,0,28,福邦證券,2024-05-10,6480
6026,福邦證,38,15,23,福邦證券,2024-05-10,6480
1614,三洋電,20,0,20,福邦證券,2024-05-10,6480
1605,華新,20,0,20,福邦證券,2024-05-10,6480
00637L,元大滬深300正2,20,0,20,福邦證券,2024-05-10,6480
1449,佳和,20,0,20,福邦證券,2024-05-10,6480
2641,正德,30,11,19,福邦證券,2024-05-10,6480
3036,文曄,306,287,19,福邦證券,2024-05-10,6480
00946,群益科技高息成長,16,0,16,福邦證券,2024-05-10,6480
8358,金居,20,4,16,福邦證券,2024-05-10,6480
1742,台蠟,21,8,13,福邦證券,2024-05-10,6480
4303,信立,13,0,13,福邦證券,2024-05-10,6480
2330,台積電,12,0,12,福邦證券,2024-05-10,6480
3052,夆典,11,0,11,福邦證券,2024-05-10,6480
6679,鈺太,11,0,11,福邦證券,2024-05-10,6480
2020,美亞,10,0,10,福邦證券,2024-05-10,6480
2515,中工,10,0,10,福邦證券,2024-05-10,6480
6741,91APP*-KY,10,0,10,福邦證券,2024-05-10,6480
8938,明安,10,0,10,福邦證券,2024-05-10,6480
1903,士紙,10,1,9,福邦證券,2024-05-10,6480
3576,聯合再生,25,16,9,福邦證券,2024-05-10,6480
6668,中揚光,9,0,9,福邦證券,2024-05-10,6480
6733,博晟生醫,9,0,9,福邦證券,2024-05-10,6480
8936,國統,8,1,7,福邦證券,2024-05-10,6480
2201,裕隆,8,2,6,福邦證券,2024-05-10,6480
2313,華通,7,1,6,福邦證券,2024-05-10,6480
4576,大銀微系統,6,0,6,福邦證券,2024-05-10,6480
6177,達麗,6,0,6,福邦證券,2024-05-10,6480
6215,和椿,7,1,6,福邦證券,2024-05-10,6480
00937B,群益ESG投等債20,5,0,5,福邦證券,2024-05-10,6480
2351,順德,5,0,5,福邦證券,2024-05-10,6480
2509,全坤建,5,0,5,福邦證券,2024-05-10,6480
2537,聯上發,5,0,5,福邦證券,2024-05-10,6480
3122,笙泉,5,0,5,福邦證券,2024-05-10,6480
4771,望隼,5,0,5,福邦證券,2024-05-10,6480
2371,大同,2835,188,2647,福邦證券,2024-05-13,6480
4549,桓達,300,0,300,福邦證券,2024-05-13,6480
00864B,中信美國公債0-1,290,0,290,福邦證券,2024-05-13,6480
3481,群創,250,0,250,福邦證券,2024-05-13,6480
2356,英業達,201,0,201,福邦證券,2024-05-13,6480
6139,亞翔,158,0,158,福邦證券,2024-05-13,6480
2601,益航,75,0,75,福邦證券,2024-05-13,6480
3036,文曄,65,7,58,福邦證券,2024-05-13,6480
6442,光聖,58,0,58,福邦證券,2024-05-13,6480
00632R,元大台灣50反1,50,0,50,福邦證券,2024-05-13,6480
1815,富喬,50,0,50,福邦證券,2024-05-13,6480
2363,矽統,55,5,50,福邦證券,2024-05-13,6480
6278,台表科,50,0,50,福邦證券,2024-05-13,6480
6538,倉和,55,8,47,福邦證券,2024-05-13,6480
1101,台泥,42,0,42,福邦證券,2024-05-13,6480
1440,南紡,30,0,30,福邦證券,2024-05-13,6480
00753L,中信中國50正2,30,0,30,福邦證券,2024-05-13,6480
00929,復華台灣科技優息,25,0,25,福邦證券,2024-05-13,6480
4533,協易機,28,5,23,福邦證券,2024-05-13,6480
1742,台蠟,20,0,20,福邦證券,2024-05-13,6480
2020,美亞,20,0,20,福邦證券,2024-05-13,6480
2104,國際中橡,20,0,20,福邦證券,2024-05-13,6480
2617,台航,20,0,20,福邦證券,2024-05-13,6480
3013,晟銘電,22,2,20,福邦證券,2024-05-13,6480
3231,緯創,18,0,18,福邦證券,2024-05-13,6480
2641,正德,16,0,16,福邦證券,2024-05-13,6480
6526,達發,15,0,15,福邦證券,2024-05-13,6480
2241,艾姆勒,22,8,14,福邦證券,2024-05-13,6480
2250,IKKA-KY,14,0,14,福邦證券,2024-05-13,6480
6024,群益期,15,1,14,福邦證券,2024-05-13,6480
6741,91APP*-KY,14,0,14,福邦證券,2024-05-13,6480
3047,訊舟,13,0,13,福邦證券,2024-05-13,6480
2454,聯發科,12,0,12,福邦證券,2024-05-13,6480
3691,碩禾,12,0,12,福邦證券,2024-05-13,6480
3680,家登,12,1,11,福邦證券,2024-05-13,6480
2441,超豐,10,0,10,福邦證券,2024-05-13,6480
2883,凱基金,10,0,10,福邦證券,2024-05-13,6480
4303,信立,10,0,10,福邦證券,2024-05-13,6480
8431,匯鑽科,10,0,10,福邦證券,2024-05-13,6480
8433,弘帆,10,0,10,福邦證券,2024-05-13,6480
3260,威剛,10,1,9,福邦證券,2024-05-13,6480
4576,大銀微系統,14,5,9,福邦證券,2024-05-13,6480
6116,彩晶,9,0,9,福邦證券,2024-05-13,6480
6125,廣運,9,0,9,福邦證券,2024-05-13,6480
1586,和勤,53,45,8,福邦證券,2024-05-13,6480
6274,台燿,8,0,8,福邦證券,2024-05-13,6480
00715L,期街口布蘭特正2,7,0,7,福邦證券,2024-05-13,6480
1513,中興電,8,1,7,福邦證券,2024-05-13,6480
2301,光寶科,7,0,7,福邦證券,2024-05-13,6480
2884,玉山金,7,0,7,福邦證券,2024-05-13,6480
2603,長榮,437,28,409,福邦證券,2024-05-14,6480
3481,群創,250,1,249,福邦證券,2024-05-14,6480
00864B,中信美國公債0-1,132,0,132,福邦證券,2024-05-14,6480
6531,愛普*,90,0,90,福邦證券,2024-05-14,6480
2353,宏��,146,67,79,福邦證券,2024-05-14,6480
2250,IKKA-KY,74,0,74,福邦證券,2024-05-14,6480
2377,微星,65,2,63,福邦證券,2024-05-14,6480
2301,光寶科,50,0,50,福邦證券,2024-05-14,6480
5871,中租-KY,45,1,44,福邦證券,2024-05-14,6480
5508,永信建,31,0,31,福邦證券,2024-05-14,6480
1524,耿鼎,31,1,30,福邦證券,2024-05-14,6480
1586,和勤,66,36,30,福邦證券,2024-05-14,6480
00637L,元大滬深300正2,30,0,30,福邦證券,2024-05-14,6480
2371,大同,48,18,30,福邦證券,2024-05-14,6480
3078,僑威,30,0,30,福邦證券,2024-05-14,6480
00632R,元大台灣50反1,25,0,25,福邦證券,2024-05-14,6480
2601,益航,25,0,25,福邦證券,2024-05-14,6480
2597,潤弘,24,0,24,福邦證券,2024-05-14,6480
2376,技嘉,69,49,20,福邦證券,2024-05-14,6480
2476,鉅祥,20,0,20,福邦證券,2024-05-14,6480
2606,裕民,20,0,20,福邦證券,2024-05-14,6480
2330,台積電,21,2,19,福邦證券,2024-05-14,6480
9958,世紀鋼,36,18,18,福邦證券,2024-05-14,6480
2444,兆勁,17,0,17,福邦證券,2024-05-14,6480
3609,三一東林,17,0,17,福邦證券,2024-05-14,6480
4549,桓達,16,0,16,福邦證券,2024-05-14,6480
2049,上銀,15,0,15,福邦證券,2024-05-14,6480
6517,保勝光學,15,0,15,福邦證券,2024-05-14,6480
8096,擎亞,15,0,15,福邦證券,2024-05-14,6480
6605,帝寶,14,0,14,福邦證券,2024-05-14,6480
6451,訊芯-KY,13,0,13,福邦證券,2024-05-14,6480
1605,華新,12,0,12,福邦證券,2024-05-14,6480
2745,五福,11,0,11,福邦證券,2024-05-14,6480
3363,上詮,18,7,11,福邦證券,2024-05-14,6480
3260,威剛,10,0,10,福邦證券,2024-05-14,6480
6741,91APP*-KY,10,0,10,福邦證券,2024-05-14,6480
00919,群益台灣精選高息,11,2,9,福邦證券,2024-05-14,6480
4576,大銀微系統,13,4,9,福邦證券,2024-05-14,6480
6414,樺漢,9,0,9,福邦證券,2024-05-14,6480
1314,中石化,8,0,8,福邦證券,2024-05-14,6480
2405,輔信,8,0,8,福邦證券,2024-05-14,6480
3234,光環,8,0,8,福邦證券,2024-05-14,6480
2355,敬鵬,7,0,7,福邦證券,2024-05-14,6480
6538,倉和,7,0,7,福邦證券,2024-05-14,6480
3047,訊舟,10,4,6,福邦證券,2024-05-14,6480
3701,大眾控,6,0,6,福邦證券,2024-05-14,6480
6016,康和證,6,0,6,福邦證券,2024-05-14,6480
8064,東捷,6,0,6,福邦證券,2024-05-14,6480
00929,復華台灣科技優息,15,10,5,福邦證券,2024-05-14,6480
1453,大將,5,0,5,福邦證券,2024-05-14,6480
00679B,元大美債20年,2443,0,2443,福邦證券,2024-05-15,6480
8358,金居,185,11,174,福邦證券,2024-05-15,6480
9910,豐泰,100,0,100,福邦證券,2024-05-15,6480
1586,和勤,98,0,98,福邦證券,2024-05-15,6480
2368,金像電,97,1,96,福邦證券,2024-05-15,6480
3163,波若威,101,5,96,福邦證券,2024-05-15,6480
00725B,國泰投資級公司債,80,0,80,福邦證券,2024-05-15,6480
2301,光寶科,70,0,70,福邦證券,2024-05-15,6480
6026,福邦證,65,2,63,福邦證券,2024-05-15,6480
00632R,元大台灣50反1,56,0,56,福邦證券,2024-05-15,6480
2603,長榮,58,2,56,福邦證券,2024-05-15,6480
2020,美亞,50,0,50,福邦證券,2024-05-15,6480
8234,新漢,50,0,50,福邦證券,2024-05-15,6480
3047,訊舟,46,2,44,福邦證券,2024-05-15,6480
6215,和椿,51,7,44,福邦證券,2024-05-15,6480
5871,中租-KY,40,1,39,福邦證券,2024-05-15,6480
2515,中工,35,0,35,福邦證券,2024-05-15,6480
6176,瑞儀,32,0,32,福邦證券,2024-05-15,6480
00937B,群益ESG投等債20,61,30,31,福邦證券,2024-05-15,6480
1301,台塑,40,10,30,福邦證券,2024-05-15,6480
2618,長榮航,33,3,30,福邦證券,2024-05-15,6480
6213,聯茂,40,10,30,福邦證券,2024-05-15,6480
2915,潤泰全,30,1,29,福邦證券,2024-05-15,6480
6442,光聖,29,0,29,福邦證券,2024-05-15,6480
2374,佳能,50,23,27,福邦證券,2024-05-15,6480
6785,昱展新藥,27,1,26,福邦證券,2024-05-15,6480
2409,友達,20,0,20,福邦證券,2024-05-15,6480
5351,鈺創,20,0,20,福邦證券,2024-05-15,6480
8071,能率網通,30,14,16,福邦證券,2024-05-15,6480
2401,凌陽,15,0,15,福邦證券,2024-05-15,6480
6177,達麗,15,0,15,福邦證券,2024-05-15,6480
3363,上詮,15,2,13,福邦證券,2024-05-15,6480
8097,常珵,13,0,13,福邦證券,2024-05-15,6480
1522,堤維西,11,0,11,福邦證券,2024-05-15,6480
2637,慧洋-KY,11,0,11,福邦證券,2024-05-15,6480
3564,其陽,11,0,11,福邦證券,2024-05-15,6480
3706,神達,11,0,11,福邦證券,2024-05-15,6480
1447,力鵬,10,0,10,福邦證券,2024-05-15,6480
1444,力麗,10,0,10,福邦證券,2024-05-15,6480
3168,眾福科,10,0,10,福邦證券,2024-05-15,6480
4576,大銀微系統,10,0,10,福邦證券,2024-05-15,6480
6472,保瑞,10,0,10,福邦證券,2024-05-15,6480
9904,寶成,10,0,10,福邦證券,2024-05-15,6480
2254,巨鎧精密-創,29,20,9,福邦證券,2024-05-15,6480
2504,國產,9,0,9,福邦證券,2024-05-15,6480
2323,中環,8,0,8,福邦證券,2024-05-15,6480
3045,台灣大,10,2,8,福邦證券,2024-05-15,6480
3406,玉晶光,8,0,8,福邦證券,2024-05-15,6480
00715L,期街口布蘭特正2,7,0,7,福邦證券,2024-05-15,6480
00919,群益台灣精選高息,7,0,7,福邦證券,2024-05-15,6480
00671R,富邦NASDAQ反1,1364,0,1364,福邦證券,2024-05-16,6480
2382,廣達,170,30,140,福邦證券,2024-05-16,6480
1586,和勤,136,22,114,福邦證券,2024-05-16,6480
2301,光寶科,111,0,111,福邦證券,2024-05-16,6480
00725B,國泰投資級公司債,110,0,110,福邦證券,2024-05-16,6480
4533,協易機,101,1,100,福邦證券,2024-05-16,6480
5371,中光電,100,5,95,福邦證券,2024-05-16,6480
2367,燿華,105,16,89,福邦證券,2024-05-16,6480
8358,金居,168,89,79,福邦證券,2024-05-16,6480
2601,益航,60,0,60,福邦證券,2024-05-16,6480
6442,光聖,58,0,58,福邦證券,2024-05-16,6480
2101,南港,50,1,49,福邦證券,2024-05-16,6480
4952,凌通,33,0,33,福邦證券,2024-05-16,6480
00632R,元大台灣50反1,30,0,30,福邦證券,2024-05-16,6480
2464,盟立,32,6,26,福邦證券,2024-05-16,6480
4739,康普,25,0,25,福邦證券,2024-05-16,6480
1614,三洋電,21,0,21,福邦證券,2024-05-16,6480
3033,威健,21,0,21,福邦證券,2024-05-16,6480
1605,華新,20,0,20,福邦證券,2024-05-16,6480
00650L,復華香港正2,20,0,20,福邦證券,2024-05-16,6480
3706,神達,20,0,20,福邦證券,2024-05-16,6480
4545,銘鈺,20,0,20,福邦證券,2024-05-16,6480
4563,百德,20,0,20,福邦證券,2024-05-16,6480
8096,擎亞,31,11,20,福邦證券,2024-05-16,6480
2882,國泰金,19,0,19,福邦證券,2024-05-16,6480
3665,貿聯-KY,15,0,15,福邦證券,2024-05-16,6480
2486,一詮,14,0,14,福邦證券,2024-05-16,6480
3312,弘憶股,14,1,13,福邦證券,2024-05-16,6480
6664,群翊,12,0,12,福邦證券,2024-05-16,6480
3052,夆典,11,0,11,福邦證券,2024-05-16,6480
1447,力鵬,10,0,10,福邦證券,2024-05-16,6480
1444,力麗,10,0,10,福邦證券,2024-05-16,6480
2515,中工,10,0,10,福邦證券,2024-05-16,6480
3231,緯創,15,5,10,福邦證券,2024-05-16,6480
3481,群創,10,0,10,福邦證券,2024-05-16,6480
3592,瑞鼎,10,0,10,福邦證券,2024-05-16,6480
4401,東隆興,10,0,10,福邦證券,2024-05-16,6480
6509,聚和,10,0,10,福邦證券,2024-05-16,6480
3362,先進光,9,0,9,福邦證券,2024-05-16,6480
3450,聯鈞,13,4,9,福邦證券,2024-05-16,6480
6472,保瑞,9,0,9,福邦證券,2024-05-16,6480
2371,大同,23,15,8,福邦證券,2024-05-16,6480
8033,雷虎,8,0,8,福邦證券,2024-05-16,6480
1618,合機,7,0,7,福邦證券,2024-05-16,6480
2816,旺旺保,7,0,7,福邦證券,2024-05-16,6480
6785,昱展新藥,7,0,7,福邦證券,2024-05-16,6480
00715L,期街口布蘭特正2,6,0,6,福邦證券,2024-05-16,6480
2408,南亞科,6,0,6,福邦證券,2024-05-16,6480
2609,陽明,17,11,6,福邦證券,2024-05-16,6480
3376,新日興,7,1,6,福邦證券,2024-05-16,6480
1795,美時,249,3,246,福邦證券,2024-05-17,6480
2353,宏��,320,112,208,福邦證券,2024-05-17,6480
2888,新光金,200,0,200,福邦證券,2024-05-17,6480
3481,群創,108,0,108,福邦證券,2024-05-17,6480
6443,元晶,103,24,79,福邦證券,2024-05-17,6480
1909,榮成,60,0,60,福邦證券,2024-05-17,6480
6806,森崴能源,60,0,60,福邦證券,2024-05-17,6480
2308,台達電,50,0,50,福邦證券,2024-05-17,6480
3376,新日興,52,8,44,福邦證券,2024-05-17,6480
2601,益航,40,0,40,福邦證券,2024-05-17,6480
2882,國泰金,40,0,40,福邦證券,2024-05-17,6480
3036,文曄,40,0,40,福邦證券,2024-05-17,6480
3294,英濟,40,0,40,福邦證券,2024-05-17,6480
3052,夆典,40,5,35,福邦證券,2024-05-17,6480
5288,豐祥-KY,35,0,35,福邦證券,2024-05-17,6480
4967,十銓,36,2,34,福邦證券,2024-05-17,6480
3455,由田,30,0,30,福邦證券,2024-05-17,6480
6026,福邦證,30,0,30,福邦證券,2024-05-17,6480
1586,和勤,27,0,27,福邦證券,2024-05-17,6480
2379,瑞昱,27,0,27,福邦證券,2024-05-17,6480
2367,燿華,32,8,24,福邦證券,2024-05-17,6480
2241,艾姆勒,35,13,22,福邦證券,2024-05-17,6480
1476,儒鴻,21,0,21,福邦證券,2024-05-17,6480
1815,富喬,22,1,21,福邦證券,2024-05-17,6480
00725B,國泰投資級公司債,20,0,20,福邦證券,2024-05-17,6480
00753L,中信中國50正2,20,0,20,福邦證券,2024-05-17,6480
00940,元大台灣價值高息,20,0,20,福邦證券,2024-05-17,6480
2881,富邦金,20,0,20,福邦證券,2024-05-17,6480
3303,岱稜,21,1,20,福邦證券,2024-05-17,6480
5432,新門,20,0,20,福邦證券,2024-05-17,6480
5443,均豪,20,0,20,福邦證券,2024-05-17,6480
8112,至上,20,0,20,福邦證券,2024-05-17,6480
2382,廣達,25,5,20,福邦證券,2024-05-17,6480
00929,復華台灣科技優息,15,0,15,福邦證券,2024-05-17,6480
3689,湧德,15,0,15,福邦證券,2024-05-17,6480
8927,北基,15,0,15,福邦證券,2024-05-17,6480
3312,弘憶股,13,0,13,福邦證券,2024-05-17,6480
6120,達運,20,7,13,福邦證券,2024-05-17,6480
2537,聯上發,11,0,11,福邦證券,2024-05-17,6480
4533,協易機,12,1,11,福邦證券,2024-05-17,6480
4128,中天,10,0,10,福邦證券,2024-05-17,6480
6667,信紘科,10,0,10,福邦證券,2024-05-17,6480
2254,巨鎧精密-創,40,31,9,福邦證券,2024-05-17,6480
2610,華航,35,26,9,福邦證券,2024-05-17,6480
6244,茂迪,10,1,9,福邦證券,2024-05-17,6480
2486,一詮,15,7,8,福邦證券,2024-05-17,6480
2609,陽明,8,1,7,福邦證券,2024-05-17,6480
3228,金麗科,8,1,7,福邦證券,2024-05-17,6480
00878,國泰永續高股息,6,0,6,福邦證券,2024-05-17,6480
5508,永信建,25,19,6,福邦證券,2024-05-17,6480
2618,長榮航,247,16,231,福邦證券,2024-05-20,6480
3481,群創,150,6,144,福邦證券,2024-05-20,6480
2027,大成鋼,164,47,117,福邦證券,2024-05-20,6480
2009,第一銅,100,0,100,福邦證券,2024-05-20,6480
2601,益航,90,0,90,福邦證券,2024-05-20,6480
4533,協易機,119,31,88,福邦證券,2024-05-20,6480
2363,矽統,87,11,76,福邦證券,2024-05-20,6480
4561,健椿,70,0,70,福邦證券,2024-05-20,6480
1584,精剛,68,0,68,福邦證券,2024-05-20,6480
8358,金居,51,1,50,福邦證券,2024-05-20,6480
3712,永崴投控,42,0,42,福邦證券,2024-05-20,6480
3450,聯鈞,60,22,38,福邦證券,2024-05-20,6480
3033,威健,36,1,35,福邦證券,2024-05-20,6480
5288,豐祥-KY,35,0,35,福邦證券,2024-05-20,6480
3376,新日興,209,175,34,福邦證券,2024-05-20,6480
6693,廣閎科,33,0,33,福邦證券,2024-05-20,6480
6442,光聖,29,0,29,福邦證券,2024-05-20,6480
2515,中工,21,0,21,福邦證券,2024-05-20,6480
2704,國賓,20,0,20,福邦證券,2024-05-20,6480
1799,易威,17,0,17,福邦證券,2024-05-20,6480
4123,晟德,15,0,15,福邦證券,2024-05-20,6480
00929,復華台灣科技優息,21,7,14,福邦證券,2024-05-20,6480
00795B,中信美國公債20年,14,0,14,福邦證券,2024-05-20,6480
3338,泰碩,14,0,14,福邦證券,2024-05-20,6480
00857B,永豐20年美公債,13,0,13,福邦證券,2024-05-20,6480
8096,擎亞,48,35,13,福邦證券,2024-05-20,6480
1614,三洋電,12,0,12,福邦證券,2024-05-20,6480
2356,英業達,12,0,12,福邦證券,2024-05-20,6480
3483,力致,14,2,12,福邦證券,2024-05-20,6480
2348,海悅,10,0,10,福邦證券,2024-05-20,6480
2542,興富發,10,0,10,福邦證券,2024-05-20,6480
2906,高林,10,0,10,福邦證券,2024-05-20,6480
3339,泰谷,10,0,10,福邦證券,2024-05-20,6480
4303,信立,10,0,10,福邦證券,2024-05-20,6480
6125,廣運,13,3,10,福邦證券,2024-05-20,6480
8171,天宇,10,0,10,福邦證券,2024-05-20,6480
1616,億泰,9,0,9,福邦證券,2024-05-20,6480
00751B,元大AAA至A公司債,9,0,9,福邦證券,2024-05-20,6480
2330,台積電,8,0,8,福邦證券,2024-05-20,6480
2520,冠德,9,1,8,福邦證券,2024-05-20,6480
2722,夏都,7,0,7,福邦證券,2024-05-20,6480
00679B,元大美債20年,6,0,6,福邦證券,2024-05-20,6480
1808,潤隆,6,0,6,福邦證券,2024-05-20,6480
3207,耀勝,6,0,6,福邦證券,2024-05-20,6480
1711,永光,5,0,5,福邦證券,2024-05-20,6480
2329,華泰,5,0,5,福邦證券,2024-05-20,6480
2337,旺宏,5,0,5,福邦證券,2024-05-20,6480
2367,燿華,21,16,5,福邦證券,2024-05-20,6480
2368,金像電,6,1,5,福邦證券,2024-05-20,6480
2382,廣達,6,1,5,福邦證券,2024-05-20,6480
00632R,元大台灣50反1,3200,10,3190,福邦證券,2024-05-21,6480
00671R,富邦NASDAQ反1,2200,0,2200,福邦證券,2024-05-21,6480
3260,威剛,518,4,514,福邦證券,2024-05-21,6480
2376,技嘉,159,2,157,福邦證券,2024-05-21,6480
00738U,期元大道瓊白銀,90,0,90,福邦證券,2024-05-21,6480
2250,IKKA-KY,89,0,89,福邦證券,2024-05-21,6480
2464,盟立,59,3,56,福邦證券,2024-05-21,6480
9958,世紀鋼,65,9,56,福邦證券,2024-05-21,6480
1584,精剛,53,0,53,福邦證券,2024-05-21,6480
00763U,期街口道瓊銅,50,0,50,福邦證券,2024-05-21,6480
1303,南亞,50,0,50,福邦證券,2024-05-21,6480
00878,國泰永續高股息,32,0,32,福邦證券,2024-05-21,6480
00762,元大全球AI,30,0,30,福邦證券,2024-05-21,6480
2330,台積電,33,3,30,福邦證券,2024-05-21,6480
6176,瑞儀,30,0,30,福邦證券,2024-05-21,6480
6442,光聖,29,0,29,福邦證券,2024-05-21,6480
5258,虹堡,27,0,27,福邦證券,2024-05-21,6480
00937B,群益ESG投等債20,32,6,26,福邦證券,2024-05-21,6480
2371,大同,27,2,25,福邦證券,2024-05-21,6480
8466,美吉吉-KY,25,0,25,福邦證券,2024-05-21,6480
00795B,中信美國公債20年,23,0,23,福邦證券,2024-05-21,6480
4967,十銓,25,3,22,福邦證券,2024-05-21,6480
2515,中工,21,0,21,福邦證券,2024-05-21,6480
2601,益航,20,0,20,福邦證券,2024-05-21,6480
8906,花王,20,0,20,福邦證券,2024-05-21,6480
2504,國產,19,0,19,福邦證券,2024-05-21,6480
2365,昆盈,28,13,15,福邦證券,2024-05-21,6480
4128,中天,15,0,15,福邦證券,2024-05-21,6480
1809,中釉,14,0,14,福邦證券,2024-05-21,6480
3033,威健,39,26,13,福邦證券,2024-05-21,6480
1742,台蠟,11,0,11,福邦證券,2024-05-21,6480
00679B,元大美債20年,10,0,10,福邦證券,2024-05-21,6480
00725B,國泰投資級公司債,10,0,10,福邦證券,2024-05-21,6480
3441,聯一光,10,0,10,福邦證券,2024-05-21,6480
3481,群創,10,0,10,福邦證券,2024-05-21,6480
3504,揚明光,10,0,10,福邦證券,2024-05-21,6480
3689,湧德,10,0,10,福邦證券,2024-05-21,6480
6153,嘉聯益,10,0,10,福邦證券,2024-05-21,6480
00713,元大台灣高息低波,9,0,9,福邦證券,2024-05-21,6480
2367,燿華,17,8,9,福邦證券,2024-05-21,6480
6120,達運,10,1,9,福邦證券,2024-05-21,6480
8084,巨虹,9,0,9,福邦證券,2024-05-21,6480
4533,協易機,10,2,8,福邦證券,2024-05-21,6480
4906,正文,8,0,8,福邦證券,2024-05-21,6480
2356,英業達,10,3,7,福邦證券,2024-05-21,6480
2357,華碩,11,4,7,福邦證券,2024-05-21,6480
6170,統振,6,0,6,福邦證券,2024-05-21,6480
2324,仁寶,5,0,5,福邦證券,2024-05-21,6480
2409,友達,5,0,5,福邦證券,2024-05-21,6480
3312,弘憶股,5,0,5,福邦證券,2024-05-21,6480
1815,富喬,1022,26,996,福邦證券,2024-05-22,6480
6188,廣明,513,12,501,福邦證券,2024-05-22,6480
2301,光寶科,402,1,401,福邦證券,2024-05-22,6480
2368,金像電,230,2,228,福邦證券,2024-05-22,6480
2458,義隆,137,6,131,福邦證券,2024-05-22,6480
2365,昆盈,115,15,100,福邦證券,2024-05-22,6480
4533,協易機,105,10,95,福邦證券,2024-05-22,6480
2357,華碩,66,3,63,福邦證券,2024-05-22,6480
3014,聯陽,64,1,63,福邦證券,2024-05-22,6480
00882,中信中國高股息,51,0,51,福邦證券,2024-05-22,6480
00715L,期街口布蘭特正2,48,0,48,福邦證券,2024-05-22,6480
6125,廣運,89,41,48,福邦證券,2024-05-22,6480
00632R,元大台灣50反1,80,40,40,福邦證券,2024-05-22,6480
2367,燿華,44,5,39,福邦證券,2024-05-22,6480
2313,華通,38,0,38,福邦證券,2024-05-22,6480
4912,聯德控股-KY,36,0,36,福邦證券,2024-05-22,6480
5371,中光電,52,19,33,福邦證券,2024-05-22,6480
3324,雙鴻,101,70,31,福邦證券,2024-05-22,6480
2348,海悅,30,0,30,福邦證券,2024-05-22,6480
3013,晟銘電,47,17,30,福邦證券,2024-05-22,6480
2453,凌群,26,0,26,福邦證券,2024-05-22,6480
2610,華航,26,0,26,福邦證券,2024-05-22,6480
2609,陽明,29,4,25,福邦證券,2024-05-22,6480
3047,訊舟,28,3,25,福邦證券,2024-05-22,6480
8467,波力-KY,25,0,25,福邦證券,2024-05-22,6480
00795B,中信美國公債20年,22,0,22,福邦證券,2024-05-22,6480
3450,聯鈞,23,1,22,福邦證券,2024-05-22,6480
00937B,群益ESG投等債20,20,0,20,福邦證券,2024-05-22,6480
00753L,中信中國50正2,120,100,20,福邦證券,2024-05-22,6480
1584,精剛,30,10,20,福邦證券,2024-05-22,6480
2371,大同,22,2,20,福邦證券,2024-05-22,6480
6805,富世達,20,0,20,福邦證券,2024-05-22,6480
2354,鴻準,19,0,19,福邦證券,2024-05-22,6480
1742,台蠟,17,0,17,福邦證券,2024-05-22,6480
4114,健喬,16,0,16,福邦證券,2024-05-22,6480
4164,承業醫,16,0,16,福邦證券,2024-05-22,6480
5210,寶碩,15,0,15,福邦證券,2024-05-22,6480
8028,昇陽半導體,25,10,15,福邦證券,2024-05-22,6480
2704,國賓,14,0,14,福邦證券,2024-05-22,6480
6753,龍德造船,14,0,14,福邦證券,2024-05-22,6480
3630,新鉅科,11,0,11,福邦證券,2024-05-22,6480
8096,擎亞,14,3,11,福邦證券,2024-05-22,6480
2409,友達,26,16,10,福邦證券,2024-05-22,6480
2486,一詮,12,2,10,福邦證券,2024-05-22,6480
2601,益航,10,0,10,福邦證券,2024-05-22,6480
3363,上詮,11,1,10,福邦證券,2024-05-22,6480
3455,由田,10,0,10,福邦證券,2024-05-22,6480
4123,晟德,10,0,10,福邦證券,2024-05-22,6480
4956,光鋐,10,0,10,福邦證券,2024-05-22,6480
6244,茂迪,11,1,10,福邦證券,2024-05-22,6480
6125,廣運,514,7,507,福邦證券,2024-05-23,6480
6188,廣明,215,3,212,福邦證券,2024-05-23,6480
5371,中光電,192,13,179,福邦證券,2024-05-23,6480
3483,力致,158,0,158,福邦證券,2024-05-23,6480
3711,日月光投控,146,0,146,福邦證券,2024-05-23,6480
2601,益航,100,0,100,福邦證券,2024-05-23,6480
2420,新巨,100,3,97,福邦證券,2024-05-23,6480
2317,鴻海,102,10,92,福邦證券,2024-05-23,6480
5483,中美晶,75,0,75,福邦證券,2024-05-23,6480
2354,鴻準,75,4,71,福邦證券,2024-05-23,6480
6026,福邦證,70,1,69,福邦證券,2024-05-23,6480
2331,精英,60,0,60,福邦證券,2024-05-23,6480
2441,超豐,60,2,58,福邦證券,2024-05-23,6480
2351,順德,57,0,57,福邦證券,2024-05-23,6480
4164,承業醫,53,0,53,福邦證券,2024-05-23,6480
00738U,期元大道瓊白銀,50,0,50,福邦證券,2024-05-23,6480
2731,雄獅,40,0,40,福邦證券,2024-05-23,6480
2348,海悅,36,0,36,福邦證券,2024-05-23,6480
6170,統振,35,0,35,福邦證券,2024-05-23,6480
00937B,群益ESG投等債20,53,20,33,福邦證券,2024-05-23,6480
2017,官田鋼,30,0,30,福邦證券,2024-05-23,6480
2890,永豐金,30,0,30,福邦證券,2024-05-23,6480
3450,聯鈞,29,0,29,福邦證券,2024-05-23,6480
1605,華新,30,3,27,福邦證券,2024-05-23,6480
1586,和勤,44,18,26,福邦證券,2024-05-23,6480
2609,陽明,21,0,21,福邦證券,2024-05-23,6480
2031,新光鋼,20,0,20,福邦證券,2024-05-23,6480
4543,萬在,23,3,20,福邦證券,2024-05-23,6480
3312,弘憶股,37,18,19,福邦證券,2024-05-23,6480
2062,橋椿,14,0,14,福邦證券,2024-05-23,6480
1614,三洋電,13,0,13,福邦證券,2024-05-23,6480
6120,達運,42,30,12,福邦證券,2024-05-23,6480
8112,至上,12,0,12,福邦證券,2024-05-23,6480
2027,大成鋼,33,21,12,福邦證券,2024-05-23,6480
2882,國泰金,11,0,11,福邦證券,2024-05-23,6480
8096,擎亞,21,10,11,福邦證券,2024-05-23,6480
1609,大亞,10,0,10,福邦證券,2024-05-23,6480
00655L,國泰中國A50正2,10,0,10,福邦證券,2024-05-23,6480
2891,中信金,10,0,10,福邦證券,2024-05-23,6480
3466,德晉,10,0,10,福邦證券,2024-05-23,6480
3576,聯合再生,10,0,10,福邦證券,2024-05-23,6480
4566,時碩工業,10,0,10,福邦證券,2024-05-23,6480
6706,惠特,10,0,10,福邦證券,2024-05-23,6480
9958,世紀鋼,10,0,10,福邦證券,2024-05-23,6480
4563,百德,9,0,9,福邦證券,2024-05-23,6480
6805,富世達,10,1,9,福邦證券,2024-05-23,6480
00725B,國泰投資級公司債,8,0,8,福邦證券,2024-05-23,6480
2308,台達電,10,2,8,福邦證券,2024-05-23,6480
2357,華碩,8,0,8,福邦證券,2024-05-23,6480
3055,蔚華科,10,2,8,福邦證券,2024-05-23,6480
3481,群創,600,12,588,福邦證券,2024-05-24,6480
1301,台塑,252,0,252,福邦證券,2024-05-24,6480
2371,大同,241,21,220,福邦證券,2024-05-24,6480
2376,技嘉,101,1,100,福邦證券,2024-05-24,6480
6190,萬泰科,104,8,96,福邦證券,2024-05-24,6480
3055,蔚華科,108,18,90,福邦證券,2024-05-24,6480
6274,台燿,95,5,90,福邦證券,2024-05-24,6480
3202,樺晟,61,1,60,福邦證券,2024-05-24,6480
1815,富喬,584,531,53,福邦證券,2024-05-24,6480
5880,合庫金,51,0,51,福邦證券,2024-05-24,6480
1402,遠東新,50,0,50,福邦證券,2024-05-24,6480
3234,光環,50,6,44,福邦證券,2024-05-24,6480
3376,新日興,40,0,40,福邦證券,2024-05-24,6480
2027,大成鋼,34,0,34,福邦證券,2024-05-24,6480
00937B,群益ESG投等債20,32,0,32,福邦證券,2024-05-24,6480
2609,陽明,33,2,31,福邦證券,2024-05-24,6480
2886,兆豐金,30,0,30,福邦證券,2024-05-24,6480
3339,泰谷,80,50,30,福邦證券,2024-05-24,6480
2486,一詮,34,10,24,福邦證券,2024-05-24,6480
1810,和成,36,16,20,福邦證券,2024-05-24,6480
2348,海悅,20,0,20,福邦證券,2024-05-24,6480
3231,緯創,20,1,19,福邦證券,2024-05-24,6480
2330,台積電,19,2,17,福邦證券,2024-05-24,6480
4908,前鼎,20,3,17,福邦證券,2024-05-24,6480
2363,矽統,27,11,16,福邦證券,2024-05-24,6480
1584,精剛,15,0,15,福邦證券,2024-05-24,6480
2618,長榮航,18,5,13,福邦證券,2024-05-24,6480
00715L,期街口布蘭特正2,12,0,12,福邦證券,2024-05-24,6480
2323,中環,12,0,12,福邦證券,2024-05-24,6480
6177,達麗,12,0,12,福邦證券,2024-05-24,6480
1808,潤隆,10,0,10,福邦證券,2024-05-24,6480
00939,統一台灣高息動能,10,0,10,福邦證券,2024-05-24,6480
2017,官田鋼,10,0,10,福邦證券,2024-05-24,6480
2441,超豐,10,0,10,福邦證券,2024-05-24,6480
2511,太子,10,0,10,福邦證券,2024-05-24,6480
3052,夆典,10,0,10,福邦證券,2024-05-24,6480
3466,德晉,10,0,10,福邦證券,2024-05-24,6480
6282,康舒,10,0,10,福邦證券,2024-05-24,6480
2406,國碩,9,0,9,福邦證券,2024-05-24,6480
4164,承業醫,10,1,9,福邦證券,2024-05-24,6480
5289,宜鼎,10,1,9,福邦證券,2024-05-24,6480
6166,凌華,10,1,9,福邦證券,2024-05-24,6480
2464,盟立,30,22,8,福邦證券,2024-05-24,6480
3664,安瑞-KY,8,0,8,福邦證券,2024-05-24,6480
5432,新門,8,0,8,福邦證券,2024-05-24,6480
00751B,元大AAA至A公司債,336,330,6,福邦證券,2024-05-24,6480
6170,統振,6,0,6,福邦證券,2024-05-24,6480
6546,正基,8,2,6,福邦證券,2024-05-24,6480
6693,廣閎科,6,0,6,福邦證券,2024-05-24,6480
00725B,國泰投資級公司債,5,0,5,福邦證券,2024-05-24,6480
3481,群創,1002,1,1001,福邦證券,2024-05-27,6480
2363,矽統,1091,591,500,福邦證券,2024-05-27,6480
4938,和碩,160,0,160,福邦證券,2024-05-27,6480
4967,十銓,158,0,158,福邦證券,2024-05-27,6480
3036,文曄,122,0,122,福邦證券,2024-05-27,6480
00940,元大台灣價值高息,115,5,110,福邦證券,2024-05-27,6480
3055,蔚華科,96,26,70,福邦證券,2024-05-27,6480
2002,中鋼,63,0,63,福邦證券,2024-05-27,6480
3047,訊舟,61,12,49,福邦證券,2024-05-27,6480
1303,南亞,50,2,48,福邦證券,2024-05-27,6480
1815,富喬,134,87,47,福邦證券,2024-05-27,6480
2458,義隆,41,0,41,福邦證券,2024-05-27,6480
3189,景碩,41,0,41,福邦證券,2024-05-27,6480
6138,茂達,40,0,40,福邦證券,2024-05-27,6480
2377,微星,41,2,39,福邦證券,2024-05-27,6480
2254,巨鎧精密-創,53,20,33,福邦證券,2024-05-27,6480
1605,華新,62,31,31,福邦證券,2024-05-27,6480
00637L,元大滬深300正2,30,0,30,福邦證券,2024-05-27,6480
4164,承業醫,30,0,30,福邦證券,2024-05-27,6480
1467,南緯,25,0,25,福邦證券,2024-05-27,6480
2330,台積電,25,0,25,福邦證券,2024-05-27,6480
00934,中信成長高股息,20,0,20,福邦證券,2024-05-27,6480
2515,中工,20,0,20,福邦證券,2024-05-27,6480
6227,茂綸,20,0,20,福邦證券,2024-05-27,6480
2308,台達電,21,1,20,福邦證券,2024-05-27,6480
2401,凌陽,220,201,19,福邦證券,2024-05-27,6480
3088,艾訊,20,2,18,福邦證券,2024-05-27,6480
4906,正文,25,8,17,福邦證券,2024-05-27,6480
6215,和椿,20,3,17,福邦證券,2024-05-27,6480
00650L,復華香港正2,36,20,16,福邦證券,2024-05-27,6480
4566,時碩工業,17,1,16,福邦證券,2024-05-27,6480
2606,裕民,15,0,15,福邦證券,2024-05-27,6480
2028,威致,14,0,14,福邦證券,2024-05-27,6480
3376,新日興,14,0,14,福邦證券,2024-05-27,6480
8299,群聯,15,2,13,福邦證券,2024-05-27,6480
2352,佳世達,12,0,12,福邦證券,2024-05-27,6480
2618,長榮航,12,0,12,福邦證券,2024-05-27,6480
2353,宏��,24,12,12,福邦證券,2024-05-27,6480
2348,海悅,11,0,11,福邦證券,2024-05-27,6480
6579,研揚,11,0,11,福邦證券,2024-05-27,6480
8358,金居,11,0,11,福邦證券,2024-05-27,6480
2465,麗臺,11,1,10,福邦證券,2024-05-27,6480
3466,德晉,12,2,10,福邦證券,2024-05-27,6480
6116,彩晶,10,0,10,福邦證券,2024-05-27,6480
6279,胡連,10,0,10,福邦證券,2024-05-27,6480
4533,協易機,9,0,9,福邦證券,2024-05-27,6480
6414,樺漢,10,1,9,福邦證券,2024-05-27,6480
3033,威健,20,12,8,福邦證券,2024-05-27,6480
2355,敬鵬,7,0,7,福邦證券,2024-05-27,6480
2368,金像電,9,2,7,福邦證券,2024-05-27,6480
6188,廣明,163,6,157,福邦證券,2024-05-28,6480
2371,大同,120,8,112,福邦證券,2024-05-28,6480
3481,群創,100,5,95,福邦證券,2024-05-28,6480
5483,中美晶,80,0,80,福邦證券,2024-05-28,6480
2330,台積電,67,0,67,福邦證券,2024-05-28,6480
2344,華邦電,50,1,49,福邦證券,2024-05-28,6480
2379,瑞昱,41,0,41,福邦證券,2024-05-28,6480
3711,日月光投控,40,0,40,福邦證券,2024-05-28,6480
2363,矽統,66,28,38,福邦證券,2024-05-28,6480
00937B,群益ESG投等債20,38,0,38,福邦證券,2024-05-28,6480
4533,協易機,39,3,36,福邦證券,2024-05-28,6480
00637L,元大滬深300正2,30,0,30,福邦證券,2024-05-28,6480
1742,台蠟,26,0,26,福邦證券,2024-05-28,6480
3675,德微,26,0,26,福邦證券,2024-05-28,6480
2731,雄獅,25,0,25,福邦證券,2024-05-28,6480
6278,台表科,25,0,25,福邦證券,2024-05-28,6480
1785,光洋科,20,0,20,福邦證券,2024-05-28,6480
3712,永崴投控,52,32,20,福邦證券,2024-05-28,6480
6026,福邦證,20,0,20,福邦證券,2024-05-28,6480
6292,迅德,20,0,20,福邦證券,2024-05-28,6480
1312,國喬,20,1,19,福邦證券,2024-05-28,6480
6679,鈺太,19,0,19,福邦證券,2024-05-28,6480
2609,陽明,25,8,17,福邦證券,2024-05-28,6480
4739,康普,24,8,16,福邦證券,2024-05-28,6480
2324,仁寶,16,0,16,福邦證券,2024-05-28,6480
4566,時碩工業,30,15,15,福邦證券,2024-05-28,6480
3234,光環,14,0,14,福邦證券,2024-05-28,6480
2486,一詮,67,54,13,福邦證券,2024-05-28,6480
00751B,元大AAA至A公司債,11,0,11,福邦證券,2024-05-28,6480
3047,訊舟,21,10,11,福邦證券,2024-05-28,6480
4966,譜瑞-KY,11,0,11,福邦證券,2024-05-28,6480
00650L,復華香港正2,50,40,10,福邦證券,2024-05-28,6480
00857B,永豐20年美公債,10,0,10,福邦證券,2024-05-28,6480
2349,錸德,10,0,10,福邦證券,2024-05-28,6480
3024,憶聲,10,0,10,福邦證券,2024-05-28,6480
3034,聯詠,10,0,10,福邦證券,2024-05-28,6480
3594,磐儀,10,0,10,福邦證券,2024-05-28,6480
3664,安瑞-KY,10,0,10,福邦證券,2024-05-28,6480
4952,凌通,41,31,10,福邦證券,2024-05-28,6480
4956,光鋐,10,0,10,福邦證券,2024-05-28,6480
5213,亞昕,10,0,10,福邦證券,2024-05-28,6480
5426,振發,17,7,10,福邦證券,2024-05-28,6480
8299,群聯,11,1,10,福邦證券,2024-05-28,6480
2348,海悅,9,0,9,福邦證券,2024-05-28,6480
4164,承業醫,17,8,9,福邦證券,2024-05-28,6480
1522,堤維西,10,2,8,福邦證券,2024-05-28,6480
5880,合庫金,8,0,8,福邦證券,2024-05-28,6480
00795B,中信美國公債20年,7,0,7,福邦證券,2024-05-28,6480
2464,盟立,9,2,7,福邦證券,2024-05-28,6480
6279,胡連,7,0,7,福邦證券,2024-05-28,6480
1402,遠東新,200,0,200,福邦證券,2024-05-29,6480
2888,新光金,160,0,160,福邦證券,2024-05-29,6480
3035,智原,160,1,159,福邦證券,2024-05-29,6480
4979,華星光,114,1,113,福邦證券,2024-05-29,6480
8210,勤誠,100,0,100,福邦證券,2024-05-29,6480
2886,兆豐金,94,0,94,福邦證券,2024-05-29,6480
2371,大同,83,5,78,福邦證券,2024-05-29,6480
3040,遠見,50,0,50,福邦證券,2024-05-29,6480
6230,尼得科超眾,50,0,50,福邦證券,2024-05-29,6480
3443,創意,44,0,44,福邦證券,2024-05-29,6480
2345,智邦,44,1,43,福邦證券,2024-05-29,6480
5483,中美晶,40,0,40,福邦證券,2024-05-29,6480
2408,南亞科,37,0,37,福邦證券,2024-05-29,6480
3003,健和興,50,18,32,福邦證券,2024-05-29,6480
6187,萬潤,33,1,32,福邦證券,2024-05-29,6480
3535,晶彩科,30,0,30,福邦證券,2024-05-29,6480
1815,富喬,39,10,29,福邦證券,2024-05-29,6480
00937B,群益ESG投等債20,29,0,29,福邦證券,2024-05-29,6480
4739,康普,28,0,28,福邦證券,2024-05-29,6480
2614,東森,30,5,25,福邦證券,2024-05-29,6480
6189,豐藝,27,4,23,福邦證券,2024-05-29,6480
6806,森崴能源,21,0,21,福邦證券,2024-05-29,6480
2348,海悅,20,0,20,福邦證券,2024-05-29,6480
2597,潤弘,20,0,20,福邦證券,2024-05-29,6480
6488,環球晶,20,0,20,福邦證券,2024-05-29,6480
6121,新普,20,0,20,福邦證券,2024-05-29,6480
6279,胡連,18,0,18,福邦證券,2024-05-29,6480
2609,陽明,17,0,17,福邦證券,2024-05-29,6480
6207,雷科,16,0,16,福邦證券,2024-05-29,6480
5328,華容,15,0,15,福邦證券,2024-05-29,6480
00751B,元大AAA至A公司債,14,1,13,福邦證券,2024-05-29,6480
00857B,永豐20年美公債,12,0,12,福邦證券,2024-05-29,6480
1742,台蠟,12,0,12,福邦證券,2024-05-29,6480
5371,中光電,12,0,12,福邦證券,2024-05-29,6480
1785,光洋科,11,0,11,福邦證券,2024-05-29,6480
2618,長榮航,13,2,11,福邦證券,2024-05-29,6480
3518,柏騰,11,0,11,福邦證券,2024-05-29,6480
3693,營邦,11,0,11,福邦證券,2024-05-29,6480
00795B,中信美國公債20年,10,0,10,福邦證券,2024-05-29,6480
2017,官田鋼,10,0,10,福邦證券,2024-05-29,6480
2419,仲琦,11,1,10,福邦證券,2024-05-29,6480
2515,中工,50,40,10,福邦證券,2024-05-29,6480
3052,夆典,10,0,10,福邦證券,2024-05-29,6480
6414,樺漢,10,0,10,福邦證券,2024-05-29,6480
9939,宏全,10,0,10,福邦證券,2024-05-29,6480
2486,一詮,30,21,9,福邦證券,2024-05-29,6480
5324,士開,9,0,9,福邦證券,2024-05-29,6480
3231,緯創,9,1,8,福邦證券,2024-05-29,6480
4576,大銀微系統,10,2,8,福邦證券,2024-05-29,6480
5434,崇越,8,0,8,福邦證券,2024-05-29,6480
3231,緯創,320,28,292,福邦證券,2024-05-30,6480
6153,嘉聯益,240,0,240,福邦證券,2024-05-30,6480
2354,鴻準,169,26,143,福邦證券,2024-05-30,6480
2597,潤弘,110,0,110,福邦證券,2024-05-30,6480
1316,上曜,100,0,100,福邦證券,2024-05-30,6480
3260,威剛,82,0,82,福邦證券,2024-05-30,6480
3324,雙鴻,70,1,69,福邦證券,2024-05-30,6480
2707,晶華,53,0,53,福邦證券,2024-05-30,6480
00738U,期元大道瓊白銀,50,0,50,福邦證券,2024-05-30,6480
3003,健和興,50,0,50,福邦證券,2024-05-30,6480
6213,聯茂,52,5,47,福邦證券,2024-05-30,6480
4533,協易機,59,17,42,福邦證券,2024-05-30,6480
00937B,群益ESG投等債20,40,0,40,福邦證券,2024-05-30,6480
3047,訊舟,70,38,32,福邦證券,2024-05-30,6480
4739,康普,31,0,31,福邦證券,2024-05-30,6480
00631L,元大台灣50正2,30,0,30,福邦證券,2024-05-30,6480
2458,義隆,31,1,30,福邦證券,2024-05-30,6480
2524,京城,30,0,30,福邦證券,2024-05-30,6480
2489,瑞軒,27,5,22,福邦證券,2024-05-30,6480
00753L,中信中國50正2,40,20,20,福邦證券,2024-05-30,6480
2371,大同,110,95,15,福邦證券,2024-05-30,6480
2834,臺企銀,14,0,14,福邦證券,2024-05-30,6480
3455,由田,14,0,14,福邦證券,2024-05-30,6480
4303,信立,16,3,13,福邦證券,2024-05-30,6480
4576,大銀微系統,11,0,11,福邦證券,2024-05-30,6480
6806,森崴能源,11,0,11,福邦證券,2024-05-30,6480
1605,華新,10,0,10,福邦證券,2024-05-30,6480
00650L,復華香港正2,60,50,10,福邦證券,2024-05-30,6480
00857B,永豐20年美公債,10,0,10,福邦證券,2024-05-30,6480
2017,官田鋼,10,0,10,福邦證券,2024-05-30,6480
2331,精英,10,0,10,福邦證券,2024-05-30,6480
3289,宜特,10,0,10,福邦證券,2024-05-30,6480
3376,新日興,10,0,10,福邦證券,2024-05-30,6480
4956,光鋐,10,0,10,福邦證券,2024-05-30,6480
00929,復華台灣科技優息,14,5,9,福邦證券,2024-05-30,6480
1815,富喬,43,34,9,福邦證券,2024-05-30,6480
8054,安國,17,8,9,福邦證券,2024-05-30,6480
00795B,中信美國公債20年,8,0,8,福邦證券,2024-05-30,6480
2059,川湖,8,0,8,福邦證券,2024-05-30,6480
2303,聯電,10,2,8,福邦證券,2024-05-30,6480
2308,台達電,6,0,6,福邦證券,2024-05-30,6480
2353,宏��,16,10,6,福邦證券,2024-05-30,6480
2609,陽明,8,2,6,福邦證券,2024-05-30,6480
2745,五福,6,0,6,福邦證券,2024-05-30,6480
3576,聯合再生,6,0,6,福邦證券,2024-05-30,6480
5508,永信建,7,1,6,福邦證券,2024-05-30,6480
8467,波力-KY,6,0,6,福邦證券,2024-05-30,6480
1609,大亞,5,0,5,福邦證券,2024-05-30,6480
1529,樂事綠能,5,0,5,福邦證券,2024-05-30,6480
0056,元大高股息,5,0,5,福邦證券,2024-05-30,6480
2603,長榮,340,3,337,福邦證券,2024-05-31,6480
00881,國泰台灣5G+,300,0,300,福邦證券,2024-05-31,6480
6239,力成,159,0,159,福邦證券,2024-05-31,6480
2371,大同,160,11,149,福邦證券,2024-05-31,6480
2609,陽明,118,17,101,福邦證券,2024-05-31,6480
8150,南茂,100,0,100,福邦證券,2024-05-31,6480
3324,雙鴻,101,2,99,福邦證券,2024-05-31,6480
8112,至上,100,2,98,福邦證券,2024-05-31,6480
2408,南亞科,60,0,60,福邦證券,2024-05-31,6480
3537,堡達,60,0,60,福邦證券,2024-05-31,6480
2888,新光金,70,14,56,福邦證券,2024-05-31,6480
1586,和勤,55,0,55,福邦證券,2024-05-31,6480
3224,三顧,38,0,38,福邦證券,2024-05-31,6480
3312,弘憶股,61,27,34,福邦證券,2024-05-31,6480
8084,巨虹,32,0,32,福邦證券,2024-05-31,6480
5483,中美晶,30,0,30,福邦證券,2024-05-31,6480
6488,環球晶,30,0,30,福邦證券,2024-05-31,6480
9941,裕融,30,0,30,福邦證券,2024-05-31,6480
3047,訊舟,75,50,25,福邦證券,2024-05-31,6480
4906,正文,24,0,24,福邦證券,2024-05-31,6480
1476,儒鴻,23,0,23,福邦證券,2024-05-31,6480
2454,聯發科,23,0,23,福邦證券,2024-05-31,6480
00715L,期街口布蘭特正2,22,0,22,福邦證券,2024-05-31,6480
1303,南亞,22,2,20,福邦證券,2024-05-31,6480
2438,翔耀,20,0,20,福邦證券,2024-05-31,6480
2597,潤弘,20,0,20,福邦證券,2024-05-31,6480
2367,燿華,22,3,19,福邦證券,2024-05-31,6480
2641,正德,35,17,18,福邦證券,2024-05-31,6480
2254,巨鎧精密-創,42,26,16,福邦證券,2024-05-31,6480
3033,威健,15,0,15,福邦證券,2024-05-31,6480
6869,雲豹能源,15,0,15,福邦證券,2024-05-31,6480
2345,智邦,15,2,13,福邦證券,2024-05-31,6480
2889,國票金,12,0,12,福邦證券,2024-05-31,6480
2002,中鋼,11,0,11,福邦證券,2024-05-31,6480
1802,台玻,10,0,10,福邦證券,2024-05-31,6480
2353,宏��,10,0,10,福邦證券,2024-05-31,6480
2464,盟立,36,26,10,福邦證券,2024-05-31,6480
2739,寒舍,10,0,10,福邦證券,2024-05-31,6480
2801,彰銀,10,0,10,福邦證券,2024-05-31,6480
3202,樺晟,11,1,10,福邦證券,2024-05-31,6480
1513,中興電,8,0,8,福邦證券,2024-05-31,6480
2397,友通,8,0,8,福邦證券,2024-05-31,6480
2891,中信金,8,1,7,福邦證券,2024-05-31,6480
2486,一詮,9,3,6,福邦證券,2024-05-31,6480
3661,世芯-KY,6,0,6,福邦證券,2024-05-31,6480
6233,旺玖,6,0,6,福邦證券,2024-05-31,6480
8358,金居,6,0,6,福邦證券,2024-05-31,6480
2883,凱基金,5,0,5,福邦證券,2024-05-31,6480
3289,宜特,5,0,5,福邦證券,2024-05-31,6480
4127,天良,5,0,5,福邦證券,2024-05-31,6480
00632R,元大台灣50反1,1370,0,1370,福邦證券,2024-06-03,6480
2301,光寶科,401,0,401,福邦證券,2024-06-03,6480
1409,新纖,105,0,105,福邦證券,2024-06-03,6480
00715L,期街口布蘭特正2,66,0,66,福邦證券,2024-06-03,6480
1586,和勤,65,0,65,福邦證券,2024-06-03,6480
1504,東元,60,0,60,福邦證券,2024-06-03,6480
2324,仁寶,51,0,51,福邦證券,2024-06-03,6480
2606,裕民,45,0,45,福邦證券,2024-06-03,6480
2254,巨鎧精密-創,77,39,38,福邦證券,2024-06-03,6480
3374,精材,54,16,38,福邦證券,2024-06-03,6480
3224,三顧,35,0,35,福邦證券,2024-06-03,6480
6213,聯茂,36,3,33,福邦證券,2024-06-03,6480
2610,華航,32,0,32,福邦證券,2024-06-03,6480
2458,義隆,30,0,30,福邦證券,2024-06-03,6480
2608,嘉里大榮,31,1,30,福邦證券,2024-06-03,6480
2597,潤弘,28,0,28,福邦證券,2024-06-03,6480
2888,新光金,34,8,26,福邦證券,2024-06-03,6480
2886,兆豐金,25,0,25,福邦證券,2024-06-03,6480
00929,復華台灣科技優息,25,1,24,福邦證券,2024-06-03,6480
2354,鴻準,21,0,21,福邦證券,2024-06-03,6480
3537,堡達,20,0,20,福邦證券,2024-06-03,6480
3481,群創,15,0,15,福邦證券,2024-06-03,6480
4739,康普,14,0,14,福邦證券,2024-06-03,6480
2376,技嘉,13,0,13,福邦證券,2024-06-03,6480
3058,立德,13,0,13,福邦證券,2024-06-03,6480
5243,乙盛-KY,13,0,13,福邦證券,2024-06-03,6480
1537,廣隆,12,0,12,福邦證券,2024-06-03,6480
3260,威剛,12,0,12,福邦證券,2024-06-03,6480
2002,中鋼,11,0,11,福邦證券,2024-06-03,6480
2399,映泰,11,0,11,福邦證券,2024-06-03,6480
4420,光明,11,0,11,福邦證券,2024-06-03,6480
00655L,國泰中國A50正2,10,0,10,福邦證券,2024-06-03,6480
00762,元大全球AI,10,0,10,福邦證券,2024-06-03,6480
00939,統一台灣高息動能,10,0,10,福邦證券,2024-06-03,6480
2889,國票金,10,0,10,福邦證券,2024-06-03,6480
3202,樺晟,13,3,10,福邦證券,2024-06-03,6480
3362,先進光,10,0,10,福邦證券,2024-06-03,6480
5388,中磊,10,0,10,福邦證券,2024-06-03,6480
6733,博晟生醫,10,0,10,福邦證券,2024-06-03,6480
2454,聯發科,10,1,9,福邦證券,2024-06-03,6480
4533,協易機,83,74,9,福邦證券,2024-06-03,6480
1618,合機,8,0,8,福邦證券,2024-06-03,6480
2891,中信金,11,3,8,福邦證券,2024-06-03,6480
1605,華新,7,0,7,福邦證券,2024-06-03,6480
2515,中工,7,0,7,福邦證券,2024-06-03,6480
2867,三商壽,7,0,7,福邦證券,2024-06-03,6480
1742,台蠟,13,7,6,福邦證券,2024-06-03,6480
2618,長榮航,15,9,6,福邦證券,2024-06-03,6480
3055,蔚華科,6,0,6,福邦證券,2024-06-03,6480
8249,菱光,6,0,6,福邦證券,2024-06-03,6480
00632R,元大台灣50反1,1800,120,1680,福邦證券,2024-06-04,6480
2317,鴻海,847,14,833,福邦證券,2024-06-04,6480
2356,英業達,160,0,160,福邦證券,2024-06-04,6480
2606,裕民,110,0,110,福邦證券,2024-06-04,6480
2344,華邦電,102,0,102,福邦證券,2024-06-04,6480
3702,大聯大,100,0,100,福邦證券,2024-06-04,6480
2371,大同,200,103,97,福邦證券,2024-06-04,6480
3036,文曄,80,4,76,福邦證券,2024-06-04,6480
2382,廣達,72,1,71,福邦證券,2024-06-04,6480
5284,jpp-KY,64,1,63,福邦證券,2024-06-04,6480
1586,和勤,65,3,62,福邦證券,2024-06-04,6480
2207,和泰車,60,0,60,福邦證券,2024-06-04,6480
00650L,復華香港正2,127,77,50,福邦證券,2024-06-04,6480
3711,日月光投控,45,0,45,福邦證券,2024-06-04,6480
5263,智崴,45,2,43,福邦證券,2024-06-04,6480
4938,和碩,42,1,41,福邦證券,2024-06-04,6480
2408,南亞科,40,0,40,福邦證券,2024-06-04,6480
4979,華星光,42,8,34,福邦證券,2024-06-04,6480
8906,花王,31,0,31,福邦證券,2024-06-04,6480
3413,京鼎,30,0,30,福邦證券,2024-06-04,6480
6578,達邦蛋白,30,0,30,福邦證券,2024-06-04,6480
00715L,期街口布蘭特正2,28,0,28,福邦證券,2024-06-04,6480
3224,三顧,27,0,27,福邦證券,2024-06-04,6480
3376,新日興,31,4,27,福邦證券,2024-06-04,6480
2379,瑞昱,26,0,26,福邦證券,2024-06-04,6480
0056,元大高股息,25,0,25,福邦證券,2024-06-04,6480
3030,德律,24,0,24,福邦證券,2024-06-04,6480
3481,群創,24,0,24,福邦證券,2024-06-04,6480
1504,東元,31,10,21,福邦證券,2024-06-04,6480
2101,南港,70,49,21,福邦證券,2024-06-04,6480
2376,技嘉,22,1,21,福邦證券,2024-06-04,6480
4739,康普,18,0,18,福邦證券,2024-06-04,6480
5425,台半,20,2,18,福邦證券,2024-06-04,6480
2027,大成鋼,16,0,16,福邦證券,2024-06-04,6480
3576,聯合再生,16,0,16,福邦證券,2024-06-04,6480
6462,神盾,18,2,16,福邦證券,2024-06-04,6480
2883,凱基金,15,0,15,福邦證券,2024-06-04,6480
00919,群益台灣精選高息,13,0,13,福邦證券,2024-06-04,6480
2312,金寶,13,0,13,福邦證券,2024-06-04,6480
3169,亞信,13,0,13,福邦證券,2024-06-04,6480
3557,嘉威,13,0,13,福邦證券,2024-06-04,6480
4303,信立,13,0,13,福邦證券,2024-06-04,6480
2330,台積電,14,1,13,福邦證券,2024-06-04,6480
6177,達麗,15,3,12,福邦證券,2024-06-04,6480
3062,建漢,11,0,11,福邦證券,2024-06-04,6480
5371,中光電,11,0,11,福邦證券,2024-06-04,6480
2385,群光,10,0,10,福邦證券,2024-06-04,6480
6116,彩晶,10,0,10,福邦證券,2024-06-04,6480
1742,台蠟,14,5,9,福邦證券,2024-06-04,6480
00936,台新永續高息中小,9,0,9,福邦證券,2024-06-04,6480
00632R,元大台灣50反1,1330,30,1300,福邦證券,2024-06-05,6480
5608,四維航,420,0,420,福邦證券,2024-06-05,6480
6546,正基,337,2,335,福邦證券,2024-06-05,6480
2303,聯電,201,0,201,福邦證券,2024-06-05,6480
3708,上緯投控,153,6,147,福邦證券,2024-06-05,6480
4566,時碩工業,143,60,83,福邦證券,2024-06-05,6480
00881,國泰台灣5G+,60,0,60,福邦證券,2024-06-05,6480
1590,亞德客-KY,35,0,35,福邦證券,2024-06-05,6480
8171,天宇,35,0,35,福邦證券,2024-06-05,6480
5371,中光電,38,4,34,福邦證券,2024-06-05,6480
1586,和勤,73,40,33,福邦證券,2024-06-05,6480
8069,元太,31,0,31,福邦證券,2024-06-05,6480
2376,技嘉,30,0,30,福邦證券,2024-06-05,6480
3015,全漢,30,0,30,福邦證券,2024-06-05,6480
5388,中磊,30,0,30,福邦證券,2024-06-05,6480
4739,康普,32,3,29,福邦證券,2024-06-05,6480
00715L,期街口布蘭特正2,21,0,21,福邦證券,2024-06-05,6480
2031,新光鋼,20,0,20,福邦證券,2024-06-05,6480
2360,致茂,20,0,20,福邦證券,2024-06-05,6480
3221,台嘉碩,20,0,20,福邦證券,2024-06-05,6480
5490,同亨,20,0,20,福邦證券,2024-06-05,6480
5609,中菲行,20,0,20,福邦證券,2024-06-05,6480
6735,美達科技,20,0,20,福邦證券,2024-06-05,6480
6142,友勁,21,6,15,福邦證券,2024-06-05,6480
2317,鴻海,24,10,14,福邦證券,2024-06-05,6480
3557,嘉威,14,0,14,福邦證券,2024-06-05,6480
4979,華星光,13,0,13,福邦證券,2024-06-05,6480
2489,瑞軒,25,13,12,福邦證券,2024-06-05,6480
3058,立德,18,6,12,福邦證券,2024-06-05,6480
2399,映泰,11,0,11,福邦證券,2024-06-05,6480
2101,南港,10,0,10,福邦證券,2024-06-05,6480
2002,中鋼,10,0,10,福邦證券,2024-06-05,6480
2641,正德,10,0,10,福邦證券,2024-06-05,6480
3522,御嵿,10,0,10,福邦證券,2024-06-05,6480
4303,信立,10,0,10,福邦證券,2024-06-05,6480
6605,帝寶,10,0,10,福邦證券,2024-06-05,6480
1316,上曜,10,1,9,福邦證券,2024-06-05,6480
2888,新光金,9,0,9,福邦證券,2024-06-05,6480
3481,群創,15,6,9,福邦證券,2024-06-05,6480
4167,松瑞藥,10,1,9,福邦證券,2024-06-05,6480
5230,雷笛克光學,10,1,9,福邦證券,2024-06-05,6480
5468,凱鈺,8,0,8,福邦證券,2024-06-05,6480
3231,緯創,8,0,8,福邦證券,2024-06-05,6480
00878,國泰永續高股息,7,0,7,福邦證券,2024-06-05,6480
3008,大立光,7,0,7,福邦證券,2024-06-05,6480
9939,宏全,7,0,7,福邦證券,2024-06-05,6480
00918,大華優利高填息30,6,0,6,福邦證券,2024-06-05,6480
2382,廣達,6,0,6,福邦證券,2024-06-05,6480
2867,三商壽,6,0,6,福邦證券,2024-06-05,6480
3055,蔚華科,6,0,6,福邦證券,2024-06-05,6480
00632R,元大台灣50反1,7100,0,7100,福邦證券,2024-06-06,6480
2006,東和鋼鐵,105,0,105,福邦證券,2024-06-06,6480
4979,華星光,102,0,102,福邦證券,2024-06-06,6480
9939,宏全,91,0,91,福邦證券,2024-06-06,6480
2438,翔耀,80,0,80,福邦證券,2024-06-06,6480
1802,台玻,60,0,60,福邦證券,2024-06-06,6480
3122,笙泉,60,0,60,福邦證券,2024-06-06,6480
00937B,群益ESG投等債20,52,2,50,福邦證券,2024-06-06,6480
2444,兆勁,49,0,49,福邦證券,2024-06-06,6480
8171,天宇,40,0,40,福邦證券,2024-06-06,6480
1815,富喬,36,1,35,福邦證券,2024-06-06,6480
2379,瑞昱,30,0,30,福邦證券,2024-06-06,6480
9958,世紀鋼,30,0,30,福邦證券,2024-06-06,6480
6213,聯茂,41,13,28,福邦證券,2024-06-06,6480
3374,精材,27,2,25,福邦證券,2024-06-06,6480
5289,宜鼎,30,5,25,福邦證券,2024-06-06,6480
00918,大華優利高填息30,20,0,20,福邦證券,2024-06-06,6480
2801,彰銀,21,1,20,福邦證券,2024-06-06,6480
3454,晶睿,20,0,20,福邦證券,2024-06-06,6480
4739,康普,21,1,20,福邦證券,2024-06-06,6480
5521,工信,19,0,19,福邦證券,2024-06-06,6480
6197,佳必琪,20,1,19,福邦證券,2024-06-06,6480
3576,聯合再生,18,1,17,福邦證券,2024-06-06,6480
6679,鈺太,16,0,16,福邦證券,2024-06-06,6480
1742,台蠟,16,1,15,福邦證券,2024-06-06,6480
2354,鴻準,19,4,15,福邦證券,2024-06-06,6480
2101,南港,58,45,13,福邦證券,2024-06-06,6480
2597,潤弘,12,0,12,福邦證券,2024-06-06,6480
3483,力致,12,1,11,福邦證券,2024-06-06,6480
5388,中磊,11,0,11,福邦證券,2024-06-06,6480
2317,鴻海,23,13,10,福邦證券,2024-06-06,6480
2017,官田鋼,10,0,10,福邦證券,2024-06-06,6480
2399,映泰,10,0,10,福邦證券,2024-06-06,6480
2464,盟立,11,1,10,福邦證券,2024-06-06,6480
2906,高林,10,0,10,福邦證券,2024-06-06,6480
3013,晟銘電,11,1,10,福邦證券,2024-06-06,6480
5609,中菲行,10,0,10,福邦證券,2024-06-06,6480
6214,精誠,10,0,10,福邦證券,2024-06-06,6480
6856,鑫傳,9,0,9,福邦證券,2024-06-06,6480
00692,富邦公司治理,8,0,8,福邦證券,2024-06-06,6480
3305,昇貿,8,0,8,福邦證券,2024-06-06,6480
4533,協易機,9,1,8,福邦證券,2024-06-06,6480
3481,群創,13,6,7,福邦證券,2024-06-06,6480
6163,華電網,7,0,7,福邦證券,2024-06-06,6480
8064,東捷,8,1,7,福邦證券,2024-06-06,6480
1799,易威,6,0,6,福邦證券,2024-06-06,6480
2439,美律,6,0,6,福邦證券,2024-06-06,6480
4303,信立,6,0,6,福邦證券,2024-06-06,6480
5243,乙盛-KY,6,0,6,福邦證券,2024-06-06,6480
1529,樂事綠能,5,0,5,福邦證券,2024-06-06,6480
2328,廣宇,500,0,500,福邦證券,2024-06-07,6480
4906,正文,402,0,402,福邦證券,2024-06-07,6480
4915,致伸,300,0,300,福邦證券,2024-06-07,6480
1815,富喬,269,36,233,福邦證券,2024-06-07,6480
3596,智易,101,0,101,福邦證券,2024-06-07,6480
00632R,元大台灣50反1,100,0,100,福邦證券,2024-06-07,6480
2609,陽明,214,117,97,福邦證券,2024-06-07,6480
2615,萬海,97,8,89,福邦證券,2024-06-07,6480
3122,笙泉,151,67,84,福邦證券,2024-06-07,6480
3036,文曄,75,0,75,福邦證券,2024-06-07,6480
2383,台光電,51,1,50,福邦證券,2024-06-07,6480
6121,新普,50,0,50,福邦證券,2024-06-07,6480
8114,振樺電,50,0,50,福邦證券,2024-06-07,6480
5284,jpp-KY,40,0,40,福邦證券,2024-06-07,6480
00937B,群益ESG投等債20,38,0,38,福邦證券,2024-06-07,6480
6026,福邦證,35,0,35,福邦證券,2024-06-07,6480
9105,泰金寶-DR,35,0,35,福邦證券,2024-06-07,6480
3376,新日興,37,7,30,福邦證券,2024-06-07,6480
6117,迎廣,29,0,29,福邦證券,2024-06-07,6480
2603,長榮,28,0,28,福邦證券,2024-06-07,6480
2101,南港,26,1,25,福邦證券,2024-06-07,6480
2438,翔耀,45,20,25,福邦證券,2024-06-07,6480
2888,新光金,68,45,23,福邦證券,2024-06-07,6480
3088,艾訊,25,3,22,福邦證券,2024-06-07,6480
2444,兆勁,20,0,20,福邦證券,2024-06-07,6480
3537,堡達,20,0,20,福邦證券,2024-06-07,6480
2312,金寶,18,0,18,福邦證券,2024-06-07,6480
6788,華景電,15,0,15,福邦證券,2024-06-07,6480
2317,鴻海,15,1,14,福邦證券,2024-06-07,6480
2353,宏��,14,0,14,福邦證券,2024-06-07,6480
2382,廣達,12,0,12,福邦證券,2024-06-07,6480
2611,志信,12,1,11,福邦證券,2024-06-07,6480
00715L,期街口布蘭特正2,10,0,10,福邦證券,2024-06-07,6480
2108,南帝,10,0,10,福邦證券,2024-06-07,6480
2706,第一店,10,0,10,福邦證券,2024-06-07,6480
5230,雷笛克光學,10,0,10,福邦證券,2024-06-07,6480
6146,耕興,10,0,10,福邦證券,2024-06-07,6480
6683,雍智科技,10,0,10,福邦證券,2024-06-07,6480
8050,廣積,10,0,10,福邦證券,2024-06-07,6480
2017,官田鋼,10,0,10,福邦證券,2024-06-07,6480
2455,全新,11,2,9,福邦證券,2024-06-07,6480
3047,訊舟,12,3,9,福邦證券,2024-06-07,6480
5880,合庫金,8,0,8,福邦證券,2024-06-07,6480
1586,和勤,39,32,7,福邦證券,2024-06-07,6480
00900,富邦特選高股息30,6,0,6,福邦證券,2024-06-07,6480
2233,宇隆,6,0,6,福邦證券,2024-06-07,6480
3661,世芯-KY,6,0,6,福邦證券,2024-06-07,6480
6016,康和證,6,0,6,福邦證券,2024-06-07,6480
8099,大世科,6,0,6,福邦證券,2024-06-07,6480
8933,愛地雅,6,0,6,福邦證券,2024-06-07,6480
2371,大同,423,8,415,福邦證券,2024-06-11,6480
2363,矽統,400,0,400,福邦證券,2024-06-11,6480
2006,東和鋼鐵,300,0,300,福邦證券,2024-06-11,6480
1409,新纖,245,0,245,福邦證券,2024-06-11,6480
3231,緯創,165,0,165,福邦證券,2024-06-11,6480
00753L,中信中國50正2,180,50,130,福邦證券,2024-06-11,6480
2888,新光金,113,0,113,福邦證券,2024-06-11,6480
2382,廣達,110,1,109,福邦證券,2024-06-11,6480
00632R,元大台灣50反1,100,0,100,福邦證券,2024-06-11,6480
2408,南亞科,100,0,100,福邦證券,2024-06-11,6480
4906,正文,98,0,98,福邦證券,2024-06-11,6480
4979,華星光,100,10,90,福邦證券,2024-06-11,6480
2609,陽明,81,3,78,福邦證券,2024-06-11,6480
6288,聯嘉,65,0,65,福邦證券,2024-06-11,6480
2376,技嘉,55,1,54,福邦證券,2024-06-11,6480
00937B,群益ESG投等債20,51,0,51,福邦證券,2024-06-11,6480
00725B,國泰投資級公司債,50,0,50,福邦證券,2024-06-11,6480
1609,大亞,56,10,46,福邦證券,2024-06-11,6480
2618,長榮航,43,0,43,福邦證券,2024-06-11,6480
3432,台端,35,0,35,福邦證券,2024-06-11,6480
00918,大華優利高填息30,33,0,33,福邦證券,2024-06-11,6480
2607,榮運,31,0,31,福邦證券,2024-06-11,6480
00637L,元大滬深300正2,30,0,30,福邦證券,2024-06-11,6480
2351,順德,30,0,30,福邦證券,2024-06-11,6480
3622,洋華,31,1,30,福邦證券,2024-06-11,6480
5284,jpp-KY,30,0,30,福邦證券,2024-06-11,6480
5609,中菲行,30,0,30,福邦證券,2024-06-11,6480
6679,鈺太,27,0,27,福邦證券,2024-06-11,6480
1742,台蠟,32,7,25,福邦證券,2024-06-11,6480
1586,和勤,53,30,23,福邦證券,2024-06-11,6480
3576,聯合再生,25,3,22,福邦證券,2024-06-11,6480
3481,群創,20,0,20,福邦證券,2024-06-11,6480
8431,匯鑽科,20,0,20,福邦證券,2024-06-11,6480
00679B,元大美債20年,15,0,15,福邦證券,2024-06-11,6480
8064,東捷,15,0,15,福邦證券,2024-06-11,6480
00687B,國泰20年美債,12,0,12,福邦證券,2024-06-11,6480
4739,康普,12,0,12,福邦證券,2024-06-11,6480
2356,英業達,13,2,11,福邦證券,2024-06-11,6480
2882,國泰金,11,0,11,福邦證券,2024-06-11,6480
2374,佳能,10,0,10,福邦證券,2024-06-11,6480
2002,中鋼,10,0,10,福邦證券,2024-06-11,6480
2444,兆勁,10,0,10,福邦證券,2024-06-11,6480
2886,兆豐金,10,0,10,福邦證券,2024-06-11,6480
3017,奇鋐,11,1,10,福邦證券,2024-06-11,6480
3207,耀勝,11,1,10,福邦證券,2024-06-11,6480
5425,台半,10,0,10,福邦證券,2024-06-11,6480
8028,昇陽半導體,10,0,10,福邦證券,2024-06-11,6480
8089,康全電訊,10,0,10,福邦證券,2024-06-11,6480
1618,合機,37,28,9,福邦證券,2024-06-11,6480
1514,亞力,12,4,8,福邦證券,2024-06-11,6480
00671R,富邦NASDAQ反1,1910,0,1910,福邦證券,2024-06-12,6480
2303,聯電,521,1,520,福邦證券,2024-06-12,6480
2603,長榮,605,211,394,福邦證券,2024-06-12,6480
2317,鴻海,310,6,304,福邦證券,2024-06-12,6480
00632R,元大台灣50反1,230,0,230,福邦證券,2024-06-12,6480
2006,東和鋼鐵,127,0,127,福邦證券,2024-06-12,6480
2888,新光金,175,57,118,福邦證券,2024-06-12,6480
6223,旺矽,105,2,103,福邦證券,2024-06-12,6480
2382,廣達,102,0,102,福邦證券,2024-06-12,6480
9939,宏全,100,0,100,福邦證券,2024-06-12,6480
2330,台積電,88,2,86,福邦證券,2024-06-12,6480
1409,新纖,85,0,85,福邦證券,2024-06-12,6480
2327,國巨,74,0,74,福邦證券,2024-06-12,6480
1519,華城,71,1,70,福邦證券,2024-06-12,6480
2515,中工,60,0,60,福邦證券,2024-06-12,6480
0050,元大台灣50,56,0,56,福邦證券,2024-06-12,6480
2357,華碩,50,0,50,福邦證券,2024-06-12,6480
2345,智邦,50,1,49,福邦證券,2024-06-12,6480
00937B,群益ESG投等債20,47,0,47,福邦證券,2024-06-12,6480
1586,和勤,47,11,36,福邦證券,2024-06-12,6480
2454,聯發科,35,0,35,福邦證券,2024-06-12,6480
3008,大立光,36,2,34,福邦證券,2024-06-12,6480
5392,能率,33,0,33,福邦證券,2024-06-12,6480
2607,榮運,31,0,31,福邦證券,2024-06-12,6480
6890,來億-KY,40,10,30,福邦證券,2024-06-12,6480
2489,瑞軒,26,0,26,福邦證券,2024-06-12,6480
2344,華邦電,25,0,25,福邦證券,2024-06-12,6480
3481,群創,40,18,22,福邦證券,2024-06-12,6480
9958,世紀鋼,30,8,22,福邦證券,2024-06-12,6480
6288,聯嘉,22,1,21,福邦證券,2024-06-12,6480
2027,大成鋼,20,0,20,福邦證券,2024-06-12,6480
4564,元翎,20,0,20,福邦證券,2024-06-12,6480
2438,翔耀,25,10,15,福邦證券,2024-06-12,6480
4739,康普,15,0,15,福邦證券,2024-06-12,6480
6683,雍智科技,15,0,15,福邦證券,2024-06-12,6480
8110,華東,13,0,13,福邦證券,2024-06-12,6480
3047,訊舟,12,0,12,福邦證券,2024-06-12,6480
1504,東元,11,0,11,福邦證券,2024-06-12,6480
2867,三商壽,20,10,10,福邦證券,2024-06-12,6480
3024,憶聲,10,0,10,福邦證券,2024-06-12,6480
4109,加捷生醫,10,0,10,福邦證券,2024-06-12,6480
5425,台半,10,0,10,福邦證券,2024-06-12,6480
6164,華興,12,2,10,福邦證券,2024-06-12,6480
2597,潤弘,8,0,8,福邦證券,2024-06-12,6480
3450,聯鈞,9,1,8,福邦證券,2024-06-12,6480
1609,大亞,12,5,7,福邦證券,2024-06-12,6480
2324,仁寶,7,0,7,福邦證券,2024-06-12,6480
2427,三商電,7,0,7,福邦證券,2024-06-12,6480
3207,耀勝,7,0,7,福邦證券,2024-06-12,6480
5876,上海商銀,7,0,7,福邦證券,2024-06-12,6480
00632R,元大台灣50反1,7532,0,7532,福邦證券,2024-06-13,6480
00671R,富邦NASDAQ反1,3998,0,3998,福邦證券,2024-06-13,6480
3450,聯鈞,248,10,238,福邦證券,2024-06-13,6480
5351,鈺創,230,0,230,福邦證券,2024-06-13,6480
8054,安國,201,1,200,福邦證券,2024-06-13,6480
6789,采鈺,161,5,156,福邦證券,2024-06-13,6480
2888,新光金,132,0,132,福邦證券,2024-06-13,6480
6187,萬潤,94,2,92,福邦證券,2024-06-13,6480
3036,文曄,90,0,90,福邦證券,2024-06-13,6480
1326,台化,80,0,80,福邦證券,2024-06-13,6480
2449,京元電子,66,5,61,福邦證券,2024-06-13,6480
2363,矽統,40,0,40,福邦證券,2024-06-13,6480
1560,中砂,40,0,40,福邦證券,2024-06-13,6480
00673R,期元大S＆P原油反1,40,0,40,福邦證券,2024-06-13,6480
6146,耕興,40,0,40,福邦證券,2024-06-13,6480
6689,伊雲谷,40,0,40,福邦證券,2024-06-13,6480
6451,訊芯-KY,40,1,39,福邦證券,2024-06-13,6480
5388,中磊,36,0,36,福邦證券,2024-06-13,6480
8028,昇陽半導體,58,22,36,福邦證券,2024-06-13,6480
3008,大立光,33,0,33,福邦證券,2024-06-13,6480
00637L,元大滬深300正2,31,0,31,福邦證券,2024-06-13,6480
1710,東聯,30,0,30,福邦證券,2024-06-13,6480
3661,世芯-KY,25,0,25,福邦證券,2024-06-13,6480
4137,麗豐-KY,24,0,24,福邦證券,2024-06-13,6480
2371,大同,80,57,23,福邦證券,2024-06-13,6480
8358,金居,22,1,21,福邦證券,2024-06-13,6480
1301,台塑,20,0,20,福邦證券,2024-06-13,6480
6213,聯茂,22,2,20,福邦證券,2024-06-13,6480
2458,義隆,18,1,17,福邦證券,2024-06-13,6480
3231,緯創,20,3,17,福邦證券,2024-06-13,6480
6706,惠特,15,0,15,福邦證券,2024-06-13,6480
2867,三商壽,20,6,14,福邦證券,2024-06-13,6480
1409,新纖,23,10,13,福邦證券,2024-06-13,6480
2101,南港,11,1,10,福邦證券,2024-06-13,6480
3055,蔚華科,10,0,10,福邦證券,2024-06-13,6480
4543,萬在,10,0,10,福邦證券,2024-06-13,6480
4564,元翎,10,0,10,福邦證券,2024-06-13,6480
6546,正基,11,1,10,福邦證券,2024-06-13,6480
6683,雍智科技,10,0,10,福邦證券,2024-06-13,6480
8201,無敵,10,0,10,福邦證券,2024-06-13,6480
6288,聯嘉,10,1,9,福邦證券,2024-06-13,6480
8155,博智,9,0,9,福邦證券,2024-06-13,6480
6279,胡連,8,0,8,福邦證券,2024-06-13,6480
6542,隆中,8,0,8,福邦證券,2024-06-13,6480
3664,安瑞-KY,7,0,7,福邦證券,2024-06-13,6480
2359,所羅門,6,0,6,福邦證券,2024-06-13,6480
4534,慶騰,6,0,6,福邦證券,2024-06-13,6480
5284,jpp-KY,6,0,6,福邦證券,2024-06-13,6480
5434,崇越,6,0,6,福邦證券,2024-06-13,6480
00946,群益科技高息成長,5,0,5,福邦證券,2024-06-13,6480
2609,陽明,3326,41,3285,福邦證券,2024-06-14,6480
4915,致伸,300,0,300,福邦證券,2024-06-14,6480
3374,精材,147,29,118,福邦證券,2024-06-14,6480
9939,宏全,110,0,110,福邦證券,2024-06-14,6480
00753L,中信中國50正2,100,0,100,福邦證券,2024-06-14,6480
2376,技嘉,100,0,100,福邦證券,2024-06-14,6480
2317,鴻海,104,40,64,福邦證券,2024-06-14,6480
2025,千興,50,0,50,福邦證券,2024-06-14,6480
6152,百一,55,6,49,福邦證券,2024-06-14,6480
3450,聯鈞,46,2,44,福邦證券,2024-06-14,6480
6488,環球晶,40,0,40,福邦證券,2024-06-14,6480
5371,中光電,40,2,38,福邦證券,2024-06-14,6480
5284,jpp-KY,35,0,35,福邦證券,2024-06-14,6480
6890,來億-KY,36,3,33,福邦證券,2024-06-14,6480
1560,中砂,45,17,28,福邦證券,2024-06-14,6480
5388,中磊,30,2,28,福邦證券,2024-06-14,6480
2027,大成鋼,26,0,26,福邦證券,2024-06-14,6480
2444,兆勁,25,0,25,福邦證券,2024-06-14,6480
2524,京城,25,0,25,福邦證券,2024-06-14,6480
5452,佶優,25,0,25,福邦證券,2024-06-14,6480
1586,和勤,37,14,23,福邦證券,2024-06-14,6480
1101,台泥,22,1,21,福邦證券,2024-06-14,6480
00929,復華台灣科技優息,21,0,21,福邦證券,2024-06-14,6480
2344,華邦電,20,0,20,福邦證券,2024-06-14,6480
3707,漢磊,20,0,20,福邦證券,2024-06-14,6480
3622,洋華,24,5,19,福邦證券,2024-06-14,6480
3693,營邦,20,2,18,福邦證券,2024-06-14,6480
2618,長榮航,15,0,15,福邦證券,2024-06-14,6480
6161,捷波,20,5,15,福邦證券,2024-06-14,6480
6190,萬泰科,53,38,15,福邦證券,2024-06-14,6480
3202,樺晟,14,0,14,福邦證券,2024-06-14,6480
1785,光洋科,15,3,12,福邦證券,2024-06-14,6480
2542,興富發,13,2,11,福邦證券,2024-06-14,6480
6204,艾華,11,0,11,福邦證券,2024-06-14,6480
2328,廣宇,10,0,10,福邦證券,2024-06-14,6480
2489,瑞軒,10,0,10,福邦證券,2024-06-14,6480
3005,神基,10,0,10,福邦證券,2024-06-14,6480
3687,歐買尬,10,0,10,福邦證券,2024-06-14,6480
5263,智崴,10,0,10,福邦證券,2024-06-14,6480
6265,方土昶,10,0,10,福邦證券,2024-06-14,6480
6288,聯嘉,11,1,10,福邦證券,2024-06-14,6480
8064,東捷,10,0,10,福邦證券,2024-06-14,6480
4967,十銓,11,1,10,福邦證券,2024-06-14,6480
2330,台積電,13,4,9,福邦證券,2024-06-14,6480
3362,先進光,8,0,8,福邦證券,2024-06-14,6480
8040,九暘,8,0,8,福邦證券,2024-06-14,6480
00919,群益台灣精選高息,7,0,7,福邦證券,2024-06-14,6480
2377,微星,6,0,6,福邦證券,2024-06-14,6480
1702,南僑,5,0,5,福邦證券,2024-06-14,6480
1457,宜進,5,0,5,福邦證券,2024-06-14,6480
6451,訊芯-KY,302,1,301,福邦證券,2024-06-17,6480
3017,奇鋐,236,8,228,福邦證券,2024-06-17,6480
3481,群創,205,26,179,福邦證券,2024-06-17,6480
00632R,元大台灣50反1,200,26,174,福邦證券,2024-06-17,6480
9945,潤泰新,170,0,170,福邦證券,2024-06-17,6480
2438,翔耀,60,10,50,福邦證券,2024-06-17,6480
2610,華航,50,0,50,福邦證券,2024-06-17,6480
3027,盛達,44,0,44,福邦證券,2024-06-17,6480
2444,兆勁,43,0,43,福邦證券,2024-06-17,6480
2832,台產,35,0,35,福邦證券,2024-06-17,6480
1313,聯成,30,0,30,福邦證券,2024-06-17,6480
00948B,中信優息投資級債,30,0,30,福邦證券,2024-06-17,6480
3086,華義,23,0,23,福邦證券,2024-06-17,6480
2731,雄獅,21,0,21,福邦證券,2024-06-17,6480
4563,百德,21,0,21,福邦證券,2024-06-17,6480
2515,中工,20,0,20,福邦證券,2024-06-17,6480
00885,富邦越南,18,0,18,福邦證券,2024-06-17,6480
1514,亞力,22,5,17,福邦證券,2024-06-17,6480
8028,昇陽半導體,28,12,16,福邦證券,2024-06-17,6480
3234,光環,15,0,15,福邦證券,2024-06-17,6480
2101,南港,14,1,13,福邦證券,2024-06-17,6480
2867,三商壽,18,5,13,福邦證券,2024-06-17,6480
1608,華榮,18,6,12,福邦證券,2024-06-17,6480
6856,鑫傳,12,0,12,福邦證券,2024-06-17,6480
1532,勤美,11,0,11,福邦證券,2024-06-17,6480
1582,信錦,11,0,11,福邦證券,2024-06-17,6480
5243,乙盛-KY,11,0,11,福邦證券,2024-06-17,6480
00942B,台新美A公司債20+,10,0,10,福邦證券,2024-06-17,6480
00713,元大台灣高息低波,10,0,10,福邦證券,2024-06-17,6480
1734,杏輝,10,0,10,福邦證券,2024-06-17,6480
2426,鼎元,10,0,10,福邦證券,2024-06-17,6480
2449,京元電子,13,3,10,福邦證券,2024-06-17,6480
3024,憶聲,10,0,10,福邦證券,2024-06-17,6480
3050,鈺德,10,0,10,福邦證券,2024-06-17,6480
4974,亞泰,10,0,10,福邦證券,2024-06-17,6480
5452,佶優,10,0,10,福邦證券,2024-06-17,6480
6024,群益期,10,0,10,福邦證券,2024-06-17,6480
8085,福華,12,2,10,福邦證券,2024-06-17,6480
2312,金寶,9,0,9,福邦證券,2024-06-17,6480
2330,台積電,10,1,9,福邦證券,2024-06-17,6480
4938,和碩,13,4,9,福邦證券,2024-06-17,6480
00937B,群益ESG投等債20,8,0,8,福邦證券,2024-06-17,6480
2492,華新科,8,0,8,福邦證券,2024-06-17,6480
3312,弘憶股,19,11,8,福邦證券,2024-06-17,6480
3406,玉晶光,8,0,8,福邦證券,2024-06-17,6480
6509,聚和,8,0,8,福邦證券,2024-06-17,6480
1785,光洋科,13,6,7,福邦證券,2024-06-17,6480
1815,富喬,20,13,7,福邦證券,2024-06-17,6480
6640,均華,8,1,7,福邦證券,2024-06-17,6480
8996,高力,8,1,7,福邦證券,2024-06-17,6480
2313,華通,461,4,457,福邦證券,2024-06-18,6480
2317,鴻海,369,3,366,福邦證券,2024-06-18,6480
2603,長榮,237,3,234,福邦證券,2024-06-18,6480
2006,東和鋼鐵,200,0,200,福邦證券,2024-06-18,6480
3609,三一東林,183,0,183,福邦證券,2024-06-18,6480
4526,東台,150,1,149,福邦證券,2024-06-18,6480
2371,大同,223,82,141,福邦證券,2024-06-18,6480
2395,研華,100,0,100,福邦證券,2024-06-18,6480
3374,精材,100,2,98,福邦證券,2024-06-18,6480
3702,大聯大,86,0,86,福邦證券,2024-06-18,6480
4739,康普,75,0,75,福邦證券,2024-06-18,6480
9945,潤泰新,67,0,67,福邦證券,2024-06-18,6480
2610,華航,62,2,60,福邦證券,2024-06-18,6480
6451,訊芯-KY,59,8,51,福邦證券,2024-06-18,6480
4566,時碩工業,47,0,47,福邦證券,2024-06-18,6480
00632R,元大台灣50反1,40,0,40,福邦證券,2024-06-18,6480
1785,光洋科,64,27,37,福邦證券,2024-06-18,6480
00673R,期元大S＆P原油反1,31,0,31,福邦證券,2024-06-18,6480
6143,振曜,31,0,31,福邦證券,2024-06-18,6480
8085,福華,47,16,31,福邦證券,2024-06-18,6480
1314,中石化,30,0,30,福邦證券,2024-06-18,6480
9105,泰金寶-DR,33,5,28,福邦證券,2024-06-18,6480
3294,英濟,25,2,23,福邦證券,2024-06-18,6480
1718,中纖,22,0,22,福邦證券,2024-06-18,6480
1815,富喬,24,2,22,福邦證券,2024-06-18,6480
1605,華新,20,0,20,福邦證券,2024-06-18,6480
2397,友通,20,0,20,福邦證券,2024-06-18,6480
2438,翔耀,20,0,20,福邦證券,2024-06-18,6480
3027,盛達,20,0,20,福邦證券,2024-06-18,6480
3432,台端,20,0,20,福邦證券,2024-06-18,6480
3481,群創,25,5,20,福邦證券,2024-06-18,6480
00918,大華優利高填息30,17,0,17,福邦證券,2024-06-18,6480
00937B,群益ESG投等債20,16,0,16,福邦證券,2024-06-18,6480
3017,奇鋐,27,11,16,福邦證券,2024-06-18,6480
1710,東聯,15,0,15,福邦證券,2024-06-18,6480
2405,輔信,15,0,15,福邦證券,2024-06-18,6480
2607,榮運,15,0,15,福邦證券,2024-06-18,6480
3312,弘憶股,17,2,15,福邦證券,2024-06-18,6480
8112,至上,15,0,15,福邦證券,2024-06-18,6480
1802,台玻,144,130,14,福邦證券,2024-06-18,6480
4588,玖鼎電力,14,0,14,福邦證券,2024-06-18,6480
4966,譜瑞-KY,14,0,14,福邦證券,2024-06-18,6480
6733,博晟生醫,14,0,14,福邦證券,2024-06-18,6480
2312,金寶,12,0,12,福邦證券,2024-06-18,6480
2323,中環,12,0,12,福邦證券,2024-06-18,6480
3419,譁裕,12,0,12,福邦證券,2024-06-18,6480
6509,聚和,12,0,12,福邦證券,2024-06-18,6480
8227,巨有科技,19,7,12,福邦證券,2024-06-18,6480
1536,和大,13,2,11,福邦證券,2024-06-18,6480
00942B,台新美A公司債20+,10,0,10,福邦證券,2024-06-18,6480
2855,統一證,700,0,700,福邦證券,2024-06-19,6480
2610,華航,660,161,499,福邦證券,2024-06-19,6480
3673,TPK-KY,506,21,485,福邦證券,2024-06-19,6480
2344,華邦電,426,50,376,福邦證券,2024-06-19,6480
00632R,元大台灣50反1,390,50,340,福邦證券,2024-06-19,6480
2330,台積電,304,6,298,福邦證券,2024-06-19,6480
3376,新日興,239,2,237,福邦證券,2024-06-19,6480
4979,華星光,211,12,199,福邦證券,2024-06-19,6480
2449,京元電子,200,14,186,福邦證券,2024-06-19,6480
3035,智原,98,1,97,福邦證券,2024-06-19,6480
3033,威健,80,10,70,福邦證券,2024-06-19,6480
3231,緯創,75,10,65,福邦證券,2024-06-19,6480
2233,宇隆,60,2,58,福邦證券,2024-06-19,6480
4142,國光生,52,0,52,福邦證券,2024-06-19,6480
4739,康普,49,1,48,福邦證券,2024-06-19,6480
5284,jpp-KY,45,0,45,福邦證券,2024-06-19,6480
6806,森崴能源,41,1,40,福邦證券,2024-06-19,6480
3481,群創,35,0,35,福邦證券,2024-06-19,6480
2455,全新,34,0,34,福邦證券,2024-06-19,6480
3666,光耀,30,0,30,福邦證券,2024-06-19,6480
6585,鼎基,30,0,30,福邦證券,2024-06-19,6480
6143,振曜,30,1,29,福邦證券,2024-06-19,6480
3483,力致,25,3,22,福邦證券,2024-06-19,6480
2027,大成鋼,20,0,20,福邦證券,2024-06-19,6480
6869,雲豹能源,70,51,19,福邦證券,2024-06-19,6480
00673R,期元大S＆P原油反1,15,0,15,福邦證券,2024-06-19,6480
1785,光洋科,54,39,15,福邦證券,2024-06-19,6480
2444,兆勁,15,0,15,福邦證券,2024-06-19,6480
2739,寒舍,12,0,12,福邦證券,2024-06-19,6480
6215,和椿,12,0,12,福邦證券,2024-06-19,6480
8028,昇陽半導體,33,21,12,福邦證券,2024-06-19,6480
3037,欣興,11,0,11,福邦證券,2024-06-19,6480
3058,立德,13,2,11,福邦證券,2024-06-19,6480
1325,恆大,10,0,10,福邦證券,2024-06-19,6480
2524,京城,10,0,10,福邦證券,2024-06-19,6480
3357,臺慶科,10,0,10,福邦證券,2024-06-19,6480
4938,和碩,18,8,10,福邦證券,2024-06-19,6480
4973,廣穎,10,0,10,福邦證券,2024-06-19,6480
6023,元大期,10,0,10,福邦證券,2024-06-19,6480
6170,統振,10,0,10,福邦證券,2024-06-19,6480
6509,聚和,10,0,10,福邦證券,2024-06-19,6480
6683,雍智科技,10,0,10,福邦證券,2024-06-19,6480
6706,惠特,10,0,10,福邦證券,2024-06-19,6480
6890,來億-KY,20,10,10,福邦證券,2024-06-19,6480
8103,瀚荃,10,0,10,福邦證券,2024-06-19,6480
1519,華城,9,0,9,福邦證券,2024-06-19,6480
2359,所羅門,27,18,9,福邦證券,2024-06-19,6480
2880,華南金,10,1,9,福邦證券,2024-06-19,6480
3032,偉訓,8,0,8,福邦證券,2024-06-19,6480
3052,夆典,8,0,8,福邦證券,2024-06-19,6480
2615,萬海,522,2,520,福邦證券,2024-06-20,6480
2301,光寶科,310,0,310,福邦證券,2024-06-20,6480
2855,統一證,285,0,285,福邦證券,2024-06-20,6480
2324,仁寶,250,0,250,福邦證券,2024-06-20,6480
6117,迎廣,205,3,202,福邦證券,2024-06-20,6480
00753L,中信中國50正2,310,110,200,福邦證券,2024-06-20,6480
6188,廣明,200,6,194,福邦證券,2024-06-20,6480
3202,樺晟,150,0,150,福邦證券,2024-06-20,6480
00650L,復華香港正2,140,20,120,福邦證券,2024-06-20,6480
6415,矽力*-KY,102,0,102,福邦證券,2024-06-20,6480
3163,波若威,110,13,97,福邦證券,2024-06-20,6480
3374,精材,102,10,92,福邦證券,2024-06-20,6480
8085,福華,115,32,83,福邦證券,2024-06-20,6480
1303,南亞,81,1,80,福邦證券,2024-06-20,6480
3231,緯創,93,19,74,福邦證券,2024-06-20,6480
8086,宏捷科,64,0,64,福邦證券,2024-06-20,6480
9921,巨大,61,0,61,福邦證券,2024-06-20,6480
4739,康普,53,1,52,福邦證券,2024-06-20,6480
2449,京元電子,51,1,50,福邦證券,2024-06-20,6480
3450,聯鈞,38,5,33,福邦證券,2024-06-20,6480
2330,台積電,32,0,32,福邦證券,2024-06-20,6480
1314,中石化,30,0,30,福邦證券,2024-06-20,6480
6170,統振,27,0,27,福邦證券,2024-06-20,6480
00687B,國泰20年美債,25,0,25,福邦證券,2024-06-20,6480
2438,翔耀,35,10,25,福邦證券,2024-06-20,6480
2444,兆勁,22,0,22,福邦證券,2024-06-20,6480
6197,佳必琪,21,0,21,福邦證券,2024-06-20,6480
5530,龍巖,25,5,20,福邦證券,2024-06-20,6480
3047,訊舟,19,0,19,福邦證券,2024-06-20,6480
6125,廣運,100,83,17,福邦證券,2024-06-20,6480
6531,愛普*,17,1,16,福邦證券,2024-06-20,6480
3707,漢磊,16,3,13,福邦證券,2024-06-20,6480
3702,大聯大,13,1,12,福邦證券,2024-06-20,6480
00679B,元大美債20年,12,0,12,福邦證券,2024-06-20,6480
2348,海悅,12,0,12,福邦證券,2024-06-20,6480
2454,聯發科,11,0,11,福邦證券,2024-06-20,6480
4123,晟德,10,0,10,福邦證券,2024-06-20,6480
3024,憶聲,10,0,10,福邦證券,2024-06-20,6480
3419,譁裕,10,0,10,福邦證券,2024-06-20,6480
3665,貿聯-KY,10,0,10,福邦證券,2024-06-20,6480
4133,亞諾法,10,0,10,福邦證券,2024-06-20,6480
4543,萬在,10,0,10,福邦證券,2024-06-20,6480
2357,華碩,10,1,9,福邦證券,2024-06-20,6480
00795B,中信美國公債20年,8,0,8,福邦證券,2024-06-20,6480
1519,華城,9,1,8,福邦證券,2024-06-20,6480
2356,英業達,11,3,8,福邦證券,2024-06-20,6480
1586,和勤,50,43,7,福邦證券,2024-06-20,6480
1802,台玻,7,0,7,福邦證券,2024-06-20,6480
3363,上詮,24,17,7,福邦證券,2024-06-20,6480
4908,前鼎,7,0,7,福邦證券,2024-06-20,6480
3481,群創,1452,87,1365,福邦證券,2024-06-21,6480
2313,華通,617,11,606,福邦證券,2024-06-21,6480
00891,中信關鍵半導體,400,2,398,福邦證券,2024-06-21,6480
4938,和碩,202,2,200,福邦證券,2024-06-21,6480
2385,群光,151,0,151,福邦證券,2024-06-21,6480
2371,大同,144,1,143,福邦證券,2024-06-21,6480
4739,康普,139,0,139,福邦證券,2024-06-21,6480
9945,潤泰新,120,0,120,福邦證券,2024-06-21,6480
6415,矽力*-KY,103,0,103,福邦證券,2024-06-21,6480
0056,元大高股息,100,0,100,福邦證券,2024-06-21,6480
2330,台積電,99,4,95,福邦證券,2024-06-21,6480
2382,廣達,251,159,92,福邦證券,2024-06-21,6480
1605,華新,70,3,67,福邦證券,2024-06-21,6480
3081,聯亞,61,1,60,福邦證券,2024-06-21,6480
4526,東台,52,0,52,福邦證券,2024-06-21,6480
6933,AMAX-KY,53,2,51,福邦證券,2024-06-21,6480
2031,新光鋼,50,0,50,福邦證券,2024-06-21,6480
2449,京元電子,50,8,42,福邦證券,2024-06-21,6480
5498,凱崴,42,1,41,福邦證券,2024-06-21,6480
6431,光麗-KY,30,0,30,福邦證券,2024-06-21,6480
1309,台達化,28,0,28,福邦證券,2024-06-21,6480
6117,迎廣,29,1,28,福邦證券,2024-06-21,6480
2399,映泰,27,0,27,福邦證券,2024-06-21,6480
8227,巨有科技,24,0,24,福邦證券,2024-06-21,6480
00937B,群益ESG投等債20,28,7,21,福邦證券,2024-06-21,6480
1586,和勤,49,28,21,福邦證券,2024-06-21,6480
00655L,國泰中國A50正2,20,0,20,福邦證券,2024-06-21,6480
8358,金居,26,8,18,福邦證券,2024-06-21,6480
1301,台塑,14,0,14,福邦證券,2024-06-21,6480
3035,智原,13,0,13,福邦證券,2024-06-21,6480
3305,昇貿,12,0,12,福邦證券,2024-06-21,6480
3588,通嘉,12,0,12,福邦證券,2024-06-21,6480
5263,智崴,14,2,12,福邦證券,2024-06-21,6480
3374,精材,11,0,11,福邦證券,2024-06-21,6480
6005,群益證,12,1,11,福邦證券,2024-06-21,6480
1219,福壽,10,0,10,福邦證券,2024-06-21,6480
00673R,期元大S＆P原油反1,10,0,10,福邦證券,2024-06-21,6480
2444,兆勁,10,0,10,福邦證券,2024-06-21,6480
4566,時碩工業,16,6,10,福邦證券,2024-06-21,6480
5521,工信,10,0,10,福邦證券,2024-06-21,6480
1519,華城,9,0,9,福邦證券,2024-06-21,6480
2355,敬鵬,9,0,9,福邦證券,2024-06-21,6480
2498,宏達電,9,0,9,福邦證券,2024-06-21,6480
00751B,元大AAA至A公司債,8,0,8,福邦證券,2024-06-21,6480
6207,雷科,10,2,8,福邦證券,2024-06-21,6480
2365,昆盈,7,0,7,福邦證券,2024-06-21,6480
3047,訊舟,10,3,7,福邦證券,2024-06-21,6480
5371,中光電,8,1,7,福邦證券,2024-06-21,6480
3033,威健,6,0,6,福邦證券,2024-06-21,6480
00942B,台新美A公司債20+,6,0,6,福邦證券,2024-06-21,6480
3481,群創,1343,42,1301,福邦證券,2024-06-24,6480
2449,京元電子,503,8,495,福邦證券,2024-06-24,6480
8085,福華,299,9,290,福邦證券,2024-06-24,6480
9945,潤泰新,220,0,220,福邦證券,2024-06-24,6480
2317,鴻海,224,37,187,福邦證券,2024-06-24,6480
2382,廣達,109,3,106,福邦證券,2024-06-24,6480
2330,台積電,103,1,102,福邦證券,2024-06-24,6480
4977,眾達-KY,100,0,100,福邦證券,2024-06-24,6480
5439,高技,103,3,100,福邦證券,2024-06-24,6480
2301,光寶科,97,0,97,福邦證券,2024-06-24,6480
1326,台化,60,0,60,福邦證券,2024-06-24,6480
2351,順德,60,0,60,福邦證券,2024-06-24,6480
6757,台灣虎航,61,2,59,福邦證券,2024-06-24,6480
2101,南港,50,0,50,福邦證券,2024-06-24,6480
3221,台嘉碩,50,0,50,福邦證券,2024-06-24,6480
3490,單井,45,1,44,福邦證券,2024-06-24,6480
2353,宏��,31,0,31,福邦證券,2024-06-24,6480
1301,台塑,31,0,31,福邦證券,2024-06-24,6480
00929,復華台灣科技優息,30,0,30,福邦證券,2024-06-24,6480
1584,精剛,30,0,30,福邦證券,2024-06-24,6480
3663,鑫科,30,0,30,福邦證券,2024-06-24,6480
3047,訊舟,27,0,27,福邦證券,2024-06-24,6480
1586,和勤,42,16,26,福邦證券,2024-06-24,6480
3062,建漢,46,20,26,福邦證券,2024-06-24,6480
00919,群益台灣精選高息,22,0,22,福邦證券,2024-06-24,6480
6679,鈺太,22,0,22,福邦證券,2024-06-24,6480
1316,上曜,20,0,20,福邦證券,2024-06-24,6480
1303,南亞,20,0,20,福邦證券,2024-06-24,6480
2324,仁寶,20,0,20,福邦證券,2024-06-24,6480
1455,集盛,15,0,15,福邦證券,2024-06-24,6480
2606,裕民,15,0,15,福邦證券,2024-06-24,6480
2607,榮運,15,0,15,福邦證券,2024-06-24,6480
1467,南緯,14,0,14,福邦證券,2024-06-24,6480
00937B,群益ESG投等債20,13,0,13,福邦證券,2024-06-24,6480
3035,智原,15,2,13,福邦證券,2024-06-24,6480
3025,星通,12,0,12,福邦證券,2024-06-24,6480
6535,順藥,12,0,12,福邦證券,2024-06-24,6480
1519,華城,11,0,11,福邦證券,2024-06-24,6480
2489,瑞軒,11,0,11,福邦證券,2024-06-24,6480
2009,第一銅,10,0,10,福邦證券,2024-06-24,6480
2375,凱美,10,0,10,福邦證券,2024-06-24,6480
2397,友通,10,0,10,福邦證券,2024-06-24,6480
2444,兆勁,10,0,10,福邦證券,2024-06-24,6480
4739,康普,10,0,10,福邦證券,2024-06-24,6480
6005,群益證,10,0,10,福邦證券,2024-06-24,6480
6264,富裔,10,0,10,福邦證券,2024-06-24,6480
8358,金居,16,6,10,福邦證券,2024-06-24,6480
2347,聯強,9,0,9,福邦證券,2024-06-24,6480
3017,奇鋐,10,2,8,福邦證券,2024-06-24,6480
1618,合機,12,5,7,福邦證券,2024-06-24,6480
2882,國泰金,1112,1,1111,福邦證券,2024-06-25,6480
2313,華通,570,1,569,福邦證券,2024-06-25,6480
2885,元大金,443,0,443,福邦證券,2024-06-25,6480
3711,日月光投控,315,0,315,福邦證券,2024-06-25,6480
4938,和碩,202,1,201,福邦證券,2024-06-25,6480
9945,潤泰新,200,10,190,福邦證券,2024-06-25,6480
00795B,中信美國公債20年,165,0,165,福邦證券,2024-06-25,6480
0050,元大台灣50,150,0,150,福邦證券,2024-06-25,6480
3483,力致,136,2,134,福邦證券,2024-06-25,6480
5483,中美晶,70,0,70,福邦證券,2024-06-25,6480
2351,順德,62,0,62,福邦證券,2024-06-25,6480
2540,愛山林,60,0,60,福邦證券,2024-06-25,6480
2254,巨鎧精密-創,35,0,35,福邦證券,2024-06-25,6480
6451,訊芯-KY,34,0,34,福邦證券,2024-06-25,6480
1217,愛之味,30,0,30,福邦證券,2024-06-25,6480
3044,健鼎,29,0,29,福邦證券,2024-06-25,6480
2344,華邦電,24,0,24,福邦證券,2024-06-25,6480
3035,智原,159,136,23,福邦證券,2024-06-25,6480
00948B,中信優息投資級債,20,0,20,福邦證券,2024-06-25,6480
2645,長榮航太,20,0,20,福邦證券,2024-06-25,6480
2883,凱基金,20,0,20,福邦證券,2024-06-25,6480
3149,正達,20,0,20,福邦證券,2024-06-25,6480
5871,中租-KY,20,0,20,福邦證券,2024-06-25,6480
6863,永道-KY,20,0,20,福邦證券,2024-06-25,6480
6188,廣明,20,1,19,福邦證券,2024-06-25,6480
1586,和勤,23,8,15,福邦證券,2024-06-25,6480
2444,兆勁,15,0,15,福邦證券,2024-06-25,6480
8085,福華,20,5,15,福邦證券,2024-06-25,6480
1795,美時,19,5,14,福邦證券,2024-06-25,6480
2330,台積電,15,3,12,福邦證券,2024-06-25,6480
00919,群益台灣精選高息,13,2,11,福邦證券,2024-06-25,6480
00942B,台新美A公司債20+,10,0,10,福邦證券,2024-06-25,6480
00895,富邦未來車,10,0,10,福邦證券,2024-06-25,6480
00673R,期元大S＆P原油反1,10,0,10,福邦證券,2024-06-25,6480
2340,台亞,10,0,10,福邦證券,2024-06-25,6480
4129,聯合,10,0,10,福邦證券,2024-06-25,6480
6170,統振,10,0,10,福邦證券,2024-06-25,6480
6679,鈺太,10,0,10,福邦證券,2024-06-25,6480
1519,華城,9,0,9,福邦證券,2024-06-25,6480
2317,鴻海,33,24,9,福邦證券,2024-06-25,6480
8996,高力,14,5,9,福邦證券,2024-06-25,6480
3047,訊舟,23,15,8,福邦證券,2024-06-25,6480
1605,華新,6,0,6,福邦證券,2024-06-25,6480
2027,大成鋼,6,0,6,福邦證券,2024-06-25,6480
4739,康普,6,0,6,福邦證券,2024-06-25,6480
00715L,期街口布蘭特正2,5,0,5,福邦證券,2024-06-25,6480
2353,宏��,5,0,5,福邦證券,2024-06-25,6480
2355,敬鵬,5,0,5,福邦證券,2024-06-25,6480
2406,國碩,5,0,5,福邦證券,2024-06-25,6480
2611,志信,5,0,5,福邦證券,2024-06-25,6480
9945,潤泰新,280,0,280,福邦證券,2024-06-26,6480
1785,光洋科,330,172,158,福邦證券,2024-06-26,6480
6223,旺矽,115,0,115,福邦證券,2024-06-26,6480
2753,八方雲集,110,0,110,福邦證券,2024-06-26,6480
2441,超豐,100,0,100,福邦證券,2024-06-26,6480
3034,聯詠,101,1,100,福邦證券,2024-06-26,6480
3702,大聯大,100,0,100,福邦證券,2024-06-26,6480
6806,森崴能源,116,22,94,福邦證券,2024-06-26,6480
1584,精剛,75,0,75,福邦證券,2024-06-26,6480
2002,中鋼,54,0,54,福邦證券,2024-06-26,6480
00918,大華優利高填息30,40,0,40,福邦證券,2024-06-26,6480
2101,南港,40,0,40,福邦證券,2024-06-26,6480
6873,泓德能源,40,0,40,福邦證券,2024-06-26,6480
9941,裕融,40,0,40,福邦證券,2024-06-26,6480
2515,中工,30,0,30,福邦證券,2024-06-26,6480
2610,華航,30,0,30,福邦證券,2024-06-26,6480
3231,緯創,31,1,30,福邦證券,2024-06-26,6480
9921,巨大,30,0,30,福邦證券,2024-06-26,6480
1795,美時,35,6,29,福邦證券,2024-06-26,6480
3374,精材,56,29,27,福邦證券,2024-06-26,6480
00937B,群益ESG投等債20,26,0,26,福邦證券,2024-06-26,6480
2444,兆勁,25,0,25,福邦證券,2024-06-26,6480
2607,榮運,21,0,21,福邦證券,2024-06-26,6480
00948B,中信優息投資級債,20,0,20,福邦證券,2024-06-26,6480
00753L,中信中國50正2,171,151,20,福邦證券,2024-06-26,6480
2348,海悅,20,0,20,福邦證券,2024-06-26,6480
2597,潤弘,20,0,20,福邦證券,2024-06-26,6480
3149,正達,20,0,20,福邦證券,2024-06-26,6480
4534,慶騰,20,0,20,福邦證券,2024-06-26,6480
6284,佳邦,20,0,20,福邦證券,2024-06-26,6480
2867,三商壽,20,5,15,福邦證券,2024-06-26,6480
6269,台郡,15,0,15,福邦證券,2024-06-26,6480
3016,嘉晶,14,0,14,福邦證券,2024-06-26,6480
5483,中美晶,15,1,14,福邦證券,2024-06-26,6480
9919,康那香,14,0,14,福邦證券,2024-06-26,6480
2609,陽明,15,2,13,福邦證券,2024-06-26,6480
4526,東台,16,4,12,福邦證券,2024-06-26,6480
2495,普安,11,0,11,福邦證券,2024-06-26,6480
6933,AMAX-KY,13,2,11,福邦證券,2024-06-26,6480
00713,元大台灣高息低波,10,0,10,福邦證券,2024-06-26,6480
00915,凱基優選高股息30,10,0,10,福邦證券,2024-06-26,6480
2254,巨鎧精密-創,10,0,10,福邦證券,2024-06-26,6480
2438,翔耀,10,0,10,福邦證券,2024-06-26,6480
3105,穩懋,10,0,10,福邦證券,2024-06-26,6480
4109,加捷生醫,10,0,10,福邦證券,2024-06-26,6480
4401,東隆興,10,0,10,福邦證券,2024-06-26,6480
4966,譜瑞-KY,10,0,10,福邦證券,2024-06-26,6480
5312,寶島科,10,0,10,福邦證券,2024-06-26,6480
6257,矽格,10,0,10,福邦證券,2024-06-26,6480
00882,中信中國高股息,9,0,9,福邦證券,2024-06-26,6480
2449,京元電子,458,4,454,福邦證券,2024-06-27,6480
9945,潤泰新,250,0,250,福邦證券,2024-06-27,6480
1503,士電,89,1,88,福邦證券,2024-06-27,6480
3490,單井,80,0,80,福邦證券,2024-06-27,6480
8085,福華,76,1,75,福邦證券,2024-06-27,6480
3055,蔚華科,71,0,71,福邦證券,2024-06-27,6480
3035,智原,68,1,67,福邦證券,2024-06-27,6480
3481,群創,63,1,62,福邦證券,2024-06-27,6480
5243,乙盛-KY,56,3,53,福邦證券,2024-06-27,6480
8096,擎亞,50,2,48,福邦證券,2024-06-27,6480
3711,日月光投控,42,0,42,福邦證券,2024-06-27,6480
3665,貿聯-KY,40,3,37,福邦證券,2024-06-27,6480
1586,和勤,27,0,27,福邦證券,2024-06-27,6480
6223,旺矽,25,0,25,福邦證券,2024-06-27,6480
9105,泰金寶-DR,25,0,25,福邦證券,2024-06-27,6480
912000,晨訊科-DR,25,0,25,福邦證券,2024-06-27,6480
2313,華通,33,10,23,福邦證券,2024-06-27,6480
1609,大亞,21,0,21,福邦證券,2024-06-27,6480
00631L,元大台灣50正2,20,0,20,福邦證券,2024-06-27,6480
3689,湧德,18,0,18,福邦證券,2024-06-27,6480
8076,伍豐,23,5,18,福邦證券,2024-06-27,6480
2303,聯電,17,0,17,福邦證券,2024-06-27,6480
2353,宏��,15,0,15,福邦證券,2024-06-27,6480
6170,統振,15,0,15,福邦證券,2024-06-27,6480
1802,台玻,13,0,13,福邦證券,2024-06-27,6480
3016,嘉晶,13,0,13,福邦證券,2024-06-27,6480
2888,新光金,11,0,11,福邦證券,2024-06-27,6480
00687B,國泰20年美債,10,0,10,福邦證券,2024-06-27,6480
5210,寶碩,10,0,10,福邦證券,2024-06-27,6480
00937B,群益ESG投等債20,9,0,9,福邦證券,2024-06-27,6480
4966,譜瑞-KY,9,0,9,福邦證券,2024-06-27,6480
8110,華東,10,1,9,福邦證券,2024-06-27,6480
00795B,中信美國公債20年,8,0,8,福邦證券,2024-06-27,6480
6768,志強-KY,8,0,8,福邦證券,2024-06-27,6480
2371,大同,20,13,7,福邦證券,2024-06-27,6480
2348,海悅,6,0,6,福邦證券,2024-06-27,6480
2739,寒舍,6,0,6,福邦證券,2024-06-27,6480
4303,信立,6,0,6,福邦證券,2024-06-27,6480
5371,中光電,6,1,5,福邦證券,2024-06-27,6480
00942B,台新美A公司債20+,5,0,5,福邦證券,2024-06-27,6480
2351,順德,5,0,5,福邦證券,2024-06-27,6480
2365,昆盈,5,0,5,福邦證券,2024-06-27,6480
2501,國建,5,0,5,福邦證券,2024-06-27,6480
3036,文曄,5,0,5,福邦證券,2024-06-27,6480
3305,昇貿,5,0,5,福邦證券,2024-06-27,6480
3324,雙鴻,6,1,5,福邦證券,2024-06-27,6480
4533,協易機,5,0,5,福邦證券,2024-06-27,6480
4949,有成精密,5,0,5,福邦證券,2024-06-27,6480
5328,華容,5,0,5,福邦證券,2024-06-27,6480
6204,艾華,5,0,5,福邦證券,2024-06-27,6480
2449,京元電子,601,0,601,福邦證券,2024-06-28,6480
2303,聯電,463,7,456,福邦證券,2024-06-28,6480
9945,潤泰新,200,0,200,福邦證券,2024-06-28,6480
3711,日月光投控,147,0,147,福邦證券,2024-06-28,6480
3081,聯亞,105,0,105,福邦證券,2024-06-28,6480
2820,華票,100,0,100,福邦證券,2024-06-28,6480
3324,雙鴻,89,6,83,福邦證券,2024-06-28,6480
2239,英利-KY,75,0,75,福邦證券,2024-06-28,6480
2101,南港,67,9,58,福邦證券,2024-06-28,6480
3455,由田,50,0,50,福邦證券,2024-06-28,6480
4534,慶騰,52,2,50,福邦證券,2024-06-28,6480
2354,鴻準,40,1,39,福邦證券,2024-06-28,6480
6488,環球晶,40,2,38,福邦證券,2024-06-28,6480
2313,華通,36,0,36,福邦證券,2024-06-28,6480
5483,中美晶,35,0,35,福邦證券,2024-06-28,6480
6223,旺矽,35,0,35,福邦證券,2024-06-28,6480
2883,凱基金,30,0,30,福邦證券,2024-06-28,6480
2382,廣達,40,14,26,福邦證券,2024-06-28,6480
4167,松瑞藥,26,0,26,福邦證券,2024-06-28,6480
00720B,元大投資級公司債,101,80,21,福邦證券,2024-06-28,6480
6629,泰金-KY,21,0,21,福邦證券,2024-06-28,6480
6788,華景電,21,0,21,福邦證券,2024-06-28,6480
2610,華航,25,5,20,福邦證券,2024-06-28,6480
3036,文曄,20,0,20,福邦證券,2024-06-28,6480
4105,東洋,20,0,20,福邦證券,2024-06-28,6480
6111,大宇資,21,2,19,福邦證券,2024-06-28,6480
2363,矽統,13,0,13,福邦證券,2024-06-28,6480
2337,旺宏,11,0,11,福邦證券,2024-06-28,6480
2489,瑞軒,14,3,11,福邦證券,2024-06-28,6480
3055,蔚華科,11,0,11,福邦證券,2024-06-28,6480
3312,弘憶股,11,0,11,福邦證券,2024-06-28,6480
2444,兆勁,10,0,10,福邦證券,2024-06-28,6480
2756,聯發國際,10,0,10,福邦證券,2024-06-28,6480
2887E,台新戊特,10,0,10,福邦證券,2024-06-28,6480
5432,新門,10,0,10,福邦證券,2024-06-28,6480
6432,今展科,10,0,10,福邦證券,2024-06-28,6480
8926,台汽電,10,0,10,福邦證券,2024-06-28,6480
1586,和勤,21,12,9,福邦證券,2024-06-28,6480
8255,朋程,10,1,9,福邦證券,2024-06-28,6480
6451,訊芯-KY,10,2,8,福邦證券,2024-06-28,6480
1785,光洋科,39,32,7,福邦證券,2024-06-28,6480
2486,一詮,7,0,7,福邦證券,2024-06-28,6480
3047,訊舟,20,13,7,福邦證券,2024-06-28,6480
1609,大亞,6,0,6,福邦證券,2024-06-28,6480
3702,大聯大,6,0,6,福邦證券,2024-06-28,6480
2301,光寶科,5,0,5,福邦證券,2024-06-28,6480
00795B,中信美國公債20年,5,0,5,福邦證券,2024-06-28,6480
00937B,群益ESG投等債20,6,1,5,福邦證券,2024-06-28,6480
1614,三洋電,5,0,5,福邦證券,2024-06-28,6480
3050,鈺德,5,0,5,福邦證券,2024-06-28,6480
00671R,富邦NASDAQ反1,3200,0,3200,福邦證券,2024-07-01,6480
9945,潤泰新,205,0,205,福邦證券,2024-07-01,6480
6125,廣運,161,0,161,福邦證券,2024-07-01,6480
6117,迎廣,161,3,158,福邦證券,2024-07-01,6480
1414,東和,150,0,150,福邦證券,2024-07-01,6480
2363,矽統,115,0,115,福邦證券,2024-07-01,6480
2382,廣達,104,0,104,福邦證券,2024-07-01,6480
2357,華碩,100,0,100,福邦證券,2024-07-01,6480
3312,弘憶股,87,17,70,福邦證券,2024-07-01,6480
2454,聯發科,50,0,50,福邦證券,2024-07-01,6480
3516,亞帝歐,50,0,50,福邦證券,2024-07-01,6480
6152,百一,50,0,50,福邦證券,2024-07-01,6480
3481,群創,37,0,37,福邦證券,2024-07-01,6480
2313,華通,32,0,32,福邦證券,2024-07-01,6480
00637L,元大滬深300正2,30,0,30,福邦證券,2024-07-01,6480
3666,光耀,30,0,30,福邦證券,2024-07-01,6480
3188,鑫龍騰,25,1,24,福邦證券,2024-07-01,6480
6223,旺矽,26,2,24,福邦證券,2024-07-01,6480
2377,微星,22,0,22,福邦證券,2024-07-01,6480
3665,貿聯-KY,22,0,22,福邦證券,2024-07-01,6480
2881,富邦金,22,1,21,福邦證券,2024-07-01,6480
6111,大宇資,21,0,21,福邦證券,2024-07-01,6480
6170,統振,101,80,21,福邦證券,2024-07-01,6480
3189,景碩,20,0,20,福邦證券,2024-07-01,6480
4533,協易機,33,15,18,福邦證券,2024-07-01,6480
6531,愛普*,18,1,17,福邦證券,2024-07-01,6480
6026,福邦證,27,10,17,福邦證券,2024-07-01,6480
00687B,國泰20年美債,15,0,15,福邦證券,2024-07-01,6480
00679B,元大美債20年,15,0,15,福邦證券,2024-07-01,6480
00948B,中信優息投資級債,15,0,15,福邦證券,2024-07-01,6480
3711,日月光投控,15,0,15,福邦證券,2024-07-01,6480
4739,康普,15,0,15,福邦證券,2024-07-01,6480
6640,均華,15,0,15,福邦證券,2024-07-01,6480
6788,華景電,15,0,15,福邦證券,2024-07-01,6480
1586,和勤,15,3,12,福邦證券,2024-07-01,6480
8028,昇陽半導體,32,20,12,福邦證券,2024-07-01,6480
2365,昆盈,37,25,12,福邦證券,2024-07-01,6480
00949,復華日本龍頭,51,40,11,福邦證券,2024-07-01,6480
1535,中宇,10,0,10,福邦證券,2024-07-01,6480
00722B,群益投資級電信債,10,0,10,福邦證券,2024-07-01,6480
00931B,統一美債20年,10,0,10,福邦證券,2024-07-01,6480
2401,凌陽,10,0,10,福邦證券,2024-07-01,6480
3205,佰研,10,0,10,福邦證券,2024-07-01,6480
3686,達能,12,2,10,福邦證券,2024-07-01,6480
3689,湧德,10,0,10,福邦證券,2024-07-01,6480
5015,華祺,10,0,10,福邦證券,2024-07-01,6480
8011,台通,10,0,10,福邦證券,2024-07-01,6480
6435,大中,10,0,10,福邦證券,2024-07-01,6480
8064,東捷,28,19,9,福邦證券,2024-07-01,6480
8096,擎亞,10,1,9,福邦證券,2024-07-01,6480
6443,元晶,602,2,600,福邦證券,2024-07-02,6480
2303,聯電,316,1,315,福邦證券,2024-07-02,6480
6285,啟��,303,1,302,福邦證券,2024-07-02,6480
00934,中信成長高股息,204,0,204,福邦證券,2024-07-02,6480
2345,智邦,160,0,160,福邦證券,2024-07-02,6480
1785,光洋科,303,156,147,福邦證券,2024-07-02,6480
3312,弘憶股,108,6,102,福邦證券,2024-07-02,6480
9945,潤泰新,100,0,100,福邦證券,2024-07-02,6480
6026,福邦證,75,1,74,福邦證券,2024-07-02,6480
5347,世界,161,99,62,福邦證券,2024-07-02,6480
2207,和泰車,60,0,60,福邦證券,2024-07-02,6480
3443,創意,60,0,60,福邦證券,2024-07-02,6480
2371,大同,60,10,50,福邦證券,2024-07-02,6480
5243,乙盛-KY,46,0,46,福邦證券,2024-07-02,6480
5483,中美晶,45,0,45,福邦證券,2024-07-02,6480
2313,華通,45,3,42,福邦證券,2024-07-02,6480
00679B,元大美債20年,38,0,38,福邦證券,2024-07-02,6480
1313,聯成,30,0,30,福邦證券,2024-07-02,6480
00753L,中信中國50正2,30,0,30,福邦證券,2024-07-02,6480
2412,中華電,30,0,30,福邦證券,2024-07-02,6480
8096,擎亞,27,0,27,福邦證券,2024-07-02,6480
00673R,期元大S＆P原油反1,22,0,22,福邦證券,2024-07-02,6480
2383,台光電,30,10,20,福邦證券,2024-07-02,6480
6462,神盾,21,1,20,福邦證券,2024-07-02,6480
00929,復華台灣科技優息,19,0,19,福邦證券,2024-07-02,6480
1795,美時,16,0,16,福邦證券,2024-07-02,6480
2881,富邦金,26,10,16,福邦證券,2024-07-02,6480
3481,群創,15,0,15,福邦證券,2024-07-02,6480
6477,安集,15,0,15,福邦證券,2024-07-02,6480
00687B,國泰20年美債,13,0,13,福邦證券,2024-07-02,6480
4123,晟德,15,4,11,福邦證券,2024-07-02,6480
2337,旺宏,11,0,11,福邦證券,2024-07-02,6480
2454,聯發科,12,1,11,福邦證券,2024-07-02,6480
6658,聯策,11,0,11,福邦證券,2024-07-02,6480
1611,中電,10,0,10,福邦證券,2024-07-02,6480
00918,大華優利高填息30,10,0,10,福邦證券,2024-07-02,6480
1414,東和,10,0,10,福邦證券,2024-07-02,6480
2031,新光鋼,10,0,10,福邦證券,2024-07-02,6480
2301,光寶科,10,0,10,福邦證券,2024-07-02,6480
2365,昆盈,10,0,10,福邦證券,2024-07-02,6480
2906,高林,10,0,10,福邦證券,2024-07-02,6480
3036,文曄,10,0,10,福邦證券,2024-07-02,6480
3055,蔚華科,10,0,10,福邦證券,2024-07-02,6480
6139,亞翔,11,1,10,福邦證券,2024-07-02,6480
6265,方土昶,11,1,10,福邦證券,2024-07-02,6480
6441,廣錠,10,0,10,福邦證券,2024-07-02,6480
8084,巨虹,15,5,10,福邦證券,2024-07-02,6480
00940,元大台灣價值高息,8,0,8,福邦證券,2024-07-02,6480
00931B,統一美債20年,8,0,8,福邦證券,2024-07-02,6480
3149,正達,8,0,8,福邦證券,2024-07-02,6480
4726,永昕,200,0,200,福邦證券,2024-07-03,6480
3583,辛耘,159,0,159,福邦證券,2024-07-03,6480
3050,鈺德,162,10,152,福邦證券,2024-07-03,6480
5243,乙盛-KY,134,6,128,福邦證券,2024-07-03,6480
3374,精材,128,10,118,福邦證券,2024-07-03,6480
9105,泰金寶-DR,106,0,106,福邦證券,2024-07-03,6480
4915,致伸,104,0,104,福邦證券,2024-07-03,6480
2357,華碩,100,0,100,福邦證券,2024-07-03,6480
3017,奇鋐,93,4,89,福邦證券,2024-07-03,6480
3035,智原,159,73,86,福邦證券,2024-07-03,6480
8261,富鼎,60,0,60,福邦證券,2024-07-03,6480
3227,原相,53,0,53,福邦證券,2024-07-03,6480
2317,鴻海,53,3,50,福邦證券,2024-07-03,6480
5388,中磊,50,0,50,福邦證券,2024-07-03,6480
2603,長榮,150,101,49,福邦證券,2024-07-03,6480
6488,環球晶,40,0,40,福邦證券,2024-07-03,6480
3596,智易,37,0,37,福邦證券,2024-07-03,6480
2881,富邦金,44,12,32,福邦證券,2024-07-03,6480
1727,中華化,30,0,30,福邦證券,2024-07-03,6480
00864B,中信美國公債0-1,30,0,30,福邦證券,2024-07-03,6480
00753L,中信中國50正2,62,32,30,福邦證券,2024-07-03,6480
2308,台達電,29,0,29,福邦證券,2024-07-03,6480
6679,鈺太,26,0,26,福邦證券,2024-07-03,6480
5011,久陽,25,0,25,福邦證券,2024-07-03,6480
00937B,群益ESG投等債20,22,0,22,福邦證券,2024-07-03,6480
3711,日月光投控,20,0,20,福邦證券,2024-07-03,6480
4131,浩泰,20,0,20,福邦證券,2024-07-03,6480
6152,百一,20,0,20,福邦證券,2024-07-03,6480
6217,中探針,40,20,20,福邦證券,2024-07-03,6480
00940,元大台灣價值高息,18,0,18,福邦證券,2024-07-03,6480
4968,立積,18,1,17,福邦證券,2024-07-03,6480
00680L,元大美債20正2,15,0,15,福邦證券,2024-07-03,6480
2444,兆勁,15,0,15,福邦證券,2024-07-03,6480
8064,東捷,13,0,13,福邦證券,2024-07-03,6480
3605,宏致,12,0,12,福邦證券,2024-07-03,6480
5258,虹堡,12,0,12,福邦證券,2024-07-03,6480
1795,美時,10,0,10,福邦證券,2024-07-03,6480
3321,同泰,10,0,10,福邦證券,2024-07-03,6480
3686,達能,10,0,10,福邦證券,2024-07-03,6480
6870,騰雲,10,0,10,福邦證券,2024-07-03,6480
3207,耀勝,9,0,9,福邦證券,2024-07-03,6480
6026,福邦證,10,1,9,福邦證券,2024-07-03,6480
2236,百達-KY,9,1,8,福邦證券,2024-07-03,6480
4168,醣聯,6,0,6,福邦證券,2024-07-03,6480
3702,大聯大,9,3,6,福邦證券,2024-07-03,6480
6180,橘子,6,0,6,福邦證券,2024-07-03,6480
6538,倉和,6,0,6,福邦證券,2024-07-03,6480
8016,矽創,6,0,6,福邦證券,2024-07-03,6480
8916,光隆,6,0,6,福邦證券,2024-07-03,6480
00878,國泰永續高股息,5,0,5,福邦證券,2024-07-03,6480
4109,加捷生醫,200,1,199,福邦證券,2024-07-04,6480
6188,廣明,202,3,199,福邦證券,2024-07-04,6480
1718,中纖,175,1,174,福邦證券,2024-07-04,6480
2359,所羅門,164,6,158,福邦證券,2024-07-04,6480
6274,台燿,119,1,118,福邦證券,2024-07-04,6480
00632R,元大台灣50反1,200,100,100,福邦證券,2024-07-04,6480
1586,和勤,165,77,88,福邦證券,2024-07-04,6480
5371,中光電,54,0,54,福邦證券,2024-07-04,6480
00937B,群益ESG投等債20,31,0,31,福邦證券,2024-07-04,6480
5284,jpp-KY,30,0,30,福邦證券,2024-07-04,6480
9105,泰金寶-DR,30,0,30,福邦證券,2024-07-04,6480
2337,旺宏,28,0,28,福邦證券,2024-07-04,6480
00934,中信成長高股息,27,0,27,福邦證券,2024-07-04,6480
8261,富鼎,25,0,25,福邦證券,2024-07-04,6480
00949,復華日本龍頭,24,0,24,福邦證券,2024-07-04,6480
00673R,期元大S＆P原油反1,22,0,22,福邦證券,2024-07-04,6480
3653,健策,22,0,22,福邦證券,2024-07-04,6480
00753L,中信中國50正2,20,0,20,福邦證券,2024-07-04,6480
2540,愛山林,20,0,20,福邦證券,2024-07-04,6480
2838A,聯邦銀甲特,20,0,20,福邦證券,2024-07-04,6480
4533,協易機,20,0,20,福邦證券,2024-07-04,6480
4526,東台,19,0,19,福邦證券,2024-07-04,6480
5243,乙盛-KY,24,7,17,福邦證券,2024-07-04,6480
1409,新纖,85,70,15,福邦證券,2024-07-04,6480
1618,合機,15,0,15,福邦證券,2024-07-04,6480
6204,艾華,15,0,15,福邦證券,2024-07-04,6480
3030,德律,13,0,13,福邦證券,2024-07-04,6480
3605,宏致,13,0,13,福邦證券,2024-07-04,6480
6488,環球晶,13,0,13,福邦證券,2024-07-04,6480
8104,錸寶,21,8,13,福邦證券,2024-07-04,6480
3580,友威科,11,0,11,福邦證券,2024-07-04,6480
2373,震旦行,10,0,10,福邦證券,2024-07-04,6480
2376,技嘉,10,0,10,福邦證券,2024-07-04,6480
2405,輔信,10,0,10,福邦證券,2024-07-04,6480
2412,中華電,10,0,10,福邦證券,2024-07-04,6480
2617,台航,10,0,10,福邦證券,2024-07-04,6480
3152,璟德,10,0,10,福邦證券,2024-07-04,6480
4114,健喬,10,0,10,福邦證券,2024-07-04,6480
6679,鈺太,10,0,10,福邦證券,2024-07-04,6480
8071,能率網通,13,3,10,福邦證券,2024-07-04,6480
8096,擎亞,10,0,10,福邦證券,2024-07-04,6480
4131,浩泰,10,1,9,福邦證券,2024-07-04,6480
4566,時碩工業,9,0,9,福邦證券,2024-07-04,6480
2382,廣達,10,2,8,福邦證券,2024-07-04,6480
6443,元晶,11,3,8,福邦證券,2024-07-04,6480
2609,陽明,9,2,7,福邦證券,2024-07-04,6480
00946,群益科技高息成長,7,0,7,福邦證券,2024-07-04,6480
3576,聯合再生,13,6,7,福邦證券,2024-07-04,6480
3013,晟銘電,7,1,6,福邦證券,2024-07-04,6480
3058,立德,13,7,6,福邦證券,2024-07-04,6480
2356,英業達,400,2,398,福邦證券,2024-07-05,6480
2379,瑞昱,200,0,200,福邦證券,2024-07-05,6480
6188,廣明,201,30,171,福邦證券,2024-07-05,6480
5371,中光電,126,6,120,福邦證券,2024-07-05,6480
1409,新纖,110,0,110,福邦證券,2024-07-05,6480
2888,新光金,97,0,97,福邦證券,2024-07-05,6480
2371,大同,80,0,80,福邦證券,2024-07-05,6480
5388,中磊,80,0,80,福邦證券,2024-07-05,6480
6679,鈺太,64,0,64,福邦證券,2024-07-05,6480
6488,環球晶,55,0,55,福邦證券,2024-07-05,6480
6451,訊芯-KY,52,0,52,福邦證券,2024-07-05,6480
1586,和勤,125,77,48,福邦證券,2024-07-05,6480
00633L,富邦上証正2,90,50,40,福邦證券,2024-07-05,6480
3653,健策,40,0,40,福邦證券,2024-07-05,6480
8085,福華,44,5,39,福邦證券,2024-07-05,6480
5483,中美晶,35,0,35,福邦證券,2024-07-05,6480
00637L,元大滬深300正2,30,0,30,福邦證券,2024-07-05,6480
3455,由田,30,0,30,福邦證券,2024-07-05,6480
6933,AMAX-KY,28,2,26,福邦證券,2024-07-05,6480
3481,群創,82,57,25,福邦證券,2024-07-05,6480
5284,jpp-KY,50,30,20,福邦證券,2024-07-05,6480
6223,旺矽,20,2,18,福邦證券,2024-07-05,6480
1513,中興電,19,2,17,福邦證券,2024-07-05,6480
2540,愛山林,15,0,15,福邦證券,2024-07-05,6480
3673,TPK-KY,15,0,15,福邦證券,2024-07-05,6480
4543,萬在,20,6,14,福邦證券,2024-07-05,6480
00795B,中信美國公債20年,13,0,13,福邦證券,2024-07-05,6480
3520,華盈,13,0,13,福邦證券,2024-07-05,6480
3663,鑫科,20,7,13,福邦證券,2024-07-05,6480
6283,淳安,13,0,13,福邦證券,2024-07-05,6480
6535,順藥,13,0,13,福邦證券,2024-07-05,6480
1815,富喬,16,4,12,福邦證券,2024-07-05,6480
2455,全新,14,3,11,福邦證券,2024-07-05,6480
3024,憶聲,11,0,11,福邦證券,2024-07-05,6480
4526,東台,11,0,11,福邦證券,2024-07-05,6480
3008,大立光,10,0,10,福邦證券,2024-07-05,6480
3094,聯傑,30,20,10,福邦證券,2024-07-05,6480
3390,旭軟,10,0,10,福邦證券,2024-07-05,6480
3664,安瑞-KY,10,0,10,福邦證券,2024-07-05,6480
5511,德昌,10,0,10,福邦證券,2024-07-05,6480
6125,廣運,9,0,9,福邦證券,2024-07-05,6480
2486,一詮,38,29,9,福邦證券,2024-07-05,6480
2374,佳能,20,12,8,福邦證券,2024-07-05,6480
3374,精材,25,17,8,福邦證券,2024-07-05,6480
4960,誠美材,11,3,8,福邦證券,2024-07-05,6480
6216,居易,8,0,8,福邦證券,2024-07-05,6480
8096,擎亞,8,0,8,福邦證券,2024-07-05,6480
1503,士電,8,1,7,福邦證券,2024-07-05,6480
00687B,國泰20年美債,7,0,7,福邦證券,2024-07-05,6480
2884,玉山金,12,5,7,福邦證券,2024-07-05,6480
00632R,元大台灣50反1,3200,500,2700,福邦證券,2024-07-08,6480
00671R,富邦NASDAQ反1,2041,0,2041,福邦證券,2024-07-08,6480
6138,茂達,357,1,356,福邦證券,2024-07-08,6480
3312,弘憶股,217,12,205,福邦證券,2024-07-08,6480
00931B,統一美債20年,160,0,160,福邦證券,2024-07-08,6480
8028,昇陽半導體,163,9,154,福邦證券,2024-07-08,6480
2405,輔信,100,0,100,福邦證券,2024-07-08,6480
9945,潤泰新,100,0,100,福邦證券,2024-07-08,6480
6170,統振,100,40,60,福邦證券,2024-07-08,6480
2101,南港,58,0,58,福邦證券,2024-07-08,6480
1340,勝悅-KY,54,1,53,福邦證券,2024-07-08,6480
3450,聯鈞,45,1,44,福邦證券,2024-07-08,6480
6133,金橋,40,1,39,福邦證券,2024-07-08,6480
2314,台揚,33,0,33,福邦證券,2024-07-08,6480
8215,明基材,30,0,30,福邦證券,2024-07-08,6480
1536,和大,33,4,29,福邦證券,2024-07-08,6480
2317,鴻海,32,5,27,福邦證券,2024-07-08,6480
6679,鈺太,27,0,27,福邦證券,2024-07-08,6480
2607,榮運,26,0,26,福邦證券,2024-07-08,6480
6451,訊芯-KY,23,0,23,福邦證券,2024-07-08,6480
00940,元大台灣價值高息,22,1,21,福邦證券,2024-07-08,6480
3711,日月光投控,20,0,20,福邦證券,2024-07-08,6480
6152,百一,20,0,20,福邦證券,2024-07-08,6480
9906,欣巴巴,20,0,20,福邦證券,2024-07-08,6480
3481,群創,39,20,19,福邦證券,2024-07-08,6480
4968,立積,16,0,16,福邦證券,2024-07-08,6480
00937B,群益ESG投等債20,15,0,15,福邦證券,2024-07-08,6480
2538,基泰,15,0,15,福邦證券,2024-07-08,6480
8261,富鼎,15,0,15,福邦證券,2024-07-08,6480
2888,新光金,30,17,13,福邦證券,2024-07-08,6480
3058,立德,12,0,12,福邦證券,2024-07-08,6480
3094,聯傑,30,18,12,福邦證券,2024-07-08,6480
6446,藥華藥,12,0,12,福邦證券,2024-07-08,6480
2371,大同,11,0,11,福邦證券,2024-07-08,6480
3019,亞光,12,1,11,福邦證券,2024-07-08,6480
1477,聚陽,10,0,10,福邦證券,2024-07-08,6480
1513,中興電,11,1,10,福邦證券,2024-07-08,6480
2369,菱生,10,0,10,福邦證券,2024-07-08,6480
2836,高雄銀,10,0,10,福邦證券,2024-07-08,6480
3052,夆典,10,0,10,福邦證券,2024-07-08,6480
5324,士開,10,0,10,福邦證券,2024-07-08,6480
5432,新門,10,0,10,福邦證券,2024-07-08,6480
5521,工信,10,0,10,福邦證券,2024-07-08,6480
6279,胡連,10,0,10,福邦證券,2024-07-08,6480
8099,大世科,10,0,10,福邦證券,2024-07-08,6480
2355,敬鵬,9,0,9,福邦證券,2024-07-08,6480
3055,蔚華科,8,0,8,福邦證券,2024-07-08,6480
2330,台積電,9,1,8,福邦證券,2024-07-08,6480
3520,華盈,12,4,8,福邦證券,2024-07-08,6480
6215,和椿,11,3,8,福邦證券,2024-07-08,6480
00671R,富邦NASDAQ反1,983,0,983,福邦證券,2024-07-09,6480
00934,中信成長高股息,801,0,801,福邦證券,2024-07-09,6480
3264,欣銓,500,0,500,福邦證券,2024-07-09,6480
2834,臺企銀,312,0,312,福邦證券,2024-07-09,6480
0050,元大台灣50,300,0,300,福邦證券,2024-07-09,6480
6026,福邦證,180,0,180,福邦證券,2024-07-09,6480
2385,群光,150,0,150,福邦證券,2024-07-09,6480
2888,新光金,182,35,147,福邦證券,2024-07-09,6480
4938,和碩,124,0,124,福邦證券,2024-07-09,6480
3036,文曄,106,0,106,福邦證券,2024-07-09,6480
6442,光聖,100,2,98,福邦證券,2024-07-09,6480
3324,雙鴻,94,3,91,福邦證券,2024-07-09,6480
2379,瑞昱,56,0,56,福邦證券,2024-07-09,6480
1528,恩德,52,0,52,福邦證券,2024-07-09,6480
3008,大立光,43,1,42,福邦證券,2024-07-09,6480
4739,康普,42,0,42,福邦證券,2024-07-09,6480
9906,欣巴巴,40,0,40,福邦證券,2024-07-09,6480
00679B,元大美債20年,45,7,38,福邦證券,2024-07-09,6480
6170,統振,32,0,32,福邦證券,2024-07-09,6480
3231,緯創,32,1,31,福邦證券,2024-07-09,6480
2353,宏��,27,0,27,福邦證券,2024-07-09,6480
8085,福華,34,9,25,福邦證券,2024-07-09,6480
3032,偉訓,20,0,20,福邦證券,2024-07-09,6480
6679,鈺太,20,0,20,福邦證券,2024-07-09,6480
2597,潤弘,19,0,19,福邦證券,2024-07-09,6480
6257,矽格,17,0,17,福邦證券,2024-07-09,6480
3058,立德,16,0,16,福邦證券,2024-07-09,6480
4958,臻鼎-KY,16,1,15,福邦證券,2024-07-09,6480
5392,能率,95,80,15,福邦證券,2024-07-09,6480
6643,M31,15,0,15,福邦證券,2024-07-09,6480
8299,群聯,15,0,15,福邦證券,2024-07-09,6480
1513,中興電,16,2,14,福邦證券,2024-07-09,6480
3576,聯合再生,20,6,14,福邦證券,2024-07-09,6480
6451,訊芯-KY,34,21,13,福邦證券,2024-07-09,6480
2025,千興,12,0,12,福邦證券,2024-07-09,6480
2355,敬鵬,11,0,11,福邦證券,2024-07-09,6480
2609,陽明,12,1,11,福邦證券,2024-07-09,6480
2369,菱生,10,0,10,福邦證券,2024-07-09,6480
2906,高林,10,0,10,福邦證券,2024-07-09,6480
6282,康舒,10,0,10,福邦證券,2024-07-09,6480
8261,富鼎,10,0,10,福邦證券,2024-07-09,6480
3047,訊舟,40,31,9,福邦證券,2024-07-09,6480
6664,群翊,10,1,9,福邦證券,2024-07-09,6480
9105,泰金寶-DR,9,0,9,福邦證券,2024-07-09,6480
2236,百達-KY,8,0,8,福邦證券,2024-07-09,6480
2501,國建,10,2,8,福邦證券,2024-07-09,6480
6584,南俊國際,9,1,8,福邦證券,2024-07-09,6480
6890,來億-KY,8,0,8,福邦證券,2024-07-09,6480
3481,群創,7,0,7,福邦證券,2024-07-09,6480
3673,TPK-KY,20,13,7,福邦證券,2024-07-09,6480
00671R,富邦NASDAQ反1,500,0,500,福邦證券,2024-07-10,6480
3264,欣銓,400,0,400,福邦證券,2024-07-10,6480
5876,上海商銀,357,0,357,福邦證券,2024-07-10,6480
6706,惠特,301,2,299,福邦證券,2024-07-10,6480
3036,文曄,255,0,255,福邦證券,2024-07-10,6480
2886,兆豐金,120,0,120,福邦證券,2024-07-10,6480
2542,興富發,100,0,100,福邦證券,2024-07-10,6480
1409,新纖,98,0,98,福邦證券,2024-07-10,6480
2888,新光金,141,43,98,福邦證券,2024-07-10,6480
3008,大立光,89,0,89,福邦證券,2024-07-10,6480
2891,中信金,161,75,86,福邦證券,2024-07-10,6480
2408,南亞科,60,0,60,福邦證券,2024-07-10,6480
4977,眾達-KY,60,0,60,福邦證券,2024-07-10,6480
9945,潤泰新,60,0,60,福邦證券,2024-07-10,6480
2392,正崴,81,29,52,福邦證券,2024-07-10,6480
6179,亞通,48,0,48,福邦證券,2024-07-10,6480
2753,八方雲集,40,0,40,福邦證券,2024-07-10,6480
912000,晨訊科-DR,40,0,40,福邦證券,2024-07-10,6480
3032,偉訓,34,0,34,福邦證券,2024-07-10,6480
5371,中光電,34,0,34,福邦證券,2024-07-10,6480
1717,長興,35,2,33,福邦證券,2024-07-10,6480
2351,順德,30,0,30,福邦證券,2024-07-10,6480
2731,雄獅,30,0,30,福邦證券,2024-07-10,6480
3596,智易,30,0,30,福邦證券,2024-07-10,6480
2324,仁寶,30,0,30,福邦證券,2024-07-10,6480
3047,訊舟,50,21,29,福邦證券,2024-07-10,6480
3419,譁裕,20,0,20,福邦證券,2024-07-10,6480
4131,浩泰,18,0,18,福邦證券,2024-07-10,6480
2376,技嘉,22,5,17,福邦證券,2024-07-10,6480
2883,凱基金,20,3,17,福邦證券,2024-07-10,6480
3576,聯合再生,23,7,16,福邦證券,2024-07-10,6480
2353,宏��,17,2,15,福邦證券,2024-07-10,6480
2607,榮運,15,0,15,福邦證券,2024-07-10,6480
3023,信邦,15,0,15,福邦證券,2024-07-10,6480
8227,巨有科技,15,0,15,福邦證券,2024-07-10,6480
6679,鈺太,15,2,13,福邦證券,2024-07-10,6480
5328,華容,12,1,11,福邦證券,2024-07-10,6480
2609,陽明,10,0,10,福邦證券,2024-07-10,6480
3013,晟銘電,12,2,10,福邦證券,2024-07-10,6480
3016,嘉晶,10,0,10,福邦證券,2024-07-10,6480
4909,新復興,10,0,10,福邦證券,2024-07-10,6480
2330,台積電,11,2,9,福邦證券,2024-07-10,6480
2405,輔信,9,0,9,福邦證券,2024-07-10,6480
6207,雷科,9,0,9,福邦證券,2024-07-10,6480
3522,御嵿,8,0,8,福邦證券,2024-07-10,6480
6890,來億-KY,8,0,8,福邦證券,2024-07-10,6480
1586,和勤,25,18,7,福邦證券,2024-07-10,6480
1605,華新,7,0,7,福邦證券,2024-07-10,6480
3037,欣興,7,0,7,福邦證券,2024-07-10,6480
2882,國泰金,6,0,6,福邦證券,2024-07-10,6480
2883,凱基金,583,12,571,福邦證券,2024-07-11,6480
4927,泰鼎-KY,450,1,449,福邦證券,2024-07-11,6480
3710,連展投控,400,0,400,福邦證券,2024-07-11,6480
3576,聯合再生,369,11,358,福邦證券,2024-07-11,6480
1513,中興電,268,108,160,福邦證券,2024-07-11,6480
2359,所羅門,161,3,158,福邦證券,2024-07-11,6480
2376,技嘉,100,2,98,福邦證券,2024-07-11,6480
2542,興富發,100,2,98,福邦證券,2024-07-11,6480
2354,鴻準,73,11,62,福邦證券,2024-07-11,6480
1506,正道,60,0,60,福邦證券,2024-07-11,6480
2489,瑞軒,105,50,55,福邦證券,2024-07-11,6480
3376,新日興,54,1,53,福邦證券,2024-07-11,6480
6451,訊芯-KY,45,0,45,福邦證券,2024-07-11,6480
1795,美時,38,1,37,福邦證券,2024-07-11,6480
3047,訊舟,65,33,32,福邦證券,2024-07-11,6480
3321,同泰,27,0,27,福邦證券,2024-07-11,6480
4739,康普,24,0,24,福邦證券,2024-07-11,6480
2356,英業達,24,1,23,福邦證券,2024-07-11,6480
3024,憶聲,20,0,20,福邦證券,2024-07-11,6480
3363,上詮,26,6,20,福邦證券,2024-07-11,6480
5876,上海商銀,20,0,20,福邦證券,2024-07-11,6480
2888,新光金,45,26,19,福邦證券,2024-07-11,6480
2881,富邦金,20,2,18,福邦證券,2024-07-11,6480
6733,博晟生醫,17,0,17,福邦證券,2024-07-11,6480
2201,裕隆,15,0,15,福邦證券,2024-07-11,6480
3708,上緯投控,19,4,15,福邦證券,2024-07-11,6480
8103,瀚荃,19,5,14,福邦證券,2024-07-11,6480
4958,臻鼎-KY,13,0,13,福邦證券,2024-07-11,6480
2464,盟立,12,0,12,福邦證券,2024-07-11,6480
1815,富喬,14,3,11,福邦證券,2024-07-11,6480
3260,威剛,11,0,11,福邦證券,2024-07-11,6480
9945,潤泰新,11,0,11,福邦證券,2024-07-11,6480
00673R,期元大S＆P原油反1,10,0,10,福邦證券,2024-07-11,6480
2363,矽統,10,0,10,福邦證券,2024-07-11,6480
2497,怡利電,10,0,10,福邦證券,2024-07-11,6480
2882,國泰金,20,10,10,福邦證券,2024-07-11,6480
3202,樺晟,10,0,10,福邦證券,2024-07-11,6480
3419,譁裕,10,0,10,福邦證券,2024-07-11,6480
4714,永捷,10,0,10,福邦證券,2024-07-11,6480
6133,金橋,10,0,10,福邦證券,2024-07-11,6480
6669,緯穎,10,0,10,福邦證券,2024-07-11,6480
9906,欣巴巴,10,0,10,福邦證券,2024-07-11,6480
1519,華城,13,4,9,福邦證券,2024-07-11,6480
8227,巨有科技,12,3,9,福邦證券,2024-07-11,6480
3058,立德,8,0,8,福邦證券,2024-07-11,6480
8085,福華,8,0,8,福邦證券,2024-07-11,6480
2316,楠梓電,9,2,7,福邦證券,2024-07-11,6480
2401,凌陽,7,0,7,福邦證券,2024-07-11,6480
3324,雙鴻,9,2,7,福邦證券,2024-07-11,6480
6957,裕慶-KY,7,0,7,福邦證券,2024-07-11,6480
2883,凱基金,1276,0,1276,福邦證券,2024-07-12,6480
2356,英業達,360,7,353,福邦證券,2024-07-12,6480
00934,中信成長高股息,154,0,154,福邦證券,2024-07-12,6480
1514,亞力,151,2,149,福邦證券,2024-07-12,6480
4915,致伸,100,0,100,福邦證券,2024-07-12,6480
6026,福邦證,111,17,94,福邦證券,2024-07-12,6480
3231,緯創,81,3,78,福邦證券,2024-07-12,6480
1513,中興電,70,6,64,福邦證券,2024-07-12,6480
2891,中信金,100,56,44,福邦證券,2024-07-12,6480
5284,jpp-KY,36,0,36,福邦證券,2024-07-12,6480
3376,新日興,38,3,35,福邦證券,2024-07-12,6480
6170,統振,31,0,31,福邦證券,2024-07-12,6480
3017,奇鋐,31,2,29,福邦證券,2024-07-12,6480
00881,國泰台灣5G+,24,0,24,福邦證券,2024-07-12,6480
3019,亞光,25,1,24,福邦證券,2024-07-12,6480
2882,國泰金,22,0,22,福邦證券,2024-07-12,6480
2103,台橡,20,0,20,福邦證券,2024-07-12,6480
2406,國碩,20,0,20,福邦證券,2024-07-12,6480
3455,由田,20,0,20,福邦證券,2024-07-12,6480
5432,新門,20,0,20,福邦證券,2024-07-12,6480
8085,福華,22,3,19,福邦證券,2024-07-12,6480
4510,高鋒,18,0,18,福邦證券,2024-07-12,6480
2609,陽明,15,0,15,福邦證券,2024-07-12,6480
2348,海悅,14,0,14,福邦證券,2024-07-12,6480
2397,友通,14,1,13,福邦證券,2024-07-12,6480
2312,金寶,15,3,12,福邦證券,2024-07-12,6480
2603,長榮,12,0,12,福邦證券,2024-07-12,6480
1590,亞德客-KY,10,0,10,福邦證券,2024-07-12,6480
1582,信錦,10,0,10,福邦證券,2024-07-12,6480
00631L,元大台灣50正2,10,0,10,福邦證券,2024-07-12,6480
6279,胡連,10,0,10,福邦證券,2024-07-12,6480
6441,廣錠,10,0,10,福邦證券,2024-07-12,6480
8091,翔名,10,0,10,福邦證券,2024-07-12,6480
8261,富鼎,10,0,10,福邦證券,2024-07-12,6480
3047,訊舟,9,0,9,福邦證券,2024-07-12,6480
3689,湧德,9,0,9,福邦證券,2024-07-12,6480
5225,東科-KY,9,0,9,福邦證券,2024-07-12,6480
3711,日月光投控,8,0,8,福邦證券,2024-07-12,6480
6669,緯穎,10,2,8,福邦證券,2024-07-12,6480
00679B,元大美債20年,7,0,7,福邦證券,2024-07-12,6480
2353,宏��,10,3,7,福邦證券,2024-07-12,6480
2607,榮運,6,0,6,福邦證券,2024-07-12,6480
3321,同泰,6,0,6,福邦證券,2024-07-12,6480
3665,貿聯-KY,6,0,6,福邦證券,2024-07-12,6480
5309,系統電,6,0,6,福邦證券,2024-07-12,6480
6270,倍微,6,0,6,福邦證券,2024-07-12,6480
00680L,元大美債20正2,5,0,5,福邦證券,2024-07-12,6480
00726B,國泰新興投等債,5,0,5,福邦證券,2024-07-12,6480
2201,裕隆,5,0,5,福邦證券,2024-07-12,6480
2365,昆盈,8,3,5,福邦證券,2024-07-12,6480
2891,中信金,204,0,204,福邦證券,2024-07-15,6480
5309,系統電,183,26,157,福邦證券,2024-07-15,6480
3665,貿聯-KY,160,8,152,福邦證券,2024-07-15,6480
4938,和碩,150,0,150,福邦證券,2024-07-15,6480
2888,新光金,154,10,144,福邦證券,2024-07-15,6480
3231,緯創,101,0,101,福邦證券,2024-07-15,6480
4915,致伸,100,0,100,福邦證券,2024-07-15,6480
8011,台通,100,2,98,福邦證券,2024-07-15,6480
5388,中磊,80,0,80,福邦證券,2024-07-15,6480
2489,瑞軒,152,89,63,福邦證券,2024-07-15,6480
6026,福邦證,71,12,59,福邦證券,2024-07-15,6480
3019,亞光,52,4,48,福邦證券,2024-07-15,6480
1586,和勤,50,12,38,福邦證券,2024-07-15,6480
00934,中信成長高股息,35,0,35,福邦證券,2024-07-15,6480
9941,裕融,25,0,25,福邦證券,2024-07-15,6480
3221,台嘉碩,20,0,20,福邦證券,2024-07-15,6480
3686,達能,20,0,20,福邦證券,2024-07-15,6480
5263,智崴,22,2,20,福邦證券,2024-07-15,6480
1582,信錦,17,0,17,福邦證券,2024-07-15,6480
3003,健和興,17,0,17,福邦證券,2024-07-15,6480
2439,美律,16,0,16,福邦證券,2024-07-15,6480
2867,三商壽,25,10,15,福邦證券,2024-07-15,6480
9945,潤泰新,30,15,15,福邦證券,2024-07-15,6480
3017,奇鋐,14,1,13,福邦證券,2024-07-15,6480
6415,矽力*-KY,13,0,13,福邦證券,2024-07-15,6480
3594,磐儀,12,0,12,福邦證券,2024-07-15,6480
4566,時碩工業,12,1,11,福邦證券,2024-07-15,6480
1727,中華化,24,14,10,福邦證券,2024-07-15,6480
00725B,國泰投資級公司債,10,0,10,福邦證券,2024-07-15,6480
00940,元大台灣價值高息,10,0,10,福邦證券,2024-07-15,6480
2449,京元電子,10,0,10,福邦證券,2024-07-15,6480
2633,台灣高鐵,10,0,10,福邦證券,2024-07-15,6480
2884,玉山金,11,1,10,福邦證券,2024-07-15,6480
3455,由田,10,0,10,福邦證券,2024-07-15,6480
4739,康普,10,0,10,福邦證券,2024-07-15,6480
5284,jpp-KY,10,0,10,福邦證券,2024-07-15,6480
8091,翔名,10,0,10,福邦證券,2024-07-15,6480
9939,宏全,10,0,10,福邦證券,2024-07-15,6480
2236,百達-KY,10,1,9,福邦證券,2024-07-15,6480
1536,和大,8,0,8,福邦證券,2024-07-15,6480
6846,綠茵,8,0,8,福邦證券,2024-07-15,6480
2316,楠梓電,7,0,7,福邦證券,2024-07-15,6480
2365,昆盈,14,7,7,福邦證券,2024-07-15,6480
2481,強茂,8,1,7,福邦證券,2024-07-15,6480
3312,弘憶股,24,17,7,福邦證券,2024-07-15,6480
3321,同泰,7,0,7,福邦證券,2024-07-15,6480
3673,TPK-KY,13,6,7,福邦證券,2024-07-15,6480
6271,同欣電,9,2,7,福邦證券,2024-07-15,6480
3296,勝德,6,0,6,福邦證券,2024-07-15,6480
3580,友威科,6,0,6,福邦證券,2024-07-15,6480
2449,京元電子,404,20,384,福邦證券,2024-07-16,6480
6026,福邦證,273,41,232,福邦證券,2024-07-16,6480
6449,鈺邦,218,0,218,福邦證券,2024-07-16,6480
8085,福華,119,0,119,福邦證券,2024-07-16,6480
2324,仁寶,100,0,100,福邦證券,2024-07-16,6480
2408,南亞科,55,0,55,福邦證券,2024-07-16,6480
3706,神達,52,0,52,福邦證券,2024-07-16,6480
1569,濱川,30,0,30,福邦證券,2024-07-16,6480
2362,藍天,30,0,30,福邦證券,2024-07-16,6480
3455,由田,30,0,30,福邦證券,2024-07-16,6480
5328,華容,30,0,30,福邦證券,2024-07-16,6480
00937B,群益ESG投等債20,26,0,26,福邦證券,2024-07-16,6480
1504,東元,20,0,20,福邦證券,2024-07-16,6480
2542,興富發,20,0,20,福邦證券,2024-07-16,6480
3221,台嘉碩,20,0,20,福邦證券,2024-07-16,6480
3693,營邦,20,0,20,福邦證券,2024-07-16,6480
5309,系統電,29,10,19,福邦證券,2024-07-16,6480
1568,倉佑,16,0,16,福邦證券,2024-07-16,6480
2330,台積電,16,1,15,福邦證券,2024-07-16,6480
0056,元大高股息,14,0,14,福邦證券,2024-07-16,6480
00934,中信成長高股息,11,0,11,福邦證券,2024-07-16,6480
3003,健和興,11,0,11,福邦證券,2024-07-16,6480
1513,中興電,61,51,10,福邦證券,2024-07-16,6480
2495,普安,10,0,10,福邦證券,2024-07-16,6480
2888,新光金,10,0,10,福邦證券,2024-07-16,6480
5371,中光電,20,10,10,福邦證券,2024-07-16,6480
6462,神盾,11,1,10,福邦證券,2024-07-16,6480
8096,擎亞,10,0,10,福邦證券,2024-07-16,6480
8936,國統,13,3,10,福邦證券,2024-07-16,6480
1590,亞德客-KY,9,0,9,福邦證券,2024-07-16,6480
3661,世芯-KY,9,1,8,福邦證券,2024-07-16,6480
6164,華興,8,0,8,福邦證券,2024-07-16,6480
3037,欣興,17,10,7,福邦證券,2024-07-16,6480
3312,弘憶股,23,16,7,福邦證券,2024-07-16,6480
2867,三商壽,19,13,6,福邦證券,2024-07-16,6480
1586,和勤,51,46,5,福邦證券,2024-07-16,6480
00929,復華台灣科技優息,5,0,5,福邦證券,2024-07-16,6480
1786,科妍,5,0,5,福邦證券,2024-07-16,6480
2438,翔耀,5,0,5,福邦證券,2024-07-16,6480
5009,榮剛,5,0,5,福邦證券,2024-07-16,6480
6292,迅德,5,0,5,福邦證券,2024-07-16,6480
6788,華景電,5,0,5,福邦證券,2024-07-16,6480
8442,威宏-KY,5,0,5,福邦證券,2024-07-16,6480
00919,群益台灣精選高息,4,0,4,福邦證券,2024-07-16,6480
00726B,國泰新興投等債,4,0,4,福邦證券,2024-07-16,6480
00725B,國泰投資級公司債,4,0,4,福邦證券,2024-07-16,6480
2397,友通,4,0,4,福邦證券,2024-07-16,6480
2891,中信金,33,29,4,福邦證券,2024-07-16,6480
00720B,元大投資級公司債,10,7,3,福邦證券,2024-07-16,6480
1736,喬山,3,0,3,福邦證券,2024-07-16,6480
3481,群創,1015,99,916,福邦證券,2024-07-17,6480
6026,福邦證,220,12,208,福邦證券,2024-07-17,6480
9945,潤泰新,201,12,189,福邦證券,2024-07-17,6480
3035,智原,159,0,159,福邦證券,2024-07-17,6480
2520,冠德,165,8,157,福邦證券,2024-07-17,6480
2363,矽統,100,0,100,福邦證券,2024-07-17,6480
3711,日月光投控,102,4,98,福邦證券,2024-07-17,6480
8103,瀚荃,63,1,62,福邦證券,2024-07-17,6480
1586,和勤,64,4,60,福邦證券,2024-07-17,6480
8085,福華,60,0,60,福邦證券,2024-07-17,6480
4566,時碩工業,58,1,57,福邦證券,2024-07-17,6480
00929,復華台灣科技優息,52,0,52,福邦證券,2024-07-17,6480
3710,連展投控,51,0,51,福邦證券,2024-07-17,6480
2528,皇普,53,3,50,福邦證券,2024-07-17,6480
5213,亞昕,50,0,50,福邦證券,2024-07-17,6480
1584,精剛,49,0,49,福邦證券,2024-07-17,6480
2609,陽明,43,0,43,福邦證券,2024-07-17,6480
00753L,中信中國50正2,100,60,40,福邦證券,2024-07-17,6480
5483,中美晶,40,0,40,福邦證券,2024-07-17,6480
2371,大同,51,16,35,福邦證券,2024-07-17,6480
3231,緯創,31,0,31,福邦證券,2024-07-17,6480
6121,新普,30,0,30,福邦證券,2024-07-17,6480
9941,裕融,30,0,30,福邦證券,2024-07-17,6480
6546,正基,30,1,29,福邦證券,2024-07-17,6480
00715L,期街口布蘭特正2,25,0,25,福邦證券,2024-07-17,6480
2449,京元電子,25,0,25,福邦證券,2024-07-17,6480
00881,國泰台灣5G+,22,0,22,福邦證券,2024-07-17,6480
2597,潤弘,22,0,22,福邦證券,2024-07-17,6480
2353,宏��,21,0,21,福邦證券,2024-07-17,6480
6279,胡連,20,0,20,福邦證券,2024-07-17,6480
6664,群翊,20,0,20,福邦證券,2024-07-17,6480
2204,中華,19,0,19,福邦證券,2024-07-17,6480
2313,華通,19,0,19,福邦證券,2024-07-17,6480
2314,台揚,18,0,18,福邦證券,2024-07-17,6480
1590,亞德客-KY,18,0,18,福邦證券,2024-07-17,6480
5508,永信建,20,2,18,福邦證券,2024-07-17,6480
2444,兆勁,15,0,15,福邦證券,2024-07-17,6480
3419,譁裕,15,0,15,福邦證券,2024-07-17,6480
6957,裕慶-KY,20,7,13,福邦證券,2024-07-17,6480
00919,群益台灣精選高息,12,0,12,福邦證券,2024-07-17,6480
2402,毅嘉,22,10,12,福邦證券,2024-07-17,6480
1513,中興電,112,101,11,福邦證券,2024-07-17,6480
3357,臺慶科,21,10,11,福邦證券,2024-07-17,6480
1504,東元,10,0,10,福邦證券,2024-07-17,6480
1414,東和,10,0,10,福邦證券,2024-07-17,6480
00633L,富邦上証正2,20,10,10,福邦證券,2024-07-17,6480
00631L,元大台灣50正2,10,0,10,福邦證券,2024-07-17,6480
1612,宏泰,10,0,10,福邦證券,2024-07-17,6480
2317,鴻海,12,2,10,福邦證券,2024-07-17,6480
2472,立隆電,10,0,10,福邦證券,2024-07-17,6480
3231,緯創,403,0,403,福邦證券,2024-07-18,6480
2330,台積電,290,20,270,福邦證券,2024-07-18,6480
2382,廣達,165,6,159,福邦證券,2024-07-18,6480
2888,新光金,151,0,151,福邦證券,2024-07-18,6480
6239,力成,158,25,133,福邦證券,2024-07-18,6480
1795,美時,80,0,80,福邦證券,2024-07-18,6480
9939,宏全,62,0,62,福邦證券,2024-07-18,6480
2357,華碩,53,0,53,福邦證券,2024-07-18,6480
3481,群創,53,0,53,福邦證券,2024-07-18,6480
3005,神基,50,0,50,福邦證券,2024-07-18,6480
2363,矽統,40,0,40,福邦證券,2024-07-18,6480
1736,喬山,37,0,37,福邦證券,2024-07-18,6480
2353,宏��,37,0,37,福邦證券,2024-07-18,6480
2449,京元電子,57,22,35,福邦證券,2024-07-18,6480
00919,群益台灣精選高息,35,1,34,福邦證券,2024-07-18,6480
8383,千附,34,0,34,福邦證券,2024-07-18,6480
2313,華通,33,0,33,福邦證券,2024-07-18,6480
00680L,元大美債20正2,50,20,30,福邦證券,2024-07-18,6480
1513,中興電,29,2,27,福邦證券,2024-07-18,6480
2444,兆勁,25,0,25,福邦證券,2024-07-18,6480
2528,皇普,25,0,25,福邦證券,2024-07-18,6480
1519,華城,25,1,24,福邦證券,2024-07-18,6480
00673R,期元大S＆P原油反1,20,0,20,福邦證券,2024-07-18,6480
2454,聯發科,20,0,20,福邦證券,2024-07-18,6480
2515,中工,20,0,20,福邦證券,2024-07-18,6480
3689,湧德,20,0,20,福邦證券,2024-07-18,6480
6026,福邦證,30,10,20,福邦證券,2024-07-18,6480
6462,神盾,22,2,20,福邦證券,2024-07-18,6480
1308,亞聚,18,0,18,福邦證券,2024-07-18,6480
2597,潤弘,18,0,18,福邦證券,2024-07-18,6480
00948B,中信優息投資級債,17,0,17,福邦證券,2024-07-18,6480
2258,鴻華先進-創,18,1,17,福邦證券,2024-07-18,6480
00753L,中信中國50正2,15,0,15,福邦證券,2024-07-18,6480
2395,研華,15,0,15,福邦證券,2024-07-18,6480
6125,廣運,14,0,14,福邦證券,2024-07-18,6480
2365,昆盈,15,2,13,福邦證券,2024-07-18,6480
00881,國泰台灣5G+,12,0,12,福邦證券,2024-07-18,6480
2489,瑞軒,13,1,12,福邦證券,2024-07-18,6480
2368,金像電,11,0,11,福邦證券,2024-07-18,6480
6890,來億-KY,11,0,11,福邦證券,2024-07-18,6480
4906,正文,16,6,10,福邦證券,2024-07-18,6480
1314,中石化,10,0,10,福邦證券,2024-07-18,6480
00640L,富邦日本正2,10,0,10,福邦證券,2024-07-18,6480
00772B,中信高評級公司債,10,0,10,福邦證券,2024-07-18,6480
2603,長榮,312,302,10,福邦證券,2024-07-18,6480
2611,志信,10,0,10,福邦證券,2024-07-18,6480
3081,聯亞,10,0,10,福邦證券,2024-07-18,6480
3357,臺慶科,10,0,10,福邦證券,2024-07-18,6480
5244,弘凱,10,0,10,福邦證券,2024-07-18,6480
6164,華興,10,0,10,福邦證券,2024-07-18,6480
00679B,元大美債20年,382,0,382,福邦證券,2024-07-19,6480
6005,群益證,332,0,332,福邦證券,2024-07-19,6480
6026,福邦證,160,0,160,福邦證券,2024-07-19,6480
6462,神盾,160,2,158,福邦證券,2024-07-19,6480
6021,美好證,116,0,116,福邦證券,2024-07-19,6480
2362,藍天,115,0,115,福邦證券,2024-07-19,6480
5452,佶優,117,4,113,福邦證券,2024-07-19,6480
3455,由田,100,0,100,福邦證券,2024-07-19,6480
1456,怡華,60,0,60,福邦證券,2024-07-19,6480
3339,泰谷,66,6,60,福邦證券,2024-07-19,6480
00946,群益科技高息成長,53,0,53,福邦證券,2024-07-19,6480
2258,鴻華先進-創,46,0,46,福邦證券,2024-07-19,6480
5234,達興材料,45,3,42,福邦證券,2024-07-19,6480
3710,連展投控,40,0,40,福邦證券,2024-07-19,6480
1586,和勤,39,0,39,福邦證券,2024-07-19,6480
5371,中光電,32,0,32,福邦證券,2024-07-19,6480
00919,群益台灣精選高息,31,1,30,福邦證券,2024-07-19,6480
2609,陽明,31,1,30,福邦證券,2024-07-19,6480
3706,神達,30,2,28,福邦證券,2024-07-19,6480
6679,鈺太,27,1,26,福邦證券,2024-07-19,6480
1519,華城,35,10,25,福邦證券,2024-07-19,6480
00881,國泰台灣5G+,19,0,19,福邦證券,2024-07-19,6480
00918,大華優利高填息30,15,0,15,福邦證券,2024-07-19,6480
2353,宏��,15,0,15,福邦證券,2024-07-19,6480
2444,兆勁,15,0,15,福邦證券,2024-07-19,6480
2597,潤弘,16,1,15,福邦證券,2024-07-19,6480
2867,三商壽,20,5,15,福邦證券,2024-07-19,6480
2883,凱基金,15,0,15,福邦證券,2024-07-19,6480
3518,柏騰,15,0,15,福邦證券,2024-07-19,6480
00631L,元大台灣50正2,14,0,14,福邦證券,2024-07-19,6480
0056,元大高股息,14,0,14,福邦證券,2024-07-19,6480
3673,TPK-KY,34,20,14,福邦證券,2024-07-19,6480
1414,東和,13,0,13,福邦證券,2024-07-19,6480
3058,立德,13,0,13,福邦證券,2024-07-19,6480
5439,高技,13,0,13,福邦證券,2024-07-19,6480
00929,復華台灣科技優息,22,10,12,福邦證券,2024-07-19,6480
00937B,群益ESG投等債20,11,0,11,福邦證券,2024-07-19,6480
2365,昆盈,15,4,11,福邦證券,2024-07-19,6480
2489,瑞軒,11,0,11,福邦證券,2024-07-19,6480
2882,國泰金,10,0,10,福邦證券,2024-07-19,6480
00687B,國泰20年美債,10,0,10,福邦證券,2024-07-19,6480
2349,錸德,10,0,10,福邦證券,2024-07-19,6480
3296,勝德,10,0,10,福邦證券,2024-07-19,6480
3321,同泰,10,0,10,福邦證券,2024-07-19,6480
8091,翔名,10,0,10,福邦證券,2024-07-19,6480
8104,錸寶,10,0,10,福邦證券,2024-07-19,6480
8261,富鼎,10,0,10,福邦證券,2024-07-19,6480
8938,明安,10,0,10,福邦證券,2024-07-19,6480
3037,欣興,9,0,9,福邦證券,2024-07-19,6480
6279,胡連,10,1,9,福邦證券,2024-07-19,6480
00679B,元大美債20年,4802,0,4802,福邦證券,2024-07-22,6480
2886,兆豐金,200,0,200,福邦證券,2024-07-22,6480
5876,上海商銀,150,0,150,福邦證券,2024-07-22,6480
2408,南亞科,140,0,140,福邦證券,2024-07-22,6480
6026,福邦證,139,5,134,福邦證券,2024-07-22,6480
3324,雙鴻,113,1,112,福邦證券,2024-07-22,6480
3710,連展投控,90,0,90,福邦證券,2024-07-22,6480
8255,朋程,90,0,90,福邦證券,2024-07-22,6480
2891,中信金,82,0,82,福邦證券,2024-07-22,6480
00946,群益科技高息成長,63,0,63,福邦證券,2024-07-22,6480
2330,台積電,153,100,53,福邦證券,2024-07-22,6480
3596,智易,53,0,53,福邦證券,2024-07-22,6480
1586,和勤,48,2,46,福邦證券,2024-07-22,6480
5234,達興材料,40,0,40,福邦證券,2024-07-22,6480
6449,鈺邦,39,0,39,福邦證券,2024-07-22,6480
6679,鈺太,34,0,34,福邦證券,2024-07-22,6480
2362,藍天,32,0,32,福邦證券,2024-07-22,6480
5371,中光電,32,0,32,福邦證券,2024-07-22,6480
2376,技嘉,30,0,30,福邦證券,2024-07-22,6480
00929,復華台灣科技優息,38,10,28,福邦證券,2024-07-22,6480
1504,東元,25,0,25,福邦證券,2024-07-22,6480
2049,上銀,25,0,25,福邦證券,2024-07-22,6480
00919,群益台灣精選高息,30,6,24,福邦證券,2024-07-22,6480
2597,潤弘,24,0,24,福邦證券,2024-07-22,6480
3481,群創,23,1,22,福邦證券,2024-07-22,6480
1605,華新,20,0,20,福邦證券,2024-07-22,6480
3289,宜特,20,0,20,福邦證券,2024-07-22,6480
6863,永道-KY,20,0,20,福邦證券,2024-07-22,6480
00940,元大台灣價值高息,39,20,19,福邦證券,2024-07-22,6480
6901,鑽石投資,22,5,17,福邦證券,2024-07-22,6480
2645,長榮航太,15,0,15,福邦證券,2024-07-22,6480
2884,玉山金,15,0,15,福邦證券,2024-07-22,6480
8091,翔名,15,0,15,福邦證券,2024-07-22,6480
2888,新光金,15,1,14,福邦證券,2024-07-22,6480
6021,美好證,14,0,14,福邦證券,2024-07-22,6480
1513,中興電,14,1,13,福邦證券,2024-07-22,6480
2371,大同,15,2,13,福邦證券,2024-07-22,6480
3016,嘉晶,13,0,13,福邦證券,2024-07-22,6480
3673,TPK-KY,14,1,13,福邦證券,2024-07-22,6480
2489,瑞軒,12,0,12,福邦證券,2024-07-22,6480
5512,力麒,166,154,12,福邦證券,2024-07-22,6480
6669,緯穎,12,0,12,福邦證券,2024-07-22,6480
6806,森崴能源,25,13,12,福邦證券,2024-07-22,6480
2409,友達,31,20,11,福邦證券,2024-07-22,6480
3518,柏騰,13,2,11,福邦證券,2024-07-22,6480
8473,山林水,23,12,11,福邦證券,2024-07-22,6480
00937B,群益ESG投等債20,14,4,10,福邦證券,2024-07-22,6480
2228,劍麟,10,0,10,福邦證券,2024-07-22,6480
2351,順德,10,0,10,福邦證券,2024-07-22,6480
5609,中菲行,10,0,10,福邦證券,2024-07-22,6480
3045,台灣大,500,0,500,福邦證券,2024-07-23,6480
1609,大亞,402,0,402,福邦證券,2024-07-23,6480
2888,新光金,316,5,311,福邦證券,2024-07-23,6480
2382,廣達,235,0,235,福邦證券,2024-07-23,6480
4904,遠傳,214,0,214,福邦證券,2024-07-23,6480
3013,晟銘電,206,0,206,福邦證券,2024-07-23,6480
8085,福華,175,10,165,福邦證券,2024-07-23,6480
00632R,元大台灣50反1,140,0,140,福邦證券,2024-07-23,6480
2408,南亞科,115,0,115,福邦證券,2024-07-23,6480
2344,華邦電,50,0,50,福邦證券,2024-07-23,6480
00753L,中信中國50正2,40,0,40,福邦證券,2024-07-23,6480
3443,創意,40,0,40,福邦證券,2024-07-23,6480
1477,聚陽,39,0,39,福邦證券,2024-07-23,6480
1586,和勤,39,5,34,福邦證券,2024-07-23,6480
3481,群創,37,6,31,福邦證券,2024-07-23,6480
3211,順達,32,2,30,福邦證券,2024-07-23,6480
8096,擎亞,32,2,30,福邦證券,2024-07-23,6480
2345,智邦,28,0,28,福邦證券,2024-07-23,6480
3522,御嵿,30,4,26,福邦證券,2024-07-23,6480
2353,宏��,25,0,25,福邦證券,2024-07-23,6480
00934,中信成長高股息,20,0,20,福邦證券,2024-07-23,6480
2454,聯發科,20,0,20,福邦證券,2024-07-23,6480
6284,佳邦,20,1,19,福邦證券,2024-07-23,6480
2881,富邦金,18,0,18,福邦證券,2024-07-23,6480
8103,瀚荃,20,3,17,福邦證券,2024-07-23,6480
00633L,富邦上証正2,40,25,15,福邦證券,2024-07-23,6480
8431,匯鑽科,15,0,15,福邦證券,2024-07-23,6480
3062,建漢,13,0,13,福邦證券,2024-07-23,6480
00919,群益台灣精選高息,12,0,12,福邦證券,2024-07-23,6480
8089,康全電訊,12,0,12,福邦證券,2024-07-23,6480
2317,鴻海,19,8,11,福邦證券,2024-07-23,6480
6491,晶碩,11,0,11,福邦證券,2024-07-23,6480
00795B,中信美國公債20年,10,0,10,福邦證券,2024-07-23,6480
2351,順德,10,0,10,福邦證券,2024-07-23,6480
3706,神達,10,0,10,福邦證券,2024-07-23,6480
6125,廣運,11,1,10,福邦證券,2024-07-23,6480
6164,華興,10,0,10,福邦證券,2024-07-23,6480
2377,微星,9,0,9,福邦證券,2024-07-23,6480
5234,達興材料,10,1,9,福邦證券,2024-07-23,6480
8358,金居,9,0,9,福邦證券,2024-07-23,6480
3576,聯合再生,8,0,8,福邦證券,2024-07-23,6480
6216,居易,8,0,8,福邦證券,2024-07-23,6480
00948B,中信優息投資級債,7,0,7,福邦證券,2024-07-23,6480
2438,翔耀,7,0,7,福邦證券,2024-07-23,6480
3047,訊舟,7,0,7,福邦證券,2024-07-23,6480
6806,森崴能源,9,2,7,福邦證券,2024-07-23,6480
1513,中興電,12,6,6,福邦證券,2024-07-23,6480
00937B,群益ESG投等債20,6,0,6,福邦證券,2024-07-23,6480
00929,復華台灣科技優息,6,0,6,福邦證券,2024-07-23,6480
2314,台揚,6,0,6,福邦證券,2024-07-23,6480
2891,中信金,637,0,637,福邦證券,2024-07-26,6480
2347,聯強,490,0,490,福邦證券,2024-07-26,6480
3231,緯創,487,0,487,福邦證券,2024-07-26,6480
3005,神基,450,0,450,福邦證券,2024-07-26,6480
2377,微星,325,8,317,福邦證券,2024-07-26,6480
2408,南亞科,155,0,155,福邦證券,2024-07-26,6480
2330,台積電,121,3,118,福邦證券,2024-07-26,6480
2451,創見,60,0,60,福邦證券,2024-07-26,6480
2376,技嘉,51,0,51,福邦證券,2024-07-26,6480
00687B,國泰20年美債,45,0,45,福邦證券,2024-07-26,6480
5452,佶優,55,10,45,福邦證券,2024-07-26,6480
3596,智易,40,0,40,福邦證券,2024-07-26,6480
5284,jpp-KY,40,0,40,福邦證券,2024-07-26,6480
3036,文曄,31,0,31,福邦證券,2024-07-26,6480
00919,群益台灣精選高息,29,0,29,福邦證券,2024-07-26,6480
00751B,元大AAA至A公司債,26,0,26,福邦證券,2024-07-26,6480
2027,大成鋼,30,8,22,福邦證券,2024-07-26,6480
3017,奇鋐,24,3,21,福邦證券,2024-07-26,6480
2597,潤弘,20,0,20,福邦證券,2024-07-26,6480
00720B,元大投資級公司債,19,0,19,福邦證券,2024-07-26,6480
3711,日月光投控,20,2,18,福邦證券,2024-07-26,6480
2607,榮運,15,1,14,福邦證券,2024-07-26,6480
3047,訊舟,14,1,13,福邦證券,2024-07-26,6480
6462,神盾,12,0,12,福邦證券,2024-07-26,6480
00940,元大台灣價值高息,11,0,11,福邦證券,2024-07-26,6480
00949,復華日本龍頭,11,0,11,福邦證券,2024-07-26,6480
00934,中信成長高股息,10,0,10,福邦證券,2024-07-26,6480
2351,順德,10,0,10,福邦證券,2024-07-26,6480
2353,宏��,10,0,10,福邦證券,2024-07-26,6480
2634,漢翔,10,0,10,福邦證券,2024-07-26,6480
6152,百一,10,0,10,福邦證券,2024-07-26,6480
6509,聚和,10,0,10,福邦證券,2024-07-26,6480
8021,尖點,10,0,10,福邦證券,2024-07-26,6480
00948B,中信優息投資級債,8,0,8,福邦證券,2024-07-26,6480
2313,華通,8,0,8,福邦證券,2024-07-26,6480
6683,雍智科技,10,2,8,福邦證券,2024-07-26,6480
2317,鴻海,7,0,7,福邦證券,2024-07-26,6480
00679B,元大美債20年,6,0,6,福邦證券,2024-07-26,6480
1609,大亞,7,1,6,福邦證券,2024-07-26,6480
2349,錸德,6,0,6,福邦證券,2024-07-26,6480
2885,元大金,6,0,6,福邦證券,2024-07-26,6480
3296,勝德,6,0,6,福邦證券,2024-07-26,6480
00762,元大全球AI,5,0,5,福邦證券,2024-07-26,6480
00929,復華台灣科技優息,26,21,5,福邦證券,2024-07-26,6480
1101,台泥,5,0,5,福邦證券,2024-07-26,6480
1736,喬山,5,0,5,福邦證券,2024-07-26,6480
2542,興富發,5,0,5,福邦證券,2024-07-26,6480
2867,三商壽,5,0,5,福邦證券,2024-07-26,6480
3580,友威科,5,0,5,福邦證券,2024-07-26,6480
3605,宏致,5,0,5,福邦證券,2024-07-26,6480
2303,聯電,707,0,707,福邦證券,2024-07-29,6480
2382,廣達,353,0,353,福邦證券,2024-07-29,6480
3711,日月光投控,191,0,191,福邦證券,2024-07-29,6480
6462,神盾,163,0,163,福邦證券,2024-07-29,6480
2888,新光金,138,5,133,福邦證券,2024-07-29,6480
6679,鈺太,67,2,65,福邦證券,2024-07-29,6480
00650L,復華香港正2,50,0,50,福邦證券,2024-07-29,6480
3003,健和興,50,0,50,福邦證券,2024-07-29,6480
3321,同泰,50,0,50,福邦證券,2024-07-29,6480
8084,巨虹,40,0,40,福邦證券,2024-07-29,6480
00929,復華台灣科技優息,35,0,35,福邦證券,2024-07-29,6480
4739,康普,33,0,33,福邦證券,2024-07-29,6480
8227,巨有科技,80,47,33,福邦證券,2024-07-29,6480
2454,聯發科,30,0,30,福邦證券,2024-07-29,6480
2881,富邦金,30,1,29,福邦證券,2024-07-29,6480
5284,jpp-KY,53,24,29,福邦證券,2024-07-29,6480
1449,佳和,25,0,25,福邦證券,2024-07-29,6480
2314,台揚,24,0,24,福邦證券,2024-07-29,6480
8215,明基材,24,0,24,福邦證券,2024-07-29,6480
1586,和勤,22,0,22,福邦證券,2024-07-29,6480
3346,麗清,22,0,22,福邦證券,2024-07-29,6480
6789,采鈺,22,0,22,福邦證券,2024-07-29,6480
2867,三商壽,25,4,21,福邦證券,2024-07-29,6480
3481,群創,23,2,21,福邦證券,2024-07-29,6480
1504,東元,20,0,20,福邦證券,2024-07-29,6480
1215,卜蜂,20,0,20,福邦證券,2024-07-29,6480
2438,翔耀,30,10,20,福邦證券,2024-07-29,6480
2597,潤弘,20,0,20,福邦證券,2024-07-29,6480
3047,訊舟,20,0,20,福邦證券,2024-07-29,6480
00940,元大台灣價值高息,19,0,19,福邦證券,2024-07-29,6480
2520,冠德,15,0,15,福邦證券,2024-07-29,6480
3289,宜特,15,0,15,福邦證券,2024-07-29,6480
2313,華通,14,0,14,福邦證券,2024-07-29,6480
2409,友達,26,13,13,福邦證券,2024-07-29,6480
3706,神達,12,0,12,福邦證券,2024-07-29,6480
5263,智崴,11,0,11,福邦證券,2024-07-29,6480
1605,華新,10,0,10,福邦證券,2024-07-29,6480
00642U,期元大S＆P石油,10,0,10,福邦證券,2024-07-29,6480
2356,英業達,10,0,10,福邦證券,2024-07-29,6480
2537,聯上發,10,0,10,福邦證券,2024-07-29,6480
2542,興富發,10,0,10,福邦證券,2024-07-29,6480
2609,陽明,10,0,10,福邦證券,2024-07-29,6480
2905,三商,10,0,10,福邦證券,2024-07-29,6480
3037,欣興,10,0,10,福邦證券,2024-07-29,6480
4571,鈞興-KY,10,0,10,福邦證券,2024-07-29,6480
4958,臻鼎-KY,10,0,10,福邦證券,2024-07-29,6480
6126,信音,10,0,10,福邦證券,2024-07-29,6480
6216,居易,10,0,10,福邦證券,2024-07-29,6480
4303,信立,15,6,9,福邦證券,2024-07-29,6480
6120,達運,24,15,9,福邦證券,2024-07-29,6480
3167,大量,200,0,200,福邦證券,2024-07-30,6480
3090,日電貿,195,0,195,福邦證券,2024-07-30,6480
00929,復華台灣科技優息,116,0,116,福邦證券,2024-07-30,6480
2516,新建,80,0,80,福邦證券,2024-07-30,6480
5284,jpp-KY,78,0,78,福邦證券,2024-07-30,6480
2049,上銀,55,0,55,福邦證券,2024-07-30,6480
5371,中光電,52,0,52,福邦證券,2024-07-30,6480
00715L,期街口布蘭特正2,51,0,51,福邦證券,2024-07-30,6480
2536,宏普,50,0,50,福邦證券,2024-07-30,6480
2597,潤弘,30,0,30,福邦證券,2024-07-30,6480
1727,中華化,25,0,25,福邦證券,2024-07-30,6480
2528,皇普,25,0,25,福邦證券,2024-07-30,6480
5213,亞昕,25,0,25,福邦證券,2024-07-30,6480
00720B,元大投資級公司債,31,10,21,福邦證券,2024-07-30,6480
6679,鈺太,25,4,21,福邦證券,2024-07-30,6480
5508,永信建,21,1,20,福邦證券,2024-07-30,6480
6026,福邦證,27,7,20,福邦證券,2024-07-30,6480
1522,堤維西,18,0,18,福邦證券,2024-07-30,6480
00919,群益台灣精選高息,22,5,17,福邦證券,2024-07-30,6480
00937B,群益ESG投等債20,17,0,17,福邦證券,2024-07-30,6480
2330,台積電,13,3,10,福邦證券,2024-07-30,6480
1449,佳和,10,0,10,福邦證券,2024-07-30,6480
00772B,中信高評級公司債,10,0,10,福邦證券,2024-07-30,6480
2029,盛餘,10,0,10,福邦證券,2024-07-30,6480
2353,宏��,10,0,10,福邦證券,2024-07-30,6480
2438,翔耀,15,5,10,福邦證券,2024-07-30,6480
2472,立隆電,10,0,10,福邦證券,2024-07-30,6480
2881,富邦金,10,0,10,福邦證券,2024-07-30,6480
3163,波若威,183,173,10,福邦證券,2024-07-30,6480
6216,居易,10,0,10,福邦證券,2024-07-30,6480
0056,元大高股息,9,0,9,福邦證券,2024-07-30,6480
3234,光環,9,0,9,福邦證券,2024-07-30,6480
2891,中信金,8,0,8,福邦證券,2024-07-30,6480
1586,和勤,9,2,7,福邦證券,2024-07-30,6480
1736,喬山,6,0,6,福邦證券,2024-07-30,6480
00878,國泰永續高股息,6,0,6,福邦證券,2024-07-30,6480
2882,國泰金,6,0,6,福邦證券,2024-07-30,6480
3346,麗清,6,0,6,福邦證券,2024-07-30,6480
2383,台光電,5,0,5,福邦證券,2024-07-30,6480
3105,穩懋,5,0,5,福邦證券,2024-07-30,6480
4572,駐龍,5,0,5,福邦證券,2024-07-30,6480
6789,采鈺,5,0,5,福邦證券,2024-07-30,6480
2442,新美齊,4,0,4,福邦證券,2024-07-30,6480
2363,矽統,4,0,4,福邦證券,2024-07-30,6480
2867,三商壽,9,5,4,福邦證券,2024-07-30,6480
3703,欣陸,4,0,4,福邦證券,2024-07-30,6480
3711,日月光投控,4,0,4,福邦證券,2024-07-30,6480
4105,東洋,4,0,4,福邦證券,2024-07-30,6480
1503,士電,4,1,3,福邦證券,2024-07-30,6480
00946,群益科技高息成長,3,0,3,福邦證券,2024-07-30,6480
2610,華航,228,0,228,福邦證券,2024-07-31,6480
2888,新光金,250,72,178,福邦證券,2024-07-31,6480
8028,昇陽半導體,160,2,158,福邦證券,2024-07-31,6480
1586,和勤,134,0,134,福邦證券,2024-07-31,6480
3481,群創,215,95,120,福邦證券,2024-07-31,6480
3167,大量,100,0,100,福邦證券,2024-07-31,6480
1409,新纖,90,0,90,福邦證券,2024-07-31,6480
00706L,期元大S＆P日圓正2,80,0,80,福邦證券,2024-07-31,6480
2516,新建,80,0,80,福邦證券,2024-07-31,6480
00680L,元大美債20正2,60,0,60,福邦證券,2024-07-31,6480
2905,三商,55,5,50,福邦證券,2024-07-31,6480
3003,健和興,50,0,50,福邦證券,2024-07-31,6480
2049,上銀,40,0,40,福邦證券,2024-07-31,6480
2536,宏普,40,0,40,福邦證券,2024-07-31,6480
1528,恩德,30,0,30,福邦證券,2024-07-31,6480
6177,達麗,30,3,27,福邦證券,2024-07-31,6480
1605,華新,22,0,22,福邦證券,2024-07-31,6480
6026,福邦證,52,30,22,福邦證券,2024-07-31,6480
2881,富邦金,20,0,20,福邦證券,2024-07-31,6480
5284,jpp-KY,18,0,18,福邦證券,2024-07-31,6480
2442,新美齊,15,0,15,福邦證券,2024-07-31,6480
0056,元大高股息,13,0,13,福邦證券,2024-07-31,6480
00632R,元大台灣50反1,150,140,10,福邦證券,2024-07-31,6480
00720B,元大投資級公司債,10,0,10,福邦證券,2024-07-31,6480
6216,居易,10,0,10,福邦證券,2024-07-31,6480
8103,瀚荃,12,2,10,福邦證券,2024-07-31,6480
8358,金居,10,0,10,福邦證券,2024-07-31,6480
9945,潤泰新,11,1,10,福邦證券,2024-07-31,6480
3312,弘憶股,12,3,9,福邦證券,2024-07-31,6480
6679,鈺太,9,0,9,福邦證券,2024-07-31,6480
2357,華碩,8,0,8,福邦證券,2024-07-31,6480
2397,友通,8,0,8,福邦證券,2024-07-31,6480
3673,TPK-KY,10,2,8,福邦證券,2024-07-31,6480
6683,雍智科技,8,0,8,福邦證券,2024-07-31,6480
00893,國泰智能電動車,7,0,7,福邦證券,2024-07-31,6480
5508,永信建,6,0,6,福邦證券,2024-07-31,6480
6015,宏遠證,6,0,6,福邦證券,2024-07-31,6480
6141,柏承,8,2,6,福邦證券,2024-07-31,6480
6215,和椿,7,1,6,福邦證券,2024-07-31,6480
00891,中信關鍵半導體,5,0,5,福邦證券,2024-07-31,6480
00878,國泰永續高股息,5,0,5,福邦證券,2024-07-31,6480
00919,群益台灣精選高息,10,5,5,福邦證券,2024-07-31,6480
00929,復華台灣科技優息,5,0,5,福邦證券,2024-07-31,6480
2308,台達電,8,3,5,福邦證券,2024-07-31,6480
3008,大立光,5,0,5,福邦證券,2024-07-31,6480
5432,新門,5,0,5,福邦證券,2024-07-31,6480
5481,新華,5,0,5,福邦證券,2024-07-31,6480
6269,台郡,5,0,5,福邦證券,2024-07-31,6480
8064,東捷,5,0,5,福邦證券,2024-07-31,6480
1414,東和,4,0,4,福邦證券,2024-07-31,6480
2516,新建,235,0,235,福邦證券,2024-08-01,6480
2449,京元電子,80,1,79,福邦證券,2024-08-01,6480
2634,漢翔,47,0,47,福邦證券,2024-08-01,6480
3665,貿聯-KY,50,4,46,福邦證券,2024-08-01,6480
2368,金像電,39,0,39,福邦證券,2024-08-01,6480
2888,新光金,65,28,37,福邦證券,2024-08-01,6480
3037,欣興,38,1,37,福邦證券,2024-08-01,6480
2610,華航,50,15,35,福邦證券,2024-08-01,6480
00753L,中信中國50正2,30,0,30,福邦證券,2024-08-01,6480
00655L,國泰中國A50正2,20,0,20,福邦證券,2024-08-01,6480
2362,藍天,20,0,20,福邦證券,2024-08-01,6480
2881,富邦金,20,0,20,福邦證券,2024-08-01,6480
4129,聯合,20,0,20,福邦證券,2024-08-01,6480
4714,永捷,20,0,20,福邦證券,2024-08-01,6480
4909,新復興,18,0,18,福邦證券,2024-08-01,6480
00937B,群益ESG投等債20,16,0,16,福邦證券,2024-08-01,6480
6239,力成,16,0,16,福邦證券,2024-08-01,6480
1786,科妍,15,0,15,福邦證券,2024-08-01,6480
4720,德淵,15,0,15,福邦證券,2024-08-01,6480
3047,訊舟,27,13,14,福邦證券,2024-08-01,6480
1586,和勤,23,10,13,福邦證券,2024-08-01,6480
3587,閎康,13,0,13,福邦證券,2024-08-01,6480
3167,大量,12,0,12,福邦證券,2024-08-01,6480
1453,大將,10,0,10,福邦證券,2024-08-01,6480
2301,光寶科,10,0,10,福邦證券,2024-08-01,6480
2597,潤弘,10,0,10,福邦證券,2024-08-01,6480
2614,東森,10,0,10,福邦證券,2024-08-01,6480
3450,聯鈞,10,0,10,福邦證券,2024-08-01,6480
8011,台通,11,1,10,福邦證券,2024-08-01,6480
00715L,期街口布蘭特正2,15,6,9,福邦證券,2024-08-01,6480
2439,美律,9,0,9,福邦證券,2024-08-01,6480
2337,旺宏,17,9,8,福邦證券,2024-08-01,6480
3481,群創,10,2,8,福邦證券,2024-08-01,6480
2486,一詮,9,2,7,福邦證券,2024-08-01,6480
00905,FT臺灣Smart,6,0,6,福邦證券,2024-08-01,6480
2059,川湖,5,0,5,福邦證券,2024-08-01,6480
2884,玉山金,5,0,5,福邦證券,2024-08-01,6480
3013,晟銘電,8,3,5,福邦證券,2024-08-01,6480
3691,碩禾,5,0,5,福邦證券,2024-08-01,6480
6170,統振,5,0,5,福邦證券,2024-08-01,6480
2317,鴻海,7,3,4,福邦證券,2024-08-01,6480
5386,青雲,5,1,4,福邦證券,2024-08-01,6480
5443,均豪,7,3,4,福邦證券,2024-08-01,6480
1467,南緯,3,0,3,福邦證券,2024-08-01,6480
00945B,凱基美國非投等債,3,0,3,福邦證券,2024-08-01,6480
2382,廣達,9,6,3,福邦證券,2024-08-01,6480
2383,台光電,3,0,3,福邦證券,2024-08-01,6480
3322,建舜電,3,0,3,福邦證券,2024-08-01,6480
4746,台耀,3,0,3,福邦證券,2024-08-01,6480
6125,廣運,4,1,3,福邦證券,2024-08-01,6480
00940,元大台灣價值高息,143,0,143,福邦證券,2024-08-02,6480
2888,新光金,205,69,136,福邦證券,2024-08-02,6480
2516,新建,116,0,116,福邦證券,2024-08-02,6480
2317,鴻海,84,1,83,福邦證券,2024-08-02,6480
00725B,國泰投資級公司債,60,0,60,福邦證券,2024-08-02,6480
2515,中工,57,6,51,福邦證券,2024-08-02,6480
00951,台新日本半導體,50,0,50,福邦證券,2024-08-02,6480
6026,福邦證,48,0,48,福邦證券,2024-08-02,6480
00878,國泰永續高股息,39,0,39,福邦證券,2024-08-02,6480
2383,台光電,35,0,35,福邦證券,2024-08-02,6480
5225,東科-KY,35,0,35,福邦證券,2024-08-02,6480
5519,隆大,34,1,33,福邦證券,2024-08-02,6480
1605,華新,30,0,30,福邦證券,2024-08-02,6480
2476,鉅祥,30,0,30,福邦證券,2024-08-02,6480
6274,台燿,30,0,30,福邦證券,2024-08-02,6480
4533,協易機,30,1,29,福邦證券,2024-08-02,6480
6679,鈺太,28,1,27,福邦證券,2024-08-02,6480
1609,大亞,27,1,26,福邦證券,2024-08-02,6480
2371,大同,25,0,25,福邦證券,2024-08-02,6480
6264,富裔,25,0,25,福邦證券,2024-08-02,6480
00934,中信成長高股息,23,0,23,福邦證券,2024-08-02,6480
2867,三商壽,22,0,22,福邦證券,2024-08-02,6480
00918,大華優利高填息30,21,0,21,福邦證券,2024-08-02,6480
2049,上銀,20,0,20,福邦證券,2024-08-02,6480
2597,潤弘,18,0,18,福邦證券,2024-08-02,6480
00929,復華台灣科技優息,16,0,16,福邦證券,2024-08-02,6480
1504,東元,16,0,16,福邦證券,2024-08-02,6480
00881,國泰台灣5G+,35,20,15,福邦證券,2024-08-02,6480
3058,立德,14,0,14,福邦證券,2024-08-02,6480
2330,台積電,24,13,11,福邦證券,2024-08-02,6480
00919,群益台灣精選高息,21,10,11,福邦證券,2024-08-02,6480
00941,中信上游半導體,11,0,11,福邦證券,2024-08-02,6480
2408,南亞科,11,0,11,福邦證券,2024-08-02,6480
00948B,中信優息投資級債,10,0,10,福邦證券,2024-08-02,6480
3231,緯創,10,0,10,福邦證券,2024-08-02,6480
3346,麗清,10,0,10,福邦證券,2024-08-02,6480
4534,慶騰,10,0,10,福邦證券,2024-08-02,6480
5452,佶優,10,0,10,福邦證券,2024-08-02,6480
6216,居易,10,0,10,福邦證券,2024-08-02,6480
3013,晟銘電,9,0,9,福邦證券,2024-08-02,6480
00664R,國泰臺灣加權反1,7,0,7,福邦證券,2024-08-02,6480
2258,鴻華先進-創,9,2,7,福邦證券,2024-08-02,6480
2353,宏��,7,0,7,福邦證券,2024-08-02,6480
2409,友達,15,8,7,福邦證券,2024-08-02,6480
5439,高技,9,2,7,福邦證券,2024-08-02,6480
8227,巨有科技,8,1,7,福邦證券,2024-08-02,6480
2308,台達電,7,0,7,福邦證券,2024-08-02,6480
00640L,富邦日本正2,51,45,6,福邦證券,2024-08-02,6480
2369,菱生,6,0,6,福邦證券,2024-08-02,6480
2382,廣達,6,0,6,福邦證券,2024-08-02,6480
00929,復華台灣科技優息,784,12,772,福邦證券,2024-08-05,6480
00940,元大台灣價值高息,270,3,267,福邦證券,2024-08-05,6480
2330,台積電,270,13,257,福邦證券,2024-08-05,6480
1586,和勤,257,0,257,福邦證券,2024-08-05,6480
3090,日電貿,239,0,239,福邦證券,2024-08-05,6480
2516,新建,200,0,200,福邦證券,2024-08-05,6480
6243,迅杰,189,0,189,福邦證券,2024-08-05,6480
00669R,國泰美國道瓊反1,180,0,180,福邦證券,2024-08-05,6480
2382,廣達,170,20,150,福邦證券,2024-08-05,6480
2867,三商壽,154,29,125,福邦證券,2024-08-05,6480
8171,天宇,110,0,110,福邦證券,2024-08-05,6480
2441,超豐,100,0,100,福邦證券,2024-08-05,6480
00687B,國泰20年美債,100,1,99,福邦證券,2024-08-05,6480
6026,福邦證,98,10,88,福邦證券,2024-08-05,6480
6170,統振,75,0,75,福邦證券,2024-08-05,6480
3289,宜特,70,0,70,福邦證券,2024-08-05,6480
00919,群益台灣精選高息,69,2,67,福邦證券,2024-08-05,6480
00715L,期街口布蘭特正2,63,1,62,福邦證券,2024-08-05,6480
2409,友達,60,0,60,福邦證券,2024-08-05,6480
1536,和大,54,1,53,福邦證券,2024-08-05,6480
1563,巧新,48,0,48,福邦證券,2024-08-05,6480
2362,藍天,48,0,48,福邦證券,2024-08-05,6480
2313,華通,52,6,46,福邦證券,2024-08-05,6480
2002,中鋼,41,0,41,福邦證券,2024-08-05,6480
8213,志超,40,0,40,福邦證券,2024-08-05,6480
00946,群益科技高息成長,37,0,37,福邦證券,2024-08-05,6480
2883,凱基金,36,0,36,福邦證券,2024-08-05,6480
0050,元大台灣50,35,0,35,福邦證券,2024-08-05,6480
2250,IKKA-KY,30,0,30,福邦證券,2024-08-05,6480
6679,鈺太,31,1,30,福邦證券,2024-08-05,6480
2317,鴻海,36,7,29,福邦證券,2024-08-05,6480
00878,國泰永續高股息,38,10,28,福邦證券,2024-08-05,6480
4739,康普,28,1,27,福邦證券,2024-08-05,6480
2379,瑞昱,23,2,21,福邦證券,2024-08-05,6480
2059,川湖,25,5,20,福邦證券,2024-08-05,6480
2809,京城銀,20,0,20,福邦證券,2024-08-05,6480
2905,三商,20,0,20,福邦證券,2024-08-05,6480
3032,偉訓,20,0,20,福邦證券,2024-08-05,6480
6120,達運,19,0,19,福邦證券,2024-08-05,6480
2882,國泰金,18,2,16,福邦證券,2024-08-05,6480
00652,富邦印度,15,0,15,福邦證券,2024-08-05,6480
00640L,富邦日本正2,15,0,15,福邦證券,2024-08-05,6480
2515,中工,15,0,15,福邦證券,2024-08-05,6480
2834,臺企銀,16,2,14,福邦證券,2024-08-05,6480
5481,新華,14,0,14,福邦證券,2024-08-05,6480
00937B,群益ESG投等債20,67,55,12,福邦證券,2024-08-05,6480
2371,大同,30,18,12,福邦證券,2024-08-05,6480
0056,元大高股息,11,0,11,福邦證券,2024-08-05,6480
00933B,國泰10Y+金融債,10,0,10,福邦證券,2024-08-05,6480
00679B,元大美債20年,18,8,10,福邦證券,2024-08-05,6480
1586,和勤,296,6,290,福邦證券,2024-08-06,6480
5434,崇越,153,0,153,福邦證券,2024-08-06,6480
2516,新建,100,0,100,福邦證券,2024-08-06,6480
1312,國喬,70,0,70,福邦證券,2024-08-06,6480
2329,華泰,50,0,50,福邦證券,2024-08-06,6480
2476,鉅祥,49,0,49,福邦證券,2024-08-06,6480
4564,元翎,41,0,41,福邦證券,2024-08-06,6480
6535,順藥,40,3,37,福邦證券,2024-08-06,6480
00715L,期街口布蘭特正2,33,0,33,福邦證券,2024-08-06,6480
6446,藥華藥,30,0,30,福邦證券,2024-08-06,6480
2368,金像電,37,8,29,福邦證券,2024-08-06,6480
00795B,中信美國公債20年,25,0,25,福邦證券,2024-08-06,6480
2250,IKKA-KY,25,0,25,福邦證券,2024-08-06,6480
2597,潤弘,22,0,22,福邦證券,2024-08-06,6480
5011,久陽,20,0,20,福邦證券,2024-08-06,6480
6598,ABC-KY,20,0,20,福邦證券,2024-08-06,6480
8213,志超,20,0,20,福邦證券,2024-08-06,6480
2409,友達,44,25,19,福邦證券,2024-08-06,6480
4739,康普,18,0,18,福邦證券,2024-08-06,6480
3296,勝德,15,0,15,福邦證券,2024-08-06,6480
3293,鈊象,15,1,14,福邦證券,2024-08-06,6480
4129,聯合,12,0,12,福邦證券,2024-08-06,6480
4534,慶騰,12,0,12,福邦證券,2024-08-06,6480
2603,長榮,11,0,11,福邦證券,2024-08-06,6480
3188,鑫龍騰,11,0,11,福邦證券,2024-08-06,6480
4563,百德,11,0,11,福邦證券,2024-08-06,6480
00937B,群益ESG投等債20,31,21,10,福邦證券,2024-08-06,6480
00878,國泰永續高股息,22,12,10,福邦證券,2024-08-06,6480
1727,中華化,10,0,10,福邦證券,2024-08-06,6480
3289,宜特,10,0,10,福邦證券,2024-08-06,6480
3321,同泰,10,0,10,福邦證券,2024-08-06,6480
3346,麗清,10,0,10,福邦證券,2024-08-06,6480
3522,御嵿,10,0,10,福邦證券,2024-08-06,6480
8085,福華,10,0,10,福邦證券,2024-08-06,6480
00679B,元大美債20年,9,0,9,福邦證券,2024-08-06,6480
2727,王品,9,0,9,福邦證券,2024-08-06,6480
3711,日月光投控,41,32,9,福邦證券,2024-08-06,6480
8011,台通,9,0,9,福邦證券,2024-08-06,6480
3324,雙鴻,16,7,9,福邦證券,2024-08-06,6480
00919,群益台灣精選高息,8,0,8,福邦證券,2024-08-06,6480
2883,凱基金,8,0,8,福邦證券,2024-08-06,6480
2301,光寶科,7,0,7,福邦證券,2024-08-06,6480
3017,奇鋐,8,1,7,福邦證券,2024-08-06,6480
4114,健喬,7,0,7,福邦證券,2024-08-06,6480
2515,中工,6,0,6,福邦證券,2024-08-06,6480
3047,訊舟,22,16,6,福邦證券,2024-08-06,6480
3481,群創,6,0,6,福邦證券,2024-08-06,6480
6415,矽力*-KY,7,1,6,福邦證券,2024-08-06,6480
8103,瀚荃,6,0,6,福邦證券,2024-08-06,6480
0056,元大高股息,6,1,5,福邦證券,2024-08-06,6480
2449,京元電子,1200,2,1198,福邦證券,2024-08-07,6480
2610,華航,129,0,129,福邦證券,2024-08-07,6480
3010,華立,101,0,101,福邦證券,2024-08-07,6480
6196,帆宣,100,0,100,福邦證券,2024-08-07,6480
00795B,中信美國公債20年,59,0,59,福邦證券,2024-08-07,6480
3689,湧德,61,2,59,福邦證券,2024-08-07,6480
00679B,元大美債20年,65,10,55,福邦證券,2024-08-07,6480
2888,新光金,60,5,55,福邦證券,2024-08-07,6480
00632R,元大台灣50反1,50,0,50,福邦證券,2024-08-07,6480
3305,昇貿,50,0,50,福邦證券,2024-08-07,6480
8464,億豐,44,0,44,福邦證券,2024-08-07,6480
2458,義隆,43,0,43,福邦證券,2024-08-07,6480
1736,喬山,40,0,40,福邦證券,2024-08-07,6480
6491,晶碩,39,0,39,福邦證券,2024-08-07,6480
3032,偉訓,37,2,35,福邦證券,2024-08-07,6480
6669,緯穎,28,3,25,福邦證券,2024-08-07,6480
00881,國泰台灣5G+,23,0,23,福邦證券,2024-08-07,6480
3339,泰谷,22,0,22,福邦證券,2024-08-07,6480
2323,中環,20,0,20,福邦證券,2024-08-07,6480
2327,國巨,20,0,20,福邦證券,2024-08-07,6480
2382,廣達,22,2,20,福邦證券,2024-08-07,6480
5521,工信,20,0,20,福邦證券,2024-08-07,6480
4551,智伸科,21,5,16,福邦證券,2024-08-07,6480
00919,群益台灣精選高息,12,0,12,福邦證券,2024-08-07,6480
00751B,元大AAA至A公司債,12,0,12,福邦證券,2024-08-07,6480
2615,萬海,14,2,12,福邦證券,2024-08-07,6480
3189,景碩,20,8,12,福邦證券,2024-08-07,6480
00687B,國泰20年美債,11,0,11,福邦證券,2024-08-07,6480
00937B,群益ESG投等債20,40,29,11,福邦證券,2024-08-07,6480
00949,復華日本龍頭,10,0,10,福邦證券,2024-08-07,6480
2317,鴻海,210,200,10,福邦證券,2024-08-07,6480
2885,元大金,12,2,10,福邦證券,2024-08-07,6480
3026,禾伸堂,10,0,10,福邦證券,2024-08-07,6480
5213,亞昕,10,0,10,福邦證券,2024-08-07,6480
5234,達興材料,10,0,10,福邦證券,2024-08-07,6480
5481,新華,10,0,10,福邦證券,2024-08-07,6480
6446,藥華藥,10,0,10,福邦證券,2024-08-07,6480
8358,金居,10,0,10,福邦證券,2024-08-07,6480
5871,中租-KY,8,0,8,福邦證券,2024-08-07,6480
1513,中興電,10,2,8,福邦證券,2024-08-07,6480
00934,中信成長高股息,8,0,8,福邦證券,2024-08-07,6480
9945,潤泰新,8,0,8,福邦證券,2024-08-07,6480
00929,復華台灣科技優息,10,3,7,福邦證券,2024-08-07,6480
1522,堤維西,6,0,6,福邦證券,2024-08-07,6480
2258,鴻華先進-創,9,3,6,福邦證券,2024-08-07,6480
8085,福華,18,12,6,福邦證券,2024-08-07,6480
00764B,群益25年美債,5,0,5,福邦證券,2024-08-07,6480
2204,中華,5,0,5,福邦證券,2024-08-07,6480
2506,太設,5,0,5,福邦證券,2024-08-07,6480
3024,憶聲,5,0,5,福邦證券,2024-08-07,6480
1402,遠東新,1100,0,1100,福邦證券,2024-08-08,6480
3711,日月光投控,601,0,601,福邦證券,2024-08-08,6480
2258,鴻華先進-創,346,3,343,福邦證券,2024-08-08,6480
3710,連展投控,170,0,170,福邦證券,2024-08-08,6480
6196,帆宣,110,0,110,福邦證券,2024-08-08,6480
2421,建準,85,0,85,福邦證券,2024-08-08,6480
1477,聚陽,76,0,76,福邦證券,2024-08-08,6480
4561,健椿,70,0,70,福邦證券,2024-08-08,6480
6488,環球晶,70,0,70,福邦證券,2024-08-08,6480
3036,文曄,50,0,50,福邦證券,2024-08-08,6480
2597,潤弘,42,0,42,福邦證券,2024-08-08,6480
00679B,元大美債20年,41,0,41,福邦證券,2024-08-08,6480
3450,聯鈞,40,1,39,福邦證券,2024-08-08,6480
0056,元大高股息,35,0,35,福邦證券,2024-08-08,6480
1590,亞德客-KY,35,0,35,福邦證券,2024-08-08,6480
2382,廣達,35,2,33,福邦證券,2024-08-08,6480
1597,直得,33,2,31,福邦證券,2024-08-08,6480
00751B,元大AAA至A公司債,29,0,29,福邦證券,2024-08-08,6480
00929,復華台灣科技優息,33,10,23,福邦證券,2024-08-08,6480
00795B,中信美國公債20年,23,0,23,福邦證券,2024-08-08,6480
2317,鴻海,219,200,19,福邦證券,2024-08-08,6480
00720B,元大投資級公司債,28,10,18,福邦證券,2024-08-08,6480
6269,台郡,16,0,16,福邦證券,2024-08-08,6480
6679,鈺太,16,0,16,福邦證券,2024-08-08,6480
1586,和勤,19,4,15,福邦證券,2024-08-08,6480
2834,臺企銀,15,0,15,福邦證券,2024-08-08,6480
6683,雍智科技,13,0,13,福邦證券,2024-08-08,6480
3047,訊舟,12,0,12,福邦證券,2024-08-08,6480
2441,超豐,11,0,11,福邦證券,2024-08-08,6480
6120,達運,19,8,11,福邦證券,2024-08-08,6480
2337,旺宏,10,0,10,福邦證券,2024-08-08,6480
2353,宏��,10,0,10,福邦證券,2024-08-08,6480
2467,志聖,10,0,10,福邦證券,2024-08-08,6480
2547,日勝生,10,0,10,福邦證券,2024-08-08,6480
4114,健喬,10,0,10,福邦證券,2024-08-08,6480
6446,藥華藥,10,0,10,福邦證券,2024-08-08,6480
9945,潤泰新,10,0,10,福邦證券,2024-08-08,6480
2330,台積電,10,1,9,福邦證券,2024-08-08,6480
8085,福華,9,0,9,福邦證券,2024-08-08,6480
3163,波若威,8,0,8,福邦證券,2024-08-08,6480
4564,元翎,10,2,8,福邦證券,2024-08-08,6480
2886,兆豐金,6,0,6,福邦證券,2024-08-08,6480
00948B,中信優息投資級債,5,0,5,福邦證券,2024-08-08,6480
00934,中信成長高股息,5,0,5,福邦證券,2024-08-08,6480
00937B,群益ESG投等債20,22,17,5,福邦證券,2024-08-08,6480
00652,富邦印度,5,0,5,福邦證券,2024-08-08,6480
2614,東森,5,0,5,福邦證券,2024-08-08,6480
3024,憶聲,5,0,5,福邦證券,2024-08-08,6480
4105,東洋,5,0,5,福邦證券,2024-08-08,6480
4129,聯合,5,0,5,福邦證券,2024-08-08,6480
2610,華航,301,0,301,福邦證券,2024-08-09,6480
2618,長榮航,300,0,300,福邦證券,2024-08-09,6480
2382,廣達,311,32,279,福邦證券,2024-08-09,6480
6196,帆宣,101,0,101,福邦證券,2024-08-09,6480
3450,聯鈞,62,1,61,福邦證券,2024-08-09,6480
3040,遠見,50,0,50,福邦證券,2024-08-09,6480
2374,佳能,53,3,50,福邦證券,2024-08-09,6480
2597,潤弘,45,0,45,福邦證券,2024-08-09,6480
00679B,元大美債20年,46,5,41,福邦證券,2024-08-09,6480
5236,凌陽創新,35,0,35,福邦證券,2024-08-09,6480
00937B,群益ESG投等債20,34,0,34,福邦證券,2024-08-09,6480
00725B,國泰投資級公司債,29,0,29,福邦證券,2024-08-09,6480
1586,和勤,22,0,22,福邦證券,2024-08-09,6480
6719,力智,22,0,22,福邦證券,2024-08-09,6480
00680L,元大美債20正2,20,0,20,福邦證券,2024-08-09,6480
00795B,中信美國公債20年,18,0,18,福邦證券,2024-08-09,6480
00931B,統一美債20年,17,0,17,福邦證券,2024-08-09,6480
2236,百達-KY,15,0,15,福邦證券,2024-08-09,6480
5284,jpp-KY,14,0,14,福邦證券,2024-08-09,6480
00751B,元大AAA至A公司債,13,0,13,福邦證券,2024-08-09,6480
6782,視陽,12,0,12,福邦證券,2024-08-09,6480
00640L,富邦日本正2,50,40,10,福邦證券,2024-08-09,6480
00632R,元大台灣50反1,10,0,10,福邦證券,2024-08-09,6480
00687B,國泰20年美債,10,0,10,福邦證券,2024-08-09,6480
00918,大華優利高填息30,10,0,10,福邦證券,2024-08-09,6480
2371,大同,30,20,10,福邦證券,2024-08-09,6480
4526,東台,10,0,10,福邦證券,2024-08-09,6480
4533,協易機,14,4,10,福邦證券,2024-08-09,6480
5481,新華,10,0,10,福邦證券,2024-08-09,6480
6441,廣錠,10,0,10,福邦證券,2024-08-09,6480
2888,新光金,15,6,9,福邦證券,2024-08-09,6480
4566,時碩工業,11,2,9,福邦證券,2024-08-09,6480
6170,統振,9,0,9,福邦證券,2024-08-09,6480
8028,昇陽半導體,9,1,8,福邦證券,2024-08-09,6480
4174,浩鼎,8,1,7,福邦證券,2024-08-09,6480
00934,中信成長高股息,6,0,6,福邦證券,2024-08-09,6480
00945B,凱基美國非投等債,6,0,6,福邦證券,2024-08-09,6480
1785,光洋科,40,34,6,福邦證券,2024-08-09,6480
3231,緯創,7,1,6,福邦證券,2024-08-09,6480
1720,生達,5,0,5,福邦證券,2024-08-09,6480
00686R,群益臺灣加權反1,5,0,5,福邦證券,2024-08-09,6480
006208,富邦台50,6,1,5,福邦證券,2024-08-09,6480
00900,富邦特選高股息30,5,0,5,福邦證券,2024-08-09,6480
00948B,中信優息投資級債,5,0,5,福邦證券,2024-08-09,6480
2027,大成鋼,5,0,5,福邦證券,2024-08-09,6480
3044,健鼎,5,0,5,福邦證券,2024-08-09,6480
3709,鑫聯大投控,5,0,5,福邦證券,2024-08-09,6480
3712,永崴投控,5,0,5,福邦證券,2024-08-09,6480
4909,新復興,6,1,5,福邦證券,2024-08-09,6480
8464,億豐,5,0,5,福邦證券,2024-08-09,6480
2609,陽明,2000,0,2000,福邦證券,2024-08-12,6480
2317,鴻海,1205,10,1195,福邦證券,2024-08-12,6480
00680L,元大美債20正2,850,0,850,福邦證券,2024-08-12,6480
00632R,元大台灣50反1,280,0,280,福邦證券,2024-08-12,6480
3167,大量,151,26,125,福邦證券,2024-08-12,6480
6488,環球晶,120,0,120,福邦證券,2024-08-12,6480
2883,凱基金,57,0,57,福邦證券,2024-08-12,6480
2891,中信金,41,0,41,福邦證券,2024-08-12,6480
2905,三商,33,0,33,福邦證券,2024-08-12,6480
6186,新潤,31,0,31,福邦證券,2024-08-12,6480
1570,力肯,30,0,30,福邦證券,2024-08-12,6480
8464,億豐,25,0,25,福邦證券,2024-08-12,6480
6026,福邦證,22,0,22,福邦證券,2024-08-12,6480
2801,彰銀,20,0,20,福邦證券,2024-08-12,6480
3019,亞光,20,0,20,福邦證券,2024-08-12,6480
6215,和椿,20,0,20,福邦證券,2024-08-12,6480
2312,金寶,20,2,18,福邦證券,2024-08-12,6480
2880,華南金,20,3,17,福邦證券,2024-08-12,6480
3058,立德,19,2,17,福邦證券,2024-08-12,6480
6957,裕慶-KY,18,1,17,福邦證券,2024-08-12,6480
6877,鏵友益,15,0,15,福邦證券,2024-08-12,6480
6196,帆宣,14,0,14,福邦證券,2024-08-12,6480
2882,國泰金,11,0,11,福邦證券,2024-08-12,6480
3006,晶豪科,11,0,11,福邦證券,2024-08-12,6480
2369,菱生,14,4,10,福邦證券,2024-08-12,6480
2504,國產,10,0,10,福邦證券,2024-08-12,6480
3557,嘉威,10,0,10,福邦證券,2024-08-12,6480
6264,富裔,10,0,10,福邦證券,2024-08-12,6480
6441,廣錠,10,0,10,福邦證券,2024-08-12,6480
8049,晶采,10,0,10,福邦證券,2024-08-12,6480
5481,新華,13,5,8,福邦證券,2024-08-12,6480
2359,所羅門,8,1,7,福邦證券,2024-08-12,6480
3296,勝德,9,3,6,福邦證券,2024-08-12,6480
3443,創意,6,0,6,福邦證券,2024-08-12,6480
6207,雷科,7,1,6,福邦證券,2024-08-12,6480
2228,劍麟,5,0,5,福邦證券,2024-08-12,6480
1795,美時,5,0,5,福邦證券,2024-08-12,6480
00894,中信小資高價30,5,0,5,福邦證券,2024-08-12,6480
3013,晟銘電,8,3,5,福邦證券,2024-08-12,6480
3047,訊舟,5,0,5,福邦證券,2024-08-12,6480
6170,統振,5,0,5,福邦證券,2024-08-12,6480
8064,東捷,18,13,5,福邦證券,2024-08-12,6480
3260,威剛,5,1,4,福邦證券,2024-08-12,6480
6756,威鋒電子,4,0,4,福邦證券,2024-08-12,6480
00937B,群益ESG投等債20,3,0,3,福邦證券,2024-08-12,6480
006208,富邦台50,4,1,3,福邦證券,2024-08-12,6480
3483,力致,3,0,3,福邦證券,2024-08-12,6480
3576,聯合再生,6,3,3,福邦證券,2024-08-12,6480
3709,鑫聯大投控,3,0,3,福邦證券,2024-08-12,6480
5452,佶優,3,0,3,福邦證券,2024-08-12,6480
2449,京元電子,650,1,649,福邦證券,2024-08-13,6480
2317,鴻海,647,1,646,福邦證券,2024-08-13,6480
00671R,富邦NASDAQ反1,423,0,423,福邦證券,2024-08-13,6480
2888,新光金,401,32,369,福邦證券,2024-08-13,6480
00680L,元大美債20正2,370,30,340,福邦證券,2024-08-13,6480
2376,技嘉,300,0,300,福邦證券,2024-08-13,6480
2382,廣達,186,3,183,福邦證券,2024-08-13,6480
2330,台積電,120,1,119,福邦證券,2024-08-13,6480
6239,力成,53,0,53,福邦證券,2024-08-13,6480
7402,邑錡,50,0,50,福邦證券,2024-08-13,6480
3013,晟銘電,38,0,38,福邦證券,2024-08-13,6480
6491,晶碩,33,0,33,福邦證券,2024-08-13,6480
8464,億豐,25,0,25,福邦證券,2024-08-13,6480
00795B,中信美國公債20年,23,1,22,福邦證券,2024-08-13,6480
2031,新光鋼,20,0,20,福邦證券,2024-08-13,6480
2597,潤弘,20,0,20,福邦證券,2024-08-13,6480
6928,攸泰科技,22,2,20,福邦證券,2024-08-13,6480
3339,泰谷,20,1,19,福邦證券,2024-08-13,6480
2454,聯發科,20,3,17,福邦證券,2024-08-13,6480
2504,國產,15,0,15,福邦證券,2024-08-13,6480
1477,聚陽,14,0,14,福邦證券,2024-08-13,6480
00751B,元大AAA至A公司債,12,0,12,福邦證券,2024-08-13,6480
2607,榮運,11,0,11,福邦證券,2024-08-13,6480
3481,群創,10,0,10,福邦證券,2024-08-13,6480
2371,大同,20,10,10,福邦證券,2024-08-13,6480
00720B,元大投資級公司債,9,0,9,福邦證券,2024-08-13,6480
3551,世禾,10,1,9,福邦證券,2024-08-13,6480
6170,統振,9,0,9,福邦證券,2024-08-13,6480
3680,家登,7,0,7,福邦證券,2024-08-13,6480
3711,日月光投控,8,1,7,福邦證券,2024-08-13,6480
1586,和勤,12,6,6,福邦證券,2024-08-13,6480
1446,宏和,6,0,6,福邦證券,2024-08-13,6480
00937B,群益ESG投等債20,6,0,6,福邦證券,2024-08-13,6480
00929,復華台灣科技優息,6,0,6,福邦證券,2024-08-13,6480
6139,亞翔,6,0,6,福邦證券,2024-08-13,6480
00652,富邦印度,5,0,5,福邦證券,2024-08-13,6480
00686R,群益臺灣加權反1,5,0,5,福邦證券,2024-08-13,6480
00764B,群益25年美債,5,0,5,福邦證券,2024-08-13,6480
2359,所羅門,8,3,5,福邦證券,2024-08-13,6480
2704,國賓,5,0,5,福邦證券,2024-08-13,6480
2867,三商壽,5,0,5,福邦證券,2024-08-13,6480
2880,華南金,4,0,4,福邦證券,2024-08-13,6480
00940,元大台灣價值高息,4,0,4,福邦證券,2024-08-13,6480
2542,興富發,4,0,4,福邦證券,2024-08-13,6480
3443,創意,4,0,4,福邦證券,2024-08-13,6480
5258,虹堡,4,0,4,福邦證券,2024-08-13,6480
8069,元太,4,0,4,福邦證券,2024-08-13,6480
9938,百和,4,0,4,福邦證券,2024-08-13,6480
1467,南緯,3,0,3,福邦證券,2024-08-13,6480
00900,富邦特選高股息30,3,0,3,福邦證券,2024-08-13,6480
00679B,元大美債20年,4750,0,4750,福邦證券,2024-08-14,6480
00671R,富邦NASDAQ反1,3613,0,3613,福邦證券,2024-08-14,6480
00632R,元大台灣50反1,260,0,260,福邦證券,2024-08-14,6480
8028,昇陽半導體,205,0,205,福邦證券,2024-08-14,6480
1608,華榮,200,0,200,福邦證券,2024-08-14,6480
1618,合機,200,0,200,福邦證券,2024-08-14,6480
2427,三商電,200,1,199,福邦證券,2024-08-14,6480
2317,鴻海,117,6,111,福邦證券,2024-08-14,6480
2313,華通,102,2,100,福邦證券,2024-08-14,6480
2330,台積電,122,26,96,福邦證券,2024-08-14,6480
2382,廣達,79,2,77,福邦證券,2024-08-14,6480
6278,台表科,76,0,76,福邦證券,2024-08-14,6480
6223,旺矽,70,0,70,福邦證券,2024-08-14,6480
1603,華電,67,0,67,福邦證券,2024-08-14,6480
4566,時碩工業,104,42,62,福邦證券,2024-08-14,6480
00680L,元大美債20正2,50,0,50,福邦證券,2024-08-14,6480
9958,世紀鋼,50,0,50,福邦證券,2024-08-14,6480
6462,神盾,40,0,40,福邦證券,2024-08-14,6480
2371,大同,40,5,35,福邦證券,2024-08-14,6480
2258,鴻華先進-創,53,20,33,福邦證券,2024-08-14,6480
2915,潤泰全,31,0,31,福邦證券,2024-08-14,6480
1513,中興電,26,6,20,福邦證券,2024-08-14,6480
1532,勤美,20,0,20,福邦證券,2024-08-14,6480
1569,濱川,20,0,20,福邦證券,2024-08-14,6480
2364,倫飛,20,0,20,福邦證券,2024-08-14,6480
5234,達興材料,20,0,20,福邦證券,2024-08-14,6480
1449,佳和,19,0,19,福邦證券,2024-08-14,6480
2603,長榮,120,103,17,福邦證券,2024-08-14,6480
1319,東陽,16,0,16,福邦證券,2024-08-14,6480
2888,新光金,15,0,15,福邦證券,2024-08-14,6480
6170,統振,15,0,15,福邦證券,2024-08-14,6480
8996,高力,14,0,14,福邦證券,2024-08-14,6480
2362,藍天,13,0,13,福邦證券,2024-08-14,6480
4562,穎漢,13,1,12,福邦證券,2024-08-14,6480
00795B,中信美國公債20年,11,0,11,福邦證券,2024-08-14,6480
3518,柏騰,16,5,11,福邦證券,2024-08-14,6480
1795,美時,10,0,10,福邦證券,2024-08-14,6480
2002,中鋼,10,0,10,福邦證券,2024-08-14,6480
3024,憶聲,10,0,10,福邦證券,2024-08-14,6480
3217,優群,10,0,10,福邦證券,2024-08-14,6480
4909,新復興,12,2,10,福邦證券,2024-08-14,6480
2365,昆盈,12,3,9,福邦證券,2024-08-14,6480
6446,藥華藥,10,1,9,福邦證券,2024-08-14,6480
1586,和勤,20,12,8,福邦證券,2024-08-14,6480
2883,凱基金,10,2,8,福邦證券,2024-08-14,6480
6215,和椿,20,12,8,福邦證券,2024-08-14,6480
6231,系微,8,0,8,福邦證券,2024-08-14,6480
00948B,中信優息投資級債,7,0,7,福邦證券,2024-08-14,6480
2880,華南金,7,0,7,福邦證券,2024-08-14,6480
2486,一詮,6,0,6,福邦證券,2024-08-14,6480
00671R,富邦NASDAQ反1,8200,0,8200,福邦證券,2024-08-15,6480
00687B,國泰20年美債,2965,20,2945,福邦證券,2024-08-15,6480
2352,佳世達,500,0,500,福邦證券,2024-08-15,6480
2362,藍天,187,0,187,福邦證券,2024-08-15,6480
00632R,元大台灣50反1,150,0,150,福邦證券,2024-08-15,6480
4566,時碩工業,152,7,145,福邦證券,2024-08-15,6480
1603,華電,133,0,133,福邦證券,2024-08-15,6480
00941,中信上游半導體,100,0,100,福邦證券,2024-08-15,6480
6026,福邦證,92,0,92,福邦證券,2024-08-15,6480
8210,勤誠,92,0,92,福邦證券,2024-08-15,6480
00680L,元大美債20正2,180,90,90,福邦證券,2024-08-15,6480
2449,京元電子,73,4,69,福邦證券,2024-08-15,6480
6788,華景電,65,1,64,福邦證券,2024-08-15,6480
3017,奇鋐,63,0,63,福邦證券,2024-08-15,6480
6177,達麗,61,3,58,福邦證券,2024-08-15,6480
1449,佳和,55,0,55,福邦證券,2024-08-15,6480
2609,陽明,60,6,54,福邦證券,2024-08-15,6480
2504,國產,40,0,40,福邦證券,2024-08-15,6480
6449,鈺邦,39,0,39,福邦證券,2024-08-15,6480
00937B,群益ESG投等債20,37,0,37,福邦證券,2024-08-15,6480
3450,聯鈞,137,100,37,福邦證券,2024-08-15,6480
1513,中興電,30,0,30,福邦證券,2024-08-15,6480
1785,光洋科,33,6,27,福邦證券,2024-08-15,6480
2317,鴻海,28,2,26,福邦證券,2024-08-15,6480
00679B,元大美債20年,22,0,22,福邦證券,2024-08-15,6480
00929,復華台灣科技優息,22,0,22,福邦證券,2024-08-15,6480
2891,中信金,21,0,21,福邦證券,2024-08-15,6480
3665,貿聯-KY,21,0,21,福邦證券,2024-08-15,6480
6215,和椿,21,0,21,福邦證券,2024-08-15,6480
3019,亞光,24,6,18,福邦證券,2024-08-15,6480
2603,長榮,17,0,17,福邦證券,2024-08-15,6480
3040,遠見,15,0,15,福邦證券,2024-08-15,6480
2515,中工,14,0,14,福邦證券,2024-08-15,6480
1586,和勤,49,36,13,福邦證券,2024-08-15,6480
3376,新日興,12,0,12,福邦證券,2024-08-15,6480
1301,台塑,11,0,11,福邦證券,2024-08-15,6480
5371,中光電,11,0,11,福邦證券,2024-08-15,6480
8299,群聯,13,2,11,福邦證券,2024-08-15,6480
6284,佳邦,10,0,10,福邦證券,2024-08-15,6480
00900,富邦特選高股息30,10,0,10,福邦證券,2024-08-15,6480
00878,國泰永續高股息,12,2,10,福邦證券,2024-08-15,6480
2324,仁寶,10,0,10,福邦證券,2024-08-15,6480
2383,台光電,10,0,10,福邦證券,2024-08-15,6480
2883,凱基金,10,0,10,福邦證券,2024-08-15,6480
3024,憶聲,10,0,10,福邦證券,2024-08-15,6480
6761,穩得,10,0,10,福邦證券,2024-08-15,6480
6806,森崴能源,10,0,10,福邦證券,2024-08-15,6480
9105,泰金寶-DR,10,0,10,福邦證券,2024-08-15,6480
2915,潤泰全,10,1,9,福邦證券,2024-08-15,6480
3413,京鼎,8,0,8,福邦證券,2024-08-15,6480
3013,晟銘電,910,65,845,福邦證券,2024-08-16,6480
2382,廣達,516,2,514,福邦證券,2024-08-16,6480
3036,文曄,351,0,351,福邦證券,2024-08-16,6480
00680L,元大美債20正2,355,35,320,福邦證券,2024-08-16,6480
3264,欣銓,300,0,300,福邦證券,2024-08-16,6480
00632R,元大台灣50反1,240,0,240,福邦證券,2024-08-16,6480
1815,富喬,130,0,130,福邦證券,2024-08-16,6480
6196,帆宣,100,0,100,福邦證券,2024-08-16,6480
00795B,中信美國公債20年,73,0,73,福邦證券,2024-08-16,6480
3450,聯鈞,70,0,70,福邦證券,2024-08-16,6480
8464,億豐,64,0,64,福邦證券,2024-08-16,6480
8091,翔名,60,0,60,福邦證券,2024-08-16,6480
4566,時碩工業,66,9,57,福邦證券,2024-08-16,6480
6152,百一,50,0,50,福邦證券,2024-08-16,6480
6488,環球晶,50,0,50,福邦證券,2024-08-16,6480
00679B,元大美債20年,43,2,41,福邦證券,2024-08-16,6480
2059,川湖,37,1,36,福邦證券,2024-08-16,6480
2449,京元電子,34,3,31,福邦證券,2024-08-16,6480
1449,佳和,30,0,30,福邦證券,2024-08-16,6480
3040,遠見,30,0,30,福邦證券,2024-08-16,6480
6462,神盾,30,0,30,福邦證券,2024-08-16,6480
00687B,國泰20年美債,28,0,28,福邦證券,2024-08-16,6480
00857B,永豐20年美公債,22,0,22,福邦證券,2024-08-16,6480
5403,中菲,22,0,22,福邦證券,2024-08-16,6480
3028,增你強,20,0,20,福邦證券,2024-08-16,6480
00945B,凱基美國非投等債,16,0,16,福邦證券,2024-08-16,6480
1785,光洋科,22,6,16,福邦證券,2024-08-16,6480
3712,永崴投控,15,0,15,福邦證券,2024-08-16,6480
1519,華城,13,1,12,福邦證券,2024-08-16,6480
2324,仁寶,12,0,12,福邦證券,2024-08-16,6480
2603,長榮,12,0,12,福邦證券,2024-08-16,6480
6753,龍德造船,12,0,12,福邦證券,2024-08-16,6480
8996,高力,14,2,12,福邦證券,2024-08-16,6480
3576,聯合再生,11,0,11,福邦證券,2024-08-16,6480
6139,亞翔,11,0,11,福邦證券,2024-08-16,6480
3219,倚強科,10,0,10,福邦證券,2024-08-16,6480
4147,中裕,10,0,10,福邦證券,2024-08-16,6480
5288,豐祥-KY,10,0,10,福邦證券,2024-08-16,6480
5306,桂盟,10,0,10,福邦證券,2024-08-16,6480
6197,佳必琪,12,2,10,福邦證券,2024-08-16,6480
6805,富世達,11,2,9,福邦證券,2024-08-16,6480
2888,新光金,10,2,8,福邦證券,2024-08-16,6480
5484,慧友,8,0,8,福邦證券,2024-08-16,6480
6788,華景電,9,1,8,福邦證券,2024-08-16,6480
3048,益登,6,0,6,福邦證券,2024-08-16,6480
8069,元太,110,104,6,福邦證券,2024-08-16,6480
1513,中興電,5,0,5,福邦證券,2024-08-16,6480
00894,中信小資高價30,5,0,5,福邦證券,2024-08-16,6480
3008,大立光,5,0,5,福邦證券,2024-08-16,6480
3709,鑫聯大投控,7,2,5,福邦證券,2024-08-16,6480
3036,文曄,500,50,450,福邦證券,2024-08-19,6480
4958,臻鼎-KY,231,0,231,福邦證券,2024-08-19,6480
3264,欣銓,200,0,200,福邦證券,2024-08-19,6480
00937B,群益ESG投等債20,182,0,182,福邦證券,2024-08-19,6480
1815,富喬,111,0,111,福邦證券,2024-08-19,6480
2408,南亞科,56,0,56,福邦證券,2024-08-19,6480
6757,台灣虎航,48,0,48,福邦證券,2024-08-19,6480
00715L,期街口布蘭特正2,51,5,46,福邦證券,2024-08-19,6480
1586,和勤,55,9,46,福邦證券,2024-08-19,6480
1609,大亞,45,4,41,福邦證券,2024-08-19,6480
3047,訊舟,82,47,35,福邦證券,2024-08-19,6480
4549,桓達,32,0,32,福邦證券,2024-08-19,6480
1714,和桐,30,0,30,福邦證券,2024-08-19,6480
00720B,元大投資級公司債,45,15,30,福邦證券,2024-08-19,6480
4147,中裕,25,0,25,福邦證券,2024-08-19,6480
6669,緯穎,25,0,25,福邦證券,2024-08-19,6480
6535,順藥,24,2,22,福邦證券,2024-08-19,6480
2330,台積電,42,21,21,福邦證券,2024-08-19,6480
1477,聚陽,20,0,20,福邦證券,2024-08-19,6480
1727,中華化,20,1,19,福邦證券,2024-08-19,6480
00751B,元大AAA至A公司債,19,0,19,福邦證券,2024-08-19,6480
2383,台光電,19,1,18,福邦證券,2024-08-19,6480
2888,新光金,70,52,18,福邦證券,2024-08-19,6480
00687B,國泰20年美債,16,0,16,福邦證券,2024-08-19,6480
1301,台塑,16,0,16,福邦證券,2024-08-19,6480
1605,華新,15,0,15,福邦證券,2024-08-19,6480
2892,第一金,15,0,15,福邦證券,2024-08-19,6480
6491,晶碩,15,0,15,福邦證券,2024-08-19,6480
8072,陞泰,15,0,15,福邦證券,2024-08-19,6480
8996,高力,15,0,15,福邦證券,2024-08-19,6480
00931B,統一美債20年,12,0,12,福邦證券,2024-08-19,6480
8028,昇陽半導體,22,10,12,福邦證券,2024-08-19,6480
2317,鴻海,15,4,11,福邦證券,2024-08-19,6480
2031,新光鋼,11,0,11,福邦證券,2024-08-19,6480
1785,光洋科,17,7,10,福邦證券,2024-08-19,6480
1569,濱川,10,0,10,福邦證券,2024-08-19,6480
3219,倚強科,10,0,10,福邦證券,2024-08-19,6480
2609,陽明,10,2,8,福邦證券,2024-08-19,6480
5225,東科-KY,10,2,8,福邦證券,2024-08-19,6480
5236,凌陽創新,8,0,8,福邦證券,2024-08-19,6480
6141,柏承,14,6,8,福邦證券,2024-08-19,6480
00948B,中信優息投資級債,7,0,7,福邦證券,2024-08-19,6480
3483,力致,7,0,7,福邦證券,2024-08-19,6480
00725B,國泰投資級公司債,6,0,6,福邦證券,2024-08-19,6480
2371,大同,8,2,6,福邦證券,2024-08-19,6480
2382,廣達,5,0,5,福邦證券,2024-08-19,6480
00764B,群益25年美債,5,0,5,福邦證券,2024-08-19,6480
00633L,富邦上証正2,20,15,5,福邦證券,2024-08-19,6480
2351,順德,5,0,5,福邦證券,2024-08-19,6480
2368,金像電,5,0,5,福邦證券,2024-08-19,6480
2888,新光金,935,50,885,福邦證券,2024-08-20,6480
1301,台塑,501,0,501,福邦證券,2024-08-20,6480
00632R,元大台灣50反1,210,0,210,福邦證券,2024-08-20,6480
2359,所羅門,201,2,199,福邦證券,2024-08-20,6480
2354,鴻準,258,60,198,福邦證券,2024-08-20,6480
5371,中光電,204,6,198,福邦證券,2024-08-20,6480
2392,正崴,122,0,122,福邦證券,2024-08-20,6480
2543,皇昌,120,0,120,福邦證券,2024-08-20,6480
1786,科妍,100,0,100,福邦證券,2024-08-20,6480
1815,富喬,86,1,85,福邦證券,2024-08-20,6480
2634,漢翔,66,0,66,福邦證券,2024-08-20,6480
8096,擎亞,62,3,59,福邦證券,2024-08-20,6480
6284,佳邦,50,0,50,福邦證券,2024-08-20,6480
9958,世紀鋼,50,0,50,福邦證券,2024-08-20,6480
00715L,期街口布蘭特正2,49,0,49,福邦證券,2024-08-20,6480
2317,鴻海,52,4,48,福邦證券,2024-08-20,6480
00679B,元大美債20年,47,0,47,福邦證券,2024-08-20,6480
3689,湧德,40,0,40,福邦證券,2024-08-20,6480
3504,揚明光,25,0,25,福邦證券,2024-08-20,6480
00942B,台新美A公司債20+,20,0,20,福邦證券,2024-08-20,6480
3028,增你強,20,0,20,福邦證券,2024-08-20,6480
6451,訊芯-KY,20,0,20,福邦證券,2024-08-20,6480
00948B,中信優息投資級債,19,0,19,福邦證券,2024-08-20,6480
00878,國泰永續高股息,19,0,19,福邦證券,2024-08-20,6480
3047,訊舟,37,20,17,福邦證券,2024-08-20,6480
2520,冠德,16,0,16,福邦證券,2024-08-20,6480
4513,福裕,15,0,15,福邦證券,2024-08-20,6480
2258,鴻華先進-創,14,0,14,福邦證券,2024-08-20,6480
3032,偉訓,13,0,13,福邦證券,2024-08-20,6480
00795B,中信美國公債20年,12,0,12,福邦證券,2024-08-20,6480
00642U,期元大S＆P石油,10,0,10,福邦證券,2024-08-20,6480
2383,台光電,10,0,10,福邦證券,2024-08-20,6480
3219,倚強科,10,0,10,福邦證券,2024-08-20,6480
3443,創意,10,0,10,福邦證券,2024-08-20,6480
3703,欣陸,10,0,10,福邦證券,2024-08-20,6480
4147,中裕,10,0,10,福邦證券,2024-08-20,6480
5452,佶優,10,0,10,福邦證券,2024-08-20,6480
6215,和椿,10,0,10,福邦證券,2024-08-20,6480
5443,均豪,12,3,9,福邦證券,2024-08-20,6480
00931B,統一美債20年,8,0,8,福邦證券,2024-08-20,6480
5508,永信建,9,1,8,福邦證券,2024-08-20,6480
6928,攸泰科技,9,1,8,福邦證券,2024-08-20,6480
00751B,元大AAA至A公司債,7,0,7,福邦證券,2024-08-20,6480
2441,超豐,7,0,7,福邦證券,2024-08-20,6480
2867,三商壽,7,0,7,福邦證券,2024-08-20,6480
3663,鑫科,7,0,7,福邦證券,2024-08-20,6480
2348,海悅,6,0,6,福邦證券,2024-08-20,6480
3587,閎康,6,0,6,福邦證券,2024-08-20,6480
5481,新華,6,0,6,福邦證券,2024-08-20,6480
1605,華新,5,0,5,福邦證券,2024-08-20,6480
00953B,群益優選非投等債,1505,0,1505,福邦證券,2024-08-21,6480
6757,台灣虎航,664,0,664,福邦證券,2024-08-21,6480
2449,京元電子,601,1,600,福邦證券,2024-08-21,6480
2330,台積電,259,4,255,福邦證券,2024-08-21,6480
9945,潤泰新,220,2,218,福邦證券,2024-08-21,6480
2891,中信金,206,2,204,福邦證券,2024-08-21,6480
5443,均豪,160,8,152,福邦證券,2024-08-21,6480
2382,廣達,139,3,136,福邦證券,2024-08-21,6480
3011,今皓,95,0,95,福邦證券,2024-08-21,6480
2317,鴻海,94,0,94,福邦證券,2024-08-21,6480
3374,精材,67,3,64,福邦證券,2024-08-21,6480
4931,新盛力,50,0,50,福邦證券,2024-08-21,6480
3013,晟銘電,200,156,44,福邦證券,2024-08-21,6480
1314,中石化,40,0,40,福邦證券,2024-08-21,6480
2454,聯發科,30,0,30,福邦證券,2024-08-21,6480
00715L,期街口布蘭特正2,119,90,29,福邦證券,2024-08-21,6480
4147,中裕,20,0,20,福邦證券,2024-08-21,6480
6108,競國,20,0,20,福邦證券,2024-08-21,6480
00679B,元大美債20年,15,0,15,福邦證券,2024-08-21,6480
2392,正崴,15,0,15,福邦證券,2024-08-21,6480
8096,擎亞,23,8,15,福邦證券,2024-08-21,6480
2520,冠德,14,0,14,福邦證券,2024-08-21,6480
00929,復華台灣科技優息,11,0,11,福邦證券,2024-08-21,6480
8054,安國,11,0,11,福邦證券,2024-08-21,6480
1785,光洋科,16,6,10,福邦證券,2024-08-21,6480
2383,台光電,10,0,10,福邦證券,2024-08-21,6480
6170,統振,10,0,10,福邦證券,2024-08-21,6480
6698,旭暉應材,10,0,10,福邦證券,2024-08-21,6480
6751,智聯服務,10,0,10,福邦證券,2024-08-21,6480
8091,翔名,10,0,10,福邦證券,2024-08-21,6480
00945B,凱基美國非投等債,8,0,8,福邦證券,2024-08-21,6480
2609,陽明,8,0,8,福邦證券,2024-08-21,6480
3037,欣興,8,0,8,福邦證券,2024-08-21,6480
6223,旺矽,9,1,8,福邦證券,2024-08-21,6480
4583,台灣精銳,7,0,7,福邦證券,2024-08-21,6480
1210,大成,6,0,6,福邦證券,2024-08-21,6480
00954,中信日本半導體,6,0,6,福邦證券,2024-08-21,6480
1786,科妍,5,0,5,福邦證券,2024-08-21,6480
00955,中信日本商社,5,0,5,福邦證券,2024-08-21,6480
00688L,國泰20年美債正2,5,0,5,福邦證券,2024-08-21,6480
2312,金寶,5,0,5,福邦證券,2024-08-21,6480
2618,長榮航,5,0,5,福邦證券,2024-08-21,6480
3050,鈺德,5,0,5,福邦證券,2024-08-21,6480
3580,友威科,17,12,5,福邦證券,2024-08-21,6480
6120,達運,15,10,5,福邦證券,2024-08-21,6480
6805,富世達,5,0,5,福邦證券,2024-08-21,6480
8926,台汽電,5,0,5,福邦證券,2024-08-21,6480
00878,國泰永續高股息,4,0,4,福邦證券,2024-08-21,6480
2239,英利-KY,30,26,4,福邦證券,2024-08-21,6480
2331,精英,4,0,4,福邦證券,2024-08-21,6480
6125,廣運,205,2,203,福邦證券,2024-08-22,6480
6188,廣明,200,0,200,福邦證券,2024-08-22,6480
9945,潤泰新,160,3,157,福邦證券,2024-08-22,6480
6757,台灣虎航,101,0,101,福邦證券,2024-08-22,6480
1714,和桐,70,0,70,福邦證券,2024-08-22,6480
2317,鴻海,71,2,69,福邦證券,2024-08-22,6480
00953B,群益優選非投等債,60,0,60,福邦證券,2024-08-22,6480
4147,中裕,44,0,44,福邦證券,2024-08-22,6480
8255,朋程,45,1,44,福邦證券,2024-08-22,6480
1609,大亞,43,1,42,福邦證券,2024-08-22,6480
00632R,元大台灣50反1,100,68,32,福邦證券,2024-08-22,6480
1303,南亞,30,2,28,福邦證券,2024-08-22,6480
6449,鈺邦,30,2,28,福邦證券,2024-08-22,6480
6223,旺矽,27,0,27,福邦證券,2024-08-22,6480
5202,力新,25,0,25,福邦證券,2024-08-22,6480
9958,世紀鋼,25,0,25,福邦證券,2024-08-22,6480
00715L,期街口布蘭特正2,83,60,23,福邦證券,2024-08-22,6480
8096,擎亞,24,1,23,福邦證券,2024-08-22,6480
00679B,元大美債20年,20,0,20,福邦證券,2024-08-22,6480
6196,帆宣,20,0,20,福邦證券,2024-08-22,6480
6284,佳邦,21,1,20,福邦證券,2024-08-22,6480
5871,中租-KY,20,0,20,福邦證券,2024-08-22,6480
5371,中光電,20,3,17,福邦證券,2024-08-22,6480
3587,閎康,16,1,15,福邦證券,2024-08-22,6480
4303,信立,15,0,15,福邦證券,2024-08-22,6480
5425,台半,14,0,14,福邦證券,2024-08-22,6480
2330,台積電,15,1,14,福邦證券,2024-08-22,6480
00929,復華台灣科技優息,13,0,13,福邦證券,2024-08-22,6480
00940,元大台灣價值高息,15,2,13,福邦證券,2024-08-22,6480
00937B,群益ESG投等債20,15,3,12,福邦證券,2024-08-22,6480
2417,圓剛,12,0,12,福邦證券,2024-08-22,6480
3163,波若威,11,0,11,福邦證券,2024-08-22,6480
4908,前鼎,11,0,11,福邦證券,2024-08-22,6480
00934,中信成長高股息,10,0,10,福邦證券,2024-08-22,6480
2883,凱基金,10,0,10,福邦證券,2024-08-22,6480
3594,磐儀,10,0,10,福邦證券,2024-08-22,6480
3605,宏致,10,0,10,福邦證券,2024-08-22,6480
6617,共信-KY,10,0,10,福邦證券,2024-08-22,6480
6751,智聯服務,10,0,10,福邦證券,2024-08-22,6480
2603,長榮,11,4,7,福邦證券,2024-08-22,6480
00948B,中信優息投資級債,6,0,6,福邦證券,2024-08-22,6480
1786,科妍,5,0,5,福邦證券,2024-08-22,6480
1301,台塑,5,0,5,福邦證券,2024-08-22,6480
2401,凌陽,5,0,5,福邦證券,2024-08-22,6480
4564,元翎,5,0,5,福邦證券,2024-08-22,6480
8028,昇陽半導體,5,0,5,福邦證券,2024-08-22,6480
8937,合騏,5,0,5,福邦證券,2024-08-22,6480
00688L,國泰20年美債正2,4,0,4,福邦證券,2024-08-22,6480
1101,台泥,4,0,4,福邦證券,2024-08-22,6480
2351,順德,4,0,4,福邦證券,2024-08-22,6480
3701,大眾控,407,0,407,福邦證券,2024-08-23,6480
3264,欣銓,400,0,400,福邦證券,2024-08-23,6480
3013,晟銘電,301,9,292,福邦證券,2024-08-23,6480
2449,京元電子,201,1,200,福邦證券,2024-08-23,6480
8069,元太,200,2,198,福邦證券,2024-08-23,6480
00632R,元大台灣50反1,204,20,184,福邦證券,2024-08-23,6480
1537,廣隆,211,100,111,福邦證券,2024-08-23,6480
9945,潤泰新,90,0,90,福邦證券,2024-08-23,6480
1528,恩德,60,0,60,福邦證券,2024-08-23,6480
8039,台虹,50,0,50,福邦證券,2024-08-23,6480
2891,中信金,50,3,47,福邦證券,2024-08-23,6480
00953B,群益優選非投等債,30,0,30,福邦證券,2024-08-23,6480
00720B,元大投資級公司債,30,0,30,福邦證券,2024-08-23,6480
4147,中裕,30,0,30,福邦證券,2024-08-23,6480
1708,東鹼,25,4,21,福邦證券,2024-08-23,6480
00679B,元大美債20年,21,0,21,福邦證券,2024-08-23,6480
8021,尖點,35,15,20,福邦證券,2024-08-23,6480
00715L,期街口布蘭特正2,16,0,16,福邦證券,2024-08-23,6480
00919,群益台灣精選高息,14,0,14,福邦證券,2024-08-23,6480
00929,復華台灣科技優息,23,10,13,福邦證券,2024-08-23,6480
3019,亞光,15,3,12,福邦證券,2024-08-23,6480
3049,精金,11,0,11,福邦證券,2024-08-23,6480
1569,濱川,10,0,10,福邦證券,2024-08-23,6480
2049,上銀,10,0,10,福邦證券,2024-08-23,6480
2323,中環,10,0,10,福邦證券,2024-08-23,6480
2607,榮運,10,0,10,福邦證券,2024-08-23,6480
3167,大量,11,1,10,福邦證券,2024-08-23,6480
4402,郡都開發,10,0,10,福邦證券,2024-08-23,6480
4729,熒茂,10,0,10,福邦證券,2024-08-23,6480
5452,佶優,20,10,10,福邦證券,2024-08-23,6480
1586,和勤,32,23,9,福邦證券,2024-08-23,6480
2330,台積電,13,4,9,福邦證券,2024-08-23,6480
3652,精聯,9,1,8,福邦證券,2024-08-23,6480
5236,凌陽創新,8,0,8,福邦證券,2024-08-23,6480
6757,台灣虎航,8,0,8,福邦證券,2024-08-23,6480
1609,大亞,7,0,7,福邦證券,2024-08-23,6480
5371,中光電,10,3,7,福邦證券,2024-08-23,6480
3008,大立光,7,0,7,福邦證券,2024-08-23,6480
1301,台塑,7,0,7,福邦證券,2024-08-23,6480
00795B,中信美國公債20年,6,0,6,福邦證券,2024-08-23,6480
2317,鴻海,11,5,6,福邦證券,2024-08-23,6480
6683,雍智科技,6,0,6,福邦證券,2024-08-23,6480
8070,長華*,7,1,6,福邦證券,2024-08-23,6480
5880,合庫金,6,0,6,福邦證券,2024-08-23,6480
1540,喬福,5,0,5,福邦證券,2024-08-23,6480
1532,勤美,5,0,5,福邦證券,2024-08-23,6480
00764B,群益25年美債,5,0,5,福邦證券,2024-08-23,6480
1711,永光,8,3,5,福邦證券,2024-08-23,6480
2009,第一銅,5,0,5,福邦證券,2024-08-23,6480
2313,華通,5,0,5,福邦證券,2024-08-23,6480
2888,新光金,767,245,522,福邦證券,2024-08-26,6480
2885,元大金,450,0,450,福邦證券,2024-08-26,6480
6757,台灣虎航,400,0,400,福邦證券,2024-08-26,6480
3037,欣興,350,0,350,福邦證券,2024-08-26,6480
1609,大亞,320,3,317,福邦證券,2024-08-26,6480
4958,臻鼎-KY,268,0,268,福邦證券,2024-08-26,6480
3036,文曄,200,1,199,福邦證券,2024-08-26,6480
8028,昇陽半導體,206,14,192,福邦證券,2024-08-26,6480
3481,群創,157,8,149,福邦證券,2024-08-26,6480
4938,和碩,133,3,130,福邦證券,2024-08-26,6480
0050,元大台灣50,110,0,110,福邦證券,2024-08-26,6480
3363,上詮,110,0,110,福邦證券,2024-08-26,6480
1815,富喬,100,0,100,福邦證券,2024-08-26,6480
8039,台虹,84,3,81,福邦證券,2024-08-26,6480
9945,潤泰新,80,0,80,福邦證券,2024-08-26,6480
2543,皇昌,72,0,72,福邦證券,2024-08-26,6480
6239,力成,71,0,71,福邦證券,2024-08-26,6480
1477,聚陽,52,0,52,福邦證券,2024-08-26,6480
2409,友達,57,5,52,福邦證券,2024-08-26,6480
9958,世紀鋼,45,0,45,福邦證券,2024-08-26,6480
3518,柏騰,42,2,40,福邦證券,2024-08-26,6480
2458,義隆,35,0,35,福邦證券,2024-08-26,6480
3049,精金,29,0,29,福邦證券,2024-08-26,6480
1342,八貫,23,0,23,福邦證券,2024-08-26,6480
2477,美隆電,20,0,20,福邦證券,2024-08-26,6480
00679B,元大美債20年,19,0,19,福邦證券,2024-08-26,6480
3044,健鼎,16,0,16,福邦證券,2024-08-26,6480
5011,久陽,16,0,16,福邦證券,2024-08-26,6480
5236,凌陽創新,16,0,16,福邦證券,2024-08-26,6480
6491,晶碩,16,0,16,福邦證券,2024-08-26,6480
00937B,群益ESG投等債20,15,0,15,福邦證券,2024-08-26,6480
4147,中裕,15,0,15,福邦證券,2024-08-26,6480
1586,和勤,68,54,14,福邦證券,2024-08-26,6480
8071,能率網通,14,0,14,福邦證券,2024-08-26,6480
8096,擎亞,15,3,12,福邦證券,2024-08-26,6480
00687B,國泰20年美債,10,0,10,福邦證券,2024-08-26,6480
2049,上銀,10,0,10,福邦證券,2024-08-26,6480
2401,凌陽,10,0,10,福邦證券,2024-08-26,6480
2883,凱基金,10,0,10,福邦證券,2024-08-26,6480
3483,力致,10,0,10,福邦證券,2024-08-26,6480
6108,競國,10,0,10,福邦證券,2024-08-26,6480
7402,邑錡,10,0,10,福邦證券,2024-08-26,6480
2108,南帝,9,0,9,福邦證券,2024-08-26,6480
6139,亞翔,9,0,9,福邦證券,2024-08-26,6480
8027,鈦昇,10,1,9,福邦證券,2024-08-26,6480
5263,智崴,8,0,8,福邦證券,2024-08-26,6480
5481,新華,10,2,8,福邦證券,2024-08-26,6480
2365,昆盈,7,0,7,福邦證券,2024-08-26,6480
2368,金像電,7,0,7,福邦證券,2024-08-26,6480
3260,威剛,7,0,7,福邦證券,2024-08-26,6480
00679B,元大美債20年,655,16,639,福邦證券,2024-08-27,6480
3481,群創,401,8,393,福邦證券,2024-08-27,6480
3033,威健,306,3,303,福邦證券,2024-08-27,6480
3450,聯鈞,162,13,149,福邦證券,2024-08-27,6480
00632R,元大台灣50反1,140,0,140,福邦證券,2024-08-27,6480
1409,新纖,90,0,90,福邦證券,2024-08-27,6480
2317,鴻海,80,0,80,福邦證券,2024-08-27,6480
2376,技嘉,80,0,80,福邦證券,2024-08-27,6480
9945,潤泰新,80,0,80,福邦證券,2024-08-27,6480
1586,和勤,72,0,72,福邦證券,2024-08-27,6480
6284,佳邦,90,20,70,福邦證券,2024-08-27,6480
2609,陽明,54,0,54,福邦證券,2024-08-27,6480
1540,喬福,50,0,50,福邦證券,2024-08-27,6480
1773,勝一,50,0,50,福邦證券,2024-08-27,6480
2424,隴華,50,0,50,福邦證券,2024-08-27,6480
2330,台積電,53,5,48,福邦證券,2024-08-27,6480
2504,國產,46,0,46,福邦證券,2024-08-27,6480
5243,乙盛-KY,40,0,40,福邦證券,2024-08-27,6480
00878,國泰永續高股息,36,0,36,福邦證券,2024-08-27,6480
3479,安勤,36,0,36,福邦證券,2024-08-27,6480
3036,文曄,33,0,33,福邦證券,2024-08-27,6480
4755,三福化,30,0,30,福邦證券,2024-08-27,6480
6431,光麗-KY,30,0,30,福邦證券,2024-08-27,6480
3231,緯創,26,0,26,福邦證券,2024-08-27,6480
3537,堡達,20,0,20,福邦證券,2024-08-27,6480
6535,順藥,17,0,17,福邦證券,2024-08-27,6480
3535,晶彩科,11,0,11,福邦證券,2024-08-27,6480
2409,友達,25,15,10,福邦證券,2024-08-27,6480
2886,兆豐金,10,0,10,福邦證券,2024-08-27,6480
3024,憶聲,10,0,10,福邦證券,2024-08-27,6480
3217,優群,10,0,10,福邦證券,2024-08-27,6480
3518,柏騰,10,0,10,福邦證券,2024-08-27,6480
3707,漢磊,11,1,10,福邦證券,2024-08-27,6480
6139,亞翔,10,0,10,福邦證券,2024-08-27,6480
2108,南帝,9,0,9,福邦證券,2024-08-27,6480
4510,高鋒,10,1,9,福邦證券,2024-08-27,6480
5225,東科-KY,10,2,8,福邦證券,2024-08-27,6480
6781,AES-KY,8,0,8,福邦證券,2024-08-27,6480
8937,合騏,8,0,8,福邦證券,2024-08-27,6480
3040,遠見,7,0,7,福邦證券,2024-08-27,6480
4967,十銓,12,5,7,福邦證券,2024-08-27,6480
5481,新華,7,0,7,福邦證券,2024-08-27,6480
2891,中信金,6,0,6,福邦證券,2024-08-27,6480
00687B,國泰20年美債,5,0,5,福邦證券,2024-08-27,6480
2607,榮運,5,0,5,福邦證券,2024-08-27,6480
2887,台新金,5,0,5,福邦證券,2024-08-27,6480
3167,大量,5,0,5,福邦證券,2024-08-27,6480
4714,永捷,5,0,5,福邦證券,2024-08-27,6480
6170,統振,5,0,5,福邦證券,2024-08-27,6480
6609,瀧澤科,10,5,5,福邦證券,2024-08-27,6480
00679B,元大美債20年,651,10,641,福邦證券,2024-08-28,6480
3450,聯鈞,323,8,315,福邦證券,2024-08-28,6480
8374,羅昇,201,1,200,福邦證券,2024-08-28,6480
3481,群創,203,17,186,福邦證券,2024-08-28,6480
00632R,元大台灣50反1,120,0,120,福邦證券,2024-08-28,6480
6284,佳邦,111,0,111,福邦證券,2024-08-28,6480
6278,台表科,75,0,75,福邦證券,2024-08-28,6480
1314,中石化,50,0,50,福邦證券,2024-08-28,6480
4526,東台,51,6,45,福邦證券,2024-08-28,6480
2317,鴻海,66,22,44,福邦證券,2024-08-28,6480
1586,和勤,41,0,41,福邦證券,2024-08-28,6480
1786,科妍,40,0,40,福邦證券,2024-08-28,6480
00715L,期街口布蘭特正2,44,10,34,福邦證券,2024-08-28,6480
4561,健椿,30,0,30,福邦證券,2024-08-28,6480
6274,台燿,29,0,29,福邦證券,2024-08-28,6480
3058,立德,40,11,29,福邦證券,2024-08-28,6480
3303,岱稜,29,0,29,福邦證券,2024-08-28,6480
4729,熒茂,23,0,23,福邦證券,2024-08-28,6480
1313,聯成,20,0,20,福邦證券,2024-08-28,6480
00929,復華台灣科技優息,20,0,20,福邦證券,2024-08-28,6480
3024,憶聲,20,0,20,福邦證券,2024-08-28,6480
5522,遠雄,20,0,20,福邦證券,2024-08-28,6480
6829,千附精密,20,0,20,福邦證券,2024-08-28,6480
8027,鈦昇,20,0,20,福邦證券,2024-08-28,6480
8064,東捷,20,0,20,福邦證券,2024-08-28,6480
8464,億豐,20,0,20,福邦證券,2024-08-28,6480
2886,兆豐金,15,0,15,福邦證券,2024-08-28,6480
4555,氣立,11,0,11,福邦證券,2024-08-28,6480
6957,裕慶-KY,11,0,11,福邦證券,2024-08-28,6480
00919,群益台灣精選高息,10,0,10,福邦證券,2024-08-28,6480
4533,協易機,13,3,10,福邦證券,2024-08-28,6480
00878,國泰永續高股息,10,2,8,福邦證券,2024-08-28,6480
6175,立敦,8,0,8,福邦證券,2024-08-28,6480
6788,華景電,8,0,8,福邦證券,2024-08-28,6480
2385,群光,7,0,7,福邦證券,2024-08-28,6480
2504,國產,7,0,7,福邦證券,2024-08-28,6480
6412,群電,7,0,7,福邦證券,2024-08-28,6480
1522,堤維西,6,0,6,福邦證券,2024-08-28,6480
3362,先進光,6,0,6,福邦證券,2024-08-28,6480
6449,鈺邦,6,0,6,福邦證券,2024-08-28,6480
2477,美隆電,5,0,5,福邦證券,2024-08-28,6480
2486,一詮,17,12,5,福邦證券,2024-08-28,6480
3008,大立光,5,0,5,福邦證券,2024-08-28,6480
3673,TPK-KY,5,0,5,福邦證券,2024-08-28,6480
4102,永日,5,0,5,福邦證券,2024-08-28,6480
6509,聚和,5,0,5,福邦證券,2024-08-28,6480
2392,正崴,4,0,4,福邦證券,2024-08-28,6480
2891,中信金,7,3,4,福邦證券,2024-08-28,6480
3518,柏騰,4,0,4,福邦證券,2024-08-28,6480
3581,博磊,6,2,4,福邦證券,2024-08-28,6480
3481,群創,104,0,104,福邦證券,2024-08-29,6480
3081,聯亞,103,5,98,福邦證券,2024-08-29,6480
00720B,元大投資級公司債,96,0,96,福邦證券,2024-08-29,6480
9945,潤泰新,93,0,93,福邦證券,2024-08-29,6480
2812,台中銀,84,0,84,福邦證券,2024-08-29,6480
3011,今皓,80,0,80,福邦證券,2024-08-29,6480
3062,建漢,62,1,61,福邦證券,2024-08-29,6480
00929,復華台灣科技優息,60,0,60,福邦證券,2024-08-29,6480
00937B,群益ESG投等債20,53,0,53,福邦證券,2024-08-29,6480
3290,東浦,52,0,52,福邦證券,2024-08-29,6480
2888,新光金,35,0,35,福邦證券,2024-08-29,6480
00751B,元大AAA至A公司債,35,0,35,福邦證券,2024-08-29,6480
6664,群翊,41,6,35,福邦證券,2024-08-29,6480
00940,元大台灣價值高息,30,0,30,福邦證券,2024-08-29,6480
1736,喬山,30,0,30,福邦證券,2024-08-29,6480
3058,立德,39,10,29,福邦證券,2024-08-29,6480
2464,盟立,30,3,27,福邦證券,2024-08-29,6480
6278,台表科,25,0,25,福邦證券,2024-08-29,6480
00948B,中信優息投資級債,22,0,22,福邦證券,2024-08-29,6480
2313,華通,27,5,22,福邦證券,2024-08-29,6480
3518,柏騰,22,0,22,福邦證券,2024-08-29,6480
3303,岱稜,20,0,20,福邦證券,2024-08-29,6480
5522,遠雄,18,0,18,福邦證券,2024-08-29,6480
1586,和勤,34,17,17,福邦證券,2024-08-29,6480
2891,中信金,22,5,17,福邦證券,2024-08-29,6480
5351,鈺創,16,0,16,福邦證券,2024-08-29,6480
1727,中華化,27,12,15,福邦證券,2024-08-29,6480
4961,天鈺,15,0,15,福邦證券,2024-08-29,6480
2454,聯發科,14,0,14,福邦證券,2024-08-29,6480
3149,正達,13,0,13,福邦證券,2024-08-29,6480
00687B,國泰20年美債,11,0,11,福邦證券,2024-08-29,6480
00919,群益台灣精選高息,11,0,11,福邦證券,2024-08-29,6480
3591,艾笛森,11,0,11,福邦證券,2024-08-29,6480
4563,百德,14,3,11,福邦證券,2024-08-29,6480
2371,大同,10,0,10,福邦證券,2024-08-29,6480
3006,晶豪科,10,0,10,福邦證券,2024-08-29,6480
3040,遠見,10,0,10,福邦證券,2024-08-29,6480
3219,倚強科,10,0,10,福邦證券,2024-08-29,6480
3587,閎康,10,0,10,福邦證券,2024-08-29,6480
5452,佶優,10,0,10,福邦證券,2024-08-29,6480
5481,新華,10,0,10,福邦證券,2024-08-29,6480
6617,共信-KY,10,0,10,福邦證券,2024-08-29,6480
8011,台通,10,0,10,福邦證券,2024-08-29,6480
1536,和大,10,1,9,福邦證券,2024-08-29,6480
5225,東科-KY,10,1,9,福邦證券,2024-08-29,6480
5263,智崴,13,4,9,福邦證券,2024-08-29,6480
4909,新復興,10,2,8,福邦證券,2024-08-29,6480
2417,圓剛,10,3,7,福邦證券,2024-08-29,6480
3673,TPK-KY,9,2,7,福邦證券,2024-08-29,6480
2353,宏��,6,0,6,福邦證券,2024-08-29,6480
3701,大眾控,454,0,454,福邦證券,2024-08-30,6480
00632R,元大台灣50反1,180,0,180,福邦證券,2024-08-30,6480
5443,均豪,160,3,157,福邦證券,2024-08-30,6480
1409,新纖,130,0,130,福邦證券,2024-08-30,6480
2888,新光金,126,9,117,福邦證券,2024-08-30,6480
1586,和勤,58,2,56,福邦證券,2024-08-30,6480
2312,金寶,50,3,47,福邦證券,2024-08-30,6480
1718,中纖,40,0,40,福邦證券,2024-08-30,6480
1528,恩德,40,0,40,福邦證券,2024-08-30,6480
2330,台積電,51,14,37,福邦證券,2024-08-30,6480
3363,上詮,36,3,33,福邦證券,2024-08-30,6480
2504,國產,29,0,29,福邦證券,2024-08-30,6480
2313,華通,29,2,27,福邦證券,2024-08-30,6480
2489,瑞軒,27,2,25,福邦證券,2024-08-30,6480
3481,群創,22,0,22,福邦證券,2024-08-30,6480
3673,TPK-KY,21,0,21,福邦證券,2024-08-30,6480
3036,文曄,20,0,20,福邦證券,2024-08-30,6480
3680,家登,20,0,20,福邦證券,2024-08-30,6480
3689,湧德,21,1,20,福邦證券,2024-08-30,6480
00937B,群益ESG投等債20,18,0,18,福邦證券,2024-08-30,6480
2603,長榮,20,2,18,福邦證券,2024-08-30,6480
3010,華立,18,0,18,福邦證券,2024-08-30,6480
4303,信立,19,1,18,福邦證券,2024-08-30,6480
2891,中信金,16,0,16,福邦證券,2024-08-30,6480
2401,凌陽,12,0,12,福邦證券,2024-08-30,6480
3213,茂訊,12,0,12,福邦證券,2024-08-30,6480
8110,華東,11,0,11,福邦證券,2024-08-30,6480
1569,濱川,10,0,10,福邦證券,2024-08-30,6480
00751B,元大AAA至A公司債,10,0,10,福邦證券,2024-08-30,6480
00948B,中信優息投資級債,10,0,10,福邦證券,2024-08-30,6480
2377,微星,11,1,10,福邦證券,2024-08-30,6480
3219,倚強科,10,0,10,福邦證券,2024-08-30,6480
3313,斐成,10,0,10,福邦證券,2024-08-30,6480
4147,中裕,10,0,10,福邦證券,2024-08-30,6480
6761,穩得,10,0,10,福邦證券,2024-08-30,6480
2108,南帝,9,0,9,福邦證券,2024-08-30,6480
00959B,大華投等美債15Y+,8,0,8,福邦證券,2024-08-30,6480
3141,晶宏,8,0,8,福邦證券,2024-08-30,6480
4958,臻鼎-KY,9,1,8,福邦證券,2024-08-30,6480
8011,台通,7,0,7,福邦證券,2024-08-30,6480
00679B,元大美債20年,6,0,6,福邦證券,2024-08-30,6480
3615,安可,6,0,6,福邦證券,2024-08-30,6480
5225,東科-KY,26,20,6,福邦證券,2024-08-30,6480
6141,柏承,6,0,6,福邦證券,2024-08-30,6480
6274,台燿,11,5,6,福邦證券,2024-08-30,6480
6288,聯嘉,11,5,6,福邦證券,2024-08-30,6480
2486,一詮,5,0,5,福邦證券,2024-08-30,6480
3040,遠見,5,0,5,福邦證券,2024-08-30,6480
3189,景碩,12,7,5,福邦證券,2024-08-30,6480
4711,永純,5,0,5,福邦證券,2024-08-30,6480
2891,中信金,3792,4,3788,福邦證券,2024-09-02,6480
2887,台新金,1750,0,1750,福邦證券,2024-09-02,6480
2888,新光金,925,1,924,福邦證券,2024-09-02,6480
3701,大眾控,400,0,400,福邦證券,2024-09-02,6480
3264,欣銓,300,0,300,福邦證券,2024-09-02,6480
1409,新纖,70,0,70,福邦證券,2024-09-02,6480
00715L,期街口布蘭特正2,59,0,59,福邦證券,2024-09-02,6480
6706,惠特,56,9,47,福邦證券,2024-09-02,6480
1477,聚陽,46,0,46,福邦證券,2024-09-02,6480
3047,訊舟,59,14,45,福邦證券,2024-09-02,6480
1313,聯成,40,0,40,福邦證券,2024-09-02,6480
2376,技嘉,40,0,40,福邦證券,2024-09-02,6480
1586,和勤,38,0,38,福邦證券,2024-09-02,6480
1513,中興電,32,1,31,福邦證券,2024-09-02,6480
1456,怡華,30,0,30,福邦證券,2024-09-02,6480
00637L,元大滬深300正2,30,0,30,福邦證券,2024-09-02,6480
1795,美時,30,0,30,福邦證券,2024-09-02,6480
2515,中工,27,0,27,福邦證券,2024-09-02,6480
8039,台虹,27,0,27,福邦證券,2024-09-02,6480
2504,國產,23,0,23,福邦證券,2024-09-02,6480
3518,柏騰,25,2,23,福邦證券,2024-09-02,6480
6187,萬潤,22,0,22,福邦證券,2024-09-02,6480
1528,恩德,20,0,20,福邦證券,2024-09-02,6480
3434,哲固,20,0,20,福邦證券,2024-09-02,6480
4513,福裕,20,0,20,福邦證券,2024-09-02,6480
8064,東捷,18,0,18,福邦證券,2024-09-02,6480
5522,遠雄,16,0,16,福邦證券,2024-09-02,6480
4576,大銀微系統,15,0,15,福邦證券,2024-09-02,6480
6739,竹陞科技,14,0,14,福邦證券,2024-09-02,6480
00795B,中信美國公債20年,13,0,13,福邦證券,2024-09-02,6480
2603,長榮,12,0,12,福邦證券,2024-09-02,6480
3189,景碩,21,10,11,福邦證券,2024-09-02,6480
2308,台達電,10,0,10,福邦證券,2024-09-02,6480
2607,榮運,10,0,10,福邦證券,2024-09-02,6480
2886,兆豐金,10,0,10,福邦證券,2024-09-02,6480
3362,先進光,10,0,10,福邦證券,2024-09-02,6480
3587,閎康,10,0,10,福邦證券,2024-09-02,6480
4571,鈞興-KY,10,0,10,福邦證券,2024-09-02,6480
5443,均豪,215,205,10,福邦證券,2024-09-02,6480
2401,凌陽,8,0,8,福邦證券,2024-09-02,6480
3522,御嵿,8,0,8,福邦證券,2024-09-02,6480
8147,正淩,8,0,8,福邦證券,2024-09-02,6480
3481,群創,6,0,6,福邦證券,2024-09-02,6480
00679B,元大美債20年,6,0,6,福邦證券,2024-09-02,6480
2351,順德,6,0,6,福邦證券,2024-09-02,6480
3044,健鼎,6,0,6,福邦證券,2024-09-02,6480
8996,高力,6,0,6,福邦證券,2024-09-02,6480
00680L,元大美債20正2,5,0,5,福邦證券,2024-09-02,6480
3058,立德,12,7,5,福邦證券,2024-09-02,6480
4549,桓達,10,5,5,福邦證券,2024-09-02,6480
3450,聯鈞,402,6,396,福邦證券,2024-09-03,6480
8076,伍豐,200,4,196,福邦證券,2024-09-03,6480
2891,中信金,152,11,141,福邦證券,2024-09-03,6480
2383,台光電,97,0,97,福邦證券,2024-09-03,6480
5443,均豪,104,11,93,福邦證券,2024-09-03,6480
8039,台虹,78,0,78,福邦證券,2024-09-03,6480
3481,群創,73,1,72,福邦證券,2024-09-03,6480
1409,新纖,100,41,59,福邦證券,2024-09-03,6480
2618,長榮航,55,5,50,福邦證券,2024-09-03,6480
2882,國泰金,32,1,31,福邦證券,2024-09-03,6480
3047,訊舟,30,0,30,福邦證券,2024-09-03,6480
2504,國產,20,0,20,福邦證券,2024-09-03,6480
2881,富邦金,20,0,20,福邦證券,2024-09-03,6480
00679B,元大美債20年,20,1,19,福邦證券,2024-09-03,6480
3062,建漢,23,7,16,福邦證券,2024-09-03,6480
2609,陽明,13,0,13,福邦證券,2024-09-03,6480
00712,復華富時不動產,12,0,12,福邦證券,2024-09-03,6480
1475,業旺,12,0,12,福邦證券,2024-09-03,6480
00946,群益科技高息成長,12,0,12,福邦證券,2024-09-03,6480
00940,元大台灣價值高息,12,0,12,福邦證券,2024-09-03,6480
3537,堡達,12,0,12,福邦證券,2024-09-03,6480
6829,千附精密,12,0,12,福邦證券,2024-09-03,6480
8027,鈦昇,12,1,11,福邦證券,2024-09-03,6480
00934,中信成長高股息,10,0,10,福邦證券,2024-09-03,6480
00945B,凱基美國非投等債,10,0,10,福邦證券,2024-09-03,6480
00655L,國泰中國A50正2,10,0,10,福邦證券,2024-09-03,6480
00918,大華優利高填息30,10,0,10,福邦證券,2024-09-03,6480
1727,中華化,10,0,10,福邦證券,2024-09-03,6480
1786,科妍,10,0,10,福邦證券,2024-09-03,6480
2357,華碩,10,0,10,福邦證券,2024-09-03,6480
2845,遠東銀,10,0,10,福邦證券,2024-09-03,6480
4739,康普,9,0,9,福邦證券,2024-09-03,6480
6788,華景電,15,6,9,福邦證券,2024-09-03,6480
3707,漢磊,8,0,8,福邦證券,2024-09-03,6480
1795,美時,10,2,8,福邦證券,2024-09-03,6480
3024,憶聲,10,2,8,福邦證券,2024-09-03,6480
6957,裕慶-KY,10,2,8,福邦證券,2024-09-03,6480
3518,柏騰,7,0,7,福邦證券,2024-09-03,6480
3013,晟銘電,16,10,6,福邦證券,2024-09-03,6480
3037,欣興,6,0,6,福邦證券,2024-09-03,6480
4303,信立,7,1,6,福邦證券,2024-09-03,6480
6187,萬潤,8,2,6,福邦證券,2024-09-03,6480
1734,杏輝,5,0,5,福邦證券,2024-09-03,6480
00680L,元大美債20正2,5,0,5,福邦證券,2024-09-03,6480
1301,台塑,5,0,5,福邦證券,2024-09-03,6480
2352,佳世達,5,0,5,福邦證券,2024-09-03,6480
3617,碩天,5,0,5,福邦證券,2024-09-03,6480
3706,神達,5,0,5,福邦證券,2024-09-03,6480
6213,聯茂,10,5,5,福邦證券,2024-09-03,6480
00929,復華台灣科技優息,10,6,4,福邦證券,2024-09-03,6480
2887,台新金,1751,0,1751,福邦證券,2024-09-04,6480
2888,新光金,854,17,837,福邦證券,2024-09-04,6480
2883,凱基金,631,0,631,福邦證券,2024-09-04,6480
3711,日月光投控,501,0,501,福邦證券,2024-09-04,6480
00929,復華台灣科技優息,283,0,283,福邦證券,2024-09-04,6480
2382,廣達,227,0,227,福邦證券,2024-09-04,6480
3058,立德,164,10,154,福邦證券,2024-09-04,6480
3450,聯鈞,150,4,146,福邦證券,2024-09-04,6480
2812,台中銀,84,0,84,福邦證券,2024-09-04,6480
2707,晶華,75,0,75,福邦證券,2024-09-04,6480
4958,臻鼎-KY,75,8,67,福邦證券,2024-09-04,6480
1815,富喬,104,41,63,福邦證券,2024-09-04,6480
00919,群益台灣精選高息,45,0,45,福邦證券,2024-09-04,6480
2330,台積電,191,152,39,福邦證券,2024-09-04,6480
3037,欣興,39,1,38,福邦證券,2024-09-04,6480
3537,堡達,38,0,38,福邦證券,2024-09-04,6480
6279,胡連,36,0,36,福邦證券,2024-09-04,6480
3081,聯亞,30,0,30,福邦證券,2024-09-04,6480
4971,IET-KY,30,0,30,福邦證券,2024-09-04,6480
00878,國泰永續高股息,29,1,28,福邦證券,2024-09-04,6480
2892,第一金,25,0,25,福邦證券,2024-09-04,6480
8171,天宇,25,0,25,福邦證券,2024-09-04,6480
00715L,期街口布蘭特正2,23,0,23,福邦證券,2024-09-04,6480
1586,和勤,22,0,22,福邦證券,2024-09-04,6480
5225,東科-KY,28,6,22,福邦證券,2024-09-04,6480
1536,和大,20,0,20,福邦證券,2024-09-04,6480
1605,華新,20,0,20,福邦證券,2024-09-04,6480
3289,宜特,20,0,20,福邦證券,2024-09-04,6480
3303,岱稜,20,0,20,福邦證券,2024-09-04,6480
6170,統振,20,0,20,福邦證券,2024-09-04,6480
6284,佳邦,20,0,20,福邦證券,2024-09-04,6480
2606,裕民,17,0,17,福邦證券,2024-09-04,6480
2607,榮運,15,0,15,福邦證券,2024-09-04,6480
5234,達興材料,15,0,15,福邦證券,2024-09-04,6480
3481,群創,15,1,14,福邦證券,2024-09-04,6480
00679B,元大美債20年,14,0,14,福邦證券,2024-09-04,6480
2353,宏��,15,2,13,福邦證券,2024-09-04,6480
6187,萬潤,15,2,13,福邦證券,2024-09-04,6480
00951,台新日本半導體,12,0,12,福邦證券,2024-09-04,6480
8070,長華*,12,0,12,福邦證券,2024-09-04,6480
4549,桓達,11,0,11,福邦證券,2024-09-04,6480
00720B,元大投資級公司債,10,0,10,福邦證券,2024-09-04,6480
1795,美時,11,1,10,福邦證券,2024-09-04,6480
2027,大成鋼,20,10,10,福邦證券,2024-09-04,6480
2258,鴻華先進-創,18,8,10,福邦證券,2024-09-04,6480
2371,大同,15,5,10,福邦證券,2024-09-04,6480
3217,優群,10,0,10,福邦證券,2024-09-04,6480
4513,福裕,10,0,10,福邦證券,2024-09-04,6480
6278,台表科,12,2,10,福邦證券,2024-09-04,6480
8996,高力,11,1,10,福邦證券,2024-09-04,6480
00632R,元大台灣50反1,253,0,253,福邦證券,2024-09-05,6480
2455,全新,176,0,176,福邦證券,2024-09-05,6480
3450,聯鈞,79,0,79,福邦證券,2024-09-05,6480
9945,潤泰新,60,0,60,福邦證券,2024-09-05,6480
1537,廣隆,58,0,58,福邦證券,2024-09-05,6480
1409,新纖,81,33,48,福邦證券,2024-09-05,6480
2382,廣達,34,0,34,福邦證券,2024-09-05,6480
00940,元大台灣價值高息,30,0,30,福邦證券,2024-09-05,6480
3167,大量,30,0,30,福邦證券,2024-09-05,6480
3081,聯亞,29,0,29,福邦證券,2024-09-05,6480
00919,群益台灣精選高息,23,0,23,福邦證券,2024-09-05,6480
00715L,期街口布蘭特正2,21,0,21,福邦證券,2024-09-05,6480
00929,復華台灣科技優息,19,0,19,福邦證券,2024-09-05,6480
1586,和勤,17,0,17,福邦證券,2024-09-05,6480
3213,茂訊,17,0,17,福邦證券,2024-09-05,6480
3481,群創,17,0,17,福邦證券,2024-09-05,6480
2454,聯發科,15,0,15,福邦證券,2024-09-05,6480
5234,達興材料,15,0,15,福邦證券,2024-09-05,6480
2317,鴻海,16,1,15,福邦證券,2024-09-05,6480
2888,新光金,32,19,13,福邦證券,2024-09-05,6480
8996,高力,13,0,13,福邦證券,2024-09-05,6480
1815,富喬,12,0,12,福邦證券,2024-09-05,6480
00642U,期元大S＆P石油,10,0,10,福邦證券,2024-09-05,6480
2236,百達-KY,10,0,10,福邦證券,2024-09-05,6480
2371,大同,10,0,10,福邦證券,2024-09-05,6480
3047,訊舟,11,1,10,福邦證券,2024-09-05,6480
4536,拓凱,10,0,10,福邦證券,2024-09-05,6480
2867,三商壽,8,0,8,福邦證券,2024-09-05,6480
3040,遠見,7,0,7,福邦證券,2024-09-05,6480
3234,光環,7,0,7,福邦證券,2024-09-05,6480
4576,大銀微系統,10,3,7,福邦證券,2024-09-05,6480
2356,英業達,6,0,6,福邦證券,2024-09-05,6480
2704,國賓,5,0,5,福邦證券,2024-09-05,6480
3211,順達,5,0,5,福邦證券,2024-09-05,6480
4961,天鈺,5,0,5,福邦證券,2024-09-05,6480
6526,達發,5,0,5,福邦證券,2024-09-05,6480
2002,中鋼,4,0,4,福邦證券,2024-09-05,6480
2368,金像電,4,0,4,福邦證券,2024-09-05,6480
3374,精材,4,0,4,福邦證券,2024-09-05,6480
5443,均豪,8,4,4,福邦證券,2024-09-05,6480
6143,振曜,4,0,4,福邦證券,2024-09-05,6480
00878,國泰永續高股息,3,0,3,福邦證券,2024-09-05,6480
00952,凱基台灣AI50,3,0,3,福邦證券,2024-09-05,6480
00946,群益科技高息成長,3,0,3,福邦證券,2024-09-05,6480
2228,劍麟,3,0,3,福邦證券,2024-09-05,6480
3024,憶聲,3,0,3,福邦證券,2024-09-05,6480
5225,東科-KY,3,0,3,福邦證券,2024-09-05,6480
6165,浪凡,3,0,3,福邦證券,2024-09-05,6480
6640,均華,3,0,3,福邦證券,2024-09-05,6480
8091,翔名,3,0,3,福邦證券,2024-09-05,6480
2887,台新金,1000,0,1000,福邦證券,2024-09-06,6480
00687B,國泰20年美債,601,10,591,福邦證券,2024-09-06,6480
2383,台光電,200,1,199,福邦證券,2024-09-06,6480
00632R,元大台灣50反1,300,200,100,福邦證券,2024-09-06,6480
2317,鴻海,87,0,87,福邦證券,2024-09-06,6480
2371,大同,75,5,70,福邦證券,2024-09-06,6480
2376,技嘉,50,0,50,福邦證券,2024-09-06,6480
8467,波力-KY,50,0,50,福邦證券,2024-09-06,6480
3376,新日興,47,0,47,福邦證券,2024-09-06,6480
3455,由田,40,0,40,福邦證券,2024-09-06,6480
2330,台積電,45,7,38,福邦證券,2024-09-06,6480
2891,中信金,35,0,35,福邦證券,2024-09-06,6480
00715L,期街口布蘭特正2,31,0,31,福邦證券,2024-09-06,6480
2455,全新,30,0,30,福邦證券,2024-09-06,6480
3293,鈊象,29,0,29,福邦證券,2024-09-06,6480
3058,立德,41,19,22,福邦證券,2024-09-06,6480
00945B,凱基美國非投等債,21,0,21,福邦證券,2024-09-06,6480
1605,華新,20,0,20,福邦證券,2024-09-06,6480
5236,凌陽創新,20,0,20,福邦證券,2024-09-06,6480
3437,榮創,14,0,14,福邦證券,2024-09-06,6480
8906,花王,14,0,14,福邦證券,2024-09-06,6480
1815,富喬,10,0,10,福邦證券,2024-09-06,6480
3008,大立光,10,0,10,福邦證券,2024-09-06,6480
4989,榮科,10,0,10,福邦證券,2024-09-06,6480
6223,旺矽,10,0,10,福邦證券,2024-09-06,6480
6278,台表科,10,0,10,福邦證券,2024-09-06,6480
6757,台灣虎航,10,0,10,福邦證券,2024-09-06,6480
8279,生展,10,0,10,福邦證券,2024-09-06,6480
3581,博磊,10,1,9,福邦證券,2024-09-06,6480
8927,北基,8,0,8,福邦證券,2024-09-06,6480
6869,雲豹能源,7,0,7,福邦證券,2024-09-06,6480
2337,旺宏,5,0,5,福邦證券,2024-09-06,6480
1586,和勤,5,0,5,福邦證券,2024-09-06,6480
2108,南帝,5,0,5,福邦證券,2024-09-06,6480
2883,凱基金,10,5,5,福邦證券,2024-09-06,6480
3040,遠見,5,0,5,福邦證券,2024-09-06,6480
4513,福裕,5,0,5,福邦證券,2024-09-06,6480
5234,達興材料,5,0,5,福邦證券,2024-09-06,6480
6753,龍德造船,5,0,5,福邦證券,2024-09-06,6480
8996,高力,7,2,5,福邦證券,2024-09-06,6480
00878,國泰永續高股息,4,0,4,福邦證券,2024-09-06,6480
3481,群創,6,2,4,福邦證券,2024-09-06,6480
6546,正基,4,0,4,福邦證券,2024-09-06,6480
6695,芯鼎,4,0,4,福邦證券,2024-09-06,6480
2467,志聖,3,0,3,福邦證券,2024-09-06,6480
2497,怡利電,5,2,3,福邦證券,2024-09-06,6480
2515,中工,3,0,3,福邦證券,2024-09-06,6480
3150,鈺寶-創,3,0,3,福邦證券,2024-09-06,6480
3518,柏騰,3,0,3,福邦證券,2024-09-06,6480
3546,宇峻,3,0,3,福邦證券,2024-09-06,6480
2887,台新金,1000,0,1000,福邦證券,2024-09-09,6480
3702,大聯大,195,0,195,福邦證券,2024-09-09,6480
6239,力成,184,0,184,福邦證券,2024-09-09,6480
00680L,元大美債20正2,350,190,160,福邦證券,2024-09-09,6480
3450,聯鈞,98,0,98,福邦證券,2024-09-09,6480
8454,富邦媒,90,0,90,福邦證券,2024-09-09,6480
00929,復華台灣科技優息,112,30,82,福邦證券,2024-09-09,6480
1477,聚陽,66,0,66,福邦證券,2024-09-09,6480
2308,台達電,65,0,65,福邦證券,2024-09-09,6480
4938,和碩,51,0,51,福邦證券,2024-09-09,6480
3664,安瑞-KY,50,0,50,福邦證券,2024-09-09,6480
6176,瑞儀,40,0,40,福邦證券,2024-09-09,6480
2330,台積電,39,1,38,福邦證券,2024-09-09,6480
2317,鴻海,39,4,35,福邦證券,2024-09-09,6480
00951,台新日本半導體,30,0,30,福邦證券,2024-09-09,6480
2395,研華,25,0,25,福邦證券,2024-09-09,6480
8996,高力,35,10,25,福邦證券,2024-09-09,6480
2059,川湖,24,0,24,福邦證券,2024-09-09,6480
6111,大宇資,23,0,23,福邦證券,2024-09-09,6480
2049,上銀,20,0,20,福邦證券,2024-09-09,6480
2379,瑞昱,20,0,20,福邦證券,2024-09-09,6480
3443,創意,14,0,14,福邦證券,2024-09-09,6480
2891,中信金,14,0,14,福邦證券,2024-09-09,6480
3522,御嵿,11,0,11,福邦證券,2024-09-09,6480
1785,光洋科,12,2,10,福邦證券,2024-09-09,6480
2376,技嘉,10,0,10,福邦證券,2024-09-09,6480
6223,旺矽,10,0,10,福邦證券,2024-09-09,6480
00751B,元大AAA至A公司債,9,0,9,福邦證券,2024-09-09,6480
00919,群益台灣精選高息,8,0,8,福邦證券,2024-09-09,6480
4128,中天,8,0,8,福邦證券,2024-09-09,6480
4763,材料-KY,8,0,8,福邦證券,2024-09-09,6480
8426,紅木-KY,7,0,7,福邦證券,2024-09-09,6480
5434,崇越,6,0,6,福邦證券,2024-09-09,6480
8111,立��,6,0,6,福邦證券,2024-09-09,6480
00679B,元大美債20年,5,0,5,福邦證券,2024-09-09,6480
00940,元大台灣價值高息,20,15,5,福邦證券,2024-09-09,6480
2454,聯發科,5,0,5,福邦證券,2024-09-09,6480
2939,永邑-KY,5,0,5,福邦證券,2024-09-09,6480
4576,大銀微系統,6,1,5,福邦證券,2024-09-09,6480
6120,達運,15,10,5,福邦證券,2024-09-09,6480
6829,千附精密,5,0,5,福邦證券,2024-09-09,6480
1101,台泥,4,0,4,福邦證券,2024-09-09,6480
00713,元大台灣高息低波,3,0,3,福邦證券,2024-09-09,6480
2258,鴻華先進-創,3,0,3,福邦證券,2024-09-09,6480
1467,南緯,3,0,3,福邦證券,2024-09-09,6480
2362,藍天,3,0,3,福邦證券,2024-09-09,6480
2867,三商壽,5,2,3,福邦證券,2024-09-09,6480
3013,晟銘電,5,2,3,福邦證券,2024-09-09,6480
3040,遠見,3,0,3,福邦證券,2024-09-09,6480
6215,和椿,12,9,3,福邦證券,2024-09-09,6480
2887,台新金,1000,0,1000,福邦證券,2024-09-10,6480
00680L,元大美債20正2,300,0,300,福邦證券,2024-09-10,6480
2376,技嘉,100,0,100,福邦證券,2024-09-10,6480
2377,微星,100,0,100,福邦證券,2024-09-10,6480
2382,廣達,120,28,92,福邦證券,2024-09-10,6480
3058,立德,88,8,80,福邦證券,2024-09-10,6480
2027,大成鋼,62,0,62,福邦證券,2024-09-10,6480
3062,建漢,60,0,60,福邦證券,2024-09-10,6480
4564,元翎,51,0,51,福邦證券,2024-09-10,6480
1319,東陽,52,2,50,福邦證券,2024-09-10,6480
3450,聯鈞,52,2,50,福邦證券,2024-09-10,6480
2504,國產,45,0,45,福邦證券,2024-09-10,6480
2105,正新,30,0,30,福邦證券,2024-09-10,6480
4909,新復興,31,1,30,福邦證券,2024-09-10,6480
00929,復華台灣科技優息,26,0,26,福邦證券,2024-09-10,6480
2383,台光電,25,1,24,福邦證券,2024-09-10,6480
00940,元大台灣價值高息,23,0,23,福邦證券,2024-09-10,6480
3481,群創,22,0,22,福邦證券,2024-09-10,6480
2891,中信金,22,1,21,福邦證券,2024-09-10,6480
00951,台新日本半導體,20,0,20,福邦證券,2024-09-10,6480
00946,群益科技高息成長,20,0,20,福邦證券,2024-09-10,6480
4763,材料-KY,17,0,17,福邦證券,2024-09-10,6480
3518,柏騰,16,0,16,福邦證券,2024-09-10,6480
006208,富邦台50,13,0,13,福邦證券,2024-09-10,6480
2317,鴻海,14,3,11,福邦證券,2024-09-10,6480
3708,上緯投控,11,0,11,福邦證券,2024-09-10,6480
6170,統振,11,0,11,福邦證券,2024-09-10,6480
4729,熒茂,16,5,11,福邦證券,2024-09-10,6480
1536,和大,10,0,10,福邦證券,2024-09-10,6480
1309,台達化,10,0,10,福邦證券,2024-09-10,6480
1605,華新,10,0,10,福邦證券,2024-09-10,6480
1815,富喬,12,2,10,福邦證券,2024-09-10,6480
1786,科妍,10,0,10,福邦證券,2024-09-10,6480
2607,榮運,10,0,10,福邦證券,2024-09-10,6480
3689,湧德,10,0,10,福邦證券,2024-09-10,6480
3715,定穎投控,10,0,10,福邦證券,2024-09-10,6480
6120,達運,25,15,10,福邦證券,2024-09-10,6480
1785,光洋科,10,1,9,福邦證券,2024-09-10,6480
2313,華通,8,0,8,福邦證券,2024-09-10,6480
5481,新華,8,0,8,福邦證券,2024-09-10,6480
6215,和椿,15,7,8,福邦證券,2024-09-10,6480
6679,鈺太,8,0,8,福邦證券,2024-09-10,6480
00878,國泰永續高股息,7,0,7,福邦證券,2024-09-10,6480
00715L,期街口布蘭特正2,6,0,6,福邦證券,2024-09-10,6480
2609,陽明,6,0,6,福邦證券,2024-09-10,6480
3583,辛耘,7,1,6,福邦證券,2024-09-10,6480
1609,大亞,5,0,5,福邦證券,2024-09-10,6480
2362,藍天,5,0,5,福邦證券,2024-09-10,6480
3030,德律,5,0,5,福邦證券,2024-09-10,6480
4576,大銀微系統,5,0,5,福邦證券,2024-09-10,6480
2887,台新金,1013,8,1005,福邦證券,2024-09-11,6480
2371,大同,1005,20,985,福邦證券,2024-09-11,6480
00680L,元大美債20正2,200,0,200,福邦證券,2024-09-11,6480
00941,中信上游半導體,50,0,50,福邦證券,2024-09-11,6480
2888,新光金,83,38,45,福邦證券,2024-09-11,6480
6148,驊宏資,40,0,40,福邦證券,2024-09-11,6480
00715L,期街口布蘭特正2,32,0,32,福邦證券,2024-09-11,6480
2707,晶華,25,0,25,福邦證券,2024-09-11,6480
00679B,元大美債20年,21,0,21,福邦證券,2024-09-11,6480
2883,凱基金,21,0,21,福邦證券,2024-09-11,6480
5439,高技,20,0,20,福邦證券,2024-09-11,6480
5876,上海商銀,20,0,20,福邦證券,2024-09-11,6480
8085,福華,20,0,20,福邦證券,2024-09-11,6480
2438,翔耀,15,0,15,福邦證券,2024-09-11,6480
00940,元大台灣價值高息,14,0,14,福邦證券,2024-09-11,6480
6111,大宇資,13,0,13,福邦證券,2024-09-11,6480
00642U,期元大S＆P石油,12,0,12,福邦證券,2024-09-11,6480
2330,台積電,12,1,11,福邦證券,2024-09-11,6480
00762,元大全球AI,10,0,10,福邦證券,2024-09-11,6480
1568,倉佑,10,0,10,福邦證券,2024-09-11,6480
3289,宜特,10,0,10,福邦證券,2024-09-11,6480
2891,中信金,9,0,9,福邦證券,2024-09-11,6480
00948B,中信優息投資級債,8,0,8,福邦證券,2024-09-11,6480
2388,威盛,9,1,8,福邦證券,2024-09-11,6480
6152,百一,8,0,8,福邦證券,2024-09-11,6480
8028,昇陽半導體,8,0,8,福邦證券,2024-09-11,6480
4566,時碩工業,9,3,6,福邦證券,2024-09-11,6480
4763,材料-KY,5,0,5,福邦證券,2024-09-11,6480
2105,正新,5,0,5,福邦證券,2024-09-11,6480
00878,國泰永續高股息,5,0,5,福邦證券,2024-09-11,6480
00957B,兆豐US優選投等債,5,0,5,福邦證券,2024-09-11,6480
4729,熒茂,5,0,5,福邦證券,2024-09-11,6480
6215,和椿,5,0,5,福邦證券,2024-09-11,6480
6743,安普新,5,0,5,福邦證券,2024-09-11,6480
8021,尖點,5,0,5,福邦證券,2024-09-11,6480
6643,M31,5,0,5,福邦證券,2024-09-11,6480
2867,三商壽,12,8,4,福邦證券,2024-09-11,6480
6151,晉倫,4,0,4,福邦證券,2024-09-11,6480
6526,達發,4,0,4,福邦證券,2024-09-11,6480
6546,正基,4,0,4,福邦證券,2024-09-11,6480
1522,堤維西,4,1,3,福邦證券,2024-09-11,6480
00934,中信成長高股息,3,0,3,福邦證券,2024-09-11,6480
00919,群益台灣精選高息,3,0,3,福邦證券,2024-09-11,6480
2367,燿華,3,0,3,福邦證券,2024-09-11,6480
3150,鈺寶-創,3,0,3,福邦證券,2024-09-11,6480
3518,柏騰,3,0,3,福邦證券,2024-09-11,6480
3680,家登,3,0,3,福邦證券,2024-09-11,6480
4967,十銓,3,0,3,福邦證券,2024-09-11,6480
6026,福邦證,3,0,3,福邦證券,2024-09-11,6480
8112,至上,3,0,3,福邦證券,2024-09-11,6480
00671R,富邦NASDAQ反1,2200,0,2200,福邦證券,2024-09-12,6480
2887,台新金,913,8,905,福邦證券,2024-09-12,6480
00632R,元大台灣50反1,310,0,310,福邦證券,2024-09-12,6480
3017,奇鋐,132,3,129,福邦證券,2024-09-12,6480
1586,和勤,121,0,121,福邦證券,2024-09-12,6480
3374,精材,121,0,121,福邦證券,2024-09-12,6480
00937B,群益ESG投等債20,122,12,110,福邦證券,2024-09-12,6480
8464,億豐,59,0,59,福邦證券,2024-09-12,6480
9935,慶豐富,55,0,55,福邦證券,2024-09-12,6480
2867,三商壽,52,0,52,福邦證券,2024-09-12,6480
3450,聯鈞,51,1,50,福邦證券,2024-09-12,6480
2449,京元電子,50,1,49,福邦證券,2024-09-12,6480
3081,聯亞,41,0,41,福邦證券,2024-09-12,6480
2392,正崴,35,0,35,福邦證券,2024-09-12,6480
2070,精湛,30,0,30,福邦證券,2024-09-12,6480
6426,統新,30,0,30,福邦證券,2024-09-12,6480
5284,jpp-KY,25,0,25,福邦證券,2024-09-12,6480
00679B,元大美債20年,26,3,23,福邦證券,2024-09-12,6480
2939,永邑-KY,21,0,21,福邦證券,2024-09-12,6480
1313,聯成,20,0,20,福邦證券,2024-09-12,6480
2344,華邦電,20,0,20,福邦證券,2024-09-12,6480
1537,廣隆,11,0,11,福邦證券,2024-09-12,6480
2104,國際中橡,10,0,10,福邦證券,2024-09-12,6480
1786,科妍,10,0,10,福邦證券,2024-09-12,6480
3529,力旺,10,0,10,福邦證券,2024-09-12,6480
4533,協易機,10,0,10,福邦證券,2024-09-12,6480
4974,亞泰,20,10,10,福邦證券,2024-09-12,6480
5439,高技,10,0,10,福邦證券,2024-09-12,6480
6148,驊宏資,10,0,10,福邦證券,2024-09-12,6480
8927,北基,10,0,10,福邦證券,2024-09-12,6480
2891,中信金,10,2,8,福邦證券,2024-09-12,6480
00931B,統一美債20年,8,0,8,福邦證券,2024-09-12,6480
3008,大立光,8,0,8,福邦證券,2024-09-12,6480
00795B,中信美國公債20年,6,0,6,福邦證券,2024-09-12,6480
1301,台塑,5,0,5,福邦證券,2024-09-12,6480
2905,三商,5,0,5,福邦證券,2024-09-12,6480
4729,熒茂,10,5,5,福邦證券,2024-09-12,6480
5324,士開,5,0,5,福邦證券,2024-09-12,6480
6141,柏承,5,0,5,福邦證券,2024-09-12,6480
00751B,元大AAA至A公司債,4,0,4,福邦證券,2024-09-12,6480
1536,和大,4,0,4,福邦證券,2024-09-12,6480
4303,信立,5,1,4,福邦證券,2024-09-12,6480
00959B,大華投等美債15Y+,3,0,3,福邦證券,2024-09-12,6480
2353,宏��,3,0,3,福邦證券,2024-09-12,6480
2540,愛山林,4,1,3,福邦證券,2024-09-12,6480
2888,新光金,14,11,3,福邦證券,2024-09-12,6480
3022,威強電,3,0,3,福邦證券,2024-09-12,6480
3150,鈺寶-創,3,0,3,福邦證券,2024-09-12,6480
6288,聯嘉,3,0,3,福邦證券,2024-09-12,6480
8467,波力-KY,3,0,3,福邦證券,2024-09-12,6480
2887,台新金,1100,2,1098,福邦證券,2024-09-13,6480
4979,華星光,499,1,498,福邦證券,2024-09-13,6480
4977,眾達-KY,201,1,200,福邦證券,2024-09-13,6480
5234,達興材料,101,0,101,福邦證券,2024-09-13,6480
2388,威盛,101,1,100,福邦證券,2024-09-13,6480
3374,精材,75,8,67,福邦證券,2024-09-13,6480
6805,富世達,51,0,51,福邦證券,2024-09-13,6480
3376,新日興,51,1,50,福邦證券,2024-09-13,6480
2371,大同,140,91,49,福邦證券,2024-09-13,6480
4909,新復興,63,18,45,福邦證券,2024-09-13,6480
1708,東鹼,30,0,30,福邦證券,2024-09-13,6480
2882,國泰金,30,0,30,福邦證券,2024-09-13,6480
4526,東台,27,0,27,福邦證券,2024-09-13,6480
3715,定穎投控,25,0,25,福邦證券,2024-09-13,6480
00680L,元大美債20正2,42,20,22,福邦證券,2024-09-13,6480
2472,立隆電,20,0,20,福邦證券,2024-09-13,6480
2881,富邦金,20,0,20,福邦證券,2024-09-13,6480
5522,遠雄,20,0,20,福邦證券,2024-09-13,6480
00679B,元大美債20年,17,0,17,福邦證券,2024-09-13,6480
5905,南仁湖,16,0,16,福邦證券,2024-09-13,6480
1786,科妍,13,0,13,福邦證券,2024-09-13,6480
00795B,中信美國公債20年,13,0,13,福邦證券,2024-09-13,6480
2939,永邑-KY,11,0,11,福邦證券,2024-09-13,6480
3032,偉訓,10,0,10,福邦證券,2024-09-13,6480
3231,緯創,10,0,10,福邦證券,2024-09-13,6480
4510,高鋒,11,1,10,福邦證券,2024-09-13,6480
6196,帆宣,10,0,10,福邦證券,2024-09-13,6480
6223,旺矽,10,0,10,福邦證券,2024-09-13,6480
6743,安普新,10,0,10,福邦證券,2024-09-13,6480
8064,東捷,14,4,10,福邦證券,2024-09-13,6480
8996,高力,11,1,10,福邦證券,2024-09-13,6480
3033,威健,10,0,10,福邦證券,2024-09-13,6480
1537,廣隆,9,0,9,福邦證券,2024-09-13,6480
6104,創惟,12,4,8,福邦證券,2024-09-13,6480
3008,大立光,7,0,7,福邦證券,2024-09-13,6480
00687B,國泰20年美債,6,0,6,福邦證券,2024-09-13,6480
3312,弘憶股,6,0,6,福邦證券,2024-09-13,6480
2059,川湖,5,0,5,福邦證券,2024-09-13,6480
1736,喬山,5,0,5,福邦證券,2024-09-13,6480
1532,勤美,5,0,5,福邦證券,2024-09-13,6480
2524,京城,5,0,5,福邦證券,2024-09-13,6480
3017,奇鋐,26,21,5,福邦證券,2024-09-13,6480
3050,鈺德,5,0,5,福邦證券,2024-09-13,6480
4513,福裕,5,0,5,福邦證券,2024-09-13,6480
6438,迅得,5,0,5,福邦證券,2024-09-13,6480
6667,信紘科,5,0,5,福邦證券,2024-09-13,6480
2383,台光電,5,1,4,福邦證券,2024-09-13,6480
4114,健喬,4,0,4,福邦證券,2024-09-13,6480
6838,台新藥,4,0,4,福邦證券,2024-09-13,6480
00673R,期元大S＆P原油反1,3,0,3,福邦證券,2024-09-13,6480
2887,台新金,1000,0,1000,福邦證券,2024-09-16,6480
2371,大同,626,120,506,福邦證券,2024-09-16,6480
3231,緯創,300,1,299,福邦證券,2024-09-16,6480
1477,聚陽,163,0,163,福邦證券,2024-09-16,6480
2455,全新,130,0,130,福邦證券,2024-09-16,6480
1773,勝一,109,0,109,福邦證券,2024-09-16,6480
00632R,元大台灣50反1,100,0,100,福邦證券,2024-09-16,6480
2441,超豐,100,0,100,福邦證券,2024-09-16,6480
3167,大量,83,6,77,福邦證券,2024-09-16,6480
1605,華新,65,0,65,福邦證券,2024-09-16,6480
3062,建漢,74,10,64,福邦證券,2024-09-16,6480
3443,創意,60,0,60,福邦證券,2024-09-16,6480
8227,巨有科技,54,0,54,福邦證券,2024-09-16,6480
3230,錦明,50,0,50,福邦證券,2024-09-16,6480
6176,瑞儀,35,0,35,福邦證券,2024-09-16,6480
00637L,元大滬深300正2,30,0,30,福邦證券,2024-09-16,6480
2360,致茂,29,0,29,福邦證券,2024-09-16,6480
00715L,期街口布蘭特正2,27,0,27,福邦證券,2024-09-16,6480
6108,競國,37,10,27,福邦證券,2024-09-16,6480
00679B,元大美債20年,26,0,26,福邦證券,2024-09-16,6480
00687B,國泰20年美債,26,0,26,福邦證券,2024-09-16,6480
6143,振曜,31,5,26,福邦證券,2024-09-16,6480
00795B,中信美國公債20年,25,0,25,福邦證券,2024-09-16,6480
9938,百和,20,0,20,福邦證券,2024-09-16,6480
00751B,元大AAA至A公司債,15,0,15,福邦證券,2024-09-16,6480
00720B,元大投資級公司債,15,0,15,福邦證券,2024-09-16,6480
2317,鴻海,33,19,14,福邦證券,2024-09-16,6480
5230,雷笛克光學,13,0,13,福邦證券,2024-09-16,6480
2939,永邑-KY,12,0,12,福邦證券,2024-09-16,6480
8083,瑞穎,12,0,12,福邦證券,2024-09-16,6480
2891,中信金,11,0,11,福邦證券,2024-09-16,6480
4909,新復興,12,1,11,福邦證券,2024-09-16,6480
2425,承啟,10,0,10,福邦證券,2024-09-16,6480
6205,詮欣,10,0,10,福邦證券,2024-09-16,6480
8070,長華*,10,0,10,福邦證券,2024-09-16,6480
8996,高力,10,0,10,福邦證券,2024-09-16,6480
00929,復華台灣科技優息,5,0,5,福邦證券,2024-09-16,6480
2424,隴華,5,0,5,福邦證券,2024-09-16,6480
2426,鼎元,5,0,5,福邦證券,2024-09-16,6480
2427,三商電,5,0,5,福邦證券,2024-09-16,6480
2497,怡利電,21,16,5,福邦證券,2024-09-16,6480
3303,岱稜,5,0,5,福邦證券,2024-09-16,6480
8155,博智,5,0,5,福邦證券,2024-09-16,6480
5392,能率,4,0,4,福邦證券,2024-09-16,6480
6163,華電網,9,5,4,福邦證券,2024-09-16,6480
2308,台達電,3,0,3,福邦證券,2024-09-16,6480
1301,台塑,9,6,3,福邦證券,2024-09-16,6480
1731,美吾華,3,0,3,福邦證券,2024-09-16,6480
2442,新美齊,4,1,3,福邦證券,2024-09-16,6480
3450,聯鈞,3,0,3,福邦證券,2024-09-16,6480
1785,光洋科,251,6,245,福邦證券,2024-09-18,6480
3481,群創,232,10,222,福邦證券,2024-09-18,6480
2371,大同,145,10,135,福邦證券,2024-09-18,6480
3455,由田,101,1,100,福邦證券,2024-09-18,6480
4576,大銀微系統,101,1,100,福邦證券,2024-09-18,6480
3036,文曄,68,0,68,福邦證券,2024-09-18,6480
2441,超豐,60,0,60,福邦證券,2024-09-18,6480
1477,聚陽,54,0,54,福邦證券,2024-09-18,6480
6274,台燿,52,0,52,福邦證券,2024-09-18,6480
00680L,元大美債20正2,60,10,50,福邦證券,2024-09-18,6480
6414,樺漢,50,0,50,福邦證券,2024-09-18,6480
9921,巨大,50,0,50,福邦證券,2024-09-18,6480
4303,信立,50,5,45,福邦證券,2024-09-18,6480
5469,瀚宇博,43,0,43,福邦證券,2024-09-18,6480
3105,穩懋,40,1,39,福邦證券,2024-09-18,6480
1590,亞德客-KY,35,0,35,福邦證券,2024-09-18,6480
8011,台通,31,0,31,福邦證券,2024-09-18,6480
3661,世芯-KY,27,0,27,福邦證券,2024-09-18,6480
00945B,凱基美國非投等債,26,0,26,福邦證券,2024-09-18,6480
3008,大立光,28,2,26,福邦證券,2024-09-18,6480
00679B,元大美債20年,24,0,24,福邦證券,2024-09-18,6480
00929,復華台灣科技優息,32,10,22,福邦證券,2024-09-18,6480
4909,新復興,25,5,20,福邦證券,2024-09-18,6480
2887,台新金,18,0,18,福邦證券,2024-09-18,6480
3062,建漢,19,1,18,福邦證券,2024-09-18,6480
2070,精湛,17,1,16,福邦證券,2024-09-18,6480
8227,巨有科技,15,0,15,福邦證券,2024-09-18,6480
2330,台積電,13,2,11,福邦證券,2024-09-18,6480
3689,湧德,11,0,11,福邦證券,2024-09-18,6480
00934,中信成長高股息,10,0,10,福邦證券,2024-09-18,6480
00676R,富邦臺灣加權反1,10,0,10,福邦證券,2024-09-18,6480
2939,永邑-KY,10,0,10,福邦證券,2024-09-18,6480
3533,嘉澤,10,0,10,福邦證券,2024-09-18,6480
4903,聯光通,10,0,10,福邦證券,2024-09-18,6480
4915,致伸,10,0,10,福邦證券,2024-09-18,6480
5388,中磊,10,0,10,福邦證券,2024-09-18,6480
6829,千附精密,10,0,10,福邦證券,2024-09-18,6480
2317,鴻海,10,1,9,福邦證券,2024-09-18,6480
6727,亞泰金屬,9,0,9,福邦證券,2024-09-18,6480
00915,凱基優選高股息30,8,0,8,福邦證券,2024-09-18,6480
6120,達運,20,12,8,福邦證券,2024-09-18,6480
8064,東捷,8,0,8,福邦證券,2024-09-18,6480
00919,群益台灣精選高息,7,0,7,福邦證券,2024-09-18,6480
8028,昇陽半導體,7,0,7,福邦證券,2024-09-18,6480
3362,先進光,6,0,6,福邦證券,2024-09-18,6480
4542,科嶠,6,0,6,福邦證券,2024-09-18,6480
6177,達麗,6,0,6,福邦證券,2024-09-18,6480
8086,宏捷科,6,0,6,福邦證券,2024-09-18,6480
9935,慶豐富,12,6,6,福邦證券,2024-09-18,6480
1711,永光,15,10,5,福邦證券,2024-09-18,6480
00958B,永豐ESG銀行債15,600,0,600,福邦證券,2024-09-19,6480
4979,華星光,112,11,101,福邦證券,2024-09-19,6480
00632R,元大台灣50反1,100,0,100,福邦證券,2024-09-19,6480
3689,湧德,70,1,69,福邦證券,2024-09-19,6480
3013,晟銘電,61,3,58,福邦證券,2024-09-19,6480
6104,創惟,57,1,56,福邦證券,2024-09-19,6480
6657,華安,53,0,53,福邦證券,2024-09-19,6480
6143,振曜,53,2,51,福邦證券,2024-09-19,6480
6274,台燿,51,0,51,福邦證券,2024-09-19,6480
3058,立德,50,10,40,福邦證券,2024-09-19,6480
2070,精湛,51,19,32,福邦證券,2024-09-19,6480
2399,映泰,31,1,30,福邦證券,2024-09-19,6480
2939,永邑-KY,30,0,30,福邦證券,2024-09-19,6480
3081,聯亞,27,1,26,福邦證券,2024-09-19,6480
6223,旺矽,24,0,24,福邦證券,2024-09-19,6480
2371,大同,50,30,20,福邦證券,2024-09-19,6480
2441,超豐,20,0,20,福邦證券,2024-09-19,6480
3167,大量,22,2,20,福邦證券,2024-09-19,6480
4532,瑞智,20,0,20,福邦證券,2024-09-19,6480
4714,永捷,20,0,20,福邦證券,2024-09-19,6480
4576,大銀微系統,20,1,19,福邦證券,2024-09-19,6480
6830,汎銓,20,1,19,福邦證券,2024-09-19,6480
6643,M31,19,1,18,福邦證券,2024-09-19,6480
8227,巨有科技,18,0,18,福邦證券,2024-09-19,6480
00687B,國泰20年美債,15,0,15,福邦證券,2024-09-19,6480
6438,迅得,17,2,15,福邦證券,2024-09-19,6480
2497,怡利電,23,9,14,福邦證券,2024-09-19,6480
2101,南港,15,2,13,福邦證券,2024-09-19,6480
00795B,中信美國公債20年,13,0,13,福邦證券,2024-09-19,6480
00937B,群益ESG投等債20,12,0,12,福邦證券,2024-09-19,6480
3019,亞光,12,1,11,福邦證券,2024-09-19,6480
3583,辛耘,12,1,11,福邦證券,2024-09-19,6480
1786,科妍,10,0,10,福邦證券,2024-09-19,6480
1709,和益,10,0,10,福邦證券,2024-09-19,6480
1524,耿鼎,10,0,10,福邦證券,2024-09-19,6480
00945B,凱基美國非投等債,10,0,10,福邦證券,2024-09-19,6480
1414,東和,10,0,10,福邦證券,2024-09-19,6480
2606,裕民,10,0,10,福邦證券,2024-09-19,6480
4729,熒茂,15,5,10,福邦證券,2024-09-19,6480
2504,國產,8,0,8,福邦證券,2024-09-19,6480
3008,大立光,8,0,8,福邦證券,2024-09-19,6480
6877,鏵友益,8,0,8,福邦證券,2024-09-19,6480
00679B,元大美債20年,16,9,7,福邦證券,2024-09-19,6480
2351,順德,7,0,7,福邦證券,2024-09-19,6480
4909,新復興,40,33,7,福邦證券,2024-09-19,6480
3529,力旺,6,0,6,福邦證券,2024-09-19,6480
3587,閎康,6,0,6,福邦證券,2024-09-19,6480
4562,穎漢,6,0,6,福邦證券,2024-09-19,6480
6640,均華,10,4,6,福邦證券,2024-09-19,6480
6664,群翊,6,0,6,福邦證券,2024-09-19,6480
00671R,富邦NASDAQ反1,5200,0,5200,福邦證券,2024-09-20,6480
2351,順德,302,2,300,福邦證券,2024-09-20,6480
2371,大同,170,65,105,福邦證券,2024-09-20,6480
1785,光洋科,103,5,98,福邦證券,2024-09-20,6480
5225,東科-KY,50,0,50,福邦證券,2024-09-20,6480
3689,湧德,52,3,49,福邦證券,2024-09-20,6480
3040,遠見,46,0,46,福邦證券,2024-09-20,6480
2534,宏盛,41,0,41,福邦證券,2024-09-20,6480
2441,超豐,40,0,40,福邦證券,2024-09-20,6480
3354,律勝,30,0,30,福邦證券,2024-09-20,6480
8070,長華*,30,0,30,福邦證券,2024-09-20,6480
2504,國產,28,0,28,福邦證券,2024-09-20,6480
3455,由田,27,0,27,福邦證券,2024-09-20,6480
5905,南仁湖,25,0,25,福邦證券,2024-09-20,6480
3167,大量,21,1,20,福邦證券,2024-09-20,6480
6143,振曜,24,4,20,福邦證券,2024-09-20,6480
3673,TPK-KY,20,5,15,福邦證券,2024-09-20,6480
4557,永新-KY,15,0,15,福邦證券,2024-09-20,6480
6104,創惟,26,11,15,福邦證券,2024-09-20,6480
8227,巨有科技,18,3,15,福邦證券,2024-09-20,6480
3221,台嘉碩,13,0,13,福邦證券,2024-09-20,6480
2515,中工,16,4,12,福邦證券,2024-09-20,6480
4956,光鋐,12,0,12,福邦證券,2024-09-20,6480
3363,上詮,11,0,11,福邦證券,2024-09-20,6480
6957,裕慶-KY,11,0,11,福邦證券,2024-09-20,6480
2330,台積電,12,2,10,福邦證券,2024-09-20,6480
2888,新光金,12,2,10,福邦證券,2024-09-20,6480
1721,三晃,15,5,10,福邦證券,2024-09-20,6480
00881,國泰台灣5G+,12,2,10,福邦證券,2024-09-20,6480
1475,業旺,10,0,10,福邦證券,2024-09-20,6480
2547,日勝生,10,0,10,福邦證券,2024-09-20,6480
2607,榮運,10,0,10,福邦證券,2024-09-20,6480
3390,旭軟,10,0,10,福邦證券,2024-09-20,6480
3580,友威科,14,4,10,福邦證券,2024-09-20,6480
3588,通嘉,10,0,10,福邦證券,2024-09-20,6480
3663,鑫科,18,8,10,福邦證券,2024-09-20,6480
4716,大立,10,0,10,福邦證券,2024-09-20,6480
5263,智崴,13,3,10,福邦證券,2024-09-20,6480
5439,高技,10,0,10,福邦證券,2024-09-20,6480
6148,驊宏資,10,0,10,福邦證券,2024-09-20,6480
00687B,國泰20年美債,9,0,9,福邦證券,2024-09-20,6480
4174,浩鼎,9,0,9,福邦證券,2024-09-20,6480
8096,擎亞,19,10,9,福邦證券,2024-09-20,6480
6187,萬潤,8,0,8,福邦證券,2024-09-20,6480
00673R,期元大S＆P原油反1,6,0,6,福邦證券,2024-09-20,6480
00795B,中信美國公債20年,6,0,6,福邦證券,2024-09-20,6480
1532,勤美,5,0,5,福邦證券,2024-09-20,6480
00931B,統一美債20年,5,0,5,福邦證券,2024-09-20,6480
00919,群益台灣精選高息,20,15,5,福邦證券,2024-09-20,6480
1815,富喬,8,3,5,福邦證券,2024-09-20,6480
3045,台灣大,500,0,500,福邦證券,2024-09-23,6480
3450,聯鈞,455,6,449,福邦證券,2024-09-23,6480
2939,永邑-KY,400,20,380,福邦證券,2024-09-23,6480
2347,聯強,243,1,242,福邦證券,2024-09-23,6480
9945,潤泰新,220,0,220,福邦證券,2024-09-23,6480
0050,元大台灣50,182,1,181,福邦證券,2024-09-23,6480
3455,由田,98,1,97,福邦證券,2024-09-23,6480
6239,力成,95,0,95,福邦證券,2024-09-23,6480
3058,立德,104,22,82,福邦證券,2024-09-23,6480
4536,拓凱,65,0,65,福邦證券,2024-09-23,6480
2317,鴻海,60,3,57,福邦證券,2024-09-23,6480
4909,新復興,59,4,55,福邦證券,2024-09-23,6480
3702,大聯大,50,0,50,福邦證券,2024-09-23,6480
2455,全新,45,0,45,福邦證券,2024-09-23,6480
00679B,元大美債20年,31,0,31,福邦證券,2024-09-23,6480
2441,超豐,30,0,30,福邦證券,2024-09-23,6480
5905,南仁湖,30,0,30,福邦證券,2024-09-23,6480
1475,業旺,28,0,28,福邦證券,2024-09-23,6480
00919,群益台灣精選高息,28,0,28,福邦證券,2024-09-23,6480
3689,湧德,30,2,28,福邦證券,2024-09-23,6480
2888,新光金,27,1,26,福邦證券,2024-09-23,6480
8936,國統,21,0,21,福邦證券,2024-09-23,6480
1711,永光,20,0,20,福邦證券,2024-09-23,6480
2395,研華,19,0,19,福邦證券,2024-09-23,6480
3149,正達,20,1,19,福邦證券,2024-09-23,6480
00878,國泰永續高股息,18,0,18,福邦證券,2024-09-23,6480
0056,元大高股息,17,0,17,福邦證券,2024-09-23,6480
2379,瑞昱,16,0,16,福邦證券,2024-09-23,6480
3443,創意,15,0,15,福邦證券,2024-09-23,6480
6148,驊宏資,15,0,15,福邦證券,2024-09-23,6480
8085,福華,14,0,14,福邦證券,2024-09-23,6480
4303,信立,14,1,13,福邦證券,2024-09-23,6480
6664,群翊,23,10,13,福邦證券,2024-09-23,6480
00915,凱基優選高股息30,10,0,10,福邦證券,2024-09-23,6480
00673R,期元大S＆P原油反1,10,0,10,福邦證券,2024-09-23,6480
2059,川湖,10,0,10,福邦證券,2024-09-23,6480
1786,科妍,10,0,10,福邦證券,2024-09-23,6480
3011,今皓,10,0,10,福邦證券,2024-09-23,6480
3049,精金,10,0,10,福邦證券,2024-09-23,6480
4120,友華,10,0,10,福邦證券,2024-09-23,6480
4772,台特化,10,0,10,福邦證券,2024-09-23,6480
6176,瑞儀,10,0,10,福邦證券,2024-09-23,6480
6190,萬泰科,10,0,10,福邦證券,2024-09-23,6480
9933,中鼎,10,0,10,福邦證券,2024-09-23,6480
1609,大亞,20,11,9,福邦證券,2024-09-23,6480
00687B,國泰20年美債,8,0,8,福邦證券,2024-09-23,6480
2330,台積電,12,4,8,福邦證券,2024-09-23,6480
2388,威盛,9,1,8,福邦證券,2024-09-23,6480
3167,大量,8,0,8,福邦證券,2024-09-23,6480
8240,華宏,8,0,8,福邦證券,2024-09-23,6480
9945,潤泰新,200,0,200,福邦證券,2024-09-24,6480
2351,順德,160,0,160,福邦證券,2024-09-24,6480
2360,致茂,130,0,130,福邦證券,2024-09-24,6480
4979,華星光,102,2,100,福邦證券,2024-09-24,6480
00687B,國泰20年美債,85,0,85,福邦證券,2024-09-24,6480
5439,高技,72,1,71,福邦證券,2024-09-24,6480
1584,精剛,60,0,60,福邦證券,2024-09-24,6480
4760,勤凱,60,0,60,福邦證券,2024-09-24,6480
2371,大同,52,0,52,福邦證券,2024-09-24,6480
00637L,元大滬深300正2,50,0,50,福邦證券,2024-09-24,6480
2441,超豐,50,0,50,福邦證券,2024-09-24,6480
2524,京城,50,0,50,福邦證券,2024-09-24,6480
4576,大銀微系統,53,4,49,福邦證券,2024-09-24,6480
8255,朋程,50,1,49,福邦證券,2024-09-24,6480
6415,矽力*-KY,40,0,40,福邦證券,2024-09-24,6480
8446,華研,36,0,36,福邦證券,2024-09-24,6480
6757,台灣虎航,55,20,35,福邦證券,2024-09-24,6480
3047,訊舟,42,10,32,福邦證券,2024-09-24,6480
00632R,元大台灣50反1,30,0,30,福邦證券,2024-09-24,6480
3264,欣銓,30,0,30,福邦證券,2024-09-24,6480
3689,湧德,30,0,30,福邦證券,2024-09-24,6480
6143,振曜,31,1,30,福邦證券,2024-09-24,6480
2436,偉詮電,21,0,21,福邦證券,2024-09-24,6480
3605,宏致,21,0,21,福邦證券,2024-09-24,6480
1616,億泰,20,0,20,福邦證券,2024-09-24,6480
2881,富邦金,210,190,20,福邦證券,2024-09-24,6480
6108,競國,20,0,20,福邦證券,2024-09-24,6480
2891,中信金,23,4,19,福邦證券,2024-09-24,6480
2027,大成鋼,12,0,12,福邦證券,2024-09-24,6480
2399,映泰,21,9,12,福邦證券,2024-09-24,6480
2939,永邑-KY,20,10,10,福邦證券,2024-09-24,6480
5236,凌陽創新,10,0,10,福邦證券,2024-09-24,6480
5263,智崴,11,1,10,福邦證券,2024-09-24,6480
00795B,中信美國公債20年,9,0,9,福邦證券,2024-09-24,6480
2330,台積電,16,7,9,福邦證券,2024-09-24,6480
3529,力旺,9,0,9,福邦證券,2024-09-24,6480
3013,晟銘電,15,7,8,福邦證券,2024-09-24,6480
8096,擎亞,10,2,8,福邦證券,2024-09-24,6480
3221,台嘉碩,7,0,7,福邦證券,2024-09-24,6480
6405,悅城,7,0,7,福邦證券,2024-09-24,6480
3583,辛耘,7,1,6,福邦證券,2024-09-24,6480
4919,新唐,6,0,6,福邦證券,2024-09-24,6480
8032,光菱,6,0,6,福邦證券,2024-09-24,6480
1609,大亞,5,0,5,福邦證券,2024-09-24,6480
1569,濱川,5,0,5,福邦證券,2024-09-24,6480
2317,鴻海,11,6,5,福邦證券,2024-09-24,6480
2344,華邦電,6,1,5,福邦證券,2024-09-24,6480
2376,技嘉,5,0,5,福邦證券,2024-09-24,6480
2382,廣達,7,2,5,福邦證券,2024-09-24,6480
2408,南亞科,5,0,5,福邦證券,2024-09-24,6480
9945,潤泰新,300,0,300,福邦證券,2024-09-25,6480
4958,臻鼎-KY,168,0,168,福邦證券,2024-09-25,6480
3013,晟銘電,176,17,159,福邦證券,2024-09-25,6480
2317,鴻海,126,9,117,福邦證券,2024-09-25,6480
4979,華星光,214,112,102,福邦證券,2024-09-25,6480
3058,立德,100,0,100,福邦證券,2024-09-25,6480
8070,長華*,100,0,100,福邦證券,2024-09-25,6480
3710,連展投控,90,0,90,福邦證券,2024-09-25,6480
2449,京元電子,92,10,82,福邦證券,2024-09-25,6480
3609,三一東林,81,0,81,福邦證券,2024-09-25,6480
00680L,元大美債20正2,108,30,78,福邦證券,2024-09-25,6480
6732,昇佳電子,60,0,60,福邦證券,2024-09-25,6480
2454,聯發科,45,0,45,福邦證券,2024-09-25,6480
2354,鴻準,42,0,42,福邦證券,2024-09-25,6480
00945B,凱基美國非投等債,40,0,40,福邦證券,2024-09-25,6480
4716,大立,80,50,30,福邦證券,2024-09-25,6480
3588,通嘉,25,2,23,福邦證券,2024-09-25,6480
2601,益航,20,0,20,福邦證券,2024-09-25,6480
2881,富邦金,20,0,20,福邦證券,2024-09-25,6480
3021,鴻名,20,0,20,福邦證券,2024-09-25,6480
2330,台積電,28,9,19,福邦證券,2024-09-25,6480
6139,亞翔,14,0,14,福邦證券,2024-09-25,6480
00919,群益台灣精選高息,12,0,12,福邦證券,2024-09-25,6480
2436,偉詮電,23,11,12,福邦證券,2024-09-25,6480
8446,華研,12,0,12,福邦證券,2024-09-25,6480
6187,萬潤,11,0,11,福邦證券,2024-09-25,6480
2476,鉅祥,11,0,11,福邦證券,2024-09-25,6480
1711,永光,10,0,10,福邦證券,2024-09-25,6480
2066,世德,10,0,10,福邦證券,2024-09-25,6480
3227,原相,10,0,10,福邦證券,2024-09-25,6480
3617,碩天,20,10,10,福邦證券,2024-09-25,6480
4557,永新-KY,10,0,10,福邦證券,2024-09-25,6480
4903,聯光通,10,0,10,福邦證券,2024-09-25,6480
6257,矽格,10,0,10,福邦證券,2024-09-25,6480
6914,阜爾運通,10,0,10,福邦證券,2024-09-25,6480
9933,中鼎,10,0,10,福邦證券,2024-09-25,6480
1721,三晃,9,0,9,福邦證券,2024-09-25,6480
3550,聯穎,9,0,9,福邦證券,2024-09-25,6480
4909,新復興,10,1,9,福邦證券,2024-09-25,6480
6756,威鋒電子,10,1,9,福邦證券,2024-09-25,6480
00715L,期街口布蘭特正2,8,0,8,福邦證券,2024-09-25,6480
00795B,中信美國公債20年,8,0,8,福邦證券,2024-09-25,6480
00679B,元大美債20年,8,0,8,福邦證券,2024-09-25,6480
2441,超豐,8,0,8,福邦證券,2024-09-25,6480
2609,陽明,12,4,8,福邦證券,2024-09-25,6480
2204,中華,7,0,7,福邦證券,2024-09-25,6480
2882,國泰金,10,3,7,福邦證券,2024-09-25,6480
3149,正達,11,4,7,福邦證券,2024-09-25,6480
3481,群創,7,0,7,福邦證券,2024-09-25,6480
5452,佶優,7,0,7,福邦證券,2024-09-25,6480
9945,潤泰新,370,0,370,福邦證券,2024-09-26,6480
3017,奇鋐,157,9,148,福邦證券,2024-09-26,6480
4716,大立,85,0,85,福邦證券,2024-09-26,6480
2436,偉詮電,72,12,60,福邦證券,2024-09-26,6480
00715L,期街口布蘭特正2,55,0,55,福邦證券,2024-09-26,6480
2603,長榮,50,0,50,福邦證券,2024-09-26,6480
3058,立德,50,0,50,福邦證券,2024-09-26,6480
6415,矽力*-KY,41,2,39,福邦證券,2024-09-26,6480
00937B,群益ESG投等債20,36,10,26,福邦證券,2024-09-26,6480
00687B,國泰20年美債,21,0,21,福邦證券,2024-09-26,6480
5452,佶優,30,10,20,福邦證券,2024-09-26,6480
6693,廣閎科,30,10,20,福邦證券,2024-09-26,6480
8111,立��,24,5,19,福邦證券,2024-09-26,6480
2354,鴻準,37,20,17,福邦證券,2024-09-26,6480
3013,晟銘電,24,7,17,福邦證券,2024-09-26,6480
5289,宜鼎,15,0,15,福邦證券,2024-09-26,6480
00720B,元大投資級公司債,14,0,14,福邦證券,2024-09-26,6480
5269,祥碩,14,0,14,福邦證券,2024-09-26,6480
00751B,元大AAA至A公司債,13,0,13,福邦證券,2024-09-26,6480
1467,南緯,12,0,12,福邦證券,2024-09-26,6480
5263,智崴,12,0,12,福邦證券,2024-09-26,6480
2383,台光電,12,1,11,福邦證券,2024-09-26,6480
3522,御嵿,11,0,11,福邦證券,2024-09-26,6480
8028,昇陽半導體,12,1,11,福邦證券,2024-09-26,6480
1217,愛之味,10,0,10,福邦證券,2024-09-26,6480
00650L,復華香港正2,10,0,10,福邦證券,2024-09-26,6480
2317,鴻海,32,22,10,福邦證券,2024-09-26,6480
2438,翔耀,10,0,10,福邦證券,2024-09-26,6480
4536,拓凱,10,0,10,福邦證券,2024-09-26,6480
4903,聯光通,10,0,10,福邦證券,2024-09-26,6480
6138,茂達,10,0,10,福邦證券,2024-09-26,6480
6806,森崴能源,10,0,10,福邦證券,2024-09-26,6480
8996,高力,10,0,10,福邦證券,2024-09-26,6480
3105,穩懋,10,1,9,福邦證券,2024-09-26,6480
8279,生展,9,0,9,福邦證券,2024-09-26,6480
6741,91APP*-KY,8,0,8,福邦證券,2024-09-26,6480
00680L,元大美債20正2,7,0,7,福邦證券,2024-09-26,6480
2441,超豐,7,0,7,福邦證券,2024-09-26,6480
3680,家登,7,0,7,福邦證券,2024-09-26,6480
6143,振曜,8,1,7,福邦證券,2024-09-26,6480
8096,擎亞,11,4,7,福邦證券,2024-09-26,6480
00960,野村全球航運龍頭,6,0,6,福邦證券,2024-09-26,6480
2379,瑞昱,6,0,6,福邦證券,2024-09-26,6480
2408,南亞科,6,0,6,福邦證券,2024-09-26,6480
6233,旺玖,6,0,6,福邦證券,2024-09-26,6480
1785,光洋科,6,1,5,福邦證券,2024-09-26,6480
2618,長榮航,5,0,5,福邦證券,2024-09-26,6480
3221,台嘉碩,5,0,5,福邦證券,2024-09-26,6480
3661,世芯-KY,5,0,5,福邦證券,2024-09-26,6480
4576,大銀微系統,5,0,5,福邦證券,2024-09-26,6480
00687B,國泰20年美債,1336,5,1331,福邦證券,2024-09-27,6480
00795B,中信美國公債20年,531,3,528,福邦證券,2024-09-27,6480
3035,智原,200,0,200,福邦證券,2024-09-27,6480
3058,立德,150,2,148,福邦證券,2024-09-27,6480
2368,金像電,138,0,138,福邦證券,2024-09-27,6480
2360,致茂,128,0,128,福邦證券,2024-09-27,6480
3710,連展投控,110,0,110,福邦證券,2024-09-27,6480
2371,大同,130,31,99,福邦證券,2024-09-27,6480
8085,福華,100,5,95,福邦證券,2024-09-27,6480
8086,宏捷科,80,0,80,福邦證券,2024-09-27,6480
2888,新光金,61,0,61,福邦證券,2024-09-27,6480
8227,巨有科技,58,2,56,福邦證券,2024-09-27,6480
00715L,期街口布蘭特正2,64,15,49,福邦證券,2024-09-27,6480
3605,宏致,46,0,46,福邦證券,2024-09-27,6480
6202,盛群,47,2,45,福邦證券,2024-09-27,6480
2313,華通,34,0,34,福邦證券,2024-09-27,6480
00945B,凱基美國非投等債,30,0,30,福邦證券,2024-09-27,6480
3033,威健,23,3,20,福邦證券,2024-09-27,6480
00753L,中信中國50正2,50,30,20,福邦證券,2024-09-27,6480
00706L,期元大S＆P日圓正2,20,0,20,福邦證券,2024-09-27,6480
2385,群光,20,0,20,福邦證券,2024-09-27,6480
3518,柏騰,16,0,16,福邦證券,2024-09-27,6480
00680L,元大美債20正2,15,0,15,福邦證券,2024-09-27,6480
2441,超豐,15,0,15,福邦證券,2024-09-27,6480
1590,亞德客-KY,10,0,10,福邦證券,2024-09-27,6480
6585,鼎基,10,0,10,福邦證券,2024-09-27,6480
8064,東捷,17,7,10,福邦證券,2024-09-27,6480
00664R,國泰臺灣加權反1,9,0,9,福邦證券,2024-09-27,6480
3163,波若威,12,3,9,福邦證券,2024-09-27,6480
2330,台積電,8,0,8,福邦證券,2024-09-27,6480
00937B,群益ESG投等債20,8,0,8,福邦證券,2024-09-27,6480
6141,柏承,8,0,8,福邦證券,2024-09-27,6480
8028,昇陽半導體,9,2,7,福邦證券,2024-09-27,6480
4127,天良,6,0,6,福邦證券,2024-09-27,6480
4931,新盛力,6,0,6,福邦證券,2024-09-27,6480
2605,新興,8,2,6,福邦證券,2024-09-27,6480
00948B,中信優息投資級債,5,0,5,福邦證券,2024-09-27,6480
00725B,國泰投資級公司債,5,0,5,福邦證券,2024-09-27,6480
2354,鴻準,5,0,5,福邦證券,2024-09-27,6480
3141,晶宏,5,0,5,福邦證券,2024-09-27,6480
3221,台嘉碩,5,0,5,福邦證券,2024-09-27,6480
3390,旭軟,5,0,5,福邦證券,2024-09-27,6480
3711,日月光投控,5,0,5,福邦證券,2024-09-27,6480
8083,瑞穎,5,0,5,福邦證券,2024-09-27,6480
8096,擎亞,5,0,5,福邦證券,2024-09-27,6480
8277,商丞,5,0,5,福邦證券,2024-09-27,6480
5871,中租-KY,7,2,5,福邦證券,2024-09-27,6480
2348,海悅,4,0,4,福邦證券,2024-09-27,6480
3167,大量,4,0,4,福邦證券,2024-09-27,6480
3450,聯鈞,54,50,4,福邦證券,2024-09-27,6480
3058,立德,400,14,386,福邦證券,2024-09-30,6480
2601,益航,200,0,200,福邦證券,2024-09-30,6480
3081,聯亞,121,0,121,福邦證券,2024-09-30,6480
00637L,元大滬深300正2,61,2,59,福邦證券,2024-09-30,6480
6834,天二科技,42,0,42,福邦證券,2024-09-30,6480
00919,群益台灣精選高息,39,0,39,福邦證券,2024-09-30,6480
00679B,元大美債20年,38,1,37,福邦證券,2024-09-30,6480
00948B,中信優息投資級債,32,0,32,福邦證券,2024-09-30,6480
2888,新光金,30,0,30,福邦證券,2024-09-30,6480
8227,巨有科技,30,0,30,福邦證券,2024-09-30,6480
3605,宏致,28,0,28,福邦證券,2024-09-30,6480
00881,國泰台灣5G+,25,0,25,福邦證券,2024-09-30,6480
2313,華通,26,1,25,福邦證券,2024-09-30,6480
1314,中石化,20,0,20,福邦證券,2024-09-30,6480
00753L,中信中國50正2,20,0,20,福邦證券,2024-09-30,6480
00945B,凱基美國非投等債,20,0,20,福邦證券,2024-09-30,6480
00951,台新日本半導體,20,0,20,福邦證券,2024-09-30,6480
2441,超豐,20,0,20,福邦證券,2024-09-30,6480
3141,晶宏,20,0,20,福邦證券,2024-09-30,6480
00929,復華台灣科技優息,18,0,18,福邦證券,2024-09-30,6480
3047,訊舟,15,0,15,福邦證券,2024-09-30,6480
3313,斐成,15,0,15,福邦證券,2024-09-30,6480
5522,遠雄,15,0,15,福邦證券,2024-09-30,6480
1586,和勤,14,0,14,福邦證券,2024-09-30,6480
1309,台達化,20,10,10,福邦證券,2024-09-30,6480
3580,友威科,10,0,10,福邦證券,2024-09-30,6480
3591,艾笛森,10,0,10,福邦證券,2024-09-30,6480
3625,西勝,10,0,10,福邦證券,2024-09-30,6480
4557,永新-KY,10,0,10,福邦證券,2024-09-30,6480
6706,惠特,11,1,10,福邦證券,2024-09-30,6480
8091,翔名,10,0,10,福邦證券,2024-09-30,6480
1802,台玻,9,0,9,福邦證券,2024-09-30,6480
2009,第一銅,9,0,9,福邦證券,2024-09-30,6480
3481,群創,55,46,9,福邦證券,2024-09-30,6480
00688L,國泰20年美債正2,10,2,8,福邦證券,2024-09-30,6480
2883,凱基金,8,0,8,福邦證券,2024-09-30,6480
3715,定穎投控,8,0,8,福邦證券,2024-09-30,6480
00631L,元大台灣50正2,7,0,7,福邦證券,2024-09-30,6480
2548,華固,7,0,7,福邦證券,2024-09-30,6480
6026,福邦證,7,0,7,福邦證券,2024-09-30,6480
2362,藍天,6,0,6,福邦證券,2024-09-30,6480
2376,技嘉,6,0,6,福邦證券,2024-09-30,6480
3511,矽瑪,6,0,6,福邦證券,2024-09-30,6480
2609,陽明,18,13,5,福邦證券,2024-09-30,6480
00652,富邦印度,5,0,5,福邦證券,2024-09-30,6480
1301,台塑,9,4,5,福邦證券,2024-09-30,6480
1618,合機,5,0,5,福邦證券,2024-09-30,6480
2497,怡利電,5,0,5,福邦證券,2024-09-30,6480
2637,慧洋-KY,5,0,5,福邦證券,2024-09-30,6480
3221,台嘉碩,5,0,5,福邦證券,2024-09-30,6480
00753L,中信中國50正2,470,300,170,福邦證券,2024-10-01,6480
2441,超豐,50,0,50,福邦證券,2024-10-01,6480
2888,新光金,50,2,48,福邦證券,2024-10-01,6480
6425,易發,42,0,42,福邦證券,2024-10-01,6480
3058,立德,50,10,40,福邦證券,2024-10-01,6480
3081,聯亞,40,0,40,福邦證券,2024-10-01,6480
00929,復華台灣科技優息,36,0,36,福邦證券,2024-10-01,6480
5905,南仁湖,30,0,30,福邦證券,2024-10-01,6480
2254,巨鎧精密-創,27,0,27,福邦證券,2024-10-01,6480
9935,慶豐富,25,0,25,福邦證券,2024-10-01,6480
00680L,元大美債20正2,23,0,23,福邦證券,2024-10-01,6480
8227,巨有科技,18,0,18,福邦證券,2024-10-01,6480
0056,元大高股息,16,0,16,福邦證券,2024-10-01,6480
1590,亞德客-KY,15,0,15,福邦證券,2024-10-01,6480
3715,定穎投控,15,0,15,福邦證券,2024-10-01,6480
1586,和勤,14,0,14,福邦證券,2024-10-01,6480
2059,川湖,19,6,13,福邦證券,2024-10-01,6480
00751B,元大AAA至A公司債,10,0,10,福邦證券,2024-10-01,6480
00650L,復華香港正2,10,0,10,福邦證券,2024-10-01,6480
1809,中釉,10,0,10,福邦證券,2024-10-01,6480
3221,台嘉碩,10,0,10,福邦證券,2024-10-01,6480
4915,致伸,10,0,10,福邦證券,2024-10-01,6480
6756,威鋒電子,10,0,10,福邦證券,2024-10-01,6480
2609,陽明,10,0,10,福邦證券,2024-10-01,6480
2356,英業達,10,1,9,福邦證券,2024-10-01,6480
4966,譜瑞-KY,8,0,8,福邦證券,2024-10-01,6480
4580,捷流閥業,7,0,7,福邦證券,2024-10-01,6480
1309,台達化,5,0,5,福邦證券,2024-10-01,6480
2014,中鴻,5,0,5,福邦證券,2024-10-01,6480
2605,新興,6,1,5,福邦證券,2024-10-01,6480
3313,斐成,5,0,5,福邦證券,2024-10-01,6480
3356,奇偶,5,0,5,福邦證券,2024-10-01,6480
4729,熒茂,5,0,5,福邦證券,2024-10-01,6480
5351,鈺創,10,5,5,福邦證券,2024-10-01,6480
5522,遠雄,5,0,5,福邦證券,2024-10-01,6480
1815,富喬,4,0,4,福邦證券,2024-10-01,6480
0050,元大台灣50,4,0,4,福邦證券,2024-10-01,6480
3583,辛耘,5,1,4,福邦證券,2024-10-01,6480
3661,世芯-KY,4,0,4,福邦證券,2024-10-01,6480
5443,均豪,7,3,4,福邦證券,2024-10-01,6480
6838,台新藥,4,0,4,福邦證券,2024-10-01,6480
3022,威強電,3,0,3,福邦證券,2024-10-01,6480
2347,聯強,3,0,3,福邦證券,2024-10-01,6480
00878,國泰永續高股息,3,0,3,福邦證券,2024-10-01,6480
2548,華固,3,0,3,福邦證券,2024-10-01,6480
2867,三商壽,3,0,3,福邦證券,2024-10-01,6480
3511,矽瑪,3,0,3,福邦證券,2024-10-01,6480
6104,創惟,3,0,3,福邦證券,2024-10-01,6480
6835,圓裕,3,0,3,福邦證券,2024-10-01,6480
6846,綠茵,3,0,3,福邦證券,2024-10-01,6480
2603,長榮,400,0,400,福邦證券,2024-10-04,6480
00680L,元大美債20正2,323,0,323,福邦證券,2024-10-04,6480
4979,華星光,299,3,296,福邦證券,2024-10-04,6480
9945,潤泰新,120,0,120,福邦證券,2024-10-04,6480
3058,立德,110,0,110,福邦證券,2024-10-04,6480
00929,復華台灣科技優息,103,0,103,福邦證券,2024-10-04,6480
2382,廣達,85,4,81,福邦證券,2024-10-04,6480
00919,群益台灣精選高息,61,0,61,福邦證券,2024-10-04,6480
5871,中租-KY,30,0,30,福邦證券,2024-10-04,6480
3167,大量,29,0,29,福邦證券,2024-10-04,6480
3025,星通,30,2,28,福邦證券,2024-10-04,6480
2313,華通,27,0,27,福邦證券,2024-10-04,6480
1802,台玻,20,0,20,福邦證券,2024-10-04,6480
5388,中磊,20,0,20,福邦證券,2024-10-04,6480
00679B,元大美債20年,18,0,18,福邦證券,2024-10-04,6480
2441,超豐,15,0,15,福邦證券,2024-10-04,6480
8085,福華,15,0,15,福邦證券,2024-10-04,6480
3231,緯創,15,1,14,福邦證券,2024-10-04,6480
2059,川湖,12,0,12,福邦證券,2024-10-04,6480
6187,萬潤,12,0,12,福邦證券,2024-10-04,6480
8906,花王,12,0,12,福邦證券,2024-10-04,6480
2353,宏��,11,0,11,福邦證券,2024-10-04,6480
2354,鴻準,11,0,11,福邦證券,2024-10-04,6480
3580,友威科,11,0,11,福邦證券,2024-10-04,6480
6186,新潤,11,0,11,福邦證券,2024-10-04,6480
8039,台虹,11,0,11,福邦證券,2024-10-04,6480
2317,鴻海,27,16,11,福邦證券,2024-10-04,6480
00687B,國泰20年美債,10,0,10,福邦證券,2024-10-04,6480
2845,遠東銀,10,0,10,福邦證券,2024-10-04,6480
5236,凌陽創新,10,0,10,福邦證券,2024-10-04,6480
5351,鈺創,10,0,10,福邦證券,2024-10-04,6480
6414,樺漢,10,0,10,福邦證券,2024-10-04,6480
8064,東捷,10,0,10,福邦證券,2024-10-04,6480
8091,翔名,10,0,10,福邦證券,2024-10-04,6480
3017,奇鋐,10,1,9,福邦證券,2024-10-04,6480
2618,長榮航,9,1,8,福邦證券,2024-10-04,6480
3443,創意,8,0,8,福邦證券,2024-10-04,6480
4174,浩鼎,8,0,8,福邦證券,2024-10-04,6480
3221,台嘉碩,7,0,7,福邦證券,2024-10-04,6480
6215,和椿,7,0,7,福邦證券,2024-10-04,6480
00878,國泰永續高股息,6,0,6,福邦證券,2024-10-04,6480
2348,海悅,6,0,6,福邦證券,2024-10-04,6480
2615,萬海,7,1,6,福邦證券,2024-10-04,6480
2834,臺企銀,6,0,6,福邦證券,2024-10-04,6480
2903,遠百,6,0,6,福邦證券,2024-10-04,6480
3313,斐成,6,0,6,福邦證券,2024-10-04,6480
6919,康霈*,6,0,6,福邦證券,2024-10-04,6480
1460,宏遠,5,0,5,福邦證券,2024-10-04,6480
00652,富邦印度,5,0,5,福邦證券,2024-10-04,6480
00631L,元大台灣50正2,5,0,5,福邦證券,2024-10-04,6480
3702,大聯大,397,0,397,福邦證券,2024-10-07,6480
2308,台達電,393,0,393,福邦證券,2024-10-07,6480
00753L,中信中國50正2,154,10,144,福邦證券,2024-10-07,6480
3058,立德,148,10,138,福邦證券,2024-10-07,6480
2347,聯強,123,0,123,福邦證券,2024-10-07,6480
00680L,元大美債20正2,136,31,105,福邦證券,2024-10-07,6480
3264,欣銓,102,0,102,福邦證券,2024-10-07,6480
9945,潤泰新,100,0,100,福邦證券,2024-10-07,6480
00665L,富邦�琤肭磪囓�2,80,0,80,福邦證券,2024-10-07,6480
2609,陽明,64,0,64,福邦證券,2024-10-07,6480
00882,中信中國高股息,65,6,59,福邦證券,2024-10-07,6480
3481,群創,52,1,51,福邦證券,2024-10-07,6480
3037,欣興,51,0,51,福邦證券,2024-10-07,6480
8103,瀚荃,50,1,49,福邦證券,2024-10-07,6480
2313,華通,47,2,45,福邦證券,2024-10-07,6480
6207,雷科,55,10,45,福邦證券,2024-10-07,6480
2399,映泰,40,0,40,福邦證券,2024-10-07,6480
2753,八方雲集,30,0,30,福邦證券,2024-10-07,6480
3363,上詮,38,9,29,福邦證券,2024-10-07,6480
00687B,國泰20年美債,25,0,25,福邦證券,2024-10-07,6480
00795B,中信美國公債20年,23,0,23,福邦證券,2024-10-07,6480
00937B,群益ESG投等債20,30,9,21,福邦證券,2024-10-07,6480
00632R,元大台灣50反1,220,200,20,福邦證券,2024-10-07,6480
2354,鴻準,17,0,17,福邦證券,2024-10-07,6480
3313,斐成,16,0,16,福邦證券,2024-10-07,6480
3443,創意,16,0,16,福邦證券,2024-10-07,6480
4711,永純,15,0,15,福邦證券,2024-10-07,6480
2317,鴻海,21,8,13,福邦證券,2024-10-07,6480
3047,訊舟,15,3,12,福邦證券,2024-10-07,6480
6179,亞通,11,0,11,福邦證券,2024-10-07,6480
2486,一詮,10,0,10,福邦證券,2024-10-07,6480
3017,奇鋐,10,0,10,福邦證券,2024-10-07,6480
3324,雙鴻,10,0,10,福邦證券,2024-10-07,6480
3483,力致,10,0,10,福邦證券,2024-10-07,6480
3605,宏致,10,0,10,福邦證券,2024-10-07,6480
6821,聯寶,10,0,10,福邦證券,2024-10-07,6480
2062,橋椿,10,1,9,福邦證券,2024-10-07,6480
2618,長榮航,10,1,9,福邦證券,2024-10-07,6480
2903,遠百,9,0,9,福邦證券,2024-10-07,6480
2887,台新金,8,0,8,福邦證券,2024-10-07,6480
4523,永彰,8,0,8,福邦證券,2024-10-07,6480
8446,華研,8,0,8,福邦證券,2024-10-07,6480
2353,宏��,6,0,6,福邦證券,2024-10-07,6480
00636,國泰中國A50,6,0,6,福邦證券,2024-10-07,6480
2031,新光鋼,6,0,6,福邦證券,2024-10-07,6480
00907,永豐優息存股,5,0,5,福邦證券,2024-10-07,6480
00652,富邦印度,5,0,5,福邦證券,2024-10-07,6480
2603,長榮,6,1,5,福邦證券,2024-10-07,6480
3346,麗清,5,0,5,福邦證券,2024-10-07,6480
5474,聰泰,5,0,5,福邦證券,2024-10-07,6480
2105,正新,500,0,500,福邦證券,2024-10-08,6480
2881,富邦金,330,0,330,福邦證券,2024-10-08,6480
4979,華星光,348,159,189,福邦證券,2024-10-08,6480
9945,潤泰新,128,1,127,福邦證券,2024-10-08,6480
00751B,元大AAA至A公司債,141,37,104,福邦證券,2024-10-08,6480
2888,新光金,100,0,100,福邦證券,2024-10-08,6480
2360,致茂,71,1,70,福邦證券,2024-10-08,6480
2317,鴻海,82,18,64,福邦證券,2024-10-08,6480
3037,欣興,55,0,55,福邦證券,2024-10-08,6480
3017,奇鋐,52,0,52,福邦證券,2024-10-08,6480
3450,聯鈞,57,6,51,福邦證券,2024-10-08,6480
2399,映泰,54,4,50,福邦證券,2024-10-08,6480
3058,立德,50,0,50,福邦證券,2024-10-08,6480
6285,啟��,50,0,50,福邦證券,2024-10-08,6480
00655L,國泰中國A50正2,40,0,40,福邦證券,2024-10-08,6480
3025,星通,40,0,40,福邦證券,2024-10-08,6480
6438,迅得,31,0,31,福邦證券,2024-10-08,6480
2330,台積電,31,1,30,福邦證券,2024-10-08,6480
3167,大量,27,0,27,福邦證券,2024-10-08,6480
00937B,群益ESG投等債20,26,0,26,福邦證券,2024-10-08,6480
3363,上詮,24,1,23,福邦證券,2024-10-08,6480
3533,嘉澤,20,0,20,福邦證券,2024-10-08,6480
2362,藍天,21,2,19,福邦證券,2024-10-08,6480
5388,中磊,20,1,19,福邦證券,2024-10-08,6480
00922,國泰台灣領袖50,17,0,17,福邦證券,2024-10-08,6480
1736,喬山,15,0,15,福邦證券,2024-10-08,6480
3665,貿聯-KY,15,0,15,福邦證券,2024-10-08,6480
00720B,元大投資級公司債,12,0,12,福邦證券,2024-10-08,6480
3576,聯合再生,18,6,12,福邦證券,2024-10-08,6480
6788,華景電,12,0,12,福邦證券,2024-10-08,6480
00878,國泰永續高股息,11,0,11,福邦證券,2024-10-08,6480
2371,大同,11,0,11,福邦證券,2024-10-08,6480
3209,全科,11,0,11,福邦證券,2024-10-08,6480
1314,中石化,10,0,10,福邦證券,2024-10-08,6480
00919,群益台灣精選高息,10,0,10,福邦證券,2024-10-08,6480
00679B,元大美債20年,10,0,10,福邦證券,2024-10-08,6480
2313,華通,10,0,10,福邦證券,2024-10-08,6480
2345,智邦,10,0,10,福邦證券,2024-10-08,6480
3149,正達,10,0,10,福邦證券,2024-10-08,6480
3591,艾笛森,10,0,10,福邦證券,2024-10-08,6480
4711,永純,10,0,10,福邦證券,2024-10-08,6480
5236,凌陽創新,10,0,10,福邦證券,2024-10-08,6480
8404,百和興業-KY,10,0,10,福邦證券,2024-10-08,6480
3048,益登,10,1,9,福邦證券,2024-10-08,6480
4729,熒茂,9,0,9,福邦證券,2024-10-08,6480
00633L,富邦上証正2,78,70,8,福邦證券,2024-10-08,6480
3313,斐成,8,0,8,福邦證券,2024-10-08,6480
00948B,中信優息投資級債,7,0,7,福邦證券,2024-10-08,6480
6197,佳必琪,7,0,7,福邦證券,2024-10-08,6480
0056,元大高股息,6,0,6,福邦證券,2024-10-08,6480
9945,潤泰新,150,0,150,福邦證券,2024-10-09,6480
4991,環宇-KY,230,102,128,福邦證券,2024-10-09,6480
3455,由田,105,0,105,福邦證券,2024-10-09,6480
00753L,中信中國50正2,184,110,74,福邦證券,2024-10-09,6480
4977,眾達-KY,74,5,69,福邦證券,2024-10-09,6480
00665L,富邦�琤肭磪囓�2,60,0,60,福邦證券,2024-10-09,6480
2609,陽明,60,0,60,福邦證券,2024-10-09,6480
2377,微星,50,0,50,福邦證券,2024-10-09,6480
6414,樺漢,50,0,50,福邦證券,2024-10-09,6480
2313,華通,46,1,45,福邦證券,2024-10-09,6480
4729,熒茂,50,5,45,福邦證券,2024-10-09,6480
6187,萬潤,40,1,39,福邦證券,2024-10-09,6480
00700,富邦�琤肭磪�,35,0,35,福邦證券,2024-10-09,6480
00882,中信中國高股息,33,0,33,福邦證券,2024-10-09,6480
6108,競國,30,0,30,福邦證券,2024-10-09,6480
3576,聯合再生,31,3,28,福邦證券,2024-10-09,6480
3167,大量,27,0,27,福邦證券,2024-10-09,6480
00637L,元大滬深300正2,28,4,24,福邦證券,2024-10-09,6480
00655L,國泰中國A50正2,20,0,20,福邦證券,2024-10-09,6480
3058,立德,20,0,20,福邦證券,2024-10-09,6480
6438,迅得,20,1,19,福邦證券,2024-10-09,6480
2603,長榮,18,0,18,福邦證券,2024-10-09,6480
1569,濱川,15,0,15,福邦證券,2024-10-09,6480
2363,矽統,14,2,12,福邦證券,2024-10-09,6480
1314,中石化,12,0,12,福邦證券,2024-10-09,6480
2399,映泰,29,19,10,福邦證券,2024-10-09,6480
2506,太設,10,0,10,福邦證券,2024-10-09,6480
2892,第一金,10,0,10,福邦證券,2024-10-09,6480
3032,偉訓,10,0,10,福邦證券,2024-10-09,6480
3413,京鼎,10,0,10,福邦證券,2024-10-09,6480
3447,展達,10,0,10,福邦證券,2024-10-09,6480
4903,聯光通,10,0,10,福邦證券,2024-10-09,6480
00650L,復華香港正2,40,31,9,福邦證券,2024-10-09,6480
2605,新興,11,2,9,福邦證券,2024-10-09,6480
3583,辛耘,9,0,9,福邦證券,2024-10-09,6480
00720B,元大投資級公司債,8,0,8,福邦證券,2024-10-09,6480
3594,磐儀,8,0,8,福邦證券,2024-10-09,6480
2067,嘉鋼,7,0,7,福邦證券,2024-10-09,6480
2615,萬海,7,0,7,福邦證券,2024-10-09,6480
1325,恆大,6,0,6,福邦證券,2024-10-09,6480
0056,元大高股息,5,0,5,福邦證券,2024-10-09,6480
1707,葡萄王,5,0,5,福邦證券,2024-10-09,6480
1717,長興,5,0,5,福邦證券,2024-10-09,6480
2258,鴻華先進-創,5,0,5,福邦證券,2024-10-09,6480
2303,聯電,5,0,5,福邦證券,2024-10-09,6480
2486,一詮,16,11,5,福邦證券,2024-10-09,6480
2606,裕民,5,0,5,福邦證券,2024-10-09,6480
2637,慧洋-KY,6,1,5,福邦證券,2024-10-09,6480
3013,晟銘電,7,2,5,福邦證券,2024-10-09,6480
3374,精材,5,0,5,福邦證券,2024-10-09,6480
00671R,富邦NASDAQ反1,2810,0,2810,福邦證券,2024-10-11,6480
00937B,群益ESG投等債20,600,53,547,福邦證券,2024-10-11,6480
3013,晟銘電,321,6,315,福邦證券,2024-10-11,6480
9945,潤泰新,150,0,150,福邦證券,2024-10-11,6480
3710,連展投控,142,0,142,福邦證券,2024-10-11,6480
2449,京元電子,86,1,85,福邦證券,2024-10-11,6480
00637L,元大滬深300正2,60,0,60,福邦證券,2024-10-11,6480
4979,華星光,60,6,54,福邦證券,2024-10-11,6480
0052,富邦科技,50,5,45,福邦證券,2024-10-11,6480
6284,佳邦,30,0,30,福邦證券,2024-10-11,6480
2834,臺企銀,24,0,24,福邦證券,2024-10-11,6480
2605,新興,22,1,21,福邦證券,2024-10-11,6480
1563,巧新,20,0,20,福邦證券,2024-10-11,6480
00673R,期元大S＆P原油反1,20,0,20,福邦證券,2024-10-11,6480
00680L,元大美債20正2,20,0,20,福邦證券,2024-10-11,6480
5371,中光電,20,0,20,福邦證券,2024-10-11,6480
00753L,中信中國50正2,56,42,14,福邦證券,2024-10-11,6480
00795B,中信美國公債20年,13,0,13,福邦證券,2024-10-11,6480
1785,光洋科,12,0,12,福邦證券,2024-10-11,6480
2888,新光金,10,0,10,福邦證券,2024-10-11,6480
1736,喬山,10,0,10,福邦證券,2024-10-11,6480
00665L,富邦�琤肭磪囓�2,10,0,10,福邦證券,2024-10-11,6480
2002,中鋼,10,0,10,福邦證券,2024-10-11,6480
2360,致茂,10,0,10,福邦證券,2024-10-11,6480
2441,超豐,10,0,10,福邦證券,2024-10-11,6480
5225,東科-KY,10,0,10,福邦證券,2024-10-11,6480
6739,竹陞科技,35,25,10,福邦證券,2024-10-11,6480
2363,矽統,9,0,9,福邦證券,2024-10-11,6480
00751B,元大AAA至A公司債,9,1,8,福邦證券,2024-10-11,6480
3037,欣興,7,0,7,福邦證券,2024-10-11,6480
3715,定穎投控,10,3,7,福邦證券,2024-10-11,6480
2316,楠梓電,6,0,6,福邦證券,2024-10-11,6480
00700,富邦�琤肭磪�,5,0,5,福邦證券,2024-10-11,6480
2357,華碩,5,0,5,福邦證券,2024-10-11,6480
2380,虹光,5,0,5,福邦證券,2024-10-11,6480
2607,榮運,5,0,5,福邦證券,2024-10-11,6480
2883,凱基金,5,0,5,福邦證券,2024-10-11,6480
3498,陽程,5,0,5,福邦證券,2024-10-11,6480
5324,士開,10,5,5,福邦證券,2024-10-11,6480
8028,昇陽半導體,5,0,5,福邦證券,2024-10-11,6480
00948B,中信優息投資級債,4,0,4,福邦證券,2024-10-11,6480
1721,三晃,4,0,4,福邦證券,2024-10-11,6480
2062,橋椿,4,0,4,福邦證券,2024-10-11,6480
2344,華邦電,4,0,4,福邦證券,2024-10-11,6480
3558,神準,4,0,4,福邦證券,2024-10-11,6480
4991,環宇-KY,4,0,4,福邦證券,2024-10-11,6480
6215,和椿,4,0,4,福邦證券,2024-10-11,6480
6669,緯穎,4,0,4,福邦證券,2024-10-11,6480
3033,威健,8,4,4,福邦證券,2024-10-11,6480
4906,正文,4,1,3,福邦證券,2024-10-11,6480
3702,大聯大,225,1,224,福邦證券,2024-10-14,6480
2353,宏��,221,0,221,福邦證券,2024-10-14,6480
3045,台灣大,200,0,200,福邦證券,2024-10-14,6480
4991,環宇-KY,200,0,200,福邦證券,2024-10-14,6480
00671R,富邦NASDAQ反1,191,0,191,福邦證券,2024-10-14,6480
2330,台積電,213,23,190,福邦證券,2024-10-14,6480
9945,潤泰新,136,0,136,福邦證券,2024-10-14,6480
2308,台達電,50,0,50,福邦證券,2024-10-14,6480
6239,力成,50,0,50,福邦證券,2024-10-14,6480
3017,奇鋐,43,0,43,福邦證券,2024-10-14,6480
2753,八方雲集,40,0,40,福邦證券,2024-10-14,6480
4949,有成精密,39,0,39,福邦證券,2024-10-14,6480
4711,永純,37,0,37,福邦證券,2024-10-14,6480
00633L,富邦上証正2,35,0,35,福邦證券,2024-10-14,6480
5388,中磊,35,0,35,福邦證券,2024-10-14,6480
8059,凱碩,25,0,25,福邦證券,2024-10-14,6480
6187,萬潤,62,40,22,福邦證券,2024-10-14,6480
6442,光聖,26,4,22,福邦證券,2024-10-14,6480
2236,百達-KY,20,0,20,福邦證券,2024-10-14,6480
2543,皇昌,20,0,20,福邦證券,2024-10-14,6480
3533,嘉澤,20,2,18,福邦證券,2024-10-14,6480
00650L,復華香港正2,20,5,15,福邦證券,2024-10-14,6480
6026,福邦證,14,0,14,福邦證券,2024-10-14,6480
2615,萬海,14,2,12,福邦證券,2024-10-14,6480
00887,永豐中國科技50大,21,10,11,福邦證券,2024-10-14,6480
00948B,中信優息投資級債,18,7,11,福邦證券,2024-10-14,6480
00751B,元大AAA至A公司債,11,0,11,福邦證券,2024-10-14,6480
5443,均豪,23,12,11,福邦證券,2024-10-14,6480
00725B,國泰投資級公司債,10,0,10,福邦證券,2024-10-14,6480
2441,超豐,10,0,10,福邦證券,2024-10-14,6480
3167,大量,10,0,10,福邦證券,2024-10-14,6480
6727,亞泰金屬,10,0,10,福邦證券,2024-10-14,6480
3450,聯鈞,20,11,9,福邦證券,2024-10-14,6480
6703,軒郁,9,0,9,福邦證券,2024-10-14,6480
4967,十銓,10,2,8,福邦證券,2024-10-14,6480
00679B,元大美債20年,7,0,7,福邦證券,2024-10-14,6480
4580,捷流閥業,7,0,7,福邦證券,2024-10-14,6480
00945B,凱基美國非投等債,6,0,6,福邦證券,2024-10-14,6480
2317,鴻海,22,16,6,福邦證券,2024-10-14,6480
6669,緯穎,6,0,6,福邦證券,2024-10-14,6480
8111,立��,46,40,6,福邦證券,2024-10-14,6480
00720B,元大投資級公司債,5,0,5,福邦證券,2024-10-14,6480
2258,鴻華先進-創,5,0,5,福邦證券,2024-10-14,6480
2354,鴻準,5,0,5,福邦證券,2024-10-14,6480
2364,倫飛,5,0,5,福邦證券,2024-10-14,6480
2609,陽明,5,0,5,福邦證券,2024-10-14,6480
2357,華碩,4,0,4,福邦證券,2024-10-14,6480
3209,全科,4,0,4,福邦證券,2024-10-14,6480
4510,高鋒,4,0,4,福邦證券,2024-10-14,6480
1815,富喬,3,0,3,福邦證券,2024-10-14,6480
00671R,富邦NASDAQ反1,2779,0,2779,福邦證券,2024-10-15,6480
4979,華星光,309,20,289,福邦證券,2024-10-15,6480
8086,宏捷科,267,0,267,福邦證券,2024-10-15,6480
4927,泰鼎-KY,211,0,211,福邦證券,2024-10-15,6480
00632R,元大台灣50反1,150,0,150,福邦證券,2024-10-15,6480
5452,佶優,167,40,127,福邦證券,2024-10-15,6480
00885,富邦越南,115,0,115,福邦證券,2024-10-15,6480
00637L,元大滬深300正2,81,0,81,福邦證券,2024-10-15,6480
3013,晟銘電,167,101,66,福邦證券,2024-10-15,6480
8155,博智,65,0,65,福邦證券,2024-10-15,6480
2385,群光,50,0,50,福邦證券,2024-10-15,6480
3040,遠見,44,0,44,福邦證券,2024-10-15,6480
00715L,期街口布蘭特正2,42,10,32,福邦證券,2024-10-15,6480
3664,安瑞-KY,31,0,31,福邦證券,2024-10-15,6480
5310,天剛,31,0,31,福邦證券,2024-10-15,6480
00753L,中信中國50正2,100,70,30,福邦證券,2024-10-15,6480
3141,晶宏,30,0,30,福邦證券,2024-10-15,6480
6274,台燿,31,1,30,福邦證券,2024-10-15,6480
8103,瀚荃,30,0,30,福邦證券,2024-10-15,6480
2049,上銀,37,8,29,福邦證券,2024-10-15,6480
3017,奇鋐,40,12,28,福邦證券,2024-10-15,6480
00946,群益科技高息成長,20,0,20,福邦證券,2024-10-15,6480
3665,貿聯-KY,20,0,20,福邦證券,2024-10-15,6480
5481,新華,24,5,19,福邦證券,2024-10-15,6480
00665L,富邦�琤肭磪囓�2,12,0,12,福邦證券,2024-10-15,6480
1314,中石化,11,0,11,福邦證券,2024-10-15,6480
1563,巧新,10,0,10,福邦證券,2024-10-15,6480
00655L,國泰中國A50正2,10,0,10,福邦證券,2024-10-15,6480
1101,台泥,10,0,10,福邦證券,2024-10-15,6480
1711,永光,10,0,10,福邦證券,2024-10-15,6480
2441,超豐,10,0,10,福邦證券,2024-10-15,6480
2506,太設,10,0,10,福邦證券,2024-10-15,6480
3032,偉訓,10,0,10,福邦證券,2024-10-15,6480
3167,大量,10,0,10,福邦證券,2024-10-15,6480
6426,統新,40,30,10,福邦證券,2024-10-15,6480
1303,南亞,10,1,9,福邦證券,2024-10-15,6480
3709,鑫聯大投控,12,4,8,福邦證券,2024-10-15,6480
2888,新光金,7,0,7,福邦證券,2024-10-15,6480
1605,華新,8,1,7,福邦證券,2024-10-15,6480
00679B,元大美債20年,7,0,7,福邦證券,2024-10-15,6480
00687B,國泰20年美債,6,0,6,福邦證券,2024-10-15,6480
00725B,國泰投資級公司債,6,0,6,福邦證券,2024-10-15,6480
5443,均豪,20,14,6,福邦證券,2024-10-15,6480
8028,昇陽半導體,11,5,6,福邦證券,2024-10-15,6480
2883,凱基金,10,5,5,福邦證券,2024-10-15,6480
00633L,富邦上証正2,5,0,5,福邦證券,2024-10-15,6480
2607,榮運,5,0,5,福邦證券,2024-10-15,6480
3617,碩天,5,0,5,福邦證券,2024-10-15,6480
4139,馬光-KY,5,0,5,福邦證券,2024-10-15,6480
6415,矽力*-KY,5,0,5,福邦證券,2024-10-15,6480
2317,鴻海,131,12,119,福邦證券,2024-10-16,6480
2753,八方雲集,85,0,85,福邦證券,2024-10-16,6480
4979,華星光,81,1,80,福邦證券,2024-10-16,6480
00927,群益半導體收益,50,0,50,福邦證券,2024-10-16,6480
1605,華新,48,0,48,福邦證券,2024-10-16,6480
2399,映泰,70,23,47,福邦證券,2024-10-16,6480
3231,緯創,45,1,44,福邦證券,2024-10-16,6480
2344,華邦電,40,0,40,福邦證券,2024-10-16,6480
00715L,期街口布蘭特正2,40,5,35,福邦證券,2024-10-16,6480
6120,達運,40,10,30,福邦證券,2024-10-16,6480
8096,擎亞,27,0,27,福邦證券,2024-10-16,6480
1101,台泥,25,0,25,福邦證券,2024-10-16,6480
2363,矽統,25,2,23,福邦證券,2024-10-16,6480
3303,岱稜,20,0,20,福邦證券,2024-10-16,6480
3313,斐成,20,0,20,福邦證券,2024-10-16,6480
3455,由田,20,0,20,福邦證券,2024-10-16,6480
5371,中光電,20,0,20,福邦證券,2024-10-16,6480
2888,新光金,16,0,16,福邦證券,2024-10-16,6480
4958,臻鼎-KY,15,0,15,福邦證券,2024-10-16,6480
6223,旺矽,15,0,15,福邦證券,2024-10-16,6480
00637L,元大滬深300正2,15,1,14,福邦證券,2024-10-16,6480
9105,泰金寶-DR,14,0,14,福邦證券,2024-10-16,6480
3706,神達,11,0,11,福邦證券,2024-10-16,6480
1736,喬山,10,0,10,福邦證券,2024-10-16,6480
00655L,國泰中國A50正2,10,0,10,福邦證券,2024-10-16,6480
00650L,復華香港正2,87,77,10,福邦證券,2024-10-16,6480
00929,復華台灣科技優息,10,0,10,福邦證券,2024-10-16,6480
2883,凱基金,10,0,10,福邦證券,2024-10-16,6480
5230,雷笛克光學,10,0,10,福邦證券,2024-10-16,6480
5481,新華,10,0,10,福邦證券,2024-10-16,6480
6919,康霈*,10,0,10,福邦證券,2024-10-16,6480
00887,永豐中國科技50大,13,4,9,福邦證券,2024-10-16,6480
2887,台新金,8,0,8,福邦證券,2024-10-16,6480
3017,奇鋐,8,0,8,福邦證券,2024-10-16,6480
9910,豐泰,8,0,8,福邦證券,2024-10-16,6480
3209,全科,10,3,7,福邦證券,2024-10-16,6480
2330,台積電,11,5,6,福邦證券,2024-10-16,6480
1727,中華化,6,0,6,福邦證券,2024-10-16,6480
0050,元大台灣50,6,0,6,福邦證券,2024-10-16,6480
6143,振曜,6,0,6,福邦證券,2024-10-16,6480
8086,宏捷科,6,0,6,福邦證券,2024-10-16,6480
00961,FT臺灣永續高息,5,0,5,福邦證券,2024-10-16,6480
1717,長興,5,0,5,福邦證券,2024-10-16,6480
2455,全新,5,0,5,福邦證券,2024-10-16,6480
3680,家登,5,0,5,福邦證券,2024-10-16,6480
4510,高鋒,5,0,5,福邦證券,2024-10-16,6480
4716,大立,5,0,5,福邦證券,2024-10-16,6480
3189,景碩,4,0,4,福邦證券,2024-10-16,6480
1721,三晃,3,0,3,福邦證券,2024-10-16,6480
2007,燁興,3,0,3,福邦證券,2024-10-16,6480
8150,南茂,115,0,115,福邦證券,2024-10-17,6480
00941,中信上游半導體,100,0,100,福邦證券,2024-10-17,6480
2888,新光金,101,6,95,福邦證券,2024-10-17,6480
3481,群創,101,13,88,福邦證券,2024-10-17,6480
2753,八方雲集,85,0,85,福邦證券,2024-10-17,6480
3303,岱稜,66,1,65,福邦證券,2024-10-17,6480
3450,聯鈞,66,11,55,福邦證券,2024-10-17,6480
2360,致茂,40,0,40,福邦證券,2024-10-17,6480
00937B,群益ESG投等債20,39,1,38,福邦證券,2024-10-17,6480
00715L,期街口布蘭特正2,34,0,34,福邦證券,2024-10-17,6480
00892,富邦台灣半導體,30,0,30,福邦證券,2024-10-17,6480
3694,海華,30,0,30,福邦證券,2024-10-17,6480
4566,時碩工業,30,1,29,福邦證券,2024-10-17,6480
2301,光寶科,30,8,22,福邦證券,2024-10-17,6480
2327,國巨,20,0,20,福邦證券,2024-10-17,6480
3313,斐成,20,0,20,福邦證券,2024-10-17,6480
9105,泰金寶-DR,20,0,20,福邦證券,2024-10-17,6480
4979,華星光,22,3,19,福邦證券,2024-10-17,6480
1460,宏遠,15,0,15,福邦證券,2024-10-17,6480
5288,豐祥-KY,15,0,15,福邦證券,2024-10-17,6480
3062,建漢,13,0,13,福邦證券,2024-10-17,6480
3228,金麗科,13,0,13,福邦證券,2024-10-17,6480
6202,盛群,13,0,13,福邦證券,2024-10-17,6480
00637L,元大滬深300正2,42,30,12,福邦證券,2024-10-17,6480
4903,聯光通,23,12,11,福邦證券,2024-10-17,6480
6274,台燿,11,0,11,福邦證券,2024-10-17,6480
0056,元大高股息,10,0,10,福邦證券,2024-10-17,6480
2383,台光電,10,0,10,福邦證券,2024-10-17,6480
2441,超豐,10,0,10,福邦證券,2024-10-17,6480
4542,科嶠,12,2,10,福邦證券,2024-10-17,6480
5230,雷笛克光學,10,0,10,福邦證券,2024-10-17,6480
5236,凌陽創新,10,0,10,福邦證券,2024-10-17,6480
6226,光鼎,10,0,10,福邦證券,2024-10-17,6480
2049,上銀,72,63,9,福邦證券,2024-10-17,6480
3209,全科,9,0,9,福邦證券,2024-10-17,6480
8155,博智,10,1,9,福邦證券,2024-10-17,6480
3047,訊舟,8,0,8,福邦證券,2024-10-17,6480
8210,勤誠,8,0,8,福邦證券,2024-10-17,6480
00751B,元大AAA至A公司債,7,0,7,福邦證券,2024-10-17,6480
2367,燿華,7,0,7,福邦證券,2024-10-17,6480
8466,美吉吉-KY,7,0,7,福邦證券,2024-10-17,6480
3588,通嘉,6,0,6,福邦證券,2024-10-17,6480
2637,慧洋-KY,6,0,6,福邦證券,2024-10-17,6480
3374,精材,5,0,5,福邦證券,2024-10-17,6480
00640L,富邦日本正2,10,5,5,福邦證券,2024-10-17,6480
3707,漢磊,5,0,5,福邦證券,2024-10-17,6480
6742,澤米,20,15,5,福邦證券,2024-10-17,6480
6919,康霈*,6,1,5,福邦證券,2024-10-17,6480
8103,瀚荃,5,0,5,福邦證券,2024-10-17,6480
1785,光洋科,10,6,4,福邦證券,2024-10-17,6480
2464,盟立,300,0,300,福邦證券,2024-10-18,6480
4979,華星光,178,2,176,福邦證券,2024-10-18,6480
2421,建準,102,3,99,福邦證券,2024-10-18,6480
3011,今皓,141,75,66,福邦證券,2024-10-18,6480
00891,中信關鍵半導體,60,0,60,福邦證券,2024-10-18,6480
2313,華通,55,0,55,福邦證券,2024-10-18,6480
4561,健椿,44,0,44,福邦證券,2024-10-18,6480
2385,群光,40,0,40,福邦證券,2024-10-18,6480
8150,南茂,33,0,33,福邦證券,2024-10-18,6480
00892,富邦台灣半導體,30,0,30,福邦證券,2024-10-18,6480
8096,擎亞,28,0,28,福邦證券,2024-10-18,6480
1460,宏遠,25,0,25,福邦證券,2024-10-18,6480
2607,榮運,25,0,25,福邦證券,2024-10-18,6480
8028,昇陽半導體,30,5,25,福邦證券,2024-10-18,6480
3167,大量,26,3,23,福邦證券,2024-10-18,6480
00937B,群益ESG投等債20,22,0,22,福邦證券,2024-10-18,6480
3303,岱稜,19,0,19,福邦證券,2024-10-18,6480
00679B,元大美債20年,18,0,18,福邦證券,2024-10-18,6480
00945B,凱基美國非投等債,16,0,16,福邦證券,2024-10-18,6480
3221,台嘉碩,15,0,15,福邦證券,2024-10-18,6480
00795B,中信美國公債20年,15,1,14,福邦證券,2024-10-18,6480
2356,英業達,22,10,12,福邦證券,2024-10-18,6480
6170,統振,12,0,12,福邦證券,2024-10-18,6480
00680L,元大美債20正2,11,0,11,福邦證券,2024-10-18,6480
00751B,元大AAA至A公司債,11,0,11,福邦證券,2024-10-18,6480
2367,燿華,11,0,11,福邦證券,2024-10-18,6480
3231,緯創,21,10,11,福邦證券,2024-10-18,6480
5347,世界,14,3,11,福邦證券,2024-10-18,6480
6187,萬潤,11,0,11,福邦證券,2024-10-18,6480
00959B,大華投等美債15Y+,10,0,10,福邦證券,2024-10-18,6480
2371,大同,10,0,10,福邦證券,2024-10-18,6480
2379,瑞昱,10,0,10,福邦證券,2024-10-18,6480
5288,豐祥-KY,10,0,10,福邦證券,2024-10-18,6480
6148,驊宏資,10,0,10,福邦證券,2024-10-18,6480
6151,晉倫,10,0,10,福邦證券,2024-10-18,6480
6727,亞泰金屬,10,0,10,福邦證券,2024-10-18,6480
6854,錼創科技-KY創,10,0,10,福邦證券,2024-10-18,6480
8155,博智,10,0,10,福邦證券,2024-10-18,6480
2867,三商壽,9,0,9,福邦證券,2024-10-18,6480
6703,軒郁,9,0,9,福邦證券,2024-10-18,6480
3017,奇鋐,8,2,6,福邦證券,2024-10-18,6480
00887,永豐中國科技50大,13,7,6,福邦證券,2024-10-18,6480
00929,復華台灣科技優息,6,0,6,福邦證券,2024-10-18,6480
4510,高鋒,6,0,6,福邦證券,2024-10-18,6480
00654R,富邦印度反1,5,0,5,福邦證券,2024-10-18,6480
00652,富邦印度,5,0,5,福邦證券,2024-10-18,6480
00687B,國泰20年美債,5,0,5,福邦證券,2024-10-18,6480
2402,毅嘉,7,2,5,福邦證券,2024-10-18,6480
2540,愛山林,5,0,5,福邦證券,2024-10-18,6480
2903,遠百,5,0,5,福邦證券,2024-10-18,6480
6026,福邦證,1172,1,1171,福邦證券,2024-10-21,6480
2303,聯電,1003,0,1003,福邦證券,2024-10-21,6480
2359,所羅門,201,0,201,福邦證券,2024-10-21,6480
3702,大聯大,201,0,201,福邦證券,2024-10-21,6480
3711,日月光投控,152,2,150,福邦證券,2024-10-21,6480
00637L,元大滬深300正2,109,6,103,福邦證券,2024-10-21,6480
6165,浪凡,88,0,88,福邦證券,2024-10-21,6480
3011,今皓,87,25,62,福邦證券,2024-10-21,6480
2379,瑞昱,58,0,58,福邦證券,2024-10-21,6480
00715L,期街口布蘭特正2,63,7,56,福邦證券,2024-10-21,6480
2453,凌群,53,0,53,福邦證券,2024-10-21,6480
00904,新光臺灣半導體30,50,0,50,福邦證券,2024-10-21,6480
2308,台達電,50,0,50,福邦證券,2024-10-21,6480
2330,台積電,51,3,48,福邦證券,2024-10-21,6480
1702,南僑,45,0,45,福邦證券,2024-10-21,6480
00937B,群益ESG投等債20,46,1,45,福邦證券,2024-10-21,6480
00751B,元大AAA至A公司債,33,0,33,福邦證券,2024-10-21,6480
00720B,元大投資級公司債,32,0,32,福邦證券,2024-10-21,6480
6202,盛群,32,0,32,福邦證券,2024-10-21,6480
1539,巨庭,30,0,30,福邦證券,2024-10-21,6480
1605,華新,30,0,30,福邦證券,2024-10-21,6480
5905,南仁湖,30,0,30,福邦證券,2024-10-21,6480
3234,光環,29,0,29,福邦證券,2024-10-21,6480
00959B,大華投等美債15Y+,28,0,28,福邦證券,2024-10-21,6480
3363,上詮,28,0,28,福邦證券,2024-10-21,6480
6645,金萬林-創,27,0,27,福邦證券,2024-10-21,6480
3593,力銘,26,0,26,福邦證券,2024-10-21,6480
3005,神基,25,0,25,福邦證券,2024-10-21,6480
00953B,群益優選非投等債,22,0,22,福邦證券,2024-10-21,6480
2607,榮運,20,0,20,福邦證券,2024-10-21,6480
3221,台嘉碩,20,0,20,福邦證券,2024-10-21,6480
6170,統振,17,0,17,福邦證券,2024-10-21,6480
00945B,凱基美國非投等債,14,0,14,福邦證券,2024-10-21,6480
2903,遠百,12,0,12,福邦證券,2024-10-21,6480
4566,時碩工業,18,6,12,福邦證券,2024-10-21,6480
2327,國巨,11,0,11,福邦證券,2024-10-21,6480
1597,直得,11,1,10,福邦證券,2024-10-21,6480
00753L,中信中國50正2,60,50,10,福邦證券,2024-10-21,6480
00940,元大台灣價值高息,10,0,10,福邦證券,2024-10-21,6480
00929,復華台灣科技優息,10,0,10,福邦證券,2024-10-21,6480
4549,桓達,10,0,10,福邦證券,2024-10-21,6480
6806,森崴能源,10,0,10,福邦證券,2024-10-21,6480
8150,南茂,10,0,10,福邦證券,2024-10-21,6480
2486,一詮,9,0,9,福邦證券,2024-10-21,6480
8227,巨有科技,9,0,9,福邦證券,2024-10-21,6480
4561,健椿,8,0,8,福邦證券,2024-10-21,6480
2882,國泰金,10,3,7,福邦證券,2024-10-21,6480
2884,玉山金,7,0,7,福邦證券,2024-10-21,6480
3013,晟銘電,9,3,6,福邦證券,2024-10-21,6480
00905,FT臺灣Smart,5,0,5,福邦證券,2024-10-21,6480
00671R,富邦NASDAQ反1,1703,0,1703,福邦證券,2024-10-22,6480
00919,群益台灣精選高息,500,0,500,福邦證券,2024-10-22,6480
2449,京元電子,502,16,486,福邦證券,2024-10-22,6480
4979,華星光,401,0,401,福邦證券,2024-10-22,6480
00713,元大台灣高息低波,200,0,200,福邦證券,2024-10-22,6480
1605,華新,120,0,120,福邦證券,2024-10-22,6480
00937B,群益ESG投等債20,135,50,85,福邦證券,2024-10-22,6480
6669,緯穎,60,2,58,福邦證券,2024-10-22,6480
1455,集盛,50,0,50,福邦證券,2024-10-22,6480
00725B,國泰投資級公司債,50,0,50,福邦證券,2024-10-22,6480
6239,力成,50,0,50,福邦證券,2024-10-22,6480
6151,晉倫,50,5,45,福邦證券,2024-10-22,6480
3011,今皓,82,40,42,福邦證券,2024-10-22,6480
00679B,元大美債20年,35,0,35,福邦證券,2024-10-22,6480
3593,力銘,32,0,32,福邦證券,2024-10-22,6480
2383,台光電,31,0,31,福邦證券,2024-10-22,6480
4716,大立,30,0,30,福邦證券,2024-10-22,6480
00751B,元大AAA至A公司債,24,0,24,福邦證券,2024-10-22,6480
3264,欣銓,25,2,23,福邦證券,2024-10-22,6480
4533,協易機,21,0,21,福邦證券,2024-10-22,6480
6645,金萬林-創,21,0,21,福邦證券,2024-10-22,6480
2504,國產,20,0,20,福邦證券,2024-10-22,6480
6196,帆宣,20,0,20,福邦證券,2024-10-22,6480
5481,新華,20,2,18,福邦證券,2024-10-22,6480
3289,宜特,17,1,16,福邦證券,2024-10-22,6480
5443,均豪,16,0,16,福邦證券,2024-10-22,6480
00720B,元大投資級公司債,15,0,15,福邦證券,2024-10-22,6480
3221,台嘉碩,15,0,15,福邦證券,2024-10-22,6480
6026,福邦證,15,0,15,福邦證券,2024-10-22,6480
00948B,中信優息投資級債,14,0,14,福邦證券,2024-10-22,6480
00945B,凱基美國非投等債,14,0,14,福邦證券,2024-10-22,6480
1597,直得,24,11,13,福邦證券,2024-10-22,6480
4577,達航科技,13,0,13,福邦證券,2024-10-22,6480
00959B,大華投等美債15Y+,12,0,12,福邦證券,2024-10-22,6480
4739,康普,12,0,12,福邦證券,2024-10-22,6480
8064,東捷,23,11,12,福邦證券,2024-10-22,6480
2472,立隆電,11,0,11,福邦證券,2024-10-22,6480
1301,台塑,10,0,10,福邦證券,2024-10-22,6480
1539,巨庭,10,0,10,福邦證券,2024-10-22,6480
00931B,統一美債20年,10,0,10,福邦證券,2024-10-22,6480
006208,富邦台50,10,0,10,福邦證券,2024-10-22,6480
00878,國泰永續高股息,10,0,10,福邦證券,2024-10-22,6480
2903,遠百,10,0,10,福邦證券,2024-10-22,6480
6148,驊宏資,9,0,9,福邦證券,2024-10-22,6480
6285,啟��,9,0,9,福邦證券,2024-10-22,6480
4303,信立,8,0,8,福邦證券,2024-10-22,6480
9939,宏全,8,0,8,福邦證券,2024-10-22,6480
2330,台積電,8,0,8,福邦證券,2024-10-22,6480
2363,矽統,16,10,6,福邦證券,2024-10-22,6480
00687B,國泰20年美債,6,0,6,福邦證券,2024-10-22,6480
00671R,富邦NASDAQ反1,655,0,655,福邦證券,2024-10-23,6480
6026,福邦證,220,0,220,福邦證券,2024-10-23,6480
3013,晟銘電,198,2,196,福邦證券,2024-10-23,6480
3481,群創,128,4,124,福邦證券,2024-10-23,6480
2329,華泰,116,0,116,福邦證券,2024-10-23,6480
1802,台玻,103,2,101,福邦證券,2024-10-23,6480
00696B,富邦美債20年,100,0,100,福邦證券,2024-10-23,6480
00937B,群益ESG投等債20,71,0,71,福邦證券,2024-10-23,6480
5521,工信,50,0,50,福邦證券,2024-10-23,6480
00919,群益台灣精選高息,44,0,44,福邦證券,2024-10-23,6480
1313,聯成,40,0,40,福邦證券,2024-10-23,6480
4549,桓達,50,10,40,福邦證券,2024-10-23,6480
6438,迅得,40,0,40,福邦證券,2024-10-23,6480
2059,川湖,50,18,32,福邦證券,2024-10-23,6480
3376,新日興,30,0,30,福邦證券,2024-10-23,6480
5905,南仁湖,30,0,30,福邦證券,2024-10-23,6480
6274,台燿,30,0,30,福邦證券,2024-10-23,6480
8059,凱碩,30,0,30,福邦證券,2024-10-23,6480
3234,光環,29,0,29,福邦證券,2024-10-23,6480
00637L,元大滬深300正2,30,2,28,福邦證券,2024-10-23,6480
2258,鴻華先進-創,23,1,22,福邦證券,2024-10-23,6480
5347,世界,19,0,19,福邦證券,2024-10-23,6480
1409,新纖,15,0,15,福邦證券,2024-10-23,6480
00687B,國泰20年美債,15,0,15,福邦證券,2024-10-23,6480
6101,寬魚國際,14,0,14,福邦證券,2024-10-23,6480
00725B,國泰投資級公司債,11,0,11,福邦證券,2024-10-23,6480
2377,微星,11,0,11,福邦證券,2024-10-23,6480
2903,遠百,11,0,11,福邦證券,2024-10-23,6480
6679,鈺太,11,0,11,福邦證券,2024-10-23,6480
1314,中石化,10,0,10,福邦證券,2024-10-23,6480
1524,耿鼎,10,0,10,福邦證券,2024-10-23,6480
00948B,中信優息投資級債,10,0,10,福邦證券,2024-10-23,6480
1309,台達化,10,0,10,福邦證券,2024-10-23,6480
00927,群益半導體收益,10,0,10,福邦證券,2024-10-23,6480
3011,今皓,12,2,10,福邦證券,2024-10-23,6480
3313,斐成,10,0,10,福邦證券,2024-10-23,6480
3325,旭品,10,0,10,福邦證券,2024-10-23,6480
4729,熒茂,10,0,10,福邦證券,2024-10-23,6480
4979,華星光,12,2,10,福邦證券,2024-10-23,6480
5386,青雲,11,1,10,福邦證券,2024-10-23,6480
6153,嘉聯益,10,0,10,福邦證券,2024-10-23,6480
6609,瀧澤科,14,4,10,福邦證券,2024-10-23,6480
0050,元大台灣50,10,1,9,福邦證券,2024-10-23,6480
5263,智崴,10,1,9,福邦證券,2024-10-23,6480
8227,巨有科技,14,5,9,福邦證券,2024-10-23,6480
3167,大量,15,7,8,福邦證券,2024-10-23,6480
00631L,元大台灣50正2,6,0,6,福邦證券,2024-10-23,6480
00857B,永豐20年美公債,6,0,6,福邦證券,2024-10-23,6480
2382,廣達,8,2,6,福邦證券,2024-10-23,6480
00961,FT臺灣永續高息,5,0,5,福邦證券,2024-10-23,6480
2354,鴻準,125,9,116,福邦證券,2024-10-24,6480
1786,科妍,80,0,80,福邦證券,2024-10-24,6480
6026,福邦證,62,0,62,福邦證券,2024-10-24,6480
2753,八方雲集,56,0,56,福邦證券,2024-10-24,6480
3710,連展投控,50,0,50,福邦證券,2024-10-24,6480
4577,達航科技,50,0,50,福邦證券,2024-10-24,6480
8155,博智,50,0,50,福邦證券,2024-10-24,6480
6170,統振,42,0,42,福邦證券,2024-10-24,6480
2548,華固,36,0,36,福邦證券,2024-10-24,6480
3167,大量,35,0,35,福邦證券,2024-10-24,6480
00637L,元大滬深300正2,30,0,30,福邦證券,2024-10-24,6480
5522,遠雄,30,0,30,福邦證券,2024-10-24,6480
2903,遠百,24,0,24,福邦證券,2024-10-24,6480
2329,華泰,20,0,20,福邦證券,2024-10-24,6480
8431,匯鑽科,22,2,20,福邦證券,2024-10-24,6480
2441,超豐,18,0,18,福邦證券,2024-10-24,6480
2258,鴻華先進-創,15,0,15,福邦證券,2024-10-24,6480
2313,華通,15,0,15,福邦證券,2024-10-24,6480
2486,一詮,17,2,15,福邦證券,2024-10-24,6480
6120,達運,32,18,14,福邦證券,2024-10-24,6480
2382,廣達,15,2,13,福邦證券,2024-10-24,6480
6609,瀧澤科,19,6,13,福邦證券,2024-10-24,6480
1605,華新,12,0,12,福邦證券,2024-10-24,6480
2376,技嘉,12,0,12,福邦證券,2024-10-24,6480
5234,達興材料,12,0,12,福邦證券,2024-10-24,6480
6146,耕興,12,0,12,福邦證券,2024-10-24,6480
3450,聯鈞,15,4,11,福邦證券,2024-10-24,6480
2891,中信金,10,0,10,福邦證券,2024-10-24,6480
00959B,大華投等美債15Y+,10,0,10,福邦證券,2024-10-24,6480
00655L,國泰中國A50正2,10,0,10,福邦證券,2024-10-24,6480
2534,宏盛,10,0,10,福邦證券,2024-10-24,6480
3447,展達,12,2,10,福邦證券,2024-10-24,6480
5443,均豪,11,1,10,福邦證券,2024-10-24,6480
6451,訊芯-KY,10,0,10,福邦證券,2024-10-24,6480
9938,百和,10,0,10,福邦證券,2024-10-24,6480
6679,鈺太,8,0,8,福邦證券,2024-10-24,6480
8092,建暐,8,0,8,福邦證券,2024-10-24,6480
0056,元大高股息,7,0,7,福邦證券,2024-10-24,6480
2412,中華電,7,0,7,福邦證券,2024-10-24,6480
2316,楠梓電,7,1,6,福邦證券,2024-10-24,6480
00945B,凱基美國非投等債,6,0,6,福邦證券,2024-10-24,6480
3715,定穎投控,34,28,6,福邦證券,2024-10-24,6480
4979,華星光,6,0,6,福邦證券,2024-10-24,6480
5434,崇越,6,0,6,福邦證券,2024-10-24,6480
6284,佳邦,6,0,6,福邦證券,2024-10-24,6480
00665L,富邦�琤肭磪囓�2,7,2,5,福邦證券,2024-10-24,6480
00878,國泰永續高股息,5,0,5,福邦證券,2024-10-24,6480
00940,元大台灣價值高息,5,0,5,福邦證券,2024-10-24,6480
2388,威盛,6,1,5,福邦證券,2024-10-24,6480
3011,今皓,5,0,5,福邦證券,2024-10-24,6480
6026,福邦證,290,0,290,福邦證券,2024-10-25,6480
2354,鴻準,110,0,110,福邦證券,2024-10-25,6480
3189,景碩,55,2,53,福邦證券,2024-10-25,6480
6170,統振,50,0,50,福邦證券,2024-10-25,6480
3290,東浦,30,0,30,福邦證券,2024-10-25,6480
5905,南仁湖,30,0,30,福邦證券,2024-10-25,6480
00715L,期街口布蘭特正2,23,0,23,福邦證券,2024-10-25,6480
9938,百和,20,0,20,福邦證券,2024-10-25,6480
2495,普安,35,20,15,福邦證券,2024-10-25,6480
2607,榮運,15,0,15,福邦證券,2024-10-25,6480
6187,萬潤,16,1,15,福邦證券,2024-10-25,6480
6285,啟��,14,0,14,福邦證券,2024-10-25,6480
5522,遠雄,12,0,12,福邦證券,2024-10-25,6480
00878,國泰永續高股息,10,0,10,福邦證券,2024-10-25,6480
2477,美隆電,10,0,10,福邦證券,2024-10-25,6480
3605,宏致,10,0,10,福邦證券,2024-10-25,6480
3663,鑫科,12,2,10,福邦證券,2024-10-25,6480
6148,驊宏資,10,0,10,福邦證券,2024-10-25,6480
2330,台積電,10,1,9,福邦證券,2024-10-25,6480
6703,軒郁,9,0,9,福邦證券,2024-10-25,6480
6727,亞泰金屬,9,0,9,福邦證券,2024-10-25,6480
3008,大立光,8,0,8,福邦證券,2024-10-25,6480
4903,聯光通,10,2,8,福邦證券,2024-10-25,6480
6679,鈺太,8,0,8,福邦證券,2024-10-25,6480
2903,遠百,7,0,7,福邦證券,2024-10-25,6480
2002,中鋼,6,0,6,福邦證券,2024-10-25,6480
5263,智崴,9,3,6,福邦證券,2024-10-25,6480
2104,國際中橡,5,0,5,福邦證券,2024-10-25,6480
1802,台玻,15,10,5,福邦證券,2024-10-25,6480
1303,南亞,5,0,5,福邦證券,2024-10-25,6480
2520,冠德,5,0,5,福邦證券,2024-10-25,6480
3131,弘塑,5,0,5,福邦證券,2024-10-25,6480
3149,正達,11,6,5,福邦證券,2024-10-25,6480
3653,健策,5,0,5,福邦證券,2024-10-25,6480
3665,貿聯-KY,5,0,5,福邦證券,2024-10-25,6480
3706,神達,5,0,5,福邦證券,2024-10-25,6480
8150,南茂,5,0,5,福邦證券,2024-10-25,6480
1325,恆大,4,0,4,福邦證券,2024-10-25,6480
2383,台光電,4,0,4,福邦證券,2024-10-25,6480
2489,瑞軒,4,0,4,福邦證券,2024-10-25,6480
3029,零壹,6,2,4,福邦證券,2024-10-25,6480
3303,岱稜,4,0,4,福邦證券,2024-10-25,6480
2258,鴻華先進-創,3,0,3,福邦證券,2024-10-25,6480
3037,欣興,4,1,3,福邦證券,2024-10-25,6480
3264,欣銓,3,0,3,福邦證券,2024-10-25,6480
3481,群創,3,0,3,福邦證券,2024-10-25,6480
5243,乙盛-KY,3,0,3,福邦證券,2024-10-25,6480
6215,和椿,3,0,3,福邦證券,2024-10-25,6480
6451,訊芯-KY,3,0,3,福邦證券,2024-10-25,6480
2344,華邦電,2,0,2,福邦證券,2024-10-25,6480
00671R,富邦NASDAQ反1,573,0,573,福邦證券,2024-10-28,6480
2354,鴻準,176,13,163,福邦證券,2024-10-28,6480
3702,大聯大,157,0,157,福邦證券,2024-10-28,6480
6026,福邦證,173,20,153,福邦證券,2024-10-28,6480
00715L,期街口布蘭特正2,117,0,117,福邦證券,2024-10-28,6480
2347,聯強,105,0,105,福邦證券,2024-10-28,6480
2327,國巨,105,1,104,福邦證券,2024-10-28,6480
2383,台光電,107,11,96,福邦證券,2024-10-28,6480
3715,定穎投控,193,109,84,福邦證券,2024-10-28,6480
00795B,中信美國公債20年,55,0,55,福邦證券,2024-10-28,6480
00637L,元大滬深300正2,50,1,49,福邦證券,2024-10-28,6480
6679,鈺太,46,0,46,福邦證券,2024-10-28,6480
00655L,國泰中國A50正2,20,0,20,福邦證券,2024-10-28,6480
00857B,永豐20年美公債,20,0,20,福邦證券,2024-10-28,6480
4127,天良,20,0,20,福邦證券,2024-10-28,6480
4935,茂林-KY,20,0,20,福邦證券,2024-10-28,6480
5227,立凱-KY,20,0,20,福邦證券,2024-10-28,6480
00919,群益台灣精選高息,15,0,15,福邦證券,2024-10-28,6480
2609,陽明,21,6,15,福邦證券,2024-10-28,6480
00937B,群益ESG投等債20,13,0,13,福邦證券,2024-10-28,6480
2486,一詮,14,2,12,福邦證券,2024-10-28,6480
6727,亞泰金屬,11,0,11,福邦證券,2024-10-28,6480
1449,佳和,10,0,10,福邦證券,2024-10-28,6480
5452,佶優,10,0,10,福邦證券,2024-10-28,6480
6139,亞翔,10,0,10,福邦證券,2024-10-28,6480
6703,軒郁,9,0,9,福邦證券,2024-10-28,6480
2317,鴻海,30,22,8,福邦證券,2024-10-28,6480
2233,宇隆,6,0,6,福邦證券,2024-10-28,6480
2637,慧洋-KY,6,0,6,福邦證券,2024-10-28,6480
2903,遠百,6,0,6,福邦證券,2024-10-28,6480
3466,德晉,6,0,6,福邦證券,2024-10-28,6480
3481,群創,15,9,6,福邦證券,2024-10-28,6480
2348,海悅,6,1,5,福邦證券,2024-10-28,6480
2520,冠德,5,0,5,福邦證券,2024-10-28,6480
2606,裕民,5,0,5,福邦證券,2024-10-28,6480
3011,今皓,5,0,5,福邦證券,2024-10-28,6480
3706,神達,5,0,5,福邦證券,2024-10-28,6480
6451,訊芯-KY,8,3,5,福邦證券,2024-10-28,6480
6770,力積電,5,0,5,福邦證券,2024-10-28,6480
8150,南茂,5,0,5,福邦證券,2024-10-28,6480
2002,中鋼,5,1,4,福邦證券,2024-10-28,6480
00948B,中信優息投資級債,4,0,4,福邦證券,2024-10-28,6480
2376,技嘉,5,1,4,福邦證券,2024-10-28,6480
3149,正達,7,3,4,福邦證券,2024-10-28,6480
4545,銘鈺,4,0,4,福邦證券,2024-10-28,6480
5213,亞昕,4,0,4,福邦證券,2024-10-28,6480
6530,創威,4,0,4,福邦證券,2024-10-28,6480
2316,楠梓電,3,0,3,福邦證券,2024-10-28,6480
00931B,統一美債20年,3,0,3,福邦證券,2024-10-28,6480
00929,復華台灣科技優息,3,0,3,福邦證券,2024-10-28,6480
0050,元大台灣50,206,0,206,福邦證券,2024-10-29,6480
00680L,元大美債20正2,100,0,100,福邦證券,2024-10-29,6480
3005,神基,100,0,100,福邦證券,2024-10-29,6480
3037,欣興,74,4,70,福邦證券,2024-10-29,6480
1802,台玻,62,0,62,福邦證券,2024-10-29,6480
00715L,期街口布蘭特正2,62,0,62,福邦證券,2024-10-29,6480
3189,景碩,62,6,56,福邦證券,2024-10-29,6480
6239,力成,51,0,51,福邦證券,2024-10-29,6480
00919,群益台灣精選高息,46,0,46,福邦證券,2024-10-29,6480
6170,統振,44,0,44,福邦證券,2024-10-29,6480
8069,元太,30,0,30,福邦證券,2024-10-29,6480
1711,永光,20,0,20,福邦證券,2024-10-29,6480
00637L,元大滬深300正2,20,0,20,福邦證券,2024-10-29,6480
00878,國泰永續高股息,20,0,20,福邦證券,2024-10-29,6480
2356,英業達,20,0,20,福邦證券,2024-10-29,6480
9921,巨大,19,0,19,福邦證券,2024-10-29,6480
3653,健策,18,0,18,福邦證券,2024-10-29,6480
2360,致茂,15,0,15,福邦證券,2024-10-29,6480
2354,鴻準,20,7,13,福邦證券,2024-10-29,6480
00881,國泰台灣5G+,12,0,12,福邦證券,2024-10-29,6480
2313,華通,12,0,12,福邦證券,2024-10-29,6480
6856,鑫傳,12,0,12,福邦證券,2024-10-29,6480
2615,萬海,12,1,11,福邦證券,2024-10-29,6480
3711,日月光投控,11,0,11,福邦證券,2024-10-29,6480
6139,亞翔,11,0,11,福邦證券,2024-10-29,6480
1605,華新,10,0,10,福邦證券,2024-10-29,6480
1616,億泰,10,0,10,福邦證券,2024-10-29,6480
1449,佳和,10,0,10,福邦證券,2024-10-29,6480
00713,元大台灣高息低波,10,0,10,福邦證券,2024-10-29,6480
2059,川湖,10,0,10,福邦證券,2024-10-29,6480
2883,凱基金,10,0,10,福邦證券,2024-10-29,6480
2884,玉山金,10,0,10,福邦證券,2024-10-29,6480
6108,競國,10,0,10,福邦證券,2024-10-29,6480
6835,圓裕,10,0,10,福邦證券,2024-10-29,6480
6679,鈺太,9,0,9,福邦證券,2024-10-29,6480
0056,元大高股息,8,0,8,福邦證券,2024-10-29,6480
3481,群創,8,0,8,福邦證券,2024-10-29,6480
5263,智崴,10,2,8,福邦證券,2024-10-29,6480
00929,復華台灣科技優息,19,12,7,福邦證券,2024-10-29,6480
2388,威盛,9,2,7,福邦證券,2024-10-29,6480
2376,技嘉,11,5,6,福邦證券,2024-10-29,6480
2515,中工,6,0,6,福邦證券,2024-10-29,6480
4938,和碩,6,0,6,福邦證券,2024-10-29,6480
2385,群光,5,0,5,福邦證券,2024-10-29,6480
2903,遠百,5,0,5,福邦證券,2024-10-29,6480
3011,今皓,5,0,5,福邦證券,2024-10-29,6480
4127,天良,5,0,5,福邦證券,2024-10-29,6480
4543,萬在,5,0,5,福邦證券,2024-10-29,6480
6180,橘子,5,0,5,福邦證券,2024-10-29,6480
0052,富邦科技,4,0,4,福邦證券,2024-10-29,6480
4919,新唐,200,2,198,福邦證券,2024-10-30,6480
1560,中砂,116,0,116,福邦證券,2024-10-30,6480
2354,鴻準,191,75,116,福邦證券,2024-10-30,6480
00725B,國泰投資級公司債,100,0,100,福邦證券,2024-10-30,6480
6026,福邦證,100,0,100,福邦證券,2024-10-30,6480
1414,東和,65,0,65,福邦證券,2024-10-30,6480
00959B,大華投等美債15Y+,38,0,38,福邦證券,2024-10-30,6480
2607,榮運,30,0,30,福邦證券,2024-10-30,6480
0050,元大台灣50,28,0,28,福邦證券,2024-10-30,6480
6859,伯特光,25,0,25,福邦證券,2024-10-30,6480
00919,群益台灣精選高息,23,0,23,福邦證券,2024-10-30,6480
1460,宏遠,20,0,20,福邦證券,2024-10-30,6480
6170,統振,20,0,20,福邦證券,2024-10-30,6480
3481,群創,16,0,16,福邦證券,2024-10-30,6480
6139,亞翔,16,0,16,福邦證券,2024-10-30,6480
3040,遠見,15,0,15,福邦證券,2024-10-30,6480
3450,聯鈞,16,4,12,福邦證券,2024-10-30,6480
6645,金萬林-創,12,0,12,福邦證券,2024-10-30,6480
1308,亞聚,10,0,10,福邦證券,2024-10-30,6480
2472,立隆電,10,0,10,福邦證券,2024-10-30,6480
2610,華航,10,0,10,福邦證券,2024-10-30,6480
3516,亞帝歐,10,0,10,福邦證券,2024-10-30,6480
3532,台勝科,10,0,10,福邦證券,2024-10-30,6480
4909,新復興,10,0,10,福邦證券,2024-10-30,6480
6216,居易,10,0,10,福邦證券,2024-10-30,6480
6593,台灣銘板,20,10,10,福邦證券,2024-10-30,6480
00940,元大台灣價值高息,9,0,9,福邦證券,2024-10-30,6480
3580,友威科,10,1,9,福邦證券,2024-10-30,6480
6284,佳邦,10,1,9,福邦證券,2024-10-30,6480
3003,健和興,8,0,8,福邦證券,2024-10-30,6480
3709,鑫聯大投控,15,7,8,福邦證券,2024-10-30,6480
5347,世界,10,2,8,福邦證券,2024-10-30,6480
0056,元大高股息,10,3,7,福邦證券,2024-10-30,6480
2313,華通,7,0,7,福邦證券,2024-10-30,6480
6187,萬潤,8,1,7,福邦證券,2024-10-30,6480
6197,佳必琪,8,2,6,福邦證券,2024-10-30,6480
6770,力積電,6,0,6,福邦證券,2024-10-30,6480
1301,台塑,5,0,5,福邦證券,2024-10-30,6480
2353,宏��,5,0,5,福邦證券,2024-10-30,6480
3303,岱稜,5,0,5,福邦證券,2024-10-30,6480
3594,磐儀,5,0,5,福邦證券,2024-10-30,6480
3607,谷崧,5,0,5,福邦證券,2024-10-30,6480
3693,營邦,5,0,5,福邦證券,2024-10-30,6480
3715,定穎投控,6,1,5,福邦證券,2024-10-30,6480
4127,天良,5,0,5,福邦證券,2024-10-30,6480
6805,富世達,6,1,5,福邦證券,2024-10-30,6480
2062,橋椿,4,0,4,福邦證券,2024-10-30,6480
2316,楠梓電,4,0,4,福邦證券,2024-10-30,6480
2409,友達,25,21,4,福邦證券,2024-10-30,6480
3498,陽程,5,1,4,福邦證券,2024-10-30,6480
3711,日月光投控,309,1,308,福邦證券,2024-11-01,6480
2888,新光金,100,2,98,福邦證券,2024-11-01,6480
00959B,大華投等美債15Y+,91,0,91,福邦證券,2024-11-01,6480
6026,福邦證,56,0,56,福邦證券,2024-11-01,6480
00679B,元大美債20年,50,0,50,福邦證券,2024-11-01,6480
8155,博智,50,0,50,福邦證券,2024-11-01,6480
6757,台灣虎航,43,3,40,福邦證券,2024-11-01,6480
2354,鴻準,75,37,38,福邦證券,2024-11-01,6480
6505,台塑化,30,0,30,福邦證券,2024-11-01,6480
6768,志強-KY,30,0,30,福邦證券,2024-11-01,6480
3047,訊舟,22,0,22,福邦證券,2024-11-01,6480
00650L,復華香港正2,20,0,20,福邦證券,2024-11-01,6480
5434,崇越,18,0,18,福邦證券,2024-11-01,6480
4966,譜瑞-KY,17,0,17,福邦證券,2024-11-01,6480
6139,亞翔,14,0,14,福邦證券,2024-11-01,6480
6535,順藥,12,0,12,福邦證券,2024-11-01,6480
8240,華宏,12,0,12,福邦證券,2024-11-01,6480
2301,光寶科,11,0,11,福邦證券,2024-11-01,6480
2303,聯電,11,0,11,福邦證券,2024-11-01,6480
00673R,期元大S＆P原油反1,10,0,10,福邦證券,2024-11-01,6480
00762,元大全球AI,10,0,10,福邦證券,2024-11-01,6480
00753L,中信中國50正2,10,0,10,福邦證券,2024-11-01,6480
2429,銘旺科,10,0,10,福邦證券,2024-11-01,6480
2472,立隆電,10,0,10,福邦證券,2024-11-01,6480
4120,友華,10,0,10,福邦證券,2024-11-01,6480
5234,達興材料,10,0,10,福邦證券,2024-11-01,6480
5309,系統電,10,0,10,福邦證券,2024-11-01,6480
6658,聯策,16,6,10,福邦證券,2024-11-01,6480
6856,鑫傳,10,0,10,福邦證券,2024-11-01,6480
00937B,群益ESG投等債20,8,0,8,福邦證券,2024-11-01,6480
2646,星宇航空,10,2,8,福邦證券,2024-11-01,6480
3481,群創,10,2,8,福邦證券,2024-11-01,6480
6274,台燿,8,0,8,福邦證券,2024-11-01,6480
00953B,群益優選非投等債,6,0,6,福邦證券,2024-11-01,6480
4533,協易機,6,0,6,福邦證券,2024-11-01,6480
6179,亞通,6,0,6,福邦證券,2024-11-01,6480
2413,環科,5,0,5,福邦證券,2024-11-01,6480
3686,達能,5,0,5,福邦證券,2024-11-01,6480
5288,豐祥-KY,5,0,5,福邦證券,2024-11-01,6480
1609,大亞,4,0,4,福邦證券,2024-11-01,6480
2912,統一超,4,0,4,福邦證券,2024-11-01,6480
3003,健和興,4,0,4,福邦證券,2024-11-01,6480
3605,宏致,10,6,4,福邦證券,2024-11-01,6480
4938,和碩,10,6,4,福邦證券,2024-11-01,6480
6120,達運,10,6,4,福邦證券,2024-11-01,6480
5880,合庫金,3,0,3,福邦證券,2024-11-01,6480
00878,國泰永續高股息,3,0,3,福邦證券,2024-11-01,6480
00675L,富邦臺灣加權正2,3,0,3,福邦證券,2024-11-01,6480
2258,鴻華先進-創,8,5,3,福邦證券,2024-11-01,6480
2345,智邦,3,0,3,福邦證券,2024-11-01,6480
2303,聯電,1374,0,1374,福邦證券,2024-11-04,6480
3702,大聯大,113,0,113,福邦證券,2024-11-04,6480
1802,台玻,40,0,40,福邦證券,2024-11-04,6480
3013,晟銘電,42,2,40,福邦證券,2024-11-04,6480
3537,堡達,40,0,40,福邦證券,2024-11-04,6480
2354,鴻準,42,9,33,福邦證券,2024-11-04,6480
00795B,中信美國公債20年,30,0,30,福邦證券,2024-11-04,6480
3325,旭品,30,0,30,福邦證券,2024-11-04,6480
6768,志強-KY,30,0,30,福邦證券,2024-11-04,6480
00959B,大華投等美債15Y+,27,0,27,福邦證券,2024-11-04,6480
00687B,國泰20年美債,25,0,25,福邦證券,2024-11-04,6480
00929,復華台灣科技優息,26,2,24,福邦證券,2024-11-04,6480
1717,長興,20,0,20,福邦證券,2024-11-04,6480
2408,南亞科,20,0,20,福邦證券,2024-11-04,6480
3211,順達,20,0,20,福邦證券,2024-11-04,6480
6727,亞泰金屬,20,0,20,福邦證券,2024-11-04,6480
2615,萬海,22,4,18,福邦證券,2024-11-04,6480
4991,環宇-KY,16,0,16,福邦證券,2024-11-04,6480
6856,鑫傳,14,0,14,福邦證券,2024-11-04,6480
1727,中華化,11,0,11,福邦證券,2024-11-04,6480
2337,旺宏,15,4,11,福邦證券,2024-11-04,6480
8089,康全電訊,11,0,11,福邦證券,2024-11-04,6480
00830,國泰費城半導體,10,0,10,福邦證券,2024-11-04,6480
00946,群益科技高息成長,10,0,10,福邦證券,2024-11-04,6480
3231,緯創,20,10,10,福邦證券,2024-11-04,6480
6187,萬潤,11,1,10,福邦證券,2024-11-04,6480
1799,易威,10,1,9,福邦證券,2024-11-04,6480
2609,陽明,9,0,9,福邦證券,2024-11-04,6480
00919,群益台灣精選高息,8,0,8,福邦證券,2024-11-04,6480
2330,台積電,9,2,7,福邦證券,2024-11-04,6480
00751B,元大AAA至A公司債,7,0,7,福邦證券,2024-11-04,6480
00679B,元大美債20年,7,0,7,福邦證券,2024-11-04,6480
2258,鴻華先進-創,7,0,7,福邦證券,2024-11-04,6480
2369,菱生,12,5,7,福邦證券,2024-11-04,6480
1809,中釉,5,0,5,福邦證券,2024-11-04,6480
00932,兆豐永續高息等權,5,0,5,福邦證券,2024-11-04,6480
1513,中興電,5,0,5,福邦證券,2024-11-04,6480
00652,富邦印度,5,0,5,福邦證券,2024-11-04,6480
2883,凱基金,10,5,5,福邦證券,2024-11-04,6480
3605,宏致,5,0,5,福邦證券,2024-11-04,6480
3715,定穎投控,6,1,5,福邦證券,2024-11-04,6480
4533,協易機,5,0,5,福邦證券,2024-11-04,6480
4772,台特化,5,0,5,福邦證券,2024-11-04,6480
00878,國泰永續高股息,4,0,4,福邦證券,2024-11-04,6480
3189,景碩,6,3,3,福邦證券,2024-11-04,6480
3217,優群,3,0,3,福邦證券,2024-11-04,6480
3234,光環,3,0,3,福邦證券,2024-11-04,6480
3481,群創,4,1,3,福邦證券,2024-11-04,6480
5508,永信建,3,0,3,福邦證券,2024-11-04,6480
1815,富喬,7,5,2,福邦證券,2024-11-04,6480
1815,富喬,623,6,617,福邦證券,2024-11-05,6480
00919,群益台灣精選高息,352,2,350,福邦證券,2024-11-05,6480
0056,元大高股息,124,0,124,福邦證券,2024-11-05,6480
00885,富邦越南,100,0,100,福邦證券,2024-11-05,6480
2429,銘旺科,65,0,65,福邦證券,2024-11-05,6480
1313,聯成,60,0,60,福邦證券,2024-11-05,6480
2347,聯強,52,0,52,福邦證券,2024-11-05,6480
3049,精金,50,0,50,福邦證券,2024-11-05,6480
6491,晶碩,35,0,35,福邦證券,2024-11-05,6480
00679B,元大美債20年,51,20,31,福邦證券,2024-11-05,6480
8086,宏捷科,31,0,31,福邦證券,2024-11-05,6480
2327,國巨,30,0,30,福邦證券,2024-11-05,6480
2354,鴻準,23,0,23,福邦證券,2024-11-05,6480
2891,中信金,23,0,23,福邦證券,2024-11-05,6480
00878,國泰永續高股息,20,0,20,福邦證券,2024-11-05,6480
1307,三芳,19,0,19,福邦證券,2024-11-05,6480
3711,日月光投控,18,0,18,福邦證券,2024-11-05,6480
00929,復華台灣科技優息,18,1,17,福邦證券,2024-11-05,6480
2356,英業達,50,35,15,福邦證券,2024-11-05,6480
3025,星通,13,0,13,福邦證券,2024-11-05,6480
4542,科嶠,11,0,11,福邦證券,2024-11-05,6480
5321,美而快,11,0,11,福邦證券,2024-11-05,6480
00915,凱基優選高股息30,10,0,10,福邦證券,2024-11-05,6480
00680L,元大美債20正2,10,0,10,福邦證券,2024-11-05,6480
1808,潤隆,10,0,10,福邦證券,2024-11-05,6480
2368,金像電,11,1,10,福邦證券,2024-11-05,6480
2603,長榮,11,1,10,福邦證券,2024-11-05,6480
4129,聯合,10,0,10,福邦證券,2024-11-05,6480
4557,永新-KY,10,0,10,福邦證券,2024-11-05,6480
6546,正基,14,4,10,福邦證券,2024-11-05,6480
6593,台灣銘板,10,0,10,福邦證券,2024-11-05,6480
2834,臺企銀,9,0,9,福邦證券,2024-11-05,6480
3228,金麗科,8,1,7,福邦證券,2024-11-05,6480
3490,單井,7,0,7,福邦證券,2024-11-05,6480
6187,萬潤,9,2,7,福邦證券,2024-11-05,6480
2049,上銀,7,1,6,福邦證券,2024-11-05,6480
2382,廣達,6,0,6,福邦證券,2024-11-05,6480
3231,緯創,21,15,6,福邦證券,2024-11-05,6480
00830,國泰費城半導體,5,0,5,福邦證券,2024-11-05,6480
00725B,國泰投資級公司債,5,0,5,福邦證券,2024-11-05,6480
2314,台揚,5,0,5,福邦證券,2024-11-05,6480
2344,華邦電,5,0,5,福邦證券,2024-11-05,6480
3013,晟銘電,25,20,5,福邦證券,2024-11-05,6480
5309,系統電,5,0,5,福邦證券,2024-11-05,6480
6109,亞元,5,0,5,福邦證券,2024-11-05,6480
6739,竹陞科技,7,2,5,福邦證券,2024-11-05,6480
8070,長華*,5,0,5,福邦證券,2024-11-05,6480
0050,元大台灣50,4,0,4,福邦證券,2024-11-05,6480
5263,智崴,4,0,4,福邦證券,2024-11-05,6480
5315,光聯,4,0,4,福邦證券,2024-11-05,6480
00671R,富邦NASDAQ反1,5200,0,5200,福邦證券,2024-11-06,6480
2337,旺宏,200,0,200,福邦證券,2024-11-06,6480
2449,京元電子,200,5,195,福邦證券,2024-11-06,6480
5426,振發,127,0,127,福邦證券,2024-11-06,6480
00696B,富邦美債20年,126,0,126,福邦證券,2024-11-06,6480
2429,銘旺科,90,0,90,福邦證券,2024-11-06,6480
3450,聯鈞,85,3,82,福邦證券,2024-11-06,6480
00795B,中信美國公債20年,60,0,60,福邦證券,2024-11-06,6480
3036,文曄,50,0,50,福邦證券,2024-11-06,6480
6170,統振,50,0,50,福邦證券,2024-11-06,6480
3702,大聯大,48,0,48,福邦證券,2024-11-06,6480
00857B,永豐20年美公債,30,0,30,福邦證券,2024-11-06,6480
1560,中砂,30,0,30,福邦證券,2024-11-06,6480
00959B,大華投等美債15Y+,24,0,24,福邦證券,2024-11-06,6480
00687B,國泰20年美債,23,0,23,福邦證券,2024-11-06,6480
3141,晶宏,21,0,21,福邦證券,2024-11-06,6480
2317,鴻海,81,61,20,福邦證券,2024-11-06,6480
4162,智擎,16,0,16,福邦證券,2024-11-06,6480
2303,聯電,12,1,11,福邦證券,2024-11-06,6480
2609,陽明,10,0,10,福邦證券,2024-11-06,6480
00762,元大全球AI,10,0,10,福邦證券,2024-11-06,6480
00891,中信關鍵半導體,10,0,10,福邦證券,2024-11-06,6480
2312,金寶,10,0,10,福邦證券,2024-11-06,6480
2477,美隆電,20,10,10,福邦證券,2024-11-06,6480
3025,星通,20,10,10,福邦證券,2024-11-06,6480
3591,艾笛森,10,0,10,福邦證券,2024-11-06,6480
4979,華星光,11,1,10,福邦證券,2024-11-06,6480
5347,世界,10,0,10,福邦證券,2024-11-06,6480
6227,茂綸,10,0,10,福邦證券,2024-11-06,6480
6505,台塑化,10,0,10,福邦證券,2024-11-06,6480
6727,亞泰金屬,10,0,10,福邦證券,2024-11-06,6480
8431,匯鑽科,10,0,10,福邦證券,2024-11-06,6480
1808,潤隆,10,1,9,福邦證券,2024-11-06,6480
1815,富喬,14,5,9,福邦證券,2024-11-06,6480
2634,漢翔,7,0,7,福邦證券,2024-11-06,6480
00673R,期元大S＆P原油反1,6,0,6,福邦證券,2024-11-06,6480
00915,凱基優選高股息30,6,0,6,福邦證券,2024-11-06,6480
2383,台光電,6,0,6,福邦證券,2024-11-06,6480
6120,達運,21,15,6,福邦證券,2024-11-06,6480
6279,胡連,6,0,6,福邦證券,2024-11-06,6480
00932,兆豐永續高息等權,5,0,5,福邦證券,2024-11-06,6480
00921,兆豐龍頭等權重,5,0,5,福邦證券,2024-11-06,6480
00680L,元大美債20正2,13,8,5,福邦證券,2024-11-06,6480
2504,國產,5,0,5,福邦證券,2024-11-06,6480
2881,富邦金,5,0,5,福邦證券,2024-11-06,6480
3481,群創,7,2,5,福邦證券,2024-11-06,6480
4123,晟德,5,0,5,福邦證券,2024-11-06,6480
4557,永新-KY,5,0,5,福邦證券,2024-11-06,6480
5263,智崴,5,0,5,福邦證券,2024-11-06,6480
6535,順藥,5,0,5,福邦證券,2024-11-06,6480
00671R,富邦NASDAQ反1,5200,0,5200,福邦證券,2024-11-07,6480
4991,環宇-KY,200,0,200,福邦證券,2024-11-07,6480
00632R,元大台灣50反1,110,0,110,福邦證券,2024-11-07,6480
2303,聯電,64,0,64,福邦證券,2024-11-07,6480
6438,迅得,52,1,51,福邦證券,2024-11-07,6480
00795B,中信美國公債20年,42,0,42,福邦證券,2024-11-07,6480
1717,長興,30,0,30,福邦證券,2024-11-07,6480
5460,同協,30,1,29,福邦證券,2024-11-07,6480
00650L,復華香港正2,20,0,20,福邦證券,2024-11-07,6480
1808,潤隆,20,0,20,福邦證券,2024-11-07,6480
2472,立隆電,20,0,20,福邦證券,2024-11-07,6480
00891,中信關鍵半導體,20,1,19,福邦證券,2024-11-07,6480
6491,晶碩,19,0,19,福邦證券,2024-11-07,6480
00673R,期元大S＆P原油反1,18,0,18,福邦證券,2024-11-07,6480
4967,十銓,18,0,18,福邦證券,2024-11-07,6480
6757,台灣虎航,15,0,15,福邦證券,2024-11-07,6480
6150,撼訊,12,1,11,福邦證券,2024-11-07,6480
1587,吉茂,10,0,10,福邦證券,2024-11-07,6480
1536,和大,10,0,10,福邦證券,2024-11-07,6480
2368,金像電,11,1,10,福邦證券,2024-11-07,6480
2603,長榮,11,1,10,福邦證券,2024-11-07,6480
3419,譁裕,10,0,10,福邦證券,2024-11-07,6480
3631,晟楠,10,0,10,福邦證券,2024-11-07,6480
3665,貿聯-KY,11,1,10,福邦證券,2024-11-07,6480
4536,拓凱,10,0,10,福邦證券,2024-11-07,6480
3005,神基,9,0,9,福邦證券,2024-11-07,6480
3374,精材,9,0,9,福邦證券,2024-11-07,6480
6890,來億-KY,9,0,9,福邦證券,2024-11-07,6480
8431,匯鑽科,9,0,9,福邦證券,2024-11-07,6480
2330,台積電,10,3,7,福邦證券,2024-11-07,6480
1307,三芳,14,7,7,福邦證券,2024-11-07,6480
2204,中華,7,0,7,福邦證券,2024-11-07,6480
2345,智邦,8,1,7,福邦證券,2024-11-07,6480
00830,國泰費城半導體,6,0,6,福邦證券,2024-11-07,6480
2327,國巨,7,1,6,福邦證券,2024-11-07,6480
3515,華擎,6,0,6,福邦證券,2024-11-07,6480
4564,元翎,6,0,6,福邦證券,2024-11-07,6480
1560,中砂,5,0,5,福邦證券,2024-11-07,6480
6220,岳豐,5,0,5,福邦證券,2024-11-07,6480
6425,易發,5,0,5,福邦證券,2024-11-07,6480
3228,金麗科,4,0,4,福邦證券,2024-11-07,6480
3711,日月光投控,7,3,4,福邦證券,2024-11-07,6480
4510,高鋒,14,10,4,福邦證券,2024-11-07,6480
00633L,富邦上証正2,15,12,3,福邦證券,2024-11-07,6480
00940,元大台灣價值高息,5,2,3,福邦證券,2024-11-07,6480
2328,廣宇,3,0,3,福邦證券,2024-11-07,6480
2449,京元電子,3,0,3,福邦證券,2024-11-07,6480
3357,臺慶科,3,0,3,福邦證券,2024-11-07,6480
3702,大聯大,3,0,3,福邦證券,2024-11-07,6480
6658,聯策,14,11,3,福邦證券,2024-11-07,6480
00671R,富邦NASDAQ反1,4000,0,4000,福邦證券,2024-11-08,6480
3005,神基,300,1,299,福邦證券,2024-11-08,6480
2385,群光,101,1,100,福邦證券,2024-11-08,6480
2520,冠德,90,0,90,福邦證券,2024-11-08,6480
8150,南茂,70,0,70,福邦證券,2024-11-08,6480
5603,陸海,66,0,66,福邦證券,2024-11-08,6480
00708L,期元大S＆P黃金正2,63,0,63,福邦證券,2024-11-08,6480
2368,金像電,63,0,63,福邦證券,2024-11-08,6480
00679B,元大美債20年,50,0,50,福邦證券,2024-11-08,6480
8155,博智,50,0,50,福邦證券,2024-11-08,6480
3141,晶宏,38,0,38,福邦證券,2024-11-08,6480
2317,鴻海,31,5,26,福邦證券,2024-11-08,6480
00655L,國泰中國A50正2,40,20,20,福邦證券,2024-11-08,6480
1815,富喬,24,4,20,福邦證券,2024-11-08,6480
2406,國碩,20,0,20,福邦證券,2024-11-08,6480
6505,台塑化,20,0,20,福邦證券,2024-11-08,6480
6807,峰源-KY,20,0,20,福邦證券,2024-11-08,6480
8464,億豐,20,0,20,福邦證券,2024-11-08,6480
3037,欣興,18,1,17,福邦證券,2024-11-08,6480
6170,統振,16,0,16,福邦證券,2024-11-08,6480
2313,華通,15,0,15,福邦證券,2024-11-08,6480
3211,順達,20,5,15,福邦證券,2024-11-08,6480
3605,宏致,15,0,15,福邦證券,2024-11-08,6480
00891,中信關鍵半導體,14,0,14,福邦證券,2024-11-08,6480
5234,達興材料,14,0,14,福邦證券,2024-11-08,6480
2327,國巨,12,0,12,福邦證券,2024-11-08,6480
2467,志聖,12,0,12,福邦證券,2024-11-08,6480
3450,聯鈞,11,0,11,福邦證券,2024-11-08,6480
3481,群創,11,0,11,福邦證券,2024-11-08,6480
4129,聯合,11,0,11,福邦證券,2024-11-08,6480
1605,華新,10,0,10,福邦證券,2024-11-08,6480
1777,生泰,10,0,10,福邦證券,2024-11-08,6480
2362,藍天,10,0,10,福邦證券,2024-11-08,6480
2395,研華,10,0,10,福邦證券,2024-11-08,6480
6727,亞泰金屬,10,0,10,福邦證券,2024-11-08,6480
6515,穎崴,9,0,9,福邦證券,2024-11-08,6480
6757,台灣虎航,9,0,9,福邦證券,2024-11-08,6480
5284,jpp-KY,9,1,8,福邦證券,2024-11-08,6480
0056,元大高股息,12,5,7,福邦證券,2024-11-08,6480
2356,英業達,7,0,7,福邦證券,2024-11-08,6480
3189,景碩,7,0,7,福邦證券,2024-11-08,6480
6274,台燿,6,0,6,福邦證券,2024-11-08,6480
6285,啟��,6,0,6,福邦證券,2024-11-08,6480
6732,昇佳電子,6,0,6,福邦證券,2024-11-08,6480
00673R,期元大S＆P原油反1,5,0,5,福邦證券,2024-11-08,6480
2427,三商電,5,0,5,福邦證券,2024-11-08,6480
2495,普安,5,0,5,福邦證券,2024-11-08,6480
2607,榮運,5,0,5,福邦證券,2024-11-08,6480
2903,遠百,5,0,5,福邦證券,2024-11-08,6480
2929,淘帝-KY,5,0,5,福邦證券,2024-11-08,6480
2303,聯電,300,0,300,福邦證券,2024-11-11,6480
2886,兆豐金,300,0,300,福邦證券,2024-11-11,6480
00632R,元大台灣50反1,130,30,100,福邦證券,2024-11-11,6480
3013,晟銘電,103,10,93,福邦證券,2024-11-11,6480
3706,神達,76,16,60,福邦證券,2024-11-11,6480
3702,大聯大,50,0,50,福邦證券,2024-11-11,6480
8155,博智,50,1,49,福邦證券,2024-11-11,6480
2429,銘旺科,48,0,48,福邦證券,2024-11-11,6480
8431,匯鑽科,46,0,46,福邦證券,2024-11-11,6480
1528,恩德,45,0,45,福邦證券,2024-11-11,6480
00929,復華台灣科技優息,40,0,40,福邦證券,2024-11-11,6480
00655L,國泰中國A50正2,39,0,39,福邦證券,2024-11-11,6480
1718,中纖,30,0,30,福邦證券,2024-11-11,6480
2258,鴻華先進-創,30,0,30,福邦證券,2024-11-11,6480
2609,陽明,30,1,29,福邦證券,2024-11-11,6480
5288,豐祥-KY,28,0,28,福邦證券,2024-11-11,6480
2327,國巨,24,0,24,福邦證券,2024-11-11,6480
00715L,期街口布蘭特正2,22,0,22,福邦證券,2024-11-11,6480
00919,群益台灣精選高息,22,0,22,福邦證券,2024-11-11,6480
5439,高技,21,0,21,福邦證券,2024-11-11,6480
2489,瑞軒,20,0,20,福邦證券,2024-11-11,6480
3455,由田,20,0,20,福邦證券,2024-11-11,6480
6170,統振,20,0,20,福邦證券,2024-11-11,6480
3231,緯創,19,3,16,福邦證券,2024-11-11,6480
2059,川湖,15,0,15,福邦證券,2024-11-11,6480
1560,中砂,15,0,15,福邦證券,2024-11-11,6480
3591,艾笛森,15,0,15,福邦證券,2024-11-11,6480
00751B,元大AAA至A公司債,14,0,14,福邦證券,2024-11-11,6480
2395,研華,14,0,14,福邦證券,2024-11-11,6480
3047,訊舟,15,2,13,福邦證券,2024-11-11,6480
3234,光環,13,2,11,福邦證券,2024-11-11,6480
8240,華宏,11,0,11,福邦證券,2024-11-11,6480
00650L,復華香港正2,10,0,10,福邦證券,2024-11-11,6480
1605,華新,10,0,10,福邦證券,2024-11-11,6480
2409,友達,10,0,10,福邦證券,2024-11-11,6480
2444,兆勁,10,0,10,福邦證券,2024-11-11,6480
3032,偉訓,10,0,10,福邦證券,2024-11-11,6480
3260,威剛,10,0,10,福邦證券,2024-11-11,6480
4766,南寶,10,0,10,福邦證券,2024-11-11,6480
4958,臻鼎-KY,10,0,10,福邦證券,2024-11-11,6480
6727,亞泰金屬,10,0,10,福邦證券,2024-11-11,6480
2330,台積電,9,1,8,福邦證券,2024-11-11,6480
1301,台塑,7,1,6,福邦證券,2024-11-11,6480
2348,海悅,12,6,6,福邦證券,2024-11-11,6480
2887,台新金,6,0,6,福邦證券,2024-11-11,6480
3481,群創,6,0,6,福邦證券,2024-11-11,6480
6239,力成,6,0,6,福邦證券,2024-11-11,6480
2353,宏��,5,0,5,福邦證券,2024-11-11,6480
1595,川寶,5,0,5,福邦證券,2024-11-11,6480
2607,榮運,5,0,5,福邦證券,2024-11-11,6480
3231,緯創,208,30,178,福邦證券,2024-11-12,6480
2429,銘旺科,175,0,175,福邦證券,2024-11-12,6480
2317,鴻海,215,56,159,福邦證券,2024-11-12,6480
00909,國泰數位支付服務,110,0,110,福邦證券,2024-11-12,6480
2454,聯發科,100,0,100,福邦證券,2024-11-12,6480
3706,神達,178,91,87,福邦證券,2024-11-12,6480
6706,惠特,81,0,81,福邦證券,2024-11-12,6480
00929,復華台灣科技優息,78,10,68,福邦證券,2024-11-12,6480
00715L,期街口布蘭特正2,61,0,61,福邦證券,2024-11-12,6480
3481,群創,64,3,61,福邦證券,2024-11-12,6480
2258,鴻華先進-創,55,0,55,福邦證券,2024-11-12,6480
1612,宏泰,50,0,50,福邦證券,2024-11-12,6480
8150,南茂,50,0,50,福邦證券,2024-11-12,6480
2330,台積電,60,11,49,福邦證券,2024-11-12,6480
00919,群益台灣精選高息,31,0,31,福邦證券,2024-11-12,6480
5009,榮剛,25,2,23,福邦證券,2024-11-12,6480
6535,順藥,23,0,23,福邦證券,2024-11-12,6480
3047,訊舟,22,0,22,福邦證券,2024-11-12,6480
2489,瑞軒,20,0,20,福邦證券,2024-11-12,6480
2882,國泰金,20,0,20,福邦證券,2024-11-12,6480
2883,凱基金,20,0,20,福邦證券,2024-11-12,6480
3580,友威科,20,0,20,福邦證券,2024-11-12,6480
6592,和潤企業,20,0,20,福邦證券,2024-11-12,6480
1307,三芳,22,4,18,福邦證券,2024-11-12,6480
2887,台新金,17,0,17,福邦證券,2024-11-12,6480
4916,事欣科,17,0,17,福邦證券,2024-11-12,6480
00878,國泰永續高股息,21,4,17,福邦證券,2024-11-12,6480
2328,廣宇,16,0,16,福邦證券,2024-11-12,6480
2888,新光金,12,0,12,福邦證券,2024-11-12,6480
3455,由田,11,0,11,福邦證券,2024-11-12,6480
8906,花王,11,0,11,福邦證券,2024-11-12,6480
00642U,期元大S＆P石油,10,0,10,福邦證券,2024-11-12,6480
1815,富喬,13,3,10,福邦證券,2024-11-12,6480
2371,大同,10,0,10,福邦證券,2024-11-12,6480
2444,兆勁,10,0,10,福邦證券,2024-11-12,6480
2615,萬海,11,1,10,福邦證券,2024-11-12,6480
3234,光環,10,0,10,福邦證券,2024-11-12,6480
6108,競國,10,0,10,福邦證券,2024-11-12,6480
8431,匯鑽科,10,0,10,福邦證券,2024-11-12,6480
9945,潤泰新,10,0,10,福邦證券,2024-11-12,6480
2376,技嘉,10,0,10,福邦證券,2024-11-12,6480
00940,元大台灣價值高息,9,0,9,福邦證券,2024-11-12,6480
2363,矽統,10,1,9,福邦證券,2024-11-12,6480
8240,華宏,9,0,9,福邦證券,2024-11-12,6480
8028,昇陽半導體,8,0,8,福邦證券,2024-11-12,6480
2002,中鋼,7,0,7,福邦證券,2024-11-12,6480
2313,華通,7,0,7,福邦證券,2024-11-12,6480
00915,凱基優選高股息30,6,0,6,福邦證券,2024-11-12,6480
00881,國泰台灣5G+,5,0,5,福邦證券,2024-11-12,6480
3058,立德,5,0,5,福邦證券,2024-11-12,6480
2891,中信金,190,0,190,福邦證券,2024-11-13,6480
2885,元大金,170,0,170,福邦證券,2024-11-13,6480
2429,銘旺科,158,0,158,福邦證券,2024-11-13,6480
1303,南亞,121,0,121,福邦證券,2024-11-13,6480
2408,南亞科,100,0,100,福邦證券,2024-11-13,6480
2368,金像電,70,0,70,福邦證券,2024-11-13,6480
3030,德律,60,0,60,福邦證券,2024-11-13,6480
1612,宏泰,50,0,50,福邦證券,2024-11-13,6480
00795B,中信美國公債20年,43,0,43,福邦證券,2024-11-13,6480
6170,統振,43,0,43,福邦證券,2024-11-13,6480
2912,統一超,40,0,40,福邦證券,2024-11-13,6480
3023,信邦,40,0,40,福邦證券,2024-11-13,6480
9904,寶成,50,11,39,福邦證券,2024-11-13,6480
3706,神達,66,32,34,福邦證券,2024-11-13,6480
3558,神準,33,2,31,福邦證券,2024-11-13,6480
0050,元大台灣50,29,0,29,福邦證券,2024-11-13,6480
00751B,元大AAA至A公司債,30,1,29,福邦證券,2024-11-13,6480
2913,農林,26,0,26,福邦證券,2024-11-13,6480
2383,台光電,25,0,25,福邦證券,2024-11-13,6480
3413,京鼎,25,0,25,福邦證券,2024-11-13,6480
1528,恩德,20,0,20,福邦證券,2024-11-13,6480
1717,長興,20,0,20,福邦證券,2024-11-13,6480
00655L,國泰中國A50正2,20,0,20,福邦證券,2024-11-13,6480
00650L,復華香港正2,20,0,20,福邦證券,2024-11-13,6480
00631L,元大台灣50正2,20,0,20,福邦證券,2024-11-13,6480
4916,事欣科,19,0,19,福邦證券,2024-11-13,6480
4729,熒茂,15,0,15,福邦證券,2024-11-13,6480
2330,台積電,13,0,13,福邦證券,2024-11-13,6480
00937B,群益ESG投等債20,16,3,13,福邦證券,2024-11-13,6480
00953B,群益優選非投等債,12,0,12,福邦證券,2024-11-13,6480
4968,立積,12,0,12,福邦證券,2024-11-13,6480
00720B,元大投資級公司債,11,0,11,福邦證券,2024-11-13,6480
2883,凱基金,11,0,11,福邦證券,2024-11-13,6480
5243,乙盛-KY,11,0,11,福邦證券,2024-11-13,6480
6139,亞翔,13,2,11,福邦證券,2024-11-13,6480
6671,三能-KY,11,0,11,福邦證券,2024-11-13,6480
1605,華新,10,0,10,福邦證券,2024-11-13,6480
1304,台聚,10,0,10,福邦證券,2024-11-13,6480
2328,廣宇,10,0,10,福邦證券,2024-11-13,6480
2609,陽明,13,3,10,福邦證券,2024-11-13,6480
2615,萬海,10,0,10,福邦證券,2024-11-13,6480
2892,第一金,10,0,10,福邦證券,2024-11-13,6480
4977,眾達-KY,17,8,9,福邦證券,2024-11-13,6480
2834,臺企銀,14,6,8,福邦證券,2024-11-13,6480
00680L,元大美債20正2,8,0,8,福邦證券,2024-11-13,6480
5426,振發,7,0,7,福邦證券,2024-11-13,6480
1325,恆大,6,0,6,福邦證券,2024-11-13,6480
00715L,期街口布蘭特正2,8,2,6,福邦證券,2024-11-13,6480
2027,大成鋼,6,0,6,福邦證券,2024-11-13,6480
3013,晟銘電,13,7,6,福邦證券,2024-11-13,6480
9939,宏全,110,1,109,福邦證券,2024-11-14,6480
1612,宏泰,100,0,100,福邦證券,2024-11-14,6480
2641,正德,100,0,100,福邦證券,2024-11-14,6480
2382,廣達,106,9,97,福邦證券,2024-11-14,6480
2354,鴻準,163,71,92,福邦證券,2024-11-14,6480
8431,匯鑽科,66,0,66,福邦證券,2024-11-14,6480
00878,國泰永續高股息,56,0,56,福邦證券,2024-11-14,6480
5263,智崴,56,0,56,福邦證券,2024-11-14,6480
00676R,富邦臺灣加權反1,50,0,50,福邦證券,2024-11-14,6480
00929,復華台灣科技優息,45,0,45,福邦證券,2024-11-14,6480
2913,農林,44,0,44,福邦證券,2024-11-14,6480
6170,統振,42,0,42,福邦證券,2024-11-14,6480
3030,德律,40,0,40,福邦證券,2024-11-14,6480
6703,軒郁,29,0,29,福邦證券,2024-11-14,6480
2603,長榮,27,1,26,福邦證券,2024-11-14,6480
3231,緯創,25,1,24,福邦證券,2024-11-14,6480
0056,元大高股息,23,0,23,福邦證券,2024-11-14,6480
00715L,期街口布蘭特正2,22,0,22,福邦證券,2024-11-14,6480
1313,聯成,20,0,20,福邦證券,2024-11-14,6480
6592,和潤企業,20,0,20,福邦證券,2024-11-14,6480
8011,台通,20,0,20,福邦證券,2024-11-14,6480
3481,群創,16,0,16,福邦證券,2024-11-14,6480
1455,集盛,15,0,15,福邦證券,2024-11-14,6480
00901,永豐智能車供應鏈,15,0,15,福邦證券,2024-11-14,6480
2607,榮運,15,0,15,福邦證券,2024-11-14,6480
5347,世界,12,0,12,福邦證券,2024-11-14,6480
2408,南亞科,11,0,11,福邦證券,2024-11-14,6480
00919,群益台灣精選高息,10,0,10,福邦證券,2024-11-14,6480
00680L,元大美債20正2,20,10,10,福邦證券,2024-11-14,6480
2444,兆勁,10,0,10,福邦證券,2024-11-14,6480
3008,大立光,10,0,10,福邦證券,2024-11-14,6480
5603,陸海,10,0,10,福邦證券,2024-11-14,6480
3711,日月光投控,9,0,9,福邦證券,2024-11-14,6480
6282,康舒,10,1,9,福邦證券,2024-11-14,6480
6669,緯穎,9,0,9,福邦證券,2024-11-14,6480
2348,海悅,8,0,8,福邦證券,2024-11-14,6480
3017,奇鋐,9,1,8,福邦證券,2024-11-14,6480
3324,雙鴻,10,2,8,福邦證券,2024-11-14,6480
5483,中美晶,8,0,8,福邦證券,2024-11-14,6480
4763,材料-KY,7,0,7,福邦證券,2024-11-14,6480
8042,金山電,7,0,7,福邦證券,2024-11-14,6480
3150,鈺寶-創,6,0,6,福邦證券,2024-11-14,6480
3406,玉晶光,6,0,6,福邦證券,2024-11-14,6480
00679B,元大美債20年,5,0,5,福邦證券,2024-11-14,6480
00953B,群益優選非投等債,5,0,5,福邦證券,2024-11-14,6480
2476,鉅祥,7,2,5,福邦證券,2024-11-14,6480
2743,山富,5,0,5,福邦證券,2024-11-14,6480
2887,台新金,5,0,5,福邦證券,2024-11-14,6480
3605,宏致,5,0,5,福邦證券,2024-11-14,6480
3665,貿聯-KY,5,0,5,福邦證券,2024-11-14,6480
2429,銘旺科,117,0,117,福邦證券,2024-11-15,6480
1612,宏泰,102,0,102,福邦證券,2024-11-15,6480
1532,勤美,44,0,44,福邦證券,2024-11-15,6480
00751B,元大AAA至A公司債,40,0,40,福邦證券,2024-11-15,6480
1446,宏和,40,0,40,福邦證券,2024-11-15,6480
3030,德律,33,0,33,福邦證券,2024-11-15,6480
00937B,群益ESG投等債20,31,0,31,福邦證券,2024-11-15,6480
6703,軒郁,31,0,31,福邦證券,2024-11-15,6480
2477,美隆電,25,0,25,福邦證券,2024-11-15,6480
00637L,元大滬深300正2,25,5,20,福邦證券,2024-11-15,6480
00878,國泰永續高股息,19,0,19,福邦證券,2024-11-15,6480
2258,鴻華先進-創,20,3,17,福邦證券,2024-11-15,6480
00715L,期街口布蘭特正2,16,0,16,福邦證券,2024-11-15,6480
2382,廣達,18,2,16,福邦證券,2024-11-15,6480
3706,神達,17,3,14,福邦證券,2024-11-15,6480
2317,鴻海,18,6,12,福邦證券,2024-11-15,6480
00655L,國泰中國A50正2,10,0,10,福邦證券,2024-11-15,6480
00948B,中信優息投資級債,10,0,10,福邦證券,2024-11-15,6480
2472,立隆電,10,0,10,福邦證券,2024-11-15,6480
2607,榮運,10,0,10,福邦證券,2024-11-15,6480
4909,新復興,10,0,10,福邦證券,2024-11-15,6480
6170,統振,10,0,10,福邦證券,2024-11-15,6480
6405,悅城,10,0,10,福邦證券,2024-11-15,6480
8070,長華*,10,0,10,福邦證券,2024-11-15,6480
3090,日電貿,8,0,8,福邦證券,2024-11-15,6480
2376,技嘉,9,2,7,福邦證券,2024-11-15,6480
3047,訊舟,8,1,7,福邦證券,2024-11-15,6480
4931,新盛力,8,1,7,福邦證券,2024-11-15,6480
2027,大成鋼,6,0,6,福邦證券,2024-11-15,6480
3231,緯創,11,5,6,福邦證券,2024-11-15,6480
00953B,群益優選非投等債,5,0,5,福邦證券,2024-11-15,6480
00652,富邦印度,5,0,5,福邦證券,2024-11-15,6480
00929,復華台灣科技優息,5,0,5,福邦證券,2024-11-15,6480
2344,華邦電,5,0,5,福邦證券,2024-11-15,6480
3515,華擎,6,1,5,福邦證券,2024-11-15,6480
5603,陸海,5,0,5,福邦證券,2024-11-15,6480
8064,東捷,5,0,5,福邦證券,2024-11-15,6480
3702,大聯大,4,0,4,福邦證券,2024-11-15,6480
6438,迅得,4,0,4,福邦證券,2024-11-15,6480
8431,匯鑽科,4,0,4,福邦證券,2024-11-15,6480
006208,富邦台50,3,0,3,福邦證券,2024-11-15,6480
1325,恆大,3,0,3,福邦證券,2024-11-15,6480
1815,富喬,3,0,3,福邦證券,2024-11-15,6480
2301,光寶科,4,1,3,福邦證券,2024-11-15,6480
4716,大立,3,0,3,福邦證券,2024-11-15,6480
5011,久陽,3,0,3,福邦證券,2024-11-15,6480
1710,東聯,2,0,2,福邦證券,2024-11-15,6480
00891,中信關鍵半導體,2,0,2,福邦證券,2024-11-15,6480
0056,元大高股息,2,0,2,福邦證券,2024-11-15,6480
2603,長榮,3,1,2,福邦證券,2024-11-15,6480
2886,兆豐金,620,31,589,福邦證券,2024-11-18,6480
4938,和碩,235,0,235,福邦證券,2024-11-18,6480
1446,宏和,225,6,219,福邦證券,2024-11-18,6480
9945,潤泰新,203,0,203,福邦證券,2024-11-18,6480
6239,力成,130,0,130,福邦證券,2024-11-18,6480
2344,華邦電,122,0,122,福邦證券,2024-11-18,6480
00929,復華台灣科技優息,107,0,107,福邦證券,2024-11-18,6480
2313,華通,107,0,107,福邦證券,2024-11-18,6480
1560,中砂,67,5,62,福邦證券,2024-11-18,6480
2376,技嘉,55,2,53,福邦證券,2024-11-18,6480
2308,台達電,51,0,51,福邦證券,2024-11-18,6480
2520,冠德,50,0,50,福邦證券,2024-11-18,6480
2347,聯強,50,7,43,福邦證券,2024-11-18,6480
4147,中裕,35,0,35,福邦證券,2024-11-18,6480
1586,和勤,114,81,33,福邦證券,2024-11-18,6480
00878,國泰永續高股息,33,0,33,福邦證券,2024-11-18,6480
2327,國巨,30,0,30,福邦證券,2024-11-18,6480
0056,元大高股息,28,0,28,福邦證券,2024-11-18,6480
6679,鈺太,26,0,26,福邦證券,2024-11-18,6480
00715L,期街口布蘭特正2,24,0,24,福邦證券,2024-11-18,6480
00940,元大台灣價值高息,20,0,20,福邦證券,2024-11-18,6480
6170,統振,20,0,20,福邦證券,2024-11-18,6480
2317,鴻海,45,26,19,福邦證券,2024-11-18,6480
1471,首利,20,2,18,福邦證券,2024-11-18,6480
2867,三商壽,16,0,16,福邦證券,2024-11-18,6480
6703,軒郁,16,0,16,福邦證券,2024-11-18,6480
3052,夆典,15,0,15,福邦證券,2024-11-18,6480
2258,鴻華先進-創,14,0,14,福邦證券,2024-11-18,6480
3665,貿聯-KY,13,1,12,福邦證券,2024-11-18,6480
1584,精剛,10,0,10,福邦證券,2024-11-18,6480
00891,中信關鍵半導體,10,0,10,福邦證券,2024-11-18,6480
2371,大同,11,1,10,福邦證券,2024-11-18,6480
3032,偉訓,10,0,10,福邦證券,2024-11-18,6480
8464,億豐,10,0,10,福邦證券,2024-11-18,6480
00937B,群益ESG投等債20,8,0,8,福邦證券,2024-11-18,6480
2303,聯電,8,0,8,福邦證券,2024-11-18,6480
3149,正達,6,0,6,福邦證券,2024-11-18,6480
3653,健策,6,0,6,福邦證券,2024-11-18,6480
8028,昇陽半導體,7,1,6,福邦證券,2024-11-18,6480
1815,富喬,5,0,5,福邦證券,2024-11-18,6480
00919,群益台灣精選高息,5,0,5,福邦證券,2024-11-18,6480
2349,錸德,5,0,5,福邦證券,2024-11-18,6480
3605,宏致,5,0,5,福邦證券,2024-11-18,6480
6153,嘉聯益,5,0,5,福邦證券,2024-11-18,6480
6491,晶碩,5,0,5,福邦證券,2024-11-18,6480
9105,泰金寶-DR,5,0,5,福邦證券,2024-11-18,6480
1101,台泥,4,0,4,福邦證券,2024-11-18,6480
5309,系統電,6,2,4,福邦證券,2024-11-18,6480
2312,金寶,3,0,3,福邦證券,2024-11-18,6480
2603,長榮,3,0,3,福邦證券,2024-11-18,6480
9945,潤泰新,150,0,150,福邦證券,2024-11-19,6480
00637L,元大滬深300正2,67,0,67,福邦證券,2024-11-19,6480
1586,和勤,63,20,43,福邦證券,2024-11-19,6480
6679,鈺太,42,0,42,福邦證券,2024-11-19,6480
1605,華新,30,0,30,福邦證券,2024-11-19,6480
2646,星宇航空,30,0,30,福邦證券,2024-11-19,6480
3050,鈺德,30,0,30,福邦證券,2024-11-19,6480
3710,連展投控,30,0,30,福邦證券,2024-11-19,6480
1595,川寶,21,0,21,福邦證券,2024-11-19,6480
3030,德律,20,0,20,福邦證券,2024-11-19,6480
6170,統振,20,0,20,福邦證券,2024-11-19,6480
6121,新普,16,0,16,福邦證券,2024-11-19,6480
3325,旭品,15,0,15,福邦證券,2024-11-19,6480
3665,貿聯-KY,18,3,15,福邦證券,2024-11-19,6480
00632R,元大台灣50反1,10,0,10,福邦證券,2024-11-19,6480
1717,長興,10,0,10,福邦證券,2024-11-19,6480
1471,首利,10,1,9,福邦證券,2024-11-19,6480
2345,智邦,10,1,9,福邦證券,2024-11-19,6480
3211,順達,9,0,9,福邦證券,2024-11-19,6480
5347,世界,8,0,8,福邦證券,2024-11-19,6480
00673R,期元大S＆P原油反1,6,0,6,福邦證券,2024-11-19,6480
2323,中環,6,0,6,福邦證券,2024-11-19,6480
2324,仁寶,6,0,6,福邦證券,2024-11-19,6480
2883,凱基金,6,0,6,福邦證券,2024-11-19,6480
8261,富鼎,7,1,6,福邦證券,2024-11-19,6480
2439,美律,5,0,5,福邦證券,2024-11-19,6480
1301,台塑,5,0,5,福邦證券,2024-11-19,6480
00795B,中信美國公債20年,5,0,5,福邦證券,2024-11-19,6480
2344,華邦電,5,0,5,福邦證券,2024-11-19,6480
4763,材料-KY,5,0,5,福邦證券,2024-11-19,6480
5309,系統電,10,5,5,福邦證券,2024-11-19,6480
8240,華宏,5,0,5,福邦證券,2024-11-19,6480
3163,波若威,4,0,4,福邦證券,2024-11-19,6480
4147,中裕,4,0,4,福邦證券,2024-11-19,6480
6264,富裔,4,0,4,福邦證券,2024-11-19,6480
6535,順藥,5,1,4,福邦證券,2024-11-19,6480
8016,矽創,4,0,4,福邦證券,2024-11-19,6480
3450,聯鈞,5,2,3,福邦證券,2024-11-19,6480
4931,新盛力,3,0,3,福邦證券,2024-11-19,6480
5234,達興材料,5,2,3,福邦證券,2024-11-19,6480
6757,台灣虎航,3,0,3,福邦證券,2024-11-19,6480
00922,國泰台灣領袖50,2,0,2,福邦證券,2024-11-19,6480
2308,台達電,2,0,2,福邦證券,2024-11-19,6480
2421,建準,2,0,2,福邦證券,2024-11-19,6480
2449,京元電子,3,1,2,福邦證券,2024-11-19,6480
2706,第一店,2,0,2,福邦證券,2024-11-19,6480
2752,豆府,2,0,2,福邦證券,2024-11-19,6480
3008,大立光,2,0,2,福邦證券,2024-11-19,6480
3015,全漢,2,0,2,福邦證券,2024-11-19,6480
3481,群創,2,0,2,福邦證券,2024-11-19,6480
1402,遠東新,1050,0,1050,福邦證券,2024-11-20,6480
00632R,元大台灣50反1,100,0,100,福邦證券,2024-11-20,6480
2888,新光金,100,0,100,福邦證券,2024-11-20,6480
1586,和勤,89,0,89,福邦證券,2024-11-20,6480
2329,華泰,70,0,70,福邦證券,2024-11-20,6480
2049,上銀,64,0,64,福邦證券,2024-11-20,6480
3710,連展投控,60,0,60,福邦證券,2024-11-20,6480
3450,聯鈞,62,3,59,福邦證券,2024-11-20,6480
3532,台勝科,59,0,59,福邦證券,2024-11-20,6480
00679B,元大美債20年,52,5,47,福邦證券,2024-11-20,6480
1590,亞德客-KY,35,0,35,福邦證券,2024-11-20,6480
2520,冠德,30,0,30,福邦證券,2024-11-20,6480
2317,鴻海,26,3,23,福邦證券,2024-11-20,6480
2603,長榮,23,2,21,福邦證券,2024-11-20,6480
3558,神準,20,0,20,福邦證券,2024-11-20,6480
6170,統振,20,0,20,福邦證券,2024-11-20,6480
2408,南亞科,20,1,19,福邦證券,2024-11-20,6480
3211,順達,18,0,18,福邦證券,2024-11-20,6480
6139,亞翔,20,3,17,福邦證券,2024-11-20,6480
3264,欣銓,16,0,16,福邦證券,2024-11-20,6480
3665,貿聯-KY,16,0,16,福邦證券,2024-11-20,6480
3455,由田,15,0,15,福邦證券,2024-11-20,6480
2313,華通,14,0,14,福邦證券,2024-11-20,6480
00937B,群益ESG投等債20,12,0,12,福邦證券,2024-11-20,6480
2882,國泰金,10,0,10,福邦證券,2024-11-20,6480
1809,中釉,10,0,10,福邦證券,2024-11-20,6480
6121,新普,10,0,10,福邦證券,2024-11-20,6480
6703,軒郁,9,0,9,福邦證券,2024-11-20,6480
00929,復華台灣科技優息,8,0,8,福邦證券,2024-11-20,6480
3705,永信,8,0,8,福邦證券,2024-11-20,6480
1301,台塑,5,0,5,福邦證券,2024-11-20,6480
1471,首利,5,0,5,福邦證券,2024-11-20,6480
3591,艾笛森,5,0,5,福邦證券,2024-11-20,6480
6535,順藥,5,0,5,福邦證券,2024-11-20,6480
2301,光寶科,4,0,4,福邦證券,2024-11-20,6480
2323,中環,4,0,4,福邦證券,2024-11-20,6480
2641,正德,4,0,4,福邦證券,2024-11-20,6480
3032,偉訓,6,2,4,福邦證券,2024-11-20,6480
4303,信立,4,0,4,福邦證券,2024-11-20,6480
5347,世界,8,4,4,福邦證券,2024-11-20,6480
2233,宇隆,3,0,3,福邦證券,2024-11-20,6480
2439,美律,3,0,3,福邦證券,2024-11-20,6480
3231,緯創,4,1,3,福邦證券,2024-11-20,6480
3338,泰碩,57,54,3,福邦證券,2024-11-20,6480
3548,兆利,3,0,3,福邦證券,2024-11-20,6480
3693,營邦,3,0,3,福邦證券,2024-11-20,6480
6546,正基,3,0,3,福邦證券,2024-11-20,6480
8064,東捷,3,0,3,福邦證券,2024-11-20,6480
8429,金麗-KY,3,0,3,福邦證券,2024-11-20,6480
2308,台達電,2,0,2,福邦證券,2024-11-20,6480
3706,神達,1001,9,992,福邦證券,2024-11-21,6480
2883,凱基金,800,0,800,福邦證券,2024-11-21,6480
2882,國泰金,400,0,400,福邦證券,2024-11-21,6480
2371,大同,270,23,247,福邦證券,2024-11-21,6480
1815,富喬,499,259,240,福邦證券,2024-11-21,6480
2855,統一證,155,0,155,福邦證券,2024-11-21,6480
2317,鴻海,106,0,106,福邦證券,2024-11-21,6480
2383,台光電,102,3,99,福邦證券,2024-11-21,6480
2330,台積電,73,0,73,福邦證券,2024-11-21,6480
2308,台達電,53,1,52,福邦證券,2024-11-21,6480
6535,順藥,51,0,51,福邦證券,2024-11-21,6480
00929,復華台灣科技優息,50,0,50,福邦證券,2024-11-21,6480
6438,迅得,110,64,46,福邦證券,2024-11-21,6480
6805,富世達,46,0,46,福邦證券,2024-11-21,6480
1513,中興電,45,0,45,福邦證券,2024-11-21,6480
1786,科妍,40,0,40,福邦證券,2024-11-21,6480
3665,貿聯-KY,32,0,32,福邦證券,2024-11-21,6480
2102,泰豐,30,0,30,福邦證券,2024-11-21,6480
3491,昇達科,30,0,30,福邦證券,2024-11-21,6480
1522,堤維西,25,0,25,福邦證券,2024-11-21,6480
00953B,群益優選非投等債,20,0,20,福邦證券,2024-11-21,6480
1316,上曜,20,0,20,福邦證券,2024-11-21,6480
8104,錸寶,20,0,20,福邦證券,2024-11-21,6480
1609,大亞,19,0,19,福邦證券,2024-11-21,6480
00878,國泰永續高股息,12,0,12,福邦證券,2024-11-21,6480
3290,東浦,12,0,12,福邦證券,2024-11-21,6480
2027,大成鋼,14,3,11,福邦證券,2024-11-21,6480
1457,宜進,10,0,10,福邦證券,2024-11-21,6480
2347,聯強,11,1,10,福邦證券,2024-11-21,6480
3710,連展投控,10,0,10,福邦證券,2024-11-21,6480
6116,彩晶,10,0,10,福邦證券,2024-11-21,6480
6170,統振,10,0,10,福邦證券,2024-11-21,6480
9958,世紀鋼,9,0,9,福邦證券,2024-11-21,6480
2701,萬企,7,0,7,福邦證券,2024-11-21,6480
3303,岱稜,11,4,7,福邦證券,2024-11-21,6480
6264,富裔,7,0,7,福邦證券,2024-11-21,6480
6550,北極星藥業-KY,7,0,7,福邦證券,2024-11-21,6480
6703,軒郁,7,0,7,福邦證券,2024-11-21,6480
2258,鴻華先進-創,6,0,6,福邦證券,2024-11-21,6480
2323,中環,6,0,6,福邦證券,2024-11-21,6480
3022,威強電,6,0,6,福邦證券,2024-11-21,6480
3163,波若威,6,0,6,福邦證券,2024-11-21,6480
6679,鈺太,6,0,6,福邦證券,2024-11-21,6480
00680L,元大美債20正2,5,0,5,福邦證券,2024-11-21,6480
1809,中釉,7,2,5,福邦證券,2024-11-21,6480
2353,宏��,5,0,5,福邦證券,2024-11-21,6480
2476,鉅祥,15,10,5,福邦證券,2024-11-21,6480
2891,中信金,5,0,5,福邦證券,2024-11-21,6480
3605,宏致,5,0,5,福邦證券,2024-11-21,6480
3702,大聯大,5,0,5,福邦證券,2024-11-21,6480
2312,金寶,503,29,474,福邦證券,2024-11-22,6480
3231,緯創,275,7,268,福邦證券,2024-11-22,6480
2317,鴻海,180,0,180,福邦證券,2024-11-22,6480
2353,宏��,118,5,113,福邦證券,2024-11-22,6480
2356,英業達,41,2,39,福邦證券,2024-11-22,6480
0052,富邦科技,37,0,37,福邦證券,2024-11-22,6480
2330,台積電,34,2,32,福邦證券,2024-11-22,6480
1464,得力,30,0,30,福邦證券,2024-11-22,6480
00637L,元大滬深300正2,28,0,28,福邦證券,2024-11-22,6480
2603,長榮,24,1,23,福邦證券,2024-11-22,6480
6438,迅得,21,0,21,福邦證券,2024-11-22,6480
3558,神準,20,1,19,福邦證券,2024-11-22,6480
6535,順藥,18,0,18,福邦證券,2024-11-22,6480
6584,南俊國際,16,0,16,福邦證券,2024-11-22,6480
00751B,元大AAA至A公司債,15,0,15,福邦證券,2024-11-22,6480
3032,偉訓,27,12,15,福邦證券,2024-11-22,6480
00673R,期元大S＆P原油反1,14,0,14,福邦證券,2024-11-22,6480
3580,友威科,13,1,12,福邦證券,2024-11-22,6480
8163,達方,12,0,12,福邦證券,2024-11-22,6480
4931,新盛力,11,0,11,福邦證券,2024-11-22,6480
8104,錸寶,11,0,11,福邦證券,2024-11-22,6480
6284,佳邦,10,0,10,福邦證券,2024-11-22,6480
1590,亞德客-KY,10,0,10,福邦證券,2024-11-22,6480
00655L,國泰中國A50正2,10,0,10,福邦證券,2024-11-22,6480
2345,智邦,11,1,10,福邦證券,2024-11-22,6480
3015,全漢,13,3,10,福邦證券,2024-11-22,6480
6170,統振,10,0,10,福邦證券,2024-11-22,6480
6456,GIS-KY,11,1,10,福邦證券,2024-11-22,6480
006208,富邦台50,8,0,8,福邦證券,2024-11-22,6480
00679B,元大美債20年,38,30,8,福邦證券,2024-11-22,6480
00795B,中信美國公債20年,8,0,8,福邦證券,2024-11-22,6480
2867,三商壽,8,0,8,福邦證券,2024-11-22,6480
3443,創意,8,0,8,福邦證券,2024-11-22,6480
6199,天品,7,0,7,福邦證券,2024-11-22,6480
3711,日月光投控,5,0,5,福邦證券,2024-11-22,6480
2102,泰豐,5,0,5,福邦證券,2024-11-22,6480
00960,野村全球航運龍頭,5,0,5,福邦證券,2024-11-22,6480
1471,首利,5,0,5,福邦證券,2024-11-22,6480
2439,美律,5,0,5,福邦證券,2024-11-22,6480
6425,易發,5,0,5,福邦證券,2024-11-22,6480
8358,金居,5,0,5,福邦證券,2024-11-22,6480
3665,貿聯-KY,4,0,4,福邦證券,2024-11-22,6480
2455,全新,5,1,4,福邦證券,2024-11-22,6480
2504,國產,4,0,4,福邦證券,2024-11-22,6480
3709,鑫聯大投控,4,1,3,福邦證券,2024-11-22,6480
5426,振發,3,0,3,福邦證券,2024-11-22,6480
8044,網家,3,0,3,福邦證券,2024-11-22,6480
2636,台驊控股,2,0,2,福邦證券,2024-11-22,6480
00909,國泰數位支付服務,2,0,2,福邦證券,2024-11-22,6480
00857B,永豐20年美公債,2,0,2,福邦證券,2024-11-22,6480
3231,緯創,605,7,598,福邦證券,2024-11-25,6480
4147,中裕,450,0,450,福邦證券,2024-11-25,6480
2886,兆豐金,350,0,350,福邦證券,2024-11-25,6480
2371,大同,250,0,250,福邦證券,2024-11-25,6480
1569,濱川,250,1,249,福邦證券,2024-11-25,6480
8085,福華,160,0,160,福邦證券,2024-11-25,6480
3450,聯鈞,123,4,119,福邦證券,2024-11-25,6480
1449,佳和,100,0,100,福邦證券,2024-11-25,6480
2888,新光金,100,12,88,福邦證券,2024-11-25,6480
1101,台泥,73,3,70,福邦證券,2024-11-25,6480
00940,元大台灣價值高息,66,0,66,福邦證券,2024-11-25,6480
2330,台積電,43,7,36,福邦證券,2024-11-25,6480
4938,和碩,35,0,35,福邦證券,2024-11-25,6480
00637L,元大滬深300正2,32,3,29,福邦證券,2024-11-25,6480
00959B,大華投等美債15Y+,26,0,26,福邦證券,2024-11-25,6480
2609,陽明,29,4,25,福邦證券,2024-11-25,6480
2337,旺宏,25,0,25,福邦證券,2024-11-25,6480
2345,智邦,24,0,24,福邦證券,2024-11-25,6480
2615,萬海,25,1,24,福邦證券,2024-11-25,6480
2603,長榮,43,20,23,福邦證券,2024-11-25,6480
5465,富驊,27,5,22,福邦證券,2024-11-25,6480
3625,西勝,20,0,20,福邦證券,2024-11-25,6480
5347,世界,16,0,16,福邦證券,2024-11-25,6480
1513,中興電,15,0,15,福邦證券,2024-11-25,6480
00673R,期元大S＆P原油反1,15,0,15,福邦證券,2024-11-25,6480
2327,國巨,15,0,15,福邦證券,2024-11-25,6480
8064,東捷,15,0,15,福邦證券,2024-11-25,6480
4916,事欣科,14,0,14,福邦證券,2024-11-25,6480
00887,永豐中國科技50大,13,0,13,福邦證券,2024-11-25,6480
8227,巨有科技,13,0,13,福邦證券,2024-11-25,6480
00878,國泰永續高股息,12,0,12,福邦證券,2024-11-25,6480
1471,首利,10,0,10,福邦證券,2024-11-25,6480
1309,台達化,10,0,10,福邦證券,2024-11-25,6480
1560,中砂,10,0,10,福邦證券,2024-11-25,6480
3030,德律,10,0,10,福邦證券,2024-11-25,6480
00708L,期元大S＆P黃金正2,45,36,9,福邦證券,2024-11-25,6480
8489,三貝德,9,0,9,福邦證券,2024-11-25,6480
1503,士電,8,0,8,福邦證券,2024-11-25,6480
00937B,群益ESG投等債20,8,0,8,福邦證券,2024-11-25,6480
2331,精英,10,2,8,福邦證券,2024-11-25,6480
2382,廣達,9,1,8,福邦證券,2024-11-25,6480
6412,群電,8,0,8,福邦證券,2024-11-25,6480
00909,國泰數位支付服務,8,1,7,福邦證券,2024-11-25,6480
1736,喬山,6,0,6,福邦證券,2024-11-25,6480
3034,聯詠,6,0,6,福邦證券,2024-11-25,6480
2344,華邦電,5,0,5,福邦證券,2024-11-25,6480
2388,威盛,5,0,5,福邦證券,2024-11-25,6480
3227,原相,6,1,5,福邦證券,2024-11-25,6480
3264,欣銓,5,0,5,福邦證券,2024-11-25,6480
6187,萬潤,5,0,5,福邦證券,2024-11-25,6480
2618,長榮航,1073,1,1072,福邦證券,2024-11-26,6480
2883,凱基金,600,0,600,福邦證券,2024-11-26,6480
2881,富邦金,332,0,332,福邦證券,2024-11-26,6480
2371,大同,330,6,324,福邦證券,2024-11-26,6480
00632R,元大台灣50反1,308,0,308,福邦證券,2024-11-26,6480
9945,潤泰新,200,0,200,福邦證券,2024-11-26,6480
3706,神達,166,2,164,福邦證券,2024-11-26,6480
4510,高鋒,100,0,100,福邦證券,2024-11-26,6480
4979,華星光,105,5,100,福邦證券,2024-11-26,6480
2486,一詮,101,1,100,福邦證券,2024-11-26,6480
3231,緯創,85,4,81,福邦證券,2024-11-26,6480
00679B,元大美債20年,50,0,50,福邦證券,2024-11-26,6480
6170,統振,40,0,40,福邦證券,2024-11-26,6480
6951,青新-創,40,0,40,福邦證券,2024-11-26,6480
6768,志強-KY,32,2,30,福邦證券,2024-11-26,6480
00637L,元大滬深300正2,32,5,27,福邦證券,2024-11-26,6480
00940,元大台灣價值高息,22,0,22,福邦證券,2024-11-26,6480
00919,群益台灣精選高息,15,0,15,福邦證券,2024-11-26,6480
2317,鴻海,12,0,12,福邦證券,2024-11-26,6480
2344,華邦電,12,0,12,福邦證券,2024-11-26,6480
1584,精剛,10,0,10,福邦證券,2024-11-26,6480
1316,上曜,10,0,10,福邦證券,2024-11-26,6480
3047,訊舟,10,0,10,福邦證券,2024-11-26,6480
3455,由田,10,0,10,福邦證券,2024-11-26,6480
3710,連展投控,10,0,10,福邦證券,2024-11-26,6480
2351,順德,9,0,9,福邦證券,2024-11-26,6480
6104,創惟,8,0,8,福邦證券,2024-11-26,6480
2887,台新金,6,0,6,福邦證券,2024-11-26,6480
4162,智擎,6,0,6,福邦證券,2024-11-26,6480
8064,東捷,11,5,6,福邦證券,2024-11-26,6480
1301,台塑,5,0,5,福邦證券,2024-11-26,6480
2313,華通,5,0,5,福邦證券,2024-11-26,6480
2345,智邦,5,0,5,福邦證券,2024-11-26,6480
2376,技嘉,6,1,5,福邦證券,2024-11-26,6480
3211,順達,10,5,5,福邦證券,2024-11-26,6480
5465,富驊,25,20,5,福邦證券,2024-11-26,6480
3481,群創,4,0,4,福邦證券,2024-11-26,6480
5243,乙盛-KY,4,0,4,福邦證券,2024-11-26,6480
6152,百一,4,0,4,福邦證券,2024-11-26,6480
1809,中釉,3,0,3,福邦證券,2024-11-26,6480
2312,金寶,3,0,3,福邦證券,2024-11-26,6480
2367,燿華,3,0,3,福邦證券,2024-11-26,6480
2609,陽明,3,0,3,福邦證券,2024-11-26,6480
3150,鈺寶-創,3,0,3,福邦證券,2024-11-26,6480
3293,鈊象,3,0,3,福邦證券,2024-11-26,6480
3665,貿聯-KY,3,0,3,福邦證券,2024-11-26,6480
3693,營邦,3,0,3,福邦證券,2024-11-26,6480
5457,宣德,3,0,3,福邦證券,2024-11-26,6480
6150,撼訊,3,0,3,福邦證券,2024-11-26,6480
6205,詮欣,3,0,3,福邦證券,2024-11-26,6480
3706,神達,1099,73,1026,福邦證券,2024-11-27,6480
2883,凱基金,500,1,499,福邦證券,2024-11-27,6480
1319,東陽,307,0,307,福邦證券,2024-11-27,6480
2882,國泰金,200,0,200,福邦證券,2024-11-27,6480
2885,元大金,200,0,200,福邦證券,2024-11-27,6480
2382,廣達,166,0,166,福邦證券,2024-11-27,6480
00692,富邦公司治理,150,0,150,福邦證券,2024-11-27,6480
0050,元大台灣50,144,0,144,福邦證券,2024-11-27,6480
3363,上詮,130,2,128,福邦證券,2024-11-27,6480
2881,富邦金,110,0,110,福邦證券,2024-11-27,6480
2317,鴻海,159,51,108,福邦證券,2024-11-27,6480
00713,元大台灣高息低波,100,0,100,福邦證券,2024-11-27,6480
6589,台康生技,150,50,100,福邦證券,2024-11-27,6480
2376,技嘉,87,1,86,福邦證券,2024-11-27,6480
1449,佳和,80,0,80,福邦證券,2024-11-27,6480
00940,元大台灣價值高息,51,0,51,福邦證券,2024-11-27,6480
00919,群益台灣精選高息,36,0,36,福邦證券,2024-11-27,6480
2330,台積電,53,18,35,福邦證券,2024-11-27,6480
2345,智邦,35,1,34,福邦證券,2024-11-27,6480
00715L,期街口布蘭特正2,25,0,25,福邦證券,2024-11-27,6480
2344,華邦電,25,0,25,福邦證券,2024-11-27,6480
00929,復華台灣科技優息,20,0,20,福邦證券,2024-11-27,6480
1736,喬山,20,0,20,福邦證券,2024-11-27,6480
2609,陽明,21,1,20,福邦證券,2024-11-27,6480
2472,立隆電,20,0,20,福邦證券,2024-11-27,6480
2476,鉅祥,19,0,19,福邦證券,2024-11-27,6480
2603,長榮,28,9,19,福邦證券,2024-11-27,6480
1815,富喬,20,2,18,福邦證券,2024-11-27,6480
2419,仲琦,15,0,15,福邦證券,2024-11-27,6480
3030,德律,11,0,11,福邦證券,2024-11-27,6480
1528,恩德,10,0,10,福邦證券,2024-11-27,6480
2327,國巨,10,0,10,福邦證券,2024-11-27,6480
2409,友達,10,0,10,福邦證券,2024-11-27,6480
3580,友威科,10,0,10,福邦證券,2024-11-27,6480
5452,佶優,10,0,10,福邦證券,2024-11-27,6480
6806,森崴能源,10,0,10,福邦證券,2024-11-27,6480
8163,達方,12,2,10,福邦證券,2024-11-27,6480
8227,巨有科技,10,0,10,福邦證券,2024-11-27,6480
0056,元大高股息,9,0,9,福邦證券,2024-11-27,6480
2313,華通,9,0,9,福邦證券,2024-11-27,6480
5309,系統電,11,2,9,福邦證券,2024-11-27,6480
6782,視陽,8,0,8,福邦證券,2024-11-27,6480
00878,國泰永續高股息,8,1,7,福邦證券,2024-11-27,6480
2303,聯電,7,0,7,福邦證券,2024-11-27,6480
3324,雙鴻,7,0,7,福邦證券,2024-11-27,6480
4927,泰鼎-KY,8,1,7,福邦證券,2024-11-27,6480
4967,十銓,7,0,7,福邦證券,2024-11-27,6480
8016,矽創,6,0,6,福邦證券,2024-11-27,6480
1536,和大,6,1,5,福邦證券,2024-11-27,6480
00881,國泰台灣5G+,5,0,5,福邦證券,2024-11-27,6480
1402,遠東新,1000,0,1000,福邦證券,2024-11-28,6480
2885,元大金,140,0,140,福邦證券,2024-11-28,6480
9939,宏全,110,0,110,福邦證券,2024-11-28,6480
3264,欣銓,104,0,104,福邦證券,2024-11-28,6480
2882,國泰金,75,0,75,福邦證券,2024-11-28,6480
00637L,元大滬深300正2,72,0,72,福邦證券,2024-11-28,6480
8150,南茂,60,0,60,福邦證券,2024-11-28,6480
3090,日電貿,57,0,57,福邦證券,2024-11-28,6480
00940,元大台灣價值高息,52,0,52,福邦證券,2024-11-28,6480
2371,大同,60,15,45,福邦證券,2024-11-28,6480
3710,連展投控,42,0,42,福邦證券,2024-11-28,6480
1449,佳和,40,0,40,福邦證券,2024-11-28,6480
00676R,富邦臺灣加權反1,40,0,40,福邦證券,2024-11-28,6480
6679,鈺太,38,0,38,福邦證券,2024-11-28,6480
00878,國泰永續高股息,33,0,33,福邦證券,2024-11-28,6480
00929,復華台灣科技優息,34,2,32,福邦證券,2024-11-28,6480
4915,致伸,30,0,30,福邦證券,2024-11-28,6480
00919,群益台灣精選高息,25,0,25,福邦證券,2024-11-28,6480
0056,元大高股息,21,0,21,福邦證券,2024-11-28,6480
00715L,期街口布蘭特正2,20,0,20,福邦證券,2024-11-28,6480
3419,譁裕,20,0,20,福邦證券,2024-11-28,6480
3532,台勝科,20,0,20,福邦證券,2024-11-28,6480
5371,中光電,20,0,20,福邦證券,2024-11-28,6480
6026,福邦證,22,2,20,福邦證券,2024-11-28,6480
6214,精誠,20,0,20,福邦證券,2024-11-28,6480
3711,日月光投控,17,0,17,福邦證券,2024-11-28,6480
6703,軒郁,15,0,15,福邦證券,2024-11-28,6480
2493,揚博,14,0,14,福邦證券,2024-11-28,6480
1301,台塑,16,5,11,福邦證券,2024-11-28,6480
00713,元大台灣高息低波,10,0,10,福邦證券,2024-11-28,6480
2348,海悅,10,0,10,福邦證券,2024-11-28,6480
2520,冠德,10,0,10,福邦證券,2024-11-28,6480
3032,偉訓,10,0,10,福邦證券,2024-11-28,6480
3481,群創,10,0,10,福邦證券,2024-11-28,6480
6139,亞翔,10,0,10,福邦證券,2024-11-28,6480
6170,統振,10,0,10,福邦證券,2024-11-28,6480
6264,富裔,10,0,10,福邦證券,2024-11-28,6480
9945,潤泰新,10,0,10,福邦證券,2024-11-28,6480
2887,台新金,8,0,8,福邦證券,2024-11-28,6480
2354,鴻準,8,1,7,福邦證券,2024-11-28,6480
3665,貿聯-KY,7,0,7,福邦證券,2024-11-28,6480
2345,智邦,6,0,6,福邦證券,2024-11-28,6480
3036,文曄,6,0,6,福邦證券,2024-11-28,6480
1809,中釉,5,0,5,福邦證券,2024-11-28,6480
1605,華新,5,0,5,福邦證券,2024-11-28,6480
1325,恆大,5,0,5,福邦證券,2024-11-28,6480
00654R,富邦印度反1,5,0,5,福邦證券,2024-11-28,6480
00946,群益科技高息成長,5,0,5,福邦證券,2024-11-28,6480
3030,德律,5,0,5,福邦證券,2024-11-28,6480
2834,臺企銀,4,0,4,福邦證券,2024-11-28,6480
1402,遠東新,1001,0,1001,福邦證券,2024-11-29,6480
2882,國泰金,240,0,240,福邦證券,2024-11-29,6480
2883,凱基金,170,0,170,福邦證券,2024-11-29,6480
2520,冠德,135,0,135,福邦證券,2024-11-29,6480
2885,元大金,85,0,85,福邦證券,2024-11-29,6480
5347,世界,60,0,60,福邦證券,2024-11-29,6480
8084,巨虹,60,0,60,福邦證券,2024-11-29,6480
6239,力成,56,0,56,福邦證券,2024-11-29,6480
6139,亞翔,42,0,42,福邦證券,2024-11-29,6480
2330,台積電,41,1,40,福邦證券,2024-11-29,6480
6026,福邦證,40,0,40,福邦證券,2024-11-29,6480
3710,連展投控,31,0,31,福邦證券,2024-11-29,6480
6585,鼎基,27,0,27,福邦證券,2024-11-29,6480
1605,華新,22,0,22,福邦證券,2024-11-29,6480
4991,環宇-KY,21,0,21,福邦證券,2024-11-29,6480
1414,東和,20,0,20,福邦證券,2024-11-29,6480
5309,系統電,27,9,18,福邦證券,2024-11-29,6480
1563,巧新,15,0,15,福邦證券,2024-11-29,6480
2102,泰豐,15,0,15,福邦證券,2024-11-29,6480
00680L,元大美債20正2,10,0,10,福邦證券,2024-11-29,6480
00676R,富邦臺灣加權反1,10,0,10,福邦證券,2024-11-29,6480
1102,亞泥,10,0,10,福邦證券,2024-11-29,6480
3324,雙鴻,10,0,10,福邦證券,2024-11-29,6480
6121,新普,10,0,10,福邦證券,2024-11-29,6480
6170,統振,10,0,10,福邦證券,2024-11-29,6480
6488,環球晶,10,0,10,福邦證券,2024-11-29,6480
2834,臺企銀,10,1,9,福邦證券,2024-11-29,6480
2615,萬海,8,0,8,福邦證券,2024-11-29,6480
2887,台新金,8,0,8,福邦證券,2024-11-29,6480
3443,創意,6,0,6,福邦證券,2024-11-29,6480
6104,創惟,6,0,6,福邦證券,2024-11-29,6480
2002,中鋼,5,0,5,福邦證券,2024-11-29,6480
1325,恆大,5,0,5,福邦證券,2024-11-29,6480
1471,首利,5,0,5,福邦證券,2024-11-29,6480
3702,大聯大,5,0,5,福邦證券,2024-11-29,6480
4527,方土霖,10,5,5,福邦證券,2024-11-29,6480
4557,永新-KY,5,0,5,福邦證券,2024-11-29,6480
6127,九豪,17,12,5,福邦證券,2024-11-29,6480
1301,台塑,4,0,4,福邦證券,2024-11-29,6480
4770,上品,4,0,4,福邦證券,2024-11-29,6480
00878,國泰永續高股息,3,0,3,福邦證券,2024-11-29,6480
00919,群益台灣精選高息,5,2,3,福邦證券,2024-11-29,6480
006208,富邦台50,2,0,2,福邦證券,2024-11-29,6480
2603,長榮,2,0,2,福邦證券,2024-11-29,6480
2801,彰銀,2,0,2,福邦證券,2024-11-29,6480
3005,神基,2,0,2,福邦證券,2024-11-29,6480
3035,智原,2,0,2,福邦證券,2024-11-29,6480
3163,波若威,2,0,2,福邦證券,2024-11-29,6480
3231,緯創,5,3,2,福邦證券,2024-11-29,6480
3701,大眾控,2,0,2,福邦證券,2024-11-29,6480
2618,長榮航,503,47,456,福邦證券,2024-12-02,6480
2886,兆豐金,327,0,327,福邦證券,2024-12-02,6480
4979,華星光,224,0,224,福邦證券,2024-12-02,6480
2881,富邦金,145,0,145,福邦證券,2024-12-02,6480
3264,欣銓,132,0,132,福邦證券,2024-12-02,6480
2382,廣達,90,0,90,福邦證券,2024-12-02,6480
2345,智邦,89,4,85,福邦證券,2024-12-02,6480
8150,南茂,50,0,50,福邦證券,2024-12-02,6480
6589,台康生技,100,52,48,福邦證券,2024-12-02,6480
00679B,元大美債20年,50,5,45,福邦證券,2024-12-02,6480
5880,合庫金,42,2,40,福邦證券,2024-12-02,6480
00715L,期街口布蘭特正2,37,5,32,福邦證券,2024-12-02,6480
3710,連展投控,30,0,30,福邦證券,2024-12-02,6480
2867,三商壽,25,1,24,福邦證券,2024-12-02,6480
2317,鴻海,23,2,21,福邦證券,2024-12-02,6480
6530,創威,22,1,21,福邦證券,2024-12-02,6480
6244,茂迪,20,0,20,福邦證券,2024-12-02,6480
5309,系統電,28,9,19,福邦證券,2024-12-02,6480
6757,台灣虎航,38,20,18,福邦證券,2024-12-02,6480
8227,巨有科技,18,0,18,福邦證券,2024-12-02,6480
6862,三集瑞-KY,15,0,15,福邦證券,2024-12-02,6480
1560,中砂,11,0,11,福邦證券,2024-12-02,6480
00676R,富邦臺灣加權反1,10,0,10,福邦證券,2024-12-02,6480
3313,斐成,10,0,10,福邦證券,2024-12-02,6480
6170,統振,10,0,10,福邦證券,2024-12-02,6480
8011,台通,10,0,10,福邦證券,2024-12-02,6480
3558,神準,10,1,9,福邦證券,2024-12-02,6480
6703,軒郁,9,0,9,福邦證券,2024-12-02,6480
4906,正文,10,1,9,福邦證券,2024-12-02,6480
3032,偉訓,8,0,8,福邦證券,2024-12-02,6480
4931,新盛力,6,0,6,福邦證券,2024-12-02,6480
1308,亞聚,5,0,5,福邦證券,2024-12-02,6480
1449,佳和,5,0,5,福邦證券,2024-12-02,6480
1609,大亞,5,0,5,福邦證券,2024-12-02,6480
2356,英業達,6,1,5,福邦證券,2024-12-02,6480
2412,中華電,5,0,5,福邦證券,2024-12-02,6480
2637,慧洋-KY,5,0,5,福邦證券,2024-12-02,6480
3005,神基,5,0,5,福邦證券,2024-12-02,6480
3338,泰碩,5,0,5,福邦證券,2024-12-02,6480
5530,龍巖,5,0,5,福邦證券,2024-12-02,6480
6558,興能高,18,13,5,福邦證券,2024-12-02,6480
00953B,群益優選非投等債,4,0,4,福邦證券,2024-12-02,6480
3481,群創,6,2,4,福邦證券,2024-12-02,6480
6264,富裔,4,0,4,福邦證券,2024-12-02,6480
6585,鼎基,4,0,4,福邦證券,2024-12-02,6480
006208,富邦台50,3,0,3,福邦證券,2024-12-02,6480
3557,嘉威,3,0,3,福邦證券,2024-12-02,6480
3706,神達,9,6,3,福邦證券,2024-12-02,6480
3709,鑫聯大投控,8,5,3,福邦證券,2024-12-02,6480
5410,國眾,3,0,3,福邦證券,2024-12-02,6480
5439,高技,434,2,432,福邦證券,2024-12-03,6480
2881,富邦金,185,0,185,福邦證券,2024-12-03,6480
3483,力致,101,0,101,福邦證券,2024-12-03,6480
00715L,期街口布蘭特正2,75,0,75,福邦證券,2024-12-03,6480
00929,復華台灣科技優息,200,137,63,福邦證券,2024-12-03,6480
3374,精材,50,0,50,福邦證券,2024-12-03,6480
4147,中裕,50,0,50,福邦證券,2024-12-03,6480
6223,旺矽,36,0,36,福邦證券,2024-12-03,6480
2883,凱基金,45,11,34,福邦證券,2024-12-03,6480
3257,虹冠電,30,0,30,福邦證券,2024-12-03,6480
6279,胡連,30,0,30,福邦證券,2024-12-03,6480
4119,旭富,26,0,26,福邦證券,2024-12-03,6480
4931,新盛力,22,0,22,福邦證券,2024-12-03,6480
00959B,大華投等美債15Y+,20,0,20,福邦證券,2024-12-03,6480
00937B,群益ESG投等債20,17,0,17,福邦證券,2024-12-03,6480
6535,順藥,16,0,16,福邦證券,2024-12-03,6480
1457,宜進,15,0,15,福邦證券,2024-12-03,6480
3032,偉訓,40,25,15,福邦證券,2024-12-03,6480
3211,順達,14,1,13,福邦證券,2024-12-03,6480
6703,軒郁,12,0,12,福邦證券,2024-12-03,6480
1560,中砂,12,1,11,福邦證券,2024-12-03,6480
2504,國產,11,0,11,福邦證券,2024-12-03,6480
2031,新光鋼,10,0,10,福邦證券,2024-12-03,6480
2455,全新,10,0,10,福邦證券,2024-12-03,6480
3005,神基,10,0,10,福邦證券,2024-12-03,6480
3313,斐成,10,0,10,福邦證券,2024-12-03,6480
3558,神準,10,0,10,福邦證券,2024-12-03,6480
3710,連展投控,10,0,10,福邦證券,2024-12-03,6480
4533,協易機,10,0,10,福邦證券,2024-12-03,6480
6170,統振,10,0,10,福邦證券,2024-12-03,6480
2382,廣達,7,0,7,福邦證券,2024-12-03,6480
6668,中揚光,7,0,7,福邦證券,2024-12-03,6480
2405,輔信,7,1,6,福邦證券,2024-12-03,6480
2752,豆府,7,1,6,福邦證券,2024-12-03,6480
5434,崇越,6,0,6,福邦證券,2024-12-03,6480
8064,東捷,6,0,6,福邦證券,2024-12-03,6480
00915,凱基優選高股息30,5,0,5,福邦證券,2024-12-03,6480
2102,泰豐,5,0,5,福邦證券,2024-12-03,6480
2303,聯電,5,0,5,福邦證券,2024-12-03,6480
2327,國巨,7,2,5,福邦證券,2024-12-03,6480
3047,訊舟,5,0,5,福邦證券,2024-12-03,6480
3406,玉晶光,5,0,5,福邦證券,2024-12-03,6480
3665,貿聯-KY,7,2,5,福邦證券,2024-12-03,6480
5388,中磊,5,0,5,福邦證券,2024-12-03,6480
6199,天品,5,0,5,福邦證券,2024-12-03,6480
6237,驊訊,5,0,5,福邦證券,2024-12-03,6480
6264,富裔,5,0,5,福邦證券,2024-12-03,6480
6425,易發,6,1,5,福邦證券,2024-12-03,6480
6530,創威,5,0,5,福邦證券,2024-12-03,6480
8084,巨虹,7,2,5,福邦證券,2024-12-03,6480
3227,原相,400,3,397,福邦證券,2024-12-04,6480
5309,系統電,398,66,332,福邦證券,2024-12-04,6480
9938,百和,335,5,330,福邦證券,2024-12-04,6480
6104,創惟,290,6,284,福邦證券,2024-12-04,6480
3609,三一東林,211,0,211,福邦證券,2024-12-04,6480
2337,旺宏,201,0,201,福邦證券,2024-12-04,6480
2472,立隆電,200,0,200,福邦證券,2024-12-04,6480
3264,欣銓,130,0,130,福邦證券,2024-12-04,6480
2027,大成鋼,123,0,123,福邦證券,2024-12-04,6480
3704,合勤控,103,3,100,福邦證券,2024-12-04,6480
3231,緯創,100,2,98,福邦證券,2024-12-04,6480
3026,禾伸堂,90,0,90,福邦證券,2024-12-04,6480
4927,泰鼎-KY,300,222,78,福邦證券,2024-12-04,6480
3376,新日興,65,2,63,福邦證券,2024-12-04,6480
4979,華星光,53,4,49,福邦證券,2024-12-04,6480
3665,貿聯-KY,47,1,46,福邦證券,2024-12-04,6480
00795B,中信美國公債20年,45,0,45,福邦證券,2024-12-04,6480
00679B,元大美債20年,31,0,31,福邦證券,2024-12-04,6480
3257,虹冠電,30,0,30,福邦證券,2024-12-04,6480
4503,金雨,25,0,25,福邦證券,2024-12-04,6480
6585,鼎基,25,0,25,福邦證券,2024-12-04,6480
00751B,元大AAA至A公司債,21,0,21,福邦證券,2024-12-04,6480
3419,譁裕,21,0,21,福邦證券,2024-12-04,6480
4527,方土霖,20,0,20,福邦證券,2024-12-04,6480
8150,南茂,20,0,20,福邦證券,2024-12-04,6480
3017,奇鋐,21,1,20,福邦證券,2024-12-04,6480
3015,全漢,23,4,19,福邦證券,2024-12-04,6480
8084,巨虹,17,0,17,福邦證券,2024-12-04,6480
00937B,群益ESG投等債20,18,2,16,福邦證券,2024-12-04,6480
3324,雙鴻,16,0,16,福邦證券,2024-12-04,6480
4119,旭富,16,0,16,福邦證券,2024-12-04,6480
5269,祥碩,16,0,16,福邦證券,2024-12-04,6480
6223,旺矽,16,0,16,福邦證券,2024-12-04,6480
2349,錸德,15,0,15,福邦證券,2024-12-04,6480
8431,匯鑽科,13,0,13,福邦證券,2024-12-04,6480
6488,環球晶,12,0,12,福邦證券,2024-12-04,6480
9105,泰金寶-DR,156,145,11,福邦證券,2024-12-04,6480
9945,潤泰新,11,0,11,福邦證券,2024-12-04,6480
1471,首利,10,0,10,福邦證券,2024-12-04,6480
1605,華新,10,0,10,福邦證券,2024-12-04,6480
2408,南亞科,10,0,10,福邦證券,2024-12-04,6480
2455,全新,10,0,10,福邦證券,2024-12-04,6480
2504,國產,10,0,10,福邦證券,2024-12-04,6480
2882,國泰金,10,0,10,福邦證券,2024-12-04,6480
2887,台新金,10,0,10,福邦證券,2024-12-04,6480
3037,欣興,10,0,10,福邦證券,2024-12-04,6480
4128,中天,10,0,10,福邦證券,2024-12-04,6480
6170,統振,10,0,10,福邦證券,2024-12-04,6480
6805,富世達,10,0,10,福邦證券,2024-12-04,6480
9939,宏全,10,0,10,福邦證券,2024-12-04,6480
3483,力致,205,0,205,福邦證券,2024-12-05,6480
3015,全漢,200,22,178,福邦證券,2024-12-05,6480
3289,宜特,120,0,120,福邦證券,2024-12-05,6480
4919,新唐,111,6,105,福邦證券,2024-12-05,6480
2347,聯強,100,1,99,福邦證券,2024-12-05,6480
3227,原相,100,1,99,福邦證券,2024-12-05,6480
00715L,期街口布蘭特正2,79,0,79,福邦證券,2024-12-05,6480
8431,匯鑽科,54,0,54,福邦證券,2024-12-05,6480
2027,大成鋼,53,0,53,福邦證券,2024-12-05,6480
2328,廣宇,52,0,52,福邦證券,2024-12-05,6480
3704,合勤控,50,0,50,福邦證券,2024-12-05,6480
6937,天虹,47,0,47,福邦證券,2024-12-05,6480
2371,大同,128,85,43,福邦證券,2024-12-05,6480
1313,聯成,40,0,40,福邦證券,2024-12-05,6480
3257,虹冠電,40,0,40,福邦證券,2024-12-05,6480
3211,順達,35,2,33,福邦證券,2024-12-05,6480
00637L,元大滬深300正2,30,0,30,福邦證券,2024-12-05,6480
2404,漢唐,30,0,30,福邦證券,2024-12-05,6480
4931,新盛力,33,5,28,福邦證券,2024-12-05,6480
9105,泰金寶-DR,53,30,23,福邦證券,2024-12-05,6480
3026,禾伸堂,21,0,21,福邦證券,2024-12-05,6480
3037,欣興,23,2,21,福邦證券,2024-12-05,6480
6788,華景電,21,0,21,福邦證券,2024-12-05,6480
3551,世禾,17,0,17,福邦證券,2024-12-05,6480
3024,憶聲,15,0,15,福邦證券,2024-12-05,6480
2382,廣達,14,0,14,福邦證券,2024-12-05,6480
2344,華邦電,13,0,13,福邦證券,2024-12-05,6480
3557,嘉威,13,0,13,福邦證券,2024-12-05,6480
3481,群創,12,0,12,福邦證券,2024-12-05,6480
6237,驊訊,12,0,12,福邦證券,2024-12-05,6480
1102,亞泥,10,0,10,福邦證券,2024-12-05,6480
3661,世芯-KY,10,0,10,福邦證券,2024-12-05,6480
3710,連展投控,10,0,10,福邦證券,2024-12-05,6480
6170,統振,10,0,10,福邦證券,2024-12-05,6480
6188,廣明,10,0,10,福邦證券,2024-12-05,6480
6924,榮惠-KY創,10,0,10,福邦證券,2024-12-05,6480
9945,潤泰新,10,0,10,福邦證券,2024-12-05,6480
2449,京元電子,10,1,9,福邦證券,2024-12-05,6480
2618,長榮航,10,1,9,福邦證券,2024-12-05,6480
8059,凱碩,9,0,9,福邦證券,2024-12-05,6480
1524,耿鼎,8,0,8,福邦證券,2024-12-05,6480
2379,瑞昱,8,0,8,福邦證券,2024-12-05,6480
4119,旭富,8,0,8,福邦證券,2024-12-05,6480
00919,群益台灣精選高息,7,0,7,福邦證券,2024-12-05,6480
1605,華新,7,0,7,福邦證券,2024-12-05,6480
2504,國產,7,0,7,福邦證券,2024-12-05,6480
3017,奇鋐,7,0,7,福邦證券,2024-12-05,6480
6264,富裔,7,0,7,福邦證券,2024-12-05,6480
6757,台灣虎航,7,0,7,福邦證券,2024-12-05,6480
2101,南港,6,0,6,福邦證券,2024-12-05,6480
2344,華邦電,150,1,149,福邦證券,2024-12-06,6480
2605,新興,100,0,100,福邦證券,2024-12-06,6480
3264,欣銓,100,0,100,福邦證券,2024-12-06,6480
2328,廣宇,82,0,82,福邦證券,2024-12-06,6480
3483,力致,80,0,80,福邦證券,2024-12-06,6480
00715L,期街口布蘭特正2,57,10,47,福邦證券,2024-12-06,6480
3043,科風,42,0,42,福邦證券,2024-12-06,6480
3661,世芯-KY,33,2,31,福邦證券,2024-12-06,6480
2472,立隆電,20,0,20,福邦證券,2024-12-06,6480
4119,旭富,20,0,20,福邦證券,2024-12-06,6480
6757,台灣虎航,18,0,18,福邦證券,2024-12-06,6480
2313,華通,16,0,16,福邦證券,2024-12-06,6480
1471,首利,30,15,15,福邦證券,2024-12-06,6480
1449,佳和,20,5,15,福邦證券,2024-12-06,6480
3665,貿聯-KY,15,0,15,福邦證券,2024-12-06,6480
6170,統振,15,0,15,福邦證券,2024-12-06,6480
3609,三一東林,13,0,13,福邦證券,2024-12-06,6480
9105,泰金寶-DR,22,10,12,福邦證券,2024-12-06,6480
1717,長興,11,0,11,福邦證券,2024-12-06,6480
2618,長榮航,11,0,11,福邦證券,2024-12-06,6480
00929,復華台灣科技優息,10,0,10,福邦證券,2024-12-06,6480
00922,國泰台灣領袖50,10,0,10,福邦證券,2024-12-06,6480
2345,智邦,17,7,10,福邦證券,2024-12-06,6480
2745,五福,10,0,10,福邦證券,2024-12-06,6480
3580,友威科,10,0,10,福邦證券,2024-12-06,6480
4303,信立,10,0,10,福邦證券,2024-12-06,6480
4919,新唐,17,7,10,福邦證券,2024-12-06,6480
6937,天虹,10,0,10,福邦證券,2024-12-06,6480
3026,禾伸堂,9,0,9,福邦證券,2024-12-06,6480
2615,萬海,8,0,8,福邦證券,2024-12-06,6480
3149,正達,8,0,8,福邦證券,2024-12-06,6480
6237,驊訊,8,0,8,福邦證券,2024-12-06,6480
6414,樺漢,8,0,8,福邦證券,2024-12-06,6480
5284,jpp-KY,8,1,7,福邦證券,2024-12-06,6480
1528,恩德,6,0,6,福邦證券,2024-12-06,6480
00641R,富邦日本反1,6,0,6,福邦證券,2024-12-06,6480
3303,岱稜,6,0,6,福邦證券,2024-12-06,6480
4147,中裕,38,32,6,福邦證券,2024-12-06,6480
5443,均豪,6,0,6,福邦證券,2024-12-06,6480
6671,三能-KY,6,0,6,福邦證券,2024-12-06,6480
8489,三貝德,6,0,6,福邦證券,2024-12-06,6480
1612,宏泰,5,0,5,福邦證券,2024-12-06,6480
3019,亞光,5,0,5,福邦證券,2024-12-06,6480
3035,智原,5,0,5,福邦證券,2024-12-06,6480
4123,晟德,5,0,5,福邦證券,2024-12-06,6480
5548,安倉,5,0,5,福邦證券,2024-12-06,6480
8059,凱碩,5,0,5,福邦證券,2024-12-06,6480
3706,神達,5,1,4,福邦證券,2024-12-06,6480
2062,橋椿,4,0,4,福邦證券,2024-12-06,6480
00708L,期元大S＆P黃金正2,21,17,4,福邦證券,2024-12-06,6480
2886,兆豐金,300,0,300,福邦證券,2024-12-09,6480
00637L,元大滬深300正2,110,0,110,福邦證券,2024-12-09,6480
3483,力致,90,0,90,福邦證券,2024-12-09,6480
1815,富喬,79,10,69,福邦證券,2024-12-09,6480
4938,和碩,55,1,54,福邦證券,2024-12-09,6480
2327,國巨,55,6,49,福邦證券,2024-12-09,6480
3024,憶聲,52,5,47,福邦證券,2024-12-09,6480
3211,順達,43,0,43,福邦證券,2024-12-09,6480
2454,聯發科,40,0,40,福邦證券,2024-12-09,6480
2379,瑞昱,37,0,37,福邦證券,2024-12-09,6480
3289,宜特,36,0,36,福邦證券,2024-12-09,6480
2472,立隆電,37,2,35,福邦證券,2024-12-09,6480
8255,朋程,34,0,34,福邦證券,2024-12-09,6480
4931,新盛力,62,29,33,福邦證券,2024-12-09,6480
00878,國泰永續高股息,27,0,27,福邦證券,2024-12-09,6480
00918,大華優利高填息30,21,0,21,福邦證券,2024-12-09,6480
0056,元大高股息,21,0,21,福邦證券,2024-12-09,6480
2449,京元電子,21,0,21,福邦證券,2024-12-09,6480
3231,緯創,21,0,21,福邦證券,2024-12-09,6480
1786,科妍,20,0,20,福邦證券,2024-12-09,6480
2520,冠德,20,0,20,福邦證券,2024-12-09,6480
2867,三商壽,20,0,20,福邦證券,2024-12-09,6480
6148,驊宏資,20,0,20,福邦證券,2024-12-09,6480
1438,三地開發,20,1,19,福邦證券,2024-12-09,6480
00715L,期街口布蘭特正2,39,20,19,福邦證券,2024-12-09,6480
00915,凱基優選高股息30,13,0,13,福邦證券,2024-12-09,6480
2317,鴻海,18,5,13,福邦證券,2024-12-09,6480
6757,台灣虎航,17,5,12,福邦證券,2024-12-09,6480
2027,大成鋼,12,1,11,福邦證券,2024-12-09,6480
2399,映泰,11,0,11,福邦證券,2024-12-09,6480
6170,統振,11,0,11,福邦證券,2024-12-09,6480
2362,藍天,10,0,10,福邦證券,2024-12-09,6480
2376,技嘉,10,0,10,福邦證券,2024-12-09,6480
2547,日勝生,10,0,10,福邦證券,2024-12-09,6480
3026,禾伸堂,10,0,10,福邦證券,2024-12-09,6480
3339,泰谷,10,0,10,福邦證券,2024-12-09,6480
4119,旭富,10,0,10,福邦證券,2024-12-09,6480
8096,擎亞,10,0,10,福邦證券,2024-12-09,6480
3105,穩懋,9,0,9,福邦證券,2024-12-09,6480
2369,菱生,8,0,8,福邦證券,2024-12-09,6480
5328,華容,8,0,8,福邦證券,2024-12-09,6480
6937,天虹,10,2,8,福邦證券,2024-12-09,6480
6143,振曜,11,4,7,福邦證券,2024-12-09,6480
6205,詮欣,6,0,6,福邦證券,2024-12-09,6480
3008,大立光,5,0,5,福邦證券,2024-12-09,6480
4147,中裕,15,10,5,福邦證券,2024-12-09,6480
4968,立積,8,3,5,福邦證券,2024-12-09,6480
2062,橋椿,4,0,4,福邦證券,2024-12-09,6480
1590,亞德客-KY,4,0,4,福邦證券,2024-12-09,6480
2375,凱美,4,0,4,福邦證券,2024-12-09,6480
00655L,國泰中國A50正2,2020,20,2000,福邦證券,2024-12-10,6480
6026,福邦證,156,0,156,福邦證券,2024-12-10,6480
2383,台光電,106,0,106,福邦證券,2024-12-10,6480
4979,華星光,101,4,97,福邦證券,2024-12-10,6480
8906,花王,80,0,80,福邦證券,2024-12-10,6480
1586,和勤,75,10,65,福邦證券,2024-12-10,6480
6431,光麗-KY,50,0,50,福邦證券,2024-12-10,6480
2449,京元電子,43,0,43,福邦證券,2024-12-10,6480
00650L,復華香港正2,40,0,40,福邦證券,2024-12-10,6480
3211,順達,32,1,31,福邦證券,2024-12-10,6480
0056,元大高股息,22,0,22,福邦證券,2024-12-10,6480
1438,三地開發,20,0,20,福邦證券,2024-12-10,6480
2489,瑞軒,20,0,20,福邦證券,2024-12-10,6480
8111,立��,20,0,20,福邦證券,2024-12-10,6480
00918,大華優利高填息30,18,0,18,福邦證券,2024-12-10,6480
3706,神達,21,5,16,福邦證券,2024-12-10,6480
3558,神準,15,0,15,福邦證券,2024-12-10,6480
00937B,群益ESG投等債20,14,0,14,福邦證券,2024-12-10,6480
6170,統振,13,0,13,福邦證券,2024-12-10,6480
00795B,中信美國公債20年,11,0,11,福邦證券,2024-12-10,6480
6788,華景電,11,0,11,福邦證券,2024-12-10,6480
2547,日勝生,10,0,10,福邦證券,2024-12-10,6480
2607,榮運,10,0,10,福邦證券,2024-12-10,6480
4119,旭富,10,0,10,福邦證券,2024-12-10,6480
6869,雲豹能源,10,0,10,福邦證券,2024-12-10,6480
6951,青新-創,10,0,10,福邦證券,2024-12-10,6480
1777,生泰,8,0,8,福邦證券,2024-12-10,6480
2345,智邦,13,6,7,福邦證券,2024-12-10,6480
00751B,元大AAA至A公司債,6,0,6,福邦證券,2024-12-10,6480
2317,鴻海,8,2,6,福邦證券,2024-12-10,6480
6425,易發,6,0,6,福邦證券,2024-12-10,6480
1609,大亞,5,0,5,福邦證券,2024-12-10,6480
00922,國泰台灣領袖50,5,0,5,福邦證券,2024-12-10,6480
2493,揚博,5,0,5,福邦證券,2024-12-10,6480
3665,貿聯-KY,6,1,5,福邦證券,2024-12-10,6480
4173,久裕,5,0,5,福邦證券,2024-12-10,6480
4303,信立,5,0,5,福邦證券,2024-12-10,6480
00882,中信中國高股息,4,0,4,福邦證券,2024-12-10,6480
00878,國泰永續高股息,4,0,4,福邦證券,2024-12-10,6480
2258,鴻華先進-創,4,0,4,福邦證券,2024-12-10,6480
2301,光寶科,4,0,4,福邦證券,2024-12-10,6480
3017,奇鋐,4,0,4,福邦證券,2024-12-10,6480
3025,星通,4,0,4,福邦證券,2024-12-10,6480
3163,波若威,4,0,4,福邦證券,2024-12-10,6480
3450,聯鈞,4,0,4,福邦證券,2024-12-10,6480
6805,富世達,4,0,4,福邦證券,2024-12-10,6480
1503,士電,3,0,3,福邦證券,2024-12-10,6480
00633L,富邦上証正2,31,28,3,福邦證券,2024-12-10,6480
2323,中環,3,0,3,福邦證券,2024-12-10,6480
2354,鴻準,4,1,3,福邦證券,2024-12-10,6480
2382,廣達,263,1,262,福邦證券,2024-12-11,6480
6026,福邦證,50,0,50,福邦證券,2024-12-11,6480
2368,金像電,51,2,49,福邦證券,2024-12-11,6480
00637L,元大滬深300正2,46,0,46,福邦證券,2024-12-11,6480
4991,環宇-KY,46,1,45,福邦證券,2024-12-11,6480
4968,立積,41,1,40,福邦證券,2024-12-11,6480
2313,華通,97,58,39,福邦證券,2024-12-11,6480
1605,華新,38,0,38,福邦證券,2024-12-11,6480
00878,國泰永續高股息,34,0,34,福邦證券,2024-12-11,6480
3024,憶聲,33,0,33,福邦證券,2024-12-11,6480
2609,陽明,31,0,31,福邦證券,2024-12-11,6480
8111,立��,30,0,30,福邦證券,2024-12-11,6480
3147,大綜,25,0,25,福邦證券,2024-12-11,6480
00918,大華優利高填息30,24,0,24,福邦證券,2024-12-11,6480
4119,旭富,24,0,24,福邦證券,2024-12-11,6480
6414,樺漢,30,6,24,福邦證券,2024-12-11,6480
2317,鴻海,22,0,22,福邦證券,2024-12-11,6480
2027,大成鋼,20,0,20,福邦證券,2024-12-11,6480
00887,永豐中國科技50大,20,0,20,福邦證券,2024-12-11,6480
3023,信邦,17,0,17,福邦證券,2024-12-11,6480
00795B,中信美國公債20年,15,0,15,福邦證券,2024-12-11,6480
2383,台光電,17,2,15,福邦證券,2024-12-11,6480
5284,jpp-KY,14,0,14,福邦證券,2024-12-11,6480
6139,亞翔,14,0,14,福邦證券,2024-12-11,6480
1586,和勤,29,16,13,福邦證券,2024-12-11,6480
6431,光麗-KY,12,0,12,福邦證券,2024-12-11,6480
1786,科妍,10,0,10,福邦證券,2024-12-11,6480
00915,凱基優選高股息30,10,0,10,福邦證券,2024-12-11,6480
4173,久裕,10,0,10,福邦證券,2024-12-11,6480
4303,信立,10,0,10,福邦證券,2024-12-11,6480
4729,熒茂,9,0,9,福邦證券,2024-12-11,6480
2303,聯電,9,0,9,福邦證券,2024-12-11,6480
3653,健策,8,0,8,福邦證券,2024-12-11,6480
5347,世界,8,1,7,福邦證券,2024-12-11,6480
00930,永豐ESG低碳高息,5,0,5,福邦證券,2024-12-11,6480
00919,群益台灣精選高息,10,5,5,福邦證券,2024-12-11,6480
1777,生泰,5,0,5,福邦證券,2024-12-11,6480
2059,川湖,5,0,5,福邦證券,2024-12-11,6480
2412,中華電,5,0,5,福邦證券,2024-12-11,6480
2615,萬海,5,0,5,福邦證券,2024-12-11,6480
2880,華南金,5,0,5,福邦證券,2024-12-11,6480
2912,統一超,5,0,5,福邦證券,2024-12-11,6480
3078,僑威,5,0,5,福邦證券,2024-12-11,6480
4510,高鋒,5,0,5,福邦證券,2024-12-11,6480
1785,光洋科,5,1,4,福邦證券,2024-12-11,6480
2258,鴻華先進-創,4,0,4,福邦證券,2024-12-11,6480
00909,國泰數位支付服務,4,0,4,福邦證券,2024-12-11,6480
00751B,元大AAA至A公司債,4,0,4,福邦證券,2024-12-11,6480
2454,聯發科,4,0,4,福邦證券,2024-12-11,6480
2634,漢翔,4,0,4,福邦證券,2024-12-11,6480
00671R,富邦NASDAQ反1,2936,0,2936,福邦證券,2024-12-12,6480
2466,冠西電,125,0,125,福邦證券,2024-12-12,6480
3363,上詮,57,7,50,福邦證券,2024-12-12,6480
5439,高技,55,5,50,福邦證券,2024-12-12,6480
1590,亞德客-KY,35,0,35,福邦證券,2024-12-12,6480
5481,新華,34,0,34,福邦證券,2024-12-12,6480
6274,台燿,42,10,32,福邦證券,2024-12-12,6480
3049,精金,30,0,30,福邦證券,2024-12-12,6480
2207,和泰車,24,0,24,福邦證券,2024-12-12,6480
00687B,國泰20年美債,20,0,20,福邦證券,2024-12-12,6480
6227,茂綸,20,0,20,福邦證券,2024-12-12,6480
00673R,期元大S＆P原油反1,18,0,18,福邦證券,2024-12-12,6480
3013,晟銘電,20,2,18,福邦證券,2024-12-12,6480
00795B,中信美國公債20年,17,0,17,福邦證券,2024-12-12,6480
2912,統一超,15,0,15,福邦證券,2024-12-12,6480
6757,台灣虎航,16,1,15,福邦證券,2024-12-12,6480
8464,億豐,15,0,15,福邦證券,2024-12-12,6480
00937B,群益ESG投等債20,24,11,13,福邦證券,2024-12-12,6480
6425,易發,22,10,12,福邦證券,2024-12-12,6480
6431,光麗-KY,12,0,12,福邦證券,2024-12-12,6480
3706,神達,22,10,12,福邦證券,2024-12-12,6480
00751B,元大AAA至A公司債,11,0,11,福邦證券,2024-12-12,6480
3207,耀勝,11,0,11,福邦證券,2024-12-12,6480
2049,上銀,10,0,10,福邦證券,2024-12-12,6480
00757,統一FANG+,10,0,10,福邦證券,2024-12-12,6480
2543,皇昌,10,0,10,福邦證券,2024-12-12,6480
4909,新復興,13,3,10,福邦證券,2024-12-12,6480
3032,偉訓,8,0,8,福邦證券,2024-12-12,6480
8255,朋程,8,0,8,福邦證券,2024-12-12,6480
2867,三商壽,7,0,7,福邦證券,2024-12-12,6480
4571,鈞興-KY,7,0,7,福邦證券,2024-12-12,6480
5243,乙盛-KY,7,0,7,福邦證券,2024-12-12,6480
00679B,元大美債20年,6,0,6,福邦證券,2024-12-12,6480
3264,欣銓,6,0,6,福邦證券,2024-12-12,6480
4119,旭富,6,0,6,福邦證券,2024-12-12,6480
4979,華星光,6,0,6,福邦證券,2024-12-12,6480
1304,台聚,5,0,5,福邦證券,2024-12-12,6480
1727,中華化,5,0,5,福邦證券,2024-12-12,6480
2031,新光鋼,5,0,5,福邦證券,2024-12-12,6480
2417,圓剛,5,0,5,福邦證券,2024-12-12,6480
2809,京城銀,5,0,5,福邦證券,2024-12-12,6480
3374,精材,5,0,5,福邦證券,2024-12-12,6480
4739,康普,5,0,5,福邦證券,2024-12-12,6480
6205,詮欣,5,0,5,福邦證券,2024-12-12,6480
3413,京鼎,4,0,4,福邦證券,2024-12-12,6480
2486,一詮,12,9,3,福邦證券,2024-12-12,6480
2312,金寶,3,0,3,福邦證券,2024-12-12,6480
3576,聯合再生,3,0,3,福邦證券,2024-12-12,6480
6668,中揚光,3,0,3,福邦證券,2024-12-12,6480
8059,凱碩,4,1,3,福邦證券,2024-12-12,6480
1402,遠東新,670,0,670,福邦證券,2024-12-13,6480
1301,台塑,600,10,590,福邦證券,2024-12-13,6480
1815,富喬,407,13,394,福邦證券,2024-12-13,6480
2317,鴻海,223,0,223,福邦證券,2024-12-13,6480
2313,華通,206,1,205,福邦證券,2024-12-13,6480
1101,台泥,200,0,200,福邦證券,2024-12-13,6480
8054,安國,158,0,158,福邦證券,2024-12-13,6480
3013,晟銘電,150,14,136,福邦證券,2024-12-13,6480
6757,台灣虎航,127,8,119,福邦證券,2024-12-13,6480
2301,光寶科,113,1,112,福邦證券,2024-12-13,6480
00878,國泰永續高股息,101,0,101,福邦證券,2024-12-13,6480
2303,聯電,103,6,97,福邦證券,2024-12-13,6480
00965,元大航太防衛科技,67,0,67,福邦證券,2024-12-13,6480
0050,元大台灣50,50,1,49,福邦證券,2024-12-13,6480
2603,長榮,37,2,35,福邦證券,2024-12-13,6480
3363,上詮,22,1,21,福邦證券,2024-12-13,6480
3551,世禾,23,2,21,福邦證券,2024-12-13,6480
4540,全球傳動,20,1,19,福邦證券,2024-12-13,6480
00937B,群益ESG投等債20,20,5,15,福邦證券,2024-12-13,6480
00751B,元大AAA至A公司債,12,0,12,福邦證券,2024-12-13,6480
2834,臺企銀,12,0,12,福邦證券,2024-12-13,6480
6170,統振,12,0,12,福邦證券,2024-12-13,6480
6703,軒郁,12,0,12,福邦證券,2024-12-13,6480
00857B,永豐20年美公債,12,1,11,福邦證券,2024-12-13,6480
8150,南茂,11,0,11,福邦證券,2024-12-13,6480
2368,金像電,40,30,10,福邦證券,2024-12-13,6480
1605,華新,10,0,10,福邦證券,2024-12-13,6480
00676R,富邦臺灣加權反1,10,0,10,福邦證券,2024-12-13,6480
00655L,國泰中國A50正2,10,0,10,福邦證券,2024-12-13,6480
2359,所羅門,14,4,10,福邦證券,2024-12-13,6480
6770,力積電,10,0,10,福邦證券,2024-12-13,6480
6805,富世達,10,0,10,福邦證券,2024-12-13,6480
8255,朋程,10,0,10,福邦證券,2024-12-13,6480
1529,樂事綠能,9,0,9,福邦證券,2024-12-13,6480
2357,華碩,9,0,9,福邦證券,2024-12-13,6480
3706,神達,16,7,9,福邦證券,2024-12-13,6480
2867,三商壽,8,0,8,福邦證券,2024-12-13,6480
3029,零壹,8,0,8,福邦證券,2024-12-13,6480
3149,正達,8,0,8,福邦證券,2024-12-13,6480
6143,振曜,8,0,8,福邦證券,2024-12-13,6480
2308,台達電,12,4,8,福邦證券,2024-12-13,6480
00915,凱基優選高股息30,7,0,7,福邦證券,2024-12-13,6480
2637,慧洋-KY,7,0,7,福邦證券,2024-12-13,6480
3653,健策,7,0,7,福邦證券,2024-12-13,6480
00918,大華優利高填息30,6,0,6,福邦證券,2024-12-13,6480
2883,凱基金,6,0,6,福邦證券,2024-12-13,6480
00962,台新AI優息動能,5,0,5,福邦證券,2024-12-13,6480
00679B,元大美債20年,5,0,5,福邦證券,2024-12-13,6480
1308,亞聚,5,0,5,福邦證券,2024-12-13,6480
1727,中華化,5,0,5,福邦證券,2024-12-13,6480
00671R,富邦NASDAQ反1,1200,0,1200,福邦證券,2024-12-16,6480
2886,兆豐金,202,0,202,福邦證券,2024-12-16,6480
2382,廣達,184,1,183,福邦證券,2024-12-16,6480
2466,冠西電,140,40,100,福邦證券,2024-12-16,6480
6026,福邦證,100,1,99,福邦證券,2024-12-16,6480
3081,聯亞,80,0,80,福邦證券,2024-12-16,6480
1605,華新,45,0,45,福邦證券,2024-12-16,6480
2337,旺宏,40,0,40,福邦證券,2024-12-16,6480
1815,富喬,36,5,31,福邦證券,2024-12-16,6480
4577,達航科技,30,0,30,福邦證券,2024-12-16,6480
1586,和勤,29,0,29,福邦證券,2024-12-16,6480
00918,大華優利高填息30,33,6,27,福邦證券,2024-12-16,6480
00940,元大台灣價值高息,27,0,27,福邦證券,2024-12-16,6480
6757,台灣虎航,56,29,27,福邦證券,2024-12-16,6480
2345,智邦,24,0,24,福邦證券,2024-12-16,6480
00680L,元大美債20正2,23,0,23,福邦證券,2024-12-16,6480
00637L,元大滬深300正2,52,30,22,福邦證券,2024-12-16,6480
2609,陽明,33,11,22,福邦證券,2024-12-16,6480
3702,大聯大,22,0,22,福邦證券,2024-12-16,6480
4979,華星光,21,0,21,福邦證券,2024-12-16,6480
00673R,期元大S＆P原油反1,20,0,20,福邦證券,2024-12-16,6480
3019,亞光,20,0,20,福邦證券,2024-12-16,6480
8111,立��,20,0,20,福邦證券,2024-12-16,6480
6763,綠界科技*,15,0,15,福邦證券,2024-12-16,6480
1560,中砂,12,0,12,福邦證券,2024-12-16,6480
00919,群益台灣精選高息,12,0,12,福邦證券,2024-12-16,6480
6170,統振,12,0,12,福邦證券,2024-12-16,6480
00915,凱基優選高股息30,18,7,11,福邦證券,2024-12-16,6480
3047,訊舟,10,0,10,福邦證券,2024-12-16,6480
3289,宜特,10,0,10,福邦證券,2024-12-16,6480
2615,萬海,8,0,8,福邦證券,2024-12-16,6480
5310,天剛,7,0,7,福邦證券,2024-12-16,6480
2383,台光電,6,0,6,福邦證券,2024-12-16,6480
3665,貿聯-KY,6,0,6,福邦證券,2024-12-16,6480
2353,宏��,5,0,5,福邦證券,2024-12-16,6480
2455,全新,7,2,5,福邦證券,2024-12-16,6480
2493,揚博,5,0,5,福邦證券,2024-12-16,6480
3379,彬台,10,5,5,福邦證券,2024-12-16,6480
5481,新華,5,0,5,福邦證券,2024-12-16,6480
6214,精誠,5,0,5,福邦證券,2024-12-16,6480
6589,台康生技,5,0,5,福邦證券,2024-12-16,6480
6703,軒郁,5,0,5,福邦證券,2024-12-16,6480
6806,森崴能源,5,0,5,福邦證券,2024-12-16,6480
9105,泰金寶-DR,20,15,5,福邦證券,2024-12-16,6480
1736,喬山,4,0,4,福邦證券,2024-12-16,6480
2317,鴻海,5,1,4,福邦證券,2024-12-16,6480
3450,聯鈞,4,0,4,福邦證券,2024-12-16,6480
6533,晶心科,4,0,4,福邦證券,2024-12-16,6480
00937B,群益ESG投等債20,20,17,3,福邦證券,2024-12-16,6480
2368,金像電,11,8,3,福邦證券,2024-12-16,6480
6026,福邦證,200,3,197,福邦證券,2024-12-17,6480
2408,南亞科,100,1,99,福邦證券,2024-12-17,6480
2344,華邦電,80,1,79,福邦證券,2024-12-17,6480
2912,統一超,60,0,60,福邦證券,2024-12-17,6480
4979,華星光,58,6,52,福邦證券,2024-12-17,6480
3357,臺慶科,49,0,49,福邦證券,2024-12-17,6480
00679B,元大美債20年,46,0,46,福邦證券,2024-12-17,6480
8937,合騏,45,0,45,福邦證券,2024-12-17,6480
6412,群電,40,0,40,福邦證券,2024-12-17,6480
2501,國建,34,0,34,福邦證券,2024-12-17,6480
8111,立��,30,0,30,福邦證券,2024-12-17,6480
2605,新興,25,0,25,福邦證券,2024-12-17,6480
6757,台灣虎航,27,6,21,福邦證券,2024-12-17,6480
00950B,凱基A級公司債,20,0,20,福邦證券,2024-12-17,6480
00915,凱基優選高股息30,17,0,17,福邦證券,2024-12-17,6480
3044,健鼎,17,0,17,福邦證券,2024-12-17,6480
1455,集盛,16,0,16,福邦證券,2024-12-17,6480
1446,宏和,16,0,16,福邦證券,2024-12-17,6480
00751B,元大AAA至A公司債,15,0,15,福邦證券,2024-12-17,6480
3023,信邦,15,0,15,福邦證券,2024-12-17,6480
5481,新華,15,0,15,福邦證券,2024-12-17,6480
6589,台康生技,15,0,15,福邦證券,2024-12-17,6480
6669,緯穎,15,0,15,福邦證券,2024-12-17,6480
8042,金山電,15,0,15,福邦證券,2024-12-17,6480
1586,和勤,27,16,11,福邦證券,2024-12-17,6480
2882,國泰金,11,0,11,福邦證券,2024-12-17,6480
2883,凱基金,12,1,11,福邦證券,2024-12-17,6480
6170,統振,11,0,11,福邦證券,2024-12-17,6480
1786,科妍,10,0,10,福邦證券,2024-12-17,6480
2472,立隆電,10,0,10,福邦證券,2024-12-17,6480
6788,華景電,10,0,10,福邦證券,2024-12-17,6480
8374,羅昇,12,2,10,福邦證券,2024-12-17,6480
2886,兆豐金,9,0,9,福邦證券,2024-12-17,6480
1815,富喬,13,5,8,福邦證券,2024-12-17,6480
2383,台光電,8,0,8,福邦證券,2024-12-17,6480
2609,陽明,10,2,8,福邦證券,2024-12-17,6480
4564,元翎,8,0,8,福邦證券,2024-12-17,6480
00687B,國泰20年美債,7,0,7,福邦證券,2024-12-17,6480
2317,鴻海,8,1,7,福邦證券,2024-12-17,6480
2359,所羅門,7,0,7,福邦證券,2024-12-17,6480
3481,群創,7,0,7,福邦證券,2024-12-17,6480
5289,宜鼎,7,0,7,福邦證券,2024-12-17,6480
6968,萬達寵物,7,0,7,福邦證券,2024-12-17,6480
2834,臺企銀,6,0,6,福邦證券,2024-12-17,6480
6186,新潤,6,0,6,福邦證券,2024-12-17,6480
6188,廣明,8,2,6,福邦證券,2024-12-17,6480
6689,伊雲谷,6,0,6,福邦證券,2024-12-17,6480
8240,華宏,6,0,6,福邦證券,2024-12-17,6480
00680L,元大美債20正2,5,0,5,福邦證券,2024-12-17,6480
1308,亞聚,5,0,5,福邦證券,2024-12-17,6480
2891,中信金,700,0,700,福邦證券,2024-12-18,6480
2885,元大金,400,0,400,福邦證券,2024-12-18,6480
2377,微星,300,0,300,福邦證券,2024-12-18,6480
1504,東元,216,4,212,福邦證券,2024-12-18,6480
5243,乙盛-KY,170,5,165,福邦證券,2024-12-18,6480
1457,宜進,100,0,100,福邦證券,2024-12-18,6480
4979,華星光,99,0,99,福邦證券,2024-12-18,6480
2882,國泰金,70,0,70,福邦證券,2024-12-18,6480
2354,鴻準,53,0,53,福邦證券,2024-12-18,6480
2347,聯強,50,0,50,福邦證券,2024-12-18,6480
2472,立隆電,43,0,43,福邦證券,2024-12-18,6480
2360,致茂,36,1,35,福邦證券,2024-12-18,6480
6757,台灣虎航,44,9,35,福邦證券,2024-12-18,6480
6919,康霈*,31,0,31,福邦證券,2024-12-18,6480
4540,全球傳動,43,13,30,福邦證券,2024-12-18,6480
6026,福邦證,22,0,22,福邦證券,2024-12-18,6480
3024,憶聲,20,0,20,福邦證券,2024-12-18,6480
6412,群電,20,0,20,福邦證券,2024-12-18,6480
2230,泰茂,17,0,17,福邦證券,2024-12-18,6480
1446,宏和,16,0,16,福邦證券,2024-12-18,6480
2618,長榮航,15,1,14,福邦證券,2024-12-18,6480
5371,中光電,16,2,14,福邦證券,2024-12-18,6480
8482,商億-KY,14,0,14,福邦證券,2024-12-18,6480
6584,南俊國際,12,0,12,福邦證券,2024-12-18,6480
1786,科妍,10,0,10,福邦證券,2024-12-18,6480
00679B,元大美債20年,10,0,10,福邦證券,2024-12-18,6480
2233,宇隆,13,3,10,福邦證券,2024-12-18,6480
2312,金寶,10,0,10,福邦證券,2024-12-18,6480
2409,友達,10,0,10,福邦證券,2024-12-18,6480
2886,兆豐金,10,0,10,福邦證券,2024-12-18,6480
3227,原相,10,0,10,福邦證券,2024-12-18,6480
4503,金雨,10,0,10,福邦證券,2024-12-18,6480
4510,高鋒,10,0,10,福邦證券,2024-12-18,6480
5351,鈺創,10,0,10,福邦證券,2024-12-18,6480
6170,統振,10,0,10,福邦證券,2024-12-18,6480
8431,匯鑽科,10,0,10,福邦證券,2024-12-18,6480
00680L,元大美債20正2,9,0,9,福邦證券,2024-12-18,6480
6425,易發,10,1,9,福邦證券,2024-12-18,6480
4414,如興,8,0,8,福邦證券,2024-12-18,6480
4571,鈞興-KY,10,2,8,福邦證券,2024-12-18,6480
6703,軒郁,8,0,8,福邦證券,2024-12-18,6480
2374,佳能,8,1,7,福邦證券,2024-12-18,6480
2609,陽明,8,2,6,福邦證券,2024-12-18,6480
2345,智邦,9,3,6,福邦證券,2024-12-18,6480
3019,亞光,11,5,6,福邦證券,2024-12-18,6480
6186,新潤,6,0,6,福邦證券,2024-12-18,6480
2006,東和鋼鐵,5,0,5,福邦證券,2024-12-18,6480
00664R,國泰臺灣加權反1,5,0,5,福邦證券,2024-12-18,6480
2892,第一金,5,0,5,福邦證券,2024-12-18,6480
3289,宜特,5,0,5,福邦證券,2024-12-18,6480
5310,天剛,300,0,300,福邦證券,2024-12-19,6480
5439,高技,201,1,200,福邦證券,2024-12-19,6480
3231,緯創,120,2,118,福邦證券,2024-12-19,6480
8054,安國,100,0,100,福邦證券,2024-12-19,6480
2882,國泰金,71,0,71,福邦證券,2024-12-19,6480
6757,台灣虎航,84,17,67,福邦證券,2024-12-19,6480
4991,環宇-KY,61,0,61,福邦證券,2024-12-19,6480
2332,友訊,50,0,50,福邦證券,2024-12-19,6480
2371,大同,42,0,42,福邦證券,2024-12-19,6480
2454,聯發科,37,0,37,福邦證券,2024-12-19,6480
2049,上銀,32,12,20,福邦證券,2024-12-19,6480
1528,恩德,20,0,20,福邦證券,2024-12-19,6480
2458,義隆,20,0,20,福邦證券,2024-12-19,6480
3036,文曄,20,0,20,福邦證券,2024-12-19,6480
4119,旭富,20,0,20,福邦證券,2024-12-19,6480
1455,集盛,19,0,19,福邦證券,2024-12-19,6480
2103,台橡,16,0,16,福邦證券,2024-12-19,6480
00680L,元大美債20正2,20,5,15,福邦證券,2024-12-19,6480
00857B,永豐20年美公債,15,0,15,福邦證券,2024-12-19,6480
1303,南亞,15,0,15,福邦證券,2024-12-19,6480
4540,全球傳動,21,8,13,福邦證券,2024-12-19,6480
00950B,凱基A級公司債,12,0,12,福邦證券,2024-12-19,6480
6170,統振,12,0,12,福邦證券,2024-12-19,6480
1586,和勤,19,8,11,福邦證券,2024-12-19,6480
2344,華邦電,11,0,11,福邦證券,2024-12-19,6480
2108,南帝,10,0,10,福邦證券,2024-12-19,6480
00919,群益台灣精選高息,15,5,10,福邦證券,2024-12-19,6480
00933B,國泰10Y+金融債,10,0,10,福邦證券,2024-12-19,6480
2886,兆豐金,10,0,10,福邦證券,2024-12-19,6480
3042,晶技,10,0,10,福邦證券,2024-12-19,6480
4577,達航科技,10,0,10,福邦證券,2024-12-19,6480
5371,中光電,10,0,10,福邦證券,2024-12-19,6480
00795B,中信美國公債20年,9,0,9,福邦證券,2024-12-19,6480
3227,原相,10,1,9,福邦證券,2024-12-19,6480
6703,軒郁,9,0,9,福邦證券,2024-12-19,6480
1815,富喬,25,17,8,福邦證券,2024-12-19,6480
00679B,元大美債20年,11,3,8,福邦證券,2024-12-19,6480
3443,創意,8,0,8,福邦證券,2024-12-19,6480
6127,九豪,8,0,8,福邦證券,2024-12-19,6480
3594,磐儀,7,0,7,福邦證券,2024-12-19,6480
3661,世芯-KY,7,0,7,福邦證券,2024-12-19,6480
2317,鴻海,5,0,5,福邦證券,2024-12-19,6480
00922,國泰台灣領袖50,5,0,5,福邦證券,2024-12-19,6480
00687B,國泰20年美債,5,0,5,福邦證券,2024-12-19,6480
2356,英業達,5,0,5,福邦證券,2024-12-19,6480
4968,立積,5,0,5,福邦證券,2024-12-19,6480
5508,永信建,5,0,5,福邦證券,2024-12-19,6480
6227,茂綸,5,0,5,福邦證券,2024-12-19,6480
6788,華景電,5,0,5,福邦證券,2024-12-19,6480
2369,菱生,4,0,4,福邦證券,2024-12-19,6480
