Ticker,Name,buy,sell,diff,Branch,Date,Branch_Code
1513,中興電,641,14,627,福勝,2023-01-03,6950
2002,中鋼,420,0,420,福勝,2023-01-03,6950
1605,華新,120,58,62,福勝,2023-01-03,6950
8436,大江,60,1,59,福勝,2023-01-03,6950
2881,富邦金,52,1,51,福勝,2023-01-03,6950
2883,凱基金,50,0,50,福勝,2023-01-03,6950
00632R,元大台灣50反1,45,0,45,福勝,2023-01-03,6950
2317,鴻海,65,21,44,福勝,2023-01-03,6950
2609,陽明,38,0,38,福勝,2023-01-03,6950
6415,矽力*-KY,36,0,36,福勝,2023-01-03,6950
3705,永信,31,0,31,福勝,2023-01-03,6950
8299,群聯,31,0,31,福勝,2023-01-03,6950
6180,橘子,25,5,20,福勝,2023-01-03,6950
8464,億豐,20,0,20,福勝,2023-01-03,6950
6443,元晶,23,4,19,福勝,2023-01-03,6950
8933,愛地雅,20,2,18,福勝,2023-01-03,6950
1524,耿鼎,18,2,16,福勝,2023-01-03,6950
3231,緯創,16,0,16,福勝,2023-01-03,6950
1718,中纖,15,0,15,福勝,2023-01-03,6950
5009,榮剛,16,1,15,福勝,2023-01-03,6950
00878,國泰永續高股息,12,1,11,福勝,2023-01-03,6950
2504,國產,10,0,10,福勝,2023-01-03,6950
4919,新唐,11,1,10,福勝,2023-01-03,6950
6215,和椿,10,0,10,福勝,2023-01-03,6950
2618,長榮航,20,11,9,福勝,2023-01-03,6950
1795,美時,10,2,8,福勝,2023-01-03,6950
1773,勝一,8,0,8,福勝,2023-01-03,6950
2929,淘帝-KY,8,0,8,福勝,2023-01-03,6950
2884,玉山金,9,2,7,福勝,2023-01-03,6950
00720B,元大投資級公司債,6,0,6,福勝,2023-01-03,6950
2101,南港,5,0,5,福勝,2023-01-03,6950
2230,泰茂,5,0,5,福勝,2023-01-03,6950
2481,強茂,5,0,5,福勝,2023-01-03,6950
2885,元大金,5,0,5,福勝,2023-01-03,6950
3702,大聯大,5,0,5,福勝,2023-01-03,6950
6547,高端疫苗,5,0,5,福勝,2023-01-03,6950
00666R,富邦�琤肭磪齯�1,4,0,4,福勝,2023-01-03,6950
2017,官田鋼,4,0,4,福勝,2023-01-03,6950
2886,兆豐金,7,3,4,福勝,2023-01-03,6950
2912,統一超,4,0,4,福勝,2023-01-03,6950
5398,慕康生醫,4,0,4,福勝,2023-01-03,6950
1701,中化,3,0,3,福勝,2023-01-03,6950
00881,國泰台灣5G+,6,3,3,福勝,2023-01-03,6950
1312,國喬,3,0,3,福勝,2023-01-03,6950
2031,新光鋼,3,0,3,福勝,2023-01-03,6950
2476,鉅祥,3,0,3,福勝,2023-01-03,6950
3189,景碩,4,1,3,福勝,2023-01-03,6950
4104,佳醫,3,0,3,福勝,2023-01-03,6950
4167,松瑞藥,3,0,3,福勝,2023-01-03,6950
5880,合庫金,3,0,3,福勝,2023-01-03,6950
1524,耿鼎,49,0,49,福勝,2023-01-04,6950
2884,玉山金,51,3,48,福勝,2023-01-04,6950
2317,鴻海,50,3,47,福勝,2023-01-04,6950
00715L,期街口布蘭特正2,39,0,39,福勝,2023-01-04,6950
00632R,元大台灣50反1,30,4,26,福勝,2023-01-04,6950
2609,陽明,28,3,25,福勝,2023-01-04,6950
2337,旺宏,23,0,23,福勝,2023-01-04,6950
00885,富邦越南,24,8,16,福勝,2023-01-04,6950
2637,慧洋-KY,18,2,16,福勝,2023-01-04,6950
1752,南光,33,20,13,福勝,2023-01-04,6950
2603,長榮,11,0,11,福勝,2023-01-04,6950
00902,中信電池及儲能,11,0,11,福勝,2023-01-04,6950
2468,華經,11,0,11,福勝,2023-01-04,6950
2615,萬海,16,6,10,福勝,2023-01-04,6950
1444,力麗,10,0,10,福勝,2023-01-04,6950
00671R,富邦NASDAQ反1,10,0,10,福勝,2023-01-04,6950
1584,精剛,10,0,10,福勝,2023-01-04,6950
3447,展達,10,0,10,福勝,2023-01-04,6950
3576,聯合再生,11,1,10,福勝,2023-01-04,6950
6113,亞矽,10,0,10,福勝,2023-01-04,6950
9103,美德醫療-DR,10,0,10,福勝,2023-01-04,6950
8403,盛弘,9,0,9,福勝,2023-01-04,6950
8046,南電,9,1,8,福勝,2023-01-04,6950
4167,松瑞藥,10,2,8,福勝,2023-01-04,6950
6153,嘉聯益,10,2,8,福勝,2023-01-04,6950
3228,金麗科,9,2,7,福勝,2023-01-04,6950
6156,松上,7,0,7,福勝,2023-01-04,6950
00679B,元大美債20年,7,1,6,福勝,2023-01-04,6950
1733,五鼎,6,0,6,福勝,2023-01-04,6950
3325,旭品,6,0,6,福勝,2023-01-04,6950
5014,建錩,7,1,6,福勝,2023-01-04,6950
6104,創惟,11,5,6,福勝,2023-01-04,6950
0056,元大高股息,5,0,5,福勝,2023-01-04,6950
00881,國泰台灣5G+,5,0,5,福勝,2023-01-04,6950
1711,永光,5,0,5,福勝,2023-01-04,6950
1783,和康生,5,0,5,福勝,2023-01-04,6950
2028,威致,5,0,5,福勝,2023-01-04,6950
2368,金像電,8,3,5,福勝,2023-01-04,6950
2375,凱美,5,0,5,福勝,2023-01-04,6950
2401,凌陽,5,0,5,福勝,2023-01-04,6950
2481,強茂,7,2,5,福勝,2023-01-04,6950
2610,華航,6,1,5,福勝,2023-01-04,6950
3014,聯陽,5,0,5,福勝,2023-01-04,6950
3037,欣興,13,8,5,福勝,2023-01-04,6950
3046,建��,5,0,5,福勝,2023-01-04,6950
3141,晶宏,6,1,5,福勝,2023-01-04,6950
3297,杭特,5,0,5,福勝,2023-01-04,6950
3312,弘憶股,5,0,5,福勝,2023-01-04,6950
3628,盈正,5,0,5,福勝,2023-01-04,6950
3702,大聯大,5,0,5,福勝,2023-01-04,6950
2317,鴻海,66,5,61,福勝,2023-01-05,6950
1609,大亞,64,9,55,福勝,2023-01-05,6950
4979,華星光,41,6,35,福勝,2023-01-05,6950
2611,志信,30,0,30,福勝,2023-01-05,6950
2641,正德,25,2,23,福勝,2023-01-05,6950
5009,榮剛,22,1,21,福勝,2023-01-05,6950
5905,南仁湖,22,1,21,福勝,2023-01-05,6950
1444,力麗,20,0,20,福勝,2023-01-05,6950
00632R,元大台灣50反1,20,0,20,福勝,2023-01-05,6950
9907,統一實,20,0,20,福勝,2023-01-05,6950
6244,茂迪,19,1,18,福勝,2023-01-05,6950
1718,中纖,16,0,16,福勝,2023-01-05,6950
2027,大成鋼,20,4,16,福勝,2023-01-05,6950
2409,友達,25,10,15,福勝,2023-01-05,6950
00715L,期街口布蘭特正2,21,8,13,福勝,2023-01-05,6950
2017,官田鋼,13,0,13,福勝,2023-01-05,6950
2454,聯發科,17,4,13,福勝,2023-01-05,6950
2482,連宇,13,0,13,福勝,2023-01-05,6950
1529,樂事綠能,15,3,12,福勝,2023-01-05,6950
2615,萬海,14,2,12,福勝,2023-01-05,6950
8044,網家,17,6,11,福勝,2023-01-05,6950
00642U,期元大S＆P石油,10,0,10,福勝,2023-01-05,6950
2032,新鋼,10,0,10,福勝,2023-01-05,6950
3013,晟銘電,10,0,10,福勝,2023-01-05,6950
5351,鈺創,20,10,10,福勝,2023-01-05,6950
6153,嘉聯益,10,0,10,福勝,2023-01-05,6950
8933,愛地雅,9,0,9,福勝,2023-01-05,6950
6669,緯穎,8,0,8,福勝,2023-01-05,6950
1101,台泥,11,3,8,福勝,2023-01-05,6950
3454,晶睿,8,0,8,福勝,2023-01-05,6950
6133,金橋,8,0,8,福勝,2023-01-05,6950
8091,翔名,8,0,8,福勝,2023-01-05,6950
2368,金像電,11,4,7,福勝,2023-01-05,6950
8046,南電,8,2,6,福勝,2023-01-05,6950
3189,景碩,9,3,6,福勝,2023-01-05,6950
2419,仲琦,6,0,6,福勝,2023-01-05,6950
2498,宏達電,30,24,6,福勝,2023-01-05,6950
2605,新興,11,5,6,福勝,2023-01-05,6950
4162,智擎,6,0,6,福勝,2023-01-05,6950
5475,德宏,6,0,6,福勝,2023-01-05,6950
6274,台燿,7,1,6,福勝,2023-01-05,6950
9904,寶成,6,0,6,福勝,2023-01-05,6950
1513,中興電,12,7,5,福勝,2023-01-05,6950
1319,東陽,5,0,5,福勝,2023-01-05,6950
1736,喬山,5,0,5,福勝,2023-01-05,6950
2380,虹光,5,0,5,福勝,2023-01-05,6950
2388,威盛,13,8,5,福勝,2023-01-05,6950
3027,盛達,6,1,5,福勝,2023-01-05,6950
3234,光環,5,0,5,福勝,2023-01-05,6950
4123,晟德,5,0,5,福勝,2023-01-05,6950
1817,凱撒衛,78,0,78,福勝,2023-01-06,6950
1609,大亞,37,1,36,福勝,2023-01-06,6950
00885,富邦越南,36,0,36,福勝,2023-01-06,6950
00720B,元大投資級公司債,25,0,25,福勝,2023-01-06,6950
2327,國巨,26,2,24,福勝,2023-01-06,6950
8299,群聯,26,5,21,福勝,2023-01-06,6950
00632R,元大台灣50反1,20,0,20,福勝,2023-01-06,6950
1219,福壽,20,0,20,福勝,2023-01-06,6950
4770,上品,20,0,20,福勝,2023-01-06,6950
6843,進典,20,0,20,福勝,2023-01-06,6950
4167,松瑞藥,22,4,18,福勝,2023-01-06,6950
1513,中興電,22,5,17,福勝,2023-01-06,6950
2330,台積電,20,3,17,福勝,2023-01-06,6950
4114,健喬,22,5,17,福勝,2023-01-06,6950
1519,華城,25,9,16,福勝,2023-01-06,6950
1785,光洋科,16,0,16,福勝,2023-01-06,6950
2323,中環,16,0,16,福勝,2023-01-06,6950
2359,所羅門,16,1,15,福勝,2023-01-06,6950
2609,陽明,17,2,15,福勝,2023-01-06,6950
00712,復華富時不動產,12,0,12,福勝,2023-01-06,6950
2317,鴻海,25,14,11,福勝,2023-01-06,6950
4105,東洋,11,0,11,福勝,2023-01-06,6950
00902,中信電池及儲能,10,0,10,福勝,2023-01-06,6950
2014,中鴻,13,3,10,福勝,2023-01-06,6950
2614,東森,10,0,10,福勝,2023-01-06,6950
2637,慧洋-KY,10,0,10,福勝,2023-01-06,6950
4720,德淵,10,0,10,福勝,2023-01-06,6950
5905,南仁湖,12,2,10,福勝,2023-01-06,6950
3687,歐買尬,9,0,9,福勝,2023-01-06,6950
8171,天宇,11,2,9,福勝,2023-01-06,6950
6234,高僑,7,0,7,福勝,2023-01-06,6950
2611,志信,6,0,6,福勝,2023-01-06,6950
3558,神準,7,1,6,福勝,2023-01-06,6950
3661,世芯-KY,9,3,6,福勝,2023-01-06,6950
4102,永日,8,2,6,福勝,2023-01-06,6950
8050,廣積,6,0,6,福勝,2023-01-06,6950
8046,南電,7,1,6,福勝,2023-01-06,6950
2033,佳大,5,0,5,福勝,2023-01-06,6950
2482,連宇,5,0,5,福勝,2023-01-06,6950
3047,訊舟,15,10,5,福勝,2023-01-06,6950
3714,富采,5,0,5,福勝,2023-01-06,6950
4966,譜瑞-KY,5,0,5,福勝,2023-01-06,6950
5009,榮剛,5,0,5,福勝,2023-01-06,6950
5258,虹堡,5,0,5,福勝,2023-01-06,6950
5530,龍巖,5,0,5,福勝,2023-01-06,6950
6127,九豪,5,0,5,福勝,2023-01-06,6950
8940,新天地,5,0,5,福勝,2023-01-06,6950
9103,美德醫療-DR,5,0,5,福勝,2023-01-06,6950
1608,華榮,4,0,4,福勝,2023-01-06,6950
1701,中化,6,2,4,福勝,2023-01-06,6950
00637L,元大滬深300正2,70,0,70,福勝,2023-01-09,6950
1460,宏遠,54,0,54,福勝,2023-01-09,6950
5488,松普,40,0,40,福勝,2023-01-09,6950
6843,進典,39,0,39,福勝,2023-01-09,6950
3037,欣興,36,5,31,福勝,2023-01-09,6950
00679B,元大美債20年,25,0,25,福勝,2023-01-09,6950
2615,萬海,27,3,24,福勝,2023-01-09,6950
6182,合晶,31,8,23,福勝,2023-01-09,6950
6770,力積電,31,8,23,福勝,2023-01-09,6950
00633L,富邦上証正2,260,240,20,福勝,2023-01-09,6950
2614,東森,45,25,20,福勝,2023-01-09,6950
8050,廣積,21,1,20,福勝,2023-01-09,6950
2609,陽明,38,19,19,福勝,2023-01-09,6950
2354,鴻準,19,0,19,福勝,2023-01-09,6950
1732,毛寶,19,2,17,福勝,2023-01-09,6950
6789,采鈺,18,2,16,福勝,2023-01-09,6950
3481,群創,39,24,15,福勝,2023-01-09,6950
3162,精確,14,0,14,福勝,2023-01-09,6950
5009,榮剛,13,0,13,福勝,2023-01-09,6950
2014,中鴻,23,12,11,福勝,2023-01-09,6950
2313,華通,12,1,11,福勝,2023-01-09,6950
1319,東陽,10,0,10,福勝,2023-01-09,6950
1701,中化,11,1,10,福勝,2023-01-09,6950
2206,三陽工業,10,0,10,福勝,2023-01-09,6950
2419,仲琦,11,1,10,福勝,2023-01-09,6950
2617,台航,10,0,10,福勝,2023-01-09,6950
4551,智伸科,10,0,10,福勝,2023-01-09,6950
6290,良維,10,0,10,福勝,2023-01-09,6950
2401,凌陽,11,1,10,福勝,2023-01-09,6950
2603,長榮,26,17,9,福勝,2023-01-09,6950
3059,華晶科,9,0,9,福勝,2023-01-09,6950
6118,建達,11,2,9,福勝,2023-01-09,6950
3014,聯陽,8,0,8,福勝,2023-01-09,6950
2641,正德,8,0,8,福勝,2023-01-09,6950
2929,淘帝-KY,12,4,8,福勝,2023-01-09,6950
3706,神達,12,4,8,福勝,2023-01-09,6950
6237,驊訊,8,0,8,福勝,2023-01-09,6950
3515,華擎,10,3,7,福勝,2023-01-09,6950
6139,亞翔,10,3,7,福勝,2023-01-09,6950
1337,再生-KY,6,0,6,福勝,2023-01-09,6950
2328,廣宇,9,3,6,福勝,2023-01-09,6950
2605,新興,6,0,6,福勝,2023-01-09,6950
4968,立積,11,5,6,福勝,2023-01-09,6950
2890,永豐金,15,9,6,福勝,2023-01-09,6950
1708,東鹼,5,0,5,福勝,2023-01-09,6950
2867,三商壽,5,0,5,福勝,2023-01-09,6950
3325,旭品,5,0,5,福勝,2023-01-09,6950
4541,晟田,5,0,5,福勝,2023-01-09,6950
6168,宏齊,5,0,5,福勝,2023-01-09,6950
6442,光聖,5,0,5,福勝,2023-01-09,6950
1605,華新,383,29,354,福勝,2023-01-10,6950
4114,健喬,53,2,51,福勝,2023-01-10,6950
1460,宏遠,50,0,50,福勝,2023-01-10,6950
3515,華擎,40,0,40,福勝,2023-01-10,6950
1609,大亞,38,0,38,福勝,2023-01-10,6950
2367,燿華,32,0,32,福勝,2023-01-10,6950
6125,廣運,31,0,31,福勝,2023-01-10,6950
6443,元晶,24,1,23,福勝,2023-01-10,6950
6603,富強鑫,20,0,20,福勝,2023-01-10,6950
5009,榮剛,19,0,19,福勝,2023-01-10,6950
2302,麗正,16,0,16,福勝,2023-01-10,6950
2409,友達,19,3,16,福勝,2023-01-10,6950
1444,力麗,15,0,15,福勝,2023-01-10,6950
00712,復華富時不動產,14,0,14,福勝,2023-01-10,6950
8105,凌巨,41,28,13,福勝,2023-01-10,6950
00633L,富邦上証正2,12,0,12,福勝,2023-01-10,6950
6235,華孚,19,8,11,福勝,2023-01-10,6950
6290,良維,11,0,11,福勝,2023-01-10,6950
9928,中視,11,0,11,福勝,2023-01-10,6950
2882,國泰金,11,1,10,福勝,2023-01-10,6950
5351,鈺創,10,0,10,福勝,2023-01-10,6950
1701,中化,11,2,9,福勝,2023-01-10,6950
1760,寶齡富錦,9,0,9,福勝,2023-01-10,6950
2313,華通,23,14,9,福勝,2023-01-10,6950
1519,華城,10,2,8,福勝,2023-01-10,6950
1101,台泥,12,4,8,福勝,2023-01-10,6950
3576,聯合再生,9,1,8,福勝,2023-01-10,6950
6148,驊宏資,8,0,8,福勝,2023-01-10,6950
8046,南電,10,2,8,福勝,2023-01-10,6950
00725B,國泰投資級公司債,10,3,7,福勝,2023-01-10,6950
3035,智原,15,8,7,福勝,2023-01-10,6950
6111,大宇資,8,1,7,福勝,2023-01-10,6950
6770,力積電,13,6,7,福勝,2023-01-10,6950
0056,元大高股息,16,10,6,福勝,2023-01-10,6950
1560,中砂,19,14,5,福勝,2023-01-10,6950
2637,慧洋-KY,5,0,5,福勝,2023-01-10,6950
3234,光環,5,0,5,福勝,2023-01-10,6950
4541,晟田,5,0,5,福勝,2023-01-10,6950
5014,建錩,6,1,5,福勝,2023-01-10,6950
6442,光聖,5,0,5,福勝,2023-01-10,6950
6462,神盾,5,0,5,福勝,2023-01-10,6950
6706,惠特,5,0,5,福勝,2023-01-10,6950
1612,宏泰,6,2,4,福勝,2023-01-10,6950
2881,富邦金,5,1,4,福勝,2023-01-10,6950
2867,三商壽,4,0,4,福勝,2023-01-10,6950
2929,淘帝-KY,10,6,4,福勝,2023-01-10,6950
3014,聯陽,4,0,4,福勝,2023-01-10,6950
4566,時碩工業,4,0,4,福勝,2023-01-10,6950
6234,高僑,4,0,4,福勝,2023-01-10,6950
6271,同欣電,4,0,4,福勝,2023-01-10,6950
1460,宏遠,50,0,50,福勝,2023-01-11,6950
3704,合勤控,38,2,36,福勝,2023-01-11,6950
2610,華航,31,3,28,福勝,2023-01-11,6950
2897,王道銀行,75,48,27,福勝,2023-01-11,6950
00892,富邦台灣半導體,22,0,22,福勝,2023-01-11,6950
4906,正文,20,0,20,福勝,2023-01-11,6950
6443,元晶,25,5,20,福勝,2023-01-11,6950
3438,類比科,16,0,16,福勝,2023-01-11,6950
5258,虹堡,21,7,14,福勝,2023-01-11,6950
6185,幃翔,13,0,13,福勝,2023-01-11,6950
2867,三商壽,12,0,12,福勝,2023-01-11,6950
4114,健喬,12,0,12,福勝,2023-01-11,6950
0050,元大台灣50,11,0,11,福勝,2023-01-11,6950
2313,華通,12,1,11,福勝,2023-01-11,6950
1609,大亞,10,0,10,福勝,2023-01-11,6950
1453,大將,10,0,10,福勝,2023-01-11,6950
00756B,群益投等新興公債,10,0,10,福勝,2023-01-11,6950
00905,FT臺灣Smart,10,0,10,福勝,2023-01-11,6950
2465,麗臺,10,0,10,福勝,2023-01-11,6950
2498,宏達電,12,3,9,福勝,2023-01-11,6950
3380,明泰,8,0,8,福勝,2023-01-11,6950
3479,安勤,10,2,8,福勝,2023-01-11,6950
9962,有益,11,3,8,福勝,2023-01-11,6950
00885,富邦越南,7,0,7,福勝,2023-01-11,6950
2618,長榮航,39,32,7,福勝,2023-01-11,6950
2302,麗正,6,0,6,福勝,2023-01-11,6950
2444,兆勁,6,0,6,福勝,2023-01-11,6950
2834,臺企銀,6,0,6,福勝,2023-01-11,6950
3056,富華新,6,0,6,福勝,2023-01-11,6950
4979,華星光,10,4,6,福勝,2023-01-11,6950
6182,合晶,6,0,6,福勝,2023-01-11,6950
6789,采鈺,6,0,6,福勝,2023-01-11,6950
8210,勤誠,6,0,6,福勝,2023-01-11,6950
8928,鉅明,6,0,6,福勝,2023-01-11,6950
1319,東陽,5,0,5,福勝,2023-01-11,6950
00882,中信中國高股息,5,0,5,福勝,2023-01-11,6950
00700,富邦�琤肭磪�,5,0,5,福勝,2023-01-11,6950
2342,茂矽,5,0,5,福勝,2023-01-11,6950
2388,威盛,6,1,5,福勝,2023-01-11,6950
2492,華新科,5,0,5,福勝,2023-01-11,6950
3272,東碩,5,0,5,福勝,2023-01-11,6950
3515,華擎,5,0,5,福勝,2023-01-11,6950
8033,雷虎,5,0,5,福勝,2023-01-11,6950
8046,南電,5,0,5,福勝,2023-01-11,6950
00680L,元大美債20正2,4,0,4,福勝,2023-01-11,6950
3045,台灣大,4,0,4,福勝,2023-01-11,6950
2201,裕隆,4,0,4,福勝,2023-01-11,6950
6111,大宇資,4,0,4,福勝,2023-01-11,6950
1342,八貫,3,0,3,福勝,2023-01-11,6950
00878,國泰永續高股息,3,0,3,福勝,2023-01-11,6950
3141,晶宏,48,1,47,福勝,2023-01-12,6950
6461,益得,40,0,40,福勝,2023-01-12,6950
6156,松上,23,0,23,福勝,2023-01-12,6950
00725B,國泰投資級公司債,20,0,20,福勝,2023-01-12,6950
8070,長華*,20,0,20,福勝,2023-01-12,6950
6770,力積電,31,14,17,福勝,2023-01-12,6950
2354,鴻準,20,4,16,福勝,2023-01-12,6950
2736,富野,15,0,15,福勝,2023-01-12,6950
9962,有益,16,1,15,福勝,2023-01-12,6950
4114,健喬,18,6,12,福勝,2023-01-12,6950
2324,仁寶,12,0,12,福勝,2023-01-12,6950
2317,鴻海,12,0,12,福勝,2023-01-12,6950
2603,長榮,14,3,11,福勝,2023-01-12,6950
4904,遠傳,11,0,11,福勝,2023-01-12,6950
00892,富邦台灣半導體,10,0,10,福勝,2023-01-12,6950
1313,聯成,10,0,10,福勝,2023-01-12,6950
1720,生達,10,0,10,福勝,2023-01-12,6950
2313,華通,15,5,10,福勝,2023-01-12,6950
3162,精確,10,0,10,福勝,2023-01-12,6950
2330,台積電,10,0,10,福勝,2023-01-12,6950
1605,華新,21,12,9,福勝,2023-01-12,6950
2014,中鴻,18,10,8,福勝,2023-01-12,6950
2344,華邦電,15,7,8,福勝,2023-01-12,6950
8091,翔名,8,0,8,福勝,2023-01-12,6950
2388,威盛,7,0,7,福勝,2023-01-12,6950
6282,康舒,7,0,7,福勝,2023-01-12,6950
6589,台康生技,7,0,7,福勝,2023-01-12,6950
3576,聯合再生,11,5,6,福勝,2023-01-12,6950
00900,富邦特選高股息30,6,0,6,福勝,2023-01-12,6950
3128,昇銳,11,5,6,福勝,2023-01-12,6950
3189,景碩,6,0,6,福勝,2023-01-12,6950
4167,松瑞藥,6,0,6,福勝,2023-01-12,6950
1618,合機,5,0,5,福勝,2023-01-12,6950
1513,中興電,5,0,5,福勝,2023-01-12,6950
1785,光洋科,5,0,5,福勝,2023-01-12,6950
4919,新唐,6,1,5,福勝,2023-01-12,6950
5281,大峽谷-KY,5,0,5,福勝,2023-01-12,6950
6104,創惟,19,14,5,福勝,2023-01-12,6950
8182,加高,5,0,5,福勝,2023-01-12,6950
8341,日友,5,0,5,福勝,2023-01-12,6950
8928,鉅明,5,0,5,福勝,2023-01-12,6950
00713,元大台灣高息低波,4,0,4,福勝,2023-01-12,6950
2009,第一銅,7,3,4,福勝,2023-01-12,6950
3272,東碩,4,0,4,福勝,2023-01-12,6950
6118,建達,6,2,4,福勝,2023-01-12,6950
6237,驊訊,10,6,4,福勝,2023-01-12,6950
8069,元太,9,5,4,福勝,2023-01-12,6950
8081,致新,5,1,4,福勝,2023-01-12,6950
00772B,中信高評級公司債,3,0,3,福勝,2023-01-12,6950
1608,華榮,4,1,3,福勝,2023-01-12,6950
1609,大亞,42,0,42,福勝,2023-01-13,6950
2611,志信,40,1,39,福勝,2023-01-13,6950
2305,全友,30,0,30,福勝,2023-01-13,6950
2892,第一金,24,0,24,福勝,2023-01-13,6950
2498,宏達電,22,1,21,福勝,2023-01-13,6950
2313,華通,23,3,20,福勝,2023-01-13,6950
2495,普安,20,0,20,福勝,2023-01-13,6950
3706,神達,20,0,20,福勝,2023-01-13,6950
4934,太極,20,0,20,福勝,2023-01-13,6950
1605,華新,18,1,17,福勝,2023-01-13,6950
4931,新盛力,16,1,15,福勝,2023-01-13,6950
3714,富采,23,10,13,福勝,2023-01-13,6950
00900,富邦特選高股息30,12,0,12,福勝,2023-01-13,6950
9105,泰金寶-DR,11,0,11,福勝,2023-01-13,6950
2380,虹光,10,0,10,福勝,2023-01-13,6950
3059,華晶科,10,0,10,福勝,2023-01-13,6950
4155,訊映,10,0,10,福勝,2023-01-13,6950
00720B,元大投資級公司債,9,0,9,福勝,2023-01-13,6950
8050,廣積,10,2,8,福勝,2023-01-13,6950
8033,雷虎,7,0,7,福勝,2023-01-13,6950
8069,元太,10,3,7,福勝,2023-01-13,6950
2009,第一銅,7,0,7,福勝,2023-01-13,6950
1314,中石化,6,0,6,福勝,2023-01-13,6950
1517,利奇,5,0,5,福勝,2023-01-13,6950
1539,巨庭,5,0,5,福勝,2023-01-13,6950
1722,台肥,5,0,5,福勝,2023-01-13,6950
1909,榮成,6,1,5,福勝,2023-01-13,6950
2399,映泰,5,0,5,福勝,2023-01-13,6950
2867,三商壽,5,0,5,福勝,2023-01-13,6950
3189,景碩,7,2,5,福勝,2023-01-13,6950
00713,元大台灣高息低波,4,0,4,福勝,2023-01-13,6950
3294,英濟,4,0,4,福勝,2023-01-13,6950
3325,旭品,7,3,4,福勝,2023-01-13,6950
3346,麗清,5,1,4,福勝,2023-01-13,6950
3576,聯合再生,5,1,4,福勝,2023-01-13,6950
4908,前鼎,4,0,4,福勝,2023-01-13,6950
5014,建錩,5,1,4,福勝,2023-01-13,6950
6182,合晶,4,0,4,福勝,2023-01-13,6950
8016,矽創,4,0,4,福勝,2023-01-13,6950
8261,富鼎,4,0,4,福勝,2023-01-13,6950
6806,森崴能源,4,0,4,福勝,2023-01-13,6950
6282,康舒,3,0,3,福勝,2023-01-13,6950
1524,耿鼎,3,0,3,福勝,2023-01-13,6950
1762,中化生,3,0,3,福勝,2023-01-13,6950
2014,中鴻,26,23,3,福勝,2023-01-13,6950
2105,正新,6,3,3,福勝,2023-01-13,6950
2230,泰茂,3,0,3,福勝,2023-01-13,6950
2328,廣宇,3,0,3,福勝,2023-01-13,6950
3006,晶豪科,5,2,3,福勝,2023-01-13,6950
3013,晟銘電,3,0,3,福勝,2023-01-13,6950
2883,凱基金,150,0,150,福勝,2023-01-16,6950
2607,榮運,60,0,60,福勝,2023-01-16,6950
6770,力積電,77,18,59,福勝,2023-01-16,6950
1457,宜進,30,0,30,福勝,2023-01-16,6950
00720B,元大投資級公司債,39,9,30,福勝,2023-01-16,6950
2371,大同,30,0,30,福勝,2023-01-16,6950
2358,廷鑫,58,30,28,福勝,2023-01-16,6950
3059,華晶科,24,0,24,福勝,2023-01-16,6950
00888,永豐台灣ESG,20,0,20,福勝,2023-01-16,6950
00633L,富邦上証正2,232,212,20,福勝,2023-01-16,6950
1605,華新,32,12,20,福勝,2023-01-16,6950
6205,詮欣,20,0,20,福勝,2023-01-16,6950
00878,國泰永續高股息,27,8,19,福勝,2023-01-16,6950
2027,大成鋼,17,3,14,福勝,2023-01-16,6950
2303,聯電,26,13,13,福勝,2023-01-16,6950
1718,中纖,12,0,12,福勝,2023-01-16,6950
2312,金寶,12,0,12,福勝,2023-01-16,6950
0056,元大高股息,11,0,11,福勝,2023-01-16,6950
2324,仁寶,11,0,11,福勝,2023-01-16,6950
2007,燁興,10,0,10,福勝,2023-01-16,6950
2101,南港,10,0,10,福勝,2023-01-16,6950
2485,兆赫,10,0,10,福勝,2023-01-16,6950
2641,正德,13,3,10,福勝,2023-01-16,6950
6282,康舒,10,0,10,福勝,2023-01-16,6950
1519,華城,8,1,7,福勝,2023-01-16,6950
6015,宏遠證,7,0,7,福勝,2023-01-16,6950
8105,凌巨,7,0,7,福勝,2023-01-16,6950
4743,合一,6,0,6,福勝,2023-01-16,6950
2317,鴻海,21,15,6,福勝,2023-01-16,6950
2603,長榮,7,1,6,福勝,2023-01-16,6950
5309,系統電,6,0,6,福勝,2023-01-16,6950
6188,廣明,7,1,6,福勝,2023-01-16,6950
1110,東泥,5,0,5,福勝,2023-01-16,6950
1101,台泥,11,6,5,福勝,2023-01-16,6950
2338,光罩,5,0,5,福勝,2023-01-16,6950
2340,台亞,5,0,5,福勝,2023-01-16,6950
2383,台光電,5,0,5,福勝,2023-01-16,6950
2399,映泰,6,1,5,福勝,2023-01-16,6950
2498,宏達電,5,0,5,福勝,2023-01-16,6950
2614,東森,5,0,5,福勝,2023-01-16,6950
6155,鈞寶,5,0,5,福勝,2023-01-16,6950
6229,研通,5,0,5,福勝,2023-01-16,6950
8403,盛弘,5,0,5,福勝,2023-01-16,6950
1584,精剛,10,6,4,福勝,2023-01-16,6950
5351,鈺創,4,0,4,福勝,2023-01-16,6950
6274,台燿,5,1,4,福勝,2023-01-16,6950
8028,昇陽半導體,5,1,4,福勝,2023-01-16,6950
2609,陽明,25,22,3,福勝,2023-01-16,6950
1314,中石化,3,0,3,福勝,2023-01-16,6950
00905,FT臺灣Smart,3,0,3,福勝,2023-01-16,6950
5488,松普,160,0,160,福勝,2023-01-17,6950
2897,王道銀行,136,6,130,福勝,2023-01-17,6950
2027,大成鋼,42,0,42,福勝,2023-01-17,6950
2867,三商壽,38,0,38,福勝,2023-01-17,6950
2380,虹光,35,0,35,福勝,2023-01-17,6950
1718,中纖,20,0,20,福勝,2023-01-17,6950
2399,映泰,23,5,18,福勝,2023-01-17,6950
2498,宏達電,27,10,17,福勝,2023-01-17,6950
2610,華航,16,0,16,福勝,2023-01-17,6950
6712,長聖,16,0,16,福勝,2023-01-17,6950
2884,玉山金,14,0,14,福勝,2023-01-17,6950
0056,元大高股息,13,1,12,福勝,2023-01-17,6950
2614,東森,13,1,12,福勝,2023-01-17,6950
1584,精剛,10,0,10,福勝,2023-01-17,6950
2017,官田鋼,10,0,10,福勝,2023-01-17,6950
2888,新光金,11,1,10,福勝,2023-01-17,6950
3207,耀勝,10,0,10,福勝,2023-01-17,6950
2317,鴻海,10,1,9,福勝,2023-01-17,6950
1783,和康生,9,0,9,福勝,2023-01-17,6950
2014,中鴻,30,21,9,福勝,2023-01-17,6950
2308,台達電,10,1,9,福勝,2023-01-17,6950
00882,中信中國高股息,8,0,8,福勝,2023-01-17,6950
1101B,台泥乙特,7,0,7,福勝,2023-01-17,6950
2023,燁輝,7,0,7,福勝,2023-01-17,6950
2030,彰源,7,0,7,福勝,2023-01-17,6950
0050,元大台灣50,6,0,6,福勝,2023-01-17,6950
1337,再生-KY,6,0,6,福勝,2023-01-17,6950
1513,中興電,12,6,6,福勝,2023-01-17,6950
3523,迎輝,6,0,6,福勝,2023-01-17,6950
3673,TPK-KY,6,0,6,福勝,2023-01-17,6950
1308,亞聚,5,0,5,福勝,2023-01-17,6950
2412,中華電,5,0,5,福勝,2023-01-17,6950
3049,精金,5,0,5,福勝,2023-01-17,6950
3515,華擎,5,0,5,福勝,2023-01-17,6950
5014,建錩,5,0,5,福勝,2023-01-17,6950
5512,力麒,5,0,5,福勝,2023-01-17,6950
6153,嘉聯益,5,0,5,福勝,2023-01-17,6950
6217,中探針,5,0,5,福勝,2023-01-17,6950
6843,進典,5,0,5,福勝,2023-01-17,6950
8215,明基材,5,0,5,福勝,2023-01-17,6950
2492,華新科,4,0,4,福勝,2023-01-17,6950
6155,鈞寶,4,0,4,福勝,2023-01-17,6950
6510,精測,4,0,4,福勝,2023-01-17,6950
6703,軒郁,4,0,4,福勝,2023-01-17,6950
9945,潤泰新,7,3,4,福勝,2023-01-17,6950
1560,中砂,3,0,3,福勝,2023-01-17,6950
1795,美時,4,1,3,福勝,2023-01-17,6950
2468,華經,3,0,3,福勝,2023-01-17,6950
2636,台驊控股,3,0,3,福勝,2023-01-17,6950
2820,華票,3,0,3,福勝,2023-01-17,6950
00632R,元大台灣50反1,178,10,168,福勝,2023-01-30,6950
2610,華航,108,0,108,福勝,2023-01-30,6950
2609,陽明,58,0,58,福勝,2023-01-30,6950
2317,鴻海,50,1,49,福勝,2023-01-30,6950
00878,國泰永續高股息,104,65,39,福勝,2023-01-30,6950
3059,華晶科,33,1,32,福勝,2023-01-30,6950
2014,中鴻,55,24,31,福勝,2023-01-30,6950
2368,金像電,37,6,31,福勝,2023-01-30,6950
2380,虹光,30,0,30,福勝,2023-01-30,6950
3265,台星科,29,0,29,福勝,2023-01-30,6950
2867,三商壽,23,0,23,福勝,2023-01-30,6950
1714,和桐,20,0,20,福勝,2023-01-30,6950
1815,富喬,20,0,20,福勝,2023-01-30,6950
3714,富采,22,3,19,福勝,2023-01-30,6950
3027,盛達,19,3,16,福勝,2023-01-30,6950
2891,中信金,16,0,16,福勝,2023-01-30,6950
9945,潤泰新,19,4,15,福勝,2023-01-30,6950
2027,大成鋼,12,1,11,福勝,2023-01-30,6950
3163,波若威,11,0,11,福勝,2023-01-30,6950
2641,正德,10,0,10,福勝,2023-01-30,6950
3576,聯合再生,10,0,10,福勝,2023-01-30,6950
3596,智易,10,0,10,福勝,2023-01-30,6950
3673,TPK-KY,10,0,10,福勝,2023-01-30,6950
1216,統一,11,2,9,福勝,2023-01-30,6950
2603,長榮,9,1,8,福勝,2023-01-30,6950
4105,東洋,8,0,8,福勝,2023-01-30,6950
5468,凱鈺,8,0,8,福勝,2023-01-30,6950
8069,元太,9,1,8,福勝,2023-01-30,6950
2892,第一金,8,0,8,福勝,2023-01-30,6950
4977,眾達-KY,7,0,7,福勝,2023-01-30,6950
8996,高力,8,1,7,福勝,2023-01-30,6950
1529,樂事綠能,9,3,6,福勝,2023-01-30,6950
00885,富邦越南,6,0,6,福勝,2023-01-30,6950
1101B,台泥乙特,6,0,6,福勝,2023-01-30,6950
2022,聚亨,7,1,6,福勝,2023-01-30,6950
2881A,富邦特,6,0,6,福勝,2023-01-30,6950
2890,永豐金,7,1,6,福勝,2023-01-30,6950
8210,勤誠,13,7,6,福勝,2023-01-30,6950
8255,朋程,6,0,6,福勝,2023-01-30,6950
1789,神隆,5,0,5,福勝,2023-01-30,6950
2618,長榮航,7,2,5,福勝,2023-01-30,6950
4162,智擎,6,1,5,福勝,2023-01-30,6950
6182,合晶,15,10,5,福勝,2023-01-30,6950
6285,啟��,6,1,5,福勝,2023-01-30,6950
6462,神盾,5,0,5,福勝,2023-01-30,6950
6874,倍力,5,0,5,福勝,2023-01-30,6950
8150,南茂,5,0,5,福勝,2023-01-30,6950
8155,博智,5,0,5,福勝,2023-01-30,6950
9802,鈺齊-KY,5,0,5,福勝,2023-01-30,6950
1810,和成,4,0,4,福勝,2023-01-30,6950
1605,華新,234,101,133,福勝,2023-01-31,6950
2317,鴻海,129,9,120,福勝,2023-01-31,6950
00905,FT臺灣Smart,59,0,59,福勝,2023-01-31,6950
00637L,元大滬深300正2,54,0,54,福勝,2023-01-31,6950
4142,國光生,54,0,54,福勝,2023-01-31,6950
6125,廣運,40,1,39,福勝,2023-01-31,6950
2436,偉詮電,39,1,38,福勝,2023-01-31,6950
5608,四維航,35,0,35,福勝,2023-01-31,6950
2324,仁寶,24,0,24,福勝,2023-01-31,6950
2892,第一金,23,0,23,福勝,2023-01-31,6950
1815,富喬,20,0,20,福勝,2023-01-31,6950
8028,昇陽半導體,20,0,20,福勝,2023-01-31,6950
00632R,元大台灣50反1,18,0,18,福勝,2023-01-31,6950
2323,中環,17,0,17,福勝,2023-01-31,6950
00772B,中信高評級公司債,15,0,15,福勝,2023-01-31,6950
2380,虹光,15,0,15,福勝,2023-01-31,6950
3017,奇鋐,14,0,14,福勝,2023-01-31,6950
5272,笙科,16,2,14,福勝,2023-01-31,6950
1313,聯成,40,27,13,福勝,2023-01-31,6950
2880,華南金,13,0,13,福勝,2023-01-31,6950
3624,光頡,13,0,13,福勝,2023-01-31,6950
4979,華星光,24,11,13,福勝,2023-01-31,6950
6164,華興,12,0,12,福勝,2023-01-31,6950
2884,玉山金,11,0,11,福勝,2023-01-31,6950
4746,台耀,11,0,11,福勝,2023-01-31,6950
6278,台表科,11,0,11,福勝,2023-01-31,6950
5880,合庫金,10,0,10,福勝,2023-01-31,6950
2206,三陽工業,10,0,10,福勝,2023-01-31,6950
2481,強茂,12,2,10,福勝,2023-01-31,6950
3045,台灣大,10,0,10,福勝,2023-01-31,6950
3049,精金,10,0,10,福勝,2023-01-31,6950
6230,尼得科超眾,10,0,10,福勝,2023-01-31,6950
8069,元太,11,1,10,福勝,2023-01-31,6950
2834,臺企銀,11,1,10,福勝,2023-01-31,6950
1584,精剛,20,11,9,福勝,2023-01-31,6950
2382,廣達,10,1,9,福勝,2023-01-31,6950
4973,廣穎,9,0,9,福勝,2023-01-31,6950
1710,東聯,8,0,8,福勝,2023-01-31,6950
3027,盛達,23,15,8,福勝,2023-01-31,6950
4908,前鼎,8,0,8,福勝,2023-01-31,6950
6109,亞元,8,0,8,福勝,2023-01-31,6950
2002,中鋼,10,2,8,福勝,2023-01-31,6950
1701,中化,7,0,7,福勝,2023-01-31,6950
1711,永光,8,1,7,福勝,2023-01-31,6950
6182,合晶,8,1,7,福勝,2023-01-31,6950
6245,立端,7,0,7,福勝,2023-01-31,6950
6443,元晶,24,17,7,福勝,2023-01-31,6950
1326,台化,6,0,6,福勝,2023-01-31,6950
2406,國碩,7,1,6,福勝,2023-01-31,6950
2425,承啟,6,0,6,福勝,2023-01-31,6950
1608,華榮,120,0,120,福勝,2023-02-01,6950
2888,新光金,74,0,74,福勝,2023-02-01,6950
2337,旺宏,37,0,37,福勝,2023-02-01,6950
2444,兆勁,31,0,31,福勝,2023-02-01,6950
00882,中信中國高股息,30,0,30,福勝,2023-02-01,6950
1809,中釉,30,0,30,福勝,2023-02-01,6950
6163,華電網,30,0,30,福勝,2023-02-01,6950
2929,淘帝-KY,37,11,26,福勝,2023-02-01,6950
4979,華星光,30,6,24,福勝,2023-02-01,6950
8105,凌巨,45,21,24,福勝,2023-02-01,6950
4572,駐龍,28,5,23,福勝,2023-02-01,6950
1817,凱撒衛,22,0,22,福勝,2023-02-01,6950
2380,虹光,30,8,22,福勝,2023-02-01,6950
8933,愛地雅,22,0,22,福勝,2023-02-01,6950
1342,八貫,21,2,19,福勝,2023-02-01,6950
3624,光頡,29,11,18,福勝,2023-02-01,6950
1514,亞力,16,0,16,福勝,2023-02-01,6950
2313,華通,20,4,16,福勝,2023-02-01,6950
8150,南茂,16,0,16,福勝,2023-02-01,6950
2014,中鴻,19,6,13,福勝,2023-02-01,6950
1708,東鹼,13,1,12,福勝,2023-02-01,6950
2890,永豐金,12,0,12,福勝,2023-02-01,6950
3481,群創,13,1,12,福勝,2023-02-01,6950
8478,東哥遊艇,11,0,11,福勝,2023-02-01,6950
00905,FT臺灣Smart,11,0,11,福勝,2023-02-01,6950
1453,大將,11,0,11,福勝,2023-02-01,6950
5347,世界,11,0,11,福勝,2023-02-01,6950
6843,進典,11,0,11,福勝,2023-02-01,6950
8222,寶一,11,0,11,福勝,2023-02-01,6950
1504,東元,10,0,10,福勝,2023-02-01,6950
00772B,中信高評級公司債,10,0,10,福勝,2023-02-01,6950
1584,精剛,10,0,10,福勝,2023-02-01,6950
2332,友訊,10,0,10,福勝,2023-02-01,6950
3312,弘憶股,10,0,10,福勝,2023-02-01,6950
6164,華興,10,0,10,福勝,2023-02-01,6950
2009,第一銅,30,21,9,福勝,2023-02-01,6950
2383,台光電,10,1,9,福勝,2023-02-01,6950
3162,精確,10,1,9,福勝,2023-02-01,6950
3508,位速,10,1,9,福勝,2023-02-01,6950
4930,燦星網,9,0,9,福勝,2023-02-01,6950
2324,仁寶,8,0,8,福勝,2023-02-01,6950
6182,合晶,13,5,8,福勝,2023-02-01,6950
6233,旺玖,8,0,8,福勝,2023-02-01,6950
4989,榮科,7,0,7,福勝,2023-02-01,6950
2007,燁興,7,0,7,福勝,2023-02-01,6950
2891,中信金,7,0,7,福勝,2023-02-01,6950
4755,三福化,7,0,7,福勝,2023-02-01,6950
1604,聲寶,6,0,6,福勝,2023-02-01,6950
2329,華泰,16,10,6,福勝,2023-02-01,6950
5258,虹堡,18,12,6,福勝,2023-02-01,6950
2303,聯電,709,86,623,福勝,2023-02-02,6950
00632R,元大台灣50反1,340,0,340,福勝,2023-02-02,6950
3035,智原,166,21,145,福勝,2023-02-02,6950
5425,台半,125,1,124,福勝,2023-02-02,6950
6244,茂迪,51,0,51,福勝,2023-02-02,6950
1313,聯成,50,0,50,福勝,2023-02-02,6950
00715L,期街口布蘭特正2,48,0,48,福勝,2023-02-02,6950
2367,燿華,51,3,48,福勝,2023-02-02,6950
1810,和成,41,1,40,福勝,2023-02-02,6950
00882,中信中國高股息,37,0,37,福勝,2023-02-02,6950
2317,鴻海,36,4,32,福勝,2023-02-02,6950
2349,錸德,30,0,30,福勝,2023-02-02,6950
2380,虹光,30,0,30,福勝,2023-02-02,6950
2444,兆勁,30,0,30,福勝,2023-02-02,6950
1609,大亞,34,4,30,福勝,2023-02-02,6950
00712,復華富時不動產,26,0,26,福勝,2023-02-02,6950
3122,笙泉,27,2,25,福勝,2023-02-02,6950
00676R,富邦臺灣加權反1,20,0,20,福勝,2023-02-02,6950
2332,友訊,20,0,20,福勝,2023-02-02,6950
6712,長聖,21,1,20,福勝,2023-02-02,6950
2892,第一金,21,1,20,福勝,2023-02-02,6950
1513,中興電,19,0,19,福勝,2023-02-02,6950
5351,鈺創,26,7,19,福勝,2023-02-02,6950
4106,雃博,19,1,18,福勝,2023-02-02,6950
00885,富邦越南,37,20,17,福勝,2023-02-02,6950
2492,華新科,26,9,17,福勝,2023-02-02,6950
6278,台表科,22,6,16,福勝,2023-02-02,6950
2618,長榮航,15,0,15,福勝,2023-02-02,6950
6146,耕興,15,0,15,福勝,2023-02-02,6950
1584,精剛,14,0,14,福勝,2023-02-02,6950
2884,玉山金,15,1,14,福勝,2023-02-02,6950
4966,譜瑞-KY,14,0,14,福勝,2023-02-02,6950
2486,一詮,13,0,13,福勝,2023-02-02,6950
3037,欣興,14,1,13,福勝,2023-02-02,6950
2413,環科,14,2,12,福勝,2023-02-02,6950
3081,聯亞,11,0,11,福勝,2023-02-02,6950
3693,營邦,12,1,11,福勝,2023-02-02,6950
00642U,期元大S＆P石油,10,0,10,福勝,2023-02-02,6950
00637L,元大滬深300正2,10,0,10,福勝,2023-02-02,6950
2338,光罩,12,2,10,福勝,2023-02-02,6950
2405,輔信,10,0,10,福勝,2023-02-02,6950
2468,華經,11,1,10,福勝,2023-02-02,6950
2867,三商壽,10,0,10,福勝,2023-02-02,6950
3499,環天科,10,0,10,福勝,2023-02-02,6950
6196,帆宣,10,0,10,福勝,2023-02-02,6950
9945,潤泰新,11,1,10,福勝,2023-02-02,6950
2201,裕隆,25,16,9,福勝,2023-02-02,6950
1612,宏泰,10,1,9,福勝,2023-02-02,6950
2449,京元電子,10,1,9,福勝,2023-02-02,6950
6111,大宇資,11,2,9,福勝,2023-02-02,6950
3035,智原,157,16,141,福勝,2023-02-03,6950
4977,眾達-KY,105,11,94,福勝,2023-02-03,6950
2486,一詮,90,3,87,福勝,2023-02-03,6950
2603,長榮,75,12,63,福勝,2023-02-03,6950
00878,國泰永續高股息,56,0,56,福勝,2023-02-03,6950
2049,上銀,55,0,55,福勝,2023-02-03,6950
2337,旺宏,53,7,46,福勝,2023-02-03,6950
1609,大亞,44,0,44,福勝,2023-02-03,6950
00893,國泰智能電動車,60,23,37,福勝,2023-02-03,6950
3673,TPK-KY,60,25,35,福勝,2023-02-03,6950
2369,菱生,36,2,34,福勝,2023-02-03,6950
2614,東森,41,7,34,福勝,2023-02-03,6950
00882,中信中國高股息,34,1,33,福勝,2023-02-03,6950
6443,元晶,35,3,32,福勝,2023-02-03,6950
2886,兆豐金,30,2,28,福勝,2023-02-03,6950
3019,亞光,30,3,27,福勝,2023-02-03,6950
1605,華新,86,59,27,福勝,2023-02-03,6950
8105,凌巨,47,23,24,福勝,2023-02-03,6950
1701,中化,25,2,23,福勝,2023-02-03,6950
3141,晶宏,27,5,22,福勝,2023-02-03,6950
1612,宏泰,20,0,20,福勝,2023-02-03,6950
2444,兆勁,20,0,20,福勝,2023-02-03,6950
3693,營邦,21,1,20,福勝,2023-02-03,6950
8358,金居,22,3,19,福勝,2023-02-03,6950
2303,聯電,27,12,15,福勝,2023-02-03,6950
2495,普安,15,0,15,福勝,2023-02-03,6950
3594,磐儀,16,1,15,福勝,2023-02-03,6950
5263,智崴,15,0,15,福勝,2023-02-03,6950
2014,中鴻,16,2,14,福勝,2023-02-03,6950
2388,威盛,26,12,14,福勝,2023-02-03,6950
3013,晟銘電,24,10,14,福勝,2023-02-03,6950
2208,台船,16,3,13,福勝,2023-02-03,6950
2002,中鋼,14,2,12,福勝,2023-02-03,6950
2201,裕隆,18,6,12,福勝,2023-02-03,6950
2834,臺企銀,13,2,11,福勝,2023-02-03,6950
3714,富采,32,21,11,福勝,2023-02-03,6950
4114,健喬,12,1,11,福勝,2023-02-03,6950
6770,力積電,29,18,11,福勝,2023-02-03,6950
1215,卜蜂,10,0,10,福勝,2023-02-03,6950
2028,威致,10,0,10,福勝,2023-02-03,6950
2390,云辰,10,0,10,福勝,2023-02-03,6950
2485,兆赫,10,0,10,福勝,2023-02-03,6950
2637,慧洋-KY,11,1,10,福勝,2023-02-03,6950
6190,萬泰科,11,1,10,福勝,2023-02-03,6950
9937,全國,10,0,10,福勝,2023-02-03,6950
2338,光罩,11,2,9,福勝,2023-02-03,6950
5258,虹堡,12,3,9,福勝,2023-02-03,6950
2436,偉詮電,18,10,8,福勝,2023-02-03,6950
2736,富野,8,0,8,福勝,2023-02-03,6950
6129,普誠,10,2,8,福勝,2023-02-03,6950
2486,一詮,40,0,40,福勝,2023-02-06,6950
2609,陽明,63,24,39,福勝,2023-02-06,6950
1605,華新,133,97,36,福勝,2023-02-06,6950
00900,富邦特選高股息30,32,0,32,福勝,2023-02-06,6950
1809,中釉,32,0,32,福勝,2023-02-06,6950
2603,長榮,27,2,25,福勝,2023-02-06,6950
2344,華邦電,26,1,25,福勝,2023-02-06,6950
00878,國泰永續高股息,34,10,24,福勝,2023-02-06,6950
4979,華星光,27,3,24,福勝,2023-02-06,6950
2368,金像電,23,0,23,福勝,2023-02-06,6950
1444,力麗,20,0,20,福勝,2023-02-06,6950
00706L,期元大S＆P日圓正2,20,0,20,福勝,2023-02-06,6950
2337,旺宏,20,0,20,福勝,2023-02-06,6950
9939,宏全,20,0,20,福勝,2023-02-06,6950
1609,大亞,20,1,19,福勝,2023-02-06,6950
2888,新光金,18,0,18,福勝,2023-02-06,6950
2317,鴻海,37,19,18,福勝,2023-02-06,6950
5347,世界,17,0,17,福勝,2023-02-06,6950
8916,光隆,17,0,17,福勝,2023-02-06,6950
2484,希華,16,0,16,福勝,2023-02-06,6950
0056,元大高股息,19,5,14,福勝,2023-02-06,6950
3189,景碩,16,2,14,福勝,2023-02-06,6950
2883,凱基金,13,0,13,福勝,2023-02-06,6950
2929,淘帝-KY,12,0,12,福勝,2023-02-06,6950
4545,銘鈺,17,5,12,福勝,2023-02-06,6950
2388,威盛,15,4,11,福勝,2023-02-06,6950
2492,華新科,12,1,11,福勝,2023-02-06,6950
4968,立積,12,1,11,福勝,2023-02-06,6950
3163,波若威,10,0,10,福勝,2023-02-06,6950
3550,聯穎,10,0,10,福勝,2023-02-06,6950
3576,聯合再生,10,0,10,福勝,2023-02-06,6950
3037,欣興,22,13,9,福勝,2023-02-06,6950
2353,宏��,20,11,9,福勝,2023-02-06,6950
3207,耀勝,25,16,9,福勝,2023-02-06,6950
6182,合晶,11,2,9,福勝,2023-02-06,6950
8046,南電,8,0,8,福勝,2023-02-06,6950
2886,兆豐金,8,0,8,福勝,2023-02-06,6950
4956,光鋐,31,23,8,福勝,2023-02-06,6950
2330,台積電,9,2,7,福勝,2023-02-06,6950
1752,南光,11,4,7,福勝,2023-02-06,6950
2201,裕隆,7,0,7,福勝,2023-02-06,6950
2618,長榮航,10,3,7,福勝,2023-02-06,6950
2882,國泰金,15,8,7,福勝,2023-02-06,6950
3322,建舜電,7,0,7,福勝,2023-02-06,6950
3588,通嘉,11,4,7,福勝,2023-02-06,6950
4755,三福化,7,0,7,福勝,2023-02-06,6950
8088,品安,7,0,7,福勝,2023-02-06,6950
00885,富邦越南,6,0,6,福勝,2023-02-06,6950
1301,台塑,6,0,6,福勝,2023-02-06,6950
00637L,元大滬深300正2,7,1,6,福勝,2023-02-06,6950
2801,彰銀,100,0,100,福勝,2023-02-07,6950
1605,華新,202,117,85,福勝,2023-02-07,6950
2486,一詮,58,0,58,福勝,2023-02-07,6950
00878,國泰永續高股息,30,0,30,福勝,2023-02-07,6950
6167,久正,30,0,30,福勝,2023-02-07,6950
1342,八貫,28,0,28,福勝,2023-02-07,6950
2368,金像電,27,3,24,福勝,2023-02-07,6950
1432,大魯閣,21,0,21,福勝,2023-02-07,6950
2485,兆赫,21,0,21,福勝,2023-02-07,6950
2305,全友,20,0,20,福勝,2023-02-07,6950
2530,華建,20,0,20,福勝,2023-02-07,6950
2402,毅嘉,18,1,17,福勝,2023-02-07,6950
6282,康舒,32,15,17,福勝,2023-02-07,6950
2892,第一金,15,0,15,福勝,2023-02-07,6950
2498,宏達電,28,14,14,福勝,2023-02-07,6950
00679B,元大美債20年,14,0,14,福勝,2023-02-07,6950
6120,達運,15,1,14,福勝,2023-02-07,6950
2201,裕隆,13,0,13,福勝,2023-02-07,6950
6235,華孚,27,14,13,福勝,2023-02-07,6950
2317,鴻海,13,1,12,福勝,2023-02-07,6950
2504,國產,12,0,12,福勝,2023-02-07,6950
3037,欣興,15,3,12,福勝,2023-02-07,6950
2313,華通,12,1,11,福勝,2023-02-07,6950
2618,長榮航,13,2,11,福勝,2023-02-07,6950
2888,新光金,11,0,11,福勝,2023-02-07,6950
5388,中磊,11,0,11,福勝,2023-02-07,6950
00632R,元大台灣50反1,10,0,10,福勝,2023-02-07,6950
2007,燁興,11,2,9,福勝,2023-02-07,6950
2392,正崴,10,1,9,福勝,2023-02-07,6950
2609,陽明,10,1,9,福勝,2023-02-07,6950
5258,虹堡,16,7,9,福勝,2023-02-07,6950
2330,台積電,8,0,8,福勝,2023-02-07,6950
1417,嘉裕,8,0,8,福勝,2023-02-07,6950
4919,新唐,14,6,8,福勝,2023-02-07,6950
2027,大成鋼,7,0,7,福勝,2023-02-07,6950
4116,明基醫,7,0,7,福勝,2023-02-07,6950
2867,三商壽,6,0,6,福勝,2023-02-07,6950
2929,淘帝-KY,6,0,6,福勝,2023-02-07,6950
3704,合勤控,10,4,6,福勝,2023-02-07,6950
6541,泰福-KY,6,0,6,福勝,2023-02-07,6950
00900,富邦特選高股息30,5,0,5,福勝,2023-02-07,6950
0056,元大高股息,5,0,5,福勝,2023-02-07,6950
1444,力麗,5,0,5,福勝,2023-02-07,6950
3272,東碩,6,1,5,福勝,2023-02-07,6950
3356,奇偶,6,1,5,福勝,2023-02-07,6950
4566,時碩工業,5,0,5,福勝,2023-02-07,6950
5309,系統電,9,4,5,福勝,2023-02-07,6950
6139,亞翔,5,0,5,福勝,2023-02-07,6950
6163,華電網,5,0,5,福勝,2023-02-07,6950
8150,南茂,10,5,5,福勝,2023-02-07,6950
2498,宏達電,80,23,57,福勝,2023-02-08,6950
2014,中鴻,45,0,45,福勝,2023-02-08,6950
00679B,元大美債20年,34,0,34,福勝,2023-02-08,6950
4979,華星光,34,0,34,福勝,2023-02-08,6950
1608,華榮,30,0,30,福勝,2023-02-08,6950
2358,廷鑫,28,0,28,福勝,2023-02-08,6950
1609,大亞,26,0,26,福勝,2023-02-08,6950
6625,必應,26,0,26,福勝,2023-02-08,6950
6282,康舒,39,14,25,福勝,2023-02-08,6950
2891,中信金,20,0,20,福勝,2023-02-08,6950
2929,淘帝-KY,20,0,20,福勝,2023-02-08,6950
3594,磐儀,22,3,19,福勝,2023-02-08,6950
4104,佳醫,18,0,18,福勝,2023-02-08,6950
2888,新光金,17,0,17,福勝,2023-02-08,6950
6118,建達,21,4,17,福勝,2023-02-08,6950
2887,台新金,16,0,16,福勝,2023-02-08,6950
1513,中興電,18,2,16,福勝,2023-02-08,6950
00637L,元大滬深300正2,15,0,15,福勝,2023-02-08,6950
2312,金寶,15,0,15,福勝,2023-02-08,6950
3014,聯陽,13,0,13,福勝,2023-02-08,6950
3163,波若威,14,1,13,福勝,2023-02-08,6950
00885,富邦越南,12,0,12,福勝,2023-02-08,6950
2425,承啟,30,18,12,福勝,2023-02-08,6950
6770,力積電,23,11,12,福勝,2023-02-08,6950
2303,聯電,110,99,11,福勝,2023-02-08,6950
2405,輔信,11,0,11,福勝,2023-02-08,6950
2609,陽明,16,5,11,福勝,2023-02-08,6950
3081,聯亞,13,2,11,福勝,2023-02-08,6950
1312,國喬,10,0,10,福勝,2023-02-08,6950
1815,富喬,10,0,10,福勝,2023-02-08,6950
2367,燿華,16,6,10,福勝,2023-02-08,6950
2368,金像電,15,5,10,福勝,2023-02-08,6950
2431,聯昌,10,0,10,福勝,2023-02-08,6950
2530,華建,10,0,10,福勝,2023-02-08,6950
2884,玉山金,10,0,10,福勝,2023-02-08,6950
4931,新盛力,10,0,10,福勝,2023-02-08,6950
6230,尼得科超眾,10,0,10,福勝,2023-02-08,6950
6279,胡連,10,0,10,福勝,2023-02-08,6950
8916,光隆,10,0,10,福勝,2023-02-08,6950
6182,合晶,9,0,9,福勝,2023-02-08,6950
1524,耿鼎,18,10,8,福勝,2023-02-08,6950
2105,正新,8,0,8,福勝,2023-02-08,6950
2337,旺宏,10,2,8,福勝,2023-02-08,6950
3047,訊舟,8,0,8,福勝,2023-02-08,6950
3207,耀勝,11,4,7,福勝,2023-02-08,6950
2027,大成鋼,7,0,7,福勝,2023-02-08,6950
2338,光罩,15,9,6,福勝,2023-02-08,6950
2317,鴻海,7,1,6,福勝,2023-02-08,6950
2701,萬企,6,0,6,福勝,2023-02-08,6950
2706,第一店,6,0,6,福勝,2023-02-08,6950
2897,王道銀行,64,0,64,福勝,2023-02-09,6950
2486,一詮,50,0,50,福勝,2023-02-09,6950
4746,台耀,52,4,48,福勝,2023-02-09,6950
3706,神達,46,0,46,福勝,2023-02-09,6950
0056,元大高股息,49,3,46,福勝,2023-02-09,6950
2344,華邦電,57,21,36,福勝,2023-02-09,6950
00878,國泰永續高股息,37,2,35,福勝,2023-02-09,6950
00772B,中信高評級公司債,30,0,30,福勝,2023-02-09,6950
2027,大成鋼,23,1,22,福勝,2023-02-09,6950
2492,華新科,20,0,20,福勝,2023-02-09,6950
4915,致伸,20,0,20,福勝,2023-02-09,6950
6215,和椿,31,11,20,福勝,2023-02-09,6950
2634,漢翔,31,13,18,福勝,2023-02-09,6950
4114,健喬,24,6,18,福勝,2023-02-09,6950
6443,元晶,21,3,18,福勝,2023-02-09,6950
6843,進典,16,0,16,福勝,2023-02-09,6950
2371,大同,15,0,15,福勝,2023-02-09,6950
2359,所羅門,17,3,14,福勝,2023-02-09,6950
8916,光隆,13,0,13,福勝,2023-02-09,6950
3059,華晶科,17,5,12,福勝,2023-02-09,6950
4966,譜瑞-KY,11,0,11,福勝,2023-02-09,6950
1409,新纖,10,0,10,福勝,2023-02-09,6950
1102,亞泥,10,0,10,福勝,2023-02-09,6950
00885,富邦越南,11,1,10,福勝,2023-02-09,6950
1752,南光,19,9,10,福勝,2023-02-09,6950
2206,三陽工業,10,0,10,福勝,2023-02-09,6950
3138,耀登,10,0,10,福勝,2023-02-09,6950
6684,安格,10,0,10,福勝,2023-02-09,6950
3037,欣興,10,0,10,福勝,2023-02-09,6950
3481,群創,40,31,9,福勝,2023-02-09,6950
2014,中鴻,20,11,9,福勝,2023-02-09,6950
2425,承啟,11,2,9,福勝,2023-02-09,6950
8171,天宇,10,1,9,福勝,2023-02-09,6950
00713,元大台灣高息低波,8,0,8,福勝,2023-02-09,6950
2302,麗正,8,0,8,福勝,2023-02-09,6950
6589,台康生技,15,7,8,福勝,2023-02-09,6950
9105,泰金寶-DR,8,0,8,福勝,2023-02-09,6950
00679B,元大美債20年,7,0,7,福勝,2023-02-09,6950
4979,華星光,14,7,7,福勝,2023-02-09,6950
6719,力智,9,2,7,福勝,2023-02-09,6950
3228,金麗科,14,7,7,福勝,2023-02-09,6950
00720B,元大投資級公司債,6,0,6,福勝,2023-02-09,6950
00882,中信中國高股息,6,0,6,福勝,2023-02-09,6950
1609,大亞,7,1,6,福勝,2023-02-09,6950
1710,東聯,6,0,6,福勝,2023-02-09,6950
2338,光罩,9,3,6,福勝,2023-02-09,6950
2363,矽統,6,0,6,福勝,2023-02-09,6950
3362,先進光,7,1,6,福勝,2023-02-09,6950
3714,富采,22,16,6,福勝,2023-02-09,6950
4128,中天,6,0,6,福勝,2023-02-09,6950
2867,三商壽,100,0,100,福勝,2023-02-10,6950
00878,國泰永續高股息,92,0,92,福勝,2023-02-10,6950
2367,燿華,76,3,73,福勝,2023-02-10,6950
1605,華新,102,35,67,福勝,2023-02-10,6950
2486,一詮,60,0,60,福勝,2023-02-10,6950
2409,友達,58,14,44,福勝,2023-02-10,6950
2609,陽明,55,13,42,福勝,2023-02-10,6950
2368,金像電,45,6,39,福勝,2023-02-10,6950
5009,榮剛,61,22,39,福勝,2023-02-10,6950
2610,華航,31,0,31,福勝,2023-02-10,6950
6125,廣運,38,8,30,福勝,2023-02-10,6950
1609,大亞,32,3,29,福勝,2023-02-10,6950
8050,廣積,52,24,28,福勝,2023-02-10,6950
6509,聚和,35,10,25,福勝,2023-02-10,6950
2468,華經,34,10,24,福勝,2023-02-10,6950
5258,虹堡,23,0,23,福勝,2023-02-10,6950
3162,精確,22,1,21,福勝,2023-02-10,6950
1701,中化,20,0,20,福勝,2023-02-10,6950
3481,群創,20,0,20,福勝,2023-02-10,6950
2303,聯電,52,33,19,福勝,2023-02-10,6950
2498,宏達電,25,6,19,福勝,2023-02-10,6950
3059,華晶科,19,0,19,福勝,2023-02-10,6950
00882,中信中國高股息,18,0,18,福勝,2023-02-10,6950
2344,華邦電,18,0,18,福勝,2023-02-10,6950
6770,力積電,20,2,18,福勝,2023-02-10,6950
2634,漢翔,58,41,17,福勝,2023-02-10,6950
6282,康舒,41,25,16,福勝,2023-02-10,6950
2201,裕隆,34,19,15,福勝,2023-02-10,6950
6235,華孚,29,14,15,福勝,2023-02-10,6950
6266,泰詠,19,5,14,福勝,2023-02-10,6950
4919,新唐,13,0,13,福勝,2023-02-10,6950
1309,台達化,12,0,12,福勝,2023-02-10,6950
00712,復華富時不動產,16,4,12,福勝,2023-02-10,6950
00893,國泰智能電動車,13,1,12,福勝,2023-02-10,6950
4968,立積,12,0,12,福勝,2023-02-10,6950
2492,華新科,11,0,11,福勝,2023-02-10,6950
1598,岱宇,10,0,10,福勝,2023-02-10,6950
2032,新鋼,10,0,10,福勝,2023-02-10,6950
3138,耀登,10,0,10,福勝,2023-02-10,6950
3605,宏致,10,0,10,福勝,2023-02-10,6950
4906,正文,10,0,10,福勝,2023-02-10,6950
5521,工信,10,0,10,福勝,2023-02-10,6950
6552,易華電,10,0,10,福勝,2023-02-10,6950
6684,安格,10,0,10,福勝,2023-02-10,6950
9939,宏全,10,0,10,福勝,2023-02-10,6950
2881,富邦金,10,1,9,福勝,2023-02-10,6950
2614,東森,10,1,9,福勝,2023-02-10,6950
3693,營邦,10,1,9,福勝,2023-02-10,6950
3710,連展投控,10,1,9,福勝,2023-02-10,6950
2889,國票金,10,1,9,福勝,2023-02-10,6950
00878,國泰永續高股息,113,0,113,福勝,2023-02-13,6950
2358,廷鑫,62,0,62,福勝,2023-02-13,6950
5512,力麒,58,0,58,福勝,2023-02-13,6950
1605,華新,48,7,41,福勝,2023-02-13,6950
2634,漢翔,31,2,29,福勝,2023-02-13,6950
3264,欣銓,23,0,23,福勝,2023-02-13,6950
4966,譜瑞-KY,21,0,21,福勝,2023-02-13,6950
00888,永豐台灣ESG,20,0,20,福勝,2023-02-13,6950
2405,輔信,20,1,19,福勝,2023-02-13,6950
2883,凱基金,20,1,19,福勝,2023-02-13,6950
00893,國泰智能電動車,18,0,18,福勝,2023-02-13,6950
00679B,元大美債20年,16,0,16,福勝,2023-02-13,6950
1584,精剛,16,1,15,福勝,2023-02-13,6950
2201,裕隆,15,1,14,福勝,2023-02-13,6950
3481,群創,14,0,14,福勝,2023-02-13,6950
1718,中纖,12,0,12,福勝,2023-02-13,6950
2618,長榮航,23,11,12,福勝,2023-02-13,6950
4968,立積,14,2,12,福勝,2023-02-13,6950
5347,世界,12,0,12,福勝,2023-02-13,6950
00773B,中信優先金融債,11,0,11,福勝,2023-02-13,6950
2453,凌群,16,5,11,福勝,2023-02-13,6950
2801,彰銀,11,0,11,福勝,2023-02-13,6950
2371,大同,10,0,10,福勝,2023-02-13,6950
2401,凌陽,10,0,10,福勝,2023-02-13,6950
3017,奇鋐,10,0,10,福勝,2023-02-13,6950
3047,訊舟,10,0,10,福勝,2023-02-13,6950
3128,昇銳,10,0,10,福勝,2023-02-13,6950
3234,光環,10,0,10,福勝,2023-02-13,6950
3520,華盈,10,0,10,福勝,2023-02-13,6950
3576,聯合再生,10,0,10,福勝,2023-02-13,6950
3594,磐儀,10,0,10,福勝,2023-02-13,6950
6129,普誠,10,0,10,福勝,2023-02-13,6950
6153,嘉聯益,10,0,10,福勝,2023-02-13,6950
9907,統一實,10,0,10,福勝,2023-02-13,6950
5009,榮剛,13,4,9,福勝,2023-02-13,6950
9938,百和,10,2,8,福勝,2023-02-13,6950
2884,玉山金,9,1,8,福勝,2023-02-13,6950
3037,欣興,10,3,7,福勝,2023-02-13,6950
2230,泰茂,7,0,7,福勝,2023-02-13,6950
2867,三商壽,7,0,7,福勝,2023-02-13,6950
2891,中信金,7,0,7,福勝,2023-02-13,6950
2303,聯電,25,19,6,福勝,2023-02-13,6950
2610,華航,8,2,6,福勝,2023-02-13,6950
3687,歐買尬,6,0,6,福勝,2023-02-13,6950
4979,華星光,27,21,6,福勝,2023-02-13,6950
6164,華興,6,0,6,福勝,2023-02-13,6950
6285,啟��,8,2,6,福勝,2023-02-13,6950
6770,力積電,6,0,6,福勝,2023-02-13,6950
8222,寶一,14,8,6,福勝,2023-02-13,6950
6235,華孚,9,3,6,福勝,2023-02-13,6950
00632R,元大台灣50反1,200,0,200,福勝,2023-02-14,6950
2609,陽明,173,40,133,福勝,2023-02-14,6950
4979,華星光,45,3,42,福勝,2023-02-14,6950
4533,協易機,26,0,26,福勝,2023-02-14,6950
3481,群創,49,27,22,福勝,2023-02-14,6950
6153,嘉聯益,30,10,20,福勝,2023-02-14,6950
5457,宣德,18,0,18,福勝,2023-02-14,6950
1605,華新,113,96,17,福勝,2023-02-14,6950
2323,中環,17,0,17,福勝,2023-02-14,6950
2634,漢翔,19,3,16,福勝,2023-02-14,6950
6142,友勁,16,0,16,福勝,2023-02-14,6950
3029,零壹,14,0,14,福勝,2023-02-14,6950
4114,健喬,41,27,14,福勝,2023-02-14,6950
5014,建錩,15,1,14,福勝,2023-02-14,6950
00882,中信中國高股息,12,0,12,福勝,2023-02-14,6950
6104,創惟,17,5,12,福勝,2023-02-14,6950
2022,聚亨,11,0,11,福勝,2023-02-14,6950
2607,榮運,11,0,11,福勝,2023-02-14,6950
6139,亞翔,11,0,11,福勝,2023-02-14,6950
00679B,元大美債20年,10,0,10,福勝,2023-02-14,6950
2892,第一金,10,0,10,福勝,2023-02-14,6950
1522,堤維西,10,0,10,福勝,2023-02-14,6950
00878,國泰永續高股息,41,31,10,福勝,2023-02-14,6950
2324,仁寶,10,0,10,福勝,2023-02-14,6950
6116,彩晶,10,0,10,福勝,2023-02-14,6950
6140,訊達,10,0,10,福勝,2023-02-14,6950
6226,光鼎,10,0,10,福勝,2023-02-14,6950
5905,南仁湖,10,1,9,福勝,2023-02-14,6950
2340,台亞,10,1,9,福勝,2023-02-14,6950
2486,一詮,10,1,9,福勝,2023-02-14,6950
3483,力致,9,0,9,福勝,2023-02-14,6950
4931,新盛力,16,7,9,福勝,2023-02-14,6950
6112,邁達特,12,3,9,福勝,2023-02-14,6950
6282,康舒,10,1,9,福勝,2023-02-14,6950
6411,晶焱,11,2,9,福勝,2023-02-14,6950
6605,帝寶,14,6,8,福勝,2023-02-14,6950
4545,銘鈺,8,0,8,福勝,2023-02-14,6950
5351,鈺創,9,1,8,福勝,2023-02-14,6950
8222,寶一,8,0,8,福勝,2023-02-14,6950
2885,元大金,7,0,7,福勝,2023-02-14,6950
3231,緯創,7,0,7,福勝,2023-02-14,6950
3528,安馳,9,2,7,福勝,2023-02-14,6950
5706,鳳凰,11,4,7,福勝,2023-02-14,6950
8033,雷虎,10,3,7,福勝,2023-02-14,6950
6266,泰詠,11,4,7,福勝,2023-02-14,6950
3704,合勤控,6,0,6,福勝,2023-02-14,6950
00780B,國泰A級金融債,6,0,6,福勝,2023-02-14,6950
2206,三陽工業,13,7,6,福勝,2023-02-14,6950
4104,佳醫,6,0,6,福勝,2023-02-14,6950
6237,驊訊,6,0,6,福勝,2023-02-14,6950
2486,一詮,107,2,105,福勝,2023-02-15,6950
00878,國泰永續高股息,103,0,103,福勝,2023-02-15,6950
8105,凌巨,50,0,50,福勝,2023-02-15,6950
2371,大同,30,0,30,福勝,2023-02-15,6950
2444,兆勁,29,0,29,福勝,2023-02-15,6950
6148,驊宏資,27,0,27,福勝,2023-02-15,6950
9907,統一實,23,0,23,福勝,2023-02-15,6950
5371,中光電,20,0,20,福勝,2023-02-15,6950
2609,陽明,24,5,19,福勝,2023-02-15,6950
2603,長榮,23,5,18,福勝,2023-02-15,6950
8358,金居,27,10,17,福勝,2023-02-15,6950
5347,世界,17,0,17,福勝,2023-02-15,6950
6153,嘉聯益,15,0,15,福勝,2023-02-15,6950
5410,國眾,30,16,14,福勝,2023-02-15,6950
8033,雷虎,13,0,13,福勝,2023-02-15,6950
2471,資通,19,8,11,福勝,2023-02-15,6950
2882,國泰金,12,1,11,福勝,2023-02-15,6950
3027,盛達,11,0,11,福勝,2023-02-15,6950
4545,銘鈺,11,0,11,福勝,2023-02-15,6950
2454,聯發科,12,2,10,福勝,2023-02-15,6950
1504,東元,10,0,10,福勝,2023-02-15,6950
00706L,期元大S＆P日圓正2,10,0,10,福勝,2023-02-15,6950
2498,宏達電,18,8,10,福勝,2023-02-15,6950
2637,慧洋-KY,10,0,10,福勝,2023-02-15,6950
2883,凱基金,10,0,10,福勝,2023-02-15,6950
3013,晟銘電,10,0,10,福勝,2023-02-15,6950
3591,艾笛森,10,0,10,福勝,2023-02-15,6950
5457,宣德,10,0,10,福勝,2023-02-15,6950
3059,華晶科,9,0,9,福勝,2023-02-15,6950
3624,光頡,10,1,9,福勝,2023-02-15,6950
2342,茂矽,10,2,8,福勝,2023-02-15,6950
4739,康普,8,0,8,福勝,2023-02-15,6950
00882,中信中國高股息,7,0,7,福勝,2023-02-15,6950
2017,官田鋼,8,1,7,福勝,2023-02-15,6950
2388,威盛,8,1,7,福勝,2023-02-15,6950
6191,精成科,10,3,7,福勝,2023-02-15,6950
6205,詮欣,7,0,7,福勝,2023-02-15,6950
6547,高端疫苗,7,0,7,福勝,2023-02-15,6950
6589,台康生技,7,0,7,福勝,2023-02-15,6950
2330,台積電,22,16,6,福勝,2023-02-15,6950
2002,中鋼,6,0,6,福勝,2023-02-15,6950
2337,旺宏,6,0,6,福勝,2023-02-15,6950
2419,仲琦,6,0,6,福勝,2023-02-15,6950
2453,凌群,11,5,6,福勝,2023-02-15,6950
2481,強茂,16,10,6,福勝,2023-02-15,6950
2885,元大金,6,0,6,福勝,2023-02-15,6950
3221,台嘉碩,8,2,6,福勝,2023-02-15,6950
5258,虹堡,6,0,6,福勝,2023-02-15,6950
6279,胡連,6,0,6,福勝,2023-02-15,6950
6806,森崴能源,6,0,6,福勝,2023-02-15,6950
00878,國泰永續高股息,94,15,79,福勝,2023-02-16,6950
2607,榮運,52,1,51,福勝,2023-02-16,6950
2486,一詮,49,0,49,福勝,2023-02-16,6950
2897,王道銀行,40,0,40,福勝,2023-02-16,6950
5315,光聯,40,0,40,福勝,2023-02-16,6950
2444,兆勁,30,0,30,福勝,2023-02-16,6950
5392,能率,26,0,26,福勝,2023-02-16,6950
3013,晟銘電,50,26,24,福勝,2023-02-16,6950
8050,廣積,24,1,23,福勝,2023-02-16,6950
0056,元大高股息,22,0,22,福勝,2023-02-16,6950
2208,台船,25,3,22,福勝,2023-02-16,6950
1337,再生-KY,21,0,21,福勝,2023-02-16,6950
6603,富強鑫,20,0,20,福勝,2023-02-16,6950
1513,中興電,24,5,19,福勝,2023-02-16,6950
1609,大亞,39,21,18,福勝,2023-02-16,6950
4114,健喬,29,13,16,福勝,2023-02-16,6950
1718,中纖,15,0,15,福勝,2023-02-16,6950
2867,三商壽,14,0,14,福勝,2023-02-16,6950
00679B,元大美債20年,13,0,13,福勝,2023-02-16,6950
2457,飛宏,17,4,13,福勝,2023-02-16,6950
3037,欣興,22,9,13,福勝,2023-02-16,6950
6589,台康生技,13,0,13,福勝,2023-02-16,6950
2027,大成鋼,14,3,11,福勝,2023-02-16,6950
2369,菱生,11,0,11,福勝,2023-02-16,6950
1342,八貫,10,0,10,福勝,2023-02-16,6950
2405,輔信,10,0,10,福勝,2023-02-16,6950
2431,聯昌,10,0,10,福勝,2023-02-16,6950
2606,裕民,10,0,10,福勝,2023-02-16,6950
2702,華園,11,1,10,福勝,2023-02-16,6950
3252,海灣,10,0,10,福勝,2023-02-16,6950
3380,明泰,10,0,10,福勝,2023-02-16,6950
00893,國泰智能電動車,12,3,9,福勝,2023-02-16,6950
5351,鈺創,11,2,9,福勝,2023-02-16,6950
00772B,中信高評級公司債,8,0,8,福勝,2023-02-16,6950
3045,台灣大,8,0,8,福勝,2023-02-16,6950
6669,緯穎,8,0,8,福勝,2023-02-16,6950
5880,合庫金,7,0,7,福勝,2023-02-16,6950
2736,富野,16,9,7,福勝,2023-02-16,6950
4564,元翎,7,0,7,福勝,2023-02-16,6950
6235,華孚,8,1,7,福勝,2023-02-16,6950
2834,臺企銀,6,0,6,福勝,2023-02-16,6950
3094,聯傑,6,0,6,福勝,2023-02-16,6950
4173,久裕,6,0,6,福勝,2023-02-16,6950
4966,譜瑞-KY,6,0,6,福勝,2023-02-16,6950
5347,世界,6,0,6,福勝,2023-02-16,6950
6104,創惟,12,6,6,福勝,2023-02-16,6950
6191,精成科,6,0,6,福勝,2023-02-16,6950
6477,安集,7,1,6,福勝,2023-02-16,6950
6770,力積電,6,0,6,福勝,2023-02-16,6950
1309,台達化,5,0,5,福勝,2023-02-16,6950
3481,群創,186,86,100,福勝,2023-02-17,6950
00878,國泰永續高股息,80,0,80,福勝,2023-02-17,6950
8016,矽創,60,1,59,福勝,2023-02-17,6950
4961,天鈺,51,5,46,福勝,2023-02-17,6950
3710,連展投控,35,0,35,福勝,2023-02-17,6950
2705,六福,33,0,33,福勝,2023-02-17,6950
4979,華星光,38,5,33,福勝,2023-02-17,6950
1513,中興電,56,24,32,福勝,2023-02-17,6950
0056,元大高股息,30,2,28,福勝,2023-02-17,6950
2330,台積電,18,3,15,福勝,2023-02-17,6950
2002,中鋼,16,1,15,福勝,2023-02-17,6950
2618,長榮航,26,11,15,福勝,2023-02-17,6950
2034,允強,15,1,14,福勝,2023-02-17,6950
2344,華邦電,19,5,14,福勝,2023-02-17,6950
6237,驊訊,15,1,14,福勝,2023-02-17,6950
1218,泰山,12,0,12,福勝,2023-02-17,6950
00893,國泰智能電動車,27,15,12,福勝,2023-02-17,6950
2929,淘帝-KY,12,0,12,福勝,2023-02-17,6950
8358,金居,12,0,12,福勝,2023-02-17,6950
2412,中華電,11,0,11,福勝,2023-02-17,6950
4721,美琪瑪,12,1,11,福勝,2023-02-17,6950
6271,同欣電,11,0,11,福勝,2023-02-17,6950
00888,永豐台灣ESG,10,0,10,福勝,2023-02-17,6950
00680L,元大美債20正2,10,0,10,福勝,2023-02-17,6950
2030,彰源,10,0,10,福勝,2023-02-17,6950
2208,台船,10,0,10,福勝,2023-02-17,6950
2504,國產,10,0,10,福勝,2023-02-17,6950
2637,慧洋-KY,11,1,10,福勝,2023-02-17,6950
2885,元大金,10,0,10,福勝,2023-02-17,6950
3078,僑威,10,0,10,福勝,2023-02-17,6950
4533,協易機,10,0,10,福勝,2023-02-17,6950
5464,霖宏,10,0,10,福勝,2023-02-17,6950
6156,松上,10,0,10,福勝,2023-02-17,6950
8222,寶一,13,3,10,福勝,2023-02-17,6950
2375,凱美,15,6,9,福勝,2023-02-17,6950
2436,偉詮電,9,0,9,福勝,2023-02-17,6950
2610,華航,82,73,9,福勝,2023-02-17,6950
00679B,元大美債20年,10,2,8,福勝,2023-02-17,6950
00895,富邦未來車,8,0,8,福勝,2023-02-17,6950
5315,光聯,10,2,8,福勝,2023-02-17,6950
6116,彩晶,16,8,8,福勝,2023-02-17,6950
6257,矽格,8,0,8,福勝,2023-02-17,6950
4545,銘鈺,7,0,7,福勝,2023-02-17,6950
6202,盛群,7,0,7,福勝,2023-02-17,6950
0050,元大台灣50,6,0,6,福勝,2023-02-17,6950
4919,新唐,7,1,6,福勝,2023-02-17,6950
1515,力山,6,0,6,福勝,2023-02-17,6950
00772B,中信高評級公司債,6,0,6,福勝,2023-02-17,6950
2312,金寶,6,0,6,福勝,2023-02-17,6950
5608,四維航,6,0,6,福勝,2023-02-17,6950
0056,元大高股息,82,2,80,福勝,2023-02-20,6950
2497,怡利電,41,0,41,福勝,2023-02-20,6950
1605,華新,82,51,31,福勝,2023-02-20,6950
8358,金居,31,0,31,福勝,2023-02-20,6950
1709,和益,28,2,26,福勝,2023-02-20,6950
6116,彩晶,33,10,23,福勝,2023-02-20,6950
2897,王道銀行,54,33,21,福勝,2023-02-20,6950
3128,昇銳,20,1,19,福勝,2023-02-20,6950
8183,精星,21,2,19,福勝,2023-02-20,6950
2312,金寶,17,1,16,福勝,2023-02-20,6950
2706,第一店,16,0,16,福勝,2023-02-20,6950
2323,中環,16,1,15,福勝,2023-02-20,6950
2530,華建,15,0,15,福勝,2023-02-20,6950
1314,中石化,22,8,14,福勝,2023-02-20,6950
6508,惠光,14,0,14,福勝,2023-02-20,6950
2314,台揚,14,1,13,福勝,2023-02-20,6950
3594,磐儀,14,1,13,福勝,2023-02-20,6950
2344,華邦電,34,21,13,福勝,2023-02-20,6950
00893,國泰智能電動車,12,0,12,福勝,2023-02-20,6950
00720B,元大投資級公司債,11,0,11,福勝,2023-02-20,6950
2892,第一金,11,0,11,福勝,2023-02-20,6950
5706,鳳凰,12,1,11,福勝,2023-02-20,6950
00679B,元大美債20年,10,0,10,福勝,2023-02-20,6950
00642U,期元大S＆P石油,10,0,10,福勝,2023-02-20,6950
00902,中信電池及儲能,10,0,10,福勝,2023-02-20,6950
1459,聯發,10,0,10,福勝,2023-02-20,6950
1447,力鵬,10,0,10,福勝,2023-02-20,6950
1539,巨庭,10,0,10,福勝,2023-02-20,6950
2380,虹光,10,0,10,福勝,2023-02-20,6950
2641,正德,11,1,10,福勝,2023-02-20,6950
3022,威強電,12,2,10,福勝,2023-02-20,6950
3092,鴻碩,10,0,10,福勝,2023-02-20,6950
3265,台星科,10,0,10,福勝,2023-02-20,6950
3290,東浦,10,0,10,福勝,2023-02-20,6950
3714,富采,10,0,10,福勝,2023-02-20,6950
6024,群益期,10,0,10,福勝,2023-02-20,6950
6261,久元,10,0,10,福勝,2023-02-20,6950
2368,金像電,11,2,9,福勝,2023-02-20,6950
2369,菱生,10,2,8,福勝,2023-02-20,6950
3025,星通,12,4,8,福勝,2023-02-20,6950
3479,安勤,12,4,8,福勝,2023-02-20,6950
3704,合勤控,16,8,8,福勝,2023-02-20,6950
1524,耿鼎,10,3,7,福勝,2023-02-20,6950
2002,中鋼,12,5,7,福勝,2023-02-20,6950
3058,立德,8,1,7,福勝,2023-02-20,6950
4142,國光生,7,0,7,福勝,2023-02-20,6950
1526,日馳,6,0,6,福勝,2023-02-20,6950
2017,官田鋼,6,0,6,福勝,2023-02-20,6950
2243,宏旭-KY,6,0,6,福勝,2023-02-20,6950
2509,全坤建,6,0,6,福勝,2023-02-20,6950
2884,玉山金,166,30,136,福勝,2023-02-21,6950
6266,泰詠,113,0,113,福勝,2023-02-21,6950
2867,三商壽,109,0,109,福勝,2023-02-21,6950
5315,光聯,100,0,100,福勝,2023-02-21,6950
2603,長榮,100,22,78,福勝,2023-02-21,6950
2882,國泰金,73,3,70,福勝,2023-02-21,6950
5512,力麒,70,0,70,福勝,2023-02-21,6950
8097,常珵,53,1,52,福勝,2023-02-21,6950
1402,遠東新,50,0,50,福勝,2023-02-21,6950
4130,健亞,50,0,50,福勝,2023-02-21,6950
6517,保勝光學,50,4,46,福勝,2023-02-21,6950
2610,華航,53,8,45,福勝,2023-02-21,6950
3128,昇銳,51,7,44,福勝,2023-02-21,6950
1609,大亞,50,6,44,福勝,2023-02-21,6950
2208,台船,33,0,33,福勝,2023-02-21,6950
3520,華盈,32,0,32,福勝,2023-02-21,6950
8150,南茂,30,0,30,福勝,2023-02-21,6950
00878,國泰永續高股息,43,14,29,福勝,2023-02-21,6950
3049,精金,27,0,27,福勝,2023-02-21,6950
8936,國統,27,4,23,福勝,2023-02-21,6950
5009,榮剛,31,9,22,福勝,2023-02-21,6950
3594,磐儀,33,11,22,福勝,2023-02-21,6950
3162,精確,21,0,21,福勝,2023-02-21,6950
2601,益航,20,0,20,福勝,2023-02-21,6950
4915,致伸,20,1,19,福勝,2023-02-21,6950
00725B,國泰投資級公司債,18,0,18,福勝,2023-02-21,6950
6129,普誠,18,0,18,福勝,2023-02-21,6950
2498,宏達電,45,28,17,福勝,2023-02-21,6950
2892,第一金,16,0,16,福勝,2023-02-21,6950
00712,復華富時不動產,16,0,16,福勝,2023-02-21,6950
6443,元晶,28,12,16,福勝,2023-02-21,6950
2392,正崴,13,0,13,福勝,2023-02-21,6950
5309,系統電,13,0,13,福勝,2023-02-21,6950
8358,金居,15,2,13,福勝,2023-02-21,6950
2615,萬海,19,7,12,福勝,2023-02-21,6950
1503,士電,23,11,12,福勝,2023-02-21,6950
6104,創惟,14,2,12,福勝,2023-02-21,6950
8401,白紗科,13,1,12,福勝,2023-02-21,6950
00885,富邦越南,10,0,10,福勝,2023-02-21,6950
1718,中纖,10,0,10,福勝,2023-02-21,6950
2316,楠梓電,10,0,10,福勝,2023-02-21,6950
2352,佳世達,10,0,10,福勝,2023-02-21,6950
2380,虹光,10,0,10,福勝,2023-02-21,6950
2633,台灣高鐵,10,0,10,福勝,2023-02-21,6950
3046,建��,10,0,10,福勝,2023-02-21,6950
3265,台星科,10,0,10,福勝,2023-02-21,6950
3322,建舜電,14,4,10,福勝,2023-02-21,6950
4121,優盛,10,0,10,福勝,2023-02-21,6950
4533,協易機,10,0,10,福勝,2023-02-21,6950
6140,訊達,10,0,10,福勝,2023-02-21,6950
6266,泰詠,107,0,107,福勝,2023-02-22,6950
4979,華星光,103,0,103,福勝,2023-02-22,6950
6116,彩晶,72,0,72,福勝,2023-02-22,6950
00878,國泰永續高股息,75,4,71,福勝,2023-02-22,6950
2486,一詮,60,0,60,福勝,2023-02-22,6950
1609,大亞,52,2,50,福勝,2023-02-22,6950
2303,聯電,46,1,45,福勝,2023-02-22,6950
0056,元大高股息,40,0,40,福勝,2023-02-22,6950
2705,六福,44,9,35,福勝,2023-02-22,6950
2618,長榮航,34,1,33,福勝,2023-02-22,6950
00893,國泰智能電動車,31,0,31,福勝,2023-02-22,6950
3037,欣興,34,3,31,福勝,2023-02-22,6950
3664,安瑞-KY,30,0,30,福勝,2023-02-22,6950
1605,華新,35,7,28,福勝,2023-02-22,6950
2489,瑞軒,27,0,27,福勝,2023-02-22,6950
2701,萬企,27,0,27,福勝,2023-02-22,6950
5512,力麒,34,12,22,福勝,2023-02-22,6950
3594,磐儀,50,29,21,福勝,2023-02-22,6950
2706,第一店,20,0,20,福勝,2023-02-22,6950
1514,亞力,25,9,16,福勝,2023-02-22,6950
00892,富邦台灣半導體,15,0,15,福勝,2023-02-22,6950
8222,寶一,22,7,15,福勝,2023-02-22,6950
1513,中興電,25,11,14,福勝,2023-02-22,6950
3252,海灣,14,0,14,福勝,2023-02-22,6950
8358,金居,14,0,14,福勝,2023-02-22,6950
3189,景碩,14,1,13,福勝,2023-02-22,6950
6541,泰福-KY,13,0,13,福勝,2023-02-22,6950
3481,群創,111,98,13,福勝,2023-02-22,6950
00720B,元大投資級公司債,12,0,12,福勝,2023-02-22,6950
8150,南茂,13,1,12,福勝,2023-02-22,6950
3035,智原,18,6,12,福勝,2023-02-22,6950
2354,鴻準,11,0,11,福勝,2023-02-22,6950
3290,東浦,11,0,11,福勝,2023-02-22,6950
3362,先進光,11,0,11,福勝,2023-02-22,6950
6118,建達,11,0,11,福勝,2023-02-22,6950
6138,茂達,11,0,11,福勝,2023-02-22,6950
8016,矽創,11,0,11,福勝,2023-02-22,6950
00632R,元大台灣50反1,10,0,10,福勝,2023-02-22,6950
00881,國泰台灣5G+,10,0,10,福勝,2023-02-22,6950
00715L,期街口布蘭特正2,10,0,10,福勝,2023-02-22,6950
1612,宏泰,10,0,10,福勝,2023-02-22,6950
2201,裕隆,17,7,10,福勝,2023-02-22,6950
2331,精英,10,0,10,福勝,2023-02-22,6950
2485,兆赫,10,0,10,福勝,2023-02-22,6950
2641,正德,10,0,10,福勝,2023-02-22,6950
2889,國票金,10,0,10,福勝,2023-02-22,6950
3324,雙鴻,12,2,10,福勝,2023-02-22,6950
3531,先益,10,0,10,福勝,2023-02-22,6950
6548,長科*,10,0,10,福勝,2023-02-22,6950
2712,遠雄來,9,0,9,福勝,2023-02-22,6950
00632R,元大台灣50反1,100,0,100,福勝,2023-02-23,6950
1314,中石化,82,3,79,福勝,2023-02-23,6950
2409,友達,76,1,75,福勝,2023-02-23,6950
00885,富邦越南,66,0,66,福勝,2023-02-23,6950
8016,矽創,67,1,66,福勝,2023-02-23,6950
3481,群創,130,79,51,福勝,2023-02-23,6950
3005,神基,50,0,50,福勝,2023-02-23,6950
2610,華航,47,3,44,福勝,2023-02-23,6950
00878,國泰永續高股息,53,11,42,福勝,2023-02-23,6950
2399,映泰,38,3,35,福勝,2023-02-23,6950
8936,國統,36,1,35,福勝,2023-02-23,6950
8131,福懋科,33,0,33,福勝,2023-02-23,6950
3706,神達,30,0,30,福勝,2023-02-23,6950
6120,達運,30,0,30,福勝,2023-02-23,6950
2332,友訊,28,0,28,福勝,2023-02-23,6950
2352,佳世達,22,0,22,福勝,2023-02-23,6950
6282,康舒,28,7,21,福勝,2023-02-23,6950
00633L,富邦上証正2,20,0,20,福勝,2023-02-23,6950
3138,耀登,21,1,20,福勝,2023-02-23,6950
4974,亞泰,20,0,20,福勝,2023-02-23,6950
4967,十銓,20,2,18,福勝,2023-02-23,6950
2208,台船,25,8,17,福勝,2023-02-23,6950
4951,精拓科,17,0,17,福勝,2023-02-23,6950
4979,華星光,33,16,17,福勝,2023-02-23,6950
00882,中信中國高股息,15,0,15,福勝,2023-02-23,6950
5521,工信,20,5,15,福勝,2023-02-23,6950
2017,官田鋼,14,1,13,福勝,2023-02-23,6950
2702,華園,14,1,13,福勝,2023-02-23,6950
6733,博晟生醫,13,0,13,福勝,2023-02-23,6950
2612,中航,12,0,12,福勝,2023-02-23,6950
2492,華新科,13,2,11,福勝,2023-02-23,6950
5905,南仁湖,12,1,11,福勝,2023-02-23,6950
6116,彩晶,21,10,11,福勝,2023-02-23,6950
8227,巨有科技,11,0,11,福勝,2023-02-23,6950
1451,年興,10,0,10,福勝,2023-02-23,6950
00712,復華富時不動產,10,0,10,福勝,2023-02-23,6950
00772B,中信高評級公司債,10,0,10,福勝,2023-02-23,6950
2390,云辰,10,0,10,福勝,2023-02-23,6950
2426,鼎元,10,0,10,福勝,2023-02-23,6950
3268,海德威,10,0,10,福勝,2023-02-23,6950
4173,久裕,10,0,10,福勝,2023-02-23,6950
1708,東鹼,9,0,9,福勝,2023-02-23,6950
2498,宏達電,20,11,9,福勝,2023-02-23,6950
3037,欣興,18,9,9,福勝,2023-02-23,6950
6202,盛群,10,1,9,福勝,2023-02-23,6950
1605,華新,10,2,8,福勝,2023-02-23,6950
1609,大亞,8,0,8,福勝,2023-02-23,6950
2748,雲品,25,17,8,福勝,2023-02-23,6950
2327,國巨,7,0,7,福勝,2023-02-23,6950
2530,華建,7,0,7,福勝,2023-02-23,6950
00632R,元大台灣50反1,100,0,100,福勝,2023-02-24,6950
2867,三商壽,100,0,100,福勝,2023-02-24,6950
00878,國泰永續高股息,59,1,58,福勝,2023-02-24,6950
6142,友勁,50,0,50,福勝,2023-02-24,6950
2641,正德,55,6,49,福勝,2023-02-24,6950
8105,凌巨,44,0,44,福勝,2023-02-24,6950
4977,眾達-KY,41,1,40,福勝,2023-02-24,6950
1314,中石化,41,2,39,福勝,2023-02-24,6950
6155,鈞寶,35,0,35,福勝,2023-02-24,6950
6116,彩晶,30,2,28,福勝,2023-02-24,6950
1605,華新,46,23,23,福勝,2023-02-24,6950
1709,和益,25,3,22,福勝,2023-02-24,6950
3037,欣興,42,20,22,福勝,2023-02-24,6950
2317,鴻海,28,6,22,福勝,2023-02-24,6950
00885,富邦越南,21,0,21,福勝,2023-02-24,6950
1108,幸福,21,0,21,福勝,2023-02-24,6950
2618,長榮航,26,5,21,福勝,2023-02-24,6950
8155,博智,22,1,21,福勝,2023-02-24,6950
2610,華航,34,14,20,福勝,2023-02-24,6950
2425,承啟,18,1,17,福勝,2023-02-24,6950
5009,榮剛,18,1,17,福勝,2023-02-24,6950
6266,泰詠,16,0,16,福勝,2023-02-24,6950
4979,華星光,15,1,14,福勝,2023-02-24,6950
1584,精剛,15,2,13,福勝,2023-02-24,6950
8033,雷虎,17,4,13,福勝,2023-02-24,6950
2353,宏��,13,1,12,福勝,2023-02-24,6950
4968,立積,12,0,12,福勝,2023-02-24,6950
6282,康舒,18,7,11,福勝,2023-02-24,6950
1609,大亞,11,0,11,福勝,2023-02-24,6950
3081,聯亞,13,2,11,福勝,2023-02-24,6950
3207,耀勝,11,0,11,福勝,2023-02-24,6950
6288,聯嘉,11,0,11,福勝,2023-02-24,6950
1217,愛之味,10,0,10,福勝,2023-02-24,6950
00891,中信關鍵半導體,10,0,10,福勝,2023-02-24,6950
2482,連宇,11,1,10,福勝,2023-02-24,6950
2887,台新金,10,0,10,福勝,2023-02-24,6950
3006,晶豪科,16,6,10,福勝,2023-02-24,6950
8111,立��,11,1,10,福勝,2023-02-24,6950
8938,明安,11,1,10,福勝,2023-02-24,6950
3014,聯陽,12,3,9,福勝,2023-02-24,6950
0056,元大高股息,14,5,9,福勝,2023-02-24,6950
2014,中鴻,17,8,9,福勝,2023-02-24,6950
3324,雙鴻,10,1,9,福勝,2023-02-24,6950
4545,銘鈺,9,0,9,福勝,2023-02-24,6950
5309,系統電,9,0,9,福勝,2023-02-24,6950
5464,霖宏,14,5,9,福勝,2023-02-24,6950
5521,工信,9,0,9,福勝,2023-02-24,6950
8046,南電,8,0,8,福勝,2023-02-24,6950
2354,鴻準,10,2,8,福勝,2023-02-24,6950
2897,王道銀行,11,3,8,福勝,2023-02-24,6950
3481,群創,310,9,301,福勝,2023-03-01,6950
2603,長榮,173,0,173,福勝,2023-03-01,6950
4164,承業醫,70,2,68,福勝,2023-03-01,6950
1210,大成,67,0,67,福勝,2023-03-01,6950
2601,益航,80,15,65,福勝,2023-03-01,6950
8016,矽創,59,1,58,福勝,2023-03-01,6950
00633L,富邦上証正2,50,0,50,福勝,2023-03-01,6950
2504,國產,50,0,50,福勝,2023-03-01,6950
00882,中信中國高股息,58,10,48,福勝,2023-03-01,6950
2605,新興,50,6,44,福勝,2023-03-01,6950
5009,榮剛,51,11,40,福勝,2023-03-01,6950
5203,訊連,40,0,40,福勝,2023-03-01,6950
00878,國泰永續高股息,37,0,37,福勝,2023-03-01,6950
1215,卜蜂,36,1,35,福勝,2023-03-01,6950
1101,台泥,38,7,31,福勝,2023-03-01,6950
6116,彩晶,50,20,30,福勝,2023-03-01,6950
1220,台榮,33,5,28,福勝,2023-03-01,6950
2634,漢翔,33,5,28,福勝,2023-03-01,6950
2618,長榮航,27,2,25,福勝,2023-03-01,6950
3013,晟銘電,25,1,24,福勝,2023-03-01,6950
0056,元大高股息,27,6,21,福勝,2023-03-01,6950
6770,力積電,25,4,21,福勝,2023-03-01,6950
1108,幸福,20,0,20,福勝,2023-03-01,6950
00632R,元大台灣50反1,20,0,20,福勝,2023-03-01,6950
00712,復華富時不動產,20,0,20,福勝,2023-03-01,6950
2017,官田鋼,20,0,20,福勝,2023-03-01,6950
2032,新鋼,20,0,20,福勝,2023-03-01,6950
2344,華邦電,22,2,20,福勝,2023-03-01,6950
6125,廣運,20,0,20,福勝,2023-03-01,6950
6146,耕興,20,0,20,福勝,2023-03-01,6950
00772B,中信高評級公司債,17,0,17,福勝,2023-03-01,6950
2308,台達電,15,0,15,福勝,2023-03-01,6950
01003T,兆豐新光R1,15,0,15,福勝,2023-03-01,6950
1609,大亞,15,0,15,福勝,2023-03-01,6950
2882,國泰金,14,0,14,福勝,2023-03-01,6950
3576,聯合再生,15,1,14,福勝,2023-03-01,6950
4968,立積,16,2,14,福勝,2023-03-01,6950
00679B,元大美債20年,13,0,13,福勝,2023-03-01,6950
2892,第一金,18,5,13,福勝,2023-03-01,6950
3059,華晶科,13,0,13,福勝,2023-03-01,6950
2609,陽明,18,6,12,福勝,2023-03-01,6950
00902,中信電池及儲能,11,0,11,福勝,2023-03-01,6950
1905,華紙,11,0,11,福勝,2023-03-01,6950
2611,志信,11,0,11,福勝,2023-03-01,6950
2885,元大金,11,0,11,福勝,2023-03-01,6950
3014,聯陽,16,5,11,福勝,2023-03-01,6950
6547,高端疫苗,11,0,11,福勝,2023-03-01,6950
1451,年興,10,0,10,福勝,2023-03-01,6950
1612,宏泰,10,0,10,福勝,2023-03-01,6950
2030,彰源,10,0,10,福勝,2023-03-01,6950
2498,宏達電,119,8,111,福勝,2023-03-02,6950
00878,國泰永續高股息,64,1,63,福勝,2023-03-02,6950
00712,復華富時不動產,61,0,61,福勝,2023-03-02,6950
2228,劍麟,45,0,45,福勝,2023-03-02,6950
00772B,中信高評級公司債,41,0,41,福勝,2023-03-02,6950
8112,至上,34,1,33,福勝,2023-03-02,6950
5512,力麒,36,4,32,福勝,2023-03-02,6950
6443,元晶,29,1,28,福勝,2023-03-02,6950
3714,富采,23,0,23,福勝,2023-03-02,6950
1513,中興電,39,17,22,福勝,2023-03-02,6950
2408,南亞科,22,0,22,福勝,2023-03-02,6950
2312,金寶,21,0,21,福勝,2023-03-02,6950
2618,長榮航,20,0,20,福勝,2023-03-02,6950
3059,華晶科,21,1,20,福勝,2023-03-02,6950
3265,台星科,20,0,20,福勝,2023-03-02,6950
2897,王道銀行,39,20,19,福勝,2023-03-02,6950
2884,玉山金,18,0,18,福勝,2023-03-02,6950
2834,臺企銀,28,10,18,福勝,2023-03-02,6950
3481,群創,26,8,18,福勝,2023-03-02,6950
4155,訊映,17,0,17,福勝,2023-03-02,6950
6282,康舒,17,0,17,福勝,2023-03-02,6950
2482,連宇,15,2,13,福勝,2023-03-02,6950
2883,凱基金,13,0,13,福勝,2023-03-02,6950
5608,四維航,34,22,12,福勝,2023-03-02,6950
6155,鈞寶,15,3,12,福勝,2023-03-02,6950
8936,國統,17,5,12,福勝,2023-03-02,6950
00885,富邦越南,11,0,11,福勝,2023-03-02,6950
00720B,元大投資級公司債,11,0,11,福勝,2023-03-02,6950
2014,中鴻,17,6,11,福勝,2023-03-02,6950
2201,裕隆,11,0,11,福勝,2023-03-02,6950
2313,華通,12,1,11,福勝,2023-03-02,6950
2409,友達,12,1,11,福勝,2023-03-02,6950
2484,希華,13,2,11,福勝,2023-03-02,6950
1515,力山,10,0,10,福勝,2023-03-02,6950
1342,八貫,10,0,10,福勝,2023-03-02,6950
1457,宜進,10,0,10,福勝,2023-03-02,6950
2022,聚亨,10,0,10,福勝,2023-03-02,6950
2349,錸德,10,0,10,福勝,2023-03-02,6950
2481,強茂,10,0,10,福勝,2023-03-02,6950
2605,新興,33,23,10,福勝,2023-03-02,6950
3010,華立,10,0,10,福勝,2023-03-02,6950
3317,尼克森,10,0,10,福勝,2023-03-02,6950
4979,華星光,13,4,9,福勝,2023-03-02,6950
5309,系統電,9,0,9,福勝,2023-03-02,6950
00679B,元大美債20年,11,3,8,福勝,2023-03-02,6950
2337,旺宏,7,0,7,福勝,2023-03-02,6950
3546,宇峻,7,0,7,福勝,2023-03-02,6950
8033,雷虎,7,0,7,福勝,2023-03-02,6950
8049,晶采,7,0,7,福勝,2023-03-02,6950
2886,兆豐金,6,0,6,福勝,2023-03-02,6950
00632R,元大台灣50反1,100,0,100,福勝,2023-03-03,6950
2867,三商壽,100,0,100,福勝,2023-03-03,6950
2834,臺企銀,62,2,60,福勝,2023-03-03,6950
00882,中信中國高股息,58,0,58,福勝,2023-03-03,6950
6712,長聖,41,0,41,福勝,2023-03-03,6950
2380,虹光,40,0,40,福勝,2023-03-03,6950
2324,仁寶,34,0,34,福勝,2023-03-03,6950
2801,彰銀,30,1,29,福勝,2023-03-03,6950
00885,富邦越南,25,0,25,福勝,2023-03-03,6950
2419,仲琦,24,0,24,福勝,2023-03-03,6950
6118,建達,23,0,23,福勝,2023-03-03,6950
4743,合一,23,1,22,福勝,2023-03-03,6950
6770,力積電,26,4,22,福勝,2023-03-03,6950
8110,華東,20,0,20,福勝,2023-03-03,6950
4533,協易機,20,1,19,福勝,2023-03-03,6950
1742,台蠟,18,0,18,福勝,2023-03-03,6950
2618,長榮航,21,3,18,福勝,2023-03-03,6950
2722,夏都,24,7,17,福勝,2023-03-03,6950
3706,神達,15,0,15,福勝,2023-03-03,6950
5410,國眾,20,6,14,福勝,2023-03-03,6950
00878,國泰永續高股息,17,4,13,福勝,2023-03-03,6950
1409,新纖,13,0,13,福勝,2023-03-03,6950
5608,四維航,24,11,13,福勝,2023-03-03,6950
2609,陽明,55,43,12,福勝,2023-03-03,6950
4908,前鼎,11,0,11,福勝,2023-03-03,6950
6160,欣技,11,0,11,福勝,2023-03-03,6950
8112,至上,13,2,11,福勝,2023-03-03,6950
1907,永豐餘,10,0,10,福勝,2023-03-03,6950
2312,金寶,10,0,10,福勝,2023-03-03,6950
3024,憶聲,10,0,10,福勝,2023-03-03,6950
3036,文曄,10,0,10,福勝,2023-03-03,6950
3322,建舜電,10,0,10,福勝,2023-03-03,6950
3479,安勤,10,0,10,福勝,2023-03-03,6950
3652,精聯,10,0,10,福勝,2023-03-03,6950
6140,訊達,10,0,10,福勝,2023-03-03,6950
6179,亞通,10,0,10,福勝,2023-03-03,6950
1101,台泥,10,0,10,福勝,2023-03-03,6950
3016,嘉晶,9,0,9,福勝,2023-03-03,6950
8222,寶一,9,0,9,福勝,2023-03-03,6950
2886,兆豐金,9,0,9,福勝,2023-03-03,6950
1609,大亞,9,1,8,福勝,2023-03-03,6950
3027,盛達,17,9,8,福勝,2023-03-03,6950
3511,矽瑪,10,2,8,福勝,2023-03-03,6950
4155,訊映,8,0,8,福勝,2023-03-03,6950
5309,系統電,8,0,8,福勝,2023-03-03,6950
2891,中信金,7,0,7,福勝,2023-03-03,6950
4938,和碩,7,0,7,福勝,2023-03-03,6950
5344,立衛,7,0,7,福勝,2023-03-03,6950
2498,宏達電,19,13,6,福勝,2023-03-03,6950
2388,威盛,15,9,6,福勝,2023-03-03,6950
00632R,元大台灣50反1,110,0,110,福勝,2023-03-06,6950
3062,建漢,105,0,105,福勝,2023-03-06,6950
00878,國泰永續高股息,73,13,60,福勝,2023-03-06,6950
6290,良維,53,0,53,福勝,2023-03-06,6950
5203,訊連,42,0,42,福勝,2023-03-06,6950
6411,晶焱,38,5,33,福勝,2023-03-06,6950
00633L,富邦上証正2,30,0,30,福勝,2023-03-06,6950
2888,新光金,30,0,30,福勝,2023-03-06,6950
00888,永豐台灣ESG,21,0,21,福勝,2023-03-06,6950
6147,頎邦,22,1,21,福勝,2023-03-06,6950
2312,金寶,20,0,20,福勝,2023-03-06,6950
4746,台耀,20,0,20,福勝,2023-03-06,6950
5498,凱崴,20,0,20,福勝,2023-03-06,6950
8064,東捷,20,0,20,福勝,2023-03-06,6950
5469,瀚宇博,20,0,20,福勝,2023-03-06,6950
5315,光聯,20,1,19,福勝,2023-03-06,6950
5258,虹堡,26,9,17,福勝,2023-03-06,6950
2344,華邦電,43,27,16,福勝,2023-03-06,6950
4915,致伸,17,2,15,福勝,2023-03-06,6950
1540,喬福,14,0,14,福勝,2023-03-06,6950
4953,緯軟,14,0,14,福勝,2023-03-06,6950
3163,波若威,13,0,13,福勝,2023-03-06,6950
6443,元晶,25,12,13,福勝,2023-03-06,6950
6182,合晶,35,23,12,福勝,2023-03-06,6950
3706,神達,12,0,12,福勝,2023-03-06,6950
1437,勤益控,11,0,11,福勝,2023-03-06,6950
3027,盛達,11,0,11,福勝,2023-03-06,6950
3441,聯一光,15,4,11,福勝,2023-03-06,6950
6142,友勁,11,0,11,福勝,2023-03-06,6950
2615,萬海,15,5,10,福勝,2023-03-06,6950
1524,耿鼎,10,0,10,福勝,2023-03-06,6950
1337,再生-KY,10,0,10,福勝,2023-03-06,6950
2402,毅嘉,11,1,10,福勝,2023-03-06,6950
2506,太設,10,0,10,福勝,2023-03-06,6950
2852,第一保,10,0,10,福勝,2023-03-06,6950
3356,奇偶,15,5,10,福勝,2023-03-06,6950
3372,典範,10,0,10,福勝,2023-03-06,6950
4533,協易機,10,0,10,福勝,2023-03-06,6950
4958,臻鼎-KY,10,0,10,福勝,2023-03-06,6950
8110,華東,10,0,10,福勝,2023-03-06,6950
2388,威盛,14,5,9,福勝,2023-03-06,6950
3652,精聯,11,2,9,福勝,2023-03-06,6950
4930,燦星網,9,0,9,福勝,2023-03-06,6950
6668,中揚光,10,1,9,福勝,2023-03-06,6950
1783,和康生,8,0,8,福勝,2023-03-06,6950
1785,光洋科,8,0,8,福勝,2023-03-06,6950
2891,中信金,8,0,8,福勝,2023-03-06,6950
3504,揚明光,12,4,8,福勝,2023-03-06,6950
8928,鉅明,8,0,8,福勝,2023-03-06,6950
00712,復華富時不動產,7,0,7,福勝,2023-03-06,6950
3481,群創,89,12,77,福勝,2023-03-07,6950
1519,華城,42,4,38,福勝,2023-03-07,6950
0056,元大高股息,51,15,36,福勝,2023-03-07,6950
3029,零壹,54,20,34,福勝,2023-03-07,6950
2380,虹光,32,1,31,福勝,2023-03-07,6950
00673R,期元大S＆P原油反1,30,0,30,福勝,2023-03-07,6950
2444,兆勁,25,0,25,福勝,2023-03-07,6950
2618,長榮航,25,0,25,福勝,2023-03-07,6950
2344,華邦電,24,3,21,福勝,2023-03-07,6950
6015,宏遠證,20,0,20,福勝,2023-03-07,6950
1714,和桐,20,1,19,福勝,2023-03-07,6950
1905,華紙,20,1,19,福勝,2023-03-07,6950
1762,中化生,21,3,18,福勝,2023-03-07,6950
1711,永光,17,0,17,福勝,2023-03-07,6950
2231,為升,23,6,17,福勝,2023-03-07,6950
2312,金寶,30,13,17,福勝,2023-03-07,6950
3019,亞光,30,14,16,福勝,2023-03-07,6950
2371,大同,14,0,14,福勝,2023-03-07,6950
2337,旺宏,13,0,13,福勝,2023-03-07,6950
2609,陽明,23,11,12,福勝,2023-03-07,6950
8027,鈦昇,12,0,12,福勝,2023-03-07,6950
00878,國泰永續高股息,18,6,12,福勝,2023-03-07,6950
2014,中鴻,20,9,11,福勝,2023-03-07,6950
3059,華晶科,31,20,11,福勝,2023-03-07,6950
8222,寶一,13,2,11,福勝,2023-03-07,6950
00632R,元大台灣50反1,10,0,10,福勝,2023-03-07,6950
00885,富邦越南,10,0,10,福勝,2023-03-07,6950
00900,富邦特選高股息30,10,0,10,福勝,2023-03-07,6950
1817,凱撒衛,10,0,10,福勝,2023-03-07,6950
2888,新光金,11,1,10,福勝,2023-03-07,6950
3030,德律,10,0,10,福勝,2023-03-07,6950
4108,懷特,10,0,10,福勝,2023-03-07,6950
5512,力麒,10,0,10,福勝,2023-03-07,6950
6517,保勝光學,10,0,10,福勝,2023-03-07,6950
8044,網家,10,0,10,福勝,2023-03-07,6950
8176,智捷,11,1,10,福勝,2023-03-07,6950
2201,裕隆,16,6,10,福勝,2023-03-07,6950
00895,富邦未來車,9,0,9,福勝,2023-03-07,6950
2352,佳世達,9,0,9,福勝,2023-03-07,6950
3652,精聯,11,2,9,福勝,2023-03-07,6950
2359,所羅門,25,17,8,福勝,2023-03-07,6950
2885,元大金,10,2,8,福勝,2023-03-07,6950
4968,立積,9,1,8,福勝,2023-03-07,6950
5475,德宏,13,5,8,福勝,2023-03-07,6950
6235,華孚,12,4,8,福勝,2023-03-07,6950
1810,和成,7,0,7,福勝,2023-03-07,6950
2388,威盛,9,2,7,福勝,2023-03-07,6950
2399,映泰,7,0,7,福勝,2023-03-07,6950
2409,友達,8,1,7,福勝,2023-03-07,6950
2481,強茂,14,7,7,福勝,2023-03-07,6950
00878,國泰永續高股息,219,1,218,福勝,2023-03-08,6950
2607,榮運,76,1,75,福勝,2023-03-08,6950
6129,普誠,104,32,72,福勝,2023-03-08,6950
3093,港建*,55,4,51,福勝,2023-03-08,6950
0056,元大高股息,40,0,40,福勝,2023-03-08,6950
1504,東元,49,12,37,福勝,2023-03-08,6950
00923,群益台ESG低碳50,33,0,33,福勝,2023-03-08,6950
2344,華邦電,51,19,32,福勝,2023-03-08,6950
1605,華新,64,36,28,福勝,2023-03-08,6950
1102,亞泥,30,2,28,福勝,2023-03-08,6950
2609,陽明,44,18,26,福勝,2023-03-08,6950
2634,漢翔,64,38,26,福勝,2023-03-08,6950
5512,力麒,50,24,26,福勝,2023-03-08,6950
3030,德律,25,0,25,福勝,2023-03-08,6950
2367,燿華,30,7,23,福勝,2023-03-08,6950
1701,中化,22,0,22,福勝,2023-03-08,6950
3481,群創,23,1,22,福勝,2023-03-08,6950
1440,南紡,21,0,21,福勝,2023-03-08,6950
2355,敬鵬,21,0,21,福勝,2023-03-08,6950
3003,健和興,22,1,21,福勝,2023-03-08,6950
1460,宏遠,20,0,20,福勝,2023-03-08,6950
00712,復華富時不動產,20,0,20,福勝,2023-03-08,6950
00639,富邦深100,20,0,20,福勝,2023-03-08,6950
2308,台達電,20,0,20,福勝,2023-03-08,6950
2506,太設,20,0,20,福勝,2023-03-08,6950
3019,亞光,18,0,18,福勝,2023-03-08,6950
6235,華孚,33,15,18,福勝,2023-03-08,6950
2371,大同,32,15,17,福勝,2023-03-08,6950
00713,元大台灣高息低波,16,0,16,福勝,2023-03-08,6950
1457,宜進,15,0,15,福勝,2023-03-08,6950
00885,富邦越南,15,0,15,福勝,2023-03-08,6950
1760,寶齡富錦,16,1,15,福勝,2023-03-08,6950
3013,晟銘電,39,24,15,福勝,2023-03-08,6950
6164,華興,15,0,15,福勝,2023-03-08,6950
8933,愛地雅,14,0,14,福勝,2023-03-08,6950
1584,精剛,15,2,13,福勝,2023-03-08,6950
3149,正達,13,0,13,福勝,2023-03-08,6950
8099,大世科,13,0,13,福勝,2023-03-08,6950
2603,長榮,15,2,13,福勝,2023-03-08,6950
4114,健喬,14,2,12,福勝,2023-03-08,6950
00900,富邦特選高股息30,12,0,12,福勝,2023-03-08,6950
4545,銘鈺,12,0,12,福勝,2023-03-08,6950
2606,裕民,14,3,11,福勝,2023-03-08,6950
6443,元晶,29,18,11,福勝,2023-03-08,6950
1456,怡華,10,0,10,福勝,2023-03-08,6950
1101,台泥,10,0,10,福勝,2023-03-08,6950
01003T,兆豐新光R1,10,0,10,福勝,2023-03-08,6950
00632R,元大台灣50反1,20,10,10,福勝,2023-03-08,6950
2444,兆勁,10,0,10,福勝,2023-03-08,6950
2471,資通,11,1,10,福勝,2023-03-08,6950
00878,國泰永續高股息,103,2,101,福勝,2023-03-09,6950
3481,群創,82,4,78,福勝,2023-03-09,6950
1609,大亞,73,7,66,福勝,2023-03-09,6950
4566,時碩工業,61,0,61,福勝,2023-03-09,6950
2486,一詮,50,8,42,福勝,2023-03-09,6950
2618,長榮航,59,17,42,福勝,2023-03-09,6950
1722,台肥,40,0,40,福勝,2023-03-09,6950
6233,旺玖,44,5,39,福勝,2023-03-09,6950
1303,南亞,37,0,37,福勝,2023-03-09,6950
6104,創惟,39,6,33,福勝,2023-03-09,6950
2409,友達,33,3,30,福勝,2023-03-09,6950
2882,國泰金,31,1,30,福勝,2023-03-09,6950
3712,永崴投控,33,6,27,福勝,2023-03-09,6950
6190,萬泰科,27,0,27,福勝,2023-03-09,6950
8064,東捷,27,0,27,福勝,2023-03-09,6950
2884,玉山金,26,0,26,福勝,2023-03-09,6950
5521,工信,23,0,23,福勝,2023-03-09,6950
4979,華星光,40,18,22,福勝,2023-03-09,6950
2886,兆豐金,21,0,21,福勝,2023-03-09,6950
6265,方土昶,20,0,20,福勝,2023-03-09,6950
911868,同方友友-DR,20,0,20,福勝,2023-03-09,6950
1580,新麥,18,0,18,福勝,2023-03-09,6950
2890,永豐金,18,0,18,福勝,2023-03-09,6950
1101,台泥,19,2,17,福勝,2023-03-09,6950
2457,飛宏,32,15,17,福勝,2023-03-09,6950
3019,亞光,16,0,16,福勝,2023-03-09,6950
3066,李洲,16,0,16,福勝,2023-03-09,6950
5410,國眾,16,0,16,福勝,2023-03-09,6950
2363,矽統,15,0,15,福勝,2023-03-09,6950
3035,智原,74,60,14,福勝,2023-03-09,6950
3029,零壹,14,0,14,福勝,2023-03-09,6950
2317,鴻海,22,9,13,福勝,2023-03-09,6950
6290,良維,23,10,13,福勝,2023-03-09,6950
6443,元晶,54,42,12,福勝,2023-03-09,6950
2344,華邦電,74,62,12,福勝,2023-03-09,6950
2368,金像電,12,0,12,福勝,2023-03-09,6950
3128,昇銳,12,0,12,福勝,2023-03-09,6950
3479,安勤,12,0,12,福勝,2023-03-09,6950
1319,東陽,18,7,11,福勝,2023-03-09,6950
3652,精聯,14,3,11,福勝,2023-03-09,6950
3701,大眾控,11,0,11,福勝,2023-03-09,6950
3702,大聯大,11,0,11,福勝,2023-03-09,6950
5230,雷笛克光學,12,1,11,福勝,2023-03-09,6950
00715L,期街口布蘭特正2,10,0,10,福勝,2023-03-09,6950
00633L,富邦上証正2,10,0,10,福勝,2023-03-09,6950
00882,中信中國高股息,10,0,10,福勝,2023-03-09,6950
1708,東鹼,10,0,10,福勝,2023-03-09,6950
2208,台船,10,0,10,福勝,2023-03-09,6950
2371,大同,10,0,10,福勝,2023-03-09,6950
2845,遠東銀,10,0,10,福勝,2023-03-09,6950
2884,玉山金,520,0,520,福勝,2023-03-10,6950
00878,國泰永續高股息,177,0,177,福勝,2023-03-10,6950
2609,陽明,288,166,122,福勝,2023-03-10,6950
2892,第一金,119,0,119,福勝,2023-03-10,6950
2344,華邦電,120,4,116,福勝,2023-03-10,6950
5880,合庫金,102,1,101,福勝,2023-03-10,6950
2883,凱基金,110,10,100,福勝,2023-03-10,6950
3704,合勤控,96,0,96,福勝,2023-03-10,6950
2358,廷鑫,81,0,81,福勝,2023-03-10,6950
2610,華航,105,26,79,福勝,2023-03-10,6950
1504,東元,84,6,78,福勝,2023-03-10,6950
2618,長榮航,74,0,74,福勝,2023-03-10,6950
1460,宏遠,73,0,73,福勝,2023-03-10,6950
00885,富邦越南,60,0,60,福勝,2023-03-10,6950
1101,台泥,57,0,57,福勝,2023-03-10,6950
2603,長榮,83,37,46,福勝,2023-03-10,6950
00713,元大台灣高息低波,44,0,44,福勝,2023-03-10,6950
1718,中纖,41,0,41,福勝,2023-03-10,6950
6770,力積電,32,2,30,福勝,2023-03-10,6950
2303,聯電,50,22,28,福勝,2023-03-10,6950
2486,一詮,35,8,27,福勝,2023-03-10,6950
4142,國光生,27,0,27,福勝,2023-03-10,6950
00715L,期街口布蘭特正2,26,0,26,福勝,2023-03-10,6950
1609,大亞,28,2,26,福勝,2023-03-10,6950
3162,精確,26,0,26,福勝,2023-03-10,6950
2891,中信金,25,0,25,福勝,2023-03-10,6950
6188,廣明,25,0,25,福勝,2023-03-10,6950
9105,泰金寶-DR,24,0,24,福勝,2023-03-10,6950
0056,元大高股息,33,11,22,福勝,2023-03-10,6950
3441,聯一光,22,0,22,福勝,2023-03-10,6950
6753,龍德造船,23,1,22,福勝,2023-03-10,6950
5388,中磊,23,2,21,福勝,2023-03-10,6950
8069,元太,23,3,20,福勝,2023-03-10,6950
8150,南茂,26,6,20,福勝,2023-03-10,6950
2498,宏達電,30,10,20,福勝,2023-03-10,6950
2882,國泰金,19,0,19,福勝,2023-03-10,6950
0050,元大台灣50,18,0,18,福勝,2023-03-10,6950
2888,新光金,22,4,18,福勝,2023-03-10,6950
6118,建達,18,0,18,福勝,2023-03-10,6950
6138,茂達,17,0,17,福勝,2023-03-10,6950
2317,鴻海,22,5,17,福勝,2023-03-10,6950
2330,台積電,16,0,16,福勝,2023-03-10,6950
2885,元大金,16,0,16,福勝,2023-03-10,6950
6180,橘子,16,0,16,福勝,2023-03-10,6950
2867,三商壽,20,5,15,福勝,2023-03-10,6950
00882,中信中國高股息,14,0,14,福勝,2023-03-10,6950
2409,友達,14,0,14,福勝,2023-03-10,6950
3515,華擎,14,0,14,福勝,2023-03-10,6950
00712,復華富時不動產,13,0,13,福勝,2023-03-10,6950
2444,兆勁,13,0,13,福勝,2023-03-10,6950
00878,國泰永續高股息,140,17,123,福勝,2023-03-13,6950
2358,廷鑫,70,0,70,福勝,2023-03-13,6950
8050,廣積,67,2,65,福勝,2023-03-13,6950
2892,第一金,55,0,55,福勝,2023-03-13,6950
2884,玉山金,58,5,53,福勝,2023-03-13,6950
00712,復華富時不動產,58,8,50,福勝,2023-03-13,6950
00713,元大台灣高息低波,41,0,41,福勝,2023-03-13,6950
2609,陽明,70,29,41,福勝,2023-03-13,6950
3624,光頡,40,1,39,福勝,2023-03-13,6950
2897,王道銀行,40,2,38,福勝,2023-03-13,6950
3481,群創,54,19,35,福勝,2023-03-13,6950
2812,台中銀,34,2,32,福勝,2023-03-13,6950
1524,耿鼎,43,12,31,福勝,2023-03-13,6950
2888,新光金,32,1,31,福勝,2023-03-13,6950
00714,群益道瓊美國地產,29,0,29,福勝,2023-03-13,6950
1718,中纖,31,2,29,福勝,2023-03-13,6950
2371,大同,25,0,25,福勝,2023-03-13,6950
3664,安瑞-KY,23,0,23,福勝,2023-03-13,6950
5309,系統電,22,0,22,福勝,2023-03-13,6950
2312,金寶,90,70,20,福勝,2023-03-13,6950
8936,國統,18,0,18,福勝,2023-03-13,6950
1513,中興電,23,6,17,福勝,2023-03-13,6950
3024,憶聲,17,0,17,福勝,2023-03-13,6950
1605,華新,35,20,15,福勝,2023-03-13,6950
4904,遠傳,15,0,15,福勝,2023-03-13,6950
2610,華航,16,3,13,福勝,2023-03-13,6950
6191,精成科,13,0,13,福勝,2023-03-13,6950
2615,萬海,18,6,12,福勝,2023-03-13,6950
2883,凱基金,11,0,11,福勝,2023-03-13,6950
5344,立衛,11,0,11,福勝,2023-03-13,6950
3346,麗清,12,1,11,福勝,2023-03-13,6950
1309,台達化,10,0,10,福勝,2023-03-13,6950
1720,生達,10,0,10,福勝,2023-03-13,6950
2611,志信,10,0,10,福勝,2023-03-13,6950
8403,盛弘,10,0,10,福勝,2023-03-13,6950
1504,東元,9,0,9,福勝,2023-03-13,6950
2388,威盛,14,5,9,福勝,2023-03-13,6950
3325,旭品,9,0,9,福勝,2023-03-13,6950
6592,和潤企業,9,0,9,福勝,2023-03-13,6950
2891,中信金,8,0,8,福勝,2023-03-13,6950
2618,長榮航,10,2,8,福勝,2023-03-13,6950
4133,亞諾法,8,0,8,福勝,2023-03-13,6950
1712,興農,7,0,7,福勝,2023-03-13,6950
5383,金利,7,0,7,福勝,2023-03-13,6950
8933,愛地雅,6,0,6,福勝,2023-03-13,6950
3515,華擎,11,5,6,福勝,2023-03-13,6950
1460,宏遠,6,0,6,福勝,2023-03-13,6950
1517,利奇,6,0,6,福勝,2023-03-13,6950
1708,東鹼,6,0,6,福勝,2023-03-13,6950
2427,三商電,7,1,6,福勝,2023-03-13,6950
00878,國泰永續高股息,180,2,178,福勝,2023-03-14,6950
2880,華南金,135,0,135,福勝,2023-03-14,6950
2882,國泰金,118,2,116,福勝,2023-03-14,6950
3380,明泰,110,2,108,福勝,2023-03-14,6950
1584,精剛,102,5,97,福勝,2023-03-14,6950
2618,長榮航,85,1,84,福勝,2023-03-14,6950
00632R,元大台灣50反1,80,0,80,福勝,2023-03-14,6950
2344,華邦電,63,3,60,福勝,2023-03-14,6950
2615,萬海,65,9,56,福勝,2023-03-14,6950
2610,華航,48,0,48,福勝,2023-03-14,6950
3481,群創,54,17,37,福勝,2023-03-14,6950
2303,聯電,62,31,31,福勝,2023-03-14,6950
3062,建漢,31,0,31,福勝,2023-03-14,6950
2891,中信金,27,1,26,福勝,2023-03-14,6950
6180,橘子,26,0,26,福勝,2023-03-14,6950
2609,陽明,83,58,25,福勝,2023-03-14,6950
3260,威剛,35,10,25,福勝,2023-03-14,6950
6770,力積電,36,11,25,福勝,2023-03-14,6950
5880,合庫金,24,0,24,福勝,2023-03-14,6950
2892,第一金,23,0,23,福勝,2023-03-14,6950
2027,大成鋼,45,22,23,福勝,2023-03-14,6950
2884,玉山金,23,0,23,福勝,2023-03-14,6950
8050,廣積,23,1,22,福勝,2023-03-14,6950
5608,四維航,21,0,21,福勝,2023-03-14,6950
2007,燁興,20,0,20,福勝,2023-03-14,6950
3356,奇偶,19,1,18,福勝,2023-03-14,6950
2834,臺企銀,38,21,17,福勝,2023-03-14,6950
2634,漢翔,39,23,16,福勝,2023-03-14,6950
00642U,期元大S＆P石油,15,0,15,福勝,2023-03-14,6950
3188,鑫龍騰,15,0,15,福勝,2023-03-14,6950
1605,華新,62,49,13,福勝,2023-03-14,6950
2337,旺宏,13,0,13,福勝,2023-03-14,6950
3264,欣銓,14,1,13,福勝,2023-03-14,6950
4967,十銓,15,2,13,福勝,2023-03-14,6950
00715L,期街口布蘭特正2,15,3,12,福勝,2023-03-14,6950
1609,大亞,14,2,12,福勝,2023-03-14,6950
2331,精英,24,12,12,福勝,2023-03-14,6950
2317,鴻海,12,1,11,福勝,2023-03-14,6950
2515,中工,20,9,11,福勝,2023-03-14,6950
2887,台新金,11,0,11,福勝,2023-03-14,6950
2897,王道銀行,11,0,11,福勝,2023-03-14,6950
6190,萬泰科,11,0,11,福勝,2023-03-14,6950
2409,友達,10,0,10,福勝,2023-03-14,6950
2340,台亞,10,0,10,福勝,2023-03-14,6950
2601,益航,10,0,10,福勝,2023-03-14,6950
4770,上品,10,0,10,福勝,2023-03-14,6950
6869,雲豹能源,10,0,10,福勝,2023-03-14,6950
8222,寶一,10,0,10,福勝,2023-03-14,6950
9105,泰金寶-DR,10,0,10,福勝,2023-03-14,6950
2369,菱生,9,0,9,福勝,2023-03-14,6950
1316,上曜,137,2,135,福勝,2023-03-15,6950
2892,第一金,121,0,121,福勝,2023-03-15,6950
1611,中電,105,11,94,福勝,2023-03-15,6950
00712,復華富時不動產,61,0,61,福勝,2023-03-15,6950
2883,凱基金,61,0,61,福勝,2023-03-15,6950
00713,元大台灣高息低波,55,0,55,福勝,2023-03-15,6950
2888,新光金,54,0,54,福勝,2023-03-15,6950
2603,長榮,80,28,52,福勝,2023-03-15,6950
3481,群創,53,5,48,福勝,2023-03-15,6950
00632R,元大台灣50反1,40,0,40,福勝,2023-03-15,6950
2495,普安,40,0,40,福勝,2023-03-15,6950
2515,中工,62,31,31,福勝,2023-03-15,6950
2610,華航,35,4,31,福勝,2023-03-15,6950
2884,玉山金,27,0,27,福勝,2023-03-15,6950
00900,富邦特選高股息30,25,0,25,福勝,2023-03-15,6950
8050,廣積,26,1,25,福勝,2023-03-15,6950
6770,力積電,24,0,24,福勝,2023-03-15,6950
2889,國票金,27,5,22,福勝,2023-03-15,6950
3706,神達,21,0,21,福勝,2023-03-15,6950
1447,力鵬,20,0,20,福勝,2023-03-15,6950
2331,精英,20,0,20,福勝,2023-03-15,6950
00751B,元大AAA至A公司債,18,0,18,福勝,2023-03-15,6950
2419,仲琦,18,0,18,福勝,2023-03-15,6950
2753,八方雲集,17,2,15,福勝,2023-03-15,6950
2882,國泰金,16,1,15,福勝,2023-03-15,6950
2891,中信金,16,1,15,福勝,2023-03-15,6950
3441,聯一光,15,0,15,福勝,2023-03-15,6950
5521,工信,15,0,15,福勝,2023-03-15,6950
5880,合庫金,14,0,14,福勝,2023-03-15,6950
8403,盛弘,14,0,14,福勝,2023-03-15,6950
8936,國統,17,3,14,福勝,2023-03-15,6950
2607,榮運,14,2,12,福勝,2023-03-15,6950
2636,台驊控股,12,0,12,福勝,2023-03-15,6950
4979,華星光,12,0,12,福勝,2023-03-15,6950
00715L,期街口布蘭特正2,11,0,11,福勝,2023-03-15,6950
1460,宏遠,10,0,10,福勝,2023-03-15,6950
1457,宜進,10,0,10,福勝,2023-03-15,6950
00772B,中信高評級公司債,10,0,10,福勝,2023-03-15,6950
0056,元大高股息,12,2,10,福勝,2023-03-15,6950
1514,亞力,10,0,10,福勝,2023-03-15,6950
2355,敬鵬,10,0,10,福勝,2023-03-15,6950
2371,大同,20,10,10,福勝,2023-03-15,6950
3380,明泰,10,0,10,福勝,2023-03-15,6950
1796,金穎生技,10,1,9,福勝,2023-03-15,6950
2486,一詮,12,3,9,福勝,2023-03-15,6950
00878,國泰永續高股息,20,11,9,福勝,2023-03-15,6950
2881,富邦金,11,3,8,福勝,2023-03-15,6950
2408,南亞科,8,0,8,福勝,2023-03-15,6950
5905,南仁湖,10,2,8,福勝,2023-03-15,6950
6415,矽力*-KY,11,3,8,福勝,2023-03-15,6950
3189,景碩,112,2,110,福勝,2023-03-16,6950
2887,台新金,109,0,109,福勝,2023-03-16,6950
2358,廷鑫,60,0,60,福勝,2023-03-16,6950
2603,長榮,65,12,53,福勝,2023-03-16,6950
2313,華通,58,7,51,福勝,2023-03-16,6950
2888,新光金,61,10,51,福勝,2023-03-16,6950
2634,漢翔,50,1,49,福勝,2023-03-16,6950
2891,中信金,50,2,48,福勝,2023-03-16,6950
2609,陽明,68,24,44,福勝,2023-03-16,6950
8111,立��,42,0,42,福勝,2023-03-16,6950
8050,廣積,42,0,42,福勝,2023-03-16,6950
00715L,期街口布蘭特正2,40,5,35,福勝,2023-03-16,6950
1609,大亞,56,23,33,福勝,2023-03-16,6950
2884,玉山金,33,2,31,福勝,2023-03-16,6950
3264,欣銓,88,57,31,福勝,2023-03-16,6950
4979,華星光,34,3,31,福勝,2023-03-16,6950
2834,臺企銀,90,60,30,福勝,2023-03-16,6950
2882,國泰金,31,2,29,福勝,2023-03-16,6950
2425,承啟,28,0,28,福勝,2023-03-16,6950
00713,元大台灣高息低波,39,11,28,福勝,2023-03-16,6950
3056,富華新,27,0,27,福勝,2023-03-16,6950
6116,彩晶,24,0,24,福勝,2023-03-16,6950
0056,元大高股息,28,5,23,福勝,2023-03-16,6950
00642U,期元大S＆P石油,22,0,22,福勝,2023-03-16,6950
2867,三商壽,22,0,22,福勝,2023-03-16,6950
5880,合庫金,25,5,20,福勝,2023-03-16,6950
2515,中工,22,2,20,福勝,2023-03-16,6950
3048,益登,20,0,20,福勝,2023-03-16,6950
4541,晟田,21,1,20,福勝,2023-03-16,6950
2330,台積電,20,0,20,福勝,2023-03-16,6950
2615,萬海,46,27,19,福勝,2023-03-16,6950
00878,國泰永續高股息,62,44,18,福勝,2023-03-16,6950
2892,第一金,19,1,18,福勝,2023-03-16,6950
1101,台泥,18,0,18,福勝,2023-03-16,6950
2880,華南金,18,0,18,福勝,2023-03-16,6950
2302,麗正,17,0,17,福勝,2023-03-16,6950
2371,大同,17,0,17,福勝,2023-03-16,6950
2344,華邦電,33,18,15,福勝,2023-03-16,6950
00712,復華富時不動產,15,0,15,福勝,2023-03-16,6950
5521,工信,15,0,15,福勝,2023-03-16,6950
6712,長聖,15,0,15,福勝,2023-03-16,6950
2886,兆豐金,14,0,14,福勝,2023-03-16,6950
00885,富邦越南,15,1,14,福勝,2023-03-16,6950
2419,仲琦,14,0,14,福勝,2023-03-16,6950
2027,大成鋼,28,14,14,福勝,2023-03-16,6950
6770,力積電,30,16,14,福勝,2023-03-16,6950
9945,潤泰新,30,17,13,福勝,2023-03-16,6950
2317,鴻海,15,2,13,福勝,2023-03-16,6950
8105,凌巨,13,0,13,福勝,2023-03-16,6950
8403,盛弘,13,0,13,福勝,2023-03-16,6950
00712,復華富時不動產,53,0,53,福勝,2023-03-17,6950
00632R,元大台灣50反1,50,0,50,福勝,2023-03-17,6950
1611,中電,50,0,50,福勝,2023-03-17,6950
6275,元山,42,0,42,福勝,2023-03-17,6950
2834,臺企銀,59,20,39,福勝,2023-03-17,6950
2891,中信金,38,0,38,福勝,2023-03-17,6950
5203,訊連,40,2,38,福勝,2023-03-17,6950
6282,康舒,40,12,28,福勝,2023-03-17,6950
1718,中纖,25,0,25,福勝,2023-03-17,6950
0056,元大高股息,22,2,20,福勝,2023-03-17,6950
2812,台中銀,20,0,20,福勝,2023-03-17,6950
2880,華南金,20,0,20,福勝,2023-03-17,6950
2615,萬海,19,1,18,福勝,2023-03-17,6950
2603,長榮,23,5,18,福勝,2023-03-17,6950
00878,國泰永續高股息,18,1,17,福勝,2023-03-17,6950
2609,陽明,20,3,17,福勝,2023-03-17,6950
6205,詮欣,18,1,17,福勝,2023-03-17,6950
9945,潤泰新,17,1,16,福勝,2023-03-17,6950
6770,力積電,25,9,16,福勝,2023-03-17,6950
9904,寶成,16,0,16,福勝,2023-03-17,6950
1522,堤維西,17,2,15,福勝,2023-03-17,6950
1609,大亞,36,22,14,福勝,2023-03-17,6950
2453,凌群,29,15,14,福勝,2023-03-17,6950
4979,華星光,35,21,14,福勝,2023-03-17,6950
00713,元大台灣高息低波,14,0,14,福勝,2023-03-17,6950
2892,第一金,13,1,12,福勝,2023-03-17,6950
2610,華航,13,2,11,福勝,2023-03-17,6950
2614,東森,11,0,11,福勝,2023-03-17,6950
2883,凱基金,11,0,11,福勝,2023-03-17,6950
2885,元大金,12,1,11,福勝,2023-03-17,6950
2888,新光金,21,10,11,福勝,2023-03-17,6950
8111,立��,11,0,11,福勝,2023-03-17,6950
1785,光洋科,11,0,11,福勝,2023-03-17,6950
00715L,期街口布蘭特正2,10,0,10,福勝,2023-03-17,6950
2845,遠東銀,10,0,10,福勝,2023-03-17,6950
2867,三商壽,10,0,10,福勝,2023-03-17,6950
3051,力特,10,0,10,福勝,2023-03-17,6950
6148,驊宏資,10,0,10,福勝,2023-03-17,6950
6231,系微,10,0,10,福勝,2023-03-17,6950
4934,太極,11,1,10,福勝,2023-03-17,6950
2412,中華電,11,2,9,福勝,2023-03-17,6950
3260,威剛,11,2,9,福勝,2023-03-17,6950
5483,中美晶,9,0,9,福勝,2023-03-17,6950
8050,廣積,15,6,9,福勝,2023-03-17,6950
8069,元太,10,1,9,福勝,2023-03-17,6950
2884,玉山金,9,0,9,福勝,2023-03-17,6950
3027,盛達,23,15,8,福勝,2023-03-17,6950
2105,正新,7,0,7,福勝,2023-03-17,6950
8924,大田,7,0,7,福勝,2023-03-17,6950
2881,富邦金,10,4,6,福勝,2023-03-17,6950
00712,復華富時不動產,100,0,100,福勝,2023-03-20,6950
00878,國泰永續高股息,72,0,72,福勝,2023-03-20,6950
6244,茂迪,80,34,46,福勝,2023-03-20,6950
2486,一詮,60,15,45,福勝,2023-03-20,6950
9945,潤泰新,47,8,39,福勝,2023-03-20,6950
6770,力積電,41,7,34,福勝,2023-03-20,6950
3321,同泰,30,0,30,福勝,2023-03-20,6950
3707,漢磊,33,3,30,福勝,2023-03-20,6950
6125,廣運,30,2,28,福勝,2023-03-20,6950
1519,華城,29,2,27,福勝,2023-03-20,6950
00637L,元大滬深300正2,24,0,24,福勝,2023-03-20,6950
8936,國統,54,30,24,福勝,2023-03-20,6950
3264,欣銓,22,0,22,福勝,2023-03-20,6950
1618,合機,21,0,21,福勝,2023-03-20,6950
2845,遠東銀,21,0,21,福勝,2023-03-20,6950
00674R,期元大S＆P黃金反1,20,0,20,福勝,2023-03-20,6950
6712,長聖,20,0,20,福勝,2023-03-20,6950
00715L,期街口布蘭特正2,48,30,18,福勝,2023-03-20,6950
2331,精英,16,1,15,福勝,2023-03-20,6950
6237,驊訊,15,0,15,福勝,2023-03-20,6950
2881,富邦金,19,4,15,福勝,2023-03-20,6950
2324,仁寶,14,0,14,福勝,2023-03-20,6950
2406,國碩,34,21,13,福勝,2023-03-20,6950
00650L,復華香港正2,11,0,11,福勝,2023-03-20,6950
1609,大亞,12,1,11,福勝,2023-03-20,6950
3479,安勤,11,0,11,福勝,2023-03-20,6950
8358,金居,11,0,11,福勝,2023-03-20,6950
2208,台船,10,0,10,福勝,2023-03-20,6950
2425,承啟,10,0,10,福勝,2023-03-20,6950
3028,增你強,10,0,10,福勝,2023-03-20,6950
5425,台半,10,0,10,福勝,2023-03-20,6950
6257,矽格,10,0,10,福勝,2023-03-20,6950
9907,統一實,10,0,10,福勝,2023-03-20,6950
2317,鴻海,23,14,9,福勝,2023-03-20,6950
2409,友達,9,0,9,福勝,2023-03-20,6950
4746,台耀,10,1,9,福勝,2023-03-20,6950
2330,台積電,8,0,8,福勝,2023-03-20,6950
00714,群益道瓊美國地產,8,0,8,福勝,2023-03-20,6950
2834,臺企銀,11,3,8,福勝,2023-03-20,6950
2014,中鴻,9,1,8,福勝,2023-03-20,6950
2634,漢翔,14,7,7,福勝,2023-03-20,6950
2882,國泰金,15,8,7,福勝,2023-03-20,6950
2891,中信金,8,1,7,福勝,2023-03-20,6950
3035,智原,9,2,7,福勝,2023-03-20,6950
4908,前鼎,7,0,7,福勝,2023-03-20,6950
2885,元大金,6,0,6,福勝,2023-03-20,6950
2916,滿心,6,0,6,福勝,2023-03-20,6950
3017,奇鋐,6,0,6,福勝,2023-03-20,6950
4915,致伸,6,0,6,福勝,2023-03-20,6950
4977,眾達-KY,6,0,6,福勝,2023-03-20,6950
2486,一詮,212,1,211,福勝,2023-03-21,6950
6125,廣運,68,2,66,福勝,2023-03-21,6950
1402,遠東新,64,0,64,福勝,2023-03-21,6950
00712,復華富時不動產,60,0,60,福勝,2023-03-21,6950
1531,高林股,60,0,60,福勝,2023-03-21,6950
1524,耿鼎,93,34,59,福勝,2023-03-21,6950
2323,中環,40,0,40,福勝,2023-03-21,6950
2399,映泰,41,2,39,福勝,2023-03-21,6950
1304,台聚,42,4,38,福勝,2023-03-21,6950
8050,廣積,34,2,32,福勝,2023-03-21,6950
2409,友達,29,3,26,福勝,2023-03-21,6950
4960,誠美材,30,5,25,福勝,2023-03-21,6950
4306,炎洲,23,0,23,福勝,2023-03-21,6950
2302,麗正,22,1,21,福勝,2023-03-21,6950
4770,上品,20,0,20,福勝,2023-03-21,6950
8996,高力,20,0,20,福勝,2023-03-21,6950
1108,幸福,30,12,18,福勝,2023-03-21,6950
00885,富邦越南,18,0,18,福勝,2023-03-21,6950
2388,威盛,51,34,17,福勝,2023-03-21,6950
1589,永冠-KY,36,20,16,福勝,2023-03-21,6950
2883,凱基金,16,0,16,福勝,2023-03-21,6950
2882,國泰金,17,2,15,福勝,2023-03-21,6950
8936,國統,16,1,15,福勝,2023-03-21,6950
6712,長聖,20,6,14,福勝,2023-03-21,6950
1519,華城,19,6,13,福勝,2023-03-21,6950
6776,展�眥篕�,12,0,12,福勝,2023-03-21,6950
2880,華南金,11,0,11,福勝,2023-03-21,6950
3708,上緯投控,11,0,11,福勝,2023-03-21,6950
4541,晟田,11,0,11,福勝,2023-03-21,6950
6116,彩晶,13,2,11,福勝,2023-03-21,6950
3312,弘憶股,10,0,10,福勝,2023-03-21,6950
5498,凱崴,10,0,10,福勝,2023-03-21,6950
2412,中華電,10,1,9,福勝,2023-03-21,6950
2891,中信金,9,0,9,福勝,2023-03-21,6950
3390,旭軟,9,0,9,福勝,2023-03-21,6950
8105,凌巨,18,9,9,福勝,2023-03-21,6950
8111,立��,9,0,9,福勝,2023-03-21,6950
1529,樂事綠能,12,4,8,福勝,2023-03-21,6950
2545,皇翔,8,0,8,福勝,2023-03-21,6950
6266,泰詠,8,0,8,福勝,2023-03-21,6950
3027,盛達,10,3,7,福勝,2023-03-21,6950
3260,威剛,7,0,7,福勝,2023-03-21,6950
3322,建舜電,15,8,7,福勝,2023-03-21,6950
6752,叡揚,7,0,7,福勝,2023-03-21,6950
8222,寶一,9,2,7,福勝,2023-03-21,6950
1708,東鹼,6,0,6,福勝,2023-03-21,6950
2383,台光電,7,1,6,福勝,2023-03-21,6950
2618,長榮航,6,0,6,福勝,2023-03-21,6950
3045,台灣大,6,0,6,福勝,2023-03-21,6950
3231,緯創,15,9,6,福勝,2023-03-21,6950
3710,連展投控,102,0,102,福勝,2023-03-22,6950
1108,幸福,89,0,89,福勝,2023-03-22,6950
1611,中電,91,8,83,福勝,2023-03-22,6950
00632R,元大台灣50反1,80,0,80,福勝,2023-03-22,6950
3481,群創,61,1,60,福勝,2023-03-22,6950
3038,全台,59,3,56,福勝,2023-03-22,6950
3265,台星科,50,0,50,福勝,2023-03-22,6950
2457,飛宏,51,11,40,福勝,2023-03-22,6950
4306,炎洲,30,0,30,福勝,2023-03-22,6950
5009,榮剛,26,3,23,福勝,2023-03-22,6950
6244,茂迪,43,21,22,福勝,2023-03-22,6950
00673R,期元大S＆P原油反1,20,0,20,福勝,2023-03-22,6950
1569,濱川,20,0,20,福勝,2023-03-22,6950
2834,臺企銀,20,2,18,福勝,2023-03-22,6950
00772B,中信高評級公司債,16,0,16,福勝,2023-03-22,6950
3013,晟銘電,16,0,16,福勝,2023-03-22,6950
3704,合勤控,16,0,16,福勝,2023-03-22,6950
2641,正德,18,3,15,福勝,2023-03-22,6950
3520,華盈,15,0,15,福勝,2023-03-22,6950
4934,太極,16,1,15,福勝,2023-03-22,6950
3056,富華新,16,1,15,福勝,2023-03-22,6950
00885,富邦越南,14,0,14,福勝,2023-03-22,6950
00881,國泰台灣5G+,23,9,14,福勝,2023-03-22,6950
1605,華新,24,10,14,福勝,2023-03-22,6950
4919,新唐,14,0,14,福勝,2023-03-22,6950
8071,能率網通,14,0,14,福勝,2023-03-22,6950
3162,精確,17,4,13,福勝,2023-03-22,6950
3236,千如,14,1,13,福勝,2023-03-22,6950
6116,彩晶,14,1,13,福勝,2023-03-22,6950
2427,三商電,12,0,12,福勝,2023-03-22,6950
3596,智易,12,0,12,福勝,2023-03-22,6950
5512,力麒,11,0,11,福勝,2023-03-22,6950
8028,昇陽半導體,11,0,11,福勝,2023-03-22,6950
2342,茂矽,10,0,10,福勝,2023-03-22,6950
1307,三芳,10,0,10,福勝,2023-03-22,6950
3715,定穎投控,24,14,10,福勝,2023-03-22,6950
4956,光鋐,13,3,10,福勝,2023-03-22,6950
6133,金橋,11,1,10,福勝,2023-03-22,6950
2317,鴻海,12,3,9,福勝,2023-03-22,6950
6488,環球晶,10,1,9,福勝,2023-03-22,6950
3712,永崴投控,8,0,8,福勝,2023-03-22,6950
1718,中纖,15,7,8,福勝,2023-03-22,6950
3050,鈺德,8,0,8,福勝,2023-03-22,6950
6233,旺玖,10,2,8,福勝,2023-03-22,6950
6288,聯嘉,10,2,8,福勝,2023-03-22,6950
00679B,元大美債20年,8,1,7,福勝,2023-03-22,6950
1589,永冠-KY,7,0,7,福勝,2023-03-22,6950
1604,聲寶,7,0,7,福勝,2023-03-22,6950
2353,宏��,7,0,7,福勝,2023-03-22,6950
2383,台光電,8,1,7,福勝,2023-03-22,6950
00632R,元大台灣50反1,205,0,205,福勝,2023-03-23,6950
00893,國泰智能電動車,130,22,108,福勝,2023-03-23,6950
3710,連展投控,105,5,100,福勝,2023-03-23,6950
1524,耿鼎,40,3,37,福勝,2023-03-23,6950
1402,遠東新,33,0,33,福勝,2023-03-23,6950
2605,新興,31,0,31,福勝,2023-03-23,6950
6182,合晶,47,17,30,福勝,2023-03-23,6950
2303,聯電,48,20,28,福勝,2023-03-23,6950
2014,中鴻,30,3,27,福勝,2023-03-23,6950
5011,久陽,25,0,25,福勝,2023-03-23,6950
2637,慧洋-KY,23,1,22,福勝,2023-03-23,6950
2312,金寶,20,0,20,福勝,2023-03-23,6950
2609,陽明,38,18,20,福勝,2023-03-23,6950
8358,金居,19,0,19,福勝,2023-03-23,6950
3652,精聯,28,10,18,福勝,2023-03-23,6950
3014,聯陽,17,0,17,福勝,2023-03-23,6950
3056,富華新,29,12,17,福勝,2023-03-23,6950
6770,力積電,17,1,16,福勝,2023-03-23,6950
6168,宏齊,16,1,15,福勝,2023-03-23,6950
6282,康舒,21,6,15,福勝,2023-03-23,6950
00885,富邦越南,14,0,14,福勝,2023-03-23,6950
2368,金像電,15,1,14,福勝,2023-03-23,6950
5351,鈺創,15,2,13,福勝,2023-03-23,6950
6113,亞矽,13,0,13,福勝,2023-03-23,6950
2891,中信金,13,1,12,福勝,2023-03-23,6950
2208,台船,12,0,12,福勝,2023-03-23,6950
2614,東森,12,0,12,福勝,2023-03-23,6950
3221,台嘉碩,12,0,12,福勝,2023-03-23,6950
2882,國泰金,31,20,11,福勝,2023-03-23,6950
5009,榮剛,14,3,11,福勝,2023-03-23,6950
6139,亞翔,12,1,11,福勝,2023-03-23,6950
6443,元晶,21,10,11,福勝,2023-03-23,6950
1540,喬福,10,0,10,福勝,2023-03-23,6950
1605,華新,13,3,10,福勝,2023-03-23,6950
2406,國碩,10,0,10,福勝,2023-03-23,6950
2468,華經,10,0,10,福勝,2023-03-23,6950
2880,華南金,10,0,10,福勝,2023-03-23,6950
2897,王道銀行,10,0,10,福勝,2023-03-23,6950
3027,盛達,10,0,10,福勝,2023-03-23,6950
3492,長盛,10,0,10,福勝,2023-03-23,6950
5315,光聯,10,0,10,福勝,2023-03-23,6950
6153,嘉聯益,10,0,10,福勝,2023-03-23,6950
6217,中探針,10,0,10,福勝,2023-03-23,6950
2606,裕民,9,0,9,福勝,2023-03-23,6950
5608,四維航,12,3,9,福勝,2023-03-23,6950
2603,長榮,16,8,8,福勝,2023-03-23,6950
00646,元大S＆P500,8,0,8,福勝,2023-03-23,6950
2399,映泰,8,0,8,福勝,2023-03-23,6950
2618,長榮航,11,3,8,福勝,2023-03-23,6950
3217,優群,13,5,8,福勝,2023-03-23,6950
2486,一詮,175,5,170,福勝,2023-03-24,6950
1605,華新,72,20,52,福勝,2023-03-24,6950
2637,慧洋-KY,44,1,43,福勝,2023-03-24,6950
2332,友訊,58,21,37,福勝,2023-03-24,6950
6245,立端,31,2,29,福勝,2023-03-24,6950
1504,東元,41,20,21,福勝,2023-03-24,6950
3689,湧德,22,2,20,福勝,2023-03-24,6950
6443,元晶,25,7,18,福勝,2023-03-24,6950
3037,欣興,50,34,16,福勝,2023-03-24,6950
2393,億光,20,4,16,福勝,2023-03-24,6950
2105,正新,33,17,16,福勝,2023-03-24,6950
1319,東陽,20,5,15,福勝,2023-03-24,6950
2323,中環,15,0,15,福勝,2023-03-24,6950
2618,長榮航,15,0,15,福勝,2023-03-24,6950
6231,系微,15,0,15,福勝,2023-03-24,6950
3013,晟銘電,32,18,14,福勝,2023-03-24,6950
6279,胡連,14,0,14,福勝,2023-03-24,6950
2610,華航,15,3,12,福勝,2023-03-24,6950
00900,富邦特選高股息30,14,3,11,福勝,2023-03-24,6950
1718,中纖,11,0,11,福勝,2023-03-24,6950
2329,華泰,11,0,11,福勝,2023-03-24,6950
2401,凌陽,11,0,11,福勝,2023-03-24,6950
2427,三商電,11,0,11,福勝,2023-03-24,6950
00892,富邦台灣半導體,10,0,10,福勝,2023-03-24,6950
1337,再生-KY,10,0,10,福勝,2023-03-24,6950
1905,華紙,10,0,10,福勝,2023-03-24,6950
2405,輔信,10,0,10,福勝,2023-03-24,6950
2419,仲琦,10,0,10,福勝,2023-03-24,6950
2836,高雄銀,10,0,10,福勝,2023-03-24,6950
2851,中再保,10,0,10,福勝,2023-03-24,6950
3025,星通,11,1,10,福勝,2023-03-24,6950
3147,大綜,10,0,10,福勝,2023-03-24,6950
3207,耀勝,10,0,10,福勝,2023-03-24,6950
3272,東碩,10,0,10,福勝,2023-03-24,6950
3498,陽程,10,0,10,福勝,2023-03-24,6950
3576,聯合再生,10,0,10,福勝,2023-03-24,6950
3710,連展投控,10,0,10,福勝,2023-03-24,6950
6153,嘉聯益,10,0,10,福勝,2023-03-24,6950
8064,東捷,10,0,10,福勝,2023-03-24,6950
1312,國喬,9,0,9,福勝,2023-03-24,6950
1524,耿鼎,15,6,9,福勝,2023-03-24,6950
2617,台航,9,0,9,福勝,2023-03-24,6950
3038,全台,9,0,9,福勝,2023-03-24,6950
3624,光頡,10,1,9,福勝,2023-03-24,6950
00882,中信中國高股息,8,0,8,福勝,2023-03-24,6950
3715,定穎投控,14,6,8,福勝,2023-03-24,6950
4903,聯光通,8,0,8,福勝,2023-03-24,6950
2601,益航,8,0,8,福勝,2023-03-24,6950
1539,巨庭,20,13,7,福勝,2023-03-24,6950
2014,中鴻,7,0,7,福勝,2023-03-24,6950
2486,一詮,136,5,131,福勝,2023-03-27,6950
1605,華新,125,25,100,福勝,2023-03-27,6950
5603,陸海,50,0,50,福勝,2023-03-27,6950
1609,大亞,117,69,48,福勝,2023-03-27,6950
2317,鴻海,42,1,41,福勝,2023-03-27,6950
3056,富華新,40,1,39,福勝,2023-03-27,6950
2002,中鋼,36,0,36,福勝,2023-03-27,6950
2332,友訊,33,0,33,福勝,2023-03-27,6950
5425,台半,34,3,31,福勝,2023-03-27,6950
1220,台榮,30,0,30,福勝,2023-03-27,6950
6788,華景電,30,0,30,福勝,2023-03-27,6950
2427,三商電,26,0,26,福勝,2023-03-27,6950
6245,立端,26,2,24,福勝,2023-03-27,6950
1101,台泥,48,26,22,福勝,2023-03-27,6950
5289,宜鼎,24,2,22,福勝,2023-03-27,6950
6161,捷波,23,2,21,福勝,2023-03-27,6950
2836,高雄銀,20,0,20,福勝,2023-03-27,6950
2331,精英,21,2,19,福勝,2023-03-27,6950
8936,國統,19,0,19,福勝,2023-03-27,6950
1504,東元,31,13,18,福勝,2023-03-27,6950
6142,友勁,17,0,17,福勝,2023-03-27,6950
8403,盛弘,17,0,17,福勝,2023-03-27,6950
2105,正新,24,8,16,福勝,2023-03-27,6950
2344,華邦電,34,18,16,福勝,2023-03-27,6950
1589,永冠-KY,15,0,15,福勝,2023-03-27,6950
3037,欣興,17,3,14,福勝,2023-03-27,6950
2352,佳世達,13,0,13,福勝,2023-03-27,6950
2438,翔耀,12,0,12,福勝,2023-03-27,6950
3078,僑威,12,0,12,福勝,2023-03-27,6950
1718,中纖,11,0,11,福勝,2023-03-27,6950
2444,兆勁,11,0,11,福勝,2023-03-27,6950
3224,三顧,12,1,11,福勝,2023-03-27,6950
3704,合勤控,10,0,10,福勝,2023-03-27,6950
00902,中信電池及儲能,10,0,10,福勝,2023-03-27,6950
2034,允強,10,0,10,福勝,2023-03-27,6950
2883B,凱基金乙特,10,0,10,福勝,2023-03-27,6950
8033,雷虎,24,14,10,福勝,2023-03-27,6950
8150,南茂,10,0,10,福勝,2023-03-27,6950
9921,巨大,10,0,10,福勝,2023-03-27,6950
00882,中信中國高股息,9,0,9,福勝,2023-03-27,6950
00679B,元大美債20年,9,0,9,福勝,2023-03-27,6950
2610,華航,9,0,9,福勝,2023-03-27,6950
2890,永豐金,10,1,9,福勝,2023-03-27,6950
4532,瑞智,9,0,9,福勝,2023-03-27,6950
4566,時碩工業,10,1,9,福勝,2023-03-27,6950
6288,聯嘉,26,17,9,福勝,2023-03-27,6950
6443,元晶,9,0,9,福勝,2023-03-27,6950
2609,陽明,18,10,8,福勝,2023-03-27,6950
2201,裕隆,8,0,8,福勝,2023-03-27,6950
3338,泰碩,10,2,8,福勝,2023-03-27,6950
2634,漢翔,103,14,89,福勝,2023-03-28,6950
3231,緯創,69,15,54,福勝,2023-03-28,6950
6245,立端,54,2,52,福勝,2023-03-28,6950
1609,大亞,42,7,35,福勝,2023-03-28,6950
2303,聯電,34,0,34,福勝,2023-03-28,6950
3189,景碩,38,6,32,福勝,2023-03-28,6950
3037,欣興,31,2,29,福勝,2023-03-28,6950
2409,友達,29,0,29,福勝,2023-03-28,6950
2617,台航,29,0,29,福勝,2023-03-28,6950
00712,復華富時不動產,23,0,23,福勝,2023-03-28,6950
2002,中鋼,24,1,23,福勝,2023-03-28,6950
2603,長榮,22,1,21,福勝,2023-03-28,6950
2344,華邦電,21,1,20,福勝,2023-03-28,6950
2515,中工,20,0,20,福勝,2023-03-28,6950
2845,遠東銀,20,0,20,福勝,2023-03-28,6950
2892,第一金,20,0,20,福勝,2023-03-28,6950
3017,奇鋐,20,0,20,福勝,2023-03-28,6950
3105,穩懋,27,7,20,福勝,2023-03-28,6950
4113,聯上,20,0,20,福勝,2023-03-28,6950
5425,台半,20,0,20,福勝,2023-03-28,6950
6120,達運,20,0,20,福勝,2023-03-28,6950
6168,宏齊,29,10,19,福勝,2023-03-28,6950
6443,元晶,22,3,19,福勝,2023-03-28,6950
1101,台泥,20,2,18,福勝,2023-03-28,6950
2611,志信,18,0,18,福勝,2023-03-28,6950
3374,精材,22,4,18,福勝,2023-03-28,6950
0056,元大高股息,20,5,15,福勝,2023-03-28,6950
2891,中信金,15,0,15,福勝,2023-03-28,6950
3047,訊舟,14,0,14,福勝,2023-03-28,6950
4908,前鼎,14,0,14,福勝,2023-03-28,6950
6770,力積電,14,0,14,福勝,2023-03-28,6950
8121,越峰,14,0,14,福勝,2023-03-28,6950
8255,朋程,14,0,14,福勝,2023-03-28,6950
1309,台達化,13,1,12,福勝,2023-03-28,6950
5285,界霖,12,0,12,福勝,2023-03-28,6950
6279,胡連,13,1,12,福勝,2023-03-28,6950
6163,華電網,11,0,11,福勝,2023-03-28,6950
00679B,元大美債20年,10,0,10,福勝,2023-03-28,6950
2241,艾姆勒,10,0,10,福勝,2023-03-28,6950
2305,全友,10,0,10,福勝,2023-03-28,6950
2340,台亞,13,3,10,福勝,2023-03-28,6950
3260,威剛,20,10,10,福勝,2023-03-28,6950
3703,欣陸,10,0,10,福勝,2023-03-28,6950
5880,合庫金,10,0,10,福勝,2023-03-28,6950
6148,驊宏資,10,0,10,福勝,2023-03-28,6950
1708,東鹼,10,1,9,福勝,2023-03-28,6950
2359,所羅門,9,0,9,福勝,2023-03-28,6950
2801,彰銀,10,1,9,福勝,2023-03-28,6950
6226,光鼎,10,1,9,福勝,2023-03-28,6950
6233,旺玖,27,18,9,福勝,2023-03-28,6950
3105,穩懋,62,1,61,福勝,2023-03-29,6950
6116,彩晶,60,0,60,福勝,2023-03-29,6950
2337,旺宏,52,0,52,福勝,2023-03-29,6950
2342,茂矽,62,12,50,福勝,2023-03-29,6950
3715,定穎投控,67,23,44,福勝,2023-03-29,6950
00680L,元大美債20正2,41,0,41,福勝,2023-03-29,6950
00674R,期元大S＆P黃金反1,40,0,40,福勝,2023-03-29,6950
2617,台航,34,0,34,福勝,2023-03-29,6950
2303,聯電,44,11,33,福勝,2023-03-29,6950
8289,泰藝,32,0,32,福勝,2023-03-29,6950
6698,旭暉應材,33,2,31,福勝,2023-03-29,6950
2312,金寶,30,0,30,福勝,2023-03-29,6950
6120,達運,30,0,30,福勝,2023-03-29,6950
2637,慧洋-KY,27,0,27,福勝,2023-03-29,6950
5425,台半,24,1,23,福勝,2023-03-29,6950
2603,長榮,24,2,22,福勝,2023-03-29,6950
3374,精材,23,2,21,福勝,2023-03-29,6950
4908,前鼎,21,0,21,福勝,2023-03-29,6950
6770,力積電,24,3,21,福勝,2023-03-29,6950
2371,大同,20,0,20,福勝,2023-03-29,6950
2002,中鋼,20,1,19,福勝,2023-03-29,6950
2641,正德,20,1,19,福勝,2023-03-29,6950
2344,華邦電,18,0,18,福勝,2023-03-29,6950
3162,精確,19,1,18,福勝,2023-03-29,6950
3322,建舜電,18,0,18,福勝,2023-03-29,6950
00885,富邦越南,32,15,17,福勝,2023-03-29,6950
2402,毅嘉,17,2,15,福勝,2023-03-29,6950
5258,虹堡,18,4,14,福勝,2023-03-29,6950
1316,上曜,12,0,12,福勝,2023-03-29,6950
2014,中鴻,12,0,12,福勝,2023-03-29,6950
2461,光群雷,19,7,12,福勝,2023-03-29,6950
4919,新唐,12,0,12,福勝,2023-03-29,6950
5309,系統電,12,0,12,福勝,2023-03-29,6950
00679B,元大美債20年,11,0,11,福勝,2023-03-29,6950
2329,華泰,12,1,11,福勝,2023-03-29,6950
2408,南亞科,11,0,11,福勝,2023-03-29,6950
6245,立端,13,2,11,福勝,2023-03-29,6950
6753,龍德造船,18,7,11,福勝,2023-03-29,6950
00673R,期元大S＆P原油反1,10,0,10,福勝,2023-03-29,6950
00753L,中信中國50正2,10,0,10,福勝,2023-03-29,6950
2302,麗正,10,0,10,福勝,2023-03-29,6950
2486,一詮,10,0,10,福勝,2023-03-29,6950
2801,彰銀,10,0,10,福勝,2023-03-29,6950
3702,大聯大,10,0,10,福勝,2023-03-29,6950
4167,松瑞藥,10,0,10,福勝,2023-03-29,6950
6147,頎邦,10,0,10,福勝,2023-03-29,6950
1717,長興,8,0,8,福勝,2023-03-29,6950
3189,景碩,10,2,8,福勝,2023-03-29,6950
6285,啟��,16,8,8,福勝,2023-03-29,6950
00923,群益台ESG低碳50,7,0,7,福勝,2023-03-29,6950
3521,鴻翊,120,0,120,福勝,2023-03-30,6950
6245,立端,87,8,79,福勝,2023-03-30,6950
1609,大亞,74,20,54,福勝,2023-03-30,6950
2426,鼎元,40,3,37,福勝,2023-03-30,6950
6120,達運,30,0,30,福勝,2023-03-30,6950
6134,萬旭,39,12,27,福勝,2023-03-30,6950
6770,力積電,27,0,27,福勝,2023-03-30,6950
2889,國票金,26,0,26,福勝,2023-03-30,6950
6125,廣運,21,0,21,福勝,2023-03-30,6950
00679B,元大美債20年,18,0,18,福勝,2023-03-30,6950
3022,威強電,19,1,18,福勝,2023-03-30,6950
1605,華新,26,9,17,福勝,2023-03-30,6950
3078,僑威,18,3,15,福勝,2023-03-30,6950
1795,美時,17,3,14,福勝,2023-03-30,6950
2534,宏盛,13,0,13,福勝,2023-03-30,6950
2609,陽明,16,3,13,福勝,2023-03-30,6950
3218,大學光,13,1,12,福勝,2023-03-30,6950
6443,元晶,13,1,12,福勝,2023-03-30,6950
6546,正基,13,1,12,福勝,2023-03-30,6950
8110,華東,13,1,12,福勝,2023-03-30,6950
3518,柏騰,11,0,11,福勝,2023-03-30,6950
4545,銘鈺,11,0,11,福勝,2023-03-30,6950
5388,中磊,16,5,11,福勝,2023-03-30,6950
1802,台玻,10,0,10,福勝,2023-03-30,6950
2834,臺企銀,10,0,10,福勝,2023-03-30,6950
2836,高雄銀,10,0,10,福勝,2023-03-30,6950
2883,凱基金,11,1,10,福勝,2023-03-30,6950
3520,華盈,10,0,10,福勝,2023-03-30,6950
4906,正文,19,9,10,福勝,2023-03-30,6950
1101,台泥,9,0,9,福勝,2023-03-30,6950
8147,正淩,9,0,9,福勝,2023-03-30,6950
8150,南茂,10,1,9,福勝,2023-03-30,6950
00882,中信中國高股息,8,0,8,福勝,2023-03-30,6950
1503,士電,10,2,8,福勝,2023-03-30,6950
2753,八方雲集,7,0,7,福勝,2023-03-30,6950
2461,光群雷,7,0,7,福勝,2023-03-30,6950
1504,東元,13,7,6,福勝,2023-03-30,6950
1584,精剛,10,4,6,福勝,2023-03-30,6950
2027,大成鋼,10,4,6,福勝,2023-03-30,6950
2208,台船,6,0,6,福勝,2023-03-30,6950
2317,鴻海,7,1,6,福勝,2023-03-30,6950
2356,英業達,10,4,6,福勝,2023-03-30,6950
2409,友達,6,0,6,福勝,2023-03-30,6950
2455,全新,14,8,6,福勝,2023-03-30,6950
3523,迎輝,6,0,6,福勝,2023-03-30,6950
3552,同致,6,0,6,福勝,2023-03-30,6950
1708,東鹼,5,0,5,福勝,2023-03-30,6950
2353,宏��,6,1,5,福勝,2023-03-30,6950
2427,三商電,5,0,5,福勝,2023-03-30,6950
3035,智原,7,2,5,福勝,2023-03-30,6950
3521,鴻翊,80,0,80,福勝,2023-03-31,6950
1460,宏遠,72,0,72,福勝,2023-03-31,6950
1605,華新,68,3,65,福勝,2023-03-31,6950
3231,緯創,59,2,57,福勝,2023-03-31,6950
00878,國泰永續高股息,72,22,50,福勝,2023-03-31,6950
2486,一詮,50,0,50,福勝,2023-03-31,6950
6127,九豪,40,0,40,福勝,2023-03-31,6950
1611,中電,31,3,28,福勝,2023-03-31,6950
2356,英業達,30,2,28,福勝,2023-03-31,6950
2867,三商壽,26,0,26,福勝,2023-03-31,6950
2359,所羅門,28,5,23,福勝,2023-03-31,6950
2890,永豐金,22,0,22,福勝,2023-03-31,6950
00725B,國泰投資級公司債,20,0,20,福勝,2023-03-31,6950
3088,艾訊,20,0,20,福勝,2023-03-31,6950
1609,大亞,26,7,19,福勝,2023-03-31,6950
6245,立端,22,4,18,福勝,2023-03-31,6950
8936,國統,20,2,18,福勝,2023-03-31,6950
6129,普誠,17,0,17,福勝,2023-03-31,6950
00882,中信中國高股息,14,0,14,福勝,2023-03-31,6950
3354,律勝,25,13,12,福勝,2023-03-31,6950
2371,大同,11,0,11,福勝,2023-03-31,6950
3189,景碩,11,0,11,福勝,2023-03-31,6950
5258,虹堡,11,0,11,福勝,2023-03-31,6950
6770,力積電,14,3,11,福勝,2023-03-31,6950
1432,大魯閣,10,0,10,福勝,2023-03-31,6950
1232,大統益,10,0,10,福勝,2023-03-31,6950
2305,全友,10,0,10,福勝,2023-03-31,6950
2607,榮運,10,0,10,福勝,2023-03-31,6950
3380,明泰,10,0,10,福勝,2023-03-31,6950
6789,采鈺,10,0,10,福勝,2023-03-31,6950
8349,�矬�,10,0,10,福勝,2023-03-31,6950
00632R,元大台灣50反1,9,0,9,福勝,2023-03-31,6950
1513,中興電,10,2,8,福勝,2023-03-31,6950
3596,智易,8,0,8,福勝,2023-03-31,6950
3710,連展投控,8,0,8,福勝,2023-03-31,6950
5009,榮剛,8,0,8,福勝,2023-03-31,6950
6841,長佳智能,9,2,7,福勝,2023-03-31,6950
1762,中化生,7,0,7,福勝,2023-03-31,6950
2617,台航,7,0,7,福勝,2023-03-31,6950
3441,聯一光,7,0,7,福勝,2023-03-31,6950
6139,亞翔,9,2,7,福勝,2023-03-31,6950
00885,富邦越南,6,0,6,福勝,2023-03-31,6950
4545,銘鈺,6,0,6,福勝,2023-03-31,6950
6108,競國,6,0,6,福勝,2023-03-31,6950
6134,萬旭,11,5,6,福勝,2023-03-31,6950
6188,廣明,6,0,6,福勝,2023-03-31,6950
6576,逸達,6,0,6,福勝,2023-03-31,6950
8028,昇陽半導體,23,17,6,福勝,2023-03-31,6950
1447,力鵬,5,0,5,福勝,2023-03-31,6950
2328,廣宇,5,0,5,福勝,2023-03-31,6950
2408,南亞科,175,3,172,福勝,2023-04-06,6950
00878,國泰永續高股息,111,5,106,福勝,2023-04-06,6950
2324,仁寶,100,4,96,福勝,2023-04-06,6950
1447,力鵬,70,0,70,福勝,2023-04-06,6950
6120,達運,46,0,46,福勝,2023-04-06,6950
2484,希華,42,3,39,福勝,2023-04-06,6950
2344,華邦電,49,18,31,福勝,2023-04-06,6950
8222,寶一,34,3,31,福勝,2023-04-06,6950
1604,聲寶,50,20,30,福勝,2023-04-06,6950
2359,所羅門,23,0,23,福勝,2023-04-06,6950
6163,華電網,23,0,23,福勝,2023-04-06,6950
1312,國喬,57,37,20,福勝,2023-04-06,6950
2897,王道銀行,20,0,20,福勝,2023-04-06,6950
6770,力積電,23,4,19,福勝,2023-04-06,6950
2368,金像電,19,0,19,福勝,2023-04-06,6950
3652,精聯,19,0,19,福勝,2023-04-06,6950
2610,華航,22,5,17,福勝,2023-04-06,6950
4533,協易機,17,0,17,福勝,2023-04-06,6950
2615,萬海,26,10,16,福勝,2023-04-06,6950
3014,聯陽,15,0,15,福勝,2023-04-06,6950
2506,太設,14,0,14,福勝,2023-04-06,6950
6285,啟��,17,3,14,福勝,2023-04-06,6950
6443,元晶,16,2,14,福勝,2023-04-06,6950
2454,聯發科,13,0,13,福勝,2023-04-06,6950
4545,銘鈺,13,0,13,福勝,2023-04-06,6950
8069,元太,11,1,10,福勝,2023-04-06,6950
1605,華新,32,22,10,福勝,2023-04-06,6950
2208,台船,22,12,10,福勝,2023-04-06,6950
2883B,凱基金乙特,10,0,10,福勝,2023-04-06,6950
3059,華晶科,10,0,10,福勝,2023-04-06,6950
4207,環泰,10,0,10,福勝,2023-04-06,6950
5465,富驊,10,0,10,福勝,2023-04-06,6950
8096,擎亞,10,0,10,福勝,2023-04-06,6950
2337,旺宏,12,3,9,福勝,2023-04-06,6950
3596,智易,8,0,8,福勝,2023-04-06,6950
8070,長華*,8,0,8,福勝,2023-04-06,6950
00882,中信中國高股息,7,0,7,福勝,2023-04-06,6950
1337,再生-KY,6,0,6,福勝,2023-04-06,6950
1314,中石化,6,0,6,福勝,2023-04-06,6950
00637L,元大滬深300正2,6,0,6,福勝,2023-04-06,6950
00679B,元大美債20年,12,6,6,福勝,2023-04-06,6950
00895,富邦未來車,6,0,6,福勝,2023-04-06,6950
2331,精英,6,0,6,福勝,2023-04-06,6950
3264,欣銓,7,1,6,福勝,2023-04-06,6950
8028,昇陽半導體,10,4,6,福勝,2023-04-06,6950
3680,家登,5,0,5,福勝,2023-04-06,6950
1584,精剛,7,2,5,福勝,2023-04-06,6950
1810,和成,11,6,5,福勝,2023-04-06,6950
2413,環科,5,0,5,福勝,2023-04-06,6950
2618,長榮航,12,7,5,福勝,2023-04-06,6950
2408,南亞科,430,3,427,福勝,2023-04-07,6950
00671R,富邦NASDAQ反1,208,0,208,福勝,2023-04-07,6950
1795,美時,172,9,163,福勝,2023-04-07,6950
6235,華孚,65,18,47,福勝,2023-04-07,6950
00885,富邦越南,45,0,45,福勝,2023-04-07,6950
3056,富華新,44,5,39,福勝,2023-04-07,6950
5014,建錩,30,0,30,福勝,2023-04-07,6950
3015,全漢,22,0,22,福勝,2023-04-07,6950
00900,富邦特選高股息30,22,1,21,福勝,2023-04-07,6950
1604,聲寶,21,0,21,福勝,2023-04-07,6950
4979,華星光,23,2,21,福勝,2023-04-07,6950
6770,力積電,21,0,21,福勝,2023-04-07,6950
00725B,國泰投資級公司債,20,0,20,福勝,2023-04-07,6950
6120,達運,20,0,20,福勝,2023-04-07,6950
00632R,元大台灣50反1,17,0,17,福勝,2023-04-07,6950
5309,系統電,20,3,17,福勝,2023-04-07,6950
2344,華邦電,44,28,16,福勝,2023-04-07,6950
3038,全台,15,0,15,福勝,2023-04-07,6950
3236,千如,15,0,15,福勝,2023-04-07,6950
2208,台船,23,10,13,福勝,2023-04-07,6950
8070,長華*,14,1,13,福勝,2023-04-07,6950
1584,精剛,13,1,12,福勝,2023-04-07,6950
2206,三陽工業,12,1,11,福勝,2023-04-07,6950
2606,裕民,15,4,11,福勝,2023-04-07,6950
6125,廣運,14,3,11,福勝,2023-04-07,6950
2867,三商壽,10,0,10,福勝,2023-04-07,6950
2506,太設,10,0,10,福勝,2023-04-07,6950
2886,兆豐金,10,0,10,福勝,2023-04-07,6950
5608,四維航,13,3,10,福勝,2023-04-07,6950
6168,宏齊,10,0,10,福勝,2023-04-07,6950
6185,幃翔,10,0,10,福勝,2023-04-07,6950
6789,采鈺,10,0,10,福勝,2023-04-07,6950
8064,東捷,10,0,10,福勝,2023-04-07,6950
00679B,元大美債20年,9,0,9,福勝,2023-04-07,6950
2645,長榮航太,9,0,9,福勝,2023-04-07,6950
2002,中鋼,9,0,9,福勝,2023-04-07,6950
1314,中石化,8,0,8,福勝,2023-04-07,6950
3090,日電貿,8,0,8,福勝,2023-04-07,6950
4164,承業醫,10,2,8,福勝,2023-04-07,6950
8069,元太,13,5,8,福勝,2023-04-07,6950
6282,康舒,8,1,7,福勝,2023-04-07,6950
00878,國泰永續高股息,7,0,7,福勝,2023-04-07,6950
1101,台泥,7,0,7,福勝,2023-04-07,6950
2453,凌群,7,0,7,福勝,2023-04-07,6950
2731,雄獅,13,6,7,福勝,2023-04-07,6950
5388,中磊,7,0,7,福勝,2023-04-07,6950
6147,頎邦,7,0,7,福勝,2023-04-07,6950
1308,亞聚,6,0,6,福勝,2023-04-07,6950
1591,駿吉-KY,6,0,6,福勝,2023-04-07,6950
1708,東鹼,6,0,6,福勝,2023-04-07,6950
00893,國泰智能電動車,86,0,86,福勝,2023-04-10,6950
5014,建錩,80,0,80,福勝,2023-04-10,6950
2637,慧洋-KY,52,2,50,福勝,2023-04-10,6950
2208,台船,85,36,49,福勝,2023-04-10,6950
2337,旺宏,44,0,44,福勝,2023-04-10,6950
2603,長榮,42,3,39,福勝,2023-04-10,6950
3056,富華新,40,1,39,福勝,2023-04-10,6950
1604,聲寶,30,1,29,福勝,2023-04-10,6950
6461,益得,22,1,21,福勝,2023-04-10,6950
00878,國泰永續高股息,24,4,20,福勝,2023-04-10,6950
1731,美吾華,20,0,20,福勝,2023-04-10,6950
3540,曜越,20,0,20,福勝,2023-04-10,6950
6245,立端,17,0,17,福勝,2023-04-10,6950
3035,智原,18,2,16,福勝,2023-04-10,6950
2303,聯電,19,4,15,福勝,2023-04-10,6950
6753,龍德造船,18,3,15,福勝,2023-04-10,6950
6770,力積電,17,3,14,福勝,2023-04-10,6950
1605,華新,29,16,13,福勝,2023-04-10,6950
00720B,元大投資級公司債,15,2,13,福勝,2023-04-10,6950
1609,大亞,54,41,13,福勝,2023-04-10,6950
4908,前鼎,13,0,13,福勝,2023-04-10,6950
2867,三商壽,12,0,12,福勝,2023-04-10,6950
2609,陽明,23,12,11,福勝,2023-04-10,6950
3322,建舜電,11,0,11,福勝,2023-04-10,6950
00637L,元大滬深300正2,10,0,10,福勝,2023-04-10,6950
00632R,元大台灣50反1,10,0,10,福勝,2023-04-10,6950
00712,復華富時不動產,10,0,10,福勝,2023-04-10,6950
00725B,國泰投資級公司債,10,0,10,福勝,2023-04-10,6950
1319,東陽,11,1,10,福勝,2023-04-10,6950
2420,新巨,10,0,10,福勝,2023-04-10,6950
2478,大毅,10,0,10,福勝,2023-04-10,6950
4167,松瑞藥,10,0,10,福勝,2023-04-10,6950
4533,協易機,10,0,10,福勝,2023-04-10,6950
4562,穎漢,10,0,10,福勝,2023-04-10,6950
6120,達運,10,0,10,福勝,2023-04-10,6950
6182,合晶,26,16,10,福勝,2023-04-10,6950
8050,廣積,13,3,10,福勝,2023-04-10,6950
8183,精星,14,4,10,福勝,2023-04-10,6950
9962,有益,10,0,10,福勝,2023-04-10,6950
5469,瀚宇博,13,4,9,福勝,2023-04-10,6950
2359,所羅門,10,2,8,福勝,2023-04-10,6950
2618,長榮航,8,0,8,福勝,2023-04-10,6950
6271,同欣電,8,0,8,福勝,2023-04-10,6950
6285,啟��,8,0,8,福勝,2023-04-10,6950
8926,台汽電,13,5,8,福勝,2023-04-10,6950
1504,東元,25,17,8,福勝,2023-04-10,6950
2483,百容,9,2,7,福勝,2023-04-10,6950
2534,宏盛,7,0,7,福勝,2023-04-10,6950
00885,富邦越南,10,4,6,福勝,2023-04-10,6950
2371,大同,6,0,6,福勝,2023-04-10,6950
2867,三商壽,141,35,106,福勝,2023-04-11,6950
6005,群益證,50,0,50,福勝,2023-04-11,6950
2413,環科,42,6,36,福勝,2023-04-11,6950
4207,環泰,25,0,25,福勝,2023-04-11,6950
4906,正文,25,0,25,福勝,2023-04-11,6950
2401,凌陽,20,0,20,福勝,2023-04-11,6950
4746,台耀,20,0,20,福勝,2023-04-11,6950
5014,建錩,20,0,20,福勝,2023-04-11,6950
6125,廣運,20,0,20,福勝,2023-04-11,6950
6213,聯茂,20,0,20,福勝,2023-04-11,6950
4533,協易機,22,4,18,福勝,2023-04-11,6950
00885,富邦越南,17,0,17,福勝,2023-04-11,6950
6245,立端,17,1,16,福勝,2023-04-11,6950
00712,復華富時不動產,16,0,16,福勝,2023-04-11,6950
8183,精星,20,6,14,福勝,2023-04-11,6950
1589,永冠-KY,13,0,13,福勝,2023-04-11,6950
00772B,中信高評級公司債,13,0,13,福勝,2023-04-11,6950
2303,聯電,13,0,13,福勝,2023-04-11,6950
3231,緯創,24,11,13,福勝,2023-04-11,6950
5309,系統電,13,0,13,福勝,2023-04-11,6950
6152,百一,19,6,13,福勝,2023-04-11,6950
6282,康舒,13,0,13,福勝,2023-04-11,6950
6285,啟��,13,0,13,福勝,2023-04-11,6950
6770,力積電,22,10,12,福勝,2023-04-11,6950
2634,漢翔,37,26,11,福勝,2023-04-11,6950
4919,新唐,12,1,11,福勝,2023-04-11,6950
6461,益得,21,10,11,福勝,2023-04-11,6950
8349,�矬�,11,0,11,福勝,2023-04-11,6950
2534,宏盛,10,0,10,福勝,2023-04-11,6950
3272,東碩,10,0,10,福勝,2023-04-11,6950
3479,安勤,10,0,10,福勝,2023-04-11,6950
5328,華容,10,0,10,福勝,2023-04-11,6950
6138,茂達,12,2,10,福勝,2023-04-11,6950
6148,驊宏資,10,0,10,福勝,2023-04-11,6950
6248,沛波,12,2,10,福勝,2023-04-11,6950
6535,順藥,10,0,10,福勝,2023-04-11,6950
8103,瀚荃,10,0,10,福勝,2023-04-11,6950
2603,長榮,14,4,10,福勝,2023-04-11,6950
00713,元大台灣高息低波,9,0,9,福勝,2023-04-11,6950
3017,奇鋐,10,1,9,福勝,2023-04-11,6950
6127,九豪,14,5,9,福勝,2023-04-11,6950
6180,橘子,10,1,9,福勝,2023-04-11,6950
6233,旺玖,10,1,9,福勝,2023-04-11,6950
6288,聯嘉,9,0,9,福勝,2023-04-11,6950
00881,國泰台灣5G+,8,0,8,福勝,2023-04-11,6950
2027,大成鋼,8,0,8,福勝,2023-04-11,6950
2324,仁寶,12,4,8,福勝,2023-04-11,6950
6118,建達,9,2,7,福勝,2023-04-11,6950
6223,旺矽,7,0,7,福勝,2023-04-11,6950
8050,廣積,15,8,7,福勝,2023-04-11,6950
1795,美時,210,1,209,福勝,2023-04-12,6950
2634,漢翔,168,51,117,福勝,2023-04-12,6950
3481,群創,120,22,98,福勝,2023-04-12,6950
5488,松普,64,0,64,福勝,2023-04-12,6950
8383,千附,52,0,52,福勝,2023-04-12,6950
1584,精剛,43,12,31,福勝,2023-04-12,6950
1313,聯成,30,0,30,福勝,2023-04-12,6950
00632R,元大台灣50反1,30,0,30,福勝,2023-04-12,6950
5425,台半,40,10,30,福勝,2023-04-12,6950
8076,伍豐,30,0,30,福勝,2023-04-12,6950
1326,台化,28,0,28,福勝,2023-04-12,6950
3209,全科,30,3,27,福勝,2023-04-12,6950
00878,國泰永續高股息,30,5,25,福勝,2023-04-12,6950
3041,揚智,30,5,25,福勝,2023-04-12,6950
4155,訊映,25,0,25,福勝,2023-04-12,6950
6127,九豪,37,13,24,福勝,2023-04-12,6950
3545,敦泰,28,6,22,福勝,2023-04-12,6950
1337,再生-KY,22,0,22,福勝,2023-04-12,6950
00673R,期元大S＆P原油反1,20,0,20,福勝,2023-04-12,6950
4915,致伸,20,0,20,福勝,2023-04-12,6950
6461,益得,27,7,20,福勝,2023-04-12,6950
1409,新纖,20,1,19,福勝,2023-04-12,6950
2380,虹光,17,0,17,福勝,2023-04-12,6950
6235,華孚,23,6,17,福勝,2023-04-12,6950
3059,華晶科,16,0,16,福勝,2023-04-12,6950
6125,廣運,17,1,16,福勝,2023-04-12,6950
8436,大江,19,3,16,福勝,2023-04-12,6950
1718,中纖,15,0,15,福勝,2023-04-12,6950
2313,華通,16,2,14,福勝,2023-04-12,6950
6163,華電網,24,10,14,福勝,2023-04-12,6950
00892,富邦台灣半導體,13,0,13,福勝,2023-04-12,6950
00891,中信關鍵半導體,13,0,13,福勝,2023-04-12,6950
2371,大同,15,2,13,福勝,2023-04-12,6950
3006,晶豪科,20,7,13,福勝,2023-04-12,6950
3017,奇鋐,13,0,13,福勝,2023-04-12,6950
3029,零壹,13,0,13,福勝,2023-04-12,6950
4532,瑞智,13,0,13,福勝,2023-04-12,6950
6649,台生材,13,0,13,福勝,2023-04-12,6950
8088,品安,20,7,13,福勝,2023-04-12,6950
2427,三商電,12,0,12,福勝,2023-04-12,6950
2610,華航,13,2,11,福勝,2023-04-12,6950
00773B,中信優先金融債,10,0,10,福勝,2023-04-12,6950
1529,樂事綠能,10,0,10,福勝,2023-04-12,6950
2069,運錩,10,0,10,福勝,2023-04-12,6950
2388,威盛,11,1,10,福勝,2023-04-12,6950
2542,興富發,10,0,10,福勝,2023-04-12,6950
6015,宏遠證,10,0,10,福勝,2023-04-12,6950
6290,良維,10,0,10,福勝,2023-04-12,6950
8926,台汽電,10,0,10,福勝,2023-04-12,6950
1314,中石化,14,5,9,福勝,2023-04-12,6950
6167,久正,203,0,203,福勝,2023-04-13,6950
00912,中信臺灣智慧50,120,0,120,福勝,2023-04-13,6950
1316,上曜,95,0,95,福勝,2023-04-13,6950
6163,華電網,100,9,91,福勝,2023-04-13,6950
2329,華泰,67,0,67,福勝,2023-04-13,6950
00648R,元大S＆P500反1,60,0,60,福勝,2023-04-13,6950
2388,威盛,57,0,57,福勝,2023-04-13,6950
2610,華航,134,82,52,福勝,2023-04-13,6950
2515,中工,98,46,52,福勝,2023-04-13,6950
00669R,國泰美國道瓊反1,51,0,51,福勝,2023-04-13,6950
6104,創惟,51,5,46,福勝,2023-04-13,6950
1504,東元,64,19,45,福勝,2023-04-13,6950
2337,旺宏,54,13,41,福勝,2023-04-13,6950
00673R,期元大S＆P原油反1,37,0,37,福勝,2023-04-13,6950
3056,富華新,37,0,37,福勝,2023-04-13,6950
00923,群益台ESG低碳50,34,0,34,福勝,2023-04-13,6950
3576,聯合再生,64,31,33,福勝,2023-04-13,6950
5388,中磊,33,0,33,福勝,2023-04-13,6950
00674R,期元大S＆P黃金反1,30,1,29,福勝,2023-04-13,6950
3325,旭品,30,1,29,福勝,2023-04-13,6950
2344,華邦電,32,4,28,福勝,2023-04-13,6950
2208,台船,110,82,28,福勝,2023-04-13,6950
2886,兆豐金,27,0,27,福勝,2023-04-13,6950
2358,廷鑫,29,6,23,福勝,2023-04-13,6950
1313,聯成,30,7,23,福勝,2023-04-13,6950
4915,致伸,22,0,22,福勝,2023-04-13,6950
1707,葡萄王,21,0,21,福勝,2023-04-13,6950
4728,雙美,21,0,21,福勝,2023-04-13,6950
6753,龍德造船,22,1,21,福勝,2023-04-13,6950
00679B,元大美債20年,20,0,20,福勝,2023-04-13,6950
8383,千附,20,0,20,福勝,2023-04-13,6950
9939,宏全,20,0,20,福勝,2023-04-13,6950
3711,日月光投控,19,0,19,福勝,2023-04-13,6950
2834,臺企銀,20,1,19,福勝,2023-04-13,6950
2303,聯電,18,1,17,福勝,2023-04-13,6950
1605,華新,28,11,17,福勝,2023-04-13,6950
2330,台積電,16,1,15,福勝,2023-04-13,6950
2897,王道銀行,15,1,14,福勝,2023-04-13,6950
3006,晶豪科,14,1,13,福勝,2023-04-13,6950
2014,中鴻,14,1,13,福勝,2023-04-13,6950
2027,大成鋼,14,1,13,福勝,2023-04-13,6950
2390,云辰,13,0,13,福勝,2023-04-13,6950
3033,威健,13,0,13,福勝,2023-04-13,6950
6547,高端疫苗,14,1,13,福勝,2023-04-13,6950
2323,中環,18,5,13,福勝,2023-04-13,6950
6282,康舒,13,1,12,福勝,2023-04-13,6950
5351,鈺創,14,2,12,福勝,2023-04-13,6950
00900,富邦特選高股息30,11,0,11,福勝,2023-04-13,6950
00896,中信綠能及電動車,11,0,11,福勝,2023-04-13,6950
0056,元大高股息,17,6,11,福勝,2023-04-13,6950
00878,國泰永續高股息,85,6,79,福勝,2023-04-14,6950
8110,華東,75,9,66,福勝,2023-04-14,6950
2208,台船,127,66,61,福勝,2023-04-14,6950
2344,華邦電,62,6,56,福勝,2023-04-14,6950
6290,良維,50,1,49,福勝,2023-04-14,6950
2601,益航,40,2,38,福勝,2023-04-14,6950
8936,國統,38,1,37,福勝,2023-04-14,6950
2610,華航,53,20,33,福勝,2023-04-14,6950
6167,久正,32,4,28,福勝,2023-04-14,6950
1618,合機,27,0,27,福勝,2023-04-14,6950
4979,華星光,29,2,27,福勝,2023-04-14,6950
6806,森崴能源,32,5,27,福勝,2023-04-14,6950
00712,復華富時不動產,26,0,26,福勝,2023-04-14,6950
8222,寶一,33,7,26,福勝,2023-04-14,6950
00885,富邦越南,25,0,25,福勝,2023-04-14,6950
00900,富邦特選高股息30,24,0,24,福勝,2023-04-14,6950
2867,三商壽,60,36,24,福勝,2023-04-14,6950
3289,宜特,25,3,22,福勝,2023-04-14,6950
1417,嘉裕,21,0,21,福勝,2023-04-14,6950
1608,華榮,21,0,21,福勝,2023-04-14,6950
2402,毅嘉,25,4,21,福勝,2023-04-14,6950
2605,新興,21,0,21,福勝,2023-04-14,6950
3481,群創,29,8,21,福勝,2023-04-14,6950
2440,太空梭,20,0,20,福勝,2023-04-14,6950
2368,金像電,23,4,19,福勝,2023-04-14,6950
2409,友達,33,14,19,福勝,2023-04-14,6950
00772B,中信高評級公司債,23,5,18,福勝,2023-04-14,6950
1314,中石化,16,0,16,福勝,2023-04-14,6950
1503,士電,26,10,16,福勝,2023-04-14,6950
2438,翔耀,16,0,16,福勝,2023-04-14,6950
3010,華立,15,0,15,福勝,2023-04-14,6950
6789,采鈺,15,0,15,福勝,2023-04-14,6950
4541,晟田,24,10,14,福勝,2023-04-14,6950
6770,力積電,23,9,14,福勝,2023-04-14,6950
2427,三商電,20,7,13,福勝,2023-04-14,6950
4155,訊映,13,0,13,福勝,2023-04-14,6950
6182,合晶,43,30,13,福勝,2023-04-14,6950
2002,中鋼,24,12,12,福勝,2023-04-14,6950
2323,中環,12,0,12,福勝,2023-04-14,6950
6788,華景電,12,0,12,福勝,2023-04-14,6950
4915,致伸,13,1,12,福勝,2023-04-14,6950
00679B,元大美債20年,13,2,11,福勝,2023-04-14,6950
00888,永豐台灣ESG,11,0,11,福勝,2023-04-14,6950
1220,台榮,11,0,11,福勝,2023-04-14,6950
1515,力山,11,0,11,福勝,2023-04-14,6950
2314,台揚,12,1,11,福勝,2023-04-14,6950
2630,亞航,12,1,11,福勝,2023-04-14,6950
6179,亞通,11,0,11,福勝,2023-04-14,6950
1409,新纖,10,0,10,福勝,2023-04-14,6950
2387,精元,10,0,10,福勝,2023-04-14,6950
2867,三商壽,350,0,350,福勝,2023-04-17,6950
2206,三陽工業,153,23,130,福勝,2023-04-17,6950
2303,聯電,100,13,87,福勝,2023-04-17,6950
2609,陽明,75,8,67,福勝,2023-04-17,6950
8110,華東,60,0,60,福勝,2023-04-17,6950
2324,仁寶,58,0,58,福勝,2023-04-17,6950
2002,中鋼,49,1,48,福勝,2023-04-17,6950
2610,華航,69,22,47,福勝,2023-04-17,6950
1605,華新,78,32,46,福勝,2023-04-17,6950
2515,中工,50,5,45,福勝,2023-04-17,6950
1720,生達,42,2,40,福勝,2023-04-17,6950
00720B,元大投資級公司債,36,0,36,福勝,2023-04-17,6950
6182,合晶,45,13,32,福勝,2023-04-17,6950
3209,全科,30,0,30,福勝,2023-04-17,6950
3518,柏騰,29,0,29,福勝,2023-04-17,6950
2603,長榮,38,13,25,福勝,2023-04-17,6950
2409,友達,26,1,25,福勝,2023-04-17,6950
6190,萬泰科,37,12,25,福勝,2023-04-17,6950
2329,華泰,24,0,24,福勝,2023-04-17,6950
1611,中電,20,0,20,福勝,2023-04-17,6950
2488,漢平,20,0,20,福勝,2023-04-17,6950
3481,群創,35,15,20,福勝,2023-04-17,6950
4927,泰鼎-KY,20,0,20,福勝,2023-04-17,6950
1810,和成,30,12,18,福勝,2023-04-17,6950
1612,宏泰,21,4,17,福勝,2023-04-17,6950
2634,漢翔,366,349,17,福勝,2023-04-17,6950
00878,國泰永續高股息,16,0,16,福勝,2023-04-17,6950
3032,偉訓,19,4,15,福勝,2023-04-17,6950
1609,大亞,35,21,14,福勝,2023-04-17,6950
3712,永崴投控,29,15,14,福勝,2023-04-17,6950
6275,元山,16,2,14,福勝,2023-04-17,6950
6125,廣運,16,3,13,福勝,2023-04-17,6950
8028,昇陽半導體,13,1,12,福勝,2023-04-17,6950
6116,彩晶,15,3,12,福勝,2023-04-17,6950
2349,錸德,11,0,11,福勝,2023-04-17,6950
3207,耀勝,11,0,11,福勝,2023-04-17,6950
3594,磐儀,11,0,11,福勝,2023-04-17,6950
3652,精聯,11,0,11,福勝,2023-04-17,6950
5531,鄉林,11,0,11,福勝,2023-04-17,6950
1409,新纖,10,0,10,福勝,2023-04-17,6950
1319,東陽,10,0,10,福勝,2023-04-17,6950
1303,南亞,10,0,10,福勝,2023-04-17,6950
00687B,國泰20年美債,10,0,10,福勝,2023-04-17,6950
2332,友訊,10,0,10,福勝,2023-04-17,6950
2453,凌群,13,3,10,福勝,2023-04-17,6950
2458,義隆,10,0,10,福勝,2023-04-17,6950
2462,良得電,10,0,10,福勝,2023-04-17,6950
2476,鉅祥,12,2,10,福勝,2023-04-17,6950
2734,易飛網,10,0,10,福勝,2023-04-17,6950
3031,佰鴻,10,0,10,福勝,2023-04-17,6950
2634,漢翔,408,198,210,福勝,2023-04-18,6950
2413,環科,125,4,121,福勝,2023-04-18,6950
00900,富邦特選高股息30,110,0,110,福勝,2023-04-18,6950
00679B,元大美債20年,108,0,108,福勝,2023-04-18,6950
2867,三商壽,102,0,102,福勝,2023-04-18,6950
00907,永豐優息存股,100,0,100,福勝,2023-04-18,6950
00878,國泰永續高股息,66,6,60,福勝,2023-04-18,6950
6456,GIS-KY,59,0,59,福勝,2023-04-18,6950
2409,友達,59,5,54,福勝,2023-04-18,6950
1536,和大,52,0,52,福勝,2023-04-18,6950
1609,大亞,57,12,45,福勝,2023-04-18,6950
3013,晟銘電,51,10,41,福勝,2023-04-18,6950
2312,金寶,40,0,40,福勝,2023-04-18,6950
2486,一詮,40,0,40,福勝,2023-04-18,6950
8105,凌巨,79,39,40,福勝,2023-04-18,6950
3380,明泰,50,11,39,福勝,2023-04-18,6950
1810,和成,42,5,37,福勝,2023-04-18,6950
1605,華新,45,11,34,福勝,2023-04-18,6950
2344,華邦電,43,10,33,福勝,2023-04-18,6950
00772B,中信高評級公司債,31,0,31,福勝,2023-04-18,6950
4541,晟田,31,0,31,福勝,2023-04-18,6950
4572,駐龍,30,0,30,福勝,2023-04-18,6950
00893,國泰智能電動車,31,5,26,福勝,2023-04-18,6950
1305,華夏,25,0,25,福勝,2023-04-18,6950
4130,健亞,25,0,25,福勝,2023-04-18,6950
2637,慧洋-KY,26,2,24,福勝,2023-04-18,6950
3712,永崴投控,25,1,24,福勝,2023-04-18,6950
2834,臺企銀,30,7,23,福勝,2023-04-18,6950
6163,華電網,24,1,23,福勝,2023-04-18,6950
1504,東元,35,13,22,福勝,2023-04-18,6950
5258,虹堡,23,1,22,福勝,2023-04-18,6950
00632R,元大台灣50反1,20,0,20,福勝,2023-04-18,6950
00687B,國泰20年美債,20,0,20,福勝,2023-04-18,6950
3714,富采,21,1,20,福勝,2023-04-18,6950
1444,力麗,47,28,19,福勝,2023-04-18,6950
1809,中釉,37,18,19,福勝,2023-04-18,6950
00712,復華富時不動產,17,0,17,福勝,2023-04-18,6950
6457,紘康,17,0,17,福勝,2023-04-18,6950
00922,國泰台灣領袖50,16,0,16,福勝,2023-04-18,6950
3056,富華新,16,0,16,福勝,2023-04-18,6950
3236,千如,23,7,16,福勝,2023-04-18,6950
5608,四維航,20,4,16,福勝,2023-04-18,6950
1312,國喬,15,0,15,福勝,2023-04-18,6950
2313,華通,24,9,15,福勝,2023-04-18,6950
3037,欣興,15,0,15,福勝,2023-04-18,6950
3046,建��,27,12,15,福勝,2023-04-18,6950
4533,協易機,15,0,15,福勝,2023-04-18,6950
5457,宣德,15,0,15,福勝,2023-04-18,6950
3481,群創,14,0,14,福勝,2023-04-18,6950
6104,創惟,17,3,14,福勝,2023-04-18,6950
5608,四維航,48,0,48,福勝,2023-04-19,6950
3058,立德,66,22,44,福勝,2023-04-19,6950
4545,銘鈺,39,0,39,福勝,2023-04-19,6950
1810,和成,56,19,37,福勝,2023-04-19,6950
1314,中石化,36,0,36,福勝,2023-04-19,6950
6457,紘康,35,0,35,福勝,2023-04-19,6950
2388,威盛,32,1,31,福勝,2023-04-19,6950
3712,永崴投控,31,0,31,福勝,2023-04-19,6950
8163,達方,32,1,31,福勝,2023-04-19,6950
1909,榮成,30,0,30,福勝,2023-04-19,6950
3481,群創,84,56,28,福勝,2023-04-19,6950
3189,景碩,33,5,28,福勝,2023-04-19,6950
2409,友達,49,22,27,福勝,2023-04-19,6950
1809,中釉,26,1,25,福勝,2023-04-19,6950
2601,益航,24,0,24,福勝,2023-04-19,6950
2637,慧洋-KY,23,0,23,福勝,2023-04-19,6950
2633,台灣高鐵,23,0,23,福勝,2023-04-19,6950
3056,富華新,40,17,23,福勝,2023-04-19,6950
5512,力麒,22,0,22,福勝,2023-04-19,6950
2314,台揚,24,3,21,福勝,2023-04-19,6950
2486,一詮,21,0,21,福勝,2023-04-19,6950
1442,名軒,20,0,20,福勝,2023-04-19,6950
1589,永冠-KY,20,0,20,福勝,2023-04-19,6950
4541,晟田,26,6,20,福勝,2023-04-19,6950
5258,虹堡,20,0,20,福勝,2023-04-19,6950
6164,華興,20,0,20,福勝,2023-04-19,6950
6220,岳豐,20,0,20,福勝,2023-04-19,6950
8936,國統,20,0,20,福勝,2023-04-19,6950
2498,宏達電,21,1,20,福勝,2023-04-19,6950
3030,德律,20,1,19,福勝,2023-04-19,6950
2845,遠東銀,18,0,18,福勝,2023-04-19,6950
4915,致伸,21,3,18,福勝,2023-04-19,6950
6160,欣技,38,20,18,福勝,2023-04-19,6950
2406,國碩,20,3,17,福勝,2023-04-19,6950
5457,宣德,16,0,16,福勝,2023-04-19,6950
6125,廣運,28,12,16,福勝,2023-04-19,6950
6167,久正,16,0,16,福勝,2023-04-19,6950
8105,凌巨,28,12,16,福勝,2023-04-19,6950
3037,欣興,20,6,14,福勝,2023-04-19,6950
00772B,中信高評級公司債,15,1,14,福勝,2023-04-19,6950
2607,榮運,14,0,14,福勝,2023-04-19,6950
4979,華星光,17,3,14,福勝,2023-04-19,6950
8210,勤誠,15,1,14,福勝,2023-04-19,6950
3576,聯合再生,86,73,13,福勝,2023-04-19,6950
2317,鴻海,15,2,13,福勝,2023-04-19,6950
2344,華邦電,16,3,13,福勝,2023-04-19,6950
6664,群翊,13,0,13,福勝,2023-04-19,6950
2313,華通,13,1,12,福勝,2023-04-19,6950
3003,健和興,24,12,12,福勝,2023-04-19,6950
3652,精聯,13,1,12,福勝,2023-04-19,6950
00669R,國泰美國道瓊反1,115,6,109,福勝,2023-04-20,6950
2867,三商壽,96,0,96,福勝,2023-04-20,6950
2409,友達,97,10,87,福勝,2023-04-20,6950
3030,德律,68,0,68,福勝,2023-04-20,6950
2634,漢翔,66,3,63,福勝,2023-04-20,6950
6244,茂迪,106,46,60,福勝,2023-04-20,6950
2630,亞航,58,0,58,福勝,2023-04-20,6950
8110,華東,55,0,55,福勝,2023-04-20,6950
1321,大洋,50,0,50,福勝,2023-04-20,6950
6770,力積電,65,16,49,福勝,2023-04-20,6950
2027,大成鋼,48,0,48,福勝,2023-04-20,6950
2303,聯電,36,0,36,福勝,2023-04-20,6950
00713,元大台灣高息低波,34,0,34,福勝,2023-04-20,6950
2344,華邦電,64,30,34,福勝,2023-04-20,6950
2312,金寶,48,16,32,福勝,2023-04-20,6950
1810,和成,52,23,29,福勝,2023-04-20,6950
2388,威盛,30,1,29,福勝,2023-04-20,6950
3576,聯合再生,34,5,29,福勝,2023-04-20,6950
2324,仁寶,28,0,28,福勝,2023-04-20,6950
1584,精剛,29,2,27,福勝,2023-04-20,6950
6443,元晶,35,10,25,福勝,2023-04-20,6950
3205,佰研,25,1,24,福勝,2023-04-20,6950
6134,萬旭,65,42,23,福勝,2023-04-20,6950
3147,大綜,20,0,20,福勝,2023-04-20,6950
3374,精材,20,0,20,福勝,2023-04-20,6950
8183,精星,19,0,19,福勝,2023-04-20,6950
1519,華城,22,5,17,福勝,2023-04-20,6950
1609,大亞,29,12,17,福勝,2023-04-20,6950
2402,毅嘉,18,1,17,福勝,2023-04-20,6950
2498,宏達電,19,2,17,福勝,2023-04-20,6950
1783,和康生,23,7,16,福勝,2023-04-20,6950
2427,三商電,16,0,16,福勝,2023-04-20,6950
3715,定穎投控,24,8,16,福勝,2023-04-20,6950
1101,台泥,19,4,15,福勝,2023-04-20,6950
2834,臺企銀,15,0,15,福勝,2023-04-20,6950
5258,虹堡,15,1,14,福勝,2023-04-20,6950
2457,飛宏,20,6,14,福勝,2023-04-20,6950
2883,凱基金,17,3,14,福勝,2023-04-20,6950
2342,茂矽,13,0,13,福勝,2023-04-20,6950
3704,合勤控,15,2,13,福勝,2023-04-20,6950
00720B,元大投資級公司債,12,0,12,福勝,2023-04-20,6950
2484,希華,26,14,12,福勝,2023-04-20,6950
6129,普誠,12,0,12,福勝,2023-04-20,6950
00878,國泰永續高股息,12,1,11,福勝,2023-04-20,6950
3027,盛達,13,2,11,福勝,2023-04-20,6950
4155,訊映,11,0,11,福勝,2023-04-20,6950
2323,中環,15,5,10,福勝,2023-04-20,6950
00636,國泰中國A50,10,0,10,福勝,2023-04-20,6950
00632R,元大台灣50反1,10,0,10,福勝,2023-04-20,6950
00891,中信關鍵半導體,10,0,10,福勝,2023-04-20,6950
2913,農林,119,13,106,福勝,2023-04-21,6950
9902,台火,103,1,102,福勝,2023-04-21,6950
0056,元大高股息,76,8,68,福勝,2023-04-21,6950
8155,博智,60,2,58,福勝,2023-04-21,6950
1409,新纖,51,0,51,福勝,2023-04-21,6950
3056,富華新,52,3,49,福勝,2023-04-21,6950
2634,漢翔,109,61,48,福勝,2023-04-21,6950
6290,良維,48,0,48,福勝,2023-04-21,6950
2836,高雄銀,40,0,40,福勝,2023-04-21,6950
5203,訊連,38,0,38,福勝,2023-04-21,6950
00715L,期街口布蘭特正2,37,0,37,福勝,2023-04-21,6950
1611,中電,59,24,35,福勝,2023-04-21,6950
6770,力積電,45,14,31,福勝,2023-04-21,6950
3481,群創,49,19,30,福勝,2023-04-21,6950
5258,虹堡,29,2,27,福勝,2023-04-21,6950
1907,永豐餘,51,24,27,福勝,2023-04-21,6950
2615,萬海,41,15,26,福勝,2023-04-21,6950
1314,中石化,31,6,25,福勝,2023-04-21,6950
5243,乙盛-KY,24,1,23,福勝,2023-04-21,6950
2609,陽明,30,8,22,福勝,2023-04-21,6950
00878,國泰永續高股息,27,6,21,福勝,2023-04-21,6950
1513,中興電,38,17,21,福勝,2023-04-21,6950
6163,華電網,29,9,20,福勝,2023-04-21,6950
00900,富邦特選高股息30,19,0,19,福勝,2023-04-21,6950
3715,定穎投控,20,1,19,福勝,2023-04-21,6950
6282,康舒,48,30,18,福勝,2023-04-21,6950
8936,國統,16,0,16,福勝,2023-04-21,6950
5533,皇鼎,15,0,15,福勝,2023-04-21,6950
6456,GIS-KY,16,1,15,福勝,2023-04-21,6950
2303,聯電,16,2,14,福勝,2023-04-21,6950
4114,健喬,16,2,14,福勝,2023-04-21,6950
3576,聯合再生,15,2,13,福勝,2023-04-21,6950
2027,大成鋼,13,0,13,福勝,2023-04-21,6950
00888,永豐台灣ESG,12,0,12,福勝,2023-04-21,6950
1604,聲寶,29,17,12,福勝,2023-04-21,6950
1785,光洋科,12,0,12,福勝,2023-04-21,6950
2340,台亞,11,0,11,福勝,2023-04-21,6950
2495,普安,12,1,11,福勝,2023-04-21,6950
2617,台航,11,0,11,福勝,2023-04-21,6950
2884,玉山金,14,3,11,福勝,2023-04-21,6950
6235,華孚,20,9,11,福勝,2023-04-21,6950
8222,寶一,22,11,11,福勝,2023-04-21,6950
3515,華擎,11,0,11,福勝,2023-04-21,6950
1337,再生-KY,10,0,10,福勝,2023-04-21,6950
00642U,期元大S＆P石油,10,0,10,福勝,2023-04-21,6950
1711,永光,38,28,10,福勝,2023-04-21,6950
2313,華通,11,1,10,福勝,2023-04-21,6950
2405,輔信,10,0,10,福勝,2023-04-21,6950
2888,新光金,10,0,10,福勝,2023-04-21,6950
3380,明泰,11,1,10,福勝,2023-04-21,6950
2634,漢翔,140,27,113,福勝,2023-04-24,6950
6234,高僑,60,1,59,福勝,2023-04-24,6950
1504,東元,60,4,56,福勝,2023-04-24,6950
00637L,元大滬深300正2,44,0,44,福勝,2023-04-24,6950
2312,金寶,38,0,38,福勝,2023-04-24,6950
1310,台苯,42,7,35,福勝,2023-04-24,6950
6443,元晶,31,0,31,福勝,2023-04-24,6950
2610,華航,30,1,29,福勝,2023-04-24,6950
2002,中鋼,28,0,28,福勝,2023-04-24,6950
6269,台郡,28,3,25,福勝,2023-04-24,6950
00713,元大台灣高息低波,24,0,24,福勝,2023-04-24,6950
3576,聯合再生,31,8,23,福勝,2023-04-24,6950
0056,元大高股息,20,0,20,福勝,2023-04-24,6950
2323,中環,20,0,20,福勝,2023-04-24,6950
2313,華通,19,0,19,福勝,2023-04-24,6950
4741,泓瀚,16,0,16,福勝,2023-04-24,6950
00715L,期街口布蘭特正2,20,5,15,福勝,2023-04-24,6950
5607,遠雄港,15,0,15,福勝,2023-04-24,6950
6127,九豪,15,0,15,福勝,2023-04-24,6950
6753,龍德造船,16,1,15,福勝,2023-04-24,6950
2330,台積電,14,0,14,福勝,2023-04-24,6950
3673,TPK-KY,16,2,14,福勝,2023-04-24,6950
6770,力積電,16,3,13,福勝,2023-04-24,6950
00923,群益台ESG低碳50,13,0,13,福勝,2023-04-24,6950
2495,普安,15,2,13,福勝,2023-04-24,6950
4108,懷特,13,0,13,福勝,2023-04-24,6950
2317,鴻海,12,0,12,福勝,2023-04-24,6950
1513,中興電,17,5,12,福勝,2023-04-24,6950
1909,榮成,25,13,12,福勝,2023-04-24,6950
6456,GIS-KY,13,1,12,福勝,2023-04-24,6950
00900,富邦特選高股息30,11,0,11,福勝,2023-04-24,6950
2027,大成鋼,12,1,11,福勝,2023-04-24,6950
3078,僑威,13,2,11,福勝,2023-04-24,6950
4744,皇將,11,0,11,福勝,2023-04-24,6950
6148,驊宏資,11,0,11,福勝,2023-04-24,6950
6244,茂迪,14,3,11,福勝,2023-04-24,6950
1611,中電,10,0,10,福勝,2023-04-24,6950
1718,中纖,10,0,10,福勝,2023-04-24,6950
2489,瑞軒,10,0,10,福勝,2023-04-24,6950
3325,旭品,10,0,10,福勝,2023-04-24,6950
6153,嘉聯益,10,0,10,福勝,2023-04-24,6950
1905,華紙,76,67,9,福勝,2023-04-24,6950
2324,仁寶,10,1,9,福勝,2023-04-24,6950
2406,國碩,10,1,9,福勝,2023-04-24,6950
2915,潤泰全,12,3,9,福勝,2023-04-24,6950
4541,晟田,12,4,8,福勝,2023-04-24,6950
7402,邑錡,8,0,8,福勝,2023-04-24,6950
1612,宏泰,7,0,7,福勝,2023-04-24,6950
2206,三陽工業,12,5,7,福勝,2023-04-24,6950
2609,陽明,18,11,7,福勝,2023-04-24,6950
1905,華紙,191,60,131,福勝,2023-04-25,6950
2337,旺宏,90,13,77,福勝,2023-04-25,6950
1584,精剛,58,0,58,福勝,2023-04-25,6950
3071,協禧,62,8,54,福勝,2023-04-25,6950
8069,元太,54,1,53,福勝,2023-04-25,6950
2303,聯電,69,18,51,福勝,2023-04-25,6950
2312,金寶,50,0,50,福勝,2023-04-25,6950
6456,GIS-KY,50,2,48,福勝,2023-04-25,6950
00878,國泰永續高股息,83,39,44,福勝,2023-04-25,6950
2344,華邦電,45,1,44,福勝,2023-04-25,6950
0056,元大高股息,43,2,41,福勝,2023-04-25,6950
00923,群益台ESG低碳50,36,0,36,福勝,2023-04-25,6950
2027,大成鋼,31,2,29,福勝,2023-04-25,6950
2002,中鋼,25,0,25,福勝,2023-04-25,6950
2603,長榮,23,0,23,福勝,2023-04-25,6950
3419,譁裕,45,23,22,福勝,2023-04-25,6950
1503,士電,32,11,21,福勝,2023-04-25,6950
2471,資通,28,7,21,福勝,2023-04-25,6950
2476,鉅祥,21,0,21,福勝,2023-04-25,6950
1219,福壽,24,5,19,福勝,2023-04-25,6950
5309,系統電,19,0,19,福勝,2023-04-25,6950
6182,合晶,19,0,19,福勝,2023-04-25,6950
6244,茂迪,27,8,19,福勝,2023-04-25,6950
2609,陽明,24,7,17,福勝,2023-04-25,6950
2330,台積電,20,3,17,福勝,2023-04-25,6950
2419,仲琦,15,0,15,福勝,2023-04-25,6950
2457,飛宏,38,23,15,福勝,2023-04-25,6950
3051,力特,15,0,15,福勝,2023-04-25,6950
00902,中信電池及儲能,14,0,14,福勝,2023-04-25,6950
6209,今國光,15,1,14,福勝,2023-04-25,6950
2888,新光金,13,0,13,福勝,2023-04-25,6950
6234,高僑,16,3,13,福勝,2023-04-25,6950
00773B,中信優先金融債,12,0,12,福勝,2023-04-25,6950
2498,宏達電,23,11,12,福勝,2023-04-25,6950
2520,冠德,12,0,12,福勝,2023-04-25,6950
3303,岱稜,15,3,12,福勝,2023-04-25,6950
4121,優盛,13,1,12,福勝,2023-04-25,6950
4566,時碩工業,19,7,12,福勝,2023-04-25,6950
2201,裕隆,13,2,11,福勝,2023-04-25,6950
2455,全新,15,4,11,福勝,2023-04-25,6950
2913,農林,30,19,11,福勝,2023-04-25,6950
4966,譜瑞-KY,11,0,11,福勝,2023-04-25,6950
1312,國喬,11,1,10,福勝,2023-04-25,6950
1904,正隆,16,6,10,福勝,2023-04-25,6950
3515,華擎,10,0,10,福勝,2023-04-25,6950
5607,遠雄港,10,0,10,福勝,2023-04-25,6950
6185,幃翔,10,0,10,福勝,2023-04-25,6950
8916,光隆,10,0,10,福勝,2023-04-25,6950
1609,大亞,11,2,9,福勝,2023-04-25,6950
3038,全台,21,12,9,福勝,2023-04-25,6950
2634,漢翔,240,52,188,福勝,2023-04-26,6950
1710,東聯,104,5,99,福勝,2023-04-26,6950
2332,友訊,84,0,84,福勝,2023-04-26,6950
2891,中信金,70,0,70,福勝,2023-04-26,6950
2603,長榮,49,0,49,福勝,2023-04-26,6950
4908,前鼎,49,0,49,福勝,2023-04-26,6950
8403,盛弘,33,0,33,福勝,2023-04-26,6950
1711,永光,73,41,32,福勝,2023-04-26,6950
2409,友達,31,0,31,福勝,2023-04-26,6950
2892,第一金,30,0,30,福勝,2023-04-26,6950
2312,金寶,29,2,27,福勝,2023-04-26,6950
4977,眾達-KY,26,1,25,福勝,2023-04-26,6950
2303,聯電,21,0,21,福勝,2023-04-26,6950
2337,旺宏,28,8,20,福勝,2023-04-26,6950
6127,九豪,20,0,20,福勝,2023-04-26,6950
6290,良維,20,0,20,福勝,2023-04-26,6950
2609,陽明,33,15,18,福勝,2023-04-26,6950
2486,一詮,18,0,18,福勝,2023-04-26,6950
1314,中石化,16,0,16,福勝,2023-04-26,6950
00878,國泰永續高股息,26,10,16,福勝,2023-04-26,6950
2208,台船,21,6,15,福勝,2023-04-26,6950
2915,潤泰全,15,0,15,福勝,2023-04-26,6950
3071,協禧,17,2,15,福勝,2023-04-26,6950
1504,東元,15,1,14,福勝,2023-04-26,6950
6443,元晶,14,0,14,福勝,2023-04-26,6950
2457,飛宏,20,7,13,福勝,2023-04-26,6950
4401,東隆興,13,0,13,福勝,2023-04-26,6950
2002,中鋼,12,0,12,福勝,2023-04-26,6950
1210,大成,12,0,12,福勝,2023-04-26,6950
2605,新興,12,0,12,福勝,2023-04-26,6950
5880,合庫金,32,20,12,福勝,2023-04-26,6950
00712,復華富時不動產,11,0,11,福勝,2023-04-26,6950
00902,中信電池及儲能,11,0,11,福勝,2023-04-26,6950
00893,國泰智能電動車,11,0,11,福勝,2023-04-26,6950
2402,毅嘉,11,0,11,福勝,2023-04-26,6950
2610,華航,14,3,11,福勝,2023-04-26,6950
6285,啟��,13,2,11,福勝,2023-04-26,6950
2330,台積電,20,9,11,福勝,2023-04-26,6950
2369,菱生,10,0,10,福勝,2023-04-26,6950
2834,臺企銀,10,0,10,福勝,2023-04-26,6950
8936,國統,10,0,10,福勝,2023-04-26,6950
1310,台苯,19,10,9,福勝,2023-04-26,6950
4755,三福化,11,2,9,福勝,2023-04-26,6950
8028,昇陽半導體,10,1,9,福勝,2023-04-26,6950
2383,台光電,8,0,8,福勝,2023-04-26,6950
4572,駐龍,8,0,8,福勝,2023-04-26,6950
6244,茂迪,13,5,8,福勝,2023-04-26,6950
3481,群創,11,3,8,福勝,2023-04-26,6950
2617,台航,7,0,7,福勝,2023-04-26,6950
5425,台半,7,0,7,福勝,2023-04-26,6950
5009,榮剛,155,0,155,福勝,2023-04-27,6950
2206,三陽工業,168,32,136,福勝,2023-04-27,6950
2609,陽明,28,2,26,福勝,2023-04-27,6950
2002,中鋼,25,2,23,福勝,2023-04-27,6950
00715L,期街口布蘭特正2,32,10,22,福勝,2023-04-27,6950
2409,友達,22,0,22,福勝,2023-04-27,6950
1810,和成,37,16,21,福勝,2023-04-27,6950
2461,光群雷,26,6,20,福勝,2023-04-27,6950
5880,合庫金,21,1,20,福勝,2023-04-27,6950
2439,美律,16,0,16,福勝,2023-04-27,6950
1514,亞力,15,0,15,福勝,2023-04-27,6950
1725,元禎,12,0,12,福勝,2023-04-27,6950
2801,彰銀,12,0,12,福勝,2023-04-27,6950
2603,長榮,11,1,10,福勝,2023-04-27,6950
00642U,期元大S＆P石油,10,0,10,福勝,2023-04-27,6950
1609,大亞,10,0,10,福勝,2023-04-27,6950
1618,合機,10,0,10,福勝,2023-04-27,6950
1718,中纖,10,0,10,福勝,2023-04-27,6950
2303,聯電,17,7,10,福勝,2023-04-27,6950
2515,中工,10,0,10,福勝,2023-04-27,6950
2601,益航,10,0,10,福勝,2023-04-27,6950
3092,鴻碩,11,1,10,福勝,2023-04-27,6950
3260,威剛,10,0,10,福勝,2023-04-27,6950
3521,鴻翊,10,0,10,福勝,2023-04-27,6950
4114,健喬,10,0,10,福勝,2023-04-27,6950
4908,前鼎,10,0,10,福勝,2023-04-27,6950
4950,牧東,10,0,10,福勝,2023-04-27,6950
8222,寶一,14,5,9,福勝,2023-04-27,6950
2605,新興,10,2,8,福勝,2023-04-27,6950
3653,健策,8,0,8,福勝,2023-04-27,6950
4108,懷特,10,2,8,福勝,2023-04-27,6950
8011,台通,11,3,8,福勝,2023-04-27,6950
9962,有益,8,0,8,福勝,2023-04-27,6950
2330,台積電,8,0,8,福勝,2023-04-27,6950
1310,台苯,10,3,7,福勝,2023-04-27,6950
2354,鴻準,7,0,7,福勝,2023-04-27,6950
2630,亞航,7,0,7,福勝,2023-04-27,6950
3704,合勤控,7,0,7,福勝,2023-04-27,6950
4566,時碩工業,13,6,7,福勝,2023-04-27,6950
00712,復華富時不動產,6,0,6,福勝,2023-04-27,6950
2834,臺企銀,6,0,6,福勝,2023-04-27,6950
2884,玉山金,6,0,6,福勝,2023-04-27,6950
6167,久正,6,0,6,福勝,2023-04-27,6950
1584,精剛,5,0,5,福勝,2023-04-27,6950
1612,宏泰,10,5,5,福勝,2023-04-27,6950
1717,長興,5,0,5,福勝,2023-04-27,6950
2890,永豐金,5,0,5,福勝,2023-04-27,6950
3022,威強電,5,0,5,福勝,2023-04-27,6950
3715,定穎投控,5,0,5,福勝,2023-04-27,6950
4401,東隆興,5,0,5,福勝,2023-04-27,6950
2634,漢翔,417,94,323,福勝,2023-04-28,6950
2880,華南金,136,40,96,福勝,2023-04-28,6950
8121,越峰,107,14,93,福勝,2023-04-28,6950
2409,友達,81,1,80,福勝,2023-04-28,6950
4934,太極,69,0,69,福勝,2023-04-28,6950
2610,華航,63,0,63,福勝,2023-04-28,6950
9962,有益,57,0,57,福勝,2023-04-28,6950
00753L,中信中國50正2,50,0,50,福勝,2023-04-28,6950
2887,台新金,50,1,49,福勝,2023-04-28,6950
2022,聚亨,69,24,45,福勝,2023-04-28,6950
2603,長榮,42,1,41,福勝,2023-04-28,6950
3673,TPK-KY,38,0,38,福勝,2023-04-28,6950
00671R,富邦NASDAQ反1,25,0,25,福勝,2023-04-28,6950
4572,駐龍,33,13,20,福勝,2023-04-28,6950
1314,中石化,20,0,20,福勝,2023-04-28,6950
6122,擎邦,20,0,20,福勝,2023-04-28,6950
6161,捷波,20,0,20,福勝,2023-04-28,6950
8215,明基材,21,1,20,福勝,2023-04-28,6950
3704,合勤控,19,0,19,福勝,2023-04-28,6950
1110,東泥,16,0,16,福勝,2023-04-28,6950
6266,泰詠,36,20,16,福勝,2023-04-28,6950
1319,東陽,15,0,15,福勝,2023-04-28,6950
3481,群創,22,7,15,福勝,2023-04-28,6950
2609,陽明,23,9,14,福勝,2023-04-28,6950
3363,上詮,20,6,14,福勝,2023-04-28,6950
6112,邁達特,15,2,13,福勝,2023-04-28,6950
6443,元晶,25,12,13,福勝,2023-04-28,6950
1721,三晃,26,14,12,福勝,2023-04-28,6950
00683L,期元大美元指正2,20,10,10,福勝,2023-04-28,6950
00715L,期街口布蘭特正2,10,0,10,福勝,2023-04-28,6950
00922,國泰台灣領袖50,10,0,10,福勝,2023-04-28,6950
2405,輔信,10,0,10,福勝,2023-04-28,6950
2528,皇普,10,0,10,福勝,2023-04-28,6950
4916,事欣科,26,16,10,福勝,2023-04-28,6950
4960,誠美材,10,0,10,福勝,2023-04-28,6950
6129,普誠,15,5,10,福勝,2023-04-28,6950
6248,沛波,10,0,10,福勝,2023-04-28,6950
8936,國統,10,0,10,福勝,2023-04-28,6950
3049,精金,10,1,9,福勝,2023-04-28,6950
1529,樂事綠能,9,0,9,福勝,2023-04-28,6950
3356,奇偶,10,1,9,福勝,2023-04-28,6950
1101,台泥,9,1,8,福勝,2023-04-28,6950
00637L,元大滬深300正2,20,12,8,福勝,2023-04-28,6950
2867,三商壽,10,2,8,福勝,2023-04-28,6950
4541,晟田,13,5,8,福勝,2023-04-28,6950
6197,佳必琪,8,0,8,福勝,2023-04-28,6950
6282,康舒,24,16,8,福勝,2023-04-28,6950
1312,國喬,7,0,7,福勝,2023-04-28,6950
1752,南光,13,6,7,福勝,2023-04-28,6950
3088,艾訊,6,0,6,福勝,2023-04-28,6950
2382,廣達,615,6,609,福勝,2023-05-02,6950
1513,中興電,180,16,164,福勝,2023-05-02,6950
2892,第一金,160,0,160,福勝,2023-05-02,6950
2317,鴻海,156,20,136,福勝,2023-05-02,6950
2455,全新,105,0,105,福勝,2023-05-02,6950
2609,陽明,96,6,90,福勝,2023-05-02,6950
1589,永冠-KY,61,1,60,福勝,2023-05-02,6950
00725B,國泰投資級公司債,50,0,50,福勝,2023-05-02,6950
2344,華邦電,38,7,31,福勝,2023-05-02,6950
00680L,元大美債20正2,70,40,30,福勝,2023-05-02,6950
2883,凱基金,30,1,29,福勝,2023-05-02,6950
6535,順藥,29,0,29,福勝,2023-05-02,6950
00772B,中信高評級公司債,28,0,28,福勝,2023-05-02,6950
6148,驊宏資,44,16,28,福勝,2023-05-02,6950
00878,國泰永續高股息,28,1,27,福勝,2023-05-02,6950
2603,長榮,39,14,25,福勝,2023-05-02,6950
6244,茂迪,29,7,22,福勝,2023-05-02,6950
3363,上詮,27,6,21,福勝,2023-05-02,6950
6470,宇智,21,0,21,福勝,2023-05-02,6950
1310,台苯,31,11,20,福勝,2023-05-02,6950
3202,樺晟,27,7,20,福勝,2023-05-02,6950
3356,奇偶,20,0,20,福勝,2023-05-02,6950
8422,可寧衛,18,0,18,福勝,2023-05-02,6950
1319,東陽,15,0,15,福勝,2023-05-02,6950
1909,榮成,15,0,15,福勝,2023-05-02,6950
2471,資通,18,3,15,福勝,2023-05-02,6950
3704,合勤控,15,0,15,福勝,2023-05-02,6950
2338,光罩,17,3,14,福勝,2023-05-02,6950
5009,榮剛,18,4,14,福勝,2023-05-02,6950
2206,三陽工業,66,53,13,福勝,2023-05-02,6950
5498,凱崴,13,0,13,福勝,2023-05-02,6950
2884,玉山金,12,0,12,福勝,2023-05-02,6950
1904,正隆,12,0,12,福勝,2023-05-02,6950
3029,零壹,14,3,11,福勝,2023-05-02,6950
5243,乙盛-KY,11,0,11,福勝,2023-05-02,6950
5465,富驊,11,0,11,福勝,2023-05-02,6950
1515,力山,10,0,10,福勝,2023-05-02,6950
3049,精金,10,0,10,福勝,2023-05-02,6950
3189,景碩,13,3,10,福勝,2023-05-02,6950
3518,柏騰,13,3,10,福勝,2023-05-02,6950
3703,欣陸,10,0,10,福勝,2023-05-02,6950
4153,鈺緯,10,0,10,福勝,2023-05-02,6950
4207,環泰,10,0,10,福勝,2023-05-02,6950
4550,長佳,10,0,10,福勝,2023-05-02,6950
6138,茂達,10,0,10,福勝,2023-05-02,6950
6245,立端,11,1,10,福勝,2023-05-02,6950
8105,凌巨,10,0,10,福勝,2023-05-02,6950
9105,泰金寶-DR,10,0,10,福勝,2023-05-02,6950
00751B,元大AAA至A公司債,9,0,9,福勝,2023-05-02,6950
3207,耀勝,10,1,9,福勝,2023-05-02,6950
2317,鴻海,141,75,66,福勝,2023-05-03,6950
2603,長榮,81,18,63,福勝,2023-05-03,6950
00878,國泰永續高股息,61,5,56,福勝,2023-05-03,6950
00715L,期街口布蘭特正2,50,0,50,福勝,2023-05-03,6950
2609,陽明,67,21,46,福勝,2023-05-03,6950
1817,凱撒衛,51,7,44,福勝,2023-05-03,6950
2820,華票,40,0,40,福勝,2023-05-03,6950
6550,北極星藥業-KY,41,3,38,福勝,2023-05-03,6950
1514,亞力,36,0,36,福勝,2023-05-03,6950
3236,千如,37,1,36,福勝,2023-05-03,6950
2607,榮運,35,0,35,福勝,2023-05-03,6950
3147,大綜,36,2,34,福勝,2023-05-03,6950
00664R,國泰臺灣加權反1,30,0,30,福勝,2023-05-03,6950
3060,銘異,30,0,30,福勝,2023-05-03,6950
3218,大學光,31,1,30,福勝,2023-05-03,6950
1905,華紙,78,48,30,福勝,2023-05-03,6950
3673,TPK-KY,30,3,27,福勝,2023-05-03,6950
4979,華星光,43,18,25,福勝,2023-05-03,6950
4108,懷特,23,0,23,福勝,2023-05-03,6950
00712,復華富時不動產,22,0,22,福勝,2023-05-03,6950
1313,聯成,20,0,20,福勝,2023-05-03,6950
3406,玉晶光,20,0,20,福勝,2023-05-03,6950
9962,有益,20,0,20,福勝,2023-05-03,6950
2409,友達,21,2,19,福勝,2023-05-03,6950
3481,群創,19,0,19,福勝,2023-05-03,6950
6282,康舒,18,0,18,福勝,2023-05-03,6950
2617,台航,18,0,18,福勝,2023-05-03,6950
4909,新復興,19,1,18,福勝,2023-05-03,6950
1101,台泥,31,13,18,福勝,2023-05-03,6950
5009,榮剛,24,7,17,福勝,2023-05-03,6950
8222,寶一,25,9,16,福勝,2023-05-03,6950
2344,華邦電,22,7,15,福勝,2023-05-03,6950
2530,華建,15,0,15,福勝,2023-05-03,6950
1519,華城,14,1,13,福勝,2023-05-03,6950
4129,聯合,13,0,13,福勝,2023-05-03,6950
8068,全達,15,2,13,福勝,2023-05-03,6950
3686,達能,12,0,12,福勝,2023-05-03,6950
8358,金居,13,1,12,福勝,2023-05-03,6950
00893,國泰智能電動車,11,0,11,福勝,2023-05-03,6950
1710,東聯,16,5,11,福勝,2023-05-03,6950
2331,精英,11,0,11,福勝,2023-05-03,6950
2419,仲琦,11,0,11,福勝,2023-05-03,6950
2913,農林,17,6,11,福勝,2023-05-03,6950
3231,緯創,14,3,11,福勝,2023-05-03,6950
3711,日月光投控,14,3,11,福勝,2023-05-03,6950
2615,萬海,15,5,10,福勝,2023-05-03,6950
1722,台肥,10,0,10,福勝,2023-05-03,6950
2031,新光鋼,10,0,10,福勝,2023-05-03,6950
3033,威健,10,0,10,福勝,2023-05-03,6950
4950,牧東,10,0,10,福勝,2023-05-03,6950
00712,復華富時不動產,101,0,101,福勝,2023-05-04,6950
8069,元太,67,6,61,福勝,2023-05-04,6950
3443,創意,49,6,43,福勝,2023-05-04,6950
00878,國泰永續高股息,47,5,42,福勝,2023-05-04,6950
00679B,元大美債20年,42,2,40,福勝,2023-05-04,6950
2302,麗正,40,0,40,福勝,2023-05-04,6950
6167,久正,46,11,35,福勝,2023-05-04,6950
00715L,期街口布蘭特正2,32,0,32,福勝,2023-05-04,6950
2344,華邦電,32,0,32,福勝,2023-05-04,6950
3202,樺晟,42,10,32,福勝,2023-05-04,6950
4114,健喬,33,3,30,福勝,2023-05-04,6950
2912,統一超,27,0,27,福勝,2023-05-04,6950
6443,元晶,26,2,24,福勝,2023-05-04,6950
2603,長榮,25,3,22,福勝,2023-05-04,6950
4111,濟生,22,0,22,福勝,2023-05-04,6950
4952,凌通,20,0,20,福勝,2023-05-04,6950
3017,奇鋐,21,4,17,福勝,2023-05-04,6950
4953,緯軟,21,5,16,福勝,2023-05-04,6950
6456,GIS-KY,17,1,16,福勝,2023-05-04,6950
2461,光群雷,15,0,15,福勝,2023-05-04,6950
3419,譁裕,18,3,15,福勝,2023-05-04,6950
00751B,元大AAA至A公司債,14,0,14,福勝,2023-05-04,6950
1905,華紙,31,17,14,福勝,2023-05-04,6950
3712,永崴投控,15,1,14,福勝,2023-05-04,6950
2206,三陽工業,62,49,13,福勝,2023-05-04,6950
4541,晟田,13,0,13,福勝,2023-05-04,6950
5438,東友,13,0,13,福勝,2023-05-04,6950
6282,康舒,16,3,13,福勝,2023-05-04,6950
8121,越峰,15,2,13,福勝,2023-05-04,6950
3013,晟銘電,18,6,12,福勝,2023-05-04,6950
6182,合晶,12,0,12,福勝,2023-05-04,6950
2615,萬海,15,4,11,福勝,2023-05-04,6950
2314,台揚,13,2,11,福勝,2023-05-04,6950
2409,友達,11,0,11,福勝,2023-05-04,6950
2609,陽明,15,4,11,福勝,2023-05-04,6950
6244,茂迪,14,3,11,福勝,2023-05-04,6950
8033,雷虎,11,0,11,福勝,2023-05-04,6950
1310,台苯,11,1,10,福勝,2023-05-04,6950
00642U,期元大S＆P石油,10,0,10,福勝,2023-05-04,6950
2390,云辰,10,0,10,福勝,2023-05-04,6950
2457,飛宏,13,3,10,福勝,2023-05-04,6950
2535,達欣工,10,0,10,福勝,2023-05-04,6950
3029,零壹,10,0,10,福勝,2023-05-04,6950
3231,緯創,28,18,10,福勝,2023-05-04,6950
5880,合庫金,10,0,10,福勝,2023-05-04,6950
6140,訊達,10,0,10,福勝,2023-05-04,6950
6218,豪勉,10,0,10,福勝,2023-05-04,6950
6257,矽格,10,0,10,福勝,2023-05-04,6950
8072,陞泰,10,0,10,福勝,2023-05-04,6950
2303,聯電,9,0,9,福勝,2023-05-04,6950
6284,佳邦,120,1,119,福勝,2023-05-05,6950
00664R,國泰臺灣加權反1,100,0,100,福勝,2023-05-05,6950
00715L,期街口布蘭特正2,63,0,63,福勝,2023-05-05,6950
1609,大亞,97,35,62,福勝,2023-05-05,6950
3090,日電貿,60,0,60,福勝,2023-05-05,6950
2353,宏��,51,3,48,福勝,2023-05-05,6950
00882,中信中國高股息,30,0,30,福勝,2023-05-05,6950
4130,健亞,30,1,29,福勝,2023-05-05,6950
8028,昇陽半導體,25,0,25,福勝,2023-05-05,6950
4173,久裕,27,3,24,福勝,2023-05-05,6950
00878,國泰永續高股息,23,0,23,福勝,2023-05-05,6950
6148,驊宏資,22,0,22,福勝,2023-05-05,6950
2637,慧洋-KY,21,0,21,福勝,2023-05-05,6950
1605,華新,30,9,21,福勝,2023-05-05,6950
2867,三商壽,20,0,20,福勝,2023-05-05,6950
8076,伍豐,25,5,20,福勝,2023-05-05,6950
1810,和成,22,4,18,福勝,2023-05-05,6950
5009,榮剛,28,10,18,福勝,2023-05-05,6950
2515,中工,17,0,17,福勝,2023-05-05,6950
3071,協禧,25,8,17,福勝,2023-05-05,6950
8215,明基材,26,9,17,福勝,2023-05-05,6950
1905,華紙,34,18,16,福勝,2023-05-05,6950
3236,千如,16,1,15,福勝,2023-05-05,6950
5469,瀚宇博,15,0,15,福勝,2023-05-05,6950
6770,力積電,15,0,15,福勝,2023-05-05,6950
00712,復華富時不動產,14,0,14,福勝,2023-05-05,6950
1310,台苯,13,0,13,福勝,2023-05-05,6950
2344,華邦電,37,25,12,福勝,2023-05-05,6950
2890,永豐金,12,0,12,福勝,2023-05-05,6950
4979,華星光,28,16,12,福勝,2023-05-05,6950
1409,新纖,11,0,11,福勝,2023-05-05,6950
1612,宏泰,11,0,11,福勝,2023-05-05,6950
1752,南光,11,0,11,福勝,2023-05-05,6950
2609,陽明,26,15,11,福勝,2023-05-05,6950
3481,群創,14,3,11,福勝,2023-05-05,6950
6125,廣運,12,1,11,福勝,2023-05-05,6950
1314,中石化,10,0,10,福勝,2023-05-05,6950
1337,再生-KY,10,0,10,福勝,2023-05-05,6950
2328,廣宇,10,0,10,福勝,2023-05-05,6950
2820,華票,10,0,10,福勝,2023-05-05,6950
3060,銘異,10,0,10,福勝,2023-05-05,6950
4908,前鼎,10,0,10,福勝,2023-05-05,6950
5465,富驊,10,0,10,福勝,2023-05-05,6950
6241,易通展,10,0,10,福勝,2023-05-05,6950
6548,長科*,10,0,10,福勝,2023-05-05,6950
6603,富強鑫,10,0,10,福勝,2023-05-05,6950
1529,樂事綠能,11,2,9,福勝,2023-05-05,6950
6127,九豪,9,0,9,福勝,2023-05-05,6950
1618,合機,9,1,8,福勝,2023-05-05,6950
5227,立凱-KY,8,0,8,福勝,2023-05-05,6950
1605,華新,99,10,89,福勝,2023-05-08,6950
3005,神基,64,0,64,福勝,2023-05-08,6950
6173,信昌電,43,2,41,福勝,2023-05-08,6950
6770,力積電,31,0,31,福勝,2023-05-08,6950
2312,金寶,30,0,30,福勝,2023-05-08,6950
2883,凱基金,84,56,28,福勝,2023-05-08,6950
5498,凱崴,36,11,25,福勝,2023-05-08,6950
00725B,國泰投資級公司債,20,0,20,福勝,2023-05-08,6950
5291,邑昇,20,0,20,福勝,2023-05-08,6950
3703,欣陸,29,10,19,福勝,2023-05-08,6950
2609,陽明,31,15,16,福勝,2023-05-08,6950
6244,茂迪,28,12,16,福勝,2023-05-08,6950
00679B,元大美債20年,15,0,15,福勝,2023-05-08,6950
1513,中興電,38,23,15,福勝,2023-05-08,6950
1314,中石化,14,0,14,福勝,2023-05-08,6950
3419,譁裕,14,1,13,福勝,2023-05-08,6950
6179,亞通,13,0,13,福勝,2023-05-08,6950
2468,華經,21,9,12,福勝,2023-05-08,6950
2610,華航,22,10,12,福勝,2023-05-08,6950
4545,銘鈺,12,0,12,福勝,2023-05-08,6950
8222,寶一,13,2,11,福勝,2023-05-08,6950
1737,臺鹽,10,0,10,福勝,2023-05-08,6950
2033,佳大,10,0,10,福勝,2023-05-08,6950
2462,良得電,10,0,10,福勝,2023-05-08,6950
3022,威強電,10,0,10,福勝,2023-05-08,6950
5011,久陽,10,0,10,福勝,2023-05-08,6950
8210,勤誠,10,0,10,福勝,2023-05-08,6950
5469,瀚宇博,10,0,10,福勝,2023-05-08,6950
1218,泰山,22,13,9,福勝,2023-05-08,6950
00715L,期街口布蘭特正2,30,21,9,福勝,2023-05-08,6950
2614,東森,10,1,9,福勝,2023-05-08,6950
3481,群創,9,0,9,福勝,2023-05-08,6950
7402,邑錡,9,0,9,福勝,2023-05-08,6950
2453,凌群,10,2,8,福勝,2023-05-08,6950
4173,久裕,10,2,8,福勝,2023-05-08,6950
5381,合正,8,0,8,福勝,2023-05-08,6950
3231,緯創,25,17,8,福勝,2023-05-08,6950
6791,虎門科技,7,0,7,福勝,2023-05-08,6950
00713,元大台灣高息低波,6,0,6,福勝,2023-05-08,6950
3027,盛達,6,0,6,福勝,2023-05-08,6950
3078,僑威,10,4,6,福勝,2023-05-08,6950
4903,聯光通,6,0,6,福勝,2023-05-08,6950
5607,遠雄港,6,0,6,福勝,2023-05-08,6950
6243,迅杰,7,1,6,福勝,2023-05-08,6950
8099,大世科,6,0,6,福勝,2023-05-08,6950
8033,雷虎,12,6,6,福勝,2023-05-08,6950
1504,東元,49,43,6,福勝,2023-05-08,6950
00642U,期元大S＆P石油,5,0,5,福勝,2023-05-08,6950
00712,復華富時不動產,5,0,5,福勝,2023-05-08,6950
2352,佳世達,7,2,5,福勝,2023-05-08,6950
6112,邁達特,122,3,119,福勝,2023-05-09,6950
2337,旺宏,115,5,110,福勝,2023-05-09,6950
1609,大亞,109,24,85,福勝,2023-05-09,6950
3005,神基,63,0,63,福勝,2023-05-09,6950
2104,國際中橡,50,0,50,福勝,2023-05-09,6950
2867,三商壽,50,4,46,福勝,2023-05-09,6950
3576,聯合再生,45,0,45,福勝,2023-05-09,6950
1101,台泥,51,6,45,福勝,2023-05-09,6950
3011,今皓,40,0,40,福勝,2023-05-09,6950
2317,鴻海,44,12,32,福勝,2023-05-09,6950
6282,康舒,33,2,31,福勝,2023-05-09,6950
1611,中電,36,9,27,福勝,2023-05-09,6950
2312,金寶,28,5,23,福勝,2023-05-09,6950
1513,中興電,31,9,22,福勝,2023-05-09,6950
6443,元晶,35,13,22,福勝,2023-05-09,6950
1519,華城,77,57,20,福勝,2023-05-09,6950
00680L,元大美債20正2,20,0,20,福勝,2023-05-09,6950
1737,臺鹽,20,0,20,福勝,2023-05-09,6950
2359,所羅門,20,0,20,福勝,2023-05-09,6950
3202,樺晟,20,0,20,福勝,2023-05-09,6950
5498,凱崴,20,0,20,福勝,2023-05-09,6950
2023,燁輝,21,2,19,福勝,2023-05-09,6950
6182,合晶,17,0,17,福勝,2023-05-09,6950
00673R,期元大S＆P原油反1,15,0,15,福勝,2023-05-09,6950
00878,國泰永續高股息,15,0,15,福勝,2023-05-09,6950
2462,良得電,15,0,15,福勝,2023-05-09,6950
2645,長榮航太,16,1,15,福勝,2023-05-09,6950
00905,FT臺灣Smart,13,0,13,福勝,2023-05-09,6950
1444,力麗,12,0,12,福勝,2023-05-09,6950
2883,凱基金,21,9,12,福勝,2023-05-09,6950
1504,東元,25,13,12,福勝,2023-05-09,6950
6125,廣運,14,3,11,福勝,2023-05-09,6950
00885,富邦越南,10,0,10,福勝,2023-05-09,6950
00679B,元大美債20年,10,0,10,福勝,2023-05-09,6950
1612,宏泰,11,1,10,福勝,2023-05-09,6950
2367,燿華,10,0,10,福勝,2023-05-09,6950
2457,飛宏,29,19,10,福勝,2023-05-09,6950
2530,華建,10,0,10,福勝,2023-05-09,6950
2915,潤泰全,10,0,10,福勝,2023-05-09,6950
3059,華晶科,10,0,10,福勝,2023-05-09,6950
3325,旭品,10,0,10,福勝,2023-05-09,6950
4533,協易機,10,0,10,福勝,2023-05-09,6950
5301,寶得利,10,0,10,福勝,2023-05-09,6950
5452,佶優,10,0,10,福勝,2023-05-09,6950
6166,凌華,10,0,10,福勝,2023-05-09,6950
6218,豪勉,10,0,10,福勝,2023-05-09,6950
8163,達方,10,0,10,福勝,2023-05-09,6950
8227,巨有科技,10,0,10,福勝,2023-05-09,6950
4545,銘鈺,25,16,9,福勝,2023-05-09,6950
6477,安集,9,0,9,福勝,2023-05-09,6950
00712,復華富時不動產,52,0,52,福勝,2023-05-10,6950
2344,華邦電,66,16,50,福勝,2023-05-10,6950
00713,元大台灣高息低波,39,0,39,福勝,2023-05-10,6950
4979,華星光,27,1,26,福勝,2023-05-10,6950
2323,中環,22,0,22,福勝,2023-05-10,6950
8050,廣積,22,0,22,福勝,2023-05-10,6950
3071,協禧,23,2,21,福勝,2023-05-10,6950
6282,康舒,25,5,20,福勝,2023-05-10,6950
2634,漢翔,53,35,18,福勝,2023-05-10,6950
2891,中信金,21,3,18,福勝,2023-05-10,6950
1611,中電,23,6,17,福勝,2023-05-10,6950
2337,旺宏,14,0,14,福勝,2023-05-10,6950
2605,新興,14,0,14,福勝,2023-05-10,6950
00637L,元大滬深300正2,13,0,13,福勝,2023-05-10,6950
1783,和康生,12,0,12,福勝,2023-05-10,6950
2387,精元,16,4,12,福勝,2023-05-10,6950
4906,正文,12,0,12,福勝,2023-05-10,6950
6111,大宇資,12,1,11,福勝,2023-05-10,6950
3044,健鼎,11,0,11,福勝,2023-05-10,6950
6112,邁達特,14,3,11,福勝,2023-05-10,6950
1268,漢來美食,10,0,10,福勝,2023-05-10,6950
1440,南紡,10,0,10,福勝,2023-05-10,6950
00680L,元大美債20正2,10,0,10,福勝,2023-05-10,6950
2009,第一銅,10,0,10,福勝,2023-05-10,6950
2408,南亞科,10,0,10,福勝,2023-05-10,6950
2468,華經,10,0,10,福勝,2023-05-10,6950
2645,長榮航太,10,0,10,福勝,2023-05-10,6950
3664,安瑞-KY,10,0,10,福勝,2023-05-10,6950
3708,上緯投控,10,0,10,福勝,2023-05-10,6950
8150,南茂,10,0,10,福勝,2023-05-10,6950
5011,久陽,10,0,10,福勝,2023-05-10,6950
1609,大亞,172,163,9,福勝,2023-05-10,6950
2402,毅嘉,10,1,9,福勝,2023-05-10,6950
3046,建��,13,4,9,福勝,2023-05-10,6950
6005,群益證,10,1,9,福勝,2023-05-10,6950
1519,華城,24,16,8,福勝,2023-05-10,6950
1513,中興電,12,4,8,福勝,2023-05-10,6950
3011,今皓,11,3,8,福勝,2023-05-10,6950
6167,久正,8,0,8,福勝,2023-05-10,6950
00878,國泰永續高股息,17,10,7,福勝,2023-05-10,6950
1409,新纖,7,0,7,福勝,2023-05-10,6950
00905,FT臺灣Smart,7,0,7,福勝,2023-05-10,6950
2331,精英,7,0,7,福勝,2023-05-10,6950
3272,東碩,7,0,7,福勝,2023-05-10,6950
3706,神達,7,0,7,福勝,2023-05-10,6950
00679B,元大美債20年,6,0,6,福勝,2023-05-10,6950
1444,力麗,10,4,6,福勝,2023-05-10,6950
2014,中鴻,6,0,6,福勝,2023-05-10,6950
3010,華立,6,0,6,福勝,2023-05-10,6950
3027,盛達,6,0,6,福勝,2023-05-10,6950
1609,大亞,151,5,146,福勝,2023-05-11,6950
2344,華邦電,67,6,61,福勝,2023-05-11,6950
8403,盛弘,50,0,50,福勝,2023-05-11,6950
5291,邑昇,31,0,31,福勝,2023-05-11,6950
1440,南紡,30,0,30,福勝,2023-05-11,6950
2312,金寶,32,2,30,福勝,2023-05-11,6950
4114,健喬,41,11,30,福勝,2023-05-11,6950
2409,友達,29,0,29,福勝,2023-05-11,6950
6160,欣技,29,0,29,福勝,2023-05-11,6950
4545,銘鈺,26,0,26,福勝,2023-05-11,6950
3325,旭品,25,0,25,福勝,2023-05-11,6950
6282,康舒,23,0,23,福勝,2023-05-11,6950
3481,群創,22,0,22,福勝,2023-05-11,6950
2337,旺宏,20,0,20,福勝,2023-05-11,6950
2359,所羅門,19,0,19,福勝,2023-05-11,6950
2609,陽明,39,20,19,福勝,2023-05-11,6950
2801,彰銀,20,1,19,福勝,2023-05-11,6950
3047,訊舟,19,0,19,福勝,2023-05-11,6950
6285,啟��,18,0,18,福勝,2023-05-11,6950
4979,華星光,21,3,18,福勝,2023-05-11,6950
0056,元大高股息,21,3,18,福勝,2023-05-11,6950
2912,統一超,17,0,17,福勝,2023-05-11,6950
1762,中化生,18,2,16,福勝,2023-05-11,6950
00907,永豐優息存股,15,0,15,福勝,2023-05-11,6950
00680L,元大美債20正2,15,0,15,福勝,2023-05-11,6950
5388,中磊,20,5,15,福勝,2023-05-11,6950
5498,凱崴,15,0,15,福勝,2023-05-11,6950
6116,彩晶,15,0,15,福勝,2023-05-11,6950
2603,長榮,20,5,15,福勝,2023-05-11,6950
1810,和成,14,0,14,福勝,2023-05-11,6950
2615,萬海,16,2,14,福勝,2023-05-11,6950
2610,華航,21,8,13,福勝,2023-05-11,6950
6167,久正,13,0,13,福勝,2023-05-11,6950
3056,富華新,13,0,13,福勝,2023-05-11,6950
00713,元大台灣高息低波,12,0,12,福勝,2023-05-11,6950
1519,華城,47,35,12,福勝,2023-05-11,6950
1905,華紙,15,3,12,福勝,2023-05-11,6950
3169,亞信,12,0,12,福勝,2023-05-11,6950
5880,合庫金,12,0,12,福勝,2023-05-11,6950
1522,堤維西,11,0,11,福勝,2023-05-11,6950
1101,台泥,12,1,11,福勝,2023-05-11,6950
00878,國泰永續高股息,21,10,11,福勝,2023-05-11,6950
2027,大成鋼,11,0,11,福勝,2023-05-11,6950
3048,益登,11,0,11,福勝,2023-05-11,6950
3594,磐儀,11,0,11,福勝,2023-05-11,6950
4130,健亞,11,0,11,福勝,2023-05-11,6950
5201,凱衛,11,0,11,福勝,2023-05-11,6950
6770,力積電,41,30,11,福勝,2023-05-11,6950
00637L,元大滬深300正2,10,0,10,福勝,2023-05-11,6950
1604,聲寶,10,0,10,福勝,2023-05-11,6950
2317,鴻海,84,3,81,福勝,2023-05-12,6950
4114,健喬,65,0,65,福勝,2023-05-12,6950
2409,友達,42,1,41,福勝,2023-05-12,6950
9907,統一實,30,0,30,福勝,2023-05-12,6950
2886,兆豐金,30,0,30,福勝,2023-05-12,6950
00882,中信中國高股息,27,0,27,福勝,2023-05-12,6950
2801,彰銀,27,0,27,福勝,2023-05-12,6950
2618,長榮航,30,6,24,福勝,2023-05-12,6950
1604,聲寶,20,0,20,福勝,2023-05-12,6950
3652,精聯,20,0,20,福勝,2023-05-12,6950
4746,台耀,22,2,20,福勝,2023-05-12,6950
1608,華榮,16,1,15,福勝,2023-05-12,6950
3704,合勤控,20,5,15,福勝,2023-05-12,6950
8176,智捷,15,0,15,福勝,2023-05-12,6950
00715L,期街口布蘭特正2,24,10,14,福勝,2023-05-12,6950
00690,兆豐藍籌30,13,0,13,福勝,2023-05-12,6950
1605,華新,13,0,13,福勝,2023-05-12,6950
2368,金像電,12,0,12,福勝,2023-05-12,6950
2883,凱基金,13,1,12,福勝,2023-05-12,6950
2888,新光金,12,0,12,福勝,2023-05-12,6950
3376,新日興,13,1,12,福勝,2023-05-12,6950
1101,台泥,14,3,11,福勝,2023-05-12,6950
8403,盛弘,15,4,11,福勝,2023-05-12,6950
1529,樂事綠能,14,3,11,福勝,2023-05-12,6950
1711,永光,11,0,11,福勝,2023-05-12,6950
3038,全台,11,0,11,福勝,2023-05-12,6950
6285,啟��,13,2,11,福勝,2023-05-12,6950
1440,南紡,10,0,10,福勝,2023-05-12,6950
1522,堤維西,10,0,10,福勝,2023-05-12,6950
2032,新鋼,10,0,10,福勝,2023-05-12,6950
2882,國泰金,10,0,10,福勝,2023-05-12,6950
3016,嘉晶,10,0,10,福勝,2023-05-12,6950
3033,威健,10,0,10,福勝,2023-05-12,6950
4533,協易機,10,0,10,福勝,2023-05-12,6950
4541,晟田,10,0,10,福勝,2023-05-12,6950
6160,欣技,10,0,10,福勝,2023-05-12,6950
3596,智易,10,1,9,福勝,2023-05-12,6950
4979,華星光,9,0,9,福勝,2023-05-12,6950
6443,元晶,11,2,9,福勝,2023-05-12,6950
6282,康舒,9,1,8,福勝,2023-05-12,6950
6570,維田,10,2,8,福勝,2023-05-12,6950
1409,新纖,7,0,7,福勝,2023-05-12,6950
1783,和康生,8,1,7,福勝,2023-05-12,6950
2027,大成鋼,8,1,7,福勝,2023-05-12,6950
3202,樺晟,7,0,7,福勝,2023-05-12,6950
6167,久正,7,0,7,福勝,2023-05-12,6950
1312,國喬,5,0,5,福勝,2023-05-12,6950
1718,中纖,5,0,5,福勝,2023-05-12,6950
1721,三晃,5,0,5,福勝,2023-05-12,6950
1810,和成,5,0,5,福勝,2023-05-12,6950
2851,中再保,60,0,60,福勝,2023-05-15,6950
2344,華邦電,57,5,52,福勝,2023-05-15,6950
1108,幸福,50,0,50,福勝,2023-05-15,6950
00878,國泰永續高股息,54,5,49,福勝,2023-05-15,6950
2382,廣達,49,10,39,福勝,2023-05-15,6950
2634,漢翔,57,24,33,福勝,2023-05-15,6950
1718,中纖,30,0,30,福勝,2023-05-15,6950
5521,工信,26,0,26,福勝,2023-05-15,6950
6288,聯嘉,30,5,25,福勝,2023-05-15,6950
2609,陽明,29,6,23,福勝,2023-05-15,6950
6284,佳邦,21,0,21,福勝,2023-05-15,6950
00715L,期街口布蘭特正2,22,2,20,福勝,2023-05-15,6950
2349,錸德,20,0,20,福勝,2023-05-15,6950
2431,聯昌,20,0,20,福勝,2023-05-15,6950
4114,健喬,21,1,20,福勝,2023-05-15,6950
2303,聯電,19,0,19,福勝,2023-05-15,6950
5258,虹堡,17,0,17,福勝,2023-05-15,6950
1504,東元,24,8,16,福勝,2023-05-15,6950
3058,立德,16,0,16,福勝,2023-05-15,6950
5309,系統電,15,0,15,福勝,2023-05-15,6950
2356,英業達,13,1,12,福勝,2023-05-15,6950
2736,富野,24,12,12,福勝,2023-05-15,6950
6234,高僑,12,0,12,福勝,2023-05-15,6950
00725B,國泰投資級公司債,11,0,11,福勝,2023-05-15,6950
4541,晟田,11,0,11,福勝,2023-05-15,6950
1312,國喬,10,0,10,福勝,2023-05-15,6950
00893,國泰智能電動車,10,0,10,福勝,2023-05-15,6950
1517,利奇,10,0,10,福勝,2023-05-15,6950
2888,新光金,10,0,10,福勝,2023-05-15,6950
2915,潤泰全,10,0,10,福勝,2023-05-15,6950
3006,晶豪科,10,0,10,福勝,2023-05-15,6950
3071,協禧,11,1,10,福勝,2023-05-15,6950
3346,麗清,10,0,10,福勝,2023-05-15,6950
6443,元晶,27,17,10,福勝,2023-05-15,6950
1608,華榮,10,1,9,福勝,2023-05-15,6950
2630,亞航,9,0,9,福勝,2023-05-15,6950
3715,定穎投控,12,3,9,福勝,2023-05-15,6950
1529,樂事綠能,13,5,8,福勝,2023-05-15,6950
2340,台亞,8,0,8,福勝,2023-05-15,6950
5706,鳳凰,14,6,8,福勝,2023-05-15,6950
2409,友達,10,3,7,福勝,2023-05-15,6950
2332,友訊,10,3,7,福勝,2023-05-15,6950
2371,大同,29,22,7,福勝,2023-05-15,6950
3046,建��,11,4,7,福勝,2023-05-15,6950
00877,復華中國5G,6,0,6,福勝,2023-05-15,6950
00687B,國泰20年美債,6,0,6,福勝,2023-05-15,6950
2324,仁寶,10,4,6,福勝,2023-05-15,6950
2884,玉山金,6,0,6,福勝,2023-05-15,6950
3228,金麗科,6,0,6,福勝,2023-05-15,6950
6198,瑞築,6,0,6,福勝,2023-05-15,6950
1612,宏泰,57,1,56,福勝,2023-05-16,6950
2105,正新,50,4,46,福勝,2023-05-16,6950
2206,三陽工業,55,29,26,福勝,2023-05-16,6950
2736,富野,30,7,23,福勝,2023-05-16,6950
2317,鴻海,26,4,22,福勝,2023-05-16,6950
00885,富邦越南,22,0,22,福勝,2023-05-16,6950
2014,中鴻,21,1,20,福勝,2023-05-16,6950
2883,凱基金,23,3,20,福勝,2023-05-16,6950
3652,精聯,20,0,20,福勝,2023-05-16,6950
6456,GIS-KY,20,0,20,福勝,2023-05-16,6950
6274,台燿,19,0,19,福勝,2023-05-16,6950
2603,長榮,18,0,18,福勝,2023-05-16,6950
2609,陽明,24,7,17,福勝,2023-05-16,6950
2495,普安,16,1,15,福勝,2023-05-16,6950
5531,鄉林,20,5,15,福勝,2023-05-16,6950
3715,定穎投控,43,29,14,福勝,2023-05-16,6950
00878,國泰永續高股息,39,26,13,福勝,2023-05-16,6950
1721,三晃,13,0,13,福勝,2023-05-16,6950
4123,晟德,12,0,12,福勝,2023-05-16,6950
00772B,中信高評級公司債,11,0,11,福勝,2023-05-16,6950
5465,富驊,11,0,11,福勝,2023-05-16,6950
00715L,期街口布蘭特正2,10,0,10,福勝,2023-05-16,6950
00680L,元大美債20正2,10,0,10,福勝,2023-05-16,6950
1524,耿鼎,10,0,10,福勝,2023-05-16,6950
2313,華通,11,1,10,福勝,2023-05-16,6950
2834,臺企銀,10,0,10,福勝,2023-05-16,6950
4915,致伸,10,0,10,福勝,2023-05-16,6950
9902,台火,10,0,10,福勝,2023-05-16,6950
5469,瀚宇博,11,2,9,福勝,2023-05-16,6950
5483,中美晶,10,1,9,福勝,2023-05-16,6950
1608,華榮,24,16,8,福勝,2023-05-16,6950
2491,吉祥全,8,0,8,福勝,2023-05-16,6950
4919,新唐,8,0,8,福勝,2023-05-16,6950
6122,擎邦,21,13,8,福勝,2023-05-16,6950
2388,威盛,10,3,7,福勝,2023-05-16,6950
00751B,元大AAA至A公司債,6,0,6,福勝,2023-05-16,6950
2382,廣達,10,4,6,福勝,2023-05-16,6950
2645,長榮航太,6,0,6,福勝,2023-05-16,6950
3287,廣寰科,10,4,6,福勝,2023-05-16,6950
4739,康普,6,0,6,福勝,2023-05-16,6950
5243,乙盛-KY,6,0,6,福勝,2023-05-16,6950
6125,廣運,6,0,6,福勝,2023-05-16,6950
9944,新麗,6,0,6,福勝,2023-05-16,6950
1529,樂事綠能,6,1,5,福勝,2023-05-16,6950
1604,聲寶,5,0,5,福勝,2023-05-16,6950
00687B,國泰20年美債,5,0,5,福勝,2023-05-16,6950
00725B,國泰投資級公司債,5,0,5,福勝,2023-05-16,6950
1513,中興電,7,2,5,福勝,2023-05-16,6950
1785,光洋科,5,0,5,福勝,2023-05-16,6950
2312,金寶,5,0,5,福勝,2023-05-16,6950
00902,中信電池及儲能,102,0,102,福勝,2023-05-17,6950
3029,零壹,111,10,101,福勝,2023-05-17,6950
3058,立德,104,3,101,福勝,2023-05-17,6950
5353,台林,50,0,50,福勝,2023-05-17,6950
5533,皇鼎,50,0,50,福勝,2023-05-17,6950
6005,群益證,50,0,50,福勝,2023-05-17,6950
00878,國泰永續高股息,54,9,45,福勝,2023-05-17,6950
6191,精成科,44,1,43,福勝,2023-05-17,6950
00712,復華富時不動產,24,0,24,福勝,2023-05-17,6950
3607,谷崧,22,0,22,福勝,2023-05-17,6950
2371,大同,34,13,21,福勝,2023-05-17,6950
1609,大亞,69,49,20,福勝,2023-05-17,6950
8038,長園科,20,0,20,福勝,2023-05-17,6950
4915,致伸,20,1,19,福勝,2023-05-17,6950
5469,瀚宇博,20,1,19,福勝,2023-05-17,6950
2603,長榮,18,0,18,福勝,2023-05-17,6950
1721,三晃,20,3,17,福勝,2023-05-17,6950
00632R,元大台灣50反1,16,0,16,福勝,2023-05-17,6950
2356,英業達,16,0,16,福勝,2023-05-17,6950
2460,建通,15,0,15,福勝,2023-05-17,6950
2457,飛宏,25,11,14,福勝,2023-05-17,6950
00637L,元大滬深300正2,14,0,14,福勝,2023-05-17,6950
8916,光隆,14,0,14,福勝,2023-05-17,6950
8927,北基,14,0,14,福勝,2023-05-17,6950
2317,鴻海,14,0,14,福勝,2023-05-17,6950
00772B,中信高評級公司債,13,0,13,福勝,2023-05-17,6950
00679B,元大美債20年,12,0,12,福勝,2023-05-17,6950
3071,協禧,12,0,12,福勝,2023-05-17,6950
5225,東科-KY,12,0,12,福勝,2023-05-17,6950
6288,聯嘉,12,0,12,福勝,2023-05-17,6950
2402,毅嘉,21,10,11,福勝,2023-05-17,6950
3207,耀勝,21,10,11,福勝,2023-05-17,6950
00680L,元大美債20正2,10,0,10,福勝,2023-05-17,6950
1444,力麗,10,0,10,福勝,2023-05-17,6950
5487,通泰,10,0,10,福勝,2023-05-17,6950
8072,陞泰,10,0,10,福勝,2023-05-17,6950
3702,大聯大,10,0,10,福勝,2023-05-17,6950
8930,青鋼,10,1,9,福勝,2023-05-17,6950
2743,山富,9,1,8,福勝,2023-05-17,6950
1529,樂事綠能,10,2,8,福勝,2023-05-17,6950
1907,永豐餘,8,0,8,福勝,2023-05-17,6950
3025,星通,8,0,8,福勝,2023-05-17,6950
3591,艾笛森,11,3,8,福勝,2023-05-17,6950
6285,啟��,11,3,8,福勝,2023-05-17,6950
8040,九暘,10,2,8,福勝,2023-05-17,6950
1101B,台泥乙特,7,0,7,福勝,2023-05-17,6950
00751B,元大AAA至A公司債,7,0,7,福勝,2023-05-17,6950
00687B,國泰20年美債,7,0,7,福勝,2023-05-17,6950
1456,怡華,7,0,7,福勝,2023-05-17,6950
6148,驊宏資,7,0,7,福勝,2023-05-17,6950
2323,中環,148,33,115,福勝,2023-05-18,6950
1905,華紙,107,13,94,福勝,2023-05-18,6950
2409,友達,93,0,93,福勝,2023-05-18,6950
6226,光鼎,40,0,40,福勝,2023-05-18,6950
5353,台林,38,0,38,福勝,2023-05-18,6950
1609,大亞,137,101,36,福勝,2023-05-18,6950
6118,建達,32,4,28,福勝,2023-05-18,6950
8028,昇陽半導體,28,0,28,福勝,2023-05-18,6950
2206,三陽工業,45,19,26,福勝,2023-05-18,6950
1604,聲寶,25,0,25,福勝,2023-05-18,6950
1584,精剛,19,1,18,福勝,2023-05-18,6950
1319,東陽,21,4,17,福勝,2023-05-18,6950
2402,毅嘉,17,0,17,福勝,2023-05-18,6950
2634,漢翔,29,12,17,福勝,2023-05-18,6950
6266,泰詠,26,9,17,福勝,2023-05-18,6950
3037,欣興,24,8,16,福勝,2023-05-18,6950
2615,萬海,17,2,15,福勝,2023-05-18,6950
8222,寶一,21,6,15,福勝,2023-05-18,6950
2734,易飛網,13,0,13,福勝,2023-05-18,6950
2633,台灣高鐵,12,0,12,福勝,2023-05-18,6950
5425,台半,25,13,12,福勝,2023-05-18,6950
2489,瑞軒,13,2,11,福勝,2023-05-18,6950
5309,系統電,27,16,11,福勝,2023-05-18,6950
8011,台通,11,0,11,福勝,2023-05-18,6950
2329,華泰,10,0,10,福勝,2023-05-18,6950
2331,精英,10,0,10,福勝,2023-05-18,6950
3202,樺晟,10,0,10,福勝,2023-05-18,6950
3532,台勝科,10,0,10,福勝,2023-05-18,6950
3652,精聯,10,0,10,福勝,2023-05-18,6950
3715,定穎投控,10,0,10,福勝,2023-05-18,6950
4533,協易機,10,0,10,福勝,2023-05-18,6950
5251,天鉞電,10,0,10,福勝,2023-05-18,6950
5324,士開,10,0,10,福勝,2023-05-18,6950
6173,信昌電,10,0,10,福勝,2023-05-18,6950
6245,立端,21,11,10,福勝,2023-05-18,6950
8069,元太,13,3,10,福勝,2023-05-18,6950
8905,裕國,11,1,10,福勝,2023-05-18,6950
1514,亞力,13,5,8,福勝,2023-05-18,6950
2014,中鴻,10,2,8,福勝,2023-05-18,6950
2609,陽明,19,11,8,福勝,2023-05-18,6950
4953,緯軟,8,0,8,福勝,2023-05-18,6950
1760,寶齡富錦,7,0,7,福勝,2023-05-18,6950
2640,大車隊,8,1,7,福勝,2023-05-18,6950
8933,愛地雅,7,0,7,福勝,2023-05-18,6950
1314,中石化,6,0,6,福勝,2023-05-18,6950
2495,普安,6,0,6,福勝,2023-05-18,6950
3356,奇偶,6,0,6,福勝,2023-05-18,6950
5284,jpp-KY,12,6,6,福勝,2023-05-18,6950
9962,有益,6,0,6,福勝,2023-05-18,6950
2603,長榮,5,0,5,福勝,2023-05-18,6950
00632R,元大台灣50反1,200,70,130,福勝,2023-05-19,6950
5324,士開,100,0,100,福勝,2023-05-19,6950
2371,大同,76,2,74,福勝,2023-05-19,6950
2736,富野,71,23,48,福勝,2023-05-19,6950
1608,華榮,45,0,45,福勝,2023-05-19,6950
5009,榮剛,45,1,44,福勝,2023-05-19,6950
1609,大亞,56,14,42,福勝,2023-05-19,6950
4126,太醫,40,0,40,福勝,2023-05-19,6950
1217,愛之味,35,0,35,福勝,2023-05-19,6950
3363,上詮,36,3,33,福勝,2023-05-19,6950
3704,合勤控,36,5,31,福勝,2023-05-19,6950
5469,瀚宇博,30,0,30,福勝,2023-05-19,6950
6245,立端,32,5,27,福勝,2023-05-19,6950
8076,伍豐,28,2,26,福勝,2023-05-19,6950
3706,神達,34,9,25,福勝,2023-05-19,6950
1605,華新,32,8,24,福勝,2023-05-19,6950
00885,富邦越南,30,8,22,福勝,2023-05-19,6950
2409,友達,21,0,21,福勝,2023-05-19,6950
00753L,中信中國50正2,20,0,20,福勝,2023-05-19,6950
1314,中石化,20,0,20,福勝,2023-05-19,6950
8916,光隆,20,0,20,福勝,2023-05-19,6950
6235,華孚,44,25,19,福勝,2023-05-19,6950
1519,華城,35,17,18,福勝,2023-05-19,6950
8222,寶一,29,11,18,福勝,2023-05-19,6950
2323,中環,57,40,17,福勝,2023-05-19,6950
1337,再生-KY,15,0,15,福勝,2023-05-19,6950
00679B,元大美債20年,25,10,15,福勝,2023-05-19,6950
8011,台通,15,0,15,福勝,2023-05-19,6950
2482,連宇,14,0,14,福勝,2023-05-19,6950
5309,系統電,14,0,14,福勝,2023-05-19,6950
00720B,元大投資級公司債,13,0,13,福勝,2023-05-19,6950
1513,中興電,35,22,13,福勝,2023-05-19,6950
1904,正隆,13,0,13,福勝,2023-05-19,6950
2471,資通,19,6,13,福勝,2023-05-19,6950
2441,超豐,12,0,12,福勝,2023-05-19,6950
4931,新盛力,16,4,12,福勝,2023-05-19,6950
8403,盛弘,12,0,12,福勝,2023-05-19,6950
2002,中鋼,11,0,11,福勝,2023-05-19,6950
00687B,國泰20年美債,11,0,11,福勝,2023-05-19,6950
1709,和益,11,0,11,福勝,2023-05-19,6950
1905,華紙,11,0,11,福勝,2023-05-19,6950
00680L,元大美債20正2,10,0,10,福勝,2023-05-19,6950
2032,新鋼,10,0,10,福勝,2023-05-19,6950
3202,樺晟,10,0,10,福勝,2023-05-19,6950
4119,旭富,10,0,10,福勝,2023-05-19,6950
6118,建達,10,0,10,福勝,2023-05-19,6950
6456,GIS-KY,10,0,10,福勝,2023-05-19,6950
2609,陽明,20,10,10,福勝,2023-05-19,6950
2201,裕隆,10,1,9,福勝,2023-05-19,6950
2453,凌群,11,2,9,福勝,2023-05-19,6950
00878,國泰永續高股息,272,43,229,福勝,2023-05-22,6950
00632R,元大台灣50反1,104,0,104,福勝,2023-05-22,6950
00712,復華富時不動產,53,2,51,福勝,2023-05-22,6950
2303,聯電,36,3,33,福勝,2023-05-22,6950
2888,新光金,40,10,30,福勝,2023-05-22,6950
6190,萬泰科,31,3,28,福勝,2023-05-22,6950
00679B,元大美債20年,37,10,27,福勝,2023-05-22,6950
2206,三陽工業,50,24,26,福勝,2023-05-22,6950
1605,華新,22,1,21,福勝,2023-05-22,6950
5243,乙盛-KY,23,2,21,福勝,2023-05-22,6950
3094,聯傑,20,0,20,福勝,2023-05-22,6950
00715L,期街口布蘭特正2,19,2,17,福勝,2023-05-22,6950
3058,立德,16,0,16,福勝,2023-05-22,6950
6235,華孚,27,11,16,福勝,2023-05-22,6950
1809,中釉,18,3,15,福勝,2023-05-22,6950
2402,毅嘉,15,1,14,福勝,2023-05-22,6950
3481,群創,37,23,14,福勝,2023-05-22,6950
3037,欣興,24,11,13,福勝,2023-05-22,6950
00687B,國泰20年美債,12,0,12,福勝,2023-05-22,6950
2442,新美齊,14,2,12,福勝,2023-05-22,6950
6153,嘉聯益,12,0,12,福勝,2023-05-22,6950
6167,久正,13,1,12,福勝,2023-05-22,6950
2609,陽明,16,5,11,福勝,2023-05-22,6950
3231,緯創,17,6,11,福勝,2023-05-22,6950
4173,久裕,13,2,11,福勝,2023-05-22,6950
00680L,元大美債20正2,10,0,10,福勝,2023-05-22,6950
00720B,元大投資級公司債,10,0,10,福勝,2023-05-22,6950
1532,勤美,10,0,10,福勝,2023-05-22,6950
6244,茂迪,10,0,10,福勝,2023-05-22,6950
00882,中信中國高股息,8,0,8,福勝,2023-05-22,6950
2317,鴻海,8,0,8,福勝,2023-05-22,6950
2453,凌群,8,0,8,福勝,2023-05-22,6950
2471,資通,10,2,8,福勝,2023-05-22,6950
3149,正達,8,0,8,福勝,2023-05-22,6950
3576,聯合再生,9,1,8,福勝,2023-05-22,6950
5324,士開,8,0,8,福勝,2023-05-22,6950
1504,東元,24,17,7,福勝,2023-05-22,6950
00713,元大台灣高息低波,8,1,7,福勝,2023-05-22,6950
3025,星通,18,11,7,福勝,2023-05-22,6950
8927,北基,7,0,7,福勝,2023-05-22,6950
1519,華城,16,10,6,福勝,2023-05-22,6950
00877,復華中國5G,6,0,6,福勝,2023-05-22,6950
1905,華紙,7,1,6,福勝,2023-05-22,6950
2892,第一金,6,0,6,福勝,2023-05-22,6950
6274,台燿,36,30,6,福勝,2023-05-22,6950
8046,南電,7,2,5,福勝,2023-05-22,6950
1234,黑松,5,0,5,福勝,2023-05-22,6950
00857B,永豐20年美公債,5,0,5,福勝,2023-05-22,6950
00642U,期元大S＆P石油,5,0,5,福勝,2023-05-22,6950
0056,元大高股息,7,2,5,福勝,2023-05-22,6950
00632R,元大台灣50反1,100,0,100,福勝,2023-05-23,6950
4977,眾達-KY,100,0,100,福勝,2023-05-23,6950
2515,中工,46,0,46,福勝,2023-05-23,6950
3025,星通,43,9,34,福勝,2023-05-23,6950
2303,聯電,38,5,33,福勝,2023-05-23,6950
2344,華邦電,52,20,32,福勝,2023-05-23,6950
2442,新美齊,35,3,32,福勝,2023-05-23,6950
3163,波若威,42,11,31,福勝,2023-05-23,6950
1528,恩德,32,2,30,福勝,2023-05-23,6950
2405,輔信,30,0,30,福勝,2023-05-23,6950
4541,晟田,31,1,30,福勝,2023-05-23,6950
2323,中環,36,8,28,福勝,2023-05-23,6950
2913,農林,30,3,27,福勝,2023-05-23,6950
3071,協禧,25,0,25,福勝,2023-05-23,6950
2603,長榮,29,5,24,福勝,2023-05-23,6950
1513,中興電,31,9,22,福勝,2023-05-23,6950
00923,群益台ESG低碳50,21,0,21,福勝,2023-05-23,6950
1514,亞力,30,10,20,福勝,2023-05-23,6950
3682,亞太電,20,0,20,福勝,2023-05-23,6950
00878,國泰永續高股息,30,11,19,福勝,2023-05-23,6950
3706,神達,23,5,18,福勝,2023-05-23,6950
3030,德律,17,0,17,福勝,2023-05-23,6950
3078,僑威,20,5,15,福勝,2023-05-23,6950
1519,華城,28,14,14,福勝,2023-05-23,6950
2409,友達,15,1,14,福勝,2023-05-23,6950
6116,彩晶,14,0,14,福勝,2023-05-23,6950
1727,中華化,13,0,13,福勝,2023-05-23,6950
5905,南仁湖,12,0,12,福勝,2023-05-23,6950
8150,南茂,12,0,12,福勝,2023-05-23,6950
00712,復華富時不動產,11,0,11,福勝,2023-05-23,6950
1104,環泥,11,0,11,福勝,2023-05-23,6950
1219,福壽,12,1,11,福勝,2023-05-23,6950
1809,中釉,11,0,11,福勝,2023-05-23,6950
4114,健喬,11,0,11,福勝,2023-05-23,6950
1319,東陽,11,1,10,福勝,2023-05-23,6950
00680L,元大美債20正2,10,0,10,福勝,2023-05-23,6950
1584,精剛,13,3,10,福勝,2023-05-23,6950
2308,台達電,10,0,10,福勝,2023-05-23,6950
2368,金像電,15,5,10,福勝,2023-05-23,6950
2538,基泰,10,0,10,福勝,2023-05-23,6950
3051,力特,10,0,10,福勝,2023-05-23,6950
3205,佰研,13,3,10,福勝,2023-05-23,6950
5533,皇鼎,10,0,10,福勝,2023-05-23,6950
8930,青鋼,10,0,10,福勝,2023-05-23,6950
00679B,元大美債20年,9,0,9,福勝,2023-05-23,6950
4916,事欣科,10,1,9,福勝,2023-05-23,6950
5425,台半,10,1,9,福勝,2023-05-23,6950
6446,藥華藥,12,4,8,福勝,2023-05-23,6950
4545,銘鈺,8,0,8,福勝,2023-05-23,6950
1101,台泥,11,4,7,福勝,2023-05-23,6950
00680L,元大美債20正2,180,0,180,福勝,2023-05-24,6950
00882,中信中國高股息,135,0,135,福勝,2023-05-24,6950
6226,光鼎,80,0,80,福勝,2023-05-24,6950
5531,鄉林,81,6,75,福勝,2023-05-24,6950
3163,波若威,56,3,53,福勝,2023-05-24,6950
00679B,元大美債20年,52,0,52,福勝,2023-05-24,6950
5512,力麒,42,0,42,福勝,2023-05-24,6950
6164,華興,37,4,33,福勝,2023-05-24,6950
2610,華航,120,88,32,福勝,2023-05-24,6950
3046,建��,35,5,30,福勝,2023-05-24,6950
3498,陽程,29,0,29,福勝,2023-05-24,6950
00673R,期元大S＆P原油反1,25,0,25,福勝,2023-05-24,6950
8933,愛地雅,25,0,25,福勝,2023-05-24,6950
2457,飛宏,53,30,23,福勝,2023-05-24,6950
2634,漢翔,51,28,23,福勝,2023-05-24,6950
4916,事欣科,23,0,23,福勝,2023-05-24,6950
2356,英業達,22,0,22,福勝,2023-05-24,6950
4545,銘鈺,22,0,22,福勝,2023-05-24,6950
5009,榮剛,23,2,21,福勝,2023-05-24,6950
6245,立端,21,0,21,福勝,2023-05-24,6950
1525,江申,20,0,20,福勝,2023-05-24,6950
2705,六福,47,27,20,福勝,2023-05-24,6950
5398,慕康生醫,16,0,16,福勝,2023-05-24,6950
1513,中興電,28,13,15,福勝,2023-05-24,6950
2367,燿華,15,1,14,福勝,2023-05-24,6950
1519,華城,32,19,13,福勝,2023-05-24,6950
3363,上詮,15,2,13,福勝,2023-05-24,6950
3704,合勤控,18,6,12,福勝,2023-05-24,6950
00878,國泰永續高股息,25,13,12,福勝,2023-05-24,6950
6209,今國光,12,0,12,福勝,2023-05-24,6950
2442,新美齊,16,5,11,福勝,2023-05-24,6950
00720B,元大投資級公司債,10,0,10,福勝,2023-05-24,6950
1589,永冠-KY,11,1,10,福勝,2023-05-24,6950
1609,大亞,28,18,10,福勝,2023-05-24,6950
2537,聯上發,20,10,10,福勝,2023-05-24,6950
2887,台新金,10,0,10,福勝,2023-05-24,6950
3093,港建*,10,0,10,福勝,2023-05-24,6950
3202,樺晟,10,0,10,福勝,2023-05-24,6950
4931,新盛力,14,4,10,福勝,2023-05-24,6950
5521,工信,20,10,10,福勝,2023-05-24,6950
00923,群益台ESG低碳50,10,0,10,福勝,2023-05-24,6950
2706,第一店,18,9,9,福勝,2023-05-24,6950
5905,南仁湖,32,23,9,福勝,2023-05-24,6950
1608,華榮,10,2,8,福勝,2023-05-24,6950
2014,中鴻,10,2,8,福勝,2023-05-24,6950
2482,連宇,8,0,8,福勝,2023-05-24,6950
6411,晶焱,10,2,8,福勝,2023-05-24,6950
8222,寶一,33,25,8,福勝,2023-05-24,6950
00637L,元大滬深300正2,6,0,6,福勝,2023-05-24,6950
2328,廣宇,6,0,6,福勝,2023-05-24,6950
00882,中信中國高股息,138,0,138,福勝,2023-05-25,6950
2886,兆豐金,125,21,104,福勝,2023-05-25,6950
1905,華紙,103,5,98,福勝,2023-05-25,6950
00637L,元大滬深300正2,68,0,68,福勝,2023-05-25,6950
3615,安可,60,3,57,福勝,2023-05-25,6950
6234,高僑,54,0,54,福勝,2023-05-25,6950
1313,聯成,50,0,50,福勝,2023-05-25,6950
3583,辛耘,37,0,37,福勝,2023-05-25,6950
6603,富強鑫,35,0,35,福勝,2023-05-25,6950
2888,新光金,30,0,30,福勝,2023-05-25,6950
5301,寶得利,29,0,29,福勝,2023-05-25,6950
8028,昇陽半導體,28,0,28,福勝,2023-05-25,6950
4114,健喬,27,1,26,福勝,2023-05-25,6950
1604,聲寶,25,0,25,福勝,2023-05-25,6950
8222,寶一,35,10,25,福勝,2023-05-25,6950
2303,聯電,25,3,22,福勝,2023-05-25,6950
2603,長榮,24,3,21,福勝,2023-05-25,6950
2891,中信金,22,1,21,福勝,2023-05-25,6950
1325,恆大,21,1,20,福勝,2023-05-25,6950
2402,毅嘉,23,3,20,福勝,2023-05-25,6950
2027,大成鋼,22,3,19,福勝,2023-05-25,6950
2371,大同,41,22,19,福勝,2023-05-25,6950
1785,光洋科,29,11,18,福勝,2023-05-25,6950
00633L,富邦上証正2,16,0,16,福勝,2023-05-25,6950
2630,亞航,18,3,15,福勝,2023-05-25,6950
2748,雲品,16,2,14,福勝,2023-05-25,6950
3093,港建*,14,0,14,福勝,2023-05-25,6950
4545,銘鈺,14,0,14,福勝,2023-05-25,6950
1337,再生-KY,13,0,13,福勝,2023-05-25,6950
2344,華邦電,44,31,13,福勝,2023-05-25,6950
2609,陽明,21,8,13,福勝,2023-05-25,6950
00885,富邦越南,12,0,12,福勝,2023-05-25,6950
1503,士電,16,4,12,福勝,2023-05-25,6950
2883,凱基金,12,0,12,福勝,2023-05-25,6950
1504,東元,34,23,11,福勝,2023-05-25,6950
1605,華新,11,0,11,福勝,2023-05-25,6950
2701,萬企,11,0,11,福勝,2023-05-25,6950
3706,神達,11,0,11,福勝,2023-05-25,6950
5009,榮剛,17,6,11,福勝,2023-05-25,6950
6245,立端,13,2,11,福勝,2023-05-25,6950
00712,復華富時不動產,10,0,10,福勝,2023-05-25,6950
00632R,元大台灣50反1,10,0,10,福勝,2023-05-25,6950
00680L,元大美債20正2,10,0,10,福勝,2023-05-25,6950
1442,名軒,10,0,10,福勝,2023-05-25,6950
1603,華電,10,0,10,福勝,2023-05-25,6950
2014,中鴻,10,0,10,福勝,2023-05-25,6950
2025,千興,10,0,10,福勝,2023-05-25,6950
2359,所羅門,10,0,10,福勝,2023-05-25,6950
2457,飛宏,20,10,10,福勝,2023-05-25,6950
3338,泰碩,13,3,10,福勝,2023-05-25,6950
00632R,元大台灣50反1,200,86,114,福勝,2023-05-26,6950
2323,中環,187,79,108,福勝,2023-05-26,6950
00712,復華富時不動產,96,0,96,福勝,2023-05-26,6950
2368,金像電,50,4,46,福勝,2023-05-26,6950
2324,仁寶,54,11,43,福勝,2023-05-26,6950
5243,乙盛-KY,45,3,42,福勝,2023-05-26,6950
1604,聲寶,35,0,35,福勝,2023-05-26,6950
6124,業強,33,6,27,福勝,2023-05-26,6950
2882,國泰金,30,5,25,福勝,2023-05-26,6950
3059,華晶科,24,0,24,福勝,2023-05-26,6950
5469,瀚宇博,30,6,24,福勝,2023-05-26,6950
00878,國泰永續高股息,30,7,23,福勝,2023-05-26,6950
2891,中信金,22,0,22,福勝,2023-05-26,6950
6282,康舒,24,2,22,福勝,2023-05-26,6950
00637L,元大滬深300正2,21,0,21,福勝,2023-05-26,6950
2883,凱基金,31,10,21,福勝,2023-05-26,6950
3591,艾笛森,21,0,21,福勝,2023-05-26,6950
3704,合勤控,25,4,21,福勝,2023-05-26,6950
3540,曜越,28,7,21,福勝,2023-05-26,6950
00753L,中信中國50正2,20,0,20,福勝,2023-05-26,6950
2027,大成鋼,22,2,20,福勝,2023-05-26,6950
6167,久正,32,12,20,福勝,2023-05-26,6950
00715L,期街口布蘭特正2,18,0,18,福勝,2023-05-26,6950
8403,盛弘,18,0,18,福勝,2023-05-26,6950
1609,大亞,42,25,17,福勝,2023-05-26,6950
1605,華新,14,0,14,福勝,2023-05-26,6950
3202,樺晟,35,21,14,福勝,2023-05-26,6950
2371,大同,61,47,14,福勝,2023-05-26,6950
00882,中信中國高股息,13,0,13,福勝,2023-05-26,6950
2382,廣達,23,10,13,福勝,2023-05-26,6950
3481,群創,22,9,13,福勝,2023-05-26,6950
6202,盛群,13,0,13,福勝,2023-05-26,6950
3264,欣銓,12,0,12,福勝,2023-05-26,6950
1444,力麗,11,0,11,福勝,2023-05-26,6950
2425,承啟,12,1,11,福勝,2023-05-26,6950
2736,富野,41,30,11,福勝,2023-05-26,6950
6288,聯嘉,11,0,11,福勝,2023-05-26,6950
8011,台通,16,5,11,福勝,2023-05-26,6950
00642U,期元大S＆P石油,10,0,10,福勝,2023-05-26,6950
00680L,元大美債20正2,10,0,10,福勝,2023-05-26,6950
1718,中纖,10,0,10,福勝,2023-05-26,6950
1809,中釉,10,0,10,福勝,2023-05-26,6950
2313,華通,20,10,10,福勝,2023-05-26,6950
5521,工信,10,0,10,福勝,2023-05-26,6950
6191,精成科,10,0,10,福勝,2023-05-26,6950
00772B,中信高評級公司債,9,0,9,福勝,2023-05-26,6950
2206,三陽工業,53,44,9,福勝,2023-05-26,6950
2409,友達,12,3,9,福勝,2023-05-26,6950
2851,中再保,9,0,9,福勝,2023-05-26,6950
4979,華星光,37,28,9,福勝,2023-05-26,6950
2887,台新金,150,4,146,福勝,2023-05-29,6950
0056,元大高股息,76,12,64,福勝,2023-05-29,6950
1525,江申,70,10,60,福勝,2023-05-29,6950
3540,曜越,63,6,57,福勝,2023-05-29,6950
00878,國泰永續高股息,58,11,47,福勝,2023-05-29,6950
8054,安國,47,0,47,福勝,2023-05-29,6950
5203,訊連,38,0,38,福勝,2023-05-29,6950
00673R,期元大S＆P原油反1,35,0,35,福勝,2023-05-29,6950
2303,聯電,44,19,25,福勝,2023-05-29,6950
1608,華榮,30,7,23,福勝,2023-05-29,6950
3231,緯創,87,66,21,福勝,2023-05-29,6950
00882,中信中國高股息,20,0,20,福勝,2023-05-29,6950
1721,三晃,20,0,20,福勝,2023-05-29,6950
6116,彩晶,21,2,19,福勝,2023-05-29,6950
2002,中鋼,28,10,18,福勝,2023-05-29,6950
2618,長榮航,59,42,17,福勝,2023-05-29,6950
2405,輔信,26,10,16,福勝,2023-05-29,6950
5328,華容,22,7,15,福勝,2023-05-29,6950
8358,金居,14,0,14,福勝,2023-05-29,6950
00885,富邦越南,12,0,12,福勝,2023-05-29,6950
2368,金像電,15,3,12,福勝,2023-05-29,6950
2883,凱基金,15,3,12,福勝,2023-05-29,6950
4564,元翎,20,8,12,福勝,2023-05-29,6950
3037,欣興,15,4,11,福勝,2023-05-29,6950
00687B,國泰20年美債,11,0,11,福勝,2023-05-29,6950
2371,大同,29,18,11,福勝,2023-05-29,6950
2488,漢平,11,0,11,福勝,2023-05-29,6950
2495,普安,12,1,11,福勝,2023-05-29,6950
5706,鳳凰,12,1,11,福勝,2023-05-29,6950
00657,國泰日經225,10,0,10,福勝,2023-05-29,6950
00640L,富邦日本正2,10,0,10,福勝,2023-05-29,6950
2442,新美齊,10,0,10,福勝,2023-05-29,6950
3664,安瑞-KY,10,0,10,福勝,2023-05-29,6950
6133,金橋,10,0,10,福勝,2023-05-29,6950
2409,友達,10,1,9,福勝,2023-05-29,6950
2007,燁興,9,0,9,福勝,2023-05-29,6950
2801,彰銀,10,1,9,福勝,2023-05-29,6950
3708,上緯投控,10,1,9,福勝,2023-05-29,6950
5243,乙盛-KY,11,2,9,福勝,2023-05-29,6950
6770,力積電,20,11,9,福勝,2023-05-29,6950
3058,立德,10,1,9,福勝,2023-05-29,6950
3202,樺晟,10,2,8,福勝,2023-05-29,6950
3227,原相,8,0,8,福勝,2023-05-29,6950
4906,正文,8,0,8,福勝,2023-05-29,6950
6741,91APP*-KY,8,0,8,福勝,2023-05-29,6950
00637L,元大滬深300正2,7,0,7,福勝,2023-05-29,6950
00895,富邦未來車,7,0,7,福勝,2023-05-29,6950
1319,東陽,9,2,7,福勝,2023-05-29,6950
2382,廣達,8,1,7,福勝,2023-05-29,6950
5289,宜鼎,13,6,7,福勝,2023-05-29,6950
6550,北極星藥業-KY,207,0,207,福勝,2023-05-30,6950
00632R,元大台灣50反1,200,0,200,福勝,2023-05-30,6950
00882,中信中國高股息,119,0,119,福勝,2023-05-30,6950
2610,華航,113,60,53,福勝,2023-05-30,6950
1525,江申,50,0,50,福勝,2023-05-30,6950
2374,佳能,50,2,48,福勝,2023-05-30,6950
00725B,國泰投資級公司債,45,0,45,福勝,2023-05-30,6950
1609,大亞,45,2,43,福勝,2023-05-30,6950
2228,劍麟,40,0,40,福勝,2023-05-30,6950
3706,神達,41,4,37,福勝,2023-05-30,6950
2371,大同,75,41,34,福勝,2023-05-30,6950
2002,中鋼,31,0,31,福勝,2023-05-30,6950
2382,廣達,33,9,24,福勝,2023-05-30,6950
2609,陽明,22,0,22,福勝,2023-05-30,6950
6456,GIS-KY,21,0,21,福勝,2023-05-30,6950
1604,聲寶,20,0,20,福勝,2023-05-30,6950
2032,新鋼,20,0,20,福勝,2023-05-30,6950
6274,台燿,25,5,20,福勝,2023-05-30,6950
0056,元大高股息,49,31,18,福勝,2023-05-30,6950
6770,力積電,23,5,18,福勝,2023-05-30,6950
2324,仁寶,50,33,17,福勝,2023-05-30,6950
00687B,國泰20年美債,17,1,16,福勝,2023-05-30,6950
00715L,期街口布蘭特正2,31,15,16,福勝,2023-05-30,6950
3038,全台,22,7,15,福勝,2023-05-30,6950
3481,群創,15,0,15,福勝,2023-05-30,6950
3646,艾恩特,15,0,15,福勝,2023-05-30,6950
3078,僑威,14,0,14,福勝,2023-05-30,6950
2606,裕民,12,0,12,福勝,2023-05-30,6950
00713,元大台灣高息低波,13,2,11,福勝,2023-05-30,6950
1762,中化生,11,0,11,福勝,2023-05-30,6950
2204,中華,37,26,11,福勝,2023-05-30,6950
2457,飛宏,20,9,11,福勝,2023-05-30,6950
3005,神基,11,0,11,福勝,2023-05-30,6950
1471,首利,10,0,10,福勝,2023-05-30,6950
1611,中電,50,40,10,福勝,2023-05-30,6950
2349,錸德,10,0,10,福勝,2023-05-30,6950
2498,宏達電,18,8,10,福勝,2023-05-30,6950
2504,國產,10,0,10,福勝,2023-05-30,6950
3264,欣銓,12,2,10,福勝,2023-05-30,6950
3540,曜越,10,0,10,福勝,2023-05-30,6950
2883,凱基金,10,0,10,福勝,2023-05-30,6950
8933,愛地雅,9,0,9,福勝,2023-05-30,6950
2637,慧洋-KY,8,0,8,福勝,2023-05-30,6950
3356,奇偶,12,4,8,福勝,2023-05-30,6950
4153,鈺緯,8,0,8,福勝,2023-05-30,6950
4714,永捷,8,0,8,福勝,2023-05-30,6950
4908,前鼎,10,2,8,福勝,2023-05-30,6950
3231,緯創,55,48,7,福勝,2023-05-30,6950
3032,偉訓,14,7,7,福勝,2023-05-30,6950
00895,富邦未來車,7,0,7,福勝,2023-05-30,6950
00715L,期街口布蘭特正2,132,15,117,福勝,2023-05-31,6950
6217,中探針,75,0,75,福勝,2023-05-31,6950
2442,新美齊,60,1,59,福勝,2023-05-31,6950
2603,長榮,58,2,56,福勝,2023-05-31,6950
2883,凱基金,47,0,47,福勝,2023-05-31,6950
1101,台泥,44,2,42,福勝,2023-05-31,6950
2888,新光金,42,5,37,福勝,2023-05-31,6950
2736,富野,40,7,33,福勝,2023-05-31,6950
1608,華榮,33,1,32,福勝,2023-05-31,6950
3374,精材,30,0,30,福勝,2023-05-31,6950
5533,皇鼎,30,0,30,福勝,2023-05-31,6950
3037,欣興,34,5,29,福勝,2023-05-31,6950
00892,富邦台灣半導體,27,0,27,福勝,2023-05-31,6950
2206,三陽工業,34,7,27,福勝,2023-05-31,6950
00882,中信中國高股息,26,0,26,福勝,2023-05-31,6950
2457,飛宏,40,16,24,福勝,2023-05-31,6950
00642U,期元大S＆P石油,20,0,20,福勝,2023-05-31,6950
5328,華容,20,1,19,福勝,2023-05-31,6950
2356,英業達,19,1,18,福勝,2023-05-31,6950
6245,立端,24,8,16,福勝,2023-05-31,6950
00878,國泰永續高股息,16,2,14,福勝,2023-05-31,6950
8147,正淩,17,3,14,福勝,2023-05-31,6950
3704,合勤控,17,4,13,福勝,2023-05-31,6950
3231,緯創,33,20,13,福勝,2023-05-31,6950
2382,廣達,13,1,12,福勝,2023-05-31,6950
2344,華邦電,12,0,12,福勝,2023-05-31,6950
2451,創見,27,15,12,福勝,2023-05-31,6950
1513,中興電,40,29,11,福勝,2023-05-31,6950
1103,嘉泥,11,0,11,福勝,2023-05-31,6950
2851,中再保,13,2,11,福勝,2023-05-31,6950
6841,長佳智能,11,0,11,福勝,2023-05-31,6950
8110,華東,11,0,11,福勝,2023-05-31,6950
3706,神達,49,38,11,福勝,2023-05-31,6950
1440,南紡,10,0,10,福勝,2023-05-31,6950
1337,再生-KY,10,0,10,福勝,2023-05-31,6950
1268,漢來美食,10,0,10,福勝,2023-05-31,6950
2349,錸德,15,5,10,福勝,2023-05-31,6950
2458,義隆,10,0,10,福勝,2023-05-31,6950
2645,長榮航太,10,0,10,福勝,2023-05-31,6950
3062,建漢,10,0,10,福勝,2023-05-31,6950
4916,事欣科,14,4,10,福勝,2023-05-31,6950
4977,眾達-KY,10,0,10,福勝,2023-05-31,6950
6770,力積電,12,2,10,福勝,2023-05-31,6950
8111,立��,10,0,10,福勝,2023-05-31,6950
1709,和益,10,1,9,福勝,2023-05-31,6950
2331,精英,12,3,9,福勝,2023-05-31,6950
2606,裕民,8,0,8,福勝,2023-05-31,6950
2488,漢平,7,0,7,福勝,2023-05-31,6950
2705,六福,10,3,7,福勝,2023-05-31,6950
4130,健亞,7,0,7,福勝,2023-05-31,6950
5388,中磊,142,3,139,福勝,2023-06-01,6950
6235,華孚,113,6,107,福勝,2023-06-01,6950
8210,勤誠,107,3,104,福勝,2023-06-01,6950
2323,中環,122,30,92,福勝,2023-06-01,6950
2444,兆勁,66,0,66,福勝,2023-06-01,6950
00882,中信中國高股息,61,0,61,福勝,2023-06-01,6950
1608,華榮,67,8,59,福勝,2023-06-01,6950
00895,富邦未來車,63,11,52,福勝,2023-06-01,6950
2303,聯電,50,0,50,福勝,2023-06-01,6950
2801,彰銀,50,0,50,福勝,2023-06-01,6950
3013,晟銘電,72,22,50,福勝,2023-06-01,6950
2634,漢翔,50,2,48,福勝,2023-06-01,6950
3706,神達,83,36,47,福勝,2023-06-01,6950
3260,威剛,43,2,41,福勝,2023-06-01,6950
5014,建錩,40,0,40,福勝,2023-06-01,6950
2488,漢平,39,0,39,福勝,2023-06-01,6950
1605,華新,37,2,35,福勝,2023-06-01,6950
2344,華邦電,44,12,32,福勝,2023-06-01,6950
2888,新光金,31,0,31,福勝,2023-06-01,6950
8088,品安,31,4,27,福勝,2023-06-01,6950
00715L,期街口布蘭特正2,41,17,24,福勝,2023-06-01,6950
2515,中工,26,2,24,福勝,2023-06-01,6950
2449,京元電子,24,1,23,福勝,2023-06-01,6950
2409,友達,22,1,21,福勝,2023-06-01,6950
2754,亞洲藏壽司,20,0,20,福勝,2023-06-01,6950
2929,淘帝-KY,20,0,20,福勝,2023-06-01,6950
1907,永豐餘,27,8,19,福勝,2023-06-01,6950
2324,仁寶,19,0,19,福勝,2023-06-01,6950
1218,泰山,19,1,18,福勝,2023-06-01,6950
00642U,期元大S＆P石油,17,0,17,福勝,2023-06-01,6950
3037,欣興,20,4,16,福勝,2023-06-01,6950
4114,健喬,15,0,15,福勝,2023-06-01,6950
4533,協易機,21,6,15,福勝,2023-06-01,6950
9907,統一實,15,0,15,福勝,2023-06-01,6950
1307,三芳,13,0,13,福勝,2023-06-01,6950
2441,超豐,13,0,13,福勝,2023-06-01,6950
2615,萬海,19,6,13,福勝,2023-06-01,6950
3265,台星科,16,3,13,福勝,2023-06-01,6950
2371,大同,120,108,12,福勝,2023-06-01,6950
1609,大亞,15,3,12,福勝,2023-06-01,6950
2736,富野,13,1,12,福勝,2023-06-01,6950
2630,亞航,32,21,11,福勝,2023-06-01,6950
6134,萬旭,13,2,11,福勝,2023-06-01,6950
6190,萬泰科,15,4,11,福勝,2023-06-01,6950
1904,正隆,13,3,10,福勝,2023-06-01,6950
2349,錸德,10,0,10,福勝,2023-06-01,6950
2426,鼎元,10,0,10,福勝,2023-06-01,6950
3058,立德,13,3,10,福勝,2023-06-01,6950
3346,麗清,10,0,10,福勝,2023-06-01,6950
3704,合勤控,13,3,10,福勝,2023-06-01,6950
2371,大同,290,54,236,福勝,2023-06-02,6950
2610,華航,278,54,224,福勝,2023-06-02,6950
00632R,元大台灣50反1,200,3,197,福勝,2023-06-02,6950
00878,國泰永續高股息,114,32,82,福勝,2023-06-02,6950
6841,長佳智能,81,2,79,福勝,2023-06-02,6950
2489,瑞軒,115,56,59,福勝,2023-06-02,6950
2323,中環,110,56,54,福勝,2023-06-02,6950
3013,晟銘電,52,3,49,福勝,2023-06-02,6950
6167,久正,55,6,49,福勝,2023-06-02,6950
1444,力麗,40,1,39,福勝,2023-06-02,6950
2405,輔信,32,0,32,福勝,2023-06-02,6950
2488,漢平,30,0,30,福勝,2023-06-02,6950
3607,谷崧,30,0,30,福勝,2023-06-02,6950
6226,光鼎,30,0,30,福勝,2023-06-02,6950
6470,宇智,30,2,28,福勝,2023-06-02,6950
2603,長榮,26,3,23,福勝,2023-06-02,6950
00919,群益台灣精選高息,21,0,21,福勝,2023-06-02,6950
2356,英業達,27,6,21,福勝,2023-06-02,6950
3047,訊舟,28,8,20,福勝,2023-06-02,6950
5014,建錩,20,0,20,福勝,2023-06-02,6950
5225,東科-KY,20,0,20,福勝,2023-06-02,6950
5258,虹堡,20,1,19,福勝,2023-06-02,6950
8150,南茂,19,0,19,福勝,2023-06-02,6950
1806,冠軍,18,0,18,福勝,2023-06-02,6950
00679B,元大美債20年,14,0,14,福勝,2023-06-02,6950
1101,台泥,16,2,14,福勝,2023-06-02,6950
00882,中信中國高股息,14,0,14,福勝,2023-06-02,6950
3260,威剛,14,1,13,福勝,2023-06-02,6950
2606,裕民,12,0,12,福勝,2023-06-02,6950
6275,元山,12,0,12,福勝,2023-06-02,6950
1905,華紙,29,18,11,福勝,2023-06-02,6950
2331,精英,23,12,11,福勝,2023-06-02,6950
4979,華星光,26,15,11,福勝,2023-06-02,6950
00642U,期元大S＆P石油,10,0,10,福勝,2023-06-02,6950
00926,凱基全球菁英55,10,0,10,福勝,2023-06-02,6950
1762,中化生,10,0,10,福勝,2023-06-02,6950
1802,台玻,10,0,10,福勝,2023-06-02,6950
2367,燿華,10,0,10,福勝,2023-06-02,6950
3030,德律,10,0,10,福勝,2023-06-02,6950
4931,新盛力,10,0,10,福勝,2023-06-02,6950
6229,研通,10,0,10,福勝,2023-06-02,6950
8096,擎亞,10,0,10,福勝,2023-06-02,6950
8277,商丞,13,3,10,福勝,2023-06-02,6950
3576,聯合再生,12,2,10,福勝,2023-06-02,6950
6531,愛普*,10,1,9,福勝,2023-06-02,6950
8011,台通,9,0,9,福勝,2023-06-02,6950
2458,義隆,10,2,8,福勝,2023-06-02,6950
2887,台新金,8,0,8,福勝,2023-06-02,6950
2913,農林,13,5,8,福勝,2023-06-02,6950
2022,聚亨,7,0,7,福勝,2023-06-02,6950
1605,華新,214,27,187,福勝,2023-06-05,6950
6167,久正,126,0,126,福勝,2023-06-05,6950
2486,一詮,127,5,122,福勝,2023-06-05,6950
3521,鴻翊,105,0,105,福勝,2023-06-05,6950
2014,中鴻,110,14,96,福勝,2023-06-05,6950
2449,京元電子,83,3,80,福勝,2023-06-05,6950
2610,華航,107,28,79,福勝,2023-06-05,6950
6218,豪勉,81,5,76,福勝,2023-06-05,6950
8155,博智,57,0,57,福勝,2023-06-05,6950
1529,樂事綠能,63,10,53,福勝,2023-06-05,6950
3025,星通,65,12,53,福勝,2023-06-05,6950
2753,八方雲集,53,1,52,福勝,2023-06-05,6950
2618,長榮航,75,24,51,福勝,2023-06-05,6950
6282,康舒,93,49,44,福勝,2023-06-05,6950
1268,漢來美食,42,0,42,福勝,2023-06-05,6950
2206,三陽工業,39,4,35,福勝,2023-06-05,6950
2913,農林,42,10,32,福勝,2023-06-05,6950
8996,高力,31,0,31,福勝,2023-06-05,6950
2409,友達,100,72,28,福勝,2023-06-05,6950
00921,兆豐龍頭等權重,28,0,28,福勝,2023-06-05,6950
1519,華城,76,49,27,福勝,2023-06-05,6950
1714,和桐,32,5,27,福勝,2023-06-05,6950
1514,亞力,39,13,26,福勝,2023-06-05,6950
1731,美吾華,25,0,25,福勝,2023-06-05,6950
3071,協禧,25,0,25,福勝,2023-06-05,6950
2603,長榮,38,13,25,福勝,2023-06-05,6950
2707,晶華,28,4,24,福勝,2023-06-05,6950
2609,陽明,26,3,23,福勝,2023-06-05,6950
6770,力積電,33,10,23,福勝,2023-06-05,6950
00878,國泰永續高股息,45,23,22,福勝,2023-06-05,6950
00882,中信中國高股息,21,0,21,福勝,2023-06-05,6950
00673R,期元大S＆P原油反1,20,0,20,福勝,2023-06-05,6950
00633L,富邦上証正2,20,0,20,福勝,2023-06-05,6950
1444,力麗,20,0,20,福勝,2023-06-05,6950
2488,漢平,18,0,18,福勝,2023-06-05,6950
8028,昇陽半導體,20,2,18,福勝,2023-06-05,6950
2303,聯電,26,10,16,福勝,2023-06-05,6950
2358,廷鑫,21,5,16,福勝,2023-06-05,6950
4906,正文,32,16,16,福勝,2023-06-05,6950
6470,宇智,16,0,16,福勝,2023-06-05,6950
3038,全台,15,0,15,福勝,2023-06-05,6950
3360,尚立,15,0,15,福勝,2023-06-05,6950
6244,茂迪,15,0,15,福勝,2023-06-05,6950
9917,中保科,15,0,15,福勝,2023-06-05,6950
0056,元大高股息,23,10,13,福勝,2023-06-05,6950
2324,仁寶,13,0,13,福勝,2023-06-05,6950
6202,盛群,13,0,13,福勝,2023-06-05,6950
00712,復華富時不動產,12,0,12,福勝,2023-06-05,6950
2915,潤泰全,15,3,12,福勝,2023-06-05,6950
2897,王道銀行,11,0,11,福勝,2023-06-05,6950
00919,群益台灣精選高息,134,0,134,福勝,2023-06-06,6950
2888,新光金,150,57,93,福勝,2023-06-06,6950
1268,漢來美食,78,0,78,福勝,2023-06-06,6950
6005,群益證,50,0,50,福勝,2023-06-06,6950
2317,鴻海,47,8,39,福勝,2023-06-06,6950
6116,彩晶,37,4,33,福勝,2023-06-06,6950
8358,金居,45,18,27,福勝,2023-06-06,6950
1609,大亞,100,73,27,福勝,2023-06-06,6950
2897,王道銀行,26,0,26,福勝,2023-06-06,6950
3706,神達,36,11,25,福勝,2023-06-06,6950
2303,聯電,25,1,24,福勝,2023-06-06,6950
3406,玉晶光,29,5,24,福勝,2023-06-06,6950
2405,輔信,22,0,22,福勝,2023-06-06,6950
1442,名軒,20,0,20,福勝,2023-06-06,6950
4906,正文,21,1,20,福勝,2023-06-06,6950
6233,旺玖,21,1,20,福勝,2023-06-06,6950
1101,台泥,20,1,19,福勝,2023-06-06,6950
2402,毅嘉,24,6,18,福勝,2023-06-06,6950
1513,中興電,19,3,16,福勝,2023-06-06,6950
1319,東陽,16,1,15,福勝,2023-06-06,6950
1909,榮成,17,2,15,福勝,2023-06-06,6950
3027,盛達,20,5,15,福勝,2023-06-06,6950
3362,先進光,15,0,15,福勝,2023-06-06,6950
6118,建達,15,0,15,福勝,2023-06-06,6950
2515,中工,15,1,14,福勝,2023-06-06,6950
2603,長榮,16,2,14,福勝,2023-06-06,6950
4523,永彰,14,0,14,福勝,2023-06-06,6950
8054,安國,14,0,14,福勝,2023-06-06,6950
8064,東捷,12,0,12,福勝,2023-06-06,6950
2399,映泰,14,3,11,福勝,2023-06-06,6950
3630,新鉅科,14,3,11,福勝,2023-06-06,6950
6770,力積電,23,12,11,福勝,2023-06-06,6950
00712,復華富時不動產,10,0,10,福勝,2023-06-06,6950
1611,中電,10,0,10,福勝,2023-06-06,6950
2497,怡利電,10,0,10,福勝,2023-06-06,6950
2867,三商壽,10,0,10,福勝,2023-06-06,6950
4973,廣穎,10,0,10,福勝,2023-06-06,6950
6547,高端疫苗,10,0,10,福勝,2023-06-06,6950
8011,台通,10,0,10,福勝,2023-06-06,6950
8112,至上,10,0,10,福勝,2023-06-06,6950
1444,力麗,20,11,9,福勝,2023-06-06,6950
2353,宏��,9,0,9,福勝,2023-06-06,6950
5383,金利,10,1,9,福勝,2023-06-06,6950
1316,上曜,8,0,8,福勝,2023-06-06,6950
2028,威致,8,0,8,福勝,2023-06-06,6950
3030,德律,8,0,8,福勝,2023-06-06,6950
3564,其陽,8,0,8,福勝,2023-06-06,6950
5009,榮剛,8,0,8,福勝,2023-06-06,6950
6217,中探針,8,0,8,福勝,2023-06-06,6950
6741,91APP*-KY,8,0,8,福勝,2023-06-06,6950
2883B,凱基金乙特,300,0,300,福勝,2023-06-07,6950
00632R,元大台灣50反1,126,15,111,福勝,2023-06-07,6950
1612,宏泰,117,9,108,福勝,2023-06-07,6950
3030,德律,50,0,50,福勝,2023-06-07,6950
1608,華榮,78,29,49,福勝,2023-06-07,6950
3673,TPK-KY,48,0,48,福勝,2023-06-07,6950
3231,緯創,95,48,47,福勝,2023-06-07,6950
2337,旺宏,43,0,43,福勝,2023-06-07,6950
6843,進典,40,0,40,福勝,2023-06-07,6950
00923,群益台ESG低碳50,37,0,37,福勝,2023-06-07,6950
0056,元大高股息,39,5,34,福勝,2023-06-07,6950
2402,毅嘉,34,2,32,福勝,2023-06-07,6950
1460,宏遠,40,13,27,福勝,2023-06-07,6950
3252,海灣,25,0,25,福勝,2023-06-07,6950
2405,輔信,23,0,23,福勝,2023-06-07,6950
2344,華邦電,27,5,22,福勝,2023-06-07,6950
2323,中環,86,65,21,福勝,2023-06-07,6950
00878,國泰永續高股息,33,13,20,福勝,2023-06-07,6950
1531,高林股,20,0,20,福勝,2023-06-07,6950
1721,三晃,20,0,20,福勝,2023-06-07,6950
1731,美吾華,20,0,20,福勝,2023-06-07,6950
4533,協易機,21,1,20,福勝,2023-06-07,6950
4931,新盛力,20,0,20,福勝,2023-06-07,6950
9907,統一實,20,0,20,福勝,2023-06-07,6950
5009,榮剛,20,1,19,福勝,2023-06-07,6950
8028,昇陽半導體,18,0,18,福勝,2023-06-07,6950
3028,增你強,17,0,17,福勝,2023-06-07,6950
6244,茂迪,31,14,17,福勝,2023-06-07,6950
6270,倍微,16,0,16,福勝,2023-06-07,6950
1337,再生-KY,19,4,15,福勝,2023-06-07,6950
8097,常珵,15,0,15,福勝,2023-06-07,6950
6125,廣運,15,1,14,福勝,2023-06-07,6950
2609,陽明,17,4,13,福勝,2023-06-07,6950
9958,世紀鋼,12,1,11,福勝,2023-06-07,6950
1101,台泥,10,0,10,福勝,2023-06-07,6950
00720B,元大投資級公司債,10,0,10,福勝,2023-06-07,6950
00642U,期元大S＆P石油,10,0,10,福勝,2023-06-07,6950
00902,中信電池及儲能,10,0,10,福勝,2023-06-07,6950
00900,富邦特選高股息30,20,10,10,福勝,2023-06-07,6950
1108,幸福,10,0,10,福勝,2023-06-07,6950
2457,飛宏,15,5,10,福勝,2023-06-07,6950
3013,晟銘電,11,1,10,福勝,2023-06-07,6950
5383,金利,10,0,10,福勝,2023-06-07,6950
5490,同亨,10,0,10,福勝,2023-06-07,6950
6160,欣技,10,0,10,福勝,2023-06-07,6950
6443,元晶,10,0,10,福勝,2023-06-07,6950
6461,益得,10,0,10,福勝,2023-06-07,6950
8215,明基材,10,0,10,福勝,2023-06-07,6950
1310,台苯,9,0,9,福勝,2023-06-07,6950
00919,群益台灣精選高息,9,0,9,福勝,2023-06-07,6950
1907,永豐餘,108,0,108,福勝,2023-06-08,6950
2486,一詮,102,3,99,福勝,2023-06-08,6950
2344,華邦電,124,30,94,福勝,2023-06-08,6950
1609,大亞,195,134,61,福勝,2023-06-08,6950
00919,群益台灣精選高息,54,0,54,福勝,2023-06-08,6950
2405,輔信,44,1,43,福勝,2023-06-08,6950
2337,旺宏,39,0,39,福勝,2023-06-08,6950
6282,康舒,49,10,39,福勝,2023-06-08,6950
2206,三陽工業,157,123,34,福勝,2023-06-08,6950
3338,泰碩,35,1,34,福勝,2023-06-08,6950
6245,立端,38,4,34,福勝,2023-06-08,6950
00882,中信中國高股息,32,0,32,福勝,2023-06-08,6950
8940,新天地,32,0,32,福勝,2023-06-08,6950
1449,佳和,30,1,29,福勝,2023-06-08,6950
0056,元大高股息,36,7,29,福勝,2023-06-08,6950
1460,宏遠,24,0,24,福勝,2023-06-08,6950
3252,海灣,26,4,22,福勝,2023-06-08,6950
2104,國際中橡,21,0,21,福勝,2023-06-08,6950
3374,精材,34,13,21,福勝,2023-06-08,6950
2706,第一店,23,3,20,福勝,2023-06-08,6950
3708,上緯投控,20,0,20,福勝,2023-06-08,6950
6285,啟��,20,0,20,福勝,2023-06-08,6950
00900,富邦特選高股息30,20,1,19,福勝,2023-06-08,6950
3481,群創,19,0,19,福勝,2023-06-08,6950
2881,富邦金,18,0,18,福勝,2023-06-08,6950
5905,南仁湖,33,16,17,福勝,2023-06-08,6950
6770,力積電,25,9,16,福勝,2023-06-08,6950
1608,華榮,21,6,15,福勝,2023-06-08,6950
2745,五福,15,0,15,福勝,2023-06-08,6950
6182,合晶,15,0,15,福勝,2023-06-08,6950
8076,伍豐,15,0,15,福勝,2023-06-08,6950
1504,東元,36,22,14,福勝,2023-06-08,6950
2611,志信,14,0,14,福勝,2023-06-08,6950
00927,群益半導體收益,13,0,13,福勝,2023-06-08,6950
5243,乙盛-KY,13,0,13,福勝,2023-06-08,6950
1432,大魯閣,12,0,12,福勝,2023-06-08,6950
00720B,元大投資級公司債,12,0,12,福勝,2023-06-08,6950
1905,華紙,14,2,12,福勝,2023-06-08,6950
6179,亞通,12,0,12,福勝,2023-06-08,6950
6188,廣明,12,0,12,福勝,2023-06-08,6950
6531,愛普*,13,1,12,福勝,2023-06-08,6950
2492,華新科,11,0,11,福勝,2023-06-08,6950
2329,華泰,17,6,11,福勝,2023-06-08,6950
2371,大同,11,0,11,福勝,2023-06-08,6950
2736,富野,27,16,11,福勝,2023-06-08,6950
3038,全台,11,0,11,福勝,2023-06-08,6950
4960,誠美材,11,0,11,福勝,2023-06-08,6950
5009,榮剛,11,0,11,福勝,2023-06-08,6950
6290,良維,11,0,11,福勝,2023-06-08,6950
4123,晟德,16,5,11,福勝,2023-06-08,6950
00712,復華富時不動產,522,0,522,福勝,2023-06-09,6950
6279,胡連,114,3,111,福勝,2023-06-09,6950
3481,群創,101,0,101,福勝,2023-06-09,6950
1612,宏泰,87,4,83,福勝,2023-06-09,6950
00929,復華台灣科技優息,69,0,69,福勝,2023-06-09,6950
1815,富喬,78,11,67,福勝,2023-06-09,6950
2883,凱基金,70,5,65,福勝,2023-06-09,6950
00919,群益台灣精選高息,43,0,43,福勝,2023-06-09,6950
2886,兆豐金,50,10,40,福勝,2023-06-09,6950
6770,力積電,49,12,37,福勝,2023-06-09,6950
5425,台半,53,17,36,福勝,2023-06-09,6950
2323,中環,53,21,32,福勝,2023-06-09,6950
2312,金寶,50,24,26,福勝,2023-06-09,6950
2402,毅嘉,29,5,24,福勝,2023-06-09,6950
1432,大魯閣,31,10,21,福勝,2023-06-09,6950
6532,瑞耘,27,6,21,福勝,2023-06-09,6950
2705,六福,31,11,20,福勝,2023-06-09,6950
2342,茂矽,19,0,19,福勝,2023-06-09,6950
2425,承啟,25,6,19,福勝,2023-06-09,6950
3704,合勤控,20,1,19,福勝,2023-06-09,6950
5009,榮剛,20,1,19,福勝,2023-06-09,6950
6282,康舒,29,10,19,福勝,2023-06-09,6950
2301,光寶科,19,1,18,福勝,2023-06-09,6950
6470,宇智,20,2,18,福勝,2023-06-09,6950
2609,陽明,21,4,17,福勝,2023-06-09,6950
2610,華航,85,69,16,福勝,2023-06-09,6950
2409,友達,15,0,15,福勝,2023-06-09,6950
1568,倉佑,15,0,15,福勝,2023-06-09,6950
8176,智捷,15,0,15,福勝,2023-06-09,6950
1504,東元,21,7,14,福勝,2023-06-09,6950
6285,啟��,15,1,14,福勝,2023-06-09,6950
2482,連宇,18,5,13,福勝,2023-06-09,6950
6116,彩晶,18,5,13,福勝,2023-06-09,6950
2706,第一店,12,0,12,福勝,2023-06-09,6950
4114,健喬,12,0,12,福勝,2023-06-09,6950
1711,永光,11,0,11,福勝,2023-06-09,6950
3094,聯傑,11,0,11,福勝,2023-06-09,6950
1219,福壽,10,0,10,福勝,2023-06-09,6950
2069,運錩,10,0,10,福勝,2023-06-09,6950
3071,協禧,10,0,10,福勝,2023-06-09,6950
5302,太欣,10,0,10,福勝,2023-06-09,6950
5512,力麒,10,0,10,福勝,2023-06-09,6950
6239,力成,10,0,10,福勝,2023-06-09,6950
6244,茂迪,10,0,10,福勝,2023-06-09,6950
6461,益得,10,0,10,福勝,2023-06-09,6950
6625,必應,32,22,10,福勝,2023-06-09,6950
9924,福興,10,0,10,福勝,2023-06-09,6950
9960,邁達康,10,0,10,福勝,2023-06-09,6950
3032,偉訓,14,4,10,福勝,2023-06-09,6950
1802,台玻,9,0,9,福勝,2023-06-09,6950
00929,復華台灣科技優息,223,0,223,福勝,2023-06-12,6950
00712,復華富時不動產,161,0,161,福勝,2023-06-12,6950
00687B,國泰20年美債,150,0,150,福勝,2023-06-12,6950
2312,金寶,135,53,82,福勝,2023-06-12,6950
2610,華航,89,14,75,福勝,2023-06-12,6950
2888,新光金,199,126,73,福勝,2023-06-12,6950
2891,中信金,64,0,64,福勝,2023-06-12,6950
2885,元大金,54,10,44,福勝,2023-06-12,6950
00671R,富邦NASDAQ反1,40,0,40,福勝,2023-06-12,6950
1733,五鼎,40,0,40,福勝,2023-06-12,6950
00919,群益台灣精選高息,41,3,38,福勝,2023-06-12,6950
3035,智原,41,7,34,福勝,2023-06-12,6950
8038,長園科,33,0,33,福勝,2023-06-12,6950
00923,群益台ESG低碳50,33,0,33,福勝,2023-06-12,6950
2105,正新,32,0,32,福勝,2023-06-12,6950
00680L,元大美債20正2,30,0,30,福勝,2023-06-12,6950
1802,台玻,30,0,30,福勝,2023-06-12,6950
3059,華晶科,35,5,30,福勝,2023-06-12,6950
5465,富驊,41,11,30,福勝,2023-06-12,6950
1603,華電,28,0,28,福勝,2023-06-12,6950
1710,東聯,30,2,28,福勝,2023-06-12,6950
6470,宇智,30,2,28,福勝,2023-06-12,6950
2405,輔信,26,0,26,福勝,2023-06-12,6950
6167,久正,35,9,26,福勝,2023-06-12,6950
1612,宏泰,28,3,25,福勝,2023-06-12,6950
8358,金居,26,2,24,福勝,2023-06-12,6950
1605,華新,25,2,23,福勝,2023-06-12,6950
2337,旺宏,25,3,22,福勝,2023-06-12,6950
5511,德昌,21,0,21,福勝,2023-06-12,6950
1307,三芳,20,0,20,福勝,2023-06-12,6950
2495,普安,21,1,20,福勝,2023-06-12,6950
2618,長榮航,64,44,20,福勝,2023-06-12,6950
2637,慧洋-KY,22,2,20,福勝,2023-06-12,6950
3038,全台,19,0,19,福勝,2023-06-12,6950
1310,台苯,19,0,19,福勝,2023-06-12,6950
6116,彩晶,20,1,19,福勝,2023-06-12,6950
6282,康舒,40,22,18,福勝,2023-06-12,6950
1907,永豐餘,21,5,16,福勝,2023-06-12,6950
2353,宏��,18,2,16,福勝,2023-06-12,6950
1529,樂事綠能,31,16,15,福勝,2023-06-12,6950
1709,和益,15,0,15,福勝,2023-06-12,6950
00715L,期街口布蘭特正2,29,15,14,福勝,2023-06-12,6950
00850,元大臺灣ESG永續,13,0,13,福勝,2023-06-12,6950
2324,仁寶,13,0,13,福勝,2023-06-12,6950
3379,彬台,13,0,13,福勝,2023-06-12,6950
3576,聯合再生,23,10,13,福勝,2023-06-12,6950
4543,萬在,15,2,13,福勝,2023-06-12,6950
4545,銘鈺,13,0,13,福勝,2023-06-12,6950
6443,元晶,13,0,13,福勝,2023-06-12,6950
2323,中環,13,1,12,福勝,2023-06-12,6950
00632R,元大台灣50反1,405,0,405,福勝,2023-06-13,6950
1609,大亞,236,32,204,福勝,2023-06-13,6950
00715L,期街口布蘭特正2,170,15,155,福勝,2023-06-13,6950
2888,新光金,149,20,129,福勝,2023-06-13,6950
00919,群益台灣精選高息,96,20,76,福勝,2023-06-13,6950
3055,蔚華科,66,0,66,福勝,2023-06-13,6950
2607,榮運,65,0,65,福勝,2023-06-13,6950
1605,華新,66,2,64,福勝,2023-06-13,6950
1409,新纖,60,0,60,福勝,2023-06-13,6950
2368,金像電,51,0,51,福勝,2023-06-13,6950
00712,復華富時不動產,40,0,40,福勝,2023-06-13,6950
1102,亞泥,40,0,40,福勝,2023-06-13,6950
3481,群創,35,0,35,福勝,2023-06-13,6950
2486,一詮,32,2,30,福勝,2023-06-13,6950
2105,正新,30,1,29,福勝,2023-06-13,6950
4919,新唐,33,5,28,福勝,2023-06-13,6950
5426,振發,27,0,27,福勝,2023-06-13,6950
2323,中環,41,16,25,福勝,2023-06-13,6950
00929,復華台灣科技優息,22,0,22,福勝,2023-06-13,6950
6456,GIS-KY,22,0,22,福勝,2023-06-13,6950
1785,光洋科,27,5,22,福勝,2023-06-13,6950
2340,台亞,22,1,21,福勝,2023-06-13,6950
6470,宇智,20,0,20,福勝,2023-06-13,6950
00680L,元大美債20正2,20,0,20,福勝,2023-06-13,6950
1528,恩德,20,0,20,福勝,2023-06-13,6950
2101,南港,20,0,20,福勝,2023-06-13,6950
2530,華建,20,0,20,福勝,2023-06-13,6950
2609,陽明,31,11,20,福勝,2023-06-13,6950
1721,三晃,30,11,19,福勝,2023-06-13,6950
3265,台星科,22,5,17,福勝,2023-06-13,6950
6187,萬潤,17,0,17,福勝,2023-06-13,6950
2736,富野,17,1,16,福勝,2023-06-13,6950
2301,光寶科,29,15,14,福勝,2023-06-13,6950
2890,永豐金,13,0,13,福勝,2023-06-13,6950
1337,再生-KY,13,0,13,福勝,2023-06-13,6950
1457,宜進,12,0,12,福勝,2023-06-13,6950
4533,協易機,33,21,12,福勝,2023-06-13,6950
5309,系統電,12,0,12,福勝,2023-06-13,6950
3545,敦泰,12,1,11,福勝,2023-06-13,6950
00679B,元大美債20年,11,0,11,福勝,2023-06-13,6950
00927,群益半導體收益,11,0,11,福勝,2023-06-13,6950
8183,精星,11,0,11,福勝,2023-06-13,6950
8924,大田,11,0,11,福勝,2023-06-13,6950
00923,群益台ESG低碳50,10,0,10,福勝,2023-06-13,6950
00730,富邦臺灣優質高息,10,0,10,福勝,2023-06-13,6950
00642U,期元大S＆P石油,10,0,10,福勝,2023-06-13,6950
1504,東元,16,6,10,福勝,2023-06-13,6950
2032,新鋼,10,0,10,福勝,2023-06-13,6950
2374,佳能,10,0,10,福勝,2023-06-13,6950
2601,益航,10,0,10,福勝,2023-06-13,6950
2486,一詮,100,2,98,福勝,2023-06-14,6950
6788,華景電,82,2,80,福勝,2023-06-14,6950
2353,宏��,69,2,67,福勝,2023-06-14,6950
00632R,元大台灣50反1,60,0,60,福勝,2023-06-14,6950
6226,光鼎,60,0,60,福勝,2023-06-14,6950
4105,東洋,54,0,54,福勝,2023-06-14,6950
2356,英業達,128,75,53,福勝,2023-06-14,6950
00712,復華富時不動產,60,10,50,福勝,2023-06-14,6950
4123,晟德,50,0,50,福勝,2023-06-14,6950
5512,力麒,50,0,50,福勝,2023-06-14,6950
2888,新光金,53,8,45,福勝,2023-06-14,6950
2382,廣達,41,1,40,福勝,2023-06-14,6950
2342,茂矽,34,0,34,福勝,2023-06-14,6950
00878,國泰永續高股息,44,14,30,福勝,2023-06-14,6950
3356,奇偶,32,4,28,福勝,2023-06-14,6950
00715L,期街口布蘭特正2,30,4,26,福勝,2023-06-14,6950
1444,力麗,25,1,24,福勝,2023-06-14,6950
00900,富邦特選高股息30,23,0,23,福勝,2023-06-14,6950
2312,金寶,23,0,23,福勝,2023-06-14,6950
00919,群益台灣精選高息,24,2,22,福勝,2023-06-14,6950
4906,正文,37,15,22,福勝,2023-06-14,6950
2705,六福,27,6,21,福勝,2023-06-14,6950
00888,永豐台灣ESG,20,0,20,福勝,2023-06-14,6950
1605,華新,20,0,20,福勝,2023-06-14,6950
1721,三晃,20,0,20,福勝,2023-06-14,6950
2324,仁寶,20,0,20,福勝,2023-06-14,6950
2439,美律,20,0,20,福勝,2023-06-14,6950
2606,裕民,20,0,20,福勝,2023-06-14,6950
6470,宇智,40,20,20,福勝,2023-06-14,6950
5243,乙盛-KY,20,1,19,福勝,2023-06-14,6950
2457,飛宏,25,7,18,福勝,2023-06-14,6950
2105,正新,23,6,17,福勝,2023-06-14,6950
1522,堤維西,42,27,15,福勝,2023-06-14,6950
1609,大亞,22,7,15,福勝,2023-06-14,6950
1806,冠軍,20,5,15,福勝,2023-06-14,6950
2007,燁興,15,0,15,福勝,2023-06-14,6950
2314,台揚,17,2,15,福勝,2023-06-14,6950
5521,工信,15,0,15,福勝,2023-06-14,6950
8176,智捷,16,1,15,福勝,2023-06-14,6950
4956,光鋐,14,0,14,福勝,2023-06-14,6950
1540,喬福,13,0,13,福勝,2023-06-14,6950
2436,偉詮電,14,1,13,福勝,2023-06-14,6950
3511,矽瑪,13,0,13,福勝,2023-06-14,6950
6269,台郡,14,1,13,福勝,2023-06-14,6950
3019,亞光,25,12,13,福勝,2023-06-14,6950
2368,金像電,12,0,12,福勝,2023-06-14,6950
3704,合勤控,22,10,12,福勝,2023-06-14,6950
8215,明基材,16,4,12,福勝,2023-06-14,6950
00687B,國泰20年美債,11,0,11,福勝,2023-06-14,6950
1611,中電,26,15,11,福勝,2023-06-14,6950
2610,華航,1277,441,836,福勝,2023-06-15,6950
00632R,元大台灣50反1,100,0,100,福勝,2023-06-15,6950
3058,立德,103,4,99,福勝,2023-06-15,6950
2888,新光金,80,11,69,福勝,2023-06-15,6950
2892,第一金,50,0,50,福勝,2023-06-15,6950
3027,盛達,48,5,43,福勝,2023-06-15,6950
2886,兆豐金,42,0,42,福勝,2023-06-15,6950
8076,伍豐,59,17,42,福勝,2023-06-15,6950
4979,華星光,47,6,41,福勝,2023-06-15,6950
1611,中電,121,81,40,福勝,2023-06-15,6950
2489,瑞軒,41,8,33,福勝,2023-06-15,6950
2362,藍天,31,0,31,福勝,2023-06-15,6950
6235,華孚,34,3,31,福勝,2023-06-15,6950
2354,鴻準,30,0,30,福勝,2023-06-15,6950
2480,敦陽科,33,3,30,福勝,2023-06-15,6950
4142,國光生,30,0,30,福勝,2023-06-15,6950
2305,全友,28,0,28,福勝,2023-06-15,6950
00919,群益台灣精選高息,75,50,25,福勝,2023-06-15,6950
6142,友勁,25,0,25,福勝,2023-06-15,6950
00712,復華富時不動產,33,10,23,福勝,2023-06-15,6950
00885,富邦越南,23,0,23,福勝,2023-06-15,6950
2344,華邦電,30,7,23,福勝,2023-06-15,6950
5301,寶得利,22,0,22,福勝,2023-06-15,6950
9914,美利達,20,0,20,福勝,2023-06-15,6950
3055,蔚華科,27,9,18,福勝,2023-06-15,6950
00715L,期街口布蘭特正2,17,0,17,福勝,2023-06-15,6950
3029,零壹,28,11,17,福勝,2023-06-15,6950
0056,元大高股息,21,5,16,福勝,2023-06-15,6950
6282,康舒,52,36,16,福勝,2023-06-15,6950
00795B,中信美國公債20年,15,0,15,福勝,2023-06-15,6950
3511,矽瑪,15,0,15,福勝,2023-06-15,6950
00893,國泰智能電動車,16,2,14,福勝,2023-06-15,6950
1802,台玻,15,1,14,福勝,2023-06-15,6950
3479,安勤,14,0,14,福勝,2023-06-15,6950
1503,士電,22,9,13,福勝,2023-06-15,6950
00882,中信中國高股息,13,0,13,福勝,2023-06-15,6950
2312,金寶,13,0,13,福勝,2023-06-15,6950
4545,銘鈺,17,4,13,福勝,2023-06-15,6950
4967,十銓,15,2,13,福勝,2023-06-15,6950
2891,中信金,12,0,12,福勝,2023-06-15,6950
2331,精英,14,2,12,福勝,2023-06-15,6950
00862B,中信投資級公司債,12,0,12,福勝,2023-06-15,6950
2349,錸德,12,0,12,福勝,2023-06-15,6950
3264,欣銓,13,1,12,福勝,2023-06-15,6950
8028,昇陽半導體,24,12,12,福勝,2023-06-15,6950
8050,廣積,17,5,12,福勝,2023-06-15,6950
4533,協易機,17,5,12,福勝,2023-06-15,6950
2323,中環,19,8,11,福勝,2023-06-15,6950
6411,晶焱,11,0,11,福勝,2023-06-15,6950
2801,彰銀,13,2,11,福勝,2023-06-15,6950
5880,合庫金,96,0,96,福勝,2023-06-16,6950
2880,華南金,81,0,81,福勝,2023-06-16,6950
2618,長榮航,101,42,59,福勝,2023-06-16,6950
5426,振發,65,10,55,福勝,2023-06-16,6950
00919,群益台灣精選高息,62,9,53,福勝,2023-06-16,6950
00712,復華富時不動產,50,0,50,福勝,2023-06-16,6950
2371,大同,116,66,50,福勝,2023-06-16,6950
6770,力積電,56,13,43,福勝,2023-06-16,6950
2303,聯電,54,13,41,福勝,2023-06-16,6950
2201,裕隆,43,2,41,福勝,2023-06-16,6950
1434,福懋,35,0,35,福勝,2023-06-16,6950
2883,凱基金,33,0,33,福勝,2023-06-16,6950
00891,中信關鍵半導體,32,0,32,福勝,2023-06-16,6950
8433,弘帆,31,0,31,福勝,2023-06-16,6950
00878,國泰永續高股息,81,51,30,福勝,2023-06-16,6950
6202,盛群,30,0,30,福勝,2023-06-16,6950
3685,元創精密,31,2,29,福勝,2023-06-16,6950
4566,時碩工業,30,2,28,福勝,2023-06-16,6950
6443,元晶,28,3,25,福勝,2023-06-16,6950
1442,名軒,22,0,22,福勝,2023-06-16,6950
00892,富邦台灣半導體,22,0,22,福勝,2023-06-16,6950
3324,雙鴻,23,1,22,福勝,2023-06-16,6950
6160,欣技,22,0,22,福勝,2023-06-16,6950
00885,富邦越南,20,0,20,福勝,2023-06-16,6950
2601,益航,20,0,20,福勝,2023-06-16,6950
00893,國泰智能電動車,26,7,19,福勝,2023-06-16,6950
2344,華邦電,36,17,19,福勝,2023-06-16,6950
1314,中石化,18,0,18,福勝,2023-06-16,6950
1519,華城,30,12,18,福勝,2023-06-16,6950
1731,美吾華,18,0,18,福勝,2023-06-16,6950
2834,臺企銀,18,0,18,福勝,2023-06-16,6950
6282,康舒,35,17,18,福勝,2023-06-16,6950
2888,新光金,68,52,16,福勝,2023-06-16,6950
2913,農林,17,1,16,福勝,2023-06-16,6950
1568,倉佑,15,0,15,福勝,2023-06-16,6950
2374,佳能,15,0,15,福勝,2023-06-16,6950
1810,和成,14,0,14,福勝,2023-06-16,6950
2359,所羅門,19,5,14,福勝,2023-06-16,6950
2891,中信金,14,0,14,福勝,2023-06-16,6950
4916,事欣科,18,4,14,福勝,2023-06-16,6950
5301,寶得利,15,1,14,福勝,2023-06-16,6950
2363,矽統,15,1,14,福勝,2023-06-16,6950
1504,東元,37,24,13,福勝,2023-06-16,6950
1529,樂事綠能,40,28,12,福勝,2023-06-16,6950
2449,京元電子,13,1,12,福勝,2023-06-16,6950
5351,鈺創,12,0,12,福勝,2023-06-16,6950
4961,天鈺,13,2,11,福勝,2023-06-16,6950
9105,泰金寶-DR,11,0,11,福勝,2023-06-16,6950
1460,宏遠,10,0,10,福勝,2023-06-16,6950
2017,官田鋼,10,0,10,福勝,2023-06-16,6950
00929,復華台灣科技優息,123,0,123,福勝,2023-06-19,6950
2610,華航,160,59,101,福勝,2023-06-19,6950
5905,南仁湖,86,0,86,福勝,2023-06-19,6950
6116,彩晶,112,35,77,福勝,2023-06-19,6950
5512,力麒,66,2,64,福勝,2023-06-19,6950
3325,旭品,62,0,62,福勝,2023-06-19,6950
00687B,國泰20年美債,60,0,60,福勝,2023-06-19,6950
4543,萬在,63,3,60,福勝,2023-06-19,6950
2353,宏��,65,6,59,福勝,2023-06-19,6950
2312,金寶,67,12,55,福勝,2023-06-19,6950
6120,達運,57,2,55,福勝,2023-06-19,6950
00878,國泰永續高股息,115,66,49,福勝,2023-06-19,6950
2344,華邦電,55,18,37,福勝,2023-06-19,6950
1611,中電,37,2,35,福勝,2023-06-19,6950
6282,康舒,38,5,33,福勝,2023-06-19,6950
1609,大亞,54,21,33,福勝,2023-06-19,6950
00921,兆豐龍頭等權重,32,0,32,福勝,2023-06-19,6950
3379,彬台,32,0,32,福勝,2023-06-19,6950
1802,台玻,43,14,29,福勝,2023-06-19,6950
1810,和成,36,8,28,福勝,2023-06-19,6950
2027,大成鋼,28,0,28,福勝,2023-06-19,6950
2324,仁寶,40,12,28,福勝,2023-06-19,6950
2454,聯發科,36,12,24,福勝,2023-06-19,6950
6274,台燿,25,2,23,福勝,2023-06-19,6950
2603,長榮,25,6,19,福勝,2023-06-19,6950
1907,永豐餘,18,0,18,福勝,2023-06-19,6950
5356,協益,23,5,18,福勝,2023-06-19,6950
3706,神達,23,6,17,福勝,2023-06-19,6950
1301,台塑,16,0,16,福勝,2023-06-19,6950
2014,中鴻,16,0,16,福勝,2023-06-19,6950
00712,復華富時不動產,15,0,15,福勝,2023-06-19,6950
2889,國票金,20,5,15,福勝,2023-06-19,6950
3081,聯亞,16,1,15,福勝,2023-06-19,6950
5371,中光電,15,0,15,福勝,2023-06-19,6950
6127,九豪,15,0,15,福勝,2023-06-19,6950
00885,富邦越南,16,2,14,福勝,2023-06-19,6950
2401,凌陽,14,0,14,福勝,2023-06-19,6950
2883,凱基金,14,0,14,福勝,2023-06-19,6950
3078,僑威,14,0,14,福勝,2023-06-19,6950
2615,萬海,18,5,13,福勝,2023-06-19,6950
2705,六福,28,15,13,福勝,2023-06-19,6950
00919,群益台灣精選高息,13,1,12,福勝,2023-06-19,6950
2882,國泰金,12,0,12,福勝,2023-06-19,6950
00753L,中信中國50正2,12,1,11,福勝,2023-06-19,6950
2439,美律,11,0,11,福勝,2023-06-19,6950
3013,晟銘電,12,1,11,福勝,2023-06-19,6950
3714,富采,14,3,11,福勝,2023-06-19,6950
6234,高僑,11,0,11,福勝,2023-06-19,6950
6679,鈺太,11,0,11,福勝,2023-06-19,6950
8234,新漢,11,0,11,福勝,2023-06-19,6950
6104,創惟,100,1,99,福勝,2023-06-20,6950
00878,國泰永續高股息,99,16,83,福勝,2023-06-20,6950
2618,長榮航,113,49,64,福勝,2023-06-20,6950
5009,榮剛,67,6,61,福勝,2023-06-20,6950
2610,華航,132,72,60,福勝,2023-06-20,6950
2889,國票金,60,2,58,福勝,2023-06-20,6950
2409,友達,53,0,53,福勝,2023-06-20,6950
2486,一詮,50,0,50,福勝,2023-06-20,6950
00919,群益台灣精選高息,39,0,39,福勝,2023-06-20,6950
2312,金寶,42,3,39,福勝,2023-06-20,6950
2427,三商電,34,0,34,福勝,2023-06-20,6950
1605,華新,47,16,31,福勝,2023-06-20,6950
2027,大成鋼,30,1,29,福勝,2023-06-20,6950
2017,官田鋼,31,3,28,福勝,2023-06-20,6950
6217,中探針,31,3,28,福勝,2023-06-20,6950
6244,茂迪,52,25,27,福勝,2023-06-20,6950
00929,復華台灣科技優息,28,2,26,福勝,2023-06-20,6950
8111,立��,24,0,24,福勝,2023-06-20,6950
2356,英業達,28,5,23,福勝,2023-06-20,6950
00712,復華富時不動產,20,0,20,福勝,2023-06-20,6950
1611,中電,23,3,20,福勝,2023-06-20,6950
1721,三晃,20,0,20,福勝,2023-06-20,6950
2301,光寶科,20,0,20,福勝,2023-06-20,6950
2867,三商壽,20,0,20,福勝,2023-06-20,6950
8940,新天地,20,0,20,福勝,2023-06-20,6950
2324,仁寶,20,1,19,福勝,2023-06-20,6950
3011,今皓,24,5,19,福勝,2023-06-20,6950
2454,聯發科,18,0,18,福勝,2023-06-20,6950
2705,六福,40,23,17,福勝,2023-06-20,6950
2801,彰銀,20,3,17,福勝,2023-06-20,6950
2382,廣達,25,9,16,福勝,2023-06-20,6950
3581,博磊,16,0,16,福勝,2023-06-20,6950
1568,倉佑,15,0,15,福勝,2023-06-20,6950
2337,旺宏,19,5,14,福勝,2023-06-20,6950
1504,東元,21,8,13,福勝,2023-06-20,6950
4906,正文,13,0,13,福勝,2023-06-20,6950
2104,國際中橡,13,1,12,福勝,2023-06-20,6950
6477,安集,13,1,12,福勝,2023-06-20,6950
8105,凌巨,12,0,12,福勝,2023-06-20,6950
2883,凱基金,11,0,11,福勝,2023-06-20,6950
2888,新光金,22,11,11,福勝,2023-06-20,6950
00902,中信電池及儲能,10,0,10,福勝,2023-06-20,6950
00882,中信中國高股息,10,0,10,福勝,2023-06-20,6950
1524,耿鼎,10,0,10,福勝,2023-06-20,6950
2007,燁興,10,0,10,福勝,2023-06-20,6950
2402,毅嘉,10,0,10,福勝,2023-06-20,6950
2504,國產,10,0,10,福勝,2023-06-20,6950
2543,皇昌,10,0,10,福勝,2023-06-20,6950
2897,王道銀行,10,0,10,福勝,2023-06-20,6950
4153,鈺緯,10,0,10,福勝,2023-06-20,6950
5512,力麒,190,0,190,福勝,2023-06-21,6950
3481,群創,303,134,169,福勝,2023-06-21,6950
2603,長榮,85,6,79,福勝,2023-06-21,6950
2634,漢翔,88,27,61,福勝,2023-06-21,6950
2607,榮運,60,1,59,福勝,2023-06-21,6950
6712,長聖,60,10,50,福勝,2023-06-21,6950
2337,旺宏,45,0,45,福勝,2023-06-21,6950
1810,和成,45,1,44,福勝,2023-06-21,6950
2504,國產,43,0,43,福勝,2023-06-21,6950
3011,今皓,45,4,41,福勝,2023-06-21,6950
2399,映泰,40,1,39,福勝,2023-06-21,6950
2101,南港,35,0,35,福勝,2023-06-21,6950
1905,華紙,59,29,30,福勝,2023-06-21,6950
2890,永豐金,25,0,25,福勝,2023-06-21,6950
3055,蔚華科,27,4,23,福勝,2023-06-21,6950
1605,華新,26,4,22,福勝,2023-06-21,6950
00902,中信電池及儲能,20,0,20,福勝,2023-06-21,6950
1528,恩德,21,1,20,福勝,2023-06-21,6950
3522,御嵿,20,0,20,福勝,2023-06-21,6950
6770,力積電,20,0,20,福勝,2023-06-21,6950
2323,中環,76,58,18,福勝,2023-06-21,6950
5009,榮剛,18,1,17,福勝,2023-06-21,6950
2356,英業達,56,40,16,福勝,2023-06-21,6950
1460,宏遠,16,0,16,福勝,2023-06-21,6950
2489,瑞軒,20,4,16,福勝,2023-06-21,6950
3010,華立,15,0,15,福勝,2023-06-21,6950
5905,南仁湖,15,0,15,福勝,2023-06-21,6950
6116,彩晶,29,15,14,福勝,2023-06-21,6950
2206,三陽工業,30,17,13,福勝,2023-06-21,6950
2913,農林,13,0,13,福勝,2023-06-21,6950
2615,萬海,28,15,13,福勝,2023-06-21,6950
3706,神達,13,1,12,福勝,2023-06-21,6950
4128,中天,12,0,12,福勝,2023-06-21,6950
1718,中纖,11,0,11,福勝,2023-06-21,6950
2230,泰茂,15,4,11,福勝,2023-06-21,6950
1457,宜進,10,0,10,福勝,2023-06-21,6950
1440,南紡,10,0,10,福勝,2023-06-21,6950
1307,三芳,10,0,10,福勝,2023-06-21,6950
1319,東陽,13,3,10,福勝,2023-06-21,6950
1785,光洋科,10,0,10,福勝,2023-06-21,6950
2362,藍天,10,0,10,福勝,2023-06-21,6950
2415,錩新,10,0,10,福勝,2023-06-21,6950
2706,第一店,13,3,10,福勝,2023-06-21,6950
3006,晶豪科,10,0,10,福勝,2023-06-21,6950
3498,陽程,10,0,10,福勝,2023-06-21,6950
3596,智易,10,0,10,福勝,2023-06-21,6950
6170,統振,10,0,10,福勝,2023-06-21,6950
6224,聚鼎,10,0,10,福勝,2023-06-21,6950
6470,宇智,10,0,10,福勝,2023-06-21,6950
8933,愛地雅,10,0,10,福勝,2023-06-21,6950
2867,三商壽,863,10,853,福勝,2023-06-26,6950
1540,喬福,100,0,100,福勝,2023-06-26,6950
00715L,期街口布蘭特正2,105,20,85,福勝,2023-06-26,6950
6116,彩晶,65,2,63,福勝,2023-06-26,6950
5009,榮剛,52,0,52,福勝,2023-06-26,6950
00900,富邦特選高股息30,50,0,50,福勝,2023-06-26,6950
00712,復華富時不動產,42,0,42,福勝,2023-06-26,6950
1604,聲寶,40,0,40,福勝,2023-06-26,6950
2344,華邦電,76,36,40,福勝,2023-06-26,6950
3032,偉訓,39,1,38,福勝,2023-06-26,6950
2382,廣達,53,18,35,福勝,2023-06-26,6950
1338,廣華-KY,34,0,34,福勝,2023-06-26,6950
2453,凌群,36,2,34,福勝,2023-06-26,6950
2412,中華電,33,0,33,福勝,2023-06-26,6950
2610,華航,63,31,32,福勝,2023-06-26,6950
3481,群創,30,0,30,福勝,2023-06-26,6950
3231,緯創,62,33,29,福勝,2023-06-26,6950
2609,陽明,34,5,29,福勝,2023-06-26,6950
8064,東捷,27,0,27,福勝,2023-06-26,6950
00919,群益台灣精選高息,29,3,26,福勝,2023-06-26,6950
2881,富邦金,25,0,25,福勝,2023-06-26,6950
2634,漢翔,28,5,23,福勝,2023-06-26,6950
2495,普安,33,11,22,福勝,2023-06-26,6950
00929,復華台灣科技優息,21,0,21,福勝,2023-06-26,6950
2355,敬鵬,21,0,21,福勝,2023-06-26,6950
3027,盛達,24,3,21,福勝,2023-06-26,6950
0050,元大台灣50,20,0,20,福勝,2023-06-26,6950
1605,華新,22,3,19,福勝,2023-06-26,6950
1802,台玻,31,12,19,福勝,2023-06-26,6950
2489,瑞軒,19,1,18,福勝,2023-06-26,6950
2427,三商電,22,5,17,福勝,2023-06-26,6950
8034,榮群,18,1,17,福勝,2023-06-26,6950
00891,中信關鍵半導體,16,0,16,福勝,2023-06-26,6950
2303,聯電,19,3,16,福勝,2023-06-26,6950
1504,東元,17,2,15,福勝,2023-06-26,6950
0056,元大高股息,34,20,14,福勝,2023-06-26,6950
00713,元大台灣高息低波,13,0,13,福勝,2023-06-26,6950
3059,華晶科,14,1,13,福勝,2023-06-26,6950
2337,旺宏,12,0,12,福勝,2023-06-26,6950
2356,英業達,19,7,12,福勝,2023-06-26,6950
2834,臺企銀,12,0,12,福勝,2023-06-26,6950
3033,威健,12,0,12,福勝,2023-06-26,6950
2324,仁寶,11,0,11,福勝,2023-06-26,6950
3128,昇銳,16,5,11,福勝,2023-06-26,6950
3434,哲固,11,0,11,福勝,2023-06-26,6950
6770,力積電,11,0,11,福勝,2023-06-26,6950
6789,采鈺,16,5,11,福勝,2023-06-26,6950
2402,毅嘉,11,0,11,福勝,2023-06-26,6950
00679B,元大美債20年,10,0,10,福勝,2023-06-26,6950
00892,富邦台灣半導體,10,0,10,福勝,2023-06-26,6950
2867,三商壽,605,2,603,福勝,2023-06-27,6950
2610,華航,305,57,248,福勝,2023-06-27,6950
2303,聯電,110,2,108,福勝,2023-06-27,6950
2409,友達,104,1,103,福勝,2023-06-27,6950
1471,首利,88,0,88,福勝,2023-06-27,6950
2344,華邦電,85,5,80,福勝,2023-06-27,6950
2486,一詮,101,24,77,福勝,2023-06-27,6950
3038,全台,65,9,56,福勝,2023-06-27,6950
6166,凌華,51,0,51,福勝,2023-06-27,6950
1604,聲寶,50,0,50,福勝,2023-06-27,6950
6226,光鼎,50,0,50,福勝,2023-06-27,6950
1907,永豐餘,45,0,45,福勝,2023-06-27,6950
3481,群創,52,10,42,福勝,2023-06-27,6950
5009,榮剛,60,18,42,福勝,2023-06-27,6950
5512,力麒,85,46,39,福勝,2023-06-27,6950
6770,力積電,38,0,38,福勝,2023-06-27,6950
2883,凱基金,36,1,35,福勝,2023-06-27,6950
2618,長榮航,48,15,33,福勝,2023-06-27,6950
00878,國泰永續高股息,49,18,31,福勝,2023-06-27,6950
2317,鴻海,61,30,31,福勝,2023-06-27,6950
1605,華新,39,12,27,福勝,2023-06-27,6950
2371,大同,67,44,23,福勝,2023-06-27,6950
2324,仁寶,23,0,23,福勝,2023-06-27,6950
6202,盛群,23,0,23,福勝,2023-06-27,6950
00923,群益台ESG低碳50,23,2,21,福勝,2023-06-27,6950
2882,國泰金,20,0,20,福勝,2023-06-27,6950
3088,艾訊,20,0,20,福勝,2023-06-27,6950
6679,鈺太,20,0,20,福勝,2023-06-27,6950
1301,台塑,19,0,19,福勝,2023-06-27,6950
1752,南光,23,4,19,福勝,2023-06-27,6950
1905,華紙,19,0,19,福勝,2023-06-27,6950
6125,廣運,22,4,18,福勝,2023-06-27,6950
2419,仲琦,17,0,17,福勝,2023-06-27,6950
3324,雙鴻,16,1,15,福勝,2023-06-27,6950
2408,南亞科,15,1,14,福勝,2023-06-27,6950
00929,復華台灣科技優息,13,0,13,福勝,2023-06-27,6950
5302,太欣,25,12,13,福勝,2023-06-27,6950
1319,東陽,15,3,12,福勝,2023-06-27,6950
2449,京元電子,14,2,12,福勝,2023-06-27,6950
4576,大銀微系統,12,0,12,福勝,2023-06-27,6950
6789,采鈺,12,0,12,福勝,2023-06-27,6950
2308,台達電,11,0,11,福勝,2023-06-27,6950
00687B,國泰20年美債,11,0,11,福勝,2023-06-27,6950
2312,金寶,11,0,11,福勝,2023-06-27,6950
2457,飛宏,22,11,11,福勝,2023-06-27,6950
3078,僑威,15,4,11,福勝,2023-06-27,6950
4916,事欣科,13,2,11,福勝,2023-06-27,6950
1519,華城,12,1,11,福勝,2023-06-27,6950
1314,中石化,10,0,10,福勝,2023-06-27,6950
1711,永光,23,13,10,福勝,2023-06-27,6950
2867,三商壽,283,7,276,福勝,2023-06-28,6950
2323,中環,76,21,55,福勝,2023-06-28,6950
4157,太景*-KY,50,0,50,福勝,2023-06-28,6950
1605,華新,71,22,49,福勝,2023-06-28,6950
00715L,期街口布蘭特正2,43,0,43,福勝,2023-06-28,6950
3356,奇偶,50,8,42,福勝,2023-06-28,6950
2303,聯電,41,0,41,福勝,2023-06-28,6950
8093,保銳,36,0,36,福勝,2023-06-28,6950
0056,元大高股息,32,0,32,福勝,2023-06-28,6950
00642U,期元大S＆P石油,30,0,30,福勝,2023-06-28,6950
5876,上海商銀,30,0,30,福勝,2023-06-28,6950
6116,彩晶,32,3,29,福勝,2023-06-28,6950
3481,群創,29,2,27,福勝,2023-06-28,6950
1338,廣華-KY,24,0,24,福勝,2023-06-28,6950
2609,陽明,23,1,22,福勝,2023-06-28,6950
4906,正文,36,14,22,福勝,2023-06-28,6950
1218,泰山,20,0,20,福勝,2023-06-28,6950
00896,中信綠能及電動車,20,0,20,福勝,2023-06-28,6950
1447,力鵬,20,0,20,福勝,2023-06-28,6950
1504,東元,21,1,20,福勝,2023-06-28,6950
2890,永豐金,20,0,20,福勝,2023-06-28,6950
3704,合勤控,20,0,20,福勝,2023-06-28,6950
5222,全訊,20,0,20,福勝,2023-06-28,6950
3374,精材,23,3,20,福勝,2023-06-28,6950
2340,台亞,18,0,18,福勝,2023-06-28,6950
1444,力麗,18,1,17,福勝,2023-06-28,6950
1604,聲寶,17,0,17,福勝,2023-06-28,6950
3002,歐格,17,0,17,福勝,2023-06-28,6950
1721,三晃,15,0,15,福勝,2023-06-28,6950
2887,台新金,15,0,15,福勝,2023-06-28,6950
1471,首利,16,2,14,福勝,2023-06-28,6950
00712,復華富時不動產,14,0,14,福勝,2023-06-28,6950
1314,中石化,15,1,14,福勝,2023-06-28,6950
3032,偉訓,16,2,14,福勝,2023-06-28,6950
2603,長榮,26,13,13,福勝,2023-06-28,6950
8112,至上,12,1,11,福勝,2023-06-28,6950
3576,聯合再生,11,0,11,福勝,2023-06-28,6950
5512,力麒,11,0,11,福勝,2023-06-28,6950
6770,力積電,17,6,11,福勝,2023-06-28,6950
00923,群益台ESG低碳50,10,0,10,福勝,2023-06-28,6950
1101,台泥,11,1,10,福勝,2023-06-28,6950
1718,中纖,10,0,10,福勝,2023-06-28,6950
3038,全台,11,1,10,福勝,2023-06-28,6950
3045,台灣大,10,0,10,福勝,2023-06-28,6950
4121,優盛,37,27,10,福勝,2023-06-28,6950
4746,台耀,23,13,10,福勝,2023-06-28,6950
4967,十銓,11,1,10,福勝,2023-06-28,6950
6139,亞翔,10,0,10,福勝,2023-06-28,6950
6679,鈺太,10,0,10,福勝,2023-06-28,6950
8150,南茂,10,0,10,福勝,2023-06-28,6950
2867,三商壽,72,0,72,福勝,2023-06-29,6950
6153,嘉聯益,92,25,67,福勝,2023-06-29,6950
2610,華航,79,25,54,福勝,2023-06-29,6950
6733,博晟生醫,54,0,54,福勝,2023-06-29,6950
4105,東洋,45,0,45,福勝,2023-06-29,6950
2515,中工,42,0,42,福勝,2023-06-29,6950
1584,精剛,42,3,39,福勝,2023-06-29,6950
1605,華新,40,5,35,福勝,2023-06-29,6950
4915,致伸,32,6,26,福勝,2023-06-29,6950
2317,鴻海,27,2,25,福勝,2023-06-29,6950
3607,谷崧,22,0,22,福勝,2023-06-29,6950
6470,宇智,33,11,22,福勝,2023-06-29,6950
2303,聯電,21,1,20,福勝,2023-06-29,6950
1604,聲寶,20,0,20,福勝,2023-06-29,6950
2880,華南金,20,0,20,福勝,2023-06-29,6950
3372,典範,20,0,20,福勝,2023-06-29,6950
2399,映泰,20,1,19,福勝,2023-06-29,6950
1307,三芳,18,0,18,福勝,2023-06-29,6950
6625,必應,16,0,16,福勝,2023-06-29,6950
2618,長榮航,27,13,14,福勝,2023-06-29,6950
3038,全台,21,7,14,福勝,2023-06-29,6950
2885,元大金,14,1,13,福勝,2023-06-29,6950
6148,驊宏資,15,2,13,福勝,2023-06-29,6950
6182,合晶,13,0,13,福勝,2023-06-29,6950
3499,環天科,12,0,12,福勝,2023-06-29,6950
4526,東台,18,6,12,福勝,2023-06-29,6950
6282,康舒,13,1,12,福勝,2023-06-29,6950
4121,優盛,16,4,12,福勝,2023-06-29,6950
1733,五鼎,11,0,11,福勝,2023-06-29,6950
6142,友勁,12,1,11,福勝,2023-06-29,6950
6515,穎崴,11,0,11,福勝,2023-06-29,6950
1434,福懋,10,0,10,福勝,2023-06-29,6950
1217,愛之味,10,0,10,福勝,2023-06-29,6950
2337,旺宏,27,17,10,福勝,2023-06-29,6950
2349,錸德,10,0,10,福勝,2023-06-29,6950
2449,京元電子,10,0,10,福勝,2023-06-29,6950
2883,凱基金,10,0,10,福勝,2023-06-29,6950
3028,增你強,10,0,10,福勝,2023-06-29,6950
3591,艾笛森,10,0,10,福勝,2023-06-29,6950
4414,如興,10,0,10,福勝,2023-06-29,6950
5452,佶優,13,3,10,福勝,2023-06-29,6950
6578,達邦蛋白,10,0,10,福勝,2023-06-29,6950
2603,長榮,46,37,9,福勝,2023-06-29,6950
8277,商丞,14,5,9,福勝,2023-06-29,6950
8076,伍豐,9,0,9,福勝,2023-06-29,6950
8358,金居,10,2,8,福勝,2023-06-29,6950
2615,萬海,27,20,7,福勝,2023-06-29,6950
2356,英業達,10,3,7,福勝,2023-06-29,6950
5465,富驊,7,0,7,福勝,2023-06-29,6950
1513,中興電,8,1,7,福勝,2023-06-29,6950
00632R,元大台灣50反1,70,0,70,福勝,2023-06-30,6950
2344,華邦電,67,13,54,福勝,2023-06-30,6950
2888,新光金,64,10,54,福勝,2023-06-30,6950
00680L,元大美債20正2,51,0,51,福勝,2023-06-30,6950
1604,聲寶,50,0,50,福勝,2023-06-30,6950
1714,和桐,50,0,50,福勝,2023-06-30,6950
2610,華航,68,22,46,福勝,2023-06-30,6950
4157,太景*-KY,45,4,41,福勝,2023-06-30,6950
2324,仁寶,43,5,38,福勝,2023-06-30,6950
2603,長榮,62,28,34,福勝,2023-06-30,6950
2014,中鴻,31,0,31,福勝,2023-06-30,6950
2618,長榮航,47,16,31,福勝,2023-06-30,6950
4163,鐿鈦,30,0,30,福勝,2023-06-30,6950
00885,富邦越南,25,0,25,福勝,2023-06-30,6950
2609,陽明,80,55,25,福勝,2023-06-30,6950
4915,致伸,25,0,25,福勝,2023-06-30,6950
2317,鴻海,31,7,24,福勝,2023-06-30,6950
2363,矽統,20,0,20,福勝,2023-06-30,6950
2329,華泰,24,5,19,福勝,2023-06-30,6950
2356,英業達,53,34,19,福勝,2023-06-30,6950
2889,國票金,20,1,19,福勝,2023-06-30,6950
2615,萬海,20,2,18,福勝,2023-06-30,6950
1234,黑松,15,0,15,福勝,2023-06-30,6950
4538,大詠城,15,0,15,福勝,2023-06-30,6950
5608,四維航,15,0,15,福勝,2023-06-30,6950
6153,嘉聯益,57,43,14,福勝,2023-06-30,6950
1605,華新,32,18,14,福勝,2023-06-30,6950
3058,立德,18,5,13,福勝,2023-06-30,6950
6202,盛群,13,0,13,福勝,2023-06-30,6950
8033,雷虎,13,0,13,福勝,2023-06-30,6950
1810,和成,12,0,12,福勝,2023-06-30,6950
2002,中鋼,12,0,12,福勝,2023-06-30,6950
3664,安瑞-KY,11,0,11,福勝,2023-06-30,6950
00923,群益台ESG低碳50,10,0,10,福勝,2023-06-30,6950
1784,訊聯,10,0,10,福勝,2023-06-30,6950
3052,夆典,10,0,10,福勝,2023-06-30,6950
1513,中興電,15,6,9,福勝,2023-06-30,6950
2883,凱基金,9,0,9,福勝,2023-06-30,6950
8105,凌巨,14,5,9,福勝,2023-06-30,6950
8403,盛弘,9,0,9,福勝,2023-06-30,6950
00715L,期街口布蘭特正2,10,2,8,福勝,2023-06-30,6950
1504,東元,17,9,8,福勝,2023-06-30,6950
2421,建準,10,2,8,福勝,2023-06-30,6950
3042,晶技,8,0,8,福勝,2023-06-30,6950
3055,蔚華科,8,0,8,福勝,2023-06-30,6950
3202,樺晟,8,0,8,福勝,2023-06-30,6950
4161,聿新科,8,0,8,福勝,2023-06-30,6950
1338,廣華-KY,7,0,7,福勝,2023-06-30,6950
2455,全新,8,1,7,福勝,2023-06-30,6950
3546,宇峻,7,0,7,福勝,2023-06-30,6950
4979,華星光,651,1,650,福勝,2023-07-03,6950
2301,光寶科,652,87,565,福勝,2023-07-03,6950
6153,嘉聯益,510,1,509,福勝,2023-07-03,6950
1609,大亞,146,10,136,福勝,2023-07-03,6950
00885,富邦越南,56,0,56,福勝,2023-07-03,6950
2886,兆豐金,60,4,56,福勝,2023-07-03,6950
1417,嘉裕,50,2,48,福勝,2023-07-03,6950
1467,南緯,40,0,40,福勝,2023-07-03,6950
2538,基泰,40,0,40,福勝,2023-07-03,6950
2617,台航,36,1,35,福勝,2023-07-03,6950
2303,聯電,47,14,33,福勝,2023-07-03,6950
5309,系統電,32,0,32,福勝,2023-07-03,6950
1313,聯成,31,0,31,福勝,2023-07-03,6950
5007,三星,31,0,31,福勝,2023-07-03,6950
2356,英業達,56,25,31,福勝,2023-07-03,6950
1103,嘉泥,30,0,30,福勝,2023-07-03,6950
2332,友訊,66,36,30,福勝,2023-07-03,6950
8222,寶一,32,2,30,福勝,2023-07-03,6950
2409,友達,28,1,27,福勝,2023-07-03,6950
2323,中環,71,44,27,福勝,2023-07-03,6950
6789,采鈺,21,0,21,福勝,2023-07-03,6950
2317,鴻海,39,18,21,福勝,2023-07-03,6950
00632R,元大台灣50反1,20,0,20,福勝,2023-07-03,6950
3128,昇銳,20,0,20,福勝,2023-07-03,6950
3176,基亞,20,0,20,福勝,2023-07-03,6950
4163,鐿鈦,20,0,20,福勝,2023-07-03,6950
3706,神達,29,9,20,福勝,2023-07-03,6950
2736,富野,28,9,19,福勝,2023-07-03,6950
4532,瑞智,32,13,19,福勝,2023-07-03,6950
2007,燁興,18,0,18,福勝,2023-07-03,6950
3481,群創,23,6,17,福勝,2023-07-03,6950
6550,北極星藥業-KY,17,1,16,福勝,2023-07-03,6950
4566,時碩工業,17,2,15,福勝,2023-07-03,6950
1604,聲寶,13,0,13,福勝,2023-07-03,6950
4121,優盛,13,0,13,福勝,2023-07-03,6950
4157,太景*-KY,18,5,13,福勝,2023-07-03,6950
3059,華晶科,13,1,12,福勝,2023-07-03,6950
4915,致伸,22,10,12,福勝,2023-07-03,6950
4967,十銓,19,7,12,福勝,2023-07-03,6950
3694,海華,12,1,11,福勝,2023-07-03,6950
5302,太欣,11,0,11,福勝,2023-07-03,6950
6279,胡連,11,0,11,福勝,2023-07-03,6950
8150,南茂,11,0,11,福勝,2023-07-03,6950
5864,致和證,11,1,10,福勝,2023-07-03,6950
1409,新纖,10,0,10,福勝,2023-07-03,6950
00720B,元大投資級公司債,10,0,10,福勝,2023-07-03,6950
2405,輔信,10,0,10,福勝,2023-07-03,6950
2601,益航,10,0,10,福勝,2023-07-03,6950
3018,隆銘綠能,10,0,10,福勝,2023-07-03,6950
3163,波若威,11,1,10,福勝,2023-07-03,6950
1301,台塑,291,0,291,福勝,2023-07-04,6950
8403,盛弘,161,13,148,福勝,2023-07-04,6950
6806,森崴能源,107,8,99,福勝,2023-07-04,6950
6153,嘉聯益,84,1,83,福勝,2023-07-04,6950
3202,樺晟,65,0,65,福勝,2023-07-04,6950
00929,復華台灣科技優息,73,20,53,福勝,2023-07-04,6950
0056,元大高股息,95,49,46,福勝,2023-07-04,6950
2317,鴻海,44,5,39,福勝,2023-07-04,6950
6188,廣明,57,19,38,福勝,2023-07-04,6950
2413,環科,35,0,35,福勝,2023-07-04,6950
2405,輔信,34,0,34,福勝,2023-07-04,6950
00712,復華富時不動產,34,1,33,福勝,2023-07-04,6950
4915,致伸,32,1,31,福勝,2023-07-04,6950
1734,杏輝,30,0,30,福勝,2023-07-04,6950
2609,陽明,99,75,24,福勝,2023-07-04,6950
2888,新光金,22,0,22,福勝,2023-07-04,6950
6016,康和證,22,0,22,福勝,2023-07-04,6950
1605,華新,32,12,20,福勝,2023-07-04,6950
4128,中天,20,0,20,福勝,2023-07-04,6950
1783,和康生,25,6,19,福勝,2023-07-04,6950
00888,永豐台灣ESG,17,0,17,福勝,2023-07-04,6950
2421,建準,35,18,17,福勝,2023-07-04,6950
2705,六福,32,15,17,福勝,2023-07-04,6950
3017,奇鋐,42,25,17,福勝,2023-07-04,6950
6244,茂迪,20,3,17,福勝,2023-07-04,6950
00902,中信電池及儲能,15,0,15,福勝,2023-07-04,6950
2460,建通,15,0,15,福勝,2023-07-04,6950
00885,富邦越南,16,2,14,福勝,2023-07-04,6950
1528,恩德,14,0,14,福勝,2023-07-04,6950
1611,中電,20,6,14,福勝,2023-07-04,6950
2887,台新金,14,0,14,福勝,2023-07-04,6950
3049,精金,27,13,14,福勝,2023-07-04,6950
3372,典範,20,6,14,福勝,2023-07-04,6950
2371,大同,26,12,14,福勝,2023-07-04,6950
1513,中興電,16,3,13,福勝,2023-07-04,6950
4919,新唐,21,8,13,福勝,2023-07-04,6950
6112,邁達特,13,0,13,福勝,2023-07-04,6950
00655L,國泰中國A50正2,12,0,12,福勝,2023-07-04,6950
1217,愛之味,12,0,12,福勝,2023-07-04,6950
3042,晶技,12,0,12,福勝,2023-07-04,6950
4743,合一,12,0,12,福勝,2023-07-04,6950
1326,台化,11,0,11,福勝,2023-07-04,6950
2002,中鋼,11,0,11,福勝,2023-07-04,6950
4904,遠傳,11,0,11,福勝,2023-07-04,6950
5315,光聯,11,0,11,福勝,2023-07-04,6950
8215,明基材,12,1,11,福勝,2023-07-04,6950
00690,兆豐藍籌30,10,0,10,福勝,2023-07-04,6950
00632R,元大台灣50反1,10,0,10,福勝,2023-07-04,6950
020038,元大ESG配息N,10,0,10,福勝,2023-07-04,6950
1409,新纖,10,0,10,福勝,2023-07-04,6950
00687B,國泰20年美債,605,5,600,福勝,2023-07-05,6950
2609,陽明,222,115,107,福勝,2023-07-05,6950
2323,中環,129,45,84,福勝,2023-07-05,6950
5353,台林,80,0,80,福勝,2023-07-05,6950
6223,旺矽,74,2,72,福勝,2023-07-05,6950
6153,嘉聯益,54,1,53,福勝,2023-07-05,6950
1909,榮成,50,0,50,福勝,2023-07-05,6950
2606,裕民,56,8,48,福勝,2023-07-05,6950
2317,鴻海,52,5,47,福勝,2023-07-05,6950
8112,至上,44,1,43,福勝,2023-07-05,6950
00708L,期元大S＆P黃金正2,38,0,38,福勝,2023-07-05,6950
0056,元大高股息,55,23,32,福勝,2023-07-05,6950
6743,安普新,30,0,30,福勝,2023-07-05,6950
3038,全台,35,6,29,福勝,2023-07-05,6950
2399,映泰,91,64,27,福勝,2023-07-05,6950
3231,緯創,50,26,24,福勝,2023-07-05,6950
3265,台星科,25,1,24,福勝,2023-07-05,6950
6112,邁達特,22,1,21,福勝,2023-07-05,6950
1467,南緯,20,0,20,福勝,2023-07-05,6950
1734,杏輝,20,0,20,福勝,2023-07-05,6950
1815,富喬,20,0,20,福勝,2023-07-05,6950
2351,順德,31,11,20,福勝,2023-07-05,6950
2369,菱生,20,2,18,福勝,2023-07-05,6950
2419,仲琦,17,0,17,福勝,2023-07-05,6950
6133,金橋,17,0,17,福勝,2023-07-05,6950
8048,德勝,23,6,17,福勝,2023-07-05,6950
8076,伍豐,28,12,16,福勝,2023-07-05,6950
2451,創見,17,2,15,福勝,2023-07-05,6950
3202,樺晟,15,0,15,福勝,2023-07-05,6950
4157,太景*-KY,16,1,15,福勝,2023-07-05,6950
6279,胡連,16,1,15,福勝,2023-07-05,6950
00888,永豐台灣ESG,14,0,14,福勝,2023-07-05,6950
2618,長榮航,79,66,13,福勝,2023-07-05,6950
00720B,元大投資級公司債,13,0,13,福勝,2023-07-05,6950
2405,輔信,16,3,13,福勝,2023-07-05,6950
2731,雄獅,13,0,13,福勝,2023-07-05,6950
6288,聯嘉,14,1,13,福勝,2023-07-05,6950
8271,宇瞻,12,0,12,福勝,2023-07-05,6950
2515,中工,11,0,11,福勝,2023-07-05,6950
1905,華紙,12,1,11,福勝,2023-07-05,6950
3504,揚明光,11,0,11,福勝,2023-07-05,6950
6789,采鈺,11,0,11,福勝,2023-07-05,6950
1309,台達化,11,0,11,福勝,2023-07-05,6950
2382,廣達,36,26,10,福勝,2023-07-05,6950
00632R,元大台灣50反1,10,0,10,福勝,2023-07-05,6950
1504,東元,21,11,10,福勝,2023-07-05,6950
1781,合世,10,0,10,福勝,2023-07-05,6950
2308,台達電,10,0,10,福勝,2023-07-05,6950
2332,友訊,15,5,10,福勝,2023-07-05,6950
2615,萬海,14,4,10,福勝,2023-07-05,6950
2409,友達,765,92,673,福勝,2023-07-06,6950
3481,群創,163,48,115,福勝,2023-07-06,6950
2312,金寶,100,6,94,福勝,2023-07-06,6950
2002,中鋼,71,0,71,福勝,2023-07-06,6950
8215,明基材,80,10,70,福勝,2023-07-06,6950
2618,長榮航,90,22,68,福勝,2023-07-06,6950
6770,力積電,66,3,63,福勝,2023-07-06,6950
5512,力麒,59,0,59,福勝,2023-07-06,6950
1734,杏輝,58,0,58,福勝,2023-07-06,6950
0056,元大高股息,67,13,54,福勝,2023-07-06,6950
2344,華邦電,50,1,49,福勝,2023-07-06,6950
00712,復華富時不動產,45,0,45,福勝,2023-07-06,6950
6441,廣錠,45,0,45,福勝,2023-07-06,6950
9907,統一實,37,0,37,福勝,2023-07-06,6950
00929,復華台灣科技優息,40,7,33,福勝,2023-07-06,6950
1471,首利,68,36,32,福勝,2023-07-06,6950
6112,邁達特,32,0,32,福勝,2023-07-06,6950
2317,鴻海,37,6,31,福勝,2023-07-06,6950
00900,富邦特選高股息30,30,0,30,福勝,2023-07-06,6950
2891,中信金,28,0,28,福勝,2023-07-06,6950
4566,時碩工業,29,2,27,福勝,2023-07-06,6950
1460,宏遠,25,0,25,福勝,2023-07-06,6950
1609,大亞,29,4,25,福勝,2023-07-06,6950
1773,勝一,25,0,25,福勝,2023-07-06,6950
2347,聯強,24,0,24,福勝,2023-07-06,6950
2301,光寶科,25,2,23,福勝,2023-07-06,6950
2427,三商電,30,7,23,福勝,2023-07-06,6950
2515,中工,23,0,23,福勝,2023-07-06,6950
6182,合晶,30,7,23,福勝,2023-07-06,6950
3013,晟銘電,32,10,22,福勝,2023-07-06,6950
6111,大宇資,25,4,21,福勝,2023-07-06,6950
00708L,期元大S＆P黃金正2,20,0,20,福勝,2023-07-06,6950
00632R,元大台灣50反1,20,0,20,福勝,2023-07-06,6950
2324,仁寶,23,3,20,福勝,2023-07-06,6950
3028,增你強,20,0,20,福勝,2023-07-06,6950
3217,優群,20,0,20,福勝,2023-07-06,6950
5284,jpp-KY,20,0,20,福勝,2023-07-06,6950
6743,安普新,20,0,20,福勝,2023-07-06,6950
2881,富邦金,19,0,19,福勝,2023-07-06,6950
2892,第一金,23,5,18,福勝,2023-07-06,6950
1326,台化,17,0,17,福勝,2023-07-06,6950
2356,英業達,40,23,17,福勝,2023-07-06,6950
2476,鉅祥,23,6,17,福勝,2023-07-06,6950
2748,雲品,17,0,17,福勝,2023-07-06,6950
3265,台星科,31,14,17,福勝,2023-07-06,6950
6282,康舒,56,39,17,福勝,2023-07-06,6950
2323,中環,34,18,16,福勝,2023-07-06,6950
3037,欣興,15,0,15,福勝,2023-07-06,6950
1309,台達化,15,0,15,福勝,2023-07-06,6950
1319,東陽,15,0,15,福勝,2023-07-06,6950
00878,國泰永續高股息,227,9,218,福勝,2023-07-07,6950
3481,群創,207,2,205,福勝,2023-07-07,6950
00632R,元大台灣50反1,115,0,115,福勝,2023-07-07,6950
2344,華邦電,103,0,103,福勝,2023-07-07,6950
2305,全友,70,0,70,福勝,2023-07-07,6950
1809,中釉,66,7,59,福勝,2023-07-07,6950
2356,英業達,64,8,56,福勝,2023-07-07,6950
00676R,富邦臺灣加權反1,50,0,50,福勝,2023-07-07,6950
4968,立積,49,3,46,福勝,2023-07-07,6950
1909,榮成,42,0,42,福勝,2023-07-07,6950
1605,華新,58,18,40,福勝,2023-07-07,6950
2610,華航,64,24,40,福勝,2023-07-07,6950
2633,台灣高鐵,39,0,39,福勝,2023-07-07,6950
3071,協禧,40,3,37,福勝,2023-07-07,6950
2425,承啟,36,0,36,福勝,2023-07-07,6950
8227,巨有科技,33,0,33,福勝,2023-07-07,6950
3231,緯創,65,33,32,福勝,2023-07-07,6950
0056,元大高股息,42,10,32,福勝,2023-07-07,6950
2303,聯電,36,5,31,福勝,2023-07-07,6950
2888,新光金,33,2,31,福勝,2023-07-07,6950
00927,群益半導體收益,30,0,30,福勝,2023-07-07,6950
6743,安普新,30,0,30,福勝,2023-07-07,6950
2340,台亞,43,14,29,福勝,2023-07-07,6950
6282,康舒,72,43,29,福勝,2023-07-07,6950
2399,映泰,30,2,28,福勝,2023-07-07,6950
3406,玉晶光,30,3,27,福勝,2023-07-07,6950
2324,仁寶,28,3,25,福勝,2023-07-07,6950
4526,東台,29,4,25,福勝,2023-07-07,6950
00679B,元大美債20年,24,0,24,福勝,2023-07-07,6950
2543,皇昌,24,0,24,福勝,2023-07-07,6950
6770,力積電,29,5,24,福勝,2023-07-07,6950
2002,中鋼,23,0,23,福勝,2023-07-07,6950
5243,乙盛-KY,22,0,22,福勝,2023-07-07,6950
5392,能率,25,4,21,福勝,2023-07-07,6950
2881,富邦金,20,0,20,福勝,2023-07-07,6950
2023,燁輝,20,0,20,福勝,2023-07-07,6950
2609,陽明,33,14,19,福勝,2023-07-07,6950
00708L,期元大S＆P黃金正2,17,0,17,福勝,2023-07-07,6950
2363,矽統,17,0,17,福勝,2023-07-07,6950
8048,德勝,25,8,17,福勝,2023-07-07,6950
1301,台塑,16,0,16,福勝,2023-07-07,6950
4927,泰鼎-KY,16,0,16,福勝,2023-07-07,6950
1309,台達化,15,0,15,福勝,2023-07-07,6950
2892,第一金,15,0,15,福勝,2023-07-07,6950
3380,明泰,28,13,15,福勝,2023-07-07,6950
6120,達運,15,0,15,福勝,2023-07-07,6950
1101,台泥,16,2,14,福勝,2023-07-07,6950
00929,復華台灣科技優息,15,1,14,福勝,2023-07-07,6950
2367,燿華,14,0,14,福勝,2023-07-07,6950
2603,長榮,30,17,13,福勝,2023-07-07,6950
2883,凱基金,157,0,157,福勝,2023-07-10,6950
8930,青鋼,65,0,65,福勝,2023-07-10,6950
2324,仁寶,52,5,47,福勝,2023-07-10,6950
1609,大亞,72,30,42,福勝,2023-07-10,6950
00929,復華台灣科技優息,45,6,39,福勝,2023-07-10,6950
5243,乙盛-KY,31,0,31,福勝,2023-07-10,6950
1802,台玻,30,0,30,福勝,2023-07-10,6950
2609,陽明,79,52,27,福勝,2023-07-10,6950
2312,金寶,27,0,27,福勝,2023-07-10,6950
2618,長榮航,37,10,27,福勝,2023-07-10,6950
00919,群益台灣精選高息,25,0,25,福勝,2023-07-10,6950
6180,橘子,24,0,24,福勝,2023-07-10,6950
2812,台中銀,21,0,21,福勝,2023-07-10,6950
6266,泰詠,20,0,20,福勝,2023-07-10,6950
00715L,期街口布蘭特正2,20,0,20,福勝,2023-07-10,6950
6226,光鼎,20,0,20,福勝,2023-07-10,6950
8048,德勝,20,0,20,福勝,2023-07-10,6950
3071,協禧,35,16,19,福勝,2023-07-10,6950
2419,仲琦,25,7,18,福勝,2023-07-10,6950
4171,瑞基,19,2,17,福勝,2023-07-10,6950
5864,致和證,17,0,17,福勝,2023-07-10,6950
2497,怡利電,18,2,16,福勝,2023-07-10,6950
5388,中磊,16,0,16,福勝,2023-07-10,6950
2303,聯電,21,7,14,福勝,2023-07-10,6950
2427,三商電,14,0,14,福勝,2023-07-10,6950
2337,旺宏,13,0,13,福勝,2023-07-10,6950
2603,長榮,13,0,13,福勝,2023-07-10,6950
2610,華航,49,36,13,福勝,2023-07-10,6950
3363,上詮,15,2,13,福勝,2023-07-10,6950
6179,亞通,13,0,13,福勝,2023-07-10,6950
2615,萬海,14,2,12,福勝,2023-07-10,6950
6168,宏齊,13,1,12,福勝,2023-07-10,6950
2317,鴻海,12,1,11,福勝,2023-07-10,6950
1471,首利,22,11,11,福勝,2023-07-10,6950
8049,晶采,11,0,11,福勝,2023-07-10,6950
00795B,中信美國公債20年,10,0,10,福勝,2023-07-10,6950
1540,喬福,10,0,10,福勝,2023-07-10,6950
1616,億泰,10,0,10,福勝,2023-07-10,6950
1718,中纖,10,0,10,福勝,2023-07-10,6950
1907,永豐餘,10,0,10,福勝,2023-07-10,6950
2308,台達電,10,0,10,福勝,2023-07-10,6950
2460,建通,15,5,10,福勝,2023-07-10,6950
2495,普安,10,0,10,福勝,2023-07-10,6950
2634,漢翔,16,6,10,福勝,2023-07-10,6950
3374,精材,12,2,10,福勝,2023-07-10,6950
6152,百一,10,0,10,福勝,2023-07-10,6950
6234,高僑,12,2,10,福勝,2023-07-10,6950
6288,聯嘉,15,5,10,福勝,2023-07-10,6950
8110,華東,10,0,10,福勝,2023-07-10,6950
9907,統一實,10,0,10,福勝,2023-07-10,6950
1217,愛之味,125,0,125,福勝,2023-07-11,6950
00929,復華台灣科技優息,90,20,70,福勝,2023-07-11,6950
2367,燿華,55,0,55,福勝,2023-07-11,6950
2911,麗嬰房,44,0,44,福勝,2023-07-11,6950
6288,聯嘉,42,0,42,福勝,2023-07-11,6950
2515,中工,35,2,33,福勝,2023-07-11,6950
2382,廣達,66,34,32,福勝,2023-07-11,6950
4533,協易機,40,9,31,福勝,2023-07-11,6950
6743,安普新,30,0,30,福勝,2023-07-11,6950
5475,德宏,26,0,26,福勝,2023-07-11,6950
1734,杏輝,25,0,25,福勝,2023-07-11,6950
1785,光洋科,23,1,22,福勝,2023-07-11,6950
3038,全台,23,1,22,福勝,2023-07-11,6950
3071,協禧,21,0,21,福勝,2023-07-11,6950
9929,秋雨,20,0,20,福勝,2023-07-11,6950
3163,波若威,20,1,19,福勝,2023-07-11,6950
1611,中電,22,4,18,福勝,2023-07-11,6950
3508,位速,15,0,15,福勝,2023-07-11,6950
4545,銘鈺,63,48,15,福勝,2023-07-11,6950
1522,堤維西,17,3,14,福勝,2023-07-11,6950
2498,宏達電,15,1,14,福勝,2023-07-11,6950
2340,台亞,43,30,13,福勝,2023-07-11,6950
6285,啟��,22,10,12,福勝,2023-07-11,6950
1504,東元,15,3,12,福勝,2023-07-11,6950
3016,嘉晶,24,12,12,福勝,2023-07-11,6950
3202,樺晟,12,0,12,福勝,2023-07-11,6950
2323,中環,53,42,11,福勝,2023-07-11,6950
2105,正新,11,0,11,福勝,2023-07-11,6950
2731,雄獅,13,2,11,福勝,2023-07-11,6950
2883,凱基金,13,2,11,福勝,2023-07-11,6950
3545,敦泰,11,0,11,福勝,2023-07-11,6950
6278,台表科,11,0,11,福勝,2023-07-11,6950
00900,富邦特選高股息30,10,0,10,福勝,2023-07-11,6950
00653L,富邦印度正2,10,0,10,福勝,2023-07-11,6950
00885,富邦越南,10,0,10,福勝,2023-07-11,6950
00795B,中信美國公債20年,10,0,10,福勝,2023-07-11,6950
1711,永光,10,0,10,福勝,2023-07-11,6950
1718,中纖,10,0,10,福勝,2023-07-11,6950
1809,中釉,10,0,10,福勝,2023-07-11,6950
2405,輔信,10,0,10,福勝,2023-07-11,6950
2431,聯昌,10,0,10,福勝,2023-07-11,6950
2534,宏盛,10,0,10,福勝,2023-07-11,6950
3078,僑威,12,2,10,福勝,2023-07-11,6950
3520,華盈,10,0,10,福勝,2023-07-11,6950
4960,誠美材,10,0,10,福勝,2023-07-11,6950
6222,上揚,12,2,10,福勝,2023-07-11,6950
6411,晶焱,10,0,10,福勝,2023-07-11,6950
8028,昇陽半導體,10,0,10,福勝,2023-07-11,6950
2353,宏��,24,15,9,福勝,2023-07-11,6950
2457,飛宏,10,1,9,福勝,2023-07-11,6950
3231,緯創,477,30,447,福勝,2023-07-12,6950
3706,神達,327,94,233,福勝,2023-07-12,6950
2360,致茂,106,0,106,福勝,2023-07-12,6950
6139,亞翔,96,11,85,福勝,2023-07-12,6950
00929,復華台灣科技優息,76,0,76,福勝,2023-07-12,6950
2303,聯電,86,12,74,福勝,2023-07-12,6950
6190,萬泰科,50,1,49,福勝,2023-07-12,6950
2356,英業達,101,62,39,福勝,2023-07-12,6950
2323,中環,52,13,39,福勝,2023-07-12,6950
6712,長聖,36,2,34,福勝,2023-07-12,6950
00673R,期元大S＆P原油反1,30,0,30,福勝,2023-07-12,6950
6155,鈞寶,30,0,30,福勝,2023-07-12,6950
00892,富邦台灣半導體,29,0,29,福勝,2023-07-12,6950
00885,富邦越南,30,3,27,福勝,2023-07-12,6950
2359,所羅門,31,5,26,福勝,2023-07-12,6950
5484,慧友,24,0,24,福勝,2023-07-12,6950
3176,基亞,21,0,21,福勝,2023-07-12,6950
1440,南紡,20,0,20,福勝,2023-07-12,6950
4157,太景*-KY,20,0,20,福勝,2023-07-12,6950
8048,德勝,20,0,20,福勝,2023-07-12,6950
9945,潤泰新,20,0,20,福勝,2023-07-12,6950
2409,友達,27,8,19,福勝,2023-07-12,6950
2881,富邦金,31,12,19,福勝,2023-07-12,6950
3032,偉訓,25,6,19,福勝,2023-07-12,6950
00905,FT臺灣Smart,17,0,17,福勝,2023-07-12,6950
1529,樂事綠能,17,0,17,福勝,2023-07-12,6950
1338,廣華-KY,16,0,16,福勝,2023-07-12,6950
2485,兆赫,15,0,15,福勝,2023-07-12,6950
5315,光聯,15,0,15,福勝,2023-07-12,6950
1809,中釉,13,0,13,福勝,2023-07-12,6950
2614,東森,13,0,13,福勝,2023-07-12,6950
3013,晟銘電,13,0,13,福勝,2023-07-12,6950
6182,合晶,30,17,13,福勝,2023-07-12,6950
4934,太極,16,4,12,福勝,2023-07-12,6950
6743,安普新,12,0,12,福勝,2023-07-12,6950
2603,長榮,17,6,11,福勝,2023-07-12,6950
1308,亞聚,11,0,11,福勝,2023-07-12,6950
2427,三商電,12,1,11,福勝,2023-07-12,6950
3596,智易,12,1,11,福勝,2023-07-12,6950
3711,日月光投控,14,3,11,福勝,2023-07-12,6950
5388,中磊,13,2,11,福勝,2023-07-12,6950
6116,彩晶,13,2,11,福勝,2023-07-12,6950
5347,世界,13,2,11,福勝,2023-07-12,6950
2481,強茂,12,2,10,福勝,2023-07-12,6950
1337,再生-KY,10,0,10,福勝,2023-07-12,6950
00679B,元大美債20年,14,4,10,福勝,2023-07-12,6950
1304,台聚,10,0,10,福勝,2023-07-12,6950
2067,嘉鋼,10,0,10,福勝,2023-07-12,6950
2312,金寶,31,21,10,福勝,2023-07-12,6950
2380,虹光,10,0,10,福勝,2023-07-12,6950
00680L,元大美債20正2,278,0,278,福勝,2023-07-13,6950
1314,中石化,220,0,220,福勝,2023-07-13,6950
2324,仁寶,270,68,202,福勝,2023-07-13,6950
00632R,元大台灣50反1,310,155,155,福勝,2023-07-13,6950
2618,長榮航,145,5,140,福勝,2023-07-13,6950
2610,華航,118,13,105,福勝,2023-07-13,6950
00673R,期元大S＆P原油反1,100,0,100,福勝,2023-07-13,6950
00902,中信電池及儲能,77,0,77,福勝,2023-07-13,6950
00929,復華台灣科技優息,66,0,66,福勝,2023-07-13,6950
00712,復華富時不動產,83,19,64,福勝,2023-07-13,6950
6733,博晟生醫,60,0,60,福勝,2023-07-13,6950
6743,安普新,60,0,60,福勝,2023-07-13,6950
4533,協易機,43,2,41,福勝,2023-07-13,6950
3042,晶技,42,3,39,福勝,2023-07-13,6950
1528,恩德,31,1,30,福勝,2023-07-13,6950
2332,友訊,30,0,30,福勝,2023-07-13,6950
4545,銘鈺,28,0,28,福勝,2023-07-13,6950
8048,德勝,29,1,28,福勝,2023-07-13,6950
8358,金居,30,4,26,福勝,2023-07-13,6950
2359,所羅門,27,3,24,福勝,2023-07-13,6950
6282,康舒,31,8,23,福勝,2023-07-13,6950
2460,建通,30,7,23,福勝,2023-07-13,6950
6548,長科*,43,20,23,福勝,2023-07-13,6950
1605,華新,45,23,22,福勝,2023-07-13,6950
2609,陽明,68,47,21,福勝,2023-07-13,6950
00930,永豐ESG低碳高息,21,0,21,福勝,2023-07-13,6950
6234,高僑,21,0,21,福勝,2023-07-13,6950
2375,凱美,20,0,20,福勝,2023-07-13,6950
2449,京元電子,47,27,20,福勝,2023-07-13,6950
2303,聯電,31,13,18,福勝,2023-07-13,6950
1218,泰山,18,0,18,福勝,2023-07-13,6950
6257,矽格,20,2,18,福勝,2023-07-13,6950
1734,杏輝,17,0,17,福勝,2023-07-13,6950
8050,廣積,19,2,17,福勝,2023-07-13,6950
1522,堤維西,14,0,14,福勝,2023-07-13,6950
2338,光罩,14,0,14,福勝,2023-07-13,6950
2352,佳世達,20,7,13,福勝,2023-07-13,6950
2376,技嘉,20,8,12,福勝,2023-07-13,6950
2312,金寶,57,45,12,福勝,2023-07-13,6950
2881,富邦金,13,1,12,福勝,2023-07-13,6950
4543,萬在,12,0,12,福勝,2023-07-13,6950
4966,譜瑞-KY,12,0,12,福勝,2023-07-13,6950
6190,萬泰科,15,3,12,福勝,2023-07-13,6950
8016,矽創,11,0,11,福勝,2023-07-13,6950
2105,正新,11,0,11,福勝,2023-07-13,6950
6217,中探針,13,2,11,福勝,2023-07-13,6950
1434,福懋,10,0,10,福勝,2023-07-13,6950
1304,台聚,10,0,10,福勝,2023-07-13,6950
00888,永豐台灣ESG,10,0,10,福勝,2023-07-13,6950
1514,亞力,16,6,10,福勝,2023-07-13,6950
00712,復華富時不動產,516,1,515,福勝,2023-07-14,6950
1314,中石化,201,5,196,福勝,2023-07-14,6950
2618,長榮航,135,27,108,福勝,2023-07-14,6950
2610,華航,189,131,58,福勝,2023-07-14,6950
1434,福懋,53,0,53,福勝,2023-07-14,6950
3032,偉訓,53,1,52,福勝,2023-07-14,6950
00929,復華台灣科技優息,56,20,36,福勝,2023-07-14,6950
1104,環泥,35,0,35,福勝,2023-07-14,6950
2324,仁寶,52,18,34,福勝,2023-07-14,6950
2444,兆勁,32,0,32,福勝,2023-07-14,6950
3380,明泰,36,4,32,福勝,2023-07-14,6950
00885,富邦越南,34,4,30,福勝,2023-07-14,6950
1604,聲寶,30,0,30,福勝,2023-07-14,6950
3432,台端,30,0,30,福勝,2023-07-14,6950
00893,國泰智能電動車,30,2,28,福勝,2023-07-14,6950
00905,FT臺灣Smart,27,0,27,福勝,2023-07-14,6950
1605,華新,27,1,26,福勝,2023-07-14,6950
4934,太極,24,0,24,福勝,2023-07-14,6950
2382,廣達,59,36,23,福勝,2023-07-14,6950
1210,大成,22,1,21,福勝,2023-07-14,6950
1467,南緯,20,0,20,福勝,2023-07-14,6950
3060,銘異,20,0,20,福勝,2023-07-14,6950
6005,群益證,20,0,20,福勝,2023-07-14,6950
6284,佳邦,20,0,20,福勝,2023-07-14,6950
8087,麗升能源,20,0,20,福勝,2023-07-14,6950
2603,長榮,21,3,18,福勝,2023-07-14,6950
4545,銘鈺,18,0,18,福勝,2023-07-14,6950
8050,廣積,41,23,18,福勝,2023-07-14,6950
2344,華邦電,20,3,17,福勝,2023-07-14,6950
2328,廣宇,26,10,16,福勝,2023-07-14,6950
6207,雷科,18,2,16,福勝,2023-07-14,6950
00688L,國泰20年美債正2,15,0,15,福勝,2023-07-14,6950
2419,仲琦,23,8,15,福勝,2023-07-14,6950
8358,金居,16,1,15,福勝,2023-07-14,6950
2340,台亞,29,15,14,福勝,2023-07-14,6950
2409,友達,33,19,14,福勝,2023-07-14,6950
1312,國喬,13,0,13,福勝,2023-07-14,6950
2425,承啟,17,4,13,福勝,2023-07-14,6950
5457,宣德,13,0,13,福勝,2023-07-14,6950
6111,大宇資,13,0,13,福勝,2023-07-14,6950
6190,萬泰科,20,7,13,福勝,2023-07-14,6950
00930,永豐ESG低碳高息,11,0,11,福勝,2023-07-14,6950
1618,合機,14,3,11,福勝,2023-07-14,6950
6679,鈺太,11,0,11,福勝,2023-07-14,6950
2329,華泰,20,10,10,福勝,2023-07-14,6950
2442,新美齊,10,0,10,福勝,2023-07-14,6950
2701,萬企,10,0,10,福勝,2023-07-14,6950
2801,彰銀,10,0,10,福勝,2023-07-14,6950
2834,臺企銀,10,0,10,福勝,2023-07-14,6950
3033,威健,13,3,10,福勝,2023-07-14,6950
6743,安普新,100,0,100,福勝,2023-07-17,6950
3163,波若威,106,22,84,福勝,2023-07-17,6950
1711,永光,75,4,71,福勝,2023-07-17,6950
0056,元大高股息,127,56,71,福勝,2023-07-17,6950
2892,第一金,170,100,70,福勝,2023-07-17,6950
5608,四維航,58,1,57,福勝,2023-07-17,6950
1604,聲寶,50,0,50,福勝,2023-07-17,6950
2328,廣宇,41,1,40,福勝,2023-07-17,6950
3062,建漢,80,40,40,福勝,2023-07-17,6950
6442,光聖,40,1,39,福勝,2023-07-17,6950
2515,中工,42,10,32,福勝,2023-07-17,6950
00633L,富邦上証正2,50,19,31,福勝,2023-07-17,6950
2329,華泰,49,18,31,福勝,2023-07-17,6950
9939,宏全,30,0,30,福勝,2023-07-17,6950
1402,遠東新,26,0,26,福勝,2023-07-17,6950
6679,鈺太,26,1,25,福勝,2023-07-17,6950
2356,英業達,65,41,24,福勝,2023-07-17,6950
8027,鈦昇,24,0,24,福勝,2023-07-17,6950
1528,恩德,21,0,21,福勝,2023-07-17,6950
2399,映泰,26,5,21,福勝,2023-07-17,6950
6770,力積電,27,6,21,福勝,2023-07-17,6950
2867,三商壽,20,0,20,福勝,2023-07-17,6950
3576,聯合再生,22,2,20,福勝,2023-07-17,6950
4915,致伸,20,0,20,福勝,2023-07-17,6950
2886,兆豐金,20,0,20,福勝,2023-07-17,6950
2402,毅嘉,21,2,19,福勝,2023-07-17,6950
6120,達運,21,2,19,福勝,2023-07-17,6950
00882,中信中國高股息,18,0,18,福勝,2023-07-17,6950
6124,業強,23,5,18,福勝,2023-07-17,6950
1219,福壽,15,0,15,福勝,2023-07-17,6950
4545,銘鈺,15,0,15,福勝,2023-07-17,6950
2610,華航,38,23,15,福勝,2023-07-17,6950
2609,陽明,30,17,13,福勝,2023-07-17,6950
4155,訊映,13,0,13,福勝,2023-07-17,6950
4532,瑞智,16,3,13,福勝,2023-07-17,6950
5457,宣德,15,2,13,福勝,2023-07-17,6950
2382,廣達,46,33,13,福勝,2023-07-17,6950
6191,精成科,26,14,12,福勝,2023-07-17,6950
6290,良維,12,0,12,福勝,2023-07-17,6950
1460,宏遠,10,0,10,福勝,2023-07-17,6950
00930,永豐ESG低碳高息,10,0,10,福勝,2023-07-17,6950
00673R,期元大S＆P原油反1,10,0,10,福勝,2023-07-17,6950
1815,富喬,10,0,10,福勝,2023-07-17,6950
2332,友訊,10,0,10,福勝,2023-07-17,6950
2457,飛宏,16,6,10,福勝,2023-07-17,6950
3712,永崴投控,10,0,10,福勝,2023-07-17,6950
5014,建錩,10,0,10,福勝,2023-07-17,6950
8112,至上,10,0,10,福勝,2023-07-17,6950
1471,首利,10,1,9,福勝,2023-07-17,6950
2314,台揚,10,1,9,福勝,2023-07-17,6950
2312,金寶,876,135,741,福勝,2023-07-18,6950
00929,復華台灣科技優息,398,3,395,福勝,2023-07-18,6950
2329,華泰,308,76,232,福勝,2023-07-18,6950
1604,聲寶,114,0,114,福勝,2023-07-18,6950
00882,中信中國高股息,85,0,85,福勝,2023-07-18,6950
2405,輔信,110,48,62,福勝,2023-07-18,6950
6282,康舒,148,102,46,福勝,2023-07-18,6950
9951,皇田,44,0,44,福勝,2023-07-18,6950
2382,廣達,99,57,42,福勝,2023-07-18,6950
6188,廣明,45,4,41,福勝,2023-07-18,6950
00930,永豐ESG低碳高息,40,0,40,福勝,2023-07-18,6950
6120,達運,46,6,40,福勝,2023-07-18,6950
1611,中電,38,0,38,福勝,2023-07-18,6950
2359,所羅門,31,1,30,福勝,2023-07-18,6950
2409,友達,45,15,30,福勝,2023-07-18,6950
3163,波若威,30,1,29,福勝,2023-07-18,6950
00900,富邦特選高股息30,28,0,28,福勝,2023-07-18,6950
8201,無敵,36,10,26,福勝,2023-07-18,6950
2425,承啟,40,15,25,福勝,2023-07-18,6950
2543,皇昌,24,0,24,福勝,2023-07-18,6950
1609,大亞,62,38,24,福勝,2023-07-18,6950
00878,國泰永續高股息,76,53,23,福勝,2023-07-18,6950
6770,力積電,25,3,22,福勝,2023-07-18,6950
2301,光寶科,41,20,21,福勝,2023-07-18,6950
4153,鈺緯,20,0,20,福勝,2023-07-18,6950
4157,太景*-KY,20,0,20,福勝,2023-07-18,6950
6743,安普新,20,0,20,福勝,2023-07-18,6950
8059,凱碩,20,0,20,福勝,2023-07-18,6950
3027,盛達,19,0,19,福勝,2023-07-18,6950
2323,中環,34,16,18,福勝,2023-07-18,6950
2201,裕隆,18,0,18,福勝,2023-07-18,6950
6147,頎邦,15,0,15,福勝,2023-07-18,6950
8176,智捷,15,0,15,福勝,2023-07-18,6950
1584,精剛,16,2,14,福勝,2023-07-18,6950
4533,協易機,28,14,14,福勝,2023-07-18,6950
8358,金居,17,3,14,福勝,2023-07-18,6950
1301,台塑,13,0,13,福勝,2023-07-18,6950
2419,仲琦,32,19,13,福勝,2023-07-18,6950
2515,中工,30,17,13,福勝,2023-07-18,6950
2316,楠梓電,16,4,12,福勝,2023-07-18,6950
2401,凌陽,19,7,12,福勝,2023-07-18,6950
2413,環科,14,2,12,福勝,2023-07-18,6950
2427,三商電,13,1,12,福勝,2023-07-18,6950
4714,永捷,12,0,12,福勝,2023-07-18,6950
8050,廣積,25,13,12,福勝,2023-07-18,6950
2206,三陽工業,11,0,11,福勝,2023-07-18,6950
6218,豪勉,13,2,11,福勝,2023-07-18,6950
8093,保銳,11,0,11,福勝,2023-07-18,6950
8936,國統,12,1,11,福勝,2023-07-18,6950
1809,中釉,10,0,10,福勝,2023-07-18,6950
1314,中石化,201,5,196,福勝,2023-07-19,6950
2888,新光金,120,13,107,福勝,2023-07-19,6950
00929,復華台灣科技優息,115,30,85,福勝,2023-07-19,6950
00882,中信中國高股息,85,0,85,福勝,2023-07-19,6950
00878,國泰永續高股息,141,58,83,福勝,2023-07-19,6950
2324,仁寶,185,111,74,福勝,2023-07-19,6950
00712,復華富時不動產,87,21,66,福勝,2023-07-19,6950
2312,金寶,157,93,64,福勝,2023-07-19,6950
4915,致伸,62,1,61,福勝,2023-07-19,6950
2610,華航,76,19,57,福勝,2023-07-19,6950
1434,福懋,52,0,52,福勝,2023-07-19,6950
1220,台榮,50,0,50,福勝,2023-07-19,6950
2618,長榮航,49,2,47,福勝,2023-07-19,6950
2409,友達,47,1,46,福勝,2023-07-19,6950
2609,陽明,63,18,45,福勝,2023-07-19,6950
3706,神達,98,57,41,福勝,2023-07-19,6950
1217,愛之味,37,0,37,福勝,2023-07-19,6950
1604,聲寶,33,0,33,福勝,2023-07-19,6950
2317,鴻海,37,6,31,福勝,2023-07-19,6950
8011,台通,31,0,31,福勝,2023-07-19,6950
8996,高力,30,0,30,福勝,2023-07-19,6950
3189,景碩,61,33,28,福勝,2023-07-19,6950
2353,宏��,55,28,27,福勝,2023-07-19,6950
4938,和碩,35,8,27,福勝,2023-07-19,6950
5425,台半,28,2,26,福勝,2023-07-19,6950
2303,聯電,37,12,25,福勝,2023-07-19,6950
3051,力特,27,2,25,福勝,2023-07-19,6950
1402,遠東新,23,0,23,福勝,2023-07-19,6950
1514,亞力,32,10,22,福勝,2023-07-19,6950
00633L,富邦上証正2,20,0,20,福勝,2023-07-19,6950
3363,上詮,22,2,20,福勝,2023-07-19,6950
4533,協易機,22,2,20,福勝,2023-07-19,6950
1584,精剛,20,1,19,福勝,2023-07-19,6950
2399,映泰,25,6,19,福勝,2023-07-19,6950
2329,華泰,52,34,18,福勝,2023-07-19,6950
00919,群益台灣精選高息,17,0,17,福勝,2023-07-19,6950
2352,佳世達,31,14,17,福勝,2023-07-19,6950
2461,光群雷,27,10,17,福勝,2023-07-19,6950
6188,廣明,19,3,16,福勝,2023-07-19,6950
2634,漢翔,18,2,16,福勝,2023-07-19,6950
3032,偉訓,29,13,16,福勝,2023-07-19,6950
3481,群創,32,18,14,福勝,2023-07-19,6950
1313,聯成,13,0,13,福勝,2023-07-19,6950
3715,定穎投控,22,9,13,福勝,2023-07-19,6950
00900,富邦特選高股息30,14,2,12,福勝,2023-07-19,6950
1810,和成,12,0,12,福勝,2023-07-19,6950
6770,力積電,12,0,12,福勝,2023-07-19,6950
00713,元大台灣高息低波,11,0,11,福勝,2023-07-19,6950
3078,僑威,14,3,11,福勝,2023-07-19,6950
2881,富邦金,31,20,11,福勝,2023-07-19,6950
2303,聯電,103,0,103,福勝,2023-07-20,6950
2887,台新金,101,0,101,福勝,2023-07-20,6950
2538,基泰,95,0,95,福勝,2023-07-20,6950
3037,欣興,98,10,88,福勝,2023-07-20,6950
3338,泰碩,100,14,86,福勝,2023-07-20,6950
00929,復華台灣科技優息,62,4,58,福勝,2023-07-20,6950
4904,遠傳,50,0,50,福勝,2023-07-20,6950
2515,中工,60,12,48,福勝,2023-07-20,6950
4105,東洋,44,0,44,福勝,2023-07-20,6950
4915,致伸,40,1,39,福勝,2023-07-20,6950
1529,樂事綠能,43,6,37,福勝,2023-07-20,6950
4123,晟德,42,8,34,福勝,2023-07-20,6950
1815,富喬,33,0,33,福勝,2023-07-20,6950
00673R,期元大S＆P原油反1,30,0,30,福勝,2023-07-20,6950
1710,東聯,30,0,30,福勝,2023-07-20,6950
2402,毅嘉,34,4,30,福勝,2023-07-20,6950
6116,彩晶,30,0,30,福勝,2023-07-20,6950
2356,英業達,40,10,30,福勝,2023-07-20,6950
8021,尖點,30,1,29,福勝,2023-07-20,6950
6770,力積電,32,8,24,福勝,2023-07-20,6950
8933,愛地雅,25,1,24,福勝,2023-07-20,6950
2609,陽明,51,28,23,福勝,2023-07-20,6950
3032,偉訓,22,1,21,福勝,2023-07-20,6950
1432,大魯閣,20,0,20,福勝,2023-07-20,6950
1618,合機,20,0,20,福勝,2023-07-20,6950
4173,久裕,20,0,20,福勝,2023-07-20,6950
8390,金益鼎,20,0,20,福勝,2023-07-20,6950
6217,中探針,32,13,19,福勝,2023-07-20,6950
00905,FT臺灣Smart,15,0,15,福勝,2023-07-20,6950
0056,元大高股息,21,7,14,福勝,2023-07-20,6950
3264,欣銓,14,0,14,福勝,2023-07-20,6950
00701,國泰股利精選30,13,0,13,福勝,2023-07-20,6950
2353,宏��,26,13,13,福勝,2023-07-20,6950
2457,飛宏,13,0,13,福勝,2023-07-20,6950
2601,益航,18,5,13,福勝,2023-07-20,6950
3056,富華新,13,0,13,福勝,2023-07-20,6950
1102,亞泥,12,0,12,福勝,2023-07-20,6950
4545,銘鈺,12,0,12,福勝,2023-07-20,6950
1504,東元,29,18,11,福勝,2023-07-20,6950
8374,羅昇,13,2,11,福勝,2023-07-20,6950
9105,泰金寶-DR,11,0,11,福勝,2023-07-20,6950
1570,力肯,20,10,10,福勝,2023-07-20,6950
3071,協禧,10,0,10,福勝,2023-07-20,6950
3289,宜特,11,1,10,福勝,2023-07-20,6950
8222,寶一,12,2,10,福勝,2023-07-20,6950
1795,美時,12,3,9,福勝,2023-07-20,6950
1313,聯成,10,1,9,福勝,2023-07-20,6950
2419,仲琦,24,15,9,福勝,2023-07-20,6950
2482,連宇,9,0,9,福勝,2023-07-20,6950
3252,海灣,11,2,9,福勝,2023-07-20,6950
00633L,富邦上証正2,190,0,190,福勝,2023-07-21,6950
2867,三商壽,186,43,143,福勝,2023-07-21,6950
2515,中工,140,0,140,福勝,2023-07-21,6950
1513,中興電,99,25,74,福勝,2023-07-21,6950
3037,欣興,56,3,53,福勝,2023-07-21,6950
2303,聯電,59,8,51,福勝,2023-07-21,6950
2883,凱基金,46,0,46,福勝,2023-07-21,6950
00673R,期元大S＆P原油反1,42,0,42,福勝,2023-07-21,6950
3682,亞太電,42,0,42,福勝,2023-07-21,6950
6120,達運,34,2,32,福勝,2023-07-21,6950
3024,憶聲,30,0,30,福勝,2023-07-21,6950
1402,遠東新,28,0,28,福勝,2023-07-21,6950
2330,台積電,27,1,26,福勝,2023-07-21,6950
2634,漢翔,26,0,26,福勝,2023-07-21,6950
1773,勝一,25,0,25,福勝,2023-07-21,6950
6282,康舒,38,13,25,福勝,2023-07-21,6950
8403,盛弘,25,0,25,福勝,2023-07-21,6950
1102,亞泥,25,1,24,福勝,2023-07-21,6950
2610,華航,74,50,24,福勝,2023-07-21,6950
2353,宏��,51,29,22,福勝,2023-07-21,6950
2023,燁輝,21,0,21,福勝,2023-07-21,6950
1618,合機,20,0,20,福勝,2023-07-21,6950
4157,太景*-KY,20,0,20,福勝,2023-07-21,6950
1605,華新,21,2,19,福勝,2023-07-21,6950
2889,國票金,20,1,19,福勝,2023-07-21,6950
2388,威盛,24,6,18,福勝,2023-07-21,6950
3706,神達,60,43,17,福勝,2023-07-21,6950
4938,和碩,19,2,17,福勝,2023-07-21,6950
4953,緯軟,36,19,17,福勝,2023-07-21,6950
00712,復華富時不動產,16,0,16,福勝,2023-07-21,6950
2609,陽明,30,14,16,福勝,2023-07-21,6950
00919,群益台灣精選高息,15,0,15,福勝,2023-07-21,6950
2356,英業達,39,24,15,福勝,2023-07-21,6950
2543,皇昌,15,0,15,福勝,2023-07-21,6950
8488,吉源-KY,15,0,15,福勝,2023-07-21,6950
2312,金寶,31,17,14,福勝,2023-07-21,6950
4123,晟德,17,5,12,福勝,2023-07-21,6950
4768,晶呈科技,11,0,11,福勝,2023-07-21,6950
1301,台塑,11,0,11,福勝,2023-07-21,6950
2491,吉祥全,11,0,11,福勝,2023-07-21,6950
6116,彩晶,12,1,11,福勝,2023-07-21,6950
2329,華泰,35,25,10,福勝,2023-07-21,6950
00680L,元大美債20正2,10,0,10,福勝,2023-07-21,6950
2888,新光金,10,0,10,福勝,2023-07-21,6950
2908,特力,10,0,10,福勝,2023-07-21,6950
3031,佰鴻,10,0,10,福勝,2023-07-21,6950
3576,聯合再生,30,20,10,福勝,2023-07-21,6950
4966,譜瑞-KY,10,0,10,福勝,2023-07-21,6950
5324,士開,10,0,10,福勝,2023-07-21,6950
5864,致和證,10,0,10,福勝,2023-07-21,6950
2888,新光金,515,0,515,福勝,2023-07-24,6950
2887,台新金,123,0,123,福勝,2023-07-24,6950
3481,群創,109,1,108,福勝,2023-07-24,6950
3013,晟銘電,77,10,67,福勝,2023-07-24,6950
1604,聲寶,53,0,53,福勝,2023-07-24,6950
6116,彩晶,51,0,51,福勝,2023-07-24,6950
00929,復華台灣科技優息,47,0,47,福勝,2023-07-24,6950
1402,遠東新,42,2,40,福勝,2023-07-24,6950
2461,光群雷,51,11,40,福勝,2023-07-24,6950
3706,神達,64,27,37,福勝,2023-07-24,6950
2834,臺企銀,35,2,33,福勝,2023-07-24,6950
2460,建通,25,0,25,福勝,2023-07-24,6950
8409,商之器,30,5,25,福勝,2023-07-24,6950
2344,華邦電,28,5,23,福勝,2023-07-24,6950
8028,昇陽半導體,23,0,23,福勝,2023-07-24,6950
6104,創惟,22,0,22,福勝,2023-07-24,6950
6282,康舒,46,24,22,福勝,2023-07-24,6950
1101,台泥,24,3,21,福勝,2023-07-24,6950
1513,中興電,44,23,21,福勝,2023-07-24,6950
2425,承啟,58,37,21,福勝,2023-07-24,6950
2449,京元電子,23,3,20,福勝,2023-07-24,6950
6743,安普新,20,0,20,福勝,2023-07-24,6950
1609,大亞,62,45,17,福勝,2023-07-24,6950
2399,映泰,20,4,16,福勝,2023-07-24,6950
2464,盟立,18,2,16,福勝,2023-07-24,6950
5876,上海商銀,16,0,16,福勝,2023-07-24,6950
6274,台燿,52,36,16,福勝,2023-07-24,6950
5703,亞都,15,0,15,福勝,2023-07-24,6950
5425,台半,16,2,14,福勝,2023-07-24,6950
6125,廣運,23,9,14,福勝,2023-07-24,6950
6244,茂迪,16,2,14,福勝,2023-07-24,6950
2356,英業達,37,23,14,福勝,2023-07-24,6950
6188,廣明,23,10,13,福勝,2023-07-24,6950
6180,橘子,19,7,12,福勝,2023-07-24,6950
1440,南紡,11,0,11,福勝,2023-07-24,6950
00892,富邦台灣半導體,11,0,11,福勝,2023-07-24,6950
1471,首利,11,0,11,福勝,2023-07-24,6950
2303,聯電,13,2,11,福勝,2023-07-24,6950
5386,青雲,11,0,11,福勝,2023-07-24,6950
5439,高技,12,1,11,福勝,2023-07-24,6950
8201,無敵,11,0,11,福勝,2023-07-24,6950
2314,台揚,11,0,11,福勝,2023-07-24,6950
1612,宏泰,10,0,10,福勝,2023-07-24,6950
2542,興富發,10,0,10,福勝,2023-07-24,6950
2543,皇昌,10,0,10,福勝,2023-07-24,6950
2618,長榮航,12,2,10,福勝,2023-07-24,6950
2915,潤泰全,10,0,10,福勝,2023-07-24,6950
3051,力特,14,4,10,福勝,2023-07-24,6950
6117,迎廣,10,0,10,福勝,2023-07-24,6950
6612,奈米醫材,10,0,10,福勝,2023-07-24,6950
1314,中石化,206,0,206,福勝,2023-07-25,6950
2425,承啟,152,3,149,福勝,2023-07-25,6950
00679B,元大美債20年,108,22,86,福勝,2023-07-25,6950
00878,國泰永續高股息,145,59,86,福勝,2023-07-25,6950
2392,正崴,85,5,80,福勝,2023-07-25,6950
00929,復華台灣科技優息,66,0,66,福勝,2023-07-25,6950
2610,華航,75,13,62,福勝,2023-07-25,6950
3231,緯創,56,3,53,福勝,2023-07-25,6950
2461,光群雷,47,2,45,福勝,2023-07-25,6950
8358,金居,104,61,43,福勝,2023-07-25,6950
1721,三晃,40,0,40,福勝,2023-07-25,6950
3706,神達,35,1,34,福勝,2023-07-25,6950
5225,東科-KY,32,0,32,福勝,2023-07-25,6950
3702,大聯大,27,0,27,福勝,2023-07-25,6950
6125,廣運,32,6,26,福勝,2023-07-25,6950
1227,佳格,25,0,25,福勝,2023-07-25,6950
5439,高技,26,2,24,福勝,2023-07-25,6950
00673R,期元大S＆P原油反1,22,0,22,福勝,2023-07-25,6950
2328,廣宇,34,13,21,福勝,2023-07-25,6950
2382,廣達,73,54,19,福勝,2023-07-25,6950
4114,健喬,30,12,18,福勝,2023-07-25,6950
00885,富邦越南,28,11,17,福勝,2023-07-25,6950
6282,康舒,61,44,17,福勝,2023-07-25,6950
1301,台塑,16,1,15,福勝,2023-07-25,6950
2347,聯強,15,0,15,福勝,2023-07-25,6950
6244,茂迪,15,0,15,福勝,2023-07-25,6950
8213,志超,30,15,15,福勝,2023-07-25,6950
1471,首利,25,11,14,福勝,2023-07-25,6950
6235,華孚,23,9,14,福勝,2023-07-25,6950
2340,台亞,22,8,14,福勝,2023-07-25,6950
2601,益航,13,0,13,福勝,2023-07-25,6950
6188,廣明,25,12,13,福勝,2023-07-25,6950
9907,統一實,13,0,13,福勝,2023-07-25,6950
1708,東鹼,14,2,12,福勝,2023-07-25,6950
2883,凱基金,12,0,12,福勝,2023-07-25,6950
4116,明基醫,12,0,12,福勝,2023-07-25,6950
6443,元晶,14,2,12,福勝,2023-07-25,6950
2316,楠梓電,12,0,12,福勝,2023-07-25,6950
9941,裕融,10,0,10,福勝,2023-07-25,6950
1582,信錦,10,0,10,福勝,2023-07-25,6950
2460,建通,10,0,10,福勝,2023-07-25,6950
3081,聯亞,10,0,10,福勝,2023-07-25,6950
3290,東浦,10,0,10,福勝,2023-07-25,6950
4529,淳紳,10,0,10,福勝,2023-07-25,6950
6148,驊宏資,11,1,10,福勝,2023-07-25,6950
8093,保銳,10,0,10,福勝,2023-07-25,6950
8249,菱光,11,1,10,福勝,2023-07-25,6950
8916,光隆,10,0,10,福勝,2023-07-25,6950
2314,台揚,10,1,9,福勝,2023-07-25,6950
2323,中環,13,4,9,福勝,2023-07-25,6950
0056,元大高股息,207,21,186,福勝,2023-07-26,6950
3037,欣興,87,13,74,福勝,2023-07-26,6950
00929,復華台灣科技優息,69,1,68,福勝,2023-07-26,6950
2323,中環,75,13,62,福勝,2023-07-26,6950
6188,廣明,64,5,59,福勝,2023-07-26,6950
3706,神達,59,4,55,福勝,2023-07-26,6950
00878,國泰永續高股息,122,72,50,福勝,2023-07-26,6950
00892,富邦台灣半導體,50,0,50,福勝,2023-07-26,6950
6770,力積電,59,9,50,福勝,2023-07-26,6950
2855,統一證,40,0,40,福勝,2023-07-26,6950
2399,映泰,48,10,38,福勝,2023-07-26,6950
4168,醣聯,35,2,33,福勝,2023-07-26,6950
4768,晶呈科技,33,0,33,福勝,2023-07-26,6950
5225,東科-KY,32,0,32,福勝,2023-07-26,6950
1609,大亞,46,15,31,福勝,2023-07-26,6950
1707,葡萄王,29,0,29,福勝,2023-07-26,6950
6026,福邦證,25,0,25,福勝,2023-07-26,6950
1402,遠東新,24,0,24,福勝,2023-07-26,6950
3071,協禧,32,10,22,福勝,2023-07-26,6950
3163,波若威,22,1,21,福勝,2023-07-26,6950
8227,巨有科技,21,0,21,福勝,2023-07-26,6950
1587,吉茂,20,0,20,福勝,2023-07-26,6950
6104,創惟,22,2,20,福勝,2023-07-26,6950
1504,東元,60,40,20,福勝,2023-07-26,6950
2352,佳世達,28,9,19,福勝,2023-07-26,6950
5386,青雲,22,5,17,福勝,2023-07-26,6950
2356,英業達,44,27,17,福勝,2023-07-26,6950
3044,健鼎,18,2,16,福勝,2023-07-26,6950
8201,無敵,18,2,16,福勝,2023-07-26,6950
1513,中興電,21,6,15,福勝,2023-07-26,6950
1529,樂事綠能,15,0,15,福勝,2023-07-26,6950
1905,華紙,17,2,15,福勝,2023-07-26,6950
3051,力特,15,0,15,福勝,2023-07-26,6950
6213,聯茂,24,10,14,福勝,2023-07-26,6950
2002,中鋼,14,0,14,福勝,2023-07-26,6950
2371,大同,15,1,14,福勝,2023-07-26,6950
6148,驊宏資,18,4,14,福勝,2023-07-26,6950
3481,群創,26,12,14,福勝,2023-07-26,6950
2344,華邦電,14,1,13,福勝,2023-07-26,6950
3266,昇陽,13,0,13,福勝,2023-07-26,6950
3322,建舜電,13,0,13,福勝,2023-07-26,6950
6841,長佳智能,19,6,13,福勝,2023-07-26,6950
9105,泰金寶-DR,13,0,13,福勝,2023-07-26,6950
5880,合庫金,13,1,12,福勝,2023-07-26,6950
2408,南亞科,13,1,12,福勝,2023-07-26,6950
3685,元創精密,12,0,12,福勝,2023-07-26,6950
4953,緯軟,15,3,12,福勝,2023-07-26,6950
00919,群益台灣精選高息,10,0,10,福勝,2023-07-26,6950
2436,偉詮電,10,0,10,福勝,2023-07-26,6950
2897,王道銀行,10,0,10,福勝,2023-07-26,6950
0056,元大高股息,205,21,184,福勝,2023-07-27,6950
2883,凱基金,145,19,126,福勝,2023-07-27,6950
1802,台玻,104,7,97,福勝,2023-07-27,6950
00633L,富邦上証正2,60,0,60,福勝,2023-07-27,6950
2480,敦陽科,102,43,59,福勝,2023-07-27,6950
3265,台星科,78,30,48,福勝,2023-07-27,6950
00673R,期元大S＆P原油反1,32,0,32,福勝,2023-07-27,6950
00878,國泰永續高股息,38,6,32,福勝,2023-07-27,6950
6015,宏遠證,31,1,30,福勝,2023-07-27,6950
1210,大成,25,0,25,福勝,2023-07-27,6950
3037,欣興,29,8,21,福勝,2023-07-27,6950
2405,輔信,26,7,19,福勝,2023-07-27,6950
6190,萬泰科,28,10,18,福勝,2023-07-27,6950
1504,東元,20,3,17,福勝,2023-07-27,6950
3306,鼎天,18,1,17,福勝,2023-07-27,6950
5324,士開,15,0,15,福勝,2023-07-27,6950
1529,樂事綠能,15,1,14,福勝,2023-07-27,6950
2399,映泰,59,46,13,福勝,2023-07-27,6950
3042,晶技,13,0,13,福勝,2023-07-27,6950
3046,建��,13,0,13,福勝,2023-07-27,6950
3264,欣銓,14,1,13,福勝,2023-07-27,6950
4545,銘鈺,12,0,12,福勝,2023-07-27,6950
2419,仲琦,16,5,11,福勝,2023-07-27,6950
00900,富邦特選高股息30,15,4,11,福勝,2023-07-27,6950
3715,定穎投控,11,0,11,福勝,2023-07-27,6950
6269,台郡,11,0,11,福勝,2023-07-27,6950
5880,合庫金,13,2,11,福勝,2023-07-27,6950
00795B,中信美國公債20年,10,0,10,福勝,2023-07-27,6950
1432,大魯閣,10,0,10,福勝,2023-07-27,6950
1909,榮成,10,0,10,福勝,2023-07-27,6950
2641,正德,10,0,10,福勝,2023-07-27,6950
5410,國眾,10,0,10,福勝,2023-07-27,6950
5425,台半,11,1,10,福勝,2023-07-27,6950
00902,中信電池及儲能,9,0,9,福勝,2023-07-27,6950
2352,佳世達,12,3,9,福勝,2023-07-27,6950
2855,統一證,9,0,9,福勝,2023-07-27,6950
1503,士電,9,1,8,福勝,2023-07-27,6950
2606,裕民,10,2,8,福勝,2023-07-27,6950
00885,富邦越南,22,15,7,福勝,2023-07-27,6950
2392,正崴,7,0,7,福勝,2023-07-27,6950
6770,力積電,12,5,7,福勝,2023-07-27,6950
8076,伍豐,9,2,7,福勝,2023-07-27,6950
9907,統一實,7,0,7,福勝,2023-07-27,6950
2382,廣達,61,55,6,福勝,2023-07-27,6950
2887,台新金,9,3,6,福勝,2023-07-27,6950
00929,復華台灣科技優息,6,0,6,福勝,2023-07-27,6950
00751B,元大AAA至A公司債,6,0,6,福勝,2023-07-27,6950
00923,群益台ESG低碳50,6,0,6,福勝,2023-07-27,6950
2312,金寶,7,1,6,福勝,2023-07-27,6950
2340,台亞,26,20,6,福勝,2023-07-27,6950
2888,新光金,892,7,885,福勝,2023-07-28,6950
00929,復華台灣科技優息,142,5,137,福勝,2023-07-28,6950
00680L,元大美債20正2,105,0,105,福勝,2023-07-28,6950
2891,中信金,81,0,81,福勝,2023-07-28,6950
00632R,元大台灣50反1,80,0,80,福勝,2023-07-28,6950
2409,友達,104,37,67,福勝,2023-07-28,6950
2027,大成鋼,67,1,66,福勝,2023-07-28,6950
2312,金寶,56,10,46,福勝,2023-07-28,6950
2369,菱生,35,0,35,福勝,2023-07-28,6950
3037,欣興,40,7,33,福勝,2023-07-28,6950
2610,華航,36,5,31,福勝,2023-07-28,6950
2329,華泰,85,55,30,福勝,2023-07-28,6950
4173,久裕,31,1,30,福勝,2023-07-28,6950
4207,環泰,30,0,30,福勝,2023-07-28,6950
2382,廣達,92,68,24,福勝,2023-07-28,6950
1802,台玻,37,13,24,福勝,2023-07-28,6950
3231,緯創,59,36,23,福勝,2023-07-28,6950
1609,大亞,43,21,22,福勝,2023-07-28,6950
2002,中鋼,23,1,22,福勝,2023-07-28,6950
1402,遠東新,21,0,21,福勝,2023-07-28,6950
1618,合機,41,20,21,福勝,2023-07-28,6950
2886,兆豐金,20,0,20,福勝,2023-07-28,6950
2317,鴻海,26,6,20,福勝,2023-07-28,6950
2405,輔信,29,10,19,福勝,2023-07-28,6950
2014,中鴻,19,2,17,福勝,2023-07-28,6950
4123,晟德,18,1,17,福勝,2023-07-28,6950
3711,日月光投控,19,2,17,福勝,2023-07-28,6950
4533,協易機,23,7,16,福勝,2023-07-28,6950
1513,中興電,19,4,15,福勝,2023-07-28,6950
1907,永豐餘,16,1,15,福勝,2023-07-28,6950
2359,所羅門,23,8,15,福勝,2023-07-28,6950
2637,慧洋-KY,14,0,14,福勝,2023-07-28,6950
00795B,中信美國公債20年,13,0,13,福勝,2023-07-28,6950
8201,無敵,13,0,13,福勝,2023-07-28,6950
3706,神達,27,14,13,福勝,2023-07-28,6950
00679B,元大美債20年,12,0,12,福勝,2023-07-28,6950
4945,陞達科技,12,0,12,福勝,2023-07-28,6950
1504,東元,18,7,11,福勝,2023-07-28,6950
1603,華電,11,0,11,福勝,2023-07-28,6950
1905,華紙,42,31,11,福勝,2023-07-28,6950
2913,農林,123,112,11,福勝,2023-07-28,6950
3163,波若威,32,21,11,福勝,2023-07-28,6950
1460,宏遠,10,0,10,福勝,2023-07-28,6950
2323,中環,10,0,10,福勝,2023-07-28,6950
3176,基亞,10,0,10,福勝,2023-07-28,6950
4961,天鈺,14,4,10,福勝,2023-07-28,6950
6203,海韻電,10,0,10,福勝,2023-07-28,6950
8390,金益鼎,10,1,9,福勝,2023-07-28,6950
00751B,元大AAA至A公司債,9,0,9,福勝,2023-07-28,6950
1785,光洋科,10,1,9,福勝,2023-07-28,6950
00878,國泰永續高股息,180,57,123,福勝,2023-07-31,6950
2890,永豐金,123,1,122,福勝,2023-07-31,6950
5488,松普,103,0,103,福勝,2023-07-31,6950
1815,富喬,89,8,81,福勝,2023-07-31,6950
2426,鼎元,71,1,70,福勝,2023-07-31,6950
6213,聯茂,55,0,55,福勝,2023-07-31,6950
3481,群創,65,14,51,福勝,2023-07-31,6950
6155,鈞寶,50,0,50,福勝,2023-07-31,6950
2324,仁寶,49,1,48,福勝,2023-07-31,6950
3078,僑威,49,1,48,福勝,2023-07-31,6950
2444,兆勁,46,4,42,福勝,2023-07-31,6950
2382,廣達,128,86,42,福勝,2023-07-31,6950
3682,亞太電,47,10,37,福勝,2023-07-31,6950
2329,華泰,104,69,35,福勝,2023-07-31,6950
00673R,期元大S＆P原油反1,43,10,33,福勝,2023-07-31,6950
2486,一詮,41,8,33,福勝,2023-07-31,6950
6139,亞翔,32,1,31,福勝,2023-07-31,6950
2419,仲琦,41,11,30,福勝,2023-07-31,6950
2915,潤泰全,30,0,30,福勝,2023-07-31,6950
2610,華航,46,17,29,福勝,2023-07-31,6950
8222,寶一,28,0,28,福勝,2023-07-31,6950
2425,承啟,27,2,25,福勝,2023-07-31,6950
2002,中鋼,24,0,24,福勝,2023-07-31,6950
1513,中興電,45,21,24,福勝,2023-07-31,6950
3051,力特,25,1,24,福勝,2023-07-31,6950
2027,大成鋼,26,2,24,福勝,2023-07-31,6950
2356,英業達,44,22,22,福勝,2023-07-31,6950
3033,威健,24,2,22,福勝,2023-07-31,6950
5425,台半,24,3,21,福勝,2023-07-31,6950
1307,三芳,20,0,20,福勝,2023-07-31,6950
2603,長榮,24,4,20,福勝,2023-07-31,6950
2630,亞航,22,2,20,福勝,2023-07-31,6950
4979,華星光,36,16,20,福勝,2023-07-31,6950
6285,啟��,25,5,20,福勝,2023-07-31,6950
6217,中探針,19,0,19,福勝,2023-07-31,6950
1528,恩德,18,0,18,福勝,2023-07-31,6950
2618,長榮航,25,7,18,福勝,2023-07-31,6950
6182,合晶,17,0,17,福勝,2023-07-31,6950
8477,創業家,17,0,17,福勝,2023-07-31,6950
1319,東陽,31,15,16,福勝,2023-07-31,6950
1210,大成,18,2,16,福勝,2023-07-31,6950
00919,群益台灣精選高息,32,16,16,福勝,2023-07-31,6950
2328,廣宇,19,4,15,福勝,2023-07-31,6950
2891,中信金,15,0,15,福勝,2023-07-31,6950
1471,首利,15,1,14,福勝,2023-07-31,6950
4545,銘鈺,25,11,14,福勝,2023-07-31,6950
8403,盛弘,14,0,14,福勝,2023-07-31,6950
5880,合庫金,21,7,14,福勝,2023-07-31,6950
2317,鴻海,22,9,13,福勝,2023-07-31,6950
1809,中釉,13,1,12,福勝,2023-07-31,6950
1519,華城,355,0,355,福勝,2023-08-01,6950
2637,慧洋-KY,124,7,117,福勝,2023-08-01,6950
2323,中環,118,7,111,福勝,2023-08-01,6950
2363,矽統,151,42,109,福勝,2023-08-01,6950
6282,康舒,156,49,107,福勝,2023-08-01,6950
00633L,富邦上証正2,158,60,98,福勝,2023-08-01,6950
00929,復華台灣科技優息,101,10,91,福勝,2023-08-01,6950
2409,友達,105,28,77,福勝,2023-08-01,6950
2312,金寶,63,7,56,福勝,2023-08-01,6950
1301,台塑,52,2,50,福勝,2023-08-01,6950
6170,統振,50,0,50,福勝,2023-08-01,6950
2888,新光金,102,57,45,福勝,2023-08-01,6950
5452,佶優,50,5,45,福勝,2023-08-01,6950
00923,群益台ESG低碳50,44,0,44,福勝,2023-08-01,6950
3558,神準,44,1,43,福勝,2023-08-01,6950
00878,國泰永續高股息,105,62,43,福勝,2023-08-01,6950
1815,富喬,40,2,38,福勝,2023-08-01,6950
6213,聯茂,37,4,33,福勝,2023-08-01,6950
2353,宏��,43,14,29,福勝,2023-08-01,6950
2401,凌陽,30,2,28,福勝,2023-08-01,6950
8403,盛弘,24,0,24,福勝,2023-08-01,6950
2313,華通,23,0,23,福勝,2023-08-01,6950
2329,華泰,33,11,22,福勝,2023-08-01,6950
2486,一詮,22,0,22,福勝,2023-08-01,6950
1312,國喬,20,0,20,福勝,2023-08-01,6950
1618,合機,21,1,20,福勝,2023-08-01,6950
2382,廣達,74,55,19,福勝,2023-08-01,6950
2002,中鋼,20,2,18,福勝,2023-08-01,6950
3038,全台,18,0,18,福勝,2023-08-01,6950
2371,大同,22,6,16,福勝,2023-08-01,6950
4533,協易機,15,1,14,福勝,2023-08-01,6950
00919,群益台灣精選高息,13,0,13,福勝,2023-08-01,6950
1590,亞德客-KY,13,0,13,福勝,2023-08-01,6950
3011,今皓,13,0,13,福勝,2023-08-01,6950
1609,大亞,27,15,12,福勝,2023-08-01,6950
2425,承啟,13,1,12,福勝,2023-08-01,6950
2891,中信金,12,0,12,福勝,2023-08-01,6950
3105,穩懋,17,5,12,福勝,2023-08-01,6950
0056,元大高股息,30,19,11,福勝,2023-08-01,6950
1471,首利,11,0,11,福勝,2023-08-01,6950
3576,聯合再生,12,1,11,福勝,2023-08-01,6950
00751B,元大AAA至A公司債,10,0,10,福勝,2023-08-01,6950
00673R,期元大S＆P原油反1,10,0,10,福勝,2023-08-01,6950
00680L,元大美債20正2,10,0,10,福勝,2023-08-01,6950
1402,遠東新,10,0,10,福勝,2023-08-01,6950
1587,吉茂,12,2,10,福勝,2023-08-01,6950
2606,裕民,11,1,10,福勝,2023-08-01,6950
5388,中磊,14,4,10,福勝,2023-08-01,6950
5439,高技,12,2,10,福勝,2023-08-01,6950
6133,金橋,10,0,10,福勝,2023-08-01,6950
00923,群益台ESG低碳50,225,0,225,福勝,2023-08-02,6950
00929,復華台灣科技優息,179,12,167,福勝,2023-08-02,6950
00900,富邦特選高股息30,112,0,112,福勝,2023-08-02,6950
2888,新光金,126,35,91,福勝,2023-08-02,6950
00878,國泰永續高股息,229,141,88,福勝,2023-08-02,6950
2606,裕民,80,0,80,福勝,2023-08-02,6950
6282,康舒,170,96,74,福勝,2023-08-02,6950
9103,美德醫療-DR,73,0,73,福勝,2023-08-02,6950
2610,華航,129,60,69,福勝,2023-08-02,6950
2382,廣達,139,82,57,福勝,2023-08-02,6950
2883,凱基金,57,2,55,福勝,2023-08-02,6950
2344,華邦電,56,2,54,福勝,2023-08-02,6950
0056,元大高股息,102,51,51,福勝,2023-08-02,6950
2915,潤泰全,51,1,50,福勝,2023-08-02,6950
2409,友達,50,3,47,福勝,2023-08-02,6950
3481,群創,76,30,46,福勝,2023-08-02,6950
3706,神達,52,7,45,福勝,2023-08-02,6950
2317,鴻海,43,1,42,福勝,2023-08-02,6950
3231,緯創,54,21,33,福勝,2023-08-02,6950
6770,力積電,31,0,31,福勝,2023-08-02,6950
9955,佳龍,36,5,31,福勝,2023-08-02,6950
2301,光寶科,44,14,30,福勝,2023-08-02,6950
1314,中石化,40,10,30,福勝,2023-08-02,6950
2337,旺宏,30,0,30,福勝,2023-08-02,6950
6789,采鈺,31,1,30,福勝,2023-08-02,6950
2356,英業達,43,14,29,福勝,2023-08-02,6950
6188,廣明,31,3,28,福勝,2023-08-02,6950
2061,風青,28,0,28,福勝,2023-08-02,6950
2402,毅嘉,57,29,28,福勝,2023-08-02,6950
2618,長榮航,36,8,28,福勝,2023-08-02,6950
8403,盛弘,28,0,28,福勝,2023-08-02,6950
2353,宏��,47,20,27,福勝,2023-08-02,6950
6285,啟��,23,3,20,福勝,2023-08-02,6950
1432,大魯閣,20,0,20,福勝,2023-08-02,6950
1604,聲寶,20,0,20,福勝,2023-08-02,6950
2630,亞航,20,0,20,福勝,2023-08-02,6950
8028,昇陽半導體,23,3,20,福勝,2023-08-02,6950
1402,遠東新,20,0,20,福勝,2023-08-02,6950
1710,東聯,22,3,19,福勝,2023-08-02,6950
1718,中纖,19,0,19,福勝,2023-08-02,6950
1785,光洋科,61,42,19,福勝,2023-08-02,6950
2444,兆勁,18,0,18,福勝,2023-08-02,6950
2498,宏達電,31,15,16,福勝,2023-08-02,6950
4908,前鼎,21,5,16,福勝,2023-08-02,6950
2002,中鋼,15,0,15,福勝,2023-08-02,6950
8110,華東,15,0,15,福勝,2023-08-02,6950
2312,金寶,26,12,14,福勝,2023-08-02,6950
2308,台達電,15,2,13,福勝,2023-08-02,6950
00881,國泰台灣5G+,16,3,13,福勝,2023-08-02,6950
1721,三晃,13,0,13,福勝,2023-08-02,6950
2892,第一金,161,0,161,福勝,2023-08-04,6950
2344,華邦電,179,48,131,福勝,2023-08-04,6950
00688L,國泰20年美債正2,105,0,105,福勝,2023-08-04,6950
00900,富邦特選高股息30,90,0,90,福勝,2023-08-04,6950
00715L,期街口布蘭特正2,80,0,80,福勝,2023-08-04,6950
1605,華新,71,8,63,福勝,2023-08-04,6950
2356,英業達,77,23,54,福勝,2023-08-04,6950
3576,聯合再生,50,2,48,福勝,2023-08-04,6950
0056,元大高股息,73,26,47,福勝,2023-08-04,6950
00679B,元大美債20年,45,0,45,福勝,2023-08-04,6950
2891,中信金,45,0,45,福勝,2023-08-04,6950
1609,大亞,51,7,44,福勝,2023-08-04,6950
00929,復華台灣科技優息,43,0,43,福勝,2023-08-04,6950
00878,國泰永續高股息,79,37,42,福勝,2023-08-04,6950
2610,華航,39,2,37,福勝,2023-08-04,6950
2883B,凱基金乙特,30,0,30,福勝,2023-08-04,6950
2352,佳世達,60,34,26,福勝,2023-08-04,6950
2014,中鴻,27,2,25,福勝,2023-08-04,6950
2329,華泰,52,28,24,福勝,2023-08-04,6950
2421,建準,28,4,24,福勝,2023-08-04,6950
1210,大成,33,11,22,福勝,2023-08-04,6950
3163,波若威,21,1,20,福勝,2023-08-04,6950
4545,銘鈺,18,0,18,福勝,2023-08-04,6950
8215,明基材,20,2,18,福勝,2023-08-04,6950
00712,復華富時不動產,18,1,17,福勝,2023-08-04,6950
2618,長榮航,17,0,17,福勝,2023-08-04,6950
8028,昇陽半導體,17,0,17,福勝,2023-08-04,6950
4114,健喬,17,0,17,福勝,2023-08-04,6950
2009,第一銅,16,0,16,福勝,2023-08-04,6950
2419,仲琦,16,0,16,福勝,2023-08-04,6950
2913,農林,68,52,16,福勝,2023-08-04,6950
00680L,元大美債20正2,15,0,15,福勝,2023-08-04,6950
2302,麗正,15,0,15,福勝,2023-08-04,6950
2460,建通,17,2,15,福勝,2023-08-04,6950
3231,緯創,64,51,13,福勝,2023-08-04,6950
1608,華榮,18,6,12,福勝,2023-08-04,6950
2498,宏達電,30,18,12,福勝,2023-08-04,6950
5452,佶優,15,3,12,福勝,2023-08-04,6950
00720B,元大投資級公司債,11,0,11,福勝,2023-08-04,6950
1471,首利,11,0,11,福勝,2023-08-04,6950
2882,國泰金,15,4,11,福勝,2023-08-04,6950
2886,兆豐金,11,0,11,福勝,2023-08-04,6950
3071,協禧,12,1,11,福勝,2023-08-04,6950
6104,創惟,19,8,11,福勝,2023-08-04,6950
6269,台郡,11,0,11,福勝,2023-08-04,6950
3325,旭品,11,0,11,福勝,2023-08-04,6950
1314,中石化,10,0,10,福勝,2023-08-04,6950
00673R,期元大S＆P原油反1,10,0,10,福勝,2023-08-04,6950
00751B,元大AAA至A公司債,12,2,10,福勝,2023-08-04,6950
1815,富喬,11,1,10,福勝,2023-08-04,6950
00931B,統一美債20年,148,0,148,福勝,2023-08-07,6950
5452,佶優,96,0,96,福勝,2023-08-07,6950
1314,中石化,95,2,93,福勝,2023-08-07,6950
00878,國泰永續高股息,95,22,73,福勝,2023-08-07,6950
2610,華航,66,11,55,福勝,2023-08-07,6950
2606,裕民,43,0,43,福勝,2023-08-07,6950
8050,廣積,41,1,40,福勝,2023-08-07,6950
3581,博磊,36,0,36,福勝,2023-08-07,6950
2409,友達,35,3,32,福勝,2023-08-07,6950
3037,欣興,37,5,32,福勝,2023-08-07,6950
2618,長榮航,56,27,29,福勝,2023-08-07,6950
2913,農林,27,1,26,福勝,2023-08-07,6950
4545,銘鈺,26,0,26,福勝,2023-08-07,6950
2352,佳世達,25,2,23,福勝,2023-08-07,6950
3706,神達,59,37,22,福勝,2023-08-07,6950
2401,凌陽,28,7,21,福勝,2023-08-07,6950
1519,華城,21,1,20,福勝,2023-08-07,6950
3264,欣銓,20,0,20,福勝,2023-08-07,6950
00712,復華富時不動產,19,0,19,福勝,2023-08-07,6950
1905,華紙,33,16,17,福勝,2023-08-07,6950
5009,榮剛,25,8,17,福勝,2023-08-07,6950
00923,群益台ESG低碳50,20,4,16,福勝,2023-08-07,6950
2882,國泰金,16,0,16,福勝,2023-08-07,6950
00900,富邦特選高股息30,15,0,15,福勝,2023-08-07,6950
2027,大成鋼,15,0,15,福勝,2023-08-07,6950
2301,光寶科,22,7,15,福勝,2023-08-07,6950
2609,陽明,15,0,15,福勝,2023-08-07,6950
2890,永豐金,15,0,15,福勝,2023-08-07,6950
4987,科誠,14,0,14,福勝,2023-08-07,6950
00929,復華台灣科技優息,15,2,13,福勝,2023-08-07,6950
2329,華泰,55,42,13,福勝,2023-08-07,6950
8028,昇陽半導體,12,0,12,福勝,2023-08-07,6950
9927,泰銘,12,1,11,福勝,2023-08-07,6950
00680L,元大美債20正2,10,0,10,福勝,2023-08-07,6950
00725B,國泰投資級公司債,10,0,10,福勝,2023-08-07,6950
2354,鴻準,10,0,10,福勝,2023-08-07,6950
2498,宏達電,41,31,10,福勝,2023-08-07,6950
2603,長榮,10,0,10,福勝,2023-08-07,6950
3050,鈺德,10,0,10,福勝,2023-08-07,6950
4576,大銀微系統,10,0,10,福勝,2023-08-07,6950
5225,東科-KY,10,0,10,福勝,2023-08-07,6950
5388,中磊,21,11,10,福勝,2023-08-07,6950
5706,鳳凰,10,0,10,福勝,2023-08-07,6950
8390,金益鼎,12,2,10,福勝,2023-08-07,6950
2014,中鴻,20,11,9,福勝,2023-08-07,6950
3045,台灣大,9,0,9,福勝,2023-08-07,6950
8086,宏捷科,11,2,9,福勝,2023-08-07,6950
2430,燦坤,8,0,8,福勝,2023-08-07,6950
1904,正隆,8,1,7,福勝,2023-08-07,6950
1301,台塑,6,0,6,福勝,2023-08-07,6950
00929,復華台灣科技優息,147,2,145,福勝,2023-08-08,6950
2303,聯電,59,4,55,福勝,2023-08-08,6950
3231,緯創,76,29,47,福勝,2023-08-08,6950
6139,亞翔,43,0,43,福勝,2023-08-08,6950
1402,遠東新,41,0,41,福勝,2023-08-08,6950
6285,啟��,43,3,40,福勝,2023-08-08,6950
8403,盛弘,33,0,33,福勝,2023-08-08,6950
2801,彰銀,32,0,32,福勝,2023-08-08,6950
3027,盛達,33,1,32,福勝,2023-08-08,6950
2377,微星,31,0,31,福勝,2023-08-08,6950
4545,銘鈺,30,0,30,福勝,2023-08-08,6950
2344,華邦電,31,2,29,福勝,2023-08-08,6950
00919,群益台灣精選高息,26,0,26,福勝,2023-08-08,6950
2014,中鴻,27,1,26,福勝,2023-08-08,6950
3163,波若威,30,4,26,福勝,2023-08-08,6950
2834,臺企銀,23,0,23,福勝,2023-08-08,6950
2888,新光金,25,3,22,福勝,2023-08-08,6950
00850,元大臺灣ESG永續,21,0,21,福勝,2023-08-08,6950
2516,新建,20,0,20,福勝,2023-08-08,6950
5425,台半,18,1,17,福勝,2023-08-08,6950
3062,建漢,16,0,16,福勝,2023-08-08,6950
8358,金居,16,0,16,福勝,2023-08-08,6950
2913,農林,20,5,15,福勝,2023-08-08,6950
2486,一詮,15,0,15,福勝,2023-08-08,6950
8110,華東,15,0,15,福勝,2023-08-08,6950
00688L,國泰20年美債正2,14,0,14,福勝,2023-08-08,6950
6185,幃翔,15,1,14,福勝,2023-08-08,6950
6182,合晶,13,0,13,福勝,2023-08-08,6950
2337,旺宏,14,1,13,福勝,2023-08-08,6950
2388,威盛,19,7,12,福勝,2023-08-08,6950
1618,合機,12,0,12,福勝,2023-08-08,6950
6117,迎廣,12,0,12,福勝,2023-08-08,6950
2382,廣達,63,52,11,福勝,2023-08-08,6950
2301,光寶科,22,11,11,福勝,2023-08-08,6950
2352,佳世達,13,2,11,福勝,2023-08-08,6950
2495,普安,11,0,11,福勝,2023-08-08,6950
3045,台灣大,11,0,11,福勝,2023-08-08,6950
6274,台燿,24,13,11,福勝,2023-08-08,6950
00795B,中信美國公債20年,10,0,10,福勝,2023-08-08,6950
00878,國泰永續高股息,37,27,10,福勝,2023-08-08,6950
2009,第一銅,11,1,10,福勝,2023-08-08,6950
2331,精英,10,0,10,福勝,2023-08-08,6950
2458,義隆,11,1,10,福勝,2023-08-08,6950
2542,興富發,10,0,10,福勝,2023-08-08,6950
2883,凱基金,10,0,10,福勝,2023-08-08,6950
2002,中鋼,9,0,9,福勝,2023-08-08,6950
2603,長榮,13,4,9,福勝,2023-08-08,6950
2615,萬海,10,1,9,福勝,2023-08-08,6950
8390,金益鼎,10,1,9,福勝,2023-08-08,6950
2882,國泰金,20,11,9,福勝,2023-08-08,6950
1210,大成,153,0,153,福勝,2023-08-09,6950
00900,富邦特選高股息30,69,0,69,福勝,2023-08-09,6950
00929,復華台灣科技優息,67,0,67,福勝,2023-08-09,6950
6841,長佳智能,50,0,50,福勝,2023-08-09,6950
3038,全台,38,0,38,福勝,2023-08-09,6950
1609,大亞,31,1,30,福勝,2023-08-09,6950
2344,華邦電,64,34,30,福勝,2023-08-09,6950
2409,友達,30,0,30,福勝,2023-08-09,6950
3231,緯創,67,38,29,福勝,2023-08-09,6950
6016,康和證,30,2,28,福勝,2023-08-09,6950
910861,神州-DR,28,0,28,福勝,2023-08-09,6950
2363,矽統,67,39,28,福勝,2023-08-09,6950
00931B,統一美債20年,23,0,23,福勝,2023-08-09,6950
6274,台燿,25,3,22,福勝,2023-08-09,6950
2891,中信金,20,0,20,福勝,2023-08-09,6950
1612,宏泰,20,1,19,福勝,2023-08-09,6950
2382,廣達,33,14,19,福勝,2023-08-09,6950
3481,群創,20,2,18,福勝,2023-08-09,6950
3324,雙鴻,30,12,18,福勝,2023-08-09,6950
00907,永豐優息存股,15,0,15,福勝,2023-08-09,6950
1605,華新,15,0,15,福勝,2023-08-09,6950
2303,聯電,15,0,15,福勝,2023-08-09,6950
4906,正文,15,0,15,福勝,2023-08-09,6950
4908,前鼎,15,0,15,福勝,2023-08-09,6950
6269,台郡,15,0,15,福勝,2023-08-09,6950
2002,中鋼,14,0,14,福勝,2023-08-09,6950
3071,協禧,14,0,14,福勝,2023-08-09,6950
00679B,元大美債20年,13,0,13,福勝,2023-08-09,6950
2027,大成鋼,13,0,13,福勝,2023-08-09,6950
3045,台灣大,13,0,13,福勝,2023-08-09,6950
2329,華泰,20,8,12,福勝,2023-08-09,6950
6282,康舒,30,19,11,福勝,2023-08-09,6950
1504,東元,15,4,11,福勝,2023-08-09,6950
3027,盛達,11,0,11,福勝,2023-08-09,6950
3188,鑫龍騰,11,0,11,福勝,2023-08-09,6950
1314,中石化,10,0,10,福勝,2023-08-09,6950
00923,群益台ESG低碳50,10,0,10,福勝,2023-08-09,6950
2731,雄獅,11,1,10,福勝,2023-08-09,6950
3047,訊舟,11,1,10,福勝,2023-08-09,6950
4533,協易機,10,0,10,福勝,2023-08-09,6950
4977,眾達-KY,10,0,10,福勝,2023-08-09,6950
6158,禾昌,10,0,10,福勝,2023-08-09,6950
8021,尖點,10,0,10,福勝,2023-08-09,6950
9103,美德醫療-DR,10,0,10,福勝,2023-08-09,6950
00878,國泰永續高股息,32,23,9,福勝,2023-08-09,6950
1402,遠東新,9,0,9,福勝,2023-08-09,6950
1815,富喬,10,1,9,福勝,2023-08-09,6950
2412,中華電,10,1,9,福勝,2023-08-09,6950
2884,玉山金,20,11,9,福勝,2023-08-09,6950
2542,興富發,8,0,8,福勝,2023-08-09,6950
00878,國泰永續高股息,142,11,131,福勝,2023-08-10,6950
2382,廣達,117,16,101,福勝,2023-08-10,6950
3363,上詮,100,0,100,福勝,2023-08-10,6950
0056,元大高股息,90,7,83,福勝,2023-08-10,6950
2610,華航,127,45,82,福勝,2023-08-10,6950
6282,康舒,82,16,66,福勝,2023-08-10,6950
2891,中信金,60,0,60,福勝,2023-08-10,6950
2312,金寶,56,3,53,福勝,2023-08-10,6950
6139,亞翔,53,0,53,福勝,2023-08-10,6950
2329,華泰,50,0,50,福勝,2023-08-10,6950
6116,彩晶,50,0,50,福勝,2023-08-10,6950
00929,復華台灣科技優息,50,3,47,福勝,2023-08-10,6950
5452,佶優,47,0,47,福勝,2023-08-10,6950
00900,富邦特選高股息30,90,44,46,福勝,2023-08-10,6950
2344,華邦電,66,23,43,福勝,2023-08-10,6950
3483,力致,47,7,40,福勝,2023-08-10,6950
6218,豪勉,36,0,36,福勝,2023-08-10,6950
3481,群創,49,14,35,福勝,2023-08-10,6950
8996,高力,35,0,35,福勝,2023-08-10,6950
6712,長聖,30,0,30,福勝,2023-08-10,6950
3231,緯創,40,12,28,福勝,2023-08-10,6950
6125,廣運,35,9,26,福勝,2023-08-10,6950
2409,友達,27,2,25,福勝,2023-08-10,6950
00687B,國泰20年美債,25,0,25,福勝,2023-08-10,6950
2317,鴻海,31,6,25,福勝,2023-08-10,6950
6505,台塑化,25,0,25,福勝,2023-08-10,6950
2402,毅嘉,28,5,23,福勝,2023-08-10,6950
1504,東元,31,8,23,福勝,2023-08-10,6950
1402,遠東新,22,0,22,福勝,2023-08-10,6950
00892,富邦台灣半導體,21,0,21,福勝,2023-08-10,6950
2303,聯電,35,14,21,福勝,2023-08-10,6950
1618,合機,30,10,20,福勝,2023-08-10,6950
2352,佳世達,49,29,20,福勝,2023-08-10,6950
5347,世界,20,0,20,福勝,2023-08-10,6950
6005,群益證,20,0,20,福勝,2023-08-10,6950
6016,康和證,20,0,20,福勝,2023-08-10,6950
5425,台半,21,2,19,福勝,2023-08-10,6950
9907,統一實,19,0,19,福勝,2023-08-10,6950
2609,陽明,21,3,18,福勝,2023-08-10,6950
4938,和碩,19,1,18,福勝,2023-08-10,6950
8183,精星,18,0,18,福勝,2023-08-10,6950
1609,大亞,55,38,17,福勝,2023-08-10,6950
2801,彰銀,16,1,15,福勝,2023-08-10,6950
2369,菱生,20,6,14,福勝,2023-08-10,6950
6605,帝寶,14,0,14,福勝,2023-08-10,6950
6770,力積電,13,0,13,福勝,2023-08-10,6950
2002,中鋼,13,0,13,福勝,2023-08-10,6950
1815,富喬,15,2,13,福勝,2023-08-10,6950
2498,宏達電,15,2,13,福勝,2023-08-10,6950
8050,廣積,19,6,13,福勝,2023-08-10,6950
2888,新光金,301,1,300,福勝,2023-08-11,6950
00929,復華台灣科技優息,217,0,217,福勝,2023-08-11,6950
6116,彩晶,113,0,113,福勝,2023-08-11,6950
6712,長聖,111,0,111,福勝,2023-08-11,6950
1604,聲寶,80,0,80,福勝,2023-08-11,6950
00900,富邦特選高股息30,54,1,53,福勝,2023-08-11,6950
2356,英業達,58,10,48,福勝,2023-08-11,6950
6192,巨路,38,0,38,福勝,2023-08-11,6950
1609,大亞,48,11,37,福勝,2023-08-11,6950
6120,達運,35,0,35,福勝,2023-08-11,6950
2883,凱基金,32,0,32,福勝,2023-08-11,6950
2618,長榮航,62,32,30,福勝,2023-08-11,6950
2312,金寶,36,7,29,福勝,2023-08-11,6950
2440,太空梭,31,4,27,福勝,2023-08-11,6950
2883B,凱基金乙特,25,0,25,福勝,2023-08-11,6950
2897,王道銀行,27,5,22,福勝,2023-08-11,6950
2014,中鴻,23,2,21,福勝,2023-08-11,6950
5225,東科-KY,21,0,21,福勝,2023-08-11,6950
6770,力積電,21,0,21,福勝,2023-08-11,6950
2892,第一金,24,3,21,福勝,2023-08-11,6950
4173,久裕,20,0,20,福勝,2023-08-11,6950
6282,康舒,25,5,20,福勝,2023-08-11,6950
00931B,統一美債20年,19,0,19,福勝,2023-08-11,6950
2409,友達,19,0,19,福勝,2023-08-11,6950
2204,中華,17,0,17,福勝,2023-08-11,6950
2317,鴻海,19,3,16,福勝,2023-08-11,6950
6223,旺矽,16,1,15,福勝,2023-08-11,6950
8112,至上,35,20,15,福勝,2023-08-11,6950
1504,東元,27,14,13,福勝,2023-08-11,6950
2316,楠梓電,16,4,12,福勝,2023-08-11,6950
3019,亞光,12,0,12,福勝,2023-08-11,6950
5347,世界,12,0,12,福勝,2023-08-11,6950
5258,虹堡,11,0,11,福勝,2023-08-11,6950
00795B,中信美國公債20年,11,0,11,福勝,2023-08-11,6950
00923,群益台ESG低碳50,31,20,11,福勝,2023-08-11,6950
1584,精剛,11,0,11,福勝,2023-08-11,6950
2002,中鋼,11,0,11,福勝,2023-08-11,6950
00892,富邦台灣半導體,10,0,10,福勝,2023-08-11,6950
1522,堤維西,10,0,10,福勝,2023-08-11,6950
1701,中化,10,0,10,福勝,2023-08-11,6950
1720,生達,10,0,10,福勝,2023-08-11,6950
1907,永豐餘,10,0,10,福勝,2023-08-11,6950
2397,友通,10,0,10,福勝,2023-08-11,6950
2419,仲琦,15,5,10,福勝,2023-08-11,6950
3673,TPK-KY,10,0,10,福勝,2023-08-11,6950
4764,雙鍵,10,0,10,福勝,2023-08-11,6950
6477,安集,10,0,10,福勝,2023-08-11,6950
6485,點序,10,0,10,福勝,2023-08-11,6950
8021,尖點,10,0,10,福勝,2023-08-11,6950
3231,緯創,36,27,9,福勝,2023-08-11,6950
2344,華邦電,164,1,163,福勝,2023-08-14,6950
2610,華航,181,54,127,福勝,2023-08-14,6950
2618,長榮航,108,6,102,福勝,2023-08-14,6950
3622,洋華,54,2,52,福勝,2023-08-14,6950
2538,基泰,50,0,50,福勝,2023-08-14,6950
6116,彩晶,53,5,48,福勝,2023-08-14,6950
00900,富邦特選高股息30,47,0,47,福勝,2023-08-14,6950
2356,英業達,52,11,41,福勝,2023-08-14,6950
1528,恩德,40,0,40,福勝,2023-08-14,6950
1604,聲寶,40,0,40,福勝,2023-08-14,6950
00929,復華台灣科技優息,38,0,38,福勝,2023-08-14,6950
2014,中鴻,38,0,38,福勝,2023-08-14,6950
2409,友達,38,2,36,福勝,2023-08-14,6950
3481,群創,57,23,34,福勝,2023-08-14,6950
6282,康舒,87,53,34,福勝,2023-08-14,6950
3056,富華新,31,0,31,福勝,2023-08-14,6950
2363,矽統,151,121,30,福勝,2023-08-14,6950
2888,新光金,39,9,30,福勝,2023-08-14,6950
1734,杏輝,30,1,29,福勝,2023-08-14,6950
2609,陽明,47,19,28,福勝,2023-08-14,6950
2633,台灣高鐵,27,0,27,福勝,2023-08-14,6950
00878,國泰永續高股息,60,36,24,福勝,2023-08-14,6950
2460,建通,28,4,24,福勝,2023-08-14,6950
2027,大成鋼,26,4,22,福勝,2023-08-14,6950
2645,長榮航太,20,0,20,福勝,2023-08-14,6950
5457,宣德,20,0,20,福勝,2023-08-14,6950
6869,雲豹能源,20,0,20,福勝,2023-08-14,6950
5880,合庫金,19,0,19,福勝,2023-08-14,6950
2634,漢翔,19,0,19,福勝,2023-08-14,6950
2897,王道銀行,18,0,18,福勝,2023-08-14,6950
00907,永豐優息存股,17,0,17,福勝,2023-08-14,6950
2891,中信金,16,0,16,福勝,2023-08-14,6950
00923,群益台ESG低碳50,16,1,15,福勝,2023-08-14,6950
1905,華紙,15,0,15,福勝,2023-08-14,6950
2359,所羅門,17,2,15,福勝,2023-08-14,6950
2883,凱基金,15,0,15,福勝,2023-08-14,6950
4114,健喬,15,2,13,福勝,2023-08-14,6950
2352,佳世達,44,31,13,福勝,2023-08-14,6950
2884,玉山金,13,0,13,福勝,2023-08-14,6950
2881,富邦金,20,7,13,福勝,2023-08-14,6950
00850,元大臺灣ESG永續,12,0,12,福勝,2023-08-14,6950
1720,生達,12,0,12,福勝,2023-08-14,6950
2882,國泰金,12,0,12,福勝,2023-08-14,6950
3715,定穎投控,14,2,12,福勝,2023-08-14,6950
1227,佳格,11,0,11,福勝,2023-08-14,6950
00751B,元大AAA至A公司債,11,0,11,福勝,2023-08-14,6950
3163,波若威,20,9,11,福勝,2023-08-14,6950
3673,TPK-KY,11,0,11,福勝,2023-08-14,6950
8926,台汽電,11,0,11,福勝,2023-08-14,6950
3231,緯創,38,27,11,福勝,2023-08-14,6950
00929,復華台灣科技優息,265,0,265,福勝,2023-08-15,6950
00923,群益台ESG低碳50,127,0,127,福勝,2023-08-15,6950
00900,富邦特選高股息30,89,9,80,福勝,2023-08-15,6950
2352,佳世達,54,12,42,福勝,2023-08-15,6950
2359,所羅門,44,6,38,福勝,2023-08-15,6950
2312,金寶,48,11,37,福勝,2023-08-15,6950
2883,凱基金,45,10,35,福勝,2023-08-15,6950
4533,協易機,33,0,33,福勝,2023-08-15,6950
1802,台玻,32,0,32,福勝,2023-08-15,6950
2887,台新金,32,0,32,福勝,2023-08-15,6950
00878,國泰永續高股息,64,36,28,福勝,2023-08-15,6950
6770,力積電,28,0,28,福勝,2023-08-15,6950
2382,廣達,43,20,23,福勝,2023-08-15,6950
2363,矽統,61,41,20,福勝,2023-08-15,6950
6158,禾昌,20,0,20,福勝,2023-08-15,6950
00679B,元大美債20年,19,0,19,福勝,2023-08-15,6950
6669,緯穎,18,0,18,福勝,2023-08-15,6950
2027,大成鋼,27,12,15,福勝,2023-08-15,6950
2885,元大金,16,3,13,福勝,2023-08-15,6950
3580,友威科,13,0,13,福勝,2023-08-15,6950
1301,台塑,12,0,12,福勝,2023-08-15,6950
3209,全科,12,0,12,福勝,2023-08-15,6950
2890,永豐金,12,1,11,福勝,2023-08-15,6950
6005,群益證,11,0,11,福勝,2023-08-15,6950
2892,第一金,21,10,11,福勝,2023-08-15,6950
3576,聯合再生,11,0,11,福勝,2023-08-15,6950
00907,永豐優息存股,10,0,10,福勝,2023-08-15,6950
00913,兆豐台灣晶圓製造,10,0,10,福勝,2023-08-15,6950
2883B,凱基金乙特,10,0,10,福勝,2023-08-15,6950
3706,神達,20,10,10,福勝,2023-08-15,6950
4188,安克,10,0,10,福勝,2023-08-15,6950
8039,台虹,10,0,10,福勝,2023-08-15,6950
00882,中信中國高股息,17,8,9,福勝,2023-08-15,6950
2440,太空梭,12,3,9,福勝,2023-08-15,6950
2457,飛宏,11,2,9,福勝,2023-08-15,6950
2498,宏達電,12,3,9,福勝,2023-08-15,6950
2834,臺企銀,9,0,9,福勝,2023-08-15,6950
8222,寶一,9,0,9,福勝,2023-08-15,6950
2317,鴻海,35,27,8,福勝,2023-08-15,6950
1326,台化,8,0,8,福勝,2023-08-15,6950
1312,國喬,8,0,8,福勝,2023-08-15,6950
1907,永豐餘,10,2,8,福勝,2023-08-15,6950
2206,三陽工業,9,2,7,福勝,2023-08-15,6950
3044,健鼎,13,6,7,福勝,2023-08-15,6950
2002,中鋼,7,1,6,福勝,2023-08-15,6950
00881,國泰台灣5G+,6,0,6,福勝,2023-08-15,6950
00888,永豐台灣ESG,6,0,6,福勝,2023-08-15,6950
1101,台泥,6,0,6,福勝,2023-08-15,6950
2408,南亞科,6,0,6,福勝,2023-08-15,6950
2618,長榮航,13,7,6,福勝,2023-08-15,6950
2329,華泰,270,60,210,福勝,2023-08-16,6950
00929,復華台灣科技優息,133,1,132,福勝,2023-08-16,6950
2303,聯電,130,4,126,福勝,2023-08-16,6950
00673R,期元大S＆P原油反1,100,0,100,福勝,2023-08-16,6950
2610,華航,102,19,83,福勝,2023-08-16,6950
1301,台塑,80,0,80,福勝,2023-08-16,6950
6139,亞翔,70,11,59,福勝,2023-08-16,6950
2344,華邦電,55,3,52,福勝,2023-08-16,6950
2618,長榮航,62,15,47,福勝,2023-08-16,6950
00878,國泰永續高股息,67,26,41,福勝,2023-08-16,6950
2538,基泰,40,0,40,福勝,2023-08-16,6950
3706,神達,54,21,33,福勝,2023-08-16,6950
3163,波若威,35,4,31,福勝,2023-08-16,6950
2027,大成鋼,31,6,25,福勝,2023-08-16,6950
1402,遠東新,24,0,24,福勝,2023-08-16,6950
2363,矽統,64,40,24,福勝,2023-08-16,6950
2891,中信金,33,10,23,福勝,2023-08-16,6950
1802,台玻,27,5,22,福勝,2023-08-16,6950
00923,群益台ESG低碳50,22,2,20,福勝,2023-08-16,6950
00900,富邦特選高股息30,19,0,19,福勝,2023-08-16,6950
2332,友訊,20,1,19,福勝,2023-08-16,6950
00772B,中信高評級公司債,16,0,16,福勝,2023-08-16,6950
2206,三陽工業,15,0,15,福勝,2023-08-16,6950
5425,台半,15,1,14,福勝,2023-08-16,6950
2324,仁寶,41,27,14,福勝,2023-08-16,6950
2884,玉山金,13,0,13,福勝,2023-08-16,6950
3581,博磊,15,2,13,福勝,2023-08-16,6950
5880,合庫金,11,0,11,福勝,2023-08-16,6950
1304,台聚,11,0,11,福勝,2023-08-16,6950
00751B,元大AAA至A公司債,11,0,11,福勝,2023-08-16,6950
2634,漢翔,11,0,11,福勝,2023-08-16,6950
2002,中鋼,16,5,11,福勝,2023-08-16,6950
1529,樂事綠能,10,0,10,福勝,2023-08-16,6950
2323,中環,19,9,10,福勝,2023-08-16,6950
2444,兆勁,10,0,10,福勝,2023-08-16,6950
2885,元大金,10,0,10,福勝,2023-08-16,6950
2897,王道銀行,10,0,10,福勝,2023-08-16,6950
3071,協禧,20,10,10,福勝,2023-08-16,6950
4545,銘鈺,10,0,10,福勝,2023-08-16,6950
6120,達運,10,0,10,福勝,2023-08-16,6950
6125,廣運,30,20,10,福勝,2023-08-16,6950
6153,嘉聯益,10,0,10,福勝,2023-08-16,6950
9902,台火,10,0,10,福勝,2023-08-16,6950
00882,中信中國高股息,11,2,9,福勝,2023-08-16,6950
6266,泰詠,9,0,9,福勝,2023-08-16,6950
6275,元山,15,6,9,福勝,2023-08-16,6950
2609,陽明,28,20,8,福勝,2023-08-16,6950
3037,欣興,17,9,8,福勝,2023-08-16,6950
3035,智原,20,12,8,福勝,2023-08-16,6950
2317,鴻海,19,12,7,福勝,2023-08-16,6950
1314,中石化,216,0,216,福勝,2023-08-17,6950
1301,台塑,53,0,53,福勝,2023-08-17,6950
2329,華泰,56,7,49,福勝,2023-08-17,6950
2409,友達,42,4,38,福勝,2023-08-17,6950
6139,亞翔,43,7,36,福勝,2023-08-17,6950
2892,第一金,35,0,35,福勝,2023-08-17,6950
3338,泰碩,33,0,33,福勝,2023-08-17,6950
3231,緯創,81,49,32,福勝,2023-08-17,6950
2883,凱基金,34,3,31,福勝,2023-08-17,6950
2886,兆豐金,30,0,30,福勝,2023-08-17,6950
2618,長榮航,38,10,28,福勝,2023-08-17,6950
2312,金寶,58,31,27,福勝,2023-08-17,6950
5880,合庫金,27,0,27,福勝,2023-08-17,6950
00929,復華台灣科技優息,28,2,26,福勝,2023-08-17,6950
2610,華航,42,18,24,福勝,2023-08-17,6950
2880,華南金,20,0,20,福勝,2023-08-17,6950
3149,正達,20,0,20,福勝,2023-08-17,6950
4944,兆遠,20,0,20,福勝,2023-08-17,6950
8071,能率網通,20,0,20,福勝,2023-08-17,6950
3051,力特,50,31,19,福勝,2023-08-17,6950
3264,欣銓,16,0,16,福勝,2023-08-17,6950
00679B,元大美債20年,27,12,15,福勝,2023-08-17,6950
2441,超豐,15,0,15,福勝,2023-08-17,6950
8069,元太,15,1,14,福勝,2023-08-17,6950
2303,聯電,45,31,14,福勝,2023-08-17,6950
2308,台達電,13,0,13,福勝,2023-08-17,6950
2897,王道銀行,13,0,13,福勝,2023-08-17,6950
1303,南亞,12,0,12,福勝,2023-08-17,6950
6120,達運,12,0,12,福勝,2023-08-17,6950
9906,欣巴巴,12,0,12,福勝,2023-08-17,6950
00882,中信中國高股息,11,0,11,福勝,2023-08-17,6950
2884,玉山金,13,2,11,福勝,2023-08-17,6950
3013,晟銘電,13,2,11,福勝,2023-08-17,6950
00772B,中信高評級公司債,10,0,10,福勝,2023-08-17,6950
00923,群益台ESG低碳50,10,0,10,福勝,2023-08-17,6950
00903,富邦元宇宙,10,0,10,福勝,2023-08-17,6950
00642U,期元大S＆P石油,10,0,10,福勝,2023-08-17,6950
2030,彰源,10,0,10,福勝,2023-08-17,6950
2338,光罩,12,2,10,福勝,2023-08-17,6950
2355,敬鵬,11,1,10,福勝,2023-08-17,6950
2731,雄獅,10,0,10,福勝,2023-08-17,6950
3003,健和興,10,0,10,福勝,2023-08-17,6950
3027,盛達,10,0,10,福勝,2023-08-17,6950
3489,森寶,10,0,10,福勝,2023-08-17,6950
4934,太極,11,2,9,福勝,2023-08-17,6950
5347,世界,9,0,9,福勝,2023-08-17,6950
8050,廣積,15,6,9,福勝,2023-08-17,6950
1504,東元,15,7,8,福勝,2023-08-17,6950
2014,中鴻,8,0,8,福勝,2023-08-17,6950
2421,建準,15,7,8,福勝,2023-08-17,6950
4906,正文,100,6,94,福勝,2023-08-18,6950
2324,仁寶,99,33,66,福勝,2023-08-18,6950
3231,緯創,123,62,61,福勝,2023-08-18,6950
00753L,中信中國50正2,52,0,52,福勝,2023-08-18,6950
8034,榮群,50,0,50,福勝,2023-08-18,6950
2409,友達,44,0,44,福勝,2023-08-18,6950
2363,矽統,103,64,39,福勝,2023-08-18,6950
2495,普安,37,0,37,福勝,2023-08-18,6950
00712,復華富時不動產,35,0,35,福勝,2023-08-18,6950
2609,陽明,49,18,31,福勝,2023-08-18,6950
2855,統一證,30,0,30,福勝,2023-08-18,6950
6138,茂達,37,7,30,福勝,2023-08-18,6950
2641,正德,32,3,29,福勝,2023-08-18,6950
0056,元大高股息,35,7,28,福勝,2023-08-18,6950
2344,華邦電,31,5,26,福勝,2023-08-18,6950
2402,毅嘉,42,16,26,福勝,2023-08-18,6950
00923,群益台ESG低碳50,25,0,25,福勝,2023-08-18,6950
2332,友訊,77,52,25,福勝,2023-08-18,6950
4973,廣穎,25,0,25,福勝,2023-08-18,6950
3038,全台,24,0,24,福勝,2023-08-18,6950
6282,康舒,33,10,23,福勝,2023-08-18,6950
2356,英業達,61,41,20,福勝,2023-08-18,6950
00637L,元大滬深300正2,20,0,20,福勝,2023-08-18,6950
00664R,國泰臺灣加權反1,20,0,20,福勝,2023-08-18,6950
2460,建通,20,0,20,福勝,2023-08-18,6950
6005,群益證,20,0,20,福勝,2023-08-18,6950
6116,彩晶,20,0,20,福勝,2023-08-18,6950
3056,富華新,22,3,19,福勝,2023-08-18,6950
2889,國票金,18,0,18,福勝,2023-08-18,6950
5439,高技,17,0,17,福勝,2023-08-18,6950
6158,禾昌,16,0,16,福勝,2023-08-18,6950
1301,台塑,14,0,14,福勝,2023-08-18,6950
1810,和成,14,0,14,福勝,2023-08-18,6950
1402,遠東新,12,0,12,福勝,2023-08-18,6950
1319,東陽,14,3,11,福勝,2023-08-18,6950
1471,首利,32,21,11,福勝,2023-08-18,6950
2441,超豐,11,0,11,福勝,2023-08-18,6950
2883,凱基金,11,0,11,福勝,2023-08-18,6950
6125,廣運,38,27,11,福勝,2023-08-18,6950
1440,南紡,10,0,10,福勝,2023-08-18,6950
1326,台化,10,0,10,福勝,2023-08-18,6950
00877,復華中國5G,10,0,10,福勝,2023-08-18,6950
2031,新光鋼,10,0,10,福勝,2023-08-18,6950
2305,全友,10,0,10,福勝,2023-08-18,6950
3078,僑威,15,5,10,福勝,2023-08-18,6950
6231,系微,10,0,10,福勝,2023-08-18,6950
6573,虹揚-KY,10,0,10,福勝,2023-08-18,6950
9103,美德醫療-DR,10,0,10,福勝,2023-08-18,6950
6163,華電網,10,1,9,福勝,2023-08-18,6950
5340,建榮,10,1,9,福勝,2023-08-18,6950
2332,友訊,500,47,453,福勝,2023-08-21,6950
6285,啟��,122,8,114,福勝,2023-08-21,6950
00637L,元大滬深300正2,80,0,80,福勝,2023-08-21,6950
5512,力麒,59,0,59,福勝,2023-08-21,6950
00929,復華台灣科技優息,41,2,39,福勝,2023-08-21,6950
2328,廣宇,40,4,36,福勝,2023-08-21,6950
2344,華邦電,34,0,34,福勝,2023-08-21,6950
6116,彩晶,44,10,34,福勝,2023-08-21,6950
00878,國泰永續高股息,26,1,25,福勝,2023-08-21,6950
2301,光寶科,28,3,25,福勝,2023-08-21,6950
00882,中信中國高股息,22,0,22,福勝,2023-08-21,6950
3013,晟銘電,25,3,22,福勝,2023-08-21,6950
2329,華泰,28,10,18,福勝,2023-08-21,6950
3056,富華新,18,0,18,福勝,2023-08-21,6950
4102,永日,17,0,17,福勝,2023-08-21,6950
00885,富邦越南,21,7,14,福勝,2023-08-21,6950
2330,台積電,13,0,13,福勝,2023-08-21,6950
2883B,凱基金乙特,13,0,13,福勝,2023-08-21,6950
2324,仁寶,42,30,12,福勝,2023-08-21,6950
2356,英業達,32,20,12,福勝,2023-08-21,6950
00900,富邦特選高股息30,11,0,11,福勝,2023-08-21,6950
2359,所羅門,17,6,11,福勝,2023-08-21,6950
00902,中信電池及儲能,10,0,10,福勝,2023-08-21,6950
00751B,元大AAA至A公司債,10,0,10,福勝,2023-08-21,6950
00633L,富邦上証正2,10,0,10,福勝,2023-08-21,6950
1301,台塑,10,0,10,福勝,2023-08-21,6950
2337,旺宏,10,0,10,福勝,2023-08-21,6950
2385,群光,11,1,10,福勝,2023-08-21,6950
2913,農林,10,0,10,福勝,2023-08-21,6950
6770,力積電,12,2,10,福勝,2023-08-21,6950
9927,泰銘,10,0,10,福勝,2023-08-21,6950
2393,億光,9,0,9,福勝,2023-08-21,6950
2516,新建,10,1,9,福勝,2023-08-21,6950
6139,亞翔,15,6,9,福勝,2023-08-21,6950
1471,首利,23,15,8,福勝,2023-08-21,6950
1444,力麗,8,0,8,福勝,2023-08-21,6950
2402,毅嘉,17,9,8,福勝,2023-08-21,6950
2617,台航,8,0,8,福勝,2023-08-21,6950
3308,聯德,11,3,8,福勝,2023-08-21,6950
2606,裕民,23,15,8,福勝,2023-08-21,6950
2887,台新金,10,3,7,福勝,2023-08-21,6950
1218,泰山,7,1,6,福勝,2023-08-21,6950
0050,元大台灣50,6,0,6,福勝,2023-08-21,6950
2323,中環,16,10,6,福勝,2023-08-21,6950
2441,超豐,6,0,6,福勝,2023-08-21,6950
3048,益登,6,0,6,福勝,2023-08-21,6950
5234,達興材料,8,2,6,福勝,2023-08-21,6950
5347,世界,8,2,6,福勝,2023-08-21,6950
6257,矽格,11,5,6,福勝,2023-08-21,6950
8930,青鋼,6,0,6,福勝,2023-08-21,6950
6116,彩晶,137,11,126,福勝,2023-08-22,6950
2809,京城銀,88,0,88,福勝,2023-08-22,6950
2382,廣達,83,17,66,福勝,2023-08-22,6950
2324,仁寶,85,20,65,福勝,2023-08-22,6950
3363,上詮,60,0,60,福勝,2023-08-22,6950
1301,台塑,58,0,58,福勝,2023-08-22,6950
6282,康舒,37,0,37,福勝,2023-08-22,6950
2002,中鋼,29,0,29,福勝,2023-08-22,6950
2409,友達,30,2,28,福勝,2023-08-22,6950
00929,復華台灣科技優息,27,0,27,福勝,2023-08-22,6950
2363,矽統,87,62,25,福勝,2023-08-22,6950
2356,英業達,43,22,21,福勝,2023-08-22,6950
1604,聲寶,20,0,20,福勝,2023-08-22,6950
2323,中環,25,5,20,福勝,2023-08-22,6950
2883,凱基金,24,4,20,福勝,2023-08-22,6950
2897,王道銀行,20,0,20,福勝,2023-08-22,6950
4934,太極,20,0,20,福勝,2023-08-22,6950
1513,中興電,17,0,17,福勝,2023-08-22,6950
2460,建通,17,0,17,福勝,2023-08-22,6950
2645,長榮航太,16,0,16,福勝,2023-08-22,6950
2359,所羅門,20,5,15,福勝,2023-08-22,6950
3163,波若威,34,20,14,福勝,2023-08-22,6950
3689,湧德,14,0,14,福勝,2023-08-22,6950
4746,台耀,16,2,14,福勝,2023-08-22,6950
3567,逸昌,13,0,13,福勝,2023-08-22,6950
00915,凱基優選高股息30,12,0,12,福勝,2023-08-22,6950
2401,凌陽,13,1,12,福勝,2023-08-22,6950
4979,華星光,13,1,12,福勝,2023-08-22,6950
3231,緯創,44,32,12,福勝,2023-08-22,6950
3035,智原,19,8,11,福勝,2023-08-22,6950
3013,晟銘電,20,9,11,福勝,2023-08-22,6950
00720B,元大投資級公司債,10,0,10,福勝,2023-08-22,6950
1529,樂事綠能,10,0,10,福勝,2023-08-22,6950
2542,興富發,10,0,10,福勝,2023-08-22,6950
3317,尼克森,10,0,10,福勝,2023-08-22,6950
8222,寶一,10,0,10,福勝,2023-08-22,6950
00679B,元大美債20年,9,0,9,福勝,2023-08-22,6950
2891,中信金,9,0,9,福勝,2023-08-22,6950
1905,華紙,9,0,9,福勝,2023-08-22,6950
2305,全友,11,2,9,福勝,2023-08-22,6950
9105,泰金寶-DR,8,0,8,福勝,2023-08-22,6950
00712,復華富時不動產,10,2,8,福勝,2023-08-22,6950
2882,國泰金,8,0,8,福勝,2023-08-22,6950
3380,明泰,8,0,8,福勝,2023-08-22,6950
5608,四維航,8,0,8,福勝,2023-08-22,6950
1303,南亞,7,0,7,福勝,2023-08-22,6950
2371,大同,7,0,7,福勝,2023-08-22,6950
2421,建準,20,13,7,福勝,2023-08-22,6950
00888,永豐台灣ESG,6,0,6,福勝,2023-08-22,6950
1783,和康生,6,0,6,福勝,2023-08-22,6950
00712,復華富時不動產,105,0,105,福勝,2023-08-23,6950
2610,華航,108,10,98,福勝,2023-08-23,6950
6282,康舒,144,76,68,福勝,2023-08-23,6950
00929,復華台灣科技優息,67,2,65,福勝,2023-08-23,6950
1604,聲寶,60,0,60,福勝,2023-08-23,6950
2382,廣達,69,11,58,福勝,2023-08-23,6950
4960,誠美材,47,5,42,福勝,2023-08-23,6950
5452,佶優,40,0,40,福勝,2023-08-23,6950
3051,力特,53,14,39,福勝,2023-08-23,6950
2883,凱基金,38,0,38,福勝,2023-08-23,6950
1402,遠東新,34,0,34,福勝,2023-08-23,6950
2332,友訊,38,4,34,福勝,2023-08-23,6950
2618,長榮航,46,13,33,福勝,2023-08-23,6950
1434,福懋,32,0,32,福勝,2023-08-23,6950
3056,富華新,31,0,31,福勝,2023-08-23,6950
2204,中華,30,0,30,福勝,2023-08-23,6950
2301,光寶科,34,9,25,福勝,2023-08-23,6950
2885,元大金,21,0,21,福勝,2023-08-23,6950
00633L,富邦上証正2,20,0,20,福勝,2023-08-23,6950
2460,建通,20,0,20,福勝,2023-08-23,6950
2609,陽明,19,3,16,福勝,2023-08-23,6950
6231,系微,16,0,16,福勝,2023-08-23,6950
3308,聯德,15,0,15,福勝,2023-08-23,6950
2409,友達,14,0,14,福勝,2023-08-23,6950
2542,興富發,24,10,14,福勝,2023-08-23,6950
2615,萬海,24,12,12,福勝,2023-08-23,6950
2303,聯電,13,2,11,福勝,2023-08-23,6950
5347,世界,11,0,11,福勝,2023-08-23,6950
8069,元太,11,0,11,福勝,2023-08-23,6950
00795B,中信美國公債20年,10,0,10,福勝,2023-08-23,6950
2002,中鋼,12,2,10,福勝,2023-08-23,6950
2429,銘旺科,10,0,10,福勝,2023-08-23,6950
2820,華票,10,0,10,福勝,2023-08-23,6950
3325,旭品,14,4,10,福勝,2023-08-23,6950
3652,精聯,10,0,10,福勝,2023-08-23,6950
6153,嘉聯益,10,0,10,福勝,2023-08-23,6950
9950,萬國通,10,0,10,福勝,2023-08-23,6950
2408,南亞科,9,0,9,福勝,2023-08-23,6950
3704,合勤控,10,1,9,福勝,2023-08-23,6950
4979,華星光,12,3,9,福勝,2023-08-23,6950
6168,宏齊,9,0,9,福勝,2023-08-23,6950
3264,欣銓,20,12,8,福勝,2023-08-23,6950
4142,國光生,8,0,8,福勝,2023-08-23,6950
6234,高僑,10,2,8,福勝,2023-08-23,6950
1519,華城,9,2,7,福勝,2023-08-23,6950
2897,王道銀行,7,0,7,福勝,2023-08-23,6950
5344,立衛,7,0,7,福勝,2023-08-23,6950
2881,富邦金,7,1,6,福勝,2023-08-23,6950
00882,中信中國高股息,6,0,6,福勝,2023-08-23,6950
00902,中信電池及儲能,6,0,6,福勝,2023-08-23,6950
00929,復華台灣科技優息,180,8,172,福勝,2023-08-24,6950
2867,三商壽,100,0,100,福勝,2023-08-24,6950
1471,首利,56,10,46,福勝,2023-08-24,6950
00715L,期街口布蘭特正2,40,0,40,福勝,2023-08-24,6950
1604,聲寶,37,0,37,福勝,2023-08-24,6950
2363,矽統,126,90,36,福勝,2023-08-24,6950
3231,緯創,112,76,36,福勝,2023-08-24,6950
2324,仁寶,55,24,31,福勝,2023-08-24,6950
3062,建漢,31,0,31,福勝,2023-08-24,6950
1301,台塑,30,0,30,福勝,2023-08-24,6950
3581,博磊,30,0,30,福勝,2023-08-24,6950
6770,力積電,53,24,29,福勝,2023-08-24,6950
2634,漢翔,56,31,25,福勝,2023-08-24,6950
2897,王道銀行,25,0,25,福勝,2023-08-24,6950
1402,遠東新,24,0,24,福勝,2023-08-24,6950
00919,群益台灣精選高息,34,10,24,福勝,2023-08-24,6950
00902,中信電池及儲能,20,0,20,福勝,2023-08-24,6950
00676R,富邦臺灣加權反1,20,0,20,福勝,2023-08-24,6950
00632R,元大台灣50反1,20,0,20,福勝,2023-08-24,6950
2002,中鋼,21,1,20,福勝,2023-08-24,6950
4510,高鋒,20,0,20,福勝,2023-08-24,6950
4542,科嶠,20,0,20,福勝,2023-08-24,6950
5452,佶優,20,0,20,福勝,2023-08-24,6950
9927,泰銘,20,0,20,福勝,2023-08-24,6950
6117,迎廣,30,11,19,福勝,2023-08-24,6950
00637L,元大滬深300正2,20,3,17,福勝,2023-08-24,6950
6231,系微,20,3,17,福勝,2023-08-24,6950
2883,凱基金,26,10,16,福勝,2023-08-24,6950
2609,陽明,34,19,15,福勝,2023-08-24,6950
3325,旭品,15,1,14,福勝,2023-08-24,6950
00795B,中信美國公債20年,12,0,12,福勝,2023-08-24,6950
2329,華泰,33,21,12,福勝,2023-08-24,6950
2399,映泰,13,1,12,福勝,2023-08-24,6950
2606,裕民,12,1,11,福勝,2023-08-24,6950
9904,寶成,11,0,11,福勝,2023-08-24,6950
1612,宏泰,10,0,10,福勝,2023-08-24,6950
2409,友達,10,0,10,福勝,2023-08-24,6950
2886,兆豐金,10,0,10,福勝,2023-08-24,6950
3056,富華新,10,0,10,福勝,2023-08-24,6950
4207,環泰,10,0,10,福勝,2023-08-24,6950
4960,誠美材,50,40,10,福勝,2023-08-24,6950
5483,中美晶,10,0,10,福勝,2023-08-24,6950
6104,創惟,10,0,10,福勝,2023-08-24,6950
6223,旺矽,10,0,10,福勝,2023-08-24,6950
6470,宇智,10,0,10,福勝,2023-08-24,6950
1101,台泥,12,2,10,福勝,2023-08-24,6950
6274,台燿,18,9,9,福勝,2023-08-24,6950
2356,英業達,38,30,8,福勝,2023-08-24,6950
2359,所羅門,15,7,8,福勝,2023-08-24,6950
2637,慧洋-KY,8,0,8,福勝,2023-08-24,6950
00929,復華台灣科技優息,284,22,262,福勝,2023-08-25,6950
00878,國泰永續高股息,221,64,157,福勝,2023-08-25,6950
00900,富邦特選高股息30,132,0,132,福勝,2023-08-25,6950
3231,緯創,129,16,113,福勝,2023-08-25,6950
00919,群益台灣精選高息,54,0,54,福勝,2023-08-25,6950
2399,映泰,40,0,40,福勝,2023-08-25,6950
2610,華航,58,18,40,福勝,2023-08-25,6950
3363,上詮,40,0,40,福勝,2023-08-25,6950
0056,元大高股息,35,0,35,福勝,2023-08-25,6950
9945,潤泰新,42,8,34,福勝,2023-08-25,6950
2324,仁寶,42,8,34,福勝,2023-08-25,6950
2344,華邦電,31,0,31,福勝,2023-08-25,6950
2706,第一店,32,1,31,福勝,2023-08-25,6950
3056,富華新,30,0,30,福勝,2023-08-25,6950
2634,漢翔,61,35,26,福勝,2023-08-25,6950
6191,精成科,27,3,24,福勝,2023-08-25,6950
2332,友訊,43,20,23,福勝,2023-08-25,6950
2356,英業達,41,19,22,福勝,2023-08-25,6950
2337,旺宏,22,0,22,福勝,2023-08-25,6950
2618,長榮航,22,0,22,福勝,2023-08-25,6950
2363,矽統,51,30,21,福勝,2023-08-25,6950
9942,茂順,22,1,21,福勝,2023-08-25,6950
00753L,中信中國50正2,20,0,20,福勝,2023-08-25,6950
00637L,元大滬深300正2,20,0,20,福勝,2023-08-25,6950
00664R,國泰臺灣加權反1,20,0,20,福勝,2023-08-25,6950
2460,建通,20,0,20,福勝,2023-08-25,6950
5347,世界,21,1,20,福勝,2023-08-25,6950
3234,光環,20,3,17,福勝,2023-08-25,6950
8234,新漢,15,0,15,福勝,2023-08-25,6950
2353,宏��,32,17,15,福勝,2023-08-25,6950
5880,合庫金,15,0,15,福勝,2023-08-25,6950
4979,華星光,18,5,13,福勝,2023-08-25,6950
8011,台通,13,0,13,福勝,2023-08-25,6950
2301,光寶科,16,4,12,福勝,2023-08-25,6950
1218,泰山,12,0,12,福勝,2023-08-25,6950
1604,聲寶,12,0,12,福勝,2023-08-25,6950
2486,一詮,13,1,12,福勝,2023-08-25,6950
2303,聯電,14,2,12,福勝,2023-08-25,6950
2330,台積電,11,0,11,福勝,2023-08-25,6950
00902,中信電池及儲能,11,0,11,福勝,2023-08-25,6950
2485,兆赫,22,11,11,福勝,2023-08-25,6950
8033,雷虎,17,6,11,福勝,2023-08-25,6950
00642U,期元大S＆P石油,10,0,10,福勝,2023-08-25,6950
00706L,期元大S＆P日圓正2,10,0,10,福勝,2023-08-25,6950
00713,元大台灣高息低波,10,0,10,福勝,2023-08-25,6950
00893,國泰智能電動車,10,0,10,福勝,2023-08-25,6950
3037,欣興,12,2,10,福勝,2023-08-25,6950
3055,蔚華科,10,0,10,福勝,2023-08-25,6950
4707,磐亞,10,0,10,福勝,2023-08-25,6950
8227,巨有科技,10,0,10,福勝,2023-08-25,6950
00929,復華台灣科技優息,177,14,163,福勝,2023-08-28,6950
00893,國泰智能電動車,100,4,96,福勝,2023-08-28,6950
2610,華航,98,6,92,福勝,2023-08-28,6950
3481,群創,84,5,79,福勝,2023-08-28,6950
00919,群益台灣精選高息,61,2,59,福勝,2023-08-28,6950
2634,漢翔,95,41,54,福勝,2023-08-28,6950
2401,凌陽,54,1,53,福勝,2023-08-28,6950
2885,元大金,49,1,48,福勝,2023-08-28,6950
00633L,富邦上証正2,40,0,40,福勝,2023-08-28,6950
3308,聯德,40,4,36,福勝,2023-08-28,6950
6005,群益證,30,0,30,福勝,2023-08-28,6950
00878,國泰永續高股息,39,11,28,福勝,2023-08-28,6950
3071,協禧,26,0,26,福勝,2023-08-28,6950
6770,力積電,29,4,25,福勝,2023-08-28,6950
4906,正文,52,28,24,福勝,2023-08-28,6950
1402,遠東新,24,1,23,福勝,2023-08-28,6950
3665,貿聯-KY,23,1,22,福勝,2023-08-28,6950
6125,廣運,22,1,21,福勝,2023-08-28,6950
8423,保綠-KY,20,0,20,福勝,2023-08-28,6950
3059,華晶科,19,0,19,福勝,2023-08-28,6950
3004,豐達科,20,3,17,福勝,2023-08-28,6950
3051,力特,19,3,16,福勝,2023-08-28,6950
1708,東鹼,15,0,15,福勝,2023-08-28,6950
2723,美食-KY,15,0,15,福勝,2023-08-28,6950
3231,緯創,52,38,14,福勝,2023-08-28,6950
2402,毅嘉,38,24,14,福勝,2023-08-28,6950
1210,大成,13,0,13,福勝,2023-08-28,6950
3037,欣興,19,7,12,福勝,2023-08-28,6950
6139,亞翔,13,1,12,福勝,2023-08-28,6950
6168,宏齊,12,0,12,福勝,2023-08-28,6950
2388,威盛,12,1,11,福勝,2023-08-28,6950
00713,元大台灣高息低波,11,0,11,福勝,2023-08-28,6950
2419,仲琦,21,10,11,福勝,2023-08-28,6950
1604,聲寶,10,0,10,福勝,2023-08-28,6950
1815,富喬,10,0,10,福勝,2023-08-28,6950
2317,鴻海,11,1,10,福勝,2023-08-28,6950
2369,菱生,10,0,10,福勝,2023-08-28,6950
3702,大聯大,10,0,10,福勝,2023-08-28,6950
4142,國光生,11,1,10,福勝,2023-08-28,6950
4164,承業醫,10,0,10,福勝,2023-08-28,6950
4510,高鋒,10,0,10,福勝,2023-08-28,6950
6664,群翊,10,0,10,福勝,2023-08-28,6950
8071,能率網通,10,0,10,福勝,2023-08-28,6950
8996,高力,10,0,10,福勝,2023-08-28,6950
6282,康舒,31,21,10,福勝,2023-08-28,6950
1101,台泥,12,2,10,福勝,2023-08-28,6950
2363,矽統,24,15,9,福勝,2023-08-28,6950
1513,中興電,13,4,9,福勝,2023-08-28,6950
2516,新建,10,1,9,福勝,2023-08-28,6950
2630,亞航,13,4,9,福勝,2023-08-28,6950
00900,富邦特選高股息30,128,0,128,福勝,2023-08-29,6950
6770,力積電,66,0,66,福勝,2023-08-29,6950
00929,復華台灣科技優息,49,2,47,福勝,2023-08-29,6950
2303,聯電,42,1,41,福勝,2023-08-29,6950
3231,緯創,61,27,34,福勝,2023-08-29,6950
2002,中鋼,33,2,31,福勝,2023-08-29,6950
1471,首利,35,5,30,福勝,2023-08-29,6950
2317,鴻海,35,8,27,福勝,2023-08-29,6950
4510,高鋒,25,0,25,福勝,2023-08-29,6950
2618,長榮航,28,4,24,福勝,2023-08-29,6950
2324,仁寶,35,11,24,福勝,2023-08-29,6950
2606,裕民,22,0,22,福勝,2023-08-29,6950
2614,東森,20,0,20,福勝,2023-08-29,6950
2634,漢翔,39,21,18,福勝,2023-08-29,6950
3011,今皓,20,2,18,福勝,2023-08-29,6950
00878,國泰永續高股息,16,0,16,福勝,2023-08-29,6950
2312,金寶,24,10,14,福勝,2023-08-29,6950
5009,榮剛,19,5,14,福勝,2023-08-29,6950
6222,上揚,13,0,13,福勝,2023-08-29,6950
4533,協易機,17,5,12,福勝,2023-08-29,6950
6282,康舒,15,3,12,福勝,2023-08-29,6950
2892,第一金,11,0,11,福勝,2023-08-29,6950
8050,廣積,11,0,11,福勝,2023-08-29,6950
9919,康那香,11,0,11,福勝,2023-08-29,6950
2331,精英,12,2,10,福勝,2023-08-29,6950
1604,聲寶,10,0,10,福勝,2023-08-29,6950
00919,群益台灣精選高息,10,0,10,福勝,2023-08-29,6950
00892,富邦台灣半導體,10,0,10,福勝,2023-08-29,6950
1709,和益,10,0,10,福勝,2023-08-29,6950
2885,元大金,12,2,10,福勝,2023-08-29,6950
2891,中信金,10,0,10,福勝,2023-08-29,6950
3042,晶技,13,3,10,福勝,2023-08-29,6950
3702,大聯大,10,0,10,福勝,2023-08-29,6950
4944,兆遠,10,0,10,福勝,2023-08-29,6950
5880,合庫金,10,0,10,福勝,2023-08-29,6950
8069,元太,10,0,10,福勝,2023-08-29,6950
1905,華紙,9,0,9,福勝,2023-08-29,6950
2329,華泰,28,19,9,福勝,2023-08-29,6950
3163,波若威,15,6,9,福勝,2023-08-29,6950
6104,創惟,17,8,9,福勝,2023-08-29,6950
2328,廣宇,8,0,8,福勝,2023-08-29,6950
2449,京元電子,11,3,8,福勝,2023-08-29,6950
2888,新光金,13,5,8,福勝,2023-08-29,6950
0056,元大高股息,8,0,8,福勝,2023-08-29,6950
2027,大成鋼,12,5,7,福勝,2023-08-29,6950
3308,聯德,7,0,7,福勝,2023-08-29,6950
5347,世界,9,2,7,福勝,2023-08-29,6950
6163,華電網,7,0,7,福勝,2023-08-29,6950
3481,群創,10,4,6,福勝,2023-08-29,6950
2356,英業達,17,11,6,福勝,2023-08-29,6950
2538,基泰,63,0,63,福勝,2023-08-30,6950
2618,長榮航,45,3,42,福勝,2023-08-30,6950
1604,聲寶,41,0,41,福勝,2023-08-30,6950
2455,全新,42,4,38,福勝,2023-08-30,6950
2356,英業達,37,7,30,福勝,2023-08-30,6950
00929,復華台灣科技優息,27,3,24,福勝,2023-08-30,6950
5009,榮剛,22,0,22,福勝,2023-08-30,6950
6116,彩晶,22,0,22,福勝,2023-08-30,6950
00900,富邦特選高股息30,20,0,20,福勝,2023-08-30,6950
2606,裕民,20,0,20,福勝,2023-08-30,6950
6126,信音,20,0,20,福勝,2023-08-30,6950
1609,大亞,21,2,19,福勝,2023-08-30,6950
9934,成霖,17,0,17,福勝,2023-08-30,6950
2382,廣達,35,20,15,福勝,2023-08-30,6950
6669,緯穎,14,0,14,福勝,2023-08-30,6950
6191,精成科,13,0,13,福勝,2023-08-30,6950
2884,玉山金,12,0,12,福勝,2023-08-30,6950
2392,正崴,14,3,11,福勝,2023-08-30,6950
00712,復華富時不動產,10,0,10,福勝,2023-08-30,6950
2332,友訊,12,2,10,福勝,2023-08-30,6950
4510,高鋒,10,0,10,福勝,2023-08-30,6950
5452,佶優,10,0,10,福勝,2023-08-30,6950
3455,由田,9,0,9,福勝,2023-08-30,6950
1513,中興電,10,1,9,福勝,2023-08-30,6950
1471,首利,21,12,9,福勝,2023-08-30,6950
3056,富華新,10,1,9,福勝,2023-08-30,6950
00882,中信中國高股息,8,0,8,福勝,2023-08-30,6950
1903,士紙,10,2,8,福勝,2023-08-30,6950
2324,仁寶,20,12,8,福勝,2023-08-30,6950
2610,華航,9,1,8,福勝,2023-08-30,6950
2634,漢翔,21,13,8,福勝,2023-08-30,6950
6274,台燿,10,2,8,福勝,2023-08-30,6950
6443,元晶,44,36,8,福勝,2023-08-30,6950
1529,樂事綠能,10,3,7,福勝,2023-08-30,6950
2344,華邦電,32,25,7,福勝,2023-08-30,6950
3689,湧德,7,0,7,福勝,2023-08-30,6950
4979,華星光,11,4,7,福勝,2023-08-30,6950
1568,倉佑,6,0,6,福勝,2023-08-30,6950
1815,富喬,6,0,6,福勝,2023-08-30,6950
2390,云辰,6,0,6,福勝,2023-08-30,6950
2495,普安,8,2,6,福勝,2023-08-30,6950
6282,康舒,8,2,6,福勝,2023-08-30,6950
2301,光寶科,7,2,5,福勝,2023-08-30,6950
1337,再生-KY,5,0,5,福勝,2023-08-30,6950
00905,FT臺灣Smart,5,0,5,福勝,2023-08-30,6950
2367,燿華,6,1,5,福勝,2023-08-30,6950
3308,聯德,6,1,5,福勝,2023-08-30,6950
3312,弘憶股,5,0,5,福勝,2023-08-30,6950
3588,通嘉,5,0,5,福勝,2023-08-30,6950
3710,連展投控,5,0,5,福勝,2023-08-30,6950
3481,群創,83,6,77,福勝,2023-08-31,6950
1802,台玻,108,32,76,福勝,2023-08-31,6950
2618,長榮航,181,114,67,福勝,2023-08-31,6950
2355,敬鵬,53,0,53,福勝,2023-08-31,6950
2538,基泰,44,0,44,福勝,2023-08-31,6950
2324,仁寶,57,16,41,福勝,2023-08-31,6950
2337,旺宏,41,8,33,福勝,2023-08-31,6950
3715,定穎投控,38,5,33,福勝,2023-08-31,6950
3338,泰碩,31,0,31,福勝,2023-08-31,6950
2867,三商壽,30,0,30,福勝,2023-08-31,6950
6167,久正,23,1,22,福勝,2023-08-31,6950
2511,太子,21,0,21,福勝,2023-08-31,6950
6418,詠昇,20,0,20,福勝,2023-08-31,6950
00878,國泰永續高股息,33,15,18,福勝,2023-08-31,6950
2887,台新金,17,0,17,福勝,2023-08-31,6950
2329,華泰,23,8,15,福勝,2023-08-31,6950
6163,華電網,15,0,15,福勝,2023-08-31,6950
2460,建通,14,0,14,福勝,2023-08-31,6950
2888,新光金,14,0,14,福勝,2023-08-31,6950
1101,台泥,14,1,13,福勝,2023-08-31,6950
2834,臺企銀,13,0,13,福勝,2023-08-31,6950
2303,聯電,26,14,12,福勝,2023-08-31,6950
1217,愛之味,12,0,12,福勝,2023-08-31,6950
2890,永豐金,12,0,12,福勝,2023-08-31,6950
4933,友輝,14,2,12,福勝,2023-08-31,6950
1612,宏泰,17,6,11,福勝,2023-08-31,6950
3094,聯傑,12,1,11,福勝,2023-08-31,6950
3325,旭品,11,0,11,福勝,2023-08-31,6950
5880,合庫金,11,0,11,福勝,2023-08-31,6950
8088,品安,15,4,11,福勝,2023-08-31,6950
8089,康全電訊,11,0,11,福勝,2023-08-31,6950
2208,台船,10,0,10,福勝,2023-08-31,6950
2367,燿華,21,11,10,福勝,2023-08-31,6950
2409,友達,10,0,10,福勝,2023-08-31,6950
6160,欣技,10,0,10,福勝,2023-08-31,6950
2485,兆赫,24,15,9,福勝,2023-08-31,6950
6282,康舒,23,14,9,福勝,2023-08-31,6950
2892,第一金,8,0,8,福勝,2023-08-31,6950
4968,立積,10,2,8,福勝,2023-08-31,6950
00722B,群益投資級電信債,8,0,8,福勝,2023-08-31,6950
5381,合正,12,4,8,福勝,2023-08-31,6950
6188,廣明,22,14,8,福勝,2023-08-31,6950
3149,正達,8,1,7,福勝,2023-08-31,6950
2405,輔信,6,0,6,福勝,2023-08-31,6950
3022,威強電,6,0,6,福勝,2023-08-31,6950
3438,類比科,7,1,6,福勝,2023-08-31,6950
0050,元大台灣50,5,0,5,福勝,2023-08-31,6950
1303,南亞,5,0,5,福勝,2023-08-31,6950
2882,國泰金,5,0,5,福勝,2023-08-31,6950
3706,神達,22,17,5,福勝,2023-08-31,6950
3231,緯創,174,23,151,福勝,2023-09-01,6950
1604,聲寶,130,0,130,福勝,2023-09-01,6950
00932,兆豐永續高息等權,102,0,102,福勝,2023-09-01,6950
2356,英業達,115,29,86,福勝,2023-09-01,6950
00929,復華台灣科技優息,86,9,77,福勝,2023-09-01,6950
00919,群益台灣精選高息,75,7,68,福勝,2023-09-01,6950
2105,正新,70,5,65,福勝,2023-09-01,6950
6163,華電網,63,0,63,福勝,2023-09-01,6950
2382,廣達,96,43,53,福勝,2023-09-01,6950
3363,上詮,51,0,51,福勝,2023-09-01,6950
00878,國泰永續高股息,45,0,45,福勝,2023-09-01,6950
2376,技嘉,50,10,40,福勝,2023-09-01,6950
00712,復華富時不動產,35,0,35,福勝,2023-09-01,6950
2485,兆赫,44,13,31,福勝,2023-09-01,6950
2460,建通,30,0,30,福勝,2023-09-01,6950
1471,首利,25,0,25,福勝,2023-09-01,6950
6547,高端疫苗,53,28,25,福勝,2023-09-01,6950
1616,億泰,23,1,22,福勝,2023-09-01,6950
1605,華新,21,0,21,福勝,2023-09-01,6950
00679B,元大美債20年,20,0,20,福勝,2023-09-01,6950
1444,力麗,20,0,20,福勝,2023-09-01,6950
2402,毅嘉,38,18,20,福勝,2023-09-01,6950
2867,三商壽,20,0,20,福勝,2023-09-01,6950
3570,大塚,20,0,20,福勝,2023-09-01,6950
2891,中信金,19,1,18,福勝,2023-09-01,6950
3078,僑威,25,8,17,福勝,2023-09-01,6950
2645,長榮航太,15,0,15,福勝,2023-09-01,6950
1513,中興電,26,13,13,福勝,2023-09-01,6950
2363,矽統,81,68,13,福勝,2023-09-01,6950
6288,聯嘉,15,3,12,福勝,2023-09-01,6950
2609,陽明,13,2,11,福勝,2023-09-01,6950
5309,系統電,11,0,11,福勝,2023-09-01,6950
8358,金居,18,7,11,福勝,2023-09-01,6950
2303,聯電,21,10,11,福勝,2023-09-01,6950
1727,中華化,10,0,10,福勝,2023-09-01,6950
2316,楠梓電,10,0,10,福勝,2023-09-01,6950
2323,中環,16,6,10,福勝,2023-09-01,6950
2436,偉詮電,22,12,10,福勝,2023-09-01,6950
2441,超豐,12,2,10,福勝,2023-09-01,6950
6282,康舒,30,20,10,福勝,2023-09-01,6950
2615,萬海,11,2,9,福勝,2023-09-01,6950
2371,大同,10,1,9,福勝,2023-09-01,6950
2704,國賓,11,2,9,福勝,2023-09-01,6950
3163,波若威,26,18,8,福勝,2023-09-01,6950
4533,協易機,8,0,8,福勝,2023-09-01,6950
4960,誠美材,8,0,8,福勝,2023-09-01,6950
1227,佳格,7,0,7,福勝,2023-09-01,6950
2399,映泰,7,0,7,福勝,2023-09-01,6950
2618,長榮航,22,15,7,福勝,2023-09-01,6950
3046,建��,7,0,7,福勝,2023-09-01,6950
00919,群益台灣精選高息,64,0,64,福勝,2023-09-04,6950
2312,金寶,63,1,62,福勝,2023-09-04,6950
00673R,期元大S＆P原油反1,45,0,45,福勝,2023-09-04,6950
2371,大同,55,12,43,福勝,2023-09-04,6950
1604,聲寶,38,0,38,福勝,2023-09-04,6950
6282,康舒,71,35,36,福勝,2023-09-04,6950
00929,復華台灣科技優息,78,47,31,福勝,2023-09-04,6950
3715,定穎投控,36,6,30,福勝,2023-09-04,6950
5210,寶碩,30,0,30,福勝,2023-09-04,6950
2634,漢翔,40,10,30,福勝,2023-09-04,6950
2331,精英,31,3,28,福勝,2023-09-04,6950
3051,力特,30,3,27,福勝,2023-09-04,6950
6412,群電,27,0,27,福勝,2023-09-04,6950
1802,台玻,37,12,25,福勝,2023-09-04,6950
2610,華航,24,1,23,福勝,2023-09-04,6950
2303,聯電,26,5,21,福勝,2023-09-04,6950
1215,卜蜂,20,0,20,福勝,2023-09-04,6950
2511,太子,20,0,20,福勝,2023-09-04,6950
2409,友達,20,1,19,福勝,2023-09-04,6950
4542,科嶠,20,1,19,福勝,2023-09-04,6950
2618,長榮航,18,0,18,福勝,2023-09-04,6950
3078,僑威,19,1,18,福勝,2023-09-04,6950
5381,合正,30,12,18,福勝,2023-09-04,6950
2887,台新金,17,0,17,福勝,2023-09-04,6950
5425,台半,22,6,16,福勝,2023-09-04,6950
1616,億泰,20,5,15,福勝,2023-09-04,6950
2913,農林,15,1,14,福勝,2023-09-04,6950
5880,合庫金,14,0,14,福勝,2023-09-04,6950
8069,元太,15,1,14,福勝,2023-09-04,6950
3004,豐達科,17,4,13,福勝,2023-09-04,6950
00915,凱基優選高股息30,12,0,12,福勝,2023-09-04,6950
2201,裕隆,19,7,12,福勝,2023-09-04,6950
6213,聯茂,17,5,12,福勝,2023-09-04,6950
1568,倉佑,11,0,11,福勝,2023-09-04,6950
4906,正文,12,1,11,福勝,2023-09-04,6950
9919,康那香,11,0,11,福勝,2023-09-04,6950
3231,緯創,41,31,10,福勝,2023-09-04,6950
1337,再生-KY,10,0,10,福勝,2023-09-04,6950
00632R,元大台灣50反1,10,0,10,福勝,2023-09-04,6950
2369,菱生,20,10,10,福勝,2023-09-04,6950
2405,輔信,10,0,10,福勝,2023-09-04,6950
2542,興富發,12,2,10,福勝,2023-09-04,6950
2606,裕民,10,0,10,福勝,2023-09-04,6950
3432,台端,10,0,10,福勝,2023-09-04,6950
5519,隆大,10,0,10,福勝,2023-09-04,6950
2376,技嘉,21,12,9,福勝,2023-09-04,6950
2340,台亞,9,0,9,福勝,2023-09-04,6950
4510,高鋒,9,0,9,福勝,2023-09-04,6950
8068,全達,14,5,9,福勝,2023-09-04,6950
3481,群創,24,16,8,福勝,2023-09-04,6950
6274,台燿,591,33,558,福勝,2023-09-05,6950
6223,旺矽,101,3,98,福勝,2023-09-05,6950
2618,長榮航,80,17,63,福勝,2023-09-05,6950
2645,長榮航太,53,1,52,福勝,2023-09-05,6950
1604,聲寶,50,0,50,福勝,2023-09-05,6950
2402,毅嘉,50,2,48,福勝,2023-09-05,6950
2897,王道銀行,46,1,45,福勝,2023-09-05,6950
2409,友達,51,8,43,福勝,2023-09-05,6950
2105,正新,40,0,40,福勝,2023-09-05,6950
5498,凱崴,35,0,35,福勝,2023-09-05,6950
00919,群益台灣精選高息,35,0,35,福勝,2023-09-05,6950
1616,億泰,34,0,34,福勝,2023-09-05,6950
1101,台泥,30,0,30,福勝,2023-09-05,6950
2331,精英,39,11,28,福勝,2023-09-05,6950
2634,漢翔,41,13,28,福勝,2023-09-05,6950
6282,康舒,54,27,27,福勝,2023-09-05,6950
2881,富邦金,25,0,25,福勝,2023-09-05,6950
6285,啟��,22,0,22,福勝,2023-09-05,6950
2538,基泰,21,0,21,福勝,2023-09-05,6950
2324,仁寶,24,5,19,福勝,2023-09-05,6950
2913,農林,20,1,19,福勝,2023-09-05,6950
8096,擎亞,15,0,15,福勝,2023-09-05,6950
8358,金居,43,28,15,福勝,2023-09-05,6950
2382,廣達,40,26,14,福勝,2023-09-05,6950
6139,亞翔,15,1,14,福勝,2023-09-05,6950
1802,台玻,12,0,12,福勝,2023-09-05,6950
2312,金寶,34,22,12,福勝,2023-09-05,6950
5258,虹堡,21,9,12,福勝,2023-09-05,6950
1471,首利,17,6,11,福勝,2023-09-05,6950
5880,合庫金,11,0,11,福勝,2023-09-05,6950
2337,旺宏,10,0,10,福勝,2023-09-05,6950
3376,新日興,10,0,10,福勝,2023-09-05,6950
3694,海華,10,0,10,福勝,2023-09-05,6950
4973,廣穎,10,0,10,福勝,2023-09-05,6950
5203,訊連,10,0,10,福勝,2023-09-05,6950
9136,巨騰-DR,10,0,10,福勝,2023-09-05,6950
00878,國泰永續高股息,19,10,9,福勝,2023-09-05,6950
1590,亞德客-KY,9,0,9,福勝,2023-09-05,6950
2329,華泰,20,11,9,福勝,2023-09-05,6950
2610,華航,34,25,9,福勝,2023-09-05,6950
3217,優群,10,1,9,福勝,2023-09-05,6950
5351,鈺創,10,1,9,福勝,2023-09-05,6950
6160,欣技,9,0,9,福勝,2023-09-05,6950
8086,宏捷科,10,1,9,福勝,2023-09-05,6950
00713,元大台灣高息低波,8,0,8,福勝,2023-09-05,6950
2332,友訊,37,29,8,福勝,2023-09-05,6950
1513,中興電,8,1,7,福勝,2023-09-05,6950
1402,遠東新,7,0,7,福勝,2023-09-05,6950
2344,華邦電,28,21,7,福勝,2023-09-05,6950
2355,敬鵬,11,4,7,福勝,2023-09-05,6950
8016,矽創,243,2,241,福勝,2023-09-06,6950
2409,友達,175,15,160,福勝,2023-09-06,6950
00929,復華台灣科技優息,177,36,141,福勝,2023-09-06,6950
3481,群創,86,13,73,福勝,2023-09-06,6950
2105,正新,60,0,60,福勝,2023-09-06,6950
2462,良得電,60,0,60,福勝,2023-09-06,6950
2331,精英,43,0,43,福勝,2023-09-06,6950
2344,華邦電,47,10,37,福勝,2023-09-06,6950
2485,兆赫,44,10,34,福勝,2023-09-06,6950
2363,矽統,69,36,33,福勝,2023-09-06,6950
2617,台航,31,0,31,福勝,2023-09-06,6950
00932,兆豐永續高息等權,30,0,30,福勝,2023-09-06,6950
00915,凱基優選高股息30,30,0,30,福勝,2023-09-06,6950
1604,聲寶,27,0,27,福勝,2023-09-06,6950
1802,台玻,29,2,27,福勝,2023-09-06,6950
2353,宏��,55,30,25,福勝,2023-09-06,6950
00772B,中信高評級公司債,21,0,21,福勝,2023-09-06,6950
5512,力麒,21,0,21,福勝,2023-09-06,6950
00673R,期元大S＆P原油反1,20,0,20,福勝,2023-09-06,6950
2618,長榮航,26,6,20,福勝,2023-09-06,6950
1227,佳格,18,0,18,福勝,2023-09-06,6950
1101,台泥,19,2,17,福勝,2023-09-06,6950
00900,富邦特選高股息30,35,18,17,福勝,2023-09-06,6950
2027,大成鋼,16,0,16,福勝,2023-09-06,6950
00919,群益台灣精選高息,26,11,15,福勝,2023-09-06,6950
3260,威剛,25,10,15,福勝,2023-09-06,6950
4104,佳醫,15,0,15,福勝,2023-09-06,6950
6213,聯茂,20,5,15,福勝,2023-09-06,6950
5880,合庫金,14,0,14,福勝,2023-09-06,6950
6223,旺矽,13,0,13,福勝,2023-09-06,6950
6418,詠昇,13,0,13,福勝,2023-09-06,6950
3715,定穎投控,32,19,13,福勝,2023-09-06,6950
2538,基泰,12,0,12,福勝,2023-09-06,6950
5381,合正,27,15,12,福勝,2023-09-06,6950
00902,中信電池及儲能,11,0,11,福勝,2023-09-06,6950
00720B,元大投資級公司債,11,0,11,福勝,2023-09-06,6950
9928,中視,11,0,11,福勝,2023-09-06,6950
1316,上曜,10,0,10,福勝,2023-09-06,6950
00715L,期街口布蘭特正2,10,0,10,福勝,2023-09-06,6950
00652,富邦印度,10,0,10,福勝,2023-09-06,6950
2484,希華,10,0,10,福勝,2023-09-06,6950
6276,安鈦克,10,0,10,福勝,2023-09-06,6950
6732,昇佳電子,10,0,10,福勝,2023-09-06,6950
2880,華南金,9,0,9,福勝,2023-09-06,6950
00679B,元大美債20年,12,3,9,福勝,2023-09-06,6950
2436,偉詮電,9,0,9,福勝,2023-09-06,6950
3004,豐達科,9,0,9,福勝,2023-09-06,6950
3013,晟銘電,12,3,9,福勝,2023-09-06,6950
2892,第一金,9,0,9,福勝,2023-09-06,6950
2881,富邦金,8,0,8,福勝,2023-09-06,6950
1524,耿鼎,152,5,147,福勝,2023-09-07,6950
3090,日電貿,111,2,109,福勝,2023-09-07,6950
5512,力麒,101,0,101,福勝,2023-09-07,6950
00664R,國泰臺灣加權反1,100,0,100,福勝,2023-09-07,6950
1909,榮成,100,0,100,福勝,2023-09-07,6950
00919,群益台灣精選高息,94,0,94,福勝,2023-09-07,6950
2897,王道銀行,88,0,88,福勝,2023-09-07,6950
3481,群創,79,5,74,福勝,2023-09-07,6950
8299,群聯,72,1,71,福勝,2023-09-07,6950
2356,英業達,86,23,63,福勝,2023-09-07,6950
00878,國泰永續高股息,59,1,58,福勝,2023-09-07,6950
00885,富邦越南,55,2,53,福勝,2023-09-07,6950
00673R,期元大S＆P原油反1,52,0,52,福勝,2023-09-07,6950
00751B,元大AAA至A公司債,50,0,50,福勝,2023-09-07,6950
2488,漢平,50,0,50,福勝,2023-09-07,6950
2328,廣宇,44,1,43,福勝,2023-09-07,6950
6282,康舒,52,18,34,福勝,2023-09-07,6950
2409,友達,52,19,33,福勝,2023-09-07,6950
00932,兆豐永續高息等權,33,0,33,福勝,2023-09-07,6950
2618,長榮航,32,0,32,福勝,2023-09-07,6950
8112,至上,34,3,31,福勝,2023-09-07,6950
00918,大華優利高填息30,31,0,31,福勝,2023-09-07,6950
2027,大成鋼,30,0,30,福勝,2023-09-07,6950
4533,協易機,41,13,28,福勝,2023-09-07,6950
1513,中興電,28,3,25,福勝,2023-09-07,6950
3231,緯創,43,18,25,福勝,2023-09-07,6950
00900,富邦特選高股息30,24,0,24,福勝,2023-09-07,6950
2324,仁寶,24,0,24,福勝,2023-09-07,6950
1802,台玻,29,8,21,福勝,2023-09-07,6950
2419,仲琦,20,0,20,福勝,2023-09-07,6950
8423,保綠-KY,20,0,20,福勝,2023-09-07,6950
1604,聲寶,19,0,19,福勝,2023-09-07,6950
2610,華航,18,0,18,福勝,2023-09-07,6950
2316,楠梓電,16,0,16,福勝,2023-09-07,6950
2332,友訊,41,25,16,福勝,2023-09-07,6950
2436,偉詮電,23,7,16,福勝,2023-09-07,6950
4167,松瑞藥,14,0,14,福勝,2023-09-07,6950
3325,旭品,13,0,13,福勝,2023-09-07,6950
5381,合正,18,5,13,福勝,2023-09-07,6950
3078,僑威,19,7,12,福勝,2023-09-07,6950
3088,艾訊,12,0,12,福勝,2023-09-07,6950
8034,榮群,13,1,12,福勝,2023-09-07,6950
1440,南紡,11,0,11,福勝,2023-09-07,6950
2317,鴻海,10,0,10,福勝,2023-09-07,6950
1227,佳格,10,0,10,福勝,2023-09-07,6950
1217,愛之味,10,0,10,福勝,2023-09-07,6950
00923,群益台ESG低碳50,10,0,10,福勝,2023-09-07,6950
1314,中石化,10,0,10,福勝,2023-09-07,6950
1709,和益,10,0,10,福勝,2023-09-07,6950
3217,優群,10,0,10,福勝,2023-09-07,6950
2538,基泰,600,0,600,福勝,2023-09-08,6950
2867,三商壽,189,0,189,福勝,2023-09-08,6950
00673R,期元大S＆P原油反1,138,0,138,福勝,2023-09-08,6950
00919,群益台灣精選高息,138,8,130,福勝,2023-09-08,6950
9105,泰金寶-DR,135,13,122,福勝,2023-09-08,6950
2105,正新,104,19,85,福勝,2023-09-08,6950
00929,復華台灣科技優息,126,53,73,福勝,2023-09-08,6950
00632R,元大台灣50反1,70,0,70,福勝,2023-09-08,6950
3231,緯創,91,30,61,福勝,2023-09-08,6950
00878,國泰永續高股息,52,4,48,福勝,2023-09-08,6950
5488,松普,26,0,26,福勝,2023-09-08,6950
2002,中鋼,26,0,26,福勝,2023-09-08,6950
2329,華泰,37,12,25,福勝,2023-09-08,6950
1609,大亞,38,15,23,福勝,2023-09-08,6950
2323,中環,35,12,23,福勝,2023-09-08,6950
00892,富邦台灣半導體,20,0,20,福勝,2023-09-08,6950
1603,華電,20,0,20,福勝,2023-09-08,6950
2328,廣宇,21,1,20,福勝,2023-09-08,6950
2344,華邦電,20,1,19,福勝,2023-09-08,6950
3706,神達,26,8,18,福勝,2023-09-08,6950
2618,長榮航,20,3,17,福勝,2023-09-08,6950
4953,緯軟,17,1,16,福勝,2023-09-08,6950
2486,一詮,32,17,15,福勝,2023-09-08,6950
6203,海韻電,15,1,14,福勝,2023-09-08,6950
6418,詠昇,13,0,13,福勝,2023-09-08,6950
00713,元大台灣高息低波,12,0,12,福勝,2023-09-08,6950
2363,矽統,44,32,12,福勝,2023-09-08,6950
2382,廣達,39,27,12,福勝,2023-09-08,6950
5392,能率,12,0,12,福勝,2023-09-08,6950
8996,高力,14,2,12,福勝,2023-09-08,6950
1471,首利,36,25,11,福勝,2023-09-08,6950
1304,台聚,20,9,11,福勝,2023-09-08,6950
00720B,元大投資級公司債,10,0,10,福勝,2023-09-08,6950
1802,台玻,12,2,10,福勝,2023-09-08,6950
3055,蔚華科,10,0,10,福勝,2023-09-08,6950
3071,協禧,13,3,10,福勝,2023-09-08,6950
5475,德宏,10,0,10,福勝,2023-09-08,6950
2330,台積電,10,0,10,福勝,2023-09-08,6950
2313,華通,13,4,9,福勝,2023-09-08,6950
2881,富邦金,10,1,9,福勝,2023-09-08,6950
2376,技嘉,14,6,8,福勝,2023-09-08,6950
00680L,元大美債20正2,8,0,8,福勝,2023-09-08,6950
00891,中信關鍵半導體,10,2,8,福勝,2023-09-08,6950
2331,精英,19,11,8,福勝,2023-09-08,6950
2332,友訊,29,21,8,福勝,2023-09-08,6950
3078,僑威,8,0,8,福勝,2023-09-08,6950
2405,輔信,29,22,7,福勝,2023-09-08,6950
5439,高技,7,0,7,福勝,2023-09-08,6950
3035,智原,29,23,6,福勝,2023-09-08,6950
4123,晟德,8,2,6,福勝,2023-09-08,6950
2538,基泰,100,1,99,福勝,2023-09-11,6950
2883,凱基金,71,6,65,福勝,2023-09-11,6950
00919,群益台灣精選高息,64,0,64,福勝,2023-09-11,6950
00878,國泰永續高股息,79,23,56,福勝,2023-09-11,6950
2357,華碩,34,0,34,福勝,2023-09-11,6950
2363,矽統,53,19,34,福勝,2023-09-11,6950
00929,復華台灣科技優息,73,39,34,福勝,2023-09-11,6950
6139,亞翔,35,2,33,福勝,2023-09-11,6950
00751B,元大AAA至A公司債,32,0,32,福勝,2023-09-11,6950
2618,長榮航,31,8,23,福勝,2023-09-11,6950
2605,新興,22,0,22,福勝,2023-09-11,6950
6789,采鈺,22,0,22,福勝,2023-09-11,6950
6120,達運,20,0,20,福勝,2023-09-11,6950
8996,高力,21,1,20,福勝,2023-09-11,6950
2610,華航,20,1,19,福勝,2023-09-11,6950
2884,玉山金,23,4,19,福勝,2023-09-11,6950
5512,力麒,35,17,18,福勝,2023-09-11,6950
3481,群創,28,11,17,福勝,2023-09-11,6950
00713,元大台灣高息低波,17,0,17,福勝,2023-09-11,6950
1504,東元,17,0,17,福勝,2023-09-11,6950
00923,群益台ESG低碳50,15,0,15,福勝,2023-09-11,6950
2312,金寶,19,4,15,福勝,2023-09-11,6950
2358,廷鑫,15,0,15,福勝,2023-09-11,6950
3052,夆典,15,0,15,福勝,2023-09-11,6950
6182,合晶,15,0,15,福勝,2023-09-11,6950
6284,佳邦,15,0,15,福勝,2023-09-11,6950
6732,昇佳電子,15,0,15,福勝,2023-09-11,6950
3265,台星科,14,0,14,福勝,2023-09-11,6950
1584,精剛,23,10,13,福勝,2023-09-11,6950
2027,大成鋼,13,0,13,福勝,2023-09-11,6950
2317,鴻海,14,1,13,福勝,2023-09-11,6950
2609,陽明,13,0,13,福勝,2023-09-11,6950
5302,太欣,13,0,13,福勝,2023-09-11,6950
2421,建準,15,3,12,福勝,2023-09-11,6950
2352,佳世達,14,2,12,福勝,2023-09-11,6950
4545,銘鈺,12,0,12,福勝,2023-09-11,6950
6116,彩晶,12,0,12,福勝,2023-09-11,6950
2449,京元電子,12,1,11,福勝,2023-09-11,6950
3035,智原,25,14,11,福勝,2023-09-11,6950
3312,弘憶股,11,0,11,福勝,2023-09-11,6950
4938,和碩,11,0,11,福勝,2023-09-11,6950
2330,台積電,11,1,10,福勝,2023-09-11,6950
00897,富邦基因免疫生技,10,0,10,福勝,2023-09-11,6950
00891,中信關鍵半導體,10,0,10,福勝,2023-09-11,6950
1305,華夏,10,0,10,福勝,2023-09-11,6950
1316,上曜,10,0,10,福勝,2023-09-11,6950
1609,大亞,11,1,10,福勝,2023-09-11,6950
2362,藍天,10,0,10,福勝,2023-09-11,6950
3047,訊舟,10,0,10,福勝,2023-09-11,6950
3078,僑威,16,6,10,福勝,2023-09-11,6950
00929,復華台灣科技優息,596,0,596,福勝,2023-09-12,6950
00919,群益台灣精選高息,180,4,176,福勝,2023-09-12,6950
2538,基泰,184,16,168,福勝,2023-09-12,6950
00878,國泰永續高股息,164,87,77,福勝,2023-09-12,6950
1101,台泥,57,0,57,福勝,2023-09-12,6950
00900,富邦特選高股息30,42,0,42,福勝,2023-09-12,6950
1815,富喬,40,0,40,福勝,2023-09-12,6950
3311,閎暉,43,5,38,福勝,2023-09-12,6950
1733,五鼎,30,0,30,福勝,2023-09-12,6950
00751B,元大AAA至A公司債,20,0,20,福勝,2023-09-12,6950
1402,遠東新,20,0,20,福勝,2023-09-12,6950
4147,中裕,20,0,20,福勝,2023-09-12,6950
4306,炎洲,20,0,20,福勝,2023-09-12,6950
4934,太極,19,0,19,福勝,2023-09-12,6950
2357,華碩,17,0,17,福勝,2023-09-12,6950
1471,首利,39,24,15,福勝,2023-09-12,6950
2887,台新金,15,0,15,福勝,2023-09-12,6950
8096,擎亞,15,0,15,福勝,2023-09-12,6950
6125,廣運,17,3,14,福勝,2023-09-12,6950
8069,元太,12,0,12,福勝,2023-09-12,6950
00891,中信關鍵半導體,12,0,12,福勝,2023-09-12,6950
2601,益航,12,0,12,福勝,2023-09-12,6950
8996,高力,12,1,11,福勝,2023-09-12,6950
1609,大亞,10,0,10,福勝,2023-09-12,6950
2337,旺宏,12,2,10,福勝,2023-09-12,6950
2637,慧洋-KY,11,1,10,福勝,2023-09-12,6950
4533,協易機,11,1,10,福勝,2023-09-12,6950
6168,宏齊,10,0,10,福勝,2023-09-12,6950
6488,環球晶,10,0,10,福勝,2023-09-12,6950
2603,長榮,10,1,9,福勝,2023-09-12,6950
2331,精英,11,2,9,福勝,2023-09-12,6950
6163,華電網,9,0,9,福勝,2023-09-12,6950
2206,三陽工業,8,0,8,福勝,2023-09-12,6950
2484,希華,8,0,8,福勝,2023-09-12,6950
2618,長榮航,39,31,8,福勝,2023-09-12,6950
6274,台燿,15,7,8,福勝,2023-09-12,6950
8039,台虹,8,0,8,福勝,2023-09-12,6950
00932,兆豐永續高息等權,7,0,7,福勝,2023-09-12,6950
2374,佳能,6,0,6,福勝,2023-09-12,6950
2492,華新科,6,0,6,福勝,2023-09-12,6950
4532,瑞智,6,0,6,福勝,2023-09-12,6950
5302,太欣,6,0,6,福勝,2023-09-12,6950
00918,大華優利高填息30,5,0,5,福勝,2023-09-12,6950
1708,東鹼,5,0,5,福勝,2023-09-12,6950
2323,中環,11,6,5,福勝,2023-09-12,6950
2486,一詮,5,0,5,福勝,2023-09-12,6950
3038,全台,5,0,5,福勝,2023-09-12,6950
4120,友華,5,0,5,福勝,2023-09-12,6950
6139,亞翔,5,0,5,福勝,2023-09-12,6950
6547,高端疫苗,5,0,5,福勝,2023-09-12,6950
2538,基泰,420,10,410,福勝,2023-09-13,6950
2409,友達,135,12,123,福勝,2023-09-13,6950
00929,復華台灣科技優息,114,22,92,福勝,2023-09-13,6950
00919,群益台灣精選高息,100,20,80,福勝,2023-09-13,6950
2312,金寶,52,0,52,福勝,2023-09-13,6950
1471,首利,47,4,43,福勝,2023-09-13,6950
1522,堤維西,58,24,34,福勝,2023-09-13,6950
00900,富邦特選高股息30,30,1,29,福勝,2023-09-13,6950
2618,長榮航,29,2,27,福勝,2023-09-13,6950
2405,輔信,30,5,25,福勝,2023-09-13,6950
0056,元大高股息,23,0,23,福勝,2023-09-13,6950
2402,毅嘉,23,0,23,福勝,2023-09-13,6950
2331,精英,22,0,22,福勝,2023-09-13,6950
1815,富喬,20,0,20,福勝,2023-09-13,6950
3532,台勝科,20,0,20,福勝,2023-09-13,6950
6509,聚和,20,0,20,福勝,2023-09-13,6950
2025,千興,28,10,18,福勝,2023-09-13,6950
1303,南亞,17,0,17,福勝,2023-09-13,6950
3231,緯創,28,13,15,福勝,2023-09-13,6950
00712,復華富時不動產,15,0,15,福勝,2023-09-13,6950
2323,中環,16,2,14,福勝,2023-09-13,6950
2329,華泰,17,4,13,福勝,2023-09-13,6950
1515,力山,14,2,12,福勝,2023-09-13,6950
2355,敬鵬,20,8,12,福勝,2023-09-13,6950
2634,漢翔,13,1,12,福勝,2023-09-13,6950
2436,偉詮電,12,1,11,福勝,2023-09-13,6950
3706,神達,11,0,11,福勝,2023-09-13,6950
00720B,元大投資級公司債,10,0,10,福勝,2023-09-13,6950
2736,富野,10,0,10,福勝,2023-09-13,6950
3059,華晶科,10,0,10,福勝,2023-09-13,6950
3169,亞信,10,0,10,福勝,2023-09-13,6950
5227,立凱-KY,10,0,10,福勝,2023-09-13,6950
6257,矽格,10,0,10,福勝,2023-09-13,6950
8112,至上,24,14,10,福勝,2023-09-13,6950
00931B,統一美債20年,8,0,8,福勝,2023-09-13,6950
00891,中信關鍵半導體,8,0,8,福勝,2023-09-13,6950
1524,耿鼎,31,23,8,福勝,2023-09-13,6950
3346,麗清,15,7,8,福勝,2023-09-13,6950
4164,承業醫,12,4,8,福勝,2023-09-13,6950
8097,常珵,8,0,8,福勝,2023-09-13,6950
1402,遠東新,7,0,7,福勝,2023-09-13,6950
2352,佳世達,9,2,7,福勝,2023-09-13,6950
3715,定穎投控,14,7,7,福勝,2023-09-13,6950
6418,詠昇,8,1,7,福勝,2023-09-13,6950
8011,台通,8,1,7,福勝,2023-09-13,6950
2454,聯發科,10,3,7,福勝,2023-09-13,6950
5009,榮剛,6,0,6,福勝,2023-09-13,6950
2330,台積電,6,0,6,福勝,2023-09-13,6950
1519,華城,6,0,6,福勝,2023-09-13,6950
1618,合機,7,1,6,福勝,2023-09-13,6950
00919,群益台灣精選高息,204,7,197,福勝,2023-09-14,6950
2801,彰銀,110,0,110,福勝,2023-09-14,6950
00676R,富邦臺灣加權反1,100,0,100,福勝,2023-09-14,6950
00929,復華台灣科技優息,110,32,78,福勝,2023-09-14,6950
00712,復華富時不動產,69,6,63,福勝,2023-09-14,6950
2356,英業達,62,7,55,福勝,2023-09-14,6950
00632R,元大台灣50反1,50,0,50,福勝,2023-09-14,6950
2610,華航,50,10,40,福勝,2023-09-14,6950
4906,正文,74,37,37,福勝,2023-09-14,6950
2317,鴻海,31,0,31,福勝,2023-09-14,6950
00885,富邦越南,36,5,31,福勝,2023-09-14,6950
2371,大同,28,2,26,福勝,2023-09-14,6950
1524,耿鼎,24,5,19,福勝,2023-09-14,6950
2618,長榮航,24,6,18,福勝,2023-09-14,6950
6234,高僑,17,0,17,福勝,2023-09-14,6950
3479,安勤,16,0,16,福勝,2023-09-14,6950
3706,神達,18,2,16,福勝,2023-09-14,6950
4426,利勤,16,0,16,福勝,2023-09-14,6950
6125,廣運,16,1,15,福勝,2023-09-14,6950
6288,聯嘉,15,0,15,福勝,2023-09-14,6950
2303,聯電,18,4,14,福勝,2023-09-14,6950
1568,倉佑,25,11,14,福勝,2023-09-14,6950
2201,裕隆,19,5,14,福勝,2023-09-14,6950
1504,東元,27,13,14,福勝,2023-09-14,6950
1101,台泥,13,0,13,福勝,2023-09-14,6950
3260,威剛,18,5,13,福勝,2023-09-14,6950
6116,彩晶,20,7,13,福勝,2023-09-14,6950
8240,華宏,13,0,13,福勝,2023-09-14,6950
2634,漢翔,14,2,12,福勝,2023-09-14,6950
8996,高力,14,2,12,福勝,2023-09-14,6950
00857B,永豐20年美公債,10,0,10,福勝,2023-09-14,6950
1447,力鵬,10,0,10,福勝,2023-09-14,6950
2611,志信,10,0,10,福勝,2023-09-14,6950
2645,長榮航太,10,0,10,福勝,2023-09-14,6950
5425,台半,10,0,10,福勝,2023-09-14,6950
2408,南亞科,15,5,10,福勝,2023-09-14,6950
2332,友訊,11,2,9,福勝,2023-09-14,6950
6415,矽力*-KY,10,1,9,福勝,2023-09-14,6950
8176,智捷,9,0,9,福勝,2023-09-14,6950
2376,技嘉,13,5,8,福勝,2023-09-14,6950
2615,萬海,15,7,8,福勝,2023-09-14,6950
8358,金居,11,3,8,福勝,2023-09-14,6950
2301,光寶科,11,4,7,福勝,2023-09-14,6950
4552,力達-KY,7,0,7,福勝,2023-09-14,6950
3715,定穎投控,12,6,6,福勝,2023-09-14,6950
5426,振發,6,0,6,福勝,2023-09-14,6950
6217,中探針,7,1,6,福勝,2023-09-14,6950
00932,兆豐永續高息等權,5,0,5,福勝,2023-09-14,6950
00922,國泰台灣領袖50,5,0,5,福勝,2023-09-14,6950
1324,地球,5,0,5,福勝,2023-09-14,6950
00919,群益台灣精選高息,208,8,200,福勝,2023-09-15,6950
00929,復華台灣科技優息,135,3,132,福勝,2023-09-15,6950
1504,東元,114,4,110,福勝,2023-09-15,6950
3163,波若威,117,33,84,福勝,2023-09-15,6950
2538,基泰,91,20,71,福勝,2023-09-15,6950
1802,台玻,35,1,34,福勝,2023-09-15,6950
00882,中信中國高股息,30,0,30,福勝,2023-09-15,6950
2610,華航,33,4,29,福勝,2023-09-15,6950
2542,興富發,28,0,28,福勝,2023-09-15,6950
00885,富邦越南,35,10,25,福勝,2023-09-15,6950
3380,明泰,26,1,25,福勝,2023-09-15,6950
3481,群創,27,2,25,福勝,2023-09-15,6950
00918,大華優利高填息30,24,2,22,福勝,2023-09-15,6950
00752,中信中國50,22,0,22,福勝,2023-09-15,6950
6613,朋億*,22,0,22,福勝,2023-09-15,6950
3059,華晶科,36,15,21,福勝,2023-09-15,6950
1604,聲寶,20,0,20,福勝,2023-09-15,6950
6026,福邦證,20,0,20,福勝,2023-09-15,6950
2618,長榮航,36,18,18,福勝,2023-09-15,6950
00915,凱基優選高股息30,17,0,17,福勝,2023-09-15,6950
2369,菱生,20,3,17,福勝,2023-09-15,6950
3308,聯德,16,0,16,福勝,2023-09-15,6950
2324,仁寶,15,0,15,福勝,2023-09-15,6950
2913,農林,16,1,15,福勝,2023-09-15,6950
2641,正德,35,21,14,福勝,2023-09-15,6950
4979,華星光,14,0,14,福勝,2023-09-15,6950
8054,安國,31,17,14,福勝,2023-09-15,6950
00902,中信電池及儲能,13,0,13,福勝,2023-09-15,6950
6153,嘉聯益,28,15,13,福勝,2023-09-15,6950
2367,燿華,12,0,12,福勝,2023-09-15,6950
3049,精金,12,0,12,福勝,2023-09-15,6950
3228,金麗科,12,0,12,福勝,2023-09-15,6950
4906,正文,13,1,12,福勝,2023-09-15,6950
4908,前鼎,15,3,12,福勝,2023-09-15,6950
2356,英業達,16,5,11,福勝,2023-09-15,6950
2002,中鋼,14,4,10,福勝,2023-09-15,6950
2820,華票,10,0,10,福勝,2023-09-15,6950
5488,松普,10,0,10,福勝,2023-09-15,6950
3231,緯創,26,17,9,福勝,2023-09-15,6950
4967,十銓,37,28,9,福勝,2023-09-15,6950
6282,康舒,22,13,9,福勝,2023-09-15,6950
1515,力山,13,6,7,福勝,2023-09-15,6950
2314,台揚,10,3,7,福勝,2023-09-15,6950
2323,中環,9,2,7,福勝,2023-09-15,6950
2355,敬鵬,12,5,7,福勝,2023-09-15,6950
4977,眾達-KY,10,3,7,福勝,2023-09-15,6950
5302,太欣,7,0,7,福勝,2023-09-15,6950
6695,芯鼎,7,0,7,福勝,2023-09-15,6950
8112,至上,12,5,7,福勝,2023-09-15,6950
3078,僑威,6,0,6,福勝,2023-09-15,6950
00929,復華台灣科技優息,232,22,210,福勝,2023-09-18,6950
2363,矽統,145,18,127,福勝,2023-09-18,6950
00878,國泰永續高股息,127,3,124,福勝,2023-09-18,6950
00919,群益台灣精選高息,134,18,116,福勝,2023-09-18,6950
1605,華新,72,3,69,福勝,2023-09-18,6950
2382,廣達,71,15,56,福勝,2023-09-18,6950
2486,一詮,58,13,45,福勝,2023-09-18,6950
00679B,元大美債20年,40,0,40,福勝,2023-09-18,6950
2409,友達,30,0,30,福勝,2023-09-18,6950
2330,台積電,32,3,29,福勝,2023-09-18,6950
9934,成霖,28,0,28,福勝,2023-09-18,6950
2884,玉山金,26,0,26,福勝,2023-09-18,6950
2605,新興,25,0,25,福勝,2023-09-18,6950
2882,國泰金,25,0,25,福勝,2023-09-18,6950
2838,聯邦銀,21,0,21,福勝,2023-09-18,6950
3163,波若威,27,6,21,福勝,2023-09-18,6950
3481,群創,26,5,21,福勝,2023-09-18,6950
1722,台肥,20,0,20,福勝,2023-09-18,6950
2007,燁興,20,0,20,福勝,2023-09-18,6950
2022,聚亨,20,0,20,福勝,2023-09-18,6950
4944,兆遠,20,0,20,福勝,2023-09-18,6950
6282,康舒,22,2,20,福勝,2023-09-18,6950
1314,中石化,19,0,19,福勝,2023-09-18,6950
3338,泰碩,22,3,19,福勝,2023-09-18,6950
00715L,期街口布蘭特正2,18,0,18,福勝,2023-09-18,6950
2618,長榮航,49,31,18,福勝,2023-09-18,6950
3231,緯創,30,13,17,福勝,2023-09-18,6950
2308,台達電,17,0,17,福勝,2023-09-18,6950
2303,聯電,17,1,16,福勝,2023-09-18,6950
00751B,元大AAA至A公司債,16,0,16,福勝,2023-09-18,6950
8358,金居,15,0,15,福勝,2023-09-18,6950
2356,英業達,24,11,13,福勝,2023-09-18,6950
00918,大華優利高填息30,13,0,13,福勝,2023-09-18,6950
6163,華電網,13,0,13,福勝,2023-09-18,6950
2402,毅嘉,14,2,12,福勝,2023-09-18,6950
4909,新復興,12,0,12,福勝,2023-09-18,6950
00673R,期元大S＆P原油反1,10,0,10,福勝,2023-09-18,6950
00687B,國泰20年美債,10,0,10,福勝,2023-09-18,6950
1604,聲寶,10,0,10,福勝,2023-09-18,6950
2313,華通,37,27,10,福勝,2023-09-18,6950
5381,合正,22,12,10,福勝,2023-09-18,6950
8034,榮群,10,0,10,福勝,2023-09-18,6950
8069,元太,10,0,10,福勝,2023-09-18,6950
8222,寶一,11,1,10,福勝,2023-09-18,6950
8240,華宏,10,0,10,福勝,2023-09-18,6950
1409,新纖,9,0,9,福勝,2023-09-18,6950
3324,雙鴻,14,5,9,福勝,2023-09-18,6950
6568,宏觀,9,0,9,福勝,2023-09-18,6950
0056,元大高股息,8,0,8,福勝,2023-09-18,6950
9958,世紀鋼,10,3,7,福勝,2023-09-18,6950
00664R,國泰臺灣加權反1,100,0,100,福勝,2023-09-19,6950
00921,兆豐龍頭等權重,58,0,58,福勝,2023-09-19,6950
2382,廣達,64,9,55,福勝,2023-09-19,6950
00919,群益台灣精選高息,134,84,50,福勝,2023-09-19,6950
2618,長榮航,55,5,50,福勝,2023-09-19,6950
1604,聲寶,40,0,40,福勝,2023-09-19,6950
00878,國泰永續高股息,31,0,31,福勝,2023-09-19,6950
6901,鑽石投資,34,3,31,福勝,2023-09-19,6950
8110,華東,65,35,30,福勝,2023-09-19,6950
5533,皇鼎,27,0,27,福勝,2023-09-19,6950
2332,友訊,30,4,26,福勝,2023-09-19,6950
2486,一詮,54,32,22,福勝,2023-09-19,6950
2323,中環,23,2,21,福勝,2023-09-19,6950
00929,復華台灣科技優息,103,83,20,福勝,2023-09-19,6950
3694,海華,20,0,20,福勝,2023-09-19,6950
4908,前鼎,21,1,20,福勝,2023-09-19,6950
5608,四維航,20,0,20,福勝,2023-09-19,6950
6153,嘉聯益,20,0,20,福勝,2023-09-19,6950
6188,廣明,20,0,20,福勝,2023-09-19,6950
6274,台燿,22,2,20,福勝,2023-09-19,6950
00900,富邦特選高股息30,19,0,19,福勝,2023-09-19,6950
6282,康舒,20,1,19,福勝,2023-09-19,6950
3231,緯創,43,25,18,福勝,2023-09-19,6950
2027,大成鋼,18,2,16,福勝,2023-09-19,6950
5347,世界,15,0,15,福勝,2023-09-19,6950
2409,友達,15,0,15,福勝,2023-09-19,6950
00888,永豐台灣ESG,14,0,14,福勝,2023-09-19,6950
2303,聯電,13,0,13,福勝,2023-09-19,6950
8926,台汽電,13,0,13,福勝,2023-09-19,6950
3481,群創,12,0,12,福勝,2023-09-19,6950
5457,宣德,12,0,12,福勝,2023-09-19,6950
2330,台積電,14,2,12,福勝,2023-09-19,6950
2022,聚亨,11,0,11,福勝,2023-09-19,6950
4426,利勤,11,0,11,福勝,2023-09-19,6950
5302,太欣,11,0,11,福勝,2023-09-19,6950
6120,達運,11,0,11,福勝,2023-09-19,6950
9928,中視,11,0,11,福勝,2023-09-19,6950
2365,昆盈,10,0,10,福勝,2023-09-19,6950
4979,華星光,15,5,10,福勝,2023-09-19,6950
8033,雷虎,10,0,10,福勝,2023-09-19,6950
8215,明基材,10,0,10,福勝,2023-09-19,6950
2329,華泰,10,1,9,福勝,2023-09-19,6950
2641,正德,12,3,9,福勝,2023-09-19,6950
3483,力致,9,0,9,福勝,2023-09-19,6950
2313,華通,28,20,8,福勝,2023-09-19,6950
6104,創惟,8,0,8,福勝,2023-09-19,6950
2002,中鋼,7,0,7,福勝,2023-09-19,6950
2355,敬鵬,15,8,7,福勝,2023-09-19,6950
2542,興富發,8,1,7,福勝,2023-09-19,6950
3706,神達,14,7,7,福勝,2023-09-19,6950
00929,復華台灣科技優息,269,61,208,福勝,2023-09-20,6950
2409,友達,154,0,154,福勝,2023-09-20,6950
2367,燿華,134,75,59,福勝,2023-09-20,6950
00919,群益台灣精選高息,52,1,51,福勝,2023-09-20,6950
00722B,群益投資級電信債,40,0,40,福勝,2023-09-20,6950
00932,兆豐永續高息等權,36,0,36,福勝,2023-09-20,6950
3576,聯合再生,51,16,35,福勝,2023-09-20,6950
1604,聲寶,30,0,30,福勝,2023-09-20,6950
2605,新興,44,16,28,福勝,2023-09-20,6950
2344,華邦電,26,0,26,福勝,2023-09-20,6950
1447,力鵬,20,0,20,福勝,2023-09-20,6950
3188,鑫龍騰,20,0,20,福勝,2023-09-20,6950
2369,菱生,19,0,19,福勝,2023-09-20,6950
2618,長榮航,20,2,18,福勝,2023-09-20,6950
3122,笙泉,25,7,18,福勝,2023-09-20,6950
4979,華星光,21,3,18,福勝,2023-09-20,6950
2363,矽統,28,10,18,福勝,2023-09-20,6950
3265,台星科,19,2,17,福勝,2023-09-20,6950
1802,台玻,18,1,17,福勝,2023-09-20,6950
2330,台積電,16,0,16,福勝,2023-09-20,6950
00902,中信電池及儲能,15,0,15,福勝,2023-09-20,6950
1314,中石化,14,0,14,福勝,2023-09-20,6950
8926,台汽電,14,0,14,福勝,2023-09-20,6950
2332,友訊,14,1,13,福勝,2023-09-20,6950
1216,統一,12,0,12,福勝,2023-09-20,6950
3338,泰碩,20,8,12,福勝,2023-09-20,6950
3419,譁裕,12,0,12,福勝,2023-09-20,6950
2382,廣達,22,11,11,福勝,2023-09-20,6950
00881,國泰台灣5G+,10,0,10,福勝,2023-09-20,6950
1781,合世,10,0,10,福勝,2023-09-20,6950
1806,冠軍,10,0,10,福勝,2023-09-20,6950
2421,建準,12,2,10,福勝,2023-09-20,6950
3276,宇環,10,0,10,福勝,2023-09-20,6950
6535,順藥,10,0,10,福勝,2023-09-20,6950
1101,台泥,10,0,10,福勝,2023-09-20,6950
3037,欣興,8,0,8,福勝,2023-09-20,6950
2401,凌陽,9,1,8,福勝,2023-09-20,6950
00713,元大台灣高息低波,7,0,7,福勝,2023-09-20,6950
2201,裕隆,7,0,7,福勝,2023-09-20,6950
1809,中釉,10,3,7,福勝,2023-09-20,6950
2317,鴻海,8,1,7,福勝,2023-09-20,6950
3071,協禧,8,1,7,福勝,2023-09-20,6950
5381,合正,18,11,7,福勝,2023-09-20,6950
5258,虹堡,7,0,7,福勝,2023-09-20,6950
1795,美時,6,0,6,福勝,2023-09-20,6950
2014,中鴻,6,0,6,福勝,2023-09-20,6950
2331,精英,6,0,6,福勝,2023-09-20,6950
2441,超豐,6,0,6,福勝,2023-09-20,6950
2449,京元電子,12,6,6,福勝,2023-09-20,6950
3704,合勤控,6,0,6,福勝,2023-09-20,6950
00929,復華台灣科技優息,135,39,96,福勝,2023-09-21,6950
2880,華南金,70,0,70,福勝,2023-09-21,6950
1108,幸福,60,0,60,福勝,2023-09-21,6950
1314,中石化,60,3,57,福勝,2023-09-21,6950
00919,群益台灣精選高息,51,0,51,福勝,2023-09-21,6950
1604,聲寶,40,0,40,福勝,2023-09-21,6950
2330,台積電,42,2,40,福勝,2023-09-21,6950
6153,嘉聯益,49,10,39,福勝,2023-09-21,6950
00712,復華富時不動產,38,0,38,福勝,2023-09-21,6950
2328,廣宇,40,6,34,福勝,2023-09-21,6950
2329,華泰,34,2,32,福勝,2023-09-21,6950
2313,華通,32,1,31,福勝,2023-09-21,6950
2417,圓剛,30,0,30,福勝,2023-09-21,6950
00878,國泰永續高股息,29,0,29,福勝,2023-09-21,6950
8110,華東,27,0,27,福勝,2023-09-21,6950
2618,長榮航,26,0,26,福勝,2023-09-21,6950
0056,元大高股息,25,0,25,福勝,2023-09-21,6950
1609,大亞,25,0,25,福勝,2023-09-21,6950
5880,合庫金,24,0,24,福勝,2023-09-21,6950
2610,華航,37,16,21,福勝,2023-09-21,6950
1402,遠東新,23,3,20,福勝,2023-09-21,6950
1326,台化,20,0,20,福勝,2023-09-21,6950
2812,台中銀,20,0,20,福勝,2023-09-21,6950
6016,康和證,20,0,20,福勝,2023-09-21,6950
3715,定穎投控,27,8,19,福勝,2023-09-21,6950
1809,中釉,22,5,17,福勝,2023-09-21,6950
2002,中鋼,15,0,15,福勝,2023-09-21,6950
2317,鴻海,17,2,15,福勝,2023-09-21,6950
1524,耿鼎,15,0,15,福勝,2023-09-21,6950
3380,明泰,15,0,15,福勝,2023-09-21,6950
8227,巨有科技,14,0,14,福勝,2023-09-21,6950
00665L,富邦�琤肭磪囓�2,13,0,13,福勝,2023-09-21,6950
00923,群益台ESG低碳50,13,0,13,福勝,2023-09-21,6950
1102,亞泥,15,2,13,福勝,2023-09-21,6950
2537,聯上發,13,0,13,福勝,2023-09-21,6950
2883,凱基金,13,1,12,福勝,2023-09-21,6950
1409,新纖,15,3,12,福勝,2023-09-21,6950
1101,台泥,12,0,12,福勝,2023-09-21,6950
2615,萬海,26,15,11,福勝,2023-09-21,6950
0050,元大台灣50,11,0,11,福勝,2023-09-21,6950
2101,南港,10,0,10,福勝,2023-09-21,6950
2888,新光金,10,0,10,福勝,2023-09-21,6950
3049,精金,10,0,10,福勝,2023-09-21,6950
4958,臻鼎-KY,10,0,10,福勝,2023-09-21,6950
8222,寶一,10,0,10,福勝,2023-09-21,6950
2399,映泰,12,2,10,福勝,2023-09-21,6950
2634,漢翔,11,2,9,福勝,2023-09-21,6950
00900,富邦特選高股息30,10,2,8,福勝,2023-09-21,6950
2449,京元電子,10,2,8,福勝,2023-09-21,6950
2884,玉山金,10,2,8,福勝,2023-09-21,6950
00712,復華富時不動產,58,0,58,福勝,2023-09-22,6950
1604,聲寶,50,0,50,福勝,2023-09-22,6950
00919,群益台灣精選高息,47,1,46,福勝,2023-09-22,6950
00679B,元大美債20年,35,0,35,福勝,2023-09-22,6950
2454,聯發科,35,1,34,福勝,2023-09-22,6950
2329,華泰,29,1,28,福勝,2023-09-22,6950
2891,中信金,28,0,28,福勝,2023-09-22,6950
2002,中鋼,27,0,27,福勝,2023-09-22,6950
2332,友訊,26,1,25,福勝,2023-09-22,6950
00751B,元大AAA至A公司債,24,0,24,福勝,2023-09-22,6950
2609,陽明,20,1,19,福勝,2023-09-22,6950
8210,勤誠,20,1,19,福勝,2023-09-22,6950
2344,華邦電,20,3,17,福勝,2023-09-22,6950
2883,凱基金,17,0,17,福勝,2023-09-22,6950
3037,欣興,20,4,16,福勝,2023-09-22,6950
6282,康舒,19,3,16,福勝,2023-09-22,6950
00885,富邦越南,15,0,15,福勝,2023-09-22,6950
2883B,凱基金乙特,15,0,15,福勝,2023-09-22,6950
1101,台泥,19,5,14,福勝,2023-09-22,6950
1809,中釉,13,0,13,福勝,2023-09-22,6950
2330,台積電,14,2,12,福勝,2023-09-22,6950
3450,聯鈞,32,21,11,福勝,2023-09-22,6950
1584,精剛,31,20,11,福勝,2023-09-22,6950
4995,晶達,11,0,11,福勝,2023-09-22,6950
3481,群創,11,0,11,福勝,2023-09-22,6950
1409,新纖,10,0,10,福勝,2023-09-22,6950
1722,台肥,10,0,10,福勝,2023-09-22,6950
2312,金寶,10,0,10,福勝,2023-09-22,6950
2612,中航,11,1,10,福勝,2023-09-22,6950
3260,威剛,10,0,10,福勝,2023-09-22,6950
3521,鴻翊,10,0,10,福勝,2023-09-22,6950
4167,松瑞藥,10,0,10,福勝,2023-09-22,6950
5457,宣德,10,0,10,福勝,2023-09-22,6950
5475,德宏,10,0,10,福勝,2023-09-22,6950
6672,騰輝電子-KY,10,0,10,福勝,2023-09-22,6950
2892,第一金,9,0,9,福勝,2023-09-22,6950
00902,中信電池及儲能,9,0,9,福勝,2023-09-22,6950
2603,長榮,15,6,9,福勝,2023-09-22,6950
3059,華晶科,9,0,9,福勝,2023-09-22,6950
3615,安可,8,0,8,福勝,2023-09-22,6950
8222,寶一,15,7,8,福勝,2023-09-22,6950
2618,長榮航,19,12,7,福勝,2023-09-22,6950
00722B,群益投資級電信債,7,0,7,福勝,2023-09-22,6950
3036,文曄,9,2,7,福勝,2023-09-22,6950
3518,柏騰,7,0,7,福勝,2023-09-22,6950
5344,立衛,7,0,7,福勝,2023-09-22,6950
1513,中興電,11,5,6,福勝,2023-09-22,6950
2303,聯電,10,4,6,福勝,2023-09-22,6950
2323,中環,15,9,6,福勝,2023-09-22,6950
2388,威盛,8,2,6,福勝,2023-09-22,6950
6139,亞翔,106,21,85,福勝,2023-09-25,6950
2367,燿華,38,2,36,福勝,2023-09-25,6950
3056,富華新,30,0,30,福勝,2023-09-25,6950
4529,淳紳,30,0,30,福勝,2023-09-25,6950
00919,群益台灣精選高息,30,2,28,福勝,2023-09-25,6950
1402,遠東新,25,0,25,福勝,2023-09-25,6950
3051,力特,27,5,22,福勝,2023-09-25,6950
4542,科嶠,22,0,22,福勝,2023-09-25,6950
1101,台泥,22,0,22,福勝,2023-09-25,6950
2610,華航,20,0,20,福勝,2023-09-25,6950
8112,至上,23,3,20,福勝,2023-09-25,6950
2388,威盛,16,1,15,福勝,2023-09-25,6950
2399,映泰,16,1,15,福勝,2023-09-25,6950
00679B,元大美債20年,15,0,15,福勝,2023-09-25,6950
2313,華通,24,11,13,福勝,2023-09-25,6950
2609,陽明,16,3,13,福勝,2023-09-25,6950
3363,上詮,15,3,12,福勝,2023-09-25,6950
00665L,富邦�琤肭磪囓�2,10,0,10,福勝,2023-09-25,6950
2460,建通,10,0,10,福勝,2023-09-25,6950
4908,前鼎,11,1,10,福勝,2023-09-25,6950
6234,高僑,10,0,10,福勝,2023-09-25,6950
1303,南亞,10,1,9,福勝,2023-09-25,6950
00929,復華台灣科技優息,26,17,9,福勝,2023-09-25,6950
5460,同協,9,0,9,福勝,2023-09-25,6950
3035,智原,10,2,8,福勝,2023-09-25,6950
2323,中環,8,0,8,福勝,2023-09-25,6950
9105,泰金寶-DR,8,0,8,福勝,2023-09-25,6950
2303,聯電,7,0,7,福勝,2023-09-25,6950
2358,廷鑫,7,0,7,福勝,2023-09-25,6950
3037,欣興,12,5,7,福勝,2023-09-25,6950
4566,時碩工業,7,0,7,福勝,2023-09-25,6950
00923,群益台ESG低碳50,6,0,6,福勝,2023-09-25,6950
1802,台玻,6,0,6,福勝,2023-09-25,6950
2312,金寶,6,0,6,福勝,2023-09-25,6950
2421,建準,8,2,6,福勝,2023-09-25,6950
3338,泰碩,6,0,6,福勝,2023-09-25,6950
8071,能率網通,6,0,6,福勝,2023-09-25,6950
3017,奇鋐,5,0,5,福勝,2023-09-25,6950
1339,昭輝,5,0,5,福勝,2023-09-25,6950
00932,兆豐永續高息等權,5,0,5,福勝,2023-09-25,6950
1905,華紙,5,0,5,福勝,2023-09-25,6950
2025,千興,5,0,5,福勝,2023-09-25,6950
2409,友達,21,16,5,福勝,2023-09-25,6950
2816,旺旺保,5,0,5,福勝,2023-09-25,6950
2880,華南金,5,0,5,福勝,2023-09-25,6950
3088,艾訊,5,0,5,福勝,2023-09-25,6950
3373,熱映,5,0,5,福勝,2023-09-25,6950
3672,康聯訊,5,0,5,福勝,2023-09-25,6950
4951,精拓科,5,0,5,福勝,2023-09-25,6950
6163,華電網,5,0,5,福勝,2023-09-25,6950
2303,聯電,68,0,68,福勝,2023-09-26,6950
0056,元大高股息,56,1,55,福勝,2023-09-26,6950
6226,光鼎,50,0,50,福勝,2023-09-26,6950
00929,復華台灣科技優息,58,10,48,福勝,2023-09-26,6950
2618,長榮航,46,0,46,福勝,2023-09-26,6950
00919,群益台灣精選高息,47,8,39,福勝,2023-09-26,6950
1301,台塑,53,16,37,福勝,2023-09-26,6950
2313,華通,43,12,31,福勝,2023-09-26,6950
1604,聲寶,30,0,30,福勝,2023-09-26,6950
2344,華邦電,29,0,29,福勝,2023-09-26,6950
2610,華航,31,3,28,福勝,2023-09-26,6950
1524,耿鼎,61,35,26,福勝,2023-09-26,6950
2801,彰銀,26,0,26,福勝,2023-09-26,6950
1313,聯成,25,0,25,福勝,2023-09-26,6950
2356,英業達,26,3,23,福勝,2023-09-26,6950
1802,台玻,20,0,20,福勝,2023-09-26,6950
3481,群創,29,10,19,福勝,2023-09-26,6950
2543,皇昌,20,3,17,福勝,2023-09-26,6950
2330,台積電,17,1,16,福勝,2023-09-26,6950
2392,正崴,17,1,16,福勝,2023-09-26,6950
4906,正文,15,0,15,福勝,2023-09-26,6950
00679B,元大美債20年,17,2,15,福勝,2023-09-26,6950
2317,鴻海,17,3,14,福勝,2023-09-26,6950
00720B,元大投資級公司債,14,0,14,福勝,2023-09-26,6950
2369,菱生,14,0,14,福勝,2023-09-26,6950
3078,僑威,15,1,14,福勝,2023-09-26,6950
5324,士開,13,0,13,福勝,2023-09-26,6950
6257,矽格,13,0,13,福勝,2023-09-26,6950
2834,臺企銀,13,0,13,福勝,2023-09-26,6950
2308,台達電,12,0,12,福勝,2023-09-26,6950
3264,欣銓,14,2,12,福勝,2023-09-26,6950
3715,定穎投控,24,12,12,福勝,2023-09-26,6950
4995,晶達,12,0,12,福勝,2023-09-26,6950
1101,台泥,12,0,12,福勝,2023-09-26,6950
00665L,富邦�琤肭磪囓�2,11,0,11,福勝,2023-09-26,6950
8358,金居,12,1,11,福勝,2023-09-26,6950
1605,華新,12,2,10,福勝,2023-09-26,6950
2607,榮運,10,0,10,福勝,2023-09-26,6950
3049,精金,10,0,10,福勝,2023-09-26,6950
3710,連展投控,10,0,10,福勝,2023-09-26,6950
5488,松普,10,0,10,福勝,2023-09-26,6950
6485,點序,10,0,10,福勝,2023-09-26,6950
8086,宏捷科,10,0,10,福勝,2023-09-26,6950
4114,健喬,10,0,10,福勝,2023-09-26,6950
5880,合庫金,13,4,9,福勝,2023-09-26,6950
2547,日勝生,8,0,8,福勝,2023-09-26,6950
3265,台星科,8,0,8,福勝,2023-09-26,6950
3711,日月光投控,10,2,8,福勝,2023-09-26,6950
00878,國泰永續高股息,7,0,7,福勝,2023-09-26,6950
00888,永豐台灣ESG,7,0,7,福勝,2023-09-26,6950
00929,復華台灣科技優息,118,25,93,福勝,2023-09-27,6950
2002,中鋼,58,0,58,福勝,2023-09-27,6950
2303,聯電,49,0,49,福勝,2023-09-27,6950
5880,合庫金,43,0,43,福勝,2023-09-27,6950
1324,地球,38,1,37,福勝,2023-09-27,6950
4533,協易機,39,3,36,福勝,2023-09-27,6950
00919,群益台灣精選高息,39,7,32,福勝,2023-09-27,6950
2337,旺宏,28,0,28,福勝,2023-09-27,6950
8420,明揚,27,2,25,福勝,2023-09-27,6950
2355,敬鵬,43,21,22,福勝,2023-09-27,6950
00878,國泰永續高股息,26,5,21,福勝,2023-09-27,6950
2412,中華電,21,0,21,福勝,2023-09-27,6950
5347,世界,21,0,21,福勝,2023-09-27,6950
00885,富邦越南,20,0,20,福勝,2023-09-27,6950
1603,華電,20,0,20,福勝,2023-09-27,6950
2032,新鋼,20,0,20,福勝,2023-09-27,6950
6901,鑽石投資,19,0,19,福勝,2023-09-27,6950
2641,正德,17,1,16,福勝,2023-09-27,6950
8110,華東,16,0,16,福勝,2023-09-27,6950
6770,力積電,15,0,15,福勝,2023-09-27,6950
1618,合機,18,4,14,福勝,2023-09-27,6950
2409,友達,14,0,14,福勝,2023-09-27,6950
3163,波若威,21,7,14,福勝,2023-09-27,6950
6223,旺矽,15,1,14,福勝,2023-09-27,6950
1584,精剛,15,2,13,福勝,2023-09-27,6950
2883,凱基金,13,0,13,福勝,2023-09-27,6950
8071,能率網通,13,0,13,福勝,2023-09-27,6950
00932,兆豐永續高息等權,12,0,12,福勝,2023-09-27,6950
2014,中鴻,12,0,12,福勝,2023-09-27,6950
5381,合正,12,0,12,福勝,2023-09-27,6950
1314,中石化,11,0,11,福勝,2023-09-27,6950
00712,復華富時不動產,11,0,11,福勝,2023-09-27,6950
2615,萬海,20,9,11,福勝,2023-09-27,6950
2603,長榮,13,2,11,福勝,2023-09-27,6950
2317,鴻海,10,0,10,福勝,2023-09-27,6950
3481,群創,10,0,10,福勝,2023-09-27,6950
1444,力麗,10,0,10,福勝,2023-09-27,6950
00673R,期元大S＆P原油反1,10,0,10,福勝,2023-09-27,6950
0050,元大台灣50,10,0,10,福勝,2023-09-27,6950
00915,凱基優選高股息30,10,0,10,福勝,2023-09-27,6950
1802,台玻,10,0,10,福勝,2023-09-27,6950
2027,大成鋼,10,0,10,福勝,2023-09-27,6950
2542,興富發,10,0,10,福勝,2023-09-27,6950
2634,漢翔,10,0,10,福勝,2023-09-27,6950
3034,聯詠,10,0,10,福勝,2023-09-27,6950
3712,永崴投控,10,0,10,福勝,2023-09-27,6950
6182,合晶,10,0,10,福勝,2023-09-27,6950
00900,富邦特選高股息30,10,1,9,福勝,2023-09-27,6950
2017,官田鋼,10,1,9,福勝,2023-09-27,6950
1609,大亞,17,9,8,福勝,2023-09-27,6950
2344,華邦電,167,6,161,福勝,2023-09-28,6950
00712,復華富時不動產,80,3,77,福勝,2023-09-28,6950
3231,緯創,98,32,66,福勝,2023-09-28,6950
1609,大亞,114,61,53,福勝,2023-09-28,6950
2324,仁寶,68,32,36,福勝,2023-09-28,6950
2353,宏��,36,0,36,福勝,2023-09-28,6950
2618,長榮航,34,0,34,福勝,2023-09-28,6950
6806,森崴能源,37,4,33,福勝,2023-09-28,6950
1604,聲寶,30,0,30,福勝,2023-09-28,6950
00929,復華台灣科技優息,136,108,28,福勝,2023-09-28,6950
2538,基泰,30,2,28,福勝,2023-09-28,6950
2356,英業達,30,5,25,福勝,2023-09-28,6950
5426,振發,38,13,25,福勝,2023-09-28,6950
2317,鴻海,26,5,21,福勝,2023-09-28,6950
2408,南亞科,21,0,21,福勝,2023-09-28,6950
4944,兆遠,22,1,21,福勝,2023-09-28,6950
00882,中信中國高股息,20,0,20,福勝,2023-09-28,6950
3373,熱映,20,0,20,福勝,2023-09-28,6950
2363,矽統,45,27,18,福勝,2023-09-28,6950
3010,華立,18,0,18,福勝,2023-09-28,6950
3706,神達,17,0,17,福勝,2023-09-28,6950
1402,遠東新,16,0,16,福勝,2023-09-28,6950
00720B,元大投資級公司債,16,0,16,福勝,2023-09-28,6950
5381,合正,17,2,15,福勝,2023-09-28,6950
6234,高僑,15,0,15,福勝,2023-09-28,6950
2002,中鋼,25,11,14,福勝,2023-09-28,6950
2610,華航,34,20,14,福勝,2023-09-28,6950
2337,旺宏,13,0,13,福勝,2023-09-28,6950
3338,泰碩,14,2,12,福勝,2023-09-28,6950
3515,華擎,12,0,12,福勝,2023-09-28,6950
00852L,國泰美國道瓊正2,11,0,11,福勝,2023-09-28,6950
2301,光寶科,14,3,11,福勝,2023-09-28,6950
2380,虹光,10,0,10,福勝,2023-09-28,6950
3034,聯詠,10,0,10,福勝,2023-09-28,6950
6104,創惟,10,0,10,福勝,2023-09-28,6950
00665L,富邦�琤肭磪囓�2,9,0,9,福勝,2023-09-28,6950
2449,京元電子,15,6,9,福勝,2023-09-28,6950
3260,威剛,29,21,8,福勝,2023-09-28,6950
2323,中環,16,8,8,福勝,2023-09-28,6950
2888,新光金,8,0,8,福勝,2023-09-28,6950
3006,晶豪科,10,2,8,福勝,2023-09-28,6950
3630,新鉅科,12,4,8,福勝,2023-09-28,6950
6485,點序,9,1,8,福勝,2023-09-28,6950
00902,中信電池及儲能,7,0,7,福勝,2023-09-28,6950
00679B,元大美債20年,7,0,7,福勝,2023-09-28,6950
2883,凱基金,8,1,7,福勝,2023-09-28,6950
3037,欣興,10,3,7,福勝,2023-09-28,6950
3545,敦泰,9,2,7,福勝,2023-09-28,6950
4908,前鼎,17,10,7,福勝,2023-09-28,6950
5465,富驊,13,6,7,福勝,2023-09-28,6950
2363,矽統,156,64,92,福勝,2023-10-02,6950
2618,長榮航,83,8,75,福勝,2023-10-02,6950
6223,旺矽,71,0,71,福勝,2023-10-02,6950
6191,精成科,65,8,57,福勝,2023-10-02,6950
00852L,國泰美國道瓊正2,44,0,44,福勝,2023-10-02,6950
6108,競國,32,7,25,福勝,2023-10-02,6950
2603,長榮,25,1,24,福勝,2023-10-02,6950
2409,友達,23,1,22,福勝,2023-10-02,6950
3715,定穎投控,27,5,22,福勝,2023-10-02,6950
2388,威盛,32,12,20,福勝,2023-10-02,6950
2888,新光金,20,0,20,福勝,2023-10-02,6950
3373,熱映,20,0,20,福勝,2023-10-02,6950
2612,中航,20,1,19,福勝,2023-10-02,6950
2002,中鋼,21,3,18,福勝,2023-10-02,6950
5324,士開,20,2,18,福勝,2023-10-02,6950
1618,合機,27,11,16,福勝,2023-10-02,6950
3010,華立,16,0,16,福勝,2023-10-02,6950
1218,泰山,15,0,15,福勝,2023-10-02,6950
00720B,元大投資級公司債,13,0,13,福勝,2023-10-02,6950
2615,萬海,13,0,13,福勝,2023-10-02,6950
00772B,中信高評級公司債,12,0,12,福勝,2023-10-02,6950
2436,偉詮電,16,4,12,福勝,2023-10-02,6950
2233,宇隆,11,0,11,福勝,2023-10-02,6950
2324,仁寶,31,20,11,福勝,2023-10-02,6950
2337,旺宏,11,0,11,福勝,2023-10-02,6950
6153,嘉聯益,13,2,11,福勝,2023-10-02,6950
1301,台塑,10,0,10,福勝,2023-10-02,6950
00907,永豐優息存股,10,0,10,福勝,2023-10-02,6950
1611,中電,10,0,10,福勝,2023-10-02,6950
2034,允強,10,0,10,福勝,2023-10-02,6950
3276,宇環,10,0,10,福勝,2023-10-02,6950
4555,氣立,10,0,10,福勝,2023-10-02,6950
6276,安鈦克,10,0,10,福勝,2023-10-02,6950
8201,無敵,10,0,10,福勝,2023-10-02,6950
00679B,元大美債20年,9,0,9,福勝,2023-10-02,6950
2486,一詮,15,7,8,福勝,2023-10-02,6950
1529,樂事綠能,8,0,8,福勝,2023-10-02,6950
1802,台玻,30,22,8,福勝,2023-10-02,6950
3325,旭品,14,6,8,福勝,2023-10-02,6950
4142,國光生,8,0,8,福勝,2023-10-02,6950
6235,華孚,10,2,8,福勝,2023-10-02,6950
2610,華航,17,10,7,福勝,2023-10-02,6950
2027,大成鋼,8,2,6,福勝,2023-10-02,6950
2368,金像電,7,1,6,福勝,2023-10-02,6950
2399,映泰,6,0,6,福勝,2023-10-02,6950
6128,上福,6,0,6,福勝,2023-10-02,6950
2317,鴻海,7,2,5,福勝,2023-10-02,6950
00751B,元大AAA至A公司債,5,0,5,福勝,2023-10-02,6950
2356,英業達,31,26,5,福勝,2023-10-02,6950
2461,光群雷,5,0,5,福勝,2023-10-02,6950
6274,台燿,198,9,189,福勝,2023-10-03,6950
00637L,元大滬深300正2,100,0,100,福勝,2023-10-03,6950
3017,奇鋐,92,2,90,福勝,2023-10-03,6950
8996,高力,78,2,76,福勝,2023-10-03,6950
2409,友達,138,65,73,福勝,2023-10-03,6950
00852L,國泰美國道瓊正2,68,0,68,福勝,2023-10-03,6950
2313,華通,59,1,58,福勝,2023-10-03,6950
00919,群益台灣精選高息,47,1,46,福勝,2023-10-03,6950
00882,中信中國高股息,46,0,46,福勝,2023-10-03,6950
2002,中鋼,46,5,41,福勝,2023-10-03,6950
2618,長榮航,42,2,40,福勝,2023-10-03,6950
3078,僑威,49,10,39,福勝,2023-10-03,6950
3234,光環,53,16,37,福勝,2023-10-03,6950
3122,笙泉,42,7,35,福勝,2023-10-03,6950
00878,國泰永續高股息,35,2,33,福勝,2023-10-03,6950
1604,聲寶,30,0,30,福勝,2023-10-03,6950
00712,復華富時不動產,42,15,27,福勝,2023-10-03,6950
3231,緯創,46,19,27,福勝,2023-10-03,6950
3669,圓展,34,7,27,福勝,2023-10-03,6950
1609,大亞,26,4,22,福勝,2023-10-03,6950
00922,國泰台灣領袖50,21,0,21,福勝,2023-10-03,6950
00664R,國泰臺灣加權反1,20,0,20,福勝,2023-10-03,6950
4171,瑞基,20,0,20,福勝,2023-10-03,6950
2538,基泰,20,1,19,福勝,2023-10-03,6950
00900,富邦特選高股息30,20,2,18,福勝,2023-10-03,6950
2436,偉詮電,23,5,18,福勝,2023-10-03,6950
1815,富喬,27,12,15,福勝,2023-10-03,6950
3051,力特,15,0,15,福勝,2023-10-03,6950
3521,鴻翊,15,0,15,福勝,2023-10-03,6950
0056,元大高股息,18,4,14,福勝,2023-10-03,6950
00665L,富邦�琤肭磪囓�2,13,0,13,福勝,2023-10-03,6950
00720B,元大投資級公司債,12,0,12,福勝,2023-10-03,6950
2363,矽統,24,12,12,福勝,2023-10-03,6950
2888,新光金,17,5,12,福勝,2023-10-03,6950
00905,FT臺灣Smart,11,0,11,福勝,2023-10-03,6950
1618,合機,26,15,11,福勝,2023-10-03,6950
2421,建準,15,5,10,福勝,2023-10-03,6950
1409,新纖,10,0,10,福勝,2023-10-03,6950
1514,亞力,13,3,10,福勝,2023-10-03,6950
1905,華紙,10,0,10,福勝,2023-10-03,6950
2405,輔信,10,0,10,福勝,2023-10-03,6950
2515,中工,10,0,10,福勝,2023-10-03,6950
4529,淳紳,10,0,10,福勝,2023-10-03,6950
6163,華電網,10,0,10,福勝,2023-10-03,6950
6806,森崴能源,11,1,10,福勝,2023-10-03,6950
2603,長榮,16,7,9,福勝,2023-10-03,6950
3013,晟銘電,10,1,9,福勝,2023-10-03,6950
3715,定穎投控,10,1,9,福勝,2023-10-03,6950
6139,亞翔,12,3,9,福勝,2023-10-03,6950
3071,協禧,10,2,8,福勝,2023-10-03,6950
00637L,元大滬深300正2,167,0,167,福勝,2023-10-04,6950
3617,碩天,103,5,98,福勝,2023-10-04,6950
6491,晶碩,100,2,98,福勝,2023-10-04,6950
00712,復華富時不動產,86,0,86,福勝,2023-10-04,6950
2409,友達,78,11,67,福勝,2023-10-04,6950
0056,元大高股息,68,1,67,福勝,2023-10-04,6950
00664R,國泰臺灣加權反1,61,0,61,福勝,2023-10-04,6950
2884,玉山金,57,1,56,福勝,2023-10-04,6950
6116,彩晶,51,0,51,福勝,2023-10-04,6950
2891,中信金,48,2,46,福勝,2023-10-04,6950
2812,台中銀,45,0,45,福勝,2023-10-04,6950
2355,敬鵬,43,0,43,福勝,2023-10-04,6950
2888,新光金,38,0,38,福勝,2023-10-04,6950
1710,東聯,32,0,32,福勝,2023-10-04,6950
3567,逸昌,35,3,32,福勝,2023-10-04,6950
00922,國泰台灣領袖50,28,0,28,福勝,2023-10-04,6950
2002,中鋼,41,13,28,福勝,2023-10-04,6950
2610,華航,29,1,28,福勝,2023-10-04,6950
6412,群電,28,0,28,福勝,2023-10-04,6950
1802,台玻,37,10,27,福勝,2023-10-04,6950
5488,松普,37,10,27,福勝,2023-10-04,6950
2344,華邦電,27,1,26,福勝,2023-10-04,6950
6451,訊芯-KY,31,6,25,福勝,2023-10-04,6950
1605,華新,26,2,24,福勝,2023-10-04,6950
1609,大亞,51,27,24,福勝,2023-10-04,6950
2887,台新金,27,3,24,福勝,2023-10-04,6950
5880,合庫金,22,0,22,福勝,2023-10-04,6950
1604,聲寶,21,0,21,福勝,2023-10-04,6950
2303,聯電,37,16,21,福勝,2023-10-04,6950
00713,元大台灣高息低波,20,0,20,福勝,2023-10-04,6950
2382,廣達,35,15,20,福勝,2023-10-04,6950
2454,聯發科,20,1,19,福勝,2023-10-04,6950
2412,中華電,17,0,17,福勝,2023-10-04,6950
2913,農林,17,0,17,福勝,2023-10-04,6950
2880,華南金,16,0,16,福勝,2023-10-04,6950
1301,台塑,16,0,16,福勝,2023-10-04,6950
2313,華通,16,1,15,福勝,2023-10-04,6950
00679B,元大美債20年,16,2,14,福勝,2023-10-04,6950
2317,鴻海,19,6,13,福勝,2023-10-04,6950
1504,東元,13,0,13,福勝,2023-10-04,6950
2330,台積電,13,1,12,福勝,2023-10-04,6950
00905,FT臺灣Smart,12,0,12,福勝,2023-10-04,6950
00720B,元大投資級公司債,12,0,12,福勝,2023-10-04,6950
2436,偉詮電,13,1,12,福勝,2023-10-04,6950
2417,圓剛,19,8,11,福勝,2023-10-04,6950
00751B,元大AAA至A公司債,11,0,11,福勝,2023-10-04,6950
1215,卜蜂,11,0,11,福勝,2023-10-04,6950
6438,迅得,12,1,11,福勝,2023-10-04,6950
8088,品安,14,3,11,福勝,2023-10-04,6950
2885,元大金,11,0,11,福勝,2023-10-04,6950
00673R,期元大S＆P原油反1,110,0,110,福勝,2023-10-05,6950
00720B,元大投資級公司債,109,0,109,福勝,2023-10-05,6950
2409,友達,116,12,104,福勝,2023-10-05,6950
8069,元太,101,1,100,福勝,2023-10-05,6950
2002,中鋼,59,1,58,福勝,2023-10-05,6950
3231,緯創,67,21,46,福勝,2023-10-05,6950
00929,復華台灣科技優息,37,3,34,福勝,2023-10-05,6950
1815,富喬,64,33,31,福勝,2023-10-05,6950
2888,新光金,30,0,30,福勝,2023-10-05,6950
2609,陽明,35,6,29,福勝,2023-10-05,6950
00712,復華富時不動產,28,0,28,福勝,2023-10-05,6950
2538,基泰,39,11,28,福勝,2023-10-05,6950
1604,聲寶,26,0,26,福勝,2023-10-05,6950
2374,佳能,25,0,25,福勝,2023-10-05,6950
9951,皇田,23,0,23,福勝,2023-10-05,6950
00885,富邦越南,22,0,22,福勝,2023-10-05,6950
2312,金寶,21,0,21,福勝,2023-10-05,6950
2884,玉山金,22,1,21,福勝,2023-10-05,6950
5452,佶優,20,0,20,福勝,2023-10-05,6950
00878,國泰永續高股息,23,6,17,福勝,2023-10-05,6950
2440,太空梭,16,0,16,福勝,2023-10-05,6950
3576,聯合再生,16,0,16,福勝,2023-10-05,6950
2421,建準,16,2,14,福勝,2023-10-05,6950
1301,台塑,15,1,14,福勝,2023-10-05,6950
6182,合晶,14,0,14,福勝,2023-10-05,6950
3669,圓展,14,1,13,福勝,2023-10-05,6950
3715,定穎投控,50,37,13,福勝,2023-10-05,6950
5009,榮剛,13,0,13,福勝,2023-10-05,6950
5274,信驊,13,0,13,福勝,2023-10-05,6950
00679B,元大美債20年,11,0,11,福勝,2023-10-05,6950
00882,中信中國高股息,11,0,11,福勝,2023-10-05,6950
4533,協易機,11,0,11,福勝,2023-10-05,6950
4561,健椿,12,1,11,福勝,2023-10-05,6950
2313,華通,101,90,11,福勝,2023-10-05,6950
1603,華電,11,1,10,福勝,2023-10-05,6950
1616,億泰,10,0,10,福勝,2023-10-05,6950
2208,台船,10,0,10,福勝,2023-10-05,6950
2323,中環,10,0,10,福勝,2023-10-05,6950
2891,中信金,11,1,10,福勝,2023-10-05,6950
3088,艾訊,10,0,10,福勝,2023-10-05,6950
4916,事欣科,10,0,10,福勝,2023-10-05,6950
6438,迅得,12,2,10,福勝,2023-10-05,6950
3037,欣興,10,1,9,福勝,2023-10-05,6950
3325,旭品,15,6,9,福勝,2023-10-05,6950
2419,仲琦,10,2,8,福勝,2023-10-05,6950
3014,聯陽,9,1,8,福勝,2023-10-05,6950
4958,臻鼎-KY,8,0,8,福勝,2023-10-05,6950
6288,聯嘉,29,21,8,福勝,2023-10-05,6950
1101,台泥,7,0,7,福勝,2023-10-05,6950
2367,燿華,7,0,7,福勝,2023-10-05,6950
00680L,元大美債20正2,150,0,150,福勝,2023-10-06,6950
9105,泰金寶-DR,106,6,100,福勝,2023-10-06,6950
0056,元大高股息,75,11,64,福勝,2023-10-06,6950
00929,復華台灣科技優息,85,27,58,福勝,2023-10-06,6950
2415,錩新,47,2,45,福勝,2023-10-06,6950
4543,萬在,41,4,37,福勝,2023-10-06,6950
1604,聲寶,30,0,30,福勝,2023-10-06,6950
2305,全友,30,0,30,福勝,2023-10-06,6950
2891,中信金,26,0,26,福勝,2023-10-06,6950
1609,大亞,25,0,25,福勝,2023-10-06,6950
2408,南亞科,25,0,25,福勝,2023-10-06,6950
8033,雷虎,23,0,23,福勝,2023-10-06,6950
2812,台中銀,20,0,20,福勝,2023-10-06,6950
9951,皇田,17,0,17,福勝,2023-10-06,6950
2618,長榮航,17,1,16,福勝,2023-10-06,6950
3276,宇環,26,11,15,福勝,2023-10-06,6950
2313,華通,29,15,14,福勝,2023-10-06,6950
5439,高技,15,2,13,福勝,2023-10-06,6950
2468,華經,12,0,12,福勝,2023-10-06,6950
00679B,元大美債20年,11,0,11,福勝,2023-10-06,6950
2606,裕民,11,0,11,福勝,2023-10-06,6950
3034,聯詠,11,1,10,福勝,2023-10-06,6950
1316,上曜,11,1,10,福勝,2023-10-06,6950
00882,中信中國高股息,10,0,10,福勝,2023-10-06,6950
1522,堤維西,16,6,10,福勝,2023-10-06,6950
2025,千興,10,0,10,福勝,2023-10-06,6950
2027,大成鋼,10,0,10,福勝,2023-10-06,6950
2312,金寶,20,10,10,福勝,2023-10-06,6950
2401,凌陽,10,0,10,福勝,2023-10-06,6950
2801,彰銀,10,0,10,福勝,2023-10-06,6950
2816,旺旺保,10,0,10,福勝,2023-10-06,6950
4128,中天,10,0,10,福勝,2023-10-06,6950
4934,太極,10,0,10,福勝,2023-10-06,6950
6234,高僑,10,0,10,福勝,2023-10-06,6950
8277,商丞,10,0,10,福勝,2023-10-06,6950
8926,台汽電,10,0,10,福勝,2023-10-06,6950
910861,神州-DR,10,0,10,福勝,2023-10-06,6950
3231,緯創,34,24,10,福勝,2023-10-06,6950
1802,台玻,10,1,9,福勝,2023-10-06,6950
2002,中鋼,9,0,9,福勝,2023-10-06,6950
4908,前鼎,9,0,9,福勝,2023-10-06,6950
3013,晟銘電,28,20,8,福勝,2023-10-06,6950
6288,聯嘉,22,14,8,福勝,2023-10-06,6950
2301,光寶科,8,1,7,福勝,2023-10-06,6950
2419,仲琦,7,0,7,福勝,2023-10-06,6950
2538,基泰,7,0,7,福勝,2023-10-06,6950
6204,艾華,13,6,7,福勝,2023-10-06,6950
6213,聯茂,8,1,7,福勝,2023-10-06,6950
6451,訊芯-KY,7,0,7,福勝,2023-10-06,6950
1101,台泥,7,0,7,福勝,2023-10-06,6950
00637L,元大滬深300正2,100,0,100,福勝,2023-10-11,6950
2609,陽明,76,21,55,福勝,2023-10-11,6950
2618,長榮航,52,0,52,福勝,2023-10-11,6950
0056,元大高股息,54,7,47,福勝,2023-10-11,6950
1604,聲寶,45,0,45,福勝,2023-10-11,6950
6488,環球晶,48,4,44,福勝,2023-10-11,6950
3231,緯創,102,59,43,福勝,2023-10-11,6950
2014,中鴻,51,8,43,福勝,2023-10-11,6950
3325,旭品,45,5,40,福勝,2023-10-11,6950
3234,光環,44,8,36,福勝,2023-10-11,6950
2356,英業達,43,9,34,福勝,2023-10-11,6950
00882,中信中國高股息,30,0,30,福勝,2023-10-11,6950
3715,定穎投控,62,33,29,福勝,2023-10-11,6950
2382,廣達,61,34,27,福勝,2023-10-11,6950
2010,春源,25,0,25,福勝,2023-10-11,6950
3078,僑威,24,0,24,福勝,2023-10-11,6950
4714,永捷,30,6,24,福勝,2023-10-11,6950
3071,協禧,26,3,23,福勝,2023-10-11,6950
2313,華通,30,9,21,福勝,2023-10-11,6950
2409,友達,62,42,20,福勝,2023-10-11,6950
6191,精成科,21,1,20,福勝,2023-10-11,6950
2421,建準,21,3,18,福勝,2023-10-11,6950
2465,麗臺,19,1,18,福勝,2023-10-11,6950
3706,神達,30,14,16,福勝,2023-10-11,6950
00919,群益台灣精選高息,20,5,15,福勝,2023-10-11,6950
2367,燿華,15,0,15,福勝,2023-10-11,6950
2603,長榮,20,5,15,福勝,2023-10-11,6950
00720B,元大投資級公司債,13,0,13,福勝,2023-10-11,6950
00929,復華台灣科技優息,29,17,12,福勝,2023-10-11,6950
2515,中工,12,0,12,福勝,2023-10-11,6950
6120,達運,12,0,12,福勝,2023-10-11,6950
1471,首利,21,10,11,福勝,2023-10-11,6950
2340,台亞,14,3,11,福勝,2023-10-11,6950
4164,承業醫,11,0,11,福勝,2023-10-11,6950
6605,帝寶,12,1,11,福勝,2023-10-11,6950
00753L,中信中國50正2,10,0,10,福勝,2023-10-11,6950
2636,台驊控股,10,0,10,福勝,2023-10-11,6950
3515,華擎,13,3,10,福勝,2023-10-11,6950
6226,光鼎,10,0,10,福勝,2023-10-11,6950
6284,佳邦,10,0,10,福勝,2023-10-11,6950
6443,元晶,10,0,10,福勝,2023-10-11,6950
6530,創威,10,0,10,福勝,2023-10-11,6950
00715L,期街口布蘭特正2,10,1,9,福勝,2023-10-11,6950
3038,全台,12,3,9,福勝,2023-10-11,6950
3481,群創,10,1,9,福勝,2023-10-11,6950
6282,康舒,32,23,9,福勝,2023-10-11,6950
9105,泰金寶-DR,32,23,9,福勝,2023-10-11,6950
2376,技嘉,14,6,8,福勝,2023-10-11,6950
2408,南亞科,10,2,8,福勝,2023-10-11,6950
2887,台新金,8,0,8,福勝,2023-10-11,6950
3481,群創,65,10,55,福勝,2023-10-12,6950
2002,中鋼,41,1,40,福勝,2023-10-12,6950
6191,精成科,40,2,38,福勝,2023-10-12,6950
2409,友達,57,29,28,福勝,2023-10-12,6950
1234,黑松,27,0,27,福勝,2023-10-12,6950
2408,南亞科,34,7,27,福勝,2023-10-12,6950
2356,英業達,26,5,21,福勝,2023-10-12,6950
2404,漢唐,21,0,21,福勝,2023-10-12,6950
3325,旭品,30,9,21,福勝,2023-10-12,6950
1471,首利,20,0,20,福勝,2023-10-12,6950
00753L,中信中國50正2,20,0,20,福勝,2023-10-12,6950
2365,昆盈,20,0,20,福勝,2023-10-12,6950
6116,彩晶,20,0,20,福勝,2023-10-12,6950
00922,國泰台灣領袖50,19,1,18,福勝,2023-10-12,6950
9950,萬國通,17,0,17,福勝,2023-10-12,6950
4714,永捷,16,0,16,福勝,2023-10-12,6950
00919,群益台灣精選高息,14,0,14,福勝,2023-10-12,6950
00929,復華台灣科技優息,16,3,13,福勝,2023-10-12,6950
2425,承啟,13,0,13,福勝,2023-10-12,6950
2329,華泰,16,3,13,福勝,2023-10-12,6950
2382,廣達,19,7,12,福勝,2023-10-12,6950
1440,南紡,10,0,10,福勝,2023-10-12,6950
00642U,期元大S＆P石油,10,0,10,福勝,2023-10-12,6950
2324,仁寶,20,10,10,福勝,2023-10-12,6950
2355,敬鵬,10,0,10,福勝,2023-10-12,6950
2444,兆勁,10,0,10,福勝,2023-10-12,6950
2488,漢平,10,0,10,福勝,2023-10-12,6950
2911,麗嬰房,10,0,10,福勝,2023-10-12,6950
3311,閎暉,12,2,10,福勝,2023-10-12,6950
2388,威盛,14,5,9,福勝,2023-10-12,6950
2412,中華電,9,0,9,福勝,2023-10-12,6950
1609,大亞,14,6,8,福勝,2023-10-12,6950
1815,富喬,9,1,8,福勝,2023-10-12,6950
2431,聯昌,8,0,8,福勝,2023-10-12,6950
1522,堤維西,34,27,7,福勝,2023-10-12,6950
2605,新興,7,0,7,福勝,2023-10-12,6950
4533,協易機,10,3,7,福勝,2023-10-12,6950
00857B,永豐20年美公債,6,0,6,福勝,2023-10-12,6950
3706,神達,11,5,6,福勝,2023-10-12,6950
5465,富驊,6,0,6,福勝,2023-10-12,6950
00905,FT臺灣Smart,5,0,5,福勝,2023-10-12,6950
00885,富邦越南,5,0,5,福勝,2023-10-12,6950
1723,中碳,5,0,5,福勝,2023-10-12,6950
1802,台玻,13,8,5,福勝,2023-10-12,6950
2516,新建,5,0,5,福勝,2023-10-12,6950
3356,奇偶,5,0,5,福勝,2023-10-12,6950
5607,遠雄港,5,0,5,福勝,2023-10-12,6950
3260,威剛,28,23,5,福勝,2023-10-12,6950
2603,長榮,13,8,5,福勝,2023-10-12,6950
0050,元大台灣50,5,0,5,福勝,2023-10-12,6950
00637L,元大滬深300正2,210,1,209,福勝,2023-10-13,6950
0056,元大高股息,112,3,109,福勝,2023-10-13,6950
2323,中環,70,0,70,福勝,2023-10-13,6950
00878,國泰永續高股息,63,7,56,福勝,2023-10-13,6950
3483,力致,51,2,49,福勝,2023-10-13,6950
3231,緯創,63,17,46,福勝,2023-10-13,6950
2340,台亞,41,1,40,福勝,2023-10-13,6950
2404,漢唐,39,0,39,福勝,2023-10-13,6950
2382,廣達,71,34,37,福勝,2023-10-13,6950
2618,長榮航,50,20,30,福勝,2023-10-13,6950
00885,富邦越南,27,0,27,福勝,2023-10-13,6950
2355,敬鵬,25,1,24,福勝,2023-10-13,6950
00929,復華台灣科技優息,40,17,23,福勝,2023-10-13,6950
2538,基泰,26,5,21,福勝,2023-10-13,6950
2913,農林,21,0,21,福勝,2023-10-13,6950
00664R,國泰臺灣加權反1,20,0,20,福勝,2023-10-13,6950
9950,萬國通,20,0,20,福勝,2023-10-13,6950
3036,文曄,21,2,19,福勝,2023-10-13,6950
6438,迅得,23,4,19,福勝,2023-10-13,6950
2615,萬海,19,1,18,福勝,2023-10-13,6950
2313,華通,18,1,17,福勝,2023-10-13,6950
3078,僑威,31,14,17,福勝,2023-10-13,6950
3715,定穎投控,51,34,17,福勝,2023-10-13,6950
2324,仁寶,40,24,16,福勝,2023-10-13,6950
6282,康舒,24,8,16,福勝,2023-10-13,6950
00632R,元大台灣50反1,15,0,15,福勝,2023-10-13,6950
3515,華擎,14,0,14,福勝,2023-10-13,6950
5483,中美晶,13,1,12,福勝,2023-10-13,6950
6191,精成科,12,0,12,福勝,2023-10-13,6950
1504,東元,15,3,12,福勝,2023-10-13,6950
1101,台泥,22,11,11,福勝,2023-10-13,6950
4934,太極,11,0,11,福勝,2023-10-13,6950
00905,FT臺灣Smart,10,0,10,福勝,2023-10-13,6950
1459,聯發,10,0,10,福勝,2023-10-13,6950
2444,兆勁,10,0,10,福勝,2023-10-13,6950
4529,淳紳,10,0,10,福勝,2023-10-13,6950
5488,松普,10,0,10,福勝,2023-10-13,6950
2887,台新金,9,1,8,福勝,2023-10-13,6950
2357,華碩,8,0,8,福勝,2023-10-13,6950
8048,德勝,9,2,7,福勝,2023-10-13,6950
1471,首利,6,0,6,福勝,2023-10-13,6950
00712,復華富時不動產,6,0,6,福勝,2023-10-13,6950
00919,群益台灣精選高息,17,11,6,福勝,2023-10-13,6950
1802,台玻,6,0,6,福勝,2023-10-13,6950
2371,大同,10,4,6,福勝,2023-10-13,6950
2736,富野,6,0,6,福勝,2023-10-13,6950
4906,正文,6,0,6,福勝,2023-10-13,6950
6283,淳安,6,0,6,福勝,2023-10-13,6950
2376,技嘉,10,5,5,福勝,2023-10-13,6950
00915,凱基優選高股息30,5,0,5,福勝,2023-10-13,6950
2344,華邦電,119,12,107,福勝,2023-10-16,6950
0056,元大高股息,77,1,76,福勝,2023-10-16,6950
2618,長榮航,84,9,75,福勝,2023-10-16,6950
00878,國泰永續高股息,60,1,59,福勝,2023-10-16,6950
00882,中信中國高股息,50,0,50,福勝,2023-10-16,6950
00919,群益台灣精選高息,47,0,47,福勝,2023-10-16,6950
2515,中工,72,26,46,福勝,2023-10-16,6950
00929,復華台灣科技優息,50,10,40,福勝,2023-10-16,6950
3706,神達,33,1,32,福勝,2023-10-16,6950
2337,旺宏,31,3,28,福勝,2023-10-16,6950
00712,復華富時不動產,27,0,27,福勝,2023-10-16,6950
6279,胡連,24,0,24,福勝,2023-10-16,6950
2206,三陽工業,22,0,22,福勝,2023-10-16,6950
3231,緯創,38,17,21,福勝,2023-10-16,6950
00664R,國泰臺灣加權反1,20,0,20,福勝,2023-10-16,6950
2409,友達,28,12,16,福勝,2023-10-16,6950
4977,眾達-KY,19,4,15,福勝,2023-10-16,6950
2516,新建,24,10,14,福勝,2023-10-16,6950
6191,精成科,14,0,14,福勝,2023-10-16,6950
6282,康舒,16,2,14,福勝,2023-10-16,6950
4995,晶達,13,0,13,福勝,2023-10-16,6950
3521,鴻翊,12,0,12,福勝,2023-10-16,6950
1605,華新,11,0,11,福勝,2023-10-16,6950
2614,東森,11,0,11,福勝,2023-10-16,6950
2324,仁寶,13,2,11,福勝,2023-10-16,6950
1618,合機,10,0,10,福勝,2023-10-16,6950
2032,新鋼,10,0,10,福勝,2023-10-16,6950
2444,兆勁,10,0,10,福勝,2023-10-16,6950
3322,建舜電,10,0,10,福勝,2023-10-16,6950
4102,永日,11,1,10,福勝,2023-10-16,6950
6689,伊雲谷,10,0,10,福勝,2023-10-16,6950
8048,德勝,10,0,10,福勝,2023-10-16,6950
2201,裕隆,12,3,9,福勝,2023-10-16,6950
2425,承啟,11,2,9,福勝,2023-10-16,6950
2382,廣達,25,17,8,福勝,2023-10-16,6950
6443,元晶,10,2,8,福勝,2023-10-16,6950
9907,統一實,8,0,8,福勝,2023-10-16,6950
00885,富邦越南,7,0,7,福勝,2023-10-16,6950
00665L,富邦�琤肭磪囓�2,7,0,7,福勝,2023-10-16,6950
2204,中華,7,0,7,福勝,2023-10-16,6950
2610,華航,34,27,7,福勝,2023-10-16,6950
3363,上詮,10,3,7,福勝,2023-10-16,6950
5324,士開,7,0,7,福勝,2023-10-16,6950
6120,達運,7,0,7,福勝,2023-10-16,6950
9105,泰金寶-DR,7,0,7,福勝,2023-10-16,6950
3027,盛達,6,0,6,福勝,2023-10-16,6950
3265,台星科,6,0,6,福勝,2023-10-16,6950
8076,伍豐,6,0,6,福勝,2023-10-16,6950
1514,亞力,5,0,5,福勝,2023-10-16,6950
00640L,富邦日本正2,5,0,5,福勝,2023-10-16,6950
4550,長佳,167,0,167,福勝,2023-10-17,6950
2002,中鋼,102,0,102,福勝,2023-10-17,6950
0056,元大高股息,102,0,102,福勝,2023-10-17,6950
1314,中石化,114,40,74,福勝,2023-10-17,6950
00878,國泰永續高股息,88,14,74,福勝,2023-10-17,6950
00885,富邦越南,64,0,64,福勝,2023-10-17,6950
2618,長榮航,68,7,61,福勝,2023-10-17,6950
2610,華航,45,0,45,福勝,2023-10-17,6950
00751B,元大AAA至A公司債,34,0,34,福勝,2023-10-17,6950
8054,安國,37,6,31,福勝,2023-10-17,6950
00720B,元大投資級公司債,26,0,26,福勝,2023-10-17,6950
2812,台中銀,22,0,22,福勝,2023-10-17,6950
2363,矽統,91,69,22,福勝,2023-10-17,6950
8040,九暘,22,1,21,福勝,2023-10-17,6950
1603,華電,20,0,20,福勝,2023-10-17,6950
2014,中鴻,20,0,20,福勝,2023-10-17,6950
1609,大亞,34,15,19,福勝,2023-10-17,6950
2317,鴻海,20,3,17,福勝,2023-10-17,6950
2324,仁寶,21,4,17,福勝,2023-10-17,6950
3709,鑫聯大投控,17,0,17,福勝,2023-10-17,6950
3176,基亞,21,5,16,福勝,2023-10-17,6950
00714,群益道瓊美國地產,15,0,15,福勝,2023-10-17,6950
2820,華票,15,0,15,福勝,2023-10-17,6950
5512,力麒,15,0,15,福勝,2023-10-17,6950
5488,松普,14,0,14,福勝,2023-10-17,6950
3715,定穎投控,39,26,13,福勝,2023-10-17,6950
00922,國泰台灣領袖50,13,0,13,福勝,2023-10-17,6950
00772B,中信高評級公司債,13,0,13,福勝,2023-10-17,6950
3483,力致,15,2,13,福勝,2023-10-17,6950
00712,復華富時不動產,12,0,12,福勝,2023-10-17,6950
2206,三陽工業,13,1,12,福勝,2023-10-17,6950
00687B,國泰20年美債,15,4,11,福勝,2023-10-17,6950
6284,佳邦,11,0,11,福勝,2023-10-17,6950
00642U,期元大S＆P石油,10,0,10,福勝,2023-10-17,6950
2369,菱生,32,22,10,福勝,2023-10-17,6950
2484,希華,10,0,10,福勝,2023-10-17,6950
3036,文曄,10,0,10,福勝,2023-10-17,6950
3045,台灣大,10,0,10,福勝,2023-10-17,6950
3325,旭品,14,4,10,福勝,2023-10-17,6950
6226,光鼎,10,0,10,福勝,2023-10-17,6950
6290,良維,10,0,10,福勝,2023-10-17,6950
6443,元晶,10,0,10,福勝,2023-10-17,6950
1785,光洋科,10,1,9,福勝,2023-10-17,6950
2444,兆勁,8,0,8,福勝,2023-10-17,6950
6120,達運,10,2,8,福勝,2023-10-17,6950
8068,全達,10,2,8,福勝,2023-10-17,6950
00919,群益台灣精選高息,9,2,7,福勝,2023-10-17,6950
1905,華紙,7,0,7,福勝,2023-10-17,6950
2201,裕隆,8,1,7,福勝,2023-10-17,6950
2402,毅嘉,12,5,7,福勝,2023-10-17,6950
00878,國泰永續高股息,172,21,151,福勝,2023-10-18,6950
00929,復華台灣科技優息,134,3,131,福勝,2023-10-18,6950
00922,國泰台灣領袖50,70,0,70,福勝,2023-10-18,6950
0056,元大高股息,67,1,66,福勝,2023-10-18,6950
2344,華邦電,60,0,60,福勝,2023-10-18,6950
3322,建舜電,53,1,52,福勝,2023-10-18,6950
4123,晟德,51,0,51,福勝,2023-10-18,6950
8064,東捷,50,0,50,福勝,2023-10-18,6950
3481,群創,48,2,46,福勝,2023-10-18,6950
00664R,國泰臺灣加權反1,40,0,40,福勝,2023-10-18,6950
2634,漢翔,39,2,37,福勝,2023-10-18,6950
2323,中環,35,0,35,福勝,2023-10-18,6950
2301,光寶科,35,3,32,福勝,2023-10-18,6950
1304,台聚,30,0,30,福勝,2023-10-18,6950
00715L,期街口布蘭特正2,30,0,30,福勝,2023-10-18,6950
2313,華通,35,5,30,福勝,2023-10-18,6950
2382,廣達,62,33,29,福勝,2023-10-18,6950
2409,友達,29,0,29,福勝,2023-10-18,6950
0050,元大台灣50,23,0,23,福勝,2023-10-18,6950
3706,神達,22,0,22,福勝,2023-10-18,6950
2618,長榮航,42,21,21,福勝,2023-10-18,6950
1815,富喬,20,0,20,福勝,2023-10-18,6950
2031,新光鋼,20,0,20,福勝,2023-10-18,6950
2032,新鋼,20,0,20,福勝,2023-10-18,6950
4979,華星光,20,0,20,福勝,2023-10-18,6950
2332,友訊,18,0,18,福勝,2023-10-18,6950
1102,亞泥,17,0,17,福勝,2023-10-18,6950
6589,台康生技,17,0,17,福勝,2023-10-18,6950
2486,一詮,16,0,16,福勝,2023-10-18,6950
1609,大亞,18,2,16,福勝,2023-10-18,6950
1101,台泥,15,0,15,福勝,2023-10-18,6950
2888,新光金,15,0,15,福勝,2023-10-18,6950
2913,農林,15,0,15,福勝,2023-10-18,6950
00932,兆豐永續高息等權,14,0,14,福勝,2023-10-18,6950
2516,新建,13,0,13,福勝,2023-10-18,6950
00923,群益台ESG低碳50,12,0,12,福勝,2023-10-18,6950
1802,台玻,16,4,12,福勝,2023-10-18,6950
2380,虹光,12,0,12,福勝,2023-10-18,6950
3363,上詮,12,0,12,福勝,2023-10-18,6950
2002,中鋼,12,0,12,福勝,2023-10-18,6950
1707,葡萄王,11,0,11,福勝,2023-10-18,6950
3588,通嘉,16,5,11,福勝,2023-10-18,6950
3715,定穎投控,29,18,11,福勝,2023-10-18,6950
2317,鴻海,13,3,10,福勝,2023-10-18,6950
00720B,元大投資級公司債,10,0,10,福勝,2023-10-18,6950
1781,合世,10,0,10,福勝,2023-10-18,6950
1809,中釉,11,1,10,福勝,2023-10-18,6950
2534,宏盛,10,0,10,福勝,2023-10-18,6950
2535,達欣工,10,0,10,福勝,2023-10-18,6950
2801,彰銀,10,0,10,福勝,2023-10-18,6950
2618,長榮航,303,13,290,福勝,2023-10-19,6950
00637L,元大滬深300正2,252,100,152,福勝,2023-10-19,6950
2883,凱基金,101,4,97,福勝,2023-10-19,6950
0056,元大高股息,97,6,91,福勝,2023-10-19,6950
00933B,國泰10Y+金融債,72,4,68,福勝,2023-10-19,6950
00878,國泰永續高股息,47,12,35,福勝,2023-10-19,6950
2388,威盛,41,6,35,福勝,2023-10-19,6950
2356,英業達,37,5,32,福勝,2023-10-19,6950
2382,廣達,54,22,32,福勝,2023-10-19,6950
2888,新光金,28,0,28,福勝,2023-10-19,6950
2317,鴻海,29,4,25,福勝,2023-10-19,6950
00929,復華台灣科技優息,37,13,24,福勝,2023-10-19,6950
00712,復華富時不動產,32,10,22,福勝,2023-10-19,6950
1101,台泥,35,13,22,福勝,2023-10-19,6950
00679B,元大美債20年,21,0,21,福勝,2023-10-19,6950
2313,華通,24,4,20,福勝,2023-10-19,6950
2820,華票,20,0,20,福勝,2023-10-19,6950
4526,東台,20,0,20,福勝,2023-10-19,6950
00922,國泰台灣領袖50,18,0,18,福勝,2023-10-19,6950
00665L,富邦�琤肭磪囓�2,15,0,15,福勝,2023-10-19,6950
00720B,元大投資級公司債,14,0,14,福勝,2023-10-19,6950
1513,中興電,14,1,13,福勝,2023-10-19,6950
2891,中信金,13,0,13,福勝,2023-10-19,6950
3481,群創,15,2,13,福勝,2023-10-19,6950
6282,康舒,18,5,13,福勝,2023-10-19,6950
1471,首利,21,10,11,福勝,2023-10-19,6950
1524,耿鼎,11,0,11,福勝,2023-10-19,6950
2462,良得電,21,10,11,福勝,2023-10-19,6950
2486,一詮,11,0,11,福勝,2023-10-19,6950
4533,協易機,11,0,11,福勝,2023-10-19,6950
8028,昇陽半導體,11,0,11,福勝,2023-10-19,6950
9958,世紀鋼,11,0,11,福勝,2023-10-19,6950
1568,倉佑,10,0,10,福勝,2023-10-19,6950
1710,東聯,10,0,10,福勝,2023-10-19,6950
4529,淳紳,10,0,10,福勝,2023-10-19,6950
2609,陽明,10,1,9,福勝,2023-10-19,6950
00751B,元大AAA至A公司債,9,0,9,福勝,2023-10-19,6950
2353,宏��,10,1,9,福勝,2023-10-19,6950
3715,定穎投控,37,28,9,福勝,2023-10-19,6950
6129,普誠,9,0,9,福勝,2023-10-19,6950
3325,旭品,8,0,8,福勝,2023-10-19,6950
3483,力致,8,0,8,福勝,2023-10-19,6950
5880,合庫金,8,0,8,福勝,2023-10-19,6950
6530,創威,17,9,8,福勝,2023-10-19,6950
00687B,國泰20年美債,7,0,7,福勝,2023-10-19,6950
1711,永光,11,4,7,福勝,2023-10-19,6950
2027,大成鋼,10,3,7,福勝,2023-10-19,6950
8046,南電,7,0,7,福勝,2023-10-19,6950
3045,台灣大,6,0,6,福勝,2023-10-19,6950
2201,裕隆,6,0,6,福勝,2023-10-19,6950
00712,復華富時不動產,86,0,86,福勝,2023-10-20,6950
0056,元大高股息,73,0,73,福勝,2023-10-20,6950
00878,國泰永續高股息,106,53,53,福勝,2023-10-20,6950
6488,環球晶,39,0,39,福勝,2023-10-20,6950
00933B,國泰10Y+金融債,35,0,35,福勝,2023-10-20,6950
1101,台泥,33,0,33,福勝,2023-10-20,6950
00919,群益台灣精選高息,40,9,31,福勝,2023-10-20,6950
2409,友達,37,6,31,福勝,2023-10-20,6950
00922,國泰台灣領袖50,31,2,29,福勝,2023-10-20,6950
2344,華邦電,34,6,28,福勝,2023-10-20,6950
2618,長榮航,51,23,28,福勝,2023-10-20,6950
9950,萬國通,35,7,28,福勝,2023-10-20,6950
3363,上詮,38,11,27,福勝,2023-10-20,6950
1524,耿鼎,25,0,25,福勝,2023-10-20,6950
2892,第一金,25,0,25,福勝,2023-10-20,6950
2415,錩新,22,0,22,福勝,2023-10-20,6950
00929,復華台灣科技優息,44,23,21,福勝,2023-10-20,6950
2382,廣達,44,24,20,福勝,2023-10-20,6950
00932,兆豐永續高息等權,20,0,20,福勝,2023-10-20,6950
00857B,永豐20年美公債,20,0,20,福勝,2023-10-20,6950
00753L,中信中國50正2,20,0,20,福勝,2023-10-20,6950
00637L,元大滬深300正2,20,0,20,福勝,2023-10-20,6950
2884,玉山金,20,0,20,福勝,2023-10-20,6950
2888,新光金,19,0,19,福勝,2023-10-20,6950
5521,工信,28,11,17,福勝,2023-10-20,6950
8358,金居,16,0,16,福勝,2023-10-20,6950
6113,亞矽,15,0,15,福勝,2023-10-20,6950
2885,元大金,15,0,15,福勝,2023-10-20,6950
00679B,元大美債20年,14,0,14,福勝,2023-10-20,6950
3322,建舜電,15,1,14,福勝,2023-10-20,6950
3545,敦泰,14,0,14,福勝,2023-10-20,6950
2363,矽統,21,9,12,福勝,2023-10-20,6950
2367,燿華,12,1,11,福勝,2023-10-20,6950
8176,智捷,12,1,11,福勝,2023-10-20,6950
6235,華孚,11,1,10,福勝,2023-10-20,6950
00720B,元大投資級公司債,10,0,10,福勝,2023-10-20,6950
00900,富邦特選高股息30,10,0,10,福勝,2023-10-20,6950
1522,堤維西,10,0,10,福勝,2023-10-20,6950
2324,仁寶,21,11,10,福勝,2023-10-20,6950
2368,金像電,14,4,10,福勝,2023-10-20,6950
2534,宏盛,10,0,10,福勝,2023-10-20,6950
2883,凱基金,10,0,10,福勝,2023-10-20,6950
3176,基亞,11,1,10,福勝,2023-10-20,6950
3706,神達,10,0,10,福勝,2023-10-20,6950
8069,元太,10,0,10,福勝,2023-10-20,6950
2313,華通,10,1,9,福勝,2023-10-20,6950
2605,新興,10,1,9,福勝,2023-10-20,6950
6139,亞翔,12,3,9,福勝,2023-10-20,6950
00687B,國泰20年美債,8,0,8,福勝,2023-10-20,6950
3687,歐買尬,8,0,8,福勝,2023-10-20,6950
00929,復華台灣科技優息,92,1,91,福勝,2023-10-23,6950
2409,友達,64,2,62,福勝,2023-10-23,6950
00712,復華富時不動產,68,10,58,福勝,2023-10-23,6950
2344,華邦電,47,0,47,福勝,2023-10-23,6950
1711,永光,37,2,35,福勝,2023-10-23,6950
2486,一詮,36,6,30,福勝,2023-10-23,6950
00687B,國泰20年美債,25,0,25,福勝,2023-10-23,6950
2402,毅嘉,31,7,24,福勝,2023-10-23,6950
2637,慧洋-KY,22,0,22,福勝,2023-10-23,6950
0056,元大高股息,23,1,22,福勝,2023-10-23,6950
2324,仁寶,25,5,20,福勝,2023-10-23,6950
00922,國泰台灣領袖50,26,10,16,福勝,2023-10-23,6950
1305,華夏,16,0,16,福勝,2023-10-23,6950
2382,廣達,24,9,15,福勝,2023-10-23,6950
4529,淳紳,15,0,15,福勝,2023-10-23,6950
8210,勤誠,17,3,14,福勝,2023-10-23,6950
6901,鑽石投資,13,0,13,福勝,2023-10-23,6950
3694,海華,13,0,13,福勝,2023-10-23,6950
1303,南亞,12,0,12,福勝,2023-10-23,6950
00919,群益台灣精選高息,12,0,12,福勝,2023-10-23,6950
00882,中信中國高股息,11,0,11,福勝,2023-10-23,6950
2002,中鋼,11,0,11,福勝,2023-10-23,6950
2302,麗正,13,2,11,福勝,2023-10-23,6950
2610,華航,22,11,11,福勝,2023-10-23,6950
6488,環球晶,11,0,11,福勝,2023-10-23,6950
1444,力麗,10,0,10,福勝,2023-10-23,6950
00713,元大台灣高息低波,11,1,10,福勝,2023-10-23,6950
2308,台達電,10,0,10,福勝,2023-10-23,6950
2891,中信金,10,0,10,福勝,2023-10-23,6950
3260,威剛,13,3,10,福勝,2023-10-23,6950
3372,典範,13,3,10,福勝,2023-10-23,6950
4714,永捷,12,2,10,福勝,2023-10-23,6950
5302,太欣,10,0,10,福勝,2023-10-23,6950
8085,福華,10,0,10,福勝,2023-10-23,6950
2401,凌陽,15,6,9,福勝,2023-10-23,6950
2885,元大金,8,0,8,福勝,2023-10-23,6950
2883,凱基金,7,0,7,福勝,2023-10-23,6950
2888,新光金,12,5,7,福勝,2023-10-23,6950
3709,鑫聯大投控,7,0,7,福勝,2023-10-23,6950
6547,高端疫苗,7,0,7,福勝,2023-10-23,6950
2201,裕隆,7,0,7,福勝,2023-10-23,6950
1108,幸福,6,0,6,福勝,2023-10-23,6950
2355,敬鵬,8,2,6,福勝,2023-10-23,6950
3078,僑威,8,2,6,福勝,2023-10-23,6950
9105,泰金寶-DR,10,4,6,福勝,2023-10-23,6950
00751B,元大AAA至A公司債,5,0,5,福勝,2023-10-23,6950
1514,亞力,10,5,5,福勝,2023-10-23,6950
1612,宏泰,7,2,5,福勝,2023-10-23,6950
1708,東鹼,5,0,5,福勝,2023-10-23,6950
1907,永豐餘,5,0,5,福勝,2023-10-23,6950
1609,大亞,95,2,93,福勝,2023-10-24,6950
3380,明泰,53,0,53,福勝,2023-10-24,6950
00929,復華台灣科技優息,55,7,48,福勝,2023-10-24,6950
2002,中鋼,45,2,43,福勝,2023-10-24,6950
00679B,元大美債20年,43,0,43,福勝,2023-10-24,6950
3481,群創,73,32,41,福勝,2023-10-24,6950
3041,揚智,45,6,39,福勝,2023-10-24,6950
2409,友達,39,1,38,福勝,2023-10-24,6950
00637L,元大滬深300正2,30,0,30,福勝,2023-10-24,6950
2069,運錩,30,0,30,福勝,2023-10-24,6950
6438,迅得,25,1,24,福勝,2023-10-24,6950
00712,復華富時不動產,22,0,22,福勝,2023-10-24,6950
2415,錩新,22,0,22,福勝,2023-10-24,6950
3260,威剛,28,7,21,福勝,2023-10-24,6950
3709,鑫聯大投控,21,0,21,福勝,2023-10-24,6950
00753L,中信中國50正2,20,0,20,福勝,2023-10-24,6950
00878,國泰永續高股息,22,2,20,福勝,2023-10-24,6950
00857B,永豐20年美公債,20,0,20,福勝,2023-10-24,6950
2542,興富發,20,0,20,福勝,2023-10-24,6950
4207,環泰,20,0,20,福勝,2023-10-24,6950
6120,達運,20,0,20,福勝,2023-10-24,6950
2344,華邦電,40,21,19,福勝,2023-10-24,6950
2801,彰銀,20,1,19,福勝,2023-10-24,6950
2892,第一金,19,0,19,福勝,2023-10-24,6950
1815,富喬,31,13,18,福勝,2023-10-24,6950
5880,合庫金,16,0,16,福勝,2023-10-24,6950
2406,國碩,20,5,15,福勝,2023-10-24,6950
6168,宏齊,19,4,15,福勝,2023-10-24,6950
2891,中信金,14,0,14,福勝,2023-10-24,6950
4533,協易機,14,1,13,福勝,2023-10-24,6950
3037,欣興,15,3,12,福勝,2023-10-24,6950
00687B,國泰20年美債,11,0,11,福勝,2023-10-24,6950
1324,地球,11,0,11,福勝,2023-10-24,6950
2367,燿華,18,7,11,福勝,2023-10-24,6950
1522,堤維西,12,2,10,福勝,2023-10-24,6950
00922,國泰台灣領袖50,10,0,10,福勝,2023-10-24,6950
1805,寶徠,10,0,10,福勝,2023-10-24,6950
6443,元晶,13,3,10,福勝,2023-10-24,6950
6841,長佳智能,10,0,10,福勝,2023-10-24,6950
8085,福華,10,0,10,福勝,2023-10-24,6950
2454,聯發科,10,1,9,福勝,2023-10-24,6950
00720B,元大投資級公司債,8,0,8,福勝,2023-10-24,6950
1605,華新,10,2,8,福勝,2023-10-24,6950
3189,景碩,8,0,8,福勝,2023-10-24,6950
6139,亞翔,31,23,8,福勝,2023-10-24,6950
3715,定穎投控,11,4,7,福勝,2023-10-24,6950
2404,漢唐,12,5,7,福勝,2023-10-24,6950
3122,笙泉,8,1,7,福勝,2023-10-24,6950
5272,笙科,7,0,7,福勝,2023-10-24,6950
3025,星通,28,21,7,福勝,2023-10-24,6950
2409,友達,916,23,893,福勝,2023-10-25,6950
0056,元大高股息,69,3,66,福勝,2023-10-25,6950
2884,玉山金,63,0,63,福勝,2023-10-25,6950
1785,光洋科,51,0,51,福勝,2023-10-25,6950
2367,燿華,42,0,42,福勝,2023-10-25,6950
4906,正文,33,0,33,福勝,2023-10-25,6950
00885,富邦越南,30,0,30,福勝,2023-10-25,6950
00712,復華富時不動產,27,0,27,福勝,2023-10-25,6950
9105,泰金寶-DR,31,5,26,福勝,2023-10-25,6950
1101,台泥,25,0,25,福勝,2023-10-25,6950
00882,中信中國高股息,30,5,25,福勝,2023-10-25,6950
2888,新光金,25,0,25,福勝,2023-10-25,6950
2462,良得電,23,1,22,福勝,2023-10-25,6950
3481,群創,49,28,21,福勝,2023-10-25,6950
00642U,期元大S＆P石油,20,0,20,福勝,2023-10-25,6950
3709,鑫聯大投控,20,0,20,福勝,2023-10-25,6950
6443,元晶,20,0,20,福勝,2023-10-25,6950
8936,國統,20,2,18,福勝,2023-10-25,6950
2356,英業達,25,8,17,福勝,2023-10-25,6950
00751B,元大AAA至A公司債,16,0,16,福勝,2023-10-25,6950
2405,輔信,26,10,16,福勝,2023-10-25,6950
2610,華航,30,14,16,福勝,2023-10-25,6950
00795B,中信美國公債20年,15,0,15,福勝,2023-10-25,6950
5351,鈺創,20,5,15,福勝,2023-10-25,6950
2399,映泰,17,3,14,福勝,2023-10-25,6950
3706,神達,14,0,14,福勝,2023-10-25,6950
5381,合正,20,6,14,福勝,2023-10-25,6950
3037,欣興,15,2,13,福勝,2023-10-25,6950
00679B,元大美債20年,13,0,13,福勝,2023-10-25,6950
00902,中信電池及儲能,12,0,12,福勝,2023-10-25,6950
2609,陽明,12,0,12,福勝,2023-10-25,6950
3058,立德,12,0,12,福勝,2023-10-25,6950
6415,矽力*-KY,12,0,12,福勝,2023-10-25,6950
2880,華南金,11,0,11,福勝,2023-10-25,6950
4162,智擎,20,9,11,福勝,2023-10-25,6950
6703,軒郁,11,0,11,福勝,2023-10-25,6950
00929,復華台灣科技優息,16,6,10,福勝,2023-10-25,6950
2323,中環,10,0,10,福勝,2023-10-25,6950
5905,南仁湖,10,0,10,福勝,2023-10-25,6950
6197,佳必琪,12,2,10,福勝,2023-10-25,6950
6548,長科*,10,0,10,福勝,2023-10-25,6950
8390,金益鼎,10,0,10,福勝,2023-10-25,6950
2324,仁寶,10,1,9,福勝,2023-10-25,6950
3325,旭品,9,0,9,福勝,2023-10-25,6950
6593,台灣銘板,9,0,9,福勝,2023-10-25,6950
2355,敬鵬,8,0,8,福勝,2023-10-25,6950
3003,健和興,10,2,8,福勝,2023-10-25,6950
5272,笙科,11,3,8,福勝,2023-10-25,6950
5607,遠雄港,8,0,8,福勝,2023-10-25,6950
6117,迎廣,17,9,8,福勝,2023-10-25,6950
00929,復華台灣科技優息,257,14,243,福勝,2023-10-26,6950
2344,華邦電,152,45,107,福勝,2023-10-26,6950
9105,泰金寶-DR,104,20,84,福勝,2023-10-26,6950
0056,元大高股息,68,0,68,福勝,2023-10-26,6950
2618,長榮航,67,0,67,福勝,2023-10-26,6950
2303,聯電,69,7,62,福勝,2023-10-26,6950
00712,復華富時不動產,52,0,52,福勝,2023-10-26,6950
2543,皇昌,50,0,50,福勝,2023-10-26,6950
00878,國泰永續高股息,51,2,49,福勝,2023-10-26,6950
2324,仁寶,50,8,42,福勝,2023-10-26,6950
00919,群益台灣精選高息,49,10,39,福勝,2023-10-26,6950
1101,台泥,31,0,31,福勝,2023-10-26,6950
00673R,期元大S＆P原油反1,30,0,30,福勝,2023-10-26,6950
00713,元大台灣高息低波,30,0,30,福勝,2023-10-26,6950
2069,運錩,30,0,30,福勝,2023-10-26,6950
2023,燁輝,27,0,27,福勝,2023-10-26,6950
00888,永豐台灣ESG,22,0,22,福勝,2023-10-26,6950
1721,三晃,41,19,22,福勝,2023-10-26,6950
6290,良維,22,1,21,福勝,2023-10-26,6950
8358,金居,22,1,21,福勝,2023-10-26,6950
5324,士開,20,0,20,福勝,2023-10-26,6950
6120,達運,20,0,20,福勝,2023-10-26,6950
8176,智捷,20,0,20,福勝,2023-10-26,6950
2405,輔信,20,1,19,福勝,2023-10-26,6950
00881,國泰台灣5G+,17,0,17,福勝,2023-10-26,6950
1324,地球,16,0,16,福勝,2023-10-26,6950
2610,華航,38,22,16,福勝,2023-10-26,6950
3078,僑威,21,5,16,福勝,2023-10-26,6950
3372,典範,16,0,16,福勝,2023-10-26,6950
4956,光鋐,16,0,16,福勝,2023-10-26,6950
8210,勤誠,16,0,16,福勝,2023-10-26,6950
5905,南仁湖,15,0,15,福勝,2023-10-26,6950
6163,華電網,15,0,15,福勝,2023-10-26,6950
5880,合庫金,14,0,14,福勝,2023-10-26,6950
2892,第一金,14,0,14,福勝,2023-10-26,6950
00885,富邦越南,13,0,13,福勝,2023-10-26,6950
2317,鴻海,15,2,13,福勝,2023-10-26,6950
00922,國泰台灣領袖50,12,0,12,福勝,2023-10-26,6950
00893,國泰智能電動車,12,0,12,福勝,2023-10-26,6950
1609,大亞,32,20,12,福勝,2023-10-26,6950
2630,亞航,12,0,12,福勝,2023-10-26,6950
6180,橘子,12,0,12,福勝,2023-10-26,6950
6237,驊訊,14,2,12,福勝,2023-10-26,6950
6548,長科*,12,0,12,福勝,2023-10-26,6950
6593,台灣銘板,15,3,12,福勝,2023-10-26,6950
6139,亞翔,14,3,11,福勝,2023-10-26,6950
2888,新光金,11,0,11,福勝,2023-10-26,6950
6530,創威,11,0,11,福勝,2023-10-26,6950
2382,廣達,22,11,11,福勝,2023-10-26,6950
00637L,元大滬深300正2,12,2,10,福勝,2023-10-26,6950
2409,友達,56,4,52,福勝,2023-10-27,6950
3051,力特,27,0,27,福勝,2023-10-27,6950
00929,復華台灣科技優息,29,3,26,福勝,2023-10-27,6950
2337,旺宏,32,10,22,福勝,2023-10-27,6950
2317,鴻海,23,2,21,福勝,2023-10-27,6950
3709,鑫聯大投控,21,0,21,福勝,2023-10-27,6950
8110,華東,22,1,21,福勝,2023-10-27,6950
3276,宇環,19,0,19,福勝,2023-10-27,6950
2201,裕隆,18,0,18,福勝,2023-10-27,6950
2382,廣達,33,16,17,福勝,2023-10-27,6950
2329,華泰,23,7,16,福勝,2023-10-27,6950
3059,華晶科,24,8,16,福勝,2023-10-27,6950
2390,云辰,31,16,15,福勝,2023-10-27,6950
00922,國泰台灣領袖50,13,0,13,福勝,2023-10-27,6950
2344,華邦電,59,47,12,福勝,2023-10-27,6950
2486,一詮,12,0,12,福勝,2023-10-27,6950
6257,矽格,12,0,12,福勝,2023-10-27,6950
1313,聯成,10,0,10,福勝,2023-10-27,6950
00919,群益台灣精選高息,11,1,10,福勝,2023-10-27,6950
4960,誠美材,16,6,10,福勝,2023-10-27,6950
6163,華電網,10,0,10,福勝,2023-10-27,6950
1604,聲寶,10,1,9,福勝,2023-10-27,6950
2498,宏達電,9,0,9,福勝,2023-10-27,6950
3324,雙鴻,9,0,9,福勝,2023-10-27,6950
6442,光聖,11,2,9,福勝,2023-10-27,6950
3231,緯創,47,39,8,福勝,2023-10-27,6950
2388,威盛,16,8,8,福勝,2023-10-27,6950
2454,聯發科,9,1,8,福勝,2023-10-27,6950
00679B,元大美債20年,8,0,8,福勝,2023-10-27,6950
3481,群創,15,7,8,福勝,2023-10-27,6950
5009,榮剛,10,2,8,福勝,2023-10-27,6950
0056,元大高股息,10,3,7,福勝,2023-10-27,6950
2630,亞航,8,1,7,福勝,2023-10-27,6950
2812,台中銀,7,0,7,福勝,2023-10-27,6950
6139,亞翔,13,6,7,福勝,2023-10-27,6950
3037,欣興,10,3,7,福勝,2023-10-27,6950
2353,宏��,7,1,6,福勝,2023-10-27,6950
2614,東森,6,0,6,福勝,2023-10-27,6950
6901,鑽石投資,6,0,6,福勝,2023-10-27,6950
3014,聯陽,5,0,5,福勝,2023-10-27,6950
1580,新麥,5,0,5,福勝,2023-10-27,6950
00933B,國泰10Y+金融債,5,0,5,福勝,2023-10-27,6950
2415,錩新,5,0,5,福勝,2023-10-27,6950
2543,皇昌,5,0,5,福勝,2023-10-27,6950
3092,鴻碩,5,0,5,福勝,2023-10-27,6950
4977,眾達-KY,5,0,5,福勝,2023-10-27,6950
6216,居易,11,6,5,福勝,2023-10-27,6950
8358,金居,5,0,5,福勝,2023-10-27,6950
9958,世紀鋼,5,0,5,福勝,2023-10-27,6950
2308,台達電,9,5,4,福勝,2023-10-27,6950
6276,安鈦克,105,2,103,福勝,2023-10-30,6950
6477,安集,100,0,100,福勝,2023-10-30,6950
2317,鴻海,102,19,83,福勝,2023-10-30,6950
6443,元晶,126,44,82,福勝,2023-10-30,6950
4973,廣穎,60,1,59,福勝,2023-10-30,6950
00885,富邦越南,50,2,48,福勝,2023-10-30,6950
00712,復華富時不動產,44,0,44,福勝,2023-10-30,6950
2610,華航,46,8,38,福勝,2023-10-30,6950
8034,榮群,30,0,30,福勝,2023-10-30,6950
8110,華東,29,3,26,福勝,2023-10-30,6950
2618,長榮航,25,0,25,福勝,2023-10-30,6950
2356,英業達,28,3,25,福勝,2023-10-30,6950
2390,云辰,36,13,23,福勝,2023-10-30,6950
2337,旺宏,22,2,20,福勝,2023-10-30,6950
4533,協易機,20,0,20,福勝,2023-10-30,6950
9941,裕融,18,0,18,福勝,2023-10-30,6950
3231,緯創,26,8,18,福勝,2023-10-30,6950
2069,運錩,15,0,15,福勝,2023-10-30,6950
1326,台化,14,0,14,福勝,2023-10-30,6950
5426,振發,15,1,14,福勝,2023-10-30,6950
00922,國泰台灣領袖50,13,0,13,福勝,2023-10-30,6950
3576,聯合再生,24,13,11,福勝,2023-10-30,6950
00919,群益台灣精選高息,12,1,11,福勝,2023-10-30,6950
4908,前鼎,12,1,11,福勝,2023-10-30,6950
1219,福壽,10,0,10,福勝,2023-10-30,6950
1760,寶齡富錦,11,1,10,福勝,2023-10-30,6950
2421,建準,10,0,10,福勝,2023-10-30,6950
2516,新建,10,0,10,福勝,2023-10-30,6950
4934,太極,10,0,10,福勝,2023-10-30,6950
5353,台林,10,0,10,福勝,2023-10-30,6950
6114,久威,11,1,10,福勝,2023-10-30,6950
6284,佳邦,10,0,10,福勝,2023-10-30,6950
2330,台積電,10,1,9,福勝,2023-10-30,6950
6550,北極星藥業-KY,10,1,9,福勝,2023-10-30,6950
2303,聯電,9,0,9,福勝,2023-10-30,6950
2609,陽明,13,4,9,福勝,2023-10-30,6950
2025,千興,8,0,8,福勝,2023-10-30,6950
6770,力積電,8,0,8,福勝,2023-10-30,6950
2367,燿華,7,0,7,福勝,2023-10-30,6950
2888,新光金,7,0,7,福勝,2023-10-30,6950
4162,智擎,7,0,7,福勝,2023-10-30,6950
5521,工信,10,3,7,福勝,2023-10-30,6950
6292,迅德,10,3,7,福勝,2023-10-30,6950
1524,耿鼎,8,2,6,福勝,2023-10-30,6950
2029,盛餘,6,0,6,福勝,2023-10-30,6950
2885,元大金,6,0,6,福勝,2023-10-30,6950
3673,TPK-KY,6,0,6,福勝,2023-10-30,6950
6197,佳必琪,7,1,6,福勝,2023-10-30,6950
8071,能率網通,6,0,6,福勝,2023-10-30,6950
4114,健喬,6,0,6,福勝,2023-10-30,6950
2618,長榮航,212,33,179,福勝,2023-10-31,6950
6197,佳必琪,94,2,92,福勝,2023-10-31,6950
2344,華邦電,93,5,88,福勝,2023-10-31,6950
00882,中信中國高股息,44,0,44,福勝,2023-10-31,6950
9105,泰金寶-DR,65,23,42,福勝,2023-10-31,6950
2427,三商電,44,13,31,福勝,2023-10-31,6950
2069,運錩,30,0,30,福勝,2023-10-31,6950
2406,國碩,38,12,26,福勝,2023-10-31,6950
2317,鴻海,37,11,26,福勝,2023-10-31,6950
00929,復華台灣科技優息,33,8,25,福勝,2023-10-31,6950
3363,上詮,30,6,24,福勝,2023-10-31,6950
2883,凱基金,22,0,22,福勝,2023-10-31,6950
1471,首利,21,0,21,福勝,2023-10-31,6950
5521,工信,21,0,21,福勝,2023-10-31,6950
2358,廷鑫,20,0,20,福勝,2023-10-31,6950
2743,山富,20,0,20,福勝,2023-10-31,6950
5608,四維航,20,0,20,福勝,2023-10-31,6950
6233,旺玖,20,0,20,福勝,2023-10-31,6950
3078,僑威,33,14,19,福勝,2023-10-31,6950
0056,元大高股息,18,0,18,福勝,2023-10-31,6950
2031,新光鋼,20,2,18,福勝,2023-10-31,6950
6202,盛群,17,1,16,福勝,2023-10-31,6950
2486,一詮,21,6,15,福勝,2023-10-31,6950
00919,群益台灣精選高息,13,0,13,福勝,2023-10-31,6950
8054,安國,16,3,13,福勝,2023-10-31,6950
00712,復華富時不動產,12,0,12,福勝,2023-10-31,6950
2356,英業達,41,29,12,福勝,2023-10-31,6950
3189,景碩,14,2,12,福勝,2023-10-31,6950
3380,明泰,12,0,12,福勝,2023-10-31,6950
4960,誠美材,17,5,12,福勝,2023-10-31,6950
00922,國泰台灣領袖50,11,0,11,福勝,2023-10-31,6950
8358,金居,11,0,11,福勝,2023-10-31,6950
6235,華孚,18,7,11,福勝,2023-10-31,6950
2301,光寶科,10,0,10,福勝,2023-10-31,6950
2426,鼎元,10,0,10,福勝,2023-10-31,6950
2884,玉山金,11,1,10,福勝,2023-10-31,6950
3704,合勤控,13,3,10,福勝,2023-10-31,6950
5465,富驊,10,0,10,福勝,2023-10-31,6950
6443,元晶,35,25,10,福勝,2023-10-31,6950
2485,兆赫,13,3,10,福勝,2023-10-31,6950
00878,國泰永續高股息,19,10,9,福勝,2023-10-31,6950
2436,偉詮電,9,0,9,福勝,2023-10-31,6950
4908,前鼎,10,1,9,福勝,2023-10-31,6950
5425,台半,10,1,9,福勝,2023-10-31,6950
3231,緯創,43,35,8,福勝,2023-10-31,6950
2363,矽統,8,0,8,福勝,2023-10-31,6950
1513,中興電,14,6,8,福勝,2023-10-31,6950
5272,笙科,13,5,8,福勝,2023-10-31,6950
6548,長科*,8,0,8,福勝,2023-10-31,6950
6117,迎廣,8,1,7,福勝,2023-10-31,6950
2618,長榮航,401,53,348,福勝,2023-11-01,6950
00680L,元大美債20正2,201,0,201,福勝,2023-11-01,6950
3380,明泰,55,1,54,福勝,2023-11-01,6950
2883,凱基金,50,0,50,福勝,2023-11-01,6950
2301,光寶科,53,5,48,福勝,2023-11-01,6950
6274,台燿,48,1,47,福勝,2023-11-01,6950
2305,全友,40,0,40,福勝,2023-11-01,6950
00934,中信成長高股息,39,0,39,福勝,2023-11-01,6950
2382,廣達,50,12,38,福勝,2023-11-01,6950
00929,復華台灣科技優息,44,10,34,福勝,2023-11-01,6950
6104,創惟,33,0,33,福勝,2023-11-01,6950
2323,中環,30,0,30,福勝,2023-11-01,6950
6770,力積電,34,7,27,福勝,2023-11-01,6950
00935,野村臺灣新科技50,24,0,24,福勝,2023-11-01,6950
6789,采鈺,24,0,24,福勝,2023-11-01,6950
2739,寒舍,23,0,23,福勝,2023-11-01,6950
00878,國泰永續高股息,22,0,22,福勝,2023-11-01,6950
1101,台泥,21,0,21,福勝,2023-11-01,6950
2233,宇隆,20,0,20,福勝,2023-11-01,6950
2610,華航,49,36,13,福勝,2023-11-01,6950
6191,精成科,31,18,13,福勝,2023-11-01,6950
6216,居易,12,0,12,福勝,2023-11-01,6950
5425,台半,11,0,11,福勝,2023-11-01,6950
6488,環球晶,14,3,11,福勝,2023-11-01,6950
6117,迎廣,11,1,10,福勝,2023-11-01,6950
1324,地球,10,0,10,福勝,2023-11-01,6950
2002,中鋼,10,0,10,福勝,2023-11-01,6950
2390,云辰,10,0,10,福勝,2023-11-01,6950
2419,仲琦,10,0,10,福勝,2023-11-01,6950
2891,中信金,10,0,10,福勝,2023-11-01,6950
3162,精確,10,0,10,福勝,2023-11-01,6950
6168,宏齊,10,0,10,福勝,2023-11-01,6950
6284,佳邦,18,8,10,福勝,2023-11-01,6950
3706,神達,12,2,10,福勝,2023-11-01,6950
1809,中釉,9,0,9,福勝,2023-11-01,6950
2409,友達,9,0,9,福勝,2023-11-01,6950
6285,啟��,11,2,9,福勝,2023-11-01,6950
8110,華東,10,1,9,福勝,2023-11-01,6950
0056,元大高股息,18,9,9,福勝,2023-11-01,6950
3059,華晶科,8,0,8,福勝,2023-11-01,6950
2634,漢翔,7,0,7,福勝,2023-11-01,6950
2201,裕隆,7,0,7,福勝,2023-11-01,6950
8088,品安,8,1,7,福勝,2023-11-01,6950
1503,士電,8,2,6,福勝,2023-11-01,6950
00921,兆豐龍頭等權重,6,0,6,福勝,2023-11-01,6950
2353,宏��,9,3,6,福勝,2023-11-01,6950
1219,福壽,5,0,5,福勝,2023-11-01,6950
00922,國泰台灣領袖50,5,0,5,福勝,2023-11-01,6950
00712,復華富時不動產,6,1,5,福勝,2023-11-01,6950
2369,菱生,8,3,5,福勝,2023-11-01,6950
2409,友達,499,17,482,福勝,2023-11-02,6950
00637L,元大滬深300正2,100,0,100,福勝,2023-11-02,6950
6126,信音,100,0,100,福勝,2023-11-02,6950
6163,華電網,96,0,96,福勝,2023-11-02,6950
00878,國泰永續高股息,83,2,81,福勝,2023-11-02,6950
2883,凱基金,66,0,66,福勝,2023-11-02,6950
2885,元大金,56,0,56,福勝,2023-11-02,6950
00715L,期街口布蘭特正2,36,0,36,福勝,2023-11-02,6950
2427,三商電,41,9,32,福勝,2023-11-02,6950
00632R,元大台灣50反1,30,0,30,福勝,2023-11-02,6950
2022,聚亨,30,0,30,福勝,2023-11-02,6950
9958,世紀鋼,22,0,22,福勝,2023-11-02,6950
2367,燿華,23,2,21,福勝,2023-11-02,6950
3481,群創,37,17,20,福勝,2023-11-02,6950
2356,英業達,25,5,20,福勝,2023-11-02,6950
3051,力特,20,0,20,福勝,2023-11-02,6950
3682,亞太電,20,0,20,福勝,2023-11-02,6950
2516,新建,19,0,19,福勝,2023-11-02,6950
2382,廣達,30,13,17,福勝,2023-11-02,6950
00712,復華富時不動產,17,0,17,福勝,2023-11-02,6950
00935,野村臺灣新科技50,14,0,14,福勝,2023-11-02,6950
00934,中信成長高股息,14,2,12,福勝,2023-11-02,6950
2069,運錩,12,0,12,福勝,2023-11-02,6950
2606,裕民,12,0,12,福勝,2023-11-02,6950
6271,同欣電,12,0,12,福勝,2023-11-02,6950
00882,中信中國高股息,11,0,11,福勝,2023-11-02,6950
2323,中環,11,0,11,福勝,2023-11-02,6950
4167,松瑞藥,11,0,11,福勝,2023-11-02,6950
6191,精成科,20,9,11,福勝,2023-11-02,6950
8011,台通,11,0,11,福勝,2023-11-02,6950
8110,華東,11,0,11,福勝,2023-11-02,6950
00932,兆豐永續高息等權,10,0,10,福勝,2023-11-02,6950
1727,中華化,10,0,10,福勝,2023-11-02,6950
1810,和成,10,0,10,福勝,2023-11-02,6950
2380,虹光,10,0,10,福勝,2023-11-02,6950
2543,皇昌,10,0,10,福勝,2023-11-02,6950
9946,三發地產,10,0,10,福勝,2023-11-02,6950
2354,鴻準,9,0,9,福勝,2023-11-02,6950
5388,中磊,10,1,9,福勝,2023-11-02,6950
2376,技嘉,10,3,7,福勝,2023-11-02,6950
2330,台積電,14,7,7,福勝,2023-11-02,6950
3189,景碩,6,0,6,福勝,2023-11-02,6950
1519,華城,10,4,6,福勝,2023-11-02,6950
6150,撼訊,12,6,6,福勝,2023-11-02,6950
00902,中信電池及儲能,5,0,5,福勝,2023-11-02,6950
00922,國泰台灣領袖50,5,0,5,福勝,2023-11-02,6950
1102,亞泥,5,0,5,福勝,2023-11-02,6950
2399,映泰,15,10,5,福勝,2023-11-02,6950
2485,兆赫,9,4,5,福勝,2023-11-02,6950
2617,台航,5,0,5,福勝,2023-11-02,6950
2492,華新科,221,10,211,福勝,2023-11-03,6950
8210,勤誠,218,16,202,福勝,2023-11-03,6950
2313,華通,185,11,174,福勝,2023-11-03,6950
2345,智邦,90,3,87,福勝,2023-11-03,6950
2329,華泰,95,15,80,福勝,2023-11-03,6950
00679B,元大美債20年,53,2,51,福勝,2023-11-03,6950
3045,台灣大,50,0,50,福勝,2023-11-03,6950
2363,矽統,124,75,49,福勝,2023-11-03,6950
2301,光寶科,47,6,41,福勝,2023-11-03,6950
2516,新建,40,0,40,福勝,2023-11-03,6950
3231,緯創,41,8,33,福勝,2023-11-03,6950
2427,三商電,30,0,30,福勝,2023-11-03,6950
2542,興富發,25,0,25,福勝,2023-11-03,6950
6163,華電網,25,0,25,福勝,2023-11-03,6950
6282,康舒,23,3,20,福勝,2023-11-03,6950
00935,野村臺灣新科技50,22,3,19,福勝,2023-11-03,6950
8110,華東,21,3,18,福勝,2023-11-03,6950
5347,世界,16,0,16,福勝,2023-11-03,6950
2911,麗嬰房,15,0,15,福勝,2023-11-03,6950
1314,中石化,12,1,11,福勝,2023-11-03,6950
8028,昇陽半導體,14,3,11,福勝,2023-11-03,6950
8150,南茂,16,5,11,福勝,2023-11-03,6950
2317,鴻海,16,6,10,福勝,2023-11-03,6950
4960,誠美材,10,0,10,福勝,2023-11-03,6950
00664R,國泰臺灣加權反1,10,0,10,福勝,2023-11-03,6950
1609,大亞,10,0,10,福勝,2023-11-03,6950
2357,華碩,14,4,10,福勝,2023-11-03,6950
2883,凱基金,10,0,10,福勝,2023-11-03,6950
4123,晟德,10,0,10,福勝,2023-11-03,6950
6541,泰福-KY,10,0,10,福勝,2023-11-03,6950
00929,復華台灣科技優息,21,12,9,福勝,2023-11-03,6950
2353,宏��,20,11,9,福勝,2023-11-03,6950
3078,僑威,19,10,9,福勝,2023-11-03,6950
4114,健喬,10,1,9,福勝,2023-11-03,6950
1568,倉佑,8,0,8,福勝,2023-11-03,6950
4938,和碩,8,1,7,福勝,2023-11-03,6950
9950,萬國通,8,1,7,福勝,2023-11-03,6950
2390,云辰,7,1,6,福勝,2023-11-03,6950
2458,義隆,10,4,6,福勝,2023-11-03,6950
4188,安克,6,0,6,福勝,2023-11-03,6950
6593,台灣銘板,6,0,6,福勝,2023-11-03,6950
0056,元大高股息,5,0,5,福勝,2023-11-03,6950
1324,地球,10,5,5,福勝,2023-11-03,6950
2615,萬海,7,2,5,福勝,2023-11-03,6950
2816,旺旺保,7,2,5,福勝,2023-11-03,6950
3702,大聯大,6,1,5,福勝,2023-11-03,6950
4545,銘鈺,5,0,5,福勝,2023-11-03,6950
6115,鎰勝,5,0,5,福勝,2023-11-03,6950
8016,矽創,4,0,4,福勝,2023-11-03,6950
1504,東元,4,0,4,福勝,2023-11-03,6950
2618,長榮航,142,35,107,福勝,2023-11-06,6950
2313,華通,80,0,80,福勝,2023-11-06,6950
00850,元大臺灣ESG永續,75,0,75,福勝,2023-11-06,6950
1210,大成,65,0,65,福勝,2023-11-06,6950
6163,華電網,61,3,58,福勝,2023-11-06,6950
2363,矽統,74,21,53,福勝,2023-11-06,6950
00632R,元大台灣50反1,50,0,50,福勝,2023-11-06,6950
9105,泰金寶-DR,30,0,30,福勝,2023-11-06,6950
1524,耿鼎,36,11,25,福勝,2023-11-06,6950
2888,新光金,30,5,25,福勝,2023-11-06,6950
3673,TPK-KY,25,0,25,福勝,2023-11-06,6950
1471,首利,24,0,24,福勝,2023-11-06,6950
2369,菱生,27,5,22,福勝,2023-11-06,6950
3231,緯創,57,36,21,福勝,2023-11-06,6950
1580,新麥,20,0,20,福勝,2023-11-06,6950
1905,華紙,20,0,20,福勝,2023-11-06,6950
8110,華東,19,0,19,福勝,2023-11-06,6950
00679B,元大美債20年,49,31,18,福勝,2023-11-06,6950
6492,生華科,18,0,18,福勝,2023-11-06,6950
9950,萬國通,20,3,17,福勝,2023-11-06,6950
00931B,統一美債20年,16,0,16,福勝,2023-11-06,6950
6531,愛普*,16,3,13,福勝,2023-11-06,6950
2515,中工,13,0,13,福勝,2023-11-06,6950
2421,建準,17,4,13,福勝,2023-11-06,6950
00897,富邦基因免疫生技,12,0,12,福勝,2023-11-06,6950
6235,華孚,13,1,12,福勝,2023-11-06,6950
6770,力積電,18,6,12,福勝,2023-11-06,6950
3704,合勤控,14,3,11,福勝,2023-11-06,6950
2317,鴻海,26,15,11,福勝,2023-11-06,6950
00724B,群益投資級金融債,10,0,10,福勝,2023-11-06,6950
1802,台玻,10,0,10,福勝,2023-11-06,6950
3373,熱映,10,0,10,福勝,2023-11-06,6950
6625,必應,10,0,10,福勝,2023-11-06,6950
6901,鑽石投資,12,2,10,福勝,2023-11-06,6950
8150,南茂,10,0,10,福勝,2023-11-06,6950
3481,群創,12,3,9,福勝,2023-11-06,6950
2332,友訊,9,1,8,福勝,2023-11-06,6950
2610,華航,10,2,8,福勝,2023-11-06,6950
2637,慧洋-KY,8,0,8,福勝,2023-11-06,6950
6130,上亞科技,8,0,8,福勝,2023-11-06,6950
1301,台塑,8,0,8,福勝,2023-11-06,6950
3034,聯詠,11,3,8,福勝,2023-11-06,6950
5351,鈺創,7,0,7,福勝,2023-11-06,6950
8068,全達,7,0,7,福勝,2023-11-06,6950
4967,十銓,7,1,6,福勝,2023-11-06,6950
1504,東元,6,0,6,福勝,2023-11-06,6950
3088,艾訊,6,0,6,福勝,2023-11-06,6950
3176,基亞,12,6,6,福勝,2023-11-06,6950
3252,海灣,6,0,6,福勝,2023-11-06,6950
5432,新門,8,2,6,福勝,2023-11-06,6950
2618,長榮航,379,3,376,福勝,2023-11-07,6950
00929,復華台灣科技優息,178,13,165,福勝,2023-11-07,6950
1210,大成,95,0,95,福勝,2023-11-07,6950
6197,佳必琪,37,0,37,福勝,2023-11-07,6950
5351,鈺創,36,0,36,福勝,2023-11-07,6950
2409,友達,41,11,30,福勝,2023-11-07,6950
1513,中興電,30,1,29,福勝,2023-11-07,6950
00878,國泰永續高股息,32,5,27,福勝,2023-11-07,6950
2002,中鋼,28,1,27,福勝,2023-11-07,6950
4167,松瑞藥,27,0,27,福勝,2023-11-07,6950
2388,威盛,43,16,27,福勝,2023-11-07,6950
2610,華航,24,1,23,福勝,2023-11-07,6950
2382,廣達,33,10,23,福勝,2023-11-07,6950
2516,新建,20,0,20,福勝,2023-11-07,6950
5905,南仁湖,20,0,20,福勝,2023-11-07,6950
6015,宏遠證,20,0,20,福勝,2023-11-07,6950
6284,佳邦,31,11,20,福勝,2023-11-07,6950
9950,萬國通,29,10,19,福勝,2023-11-07,6950
00673R,期元大S＆P原油反1,20,2,18,福勝,2023-11-07,6950
3673,TPK-KY,20,2,18,福勝,2023-11-07,6950
2029,盛餘,16,0,16,福勝,2023-11-07,6950
2484,希華,30,15,15,福勝,2023-11-07,6950
2323,中環,26,13,13,福勝,2023-11-07,6950
00712,復華富時不動產,12,0,12,福勝,2023-11-07,6950
4545,銘鈺,12,0,12,福勝,2023-11-07,6950
2358,廷鑫,11,0,11,福勝,2023-11-07,6950
2401,凌陽,25,14,11,福勝,2023-11-07,6950
2317,鴻海,11,0,11,福勝,2023-11-07,6950
2454,聯發科,11,1,10,福勝,2023-11-07,6950
2059,川湖,11,1,10,福勝,2023-11-07,6950
6443,元晶,10,0,10,福勝,2023-11-07,6950
9105,泰金寶-DR,10,0,10,福勝,2023-11-07,6950
2354,鴻準,10,0,10,福勝,2023-11-07,6950
1101,台泥,12,2,10,福勝,2023-11-07,6950
2485,兆赫,10,1,9,福勝,2023-11-07,6950
5302,太欣,9,0,9,福勝,2023-11-07,6950
6679,鈺太,10,1,9,福勝,2023-11-07,6950
2892,第一金,10,1,9,福勝,2023-11-07,6950
00882,中信中國高股息,8,0,8,福勝,2023-11-07,6950
00633L,富邦上証正2,8,0,8,福勝,2023-11-07,6950
2324,仁寶,19,11,8,福勝,2023-11-07,6950
2634,漢翔,8,0,8,福勝,2023-11-07,6950
3060,銘異,8,0,8,福勝,2023-11-07,6950
6117,迎廣,14,6,8,福勝,2023-11-07,6950
6168,宏齊,10,2,8,福勝,2023-11-07,6950
6488,環球晶,8,0,8,福勝,2023-11-07,6950
8150,南茂,8,0,8,福勝,2023-11-07,6950
3623,富晶通,7,0,7,福勝,2023-11-07,6950
3450,聯鈞,6,0,6,福勝,2023-11-07,6950
2368,金像電,15,9,6,福勝,2023-11-07,6950
8110,華東,91,0,91,福勝,2023-11-08,6950
00936,台新永續高息中小,86,5,81,福勝,2023-11-08,6950
00632R,元大台灣50反1,80,0,80,福勝,2023-11-08,6950
00931B,統一美債20年,65,0,65,福勝,2023-11-08,6950
3576,聯合再生,55,0,55,福勝,2023-11-08,6950
1809,中釉,51,0,51,福勝,2023-11-08,6950
00885,富邦越南,50,0,50,福勝,2023-11-08,6950
01010T,京城樂富R1,50,0,50,福勝,2023-11-08,6950
1210,大成,45,0,45,福勝,2023-11-08,6950
6189,豐藝,45,1,44,福勝,2023-11-08,6950
6667,信紘科,41,0,41,福勝,2023-11-08,6950
00633L,富邦上証正2,40,0,40,福勝,2023-11-08,6950
6679,鈺太,40,0,40,福勝,2023-11-08,6950
2618,長榮航,70,39,31,福勝,2023-11-08,6950
1815,富喬,39,9,30,福勝,2023-11-08,6950
1609,大亞,52,26,26,福勝,2023-11-08,6950
2363,矽統,114,89,25,福勝,2023-11-08,6950
2820,華票,23,0,23,福勝,2023-11-08,6950
2303,聯電,33,11,22,福勝,2023-11-08,6950
1504,東元,23,3,20,福勝,2023-11-08,6950
2344,華邦電,21,1,20,福勝,2023-11-08,6950
3682,亞太電,20,0,20,福勝,2023-11-08,6950
6160,欣技,20,0,20,福勝,2023-11-08,6950
6806,森崴能源,20,0,20,福勝,2023-11-08,6950
1519,華城,20,1,19,福勝,2023-11-08,6950
2884,玉山金,19,0,19,福勝,2023-11-08,6950
2337,旺宏,16,0,16,福勝,2023-11-08,6950
5347,世界,18,2,16,福勝,2023-11-08,6950
00642U,期元大S＆P石油,15,0,15,福勝,2023-11-08,6950
2488,漢平,15,0,15,福勝,2023-11-08,6950
4977,眾達-KY,15,0,15,福勝,2023-11-08,6950
2388,威盛,22,8,14,福勝,2023-11-08,6950
3037,欣興,13,0,13,福勝,2023-11-08,6950
00679B,元大美債20年,13,0,13,福勝,2023-11-08,6950
6122,擎邦,13,1,12,福勝,2023-11-08,6950
2515,中工,12,0,12,福勝,2023-11-08,6950
1785,光洋科,11,0,11,福勝,2023-11-08,6950
2883,凱基金,11,0,11,福勝,2023-11-08,6950
5465,富驊,16,5,11,福勝,2023-11-08,6950
2323,中環,11,1,10,福勝,2023-11-08,6950
2641,正德,10,0,10,福勝,2023-11-08,6950
3322,建舜電,10,0,10,福勝,2023-11-08,6950
4529,淳紳,10,0,10,福勝,2023-11-08,6950
6603,富強鑫,10,0,10,福勝,2023-11-08,6950
1314,中石化,9,0,9,福勝,2023-11-08,6950
4908,前鼎,9,0,9,福勝,2023-11-08,6950
6139,亞翔,10,1,9,福勝,2023-11-08,6950
8111,立��,9,0,9,福勝,2023-11-08,6950
1467,南緯,8,0,8,福勝,2023-11-08,6950
2401,凌陽,10,2,8,福勝,2023-11-08,6950
2618,長榮航,402,42,360,福勝,2023-11-09,6950
00751B,元大AAA至A公司債,80,0,80,福勝,2023-11-09,6950
2427,三商電,116,42,74,福勝,2023-11-09,6950
00679B,元大美債20年,54,0,54,福勝,2023-11-09,6950
01010T,京城樂富R1,50,0,50,福勝,2023-11-09,6950
2329,華泰,73,23,50,福勝,2023-11-09,6950
2363,矽統,126,82,44,福勝,2023-11-09,6950
2344,華邦電,50,10,40,福勝,2023-11-09,6950
2337,旺宏,53,16,37,福勝,2023-11-09,6950
1314,中石化,46,10,36,福勝,2023-11-09,6950
2331,精英,36,1,35,福勝,2023-11-09,6950
2352,佳世達,36,2,34,福勝,2023-11-09,6950
2610,華航,41,7,34,福勝,2023-11-09,6950
6191,精成科,32,0,32,福勝,2023-11-09,6950
2069,運錩,32,3,29,福勝,2023-11-09,6950
3122,笙泉,30,3,27,福勝,2023-11-09,6950
6485,點序,27,0,27,福勝,2023-11-09,6950
00850,元大臺灣ESG永續,25,0,25,福勝,2023-11-09,6950
6163,華電網,25,0,25,福勝,2023-11-09,6950
6901,鑽石投資,19,1,18,福勝,2023-11-09,6950
5347,世界,18,1,17,福勝,2023-11-09,6950
1522,堤維西,16,0,16,福勝,2023-11-09,6950
00878,國泰永續高股息,21,6,15,福勝,2023-11-09,6950
2605,新興,14,0,14,福勝,2023-11-09,6950
2905,三商,14,0,14,福勝,2023-11-09,6950
3013,晟銘電,16,2,14,福勝,2023-11-09,6950
00885,富邦越南,13,0,13,福勝,2023-11-09,6950
2201,裕隆,14,1,13,福勝,2023-11-09,6950
5302,太欣,13,0,13,福勝,2023-11-09,6950
5521,工信,21,8,13,福勝,2023-11-09,6950
3715,定穎投控,14,2,12,福勝,2023-11-09,6950
6161,捷波,12,0,12,福勝,2023-11-09,6950
8034,榮群,23,11,12,福勝,2023-11-09,6950
3041,揚智,29,18,11,福勝,2023-11-09,6950
3014,聯陽,11,1,10,福勝,2023-11-09,6950
00929,復華台灣科技優息,18,8,10,福勝,2023-11-09,6950
00936,台新永續高息中小,10,0,10,福勝,2023-11-09,6950
1304,台聚,10,0,10,福勝,2023-11-09,6950
2390,云辰,10,0,10,福勝,2023-11-09,6950
3322,建舜電,10,0,10,福勝,2023-11-09,6950
4960,誠美材,10,0,10,福勝,2023-11-09,6950
6182,合晶,10,0,10,福勝,2023-11-09,6950
3693,營邦,11,2,9,福勝,2023-11-09,6950
00665L,富邦�琤肭磪囓�2,9,0,9,福勝,2023-11-09,6950
2303,聯電,21,12,9,福勝,2023-11-09,6950
2356,英業達,21,12,9,福勝,2023-11-09,6950
00687B,國泰20年美債,8,0,8,福勝,2023-11-09,6950
1721,三晃,9,1,8,福勝,2023-11-09,6950
1815,富喬,8,0,8,福勝,2023-11-09,6950
2379,瑞昱,8,0,8,福勝,2023-11-09,6950
00642U,期元大S＆P石油,80,0,80,福勝,2023-11-10,6950
01010T,京城樂富R1,50,0,50,福勝,2023-11-10,6950
3231,緯創,65,16,49,福勝,2023-11-10,6950
1234,黑松,33,0,33,福勝,2023-11-10,6950
4128,中天,52,19,33,福勝,2023-11-10,6950
1402,遠東新,30,3,27,福勝,2023-11-10,6950
2888,新光金,27,0,27,福勝,2023-11-10,6950
2231,為升,25,0,25,福勝,2023-11-10,6950
5521,工信,25,0,25,福勝,2023-11-10,6950
5347,世界,23,0,23,福勝,2023-11-10,6950
1460,宏遠,20,0,20,福勝,2023-11-10,6950
00664R,國泰臺灣加權反1,20,0,20,福勝,2023-11-10,6950
2069,運錩,20,0,20,福勝,2023-11-10,6950
2450,神腦,20,0,20,福勝,2023-11-10,6950
2303,聯電,19,3,16,福勝,2023-11-10,6950
2331,精英,21,6,15,福勝,2023-11-10,6950
2486,一詮,16,1,15,福勝,2023-11-10,6950
2201,裕隆,14,0,14,福勝,2023-11-10,6950
2329,華泰,26,12,14,福勝,2023-11-10,6950
00665L,富邦�琤肭磪囓�2,13,0,13,福勝,2023-11-10,6950
1815,富喬,13,0,13,福勝,2023-11-10,6950
2618,長榮航,14,1,13,福勝,2023-11-10,6950
2889,國票金,13,0,13,福勝,2023-11-10,6950
5258,虹堡,13,0,13,福勝,2023-11-10,6950
2382,廣達,20,7,13,福勝,2023-11-10,6950
2059,川湖,12,0,12,福勝,2023-11-10,6950
3041,揚智,14,2,12,福勝,2023-11-10,6950
00885,富邦越南,11,0,11,福勝,2023-11-10,6950
2408,南亞科,11,0,11,福勝,2023-11-10,6950
3712,永崴投控,12,1,11,福勝,2023-11-10,6950
4979,華星光,12,1,11,福勝,2023-11-10,6950
6117,迎廣,19,8,11,福勝,2023-11-10,6950
2376,技嘉,14,4,10,福勝,2023-11-10,6950
1101,台泥,10,0,10,福勝,2023-11-10,6950
1313,聯成,10,0,10,福勝,2023-11-10,6950
1570,力肯,10,0,10,福勝,2023-11-10,6950
2312,金寶,10,0,10,福勝,2023-11-10,6950
2409,友達,10,0,10,福勝,2023-11-10,6950
3693,營邦,12,2,10,福勝,2023-11-10,6950
4960,誠美材,10,0,10,福勝,2023-11-10,6950
6104,創惟,10,0,10,福勝,2023-11-10,6950
6160,欣技,10,0,10,福勝,2023-11-10,6950
8034,榮群,10,0,10,福勝,2023-11-10,6950
9921,巨大,10,0,10,福勝,2023-11-10,6950
2419,仲琦,9,0,9,福勝,2023-11-10,6950
2736,富野,10,1,9,福勝,2023-11-10,6950
00687B,國泰20年美債,8,0,8,福勝,2023-11-10,6950
6530,創威,12,4,8,福勝,2023-11-10,6950
00680L,元大美債20正2,7,0,7,福勝,2023-11-10,6950
00931B,統一美債20年,7,0,7,福勝,2023-11-10,6950
00637L,元大滬深300正2,370,0,370,福勝,2023-11-13,6950
2618,長榮航,73,5,68,福勝,2023-11-13,6950
00929,復華台灣科技優息,76,11,65,福勝,2023-11-13,6950
00673R,期元大S＆P原油反1,50,0,50,福勝,2023-11-13,6950
00671R,富邦NASDAQ反1,50,0,50,福勝,2023-11-13,6950
00632R,元大台灣50反1,50,0,50,福勝,2023-11-13,6950
01010T,京城樂富R1,49,0,49,福勝,2023-11-13,6950
2069,運錩,40,0,40,福勝,2023-11-13,6950
6282,康舒,31,2,29,福勝,2023-11-13,6950
2888,新光金,26,0,26,福勝,2023-11-13,6950
00720B,元大投資級公司債,22,0,22,福勝,2023-11-13,6950
2368,金像電,21,0,21,福勝,2023-11-13,6950
2460,建通,20,0,20,福勝,2023-11-13,6950
2382,廣達,59,40,19,福勝,2023-11-13,6950
2204,中華,17,0,17,福勝,2023-11-13,6950
3483,力致,18,1,17,福勝,2023-11-13,6950
4533,協易機,20,5,15,福勝,2023-11-13,6950
4552,力達-KY,15,0,15,福勝,2023-11-13,6950
6770,力積電,16,1,15,福勝,2023-11-13,6950
2367,燿華,14,0,14,福勝,2023-11-13,6950
3032,偉訓,17,3,14,福勝,2023-11-13,6950
2610,華航,37,24,13,福勝,2023-11-13,6950
2328,廣宇,13,0,13,福勝,2023-11-13,6950
1815,富喬,15,3,12,福勝,2023-11-13,6950
8050,廣積,12,0,12,福勝,2023-11-13,6950
1514,亞力,13,2,11,福勝,2023-11-13,6950
3036,文曄,11,0,11,福勝,2023-11-13,6950
3105,穩懋,11,0,11,福勝,2023-11-13,6950
3390,旭軟,11,0,11,福勝,2023-11-13,6950
2206,三陽工業,10,0,10,福勝,2023-11-13,6950
2329,華泰,41,31,10,福勝,2023-11-13,6950
2380,虹光,10,0,10,福勝,2023-11-13,6950
2426,鼎元,10,0,10,福勝,2023-11-13,6950
2634,漢翔,14,4,10,福勝,2023-11-13,6950
4113,聯上,10,0,10,福勝,2023-11-13,6950
4960,誠美材,10,0,10,福勝,2023-11-13,6950
5880,合庫金,10,0,10,福勝,2023-11-13,6950
8034,榮群,10,0,10,福勝,2023-11-13,6950
00690,兆豐藍籌30,9,0,9,福勝,2023-11-13,6950
2032,新鋼,10,2,8,福勝,2023-11-13,6950
2454,聯發科,12,4,8,福勝,2023-11-13,6950
3693,營邦,8,1,7,福勝,2023-11-13,6950
00900,富邦特選高股息30,6,0,6,福勝,2023-11-13,6950
00882,中信中國高股息,6,0,6,福勝,2023-11-13,6950
2031,新光鋼,6,0,6,福勝,2023-11-13,6950
2408,南亞科,9,3,6,福勝,2023-11-13,6950
2515,中工,6,0,6,福勝,2023-11-13,6950
6156,松上,6,0,6,福勝,2023-11-13,6950
8033,雷虎,6,0,6,福勝,2023-11-13,6950
4763,材料-KY,8,2,6,福勝,2023-11-13,6950
3689,湧德,88,1,87,福勝,2023-11-14,6950
3231,緯創,96,14,82,福勝,2023-11-14,6950
6282,康舒,58,1,57,福勝,2023-11-14,6950
1815,富喬,45,2,43,福勝,2023-11-14,6950
00633L,富邦上証正2,40,0,40,福勝,2023-11-14,6950
00900,富邦特選高股息30,39,0,39,福勝,2023-11-14,6950
1504,東元,35,0,35,福勝,2023-11-14,6950
2313,華通,38,3,35,福勝,2023-11-14,6950
6156,松上,29,0,29,福勝,2023-11-14,6950
2303,聯電,35,8,27,福勝,2023-11-14,6950
2417,圓剛,31,6,25,福勝,2023-11-14,6950
3036,文曄,25,4,21,福勝,2023-11-14,6950
2031,新光鋼,20,0,20,福勝,2023-11-14,6950
3260,威剛,25,5,20,福勝,2023-11-14,6950
3481,群創,30,12,18,福勝,2023-11-14,6950
6231,系微,18,0,18,福勝,2023-11-14,6950
1522,堤維西,23,6,17,福勝,2023-11-14,6950
1609,大亞,19,2,17,福勝,2023-11-14,6950
2610,華航,18,1,17,福勝,2023-11-14,6950
01010T,京城樂富R1,16,0,16,福勝,2023-11-14,6950
2402,毅嘉,19,4,15,福勝,2023-11-14,6950
2801,彰銀,15,0,15,福勝,2023-11-14,6950
3228,金麗科,16,2,14,福勝,2023-11-14,6950
3325,旭品,13,0,13,福勝,2023-11-14,6950
2425,承啟,10,0,10,福勝,2023-11-14,6950
3013,晟銘電,10,0,10,福勝,2023-11-14,6950
5880,合庫金,10,0,10,福勝,2023-11-14,6950
6603,富強鑫,10,0,10,福勝,2023-11-14,6950
2204,中華,8,0,8,福勝,2023-11-14,6950
2498,宏達電,14,6,8,福勝,2023-11-14,6950
2607,榮運,9,1,8,福勝,2023-11-14,6950
2609,陽明,26,18,8,福勝,2023-11-14,6950
3032,偉訓,12,4,8,福勝,2023-11-14,6950
1229,聯華,7,0,7,福勝,2023-11-14,6950
2380,虹光,10,3,7,福勝,2023-11-14,6950
9945,潤泰新,10,3,7,福勝,2023-11-14,6950
3078,僑威,9,3,6,福勝,2023-11-14,6950
4552,力達-KY,8,2,6,福勝,2023-11-14,6950
8068,全達,6,0,6,福勝,2023-11-14,6950
8176,智捷,8,2,6,福勝,2023-11-14,6950
00637L,元大滬深300正2,275,270,5,福勝,2023-11-14,6950
00885,富邦越南,13,8,5,福勝,2023-11-14,6950
00933B,國泰10Y+金融債,5,0,5,福勝,2023-11-14,6950
00930,永豐ESG低碳高息,5,0,5,福勝,2023-11-14,6950
2401,凌陽,5,0,5,福勝,2023-11-14,6950
2460,建通,5,0,5,福勝,2023-11-14,6950
2480,敦陽科,5,0,5,福勝,2023-11-14,6950
2486,一詮,7,2,5,福勝,2023-11-14,6950
2515,中工,5,0,5,福勝,2023-11-14,6950
2892,第一金,5,0,5,福勝,2023-11-14,6950
00673R,期元大S＆P原油反1,120,0,120,福勝,2023-11-15,6950
00878,國泰永續高股息,123,10,113,福勝,2023-11-15,6950
00632R,元大台灣50反1,85,0,85,福勝,2023-11-15,6950
00720B,元大投資級公司債,60,0,60,福勝,2023-11-15,6950
6226,光鼎,55,0,55,福勝,2023-11-15,6950
2498,宏達電,71,19,52,福勝,2023-11-15,6950
2867,三商壽,35,4,31,福勝,2023-11-15,6950
6026,福邦證,30,0,30,福勝,2023-11-15,6950
2356,英業達,56,27,29,福勝,2023-11-15,6950
2444,兆勁,26,0,26,福勝,2023-11-15,6950
01010T,京城樂富R1,25,0,25,福勝,2023-11-15,6950
00919,群益台灣精選高息,25,1,24,福勝,2023-11-15,6950
2449,京元電子,24,2,22,福勝,2023-11-15,6950
2374,佳能,23,1,22,福勝,2023-11-15,6950
00929,復華台灣科技優息,62,41,21,福勝,2023-11-15,6950
3169,亞信,21,0,21,福勝,2023-11-15,6950
4123,晟德,20,0,20,福勝,2023-11-15,6950
2353,宏��,30,11,19,福勝,2023-11-15,6950
2610,華航,25,6,19,福勝,2023-11-15,6950
2369,菱生,27,9,18,福勝,2023-11-15,6950
3521,鴻翊,17,0,17,福勝,2023-11-15,6950
2317,鴻海,23,7,16,福勝,2023-11-15,6950
3450,聯鈞,15,0,15,福勝,2023-11-15,6950
4956,光鋐,15,0,15,福勝,2023-11-15,6950
1815,富喬,14,0,14,福勝,2023-11-15,6950
6509,聚和,11,0,11,福勝,2023-11-15,6950
2340,台亞,11,0,11,福勝,2023-11-15,6950
00899,FT潔淨能源,10,0,10,福勝,2023-11-15,6950
1727,中華化,10,0,10,福勝,2023-11-15,6950
3032,偉訓,11,1,10,福勝,2023-11-15,6950
3043,科風,10,0,10,福勝,2023-11-15,6950
8234,新漢,10,0,10,福勝,2023-11-15,6950
6285,啟��,11,1,10,福勝,2023-11-15,6950
2884,玉山金,11,2,9,福勝,2023-11-15,6950
6005,群益證,10,1,9,福勝,2023-11-15,6950
6118,建達,9,0,9,福勝,2023-11-15,6950
1618,合機,10,2,8,福勝,2023-11-15,6950
2801,彰銀,8,0,8,福勝,2023-11-15,6950
5465,富驊,8,0,8,福勝,2023-11-15,6950
1101,台泥,12,5,7,福勝,2023-11-15,6950
2371,大同,9,2,7,福勝,2023-11-15,6950
2440,太空梭,7,0,7,福勝,2023-11-15,6950
3704,合勤控,8,1,7,福勝,2023-11-15,6950
6139,亞翔,8,1,7,福勝,2023-11-15,6950
6243,迅杰,7,0,7,福勝,2023-11-15,6950
3163,波若威,7,1,6,福勝,2023-11-15,6950
1504,東元,6,0,6,福勝,2023-11-15,6950
2415,錩新,6,0,6,福勝,2023-11-15,6950
2883,凱基金,6,0,6,福勝,2023-11-15,6950
4967,十銓,7,1,6,福勝,2023-11-15,6950
00706L,期元大S＆P日圓正2,200,0,200,福勝,2023-11-16,6950
00637L,元大滬深300正2,205,5,200,福勝,2023-11-16,6950
3032,偉訓,73,0,73,福勝,2023-11-16,6950
2705,六福,55,0,55,福勝,2023-11-16,6950
00642U,期元大S＆P石油,50,0,50,福勝,2023-11-16,6950
2344,華邦電,61,26,35,福勝,2023-11-16,6950
00878,國泰永續高股息,32,7,25,福勝,2023-11-16,6950
01010T,京城樂富R1,20,0,20,福勝,2023-11-16,6950
00885,富邦越南,20,0,20,福勝,2023-11-16,6950
5452,佶優,20,0,20,福勝,2023-11-16,6950
00680L,元大美債20正2,17,0,17,福勝,2023-11-16,6950
6901,鑽石投資,16,0,16,福勝,2023-11-16,6950
2357,華碩,15,0,15,福勝,2023-11-16,6950
1515,力山,22,8,14,福勝,2023-11-16,6950
1605,華新,14,0,14,福勝,2023-11-16,6950
3006,晶豪科,14,1,13,福勝,2023-11-16,6950
2323,中環,22,11,11,福勝,2023-11-16,6950
9950,萬國通,21,10,11,福勝,2023-11-16,6950
5706,鳳凰,11,0,11,福勝,2023-11-16,6950
00929,復華台灣科技優息,20,10,10,福勝,2023-11-16,6950
1459,聯發,10,0,10,福勝,2023-11-16,6950
1598,岱宇,10,0,10,福勝,2023-11-16,6950
2030,彰源,10,0,10,福勝,2023-11-16,6950
2104,國際中橡,10,0,10,福勝,2023-11-16,6950
2641,正德,10,0,10,福勝,2023-11-16,6950
2816,旺旺保,10,0,10,福勝,2023-11-16,6950
4904,遠傳,10,0,10,福勝,2023-11-16,6950
1760,寶齡富錦,10,1,9,福勝,2023-11-16,6950
2417,圓剛,29,20,9,福勝,2023-11-16,6950
2388,威盛,15,6,9,福勝,2023-11-16,6950
2329,華泰,83,75,8,福勝,2023-11-16,6950
00900,富邦特選高股息30,8,0,8,福勝,2023-11-16,6950
1504,東元,12,4,8,福勝,2023-11-16,6950
2337,旺宏,38,30,8,福勝,2023-11-16,6950
3265,台星科,10,2,8,福勝,2023-11-16,6950
3362,先進光,9,1,8,福勝,2023-11-16,6950
2881,富邦金,10,2,8,福勝,2023-11-16,6950
2363,矽統,15,7,8,福勝,2023-11-16,6950
2369,菱生,13,6,7,福勝,2023-11-16,6950
2382,廣達,17,10,7,福勝,2023-11-16,6950
2498,宏達電,10,3,7,福勝,2023-11-16,6950
2637,慧洋-KY,7,0,7,福勝,2023-11-16,6950
3034,聯詠,7,0,7,福勝,2023-11-16,6950
6456,GIS-KY,11,4,7,福勝,2023-11-16,6950
1303,南亞,12,6,6,福勝,2023-11-16,6950
6271,同欣電,6,0,6,福勝,2023-11-16,6950
00679B,元大美債20年,6,0,6,福勝,2023-11-16,6950
1514,亞力,7,1,6,福勝,2023-11-16,6950
8011,台通,6,0,6,福勝,2023-11-16,6950
8034,榮群,20,14,6,福勝,2023-11-16,6950
00637L,元大滬深300正2,310,0,310,福勝,2023-11-17,6950
00642U,期元大S＆P石油,115,0,115,福勝,2023-11-17,6950
00715L,期街口布蘭特正2,102,0,102,福勝,2023-11-17,6950
2355,敬鵬,119,22,97,福勝,2023-11-17,6950
2845,遠東銀,50,0,50,福勝,2023-11-17,6950
2347,聯強,45,0,45,福勝,2023-11-17,6950
2605,新興,41,1,40,福勝,2023-11-17,6950
2402,毅嘉,68,29,39,福勝,2023-11-17,6950
1609,大亞,53,17,36,福勝,2023-11-17,6950
6104,創惟,37,1,36,福勝,2023-11-17,6950
2371,大同,29,2,27,福勝,2023-11-17,6950
00679B,元大美債20年,25,0,25,福勝,2023-11-17,6950
00885,富邦越南,25,0,25,福勝,2023-11-17,6950
2610,華航,37,17,20,福勝,2023-11-17,6950
6118,建達,20,0,20,福勝,2023-11-17,6950
3260,威剛,23,3,20,福勝,2023-11-17,6950
2367,燿華,33,14,19,福勝,2023-11-17,6950
2705,六福,54,35,19,福勝,2023-11-17,6950
6243,迅杰,21,3,18,福勝,2023-11-17,6950
2344,華邦電,17,1,16,福勝,2023-11-17,6950
00665L,富邦�琤肭磪囓�2,15,0,15,福勝,2023-11-17,6950
01010T,京城樂富R1,13,0,13,福勝,2023-11-17,6950
2365,昆盈,13,0,13,福勝,2023-11-17,6950
3036,文曄,13,0,13,福勝,2023-11-17,6950
00720B,元大投資級公司債,12,0,12,福勝,2023-11-17,6950
2328,廣宇,12,0,12,福勝,2023-11-17,6950
2356,英業達,17,5,12,福勝,2023-11-17,6950
2390,云辰,12,0,12,福勝,2023-11-17,6950
3032,偉訓,12,0,12,福勝,2023-11-17,6950
4979,華星光,13,1,12,福勝,2023-11-17,6950
1339,昭輝,11,0,11,福勝,2023-11-17,6950
1522,堤維西,12,1,11,福勝,2023-11-17,6950
9958,世紀鋼,11,0,11,福勝,2023-11-17,6950
1446,宏和,10,0,10,福勝,2023-11-17,6950
2615,萬海,10,0,10,福勝,2023-11-17,6950
2883,凱基金,10,0,10,福勝,2023-11-17,6950
3266,昇陽,10,0,10,福勝,2023-11-17,6950
4906,正文,10,0,10,福勝,2023-11-17,6950
1568,倉佑,9,0,9,福勝,2023-11-17,6950
2457,飛宏,13,4,9,福勝,2023-11-17,6950
6901,鑽石投資,10,1,9,福勝,2023-11-17,6950
6284,佳邦,10,1,9,福勝,2023-11-17,6950
2376,技嘉,13,5,8,福勝,2023-11-17,6950
1314,中石化,10,2,8,福勝,2023-11-17,6950
00900,富邦特選高股息30,9,1,8,福勝,2023-11-17,6950
2421,建準,8,0,8,福勝,2023-11-17,6950
0056,元大高股息,9,1,8,福勝,2023-11-17,6950
2495,普安,9,2,7,福勝,2023-11-17,6950
2535,達欣工,10,3,7,福勝,2023-11-17,6950
2547,日勝生,7,0,7,福勝,2023-11-17,6950
3481,群創,98,2,96,福勝,2023-11-20,6950
2344,華邦電,60,3,57,福勝,2023-11-20,6950
2029,盛餘,50,0,50,福勝,2023-11-20,6950
2363,矽統,65,19,46,福勝,2023-11-20,6950
2406,國碩,45,0,45,福勝,2023-11-20,6950
1905,華紙,36,0,36,福勝,2023-11-20,6950
2317,鴻海,37,1,36,福勝,2023-11-20,6950
2417,圓剛,32,0,32,福勝,2023-11-20,6950
00878,國泰永續高股息,28,1,27,福勝,2023-11-20,6950
1605,華新,27,0,27,福勝,2023-11-20,6950
00885,富邦越南,55,29,26,福勝,2023-11-20,6950
2405,輔信,31,5,26,福勝,2023-11-20,6950
00891,中信關鍵半導體,24,0,24,福勝,2023-11-20,6950
2356,英業達,58,34,24,福勝,2023-11-20,6950
6274,台燿,28,5,23,福勝,2023-11-20,6950
1110,東泥,20,0,20,福勝,2023-11-20,6950
1402,遠東新,20,2,18,福勝,2023-11-20,6950
3047,訊舟,20,3,17,福勝,2023-11-20,6950
5469,瀚宇博,15,0,15,福勝,2023-11-20,6950
00919,群益台灣精選高息,23,9,14,福勝,2023-11-20,6950
5483,中美晶,13,0,13,福勝,2023-11-20,6950
3376,新日興,12,1,11,福勝,2023-11-20,6950
6168,宏齊,26,15,11,福勝,2023-11-20,6950
9904,寶成,11,0,11,福勝,2023-11-20,6950
1324,地球,10,0,10,福勝,2023-11-20,6950
3706,神達,14,4,10,福勝,2023-11-20,6950
6182,合晶,10,0,10,福勝,2023-11-20,6950
9921,巨大,10,0,10,福勝,2023-11-20,6950
2498,宏達電,10,0,10,福勝,2023-11-20,6950
6243,迅杰,15,6,9,福勝,2023-11-20,6950
2402,毅嘉,26,17,9,福勝,2023-11-20,6950
2618,長榮航,21,12,9,福勝,2023-11-20,6950
6237,驊訊,20,11,9,福勝,2023-11-20,6950
0056,元大高股息,8,0,8,福勝,2023-11-20,6950
4951,精拓科,10,2,8,福勝,2023-11-20,6950
00934,中信成長高股息,7,0,7,福勝,2023-11-20,6950
00712,復華富時不動產,13,6,7,福勝,2023-11-20,6950
2353,宏��,10,3,7,福勝,2023-11-20,6950
2401,凌陽,20,13,7,福勝,2023-11-20,6950
2913,農林,7,0,7,福勝,2023-11-20,6950
3034,聯詠,6,0,6,福勝,2023-11-20,6950
00772B,中信高評級公司債,6,0,6,福勝,2023-11-20,6950
1519,華城,7,1,6,福勝,2023-11-20,6950
2442,新美齊,6,0,6,福勝,2023-11-20,6950
3013,晟銘電,9,3,6,福勝,2023-11-20,6950
8011,台通,6,0,6,福勝,2023-11-20,6950
1301,台塑,5,0,5,福勝,2023-11-20,6950
00933B,國泰10Y+金融債,5,0,5,福勝,2023-11-20,6950
006205,富邦上証,5,0,5,福勝,2023-11-20,6950
2027,大成鋼,5,0,5,福勝,2023-11-20,6950
2618,長榮航,369,3,366,福勝,2023-11-21,6950
5533,皇鼎,91,10,81,福勝,2023-11-21,6950
3047,訊舟,136,70,66,福勝,2023-11-21,6950
00720B,元大投資級公司債,60,0,60,福勝,2023-11-21,6950
2382,廣達,79,27,52,福勝,2023-11-21,6950
00673R,期元大S＆P原油反1,45,0,45,福勝,2023-11-21,6950
2344,華邦電,42,1,41,福勝,2023-11-21,6950
00632R,元大台灣50反1,110,75,35,福勝,2023-11-21,6950
00679B,元大美債20年,35,0,35,福勝,2023-11-21,6950
1324,地球,30,0,30,福勝,2023-11-21,6950
2450,神腦,30,0,30,福勝,2023-11-21,6950
00885,富邦越南,24,0,24,福勝,2023-11-21,6950
8390,金益鼎,21,0,21,福勝,2023-11-21,6950
1568,倉佑,23,3,20,福勝,2023-11-21,6950
3438,類比科,20,0,20,福勝,2023-11-21,6950
3591,艾笛森,23,3,20,福勝,2023-11-21,6950
8011,台通,20,1,19,福勝,2023-11-21,6950
2305,全友,18,0,18,福勝,2023-11-21,6950
3706,神達,23,6,17,福勝,2023-11-21,6950
2023,燁輝,24,8,16,福勝,2023-11-21,6950
4426,利勤,15,0,15,福勝,2023-11-21,6950
3260,威剛,14,0,14,福勝,2023-11-21,6950
3285,微端,15,1,14,福勝,2023-11-21,6950
1524,耿鼎,21,8,13,福勝,2023-11-21,6950
2329,華泰,37,25,12,福勝,2023-11-21,6950
2883,凱基金,15,3,12,福勝,2023-11-21,6950
6139,亞翔,20,9,11,福勝,2023-11-21,6950
2481,強茂,14,3,11,福勝,2023-11-21,6950
4543,萬在,11,0,11,福勝,2023-11-21,6950
5471,松翰,12,1,11,福勝,2023-11-21,6950
6274,台燿,19,8,11,福勝,2023-11-21,6950
6799,來頡,11,0,11,福勝,2023-11-21,6950
2104,國際中橡,10,0,10,福勝,2023-11-21,6950
2312,金寶,30,20,10,福勝,2023-11-21,6950
3266,昇陽,10,0,10,福勝,2023-11-21,6950
3715,定穎投控,21,11,10,福勝,2023-11-21,6950
6133,金橋,10,0,10,福勝,2023-11-21,6950
6156,松上,10,0,10,福勝,2023-11-21,6950
8150,南茂,10,0,10,福勝,2023-11-21,6950
8289,泰藝,10,0,10,福勝,2023-11-21,6950
1449,佳和,9,0,9,福勝,2023-11-21,6950
2059,川湖,21,12,9,福勝,2023-11-21,6950
3025,星通,16,7,9,福勝,2023-11-21,6950
5272,笙科,10,1,9,福勝,2023-11-21,6950
6695,芯鼎,9,0,9,福勝,2023-11-21,6950
2337,旺宏,13,5,8,福勝,2023-11-21,6950
2362,藍天,10,2,8,福勝,2023-11-21,6950
00712,復華富時不動產,7,0,7,福勝,2023-11-21,6950
2302,麗正,7,0,7,福勝,2023-11-21,6950
2399,映泰,7,0,7,福勝,2023-11-21,6950
5521,工信,121,16,105,福勝,2023-11-22,6950
3231,緯創,88,15,73,福勝,2023-11-22,6950
00919,群益台灣精選高息,69,9,60,福勝,2023-11-22,6950
1321,大洋,50,0,50,福勝,2023-11-22,6950
2356,英業達,53,15,38,福勝,2023-11-22,6950
3047,訊舟,37,0,37,福勝,2023-11-22,6950
2883B,凱基金乙特,34,0,34,福勝,2023-11-22,6950
2405,輔信,37,4,33,福勝,2023-11-22,6950
2537,聯上發,26,0,26,福勝,2023-11-22,6950
2891,中信金,30,4,26,福勝,2023-11-22,6950
2305,全友,25,0,25,福勝,2023-11-22,6950
3706,神達,25,2,23,福勝,2023-11-22,6950
3515,華擎,25,4,21,福勝,2023-11-22,6950
2352,佳世達,19,0,19,福勝,2023-11-22,6950
6517,保勝光學,21,3,18,福勝,2023-11-22,6950
2353,宏��,18,0,18,福勝,2023-11-22,6950
2482,連宇,22,5,17,福勝,2023-11-22,6950
3682,亞太電,20,3,17,福勝,2023-11-22,6950
2614,東森,29,14,15,福勝,2023-11-22,6950
2610,華航,21,6,15,福勝,2023-11-22,6950
2201,裕隆,14,0,14,福勝,2023-11-22,6950
2357,華碩,14,0,14,福勝,2023-11-22,6950
3402,漢科,20,6,14,福勝,2023-11-22,6950
3588,通嘉,19,5,14,福勝,2023-11-22,6950
00905,FT臺灣Smart,13,0,13,福勝,2023-11-22,6950
2888,新光金,13,0,13,福勝,2023-11-22,6950
2324,仁寶,14,2,12,福勝,2023-11-22,6950
3189,景碩,13,1,12,福勝,2023-11-22,6950
00929,復華台灣科技優息,22,11,11,福勝,2023-11-22,6950
00882,中信中國高股息,11,0,11,福勝,2023-11-22,6950
2059,川湖,12,1,11,福勝,2023-11-22,6950
2358,廷鑫,11,0,11,福勝,2023-11-22,6950
2369,菱生,22,11,11,福勝,2023-11-22,6950
3322,建舜電,11,0,11,福勝,2023-11-22,6950
6284,佳邦,20,9,11,福勝,2023-11-22,6950
0050,元大台灣50,10,0,10,福勝,2023-11-22,6950
00673R,期元大S＆P原油反1,10,0,10,福勝,2023-11-22,6950
00935,野村臺灣新科技50,10,0,10,福勝,2023-11-22,6950
2705,六福,10,0,10,福勝,2023-11-22,6950
2723,美食-KY,10,0,10,福勝,2023-11-22,6950
2880,華南金,10,0,10,福勝,2023-11-22,6950
3228,金麗科,10,0,10,福勝,2023-11-22,6950
5443,均豪,13,3,10,福勝,2023-11-22,6950
6108,競國,10,0,10,福勝,2023-11-22,6950
6120,達運,10,0,10,福勝,2023-11-22,6950
6689,伊雲谷,10,0,10,福勝,2023-11-22,6950
9945,潤泰新,10,0,10,福勝,2023-11-22,6950
2915,潤泰全,11,1,10,福勝,2023-11-22,6950
5498,凱崴,9,0,9,福勝,2023-11-22,6950
1227,佳格,10,1,9,福勝,2023-11-22,6950
00637L,元大滬深300正2,560,0,560,福勝,2023-11-23,6950
2417,圓剛,145,11,134,福勝,2023-11-23,6950
00772B,中信高評級公司債,100,9,91,福勝,2023-11-23,6950
2883,凱基金,100,16,84,福勝,2023-11-23,6950
2405,輔信,62,1,61,福勝,2023-11-23,6950
2313,華通,77,17,60,福勝,2023-11-23,6950
6139,亞翔,58,3,55,福勝,2023-11-23,6950
9105,泰金寶-DR,65,10,55,福勝,2023-11-23,6950
2363,矽統,70,17,53,福勝,2023-11-23,6950
00751B,元大AAA至A公司債,42,8,34,福勝,2023-11-23,6950
00929,復華台灣科技優息,43,12,31,福勝,2023-11-23,6950
00919,群益台灣精選高息,42,11,31,福勝,2023-11-23,6950
9941,裕融,27,0,27,福勝,2023-11-23,6950
00878,國泰永續高股息,36,10,26,福勝,2023-11-23,6950
2356,英業達,35,12,23,福勝,2023-11-23,6950
2530,華建,22,0,22,福勝,2023-11-23,6950
5302,太欣,23,2,21,福勝,2023-11-23,6950
6233,旺玖,24,3,21,福勝,2023-11-23,6950
3031,佰鴻,23,3,20,福勝,2023-11-23,6950
5469,瀚宇博,20,0,20,福勝,2023-11-23,6950
6237,驊訊,21,1,20,福勝,2023-11-23,6950
2891,中信金,18,0,18,福勝,2023-11-23,6950
6411,晶焱,20,2,18,福勝,2023-11-23,6950
2312,金寶,20,4,16,福勝,2023-11-23,6950
2516,新建,19,3,16,福勝,2023-11-23,6950
2204,中華,15,0,15,福勝,2023-11-23,6950
4953,緯軟,15,0,15,福勝,2023-11-23,6950
3122,笙泉,23,10,13,福勝,2023-11-23,6950
6670,復盛應用,13,0,13,福勝,2023-11-23,6950
2305,全友,12,0,12,福勝,2023-11-23,6950
4908,前鼎,13,1,12,福勝,2023-11-23,6950
1582,信錦,12,1,11,福勝,2023-11-23,6950
2230,泰茂,11,0,11,福勝,2023-11-23,6950
3234,光環,11,0,11,福勝,2023-11-23,6950
5272,笙科,14,3,11,福勝,2023-11-23,6950
6901,鑽石投資,12,1,11,福勝,2023-11-23,6950
2880,華南金,10,0,10,福勝,2023-11-23,6950
3035,智原,20,10,10,福勝,2023-11-23,6950
2258,鴻華先進-創,10,0,10,福勝,2023-11-23,6950
3325,旭品,11,1,10,福勝,2023-11-23,6950
5251,天鉞電,10,0,10,福勝,2023-11-23,6950
6285,啟��,10,0,10,福勝,2023-11-23,6950
3715,定穎投控,20,11,9,福勝,2023-11-23,6950
3483,力致,13,4,9,福勝,2023-11-23,6950
3006,晶豪科,22,13,9,福勝,2023-11-23,6950
2382,廣達,21,12,9,福勝,2023-11-23,6950
2402,毅嘉,8,1,7,福勝,2023-11-23,6950
2485,兆赫,7,0,7,福勝,2023-11-23,6950
6282,康舒,83,76,7,福勝,2023-11-23,6950
6532,瑞耘,7,0,7,福勝,2023-11-23,6950
2867,三商壽,125,0,125,福勝,2023-11-24,6950
2618,長榮航,122,42,80,福勝,2023-11-24,6950
2382,廣達,41,7,34,福勝,2023-11-24,6950
5328,華容,30,3,27,福勝,2023-11-24,6950
2344,華邦電,28,2,26,福勝,2023-11-24,6950
2356,英業達,33,8,25,福勝,2023-11-24,6950
6104,創惟,33,13,20,福勝,2023-11-24,6950
00882,中信中國高股息,18,0,18,福勝,2023-11-24,6950
3576,聯合再生,20,2,18,福勝,2023-11-24,6950
1609,大亞,26,9,17,福勝,2023-11-24,6950
2301,光寶科,17,0,17,福勝,2023-11-24,6950
1504,東元,19,3,16,福勝,2023-11-24,6950
2363,矽統,31,15,16,福勝,2023-11-24,6950
2610,華航,19,4,15,福勝,2023-11-24,6950
3706,神達,18,3,15,福勝,2023-11-24,6950
3666,光耀,17,3,14,福勝,2023-11-24,6950
5608,四維航,12,0,12,福勝,2023-11-24,6950
6127,九豪,12,0,12,福勝,2023-11-24,6950
6243,迅杰,12,0,12,福勝,2023-11-24,6950
6770,力積電,14,2,12,福勝,2023-11-24,6950
1524,耿鼎,11,0,11,福勝,2023-11-24,6950
00905,FT臺灣Smart,11,0,11,福勝,2023-11-24,6950
2417,圓剛,33,22,11,福勝,2023-11-24,6950
3624,光頡,15,4,11,福勝,2023-11-24,6950
5347,世界,19,8,11,福勝,2023-11-24,6950
2634,漢翔,25,14,11,福勝,2023-11-24,6950
3260,威剛,10,0,10,福勝,2023-11-24,6950
1503,士電,13,3,10,福勝,2023-11-24,6950
2101,南港,10,0,10,福勝,2023-11-24,6950
2906,高林,10,0,10,福勝,2023-11-24,6950
3093,港建*,10,0,10,福勝,2023-11-24,6950
4128,中天,10,0,10,福勝,2023-11-24,6950
4967,十銓,10,0,10,福勝,2023-11-24,6950
6198,瑞築,10,0,10,福勝,2023-11-24,6950
6743,安普新,10,0,10,福勝,2023-11-24,6950
3221,台嘉碩,10,1,9,福勝,2023-11-24,6950
3701,大眾控,10,1,9,福勝,2023-11-24,6950
6117,迎廣,11,2,9,福勝,2023-11-24,6950
6274,台燿,10,1,9,福勝,2023-11-24,6950
6457,紘康,10,1,9,福勝,2023-11-24,6950
2208,台船,10,1,9,福勝,2023-11-24,6950
6235,華孚,13,5,8,福勝,2023-11-24,6950
2317,鴻海,9,1,8,福勝,2023-11-24,6950
1721,三晃,8,0,8,福勝,2023-11-24,6950
2355,敬鵬,9,1,8,福勝,2023-11-24,6950
1584,精剛,11,3,8,福勝,2023-11-24,6950
1809,中釉,17,10,7,福勝,2023-11-24,6950
5351,鈺創,22,15,7,福勝,2023-11-24,6950
6271,同欣電,8,1,7,福勝,2023-11-24,6950
2349,錸德,6,0,6,福勝,2023-11-24,6950
00637L,元大滬深300正2,615,270,345,福勝,2023-11-27,6950
2888,新光金,202,10,192,福勝,2023-11-27,6950
2501,國建,130,0,130,福勝,2023-11-27,6950
1314,中石化,51,0,51,福勝,2023-11-27,6950
2883,凱基金,51,2,49,福勝,2023-11-27,6950
00919,群益台灣精選高息,43,1,42,福勝,2023-11-27,6950
2344,華邦電,46,12,34,福勝,2023-11-27,6950
2618,長榮航,37,8,29,福勝,2023-11-27,6950
3231,緯創,34,5,29,福勝,2023-11-27,6950
9934,成霖,24,0,24,福勝,2023-11-27,6950
2206,三陽工業,23,0,23,福勝,2023-11-27,6950
8222,寶一,23,0,23,福勝,2023-11-27,6950
00900,富邦特選高股息30,20,0,20,福勝,2023-11-27,6950
6116,彩晶,20,0,20,福勝,2023-11-27,6950
1584,精剛,18,0,18,福勝,2023-11-27,6950
1815,富喬,18,0,18,福勝,2023-11-27,6950
4967,十銓,23,5,18,福勝,2023-11-27,6950
2330,台積電,17,0,17,福勝,2023-11-27,6950
2353,宏��,22,6,16,福勝,2023-11-27,6950
3528,安馳,16,1,15,福勝,2023-11-27,6950
2303,聯電,14,0,14,福勝,2023-11-27,6950
2610,華航,13,0,13,福勝,2023-11-27,6950
6284,佳邦,14,2,12,福勝,2023-11-27,6950
8110,華東,12,0,12,福勝,2023-11-27,6950
00687B,國泰20年美債,13,2,11,福勝,2023-11-27,6950
3712,永崴投控,11,0,11,福勝,2023-11-27,6950
5880,合庫金,11,0,11,福勝,2023-11-27,6950
00934,中信成長高股息,10,0,10,福勝,2023-11-27,6950
1603,華電,10,0,10,福勝,2023-11-27,6950
2010,春源,10,0,10,福勝,2023-11-27,6950
2312,金寶,10,0,10,福勝,2023-11-27,6950
3052,夆典,10,0,10,福勝,2023-11-27,6950
3294,英濟,10,0,10,福勝,2023-11-27,6950
4904,遠傳,10,0,10,福勝,2023-11-27,6950
4906,正文,10,0,10,福勝,2023-11-27,6950
8043,蜜望實,10,0,10,福勝,2023-11-27,6950
1305,華夏,10,0,10,福勝,2023-11-27,6950
1503,士電,10,1,9,福勝,2023-11-27,6950
00888,永豐台灣ESG,9,0,9,福勝,2023-11-27,6950
8054,安國,13,4,9,福勝,2023-11-27,6950
2892,第一金,8,0,8,福勝,2023-11-27,6950
1605,華新,12,4,8,福勝,2023-11-27,6950
2402,毅嘉,8,0,8,福勝,2023-11-27,6950
2484,希華,8,0,8,福勝,2023-11-27,6950
5465,富驊,8,0,8,福勝,2023-11-27,6950
6282,康舒,13,5,8,福勝,2023-11-27,6950
8086,宏捷科,13,5,8,福勝,2023-11-27,6950
5347,世界,16,9,7,福勝,2023-11-27,6950
00929,復華台灣科技優息,23,16,7,福勝,2023-11-27,6950
00935,野村臺灣新科技50,7,0,7,福勝,2023-11-27,6950
2367,燿華,116,26,90,福勝,2023-11-28,6950
00720B,元大投資級公司債,60,0,60,福勝,2023-11-28,6950
6127,九豪,48,0,48,福勝,2023-11-28,6950
2641,正德,48,7,41,福勝,2023-11-28,6950
00932,兆豐永續高息等權,40,0,40,福勝,2023-11-28,6950
1810,和成,40,0,40,福勝,2023-11-28,6950
1312,國喬,51,20,31,福勝,2023-11-28,6950
6282,康舒,31,1,30,福勝,2023-11-28,6950
3227,原相,32,3,29,福勝,2023-11-28,6950
00929,復華台灣科技優息,72,45,27,福勝,2023-11-28,6950
2605,新興,30,3,27,福勝,2023-11-28,6950
2617,台航,35,8,27,福勝,2023-11-28,6950
1732,毛寶,36,10,26,福勝,2023-11-28,6950
2606,裕民,28,4,24,福勝,2023-11-28,6950
3231,緯創,42,19,23,福勝,2023-11-28,6950
00892,富邦台灣半導體,22,0,22,福勝,2023-11-28,6950
3511,矽瑪,21,0,21,福勝,2023-11-28,6950
6173,信昌電,22,1,21,福勝,2023-11-28,6950
00679B,元大美債20年,20,0,20,福勝,2023-11-28,6950
2889,國票金,20,0,20,福勝,2023-11-28,6950
3034,聯詠,22,2,20,福勝,2023-11-28,6950
4142,國光生,20,0,20,福勝,2023-11-28,6950
00936,台新永續高息中小,25,6,19,福勝,2023-11-28,6950
2371,大同,30,11,19,福勝,2023-11-28,6950
2353,宏��,31,13,18,福勝,2023-11-28,6950
00712,復華富時不動產,21,5,16,福勝,2023-11-28,6950
2501,國建,16,0,16,福勝,2023-11-28,6950
4114,健喬,28,13,15,福勝,2023-11-28,6950
2405,輔信,15,1,14,福勝,2023-11-28,6950
1514,亞力,21,7,14,福勝,2023-11-28,6950
2022,聚亨,13,0,13,福勝,2023-11-28,6950
00923,群益台ESG低碳50,12,0,12,福勝,2023-11-28,6950
2356,英業達,36,24,12,福勝,2023-11-28,6950
2612,中航,12,0,12,福勝,2023-11-28,6950
6494,九齊,12,0,12,福勝,2023-11-28,6950
1325,恆大,12,1,11,福勝,2023-11-28,6950
0056,元大高股息,11,0,11,福勝,2023-11-28,6950
4128,中天,11,0,11,福勝,2023-11-28,6950
5351,鈺創,20,9,11,福勝,2023-11-28,6950
2382,廣達,20,9,11,福勝,2023-11-28,6950
00632R,元大台灣50反1,10,0,10,福勝,2023-11-28,6950
2472,立隆電,10,0,10,福勝,2023-11-28,6950
4157,太景*-KY,10,0,10,福勝,2023-11-28,6950
6457,紘康,10,0,10,福勝,2023-11-28,6950
1752,南光,11,2,9,福勝,2023-11-28,6950
2303,聯電,13,4,9,福勝,2023-11-28,6950
4726,永昕,9,0,9,福勝,2023-11-28,6950
5880,合庫金,10,1,9,福勝,2023-11-28,6950
4968,立積,8,0,8,福勝,2023-11-28,6950
6533,晶心科,8,0,8,福勝,2023-11-28,6950
2428,興勤,69,0,69,福勝,2023-11-29,6950
6161,捷波,61,0,61,福勝,2023-11-29,6950
3231,緯創,73,13,60,福勝,2023-11-29,6950
2618,長榮航,60,5,55,福勝,2023-11-29,6950
2344,華邦電,85,32,53,福勝,2023-11-29,6950
6127,九豪,49,4,45,福勝,2023-11-29,6950
2883,凱基金,43,3,40,福勝,2023-11-29,6950
9933,中鼎,33,0,33,福勝,2023-11-29,6950
00882,中信中國高股息,31,0,31,福勝,2023-11-29,6950
6770,力積電,41,12,29,福勝,2023-11-29,6950
00936,台新永續高息中小,26,0,26,福勝,2023-11-29,6950
2472,立隆電,31,6,25,福勝,2023-11-29,6950
2401,凌陽,34,11,23,福勝,2023-11-29,6950
5351,鈺創,25,3,22,福勝,2023-11-29,6950
2355,敬鵬,23,1,22,福勝,2023-11-29,6950
6517,保勝光學,22,0,22,福勝,2023-11-29,6950
2371,大同,22,1,21,福勝,2023-11-29,6950
5880,合庫金,21,0,21,福勝,2023-11-29,6950
00696B,富邦美債20年,20,0,20,福勝,2023-11-29,6950
5403,中菲,20,0,20,福勝,2023-11-29,6950
6282,康舒,24,5,19,福勝,2023-11-29,6950
5608,四維航,19,1,18,福勝,2023-11-29,6950
6235,華孚,21,3,18,福勝,2023-11-29,6950
00665L,富邦�琤肭磪囓�2,17,0,17,福勝,2023-11-29,6950
8054,安國,26,11,15,福勝,2023-11-29,6950
2356,英業達,16,2,14,福勝,2023-11-29,6950
2439,美律,18,4,14,福勝,2023-11-29,6950
3545,敦泰,13,0,13,福勝,2023-11-29,6950
00878,國泰永續高股息,13,0,13,福勝,2023-11-29,6950
1603,華電,12,0,12,福勝,2023-11-29,6950
2204,中華,12,0,12,福勝,2023-11-29,6950
4545,銘鈺,12,0,12,福勝,2023-11-29,6950
00893,國泰智能電動車,12,0,12,福勝,2023-11-29,6950
6415,矽力*-KY,13,1,12,福勝,2023-11-29,6950
2449,京元電子,11,0,11,福勝,2023-11-29,6950
6167,久正,11,0,11,福勝,2023-11-29,6950
00673R,期元大S＆P原油反1,10,0,10,福勝,2023-11-29,6950
00934,中信成長高股息,10,0,10,福勝,2023-11-29,6950
00923,群益台ESG低碳50,10,0,10,福勝,2023-11-29,6950
1802,台玻,10,0,10,福勝,2023-11-29,6950
2009,第一銅,10,0,10,福勝,2023-11-29,6950
2610,華航,50,40,10,福勝,2023-11-29,6950
5905,南仁湖,10,0,10,福勝,2023-11-29,6950
8390,金益鼎,10,0,10,福勝,2023-11-29,6950
8155,博智,10,0,10,福勝,2023-11-29,6950
5347,世界,12,3,9,福勝,2023-11-29,6950
1503,士電,10,1,9,福勝,2023-11-29,6950
5272,笙科,10,1,9,福勝,2023-11-29,6950
5432,新門,12,3,9,福勝,2023-11-29,6950
6672,騰輝電子-KY,9,0,9,福勝,2023-11-29,6950
6535,順藥,61,1,60,福勝,2023-11-30,6950
00673R,期元大S＆P原油反1,44,0,44,福勝,2023-11-30,6950
3257,虹冠電,39,0,39,福勝,2023-11-30,6950
2313,華通,38,3,35,福勝,2023-11-30,6950
00934,中信成長高股息,30,0,30,福勝,2023-11-30,6950
3231,緯創,116,88,28,福勝,2023-11-30,6950
00882,中信中國高股息,23,0,23,福勝,2023-11-30,6950
2329,華泰,56,33,23,福勝,2023-11-30,6950
6257,矽格,29,6,23,福勝,2023-11-30,6950
6111,大宇資,25,3,22,福勝,2023-11-30,6950
2355,敬鵬,25,4,21,福勝,2023-11-30,6950
00935,野村臺灣新科技50,20,0,20,福勝,2023-11-30,6950
2204,中華,20,0,20,福勝,2023-11-30,6950
2723,美食-KY,20,0,20,福勝,2023-11-30,6950
3402,漢科,20,0,20,福勝,2023-11-30,6950
3047,訊舟,20,1,19,福勝,2023-11-30,6950
9933,中鼎,19,0,19,福勝,2023-11-30,6950
5347,世界,24,6,18,福勝,2023-11-30,6950
1616,億泰,17,0,17,福勝,2023-11-30,6950
8068,全達,17,0,17,福勝,2023-11-30,6950
4114,健喬,16,0,16,福勝,2023-11-30,6950
2382,廣達,23,9,14,福勝,2023-11-30,6950
1449,佳和,14,0,14,福勝,2023-11-30,6950
5302,太欣,14,0,14,福勝,2023-11-30,6950
8112,至上,15,1,14,福勝,2023-11-30,6950
2603,長榮,13,0,13,福勝,2023-11-30,6950
4714,永捷,13,0,13,福勝,2023-11-30,6950
8054,安國,17,4,13,福勝,2023-11-30,6950
1513,中興電,20,8,12,福勝,2023-11-30,6950
1609,大亞,18,6,12,福勝,2023-11-30,6950
2330,台積電,12,2,10,福勝,2023-11-30,6950
1460,宏遠,10,0,10,福勝,2023-11-30,6950
1101,台泥,19,9,10,福勝,2023-11-30,6950
1529,樂事綠能,10,0,10,福勝,2023-11-30,6950
2888,新光金,12,2,10,福勝,2023-11-30,6950
3011,今皓,10,0,10,福勝,2023-11-30,6950
4157,太景*-KY,10,0,10,福勝,2023-11-30,6950
6164,華興,10,0,10,福勝,2023-11-30,6950
6288,聯嘉,10,0,10,福勝,2023-11-30,6950
910861,神州-DR,10,0,10,福勝,2023-11-30,6950
6173,信昌電,10,1,9,福勝,2023-11-30,6950
2303,聯電,8,0,8,福勝,2023-11-30,6950
3360,尚立,8,0,8,福勝,2023-11-30,6950
5864,致和證,8,0,8,福勝,2023-11-30,6950
2412,中華電,10,3,7,福勝,2023-11-30,6950
2492,華新科,18,11,7,福勝,2023-11-30,6950
1605,華新,12,5,7,福勝,2023-11-30,6950
3059,華晶科,9,2,7,福勝,2023-11-30,6950
3511,矽瑪,7,0,7,福勝,2023-11-30,6950
6269,台郡,7,0,7,福勝,2023-11-30,6950
3481,群創,133,10,123,福勝,2023-12-01,6950
1815,富喬,90,1,89,福勝,2023-12-01,6950
1312,國喬,81,0,81,福勝,2023-12-01,6950
00919,群益台灣精選高息,83,7,76,福勝,2023-12-01,6950
3047,訊舟,61,1,60,福勝,2023-12-01,6950
4550,長佳,56,0,56,福勝,2023-12-01,6950
2428,興勤,53,0,53,福勝,2023-12-01,6950
3545,敦泰,55,7,48,福勝,2023-12-01,6950
2888,新光金,33,0,33,福勝,2023-12-01,6950
5880,合庫金,31,0,31,福勝,2023-12-01,6950
9933,中鼎,30,0,30,福勝,2023-12-01,6950
6147,頎邦,29,0,29,福勝,2023-12-01,6950
3437,榮創,29,1,28,福勝,2023-12-01,6950
00882,中信中國高股息,26,0,26,福勝,2023-12-01,6950
00637L,元大滬深300正2,23,0,23,福勝,2023-12-01,6950
5426,振發,23,0,23,福勝,2023-12-01,6950
1449,佳和,22,0,22,福勝,2023-12-01,6950
2353,宏��,33,11,22,福勝,2023-12-01,6950
2409,友達,37,16,21,福勝,2023-12-01,6950
6235,華孚,18,0,18,福勝,2023-12-01,6950
1313,聯成,22,5,17,福勝,2023-12-01,6950
00878,國泰永續高股息,18,1,17,福勝,2023-12-01,6950
2344,華邦電,20,3,17,福勝,2023-12-01,6950
1529,樂事綠能,16,0,16,福勝,2023-12-01,6950
2332,友訊,18,2,16,福勝,2023-12-01,6950
6202,盛群,16,0,16,福勝,2023-12-01,6950
2323,中環,15,0,15,福勝,2023-12-01,6950
6111,大宇資,16,2,14,福勝,2023-12-01,6950
8403,盛弘,17,3,14,福勝,2023-12-01,6950
6243,迅杰,16,2,14,福勝,2023-12-01,6950
00679B,元大美債20年,13,0,13,福勝,2023-12-01,6950
2402,毅嘉,32,19,13,福勝,2023-12-01,6950
8086,宏捷科,16,3,13,福勝,2023-12-01,6950
2356,英業達,26,14,12,福勝,2023-12-01,6950
2460,建通,12,0,12,福勝,2023-12-01,6950
3701,大眾控,12,0,12,福勝,2023-12-01,6950
6164,華興,12,0,12,福勝,2023-12-01,6950
6282,康舒,19,7,12,福勝,2023-12-01,6950
2611,志信,13,2,11,福勝,2023-12-01,6950
2317,鴻海,10,0,10,福勝,2023-12-01,6950
00642U,期元大S＆P石油,10,0,10,福勝,2023-12-01,6950
1445,大宇,10,0,10,福勝,2023-12-01,6950
2349,錸德,10,0,10,福勝,2023-12-01,6950
3016,嘉晶,10,0,10,福勝,2023-12-01,6950
3325,旭品,10,0,10,福勝,2023-12-01,6950
6770,力積電,12,2,10,福勝,2023-12-01,6950
4121,優盛,14,4,10,福勝,2023-12-01,6950
00893,國泰智能電動車,9,0,9,福勝,2023-12-01,6950
00715L,期街口布蘭特正2,9,0,9,福勝,2023-12-01,6950
2382,廣達,23,14,9,福勝,2023-12-01,6950
00715L,期街口布蘭特正2,147,1,146,福勝,2023-12-04,6950
1210,大成,145,0,145,福勝,2023-12-04,6950
00918,大華優利高填息30,111,2,109,福勝,2023-12-04,6950
6111,大宇資,93,7,86,福勝,2023-12-04,6950
3481,群創,100,17,83,福勝,2023-12-04,6950
2332,友訊,71,0,71,福勝,2023-12-04,6950
2002,中鋼,52,5,47,福勝,2023-12-04,6950
6125,廣運,47,11,36,福勝,2023-12-04,6950
00929,復華台灣科技優息,63,28,35,福勝,2023-12-04,6950
2641,正德,43,11,32,福勝,2023-12-04,6950
2427,三商電,29,0,29,福勝,2023-12-04,6950
2405,輔信,33,6,27,福勝,2023-12-04,6950
2615,萬海,59,32,27,福勝,2023-12-04,6950
2637,慧洋-KY,39,13,26,福勝,2023-12-04,6950
8088,品安,35,9,26,福勝,2023-12-04,6950
2489,瑞軒,32,10,22,福勝,2023-12-04,6950
3054,立萬利,20,0,20,福勝,2023-12-04,6950
5603,陸海,19,0,19,福勝,2023-12-04,6950
2884,玉山金,17,0,17,福勝,2023-12-04,6950
3264,欣銓,18,2,16,福勝,2023-12-04,6950
2402,毅嘉,16,0,16,福勝,2023-12-04,6950
6243,迅杰,17,1,16,福勝,2023-12-04,6950
1605,華新,56,41,15,福勝,2023-12-04,6950
5465,富驊,15,0,15,福勝,2023-12-04,6950
4114,健喬,17,3,14,福勝,2023-12-04,6950
4510,高鋒,14,0,14,福勝,2023-12-04,6950
6426,統新,14,0,14,福勝,2023-12-04,6950
9919,康那香,37,23,14,福勝,2023-12-04,6950
2009,第一銅,21,8,13,福勝,2023-12-04,6950
00885,富邦越南,12,0,12,福勝,2023-12-04,6950
3680,家登,12,0,12,福勝,2023-12-04,6950
6282,康舒,18,7,11,福勝,2023-12-04,6950
1528,恩德,11,0,11,福勝,2023-12-04,6950
2358,廷鑫,11,0,11,福勝,2023-12-04,6950
3706,神達,15,4,11,福勝,2023-12-04,6950
5328,華容,12,1,11,福勝,2023-12-04,6950
5706,鳳凰,13,2,11,福勝,2023-12-04,6950
6418,詠昇,11,0,11,福勝,2023-12-04,6950
00642U,期元大S＆P石油,10,0,10,福勝,2023-12-04,6950
1514,亞力,30,20,10,福勝,2023-12-04,6950
1708,東鹼,11,1,10,福勝,2023-12-04,6950
2302,麗正,10,0,10,福勝,2023-12-04,6950
2420,新巨,10,0,10,福勝,2023-12-04,6950
2929,淘帝-KY,10,0,10,福勝,2023-12-04,6950
3062,建漢,10,0,10,福勝,2023-12-04,6950
4532,瑞智,10,0,10,福勝,2023-12-04,6950
3050,鈺德,11,1,10,福勝,2023-12-04,6950
2454,聯發科,10,1,9,福勝,2023-12-04,6950
1101,台泥,9,0,9,福勝,2023-12-04,6950
3047,訊舟,11,2,9,福勝,2023-12-04,6950
1504,東元,470,2,468,福勝,2023-12-05,6950
00937B,群益ESG投等債20,229,7,222,福勝,2023-12-05,6950
00936,台新永續高息中小,105,0,105,福勝,2023-12-05,6950
0056,元大高股息,92,0,92,福勝,2023-12-05,6950
3231,緯創,83,21,62,福勝,2023-12-05,6950
00919,群益台灣精選高息,75,16,59,福勝,2023-12-05,6950
00637L,元大滬深300正2,140,90,50,福勝,2023-12-05,6950
2618,長榮航,51,4,47,福勝,2023-12-05,6950
00680L,元大美債20正2,50,5,45,福勝,2023-12-05,6950
00751B,元大AAA至A公司債,45,0,45,福勝,2023-12-05,6950
2911,麗嬰房,40,0,40,福勝,2023-12-05,6950
5608,四維航,51,11,40,福勝,2023-12-05,6950
2303,聯電,40,1,39,福勝,2023-12-05,6950
1605,華新,35,0,35,福勝,2023-12-05,6950
00882,中信中國高股息,32,0,32,福勝,2023-12-05,6950
00929,復華台灣科技優息,31,0,31,福勝,2023-12-05,6950
2723,美食-KY,31,0,31,福勝,2023-12-05,6950
1714,和桐,30,0,30,福勝,2023-12-05,6950
2329,華泰,43,16,27,福勝,2023-12-05,6950
4939,亞電,30,3,27,福勝,2023-12-05,6950
2601,益航,31,5,26,福勝,2023-12-05,6950
1781,合世,27,2,25,福勝,2023-12-05,6950
2323,中環,25,0,25,福勝,2023-12-05,6950
2641,正德,46,22,24,福勝,2023-12-05,6950
2312,金寶,26,3,23,福勝,2023-12-05,6950
2337,旺宏,22,0,22,福勝,2023-12-05,6950
2887,台新金,22,0,22,福勝,2023-12-05,6950
4167,松瑞藥,32,11,21,福勝,2023-12-05,6950
2313,華通,28,7,21,福勝,2023-12-05,6950
2489,瑞軒,24,3,21,福勝,2023-12-05,6950
00932,兆豐永續高息等權,20,0,20,福勝,2023-12-05,6950
00753L,中信中國50正2,20,0,20,福勝,2023-12-05,6950
1440,南紡,20,0,20,福勝,2023-12-05,6950
1506,正道,20,0,20,福勝,2023-12-05,6950
2402,毅嘉,18,1,17,福勝,2023-12-05,6950
00679B,元大美債20年,16,0,16,福勝,2023-12-05,6950
2201,裕隆,15,0,15,福勝,2023-12-05,6950
2355,敬鵬,16,2,14,福勝,2023-12-05,6950
2427,三商電,14,0,14,福勝,2023-12-05,6950
2891,中信金,16,2,14,福勝,2023-12-05,6950
8936,國統,14,0,14,福勝,2023-12-05,6950
3229,晟鈦,13,0,13,福勝,2023-12-05,6950
5880,合庫金,13,0,13,福勝,2023-12-05,6950
2612,中航,36,24,12,福勝,2023-12-05,6950
3027,盛達,12,0,12,福勝,2023-12-05,6950
3390,旭軟,14,2,12,福勝,2023-12-05,6950
3701,大眾控,12,0,12,福勝,2023-12-05,6950
5328,華容,30,18,12,福勝,2023-12-05,6950
4934,太極,11,0,11,福勝,2023-12-05,6950
6180,橘子,11,0,11,福勝,2023-12-05,6950
4167,松瑞藥,225,6,219,福勝,2023-12-06,6950
1503,士電,162,8,154,福勝,2023-12-06,6950
00936,台新永續高息中小,136,3,133,福勝,2023-12-06,6950
6121,新普,121,1,120,福勝,2023-12-06,6950
00918,大華優利高填息30,110,10,100,福勝,2023-12-06,6950
2409,友達,103,14,89,福勝,2023-12-06,6950
00637L,元大滬深300正2,210,130,80,福勝,2023-12-06,6950
00720B,元大投資級公司債,60,5,55,福勝,2023-12-06,6950
00715L,期街口布蘭特正2,51,0,51,福勝,2023-12-06,6950
2022,聚亨,44,1,43,福勝,2023-12-06,6950
00900,富邦特選高股息30,46,6,40,福勝,2023-12-06,6950
2465,麗臺,38,4,34,福勝,2023-12-06,6950
00937B,群益ESG投等債20,76,50,26,福勝,2023-12-06,6950
2313,華通,37,11,26,福勝,2023-12-06,6950
00679B,元大美債20年,25,0,25,福勝,2023-12-06,6950
2419,仲琦,27,3,24,福勝,2023-12-06,6950
2349,錸德,21,0,21,福勝,2023-12-06,6950
00753L,中信中國50正2,20,0,20,福勝,2023-12-06,6950
2367,燿華,36,16,20,福勝,2023-12-06,6950
2501,國建,20,0,20,福勝,2023-12-06,6950
2883,凱基金,20,0,20,福勝,2023-12-06,6950
6288,聯嘉,20,0,20,福勝,2023-12-06,6950
3034,聯詠,21,2,19,福勝,2023-12-06,6950
2303,聯電,20,1,19,福勝,2023-12-06,6950
1522,堤維西,25,7,18,福勝,2023-12-06,6950
3712,永崴投控,18,0,18,福勝,2023-12-06,6950
2611,志信,33,16,17,福勝,2023-12-06,6950
00878,國泰永續高股息,18,2,16,福勝,2023-12-06,6950
2399,映泰,59,43,16,福勝,2023-12-06,6950
3419,譁裕,16,0,16,福勝,2023-12-06,6950
6117,迎廣,18,2,16,福勝,2023-12-06,6950
1605,華新,36,21,15,福勝,2023-12-06,6950
00929,復華台灣科技優息,25,10,15,福勝,2023-12-06,6950
1815,富喬,16,1,15,福勝,2023-12-06,6950
2340,台亞,15,0,15,福勝,2023-12-06,6950
2355,敬鵬,40,25,15,福勝,2023-12-06,6950
3481,群創,15,1,14,福勝,2023-12-06,6950
00933B,國泰10Y+金融債,14,0,14,福勝,2023-12-06,6950
2401,凌陽,15,1,14,福勝,2023-12-06,6950
2641,正德,16,3,13,福勝,2023-12-06,6950
1513,中興電,26,13,13,福勝,2023-12-06,6950
2881,富邦金,12,0,12,福勝,2023-12-06,6950
5347,世界,16,5,11,福勝,2023-12-06,6950
2408,南亞科,11,0,11,福勝,2023-12-06,6950
00751B,元大AAA至A公司債,10,0,10,福勝,2023-12-06,6950
3265,台星科,16,6,10,福勝,2023-12-06,6950
6199,天品,10,0,10,福勝,2023-12-06,6950
1409,新纖,10,0,10,福勝,2023-12-06,6950
1582,信錦,21,12,9,福勝,2023-12-06,6950
2027,大成鋼,12,3,9,福勝,2023-12-06,6950
2516,新建,103,2,101,福勝,2023-12-07,6950
2382,廣達,102,7,95,福勝,2023-12-07,6950
00919,群益台灣精選高息,84,1,83,福勝,2023-12-07,6950
4967,十銓,64,2,62,福勝,2023-12-07,6950
00680L,元大美債20正2,55,0,55,福勝,2023-12-07,6950
2355,敬鵬,54,8,46,福勝,2023-12-07,6950
3044,健鼎,46,0,46,福勝,2023-12-07,6950
00679B,元大美債20年,39,1,38,福勝,2023-12-07,6950
1612,宏泰,37,0,37,福勝,2023-12-07,6950
00715L,期街口布蘭特正2,34,0,34,福勝,2023-12-07,6950
2543,皇昌,33,3,30,福勝,2023-12-07,6950
00637L,元大滬深300正2,30,0,30,福勝,2023-12-07,6950
2889,國票金,28,0,28,福勝,2023-12-07,6950
00933B,國泰10Y+金融債,25,0,25,福勝,2023-12-07,6950
00687B,國泰20年美債,25,0,25,福勝,2023-12-07,6950
6121,新普,25,0,25,福勝,2023-12-07,6950
00882,中信中國高股息,24,0,24,福勝,2023-12-07,6950
00929,復華台灣科技優息,55,34,21,福勝,2023-12-07,6950
00713,元大台灣高息低波,20,0,20,福勝,2023-12-07,6950
00642U,期元大S＆P石油,20,0,20,福勝,2023-12-07,6950
00753L,中信中國50正2,20,0,20,福勝,2023-12-07,6950
2468,華經,20,0,20,福勝,2023-12-07,6950
3051,力特,22,3,19,福勝,2023-12-07,6950
5302,太欣,24,5,19,福勝,2023-12-07,6950
2356,英業達,30,12,18,福勝,2023-12-07,6950
2605,新興,31,13,18,福勝,2023-12-07,6950
3706,神達,45,27,18,福勝,2023-12-07,6950
2329,華泰,18,1,17,福勝,2023-12-07,6950
8011,台通,17,1,16,福勝,2023-12-07,6950
6282,康舒,34,19,15,福勝,2023-12-07,6950
1522,堤維西,37,22,15,福勝,2023-12-07,6950
2338,光罩,15,0,15,福勝,2023-12-07,6950
4536,拓凱,15,0,15,福勝,2023-12-07,6950
3013,晟銘電,30,15,15,福勝,2023-12-07,6950
2330,台積電,14,0,14,福勝,2023-12-07,6950
2888,新光金,14,0,14,福勝,2023-12-07,6950
8299,群聯,14,0,14,福勝,2023-12-07,6950
2419,仲琦,23,10,13,福勝,2023-12-07,6950
2881,富邦金,13,0,13,福勝,2023-12-07,6950
6243,迅杰,16,3,13,福勝,2023-12-07,6950
2022,聚亨,15,3,12,福勝,2023-12-07,6950
2425,承啟,15,3,12,福勝,2023-12-07,6950
4915,致伸,12,0,12,福勝,2023-12-07,6950
2460,建通,11,0,11,福勝,2023-12-07,6950
2630,亞航,12,1,11,福勝,2023-12-07,6950
2615,萬海,26,15,11,福勝,2023-12-07,6950
5272,笙科,11,0,11,福勝,2023-12-07,6950
2303,聯電,10,0,10,福勝,2023-12-07,6950
1609,大亞,69,59,10,福勝,2023-12-07,6950
1785,光洋科,10,0,10,福勝,2023-12-07,6950
2618,長榮航,629,74,555,福勝,2023-12-08,6950
2606,裕民,238,2,236,福勝,2023-12-08,6950
3481,群創,110,0,110,福勝,2023-12-08,6950
2337,旺宏,112,3,109,福勝,2023-12-08,6950
2605,新興,135,40,95,福勝,2023-12-08,6950
1524,耿鼎,66,10,56,福勝,2023-12-08,6950
1312,國喬,50,0,50,福勝,2023-12-08,6950
00937B,群益ESG投等債20,37,0,37,福勝,2023-12-08,6950
00919,群益台灣精選高息,51,16,35,福勝,2023-12-08,6950
3062,建漢,33,0,33,福勝,2023-12-08,6950
3231,緯創,48,16,32,福勝,2023-12-08,6950
5351,鈺創,55,23,32,福勝,2023-12-08,6950
00715L,期街口布蘭特正2,30,0,30,福勝,2023-12-08,6950
5519,隆大,30,0,30,福勝,2023-12-08,6950
5328,華容,30,2,28,福勝,2023-12-08,6950
2816,旺旺保,29,2,27,福勝,2023-12-08,6950
2516,新建,33,8,25,福勝,2023-12-08,6950
2312,金寶,26,2,24,福勝,2023-12-08,6950
2723,美食-KY,30,8,22,福勝,2023-12-08,6950
2888,新光金,31,10,21,福勝,2023-12-08,6950
4960,誠美材,20,0,20,福勝,2023-12-08,6950
2363,矽統,29,10,19,福勝,2023-12-08,6950
6005,群益證,20,1,19,福勝,2023-12-08,6950
4906,正文,39,20,19,福勝,2023-12-08,6950
1609,大亞,22,4,18,福勝,2023-12-08,6950
3706,神達,49,31,18,福勝,2023-12-08,6950
2402,毅嘉,37,20,17,福勝,2023-12-08,6950
2323,中環,16,0,16,福勝,2023-12-08,6950
2612,中航,16,0,16,福勝,2023-12-08,6950
00900,富邦特選高股息30,18,3,15,福勝,2023-12-08,6950
4915,致伸,15,0,15,福勝,2023-12-08,6950
00918,大華優利高填息30,14,0,14,福勝,2023-12-08,6950
00687B,國泰20年美債,14,0,14,福勝,2023-12-08,6950
2399,映泰,14,0,14,福勝,2023-12-08,6950
4167,松瑞藥,16,2,14,福勝,2023-12-08,6950
1514,亞力,19,6,13,福勝,2023-12-08,6950
6288,聯嘉,13,0,13,福勝,2023-12-08,6950
00713,元大台灣高息低波,12,0,12,福勝,2023-12-08,6950
1608,華榮,12,0,12,福勝,2023-12-08,6950
5009,榮剛,15,3,12,福勝,2023-12-08,6950
2329,華泰,26,15,11,福勝,2023-12-08,6950
00722B,群益投資級電信債,11,0,11,福勝,2023-12-08,6950
00751B,元大AAA至A公司債,10,0,10,福勝,2023-12-08,6950
1591,駿吉-KY,10,0,10,福勝,2023-12-08,6950
2025,千興,10,0,10,福勝,2023-12-08,6950
2359,所羅門,20,10,10,福勝,2023-12-08,6950
2489,瑞軒,13,3,10,福勝,2023-12-08,6950
2610,華航,65,55,10,福勝,2023-12-08,6950
2911,麗嬰房,10,0,10,福勝,2023-12-08,6950
5381,合正,10,0,10,福勝,2023-12-08,6950
2618,長榮航,201,13,188,福勝,2023-12-11,6950
00919,群益台灣精選高息,179,19,160,福勝,2023-12-11,6950
4533,協易機,104,1,103,福勝,2023-12-11,6950
00937B,群益ESG投等債20,114,12,102,福勝,2023-12-11,6950
2427,三商電,99,0,99,福勝,2023-12-11,6950
00929,復華台灣科技優息,76,0,76,福勝,2023-12-11,6950
00720B,元大投資級公司債,54,0,54,福勝,2023-12-11,6950
9105,泰金寶-DR,51,0,51,福勝,2023-12-11,6950
1324,地球,50,0,50,福勝,2023-12-11,6950
2388,威盛,48,11,37,福勝,2023-12-11,6950
5465,富驊,41,5,36,福勝,2023-12-11,6950
00751B,元大AAA至A公司債,34,2,32,福勝,2023-12-11,6950
6205,詮欣,36,4,32,福勝,2023-12-11,6950
00882,中信中國高股息,25,0,25,福勝,2023-12-11,6950
3450,聯鈞,41,18,23,福勝,2023-12-11,6950
00878,國泰永續高股息,26,5,21,福勝,2023-12-11,6950
00715L,期街口布蘭特正2,20,0,20,福勝,2023-12-11,6950
2605,新興,25,5,20,福勝,2023-12-11,6950
2723,美食-KY,20,0,20,福勝,2023-12-11,6950
3712,永崴投控,20,0,20,福勝,2023-12-11,6950
2883,凱基金,20,0,20,福勝,2023-12-11,6950
00900,富邦特選高股息30,19,0,19,福勝,2023-12-11,6950
2323,中環,19,0,19,福勝,2023-12-11,6950
3715,定穎投控,21,2,19,福勝,2023-12-11,6950
3481,群創,20,1,19,福勝,2023-12-11,6950
3438,類比科,17,0,17,福勝,2023-12-11,6950
3013,晟銘電,41,25,16,福勝,2023-12-11,6950
00665L,富邦�琤肭磪囓�2,16,0,16,福勝,2023-12-11,6950
1314,中石化,15,0,15,福勝,2023-12-11,6950
2365,昆盈,38,23,15,福勝,2023-12-11,6950
2891,中信金,14,0,14,福勝,2023-12-11,6950
2888,新光金,19,5,14,福勝,2023-12-11,6950
2104,國際中橡,15,1,14,福勝,2023-12-11,6950
00918,大華優利高填息30,15,2,13,福勝,2023-12-11,6950
3078,僑威,17,4,13,福勝,2023-12-11,6950
3701,大眾控,12,0,12,福勝,2023-12-11,6950
8068,全達,14,2,12,福勝,2023-12-11,6950
3062,建漢,13,2,11,福勝,2023-12-11,6950
1529,樂事綠能,11,0,11,福勝,2023-12-11,6950
4915,致伸,11,0,11,福勝,2023-12-11,6950
8936,國統,11,0,11,福勝,2023-12-11,6950
2489,瑞軒,10,0,10,福勝,2023-12-11,6950
1440,南紡,10,0,10,福勝,2023-12-11,6950
00713,元大台灣高息低波,10,0,10,福勝,2023-12-11,6950
1781,合世,10,0,10,福勝,2023-12-11,6950
2515,中工,10,0,10,福勝,2023-12-11,6950
2536,宏普,10,0,10,福勝,2023-12-11,6950
3027,盛達,10,0,10,福勝,2023-12-11,6950
3437,榮創,10,0,10,福勝,2023-12-11,6950
6138,茂達,10,0,10,福勝,2023-12-11,6950
2883,凱基金,290,0,290,福勝,2023-12-12,6950
0056,元大高股息,126,6,120,福勝,2023-12-12,6950
00919,群益台灣精選高息,103,2,101,福勝,2023-12-12,6950
00878,國泰永續高股息,118,20,98,福勝,2023-12-12,6950
1503,士電,96,0,96,福勝,2023-12-12,6950
00918,大華優利高填息30,87,2,85,福勝,2023-12-12,6950
2344,華邦電,75,1,74,福勝,2023-12-12,6950
2516,新建,72,0,72,福勝,2023-12-12,6950
2002,中鋼,68,0,68,福勝,2023-12-12,6950
00929,復華台灣科技優息,88,31,57,福勝,2023-12-12,6950
9105,泰金寶-DR,60,8,52,福勝,2023-12-12,6950
1584,精剛,74,23,51,福勝,2023-12-12,6950
3231,緯創,55,5,50,福勝,2023-12-12,6950
00713,元大台灣高息低波,40,0,40,福勝,2023-12-12,6950
6282,康舒,49,13,36,福勝,2023-12-12,6950
3303,岱稜,35,1,34,福勝,2023-12-12,6950
00937B,群益ESG投等債20,32,0,32,福勝,2023-12-12,6950
00900,富邦特選高股息30,32,1,31,福勝,2023-12-12,6950
3481,群創,104,75,29,福勝,2023-12-12,6950
2377,微星,27,0,27,福勝,2023-12-12,6950
00934,中信成長高股息,23,0,23,福勝,2023-12-12,6950
2312,金寶,23,0,23,福勝,2023-12-12,6950
2059,川湖,22,0,22,福勝,2023-12-12,6950
2609,陽明,32,10,22,福勝,2023-12-12,6950
4915,致伸,22,0,22,福勝,2023-12-12,6950
2409,友達,41,20,21,福勝,2023-12-12,6950
4908,前鼎,23,2,21,福勝,2023-12-12,6950
6122,擎邦,25,4,21,福勝,2023-12-12,6950
2641,正德,21,1,20,福勝,2023-12-12,6950
3027,盛達,20,1,19,福勝,2023-12-12,6950
2891,中信金,20,2,18,福勝,2023-12-12,6950
2610,華航,31,14,17,福勝,2023-12-12,6950
3033,威健,17,0,17,福勝,2023-12-12,6950
2417,圓剛,19,3,16,福勝,2023-12-12,6950
3380,明泰,25,9,16,福勝,2023-12-12,6950
4979,華星光,20,4,16,福勝,2023-12-12,6950
1324,地球,16,1,15,福勝,2023-12-12,6950
1524,耿鼎,22,7,15,福勝,2023-12-12,6950
1609,大亞,25,10,15,福勝,2023-12-12,6950
3701,大眾控,15,0,15,福勝,2023-12-12,6950
5488,松普,15,0,15,福勝,2023-12-12,6950
6770,力積電,17,2,15,福勝,2023-12-12,6950
2313,華通,32,18,14,福勝,2023-12-12,6950
5011,久陽,26,12,14,福勝,2023-12-12,6950
2025,千興,13,0,13,福勝,2023-12-12,6950
4904,遠傳,13,0,13,福勝,2023-12-12,6950
3310,佳穎,13,0,13,福勝,2023-12-12,6950
8034,榮群,28,16,12,福勝,2023-12-12,6950
2468,華經,11,0,11,福勝,2023-12-12,6950
4157,太景*-KY,11,0,11,福勝,2023-12-12,6950
00918,大華優利高填息30,164,10,154,福勝,2023-12-13,6950
00715L,期街口布蘭特正2,122,12,110,福勝,2023-12-13,6950
2515,中工,121,13,108,福勝,2023-12-13,6950
00937B,群益ESG投等債20,104,10,94,福勝,2023-12-13,6950
2427,三商電,92,0,92,福勝,2023-12-13,6950
6282,康舒,76,6,70,福勝,2023-12-13,6950
1584,精剛,76,7,69,福勝,2023-12-13,6950
2890,永豐金,55,0,55,福勝,2023-12-13,6950
2388,威盛,55,1,54,福勝,2023-12-13,6950
2029,盛餘,50,6,44,福勝,2023-12-13,6950
2618,長榮航,52,8,44,福勝,2023-12-13,6950
00919,群益台灣精選高息,54,15,39,福勝,2023-12-13,6950
2344,華邦電,35,0,35,福勝,2023-12-13,6950
4906,正文,55,22,33,福勝,2023-12-13,6950
2387,精元,44,13,31,福勝,2023-12-13,6950
2634,漢翔,40,9,31,福勝,2023-12-13,6950
00712,復華富時不動產,30,0,30,福勝,2023-12-13,6950
2002,中鋼,29,0,29,福勝,2023-12-13,6950
3380,明泰,32,3,29,福勝,2023-12-13,6950
2617,台航,28,0,28,福勝,2023-12-13,6950
1605,華新,24,0,24,福勝,2023-12-13,6950
2723,美食-KY,21,0,21,福勝,2023-12-13,6950
1210,大成,20,0,20,福勝,2023-12-13,6950
2887,台新金,21,1,20,福勝,2023-12-13,6950
4939,亞電,20,0,20,福勝,2023-12-13,6950
5381,合正,17,0,17,福勝,2023-12-13,6950
2888,新光金,16,0,16,福勝,2023-12-13,6950
8034,榮群,16,0,16,福勝,2023-12-13,6950
00642U,期元大S＆P石油,15,0,15,福勝,2023-12-13,6950
3363,上詮,15,0,15,福勝,2023-12-13,6950
4908,前鼎,15,0,15,福勝,2023-12-13,6950
6104,創惟,14,0,14,福勝,2023-12-13,6950
3028,增你強,16,3,13,福勝,2023-12-13,6950
3294,英濟,13,0,13,福勝,2023-12-13,6950
6147,頎邦,24,11,13,福勝,2023-12-13,6950
1301,台塑,12,0,12,福勝,2023-12-13,6950
00915,凱基優選高股息30,12,0,12,福勝,2023-12-13,6950
1591,駿吉-KY,12,0,12,福勝,2023-12-13,6950
2371,大同,18,6,12,福勝,2023-12-13,6950
1326,台化,12,1,11,福勝,2023-12-13,6950
4576,大銀微系統,11,0,11,福勝,2023-12-13,6950
5388,中磊,19,8,11,福勝,2023-12-13,6950
00757,統一FANG+,10,0,10,福勝,2023-12-13,6950
00753L,中信中國50正2,10,0,10,福勝,2023-12-13,6950
00751B,元大AAA至A公司債,10,0,10,福勝,2023-12-13,6950
00664R,國泰臺灣加權反1,10,0,10,福勝,2023-12-13,6950
1616,億泰,10,0,10,福勝,2023-12-13,6950
2032,新鋼,10,0,10,福勝,2023-12-13,6950
2402,毅嘉,16,6,10,福勝,2023-12-13,6950
2845,遠東銀,10,0,10,福勝,2023-12-13,6950
2427,三商電,141,3,138,福勝,2023-12-14,6950
2303,聯電,113,25,88,福勝,2023-12-14,6950
1524,耿鼎,59,12,47,福勝,2023-12-14,6950
00918,大華優利高填息30,46,1,45,福勝,2023-12-14,6950
00637L,元大滬深300正2,44,0,44,福勝,2023-12-14,6950
2363,矽統,121,83,38,福勝,2023-12-14,6950
00937B,群益ESG投等債20,34,1,33,福勝,2023-12-14,6950
00680L,元大美債20正2,30,0,30,福勝,2023-12-14,6950
2641,正德,30,4,26,福勝,2023-12-14,6950
6282,康舒,27,1,26,福勝,2023-12-14,6950
6770,力積電,32,6,26,福勝,2023-12-14,6950
00687B,國泰20年美債,26,1,25,福勝,2023-12-14,6950
2472,立隆電,26,1,25,福勝,2023-12-14,6950
2367,燿華,28,4,24,福勝,2023-12-14,6950
1591,駿吉-KY,22,0,22,福勝,2023-12-14,6950
3163,波若威,22,0,22,福勝,2023-12-14,6950
6127,九豪,26,4,22,福勝,2023-12-14,6950
2382,廣達,32,12,20,福勝,2023-12-14,6950
3380,明泰,21,1,20,福勝,2023-12-14,6950
8011,台通,40,20,20,福勝,2023-12-14,6950
2387,精元,19,0,19,福勝,2023-12-14,6950
2515,中工,126,107,19,福勝,2023-12-14,6950
2634,漢翔,19,0,19,福勝,2023-12-14,6950
5426,振發,27,9,18,福勝,2023-12-14,6950
3363,上詮,17,0,17,福勝,2023-12-14,6950
3715,定穎投控,31,14,17,福勝,2023-12-14,6950
6191,精成科,16,1,15,福勝,2023-12-14,6950
6243,迅杰,15,0,15,福勝,2023-12-14,6950
2454,聯發科,21,6,15,福勝,2023-12-14,6950
3035,智原,20,6,14,福勝,2023-12-14,6950
1314,中石化,14,0,14,福勝,2023-12-14,6950
00882,中信中國高股息,14,0,14,福勝,2023-12-14,6950
2419,仲琦,28,14,14,福勝,2023-12-14,6950
2355,敬鵬,14,1,13,福勝,2023-12-14,6950
2359,所羅門,15,2,13,福勝,2023-12-14,6950
5521,工信,32,19,13,福勝,2023-12-14,6950
3390,旭軟,12,0,12,福勝,2023-12-14,6950
00632R,元大台灣50反1,11,0,11,福勝,2023-12-14,6950
5465,富驊,11,0,11,福勝,2023-12-14,6950
3303,岱稜,10,0,10,福勝,2023-12-14,6950
4503,金雨,10,0,10,福勝,2023-12-14,6950
5302,太欣,10,0,10,福勝,2023-12-14,6950
5324,士開,10,0,10,福勝,2023-12-14,6950
5468,凱鈺,10,0,10,福勝,2023-12-14,6950
5488,松普,10,0,10,福勝,2023-12-14,6950
6443,元晶,10,0,10,福勝,2023-12-14,6950
8024,佑華,10,0,10,福勝,2023-12-14,6950
2344,華邦電,34,25,9,福勝,2023-12-14,6950
2609,陽明,9,1,8,福勝,2023-12-14,6950
2365,昆盈,15,7,8,福勝,2023-12-14,6950
2027,大成鋼,452,35,417,福勝,2023-12-15,6950
2020,美亞,303,5,298,福勝,2023-12-15,6950
2516,新建,125,0,125,福勝,2023-12-15,6950
00687B,國泰20年美債,98,1,97,福勝,2023-12-15,6950
00937B,群益ESG投等債20,89,14,75,福勝,2023-12-15,6950
00918,大華優利高填息30,70,0,70,福勝,2023-12-15,6950
2613,中櫃,60,0,60,福勝,2023-12-15,6950
1609,大亞,78,29,49,福勝,2023-12-15,6950
2356,英業達,131,87,44,福勝,2023-12-15,6950
2641,正德,52,14,38,福勝,2023-12-15,6950
00632R,元大台灣50反1,30,0,30,福勝,2023-12-15,6950
3303,岱稜,30,0,30,福勝,2023-12-15,6950
5236,凌陽創新,30,0,30,福勝,2023-12-15,6950
2618,長榮航,50,21,29,福勝,2023-12-15,6950
2014,中鴻,54,26,28,福勝,2023-12-15,6950
3481,群創,27,2,25,福勝,2023-12-15,6950
2834,臺企銀,25,0,25,福勝,2023-12-15,6950
3706,神達,23,0,23,福勝,2023-12-15,6950
00878,國泰永續高股息,33,10,23,福勝,2023-12-15,6950
2402,毅嘉,22,2,20,福勝,2023-12-15,6950
1314,中石化,20,0,20,福勝,2023-12-15,6950
1714,和桐,20,0,20,福勝,2023-12-15,6950
2104,國際中橡,20,0,20,福勝,2023-12-15,6950
2610,華航,21,1,20,福勝,2023-12-15,6950
3703,欣陸,20,0,20,福勝,2023-12-15,6950
00931B,統一美債20年,19,0,19,福勝,2023-12-15,6950
00934,中信成長高股息,19,0,19,福勝,2023-12-15,6950
2444,兆勁,18,0,18,福勝,2023-12-15,6950
3624,光頡,20,2,18,福勝,2023-12-15,6950
00915,凱基優選高股息30,17,0,17,福勝,2023-12-15,6950
5465,富驊,17,0,17,福勝,2023-12-15,6950
2317,鴻海,17,1,16,福勝,2023-12-15,6950
2617,台航,15,0,15,福勝,2023-12-15,6950
3052,夆典,15,0,15,福勝,2023-12-15,6950
5488,松普,15,0,15,福勝,2023-12-15,6950
3483,力致,14,0,14,福勝,2023-12-15,6950
1312,國喬,14,0,14,福勝,2023-12-15,6950
5272,笙科,24,10,14,福勝,2023-12-15,6950
8011,台通,14,0,14,福勝,2023-12-15,6950
3231,緯創,33,20,13,福勝,2023-12-15,6950
2009,第一銅,28,16,12,福勝,2023-12-15,6950
2419,仲琦,15,3,12,福勝,2023-12-15,6950
2388,威盛,17,5,12,福勝,2023-12-15,6950
00885,富邦越南,11,0,11,福勝,2023-12-15,6950
3029,零壹,11,0,11,福勝,2023-12-15,6950
5351,鈺創,14,3,11,福勝,2023-12-15,6950
00919,群益台灣精選高息,76,65,11,福勝,2023-12-15,6950
00706L,期元大S＆P日圓正2,10,0,10,福勝,2023-12-15,6950
1319,東陽,12,2,10,福勝,2023-12-15,6950
2347,聯強,10,0,10,福勝,2023-12-15,6950
2031,新光鋼,186,10,176,福勝,2023-12-18,6950
00929,復華台灣科技優息,176,5,171,福勝,2023-12-18,6950
2618,長榮航,149,3,146,福勝,2023-12-18,6950
2610,華航,129,20,109,福勝,2023-12-18,6950
00655L,國泰中國A50正2,100,0,100,福勝,2023-12-18,6950
0056,元大高股息,91,4,87,福勝,2023-12-18,6950
2388,威盛,61,5,56,福勝,2023-12-18,6950
3052,夆典,54,0,54,福勝,2023-12-18,6950
00642U,期元大S＆P石油,50,0,50,福勝,2023-12-18,6950
00937B,群益ESG投等債20,75,31,44,福勝,2023-12-18,6950
3363,上詮,42,0,42,福勝,2023-12-18,6950
2436,偉詮電,51,13,38,福勝,2023-12-18,6950
00650L,復華香港正2,30,0,30,福勝,2023-12-18,6950
3380,明泰,31,6,25,福勝,2023-12-18,6950
00936,台新永續高息中小,24,0,24,福勝,2023-12-18,6950
2401,凌陽,23,0,23,福勝,2023-12-18,6950
2025,千興,25,3,22,福勝,2023-12-18,6950
00795B,中信美國公債20年,26,6,20,福勝,2023-12-18,6950
2332,友訊,20,0,20,福勝,2023-12-18,6950
6282,康舒,20,0,20,福勝,2023-12-18,6950
2615,萬海,21,3,18,福勝,2023-12-18,6950
5608,四維航,18,0,18,福勝,2023-12-18,6950
2002,中鋼,17,3,14,福勝,2023-12-18,6950
2472,立隆電,15,1,14,福勝,2023-12-18,6950
4545,銘鈺,14,0,14,福勝,2023-12-18,6950
3645,達邁,15,2,13,福勝,2023-12-18,6950
4123,晟德,13,0,13,福勝,2023-12-18,6950
6153,嘉聯益,20,7,13,福勝,2023-12-18,6950
00679B,元大美債20年,16,3,13,福勝,2023-12-18,6950
2641,正德,15,3,12,福勝,2023-12-18,6950
00905,FT臺灣Smart,12,0,12,福勝,2023-12-18,6950
2355,敬鵬,17,5,12,福勝,2023-12-18,6950
2356,英業達,85,73,12,福勝,2023-12-18,6950
00878,國泰永續高股息,13,2,11,福勝,2023-12-18,6950
2023,燁輝,22,11,11,福勝,2023-12-18,6950
2442,新美齊,11,0,11,福勝,2023-12-18,6950
3041,揚智,11,0,11,福勝,2023-12-18,6950
3607,谷崧,11,0,11,福勝,2023-12-18,6950
6233,旺玖,12,1,11,福勝,2023-12-18,6950
00891,中信關鍵半導體,13,3,10,福勝,2023-12-18,6950
1522,堤維西,10,0,10,福勝,2023-12-18,6950
1591,駿吉-KY,10,0,10,福勝,2023-12-18,6950
2501,國建,10,0,10,福勝,2023-12-18,6950
3710,連展投控,10,0,10,福勝,2023-12-18,6950
6244,茂迪,10,0,10,福勝,2023-12-18,6950
6271,同欣電,10,0,10,福勝,2023-12-18,6950
2303,聯電,13,4,9,福勝,2023-12-18,6950
3213,茂訊,10,1,9,福勝,2023-12-18,6950
9919,康那香,9,0,9,福勝,2023-12-18,6950
2412,中華電,9,1,8,福勝,2023-12-18,6950
00929,復華台灣科技優息,377,44,333,福勝,2023-12-19,6950
2515,中工,190,24,166,福勝,2023-12-19,6950
2888,新光金,106,3,103,福勝,2023-12-19,6950
2010,春源,100,0,100,福勝,2023-12-19,6950
00937B,群益ESG投等債20,84,0,84,福勝,2023-12-19,6950
3363,上詮,81,0,81,福勝,2023-12-19,6950
2356,英業達,97,19,78,福勝,2023-12-19,6950
2601,益航,57,0,57,福勝,2023-12-19,6950
00712,復華富時不動產,52,3,49,福勝,2023-12-19,6950
2317,鴻海,50,2,48,福勝,2023-12-19,6950
2618,長榮航,53,8,45,福勝,2023-12-19,6950
2812,台中銀,44,0,44,福勝,2023-12-19,6950
3047,訊舟,46,5,41,福勝,2023-12-19,6950
2506,太設,40,0,40,福勝,2023-12-19,6950
2402,毅嘉,31,0,31,福勝,2023-12-19,6950
00932,兆豐永續高息等權,30,0,30,福勝,2023-12-19,6950
2312,金寶,30,0,30,福勝,2023-12-19,6950
2409,友達,48,20,28,福勝,2023-12-19,6950
00918,大華優利高填息30,26,0,26,福勝,2023-12-19,6950
4167,松瑞藥,34,9,25,福勝,2023-12-19,6950
00919,群益台灣精選高息,84,61,23,福勝,2023-12-19,6950
3231,緯創,27,4,23,福勝,2023-12-19,6950
2516,新建,30,8,22,福勝,2023-12-19,6950
9930,中聯資源,20,0,20,福勝,2023-12-19,6950
9933,中鼎,20,0,20,福勝,2023-12-19,6950
2482,連宇,22,3,19,福勝,2023-12-19,6950
3483,力致,20,1,19,福勝,2023-12-19,6950
2636,台驊控股,19,4,15,福勝,2023-12-19,6950
2465,麗臺,17,2,15,福勝,2023-12-19,6950
3380,明泰,14,0,14,福勝,2023-12-19,6950
5009,榮剛,15,1,14,福勝,2023-12-19,6950
2007,燁興,13,0,13,福勝,2023-12-19,6950
2801,彰銀,13,0,13,福勝,2023-12-19,6950
0056,元大高股息,12,0,12,福勝,2023-12-19,6950
1815,富喬,12,0,12,福勝,2023-12-19,6950
1785,光洋科,11,0,11,福勝,2023-12-19,6950
1440,南紡,10,0,10,福勝,2023-12-19,6950
1444,力麗,10,0,10,福勝,2023-12-19,6950
3310,佳穎,10,0,10,福勝,2023-12-19,6950
3511,矽瑪,10,0,10,福勝,2023-12-19,6950
4967,十銓,12,2,10,福勝,2023-12-19,6950
5512,力麒,10,0,10,福勝,2023-12-19,6950
6179,亞通,10,0,10,福勝,2023-12-19,6950
6192,巨路,10,0,10,福勝,2023-12-19,6950
8050,廣積,10,0,10,福勝,2023-12-19,6950
8068,全達,20,10,10,福勝,2023-12-19,6950
2368,金像電,10,1,9,福勝,2023-12-19,6950
3260,威剛,9,0,9,福勝,2023-12-19,6950
3532,台勝科,10,1,9,福勝,2023-12-19,6950
6180,橘子,9,0,9,福勝,2023-12-19,6950
2356,英業達,397,80,317,福勝,2023-12-20,6950
00937B,群益ESG投等債20,120,0,120,福勝,2023-12-20,6950
00919,群益台灣精選高息,72,10,62,福勝,2023-12-20,6950
2801,彰銀,51,0,51,福勝,2023-12-20,6950
3363,上詮,40,0,40,福勝,2023-12-20,6950
2913,農林,38,6,32,福勝,2023-12-20,6950
2603,長榮,35,12,23,福勝,2023-12-20,6950
3290,東浦,23,0,23,福勝,2023-12-20,6950
8011,台通,24,1,23,福勝,2023-12-20,6950
6147,頎邦,22,0,22,福勝,2023-12-20,6950
2892,第一金,20,0,20,福勝,2023-12-20,6950
00673R,期元大S＆P原油反1,20,0,20,福勝,2023-12-20,6950
3303,岱稜,20,0,20,福勝,2023-12-20,6950
6443,元晶,28,8,20,福勝,2023-12-20,6950
1504,東元,19,0,19,福勝,2023-12-20,6950
2344,華邦電,23,4,19,福勝,2023-12-20,6950
2363,矽統,22,3,19,福勝,2023-12-20,6950
2516,新建,61,43,18,福勝,2023-12-20,6950
3051,力特,22,5,17,福勝,2023-12-20,6950
2887,台新金,17,0,17,福勝,2023-12-20,6950
00687B,國泰20年美債,14,0,14,福勝,2023-12-20,6950
00905,FT臺灣Smart,13,0,13,福勝,2023-12-20,6950
2886,兆豐金,13,0,13,福勝,2023-12-20,6950
00679B,元大美債20年,13,1,12,福勝,2023-12-20,6950
2014,中鴻,16,4,12,福勝,2023-12-20,6950
6122,擎邦,12,0,12,福勝,2023-12-20,6950
2436,偉詮電,11,0,11,福勝,2023-12-20,6950
2891,中信金,11,0,11,福勝,2023-12-20,6950
3605,宏致,11,0,11,福勝,2023-12-20,6950
00751B,元大AAA至A公司債,10,0,10,福勝,2023-12-20,6950
2313,華通,13,3,10,福勝,2023-12-20,6950
2352,佳世達,10,0,10,福勝,2023-12-20,6950
2486,一詮,10,0,10,福勝,2023-12-20,6950
2890,永豐金,10,0,10,福勝,2023-12-20,6950
3189,景碩,11,1,10,福勝,2023-12-20,6950
3645,達邁,20,10,10,福勝,2023-12-20,6950
4960,誠美材,10,0,10,福勝,2023-12-20,6950
8088,品安,10,0,10,福勝,2023-12-20,6950
3011,今皓,9,0,9,福勝,2023-12-20,6950
6116,彩晶,10,1,9,福勝,2023-12-20,6950
2402,毅嘉,12,4,8,福勝,2023-12-20,6950
2538,基泰,8,0,8,福勝,2023-12-20,6950
5483,中美晶,9,1,8,福勝,2023-12-20,6950
9941,裕融,7,0,7,福勝,2023-12-20,6950
1905,華紙,10,3,7,福勝,2023-12-20,6950
3035,智原,12,5,7,福勝,2023-12-20,6950
5439,高技,7,0,7,福勝,2023-12-20,6950
6510,精測,8,1,7,福勝,2023-12-20,6950
8050,廣積,6,0,6,福勝,2023-12-20,6950
1605,華新,8,2,6,福勝,2023-12-20,6950
00937B,群益ESG投等債20,116,0,116,福勝,2023-12-21,6950
00919,群益台灣精選高息,100,5,95,福勝,2023-12-21,6950
3363,上詮,70,0,70,福勝,2023-12-21,6950
2382,廣達,74,17,57,福勝,2023-12-21,6950
2324,仁寶,61,16,45,福勝,2023-12-21,6950
2613,中櫃,35,0,35,福勝,2023-12-21,6950
6443,元晶,39,4,35,福勝,2023-12-21,6950
6770,力積電,55,21,34,福勝,2023-12-21,6950
2436,偉詮電,26,0,26,福勝,2023-12-21,6950
1314,中石化,33,10,23,福勝,2023-12-21,6950
2317,鴻海,26,3,23,福勝,2023-12-21,6950
4545,銘鈺,22,0,22,福勝,2023-12-21,6950
2506,太設,36,15,21,福勝,2023-12-21,6950
5880,合庫金,20,0,20,福勝,2023-12-21,6950
1312,國喬,20,0,20,福勝,2023-12-21,6950
1732,毛寶,25,5,20,福勝,2023-12-21,6950
3303,岱稜,20,0,20,福勝,2023-12-21,6950
3380,明泰,20,0,20,福勝,2023-12-21,6950
4105,東洋,20,0,20,福勝,2023-12-21,6950
00935,野村臺灣新科技50,18,0,18,福勝,2023-12-21,6950
00918,大華優利高填息30,17,0,17,福勝,2023-12-21,6950
2617,台航,18,1,17,福勝,2023-12-21,6950
2606,裕民,22,6,16,福勝,2023-12-21,6950
2892,第一金,16,0,16,福勝,2023-12-21,6950
4960,誠美材,20,4,16,福勝,2023-12-21,6950
6122,擎邦,31,15,16,福勝,2023-12-21,6950
2402,毅嘉,25,10,15,福勝,2023-12-21,6950
4171,瑞基,15,0,15,福勝,2023-12-21,6950
6645,金萬林-創,15,0,15,福勝,2023-12-21,6950
5512,力麒,14,0,14,福勝,2023-12-21,6950
3052,夆典,13,0,13,福勝,2023-12-21,6950
3290,東浦,13,0,13,福勝,2023-12-21,6950
2890,永豐金,12,0,12,福勝,2023-12-21,6950
00934,中信成長高股息,11,0,11,福勝,2023-12-21,6950
2881,富邦金,11,0,11,福勝,2023-12-21,6950
3264,欣銓,32,21,11,福勝,2023-12-21,6950
3390,旭軟,11,0,11,福勝,2023-12-21,6950
4167,松瑞藥,12,1,11,福勝,2023-12-21,6950
00936,台新永續高息中小,10,0,10,福勝,2023-12-21,6950
00680L,元大美債20正2,10,0,10,福勝,2023-12-21,6950
1701,中化,10,0,10,福勝,2023-12-21,6950
2331,精英,12,2,10,福勝,2023-12-21,6950
4977,眾達-KY,10,0,10,福勝,2023-12-21,6950
6117,迎廣,10,0,10,福勝,2023-12-21,6950
6616,特昇-KY,10,0,10,福勝,2023-12-21,6950
8201,無敵,10,0,10,福勝,2023-12-21,6950
2201,裕隆,10,0,10,福勝,2023-12-21,6950
2634,漢翔,13,4,9,福勝,2023-12-21,6950
6147,頎邦,10,1,9,福勝,2023-12-21,6950
8088,品安,10,1,9,福勝,2023-12-21,6950
2515,中工,260,15,245,福勝,2023-12-22,6950
2516,新建,110,1,109,福勝,2023-12-22,6950
3481,群創,129,59,70,福勝,2023-12-22,6950
3363,上詮,62,1,61,福勝,2023-12-22,6950
1210,大成,60,0,60,福勝,2023-12-22,6950
00929,復華台灣科技優息,48,2,46,福勝,2023-12-22,6950
2014,中鴻,32,1,31,福勝,2023-12-22,6950
2477,美隆電,31,1,30,福勝,2023-12-22,6950
2301,光寶科,31,1,30,福勝,2023-12-22,6950
2323,中環,43,14,29,福勝,2023-12-22,6950
8112,至上,53,25,28,福勝,2023-12-22,6950
3303,岱稜,27,0,27,福勝,2023-12-22,6950
8096,擎亞,25,0,25,福勝,2023-12-22,6950
2324,仁寶,39,17,22,福勝,2023-12-22,6950
3051,力特,24,2,22,福勝,2023-12-22,6950
6213,聯茂,22,0,22,福勝,2023-12-22,6950
6770,力積電,26,4,22,福勝,2023-12-22,6950
6270,倍微,21,0,21,福勝,2023-12-22,6950
00687B,國泰20年美債,20,0,20,福勝,2023-12-22,6950
2312,金寶,20,0,20,福勝,2023-12-22,6950
2614,東森,20,0,20,福勝,2023-12-22,6950
8011,台通,20,0,20,福勝,2023-12-22,6950
00665L,富邦�琤肭磪囓�2,18,0,18,福勝,2023-12-22,6950
1609,大亞,18,0,18,福勝,2023-12-22,6950
6668,中揚光,19,3,16,福勝,2023-12-22,6950
2201,裕隆,20,5,15,福勝,2023-12-22,6950
1314,中石化,20,5,15,福勝,2023-12-22,6950
00655L,國泰中國A50正2,15,0,15,福勝,2023-12-22,6950
8277,商丞,15,0,15,福勝,2023-12-22,6950
2888,新光金,13,0,13,福勝,2023-12-22,6950
00679B,元大美債20年,12,0,12,福勝,2023-12-22,6950
3645,達邁,12,0,12,福勝,2023-12-22,6950
00680L,元大美債20正2,10,0,10,福勝,2023-12-22,6950
00902,中信電池及儲能,10,0,10,福勝,2023-12-22,6950
00934,中信成長高股息,10,0,10,福勝,2023-12-22,6950
1524,耿鼎,10,0,10,福勝,2023-12-22,6950
1711,永光,10,0,10,福勝,2023-12-22,6950
2634,漢翔,10,0,10,福勝,2023-12-22,6950
2881,富邦金,10,0,10,福勝,2023-12-22,6950
6005,群益證,10,0,10,福勝,2023-12-22,6950
2337,旺宏,11,2,9,福勝,2023-12-22,6950
2388,威盛,20,11,9,福勝,2023-12-22,6950
4967,十銓,9,0,9,福勝,2023-12-22,6950
6443,元晶,14,5,9,福勝,2023-12-22,6950
4543,萬在,10,2,8,福勝,2023-12-22,6950
5608,四維航,10,2,8,福勝,2023-12-22,6950
1605,華新,21,14,7,福勝,2023-12-22,6950
2387,精元,7,0,7,福勝,2023-12-22,6950
3078,僑威,10,3,7,福勝,2023-12-22,6950
4973,廣穎,7,0,7,福勝,2023-12-22,6950
00937B,群益ESG投等債20,160,14,146,福勝,2023-12-25,6950
2516,新建,106,0,106,福勝,2023-12-25,6950
3481,群創,106,36,70,福勝,2023-12-25,6950
00919,群益台灣精選高息,75,7,68,福勝,2023-12-25,6950
2331,精英,62,11,51,福勝,2023-12-25,6950
2603,長榮,47,10,37,福勝,2023-12-25,6950
00715L,期街口布蘭特正2,38,3,35,福勝,2023-12-25,6950
1312,國喬,43,8,35,福勝,2023-12-25,6950
2609,陽明,119,88,31,福勝,2023-12-25,6950
2014,中鴻,43,12,31,福勝,2023-12-25,6950
2615,萬海,38,12,26,福勝,2023-12-25,6950
1434,福懋,25,0,25,福勝,2023-12-25,6950
3363,上詮,25,1,24,福勝,2023-12-25,6950
1718,中纖,22,0,22,福勝,2023-12-25,6950
2009,第一銅,22,0,22,福勝,2023-12-25,6950
6282,康舒,33,11,22,福勝,2023-12-25,6950
2489,瑞軒,20,0,20,福勝,2023-12-25,6950
8112,至上,29,9,20,福勝,2023-12-25,6950
6233,旺玖,20,1,19,福勝,2023-12-25,6950
2359,所羅門,24,6,18,福勝,2023-12-25,6950
2401,凌陽,17,0,17,福勝,2023-12-25,6950
2324,仁寶,65,50,15,福勝,2023-12-25,6950
00929,復華台灣科技優息,34,20,14,福勝,2023-12-25,6950
2356,英業達,69,55,14,福勝,2023-12-25,6950
00882,中信中國高股息,13,0,13,福勝,2023-12-25,6950
2891,中信金,12,0,12,福勝,2023-12-25,6950
6139,亞翔,13,1,12,福勝,2023-12-25,6950
1727,中華化,11,0,11,福勝,2023-12-25,6950
2032,新鋼,25,14,11,福勝,2023-12-25,6950
2607,榮運,11,0,11,福勝,2023-12-25,6950
5465,富驊,11,0,11,福勝,2023-12-25,6950
00931B,統一美債20年,10,0,10,福勝,2023-12-25,6950
2506,太設,10,0,10,福勝,2023-12-25,6950
2618,長榮航,10,0,10,福勝,2023-12-25,6950
4174,浩鼎,10,0,10,福勝,2023-12-25,6950
6197,佳必琪,10,0,10,福勝,2023-12-25,6950
8271,宇瞻,10,0,10,福勝,2023-12-25,6950
2498,宏達電,30,20,10,福勝,2023-12-25,6950
00687B,國泰20年美債,9,0,9,福勝,2023-12-25,6950
1616,億泰,10,1,9,福勝,2023-12-25,6950
3078,僑威,9,0,9,福勝,2023-12-25,6950
2007,燁興,10,2,8,福勝,2023-12-25,6950
4542,科嶠,8,0,8,福勝,2023-12-25,6950
4906,正文,8,0,8,福勝,2023-12-25,6950
6243,迅杰,11,3,8,福勝,2023-12-25,6950
2913,農林,7,0,7,福勝,2023-12-25,6950
6153,嘉聯益,7,0,7,福勝,2023-12-25,6950
1605,華新,16,10,6,福勝,2023-12-25,6950
2887,台新金,6,0,6,福勝,2023-12-25,6950
2405,輔信,9,3,6,福勝,2023-12-25,6950
2832,台產,96,1,95,福勝,2023-12-26,6950
3094,聯傑,102,7,95,福勝,2023-12-26,6950
00937B,群益ESG投等債20,51,0,51,福勝,2023-12-26,6950
00929,復華台灣科技優息,55,15,40,福勝,2023-12-26,6950
2610,華航,40,7,33,福勝,2023-12-26,6950
3163,波若威,37,5,32,福勝,2023-12-26,6950
00919,群益台灣精選高息,28,0,28,福勝,2023-12-26,6950
2382,廣達,35,7,28,福勝,2023-12-26,6950
2515,中工,26,0,26,福勝,2023-12-26,6950
2506,太設,20,0,20,福勝,2023-12-26,6950
4939,亞電,23,3,20,福勝,2023-12-26,6950
9950,萬國通,20,0,20,福勝,2023-12-26,6950
6290,良維,18,0,18,福勝,2023-12-26,6950
2388,威盛,28,12,16,福勝,2023-12-26,6950
2421,建準,19,3,16,福勝,2023-12-26,6950
1312,國喬,17,2,15,福勝,2023-12-26,6950
00934,中信成長高股息,15,0,15,福勝,2023-12-26,6950
1321,大洋,15,0,15,福勝,2023-12-26,6950
5465,富驊,17,3,14,福勝,2023-12-26,6950
2401,凌陽,13,0,13,福勝,2023-12-26,6950
3264,欣銓,13,0,13,福勝,2023-12-26,6950
1524,耿鼎,12,0,12,福勝,2023-12-26,6950
00902,中信電池及儲能,12,0,12,福勝,2023-12-26,6950
6117,迎廣,13,1,12,福勝,2023-12-26,6950
2363,矽統,11,0,11,福勝,2023-12-26,6950
2903,遠百,11,0,11,福勝,2023-12-26,6950
00679B,元大美債20年,10,0,10,福勝,2023-12-26,6950
1616,億泰,10,0,10,福勝,2023-12-26,6950
2883,凱基金,10,0,10,福勝,2023-12-26,6950
3013,晟銘電,11,1,10,福勝,2023-12-26,6950
3691,碩禾,10,0,10,福勝,2023-12-26,6950
6216,居易,10,0,10,福勝,2023-12-26,6950
6616,特昇-KY,10,0,10,福勝,2023-12-26,6950
8096,擎亞,10,0,10,福勝,2023-12-26,6950
1337,再生-KY,10,1,9,福勝,2023-12-26,6950
00933B,國泰10Y+金融債,8,0,8,福勝,2023-12-26,6950
6164,華興,11,3,8,福勝,2023-12-26,6950
6271,同欣電,8,0,8,福勝,2023-12-26,6950
8033,雷虎,8,0,8,福勝,2023-12-26,6950
00715L,期街口布蘭特正2,7,0,7,福勝,2023-12-26,6950
2880,華南金,7,0,7,福勝,2023-12-26,6950
3189,景碩,12,5,7,福勝,2023-12-26,6950
3694,海華,14,7,7,福勝,2023-12-26,6950
6182,合晶,7,0,7,福勝,2023-12-26,6950
2014,中鴻,8,1,7,福勝,2023-12-26,6950
00687B,國泰20年美債,6,0,6,福勝,2023-12-26,6950
1806,冠軍,6,0,6,福勝,2023-12-26,6950
2371,大同,6,0,6,福勝,2023-12-26,6950
3376,新日興,7,1,6,福勝,2023-12-26,6950
4545,銘鈺,6,0,6,福勝,2023-12-26,6950
00632R,元大台灣50反1,300,0,300,福勝,2023-12-27,6950
00937B,群益ESG投等債20,101,0,101,福勝,2023-12-27,6950
2609,陽明,108,20,88,福勝,2023-12-27,6950
00929,復華台灣科技優息,64,4,60,福勝,2023-12-27,6950
2820,華票,57,0,57,福勝,2023-12-27,6950
2462,良得電,56,1,55,福勝,2023-12-27,6950
6129,普誠,56,3,53,福勝,2023-12-27,6950
4533,協易機,50,1,49,福勝,2023-12-27,6950
2618,長榮航,60,12,48,福勝,2023-12-27,6950
2421,建準,53,5,48,福勝,2023-12-27,6950
00919,群益台灣精選高息,59,12,47,福勝,2023-12-27,6950
1604,聲寶,40,0,40,福勝,2023-12-27,6950
2516,新建,40,0,40,福勝,2023-12-27,6950
2515,中工,42,3,39,福勝,2023-12-27,6950
2363,矽統,37,7,30,福勝,2023-12-27,6950
3049,精金,30,0,30,福勝,2023-12-27,6950
3303,岱稜,30,0,30,福勝,2023-12-27,6950
2059,川湖,31,1,30,福勝,2023-12-27,6950
6237,驊訊,31,2,29,福勝,2023-12-27,6950
5521,工信,34,6,28,福勝,2023-12-27,6950
2405,輔信,51,29,22,福勝,2023-12-27,6950
2356,英業達,90,69,21,福勝,2023-12-27,6950
3034,聯詠,20,0,20,福勝,2023-12-27,6950
2419,仲琦,20,0,20,福勝,2023-12-27,6950
5347,世界,32,13,19,福勝,2023-12-27,6950
2610,華航,19,0,19,福勝,2023-12-27,6950
4743,合一,20,1,19,福勝,2023-12-27,6950
2337,旺宏,28,10,18,福勝,2023-12-27,6950
6770,力積電,18,0,18,福勝,2023-12-27,6950
2641,正德,21,4,17,福勝,2023-12-27,6950
4915,致伸,17,0,17,福勝,2023-12-27,6950
6182,合晶,17,0,17,福勝,2023-12-27,6950
2332,友訊,22,7,15,福勝,2023-12-27,6950
6141,柏承,15,0,15,福勝,2023-12-27,6950
6616,特昇-KY,15,0,15,福勝,2023-12-27,6950
00687B,國泰20年美債,13,0,13,福勝,2023-12-27,6950
2362,藍天,15,2,13,福勝,2023-12-27,6950
3231,緯創,29,16,13,福勝,2023-12-27,6950
3706,神達,28,15,13,福勝,2023-12-27,6950
2331,精英,27,15,12,福勝,2023-12-27,6950
2402,毅嘉,27,15,12,福勝,2023-12-27,6950
6179,亞通,12,0,12,福勝,2023-12-27,6950
1733,五鼎,27,16,11,福勝,2023-12-27,6950
2208,台船,12,1,11,福勝,2023-12-27,6950
3019,亞光,11,0,11,福勝,2023-12-27,6950
9105,泰金寶-DR,10,0,10,福勝,2023-12-27,6950
00885,富邦越南,10,0,10,福勝,2023-12-27,6950
2014,中鴻,11,1,10,福勝,2023-12-27,6950
2025,千興,10,0,10,福勝,2023-12-27,6950
2323,中環,20,10,10,福勝,2023-12-27,6950
00937B,群益ESG投等債20,88,0,88,福勝,2023-12-28,6950
00919,群益台灣精選高息,87,10,77,福勝,2023-12-28,6950
2405,輔信,55,1,54,福勝,2023-12-28,6950
2365,昆盈,51,0,51,福勝,2023-12-28,6950
4533,協易機,50,0,50,福勝,2023-12-28,6950
0056,元大高股息,44,6,38,福勝,2023-12-28,6950
2515,中工,35,0,35,福勝,2023-12-28,6950
2303,聯電,60,26,34,福勝,2023-12-28,6950
6188,廣明,42,9,33,福勝,2023-12-28,6950
00632R,元大台灣50反1,30,0,30,福勝,2023-12-28,6950
9105,泰金寶-DR,120,90,30,福勝,2023-12-28,6950
2888,新光金,28,0,28,福勝,2023-12-28,6950
2890,永豐金,25,0,25,福勝,2023-12-28,6950
00679B,元大美債20年,22,0,22,福勝,2023-12-28,6950
2313,華通,24,5,19,福勝,2023-12-28,6950
6770,力積電,22,3,19,福勝,2023-12-28,6950
4915,致伸,20,2,18,福勝,2023-12-28,6950
1514,亞力,39,21,18,福勝,2023-12-28,6950
2369,菱生,19,2,17,福勝,2023-12-28,6950
2462,良得電,20,3,17,福勝,2023-12-28,6950
3024,憶聲,30,14,16,福勝,2023-12-28,6950
2231,為升,15,0,15,福勝,2023-12-28,6950
2362,藍天,16,1,15,福勝,2023-12-28,6950
2356,英業達,46,32,14,福勝,2023-12-28,6950
3205,佰研,15,1,14,福勝,2023-12-28,6950
1616,億泰,15,1,14,福勝,2023-12-28,6950
6129,普誠,14,1,13,福勝,2023-12-28,6950
6789,采鈺,12,0,12,福勝,2023-12-28,6950
8070,長華*,12,0,12,福勝,2023-12-28,6950
2382,廣達,14,2,12,福勝,2023-12-28,6950
1218,泰山,10,0,10,福勝,2023-12-28,6950
00935,野村臺灣新科技50,10,0,10,福勝,2023-12-28,6950
00931B,統一美債20年,10,0,10,福勝,2023-12-28,6950
00753L,中信中國50正2,10,0,10,福勝,2023-12-28,6950
00638R,元大滬深300反1,10,0,10,福勝,2023-12-28,6950
1604,聲寶,10,0,10,福勝,2023-12-28,6950
2601,益航,10,0,10,福勝,2023-12-28,6950
3234,光環,10,0,10,福勝,2023-12-28,6950
3363,上詮,10,0,10,福勝,2023-12-28,6950
5351,鈺創,21,11,10,福勝,2023-12-28,6950
6160,欣技,10,0,10,福勝,2023-12-28,6950
8096,擎亞,50,40,10,福勝,2023-12-28,6950
3437,榮創,9,0,9,福勝,2023-12-28,6950
3376,新日興,20,12,8,福勝,2023-12-28,6950
1513,中興電,20,12,8,福勝,2023-12-28,6950
1721,三晃,7,0,7,福勝,2023-12-28,6950
2014,中鴻,7,0,7,福勝,2023-12-28,6950
2312,金寶,7,0,7,福勝,2023-12-28,6950
3059,華晶科,7,0,7,福勝,2023-12-28,6950
3380,明泰,7,0,7,福勝,2023-12-28,6950
00715L,期街口布蘭特正2,143,0,143,福勝,2023-12-29,6950
3052,夆典,135,0,135,福勝,2023-12-29,6950
2324,仁寶,145,23,122,福勝,2023-12-29,6950
3481,群創,112,19,93,福勝,2023-12-29,6950
00937B,群益ESG投等債20,73,0,73,福勝,2023-12-29,6950
2516,新建,60,0,60,福勝,2023-12-29,6950
9945,潤泰新,50,2,48,福勝,2023-12-29,6950
2352,佳世達,60,14,46,福勝,2023-12-29,6950
2820,華票,43,0,43,福勝,2023-12-29,6950
3380,明泰,31,3,28,福勝,2023-12-29,6950
0056,元大高股息,32,5,27,福勝,2023-12-29,6950
2331,精英,32,7,25,福勝,2023-12-29,6950
2363,矽統,31,6,25,福勝,2023-12-29,6950
2609,陽明,24,2,22,福勝,2023-12-29,6950
3624,光頡,22,0,22,福勝,2023-12-29,6950
5608,四維航,20,0,20,福勝,2023-12-29,6950
1802,台玻,20,1,19,福勝,2023-12-29,6950
2337,旺宏,21,2,19,福勝,2023-12-29,6950
00919,群益台灣精選高息,18,0,18,福勝,2023-12-29,6950
2606,裕民,20,2,18,福勝,2023-12-29,6950
3006,晶豪科,22,5,17,福勝,2023-12-29,6950
1504,東元,24,7,17,福勝,2023-12-29,6950
2317,鴻海,24,7,17,福勝,2023-12-29,6950
2344,華邦電,58,42,16,福勝,2023-12-29,6950
2405,輔信,30,14,16,福勝,2023-12-29,6950
2614,東森,15,0,15,福勝,2023-12-29,6950
3264,欣銓,15,0,15,福勝,2023-12-29,6950
3645,達邁,13,0,13,福勝,2023-12-29,6950
4967,十銓,13,0,13,福勝,2023-12-29,6950
6138,茂達,19,6,13,福勝,2023-12-29,6950
2402,毅嘉,12,0,12,福勝,2023-12-29,6950
2486,一詮,22,10,12,福勝,2023-12-29,6950
3036,文曄,12,0,12,福勝,2023-12-29,6950
6243,迅杰,13,1,12,福勝,2023-12-29,6950
1312,國喬,12,1,11,福勝,2023-12-29,6950
2014,中鴻,11,0,11,福勝,2023-12-29,6950
3037,欣興,12,1,11,福勝,2023-12-29,6950
3706,神達,25,14,11,福勝,2023-12-29,6950
4105,東洋,11,0,11,福勝,2023-12-29,6950
4533,協易機,11,0,11,福勝,2023-12-29,6950
8011,台通,11,0,11,福勝,2023-12-29,6950
2353,宏��,34,23,11,福勝,2023-12-29,6950
2610,華航,36,26,10,福勝,2023-12-29,6950
3141,晶宏,10,0,10,福勝,2023-12-29,6950
3363,上詮,10,0,10,福勝,2023-12-29,6950
6129,普誠,10,0,10,福勝,2023-12-29,6950
6531,愛普*,12,2,10,福勝,2023-12-29,6950
6770,力積電,10,0,10,福勝,2023-12-29,6950
5426,振發,14,5,9,福勝,2023-12-29,6950
6168,宏齊,10,1,9,福勝,2023-12-29,6950
2538,基泰,94,0,94,福勝,2024-01-02,6950
2356,英業達,73,10,63,福勝,2024-01-02,6950
1604,聲寶,60,3,57,福勝,2024-01-02,6950
3231,緯創,76,23,53,福勝,2024-01-02,6950
1108,幸福,50,0,50,福勝,2024-01-02,6950
00712,復華富時不動產,49,0,49,福勝,2024-01-02,6950
00937B,群益ESG投等債20,48,6,42,福勝,2024-01-02,6950
00929,復華台灣科技優息,81,39,42,福勝,2024-01-02,6950
00878,國泰永續高股息,69,29,40,福勝,2024-01-02,6950
3706,神達,39,1,38,福勝,2024-01-02,6950
1319,東陽,39,3,36,福勝,2024-01-02,6950
00919,群益台灣精選高息,39,6,33,福勝,2024-01-02,6950
00687B,國泰20年美債,32,0,32,福勝,2024-01-02,6950
2801,彰銀,30,0,30,福勝,2024-01-02,6950
2412,中華電,29,0,29,福勝,2024-01-02,6950
2609,陽明,215,186,29,福勝,2024-01-02,6950
5347,世界,29,0,29,福勝,2024-01-02,6950
3188,鑫龍騰,35,11,24,福勝,2024-01-02,6950
3596,智易,21,0,21,福勝,2024-01-02,6950
5328,華容,21,0,21,福勝,2024-01-02,6950
2231,為升,20,1,19,福勝,2024-01-02,6950
6116,彩晶,20,2,18,福勝,2024-01-02,6950
1605,華新,26,10,16,福勝,2024-01-02,6950
0056,元大高股息,28,13,15,福勝,2024-01-02,6950
6122,擎邦,15,0,15,福勝,2024-01-02,6950
6616,特昇-KY,15,0,15,福勝,2024-01-02,6950
2303,聯電,25,11,14,福勝,2024-01-02,6950
5351,鈺創,14,0,14,福勝,2024-01-02,6950
5425,台半,13,0,13,福勝,2024-01-02,6950
2399,映泰,12,0,12,福勝,2024-01-02,6950
2382,廣達,15,3,12,福勝,2024-01-02,6950
00931B,統一美債20年,10,0,10,福勝,2024-01-02,6950
2402,毅嘉,10,0,10,福勝,2024-01-02,6950
2462,良得電,10,0,10,福勝,2024-01-02,6950
2497,怡利電,10,0,10,福勝,2024-01-02,6950
4545,銘鈺,10,0,10,福勝,2024-01-02,6950
6117,迎廣,13,3,10,福勝,2024-01-02,6950
6712,長聖,10,0,10,福勝,2024-01-02,6950
8039,台虹,10,0,10,福勝,2024-01-02,6950
8150,南茂,10,0,10,福勝,2024-01-02,6950
2834,臺企銀,10,0,10,福勝,2024-01-02,6950
00715L,期街口布蘭特正2,10,1,9,福勝,2024-01-02,6950
2457,飛宏,10,1,9,福勝,2024-01-02,6950
2615,萬海,16,8,8,福勝,2024-01-02,6950
2352,佳世達,26,18,8,福勝,2024-01-02,6950
2355,敬鵬,10,2,8,福勝,2024-01-02,6950
3006,晶豪科,9,1,8,福勝,2024-01-02,6950
3024,憶聲,8,0,8,福勝,2024-01-02,6950
3450,聯鈞,10,2,8,福勝,2024-01-02,6950
00641R,富邦日本反1,7,0,7,福勝,2024-01-02,6950
2538,基泰,192,2,190,福勝,2024-01-03,6950
00929,復華台灣科技優息,140,21,119,福勝,2024-01-03,6950
2610,華航,123,10,113,福勝,2024-01-03,6950
2516,新建,100,0,100,福勝,2024-01-03,6950
00919,群益台灣精選高息,98,14,84,福勝,2024-01-03,6950
2609,陽明,206,148,58,福勝,2024-01-03,6950
2618,長榮航,79,23,56,福勝,2024-01-03,6950
2332,友訊,47,0,47,福勝,2024-01-03,6950
2313,華通,48,2,46,福勝,2024-01-03,6950
00931B,統一美債20年,46,0,46,福勝,2024-01-03,6950
2881,富邦金,43,0,43,福勝,2024-01-03,6950
0056,元大高股息,58,15,43,福勝,2024-01-03,6950
00878,國泰永續高股息,53,15,38,福勝,2024-01-03,6950
00937B,群益ESG投等債20,37,1,36,福勝,2024-01-03,6950
2801,彰銀,30,0,30,福勝,2024-01-03,6950
1605,華新,29,1,28,福勝,2024-01-03,6950
2330,台積電,28,2,26,福勝,2024-01-03,6950
3231,緯創,51,25,26,福勝,2024-01-03,6950
00679B,元大美債20年,28,5,23,福勝,2024-01-03,6950
2834,臺企銀,22,0,22,福勝,2024-01-03,6950
00715L,期街口布蘭特正2,21,0,21,福勝,2024-01-03,6950
1604,聲寶,20,0,20,福勝,2024-01-03,6950
2303,聯電,35,15,20,福勝,2024-01-03,6950
2462,良得電,20,0,20,福勝,2024-01-03,6950
2515,中工,20,0,20,福勝,2024-01-03,6950
1314,中石化,18,0,18,福勝,2024-01-03,6950
2323,中環,28,11,17,福勝,2024-01-03,6950
2363,矽統,27,10,17,福勝,2024-01-03,6950
3188,鑫龍騰,19,3,16,福勝,2024-01-03,6950
2405,輔信,28,13,15,福勝,2024-01-03,6950
2353,宏��,24,11,13,福勝,2024-01-03,6950
1337,再生-KY,13,1,12,福勝,2024-01-03,6950
00900,富邦特選高股息30,11,0,11,福勝,2024-01-03,6950
2362,藍天,18,7,11,福勝,2024-01-03,6950
6125,廣運,11,0,11,福勝,2024-01-03,6950
6275,元山,11,0,11,福勝,2024-01-03,6950
9919,康那香,11,0,11,福勝,2024-01-03,6950
00882,中信中國高股息,10,0,10,福勝,2024-01-03,6950
00642U,期元大S＆P石油,10,0,10,福勝,2024-01-03,6950
00641R,富邦日本反1,10,0,10,福勝,2024-01-03,6950
1101,台泥,11,1,10,福勝,2024-01-03,6950
2305,全友,10,0,10,福勝,2024-01-03,6950
2324,仁寶,18,8,10,福勝,2024-01-03,6950
2359,所羅門,20,10,10,福勝,2024-01-03,6950
2387,精元,10,0,10,福勝,2024-01-03,6950
2402,毅嘉,10,0,10,福勝,2024-01-03,6950
3321,同泰,10,0,10,福勝,2024-01-03,6950
4105,東洋,10,0,10,福勝,2024-01-03,6950
6141,柏承,10,0,10,福勝,2024-01-03,6950
2356,英業達,29,19,10,福勝,2024-01-03,6950
00929,復華台灣科技優息,361,34,327,福勝,2024-01-04,6950
2538,基泰,199,0,199,福勝,2024-01-04,6950
2611,志信,202,3,199,福勝,2024-01-04,6950
00937B,群益ESG投等債20,143,0,143,福勝,2024-01-04,6950
2606,裕民,73,6,67,福勝,2024-01-04,6950
00927,群益半導體收益,61,0,61,福勝,2024-01-04,6950
6667,信紘科,51,0,51,福勝,2024-01-04,6950
2641,正德,65,15,50,福勝,2024-01-04,6950
3406,玉晶光,40,0,40,福勝,2024-01-04,6950
4973,廣穎,36,1,35,福勝,2024-01-04,6950
2409,友達,35,2,33,福勝,2024-01-04,6950
2303,聯電,32,0,32,福勝,2024-01-04,6950
1210,大成,30,0,30,福勝,2024-01-04,6950
1604,聲寶,30,0,30,福勝,2024-01-04,6950
00919,群益台灣精選高息,29,0,29,福勝,2024-01-04,6950
3017,奇鋐,31,5,26,福勝,2024-01-04,6950
2610,華航,31,5,26,福勝,2024-01-04,6950
2486,一詮,26,2,24,福勝,2024-01-04,6950
1314,中石化,42,21,21,福勝,2024-01-04,6950
2312,金寶,21,0,21,福勝,2024-01-04,6950
2615,萬海,53,32,21,福勝,2024-01-04,6950
00934,中信成長高股息,20,0,20,福勝,2024-01-04,6950
2305,全友,20,0,20,福勝,2024-01-04,6950
2723,美食-KY,20,0,20,福勝,2024-01-04,6950
6282,康舒,22,2,20,福勝,2024-01-04,6950
3036,文曄,20,2,18,福勝,2024-01-04,6950
9934,成霖,18,0,18,福勝,2024-01-04,6950
0056,元大高股息,20,3,17,福勝,2024-01-04,6950
9919,康那香,27,10,17,福勝,2024-01-04,6950
2331,精英,17,1,16,福勝,2024-01-04,6950
2027,大成鋼,17,2,15,福勝,2024-01-04,6950
2324,仁寶,26,11,15,福勝,2024-01-04,6950
6122,擎邦,15,0,15,福勝,2024-01-04,6950
3390,旭軟,14,1,13,福勝,2024-01-04,6950
00680L,元大美債20正2,12,0,12,福勝,2024-01-04,6950
3042,晶技,12,0,12,福勝,2024-01-04,6950
6117,迎廣,21,9,12,福勝,2024-01-04,6950
00770,國泰北美科技,11,0,11,福勝,2024-01-04,6950
2883,凱基金,11,0,11,福勝,2024-01-04,6950
6139,亞翔,13,2,11,福勝,2024-01-04,6950
6290,良維,15,5,10,福勝,2024-01-04,6950
00900,富邦特選高股息30,10,0,10,福勝,2024-01-04,6950
00877,復華中國5G,10,0,10,福勝,2024-01-04,6950
1338,廣華-KY,10,0,10,福勝,2024-01-04,6950
2867,三商壽,10,0,10,福勝,2024-01-04,6950
4743,合一,10,0,10,福勝,2024-01-04,6950
5355,佳總,10,0,10,福勝,2024-01-04,6950
5452,佶優,14,4,10,福勝,2024-01-04,6950
5512,力麒,10,0,10,福勝,2024-01-04,6950
00881,國泰台灣5G+,10,1,9,福勝,2024-01-04,6950
2353,宏��,148,37,111,福勝,2024-01-05,6950
00929,復華台灣科技優息,110,13,97,福勝,2024-01-05,6950
00919,群益台灣精選高息,89,7,82,福勝,2024-01-05,6950
2618,長榮航,98,29,69,福勝,2024-01-05,6950
4746,台耀,46,3,43,福勝,2024-01-05,6950
1732,毛寶,62,24,38,福勝,2024-01-05,6950
2610,華航,62,29,33,福勝,2024-01-05,6950
00687B,國泰20年美債,34,2,32,福勝,2024-01-05,6950
2609,陽明,153,123,30,福勝,2024-01-05,6950
3232,昱捷,27,1,26,福勝,2024-01-05,6950
2324,仁寶,28,4,24,福勝,2024-01-05,6950
00882,中信中國高股息,21,0,21,福勝,2024-01-05,6950
6116,彩晶,21,0,21,福勝,2024-01-05,6950
2305,全友,20,0,20,福勝,2024-01-05,6950
2356,英業達,43,23,20,福勝,2024-01-05,6950
2362,藍天,23,3,20,福勝,2024-01-05,6950
2515,中工,20,0,20,福勝,2024-01-05,6950
4167,松瑞藥,20,0,20,福勝,2024-01-05,6950
00772B,中信高評級公司債,18,0,18,福勝,2024-01-05,6950
2352,佳世達,33,16,17,福勝,2024-01-05,6950
2486,一詮,17,0,17,福勝,2024-01-05,6950
2382,廣達,64,48,16,福勝,2024-01-05,6950
00712,復華富時不動產,16,0,16,福勝,2024-01-05,6950
2637,慧洋-KY,22,7,15,福勝,2024-01-05,6950
00679B,元大美債20年,24,10,14,福勝,2024-01-05,6950
6290,良維,12,0,12,福勝,2024-01-05,6950
2543,皇昌,20,8,12,福勝,2024-01-05,6950
6593,台灣銘板,11,0,11,福勝,2024-01-05,6950
1319,東陽,10,0,10,福勝,2024-01-05,6950
1313,聯成,10,0,10,福勝,2024-01-05,6950
00632R,元大台灣50反1,10,0,10,福勝,2024-01-05,6950
00881,國泰台灣5G+,10,0,10,福勝,2024-01-05,6950
2303,聯電,14,4,10,福勝,2024-01-05,6950
2903,遠百,10,0,10,福勝,2024-01-05,6950
3176,基亞,10,0,10,福勝,2024-01-05,6950
3303,岱稜,10,0,10,福勝,2024-01-05,6950
3624,光頡,10,0,10,福勝,2024-01-05,6950
5302,太欣,10,0,10,福勝,2024-01-05,6950
00878,國泰永續高股息,22,13,9,福勝,2024-01-05,6950
3231,緯創,13,4,9,福勝,2024-01-05,6950
4979,華星光,12,3,9,福勝,2024-01-05,6950
2002,中鋼,9,1,8,福勝,2024-01-05,6950
2455,全新,8,0,8,福勝,2024-01-05,6950
5425,台半,7,0,7,福勝,2024-01-05,6950
00937B,群益ESG投等債20,19,12,7,福勝,2024-01-05,6950
8046,南電,9,2,7,福勝,2024-01-05,6950
8054,安國,8,1,7,福勝,2024-01-05,6950
3008,大立光,6,0,6,福勝,2024-01-05,6950
00927,群益半導體收益,6,0,6,福勝,2024-01-05,6950
1325,恆大,7,1,6,福勝,2024-01-05,6950
00929,復華台灣科技優息,127,24,103,福勝,2024-01-08,6950
2538,基泰,101,0,101,福勝,2024-01-08,6950
9105,泰金寶-DR,66,0,66,福勝,2024-01-08,6950
6770,力積電,67,8,59,福勝,2024-01-08,6950
2376,技嘉,52,1,51,福勝,2024-01-08,6950
2610,華航,76,29,47,福勝,2024-01-08,6950
2353,宏��,66,21,45,福勝,2024-01-08,6950
2392,正崴,45,0,45,福勝,2024-01-08,6950
00919,群益台灣精選高息,43,3,40,福勝,2024-01-08,6950
8096,擎亞,41,1,40,福勝,2024-01-08,6950
5432,新門,42,5,37,福勝,2024-01-08,6950
2609,陽明,80,45,35,福勝,2024-01-08,6950
8068,全達,36,4,32,福勝,2024-01-08,6950
2498,宏達電,45,19,26,福勝,2024-01-08,6950
2382,廣達,55,32,23,福勝,2024-01-08,6950
2344,華邦電,35,13,22,福勝,2024-01-08,6950
00687B,國泰20年美債,21,0,21,福勝,2024-01-08,6950
00665L,富邦�琤肭磪囓�2,20,0,20,福勝,2024-01-08,6950
1604,聲寶,20,0,20,福勝,2024-01-08,6950
2032,新鋼,20,0,20,福勝,2024-01-08,6950
4973,廣穎,20,0,20,福勝,2024-01-08,6950
6271,同欣電,20,0,20,福勝,2024-01-08,6950
3552,同致,20,1,19,福勝,2024-01-08,6950
8011,台通,25,7,18,福勝,2024-01-08,6950
1471,首利,20,3,17,福勝,2024-01-08,6950
0056,元大高股息,21,6,15,福勝,2024-01-08,6950
3188,鑫龍騰,34,20,14,福勝,2024-01-08,6950
4533,協易機,14,0,14,福勝,2024-01-08,6950
6113,亞矽,14,0,14,福勝,2024-01-08,6950
2337,旺宏,14,1,13,福勝,2024-01-08,6950
1337,再生-KY,12,0,12,福勝,2024-01-08,6950
8046,南電,14,2,12,福勝,2024-01-08,6950
2002,中鋼,12,0,12,福勝,2024-01-08,6950
3231,緯創,22,11,11,福勝,2024-01-08,6950
00927,群益半導體收益,10,0,10,福勝,2024-01-08,6950
1612,宏泰,10,0,10,福勝,2024-01-08,6950
1718,中纖,10,0,10,福勝,2024-01-08,6950
2349,錸德,10,0,10,福勝,2024-01-08,6950
2607,榮運,10,0,10,福勝,2024-01-08,6950
3380,明泰,10,0,10,福勝,2024-01-08,6950
2303,聯電,15,6,9,福勝,2024-01-08,6950
2355,敬鵬,9,0,9,福勝,2024-01-08,6950
6168,宏齊,9,0,9,福勝,2024-01-08,6950
3694,海華,8,0,8,福勝,2024-01-08,6950
6122,擎邦,8,0,8,福勝,2024-01-08,6950
9904,寶成,10,2,8,福勝,2024-01-08,6950
9919,康那香,8,0,8,福勝,2024-01-08,6950
6625,必應,9,1,8,福勝,2024-01-08,6950
00904,新光臺灣半導體30,7,0,7,福勝,2024-01-08,6950
00772B,中信高評級公司債,7,0,7,福勝,2024-01-08,6950
00715L,期街口布蘭特正2,141,0,141,福勝,2024-01-09,6950
00929,復華台灣科技優息,143,18,125,福勝,2024-01-09,6950
00919,群益台灣精選高息,121,0,121,福勝,2024-01-09,6950
2609,陽明,109,24,85,福勝,2024-01-09,6950
2618,長榮航,85,21,64,福勝,2024-01-09,6950
2610,華航,74,15,59,福勝,2024-01-09,6950
00937B,群益ESG投等債20,87,30,57,福勝,2024-01-09,6950
00770,國泰北美科技,50,0,50,福勝,2024-01-09,6950
2516,新建,50,0,50,福勝,2024-01-09,6950
2538,基泰,49,0,49,福勝,2024-01-09,6950
3481,群創,51,7,44,福勝,2024-01-09,6950
2301,光寶科,39,4,35,福勝,2024-01-09,6950
2027,大成鋼,29,0,29,福勝,2024-01-09,6950
2317,鴻海,27,0,27,福勝,2024-01-09,6950
2329,華泰,47,20,27,福勝,2024-01-09,6950
2014,中鴻,26,0,26,福勝,2024-01-09,6950
3232,昱捷,26,0,26,福勝,2024-01-09,6950
2344,華邦電,47,22,25,福勝,2024-01-09,6950
3078,僑威,57,32,25,福勝,2024-01-09,6950
2303,聯電,27,3,24,福勝,2024-01-09,6950
2312,金寶,22,0,22,福勝,2024-01-09,6950
3024,憶聲,20,0,20,福勝,2024-01-09,6950
1605,華新,19,0,19,福勝,2024-01-09,6950
1301,台塑,17,0,17,福勝,2024-01-09,6950
2331,精英,23,6,17,福勝,2024-01-09,6950
2615,萬海,20,3,17,福勝,2024-01-09,6950
8011,台通,23,6,17,福勝,2024-01-09,6950
3066,李洲,16,0,16,福勝,2024-01-09,6950
6282,康舒,20,6,14,福勝,2024-01-09,6950
5490,同亨,13,0,13,福勝,2024-01-09,6950
2603,長榮,14,1,13,福勝,2024-01-09,6950
1314,中石化,16,4,12,福勝,2024-01-09,6950
3406,玉晶光,14,2,12,福勝,2024-01-09,6950
5309,系統電,14,2,12,福勝,2024-01-09,6950
00679B,元大美債20年,11,0,11,福勝,2024-01-09,6950
2634,漢翔,25,14,11,福勝,2024-01-09,6950
3390,旭軟,11,0,11,福勝,2024-01-09,6950
4114,健喬,11,0,11,福勝,2024-01-09,6950
5521,工信,11,0,11,福勝,2024-01-09,6950
8033,雷虎,16,5,11,福勝,2024-01-09,6950
8358,金居,11,0,11,福勝,2024-01-09,6950
00885,富邦越南,10,0,10,福勝,2024-01-09,6950
1708,東鹼,10,0,10,福勝,2024-01-09,6950
1806,冠軍,10,0,10,福勝,2024-01-09,6950
2457,飛宏,10,0,10,福勝,2024-01-09,6950
2834,臺企銀,10,0,10,福勝,2024-01-09,6950
4907,富宇,10,0,10,福勝,2024-01-09,6950
5457,宣德,10,0,10,福勝,2024-01-09,6950
8050,廣積,10,0,10,福勝,2024-01-09,6950
2308,台達電,9,0,9,福勝,2024-01-09,6950
2516,新建,230,0,230,福勝,2024-01-10,6950
3036,文曄,160,2,158,福勝,2024-01-10,6950
00919,群益台灣精選高息,68,6,62,福勝,2024-01-10,6950
1560,中砂,62,1,61,福勝,2024-01-10,6950
2723,美食-KY,61,0,61,福勝,2024-01-10,6950
2889,國票金,60,0,60,福勝,2024-01-10,6950
6163,華電網,89,41,48,福勝,2024-01-10,6950
1313,聯成,50,3,47,福勝,2024-01-10,6950
6164,華興,58,11,47,福勝,2024-01-10,6950
1795,美時,40,0,40,福勝,2024-01-10,6950
00929,復華台灣科技優息,62,22,40,福勝,2024-01-10,6950
2882,國泰金,34,0,34,福勝,2024-01-10,6950
2303,聯電,37,5,32,福勝,2024-01-10,6950
1604,聲寶,31,0,31,福勝,2024-01-10,6950
2402,毅嘉,28,1,27,福勝,2024-01-10,6950
2312,金寶,26,0,26,福勝,2024-01-10,6950
0056,元大高股息,31,6,25,福勝,2024-01-10,6950
6282,康舒,27,2,25,福勝,2024-01-10,6950
6805,富世達,25,2,23,福勝,2024-01-10,6950
2489,瑞軒,22,0,22,福勝,2024-01-10,6950
2538,基泰,21,0,21,福勝,2024-01-10,6950
2606,裕民,22,1,21,福勝,2024-01-10,6950
3017,奇鋐,23,2,21,福勝,2024-01-10,6950
00878,國泰永續高股息,21,1,20,福勝,2024-01-10,6950
00673R,期元大S＆P原油反1,20,0,20,福勝,2024-01-10,6950
2025,千興,20,0,20,福勝,2024-01-10,6950
2641,正德,23,4,19,福勝,2024-01-10,6950
2609,陽明,81,62,19,福勝,2024-01-10,6950
1519,華城,22,4,18,福勝,2024-01-10,6950
2610,華航,33,17,16,福勝,2024-01-10,6950
3207,耀勝,16,0,16,福勝,2024-01-10,6950
1515,力山,15,0,15,福勝,2024-01-10,6950
2014,中鴻,15,0,15,福勝,2024-01-10,6950
9958,世紀鋼,21,6,15,福勝,2024-01-10,6950
00679B,元大美債20年,17,3,14,福勝,2024-01-10,6950
3232,昱捷,15,1,14,福勝,2024-01-10,6950
2634,漢翔,17,4,13,福勝,2024-01-10,6950
6182,合晶,12,0,12,福勝,2024-01-10,6950
1312,國喬,11,0,11,福勝,2024-01-10,6950
2352,佳世達,18,7,11,福勝,2024-01-10,6950
2369,菱生,12,1,11,福勝,2024-01-10,6950
2611,志信,11,0,11,福勝,2024-01-10,6950
5521,工信,11,0,11,福勝,2024-01-10,6950
00930,永豐ESG低碳高息,10,0,10,福勝,2024-01-10,6950
1708,東鹼,10,0,10,福勝,2024-01-10,6950
2010,春源,10,0,10,福勝,2024-01-10,6950
2460,建通,10,0,10,福勝,2024-01-10,6950
3264,欣銓,10,0,10,福勝,2024-01-10,6950
3665,貿聯-KY,10,0,10,福勝,2024-01-10,6950
6117,迎廣,15,5,10,福勝,2024-01-10,6950
2353,宏��,397,94,303,福勝,2024-01-11,6950
2409,友達,175,14,161,福勝,2024-01-11,6950
2609,陽明,144,15,129,福勝,2024-01-11,6950
00882,中信中國高股息,102,0,102,福勝,2024-01-11,6950
4533,協易機,101,0,101,福勝,2024-01-11,6950
00929,復華台灣科技優息,107,11,96,福勝,2024-01-11,6950
3036,文曄,94,16,78,福勝,2024-01-11,6950
8111,立��,37,5,32,福勝,2024-01-11,6950
3232,昱捷,31,5,26,福勝,2024-01-11,6950
8176,智捷,26,0,26,福勝,2024-01-11,6950
00919,群益台灣精選高息,26,3,23,福勝,2024-01-11,6950
0056,元大高股息,29,6,23,福勝,2024-01-11,6950
2344,華邦電,22,0,22,福勝,2024-01-11,6950
6120,達運,52,31,21,福勝,2024-01-11,6950
2538,基泰,30,10,20,福勝,2024-01-11,6950
3312,弘憶股,23,3,20,福勝,2024-01-11,6950
3321,同泰,20,0,20,福勝,2024-01-11,6950
2408,南亞科,26,7,19,福勝,2024-01-11,6950
2317,鴻海,19,0,19,福勝,2024-01-11,6950
6603,富強鑫,18,0,18,福勝,2024-01-11,6950
2371,大同,15,0,15,福勝,2024-01-11,6950
2329,華泰,51,37,14,福勝,2024-01-11,6950
2303,聯電,14,0,14,福勝,2024-01-11,6950
00891,中信關鍵半導體,13,0,13,福勝,2024-01-11,6950
1604,聲寶,13,0,13,福勝,2024-01-11,6950
2426,鼎元,16,3,13,福勝,2024-01-11,6950
3037,欣興,15,2,13,福勝,2024-01-11,6950
6239,力成,14,1,13,福勝,2024-01-11,6950
6547,高端疫苗,13,0,13,福勝,2024-01-11,6950
1303,南亞,12,0,12,福勝,2024-01-11,6950
1570,力肯,12,0,12,福勝,2024-01-11,6950
2359,所羅門,12,0,12,福勝,2024-01-11,6950
2363,矽統,15,3,12,福勝,2024-01-11,6950
2313,華通,11,0,11,福勝,2024-01-11,6950
2324,仁寶,25,14,11,福勝,2024-01-11,6950
5443,均豪,14,3,11,福勝,2024-01-11,6950
9919,康那香,11,0,11,福勝,2024-01-11,6950
1218,泰山,10,0,10,福勝,2024-01-11,6950
2301,光寶科,10,0,10,福勝,2024-01-11,6950
2355,敬鵬,15,5,10,福勝,2024-01-11,6950
6669,緯穎,18,8,10,福勝,2024-01-11,6950
2449,京元電子,9,1,8,福勝,2024-01-11,6950
2606,裕民,10,2,8,福勝,2024-01-11,6950
2630,亞航,12,4,8,福勝,2024-01-11,6950
3588,通嘉,9,1,8,福勝,2024-01-11,6950
6140,訊達,10,2,8,福勝,2024-01-11,6950
6770,力積電,8,0,8,福勝,2024-01-11,6950
2405,輔信,11,4,7,福勝,2024-01-11,6950
3645,達邁,12,5,7,福勝,2024-01-11,6950
6141,柏承,7,0,7,福勝,2024-01-11,6950
00929,復華台灣科技優息,151,0,151,福勝,2024-01-12,6950
2538,基泰,148,10,138,福勝,2024-01-12,6950
2809,京城銀,130,0,130,福勝,2024-01-12,6950
00720B,元大投資級公司債,100,0,100,福勝,2024-01-12,6950
6120,達運,124,26,98,福勝,2024-01-12,6950
2888,新光金,76,16,60,福勝,2024-01-12,6950
2882,國泰金,52,1,51,福勝,2024-01-12,6950
2329,華泰,57,9,48,福勝,2024-01-12,6950
6163,華電網,48,0,48,福勝,2024-01-12,6950
6667,信紘科,40,0,40,福勝,2024-01-12,6950
1503,士電,36,2,34,福勝,2024-01-12,6950
0056,元大高股息,35,2,33,福勝,2024-01-12,6950
00632R,元大台灣50反1,30,0,30,福勝,2024-01-12,6950
2002,中鋼,38,11,27,福勝,2024-01-12,6950
00881,國泰台灣5G+,32,6,26,福勝,2024-01-12,6950
2305,全友,24,0,24,福勝,2024-01-12,6950
2303,聯電,21,0,21,福勝,2024-01-12,6950
5443,均豪,23,2,21,福勝,2024-01-12,6950
00891,中信關鍵半導體,20,0,20,福勝,2024-01-12,6950
00900,富邦特選高股息30,20,0,20,福勝,2024-01-12,6950
8096,擎亞,60,41,19,福勝,2024-01-12,6950
3047,訊舟,17,0,17,福勝,2024-01-12,6950
3232,昱捷,18,1,17,福勝,2024-01-12,6950
3066,李洲,18,2,16,福勝,2024-01-12,6950
8150,南茂,16,0,16,福勝,2024-01-12,6950
3035,智原,45,30,15,福勝,2024-01-12,6950
3032,偉訓,17,3,14,福勝,2024-01-12,6950
3623,富晶通,14,0,14,福勝,2024-01-12,6950
5351,鈺創,14,0,14,福勝,2024-01-12,6950
6695,芯鼎,22,8,14,福勝,2024-01-12,6950
5880,合庫金,12,0,12,福勝,2024-01-12,6950
2208,台船,14,3,11,福勝,2024-01-12,6950
6770,力積電,12,1,11,福勝,2024-01-12,6950
00904,新光臺灣半導體30,10,0,10,福勝,2024-01-12,6950
2460,建通,10,0,10,福勝,2024-01-12,6950
2883,凱基金,10,0,10,福勝,2024-01-12,6950
3622,洋華,13,3,10,福勝,2024-01-12,6950
5398,慕康生醫,10,0,10,福勝,2024-01-12,6950
8087,麗升能源,10,0,10,福勝,2024-01-12,6950
2401,凌陽,9,0,9,福勝,2024-01-12,6950
3078,僑威,9,0,9,福勝,2024-01-12,6950
3673,TPK-KY,20,11,9,福勝,2024-01-12,6950
3481,群創,20,12,8,福勝,2024-01-12,6950
2421,建準,12,4,8,福勝,2024-01-12,6950
2606,裕民,10,2,8,福勝,2024-01-12,6950
2317,鴻海,16,9,7,福勝,2024-01-12,6950
00878,國泰永續高股息,7,0,7,福勝,2024-01-12,6950
1605,華新,9,2,7,福勝,2024-01-12,6950
1781,合世,7,0,7,福勝,2024-01-12,6950
8227,巨有科技,9,2,7,福勝,2024-01-12,6950
00929,復華台灣科技優息,242,20,222,福勝,2024-01-15,6950
2610,華航,125,0,125,福勝,2024-01-15,6950
0056,元大高股息,87,0,87,福勝,2024-01-15,6950
00919,群益台灣精選高息,56,10,46,福勝,2024-01-15,6950
2303,聯電,49,5,44,福勝,2024-01-15,6950
2312,金寶,45,2,43,福勝,2024-01-15,6950
2409,友達,40,0,40,福勝,2024-01-15,6950
00878,國泰永續高股息,33,3,30,福勝,2024-01-15,6950
3232,昱捷,29,1,28,福勝,2024-01-15,6950
2317,鴻海,32,4,28,福勝,2024-01-15,6950
2344,華邦電,34,8,26,福勝,2024-01-15,6950
2892,第一金,24,0,24,福勝,2024-01-15,6950
3630,新鉅科,19,0,19,福勝,2024-01-15,6950
6443,元晶,27,8,19,福勝,2024-01-15,6950
2353,宏��,42,25,17,福勝,2024-01-15,6950
2408,南亞科,21,4,17,福勝,2024-01-15,6950
2801,彰銀,21,5,16,福勝,2024-01-15,6950
4956,光鋐,15,0,15,福勝,2024-01-15,6950
3390,旭軟,16,2,14,福勝,2024-01-15,6950
3481,群創,30,16,14,福勝,2024-01-15,6950
1529,樂事綠能,31,18,13,福勝,2024-01-15,6950
2033,佳大,13,0,13,福勝,2024-01-15,6950
2634,漢翔,16,3,13,福勝,2024-01-15,6950
6669,緯穎,13,0,13,福勝,2024-01-15,6950
2618,長榮航,15,3,12,福勝,2024-01-15,6950
00881,國泰台灣5G+,17,5,12,福勝,2024-01-15,6950
3710,連展投控,12,0,12,福勝,2024-01-15,6950
2890,永豐金,11,0,11,福勝,2024-01-15,6950
4147,中裕,11,0,11,福勝,2024-01-15,6950
6207,雷科,12,1,11,福勝,2024-01-15,6950
1570,力肯,10,0,10,福勝,2024-01-15,6950
1604,聲寶,10,0,10,福勝,2024-01-15,6950
00715L,期街口布蘭特正2,11,1,10,福勝,2024-01-15,6950
3530,晶相光,11,1,10,福勝,2024-01-15,6950
6185,幃翔,10,0,10,福勝,2024-01-15,6950
8046,南電,10,0,10,福勝,2024-01-15,6950
8222,寶一,14,4,10,福勝,2024-01-15,6950
8940,新天地,10,0,10,福勝,2024-01-15,6950
2399,映泰,18,9,9,福勝,2024-01-15,6950
2883,凱基金,9,0,9,福勝,2024-01-15,6950
00680L,元大美債20正2,8,0,8,福勝,2024-01-15,6950
2405,輔信,8,0,8,福勝,2024-01-15,6950
2406,國碩,10,3,7,福勝,2024-01-15,6950
8110,華東,7,0,7,福勝,2024-01-15,6950
3576,聯合再生,21,15,6,福勝,2024-01-15,6950
00927,群益半導體收益,6,0,6,福勝,2024-01-15,6950
00911,兆豐洲際半導體,6,0,6,福勝,2024-01-15,6950
2388,威盛,16,10,6,福勝,2024-01-15,6950
2438,翔耀,6,0,6,福勝,2024-01-15,6950
2630,亞航,9,3,6,福勝,2024-01-15,6950
0056,元大高股息,128,1,127,福勝,2024-01-16,6950
2409,友達,130,8,122,福勝,2024-01-16,6950
2538,基泰,120,0,120,福勝,2024-01-16,6950
00929,復華台灣科技優息,132,20,112,福勝,2024-01-16,6950
00632R,元大台灣50反1,155,58,97,福勝,2024-01-16,6950
8096,擎亞,114,18,96,福勝,2024-01-16,6950
2486,一詮,97,11,86,福勝,2024-01-16,6950
1604,聲寶,61,0,61,福勝,2024-01-16,6950
2888,新光金,69,10,59,福勝,2024-01-16,6950
00720B,元大投資級公司債,56,0,56,福勝,2024-01-16,6950
1301,台塑,67,16,51,福勝,2024-01-16,6950
2610,華航,48,0,48,福勝,2024-01-16,6950
00878,國泰永續高股息,36,1,35,福勝,2024-01-16,6950
1528,恩德,42,9,33,福勝,2024-01-16,6950
2405,輔信,45,15,30,福勝,2024-01-16,6950
2618,長榮航,35,6,29,福勝,2024-01-16,6950
1314,中石化,27,0,27,福勝,2024-01-16,6950
6282,康舒,25,0,25,福勝,2024-01-16,6950
00927,群益半導體收益,24,0,24,福勝,2024-01-16,6950
2883,凱基金,23,0,23,福勝,2024-01-16,6950
1303,南亞,23,1,22,福勝,2024-01-16,6950
6191,精成科,22,0,22,福勝,2024-01-16,6950
1108,幸福,20,0,20,福勝,2024-01-16,6950
2460,建通,20,0,20,福勝,2024-01-16,6950
3232,昱捷,20,0,20,福勝,2024-01-16,6950
1326,台化,18,0,18,福勝,2024-01-16,6950
00900,富邦特選高股息30,18,0,18,福勝,2024-01-16,6950
3218,大學光,17,0,17,福勝,2024-01-16,6950
2344,華邦電,16,0,16,福勝,2024-01-16,6950
6684,安格,18,2,16,福勝,2024-01-16,6950
5498,凱崴,15,0,15,福勝,2024-01-16,6950
5351,鈺創,24,10,14,福勝,2024-01-16,6950
5880,合庫金,13,0,13,福勝,2024-01-16,6950
2606,裕民,13,0,13,福勝,2024-01-16,6950
2801,彰銀,13,0,13,福勝,2024-01-16,6950
3025,星通,19,7,12,福勝,2024-01-16,6950
2014,中鴻,12,0,12,福勝,2024-01-16,6950
5328,華容,12,0,12,福勝,2024-01-16,6950
2376,技嘉,13,1,12,福勝,2024-01-16,6950
2002,中鋼,12,0,12,福勝,2024-01-16,6950
1784,訊聯,12,1,11,福勝,2024-01-16,6950
2731,雄獅,11,0,11,福勝,2024-01-16,6950
00919,群益台灣精選高息,15,5,10,福勝,2024-01-16,6950
1907,永豐餘,12,2,10,福勝,2024-01-16,6950
2331,精英,11,1,10,福勝,2024-01-16,6950
3438,類比科,10,0,10,福勝,2024-01-16,6950
6164,華興,10,0,10,福勝,2024-01-16,6950
2317,鴻海,11,2,9,福勝,2024-01-16,6950
2356,英業達,18,9,9,福勝,2024-01-16,6950
5272,笙科,9,0,9,福勝,2024-01-16,6950
1314,中石化,1790,0,1790,福勝,2024-01-17,6950
00929,復華台灣科技優息,324,2,322,福勝,2024-01-17,6950
2303,聯電,156,5,151,福勝,2024-01-17,6950
00919,群益台灣精選高息,143,32,111,福勝,2024-01-17,6950
00882,中信中國高股息,110,0,110,福勝,2024-01-17,6950
1604,聲寶,109,0,109,福勝,2024-01-17,6950
2538,基泰,106,0,106,福勝,2024-01-17,6950
2344,華邦電,89,3,86,福勝,2024-01-17,6950
2610,華航,84,1,83,福勝,2024-01-17,6950
00878,國泰永續高股息,85,6,79,福勝,2024-01-17,6950
2002,中鋼,76,0,76,福勝,2024-01-17,6950
2888,新光金,71,0,71,福勝,2024-01-17,6950
2618,長榮航,69,1,68,福勝,2024-01-17,6950
0056,元大高股息,73,16,57,福勝,2024-01-17,6950
1733,五鼎,51,0,51,福勝,2024-01-17,6950
1313,聯成,50,0,50,福勝,2024-01-17,6950
2633,台灣高鐵,44,0,44,福勝,2024-01-17,6950
2609,陽明,43,2,41,福勝,2024-01-17,6950
2882,國泰金,39,0,39,福勝,2024-01-17,6950
6243,迅杰,53,15,38,福勝,2024-01-17,6950
6116,彩晶,53,20,33,福勝,2024-01-17,6950
00937B,群益ESG投等債20,33,1,32,福勝,2024-01-17,6950
1529,樂事綠能,31,0,31,福勝,2024-01-17,6950
3264,欣銓,31,1,30,福勝,2024-01-17,6950
2891,中信金,28,2,26,福勝,2024-01-17,6950
1101,台泥,25,1,24,福勝,2024-01-17,6950
1303,南亞,24,0,24,福勝,2024-01-17,6950
1515,力山,23,1,22,福勝,2024-01-17,6950
5328,華容,28,6,22,福勝,2024-01-17,6950
1409,新纖,21,0,21,福勝,2024-01-17,6950
6770,力積電,23,2,21,福勝,2024-01-17,6950
2886,兆豐金,23,2,21,福勝,2024-01-17,6950
5351,鈺創,20,0,20,福勝,2024-01-17,6950
8354,冠好,20,0,20,福勝,2024-01-17,6950
2356,英業達,24,5,19,福勝,2024-01-17,6950
2883,凱基金,18,0,18,福勝,2024-01-17,6950
4960,誠美材,23,6,17,福勝,2024-01-17,6950
1434,福懋,15,0,15,福勝,2024-01-17,6950
2405,輔信,30,15,15,福勝,2024-01-17,6950
2317,鴻海,19,5,14,福勝,2024-01-17,6950
00888,永豐台灣ESG,14,0,14,福勝,2024-01-17,6950
2329,華泰,23,10,13,福勝,2024-01-17,6950
6282,康舒,13,0,13,福勝,2024-01-17,6950
2355,敬鵬,20,8,12,福勝,2024-01-17,6950
8050,廣積,14,2,12,福勝,2024-01-17,6950
00687B,國泰20年美債,11,0,11,福勝,2024-01-17,6950
00927,群益半導體收益,11,0,11,福勝,2024-01-17,6950
2801,彰銀,11,0,11,福勝,2024-01-17,6950
8033,雷虎,11,0,11,福勝,2024-01-17,6950
3034,聯詠,11,1,10,福勝,2024-01-17,6950
00929,復華台灣科技優息,170,0,170,福勝,2024-01-18,6950
2809,京城銀,120,0,120,福勝,2024-01-18,6950
2888,新光金,83,0,83,福勝,2024-01-18,6950
1733,五鼎,81,2,79,福勝,2024-01-18,6950
00882,中信中國高股息,64,0,64,福勝,2024-01-18,6950
2324,仁寶,67,7,60,福勝,2024-01-18,6950
00919,群益台灣精選高息,68,11,57,福勝,2024-01-18,6950
2303,聯電,68,16,52,福勝,2024-01-18,6950
1570,力肯,39,0,39,福勝,2024-01-18,6950
6120,達運,53,17,36,福勝,2024-01-18,6950
5426,振發,43,9,34,福勝,2024-01-18,6950
4960,誠美材,40,7,33,福勝,2024-01-18,6950
2516,新建,25,0,25,福勝,2024-01-18,6950
00632R,元大台灣50反1,30,7,23,福勝,2024-01-18,6950
2538,基泰,23,1,22,福勝,2024-01-18,6950
8996,高力,20,0,20,福勝,2024-01-18,6950
6116,彩晶,20,2,18,福勝,2024-01-18,6950
0056,元大高股息,22,4,18,福勝,2024-01-18,6950
2887,台新金,18,1,17,福勝,2024-01-18,6950
1303,南亞,17,1,16,福勝,2024-01-18,6950
2323,中環,21,5,16,福勝,2024-01-18,6950
2886,兆豐金,16,0,16,福勝,2024-01-18,6950
2329,華泰,18,4,14,福勝,2024-01-18,6950
00712,復華富時不動產,13,1,12,福勝,2024-01-18,6950
1301,台塑,13,1,12,福勝,2024-01-18,6950
4167,松瑞藥,12,0,12,福勝,2024-01-18,6950
2363,矽統,13,2,11,福勝,2024-01-18,6950
6805,富世達,12,1,11,福勝,2024-01-18,6950
2356,英業達,16,5,11,福勝,2024-01-18,6950
3006,晶豪科,11,0,11,福勝,2024-01-18,6950
6016,康和證,11,0,11,福勝,2024-01-18,6950
2454,聯發科,10,0,10,福勝,2024-01-18,6950
1216,統一,10,0,10,福勝,2024-01-18,6950
1604,聲寶,10,0,10,福勝,2024-01-18,6950
1909,榮成,10,0,10,福勝,2024-01-18,6950
3163,波若威,10,0,10,福勝,2024-01-18,6950
3622,洋華,12,2,10,福勝,2024-01-18,6950
4157,太景*-KY,10,0,10,福勝,2024-01-18,6950
6139,亞翔,11,1,10,福勝,2024-01-18,6950
6261,久元,10,0,10,福勝,2024-01-18,6950
8046,南電,9,0,9,福勝,2024-01-18,6950
2427,三商電,9,0,9,福勝,2024-01-18,6950
2543,皇昌,9,0,9,福勝,2024-01-18,6950
2892,第一金,9,0,9,福勝,2024-01-18,6950
6282,康舒,10,1,9,福勝,2024-01-18,6950
6669,緯穎,9,0,9,福勝,2024-01-18,6950
2382,廣達,12,5,7,福勝,2024-01-18,6950
00915,凱基優選高股息30,7,0,7,福勝,2024-01-18,6950
6198,瑞築,7,0,7,福勝,2024-01-18,6950
6243,迅杰,21,14,7,福勝,2024-01-18,6950
6120,達運,143,30,113,福勝,2024-01-19,6950
4960,誠美材,76,0,76,福勝,2024-01-19,6950
2538,基泰,59,3,56,福勝,2024-01-19,6950
00929,復華台灣科技優息,61,9,52,福勝,2024-01-19,6950
00882,中信中國高股息,50,0,50,福勝,2024-01-19,6950
2809,京城銀,50,0,50,福勝,2024-01-19,6950
1604,聲寶,43,0,43,福勝,2024-01-19,6950
6770,力積電,38,0,38,福勝,2024-01-19,6950
00679B,元大美債20年,34,0,34,福勝,2024-01-19,6950
1570,力肯,30,0,30,福勝,2024-01-19,6950
2883,凱基金,38,8,30,福勝,2024-01-19,6950
00931B,統一美債20年,26,0,26,福勝,2024-01-19,6950
8110,華東,26,0,26,福勝,2024-01-19,6950
2409,友達,36,14,22,福勝,2024-01-19,6950
8096,擎亞,24,2,22,福勝,2024-01-19,6950
1301,台塑,21,1,20,福勝,2024-01-19,6950
00637L,元大滬深300正2,20,0,20,福勝,2024-01-19,6950
1815,富喬,20,0,20,福勝,2024-01-19,6950
00687B,國泰20年美債,19,0,19,福勝,2024-01-19,6950
2324,仁寶,39,20,19,福勝,2024-01-19,6950
2618,長榮航,27,10,17,福勝,2024-01-19,6950
3711,日月光投控,20,4,16,福勝,2024-01-19,6950
00632R,元大台灣50反1,15,0,15,福勝,2024-01-19,6950
1722,台肥,15,0,15,福勝,2024-01-19,6950
2888,新光金,16,1,15,福勝,2024-01-19,6950
2641,正德,15,1,14,福勝,2024-01-19,6950
2603,長榮,14,1,13,福勝,2024-01-19,6950
2002,中鋼,13,0,13,福勝,2024-01-19,6950
1101,台泥,12,0,12,福勝,2024-01-19,6950
2353,宏��,30,18,12,福勝,2024-01-19,6950
3036,文曄,15,3,12,福勝,2024-01-19,6950
5488,松普,16,4,12,福勝,2024-01-19,6950
0056,元大高股息,14,3,11,福勝,2024-01-19,6950
00937B,群益ESG投等債20,29,18,11,福勝,2024-01-19,6950
2208,台船,11,0,11,福勝,2024-01-19,6950
3596,智易,11,0,11,福勝,2024-01-19,6950
2312,金寶,10,0,10,福勝,2024-01-19,6950
2606,裕民,10,0,10,福勝,2024-01-19,6950
3576,聯合再生,10,0,10,福勝,2024-01-19,6950
8033,雷虎,11,1,10,福勝,2024-01-19,6950
00933B,國泰10Y+金融債,9,0,9,福勝,2024-01-19,6950
5512,力麒,9,0,9,福勝,2024-01-19,6950
2027,大成鋼,8,0,8,福勝,2024-01-19,6950
2352,佳世達,9,1,8,福勝,2024-01-19,6950
2356,英業達,56,48,8,福勝,2024-01-19,6950
2460,建通,8,0,8,福勝,2024-01-19,6950
1514,亞力,8,0,8,福勝,2024-01-19,6950
2355,敬鵬,8,1,7,福勝,2024-01-19,6950
3032,偉訓,17,10,7,福勝,2024-01-19,6950
3483,力致,8,1,7,福勝,2024-01-19,6950
2353,宏��,208,25,183,福勝,2024-01-22,6950
00937B,群益ESG投等債20,157,0,157,福勝,2024-01-22,6950
2618,長榮航,97,14,83,福勝,2024-01-22,6950
2609,陽明,60,3,57,福勝,2024-01-22,6950
00882,中信中國高股息,52,0,52,福勝,2024-01-22,6950
2891,中信金,50,0,50,福勝,2024-01-22,6950
2538,基泰,44,0,44,福勝,2024-01-22,6950
1604,聲寶,40,0,40,福勝,2024-01-22,6950
5426,振發,32,3,29,福勝,2024-01-22,6950
4906,正文,31,8,23,福勝,2024-01-22,6950
8054,安國,24,2,22,福勝,2024-01-22,6950
5351,鈺創,21,0,21,福勝,2024-01-22,6950
5488,松普,20,0,20,福勝,2024-01-22,6950
2881,富邦金,20,0,20,福勝,2024-01-22,6950
3711,日月光投控,20,1,19,福勝,2024-01-22,6950
5236,凌陽創新,19,0,19,福勝,2024-01-22,6950
6120,達運,27,8,19,福勝,2024-01-22,6950
2603,長榮,18,0,18,福勝,2024-01-22,6950
5210,寶碩,18,0,18,福勝,2024-01-22,6950
2316,楠梓電,22,5,17,福勝,2024-01-22,6950
6770,力積電,17,0,17,福勝,2024-01-22,6950
2344,華邦電,21,6,15,福勝,2024-01-22,6950
2363,矽統,30,16,14,福勝,2024-01-22,6950
2471,資通,15,1,14,福勝,2024-01-22,6950
2892,第一金,13,0,13,福勝,2024-01-22,6950
6122,擎邦,13,0,13,福勝,2024-01-22,6950
1519,華城,15,3,12,福勝,2024-01-22,6950
2884,玉山金,11,0,11,福勝,2024-01-22,6950
00679B,元大美債20年,11,0,11,福勝,2024-01-22,6950
1570,力肯,11,0,11,福勝,2024-01-22,6950
2317,鴻海,25,14,11,福勝,2024-01-22,6950
2880,華南金,11,0,11,福勝,2024-01-22,6950
2882,國泰金,11,0,11,福勝,2024-01-22,6950
4979,華星光,11,0,11,福勝,2024-01-22,6950
8096,擎亞,20,10,10,福勝,2024-01-22,6950
1326,台化,10,0,10,福勝,2024-01-22,6950
2243,宏旭-KY,10,0,10,福勝,2024-01-22,6950
5515,建國,13,3,10,福勝,2024-01-22,6950
5880,合庫金,11,2,9,福勝,2024-01-22,6950
1618,合機,10,1,9,福勝,2024-01-22,6950
2486,一詮,20,11,9,福勝,2024-01-22,6950
00900,富邦特選高股息30,10,2,8,福勝,2024-01-22,6950
1528,恩德,32,24,8,福勝,2024-01-22,6950
8087,麗升能源,8,0,8,福勝,2024-01-22,6950
2887,台新金,7,0,7,福勝,2024-01-22,6950
5347,世界,10,3,7,福勝,2024-01-22,6950
2002,中鋼,8,1,7,福勝,2024-01-22,6950
2308,台達電,7,1,6,福勝,2024-01-22,6950
2890,永豐金,6,0,6,福勝,2024-01-22,6950
6285,啟��,6,0,6,福勝,2024-01-22,6950
00937B,群益ESG投等債20,104,0,104,福勝,2024-01-23,6950
6122,擎邦,82,2,80,福勝,2024-01-23,6950
00679B,元大美債20年,85,25,60,福勝,2024-01-23,6950
2867,三商壽,50,0,50,福勝,2024-01-23,6950
8996,高力,45,2,43,福勝,2024-01-23,6950
2417,圓剛,28,0,28,福勝,2024-01-23,6950
3380,明泰,29,2,27,福勝,2024-01-23,6950
2376,技嘉,28,2,26,福勝,2024-01-23,6950
2344,華邦電,35,10,25,福勝,2024-01-23,6950
2538,基泰,24,0,24,福勝,2024-01-23,6950
3231,緯創,87,64,23,福勝,2024-01-23,6950
4956,光鋐,27,5,22,福勝,2024-01-23,6950
6113,亞矽,21,0,21,福勝,2024-01-23,6950
1604,聲寶,20,0,20,福勝,2024-01-23,6950
3363,上詮,23,5,18,福勝,2024-01-23,6950
2609,陽明,23,6,17,福勝,2024-01-23,6950
6127,九豪,20,3,17,福勝,2024-01-23,6950
2356,英業達,91,75,16,福勝,2024-01-23,6950
2603,長榮,16,1,15,福勝,2024-01-23,6950
6806,森崴能源,20,5,15,福勝,2024-01-23,6950
00878,國泰永續高股息,14,0,14,福勝,2024-01-23,6950
2331,精英,16,2,14,福勝,2024-01-23,6950
6770,力積電,14,1,13,福勝,2024-01-23,6950
2382,廣達,28,16,12,福勝,2024-01-23,6950
00933B,國泰10Y+金融債,11,0,11,福勝,2024-01-23,6950
2316,楠梓電,23,12,11,福勝,2024-01-23,6950
4908,前鼎,18,7,11,福勝,2024-01-23,6950
00633L,富邦上証正2,10,0,10,福勝,2024-01-23,6950
00632R,元大台灣50反1,10,0,10,福勝,2024-01-23,6950
2385,群光,10,0,10,福勝,2024-01-23,6950
2606,裕民,10,0,10,福勝,2024-01-23,6950
6425,易發,10,0,10,福勝,2024-01-23,6950
2883,凱基金,15,6,9,福勝,2024-01-23,6950
3576,聯合再生,11,2,9,福勝,2024-01-23,6950
2377,微星,12,4,8,福勝,2024-01-23,6950
2888,新光金,36,28,8,福勝,2024-01-23,6950
6140,訊達,9,2,7,福勝,2024-01-23,6950
0056,元大高股息,7,0,7,福勝,2024-01-23,6950
2104,國際中橡,7,0,7,福勝,2024-01-23,6950
8054,安國,9,2,7,福勝,2024-01-23,6950
6695,芯鼎,17,11,6,福勝,2024-01-23,6950
1609,大亞,6,0,6,福勝,2024-01-23,6950
2328,廣宇,6,0,6,福勝,2024-01-23,6950
3013,晟銘電,11,5,6,福勝,2024-01-23,6950
3673,TPK-KY,7,1,6,福勝,2024-01-23,6950
6124,業強,10,4,6,福勝,2024-01-23,6950
1522,堤維西,5,0,5,福勝,2024-01-23,6950
1529,樂事綠能,5,0,5,福勝,2024-01-23,6950
00673R,期元大S＆P原油反1,5,0,5,福勝,2024-01-23,6950
00653L,富邦印度正2,5,0,5,福勝,2024-01-23,6950
2834,臺企銀,100,0,100,福勝,2024-01-24,6950
2421,建準,83,25,58,福勝,2024-01-24,6950
2809,京城銀,50,0,50,福勝,2024-01-24,6950
00753L,中信中國50正2,45,0,45,福勝,2024-01-24,6950
00850,元大臺灣ESG永續,45,0,45,福勝,2024-01-24,6950
00882,中信中國高股息,32,0,32,福勝,2024-01-24,6950
00937B,群益ESG投等債20,31,0,31,福勝,2024-01-24,6950
2329,華泰,36,6,30,福勝,2024-01-24,6950
00929,復華台灣科技優息,65,36,29,福勝,2024-01-24,6950
3545,敦泰,27,0,27,福勝,2024-01-24,6950
3231,緯創,58,32,26,福勝,2024-01-24,6950
2486,一詮,32,8,24,福勝,2024-01-24,6950
3576,聯合再生,24,0,24,福勝,2024-01-24,6950
1604,聲寶,20,0,20,福勝,2024-01-24,6950
2344,華邦電,24,4,20,福勝,2024-01-24,6950
6167,久正,20,0,20,福勝,2024-01-24,6950
2405,輔信,23,4,19,福勝,2024-01-24,6950
6120,達運,20,1,19,福勝,2024-01-24,6950
1785,光洋科,20,2,18,福勝,2024-01-24,6950
2409,友達,28,11,17,福勝,2024-01-24,6950
5521,工信,17,0,17,福勝,2024-01-24,6950
3615,安可,19,3,16,福勝,2024-01-24,6950
1319,東陽,16,1,15,福勝,2024-01-24,6950
00687B,國泰20年美債,15,0,15,福勝,2024-01-24,6950
2023,燁輝,15,0,15,福勝,2024-01-24,6950
2886,兆豐金,15,0,15,福勝,2024-01-24,6950
4938,和碩,20,6,14,福勝,2024-01-24,6950
6111,大宇資,19,5,14,福勝,2024-01-24,6950
2002,中鋼,12,0,12,福勝,2024-01-24,6950
00902,中信電池及儲能,11,0,11,福勝,2024-01-24,6950
00878,國泰永續高股息,13,3,10,福勝,2024-01-24,6950
00877,復華中國5G,10,0,10,福勝,2024-01-24,6950
00885,富邦越南,20,10,10,福勝,2024-01-24,6950
00637L,元大滬深300正2,10,0,10,福勝,2024-01-24,6950
00633L,富邦上証正2,40,30,10,福勝,2024-01-24,6950
00680L,元大美債20正2,10,0,10,福勝,2024-01-24,6950
2606,裕民,12,2,10,福勝,2024-01-24,6950
2610,華航,10,0,10,福勝,2024-01-24,6950
2633,台灣高鐵,10,0,10,福勝,2024-01-24,6950
3047,訊舟,24,14,10,福勝,2024-01-24,6950
5498,凱崴,10,0,10,福勝,2024-01-24,6950
6122,擎邦,10,0,10,福勝,2024-01-24,6950
6191,精成科,11,1,10,福勝,2024-01-24,6950
2330,台積電,13,3,10,福勝,2024-01-24,6950
00679B,元大美債20年,8,0,8,福勝,2024-01-24,6950
2374,佳能,17,9,8,福勝,2024-01-24,6950
2417,圓剛,8,0,8,福勝,2024-01-24,6950
6139,亞翔,10,2,8,福勝,2024-01-24,6950
5351,鈺創,7,0,7,福勝,2024-01-24,6950
9105,泰金寶-DR,7,0,7,福勝,2024-01-24,6950
00673R,期元大S＆P原油反1,128,0,128,福勝,2024-01-25,6950
00632R,元大台灣50反1,110,0,110,福勝,2024-01-25,6950
6226,光鼎,89,0,89,福勝,2024-01-25,6950
3231,緯創,110,34,76,福勝,2024-01-25,6950
6122,擎邦,55,0,55,福勝,2024-01-25,6950
6191,精成科,46,0,46,福勝,2024-01-25,6950
00937B,群益ESG投等債20,44,9,35,福勝,2024-01-25,6950
2002,中鋼,35,0,35,福勝,2024-01-25,6950
2376,技嘉,40,7,33,福勝,2024-01-25,6950
3490,單井,33,0,33,福勝,2024-01-25,6950
2308,台達電,32,0,32,福勝,2024-01-25,6950
2007,燁興,30,0,30,福勝,2024-01-25,6950
2409,友達,40,10,30,福勝,2024-01-25,6950
4960,誠美材,30,1,29,福勝,2024-01-25,6950
6113,亞矽,24,0,24,福勝,2024-01-25,6950
6282,康舒,24,0,24,福勝,2024-01-25,6950
00900,富邦特選高股息30,20,0,20,福勝,2024-01-25,6950
2032,新鋼,20,0,20,福勝,2024-01-25,6950
2609,陽明,25,5,20,福勝,2024-01-25,6950
5243,乙盛-KY,20,0,20,福勝,2024-01-25,6950
8064,東捷,22,2,20,福勝,2024-01-25,6950
3276,宇環,23,4,19,福勝,2024-01-25,6950
5426,振發,37,20,17,福勝,2024-01-25,6950
2355,敬鵬,20,3,17,福勝,2024-01-25,6950
6111,大宇資,18,1,17,福勝,2024-01-25,6950
8071,能率網通,17,0,17,福勝,2024-01-25,6950
6233,旺玖,14,0,14,福勝,2024-01-25,6950
00679B,元大美債20年,13,0,13,福勝,2024-01-25,6950
1582,信錦,17,4,13,福勝,2024-01-25,6950
2344,華邦電,18,5,13,福勝,2024-01-25,6950
2369,菱生,14,1,13,福勝,2024-01-25,6950
6770,力積電,30,17,13,福勝,2024-01-25,6950
8034,榮群,13,0,13,福勝,2024-01-25,6950
1609,大亞,11,0,11,福勝,2024-01-25,6950
3645,達邁,12,1,11,福勝,2024-01-25,6950
4909,新復興,21,10,11,福勝,2024-01-25,6950
1216,統一,10,0,10,福勝,2024-01-25,6950
2426,鼎元,10,0,10,福勝,2024-01-25,6950
2427,三商電,10,0,10,福勝,2024-01-25,6950
2460,建通,10,0,10,福勝,2024-01-25,6950
2633,台灣高鐵,10,0,10,福勝,2024-01-25,6950
3498,陽程,10,0,10,福勝,2024-01-25,6950
3591,艾笛森,10,0,10,福勝,2024-01-25,6950
3623,富晶通,11,1,10,福勝,2024-01-25,6950
4714,永捷,10,0,10,福勝,2024-01-25,6950
5521,工信,10,0,10,福勝,2024-01-25,6950
6116,彩晶,10,0,10,福勝,2024-01-25,6950
6243,迅杰,17,7,10,福勝,2024-01-25,6950
3406,玉晶光,10,1,9,福勝,2024-01-25,6950
2634,漢翔,10,2,8,福勝,2024-01-25,6950
2356,英業達,198,42,156,福勝,2024-01-26,6950
2538,基泰,140,0,140,福勝,2024-01-26,6950
2303,聯電,161,34,127,福勝,2024-01-26,6950
00929,復華台灣科技優息,76,6,70,福勝,2024-01-26,6950
1815,富喬,60,4,56,福勝,2024-01-26,6950
2618,長榮航,75,20,55,福勝,2024-01-26,6950
2365,昆盈,52,3,49,福勝,2024-01-26,6950
6122,擎邦,45,0,45,福勝,2024-01-26,6950
3535,晶彩科,46,3,43,福勝,2024-01-26,6950
00673R,期元大S＆P原油反1,41,0,41,福勝,2024-01-26,6950
8932,智通*,40,0,40,福勝,2024-01-26,6950
2324,仁寶,71,40,31,福勝,2024-01-26,6950
00937B,群益ESG投等債20,30,0,30,福勝,2024-01-26,6950
2344,華邦電,35,5,30,福勝,2024-01-26,6950
4909,新復興,30,0,30,福勝,2024-01-26,6950
00878,國泰永續高股息,28,3,25,福勝,2024-01-26,6950
6143,振曜,25,2,23,福勝,2024-01-26,6950
3623,富晶通,23,1,22,福勝,2024-01-26,6950
1312,國喬,25,4,21,福勝,2024-01-26,6950
2881,富邦金,21,0,21,福勝,2024-01-26,6950
1727,中華化,20,0,20,福勝,2024-01-26,6950
2401,凌陽,20,0,20,福勝,2024-01-26,6950
2409,友達,21,1,20,福勝,2024-01-26,6950
3380,明泰,24,4,20,福勝,2024-01-26,6950
3596,智易,20,0,20,福勝,2024-01-26,6950
3581,博磊,17,0,17,福勝,2024-01-26,6950
3630,新鉅科,17,0,17,福勝,2024-01-26,6950
00933B,國泰10Y+金融債,15,0,15,福勝,2024-01-26,6950
1718,中纖,15,0,15,福勝,2024-01-26,6950
2353,宏��,30,15,15,福勝,2024-01-26,6950
2609,陽明,19,5,14,福勝,2024-01-26,6950
1504,東元,13,0,13,福勝,2024-01-26,6950
3312,弘憶股,15,2,13,福勝,2024-01-26,6950
6133,金橋,15,2,13,福勝,2024-01-26,6950
2367,燿華,13,1,12,福勝,2024-01-26,6950
8064,東捷,12,0,12,福勝,2024-01-26,6950
8068,全達,12,0,12,福勝,2024-01-26,6950
00927,群益半導體收益,11,0,11,福勝,2024-01-26,6950
00902,中信電池及儲能,10,0,10,福勝,2024-01-26,6950
00720B,元大投資級公司債,10,0,10,福勝,2024-01-26,6950
00713,元大台灣高息低波,10,0,10,福勝,2024-01-26,6950
1609,大亞,10,0,10,福勝,2024-01-26,6950
2104,國際中橡,10,0,10,福勝,2024-01-26,6950
2316,楠梓電,10,0,10,福勝,2024-01-26,6950
2611,志信,10,0,10,福勝,2024-01-26,6950
2736,富野,10,0,10,福勝,2024-01-26,6950
2867,三商壽,10,0,10,福勝,2024-01-26,6950
2880,華南金,10,0,10,福勝,2024-01-26,6950
6270,倍微,13,3,10,福勝,2024-01-26,6950
6733,博晟生醫,10,0,10,福勝,2024-01-26,6950
3481,群創,318,13,305,福勝,2024-01-29,6950
00673R,期元大S＆P原油反1,145,0,145,福勝,2024-01-29,6950
00688L,國泰20年美債正2,130,0,130,福勝,2024-01-29,6950
8932,智通*,64,0,64,福勝,2024-01-29,6950
6191,精成科,61,0,61,福勝,2024-01-29,6950
2409,友達,60,0,60,福勝,2024-01-29,6950
2884,玉山金,50,0,50,福勝,2024-01-29,6950
2303,聯電,44,2,42,福勝,2024-01-29,6950
2356,英業達,55,22,33,福勝,2024-01-29,6950
3231,緯創,50,23,27,福勝,2024-01-29,6950
6770,力積電,27,1,26,福勝,2024-01-29,6950
2440,太空梭,21,0,21,福勝,2024-01-29,6950
00885,富邦越南,20,0,20,福勝,2024-01-29,6950
1815,富喬,20,0,20,福勝,2024-01-29,6950
2007,燁興,20,0,20,福勝,2024-01-29,6950
2867,三商壽,20,0,20,福勝,2024-01-29,6950
4729,熒茂,20,0,20,福勝,2024-01-29,6950
2365,昆盈,24,5,19,福勝,2024-01-29,6950
00679B,元大美債20年,18,0,18,福勝,2024-01-29,6950
3057,喬鼎,17,0,17,福勝,2024-01-29,6950
8069,元太,21,4,17,福勝,2024-01-29,6950
8111,立��,20,4,16,福勝,2024-01-29,6950
00929,復華台灣科技優息,18,2,16,福勝,2024-01-29,6950
1326,台化,16,1,15,福勝,2024-01-29,6950
3339,泰谷,15,0,15,福勝,2024-01-29,6950
9919,康那香,21,6,15,福勝,2024-01-29,6950
2538,基泰,14,0,14,福勝,2024-01-29,6950
6695,芯鼎,20,6,14,福勝,2024-01-29,6950
00919,群益台灣精選高息,14,2,12,福勝,2024-01-29,6950
1560,中砂,11,0,11,福勝,2024-01-29,6950
3025,星通,13,2,11,福勝,2024-01-29,6950
3163,波若威,11,0,11,福勝,2024-01-29,6950
4545,銘鈺,27,16,11,福勝,2024-01-29,6950
4909,新復興,12,1,11,福勝,2024-01-29,6950
6263,普萊德,11,0,11,福勝,2024-01-29,6950
8096,擎亞,72,61,11,福勝,2024-01-29,6950
0056,元大高股息,10,0,10,福勝,2024-01-29,6950
00650L,復華香港正2,100,90,10,福勝,2024-01-29,6950
00930,永豐ESG低碳高息,10,0,10,福勝,2024-01-29,6950
1524,耿鼎,10,0,10,福勝,2024-01-29,6950
2208,台船,10,0,10,福勝,2024-01-29,6950
2313,華通,10,0,10,福勝,2024-01-29,6950
4532,瑞智,10,0,10,福勝,2024-01-29,6950
6284,佳邦,10,0,10,福勝,2024-01-29,6950
3715,定穎投控,14,5,9,福勝,2024-01-29,6950
3078,僑威,10,1,9,福勝,2024-01-29,6950
4979,華星光,8,0,8,福勝,2024-01-29,6950
5426,振發,10,2,8,福勝,2024-01-29,6950
6122,擎邦,8,0,8,福勝,2024-01-29,6950
1101,台泥,8,1,7,福勝,2024-01-29,6950
2353,宏��,212,11,201,福勝,2024-01-30,6950
2337,旺宏,94,1,93,福勝,2024-01-30,6950
6191,精成科,65,0,65,福勝,2024-01-30,6950
8932,智通*,64,0,64,福勝,2024-01-30,6950
4729,熒茂,44,0,44,福勝,2024-01-30,6950
2538,基泰,52,9,43,福勝,2024-01-30,6950
5426,振發,45,3,42,福勝,2024-01-30,6950
8996,高力,40,0,40,福勝,2024-01-30,6950
00850,元大臺灣ESG永續,55,18,37,福勝,2024-01-30,6950
0056,元大高股息,42,6,36,福勝,2024-01-30,6950
00919,群益台灣精選高息,25,2,23,福勝,2024-01-30,6950
3058,立德,21,0,21,福勝,2024-01-30,6950
2637,慧洋-KY,20,0,20,福勝,2024-01-30,6950
4154,樂威科-KY,20,0,20,福勝,2024-01-30,6950
5434,崇越,20,0,20,福勝,2024-01-30,6950
8936,國統,22,3,19,福勝,2024-01-30,6950
2618,長榮航,31,13,18,福勝,2024-01-30,6950
3363,上詮,18,2,16,福勝,2024-01-30,6950
2329,華泰,31,16,15,福勝,2024-01-30,6950
2367,燿華,15,0,15,福勝,2024-01-30,6950
5498,凱崴,20,5,15,福勝,2024-01-30,6950
5880,合庫金,15,0,15,福勝,2024-01-30,6950
6120,達運,15,0,15,福勝,2024-01-30,6950
5871,中租-KY,16,2,14,福勝,2024-01-30,6950
00882,中信中國高股息,19,5,14,福勝,2024-01-30,6950
1909,榮成,13,0,13,福勝,2024-01-30,6950
1440,南紡,10,0,10,福勝,2024-01-30,6950
1312,國喬,10,0,10,福勝,2024-01-30,6950
2442,新美齊,10,0,10,福勝,2024-01-30,6950
4967,十銓,10,0,10,福勝,2024-01-30,6950
9945,潤泰新,10,0,10,福勝,2024-01-30,6950
2454,聯發科,12,2,10,福勝,2024-01-30,6950
00937B,群益ESG投等債20,10,1,9,福勝,2024-01-30,6950
00929,復華台灣科技優息,11,2,9,福勝,2024-01-30,6950
00923,群益台ESG低碳50,8,0,8,福勝,2024-01-30,6950
2324,仁寶,19,11,8,福勝,2024-01-30,6950
2603,長榮,8,0,8,福勝,2024-01-30,6950
1101,台泥,7,0,7,福勝,2024-01-30,6950
3131,弘塑,7,0,7,福勝,2024-01-30,6950
6530,創威,11,4,7,福勝,2024-01-30,6950
2002,中鋼,6,0,6,福勝,2024-01-30,6950
2399,映泰,6,0,6,福勝,2024-01-30,6950
2443,昶虹,6,0,6,福勝,2024-01-30,6950
2457,飛宏,11,5,6,福勝,2024-01-30,6950
4747,強生,6,0,6,福勝,2024-01-30,6950
8054,安國,13,7,6,福勝,2024-01-30,6950
1102,亞泥,5,0,5,福勝,2024-01-30,6950
00931B,統一美債20年,6,1,5,福勝,2024-01-30,6950
00673R,期元大S＆P原油反1,5,0,5,福勝,2024-01-30,6950
2402,毅嘉,5,0,5,福勝,2024-01-30,6950
2002,中鋼,123,0,123,福勝,2024-01-31,6950
9105,泰金寶-DR,58,0,58,福勝,2024-01-31,6950
00929,復華台灣科技優息,68,15,53,福勝,2024-01-31,6950
3231,緯創,60,18,42,福勝,2024-01-31,6950
6191,精成科,38,0,38,福勝,2024-01-31,6950
2308,台達電,30,0,30,福勝,2024-01-31,6950
2618,長榮航,31,2,29,福勝,2024-01-31,6950
5426,振發,35,6,29,福勝,2024-01-31,6950
3622,洋華,27,1,26,福勝,2024-01-31,6950
00882,中信中國高股息,25,0,25,福勝,2024-01-31,6950
00937B,群益ESG投等債20,25,0,25,福勝,2024-01-31,6950
00713,元大台灣高息低波,20,0,20,福勝,2024-01-31,6950
00930,永豐ESG低碳高息,20,0,20,福勝,2024-01-31,6950
2867,三商壽,20,0,20,福勝,2024-01-31,6950
2897,王道銀行,20,0,20,福勝,2024-01-31,6950
5515,建國,19,0,19,福勝,2024-01-31,6950
6270,倍微,30,11,19,福勝,2024-01-31,6950
2323,中環,21,3,18,福勝,2024-01-31,6950
8111,立��,17,0,17,福勝,2024-01-31,6950
2356,英業達,48,32,16,福勝,2024-01-31,6950
00907,永豐優息存股,16,0,16,福勝,2024-01-31,6950
2888,新光金,15,0,15,福勝,2024-01-31,6950
3033,威健,18,3,15,福勝,2024-01-31,6950
3583,辛耘,16,1,15,福勝,2024-01-31,6950
2303,聯電,39,25,14,福勝,2024-01-31,6950
3312,弘憶股,13,0,13,福勝,2024-01-31,6950
3706,神達,16,3,13,福勝,2024-01-31,6950
2330,台積電,14,1,13,福勝,2024-01-31,6950
2382,廣達,20,8,12,福勝,2024-01-31,6950
2355,敬鵬,13,1,12,福勝,2024-01-31,6950
3483,力致,13,1,12,福勝,2024-01-31,6950
1591,駿吉-KY,12,1,11,福勝,2024-01-31,6950
2609,陽明,12,1,11,福勝,2024-01-31,6950
3673,TPK-KY,11,0,11,福勝,2024-01-31,6950
00633L,富邦上証正2,10,0,10,福勝,2024-01-31,6950
2032,新鋼,10,0,10,福勝,2024-01-31,6950
3025,星通,16,6,10,福勝,2024-01-31,6950
3048,益登,10,0,10,福勝,2024-01-31,6950
3131,弘塑,10,0,10,福勝,2024-01-31,6950
4930,燦星網,10,0,10,福勝,2024-01-31,6950
6016,康和證,10,0,10,福勝,2024-01-31,6950
6108,競國,10,0,10,福勝,2024-01-31,6950
6187,萬潤,10,0,10,福勝,2024-01-31,6950
6679,鈺太,10,0,10,福勝,2024-01-31,6950
6695,芯鼎,19,9,10,福勝,2024-01-31,6950
8033,雷虎,10,0,10,福勝,2024-01-31,6950
2383,台光電,11,2,9,福勝,2024-01-31,6950
2313,華通,19,10,9,福勝,2024-01-31,6950
6113,亞矽,12,3,9,福勝,2024-01-31,6950
6237,驊訊,17,8,9,福勝,2024-01-31,6950
2538,基泰,124,0,124,福勝,2024-02-01,6950
2409,友達,157,43,114,福勝,2024-02-01,6950
2812,台中銀,130,33,97,福勝,2024-02-01,6950
00715L,期街口布蘭特正2,51,0,51,福勝,2024-02-01,6950
2405,輔信,51,0,51,福勝,2024-02-01,6950
3481,群創,47,1,46,福勝,2024-02-01,6950
3231,緯創,71,36,35,福勝,2024-02-01,6950
9105,泰金寶-DR,32,0,32,福勝,2024-02-01,6950
2382,廣達,34,5,29,福勝,2024-02-01,6950
00712,復華富時不動產,27,0,27,福勝,2024-02-01,6950
6274,台燿,29,5,24,福勝,2024-02-01,6950
00882,中信中國高股息,24,2,22,福勝,2024-02-01,6950
6695,芯鼎,62,41,21,福勝,2024-02-01,6950
00753L,中信中國50正2,20,0,20,福勝,2024-02-01,6950
00937B,群益ESG投等債20,25,5,20,福勝,2024-02-01,6950
6202,盛群,19,0,19,福勝,2024-02-01,6950
2605,新興,20,2,18,福勝,2024-02-01,6950
6116,彩晶,18,0,18,福勝,2024-02-01,6950
8936,國統,43,25,18,福勝,2024-02-01,6950
1220,台榮,17,0,17,福勝,2024-02-01,6950
3712,永崴投控,16,0,16,福勝,2024-02-01,6950
3406,玉晶光,17,2,15,福勝,2024-02-01,6950
3615,安可,13,0,13,福勝,2024-02-01,6950
5512,力麒,23,10,13,福勝,2024-02-01,6950
2365,昆盈,12,1,11,福勝,2024-02-01,6950
3041,揚智,11,0,11,福勝,2024-02-01,6950
3289,宜特,15,4,11,福勝,2024-02-01,6950
2402,毅嘉,10,0,10,福勝,2024-02-01,6950
2867,三商壽,10,0,10,福勝,2024-02-01,6950
4113,聯上,10,0,10,福勝,2024-02-01,6950
6122,擎邦,10,0,10,福勝,2024-02-01,6950
6821,聯寶,10,0,10,福勝,2024-02-01,6950
8111,立��,16,6,10,福勝,2024-02-01,6950
9928,中視,10,0,10,福勝,2024-02-01,6950
2454,聯發科,13,4,9,福勝,2024-02-01,6950
2330,台積電,12,3,9,福勝,2024-02-01,6950
2610,華航,12,4,8,福勝,2024-02-01,6950
3363,上詮,22,14,8,福勝,2024-02-01,6950
3437,榮創,8,0,8,福勝,2024-02-01,6950
2303,聯電,13,5,8,福勝,2024-02-01,6950
2354,鴻準,10,3,7,福勝,2024-02-01,6950
3607,谷崧,7,0,7,福勝,2024-02-01,6950
00679B,元大美債20年,10,4,6,福勝,2024-02-01,6950
2634,漢翔,6,0,6,福勝,2024-02-01,6950
3362,先進光,7,1,6,福勝,2024-02-01,6950
4930,燦星網,6,0,6,福勝,2024-02-01,6950
6188,廣明,6,0,6,福勝,2024-02-01,6950
6770,力積電,10,4,6,福勝,2024-02-01,6950
1325,恆大,6,1,5,福勝,2024-02-01,6950
1319,東陽,5,0,5,福勝,2024-02-01,6950
2812,台中銀,210,0,210,福勝,2024-02-02,6950
2618,長榮航,111,10,101,福勝,2024-02-02,6950
00919,群益台灣精選高息,95,1,94,福勝,2024-02-02,6950
2538,基泰,96,36,60,福勝,2024-02-02,6950
00918,大華優利高填息30,40,0,40,福勝,2024-02-02,6950
3483,力致,43,4,39,福勝,2024-02-02,6950
6531,愛普*,39,1,38,福勝,2024-02-02,6950
2313,華通,33,0,33,福勝,2024-02-02,6950
2363,矽統,32,0,32,福勝,2024-02-02,6950
00679B,元大美債20年,30,0,30,福勝,2024-02-02,6950
4720,德淵,30,0,30,福勝,2024-02-02,6950
9105,泰金寶-DR,29,0,29,福勝,2024-02-02,6950
2303,聯電,38,10,28,福勝,2024-02-02,6950
6533,晶心科,31,3,28,福勝,2024-02-02,6950
2603,長榮,27,1,26,福勝,2024-02-02,6950
00712,復華富時不動產,21,0,21,福勝,2024-02-02,6950
2408,南亞科,21,0,21,福勝,2024-02-02,6950
00715L,期街口布蘭特正2,21,1,20,福勝,2024-02-02,6950
6770,力積電,19,0,19,福勝,2024-02-02,6950
3481,群創,37,20,17,福勝,2024-02-02,6950
6138,茂達,20,3,17,福勝,2024-02-02,6950
8936,國統,21,5,16,福勝,2024-02-02,6950
6180,橘子,15,0,15,福勝,2024-02-02,6950
2312,金寶,15,1,14,福勝,2024-02-02,6950
2615,萬海,15,1,14,福勝,2024-02-02,6950
00764B,群益25年美債,13,0,13,福勝,2024-02-02,6950
00937B,群益ESG投等債20,13,0,13,福勝,2024-02-02,6950
00934,中信成長高股息,13,0,13,福勝,2024-02-02,6950
6122,擎邦,13,0,13,福勝,2024-02-02,6950
00882,中信中國高股息,12,0,12,福勝,2024-02-02,6950
2324,仁寶,26,14,12,福勝,2024-02-02,6950
4960,誠美材,12,0,12,福勝,2024-02-02,6950
6237,驊訊,13,1,12,福勝,2024-02-02,6950
8111,立��,12,0,12,福勝,2024-02-02,6950
1609,大亞,11,0,11,福勝,2024-02-02,6950
2369,菱生,18,7,11,福勝,2024-02-02,6950
9919,康那香,11,0,11,福勝,2024-02-02,6950
1570,力肯,10,0,10,福勝,2024-02-02,6950
2440,太空梭,10,0,10,福勝,2024-02-02,6950
3171,炎洲流通,10,0,10,福勝,2024-02-02,6950
3576,聯合再生,10,0,10,福勝,2024-02-02,6950
3622,洋華,13,3,10,福勝,2024-02-02,6950
6274,台燿,20,10,10,福勝,2024-02-02,6950
6841,長佳智能,10,0,10,福勝,2024-02-02,6950
8105,凌巨,10,0,10,福勝,2024-02-02,6950
1514,亞力,11,2,9,福勝,2024-02-02,6950
2353,宏��,20,11,9,福勝,2024-02-02,6950
5439,高技,11,2,9,福勝,2024-02-02,6950
2379,瑞昱,8,0,8,福勝,2024-02-02,6950
00929,復華台灣科技優息,9,1,8,福勝,2024-02-02,6950
2049,上銀,192,0,192,福勝,2024-02-05,6950
2301,光寶科,171,5,166,福勝,2024-02-05,6950
2376,技嘉,119,18,101,福勝,2024-02-05,6950
00929,復華台灣科技優息,100,0,100,福勝,2024-02-05,6950
3055,蔚華科,101,2,99,福勝,2024-02-05,6950
00878,國泰永續高股息,133,35,98,福勝,2024-02-05,6950
2313,華通,64,14,50,福勝,2024-02-05,6950
00679B,元大美債20年,37,0,37,福勝,2024-02-05,6950
3583,辛耘,34,0,34,福勝,2024-02-05,6950
3231,緯創,89,55,34,福勝,2024-02-05,6950
2303,聯電,38,6,32,福勝,2024-02-05,6950
00712,復華富時不動產,31,0,31,福勝,2024-02-05,6950
00706L,期元大S＆P日圓正2,30,0,30,福勝,2024-02-05,6950
00715L,期街口布蘭特正2,31,1,30,福勝,2024-02-05,6950
00637L,元大滬深300正2,195,170,25,福勝,2024-02-05,6950
3481,群創,22,0,22,福勝,2024-02-05,6950
00639,富邦深100,20,0,20,福勝,2024-02-05,6950
1440,南紡,20,0,20,福勝,2024-02-05,6950
2538,基泰,20,0,20,福勝,2024-02-05,6950
2884,玉山金,20,0,20,福勝,2024-02-05,6950
9907,統一實,20,0,20,福勝,2024-02-05,6950
1528,恩德,36,17,19,福勝,2024-02-05,6950
00922,國泰台灣領袖50,18,0,18,福勝,2024-02-05,6950
3025,星通,17,0,17,福勝,2024-02-05,6950
6113,亞矽,20,3,17,福勝,2024-02-05,6950
2618,長榮航,31,15,16,福勝,2024-02-05,6950
00933B,國泰10Y+金融債,16,0,16,福勝,2024-02-05,6950
00937B,群益ESG投等債20,20,5,15,福勝,2024-02-05,6950
6163,華電網,15,0,15,福勝,2024-02-05,6950
4930,燦星網,14,0,14,福勝,2024-02-05,6950
1609,大亞,13,0,13,福勝,2024-02-05,6950
1471,首利,12,0,12,福勝,2024-02-05,6950
0050,元大台灣50,11,0,11,福勝,2024-02-05,6950
3580,友威科,13,2,11,福勝,2024-02-05,6950
00892,富邦台灣半導體,10,0,10,福勝,2024-02-05,6950
2104,國際中橡,10,0,10,福勝,2024-02-05,6950
2354,鴻準,10,0,10,福勝,2024-02-05,6950
2392,正崴,10,0,10,福勝,2024-02-05,6950
2882,國泰金,10,0,10,福勝,2024-02-05,6950
3709,鑫聯大投控,10,0,10,福勝,2024-02-05,6950
5434,崇越,10,0,10,福勝,2024-02-05,6950
2457,飛宏,11,2,9,福勝,2024-02-05,6950
4906,正文,9,0,9,福勝,2024-02-05,6950
8064,東捷,10,1,9,福勝,2024-02-05,6950
2439,美律,10,2,8,福勝,2024-02-05,6950
2471,資通,8,0,8,福勝,2024-02-05,6950
2610,華航,8,0,8,福勝,2024-02-05,6950
2892,第一金,9,1,8,福勝,2024-02-05,6950
5351,鈺創,8,0,8,福勝,2024-02-05,6950
6243,迅杰,9,1,8,福勝,2024-02-05,6950
00632R,元大台灣50反1,651,0,651,福勝,2024-02-15,6950
00937B,群益ESG投等債20,157,12,145,福勝,2024-02-15,6950
00673R,期元大S＆P原油反1,97,0,97,福勝,2024-02-15,6950
2543,皇昌,93,0,93,福勝,2024-02-15,6950
00679B,元大美債20年,78,0,78,福勝,2024-02-15,6950
00929,復華台灣科技優息,135,58,77,福勝,2024-02-15,6950
2883,凱基金,71,2,69,福勝,2024-02-15,6950
6120,達運,66,1,65,福勝,2024-02-15,6950
5521,工信,61,0,61,福勝,2024-02-15,6950
00712,復華富時不動產,60,1,59,福勝,2024-02-15,6950
2881,富邦金,51,0,51,福勝,2024-02-15,6950
2809,京城銀,50,0,50,福勝,2024-02-15,6950
5381,合正,47,0,47,福勝,2024-02-15,6950
2344,華邦電,45,0,45,福勝,2024-02-15,6950
2408,南亞科,45,0,45,福勝,2024-02-15,6950
3055,蔚華科,100,60,40,福勝,2024-02-15,6950
00688L,國泰20年美債正2,35,0,35,福勝,2024-02-15,6950
00888,永豐台灣ESG,31,0,31,福勝,2024-02-15,6950
3481,群創,37,7,30,福勝,2024-02-15,6950
2888,新光金,36,8,28,福勝,2024-02-15,6950
2449,京元電子,30,5,25,福勝,2024-02-15,6950
00772B,中信高評級公司債,25,0,25,福勝,2024-02-15,6950
1312,國喬,24,0,24,福勝,2024-02-15,6950
2323,中環,24,1,23,福勝,2024-02-15,6950
2601,益航,22,0,22,福勝,2024-02-15,6950
2610,華航,23,1,22,福勝,2024-02-15,6950
2353,宏��,51,31,20,福勝,2024-02-15,6950
2429,銘旺科,20,0,20,福勝,2024-02-15,6950
6243,迅杰,25,5,20,福勝,2024-02-15,6950
6901,鑽石投資,20,0,20,福勝,2024-02-15,6950
1717,長興,20,1,19,福勝,2024-02-15,6950
00904,新光臺灣半導體30,20,3,17,福勝,2024-02-15,6950
3363,上詮,21,4,17,福勝,2024-02-15,6950
3373,熱映,17,0,17,福勝,2024-02-15,6950
00687B,國泰20年美債,17,0,17,福勝,2024-02-15,6950
00923,群益台ESG低碳50,17,1,16,福勝,2024-02-15,6950
4979,華星光,22,6,16,福勝,2024-02-15,6950
00919,群益台灣精選高息,15,0,15,福勝,2024-02-15,6950
2359,所羅門,18,3,15,福勝,2024-02-15,6950
4904,遠傳,15,0,15,福勝,2024-02-15,6950
6122,擎邦,15,0,15,福勝,2024-02-15,6950
6180,橘子,16,2,14,福勝,2024-02-15,6950
2303,聯電,21,7,14,福勝,2024-02-15,6950
2025,千興,22,9,13,福勝,2024-02-15,6950
1529,樂事綠能,12,0,12,福勝,2024-02-15,6950
3013,晟銘電,14,3,11,福勝,2024-02-15,6950
8110,華東,11,0,11,福勝,2024-02-15,6950
00680L,元大美債20正2,10,0,10,福勝,2024-02-15,6950
00706L,期元大S＆P日圓正2,10,0,10,福勝,2024-02-15,6950
1708,東鹼,10,0,10,福勝,2024-02-15,6950
00673R,期元大S＆P原油反1,276,0,276,福勝,2024-02-16,6950
1733,五鼎,136,0,136,福勝,2024-02-16,6950
00919,群益台灣精選高息,76,3,73,福勝,2024-02-16,6950
00679B,元大美債20年,117,47,70,福勝,2024-02-16,6950
2399,映泰,64,7,57,福勝,2024-02-16,6950
6216,居易,53,0,53,福勝,2024-02-16,6950
1101,台泥,61,9,52,福勝,2024-02-16,6950
2371,大同,54,7,47,福勝,2024-02-16,6950
2367,燿華,51,8,43,福勝,2024-02-16,6950
8215,明基材,42,1,41,福勝,2024-02-16,6950
2809,京城銀,40,0,40,福勝,2024-02-16,6950
3481,群創,41,6,35,福勝,2024-02-16,6950
2439,美律,37,4,33,福勝,2024-02-16,6950
8932,智通*,33,0,33,福勝,2024-02-16,6950
2618,長榮航,33,1,32,福勝,2024-02-16,6950
1528,恩德,30,0,30,福勝,2024-02-16,6950
2369,菱生,65,35,30,福勝,2024-02-16,6950
3055,蔚華科,31,1,30,福勝,2024-02-16,6950
4402,郡都開發,30,0,30,福勝,2024-02-16,6950
2408,南亞科,29,1,28,福勝,2024-02-16,6950
00687B,國泰20年美債,28,0,28,福勝,2024-02-16,6950
2352,佳世達,36,10,26,福勝,2024-02-16,6950
2025,千興,41,18,23,福勝,2024-02-16,6950
1314,中石化,30,8,22,福勝,2024-02-16,6950
00900,富邦特選高股息30,22,0,22,福勝,2024-02-16,6950
2356,英業達,73,52,21,福勝,2024-02-16,6950
2303,聯電,21,0,21,福勝,2024-02-16,6950
2313,華通,34,13,21,福勝,2024-02-16,6950
1612,宏泰,20,0,20,福勝,2024-02-16,6950
6167,久正,18,0,18,福勝,2024-02-16,6950
3037,欣興,22,5,17,福勝,2024-02-16,6950
6207,雷科,17,0,17,福勝,2024-02-16,6950
2329,華泰,35,19,16,福勝,2024-02-16,6950
6548,長科*,16,0,16,福勝,2024-02-16,6950
00891,中信關鍵半導體,15,0,15,福勝,2024-02-16,6950
3312,弘憶股,21,6,15,福勝,2024-02-16,6950
6139,亞翔,14,0,14,福勝,2024-02-16,6950
00795B,中信美國公債20年,14,0,14,福勝,2024-02-16,6950
2355,敬鵬,16,2,14,福勝,2024-02-16,6950
3025,星通,34,20,14,福勝,2024-02-16,6950
2449,京元電子,25,12,13,福勝,2024-02-16,6950
6164,華興,13,0,13,福勝,2024-02-16,6950
5880,合庫金,13,0,13,福勝,2024-02-16,6950
2317,鴻海,14,2,12,福勝,2024-02-16,6950
3047,訊舟,53,41,12,福勝,2024-02-16,6950
00720B,元大投資級公司債,11,0,11,福勝,2024-02-16,6950
00751B,元大AAA至A公司債,11,0,11,福勝,2024-02-16,6950
2337,旺宏,21,10,11,福勝,2024-02-16,6950
3390,旭軟,12,1,11,福勝,2024-02-16,6950
6104,創惟,12,1,11,福勝,2024-02-16,6950
00937B,群益ESG投等債20,138,2,136,福勝,2024-02-19,6950
2355,敬鵬,141,12,129,福勝,2024-02-19,6950
00919,群益台灣精選高息,143,23,120,福勝,2024-02-19,6950
2353,宏��,160,53,107,福勝,2024-02-19,6950
2365,昆盈,107,21,86,福勝,2024-02-19,6950
00929,復華台灣科技優息,130,57,73,福勝,2024-02-19,6950
00632R,元大台灣50反1,50,0,50,福勝,2024-02-19,6950
00664R,國泰臺灣加權反1,50,0,50,福勝,2024-02-19,6950
2358,廷鑫,50,0,50,福勝,2024-02-19,6950
2543,皇昌,52,3,49,福勝,2024-02-19,6950
1313,聯成,45,0,45,福勝,2024-02-19,6950
8091,翔名,45,0,45,福勝,2024-02-19,6950
5512,力麒,55,21,34,福勝,2024-02-19,6950
3231,緯創,45,13,32,福勝,2024-02-19,6950
2356,英業達,66,34,32,福勝,2024-02-19,6950
6122,擎邦,34,2,32,福勝,2024-02-19,6950
3055,蔚華科,30,0,30,福勝,2024-02-19,6950
00933B,國泰10Y+金融債,33,5,28,福勝,2024-02-19,6950
2405,輔信,38,13,25,福勝,2024-02-19,6950
4714,永捷,43,18,25,福勝,2024-02-19,6950
00687B,國泰20年美債,25,0,25,福勝,2024-02-19,6950
00878,國泰永續高股息,66,44,22,福勝,2024-02-19,6950
2887,台新金,22,0,22,福勝,2024-02-19,6950
2515,中工,31,10,21,福勝,2024-02-19,6950
3413,京鼎,21,0,21,福勝,2024-02-19,6950
2344,華邦電,22,2,20,福勝,2024-02-19,6950
3071,協禧,20,0,20,福勝,2024-02-19,6950
6116,彩晶,30,10,20,福勝,2024-02-19,6950
6187,萬潤,20,1,19,福勝,2024-02-19,6950
3483,力致,18,0,18,福勝,2024-02-19,6950
00882,中信中國高股息,25,7,18,福勝,2024-02-19,6950
1514,亞力,19,1,18,福勝,2024-02-19,6950
3372,典範,21,3,18,福勝,2024-02-19,6950
2303,聯電,27,10,17,福勝,2024-02-19,6950
4540,全球傳動,17,0,17,福勝,2024-02-19,6950
2457,飛宏,40,23,17,福勝,2024-02-19,6950
00679B,元大美債20年,16,0,16,福勝,2024-02-19,6950
2425,承啟,17,1,16,福勝,2024-02-19,6950
2464,盟立,16,0,16,福勝,2024-02-19,6950
3708,上緯投控,17,1,16,福勝,2024-02-19,6950
2337,旺宏,16,1,15,福勝,2024-02-19,6950
5498,凱崴,15,0,15,福勝,2024-02-19,6950
6111,大宇資,15,0,15,福勝,2024-02-19,6950
6226,光鼎,15,0,15,福勝,2024-02-19,6950
6139,亞翔,15,1,14,福勝,2024-02-19,6950
4908,前鼎,24,10,14,福勝,2024-02-19,6950
1504,東元,17,4,13,福勝,2024-02-19,6950
6462,神盾,12,0,12,福勝,2024-02-19,6950
3706,神達,39,27,12,福勝,2024-02-19,6950
4909,新復興,14,2,12,福勝,2024-02-19,6950
3481,群創,318,43,275,福勝,2024-02-20,6950
4714,永捷,155,9,146,福勝,2024-02-20,6950
2610,華航,112,0,112,福勝,2024-02-20,6950
3545,敦泰,101,2,99,福勝,2024-02-20,6950
00878,國泰永續高股息,86,8,78,福勝,2024-02-20,6950
4960,誠美材,66,10,56,福勝,2024-02-20,6950
4967,十銓,50,0,50,福勝,2024-02-20,6950
1319,東陽,48,0,48,福勝,2024-02-20,6950
2382,廣達,54,12,42,福勝,2024-02-20,6950
2809,京城銀,40,0,40,福勝,2024-02-20,6950
2367,燿華,73,34,39,福勝,2024-02-20,6950
00937B,群益ESG投等債20,37,0,37,福勝,2024-02-20,6950
1806,冠軍,40,5,35,福勝,2024-02-20,6950
2332,友訊,36,1,35,福勝,2024-02-20,6950
2618,長榮航,51,16,35,福勝,2024-02-20,6950
3583,辛耘,30,0,30,福勝,2024-02-20,6950
3031,佰鴻,31,6,25,福勝,2024-02-20,6950
6120,達運,25,0,25,福勝,2024-02-20,6950
8105,凌巨,30,5,25,福勝,2024-02-20,6950
4545,銘鈺,50,26,24,福勝,2024-02-20,6950
8089,康全電訊,25,2,23,福勝,2024-02-20,6950
1312,國喬,22,0,22,福勝,2024-02-20,6950
8110,華東,30,8,22,福勝,2024-02-20,6950
00933B,國泰10Y+金融債,55,34,21,福勝,2024-02-20,6950
1514,亞力,22,1,21,福勝,2024-02-20,6950
1809,中釉,20,0,20,福勝,2024-02-20,6950
2836,高雄銀,20,0,20,福勝,2024-02-20,6950
3265,台星科,21,1,20,福勝,2024-02-20,6950
6122,擎邦,22,2,20,福勝,2024-02-20,6950
1471,首利,30,11,19,福勝,2024-02-20,6950
2365,昆盈,72,53,19,福勝,2024-02-20,6950
3706,神達,21,2,19,福勝,2024-02-20,6950
5488,松普,20,1,19,福勝,2024-02-20,6950
1455,集盛,18,0,18,福勝,2024-02-20,6950
3231,緯創,33,16,17,福勝,2024-02-20,6950
00679B,元大美債20年,19,2,17,福勝,2024-02-20,6950
3048,益登,17,0,17,福勝,2024-02-20,6950
6716,應廣,17,0,17,福勝,2024-02-20,6950
6770,力積電,20,3,17,福勝,2024-02-20,6950
8011,台通,17,0,17,福勝,2024-02-20,6950
3432,台端,16,0,16,福勝,2024-02-20,6950
3576,聯合再生,16,0,16,福勝,2024-02-20,6950
2301,光寶科,18,3,15,福勝,2024-02-20,6950
00764B,群益25年美債,15,0,15,福勝,2024-02-20,6950
1717,長興,24,9,15,福勝,2024-02-20,6950
2328,廣宇,15,0,15,福勝,2024-02-20,6950
2402,毅嘉,14,0,14,福勝,2024-02-20,6950
1449,佳和,13,0,13,福勝,2024-02-20,6950
1528,恩德,13,0,13,福勝,2024-02-20,6950
6282,康舒,51,38,13,福勝,2024-02-20,6950
00878,國泰永續高股息,166,20,146,福勝,2024-02-21,6950
2303,聯電,128,0,128,福勝,2024-02-21,6950
1314,中石化,120,0,120,福勝,2024-02-21,6950
3231,緯創,108,13,95,福勝,2024-02-21,6950
6282,康舒,99,16,83,福勝,2024-02-21,6950
2603,長榮,129,51,78,福勝,2024-02-21,6950
00929,復華台灣科技優息,82,11,71,福勝,2024-02-21,6950
2609,陽明,94,27,67,福勝,2024-02-21,6950
00933B,國泰10Y+金融債,59,0,59,福勝,2024-02-21,6950
3055,蔚華科,53,2,51,福勝,2024-02-21,6950
1609,大亞,62,17,45,福勝,2024-02-21,6950
5521,工信,51,6,45,福勝,2024-02-21,6950
00881,國泰台灣5G+,45,2,43,福勝,2024-02-21,6950
00712,復華富時不動產,39,0,39,福勝,2024-02-21,6950
2617,台航,48,9,39,福勝,2024-02-21,6950
2025,千興,36,0,36,福勝,2024-02-21,6950
2408,南亞科,38,4,34,福勝,2024-02-21,6950
2353,宏��,50,17,33,福勝,2024-02-21,6950
00937B,群益ESG投等債20,38,5,33,福勝,2024-02-21,6950
2301,光寶科,33,2,31,福勝,2024-02-21,6950
1605,華新,33,4,29,福勝,2024-02-21,6950
2409,友達,29,3,26,福勝,2024-02-21,6950
3437,榮創,26,0,26,福勝,2024-02-21,6950
3537,堡達,25,0,25,福勝,2024-02-21,6950
8930,青鋼,28,4,24,福勝,2024-02-21,6950
6799,來頡,24,0,24,福勝,2024-02-21,6950
6244,茂迪,22,0,22,福勝,2024-02-21,6950
3037,欣興,24,2,22,福勝,2024-02-21,6950
2382,廣達,32,11,21,福勝,2024-02-21,6950
1444,力麗,20,0,20,福勝,2024-02-21,6950
2618,長榮航,20,0,20,福勝,2024-02-21,6950
2836,高雄銀,20,0,20,福勝,2024-02-21,6950
8105,凌巨,20,0,20,福勝,2024-02-21,6950
8926,台汽電,20,0,20,福勝,2024-02-21,6950
6535,順藥,20,1,19,福勝,2024-02-21,6950
1608,華榮,20,2,18,福勝,2024-02-21,6950
5515,建國,20,3,17,福勝,2024-02-21,6950
3041,揚智,25,9,16,福勝,2024-02-21,6950
2356,英業達,22,7,15,福勝,2024-02-21,6950
2816,旺旺保,15,0,15,福勝,2024-02-21,6950
4545,銘鈺,15,0,15,福勝,2024-02-21,6950
2337,旺宏,14,0,14,福勝,2024-02-21,6950
00885,富邦越南,14,1,13,福勝,2024-02-21,6950
3372,典範,18,5,13,福勝,2024-02-21,6950
6164,華興,15,2,13,福勝,2024-02-21,6950
9105,泰金寶-DR,34,21,13,福勝,2024-02-21,6950
2369,菱生,13,1,12,福勝,2024-02-21,6950
2415,錩新,12,0,12,福勝,2024-02-21,6950
3057,喬鼎,12,0,12,福勝,2024-02-21,6950
6768,志強-KY,12,0,12,福勝,2024-02-21,6950
2356,英業達,136,9,127,福勝,2024-02-22,6950
2812,台中銀,100,0,100,福勝,2024-02-22,6950
3231,緯創,140,41,99,福勝,2024-02-22,6950
00637L,元大滬深300正2,71,0,71,福勝,2024-02-22,6950
2618,長榮航,63,1,62,福勝,2024-02-22,6950
5512,力麒,60,7,53,福勝,2024-02-22,6950
8105,凌巨,53,1,52,福勝,2024-02-22,6950
5498,凱崴,86,40,46,福勝,2024-02-22,6950
6233,旺玖,59,14,45,福勝,2024-02-22,6950
2353,宏��,54,10,44,福勝,2024-02-22,6950
00930,永豐ESG低碳高息,40,0,40,福勝,2024-02-22,6950
2543,皇昌,47,11,36,福勝,2024-02-22,6950
2367,燿華,53,18,35,福勝,2024-02-22,6950
3221,台嘉碩,67,33,34,福勝,2024-02-22,6950
00937B,群益ESG投等債20,62,32,30,福勝,2024-02-22,6950
00900,富邦特選高股息30,33,3,30,福勝,2024-02-22,6950
00753L,中信中國50正2,30,0,30,福勝,2024-02-22,6950
3230,錦明,30,0,30,福勝,2024-02-22,6950
4526,東台,33,5,28,福勝,2024-02-22,6950
00680L,元大美債20正2,26,0,26,福勝,2024-02-22,6950
00878,國泰永續高股息,87,62,25,福勝,2024-02-22,6950
00706L,期元大S＆P日圓正2,25,0,25,福勝,2024-02-22,6950
2816,旺旺保,25,0,25,福勝,2024-02-22,6950
2417,圓剛,51,27,24,福勝,2024-02-22,6950
00933B,國泰10Y+金融債,23,0,23,福勝,2024-02-22,6950
2415,錩新,23,0,23,福勝,2024-02-22,6950
2025,千興,27,5,22,福勝,2024-02-22,6950
2002,中鋼,21,0,21,福勝,2024-02-22,6950
2457,飛宏,21,0,21,福勝,2024-02-22,6950
6164,華興,33,12,21,福勝,2024-02-22,6950
2208,台船,20,0,20,福勝,2024-02-22,6950
3163,波若威,23,3,20,福勝,2024-02-22,6950
6141,柏承,20,0,20,福勝,2024-02-22,6950
00764B,群益25年美債,19,0,19,福勝,2024-02-22,6950
2489,瑞軒,20,1,19,福勝,2024-02-22,6950
6770,力積電,19,1,18,福勝,2024-02-22,6950
3694,海華,21,3,18,福勝,2024-02-22,6950
1447,力鵬,17,0,17,福勝,2024-02-22,6950
4909,新復興,17,0,17,福勝,2024-02-22,6950
8110,華東,27,10,17,福勝,2024-02-22,6950
1513,中興電,29,12,17,福勝,2024-02-22,6950
00687B,國泰20年美債,18,2,16,福勝,2024-02-22,6950
3481,群創,35,19,16,福勝,2024-02-22,6950
2329,華泰,34,19,15,福勝,2024-02-22,6950
00857B,永豐20年美公債,15,0,15,福勝,2024-02-22,6950
2484,希華,30,15,15,福勝,2024-02-22,6950
3232,昱捷,15,0,15,福勝,2024-02-22,6950
6139,亞翔,15,0,15,福勝,2024-02-22,6950
9105,泰金寶-DR,14,0,14,福勝,2024-02-22,6950
1524,耿鼎,24,11,13,福勝,2024-02-22,6950
00929,復華台灣科技優息,226,64,162,福勝,2024-02-23,6950
2618,長榮航,136,14,122,福勝,2024-02-23,6950
2408,南亞科,91,10,81,福勝,2024-02-23,6950
00923,群益台ESG低碳50,77,0,77,福勝,2024-02-23,6950
00919,群益台灣精選高息,144,81,63,福勝,2024-02-23,6950
6122,擎邦,63,0,63,福勝,2024-02-23,6950
2809,京城銀,55,0,55,福勝,2024-02-23,6950
6282,康舒,60,14,46,福勝,2024-02-23,6950
2489,瑞軒,49,8,41,福勝,2024-02-23,6950
2610,華航,41,0,41,福勝,2024-02-23,6950
3481,群創,35,1,34,福勝,2024-02-23,6950
2303,聯電,35,4,31,福勝,2024-02-23,6950
00632R,元大台灣50反1,30,0,30,福勝,2024-02-23,6950
4909,新復興,32,3,29,福勝,2024-02-23,6950
5498,凱崴,38,10,28,福勝,2024-02-23,6950
3706,神達,28,2,26,福勝,2024-02-23,6950
6189,豐藝,31,5,26,福勝,2024-02-23,6950
8064,東捷,31,6,25,福勝,2024-02-23,6950
00878,國泰永續高股息,83,59,24,福勝,2024-02-23,6950
8473,山林水,24,0,24,福勝,2024-02-23,6950
3031,佰鴻,23,0,23,福勝,2024-02-23,6950
4714,永捷,29,6,23,福勝,2024-02-23,6950
00637L,元大滬深300正2,20,0,20,福勝,2024-02-23,6950
1604,聲寶,20,0,20,福勝,2024-02-23,6950
2816,旺旺保,20,0,20,福勝,2024-02-23,6950
3522,御嵿,20,0,20,福勝,2024-02-23,6950
00680L,元大美債20正2,17,0,17,福勝,2024-02-23,6950
00933B,國泰10Y+金融債,17,0,17,福勝,2024-02-23,6950
2233,宇隆,16,0,16,福勝,2024-02-23,6950
4510,高鋒,16,0,16,福勝,2024-02-23,6950
9904,寶成,16,0,16,福勝,2024-02-23,6950
3711,日月光投控,22,7,15,福勝,2024-02-23,6950
6140,訊達,15,0,15,福勝,2024-02-23,6950
5426,振發,15,1,14,福勝,2024-02-23,6950
5469,瀚宇博,18,4,14,福勝,2024-02-23,6950
5474,聰泰,13,0,13,福勝,2024-02-23,6950
6141,柏承,20,7,13,福勝,2024-02-23,6950
2329,華泰,44,32,12,福勝,2024-02-23,6950
00918,大華優利高填息30,13,1,12,福勝,2024-02-23,6950
2402,毅嘉,18,6,12,福勝,2024-02-23,6950
5388,中磊,14,2,12,福勝,2024-02-23,6950
2363,矽統,12,1,11,福勝,2024-02-23,6950
4534,慶騰,11,0,11,福勝,2024-02-23,6950
5880,合庫金,11,0,11,福勝,2024-02-23,6950
1303,南亞,10,0,10,福勝,2024-02-23,6950
1536,和大,11,1,10,福勝,2024-02-23,6950
1608,華榮,10,0,10,福勝,2024-02-23,6950
2316,楠梓電,10,0,10,福勝,2024-02-23,6950
2476,鉅祥,11,1,10,福勝,2024-02-23,6950
2731,雄獅,10,0,10,福勝,2024-02-23,6950
5512,力麒,176,0,176,福勝,2024-02-26,6950
4904,遠傳,119,0,119,福勝,2024-02-26,6950
2406,國碩,100,1,99,福勝,2024-02-26,6950
00919,群益台灣精選高息,100,7,93,福勝,2024-02-26,6950
00679B,元大美債20年,112,20,92,福勝,2024-02-26,6950
2369,菱生,81,5,76,福勝,2024-02-26,6950
8040,九暘,80,12,68,福勝,2024-02-26,6950
00878,國泰永續高股息,74,13,61,福勝,2024-02-26,6950
2809,京城銀,55,0,55,福勝,2024-02-26,6950
2382,廣達,60,10,50,福勝,2024-02-26,6950
00632R,元大台灣50反1,50,0,50,福勝,2024-02-26,6950
00937B,群益ESG投等債20,57,10,47,福勝,2024-02-26,6950
6141,柏承,52,5,47,福勝,2024-02-26,6950
8085,福華,40,0,40,福勝,2024-02-26,6950
00933B,國泰10Y+金融債,38,0,38,福勝,2024-02-26,6950
8930,青鋼,29,0,29,福勝,2024-02-26,6950
1514,亞力,47,21,26,福勝,2024-02-26,6950
1229,聯華,25,0,25,福勝,2024-02-26,6950
2312,金寶,25,0,25,福勝,2024-02-26,6950
6196,帆宣,24,0,24,福勝,2024-02-26,6950
2460,建通,24,1,23,福勝,2024-02-26,6950
2610,華航,47,25,22,福勝,2024-02-26,6950
2337,旺宏,21,0,21,福勝,2024-02-26,6950
2409,友達,22,1,21,福勝,2024-02-26,6950
2367,燿華,25,5,20,福勝,2024-02-26,6950
6239,力成,16,0,16,福勝,2024-02-26,6950
00722B,群益投資級電信債,15,0,15,福勝,2024-02-26,6950
00642U,期元大S＆P石油,15,0,15,福勝,2024-02-26,6950
2609,陽明,17,2,15,福勝,2024-02-26,6950
3537,堡達,15,0,15,福勝,2024-02-26,6950
8182,加高,15,0,15,福勝,2024-02-26,6950
2884,玉山金,15,0,15,福勝,2024-02-26,6950
2329,華泰,17,3,14,福勝,2024-02-26,6950
3027,盛達,14,0,14,福勝,2024-02-26,6950
2365,昆盈,13,0,13,福勝,2024-02-26,6950
3052,夆典,15,2,13,福勝,2024-02-26,6950
3163,波若威,37,24,13,福勝,2024-02-26,6950
4755,三福化,15,2,13,福勝,2024-02-26,6950
2201,裕隆,13,0,13,福勝,2024-02-26,6950
3289,宜特,12,0,12,福勝,2024-02-26,6950
3545,敦泰,13,1,12,福勝,2024-02-26,6950
9933,中鼎,12,0,12,福勝,2024-02-26,6950
3706,神達,12,1,11,福勝,2024-02-26,6950
2362,藍天,12,1,11,福勝,2024-02-26,6950
2408,南亞科,11,0,11,福勝,2024-02-26,6950
5432,新門,12,1,11,福勝,2024-02-26,6950
1301,台塑,10,0,10,福勝,2024-02-26,6950
00637L,元大滬深300正2,10,0,10,福勝,2024-02-26,6950
00927,群益半導體收益,10,0,10,福勝,2024-02-26,6950
2010,春源,10,0,10,福勝,2024-02-26,6950
2002,中鋼,413,0,413,福勝,2024-02-27,6950
1447,力鵬,125,0,125,福勝,2024-02-27,6950
00919,群益台灣精選高息,147,45,102,福勝,2024-02-27,6950
6122,擎邦,103,4,99,福勝,2024-02-27,6950
6167,久正,101,13,88,福勝,2024-02-27,6950
3232,昱捷,75,0,75,福勝,2024-02-27,6950
00937B,群益ESG投等債20,100,26,74,福勝,2024-02-27,6950
3455,由田,75,1,74,福勝,2024-02-27,6950
00687B,國泰20年美債,68,0,68,福勝,2024-02-27,6950
3450,聯鈞,58,4,54,福勝,2024-02-27,6950
00632R,元大台灣50反1,50,0,50,福勝,2024-02-27,6950
6532,瑞耘,44,1,43,福勝,2024-02-27,6950
2408,南亞科,43,1,42,福勝,2024-02-27,6950
6282,康舒,54,15,39,福勝,2024-02-27,6950
5880,合庫金,37,2,35,福勝,2024-02-27,6950
2329,華泰,38,7,31,福勝,2024-02-27,6950
3706,神達,32,1,31,福勝,2024-02-27,6950
3037,欣興,36,5,31,福勝,2024-02-27,6950
1444,力麗,35,5,30,福勝,2024-02-27,6950
3313,斐成,30,0,30,福勝,2024-02-27,6950
6196,帆宣,32,2,30,福勝,2024-02-27,6950
00679B,元大美債20年,29,0,29,福勝,2024-02-27,6950
1101,台泥,33,5,28,福勝,2024-02-27,6950
6237,驊訊,26,0,26,福勝,2024-02-27,6950
1609,大亞,41,16,25,福勝,2024-02-27,6950
1608,華榮,25,1,24,福勝,2024-02-27,6950
00878,國泰永續高股息,114,90,24,福勝,2024-02-27,6950
6182,合晶,22,0,22,福勝,2024-02-27,6950
2317,鴻海,33,13,20,福勝,2024-02-27,6950
00934,中信成長高股息,20,0,20,福勝,2024-02-27,6950
1712,興農,20,0,20,福勝,2024-02-27,6950
2032,新鋼,20,0,20,福勝,2024-02-27,6950
3005,神基,30,10,20,福勝,2024-02-27,6950
3163,波若威,32,12,20,福勝,2024-02-27,6950
5488,松普,25,5,20,福勝,2024-02-27,6950
8930,青鋼,20,0,20,福勝,2024-02-27,6950
2409,友達,22,3,19,福勝,2024-02-27,6950
1524,耿鼎,25,6,19,福勝,2024-02-27,6950
6125,廣運,36,18,18,福勝,2024-02-27,6950
00712,復華富時不動產,18,0,18,福勝,2024-02-27,6950
3231,緯創,44,27,17,福勝,2024-02-27,6950
2376,技嘉,18,1,17,福勝,2024-02-27,6950
3576,聯合再生,18,2,16,福勝,2024-02-27,6950
00933B,國泰10Y+金融債,18,3,15,福勝,2024-02-27,6950
1721,三晃,21,6,15,福勝,2024-02-27,6950
2399,映泰,15,0,15,福勝,2024-02-27,6950
6113,亞矽,18,3,15,福勝,2024-02-27,6950
6191,精成科,15,0,15,福勝,2024-02-27,6950
6733,博晟生醫,15,0,15,福勝,2024-02-27,6950
3034,聯詠,17,3,14,福勝,2024-02-27,6950
00937B,群益ESG投等債20,240,44,196,福勝,2024-02-29,6950
1447,力鵬,126,0,126,福勝,2024-02-29,6950
00919,群益台灣精選高息,148,34,114,福勝,2024-02-29,6950
00632R,元大台灣50反1,100,0,100,福勝,2024-02-29,6950
00673R,期元大S＆P原油反1,50,0,50,福勝,2024-02-29,6950
2329,華泰,46,5,41,福勝,2024-02-29,6950
00713,元大台灣高息低波,40,0,40,福勝,2024-02-29,6950
2888,新光金,40,0,40,福勝,2024-02-29,6950
2327,國巨,41,2,39,福勝,2024-02-29,6950
1229,聯華,30,0,30,福勝,2024-02-29,6950
3035,智原,32,3,29,福勝,2024-02-29,6950
2415,錩新,26,0,26,福勝,2024-02-29,6950
3583,辛耘,26,1,25,福勝,2024-02-29,6950
3055,蔚華科,26,1,25,福勝,2024-02-29,6950
2376,技嘉,29,5,24,福勝,2024-02-29,6950
00929,復華台灣科技優息,39,15,24,福勝,2024-02-29,6950
1785,光洋科,23,0,23,福勝,2024-02-29,6950
1312,國喬,25,3,22,福勝,2024-02-29,6950
2356,英業達,28,6,22,福勝,2024-02-29,6950
3380,明泰,22,0,22,福勝,2024-02-29,6950
2405,輔信,23,3,20,福勝,2024-02-29,6950
6122,擎邦,20,0,20,福勝,2024-02-29,6950
2069,運錩,19,0,19,福勝,2024-02-29,6950
5328,華容,30,11,19,福勝,2024-02-29,6950
2002,中鋼,18,0,18,福勝,2024-02-29,6950
5871,中租-KY,22,4,18,福勝,2024-02-29,6950
3265,台星科,15,0,15,福勝,2024-02-29,6950
3581,博磊,15,0,15,福勝,2024-02-29,6950
2344,華邦電,20,6,14,福勝,2024-02-29,6950
1301,台塑,13,0,13,福勝,2024-02-29,6950
2353,宏��,16,3,13,福勝,2024-02-29,6950
3372,典範,13,0,13,福勝,2024-02-29,6950
6799,來頡,14,1,13,福勝,2024-02-29,6950
1591,駿吉-KY,12,0,12,福勝,2024-02-29,6950
3005,神基,12,0,12,福勝,2024-02-29,6950
3390,旭軟,16,4,12,福勝,2024-02-29,6950
00918,大華優利高填息30,11,0,11,福勝,2024-02-29,6950
2312,金寶,11,0,11,福勝,2024-02-29,6950
5388,中磊,11,0,11,福勝,2024-02-29,6950
1314,中石化,10,0,10,福勝,2024-02-29,6950
00706L,期元大S＆P日圓正2,10,0,10,福勝,2024-02-29,6950
1101,台泥,15,5,10,福勝,2024-02-29,6950
00913,兆豐台灣晶圓製造,10,0,10,福勝,2024-02-29,6950
1471,首利,10,0,10,福勝,2024-02-29,6950
1611,中電,40,30,10,福勝,2024-02-29,6950
2020,美亞,10,0,10,福勝,2024-02-29,6950
2301,光寶科,13,3,10,福勝,2024-02-29,6950
2331,精英,13,3,10,福勝,2024-02-29,6950
2436,偉詮電,10,0,10,福勝,2024-02-29,6950
4968,立積,11,1,10,福勝,2024-02-29,6950
00919,群益台灣精選高息,200,12,188,福勝,2024-03-01,6950
00929,復華台灣科技優息,156,1,155,福勝,2024-03-01,6950
2206,三陽工業,160,7,153,福勝,2024-03-01,6950
2303,聯電,122,9,113,福勝,2024-03-01,6950
2641,正德,102,2,100,福勝,2024-03-01,6950
3537,堡達,61,0,61,福勝,2024-03-01,6950
8085,福華,61,2,59,福勝,2024-03-01,6950
00913,兆豐台灣晶圓製造,40,0,40,福勝,2024-03-01,6950
2025,千興,37,2,35,福勝,2024-03-01,6950
1524,耿鼎,36,3,33,福勝,2024-03-01,6950
3322,建舜電,36,5,31,福勝,2024-03-01,6950
5009,榮剛,31,1,30,福勝,2024-03-01,6950
1609,大亞,40,15,25,福勝,2024-03-01,6950
4545,銘鈺,25,0,25,福勝,2024-03-01,6950
2618,長榮航,27,5,22,福勝,2024-03-01,6950
00922,國泰台灣領袖50,22,0,22,福勝,2024-03-01,6950
00891,中信關鍵半導體,22,0,22,福勝,2024-03-01,6950
2609,陽明,68,46,22,福勝,2024-03-01,6950
1307,三芳,20,0,20,福勝,2024-03-01,6950
00753L,中信中國50正2,20,0,20,福勝,2024-03-01,6950
00893,國泰智能電動車,20,0,20,福勝,2024-03-01,6950
3031,佰鴻,20,0,20,福勝,2024-03-01,6950
00937B,群益ESG投等債20,26,7,19,福勝,2024-03-01,6950
00918,大華優利高填息30,20,1,19,福勝,2024-03-01,6950
2329,華泰,27,8,19,福勝,2024-03-01,6950
2484,希華,26,7,19,福勝,2024-03-01,6950
2374,佳能,18,0,18,福勝,2024-03-01,6950
2816,旺旺保,18,0,18,福勝,2024-03-01,6950
6126,信音,22,4,18,福勝,2024-03-01,6950
2376,技嘉,30,12,18,福勝,2024-03-01,6950
5521,工信,18,1,17,福勝,2024-03-01,6950
2399,映泰,23,6,17,福勝,2024-03-01,6950
3036,文曄,19,2,17,福勝,2024-03-01,6950
1303,南亞,16,0,16,福勝,2024-03-01,6950
2313,華通,18,2,16,福勝,2024-03-01,6950
2460,建通,16,0,16,福勝,2024-03-01,6950
8034,榮群,17,1,16,福勝,2024-03-01,6950
2002,中鋼,15,0,15,福勝,2024-03-01,6950
5488,松普,15,0,15,福勝,2024-03-01,6950
1815,富喬,17,3,14,福勝,2024-03-01,6950
2884,玉山金,14,1,13,福勝,2024-03-01,6950
6276,安鈦克,13,0,13,福勝,2024-03-01,6950
2402,毅嘉,12,0,12,福勝,2024-03-01,6950
2454,聯發科,22,10,12,福勝,2024-03-01,6950
3047,訊舟,11,0,11,福勝,2024-03-01,6950
2809,京城銀,11,0,11,福勝,2024-03-01,6950
2890,永豐金,11,0,11,福勝,2024-03-01,6950
3260,威剛,11,0,11,福勝,2024-03-01,6950
4960,誠美材,11,0,11,福勝,2024-03-01,6950
4973,廣穎,11,0,11,福勝,2024-03-01,6950
00632R,元大台灣50反1,805,0,805,福勝,2024-03-04,6950
3372,典範,100,10,90,福勝,2024-03-04,6950
2206,三陽工業,110,22,88,福勝,2024-03-04,6950
00937B,群益ESG投等債20,96,11,85,福勝,2024-03-04,6950
1568,倉佑,70,0,70,福勝,2024-03-04,6950
3062,建漢,81,13,68,福勝,2024-03-04,6950
2430,燦坤,61,0,61,福勝,2024-03-04,6950
2415,錩新,51,0,51,福勝,2024-03-04,6950
8930,青鋼,50,2,48,福勝,2024-03-04,6950
2002,中鋼,46,6,40,福勝,2024-03-04,6950
00933B,國泰10Y+金融債,36,0,36,福勝,2024-03-04,6950
00919,群益台灣精選高息,93,59,34,福勝,2024-03-04,6950
00679B,元大美債20年,33,0,33,福勝,2024-03-04,6950
00935,野村臺灣新科技50,30,0,30,福勝,2024-03-04,6950
00918,大華優利高填息30,27,0,27,福勝,2024-03-04,6950
5425,台半,36,10,26,福勝,2024-03-04,6950
00673R,期元大S＆P原油反1,25,0,25,福勝,2024-03-04,6950
6125,廣運,29,6,23,福勝,2024-03-04,6950
3264,欣銓,24,1,23,福勝,2024-03-04,6950
3450,聯鈞,40,17,23,福勝,2024-03-04,6950
9933,中鼎,24,1,23,福勝,2024-03-04,6950
2352,佳世達,25,3,22,福勝,2024-03-04,6950
6282,康舒,27,6,21,福勝,2024-03-04,6950
00936,台新永續高息中小,20,0,20,福勝,2024-03-04,6950
1312,國喬,20,0,20,福勝,2024-03-04,6950
1409,新纖,22,2,20,福勝,2024-03-04,6950
2069,運錩,20,0,20,福勝,2024-03-04,6950
3481,群創,34,14,20,福勝,2024-03-04,6950
6218,豪勉,23,3,20,福勝,2024-03-04,6950
4968,立積,20,2,18,福勝,2024-03-04,6950
00915,凱基優選高股息30,18,0,18,福勝,2024-03-04,6950
4545,銘鈺,18,0,18,福勝,2024-03-04,6950
1513,中興電,24,6,18,福勝,2024-03-04,6950
6233,旺玖,19,2,17,福勝,2024-03-04,6950
3265,台星科,16,0,16,福勝,2024-03-04,6950
5515,建國,16,0,16,福勝,2024-03-04,6950
00680L,元大美債20正2,15,0,15,福勝,2024-03-04,6950
6167,久正,17,2,15,福勝,2024-03-04,6950
8926,台汽電,15,0,15,福勝,2024-03-04,6950
1514,亞力,42,28,14,福勝,2024-03-04,6950
2344,華邦電,20,6,14,福勝,2024-03-04,6950
2377,微星,16,2,14,福勝,2024-03-04,6950
2474,可成,14,0,14,福勝,2024-03-04,6950
2489,瑞軒,22,8,14,福勝,2024-03-04,6950
3041,揚智,15,1,14,福勝,2024-03-04,6950
3605,宏致,15,1,14,福勝,2024-03-04,6950
3537,堡達,13,0,13,福勝,2024-03-04,6950
3564,其陽,13,0,13,福勝,2024-03-04,6950
6274,台燿,14,1,13,福勝,2024-03-04,6950
4121,優盛,12,0,12,福勝,2024-03-04,6950
00632R,元大台灣50反1,200,2,198,福勝,2024-03-05,6950
00919,群益台灣精選高息,196,8,188,福勝,2024-03-05,6950
2415,錩新,173,0,173,福勝,2024-03-05,6950
2838,聯邦銀,170,0,170,福勝,2024-03-05,6950
4906,正文,169,42,127,福勝,2024-03-05,6950
3231,緯創,226,103,123,福勝,2024-03-05,6950
00936,台新永續高息中小,118,0,118,福勝,2024-03-05,6950
6275,元山,122,9,113,福勝,2024-03-05,6950
3372,典範,124,15,109,福勝,2024-03-05,6950
2605,新興,78,0,78,福勝,2024-03-05,6950
00712,復華富時不動產,81,11,70,福勝,2024-03-05,6950
2501,國建,50,0,50,福勝,2024-03-05,6950
4545,銘鈺,50,0,50,福勝,2024-03-05,6950
2353,宏��,74,33,41,福勝,2024-03-05,6950
00687B,國泰20年美債,41,3,38,福勝,2024-03-05,6950
3380,明泰,34,0,34,福勝,2024-03-05,6950
4533,協易機,34,2,32,福勝,2024-03-05,6950
3056,富華新,31,0,31,福勝,2024-03-05,6950
4707,磐亞,31,0,31,福勝,2024-03-05,6950
00753L,中信中國50正2,30,0,30,福勝,2024-03-05,6950
2355,敬鵬,27,1,26,福勝,2024-03-05,6950
6770,力積電,32,6,26,福勝,2024-03-05,6950
6279,胡連,26,1,25,福勝,2024-03-05,6950
4939,亞電,26,2,24,福勝,2024-03-05,6950
2609,陽明,49,25,24,福勝,2024-03-05,6950
00937B,群益ESG投等債20,23,0,23,福勝,2024-03-05,6950
2887,台新金,22,0,22,福勝,2024-03-05,6950
4904,遠傳,21,0,21,福勝,2024-03-05,6950
1721,三晃,20,0,20,福勝,2024-03-05,6950
5392,能率,20,0,20,福勝,2024-03-05,6950
2330,台積電,43,24,19,福勝,2024-03-05,6950
3450,聯鈞,28,9,19,福勝,2024-03-05,6950
8936,國統,24,5,19,福勝,2024-03-05,6950
3047,訊舟,17,0,17,福勝,2024-03-05,6950
00918,大華優利高填息30,17,0,17,福勝,2024-03-05,6950
00650L,復華香港正2,16,0,16,福勝,2024-03-05,6950
2323,中環,25,9,16,福勝,2024-03-05,6950
6125,廣運,23,7,16,福勝,2024-03-05,6950
00915,凱基優選高股息30,16,0,16,福勝,2024-03-05,6950
2337,旺宏,15,0,15,福勝,2024-03-05,6950
3297,杭特,15,0,15,福勝,2024-03-05,6950
5452,佶優,15,0,15,福勝,2024-03-05,6950
2303,聯電,47,32,15,福勝,2024-03-05,6950
1301,台塑,16,2,14,福勝,2024-03-05,6950
3689,湧德,18,4,14,福勝,2024-03-05,6950
5315,光聯,22,8,14,福勝,2024-03-05,6950
3481,群創,36,22,14,福勝,2024-03-05,6950
1582,信錦,13,0,13,福勝,2024-03-05,6950
2892,第一金,13,0,13,福勝,2024-03-05,6950
3088,艾訊,13,0,13,福勝,2024-03-05,6950
00919,群益台灣精選高息,263,27,236,福勝,2024-03-06,6950
2838,聯邦銀,170,0,170,福勝,2024-03-06,6950
2404,漢唐,109,0,109,福勝,2024-03-06,6950
3056,富華新,105,0,105,福勝,2024-03-06,6950
2415,錩新,95,0,95,福勝,2024-03-06,6950
2845,遠東銀,92,2,90,福勝,2024-03-06,6950
2379,瑞昱,90,0,90,福勝,2024-03-06,6950
1409,新纖,112,25,87,福勝,2024-03-06,6950
8930,青鋼,81,0,81,福勝,2024-03-06,6950
3231,緯創,89,13,76,福勝,2024-03-06,6950
5236,凌陽創新,73,0,73,福勝,2024-03-06,6950
2618,長榮航,59,0,59,福勝,2024-03-06,6950
00937B,群益ESG投等債20,63,10,53,福勝,2024-03-06,6950
2603,長榮,53,1,52,福勝,2024-03-06,6950
4909,新復興,101,52,49,福勝,2024-03-06,6950
2610,華航,48,0,48,福勝,2024-03-06,6950
2344,華邦電,45,0,45,福勝,2024-03-06,6950
6756,威鋒電子,42,0,42,福勝,2024-03-06,6950
4129,聯合,40,0,40,福勝,2024-03-06,6950
2204,中華,39,0,39,福勝,2024-03-06,6950
6163,華電網,37,1,36,福勝,2024-03-06,6950
2409,友達,42,7,35,福勝,2024-03-06,6950
5258,虹堡,30,0,30,福勝,2024-03-06,6950
3481,群創,30,1,29,福勝,2024-03-06,6950
1504,東元,38,10,28,福勝,2024-03-06,6950
1514,亞力,34,9,25,福勝,2024-03-06,6950
1603,華電,24,2,22,福勝,2024-03-06,6950
2881,富邦金,31,10,21,福勝,2024-03-06,6950
2329,華泰,44,23,21,福勝,2024-03-06,6950
3293,鈊象,20,0,20,福勝,2024-03-06,6950
00933B,國泰10Y+金融債,20,0,20,福勝,2024-03-06,6950
00918,大華優利高填息30,32,12,20,福勝,2024-03-06,6950
2498,宏達電,21,1,20,福勝,2024-03-06,6950
8069,元太,22,3,19,福勝,2024-03-06,6950
6770,力積電,17,0,17,福勝,2024-03-06,6950
8110,華東,17,0,17,福勝,2024-03-06,6950
00679B,元大美債20年,16,0,16,福勝,2024-03-06,6950
2484,希華,16,0,16,福勝,2024-03-06,6950
6226,光鼎,16,0,16,福勝,2024-03-06,6950
2402,毅嘉,16,1,15,福勝,2024-03-06,6950
2601,益航,15,0,15,福勝,2024-03-06,6950
3207,耀勝,15,0,15,福勝,2024-03-06,6950
4402,郡都開發,14,0,14,福勝,2024-03-06,6950
4564,元翎,14,0,14,福勝,2024-03-06,6950
1618,合機,14,1,13,福勝,2024-03-06,6950
1101,台泥,26,14,12,福勝,2024-03-06,6950
2609,陽明,15,3,12,福勝,2024-03-06,6950
3305,昇貿,12,0,12,福勝,2024-03-06,6950
3479,安勤,12,0,12,福勝,2024-03-06,6950
6282,康舒,12,0,12,福勝,2024-03-06,6950
6122,擎邦,170,0,170,福勝,2024-03-07,6950
2603,長榮,103,12,91,福勝,2024-03-07,6950
00937B,群益ESG投等債20,70,0,70,福勝,2024-03-07,6950
2002,中鋼,65,2,63,福勝,2024-03-07,6950
3045,台灣大,50,0,50,福勝,2024-03-07,6950
3232,昱捷,50,0,50,福勝,2024-03-07,6950
2313,華通,58,12,46,福勝,2024-03-07,6950
3294,英濟,46,0,46,福勝,2024-03-07,6950
2897,王道銀行,40,0,40,福勝,2024-03-07,6950
5512,力麒,40,0,40,福勝,2024-03-07,6950
8064,東捷,40,0,40,福勝,2024-03-07,6950
2515,中工,50,13,37,福勝,2024-03-07,6950
5521,工信,47,13,34,福勝,2024-03-07,6950
2206,三陽工業,40,7,33,福勝,2024-03-07,6950
00935,野村臺灣新科技50,32,0,32,福勝,2024-03-07,6950
2402,毅嘉,38,6,32,福勝,2024-03-07,6950
2365,昆盈,31,0,31,福勝,2024-03-07,6950
2369,菱生,36,5,31,福勝,2024-03-07,6950
3056,富華新,27,0,27,福勝,2024-03-07,6950
00712,復華富時不動產,27,1,26,福勝,2024-03-07,6950
1101,台泥,25,0,25,福勝,2024-03-07,6950
2301,光寶科,25,0,25,福勝,2024-03-07,6950
8930,青鋼,25,0,25,福勝,2024-03-07,6950
1717,長興,31,7,24,福勝,2024-03-07,6950
1522,堤維西,28,4,24,福勝,2024-03-07,6950
2329,華泰,54,30,24,福勝,2024-03-07,6950
2312,金寶,23,0,23,福勝,2024-03-07,6950
2884,玉山金,23,0,23,福勝,2024-03-07,6950
3481,群創,28,6,22,福勝,2024-03-07,6950
6282,康舒,48,26,22,福勝,2024-03-07,6950
2069,運錩,20,0,20,福勝,2024-03-07,6950
2816,旺旺保,20,0,20,福勝,2024-03-07,6950
3230,錦明,20,0,20,福勝,2024-03-07,6950
6164,華興,20,0,20,福勝,2024-03-07,6950
2883,凱基金,53,34,19,福勝,2024-03-07,6950
3689,湧德,21,3,18,福勝,2024-03-07,6950
2324,仁寶,23,5,18,福勝,2024-03-07,6950
2486,一詮,22,4,18,福勝,2024-03-07,6950
3006,晶豪科,23,5,18,福勝,2024-03-07,6950
5009,榮剛,19,1,18,福勝,2024-03-07,6950
3325,旭品,25,9,16,福勝,2024-03-07,6950
8071,能率網通,16,0,16,福勝,2024-03-07,6950
6274,台燿,19,4,15,福勝,2024-03-07,6950
00706L,期元大S＆P日圓正2,15,0,15,福勝,2024-03-07,6950
3207,耀勝,15,0,15,福勝,2024-03-07,6950
4545,銘鈺,15,0,15,福勝,2024-03-07,6950
5210,寶碩,15,0,15,福勝,2024-03-07,6950
9907,統一實,15,0,15,福勝,2024-03-07,6950
2390,云辰,14,0,14,福勝,2024-03-07,6950
6113,亞矽,15,1,14,福勝,2024-03-07,6950
00712,復華富時不動產,123,0,123,福勝,2024-03-08,6950
00919,群益台灣精選高息,256,136,120,福勝,2024-03-08,6950
2365,昆盈,109,5,104,福勝,2024-03-08,6950
3701,大眾控,100,0,100,福勝,2024-03-08,6950
3050,鈺德,100,7,93,福勝,2024-03-08,6950
3481,群創,109,23,86,福勝,2024-03-08,6950
1466,聚隆,75,1,74,福勝,2024-03-08,6950
8930,青鋼,66,0,66,福勝,2024-03-08,6950
1440,南紡,60,0,60,福勝,2024-03-08,6950
2838,聯邦銀,60,0,60,福勝,2024-03-08,6950
3232,昱捷,60,0,60,福勝,2024-03-08,6950
5483,中美晶,62,11,51,福勝,2024-03-08,6950
6742,澤米,50,0,50,福勝,2024-03-08,6950
8105,凌巨,49,0,49,福勝,2024-03-08,6950
00937B,群益ESG投等債20,48,0,48,福勝,2024-03-08,6950
2025,千興,92,52,40,福勝,2024-03-08,6950
2069,運錩,35,0,35,福勝,2024-03-08,6950
3056,富華新,32,0,32,福勝,2024-03-08,6950
2409,友達,158,128,30,福勝,2024-03-08,6950
5452,佶優,35,6,29,福勝,2024-03-08,6950
6122,擎邦,26,0,26,福勝,2024-03-08,6950
2323,中環,46,21,25,福勝,2024-03-08,6950
00891,中信關鍵半導體,50,26,24,福勝,2024-03-08,6950
1312,國喬,23,0,23,福勝,2024-03-08,6950
2356,英業達,53,30,23,福勝,2024-03-08,6950
6125,廣運,30,7,23,福勝,2024-03-08,6950
5488,松普,22,0,22,福勝,2024-03-08,6950
6104,創惟,21,0,21,福勝,2024-03-08,6950
1301,台塑,30,10,20,福勝,2024-03-08,6950
2201,裕隆,21,1,20,福勝,2024-03-08,6950
2449,京元電子,40,20,20,福勝,2024-03-08,6950
6152,百一,20,0,20,福勝,2024-03-08,6950
6190,萬泰科,21,1,20,福勝,2024-03-08,6950
1303,南亞,20,0,20,福勝,2024-03-08,6950
2881,富邦金,50,31,19,福勝,2024-03-08,6950
3450,聯鈞,24,5,19,福勝,2024-03-08,6950
4906,正文,25,6,19,福勝,2024-03-08,6950
00795B,中信美國公債20年,18,0,18,福勝,2024-03-08,6950
5258,虹堡,18,0,18,福勝,2024-03-08,6950
00885,富邦越南,27,10,17,福勝,2024-03-08,6950
1570,力肯,22,5,17,福勝,2024-03-08,6950
3006,晶豪科,19,3,16,福勝,2024-03-08,6950
3171,炎洲流通,16,0,16,福勝,2024-03-08,6950
8110,華東,16,0,16,福勝,2024-03-08,6950
1522,堤維西,16,1,15,福勝,2024-03-08,6950
6505,台塑化,16,1,15,福勝,2024-03-08,6950
1513,中興電,36,21,15,福勝,2024-03-08,6950
2884,玉山金,21,7,14,福勝,2024-03-08,6950
2312,金寶,33,20,13,福勝,2024-03-08,6950
3021,鴻名,13,0,13,福勝,2024-03-08,6950
2838,聯邦銀,120,0,120,福勝,2024-03-11,6950
00918,大華優利高填息30,128,10,118,福勝,2024-03-11,6950
9904,寶成,87,10,77,福勝,2024-03-11,6950
2303,聯電,112,35,77,福勝,2024-03-11,6950
1314,中石化,115,50,65,福勝,2024-03-11,6950
6418,詠昇,65,0,65,福勝,2024-03-11,6950
00919,群益台灣精選高息,65,20,45,福勝,2024-03-11,6950
00632R,元大台灣50反1,85,40,45,福勝,2024-03-11,6950
2472,立隆電,37,0,37,福勝,2024-03-11,6950
2367,燿華,66,29,37,福勝,2024-03-11,6950
3576,聯合再生,37,3,34,福勝,2024-03-11,6950
00715L,期街口布蘭特正2,32,1,31,福勝,2024-03-11,6950
6104,創惟,30,0,30,福勝,2024-03-11,6950
2618,長榮航,59,30,29,福勝,2024-03-11,6950
1312,國喬,28,5,23,福勝,2024-03-11,6950
2610,華航,24,2,22,福勝,2024-03-11,6950
2344,華邦電,29,8,21,福勝,2024-03-11,6950
2014,中鴻,20,0,20,福勝,2024-03-11,6950
2353,宏��,21,1,20,福勝,2024-03-11,6950
3050,鈺德,21,1,20,福勝,2024-03-11,6950
4931,新盛力,20,0,20,福勝,2024-03-11,6950
6488,環球晶,20,1,19,福勝,2024-03-11,6950
00720B,元大投資級公司債,17,0,17,福勝,2024-03-11,6950
6125,廣運,37,20,17,福勝,2024-03-11,6950
2417,圓剛,17,2,15,福勝,2024-03-11,6950
2025,千興,14,0,14,福勝,2024-03-11,6950
3356,奇偶,15,1,14,福勝,2024-03-11,6950
9902,台火,18,4,14,福勝,2024-03-11,6950
2371,大同,13,0,13,福勝,2024-03-11,6950
4513,福裕,13,0,13,福勝,2024-03-11,6950
5272,笙科,13,0,13,福勝,2024-03-11,6950
2399,映泰,12,0,12,福勝,2024-03-11,6950
4545,銘鈺,12,0,12,福勝,2024-03-11,6950
2330,台積電,21,10,11,福勝,2024-03-11,6950
8034,榮群,15,4,11,福勝,2024-03-11,6950
5871,中租-KY,11,0,11,福勝,2024-03-11,6950
00857B,永豐20年美公債,10,0,10,福勝,2024-03-11,6950
1815,富喬,11,1,10,福勝,2024-03-11,6950
2324,仁寶,10,0,10,福勝,2024-03-11,6950
2388,威盛,10,0,10,福勝,2024-03-11,6950
2834,臺企銀,10,0,10,福勝,2024-03-11,6950
3010,華立,10,0,10,福勝,2024-03-11,6950
3027,盛達,10,0,10,福勝,2024-03-11,6950
3372,典範,10,0,10,福勝,2024-03-11,6950
3708,上緯投控,10,0,10,福勝,2024-03-11,6950
5234,達興材料,10,0,10,福勝,2024-03-11,6950
5469,瀚宇博,10,0,10,福勝,2024-03-11,6950
5483,中美晶,12,2,10,福勝,2024-03-11,6950
6016,康和證,10,0,10,福勝,2024-03-11,6950
9802,鈺齊-KY,10,0,10,福勝,2024-03-11,6950
2486,一詮,182,36,146,福勝,2024-03-12,6950
6770,力積電,108,11,97,福勝,2024-03-12,6950
00918,大華優利高填息30,131,45,86,福勝,2024-03-12,6950
2301,光寶科,70,3,67,福勝,2024-03-12,6950
2610,華航,78,12,66,福勝,2024-03-12,6950
5452,佶優,73,25,48,福勝,2024-03-12,6950
2228,劍麟,45,0,45,福勝,2024-03-12,6950
00919,群益台灣精選高息,83,44,39,福勝,2024-03-12,6950
8932,智通*,38,1,37,福勝,2024-03-12,6950
00757,統一FANG+,26,0,26,福勝,2024-03-12,6950
2371,大同,28,4,24,福勝,2024-03-12,6950
3163,波若威,56,32,24,福勝,2024-03-12,6950
3202,樺晟,24,0,24,福勝,2024-03-12,6950
5533,皇鼎,23,0,23,福勝,2024-03-12,6950
1316,上曜,24,2,22,福勝,2024-03-12,6950
5483,中美晶,23,1,22,福勝,2024-03-12,6950
6116,彩晶,22,0,22,福勝,2024-03-12,6950
1721,三晃,20,0,20,福勝,2024-03-12,6950
3694,海華,20,0,20,福勝,2024-03-12,6950
2329,華泰,32,13,19,福勝,2024-03-12,6950
3455,由田,17,0,17,福勝,2024-03-12,6950
2353,宏��,46,29,17,福勝,2024-03-12,6950
00687B,國泰20年美債,25,10,15,福勝,2024-03-12,6950
1471,首利,20,5,15,福勝,2024-03-12,6950
2390,云辰,15,0,15,福勝,2024-03-12,6950
3232,昱捷,14,0,14,福勝,2024-03-12,6950
2543,皇昌,14,0,14,福勝,2024-03-12,6950
00937B,群益ESG投等債20,15,2,13,福勝,2024-03-12,6950
1514,亞力,29,16,13,福勝,2024-03-12,6950
3027,盛達,13,0,13,福勝,2024-03-12,6950
3264,欣銓,13,0,13,福勝,2024-03-12,6950
2313,華通,33,20,13,福勝,2024-03-12,6950
1762,中化生,11,0,11,福勝,2024-03-12,6950
6488,環球晶,12,1,11,福勝,2024-03-12,6950
6668,中揚光,11,0,11,福勝,2024-03-12,6950
9955,佳龍,11,0,11,福勝,2024-03-12,6950
1445,大宇,10,0,10,福勝,2024-03-12,6950
1616,億泰,10,0,10,福勝,2024-03-12,6950
3078,僑威,10,0,10,福勝,2024-03-12,6950
3169,亞信,10,0,10,福勝,2024-03-12,6950
3231,緯創,37,27,10,福勝,2024-03-12,6950
3305,昇貿,10,0,10,福勝,2024-03-12,6950
3624,光頡,10,0,10,福勝,2024-03-12,6950
6213,聯茂,11,1,10,福勝,2024-03-12,6950
9917,中保科,10,0,10,福勝,2024-03-12,6950
2489,瑞軒,10,1,9,福勝,2024-03-12,6950
00934,中信成長高股息,10,1,9,福勝,2024-03-12,6950
1337,再生-KY,9,0,9,福勝,2024-03-12,6950
3081,聯亞,10,1,9,福勝,2024-03-12,6950
4714,永捷,9,0,9,福勝,2024-03-12,6950
2486,一詮,222,9,213,福勝,2024-03-13,6950
1608,華榮,150,28,122,福勝,2024-03-13,6950
3231,緯創,122,33,89,福勝,2024-03-13,6950
00919,群益台灣精選高息,194,124,70,福勝,2024-03-13,6950
2408,南亞科,61,0,61,福勝,2024-03-13,6950
00891,中信關鍵半導體,52,0,52,福勝,2024-03-13,6950
1444,力麗,50,0,50,福勝,2024-03-13,6950
2820,華票,50,0,50,福勝,2024-03-13,6950
8926,台汽電,96,49,47,福勝,2024-03-13,6950
6005,群益證,45,0,45,福勝,2024-03-13,6950
00915,凱基優選高股息30,41,4,37,福勝,2024-03-13,6950
2338,光罩,33,0,33,福勝,2024-03-13,6950
2472,立隆電,34,1,33,福勝,2024-03-13,6950
2611,志信,41,12,29,福勝,2024-03-13,6950
6282,康舒,34,6,28,福勝,2024-03-13,6950
1312,國喬,27,0,27,福勝,2024-03-13,6950
2371,大同,29,2,27,福勝,2024-03-13,6950
6418,詠昇,27,0,27,福勝,2024-03-13,6950
1616,億泰,39,14,25,福勝,2024-03-13,6950
2329,華泰,48,23,25,福勝,2024-03-13,6950
2354,鴻準,87,64,23,福勝,2024-03-13,6950
2506,太設,22,0,22,福勝,2024-03-13,6950
2027,大成鋼,21,0,21,福勝,2024-03-13,6950
00929,復華台灣科技優息,31,10,21,福勝,2024-03-13,6950
8076,伍豐,20,0,20,福勝,2024-03-13,6950
1727,中華化,20,0,20,福勝,2024-03-13,6950
6217,中探針,19,0,19,福勝,2024-03-13,6950
6591,動力-KY,21,3,18,福勝,2024-03-13,6950
00918,大華優利高填息30,56,39,17,福勝,2024-03-13,6950
1529,樂事綠能,20,3,17,福勝,2024-03-13,6950
2069,運錩,19,2,17,福勝,2024-03-13,6950
2014,中鴻,16,0,16,福勝,2024-03-13,6950
2025,千興,16,0,16,福勝,2024-03-13,6950
0056,元大高股息,18,3,15,福勝,2024-03-13,6950
1618,合機,33,20,13,福勝,2024-03-13,6950
3356,奇偶,13,0,13,福勝,2024-03-13,6950
5425,台半,12,0,12,福勝,2024-03-13,6950
2610,華航,18,6,12,福勝,2024-03-13,6950
3264,欣銓,15,3,12,福勝,2024-03-13,6950
1101,台泥,11,0,11,福勝,2024-03-13,6950
2007,燁興,11,0,11,福勝,2024-03-13,6950
3062,建漢,16,5,11,福勝,2024-03-13,6950
3232,昱捷,11,0,11,福勝,2024-03-13,6950
3607,谷崧,11,0,11,福勝,2024-03-13,6950
2368,金像電,14,4,10,福勝,2024-03-13,6950
00700,富邦�琤肭磪�,10,0,10,福勝,2024-03-13,6950
00632R,元大台灣50反1,10,0,10,福勝,2024-03-13,6950
1785,光洋科,10,0,10,福勝,2024-03-13,6950
1805,寶徠,10,0,10,福勝,2024-03-13,6950
2010,春源,10,0,10,福勝,2024-03-13,6950
2618,長榮航,500,100,400,福勝,2024-03-14,6950
00919,群益台灣精選高息,421,53,368,福勝,2024-03-14,6950
00918,大華優利高填息30,148,13,135,福勝,2024-03-14,6950
1609,大亞,399,318,81,福勝,2024-03-14,6950
2356,英業達,88,12,76,福勝,2024-03-14,6950
2888,新光金,73,7,66,福勝,2024-03-14,6950
00915,凱基優選高股息30,59,0,59,福勝,2024-03-14,6950
3045,台灣大,51,0,51,福勝,2024-03-14,6950
3163,波若威,100,50,50,福勝,2024-03-14,6950
3231,緯創,59,12,47,福勝,2024-03-14,6950
0056,元大高股息,43,6,37,福勝,2024-03-14,6950
2344,華邦電,36,1,35,福勝,2024-03-14,6950
00933B,國泰10Y+金融債,34,2,32,福勝,2024-03-14,6950
00891,中信關鍵半導體,30,0,30,福勝,2024-03-14,6950
00673R,期元大S＆P原油反1,30,0,30,福勝,2024-03-14,6950
1503,士電,51,22,29,福勝,2024-03-14,6950
2367,燿華,42,13,29,福勝,2024-03-14,6950
3372,典範,29,0,29,福勝,2024-03-14,6950
2338,光罩,28,0,28,福勝,2024-03-14,6950
2354,鴻準,32,6,26,福勝,2024-03-14,6950
2867,三商壽,25,0,25,福勝,2024-03-14,6950
1529,樂事綠能,22,0,22,福勝,2024-03-14,6950
8926,台汽電,33,11,22,福勝,2024-03-14,6950
00687B,國泰20年美債,20,0,20,福勝,2024-03-14,6950
00882,中信中國高股息,20,0,20,福勝,2024-03-14,6950
1409,新纖,20,0,20,福勝,2024-03-14,6950
1447,力鵬,20,0,20,福勝,2024-03-14,6950
1570,力肯,20,0,20,福勝,2024-03-14,6950
1608,華榮,29,9,20,福勝,2024-03-14,6950
2301,光寶科,22,2,20,福勝,2024-03-14,6950
3128,昇銳,20,0,20,福勝,2024-03-14,6950
6163,華電網,20,0,20,福勝,2024-03-14,6950
8933,愛地雅,20,0,20,福勝,2024-03-14,6950
6139,亞翔,20,2,18,福勝,2024-03-14,6950
3706,神達,30,13,17,福勝,2024-03-14,6950
6217,中探針,16,0,16,福勝,2024-03-14,6950
2316,楠梓電,16,1,15,福勝,2024-03-14,6950
6282,康舒,16,1,15,福勝,2024-03-14,6950
00679B,元大美債20年,13,0,13,福勝,2024-03-14,6950
3702,大聯大,14,2,12,福勝,2024-03-14,6950
2353,宏��,19,8,11,福勝,2024-03-14,6950
2492,華新科,11,0,11,福勝,2024-03-14,6950
6593,台灣銘板,15,4,11,福勝,2024-03-14,6950
3321,同泰,10,0,10,福勝,2024-03-14,6950
00857B,永豐20年美公債,10,0,10,福勝,2024-03-14,6950
00930,永豐ESG低碳高息,10,0,10,福勝,2024-03-14,6950
1445,大宇,10,0,10,福勝,2024-03-14,6950
1708,東鹼,10,0,10,福勝,2024-03-14,6950
1785,光洋科,10,0,10,福勝,2024-03-14,6950
2243,宏旭-KY,10,0,10,福勝,2024-03-14,6950
00941,中信上游半導體,203,0,203,福勝,2024-03-15,6950
00919,群益台灣精選高息,355,177,178,福勝,2024-03-15,6950
2301,光寶科,99,0,99,福勝,2024-03-15,6950
00918,大華優利高填息30,82,1,81,福勝,2024-03-15,6950
2409,友達,83,17,66,福勝,2024-03-15,6950
2603,長榮,71,12,59,福勝,2024-03-15,6950
2832,台產,58,0,58,福勝,2024-03-15,6950
8088,品安,57,0,57,福勝,2024-03-15,6950
1570,力肯,54,0,54,福勝,2024-03-15,6950
00673R,期元大S＆P原油反1,52,0,52,福勝,2024-03-15,6950
9945,潤泰新,50,1,49,福勝,2024-03-15,6950
2801,彰銀,55,8,47,福勝,2024-03-15,6950
2516,新建,43,0,43,福勝,2024-03-15,6950
2367,燿華,59,17,42,福勝,2024-03-15,6950
2609,陽明,54,15,39,福勝,2024-03-15,6950
00937B,群益ESG投等債20,37,0,37,福勝,2024-03-15,6950
2312,金寶,37,0,37,福勝,2024-03-15,6950
2323,中環,71,36,35,福勝,2024-03-15,6950
8105,凌巨,33,1,32,福勝,2024-03-15,6950
2330,台積電,37,5,32,福勝,2024-03-15,6950
6163,華電網,30,1,29,福勝,2024-03-15,6950
4714,永捷,31,6,25,福勝,2024-03-15,6950
3231,緯創,45,20,25,福勝,2024-03-15,6950
3232,昱捷,24,0,24,福勝,2024-03-15,6950
00712,復華富時不動產,23,0,23,福勝,2024-03-15,6950
3163,波若威,24,2,22,福勝,2024-03-15,6950
1815,富喬,20,0,20,福勝,2024-03-15,6950
3694,海華,20,0,20,福勝,2024-03-15,6950
3356,奇偶,20,1,19,福勝,2024-03-15,6950
1513,中興電,32,14,18,福勝,2024-03-15,6950
2243,宏旭-KY,17,0,17,福勝,2024-03-15,6950
2889,國票金,16,0,16,福勝,2024-03-15,6950
00931B,統一美債20年,16,0,16,福勝,2024-03-15,6950
00907,永豐優息存股,15,0,15,福勝,2024-03-15,6950
00687B,國泰20年美債,17,3,14,福勝,2024-03-15,6950
2408,南亞科,15,2,13,福勝,2024-03-15,6950
2615,萬海,14,1,13,福勝,2024-03-15,6950
2353,宏��,28,16,12,福勝,2024-03-15,6950
5512,力麒,12,0,12,福勝,2024-03-15,6950
6147,頎邦,13,1,12,福勝,2024-03-15,6950
9907,統一實,12,0,12,福勝,2024-03-15,6950
2883,凱基金,26,14,12,福勝,2024-03-15,6950
2303,聯電,64,53,11,福勝,2024-03-15,6950
3515,華擎,11,0,11,福勝,2024-03-15,6950
6202,盛群,11,0,11,福勝,2024-03-15,6950
8069,元太,12,1,11,福勝,2024-03-15,6950
00936,台新永續高息中小,10,0,10,福勝,2024-03-15,6950
1532,勤美,10,0,10,福勝,2024-03-15,6950
2206,三陽工業,14,4,10,福勝,2024-03-15,6950
2329,華泰,26,16,10,福勝,2024-03-15,6950
8088,品安,126,0,126,福勝,2024-03-18,6950
00673R,期元大S＆P原油反1,100,0,100,福勝,2024-03-18,6950
2344,華邦電,110,26,84,福勝,2024-03-18,6950
2323,中環,104,29,75,福勝,2024-03-18,6950
0056,元大高股息,71,13,58,福勝,2024-03-18,6950
2801,彰銀,60,2,58,福勝,2024-03-18,6950
1101,台泥,55,0,55,福勝,2024-03-18,6950
1313,聯成,50,0,50,福勝,2024-03-18,6950
00937B,群益ESG投等債20,64,18,46,福勝,2024-03-18,6950
2009,第一銅,59,16,43,福勝,2024-03-18,6950
2633,台灣高鐵,40,0,40,福勝,2024-03-18,6950
2405,輔信,37,0,37,福勝,2024-03-18,6950
2409,友達,36,0,36,福勝,2024-03-18,6950
00679B,元大美債20年,24,0,24,福勝,2024-03-18,6950
1532,勤美,24,0,24,福勝,2024-03-18,6950
3037,欣興,43,19,24,福勝,2024-03-18,6950
5469,瀚宇博,24,2,22,福勝,2024-03-18,6950
00929,復華台灣科技優息,46,25,21,福勝,2024-03-18,6950
3294,英濟,24,3,21,福勝,2024-03-18,6950
3481,群創,44,23,21,福勝,2024-03-18,6950
6217,中探針,22,2,20,福勝,2024-03-18,6950
8404,百和興業-KY,20,0,20,福勝,2024-03-18,6950
00941,中信上游半導體,19,0,19,福勝,2024-03-18,6950
00933B,國泰10Y+金融債,19,0,19,福勝,2024-03-18,6950
2886,兆豐金,20,1,19,福勝,2024-03-18,6950
2356,英業達,69,51,18,福勝,2024-03-18,6950
2354,鴻準,28,11,17,福勝,2024-03-18,6950
2352,佳世達,14,0,14,福勝,2024-03-18,6950
4939,亞電,13,0,13,福勝,2024-03-18,6950
00687B,國泰20年美債,13,1,12,福勝,2024-03-18,6950
1570,力肯,12,0,12,福勝,2024-03-18,6950
2867,三商壽,12,0,12,福勝,2024-03-18,6950
6170,統振,12,0,12,福勝,2024-03-18,6950
8213,志超,12,0,12,福勝,2024-03-18,6950
00895,富邦未來車,11,0,11,福勝,2024-03-18,6950
2002,中鋼,11,0,11,福勝,2024-03-18,6950
4532,瑞智,15,4,11,福勝,2024-03-18,6950
3036,文曄,11,1,10,福勝,2024-03-18,6950
00706L,期元大S＆P日圓正2,10,0,10,福勝,2024-03-18,6950
00907,永豐優息存股,10,0,10,福勝,2024-03-18,6950
00918,大華優利高填息30,13,3,10,福勝,2024-03-18,6950
1201,味全,10,0,10,福勝,2024-03-18,6950
2313,華通,17,7,10,福勝,2024-03-18,6950
2530,華建,10,0,10,福勝,2024-03-18,6950
4583,台灣精銳,10,0,10,福勝,2024-03-18,6950
5607,遠雄港,10,0,10,福勝,2024-03-18,6950
8111,立��,10,0,10,福勝,2024-03-18,6950
9945,潤泰新,10,0,10,福勝,2024-03-18,6950
2845,遠東銀,10,0,10,福勝,2024-03-18,6950
2382,廣達,67,58,9,福勝,2024-03-18,6950
1714,和桐,387,0,387,福勝,2024-03-19,6950
2486,一詮,159,2,157,福勝,2024-03-19,6950
8096,擎亞,93,3,90,福勝,2024-03-19,6950
3013,晟銘電,87,0,87,福勝,2024-03-19,6950
5533,皇鼎,84,0,84,福勝,2024-03-19,6950
00891,中信關鍵半導體,81,0,81,福勝,2024-03-19,6950
00919,群益台灣精選高息,79,14,65,福勝,2024-03-19,6950
1605,華新,53,8,45,福勝,2024-03-19,6950
6584,南俊國際,42,2,40,福勝,2024-03-19,6950
0056,元大高股息,40,1,39,福勝,2024-03-19,6950
6414,樺漢,41,2,39,福勝,2024-03-19,6950
2243,宏旭-KY,37,0,37,福勝,2024-03-19,6950
2329,華泰,52,17,35,福勝,2024-03-19,6950
00941,中信上游半導體,40,6,34,福勝,2024-03-19,6950
2880,華南金,34,1,33,福勝,2024-03-19,6950
2888,新光金,35,2,33,福勝,2024-03-19,6950
2382,廣達,64,32,32,福勝,2024-03-19,6950
1722,台肥,31,0,31,福勝,2024-03-19,6950
1514,亞力,38,9,29,福勝,2024-03-19,6950
00937B,群益ESG投等債20,27,0,27,福勝,2024-03-19,6950
2353,宏��,86,59,27,福勝,2024-03-19,6950
3041,揚智,59,37,22,福勝,2024-03-19,6950
2801,彰銀,21,0,21,福勝,2024-03-19,6950
2323,中環,35,14,21,福勝,2024-03-19,6950
2337,旺宏,21,0,21,福勝,2024-03-19,6950
8088,品安,22,1,21,福勝,2024-03-19,6950
00650L,復華香港正2,20,0,20,福勝,2024-03-19,6950
1342,八貫,20,0,20,福勝,2024-03-19,6950
1444,力麗,20,0,20,福勝,2024-03-19,6950
2838,聯邦銀,20,0,20,福勝,2024-03-19,6950
2449,京元電子,24,6,18,福勝,2024-03-19,6950
2641,正德,23,6,17,福勝,2024-03-19,6950
3059,華晶科,25,8,17,福勝,2024-03-19,6950
2356,英業達,44,28,16,福勝,2024-03-19,6950
00712,復華富時不動產,15,0,15,福勝,2024-03-19,6950
3017,奇鋐,17,2,15,福勝,2024-03-19,6950
3363,上詮,14,0,14,福勝,2024-03-19,6950
2002,中鋼,13,0,13,福勝,2024-03-19,6950
8111,立��,13,0,13,福勝,2024-03-19,6950
2884,玉山金,15,3,12,福勝,2024-03-19,6950
00687B,國泰20年美債,12,0,12,福勝,2024-03-19,6950
2515,中工,16,4,12,福勝,2024-03-19,6950
8064,東捷,16,4,12,福勝,2024-03-19,6950
3308,聯德,12,1,11,福勝,2024-03-19,6950
5452,佶優,11,0,11,福勝,2024-03-19,6950
5607,遠雄港,11,0,11,福勝,2024-03-19,6950
2609,陽明,16,5,11,福勝,2024-03-19,6950
00795B,中信美國公債20年,10,0,10,福勝,2024-03-19,6950
00922,國泰台灣領袖50,10,0,10,福勝,2024-03-19,6950
2312,金寶,15,5,10,福勝,2024-03-19,6950
00939,統一台灣高息動能,848,116,732,福勝,2024-03-20,6950
1473,台南,136,0,136,福勝,2024-03-20,6950
2883,凱基金,143,17,126,福勝,2024-03-20,6950
6122,擎邦,96,0,96,福勝,2024-03-20,6950
2356,英業達,118,34,84,福勝,2024-03-20,6950
2609,陽明,71,4,67,福勝,2024-03-20,6950
8096,擎亞,66,0,66,福勝,2024-03-20,6950
2344,華邦電,54,0,54,福勝,2024-03-20,6950
3537,堡達,43,2,41,福勝,2024-03-20,6950
4938,和碩,53,14,39,福勝,2024-03-20,6950
2618,長榮航,56,20,36,福勝,2024-03-20,6950
2354,鴻準,58,23,35,福勝,2024-03-20,6950
2888,新光金,35,0,35,福勝,2024-03-20,6950
1609,大亞,58,26,32,福勝,2024-03-20,6950
00922,國泰台灣領袖50,32,1,31,福勝,2024-03-20,6950
2374,佳能,41,10,31,福勝,2024-03-20,6950
2880,華南金,31,0,31,福勝,2024-03-20,6950
8112,至上,31,0,31,福勝,2024-03-20,6950
9938,百和,32,1,31,福勝,2024-03-20,6950
2303,聯電,85,58,27,福勝,2024-03-20,6950
2352,佳世達,29,3,26,福勝,2024-03-20,6950
8996,高力,38,14,24,福勝,2024-03-20,6950
6139,亞翔,28,5,23,福勝,2024-03-20,6950
6147,頎邦,27,6,21,福勝,2024-03-20,6950
2002,中鋼,20,0,20,福勝,2024-03-20,6950
2484,希華,20,0,20,福勝,2024-03-20,6950
2472,立隆電,23,4,19,福勝,2024-03-20,6950
2801,彰銀,20,1,19,福勝,2024-03-20,6950
2324,仁寶,28,11,17,福勝,2024-03-20,6950
2357,華碩,18,1,17,福勝,2024-03-20,6950
3594,磐儀,21,4,17,福勝,2024-03-20,6950
2345,智邦,16,0,16,福勝,2024-03-20,6950
3231,緯創,74,58,16,福勝,2024-03-20,6950
00632R,元大台灣50反1,15,0,15,福勝,2024-03-20,6950
2313,華通,26,11,15,福勝,2024-03-20,6950
5512,力麒,20,5,15,福勝,2024-03-20,6950
6285,啟��,20,6,14,福勝,2024-03-20,6950
1570,力肯,13,0,13,福勝,2024-03-20,6950
6233,旺玖,13,0,13,福勝,2024-03-20,6950
9907,統一實,15,2,13,福勝,2024-03-20,6950
1504,東元,27,15,12,福勝,2024-03-20,6950
2611,志信,15,3,12,福勝,2024-03-20,6950
5438,東友,12,0,12,福勝,2024-03-20,6950
6292,迅德,15,3,12,福勝,2024-03-20,6950
8011,台通,15,3,12,福勝,2024-03-20,6950
3481,群創,20,9,11,福勝,2024-03-20,6950
00907,永豐優息存股,11,0,11,福勝,2024-03-20,6950
1312,國喬,11,0,11,福勝,2024-03-20,6950
1466,聚隆,12,1,11,福勝,2024-03-20,6950
2371,大同,15,4,11,福勝,2024-03-20,6950
00632R,元大台灣50反1,830,0,830,福勝,2024-03-21,6950
00939,統一台灣高息動能,274,49,225,福勝,2024-03-21,6950
8088,品安,98,0,98,福勝,2024-03-21,6950
3325,旭品,81,0,81,福勝,2024-03-21,6950
2323,中環,118,45,73,福勝,2024-03-21,6950
2548,華固,54,1,53,福勝,2024-03-21,6950
9958,世紀鋼,35,2,33,福勝,2024-03-21,6950
1342,八貫,31,0,31,福勝,2024-03-21,6950
2316,楠梓電,31,0,31,福勝,2024-03-21,6950
00857B,永豐20年美公債,25,0,25,福勝,2024-03-21,6950
00633L,富邦上証正2,25,0,25,福勝,2024-03-21,6950
2365,昆盈,26,1,25,福勝,2024-03-21,6950
3363,上詮,45,20,25,福勝,2024-03-21,6950
1815,富喬,25,0,25,福勝,2024-03-21,6950
2327,國巨,23,1,22,福勝,2024-03-21,6950
6122,擎邦,22,0,22,福勝,2024-03-21,6950
8096,擎亞,27,5,22,福勝,2024-03-21,6950
00919,群益台灣精選高息,103,81,22,福勝,2024-03-21,6950
1532,勤美,21,0,21,福勝,2024-03-21,6950
2834,臺企銀,21,0,21,福勝,2024-03-21,6950
00679B,元大美債20年,24,5,19,福勝,2024-03-21,6950
3615,安可,19,0,19,福勝,2024-03-21,6950
1529,樂事綠能,20,2,18,福勝,2024-03-21,6950
3232,昱捷,18,0,18,福勝,2024-03-21,6950
6443,元晶,30,13,17,福勝,2024-03-21,6950
2329,華泰,19,4,15,福勝,2024-03-21,6950
1314,中石化,15,0,15,福勝,2024-03-21,6950
3044,健鼎,15,0,15,福勝,2024-03-21,6950
8933,愛地雅,15,0,15,福勝,2024-03-21,6950
6147,頎邦,14,0,14,福勝,2024-03-21,6950
6191,精成科,14,2,12,福勝,2024-03-21,6950
2206,三陽工業,63,52,11,福勝,2024-03-21,6950
6207,雷科,13,2,11,福勝,2024-03-21,6950
2208,台船,12,1,11,福勝,2024-03-21,6950
2618,長榮航,14,3,11,福勝,2024-03-21,6950
6274,台燿,13,2,11,福勝,2024-03-21,6950
00920,富邦ESG綠色電力,10,0,10,福勝,2024-03-21,6950
00664R,國泰臺灣加權反1,10,0,10,福勝,2024-03-21,6950
2305,全友,10,0,10,福勝,2024-03-21,6950
2454,聯發科,17,7,10,福勝,2024-03-21,6950
2484,希華,10,0,10,福勝,2024-03-21,6950
3594,磐儀,16,6,10,福勝,2024-03-21,6950
4554,橙的,10,0,10,福勝,2024-03-21,6950
5512,力麒,10,0,10,福勝,2024-03-21,6950
6005,群益證,10,0,10,福勝,2024-03-21,6950
6016,康和證,10,0,10,福勝,2024-03-21,6950
6670,復盛應用,10,0,10,福勝,2024-03-21,6950
00687B,國泰20年美債,9,0,9,福勝,2024-03-21,6950
3006,晶豪科,9,0,9,福勝,2024-03-21,6950
5381,合正,9,0,9,福勝,2024-03-21,6950
2323,中環,652,80,572,福勝,2024-03-22,6950
00939,統一台灣高息動能,192,54,138,福勝,2024-03-22,6950
5512,力麒,131,2,129,福勝,2024-03-22,6950
2382,廣達,139,25,114,福勝,2024-03-22,6950
5864,致和證,100,4,96,福勝,2024-03-22,6950
6443,元晶,105,11,94,福勝,2024-03-22,6950
00919,群益台灣精選高息,163,75,88,福勝,2024-03-22,6950
2353,宏��,113,40,73,福勝,2024-03-22,6950
1612,宏泰,60,9,51,福勝,2024-03-22,6950
3325,旭品,50,2,48,福勝,2024-03-22,6950
3481,群創,53,25,28,福勝,2024-03-22,6950
00753L,中信中國50正2,28,0,28,福勝,2024-03-22,6950
8088,品安,29,1,28,福勝,2024-03-22,6950
1504,東元,34,8,26,福勝,2024-03-22,6950
5469,瀚宇博,31,5,26,福勝,2024-03-22,6950
1314,中石化,30,5,25,福勝,2024-03-22,6950
1513,中興電,35,14,21,福勝,2024-03-22,6950
1618,合機,25,7,18,福勝,2024-03-22,6950
2344,華邦電,23,5,18,福勝,2024-03-22,6950
2354,鴻準,40,22,18,福勝,2024-03-22,6950
00918,大華優利高填息30,17,0,17,福勝,2024-03-22,6950
2371,大同,21,4,17,福勝,2024-03-22,6950
3028,增你強,17,0,17,福勝,2024-03-22,6950
2301,光寶科,53,37,16,福勝,2024-03-22,6950
1608,華榮,22,7,15,福勝,2024-03-22,6950
3030,德律,15,0,15,福勝,2024-03-22,6950
3363,上詮,17,2,15,福勝,2024-03-22,6950
5315,光聯,15,0,15,福勝,2024-03-22,6950
3437,榮創,14,0,14,福勝,2024-03-22,6950
1101,台泥,13,0,13,福勝,2024-03-22,6950
00688L,國泰20年美債正2,13,0,13,福勝,2024-03-22,6950
2329,華泰,22,9,13,福勝,2024-03-22,6950
2352,佳世達,15,2,13,福勝,2024-03-22,6950
2603,長榮,15,2,13,福勝,2024-03-22,6950
3033,威健,14,1,13,福勝,2024-03-22,6950
3047,訊舟,13,0,13,福勝,2024-03-22,6950
4714,永捷,15,2,13,福勝,2024-03-22,6950
8163,達方,15,2,13,福勝,2024-03-22,6950
2486,一詮,39,27,12,福勝,2024-03-22,6950
4953,緯軟,12,0,12,福勝,2024-03-22,6950
00632R,元大台灣50反1,15,4,11,福勝,2024-03-22,6950
2236,百達-KY,26,15,11,福勝,2024-03-22,6950
6266,泰詠,11,0,11,福勝,2024-03-22,6950
6477,安集,14,3,11,福勝,2024-03-22,6950
8936,國統,16,5,11,福勝,2024-03-22,6950
2489,瑞軒,11,0,11,福勝,2024-03-22,6950
00650L,復華香港正2,11,0,11,福勝,2024-03-22,6950
00665L,富邦�琤肭磪囓�2,10,0,10,福勝,2024-03-22,6950
00687B,國泰20年美債,10,0,10,福勝,2024-03-22,6950
00915,凱基優選高股息30,10,0,10,福勝,2024-03-22,6950
2356,英業達,161,60,101,福勝,2024-03-25,6950
1734,杏輝,100,0,100,福勝,2024-03-25,6950
2820,華票,70,0,70,福勝,2024-03-25,6950
2303,聯電,85,17,68,福勝,2024-03-25,6950
00939,統一台灣高息動能,108,41,67,福勝,2024-03-25,6950
2301,光寶科,63,4,59,福勝,2024-03-25,6950
3048,益登,50,0,50,福勝,2024-03-25,6950
1409,新纖,46,0,46,福勝,2024-03-25,6950
2611,志信,41,0,41,福勝,2024-03-25,6950
3363,上詮,40,1,39,福勝,2024-03-25,6950
8112,至上,36,2,34,福勝,2024-03-25,6950
00937B,群益ESG投等債20,33,0,33,福勝,2024-03-25,6950
1101,台泥,32,0,32,福勝,2024-03-25,6950
2543,皇昌,34,3,31,福勝,2024-03-25,6950
00686R,群益臺灣加權反1,30,0,30,福勝,2024-03-25,6950
00941,中信上游半導體,56,26,30,福勝,2024-03-25,6950
6443,元晶,30,4,26,福勝,2024-03-25,6950
4526,東台,25,0,25,福勝,2024-03-25,6950
00893,國泰智能電動車,20,0,20,福勝,2024-03-25,6950
00632R,元大台灣50反1,20,0,20,福勝,2024-03-25,6950
1440,南紡,20,0,20,福勝,2024-03-25,6950
3276,宇環,20,0,20,福勝,2024-03-25,6950
4532,瑞智,20,0,20,福勝,2024-03-25,6950
1314,中石化,20,0,20,福勝,2024-03-25,6950
2887,台新金,20,0,20,福勝,2024-03-25,6950
2501,國建,20,2,18,福勝,2024-03-25,6950
6188,廣明,23,5,18,福勝,2024-03-25,6950
5512,力麒,22,5,17,福勝,2024-03-25,6950
2382,廣達,17,3,14,福勝,2024-03-25,6950
00687B,國泰20年美債,12,0,12,福勝,2024-03-25,6950
3706,神達,30,18,12,福勝,2024-03-25,6950
6282,康舒,16,5,11,福勝,2024-03-25,6950
2376,技嘉,12,1,11,福勝,2024-03-25,6950
1301,台塑,12,1,11,福勝,2024-03-25,6950
1717,長興,11,0,11,福勝,2024-03-25,6950
2867,三商壽,11,0,11,福勝,2024-03-25,6950
3059,華晶科,20,9,11,福勝,2024-03-25,6950
3264,欣銓,17,6,11,福勝,2024-03-25,6950
6806,森崴能源,14,3,11,福勝,2024-03-25,6950
1732,毛寶,10,0,10,福勝,2024-03-25,6950
2889,國票金,10,0,10,福勝,2024-03-25,6950
3131,弘塑,10,0,10,福勝,2024-03-25,6950
4755,三福化,11,1,10,福勝,2024-03-25,6950
4770,上品,10,0,10,福勝,2024-03-25,6950
5009,榮剛,10,0,10,福勝,2024-03-25,6950
8933,愛地雅,10,0,10,福勝,2024-03-25,6950
2884,玉山金,9,0,9,福勝,2024-03-25,6950
00929,復華台灣科技優息,70,61,9,福勝,2024-03-25,6950
1611,中電,10,1,9,福勝,2024-03-25,6950
2449,京元電子,13,4,9,福勝,2024-03-25,6950
00939,統一台灣高息動能,289,16,273,福勝,2024-03-26,6950
0056,元大高股息,171,4,167,福勝,2024-03-26,6950
2371,大同,262,99,163,福勝,2024-03-26,6950
2317,鴻海,193,38,155,福勝,2024-03-26,6950
2889,國票金,111,1,110,福勝,2024-03-26,6950
6770,力積電,105,4,101,福勝,2024-03-26,6950
3363,上詮,102,3,99,福勝,2024-03-26,6950
6179,亞通,84,13,71,福勝,2024-03-26,6950
2303,聯電,65,12,53,福勝,2024-03-26,6950
2356,英業達,88,35,53,福勝,2024-03-26,6950
3033,威健,53,1,52,福勝,2024-03-26,6950
2344,華邦電,60,15,45,福勝,2024-03-26,6950
00941,中信上游半導體,61,21,40,福勝,2024-03-26,6950
2887,台新金,37,0,37,福勝,2024-03-26,6950
2431,聯昌,37,0,37,福勝,2024-03-26,6950
2329,華泰,57,23,34,福勝,2024-03-26,6950
2609,陽明,50,17,33,福勝,2024-03-26,6950
3265,台星科,33,0,33,福勝,2024-03-26,6950
6217,中探針,30,0,30,福勝,2024-03-26,6950
1528,恩德,27,0,27,福勝,2024-03-26,6950
3321,同泰,26,0,26,福勝,2024-03-26,6950
1612,宏泰,28,5,23,福勝,2024-03-26,6950
2367,燿華,28,5,23,福勝,2024-03-26,6950
9958,世紀鋼,25,2,23,福勝,2024-03-26,6950
1616,億泰,27,6,21,福勝,2024-03-26,6950
00882,中信中國高股息,20,0,20,福勝,2024-03-26,6950
1444,力麗,20,0,20,福勝,2024-03-26,6950
1582,信錦,20,0,20,福勝,2024-03-26,6950
3564,其陽,20,0,20,福勝,2024-03-26,6950
4306,炎洲,20,0,20,福勝,2024-03-26,6950
5452,佶優,21,1,20,福勝,2024-03-26,6950
3312,弘憶股,49,31,18,福勝,2024-03-26,6950
6125,廣運,27,10,17,福勝,2024-03-26,6950
8096,擎亞,25,8,17,福勝,2024-03-26,6950
1532,勤美,16,0,16,福勝,2024-03-26,6950
2816,旺旺保,15,0,15,福勝,2024-03-26,6950
3059,華晶科,26,12,14,福勝,2024-03-26,6950
5608,四維航,14,0,14,福勝,2024-03-26,6950
6215,和椿,14,0,14,福勝,2024-03-26,6950
3714,富采,11,0,11,福勝,2024-03-26,6950
8105,凌巨,11,0,11,福勝,2024-03-26,6950
4938,和碩,21,10,11,福勝,2024-03-26,6950
2352,佳世達,10,0,10,福勝,2024-03-26,6950
1440,南紡,30,20,10,福勝,2024-03-26,6950
2070,精湛,10,0,10,福勝,2024-03-26,6950
2208,台船,11,1,10,福勝,2024-03-26,6950
2324,仁寶,15,5,10,福勝,2024-03-26,6950
3041,揚智,11,1,10,福勝,2024-03-26,6950
3211,順達,10,0,10,福勝,2024-03-26,6950
3232,昱捷,10,0,10,福勝,2024-03-26,6950
2371,大同,477,39,438,福勝,2024-03-27,6950
5864,致和證,93,0,93,福勝,2024-03-27,6950
3059,華晶科,46,1,45,福勝,2024-03-27,6950
3264,欣銓,40,5,35,福勝,2024-03-27,6950
2301,光寶科,33,2,31,福勝,2024-03-27,6950
2408,南亞科,31,2,29,福勝,2024-03-27,6950
1532,勤美,27,0,27,福勝,2024-03-27,6950
2409,友達,61,35,26,福勝,2024-03-27,6950
2464,盟立,35,10,25,福勝,2024-03-27,6950
00939,統一台灣高息動能,25,3,22,福勝,2024-03-27,6950
3231,緯創,38,17,21,福勝,2024-03-27,6950
6782,視陽,21,0,21,福勝,2024-03-27,6950
2324,仁寶,24,4,20,福勝,2024-03-27,6950
4402,郡都開發,20,0,20,福勝,2024-03-27,6950
1414,東和,20,0,20,福勝,2024-03-27,6950
2208,台船,20,2,18,福勝,2024-03-27,6950
6234,高僑,23,5,18,福勝,2024-03-27,6950
6443,元晶,18,1,17,福勝,2024-03-27,6950
8011,台通,19,3,16,福勝,2024-03-27,6950
1316,上曜,16,2,14,福勝,2024-03-27,6950
1616,億泰,19,5,14,福勝,2024-03-27,6950
2465,麗臺,13,0,13,福勝,2024-03-27,6950
6139,亞翔,15,2,13,福勝,2024-03-27,6950
6215,和椿,13,0,13,福勝,2024-03-27,6950
00919,群益台灣精選高息,29,17,12,福勝,2024-03-27,6950
2615,萬海,11,0,11,福勝,2024-03-27,6950
00642U,期元大S＆P石油,10,0,10,福勝,2024-03-27,6950
00687B,國泰20年美債,10,0,10,福勝,2024-03-27,6950
00632R,元大台灣50反1,10,0,10,福勝,2024-03-27,6950
00882,中信中國高股息,10,0,10,福勝,2024-03-27,6950
1444,力麗,10,0,10,福勝,2024-03-27,6950
2337,旺宏,10,0,10,福勝,2024-03-27,6950
3498,陽程,10,0,10,福勝,2024-03-27,6950
6226,光鼎,10,0,10,福勝,2024-03-27,6950
6505,台塑化,10,0,10,福勝,2024-03-27,6950
6770,力積電,10,0,10,福勝,2024-03-27,6950
8069,元太,10,0,10,福勝,2024-03-27,6950
8088,品安,10,0,10,福勝,2024-03-27,6950
6274,台燿,15,5,10,福勝,2024-03-27,6950
00941,中信上游半導體,11,2,9,福勝,2024-03-27,6950
4743,合一,11,2,9,福勝,2024-03-27,6950
2887,台新金,9,1,8,福勝,2024-03-27,6950
1319,東陽,11,3,8,福勝,2024-03-27,6950
1524,耿鼎,8,0,8,福勝,2024-03-27,6950
1907,永豐餘,11,3,8,福勝,2024-03-27,6950
8105,凌巨,10,2,8,福勝,2024-03-27,6950
3706,神達,36,28,8,福勝,2024-03-27,6950
00922,國泰台灣領袖50,7,0,7,福勝,2024-03-27,6950
1605,華新,12,5,7,福勝,2024-03-27,6950
2331,精英,10,3,7,福勝,2024-03-27,6950
2356,英業達,195,19,176,福勝,2024-03-28,6950
6213,聯茂,154,18,136,福勝,2024-03-28,6950
6770,力積電,121,9,112,福勝,2024-03-28,6950
2809,京城銀,90,0,90,福勝,2024-03-28,6950
3706,神達,101,32,69,福勝,2024-03-28,6950
0056,元大高股息,66,1,65,福勝,2024-03-28,6950
00929,復華台灣科技優息,110,51,59,福勝,2024-03-28,6950
2888,新光金,55,0,55,福勝,2024-03-28,6950
3062,建漢,103,48,55,福勝,2024-03-28,6950
00919,群益台灣精選高息,68,18,50,福勝,2024-03-28,6950
00939,統一台灣高息動能,43,0,43,福勝,2024-03-28,6950
2883,凱基金,62,20,42,福勝,2024-03-28,6950
2431,聯昌,35,0,35,福勝,2024-03-28,6950
6188,廣明,33,1,32,福勝,2024-03-28,6950
2880,華南金,30,0,30,福勝,2024-03-28,6950
3710,連展投控,30,0,30,福勝,2024-03-28,6950
4572,駐龍,30,0,30,福勝,2024-03-28,6950
5515,建國,32,2,30,福勝,2024-03-28,6950
00878,國泰永續高股息,61,31,30,福勝,2024-03-28,6950
2354,鴻準,98,70,28,福勝,2024-03-28,6950
6248,沛波,27,0,27,福勝,2024-03-28,6950
2618,長榮航,44,18,26,福勝,2024-03-28,6950
9907,統一實,25,0,25,福勝,2024-03-28,6950
1608,華榮,40,15,25,福勝,2024-03-28,6950
00937B,群益ESG投等債20,23,1,22,福勝,2024-03-28,6950
2506,太設,25,4,21,福勝,2024-03-28,6950
3537,堡達,21,0,21,福勝,2024-03-28,6950
1609,大亞,35,15,20,福勝,2024-03-28,6950
1110,東泥,20,0,20,福勝,2024-03-28,6950
00922,國泰台灣領袖50,17,0,17,福勝,2024-03-28,6950
00882,中信中國高股息,22,5,17,福勝,2024-03-28,6950
6179,亞通,17,0,17,福勝,2024-03-28,6950
2301,光寶科,22,5,17,福勝,2024-03-28,6950
3005,神基,21,4,17,福勝,2024-03-28,6950
00652,富邦印度,17,1,16,福勝,2024-03-28,6950
1603,華電,33,17,16,福勝,2024-03-28,6950
1314,中石化,15,0,15,福勝,2024-03-28,6950
1905,華紙,20,5,15,福勝,2024-03-28,6950
2002,中鋼,15,0,15,福勝,2024-03-28,6950
6789,采鈺,15,0,15,福勝,2024-03-28,6950
8088,品安,15,0,15,福勝,2024-03-28,6950
8033,雷虎,16,3,13,福勝,2024-03-28,6950
6782,視陽,13,0,13,福勝,2024-03-28,6950
2867,三商壽,12,0,12,福勝,2024-03-28,6950
3231,緯創,44,32,12,福勝,2024-03-28,6950
5483,中美晶,14,3,11,福勝,2024-03-28,6950
1219,福壽,11,0,11,福勝,2024-03-28,6950
2337,旺宏,11,0,11,福勝,2024-03-28,6950
4510,高鋒,11,0,11,福勝,2024-03-28,6950
5469,瀚宇博,15,4,11,福勝,2024-03-28,6950
2317,鴻海,246,101,145,福勝,2024-03-29,6950
00673R,期元大S＆P原油反1,100,0,100,福勝,2024-03-29,6950
9955,佳龍,80,1,79,福勝,2024-03-29,6950
2881,富邦金,65,10,55,福勝,2024-03-29,6950
2409,友達,54,0,54,福勝,2024-03-29,6950
2613,中櫃,48,0,48,福勝,2024-03-29,6950
2328,廣宇,39,3,36,福勝,2024-03-29,6950
2313,華通,47,12,35,福勝,2024-03-29,6950
2905,三商,35,0,35,福勝,2024-03-29,6950
00919,群益台灣精選高息,34,0,34,福勝,2024-03-29,6950
2324,仁寶,55,23,32,福勝,2024-03-29,6950
8110,華東,46,16,30,福勝,2024-03-29,6950
2303,聯電,72,45,27,福勝,2024-03-29,6950
00929,復華台灣科技優息,41,15,26,福勝,2024-03-29,6950
00939,統一台灣高息動能,36,16,20,福勝,2024-03-29,6950
00904,新光臺灣半導體30,20,0,20,福勝,2024-03-29,6950
1528,恩德,20,0,20,福勝,2024-03-29,6950
1609,大亞,27,7,20,福勝,2024-03-29,6950
1718,中纖,20,0,20,福勝,2024-03-29,6950
3363,上詮,20,0,20,福勝,2024-03-29,6950
3372,典範,20,0,20,福勝,2024-03-29,6950
9907,統一實,20,0,20,福勝,2024-03-29,6950
3013,晟銘電,25,6,19,福勝,2024-03-29,6950
6584,南俊國際,20,1,19,福勝,2024-03-29,6950
00679B,元大美債20年,20,2,18,福勝,2024-03-29,6950
6282,康舒,21,3,18,福勝,2024-03-29,6950
3617,碩天,18,1,17,福勝,2024-03-29,6950
6126,信音,21,4,17,福勝,2024-03-29,6950
2353,宏��,35,20,15,福勝,2024-03-29,6950
2371,大同,29,14,15,福勝,2024-03-29,6950
00900,富邦特選高股息30,13,0,13,福勝,2024-03-29,6950
0056,元大高股息,12,0,12,福勝,2024-03-29,6950
1618,合機,12,0,12,福勝,2024-03-29,6950
2395,研華,12,0,12,福勝,2024-03-29,6950
2883,凱基金,27,15,12,福勝,2024-03-29,6950
3042,晶技,13,1,12,福勝,2024-03-29,6950
2301,光寶科,21,9,12,福勝,2024-03-29,6950
1312,國喬,11,0,11,福勝,2024-03-29,6950
2376,技嘉,14,3,11,福勝,2024-03-29,6950
2887,台新金,21,10,11,福勝,2024-03-29,6950
3149,正達,11,0,11,福勝,2024-03-29,6950
3264,欣銓,14,3,11,福勝,2024-03-29,6950
3701,大眾控,11,0,11,福勝,2024-03-29,6950
6113,亞矽,11,0,11,福勝,2024-03-29,6950
8936,國統,12,1,11,福勝,2024-03-29,6950
2634,漢翔,12,1,11,福勝,2024-03-29,6950
00934,中信成長高股息,11,1,10,福勝,2024-03-29,6950
2431,聯昌,10,0,10,福勝,2024-03-29,6950
3313,斐成,10,0,10,福勝,2024-03-29,6950
4562,穎漢,10,0,10,福勝,2024-03-29,6950
00940,元大台灣價值高息,895,69,826,福勝,2024-04-01,6950
2356,英業達,116,34,82,福勝,2024-04-01,6950
6227,茂綸,59,1,58,福勝,2024-04-01,6950
00939,統一台灣高息動能,57,3,54,福勝,2024-04-01,6950
2327,國巨,64,13,51,福勝,2024-04-01,6950
5469,瀚宇博,49,3,46,福勝,2024-04-01,6950
2009,第一銅,48,5,43,福勝,2024-04-01,6950
00680L,元大美債20正2,39,0,39,福勝,2024-04-01,6950
1609,大亞,46,8,38,福勝,2024-04-01,6950
9955,佳龍,40,2,38,福勝,2024-04-01,6950
3231,緯創,43,15,28,福勝,2024-04-01,6950
6782,視陽,27,0,27,福勝,2024-04-01,6950
2303,聯電,41,15,26,福勝,2024-04-01,6950
00929,復華台灣科技優息,32,10,22,福勝,2024-04-01,6950
4938,和碩,25,3,22,福勝,2024-04-01,6950
8096,擎亞,36,14,22,福勝,2024-04-01,6950
9958,世紀鋼,23,2,21,福勝,2024-04-01,6950
1513,中興電,26,7,19,福勝,2024-04-01,6950
2354,鴻準,25,6,19,福勝,2024-04-01,6950
2534,宏盛,20,1,19,福勝,2024-04-01,6950
2603,長榮,23,5,18,福勝,2024-04-01,6950
00941,中信上游半導體,21,7,14,福勝,2024-04-01,6950
3702,大聯大,16,3,13,福勝,2024-04-01,6950
6163,華電網,13,0,13,福勝,2024-04-01,6950
3715,定穎投控,22,10,12,福勝,2024-04-01,6950
5512,力麒,12,0,12,福勝,2024-04-01,6950
6695,芯鼎,14,3,11,福勝,2024-04-01,6950
2352,佳世達,11,1,10,福勝,2024-04-01,6950
00795B,中信美國公債20年,10,0,10,福勝,2024-04-01,6950
00919,群益台灣精選高息,46,36,10,福勝,2024-04-01,6950
00918,大華優利高填息30,10,0,10,福勝,2024-04-01,6950
2031,新光鋼,10,0,10,福勝,2024-04-01,6950
3048,益登,10,0,10,福勝,2024-04-01,6950
3617,碩天,10,0,10,福勝,2024-04-01,6950
6196,帆宣,11,1,10,福勝,2024-04-01,6950
8464,億豐,10,0,10,福勝,2024-04-01,6950
9907,統一實,10,0,10,福勝,2024-04-01,6950
2891,中信金,9,0,9,福勝,2024-04-01,6950
3005,神基,10,1,9,福勝,2024-04-01,6950
4303,信立,27,18,9,福勝,2024-04-01,6950
2449,京元電子,10,1,9,福勝,2024-04-01,6950
3711,日月光投控,10,2,8,福勝,2024-04-01,6950
1806,冠軍,8,0,8,福勝,2024-04-01,6950
8034,榮群,8,0,8,福勝,2024-04-01,6950
3052,夆典,8,0,8,福勝,2024-04-01,6950
1227,佳格,10,3,7,福勝,2024-04-01,6950
1618,合機,8,1,7,福勝,2024-04-01,6950
3036,文曄,7,0,7,福勝,2024-04-01,6950
6125,廣運,8,1,7,福勝,2024-04-01,6950
2547,日勝生,6,0,6,福勝,2024-04-01,6950
00940,元大台灣價值高息,335,31,304,福勝,2024-04-02,6950
00919,群益台灣精選高息,117,2,115,福勝,2024-04-02,6950
5469,瀚宇博,85,5,80,福勝,2024-04-02,6950
00929,復華台灣科技優息,84,8,76,福勝,2024-04-02,6950
3231,緯創,95,24,71,福勝,2024-04-02,6950
6548,長科*,61,1,60,福勝,2024-04-02,6950
00720B,元大投資級公司債,52,0,52,福勝,2024-04-02,6950
3363,上詮,52,0,52,福勝,2024-04-02,6950
1718,中纖,50,0,50,福勝,2024-04-02,6950
5512,力麒,40,0,40,福勝,2024-04-02,6950
5603,陸海,40,0,40,福勝,2024-04-02,6950
2492,華新科,45,6,39,福勝,2024-04-02,6950
2371,大同,89,58,31,福勝,2024-04-02,6950
2887,台新金,30,0,30,福勝,2024-04-02,6950
5533,皇鼎,30,0,30,福勝,2024-04-02,6950
2881,富邦金,40,10,30,福勝,2024-04-02,6950
1609,大亞,47,19,28,福勝,2024-04-02,6950
1603,華電,30,3,27,福勝,2024-04-02,6950
2324,仁寶,29,2,27,福勝,2024-04-02,6950
1707,葡萄王,26,0,26,福勝,2024-04-02,6950
6125,廣運,27,2,25,福勝,2024-04-02,6950
2367,燿華,26,1,25,福勝,2024-04-02,6950
2486,一詮,47,26,21,福勝,2024-04-02,6950
00687B,國泰20年美債,21,0,21,福勝,2024-04-02,6950
00937B,群益ESG投等債20,20,0,20,福勝,2024-04-02,6950
00857B,永豐20年美公債,20,0,20,福勝,2024-04-02,6950
1515,力山,20,0,20,福勝,2024-04-02,6950
2312,金寶,20,0,20,福勝,2024-04-02,6950
2615,萬海,20,0,20,福勝,2024-04-02,6950
4770,上品,20,0,20,福勝,2024-04-02,6950
4533,協易機,18,1,17,福勝,2024-04-02,6950
3059,華晶科,45,29,16,福勝,2024-04-02,6950
2301,光寶科,23,7,16,福勝,2024-04-02,6950
2603,長榮,19,4,15,福勝,2024-04-02,6950
6120,達運,19,5,14,福勝,2024-04-02,6950
00679B,元大美債20年,13,0,13,福勝,2024-04-02,6950
00882,中信中國高股息,14,1,13,福勝,2024-04-02,6950
2408,南亞科,15,3,12,福勝,2024-04-02,6950
2317,鴻海,103,92,11,福勝,2024-04-02,6950
2359,所羅門,11,0,11,福勝,2024-04-02,6950
3703,欣陸,11,0,11,福勝,2024-04-02,6950
5285,界霖,11,0,11,福勝,2024-04-02,6950
1301,台塑,10,0,10,福勝,2024-04-02,6950
2302,麗正,10,0,10,福勝,2024-04-02,6950
3033,威健,10,0,10,福勝,2024-04-02,6950
3483,力致,11,1,10,福勝,2024-04-02,6950
4755,三福化,10,0,10,福勝,2024-04-02,6950
9105,泰金寶-DR,10,0,10,福勝,2024-04-02,6950
9934,成霖,10,0,10,福勝,2024-04-02,6950
2327,國巨,10,1,9,福勝,2024-04-02,6950
3587,閎康,124,0,124,福勝,2024-04-03,6950
5521,工信,123,0,123,福勝,2024-04-03,6950
6122,擎邦,119,0,119,福勝,2024-04-03,6950
00940,元大台灣價值高息,149,32,117,福勝,2024-04-03,6950
2882,國泰金,110,1,109,福勝,2024-04-03,6950
9907,統一實,100,0,100,福勝,2024-04-03,6950
2538,基泰,90,0,90,福勝,2024-04-03,6950
2892,第一金,69,0,69,福勝,2024-04-03,6950
1570,力肯,70,2,68,福勝,2024-04-03,6950
2317,鴻海,139,74,65,福勝,2024-04-03,6950
00680L,元大美債20正2,59,0,59,福勝,2024-04-03,6950
4526,東台,57,1,56,福勝,2024-04-03,6950
2371,大同,60,6,54,福勝,2024-04-03,6950
2405,輔信,55,1,54,福勝,2024-04-03,6950
2409,友達,53,0,53,福勝,2024-04-03,6950
2369,菱生,50,0,50,福勝,2024-04-03,6950
6770,力積電,53,3,50,福勝,2024-04-03,6950
3041,揚智,50,10,40,福勝,2024-04-03,6950
4714,永捷,40,0,40,福勝,2024-04-03,6950
2486,一詮,53,15,38,福勝,2024-04-03,6950
6120,達運,89,52,37,福勝,2024-04-03,6950
4533,協易機,38,2,36,福勝,2024-04-03,6950
2352,佳世達,35,0,35,福勝,2024-04-03,6950
2431,聯昌,35,0,35,福勝,2024-04-03,6950
2344,華邦電,34,0,34,福勝,2024-04-03,6950
2801,彰銀,32,0,32,福勝,2024-04-03,6950
1617,榮星,31,0,31,福勝,2024-04-03,6950
3027,盛達,31,0,31,福勝,2024-04-03,6950
1101,台泥,33,3,30,福勝,2024-04-03,6950
2515,中工,61,32,29,福勝,2024-04-03,6950
4958,臻鼎-KY,31,2,29,福勝,2024-04-03,6950
00733,富邦臺灣中小,28,0,28,福勝,2024-04-03,6950
00941,中信上游半導體,27,0,27,福勝,2024-04-03,6950
00687B,國泰20年美債,25,0,25,福勝,2024-04-03,6950
3481,群創,34,9,25,福勝,2024-04-03,6950
4572,駐龍,24,0,24,福勝,2024-04-03,6950
00937B,群益ESG投等債20,21,0,21,福勝,2024-04-03,6950
1727,中華化,21,0,21,福勝,2024-04-03,6950
2066,世德,22,1,21,福勝,2024-04-03,6950
2618,長榮航,43,22,21,福勝,2024-04-03,6950
8111,立��,25,4,21,福勝,2024-04-03,6950
00673R,期元大S＆P原油反1,20,0,20,福勝,2024-04-03,6950
1526,日馳,20,0,20,福勝,2024-04-03,6950
2888,新光金,20,0,20,福勝,2024-04-03,6950
6113,亞矽,20,0,20,福勝,2024-04-03,6950
8222,寶一,20,0,20,福勝,2024-04-03,6950
3675,德微,19,0,19,福勝,2024-04-03,6950
1603,華電,18,0,18,福勝,2024-04-03,6950
00878,國泰永續高股息,17,0,17,福勝,2024-04-03,6950
2382,廣達,28,11,17,福勝,2024-04-03,6950
00940,元大台灣價值高息,623,37,586,福勝,2024-04-08,6950
00929,復華台灣科技優息,149,11,138,福勝,2024-04-08,6950
3587,閎康,103,1,102,福勝,2024-04-08,6950
6120,達運,91,12,79,福勝,2024-04-08,6950
2374,佳能,87,26,61,福勝,2024-04-08,6950
2354,鴻準,71,16,55,福勝,2024-04-08,6950
2371,大同,66,20,46,福勝,2024-04-08,6950
00939,統一台灣高息動能,61,18,43,福勝,2024-04-08,6950
00937B,群益ESG投等債20,45,5,40,福勝,2024-04-08,6950
2634,漢翔,36,2,34,福勝,2024-04-08,6950
00679B,元大美債20年,32,0,32,福勝,2024-04-08,6950
2376,技嘉,37,6,31,福勝,2024-04-08,6950
1110,東泥,30,0,30,福勝,2024-04-08,6950
2538,基泰,30,0,30,福勝,2024-04-08,6950
2618,長榮航,35,6,29,福勝,2024-04-08,6950
3450,聯鈞,35,8,27,福勝,2024-04-08,6950
2889,國票金,25,0,25,福勝,2024-04-08,6950
00919,群益台灣精選高息,41,17,24,福勝,2024-04-08,6950
1519,華城,22,0,22,福勝,2024-04-08,6950
2352,佳世達,21,0,21,福勝,2024-04-08,6950
00687B,國泰20年美債,30,10,20,福勝,2024-04-08,6950
4510,高鋒,20,0,20,福勝,2024-04-08,6950
4532,瑞智,19,0,19,福勝,2024-04-08,6950
5521,工信,31,14,17,福勝,2024-04-08,6950
00900,富邦特選高股息30,15,0,15,福勝,2024-04-08,6950
2355,敬鵬,20,5,15,福勝,2024-04-08,6950
3706,神達,21,6,15,福勝,2024-04-08,6950
8930,青鋼,15,0,15,福勝,2024-04-08,6950
2303,聯電,16,2,14,福勝,2024-04-08,6950
3481,群創,25,11,14,福勝,2024-04-08,6950
4714,永捷,15,2,13,福勝,2024-04-08,6950
6122,擎邦,14,2,12,福勝,2024-04-08,6950
00931B,統一美債20年,12,0,12,福勝,2024-04-08,6950
00712,復華富時不動產,15,3,12,福勝,2024-04-08,6950
1785,光洋科,12,1,11,福勝,2024-04-08,6950
6173,信昌電,12,1,11,福勝,2024-04-08,6950
00720B,元大投資級公司債,10,0,10,福勝,2024-04-08,6950
00751B,元大AAA至A公司債,10,0,10,福勝,2024-04-08,6950
00661,元大日經225,10,0,10,福勝,2024-04-08,6950
1734,杏輝,10,0,10,福勝,2024-04-08,6950
2489,瑞軒,11,1,10,福勝,2024-04-08,6950
2723,美食-KY,10,0,10,福勝,2024-04-08,6950
2913,農林,10,0,10,福勝,2024-04-08,6950
3207,耀勝,10,0,10,福勝,2024-04-08,6950
3211,順達,11,1,10,福勝,2024-04-08,6950
6117,迎廣,10,0,10,福勝,2024-04-08,6950
6127,九豪,10,0,10,福勝,2024-04-08,6950
6698,旭暉應材,10,0,10,福勝,2024-04-08,6950
00927,群益半導體收益,9,0,9,福勝,2024-04-08,6950
2312,金寶,20,11,9,福勝,2024-04-08,6950
912000,晨訊科-DR,172,0,172,福勝,2024-04-09,6950
00929,復華台灣科技優息,125,0,125,福勝,2024-04-09,6950
2323,中環,112,10,102,福勝,2024-04-09,6950
00878,國泰永續高股息,103,4,99,福勝,2024-04-09,6950
00937B,群益ESG投等債20,79,4,75,福勝,2024-04-09,6950
2014,中鴻,117,51,66,福勝,2024-04-09,6950
3231,緯創,117,54,63,福勝,2024-04-09,6950
2371,大同,88,29,59,福勝,2024-04-09,6950
00679B,元大美債20年,55,3,52,福勝,2024-04-09,6950
4976,佳凌,50,0,50,福勝,2024-04-09,6950
6005,群益證,50,0,50,福勝,2024-04-09,6950
2356,英業達,55,13,42,福勝,2024-04-09,6950
4545,銘鈺,35,0,35,福勝,2024-04-09,6950
8064,東捷,34,1,33,福勝,2024-04-09,6950
0056,元大高股息,31,0,31,福勝,2024-04-09,6950
2020,美亞,31,1,30,福勝,2024-04-09,6950
2501,國建,53,23,30,福勝,2024-04-09,6950
8011,台通,30,0,30,福勝,2024-04-09,6950
4958,臻鼎-KY,32,3,29,福勝,2024-04-09,6950
00940,元大台灣價值高息,32,5,27,福勝,2024-04-09,6950
6282,康舒,56,30,26,福勝,2024-04-09,6950
2317,鴻海,77,52,25,福勝,2024-04-09,6950
6248,沛波,25,0,25,福勝,2024-04-09,6950
00919,群益台灣精選高息,25,3,22,福勝,2024-04-09,6950
6122,擎邦,22,0,22,福勝,2024-04-09,6950
6188,廣明,29,7,22,福勝,2024-04-09,6950
6227,茂綸,25,3,22,福勝,2024-04-09,6950
00891,中信關鍵半導體,20,0,20,福勝,2024-04-09,6950
2374,佳能,26,6,20,福勝,2024-04-09,6950
4543,萬在,30,11,19,福勝,2024-04-09,6950
2010,春源,21,3,18,福勝,2024-04-09,6950
1513,中興電,33,15,18,福勝,2024-04-09,6950
6187,萬潤,17,0,17,福勝,2024-04-09,6950
2367,燿華,45,28,17,福勝,2024-04-09,6950
2516,新建,22,5,17,福勝,2024-04-09,6950
3005,神基,18,1,17,福勝,2024-04-09,6950
3645,達邁,20,3,17,福勝,2024-04-09,6950
8093,保銳,17,0,17,福勝,2024-04-09,6950
00733,富邦臺灣中小,16,0,16,福勝,2024-04-09,6950
2867,三商壽,15,0,15,福勝,2024-04-09,6950
3264,欣銓,15,0,15,福勝,2024-04-09,6950
2329,華泰,15,1,14,福勝,2024-04-09,6950
3294,英濟,24,10,14,福勝,2024-04-09,6950
5469,瀚宇博,14,0,14,福勝,2024-04-09,6950
5533,皇鼎,20,6,14,福勝,2024-04-09,6950
4510,高鋒,13,0,13,福勝,2024-04-09,6950
2506,太設,12,0,12,福勝,2024-04-09,6950
6770,力積電,17,5,12,福勝,2024-04-09,6950
2354,鴻準,23,12,11,福勝,2024-04-09,6950
2460,建通,12,1,11,福勝,2024-04-09,6950
2464,盟立,98,10,88,福勝,2024-04-10,6950
00929,復華台灣科技優息,211,136,75,福勝,2024-04-10,6950
2317,鴻海,95,25,70,福勝,2024-04-10,6950
1109,信大,53,0,53,福勝,2024-04-10,6950
2356,英業達,61,10,51,福勝,2024-04-10,6950
2641,正德,50,0,50,福勝,2024-04-10,6950
9105,泰金寶-DR,40,0,40,福勝,2024-04-10,6950
4958,臻鼎-KY,45,10,35,福勝,2024-04-10,6950
3481,群創,42,9,33,福勝,2024-04-10,6950
2516,新建,32,0,32,福勝,2024-04-10,6950
1414,東和,30,0,30,福勝,2024-04-10,6950
1608,華榮,49,19,30,福勝,2024-04-10,6950
912000,晨訊科-DR,30,0,30,福勝,2024-04-10,6950
2634,漢翔,55,25,30,福勝,2024-04-10,6950
6441,廣錠,29,0,29,福勝,2024-04-10,6950
2002,中鋼,28,0,28,福勝,2024-04-10,6950
2405,輔信,37,10,27,福勝,2024-04-10,6950
1513,中興電,30,6,24,福勝,2024-04-10,6950
2014,中鴻,24,0,24,福勝,2024-04-10,6950
2888,新光金,40,17,23,福勝,2024-04-10,6950
00900,富邦特選高股息30,23,0,23,福勝,2024-04-10,6950
9938,百和,23,0,23,福勝,2024-04-10,6950
2509,全坤建,22,0,22,福勝,2024-04-10,6950
6120,達運,23,2,21,福勝,2024-04-10,6950
2495,普安,20,0,20,福勝,2024-04-10,6950
4109,加捷生醫,20,0,20,福勝,2024-04-10,6950
6461,益得,20,0,20,福勝,2024-04-10,6950
8096,擎亞,132,113,19,福勝,2024-04-10,6950
8033,雷虎,25,6,19,福勝,2024-04-10,6950
6016,康和證,21,2,19,福勝,2024-04-10,6950
4938,和碩,30,12,18,福勝,2024-04-10,6950
2369,菱生,18,1,17,福勝,2024-04-10,6950
2371,大同,25,8,17,福勝,2024-04-10,6950
6443,元晶,27,10,17,福勝,2024-04-10,6950
6117,迎廣,17,1,16,福勝,2024-04-10,6950
2007,燁興,16,0,16,福勝,2024-04-10,6950
2537,聯上發,17,1,16,福勝,2024-04-10,6950
6282,康舒,19,3,16,福勝,2024-04-10,6950
2382,廣達,25,10,15,福勝,2024-04-10,6950
8930,青鋼,15,0,15,福勝,2024-04-10,6950
1101,台泥,27,13,14,福勝,2024-04-10,6950
2885,元大金,14,0,14,福勝,2024-04-10,6950
4402,郡都開發,14,0,14,福勝,2024-04-10,6950
4529,淳紳,14,0,14,福勝,2024-04-10,6950
1524,耿鼎,15,2,13,福勝,2024-04-10,6950
00937B,群益ESG投等債20,12,0,12,福勝,2024-04-10,6950
3094,聯傑,12,0,12,福勝,2024-04-10,6950
8054,安國,12,0,12,福勝,2024-04-10,6950
2486,一詮,16,5,11,福勝,2024-04-10,6950
3287,廣寰科,15,4,11,福勝,2024-04-10,6950
00680L,元大美債20正2,400,0,400,福勝,2024-04-11,6950
2812,台中銀,300,0,300,福勝,2024-04-11,6950
2409,友達,113,1,112,福勝,2024-04-11,6950
2888,新光金,110,10,100,福勝,2024-04-11,6950
00679B,元大美債20年,87,0,87,福勝,2024-04-11,6950
2809,京城銀,80,0,80,福勝,2024-04-11,6950
3481,群創,106,28,78,福勝,2024-04-11,6950
6215,和椿,71,1,70,福勝,2024-04-11,6950
2312,金寶,75,12,63,福勝,2024-04-11,6950
00919,群益台灣精選高息,64,2,62,福勝,2024-04-11,6950
00940,元大台灣價值高息,57,5,52,福勝,2024-04-11,6950
1313,聯成,51,0,51,福勝,2024-04-11,6950
00712,復華富時不動產,55,7,48,福勝,2024-04-11,6950
1609,大亞,78,32,46,福勝,2024-04-11,6950
00937B,群益ESG投等債20,43,0,43,福勝,2024-04-11,6950
00687B,國泰20年美債,42,0,42,福勝,2024-04-11,6950
2303,聯電,47,6,41,福勝,2024-04-11,6950
00772B,中信高評級公司債,38,0,38,福勝,2024-04-11,6950
2329,華泰,67,34,33,福勝,2024-04-11,6950
4529,淳紳,32,0,32,福勝,2024-04-11,6950
2887,台新金,30,0,30,福勝,2024-04-11,6950
9955,佳龍,30,0,30,福勝,2024-04-11,6950
00939,統一台灣高息動能,30,1,29,福勝,2024-04-11,6950
00900,富邦特選高股息30,29,2,27,福勝,2024-04-11,6950
00891,中信關鍵半導體,27,0,27,福勝,2024-04-11,6950
00929,復華台灣科技優息,36,11,25,福勝,2024-04-11,6950
00927,群益半導體收益,25,0,25,福勝,2024-04-11,6950
3576,聯合再生,30,5,25,福勝,2024-04-11,6950
2515,中工,35,13,22,福勝,2024-04-11,6950
8096,擎亞,67,46,21,福勝,2024-04-11,6950
1532,勤美,20,0,20,福勝,2024-04-11,6950
1809,中釉,20,0,20,福勝,2024-04-11,6950
2025,千興,22,2,20,福勝,2024-04-11,6950
2464,盟立,20,0,20,福勝,2024-04-11,6950
2605,新興,25,5,20,福勝,2024-04-11,6950
3312,弘憶股,35,15,20,福勝,2024-04-11,6950
3450,聯鈞,22,2,20,福勝,2024-04-11,6950
1605,華新,28,9,19,福勝,2024-04-11,6950
2337,旺宏,20,1,19,福勝,2024-04-11,6950
2547,日勝生,22,3,19,福勝,2024-04-11,6950
1785,光洋科,17,0,17,福勝,2024-04-11,6950
2382,廣達,22,6,16,福勝,2024-04-11,6950
3060,銘異,19,4,15,福勝,2024-04-11,6950
6244,茂迪,15,0,15,福勝,2024-04-11,6950
6248,沛波,15,0,15,福勝,2024-04-11,6950
6753,龍德造船,19,4,15,福勝,2024-04-11,6950
2344,華邦電,15,1,14,福勝,2024-04-11,6950
1503,士電,21,8,13,福勝,2024-04-11,6950
3094,聯傑,13,0,13,福勝,2024-04-11,6950
6235,華孚,13,0,13,福勝,2024-04-11,6950
00720B,元大投資級公司債,139,0,139,福勝,2024-04-12,6950
00937B,群益ESG投等債20,110,0,110,福勝,2024-04-12,6950
2547,日勝生,64,7,57,福勝,2024-04-12,6950
2887,台新金,52,0,52,福勝,2024-04-12,6950
2409,友達,52,0,52,福勝,2024-04-12,6950
1605,華新,77,29,48,福勝,2024-04-12,6950
00929,復華台灣科技優息,61,14,47,福勝,2024-04-12,6950
2382,廣達,52,12,40,福勝,2024-04-12,6950
2618,長榮航,48,8,40,福勝,2024-04-12,6950
2009,第一銅,47,8,39,福勝,2024-04-12,6950
00680L,元大美債20正2,36,0,36,福勝,2024-04-12,6950
00940,元大台灣價值高息,75,42,33,福勝,2024-04-12,6950
00679B,元大美債20年,34,1,33,福勝,2024-04-12,6950
5210,寶碩,32,0,32,福勝,2024-04-12,6950
00915,凱基優選高股息30,31,0,31,福勝,2024-04-12,6950
0056,元大高股息,34,3,31,福勝,2024-04-12,6950
2356,英業達,35,5,30,福勝,2024-04-12,6950
2363,矽統,129,99,30,福勝,2024-04-12,6950
2610,華航,58,28,30,福勝,2024-04-12,6950
00706L,期元大S＆P日圓正2,29,0,29,福勝,2024-04-12,6950
2329,華泰,26,0,26,福勝,2024-04-12,6950
4526,東台,90,64,26,福勝,2024-04-12,6950
3481,群創,36,11,25,福勝,2024-04-12,6950
2324,仁寶,24,0,24,福勝,2024-04-12,6950
2406,國碩,34,10,24,福勝,2024-04-12,6950
2330,台積電,23,0,23,福勝,2024-04-12,6950
1603,華電,50,28,22,福勝,2024-04-12,6950
1905,華紙,21,0,21,福勝,2024-04-12,6950
00688L,國泰20年美債正2,20,0,20,福勝,2024-04-12,6950
2431,聯昌,20,0,20,福勝,2024-04-12,6950
6016,康和證,20,0,20,福勝,2024-04-12,6950
8096,擎亞,23,3,20,福勝,2024-04-12,6950
2353,宏��,45,27,18,福勝,2024-04-12,6950
00878,國泰永續高股息,28,11,17,福勝,2024-04-12,6950
00933B,國泰10Y+金融債,36,20,16,福勝,2024-04-12,6950
2883,凱基金,16,0,16,福勝,2024-04-12,6950
1522,堤維西,15,0,15,福勝,2024-04-12,6950
3027,盛達,18,3,15,福勝,2024-04-12,6950
4545,銘鈺,14,0,14,福勝,2024-04-12,6950
5469,瀚宇博,14,0,14,福勝,2024-04-12,6950
2427,三商電,21,8,13,福勝,2024-04-12,6950
6224,聚鼎,13,0,13,福勝,2024-04-12,6950
6703,軒郁,13,0,13,福勝,2024-04-12,6950
2308,台達電,12,0,12,福勝,2024-04-12,6950
00687B,國泰20年美債,15,3,12,福勝,2024-04-12,6950
4958,臻鼎-KY,13,1,12,福勝,2024-04-12,6950
1301,台塑,11,0,11,福勝,2024-04-12,6950
1101,台泥,11,0,11,福勝,2024-04-12,6950
2461,光群雷,11,0,11,福勝,2024-04-12,6950
3162,精確,11,0,11,福勝,2024-04-12,6950
00929,復華台灣科技優息,298,0,298,福勝,2024-04-15,6950
2371,大同,216,101,115,福勝,2024-04-15,6950
6239,力成,75,4,71,福勝,2024-04-15,6950
3060,銘異,80,10,70,福勝,2024-04-15,6950
5381,合正,64,3,61,福勝,2024-04-15,6950
2303,聯電,74,15,59,福勝,2024-04-15,6950
00720B,元大投資級公司債,55,0,55,福勝,2024-04-15,6950
2504,國產,55,0,55,福勝,2024-04-15,6950
2834,臺企銀,54,0,54,福勝,2024-04-15,6950
2356,英業達,61,8,53,福勝,2024-04-15,6950
4967,十銓,50,0,50,福勝,2024-04-15,6950
6215,和椿,53,4,49,福勝,2024-04-15,6950
6288,聯嘉,52,3,49,福勝,2024-04-15,6950
6248,沛波,46,0,46,福勝,2024-04-15,6950
1513,中興電,70,26,44,福勝,2024-04-15,6950
0056,元大高股息,50,8,42,福勝,2024-04-15,6950
2889,國票金,40,0,40,福勝,2024-04-15,6950
1605,華新,78,42,36,福勝,2024-04-15,6950
1504,東元,51,16,35,福勝,2024-04-15,6950
2014,中鴻,40,5,35,福勝,2024-04-15,6950
2605,新興,47,12,35,福勝,2024-04-15,6950
2618,長榮航,45,11,34,福勝,2024-04-15,6950
3231,緯創,52,19,33,福勝,2024-04-15,6950
00939,統一台灣高息動能,39,7,32,福勝,2024-04-15,6950
2867,三商壽,50,18,32,福勝,2024-04-15,6950
1609,大亞,130,98,32,福勝,2024-04-15,6950
1503,士電,36,5,31,福勝,2024-04-15,6950
2405,輔信,41,10,31,福勝,2024-04-15,6950
1608,華榮,75,45,30,福勝,2024-04-15,6950
3294,英濟,31,2,29,福勝,2024-04-15,6950
2460,建通,32,4,28,福勝,2024-04-15,6950
2367,燿華,59,32,27,福勝,2024-04-15,6950
00632R,元大台灣50反1,25,0,25,福勝,2024-04-15,6950
5521,工信,25,0,25,福勝,2024-04-15,6950
00878,國泰永續高股息,41,17,24,福勝,2024-04-15,6950
2887,台新金,23,0,23,福勝,2024-04-15,6950
2317,鴻海,35,13,22,福勝,2024-04-15,6950
2382,廣達,39,18,21,福勝,2024-04-15,6950
2330,台積電,23,3,20,福勝,2024-04-15,6950
1603,華電,21,1,20,福勝,2024-04-15,6950
2610,華航,20,0,20,福勝,2024-04-15,6950
2801,彰銀,20,0,20,福勝,2024-04-15,6950
2820,華票,20,0,20,福勝,2024-04-15,6950
2836,高雄銀,20,0,20,福勝,2024-04-15,6950
912000,晨訊科-DR,20,0,20,福勝,2024-04-15,6950
00941,中信上游半導體,19,0,19,福勝,2024-04-15,6950
2515,中工,20,1,19,福勝,2024-04-15,6950
6170,統振,19,0,19,福勝,2024-04-15,6950
00679B,元大美債20年,18,0,18,福勝,2024-04-15,6950
2002,中鋼,23,5,18,福勝,2024-04-15,6950
00940,元大台灣價值高息,504,0,504,福勝,2024-04-16,6950
00919,群益台灣精選高息,206,1,205,福勝,2024-04-16,6950
00929,復華台灣科技優息,221,24,197,福勝,2024-04-16,6950
1584,精剛,141,3,138,福勝,2024-04-16,6950
2303,聯電,142,11,131,福勝,2024-04-16,6950
2618,長榮航,120,0,120,福勝,2024-04-16,6950
2887,台新金,115,1,114,福勝,2024-04-16,6950
00720B,元大投資級公司債,98,0,98,福勝,2024-04-16,6950
00939,統一台灣高息動能,100,10,90,福勝,2024-04-16,6950
3481,群創,82,6,76,福勝,2024-04-16,6950
3231,緯創,109,33,76,福勝,2024-04-16,6950
00937B,群益ESG投等債20,68,0,68,福勝,2024-04-16,6950
2832,台產,58,0,58,福勝,2024-04-16,6950
2344,華邦電,56,1,55,福勝,2024-04-16,6950
2723,美食-KY,55,0,55,福勝,2024-04-16,6950
4306,炎洲,55,0,55,福勝,2024-04-16,6950
2409,友達,56,4,52,福勝,2024-04-16,6950
1609,大亞,100,48,52,福勝,2024-04-16,6950
00878,國泰永續高股息,65,15,50,福勝,2024-04-16,6950
2317,鴻海,112,63,49,福勝,2024-04-16,6950
9907,統一實,51,2,49,福勝,2024-04-16,6950
2312,金寶,42,0,42,福勝,2024-04-16,6950
2801,彰銀,42,0,42,福勝,2024-04-16,6950
1312,國喬,40,0,40,福勝,2024-04-16,6950
2601,益航,38,0,38,福勝,2024-04-16,6950
2514,龍邦,36,0,36,福勝,2024-04-16,6950
2405,輔信,87,52,35,福勝,2024-04-16,6950
2882,國泰金,40,5,35,福勝,2024-04-16,6950
2609,陽明,44,11,33,福勝,2024-04-16,6950
5425,台半,30,0,30,福勝,2024-04-16,6950
1314,中石化,29,0,29,福勝,2024-04-16,6950
5521,工信,79,51,28,福勝,2024-04-16,6950
2892,第一金,30,2,28,福勝,2024-04-16,6950
4545,銘鈺,30,3,27,福勝,2024-04-16,6950
2610,華航,43,17,26,福勝,2024-04-16,6950
2330,台積電,30,5,25,福勝,2024-04-16,6950
2353,宏��,30,5,25,福勝,2024-04-16,6950
2641,正德,25,0,25,福勝,2024-04-16,6950
00918,大華優利高填息30,26,2,24,福勝,2024-04-16,6950
2009,第一銅,59,37,22,福勝,2024-04-16,6950
3576,聯合再生,22,0,22,福勝,2024-04-16,6950
00935,野村臺灣新科技50,21,0,21,福勝,2024-04-16,6950
2408,南亞科,24,3,21,福勝,2024-04-16,6950
6282,康舒,22,2,20,福勝,2024-04-16,6950
2506,太設,20,0,20,福勝,2024-04-16,6950
3162,精確,20,0,20,福勝,2024-04-16,6950
5210,寶碩,20,0,20,福勝,2024-04-16,6950
1608,華榮,55,36,19,福勝,2024-04-16,6950
2367,燿華,21,2,19,福勝,2024-04-16,6950
6288,聯嘉,20,1,19,福勝,2024-04-16,6950
3481,群創,380,7,373,福勝,2024-04-17,6950
00937B,群益ESG投等債20,136,0,136,福勝,2024-04-17,6950
2880,華南金,115,0,115,福勝,2024-04-17,6950
2897,王道銀行,108,0,108,福勝,2024-04-17,6950
1605,華新,162,70,92,福勝,2024-04-17,6950
5512,力麒,100,18,82,福勝,2024-04-17,6950
2881,富邦金,86,6,80,福勝,2024-04-17,6950
0056,元大高股息,62,0,62,福勝,2024-04-17,6950
2476,鉅祥,62,0,62,福勝,2024-04-17,6950
3583,辛耘,63,2,61,福勝,2024-04-17,6950
3050,鈺德,61,0,61,福勝,2024-04-17,6950
00720B,元大投資級公司債,60,0,60,福勝,2024-04-17,6950
3013,晟銘電,58,7,51,福勝,2024-04-17,6950
3231,緯創,56,7,49,福勝,2024-04-17,6950
00712,復華富時不動產,49,0,49,福勝,2024-04-17,6950
6770,力積電,51,8,43,福勝,2024-04-17,6950
6248,沛波,42,0,42,福勝,2024-04-17,6950
2618,長榮航,51,10,41,福勝,2024-04-17,6950
00940,元大台灣價值高息,61,22,39,福勝,2024-04-17,6950
2382,廣達,51,16,35,福勝,2024-04-17,6950
2412,中華電,32,0,32,福勝,2024-04-17,6950
4545,銘鈺,30,0,30,福勝,2024-04-17,6950
2353,宏��,34,4,30,福勝,2024-04-17,6950
00919,群益台灣精選高息,29,2,27,福勝,2024-04-17,6950
00929,復華台灣科技優息,70,45,25,福勝,2024-04-17,6950
3706,神達,28,3,25,福勝,2024-04-17,6950
00679B,元大美債20年,26,2,24,福勝,2024-04-17,6950
00878,國泰永續高股息,26,2,24,福勝,2024-04-17,6950
2617,台航,23,0,23,福勝,2024-04-17,6950
8473,山林水,27,4,23,福勝,2024-04-17,6950
00939,統一台灣高息動能,27,7,20,福勝,2024-04-17,6950
2486,一詮,23,3,20,福勝,2024-04-17,6950
2820,華票,20,0,20,福勝,2024-04-17,6950
6288,聯嘉,23,3,20,福勝,2024-04-17,6950
912000,晨訊科-DR,20,0,20,福勝,2024-04-17,6950
00918,大華優利高填息30,20,1,19,福勝,2024-04-17,6950
2356,英業達,24,5,19,福勝,2024-04-17,6950
2408,南亞科,19,1,18,福勝,2024-04-17,6950
6190,萬泰科,20,2,18,福勝,2024-04-17,6950
2883,凱基金,28,10,18,福勝,2024-04-17,6950
2344,華邦電,20,4,16,福勝,2024-04-17,6950
00934,中信成長高股息,15,0,15,福勝,2024-04-17,6950
00891,中信關鍵半導體,15,0,15,福勝,2024-04-17,6950
2506,太設,15,0,15,福勝,2024-04-17,6950
5425,台半,16,1,15,福勝,2024-04-17,6950
6170,統振,15,0,15,福勝,2024-04-17,6950
6239,力成,16,1,15,福勝,2024-04-17,6950
2330,台積電,17,3,14,福勝,2024-04-17,6950
2303,聯電,38,24,14,福勝,2024-04-17,6950
4960,誠美材,14,0,14,福勝,2024-04-17,6950
00878,國泰永續高股息,100,0,100,福勝,2024-04-18,6950
00680L,元大美債20正2,100,0,100,福勝,2024-04-18,6950
2371,大同,209,138,71,福勝,2024-04-18,6950
3013,晟銘電,90,23,67,福勝,2024-04-18,6950
1605,華新,117,52,65,福勝,2024-04-18,6950
2610,華航,66,4,62,福勝,2024-04-18,6950
00937B,群益ESG投等債20,57,1,56,福勝,2024-04-18,6950
2303,聯電,52,1,51,福勝,2024-04-18,6950
00919,群益台灣精選高息,50,1,49,福勝,2024-04-18,6950
1504,東元,64,24,40,福勝,2024-04-18,6950
00942B,台新美A公司債20+,40,0,40,福勝,2024-04-18,6950
9933,中鼎,42,3,39,福勝,2024-04-18,6950
00940,元大台灣價值高息,35,0,35,福勝,2024-04-18,6950
3703,欣陸,39,4,35,福勝,2024-04-18,6950
2317,鴻海,41,10,31,福勝,2024-04-18,6950
1513,中興電,61,30,31,福勝,2024-04-18,6950
00929,復華台灣科技優息,33,2,31,福勝,2024-04-18,6950
2409,友達,36,6,30,福勝,2024-04-18,6950
4526,東台,29,1,28,福勝,2024-04-18,6950
2515,中工,72,44,28,福勝,2024-04-18,6950
2501,國建,39,14,25,福勝,2024-04-18,6950
2897,王道銀行,25,0,25,福勝,2024-04-18,6950
0056,元大高股息,24,0,24,福勝,2024-04-18,6950
6264,富裔,23,0,23,福勝,2024-04-18,6950
00712,復華富時不動產,22,0,22,福勝,2024-04-18,6950
1301,台塑,20,0,20,福勝,2024-04-18,6950
2323,中環,24,4,20,福勝,2024-04-18,6950
3707,漢磊,24,6,18,福勝,2024-04-18,6950
2329,華泰,28,10,18,福勝,2024-04-18,6950
1616,億泰,23,6,17,福勝,2024-04-18,6950
2344,華邦電,17,0,17,福勝,2024-04-18,6950
4401,東隆興,17,0,17,福勝,2024-04-18,6950
3617,碩天,18,1,17,福勝,2024-04-18,6950
00647L,元大S＆P500正2,16,0,16,福勝,2024-04-18,6950
1529,樂事綠能,25,9,16,福勝,2024-04-18,6950
2504,國產,20,4,16,福勝,2024-04-18,6950
5230,雷笛克光學,16,1,15,福勝,2024-04-18,6950
3312,弘憶股,21,6,15,福勝,2024-04-18,6950
00941,中信上游半導體,19,5,14,福勝,2024-04-18,6950
2301,光寶科,18,4,14,福勝,2024-04-18,6950
6233,旺玖,16,2,14,福勝,2024-04-18,6950
6288,聯嘉,14,0,14,福勝,2024-04-18,6950
2882,國泰金,14,0,14,福勝,2024-04-18,6950
2511,太子,14,2,12,福勝,2024-04-18,6950
3027,盛達,13,1,12,福勝,2024-04-18,6950
6269,台郡,12,0,12,福勝,2024-04-18,6950
00885,富邦越南,11,0,11,福勝,2024-04-18,6950
1316,上曜,11,0,11,福勝,2024-04-18,6950
00720B,元大投資級公司債,11,0,11,福勝,2024-04-18,6950
2603,長榮,11,0,11,福勝,2024-04-18,6950
00929,復華台灣科技優息,490,39,451,福勝,2024-04-19,6950
00940,元大台灣價值高息,229,26,203,福勝,2024-04-19,6950
2303,聯電,174,35,139,福勝,2024-04-19,6950
2409,友達,134,1,133,福勝,2024-04-19,6950
2330,台積電,116,8,108,福勝,2024-04-19,6950
2610,華航,95,9,86,福勝,2024-04-19,6950
2618,長榮航,83,0,83,福勝,2024-04-19,6950
00919,群益台灣精選高息,123,42,81,福勝,2024-04-19,6950
00878,國泰永續高股息,70,1,69,福勝,2024-04-19,6950
3013,晟銘電,59,1,58,福勝,2024-04-19,6950
00850,元大臺灣ESG永續,52,0,52,福勝,2024-04-19,6950
00632R,元大台灣50反1,50,0,50,福勝,2024-04-19,6950
2476,鉅祥,50,0,50,福勝,2024-04-19,6950
3231,緯創,60,12,48,福勝,2024-04-19,6950
00891,中信關鍵半導體,53,6,47,福勝,2024-04-19,6950
1608,華榮,125,82,43,福勝,2024-04-19,6950
4109,加捷生醫,40,1,39,福勝,2024-04-19,6950
3481,群創,55,18,37,福勝,2024-04-19,6950
5515,建國,45,8,37,福勝,2024-04-19,6950
2317,鴻海,80,45,35,福勝,2024-04-19,6950
2897,王道銀行,35,0,35,福勝,2024-04-19,6950
2363,矽統,52,17,35,福勝,2024-04-19,6950
00939,統一台灣高息動能,45,13,32,福勝,2024-04-19,6950
9933,中鼎,46,14,32,福勝,2024-04-19,6950
00935,野村臺灣新科技50,31,0,31,福勝,2024-04-19,6950
1570,力肯,30,0,30,福勝,2024-04-19,6950
1605,華新,61,33,28,福勝,2024-04-19,6950
2514,龍邦,28,0,28,福勝,2024-04-19,6950
2547,日勝生,45,17,28,福勝,2024-04-19,6950
3162,精確,28,0,28,福勝,2024-04-19,6950
6288,聯嘉,26,0,26,福勝,2024-04-19,6950
00680L,元大美債20正2,25,0,25,福勝,2024-04-19,6950
2609,陽明,56,32,24,福勝,2024-04-19,6950
2498,宏達電,26,3,23,福勝,2024-04-19,6950
8926,台汽電,34,11,23,福勝,2024-04-19,6950
9945,潤泰新,22,0,22,福勝,2024-04-19,6950
00930,永豐ESG低碳高息,22,0,22,福勝,2024-04-19,6950
1301,台塑,22,0,22,福勝,2024-04-19,6950
2009,第一銅,30,8,22,福勝,2024-04-19,6950
2537,聯上發,22,0,22,福勝,2024-04-19,6950
2887,台新金,22,0,22,福勝,2024-04-19,6950
2344,華邦電,25,3,22,福勝,2024-04-19,6950
2329,華泰,32,11,21,福勝,2024-04-19,6950
6282,康舒,26,5,21,福勝,2024-04-19,6950
5425,台半,20,0,20,福勝,2024-04-19,6950
2883,凱基金,24,4,20,福勝,2024-04-19,6950
4157,太景*-KY,41,22,19,福勝,2024-04-19,6950
3380,明泰,20,2,18,福勝,2024-04-19,6950
5512,力麒,84,66,18,福勝,2024-04-19,6950
1402,遠東新,17,0,17,福勝,2024-04-19,6950
00929,復華台灣科技優息,564,7,557,福勝,2024-04-22,6950
5521,工信,259,110,149,福勝,2024-04-22,6950
00940,元大台灣價值高息,129,12,117,福勝,2024-04-22,6950
2303,聯電,103,5,98,福勝,2024-04-22,6950
00919,群益台灣精選高息,102,26,76,福勝,2024-04-22,6950
2371,大同,180,115,65,福勝,2024-04-22,6950
1609,大亞,162,100,62,福勝,2024-04-22,6950
6282,康舒,68,7,61,福勝,2024-04-22,6950
3481,群創,104,46,58,福勝,2024-04-22,6950
2515,中工,123,69,54,福勝,2024-04-22,6950
00942B,台新美A公司債20+,50,0,50,福勝,2024-04-22,6950
1604,聲寶,44,0,44,福勝,2024-04-22,6950
2547,日勝生,89,47,42,福勝,2024-04-22,6950
3703,欣陸,49,8,41,福勝,2024-04-22,6950
00632R,元大台灣50反1,100,60,40,福勝,2024-04-22,6950
00939,統一台灣高息動能,51,15,36,福勝,2024-04-22,6950
3231,緯創,45,9,36,福勝,2024-04-22,6950
8064,東捷,38,5,33,福勝,2024-04-22,6950
00878,國泰永續高股息,48,15,33,福勝,2024-04-22,6950
5531,鄉林,29,0,29,福勝,2024-04-22,6950
2329,華泰,34,8,26,福勝,2024-04-22,6950
6116,彩晶,29,3,26,福勝,2024-04-22,6950
3576,聯合再生,30,6,24,福勝,2024-04-22,6950
2405,輔信,27,4,23,福勝,2024-04-22,6950
5515,建國,48,26,22,福勝,2024-04-22,6950
6443,元晶,37,15,22,福勝,2024-04-22,6950
8033,雷虎,26,5,21,福勝,2024-04-22,6950
2442,新美齊,20,0,20,福勝,2024-04-22,6950
3056,富華新,20,0,20,福勝,2024-04-22,6950
3058,立德,20,0,20,福勝,2024-04-22,6950
3380,明泰,20,0,20,福勝,2024-04-22,6950
2867,三商壽,24,5,19,福勝,2024-04-22,6950
2408,南亞科,18,0,18,福勝,2024-04-22,6950
2609,陽明,32,15,17,福勝,2024-04-22,6950
1608,華榮,46,30,16,福勝,2024-04-22,6950
2520,冠德,37,21,16,福勝,2024-04-22,6950
2382,廣達,27,11,16,福勝,2024-04-22,6950
3015,全漢,18,3,15,福勝,2024-04-22,6950
2431,聯昌,15,0,15,福勝,2024-04-22,6950
6288,聯嘉,15,0,15,福勝,2024-04-22,6950
8936,國統,38,24,14,福勝,2024-04-22,6950
6770,力積電,45,31,14,福勝,2024-04-22,6950
2367,燿華,15,2,13,福勝,2024-04-22,6950
6264,富裔,40,27,13,福勝,2024-04-22,6950
00941,中信上游半導體,13,1,12,福勝,2024-04-22,6950
1570,力肯,12,0,12,福勝,2024-04-22,6950
1815,富喬,12,0,12,福勝,2024-04-22,6950
2344,華邦電,13,1,12,福勝,2024-04-22,6950
2330,台積電,22,10,12,福勝,2024-04-22,6950
2355,敬鵬,11,0,11,福勝,2024-04-22,6950
00929,復華台灣科技優息,102,4,98,福勝,2024-04-23,6950
2489,瑞軒,101,40,61,福勝,2024-04-23,6950
00715L,期街口布蘭特正2,58,0,58,福勝,2024-04-23,6950
6125,廣運,52,8,44,福勝,2024-04-23,6950
6288,聯嘉,43,0,43,福勝,2024-04-23,6950
1440,南紡,49,8,41,福勝,2024-04-23,6950
2701,萬企,40,0,40,福勝,2024-04-23,6950
1608,華榮,72,34,38,福勝,2024-04-23,6950
6264,富裔,34,0,34,福勝,2024-04-23,6950
3231,緯創,34,3,31,福勝,2024-04-23,6950
1522,堤維西,30,0,30,福勝,2024-04-23,6950
2731,雄獅,25,0,25,福勝,2024-04-23,6950
1504,東元,32,7,25,福勝,2024-04-23,6950
2515,中工,73,51,22,福勝,2024-04-23,6950
00919,群益台灣精選高息,44,23,21,福勝,2024-04-23,6950
4526,東台,28,7,21,福勝,2024-04-23,6950
4109,加捷生醫,20,0,20,福勝,2024-04-23,6950
6244,茂迪,20,0,20,福勝,2024-04-23,6950
5512,力麒,37,20,17,福勝,2024-04-23,6950
2344,華邦電,15,0,15,福勝,2024-04-23,6950
5009,榮剛,20,5,15,福勝,2024-04-23,6950
00941,中信上游半導體,11,0,11,福勝,2024-04-23,6950
2449,京元電子,25,14,11,福勝,2024-04-23,6950
6188,廣明,12,1,11,福勝,2024-04-23,6950
2885,元大金,11,0,11,福勝,2024-04-23,6950
00940,元大台灣價值高息,50,40,10,福勝,2024-04-23,6950
1721,三晃,10,0,10,福勝,2024-04-23,6950
2062,橋椿,11,1,10,福勝,2024-04-23,6950
2406,國碩,10,0,10,福勝,2024-04-23,6950
4726,永昕,10,0,10,福勝,2024-04-23,6950
912000,晨訊科-DR,10,0,10,福勝,2024-04-23,6950
9902,台火,10,0,10,福勝,2024-04-23,6950
3015,全漢,11,1,10,福勝,2024-04-23,6950
5521,工信,28,19,9,福勝,2024-04-23,6950
3715,定穎投控,16,8,8,福勝,2024-04-23,6950
6215,和椿,14,6,8,福勝,2024-04-23,6950
6176,瑞儀,7,0,7,福勝,2024-04-23,6950
1524,耿鼎,10,4,6,福勝,2024-04-23,6950
2357,華碩,7,1,6,福勝,2024-04-23,6950
2367,燿華,12,6,6,福勝,2024-04-23,6950
5515,建國,16,10,6,福勝,2024-04-23,6950
2374,佳能,13,8,5,福勝,2024-04-23,6950
2543,皇昌,6,1,5,福勝,2024-04-23,6950
2382,廣達,11,6,5,福勝,2024-04-23,6950
00642U,期元大S＆P石油,5,0,5,福勝,2024-04-23,6950
3207,耀勝,5,0,5,福勝,2024-04-23,6950
3360,尚立,5,0,5,福勝,2024-04-23,6950
4198,欣大健康,5,0,5,福勝,2024-04-23,6950
4402,郡都開發,6,1,5,福勝,2024-04-23,6950
7402,邑錡,5,0,5,福勝,2024-04-23,6950
2409,友達,132,2,130,福勝,2024-04-24,6950
00929,復華台灣科技優息,121,10,111,福勝,2024-04-24,6950
2610,華航,176,84,92,福勝,2024-04-24,6950
00632R,元大台灣50反1,90,5,85,福勝,2024-04-24,6950
2354,鴻準,74,23,51,福勝,2024-04-24,6950
00937B,群益ESG投等債20,43,1,42,福勝,2024-04-24,6950
8926,台汽電,44,6,38,福勝,2024-04-24,6950
2009,第一銅,38,2,36,福勝,2024-04-24,6950
1604,聲寶,35,0,35,福勝,2024-04-24,6950
3481,群創,32,1,31,福勝,2024-04-24,6950
1603,華電,32,4,28,福勝,2024-04-24,6950
1608,華榮,31,3,28,福勝,2024-04-24,6950
2886,兆豐金,25,0,25,福勝,2024-04-24,6950
3047,訊舟,25,0,25,福勝,2024-04-24,6950
6442,光聖,25,1,24,福勝,2024-04-24,6950
2515,中工,48,26,22,福勝,2024-04-24,6950
6215,和椿,24,2,22,福勝,2024-04-24,6950
1727,中華化,20,0,20,福勝,2024-04-24,6950
2438,翔耀,20,0,20,福勝,2024-04-24,6950
2547,日勝生,20,0,20,福勝,2024-04-24,6950
2412,中華電,22,3,19,福勝,2024-04-24,6950
3312,弘憶股,23,4,19,福勝,2024-04-24,6950
2801,彰銀,20,2,18,福勝,2024-04-24,6950
00764B,群益25年美債,17,0,17,福勝,2024-04-24,6950
1617,榮星,17,0,17,福勝,2024-04-24,6950
2501,國建,37,21,16,福勝,2024-04-24,6950
00679B,元大美債20年,17,3,14,福勝,2024-04-24,6950
1536,和大,19,5,14,福勝,2024-04-24,6950
2323,中環,15,2,13,福勝,2024-04-24,6950
6005,群益證,14,1,13,福勝,2024-04-24,6950
1717,長興,12,0,12,福勝,2024-04-24,6950
2324,仁寶,14,3,11,福勝,2024-04-24,6950
4909,新復興,11,0,11,福勝,2024-04-24,6950
5876,上海商銀,11,0,11,福勝,2024-04-24,6950
00664R,國泰臺灣加權反1,10,0,10,福勝,2024-04-24,6950
2359,所羅門,10,0,10,福勝,2024-04-24,6950
2543,皇昌,10,0,10,福勝,2024-04-24,6950
3294,英濟,11,1,10,福勝,2024-04-24,6950
5251,天鉞電,10,0,10,福勝,2024-04-24,6950
5475,德宏,10,0,10,福勝,2024-04-24,6950
1522,堤維西,10,1,9,福勝,2024-04-24,6950
5864,致和證,10,1,9,福勝,2024-04-24,6950
6227,茂綸,10,1,9,福勝,2024-04-24,6950
8454,富邦媒,11,2,9,福勝,2024-04-24,6950
6770,力積電,11,3,8,福勝,2024-04-24,6950
2504,國產,8,0,8,福勝,2024-04-24,6950
2888,新光金,13,5,8,福勝,2024-04-24,6950
3537,堡達,8,0,8,福勝,2024-04-24,6950
1101,台泥,12,5,7,福勝,2024-04-24,6950
5009,榮剛,8,1,7,福勝,2024-04-24,6950
2618,長榮航,406,88,318,福勝,2024-04-25,6950
2888,新光金,105,0,105,福勝,2024-04-25,6950
6603,富強鑫,100,0,100,福勝,2024-04-25,6950
2610,華航,111,12,99,福勝,2024-04-25,6950
2101,南港,101,3,98,福勝,2024-04-25,6950
1604,聲寶,52,0,52,福勝,2024-04-25,6950
00942B,台新美A公司債20+,50,0,50,福勝,2024-04-25,6950
2882,國泰金,43,1,42,福勝,2024-04-25,6950
2538,基泰,40,1,39,福勝,2024-04-25,6950
00878,國泰永續高股息,39,2,37,福勝,2024-04-25,6950
00929,復華台灣科技優息,53,17,36,福勝,2024-04-25,6950
1522,堤維西,35,0,35,福勝,2024-04-25,6950
2801,彰銀,34,0,34,福勝,2024-04-25,6950
00937B,群益ESG投等債20,53,20,33,福勝,2024-04-25,6950
8926,台汽電,28,0,28,福勝,2024-04-25,6950
00940,元大台灣價值高息,26,1,25,福勝,2024-04-25,6950
5876,上海商銀,24,0,24,福勝,2024-04-25,6950
8927,北基,24,0,24,福勝,2024-04-25,6950
00706L,期元大S＆P日圓正2,20,0,20,福勝,2024-04-25,6950
1457,宜進,20,1,19,福勝,2024-04-25,6950
00919,群益台灣精選高息,18,1,17,福勝,2024-04-25,6950
5521,工信,17,0,17,福勝,2024-04-25,6950
2362,藍天,16,0,16,福勝,2024-04-25,6950
2515,中工,71,55,16,福勝,2024-04-25,6950
3231,緯創,18,2,16,福勝,2024-04-25,6950
3081,聯亞,15,0,15,福勝,2024-04-25,6950
2402,毅嘉,15,1,14,福勝,2024-04-25,6950
1609,大亞,47,34,13,福勝,2024-04-25,6950
1101,台泥,13,0,13,福勝,2024-04-25,6950
2356,英業達,20,7,13,福勝,2024-04-25,6950
2457,飛宏,13,0,13,福勝,2024-04-25,6950
3059,華晶科,18,5,13,福勝,2024-04-25,6950
4545,銘鈺,13,0,13,福勝,2024-04-25,6950
6207,雷科,15,3,12,福勝,2024-04-25,6950
00939,統一台灣高息動能,12,0,12,福勝,2024-04-25,6950
0056,元大高股息,14,2,12,福勝,2024-04-25,6950
00664R,國泰臺灣加權反1,12,0,12,福勝,2024-04-25,6950
6229,研通,12,0,12,福勝,2024-04-25,6950
00927,群益半導體收益,11,0,11,福勝,2024-04-25,6950
1301,台塑,11,0,11,福勝,2024-04-25,6950
2014,中鴻,11,0,11,福勝,2024-04-25,6950
2331,精英,11,0,11,福勝,2024-04-25,6950
2511,太子,11,1,10,福勝,2024-04-25,6950
2611,志信,10,0,10,福勝,2024-04-25,6950
2880,華南金,10,0,10,福勝,2024-04-25,6950
2881,富邦金,10,0,10,福勝,2024-04-25,6950
2892,第一金,10,0,10,福勝,2024-04-25,6950
3628,盈正,10,0,10,福勝,2024-04-25,6950
3312,弘憶股,16,7,9,福勝,2024-04-25,6950
3622,洋華,9,0,9,福勝,2024-04-25,6950
1609,大亞,95,12,83,福勝,2024-04-26,6950
5009,榮剛,70,0,70,福勝,2024-04-26,6950
2363,矽統,73,10,63,福勝,2024-04-26,6950
00939,統一台灣高息動能,50,0,50,福勝,2024-04-26,6950
1604,聲寶,45,0,45,福勝,2024-04-26,6950
2371,大同,69,26,43,福勝,2024-04-26,6950
00679B,元大美債20年,34,0,34,福勝,2024-04-26,6950
3703,欣陸,33,0,33,福勝,2024-04-26,6950
8926,台汽電,32,0,32,福勝,2024-04-26,6950
00942B,台新美A公司債20+,30,0,30,福勝,2024-04-26,6950
2605,新興,32,2,30,福勝,2024-04-26,6950
1440,南紡,35,11,24,福勝,2024-04-26,6950
2615,萬海,39,18,21,福勝,2024-04-26,6950
00632R,元大台灣50反1,20,0,20,福勝,2024-04-26,6950
2538,基泰,20,0,20,福勝,2024-04-26,6950
1605,華新,19,0,19,福勝,2024-04-26,6950
1722,台肥,20,1,19,福勝,2024-04-26,6950
6425,易發,20,1,19,福勝,2024-04-26,6950
00937B,群益ESG投等債20,18,0,18,福勝,2024-04-26,6950
00919,群益台灣精選高息,18,0,18,福勝,2024-04-26,6950
2102,泰豐,21,3,18,福勝,2024-04-26,6950
2344,華邦電,21,4,17,福勝,2024-04-26,6950
3706,神達,16,1,15,福勝,2024-04-26,6950
8473,山林水,15,0,15,福勝,2024-04-26,6950
1101,台泥,14,0,14,福勝,2024-04-26,6950
00751B,元大AAA至A公司債,14,0,14,福勝,2024-04-26,6950
2634,漢翔,31,17,14,福勝,2024-04-26,6950
3707,漢磊,15,1,14,福勝,2024-04-26,6950
1314,中石化,28,15,13,福勝,2024-04-26,6950
2867,三商壽,13,0,13,福勝,2024-04-26,6950
6117,迎廣,13,0,13,福勝,2024-04-26,6950
00878,國泰永續高股息,20,9,11,福勝,2024-04-26,6950
1587,吉茂,13,2,11,福勝,2024-04-26,6950
5426,振發,11,0,11,福勝,2024-04-26,6950
3005,神基,15,5,10,福勝,2024-04-26,6950
2338,光罩,10,0,10,福勝,2024-04-26,6950
2534,宏盛,10,0,10,福勝,2024-04-26,6950
3232,昱捷,10,0,10,福勝,2024-04-26,6950
3296,勝德,10,0,10,福勝,2024-04-26,6950
4966,譜瑞-KY,10,0,10,福勝,2024-04-26,6950
5425,台半,20,10,10,福勝,2024-04-26,6950
6712,長聖,11,1,10,福勝,2024-04-26,6950
2547,日勝生,20,11,9,福勝,2024-04-26,6950
2329,華泰,14,6,8,福勝,2024-04-26,6950
2913,農林,10,2,8,福勝,2024-04-26,6950
3264,欣銓,8,0,8,福勝,2024-04-26,6950
3711,日月光投控,12,4,8,福勝,2024-04-26,6950
2505,國揚,25,17,8,福勝,2024-04-26,6950
00923,群益台ESG低碳50,7,0,7,福勝,2024-04-26,6950
1413,宏洲,7,0,7,福勝,2024-04-26,6950
4960,誠美材,260,20,240,福勝,2024-04-29,6950
1307,三芳,126,0,126,福勝,2024-04-29,6950
00706L,期元大S＆P日圓正2,125,0,125,福勝,2024-04-29,6950
3049,精金,105,5,100,福勝,2024-04-29,6950
00632R,元大台灣50反1,85,2,83,福勝,2024-04-29,6950
2618,長榮航,141,67,74,福勝,2024-04-29,6950
3232,昱捷,56,0,56,福勝,2024-04-29,6950
2867,三商壽,67,12,55,福勝,2024-04-29,6950
00940,元大台灣價值高息,46,0,46,福勝,2024-04-29,6950
1312,國喬,50,7,43,福勝,2024-04-29,6950
2371,大同,87,44,43,福勝,2024-04-29,6950
1609,大亞,74,35,39,福勝,2024-04-29,6950
6120,達運,37,1,36,福勝,2024-04-29,6950
4533,協易機,33,1,32,福勝,2024-04-29,6950
2010,春源,31,1,30,福勝,2024-04-29,6950
1604,聲寶,30,2,28,福勝,2024-04-29,6950
00929,復華台灣科技優息,26,6,20,福勝,2024-04-29,6950
2506,太設,20,0,20,福勝,2024-04-29,6950
4909,新復興,22,3,19,福勝,2024-04-29,6950
1413,宏洲,18,0,18,福勝,2024-04-29,6950
1605,華新,40,24,16,福勝,2024-04-29,6950
2884,玉山金,30,14,16,福勝,2024-04-29,6950
4958,臻鼎-KY,15,0,15,福勝,2024-04-29,6950
2363,矽統,41,27,14,福勝,2024-04-29,6950
1316,上曜,25,13,12,福勝,2024-04-29,6950
00937B,群益ESG投等債20,11,0,11,福勝,2024-04-29,6950
5457,宣德,11,0,11,福勝,2024-04-29,6950
6223,旺矽,13,2,11,福勝,2024-04-29,6950
1526,日馳,10,0,10,福勝,2024-04-29,6950
1570,力肯,10,0,10,福勝,2024-04-29,6950
2349,錸德,10,0,10,福勝,2024-04-29,6950
2601,益航,10,0,10,福勝,2024-04-29,6950
2890,永豐金,10,0,10,福勝,2024-04-29,6950
3221,台嘉碩,10,0,10,福勝,2024-04-29,6950
4114,健喬,10,0,10,福勝,2024-04-29,6950
4155,訊映,10,0,10,福勝,2024-04-29,6950
5522,遠雄,10,0,10,福勝,2024-04-29,6950
5864,致和證,11,1,10,福勝,2024-04-29,6950
4303,信立,17,8,9,福勝,2024-04-29,6950
5439,高技,13,4,9,福勝,2024-04-29,6950
2449,京元電子,25,17,8,福勝,2024-04-29,6950
2108,南帝,8,0,8,福勝,2024-04-29,6950
3706,神達,9,1,8,福勝,2024-04-29,6950
6269,台郡,10,2,8,福勝,2024-04-29,6950
6770,力積電,20,12,8,福勝,2024-04-29,6950
2323,中環,47,40,7,福勝,2024-04-29,6950
2605,新興,16,9,7,福勝,2024-04-29,6950
3013,晟銘電,7,0,7,福勝,2024-04-29,6950
1718,中纖,11,4,7,福勝,2024-04-29,6950
6143,振曜,9,3,6,福勝,2024-04-29,6950
4533,協易機,101,0,101,福勝,2024-04-30,6950
00878,國泰永續高股息,102,2,100,福勝,2024-04-30,6950
2515,中工,89,27,62,福勝,2024-04-30,6950
3711,日月光投控,59,0,59,福勝,2024-04-30,6950
1314,中石化,109,53,56,福勝,2024-04-30,6950
2371,大同,59,14,45,福勝,2024-04-30,6950
00919,群益台灣精選高息,41,0,41,福勝,2024-04-30,6950
2538,基泰,47,8,39,福勝,2024-04-30,6950
2610,華航,50,12,38,福勝,2024-04-30,6950
2501,國建,49,11,38,福勝,2024-04-30,6950
2888,新光金,35,0,35,福勝,2024-04-30,6950
1604,聲寶,40,7,33,福勝,2024-04-30,6950
5426,振發,38,5,33,福勝,2024-04-30,6950
2363,矽統,59,31,28,福勝,2024-04-30,6950
6227,茂綸,27,0,27,福勝,2024-04-30,6950
2883,凱基金,49,24,25,福勝,2024-04-30,6950
6190,萬泰科,23,0,23,福勝,2024-04-30,6950
6215,和椿,65,42,23,福勝,2024-04-30,6950
4108,懷特,22,0,22,福勝,2024-04-30,6950
00679B,元大美債20年,21,0,21,福勝,2024-04-30,6950
2449,京元電子,45,24,21,福勝,2024-04-30,6950
2880,華南金,36,15,21,福勝,2024-04-30,6950
00937B,群益ESG投等債20,20,0,20,福勝,2024-04-30,6950
1808,潤隆,20,0,20,福勝,2024-04-30,6950
2801,彰銀,20,0,20,福勝,2024-04-30,6950
2548,華固,30,11,19,福勝,2024-04-30,6950
5531,鄉林,31,13,18,福勝,2024-04-30,6950
4554,橙的,17,0,17,福勝,2024-04-30,6950
00929,復華台灣科技優息,27,11,16,福勝,2024-04-30,6950
2355,敬鵬,20,4,16,福勝,2024-04-30,6950
00632R,元大台灣50反1,15,0,15,福勝,2024-04-30,6950
2498,宏達電,15,0,15,福勝,2024-04-30,6950
2618,長榮航,57,42,15,福勝,2024-04-30,6950
3033,威健,17,3,14,福勝,2024-04-30,6950
2834,臺企銀,14,0,14,福勝,2024-04-30,6950
3189,景碩,12,1,11,福勝,2024-04-30,6950
00900,富邦特選高股息30,11,0,11,福勝,2024-04-30,6950
1907,永豐餘,11,0,11,福勝,2024-04-30,6950
2412,中華電,11,0,11,福勝,2024-04-30,6950
4303,信立,20,9,11,福勝,2024-04-30,6950
6278,台表科,25,14,11,福勝,2024-04-30,6950
2317,鴻海,21,10,11,福勝,2024-04-30,6950
00940,元大台灣價值高息,10,0,10,福勝,2024-04-30,6950
00934,中信成長高股息,10,0,10,福勝,2024-04-30,6950
2506,太設,10,0,10,福勝,2024-04-30,6950
2641,正德,10,0,10,福勝,2024-04-30,6950
3163,波若威,12,2,10,福勝,2024-04-30,6950
5516,雙喜,10,0,10,福勝,2024-04-30,6950
2884,玉山金,10,1,9,福勝,2024-04-30,6950
3363,上詮,11,2,9,福勝,2024-04-30,6950
00878,國泰永續高股息,183,6,177,福勝,2024-05-02,6950
1609,大亞,111,9,102,福勝,2024-05-02,6950
2101,南港,101,1,100,福勝,2024-05-02,6950
6770,力積電,97,4,93,福勝,2024-05-02,6950
00940,元大台灣價值高息,66,0,66,福勝,2024-05-02,6950
6213,聯茂,62,0,62,福勝,2024-05-02,6950
1440,南紡,54,3,51,福勝,2024-05-02,6950
2538,基泰,51,4,47,福勝,2024-05-02,6950
3056,富華新,46,1,45,福勝,2024-05-02,6950
3481,群創,42,5,37,福勝,2024-05-02,6950
2409,友達,58,23,35,福勝,2024-05-02,6950
2506,太設,31,0,31,福勝,2024-05-02,6950
2511,太子,33,2,31,福勝,2024-05-02,6950
2906,高林,30,0,30,福勝,2024-05-02,6950
4513,福裕,30,0,30,福勝,2024-05-02,6950
2330,台積電,29,0,29,福勝,2024-05-02,6950
00934,中信成長高股息,30,3,27,福勝,2024-05-02,6950
2371,大同,38,12,26,福勝,2024-05-02,6950
2731,雄獅,25,0,25,福勝,2024-05-02,6950
1604,聲寶,22,0,22,福勝,2024-05-02,6950
3231,緯創,38,17,21,福勝,2024-05-02,6950
4108,懷特,21,0,21,福勝,2024-05-02,6950
1474,弘裕,20,0,20,福勝,2024-05-02,6950
5525,順天,20,0,20,福勝,2024-05-02,6950
2748,雲品,18,0,18,福勝,2024-05-02,6950
5210,寶碩,18,0,18,福勝,2024-05-02,6950
5864,致和證,18,0,18,福勝,2024-05-02,6950
2882,國泰金,16,0,16,福勝,2024-05-02,6950
6190,萬泰科,16,0,16,福勝,2024-05-02,6950
00932,兆豐永續高息等權,14,0,14,福勝,2024-05-02,6950
00919,群益台灣精選高息,15,1,14,福勝,2024-05-02,6950
2014,中鴻,12,0,12,福勝,2024-05-02,6950
3715,定穎投控,17,6,11,福勝,2024-05-02,6950
2367,燿華,21,10,11,福勝,2024-05-02,6950
5213,亞昕,11,0,11,福勝,2024-05-02,6950
00937B,群益ESG投等債20,30,20,10,福勝,2024-05-02,6950
1570,力肯,10,0,10,福勝,2024-05-02,6950
2401,凌陽,13,3,10,福勝,2024-05-02,6950
3489,森寶,10,0,10,福勝,2024-05-02,6950
4109,加捷生醫,10,0,10,福勝,2024-05-02,6950
4588,玖鼎電力,10,0,10,福勝,2024-05-02,6950
1109,信大,10,0,10,福勝,2024-05-02,6950
1608,華榮,20,11,9,福勝,2024-05-02,6950
8926,台汽電,9,0,9,福勝,2024-05-02,6950
1413,宏洲,10,1,9,福勝,2024-05-02,6950
00929,復華台灣科技優息,24,15,9,福勝,2024-05-02,6950
2017,官田鋼,10,1,9,福勝,2024-05-02,6950
3037,欣興,11,2,9,福勝,2024-05-02,6950
5533,皇鼎,12,3,9,福勝,2024-05-02,6950
6230,尼得科超眾,14,5,9,福勝,2024-05-02,6950
8112,至上,573,23,550,福勝,2024-05-03,6950
2548,華固,542,0,542,福勝,2024-05-03,6950
6177,達麗,452,4,448,福勝,2024-05-03,6950
2891,中信金,151,13,138,福勝,2024-05-03,6950
5534,長虹,128,0,128,福勝,2024-05-03,6950
2618,長榮航,358,234,124,福勝,2024-05-03,6950
00919,群益台灣精選高息,78,3,75,福勝,2024-05-03,6950
1733,五鼎,68,0,68,福勝,2024-05-03,6950
00940,元大台灣價值高息,75,26,49,福勝,2024-05-03,6950
1736,喬山,44,0,44,福勝,2024-05-03,6950
6213,聯茂,46,2,44,福勝,2024-05-03,6950
3231,緯創,50,11,39,福勝,2024-05-03,6950
2812,台中銀,39,0,39,福勝,2024-05-03,6950
00937B,群益ESG投等債20,36,0,36,福勝,2024-05-03,6950
2511,太子,38,4,34,福勝,2024-05-03,6950
6015,宏遠證,33,0,33,福勝,2024-05-03,6950
2014,中鴻,27,0,27,福勝,2024-05-03,6950
00878,國泰永續高股息,27,1,26,福勝,2024-05-03,6950
1312,國喬,25,0,25,福勝,2024-05-03,6950
00679B,元大美債20年,24,0,24,福勝,2024-05-03,6950
2356,英業達,25,1,24,福勝,2024-05-03,6950
2516,新建,40,16,24,福勝,2024-05-03,6950
1314,中石化,40,17,23,福勝,2024-05-03,6950
00939,統一台灣高息動能,21,0,21,福勝,2024-05-03,6950
1605,華新,35,15,20,福勝,2024-05-03,6950
2426,鼎元,20,0,20,福勝,2024-05-03,6950
3511,矽瑪,20,0,20,福勝,2024-05-03,6950
5388,中磊,20,0,20,福勝,2024-05-03,6950
6120,達運,25,5,20,福勝,2024-05-03,6950
4714,永捷,31,12,19,福勝,2024-05-03,6950
5512,力麒,20,2,18,福勝,2024-05-03,6950
1316,上曜,24,8,16,福勝,2024-05-03,6950
2392,正崴,23,7,16,福勝,2024-05-03,6950
3030,德律,21,5,16,福勝,2024-05-03,6950
2025,千興,15,0,15,福勝,2024-05-03,6950
2371,大同,60,46,14,福勝,2024-05-03,6950
2465,麗臺,13,0,13,福勝,2024-05-03,6950
8064,東捷,30,17,13,福勝,2024-05-03,6950
2515,中工,25,12,13,福勝,2024-05-03,6950
3013,晟銘電,12,0,12,福勝,2024-05-03,6950
00933B,國泰10Y+金融債,12,0,12,福勝,2024-05-03,6950
6278,台表科,13,1,12,福勝,2024-05-03,6950
1442,名軒,12,1,11,福勝,2024-05-03,6950
2354,鴻準,14,3,11,福勝,2024-05-03,6950
2367,燿華,48,37,11,福勝,2024-05-03,6950
2634,漢翔,23,12,11,福勝,2024-05-03,6950
2913,農林,13,2,11,福勝,2024-05-03,6950
1218,泰山,10,0,10,福勝,2024-05-03,6950
1802,台玻,10,0,10,福勝,2024-05-03,6950
2606,裕民,14,4,10,福勝,2024-05-03,6950
1314,中石化,536,52,484,福勝,2024-05-06,6950
4532,瑞智,179,0,179,福勝,2024-05-06,6950
4306,炎洲,110,0,110,福勝,2024-05-06,6950
6770,力積電,63,5,58,福勝,2024-05-06,6950
1733,五鼎,53,0,53,福勝,2024-05-06,6950
00939,統一台灣高息動能,51,5,46,福勝,2024-05-06,6950
6120,達運,42,0,42,福勝,2024-05-06,6950
00715L,期街口布蘭特正2,40,0,40,福勝,2024-05-06,6950
2516,新建,40,0,40,福勝,2024-05-06,6950
6215,和椿,54,15,39,福勝,2024-05-06,6950
2836,高雄銀,38,0,38,福勝,2024-05-06,6950
3706,神達,43,8,35,福勝,2024-05-06,6950
9933,中鼎,33,1,32,福勝,2024-05-06,6950
2328,廣宇,28,1,27,福勝,2024-05-06,6950
2915,潤泰全,30,3,27,福勝,2024-05-06,6950
2449,京元電子,65,42,23,福勝,2024-05-06,6950
9955,佳龍,22,0,22,福勝,2024-05-06,6950
1604,聲寶,20,0,20,福勝,2024-05-06,6950
5521,工信,20,0,20,福勝,2024-05-06,6950
6016,康和證,20,0,20,福勝,2024-05-06,6950
00937B,群益ESG投等債20,20,1,19,福勝,2024-05-06,6950
00878,國泰永續高股息,26,8,18,福勝,2024-05-06,6950
4303,信立,31,14,17,福勝,2024-05-06,6950
4529,淳紳,16,0,16,福勝,2024-05-06,6950
2444,兆勁,15,0,15,福勝,2024-05-06,6950
6282,康舒,15,0,15,福勝,2024-05-06,6950
00918,大華優利高填息30,23,9,14,福勝,2024-05-06,6950
1608,華榮,16,2,14,福勝,2024-05-06,6950
2352,佳世達,13,0,13,福勝,2024-05-06,6950
3537,堡達,13,1,12,福勝,2024-05-06,6950
6163,華電網,16,4,12,福勝,2024-05-06,6950
2501,國建,24,13,11,福勝,2024-05-06,6950
8163,達方,11,0,11,福勝,2024-05-06,6950
2020,美亞,11,0,11,福勝,2024-05-06,6950
2547,日勝生,11,0,11,福勝,2024-05-06,6950
3163,波若威,11,0,11,福勝,2024-05-06,6950
3221,台嘉碩,11,0,11,福勝,2024-05-06,6950
8085,福華,18,7,11,福勝,2024-05-06,6950
3703,欣陸,11,1,10,福勝,2024-05-06,6950
00934,中信成長高股息,10,0,10,福勝,2024-05-06,6950
00795B,中信美國公債20年,10,0,10,福勝,2024-05-06,6950
00632R,元大台灣50反1,10,0,10,福勝,2024-05-06,6950
2852,第一保,10,0,10,福勝,2024-05-06,6950
3276,宇環,10,0,10,福勝,2024-05-06,6950
4526,東台,10,0,10,福勝,2024-05-06,6950
4953,緯軟,10,0,10,福勝,2024-05-06,6950
5439,高技,10,0,10,福勝,2024-05-06,6950
6576,逸達,10,0,10,福勝,2024-05-06,6950
8064,東捷,22,12,10,福勝,2024-05-06,6950
2543,皇昌,15,6,9,福勝,2024-05-06,6950
2897,王道銀行,144,0,144,福勝,2024-05-07,6950
8096,擎亞,222,82,140,福勝,2024-05-07,6950
4533,協易機,138,3,135,福勝,2024-05-07,6950
2610,華航,107,6,101,福勝,2024-05-07,6950
3535,晶彩科,80,1,79,福勝,2024-05-07,6950
1604,聲寶,73,0,73,福勝,2024-05-07,6950
4532,瑞智,74,2,72,福勝,2024-05-07,6950
00642U,期元大S＆P石油,70,0,70,福勝,2024-05-07,6950
2834,臺企銀,69,2,67,福勝,2024-05-07,6950
4303,信立,85,18,67,福勝,2024-05-07,6950
6005,群益證,57,0,57,福勝,2024-05-07,6950
2317,鴻海,77,23,54,福勝,2024-05-07,6950
3481,群創,65,20,45,福勝,2024-05-07,6950
2515,中工,41,4,37,福勝,2024-05-07,6950
4109,加捷生醫,40,4,36,福勝,2024-05-07,6950
00940,元大台灣價值高息,35,2,33,福勝,2024-05-07,6950
2344,華邦電,34,4,30,福勝,2024-05-07,6950
2915,潤泰全,30,0,30,福勝,2024-05-07,6950
3687,歐買尬,30,0,30,福勝,2024-05-07,6950
2486,一詮,53,24,29,福勝,2024-05-07,6950
2887,台新金,28,3,25,福勝,2024-05-07,6950
4167,松瑞藥,24,0,24,福勝,2024-05-07,6950
8996,高力,22,2,20,福勝,2024-05-07,6950
1727,中華化,20,0,20,福勝,2024-05-07,6950
2851,中再保,20,0,20,福勝,2024-05-07,6950
3706,神達,20,0,20,福勝,2024-05-07,6950
5512,力麒,35,15,20,福勝,2024-05-07,6950
4306,炎洲,17,0,17,福勝,2024-05-07,6950
2867,三商壽,15,0,15,福勝,2024-05-07,6950
5531,鄉林,25,10,15,福勝,2024-05-07,6950
6492,生華科,15,0,15,福勝,2024-05-07,6950
1314,中石化,59,44,15,福勝,2024-05-07,6950
2382,廣達,27,12,15,福勝,2024-05-07,6950
3013,晟銘電,23,9,14,福勝,2024-05-07,6950
1612,宏泰,14,1,13,福勝,2024-05-07,6950
3027,盛達,24,11,13,福勝,2024-05-07,6950
2354,鴻準,14,2,12,福勝,2024-05-07,6950
1503,士電,11,0,11,福勝,2024-05-07,6950
2323,中環,16,5,11,福勝,2024-05-07,6950
3033,威健,13,2,11,福勝,2024-05-07,6950
00902,中信電池及儲能,10,0,10,福勝,2024-05-07,6950
1536,和大,10,0,10,福勝,2024-05-07,6950
2516,新建,10,0,10,福勝,2024-05-07,6950
2547,日勝生,10,0,10,福勝,2024-05-07,6950
2612,中航,10,0,10,福勝,2024-05-07,6950
4108,懷特,10,0,10,福勝,2024-05-07,6950
5285,界霖,10,0,10,福勝,2024-05-07,6950
5864,致和證,10,0,10,福勝,2024-05-07,6950
2357,華碩,12,2,10,福勝,2024-05-07,6950
6282,康舒,12,2,10,福勝,2024-05-07,6950
2618,長榮航,182,13,169,福勝,2024-05-08,6950
00929,復華台灣科技優息,101,14,87,福勝,2024-05-08,6950
00940,元大台灣價值高息,86,11,75,福勝,2024-05-08,6950
8071,能率網通,71,0,71,福勝,2024-05-08,6950
1314,中石化,63,2,61,福勝,2024-05-08,6950
4526,東台,54,1,53,福勝,2024-05-08,6950
00945B,凱基美國非投等債,51,0,51,福勝,2024-05-08,6950
00932,兆豐永續高息等權,51,0,51,福勝,2024-05-08,6950
2327,國巨,42,0,42,福勝,2024-05-08,6950
2603,長榮,32,0,32,福勝,2024-05-08,6950
2409,友達,40,9,31,福勝,2024-05-08,6950
5871,中租-KY,34,3,31,福勝,2024-05-08,6950
2241,艾姆勒,30,0,30,福勝,2024-05-08,6950
6290,良維,30,0,30,福勝,2024-05-08,6950
00937B,群益ESG投等債20,24,0,24,福勝,2024-05-08,6950
6215,和椿,59,37,22,福勝,2024-05-08,6950
2543,皇昌,21,0,21,福勝,2024-05-08,6950
3013,晟銘電,25,4,21,福勝,2024-05-08,6950
00674R,期元大S＆P黃金反1,20,0,20,福勝,2024-05-08,6950
1714,和桐,20,0,20,福勝,2024-05-08,6950
2547,日勝生,20,0,20,福勝,2024-05-08,6950
5213,亞昕,20,0,20,福勝,2024-05-08,6950
00939,統一台灣高息動能,20,1,19,福勝,2024-05-08,6950
1532,勤美,17,0,17,福勝,2024-05-08,6950
1721,三晃,20,3,17,福勝,2024-05-08,6950
2101,南港,17,0,17,福勝,2024-05-08,6950
3296,勝德,17,0,17,福勝,2024-05-08,6950
2359,所羅門,26,10,16,福勝,2024-05-08,6950
3034,聯詠,15,0,15,福勝,2024-05-08,6950
00679B,元大美債20年,14,0,14,福勝,2024-05-08,6950
1513,中興電,18,4,14,福勝,2024-05-08,6950
5521,工信,14,0,14,福勝,2024-05-08,6950
2009,第一銅,13,0,13,福勝,2024-05-08,6950
4108,懷特,13,0,13,福勝,2024-05-08,6950
1616,億泰,13,1,12,福勝,2024-05-08,6950
3036,文曄,12,0,12,福勝,2024-05-08,6950
3062,建漢,12,0,12,福勝,2024-05-08,6950
3481,群創,13,1,12,福勝,2024-05-08,6950
2449,京元電子,20,9,11,福勝,2024-05-08,6950
1319,東陽,11,0,11,福勝,2024-05-08,6950
1524,耿鼎,12,1,11,福勝,2024-05-08,6950
2313,華通,10,0,10,福勝,2024-05-08,6950
2537,聯上發,10,0,10,福勝,2024-05-08,6950
2915,潤泰全,10,0,10,福勝,2024-05-08,6950
6120,達運,10,0,10,福勝,2024-05-08,6950
6505,台塑化,10,0,10,福勝,2024-05-08,6950
8034,榮群,10,0,10,福勝,2024-05-08,6950
8103,瀚荃,10,0,10,福勝,2024-05-08,6950
9907,統一實,10,0,10,福勝,2024-05-08,6950
4967,十銓,18,9,9,福勝,2024-05-08,6950
00946,群益科技高息成長,110,0,110,福勝,2024-05-09,6950
2883,凱基金,111,1,110,福勝,2024-05-09,6950
2367,燿華,125,23,102,福勝,2024-05-09,6950
00929,復華台灣科技優息,105,4,101,福勝,2024-05-09,6950
2618,長榮航,99,21,78,福勝,2024-05-09,6950
4532,瑞智,74,2,72,福勝,2024-05-09,6950
4533,協易機,64,0,64,福勝,2024-05-09,6950
2409,友達,57,0,57,福勝,2024-05-09,6950
3363,上詮,50,0,50,福勝,2024-05-09,6950
8071,能率網通,50,0,50,福勝,2024-05-09,6950
2344,華邦電,51,4,47,福勝,2024-05-09,6950
8096,擎亞,53,6,47,福勝,2024-05-09,6950
2371,大同,72,28,44,福勝,2024-05-09,6950
00937B,群益ESG投等債20,45,2,43,福勝,2024-05-09,6950
2610,華航,48,7,41,福勝,2024-05-09,6950
3481,群創,41,0,41,福勝,2024-05-09,6950
3231,緯創,48,11,37,福勝,2024-05-09,6950
3260,威剛,38,2,36,福勝,2024-05-09,6950
00940,元大台灣價值高息,37,3,34,福勝,2024-05-09,6950
5426,振發,32,0,32,福勝,2024-05-09,6950
1909,榮成,30,0,30,福勝,2024-05-09,6950
2109,華豐,30,1,29,福勝,2024-05-09,6950
2427,三商電,31,2,29,福勝,2024-05-09,6950
2515,中工,34,6,28,福勝,2024-05-09,6950
2605,新興,36,8,28,福勝,2024-05-09,6950
1314,中石化,32,5,27,福勝,2024-05-09,6950
2363,矽統,39,13,26,福勝,2024-05-09,6950
6492,生華科,25,0,25,福勝,2024-05-09,6950
00878,國泰永續高股息,36,13,23,福勝,2024-05-09,6950
2025,千興,23,0,23,福勝,2024-05-09,6950
1515,力山,24,3,21,福勝,2024-05-09,6950
2062,橋椿,21,1,20,福勝,2024-05-09,6950
8432,東生華,20,0,20,福勝,2024-05-09,6950
8011,台通,21,2,19,福勝,2024-05-09,6950
00944,野村趨勢動能高息,18,0,18,福勝,2024-05-09,6950
6187,萬潤,18,0,18,福勝,2024-05-09,6950
00932,兆豐永續高息等權,17,0,17,福勝,2024-05-09,6950
6770,力積電,16,0,16,福勝,2024-05-09,6950
2543,皇昌,15,0,15,福勝,2024-05-09,6950
3312,弘憶股,17,2,15,福勝,2024-05-09,6950
8112,至上,15,1,14,福勝,2024-05-09,6950
2365,昆盈,14,0,14,福勝,2024-05-09,6950
8089,康全電訊,16,2,14,福勝,2024-05-09,6950
1609,大亞,48,35,13,福勝,2024-05-09,6950
1570,力肯,13,0,13,福勝,2024-05-09,6950
1532,勤美,12,0,12,福勝,2024-05-09,6950
1785,光洋科,11,0,11,福勝,2024-05-09,6950
2101,南港,11,0,11,福勝,2024-05-09,6950
6282,康舒,15,4,11,福勝,2024-05-09,6950
3034,聯詠,10,0,10,福勝,2024-05-09,6950
00937B,群益ESG投等債20,145,0,145,福勝,2024-05-10,6950
00929,復華台灣科技優息,164,34,130,福勝,2024-05-10,6950
5521,工信,109,5,104,福勝,2024-05-10,6950
00761B,國泰A級公司債,99,0,99,福勝,2024-05-10,6950
2897,王道銀行,84,0,84,福勝,2024-05-10,6950
1110,東泥,50,0,50,福勝,2024-05-10,6950
4714,永捷,50,2,48,福勝,2024-05-10,6950
2409,友達,47,0,47,福勝,2024-05-10,6950
00878,國泰永續高股息,108,70,38,福勝,2024-05-10,6950
2371,大同,44,9,35,福勝,2024-05-10,6950
1460,宏遠,32,0,32,福勝,2024-05-10,6950
6719,力智,32,0,32,福勝,2024-05-10,6950
5512,力麒,36,5,31,福勝,2024-05-10,6950
2905,三商,30,1,29,福勝,2024-05-10,6950
2338,光罩,29,2,27,福勝,2024-05-10,6950
6125,廣運,33,6,27,福勝,2024-05-10,6950
3376,新日興,26,0,26,福勝,2024-05-10,6950
00946,群益科技高息成長,41,16,25,福勝,2024-05-10,6950
1736,喬山,35,10,25,福勝,2024-05-10,6950
4533,協易機,24,0,24,福勝,2024-05-10,6950
00753L,中信中國50正2,21,0,21,福勝,2024-05-10,6950
1817,凱撒衛,21,0,21,福勝,2024-05-10,6950
1614,三洋電,20,0,20,福勝,2024-05-10,6950
2313,華通,23,3,20,福勝,2024-05-10,6950
2534,宏盛,20,0,20,福勝,2024-05-10,6950
2809,京城銀,20,0,20,福勝,2024-05-10,6950
8112,至上,25,5,20,福勝,2024-05-10,6950
6244,茂迪,25,6,19,福勝,2024-05-10,6950
3564,其陽,21,4,17,福勝,2024-05-10,6950
00942B,台新美A公司債20+,15,0,15,福勝,2024-05-10,6950
2538,基泰,15,0,15,福勝,2024-05-10,6950
2612,中航,18,3,15,福勝,2024-05-10,6950
2317,鴻海,28,14,14,福勝,2024-05-10,6950
2606,裕民,25,11,14,福勝,2024-05-10,6950
1316,上曜,14,0,14,福勝,2024-05-10,6950
2421,建準,19,6,13,福勝,2024-05-10,6950
2617,台航,26,13,13,福勝,2024-05-10,6950
2888,新光金,32,19,13,福勝,2024-05-10,6950
3706,神達,15,2,13,福勝,2024-05-10,6950
4967,十銓,15,2,13,福勝,2024-05-10,6950
1515,力山,12,0,12,福勝,2024-05-10,6950
2316,楠梓電,12,0,12,福勝,2024-05-10,6950
2637,慧洋-KY,15,3,12,福勝,2024-05-10,6950
3481,群創,25,14,11,福勝,2024-05-10,6950
2357,華碩,11,0,11,福勝,2024-05-10,6950
6015,宏遠證,11,0,11,福勝,2024-05-10,6950
8096,擎亞,12,1,11,福勝,2024-05-10,6950
2472,立隆電,10,0,10,福勝,2024-05-10,6950
6505,台塑化,10,0,10,福勝,2024-05-10,6950
6576,逸達,10,0,10,福勝,2024-05-10,6950
2618,長榮航,189,57,132,福勝,2024-05-13,6950
2888,新光金,123,10,113,福勝,2024-05-13,6950
00929,復華台灣科技優息,109,1,108,福勝,2024-05-13,6950
2101,南港,107,6,101,福勝,2024-05-13,6950
2897,王道銀行,100,1,99,福勝,2024-05-13,6950
00642U,期元大S＆P石油,90,0,90,福勝,2024-05-13,6950
00940,元大台灣價值高息,103,17,86,福勝,2024-05-13,6950
4532,瑞智,84,0,84,福勝,2024-05-13,6950
5521,工信,73,2,71,福勝,2024-05-13,6950
00937B,群益ESG投等債20,71,1,70,福勝,2024-05-13,6950
6116,彩晶,60,0,60,福勝,2024-05-13,6950
3231,緯創,55,1,54,福勝,2024-05-13,6950
5392,能率,37,2,35,福勝,2024-05-13,6950
8071,能率網通,69,35,34,福勝,2024-05-13,6950
2641,正德,50,17,33,福勝,2024-05-13,6950
9955,佳龍,30,0,30,福勝,2024-05-13,6950
1513,中興電,46,17,29,福勝,2024-05-13,6950
2887,台新金,28,1,27,福勝,2024-05-13,6950
00919,群益台灣精選高息,54,29,25,福勝,2024-05-13,6950
6182,合晶,25,0,25,福勝,2024-05-13,6950
00918,大華優利高填息30,24,0,24,福勝,2024-05-13,6950
3047,訊舟,35,11,24,福勝,2024-05-13,6950
2834,臺企銀,24,0,24,福勝,2024-05-13,6950
00878,國泰永續高股息,39,16,23,福勝,2024-05-13,6950
1905,華紙,23,0,23,福勝,2024-05-13,6950
2426,鼎元,23,0,23,福勝,2024-05-13,6950
4562,穎漢,26,3,23,福勝,2024-05-13,6950
3260,威剛,26,4,22,福勝,2024-05-13,6950
00857B,永豐20年美公債,21,0,21,福勝,2024-05-13,6950
2543,皇昌,31,10,21,福勝,2024-05-13,6950
0056,元大高股息,21,0,21,福勝,2024-05-13,6950
1101,台泥,40,20,20,福勝,2024-05-13,6950
3390,旭軟,40,20,20,福勝,2024-05-13,6950
2486,一詮,20,1,19,福勝,2024-05-13,6950
1460,宏遠,18,0,18,福勝,2024-05-13,6950
2105,正新,20,2,18,福勝,2024-05-13,6950
6125,廣運,24,7,17,福勝,2024-05-13,6950
2317,鴻海,29,12,17,福勝,2024-05-13,6950
2421,建準,16,0,16,福勝,2024-05-13,6950
2515,中工,18,2,16,福勝,2024-05-13,6950
2388,威盛,15,1,14,福勝,2024-05-13,6950
4167,松瑞藥,21,7,14,福勝,2024-05-13,6950
4714,永捷,15,1,14,福勝,2024-05-13,6950
3036,文曄,13,0,13,福勝,2024-05-13,6950
2408,南亞科,15,3,12,福勝,2024-05-13,6950
2852,第一保,12,0,12,福勝,2024-05-13,6950
3324,雙鴻,13,2,11,福勝,2024-05-13,6950
2704,國賓,11,0,11,福勝,2024-05-13,6950
2363,矽統,18,7,11,福勝,2024-05-13,6950
00942B,台新美A公司債20+,10,0,10,福勝,2024-05-13,6950
00937B,群益ESG投等債20,122,0,122,福勝,2024-05-14,6950
00632R,元大台灣50反1,100,0,100,福勝,2024-05-14,6950
00665L,富邦�琤肭磪囓�2,101,1,100,福勝,2024-05-14,6950
00929,復華台灣科技優息,93,1,92,福勝,2024-05-14,6950
2630,亞航,97,9,88,福勝,2024-05-14,6950
1312,國喬,60,0,60,福勝,2024-05-14,6950
2892,第一金,53,0,53,福勝,2024-05-14,6950
2377,微星,50,1,49,福勝,2024-05-14,6950
3481,群創,53,10,43,福勝,2024-05-14,6950
2371,大同,81,39,42,福勝,2024-05-14,6950
1513,中興電,46,8,38,福勝,2024-05-14,6950
00940,元大台灣價值高息,48,16,32,福勝,2024-05-14,6950
2801,彰銀,30,0,30,福勝,2024-05-14,6950
2838,聯邦銀,30,0,30,福勝,2024-05-14,6950
2611,志信,27,4,23,福勝,2024-05-14,6950
3041,揚智,23,0,23,福勝,2024-05-14,6950
3231,緯創,26,3,23,福勝,2024-05-14,6950
00878,國泰永續高股息,66,45,21,福勝,2024-05-14,6950
2704,國賓,20,0,20,福勝,2024-05-14,6950
3390,旭軟,20,0,20,福勝,2024-05-14,6950
4306,炎洲,20,0,20,福勝,2024-05-14,6950
9945,潤泰新,23,3,20,福勝,2024-05-14,6950
2374,佳能,43,23,20,福勝,2024-05-14,6950
00753L,中信中國50正2,20,1,19,福勝,2024-05-14,6950
1524,耿鼎,24,5,19,福勝,2024-05-14,6950
8089,康全電訊,19,0,19,福勝,2024-05-14,6950
1314,中石化,46,27,19,福勝,2024-05-14,6950
2353,宏��,47,29,18,福勝,2024-05-14,6950
2465,麗臺,18,0,18,福勝,2024-05-14,6950
6770,力積電,19,3,16,福勝,2024-05-14,6950
2488,漢平,15,0,15,福勝,2024-05-14,6950
3049,精金,15,0,15,福勝,2024-05-14,6950
3060,銘異,15,0,15,福勝,2024-05-14,6950
9933,中鼎,15,2,13,福勝,2024-05-14,6950
2482,連宇,16,4,12,福勝,2024-05-14,6950
2301,光寶科,12,0,12,福勝,2024-05-14,6950
3162,精確,12,0,12,福勝,2024-05-14,6950
1503,士電,12,1,11,福勝,2024-05-14,6950
1504,東元,16,5,11,福勝,2024-05-14,6950
3232,昱捷,11,0,11,福勝,2024-05-14,6950
2206,三陽工業,14,3,11,福勝,2024-05-14,6950
1519,華城,16,6,10,福勝,2024-05-14,6950
00900,富邦特選高股息30,10,0,10,福勝,2024-05-14,6950
1604,聲寶,20,10,10,福勝,2024-05-14,6950
1731,美吾華,10,0,10,福勝,2024-05-14,6950
2427,三商電,10,0,10,福勝,2024-05-14,6950
2701,萬企,10,0,10,福勝,2024-05-14,6950
2723,美食-KY,10,0,10,福勝,2024-05-14,6950
3356,奇偶,10,0,10,福勝,2024-05-14,6950
6177,達麗,10,0,10,福勝,2024-05-14,6950
00715L,期街口布蘭特正2,201,0,201,福勝,2024-05-15,6950
2356,英業達,234,34,200,福勝,2024-05-15,6950
1314,中石化,103,0,103,福勝,2024-05-15,6950
2020,美亞,60,1,59,福勝,2024-05-15,6950
00937B,群益ESG投等債20,63,6,57,福勝,2024-05-15,6950
3360,尚立,60,4,56,福勝,2024-05-15,6950
5392,能率,43,2,41,福勝,2024-05-15,6950
2406,國碩,36,2,34,福勝,2024-05-15,6950
2515,中工,33,0,33,福勝,2024-05-15,6950
00850,元大臺灣ESG永續,30,0,30,福勝,2024-05-15,6950
2482,連宇,32,3,29,福勝,2024-05-15,6950
2609,陽明,93,67,26,福勝,2024-05-15,6950
00919,群益台灣精選高息,45,20,25,福勝,2024-05-15,6950
3049,精金,25,0,25,福勝,2024-05-15,6950
6188,廣明,36,11,25,福勝,2024-05-15,6950
2371,大同,34,11,23,福勝,2024-05-15,6950
2208,台船,21,0,21,福勝,2024-05-15,6950
00932,兆豐永續高息等權,20,0,20,福勝,2024-05-15,6950
6114,久威,20,0,20,福勝,2024-05-15,6950
2353,宏��,30,10,20,福勝,2024-05-15,6950
8071,能率網通,20,0,20,福勝,2024-05-15,6950
00940,元大台灣價值高息,22,3,19,福勝,2024-05-15,6950
2324,仁寶,32,13,19,福勝,2024-05-15,6950
3059,華晶科,20,1,19,福勝,2024-05-15,6950
2801,彰銀,20,3,17,福勝,2024-05-15,6950
4532,瑞智,17,0,17,福勝,2024-05-15,6950
2464,盟立,19,3,16,福勝,2024-05-15,6950
2486,一詮,45,29,16,福勝,2024-05-15,6950
2610,華航,19,5,14,福勝,2024-05-15,6950
8011,台通,14,0,14,福勝,2024-05-15,6950
2613,中櫃,13,0,13,福勝,2024-05-15,6950
3013,晟銘電,18,5,13,福勝,2024-05-15,6950
3702,大聯大,14,1,13,福勝,2024-05-15,6950
5521,工信,12,0,12,福勝,2024-05-15,6950
1582,信錦,12,1,11,福勝,2024-05-15,6950
2605,新興,14,3,11,福勝,2024-05-15,6950
2630,亞航,11,0,11,福勝,2024-05-15,6950
3037,欣興,12,1,11,福勝,2024-05-15,6950
2618,長榮航,30,20,10,福勝,2024-05-15,6950
00632R,元大台灣50反1,10,0,10,福勝,2024-05-15,6950
2851,中再保,10,0,10,福勝,2024-05-15,6950
6244,茂迪,22,12,10,福勝,2024-05-15,6950
6576,逸達,10,0,10,福勝,2024-05-15,6950
9105,泰金寶-DR,10,0,10,福勝,2024-05-15,6950
2317,鴻海,42,33,9,福勝,2024-05-15,6950
1515,力山,9,0,9,福勝,2024-05-15,6950
2354,鴻準,20,11,9,福勝,2024-05-15,6950
2388,威盛,10,1,9,福勝,2024-05-15,6950
2495,普安,11,2,9,福勝,2024-05-15,6950
4909,新復興,10,1,9,福勝,2024-05-15,6950
00632R,元大台灣50反1,839,0,839,福勝,2024-05-16,6950
00761B,國泰A級公司債,132,0,132,福勝,2024-05-16,6950
5392,能率,115,45,70,福勝,2024-05-16,6950
00937B,群益ESG投等債20,59,1,58,福勝,2024-05-16,6950
9945,潤泰新,78,26,52,福勝,2024-05-16,6950
3231,緯創,62,10,52,福勝,2024-05-16,6950
2356,英業達,86,35,51,福勝,2024-05-16,6950
2101,南港,149,101,48,福勝,2024-05-16,6950
2382,廣達,72,29,43,福勝,2024-05-16,6950
2515,中工,41,0,41,福勝,2024-05-16,6950
4960,誠美材,40,1,39,福勝,2024-05-16,6950
6451,訊芯-KY,32,0,32,福勝,2024-05-16,6950
2801,彰銀,31,0,31,福勝,2024-05-16,6950
4711,永純,31,0,31,福勝,2024-05-16,6950
5426,振發,30,1,29,福勝,2024-05-16,6950
3520,華盈,29,1,28,福勝,2024-05-16,6950
00878,國泰永續高股息,51,27,24,福勝,2024-05-16,6950
00929,復華台灣科技優息,63,39,24,福勝,2024-05-16,6950
4533,協易機,28,4,24,福勝,2024-05-16,6950
2543,皇昌,30,7,23,福勝,2024-05-16,6950
5515,建國,22,0,22,福勝,2024-05-16,6950
2547,日勝生,20,0,20,福勝,2024-05-16,6950
2323,中環,29,10,19,福勝,2024-05-16,6950
2368,金像電,31,13,18,福勝,2024-05-16,6950
3390,旭軟,38,20,18,福勝,2024-05-16,6950
3002,歐格,15,0,15,福勝,2024-05-16,6950
4908,前鼎,21,6,15,福勝,2024-05-16,6950
5498,凱崴,15,0,15,福勝,2024-05-16,6950
2329,華泰,27,13,14,福勝,2024-05-16,6950
5608,四維航,21,7,14,福勝,2024-05-16,6950
6189,豐藝,20,7,13,福勝,2024-05-16,6950
2371,大同,28,15,13,福勝,2024-05-16,6950
00751B,元大AAA至A公司債,13,1,12,福勝,2024-05-16,6950
00891,中信關鍵半導體,12,0,12,福勝,2024-05-16,6950
1442,名軒,16,4,12,福勝,2024-05-16,6950
2352,佳世達,27,15,12,福勝,2024-05-16,6950
2881,富邦金,25,13,12,福勝,2024-05-16,6950
3033,威健,17,5,12,福勝,2024-05-16,6950
1617,榮星,16,5,11,福勝,2024-05-16,6950
2484,希華,11,0,11,福勝,2024-05-16,6950
1316,上曜,10,0,10,福勝,2024-05-16,6950
1524,耿鼎,11,1,10,福勝,2024-05-16,6950
1731,美吾華,10,0,10,福勝,2024-05-16,6950
2439,美律,10,0,10,福勝,2024-05-16,6950
2915,潤泰全,10,0,10,福勝,2024-05-16,6950
3049,精金,10,0,10,福勝,2024-05-16,6950
3207,耀勝,10,0,10,福勝,2024-05-16,6950
5210,寶碩,10,0,10,福勝,2024-05-16,6950
6213,聯茂,14,4,10,福勝,2024-05-16,6950
912000,晨訊科-DR,10,0,10,福勝,2024-05-16,6950
2867,三商壽,492,45,447,福勝,2024-05-17,6950
00929,復華台灣科技優息,207,1,206,福勝,2024-05-17,6950
2312,金寶,115,5,110,福勝,2024-05-17,6950
1721,三晃,90,0,90,福勝,2024-05-17,6950
2489,瑞軒,100,18,82,福勝,2024-05-17,6950
1460,宏遠,70,0,70,福勝,2024-05-17,6950
1608,華榮,66,5,61,福勝,2024-05-17,6950
2317,鴻海,76,19,57,福勝,2024-05-17,6950
00632R,元大台灣50反1,50,0,50,福勝,2024-05-17,6950
2324,仁寶,68,20,48,福勝,2024-05-17,6950
2376,技嘉,55,10,45,福勝,2024-05-17,6950
9945,潤泰新,76,31,45,福勝,2024-05-17,6950
3265,台星科,45,7,38,福勝,2024-05-17,6950
2374,佳能,75,38,37,福勝,2024-05-17,6950
00919,群益台灣精選高息,37,3,34,福勝,2024-05-17,6950
2101,南港,33,1,32,福勝,2024-05-17,6950
1409,新纖,30,0,30,福勝,2024-05-17,6950
3570,大塚,24,0,24,福勝,2024-05-17,6950
8011,台通,25,1,24,福勝,2024-05-17,6950
2241,艾姆勒,25,3,22,福勝,2024-05-17,6950
3706,神達,26,4,22,福勝,2024-05-17,6950
6770,力積電,40,18,22,福勝,2024-05-17,6950
2801,彰銀,21,0,21,福勝,2024-05-17,6950
1727,中華化,20,0,20,福勝,2024-05-17,6950
6116,彩晶,20,0,20,福勝,2024-05-17,6950
6282,康舒,19,0,19,福勝,2024-05-17,6950
2408,南亞科,19,2,17,福勝,2024-05-17,6950
1524,耿鼎,22,6,16,福勝,2024-05-17,6950
2609,陽明,41,25,16,福勝,2024-05-17,6950
00940,元大台灣價值高息,16,1,15,福勝,2024-05-17,6950
1905,華紙,15,1,14,福勝,2024-05-17,6950
2486,一詮,20,6,14,福勝,2024-05-17,6950
6147,頎邦,13,0,13,福勝,2024-05-17,6950
1513,中興電,13,1,12,福勝,2024-05-17,6950
1517,利奇,12,0,12,福勝,2024-05-17,6950
2349,錸德,30,18,12,福勝,2024-05-17,6950
2605,新興,15,3,12,福勝,2024-05-17,6950
1522,堤維西,11,0,11,福勝,2024-05-17,6950
2401,凌陽,14,3,11,福勝,2024-05-17,6950
3490,單井,15,4,11,福勝,2024-05-17,6950
00902,中信電池及儲能,10,0,10,福勝,2024-05-17,6950
00927,群益半導體收益,10,0,10,福勝,2024-05-17,6950
2417,圓剛,14,4,10,福勝,2024-05-17,6950
8088,品安,10,0,10,福勝,2024-05-17,6950
2449,京元電子,17,7,10,福勝,2024-05-17,6950
2009,第一銅,9,0,9,福勝,2024-05-17,6950
3060,銘異,42,33,9,福勝,2024-05-17,6950
3017,奇鋐,12,4,8,福勝,2024-05-17,6950
1503,士電,8,1,7,福勝,2024-05-17,6950
2834,臺企銀,7,0,7,福勝,2024-05-17,6950
1314,中石化,201,1,200,福勝,2024-05-20,6950
2543,皇昌,162,0,162,福勝,2024-05-20,6950
00632R,元大台灣50反1,110,2,108,福勝,2024-05-20,6950
00929,復華台灣科技優息,178,76,102,福勝,2024-05-20,6950
2867,三商壽,104,32,72,福勝,2024-05-20,6950
2367,燿華,91,20,71,福勝,2024-05-20,6950
1218,泰山,65,0,65,福勝,2024-05-20,6950
1460,宏遠,65,0,65,福勝,2024-05-20,6950
3231,緯創,66,6,60,福勝,2024-05-20,6950
00882,中信中國高股息,60,1,59,福勝,2024-05-20,6950
00944,野村趨勢動能高息,55,0,55,福勝,2024-05-20,6950
00713,元大台灣高息低波,52,0,52,福勝,2024-05-20,6950
00937B,群益ESG投等債20,48,0,48,福勝,2024-05-20,6950
5533,皇鼎,50,2,48,福勝,2024-05-20,6950
00751B,元大AAA至A公司債,45,0,45,福勝,2024-05-20,6950
5392,能率,51,11,40,福勝,2024-05-20,6950
00940,元大台灣價值高息,49,10,39,福勝,2024-05-20,6950
1731,美吾華,32,0,32,福勝,2024-05-20,6950
6282,康舒,30,0,30,福勝,2024-05-20,6950
6016,康和證,29,0,29,福勝,2024-05-20,6950
1609,大亞,32,3,29,福勝,2024-05-20,6950
5522,遠雄,25,0,25,福勝,2024-05-20,6950
2603,長榮,34,9,25,福勝,2024-05-20,6950
2317,鴻海,31,7,24,福勝,2024-05-20,6950
4533,協易機,40,17,23,福勝,2024-05-20,6950
6167,久正,22,0,22,福勝,2024-05-20,6950
2881,富邦金,21,0,21,福勝,2024-05-20,6950
3686,達能,21,0,21,福勝,2024-05-20,6950
4906,正文,30,9,21,福勝,2024-05-20,6950
00943,兆豐電子高息等權,20,0,20,福勝,2024-05-20,6950
00679B,元大美債20年,20,0,20,福勝,2024-05-20,6950
2515,中工,25,5,20,福勝,2024-05-20,6950
2382,廣達,26,7,19,福勝,2024-05-20,6950
5009,榮剛,29,10,19,福勝,2024-05-20,6950
912000,晨訊科-DR,19,0,19,福勝,2024-05-20,6950
2641,正德,18,0,18,福勝,2024-05-20,6950
1504,東元,17,0,17,福勝,2024-05-20,6950
2211,長榮鋼,16,0,16,福勝,2024-05-20,6950
6139,亞翔,18,2,16,福勝,2024-05-20,6950
6770,力積電,25,9,16,福勝,2024-05-20,6950
2504,國產,22,7,15,福勝,2024-05-20,6950
4562,穎漢,15,0,15,福勝,2024-05-20,6950
6226,光鼎,15,0,15,福勝,2024-05-20,6950
3294,英濟,31,17,14,福勝,2024-05-20,6950
2355,敬鵬,15,2,13,福勝,2024-05-20,6950
2882,國泰金,17,4,13,福勝,2024-05-20,6950
5519,隆大,13,0,13,福勝,2024-05-20,6950
1591,駿吉-KY,12,0,12,福勝,2024-05-20,6950
1608,華榮,82,70,12,福勝,2024-05-20,6950
8033,雷虎,12,1,11,福勝,2024-05-20,6950
00919,群益台灣精選高息,119,16,103,福勝,2024-05-21,6950
2516,新建,132,50,82,福勝,2024-05-21,6950
1905,華紙,62,0,62,福勝,2024-05-21,6950
1604,聲寶,61,0,61,福勝,2024-05-21,6950
2618,長榮航,83,24,59,福勝,2024-05-21,6950
2501,國建,60,4,56,福勝,2024-05-21,6950
2007,燁興,52,1,51,福勝,2024-05-21,6950
2409,友達,42,4,38,福勝,2024-05-21,6950
2610,華航,55,18,37,福勝,2024-05-21,6950
00878,國泰永續高股息,35,1,34,福勝,2024-05-21,6950
6282,康舒,32,0,32,福勝,2024-05-21,6950
1110,東泥,30,0,30,福勝,2024-05-21,6950
4306,炎洲,50,20,30,福勝,2024-05-21,6950
2887,台新金,30,4,26,福勝,2024-05-21,6950
2832,台產,25,0,25,福勝,2024-05-21,6950
4526,東台,25,0,25,福勝,2024-05-21,6950
3024,憶聲,31,7,24,福勝,2024-05-21,6950
00720B,元大投資級公司債,32,10,22,福勝,2024-05-21,6950
2881,富邦金,23,1,22,福勝,2024-05-21,6950
4503,金雨,20,0,20,福勝,2024-05-21,6950
3033,威健,31,13,18,福勝,2024-05-21,6950
912000,晨訊科-DR,18,0,18,福勝,2024-05-21,6950
2882,國泰金,17,0,17,福勝,2024-05-21,6950
8033,雷虎,17,0,17,福勝,2024-05-21,6950
1609,大亞,18,1,17,福勝,2024-05-21,6950
1305,華夏,15,0,15,福勝,2024-05-21,6950
2363,矽統,27,12,15,福勝,2024-05-21,6950
3702,大聯大,16,1,15,福勝,2024-05-21,6950
00940,元大台灣價值高息,24,10,14,福勝,2024-05-21,6950
2890,永豐金,18,5,13,福勝,2024-05-21,6950
2323,中環,18,6,12,福勝,2024-05-21,6950
3265,台星科,12,0,12,福勝,2024-05-21,6950
3049,精金,13,2,11,福勝,2024-05-21,6950
3481,群創,11,0,11,福勝,2024-05-21,6950
4909,新復興,11,0,11,福勝,2024-05-21,6950
6126,信音,11,0,11,福勝,2024-05-21,6950
6180,橘子,11,0,11,福勝,2024-05-21,6950
2356,英業達,22,11,11,福勝,2024-05-21,6950
2374,佳能,22,12,10,福勝,2024-05-21,6950
00944,野村趨勢動能高息,10,0,10,福勝,2024-05-21,6950
00706L,期元大S＆P日圓正2,10,0,10,福勝,2024-05-21,6950
1514,亞力,10,0,10,福勝,2024-05-21,6950
1517,利奇,10,0,10,福勝,2024-05-21,6950
2617,台航,10,0,10,福勝,2024-05-21,6950
3645,達邁,10,0,10,福勝,2024-05-21,6950
4562,穎漢,10,0,10,福勝,2024-05-21,6950
6026,福邦證,10,0,10,福勝,2024-05-21,6950
1409,新纖,9,0,9,福勝,2024-05-21,6950
2506,太設,12,3,9,福勝,2024-05-21,6950
3557,嘉威,8,0,8,福勝,2024-05-21,6950
00632R,元大台灣50反1,500,0,500,福勝,2024-05-22,6950
4533,協易機,144,2,142,福勝,2024-05-22,6950
2610,華航,102,23,79,福勝,2024-05-22,6950
2618,長榮航,74,0,74,福勝,2024-05-22,6950
3059,華晶科,80,13,67,福勝,2024-05-22,6950
1608,華榮,74,12,62,福勝,2024-05-22,6950
2367,燿華,79,21,58,福勝,2024-05-22,6950
2495,普安,70,15,55,福勝,2024-05-22,6950
3481,群創,103,52,51,福勝,2024-05-22,6950
5426,振發,47,2,45,福勝,2024-05-22,6950
2801,彰銀,47,5,42,福勝,2024-05-22,6950
2354,鴻準,40,2,38,福勝,2024-05-22,6950
2489,瑞軒,42,5,37,福勝,2024-05-22,6950
1609,大亞,56,20,36,福勝,2024-05-22,6950
2514,龍邦,36,2,34,福勝,2024-05-22,6950
2002,中鋼,33,0,33,福勝,2024-05-22,6950
5371,中光電,46,14,32,福勝,2024-05-22,6950
2376,技嘉,33,7,26,福勝,2024-05-22,6950
2352,佳世達,23,0,23,福勝,2024-05-22,6950
2371,大同,26,4,22,福勝,2024-05-22,6950
5009,榮剛,22,1,21,福勝,2024-05-22,6950
00905,FT臺灣Smart,20,0,20,福勝,2024-05-22,6950
2032,新鋼,20,0,20,福勝,2024-05-22,6950
6125,廣運,38,19,19,福勝,2024-05-22,6950
3363,上詮,20,2,18,福勝,2024-05-22,6950
2467,志聖,23,5,18,福勝,2024-05-22,6950
2515,中工,31,14,17,福勝,2024-05-22,6950
3047,訊舟,45,28,17,福勝,2024-05-22,6950
2537,聯上發,15,0,15,福勝,2024-05-22,6950
4111,濟生,20,5,15,福勝,2024-05-22,6950
2374,佳能,28,14,14,福勝,2024-05-22,6950
6901,鑽石投資,12,0,12,福勝,2024-05-22,6950
2329,華泰,12,0,12,福勝,2024-05-22,6950
2405,輔信,33,21,12,福勝,2024-05-22,6950
3356,奇偶,14,3,11,福勝,2024-05-22,6950
3689,湧德,14,3,11,福勝,2024-05-22,6950
3706,神達,41,31,10,福勝,2024-05-22,6950
2357,華碩,13,3,10,福勝,2024-05-22,6950
00937B,群益ESG投等債20,12,2,10,福勝,2024-05-22,6950
1506,正道,10,0,10,福勝,2024-05-22,6950
2423,固緯,10,0,10,福勝,2024-05-22,6950
2486,一詮,22,12,10,福勝,2024-05-22,6950
2897,王道銀行,10,0,10,福勝,2024-05-22,6950
3052,夆典,10,0,10,福勝,2024-05-22,6950
3189,景碩,10,0,10,福勝,2024-05-22,6950
3209,全科,10,0,10,福勝,2024-05-22,6950
3479,安勤,10,0,10,福勝,2024-05-22,6950
3694,海華,11,1,10,福勝,2024-05-22,6950
5469,瀚宇博,10,0,10,福勝,2024-05-22,6950
6283,淳安,10,0,10,福勝,2024-05-22,6950
2867,三商壽,178,71,107,福勝,2024-05-23,6950
2543,皇昌,102,0,102,福勝,2024-05-23,6950
1802,台玻,106,5,101,福勝,2024-05-23,6950
2101,南港,100,4,96,福勝,2024-05-23,6950
2324,仁寶,82,13,69,福勝,2024-05-23,6950
2610,華航,80,16,64,福勝,2024-05-23,6950
00712,復華富時不動產,62,0,62,福勝,2024-05-23,6950
1108,幸福,50,0,50,福勝,2024-05-23,6950
00713,元大台灣高息低波,50,0,50,福勝,2024-05-23,6950
00919,群益台灣精選高息,51,7,44,福勝,2024-05-23,6950
3363,上詮,57,16,41,福勝,2024-05-23,6950
2356,英業達,46,6,40,福勝,2024-05-23,6950
2464,盟立,62,23,39,福勝,2024-05-23,6950
1604,聲寶,33,0,33,福勝,2024-05-23,6950
1409,新纖,30,0,30,福勝,2024-05-23,6950
1609,大亞,44,14,30,福勝,2024-05-23,6950
2371,大同,39,9,30,福勝,2024-05-23,6950
2409,友達,34,4,30,福勝,2024-05-23,6950
00937B,群益ESG投等債20,27,0,27,福勝,2024-05-23,6950
1314,中石化,32,5,27,福勝,2024-05-23,6950
2308,台達電,30,3,27,福勝,2024-05-23,6950
00882,中信中國高股息,26,0,26,福勝,2024-05-23,6950
1905,華紙,26,0,26,福勝,2024-05-23,6950
2516,新建,31,5,26,福勝,2024-05-23,6950
3265,台星科,26,0,26,福勝,2024-05-23,6950
2618,長榮航,57,32,25,福勝,2024-05-23,6950
2511,太子,23,0,23,福勝,2024-05-23,6950
3047,訊舟,33,11,22,福勝,2024-05-23,6950
00929,復華台灣科技優息,93,73,20,福勝,2024-05-23,6950
1731,美吾華,20,0,20,福勝,2024-05-23,6950
2241,艾姆勒,22,2,20,福勝,2024-05-23,6950
2392,正崴,26,6,20,福勝,2024-05-23,6950
2889,國票金,20,0,20,福勝,2024-05-23,6950
3071,協禧,40,20,20,福勝,2024-05-23,6950
6234,高僑,21,1,20,福勝,2024-05-23,6950
6505,台塑化,20,0,20,福勝,2024-05-23,6950
3520,華盈,20,1,19,福勝,2024-05-23,6950
1810,和成,25,7,18,福勝,2024-05-23,6950
1815,富喬,83,66,17,福勝,2024-05-23,6950
6139,亞翔,17,1,16,福勝,2024-05-23,6950
2002,中鋼,19,3,16,福勝,2024-05-23,6950
2897,王道銀行,15,0,15,福勝,2024-05-23,6950
2915,潤泰全,15,0,15,福勝,2024-05-23,6950
8110,華東,16,1,15,福勝,2024-05-23,6950
1605,華新,16,2,14,福勝,2024-05-23,6950
2882,國泰金,14,0,14,福勝,2024-05-23,6950
8070,長華*,17,3,14,福勝,2024-05-23,6950
3706,神達,37,24,13,福勝,2024-05-23,6950
2515,中工,29,16,13,福勝,2024-05-23,6950
4533,協易機,42,30,12,福勝,2024-05-23,6950
2887,台新金,130,0,130,福勝,2024-05-24,6950
2888,新光金,121,0,121,福勝,2024-05-24,6950
2883,凱基金,130,20,110,福勝,2024-05-24,6950
00712,復華富時不動產,102,0,102,福勝,2024-05-24,6950
2365,昆盈,138,38,100,福勝,2024-05-24,6950
00937B,群益ESG投等債20,62,3,59,福勝,2024-05-24,6950
2613,中櫃,50,1,49,福勝,2024-05-24,6950
1731,美吾華,43,0,43,福勝,2024-05-24,6950
2312,金寶,45,6,39,福勝,2024-05-24,6950
1608,華榮,56,18,38,福勝,2024-05-24,6950
6770,力積電,50,17,33,福勝,2024-05-24,6950
2301,光寶科,45,13,32,福勝,2024-05-24,6950
00882,中信中國高股息,31,0,31,福勝,2024-05-24,6950
00893,國泰智能電動車,30,2,28,福勝,2024-05-24,6950
2409,友達,28,0,28,福勝,2024-05-24,6950
3060,銘異,43,17,26,福勝,2024-05-24,6950
2324,仁寶,31,7,24,福勝,2024-05-24,6950
4533,協易機,31,7,24,福勝,2024-05-24,6950
00753L,中信中國50正2,22,0,22,福勝,2024-05-24,6950
00946,群益科技高息成長,21,0,21,福勝,2024-05-24,6950
2014,中鴻,24,3,21,福勝,2024-05-24,6950
00650L,復華香港正2,20,0,20,福勝,2024-05-24,6950
00642U,期元大S＆P石油,20,0,20,福勝,2024-05-24,6950
2601,益航,20,0,20,福勝,2024-05-24,6950
1810,和成,44,25,19,福勝,2024-05-24,6950
2486,一詮,42,24,18,福勝,2024-05-24,6950
00929,復華台灣科技優息,78,60,18,福勝,2024-05-24,6950
2421,建準,20,3,17,福勝,2024-05-24,6950
1218,泰山,17,0,17,福勝,2024-05-24,6950
2353,宏��,93,76,17,福勝,2024-05-24,6950
4543,萬在,17,1,16,福勝,2024-05-24,6950
5871,中租-KY,20,5,15,福勝,2024-05-24,6950
1817,凱撒衛,15,0,15,福勝,2024-05-24,6950
2731,雄獅,15,0,15,福勝,2024-05-24,6950
2337,旺宏,17,2,15,福勝,2024-05-24,6950
1301,台塑,14,0,14,福勝,2024-05-24,6950
7402,邑錡,14,0,14,福勝,2024-05-24,6950
3265,台星科,17,4,13,福勝,2024-05-24,6950
2303,聯電,40,28,12,福勝,2024-05-24,6950
2891,中信金,12,0,12,福勝,2024-05-24,6950
3013,晟銘電,32,20,12,福勝,2024-05-24,6950
3040,遠見,12,0,12,福勝,2024-05-24,6950
5328,華容,15,3,12,福勝,2024-05-24,6950
1110,東泥,11,0,11,福勝,2024-05-24,6950
3380,明泰,11,0,11,福勝,2024-05-24,6950
3483,力致,25,14,11,福勝,2024-05-24,6950
1337,再生-KY,10,0,10,福勝,2024-05-24,6950
1409,新纖,10,0,10,福勝,2024-05-24,6950
1453,大將,10,0,10,福勝,2024-05-24,6950
1522,堤維西,10,0,10,福勝,2024-05-24,6950
3481,群創,389,90,299,福勝,2024-05-27,6950
00633L,富邦上証正2,306,120,186,福勝,2024-05-27,6950
1731,美吾華,174,0,174,福勝,2024-05-27,6950
9105,泰金寶-DR,168,26,142,福勝,2024-05-27,6950
00946,群益科技高息成長,120,2,118,福勝,2024-05-27,6950
5371,中光電,110,4,106,福勝,2024-05-27,6950
2363,矽統,143,54,89,福勝,2024-05-27,6950
2543,皇昌,60,0,60,福勝,2024-05-27,6950
2352,佳世達,63,12,51,福勝,2024-05-27,6950
1312,國喬,47,0,47,福勝,2024-05-27,6950
8277,商丞,42,0,42,福勝,2024-05-27,6950
00937B,群益ESG投等債20,39,0,39,福勝,2024-05-27,6950
5521,工信,32,0,32,福勝,2024-05-27,6950
2369,菱生,36,5,31,福勝,2024-05-27,6950
00923,群益台ESG低碳50,30,0,30,福勝,2024-05-27,6950
2897,王道銀行,30,0,30,福勝,2024-05-27,6950
6167,久正,32,2,30,福勝,2024-05-27,6950
2002,中鋼,30,2,28,福勝,2024-05-27,6950
2367,燿華,36,8,28,福勝,2024-05-27,6950
3047,訊舟,48,21,27,福勝,2024-05-27,6950
3231,緯創,58,32,26,福勝,2024-05-27,6950
1809,中釉,28,3,25,福勝,2024-05-27,6950
3033,威健,84,59,25,福勝,2024-05-27,6950
3545,敦泰,24,3,21,福勝,2024-05-27,6950
4906,正文,47,26,21,福勝,2024-05-27,6950
2609,陽明,38,17,21,福勝,2024-05-27,6950
4956,光鋐,20,0,20,福勝,2024-05-27,6950
5498,凱崴,26,6,20,福勝,2024-05-27,6950
1718,中纖,19,0,19,福勝,2024-05-27,6950
2357,華碩,26,7,19,福勝,2024-05-27,6950
2611,志信,21,3,18,福勝,2024-05-27,6950
6269,台郡,15,1,14,福勝,2024-05-27,6950
6292,迅德,19,5,14,福勝,2024-05-27,6950
4967,十銓,18,4,14,福勝,2024-05-27,6950
2460,建通,13,0,13,福勝,2024-05-27,6950
6226,光鼎,13,0,13,福勝,2024-05-27,6950
8093,保銳,13,0,13,福勝,2024-05-27,6950
00679B,元大美債20年,13,1,12,福勝,2024-05-27,6950
2392,正崴,37,25,12,福勝,2024-05-27,6950
1587,吉茂,13,2,11,福勝,2024-05-27,6950
2323,中環,23,12,11,福勝,2024-05-27,6950
3703,欣陸,11,0,11,福勝,2024-05-27,6950
5230,雷笛克光學,12,1,11,福勝,2024-05-27,6950
6270,倍微,14,3,11,福勝,2024-05-27,6950
00676R,富邦臺灣加權反1,10,0,10,福勝,2024-05-27,6950
00632R,元大台灣50反1,10,0,10,福勝,2024-05-27,6950
00650L,復華香港正2,10,0,10,福勝,2024-05-27,6950
00753L,中信中國50正2,10,0,10,福勝,2024-05-27,6950
1570,力肯,10,0,10,福勝,2024-05-27,6950
3042,晶技,10,0,10,福勝,2024-05-27,6950
00946,群益科技高息成長,125,0,125,福勝,2024-05-28,6950
5512,力麒,106,2,104,福勝,2024-05-28,6950
2353,宏��,128,33,95,福勝,2024-05-28,6950
3059,華晶科,96,4,92,福勝,2024-05-28,6950
1217,愛之味,88,0,88,福勝,2024-05-28,6950
6168,宏齊,63,1,62,福勝,2024-05-28,6950
3481,群創,61,7,54,福勝,2024-05-28,6950
2801,彰銀,50,0,50,福勝,2024-05-28,6950
1736,喬山,46,0,46,福勝,2024-05-28,6950
2354,鴻準,106,64,42,福勝,2024-05-28,6950
2543,皇昌,42,1,41,福勝,2024-05-28,6950
2464,盟立,56,17,39,福勝,2024-05-28,6950
3545,敦泰,40,3,37,福勝,2024-05-28,6950
6226,光鼎,34,0,34,福勝,2024-05-28,6950
2609,陽明,55,22,33,福勝,2024-05-28,6950
00712,復華富時不動產,30,0,30,福勝,2024-05-28,6950
2881,富邦金,45,16,29,福勝,2024-05-28,6950
8071,能率網通,29,0,29,福勝,2024-05-28,6950
2371,大同,42,13,29,福勝,2024-05-28,6950
2486,一詮,35,6,29,福勝,2024-05-28,6950
3202,樺晟,32,6,26,福勝,2024-05-28,6950
4533,協易機,31,7,24,福勝,2024-05-28,6950
00633L,富邦上証正2,335,312,23,福勝,2024-05-28,6950
2301,光寶科,25,3,22,福勝,2024-05-28,6950
2376,技嘉,21,0,21,福勝,2024-05-28,6950
00943,兆豐電子高息等權,20,0,20,福勝,2024-05-28,6950
00753L,中信中國50正2,20,0,20,福勝,2024-05-28,6950
3591,艾笛森,20,0,20,福勝,2024-05-28,6950
2363,矽統,39,20,19,福勝,2024-05-28,6950
2891,中信金,24,5,19,福勝,2024-05-28,6950
2880,華南金,17,0,17,福勝,2024-05-28,6950
00764B,群益25年美債,17,0,17,福勝,2024-05-28,6950
6265,方土昶,22,5,17,福勝,2024-05-28,6950
2357,華碩,58,42,16,福勝,2024-05-28,6950
2324,仁寶,18,2,16,福勝,2024-05-28,6950
2501,國建,21,5,16,福勝,2024-05-28,6950
3013,晟銘電,34,18,16,福勝,2024-05-28,6950
2330,台積電,14,0,14,福勝,2024-05-28,6950
2344,華邦電,27,13,14,福勝,2024-05-28,6950
2369,菱生,14,0,14,福勝,2024-05-28,6950
5351,鈺創,16,2,14,福勝,2024-05-28,6950
6215,和椿,26,12,14,福勝,2024-05-28,6950
8358,金居,17,4,13,福勝,2024-05-28,6950
2368,金像電,11,0,11,福勝,2024-05-28,6950
2208,台船,12,1,11,福勝,2024-05-28,6950
2884,玉山金,11,0,11,福勝,2024-05-28,6950
3594,磐儀,23,12,11,福勝,2024-05-28,6950
4545,銘鈺,15,4,11,福勝,2024-05-28,6950
1569,濱川,10,0,10,福勝,2024-05-28,6950
1587,吉茂,10,0,10,福勝,2024-05-28,6950
00680L,元大美債20正2,370,0,370,福勝,2024-05-29,6950
00940,元大台灣價值高息,356,17,339,福勝,2024-05-29,6950
00937B,群益ESG投等債20,244,2,242,福勝,2024-05-29,6950
2897,王道銀行,230,0,230,福勝,2024-05-29,6950
00919,群益台灣精選高息,198,2,196,福勝,2024-05-29,6950
2610,華航,78,11,67,福勝,2024-05-29,6950
2365,昆盈,74,12,62,福勝,2024-05-29,6950
2489,瑞軒,117,59,58,福勝,2024-05-29,6950
00712,復華富時不動產,57,0,57,福勝,2024-05-29,6950
00713,元大台灣高息低波,54,0,54,福勝,2024-05-29,6950
2363,矽統,67,16,51,福勝,2024-05-29,6950
2891,中信金,48,0,48,福勝,2024-05-29,6950
2376,技嘉,54,8,46,福勝,2024-05-29,6950
2881,富邦金,46,2,44,福勝,2024-05-29,6950
5608,四維航,80,37,43,福勝,2024-05-29,6950
2362,藍天,42,0,42,福勝,2024-05-29,6950
2328,廣宇,114,73,41,福勝,2024-05-29,6950
3045,台灣大,41,0,41,福勝,2024-05-29,6950
2609,陽明,52,11,41,福勝,2024-05-29,6950
00934,中信成長高股息,40,0,40,福勝,2024-05-29,6950
3305,昇貿,50,14,36,福勝,2024-05-29,6950
00946,群益科技高息成長,32,0,32,福勝,2024-05-29,6950
00753L,中信中國50正2,33,1,32,福勝,2024-05-29,6950
8071,能率網通,32,0,32,福勝,2024-05-29,6950
00679B,元大美債20年,32,2,30,福勝,2024-05-29,6950
2548,華固,30,0,30,福勝,2024-05-29,6950
2324,仁寶,56,28,28,福勝,2024-05-29,6950
6125,廣運,48,21,27,福勝,2024-05-29,6950
2884,玉山金,25,0,25,福勝,2024-05-29,6950
8011,台通,32,9,23,福勝,2024-05-29,6950
2317,鴻海,38,15,23,福勝,2024-05-29,6950
00882,中信中國高股息,22,0,22,福勝,2024-05-29,6950
6213,聯茂,33,11,22,福勝,2024-05-29,6950
1609,大亞,22,1,21,福勝,2024-05-29,6950
3040,遠見,24,3,21,福勝,2024-05-29,6950
3689,湧德,40,19,21,福勝,2024-05-29,6950
1710,東聯,20,0,20,福勝,2024-05-29,6950
9105,泰金寶-DR,25,5,20,福勝,2024-05-29,6950
6188,廣明,26,6,20,福勝,2024-05-29,6950
2401,凌陽,50,31,19,福勝,2024-05-29,6950
2449,京元電子,23,4,19,福勝,2024-05-29,6950
1605,華新,18,0,18,福勝,2024-05-29,6950
5498,凱崴,18,1,17,福勝,2024-05-29,6950
3047,訊舟,51,34,17,福勝,2024-05-29,6950
6189,豐藝,32,16,16,福勝,2024-05-29,6950
3231,緯創,45,30,15,福勝,2024-05-29,6950
0056,元大高股息,15,0,15,福勝,2024-05-29,6950
2537,聯上發,15,0,15,福勝,2024-05-29,6950
2882,國泰金,15,0,15,福勝,2024-05-29,6950
3594,磐儀,16,1,15,福勝,2024-05-29,6950
00937B,群益ESG投等債20,605,2,603,福勝,2024-05-30,6950
2002,中鋼,134,1,133,福勝,2024-05-30,6950
00915,凱基優選高股息30,100,5,95,福勝,2024-05-30,6950
2365,昆盈,105,14,91,福勝,2024-05-30,6950
2613,中櫃,119,33,86,福勝,2024-05-30,6950
1731,美吾華,86,0,86,福勝,2024-05-30,6950
3059,華晶科,75,1,74,福勝,2024-05-30,6950
3576,聯合再生,70,0,70,福勝,2024-05-30,6950
2543,皇昌,63,1,62,福勝,2024-05-30,6950
1304,台聚,57,0,57,福勝,2024-05-30,6950
2892,第一金,57,0,57,福勝,2024-05-30,6950
1815,富喬,101,51,50,福勝,2024-05-30,6950
00632R,元大台灣50反1,48,0,48,福勝,2024-05-30,6950
2891,中信金,53,5,48,福勝,2024-05-30,6950
2489,瑞軒,60,14,46,福勝,2024-05-30,6950
2338,光罩,44,0,44,福勝,2024-05-30,6950
2324,仁寶,52,9,43,福勝,2024-05-30,6950
6269,台郡,60,19,41,福勝,2024-05-30,6950
8096,擎亞,49,8,41,福勝,2024-05-30,6950
00712,復華富時不動產,40,0,40,福勝,2024-05-30,6950
6188,廣明,53,14,39,福勝,2024-05-30,6950
2353,宏��,61,22,39,福勝,2024-05-30,6950
2641,正德,53,14,39,福勝,2024-05-30,6950
2363,矽統,56,21,35,福勝,2024-05-30,6950
9904,寶成,45,10,35,福勝,2024-05-30,6950
0056,元大高股息,31,0,31,福勝,2024-05-30,6950
6213,聯茂,31,0,31,福勝,2024-05-30,6950
2609,陽明,42,12,30,福勝,2024-05-30,6950
00857B,永豐20年美公債,30,0,30,福勝,2024-05-30,6950
2408,南亞科,29,0,29,福勝,2024-05-30,6950
4979,華星光,30,1,29,福勝,2024-05-30,6950
5880,合庫金,27,0,27,福勝,2024-05-30,6950
6719,力智,26,0,26,福勝,2024-05-30,6950
8071,能率網通,29,3,26,福勝,2024-05-30,6950
2610,華航,27,3,24,福勝,2024-05-30,6950
00919,群益台灣精選高息,24,1,23,福勝,2024-05-30,6950
2405,輔信,46,23,23,福勝,2024-05-30,6950
9105,泰金寶-DR,23,0,23,福勝,2024-05-30,6950
3706,神達,25,4,21,福勝,2024-05-30,6950
2356,英業達,50,29,21,福勝,2024-05-30,6950
2449,京元電子,21,1,20,福勝,2024-05-30,6950
2484,希華,20,0,20,福勝,2024-05-30,6950
2897,王道銀行,20,0,20,福勝,2024-05-30,6950
912000,晨訊科-DR,20,0,20,福勝,2024-05-30,6950
1303,南亞,19,0,19,福勝,2024-05-30,6950
2354,鴻準,39,20,19,福勝,2024-05-30,6950
5230,雷笛克光學,21,2,19,福勝,2024-05-30,6950
8255,朋程,27,8,19,福勝,2024-05-30,6950
2618,長榮航,38,20,18,福勝,2024-05-30,6950
2330,台積電,19,1,18,福勝,2024-05-30,6950
2002,中鋼,656,1,655,福勝,2024-05-31,6950
2609,陽明,201,111,90,福勝,2024-05-31,6950
5880,合庫金,63,0,63,福勝,2024-05-31,6950
3052,夆典,57,0,57,福勝,2024-05-31,6950
2317,鴻海,64,14,50,福勝,2024-05-31,6950
2353,宏��,47,4,43,福勝,2024-05-31,6950
00919,群益台灣精選高息,59,21,38,福勝,2024-05-31,6950
2328,廣宇,59,22,37,福勝,2024-05-31,6950
2354,鴻準,98,62,36,福勝,2024-05-31,6950
1731,美吾華,35,0,35,福勝,2024-05-31,6950
2409,友達,30,0,30,福勝,2024-05-31,6950
2105,正新,32,3,29,福勝,2024-05-31,6950
00946,群益科技高息成長,29,0,29,福勝,2024-05-31,6950
2356,英業達,27,2,25,福勝,2024-05-31,6950
2610,華航,100,75,25,福勝,2024-05-31,6950
5328,華容,28,5,23,福勝,2024-05-31,6950
2636,台驊控股,24,2,22,福勝,2024-05-31,6950
2367,燿華,36,15,21,福勝,2024-05-31,6950
9902,台火,21,0,21,福勝,2024-05-31,6950
1570,力肯,20,0,20,福勝,2024-05-31,6950
2514,龍邦,22,2,20,福勝,2024-05-31,6950
9912,偉聯,20,0,20,福勝,2024-05-31,6950
3231,緯創,31,12,19,福勝,2024-05-31,6950
1301,台塑,19,0,19,福勝,2024-05-31,6950
00878,國泰永續高股息,24,5,19,福勝,2024-05-31,6950
2615,萬海,22,4,18,福勝,2024-05-31,6950
2324,仁寶,20,2,18,福勝,2024-05-31,6950
3033,威健,27,9,18,福勝,2024-05-31,6950
2464,盟立,37,20,17,福勝,2024-05-31,6950
2301,光寶科,17,2,15,福勝,2024-05-31,6950
2355,敬鵬,15,0,15,福勝,2024-05-31,6950
6164,華興,15,0,15,福勝,2024-05-31,6950
2382,廣達,23,8,15,福勝,2024-05-31,6950
00940,元大台灣價值高息,14,0,14,福勝,2024-05-31,6950
2501,國建,23,9,14,福勝,2024-05-31,6950
2889,國票金,13,0,13,福勝,2024-05-31,6950
8071,能率網通,13,0,13,福勝,2024-05-31,6950
3035,智原,12,0,12,福勝,2024-05-31,6950
2344,華邦電,24,12,12,福勝,2024-05-31,6950
1316,上曜,12,0,12,福勝,2024-05-31,6950
2369,菱生,13,1,12,福勝,2024-05-31,6950
3303,岱稜,12,0,12,福勝,2024-05-31,6950
5521,工信,20,8,12,福勝,2024-05-31,6950
2330,台積電,11,0,11,福勝,2024-05-31,6950
2371,大同,12,1,11,福勝,2024-05-31,6950
6239,力成,10,0,10,福勝,2024-05-31,6950
1218,泰山,20,10,10,福勝,2024-05-31,6950
1314,中石化,10,0,10,福勝,2024-05-31,6950
00753L,中信中國50正2,10,0,10,福勝,2024-05-31,6950
00939,統一台灣高息動能,15,5,10,福勝,2024-05-31,6950
2002,中鋼,502,0,502,福勝,2024-06-03,6950
00715L,期街口布蘭特正2,191,0,191,福勝,2024-06-03,6950
2610,華航,170,8,162,福勝,2024-06-03,6950
00919,群益台灣精選高息,100,0,100,福勝,2024-06-03,6950
2867,三商壽,70,5,65,福勝,2024-06-03,6950
3231,緯創,73,9,64,福勝,2024-06-03,6950
2367,燿華,71,14,57,福勝,2024-06-03,6950
3481,群創,57,5,52,福勝,2024-06-03,6950
00946,群益科技高息成長,51,0,51,福勝,2024-06-03,6950
3055,蔚華科,51,0,51,福勝,2024-06-03,6950
00940,元大台灣價值高息,47,1,46,福勝,2024-06-03,6950
2353,宏��,42,12,30,福勝,2024-06-03,6950
2303,聯電,37,8,29,福勝,2024-06-03,6950
2801,彰銀,30,1,29,福勝,2024-06-03,6950
2241,艾姆勒,25,0,25,福勝,2024-06-03,6950
8183,精星,24,0,24,福勝,2024-06-03,6950
00929,復華台灣科技優息,24,0,24,福勝,2024-06-03,6950
2409,友達,24,0,24,福勝,2024-06-03,6950
2618,長榮航,36,13,23,福勝,2024-06-03,6950
2886,兆豐金,21,0,21,福勝,2024-06-03,6950
3694,海華,21,2,19,福勝,2024-06-03,6950
2615,萬海,43,25,18,福勝,2024-06-03,6950
5009,榮剛,20,2,18,福勝,2024-06-03,6950
3687,歐買尬,15,0,15,福勝,2024-06-03,6950
6163,華電網,45,30,15,福勝,2024-06-03,6950
3356,奇偶,14,0,14,福勝,2024-06-03,6950
2356,英業達,41,28,13,福勝,2024-06-03,6950
3052,夆典,13,0,13,福勝,2024-06-03,6950
4513,福裕,13,0,13,福勝,2024-06-03,6950
2401,凌陽,21,9,12,福勝,2024-06-03,6950
2537,聯上發,17,5,12,福勝,2024-06-03,6950
3047,訊舟,27,16,11,福勝,2024-06-03,6950
1597,直得,16,5,11,福勝,2024-06-03,6950
2312,金寶,41,30,11,福勝,2024-06-03,6950
3088,艾訊,11,0,11,福勝,2024-06-03,6950
2884,玉山金,13,2,11,福勝,2024-06-03,6950
00706L,期元大S＆P日圓正2,10,0,10,福勝,2024-06-03,6950
00632R,元大台灣50反1,10,0,10,福勝,2024-06-03,6950
00900,富邦特選高股息30,10,0,10,福勝,2024-06-03,6950
1310,台苯,10,0,10,福勝,2024-06-03,6950
1471,首利,10,0,10,福勝,2024-06-03,6950
1710,東聯,10,0,10,福勝,2024-06-03,6950
1781,合世,10,0,10,福勝,2024-06-03,6950
2007,燁興,10,0,10,福勝,2024-06-03,6950
2027,大成鋼,10,0,10,福勝,2024-06-03,6950
2547,日勝生,10,0,10,福勝,2024-06-03,6950
3019,亞光,10,0,10,福勝,2024-06-03,6950
4303,信立,11,1,10,福勝,2024-06-03,6950
4534,慶騰,10,0,10,福勝,2024-06-03,6950
4906,正文,11,1,10,福勝,2024-06-03,6950
2324,仁寶,217,27,190,福勝,2024-06-04,6950
2312,金寶,194,11,183,福勝,2024-06-04,6950
2801,彰銀,180,0,180,福勝,2024-06-04,6950
2002,中鋼,191,12,179,福勝,2024-06-04,6950
00919,群益台灣精選高息,175,0,175,福勝,2024-06-04,6950
00940,元大台灣價值高息,102,10,92,福勝,2024-06-04,6950
2101,南港,185,96,89,福勝,2024-06-04,6950
00929,復華台灣科技優息,88,0,88,福勝,2024-06-04,6950
6153,嘉聯益,85,0,85,福勝,2024-06-04,6950
2409,友達,68,0,68,福勝,2024-06-04,6950
00946,群益科技高息成長,67,0,67,福勝,2024-06-04,6950
2303,聯電,65,1,64,福勝,2024-06-04,6950
2317,鴻海,76,15,61,福勝,2024-06-04,6950
2353,宏��,65,18,47,福勝,2024-06-04,6950
2888,新光金,52,7,45,福勝,2024-06-04,6950
00878,國泰永續高股息,42,0,42,福勝,2024-06-04,6950
2344,華邦電,43,1,42,福勝,2024-06-04,6950
3013,晟銘電,52,11,41,福勝,2024-06-04,6950
2883,凱基金,57,17,40,福勝,2024-06-04,6950
2610,華航,39,2,37,福勝,2024-06-04,6950
2014,中鴻,36,0,36,福勝,2024-06-04,6950
3059,華晶科,40,4,36,福勝,2024-06-04,6950
2354,鴻準,57,25,32,福勝,2024-06-04,6950
9950,萬國通,30,0,30,福勝,2024-06-04,6950
6125,廣運,56,27,29,福勝,2024-06-04,6950
00936,台新永續高息中小,29,1,28,福勝,2024-06-04,6950
2547,日勝生,28,0,28,福勝,2024-06-04,6950
2313,華通,25,1,24,福勝,2024-06-04,6950
2382,廣達,24,2,22,福勝,2024-06-04,6950
00918,大華優利高填息30,21,0,21,福勝,2024-06-04,6950
2495,普安,30,9,21,福勝,2024-06-04,6950
3260,威剛,22,1,21,福勝,2024-06-04,6950
1301,台塑,21,1,20,福勝,2024-06-04,6950
1445,大宇,20,0,20,福勝,2024-06-04,6950
2892,第一金,20,0,20,福勝,2024-06-04,6950
3031,佰鴻,20,0,20,福勝,2024-06-04,6950
8096,擎亞,23,4,19,福勝,2024-06-04,6950
9934,成霖,25,7,18,福勝,2024-06-04,6950
2331,精英,87,70,17,福勝,2024-06-04,6950
2615,萬海,18,1,17,福勝,2024-06-04,6950
2618,長榮航,28,11,17,福勝,2024-06-04,6950
2634,漢翔,18,1,17,福勝,2024-06-04,6950
8299,群聯,16,0,16,福勝,2024-06-04,6950
2323,中環,34,18,16,福勝,2024-06-04,6950
4526,東台,28,12,16,福勝,2024-06-04,6950
2408,南亞科,14,0,14,福勝,2024-06-04,6950
2880,華南金,14,0,14,福勝,2024-06-04,6950
2603,長榮,14,1,13,福勝,2024-06-04,6950
5371,中光電,16,3,13,福勝,2024-06-04,6950
1326,台化,16,3,13,福勝,2024-06-04,6950
4533,協易機,385,4,381,福勝,2024-06-05,6950
00936,台新永續高息中小,258,0,258,福勝,2024-06-05,6950
2540,愛山林,219,0,219,福勝,2024-06-05,6950
00715L,期街口布蘭特正2,113,0,113,福勝,2024-06-05,6950
00918,大華優利高填息30,102,0,102,福勝,2024-06-05,6950
3481,群創,102,3,99,福勝,2024-06-05,6950
00929,復華台灣科技優息,105,15,90,福勝,2024-06-05,6950
2547,日勝生,68,2,66,福勝,2024-06-05,6950
6735,美達科技,51,0,51,福勝,2024-06-05,6950
3055,蔚華科,50,0,50,福勝,2024-06-05,6950
4720,德淵,50,0,50,福勝,2024-06-05,6950
2888,新光金,50,0,50,福勝,2024-06-05,6950
3059,華晶科,50,2,48,福勝,2024-06-05,6950
2344,華邦電,45,1,44,福勝,2024-06-05,6950
2353,宏��,51,11,40,福勝,2024-06-05,6950
1409,新纖,34,1,33,福勝,2024-06-05,6950
3048,益登,46,13,33,福勝,2024-06-05,6950
2303,聯電,40,8,32,福勝,2024-06-05,6950
5880,合庫金,32,0,32,福勝,2024-06-05,6950
00712,復華富時不動產,30,0,30,福勝,2024-06-05,6950
2891,中信金,31,1,30,福勝,2024-06-05,6950
6234,高僑,30,0,30,福勝,2024-06-05,6950
5315,光聯,28,0,28,福勝,2024-06-05,6950
2345,智邦,25,0,25,福勝,2024-06-05,6950
3443,創意,25,0,25,福勝,2024-06-05,6950
2323,中環,34,12,22,福勝,2024-06-05,6950
8064,東捷,23,1,22,福勝,2024-06-05,6950
2365,昆盈,26,5,21,福勝,2024-06-05,6950
2605,新興,26,5,21,福勝,2024-06-05,6950
00751B,元大AAA至A公司債,20,1,19,福勝,2024-06-05,6950
2362,藍天,25,6,19,福勝,2024-06-05,6950
6695,芯鼎,19,0,19,福勝,2024-06-05,6950
2014,中鴻,20,2,18,福勝,2024-06-05,6950
8093,保銳,23,5,18,福勝,2024-06-05,6950
00679B,元大美債20年,28,11,17,福勝,2024-06-05,6950
2845,遠東銀,17,0,17,福勝,2024-06-05,6950
2324,仁寶,31,15,16,福勝,2024-06-05,6950
6585,鼎基,16,0,16,福勝,2024-06-05,6950
8105,凌巨,20,4,16,福勝,2024-06-05,6950
3231,緯創,28,12,16,福勝,2024-06-05,6950
1314,中石化,15,0,15,福勝,2024-06-05,6950
1731,美吾華,15,0,15,福勝,2024-06-05,6950
5258,虹堡,15,0,15,福勝,2024-06-05,6950
8222,寶一,15,0,15,福勝,2024-06-05,6950
2105,正新,17,2,15,福勝,2024-06-05,6950
1524,耿鼎,21,7,14,福勝,2024-06-05,6950
6245,立端,15,1,14,福勝,2024-06-05,6950
2457,飛宏,14,1,13,福勝,2024-06-05,6950
6188,廣明,19,6,13,福勝,2024-06-05,6950
5371,中光電,14,2,12,福勝,2024-06-05,6950
2834,臺企銀,602,2,600,福勝,2024-06-06,6950
00632R,元大台灣50反1,356,0,356,福勝,2024-06-06,6950
2867,三商壽,300,1,299,福勝,2024-06-06,6950
00650L,復華香港正2,275,0,275,福勝,2024-06-06,6950
4533,協易機,143,4,139,福勝,2024-06-06,6950
2897,王道銀行,100,0,100,福勝,2024-06-06,6950
00936,台新永續高息中小,94,0,94,福勝,2024-06-06,6950
1312,國喬,65,0,65,福勝,2024-06-06,6950
8432,東生華,58,0,58,福勝,2024-06-06,6950
2801,彰銀,50,0,50,福勝,2024-06-06,6950
6743,安普新,50,0,50,福勝,2024-06-06,6950
2489,瑞軒,53,6,47,福勝,2024-06-06,6950
2609,陽明,126,88,38,福勝,2024-06-06,6950
8096,擎亞,32,0,32,福勝,2024-06-06,6950
2382,廣達,38,8,30,福勝,2024-06-06,6950
2409,友達,27,0,27,福勝,2024-06-06,6950
9105,泰金寶-DR,30,6,24,福勝,2024-06-06,6950
2356,英業達,31,8,23,福勝,2024-06-06,6950
2641,正德,25,3,22,福勝,2024-06-06,6950
00680L,元大美債20正2,20,0,20,福勝,2024-06-06,6950
3048,益登,20,0,20,福勝,2024-06-06,6950
3520,華盈,20,0,20,福勝,2024-06-06,6950
6282,康舒,20,0,20,福勝,2024-06-06,6950
6418,詠昇,20,0,20,福勝,2024-06-06,6950
2892,第一金,20,0,20,福勝,2024-06-06,6950
1516,川飛,19,0,19,福勝,2024-06-06,6950
3013,晟銘電,22,3,19,福勝,2024-06-06,6950
2354,鴻準,24,7,17,福勝,2024-06-06,6950
00687B,國泰20年美債,18,1,17,福勝,2024-06-06,6950
2405,輔信,22,5,17,福勝,2024-06-06,6950
5302,太欣,20,3,17,福勝,2024-06-06,6950
2317,鴻海,46,30,16,福勝,2024-06-06,6950
6125,廣運,25,9,16,福勝,2024-06-06,6950
00937B,群益ESG投等債20,29,14,15,福勝,2024-06-06,6950
1337,再生-KY,15,0,15,福勝,2024-06-06,6950
2547,日勝生,30,15,15,福勝,2024-06-06,6950
2611,志信,18,3,15,福勝,2024-06-06,6950
3062,建漢,17,2,15,福勝,2024-06-06,6950
6182,合晶,18,4,14,福勝,2024-06-06,6950
1609,大亞,24,11,13,福勝,2024-06-06,6950
2464,盟立,14,1,13,福勝,2024-06-06,6950
5880,合庫金,13,0,13,福勝,2024-06-06,6950
4123,晟德,14,2,12,福勝,2024-06-06,6950
2329,華泰,15,3,12,福勝,2024-06-06,6950
2376,技嘉,12,0,12,福勝,2024-06-06,6950
3060,銘異,12,0,12,福勝,2024-06-06,6950
5521,工信,12,0,12,福勝,2024-06-06,6950
00921,兆豐龍頭等權重,11,0,11,福勝,2024-06-06,6950
1471,首利,11,0,11,福勝,2024-06-06,6950
2014,中鴻,11,0,11,福勝,2024-06-06,6950
2834,臺企銀,524,9,515,福勝,2024-06-07,6950
00929,復華台灣科技優息,135,1,134,福勝,2024-06-07,6950
1731,美吾華,112,0,112,福勝,2024-06-07,6950
00878,國泰永續高股息,112,9,103,福勝,2024-06-07,6950
2897,王道銀行,100,0,100,福勝,2024-06-07,6950
3231,緯創,98,11,87,福勝,2024-06-07,6950
00680L,元大美債20正2,57,0,57,福勝,2024-06-07,6950
00937B,群益ESG投等債20,52,1,51,福勝,2024-06-07,6950
00936,台新永續高息中小,44,0,44,福勝,2024-06-07,6950
4533,協易機,39,5,34,福勝,2024-06-07,6950
6585,鼎基,34,0,34,福勝,2024-06-07,6950
00751B,元大AAA至A公司債,31,0,31,福勝,2024-06-07,6950
2353,宏��,41,10,31,福勝,2024-06-07,6950
00673R,期元大S＆P原油反1,30,0,30,福勝,2024-06-07,6950
2356,英業達,46,18,28,福勝,2024-06-07,6950
00687B,國泰20年美債,28,0,28,福勝,2024-06-07,6950
6161,捷波,30,2,28,福勝,2024-06-07,6950
2330,台積電,28,1,27,福勝,2024-06-07,6950
00919,群益台灣精選高息,29,2,27,福勝,2024-06-07,6950
1503,士電,25,0,25,福勝,2024-06-07,6950
2610,華航,37,12,25,福勝,2024-06-07,6950
2892,第一金,25,0,25,福勝,2024-06-07,6950
6101,寬魚國際,25,0,25,福勝,2024-06-07,6950
1303,南亞,21,0,21,福勝,2024-06-07,6950
1326,台化,21,0,21,福勝,2024-06-07,6950
4510,高鋒,20,0,20,福勝,2024-06-07,6950
4545,銘鈺,20,0,20,福勝,2024-06-07,6950
8105,凌巨,20,0,20,福勝,2024-06-07,6950
2408,南亞科,20,0,20,福勝,2024-06-07,6950
2317,鴻海,24,5,19,福勝,2024-06-07,6950
2883,凱基金,54,36,18,福勝,2024-06-07,6950
5457,宣德,18,0,18,福勝,2024-06-07,6950
6415,矽力*-KY,18,0,18,福勝,2024-06-07,6950
6139,亞翔,21,4,17,福勝,2024-06-07,6950
1414,東和,40,23,17,福勝,2024-06-07,6950
6560,欣普羅,17,0,17,福勝,2024-06-07,6950
2308,台達電,31,15,16,福勝,2024-06-07,6950
0056,元大高股息,17,2,15,福勝,2024-06-07,6950
00918,大華優利高填息30,14,0,14,福勝,2024-06-07,6950
00641R,富邦日本反1,13,0,13,福勝,2024-06-07,6950
2331,精英,13,0,13,福勝,2024-06-07,6950
2323,中環,14,2,12,福勝,2024-06-07,6950
2014,中鴻,11,0,11,福勝,2024-06-07,6950
6143,振曜,12,1,11,福勝,2024-06-07,6950
00712,復華富時不動產,10,0,10,福勝,2024-06-07,6950
2357,華碩,12,2,10,福勝,2024-06-07,6950
1524,耿鼎,15,5,10,福勝,2024-06-07,6950
1526,日馳,10,0,10,福勝,2024-06-07,6950
1806,冠軍,10,0,10,福勝,2024-06-07,6950
2324,仁寶,16,6,10,福勝,2024-06-07,6950
00751B,元大AAA至A公司債,141,0,141,福勝,2024-06-11,6950
4532,瑞智,142,5,137,福勝,2024-06-11,6950
00712,復華富時不動產,129,0,129,福勝,2024-06-11,6950
00919,群益台灣精選高息,137,16,121,福勝,2024-06-11,6950
9103,美德醫療-DR,102,0,102,福勝,2024-06-11,6950
00929,復華台灣科技優息,163,61,102,福勝,2024-06-11,6950
2609,陽明,151,60,91,福勝,2024-06-11,6950
2888,新光金,80,0,80,福勝,2024-06-11,6950
6153,嘉聯益,69,0,69,福勝,2024-06-11,6950
00918,大華優利高填息30,78,10,68,福勝,2024-06-11,6950
00937B,群益ESG投等債20,60,0,60,福勝,2024-06-11,6950
3390,旭軟,54,0,54,福勝,2024-06-11,6950
2884,玉山金,50,0,50,福勝,2024-06-11,6950
5608,四維航,57,7,50,福勝,2024-06-11,6950
8105,凌巨,47,0,47,福勝,2024-06-11,6950
1609,大亞,53,8,45,福勝,2024-06-11,6950
1110,東泥,44,0,44,福勝,2024-06-11,6950
2603,長榮,42,0,42,福勝,2024-06-11,6950
2641,正德,41,0,41,福勝,2024-06-11,6950
00942B,台新美A公司債20+,40,0,40,福勝,2024-06-11,6950
2312,金寶,60,20,40,福勝,2024-06-11,6950
5457,宣德,40,0,40,福勝,2024-06-11,6950
00882,中信中國高股息,39,0,39,福勝,2024-06-11,6950
1608,華榮,52,15,37,福勝,2024-06-11,6950
6770,力積電,43,6,37,福勝,2024-06-11,6950
2002,中鋼,36,0,36,福勝,2024-06-11,6950
5426,振發,40,5,35,福勝,2024-06-11,6950
00687B,國泰20年美債,33,0,33,福勝,2024-06-11,6950
2867,三商壽,43,11,32,福勝,2024-06-11,6950
2613,中櫃,45,14,31,福勝,2024-06-11,6950
2834,臺企銀,31,0,31,福勝,2024-06-11,6950
00936,台新永續高息中小,29,0,29,福勝,2024-06-11,6950
3372,典範,32,3,29,福勝,2024-06-11,6950
5340,建榮,28,1,27,福勝,2024-06-11,6950
1301,台塑,26,0,26,福勝,2024-06-11,6950
1815,富喬,31,6,25,福勝,2024-06-11,6950
6139,亞翔,25,1,24,福勝,2024-06-11,6950
3455,由田,22,0,22,福勝,2024-06-11,6950
00713,元大台灣高息低波,20,0,20,福勝,2024-06-11,6950
1524,耿鼎,30,10,20,福勝,2024-06-11,6950
2354,鴻準,36,17,19,福勝,2024-06-11,6950
3231,緯創,22,3,19,福勝,2024-06-11,6950
2329,華泰,17,0,17,福勝,2024-06-11,6950
2634,漢翔,22,5,17,福勝,2024-06-11,6950
006208,富邦台50,16,0,16,福勝,2024-06-11,6950
1802,台玻,19,3,16,福勝,2024-06-11,6950
2611,志信,23,7,16,福勝,2024-06-11,6950
00878,國泰永續高股息,16,1,15,福勝,2024-06-11,6950
1731,美吾華,15,0,15,福勝,2024-06-11,6950
2356,英業達,32,17,15,福勝,2024-06-11,6950
2834,臺企銀,200,7,193,福勝,2024-06-12,6950
00633L,富邦上証正2,150,0,150,福勝,2024-06-12,6950
00937B,群益ESG投等債20,113,0,113,福勝,2024-06-12,6950
2353,宏��,113,13,100,福勝,2024-06-12,6950
2867,三商壽,110,19,91,福勝,2024-06-12,6950
2603,長榮,85,8,77,福勝,2024-06-12,6950
00948B,中信優息投資級債,73,0,73,福勝,2024-06-12,6950
1584,精剛,62,0,62,福勝,2024-06-12,6950
2610,華航,60,1,59,福勝,2024-06-12,6950
2405,輔信,55,0,55,福勝,2024-06-12,6950
2613,中櫃,54,0,54,福勝,2024-06-12,6950
1110,東泥,50,0,50,福勝,2024-06-12,6950
3576,聯合再生,50,0,50,福勝,2024-06-12,6950
3390,旭軟,45,1,44,福勝,2024-06-12,6950
00936,台新永續高息中小,42,0,42,福勝,2024-06-12,6950
00919,群益台灣精選高息,40,0,40,福勝,2024-06-12,6950
9105,泰金寶-DR,50,10,40,福勝,2024-06-12,6950
4532,瑞智,40,1,39,福勝,2024-06-12,6950
2344,華邦電,35,0,35,福勝,2024-06-12,6950
1101,台泥,36,1,35,福勝,2024-06-12,6950
2897,王道銀行,33,0,33,福勝,2024-06-12,6950
6215,和椿,32,0,32,福勝,2024-06-12,6950
0056,元大高股息,32,1,31,福勝,2024-06-12,6950
1414,東和,30,0,30,福勝,2024-06-12,6950
3052,夆典,30,0,30,福勝,2024-06-12,6950
9904,寶成,30,0,30,福勝,2024-06-12,6950
00929,復華台灣科技優息,42,13,29,福勝,2024-06-12,6950
2883,凱基金,39,12,27,福勝,2024-06-12,6950
00712,復華富時不動產,26,0,26,福勝,2024-06-12,6950
2312,金寶,27,4,23,福勝,2024-06-12,6950
00878,國泰永續高股息,22,1,21,福勝,2024-06-12,6950
00918,大華優利高填息30,20,0,20,福勝,2024-06-12,6950
3231,緯創,39,19,20,福勝,2024-06-12,6950
00882,中信中國高股息,18,0,18,福勝,2024-06-12,6950
6226,光鼎,18,0,18,福勝,2024-06-12,6950
2605,新興,23,6,17,福勝,2024-06-12,6950
5425,台半,17,0,17,福勝,2024-06-12,6950
1618,合機,21,5,16,福勝,2024-06-12,6950
1513,中興電,15,0,15,福勝,2024-06-12,6950
00907,永豐優息存股,15,0,15,福勝,2024-06-12,6950
2331,精英,15,0,15,福勝,2024-06-12,6950
9945,潤泰新,16,1,15,福勝,2024-06-12,6950
00947,台新臺灣IC設計,14,0,14,福勝,2024-06-12,6950
3379,彬台,14,0,14,福勝,2024-06-12,6950
6282,康舒,14,0,14,福勝,2024-06-12,6950
2374,佳能,31,17,14,福勝,2024-06-12,6950
1532,勤美,14,1,13,福勝,2024-06-12,6950
2303,聯電,17,4,13,福勝,2024-06-12,6950
3322,建舜電,16,3,13,福勝,2024-06-12,6950
5392,能率,33,20,13,福勝,2024-06-12,6950
00632R,元大台灣50反1,640,0,640,福勝,2024-06-13,6950
3048,益登,136,11,125,福勝,2024-06-13,6950
2881,富邦金,125,11,114,福勝,2024-06-13,6950
2801,彰銀,100,0,100,福勝,2024-06-13,6950
2603,長榮,142,55,87,福勝,2024-06-13,6950
3390,旭軟,82,10,72,福勝,2024-06-13,6950
2367,燿華,69,1,68,福勝,2024-06-13,6950
2618,長榮航,78,21,57,福勝,2024-06-13,6950
2538,基泰,58,2,56,福勝,2024-06-13,6950
2371,大同,66,20,46,福勝,2024-06-13,6950
2884,玉山金,40,0,40,福勝,2024-06-13,6950
6116,彩晶,40,2,38,福勝,2024-06-13,6950
8110,華東,37,3,34,福勝,2024-06-13,6950
2353,宏��,41,8,33,福勝,2024-06-13,6950
2427,三商電,39,8,31,福勝,2024-06-13,6950
1802,台玻,30,0,30,福勝,2024-06-13,6950
912000,晨訊科-DR,30,0,30,福勝,2024-06-13,6950
2313,華通,31,2,29,福勝,2024-06-13,6950
4532,瑞智,30,2,28,福勝,2024-06-13,6950
2610,華航,37,10,27,福勝,2024-06-13,6950
2606,裕民,27,2,25,福勝,2024-06-13,6950
2609,陽明,60,37,23,福勝,2024-06-13,6950
00915,凱基優選高股息30,21,0,21,福勝,2024-06-13,6950
2409,友達,21,0,21,福勝,2024-06-13,6950
1409,新纖,20,0,20,福勝,2024-06-13,6950
00919,群益台灣精選高息,34,15,19,福勝,2024-06-13,6950
3232,昱捷,19,0,19,福勝,2024-06-13,6950
1815,富喬,29,11,18,福勝,2024-06-13,6950
00918,大華優利高填息30,18,0,18,福勝,2024-06-13,6950
00712,復華富時不動產,15,0,15,福勝,2024-06-13,6950
2392,正崴,24,9,15,福勝,2024-06-13,6950
2498,宏達電,19,4,15,福勝,2024-06-13,6950
3372,典範,15,0,15,福勝,2024-06-13,6950
4171,瑞基,15,0,15,福勝,2024-06-13,6950
6216,居易,17,2,15,福勝,2024-06-13,6950
1303,南亞,13,0,13,福勝,2024-06-13,6950
00947,台新臺灣IC設計,13,0,13,福勝,2024-06-13,6950
2365,昆盈,19,6,13,福勝,2024-06-13,6950
1312,國喬,12,0,12,福勝,2024-06-13,6950
5457,宣德,12,0,12,福勝,2024-06-13,6950
1337,再生-KY,10,0,10,福勝,2024-06-13,6950
2375,凱美,10,0,10,福勝,2024-06-13,6950
4142,國光生,10,0,10,福勝,2024-06-13,6950
4533,協易機,13,3,10,福勝,2024-06-13,6950
4909,新復興,12,2,10,福勝,2024-06-13,6950
5302,太欣,10,0,10,福勝,2024-06-13,6950
5522,遠雄,10,0,10,福勝,2024-06-13,6950
6152,百一,10,0,10,福勝,2024-06-13,6950
1514,亞力,36,27,9,福勝,2024-06-13,6950
2201,裕隆,11,2,9,福勝,2024-06-13,6950
3390,旭軟,106,2,104,福勝,2024-06-14,6950
1718,中纖,90,0,90,福勝,2024-06-14,6950
00919,群益台灣精選高息,81,0,81,福勝,2024-06-14,6950
2371,大同,120,43,77,福勝,2024-06-14,6950
5880,合庫金,58,0,58,福勝,2024-06-14,6950
4533,協易機,57,2,55,福勝,2024-06-14,6950
2420,新巨,53,0,53,福勝,2024-06-14,6950
00947,台新臺灣IC設計,52,0,52,福勝,2024-06-14,6950
3706,神達,40,0,40,福勝,2024-06-14,6950
2353,宏��,49,10,39,福勝,2024-06-14,6950
2363,矽統,45,6,39,福勝,2024-06-14,6950
2547,日勝生,40,3,37,福勝,2024-06-14,6950
3576,聯合再生,37,0,37,福勝,2024-06-14,6950
3058,立德,32,0,32,福勝,2024-06-14,6950
6164,華興,32,0,32,福勝,2024-06-14,6950
6770,力積電,70,38,32,福勝,2024-06-14,6950
3231,緯創,34,3,31,福勝,2024-06-14,6950
6265,方土昶,30,0,30,福勝,2024-06-14,6950
00936,台新永續高息中小,30,1,29,福勝,2024-06-14,6950
2606,裕民,34,5,29,福勝,2024-06-14,6950
2002,中鋼,31,3,28,福勝,2024-06-14,6950
00940,元大台灣價值高息,44,17,27,福勝,2024-06-14,6950
6163,華電網,34,7,27,福勝,2024-06-14,6950
2618,長榮航,29,7,22,福勝,2024-06-14,6950
2427,三商電,25,3,22,福勝,2024-06-14,6950
00915,凱基優選高股息30,20,0,20,福勝,2024-06-14,6950
00632R,元大台灣50反1,20,0,20,福勝,2024-06-14,6950
00706L,期元大S＆P日圓正2,20,0,20,福勝,2024-06-14,6950
1444,力麗,20,0,20,福勝,2024-06-14,6950
00939,統一台灣高息動能,20,2,18,福勝,2024-06-14,6950
6177,達麗,18,0,18,福勝,2024-06-14,6950
2330,台積電,19,1,18,福勝,2024-06-14,6950
3048,益登,34,17,17,福勝,2024-06-14,6950
00753L,中信中國50正2,16,0,16,福勝,2024-06-14,6950
2324,仁寶,29,13,16,福勝,2024-06-14,6950
6152,百一,16,0,16,福勝,2024-06-14,6950
912000,晨訊科-DR,16,0,16,福勝,2024-06-14,6950
00878,國泰永續高股息,18,3,15,福勝,2024-06-14,6950
00687B,國泰20年美債,31,16,15,福勝,2024-06-14,6950
2538,基泰,21,6,15,福勝,2024-06-14,6950
3520,華盈,15,0,15,福勝,2024-06-14,6950
6573,虹揚-KY,15,0,15,福勝,2024-06-14,6950
9945,潤泰新,16,2,14,福勝,2024-06-14,6950
00918,大華優利高填息30,13,0,13,福勝,2024-06-14,6950
2515,中工,13,0,13,福勝,2024-06-14,6950
2356,英業達,18,6,12,福勝,2024-06-14,6950
1455,集盛,11,0,11,福勝,2024-06-14,6950
1605,華新,11,0,11,福勝,2024-06-14,6950
2313,華通,11,0,11,福勝,2024-06-14,6950
00688L,國泰20年美債正2,10,0,10,福勝,2024-06-14,6950
00933B,國泰10Y+金融債,403,0,403,福勝,2024-06-17,6950
00942B,台新美A公司債20+,400,0,400,福勝,2024-06-17,6950
9105,泰金寶-DR,262,2,260,福勝,2024-06-17,6950
4532,瑞智,180,1,179,福勝,2024-06-17,6950
2609,陽明,127,21,106,福勝,2024-06-17,6950
00633L,富邦上証正2,101,0,101,福勝,2024-06-17,6950
2613,中櫃,102,1,101,福勝,2024-06-17,6950
00936,台新永續高息中小,137,46,91,福勝,2024-06-17,6950
1604,聲寶,90,0,90,福勝,2024-06-17,6950
00918,大華優利高填息30,72,0,72,福勝,2024-06-17,6950
2515,中工,67,1,66,福勝,2024-06-17,6950
2845,遠東銀,62,0,62,福勝,2024-06-17,6950
5521,工信,66,6,60,福勝,2024-06-17,6950
00929,復華台灣科技優息,92,35,57,福勝,2024-06-17,6950
6116,彩晶,55,0,55,福勝,2024-06-17,6950
00940,元大台灣價值高息,60,10,50,福勝,2024-06-17,6950
2883,凱基金,45,1,44,福勝,2024-06-17,6950
2317,鴻海,64,21,43,福勝,2024-06-17,6950
00650L,復華香港正2,43,0,43,福勝,2024-06-17,6950
00919,群益台灣精選高息,56,20,36,福勝,2024-06-17,6950
00679B,元大美債20年,34,2,32,福勝,2024-06-17,6950
1513,中興電,42,11,31,福勝,2024-06-17,6950
00878,國泰永續高股息,33,3,30,福勝,2024-06-17,6950
3535,晶彩科,32,5,27,福勝,2024-06-17,6950
2356,英業達,31,5,26,福勝,2024-06-17,6950
9904,寶成,26,0,26,福勝,2024-06-17,6950
6152,百一,25,0,25,福勝,2024-06-17,6950
2615,萬海,37,14,23,福勝,2024-06-17,6950
00713,元大台灣高息低波,22,0,22,福勝,2024-06-17,6950
00712,復華富時不動產,22,0,22,福勝,2024-06-17,6950
2405,輔信,22,0,22,福勝,2024-06-17,6950
2359,所羅門,22,1,21,福勝,2024-06-17,6950
2538,基泰,21,0,21,福勝,2024-06-17,6950
00932,兆豐永續高息等權,20,0,20,福勝,2024-06-17,6950
00655L,國泰中國A50正2,20,0,20,福勝,2024-06-17,6950
2349,錸德,20,0,20,福勝,2024-06-17,6950
2501,國建,20,0,20,福勝,2024-06-17,6950
2506,太設,20,0,20,福勝,2024-06-17,6950
6492,生華科,22,2,20,福勝,2024-06-17,6950
1503,士電,24,5,19,福勝,2024-06-17,6950
2618,長榮航,21,2,19,福勝,2024-06-17,6950
2371,大同,129,111,18,福勝,2024-06-17,6950
3312,弘憶股,20,2,18,福勝,2024-06-17,6950
9103,美德醫療-DR,22,5,17,福勝,2024-06-17,6950
1603,華電,16,0,16,福勝,2024-06-17,6950
1504,東元,15,1,14,福勝,2024-06-17,6950
2352,佳世達,14,0,14,福勝,2024-06-17,6950
2498,宏達電,15,1,14,福勝,2024-06-17,6950
3047,訊舟,18,4,14,福勝,2024-06-17,6950
1618,合機,28,15,13,福勝,2024-06-17,6950
2834,臺企銀,505,201,304,福勝,2024-06-18,6950
00929,復華台灣科技優息,276,21,255,福勝,2024-06-18,6950
00673R,期元大S＆P原油反1,130,0,130,福勝,2024-06-18,6950
00632R,元大台灣50反1,210,93,117,福勝,2024-06-18,6950
2344,華邦電,193,83,110,福勝,2024-06-18,6950
00751B,元大AAA至A公司債,99,0,99,福勝,2024-06-18,6950
8096,擎亞,202,131,71,福勝,2024-06-18,6950
4532,瑞智,63,0,63,福勝,2024-06-18,6950
00940,元大台灣價值高息,72,12,60,福勝,2024-06-18,6950
3376,新日興,51,0,51,福勝,2024-06-18,6950
00948B,中信優息投資級債,50,0,50,福勝,2024-06-18,6950
2538,基泰,50,0,50,福勝,2024-06-18,6950
1584,精剛,40,0,40,福勝,2024-06-18,6950
8277,商丞,46,10,36,福勝,2024-06-18,6950
6290,良維,33,2,31,福勝,2024-06-18,6950
1504,東元,37,7,30,福勝,2024-06-18,6950
00713,元大台灣高息低波,30,0,30,福勝,2024-06-18,6950
3390,旭軟,30,0,30,福勝,2024-06-18,6950
3535,晶彩科,28,0,28,福勝,2024-06-18,6950
9105,泰金寶-DR,102,76,26,福勝,2024-06-18,6950
2352,佳世達,24,0,24,福勝,2024-06-18,6950
2301,光寶科,25,2,23,福勝,2024-06-18,6950
2312,金寶,25,2,23,福勝,2024-06-18,6950
1618,合機,33,11,22,福勝,2024-06-18,6950
2308,台達電,23,2,21,福勝,2024-06-18,6950
2353,宏��,46,25,21,福勝,2024-06-18,6950
2330,台積電,36,16,20,福勝,2024-06-18,6950
1731,美吾華,20,0,20,福勝,2024-06-18,6950
5014,建錩,20,0,20,福勝,2024-06-18,6950
2884,玉山金,27,8,19,福勝,2024-06-18,6950
5371,中光電,18,0,18,福勝,2024-06-18,6950
3715,定穎投控,20,2,18,福勝,2024-06-18,6950
6180,橘子,20,3,17,福勝,2024-06-18,6950
6153,嘉聯益,16,0,16,福勝,2024-06-18,6950
2371,大同,62,47,15,福勝,2024-06-18,6950
5521,工信,15,0,15,福勝,2024-06-18,6950
00937B,群益ESG投等債20,14,0,14,福勝,2024-06-18,6950
1802,台玻,25,11,14,福勝,2024-06-18,6950
4576,大銀微系統,14,0,14,福勝,2024-06-18,6950
5243,乙盛-KY,13,0,13,福勝,2024-06-18,6950
1503,士電,13,1,12,福勝,2024-06-18,6950
4142,國光生,14,2,12,福勝,2024-06-18,6950
5443,均豪,20,8,12,福勝,2024-06-18,6950
8024,佑華,12,0,12,福勝,2024-06-18,6950
00687B,國泰20年美債,11,0,11,福勝,2024-06-18,6950
2515,中工,31,20,11,福勝,2024-06-18,6950
3360,尚立,11,0,11,福勝,2024-06-18,6950
4967,十銓,22,11,11,福勝,2024-06-18,6950
1232,大統益,10,0,10,福勝,2024-06-18,6950
1304,台聚,10,0,10,福勝,2024-06-18,6950
2834,臺企銀,422,0,422,福勝,2024-06-19,6950
8096,擎亞,212,52,160,福勝,2024-06-19,6950
00940,元大台灣價值高息,153,24,129,福勝,2024-06-19,6950
00936,台新永續高息中小,128,4,124,福勝,2024-06-19,6950
3390,旭軟,115,0,115,福勝,2024-06-19,6950
3048,益登,153,42,111,福勝,2024-06-19,6950
00937B,群益ESG投等債20,110,6,104,福勝,2024-06-19,6950
00687B,國泰20年美債,113,13,100,福勝,2024-06-19,6950
9105,泰金寶-DR,101,10,91,福勝,2024-06-19,6950
3062,建漢,85,10,75,福勝,2024-06-19,6950
2371,大同,88,31,57,福勝,2024-06-19,6950
2867,三商壽,77,20,57,福勝,2024-06-19,6950
6153,嘉聯益,56,2,54,福勝,2024-06-19,6950
00680L,元大美債20正2,51,0,51,福勝,2024-06-19,6950
4532,瑞智,50,0,50,福勝,2024-06-19,6950
00673R,期元大S＆P原油反1,43,0,43,福勝,2024-06-19,6950
2538,基泰,42,0,42,福勝,2024-06-19,6950
1609,大亞,52,14,38,福勝,2024-06-19,6950
3376,新日興,40,6,34,福勝,2024-06-19,6950
1301,台塑,34,1,33,福勝,2024-06-19,6950
1504,東元,35,4,31,福勝,2024-06-19,6950
00946,群益科技高息成長,30,0,30,福勝,2024-06-19,6950
2367,燿華,48,18,30,福勝,2024-06-19,6950
2337,旺宏,34,5,29,福勝,2024-06-19,6950
3673,TPK-KY,30,1,29,福勝,2024-06-19,6950
6152,百一,31,3,28,福勝,2024-06-19,6950
2884,玉山金,26,0,26,福勝,2024-06-19,6950
1731,美吾華,25,1,24,福勝,2024-06-19,6950
2537,聯上發,27,5,22,福勝,2024-06-19,6950
2606,裕民,22,1,21,福勝,2024-06-19,6950
3033,威健,23,2,21,福勝,2024-06-19,6950
6180,橘子,20,0,20,福勝,2024-06-19,6950
2025,千興,19,0,19,福勝,2024-06-19,6950
2605,新興,21,2,19,福勝,2024-06-19,6950
4533,協易機,25,6,19,福勝,2024-06-19,6950
2611,志信,21,2,19,福勝,2024-06-19,6950
6770,力積電,34,15,19,福勝,2024-06-19,6950
00881,國泰台灣5G+,23,6,17,福勝,2024-06-19,6950
1608,華榮,19,2,17,福勝,2024-06-19,6950
1802,台玻,27,10,17,福勝,2024-06-19,6950
1734,杏輝,15,0,15,福勝,2024-06-19,6950
5457,宣德,15,0,15,福勝,2024-06-19,6950
2613,中櫃,20,6,14,福勝,2024-06-19,6950
6834,天二科技,24,10,14,福勝,2024-06-19,6950
1591,駿吉-KY,14,1,13,福勝,2024-06-19,6950
1618,合機,19,6,13,福勝,2024-06-19,6950
6288,聯嘉,13,0,13,福勝,2024-06-19,6950
8070,長華*,14,1,13,福勝,2024-06-19,6950
3374,精材,14,2,12,福勝,2024-06-19,6950
6101,寬魚國際,12,0,12,福勝,2024-06-19,6950
00940,元大台灣價值高息,343,11,332,福勝,2024-06-20,6950
00936,台新永續高息中小,316,13,303,福勝,2024-06-20,6950
00673R,期元大S＆P原油反1,204,0,204,福勝,2024-06-20,6950
2368,金像電,151,3,148,福勝,2024-06-20,6950
00937B,群益ESG投等債20,116,8,108,福勝,2024-06-20,6950
2538,基泰,103,0,103,福勝,2024-06-20,6950
8105,凌巨,73,6,67,福勝,2024-06-20,6950
2409,友達,61,9,52,福勝,2024-06-20,6950
00712,復華富時不動產,47,0,47,福勝,2024-06-20,6950
2888,新光金,46,5,41,福勝,2024-06-20,6950
1731,美吾華,36,0,36,福勝,2024-06-20,6950
9105,泰金寶-DR,38,5,33,福勝,2024-06-20,6950
4526,東台,56,24,32,福勝,2024-06-20,6950
2353,宏��,37,5,32,福勝,2024-06-20,6950
6164,華興,30,0,30,福勝,2024-06-20,6950
2330,台積電,33,4,29,福勝,2024-06-20,6950
00679B,元大美債20年,30,2,28,福勝,2024-06-20,6950
00948B,中信優息投資級債,23,0,23,福勝,2024-06-20,6950
1815,富喬,29,6,23,福勝,2024-06-20,6950
1616,億泰,21,0,21,福勝,2024-06-20,6950
4306,炎洲,22,1,21,福勝,2024-06-20,6950
6153,嘉聯益,22,2,20,福勝,2024-06-20,6950
6182,合晶,21,1,20,福勝,2024-06-20,6950
8028,昇陽半導體,22,3,19,福勝,2024-06-20,6950
1532,勤美,17,0,17,福勝,2024-06-20,6950
00881,國泰台灣5G+,18,2,16,福勝,2024-06-20,6950
3372,典範,14,0,14,福勝,2024-06-20,6950
8096,擎亞,70,57,13,福勝,2024-06-20,6950
2014,中鴻,18,6,12,福勝,2024-06-20,6950
6226,光鼎,12,0,12,福勝,2024-06-20,6950
9904,寶成,12,0,12,福勝,2024-06-20,6950
8050,廣積,14,3,11,福勝,2024-06-20,6950
00753L,中信中國50正2,10,0,10,福勝,2024-06-20,6950
00922,國泰台灣領袖50,10,0,10,福勝,2024-06-20,6950
1605,華新,10,0,10,福勝,2024-06-20,6950
2017,官田鋼,10,0,10,福勝,2024-06-20,6950
2457,飛宏,10,0,10,福勝,2024-06-20,6950
2206,三陽工業,9,0,9,福勝,2024-06-20,6950
2537,聯上發,9,0,9,福勝,2024-06-20,6950
3455,由田,10,2,8,福勝,2024-06-20,6950
00915,凱基優選高股息30,7,0,7,福勝,2024-06-20,6950
00909,國泰數位支付服務,7,0,7,福勝,2024-06-20,6950
1609,大亞,17,10,7,福勝,2024-06-20,6950
3390,旭軟,7,0,7,福勝,2024-06-20,6950
1503,士電,17,10,7,福勝,2024-06-20,6950
00933B,國泰10Y+金融債,6,0,6,福勝,2024-06-20,6950
1504,東元,7,1,6,福勝,2024-06-20,6950
1570,力肯,6,0,6,福勝,2024-06-20,6950
1598,岱宇,6,0,6,福勝,2024-06-20,6950
2387,精元,6,0,6,福勝,2024-06-20,6950
2883,凱基金,299,13,286,福勝,2024-06-21,6950
00680L,元大美債20正2,100,0,100,福勝,2024-06-21,6950
00919,群益台灣精選高息,113,20,93,福勝,2024-06-21,6950
6116,彩晶,144,55,89,福勝,2024-06-21,6950
00936,台新永續高息中小,59,0,59,福勝,2024-06-21,6950
00940,元大台灣價值高息,58,0,58,福勝,2024-06-21,6950
2538,基泰,59,2,57,福勝,2024-06-21,6950
3390,旭軟,47,0,47,福勝,2024-06-21,6950
00937B,群益ESG投等債20,47,0,47,福勝,2024-06-21,6950
8277,商丞,45,2,43,福勝,2024-06-21,6950
6016,康和證,42,0,42,福勝,2024-06-21,6950
00882,中信中國高股息,50,10,40,福勝,2024-06-21,6950
2368,金像電,41,3,38,福勝,2024-06-21,6950
2883B,凱基金乙特,35,0,35,福勝,2024-06-21,6950
1611,中電,31,0,31,福勝,2024-06-21,6950
1616,億泰,31,0,31,福勝,2024-06-21,6950
00948B,中信優息投資級債,30,0,30,福勝,2024-06-21,6950
1802,台玻,35,5,30,福勝,2024-06-21,6950
2104,國際中橡,29,0,29,福勝,2024-06-21,6950
2609,陽明,96,69,27,福勝,2024-06-21,6950
3715,定穎投控,27,0,27,福勝,2024-06-21,6950
00946,群益科技高息成長,26,0,26,福勝,2024-06-21,6950
8112,至上,26,0,26,福勝,2024-06-21,6950
2329,華泰,32,8,24,福勝,2024-06-21,6950
1618,合機,30,7,23,福勝,2024-06-21,6950
2324,仁寶,26,3,23,福勝,2024-06-21,6950
2547,日勝生,23,0,23,福勝,2024-06-21,6950
2606,裕民,25,2,23,福勝,2024-06-21,6950
1604,聲寶,22,0,22,福勝,2024-06-21,6950
2506,太設,20,0,20,福勝,2024-06-21,6950
2331,精英,20,0,20,福勝,2024-06-21,6950
2913,農林,20,1,19,福勝,2024-06-21,6950
1609,大亞,18,0,18,福勝,2024-06-21,6950
2382,廣達,30,13,17,福勝,2024-06-21,6950
00933B,國泰10Y+金融債,17,0,17,福勝,2024-06-21,6950
2489,瑞軒,65,48,17,福勝,2024-06-21,6950
2603,長榮,21,4,17,福勝,2024-06-21,6950
2312,金寶,40,24,16,福勝,2024-06-21,6950
2356,英業達,29,13,16,福勝,2024-06-21,6950
2834,臺企銀,16,0,16,福勝,2024-06-21,6950
4956,光鋐,20,4,16,福勝,2024-06-21,6950
6152,百一,20,4,16,福勝,2024-06-21,6950
00918,大華優利高填息30,14,0,14,福勝,2024-06-21,6950
2867,三商壽,15,1,14,福勝,2024-06-21,6950
8105,凌巨,22,8,14,福勝,2024-06-21,6950
2330,台積電,24,10,14,福勝,2024-06-21,6950
2392,正崴,36,23,13,福勝,2024-06-21,6950
2367,燿華,19,6,13,福勝,2024-06-21,6950
6598,ABC-KY,16,3,13,福勝,2024-06-21,6950
1513,中興電,12,0,12,福勝,2024-06-21,6950
00929,復華台灣科技優息,285,5,280,福勝,2024-06-24,6950
00919,群益台灣精選高息,127,19,108,福勝,2024-06-24,6950
00940,元大台灣價值高息,106,4,102,福勝,2024-06-24,6950
3481,群創,273,196,77,福勝,2024-06-24,6950
2888,新光金,63,1,62,福勝,2024-06-24,6950
1604,聲寶,60,0,60,福勝,2024-06-24,6950
3047,訊舟,64,6,58,福勝,2024-06-24,6950
2354,鴻準,53,1,52,福勝,2024-06-24,6950
3231,緯創,66,15,51,福勝,2024-06-24,6950
2365,昆盈,71,21,50,福勝,2024-06-24,6950
2382,廣達,64,17,47,福勝,2024-06-24,6950
2338,光罩,48,2,46,福勝,2024-06-24,6950
2369,菱生,58,12,46,福勝,2024-06-24,6950
00948B,中信優息投資級債,40,0,40,福勝,2024-06-24,6950
2610,華航,41,2,39,福勝,2024-06-24,6950
00918,大華優利高填息30,36,0,36,福勝,2024-06-24,6950
2498,宏達電,40,4,36,福勝,2024-06-24,6950
2607,榮運,36,0,36,福勝,2024-06-24,6950
4545,銘鈺,35,1,34,福勝,2024-06-24,6950
8028,昇陽半導體,35,1,34,福勝,2024-06-24,6950
2330,台積電,35,1,34,福勝,2024-06-24,6950
1301,台塑,34,6,28,福勝,2024-06-24,6950
3049,精金,38,10,28,福勝,2024-06-24,6950
2457,飛宏,26,0,26,福勝,2024-06-24,6950
2419,仲琦,25,0,25,福勝,2024-06-24,6950
2538,基泰,24,0,24,福勝,2024-06-24,6950
2408,南亞科,24,1,23,福勝,2024-06-24,6950
1618,合機,25,2,23,福勝,2024-06-24,6950
1785,光洋科,34,11,23,福勝,2024-06-24,6950
2618,長榮航,33,10,23,福勝,2024-06-24,6950
5340,建榮,23,0,23,福勝,2024-06-24,6950
8112,至上,26,3,23,福勝,2024-06-24,6950
00882,中信中國高股息,22,0,22,福勝,2024-06-24,6950
4576,大銀微系統,22,0,22,福勝,2024-06-24,6950
8096,擎亞,24,2,22,福勝,2024-06-24,6950
2328,廣宇,21,0,21,福勝,2024-06-24,6950
2317,鴻海,36,16,20,福勝,2024-06-24,6950
2495,普安,21,2,19,福勝,2024-06-24,6950
2324,仁寶,25,7,18,福勝,2024-06-24,6950
00946,群益科技高息成長,18,0,18,福勝,2024-06-24,6950
3048,益登,19,1,18,福勝,2024-06-24,6950
00937B,群益ESG投等債20,27,10,17,福勝,2024-06-24,6950
2347,聯強,17,0,17,福勝,2024-06-24,6950
3372,典範,42,25,17,福勝,2024-06-24,6950
2371,大同,20,4,16,福勝,2024-06-24,6950
1616,億泰,15,0,15,福勝,2024-06-24,6950
3706,神達,15,1,14,福勝,2024-06-24,6950
2615,萬海,24,10,14,福勝,2024-06-24,6950
2301,光寶科,13,0,13,福勝,2024-06-24,6950
00923,群益台ESG低碳50,12,0,12,福勝,2024-06-24,6950
3481,群創,211,43,168,福勝,2024-06-25,6950
2883,凱基金,133,5,128,福勝,2024-06-25,6950
00720B,元大投資級公司債,111,0,111,福勝,2024-06-25,6950
2409,友達,145,34,111,福勝,2024-06-25,6950
00878,國泰永續高股息,94,0,94,福勝,2024-06-25,6950
1611,中電,90,6,84,福勝,2024-06-25,6950
2352,佳世達,86,16,70,福勝,2024-06-25,6950
8096,擎亞,271,218,53,福勝,2024-06-25,6950
2538,基泰,48,0,48,福勝,2024-06-25,6950
4526,東台,59,16,43,福勝,2024-06-25,6950
6111,大宇資,44,8,36,福勝,2024-06-25,6950
2301,光寶科,37,2,35,福勝,2024-06-25,6950
3231,緯創,38,6,32,福勝,2024-06-25,6950
2888,新光金,35,4,31,福勝,2024-06-25,6950
8064,東捷,40,9,31,福勝,2024-06-25,6950
2356,英業達,47,17,30,福勝,2024-06-25,6950
8028,昇陽半導體,30,1,29,福勝,2024-06-25,6950
2323,中環,42,14,28,福勝,2024-06-25,6950
2406,國碩,50,23,27,福勝,2024-06-25,6950
00937B,群益ESG投等債20,24,0,24,福勝,2024-06-25,6950
2324,仁寶,40,16,24,福勝,2024-06-25,6950
00929,復華台灣科技優息,149,126,23,福勝,2024-06-25,6950
8996,高力,21,0,21,福勝,2024-06-25,6950
1604,聲寶,20,0,20,福勝,2024-06-25,6950
2337,旺宏,20,0,20,福勝,2024-06-25,6950
1503,士電,25,6,19,福勝,2024-06-25,6950
00687B,國泰20年美債,18,0,18,福勝,2024-06-25,6950
2834,臺企銀,17,0,17,福勝,2024-06-25,6950
2547,日勝生,20,5,15,福勝,2024-06-25,6950
9105,泰金寶-DR,20,5,15,福勝,2024-06-25,6950
2330,台積電,20,6,14,福勝,2024-06-25,6950
00940,元大台灣價值高息,18,5,13,福勝,2024-06-25,6950
2482,連宇,12,0,12,福勝,2024-06-25,6950
3535,晶彩科,20,8,12,福勝,2024-06-25,6950
1815,富喬,10,0,10,福勝,2024-06-25,6950
2331,精英,10,0,10,福勝,2024-06-25,6950
3167,大量,12,2,10,福勝,2024-06-25,6950
5009,榮剛,10,0,10,福勝,2024-06-25,6950
6116,彩晶,10,0,10,福勝,2024-06-25,6950
6169,昱泉,10,0,10,福勝,2024-06-25,6950
8011,台通,10,0,10,福勝,2024-06-25,6950
3037,欣興,9,0,9,福勝,2024-06-25,6950
0056,元大高股息,10,1,9,福勝,2024-06-25,6950
3615,安可,10,1,9,福勝,2024-06-25,6950
5202,力新,10,1,9,福勝,2024-06-25,6950
1721,三晃,8,0,8,福勝,2024-06-25,6950
2368,金像電,12,4,8,福勝,2024-06-25,6950
3580,友威科,15,7,8,福勝,2024-06-25,6950
4909,新復興,17,9,8,福勝,2024-06-25,6950
00830,國泰費城半導體,7,0,7,福勝,2024-06-25,6950
4532,瑞智,178,8,170,福勝,2024-06-26,6950
1731,美吾華,106,0,106,福勝,2024-06-26,6950
3481,群創,128,26,102,福勝,2024-06-26,6950
2834,臺企銀,101,0,101,福勝,2024-06-26,6950
00929,復華台灣科技優息,140,52,88,福勝,2024-06-26,6950
0056,元大高股息,71,3,68,福勝,2024-06-26,6950
2409,友達,77,9,68,福勝,2024-06-26,6950
2002,中鋼,58,0,58,福勝,2024-06-26,6950
2301,光寶科,58,2,56,福勝,2024-06-26,6950
5452,佶優,51,1,50,福勝,2024-06-26,6950
8277,商丞,51,7,44,福勝,2024-06-26,6950
00936,台新永續高息中小,42,0,42,福勝,2024-06-26,6950
4526,東台,105,66,39,福勝,2024-06-26,6950
2538,基泰,35,0,35,福勝,2024-06-26,6950
3535,晶彩科,57,24,33,福勝,2024-06-26,6950
00878,國泰永續高股息,58,26,32,福勝,2024-06-26,6950
6443,元晶,32,0,32,福勝,2024-06-26,6950
2363,矽統,39,7,32,福勝,2024-06-26,6950
2355,敬鵬,33,2,31,福勝,2024-06-26,6950
3056,富華新,30,0,30,福勝,2024-06-26,6950
2344,華邦電,35,6,29,福勝,2024-06-26,6950
00937B,群益ESG投等債20,27,0,27,福勝,2024-06-26,6950
00713,元大台灣高息低波,30,6,24,福勝,2024-06-26,6950
2353,宏��,41,19,22,福勝,2024-06-26,6950
00940,元大台灣價值高息,34,12,22,福勝,2024-06-26,6950
00706L,期元大S＆P日圓正2,22,0,22,福勝,2024-06-26,6950
00687B,國泰20年美債,35,13,22,福勝,2024-06-26,6950
1616,億泰,25,3,22,福勝,2024-06-26,6950
3013,晟銘電,33,11,22,福勝,2024-06-26,6950
00946,群益科技高息成長,20,0,20,福勝,2024-06-26,6950
00948B,中信優息投資級債,20,0,20,福勝,2024-06-26,6950
2547,日勝生,20,0,20,福勝,2024-06-26,6950
3372,典範,21,1,20,福勝,2024-06-26,6950
1301,台塑,21,2,19,福勝,2024-06-26,6950
00881,國泰台灣5G+,21,5,16,福勝,2024-06-26,6950
2014,中鴻,16,0,16,福勝,2024-06-26,6950
2308,台達電,15,0,15,福勝,2024-06-26,6950
2601,益航,15,0,15,福勝,2024-06-26,6950
2312,金寶,15,1,14,福勝,2024-06-26,6950
3049,精金,14,0,14,福勝,2024-06-26,6950
3520,華盈,14,0,14,福勝,2024-06-26,6950
5371,中光電,16,2,14,福勝,2024-06-26,6950
2883,凱基金,34,20,14,福勝,2024-06-26,6950
2888,新光金,25,12,13,福勝,2024-06-26,6950
6139,亞翔,20,7,13,福勝,2024-06-26,6950
1802,台玻,13,0,13,福勝,2024-06-26,6950
3062,建漢,25,13,12,福勝,2024-06-26,6950
1540,喬福,14,2,12,福勝,2024-06-26,6950
5009,榮剛,12,0,12,福勝,2024-06-26,6950
4562,穎漢,13,2,11,福勝,2024-06-26,6950
00650L,復華香港正2,2551,2235,316,福勝,2024-06-27,6950
2897,王道銀行,150,0,150,福勝,2024-06-27,6950
1312,國喬,120,0,120,福勝,2024-06-27,6950
00878,國泰永續高股息,94,0,94,福勝,2024-06-27,6950
1802,台玻,102,11,91,福勝,2024-06-27,6950
00935,野村臺灣新科技50,70,0,70,福勝,2024-06-27,6950
00948B,中信優息投資級債,63,0,63,福勝,2024-06-27,6950
00929,復華台灣科技優息,64,8,56,福勝,2024-06-27,6950
2405,輔信,52,0,52,福勝,2024-06-27,6950
00947,台新臺灣IC設計,43,0,43,福勝,2024-06-27,6950
00919,群益台灣精選高息,48,7,41,福勝,2024-06-27,6950
4532,瑞智,42,1,41,福勝,2024-06-27,6950
3481,群創,75,38,37,福勝,2024-06-27,6950
2885,元大金,37,1,36,福勝,2024-06-27,6950
9904,寶成,45,10,35,福勝,2024-06-27,6950
2538,基泰,68,34,34,福勝,2024-06-27,6950
3062,建漢,32,2,30,福勝,2024-06-27,6950
2883,凱基金,29,1,28,福勝,2024-06-27,6950
8076,伍豐,35,8,27,福勝,2024-06-27,6950
2515,中工,29,4,25,福勝,2024-06-27,6950
2489,瑞軒,32,8,24,福勝,2024-06-27,6950
1709,和益,23,0,23,福勝,2024-06-27,6950
8096,擎亞,44,21,23,福勝,2024-06-27,6950
4938,和碩,23,2,21,福勝,2024-06-27,6950
00937B,群益ESG投等債20,20,0,20,福勝,2024-06-27,6950
2002,中鋼,19,0,19,福勝,2024-06-27,6950
2329,華泰,25,6,19,福勝,2024-06-27,6950
912000,晨訊科-DR,49,30,19,福勝,2024-06-27,6950
1314,中石化,30,12,18,福勝,2024-06-27,6950
1733,五鼎,20,2,18,福勝,2024-06-27,6950
2303,聯電,18,0,18,福勝,2024-06-27,6950
2354,鴻準,21,5,16,福勝,2024-06-27,6950
6770,力積電,16,0,16,福勝,2024-06-27,6950
1727,中華化,15,0,15,福勝,2024-06-27,6950
3535,晶彩科,51,36,15,福勝,2024-06-27,6950
6116,彩晶,15,0,15,福勝,2024-06-27,6950
1303,南亞,15,0,15,福勝,2024-06-27,6950
2308,台達電,15,1,14,福勝,2024-06-27,6950
4707,磐亞,15,1,14,福勝,2024-06-27,6950
4956,光鋐,26,12,14,福勝,2024-06-27,6950
6692,進能服,14,0,14,福勝,2024-06-27,6950
00720B,元大投資級公司債,13,0,13,福勝,2024-06-27,6950
3050,鈺德,16,3,13,福勝,2024-06-27,6950
2337,旺宏,13,1,12,福勝,2024-06-27,6950
9945,潤泰新,12,0,12,福勝,2024-06-27,6950
6177,達麗,11,0,11,福勝,2024-06-27,6950
1326,台化,11,0,11,福勝,2024-06-27,6950
2344,華邦電,12,1,11,福勝,2024-06-27,6950
8358,金居,13,2,11,福勝,2024-06-27,6950
6443,元晶,87,77,10,福勝,2024-06-27,6950
00929,復華台灣科技優息,242,4,238,福勝,2024-06-28,6950
3044,健鼎,163,2,161,福勝,2024-06-28,6950
1802,台玻,102,1,101,福勝,2024-06-28,6950
00650L,復華香港正2,70,0,70,福勝,2024-06-28,6950
2610,華航,83,27,56,福勝,2024-06-28,6950
6244,茂迪,74,29,45,福勝,2024-06-28,6950
3481,群創,43,2,41,福勝,2024-06-28,6950
5014,建錩,40,0,40,福勝,2024-06-28,6950
00919,群益台灣精選高息,30,0,30,福勝,2024-06-28,6950
00936,台新永續高息中小,26,0,26,福勝,2024-06-28,6950
2233,宇隆,25,0,25,福勝,2024-06-28,6950
2303,聯電,35,12,23,福勝,2024-06-28,6950
3057,喬鼎,23,0,23,福勝,2024-06-28,6950
00712,復華富時不動產,21,0,21,福勝,2024-06-28,6950
2349,錸德,26,5,21,福勝,2024-06-28,6950
2618,長榮航,41,20,21,福勝,2024-06-28,6950
2406,國碩,58,38,20,福勝,2024-06-28,6950
2609,陽明,25,6,19,福勝,2024-06-28,6950
1325,恆大,20,1,19,福勝,2024-06-28,6950
1609,大亞,56,38,18,福勝,2024-06-28,6950
00878,國泰永續高股息,18,1,17,福勝,2024-06-28,6950
1301,台塑,22,6,16,福勝,2024-06-28,6950
3712,永崴投控,19,3,16,福勝,2024-06-28,6950
00942B,台新美A公司債20+,15,0,15,福勝,2024-06-28,6950
2027,大成鋼,15,0,15,福勝,2024-06-28,6950
3581,博磊,17,3,14,福勝,2024-06-28,6950
4949,有成精密,14,0,14,福勝,2024-06-28,6950
00888,永豐台灣ESG,12,0,12,福勝,2024-06-28,6950
2352,佳世達,12,0,12,福勝,2024-06-28,6950
4545,銘鈺,15,3,12,福勝,2024-06-28,6950
6182,合晶,12,0,12,福勝,2024-06-28,6950
3264,欣銓,11,0,11,福勝,2024-06-28,6950
5230,雷笛克光學,12,1,11,福勝,2024-06-28,6950
8271,宇瞻,11,0,11,福勝,2024-06-28,6950
2354,鴻準,13,3,10,福勝,2024-06-28,6950
2845,遠東銀,10,0,10,福勝,2024-06-28,6950
00673R,期元大S＆P原油反1,10,0,10,福勝,2024-06-28,6950
2247,汎德永業,10,0,10,福勝,2024-06-28,6950
2887,台新金,10,0,10,福勝,2024-06-28,6950
2897,王道銀行,10,0,10,福勝,2024-06-28,6950
3052,夆典,10,0,10,福勝,2024-06-28,6950
3093,港建*,10,0,10,福勝,2024-06-28,6950
3149,正達,13,3,10,福勝,2024-06-28,6950
3686,達能,10,0,10,福勝,2024-06-28,6950
4714,永捷,10,0,10,福勝,2024-06-28,6950
4720,德淵,10,0,10,福勝,2024-06-28,6950
5213,亞昕,10,0,10,福勝,2024-06-28,6950
5426,振發,10,0,10,福勝,2024-06-28,6950
5905,南仁湖,10,0,10,福勝,2024-06-28,6950
3059,華晶科,10,0,10,福勝,2024-06-28,6950
00680L,元大美債20正2,201,0,201,福勝,2024-07-01,6950
00720B,元大投資級公司債,160,0,160,福勝,2024-07-01,6950
00929,復華台灣科技優息,102,0,102,福勝,2024-07-01,6950
6834,天二科技,102,0,102,福勝,2024-07-01,6950
2820,華票,100,5,95,福勝,2024-07-01,6950
8996,高力,81,0,81,福勝,2024-07-01,6950
0056,元大高股息,78,5,73,福勝,2024-07-01,6950
2002,中鋼,59,2,57,福勝,2024-07-01,6950
00936,台新永續高息中小,55,0,55,福勝,2024-07-01,6950
3057,喬鼎,50,1,49,福勝,2024-07-01,6950
2867,三商壽,50,3,47,福勝,2024-07-01,6950
2515,中工,45,0,45,福勝,2024-07-01,6950
4532,瑞智,45,1,44,福勝,2024-07-01,6950
2301,光寶科,56,14,42,福勝,2024-07-01,6950
3376,新日興,44,3,41,福勝,2024-07-01,6950
00949,復華日本龍頭,34,0,34,福勝,2024-07-01,6950
2352,佳世達,45,11,34,福勝,2024-07-01,6950
6418,詠昇,34,0,34,福勝,2024-07-01,6950
6770,力積電,45,14,31,福勝,2024-07-01,6950
00937B,群益ESG投等債20,51,20,31,福勝,2024-07-01,6950
6263,普萊德,29,0,29,福勝,2024-07-01,6950
9904,寶成,27,0,27,福勝,2024-07-01,6950
8105,凌巨,24,0,24,福勝,2024-07-01,6950
3687,歐買尬,20,0,20,福勝,2024-07-01,6950
3710,連展投控,20,0,20,福勝,2024-07-01,6950
5493,三聯,20,0,20,福勝,2024-07-01,6950
912000,晨訊科-DR,20,0,20,福勝,2024-07-01,6950
2371,大同,25,6,19,福勝,2024-07-01,6950
3056,富華新,20,1,19,福勝,2024-07-01,6950
1513,中興電,19,2,17,福勝,2024-07-01,6950
3481,群創,29,12,17,福勝,2024-07-01,6950
6234,高僑,24,7,17,福勝,2024-07-01,6950
8096,擎亞,22,5,17,福勝,2024-07-01,6950
00712,復華富時不動產,20,5,15,福勝,2024-07-01,6950
2368,金像電,17,2,15,福勝,2024-07-01,6950
1101,台泥,14,0,14,福勝,2024-07-01,6950
00948B,中信優息投資級債,14,0,14,福勝,2024-07-01,6950
00878,國泰永續高股息,15,1,14,福勝,2024-07-01,6950
2313,華通,36,22,14,福勝,2024-07-01,6950
2367,燿華,17,3,14,福勝,2024-07-01,6950
2417,圓剛,19,5,14,福勝,2024-07-01,6950
2031,新光鋼,15,1,14,福勝,2024-07-01,6950
6116,彩晶,13,0,13,福勝,2024-07-01,6950
00687B,國泰20年美債,12,0,12,福勝,2024-07-01,6950
1570,力肯,12,0,12,福勝,2024-07-01,6950
2362,藍天,13,1,12,福勝,2024-07-01,6950
3044,健鼎,12,0,12,福勝,2024-07-01,6950
8086,宏捷科,12,0,12,福勝,2024-07-01,6950
8271,宇瞻,12,0,12,福勝,2024-07-01,6950
00907,永豐優息存股,11,0,11,福勝,2024-07-01,6950
00680L,元大美債20正2,700,0,700,福勝,2024-07-02,6950
00940,元大台灣價值高息,230,40,190,福勝,2024-07-02,6950
2303,聯電,159,8,151,福勝,2024-07-02,6950
00934,中信成長高股息,137,20,117,福勝,2024-07-02,6950
00929,復華台灣科技優息,159,56,103,福勝,2024-07-02,6950
1110,東泥,100,0,100,福勝,2024-07-02,6950
00688L,國泰20年美債正2,90,0,90,福勝,2024-07-02,6950
0056,元大高股息,82,0,82,福勝,2024-07-02,6950
2317,鴻海,90,17,73,福勝,2024-07-02,6950
2882,國泰金,74,8,66,福勝,2024-07-02,6950
2543,皇昌,75,9,66,福勝,2024-07-02,6950
00949,復華日本龍頭,54,0,54,福勝,2024-07-02,6950
00673R,期元大S＆P原油反1,40,0,40,福勝,2024-07-02,6950
2353,宏��,59,20,39,福勝,2024-07-02,6950
2365,昆盈,54,17,37,福勝,2024-07-02,6950
2367,燿華,38,3,35,福勝,2024-07-02,6950
2412,中華電,35,0,35,福勝,2024-07-02,6950
2495,普安,33,2,31,福勝,2024-07-02,6950
2511,太子,30,0,30,福勝,2024-07-02,6950
00687B,國泰20年美債,28,0,28,福勝,2024-07-02,6950
6126,信音,26,0,26,福勝,2024-07-02,6950
2409,友達,27,2,25,福勝,2024-07-02,6950
00918,大華優利高填息30,24,0,24,福勝,2024-07-02,6950
2515,中工,22,0,22,福勝,2024-07-02,6950
3576,聯合再生,57,36,21,福勝,2024-07-02,6950
2323,中環,34,13,21,福勝,2024-07-02,6950
1409,新纖,20,0,20,福勝,2024-07-02,6950
3372,典範,20,0,20,福勝,2024-07-02,6950
3441,聯一光,20,0,20,福勝,2024-07-02,6950
4707,磐亞,20,0,20,福勝,2024-07-02,6950
6116,彩晶,20,0,20,福勝,2024-07-02,6950
1785,光洋科,31,12,19,福勝,2024-07-02,6950
3520,華盈,41,22,19,福勝,2024-07-02,6950
3702,大聯大,28,10,18,福勝,2024-07-02,6950
8076,伍豐,24,6,18,福勝,2024-07-02,6950
2405,輔信,25,8,17,福勝,2024-07-02,6950
3535,晶彩科,29,12,17,福勝,2024-07-02,6950
00679B,元大美債20年,17,2,15,福勝,2024-07-02,6950
2002,中鋼,16,1,15,福勝,2024-07-02,6950
2324,仁寶,32,17,15,福勝,2024-07-02,6950
2427,三商電,19,4,15,福勝,2024-07-02,6950
00936,台新永續高息中小,17,3,14,福勝,2024-07-02,6950
6285,啟��,18,5,13,福勝,2024-07-02,6950
5230,雷笛克光學,16,3,13,福勝,2024-07-02,6950
6185,幃翔,13,0,13,福勝,2024-07-02,6950
2337,旺宏,16,4,12,福勝,2024-07-02,6950
2892,第一金,11,0,11,福勝,2024-07-02,6950
00857B,永豐20年美公債,11,0,11,福勝,2024-07-02,6950
00948B,中信優息投資級債,11,0,11,福勝,2024-07-02,6950
1708,東鹼,11,0,11,福勝,2024-07-02,6950
00673R,期元大S＆P原油反1,220,0,220,福勝,2024-07-03,6950
2368,金像電,185,2,183,福勝,2024-07-03,6950
2543,皇昌,116,13,103,福勝,2024-07-03,6950
9105,泰金寶-DR,188,88,100,福勝,2024-07-03,6950
00934,中信成長高股息,98,1,97,福勝,2024-07-03,6950
1785,光洋科,107,13,94,福勝,2024-07-03,6950
1815,富喬,70,1,69,福勝,2024-07-03,6950
2002,中鋼,32,0,32,福勝,2024-07-03,6950
2495,普安,36,5,31,福勝,2024-07-03,6950
3455,由田,52,22,30,福勝,2024-07-03,6950
3673,TPK-KY,48,18,30,福勝,2024-07-03,6950
2328,廣宇,28,0,28,福勝,2024-07-03,6950
2515,中工,47,20,27,福勝,2024-07-03,6950
2489,瑞軒,30,4,26,福勝,2024-07-03,6950
00933B,國泰10Y+金融債,25,0,25,福勝,2024-07-03,6950
5608,四維航,37,12,25,福勝,2024-07-03,6950
1101,台泥,40,16,24,福勝,2024-07-03,6950
2634,漢翔,26,2,24,福勝,2024-07-03,6950
2618,長榮航,23,2,21,福勝,2024-07-03,6950
3499,環天科,23,2,21,福勝,2024-07-03,6950
9103,美德醫療-DR,21,0,21,福勝,2024-07-03,6950
2367,燿華,131,111,20,福勝,2024-07-03,6950
2345,智邦,20,0,20,福勝,2024-07-03,6950
1609,大亞,19,2,17,福勝,2024-07-03,6950
6538,倉和,17,0,17,福勝,2024-07-03,6950
00795B,中信美國公債20年,15,0,15,福勝,2024-07-03,6950
00632R,元大台灣50反1,15,0,15,福勝,2024-07-03,6950
2371,大同,15,1,14,福勝,2024-07-03,6950
2609,陽明,27,13,14,福勝,2024-07-03,6950
4976,佳凌,15,1,14,福勝,2024-07-03,6950
6152,百一,15,1,14,福勝,2024-07-03,6950
2405,輔信,42,28,14,福勝,2024-07-03,6950
00927,群益半導體收益,13,0,13,福勝,2024-07-03,6950
1802,台玻,13,0,13,福勝,2024-07-03,6950
8215,明基材,14,1,13,福勝,2024-07-03,6950
2356,英業達,32,20,12,福勝,2024-07-03,6950
1326,台化,11,0,11,福勝,2024-07-03,6950
2359,所羅門,20,9,11,福勝,2024-07-03,6950
2610,華航,60,49,11,福勝,2024-07-03,6950
6288,聯嘉,13,2,11,福勝,2024-07-03,6950
1467,南緯,10,0,10,福勝,2024-07-03,6950
1604,聲寶,10,0,10,福勝,2024-07-03,6950
2303,聯電,16,6,10,福勝,2024-07-03,6950
2357,華碩,12,2,10,福勝,2024-07-03,6950
3217,優群,10,0,10,福勝,2024-07-03,6950
6127,九豪,33,23,10,福勝,2024-07-03,6950
6147,頎邦,10,0,10,福勝,2024-07-03,6950
8071,能率網通,12,2,10,福勝,2024-07-03,6950
00687B,國泰20年美債,10,1,9,福勝,2024-07-03,6950
2332,友訊,13,4,9,福勝,2024-07-03,6950
3481,群創,558,87,471,福勝,2024-07-04,6950
2313,華通,289,31,258,福勝,2024-07-04,6950
00720B,元大投資級公司債,122,0,122,福勝,2024-07-04,6950
2412,中華電,78,1,77,福勝,2024-07-04,6950
2618,長榮航,66,10,56,福勝,2024-07-04,6950
9103,美德醫療-DR,55,0,55,福勝,2024-07-04,6950
1584,精剛,55,1,54,福勝,2024-07-04,6950
00673R,期元大S＆P原油反1,50,0,50,福勝,2024-07-04,6950
1604,聲寶,40,0,40,福勝,2024-07-04,6950
6443,元晶,61,21,40,福勝,2024-07-04,6950
6127,九豪,38,2,36,福勝,2024-07-04,6950
3047,訊舟,51,17,34,福勝,2024-07-04,6950
2834,臺企銀,40,7,33,福勝,2024-07-04,6950
2883,凱基金,41,10,31,福勝,2024-07-04,6950
2440,太空梭,30,0,30,福勝,2024-07-04,6950
8926,台汽電,27,0,27,福勝,2024-07-04,6950
3189,景碩,26,1,25,福勝,2024-07-04,6950
00687B,國泰20年美債,27,2,25,福勝,2024-07-04,6950
3035,智原,25,0,25,福勝,2024-07-04,6950
6546,正基,25,0,25,福勝,2024-07-04,6950
8064,東捷,51,26,25,福勝,2024-07-04,6950
00929,復華台灣科技優息,60,36,24,福勝,2024-07-04,6950
3050,鈺德,24,1,23,福勝,2024-07-04,6950
00949,復華日本龍頭,21,0,21,福勝,2024-07-04,6950
4532,瑞智,21,0,21,福勝,2024-07-04,6950
3630,新鉅科,20,0,20,福勝,2024-07-04,6950
4109,加捷生醫,21,1,20,福勝,2024-07-04,6950
5880,合庫金,20,0,20,福勝,2024-07-04,6950
6591,動力-KY,20,0,20,福勝,2024-07-04,6950
2417,圓剛,27,8,19,福勝,2024-07-04,6950
3003,健和興,19,0,19,福勝,2024-07-04,6950
6271,同欣電,20,1,19,福勝,2024-07-04,6950
8176,智捷,19,0,19,福勝,2024-07-04,6950
2393,億光,22,4,18,福勝,2024-07-04,6950
5392,能率,42,24,18,福勝,2024-07-04,6950
5521,工信,18,0,18,福勝,2024-07-04,6950
2402,毅嘉,24,7,17,福勝,2024-07-04,6950
2609,陽明,16,0,16,福勝,2024-07-04,6950
6142,友勁,17,1,16,福勝,2024-07-04,6950
2345,智邦,15,0,15,福勝,2024-07-04,6950
2641,正德,16,1,15,福勝,2024-07-04,6950
00940,元大台灣價值高息,25,10,15,福勝,2024-07-04,6950
2495,普安,25,12,13,福勝,2024-07-04,6950
00919,群益台灣精選高息,44,32,12,福勝,2024-07-04,6950
3550,聯穎,12,0,12,福勝,2024-07-04,6950
6182,合晶,19,7,12,福勝,2024-07-04,6950
6189,豐藝,16,4,12,福勝,2024-07-04,6950
6937,天虹,13,1,12,福勝,2024-07-04,6950
2353,宏��,15,4,11,福勝,2024-07-04,6950
2515,中工,11,0,11,福勝,2024-07-04,6950
3481,群創,313,78,235,福勝,2024-07-05,6950
2888,新光金,153,2,151,福勝,2024-07-05,6950
3048,益登,165,44,121,福勝,2024-07-05,6950
2618,長榮航,108,20,88,福勝,2024-07-05,6950
2367,燿華,115,51,64,福勝,2024-07-05,6950
0056,元大高股息,57,0,57,福勝,2024-07-05,6950
00919,群益台灣精選高息,57,2,55,福勝,2024-07-05,6950
6153,嘉聯益,60,7,53,福勝,2024-07-05,6950
1513,中興電,69,19,50,福勝,2024-07-05,6950
00941,中信上游半導體,50,2,48,福勝,2024-07-05,6950
3576,聯合再生,58,11,47,福勝,2024-07-05,6950
2349,錸德,48,2,46,福勝,2024-07-05,6950
2610,華航,43,2,41,福勝,2024-07-05,6950
2547,日勝生,40,0,40,福勝,2024-07-05,6950
00929,復華台灣科技優息,45,7,38,福勝,2024-07-05,6950
00937B,群益ESG投等債20,37,0,37,福勝,2024-07-05,6950
2609,陽明,41,9,32,福勝,2024-07-05,6950
00934,中信成長高股息,31,1,30,福勝,2024-07-05,6950
3058,立德,29,0,29,福勝,2024-07-05,6950
3706,神達,30,1,29,福勝,2024-07-05,6950
8064,東捷,60,32,28,福勝,2024-07-05,6950
2911,麗嬰房,33,5,28,福勝,2024-07-05,6950
1605,華新,23,0,23,福勝,2024-07-05,6950
2543,皇昌,61,39,22,福勝,2024-07-05,6950
2324,仁寶,26,4,22,福勝,2024-07-05,6950
3455,由田,22,0,22,福勝,2024-07-05,6950
2301,光寶科,25,4,21,福勝,2024-07-05,6950
6535,順藥,21,0,21,福勝,2024-07-05,6950
5258,虹堡,20,0,20,福勝,2024-07-05,6950
00639,富邦深100,20,0,20,福勝,2024-07-05,6950
1340,勝悅-KY,20,0,20,福勝,2024-07-05,6950
2344,華邦電,20,0,20,福勝,2024-07-05,6950
4533,協易機,20,0,20,福勝,2024-07-05,6950
1616,億泰,21,2,19,福勝,2024-07-05,6950
2323,中環,123,104,19,福勝,2024-07-05,6950
2485,兆赫,20,1,19,福勝,2024-07-05,6950
3209,全科,20,3,17,福勝,2024-07-05,6950
8926,台汽電,17,0,17,福勝,2024-07-05,6950
2444,兆勁,20,5,15,福勝,2024-07-05,6950
3484,崧騰,15,0,15,福勝,2024-07-05,6950
8096,擎亞,15,0,15,福勝,2024-07-05,6950
2330,台積電,16,2,14,福勝,2024-07-05,6950
00881,國泰台灣5G+,14,0,14,福勝,2024-07-05,6950
1609,大亞,43,29,14,福勝,2024-07-05,6950
6570,維田,14,0,14,福勝,2024-07-05,6950
1504,東元,24,11,13,福勝,2024-07-05,6950
6170,統振,13,0,13,福勝,2024-07-05,6950
3037,欣興,17,5,12,福勝,2024-07-05,6950
6209,今國光,12,0,12,福勝,2024-07-05,6950
2537,聯上發,11,0,11,福勝,2024-07-05,6950
00650L,復華香港正2,1178,0,1178,福勝,2024-07-08,6950
3481,群創,390,59,331,福勝,2024-07-08,6950
00905,FT臺灣Smart,136,0,136,福勝,2024-07-08,6950
1409,新纖,143,15,128,福勝,2024-07-08,6950
00673R,期元大S＆P原油反1,97,0,97,福勝,2024-07-08,6950
9105,泰金寶-DR,109,31,78,福勝,2024-07-08,6950
2427,三商電,59,4,55,福勝,2024-07-08,6950
6269,台郡,52,0,52,福勝,2024-07-08,6950
2476,鉅祥,52,1,51,福勝,2024-07-08,6950
2354,鴻準,78,30,48,福勝,2024-07-08,6950
5443,均豪,54,7,47,福勝,2024-07-08,6950
00934,中信成長高股息,40,0,40,福勝,2024-07-08,6950
00929,復華台灣科技優息,125,85,40,福勝,2024-07-08,6950
6169,昱泉,39,0,39,福勝,2024-07-08,6950
1522,堤維西,36,0,36,福勝,2024-07-08,6950
2374,佳能,52,16,36,福勝,2024-07-08,6950
3163,波若威,32,1,31,福勝,2024-07-08,6950
6126,信音,50,19,31,福勝,2024-07-08,6950
2618,長榮航,34,6,28,福勝,2024-07-08,6950
2515,中工,31,5,26,福勝,2024-07-08,6950
9904,寶成,25,0,25,福勝,2024-07-08,6950
3048,益登,39,15,24,福勝,2024-07-08,6950
2603,長榮,27,4,23,福勝,2024-07-08,6950
1584,精剛,30,10,20,福勝,2024-07-08,6950
2867,三商壽,20,0,20,福勝,2024-07-08,6950
2897,王道銀行,20,0,20,福勝,2024-07-08,6950
5009,榮剛,20,0,20,福勝,2024-07-08,6950
00878,國泰永續高股息,24,5,19,福勝,2024-07-08,6950
00923,群益台ESG低碳50,19,0,19,福勝,2024-07-08,6950
006208,富邦台50,19,0,19,福勝,2024-07-08,6950
2349,錸德,20,1,19,福勝,2024-07-08,6950
3376,新日興,31,12,19,福勝,2024-07-08,6950
5230,雷笛克光學,17,0,17,福勝,2024-07-08,6950
2402,毅嘉,17,0,17,福勝,2024-07-08,6950
4109,加捷生醫,18,2,16,福勝,2024-07-08,6950
8110,華東,16,0,16,福勝,2024-07-08,6950
3033,威健,30,15,15,福勝,2024-07-08,6950
3484,崧騰,15,0,15,福勝,2024-07-08,6950
3450,聯鈞,17,3,14,福勝,2024-07-08,6950
1815,富喬,19,5,14,福勝,2024-07-08,6950
2405,輔信,16,2,14,福勝,2024-07-08,6950
2514,龍邦,15,1,14,福勝,2024-07-08,6950
3044,健鼎,14,0,14,福勝,2024-07-08,6950
1536,和大,18,5,13,福勝,2024-07-08,6950
2353,宏��,33,20,13,福勝,2024-07-08,6950
3490,單井,28,15,13,福勝,2024-07-08,6950
3287,廣寰科,12,0,12,福勝,2024-07-08,6950
3710,連展投控,25,13,12,福勝,2024-07-08,6950
3008,大立光,12,0,12,福勝,2024-07-08,6950
6153,嘉聯益,28,16,12,福勝,2024-07-08,6950
00905,FT臺灣Smart,214,3,211,福勝,2024-07-09,6950
2543,皇昌,230,19,211,福勝,2024-07-09,6950
2312,金寶,236,74,162,福勝,2024-07-09,6950
2511,太子,140,0,140,福勝,2024-07-09,6950
6770,力積電,118,13,105,福勝,2024-07-09,6950
2356,英業達,121,24,97,福勝,2024-07-09,6950
4532,瑞智,91,0,91,福勝,2024-07-09,6950
00650L,復華香港正2,2285,2195,90,福勝,2024-07-09,6950
1785,光洋科,96,8,88,福勝,2024-07-09,6950
00934,中信成長高股息,81,20,61,福勝,2024-07-09,6950
2349,錸德,77,19,58,福勝,2024-07-09,6950
2337,旺宏,61,6,55,福勝,2024-07-09,6950
1708,東鹼,52,0,52,福勝,2024-07-09,6950
912000,晨訊科-DR,50,0,50,福勝,2024-07-09,6950
8096,擎亞,116,72,44,福勝,2024-07-09,6950
2618,長榮航,39,1,38,福勝,2024-07-09,6950
6005,群益證,35,0,35,福勝,2024-07-09,6950
00929,復華台灣科技優息,61,28,33,福勝,2024-07-09,6950
1604,聲寶,32,0,32,福勝,2024-07-09,6950
2609,陽明,34,2,32,福勝,2024-07-09,6950
2610,華航,32,0,32,福勝,2024-07-09,6950
00639,富邦深100,30,0,30,福勝,2024-07-09,6950
2412,中華電,30,0,30,福勝,2024-07-09,6950
3231,緯創,41,12,29,福勝,2024-07-09,6950
2353,宏��,31,3,28,福勝,2024-07-09,6950
3062,建漢,33,6,27,福勝,2024-07-09,6950
2344,華邦電,37,12,25,福勝,2024-07-09,6950
3484,崧騰,25,0,25,福勝,2024-07-09,6950
4545,銘鈺,25,0,25,福勝,2024-07-09,6950
9105,泰金寶-DR,203,178,25,福勝,2024-07-09,6950
0056,元大高股息,25,1,24,福勝,2024-07-09,6950
2374,佳能,50,27,23,福勝,2024-07-09,6950
2489,瑞軒,26,4,22,福勝,2024-07-09,6950
8105,凌巨,41,19,22,福勝,2024-07-09,6950
8936,國統,22,0,22,福勝,2024-07-09,6950
6443,元晶,22,0,22,福勝,2024-07-09,6950
00936,台新永續高息中小,21,0,21,福勝,2024-07-09,6950
2313,華通,23,2,21,福勝,2024-07-09,6950
1584,精剛,20,0,20,福勝,2024-07-09,6950
3050,鈺德,43,23,20,福勝,2024-07-09,6950
4906,正文,29,9,20,福勝,2024-07-09,6950
2331,精英,21,1,20,福勝,2024-07-09,6950
00927,群益半導體收益,19,0,19,福勝,2024-07-09,6950
00881,國泰台灣5G+,21,2,19,福勝,2024-07-09,6950
1616,億泰,22,3,19,福勝,2024-07-09,6950
3372,典範,20,1,19,福勝,2024-07-09,6950
5328,華容,20,1,19,福勝,2024-07-09,6950
2376,技嘉,19,0,19,福勝,2024-07-09,6950
8064,東捷,30,12,18,福勝,2024-07-09,6950
2317,鴻海,43,26,17,福勝,2024-07-09,6950
00632R,元大台灣50反1,150,0,150,福勝,2024-07-10,6950
2885,元大金,100,5,95,福勝,2024-07-10,6950
2303,聯電,81,7,74,福勝,2024-07-10,6950
00648R,元大S＆P500反1,70,0,70,福勝,2024-07-10,6950
00934,中信成長高股息,125,60,65,福勝,2024-07-10,6950
4904,遠傳,60,0,60,福勝,2024-07-10,6950
2353,宏��,75,26,49,福勝,2024-07-10,6950
2845,遠東銀,48,0,48,福勝,2024-07-10,6950
8105,凌巨,55,10,45,福勝,2024-07-10,6950
2402,毅嘉,55,11,44,福勝,2024-07-10,6950
2317,鴻海,50,8,42,福勝,2024-07-10,6950
2392,正崴,82,43,39,福勝,2024-07-10,6950
1444,力麗,30,0,30,福勝,2024-07-10,6950
4526,東台,29,1,28,福勝,2024-07-10,6950
3163,波若威,44,17,27,福勝,2024-07-10,6950
4987,科誠,27,0,27,福勝,2024-07-10,6950
2609,陽明,30,5,25,福勝,2024-07-10,6950
3013,晟銘電,53,29,24,福勝,2024-07-10,6950
4707,磐亞,25,1,24,福勝,2024-07-10,6950
3576,聯合再生,32,10,22,福勝,2024-07-10,6950
6244,茂迪,22,0,22,福勝,2024-07-10,6950
6560,欣普羅,21,0,21,福勝,2024-07-10,6950
2882,國泰金,32,11,21,福勝,2024-07-10,6950
00893,國泰智能電動車,20,0,20,福勝,2024-07-10,6950
2340,台亞,26,6,20,福勝,2024-07-10,6950
8155,博智,20,0,20,福勝,2024-07-10,6950
912000,晨訊科-DR,20,0,20,福勝,2024-07-10,6950
5371,中光電,23,6,17,福勝,2024-07-10,6950
2108,南帝,21,4,17,福勝,2024-07-10,6950
3712,永崴投控,18,1,17,福勝,2024-07-10,6950
2337,旺宏,16,0,16,福勝,2024-07-10,6950
2606,裕民,16,0,16,福勝,2024-07-10,6950
5426,振發,19,3,16,福勝,2024-07-10,6950
00905,FT臺灣Smart,15,0,15,福勝,2024-07-10,6950
00725B,國泰投資級公司債,15,0,15,福勝,2024-07-10,6950
1316,上曜,15,0,15,福勝,2024-07-10,6950
1616,億泰,23,8,15,福勝,2024-07-10,6950
2412,中華電,25,10,15,福勝,2024-07-10,6950
5460,同協,15,0,15,福勝,2024-07-10,6950
1515,力山,14,0,14,福勝,2024-07-10,6950
6169,昱泉,14,0,14,福勝,2024-07-10,6950
3520,華盈,13,0,13,福勝,2024-07-10,6950
5309,系統電,28,15,13,福勝,2024-07-10,6950
5452,佶優,16,3,13,福勝,2024-07-10,6950
9904,寶成,13,0,13,福勝,2024-07-10,6950
3037,欣興,14,1,13,福勝,2024-07-10,6950
1776,展宇,12,0,12,福勝,2024-07-10,6950
1605,華新,15,4,11,福勝,2024-07-10,6950
1608,華榮,12,1,11,福勝,2024-07-10,6950
2347,聯強,11,0,11,福勝,2024-07-10,6950
00673R,期元大S＆P原油反1,499,50,449,福勝,2024-07-11,6950
2885,元大金,200,18,182,福勝,2024-07-11,6950
2618,長榮航,195,24,171,福勝,2024-07-11,6950
6226,光鼎,160,0,160,福勝,2024-07-11,6950
2888,新光金,262,131,131,福勝,2024-07-11,6950
00934,中信成長高股息,84,0,84,福勝,2024-07-11,6950
2867,三商壽,114,32,82,福勝,2024-07-11,6950
8927,北基,64,0,64,福勝,2024-07-11,6950
2353,宏��,95,32,63,福勝,2024-07-11,6950
8028,昇陽半導體,72,9,63,福勝,2024-07-11,6950
5876,上海商銀,61,0,61,福勝,2024-07-11,6950
4306,炎洲,63,14,49,福勝,2024-07-11,6950
2301,光寶科,48,6,42,福勝,2024-07-11,6950
8064,東捷,54,15,39,福勝,2024-07-11,6950
1609,大亞,61,23,38,福勝,2024-07-11,6950
2412,中華電,36,0,36,福勝,2024-07-11,6950
6169,昱泉,35,0,35,福勝,2024-07-11,6950
00905,FT臺灣Smart,61,27,34,福勝,2024-07-11,6950
2464,盟立,66,34,32,福勝,2024-07-11,6950
6603,富強鑫,32,2,30,福勝,2024-07-11,6950
8201,無敵,30,0,30,福勝,2024-07-11,6950
2365,昆盈,55,27,28,福勝,2024-07-11,6950
2392,正崴,56,32,24,福勝,2024-07-11,6950
1444,力麗,21,0,21,福勝,2024-07-11,6950
2402,毅嘉,32,11,21,福勝,2024-07-11,6950
2427,三商電,21,0,21,福勝,2024-07-11,6950
3048,益登,26,5,21,福勝,2024-07-11,6950
4167,松瑞藥,23,2,21,福勝,2024-07-11,6950
00725B,國泰投資級公司債,20,0,20,福勝,2024-07-11,6950
3363,上詮,24,4,20,福勝,2024-07-11,6950
00881,國泰台灣5G+,18,0,18,福勝,2024-07-11,6950
5498,凱崴,20,2,18,福勝,2024-07-11,6950
6177,達麗,18,0,18,福勝,2024-07-11,6950
00940,元大台灣價值高息,41,24,17,福勝,2024-07-11,6950
2340,台亞,25,9,16,福勝,2024-07-11,6950
2405,輔信,20,4,16,福勝,2024-07-11,6950
2382,廣達,23,8,15,福勝,2024-07-11,6950
00922,國泰台灣領袖50,15,0,15,福勝,2024-07-11,6950
00632R,元大台灣50反1,15,0,15,福勝,2024-07-11,6950
5309,系統電,15,0,15,福勝,2024-07-11,6950
5452,佶優,17,2,15,福勝,2024-07-11,6950
8071,能率網通,16,1,15,福勝,2024-07-11,6950
2371,大同,30,16,14,福勝,2024-07-11,6950
3163,波若威,18,5,13,福勝,2024-07-11,6950
4576,大銀微系統,13,0,13,福勝,2024-07-11,6950
2002,中鋼,13,0,13,福勝,2024-07-11,6950
00878,國泰永續高股息,19,7,12,福勝,2024-07-11,6950
2313,華通,37,25,12,福勝,2024-07-11,6950
2363,矽統,19,7,12,福勝,2024-07-11,6950
00937B,群益ESG投等債20,11,0,11,福勝,2024-07-11,6950
2867,三商壽,280,55,225,福勝,2024-07-12,6950
00934,中信成長高股息,203,0,203,福勝,2024-07-12,6950
00673R,期元大S＆P原油反1,150,0,150,福勝,2024-07-12,6950
00929,復華台灣科技優息,136,1,135,福勝,2024-07-12,6950
2543,皇昌,102,1,101,福勝,2024-07-12,6950
6116,彩晶,74,2,72,福勝,2024-07-12,6950
1301,台塑,70,1,69,福勝,2024-07-12,6950
2303,聯電,72,4,68,福勝,2024-07-12,6950
9105,泰金寶-DR,117,51,66,福勝,2024-07-12,6950
2891,中信金,68,5,63,福勝,2024-07-12,6950
00919,群益台灣精選高息,92,31,61,福勝,2024-07-12,6950
2886,兆豐金,55,0,55,福勝,2024-07-12,6950
5328,華容,67,12,55,福勝,2024-07-12,6950
1909,榮成,60,20,40,福勝,2024-07-12,6950
00720B,元大投資級公司債,39,0,39,福勝,2024-07-12,6950
2888,新光金,93,55,38,福勝,2024-07-12,6950
2330,台積電,42,5,37,福勝,2024-07-12,6950
2609,陽明,42,5,37,福勝,2024-07-12,6950
2464,盟立,72,36,36,福勝,2024-07-12,6950
1303,南亞,44,9,35,福勝,2024-07-12,6950
0056,元大高股息,48,14,34,福勝,2024-07-12,6950
2323,中環,33,1,32,福勝,2024-07-12,6950
1316,上曜,32,1,31,福勝,2024-07-12,6950
2313,華通,30,1,29,福勝,2024-07-12,6950
6169,昱泉,29,0,29,福勝,2024-07-12,6950
00927,群益半導體收益,28,0,28,福勝,2024-07-12,6950
3048,益登,26,0,26,福勝,2024-07-12,6950
5009,榮剛,25,0,25,福勝,2024-07-12,6950
2317,鴻海,107,83,24,福勝,2024-07-12,6950
8011,台通,23,0,23,福勝,2024-07-12,6950
2495,普安,21,0,21,福勝,2024-07-12,6950
3576,聯合再生,35,14,21,福勝,2024-07-12,6950
00881,國泰台灣5G+,22,3,19,福勝,2024-07-12,6950
00905,FT臺灣Smart,25,8,17,福勝,2024-07-12,6950
00923,群益台ESG低碳50,17,0,17,福勝,2024-07-12,6950
4956,光鋐,17,0,17,福勝,2024-07-12,6950
1536,和大,39,23,16,福勝,2024-07-12,6950
2606,裕民,16,0,16,福勝,2024-07-12,6950
2897,王道銀行,15,0,15,福勝,2024-07-12,6950
3580,友威科,15,0,15,福勝,2024-07-12,6950
4960,誠美材,35,20,15,福勝,2024-07-12,6950
3356,奇偶,15,0,15,福勝,2024-07-12,6950
2915,潤泰全,16,2,14,福勝,2024-07-12,6950
1617,榮星,21,8,13,福勝,2024-07-12,6950
1785,光洋科,20,7,13,福勝,2024-07-12,6950
4545,銘鈺,38,25,13,福勝,2024-07-12,6950
2365,昆盈,55,42,13,福勝,2024-07-12,6950
00939,統一台灣高息動能,12,0,12,福勝,2024-07-12,6950
3455,由田,12,0,12,福勝,2024-07-12,6950
3708,上緯投控,12,0,12,福勝,2024-07-12,6950
00934,中信成長高股息,183,0,183,福勝,2024-07-15,6950
2101,南港,90,0,90,福勝,2024-07-15,6950
00929,復華台灣科技優息,190,115,75,福勝,2024-07-15,6950
2356,英業達,125,51,74,福勝,2024-07-15,6950
1101,台泥,77,5,72,福勝,2024-07-15,6950
2312,金寶,112,42,70,福勝,2024-07-15,6950
2633,台灣高鐵,70,2,68,福勝,2024-07-15,6950
2618,長榮航,65,1,64,福勝,2024-07-15,6950
2486,一詮,62,0,62,福勝,2024-07-15,6950
2903,遠百,60,0,60,福勝,2024-07-15,6950
2888,新光金,76,17,59,福勝,2024-07-15,6950
1536,和大,66,8,58,福勝,2024-07-15,6950
0056,元大高股息,57,0,57,福勝,2024-07-15,6950
2337,旺宏,52,0,52,福勝,2024-07-15,6950
8028,昇陽半導體,53,5,48,福勝,2024-07-15,6950
00905,FT臺灣Smart,41,0,41,福勝,2024-07-15,6950
00947,台新臺灣IC設計,40,0,40,福勝,2024-07-15,6950
6156,松上,40,0,40,福勝,2024-07-15,6950
2317,鴻海,46,8,38,福勝,2024-07-15,6950
2399,映泰,41,5,36,福勝,2024-07-15,6950
1303,南亞,39,5,34,福勝,2024-07-15,6950
2891,中信金,42,9,33,福勝,2024-07-15,6950
00687B,國泰20年美債,33,0,33,福勝,2024-07-15,6950
1809,中釉,30,0,30,福勝,2024-07-15,6950
5309,系統電,30,0,30,福勝,2024-07-15,6950
5328,華容,30,1,29,福勝,2024-07-15,6950
00725B,國泰投資級公司債,28,0,28,福勝,2024-07-15,6950
2409,友達,31,3,28,福勝,2024-07-15,6950
4960,誠美材,33,5,28,福勝,2024-07-15,6950
4545,銘鈺,27,0,27,福勝,2024-07-15,6950
2017,官田鋼,26,0,26,福勝,2024-07-15,6950
6603,富強鑫,26,0,26,福勝,2024-07-15,6950
1714,和桐,30,5,25,福勝,2024-07-15,6950
2369,菱生,23,0,23,福勝,2024-07-15,6950
2515,中工,24,1,23,福勝,2024-07-15,6950
1316,上曜,30,9,21,福勝,2024-07-15,6950
2637,慧洋-KY,21,0,21,福勝,2024-07-15,6950
4532,瑞智,21,0,21,福勝,2024-07-15,6950
3481,群創,74,53,21,福勝,2024-07-15,6950
00897,富邦基因免疫生技,20,0,20,福勝,2024-07-15,6950
2883,凱基金,30,10,20,福勝,2024-07-15,6950
3372,典範,20,0,20,福勝,2024-07-15,6950
4911,德英,20,0,20,福勝,2024-07-15,6950
2352,佳世達,20,1,19,福勝,2024-07-15,6950
2897,王道銀行,19,0,19,福勝,2024-07-15,6950
6443,元晶,21,3,18,福勝,2024-07-15,6950
2610,華航,17,0,17,福勝,2024-07-15,6950
3048,益登,22,6,16,福勝,2024-07-15,6950
5452,佶優,15,0,15,福勝,2024-07-15,6950
00882,中信中國高股息,40,26,14,福勝,2024-07-15,6950
00929,復華台灣科技優息,260,0,260,福勝,2024-07-16,6950
3481,群創,147,24,123,福勝,2024-07-16,6950
1785,光洋科,80,6,74,福勝,2024-07-16,6950
2882,國泰金,75,4,71,福勝,2024-07-16,6950
3707,漢磊,72,3,69,福勝,2024-07-16,6950
1303,南亞,56,1,55,福勝,2024-07-16,6950
2489,瑞軒,143,88,55,福勝,2024-07-16,6950
00905,FT臺灣Smart,54,0,54,福勝,2024-07-16,6950
1817,凱撒衛,48,0,48,福勝,2024-07-16,6950
2610,華航,62,15,47,福勝,2024-07-16,6950
2633,台灣高鐵,45,0,45,福勝,2024-07-16,6950
1609,大亞,66,24,42,福勝,2024-07-16,6950
2365,昆盈,41,3,38,福勝,2024-07-16,6950
00919,群益台灣精選高息,51,14,37,福勝,2024-07-16,6950
00934,中信成長高股息,40,3,37,福勝,2024-07-16,6950
4956,光鋐,36,0,36,福勝,2024-07-16,6950
1513,中興電,46,13,33,福勝,2024-07-16,6950
2367,燿華,36,5,31,福勝,2024-07-16,6950
8011,台通,43,12,31,福勝,2024-07-16,6950
3030,德律,30,0,30,福勝,2024-07-16,6950
0056,元大高股息,30,0,30,福勝,2024-07-16,6950
2317,鴻海,40,11,29,福勝,2024-07-16,6950
9103,美德醫療-DR,26,0,26,福勝,2024-07-16,6950
1326,台化,25,0,25,福勝,2024-07-16,6950
6770,力積電,23,0,23,福勝,2024-07-16,6950
1718,中纖,29,7,22,福勝,2024-07-16,6950
4532,瑞智,22,0,22,福勝,2024-07-16,6950
2356,英業達,56,35,21,福勝,2024-07-16,6950
8996,高力,22,1,21,福勝,2024-07-16,6950
0050,元大台灣50,20,0,20,福勝,2024-07-16,6950
2543,皇昌,25,6,19,福勝,2024-07-16,6950
4109,加捷生醫,26,8,18,福勝,2024-07-16,6950
1604,聲寶,17,0,17,福勝,2024-07-16,6950
2354,鴻準,18,1,17,福勝,2024-07-16,6950
3712,永崴投控,18,3,15,福勝,2024-07-16,6950
1337,再生-KY,15,0,15,福勝,2024-07-16,6950
2312,金寶,37,22,15,福勝,2024-07-16,6950
2408,南亞科,15,0,15,福勝,2024-07-16,6950
3047,訊舟,31,17,14,福勝,2024-07-16,6950
5452,佶優,13,0,13,福勝,2024-07-16,6950
00882,中信中國高股息,13,0,13,福勝,2024-07-16,6950
1312,國喬,13,0,13,福勝,2024-07-16,6950
2515,中工,17,4,13,福勝,2024-07-16,6950
2891,中信金,13,1,12,福勝,2024-07-16,6950
2888,新光金,112,100,12,福勝,2024-07-16,6950
2392,正崴,17,5,12,福勝,2024-07-16,6950
6177,達麗,19,7,12,福勝,2024-07-16,6950
00712,復華富時不動產,33,21,12,福勝,2024-07-16,6950
2382,廣達,21,9,12,福勝,2024-07-16,6950
00927,群益半導體收益,11,0,11,福勝,2024-07-16,6950
00929,復華台灣科技優息,225,9,216,福勝,2024-07-17,6950
2610,華航,207,36,171,福勝,2024-07-17,6950
00919,群益台灣精選高息,140,0,140,福勝,2024-07-17,6950
00850,元大臺灣ESG永續,100,0,100,福勝,2024-07-17,6950
00633L,富邦上証正2,150,50,100,福勝,2024-07-17,6950
1303,南亞,110,10,100,福勝,2024-07-17,6950
9945,潤泰新,126,37,89,福勝,2024-07-17,6950
1817,凱撒衛,86,0,86,福勝,2024-07-17,6950
1301,台塑,130,46,84,福勝,2024-07-17,6950
2867,三商壽,61,0,61,福勝,2024-07-17,6950
2889,國票金,57,0,57,福勝,2024-07-17,6950
3231,緯創,65,21,44,福勝,2024-07-17,6950
2408,南亞科,46,7,39,福勝,2024-07-17,6950
1409,新纖,69,32,37,福勝,2024-07-17,6950
9103,美德醫療-DR,36,0,36,福勝,2024-07-17,6950
6116,彩晶,40,5,35,福勝,2024-07-17,6950
2633,台灣高鐵,33,0,33,福勝,2024-07-17,6950
3232,昱捷,33,0,33,福勝,2024-07-17,6950
1808,潤隆,34,2,32,福勝,2024-07-17,6950
00947,台新臺灣IC設計,40,13,27,福勝,2024-07-17,6950
4526,東台,28,3,25,福勝,2024-07-17,6950
00927,群益半導體收益,23,0,23,福勝,2024-07-17,6950
3520,華盈,22,0,22,福勝,2024-07-17,6950
00679B,元大美債20年,26,6,20,福勝,2024-07-17,6950
4952,凌通,20,0,20,福勝,2024-07-17,6950
00949,復華日本龍頭,19,0,19,福勝,2024-07-17,6950
2312,金寶,87,68,19,福勝,2024-07-17,6950
2537,聯上發,31,12,19,福勝,2024-07-17,6950
6692,進能服,20,1,19,福勝,2024-07-17,6950
00918,大華優利高填息30,18,0,18,福勝,2024-07-17,6950
00687B,國泰20年美債,18,0,18,福勝,2024-07-17,6950
2421,建準,18,0,18,福勝,2024-07-17,6950
3048,益登,19,1,18,福勝,2024-07-17,6950
3049,精金,20,2,18,福勝,2024-07-17,6950
5340,建榮,18,0,18,福勝,2024-07-17,6950
3019,亞光,22,5,17,福勝,2024-07-17,6950
5328,華容,22,5,17,福勝,2024-07-17,6950
9105,泰金寶-DR,16,0,16,福勝,2024-07-17,6950
1514,亞力,18,2,16,福勝,2024-07-17,6950
00878,國泰永續高股息,15,0,15,福勝,2024-07-17,6950
1608,華榮,31,16,15,福勝,2024-07-17,6950
2809,京城銀,15,0,15,福勝,2024-07-17,6950
00712,復華富時不動產,21,6,15,福勝,2024-07-17,6950
3050,鈺德,17,2,15,福勝,2024-07-17,6950
00720B,元大投資級公司債,24,10,14,福勝,2024-07-17,6950
00905,FT臺灣Smart,18,4,14,福勝,2024-07-17,6950
2301,光寶科,14,0,14,福勝,2024-07-17,6950
2515,中工,49,35,14,福勝,2024-07-17,6950
2845,遠東銀,14,0,14,福勝,2024-07-17,6950
2891,中信金,14,0,14,福勝,2024-07-17,6950
00673R,期元大S＆P原油反1,539,0,539,福勝,2024-07-18,6950
00632R,元大台灣50反1,180,50,130,福勝,2024-07-18,6950
00929,復華台灣科技優息,226,100,126,福勝,2024-07-18,6950
2027,大成鋼,185,73,112,福勝,2024-07-18,6950
2317,鴻海,103,5,98,福勝,2024-07-18,6950
00919,群益台灣精選高息,91,11,80,福勝,2024-07-18,6950
2356,英業達,84,19,65,福勝,2024-07-18,6950
2543,皇昌,61,7,54,福勝,2024-07-18,6950
2374,佳能,50,0,50,福勝,2024-07-18,6950
2641,正德,50,0,50,福勝,2024-07-18,6950
2610,華航,64,16,48,福勝,2024-07-18,6950
2801,彰銀,50,3,47,福勝,2024-07-18,6950
912000,晨訊科-DR,50,6,44,福勝,2024-07-18,6950
3372,典範,40,0,40,福勝,2024-07-18,6950
00905,FT臺灣Smart,38,2,36,福勝,2024-07-18,6950
00687B,國泰20年美債,37,1,36,福勝,2024-07-18,6950
2881,富邦金,62,30,32,福勝,2024-07-18,6950
00720B,元大投資級公司債,30,0,30,福勝,2024-07-18,6950
5340,建榮,30,0,30,福勝,2024-07-18,6950
1810,和成,34,6,28,福勝,2024-07-18,6950
2489,瑞軒,103,76,27,福勝,2024-07-18,6950
2303,聯電,41,16,25,福勝,2024-07-18,6950
2888,新光金,81,56,25,福勝,2024-07-18,6950
2382,廣達,29,5,24,福勝,2024-07-18,6950
2633,台灣高鐵,23,0,23,福勝,2024-07-18,6950
00936,台新永續高息中小,23,1,22,福勝,2024-07-18,6950
4576,大銀微系統,22,0,22,福勝,2024-07-18,6950
2449,京元電子,35,14,21,福勝,2024-07-18,6950
00940,元大台灣價值高息,31,11,20,福勝,2024-07-18,6950
1817,凱撒衛,20,0,20,福勝,2024-07-18,6950
2486,一詮,20,0,20,福勝,2024-07-18,6950
4952,凌通,20,0,20,福勝,2024-07-18,6950
6116,彩晶,20,0,20,福勝,2024-07-18,6950
6169,昱泉,20,0,20,福勝,2024-07-18,6950
2344,華邦電,20,0,20,福勝,2024-07-18,6950
1709,和益,22,3,19,福勝,2024-07-18,6950
4916,事欣科,24,5,19,福勝,2024-07-18,6950
8473,山林水,21,2,19,福勝,2024-07-18,6950
00947,台新臺灣IC設計,18,0,18,福勝,2024-07-18,6950
2618,長榮航,30,12,18,福勝,2024-07-18,6950
4906,正文,29,11,18,福勝,2024-07-18,6950
00927,群益半導體收益,18,1,17,福勝,2024-07-18,6950
00949,復華日本龍頭,17,0,17,福勝,2024-07-18,6950
1618,合機,23,6,17,福勝,2024-07-18,6950
2369,菱生,17,0,17,福勝,2024-07-18,6950
3231,緯創,26,9,17,福勝,2024-07-18,6950
3232,昱捷,17,0,17,福勝,2024-07-18,6950
0056,元大高股息,28,13,15,福勝,2024-07-18,6950
00679B,元大美債20年,15,0,15,福勝,2024-07-18,6950
2405,輔信,20,5,15,福勝,2024-07-18,6950
00650L,復華香港正2,499,0,499,福勝,2024-07-19,6950
00632R,元大台灣50反1,454,3,451,福勝,2024-07-19,6950
00929,復華台灣科技優息,292,7,285,福勝,2024-07-19,6950
2801,彰銀,204,2,202,福勝,2024-07-19,6950
00940,元大台灣價值高息,124,8,116,福勝,2024-07-19,6950
00919,群益台灣精選高息,112,1,111,福勝,2024-07-19,6950
1301,台塑,107,0,107,福勝,2024-07-19,6950
2887,台新金,105,0,105,福勝,2024-07-19,6950
3481,群創,112,9,103,福勝,2024-07-19,6950
1444,力麗,72,10,62,福勝,2024-07-19,6950
2330,台積電,63,3,60,福勝,2024-07-19,6950
2547,日勝生,60,2,58,福勝,2024-07-19,6950
00878,國泰永續高股息,57,1,56,福勝,2024-07-19,6950
2542,興富發,60,8,52,福勝,2024-07-19,6950
2867,三商壽,60,10,50,福勝,2024-07-19,6950
6169,昱泉,48,0,48,福勝,2024-07-19,6950
00949,復華日本龍頭,51,4,47,福勝,2024-07-19,6950
2881,富邦金,43,1,42,福勝,2024-07-19,6950
2609,陽明,40,1,39,福勝,2024-07-19,6950
2408,南亞科,39,2,37,福勝,2024-07-19,6950
3232,昱捷,36,0,36,福勝,2024-07-19,6950
2002,中鋼,46,11,35,福勝,2024-07-19,6950
2337,旺宏,34,0,34,福勝,2024-07-19,6950
8028,昇陽半導體,50,16,34,福勝,2024-07-19,6950
00918,大華優利高填息30,32,0,32,福勝,2024-07-19,6950
00905,FT臺灣Smart,32,0,32,福勝,2024-07-19,6950
2618,長榮航,38,6,32,福勝,2024-07-19,6950
1603,華電,31,0,31,福勝,2024-07-19,6950
0056,元大高股息,30,0,30,福勝,2024-07-19,6950
2356,英業達,57,27,30,福勝,2024-07-19,6950
00934,中信成長高股息,28,0,28,福勝,2024-07-19,6950
2489,瑞軒,62,34,28,福勝,2024-07-19,6950
8936,國統,47,20,27,福勝,2024-07-19,6950
6770,力積電,27,1,26,福勝,2024-07-19,6950
6282,康舒,28,2,26,福勝,2024-07-19,6950
2409,友達,39,14,25,福勝,2024-07-19,6950
3294,英濟,29,5,24,福勝,2024-07-19,6950
1604,聲寶,22,0,22,福勝,2024-07-19,6950
2605,新興,22,0,22,福勝,2024-07-19,6950
3372,典範,22,0,22,福勝,2024-07-19,6950
00881,國泰台灣5G+,21,0,21,福勝,2024-07-19,6950
2313,華通,21,0,21,福勝,2024-07-19,6950
8038,長園科,21,0,21,福勝,2024-07-19,6950
1440,南紡,20,0,20,福勝,2024-07-19,6950
1809,中釉,20,0,20,福勝,2024-07-19,6950
3317,尼克森,20,0,20,福勝,2024-07-19,6950
6152,百一,22,2,20,福勝,2024-07-19,6950
6257,矽格,20,0,20,福勝,2024-07-19,6950
6667,信紘科,20,0,20,福勝,2024-07-19,6950
2354,鴻準,26,7,19,福勝,2024-07-19,6950
00680L,元大美債20正2,499,0,499,福勝,2024-07-22,6950
2349,錸德,370,0,370,福勝,2024-07-22,6950
2344,華邦電,372,30,342,福勝,2024-07-22,6950
00929,復華台灣科技優息,270,5,265,福勝,2024-07-22,6950
00919,群益台灣精選高息,223,69,154,福勝,2024-07-22,6950
3481,群創,166,18,148,福勝,2024-07-22,6950
2401,凌陽,95,7,88,福勝,2024-07-22,6950
1785,光洋科,89,6,83,福勝,2024-07-22,6950
00940,元大台灣價值高息,184,110,74,福勝,2024-07-22,6950
00946,群益科技高息成長,64,0,64,福勝,2024-07-22,6950
6244,茂迪,70,8,62,福勝,2024-07-22,6950
2356,英業達,75,18,57,福勝,2024-07-22,6950
2354,鴻準,60,9,51,福勝,2024-07-22,6950
0056,元大高股息,78,32,46,福勝,2024-07-22,6950
8064,東捷,62,17,45,福勝,2024-07-22,6950
00878,國泰永續高股息,54,11,43,福勝,2024-07-22,6950
912000,晨訊科-DR,40,0,40,福勝,2024-07-22,6950
5512,力麒,53,16,37,福勝,2024-07-22,6950
1609,大亞,44,8,36,福勝,2024-07-22,6950
00720B,元大投資級公司債,30,0,30,福勝,2024-07-22,6950
6431,光麗-KY,30,0,30,福勝,2024-07-22,6950
00881,國泰台灣5G+,31,2,29,福勝,2024-07-22,6950
00937B,群益ESG投等債20,25,0,25,福勝,2024-07-22,6950
2610,華航,25,0,25,福勝,2024-07-22,6950
6271,同欣電,22,1,21,福勝,2024-07-22,6950
1513,中興電,27,6,21,福勝,2024-07-22,6950
00687B,國泰20年美債,20,0,20,福勝,2024-07-22,6950
1312,國喬,20,0,20,福勝,2024-07-22,6950
2355,敬鵬,20,0,20,福勝,2024-07-22,6950
2408,南亞科,19,0,19,福勝,2024-07-22,6950
00918,大華優利高填息30,19,1,18,福勝,2024-07-22,6950
2303,聯電,23,6,17,福勝,2024-07-22,6950
1529,樂事綠能,41,24,17,福勝,2024-07-22,6950
1591,駿吉-KY,18,1,17,福勝,2024-07-22,6950
5309,系統電,18,1,17,福勝,2024-07-22,6950
2399,映泰,21,5,16,福勝,2024-07-22,6950
1712,興農,15,0,15,福勝,2024-07-22,6950
3484,崧騰,15,0,15,福勝,2024-07-22,6950
2449,京元電子,19,5,14,福勝,2024-07-22,6950
2881,富邦金,29,15,14,福勝,2024-07-22,6950
2352,佳世達,14,0,14,福勝,2024-07-22,6950
2618,長榮航,24,11,13,福勝,2024-07-22,6950
00934,中信成長高股息,13,0,13,福勝,2024-07-22,6950
6169,昱泉,13,0,13,福勝,2024-07-22,6950
8473,山林水,14,1,13,福勝,2024-07-22,6950
2301,光寶科,14,1,13,福勝,2024-07-22,6950
6147,頎邦,12,0,12,福勝,2024-07-22,6950
2897,王道銀行,11,0,11,福勝,2024-07-22,6950
6016,康和證,11,0,11,福勝,2024-07-22,6950
6152,百一,11,0,11,福勝,2024-07-22,6950
00632R,元大台灣50反1,600,100,500,福勝,2024-07-23,6950
00679B,元大美債20年,137,0,137,福勝,2024-07-23,6950
00929,復華台灣科技優息,110,0,110,福勝,2024-07-23,6950
2312,金寶,111,2,109,福勝,2024-07-23,6950
0056,元大高股息,96,8,88,福勝,2024-07-23,6950
3481,群創,106,21,85,福勝,2024-07-23,6950
00937B,群益ESG投等債20,82,0,82,福勝,2024-07-23,6950
00946,群益科技高息成長,75,0,75,福勝,2024-07-23,6950
2891,中信金,67,0,67,福勝,2024-07-23,6950
5512,力麒,75,9,66,福勝,2024-07-23,6950
2409,友達,61,1,60,福勝,2024-07-23,6950
2329,華泰,61,2,59,福勝,2024-07-23,6950
00940,元大台灣價值高息,126,70,56,福勝,2024-07-23,6950
2355,敬鵬,58,2,56,福勝,2024-07-23,6950
9928,中視,50,0,50,福勝,2024-07-23,6950
3580,友威科,44,0,44,福勝,2024-07-23,6950
2401,凌陽,38,0,38,福勝,2024-07-23,6950
00720B,元大投資級公司債,31,0,31,福勝,2024-07-23,6950
00878,國泰永續高股息,31,0,31,福勝,2024-07-23,6950
00941,中信上游半導體,30,0,30,福勝,2024-07-23,6950
2344,華邦電,28,0,28,福勝,2024-07-23,6950
2408,南亞科,35,10,25,福勝,2024-07-23,6950
6169,昱泉,25,0,25,福勝,2024-07-23,6950
00934,中信成長高股息,23,0,23,福勝,2024-07-23,6950
2489,瑞軒,43,22,21,福勝,2024-07-23,6950
00885,富邦越南,30,10,20,福勝,2024-07-23,6950
2349,錸德,18,0,18,福勝,2024-07-23,6950
00918,大華優利高填息30,23,7,16,福勝,2024-07-23,6950
3105,穩懋,18,2,16,福勝,2024-07-23,6950
3231,緯創,24,8,16,福勝,2024-07-23,6950
2867,三商壽,15,0,15,福勝,2024-07-23,6950
3312,弘憶股,15,0,15,福勝,2024-07-23,6950
2354,鴻準,15,2,13,福勝,2024-07-23,6950
1301,台塑,13,0,13,福勝,2024-07-23,6950
2888,新光金,27,14,13,福勝,2024-07-23,6950
9105,泰金寶-DR,13,0,13,福勝,2024-07-23,6950
1513,中興電,16,4,12,福勝,2024-07-23,6950
00687B,國泰20年美債,12,0,12,福勝,2024-07-23,6950
6239,力成,11,0,11,福勝,2024-07-23,6950
1709,和益,11,0,11,福勝,2024-07-23,6950
4912,聯德控股-KY,11,0,11,福勝,2024-07-23,6950
6770,力積電,31,20,11,福勝,2024-07-23,6950
00882,中信中國高股息,10,0,10,福勝,2024-07-23,6950
00930,永豐ESG低碳高息,10,0,10,福勝,2024-07-23,6950
1783,和康生,10,0,10,福勝,2024-07-23,6950
1802,台玻,10,0,10,福勝,2024-07-23,6950
2017,官田鋼,10,0,10,福勝,2024-07-23,6950
2641,正德,10,0,10,福勝,2024-07-23,6950
3049,精金,10,0,10,福勝,2024-07-23,6950
3714,富采,10,0,10,福勝,2024-07-23,6950
00919,群益台灣精選高息,338,31,307,福勝,2024-07-26,6950
00937B,群益ESG投等債20,183,0,183,福勝,2024-07-26,6950
1314,中石化,121,1,120,福勝,2024-07-26,6950
2349,錸德,125,8,117,福勝,2024-07-26,6950
2880,華南金,100,1,99,福勝,2024-07-26,6950
00929,復華台灣科技優息,162,69,93,福勝,2024-07-26,6950
2356,英業達,109,28,81,福勝,2024-07-26,6950
9958,世紀鋼,72,3,69,福勝,2024-07-26,6950
00949,復華日本龍頭,65,0,65,福勝,2024-07-26,6950
00940,元大台灣價值高息,72,10,62,福勝,2024-07-26,6950
00918,大華優利高填息30,59,3,56,福勝,2024-07-26,6950
2401,凌陽,58,3,55,福勝,2024-07-26,6950
8043,蜜望實,52,2,50,福勝,2024-07-26,6950
00878,國泰永續高股息,64,17,47,福勝,2024-07-26,6950
2382,廣達,47,5,42,福勝,2024-07-26,6950
0056,元大高股息,41,0,41,福勝,2024-07-26,6950
2337,旺宏,41,0,41,福勝,2024-07-26,6950
2330,台積電,46,6,40,福勝,2024-07-26,6950
1301,台塑,42,2,40,福勝,2024-07-26,6950
2365,昆盈,59,20,39,福勝,2024-07-26,6950
00679B,元大美債20年,38,5,33,福勝,2024-07-26,6950
2538,基泰,33,0,33,福勝,2024-07-26,6950
2884,玉山金,33,0,33,福勝,2024-07-26,6950
2408,南亞科,29,1,28,福勝,2024-07-26,6950
00905,FT臺灣Smart,28,0,28,福勝,2024-07-26,6950
2504,國產,31,3,28,福勝,2024-07-26,6950
6169,昱泉,27,0,27,福勝,2024-07-26,6950
00881,國泰台灣5G+,30,4,26,福勝,2024-07-26,6950
3232,昱捷,26,0,26,福勝,2024-07-26,6950
4526,東台,32,6,26,福勝,2024-07-26,6950
00946,群益科技高息成長,25,0,25,福勝,2024-07-26,6950
2303,聯電,36,11,25,福勝,2024-07-26,6950
2892,第一金,25,0,25,福勝,2024-07-26,6950
3231,緯創,37,13,24,福勝,2024-07-26,6950
2355,敬鵬,23,0,23,福勝,2024-07-26,6950
2002,中鋼,26,4,22,福勝,2024-07-26,6950
00950B,凱基A級公司債,21,0,21,福勝,2024-07-26,6950
6282,康舒,21,0,21,福勝,2024-07-26,6950
2409,友達,25,5,20,福勝,2024-07-26,6950
6290,良維,20,0,20,福勝,2024-07-26,6950
3711,日月光投控,19,0,19,福勝,2024-07-26,6950
2618,長榮航,23,4,19,福勝,2024-07-26,6950
2891,中信金,19,0,19,福勝,2024-07-26,6950
3689,湧德,20,1,19,福勝,2024-07-26,6950
1303,南亞,18,0,18,福勝,2024-07-26,6950
00951,台新日本半導體,15,0,15,福勝,2024-07-26,6950
3055,蔚華科,15,0,15,福勝,2024-07-26,6950
2481,強茂,16,1,15,福勝,2024-07-26,6950
00713,元大台灣高息低波,13,0,13,福勝,2024-07-26,6950
4198,欣大健康,13,0,13,福勝,2024-07-26,6950
00751B,元大AAA至A公司債,140,0,140,福勝,2024-07-29,6950
00940,元大台灣價值高息,223,105,118,福勝,2024-07-29,6950
2401,凌陽,100,0,100,福勝,2024-07-29,6950
2897,王道銀行,100,0,100,福勝,2024-07-29,6950
2356,英業達,107,10,97,福勝,2024-07-29,6950
2344,華邦電,62,0,62,福勝,2024-07-29,6950
00878,國泰永續高股息,65,5,60,福勝,2024-07-29,6950
2834,臺企銀,108,57,51,福勝,2024-07-29,6950
0056,元大高股息,46,1,45,福勝,2024-07-29,6950
1808,潤隆,46,3,43,福勝,2024-07-29,6950
2884,玉山金,41,0,41,福勝,2024-07-29,6950
2867,三商壽,40,0,40,福勝,2024-07-29,6950
5443,均豪,53,17,36,福勝,2024-07-29,6950
3231,緯創,49,13,36,福勝,2024-07-29,6950
8064,東捷,38,3,35,福勝,2024-07-29,6950
3024,憶聲,38,7,31,福勝,2024-07-29,6950
2376,技嘉,33,3,30,福勝,2024-07-29,6950
2489,瑞軒,29,2,27,福勝,2024-07-29,6950
2303,聯電,25,2,23,福勝,2024-07-29,6950
8096,擎亞,24,1,23,福勝,2024-07-29,6950
2355,敬鵬,25,3,22,福勝,2024-07-29,6950
2406,國碩,22,0,22,福勝,2024-07-29,6950
2301,光寶科,32,11,21,福勝,2024-07-29,6950
2486,一詮,22,1,21,福勝,2024-07-29,6950
2382,廣達,27,7,20,福勝,2024-07-29,6950
00918,大華優利高填息30,20,0,20,福勝,2024-07-29,6950
00639,富邦深100,20,0,20,福勝,2024-07-29,6950
00632R,元大台灣50反1,20,0,20,福勝,2024-07-29,6950
9958,世紀鋼,21,1,20,福勝,2024-07-29,6950
00946,群益科技高息成長,41,22,19,福勝,2024-07-29,6950
1609,大亞,20,1,19,福勝,2024-07-29,6950
00679B,元大美債20年,26,9,17,福勝,2024-07-29,6950
2464,盟立,34,17,17,福勝,2024-07-29,6950
2002,中鋼,18,2,16,福勝,2024-07-29,6950
00905,FT臺灣Smart,24,9,15,福勝,2024-07-29,6950
3035,智原,14,0,14,福勝,2024-07-29,6950
00934,中信成長高股息,17,3,14,福勝,2024-07-29,6950
3706,神達,16,2,14,福勝,2024-07-29,6950
1618,合機,12,0,12,福勝,2024-07-29,6950
1806,冠軍,12,0,12,福勝,2024-07-29,6950
2363,矽統,16,5,11,福勝,2024-07-29,6950
2312,金寶,34,23,11,福勝,2024-07-29,6950
8438,昶昕,12,1,11,福勝,2024-07-29,6950
8027,鈦昇,11,0,11,福勝,2024-07-29,6950
2367,燿華,12,2,10,福勝,2024-07-29,6950
00944,野村趨勢動能高息,10,0,10,福勝,2024-07-29,6950
3030,德律,15,5,10,福勝,2024-07-29,6950
3049,精金,10,0,10,福勝,2024-07-29,6950
3266,昇陽,10,0,10,福勝,2024-07-29,6950
3372,典範,10,0,10,福勝,2024-07-29,6950
2349,錸德,248,37,211,福勝,2024-07-30,6950
2834,臺企銀,189,0,189,福勝,2024-07-30,6950
00929,復華台灣科技優息,123,4,119,福勝,2024-07-30,6950
00715L,期街口布蘭特正2,101,1,100,福勝,2024-07-30,6950
00637L,元大滬深300正2,83,0,83,福勝,2024-07-30,6950
00919,群益台灣精選高息,85,4,81,福勝,2024-07-30,6950
00878,國泰永續高股息,56,2,54,福勝,2024-07-30,6950
00927,群益半導體收益,53,0,53,福勝,2024-07-30,6950
2303,聯電,55,5,50,福勝,2024-07-30,6950
1808,潤隆,49,4,45,福勝,2024-07-30,6950
2356,英業達,38,3,35,福勝,2024-07-30,6950
2344,華邦電,34,0,34,福勝,2024-07-30,6950
2365,昆盈,44,11,33,福勝,2024-07-30,6950
1604,聲寶,31,0,31,福勝,2024-07-30,6950
00905,FT臺灣Smart,31,3,28,福勝,2024-07-30,6950
2353,宏��,24,0,24,福勝,2024-07-30,6950
2317,鴻海,49,27,22,福勝,2024-07-30,6950
2883,凱基金,22,1,21,福勝,2024-07-30,6950
2891,中信金,21,0,21,福勝,2024-07-30,6950
4526,東台,21,0,21,福勝,2024-07-30,6950
00942B,台新美A公司債20+,20,0,20,福勝,2024-07-30,6950
2905,三商,20,0,20,福勝,2024-07-30,6950
6244,茂迪,20,0,20,福勝,2024-07-30,6950
1522,堤維西,20,0,20,福勝,2024-07-30,6950
1536,和大,22,3,19,福勝,2024-07-30,6950
2442,新美齊,20,2,18,福勝,2024-07-30,6950
2382,廣達,21,4,17,福勝,2024-07-30,6950
00948B,中信優息投資級債,17,0,17,福勝,2024-07-30,6950
00937B,群益ESG投等債20,19,2,17,福勝,2024-07-30,6950
2886,兆豐金,17,0,17,福勝,2024-07-30,6950
1785,光洋科,17,1,16,福勝,2024-07-30,6950
00946,群益科技高息成長,15,0,15,福勝,2024-07-30,6950
3056,富華新,15,0,15,福勝,2024-07-30,6950
00632R,元大台灣50反1,15,1,14,福勝,2024-07-30,6950
6770,力積電,17,3,14,福勝,2024-07-30,6950
00934,中信成長高股息,14,0,14,福勝,2024-07-30,6950
3189,景碩,26,13,13,福勝,2024-07-30,6950
1301,台塑,12,0,12,福勝,2024-07-30,6950
6187,萬潤,10,0,10,福勝,2024-07-30,6950
00918,大華優利高填息30,10,0,10,福勝,2024-07-30,6950
00907,永豐優息存股,10,0,10,福勝,2024-07-30,6950
00950B,凱基A級公司債,10,0,10,福勝,2024-07-30,6950
00642U,期元大S＆P石油,10,0,10,福勝,2024-07-30,6950
1608,華榮,32,22,10,福勝,2024-07-30,6950
1806,冠軍,10,0,10,福勝,2024-07-30,6950
2606,裕民,10,0,10,福勝,2024-07-30,6950
6118,建達,10,0,10,福勝,2024-07-30,6950
9919,康那香,10,0,10,福勝,2024-07-30,6950
2363,矽統,16,6,10,福勝,2024-07-30,6950
00930,永豐ESG低碳高息,9,0,9,福勝,2024-07-30,6950
00715L,期街口布蘭特正2,111,1,110,福勝,2024-07-31,6950
1785,光洋科,92,16,76,福勝,2024-07-31,6950
00929,復華台灣科技優息,76,3,73,福勝,2024-07-31,6950
00946,群益科技高息成長,51,0,51,福勝,2024-07-31,6950
00945B,凱基美國非投等債,50,0,50,福勝,2024-07-31,6950
2401,凌陽,35,0,35,福勝,2024-07-31,6950
2489,瑞軒,49,14,35,福勝,2024-07-31,6950
2362,藍天,34,1,33,福勝,2024-07-31,6950
9105,泰金寶-DR,31,0,31,福勝,2024-07-31,6950
6271,同欣電,28,2,26,福勝,2024-07-31,6950
5324,士開,23,0,23,福勝,2024-07-31,6950
00933B,國泰10Y+金融債,20,0,20,福勝,2024-07-31,6950
00878,國泰永續高股息,19,0,19,福勝,2024-07-31,6950
3037,欣興,20,2,18,福勝,2024-07-31,6950
00891,中信關鍵半導體,18,0,18,福勝,2024-07-31,6950
00881,國泰台灣5G+,17,0,17,福勝,2024-07-31,6950
00940,元大台灣價值高息,17,0,17,福勝,2024-07-31,6950
8064,東捷,33,16,17,福勝,2024-07-31,6950
1609,大亞,21,5,16,福勝,2024-07-31,6950
00934,中信成長高股息,16,0,16,福勝,2024-07-31,6950
3105,穩懋,15,0,15,福勝,2024-07-31,6950
1808,潤隆,15,0,15,福勝,2024-07-31,6950
3376,新日興,20,5,15,福勝,2024-07-31,6950
6703,軒郁,15,0,15,福勝,2024-07-31,6950
2409,友達,18,4,14,福勝,2024-07-31,6950
9958,世紀鋼,14,0,14,福勝,2024-07-31,6950
2312,金寶,38,26,12,福勝,2024-07-31,6950
2543,皇昌,19,7,12,福勝,2024-07-31,6950
2349,錸德,51,40,11,福勝,2024-07-31,6950
8927,北基,11,0,11,福勝,2024-07-31,6950
00935,野村臺灣新科技50,10,0,10,福勝,2024-07-31,6950
1710,東聯,10,0,10,福勝,2024-07-31,6950
1722,台肥,10,0,10,福勝,2024-07-31,6950
2344,華邦電,15,5,10,福勝,2024-07-31,6950
2406,國碩,10,0,10,福勝,2024-07-31,6950
4108,懷特,10,0,10,福勝,2024-07-31,6950
1316,上曜,11,2,9,福勝,2024-07-31,6950
2355,敬鵬,10,1,9,福勝,2024-07-31,6950
2449,京元電子,12,3,9,福勝,2024-07-31,6950
3535,晶彩科,9,0,9,福勝,2024-07-31,6950
5213,亞昕,9,0,9,福勝,2024-07-31,6950
8440,綠電,11,3,8,福勝,2024-07-31,6950
00679B,元大美債20年,27,20,7,福勝,2024-07-31,6950
2313,華通,7,0,7,福勝,2024-07-31,6950
0056,元大高股息,7,0,7,福勝,2024-07-31,6950
00939,統一台灣高息動能,6,0,6,福勝,2024-07-31,6950
1795,美時,6,0,6,福勝,2024-07-31,6950
2204,中華,7,1,6,福勝,2024-07-31,6950
2455,全新,6,0,6,福勝,2024-07-31,6950
2464,盟立,24,18,6,福勝,2024-07-31,6950
2349,錸德,151,36,115,福勝,2024-08-01,6950
2882,國泰金,99,0,99,福勝,2024-08-01,6950
4906,正文,77,6,71,福勝,2024-08-01,6950
00878,國泰永續高股息,69,2,67,福勝,2024-08-01,6950
00679B,元大美債20年,72,25,47,福勝,2024-08-01,6950
00881,國泰台灣5G+,47,1,46,福勝,2024-08-01,6950
2610,華航,59,13,46,福勝,2024-08-01,6950
00715L,期街口布蘭特正2,42,0,42,福勝,2024-08-01,6950
1817,凱撒衛,41,0,41,福勝,2024-08-01,6950
2317,鴻海,55,14,41,福勝,2024-08-01,6950
00664R,國泰臺灣加權反1,40,0,40,福勝,2024-08-01,6950
00720B,元大投資級公司債,30,0,30,福勝,2024-08-01,6950
1337,再生-KY,30,0,30,福勝,2024-08-01,6950
00900,富邦特選高股息30,26,0,26,福勝,2024-08-01,6950
2883,凱基金,26,1,25,福勝,2024-08-01,6950
6585,鼎基,26,1,25,福勝,2024-08-01,6950
2301,光寶科,45,21,24,福勝,2024-08-01,6950
2362,藍天,26,2,24,福勝,2024-08-01,6950
2337,旺宏,59,38,21,福勝,2024-08-01,6950
00632R,元大台灣50反1,20,0,20,福勝,2024-08-01,6950
1604,聲寶,20,0,20,福勝,2024-08-01,6950
00738U,期元大道瓊白銀,20,0,20,福勝,2024-08-01,6950
00929,復華台灣科技優息,57,39,18,福勝,2024-08-01,6950
2834,臺企銀,19,1,18,福勝,2024-08-01,6950
2527,宏璟,16,0,16,福勝,2024-08-01,6950
3663,鑫科,18,3,15,福勝,2024-08-01,6950
6257,矽格,20,5,15,福勝,2024-08-01,6950
00753L,中信中國50正2,13,0,13,福勝,2024-08-01,6950
2367,燿華,15,2,13,福勝,2024-08-01,6950
1216,統一,13,1,12,福勝,2024-08-01,6950
1569,濱川,14,2,12,福勝,2024-08-01,6950
00934,中信成長高股息,11,0,11,福勝,2024-08-01,6950
2070,精湛,11,0,11,福勝,2024-08-01,6950
2406,國碩,13,2,11,福勝,2024-08-01,6950
8011,台通,19,8,11,福勝,2024-08-01,6950
1718,中纖,10,0,10,福勝,2024-08-01,6950
2208,台船,10,0,10,福勝,2024-08-01,6950
2371,大同,10,0,10,福勝,2024-08-01,6950
3163,波若威,16,6,10,福勝,2024-08-01,6950
3686,達能,10,0,10,福勝,2024-08-01,6950
6116,彩晶,20,10,10,福勝,2024-08-01,6950
6278,台表科,10,0,10,福勝,2024-08-01,6950
2328,廣宇,8,0,8,福勝,2024-08-01,6950
2392,正崴,8,0,8,福勝,2024-08-01,6950
4137,麗豐-KY,10,2,8,福勝,2024-08-01,6950
6213,聯茂,9,1,8,福勝,2024-08-01,6950
6547,高端疫苗,7,0,7,福勝,2024-08-01,6950
00645,富邦日本,7,0,7,福勝,2024-08-01,6950
00946,群益科技高息成長,7,0,7,福勝,2024-08-01,6950
2313,華通,7,0,7,福勝,2024-08-01,6950
00650L,復華香港正2,2027,998,1029,福勝,2024-08-02,6950
00878,國泰永續高股息,259,0,259,福勝,2024-08-02,6950
00919,群益台灣精選高息,183,20,163,福勝,2024-08-02,6950
00929,復華台灣科技優息,156,0,156,福勝,2024-08-02,6950
2317,鴻海,134,37,97,福勝,2024-08-02,6950
00940,元大台灣價值高息,111,15,96,福勝,2024-08-02,6950
00687B,國泰20年美債,65,0,65,福勝,2024-08-02,6950
6226,光鼎,63,0,63,福勝,2024-08-02,6950
2303,聯電,78,16,62,福勝,2024-08-02,6950
6244,茂迪,61,2,59,福勝,2024-08-02,6950
1101,台泥,57,1,56,福勝,2024-08-02,6950
2883,凱基金,55,5,50,福勝,2024-08-02,6950
2845,遠東銀,50,0,50,福勝,2024-08-02,6950
2897,王道銀行,50,0,50,福勝,2024-08-02,6950
5521,工信,50,0,50,福勝,2024-08-02,6950
00891,中信關鍵半導體,45,0,45,福勝,2024-08-02,6950
00949,復華日本龍頭,44,0,44,福勝,2024-08-02,6950
00881,國泰台灣5G+,45,2,43,福勝,2024-08-02,6950
2362,藍天,43,0,43,福勝,2024-08-02,6950
00936,台新永續高息中小,43,0,43,福勝,2024-08-02,6950
2344,華邦電,43,4,39,福勝,2024-08-02,6950
00934,中信成長高股息,37,0,37,福勝,2024-08-02,6950
2409,友達,39,5,34,福勝,2024-08-02,6950
5512,力麒,36,2,34,福勝,2024-08-02,6950
1718,中纖,32,0,32,福勝,2024-08-02,6950
2618,長榮航,47,15,32,福勝,2024-08-02,6950
00654R,富邦印度反1,30,0,30,福勝,2024-08-02,6950
1584,精剛,30,0,30,福勝,2024-08-02,6950
2313,華通,30,0,30,福勝,2024-08-02,6950
2382,廣達,47,17,30,福勝,2024-08-02,6950
00931B,統一美債20年,29,0,29,福勝,2024-08-02,6950
1110,東泥,28,0,28,福勝,2024-08-02,6950
2603,長榮,31,4,27,福勝,2024-08-02,6950
00905,FT臺灣Smart,28,1,27,福勝,2024-08-02,6950
2543,皇昌,27,0,27,福勝,2024-08-02,6950
1312,國喬,28,2,26,福勝,2024-08-02,6950
2330,台積電,48,22,26,福勝,2024-08-02,6950
2408,南亞科,25,0,25,福勝,2024-08-02,6950
00948B,中信優息投資級債,25,0,25,福勝,2024-08-02,6950
2359,所羅門,28,4,24,福勝,2024-08-02,6950
00900,富邦特選高股息30,24,0,24,福勝,2024-08-02,6950
1316,上曜,31,7,24,福勝,2024-08-02,6950
3037,欣興,24,1,23,福勝,2024-08-02,6950
2515,中工,29,6,23,福勝,2024-08-02,6950
1905,華紙,22,0,22,福勝,2024-08-02,6950
2489,瑞軒,56,34,22,福勝,2024-08-02,6950
1722,台肥,20,0,20,福勝,2024-08-02,6950
00951,台新日本半導體,19,0,19,福勝,2024-08-02,6950
4526,東台,24,5,19,福勝,2024-08-02,6950
1440,南紡,20,2,18,福勝,2024-08-02,6950
2538,基泰,496,0,496,福勝,2024-08-05,6950
00929,復華台灣科技優息,338,132,206,福勝,2024-08-05,6950
9939,宏全,164,0,164,福勝,2024-08-05,6950
00940,元大台灣價值高息,239,78,161,福勝,2024-08-05,6950
1799,易威,161,1,160,福勝,2024-08-05,6950
8096,擎亞,184,28,156,福勝,2024-08-05,6950
00878,國泰永續高股息,250,103,147,福勝,2024-08-05,6950
00715L,期街口布蘭特正2,121,1,120,福勝,2024-08-05,6950
1312,國喬,103,0,103,福勝,2024-08-05,6950
2880,華南金,114,11,103,福勝,2024-08-05,6950
2317,鴻海,146,50,96,福勝,2024-08-05,6950
2409,友達,115,22,93,福勝,2024-08-05,6950
4532,瑞智,87,1,86,福勝,2024-08-05,6950
00905,FT臺灣Smart,86,0,86,福勝,2024-08-05,6950
9907,統一實,76,0,76,福勝,2024-08-05,6950
3576,聯合再生,65,0,65,福勝,2024-08-05,6950
2618,長榮航,72,10,62,福勝,2024-08-05,6950
2002,中鋼,64,5,59,福勝,2024-08-05,6950
2897,王道銀行,57,0,57,福勝,2024-08-05,6950
00680L,元大美債20正2,56,0,56,福勝,2024-08-05,6950
00919,群益台灣精選高息,136,81,55,福勝,2024-08-05,6950
2515,中工,48,0,48,福勝,2024-08-05,6950
3372,典範,41,0,41,福勝,2024-08-05,6950
6282,康舒,44,3,41,福勝,2024-08-05,6950
1301,台塑,40,0,40,福勝,2024-08-05,6950
00720B,元大投資級公司債,40,0,40,福勝,2024-08-05,6950
1604,聲寶,40,0,40,福勝,2024-08-05,6950
1618,合機,40,0,40,福勝,2024-08-05,6950
2609,陽明,46,10,36,福勝,2024-08-05,6950
2330,台積電,53,17,36,福勝,2024-08-05,6950
2883B,凱基金乙特,35,0,35,福勝,2024-08-05,6950
0056,元大高股息,60,26,34,福勝,2024-08-05,6950
1108,幸福,33,0,33,福勝,2024-08-05,6950
1605,華新,34,2,32,福勝,2024-08-05,6950
2007,燁興,30,0,30,福勝,2024-08-05,6950
2305,全友,33,5,28,福勝,2024-08-05,6950
1609,大亞,28,3,25,福勝,2024-08-05,6950
00922,國泰台灣領袖50,24,0,24,福勝,2024-08-05,6950
00932,兆豐永續高息等權,24,0,24,福勝,2024-08-05,6950
6147,頎邦,26,2,24,福勝,2024-08-05,6950
1409,新纖,22,0,22,福勝,2024-08-05,6950
9919,康那香,21,0,21,福勝,2024-08-05,6950
1714,和桐,21,0,21,福勝,2024-08-05,6950
00640L,富邦日本正2,20,0,20,福勝,2024-08-05,6950
2464,盟立,26,6,20,福勝,2024-08-05,6950
2887,台新金,20,0,20,福勝,2024-08-05,6950
3038,全台,20,0,20,福勝,2024-08-05,6950
3714,富采,20,0,20,福勝,2024-08-05,6950
4123,晟德,21,1,20,福勝,2024-08-05,6950
6152,百一,20,0,20,福勝,2024-08-05,6950
00940,元大台灣價值高息,228,46,182,福勝,2024-08-06,6950
00632R,元大台灣50反1,467,325,142,福勝,2024-08-06,6950
2618,長榮航,115,4,111,福勝,2024-08-06,6950
2409,友達,90,1,89,福勝,2024-08-06,6950
00927,群益半導體收益,59,2,57,福勝,2024-08-06,6950
2317,鴻海,114,65,49,福勝,2024-08-06,6950
2486,一詮,51,4,47,福勝,2024-08-06,6950
2365,昆盈,71,25,46,福勝,2024-08-06,6950
1312,國喬,45,0,45,福勝,2024-08-06,6950
3481,群創,72,27,45,福勝,2024-08-06,6950
00905,FT臺灣Smart,45,2,43,福勝,2024-08-06,6950
00720B,元大投資級公司債,40,0,40,福勝,2024-08-06,6950
4532,瑞智,40,0,40,福勝,2024-08-06,6950
8069,元太,40,0,40,福勝,2024-08-06,6950
6187,萬潤,41,2,39,福勝,2024-08-06,6950
3189,景碩,30,1,29,福勝,2024-08-06,6950
3576,聯合再生,27,1,26,福勝,2024-08-06,6950
2349,錸德,27,3,24,福勝,2024-08-06,6950
2442,新美齊,24,0,24,福勝,2024-08-06,6950
2308,台達電,32,9,23,福勝,2024-08-06,6950
1522,堤維西,22,0,22,福勝,2024-08-06,6950
1604,聲寶,22,0,22,福勝,2024-08-06,6950
2323,中環,31,9,22,福勝,2024-08-06,6950
2449,京元電子,27,5,22,福勝,2024-08-06,6950
2489,瑞軒,36,15,21,福勝,2024-08-06,6950
3152,璟德,20,0,20,福勝,2024-08-06,6950
6177,達麗,21,2,19,福勝,2024-08-06,6950
00712,復華富時不動產,18,0,18,福勝,2024-08-06,6950
00946,群益科技高息成長,18,0,18,福勝,2024-08-06,6950
1108,幸福,18,0,18,福勝,2024-08-06,6950
1560,中砂,18,0,18,福勝,2024-08-06,6950
3714,富采,20,2,18,福勝,2024-08-06,6950
00900,富邦特選高股息30,17,0,17,福勝,2024-08-06,6950
3715,定穎投控,19,2,17,福勝,2024-08-06,6950
00893,國泰智能電動車,16,0,16,福勝,2024-08-06,6950
2355,敬鵬,16,0,16,福勝,2024-08-06,6950
4526,東台,31,15,16,福勝,2024-08-06,6950
4306,炎洲,15,0,15,福勝,2024-08-06,6950
1337,再生-KY,15,0,15,福勝,2024-08-06,6950
1477,聚陽,15,0,15,福勝,2024-08-06,6950
1809,中釉,16,1,15,福勝,2024-08-06,6950
2337,旺宏,37,22,15,福勝,2024-08-06,6950
2359,所羅門,53,38,15,福勝,2024-08-06,6950
2369,菱生,17,3,14,福勝,2024-08-06,6950
2367,燿華,28,15,13,福勝,2024-08-06,6950
2543,皇昌,18,5,13,福勝,2024-08-06,6950
2498,宏達電,13,1,12,福勝,2024-08-06,6950
2542,興富發,16,4,12,福勝,2024-08-06,6950
2889,國票金,12,0,12,福勝,2024-08-06,6950
3024,憶聲,14,2,12,福勝,2024-08-06,6950
00940,元大台灣價值高息,419,2,417,福勝,2024-08-07,6950
00632R,元大台灣50反1,514,125,389,福勝,2024-08-07,6950
2409,友達,130,0,130,福勝,2024-08-07,6950
00929,復華台灣科技優息,148,19,129,福勝,2024-08-07,6950
1721,三晃,100,0,100,福勝,2024-08-07,6950
2615,萬海,113,13,100,福勝,2024-08-07,6950
1314,中石化,90,2,88,福勝,2024-08-07,6950
2317,鴻海,113,25,88,福勝,2024-08-07,6950
00878,國泰永續高股息,69,15,54,福勝,2024-08-07,6950
2312,金寶,55,8,47,福勝,2024-08-07,6950
00947,台新臺灣IC設計,46,0,46,福勝,2024-08-07,6950
00905,FT臺灣Smart,41,0,41,福勝,2024-08-07,6950
00919,群益台灣精選高息,41,3,38,福勝,2024-08-07,6950
00918,大華優利高填息30,30,0,30,福勝,2024-08-07,6950
1101,台泥,32,2,30,福勝,2024-08-07,6950
2886,兆豐金,23,0,23,福勝,2024-08-07,6950
6122,擎邦,23,0,23,福勝,2024-08-07,6950
00931B,統一美債20年,22,0,22,福勝,2024-08-07,6950
3481,群創,23,1,22,福勝,2024-08-07,6950
00679B,元大美債20年,35,14,21,福勝,2024-08-07,6950
00720B,元大投資級公司債,20,0,20,福勝,2024-08-07,6950
5880,合庫金,20,0,20,福勝,2024-08-07,6950
00881,國泰台灣5G+,29,12,17,福勝,2024-08-07,6950
2327,國巨,15,0,15,福勝,2024-08-07,6950
2887,台新金,24,10,14,福勝,2024-08-07,6950
1540,喬福,54,40,14,福勝,2024-08-07,6950
8299,群聯,13,0,13,福勝,2024-08-07,6950
4155,訊映,13,0,13,福勝,2024-08-07,6950
5481,新華,13,0,13,福勝,2024-08-07,6950
00715L,期街口布蘭特正2,13,1,12,福勝,2024-08-07,6950
1231,聯華食,12,0,12,福勝,2024-08-07,6950
5213,亞昕,12,0,12,福勝,2024-08-07,6950
6770,力積電,13,1,12,福勝,2024-08-07,6950
3324,雙鴻,12,1,11,福勝,2024-08-07,6950
6213,聯茂,15,5,10,福勝,2024-08-07,6950
0056,元大高股息,12,2,10,福勝,2024-08-07,6950
2402,毅嘉,13,3,10,福勝,2024-08-07,6950
2406,國碩,10,0,10,福勝,2024-08-07,6950
2497,怡利電,10,0,10,福勝,2024-08-07,6950
2511,太子,10,0,10,福勝,2024-08-07,6950
2882,國泰金,11,1,10,福勝,2024-08-07,6950
4198,欣大健康,10,0,10,福勝,2024-08-07,6950
6290,良維,10,0,10,福勝,2024-08-07,6950
2891,中信金,9,0,9,福勝,2024-08-07,6950
6446,藥華藥,10,2,8,福勝,2024-08-07,6950
00753L,中信中國50正2,8,0,8,福勝,2024-08-07,6950
2610,華航,12,4,8,福勝,2024-08-07,6950
2883,凱基金,8,0,8,福勝,2024-08-07,6950
3163,波若威,11,3,8,福勝,2024-08-07,6950
8054,安國,21,13,8,福勝,2024-08-07,6950
00632R,元大台灣50反1,273,10,263,福勝,2024-08-08,6950
00687B,國泰20年美債,156,1,155,福勝,2024-08-08,6950
2892,第一金,135,5,130,福勝,2024-08-08,6950
00933B,國泰10Y+金融債,100,0,100,福勝,2024-08-08,6950
00665L,富邦�琤肭磪囓�2,100,0,100,福勝,2024-08-08,6950
00878,國泰永續高股息,127,71,56,福勝,2024-08-08,6950
2317,鴻海,98,42,56,福勝,2024-08-08,6950
00929,復華台灣科技優息,98,44,54,福勝,2024-08-08,6950
9105,泰金寶-DR,40,0,40,福勝,2024-08-08,6950
8096,擎亞,62,26,36,福勝,2024-08-08,6950
00919,群益台灣精選高息,34,2,32,福勝,2024-08-08,6950
00881,國泰台灣5G+,32,0,32,福勝,2024-08-08,6950
1504,東元,33,1,32,福勝,2024-08-08,6950
4198,欣大健康,31,0,31,福勝,2024-08-08,6950
00857B,永豐20年美公債,31,1,30,福勝,2024-08-08,6950
2609,陽明,31,3,28,福勝,2024-08-08,6950
2371,大同,31,4,27,福勝,2024-08-08,6950
2344,華邦電,26,0,26,福勝,2024-08-08,6950
2356,英業達,43,17,26,福勝,2024-08-08,6950
9958,世紀鋼,25,0,25,福勝,2024-08-08,6950
1618,合機,25,3,22,福勝,2024-08-08,6950
2891,中信金,21,0,21,福勝,2024-08-08,6950
3231,緯創,27,7,20,福勝,2024-08-08,6950
00900,富邦特選高股息30,20,0,20,福勝,2024-08-08,6950
2406,國碩,20,0,20,福勝,2024-08-08,6950
3652,精聯,20,0,20,福勝,2024-08-08,6950
6531,愛普*,21,1,20,福勝,2024-08-08,6950
2464,盟立,29,10,19,福勝,2024-08-08,6950
2312,金寶,29,11,18,福勝,2024-08-08,6950
00679B,元大美債20年,17,0,17,福勝,2024-08-08,6950
2327,國巨,17,1,16,福勝,2024-08-08,6950
2324,仁寶,26,11,15,福勝,2024-08-08,6950
8926,台汽電,15,0,15,福勝,2024-08-08,6950
6213,聯茂,22,8,14,福勝,2024-08-08,6950
4533,協易機,15,2,13,福勝,2024-08-08,6950
4510,高鋒,27,15,12,福勝,2024-08-08,6950
00751B,元大AAA至A公司債,12,0,12,福勝,2024-08-08,6950
8215,明基材,12,0,12,福勝,2024-08-08,6950
8028,昇陽半導體,38,27,11,福勝,2024-08-08,6950
2031,新光鋼,11,0,11,福勝,2024-08-08,6950
2511,太子,11,0,11,福勝,2024-08-08,6950
2355,敬鵬,10,0,10,福勝,2024-08-08,6950
00924,復華S＆P500成長,10,0,10,福勝,2024-08-08,6950
00923,群益台ESG低碳50,10,0,10,福勝,2024-08-08,6950
00945B,凱基美國非投等債,10,0,10,福勝,2024-08-08,6950
2038,海光,10,0,10,福勝,2024-08-08,6950
2405,輔信,14,4,10,福勝,2024-08-08,6950
2855,統一證,10,0,10,福勝,2024-08-08,6950
3152,璟德,10,0,10,福勝,2024-08-08,6950
5876,上海商銀,10,0,10,福勝,2024-08-08,6950
00632R,元大台灣50反1,328,2,326,福勝,2024-08-09,6950
4533,協易機,159,2,157,福勝,2024-08-09,6950
1714,和桐,105,0,105,福勝,2024-08-09,6950
00937B,群益ESG投等債20,159,55,104,福勝,2024-08-09,6950
2353,宏��,55,7,48,福勝,2024-08-09,6950
2515,中工,48,1,47,福勝,2024-08-09,6950
00664R,國泰臺灣加權反1,40,0,40,福勝,2024-08-09,6950
2489,瑞軒,43,6,37,福勝,2024-08-09,6950
6244,茂迪,49,12,37,福勝,2024-08-09,6950
00929,復華台灣科技優息,62,25,37,福勝,2024-08-09,6950
00933B,國泰10Y+金融債,33,0,33,福勝,2024-08-09,6950
00795B,中信美國公債20年,32,0,32,福勝,2024-08-09,6950
00679B,元大美債20年,32,1,31,福勝,2024-08-09,6950
00857B,永豐20年美公債,30,0,30,福勝,2024-08-09,6950
5481,新華,26,0,26,福勝,2024-08-09,6950
4174,浩鼎,31,6,25,福勝,2024-08-09,6950
00923,群益台ESG低碳50,25,0,25,福勝,2024-08-09,6950
2208,台船,23,0,23,福勝,2024-08-09,6950
00639,富邦深100,20,0,20,福勝,2024-08-09,6950
1789,神隆,20,0,20,福勝,2024-08-09,6950
6118,建達,20,0,20,福勝,2024-08-09,6950
3044,健鼎,20,1,19,福勝,2024-08-09,6950
2324,仁寶,21,3,18,福勝,2024-08-09,6950
9945,潤泰新,43,25,18,福勝,2024-08-09,6950
2344,華邦電,45,28,17,福勝,2024-08-09,6950
6152,百一,17,0,17,福勝,2024-08-09,6950
8076,伍豐,28,12,16,福勝,2024-08-09,6950
00773B,中信優先金融債,15,0,15,福勝,2024-08-09,6950
1560,中砂,17,2,15,福勝,2024-08-09,6950
4198,欣大健康,15,0,15,福勝,2024-08-09,6950
2062,橋椿,14,0,14,福勝,2024-08-09,6950
1809,中釉,12,0,12,福勝,2024-08-09,6950
1817,凱撒衛,12,0,12,福勝,2024-08-09,6950
2349,錸德,17,5,12,福勝,2024-08-09,6950
2641,正德,12,0,12,福勝,2024-08-09,6950
6585,鼎基,12,0,12,福勝,2024-08-09,6950
3037,欣興,14,2,12,福勝,2024-08-09,6950
00951,台新日本半導體,11,0,11,福勝,2024-08-09,6950
2610,華航,14,3,11,福勝,2024-08-09,6950
3450,聯鈞,15,4,11,福勝,2024-08-09,6950
4931,新盛力,17,6,11,福勝,2024-08-09,6950
00931B,統一美債20年,10,0,10,福勝,2024-08-09,6950
00945B,凱基美國非投等債,10,0,10,福勝,2024-08-09,6950
1531,高林股,10,0,10,福勝,2024-08-09,6950
1569,濱川,10,0,10,福勝,2024-08-09,6950
2023,燁輝,10,0,10,福勝,2024-08-09,6950
2331,精英,10,0,10,福勝,2024-08-09,6950
2406,國碩,10,0,10,福勝,2024-08-09,6950
1802,台玻,10,1,9,福勝,2024-08-09,6950
2002,中鋼,11,2,9,福勝,2024-08-09,6950
2328,廣宇,109,0,109,福勝,2024-08-12,6950
00632R,元大台灣50反1,100,10,90,福勝,2024-08-12,6950
00929,復華台灣科技優息,54,12,42,福勝,2024-08-12,6950
00680L,元大美債20正2,40,0,40,福勝,2024-08-12,6950
3284,太普高,40,0,40,福勝,2024-08-12,6950
3483,力致,40,0,40,福勝,2024-08-12,6950
2610,華航,40,2,38,福勝,2024-08-12,6950
00900,富邦特選高股息30,32,0,32,福勝,2024-08-12,6950
2365,昆盈,42,10,32,福勝,2024-08-12,6950
2884,玉山金,50,20,30,福勝,2024-08-12,6950
3056,富華新,30,0,30,福勝,2024-08-12,6950
2329,華泰,28,0,28,福勝,2024-08-12,6950
5309,系統電,27,0,27,福勝,2024-08-12,6950
9105,泰金寶-DR,29,2,27,福勝,2024-08-12,6950
2514,龍邦,26,0,26,福勝,2024-08-12,6950
2515,中工,23,0,23,福勝,2024-08-12,6950
2836,高雄銀,23,0,23,福勝,2024-08-12,6950
2489,瑞軒,56,37,19,福勝,2024-08-12,6950
1597,直得,23,5,18,福勝,2024-08-12,6950
2344,華邦電,19,1,18,福勝,2024-08-12,6950
3003,健和興,22,5,17,福勝,2024-08-12,6950
8926,台汽電,18,1,17,福勝,2024-08-12,6950
00881,國泰台灣5G+,18,3,15,福勝,2024-08-12,6950
2355,敬鵬,15,0,15,福勝,2024-08-12,6950
2409,友達,15,0,15,福勝,2024-08-12,6950
3024,憶聲,15,0,15,福勝,2024-08-12,6950
3390,旭軟,15,0,15,福勝,2024-08-12,6950
3652,精聯,15,0,15,福勝,2024-08-12,6950
4303,信立,15,0,15,福勝,2024-08-12,6950
5521,工信,45,30,15,福勝,2024-08-12,6950
3663,鑫科,31,17,14,福勝,2024-08-12,6950
2543,皇昌,17,3,14,福勝,2024-08-12,6950
00679B,元大美債20年,32,19,13,福勝,2024-08-12,6950
2337,旺宏,14,1,13,福勝,2024-08-12,6950
2359,所羅門,27,15,12,福勝,2024-08-12,6950
6294,智基,12,0,12,福勝,2024-08-12,6950
00915,凱基優選高股息30,12,1,11,福勝,2024-08-12,6950
3313,斐成,11,0,11,福勝,2024-08-12,6950
5439,高技,11,0,11,福勝,2024-08-12,6950
2002,中鋼,19,8,11,福勝,2024-08-12,6950
1402,遠東新,10,0,10,福勝,2024-08-12,6950
1314,中石化,10,0,10,福勝,2024-08-12,6950
00731,復華富時高息低波,10,0,10,福勝,2024-08-12,6950
1539,巨庭,10,0,10,福勝,2024-08-12,6950
2349,錸德,15,5,10,福勝,2024-08-12,6950
3211,順達,10,0,10,福勝,2024-08-12,6950
3535,晶彩科,15,5,10,福勝,2024-08-12,6950
4976,佳凌,10,0,10,福勝,2024-08-12,6950
8085,福華,10,0,10,福勝,2024-08-12,6950
9902,台火,10,0,10,福勝,2024-08-12,6950
2880,華南金,84,0,84,福勝,2024-08-13,6950
00937B,群益ESG投等債20,102,23,79,福勝,2024-08-13,6950
00687B,國泰20年美債,55,1,54,福勝,2024-08-13,6950
00878,國泰永續高股息,56,3,53,福勝,2024-08-13,6950
2538,基泰,44,0,44,福勝,2024-08-13,6950
2327,國巨,42,0,42,福勝,2024-08-13,6950
00696B,富邦美債20年,41,0,41,福勝,2024-08-13,6950
00673R,期元大S＆P原油反1,40,0,40,福勝,2024-08-13,6950
2609,陽明,54,16,38,福勝,2024-08-13,6950
3013,晟銘電,44,10,34,福勝,2024-08-13,6950
00900,富邦特選高股息30,30,0,30,福勝,2024-08-13,6950
00720B,元大投資級公司債,30,0,30,福勝,2024-08-13,6950
1301,台塑,29,0,29,福勝,2024-08-13,6950
00931B,統一美債20年,26,0,26,福勝,2024-08-13,6950
2356,英業達,34,9,25,福勝,2024-08-13,6950
2615,萬海,38,14,24,福勝,2024-08-13,6950
2002,中鋼,21,0,21,福勝,2024-08-13,6950
2891,中信金,43,22,21,福勝,2024-08-13,6950
3706,神達,30,9,21,福勝,2024-08-13,6950
00933B,國泰10Y+金融債,20,0,20,福勝,2024-08-13,6950
1313,聯成,20,0,20,福勝,2024-08-13,6950
2498,宏達電,20,0,20,福勝,2024-08-13,6950
6257,矽格,20,0,20,福勝,2024-08-13,6950
3339,泰谷,20,2,18,福勝,2024-08-13,6950
6603,富強鑫,21,3,18,福勝,2024-08-13,6950
2349,錸德,21,4,17,福勝,2024-08-13,6950
2515,中工,17,0,17,福勝,2024-08-13,6950
2486,一詮,17,2,15,福勝,2024-08-13,6950
1560,中砂,15,0,15,福勝,2024-08-13,6950
1314,中石化,16,2,14,福勝,2024-08-13,6950
1513,中興電,31,18,13,福勝,2024-08-13,6950
1802,台玻,13,0,13,福勝,2024-08-13,6950
1731,美吾華,12,0,12,福勝,2024-08-13,6950
2312,金寶,19,7,12,福勝,2024-08-13,6950
2374,佳能,16,4,12,福勝,2024-08-13,6950
1303,南亞,12,0,12,福勝,2024-08-13,6950
3645,達邁,11,0,11,福勝,2024-08-13,6950
6505,台塑化,11,0,11,福勝,2024-08-13,6950
2317,鴻海,38,28,10,福勝,2024-08-13,6950
1517,利奇,10,0,10,福勝,2024-08-13,6950
1605,華新,10,0,10,福勝,2024-08-13,6950
2369,菱生,10,0,10,福勝,2024-08-13,6950
2637,慧洋-KY,10,0,10,福勝,2024-08-13,6950
2801,彰銀,11,1,10,福勝,2024-08-13,6950
2834,臺企銀,10,0,10,福勝,2024-08-13,6950
3294,英濟,10,0,10,福勝,2024-08-13,6950
3652,精聯,10,0,10,福勝,2024-08-13,6950
8374,羅昇,13,3,10,福勝,2024-08-13,6950
00932,兆豐永續高息等權,9,0,9,福勝,2024-08-13,6950
2344,華邦電,10,1,9,福勝,2024-08-13,6950
00937B,群益ESG投等債20,173,10,163,福勝,2024-08-14,6950
00923,群益台ESG低碳50,101,0,101,福勝,2024-08-14,6950
00680L,元大美債20正2,86,0,86,福勝,2024-08-14,6950
8096,擎亞,201,133,68,福勝,2024-08-14,6950
00679B,元大美債20年,62,1,61,福勝,2024-08-14,6950
00687B,國泰20年美債,60,0,60,福勝,2024-08-14,6950
3483,力致,54,0,54,福勝,2024-08-14,6950
6244,茂迪,51,0,51,福勝,2024-08-14,6950
2542,興富發,48,5,43,福勝,2024-08-14,6950
3019,亞光,90,49,41,福勝,2024-08-14,6950
00929,復華台灣科技優息,46,8,38,福勝,2024-08-14,6950
2356,英業達,56,20,36,福勝,2024-08-14,6950
2464,盟立,39,5,34,福勝,2024-08-14,6950
00720B,元大投資級公司債,30,0,30,福勝,2024-08-14,6950
00632R,元大台灣50反1,30,0,30,福勝,2024-08-14,6950
6257,矽格,28,0,28,福勝,2024-08-14,6950
00881,國泰台灣5G+,36,10,26,福勝,2024-08-14,6950
1110,東泥,25,0,25,福勝,2024-08-14,6950
00900,富邦特選高股息30,23,0,23,福勝,2024-08-14,6950
00945B,凱基美國非投等債,23,0,23,福勝,2024-08-14,6950
4562,穎漢,40,17,23,福勝,2024-08-14,6950
1101,台泥,24,3,21,福勝,2024-08-14,6950
00932,兆豐永續高息等權,20,0,20,福勝,2024-08-14,6950
00904,新光臺灣半導體30,20,0,20,福勝,2024-08-14,6950
2402,毅嘉,20,0,20,福勝,2024-08-14,6950
1618,合機,21,2,19,福勝,2024-08-14,6950
2338,光罩,17,0,17,福勝,2024-08-14,6950
6570,維田,17,0,17,福勝,2024-08-14,6950
00673R,期元大S＆P原油反1,15,0,15,福勝,2024-08-14,6950
2401,凌陽,15,0,15,福勝,2024-08-14,6950
2812,台中銀,13,0,13,福勝,2024-08-14,6950
2365,昆盈,52,41,11,福勝,2024-08-14,6950
8028,昇陽半導體,15,4,11,福勝,2024-08-14,6950
4906,正文,11,0,11,福勝,2024-08-14,6950
5202,力新,18,7,11,福勝,2024-08-14,6950
6658,聯策,17,6,11,福勝,2024-08-14,6950
00931B,統一美債20年,10,0,10,福勝,2024-08-14,6950
00712,復華富時不動產,10,0,10,福勝,2024-08-14,6950
00948B,中信優息投資級債,10,0,10,福勝,2024-08-14,6950
2030,彰源,10,0,10,福勝,2024-08-14,6950
2305,全友,10,0,10,福勝,2024-08-14,6950
2359,所羅門,21,11,10,福勝,2024-08-14,6950
2534,宏盛,10,0,10,福勝,2024-08-14,6950
3046,建��,10,0,10,福勝,2024-08-14,6950
3652,精聯,10,0,10,福勝,2024-08-14,6950
5302,太欣,10,0,10,福勝,2024-08-14,6950
6177,達麗,10,0,10,福勝,2024-08-14,6950
1608,華榮,11,3,8,福勝,2024-08-14,6950
1611,中電,10,2,8,福勝,2024-08-14,6950
2313,華通,10,2,8,福勝,2024-08-14,6950
00900,富邦特選高股息30,109,0,109,福勝,2024-08-15,6950
00715L,期街口布蘭特正2,103,1,102,福勝,2024-08-15,6950
00878,國泰永續高股息,111,16,95,福勝,2024-08-15,6950
6244,茂迪,90,0,90,福勝,2024-08-15,6950
00929,復華台灣科技優息,89,0,89,福勝,2024-08-15,6950
2328,廣宇,78,2,76,福勝,2024-08-15,6950
00720B,元大投資級公司債,70,0,70,福勝,2024-08-15,6950
00881,國泰台灣5G+,58,2,56,福勝,2024-08-15,6950
00687B,國泰20年美債,55,0,55,福勝,2024-08-15,6950
2352,佳世達,43,0,43,福勝,2024-08-15,6950
00795B,中信美國公債20年,41,0,41,福勝,2024-08-15,6950
2317,鴻海,56,16,40,福勝,2024-08-15,6950
2002,中鋼,43,4,39,福勝,2024-08-15,6950
1101,台泥,38,0,38,福勝,2024-08-15,6950
00679B,元大美債20年,41,6,35,福勝,2024-08-15,6950
00891,中信關鍵半導體,22,0,22,福勝,2024-08-15,6950
9105,泰金寶-DR,21,0,21,福勝,2024-08-15,6950
00940,元大台灣價值高息,20,0,20,福勝,2024-08-15,6950
1301,台塑,20,0,20,福勝,2024-08-15,6950
1720,生達,20,0,20,福勝,2024-08-15,6950
2834,臺企銀,20,0,20,福勝,2024-08-15,6950
2301,光寶科,21,2,19,福勝,2024-08-15,6950
2312,金寶,21,2,19,福勝,2024-08-15,6950
1785,光洋科,44,26,18,福勝,2024-08-15,6950
4561,健椿,24,7,17,福勝,2024-08-15,6950
3663,鑫科,26,10,16,福勝,2024-08-15,6950
1608,華榮,25,10,15,福勝,2024-08-15,6950
00690,兆豐藍籌30,13,0,13,福勝,2024-08-15,6950
2489,瑞軒,45,32,13,福勝,2024-08-15,6950
1513,中興電,20,8,12,福勝,2024-08-15,6950
9933,中鼎,12,0,12,福勝,2024-08-15,6950
2543,皇昌,20,8,12,福勝,2024-08-15,6950
00680L,元大美債20正2,11,0,11,福勝,2024-08-15,6950
1618,合機,23,12,11,福勝,2024-08-15,6950
4545,銘鈺,11,0,11,福勝,2024-08-15,6950
6116,彩晶,11,0,11,福勝,2024-08-15,6950
1312,國喬,10,0,10,福勝,2024-08-15,6950
00896,中信綠能及電動車,10,0,10,福勝,2024-08-15,6950
1802,台玻,10,0,10,福勝,2024-08-15,6950
3167,大量,10,0,10,福勝,2024-08-15,6950
4198,欣大健康,10,0,10,福勝,2024-08-15,6950
5243,乙盛-KY,10,0,10,福勝,2024-08-15,6950
6108,競國,10,0,10,福勝,2024-08-15,6950
6692,進能服,11,1,10,福勝,2024-08-15,6950
4503,金雨,9,0,9,福勝,2024-08-15,6950
3042,晶技,8,0,8,福勝,2024-08-15,6950
3593,力銘,10,2,8,福勝,2024-08-15,6950
5213,亞昕,10,2,8,福勝,2024-08-15,6950
00932,兆豐永續高息等權,7,0,7,福勝,2024-08-15,6950
1527,鑽全,17,10,7,福勝,2024-08-15,6950
2323,中環,518,25,493,福勝,2024-08-16,6950
00937B,群益ESG投等債20,150,0,150,福勝,2024-08-16,6950
00929,復華台灣科技優息,108,0,108,福勝,2024-08-16,6950
00713,元大台灣高息低波,81,4,77,福勝,2024-08-16,6950
3705,永信,46,0,46,福勝,2024-08-16,6950
00900,富邦特選高股息30,41,0,41,福勝,2024-08-16,6950
00936,台新永續高息中小,41,3,38,福勝,2024-08-16,6950
8096,擎亞,62,25,37,福勝,2024-08-16,6950
6244,茂迪,33,0,33,福勝,2024-08-16,6950
2312,金寶,57,26,31,福勝,2024-08-16,6950
2401,凌陽,31,2,29,福勝,2024-08-16,6950
00679B,元大美債20年,28,1,27,福勝,2024-08-16,6950
2489,瑞軒,70,43,27,福勝,2024-08-16,6950
00687B,國泰20年美債,23,0,23,福勝,2024-08-16,6950
2543,皇昌,22,0,22,福勝,2024-08-16,6950
1809,中釉,20,0,20,福勝,2024-08-16,6950
3673,TPK-KY,30,10,20,福勝,2024-08-16,6950
2618,長榮航,41,22,19,福勝,2024-08-16,6950
8996,高力,20,1,19,福勝,2024-08-16,6950
2027,大成鋼,18,0,18,福勝,2024-08-16,6950
1338,廣華-KY,17,0,17,福勝,2024-08-16,6950
2406,國碩,13,1,12,福勝,2024-08-16,6950
5608,四維航,12,0,12,福勝,2024-08-16,6950
4931,新盛力,15,4,11,福勝,2024-08-16,6950
00680L,元大美債20正2,10,0,10,福勝,2024-08-16,6950
00907,永豐優息存股,10,0,10,福勝,2024-08-16,6950
00933B,國泰10Y+金融債,10,0,10,福勝,2024-08-16,6950
00931B,統一美債20年,10,0,10,福勝,2024-08-16,6950
00902,中信電池及儲能,10,0,10,福勝,2024-08-16,6950
00951,台新日本半導體,10,0,10,福勝,2024-08-16,6950
1416,廣豐,10,0,10,福勝,2024-08-16,6950
2208,台船,10,0,10,福勝,2024-08-16,6950
2501,國建,10,0,10,福勝,2024-08-16,6950
3447,展達,12,2,10,福勝,2024-08-16,6950
4564,元翎,10,0,10,福勝,2024-08-16,6950
6265,方土昶,10,0,10,福勝,2024-08-16,6950
8027,鈦昇,10,0,10,福勝,2024-08-16,6950
1301,台塑,10,1,9,福勝,2024-08-16,6950
6278,台表科,10,1,9,福勝,2024-08-16,6950
1101,台泥,9,1,8,福勝,2024-08-16,6950
5443,均豪,22,15,7,福勝,2024-08-16,6950
3535,晶彩科,15,8,7,福勝,2024-08-16,6950
6451,訊芯-KY,8,1,7,福勝,2024-08-16,6950
6188,廣明,10,3,7,福勝,2024-08-16,6950
4909,新復興,10,4,6,福勝,2024-08-16,6950
1609,大亞,6,0,6,福勝,2024-08-16,6950
2537,聯上發,10,4,6,福勝,2024-08-16,6950
2641,正德,6,0,6,福勝,2024-08-16,6950
6116,彩晶,6,0,6,福勝,2024-08-16,6950
6204,艾華,7,1,6,福勝,2024-08-16,6950
00720B,元大投資級公司債,140,0,140,福勝,2024-08-19,6950
2323,中環,93,7,86,福勝,2024-08-19,6950
00937B,群益ESG投等債20,76,0,76,福勝,2024-08-19,6950
8096,擎亞,71,12,59,福勝,2024-08-19,6950
2883,凱基金,54,0,54,福勝,2024-08-19,6950
00929,復華台灣科技優息,117,65,52,福勝,2024-08-19,6950
3518,柏騰,50,0,50,福勝,2024-08-19,6950
00687B,國泰20年美債,49,0,49,福勝,2024-08-19,6950
6244,茂迪,45,0,45,福勝,2024-08-19,6950
00936,台新永續高息中小,40,0,40,福勝,2024-08-19,6950
2002,中鋼,37,0,37,福勝,2024-08-19,6950
00900,富邦特選高股息30,33,0,33,福勝,2024-08-19,6950
1312,國喬,32,0,32,福勝,2024-08-19,6950
3047,訊舟,64,33,31,福勝,2024-08-19,6950
8011,台通,35,5,30,福勝,2024-08-19,6950
2324,仁寶,30,1,29,福勝,2024-08-19,6950
9105,泰金寶-DR,26,0,26,福勝,2024-08-19,6950
3013,晟銘電,76,51,25,福勝,2024-08-19,6950
2888,新光金,105,81,24,福勝,2024-08-19,6950
6207,雷科,35,12,23,福勝,2024-08-19,6950
1409,新纖,21,0,21,福勝,2024-08-19,6950
1611,中電,26,5,21,福勝,2024-08-19,6950
1325,恆大,20,0,20,福勝,2024-08-19,6950
2354,鴻準,29,9,20,福勝,2024-08-19,6950
2405,輔信,23,3,20,福勝,2024-08-19,6950
2457,飛宏,20,0,20,福勝,2024-08-19,6950
8043,蜜望實,22,2,20,福勝,2024-08-19,6950
3339,泰谷,20,1,19,福勝,2024-08-19,6950
2633,台灣高鐵,20,1,19,福勝,2024-08-19,6950
2344,華邦電,18,3,15,福勝,2024-08-19,6950
5371,中光電,19,4,15,福勝,2024-08-19,6950
8299,群聯,16,1,15,福勝,2024-08-19,6950
6877,鏵友益,16,2,14,福勝,2024-08-19,6950
2062,橋椿,21,7,14,福勝,2024-08-19,6950
00751B,元大AAA至A公司債,13,0,13,福勝,2024-08-19,6950
1618,合機,16,3,13,福勝,2024-08-19,6950
00715L,期街口布蘭特正2,12,0,12,福勝,2024-08-19,6950
2881,富邦金,14,2,12,福勝,2024-08-19,6950
00882,中信中國高股息,11,0,11,福勝,2024-08-19,6950
1802,台玻,11,0,11,福勝,2024-08-19,6950
2371,大同,12,1,11,福勝,2024-08-19,6950
4566,時碩工業,15,4,11,福勝,2024-08-19,6950
1809,中釉,10,0,10,福勝,2024-08-19,6950
2349,錸德,10,0,10,福勝,2024-08-19,6950
9902,台火,10,0,10,福勝,2024-08-19,6950
1718,中纖,10,0,10,福勝,2024-08-19,6950
3231,緯創,18,9,9,福勝,2024-08-19,6950
1101,台泥,9,0,9,福勝,2024-08-19,6950
1536,和大,9,0,9,福勝,2024-08-19,6950
4545,銘鈺,9,0,9,福勝,2024-08-19,6950
00632R,元大台灣50反1,403,30,373,福勝,2024-08-20,6950
2543,皇昌,179,4,175,福勝,2024-08-20,6950
00715L,期街口布蘭特正2,69,0,69,福勝,2024-08-20,6950
00923,群益台ESG低碳50,64,0,64,福勝,2024-08-20,6950
2002,中鋼,60,2,58,福勝,2024-08-20,6950
00937B,群益ESG投等債20,48,0,48,福勝,2024-08-20,6950
1785,光洋科,47,7,40,福勝,2024-08-20,6950
00919,群益台灣精選高息,93,60,33,福勝,2024-08-20,6950
1718,中纖,31,0,31,福勝,2024-08-20,6950
2883B,凱基金乙特,30,0,30,福勝,2024-08-20,6950
4104,佳醫,29,0,29,福勝,2024-08-20,6950
2363,矽統,32,6,26,福勝,2024-08-20,6950
00720B,元大投資級公司債,25,0,25,福勝,2024-08-20,6950
2317,鴻海,31,9,22,福勝,2024-08-20,6950
2356,英業達,38,16,22,福勝,2024-08-20,6950
00857B,永豐20年美公債,21,0,21,福勝,2024-08-20,6950
00687B,國泰20年美債,21,0,21,福勝,2024-08-20,6950
2062,橋椿,29,9,20,福勝,2024-08-20,6950
1110,東泥,20,0,20,福勝,2024-08-20,6950
00929,復華台灣科技優息,38,18,20,福勝,2024-08-20,6950
2409,友達,18,0,18,福勝,2024-08-20,6950
2891,中信金,21,3,18,福勝,2024-08-20,6950
3580,友威科,21,3,18,福勝,2024-08-20,6950
2338,光罩,17,0,17,福勝,2024-08-20,6950
3455,由田,29,12,17,福勝,2024-08-20,6950
2362,藍天,20,4,16,福勝,2024-08-20,6950
5481,新華,16,0,16,福勝,2024-08-20,6950
2610,華航,14,0,14,福勝,2024-08-20,6950
2417,圓剛,17,4,13,福勝,2024-08-20,6950
00679B,元大美債20年,13,0,13,福勝,2024-08-20,6950
2324,仁寶,20,7,13,福勝,2024-08-20,6950
2355,敬鵬,13,0,13,福勝,2024-08-20,6950
4563,百德,15,2,13,福勝,2024-08-20,6950
4931,新盛力,14,2,12,福勝,2024-08-20,6950
3652,精聯,12,0,12,福勝,2024-08-20,6950
4979,華星光,19,7,12,福勝,2024-08-20,6950
9958,世紀鋼,12,0,12,福勝,2024-08-20,6950
2419,仲琦,11,0,11,福勝,2024-08-20,6950
2609,陽明,16,5,11,福勝,2024-08-20,6950
6152,百一,20,9,11,福勝,2024-08-20,6950
6530,創威,11,0,11,福勝,2024-08-20,6950
8027,鈦昇,15,4,11,福勝,2024-08-20,6950
00642U,期元大S＆P石油,10,0,10,福勝,2024-08-20,6950
00882,中信中國高股息,10,0,10,福勝,2024-08-20,6950
1313,聯成,10,0,10,福勝,2024-08-20,6950
2308,台達電,10,0,10,福勝,2024-08-20,6950
2374,佳能,22,12,10,福勝,2024-08-20,6950
2884,玉山金,10,0,10,福勝,2024-08-20,6950
3325,旭品,10,0,10,福勝,2024-08-20,6950
3380,明泰,10,0,10,福勝,2024-08-20,6950
2888,新光金,457,258,199,福勝,2024-08-21,6950
2891,中信金,172,2,170,福勝,2024-08-21,6950
2489,瑞軒,138,0,138,福勝,2024-08-21,6950
00919,群益台灣精選高息,91,0,91,福勝,2024-08-21,6950
00664R,國泰臺灣加權反1,80,0,80,福勝,2024-08-21,6950
9940,信義,78,0,78,福勝,2024-08-21,6950
2312,金寶,116,47,69,福勝,2024-08-21,6950
00929,復華台灣科技優息,71,13,58,福勝,2024-08-21,6950
00918,大華優利高填息30,52,0,52,福勝,2024-08-21,6950
00953B,群益優選非投等債,51,0,51,福勝,2024-08-21,6950
9105,泰金寶-DR,60,21,39,福勝,2024-08-21,6950
8103,瀚荃,45,7,38,福勝,2024-08-21,6950
2002,中鋼,32,0,32,福勝,2024-08-21,6950
3686,達能,43,11,32,福勝,2024-08-21,6950
00878,國泰永續高股息,31,0,31,福勝,2024-08-21,6950
1409,新纖,25,0,25,福勝,2024-08-21,6950
00923,群益台ESG低碳50,24,0,24,福勝,2024-08-21,6950
8054,安國,24,0,24,福勝,2024-08-21,6950
5905,南仁湖,40,18,22,福勝,2024-08-21,6950
00900,富邦特選高股息30,21,0,21,福勝,2024-08-21,6950
00885,富邦越南,20,0,20,福勝,2024-08-21,6950
2317,鴻海,28,8,20,福勝,2024-08-21,6950
6592,和潤企業,19,0,19,福勝,2024-08-21,6950
8105,凌巨,18,0,18,福勝,2024-08-21,6950
00738U,期元大道瓊白銀,18,0,18,福勝,2024-08-21,6950
2323,中環,21,4,17,福勝,2024-08-21,6950
6152,百一,18,1,17,福勝,2024-08-21,6950
0056,元大高股息,16,0,16,福勝,2024-08-21,6950
2356,英業達,18,2,16,福勝,2024-08-21,6950
4555,氣立,23,10,13,福勝,2024-08-21,6950
2354,鴻準,27,14,13,福勝,2024-08-21,6950
4906,正文,26,13,13,福勝,2024-08-21,6950
3027,盛達,14,2,12,福勝,2024-08-21,6950
3712,永崴投控,13,1,12,福勝,2024-08-21,6950
2365,昆盈,17,6,11,福勝,2024-08-21,6950
00687B,國泰20年美債,11,0,11,福勝,2024-08-21,6950
1718,中纖,11,0,11,福勝,2024-08-21,6950
2388,威盛,11,0,11,福勝,2024-08-21,6950
6156,松上,11,0,11,福勝,2024-08-21,6950
00795B,中信美國公債20年,10,0,10,福勝,2024-08-21,6950
00696B,富邦美債20年,10,0,10,福勝,2024-08-21,6950
1470,大統新創,10,0,10,福勝,2024-08-21,6950
1603,華電,13,3,10,福勝,2024-08-21,6950
1618,合機,10,0,10,福勝,2024-08-21,6950
4564,元翎,12,2,10,福勝,2024-08-21,6950
5426,振發,10,0,10,福勝,2024-08-21,6950
2645,長榮航太,9,0,9,福勝,2024-08-21,6950
5443,均豪,11,2,9,福勝,2024-08-21,6950
00679B,元大美債20年,10,1,9,福勝,2024-08-21,6950
00937B,群益ESG投等債20,10,1,9,福勝,2024-08-21,6950
2323,中環,596,13,583,福勝,2024-08-22,6950
00664R,國泰臺灣加權反1,80,0,80,福勝,2024-08-22,6950
8096,擎亞,84,11,73,福勝,2024-08-22,6950
4174,浩鼎,54,3,51,福勝,2024-08-22,6950
00953B,群益優選非投等債,50,0,50,福勝,2024-08-22,6950
2429,銘旺科,50,0,50,福勝,2024-08-22,6950
00919,群益台灣精選高息,46,0,46,福勝,2024-08-22,6950
2543,皇昌,43,2,41,福勝,2024-08-22,6950
00712,復華富時不動產,50,10,40,福勝,2024-08-22,6950
2317,鴻海,46,7,39,福勝,2024-08-22,6950
2891,中信金,37,1,36,福勝,2024-08-22,6950
00878,國泰永續高股息,32,1,31,福勝,2024-08-22,6950
6213,聯茂,31,2,29,福勝,2024-08-22,6950
6285,啟��,28,1,27,福勝,2024-08-22,6950
1709,和益,25,0,25,福勝,2024-08-22,6950
2374,佳能,34,12,22,福勝,2024-08-22,6950
00929,復華台灣科技優息,22,0,22,福勝,2024-08-22,6950
0056,元大高股息,21,0,21,福勝,2024-08-22,6950
2208,台船,30,9,21,福勝,2024-08-22,6950
6244,茂迪,20,1,19,福勝,2024-08-22,6950
6838,台新藥,20,1,19,福勝,2024-08-22,6950
2610,華航,19,1,18,福勝,2024-08-22,6950
1785,光洋科,19,2,17,福勝,2024-08-22,6950
00715L,期街口布蘭特正2,16,0,16,福勝,2024-08-22,6950
4533,協易機,19,3,16,福勝,2024-08-22,6950
3047,訊舟,26,11,15,福勝,2024-08-22,6950
8103,瀚荃,27,12,15,福勝,2024-08-22,6950
5309,系統電,22,8,14,福勝,2024-08-22,6950
4566,時碩工業,13,0,13,福勝,2024-08-22,6950
2834,臺企銀,12,0,12,福勝,2024-08-22,6950
3535,晶彩科,20,8,12,福勝,2024-08-22,6950
3580,友威科,20,8,12,福勝,2024-08-22,6950
4545,銘鈺,12,0,12,福勝,2024-08-22,6950
2382,廣達,16,5,11,福勝,2024-08-22,6950
00937B,群益ESG投等債20,11,0,11,福勝,2024-08-22,6950
2881,富邦金,11,0,11,福勝,2024-08-22,6950
2882,國泰金,11,0,11,福勝,2024-08-22,6950
1110,東泥,10,0,10,福勝,2024-08-22,6950
00934,中信成長高股息,10,0,10,福勝,2024-08-22,6950
00931B,統一美債20年,10,0,10,福勝,2024-08-22,6950
00900,富邦特選高股息30,10,0,10,福勝,2024-08-22,6950
00706L,期元大S＆P日圓正2,10,0,10,福勝,2024-08-22,6950
00696B,富邦美債20年,10,0,10,福勝,2024-08-22,6950
2634,漢翔,10,0,10,福勝,2024-08-22,6950
2890,永豐金,10,0,10,福勝,2024-08-22,6950
5519,隆大,10,0,10,福勝,2024-08-22,6950
6116,彩晶,10,0,10,福勝,2024-08-22,6950
6603,富強鑫,10,0,10,福勝,2024-08-22,6950
9907,統一實,10,0,10,福勝,2024-08-22,6950
9945,潤泰新,11,1,10,福勝,2024-08-22,6950
1314,中石化,279,32,247,福勝,2024-08-23,6950
1711,永光,234,27,207,福勝,2024-08-23,6950
00929,復華台灣科技優息,148,0,148,福勝,2024-08-23,6950
3231,緯創,136,5,131,福勝,2024-08-23,6950
2891,中信金,94,0,94,福勝,2024-08-23,6950
2355,敬鵬,61,0,61,福勝,2024-08-23,6950
2504,國產,60,0,60,福勝,2024-08-23,6950
2317,鴻海,72,27,45,福勝,2024-08-23,6950
2337,旺宏,45,0,45,福勝,2024-08-23,6950
00679B,元大美債20年,40,0,40,福勝,2024-08-23,6950
00919,群益台灣精選高息,47,9,38,福勝,2024-08-23,6950
2323,中環,46,10,36,福勝,2024-08-23,6950
4707,磐亞,30,0,30,福勝,2024-08-23,6950
3189,景碩,36,7,29,福勝,2024-08-23,6950
6244,茂迪,29,0,29,福勝,2024-08-23,6950
00878,國泰永續高股息,40,13,27,福勝,2024-08-23,6950
4545,銘鈺,26,0,26,福勝,2024-08-23,6950
2609,陽明,26,1,25,福勝,2024-08-23,6950
6133,金橋,24,2,22,福勝,2024-08-23,6950
2101,南港,21,0,21,福勝,2024-08-23,6950
1504,東元,20,0,20,福勝,2024-08-23,6950
2489,瑞軒,41,21,20,福勝,2024-08-23,6950
8096,擎亞,24,5,19,福勝,2024-08-23,6950
2834,臺企銀,18,0,18,福勝,2024-08-23,6950
2913,農林,17,0,17,福勝,2024-08-23,6950
4720,德淵,17,0,17,福勝,2024-08-23,6950
00673R,期元大S＆P原油反1,15,0,15,福勝,2024-08-23,6950
1717,長興,14,0,14,福勝,2024-08-23,6950
2363,矽統,19,5,14,福勝,2024-08-23,6950
3663,鑫科,16,2,14,福勝,2024-08-23,6950
5309,系統電,14,0,14,福勝,2024-08-23,6950
3593,力銘,13,0,13,福勝,2024-08-23,6950
5704,老爺知,13,0,13,福勝,2024-08-23,6950
6152,百一,13,0,13,福勝,2024-08-23,6950
1528,恩德,12,0,12,福勝,2024-08-23,6950
8374,羅昇,14,2,12,福勝,2024-08-23,6950
1326,台化,11,0,11,福勝,2024-08-23,6950
2344,華邦電,22,11,11,福勝,2024-08-23,6950
2303,聯電,12,1,11,福勝,2024-08-23,6950
4555,氣立,11,0,11,福勝,2024-08-23,6950
4513,福裕,11,1,10,福勝,2024-08-23,6950
1110,東泥,10,0,10,福勝,2024-08-23,6950
00931B,統一美債20年,10,0,10,福勝,2024-08-23,6950
00937B,群益ESG投等債20,11,1,10,福勝,2024-08-23,6950
1447,力鵬,10,0,10,福勝,2024-08-23,6950
2365,昆盈,14,4,10,福勝,2024-08-23,6950
3294,英濟,10,0,10,福勝,2024-08-23,6950
3710,連展投控,10,0,10,福勝,2024-08-23,6950
4906,正文,10,0,10,福勝,2024-08-23,6950
6179,亞通,10,0,10,福勝,2024-08-23,6950
1711,永光,122,9,113,福勝,2024-08-26,6950
2891,中信金,88,0,88,福勝,2024-08-26,6950
00680L,元大美債20正2,50,0,50,福勝,2024-08-26,6950
3390,旭軟,44,7,37,福勝,2024-08-26,6950
1609,大亞,37,1,36,福勝,2024-08-26,6950
00673R,期元大S＆P原油反1,35,0,35,福勝,2024-08-26,6950
3232,昱捷,35,0,35,福勝,2024-08-26,6950
2355,敬鵬,31,0,31,福勝,2024-08-26,6950
3576,聯合再生,30,0,30,福勝,2024-08-26,6950
00632R,元大台灣50反1,26,0,26,福勝,2024-08-26,6950
2489,瑞軒,56,32,24,福勝,2024-08-26,6950
8028,昇陽半導體,28,7,21,福勝,2024-08-26,6950
00923,群益台ESG低碳50,21,0,21,福勝,2024-08-26,6950
1110,東泥,20,0,20,福勝,2024-08-26,6950
00674R,期元大S＆P黃金反1,20,0,20,福勝,2024-08-26,6950
2349,錸德,26,7,19,福勝,2024-08-26,6950
1409,新纖,29,10,19,福勝,2024-08-26,6950
5309,系統電,20,1,19,福勝,2024-08-26,6950
5481,新華,20,2,18,福勝,2024-08-26,6950
00687B,國泰20年美債,18,1,17,福勝,2024-08-26,6950
3078,僑威,16,0,16,福勝,2024-08-26,6950
6257,矽格,16,0,16,福勝,2024-08-26,6950
2409,友達,60,45,15,福勝,2024-08-26,6950
1618,合機,14,0,14,福勝,2024-08-26,6950
2399,映泰,15,1,14,福勝,2024-08-26,6950
2867,三商壽,34,20,14,福勝,2024-08-26,6950
2408,南亞科,13,0,13,福勝,2024-08-26,6950
3019,亞光,18,5,13,福勝,2024-08-26,6950
3580,友威科,13,0,13,福勝,2024-08-26,6950
2323,中環,16,4,12,福勝,2024-08-26,6950
00900,富邦特選高股息30,11,0,11,福勝,2024-08-26,6950
2605,新興,20,9,11,福勝,2024-08-26,6950
4566,時碩工業,11,0,11,福勝,2024-08-26,6950
8064,東捷,16,5,11,福勝,2024-08-26,6950
5443,均豪,30,19,11,福勝,2024-08-26,6950
4306,炎洲,11,0,11,福勝,2024-08-26,6950
8112,至上,10,0,10,福勝,2024-08-26,6950
2069,運錩,10,0,10,福勝,2024-08-26,6950
2101,南港,10,0,10,福勝,2024-08-26,6950
4956,光鋐,10,0,10,福勝,2024-08-26,6950
5225,東科-KY,10,0,10,福勝,2024-08-26,6950
6863,永道-KY,15,5,10,福勝,2024-08-26,6950
3686,達能,10,0,10,福勝,2024-08-26,6950
912000,晨訊科-DR,9,0,9,福勝,2024-08-26,6950
00929,復華台灣科技優息,40,32,8,福勝,2024-08-26,6950
5903,全家,7,0,7,福勝,2024-08-26,6950
00919,群益台灣精選高息,8,1,7,福勝,2024-08-26,6950
00936,台新永續高息中小,7,0,7,福勝,2024-08-26,6950
3149,正達,7,0,7,福勝,2024-08-26,6950
3535,晶彩科,17,10,7,福勝,2024-08-26,6950
2610,華航,252,0,252,福勝,2024-08-27,6950
3481,群創,178,99,79,福勝,2024-08-27,6950
2891,中信金,67,7,60,福勝,2024-08-27,6950
8070,長華*,62,7,55,福勝,2024-08-27,6950
00919,群益台灣精選高息,47,0,47,福勝,2024-08-27,6950
6244,茂迪,55,10,45,福勝,2024-08-27,6950
2609,陽明,46,5,41,福勝,2024-08-27,6950
1409,新纖,40,0,40,福勝,2024-08-27,6950
3149,正達,39,3,36,福勝,2024-08-27,6950
1110,東泥,35,0,35,福勝,2024-08-27,6950
3390,旭軟,36,2,34,福勝,2024-08-27,6950
2317,鴻海,37,5,32,福勝,2024-08-27,6950
00878,國泰永續高股息,24,0,24,福勝,2024-08-27,6950
00772B,中信高評級公司債,24,0,24,福勝,2024-08-27,6950
2365,昆盈,36,12,24,福勝,2024-08-27,6950
2883,凱基金,25,4,21,福勝,2024-08-27,6950
2355,敬鵬,21,0,21,福勝,2024-08-27,6950
2324,仁寶,20,0,20,福勝,2024-08-27,6950
3033,威健,20,0,20,福勝,2024-08-27,6950
2615,萬海,23,3,20,福勝,2024-08-27,6950
4906,正文,23,4,19,福勝,2024-08-27,6950
1101,台泥,16,0,16,福勝,2024-08-27,6950
2887,台新金,19,3,16,福勝,2024-08-27,6950
5903,全家,16,0,16,福勝,2024-08-27,6950
1560,中砂,15,0,15,福勝,2024-08-27,6950
2417,圓剛,16,1,15,福勝,2024-08-27,6950
9902,台火,15,0,15,福勝,2024-08-27,6950
2834,臺企銀,12,0,12,福勝,2024-08-27,6950
6218,豪勉,14,2,12,福勝,2024-08-27,6950
00679B,元大美債20年,12,0,12,福勝,2024-08-27,6950
2382,廣達,14,3,11,福勝,2024-08-27,6950
2506,太設,11,0,11,福勝,2024-08-27,6950
6152,百一,18,7,11,福勝,2024-08-27,6950
2603,長榮,15,4,11,福勝,2024-08-27,6950
00673R,期元大S＆P原油反1,10,0,10,福勝,2024-08-27,6950
1605,華新,10,0,10,福勝,2024-08-27,6950
1710,東聯,10,0,10,福勝,2024-08-27,6950
2344,華邦電,10,0,10,福勝,2024-08-27,6950
4139,馬光-KY,10,0,10,福勝,2024-08-27,6950
5309,系統電,10,0,10,福勝,2024-08-27,6950
00751B,元大AAA至A公司債,9,0,9,福勝,2024-08-27,6950
1711,永光,69,60,9,福勝,2024-08-27,6950
5364,力麗店,9,0,9,福勝,2024-08-27,6950
1301,台塑,8,0,8,福勝,2024-08-27,6950
2208,台船,13,5,8,福勝,2024-08-27,6950
2374,佳能,8,0,8,福勝,2024-08-27,6950
2634,漢翔,8,0,8,福勝,2024-08-27,6950
3652,精聯,9,1,8,福勝,2024-08-27,6950
4513,福裕,12,4,8,福勝,2024-08-27,6950
00687B,國泰20年美債,7,0,7,福勝,2024-08-27,6950
00720B,元大投資級公司債,109,0,109,福勝,2024-08-28,6950
3481,群創,162,69,93,福勝,2024-08-28,6950
2834,臺企銀,75,5,70,福勝,2024-08-28,6950
6244,茂迪,69,0,69,福勝,2024-08-28,6950
00632R,元大台灣50反1,50,0,50,福勝,2024-08-28,6950
2812,台中銀,50,0,50,福勝,2024-08-28,6950
8039,台虹,53,7,46,福勝,2024-08-28,6950
3673,TPK-KY,36,3,33,福勝,2024-08-28,6950
2367,燿華,35,3,32,福勝,2024-08-28,6950
2382,廣達,33,7,26,福勝,2024-08-28,6950
2891,中信金,31,5,26,福勝,2024-08-28,6950
00918,大華優利高填息30,24,0,24,福勝,2024-08-28,6950
2359,所羅門,26,2,24,福勝,2024-08-28,6950
1905,華紙,23,0,23,福勝,2024-08-28,6950
2401,凌陽,21,0,21,福勝,2024-08-28,6950
2409,友達,21,1,20,福勝,2024-08-28,6950
2820,華票,20,0,20,福勝,2024-08-28,6950
2883B,凱基金乙特,30,10,20,福勝,2024-08-28,6950
00919,群益台灣精選高息,18,0,18,福勝,2024-08-28,6950
3390,旭軟,16,0,16,福勝,2024-08-28,6950
00929,復華台灣科技優息,20,5,15,福勝,2024-08-28,6950
1409,新纖,15,0,15,福勝,2024-08-28,6950
2406,國碩,20,5,15,福勝,2024-08-28,6950
4564,元翎,15,0,15,福勝,2024-08-28,6950
4540,全球傳動,15,1,14,福勝,2024-08-28,6950
2354,鴻準,15,1,14,福勝,2024-08-28,6950
1711,永光,59,45,14,福勝,2024-08-28,6950
2419,仲琦,15,1,14,福勝,2024-08-28,6950
00878,國泰永續高股息,20,7,13,福勝,2024-08-28,6950
1618,合機,13,0,13,福勝,2024-08-28,6950
2464,盟立,28,15,13,福勝,2024-08-28,6950
00687B,國泰20年美債,12,0,12,福勝,2024-08-28,6950
00959B,大華投等美債15Y+,12,0,12,福勝,2024-08-28,6950
2301,光寶科,11,0,11,福勝,2024-08-28,6950
2845,遠東銀,11,0,11,福勝,2024-08-28,6950
3455,由田,20,9,11,福勝,2024-08-28,6950
6505,台塑化,11,0,11,福勝,2024-08-28,6950
8028,昇陽半導體,37,27,10,福勝,2024-08-28,6950
2501,國建,11,1,10,福勝,2024-08-28,6950
2505,國揚,10,0,10,福勝,2024-08-28,6950
3062,建漢,14,4,10,福勝,2024-08-28,6950
4306,炎洲,10,0,10,福勝,2024-08-28,6950
5512,力麒,10,0,10,福勝,2024-08-28,6950
5876,上海商銀,10,0,10,福勝,2024-08-28,6950
5905,南仁湖,10,0,10,福勝,2024-08-28,6950
8064,東捷,17,7,10,福勝,2024-08-28,6950
2324,仁寶,12,3,9,福勝,2024-08-28,6950
6116,彩晶,9,0,9,福勝,2024-08-28,6950
8111,立��,17,8,9,福勝,2024-08-28,6950
5443,均豪,26,17,9,福勝,2024-08-28,6950
3390,旭軟,83,0,83,福勝,2024-08-29,6950
00664R,國泰臺灣加權反1,80,20,60,福勝,2024-08-29,6950
2891,中信金,52,2,50,福勝,2024-08-29,6950
8096,擎亞,61,25,36,福勝,2024-08-29,6950
2834,臺企銀,32,0,32,福勝,2024-08-29,6950
2812,台中銀,30,0,30,福勝,2024-08-29,6950
1708,東鹼,27,1,26,福勝,2024-08-29,6950
1110,東泥,25,0,25,福勝,2024-08-29,6950
00687B,國泰20年美債,24,0,24,福勝,2024-08-29,6950
2406,國碩,24,0,24,福勝,2024-08-29,6950
3455,由田,32,10,22,福勝,2024-08-29,6950
00959B,大華投等美債15Y+,20,0,20,福勝,2024-08-29,6950
1604,聲寶,20,0,20,福勝,2024-08-29,6950
6244,茂迪,18,0,18,福勝,2024-08-29,6950
1609,大亞,22,5,17,福勝,2024-08-29,6950
2337,旺宏,20,3,17,福勝,2024-08-29,6950
00919,群益台灣精選高息,16,0,16,福勝,2024-08-29,6950
2401,凌陽,14,0,14,福勝,2024-08-29,6950
4510,高鋒,22,8,14,福勝,2024-08-29,6950
1560,中砂,15,2,13,福勝,2024-08-29,6950
8070,長華*,14,1,13,福勝,2024-08-29,6950
8064,東捷,14,2,12,福勝,2024-08-29,6950
1504,東元,12,0,12,福勝,2024-08-29,6950
3054,立萬利,12,0,12,福勝,2024-08-29,6950
3289,宜特,16,4,12,福勝,2024-08-29,6950
1326,台化,11,0,11,福勝,2024-08-29,6950
1528,恩德,11,0,11,福勝,2024-08-29,6950
5309,系統電,11,0,11,福勝,2024-08-29,6950
8085,福華,13,2,11,福勝,2024-08-29,6950
2330,台積電,11,1,10,福勝,2024-08-29,6950
00679B,元大美債20年,10,0,10,福勝,2024-08-29,6950
1709,和益,10,0,10,福勝,2024-08-29,6950
2371,大同,30,20,10,福勝,2024-08-29,6950
2542,興富發,10,0,10,福勝,2024-08-29,6950
2883B,凱基金乙特,10,0,10,福勝,2024-08-29,6950
5225,東科-KY,10,0,10,福勝,2024-08-29,6950
6170,統振,10,0,10,福勝,2024-08-29,6950
6603,富強鑫,16,6,10,福勝,2024-08-29,6950
3481,群創,32,22,10,福勝,2024-08-29,6950
00937B,群益ESG投等債20,9,0,9,福勝,2024-08-29,6950
1721,三晃,12,3,9,福勝,2024-08-29,6950
3339,泰谷,10,1,9,福勝,2024-08-29,6950
4906,正文,13,4,9,福勝,2024-08-29,6950
8021,尖點,9,0,9,福勝,2024-08-29,6950
2368,金像電,11,3,8,福勝,2024-08-29,6950
6016,康和證,8,0,8,福勝,2024-08-29,6950
9105,泰金寶-DR,8,0,8,福勝,2024-08-29,6950
00918,大華優利高填息30,7,0,7,福勝,2024-08-29,6950
00642U,期元大S＆P石油,7,0,7,福勝,2024-08-29,6950
1735,日勝化,7,0,7,福勝,2024-08-29,6950
1785,光洋科,62,10,52,福勝,2024-08-30,6950
1217,愛之味,52,1,51,福勝,2024-08-30,6950
00680L,元大美債20正2,50,0,50,福勝,2024-08-30,6950
00919,群益台灣精選高息,42,4,38,福勝,2024-08-30,6950
6937,天虹,36,2,34,福勝,2024-08-30,6950
00687B,國泰20年美債,32,0,32,福勝,2024-08-30,6950
4510,高鋒,34,3,31,福勝,2024-08-30,6950
8155,博智,30,0,30,福勝,2024-08-30,6950
8028,昇陽半導體,35,6,29,福勝,2024-08-30,6950
6290,良維,21,0,21,福勝,2024-08-30,6950
00959B,大華投等美債15Y+,20,0,20,福勝,2024-08-30,6950
8071,能率網通,20,0,20,福勝,2024-08-30,6950
00918,大華優利高填息30,18,0,18,福勝,2024-08-30,6950
4526,東台,36,19,17,福勝,2024-08-30,6950
6215,和椿,26,9,17,福勝,2024-08-30,6950
1301,台塑,17,0,17,福勝,2024-08-30,6950
1541,錩泰,20,3,17,福勝,2024-08-30,6950
1708,東鹼,18,1,17,福勝,2024-08-30,6950
3455,由田,20,3,17,福勝,2024-08-30,6950
1711,永光,44,27,17,福勝,2024-08-30,6950
00929,復華台灣科技優息,16,1,15,福勝,2024-08-30,6950
2401,凌陽,15,0,15,福勝,2024-08-30,6950
2367,燿華,33,20,13,福勝,2024-08-30,6950
8086,宏捷科,18,5,13,福勝,2024-08-30,6950
1312,國喬,13,0,13,福勝,2024-08-30,6950
3050,鈺德,13,0,13,福勝,2024-08-30,6950
3490,單井,14,2,12,福勝,2024-08-30,6950
6218,豪勉,13,1,12,福勝,2024-08-30,6950
3013,晟銘電,17,6,11,福勝,2024-08-30,6950
2323,中環,11,0,11,福勝,2024-08-30,6950
2618,長榮航,15,4,11,福勝,2024-08-30,6950
3189,景碩,24,13,11,福勝,2024-08-30,6950
00633L,富邦上証正2,10,0,10,福勝,2024-08-30,6950
00650L,復華香港正2,10,0,10,福勝,2024-08-30,6950
00945B,凱基美國非投等債,10,0,10,福勝,2024-08-30,6950
00907,永豐優息存股,10,0,10,福勝,2024-08-30,6950
2883B,凱基金乙特,10,0,10,福勝,2024-08-30,6950
3518,柏騰,11,1,10,福勝,2024-08-30,6950
3609,三一東林,10,0,10,福勝,2024-08-30,6950
4538,大詠城,10,0,10,福勝,2024-08-30,6950
6150,撼訊,10,0,10,福勝,2024-08-30,6950
6156,松上,14,4,10,福勝,2024-08-30,6950
8064,東捷,12,2,10,福勝,2024-08-30,6950
1604,聲寶,9,0,9,福勝,2024-08-30,6950
2357,華碩,9,0,9,福勝,2024-08-30,6950
3019,亞光,10,1,9,福勝,2024-08-30,6950
3390,旭軟,10,1,9,福勝,2024-08-30,6950
4561,健椿,12,3,9,福勝,2024-08-30,6950
4958,臻鼎-KY,11,2,9,福勝,2024-08-30,6950
2409,友達,10,2,8,福勝,2024-08-30,6950
00664R,國泰臺灣加權反1,160,0,160,福勝,2024-09-02,6950
00715L,期街口布蘭特正2,85,0,85,福勝,2024-09-02,6950
00937B,群益ESG投等債20,66,3,63,福勝,2024-09-02,6950
00959B,大華投等美債15Y+,61,0,61,福勝,2024-09-02,6950
2312,金寶,61,0,61,福勝,2024-09-02,6950
00919,群益台灣精選高息,53,1,52,福勝,2024-09-02,6950
3390,旭軟,48,0,48,福勝,2024-09-02,6950
2609,陽明,46,0,46,福勝,2024-09-02,6950
2880,華南金,45,0,45,福勝,2024-09-02,6950
2891,中信金,49,5,44,福勝,2024-09-02,6950
2367,燿華,51,14,37,福勝,2024-09-02,6950
2323,中環,33,0,33,福勝,2024-09-02,6950
8028,昇陽半導體,32,0,32,福勝,2024-09-02,6950
1604,聲寶,30,0,30,福勝,2024-09-02,6950
3066,李洲,27,0,27,福勝,2024-09-02,6950
2317,鴻海,38,11,27,福勝,2024-09-02,6950
6187,萬潤,30,5,25,福勝,2024-09-02,6950
00679B,元大美債20年,23,0,23,福勝,2024-09-02,6950
2426,鼎元,26,3,23,福勝,2024-09-02,6950
2610,華航,23,0,23,福勝,2024-09-02,6950
2615,萬海,26,4,22,福勝,2024-09-02,6950
6244,茂迪,22,0,22,福勝,2024-09-02,6950
2618,長榮航,27,5,22,福勝,2024-09-02,6950
2641,正德,21,0,21,福勝,2024-09-02,6950
8064,東捷,26,5,21,福勝,2024-09-02,6950
2344,華邦電,20,0,20,福勝,2024-09-02,6950
8261,富鼎,20,0,20,福勝,2024-09-02,6950
4526,東台,26,8,18,福勝,2024-09-02,6950
4714,永捷,23,5,18,福勝,2024-09-02,6950
00918,大華優利高填息30,17,0,17,福勝,2024-09-02,6950
2406,國碩,17,0,17,福勝,2024-09-02,6950
4532,瑞智,16,0,16,福勝,2024-09-02,6950
1795,美時,15,1,14,福勝,2024-09-02,6950
4908,前鼎,16,2,14,福勝,2024-09-02,6950
2603,長榮,14,1,13,福勝,2024-09-02,6950
6152,百一,13,0,13,福勝,2024-09-02,6950
6213,聯茂,16,3,13,福勝,2024-09-02,6950
8043,蜜望實,24,11,13,福勝,2024-09-02,6950
9958,世紀鋼,11,0,11,福勝,2024-09-02,6950
00857B,永豐20年美公債,10,0,10,福勝,2024-09-02,6950
00680L,元大美債20正2,10,0,10,福勝,2024-09-02,6950
1708,東鹼,13,3,10,福勝,2024-09-02,6950
1734,杏輝,10,0,10,福勝,2024-09-02,6950
2485,兆赫,10,0,10,福勝,2024-09-02,6950
2504,國產,10,0,10,福勝,2024-09-02,6950
2542,興富發,14,4,10,福勝,2024-09-02,6950
3037,欣興,10,0,10,福勝,2024-09-02,6950
4303,信立,10,0,10,福勝,2024-09-02,6950
6573,虹揚-KY,10,0,10,福勝,2024-09-02,6950
8111,立��,14,4,10,福勝,2024-09-02,6950
00919,群益台灣精選高息,577,0,577,福勝,2024-09-03,6950
00929,復華台灣科技優息,251,107,144,福勝,2024-09-03,6950
2641,正德,100,0,100,福勝,2024-09-03,6950
0056,元大高股息,81,1,80,福勝,2024-09-03,6950
00878,國泰永續高股息,66,0,66,福勝,2024-09-03,6950
00918,大華優利高填息30,52,0,52,福勝,2024-09-03,6950
2897,王道銀行,50,0,50,福勝,2024-09-03,6950
2101,南港,45,0,45,福勝,2024-09-03,6950
2406,國碩,44,0,44,福勝,2024-09-03,6950
00937B,群益ESG投等債20,42,0,42,福勝,2024-09-03,6950
00664R,國泰臺灣加權反1,40,0,40,福勝,2024-09-03,6950
8240,華宏,36,0,36,福勝,2024-09-03,6950
2356,英業達,46,11,35,福勝,2024-09-03,6950
00637L,元大滬深300正2,31,0,31,福勝,2024-09-03,6950
1609,大亞,39,11,28,福勝,2024-09-03,6950
2543,皇昌,28,1,27,福勝,2024-09-03,6950
2323,中環,23,0,23,福勝,2024-09-03,6950
2344,華邦電,23,1,22,福勝,2024-09-03,6950
00687B,國泰20年美債,21,0,21,福勝,2024-09-03,6950
6104,創惟,20,0,20,福勝,2024-09-03,6950
9958,世紀鋼,23,3,20,福勝,2024-09-03,6950
2365,昆盈,25,6,19,福勝,2024-09-03,6950
1301,台塑,18,0,18,福勝,2024-09-03,6950
2397,友通,15,1,14,福勝,2024-09-03,6950
2002,中鋼,13,0,13,福勝,2024-09-03,6950
3548,兆利,13,0,13,福勝,2024-09-03,6950
6658,聯策,15,2,13,福勝,2024-09-03,6950
8076,伍豐,26,13,13,福勝,2024-09-03,6950
3015,全漢,12,0,12,福勝,2024-09-03,6950
4534,慶騰,16,4,12,福勝,2024-09-03,6950
3231,緯創,11,0,11,福勝,2024-09-03,6950
2374,佳能,11,0,11,福勝,2024-09-03,6950
2408,南亞科,11,0,11,福勝,2024-09-03,6950
2425,承啟,11,0,11,福勝,2024-09-03,6950
2486,一詮,18,7,11,福勝,2024-09-03,6950
2884,玉山金,11,0,11,福勝,2024-09-03,6950
8039,台虹,11,0,11,福勝,2024-09-03,6950
1313,聯成,10,0,10,福勝,2024-09-03,6950
1229,聯華,10,0,10,福勝,2024-09-03,6950
00921,兆豐龍頭等權重,10,0,10,福勝,2024-09-03,6950
1434,福懋,10,0,10,福勝,2024-09-03,6950
2845,遠東銀,10,0,10,福勝,2024-09-03,6950
5484,慧友,11,1,10,福勝,2024-09-03,6950
5876,上海商銀,10,0,10,福勝,2024-09-03,6950
8011,台通,11,1,10,福勝,2024-09-03,6950
00731,復華富時高息低波,9,0,9,福勝,2024-09-03,6950
3037,欣興,9,0,9,福勝,2024-09-03,6950
6213,聯茂,19,10,9,福勝,2024-09-03,6950
1708,東鹼,13,5,8,福勝,2024-09-03,6950
2369,菱生,8,0,8,福勝,2024-09-03,6950
00929,復華台灣科技優息,591,74,517,福勝,2024-09-04,6950
8096,擎亞,300,0,300,福勝,2024-09-04,6950
00940,元大台灣價值高息,232,0,232,福勝,2024-09-04,6950
00919,群益台灣精選高息,229,51,178,福勝,2024-09-04,6950
00687B,國泰20年美債,156,1,155,福勝,2024-09-04,6950
2337,旺宏,106,10,96,福勝,2024-09-04,6950
2883B,凱基金乙特,90,0,90,福勝,2024-09-04,6950
00918,大華優利高填息30,102,18,84,福勝,2024-09-04,6950
2897,王道銀行,80,0,80,福勝,2024-09-04,6950
00878,國泰永續高股息,78,1,77,福勝,2024-09-04,6950
2610,華航,68,10,58,福勝,2024-09-04,6950
5876,上海商銀,51,0,51,福勝,2024-09-04,6950
2382,廣達,53,2,51,福勝,2024-09-04,6950
3390,旭軟,48,0,48,福勝,2024-09-04,6950
3037,欣興,48,1,47,福勝,2024-09-04,6950
00713,元大台灣高息低波,49,3,46,福勝,2024-09-04,6950
2355,敬鵬,45,0,45,福勝,2024-09-04,6950
6226,光鼎,45,0,45,福勝,2024-09-04,6950
2406,國碩,45,2,43,福勝,2024-09-04,6950
0056,元大高股息,44,1,43,福勝,2024-09-04,6950
2344,華邦電,42,0,42,福勝,2024-09-04,6950
2002,中鋼,41,0,41,福勝,2024-09-04,6950
3481,群創,43,3,40,福勝,2024-09-04,6950
2880,華南金,35,0,35,福勝,2024-09-04,6950
2834,臺企銀,34,0,34,福勝,2024-09-04,6950
2330,台積電,37,4,33,福勝,2024-09-04,6950
00946,群益科技高息成長,34,2,32,福勝,2024-09-04,6950
2303,聯電,37,6,31,福勝,2024-09-04,6950
3035,智原,25,1,24,福勝,2024-09-04,6950
2637,慧洋-KY,24,0,24,福勝,2024-09-04,6950
4510,高鋒,93,69,24,福勝,2024-09-04,6950
00905,FT臺灣Smart,22,0,22,福勝,2024-09-04,6950
00937B,群益ESG投等債20,23,2,21,福勝,2024-09-04,6950
00715L,期街口布蘭特正2,23,2,21,福勝,2024-09-04,6950
00894,中信小資高價30,20,0,20,福勝,2024-09-04,6950
1809,中釉,20,0,20,福勝,2024-09-04,6950
2543,皇昌,25,5,20,福勝,2024-09-04,6950
0050,元大台灣50,19,0,19,福勝,2024-09-04,6950
2353,宏��,34,15,19,福勝,2024-09-04,6950
00642U,期元大S＆P石油,19,0,19,福勝,2024-09-04,6950
00915,凱基優選高股息30,19,0,19,福勝,2024-09-04,6950
00931B,統一美債20年,19,0,19,福勝,2024-09-04,6950
2489,瑞軒,24,5,19,福勝,2024-09-04,6950
00900,富邦特選高股息30,18,0,18,福勝,2024-09-04,6950
2891,中信金,30,13,17,福勝,2024-09-04,6950
2317,鴻海,55,39,16,福勝,2024-09-04,6950
1560,中砂,16,0,16,福勝,2024-09-04,6950
2408,南亞科,15,0,15,福勝,2024-09-04,6950
2832,台產,15,0,15,福勝,2024-09-04,6950
2609,陽明,23,8,15,福勝,2024-09-04,6950
00919,群益台灣精選高息,112,2,110,福勝,2024-09-05,6950
1711,永光,96,5,91,福勝,2024-09-05,6950
3576,聯合再生,63,3,60,福勝,2024-09-05,6950
00878,國泰永續高股息,56,0,56,福勝,2024-09-05,6950
1609,大亞,60,6,54,福勝,2024-09-05,6950
00632R,元大台灣50反1,50,0,50,福勝,2024-09-05,6950
2812,台中銀,50,0,50,福勝,2024-09-05,6950
00918,大華優利高填息30,47,0,47,福勝,2024-09-05,6950
2344,華邦電,70,25,45,福勝,2024-09-05,6950
00915,凱基優選高股息30,43,0,43,福勝,2024-09-05,6950
2317,鴻海,55,18,37,福勝,2024-09-05,6950
00930,永豐ESG低碳高息,36,1,35,福勝,2024-09-05,6950
3481,群創,36,3,33,福勝,2024-09-05,6950
00940,元大台灣價值高息,32,0,32,福勝,2024-09-05,6950
2368,金像電,33,2,31,福勝,2024-09-05,6950
00946,群益科技高息成長,30,0,30,福勝,2024-09-05,6950
00937B,群益ESG投等債20,29,0,29,福勝,2024-09-05,6950
00952,凱基台灣AI50,28,0,28,福勝,2024-09-05,6950
2867,三商壽,25,0,25,福勝,2024-09-05,6950
3390,旭軟,23,1,22,福勝,2024-09-05,6950
3607,谷崧,22,1,21,福勝,2024-09-05,6950
2359,所羅門,22,2,20,福勝,2024-09-05,6950
2409,友達,20,0,20,福勝,2024-09-05,6950
2543,皇昌,20,0,20,福勝,2024-09-05,6950
5531,鄉林,20,0,20,福勝,2024-09-05,6950
00929,復華台灣科技優息,44,25,19,福勝,2024-09-05,6950
2408,南亞科,18,1,17,福勝,2024-09-05,6950
1540,喬福,47,30,17,福勝,2024-09-05,6950
00715L,期街口布蘭特正2,19,3,16,福勝,2024-09-05,6950
2353,宏��,22,7,15,福勝,2024-09-05,6950
1314,中石化,16,1,15,福勝,2024-09-05,6950
8011,台通,16,1,15,福勝,2024-09-05,6950
2538,基泰,14,0,14,福勝,2024-09-05,6950
2323,中環,23,12,11,福勝,2024-09-05,6950
2338,光罩,12,1,11,福勝,2024-09-05,6950
2402,毅嘉,13,2,11,福勝,2024-09-05,6950
3260,威剛,11,0,11,福勝,2024-09-05,6950
4562,穎漢,12,1,11,福勝,2024-09-05,6950
8096,擎亞,11,0,11,福勝,2024-09-05,6950
1227,佳格,10,0,10,福勝,2024-09-05,6950
1229,聯華,10,0,10,福勝,2024-09-05,6950
1326,台化,10,0,10,福勝,2024-09-05,6950
2449,京元電子,12,2,10,福勝,2024-09-05,6950
2492,華新科,10,0,10,福勝,2024-09-05,6950
3152,璟德,10,0,10,福勝,2024-09-05,6950
3376,新日興,10,0,10,福勝,2024-09-05,6950
3714,富采,10,0,10,福勝,2024-09-05,6950
6120,達運,10,0,10,福勝,2024-09-05,6950
6509,聚和,10,0,10,福勝,2024-09-05,6950
1539,巨庭,13,4,9,福勝,2024-09-05,6950
2891,中信金,593,0,593,福勝,2024-09-06,6950
00680L,元大美債20正2,515,200,315,福勝,2024-09-06,6950
6895,宏碩系統,123,0,123,福勝,2024-09-06,6950
3293,鈊象,88,3,85,福勝,2024-09-06,6950
00919,群益台灣精選高息,80,5,75,福勝,2024-09-06,6950
6441,廣錠,72,0,72,福勝,2024-09-06,6950
3481,群創,73,2,71,福勝,2024-09-06,6950
2101,南港,60,0,60,福勝,2024-09-06,6950
00923,群益台ESG低碳50,40,2,38,福勝,2024-09-06,6950
00915,凱基優選高股息30,32,0,32,福勝,2024-09-06,6950
2538,基泰,29,0,29,福勝,2024-09-06,6950
00687B,國泰20年美債,39,12,27,福勝,2024-09-06,6950
00900,富邦特選高股息30,27,0,27,福勝,2024-09-06,6950
3437,榮創,27,0,27,福勝,2024-09-06,6950
00918,大華優利高填息30,24,0,24,福勝,2024-09-06,6950
1718,中纖,24,0,24,福勝,2024-09-06,6950
2337,旺宏,24,0,24,福勝,2024-09-06,6950
2355,敬鵬,23,0,23,福勝,2024-09-06,6950
4538,大詠城,33,11,22,福勝,2024-09-06,6950
00945B,凱基美國非投等債,20,0,20,福勝,2024-09-06,6950
00632R,元大台灣50反1,20,0,20,福勝,2024-09-06,6950
2836,高雄銀,20,0,20,福勝,2024-09-06,6950
6742,澤米,21,3,18,福勝,2024-09-06,6950
4566,時碩工業,17,1,16,福勝,2024-09-06,6950
5905,南仁湖,15,0,15,福勝,2024-09-06,6950
2610,華航,13,0,13,福勝,2024-09-06,6950
4949,有成精密,13,0,13,福勝,2024-09-06,6950
2365,昆盈,16,3,13,福勝,2024-09-06,6950
00878,國泰永續高股息,23,11,12,福勝,2024-09-06,6950
00935,野村臺灣新科技50,12,0,12,福勝,2024-09-06,6950
2002,中鋼,23,11,12,福勝,2024-09-06,6950
2313,華通,11,0,11,福勝,2024-09-06,6950
3227,原相,12,1,11,福勝,2024-09-06,6950
3607,谷崧,11,0,11,福勝,2024-09-06,6950
00940,元大台灣價值高息,10,0,10,福勝,2024-09-06,6950
3019,亞光,10,0,10,福勝,2024-09-06,6950
3339,泰谷,13,3,10,福勝,2024-09-06,6950
6156,松上,10,0,10,福勝,2024-09-06,6950
6603,富強鑫,10,0,10,福勝,2024-09-06,6950
2349,錸德,10,1,9,福勝,2024-09-06,6950
2834,臺企銀,9,0,9,福勝,2024-09-06,6950
2881,富邦金,15,7,8,福勝,2024-09-06,6950
00688L,國泰20年美債正2,11,3,8,福勝,2024-09-06,6950
1605,華新,8,0,8,福勝,2024-09-06,6950
1815,富喬,8,0,8,福勝,2024-09-06,6950
5484,慧友,8,0,8,福勝,2024-09-06,6950
6451,訊芯-KY,8,0,8,福勝,2024-09-06,6950
6274,台燿,11,4,7,福勝,2024-09-06,6950
00692,富邦公司治理,6,0,6,福勝,2024-09-06,6950
00954,中信日本半導體,6,0,6,福勝,2024-09-06,6950
00937B,群益ESG投等債20,1161,0,1161,福勝,2024-09-09,6950
00632R,元大台灣50反1,411,21,390,福勝,2024-09-09,6950
6706,惠特,245,1,244,福勝,2024-09-09,6950
00919,群益台灣精選高息,135,2,133,福勝,2024-09-09,6950
2323,中環,124,0,124,福勝,2024-09-09,6950
00878,國泰永續高股息,76,0,76,福勝,2024-09-09,6950
00915,凱基優選高股息30,76,0,76,福勝,2024-09-09,6950
00918,大華優利高填息30,70,0,70,福勝,2024-09-09,6950
2357,華碩,68,0,68,福勝,2024-09-09,6950
6770,力積電,62,1,61,福勝,2024-09-09,6950
2101,南港,50,0,50,福勝,2024-09-09,6950
1711,永光,52,3,49,福勝,2024-09-09,6950
2881,富邦金,45,3,42,福勝,2024-09-09,6950
3376,新日興,42,0,42,福勝,2024-09-09,6950
1110,東泥,40,0,40,福勝,2024-09-09,6950
0050,元大台灣50,37,1,36,福勝,2024-09-09,6950
2891,中信金,28,0,28,福勝,2024-09-09,6950
3481,群創,33,6,27,福勝,2024-09-09,6950
00929,復華台灣科技優息,67,41,26,福勝,2024-09-09,6950
2609,陽明,28,4,24,福勝,2024-09-09,6950
4743,合一,26,2,24,福勝,2024-09-09,6950
00940,元大台灣價值高息,25,2,23,福勝,2024-09-09,6950
00882,中信中國高股息,22,0,22,福勝,2024-09-09,6950
2313,華通,23,1,22,福勝,2024-09-09,6950
00642U,期元大S＆P石油,20,0,20,福勝,2024-09-09,6950
1702,南僑,20,0,20,福勝,2024-09-09,6950
2504,國產,20,0,20,福勝,2024-09-09,6950
00679B,元大美債20年,21,5,16,福勝,2024-09-09,6950
1409,新纖,15,0,15,福勝,2024-09-09,6950
2538,基泰,15,0,15,福勝,2024-09-09,6950
2832,台產,15,0,15,福勝,2024-09-09,6950
3413,京鼎,15,0,15,福勝,2024-09-09,6950
00633L,富邦上証正2,14,0,14,福勝,2024-09-09,6950
2002,中鋼,15,2,13,福勝,2024-09-09,6950
00715L,期街口布蘭特正2,15,2,13,福勝,2024-09-09,6950
2610,華航,12,0,12,福勝,2024-09-09,6950
2382,廣達,18,6,12,福勝,2024-09-09,6950
1314,中石化,11,0,11,福勝,2024-09-09,6950
4510,高鋒,12,1,11,福勝,2024-09-09,6950
2330,台積電,11,0,11,福勝,2024-09-09,6950
2353,宏��,16,6,10,福勝,2024-09-09,6950
1101,台泥,10,0,10,福勝,2024-09-09,6950
00881,國泰台灣5G+,10,0,10,福勝,2024-09-09,6950
1609,大亞,15,5,10,福勝,2024-09-09,6950
2408,南亞科,13,3,10,福勝,2024-09-09,6950
2409,友達,10,0,10,福勝,2024-09-09,6950
2615,萬海,11,1,10,福勝,2024-09-09,6950
2641,正德,10,0,10,福勝,2024-09-09,6950
2884,玉山金,10,0,10,福勝,2024-09-09,6950
3221,台嘉碩,10,0,10,福勝,2024-09-09,6950
00919,群益台灣精選高息,153,25,128,福勝,2024-09-10,6950
2409,友達,115,6,109,福勝,2024-09-10,6950
00940,元大台灣價值高息,91,10,81,福勝,2024-09-10,6950
00881,國泰台灣5G+,63,0,63,福勝,2024-09-10,6950
2542,興富發,51,0,51,福勝,2024-09-10,6950
1609,大亞,51,1,50,福勝,2024-09-10,6950
2344,華邦電,53,3,50,福勝,2024-09-10,6950
9955,佳龍,47,0,47,福勝,2024-09-10,6950
2323,中環,45,0,45,福勝,2024-09-10,6950
4510,高鋒,58,15,43,福勝,2024-09-10,6950
00915,凱基優選高股息30,42,0,42,福勝,2024-09-10,6950
2337,旺宏,35,0,35,福勝,2024-09-10,6950
2356,英業達,48,13,35,福勝,2024-09-10,6950
2002,中鋼,34,1,33,福勝,2024-09-10,6950
8390,金益鼎,32,0,32,福勝,2024-09-10,6950
1605,華新,33,2,31,福勝,2024-09-10,6950
2883,凱基金,29,0,29,福勝,2024-09-10,6950
2543,皇昌,30,3,27,福勝,2024-09-10,6950
2355,敬鵬,25,0,25,福勝,2024-09-10,6950
00687B,國泰20年美債,29,5,24,福勝,2024-09-10,6950
2317,鴻海,60,37,23,福勝,2024-09-10,6950
2382,廣達,43,20,23,福勝,2024-09-10,6950
2538,基泰,22,0,22,福勝,2024-09-10,6950
1110,東泥,20,0,20,福勝,2024-09-10,6950
00923,群益台ESG低碳50,20,0,20,福勝,2024-09-10,6950
1710,東聯,22,3,19,福勝,2024-09-10,6950
2353,宏��,35,17,18,福勝,2024-09-10,6950
1540,喬福,22,5,17,福勝,2024-09-10,6950
2357,華碩,18,3,15,福勝,2024-09-10,6950
3580,友威科,15,0,15,福勝,2024-09-10,6950
3615,安可,18,3,15,福勝,2024-09-10,6950
6213,聯茂,15,1,14,福勝,2024-09-10,6950
2405,輔信,13,0,13,福勝,2024-09-10,6950
0056,元大高股息,13,0,13,福勝,2024-09-10,6950
6244,茂迪,12,0,12,福勝,2024-09-10,6950
1513,中興電,12,1,11,福勝,2024-09-10,6950
2426,鼎元,11,0,11,福勝,2024-09-10,6950
3535,晶彩科,14,3,11,福勝,2024-09-10,6950
3715,定穎投控,19,8,11,福勝,2024-09-10,6950
5460,同協,17,6,11,福勝,2024-09-10,6950
6207,雷科,11,0,11,福勝,2024-09-10,6950
6505,台塑化,11,0,11,福勝,2024-09-10,6950
8358,金居,11,0,11,福勝,2024-09-10,6950
1618,合機,10,0,10,福勝,2024-09-10,6950
2349,錸德,12,2,10,福勝,2024-09-10,6950
2371,大同,10,0,10,福勝,2024-09-10,6950
2408,南亞科,10,0,10,福勝,2024-09-10,6950
2603,長榮,10,0,10,福勝,2024-09-10,6950
2867,三商壽,12,2,10,福勝,2024-09-10,6950
3232,昱捷,10,0,10,福勝,2024-09-10,6950
00953B,群益優選非投等債,501,0,501,福勝,2024-09-11,6950
00715L,期街口布蘭特正2,163,64,99,福勝,2024-09-11,6950
00929,復華台灣科技優息,80,0,80,福勝,2024-09-11,6950
2889,國票金,40,0,40,福勝,2024-09-11,6950
2834,臺企銀,36,0,36,福勝,2024-09-11,6950
0056,元大高股息,40,7,33,福勝,2024-09-11,6950
2353,宏��,34,1,33,福勝,2024-09-11,6950
3360,尚立,53,20,33,福勝,2024-09-11,6950
3686,達能,30,0,30,福勝,2024-09-11,6950
00900,富邦特選高股息30,29,0,29,福勝,2024-09-11,6950
00878,國泰永續高股息,41,14,27,福勝,2024-09-11,6950
00923,群益台ESG低碳50,23,0,23,福勝,2024-09-11,6950
2883,凱基金,22,0,22,福勝,2024-09-11,6950
00919,群益台灣精選高息,97,77,20,福勝,2024-09-11,6950
00713,元大台灣高息低波,20,0,20,福勝,2024-09-11,6950
2883B,凱基金乙特,20,0,20,福勝,2024-09-11,6950
6139,亞翔,21,1,20,福勝,2024-09-11,6950
00915,凱基優選高股息30,19,0,19,福勝,2024-09-11,6950
2882A,國泰特,19,0,19,福勝,2024-09-11,6950
00881,國泰台灣5G+,18,0,18,福勝,2024-09-11,6950
1312,國喬,18,0,18,福勝,2024-09-11,6950
3607,谷崧,19,2,17,福勝,2024-09-11,6950
4949,有成精密,17,0,17,福勝,2024-09-11,6950
2891,中信金,31,15,16,福勝,2024-09-11,6950
6873,泓德能源,16,0,16,福勝,2024-09-11,6950
1522,堤維西,16,0,16,福勝,2024-09-11,6950
1584,精剛,12,0,12,福勝,2024-09-11,6950
2405,輔信,17,5,12,福勝,2024-09-11,6950
00688L,國泰20年美債正2,11,0,11,福勝,2024-09-11,6950
8076,伍豐,15,4,11,福勝,2024-09-11,6950
3056,富華新,10,0,10,福勝,2024-09-11,6950
00650L,復華香港正2,10,0,10,福勝,2024-09-11,6950
00946,群益科技高息成長,10,0,10,福勝,2024-09-11,6950
1597,直得,10,0,10,福勝,2024-09-11,6950
2014,中鴻,10,0,10,福勝,2024-09-11,6950
2331,精英,10,0,10,福勝,2024-09-11,6950
3062,建漢,16,6,10,福勝,2024-09-11,6950
6547,高端疫苗,10,0,10,福勝,2024-09-11,6950
8105,凌巨,10,0,10,福勝,2024-09-11,6950
2367,燿華,9,0,9,福勝,2024-09-11,6950
2887,台新金,11,2,9,福勝,2024-09-11,6950
4566,時碩工業,9,0,9,福勝,2024-09-11,6950
5521,工信,10,1,9,福勝,2024-09-11,6950
00882,中信中國高股息,8,0,8,福勝,2024-09-11,6950
2349,錸德,13,5,8,福勝,2024-09-11,6950
3707,漢磊,10,2,8,福勝,2024-09-11,6950
3714,富采,8,0,8,福勝,2024-09-11,6950
6133,金橋,10,2,8,福勝,2024-09-11,6950
4513,福裕,7,0,7,福勝,2024-09-11,6950
1101,台泥,6,0,6,福勝,2024-09-11,6950
00632R,元大台灣50反1,1080,0,1080,福勝,2024-09-12,6950
00953B,群益優選非投等債,500,0,500,福勝,2024-09-12,6950
3481,群創,274,28,246,福勝,2024-09-12,6950
00919,群益台灣精選高息,45,0,45,福勝,2024-09-12,6950
2881,富邦金,42,3,39,福勝,2024-09-12,6950
00687B,國泰20年美債,73,35,38,福勝,2024-09-12,6950
00929,復華台灣科技優息,46,10,36,福勝,2024-09-12,6950
00915,凱基優選高股息30,36,0,36,福勝,2024-09-12,6950
00713,元大台灣高息低波,34,0,34,福勝,2024-09-12,6950
2353,宏��,35,4,31,福勝,2024-09-12,6950
1110,東泥,30,0,30,福勝,2024-09-12,6950
00673R,期元大S＆P原油反1,30,0,30,福勝,2024-09-12,6950
2867,三商壽,30,0,30,福勝,2024-09-12,6950
6152,百一,33,4,29,福勝,2024-09-12,6950
2887,台新金,25,0,25,福勝,2024-09-12,6950
0056,元大高股息,24,0,24,福勝,2024-09-12,6950
2363,矽統,25,2,23,福勝,2024-09-12,6950
2449,京元電子,39,18,21,福勝,2024-09-12,6950
2027,大成鋼,20,0,20,福勝,2024-09-12,6950
3049,精金,20,0,20,福勝,2024-09-12,6950
2340,台亞,18,0,18,福勝,2024-09-12,6950
3017,奇鋐,22,5,17,福勝,2024-09-12,6950
00878,國泰永續高股息,17,0,17,福勝,2024-09-12,6950
00939,統一台灣高息動能,20,5,15,福勝,2024-09-12,6950
4561,健椿,16,1,15,福勝,2024-09-12,6950
00679B,元大美債20年,15,1,14,福勝,2024-09-12,6950
00933B,國泰10Y+金融債,14,0,14,福勝,2024-09-12,6950
2489,瑞軒,20,6,14,福勝,2024-09-12,6950
6244,茂迪,13,0,13,福勝,2024-09-12,6950
2543,皇昌,11,0,11,福勝,2024-09-12,6950
00918,大華優利高填息30,11,0,11,福勝,2024-09-12,6950
00932,兆豐永續高息等權,11,0,11,福勝,2024-09-12,6950
2347,聯強,11,0,11,福勝,2024-09-12,6950
00942B,台新美A公司債20+,10,0,10,福勝,2024-09-12,6950
2515,中工,10,0,10,福勝,2024-09-12,6950
2883B,凱基金乙特,10,0,10,福勝,2024-09-12,6950
6118,建達,10,0,10,福勝,2024-09-12,6950
2323,中環,10,1,9,福勝,2024-09-12,6950
3033,威健,9,0,9,福勝,2024-09-12,6950
6187,萬潤,12,3,9,福勝,2024-09-12,6950
4534,慶騰,8,0,8,福勝,2024-09-12,6950
2401,凌陽,7,0,7,福勝,2024-09-12,6950
3356,奇偶,7,0,7,福勝,2024-09-12,6950
4979,華星光,13,7,6,福勝,2024-09-12,6950
1524,耿鼎,6,0,6,福勝,2024-09-12,6950
2641,正德,6,0,6,福勝,2024-09-12,6950
3663,鑫科,7,1,6,福勝,2024-09-12,6950
4729,熒茂,8,2,6,福勝,2024-09-12,6950
6282,康舒,10,4,6,福勝,2024-09-12,6950
6290,良維,6,0,6,福勝,2024-09-12,6950
00933B,國泰10Y+金融債,106,0,106,福勝,2024-09-13,6950
2409,友達,100,2,98,福勝,2024-09-13,6950
3033,威健,101,4,97,福勝,2024-09-13,6950
00919,群益台灣精選高息,53,0,53,福勝,2024-09-13,6950
00632R,元大台灣50反1,51,0,51,福勝,2024-09-13,6950
4510,高鋒,54,4,50,福勝,2024-09-13,6950
00687B,國泰20年美債,47,0,47,福勝,2024-09-13,6950
1608,華榮,45,0,45,福勝,2024-09-13,6950
00918,大華優利高填息30,37,0,37,福勝,2024-09-13,6950
2897,王道銀行,32,0,32,福勝,2024-09-13,6950
00637L,元大滬深300正2,30,0,30,福勝,2024-09-13,6950
00953B,群益優選非投等債,30,0,30,福勝,2024-09-13,6950
2362,藍天,30,0,30,福勝,2024-09-13,6950
3522,御嵿,30,0,30,福勝,2024-09-13,6950
2881,富邦金,38,10,28,福勝,2024-09-13,6950
3607,谷崧,28,3,25,福勝,2024-09-13,6950
3481,群創,38,15,23,福勝,2024-09-13,6950
3013,晟銘電,30,8,22,福勝,2024-09-13,6950
6244,茂迪,20,0,20,福勝,2024-09-13,6950
6257,矽格,20,0,20,福勝,2024-09-13,6950
00929,復華台灣科技優息,23,4,19,福勝,2024-09-13,6950
9958,世紀鋼,20,1,19,福勝,2024-09-13,6950
1540,喬福,25,8,17,福勝,2024-09-13,6950
2641,正德,16,0,16,福勝,2024-09-13,6950
5536,聖暉*,15,0,15,福勝,2024-09-13,6950
6838,台新藥,15,0,15,福勝,2024-09-13,6950
2356,英業達,16,3,13,福勝,2024-09-13,6950
00664R,國泰臺灣加權反1,12,0,12,福勝,2024-09-13,6950
6152,百一,35,23,12,福勝,2024-09-13,6950
00891,中信關鍵半導體,11,0,11,福勝,2024-09-13,6950
2062,橋椿,20,9,11,福勝,2024-09-13,6950
2449,京元電子,13,2,11,福勝,2024-09-13,6950
2308,台達電,10,0,10,福勝,2024-09-13,6950
4949,有成精密,10,0,10,福勝,2024-09-13,6950
4958,臻鼎-KY,10,0,10,福勝,2024-09-13,6950
6147,頎邦,10,0,10,福勝,2024-09-13,6950
8047,星雲,10,0,10,福勝,2024-09-13,6950
00881,國泰台灣5G+,9,0,9,福勝,2024-09-13,6950
5398,慕康生醫,9,0,9,福勝,2024-09-13,6950
6770,力積電,10,1,9,福勝,2024-09-13,6950
00937B,群益ESG投等債20,10,2,8,福勝,2024-09-13,6950
3550,聯穎,13,5,8,福勝,2024-09-13,6950
00878,國泰永續高股息,6,0,6,福勝,2024-09-13,6950
3711,日月光投控,5,0,5,福勝,2024-09-13,6950
00830,國泰費城半導體,5,0,5,福勝,2024-09-13,6950
1514,亞力,5,0,5,福勝,2024-09-13,6950
1617,榮星,5,0,5,福勝,2024-09-13,6950
2034,允強,5,0,5,福勝,2024-09-13,6950
2303,聯電,11,6,5,福勝,2024-09-13,6950
2354,鴻準,10,5,5,福勝,2024-09-13,6950
00953B,群益優選非投等債,1015,0,1015,福勝,2024-09-16,6950
3481,群創,358,77,281,福勝,2024-09-16,6950
00919,群益台灣精選高息,101,10,91,福勝,2024-09-16,6950
2882,國泰金,73,0,73,福勝,2024-09-16,6950
00712,復華富時不動產,70,6,64,福勝,2024-09-16,6950
2882A,國泰特,45,0,45,福勝,2024-09-16,6950
2834,臺企銀,36,1,35,福勝,2024-09-16,6950
2349,錸德,95,60,35,福勝,2024-09-16,6950
2324,仁寶,33,1,32,福勝,2024-09-16,6950
3231,緯創,33,1,32,福勝,2024-09-16,6950
3522,御嵿,31,0,31,福勝,2024-09-16,6950
00959B,大華投等美債15Y+,30,0,30,福勝,2024-09-16,6950
00929,復華台灣科技優息,31,2,29,福勝,2024-09-16,6950
2881,富邦金,26,0,26,福勝,2024-09-16,6950
00772B,中信高評級公司債,25,0,25,福勝,2024-09-16,6950
2609,陽明,26,2,24,福勝,2024-09-16,6950
00679B,元大美債20年,23,0,23,福勝,2024-09-16,6950
2431,聯昌,23,0,23,福勝,2024-09-16,6950
00891,中信關鍵半導體,20,0,20,福勝,2024-09-16,6950
2515,中工,21,2,19,福勝,2024-09-16,6950
00940,元大台灣價值高息,18,0,18,福勝,2024-09-16,6950
00900,富邦特選高股息30,17,0,17,福勝,2024-09-16,6950
6152,百一,26,10,16,福勝,2024-09-16,6950
2337,旺宏,25,10,15,福勝,2024-09-16,6950
6187,萬潤,15,2,13,福勝,2024-09-16,6950
00673R,期元大S＆P原油反1,13,0,13,福勝,2024-09-16,6950
8028,昇陽半導體,14,1,13,福勝,2024-09-16,6950
4726,永昕,11,0,11,福勝,2024-09-16,6950
5521,工信,11,0,11,福勝,2024-09-16,6950
8096,擎亞,16,5,11,福勝,2024-09-16,6950
3290,東浦,13,3,10,福勝,2024-09-16,6950
00918,大華優利高填息30,25,15,10,福勝,2024-09-16,6950
2331,精英,10,0,10,福勝,2024-09-16,6950
2367,燿華,13,3,10,福勝,2024-09-16,6950
5230,雷笛克光學,11,1,10,福勝,2024-09-16,6950
5460,同協,10,0,10,福勝,2024-09-16,6950
8249,菱光,10,0,10,福勝,2024-09-16,6950
2353,宏��,10,1,9,福勝,2024-09-16,6950
3437,榮創,9,0,9,福勝,2024-09-16,6950
1540,喬福,21,13,8,福勝,2024-09-16,6950
4510,高鋒,24,16,8,福勝,2024-09-16,6950
006208,富邦台50,7,0,7,福勝,2024-09-16,6950
2498,宏達電,7,0,7,福勝,2024-09-16,6950
3002,歐格,7,0,7,福勝,2024-09-16,6950
4562,穎漢,7,0,7,福勝,2024-09-16,6950
5452,佶優,7,0,7,福勝,2024-09-16,6950
2543,皇昌,20,13,7,福勝,2024-09-16,6950
00878,國泰永續高股息,11,5,6,福勝,2024-09-16,6950
1444,力麗,6,0,6,福勝,2024-09-16,6950
2033,佳大,6,0,6,福勝,2024-09-16,6950
00919,群益台灣精選高息,87,5,82,福勝,2024-09-18,6950
2355,敬鵬,77,0,77,福勝,2024-09-18,6950
2317,鴻海,81,5,76,福勝,2024-09-18,6950
3221,台嘉碩,60,0,60,福勝,2024-09-18,6950
8028,昇陽半導體,54,3,51,福勝,2024-09-18,6950
2344,華邦電,51,1,50,福勝,2024-09-18,6950
00931B,統一美債20年,48,0,48,福勝,2024-09-18,6950
00918,大華優利高填息30,47,1,46,福勝,2024-09-18,6950
8076,伍豐,46,1,45,福勝,2024-09-18,6950
00929,復華台灣科技優息,44,0,44,福勝,2024-09-18,6950
3024,憶聲,36,0,36,福勝,2024-09-18,6950
2303,聯電,34,0,34,福勝,2024-09-18,6950
2313,華通,32,2,30,福勝,2024-09-18,6950
2362,藍天,30,0,30,福勝,2024-09-18,6950
3522,御嵿,30,1,29,福勝,2024-09-18,6950
3033,威健,28,1,27,福勝,2024-09-18,6950
00687B,國泰20年美債,32,6,26,福勝,2024-09-18,6950
2867,三商壽,24,1,23,福勝,2024-09-18,6950
00679B,元大美債20年,24,2,22,福勝,2024-09-18,6950
3141,晶宏,21,0,21,福勝,2024-09-18,6950
00637L,元大滬深300正2,20,0,20,福勝,2024-09-18,6950
00891,中信關鍵半導體,20,0,20,福勝,2024-09-18,6950
00882,中信中國高股息,20,0,20,福勝,2024-09-18,6950
4545,銘鈺,20,0,20,福勝,2024-09-18,6950
00915,凱基優選高股息30,19,0,19,福勝,2024-09-18,6950
2889,國票金,18,0,18,福勝,2024-09-18,6950
3714,富采,17,0,17,福勝,2024-09-18,6950
2888,新光金,64,47,17,福勝,2024-09-18,6950
00881,國泰台灣5G+,18,2,16,福勝,2024-09-18,6950
1314,中石化,20,4,16,福勝,2024-09-18,6950
1709,和益,26,10,16,福勝,2024-09-18,6950
3218,大學光,21,5,16,福勝,2024-09-18,6950
4533,協易機,16,0,16,福勝,2024-09-18,6950
2882A,國泰特,15,0,15,福勝,2024-09-18,6950
5521,工信,15,0,15,福勝,2024-09-18,6950
00943,兆豐電子高息等權,14,0,14,福勝,2024-09-18,6950
2349,錸德,35,21,14,福勝,2024-09-18,6950
3289,宜特,19,5,14,福勝,2024-09-18,6950
00730,富邦臺灣優質高息,13,0,13,福勝,2024-09-18,6950
1776,展宇,13,0,13,福勝,2024-09-18,6950
3354,律勝,13,0,13,福勝,2024-09-18,6950
5905,南仁湖,13,0,13,福勝,2024-09-18,6950
6104,創惟,16,3,13,福勝,2024-09-18,6950
6213,聯茂,13,0,13,福勝,2024-09-18,6950
00946,群益科技高息成長,12,0,12,福勝,2024-09-18,6950
2356,英業達,13,2,11,福勝,2024-09-18,6950
2312,金寶,14,3,11,福勝,2024-09-18,6950
2374,佳能,12,1,11,福勝,2024-09-18,6950
6152,百一,24,13,11,福勝,2024-09-18,6950
8033,雷虎,14,3,11,福勝,2024-09-18,6950
00929,復華台灣科技優息,135,2,133,福勝,2024-09-19,6950
00937B,群益ESG投等債20,71,1,70,福勝,2024-09-19,6950
00706L,期元大S＆P日圓正2,40,0,40,福勝,2024-09-19,6950
4545,銘鈺,40,0,40,福勝,2024-09-19,6950
00687B,國泰20年美債,34,3,31,福勝,2024-09-19,6950
3221,台嘉碩,34,5,29,福勝,2024-09-19,6950
1312,國喬,27,0,27,福勝,2024-09-19,6950
00900,富邦特選高股息30,26,0,26,福勝,2024-09-19,6950
1110,東泥,25,0,25,福勝,2024-09-19,6950
1718,中纖,25,0,25,福勝,2024-09-19,6950
00946,群益科技高息成長,22,0,22,福勝,2024-09-19,6950
1514,亞力,23,1,22,福勝,2024-09-19,6950
1711,永光,32,12,20,福勝,2024-09-19,6950
2303,聯電,22,2,20,福勝,2024-09-19,6950
1301,台塑,20,1,19,福勝,2024-09-19,6950
6443,元晶,21,2,19,福勝,2024-09-19,6950
00673R,期元大S＆P原油反1,18,0,18,福勝,2024-09-19,6950
00679B,元大美債20年,17,0,17,福勝,2024-09-19,6950
5460,同協,17,0,17,福勝,2024-09-19,6950
2426,鼎元,17,1,16,福勝,2024-09-19,6950
00893,國泰智能電動車,15,0,15,福勝,2024-09-19,6950
8996,高力,17,3,14,福勝,2024-09-19,6950
6148,驊宏資,14,0,14,福勝,2024-09-19,6950
6643,M31,14,0,14,福勝,2024-09-19,6950
00918,大華優利高填息30,19,5,14,福勝,2024-09-19,6950
2374,佳能,17,4,13,福勝,2024-09-19,6950
00958B,永豐ESG銀行債15,12,0,12,福勝,2024-09-19,6950
00680L,元大美債20正2,12,0,12,福勝,2024-09-19,6950
1540,喬福,27,15,12,福勝,2024-09-19,6950
1727,中華化,14,2,12,福勝,2024-09-19,6950
00857B,永豐20年美公債,11,0,11,福勝,2024-09-19,6950
2355,敬鵬,11,0,11,福勝,2024-09-19,6950
00949,復華日本龍頭,10,0,10,福勝,2024-09-19,6950
00637L,元大滬深300正2,10,0,10,福勝,2024-09-19,6950
2542,興富發,10,0,10,福勝,2024-09-19,6950
3021,鴻名,10,0,10,福勝,2024-09-19,6950
4401,東隆興,10,0,10,福勝,2024-09-19,6950
2888,新光金,40,31,9,福勝,2024-09-19,6950
8104,錸寶,10,1,9,福勝,2024-09-19,6950
4541,晟田,8,0,8,福勝,2024-09-19,6950
1519,華城,11,3,8,福勝,2024-09-19,6950
2349,錸德,22,15,7,福勝,2024-09-19,6950
2891,中信金,22,15,7,福勝,2024-09-19,6950
3430,奇鈦科,7,0,7,福勝,2024-09-19,6950
00713,元大台灣高息低波,6,0,6,福勝,2024-09-19,6950
1785,光洋科,40,34,6,福勝,2024-09-19,6950
2243,宏旭-KY,6,0,6,福勝,2024-09-19,6950
2313,華通,7,1,6,福勝,2024-09-19,6950
3583,辛耘,10,4,6,福勝,2024-09-19,6950
3652,精聯,6,0,6,福勝,2024-09-19,6950
00929,復華台灣科技優息,123,0,123,福勝,2024-09-20,6950
00958B,永豐ESG銀行債15,73,0,73,福勝,2024-09-20,6950
1802,台玻,52,2,50,福勝,2024-09-20,6950
00900,富邦特選高股息30,44,0,44,福勝,2024-09-20,6950
2538,基泰,42,0,42,福勝,2024-09-20,6950
00687B,國泰20年美債,40,0,40,福勝,2024-09-20,6950
6164,華興,40,0,40,福勝,2024-09-20,6950
2399,映泰,61,23,38,福勝,2024-09-20,6950
1540,喬福,47,10,37,福勝,2024-09-20,6950
00664R,國泰臺灣加權反1,36,0,36,福勝,2024-09-20,6950
3607,谷崧,33,0,33,福勝,2024-09-20,6950
3049,精金,69,36,33,福勝,2024-09-20,6950
2888,新光金,46,15,31,福勝,2024-09-20,6950
2504,國產,31,0,31,福勝,2024-09-20,6950
00960,野村全球航運龍頭,30,0,30,福勝,2024-09-20,6950
00915,凱基優選高股息30,29,0,29,福勝,2024-09-20,6950
6104,創惟,33,5,28,福勝,2024-09-20,6950
2101,南港,22,0,22,福勝,2024-09-20,6950
3390,旭軟,27,5,22,福勝,2024-09-20,6950
4510,高鋒,40,18,22,福勝,2024-09-20,6950
9105,泰金寶-DR,22,0,22,福勝,2024-09-20,6950
00919,群益台灣精選高息,123,102,21,福勝,2024-09-20,6950
00891,中信關鍵半導體,21,0,21,福勝,2024-09-20,6950
3202,樺晟,23,2,21,福勝,2024-09-20,6950
2344,華邦電,52,32,20,福勝,2024-09-20,6950
8111,立��,21,4,17,福勝,2024-09-20,6950
2609,陽明,31,14,17,福勝,2024-09-20,6950
6288,聯嘉,16,0,16,福勝,2024-09-20,6950
4561,健椿,18,2,16,福勝,2024-09-20,6950
1608,華榮,15,0,15,福勝,2024-09-20,6950
2505,國揚,14,0,14,福勝,2024-09-20,6950
3105,穩懋,13,0,13,福勝,2024-09-20,6950
00918,大華優利高填息30,22,10,12,福勝,2024-09-20,6950
1709,和益,12,0,12,福勝,2024-09-20,6950
2464,盟立,26,14,12,福勝,2024-09-20,6950
3062,建漢,19,7,12,福勝,2024-09-20,6950
3711,日月光投控,21,9,12,福勝,2024-09-20,6950
5481,新華,25,13,12,福勝,2024-09-20,6950
6279,胡連,15,3,12,福勝,2024-09-20,6950
3056,富華新,12,0,12,福勝,2024-09-20,6950
00680L,元大美債20正2,11,0,11,福勝,2024-09-20,6950
1805,寶徠,11,0,11,福勝,2024-09-20,6950
2520,冠德,11,0,11,福勝,2024-09-20,6950
3550,聯穎,11,0,11,福勝,2024-09-20,6950
4576,大銀微系統,11,0,11,福勝,2024-09-20,6950
00942B,台新美A公司債20+,10,0,10,福勝,2024-09-20,6950
00857B,永豐20年美公債,10,0,10,福勝,2024-09-20,6950
1110,東泥,10,0,10,福勝,2024-09-20,6950
2355,敬鵬,10,0,10,福勝,2024-09-20,6950
2547,日勝生,10,0,10,福勝,2024-09-20,6950
4707,磐亞,102,3,99,福勝,2024-09-23,6950
00919,群益台灣精選高息,95,5,90,福勝,2024-09-23,6950
00900,富邦特選高股息30,52,0,52,福勝,2024-09-23,6950
00929,復華台灣科技優息,48,3,45,福勝,2024-09-23,6950
2543,皇昌,51,6,45,福勝,2024-09-23,6950
00937B,群益ESG投等債20,40,1,39,福勝,2024-09-23,6950
2883B,凱基金乙特,30,0,30,福勝,2024-09-23,6950
4510,高鋒,52,23,29,福勝,2024-09-23,6950
1314,中石化,25,0,25,福勝,2024-09-23,6950
1711,永光,31,8,23,福勝,2024-09-23,6950
00696B,富邦美債20年,20,0,20,福勝,2024-09-23,6950
2547,日勝生,20,0,20,福勝,2024-09-23,6950
1802,台玻,20,1,19,福勝,2024-09-23,6950
2610,華航,20,2,18,福勝,2024-09-23,6950
1312,國喬,17,0,17,福勝,2024-09-23,6950
4714,永捷,17,0,17,福勝,2024-09-23,6950
2399,映泰,33,17,16,福勝,2024-09-23,6950
00687B,國泰20年美債,21,5,16,福勝,2024-09-23,6950
8064,東捷,19,3,16,福勝,2024-09-23,6950
2101,南港,16,2,14,福勝,2024-09-23,6950
2355,敬鵬,14,2,12,福勝,2024-09-23,6950
1815,富喬,11,0,11,福勝,2024-09-23,6950
2832,台產,11,0,11,福勝,2024-09-23,6950
2882A,國泰特,11,0,11,福勝,2024-09-23,6950
6415,矽力*-KY,11,0,11,福勝,2024-09-23,6950
2889,國票金,10,0,10,福勝,2024-09-23,6950
00952,凱基台灣AI50,10,0,10,福勝,2024-09-23,6950
1319,東陽,10,0,10,福勝,2024-09-23,6950
4711,永純,10,0,10,福勝,2024-09-23,6950
2331,精英,10,0,10,福勝,2024-09-23,6950
1537,廣隆,9,0,9,福勝,2024-09-23,6950
2449,京元電子,17,8,9,福勝,2024-09-23,6950
4979,華星光,15,6,9,福勝,2024-09-23,6950
8070,長華*,12,3,9,福勝,2024-09-23,6950
4716,大立,14,6,8,福勝,2024-09-23,6950
2062,橋椿,17,9,8,福勝,2024-09-23,6950
3712,永崴投控,9,1,8,福勝,2024-09-23,6950
4306,炎洲,7,0,7,福勝,2024-09-23,6950
2425,承啟,18,11,7,福勝,2024-09-23,6950
6282,康舒,12,5,7,福勝,2024-09-23,6950
00751B,元大AAA至A公司債,6,0,6,福勝,2024-09-23,6950
00680L,元大美債20正2,10,4,6,福勝,2024-09-23,6950
1536,和大,6,0,6,福勝,2024-09-23,6950
2002,中鋼,6,0,6,福勝,2024-09-23,6950
6285,啟��,6,0,6,福勝,2024-09-23,6950
6706,惠特,14,8,6,福勝,2024-09-23,6950
1309,台達化,5,0,5,福勝,2024-09-23,6950
00915,凱基優選高股息30,5,0,5,福勝,2024-09-23,6950
00907,永豐優息存股,5,0,5,福勝,2024-09-23,6950
00942B,台新美A公司債20+,5,0,5,福勝,2024-09-23,6950
00715L,期街口布蘭特正2,102,2,100,福勝,2024-09-24,6950
2883B,凱基金乙特,94,0,94,福勝,2024-09-24,6950
00632R,元大台灣50反1,460,385,75,福勝,2024-09-24,6950
2504,國產,55,0,55,福勝,2024-09-24,6950
2344,華邦電,54,10,44,福勝,2024-09-24,6950
4707,磐亞,43,0,43,福勝,2024-09-24,6950
00937B,群益ESG投等債20,35,0,35,福勝,2024-09-24,6950
00687B,國泰20年美債,33,2,31,福勝,2024-09-24,6950
00664R,國泰臺灣加權反1,30,0,30,福勝,2024-09-24,6950
2547,日勝生,30,0,30,福勝,2024-09-24,6950
00940,元大台灣價值高息,29,2,27,福勝,2024-09-24,6950
00960,野村全球航運龍頭,26,0,26,福勝,2024-09-24,6950
00680L,元大美債20正2,25,0,25,福勝,2024-09-24,6950
00882,中信中國高股息,25,3,22,福勝,2024-09-24,6950
6152,百一,21,0,21,福勝,2024-09-24,6950
00706L,期元大S＆P日圓正2,20,0,20,福勝,2024-09-24,6950
9105,泰金寶-DR,20,0,20,福勝,2024-09-24,6950
2303,聯電,22,3,19,福勝,2024-09-24,6950
3049,精金,20,2,18,福勝,2024-09-24,6950
00932,兆豐永續高息等權,16,0,16,福勝,2024-09-24,6950
00919,群益台灣精選高息,20,5,15,福勝,2024-09-24,6950
6838,台新藥,15,0,15,福勝,2024-09-24,6950
6016,康和證,20,6,14,福勝,2024-09-24,6950
2313,華通,13,0,13,福勝,2024-09-24,6950
00696B,富邦美債20年,13,0,13,福勝,2024-09-24,6950
2913,農林,18,5,13,福勝,2024-09-24,6950
6509,聚和,13,0,13,福勝,2024-09-24,6950
00929,復華台灣科技優息,24,12,12,福勝,2024-09-24,6950
2882A,國泰特,12,0,12,福勝,2024-09-24,6950
6104,創惟,12,0,12,福勝,2024-09-24,6950
2882,國泰金,30,18,12,福勝,2024-09-24,6950
2014,中鴻,11,0,11,福勝,2024-09-24,6950
8028,昇陽半導體,11,0,11,福勝,2024-09-24,6950
1110,東泥,10,0,10,福勝,2024-09-24,6950
1312,國喬,10,0,10,福勝,2024-09-24,6950
1611,中電,10,0,10,福勝,2024-09-24,6950
2495,普安,12,2,10,福勝,2024-09-24,6950
2610,華航,34,24,10,福勝,2024-09-24,6950
2883,凱基金,13,4,9,福勝,2024-09-24,6950
1309,台達化,9,0,9,福勝,2024-09-24,6950
3013,晟銘電,15,6,9,福勝,2024-09-24,6950
3062,建漢,13,4,9,福勝,2024-09-24,6950
3707,漢磊,10,1,9,福勝,2024-09-24,6950
5905,南仁湖,14,5,9,福勝,2024-09-24,6950
00679B,元大美債20年,8,0,8,福勝,2024-09-24,6950
3149,正達,16,8,8,福勝,2024-09-24,6950
3550,聯穎,35,27,8,福勝,2024-09-24,6950
8064,東捷,10,2,8,福勝,2024-09-24,6950
1905,華紙,7,0,7,福勝,2024-09-24,6950
4945,陞達科技,9,2,7,福勝,2024-09-24,6950
4707,磐亞,601,0,601,福勝,2024-09-25,6950
3481,群創,199,24,175,福勝,2024-09-25,6950
00720B,元大投資級公司債,134,0,134,福勝,2024-09-25,6950
2481,強茂,103,16,87,福勝,2024-09-25,6950
2883,凱基金,80,0,80,福勝,2024-09-25,6950
00665L,富邦�琤肭磪囓�2,63,0,63,福勝,2024-09-25,6950
2845,遠東銀,50,0,50,福勝,2024-09-25,6950
3049,精金,49,3,46,福勝,2024-09-25,6950
00632R,元大台灣50反1,41,0,41,福勝,2024-09-25,6950
2332,友訊,35,0,35,福勝,2024-09-25,6950
2359,所羅門,32,1,31,福勝,2024-09-25,6950
3209,全科,42,11,31,福勝,2024-09-25,6950
00680L,元大美債20正2,100,70,30,福勝,2024-09-25,6950
00924,復華S＆P500成長,30,0,30,福勝,2024-09-25,6950
2610,華航,39,10,29,福勝,2024-09-25,6950
00900,富邦特選高股息30,28,0,28,福勝,2024-09-25,6950
00687B,國泰20年美債,33,6,27,福勝,2024-09-25,6950
1110,東泥,25,0,25,福勝,2024-09-25,6950
2888,新光金,29,5,24,福勝,2024-09-25,6950
00679B,元大美債20年,29,5,24,福勝,2024-09-25,6950
00960,野村全球航運龍頭,28,6,22,福勝,2024-09-25,6950
2613,中櫃,19,0,19,福勝,2024-09-25,6950
00738U,期元大道瓊白銀,18,1,17,福勝,2024-09-25,6950
2867,三商壽,20,3,17,福勝,2024-09-25,6950
8021,尖點,16,0,16,福勝,2024-09-25,6950
2399,映泰,21,6,15,福勝,2024-09-25,6950
6152,百一,15,0,15,福勝,2024-09-25,6950
1210,大成,13,0,13,福勝,2024-09-25,6950
2641,正德,17,4,13,福勝,2024-09-25,6950
3062,建漢,23,10,13,福勝,2024-09-25,6950
3189,景碩,15,3,12,福勝,2024-09-25,6950
4903,聯光通,26,14,12,福勝,2024-09-25,6950
9958,世紀鋼,15,3,12,福勝,2024-09-25,6950
00881,國泰台灣5G+,23,12,11,福勝,2024-09-25,6950
00633L,富邦上証正2,12,1,11,福勝,2024-09-25,6950
3047,訊舟,20,9,11,福勝,2024-09-25,6950
3591,艾笛森,11,0,11,福勝,2024-09-25,6950
8374,羅昇,12,1,11,福勝,2024-09-25,6950
2014,中鴻,10,0,10,福勝,2024-09-25,6950
2887Z1,台新己特,10,0,10,福勝,2024-09-25,6950
6548,長科*,11,1,10,福勝,2024-09-25,6950
3715,定穎投控,39,29,10,福勝,2024-09-25,6950
00830,國泰費城半導體,10,1,9,福勝,2024-09-25,6950
1785,光洋科,11,2,9,福勝,2024-09-25,6950
3550,聯穎,18,9,9,福勝,2024-09-25,6950
4174,浩鼎,9,0,9,福勝,2024-09-25,6950
2329,華泰,10,1,9,福勝,2024-09-25,6950
00907,永豐優息存股,10,2,8,福勝,2024-09-25,6950
1524,耿鼎,10,2,8,福勝,2024-09-25,6950
2891,中信金,18,10,8,福勝,2024-09-25,6950
2867,三商壽,510,0,510,福勝,2024-09-26,6950
2371,大同,208,27,181,福勝,2024-09-26,6950
00715L,期街口布蘭特正2,116,0,116,福勝,2024-09-26,6950
2891,中信金,108,4,104,福勝,2024-09-26,6950
4707,磐亞,100,0,100,福勝,2024-09-26,6950
00937B,群益ESG投等債20,75,9,66,福勝,2024-09-26,6950
2344,華邦電,87,26,61,福勝,2024-09-26,6950
1808,潤隆,51,0,51,福勝,2024-09-26,6950
00960,野村全球航運龍頭,73,23,50,福勝,2024-09-26,6950
5258,虹堡,50,0,50,福勝,2024-09-26,6950
3673,TPK-KY,49,2,47,福勝,2024-09-26,6950
00687B,國泰20年美債,59,14,45,福勝,2024-09-26,6950
6244,茂迪,46,2,44,福勝,2024-09-26,6950
2312,金寶,46,3,43,福勝,2024-09-26,6950
8103,瀚荃,40,0,40,福勝,2024-09-26,6950
1110,東泥,39,0,39,福勝,2024-09-26,6950
1312,國喬,34,0,34,福勝,2024-09-26,6950
00637L,元大滬深300正2,29,1,28,福勝,2024-09-26,6950
00642U,期元大S＆P石油,25,0,25,福勝,2024-09-26,6950
1540,喬福,45,22,23,福勝,2024-09-26,6950
6873,泓德能源,23,1,22,福勝,2024-09-26,6950
2618,長榮航,30,9,21,福勝,2024-09-26,6950
00706L,期元大S＆P日圓正2,20,0,20,福勝,2024-09-26,6950
2542,興富發,20,0,20,福勝,2024-09-26,6950
2887,台新金,20,0,20,福勝,2024-09-26,6950
00679B,元大美債20年,19,0,19,福勝,2024-09-26,6950
3715,定穎投控,50,31,19,福勝,2024-09-26,6950
2367,燿華,22,4,18,福勝,2024-09-26,6950
3607,谷崧,19,2,17,福勝,2024-09-26,6950
4987,科誠,17,0,17,福勝,2024-09-26,6950
3019,亞光,20,3,17,福勝,2024-09-26,6950
3047,訊舟,15,0,15,福勝,2024-09-26,6950
5202,力新,16,1,15,福勝,2024-09-26,6950
6411,晶焱,15,0,15,福勝,2024-09-26,6950
00712,復華富時不動產,14,0,14,福勝,2024-09-26,6950
2399,映泰,13,0,13,福勝,2024-09-26,6950
4534,慶騰,13,0,13,福勝,2024-09-26,6950
5269,祥碩,13,0,13,福勝,2024-09-26,6950
00893,國泰智能電動車,12,0,12,福勝,2024-09-26,6950
2481,強茂,13,1,12,福勝,2024-09-26,6950
6163,華電網,12,0,12,福勝,2024-09-26,6950
00680L,元大美債20正2,11,0,11,福勝,2024-09-26,6950
00931B,統一美債20年,17,6,11,福勝,2024-09-26,6950
2603,長榮,13,3,10,福勝,2024-09-26,6950
00952,凱基台灣AI50,10,0,10,福勝,2024-09-26,6950
1710,東聯,10,0,10,福勝,2024-09-26,6950
2340,台亞,10,0,10,福勝,2024-09-26,6950
2374,佳能,20,10,10,福勝,2024-09-26,6950
2929,淘帝-KY,10,0,10,福勝,2024-09-26,6950
3593,力銘,10,0,10,福勝,2024-09-26,6950
2867,三商壽,950,0,950,福勝,2024-09-27,6950
2609,陽明,293,60,233,福勝,2024-09-27,6950
00960,野村全球航運龍頭,101,2,99,福勝,2024-09-27,6950
00715L,期街口布蘭特正2,62,0,62,福勝,2024-09-27,6950
2882A,國泰特,50,0,50,福勝,2024-09-27,6950
2354,鴻準,51,10,41,福勝,2024-09-27,6950
2891,中信金,43,8,35,福勝,2024-09-27,6950
2020,美亞,30,1,29,福勝,2024-09-27,6950
2201,裕隆,34,7,27,福勝,2024-09-27,6950
3019,亞光,26,0,26,福勝,2024-09-27,6950
00937B,群益ESG投等債20,40,15,25,福勝,2024-09-27,6950
00642U,期元大S＆P石油,25,0,25,福勝,2024-09-27,6950
3017,奇鋐,31,6,25,福勝,2024-09-27,6950
1810,和成,25,1,24,福勝,2024-09-27,6950
8110,華東,23,0,23,福勝,2024-09-27,6950
00679B,元大美債20年,33,10,23,福勝,2024-09-27,6950
2882,國泰金,37,15,22,福勝,2024-09-27,6950
3141,晶宏,24,3,21,福勝,2024-09-27,6950
2641,正德,38,18,20,福勝,2024-09-27,6950
3041,揚智,27,7,20,福勝,2024-09-27,6950
2017,官田鋼,19,0,19,福勝,2024-09-27,6950
5481,新華,24,6,18,福勝,2024-09-27,6950
00633L,富邦上証正2,24,7,17,福勝,2024-09-27,6950
00687B,國泰20年美債,29,12,17,福勝,2024-09-27,6950
2353,宏��,18,2,16,福勝,2024-09-27,6950
3363,上詮,17,1,16,福勝,2024-09-27,6950
6104,創惟,30,14,16,福勝,2024-09-27,6950
3003,健和興,17,2,15,福勝,2024-09-27,6950
00919,群益台灣精選高息,17,5,12,福勝,2024-09-27,6950
2888,新光金,28,16,12,福勝,2024-09-27,6950
3149,正達,18,6,12,福勝,2024-09-27,6950
00752,中信中國50,12,0,12,福勝,2024-09-27,6950
2241,艾姆勒,12,1,11,福勝,2024-09-27,6950
3066,李洲,11,0,11,福勝,2024-09-27,6950
4543,萬在,11,0,11,福勝,2024-09-27,6950
5347,世界,11,0,11,福勝,2024-09-27,6950
6257,矽格,11,0,11,福勝,2024-09-27,6950
00946,群益科技高息成長,10,0,10,福勝,2024-09-27,6950
5392,能率,12,2,10,福勝,2024-09-27,6950
6505,台塑化,10,0,10,福勝,2024-09-27,6950
2883,凱基金,11,1,10,福勝,2024-09-27,6950
3450,聯鈞,14,5,9,福勝,2024-09-27,6950
2029,盛餘,10,1,9,福勝,2024-09-27,6950
2062,橋椿,18,10,8,福勝,2024-09-27,6950
2388,威盛,9,1,8,福勝,2024-09-27,6950
8936,國統,8,0,8,福勝,2024-09-27,6950
6530,創威,30,22,8,福勝,2024-09-27,6950
2064,晉椿,7,0,7,福勝,2024-09-27,6950
2355,敬鵬,7,0,7,福勝,2024-09-27,6950
8114,振樺電,7,0,7,福勝,2024-09-27,6950
2867,三商壽,305,0,305,福勝,2024-09-30,6950
4707,磐亞,152,0,152,福勝,2024-09-30,6950
00929,復華台灣科技優息,110,0,110,福勝,2024-09-30,6950
00881,國泰台灣5G+,82,0,82,福勝,2024-09-30,6950
1815,富喬,81,0,81,福勝,2024-09-30,6950
2605,新興,102,22,80,福勝,2024-09-30,6950
00919,群益台灣精選高息,74,4,70,福勝,2024-09-30,6950
2303,聯電,55,2,53,福勝,2024-09-30,6950
2355,敬鵬,41,0,41,福勝,2024-09-30,6950
2371,大同,40,0,40,福勝,2024-09-30,6950
6257,矽格,40,4,36,福勝,2024-09-30,6950
2330,台積電,34,2,32,福勝,2024-09-30,6950
2883,凱基金,30,1,29,福勝,2024-09-30,6950
2891,中信金,31,5,26,福勝,2024-09-30,6950
0050,元大台灣50,26,0,26,福勝,2024-09-30,6950
00940,元大台灣價值高息,26,1,25,福勝,2024-09-30,6950
4157,太景*-KY,25,0,25,福勝,2024-09-30,6950
006208,富邦台50,24,0,24,福勝,2024-09-30,6950
00882,中信中國高股息,40,18,22,福勝,2024-09-30,6950
00720B,元大投資級公司債,22,0,22,福勝,2024-09-30,6950
2017,官田鋼,23,1,22,福勝,2024-09-30,6950
3545,敦泰,27,5,22,福勝,2024-09-30,6950
1218,泰山,20,0,20,福勝,2024-09-30,6950
4198,欣大健康,20,0,20,福勝,2024-09-30,6950
2382,廣達,21,4,17,福勝,2024-09-30,6950
2449,京元電子,20,3,17,福勝,2024-09-30,6950
3013,晟銘電,25,8,17,福勝,2024-09-30,6950
1802,台玻,44,29,15,福勝,2024-09-30,6950
00687B,國泰20年美債,18,4,14,福勝,2024-09-30,6950
2609,陽明,44,31,13,福勝,2024-09-30,6950
00878,國泰永續高股息,13,0,13,福勝,2024-09-30,6950
00922,國泰台灣領袖50,13,0,13,福勝,2024-09-30,6950
00927,群益半導體收益,13,0,13,福勝,2024-09-30,6950
1702,南僑,13,0,13,福勝,2024-09-30,6950
00923,群益台ESG低碳50,12,0,12,福勝,2024-09-30,6950
00952,凱基台灣AI50,11,0,11,福勝,2024-09-30,6950
1110,東泥,11,0,11,福勝,2024-09-30,6950
6274,台燿,11,0,11,福勝,2024-09-30,6950
2331,精英,10,0,10,福勝,2024-09-30,6950
2538,基泰,10,0,10,福勝,2024-09-30,6950
3049,精金,10,0,10,福勝,2024-09-30,6950
6443,元晶,20,10,10,福勝,2024-09-30,6950
00918,大華優利高填息30,9,0,9,福勝,2024-09-30,6950
0056,元大高股息,9,0,9,福勝,2024-09-30,6950
4979,華星光,11,2,9,福勝,2024-09-30,6950
6180,橘子,9,0,9,福勝,2024-09-30,6950
9904,寶成,10,1,9,福勝,2024-09-30,6950
00715L,期街口布蘭特正2,8,0,8,福勝,2024-09-30,6950
4563,百德,18,10,8,福勝,2024-09-30,6950
4716,大立,9,1,8,福勝,2024-09-30,6950
2867,三商壽,654,50,604,福勝,2024-10-01,6950
8096,擎亞,488,20,468,福勝,2024-10-01,6950
00929,復華台灣科技優息,89,0,89,福勝,2024-10-01,6950
2883B,凱基金乙特,80,0,80,福勝,2024-10-01,6950
0056,元大高股息,63,0,63,福勝,2024-10-01,6950
4707,磐亞,55,0,55,福勝,2024-10-01,6950
00887,永豐中國科技50大,54,0,54,福勝,2024-10-01,6950
00665L,富邦�琤肭磪囓�2,40,0,40,福勝,2024-10-01,6950
1709,和益,40,0,40,福勝,2024-10-01,6950
00878,國泰永續高股息,40,2,38,福勝,2024-10-01,6950
2371,大同,31,0,31,福勝,2024-10-01,6950
2101,南港,25,0,25,福勝,2024-10-01,6950
2882,國泰金,22,0,22,福勝,2024-10-01,6950
00706L,期元大S＆P日圓正2,20,0,20,福勝,2024-10-01,6950
1301,台塑,26,6,20,福勝,2024-10-01,6950
1337,再生-KY,20,0,20,福勝,2024-10-01,6950
2301,光寶科,20,0,20,福勝,2024-10-01,6950
2356,英業達,35,17,18,福勝,2024-10-01,6950
2888,新光金,16,0,16,福勝,2024-10-01,6950
00687B,國泰20年美債,16,1,15,福勝,2024-10-01,6950
1718,中纖,15,0,15,福勝,2024-10-01,6950
3044,健鼎,15,0,15,福勝,2024-10-01,6950
6530,創威,30,15,15,福勝,2024-10-01,6950
9958,世紀鋼,18,3,15,福勝,2024-10-01,6950
2409,友達,14,0,14,福勝,2024-10-01,6950
00922,國泰台灣領袖50,13,0,13,福勝,2024-10-01,6950
1802,台玻,20,7,13,福勝,2024-10-01,6950
2374,佳能,14,1,13,福勝,2024-10-01,6950
00950B,凱基A級公司債,12,0,12,福勝,2024-10-01,6950
00900,富邦特選高股息30,12,0,12,福勝,2024-10-01,6950
3019,亞光,13,1,12,福勝,2024-10-01,6950
2489,瑞軒,11,0,11,福勝,2024-10-01,6950
2455,全新,13,2,11,福勝,2024-10-01,6950
3673,TPK-KY,13,2,11,福勝,2024-10-01,6950
6180,橘子,11,0,11,福勝,2024-10-01,6950
6509,聚和,10,0,10,福勝,2024-10-01,6950
00713,元大台灣高息低波,10,0,10,福勝,2024-10-01,6950
00939,統一台灣高息動能,10,0,10,福勝,2024-10-01,6950
1110,東泥,10,0,10,福勝,2024-10-01,6950
1217,愛之味,10,0,10,福勝,2024-10-01,6950
1304,台聚,10,0,10,福勝,2024-10-01,6950
2538,基泰,10,0,10,福勝,2024-10-01,6950
3231,緯創,14,5,9,福勝,2024-10-01,6950
1102,亞泥,10,1,9,福勝,2024-10-01,6950
3607,谷崧,9,0,9,福勝,2024-10-01,6950
9911,櫻花,9,0,9,福勝,2024-10-01,6950
2355,敬鵬,8,0,8,福勝,2024-10-01,6950
2367,燿華,8,0,8,福勝,2024-10-01,6950
2406,國碩,20,12,8,福勝,2024-10-01,6950
3702,大聯大,8,0,8,福勝,2024-10-01,6950
2867,三商壽,409,0,409,福勝,2024-10-04,6950
2618,長榮航,341,190,151,福勝,2024-10-04,6950
2883B,凱基金乙特,120,0,120,福勝,2024-10-04,6950
2892,第一金,109,0,109,福勝,2024-10-04,6950
4707,磐亞,106,0,106,福勝,2024-10-04,6950
5880,合庫金,100,0,100,福勝,2024-10-04,6950
00919,群益台灣精選高息,101,10,91,福勝,2024-10-04,6950
00673R,期元大S＆P原油反1,75,0,75,福勝,2024-10-04,6950
2303,聯電,60,0,60,福勝,2024-10-04,6950
3105,穩懋,53,1,52,福勝,2024-10-04,6950
4714,永捷,51,0,51,福勝,2024-10-04,6950
0056,元大高股息,47,0,47,福勝,2024-10-04,6950
00940,元大台灣價值高息,53,13,40,福勝,2024-10-04,6950
1709,和益,40,0,40,福勝,2024-10-04,6950
6152,百一,40,0,40,福勝,2024-10-04,6950
2610,華航,37,0,37,福勝,2024-10-04,6950
2353,宏��,35,0,35,福勝,2024-10-04,6950
1540,喬福,36,5,31,福勝,2024-10-04,6950
2014,中鴻,27,0,27,福勝,2024-10-04,6950
3607,谷崧,26,0,26,福勝,2024-10-04,6950
9958,世紀鋼,25,0,25,福勝,2024-10-04,6950
8096,擎亞,24,1,23,福勝,2024-10-04,6950
00680L,元大美債20正2,21,0,21,福勝,2024-10-04,6950
3062,建漢,24,3,21,福勝,2024-10-04,6950
00706L,期元大S＆P日圓正2,20,0,20,福勝,2024-10-04,6950
00931B,統一美債20年,20,0,20,福勝,2024-10-04,6950
00927,群益半導體收益,20,0,20,福勝,2024-10-04,6950
4510,高鋒,22,2,20,福勝,2024-10-04,6950
00936,台新永續高息中小,19,0,19,福勝,2024-10-04,6950
1609,大亞,23,6,17,福勝,2024-10-04,6950
2439,美律,17,0,17,福勝,2024-10-04,6950
6533,晶心科,17,0,17,福勝,2024-10-04,6950
6188,廣明,19,3,16,福勝,2024-10-04,6950
3234,光環,17,1,16,福勝,2024-10-04,6950
2543,皇昌,26,11,15,福勝,2024-10-04,6950
2891,中信金,16,1,15,福勝,2024-10-04,6950
1319,東陽,14,0,14,福勝,2024-10-04,6950
1605,華新,14,0,14,福勝,2024-10-04,6950
2340,台亞,14,0,14,福勝,2024-10-04,6950
5351,鈺創,16,3,13,福勝,2024-10-04,6950
5392,能率,15,2,13,福勝,2024-10-04,6950
8039,台虹,15,2,13,福勝,2024-10-04,6950
2313,華通,14,1,13,福勝,2024-10-04,6950
00939,統一台灣高息動能,12,0,12,福勝,2024-10-04,6950
00752,中信中國50,12,0,12,福勝,2024-10-04,6950
2371,大同,12,0,12,福勝,2024-10-04,6950
3149,正達,35,23,12,福勝,2024-10-04,6950
3484,崧騰,12,0,12,福勝,2024-10-04,6950
6134,萬旭,12,0,12,福勝,2024-10-04,6950
2308,台達電,12,1,11,福勝,2024-10-04,6950
00673R,期元大S＆P原油反1,375,0,375,福勝,2024-10-07,6950
00878,國泰永續高股息,114,0,114,福勝,2024-10-07,6950
1314,中石化,66,5,61,福勝,2024-10-07,6950
1527,鑽全,52,0,52,福勝,2024-10-07,6950
00632R,元大台灣50反1,50,0,50,福勝,2024-10-07,6950
3481,群創,63,13,50,福勝,2024-10-07,6950
00919,群益台灣精選高息,47,3,44,福勝,2024-10-07,6950
00706L,期元大S＆P日圓正2,40,0,40,福勝,2024-10-07,6950
1909,榮成,40,0,40,福勝,2024-10-07,6950
2929,淘帝-KY,43,4,39,福勝,2024-10-07,6950
00665L,富邦�琤肭磪囓�2,32,0,32,福勝,2024-10-07,6950
5452,佶優,32,0,32,福勝,2024-10-07,6950
0056,元大高股息,34,3,31,福勝,2024-10-07,6950
4510,高鋒,32,2,30,福勝,2024-10-07,6950
2515,中工,33,5,28,福勝,2024-10-07,6950
00922,國泰台灣領袖50,27,0,27,福勝,2024-10-07,6950
2605,新興,46,20,26,福勝,2024-10-07,6950
00637L,元大滬深300正2,33,8,25,福勝,2024-10-07,6950
2328,廣宇,25,0,25,福勝,2024-10-07,6950
4707,磐亞,25,0,25,福勝,2024-10-07,6950
2374,佳能,22,0,22,福勝,2024-10-07,6950
6142,友勁,20,0,20,福勝,2024-10-07,6950
8096,擎亞,20,1,19,福勝,2024-10-07,6950
3056,富華新,18,0,18,福勝,2024-10-07,6950
00753L,中信中國50正2,31,13,18,福勝,2024-10-07,6950
00882,中信中國高股息,91,74,17,福勝,2024-10-07,6950
00946,群益科技高息成長,17,0,17,福勝,2024-10-07,6950
2356,英業達,20,3,17,福勝,2024-10-07,6950
6152,百一,20,3,17,福勝,2024-10-07,6950
2495,普安,18,2,16,福勝,2024-10-07,6950
8404,百和興業-KY,17,1,16,福勝,2024-10-07,6950
2354,鴻準,19,5,14,福勝,2024-10-07,6950
00731,復華富時高息低波,13,0,13,福勝,2024-10-07,6950
8086,宏捷科,13,0,13,福勝,2024-10-07,6950
4909,新復興,16,3,13,福勝,2024-10-07,6950
5907,大洋-KY,12,0,12,福勝,2024-10-07,6950
2609,陽明,17,5,12,福勝,2024-10-07,6950
00712,復華富時不動產,11,0,11,福勝,2024-10-07,6950
2353,宏��,16,5,11,福勝,2024-10-07,6950
3710,連展投控,11,0,11,福勝,2024-10-07,6950
2317,鴻海,29,19,10,福勝,2024-10-07,6950
00927,群益半導體收益,10,0,10,福勝,2024-10-07,6950
00830,國泰費城半導體,10,0,10,福勝,2024-10-07,6950
00942B,台新美A公司債20+,10,0,10,福勝,2024-10-07,6950
00943,兆豐電子高息等權,10,0,10,福勝,2024-10-07,6950
1110,東泥,10,0,10,福勝,2024-10-07,6950
1337,再生-KY,10,0,10,福勝,2024-10-07,6950
2367,燿華,10,0,10,福勝,2024-10-07,6950
6179,亞通,10,0,10,福勝,2024-10-07,6950
6210,慶生,10,0,10,福勝,2024-10-07,6950
00637L,元大滬深300正2,179,14,165,福勝,2024-10-08,6950
00673R,期元大S＆P原油反1,131,5,126,福勝,2024-10-08,6950
2360,致茂,111,0,111,福勝,2024-10-08,6950
0056,元大高股息,97,0,97,福勝,2024-10-08,6950
00929,復華台灣科技優息,80,5,75,福勝,2024-10-08,6950
2883,凱基金,70,0,70,福勝,2024-10-08,6950
2399,映泰,93,35,58,福勝,2024-10-08,6950
3533,嘉澤,55,0,55,福勝,2024-10-08,6950
00937B,群益ESG投等債20,74,24,50,福勝,2024-10-08,6950
2344,華邦電,41,0,41,福勝,2024-10-08,6950
00878,國泰永續高股息,55,16,39,福勝,2024-10-08,6950
00922,國泰台灣領袖50,37,0,37,福勝,2024-10-08,6950
00753L,中信中國50正2,40,6,34,福勝,2024-10-08,6950
00882,中信中國高股息,102,70,32,福勝,2024-10-08,6950
3049,精金,31,4,27,福勝,2024-10-08,6950
00919,群益台灣精選高息,46,20,26,福勝,2024-10-08,6950
2317,鴻海,50,26,24,福勝,2024-10-08,6950
3680,家登,23,0,23,福勝,2024-10-08,6950
00887,永豐中國科技50大,28,6,22,福勝,2024-10-08,6950
2371,大同,23,1,22,福勝,2024-10-08,6950
3033,威健,25,3,22,福勝,2024-10-08,6950
8996,高力,23,2,21,福勝,2024-10-08,6950
2368,金像電,21,0,21,福勝,2024-10-08,6950
2605,新興,21,0,21,福勝,2024-10-08,6950
3264,欣銓,20,0,20,福勝,2024-10-08,6950
1440,南紡,20,0,20,福勝,2024-10-08,6950
3037,欣興,22,3,19,福勝,2024-10-08,6950
1301,台塑,19,0,19,福勝,2024-10-08,6950
1815,富喬,19,0,19,福勝,2024-10-08,6950
2412,中華電,18,0,18,福勝,2024-10-08,6950
4545,銘鈺,17,0,17,福勝,2024-10-08,6950
2409,友達,16,0,16,福勝,2024-10-08,6950
1609,大亞,37,21,16,福勝,2024-10-08,6950
2303,聯電,15,0,15,福勝,2024-10-08,6950
3062,建漢,15,0,15,福勝,2024-10-08,6950
5608,四維航,15,0,15,福勝,2024-10-08,6950
00633L,富邦上証正2,14,0,14,福勝,2024-10-08,6950
00687B,國泰20年美債,16,2,14,福勝,2024-10-08,6950
2609,陽明,21,7,14,福勝,2024-10-08,6950
5014,建錩,14,0,14,福勝,2024-10-08,6950
8249,菱光,15,1,14,福勝,2024-10-08,6950
2383,台光電,13,0,13,福勝,2024-10-08,6950
00946,群益科技高息成長,13,0,13,福勝,2024-10-08,6950
2887,台新金,12,0,12,福勝,2024-10-08,6950
2353,宏��,12,1,11,福勝,2024-10-08,6950
00918,大華優利高填息30,11,0,11,福勝,2024-10-08,6950
00931B,統一美債20年,11,0,11,福勝,2024-10-08,6950
1524,耿鼎,11,0,11,福勝,2024-10-08,6950
3231,緯創,10,0,10,福勝,2024-10-08,6950
00731,復華富時高息低波,10,0,10,福勝,2024-10-08,6950
1314,中石化,582,19,563,福勝,2024-10-09,6950
00715L,期街口布蘭特正2,458,0,458,福勝,2024-10-09,6950
2867,三商壽,425,0,425,福勝,2024-10-09,6950
00753L,中信中國50正2,131,0,131,福勝,2024-10-09,6950
2356,英業達,142,45,97,福勝,2024-10-09,6950
00878,國泰永續高股息,92,22,70,福勝,2024-10-09,6950
00882,中信中國高股息,77,11,66,福勝,2024-10-09,6950
1312,國喬,53,0,53,福勝,2024-10-09,6950
3591,艾笛森,55,2,53,福勝,2024-10-09,6950
4114,健喬,51,0,51,福勝,2024-10-09,6950
0056,元大高股息,50,5,45,福勝,2024-10-09,6950
2601,益航,40,0,40,福勝,2024-10-09,6950
8429,金麗-KY,47,7,40,福勝,2024-10-09,6950
2002,中鋼,39,0,39,福勝,2024-10-09,6950
1718,中纖,52,15,37,福勝,2024-10-09,6950
2929,淘帝-KY,37,2,35,福勝,2024-10-09,6950
00679B,元大美債20年,37,5,32,福勝,2024-10-09,6950
00940,元大台灣價值高息,31,0,31,福勝,2024-10-09,6950
2353,宏��,31,0,31,福勝,2024-10-09,6950
2101,南港,30,0,30,福勝,2024-10-09,6950
3234,光環,32,2,30,福勝,2024-10-09,6950
00919,群益台灣精選高息,31,3,28,福勝,2024-10-09,6950
00712,復華富時不動產,26,0,26,福勝,2024-10-09,6950
3379,彬台,24,0,24,福勝,2024-10-09,6950
2349,錸德,26,3,23,福勝,2024-10-09,6950
1301,台塑,22,0,22,福勝,2024-10-09,6950
1709,和益,32,10,22,福勝,2024-10-09,6950
3710,連展投控,25,3,22,福勝,2024-10-09,6950
00929,復華台灣科技優息,27,6,21,福勝,2024-10-09,6950
6505,台塑化,21,0,21,福勝,2024-10-09,6950
1110,東泥,20,0,20,福勝,2024-10-09,6950
00642U,期元大S＆P石油,20,0,20,福勝,2024-10-09,6950
00638R,元大滬深300反1,20,0,20,福勝,2024-10-09,6950
2406,國碩,20,0,20,福勝,2024-10-09,6950
2892,第一金,20,0,20,福勝,2024-10-09,6950
4174,浩鼎,19,0,19,福勝,2024-10-09,6950
6706,惠特,19,1,18,福勝,2024-10-09,6950
6187,萬潤,19,1,18,福勝,2024-10-09,6950
2332,友訊,19,1,18,福勝,2024-10-09,6950
2344,華邦電,20,2,18,福勝,2024-10-09,6950
2886,兆豐金,18,0,18,福勝,2024-10-09,6950
4958,臻鼎-KY,20,2,18,福勝,2024-10-09,6950
1527,鑽全,17,0,17,福勝,2024-10-09,6950
2303,聯電,21,4,17,福勝,2024-10-09,6950
00637L,元大滬深300正2,72,57,15,福勝,2024-10-09,6950
2609,陽明,18,3,15,福勝,2024-10-09,6950
00687B,國泰20年美債,14,0,14,福勝,2024-10-09,6950
3380,明泰,18,4,14,福勝,2024-10-09,6950
8929,富堡,15,1,14,福勝,2024-10-09,6950
1605,華新,13,0,13,福勝,2024-10-09,6950
2867,三商壽,370,0,370,福勝,2024-10-11,6950
2801,彰銀,150,0,150,福勝,2024-10-11,6950
2641,正德,100,0,100,福勝,2024-10-11,6950
2486,一詮,121,22,99,福勝,2024-10-11,6950
00930,永豐ESG低碳高息,75,0,75,福勝,2024-10-11,6950
2356,英業達,80,16,64,福勝,2024-10-11,6950
1709,和益,54,0,54,福勝,2024-10-11,6950
3545,敦泰,48,3,45,福勝,2024-10-11,6950
00919,群益台灣精選高息,38,0,38,福勝,2024-10-11,6950
6108,競國,40,2,38,福勝,2024-10-11,6950
8111,立��,34,3,31,福勝,2024-10-11,6950
00638R,元大滬深300反1,30,0,30,福勝,2024-10-11,6950
2347,聯強,30,0,30,福勝,2024-10-11,6950
3149,正達,45,20,25,福勝,2024-10-11,6950
0056,元大高股息,27,2,25,福勝,2024-10-11,6950
00922,國泰台灣領袖50,22,0,22,福勝,2024-10-11,6950
00673R,期元大S＆P原油反1,22,0,22,福勝,2024-10-11,6950
1718,中纖,20,0,20,福勝,2024-10-11,6950
5324,士開,20,0,20,福勝,2024-10-11,6950
00636,國泰中國A50,19,0,19,福勝,2024-10-11,6950
6241,易通展,20,1,19,福勝,2024-10-11,6950
2344,華邦電,18,0,18,福勝,2024-10-11,6950
00937B,群益ESG投等債20,16,0,16,福勝,2024-10-11,6950
2362,藍天,16,0,16,福勝,2024-10-11,6950
2377,微星,16,0,16,福勝,2024-10-11,6950
3232,昱捷,15,0,15,福勝,2024-10-11,6950
5014,建錩,15,0,15,福勝,2024-10-11,6950
00753L,中信中國50正2,26,12,14,福勝,2024-10-11,6950
2419,仲琦,20,6,14,福勝,2024-10-11,6950
2489,瑞軒,17,3,14,福勝,2024-10-11,6950
2887,台新金,17,3,14,福勝,2024-10-11,6950
1605,華新,13,0,13,福勝,2024-10-11,6950
3019,亞光,14,2,12,福勝,2024-10-11,6950
00920,富邦ESG綠色電力,12,0,12,福勝,2024-10-11,6950
6226,光鼎,12,0,12,福勝,2024-10-11,6950
2449,京元電子,52,40,12,福勝,2024-10-11,6950
6415,矽力*-KY,11,0,11,福勝,2024-10-11,6950
1301,台塑,12,1,11,福勝,2024-10-11,6950
3003,健和興,11,0,11,福勝,2024-10-11,6950
4545,銘鈺,11,0,11,福勝,2024-10-11,6950
00927,群益半導體收益,10,0,10,福勝,2024-10-11,6950
00680L,元大美債20正2,10,0,10,福勝,2024-10-11,6950
00731,復華富時高息低波,10,0,10,福勝,2024-10-11,6950
2101,南港,10,0,10,福勝,2024-10-11,6950
2495,普安,10,0,10,福勝,2024-10-11,6950
2601,益航,10,0,10,福勝,2024-10-11,6950
3673,TPK-KY,10,0,10,福勝,2024-10-11,6950
4967,十銓,10,0,10,福勝,2024-10-11,6950
6271,同欣電,10,0,10,福勝,2024-10-11,6950
6290,良維,10,0,10,福勝,2024-10-11,6950
2867,三商壽,161,0,161,福勝,2024-10-14,6950
00715L,期街口布蘭特正2,158,0,158,福勝,2024-10-14,6950
00887,永豐中國科技50大,143,0,143,福勝,2024-10-14,6950
00680L,元大美債20正2,100,0,100,福勝,2024-10-14,6950
2002,中鋼,103,5,98,福勝,2024-10-14,6950
2543,皇昌,125,28,97,福勝,2024-10-14,6950
9105,泰金寶-DR,125,41,84,福勝,2024-10-14,6950
2883,凱基金,100,25,75,福勝,2024-10-14,6950
00637L,元大滬深300正2,106,35,71,福勝,2024-10-14,6950
3481,群創,59,1,58,福勝,2024-10-14,6950
3576,聯合再生,50,3,47,福勝,2024-10-14,6950
2241,艾姆勒,47,1,46,福勝,2024-10-14,6950
2886,兆豐金,42,0,42,福勝,2024-10-14,6950
8096,擎亞,40,2,38,福勝,2024-10-14,6950
0056,元大高股息,38,1,37,福勝,2024-10-14,6950
2420,新巨,30,0,30,福勝,2024-10-14,6950
3520,華盈,30,0,30,福勝,2024-10-14,6950
3673,TPK-KY,30,0,30,福勝,2024-10-14,6950
4714,永捷,30,0,30,福勝,2024-10-14,6950
00679B,元大美債20年,30,0,30,福勝,2024-10-14,6950
2615,萬海,30,1,29,福勝,2024-10-14,6950
2883B,凱基金乙特,27,0,27,福勝,2024-10-14,6950
2340,台亞,26,0,26,福勝,2024-10-14,6950
2371,大同,26,0,26,福勝,2024-10-14,6950
2312,金寶,37,13,24,福勝,2024-10-14,6950
4303,信立,24,1,23,福勝,2024-10-14,6950
00959B,大華投等美債15Y+,20,0,20,福勝,2024-10-14,6950
2101,南港,20,0,20,福勝,2024-10-14,6950
3033,威健,21,1,20,福勝,2024-10-14,6950
6104,創惟,25,5,20,福勝,2024-10-14,6950
1709,和益,18,0,18,福勝,2024-10-14,6950
00934,中信成長高股息,15,0,15,福勝,2024-10-14,6950
00942B,台新美A公司債20+,15,0,15,福勝,2024-10-14,6950
00878,國泰永續高股息,16,1,15,福勝,2024-10-14,6950
3049,精金,14,0,14,福勝,2024-10-14,6950
9955,佳龍,17,3,14,福勝,2024-10-14,6950
00725B,國泰投資級公司債,13,0,13,福勝,2024-10-14,6950
6530,創威,18,5,13,福勝,2024-10-14,6950
2349,錸德,12,0,12,福勝,2024-10-14,6950
2891,中信金,30,18,12,福勝,2024-10-14,6950
00687B,國泰20年美債,16,5,11,福勝,2024-10-14,6950
00960,野村全球航運龍頭,11,0,11,福勝,2024-10-14,6950
1524,耿鼎,10,0,10,福勝,2024-10-14,6950
1808,潤隆,10,0,10,福勝,2024-10-14,6950
3372,典範,10,0,10,福勝,2024-10-14,6950
8011,台通,16,6,10,福勝,2024-10-14,6950
00922,國泰台灣領袖50,9,0,9,福勝,2024-10-14,6950
00712,復華富時不動產,10,2,8,福勝,2024-10-14,6950
3607,谷崧,8,0,8,福勝,2024-10-14,6950
3715,定穎投控,19,11,8,福勝,2024-10-14,6950
2867,三商壽,610,0,610,福勝,2024-10-15,6950
00715L,期街口布蘭特正2,361,0,361,福勝,2024-10-15,6950
2426,鼎元,122,3,119,福勝,2024-10-15,6950
2543,皇昌,106,1,105,福勝,2024-10-15,6950
2886,兆豐金,64,1,63,福勝,2024-10-15,6950
00961,FT臺灣永續高息,55,0,55,福勝,2024-10-15,6950
8111,立��,46,6,40,福勝,2024-10-15,6950
3545,敦泰,42,3,39,福勝,2024-10-15,6950
2312,金寶,38,8,30,福勝,2024-10-15,6950
6505,台塑化,30,2,28,福勝,2024-10-15,6950
00919,群益台灣精選高息,29,2,27,福勝,2024-10-15,6950
6005,群益證,27,0,27,福勝,2024-10-15,6950
00632R,元大台灣50反1,39,13,26,福勝,2024-10-15,6950
3390,旭軟,30,5,25,福勝,2024-10-15,6950
00753L,中信中國50正2,24,0,24,福勝,2024-10-15,6950
00679B,元大美債20年,22,0,22,福勝,2024-10-15,6950
2887,台新金,23,1,22,福勝,2024-10-15,6950
00887,永豐中國科技50大,51,32,19,福勝,2024-10-15,6950
8096,擎亞,21,2,19,福勝,2024-10-15,6950
6712,長聖,18,0,18,福勝,2024-10-15,6950
3013,晟銘電,33,16,17,福勝,2024-10-15,6950
00943,兆豐電子高息等權,17,0,17,福勝,2024-10-15,6950
3062,建漢,65,48,17,福勝,2024-10-15,6950
00680L,元大美債20正2,16,0,16,福勝,2024-10-15,6950
2399,映泰,37,23,14,福勝,2024-10-15,6950
1609,大亞,14,0,14,福勝,2024-10-15,6950
00665L,富邦�琤肭磪囓�2,19,6,13,福勝,2024-10-15,6950
2323,中環,13,0,13,福勝,2024-10-15,6950
6156,松上,18,5,13,福勝,2024-10-15,6950
2344,華邦電,27,15,12,福勝,2024-10-15,6950
2601,益航,12,0,12,福勝,2024-10-15,6950
6284,佳邦,12,0,12,福勝,2024-10-15,6950
3498,陽程,19,8,11,福勝,2024-10-15,6950
1785,光洋科,14,3,11,福勝,2024-10-15,6950
4545,銘鈺,11,0,11,福勝,2024-10-15,6950
6668,中揚光,11,0,11,福勝,2024-10-15,6950
00633L,富邦上証正2,10,0,10,福勝,2024-10-15,6950
00642U,期元大S＆P石油,10,0,10,福勝,2024-10-15,6950
00687B,國泰20年美債,10,0,10,福勝,2024-10-15,6950
1522,堤維西,11,1,10,福勝,2024-10-15,6950
1718,中纖,10,0,10,福勝,2024-10-15,6950
2537,聯上發,10,0,10,福勝,2024-10-15,6950
3056,富華新,10,0,10,福勝,2024-10-15,6950
3312,弘憶股,10,0,10,福勝,2024-10-15,6950
3372,典範,10,0,10,福勝,2024-10-15,6950
6270,倍微,10,0,10,福勝,2024-10-15,6950
00795B,中信美國公債20年,9,0,9,福勝,2024-10-15,6950
00770,國泰北美科技,9,0,9,福勝,2024-10-15,6950
2031,新光鋼,10,1,9,福勝,2024-10-15,6950
2340,台亞,8,0,8,福勝,2024-10-15,6950
00680L,元大美債20正2,151,0,151,福勝,2024-10-16,6950
00632R,元大台灣50反1,100,2,98,福勝,2024-10-16,6950
0056,元大高股息,87,5,82,福勝,2024-10-16,6950
1785,光洋科,78,2,76,福勝,2024-10-16,6950
00922,國泰台灣領袖50,70,0,70,福勝,2024-10-16,6950
00887,永豐中國科技50大,59,0,59,福勝,2024-10-16,6950
00940,元大台灣價值高息,58,5,53,福勝,2024-10-16,6950
2897,王道銀行,51,0,51,福勝,2024-10-16,6950
3481,群創,102,52,50,福勝,2024-10-16,6950
00946,群益科技高息成長,50,0,50,福勝,2024-10-16,6950
1314,中石化,50,0,50,福勝,2024-10-16,6950
2845,遠東銀,50,0,50,福勝,2024-10-16,6950
2002,中鋼,41,0,41,福勝,2024-10-16,6950
3339,泰谷,37,0,37,福勝,2024-10-16,6950
00878,國泰永續高股息,35,1,34,福勝,2024-10-16,6950
2883,凱基金,35,1,34,福勝,2024-10-16,6950
00905,FT臺灣Smart,33,0,33,福勝,2024-10-16,6950
00912,中信臺灣智慧50,30,0,30,福勝,2024-10-16,6950
2641,正德,30,0,30,福勝,2024-10-16,6950
6274,台燿,28,0,28,福勝,2024-10-16,6950
5481,新華,26,1,25,福勝,2024-10-16,6950
00730,富邦臺灣優質高息,23,0,23,福勝,2024-10-16,6950
00960,野村全球航運龍頭,23,0,23,福勝,2024-10-16,6950
6763,綠界科技*,25,2,23,福勝,2024-10-16,6950
00713,元大台灣高息低波,24,2,22,福勝,2024-10-16,6950
3673,TPK-KY,21,0,21,福勝,2024-10-16,6950
6168,宏齊,37,16,21,福勝,2024-10-16,6950
1905,華紙,20,0,20,福勝,2024-10-16,6950
2241,艾姆勒,41,21,20,福勝,2024-10-16,6950
8112,至上,20,0,20,福勝,2024-10-16,6950
00919,群益台灣精選高息,19,0,19,福勝,2024-10-16,6950
2014,中鴻,19,0,19,福勝,2024-10-16,6950
2887,台新金,19,0,19,福勝,2024-10-16,6950
00687B,國泰20年美債,20,2,18,福勝,2024-10-16,6950
2481,強茂,18,0,18,福勝,2024-10-16,6950
2344,華邦電,18,2,16,福勝,2024-10-16,6950
00725B,國泰投資級公司債,14,0,14,福勝,2024-10-16,6950
3209,全科,17,3,14,福勝,2024-10-16,6950
6104,創惟,15,1,14,福勝,2024-10-16,6950
2486,一詮,30,17,13,福勝,2024-10-16,6950
00951,台新日本半導體,12,0,12,福勝,2024-10-16,6950
6712,長聖,12,0,12,福勝,2024-10-16,6950
8032,光菱,17,5,12,福勝,2024-10-16,6950
3615,安可,12,1,11,福勝,2024-10-16,6950
4958,臻鼎-KY,13,2,11,福勝,2024-10-16,6950
5452,佶優,31,20,11,福勝,2024-10-16,6950
00715L,期街口布蘭特正2,10,0,10,福勝,2024-10-16,6950
1710,東聯,10,0,10,福勝,2024-10-16,6950
1909,榮成,10,0,10,福勝,2024-10-16,6950
2017,官田鋼,10,0,10,福勝,2024-10-16,6950
00953B,群益優選非投等債,500,0,500,福勝,2024-10-17,6950
2867,三商壽,300,8,292,福勝,2024-10-17,6950
00905,FT臺灣Smart,143,8,135,福勝,2024-10-17,6950
00715L,期街口布蘭特正2,107,0,107,福勝,2024-10-17,6950
00680L,元大美債20正2,102,0,102,福勝,2024-10-17,6950
3049,精金,85,1,84,福勝,2024-10-17,6950
2312,金寶,151,78,73,福勝,2024-10-17,6950
0056,元大高股息,71,0,71,福勝,2024-10-17,6950
00922,國泰台灣領袖50,61,0,61,福勝,2024-10-17,6950
2801,彰銀,51,0,51,福勝,2024-10-17,6950
9105,泰金寶-DR,115,68,47,福勝,2024-10-17,6950
00887,永豐中國科技50大,39,0,39,福勝,2024-10-17,6950
3060,銘異,41,4,37,福勝,2024-10-17,6950
6156,松上,35,0,35,福勝,2024-10-17,6950
2543,皇昌,37,4,33,福勝,2024-10-17,6950
2538,基泰,30,0,30,福勝,2024-10-17,6950
6603,富強鑫,30,0,30,福勝,2024-10-17,6950
00679B,元大美債20年,29,0,29,福勝,2024-10-17,6950
8064,東捷,35,8,27,福勝,2024-10-17,6950
3481,群創,84,59,25,福勝,2024-10-17,6950
2332,友訊,25,1,24,福勝,2024-10-17,6950
2426,鼎元,26,3,23,福勝,2024-10-17,6950
3520,華盈,22,1,21,福勝,2024-10-17,6950
2420,新巨,20,0,20,福勝,2024-10-17,6950
5202,力新,21,1,20,福勝,2024-10-17,6950
6443,元晶,21,4,17,福勝,2024-10-17,6950
2412,中華電,16,0,16,福勝,2024-10-17,6950
4956,光鋐,14,0,14,福勝,2024-10-17,6950
2330,台積電,18,5,13,福勝,2024-10-17,6950
4533,協易機,15,2,13,福勝,2024-10-17,6950
2303,聯電,15,3,12,福勝,2024-10-17,6950
5498,凱崴,12,0,12,福勝,2024-10-17,6950
2399,映泰,41,30,11,福勝,2024-10-17,6950
6117,迎廣,12,1,11,福勝,2024-10-17,6950
4903,聯光通,14,3,11,福勝,2024-10-17,6950
00960,野村全球航運龍頭,10,0,10,福勝,2024-10-17,6950
1582,信錦,10,0,10,福勝,2024-10-17,6950
2605,新興,10,0,10,福勝,2024-10-17,6950
4541,晟田,10,0,10,福勝,2024-10-17,6950
5452,佶優,38,28,10,福勝,2024-10-17,6950
6706,惠特,11,1,10,福勝,2024-10-17,6950
00637L,元大滬深300正2,23,14,9,福勝,2024-10-17,6950
00725B,國泰投資級公司債,9,0,9,福勝,2024-10-17,6950
3055,蔚華科,9,0,9,福勝,2024-10-17,6950
4174,浩鼎,8,0,8,福勝,2024-10-17,6950
4729,熒茂,8,0,8,福勝,2024-10-17,6950
8039,台虹,9,1,8,福勝,2024-10-17,6950
00954,中信日本半導體,7,0,7,福勝,2024-10-17,6950
00878,國泰永續高股息,8,1,7,福勝,2024-10-17,6950
00882,中信中國高股息,7,0,7,福勝,2024-10-17,6950
2867,三商壽,982,10,972,福勝,2024-10-18,6950
00953B,群益優選非投等債,500,0,500,福勝,2024-10-18,6950
00929,復華台灣科技優息,259,9,250,福勝,2024-10-18,6950
00632R,元大台灣50反1,221,10,211,福勝,2024-10-18,6950
00940,元大台灣價值高息,181,16,165,福勝,2024-10-18,6950
3576,聯合再生,100,1,99,福勝,2024-10-18,6950
2303,聯電,77,3,74,福勝,2024-10-18,6950
8111,立��,60,14,46,福勝,2024-10-18,6950
0056,元大高股息,64,20,44,福勝,2024-10-18,6950
00679B,元大美債20年,39,0,39,福勝,2024-10-18,6950
00937B,群益ESG投等債20,42,6,36,福勝,2024-10-18,6950
2316,楠梓電,35,0,35,福勝,2024-10-18,6950
5452,佶優,41,7,34,福勝,2024-10-18,6950
00706L,期元大S＆P日圓正2,30,0,30,福勝,2024-10-18,6950
2392,正崴,30,0,30,福勝,2024-10-18,6950
4714,永捷,30,0,30,福勝,2024-10-18,6950
00887,永豐中國科技50大,34,5,29,福勝,2024-10-18,6950
2402,毅嘉,30,1,29,福勝,2024-10-18,6950
6712,長聖,28,1,27,福勝,2024-10-18,6950
00687B,國泰20年美債,27,3,24,福勝,2024-10-18,6950
00637L,元大滬深300正2,28,5,23,福勝,2024-10-18,6950
3545,敦泰,21,0,21,福勝,2024-10-18,6950
00919,群益台灣精選高息,23,3,20,福勝,2024-10-18,6950
2101,南港,20,0,20,福勝,2024-10-18,6950
2399,映泰,32,12,20,福勝,2024-10-18,6950
3673,TPK-KY,20,0,20,福勝,2024-10-18,6950
4114,健喬,20,0,20,福勝,2024-10-18,6950
8028,昇陽半導體,48,30,18,福勝,2024-10-18,6950
1597,直得,16,0,16,福勝,2024-10-18,6950
3706,神達,16,0,16,福勝,2024-10-18,6950
00949,復華日本龍頭,15,0,15,福勝,2024-10-18,6950
3450,聯鈞,18,5,13,福勝,2024-10-18,6950
5392,能率,17,4,13,福勝,2024-10-18,6950
1808,潤隆,11,0,11,福勝,2024-10-18,6950
2449,京元電子,15,4,11,福勝,2024-10-18,6950
4562,穎漢,27,16,11,福勝,2024-10-18,6950
3707,漢磊,10,0,10,福勝,2024-10-18,6950
00772B,中信高評級公司債,10,0,10,福勝,2024-10-18,6950
2374,佳能,13,3,10,福勝,2024-10-18,6950
2538,基泰,10,0,10,福勝,2024-10-18,6950
3162,精確,11,1,10,福勝,2024-10-18,6950
4533,協易機,10,0,10,福勝,2024-10-18,6950
4545,銘鈺,11,1,10,福勝,2024-10-18,6950
4906,正文,10,0,10,福勝,2024-10-18,6950
6108,競國,10,0,10,福勝,2024-10-18,6950
6770,力積電,40,30,10,福勝,2024-10-18,6950
8150,南茂,10,0,10,福勝,2024-10-18,6950
2436,偉詮電,9,0,9,福勝,2024-10-18,6950
2888,新光金,9,0,9,福勝,2024-10-18,6950
3030,德律,10,1,9,福勝,2024-10-18,6950
00905,FT臺灣Smart,164,1,163,福勝,2024-10-21,6950
00715L,期街口布蘭特正2,135,2,133,福勝,2024-10-21,6950
00953B,群益優選非投等債,100,0,100,福勝,2024-10-21,6950
4123,晟德,100,10,90,福勝,2024-10-21,6950
00937B,群益ESG投等債20,87,0,87,福勝,2024-10-21,6950
00929,復華台灣科技優息,81,14,67,福勝,2024-10-21,6950
2883,凱基金,52,1,51,福勝,2024-10-21,6950
2891,中信金,33,0,33,福勝,2024-10-21,6950
4533,協易機,30,0,30,福勝,2024-10-21,6950
9955,佳龍,30,0,30,福勝,2024-10-21,6950
00738U,期元大道瓊白銀,30,1,29,福勝,2024-10-21,6950
00882,中信中國高股息,30,4,26,福勝,2024-10-21,6950
3260,威剛,26,0,26,福勝,2024-10-21,6950
2010,春源,25,0,25,福勝,2024-10-21,6950
00881,國泰台灣5G+,30,6,24,福勝,2024-10-21,6950
2303,聯電,37,13,24,福勝,2024-10-21,6950
00772B,中信高評級公司債,23,0,23,福勝,2024-10-21,6950
2887,台新金,23,0,23,福勝,2024-10-21,6950
2884,玉山金,22,0,22,福勝,2024-10-21,6950
00878,國泰永續高股息,23,2,21,福勝,2024-10-21,6950
2412,中華電,21,0,21,福勝,2024-10-21,6950
9105,泰金寶-DR,21,0,21,福勝,2024-10-21,6950
00959B,大華投等美債15Y+,20,0,20,福勝,2024-10-21,6950
1516,川飛,20,0,20,福勝,2024-10-21,6950
2356,英業達,23,3,20,福勝,2024-10-21,6950
2836,高雄銀,20,0,20,福勝,2024-10-21,6950
3013,晟銘電,25,5,20,福勝,2024-10-21,6950
6158,禾昌,19,0,19,福勝,2024-10-21,6950
2618,長榮航,20,2,18,福勝,2024-10-21,6950
6742,澤米,25,7,18,福勝,2024-10-21,6950
00673R,期元大S＆P原油反1,19,2,17,福勝,2024-10-21,6950
1301,台塑,14,0,14,福勝,2024-10-21,6950
4903,聯光通,26,12,14,福勝,2024-10-21,6950
00922,國泰台灣領袖50,18,5,13,福勝,2024-10-21,6950
00950B,凱基A級公司債,13,0,13,福勝,2024-10-21,6950
00642U,期元大S＆P石油,12,0,12,福勝,2024-10-21,6950
1709,和益,17,5,12,福勝,2024-10-21,6950
4562,穎漢,15,3,12,福勝,2024-10-21,6950
006208,富邦台50,13,1,12,福勝,2024-10-21,6950
00753L,中信中國50正2,15,4,11,福勝,2024-10-21,6950
00725B,國泰投資級公司債,11,0,11,福勝,2024-10-21,6950
2367,燿華,11,0,11,福勝,2024-10-21,6950
2419,仲琦,12,1,11,福勝,2024-10-21,6950
3060,銘異,11,0,11,福勝,2024-10-21,6950
6763,綠界科技*,12,1,11,福勝,2024-10-21,6950
00923,群益台ESG低碳50,10,0,10,福勝,2024-10-21,6950
00632R,元大台灣50反1,10,0,10,福勝,2024-10-21,6950
00958B,永豐ESG銀行債15,10,0,10,福勝,2024-10-21,6950
1231,聯華食,10,0,10,福勝,2024-10-21,6950
2014,中鴻,10,0,10,福勝,2024-10-21,6950
00665L,富邦�琤肭磪囓�2,344,4,340,福勝,2024-10-22,6950
2883B,凱基金乙特,326,18,308,福勝,2024-10-22,6950
00937B,群益ESG投等債20,254,0,254,福勝,2024-10-22,6950
2883,凱基金,215,6,209,福勝,2024-10-22,6950
5880,合庫金,117,0,117,福勝,2024-10-22,6950
2880,華南金,106,6,100,福勝,2024-10-22,6950
2886,兆豐金,62,0,62,福勝,2024-10-22,6950
3615,安可,84,30,54,福勝,2024-10-22,6950
00679B,元大美債20年,52,1,51,福勝,2024-10-22,6950
00687B,國泰20年美債,51,0,51,福勝,2024-10-22,6950
2801,彰銀,50,0,50,福勝,2024-10-22,6950
00929,復華台灣科技優息,55,12,43,福勝,2024-10-22,6950
1522,堤維西,31,0,31,福勝,2024-10-22,6950
3011,今皓,31,0,31,福勝,2024-10-22,6950
2329,華泰,26,1,25,福勝,2024-10-22,6950
2353,宏��,37,13,24,福勝,2024-10-22,6950
2303,聯電,24,1,23,福勝,2024-10-22,6950
5014,建錩,23,0,23,福勝,2024-10-22,6950
2032,新鋼,22,0,22,福勝,2024-10-22,6950
00959B,大華投等美債15Y+,21,0,21,福勝,2024-10-22,6950
1409,新纖,20,0,20,福勝,2024-10-22,6950
1440,南紡,20,0,20,福勝,2024-10-22,6950
2889,國票金,20,0,20,福勝,2024-10-22,6950
3511,矽瑪,20,0,20,福勝,2024-10-22,6950
00725B,國泰投資級公司債,18,0,18,福勝,2024-10-22,6950
2363,矽統,39,21,18,福勝,2024-10-22,6950
00935,野村臺灣新科技50,16,0,16,福勝,2024-10-22,6950
2426,鼎元,16,0,16,福勝,2024-10-22,6950
4903,聯光通,17,1,16,福勝,2024-10-22,6950
1595,川寶,20,5,15,福勝,2024-10-22,6950
00948B,中信優息投資級債,15,0,15,福勝,2024-10-22,6950
4545,銘鈺,15,0,15,福勝,2024-10-22,6950
2359,所羅門,18,3,15,福勝,2024-10-22,6950
2408,南亞科,14,0,14,福勝,2024-10-22,6950
2477,美隆電,17,3,14,福勝,2024-10-22,6950
00720B,元大投資級公司債,12,0,12,福勝,2024-10-22,6950
1540,喬福,17,5,12,福勝,2024-10-22,6950
9105,泰金寶-DR,12,0,12,福勝,2024-10-22,6950
1530,亞崴,12,1,11,福勝,2024-10-22,6950
2313,華通,18,7,11,福勝,2024-10-22,6950
3504,揚明光,12,1,11,福勝,2024-10-22,6950
4533,協易機,15,4,11,福勝,2024-10-22,6950
6168,宏齊,12,1,11,福勝,2024-10-22,6950
2002,中鋼,11,0,11,福勝,2024-10-22,6950
2543,皇昌,15,5,10,福勝,2024-10-22,6950
00772B,中信高評級公司債,10,0,10,福勝,2024-10-22,6950
00942B,台新美A公司債20+,10,0,10,福勝,2024-10-22,6950
1718,中纖,10,0,10,福勝,2024-10-22,6950
1721,三晃,10,0,10,福勝,2024-10-22,6950
1722,台肥,10,0,10,福勝,2024-10-22,6950
00953B,群益優選非投等債,500,0,500,福勝,2024-10-23,6950
2888,新光金,208,0,208,福勝,2024-10-23,6950
00680L,元大美債20正2,110,0,110,福勝,2024-10-23,6950
4123,晟德,100,1,99,福勝,2024-10-23,6950
3481,群創,101,46,55,福勝,2024-10-23,6950
00687B,國泰20年美債,52,0,52,福勝,2024-10-23,6950
2812,台中銀,50,0,50,福勝,2024-10-23,6950
00878,國泰永續高股息,48,0,48,福勝,2024-10-23,6950
00919,群益台灣精選高息,53,7,46,福勝,2024-10-23,6950
2329,華泰,52,9,43,福勝,2024-10-23,6950
00712,復華富時不動產,37,0,37,福勝,2024-10-23,6950
2317,鴻海,36,2,34,福勝,2024-10-23,6950
6005,群益證,30,0,30,福勝,2024-10-23,6950
2303,聯電,30,1,29,福勝,2024-10-23,6950
0056,元大高股息,28,0,28,福勝,2024-10-23,6950
2337,旺宏,28,0,28,福勝,2024-10-23,6950
2412,中華電,28,0,28,福勝,2024-10-23,6950
2897,王道銀行,28,0,28,福勝,2024-10-23,6950
00937B,群益ESG投等債20,27,0,27,福勝,2024-10-23,6950
2892,第一金,24,0,24,福勝,2024-10-23,6950
3049,精金,42,18,24,福勝,2024-10-23,6950
2543,皇昌,26,3,23,福勝,2024-10-23,6950
00673R,期元大S＆P原油反1,22,0,22,福勝,2024-10-23,6950
00959B,大華投等美債15Y+,22,0,22,福勝,2024-10-23,6950
2464,盟立,26,4,22,福勝,2024-10-23,6950
2542,興富發,21,0,21,福勝,2024-10-23,6950
2618,長榮航,21,1,20,福勝,2024-10-23,6950
2889,國票金,20,0,20,福勝,2024-10-23,6950
2929,淘帝-KY,20,0,20,福勝,2024-10-23,6950
5202,力新,20,0,20,福勝,2024-10-23,6950
6770,力積電,27,7,20,福勝,2024-10-23,6950
2353,宏��,19,0,19,福勝,2024-10-23,6950
2431,聯昌,33,15,18,福勝,2024-10-23,6950
2883B,凱基金乙特,25,7,18,福勝,2024-10-23,6950
3037,欣興,32,15,17,福勝,2024-10-23,6950
2363,矽統,29,12,17,福勝,2024-10-23,6950
5014,建錩,16,0,16,福勝,2024-10-23,6950
2832,台產,15,0,15,福勝,2024-10-23,6950
5452,佶優,20,5,15,福勝,2024-10-23,6950
2834,臺企銀,15,1,14,福勝,2024-10-23,6950
00905,FT臺灣Smart,14,0,14,福勝,2024-10-23,6950
2887,台新金,14,0,14,福勝,2024-10-23,6950
3402,漢科,14,0,14,福勝,2024-10-23,6950
2458,義隆,13,0,13,福勝,2024-10-23,6950
6117,迎廣,12,0,12,福勝,2024-10-23,6950
2855,統一證,12,0,12,福勝,2024-10-23,6950
1718,中纖,11,0,11,福勝,2024-10-23,6950
3550,聯穎,11,0,11,福勝,2024-10-23,6950
2880,華南金,10,0,10,福勝,2024-10-23,6950
00922,國泰台灣領袖50,10,0,10,福勝,2024-10-23,6950
00878,國泰永續高股息,133,32,101,福勝,2024-10-24,6950
1721,三晃,78,13,65,福勝,2024-10-24,6950
0056,元大高股息,62,0,62,福勝,2024-10-24,6950
00919,群益台灣精選高息,98,36,62,福勝,2024-10-24,6950
2883B,凱基金乙特,62,0,62,福勝,2024-10-24,6950
00679B,元大美債20年,60,0,60,福勝,2024-10-24,6950
6104,創惟,52,0,52,福勝,2024-10-24,6950
9955,佳龍,50,0,50,福勝,2024-10-24,6950
1609,大亞,40,0,40,福勝,2024-10-24,6950
2303,聯電,37,0,37,福勝,2024-10-24,6950
00922,國泰台灣領袖50,30,1,29,福勝,2024-10-24,6950
2312,金寶,71,43,28,福勝,2024-10-24,6950
9938,百和,28,0,28,福勝,2024-10-24,6950
3481,群創,51,25,26,福勝,2024-10-24,6950
2538,基泰,26,0,26,福勝,2024-10-24,6950
1810,和成,25,0,25,福勝,2024-10-24,6950
2887,台新金,32,7,25,福勝,2024-10-24,6950
00753L,中信中國50正2,24,0,24,福勝,2024-10-24,6950
3545,敦泰,25,1,24,福勝,2024-10-24,6950
1524,耿鼎,51,28,23,福勝,2024-10-24,6950
2426,鼎元,22,0,22,福勝,2024-10-24,6950
2820,華票,20,0,20,福勝,2024-10-24,6950
3232,昱捷,20,0,20,福勝,2024-10-24,6950
3550,聯穎,20,0,20,福勝,2024-10-24,6950
00632R,元大台灣50反1,19,0,19,福勝,2024-10-24,6950
2892,第一金,20,1,19,福勝,2024-10-24,6950
1802,台玻,29,11,18,福勝,2024-10-24,6950
2543,皇昌,28,10,18,福勝,2024-10-24,6950
2388,威盛,26,9,17,福勝,2024-10-24,6950
00673R,期元大S＆P原油反1,17,0,17,福勝,2024-10-24,6950
6706,惠特,23,6,17,福勝,2024-10-24,6950
1709,和益,15,0,15,福勝,2024-10-24,6950
4716,大立,29,14,15,福勝,2024-10-24,6950
6180,橘子,18,3,15,福勝,2024-10-24,6950
6456,GIS-KY,30,16,14,福勝,2024-10-24,6950
8096,擎亞,16,2,14,福勝,2024-10-24,6950
00960,野村全球航運龍頭,13,0,13,福勝,2024-10-24,6950
5351,鈺創,15,2,13,福勝,2024-10-24,6950
2399,映泰,21,9,12,福勝,2024-10-24,6950
2605,新興,12,0,12,福勝,2024-10-24,6950
3003,健和興,12,0,12,福勝,2024-10-24,6950
3066,李洲,12,0,12,福勝,2024-10-24,6950
3450,聯鈞,17,5,12,福勝,2024-10-24,6950
2431,聯昌,31,20,11,福勝,2024-10-24,6950
3011,今皓,11,0,11,福勝,2024-10-24,6950
6213,聯茂,13,2,11,福勝,2024-10-24,6950
1528,恩德,32,21,11,福勝,2024-10-24,6950
2382,廣達,18,8,10,福勝,2024-10-24,6950
00725B,國泰投資級公司債,10,0,10,福勝,2024-10-24,6950
1618,合機,10,0,10,福勝,2024-10-24,6950
2646,星宇航空,296,20,276,福勝,2024-10-25,6950
2538,基泰,84,0,84,福勝,2024-10-25,6950
00715L,期街口布蘭特正2,61,0,61,福勝,2024-10-25,6950
2303,聯電,48,8,40,福勝,2024-10-25,6950
2884,玉山金,32,0,32,福勝,2024-10-25,6950
2812,台中銀,30,0,30,福勝,2024-10-25,6950
3232,昱捷,30,0,30,福勝,2024-10-25,6950
00687B,國泰20年美債,27,0,27,福勝,2024-10-25,6950
00937B,群益ESG投等債20,30,4,26,福勝,2024-10-25,6950
00960,野村全球航運龍頭,23,0,23,福勝,2024-10-25,6950
3520,華盈,58,35,23,福勝,2024-10-25,6950
3058,立德,20,0,20,福勝,2024-10-25,6950
8096,擎亞,20,0,20,福勝,2024-10-25,6950
4711,永純,19,0,19,福勝,2024-10-25,6950
6142,友勁,22,5,17,福勝,2024-10-25,6950
2344,華邦電,17,2,15,福勝,2024-10-25,6950
2431,聯昌,15,0,15,福勝,2024-10-25,6950
6532,瑞耘,15,0,15,福勝,2024-10-25,6950
00932,兆豐永續高息等權,13,0,13,福勝,2024-10-25,6950
3437,榮創,13,0,13,福勝,2024-10-25,6950
1110,東泥,12,0,12,福勝,2024-10-25,6950
2489,瑞軒,12,0,12,福勝,2024-10-25,6950
6180,橘子,18,6,12,福勝,2024-10-25,6950
00929,復華台灣科技優息,12,1,11,福勝,2024-10-25,6950
3615,安可,15,4,11,福勝,2024-10-25,6950
4174,浩鼎,11,0,11,福勝,2024-10-25,6950
4526,東台,12,1,11,福勝,2024-10-25,6950
00896,中信綠能及電動車,11,1,10,福勝,2024-10-25,6950
2355,敬鵬,10,0,10,福勝,2024-10-25,6950
2405,輔信,18,8,10,福勝,2024-10-25,6950
3042,晶技,10,0,10,福勝,2024-10-25,6950
3550,聯穎,10,0,10,福勝,2024-10-25,6950
6226,光鼎,10,0,10,福勝,2024-10-25,6950
6770,力積電,13,3,10,福勝,2024-10-25,6950
1786,科妍,9,0,9,福勝,2024-10-25,6950
5521,工信,12,3,9,福勝,2024-10-25,6950
00731,復華富時高息低波,8,0,8,福勝,2024-10-25,6950
1540,喬福,8,0,8,福勝,2024-10-25,6950
2329,華泰,8,0,8,福勝,2024-10-25,6950
3037,欣興,17,9,8,福勝,2024-10-25,6950
3013,晟銘電,13,5,8,福勝,2024-10-25,6950
2399,映泰,8,0,8,福勝,2024-10-25,6950
6288,聯嘉,20,12,8,福勝,2024-10-25,6950
3450,聯鈞,15,8,7,福勝,2024-10-25,6950
00931B,統一美債20年,7,0,7,福勝,2024-10-25,6950
2369,菱生,10,3,7,福勝,2024-10-25,6950
2495,普安,23,16,7,福勝,2024-10-25,6950
6117,迎廣,7,0,7,福勝,2024-10-25,6950
1795,美時,6,0,6,福勝,2024-10-25,6950
2408,南亞科,6,0,6,福勝,2024-10-25,6950
2356,英業達,206,3,203,福勝,2024-10-28,6950
2646,星宇航空,106,17,89,福勝,2024-10-28,6950
2613,中櫃,66,10,56,福勝,2024-10-28,6950
2543,皇昌,46,3,43,福勝,2024-10-28,6950
1815,富喬,44,2,42,福勝,2024-10-28,6950
3232,昱捷,35,0,35,福勝,2024-10-28,6950
3231,緯創,44,12,32,福勝,2024-10-28,6950
2455,全新,32,2,30,福勝,2024-10-28,6950
6288,聯嘉,30,0,30,福勝,2024-10-28,6950
2002,中鋼,30,0,30,福勝,2024-10-28,6950
2302,麗正,38,8,30,福勝,2024-10-28,6950
2355,敬鵬,30,0,30,福勝,2024-10-28,6950
2406,國碩,30,0,30,福勝,2024-10-28,6950
2883,凱基金,51,23,28,福勝,2024-10-28,6950
2303,聯電,27,0,27,福勝,2024-10-28,6950
00893,國泰智能電動車,25,0,25,福勝,2024-10-28,6950
2312,金寶,27,2,25,福勝,2024-10-28,6950
3520,華盈,29,4,25,福勝,2024-10-28,6950
1312,國喬,26,3,23,福勝,2024-10-28,6950
3011,今皓,23,0,23,福勝,2024-10-28,6950
4726,永昕,22,0,22,福勝,2024-10-28,6950
5328,華容,22,0,22,福勝,2024-10-28,6950
8103,瀚荃,20,0,20,福勝,2024-10-28,6950
3189,景碩,18,0,18,福勝,2024-10-28,6950
00642U,期元大S＆P石油,17,0,17,福勝,2024-10-28,6950
2402,毅嘉,15,0,15,福勝,2024-10-28,6950
8390,金益鼎,15,0,15,福勝,2024-10-28,6950
2329,華泰,15,1,14,福勝,2024-10-28,6950
0056,元大高股息,15,2,13,福勝,2024-10-28,6950
6114,久威,13,0,13,福勝,2024-10-28,6950
6770,力積電,15,2,13,福勝,2024-10-28,6950
2892,第一金,18,5,13,福勝,2024-10-28,6950
2330,台積電,14,2,12,福勝,2024-10-28,6950
00731,復華富時高息低波,11,0,11,福勝,2024-10-28,6950
2353,宏��,14,3,11,福勝,2024-10-28,6950
2426,鼎元,11,0,11,福勝,2024-10-28,6950
6579,研揚,11,0,11,福勝,2024-10-28,6950
4510,高鋒,14,3,11,福勝,2024-10-28,6950
00943,兆豐電子高息等權,10,0,10,福勝,2024-10-28,6950
2331,精英,10,0,10,福勝,2024-10-28,6950
2538,基泰,10,0,10,福勝,2024-10-28,6950
5457,宣德,10,0,10,福勝,2024-10-28,6950
6456,GIS-KY,20,10,10,福勝,2024-10-28,6950
8933,愛地雅,10,0,10,福勝,2024-10-28,6950
9103,美德醫療-DR,10,0,10,福勝,2024-10-28,6950
2201,裕隆,15,6,9,福勝,2024-10-28,6950
2369,菱生,12,3,9,福勝,2024-10-28,6950
6104,創惟,10,1,9,福勝,2024-10-28,6950
00679B,元大美債20年,9,0,9,福勝,2024-10-28,6950
8021,尖點,9,1,8,福勝,2024-10-28,6950
2883,凱基金,220,0,220,福勝,2024-10-29,6950
00929,復華台灣科技優息,130,0,130,福勝,2024-10-29,6950
2303,聯電,139,20,119,福勝,2024-10-29,6950
00919,群益台灣精選高息,99,0,99,福勝,2024-10-29,6950
5340,建榮,55,0,55,福勝,2024-10-29,6950
00878,國泰永續高股息,60,6,54,福勝,2024-10-29,6950
2897,王道銀行,53,0,53,福勝,2024-10-29,6950
0056,元大高股息,54,2,52,福勝,2024-10-29,6950
2538,基泰,51,0,51,福勝,2024-10-29,6950
5452,佶優,45,1,44,福勝,2024-10-29,6950
00940,元大台灣價值高息,40,0,40,福勝,2024-10-29,6950
2355,敬鵬,40,0,40,福勝,2024-10-29,6950
1409,新纖,35,0,35,福勝,2024-10-29,6950
3290,東浦,36,2,34,福勝,2024-10-29,6950
5488,松普,36,3,33,福勝,2024-10-29,6950
00958B,永豐ESG銀行債15,30,0,30,福勝,2024-10-29,6950
1522,堤維西,30,0,30,福勝,2024-10-29,6950
8249,菱光,38,9,29,福勝,2024-10-29,6950
00922,國泰台灣領袖50,28,0,28,福勝,2024-10-29,6950
1312,國喬,28,0,28,福勝,2024-10-29,6950
2892,第一金,28,0,28,福勝,2024-10-29,6950
2646,星宇航空,62,35,27,福勝,2024-10-29,6950
00943,兆豐電子高息等權,26,0,26,福勝,2024-10-29,6950
2344,華邦電,26,0,26,福勝,2024-10-29,6950
2867,三商壽,26,0,26,福勝,2024-10-29,6950
8107,大億金茂,40,17,23,福勝,2024-10-29,6950
00891,中信關鍵半導體,22,0,22,福勝,2024-10-29,6950
00918,大華優利高填息30,22,1,21,福勝,2024-10-29,6950
2317,鴻海,56,35,21,福勝,2024-10-29,6950
00857B,永豐20年美公債,20,0,20,福勝,2024-10-29,6950
2812,台中銀,20,0,20,福勝,2024-10-29,6950
2889,國票金,20,0,20,福勝,2024-10-29,6950
4545,銘鈺,20,0,20,福勝,2024-10-29,6950
6530,創威,24,4,20,福勝,2024-10-29,6950
1528,恩德,24,6,18,福勝,2024-10-29,6950
00712,復華富時不動產,18,0,18,福勝,2024-10-29,6950
2399,映泰,26,8,18,福勝,2024-10-29,6950
00715L,期街口布蘭特正2,19,2,17,福勝,2024-10-29,6950
8176,智捷,20,3,17,福勝,2024-10-29,6950
2543,皇昌,25,9,16,福勝,2024-10-29,6950
2610,華航,22,6,16,福勝,2024-10-29,6950
3232,昱捷,16,0,16,福勝,2024-10-29,6950
1416,廣豐,15,0,15,福勝,2024-10-29,6950
00881,國泰台灣5G+,14,0,14,福勝,2024-10-29,6950
6142,友勁,13,0,13,福勝,2024-10-29,6950
8028,昇陽半導體,14,2,12,福勝,2024-10-29,6950
1524,耿鼎,12,0,12,福勝,2024-10-29,6950
2405,輔信,15,3,12,福勝,2024-10-29,6950
4114,健喬,12,0,12,福勝,2024-10-29,6950
6282,康舒,12,0,12,福勝,2024-10-29,6950
2883,凱基金,370,0,370,福勝,2024-10-30,6950
00715L,期街口布蘭特正2,182,2,180,福勝,2024-10-30,6950
2477,美隆電,172,0,172,福勝,2024-10-30,6950
2303,聯電,58,1,57,福勝,2024-10-30,6950
2337,旺宏,50,4,46,福勝,2024-10-30,6950
2646,星宇航空,37,0,37,福勝,2024-10-30,6950
00929,復華台灣科技優息,37,1,36,福勝,2024-10-30,6950
3481,群創,38,3,35,福勝,2024-10-30,6950
6109,亞元,35,0,35,福勝,2024-10-30,6950
2887,台新金,33,0,33,福勝,2024-10-30,6950
00753L,中信中國50正2,34,4,30,福勝,2024-10-30,6950
4545,銘鈺,30,0,30,福勝,2024-10-30,6950
3607,谷崧,36,11,25,福勝,2024-10-30,6950
0056,元大高股息,23,0,23,福勝,2024-10-30,6950
2392,正崴,36,13,23,福勝,2024-10-30,6950
9955,佳龍,23,0,23,福勝,2024-10-30,6950
00922,國泰台灣領袖50,22,0,22,福勝,2024-10-30,6950
00642U,期元大S＆P石油,21,0,21,福勝,2024-10-30,6950
2420,新巨,20,0,20,福勝,2024-10-30,6950
4510,高鋒,25,5,20,福勝,2024-10-30,6950
6282,康舒,17,0,17,福勝,2024-10-30,6950
6278,台表科,26,10,16,福勝,2024-10-30,6950
00738U,期元大道瓊白銀,15,0,15,福勝,2024-10-30,6950
3290,東浦,16,1,15,福勝,2024-10-30,6950
8011,台通,15,0,15,福勝,2024-10-30,6950
2330,台積電,17,3,14,福勝,2024-10-30,6950
3105,穩懋,14,0,14,福勝,2024-10-30,6950
00878,國泰永續高股息,14,0,14,福勝,2024-10-30,6950
00940,元大台灣價值高息,14,0,14,福勝,2024-10-30,6950
00919,群益台灣精選高息,24,11,13,福勝,2024-10-30,6950
2353,宏��,14,2,12,福勝,2024-10-30,6950
4919,新唐,25,13,12,福勝,2024-10-30,6950
2356,英業達,14,3,11,福勝,2024-10-30,6950
1314,中石化,10,0,10,福勝,2024-10-30,6950
1536,和大,10,0,10,福勝,2024-10-30,6950
2809,京城銀,10,0,10,福勝,2024-10-30,6950
3550,聯穎,10,0,10,福勝,2024-10-30,6950
4720,德淵,10,0,10,福勝,2024-10-30,6950
5488,松普,10,0,10,福勝,2024-10-30,6950
9914,美利達,10,0,10,福勝,2024-10-30,6950
2892,第一金,10,0,10,福勝,2024-10-30,6950
00896,中信綠能及電動車,9,0,9,福勝,2024-10-30,6950
00946,群益科技高息成長,9,0,9,福勝,2024-10-30,6950
2408,南亞科,9,0,9,福勝,2024-10-30,6950
2727,王品,9,0,9,福勝,2024-10-30,6950
6104,創惟,10,1,9,福勝,2024-10-30,6950
6150,撼訊,11,2,9,福勝,2024-10-30,6950
2454,聯發科,8,0,8,福勝,2024-10-30,6950
1231,聯華食,8,0,8,福勝,2024-10-30,6950
2439,美律,8,0,8,福勝,2024-10-30,6950
00953B,群益優選非投等債,474,0,474,福勝,2024-11-01,6950
2883,凱基金,142,0,142,福勝,2024-11-01,6950
2303,聯電,124,5,119,福勝,2024-11-01,6950
00878,國泰永續高股息,67,0,67,福勝,2024-11-01,6950
00919,群益台灣精選高息,70,3,67,福勝,2024-11-01,6950
2801,彰銀,50,0,50,福勝,2024-11-01,6950
00673R,期元大S＆P原油反1,46,0,46,福勝,2024-11-01,6950
2884,玉山金,45,1,44,福勝,2024-11-01,6950
2337,旺宏,36,0,36,福勝,2024-11-01,6950
00712,復華富時不動產,25,0,25,福勝,2024-11-01,6950
4958,臻鼎-KY,24,0,24,福勝,2024-11-01,6950
00940,元大台灣價值高息,33,10,23,福勝,2024-11-01,6950
2415,錩新,23,0,23,福勝,2024-11-01,6950
6156,松上,24,2,22,福勝,2024-11-01,6950
0056,元大高股息,22,0,22,福勝,2024-11-01,6950
5452,佶優,21,0,21,福勝,2024-11-01,6950
2501,國建,20,0,20,福勝,2024-11-01,6950
2929,淘帝-KY,20,0,20,福勝,2024-11-01,6950
8421,旭源,25,5,20,福勝,2024-11-01,6950
2317,鴻海,33,15,18,福勝,2024-11-01,6950
00929,復華台灣科技優息,47,31,16,福勝,2024-11-01,6950
2886,兆豐金,17,1,16,福勝,2024-11-01,6950
5210,寶碩,14,0,14,福勝,2024-11-01,6950
5880,合庫金,13,0,13,福勝,2024-11-01,6950
2498,宏達電,13,1,12,福勝,2024-11-01,6950
2449,京元電子,15,4,11,福勝,2024-11-01,6950
3207,耀勝,11,0,11,福勝,2024-11-01,6950
2880,華南金,11,0,11,福勝,2024-11-01,6950
1110,東泥,10,0,10,福勝,2024-11-01,6950
3042,晶技,10,0,10,福勝,2024-11-01,6950
3406,玉晶光,10,0,10,福勝,2024-11-01,6950
3498,陽程,10,0,10,福勝,2024-11-01,6950
3715,定穎投控,10,0,10,福勝,2024-11-01,6950
6770,力積電,14,4,10,福勝,2024-11-01,6950
8011,台通,10,0,10,福勝,2024-11-01,6950
2353,宏��,10,1,9,福勝,2024-11-01,6950
00687B,國泰20年美債,12,3,9,福勝,2024-11-01,6950
1540,喬福,11,2,9,福勝,2024-11-01,6950
2344,華邦電,14,5,9,福勝,2024-11-01,6950
2388,威盛,9,0,9,福勝,2024-11-01,6950
2885,元大金,9,0,9,福勝,2024-11-01,6950
3105,穩懋,9,0,9,福勝,2024-11-01,6950
3686,達能,9,0,9,福勝,2024-11-01,6950
3049,精金,8,0,8,福勝,2024-11-01,6950
6191,精成科,8,0,8,福勝,2024-11-01,6950
9955,佳龍,11,3,8,福勝,2024-11-01,6950
3711,日月光投控,37,30,7,福勝,2024-11-01,6950
00918,大華優利高填息30,12,5,7,福勝,2024-11-01,6950
00632R,元大台灣50反1,22,15,7,福勝,2024-11-01,6950
00946,群益科技高息成長,7,0,7,福勝,2024-11-01,6950
00878,國泰永續高股息,100,4,96,福勝,2024-11-04,6950
00937B,群益ESG投等債20,66,0,66,福勝,2024-11-04,6950
2303,聯電,54,2,52,福勝,2024-11-04,6950
2367,燿華,50,0,50,福勝,2024-11-04,6950
00712,復華富時不動產,49,0,49,福勝,2024-11-04,6950
00919,群益台灣精選高息,45,0,45,福勝,2024-11-04,6950
2337,旺宏,56,20,36,福勝,2024-11-04,6950
2646,星宇航空,46,10,36,福勝,2024-11-04,6950
00687B,國泰20年美債,32,0,32,福勝,2024-11-04,6950
2867,三商壽,30,0,30,福勝,2024-11-04,6950
6241,易通展,30,0,30,福勝,2024-11-04,6950
9938,百和,28,0,28,福勝,2024-11-04,6950
2611,志信,26,1,25,福勝,2024-11-04,6950
2615,萬海,61,36,25,福勝,2024-11-04,6950
00922,國泰台灣領袖50,20,0,20,福勝,2024-11-04,6950
2481,強茂,20,0,20,福勝,2024-11-04,6950
2609,陽明,29,9,20,福勝,2024-11-04,6950
2329,華泰,24,5,19,福勝,2024-11-04,6950
3189,景碩,20,1,19,福勝,2024-11-04,6950
00679B,元大美債20年,17,0,17,福勝,2024-11-04,6950
2606,裕民,15,0,15,福勝,2024-11-04,6950
2883B,凱基金乙特,13,0,13,福勝,2024-11-04,6950
8011,台通,19,6,13,福勝,2024-11-04,6950
2328,廣宇,17,5,12,福勝,2024-11-04,6950
2405,輔信,12,0,12,福勝,2024-11-04,6950
3049,精金,15,3,12,福勝,2024-11-04,6950
3290,東浦,11,0,11,福勝,2024-11-04,6950
4909,新復興,12,1,11,福勝,2024-11-04,6950
1312,國喬,10,0,10,福勝,2024-11-04,6950
2408,南亞科,11,1,10,福勝,2024-11-04,6950
2641,正德,10,0,10,福勝,2024-11-04,6950
3211,順達,10,0,10,福勝,2024-11-04,6950
3372,典範,10,0,10,福勝,2024-11-04,6950
3605,宏致,10,0,10,福勝,2024-11-04,6950
4919,新唐,14,4,10,福勝,2024-11-04,6950
5426,振發,20,10,10,福勝,2024-11-04,6950
8150,南茂,10,0,10,福勝,2024-11-04,6950
00915,凱基優選高股息30,12,3,9,福勝,2024-11-04,6950
3520,華盈,14,5,9,福勝,2024-11-04,6950
2344,華邦電,20,12,8,福勝,2024-11-04,6950
3019,亞光,15,7,8,福勝,2024-11-04,6950
6197,佳必琪,11,4,7,福勝,2024-11-04,6950
3607,谷崧,7,0,7,福勝,2024-11-04,6950
6235,華孚,7,0,7,福勝,2024-11-04,6950
00907,永豐優息存股,6,0,6,福勝,2024-11-04,6950
1605,華新,6,0,6,福勝,2024-11-04,6950
4303,信立,6,0,6,福勝,2024-11-04,6950
5344,立衛,6,0,6,福勝,2024-11-04,6950
5347,世界,7,1,6,福勝,2024-11-04,6950
00891,中信關鍵半導體,5,0,5,福勝,2024-11-04,6950
00953B,群益優選非投等債,104,0,104,福勝,2024-11-05,6950
00919,群益台灣精選高息,77,0,77,福勝,2024-11-05,6950
2354,鴻準,139,71,68,福勝,2024-11-05,6950
2344,華邦電,66,7,59,福勝,2024-11-05,6950
2303,聯電,83,25,58,福勝,2024-11-05,6950
00891,中信關鍵半導體,52,0,52,福勝,2024-11-05,6950
3149,正達,66,25,41,福勝,2024-11-05,6950
00878,國泰永續高股息,43,3,40,福勝,2024-11-05,6950
3673,TPK-KY,34,2,32,福勝,2024-11-05,6950
3265,台星科,31,0,31,福勝,2024-11-05,6950
5371,中光電,23,0,23,福勝,2024-11-05,6950
2402,毅嘉,20,0,20,福勝,2024-11-05,6950
3049,精金,26,8,18,福勝,2024-11-05,6950
8070,長華*,17,0,17,福勝,2024-11-05,6950
1102,亞泥,15,0,15,福勝,2024-11-05,6950
2359,所羅門,17,2,15,福勝,2024-11-05,6950
00673R,期元大S＆P原油反1,14,0,14,福勝,2024-11-05,6950
2316,楠梓電,14,0,14,福勝,2024-11-05,6950
2328,廣宇,16,3,13,福勝,2024-11-05,6950
2351,順德,13,0,13,福勝,2024-11-05,6950
4540,全球傳動,13,0,13,福勝,2024-11-05,6950
8107,大億金茂,13,0,13,福勝,2024-11-05,6950
6547,高端疫苗,14,2,12,福勝,2024-11-05,6950
00887,永豐中國科技50大,10,0,10,福勝,2024-11-05,6950
2409,友達,10,0,10,福勝,2024-11-05,6950
2455,全新,10,0,10,福勝,2024-11-05,6950
2610,華航,10,0,10,福勝,2024-11-05,6950
3615,安可,14,4,10,福勝,2024-11-05,6950
4747,強生,10,0,10,福勝,2024-11-05,6950
2834,臺企銀,8,0,8,福勝,2024-11-05,6950
3711,日月光投控,9,1,8,福勝,2024-11-05,6950
2543,皇昌,8,1,7,福勝,2024-11-05,6950
00637L,元大滬深300正2,9,2,7,福勝,2024-11-05,6950
2337,旺宏,12,5,7,福勝,2024-11-05,6950
2392,正崴,11,4,7,福勝,2024-11-05,6950
3324,雙鴻,12,5,7,福勝,2024-11-05,6950
00712,復華富時不動產,6,0,6,福勝,2024-11-05,6950
00946,群益科技高息成長,6,0,6,福勝,2024-11-05,6950
2408,南亞科,6,0,6,福勝,2024-11-05,6950
2887,台新金,8,2,6,福勝,2024-11-05,6950
2889,國票金,6,0,6,福勝,2024-11-05,6950
3715,定穎投控,11,5,6,福勝,2024-11-05,6950
00922,國泰台灣領袖50,6,0,6,福勝,2024-11-05,6950
0056,元大高股息,7,1,6,福勝,2024-11-05,6950
1217,愛之味,5,0,5,福勝,2024-11-05,6950
00752,中信中國50,5,0,5,福勝,2024-11-05,6950
1528,恩德,13,8,5,福勝,2024-11-05,6950
1605,華新,5,0,5,福勝,2024-11-05,6950
2347,聯強,5,0,5,福勝,2024-11-05,6950
2642,宅配通,5,0,5,福勝,2024-11-05,6950
00679B,元大美債20年,161,13,148,福勝,2024-11-06,6950
1449,佳和,146,23,123,福勝,2024-11-06,6950
00959B,大華投等美債15Y+,100,0,100,福勝,2024-11-06,6950
2449,京元電子,102,12,90,福勝,2024-11-06,6950
2882,國泰金,87,0,87,福勝,2024-11-06,6950
2303,聯電,70,20,50,福勝,2024-11-06,6950
00940,元大台灣價值高息,50,4,46,福勝,2024-11-06,6950
00896,中信綠能及電動車,30,0,30,福勝,2024-11-06,6950
8249,菱光,33,6,27,福勝,2024-11-06,6950
00929,復華台灣科技優息,43,17,26,福勝,2024-11-06,6950
2399,映泰,31,6,25,福勝,2024-11-06,6950
00687B,國泰20年美債,39,15,24,福勝,2024-11-06,6950
00919,群益台灣精選高息,23,0,23,福勝,2024-11-06,6950
5258,虹堡,21,0,21,福勝,2024-11-06,6950
2892,第一金,21,0,21,福勝,2024-11-06,6950
2354,鴻準,43,26,17,福勝,2024-11-06,6950
4956,光鋐,21,4,17,福勝,2024-11-06,6950
8111,立��,17,0,17,福勝,2024-11-06,6950
00753L,中信中國50正2,16,0,16,福勝,2024-11-06,6950
00930,永豐ESG低碳高息,15,0,15,福勝,2024-11-06,6950
8261,富鼎,28,13,15,福勝,2024-11-06,6950
2002,中鋼,24,9,15,福勝,2024-11-06,6950
4743,合一,14,0,14,福勝,2024-11-06,6950
6576,逸達,14,0,14,福勝,2024-11-06,6950
2646,星宇航空,13,0,13,福勝,2024-11-06,6950
9907,統一實,13,0,13,福勝,2024-11-06,6950
00713,元大台灣高息低波,12,0,12,福勝,2024-11-06,6950
00673R,期元大S＆P原油反1,12,0,12,福勝,2024-11-06,6950
1312,國喬,11,0,11,福勝,2024-11-06,6950
6134,萬旭,14,3,11,福勝,2024-11-06,6950
00688L,國泰20年美債正2,10,0,10,福勝,2024-11-06,6950
1514,亞力,10,0,10,福勝,2024-11-06,6950
1530,亞崴,10,0,10,福勝,2024-11-06,6950
2062,橋椿,10,0,10,福勝,2024-11-06,6950
3705,永信,10,0,10,福勝,2024-11-06,6950
4534,慶騰,10,0,10,福勝,2024-11-06,6950
6142,友勁,10,0,10,福勝,2024-11-06,6950
8429,金麗-KY,10,0,10,福勝,2024-11-06,6950
2312,金寶,156,148,8,福勝,2024-11-06,6950
00882,中信中國高股息,8,0,8,福勝,2024-11-06,6950
1802,台玻,8,0,8,福勝,2024-11-06,6950
3715,定穎投控,10,2,8,福勝,2024-11-06,6950
6670,復盛應用,8,0,8,福勝,2024-11-06,6950
8033,雷虎,10,3,7,福勝,2024-11-06,6950
5490,同亨,7,0,7,福勝,2024-11-06,6950
2415,錩新,6,0,6,福勝,2024-11-06,6950
2887,台新金,6,0,6,福勝,2024-11-06,6950
3260,威剛,8,2,6,福勝,2024-11-06,6950
3290,東浦,6,0,6,福勝,2024-11-06,6950
3581,博磊,6,0,6,福勝,2024-11-06,6950
2801,彰銀,103,0,103,福勝,2024-11-07,6950
00918,大華優利高填息30,101,0,101,福勝,2024-11-07,6950
3481,群創,137,42,95,福勝,2024-11-07,6950
2897,王道銀行,90,0,90,福勝,2024-11-07,6950
00878,國泰永續高股息,110,20,90,福勝,2024-11-07,6950
6757,台灣虎航,60,0,60,福勝,2024-11-07,6950
2415,錩新,56,0,56,福勝,2024-11-07,6950
2344,華邦電,75,39,36,福勝,2024-11-07,6950
8070,長華*,35,0,35,福勝,2024-11-07,6950
9105,泰金寶-DR,73,38,35,福勝,2024-11-07,6950
4903,聯光通,42,9,33,福勝,2024-11-07,6950
00919,群益台灣精選高息,36,10,26,福勝,2024-11-07,6950
2027,大成鋼,30,6,24,福勝,2024-11-07,6950
3615,安可,25,1,24,福勝,2024-11-07,6950
3701,大眾控,30,8,22,福勝,2024-11-07,6950
1312,國喬,20,0,20,福勝,2024-11-07,6950
6576,逸達,17,0,17,福勝,2024-11-07,6950
5478,智冠,16,0,16,福勝,2024-11-07,6950
2367,燿華,22,11,11,福勝,2024-11-07,6950
2352,佳世達,11,0,11,福勝,2024-11-07,6950
00680L,元大美債20正2,10,0,10,福勝,2024-11-07,6950
1504,東元,10,0,10,福勝,2024-11-07,6950
2543,皇昌,17,7,10,福勝,2024-11-07,6950
2633,台灣高鐵,10,0,10,福勝,2024-11-07,6950
3689,湧德,18,8,10,福勝,2024-11-07,6950
5276,達輝-KY,10,0,10,福勝,2024-11-07,6950
6156,松上,10,0,10,福勝,2024-11-07,6950
6770,力積電,11,1,10,福勝,2024-11-07,6950
3706,神達,24,14,10,福勝,2024-11-07,6950
2465,麗臺,11,2,9,福勝,2024-11-07,6950
6257,矽格,10,1,9,福勝,2024-11-07,6950
6763,綠界科技*,9,0,9,福勝,2024-11-07,6950
8249,菱光,10,1,9,福勝,2024-11-07,6950
5347,世界,12,3,9,福勝,2024-11-07,6950
00687B,國泰20年美債,11,3,8,福勝,2024-11-07,6950
1540,喬福,17,9,8,福勝,2024-11-07,6950
2328,廣宇,23,15,8,福勝,2024-11-07,6950
2419,仲琦,29,21,8,福勝,2024-11-07,6950
2615,萬海,23,15,8,福勝,2024-11-07,6950
5340,建榮,8,0,8,福勝,2024-11-07,6950
2303,聯電,53,45,8,福勝,2024-11-07,6950
6530,創威,12,4,8,福勝,2024-11-07,6950
00713,元大台灣高息低波,7,0,7,福勝,2024-11-07,6950
5392,能率,12,5,7,福勝,2024-11-07,6950
2603,長榮,12,6,6,福勝,2024-11-07,6950
3260,威剛,7,1,6,福勝,2024-11-07,6950
3607,谷崧,6,0,6,福勝,2024-11-07,6950
00675L,富邦臺灣加權正2,5,0,5,福勝,2024-11-07,6950
1710,東聯,5,0,5,福勝,2024-11-07,6950
3149,正達,12,7,5,福勝,2024-11-07,6950
1314,中石化,106,0,106,福勝,2024-11-08,6950
2352,佳世達,102,1,101,福勝,2024-11-08,6950
00878,國泰永續高股息,101,25,76,福勝,2024-11-08,6950
00919,群益台灣精選高息,73,2,71,福勝,2024-11-08,6950
8111,立��,61,6,55,福勝,2024-11-08,6950
5243,乙盛-KY,54,3,51,福勝,2024-11-08,6950
00882,中信中國高股息,40,0,40,福勝,2024-11-08,6950
2303,聯電,45,9,36,福勝,2024-11-08,6950
2353,宏��,35,0,35,福勝,2024-11-08,6950
2314,台揚,37,2,35,福勝,2024-11-08,6950
1413,宏洲,34,0,34,福勝,2024-11-08,6950
2392,正崴,61,28,33,福勝,2024-11-08,6950
3232,昱捷,33,0,33,福勝,2024-11-08,6950
3062,建漢,69,37,32,福勝,2024-11-08,6950
00713,元大台灣高息低波,30,0,30,福勝,2024-11-08,6950
00687B,國泰20年美債,30,0,30,福勝,2024-11-08,6950
9938,百和,29,0,29,福勝,2024-11-08,6950
2408,南亞科,30,2,28,福勝,2024-11-08,6950
00932,兆豐永續高息等權,25,0,25,福勝,2024-11-08,6950
6282,康舒,25,0,25,福勝,2024-11-08,6950
4303,信立,31,7,24,福勝,2024-11-08,6950
8096,擎亞,44,21,23,福勝,2024-11-08,6950
2354,鴻準,110,87,23,福勝,2024-11-08,6950
6216,居易,21,0,21,福勝,2024-11-08,6950
2426,鼎元,21,0,21,福勝,2024-11-08,6950
2538,基泰,20,0,20,福勝,2024-11-08,6950
3189,景碩,20,0,20,福勝,2024-11-08,6950
2409,友達,24,7,17,福勝,2024-11-08,6950
2313,華通,20,4,16,福勝,2024-11-08,6950
2388,威盛,17,1,16,福勝,2024-11-08,6950
1519,華城,15,0,15,福勝,2024-11-08,6950
8070,長華*,51,36,15,福勝,2024-11-08,6950
6757,台灣虎航,14,0,14,福勝,2024-11-08,6950
8103,瀚荃,14,0,14,福勝,2024-11-08,6950
4909,新復興,17,4,13,福勝,2024-11-08,6950
00632R,元大台灣50反1,15,3,12,福勝,2024-11-08,6950
2316,楠梓電,12,0,12,福勝,2024-11-08,6950
2324,仁寶,16,4,12,福勝,2024-11-08,6950
4956,光鋐,14,2,12,福勝,2024-11-08,6950
3545,敦泰,12,1,11,福勝,2024-11-08,6950
1528,恩德,13,2,11,福勝,2024-11-08,6950
2543,皇昌,13,2,11,福勝,2024-11-08,6950
1536,和大,12,2,10,福勝,2024-11-08,6950
2369,菱生,10,0,10,福勝,2024-11-08,6950
2420,新巨,10,0,10,福勝,2024-11-08,6950
2892,第一金,10,0,10,福勝,2024-11-08,6950
3264,欣銓,10,0,10,福勝,2024-11-08,6950
3708,上緯投控,10,0,10,福勝,2024-11-08,6950
5309,系統電,10,0,10,福勝,2024-11-08,6950
5460,同協,10,0,10,福勝,2024-11-08,6950
00680L,元大美債20正2,504,10,494,福勝,2024-11-11,6950
00878,國泰永續高股息,58,2,56,福勝,2024-11-11,6950
2489,瑞軒,65,10,55,福勝,2024-11-11,6950
2845,遠東銀,50,0,50,福勝,2024-11-11,6950
2880,華南金,50,0,50,福勝,2024-11-11,6950
00679B,元大美債20年,45,5,40,福勝,2024-11-11,6950
5457,宣德,51,11,40,福勝,2024-11-11,6950
2646,星宇航空,34,0,34,福勝,2024-11-11,6950
2337,旺宏,36,4,32,福勝,2024-11-11,6950
1591,駿吉-KY,33,2,31,福勝,2024-11-11,6950
2812,台中銀,30,0,30,福勝,2024-11-11,6950
2882,國泰金,30,0,30,福勝,2024-11-11,6950
3105,穩懋,27,1,26,福勝,2024-11-11,6950
8222,寶一,25,0,25,福勝,2024-11-11,6950
1449,佳和,39,15,24,福勝,2024-11-11,6950
1795,美時,22,0,22,福勝,2024-11-11,6950
2392,正崴,57,36,21,福勝,2024-11-11,6950
1413,宏洲,20,0,20,福勝,2024-11-11,6950
6271,同欣電,20,0,20,福勝,2024-11-11,6950
4903,聯光通,22,3,19,福勝,2024-11-11,6950
2353,宏��,20,2,18,福勝,2024-11-11,6950
00929,復華台灣科技優息,59,41,18,福勝,2024-11-11,6950
6838,台新藥,20,2,18,福勝,2024-11-11,6950
2313,華通,27,10,17,福勝,2024-11-11,6950
8070,長華*,18,1,17,福勝,2024-11-11,6950
2834,臺企銀,16,0,16,福勝,2024-11-11,6950
2605,新興,21,5,16,福勝,2024-11-11,6950
3234,光環,21,6,15,福勝,2024-11-11,6950
00673R,期元大S＆P原油反1,15,0,15,福勝,2024-11-11,6950
1605,華新,21,6,15,福勝,2024-11-11,6950
2303,聯電,43,29,14,福勝,2024-11-11,6950
3290,東浦,14,0,14,福勝,2024-11-11,6950
00919,群益台灣精選高息,14,1,13,福勝,2024-11-11,6950
2388,威盛,16,5,11,福勝,2024-11-11,6950
2641,正德,21,10,11,福勝,2024-11-11,6950
3490,單井,11,0,11,福勝,2024-11-11,6950
4510,高鋒,20,9,11,福勝,2024-11-11,6950
9941,裕融,10,0,10,福勝,2024-11-11,6950
00688L,國泰20年美債正2,10,0,10,福勝,2024-11-11,6950
1460,宏遠,10,0,10,福勝,2024-11-11,6950
2344,華邦電,24,14,10,福勝,2024-11-11,6950
2409,友達,10,0,10,福勝,2024-11-11,6950
2465,麗臺,10,0,10,福勝,2024-11-11,6950
2476,鉅祥,10,0,10,福勝,2024-11-11,6950
2515,中工,10,0,10,福勝,2024-11-11,6950
2897,王道銀行,10,0,10,福勝,2024-11-11,6950
3149,正達,10,0,10,福勝,2024-11-11,6950
3372,典範,10,0,10,福勝,2024-11-11,6950
3552,同致,13,3,10,福勝,2024-11-11,6950
4747,強生,10,0,10,福勝,2024-11-11,6950
00878,國泰永續高股息,240,0,240,福勝,2024-11-12,6950
00715L,期街口布蘭特正2,167,1,166,福勝,2024-11-12,6950
2356,英業達,149,36,113,福勝,2024-11-12,6950
5243,乙盛-KY,105,15,90,福勝,2024-11-12,6950
2439,美律,85,0,85,福勝,2024-11-12,6950
2344,華邦電,85,0,85,福勝,2024-11-12,6950
00919,群益台灣精選高息,76,3,73,福勝,2024-11-12,6950
3231,緯創,84,13,71,福勝,2024-11-12,6950
0056,元大高股息,64,0,64,福勝,2024-11-12,6950
00929,復華台灣科技優息,64,9,55,福勝,2024-11-12,6950
00915,凱基優選高股息30,53,0,53,福勝,2024-11-12,6950
2845,遠東銀,52,0,52,福勝,2024-11-12,6950
2812,台中銀,50,0,50,福勝,2024-11-12,6950
2880,華南金,50,2,48,福勝,2024-11-12,6950
2353,宏��,35,0,35,福勝,2024-11-12,6950
8096,擎亞,37,2,35,福勝,2024-11-12,6950
2406,國碩,32,0,32,福勝,2024-11-12,6950
3062,建漢,29,0,29,福勝,2024-11-12,6950
6282,康舒,31,2,29,福勝,2024-11-12,6950
00943,兆豐電子高息等權,24,0,24,福勝,2024-11-12,6950
1570,力肯,24,0,24,福勝,2024-11-12,6950
2615,萬海,69,45,24,福勝,2024-11-12,6950
2883,凱基金,24,0,24,福勝,2024-11-12,6950
5315,光聯,20,0,20,福勝,2024-11-12,6950
6288,聯嘉,26,7,19,福勝,2024-11-12,6950
2328,廣宇,55,36,19,福勝,2024-11-12,6950
5457,宣德,21,2,19,福勝,2024-11-12,6950
006208,富邦台50,19,0,19,福勝,2024-11-12,6950
2382,廣達,21,2,19,福勝,2024-11-12,6950
2892,第一金,19,1,18,福勝,2024-11-12,6950
2002,中鋼,18,0,18,福勝,2024-11-12,6950
2312,金寶,25,7,18,福勝,2024-11-12,6950
2330,台積電,18,1,17,福勝,2024-11-12,6950
00642U,期元大S＆P石油,17,0,17,福勝,2024-11-12,6950
2399,映泰,28,11,17,福勝,2024-11-12,6950
2543,皇昌,25,8,17,福勝,2024-11-12,6950
2887,台新金,17,0,17,福勝,2024-11-12,6950
00713,元大台灣高息低波,16,0,16,福勝,2024-11-12,6950
2359,所羅門,16,1,15,福勝,2024-11-12,6950
8028,昇陽半導體,16,2,14,福勝,2024-11-12,6950
00665L,富邦�琤肭磪囓�2,14,0,14,福勝,2024-11-12,6950
5871,中租-KY,14,1,13,福勝,2024-11-12,6950
00881,國泰台灣5G+,13,0,13,福勝,2024-11-12,6950
00753L,中信中國50正2,12,0,12,福勝,2024-11-12,6950
00922,國泰台灣領袖50,12,0,12,福勝,2024-11-12,6950
1584,精剛,12,0,12,福勝,2024-11-12,6950
6706,惠特,27,15,12,福勝,2024-11-12,6950
6213,聯茂,14,3,11,福勝,2024-11-12,6950
6477,安集,11,0,11,福勝,2024-11-12,6950
6712,長聖,11,0,11,福勝,2024-11-12,6950
1449,佳和,112,2,110,福勝,2024-11-13,6950
00878,國泰永續高股息,79,2,77,福勝,2024-11-13,6950
2344,華邦電,59,12,47,福勝,2024-11-13,6950
2646,星宇航空,53,12,41,福勝,2024-11-13,6950
3607,谷崧,43,2,41,福勝,2024-11-13,6950
00882,中信中國高股息,36,0,36,福勝,2024-11-13,6950
2641,正德,37,1,36,福勝,2024-11-13,6950
2317,鴻海,34,9,25,福勝,2024-11-13,6950
00919,群益台灣精選高息,42,18,24,福勝,2024-11-13,6950
2881,富邦金,29,5,24,福勝,2024-11-13,6950
2884,玉山金,26,2,24,福勝,2024-11-13,6950
4903,聯光通,26,2,24,福勝,2024-11-13,6950
1570,力肯,23,0,23,福勝,2024-11-13,6950
2834,臺企銀,41,19,22,福勝,2024-11-13,6950
00687B,國泰20年美債,22,0,22,福勝,2024-11-13,6950
2543,皇昌,24,2,22,福勝,2024-11-13,6950
00931B,統一美債20年,21,0,21,福勝,2024-11-13,6950
0056,元大高股息,24,3,21,福勝,2024-11-13,6950
5880,合庫金,21,0,21,福勝,2024-11-13,6950
5202,力新,20,0,20,福勝,2024-11-13,6950
2356,英業達,27,8,19,福勝,2024-11-13,6950
2887,台新金,19,0,19,福勝,2024-11-13,6950
2882,國泰金,18,1,17,福勝,2024-11-13,6950
3056,富華新,17,0,17,福勝,2024-11-13,6950
3380,明泰,16,0,16,福勝,2024-11-13,6950
3013,晟銘電,36,21,15,福勝,2024-11-13,6950
1314,中石化,21,6,15,福勝,2024-11-13,6950
1413,宏洲,15,0,15,福勝,2024-11-13,6950
2892,第一金,15,0,15,福勝,2024-11-13,6950
2409,友達,14,0,14,福勝,2024-11-13,6950
2392,正崴,44,30,14,福勝,2024-11-13,6950
2354,鴻準,29,16,13,福勝,2024-11-13,6950
1603,華電,12,0,12,福勝,2024-11-13,6950
2330,台積電,24,12,12,福勝,2024-11-13,6950
1605,華新,12,0,12,福勝,2024-11-13,6950
2415,錩新,12,0,12,福勝,2024-11-13,6950
3047,訊舟,12,0,12,福勝,2024-11-13,6950
3406,玉晶光,12,1,11,福勝,2024-11-13,6950
00915,凱基優選高股息30,11,0,11,福勝,2024-11-13,6950
2603,長榮,13,2,11,福勝,2024-11-13,6950
3003,健和興,12,1,11,福勝,2024-11-13,6950
3066,李洲,11,0,11,福勝,2024-11-13,6950
3312,弘憶股,31,20,11,福勝,2024-11-13,6950
8150,南茂,11,0,11,福勝,2024-11-13,6950
9105,泰金寶-DR,12,1,11,福勝,2024-11-13,6950
5871,中租-KY,12,1,11,福勝,2024-11-13,6950
2327,國巨,11,0,11,福勝,2024-11-13,6950
1326,台化,12,2,10,福勝,2024-11-13,6950
2014,中鴻,11,1,10,福勝,2024-11-13,6950
2303,聯電,29,19,10,福勝,2024-11-13,6950
00878,國泰永續高股息,238,1,237,福勝,2024-11-14,6950
1108,幸福,101,0,101,福勝,2024-11-14,6950
2356,英業達,110,13,97,福勝,2024-11-14,6950
00679B,元大美債20年,101,5,96,福勝,2024-11-14,6950
00929,復華台灣科技優息,110,16,94,福勝,2024-11-14,6950
2303,聯電,101,28,73,福勝,2024-11-14,6950
2312,金寶,82,18,64,福勝,2024-11-14,6950
00937B,群益ESG投等債20,77,20,57,福勝,2024-11-14,6950
2337,旺宏,53,1,52,福勝,2024-11-14,6950
0056,元大高股息,52,1,51,福勝,2024-11-14,6950
2615,萬海,65,14,51,福勝,2024-11-14,6950
2603,長榮,60,22,38,福勝,2024-11-14,6950
2317,鴻海,49,16,33,福勝,2024-11-14,6950
4958,臻鼎-KY,34,2,32,福勝,2024-11-14,6950
6877,鏵友益,31,0,31,福勝,2024-11-14,6950
2332,友訊,34,4,30,福勝,2024-11-14,6950
3481,群創,41,12,29,福勝,2024-11-14,6950
2892,第一金,29,0,29,福勝,2024-11-14,6950
00940,元大台灣價值高息,27,0,27,福勝,2024-11-14,6950
6757,台灣虎航,27,0,27,福勝,2024-11-14,6950
1413,宏洲,25,0,25,福勝,2024-11-14,6950
3003,健和興,25,0,25,福勝,2024-11-14,6950
3714,富采,25,0,25,福勝,2024-11-14,6950
4931,新盛力,44,21,23,福勝,2024-11-14,6950
5426,振發,23,0,23,福勝,2024-11-14,6950
00943,兆豐電子高息等權,22,0,22,福勝,2024-11-14,6950
2884,玉山金,22,0,22,福勝,2024-11-14,6950
00919,群益台灣精選高息,21,0,21,福勝,2024-11-14,6950
1591,駿吉-KY,21,0,21,福勝,2024-11-14,6950
00922,國泰台灣領袖50,20,0,20,福勝,2024-11-14,6950
00731,復華富時高息低波,19,0,19,福勝,2024-11-14,6950
2408,南亞科,19,0,19,福勝,2024-11-14,6950
2409,友達,20,1,19,福勝,2024-11-14,6950
4716,大立,19,0,19,福勝,2024-11-14,6950
0050,元大台灣50,19,0,19,福勝,2024-11-14,6950
2609,陽明,28,10,18,福勝,2024-11-14,6950
2330,台積電,20,3,17,福勝,2024-11-14,6950
4303,信立,20,3,17,福勝,2024-11-14,6950
1609,大亞,16,0,16,福勝,2024-11-14,6950
00931B,統一美債20年,15,0,15,福勝,2024-11-14,6950
5880,合庫金,15,0,15,福勝,2024-11-14,6950
00932,兆豐永續高息等權,14,0,14,福勝,2024-11-14,6950
3712,永崴投控,17,3,14,福勝,2024-11-14,6950
006208,富邦台50,15,1,14,福勝,2024-11-14,6950
2376,技嘉,14,1,13,福勝,2024-11-14,6950
3217,優群,13,0,13,福勝,2024-11-14,6950
8176,智捷,13,0,13,福勝,2024-11-14,6950
2354,鴻準,21,8,13,福勝,2024-11-14,6950
2881,富邦金,13,0,13,福勝,2024-11-14,6950
00915,凱基優選高股息30,12,0,12,福勝,2024-11-14,6950
00878,國泰永續高股息,203,0,203,福勝,2024-11-15,6950
00945B,凱基美國非投等債,175,0,175,福勝,2024-11-15,6950
2415,錩新,109,0,109,福勝,2024-11-15,6950
00932,兆豐永續高息等權,93,0,93,福勝,2024-11-15,6950
6757,台灣虎航,65,0,65,福勝,2024-11-15,6950
0056,元大高股息,64,0,64,福勝,2024-11-15,6950
3090,日電貿,59,2,57,福勝,2024-11-15,6950
2356,英業達,61,6,55,福勝,2024-11-15,6950
00679B,元大美債20年,50,0,50,福勝,2024-11-15,6950
2382,廣達,58,11,47,福勝,2024-11-15,6950
2371,大同,70,28,42,福勝,2024-11-15,6950
2301,光寶科,36,0,36,福勝,2024-11-15,6950
2367,燿華,30,2,28,福勝,2024-11-15,6950
3231,緯創,30,3,27,福勝,2024-11-15,6950
1570,力肯,26,0,26,福勝,2024-11-15,6950
00673R,期元大S＆P原油反1,25,0,25,福勝,2024-11-15,6950
3706,神達,87,66,21,福勝,2024-11-15,6950
8070,長華*,21,0,21,福勝,2024-11-15,6950
4931,新盛力,25,5,20,福勝,2024-11-15,6950
2439,美律,19,0,19,福勝,2024-11-15,6950
3062,建漢,23,4,19,福勝,2024-11-15,6950
5481,新華,19,0,19,福勝,2024-11-15,6950
2317,鴻海,43,24,19,福勝,2024-11-15,6950
6443,元晶,20,2,18,福勝,2024-11-15,6950
1413,宏洲,15,0,15,福勝,2024-11-15,6950
2449,京元電子,18,5,13,福勝,2024-11-15,6950
00738U,期元大道瓊白銀,12,0,12,福勝,2024-11-15,6950
00891,中信關鍵半導體,12,0,12,福勝,2024-11-15,6950
2324,仁寶,14,2,12,福勝,2024-11-15,6950
3625,西勝,12,0,12,福勝,2024-11-15,6950
8064,東捷,18,6,12,福勝,2024-11-15,6950
00918,大華優利高填息30,11,0,11,福勝,2024-11-15,6950
00713,元大台灣高息低波,10,0,10,福勝,2024-11-15,6950
00881,國泰台灣5G+,10,0,10,福勝,2024-11-15,6950
2401,凌陽,10,0,10,福勝,2024-11-15,6950
3376,新日興,12,2,10,福勝,2024-11-15,6950
00637L,元大滬深300正2,9,0,9,福勝,2024-11-15,6950
1513,中興電,13,4,9,福勝,2024-11-15,6950
2106,建大,9,0,9,福勝,2024-11-15,6950
2613,中櫃,16,7,9,福勝,2024-11-15,6950
2303,聯電,14,5,9,福勝,2024-11-15,6950
1536,和大,10,2,8,福勝,2024-11-15,6950
2718,全心投控,8,0,8,福勝,2024-11-15,6950
3059,華晶科,10,2,8,福勝,2024-11-15,6950
9933,中鼎,10,2,8,福勝,2024-11-15,6950
2330,台積電,9,1,8,福勝,2024-11-15,6950
1608,華榮,7,0,7,福勝,2024-11-15,6950
3694,海華,7,0,7,福勝,2024-11-15,6950
6005,群益證,7,0,7,福勝,2024-11-15,6950
6215,和椿,7,0,7,福勝,2024-11-15,6950
00878,國泰永續高股息,228,0,228,福勝,2024-11-18,6950
2891,中信金,100,2,98,福勝,2024-11-18,6950
2312,金寶,134,57,77,福勝,2024-11-18,6950
00929,復華台灣科技優息,77,8,69,福勝,2024-11-18,6950
2317,鴻海,81,20,61,福勝,2024-11-18,6950
00915,凱基優選高股息30,55,0,55,福勝,2024-11-18,6950
0056,元大高股息,47,0,47,福勝,2024-11-18,6950
6108,競國,42,0,42,福勝,2024-11-18,6950
2354,鴻準,48,10,38,福勝,2024-11-18,6950
6126,信音,35,0,35,福勝,2024-11-18,6950
00919,群益台灣精選高息,53,21,32,福勝,2024-11-18,6950
00900,富邦特選高股息30,30,0,30,福勝,2024-11-18,6950
4931,新盛力,30,1,29,福勝,2024-11-18,6950
2324,仁寶,81,53,28,福勝,2024-11-18,6950
2330,台積電,26,0,26,福勝,2024-11-18,6950
2646,星宇航空,27,2,25,福勝,2024-11-18,6950
00679B,元大美債20年,30,7,23,福勝,2024-11-18,6950
3066,李洲,23,0,23,福勝,2024-11-18,6950
00930,永豐ESG低碳高息,21,0,21,福勝,2024-11-18,6950
1570,力肯,21,0,21,福勝,2024-11-18,6950
00943,兆豐電子高息等權,20,0,20,福勝,2024-11-18,6950
4720,德淵,20,0,20,福勝,2024-11-18,6950
3706,神達,73,54,19,福勝,2024-11-18,6950
6285,啟��,20,2,18,福勝,2024-11-18,6950
2421,建準,19,1,18,福勝,2024-11-18,6950
6282,康舒,18,1,17,福勝,2024-11-18,6950
1605,華新,16,0,16,福勝,2024-11-18,6950
3481,群創,36,20,16,福勝,2024-11-18,6950
2881,富邦金,15,0,15,福勝,2024-11-18,6950
1519,華城,19,5,14,福勝,2024-11-18,6950
00940,元大台灣價值高息,26,12,14,福勝,2024-11-18,6950
00715L,期街口布蘭特正2,15,1,14,福勝,2024-11-18,6950
2610,華航,18,4,14,福勝,2024-11-18,6950
1785,光洋科,13,0,13,福勝,2024-11-18,6950
2492,華新科,13,0,13,福勝,2024-11-18,6950
2313,華通,12,0,12,福勝,2024-11-18,6950
2405,輔信,12,0,12,福勝,2024-11-18,6950
3290,東浦,16,4,12,福勝,2024-11-18,6950
00932,兆豐永續高息等權,12,1,11,福勝,2024-11-18,6950
2498,宏達電,11,0,11,福勝,2024-11-18,6950
00905,FT臺灣Smart,10,0,10,福勝,2024-11-18,6950
00642U,期元大S＆P石油,10,0,10,福勝,2024-11-18,6950
1434,福懋,10,0,10,福勝,2024-11-18,6950
1524,耿鼎,18,8,10,福勝,2024-11-18,6950
1540,喬福,17,7,10,福勝,2024-11-18,6950
2314,台揚,10,0,10,福勝,2024-11-18,6950
2371,大同,24,14,10,福勝,2024-11-18,6950
3176,基亞,10,0,10,福勝,2024-11-18,6950
3686,達能,10,0,10,福勝,2024-11-18,6950
006208,富邦台50,10,0,10,福勝,2024-11-18,6950
2349,錸德,129,41,88,福勝,2024-11-19,6950
00878,國泰永續高股息,45,0,45,福勝,2024-11-19,6950
00673R,期元大S＆P原油反1,37,0,37,福勝,2024-11-19,6950
00929,復華台灣科技優息,23,0,23,福勝,2024-11-19,6950
2332,友訊,39,16,23,福勝,2024-11-19,6950
2431,聯昌,20,0,20,福勝,2024-11-19,6950
2317,鴻海,32,12,20,福勝,2024-11-19,6950
2884,玉山金,21,4,17,福勝,2024-11-19,6950
2382,廣達,16,2,14,福勝,2024-11-19,6950
8011,台通,14,0,14,福勝,2024-11-19,6950
8070,長華*,14,0,14,福勝,2024-11-19,6950
0056,元大高股息,13,0,13,福勝,2024-11-19,6950
2408,南亞科,14,2,12,福勝,2024-11-19,6950
1337,再生-KY,10,0,10,福勝,2024-11-19,6950
00665L,富邦�琤肭磪囓�2,12,2,10,福勝,2024-11-19,6950
00679B,元大美債20年,10,0,10,福勝,2024-11-19,6950
00930,永豐ESG低碳高息,10,0,10,福勝,2024-11-19,6950
1905,華紙,10,0,10,福勝,2024-11-19,6950
2338,光罩,10,0,10,福勝,2024-11-19,6950
2601,益航,65,55,10,福勝,2024-11-19,6950
3024,憶聲,12,2,10,福勝,2024-11-19,6950
3041,揚智,10,0,10,福勝,2024-11-19,6950
3363,上詮,10,0,10,福勝,2024-11-19,6950
4306,炎洲,10,0,10,福勝,2024-11-19,6950
5460,同協,10,0,10,福勝,2024-11-19,6950
00937B,群益ESG投等債20,15,6,9,福勝,2024-11-19,6950
3594,磐儀,9,0,9,福勝,2024-11-19,6950
4931,新盛力,21,12,9,福勝,2024-11-19,6950
5426,振發,10,1,9,福勝,2024-11-19,6950
00753L,中信中國50正2,12,4,8,福勝,2024-11-19,6950
00945B,凱基美國非投等債,8,0,8,福勝,2024-11-19,6950
2324,仁寶,30,23,7,福勝,2024-11-19,6950
2881,富邦金,12,5,7,福勝,2024-11-19,6950
2929,淘帝-KY,10,3,7,福勝,2024-11-19,6950
1216,統一,6,0,6,福勝,2024-11-19,6950
00731,復華富時高息低波,6,0,6,福勝,2024-11-19,6950
2399,映泰,49,43,6,福勝,2024-11-19,6950
6244,茂迪,6,0,6,福勝,2024-11-19,6950
6821,聯寶,6,0,6,福勝,2024-11-19,6950
00891,中信關鍵半導體,5,0,5,福勝,2024-11-19,6950
1540,喬福,5,0,5,福勝,2024-11-19,6950
2002,中鋼,5,0,5,福勝,2024-11-19,6950
3540,曜越,5,0,5,福勝,2024-11-19,6950
3605,宏致,5,0,5,福勝,2024-11-19,6950
6147,頎邦,5,0,5,福勝,2024-11-19,6950
8272,全景軟體,5,0,5,福勝,2024-11-19,6950
8929,富堡,5,0,5,福勝,2024-11-19,6950
2330,台積電,6,1,5,福勝,2024-11-19,6950
1524,耿鼎,9,5,4,福勝,2024-11-19,6950
1536,和大,6,2,4,福勝,2024-11-19,6950
2349,錸德,532,46,486,福勝,2024-11-20,6950
2356,英業達,177,6,171,福勝,2024-11-20,6950
2354,鴻準,141,36,105,福勝,2024-11-20,6950
00878,國泰永續高股息,69,0,69,福勝,2024-11-20,6950
2880,華南金,50,0,50,福勝,2024-11-20,6950
00930,永豐ESG低碳高息,42,0,42,福勝,2024-11-20,6950
2303,聯電,41,0,41,福勝,2024-11-20,6950
2027,大成鋼,40,0,40,福勝,2024-11-20,6950
2883,凱基金,50,10,40,福勝,2024-11-20,6950
3706,神達,84,49,35,福勝,2024-11-20,6950
3625,西勝,34,0,34,福勝,2024-11-20,6950
00881,國泰台灣5G+,32,0,32,福勝,2024-11-20,6950
2312,金寶,69,37,32,福勝,2024-11-20,6950
2511,太子,30,0,30,福勝,2024-11-20,6950
3231,緯創,34,4,30,福勝,2024-11-20,6950
8096,擎亞,20,0,20,福勝,2024-11-20,6950
2613,中櫃,20,1,19,福勝,2024-11-20,6950
2344,華邦電,30,12,18,福勝,2024-11-20,6950
1815,富喬,20,2,18,福勝,2024-11-20,6950
8028,昇陽半導體,42,25,17,福勝,2024-11-20,6950
3545,敦泰,16,0,16,福勝,2024-11-20,6950
2444,兆勁,16,2,14,福勝,2024-11-20,6950
2449,京元電子,17,3,14,福勝,2024-11-20,6950
4903,聯光通,16,2,14,福勝,2024-11-20,6950
3049,精金,25,12,13,福勝,2024-11-20,6950
006208,富邦台50,15,3,12,福勝,2024-11-20,6950
6213,聯茂,13,1,12,福勝,2024-11-20,6950
8021,尖點,12,0,12,福勝,2024-11-20,6950
2495,普安,11,0,11,福勝,2024-11-20,6950
2337,旺宏,11,0,11,福勝,2024-11-20,6950
1325,恆大,10,0,10,福勝,2024-11-20,6950
00943,兆豐電子高息等權,10,0,10,福勝,2024-11-20,6950
00960,野村全球航運龍頭,10,0,10,福勝,2024-11-20,6950
2313,華通,11,1,10,福勝,2024-11-20,6950
3013,晟銘電,10,0,10,福勝,2024-11-20,6950
3042,晶技,10,0,10,福勝,2024-11-20,6950
3260,威剛,10,0,10,福勝,2024-11-20,6950
3550,聯穎,10,0,10,福勝,2024-11-20,6950
6274,台燿,10,0,10,福勝,2024-11-20,6950
8070,長華*,11,1,10,福勝,2024-11-20,6950
4510,高鋒,11,2,9,福勝,2024-11-20,6950
4938,和碩,10,1,9,福勝,2024-11-20,6950
8104,錸寶,10,1,9,福勝,2024-11-20,6950
1301,台塑,10,2,8,福勝,2024-11-20,6950
2605,新興,8,0,8,福勝,2024-11-20,6950
2330,台積電,8,0,8,福勝,2024-11-20,6950
3032,偉訓,20,13,7,福勝,2024-11-20,6950
3594,磐儀,17,10,7,福勝,2024-11-20,6950
8929,富堡,12,5,7,福勝,2024-11-20,6950
2392,正崴,14,7,7,福勝,2024-11-20,6950
2349,錸德,439,33,406,福勝,2024-11-21,6950
2880,華南金,50,0,50,福勝,2024-11-21,6950
2303,聯電,57,15,42,福勝,2024-11-21,6950
5880,合庫金,40,0,40,福勝,2024-11-21,6950
1301,台塑,37,0,37,福勝,2024-11-21,6950
2317,鴻海,35,1,34,福勝,2024-11-21,6950
2415,錩新,32,0,32,福勝,2024-11-21,6950
2646,星宇航空,30,0,30,福勝,2024-11-21,6950
2353,宏��,59,30,29,福勝,2024-11-21,6950
2603,長榮,46,19,27,福勝,2024-11-21,6950
2354,鴻準,62,38,24,福勝,2024-11-21,6950
6241,易通展,25,1,24,福勝,2024-11-21,6950
2618,長榮航,26,5,21,福勝,2024-11-21,6950
00960,野村全球航運龍頭,21,1,20,福勝,2024-11-21,6950
2327,國巨,20,0,20,福勝,2024-11-21,6950
2884,玉山金,19,0,19,福勝,2024-11-21,6950
00929,復華台灣科技優息,44,26,18,福勝,2024-11-21,6950
3511,矽瑪,25,9,16,福勝,2024-11-21,6950
3231,緯創,18,4,14,福勝,2024-11-21,6950
0056,元大高股息,13,0,13,福勝,2024-11-21,6950
2002,中鋼,15,2,13,福勝,2024-11-21,6950
2409,友達,13,0,13,福勝,2024-11-21,6950
2605,新興,13,1,12,福勝,2024-11-21,6950
3264,欣銓,11,0,11,福勝,2024-11-21,6950
3545,敦泰,11,0,11,福勝,2024-11-21,6950
1587,吉茂,10,0,10,福勝,2024-11-21,6950
2009,第一銅,10,0,10,福勝,2024-11-21,6950
2308,台達電,10,0,10,福勝,2024-11-21,6950
4726,永昕,10,0,10,福勝,2024-11-21,6950
3665,貿聯-KY,11,2,9,福勝,2024-11-21,6950
2204,中華,20,11,9,福勝,2024-11-21,6950
3625,西勝,10,1,9,福勝,2024-11-21,6950
2330,台積電,9,0,9,福勝,2024-11-21,6950
3450,聯鈞,10,3,7,福勝,2024-11-21,6950
00919,群益台灣精選高息,9,2,7,福勝,2024-11-21,6950
2367,燿華,7,0,7,福勝,2024-11-21,6950
3290,東浦,9,2,7,福勝,2024-11-21,6950
8064,東捷,9,2,7,福勝,2024-11-21,6950
3019,亞光,25,18,7,福勝,2024-11-21,6950
3015,全漢,6,0,6,福勝,2024-11-21,6950
1229,聯華,5,0,5,福勝,2024-11-21,6950
00642U,期元大S＆P石油,5,0,5,福勝,2024-11-21,6950
1449,佳和,9,4,5,福勝,2024-11-21,6950
2431,聯昌,5,0,5,福勝,2024-11-21,6950
2723,美食-KY,5,0,5,福勝,2024-11-21,6950
2882,國泰金,5,0,5,福勝,2024-11-21,6950
3013,晟銘電,5,0,5,福勝,2024-11-21,6950
3024,憶聲,5,0,5,福勝,2024-11-21,6950
4979,華星光,6,1,5,福勝,2024-11-21,6950
6217,中探針,5,0,5,福勝,2024-11-21,6950
2415,錩新,236,21,215,福勝,2024-11-22,6950
1312,國喬,100,0,100,福勝,2024-11-22,6950
2027,大成鋼,101,4,97,福勝,2024-11-22,6950
2609,陽明,87,16,71,福勝,2024-11-22,6950
3231,緯創,100,34,66,福勝,2024-11-22,6950
1449,佳和,61,15,46,福勝,2024-11-22,6950
3363,上詮,41,2,39,福勝,2024-11-22,6950
2371,大同,52,20,32,福勝,2024-11-22,6950
8011,台通,44,12,32,福勝,2024-11-22,6950
1308,亞聚,30,0,30,福勝,2024-11-22,6950
00673R,期元大S＆P原油反1,30,0,30,福勝,2024-11-22,6950
3019,亞光,44,17,27,福勝,2024-11-22,6950
00953B,群益優選非投等債,26,0,26,福勝,2024-11-22,6950
6245,立端,25,0,25,福勝,2024-11-22,6950
2201,裕隆,24,1,23,福勝,2024-11-22,6950
2324,仁寶,45,24,21,福勝,2024-11-22,6950
1471,首利,20,0,20,福勝,2024-11-22,6950
2615,萬海,29,10,19,福勝,2024-11-22,6950
2383,台光電,22,4,18,福勝,2024-11-22,6950
2303,聯電,30,13,17,福勝,2024-11-22,6950
2867,三商壽,14,0,14,福勝,2024-11-22,6950
6153,嘉聯益,14,0,14,福勝,2024-11-22,6950
9933,中鼎,13,0,13,福勝,2024-11-22,6950
00713,元大台灣高息低波,12,0,12,福勝,2024-11-22,6950
2605,新興,12,0,12,福勝,2024-11-22,6950
00878,國泰永續高股息,21,10,11,福勝,2024-11-22,6950
2204,中華,15,4,11,福勝,2024-11-22,6950
2457,飛宏,11,0,11,福勝,2024-11-22,6950
6215,和椿,11,0,11,福勝,2024-11-22,6950
00887,永豐中國科技50大,10,0,10,福勝,2024-11-22,6950
1781,合世,10,0,10,福勝,2024-11-22,6950
2406,國碩,10,0,10,福勝,2024-11-22,6950
2888,新光金,10,0,10,福勝,2024-11-22,6950
3022,威強電,10,0,10,福勝,2024-11-22,6950
5426,振發,10,0,10,福勝,2024-11-22,6950
5452,佶優,10,0,10,福勝,2024-11-22,6950
1444,力麗,10,0,10,福勝,2024-11-22,6950
2408,南亞科,10,0,10,福勝,2024-11-22,6950
6134,萬旭,12,3,9,福勝,2024-11-22,6950
6197,佳必琪,9,0,9,福勝,2024-11-22,6950
2367,燿華,13,4,9,福勝,2024-11-22,6950
00665L,富邦�琤肭磪囓�2,8,0,8,福勝,2024-11-22,6950
2356,英業達,14,6,8,福勝,2024-11-22,6950
2401,凌陽,10,2,8,福勝,2024-11-22,6950
3088,艾訊,8,0,8,福勝,2024-11-22,6950
8163,達方,17,9,8,福勝,2024-11-22,6950
1531,高林股,10,3,7,福勝,2024-11-22,6950
1609,大亞,12,5,7,福勝,2024-11-22,6950
3607,谷崧,7,0,7,福勝,2024-11-22,6950
6770,力積電,9,2,7,福勝,2024-11-22,6950
2609,陽明,150,24,126,福勝,2024-11-25,6950
2415,錩新,93,0,93,福勝,2024-11-25,6950
9105,泰金寶-DR,174,82,92,福勝,2024-11-25,6950
3481,群創,97,20,77,福勝,2024-11-25,6950
2303,聯電,103,33,70,福勝,2024-11-25,6950
1802,台玻,99,33,66,福勝,2024-11-25,6950
2349,錸德,62,6,56,福勝,2024-11-25,6950
00945B,凱基美國非投等債,50,0,50,福勝,2024-11-25,6950
3056,富華新,50,0,50,福勝,2024-11-25,6950
5876,上海商銀,43,0,43,福勝,2024-11-25,6950
2331,精英,40,2,38,福勝,2024-11-25,6950
2354,鴻準,57,19,38,福勝,2024-11-25,6950
2449,京元電子,45,13,32,福勝,2024-11-25,6950
2406,國碩,31,0,31,福勝,2024-11-25,6950
4720,德淵,30,0,30,福勝,2024-11-25,6950
2353,宏��,33,6,27,福勝,2024-11-25,6950
2543,皇昌,28,3,25,福勝,2024-11-25,6950
2605,新興,24,0,24,福勝,2024-11-25,6950
2615,萬海,30,8,22,福勝,2024-11-25,6950
1809,中釉,31,10,21,福勝,2024-11-25,6950
2344,華邦電,21,0,21,福勝,2024-11-25,6950
3019,亞光,22,2,20,福勝,2024-11-25,6950
3535,晶彩科,20,0,20,福勝,2024-11-25,6950
6288,聯嘉,20,3,17,福勝,2024-11-25,6950
2618,長榮航,32,16,16,福勝,2024-11-25,6950
6438,迅得,15,0,15,福勝,2024-11-25,6950
2834,臺企銀,16,1,15,福勝,2024-11-25,6950
4303,信立,19,5,14,福勝,2024-11-25,6950
5426,振發,35,21,14,福勝,2024-11-25,6950
6163,華電網,14,0,14,福勝,2024-11-25,6950
8261,富鼎,13,0,13,福勝,2024-11-25,6950
3037,欣興,12,0,12,福勝,2024-11-25,6950
2603,長榮,29,17,12,福勝,2024-11-25,6950
3211,順達,11,0,11,福勝,2024-11-25,6950
1711,永光,11,0,11,福勝,2024-11-25,6950
2023,燁輝,10,0,10,福勝,2024-11-25,6950
2328,廣宇,13,3,10,福勝,2024-11-25,6950
6229,研通,10,0,10,福勝,2024-11-25,6950
3265,台星科,10,1,9,福勝,2024-11-25,6950
4529,淳紳,9,0,9,福勝,2024-11-25,6950
9904,寶成,11,2,9,福勝,2024-11-25,6950
6282,康舒,30,21,9,福勝,2024-11-25,6950
2312,金寶,117,108,9,福勝,2024-11-25,6950
2489,瑞軒,10,2,8,福勝,2024-11-25,6950
3317,尼克森,10,2,8,福勝,2024-11-25,6950
4123,晟德,8,0,8,福勝,2024-11-25,6950
4909,新復興,10,2,8,福勝,2024-11-25,6950
2330,台積電,15,7,8,福勝,2024-11-25,6950
00753L,中信中國50正2,8,1,7,福勝,2024-11-25,6950
2367,燿華,13,6,7,福勝,2024-11-25,6950
3056,富華新,128,0,128,福勝,2024-11-26,6950
3576,聯合再生,100,0,100,福勝,2024-11-26,6950
2317,鴻海,62,0,62,福勝,2024-11-26,6950
2415,錩新,52,2,50,福勝,2024-11-26,6950
7705,三商餐飲,42,0,42,福勝,2024-11-26,6950
2832,台產,39,0,39,福勝,2024-11-26,6950
2615,萬海,36,2,34,福勝,2024-11-26,6950
00878,國泰永續高股息,35,3,32,福勝,2024-11-26,6950
3323,加百裕,33,9,24,福勝,2024-11-26,6950
2344,華邦電,23,0,23,福勝,2024-11-26,6950
3231,緯創,35,13,22,福勝,2024-11-26,6950
2605,新興,21,0,21,福勝,2024-11-26,6950
2330,台積電,20,0,20,福勝,2024-11-26,6950
2408,南亞科,21,2,19,福勝,2024-11-26,6950
0056,元大高股息,18,0,18,福勝,2024-11-26,6950
1524,耿鼎,34,17,17,福勝,2024-11-26,6950
3338,泰碩,17,0,17,福勝,2024-11-26,6950
6134,萬旭,20,5,15,福勝,2024-11-26,6950
00713,元大台灣高息低波,14,0,14,福勝,2024-11-26,6950
1815,富喬,128,115,13,福勝,2024-11-26,6950
3706,神達,34,22,12,福勝,2024-11-26,6950
6257,矽格,12,0,12,福勝,2024-11-26,6950
3017,奇鋐,11,0,11,福勝,2024-11-26,6950
2014,中鴻,11,0,11,福勝,2024-11-26,6950
2646,星宇航空,11,0,11,福勝,2024-11-26,6950
00919,群益台灣精選高息,10,0,10,福勝,2024-11-26,6950
00891,中信關鍵半導體,10,0,10,福勝,2024-11-26,6950
2371,大同,10,0,10,福勝,2024-11-26,6950
2538,基泰,10,0,10,福勝,2024-11-26,6950
2547,日勝生,10,0,10,福勝,2024-11-26,6950
2634,漢翔,11,1,10,福勝,2024-11-26,6950
3607,谷崧,10,0,10,福勝,2024-11-26,6950
4529,淳紳,10,0,10,福勝,2024-11-26,6950
6901,鑽石投資,10,0,10,福勝,2024-11-26,6950
8038,長園科,10,0,10,福勝,2024-11-26,6950
9105,泰金寶-DR,11,1,10,福勝,2024-11-26,6950
00960,野村全球航運龍頭,9,0,9,福勝,2024-11-26,6950
2312,金寶,59,50,9,福勝,2024-11-26,6950
3033,威健,12,3,9,福勝,2024-11-26,6950
2316,楠梓電,8,0,8,福勝,2024-11-26,6950
2367,燿華,13,5,8,福勝,2024-11-26,6950
2601,益航,10,2,8,福勝,2024-11-26,6950
6245,立端,8,0,8,福勝,2024-11-26,6950
8033,雷虎,31,23,8,福勝,2024-11-26,6950
8436,大江,8,0,8,福勝,2024-11-26,6950
1721,三晃,10,3,7,福勝,2024-11-26,6950
2204,中華,16,9,7,福勝,2024-11-26,6950
2495,普安,7,0,7,福勝,2024-11-26,6950
2543,皇昌,16,9,7,福勝,2024-11-26,6950
3029,零壹,12,5,7,福勝,2024-11-26,6950
6153,嘉聯益,351,0,351,福勝,2024-11-27,6950
2356,英業達,172,19,153,福勝,2024-11-27,6950
1319,東陽,148,7,141,福勝,2024-11-27,6950
2881,富邦金,127,3,124,福勝,2024-11-27,6950
0056,元大高股息,119,0,119,福勝,2024-11-27,6950
00878,國泰永續高股息,117,5,112,福勝,2024-11-27,6950
3056,富華新,97,0,97,福勝,2024-11-27,6950
00919,群益台灣精選高息,88,0,88,福勝,2024-11-27,6950
2027,大成鋼,81,8,73,福勝,2024-11-27,6950
3231,緯創,70,9,61,福勝,2024-11-27,6950
2851,中再保,60,0,60,福勝,2024-11-27,6950
1530,亞崴,50,0,50,福勝,2024-11-27,6950
2002,中鋼,46,0,46,福勝,2024-11-27,6950
2615,萬海,52,6,46,福勝,2024-11-27,6950
1301,台塑,43,0,43,福勝,2024-11-27,6950
1449,佳和,41,0,41,福勝,2024-11-27,6950
2609,陽明,101,62,39,福勝,2024-11-27,6950
2603,長榮,56,17,39,福勝,2024-11-27,6950
2303,聯電,48,10,38,福勝,2024-11-27,6950
2867,三商壽,35,0,35,福勝,2024-11-27,6950
00918,大華優利高填息30,31,0,31,福勝,2024-11-27,6950
3706,神達,65,39,26,福勝,2024-11-27,6950
2344,華邦電,44,20,24,福勝,2024-11-27,6950
00960,野村全球航運龍頭,24,0,24,福勝,2024-11-27,6950
00940,元大台灣價值高息,23,0,23,福勝,2024-11-27,6950
2392,正崴,67,45,22,福勝,2024-11-27,6950
3550,聯穎,22,0,22,福勝,2024-11-27,6950
2354,鴻準,22,1,21,福勝,2024-11-27,6950
2415,錩新,25,4,21,福勝,2024-11-27,6950
2032,新鋼,20,0,20,福勝,2024-11-27,6950
2330,台積電,19,0,19,福勝,2024-11-27,6950
1609,大亞,18,0,18,福勝,2024-11-27,6950
4107,邦特,17,0,17,福勝,2024-11-27,6950
2382,廣達,17,1,16,福勝,2024-11-27,6950
1605,華新,15,0,15,福勝,2024-11-27,6950
00929,復華台灣科技優息,29,15,14,福勝,2024-11-27,6950
5243,乙盛-KY,14,0,14,福勝,2024-11-27,6950
2882,國泰金,13,0,13,福勝,2024-11-27,6950
6770,力積電,15,2,13,福勝,2024-11-27,6950
00687B,國泰20年美債,20,8,12,福勝,2024-11-27,6950
1802,台玻,13,1,12,福勝,2024-11-27,6950
2439,美律,12,0,12,福勝,2024-11-27,6950
4908,前鼎,12,0,12,福勝,2024-11-27,6950
00881,國泰台灣5G+,11,0,11,福勝,2024-11-27,6950
00642U,期元大S＆P石油,10,0,10,福勝,2024-11-27,6950
00915,凱基優選高股息30,10,0,10,福勝,2024-11-27,6950
1314,中石化,10,0,10,福勝,2024-11-27,6950
1413,宏洲,10,0,10,福勝,2024-11-27,6950
1618,合機,10,0,10,福勝,2024-11-27,6950
1710,東聯,10,0,10,福勝,2024-11-27,6950
2303,聯電,151,3,148,福勝,2024-11-28,6950
2312,金寶,147,29,118,福勝,2024-11-28,6950
00905,FT臺灣Smart,97,0,97,福勝,2024-11-28,6950
9105,泰金寶-DR,96,0,96,福勝,2024-11-28,6950
00878,國泰永續高股息,112,20,92,福勝,2024-11-28,6950
2834,臺企銀,93,1,92,福勝,2024-11-28,6950
00919,群益台灣精選高息,95,10,85,福勝,2024-11-28,6950
1815,富喬,112,41,71,福勝,2024-11-28,6950
2027,大成鋼,80,30,50,福勝,2024-11-28,6950
2845,遠東銀,50,0,50,福勝,2024-11-28,6950
4510,高鋒,69,31,38,福勝,2024-11-28,6950
00929,復華台灣科技優息,42,9,33,福勝,2024-11-28,6950
3363,上詮,30,0,30,福勝,2024-11-28,6950
00940,元大台灣價值高息,34,5,29,福勝,2024-11-28,6950
00918,大華優利高填息30,26,0,26,福勝,2024-11-28,6950
2646,星宇航空,26,0,26,福勝,2024-11-28,6950
0056,元大高股息,59,35,24,福勝,2024-11-28,6950
2327,國巨,24,1,23,福勝,2024-11-28,6950
2415,錩新,43,20,23,福勝,2024-11-28,6950
2317,鴻海,25,3,22,福勝,2024-11-28,6950
00960,野村全球航運龍頭,20,0,20,福勝,2024-11-28,6950
2204,中華,33,13,20,福勝,2024-11-28,6950
2332,友訊,23,3,20,福勝,2024-11-28,6950
2383,台光電,20,1,19,福勝,2024-11-28,6950
8240,華宏,18,0,18,福勝,2024-11-28,6950
00891,中信關鍵半導體,16,0,16,福勝,2024-11-28,6950
3062,建漢,16,0,16,福勝,2024-11-28,6950
2344,華邦電,17,2,15,福勝,2024-11-28,6950
2070,精湛,33,19,14,福勝,2024-11-28,6950
2882,國泰金,16,2,14,福勝,2024-11-28,6950
00915,凱基優選高股息30,13,0,13,福勝,2024-11-28,6950
6706,惠特,13,0,13,福勝,2024-11-28,6950
2014,中鴻,13,2,11,福勝,2024-11-28,6950
2419,仲琦,17,6,11,福勝,2024-11-28,6950
4903,聯光通,11,0,11,福勝,2024-11-28,6950
1308,亞聚,10,0,10,福勝,2024-11-28,6950
2406,國碩,10,0,10,福勝,2024-11-28,6950
2431,聯昌,10,0,10,福勝,2024-11-28,6950
2880,華南金,10,0,10,福勝,2024-11-28,6950
3078,僑威,10,0,10,福勝,2024-11-28,6950
3372,典範,10,0,10,福勝,2024-11-28,6950
3593,力銘,10,0,10,福勝,2024-11-28,6950
4142,國光生,10,0,10,福勝,2024-11-28,6950
4720,德淵,10,0,10,福勝,2024-11-28,6950
5880,合庫金,10,0,10,福勝,2024-11-28,6950
6116,彩晶,10,0,10,福勝,2024-11-28,6950
6152,百一,10,0,10,福勝,2024-11-28,6950
2399,映泰,12,3,9,福勝,2024-11-28,6950
2421,建準,9,0,9,福勝,2024-11-28,6950
5009,榮剛,9,0,9,福勝,2024-11-28,6950
2883B,凱基金乙特,294,0,294,福勝,2024-11-29,6950
5880,合庫金,123,0,123,福勝,2024-11-29,6950
2317,鴻海,84,21,63,福勝,2024-11-29,6950
0056,元大高股息,78,19,59,福勝,2024-11-29,6950
2845,遠東銀,50,0,50,福勝,2024-11-29,6950
2609,陽明,54,7,47,福勝,2024-11-29,6950
00878,國泰永續高股息,40,1,39,福勝,2024-11-29,6950
2303,聯電,38,0,38,福勝,2024-11-29,6950
2415,錩新,38,0,38,福勝,2024-11-29,6950
00919,群益台灣精選高息,37,1,36,福勝,2024-11-29,6950
2002,中鋼,35,0,35,福勝,2024-11-29,6950
00959B,大華投等美債15Y+,30,0,30,福勝,2024-11-29,6950
6127,九豪,33,7,26,福勝,2024-11-29,6950
1301,台塑,37,13,24,福勝,2024-11-29,6950
8028,昇陽半導體,24,0,24,福勝,2024-11-29,6950
1314,中石化,30,10,20,福勝,2024-11-29,6950
2327,國巨,21,1,20,福勝,2024-11-29,6950
2834,臺企銀,20,0,20,福勝,2024-11-29,6950
2312,金寶,42,24,18,福勝,2024-11-29,6950
006208,富邦台50,16,0,16,福勝,2024-11-29,6950
2349,錸德,16,0,16,福勝,2024-11-29,6950
3372,典範,16,0,16,福勝,2024-11-29,6950
2881,富邦金,16,2,14,福勝,2024-11-29,6950
3090,日電貿,14,0,14,福勝,2024-11-29,6950
6770,力積電,17,3,14,福勝,2024-11-29,6950
00915,凱基優選高股息30,14,0,14,福勝,2024-11-29,6950
2883,凱基金,12,0,12,福勝,2024-11-29,6950
5426,振發,12,0,12,福勝,2024-11-29,6950
6530,創威,13,1,12,福勝,2024-11-29,6950
2882,國泰金,11,0,11,福勝,2024-11-29,6950
8070,長華*,10,0,10,福勝,2024-11-29,6950
1312,國喬,10,0,10,福勝,2024-11-29,6950
00652,富邦印度,10,0,10,福勝,2024-11-29,6950
00954,中信日本半導體,10,0,10,福勝,2024-11-29,6950
1409,新纖,10,0,10,福勝,2024-11-29,6950
2637,慧洋-KY,10,0,10,福勝,2024-11-29,6950
2603,長榮,14,5,9,福勝,2024-11-29,6950
2330,台積電,9,0,9,福勝,2024-11-29,6950
2337,旺宏,8,0,8,福勝,2024-11-29,6950
2392,正崴,21,13,8,福勝,2024-11-29,6950
2615,萬海,11,3,8,福勝,2024-11-29,6950
3580,友威科,8,0,8,福勝,2024-11-29,6950
2356,英業達,8,1,7,福勝,2024-11-29,6950
2929,淘帝-KY,27,20,7,福勝,2024-11-29,6950
1446,宏和,6,0,6,福勝,2024-11-29,6950
1605,華新,6,0,6,福勝,2024-11-29,6950
1608,華榮,6,0,6,福勝,2024-11-29,6950
2323,中環,6,0,6,福勝,2024-11-29,6950
2405,輔信,7,1,6,福勝,2024-11-29,6950
00918,大華優利高填息30,5,0,5,福勝,2024-11-29,6950
2415,錩新,53,6,47,福勝,2024-12-02,6950
2312,金寶,79,41,38,福勝,2024-12-02,6950
2883,凱基金,40,5,35,福勝,2024-12-02,6950
2317,鴻海,36,3,33,福勝,2024-12-02,6950
6603,富強鑫,31,0,31,福勝,2024-12-02,6950
00953B,群益優選非投等債,30,0,30,福勝,2024-12-02,6950
1611,中電,25,0,25,福勝,2024-12-02,6950
3041,揚智,25,0,25,福勝,2024-12-02,6950
1605,華新,22,0,22,福勝,2024-12-02,6950
4303,信立,38,16,22,福勝,2024-12-02,6950
2337,旺宏,26,5,21,福勝,2024-12-02,6950
2606,裕民,20,0,20,福勝,2024-12-02,6950
1905,華紙,17,0,17,福勝,2024-12-02,6950
2630,亞航,17,0,17,福勝,2024-12-02,6950
00673R,期元大S＆P原油反1,15,0,15,福勝,2024-12-02,6950
1108,幸福,17,2,15,福勝,2024-12-02,6950
1528,恩德,19,5,14,福勝,2024-12-02,6950
2354,鴻準,20,6,14,福勝,2024-12-02,6950
8929,富堡,21,7,14,福勝,2024-12-02,6950
00950B,凱基A級公司債,13,0,13,福勝,2024-12-02,6950
5309,系統電,44,31,13,福勝,2024-12-02,6950
6770,力積電,13,1,12,福勝,2024-12-02,6950
1795,美時,12,0,12,福勝,2024-12-02,6950
2002,中鋼,12,0,12,福勝,2024-12-02,6950
2301,光寶科,13,1,12,福勝,2024-12-02,6950
5315,光聯,19,7,12,福勝,2024-12-02,6950
9904,寶成,23,11,12,福勝,2024-12-02,6950
2392,正崴,12,1,11,福勝,2024-12-02,6950
2426,鼎元,11,0,11,福勝,2024-12-02,6950
2344,華邦電,10,0,10,福勝,2024-12-02,6950
2327,國巨,11,1,10,福勝,2024-12-02,6950
00905,FT臺灣Smart,10,0,10,福勝,2024-12-02,6950
1815,富喬,45,35,10,福勝,2024-12-02,6950
3290,東浦,10,0,10,福勝,2024-12-02,6950
4916,事欣科,10,0,10,福勝,2024-12-02,6950
5203,訊連,10,0,10,福勝,2024-12-02,6950
5880,合庫金,11,1,10,福勝,2024-12-02,6950
6535,順藥,10,1,9,福勝,2024-12-02,6950
2641,正德,9,0,9,福勝,2024-12-02,6950
3706,神達,34,25,9,福勝,2024-12-02,6950
4979,華星光,26,18,8,福勝,2024-12-02,6950
2929,淘帝-KY,8,0,8,福勝,2024-12-02,6950
2062,橋椿,8,1,7,福勝,2024-12-02,6950
2305,全友,7,0,7,福勝,2024-12-02,6950
2402,毅嘉,7,0,7,福勝,2024-12-02,6950
2457,飛宏,7,0,7,福勝,2024-12-02,6950
2547,日勝生,20,13,7,福勝,2024-12-02,6950
3024,憶聲,7,0,7,福勝,2024-12-02,6950
3025,星通,8,1,7,福勝,2024-12-02,6950
3380,明泰,8,1,7,福勝,2024-12-02,6950
00919,群益台灣精選高息,305,17,288,福勝,2024-12-03,6950
2883B,凱基金乙特,100,0,100,福勝,2024-12-03,6950
3231,緯創,109,10,99,福勝,2024-12-03,6950
00918,大華優利高填息30,84,10,74,福勝,2024-12-03,6950
2303,聯電,62,12,50,福勝,2024-12-03,6950
4303,信立,68,36,32,福勝,2024-12-03,6950
00751B,元大AAA至A公司債,30,0,30,福勝,2024-12-03,6950
00687B,國泰20年美債,28,1,27,福勝,2024-12-03,6950
2408,南亞科,25,1,24,福勝,2024-12-03,6950
00713,元大台灣高息低波,20,0,20,福勝,2024-12-03,6950
00937B,群益ESG投等債20,20,2,18,福勝,2024-12-03,6950
2317,鴻海,21,5,16,福勝,2024-12-03,6950
1540,喬福,15,0,15,福勝,2024-12-03,6950
1760,寶齡富錦,15,0,15,福勝,2024-12-03,6950
5864,致和證,15,0,15,福勝,2024-12-03,6950
3380,明泰,22,8,14,福勝,2024-12-03,6950
5371,中光電,16,3,13,福勝,2024-12-03,6950
2415,錩新,12,0,12,福勝,2024-12-03,6950
5344,立衛,12,0,12,福勝,2024-12-03,6950
6877,鏵友益,12,0,12,福勝,2024-12-03,6950
006208,富邦台50,14,3,11,福勝,2024-12-03,6950
3003,健和興,16,5,11,福勝,2024-12-03,6950
1101,台泥,12,2,10,福勝,2024-12-03,6950
1805,寶徠,10,0,10,福勝,2024-12-03,6950
2886,兆豐金,10,0,10,福勝,2024-12-03,6950
3013,晟銘電,10,0,10,福勝,2024-12-03,6950
3045,台灣大,10,0,10,福勝,2024-12-03,6950
5907,大洋-KY,10,0,10,福勝,2024-12-03,6950
6558,興能高,25,15,10,福勝,2024-12-03,6950
8110,華東,10,0,10,福勝,2024-12-03,6950
00915,凱基優選高股息30,9,0,9,福勝,2024-12-03,6950
2349,錸德,10,1,9,福勝,2024-12-03,6950
6834,天二科技,9,0,9,福勝,2024-12-03,6950
1449,佳和,90,82,8,福勝,2024-12-03,6950
3029,零壹,10,2,8,福勝,2024-12-03,6950
2444,兆勁,7,0,7,福勝,2024-12-03,6950
3694,海華,11,4,7,福勝,2024-12-03,6950
5469,瀚宇博,7,0,7,福勝,2024-12-03,6950
00965,元大航太防衛科技,6,0,6,福勝,2024-12-03,6950
1464,得力,6,0,6,福勝,2024-12-03,6950
2359,所羅門,7,1,6,福勝,2024-12-03,6950
2455,全新,8,2,6,福勝,2024-12-03,6950
3030,德律,6,0,6,福勝,2024-12-03,6950
3450,聯鈞,18,12,6,福勝,2024-12-03,6950
4991,環宇-KY,6,0,6,福勝,2024-12-03,6950
6127,九豪,6,0,6,福勝,2024-12-03,6950
6213,聯茂,7,1,6,福勝,2024-12-03,6950
8028,昇陽半導體,13,7,6,福勝,2024-12-03,6950
2337,旺宏,13,7,6,福勝,2024-12-03,6950
00712,復華富時不動產,5,0,5,福勝,2024-12-03,6950
2610,華航,477,273,204,福勝,2024-12-04,6950
2415,錩新,129,11,118,福勝,2024-12-04,6950
2605,新興,116,0,116,福勝,2024-12-04,6950
00918,大華優利高填息30,112,0,112,福勝,2024-12-04,6950
2883B,凱基金乙特,100,0,100,福勝,2024-12-04,6950
3017,奇鋐,86,0,86,福勝,2024-12-04,6950
00919,群益台灣精選高息,88,5,83,福勝,2024-12-04,6950
2317,鴻海,58,11,47,福勝,2024-12-04,6950
3706,神達,67,30,37,福勝,2024-12-04,6950
00891,中信關鍵半導體,40,5,35,福勝,2024-12-04,6950
2809,京城銀,35,0,35,福勝,2024-12-04,6950
3312,弘憶股,32,0,32,福勝,2024-12-04,6950
00953B,群益優選非投等債,31,0,31,福勝,2024-12-04,6950
2820,華票,30,0,30,福勝,2024-12-04,6950
2543,皇昌,42,16,26,福勝,2024-12-04,6950
2301,光寶科,24,0,24,福勝,2024-12-04,6950
00959B,大華投等美債15Y+,20,0,20,福勝,2024-12-04,6950
00713,元大台灣高息低波,20,0,20,福勝,2024-12-04,6950
00712,復華富時不動產,22,2,20,福勝,2024-12-04,6950
2501,國建,20,0,20,福勝,2024-12-04,6950
6226,光鼎,20,0,20,福勝,2024-12-04,6950
5490,同亨,19,0,19,福勝,2024-12-04,6950
2303,聯電,26,8,18,福勝,2024-12-04,6950
6742,澤米,16,0,16,福勝,2024-12-04,6950
00915,凱基優選高股息30,16,2,14,福勝,2024-12-04,6950
2504,國產,14,0,14,福勝,2024-12-04,6950
2646,星宇航空,17,3,14,福勝,2024-12-04,6950
9105,泰金寶-DR,13,0,13,福勝,2024-12-04,6950
2375,凱美,19,7,12,福勝,2024-12-04,6950
6530,創威,25,13,12,福勝,2024-12-04,6950
2349,錸德,26,15,11,福勝,2024-12-04,6950
00945B,凱基美國非投等債,10,0,10,福勝,2024-12-04,6950
00909,國泰數位支付服務,10,0,10,福勝,2024-12-04,6950
00922,國泰台灣領袖50,10,0,10,福勝,2024-12-04,6950
1710,東聯,10,0,10,福勝,2024-12-04,6950
2348,海悅,12,2,10,福勝,2024-12-04,6950
2601,益航,10,0,10,福勝,2024-12-04,6950
3313,斐成,10,0,10,福勝,2024-12-04,6950
3211,順達,22,13,9,福勝,2024-12-04,6950
00795B,中信美國公債20年,8,0,8,福勝,2024-12-04,6950
2426,鼎元,9,1,8,福勝,2024-12-04,6950
2495,普安,8,0,8,福勝,2024-12-04,6950
3537,堡達,10,2,8,福勝,2024-12-04,6950
8429,金麗-KY,8,0,8,福勝,2024-12-04,6950
00673R,期元大S＆P原油反1,7,0,7,福勝,2024-12-04,6950
5371,中光電,7,0,7,福勝,2024-12-04,6950
8171,天宇,15,8,7,福勝,2024-12-04,6950
2314,台揚,6,0,6,福勝,2024-12-04,6950
3008,大立光,6,0,6,福勝,2024-12-04,6950
4979,華星光,13,7,6,福勝,2024-12-04,6950
1312,國喬,145,0,145,福勝,2024-12-05,6950
2415,錩新,114,0,114,福勝,2024-12-05,6950
2605,新興,101,0,101,福勝,2024-12-05,6950
00937B,群益ESG投等債20,102,29,73,福勝,2024-12-05,6950
2888,新光金,65,0,65,福勝,2024-12-05,6950
1409,新纖,50,0,50,福勝,2024-12-05,6950
00713,元大台灣高息低波,49,0,49,福勝,2024-12-05,6950
00679B,元大美債20年,48,4,44,福勝,2024-12-05,6950
2303,聯電,43,0,43,福勝,2024-12-05,6950
00918,大華優利高填息30,32,0,32,福勝,2024-12-05,6950
2392,正崴,60,30,30,福勝,2024-12-05,6950
2449,京元電子,40,11,29,福勝,2024-12-05,6950
4545,銘鈺,29,0,29,福勝,2024-12-05,6950
1301,台塑,27,1,26,福勝,2024-12-05,6950
1815,富喬,73,48,25,福勝,2024-12-05,6950
1806,冠軍,22,0,22,福勝,2024-12-05,6950
00960,野村全球航運龍頭,21,0,21,福勝,2024-12-05,6950
2515,中工,20,0,20,福勝,2024-12-05,6950
2820,華票,20,0,20,福勝,2024-12-05,6950
00891,中信關鍵半導體,20,1,19,福勝,2024-12-05,6950
2609,陽明,24,7,17,福勝,2024-12-05,6950
2375,凱美,33,17,16,福勝,2024-12-05,6950
2317,鴻海,17,3,14,福勝,2024-12-05,6950
2349,錸德,14,0,14,福勝,2024-12-05,6950
4903,聯光通,15,2,13,福勝,2024-12-05,6950
2399,映泰,16,4,12,福勝,2024-12-05,6950
2426,鼎元,13,1,12,福勝,2024-12-05,6950
4510,高鋒,13,2,11,福勝,2024-12-05,6950
6213,聯茂,11,0,11,福勝,2024-12-05,6950
6770,力積電,11,0,11,福勝,2024-12-05,6950
8028,昇陽半導體,11,0,11,福勝,2024-12-05,6950
1308,亞聚,10,0,10,福勝,2024-12-05,6950
00642U,期元大S＆P石油,10,0,10,福勝,2024-12-05,6950
1907,永豐餘,10,0,10,福勝,2024-12-05,6950
2465,麗臺,10,0,10,福勝,2024-12-05,6950
3015,全漢,25,15,10,福勝,2024-12-05,6950
3090,日電貿,28,18,10,福勝,2024-12-05,6950
3105,穩懋,10,0,10,福勝,2024-12-05,6950
4534,慶騰,10,0,10,福勝,2024-12-05,6950
6239,力成,10,0,10,福勝,2024-12-05,6950
2489,瑞軒,10,1,9,福勝,2024-12-05,6950
1802,台玻,10,1,9,福勝,2024-12-05,6950
00919,群益台灣精選高息,25,17,8,福勝,2024-12-05,6950
2312,金寶,50,42,8,福勝,2024-12-05,6950
2476,鉅祥,10,2,8,福勝,2024-12-05,6950
6558,興能高,10,3,7,福勝,2024-12-05,6950
3450,聯鈞,13,6,7,福勝,2024-12-05,6950
2369,菱生,7,0,7,福勝,2024-12-05,6950
2371,大同,9,2,7,福勝,2024-12-05,6950
3583,辛耘,7,0,7,福勝,2024-12-05,6950
00715L,期街口布蘭特正2,107,2,105,福勝,2024-12-06,6950
00937B,群益ESG投等債20,98,0,98,福勝,2024-12-06,6950
00919,群益台灣精選高息,108,22,86,福勝,2024-12-06,6950
00891,中信關鍵半導體,86,0,86,福勝,2024-12-06,6950
00953B,群益優選非投等債,80,0,80,福勝,2024-12-06,6950
3522,御嵿,55,0,55,福勝,2024-12-06,6950
2382,廣達,61,11,50,福勝,2024-12-06,6950
5457,宣德,53,11,42,福勝,2024-12-06,6950
2601,益航,35,0,35,福勝,2024-12-06,6950
3591,艾笛森,39,6,33,福勝,2024-12-06,6950
00712,復華富時不動產,30,0,30,福勝,2024-12-06,6950
1504,東元,27,0,27,福勝,2024-12-06,6950
00918,大華優利高填息30,26,0,26,福勝,2024-12-06,6950
2354,鴻準,66,40,26,福勝,2024-12-06,6950
00713,元大台灣高息低波,25,0,25,福勝,2024-12-06,6950
2405,輔信,53,28,25,福勝,2024-12-06,6950
8097,常珵,24,0,24,福勝,2024-12-06,6950
2426,鼎元,25,2,23,福勝,2024-12-06,6950
4743,合一,34,13,21,福勝,2024-12-06,6950
4919,新唐,37,16,21,福勝,2024-12-06,6950
2515,中工,20,0,20,福勝,2024-12-06,6950
2884,玉山金,20,0,20,福勝,2024-12-06,6950
2303,聯電,23,5,18,福勝,2024-12-06,6950
6451,訊芯-KY,20,3,17,福勝,2024-12-06,6950
00962,台新AI優息動能,15,0,15,福勝,2024-12-06,6950
3041,揚智,14,0,14,福勝,2024-12-06,6950
1605,華新,13,1,12,福勝,2024-12-06,6950
9105,泰金寶-DR,15,3,12,福勝,2024-12-06,6950
3709,鑫聯大投控,11,0,11,福勝,2024-12-06,6950
4123,晟德,11,0,11,福勝,2024-12-06,6950
1409,新纖,10,0,10,福勝,2024-12-06,6950
1308,亞聚,20,10,10,福勝,2024-12-06,6950
00946,群益科技高息成長,10,0,10,福勝,2024-12-06,6950
00894,中信小資高價30,10,0,10,福勝,2024-12-06,6950
2401,凌陽,10,0,10,福勝,2024-12-06,6950
2543,皇昌,13,3,10,福勝,2024-12-06,6950
3221,台嘉碩,10,0,10,福勝,2024-12-06,6950
5344,立衛,10,0,10,福勝,2024-12-06,6950
6456,GIS-KY,20,10,10,福勝,2024-12-06,6950
8064,東捷,10,0,10,福勝,2024-12-06,6950
8114,振樺電,10,0,10,福勝,2024-12-06,6950
1595,川寶,14,5,9,福勝,2024-12-06,6950
2002,中鋼,11,2,9,福勝,2024-12-06,6950
2338,光罩,9,0,9,福勝,2024-12-06,6950
3498,陽程,9,0,9,福勝,2024-12-06,6950
6538,倉和,9,0,9,福勝,2024-12-06,6950
6834,天二科技,9,0,9,福勝,2024-12-06,6950
00731,復華富時高息低波,8,0,8,福勝,2024-12-06,6950
2022,聚亨,8,0,8,福勝,2024-12-06,6950
5490,同亨,8,0,8,福勝,2024-12-06,6950
3481,群創,250,21,229,福勝,2024-12-09,6950
3715,定穎投控,154,6,148,福勝,2024-12-09,6950
2375,凱美,82,1,81,福勝,2024-12-09,6950
00940,元大台灣價值高息,80,20,60,福勝,2024-12-09,6950
2305,全友,50,7,43,福勝,2024-12-09,6950
00715L,期街口布蘭特正2,33,0,33,福勝,2024-12-09,6950
6226,光鼎,30,0,30,福勝,2024-12-09,6950
3706,神達,53,26,27,福勝,2024-12-09,6950
00915,凱基優選高股息30,27,0,27,福勝,2024-12-09,6950
5202,力新,27,2,25,福勝,2024-12-09,6950
00960,野村全球航運龍頭,24,0,24,福勝,2024-12-09,6950
5309,系統電,33,9,24,福勝,2024-12-09,6950
2405,輔信,24,1,23,福勝,2024-12-09,6950
2515,中工,20,0,20,福勝,2024-12-09,6950
6156,松上,20,0,20,福勝,2024-12-09,6950
00891,中信關鍵半導體,19,0,19,福勝,2024-12-09,6950
8096,擎亞,92,73,19,福勝,2024-12-09,6950
2409,友達,21,3,18,福勝,2024-12-09,6950
4931,新盛力,19,1,18,福勝,2024-12-09,6950
1524,耿鼎,17,0,17,福勝,2024-12-09,6950
3312,弘憶股,22,5,17,福勝,2024-12-09,6950
2415,錩新,66,50,16,福勝,2024-12-09,6950
6962,ITH-KY,17,1,16,福勝,2024-12-09,6950
2354,鴻準,46,31,15,福勝,2024-12-09,6950
2439,美律,15,0,15,福勝,2024-12-09,6950
2809,京城銀,15,0,15,福勝,2024-12-09,6950
3380,明泰,15,0,15,福勝,2024-12-09,6950
5488,松普,15,0,15,福勝,2024-12-09,6950
6456,GIS-KY,30,15,15,福勝,2024-12-09,6950
4971,IET-KY,13,0,13,福勝,2024-12-09,6950
2618,長榮航,62,50,12,福勝,2024-12-09,6950
3021,鴻名,12,0,12,福勝,2024-12-09,6950
3048,益登,12,0,12,福勝,2024-12-09,6950
3450,聯鈞,14,2,12,福勝,2024-12-09,6950
3035,智原,15,3,12,福勝,2024-12-09,6950
2392,正崴,11,0,11,福勝,2024-12-09,6950
3149,正達,31,20,11,福勝,2024-12-09,6950
4956,光鋐,11,0,11,福勝,2024-12-09,6950
6282,康舒,11,0,11,福勝,2024-12-09,6950
0056,元大高股息,11,0,11,福勝,2024-12-09,6950
00962,台新AI優息動能,10,0,10,福勝,2024-12-09,6950
1409,新纖,10,0,10,福勝,2024-12-09,6950
2406,國碩,10,0,10,福勝,2024-12-09,6950
2867,三商壽,10,0,10,福勝,2024-12-09,6950
4545,銘鈺,10,0,10,福勝,2024-12-09,6950
6113,亞矽,10,0,10,福勝,2024-12-09,6950
6834,天二科技,10,0,10,福勝,2024-12-09,6950
8070,長華*,10,0,10,福勝,2024-12-09,6950
8071,能率網通,10,0,10,福勝,2024-12-09,6950
8429,金麗-KY,10,0,10,福勝,2024-12-09,6950
2356,英業達,200,4,196,福勝,2024-12-10,6950
00918,大華優利高填息30,158,0,158,福勝,2024-12-10,6950
1210,大成,120,0,120,福勝,2024-12-10,6950
2834,臺企銀,100,29,71,福勝,2024-12-10,6950
2317,鴻海,61,4,57,福勝,2024-12-10,6950
2375,凱美,63,6,57,福勝,2024-12-10,6950
5481,新華,55,1,54,福勝,2024-12-10,6950
2344,華邦電,52,0,52,福勝,2024-12-10,6950
5328,華容,51,0,51,福勝,2024-12-10,6950
3706,神達,80,30,50,福勝,2024-12-10,6950
00962,台新AI優息動能,41,0,41,福勝,2024-12-10,6950
1718,中纖,40,3,37,福勝,2024-12-10,6950
2415,錩新,123,86,37,福勝,2024-12-10,6950
6104,創惟,30,0,30,福勝,2024-12-10,6950
8429,金麗-KY,44,14,30,福勝,2024-12-10,6950
4545,銘鈺,28,0,28,福勝,2024-12-10,6950
00919,群益台灣精選高息,29,3,26,福勝,2024-12-10,6950
2883,凱基金,22,0,22,福勝,2024-12-10,6950
2354,鴻準,42,21,21,福勝,2024-12-10,6950
6191,精成科,21,0,21,福勝,2024-12-10,6950
2891,中信金,22,2,20,福勝,2024-12-10,6950
6505,台塑化,19,0,19,福勝,2024-12-10,6950
1524,耿鼎,37,21,16,福勝,2024-12-10,6950
2301,光寶科,16,0,16,福勝,2024-12-10,6950
00945B,凱基美國非投等債,15,0,15,福勝,2024-12-10,6950
3481,群創,15,0,15,福勝,2024-12-10,6950
8111,立��,16,1,15,福勝,2024-12-10,6950
3607,谷崧,28,15,13,福勝,2024-12-10,6950
4991,環宇-KY,13,0,13,福勝,2024-12-10,6950
5521,工信,13,0,13,福勝,2024-12-10,6950
2609,陽明,41,29,12,福勝,2024-12-10,6950
8028,昇陽半導體,12,0,12,福勝,2024-12-10,6950
2382,廣達,12,1,11,福勝,2024-12-10,6950
0056,元大高股息,13,2,11,福勝,2024-12-10,6950
00909,國泰數位支付服務,11,0,11,福勝,2024-12-10,6950
6862,三集瑞-KY,11,0,11,福勝,2024-12-10,6950
00770,國泰北美科技,10,0,10,福勝,2024-12-10,6950
1409,新纖,10,0,10,福勝,2024-12-10,6950
1464,得力,10,0,10,福勝,2024-12-10,6950
2371,大同,12,2,10,福勝,2024-12-10,6950
3450,聯鈞,11,1,10,福勝,2024-12-10,6950
3708,上緯投控,10,0,10,福勝,2024-12-10,6950
5457,宣德,10,0,10,福勝,2024-12-10,6950
6156,松上,10,0,10,福勝,2024-12-10,6950
6182,合晶,10,0,10,福勝,2024-12-10,6950
6456,GIS-KY,20,10,10,福勝,2024-12-10,6950
3234,光環,9,0,9,福勝,2024-12-10,6950
6274,台燿,10,1,9,福勝,2024-12-10,6950
8358,金居,9,0,9,福勝,2024-12-10,6950
00937B,群益ESG投等債20,8,0,8,福勝,2024-12-10,6950
2303,聯電,267,32,235,福勝,2024-12-11,6950
00919,群益台灣精選高息,97,10,87,福勝,2024-12-11,6950
00918,大華優利高填息30,77,0,77,福勝,2024-12-11,6950
2415,錩新,177,101,76,福勝,2024-12-11,6950
1210,大成,75,0,75,福勝,2024-12-11,6950
2344,華邦電,91,17,74,福勝,2024-12-11,6950
0056,元大高股息,61,0,61,福勝,2024-12-11,6950
2462,良得電,50,0,50,福勝,2024-12-11,6950
5481,新華,50,0,50,福勝,2024-12-11,6950
6509,聚和,50,0,50,福勝,2024-12-11,6950
2609,陽明,84,39,45,福勝,2024-12-11,6950
6770,力積電,75,40,35,福勝,2024-12-11,6950
2615,萬海,32,1,31,福勝,2024-12-11,6950
2323,中環,30,0,30,福勝,2024-12-11,6950
4931,新盛力,49,22,27,福勝,2024-12-11,6950
9904,寶成,24,1,23,福勝,2024-12-11,6950
2317,鴻海,56,33,23,福勝,2024-12-11,6950
2884,玉山金,27,6,21,福勝,2024-12-11,6950
1301,台塑,21,0,21,福勝,2024-12-11,6950
1718,中纖,20,0,20,福勝,2024-12-11,6950
2481,強茂,20,0,20,福勝,2024-12-11,6950
1815,富喬,23,6,17,福勝,2024-12-11,6950
3024,憶聲,17,0,17,福勝,2024-12-11,6950
3548,兆利,18,1,17,福勝,2024-12-11,6950
3455,由田,16,0,16,福勝,2024-12-11,6950
00673R,期元大S＆P原油反1,15,0,15,福勝,2024-12-11,6950
00909,國泰數位支付服務,15,0,15,福勝,2024-12-11,6950
1785,光洋科,19,4,15,福勝,2024-12-11,6950
2382,廣達,16,1,15,福勝,2024-12-11,6950
9950,萬國通,14,0,14,福勝,2024-12-11,6950
3019,亞光,47,33,14,福勝,2024-12-11,6950
00946,群益科技高息成長,13,0,13,福勝,2024-12-11,6950
2402,毅嘉,13,0,13,福勝,2024-12-11,6950
3380,明泰,13,0,13,福勝,2024-12-11,6950
6245,立端,13,0,13,福勝,2024-12-11,6950
6282,康舒,25,13,12,福勝,2024-12-11,6950
2002,中鋼,22,10,12,福勝,2024-12-11,6950
3231,緯創,19,7,12,福勝,2024-12-11,6950
3607,谷崧,13,1,12,福勝,2024-12-11,6950
4960,誠美材,12,0,12,福勝,2024-12-11,6950
00915,凱基優選高股息30,11,0,11,福勝,2024-12-11,6950
6531,愛普*,12,1,11,福勝,2024-12-11,6950
4541,晟田,10,0,10,福勝,2024-12-11,6950
1702,南僑,10,0,10,福勝,2024-12-11,6950
2354,鴻準,26,16,10,福勝,2024-12-11,6950
2406,國碩,10,0,10,福勝,2024-12-11,6950
2408,南亞科,20,10,10,福勝,2024-12-11,6950
2451,創見,10,0,10,福勝,2024-12-11,6950
2601,益航,10,0,10,福勝,2024-12-11,6950
3176,基亞,10,0,10,福勝,2024-12-11,6950
2834,臺企銀,100,1,99,福勝,2024-12-12,6950
1210,大成,96,0,96,福勝,2024-12-12,6950
2415,錩新,96,42,54,福勝,2024-12-12,6950
00945B,凱基美國非投等債,53,0,53,福勝,2024-12-12,6950
2303,聯電,63,14,49,福勝,2024-12-12,6950
1308,亞聚,40,0,40,福勝,2024-12-12,6950
00673R,期元大S＆P原油反1,35,0,35,福勝,2024-12-12,6950
2312,金寶,36,1,35,福勝,2024-12-12,6950
2501,國建,35,0,35,福勝,2024-12-12,6950
3029,零壹,46,11,35,福勝,2024-12-12,6950
5328,華容,35,2,33,福勝,2024-12-12,6950
00712,復華富時不動產,31,0,31,福勝,2024-12-12,6950
2323,中環,31,0,31,福勝,2024-12-12,6950
2392,正崴,28,0,28,福勝,2024-12-12,6950
3694,海華,26,0,26,福勝,2024-12-12,6950
2367,燿華,26,0,26,福勝,2024-12-12,6950
00918,大華優利高填息30,25,0,25,福勝,2024-12-12,6950
3321,同泰,25,0,25,福勝,2024-12-12,6950
00960,野村全球航運龍頭,24,0,24,福勝,2024-12-12,6950
2317,鴻海,22,1,21,福勝,2024-12-12,6950
00953B,群益優選非投等債,21,0,21,福勝,2024-12-12,6950
00937B,群益ESG投等債20,20,0,20,福勝,2024-12-12,6950
00910,第一金太空衛星,20,0,20,福勝,2024-12-12,6950
2609,陽明,30,10,20,福勝,2024-12-12,6950
2344,華邦電,50,30,20,福勝,2024-12-12,6950
6806,森崴能源,20,1,19,福勝,2024-12-12,6950
2002,中鋼,19,1,18,福勝,2024-12-12,6950
2498,宏達電,17,0,17,福勝,2024-12-12,6950
2615,萬海,18,1,17,福勝,2024-12-12,6950
3231,緯創,19,3,16,福勝,2024-12-12,6950
2375,凱美,13,0,13,福勝,2024-12-12,6950
1319,東陽,12,0,12,福勝,2024-12-12,6950
1326,台化,11,0,11,福勝,2024-12-12,6950
2328,廣宇,18,7,11,福勝,2024-12-12,6950
2427,三商電,11,0,11,福勝,2024-12-12,6950
2543,皇昌,19,8,11,福勝,2024-12-12,6950
4303,信立,19,8,11,福勝,2024-12-12,6950
6274,台燿,12,1,11,福勝,2024-12-12,6950
1815,富喬,13,3,10,福勝,2024-12-12,6950
00687B,國泰20年美債,16,6,10,福勝,2024-12-12,6950
00924,復華S＆P500成長,19,9,10,福勝,2024-12-12,6950
1312,國喬,10,0,10,福勝,2024-12-12,6950
2204,中華,10,0,10,福勝,2024-12-12,6950
2399,映泰,10,0,10,福勝,2024-12-12,6950
2542,興富發,10,0,10,福勝,2024-12-12,6950
3013,晟銘電,18,8,10,福勝,2024-12-12,6950
3050,鈺德,10,0,10,福勝,2024-12-12,6950
3338,泰碩,10,0,10,福勝,2024-12-12,6950
4142,國光生,10,0,10,福勝,2024-12-12,6950
6123,上奇,10,0,10,福勝,2024-12-12,6950
2356,英業達,311,2,309,福勝,2024-12-13,6950
2538,基泰,223,0,223,福勝,2024-12-13,6950
00937B,群益ESG投等債20,124,0,124,福勝,2024-12-13,6950
3481,群創,113,3,110,福勝,2024-12-13,6950
2415,錩新,121,12,109,福勝,2024-12-13,6950
2609,陽明,178,81,97,福勝,2024-12-13,6950
1210,大成,72,0,72,福勝,2024-12-13,6950
00878,國泰永續高股息,67,8,59,福勝,2024-12-13,6950
4540,全球傳動,70,15,55,福勝,2024-12-13,6950
00919,群益台灣精選高息,53,3,50,福勝,2024-12-13,6950
6116,彩晶,45,0,45,福勝,2024-12-13,6950
2317,鴻海,41,8,33,福勝,2024-12-13,6950
2891,中信金,34,2,32,福勝,2024-12-13,6950
00772B,中信高評級公司債,30,0,30,福勝,2024-12-13,6950
00673R,期元大S＆P原油反1,30,0,30,福勝,2024-12-13,6950
00915,凱基優選高股息30,30,0,30,福勝,2024-12-13,6950
1409,新纖,30,0,30,福勝,2024-12-13,6950
1809,中釉,30,0,30,福勝,2024-12-13,6950
2354,鴻準,32,2,30,福勝,2024-12-13,6950
00918,大華優利高填息30,29,0,29,福勝,2024-12-13,6950
3706,神達,41,12,29,福勝,2024-12-13,6950
4510,高鋒,43,16,27,福勝,2024-12-13,6950
2002,中鋼,28,3,25,福勝,2024-12-13,6950
3049,精金,23,0,23,福勝,2024-12-13,6950
4545,銘鈺,23,0,23,福勝,2024-12-13,6950
8358,金居,23,1,22,福勝,2024-12-13,6950
6215,和椿,34,12,22,福勝,2024-12-13,6950
1718,中纖,21,0,21,福勝,2024-12-13,6950
2489,瑞軒,21,0,21,福勝,2024-12-13,6950
6282,康舒,21,0,21,福勝,2024-12-13,6950
9105,泰金寶-DR,61,40,21,福勝,2024-12-13,6950
2406,國碩,20,0,20,福勝,2024-12-13,6950
3231,緯創,28,8,20,福勝,2024-12-13,6950
6005,群益證,20,0,20,福勝,2024-12-13,6950
6285,啟��,20,0,20,福勝,2024-12-13,6950
6509,聚和,20,0,20,福勝,2024-12-13,6950
8070,長華*,20,1,19,福勝,2024-12-13,6950
0056,元大高股息,19,1,18,福勝,2024-12-13,6950
2353,宏��,17,0,17,福勝,2024-12-13,6950
2485,兆赫,16,0,16,福勝,2024-12-13,6950
1540,喬福,15,0,15,福勝,2024-12-13,6950
3062,建漢,15,0,15,福勝,2024-12-13,6950
3694,海華,15,0,15,福勝,2024-12-13,6950
6770,力積電,67,52,15,福勝,2024-12-13,6950
2610,華航,22,8,14,福勝,2024-12-13,6950
2426,鼎元,13,0,13,福勝,2024-12-13,6950
2883,凱基金,13,0,13,福勝,2024-12-13,6950
00687B,國泰20年美債,12,0,12,福勝,2024-12-13,6950
6834,天二科技,12,0,12,福勝,2024-12-13,6950
2834,臺企銀,56,45,11,福勝,2024-12-13,6950
00673R,期元大S＆P原油反1,113,0,113,福勝,2024-12-16,6950
00918,大華優利高填息30,87,0,87,福勝,2024-12-16,6950
2609,陽明,110,30,80,福勝,2024-12-16,6950
2834,臺企銀,65,0,65,福勝,2024-12-16,6950
5536,聖暉*,34,0,34,福勝,2024-12-16,6950
2344,華邦電,49,15,34,福勝,2024-12-16,6950
6104,創惟,33,0,33,福勝,2024-12-16,6950
00919,群益台灣精選高息,59,28,31,福勝,2024-12-16,6950
6226,光鼎,30,0,30,福勝,2024-12-16,6950
3231,緯創,34,6,28,福勝,2024-12-16,6950
2421,建準,28,0,28,福勝,2024-12-16,6950
2354,鴻準,32,5,27,福勝,2024-12-16,6950
0056,元大高股息,27,0,27,福勝,2024-12-16,6950
2312,金寶,25,0,25,福勝,2024-12-16,6950
2538,基泰,30,5,25,福勝,2024-12-16,6950
6282,康舒,25,0,25,福勝,2024-12-16,6950
1524,耿鼎,34,10,24,福勝,2024-12-16,6950
00946,群益科技高息成長,21,0,21,福勝,2024-12-16,6950
00893,國泰智能電動車,21,0,21,福勝,2024-12-16,6950
3450,聯鈞,21,0,21,福勝,2024-12-16,6950
00894,中信小資高價30,20,0,20,福勝,2024-12-16,6950
00926,凱基全球菁英55,19,0,19,福勝,2024-12-16,6950
2356,英業達,23,4,19,福勝,2024-12-16,6950
2426,鼎元,20,1,19,福勝,2024-12-16,6950
8070,長華*,24,5,19,福勝,2024-12-16,6950
1815,富喬,25,7,18,福勝,2024-12-16,6950
2363,矽統,21,4,17,福勝,2024-12-16,6950
2415,錩新,25,8,17,福勝,2024-12-16,6950
3211,順達,24,10,14,福勝,2024-12-16,6950
3376,新日興,13,0,13,福勝,2024-12-16,6950
5344,立衛,13,0,13,福勝,2024-12-16,6950
8936,國統,13,0,13,福勝,2024-12-16,6950
2618,長榮航,14,1,13,福勝,2024-12-16,6950
2382,廣達,15,3,12,福勝,2024-12-16,6950
1540,喬福,30,18,12,福勝,2024-12-16,6950
3037,欣興,13,1,12,福勝,2024-12-16,6950
3062,建漢,12,0,12,福勝,2024-12-16,6950
3522,御嵿,12,0,12,福勝,2024-12-16,6950
00900,富邦特選高股息30,11,0,11,福勝,2024-12-16,6950
00910,第一金太空衛星,10,0,10,福勝,2024-12-16,6950
4974,亞泰,10,0,10,福勝,2024-12-16,6950
1460,宏遠,10,0,10,福勝,2024-12-16,6950
1570,力肯,10,0,10,福勝,2024-12-16,6950
2371,大同,12,2,10,福勝,2024-12-16,6950
2374,佳能,29,19,10,福勝,2024-12-16,6950
2408,南亞科,13,3,10,福勝,2024-12-16,6950
2615,萬海,11,1,10,福勝,2024-12-16,6950
3049,精金,10,0,10,福勝,2024-12-16,6950
3060,銘異,10,0,10,福勝,2024-12-16,6950
3105,穩懋,10,0,10,福勝,2024-12-16,6950
3481,群創,150,3,147,福勝,2024-12-17,6950
2883B,凱基金乙特,138,0,138,福勝,2024-12-17,6950
2834,臺企銀,113,0,113,福勝,2024-12-17,6950
2359,所羅門,73,18,55,福勝,2024-12-17,6950
2317,鴻海,58,10,48,福勝,2024-12-17,6950
00915,凱基優選高股息30,46,0,46,福勝,2024-12-17,6950
2884,玉山金,50,5,45,福勝,2024-12-17,6950
2415,錩新,95,53,42,福勝,2024-12-17,6950
2301,光寶科,42,1,41,福勝,2024-12-17,6950
00910,第一金太空衛星,40,0,40,福勝,2024-12-17,6950
1402,遠東新,40,0,40,福勝,2024-12-17,6950
0056,元大高股息,39,0,39,福勝,2024-12-17,6950
00687B,國泰20年美債,36,0,36,福勝,2024-12-17,6950
00909,國泰數位支付服務,34,0,34,福勝,2024-12-17,6950
2883,凱基金,34,6,28,福勝,2024-12-17,6950
2449,京元電子,47,23,24,福勝,2024-12-17,6950
00900,富邦特選高股息30,22,0,22,福勝,2024-12-17,6950
00937B,群益ESG投等債20,21,0,21,福勝,2024-12-17,6950
2538,基泰,20,0,20,福勝,2024-12-17,6950
8996,高力,21,1,20,福勝,2024-12-17,6950
00918,大華優利高填息30,35,20,15,福勝,2024-12-17,6950
2303,聯電,52,38,14,福勝,2024-12-17,6950
2313,華通,25,11,14,福勝,2024-12-17,6950
2002,中鋼,20,6,14,福勝,2024-12-17,6950
8374,羅昇,28,14,14,福勝,2024-12-17,6950
3013,晟銘電,31,19,12,福勝,2024-12-17,6950
5871,中租-KY,11,0,11,福勝,2024-12-17,6950
2845,遠東銀,11,0,11,福勝,2024-12-17,6950
2891,中信金,11,0,11,福勝,2024-12-17,6950
00970B,新光BBB投等債20,10,0,10,福勝,2024-12-17,6950
00712,復華富時不動產,10,0,10,福勝,2024-12-17,6950
00772B,中信高評級公司債,10,0,10,福勝,2024-12-17,6950
1310,台苯,10,0,10,福勝,2024-12-17,6950
2897,王道銀行,10,0,10,福勝,2024-12-17,6950
4541,晟田,10,0,10,福勝,2024-12-17,6950
5344,立衛,10,0,10,福勝,2024-12-17,6950
5392,能率,16,6,10,福勝,2024-12-17,6950
00919,群益台灣精選高息,26,17,9,福勝,2024-12-17,6950
00930,永豐ESG低碳高息,9,0,9,福勝,2024-12-17,6950
00713,元大台灣高息低波,9,0,9,福勝,2024-12-17,6950
2368,金像電,13,4,9,福勝,2024-12-17,6950
2062,橋椿,14,6,8,福勝,2024-12-17,6950
4919,新唐,8,0,8,福勝,2024-12-17,6950
00753L,中信中國50正2,8,0,8,福勝,2024-12-17,6950
1605,華新,8,0,8,福勝,2024-12-17,6950
3056,富華新,8,0,8,福勝,2024-12-17,6950
2324,仁寶,10,3,7,福勝,2024-12-17,6950
2363,矽統,17,10,7,福勝,2024-12-17,6950
2464,盟立,15,8,7,福勝,2024-12-17,6950
4714,永捷,7,0,7,福勝,2024-12-17,6950
9105,泰金寶-DR,88,20,68,福勝,2024-12-18,6950
00918,大華優利高填息30,70,2,68,福勝,2024-12-18,6950
2354,鴻準,71,8,63,福勝,2024-12-18,6950
3711,日月光投控,54,0,54,福勝,2024-12-18,6950
2801,彰銀,51,3,48,福勝,2024-12-18,6950
00878,國泰永續高股息,44,0,44,福勝,2024-12-18,6950
3043,科風,56,29,27,福勝,2024-12-18,6950
9950,萬國通,25,1,24,福勝,2024-12-18,6950
3481,群創,35,13,22,福勝,2024-12-18,6950
3484,崧騰,21,0,21,福勝,2024-12-18,6950
2002,中鋼,28,8,20,福勝,2024-12-18,6950
4540,全球傳動,54,35,19,福勝,2024-12-18,6950
00713,元大台灣高息低波,18,0,18,福勝,2024-12-18,6950
2317,鴻海,30,15,15,福勝,2024-12-18,6950
3231,緯創,15,1,14,福勝,2024-12-18,6950
2880,華南金,13,0,13,福勝,2024-12-18,6950
2382,廣達,14,2,12,福勝,2024-12-18,6950
2305,全友,12,0,12,福勝,2024-12-18,6950
3029,零壹,18,6,12,福勝,2024-12-18,6950
3380,明泰,12,0,12,福勝,2024-12-18,6950
3607,谷崧,12,0,12,福勝,2024-12-18,6950
2603,長榮,21,10,11,福勝,2024-12-18,6950
3017,奇鋐,14,3,11,福勝,2024-12-18,6950
00712,復華富時不動產,11,0,11,福勝,2024-12-18,6950
8249,菱光,26,15,11,福勝,2024-12-18,6950
1309,台達化,10,0,10,福勝,2024-12-18,6950
00706L,期元大S＆P日圓正2,10,0,10,福勝,2024-12-18,6950
2338,光罩,13,3,10,福勝,2024-12-18,6950
3511,矽瑪,10,0,10,福勝,2024-12-18,6950
5328,華容,14,4,10,福勝,2024-12-18,6950
4958,臻鼎-KY,16,6,10,福勝,2024-12-18,6950
3013,晟銘電,11,2,9,福勝,2024-12-18,6950
2406,國碩,10,1,9,福勝,2024-12-18,6950
5880,合庫金,9,0,9,福勝,2024-12-18,6950
2328,廣宇,10,2,8,福勝,2024-12-18,6950
2349,錸德,8,0,8,福勝,2024-12-18,6950
3041,揚智,10,2,8,福勝,2024-12-18,6950
00909,國泰數位支付服務,7,0,7,福勝,2024-12-18,6950
6245,立端,7,0,7,福勝,2024-12-18,6950
2312,金寶,6,0,6,福勝,2024-12-18,6950
2355,敬鵬,9,3,6,福勝,2024-12-18,6950
2405,輔信,6,0,6,福勝,2024-12-18,6950
1303,南亞,18,13,5,福勝,2024-12-18,6950
1540,喬福,25,20,5,福勝,2024-12-18,6950
1569,濱川,5,0,5,福勝,2024-12-18,6950
1609,大亞,5,0,5,福勝,2024-12-18,6950
2022,聚亨,5,0,5,福勝,2024-12-18,6950
2641,正德,8,3,5,福勝,2024-12-18,6950
3015,全漢,5,0,5,福勝,2024-12-18,6950
4420,光明,5,0,5,福勝,2024-12-18,6950
2409,友達,82,0,82,福勝,2024-12-19,6950
00919,群益台灣精選高息,79,4,75,福勝,2024-12-19,6950
00918,大華優利高填息30,89,22,67,福勝,2024-12-19,6950
00878,國泰永續高股息,66,0,66,福勝,2024-12-19,6950
6770,力積電,89,25,64,福勝,2024-12-19,6950
2884,玉山金,59,0,59,福勝,2024-12-19,6950
2303,聯電,55,2,53,福勝,2024-12-19,6950
00712,復華富時不動產,49,10,39,福勝,2024-12-19,6950
2809,京城銀,40,1,39,福勝,2024-12-19,6950
2002,中鋼,37,0,37,福勝,2024-12-19,6950
2881,富邦金,38,5,33,福勝,2024-12-19,6950
00937B,群益ESG投等債20,32,0,32,福勝,2024-12-19,6950
2882,國泰金,27,0,27,福勝,2024-12-19,6950
2317,鴻海,28,2,26,福勝,2024-12-19,6950
2312,金寶,34,8,26,福勝,2024-12-19,6950
1815,富喬,39,15,24,福勝,2024-12-19,6950
2417,圓剛,28,5,23,福勝,2024-12-19,6950
2367,燿華,25,2,23,福勝,2024-12-19,6950
2892,第一金,22,0,22,福勝,2024-12-19,6950
2408,南亞科,32,11,21,福勝,2024-12-19,6950
4126,太醫,22,1,21,福勝,2024-12-19,6950
00940,元大台灣價值高息,26,6,20,福勝,2024-12-19,6950
2891,中信金,22,2,20,福勝,2024-12-19,6950
2609,陽明,33,14,19,福勝,2024-12-19,6950
1528,恩德,20,1,19,福勝,2024-12-19,6950
4958,臻鼎-KY,22,4,18,福勝,2024-12-19,6950
2618,長榮航,19,2,17,福勝,2024-12-19,6950
00642U,期元大S＆P石油,16,0,16,福勝,2024-12-19,6950
00679B,元大美債20年,15,0,15,福勝,2024-12-19,6950
4931,新盛力,43,28,15,福勝,2024-12-19,6950
1795,美時,14,0,14,福勝,2024-12-19,6950
2646,星宇航空,14,0,14,福勝,2024-12-19,6950
9950,萬國通,14,0,14,福勝,2024-12-19,6950
00909,國泰數位支付服務,13,0,13,福勝,2024-12-19,6950
2355,敬鵬,15,2,13,福勝,2024-12-19,6950
5880,合庫金,11,0,11,福勝,2024-12-19,6950
00959B,大華投等美債15Y+,10,0,10,福勝,2024-12-19,6950
1337,再生-KY,10,0,10,福勝,2024-12-19,6950
1455,集盛,10,0,10,福勝,2024-12-19,6950
1569,濱川,10,0,10,福勝,2024-12-19,6950
2402,毅嘉,10,0,10,福勝,2024-12-19,6950
2867,三商壽,10,0,10,福勝,2024-12-19,6950
2897,王道銀行,10,0,10,福勝,2024-12-19,6950
3481,群創,15,5,10,福勝,2024-12-19,6950
5328,華容,11,1,10,福勝,2024-12-19,6950
1526,日馳,9,0,9,福勝,2024-12-19,6950
2419,仲琦,11,2,9,福勝,2024-12-19,6950
2887,台新金,9,0,9,福勝,2024-12-19,6950
3701,大眾控,10,1,9,福勝,2024-12-19,6950
2834,臺企銀,9,0,9,福勝,2024-12-19,6950
