Ticker,Name,buy,sell,diff,Branch,Date,Branch_Code
0056,元大高股息,215,35,180,兆豐-竹北,2023-01-03,7007
00676R,富邦臺灣加權反1,70,0,70,兆豐-竹北,2023-01-03,7007
5009,榮剛,61,0,61,兆豐-竹北,2023-01-03,7007
00881,國泰台灣5G+,60,1,59,兆豐-竹北,2023-01-03,7007
3013,晟銘電,40,0,40,兆豐-竹北,2023-01-03,7007
1605,華新,58,20,38,兆豐-竹北,2023-01-03,7007
00878,國泰永續高股息,31,3,28,兆豐-竹北,2023-01-03,7007
00665L,富邦�琤肭磪囓�2,25,0,25,兆豐-竹北,2023-01-03,7007
2892,第一金,26,5,21,兆豐-竹北,2023-01-03,7007
00671R,富邦NASDAQ反1,20,0,20,兆豐-竹北,2023-01-03,7007
00679B,元大美債20年,19,0,19,兆豐-竹北,2023-01-03,7007
2886,兆豐金,17,0,17,兆豐-竹北,2023-01-03,7007
00772B,中信高評級公司債,15,0,15,兆豐-竹北,2023-01-03,7007
6244,茂迪,15,0,15,兆豐-竹北,2023-01-03,7007
4155,訊映,18,4,14,兆豐-竹北,2023-01-03,7007
6279,胡連,14,0,14,兆豐-竹北,2023-01-03,7007
4960,誠美材,12,0,12,兆豐-竹北,2023-01-03,7007
5227,立凱-KY,12,0,12,兆豐-竹北,2023-01-03,7007
3014,聯陽,11,0,11,兆豐-竹北,2023-01-03,7007
3707,漢磊,10,0,10,兆豐-竹北,2023-01-03,7007
1514,亞力,12,2,10,兆豐-竹北,2023-01-03,7007
00773B,中信優先金融債,10,0,10,兆豐-竹北,2023-01-03,7007
5284,jpp-KY,10,0,10,兆豐-竹北,2023-01-03,7007
2609,陽明,10,1,9,兆豐-竹北,2023-01-03,7007
2615,萬海,16,7,9,兆豐-竹北,2023-01-03,7007
6414,樺漢,9,0,9,兆豐-竹北,2023-01-03,7007
2618,長榮航,15,7,8,兆豐-竹北,2023-01-03,7007
00670L,富邦NASDAQ正2,8,0,8,兆豐-竹北,2023-01-03,7007
2610,華航,13,5,8,兆豐-竹北,2023-01-03,7007
2834,臺企銀,10,2,8,兆豐-竹北,2023-01-03,7007
4114,健喬,30,22,8,兆豐-竹北,2023-01-03,7007
4961,天鈺,20,12,8,兆豐-竹北,2023-01-03,7007
2885,元大金,7,0,7,兆豐-竹北,2023-01-03,7007
3576,聯合再生,7,0,7,兆豐-竹北,2023-01-03,7007
8996,高力,49,42,7,兆豐-竹北,2023-01-03,7007
2884,玉山金,9,2,7,兆豐-竹北,2023-01-03,7007
1101,台泥,6,0,6,兆豐-竹北,2023-01-03,7007
2890,永豐金,6,0,6,兆豐-竹北,2023-01-03,7007
8081,致新,6,0,6,兆豐-竹北,2023-01-03,7007
1720,生達,6,0,6,兆豐-竹北,2023-01-03,7007
1102,亞泥,5,0,5,兆豐-竹北,2023-01-03,7007
00893,國泰智能電動車,5,0,5,兆豐-竹北,2023-01-03,7007
00885,富邦越南,5,0,5,兆豐-竹北,2023-01-03,7007
00882,中信中國高股息,5,0,5,兆豐-竹北,2023-01-03,7007
00633L,富邦上証正2,5,0,5,兆豐-竹北,2023-01-03,7007
2231,為升,5,0,5,兆豐-竹北,2023-01-03,7007
3583,辛耘,5,0,5,兆豐-竹北,2023-01-03,7007
4563,百德,7,2,5,兆豐-竹北,2023-01-03,7007
6233,旺玖,5,0,5,兆豐-竹北,2023-01-03,7007
00664R,國泰臺灣加權反1,4,0,4,兆豐-竹北,2023-01-03,7007
1609,大亞,107,12,95,兆豐-竹北,2023-01-04,7007
6235,華孚,80,31,49,兆豐-竹北,2023-01-04,7007
2514,龍邦,45,0,45,兆豐-竹北,2023-01-04,7007
1701,中化,33,2,31,兆豐-竹北,2023-01-04,7007
00916,國泰全球品牌50,30,0,30,兆豐-竹北,2023-01-04,7007
8091,翔名,25,0,25,兆豐-竹北,2023-01-04,7007
2609,陽明,24,0,24,兆豐-竹北,2023-01-04,7007
5371,中光電,23,0,23,兆豐-竹北,2023-01-04,7007
4114,健喬,33,11,22,兆豐-竹北,2023-01-04,7007
6111,大宇資,24,2,22,兆豐-竹北,2023-01-04,7007
2882,國泰金,23,2,21,兆豐-竹北,2023-01-04,7007
3708,上緯投控,18,0,18,兆豐-竹北,2023-01-04,7007
2903,遠百,16,0,16,兆豐-竹北,2023-01-04,7007
2530,華建,15,0,15,兆豐-竹北,2023-01-04,7007
2317,鴻海,16,1,15,兆豐-竹北,2023-01-04,7007
1513,中興電,63,48,15,兆豐-竹北,2023-01-04,7007
00852L,國泰美國道瓊正2,14,0,14,兆豐-竹北,2023-01-04,7007
2201,裕隆,18,5,13,兆豐-竹北,2023-01-04,7007
00885,富邦越南,15,2,13,兆豐-竹北,2023-01-04,7007
1909,榮成,23,10,13,兆豐-竹北,2023-01-04,7007
00902,中信電池及儲能,12,0,12,兆豐-竹北,2023-01-04,7007
9802,鈺齊-KY,16,5,11,兆豐-竹北,2023-01-04,7007
8234,新漢,11,0,11,兆豐-竹北,2023-01-04,7007
1304,台聚,10,0,10,兆豐-竹北,2023-01-04,7007
00893,國泰智能電動車,10,0,10,兆豐-竹北,2023-01-04,7007
0056,元大高股息,10,0,10,兆豐-竹北,2023-01-04,7007
2834,臺企銀,10,0,10,兆豐-竹北,2023-01-04,7007
3090,日電貿,10,0,10,兆豐-竹北,2023-01-04,7007
4906,正文,10,0,10,兆豐-竹北,2023-01-04,7007
5009,榮剛,10,0,10,兆豐-竹北,2023-01-04,7007
6245,立端,10,0,10,兆豐-竹北,2023-01-04,7007
3508,位速,9,0,9,兆豐-竹北,2023-01-04,7007
5284,jpp-KY,10,1,9,兆豐-竹北,2023-01-04,7007
6213,聯茂,9,0,9,兆豐-竹北,2023-01-04,7007
6118,建達,16,8,8,兆豐-竹北,2023-01-04,7007
2498,宏達電,76,68,8,兆豐-竹北,2023-01-04,7007
3027,盛達,18,10,8,兆豐-竹北,2023-01-04,7007
00713,元大台灣高息低波,7,0,7,兆豐-竹北,2023-01-04,7007
2328,廣宇,8,1,7,兆豐-竹北,2023-01-04,7007
4763,材料-KY,18,11,7,兆豐-竹北,2023-01-04,7007
5309,系統電,7,0,7,兆豐-竹北,2023-01-04,7007
6414,樺漢,7,0,7,兆豐-竹北,2023-01-04,7007
1314,中石化,6,0,6,兆豐-竹北,2023-01-04,7007
2915,潤泰全,6,0,6,兆豐-竹北,2023-01-04,7007
3037,欣興,12,6,6,兆豐-竹北,2023-01-04,7007
8996,高力,7,1,6,兆豐-竹北,2023-01-04,7007
2884,玉山金,5,0,5,兆豐-竹北,2023-01-04,7007
00670L,富邦NASDAQ正2,5,0,5,兆豐-竹北,2023-01-04,7007
00647L,元大S＆P500正2,5,0,5,兆豐-竹北,2023-01-04,7007
00772B,中信高評級公司債,5,0,5,兆豐-竹北,2023-01-04,7007
00676R,富邦臺灣加權反1,80,0,80,兆豐-竹北,2023-01-05,7007
1609,大亞,47,0,47,兆豐-竹北,2023-01-05,7007
00885,富邦越南,52,7,45,兆豐-竹北,2023-01-05,7007
00641R,富邦日本反1,40,0,40,兆豐-竹北,2023-01-05,7007
6111,大宇資,60,21,39,兆豐-竹北,2023-01-05,7007
00916,國泰全球品牌50,38,0,38,兆豐-竹北,2023-01-05,7007
00715L,期街口布蘭特正2,36,0,36,兆豐-竹北,2023-01-05,7007
2603,長榮,59,23,36,兆豐-竹北,2023-01-05,7007
8084,巨虹,35,0,35,兆豐-竹北,2023-01-05,7007
00878,國泰永續高股息,42,10,32,兆豐-竹北,2023-01-05,7007
00671R,富邦NASDAQ反1,30,0,30,兆豐-竹北,2023-01-05,7007
00680L,元大美債20正2,30,0,30,兆豐-竹北,2023-01-05,7007
2442,新美齊,30,0,30,兆豐-竹北,2023-01-05,7007
5309,系統電,30,0,30,兆豐-竹北,2023-01-05,7007
5905,南仁湖,32,2,30,兆豐-竹北,2023-01-05,7007
00688L,國泰20年美債正2,26,0,26,兆豐-竹北,2023-01-05,7007
5371,中光電,25,0,25,兆豐-竹北,2023-01-05,7007
2834,臺企銀,20,0,20,兆豐-竹北,2023-01-05,7007
00713,元大台灣高息低波,15,0,15,兆豐-竹北,2023-01-05,7007
00712,復華富時不動產,15,0,15,兆豐-竹北,2023-01-05,7007
2023,燁輝,15,0,15,兆豐-竹北,2023-01-05,7007
2409,友達,14,0,14,兆豐-竹北,2023-01-05,7007
3037,欣興,19,6,13,兆豐-竹北,2023-01-05,7007
5009,榮剛,12,0,12,兆豐-竹北,2023-01-05,7007
1815,富喬,12,0,12,兆豐-竹北,2023-01-05,7007
1313,聯成,10,0,10,兆豐-竹北,2023-01-05,7007
00888,永豐台灣ESG,10,0,10,兆豐-竹北,2023-01-05,7007
00882,中信中國高股息,10,0,10,兆豐-竹北,2023-01-05,7007
5284,jpp-KY,10,0,10,兆豐-竹北,2023-01-05,7007
6223,旺矽,11,1,10,兆豐-竹北,2023-01-05,7007
6708,天擎,10,0,10,兆豐-竹北,2023-01-05,7007
0056,元大高股息,19,10,9,兆豐-竹北,2023-01-05,7007
6679,鈺太,11,2,9,兆豐-竹北,2023-01-05,7007
9933,中鼎,10,1,9,兆豐-竹北,2023-01-05,7007
2609,陽明,22,13,9,兆豐-竹北,2023-01-05,7007
1605,華新,32,24,8,兆豐-竹北,2023-01-05,7007
5351,鈺創,14,6,8,兆豐-竹北,2023-01-05,7007
2338,光罩,9,3,6,兆豐-竹北,2023-01-05,7007
00642U,期元大S＆P石油,10,4,6,兆豐-竹北,2023-01-05,7007
00679B,元大美債20年,6,0,6,兆豐-竹北,2023-01-05,7007
4979,華星光,7,1,6,兆豐-竹北,2023-01-05,7007
2317,鴻海,10,5,5,兆豐-竹北,2023-01-05,7007
1102,亞泥,5,0,5,兆豐-竹北,2023-01-05,7007
00664R,國泰臺灣加權反1,5,0,5,兆豐-竹北,2023-01-05,7007
00773B,中信優先金融債,5,0,5,兆豐-竹北,2023-01-05,7007
1452,宏益,5,0,5,兆豐-竹北,2023-01-05,7007
1584,精剛,5,0,5,兆豐-竹北,2023-01-05,7007
2903,遠百,5,0,5,兆豐-竹北,2023-01-05,7007
3380,明泰,5,0,5,兆豐-竹北,2023-01-05,7007
3443,創意,6,1,5,兆豐-竹北,2023-01-05,7007
00676R,富邦臺灣加權反1,60,0,60,兆豐-竹北,2023-01-06,7007
2514,龍邦,53,0,53,兆豐-竹北,2023-01-06,7007
2206,三陽工業,50,0,50,兆豐-竹北,2023-01-06,7007
2002,中鋼,50,5,45,兆豐-竹北,2023-01-06,7007
3037,欣興,51,13,38,兆豐-竹北,2023-01-06,7007
3704,合勤控,43,11,32,兆豐-竹北,2023-01-06,7007
1519,華城,48,24,24,兆豐-竹北,2023-01-06,7007
00632R,元大台灣50反1,23,0,23,兆豐-竹北,2023-01-06,7007
3594,磐儀,23,0,23,兆豐-竹北,2023-01-06,7007
5905,南仁湖,20,0,20,兆豐-竹北,2023-01-06,7007
8289,泰藝,20,0,20,兆豐-竹北,2023-01-06,7007
2359,所羅門,25,6,19,兆豐-竹北,2023-01-06,7007
3693,營邦,19,4,15,兆豐-竹北,2023-01-06,7007
6129,普誠,15,0,15,兆豐-竹北,2023-01-06,7007
8050,廣積,16,1,15,兆豐-竹北,2023-01-06,7007
8171,天宇,22,7,15,兆豐-竹北,2023-01-06,7007
00720B,元大投資級公司債,18,4,14,兆豐-竹北,2023-01-06,7007
6708,天擎,14,0,14,兆豐-竹北,2023-01-06,7007
00877,復華中國5G,13,0,13,兆豐-竹北,2023-01-06,7007
2609,陽明,22,9,13,兆豐-竹北,2023-01-06,7007
00639,富邦深100,10,0,10,兆豐-竹北,2023-01-06,7007
00895,富邦未來車,10,0,10,兆豐-竹北,2023-01-06,7007
3083,網龍,12,2,10,兆豐-竹北,2023-01-06,7007
3228,金麗科,10,0,10,兆豐-竹北,2023-01-06,7007
8046,南電,10,0,10,兆豐-竹北,2023-01-06,7007
00885,富邦越南,9,0,9,兆豐-竹北,2023-01-06,7007
00761B,國泰A級公司債,9,0,9,兆豐-竹北,2023-01-06,7007
6589,台康生技,9,0,9,兆豐-竹北,2023-01-06,7007
8084,巨虹,9,0,9,兆豐-竹北,2023-01-06,7007
1909,榮成,12,4,8,兆豐-竹北,2023-01-06,7007
2402,毅嘉,8,0,8,兆豐-竹北,2023-01-06,7007
3324,雙鴻,8,0,8,兆豐-竹北,2023-01-06,7007
3563,牧德,8,0,8,兆豐-竹北,2023-01-06,7007
3715,定穎投控,8,0,8,兆豐-竹北,2023-01-06,7007
6205,詮欣,7,0,7,兆豐-竹北,2023-01-06,7007
6613,朋億*,7,0,7,兆豐-竹北,2023-01-06,7007
1786,科妍,6,0,6,兆豐-竹北,2023-01-06,7007
2884,玉山金,6,0,6,兆豐-竹北,2023-01-06,7007
00753L,中信中國50正2,11,5,6,兆豐-竹北,2023-01-06,7007
00641R,富邦日本反1,6,0,6,兆豐-竹北,2023-01-06,7007
1815,富喬,6,0,6,兆豐-竹北,2023-01-06,7007
3537,堡達,6,0,6,兆豐-竹北,2023-01-06,7007
3708,上緯投控,8,2,6,兆豐-竹北,2023-01-06,7007
1584,精剛,5,0,5,兆豐-竹北,2023-01-06,7007
1714,和桐,5,0,5,兆豐-竹北,2023-01-06,7007
4128,中天,5,0,5,兆豐-竹北,2023-01-06,7007
4171,瑞基,6,1,5,兆豐-竹北,2023-01-06,7007
6485,點序,5,0,5,兆豐-竹北,2023-01-06,7007
6517,保勝光學,5,0,5,兆豐-竹北,2023-01-06,7007
00642U,期元大S＆P石油,4,0,4,兆豐-竹北,2023-01-06,7007
00632R,元大台灣50反1,689,56,633,兆豐-竹北,2023-01-09,7007
00676R,富邦臺灣加權反1,270,0,270,兆豐-竹北,2023-01-09,7007
4106,雃博,246,4,242,兆豐-竹北,2023-01-09,7007
3231,緯創,61,4,57,兆豐-竹北,2023-01-09,7007
2206,三陽工業,55,0,55,兆豐-竹北,2023-01-09,7007
00753L,中信中國50正2,70,16,54,兆豐-竹北,2023-01-09,7007
2374,佳能,50,0,50,兆豐-竹北,2023-01-09,7007
00669R,國泰美國道瓊反1,40,0,40,兆豐-竹北,2023-01-09,7007
00648R,元大S＆P500反1,40,0,40,兆豐-竹北,2023-01-09,7007
8050,廣積,35,1,34,兆豐-竹北,2023-01-09,7007
3264,欣銓,30,3,27,兆豐-竹北,2023-01-09,7007
00641R,富邦日本反1,24,0,24,兆豐-竹北,2023-01-09,7007
8016,矽創,27,5,22,兆豐-竹北,2023-01-09,7007
1714,和桐,20,0,20,兆豐-竹北,2023-01-09,7007
2426,鼎元,21,1,20,兆豐-竹北,2023-01-09,7007
00671R,富邦NASDAQ反1,18,0,18,兆豐-竹北,2023-01-09,7007
3374,精材,16,0,16,兆豐-竹北,2023-01-09,7007
00720B,元大投資級公司債,15,0,15,兆豐-竹北,2023-01-09,7007
3537,堡達,14,0,14,兆豐-竹北,2023-01-09,7007
3693,營邦,15,1,14,兆豐-竹北,2023-01-09,7007
3141,晶宏,35,22,13,兆豐-竹北,2023-01-09,7007
6143,振曜,17,4,13,兆豐-竹北,2023-01-09,7007
6139,亞翔,31,20,11,兆豐-竹北,2023-01-09,7007
00761B,國泰A級公司債,10,0,10,兆豐-竹北,2023-01-09,7007
2731,雄獅,10,0,10,兆豐-竹北,2023-01-09,7007
2745,五福,10,0,10,兆豐-竹北,2023-01-09,7007
2836,高雄銀,10,0,10,兆豐-竹北,2023-01-09,7007
2883B,凱基金乙特,10,0,10,兆豐-竹北,2023-01-09,7007
3035,智原,23,13,10,兆豐-竹北,2023-01-09,7007
5371,中光電,10,0,10,兆豐-竹北,2023-01-09,7007
2884,玉山金,12,4,8,兆豐-竹北,2023-01-09,7007
2609,陽明,8,0,8,兆豐-竹北,2023-01-09,7007
3346,麗清,8,0,8,兆豐-竹北,2023-01-09,7007
3189,景碩,9,1,8,兆豐-竹北,2023-01-09,7007
6215,和椿,9,2,7,兆豐-竹北,2023-01-09,7007
8215,明基材,7,0,7,兆豐-竹北,2023-01-09,7007
6182,合晶,17,10,7,兆豐-竹北,2023-01-09,7007
00688L,國泰20年美債正2,6,0,6,兆豐-竹北,2023-01-09,7007
2233,宇隆,6,0,6,兆豐-竹北,2023-01-09,7007
4167,松瑞藥,15,9,6,兆豐-竹北,2023-01-09,7007
1584,精剛,5,0,5,兆豐-竹北,2023-01-09,7007
2889,國票金,9,4,5,兆豐-竹北,2023-01-09,7007
3034,聯詠,8,3,5,兆豐-竹北,2023-01-09,7007
3376,新日興,5,0,5,兆豐-竹北,2023-01-09,7007
3594,磐儀,5,0,5,兆豐-竹北,2023-01-09,7007
4989,榮科,5,0,5,兆豐-竹北,2023-01-09,7007
6689,伊雲谷,6,1,5,兆豐-竹北,2023-01-09,7007
6708,天擎,5,0,5,兆豐-竹北,2023-01-09,7007
5425,台半,10,5,5,兆豐-竹北,2023-01-09,7007
6488,環球晶,5,1,4,兆豐-竹北,2023-01-09,7007
4106,雃博,82,0,82,兆豐-竹北,2023-01-10,7007
3624,光頡,62,4,58,兆豐-竹北,2023-01-10,7007
00885,富邦越南,56,0,56,兆豐-竹北,2023-01-10,7007
8227,巨有科技,37,0,37,兆豐-竹北,2023-01-10,7007
4114,健喬,37,4,33,兆豐-竹北,2023-01-10,7007
5347,世界,28,6,22,兆豐-竹北,2023-01-10,7007
1519,華城,24,5,19,兆豐-竹北,2023-01-10,7007
00720B,元大投資級公司債,18,1,17,兆豐-竹北,2023-01-10,7007
2916,滿心,14,0,14,兆豐-竹北,2023-01-10,7007
2457,飛宏,14,2,12,兆豐-竹北,2023-01-10,7007
3083,網龍,13,1,12,兆豐-竹北,2023-01-10,7007
6143,振曜,14,2,12,兆豐-竹北,2023-01-10,7007
2707,晶華,11,0,11,兆豐-竹北,2023-01-10,7007
00671R,富邦NASDAQ反1,10,0,10,兆豐-竹北,2023-01-10,7007
1409,新纖,10,0,10,兆豐-竹北,2023-01-10,7007
6443,元晶,10,0,10,兆豐-竹北,2023-01-10,7007
6666,羅麗芬-KY,10,0,10,兆豐-竹北,2023-01-10,7007
2313,華通,8,1,7,兆豐-竹北,2023-01-10,7007
2317,鴻海,7,0,7,兆豐-竹北,2023-01-10,7007
00642U,期元大S＆P石油,7,1,6,兆豐-竹北,2023-01-10,7007
6669,緯穎,6,0,6,兆豐-竹北,2023-01-10,7007
8289,泰藝,6,0,6,兆豐-竹北,2023-01-10,7007
00639,富邦深100,5,0,5,兆豐-竹北,2023-01-10,7007
00852L,國泰美國道瓊正2,5,0,5,兆豐-竹北,2023-01-10,7007
2359,所羅門,6,1,5,兆豐-竹北,2023-01-10,7007
2832,台產,5,0,5,兆豐-竹北,2023-01-10,7007
3090,日電貿,5,0,5,兆豐-竹北,2023-01-10,7007
3209,全科,5,0,5,兆豐-竹北,2023-01-10,7007
3374,精材,10,5,5,兆豐-竹北,2023-01-10,7007
3715,定穎投控,5,0,5,兆豐-竹北,2023-01-10,7007
5905,南仁湖,5,0,5,兆豐-竹北,2023-01-10,7007
6776,展�眥篕�,5,0,5,兆豐-竹北,2023-01-10,7007
8358,金居,13,8,5,兆豐-竹北,2023-01-10,7007
2882,國泰金,5,1,4,兆豐-竹北,2023-01-10,7007
1605,華新,32,28,4,兆豐-竹北,2023-01-10,7007
00773B,中信優先金融債,4,0,4,兆豐-竹北,2023-01-10,7007
00725B,國泰投資級公司債,4,0,4,兆豐-竹北,2023-01-10,7007
1314,中石化,4,0,4,兆豐-竹北,2023-01-10,7007
2338,光罩,7,3,4,兆豐-竹北,2023-01-10,7007
3115,富榮綱,4,0,4,兆豐-竹北,2023-01-10,7007
3443,創意,9,5,4,兆豐-竹北,2023-01-10,7007
4931,新盛力,5,1,4,兆豐-竹北,2023-01-10,7007
6741,91APP*-KY,4,0,4,兆豐-竹北,2023-01-10,7007
6782,視陽,4,0,4,兆豐-竹北,2023-01-10,7007
1612,宏泰,5,1,4,兆豐-竹北,2023-01-10,7007
2353,宏��,3,0,3,兆豐-竹北,2023-01-10,7007
1301,台塑,3,0,3,兆豐-竹北,2023-01-10,7007
1815,富喬,3,0,3,兆豐-竹北,2023-01-10,7007
2363,矽統,3,0,3,兆豐-竹北,2023-01-10,7007
2497,怡利電,6,3,3,兆豐-竹北,2023-01-10,7007
00885,富邦越南,61,0,61,兆豐-竹北,2023-01-11,7007
2834,臺企銀,53,1,52,兆豐-竹北,2023-01-11,7007
00676R,富邦臺灣加權反1,50,0,50,兆豐-竹北,2023-01-11,7007
2618,長榮航,199,157,42,兆豐-竹北,2023-01-11,7007
2457,飛宏,40,0,40,兆豐-竹北,2023-01-11,7007
3711,日月光投控,60,20,40,兆豐-竹北,2023-01-11,7007
3704,合勤控,51,14,37,兆豐-竹北,2023-01-11,7007
2892,第一金,32,0,32,兆豐-竹北,2023-01-11,7007
3062,建漢,31,0,31,兆豐-竹北,2023-01-11,7007
0056,元大高股息,41,18,23,兆豐-竹北,2023-01-11,7007
6143,振曜,26,4,22,兆豐-竹北,2023-01-11,7007
1319,東陽,20,0,20,兆豐-竹北,2023-01-11,7007
6244,茂迪,20,0,20,兆豐-竹北,2023-01-11,7007
2413,環科,111,94,17,兆豐-竹北,2023-01-11,7007
2610,華航,71,56,15,兆豐-竹北,2023-01-11,7007
00679B,元大美債20年,12,0,12,兆豐-竹北,2023-01-11,7007
6245,立端,13,2,11,兆豐-竹北,2023-01-11,7007
6485,點序,11,0,11,兆豐-竹北,2023-01-11,7007
8227,巨有科技,15,4,11,兆豐-竹北,2023-01-11,7007
00671R,富邦NASDAQ反1,10,0,10,兆豐-竹北,2023-01-11,7007
006205,富邦上証,10,0,10,兆豐-竹北,2023-01-11,7007
3324,雙鴻,9,1,8,兆豐-竹北,2023-01-11,7007
4155,訊映,11,3,8,兆豐-竹北,2023-01-11,7007
5284,jpp-KY,15,7,8,兆豐-竹北,2023-01-11,7007
5608,四維航,7,0,7,兆豐-竹北,2023-01-11,7007
6799,來頡,7,0,7,兆豐-竹北,2023-01-11,7007
8088,品安,7,0,7,兆豐-竹北,2023-01-11,7007
1342,八貫,6,0,6,兆豐-竹北,2023-01-11,7007
00770,國泰北美科技,6,0,6,兆豐-竹北,2023-01-11,7007
00641R,富邦日本反1,6,0,6,兆豐-竹北,2023-01-11,7007
1513,中興電,7,1,6,兆豐-竹北,2023-01-11,7007
2317,鴻海,7,2,5,兆豐-竹北,2023-01-11,7007
8933,愛地雅,6,1,5,兆豐-竹北,2023-01-11,7007
1786,科妍,5,0,5,兆豐-竹北,2023-01-11,7007
2428,興勤,6,1,5,兆豐-竹北,2023-01-11,7007
4171,瑞基,5,0,5,兆豐-竹北,2023-01-11,7007
5251,天鉞電,5,0,5,兆豐-竹北,2023-01-11,7007
6202,盛群,5,0,5,兆豐-竹北,2023-01-11,7007
6741,91APP*-KY,5,0,5,兆豐-竹北,2023-01-11,7007
8050,廣積,6,1,5,兆豐-竹北,2023-01-11,7007
8084,巨虹,5,0,5,兆豐-竹北,2023-01-11,7007
2313,華通,5,1,4,兆豐-竹北,2023-01-11,7007
2756,聯發國際,4,0,4,兆豐-竹北,2023-01-11,7007
3515,華擎,4,0,4,兆豐-竹北,2023-01-11,7007
6488,環球晶,4,0,4,兆豐-竹北,2023-01-11,7007
8996,高力,10,6,4,兆豐-竹北,2023-01-11,7007
2883,凱基金,3,0,3,兆豐-竹北,2023-01-11,7007
00687B,國泰20年美債,3,0,3,兆豐-竹北,2023-01-11,7007
00632R,元大台灣50反1,3,0,3,兆豐-竹北,2023-01-11,7007
2351,順德,3,0,3,兆豐-竹北,2023-01-11,7007
00637L,元大滬深300正2,301,1,300,兆豐-竹北,2023-01-12,7007
00878,國泰永續高股息,53,11,42,兆豐-竹北,2023-01-12,7007
1605,華新,39,13,26,兆豐-竹北,2023-01-12,7007
2892,第一金,28,2,26,兆豐-竹北,2023-01-12,7007
2610,華航,24,1,23,兆豐-竹北,2023-01-12,7007
1714,和桐,20,0,20,兆豐-竹北,2023-01-12,7007
6245,立端,28,8,20,兆豐-竹北,2023-01-12,7007
00882,中信中國高股息,20,2,18,兆豐-竹北,2023-01-12,7007
2618,長榮航,32,14,18,兆豐-竹北,2023-01-12,7007
2889,國票金,20,6,14,兆豐-竹北,2023-01-12,7007
5371,中光電,14,0,14,兆豐-竹北,2023-01-12,7007
1560,中砂,22,9,13,兆豐-竹北,2023-01-12,7007
00679B,元大美債20年,15,4,11,兆豐-竹北,2023-01-12,7007
4906,正文,11,0,11,兆豐-竹北,2023-01-12,7007
00687B,國泰20年美債,10,0,10,兆豐-竹北,2023-01-12,7007
2231,為升,10,0,10,兆豐-竹北,2023-01-12,7007
5347,世界,15,5,10,兆豐-竹北,2023-01-12,7007
6122,擎邦,10,0,10,兆豐-竹北,2023-01-12,7007
6143,振曜,12,2,10,兆豐-竹北,2023-01-12,7007
3289,宜特,11,3,8,兆豐-竹北,2023-01-12,7007
00888,永豐台灣ESG,7,0,7,兆豐-竹北,2023-01-12,7007
2609,陽明,28,21,7,兆豐-竹北,2023-01-12,7007
00713,元大台灣高息低波,6,0,6,兆豐-竹北,2023-01-12,7007
00673R,期元大S＆P原油反1,6,0,6,兆豐-竹北,2023-01-12,7007
1701,中化,11,5,6,兆豐-竹北,2023-01-12,7007
3714,富采,6,0,6,兆豐-竹北,2023-01-12,7007
6679,鈺太,6,0,6,兆豐-竹北,2023-01-12,7007
8103,瀚荃,6,0,6,兆豐-竹北,2023-01-12,7007
3711,日月光投控,51,45,6,兆豐-竹北,2023-01-12,7007
0056,元大高股息,6,0,6,兆豐-竹北,2023-01-12,7007
2880,華南金,5,0,5,兆豐-竹北,2023-01-12,7007
2887,台新金,6,1,5,兆豐-竹北,2023-01-12,7007
1795,美時,17,12,5,兆豐-竹北,2023-01-12,7007
1611,中電,5,0,5,兆豐-竹北,2023-01-12,7007
2457,飛宏,5,0,5,兆豐-竹北,2023-01-12,7007
2495,普安,5,0,5,兆豐-竹北,2023-01-12,7007
2615,萬海,8,3,5,兆豐-竹北,2023-01-12,7007
5309,系統電,5,0,5,兆豐-竹北,2023-01-12,7007
5321,美而快,11,6,5,兆豐-竹北,2023-01-12,7007
6541,泰福-KY,5,0,5,兆豐-竹北,2023-01-12,7007
6689,伊雲谷,5,0,5,兆豐-竹北,2023-01-12,7007
00753L,中信中國50正2,15,11,4,兆豐-竹北,2023-01-12,7007
00900,富邦特選高股息30,4,0,4,兆豐-竹北,2023-01-12,7007
1529,樂事綠能,12,8,4,兆豐-竹北,2023-01-12,7007
2342,茂矽,4,0,4,兆豐-竹北,2023-01-12,7007
2388,威盛,4,0,4,兆豐-竹北,2023-01-12,7007
3207,耀勝,4,0,4,兆豐-竹北,2023-01-12,7007
5284,jpp-KY,7,3,4,兆豐-竹北,2023-01-12,7007
8028,昇陽半導體,4,0,4,兆豐-竹北,2023-01-12,7007
8996,高力,18,14,4,兆豐-竹北,2023-01-12,7007
2851,中再保,97,0,97,兆豐-竹北,2023-01-13,7007
00878,國泰永續高股息,77,2,75,兆豐-竹北,2023-01-13,7007
2498,宏達電,84,14,70,兆豐-竹北,2023-01-13,7007
2323,中環,51,0,51,兆豐-竹北,2023-01-13,7007
1714,和桐,40,0,40,兆豐-竹北,2023-01-13,7007
00679B,元大美債20年,23,2,21,兆豐-竹北,2023-01-13,7007
00641R,富邦日本反1,20,0,20,兆豐-竹北,2023-01-13,7007
6244,茂迪,20,0,20,兆豐-竹北,2023-01-13,7007
2457,飛宏,21,2,19,兆豐-竹北,2023-01-13,7007
1218,泰山,16,0,16,兆豐-竹北,2023-01-13,7007
00687B,國泰20年美債,15,0,15,兆豐-竹北,2023-01-13,7007
2312,金寶,15,0,15,兆豐-竹北,2023-01-13,7007
6142,友勁,15,0,15,兆豐-竹北,2023-01-13,7007
2317,鴻海,12,0,12,兆豐-竹北,2023-01-13,7007
00639,富邦深100,12,0,12,兆豐-竹北,2023-01-13,7007
6442,光聖,12,0,12,兆豐-竹北,2023-01-13,7007
2891,中信金,11,0,11,兆豐-竹北,2023-01-13,7007
8069,元太,21,10,11,兆豐-竹北,2023-01-13,7007
00688L,國泰20年美債正2,10,0,10,兆豐-竹北,2023-01-13,7007
2340,台亞,10,0,10,兆豐-竹北,2023-01-13,7007
2888,新光金,10,0,10,兆豐-竹北,2023-01-13,7007
3704,合勤控,10,0,10,兆豐-竹北,2023-01-13,7007
6015,宏遠證,10,0,10,兆豐-竹北,2023-01-13,7007
8050,廣積,11,1,10,兆豐-竹北,2023-01-13,7007
1783,和康生,15,6,9,兆豐-竹北,2023-01-13,7007
3707,漢磊,9,0,9,兆豐-竹北,2023-01-13,7007
6143,振曜,14,6,8,兆豐-竹北,2023-01-13,7007
2884,玉山金,8,1,7,兆豐-竹北,2023-01-13,7007
2609,陽明,16,9,7,兆豐-竹北,2023-01-13,7007
4968,立積,8,1,7,兆豐-竹北,2023-01-13,7007
5009,榮剛,10,3,7,兆豐-竹北,2023-01-13,7007
8044,網家,8,1,7,兆豐-竹北,2023-01-13,7007
1605,華新,18,12,6,兆豐-竹北,2023-01-13,7007
2455,全新,6,0,6,兆豐-竹北,2023-01-13,7007
2892,第一金,6,0,6,兆豐-竹北,2023-01-13,7007
4162,智擎,10,4,6,兆豐-竹北,2023-01-13,7007
2009,第一銅,7,2,5,兆豐-竹北,2023-01-13,7007
2063,世鎧,5,0,5,兆豐-竹北,2023-01-13,7007
3033,威健,5,0,5,兆豐-竹北,2023-01-13,7007
3090,日電貿,5,0,5,兆豐-竹北,2023-01-13,7007
3437,榮創,5,0,5,兆豐-竹北,2023-01-13,7007
4127,天良,5,0,5,兆豐-竹北,2023-01-13,7007
2603,長榮,11,6,5,兆豐-竹北,2023-01-13,7007
00751B,元大AAA至A公司債,4,0,4,兆豐-竹北,2023-01-13,7007
6133,金橋,25,21,4,兆豐-竹北,2023-01-13,7007
6799,來頡,4,0,4,兆豐-竹北,2023-01-13,7007
8081,致新,4,0,4,兆豐-竹北,2023-01-13,7007
00905,FT臺灣Smart,3,0,3,兆豐-竹北,2023-01-13,7007
00725B,國泰投資級公司債,3,0,3,兆豐-竹北,2023-01-13,7007
00669R,國泰美國道瓊反1,3,0,3,兆豐-竹北,2023-01-13,7007
00882,中信中國高股息,247,94,153,兆豐-竹北,2023-01-16,7007
00676R,富邦臺灣加權反1,80,0,80,兆豐-竹北,2023-01-16,7007
6770,力積電,50,0,50,兆豐-竹北,2023-01-16,7007
2002,中鋼,51,1,50,兆豐-竹北,2023-01-16,7007
1714,和桐,40,0,40,兆豐-竹北,2023-01-16,7007
00753L,中信中國50正2,32,2,30,兆豐-竹北,2023-01-16,7007
00878,國泰永續高股息,40,12,28,兆豐-竹北,2023-01-16,7007
00680L,元大美債20正2,20,0,20,兆豐-竹北,2023-01-16,7007
2405,輔信,20,0,20,兆豐-竹北,2023-01-16,7007
2317,鴻海,19,1,18,兆豐-竹北,2023-01-16,7007
00673R,期元大S＆P原油反1,16,0,16,兆豐-竹北,2023-01-16,7007
2618,長榮航,27,11,16,兆豐-竹北,2023-01-16,7007
00713,元大台灣高息低波,16,1,15,兆豐-竹北,2023-01-16,7007
00632R,元大台灣50反1,12,0,12,兆豐-竹北,2023-01-16,7007
5009,榮剛,12,0,12,兆豐-竹北,2023-01-16,7007
00639,富邦深100,11,0,11,兆豐-竹北,2023-01-16,7007
2883,凱基金,14,3,11,兆豐-竹北,2023-01-16,7007
1536,和大,10,0,10,兆豐-竹北,2023-01-16,7007
5388,中磊,10,0,10,兆豐-竹北,2023-01-16,7007
1605,華新,10,1,9,兆豐-竹北,2023-01-16,7007
2454,聯發科,10,2,8,兆豐-竹北,2023-01-16,7007
1326,台化,8,0,8,兆豐-竹北,2023-01-16,7007
9802,鈺齊-KY,8,0,8,兆豐-竹北,2023-01-16,7007
2338,光罩,9,2,7,兆豐-竹北,2023-01-16,7007
3704,合勤控,12,5,7,兆豐-竹北,2023-01-16,7007
6142,友勁,7,0,7,兆豐-竹北,2023-01-16,7007
00687B,國泰20年美債,6,0,6,兆豐-竹北,2023-01-16,7007
2388,威盛,6,0,6,兆豐-竹北,2023-01-16,7007
00679B,元大美債20年,10,5,5,兆豐-竹北,2023-01-16,7007
1227,佳格,5,0,5,兆豐-竹北,2023-01-16,7007
2034,允強,5,0,5,兆豐-竹北,2023-01-16,7007
2904,匯僑,5,0,5,兆豐-竹北,2023-01-16,7007
3059,華晶科,5,0,5,兆豐-竹北,2023-01-16,7007
3437,榮創,5,0,5,兆豐-竹北,2023-01-16,7007
6122,擎邦,5,0,5,兆豐-竹北,2023-01-16,7007
6741,91APP*-KY,5,0,5,兆豐-竹北,2023-01-16,7007
8171,天宇,5,0,5,兆豐-竹北,2023-01-16,7007
8183,精星,5,0,5,兆豐-竹北,2023-01-16,7007
0056,元大高股息,6,2,4,兆豐-竹北,2023-01-16,7007
2609,陽明,20,16,4,兆豐-竹北,2023-01-16,7007
00904,新光臺灣半導體30,4,0,4,兆豐-竹北,2023-01-16,7007
00900,富邦特選高股息30,4,0,4,兆豐-竹北,2023-01-16,7007
00665L,富邦�琤肭磪囓�2,7,3,4,兆豐-竹北,2023-01-16,7007
00724B,群益投資級金融債,4,0,4,兆豐-竹北,2023-01-16,7007
3207,耀勝,6,2,4,兆豐-竹北,2023-01-16,7007
6446,藥華藥,6,2,4,兆豐-竹北,2023-01-16,7007
6461,益得,6,2,4,兆豐-竹北,2023-01-16,7007
2884,玉山金,3,0,3,兆豐-竹北,2023-01-16,7007
00885,富邦越南,25,22,3,兆豐-竹北,2023-01-16,7007
1309,台達化,3,0,3,兆豐-竹北,2023-01-16,7007
00637L,元大滬深300正2,204,1,203,兆豐-竹北,2023-01-17,7007
1445,大宇,28,0,28,兆豐-竹北,2023-01-17,7007
00679B,元大美債20年,28,0,28,兆豐-竹北,2023-01-17,7007
00882,中信中國高股息,25,0,25,兆豐-竹北,2023-01-17,7007
1714,和桐,20,0,20,兆豐-竹北,2023-01-17,7007
3624,光頡,22,3,19,兆豐-竹北,2023-01-17,7007
1313,聯成,18,1,17,兆豐-竹北,2023-01-17,7007
00795B,中信美國公債20年,12,0,12,兆豐-竹北,2023-01-17,7007
8033,雷虎,11,0,11,兆豐-竹北,2023-01-17,7007
1312,國喬,10,0,10,兆豐-竹北,2023-01-17,7007
1503,士電,12,2,10,兆豐-竹北,2023-01-17,7007
2323,中環,10,0,10,兆豐-竹北,2023-01-17,7007
3128,昇銳,10,0,10,兆豐-竹北,2023-01-17,7007
3356,奇偶,10,0,10,兆豐-竹北,2023-01-17,7007
4114,健喬,13,3,10,兆豐-竹北,2023-01-17,7007
8046,南電,10,0,10,兆豐-竹北,2023-01-17,7007
8222,寶一,8,0,8,兆豐-竹北,2023-01-17,7007
00773B,中信優先金融債,7,0,7,兆豐-竹北,2023-01-17,7007
1710,東聯,7,0,7,兆豐-竹北,2023-01-17,7007
5258,虹堡,10,3,7,兆豐-竹北,2023-01-17,7007
2353,宏��,7,0,7,兆豐-竹北,2023-01-17,7007
2317,鴻海,10,4,6,兆豐-竹北,2023-01-17,7007
2454,聯發科,6,0,6,兆豐-竹北,2023-01-17,7007
00772B,中信高評級公司債,6,0,6,兆豐-竹北,2023-01-17,7007
1560,中砂,11,5,6,兆豐-竹北,2023-01-17,7007
2461,光群雷,6,0,6,兆豐-竹北,2023-01-17,7007
2615,萬海,9,3,6,兆豐-竹北,2023-01-17,7007
1409,新纖,5,0,5,兆豐-竹北,2023-01-17,7007
00724B,群益投資級金融債,5,0,5,兆豐-竹北,2023-01-17,7007
1519,華城,9,4,5,兆豐-竹北,2023-01-17,7007
3680,家登,6,1,5,兆豐-竹北,2023-01-17,7007
4726,永昕,5,0,5,兆豐-竹北,2023-01-17,7007
6443,元晶,6,1,5,兆豐-竹北,2023-01-17,7007
1102,亞泥,5,0,5,兆豐-竹北,2023-01-17,7007
5880,合庫金,4,0,4,兆豐-竹北,2023-01-17,7007
2636,台驊控股,4,0,4,兆豐-竹北,2023-01-17,7007
4162,智擎,6,2,4,兆豐-竹北,2023-01-17,7007
5272,笙科,4,0,4,兆豐-竹北,2023-01-17,7007
6143,振曜,4,0,4,兆豐-竹北,2023-01-17,7007
9908,大台北,4,0,4,兆豐-竹北,2023-01-17,7007
9921,巨大,4,0,4,兆豐-竹北,2023-01-17,7007
2618,長榮航,29,26,3,兆豐-竹北,2023-01-17,7007
00905,FT臺灣Smart,3,0,3,兆豐-竹北,2023-01-17,7007
00893,國泰智能電動車,3,0,3,兆豐-竹北,2023-01-17,7007
00632R,元大台灣50反1,3,0,3,兆豐-竹北,2023-01-17,7007
2812,台中銀,3,0,3,兆豐-竹北,2023-01-17,7007
4127,天良,3,0,3,兆豐-竹北,2023-01-17,7007
8040,九暘,3,0,3,兆豐-竹北,2023-01-17,7007
4977,眾達-KY,5,2,3,兆豐-竹北,2023-01-17,7007
2834,臺企銀,4,1,3,兆豐-竹北,2023-01-17,7007
2891,中信金,52,0,52,兆豐-竹北,2023-01-30,7007
00895,富邦未來車,60,20,40,兆豐-竹北,2023-01-30,7007
2498,宏達電,38,1,37,兆豐-竹北,2023-01-30,7007
6142,友勁,30,0,30,兆豐-竹北,2023-01-30,7007
00715L,期街口布蘭特正2,29,0,29,兆豐-竹北,2023-01-30,7007
8210,勤誠,45,17,28,兆豐-竹北,2023-01-30,7007
00878,國泰永續高股息,43,16,27,兆豐-竹北,2023-01-30,7007
00885,富邦越南,31,4,27,兆豐-竹北,2023-01-30,7007
2344,華邦電,27,1,26,兆豐-竹北,2023-01-30,7007
3062,建漢,22,0,22,兆豐-竹北,2023-01-30,7007
2014,中鴻,21,1,20,兆豐-竹北,2023-01-30,7007
2317,鴻海,18,0,18,兆豐-竹北,2023-01-30,7007
2354,鴻準,21,4,17,兆豐-竹北,2023-01-30,7007
6026,福邦證,17,0,17,兆豐-竹北,2023-01-30,7007
00637L,元大滬深300正2,30,15,15,兆豐-竹北,2023-01-30,7007
00688L,國泰20年美債正2,15,0,15,兆豐-竹北,2023-01-30,7007
1584,精剛,16,1,15,兆豐-竹北,2023-01-30,7007
1786,科妍,20,5,15,兆豐-竹北,2023-01-30,7007
4162,智擎,13,0,13,兆豐-竹北,2023-01-30,7007
4102,永日,12,0,12,兆豐-竹北,2023-01-30,7007
00720B,元大投資級公司債,11,0,11,兆豐-竹北,2023-01-30,7007
9945,潤泰新,20,9,11,兆豐-竹北,2023-01-30,7007
1445,大宇,11,0,11,兆豐-竹北,2023-01-30,7007
6182,合晶,11,0,11,兆豐-竹北,2023-01-30,7007
0056,元大高股息,29,18,11,兆豐-竹北,2023-01-30,7007
8069,元太,13,3,10,兆豐-竹北,2023-01-30,7007
00641R,富邦日本反1,20,10,10,兆豐-竹北,2023-01-30,7007
2367,燿華,10,0,10,兆豐-竹北,2023-01-30,7007
6235,華孚,10,0,10,兆豐-竹北,2023-01-30,7007
6111,大宇資,60,51,9,兆豐-竹北,2023-01-30,7007
00679B,元大美債20年,9,0,9,兆豐-竹北,2023-01-30,7007
00770,國泰北美科技,9,0,9,兆豐-竹北,2023-01-30,7007
2609,陽明,21,12,9,兆豐-竹北,2023-01-30,7007
8420,明揚,15,6,9,兆豐-竹北,2023-01-30,7007
00712,復華富時不動產,9,0,9,兆豐-竹北,2023-01-30,7007
4128,中天,13,5,8,兆豐-竹北,2023-01-30,7007
6244,茂迪,10,2,8,兆豐-竹北,2023-01-30,7007
8996,高力,17,10,7,兆豐-竹北,2023-01-30,7007
2363,矽統,7,0,7,兆豐-竹北,2023-01-30,7007
2497,怡利電,11,4,7,兆豐-竹北,2023-01-30,7007
6533,晶心科,9,2,7,兆豐-竹北,2023-01-30,7007
2636,台驊控股,6,0,6,兆豐-竹北,2023-01-30,7007
2892,第一金,6,0,6,兆豐-竹北,2023-01-30,7007
3006,晶豪科,12,6,6,兆豐-竹北,2023-01-30,7007
3021,鴻名,6,0,6,兆豐-竹北,2023-01-30,7007
3141,晶宏,6,0,6,兆豐-竹北,2023-01-30,7007
4114,健喬,36,30,6,兆豐-竹北,2023-01-30,7007
6279,胡連,6,0,6,兆豐-竹北,2023-01-30,7007
8255,朋程,10,4,6,兆豐-竹北,2023-01-30,7007
4977,眾達-KY,6,0,6,兆豐-竹北,2023-01-30,7007
00905,FT臺灣Smart,239,2,237,兆豐-竹北,2023-01-31,7007
4106,雃博,60,0,60,兆豐-竹北,2023-01-31,7007
3708,上緯投控,57,4,53,兆豐-竹北,2023-01-31,7007
3711,日月光投控,52,0,52,兆豐-竹北,2023-01-31,7007
00715L,期街口布蘭特正2,54,4,50,兆豐-竹北,2023-01-31,7007
4128,中天,49,3,46,兆豐-竹北,2023-01-31,7007
00882,中信中國高股息,44,0,44,兆豐-竹北,2023-01-31,7007
00679B,元大美債20年,33,0,33,兆豐-竹北,2023-01-31,7007
8091,翔名,31,0,31,兆豐-竹北,2023-01-31,7007
00632R,元大台灣50反1,45,15,30,兆豐-竹北,2023-01-31,7007
3380,明泰,26,0,26,兆豐-竹北,2023-01-31,7007
2408,南亞科,26,1,25,兆豐-竹北,2023-01-31,7007
6245,立端,27,4,23,兆豐-竹北,2023-01-31,7007
2449,京元電子,25,5,20,兆豐-竹北,2023-01-31,7007
2891,中信金,69,50,19,兆豐-竹北,2023-01-31,7007
2929,淘帝-KY,42,24,18,兆豐-竹北,2023-01-31,7007
4102,永日,39,21,18,兆豐-竹北,2023-01-31,7007
8046,南電,21,3,18,兆豐-竹北,2023-01-31,7007
2330,台積電,21,4,17,兆豐-竹北,2023-01-31,7007
1312,國喬,15,0,15,兆豐-竹北,2023-01-31,7007
2892,第一金,14,0,14,兆豐-竹北,2023-01-31,7007
2884,玉山金,13,0,13,兆豐-竹北,2023-01-31,7007
1524,耿鼎,13,0,13,兆豐-竹北,2023-01-31,7007
2314,台揚,13,0,13,兆豐-竹北,2023-01-31,7007
00720B,元大投資級公司債,13,0,13,兆豐-竹北,2023-01-31,7007
1445,大宇,12,0,12,兆豐-竹北,2023-01-31,7007
8038,長園科,12,0,12,兆豐-竹北,2023-01-31,7007
2329,華泰,11,0,11,兆豐-竹北,2023-01-31,7007
2358,廷鑫,13,2,11,兆豐-竹北,2023-01-31,7007
2023,燁輝,12,1,11,兆豐-竹北,2023-01-31,7007
00753L,中信中國50正2,10,0,10,兆豐-竹北,2023-01-31,7007
1444,力麗,10,0,10,兆豐-竹北,2023-01-31,7007
2468,華經,10,0,10,兆豐-竹北,2023-01-31,7007
2867,三商壽,10,0,10,兆豐-竹北,2023-01-31,7007
6188,廣明,10,0,10,兆豐-竹北,2023-01-31,7007
6239,力成,10,0,10,兆豐-竹北,2023-01-31,7007
00885,富邦越南,9,0,9,兆豐-竹北,2023-01-31,7007
00688L,國泰20年美債正2,9,0,9,兆豐-竹北,2023-01-31,7007
2014,中鴻,11,2,9,兆豐-竹北,2023-01-31,7007
2201,裕隆,36,27,9,兆豐-竹北,2023-01-31,7007
5880,合庫金,8,0,8,兆豐-竹北,2023-01-31,7007
2883,凱基金,9,1,8,兆豐-竹北,2023-01-31,7007
1528,恩德,7,0,7,兆豐-竹北,2023-01-31,7007
6196,帆宣,7,0,7,兆豐-竹北,2023-01-31,7007
2886,兆豐金,7,0,7,兆豐-竹北,2023-01-31,7007
8069,元太,8,2,6,兆豐-竹北,2023-01-31,7007
00795B,中信美國公債20年,6,0,6,兆豐-竹北,2023-01-31,7007
2017,官田鋼,6,0,6,兆豐-竹北,2023-01-31,7007
2890,永豐金,6,0,6,兆豐-竹北,2023-01-31,7007
4746,台耀,6,0,6,兆豐-竹北,2023-01-31,7007
00878,國泰永續高股息,85,10,75,兆豐-竹北,2023-02-01,7007
00885,富邦越南,70,1,69,兆豐-竹北,2023-02-01,7007
5880,合庫金,42,0,42,兆豐-竹北,2023-02-01,7007
2498,宏達電,99,64,35,兆豐-竹北,2023-02-01,7007
3481,群創,35,1,34,兆豐-竹北,2023-02-01,7007
1447,力鵬,30,0,30,兆豐-竹北,2023-02-01,7007
2881,富邦金,32,4,28,兆豐-竹北,2023-02-01,7007
6666,羅麗芬-KY,63,35,28,兆豐-竹北,2023-02-01,7007
00720B,元大投資級公司債,20,0,20,兆豐-竹北,2023-02-01,7007
00719B,元大美債1-3,20,0,20,兆豐-竹北,2023-02-01,7007
1711,永光,20,0,20,兆豐-竹北,2023-02-01,7007
2607,榮運,20,0,20,兆豐-竹北,2023-02-01,7007
5351,鈺創,25,5,20,兆豐-竹北,2023-02-01,7007
6129,普誠,24,4,20,兆豐-竹北,2023-02-01,7007
2609,陽明,36,17,19,兆豐-竹北,2023-02-01,7007
00637L,元大滬深300正2,18,0,18,兆豐-竹北,2023-02-01,7007
1417,嘉裕,19,3,16,兆豐-竹北,2023-02-01,7007
4102,永日,26,10,16,兆豐-竹北,2023-02-01,7007
00882,中信中國高股息,14,0,14,兆豐-竹北,2023-02-01,7007
8033,雷虎,21,7,14,兆豐-竹北,2023-02-01,7007
00673R,期元大S＆P原油反1,14,1,13,兆豐-竹北,2023-02-01,7007
2009,第一銅,23,10,13,兆豐-竹北,2023-02-01,7007
6245,立端,16,3,13,兆豐-竹北,2023-02-01,7007
6781,AES-KY,13,1,12,兆豐-竹北,2023-02-01,7007
1101,台泥,10,0,10,兆豐-竹北,2023-02-01,7007
00753L,中信中國50正2,10,0,10,兆豐-竹北,2023-02-01,7007
00679B,元大美債20年,10,0,10,兆豐-竹北,2023-02-01,7007
1584,精剛,18,8,10,兆豐-竹北,2023-02-01,7007
2014,中鴻,12,2,10,兆豐-竹北,2023-02-01,7007
2034,允強,10,0,10,兆豐-竹北,2023-02-01,7007
2069,運錩,10,0,10,兆豐-竹北,2023-02-01,7007
2705,六福,10,0,10,兆豐-竹北,2023-02-01,7007
2812,台中銀,10,0,10,兆豐-竹北,2023-02-01,7007
3062,建漢,10,0,10,兆豐-竹北,2023-02-01,7007
6168,宏齊,10,0,10,兆豐-竹北,2023-02-01,7007
6237,驊訊,10,0,10,兆豐-竹北,2023-02-01,7007
8150,南茂,10,1,9,兆豐-竹北,2023-02-01,7007
1809,中釉,10,1,9,兆豐-竹北,2023-02-01,7007
3228,金麗科,8,0,8,兆豐-竹北,2023-02-01,7007
2891,中信金,68,60,8,兆豐-竹北,2023-02-01,7007
6142,友勁,8,0,8,兆豐-竹北,2023-02-01,7007
6182,合晶,8,0,8,兆豐-竹北,2023-02-01,7007
4743,合一,9,2,7,兆豐-竹北,2023-02-01,7007
1528,恩德,7,0,7,兆豐-竹北,2023-02-01,7007
2603,長榮,16,9,7,兆豐-竹北,2023-02-01,7007
2892,第一金,7,1,6,兆豐-竹北,2023-02-01,7007
00715L,期街口布蘭特正2,6,0,6,兆豐-竹北,2023-02-01,7007
00687B,國泰20年美債,6,0,6,兆豐-竹北,2023-02-01,7007
2412,中華電,6,0,6,兆豐-竹北,2023-02-01,7007
2605,新興,52,46,6,兆豐-竹北,2023-02-01,7007
1447,力鵬,96,0,96,兆豐-竹北,2023-02-02,7007
00885,富邦越南,77,0,77,兆豐-竹北,2023-02-02,7007
1714,和桐,77,0,77,兆豐-竹北,2023-02-02,7007
00669R,國泰美國道瓊反1,70,0,70,兆豐-竹北,2023-02-02,7007
8210,勤誠,57,1,56,兆豐-竹北,2023-02-02,7007
2607,榮運,53,0,53,兆豐-竹北,2023-02-02,7007
2201,裕隆,56,5,51,兆豐-竹北,2023-02-02,7007
00648R,元大S＆P500反1,50,0,50,兆豐-竹北,2023-02-02,7007
00715L,期街口布蘭特正2,47,0,47,兆豐-竹北,2023-02-02,7007
00679B,元大美債20年,46,0,46,兆豐-竹北,2023-02-02,7007
0056,元大高股息,38,0,38,兆豐-竹北,2023-02-02,7007
00882,中信中國高股息,37,0,37,兆豐-竹北,2023-02-02,7007
2618,長榮航,55,18,37,兆豐-竹北,2023-02-02,7007
6127,九豪,34,0,34,兆豐-竹北,2023-02-02,7007
6015,宏遠證,30,0,30,兆豐-竹北,2023-02-02,7007
3504,揚明光,24,2,22,兆豐-竹北,2023-02-02,7007
00676R,富邦臺灣加權反1,20,0,20,兆豐-竹北,2023-02-02,7007
2404,漢唐,21,1,20,兆豐-竹北,2023-02-02,7007
3564,其陽,20,0,20,兆豐-竹北,2023-02-02,7007
8084,巨虹,20,0,20,兆豐-竹北,2023-02-02,7007
8171,天宇,20,2,18,兆豐-竹北,2023-02-02,7007
2891,中信金,76,60,16,兆豐-竹北,2023-02-02,7007
1514,亞力,15,0,15,兆豐-竹北,2023-02-02,7007
6129,普誠,32,18,14,兆豐-竹北,2023-02-02,7007
2359,所羅門,18,5,13,兆豐-竹北,2023-02-02,7007
00632R,元大台灣50反1,92,80,12,兆豐-竹北,2023-02-02,7007
1519,華城,13,1,12,兆豐-竹北,2023-02-02,7007
1528,恩德,12,0,12,兆豐-竹北,2023-02-02,7007
2883,凱基金,12,0,12,兆豐-竹北,2023-02-02,7007
2317,鴻海,14,3,11,兆豐-竹北,2023-02-02,7007
2610,華航,22,11,11,兆豐-竹北,2023-02-02,7007
3017,奇鋐,11,0,11,兆豐-竹北,2023-02-02,7007
4114,健喬,11,0,11,兆豐-竹北,2023-02-02,7007
6550,北極星藥業-KY,12,1,11,兆豐-竹北,2023-02-02,7007
00687B,國泰20年美債,10,0,10,兆豐-竹北,2023-02-02,7007
00671R,富邦NASDAQ反1,10,0,10,兆豐-竹北,2023-02-02,7007
1342,八貫,17,7,10,兆豐-竹北,2023-02-02,7007
2367,燿華,10,0,10,兆豐-竹北,2023-02-02,7007
2536,宏普,10,0,10,兆豐-竹北,2023-02-02,7007
3083,網龍,11,1,10,兆豐-竹北,2023-02-02,7007
6244,茂迪,27,17,10,兆豐-竹北,2023-02-02,7007
6245,立端,16,6,10,兆豐-竹北,2023-02-02,7007
2881,富邦金,9,0,9,兆豐-竹北,2023-02-02,7007
00891,中信關鍵半導體,10,1,9,兆豐-竹北,2023-02-02,7007
2014,中鴻,9,0,9,兆豐-竹北,2023-02-02,7007
2892,第一金,9,0,9,兆豐-竹北,2023-02-02,7007
2929,淘帝-KY,31,22,9,兆豐-竹北,2023-02-02,7007
3034,聯詠,14,5,9,兆豐-竹北,2023-02-02,7007
6732,昇佳電子,12,3,9,兆豐-竹北,2023-02-02,7007
5439,高技,9,0,9,兆豐-竹北,2023-02-02,7007
2103,台橡,140,6,134,兆豐-竹北,2023-02-03,7007
00715L,期街口布蘭特正2,116,3,113,兆豐-竹北,2023-02-03,7007
00671R,富邦NASDAQ反1,95,0,95,兆豐-竹北,2023-02-03,7007
1447,力鵬,85,0,85,兆豐-竹北,2023-02-03,7007
1714,和桐,74,0,74,兆豐-竹北,2023-02-03,7007
00918,大華優利高填息30,53,0,53,兆豐-竹北,2023-02-03,7007
2323,中環,55,2,53,兆豐-竹北,2023-02-03,7007
4167,松瑞藥,51,1,50,兆豐-竹北,2023-02-03,7007
2344,華邦電,48,8,40,兆豐-竹北,2023-02-03,7007
4106,雃博,40,0,40,兆豐-竹北,2023-02-03,7007
8084,巨虹,40,0,40,兆豐-竹北,2023-02-03,7007
2891,中信金,36,0,36,兆豐-竹北,2023-02-03,7007
2610,華航,34,0,34,兆豐-竹北,2023-02-03,7007
2605,新興,33,0,33,兆豐-竹北,2023-02-03,7007
00679B,元大美債20年,32,0,32,兆豐-竹北,2023-02-03,7007
3594,磐儀,31,0,31,兆豐-竹北,2023-02-03,7007
4102,永日,28,0,28,兆豐-竹北,2023-02-03,7007
2609,陽明,62,34,28,兆豐-竹北,2023-02-03,7007
5608,四維航,36,9,27,兆豐-竹北,2023-02-03,7007
1786,科妍,27,2,25,兆豐-竹北,2023-02-03,7007
6806,森崴能源,23,0,23,兆豐-竹北,2023-02-03,7007
1305,華夏,21,0,21,兆豐-竹北,2023-02-03,7007
00878,國泰永續高股息,44,23,21,兆豐-竹北,2023-02-03,7007
2603,長榮,21,1,20,兆豐-竹北,2023-02-03,7007
00674R,期元大S＆P黃金反1,20,0,20,兆豐-竹北,2023-02-03,7007
2867,三商壽,20,0,20,兆豐-竹北,2023-02-03,7007
5371,中光電,20,0,20,兆豐-竹北,2023-02-03,7007
3062,建漢,19,0,19,兆豐-竹北,2023-02-03,7007
2317,鴻海,22,4,18,兆豐-竹北,2023-02-03,7007
2886,兆豐金,18,0,18,兆豐-竹北,2023-02-03,7007
2892,第一金,18,0,18,兆豐-竹北,2023-02-03,7007
8171,天宇,18,0,18,兆豐-竹北,2023-02-03,7007
00637L,元大滬深300正2,16,1,15,兆豐-竹北,2023-02-03,7007
1795,美時,28,13,15,兆豐-竹北,2023-02-03,7007
00665L,富邦�琤肭磪囓�2,20,6,14,兆豐-竹北,2023-02-03,7007
00885,富邦越南,13,0,13,兆豐-竹北,2023-02-03,7007
3006,晶豪科,17,4,13,兆豐-竹北,2023-02-03,7007
3083,網龍,13,0,13,兆豐-竹北,2023-02-03,7007
4114,健喬,22,9,13,兆豐-竹北,2023-02-03,7007
6278,台表科,12,0,12,兆豐-竹北,2023-02-03,7007
00683L,期元大美元指正2,11,0,11,兆豐-竹北,2023-02-03,7007
2101,南港,11,0,11,兆豐-竹北,2023-02-03,7007
2425,承啟,11,0,11,兆豐-竹北,2023-02-03,7007
3138,耀登,11,0,11,兆豐-竹北,2023-02-03,7007
6134,萬旭,11,0,11,兆豐-竹北,2023-02-03,7007
2340,台亞,10,0,10,兆豐-竹北,2023-02-03,7007
2812,台中銀,10,0,10,兆豐-竹北,2023-02-03,7007
2883,凱基金,10,0,10,兆豐-竹北,2023-02-03,7007
3682,亞太電,10,0,10,兆豐-竹北,2023-02-03,7007
4961,天鈺,11,1,10,兆豐-竹北,2023-02-03,7007
00679B,元大美債20年,121,0,121,兆豐-竹北,2023-02-06,7007
00715L,期街口布蘭特正2,111,2,109,兆豐-竹北,2023-02-06,7007
00632R,元大台灣50反1,56,0,56,兆豐-竹北,2023-02-06,7007
6143,振曜,52,0,52,兆豐-竹北,2023-02-06,7007
4106,雃博,50,0,50,兆豐-竹北,2023-02-06,7007
3481,群創,100,53,47,兆豐-竹北,2023-02-06,7007
2303,聯電,61,28,33,兆豐-竹北,2023-02-06,7007
00671R,富邦NASDAQ反1,30,0,30,兆豐-竹北,2023-02-06,7007
00720B,元大投資級公司債,29,0,29,兆豐-竹北,2023-02-06,7007
6541,泰福-KY,25,0,25,兆豐-竹北,2023-02-06,7007
8121,越峰,24,0,24,兆豐-竹北,2023-02-06,7007
2609,陽明,33,11,22,兆豐-竹北,2023-02-06,7007
6245,立端,29,7,22,兆豐-竹北,2023-02-06,7007
00882,中信中國高股息,20,0,20,兆豐-竹北,2023-02-06,7007
1714,和桐,20,0,20,兆豐-竹北,2023-02-06,7007
3062,建漢,20,0,20,兆豐-竹北,2023-02-06,7007
5011,久陽,20,0,20,兆豐-竹北,2023-02-06,7007
4979,華星光,30,11,19,兆豐-竹北,2023-02-06,7007
00878,國泰永續高股息,83,65,18,兆豐-竹北,2023-02-06,7007
3322,建舜電,18,2,16,兆豐-竹北,2023-02-06,7007
3594,磐儀,15,0,15,兆豐-竹北,2023-02-06,7007
2002,中鋼,21,7,14,兆豐-竹北,2023-02-06,7007
2330,台積電,18,4,14,兆豐-竹北,2023-02-06,7007
2867,三商壽,13,0,13,兆豐-竹北,2023-02-06,7007
6770,力積電,13,0,13,兆豐-竹北,2023-02-06,7007
00885,富邦越南,15,3,12,兆豐-竹北,2023-02-06,7007
4167,松瑞藥,15,3,12,兆豐-竹北,2023-02-06,7007
3260,威剛,11,0,11,兆豐-竹北,2023-02-06,7007
5347,世界,11,0,11,兆豐-竹北,2023-02-06,7007
1734,杏輝,11,0,11,兆豐-竹北,2023-02-06,7007
2014,中鴻,11,0,11,兆豐-竹北,2023-02-06,7007
2368,金像電,12,1,11,兆豐-竹北,2023-02-06,7007
6756,威鋒電子,13,2,11,兆豐-竹北,2023-02-06,7007
00753L,中信中國50正2,10,0,10,兆豐-竹北,2023-02-06,7007
1584,精剛,10,0,10,兆豐-竹北,2023-02-06,7007
3017,奇鋐,16,6,10,兆豐-竹北,2023-02-06,7007
3169,亞信,10,0,10,兆豐-竹北,2023-02-06,7007
6111,大宇資,10,0,10,兆豐-竹北,2023-02-06,7007
2482,連宇,101,92,9,兆豐-竹北,2023-02-06,7007
6550,北極星藥業-KY,10,1,9,兆豐-竹北,2023-02-06,7007
2353,宏��,10,1,9,兆豐-竹北,2023-02-06,7007
3037,欣興,16,8,8,兆豐-竹北,2023-02-06,7007
1101,台泥,10,2,8,兆豐-竹北,2023-02-06,7007
00674R,期元大S＆P黃金反1,8,0,8,兆豐-竹北,2023-02-06,7007
00637L,元大滬深300正2,8,0,8,兆豐-竹北,2023-02-06,7007
2468,華經,8,0,8,兆豐-竹北,2023-02-06,7007
2732,六角,8,0,8,兆豐-竹北,2023-02-06,7007
9958,世紀鋼,8,1,7,兆豐-竹北,2023-02-06,7007
00642U,期元大S＆P石油,7,0,7,兆豐-竹北,2023-02-06,7007
2323,中環,7,0,7,兆豐-竹北,2023-02-06,7007
00637L,元大滬深300正2,380,1,379,兆豐-竹北,2023-02-07,7007
8091,翔名,73,0,73,兆豐-竹北,2023-02-07,7007
00878,國泰永續高股息,84,12,72,兆豐-竹北,2023-02-07,7007
6235,華孚,101,50,51,兆豐-竹北,2023-02-07,7007
2867,三商壽,50,0,50,兆豐-竹北,2023-02-07,7007
2344,華邦電,34,0,34,兆豐-竹北,2023-02-07,7007
1605,華新,49,22,27,兆豐-竹北,2023-02-07,7007
3711,日月光投控,67,41,26,兆豐-竹北,2023-02-07,7007
8016,矽創,26,1,25,兆豐-竹北,2023-02-07,7007
2609,陽明,26,2,24,兆豐-竹北,2023-02-07,7007
2610,華航,23,0,23,兆豐-竹北,2023-02-07,7007
2891,中信金,22,0,22,兆豐-竹北,2023-02-07,7007
2314,台揚,21,0,21,兆豐-竹北,2023-02-07,7007
00712,復華富時不動產,20,0,20,兆豐-竹北,2023-02-07,7007
4102,永日,19,0,19,兆豐-竹北,2023-02-07,7007
00720B,元大投資級公司債,15,0,15,兆豐-竹北,2023-02-07,7007
00671R,富邦NASDAQ反1,15,0,15,兆豐-竹北,2023-02-07,7007
6719,力智,17,3,14,兆豐-竹北,2023-02-07,7007
2884,玉山金,14,0,14,兆豐-竹北,2023-02-07,7007
00679B,元大美債20年,13,0,13,兆豐-竹北,2023-02-07,7007
2201,裕隆,26,13,13,兆豐-竹北,2023-02-07,7007
6282,康舒,31,18,13,兆豐-竹北,2023-02-07,7007
00882,中信中國高股息,12,0,12,兆豐-竹北,2023-02-07,7007
00885,富邦越南,11,0,11,兆豐-竹北,2023-02-07,7007
4162,智擎,11,0,11,兆豐-竹北,2023-02-07,7007
5309,系統電,14,3,11,兆豐-竹北,2023-02-07,7007
00680L,元大美債20正2,10,0,10,兆豐-竹北,2023-02-07,7007
00669R,國泰美國道瓊反1,10,0,10,兆豐-竹北,2023-02-07,7007
2034,允強,10,0,10,兆豐-竹北,2023-02-07,7007
3305,昇貿,10,0,10,兆豐-竹北,2023-02-07,7007
6770,力積電,10,1,9,兆豐-竹北,2023-02-07,7007
2014,中鴻,10,1,9,兆豐-竹北,2023-02-07,7007
5258,虹堡,10,1,9,兆豐-竹北,2023-02-07,7007
00772B,中信高評級公司債,8,0,8,兆豐-竹北,2023-02-07,7007
1528,恩德,7,0,7,兆豐-竹北,2023-02-07,7007
3051,力特,7,0,7,兆豐-竹北,2023-02-07,7007
8289,泰藝,7,0,7,兆豐-竹北,2023-02-07,7007
8996,高力,19,12,7,兆豐-竹北,2023-02-07,7007
00701,國泰股利精選30,6,0,6,兆豐-竹北,2023-02-07,7007
00751B,元大AAA至A公司債,6,0,6,兆豐-竹北,2023-02-07,7007
1445,大宇,6,0,6,兆豐-竹北,2023-02-07,7007
1611,中電,6,0,6,兆豐-竹北,2023-02-07,7007
1707,葡萄王,6,0,6,兆豐-竹北,2023-02-07,7007
2886,兆豐金,6,0,6,兆豐-竹北,2023-02-07,7007
3105,穩懋,14,9,5,兆豐-竹北,2023-02-07,7007
00724B,群益投資級金融債,5,0,5,兆豐-竹北,2023-02-07,7007
1529,樂事綠能,5,0,5,兆豐-竹北,2023-02-07,7007
1701,中化,5,0,5,兆豐-竹北,2023-02-07,7007
2614,東森,5,0,5,兆豐-竹北,2023-02-07,7007
2636,台驊控股,6,1,5,兆豐-竹北,2023-02-07,7007
00632R,元大台灣50反1,76,0,76,兆豐-竹北,2023-02-08,7007
2867,三商壽,67,0,67,兆豐-竹北,2023-02-08,7007
00676R,富邦臺灣加權反1,60,0,60,兆豐-竹北,2023-02-08,7007
2498,宏達電,88,33,55,兆豐-竹北,2023-02-08,7007
2610,華航,55,3,52,兆豐-竹北,2023-02-08,7007
2404,漢唐,33,0,33,兆豐-竹北,2023-02-08,7007
00637L,元大滬深300正2,30,0,30,兆豐-竹北,2023-02-08,7007
8091,翔名,30,0,30,兆豐-竹北,2023-02-08,7007
2314,台揚,27,0,27,兆豐-竹北,2023-02-08,7007
4102,永日,40,14,26,兆豐-竹北,2023-02-08,7007
4956,光鋐,25,0,25,兆豐-竹北,2023-02-08,7007
6125,廣運,25,0,25,兆豐-竹北,2023-02-08,7007
2371,大同,23,0,23,兆豐-竹北,2023-02-08,7007
00918,大華優利高填息30,21,0,21,兆豐-竹北,2023-02-08,7007
8289,泰藝,20,0,20,兆豐-竹北,2023-02-08,7007
00671R,富邦NASDAQ反1,20,0,20,兆豐-竹北,2023-02-08,7007
1539,巨庭,20,0,20,兆豐-竹北,2023-02-08,7007
4953,緯軟,20,0,20,兆豐-竹北,2023-02-08,7007
3037,欣興,32,12,20,兆豐-竹北,2023-02-08,7007
2890,永豐金,17,0,17,兆豐-竹北,2023-02-08,7007
00679B,元大美債20年,16,0,16,兆豐-竹北,2023-02-08,7007
3576,聯合再生,16,0,16,兆豐-竹北,2023-02-08,7007
3624,光頡,32,16,16,兆豐-竹北,2023-02-08,7007
00885,富邦越南,15,0,15,兆豐-竹北,2023-02-08,7007
2455,全新,15,0,15,兆豐-竹北,2023-02-08,7007
3594,磐儀,15,0,15,兆豐-竹北,2023-02-08,7007
00720B,元大投資級公司債,15,0,15,兆豐-竹北,2023-02-08,7007
2884,玉山金,15,1,14,兆豐-竹北,2023-02-08,7007
6223,旺矽,34,20,14,兆豐-竹北,2023-02-08,7007
00653L,富邦印度正2,13,0,13,兆豐-竹北,2023-02-08,7007
4977,眾達-KY,13,0,13,兆豐-竹北,2023-02-08,7007
9958,世紀鋼,15,2,13,兆豐-竹北,2023-02-08,7007
1611,中電,12,0,12,兆豐-竹北,2023-02-08,7007
1760,寶齡富錦,20,8,12,兆豐-竹北,2023-02-08,7007
6282,康舒,24,12,12,兆豐-竹北,2023-02-08,7007
2882,國泰金,12,1,11,兆豐-竹北,2023-02-08,7007
6139,亞翔,11,0,11,兆豐-竹北,2023-02-08,7007
8084,巨虹,11,0,11,兆豐-竹北,2023-02-08,7007
00636,國泰中國A50,10,0,10,兆豐-竹北,2023-02-08,7007
00639,富邦深100,10,0,10,兆豐-竹北,2023-02-08,7007
00688L,國泰20年美債正2,10,0,10,兆豐-竹北,2023-02-08,7007
2014,中鴻,11,1,10,兆豐-竹北,2023-02-08,7007
3693,營邦,12,2,10,兆豐-竹北,2023-02-08,7007
4123,晟德,10,0,10,兆豐-竹北,2023-02-08,7007
6116,彩晶,10,0,10,兆豐-竹北,2023-02-08,7007
2883,凱基金,11,2,9,兆豐-竹北,2023-02-08,7007
1312,國喬,9,0,9,兆豐-竹北,2023-02-08,7007
1608,華榮,9,0,9,兆豐-竹北,2023-02-08,7007
4162,智擎,20,11,9,兆豐-竹北,2023-02-08,7007
5258,虹堡,9,0,9,兆豐-竹北,2023-02-08,7007
00878,國泰永續高股息,117,0,117,兆豐-竹北,2023-02-09,7007
3481,群創,201,110,91,兆豐-竹北,2023-02-09,7007
00676R,富邦臺灣加權反1,90,0,90,兆豐-竹北,2023-02-09,7007
4106,雃博,80,0,80,兆豐-竹北,2023-02-09,7007
1409,新纖,60,0,60,兆豐-竹北,2023-02-09,7007
00753L,中信中國50正2,40,0,40,兆豐-竹北,2023-02-09,7007
00720B,元大投資級公司債,31,0,31,兆豐-竹北,2023-02-09,7007
2634,漢翔,66,43,23,兆豐-竹北,2023-02-09,7007
00632R,元大台灣50反1,20,0,20,兆豐-竹北,2023-02-09,7007
2867,三商壽,20,0,20,兆豐-竹北,2023-02-09,7007
3289,宜特,42,22,20,兆豐-竹北,2023-02-09,7007
3710,連展投控,20,0,20,兆豐-竹北,2023-02-09,7007
00885,富邦越南,18,0,18,兆豐-竹北,2023-02-09,7007
2023,燁輝,18,0,18,兆豐-竹北,2023-02-09,7007
4961,天鈺,15,0,15,兆豐-竹北,2023-02-09,7007
6541,泰福-KY,20,5,15,兆豐-竹北,2023-02-09,7007
9958,世紀鋼,16,2,14,兆豐-竹北,2023-02-09,7007
4977,眾達-KY,20,6,14,兆豐-竹北,2023-02-09,7007
3444,利機,13,0,13,兆豐-竹北,2023-02-09,7007
2891,中信金,12,0,12,兆豐-竹北,2023-02-09,7007
1519,華城,14,3,11,兆豐-竹北,2023-02-09,7007
2236,百達-KY,73,62,11,兆豐-竹北,2023-02-09,7007
4102,永日,19,8,11,兆豐-竹北,2023-02-09,7007
4931,新盛力,26,15,11,兆豐-竹北,2023-02-09,7007
5258,虹堡,12,1,11,兆豐-竹北,2023-02-09,7007
00637L,元大滬深300正2,10,0,10,兆豐-竹北,2023-02-09,7007
2201,裕隆,10,0,10,兆豐-竹北,2023-02-09,7007
2636,台驊控股,10,0,10,兆豐-竹北,2023-02-09,7007
4167,松瑞藥,10,0,10,兆豐-竹北,2023-02-09,7007
6118,建達,15,5,10,兆豐-竹北,2023-02-09,7007
6732,昇佳電子,10,0,10,兆豐-竹北,2023-02-09,7007
8210,勤誠,11,1,10,兆豐-竹北,2023-02-09,7007
9907,統一實,10,0,10,兆豐-竹北,2023-02-09,7007
2401,凌陽,16,7,9,兆豐-竹北,2023-02-09,7007
2884,玉山金,9,1,8,兆豐-竹北,2023-02-09,7007
3027,盛達,36,28,8,兆豐-竹北,2023-02-09,7007
3704,合勤控,9,1,8,兆豐-竹北,2023-02-09,7007
2834,臺企銀,10,2,8,兆豐-竹北,2023-02-09,7007
6245,立端,20,13,7,兆豐-竹北,2023-02-09,7007
1513,中興電,21,14,7,兆豐-竹北,2023-02-09,7007
1524,耿鼎,9,2,7,兆豐-竹北,2023-02-09,7007
2101,南港,7,0,7,兆豐-竹北,2023-02-09,7007
2883,凱基金,7,0,7,兆豐-竹北,2023-02-09,7007
6485,點序,12,5,7,兆豐-竹北,2023-02-09,7007
2892,第一金,6,0,6,兆豐-竹北,2023-02-09,7007
0056,元大高股息,6,0,6,兆豐-竹北,2023-02-09,7007
00772B,中信高評級公司債,6,0,6,兆豐-竹北,2023-02-09,7007
1445,大宇,6,0,6,兆豐-竹北,2023-02-09,7007
1781,合世,6,0,6,兆豐-竹北,2023-02-09,7007
1785,光洋科,6,0,6,兆豐-竹北,2023-02-09,7007
1584,精剛,270,93,177,兆豐-竹北,2023-02-10,7007
00878,國泰永續高股息,130,0,130,兆豐-竹北,2023-02-10,7007
00676R,富邦臺灣加權反1,110,0,110,兆豐-竹北,2023-02-10,7007
3479,安勤,123,38,85,兆豐-竹北,2023-02-10,7007
6143,振曜,68,5,63,兆豐-竹北,2023-02-10,7007
00885,富邦越南,55,0,55,兆豐-竹北,2023-02-10,7007
2103,台橡,50,0,50,兆豐-竹北,2023-02-10,7007
4130,健亞,50,11,39,兆豐-竹北,2023-02-10,7007
00632R,元大台灣50反1,38,0,38,兆豐-竹北,2023-02-10,7007
2002,中鋼,34,0,34,兆豐-竹北,2023-02-10,7007
0056,元大高股息,35,1,34,兆豐-竹北,2023-02-10,7007
00680L,元大美債20正2,80,50,30,兆豐-竹北,2023-02-10,7007
1809,中釉,30,0,30,兆豐-竹北,2023-02-10,7007
2453,凌群,51,25,26,兆豐-竹北,2023-02-10,7007
3062,建漢,26,0,26,兆豐-竹北,2023-02-10,7007
5880,合庫金,27,5,22,兆豐-竹北,2023-02-10,7007
2498,宏達電,48,27,21,兆豐-竹北,2023-02-10,7007
4707,磐亞,21,0,21,兆豐-竹北,2023-02-10,7007
1447,力鵬,20,0,20,兆豐-竹北,2023-02-10,7007
2867,三商壽,20,0,20,兆豐-竹北,2023-02-10,7007
6223,旺矽,21,1,20,兆豐-竹北,2023-02-10,7007
00712,復華富時不動產,19,0,19,兆豐-竹北,2023-02-10,7007
00893,國泰智能電動車,20,1,19,兆豐-竹北,2023-02-10,7007
2457,飛宏,29,10,19,兆豐-竹北,2023-02-10,7007
1513,中興電,35,17,18,兆豐-竹北,2023-02-10,7007
5009,榮剛,18,1,17,兆豐-竹北,2023-02-10,7007
3711,日月光投控,82,66,16,兆豐-竹北,2023-02-10,7007
3162,精確,15,0,15,兆豐-竹北,2023-02-10,7007
1605,華新,24,10,14,兆豐-竹北,2023-02-10,7007
00679B,元大美債20年,14,0,14,兆豐-竹北,2023-02-10,7007
2468,華經,20,6,14,兆豐-竹北,2023-02-10,7007
2303,聯電,17,4,13,兆豐-竹北,2023-02-10,7007
00673R,期元大S＆P原油反1,18,5,13,兆豐-竹北,2023-02-10,7007
6285,啟��,12,0,12,兆豐-竹北,2023-02-10,7007
00720B,元大投資級公司債,11,0,11,兆豐-竹北,2023-02-10,7007
00772B,中信高評級公司債,11,0,11,兆豐-竹北,2023-02-10,7007
2732,六角,11,0,11,兆豐-竹北,2023-02-10,7007
4961,天鈺,11,0,11,兆豐-竹北,2023-02-10,7007
5351,鈺創,19,8,11,兆豐-竹北,2023-02-10,7007
2603,長榮,16,6,10,兆豐-竹北,2023-02-10,7007
00900,富邦特選高股息30,10,0,10,兆豐-竹北,2023-02-10,7007
1701,中化,10,0,10,兆豐-竹北,2023-02-10,7007
2889,國票金,10,0,10,兆豐-竹北,2023-02-10,7007
3013,晟銘電,11,1,10,兆豐-竹北,2023-02-10,7007
3265,台星科,10,0,10,兆豐-竹北,2023-02-10,7007
4968,立積,10,0,10,兆豐-竹北,2023-02-10,7007
8210,勤誠,10,0,10,兆豐-竹北,2023-02-10,7007
4155,訊映,12,3,9,兆豐-竹北,2023-02-10,7007
5425,台半,9,0,9,兆豐-竹北,2023-02-10,7007
00891,中信關鍵半導體,8,0,8,兆豐-竹北,2023-02-10,7007
2618,長榮航,174,47,127,兆豐-竹北,2023-02-13,7007
00878,國泰永續高股息,131,55,76,兆豐-竹北,2023-02-13,7007
00676R,富邦臺灣加權反1,60,0,60,兆豐-竹北,2023-02-13,7007
2023,燁輝,55,0,55,兆豐-竹北,2023-02-13,7007
2498,宏達電,64,19,45,兆豐-竹北,2023-02-13,7007
6288,聯嘉,30,0,30,兆豐-竹北,2023-02-13,7007
6205,詮欣,35,6,29,兆豐-竹北,2023-02-13,7007
00679B,元大美債20年,25,0,25,兆豐-竹北,2023-02-13,7007
00893,國泰智能電動車,22,0,22,兆豐-竹北,2023-02-13,7007
3479,安勤,27,7,20,兆豐-竹北,2023-02-13,7007
8171,天宇,20,1,19,兆豐-竹北,2023-02-13,7007
2748,雲品,18,1,17,兆豐-竹北,2023-02-13,7007
00680L,元大美債20正2,16,0,16,兆豐-竹北,2023-02-13,7007
00885,富邦越南,26,10,16,兆豐-竹北,2023-02-13,7007
2002,中鋼,15,0,15,兆豐-竹北,2023-02-13,7007
1101,台泥,14,0,14,兆豐-竹北,2023-02-13,7007
4979,華星光,18,4,14,兆豐-竹北,2023-02-13,7007
00673R,期元大S＆P原油反1,13,0,13,兆豐-竹北,2023-02-13,7007
3711,日月光投控,26,13,13,兆豐-竹北,2023-02-13,7007
00720B,元大投資級公司債,12,0,12,兆豐-竹北,2023-02-13,7007
2332,友訊,15,3,12,兆豐-竹北,2023-02-13,7007
2603,長榮,23,11,12,兆豐-竹北,2023-02-13,7007
4931,新盛力,16,4,12,兆豐-竹北,2023-02-13,7007
6806,森崴能源,17,5,12,兆豐-竹北,2023-02-13,7007
00665L,富邦�琤肭磪囓�2,11,0,11,兆豐-竹北,2023-02-13,7007
00632R,元大台灣50反1,11,0,11,兆豐-竹北,2023-02-13,7007
6104,創惟,12,1,11,兆豐-竹北,2023-02-13,7007
00772B,中信高評級公司債,10,0,10,兆豐-竹北,2023-02-13,7007
00712,復華富時不動產,10,0,10,兆豐-竹北,2023-02-13,7007
1409,新纖,10,0,10,兆豐-竹北,2023-02-13,7007
1714,和桐,10,0,10,兆豐-竹北,2023-02-13,7007
1809,中釉,10,0,10,兆豐-竹北,2023-02-13,7007
2905,三商,10,0,10,兆豐-竹北,2023-02-13,7007
3013,晟銘電,13,3,10,兆豐-竹北,2023-02-13,7007
3029,零壹,11,1,10,兆豐-竹北,2023-02-13,7007
8905,裕國,10,0,10,兆豐-竹北,2023-02-13,7007
2634,漢翔,16,7,9,兆豐-竹北,2023-02-13,7007
9938,百和,14,5,9,兆豐-竹北,2023-02-13,7007
3490,單井,8,0,8,兆豐-竹北,2023-02-13,7007
4129,聯合,8,0,8,兆豐-竹北,2023-02-13,7007
8383,千附,8,0,8,兆豐-竹北,2023-02-13,7007
2303,聯電,19,12,7,兆豐-竹北,2023-02-13,7007
2520,冠德,7,0,7,兆豐-竹北,2023-02-13,7007
1795,美時,14,7,7,兆豐-竹北,2023-02-13,7007
2409,友達,10,3,7,兆豐-竹北,2023-02-13,7007
1611,中電,7,0,7,兆豐-竹北,2023-02-13,7007
2201,裕隆,20,13,7,兆豐-竹北,2023-02-13,7007
5009,榮剛,10,3,7,兆豐-竹北,2023-02-13,7007
0056,元大高股息,12,5,7,兆豐-竹北,2023-02-13,7007
3189,景碩,6,0,6,兆豐-竹北,2023-02-13,7007
3481,群創,121,28,93,兆豐-竹北,2023-02-14,7007
00632R,元大台灣50反1,92,25,67,兆豐-竹北,2023-02-14,7007
6142,友勁,60,0,60,兆豐-竹北,2023-02-14,7007
00720B,元大投資級公司債,31,0,31,兆豐-竹北,2023-02-14,7007
00676R,富邦臺灣加權反1,30,0,30,兆豐-竹北,2023-02-14,7007
2314,台揚,31,2,29,兆豐-竹北,2023-02-14,7007
2002,中鋼,27,0,27,兆豐-竹北,2023-02-14,7007
00885,富邦越南,26,0,26,兆豐-竹北,2023-02-14,7007
00637L,元大滬深300正2,26,3,23,兆豐-竹北,2023-02-14,7007
1444,力麗,20,0,20,兆豐-竹北,2023-02-14,7007
4106,雃博,20,0,20,兆豐-竹北,2023-02-14,7007
4114,健喬,35,15,20,兆豐-竹北,2023-02-14,7007
2731,雄獅,22,2,20,兆豐-竹北,2023-02-14,7007
2471,資通,22,4,18,兆豐-竹北,2023-02-14,7007
8033,雷虎,18,0,18,兆豐-竹北,2023-02-14,7007
1453,大將,17,0,17,兆豐-竹北,2023-02-14,7007
4163,鐿鈦,15,0,15,兆豐-竹北,2023-02-14,7007
5880,合庫金,15,0,15,兆豐-竹北,2023-02-14,7007
6855,數泓科,15,0,15,兆豐-竹北,2023-02-14,7007
2344,華邦電,14,0,14,兆豐-竹北,2023-02-14,7007
8222,寶一,23,9,14,兆豐-竹北,2023-02-14,7007
2892,第一金,16,4,12,兆豐-竹北,2023-02-14,7007
4931,新盛力,12,1,11,兆豐-竹北,2023-02-14,7007
2401,凌陽,12,1,11,兆豐-竹北,2023-02-14,7007
5608,四維航,11,0,11,兆豐-竹北,2023-02-14,7007
00687B,國泰20年美債,10,0,10,兆豐-竹北,2023-02-14,7007
00753L,中信中國50正2,10,0,10,兆豐-竹北,2023-02-14,7007
2385,群光,10,0,10,兆豐-竹北,2023-02-14,7007
3037,欣興,37,27,10,兆豐-竹北,2023-02-14,7007
4729,熒茂,10,0,10,兆豐-竹北,2023-02-14,7007
6118,建達,10,0,10,兆豐-竹北,2023-02-14,7007
6269,台郡,10,0,10,兆豐-竹北,2023-02-14,7007
00772B,中信高評級公司債,9,0,9,兆豐-竹北,2023-02-14,7007
00679B,元大美債20年,9,0,9,兆豐-竹北,2023-02-14,7007
00780B,國泰A級金融債,9,0,9,兆豐-竹北,2023-02-14,7007
6443,元晶,10,1,9,兆豐-竹北,2023-02-14,7007
2371,大同,8,0,8,兆豐-竹北,2023-02-14,7007
1342,八貫,10,3,7,兆豐-竹北,2023-02-14,7007
2812,台中銀,7,0,7,兆豐-竹北,2023-02-14,7007
3704,合勤控,36,29,7,兆豐-竹北,2023-02-14,7007
8227,巨有科技,9,2,7,兆豐-竹北,2023-02-14,7007
00665L,富邦�琤肭磪囓�2,6,0,6,兆豐-竹北,2023-02-14,7007
00664R,國泰臺灣加權反1,6,0,6,兆豐-竹北,2023-02-14,7007
2014,中鴻,7,1,6,兆豐-竹北,2023-02-14,7007
3708,上緯投控,6,0,6,兆豐-竹北,2023-02-14,7007
2884,玉山金,6,1,5,兆豐-竹北,2023-02-14,7007
6781,AES-KY,5,0,5,兆豐-竹北,2023-02-14,7007
00641R,富邦日本反1,5,0,5,兆豐-竹北,2023-02-14,7007
1337,再生-KY,5,0,5,兆豐-竹北,2023-02-14,7007
2355,敬鵬,5,0,5,兆豐-竹北,2023-02-14,7007
00878,國泰永續高股息,288,64,224,兆豐-竹北,2023-02-15,7007
00673R,期元大S＆P原油反1,167,0,167,兆豐-竹北,2023-02-15,7007
2887,台新金,57,0,57,兆豐-竹北,2023-02-15,7007
00632R,元大台灣50反1,69,17,52,兆豐-竹北,2023-02-15,7007
2337,旺宏,67,20,47,兆豐-竹北,2023-02-15,7007
8016,矽創,46,0,46,兆豐-竹北,2023-02-15,7007
2884,玉山金,47,2,45,兆豐-竹北,2023-02-15,7007
2330,台積電,52,10,42,兆豐-竹北,2023-02-15,7007
3221,台嘉碩,85,52,33,兆豐-竹北,2023-02-15,7007
2618,長榮航,25,1,24,兆豐-竹北,2023-02-15,7007
2743,山富,48,24,24,兆豐-竹北,2023-02-15,7007
3027,盛達,70,47,23,兆豐-竹北,2023-02-15,7007
6235,華孚,55,32,23,兆豐-竹北,2023-02-15,7007
1598,岱宇,37,16,21,兆豐-竹北,2023-02-15,7007
8183,精星,21,0,21,兆豐-竹北,2023-02-15,7007
00760B,復華新興企業債,20,0,20,兆豐-竹北,2023-02-15,7007
00676R,富邦臺灣加權反1,20,0,20,兆豐-竹北,2023-02-15,7007
6438,迅得,20,0,20,兆豐-竹北,2023-02-15,7007
5347,世界,21,2,19,兆豐-竹北,2023-02-15,7007
2892,第一金,22,4,18,兆豐-竹北,2023-02-15,7007
2002,中鋼,21,4,17,兆豐-竹北,2023-02-15,7007
3481,群創,53,36,17,兆豐-竹北,2023-02-15,7007
3653,健策,16,0,16,兆豐-竹北,2023-02-15,7007
2317,鴻海,20,4,16,兆豐-竹北,2023-02-15,7007
00679B,元大美債20年,13,0,13,兆豐-竹北,2023-02-15,7007
00753L,中信中國50正2,13,0,13,兆豐-竹北,2023-02-15,7007
1783,和康生,14,1,13,兆豐-竹北,2023-02-15,7007
2834,臺企銀,12,0,12,兆豐-竹北,2023-02-15,7007
00780B,國泰A級金融債,12,0,12,兆豐-竹北,2023-02-15,7007
2371,大同,11,0,11,兆豐-竹北,2023-02-15,7007
3046,建��,11,0,11,兆豐-竹北,2023-02-15,7007
3508,位速,11,0,11,兆豐-竹北,2023-02-15,7007
5905,南仁湖,11,0,11,兆豐-竹北,2023-02-15,7007
5425,台半,18,8,10,兆豐-竹北,2023-02-15,7007
00885,富邦越南,10,0,10,兆豐-竹北,2023-02-15,7007
00671R,富邦NASDAQ反1,10,0,10,兆豐-竹北,2023-02-15,7007
2481,強茂,11,1,10,兆豐-竹北,2023-02-15,7007
2547,日勝生,10,0,10,兆豐-竹北,2023-02-15,7007
3047,訊舟,10,0,10,兆豐-竹北,2023-02-15,7007
3490,單井,10,0,10,兆豐-竹北,2023-02-15,7007
5351,鈺創,10,0,10,兆豐-竹北,2023-02-15,7007
2891,中信金,10,1,9,兆豐-竹北,2023-02-15,7007
2726,雅茗-KY,9,0,9,兆豐-竹北,2023-02-15,7007
2732,六角,12,3,9,兆豐-竹北,2023-02-15,7007
0050,元大台灣50,8,0,8,兆豐-竹北,2023-02-15,7007
00891,中信關鍵半導體,8,0,8,兆豐-竹北,2023-02-15,7007
1810,和成,18,10,8,兆豐-竹北,2023-02-15,7007
2206,三陽工業,24,16,8,兆豐-竹北,2023-02-15,7007
2480,敦陽科,9,1,8,兆豐-竹北,2023-02-15,7007
3665,貿聯-KY,8,0,8,兆豐-竹北,2023-02-15,7007
00632R,元大台灣50反1,217,35,182,兆豐-竹北,2023-02-16,7007
00878,國泰永續高股息,151,11,140,兆豐-竹北,2023-02-16,7007
00679B,元大美債20年,78,0,78,兆豐-竹北,2023-02-16,7007
3231,緯創,50,0,50,兆豐-竹北,2023-02-16,7007
1711,永光,42,0,42,兆豐-竹北,2023-02-16,7007
3711,日月光投控,70,30,40,兆豐-竹北,2023-02-16,7007
5905,南仁湖,47,8,39,兆豐-竹北,2023-02-16,7007
00676R,富邦臺灣加權反1,30,0,30,兆豐-竹北,2023-02-16,7007
00665L,富邦�琤肭磪囓�2,29,0,29,兆豐-竹北,2023-02-16,7007
00680L,元大美債20正2,26,0,26,兆豐-竹北,2023-02-16,7007
2481,強茂,27,1,26,兆豐-竹北,2023-02-16,7007
00635U,期元大S＆P黃金,20,0,20,兆豐-竹北,2023-02-16,7007
00706L,期元大S＆P日圓正2,20,0,20,兆豐-竹北,2023-02-16,7007
5009,榮剛,21,1,20,兆豐-竹北,2023-02-16,7007
2338,光罩,17,0,17,兆豐-竹北,2023-02-16,7007
2368,金像電,17,0,17,兆豐-竹北,2023-02-16,7007
6443,元晶,21,4,17,兆豐-竹北,2023-02-16,7007
2884,玉山金,16,0,16,兆豐-竹北,2023-02-16,7007
3036,文曄,15,0,15,兆豐-竹北,2023-02-16,7007
2889,國票金,15,0,15,兆豐-竹北,2023-02-16,7007
2201,裕隆,33,18,15,兆豐-竹北,2023-02-16,7007
00720B,元大投資級公司債,15,0,15,兆豐-竹北,2023-02-16,7007
5371,中光電,16,2,14,兆豐-竹北,2023-02-16,7007
6245,立端,22,8,14,兆豐-竹北,2023-02-16,7007
2404,漢唐,12,0,12,兆豐-竹北,2023-02-16,7007
2736,富野,12,0,12,兆豐-竹北,2023-02-16,7007
3490,單井,11,0,11,兆豐-竹北,2023-02-16,7007
6118,建達,11,0,11,兆豐-竹北,2023-02-16,7007
1101,台泥,10,0,10,兆豐-竹北,2023-02-16,7007
00687B,國泰20年美債,10,0,10,兆豐-竹北,2023-02-16,7007
2329,華泰,12,2,10,兆豐-竹北,2023-02-16,7007
2371,大同,10,0,10,兆豐-竹北,2023-02-16,7007
5285,界霖,10,0,10,兆豐-竹北,2023-02-16,7007
6142,友勁,10,0,10,兆豐-竹北,2023-02-16,7007
6271,同欣電,10,0,10,兆豐-竹北,2023-02-16,7007
8054,安國,10,0,10,兆豐-竹北,2023-02-16,7007
00882,中信中國高股息,9,0,9,兆豐-竹北,2023-02-16,7007
2002,中鋼,10,2,8,兆豐-竹北,2023-02-16,7007
2332,友訊,12,4,8,兆豐-竹北,2023-02-16,7007
3653,健策,10,2,8,兆豐-竹北,2023-02-16,7007
6104,創惟,12,4,8,兆豐-竹北,2023-02-16,7007
6669,緯穎,8,0,8,兆豐-竹北,2023-02-16,7007
8261,富鼎,10,2,8,兆豐-竹北,2023-02-16,7007
1342,八貫,8,1,7,兆豐-竹北,2023-02-16,7007
2369,菱生,8,1,7,兆豐-竹北,2023-02-16,7007
3665,貿聯-KY,7,0,7,兆豐-竹北,2023-02-16,7007
5880,合庫金,7,0,7,兆豐-竹北,2023-02-16,7007
6005,群益證,7,0,7,兆豐-竹北,2023-02-16,7007
2731,雄獅,26,19,7,兆豐-竹北,2023-02-16,7007
00780B,國泰A級金融債,6,0,6,兆豐-竹北,2023-02-16,7007
00637L,元大滬深300正2,306,2,304,兆豐-竹北,2023-02-17,7007
00893,國泰智能電動車,217,2,215,兆豐-竹北,2023-02-17,7007
3027,盛達,109,31,78,兆豐-竹北,2023-02-17,7007
00679B,元大美債20年,80,4,76,兆豐-竹北,2023-02-17,7007
3231,緯創,50,5,45,兆豐-竹北,2023-02-17,7007
00878,國泰永續高股息,87,51,36,兆豐-竹北,2023-02-17,7007
1342,八貫,51,17,34,兆豐-竹北,2023-02-17,7007
2867,三商壽,45,11,34,兆豐-竹北,2023-02-17,7007
00680L,元大美債20正2,31,0,31,兆豐-竹北,2023-02-17,7007
2618,長榮航,80,49,31,兆豐-竹北,2023-02-17,7007
2392,正崴,30,0,30,兆豐-竹北,2023-02-17,7007
00715L,期街口布蘭特正2,29,0,29,兆豐-竹北,2023-02-17,7007
00632R,元大台灣50反1,50,25,25,兆豐-竹北,2023-02-17,7007
00687B,國泰20年美債,22,0,22,兆豐-竹北,2023-02-17,7007
00772B,中信高評級公司債,21,0,21,兆豐-竹北,2023-02-17,7007
6290,良維,35,14,21,兆豐-竹北,2023-02-17,7007
2457,飛宏,42,22,20,兆豐-竹北,2023-02-17,7007
2834,臺企銀,20,0,20,兆豐-竹北,2023-02-17,7007
2369,菱生,15,0,15,兆豐-竹北,2023-02-17,7007
00635U,期元大S＆P黃金,17,3,14,兆豐-竹北,2023-02-17,7007
2492,華新科,17,4,13,兆豐-竹北,2023-02-17,7007
4919,新唐,11,0,11,兆豐-竹北,2023-02-17,7007
2482,連宇,16,5,11,兆豐-竹北,2023-02-17,7007
4114,健喬,11,0,11,兆豐-竹北,2023-02-17,7007
4931,新盛力,14,3,11,兆豐-竹北,2023-02-17,7007
2330,台積電,16,6,10,兆豐-竹北,2023-02-17,7007
6770,力積電,10,0,10,兆豐-竹北,2023-02-17,7007
00720B,元大投資級公司債,10,0,10,兆豐-竹北,2023-02-17,7007
1519,華城,27,17,10,兆豐-竹北,2023-02-17,7007
2455,全新,16,6,10,兆豐-竹北,2023-02-17,7007
2497,怡利電,11,1,10,兆豐-竹北,2023-02-17,7007
2605,新興,10,0,10,兆豐-竹北,2023-02-17,7007
4977,眾達-KY,11,1,10,兆豐-竹北,2023-02-17,7007
2375,凱美,11,2,9,兆豐-竹北,2023-02-17,7007
00780B,國泰A級金融債,9,0,9,兆豐-竹北,2023-02-17,7007
6129,普誠,10,1,9,兆豐-竹北,2023-02-17,7007
00885,富邦越南,8,0,8,兆豐-竹北,2023-02-17,7007
3024,憶聲,8,0,8,兆豐-竹北,2023-02-17,7007
3596,智易,8,0,8,兆豐-竹北,2023-02-17,7007
4979,華星光,8,0,8,兆豐-竹北,2023-02-17,7007
8033,雷虎,9,1,8,兆豐-竹北,2023-02-17,7007
00751B,元大AAA至A公司債,7,0,7,兆豐-竹北,2023-02-17,7007
0050,元大台灣50,8,1,7,兆豐-竹北,2023-02-17,7007
00773B,中信優先金融債,6,0,6,兆豐-竹北,2023-02-17,7007
2453,凌群,13,7,6,兆豐-竹北,2023-02-17,7007
2887,台新金,6,0,6,兆豐-竹北,2023-02-17,7007
6116,彩晶,22,16,6,兆豐-竹北,2023-02-17,7007
6719,力智,12,6,6,兆豐-竹北,2023-02-17,7007
00882,中信中國高股息,6,0,6,兆豐-竹北,2023-02-17,7007
2201,裕隆,10,5,5,兆豐-竹北,2023-02-17,7007
2206,三陽工業,100,3,97,兆豐-竹北,2023-02-20,7007
00878,國泰永續高股息,89,10,79,兆豐-竹北,2023-02-20,7007
3027,盛達,163,98,65,兆豐-竹北,2023-02-20,7007
2882,國泰金,79,20,59,兆豐-竹北,2023-02-20,7007
00885,富邦越南,61,6,55,兆豐-竹北,2023-02-20,7007
00713,元大台灣高息低波,32,0,32,兆豐-竹北,2023-02-20,7007
2834,臺企銀,30,4,26,兆豐-竹北,2023-02-20,7007
00679B,元大美債20年,25,0,25,兆豐-竹北,2023-02-20,7007
00715L,期街口布蘭特正2,23,0,23,兆豐-竹北,2023-02-20,7007
9945,潤泰新,23,1,22,兆豐-竹北,2023-02-20,7007
2867,三商壽,21,0,21,兆豐-竹北,2023-02-20,7007
6285,啟��,20,0,20,兆豐-竹北,2023-02-20,7007
00893,國泰智能電動車,23,4,19,兆豐-竹北,2023-02-20,7007
5351,鈺創,25,6,19,兆豐-竹北,2023-02-20,7007
00751B,元大AAA至A公司債,18,0,18,兆豐-竹北,2023-02-20,7007
2906,高林,22,5,17,兆豐-竹北,2023-02-20,7007
6235,華孚,21,4,17,兆豐-竹北,2023-02-20,7007
2409,友達,30,15,15,兆豐-竹北,2023-02-20,7007
1529,樂事綠能,19,4,15,兆豐-竹北,2023-02-20,7007
2855,統一證,15,0,15,兆豐-竹北,2023-02-20,7007
3479,安勤,54,39,15,兆豐-竹北,2023-02-20,7007
3490,單井,15,0,15,兆豐-竹北,2023-02-20,7007
4106,雃博,15,0,15,兆豐-竹北,2023-02-20,7007
6284,佳邦,33,18,15,兆豐-竹北,2023-02-20,7007
2371,大同,14,0,14,兆豐-竹北,2023-02-20,7007
3047,訊舟,15,1,14,兆豐-竹北,2023-02-20,7007
6245,立端,24,10,14,兆豐-竹北,2023-02-20,7007
00902,中信電池及儲能,13,0,13,兆豐-竹北,2023-02-20,7007
1609,大亞,20,7,13,兆豐-竹北,2023-02-20,7007
5706,鳳凰,19,7,12,兆豐-竹北,2023-02-20,7007
2417,圓剛,12,0,12,兆豐-竹北,2023-02-20,7007
5309,系統電,11,0,11,兆豐-竹北,2023-02-20,7007
6278,台表科,11,0,11,兆豐-竹北,2023-02-20,7007
8916,光隆,11,0,11,兆豐-竹北,2023-02-20,7007
1103,嘉泥,10,0,10,兆豐-竹北,2023-02-20,7007
00773B,中信優先金融債,10,0,10,兆豐-竹北,2023-02-20,7007
00706L,期元大S＆P日圓正2,10,0,10,兆豐-竹北,2023-02-20,7007
2889,國票金,10,0,10,兆豐-竹北,2023-02-20,7007
00637L,元大滬深300正2,19,10,9,兆豐-竹北,2023-02-20,7007
2883B,凱基金乙特,9,0,9,兆豐-竹北,2023-02-20,7007
4155,訊映,10,1,9,兆豐-竹北,2023-02-20,7007
8016,矽創,11,2,9,兆豐-竹北,2023-02-20,7007
00882,中信中國高股息,8,0,8,兆豐-竹北,2023-02-20,7007
6411,晶焱,18,10,8,兆豐-竹北,2023-02-20,7007
1432,大魯閣,11,3,8,兆豐-竹北,2023-02-20,7007
4128,中天,8,1,7,兆豐-竹北,2023-02-20,7007
00738U,期元大道瓊白銀,8,1,7,兆豐-竹北,2023-02-20,7007
2063,世鎧,9,2,7,兆豐-竹北,2023-02-20,7007
2413,環科,7,0,7,兆豐-竹北,2023-02-20,7007
2748,雲品,14,7,7,兆豐-竹北,2023-02-20,7007
2884,玉山金,124,20,104,兆豐-竹北,2023-02-21,7007
00893,國泰智能電動車,101,3,98,兆豐-竹北,2023-02-21,7007
4979,華星光,79,9,70,兆豐-竹北,2023-02-21,7007
2867,三商壽,69,0,69,兆豐-竹北,2023-02-21,7007
2618,長榮航,70,16,54,兆豐-竹北,2023-02-21,7007
00882,中信中國高股息,53,0,53,兆豐-竹北,2023-02-21,7007
3260,威剛,46,0,46,兆豐-竹北,2023-02-21,7007
3049,精金,45,0,45,兆豐-竹北,2023-02-21,7007
00665L,富邦�琤肭磪囓�2,42,0,42,兆豐-竹北,2023-02-21,7007
6274,台燿,42,0,42,兆豐-竹北,2023-02-21,7007
00795B,中信美國公債20年,40,0,40,兆豐-竹北,2023-02-21,7007
2883,凱基金,31,0,31,兆豐-竹北,2023-02-21,7007
8050,廣積,33,3,30,兆豐-竹北,2023-02-21,7007
2882,國泰金,25,0,25,兆豐-竹北,2023-02-21,7007
00715L,期街口布蘭特正2,25,0,25,兆豐-竹北,2023-02-21,7007
3322,建舜電,31,6,25,兆豐-竹北,2023-02-21,7007
6217,中探針,24,0,24,兆豐-竹北,2023-02-21,7007
1605,華新,43,19,24,兆豐-竹北,2023-02-21,7007
2206,三陽工業,22,0,22,兆豐-竹北,2023-02-21,7007
5258,虹堡,93,71,22,兆豐-竹北,2023-02-21,7007
00632R,元大台灣50反1,31,10,21,兆豐-竹北,2023-02-21,7007
3056,富華新,20,0,20,兆豐-竹北,2023-02-21,7007
00885,富邦越南,19,0,19,兆豐-竹北,2023-02-21,7007
00679B,元大美債20年,19,0,19,兆豐-竹北,2023-02-21,7007
00669R,國泰美國道瓊反1,20,3,17,兆豐-竹北,2023-02-21,7007
1513,中興電,33,17,16,兆豐-竹北,2023-02-21,7007
1609,大亞,16,2,14,兆豐-竹北,2023-02-21,7007
6282,康舒,28,15,13,兆豐-竹北,2023-02-21,7007
3481,群創,145,133,12,兆豐-竹北,2023-02-21,7007
1432,大魯閣,13,1,12,兆豐-竹北,2023-02-21,7007
2332,友訊,12,0,12,兆豐-竹北,2023-02-21,7007
5309,系統電,14,2,12,兆豐-竹北,2023-02-21,7007
8069,元太,26,14,12,兆豐-竹北,2023-02-21,7007
4961,天鈺,27,16,11,兆豐-竹北,2023-02-21,7007
1535,中宇,14,3,11,兆豐-竹北,2023-02-21,7007
3711,日月光投控,48,37,11,兆豐-竹北,2023-02-21,7007
8358,金居,12,1,11,兆豐-竹北,2023-02-21,7007
00680L,元大美債20正2,10,0,10,兆豐-竹北,2023-02-21,7007
00720B,元大投資級公司債,10,0,10,兆豐-竹北,2023-02-21,7007
1304,台聚,10,0,10,兆豐-竹北,2023-02-21,7007
2371,大同,14,4,10,兆豐-竹北,2023-02-21,7007
2883B,凱基金乙特,10,0,10,兆豐-竹北,2023-02-21,7007
2889,國票金,10,0,10,兆豐-竹北,2023-02-21,7007
3047,訊舟,10,0,10,兆豐-竹北,2023-02-21,7007
5243,乙盛-KY,10,0,10,兆豐-竹北,2023-02-21,7007
6270,倍微,10,0,10,兆豐-竹北,2023-02-21,7007
6494,九齊,10,0,10,兆豐-竹北,2023-02-21,7007
6770,力積電,12,2,10,兆豐-竹北,2023-02-21,7007
8021,尖點,10,0,10,兆豐-竹北,2023-02-21,7007
6547,高端疫苗,10,0,10,兆豐-竹北,2023-02-21,7007
00632R,元大台灣50反1,295,0,295,兆豐-竹北,2023-02-22,7007
3481,群創,284,63,221,兆豐-竹北,2023-02-22,7007
00878,國泰永續高股息,111,8,103,兆豐-竹北,2023-02-22,7007
4979,華星光,77,0,77,兆豐-竹北,2023-02-22,7007
2408,南亞科,50,0,50,兆豐-竹北,2023-02-22,7007
2546,根基,50,0,50,兆豐-竹北,2023-02-22,7007
6234,高僑,31,0,31,兆豐-竹北,2023-02-22,7007
2023,燁輝,30,0,30,兆豐-竹北,2023-02-22,7007
1513,中興電,53,25,28,兆豐-竹北,2023-02-22,7007
6290,良維,58,31,27,兆豐-竹北,2023-02-22,7007
3047,訊舟,25,0,25,兆豐-竹北,2023-02-22,7007
00715L,期街口布蘭特正2,24,0,24,兆豐-竹北,2023-02-22,7007
2618,長榮航,103,81,22,兆豐-竹北,2023-02-22,7007
00679B,元大美債20年,21,0,21,兆豐-竹北,2023-02-22,7007
00772B,中信高評級公司債,18,0,18,兆豐-竹北,2023-02-22,7007
6727,亞泰金屬,18,0,18,兆豐-竹北,2023-02-22,7007
2404,漢唐,20,2,18,兆豐-竹北,2023-02-22,7007
3035,智原,24,8,16,兆豐-竹北,2023-02-22,7007
5483,中美晶,16,0,16,兆豐-竹北,2023-02-22,7007
8076,伍豐,16,0,16,兆豐-竹北,2023-02-22,7007
2882,國泰金,22,7,15,兆豐-竹北,2023-02-22,7007
00720B,元大投資級公司債,17,2,15,兆豐-竹北,2023-02-22,7007
2897,王道銀行,15,0,15,兆豐-竹北,2023-02-22,7007
2330,台積電,20,6,14,兆豐-竹北,2023-02-22,7007
00712,復華富時不動產,13,0,13,兆豐-竹北,2023-02-22,7007
2329,華泰,12,0,12,兆豐-竹北,2023-02-22,7007
3037,欣興,39,27,12,兆豐-竹北,2023-02-22,7007
5608,四維航,11,0,11,兆豐-竹北,2023-02-22,7007
0050,元大台灣50,10,0,10,兆豐-竹北,2023-02-22,7007
6443,元晶,10,0,10,兆豐-竹北,2023-02-22,7007
00753L,中信中國50正2,10,0,10,兆豐-竹北,2023-02-22,7007
2885,元大金,10,0,10,兆豐-竹北,2023-02-22,7007
3558,神準,10,0,10,兆豐-竹北,2023-02-22,7007
5371,中光電,11,1,10,兆豐-竹北,2023-02-22,7007
6457,紘康,10,0,10,兆豐-竹北,2023-02-22,7007
00751B,元大AAA至A公司債,9,0,9,兆豐-竹北,2023-02-22,7007
3006,晶豪科,10,1,9,兆豐-竹北,2023-02-22,7007
00665L,富邦�琤肭磪囓�2,9,0,9,兆豐-竹北,2023-02-22,7007
2332,友訊,9,0,9,兆豐-竹北,2023-02-22,7007
3122,笙泉,10,1,9,兆豐-竹北,2023-02-22,7007
6245,立端,32,23,9,兆豐-竹北,2023-02-22,7007
6282,康舒,15,6,9,兆豐-竹北,2023-02-22,7007
0056,元大高股息,8,0,8,兆豐-竹北,2023-02-22,7007
4961,天鈺,14,6,8,兆豐-竹北,2023-02-22,7007
3362,先進光,15,7,8,兆豐-竹北,2023-02-22,7007
3260,威剛,10,2,8,兆豐-竹北,2023-02-22,7007
6283,淳安,8,0,8,兆豐-竹北,2023-02-22,7007
2317,鴻海,12,4,8,兆豐-竹北,2023-02-22,7007
00893,國泰智能電動車,7,0,7,兆豐-竹北,2023-02-22,7007
00903,富邦元宇宙,7,0,7,兆豐-竹北,2023-02-22,7007
00637L,元大滬深300正2,252,1,251,兆豐-竹北,2023-02-23,7007
00632R,元大台灣50反1,128,40,88,兆豐-竹北,2023-02-23,7007
00715L,期街口布蘭特正2,77,0,77,兆豐-竹北,2023-02-23,7007
2408,南亞科,50,0,50,兆豐-竹北,2023-02-23,7007
8171,天宇,43,0,43,兆豐-竹北,2023-02-23,7007
6139,亞翔,37,0,37,兆豐-竹北,2023-02-23,7007
2606,裕民,40,7,33,兆豐-竹北,2023-02-23,7007
3711,日月光投控,76,47,29,兆豐-竹北,2023-02-23,7007
1605,華新,38,11,27,兆豐-竹北,2023-02-23,7007
00885,富邦越南,24,0,24,兆豐-竹北,2023-02-23,7007
6727,亞泰金屬,22,0,22,兆豐-竹北,2023-02-23,7007
4961,天鈺,23,2,21,兆豐-竹北,2023-02-23,7007
2897,王道銀行,20,0,20,兆豐-竹北,2023-02-23,7007
00665L,富邦�琤肭磪囓�2,20,0,20,兆豐-竹北,2023-02-23,7007
1907,永豐餘,20,0,20,兆豐-竹北,2023-02-23,7007
8420,明揚,20,2,18,兆豐-竹北,2023-02-23,7007
5512,力麒,21,4,17,兆豐-竹北,2023-02-23,7007
2637,慧洋-KY,24,8,16,兆豐-竹北,2023-02-23,7007
00895,富邦未來車,15,0,15,兆豐-竹北,2023-02-23,7007
2457,飛宏,23,8,15,兆豐-竹北,2023-02-23,7007
3047,訊舟,15,0,15,兆豐-竹北,2023-02-23,7007
3027,盛達,26,12,14,兆豐-竹北,2023-02-23,7007
8936,國統,37,24,13,兆豐-竹北,2023-02-23,7007
1612,宏泰,13,0,13,兆豐-竹北,2023-02-23,7007
00751B,元大AAA至A公司債,13,0,13,兆豐-竹北,2023-02-23,7007
2546,根基,12,0,12,兆豐-竹北,2023-02-23,7007
00738U,期元大道瓊白銀,12,0,12,兆豐-竹北,2023-02-23,7007
6116,彩晶,12,0,12,兆豐-竹北,2023-02-23,7007
00720B,元大投資級公司債,12,0,12,兆豐-竹北,2023-02-23,7007
6285,啟��,12,1,11,兆豐-竹北,2023-02-23,7007
00642U,期元大S＆P石油,11,0,11,兆豐-竹北,2023-02-23,7007
00772B,中信高評級公司債,11,0,11,兆豐-竹北,2023-02-23,7007
4162,智擎,11,0,11,兆豐-竹北,2023-02-23,7007
8069,元太,43,32,11,兆豐-竹北,2023-02-23,7007
6488,環球晶,11,0,11,兆豐-竹北,2023-02-23,7007
3481,群創,47,37,10,兆豐-竹北,2023-02-23,7007
00918,大華優利高填息30,10,0,10,兆豐-竹北,2023-02-23,7007
1722,台肥,10,0,10,兆豐-竹北,2023-02-23,7007
2009,第一銅,10,0,10,兆豐-竹北,2023-02-23,7007
2358,廷鑫,10,0,10,兆豐-竹北,2023-02-23,7007
4953,緯軟,11,1,10,兆豐-竹北,2023-02-23,7007
2734,易飛網,11,2,9,兆豐-竹北,2023-02-23,7007
3390,旭軟,10,1,9,兆豐-竹北,2023-02-23,7007
3490,單井,8,0,8,兆豐-竹北,2023-02-23,7007
1519,華城,33,25,8,兆豐-竹北,2023-02-23,7007
5706,鳳凰,13,6,7,兆豐-竹北,2023-02-23,7007
6531,愛普*,9,2,7,兆豐-竹北,2023-02-23,7007
8996,高力,8,2,6,兆豐-竹北,2023-02-23,7007
2399,映泰,6,0,6,兆豐-竹北,2023-02-23,7007
3545,敦泰,6,0,6,兆豐-竹北,2023-02-23,7007
00878,國泰永續高股息,100,9,91,兆豐-竹北,2023-02-24,7007
2204,中華,52,0,52,兆豐-竹北,2023-02-24,7007
3017,奇鋐,50,1,49,兆豐-竹北,2023-02-24,7007
00665L,富邦�琤肭磪囓�2,46,0,46,兆豐-竹北,2023-02-24,7007
00637L,元大滬深300正2,60,20,40,兆豐-竹北,2023-02-24,7007
5608,四維航,128,94,34,兆豐-竹北,2023-02-24,7007
9945,潤泰新,31,0,31,兆豐-竹北,2023-02-24,7007
3037,欣興,71,40,31,兆豐-竹北,2023-02-24,7007
2465,麗臺,30,0,30,兆豐-竹北,2023-02-24,7007
1432,大魯閣,29,0,29,兆豐-竹北,2023-02-24,7007
2409,友達,44,20,24,兆豐-竹北,2023-02-24,7007
2618,長榮航,37,14,23,兆豐-竹北,2023-02-24,7007
0056,元大高股息,27,6,21,兆豐-竹北,2023-02-24,7007
2882,國泰金,21,0,21,兆豐-竹北,2023-02-24,7007
6612,奈米醫材,22,1,21,兆豐-竹北,2023-02-24,7007
2457,飛宏,27,6,21,兆豐-竹北,2023-02-24,7007
4513,福裕,20,1,19,兆豐-竹北,2023-02-24,7007
3624,光頡,18,0,18,兆豐-竹北,2023-02-24,7007
3006,晶豪科,18,0,18,兆豐-竹北,2023-02-24,7007
2014,中鴻,16,0,16,兆豐-竹北,2023-02-24,7007
4763,材料-KY,19,4,15,兆豐-竹北,2023-02-24,7007
00725B,國泰投資級公司債,15,0,15,兆豐-竹北,2023-02-24,7007
6148,驊宏資,14,0,14,兆豐-竹北,2023-02-24,7007
6470,宇智,14,0,14,兆豐-竹北,2023-02-24,7007
2201,裕隆,19,6,13,兆豐-竹北,2023-02-24,7007
2498,宏達電,38,25,13,兆豐-竹北,2023-02-24,7007
6245,立端,21,8,13,兆豐-竹北,2023-02-24,7007
8050,廣積,15,2,13,兆豐-竹北,2023-02-24,7007
1905,華紙,12,0,12,兆豐-竹北,2023-02-24,7007
2891,中信金,12,0,12,兆豐-竹北,2023-02-24,7007
6231,系微,16,4,12,兆豐-竹北,2023-02-24,7007
6282,康舒,13,1,12,兆豐-竹北,2023-02-24,7007
2034,允強,11,0,11,兆豐-竹北,2023-02-24,7007
6274,台燿,42,31,11,兆豐-竹北,2023-02-24,7007
6235,華孚,25,15,10,兆豐-竹北,2023-02-24,7007
2610,華航,31,21,10,兆豐-竹北,2023-02-24,7007
2611,志信,41,31,10,兆豐-竹北,2023-02-24,7007
3045,台灣大,10,0,10,兆豐-竹北,2023-02-24,7007
4503,金雨,10,0,10,兆豐-竹北,2023-02-24,7007
5009,榮剛,20,10,10,兆豐-竹北,2023-02-24,7007
1101,台泥,11,2,9,兆豐-竹北,2023-02-24,7007
1701,中化,10,1,9,兆豐-竹北,2023-02-24,7007
4979,華星光,14,5,9,兆豐-竹北,2023-02-24,7007
2330,台積電,9,1,8,兆豐-竹北,2023-02-24,7007
2363,矽統,10,2,8,兆豐-竹北,2023-02-24,7007
2867,三商壽,8,0,8,兆豐-竹北,2023-02-24,7007
3163,波若威,8,0,8,兆豐-竹北,2023-02-24,7007
8420,明揚,10,2,8,兆豐-竹北,2023-02-24,7007
2834,臺企銀,7,0,7,兆豐-竹北,2023-02-24,7007
1514,亞力,10,3,7,兆豐-竹北,2023-02-24,7007
00878,國泰永續高股息,135,0,135,兆豐-竹北,2023-03-01,7007
1447,力鵬,108,0,108,兆豐-竹北,2023-03-01,7007
2002,中鋼,105,3,102,兆豐-竹北,2023-03-01,7007
2303,聯電,181,99,82,兆豐-竹北,2023-03-01,7007
2607,榮運,75,0,75,兆豐-竹北,2023-03-01,7007
2637,慧洋-KY,91,26,65,兆豐-竹北,2023-03-01,7007
00632R,元大台灣50反1,100,40,60,兆豐-竹北,2023-03-01,7007
00676R,富邦臺灣加權反1,41,0,41,兆豐-竹北,2023-03-01,7007
2884,玉山金,46,8,38,兆豐-竹北,2023-03-01,7007
6116,彩晶,43,6,37,兆豐-竹北,2023-03-01,7007
2606,裕民,35,3,32,兆豐-竹北,2023-03-01,7007
2888,新光金,33,4,29,兆豐-竹北,2023-03-01,7007
1605,華新,42,15,27,兆豐-竹北,2023-03-01,7007
3051,力特,24,0,24,兆豐-竹北,2023-03-01,7007
3037,欣興,33,11,22,兆豐-竹北,2023-03-01,7007
3092,鴻碩,22,0,22,兆豐-竹北,2023-03-01,7007
6285,啟��,22,3,19,兆豐-竹北,2023-03-01,7007
2402,毅嘉,24,6,18,兆豐-竹北,2023-03-01,7007
1708,東鹼,18,1,17,兆豐-竹北,2023-03-01,7007
2419,仲琦,18,1,17,兆豐-竹北,2023-03-01,7007
1219,福壽,22,5,17,兆豐-竹北,2023-03-01,7007
2605,新興,36,20,16,兆豐-竹北,2023-03-01,7007
2885,元大金,16,0,16,兆豐-竹北,2023-03-01,7007
3088,艾訊,16,0,16,兆豐-竹北,2023-03-01,7007
00751B,元大AAA至A公司債,14,0,14,兆豐-竹北,2023-03-01,7007
00772B,中信高評級公司債,14,0,14,兆豐-竹北,2023-03-01,7007
2834,臺企銀,18,5,13,兆豐-竹北,2023-03-01,7007
3706,神達,14,1,13,兆豐-竹北,2023-03-01,7007
6770,力積電,13,0,13,兆豐-竹北,2023-03-01,7007
8358,金居,13,0,13,兆豐-竹北,2023-03-01,7007
00760B,復華新興企業債,12,0,12,兆豐-竹北,2023-03-01,7007
4915,致伸,16,4,12,兆豐-竹北,2023-03-01,7007
5210,寶碩,12,0,12,兆豐-竹北,2023-03-01,7007
5425,台半,18,6,12,兆豐-竹北,2023-03-01,7007
00713,元大台灣高息低波,11,0,11,兆豐-竹北,2023-03-01,7007
00712,復華富時不動產,11,0,11,兆豐-竹北,2023-03-01,7007
5353,台林,14,3,11,兆豐-竹北,2023-03-01,7007
5608,四維航,82,72,10,兆豐-竹北,2023-03-01,7007
4919,新唐,12,2,10,兆豐-竹北,2023-03-01,7007
00753L,中信中國50正2,10,0,10,兆豐-竹北,2023-03-01,7007
1467,南緯,10,0,10,兆豐-竹北,2023-03-01,7007
1506,正道,10,0,10,兆豐-竹北,2023-03-01,7007
1718,中纖,10,0,10,兆豐-竹北,2023-03-01,7007
2034,允強,10,0,10,兆豐-竹北,2023-03-01,7007
2903,遠百,10,0,10,兆豐-竹北,2023-03-01,7007
3048,益登,10,0,10,兆豐-竹北,2023-03-01,7007
3576,聯合再生,10,0,10,兆豐-竹北,2023-03-01,7007
6234,高僑,10,0,10,兆豐-竹北,2023-03-01,7007
6806,森崴能源,10,0,10,兆豐-竹北,2023-03-01,7007
4961,天鈺,26,16,10,兆豐-竹北,2023-03-01,7007
00878,國泰永續高股息,120,18,102,兆豐-竹北,2023-03-02,7007
2888,新光金,91,0,91,兆豐-竹北,2023-03-02,7007
2498,宏達電,82,20,62,兆豐-竹北,2023-03-02,7007
00679B,元大美債20年,62,0,62,兆豐-竹北,2023-03-02,7007
00676R,富邦臺灣加權反1,60,0,60,兆豐-竹北,2023-03-02,7007
00712,復華富時不動產,40,0,40,兆豐-竹北,2023-03-02,7007
00632R,元大台灣50反1,30,4,26,兆豐-竹北,2023-03-02,7007
3481,群創,25,3,22,兆豐-竹北,2023-03-02,7007
2882,國泰金,21,0,21,兆豐-竹北,2023-03-02,7007
00725B,國泰投資級公司債,21,1,20,兆豐-竹北,2023-03-02,7007
1216,統一,20,1,19,兆豐-竹北,2023-03-02,7007
6443,元晶,20,2,18,兆豐-竹北,2023-03-02,7007
4113,聯上,16,0,16,兆豐-竹北,2023-03-02,7007
6118,建達,17,1,16,兆豐-竹北,2023-03-02,7007
8033,雷虎,19,3,16,兆豐-竹北,2023-03-02,7007
6719,力智,19,4,15,兆豐-竹北,2023-03-02,7007
2605,新興,37,22,15,兆豐-竹北,2023-03-02,7007
2812,台中銀,15,0,15,兆豐-竹北,2023-03-02,7007
8420,明揚,17,2,15,兆豐-竹北,2023-03-02,7007
2303,聯電,20,5,15,兆豐-竹北,2023-03-02,7007
2618,長榮航,14,0,14,兆豐-竹北,2023-03-02,7007
1108,幸福,13,1,12,兆豐-竹北,2023-03-02,7007
2606,裕民,26,14,12,兆豐-竹北,2023-03-02,7007
1219,福壽,12,1,11,兆豐-竹北,2023-03-02,7007
6806,森崴能源,11,0,11,兆豐-竹北,2023-03-02,7007
00713,元大台灣高息低波,11,0,11,兆豐-竹北,2023-03-02,7007
00751B,元大AAA至A公司債,10,0,10,兆豐-竹北,2023-03-02,7007
1305,華夏,10,0,10,兆豐-竹北,2023-03-02,7007
6168,宏齊,10,0,10,兆豐-竹北,2023-03-02,7007
8358,金居,12,2,10,兆豐-竹北,2023-03-02,7007
8401,白紗科,10,0,10,兆豐-竹北,2023-03-02,7007
2886,兆豐金,9,0,9,兆豐-竹北,2023-03-02,7007
2458,義隆,11,2,9,兆豐-竹北,2023-03-02,7007
3092,鴻碩,9,0,9,兆豐-竹北,2023-03-02,7007
8050,廣積,9,0,9,兆豐-竹北,2023-03-02,7007
8112,至上,11,2,9,兆豐-竹北,2023-03-02,7007
2474,可成,8,0,8,兆豐-竹北,2023-03-02,7007
9945,潤泰新,8,0,8,兆豐-竹北,2023-03-02,7007
2885,元大金,9,1,8,兆豐-竹北,2023-03-02,7007
00720B,元大投資級公司債,7,0,7,兆豐-竹北,2023-03-02,7007
2002,中鋼,7,0,7,兆豐-竹北,2023-03-02,7007
1447,力鵬,7,0,7,兆豐-竹北,2023-03-02,7007
1762,中化生,7,0,7,兆豐-竹北,2023-03-02,7007
2867,三商壽,7,0,7,兆豐-竹北,2023-03-02,7007
3019,亞光,7,0,7,兆豐-竹北,2023-03-02,7007
5425,台半,13,6,7,兆豐-竹北,2023-03-02,7007
6698,旭暉應材,7,0,7,兆豐-竹北,2023-03-02,7007
5880,合庫金,7,0,7,兆豐-竹北,2023-03-02,7007
3260,威剛,22,15,7,兆豐-竹北,2023-03-02,7007
1513,中興電,22,16,6,兆豐-竹北,2023-03-02,7007
3481,群創,465,111,354,兆豐-竹北,2023-03-03,7007
00676R,富邦臺灣加權反1,152,0,152,兆豐-竹北,2023-03-03,7007
00673R,期元大S＆P原油反1,75,0,75,兆豐-竹北,2023-03-03,7007
00632R,元大台灣50反1,56,0,56,兆豐-竹北,2023-03-03,7007
1447,力鵬,50,0,50,兆豐-竹北,2023-03-03,7007
2206,三陽工業,50,0,50,兆豐-竹北,2023-03-03,7007
8091,翔名,42,0,42,兆豐-竹北,2023-03-03,7007
2430,燦坤,31,0,31,兆豐-竹北,2023-03-03,7007
1605,華新,42,12,30,兆豐-竹北,2023-03-03,7007
00679B,元大美債20年,30,0,30,兆豐-竹北,2023-03-03,7007
1708,東鹼,31,4,27,兆豐-竹北,2023-03-03,7007
2845,遠東銀,23,0,23,兆豐-竹北,2023-03-03,7007
1432,大魯閣,28,6,22,兆豐-竹北,2023-03-03,7007
2882,國泰金,21,0,21,兆豐-竹北,2023-03-03,7007
2610,華航,20,2,18,兆豐-竹北,2023-03-03,7007
6548,長科*,18,0,18,兆豐-竹北,2023-03-03,7007
9945,潤泰新,18,0,18,兆豐-竹北,2023-03-03,7007
2480,敦陽科,19,2,17,兆豐-竹北,2023-03-03,7007
2888,新光金,20,5,15,兆豐-竹北,2023-03-03,7007
3260,威剛,19,4,15,兆豐-竹北,2023-03-03,7007
2891,中信金,14,0,14,兆豐-竹北,2023-03-03,7007
4977,眾達-KY,15,1,14,兆豐-竹北,2023-03-03,7007
2834,臺企銀,19,5,14,兆豐-竹北,2023-03-03,7007
2498,宏達電,113,100,13,兆豐-竹北,2023-03-03,7007
3013,晟銘電,14,1,13,兆豐-竹北,2023-03-03,7007
2886,兆豐金,14,1,13,兆豐-竹北,2023-03-03,7007
8050,廣積,12,0,12,兆豐-竹北,2023-03-03,7007
00706L,期元大S＆P日圓正2,10,0,10,兆豐-竹北,2023-03-03,7007
3380,明泰,15,5,10,兆豐-竹北,2023-03-03,7007
4113,聯上,10,0,10,兆豐-竹北,2023-03-03,7007
4123,晟德,10,0,10,兆豐-竹北,2023-03-03,7007
00665L,富邦�琤肭磪囓�2,9,0,9,兆豐-竹北,2023-03-03,7007
00712,復華富時不動產,9,0,9,兆豐-竹北,2023-03-03,7007
2634,漢翔,10,1,9,兆豐-竹北,2023-03-03,7007
3591,艾笛森,9,0,9,兆豐-竹北,2023-03-03,7007
1701,中化,10,2,8,兆豐-竹北,2023-03-03,7007
2915,潤泰全,8,0,8,兆豐-竹北,2023-03-03,7007
4168,醣聯,8,0,8,兆豐-竹北,2023-03-03,7007
5608,四維航,33,25,8,兆豐-竹北,2023-03-03,7007
6257,矽格,10,2,8,兆豐-竹北,2023-03-03,7007
8084,巨虹,8,0,8,兆豐-竹北,2023-03-03,7007
6531,愛普*,20,12,8,兆豐-竹北,2023-03-03,7007
00892,富邦台灣半導體,7,0,7,兆豐-竹北,2023-03-03,7007
2643,捷迅,7,0,7,兆豐-竹北,2023-03-03,7007
3023,信邦,7,0,7,兆豐-竹北,2023-03-03,7007
3094,聯傑,9,2,7,兆豐-竹北,2023-03-03,7007
3162,精確,8,1,7,兆豐-竹北,2023-03-03,7007
3236,千如,7,0,7,兆豐-竹北,2023-03-03,7007
3624,光頡,7,0,7,兆豐-竹北,2023-03-03,7007
3707,漢磊,7,0,7,兆豐-竹北,2023-03-03,7007
00676R,富邦臺灣加權反1,181,0,181,兆豐-竹北,2023-03-06,7007
5309,系統電,97,1,96,兆豐-竹北,2023-03-06,7007
2637,慧洋-KY,71,4,67,兆豐-竹北,2023-03-06,7007
00673R,期元大S＆P原油反1,65,0,65,兆豐-竹北,2023-03-06,7007
1589,永冠-KY,51,0,51,兆豐-竹北,2023-03-06,7007
3006,晶豪科,55,7,48,兆豐-竹北,2023-03-06,7007
00637L,元大滬深300正2,47,1,46,兆豐-竹北,2023-03-06,7007
2605,新興,39,0,39,兆豐-竹北,2023-03-06,7007
3047,訊舟,32,2,30,兆豐-竹北,2023-03-06,7007
5315,光聯,30,1,29,兆豐-竹北,2023-03-06,7007
2812,台中銀,28,0,28,兆豐-竹北,2023-03-06,7007
00878,國泰永續高股息,33,6,27,兆豐-竹北,2023-03-06,7007
00772B,中信高評級公司債,26,0,26,兆豐-竹北,2023-03-06,7007
00669R,國泰美國道瓊反1,30,5,25,兆豐-竹北,2023-03-06,7007
2891,中信金,24,0,24,兆豐-竹北,2023-03-06,7007
2867,三商壽,23,0,23,兆豐-竹北,2023-03-06,7007
3260,威剛,29,6,23,兆豐-竹北,2023-03-06,7007
3673,TPK-KY,29,7,22,兆豐-竹北,2023-03-06,7007
3711,日月光投控,54,33,21,兆豐-竹北,2023-03-06,7007
00688L,國泰20年美債正2,20,0,20,兆豐-竹北,2023-03-06,7007
4979,華星光,22,2,20,兆豐-竹北,2023-03-06,7007
6290,良維,19,1,18,兆豐-竹北,2023-03-06,7007
1783,和康生,16,0,16,兆豐-竹北,2023-03-06,7007
1219,福壽,13,0,13,兆豐-竹北,2023-03-06,7007
3088,艾訊,15,2,13,兆豐-竹北,2023-03-06,7007
00679B,元大美債20年,12,0,12,兆豐-竹北,2023-03-06,7007
2419,仲琦,12,0,12,兆豐-竹北,2023-03-06,7007
3630,新鉅科,11,0,11,兆豐-竹北,2023-03-06,7007
9933,中鼎,11,0,11,兆豐-竹北,2023-03-06,7007
0056,元大高股息,19,9,10,兆豐-竹北,2023-03-06,7007
2408,南亞科,10,0,10,兆豐-竹北,2023-03-06,7007
2481,強茂,14,4,10,兆豐-竹北,2023-03-06,7007
2634,漢翔,10,0,10,兆豐-竹北,2023-03-06,7007
2887,台新金,10,0,10,兆豐-竹北,2023-03-06,7007
3703,欣陸,10,0,10,兆豐-竹北,2023-03-06,7007
5371,中光電,10,0,10,兆豐-竹北,2023-03-06,7007
6168,宏齊,10,0,10,兆豐-竹北,2023-03-06,7007
8176,智捷,11,1,10,兆豐-竹北,2023-03-06,7007
8289,泰藝,31,21,10,兆豐-竹北,2023-03-06,7007
1220,台榮,11,2,9,兆豐-竹北,2023-03-06,7007
2497,怡利電,9,0,9,兆豐-竹北,2023-03-06,7007
1342,八貫,26,18,8,兆豐-竹北,2023-03-06,7007
3029,零壹,8,0,8,兆豐-竹北,2023-03-06,7007
6220,岳豐,8,0,8,兆豐-竹北,2023-03-06,7007
6282,康舒,33,25,8,兆豐-竹北,2023-03-06,7007
6291,沛亨,8,0,8,兆豐-竹北,2023-03-06,7007
00653L,富邦印度正2,7,0,7,兆豐-竹北,2023-03-06,7007
2328,廣宇,11,4,7,兆豐-竹北,2023-03-06,7007
2388,威盛,10,3,7,兆豐-竹北,2023-03-06,7007
2641,正德,11,4,7,兆豐-竹北,2023-03-06,7007
00676R,富邦臺灣加權反1,222,1,221,兆豐-竹北,2023-03-07,7007
2349,錸德,70,0,70,兆豐-竹北,2023-03-07,7007
00878,國泰永續高股息,81,21,60,兆豐-竹北,2023-03-07,7007
6176,瑞儀,52,0,52,兆豐-竹北,2023-03-07,7007
2630,亞航,45,1,44,兆豐-竹北,2023-03-07,7007
00637L,元大滬深300正2,43,3,40,兆豐-竹北,2023-03-07,7007
2889,國票金,70,30,40,兆豐-竹北,2023-03-07,7007
00673R,期元大S＆P原油反1,35,0,35,兆豐-竹北,2023-03-07,7007
2610,華航,36,2,34,兆豐-竹北,2023-03-07,7007
4979,華星光,37,4,33,兆豐-竹北,2023-03-07,7007
3013,晟銘電,42,9,33,兆豐-竹北,2023-03-07,7007
2881,富邦金,30,0,30,兆豐-竹北,2023-03-07,7007
5309,系統電,30,1,29,兆豐-竹北,2023-03-07,7007
1701,中化,30,1,29,兆豐-竹北,2023-03-07,7007
00885,富邦越南,28,0,28,兆豐-竹北,2023-03-07,7007
6234,高僑,28,2,26,兆豐-竹北,2023-03-07,7007
2605,新興,33,8,25,兆豐-竹北,2023-03-07,7007
00665L,富邦�琤肭磪囓�2,23,0,23,兆豐-竹北,2023-03-07,7007
2888,新光金,21,0,21,兆豐-竹北,2023-03-07,7007
3710,連展投控,20,0,20,兆豐-竹北,2023-03-07,7007
3576,聯合再生,24,5,19,兆豐-竹北,2023-03-07,7007
2317,鴻海,27,8,19,兆豐-竹北,2023-03-07,7007
00712,復華富時不動產,18,1,17,兆豐-竹北,2023-03-07,7007
00772B,中信高評級公司債,15,0,15,兆豐-竹北,2023-03-07,7007
2637,慧洋-KY,15,0,15,兆豐-竹北,2023-03-07,7007
00636,國泰中國A50,14,0,14,兆豐-竹北,2023-03-07,7007
3062,建漢,20,6,14,兆豐-竹北,2023-03-07,7007
6456,GIS-KY,14,0,14,兆豐-竹北,2023-03-07,7007
2489,瑞軒,13,0,13,兆豐-竹北,2023-03-07,7007
8033,雷虎,15,2,13,兆豐-竹北,2023-03-07,7007
00713,元大台灣高息低波,15,3,12,兆豐-竹北,2023-03-07,7007
2332,友訊,12,0,12,兆豐-竹北,2023-03-07,7007
2368,金像電,20,8,12,兆豐-竹北,2023-03-07,7007
3027,盛達,15,3,12,兆豐-竹北,2023-03-07,7007
6139,亞翔,16,4,12,兆豐-竹北,2023-03-07,7007
2352,佳世達,11,0,11,兆豐-竹北,2023-03-07,7007
2883,凱基金,11,0,11,兆豐-竹北,2023-03-07,7007
4919,新唐,11,1,10,兆豐-竹北,2023-03-07,7007
4961,天鈺,16,6,10,兆豐-竹北,2023-03-07,7007
2375,凱美,34,24,10,兆豐-竹北,2023-03-07,7007
1783,和康生,20,10,10,兆豐-竹北,2023-03-07,7007
1445,大宇,10,0,10,兆豐-竹北,2023-03-07,7007
2027,大成鋼,10,0,10,兆豐-竹北,2023-03-07,7007
6213,聯茂,10,0,10,兆豐-竹北,2023-03-07,7007
6451,訊芯-KY,10,0,10,兆豐-竹北,2023-03-07,7007
8938,明安,10,0,10,兆豐-竹北,2023-03-07,7007
2454,聯發科,12,2,10,兆豐-竹北,2023-03-07,7007
1710,東聯,18,8,10,兆豐-竹北,2023-03-07,7007
2337,旺宏,29,20,9,兆豐-竹北,2023-03-07,7007
6143,振曜,9,0,9,兆豐-竹北,2023-03-07,7007
00665L,富邦�琤肭磪囓�2,94,0,94,兆豐-竹北,2023-03-08,7007
1701,中化,87,8,79,兆豐-竹北,2023-03-08,7007
1314,中石化,76,2,74,兆豐-竹北,2023-03-08,7007
00753L,中信中國50正2,57,0,57,兆豐-竹北,2023-03-08,7007
00923,群益台ESG低碳50,55,0,55,兆豐-竹北,2023-03-08,7007
2884,玉山金,45,2,43,兆豐-竹北,2023-03-08,7007
2605,新興,44,2,42,兆豐-竹北,2023-03-08,7007
1605,華新,85,45,40,兆豐-竹北,2023-03-08,7007
00632R,元大台灣50反1,32,0,32,兆豐-竹北,2023-03-08,7007
00885,富邦越南,30,0,30,兆豐-竹北,2023-03-08,7007
00634R,富邦上証反1,30,0,30,兆豐-竹北,2023-03-08,7007
2637,慧洋-KY,27,1,26,兆豐-竹北,2023-03-08,7007
2888,新光金,25,0,25,兆豐-竹北,2023-03-08,7007
3706,神達,21,0,21,兆豐-竹北,2023-03-08,7007
00648R,元大S＆P500反1,20,0,20,兆豐-竹北,2023-03-08,7007
00642U,期元大S＆P石油,20,0,20,兆豐-竹北,2023-03-08,7007
00669R,國泰美國道瓊反1,20,0,20,兆豐-竹北,2023-03-08,7007
3441,聯一光,26,6,20,兆豐-竹北,2023-03-08,7007
3499,環天科,20,0,20,兆豐-竹北,2023-03-08,7007
4939,亞電,20,0,20,兆豐-竹北,2023-03-08,7007
1609,大亞,28,8,20,兆豐-竹北,2023-03-08,7007
00882,中信中國高股息,26,6,20,兆豐-竹北,2023-03-08,7007
3481,群創,24,5,19,兆豐-竹北,2023-03-08,7007
3037,欣興,23,4,19,兆豐-竹北,2023-03-08,7007
1514,亞力,48,30,18,兆豐-竹北,2023-03-08,7007
3231,緯創,20,2,18,兆豐-竹北,2023-03-08,7007
00878,國泰永續高股息,51,34,17,兆豐-竹北,2023-03-08,7007
00715L,期街口布蘭特正2,16,0,16,兆豐-竹北,2023-03-08,7007
1101,台泥,14,0,14,兆豐-竹北,2023-03-08,7007
2882,國泰金,13,1,12,兆豐-竹北,2023-03-08,7007
00712,復華富時不動產,12,0,12,兆豐-竹北,2023-03-08,7007
2606,裕民,19,7,12,兆豐-竹北,2023-03-08,7007
4541,晟田,17,5,12,兆豐-竹北,2023-03-08,7007
1762,中化生,17,6,11,兆豐-竹北,2023-03-08,7007
3027,盛達,26,15,11,兆豐-竹北,2023-03-08,7007
5880,合庫金,11,0,11,兆豐-竹北,2023-03-08,7007
2603,長榮,11,0,11,兆豐-竹北,2023-03-08,7007
00725B,國泰投資級公司債,10,0,10,兆豐-竹北,2023-03-08,7007
00905,FT臺灣Smart,10,0,10,兆豐-竹北,2023-03-08,7007
2014,中鴻,11,1,10,兆豐-竹北,2023-03-08,7007
2634,漢翔,15,5,10,兆豐-竹北,2023-03-08,7007
3693,營邦,22,12,10,兆豐-竹北,2023-03-08,7007
4130,健亞,10,0,10,兆豐-竹北,2023-03-08,7007
4979,華星光,15,5,10,兆豐-竹北,2023-03-08,7007
8027,鈦昇,10,0,10,兆豐-竹北,2023-03-08,7007
5425,台半,13,4,9,兆豐-竹北,2023-03-08,7007
00902,中信電池及儲能,9,0,9,兆豐-竹北,2023-03-08,7007
6142,友勁,9,0,9,兆豐-竹北,2023-03-08,7007
6235,華孚,72,63,9,兆豐-竹北,2023-03-08,7007
1432,大魯閣,10,1,9,兆豐-竹北,2023-03-08,7007
2886,兆豐金,131,1,130,兆豐-竹北,2023-03-09,7007
00665L,富邦�琤肭磪囓�2,100,0,100,兆豐-竹北,2023-03-09,7007
00676R,富邦臺灣加權反1,90,0,90,兆豐-竹北,2023-03-09,7007
2610,華航,132,52,80,兆豐-竹北,2023-03-09,7007
3047,訊舟,79,0,79,兆豐-竹北,2023-03-09,7007
00878,國泰永續高股息,63,0,63,兆豐-竹北,2023-03-09,7007
3290,東浦,61,3,58,兆豐-竹北,2023-03-09,7007
6290,良維,59,5,54,兆豐-竹北,2023-03-09,7007
6443,元晶,62,11,51,兆豐-竹北,2023-03-09,7007
3027,盛達,48,0,48,兆豐-竹北,2023-03-09,7007
8150,南茂,48,0,48,兆豐-竹北,2023-03-09,7007
2633,台灣高鐵,46,2,44,兆豐-竹北,2023-03-09,7007
2409,友達,38,4,34,兆豐-竹北,2023-03-09,7007
00632R,元大台灣50反1,30,0,30,兆豐-竹北,2023-03-09,7007
2204,中華,30,0,30,兆豐-竹北,2023-03-09,7007
2888,新光金,30,0,30,兆豐-竹北,2023-03-09,7007
3711,日月光投控,62,35,27,兆豐-竹北,2023-03-09,7007
00715L,期街口布蘭特正2,26,0,26,兆豐-竹北,2023-03-09,7007
3481,群創,29,3,26,兆豐-竹北,2023-03-09,7007
4979,華星光,34,10,24,兆豐-竹北,2023-03-09,7007
00923,群益台ESG低碳50,23,0,23,兆豐-竹北,2023-03-09,7007
00637L,元大滬深300正2,23,0,23,兆豐-竹北,2023-03-09,7007
2317,鴻海,21,0,21,兆豐-竹北,2023-03-09,7007
6234,高僑,21,0,21,兆豐-竹北,2023-03-09,7007
2344,華邦電,43,23,20,兆豐-竹北,2023-03-09,7007
3499,環天科,20,0,20,兆豐-竹北,2023-03-09,7007
6148,驊宏資,20,0,20,兆豐-竹北,2023-03-09,7007
6715,嘉基,20,0,20,兆豐-竹北,2023-03-09,7007
3704,合勤控,20,0,20,兆豐-竹北,2023-03-09,7007
2359,所羅門,125,106,19,兆豐-竹北,2023-03-09,7007
3062,建漢,19,0,19,兆豐-竹北,2023-03-09,7007
5880,合庫金,19,1,18,兆豐-竹北,2023-03-09,7007
00712,復華富時不動產,22,5,17,兆豐-竹北,2023-03-09,7007
2314,台揚,18,2,16,兆豐-竹北,2023-03-09,7007
1447,力鵬,16,0,16,兆豐-竹北,2023-03-09,7007
6266,泰詠,18,2,16,兆豐-竹北,2023-03-09,7007
9105,泰金寶-DR,20,4,16,兆豐-竹北,2023-03-09,7007
2497,怡利電,36,21,15,兆豐-竹北,2023-03-09,7007
3037,欣興,72,57,15,兆豐-竹北,2023-03-09,7007
3591,艾笛森,16,2,14,兆豐-竹北,2023-03-09,7007
6282,康舒,21,7,14,兆豐-竹北,2023-03-09,7007
8112,至上,17,4,13,兆豐-竹北,2023-03-09,7007
2618,長榮航,24,11,13,兆豐-竹北,2023-03-09,7007
2038,海光,12,0,12,兆豐-竹北,2023-03-09,7007
2641,正德,20,8,12,兆豐-竹北,2023-03-09,7007
4939,亞電,12,0,12,兆豐-竹北,2023-03-09,7007
5258,虹堡,29,17,12,兆豐-竹北,2023-03-09,7007
2887,台新金,11,0,11,兆豐-竹北,2023-03-09,7007
8222,寶一,54,43,11,兆豐-竹北,2023-03-09,7007
00706L,期元大S＆P日圓正2,10,0,10,兆豐-竹北,2023-03-09,7007
00878,國泰永續高股息,183,21,162,兆豐-竹北,2023-03-10,7007
2888,新光金,143,0,143,兆豐-竹北,2023-03-10,7007
00632R,元大台灣50反1,125,6,119,兆豐-竹北,2023-03-10,7007
2610,華航,139,27,112,兆豐-竹北,2023-03-10,7007
00715L,期街口布蘭特正2,70,0,70,兆豐-竹北,2023-03-10,7007
8091,翔名,57,2,55,兆豐-竹北,2023-03-10,7007
3591,艾笛森,58,6,52,兆豐-竹北,2023-03-10,7007
2312,金寶,50,2,48,兆豐-竹北,2023-03-10,7007
00882,中信中國高股息,47,0,47,兆豐-竹北,2023-03-10,7007
2812,台中銀,39,0,39,兆豐-竹北,2023-03-10,7007
00665L,富邦�琤肭磪囓�2,43,5,38,兆豐-竹北,2023-03-10,7007
2206,三陽工業,36,0,36,兆豐-竹北,2023-03-10,7007
2615,萬海,43,8,35,兆豐-竹北,2023-03-10,7007
2303,聯電,42,7,35,兆豐-竹北,2023-03-10,7007
2891,中信金,35,1,34,兆豐-竹北,2023-03-10,7007
6290,良維,32,0,32,兆豐-竹北,2023-03-10,7007
2369,菱生,30,0,30,兆豐-竹北,2023-03-10,7007
2392,正崴,30,0,30,兆豐-竹北,2023-03-10,7007
2618,長榮航,56,30,26,兆豐-竹北,2023-03-10,7007
00891,中信關鍵半導體,25,0,25,兆豐-竹北,2023-03-10,7007
3666,光耀,26,1,25,兆豐-竹北,2023-03-10,7007
5285,界霖,30,5,25,兆豐-竹北,2023-03-10,7007
2344,華邦電,28,4,24,兆豐-竹北,2023-03-10,7007
8069,元太,24,0,24,兆豐-竹北,2023-03-10,7007
2883,凱基金,24,1,23,兆豐-竹北,2023-03-10,7007
2453,凌群,56,34,22,兆豐-竹北,2023-03-10,7007
1701,中化,20,0,20,兆豐-竹北,2023-03-10,7007
2633,台灣高鐵,20,0,20,兆豐-竹北,2023-03-10,7007
4162,智擎,20,0,20,兆豐-竹北,2023-03-10,7007
4961,天鈺,19,0,19,兆豐-竹北,2023-03-10,7007
00902,中信電池及儲能,19,0,19,兆豐-竹北,2023-03-10,7007
00905,FT臺灣Smart,19,0,19,兆豐-竹北,2023-03-10,7007
1909,榮成,19,0,19,兆豐-竹北,2023-03-10,7007
2884,玉山金,25,6,19,兆豐-竹北,2023-03-10,7007
1605,華新,19,1,18,兆豐-竹北,2023-03-10,7007
2609,陽明,137,120,17,兆豐-竹北,2023-03-10,7007
00713,元大台灣高息低波,17,0,17,兆豐-竹北,2023-03-10,7007
0050,元大台灣50,17,0,17,兆豐-竹北,2023-03-10,7007
3062,建漢,15,0,15,兆豐-竹北,2023-03-10,7007
00712,復華富時不動產,15,0,15,兆豐-竹北,2023-03-10,7007
2601,益航,15,0,15,兆豐-竹北,2023-03-10,7007
6223,旺矽,18,3,15,兆豐-竹北,2023-03-10,7007
00772B,中信高評級公司債,14,0,14,兆豐-竹北,2023-03-10,7007
00631L,元大台灣50正2,14,0,14,兆豐-竹北,2023-03-10,7007
2038,海光,13,0,13,兆豐-竹北,2023-03-10,7007
3594,磐儀,15,2,13,兆豐-竹北,2023-03-10,7007
3093,港建*,31,19,12,兆豐-竹北,2023-03-10,7007
3209,全科,14,2,12,兆豐-竹北,2023-03-10,7007
8227,巨有科技,17,5,12,兆豐-竹北,2023-03-10,7007
2330,台積電,14,3,11,兆豐-竹北,2023-03-10,7007
00878,國泰永續高股息,227,14,213,兆豐-竹北,2023-03-13,7007
2888,新光金,107,3,104,兆豐-竹北,2023-03-13,7007
00715L,期街口布蘭特正2,108,22,86,兆豐-竹北,2023-03-13,7007
1447,力鵬,70,0,70,兆豐-竹北,2023-03-13,7007
00632R,元大台灣50反1,57,0,57,兆豐-竹北,2023-03-13,7007
2891,中信金,42,6,36,兆豐-竹北,2023-03-13,7007
3027,盛達,53,17,36,兆豐-竹北,2023-03-13,7007
2331,精英,30,0,30,兆豐-竹北,2023-03-13,7007
00885,富邦越南,30,1,29,兆豐-竹北,2023-03-13,7007
1504,東元,30,1,29,兆豐-竹北,2023-03-13,7007
1605,華新,40,11,29,兆豐-竹北,2023-03-13,7007
00688L,國泰20年美債正2,25,5,20,兆豐-竹北,2023-03-13,7007
2034,允強,20,0,20,兆豐-竹北,2023-03-13,7007
3047,訊舟,20,0,20,兆豐-竹北,2023-03-13,7007
00882,中信中國高股息,20,0,20,兆豐-竹北,2023-03-13,7007
3093,港建*,27,10,17,兆豐-竹北,2023-03-13,7007
5309,系統電,26,11,15,兆豐-竹北,2023-03-13,7007
00713,元大台灣高息低波,15,0,15,兆豐-竹北,2023-03-13,7007
00712,復華富時不動產,14,0,14,兆豐-竹北,2023-03-13,7007
3594,磐儀,15,1,14,兆豐-竹北,2023-03-13,7007
2313,華通,16,3,13,兆豐-竹北,2023-03-13,7007
3711,日月光投控,90,78,12,兆豐-竹北,2023-03-13,7007
6116,彩晶,12,0,12,兆豐-竹北,2023-03-13,7007
6438,迅得,12,0,12,兆豐-竹北,2023-03-13,7007
2330,台積電,17,5,12,兆豐-竹北,2023-03-13,7007
2812,台中銀,12,1,11,兆豐-竹北,2023-03-13,7007
2609,陽明,81,70,11,兆豐-竹北,2023-03-13,7007
3062,建漢,11,0,11,兆豐-竹北,2023-03-13,7007
2884,玉山金,16,6,10,兆豐-竹北,2023-03-13,7007
00637L,元大滬深300正2,10,0,10,兆豐-竹北,2023-03-13,7007
3005,神基,12,2,10,兆豐-竹北,2023-03-13,7007
3206,志豐,10,0,10,兆豐-竹北,2023-03-13,7007
6573,虹揚-KY,10,0,10,兆豐-竹北,2023-03-13,7007
2881,富邦金,11,2,9,兆豐-竹北,2023-03-13,7007
1714,和桐,10,1,9,兆豐-竹北,2023-03-13,7007
2465,麗臺,9,0,9,兆豐-竹北,2023-03-13,7007
5425,台半,23,14,9,兆豐-竹北,2023-03-13,7007
9958,世紀鋼,9,0,9,兆豐-竹北,2023-03-13,7007
3088,艾訊,8,0,8,兆豐-竹北,2023-03-13,7007
6472,保瑞,8,0,8,兆豐-竹北,2023-03-13,7007
6122,擎邦,11,4,7,兆豐-竹北,2023-03-13,7007
6446,藥華藥,7,0,7,兆豐-竹北,2023-03-13,7007
3260,威剛,7,0,7,兆豐-竹北,2023-03-13,7007
6278,台表科,7,0,7,兆豐-竹北,2023-03-13,7007
6449,鈺邦,7,0,7,兆豐-竹北,2023-03-13,7007
8040,九暘,7,0,7,兆豐-竹北,2023-03-13,7007
8171,天宇,10,3,7,兆豐-竹北,2023-03-13,7007
2882,國泰金,8,1,7,兆豐-竹北,2023-03-13,7007
5706,鳳凰,21,15,6,兆豐-竹北,2023-03-13,7007
8069,元太,13,7,6,兆豐-竹北,2023-03-13,7007
00878,國泰永續高股息,289,1,288,兆豐-竹北,2023-03-14,7007
2888,新光金,122,0,122,兆豐-竹北,2023-03-14,7007
00715L,期街口布蘭特正2,109,0,109,兆豐-竹北,2023-03-14,7007
00642U,期元大S＆P石油,73,0,73,兆豐-竹北,2023-03-14,7007
3047,訊舟,58,0,58,兆豐-竹北,2023-03-14,7007
2891,中信金,50,0,50,兆豐-竹北,2023-03-14,7007
2312,金寶,50,1,49,兆豐-竹北,2023-03-14,7007
2610,華航,50,2,48,兆豐-竹北,2023-03-14,7007
2618,長榮航,49,3,46,兆豐-竹北,2023-03-14,7007
2834,臺企銀,42,0,42,兆豐-竹北,2023-03-14,7007
00665L,富邦�琤肭磪囓�2,55,15,40,兆豐-竹北,2023-03-14,7007
6109,亞元,40,0,40,兆豐-竹北,2023-03-14,7007
00637L,元大滬深300正2,34,0,34,兆豐-竹北,2023-03-14,7007
00896,中信綠能及電動車,28,0,28,兆豐-竹北,2023-03-14,7007
2883,凱基金,23,0,23,兆豐-竹北,2023-03-14,7007
2812,台中銀,23,0,23,兆豐-竹北,2023-03-14,7007
3481,群創,43,22,21,兆豐-竹北,2023-03-14,7007
00772B,中信高評級公司債,21,0,21,兆豐-竹北,2023-03-14,7007
2303,聯電,20,1,19,兆豐-竹北,2023-03-14,7007
2732,六角,20,1,19,兆豐-竹北,2023-03-14,7007
6290,良維,21,2,19,兆豐-竹北,2023-03-14,7007
8097,常珵,20,1,19,兆豐-竹北,2023-03-14,7007
1314,中石化,19,0,19,兆豐-竹北,2023-03-14,7007
00882,中信中國高股息,29,10,19,兆豐-竹北,2023-03-14,7007
1712,興農,23,5,18,兆豐-竹北,2023-03-14,7007
2892,第一金,17,0,17,兆豐-竹北,2023-03-14,7007
0050,元大台灣50,19,2,17,兆豐-竹北,2023-03-14,7007
2886,兆豐金,17,0,17,兆豐-竹北,2023-03-14,7007
00687B,國泰20年美債,16,0,16,兆豐-竹北,2023-03-14,7007
2882,國泰金,15,0,15,兆豐-竹北,2023-03-14,7007
1714,和桐,15,0,15,兆豐-竹北,2023-03-14,7007
5309,系統電,14,0,14,兆豐-竹北,2023-03-14,7007
2880,華南金,15,1,14,兆豐-竹北,2023-03-14,7007
2885,元大金,12,0,12,兆豐-竹北,2023-03-14,7007
00712,復華富時不動產,12,0,12,兆豐-竹北,2023-03-14,7007
2002,中鋼,12,0,12,兆豐-竹北,2023-03-14,7007
2890,永豐金,12,0,12,兆豐-竹北,2023-03-14,7007
00679B,元大美債20年,17,6,11,兆豐-竹北,2023-03-14,7007
2317,鴻海,12,1,11,兆豐-竹北,2023-03-14,7007
3016,嘉晶,13,2,11,兆豐-竹北,2023-03-14,7007
2027,大成鋼,18,7,11,兆豐-竹北,2023-03-14,7007
6770,力積電,11,0,11,兆豐-竹北,2023-03-14,7007
2409,友達,10,0,10,兆豐-竹北,2023-03-14,7007
2609,陽明,62,52,10,兆豐-竹北,2023-03-14,7007
00696B,富邦美債20年,10,0,10,兆豐-竹北,2023-03-14,7007
2489,瑞軒,10,0,10,兆豐-竹北,2023-03-14,7007
2731,雄獅,11,1,10,兆豐-竹北,2023-03-14,7007
3324,雙鴻,10,0,10,兆豐-竹北,2023-03-14,7007
8215,明基材,10,0,10,兆豐-竹北,2023-03-14,7007
8289,泰藝,12,2,10,兆豐-竹北,2023-03-14,7007
00632R,元大台灣50反1,360,10,350,兆豐-竹北,2023-03-15,7007
00720B,元大投資級公司債,127,0,127,兆豐-竹北,2023-03-15,7007
00878,國泰永續高股息,128,22,106,兆豐-竹北,2023-03-15,7007
2884,玉山金,102,1,101,兆豐-竹北,2023-03-15,7007
3047,訊舟,98,0,98,兆豐-竹北,2023-03-15,7007
00715L,期街口布蘭特正2,183,88,95,兆豐-竹北,2023-03-15,7007
2888,新光金,82,0,82,兆豐-竹北,2023-03-15,7007
2886,兆豐金,61,8,53,兆豐-竹北,2023-03-15,7007
2603,長榮,88,38,50,兆豐-竹北,2023-03-15,7007
3711,日月光投控,89,49,40,兆豐-竹北,2023-03-15,7007
2891,中信金,36,2,34,兆豐-竹北,2023-03-15,7007
2834,臺企銀,32,0,32,兆豐-竹北,2023-03-15,7007
00648R,元大S＆P500反1,31,0,31,兆豐-竹北,2023-03-15,7007
00642U,期元大S＆P石油,28,1,27,兆豐-竹北,2023-03-15,7007
2915,潤泰全,27,1,26,兆豐-竹北,2023-03-15,7007
2614,東森,26,1,25,兆豐-竹北,2023-03-15,7007
9958,世紀鋼,24,0,24,兆豐-竹北,2023-03-15,7007
6548,長科*,26,3,23,兆豐-竹北,2023-03-15,7007
8097,常珵,23,1,22,兆豐-竹北,2023-03-15,7007
3563,牧德,21,0,21,兆豐-竹北,2023-03-15,7007
00671R,富邦NASDAQ反1,20,0,20,兆豐-竹北,2023-03-15,7007
3702A,大聯大甲特,20,0,20,兆豐-竹北,2023-03-15,7007
2420,新巨,20,0,20,兆豐-竹北,2023-03-15,7007
2615,萬海,40,21,19,兆豐-竹北,2023-03-15,7007
6449,鈺邦,19,0,19,兆豐-竹北,2023-03-15,7007
1513,中興電,25,8,17,兆豐-竹北,2023-03-15,7007
1503,士電,19,3,16,兆豐-竹北,2023-03-15,7007
3491,昇達科,21,8,13,兆豐-竹北,2023-03-15,7007
00882,中信中國高股息,12,0,12,兆豐-竹北,2023-03-15,7007
00712,復華富時不動產,12,0,12,兆豐-竹北,2023-03-15,7007
6182,合晶,18,6,12,兆豐-竹北,2023-03-15,7007
6288,聯嘉,12,0,12,兆豐-竹北,2023-03-15,7007
2892,第一金,12,1,11,兆豐-竹北,2023-03-15,7007
2812,台中銀,12,1,11,兆豐-竹北,2023-03-15,7007
911868,同方友友-DR,11,0,11,兆豐-竹北,2023-03-15,7007
1314,中石化,10,0,10,兆豐-竹北,2023-03-15,7007
1717,長興,10,0,10,兆豐-竹北,2023-03-15,7007
2034,允強,20,10,10,兆豐-竹北,2023-03-15,7007
3260,威剛,10,0,10,兆豐-竹北,2023-03-15,7007
3490,單井,10,0,10,兆豐-竹北,2023-03-15,7007
6161,捷波,10,0,10,兆豐-竹北,2023-03-15,7007
6213,聯茂,10,0,10,兆豐-竹北,2023-03-15,7007
8401,白紗科,10,0,10,兆豐-竹北,2023-03-15,7007
9945,潤泰新,9,0,9,兆豐-竹北,2023-03-15,7007
5880,合庫金,10,0,10,兆豐-竹北,2023-03-15,7007
2454,聯發科,11,2,9,兆豐-竹北,2023-03-15,7007
2880,華南金,9,0,9,兆豐-竹北,2023-03-15,7007
00679B,元大美債20年,8,0,8,兆豐-竹北,2023-03-15,7007
6122,擎邦,46,38,8,兆豐-竹北,2023-03-15,7007
6456,GIS-KY,8,0,8,兆豐-竹北,2023-03-15,7007
2834,臺企銀,348,106,242,兆豐-竹北,2023-03-16,7007
00878,國泰永續高股息,169,53,116,兆豐-竹北,2023-03-16,7007
2637,慧洋-KY,101,1,100,兆豐-竹北,2023-03-16,7007
2891,中信金,88,3,85,兆豐-竹北,2023-03-16,7007
6239,力成,71,0,71,兆豐-竹北,2023-03-16,7007
2887,台新金,62,6,56,兆豐-竹北,2023-03-16,7007
00642U,期元大S＆P石油,96,41,55,兆豐-竹北,2023-03-16,7007
2884,玉山金,61,7,54,兆豐-竹北,2023-03-16,7007
2002,中鋼,52,0,52,兆豐-竹北,2023-03-16,7007
2204,中華,52,0,52,兆豐-竹北,2023-03-16,7007
3090,日電貿,50,0,50,兆豐-竹北,2023-03-16,7007
00715L,期街口布蘭特正2,96,50,46,兆豐-竹北,2023-03-16,7007
5608,四維航,45,4,41,兆豐-竹北,2023-03-16,7007
2465,麗臺,35,0,35,兆豐-竹北,2023-03-16,7007
5009,榮剛,40,5,35,兆豐-竹北,2023-03-16,7007
1432,大魯閣,33,1,32,兆豐-竹北,2023-03-16,7007
2038,海光,30,0,30,兆豐-竹北,2023-03-16,7007
6116,彩晶,30,0,30,兆豐-竹北,2023-03-16,7007
0056,元大高股息,28,1,27,兆豐-竹北,2023-03-16,7007
9958,世紀鋼,27,0,27,兆豐-竹北,2023-03-16,7007
3027,盛達,56,33,23,兆豐-竹北,2023-03-16,7007
3576,聯合再生,21,0,21,兆豐-竹北,2023-03-16,7007
2618,長榮航,34,13,21,兆豐-竹北,2023-03-16,7007
3029,零壹,22,2,20,兆豐-竹北,2023-03-16,7007
6290,良維,18,0,18,兆豐-竹北,2023-03-16,7007
1504,東元,20,2,18,兆豐-竹北,2023-03-16,7007
2538,基泰,18,0,18,兆豐-竹北,2023-03-16,7007
2886,兆豐金,24,7,17,兆豐-竹北,2023-03-16,7007
1514,亞力,20,3,17,兆豐-竹北,2023-03-16,7007
2425,承啟,16,0,16,兆豐-竹北,2023-03-16,7007
1714,和桐,15,0,15,兆豐-竹北,2023-03-16,7007
2402,毅嘉,15,0,15,兆豐-竹北,2023-03-16,7007
2444,兆勁,15,0,15,兆豐-竹北,2023-03-16,7007
6161,捷波,15,0,15,兆豐-竹北,2023-03-16,7007
6163,華電網,15,0,15,兆豐-竹北,2023-03-16,7007
2880,華南金,15,0,15,兆豐-竹北,2023-03-16,7007
2882,國泰金,18,3,15,兆豐-竹北,2023-03-16,7007
1104,環泥,15,1,14,兆豐-竹北,2023-03-16,7007
2812,台中銀,14,0,14,兆豐-竹北,2023-03-16,7007
00648R,元大S＆P500反1,13,0,13,兆豐-竹北,2023-03-16,7007
6282,康舒,13,0,13,兆豐-竹北,2023-03-16,7007
0050,元大台灣50,13,0,13,兆豐-竹北,2023-03-16,7007
8069,元太,19,6,13,兆豐-竹北,2023-03-16,7007
2610,華航,14,2,12,兆豐-竹北,2023-03-16,7007
4934,太極,13,1,12,兆豐-竹北,2023-03-16,7007
2867,三商壽,12,0,12,兆豐-竹北,2023-03-16,7007
00688L,國泰20年美債正2,10,0,10,兆豐-竹北,2023-03-16,7007
00687B,國泰20年美債,10,0,10,兆豐-竹北,2023-03-16,7007
1409,新纖,10,0,10,兆豐-竹北,2023-03-16,7007
1447,力鵬,10,0,10,兆豐-竹北,2023-03-16,7007
00753L,中信中國50正2,100,0,100,兆豐-竹北,2023-03-17,7007
2891,中信金,115,20,95,兆豐-竹北,2023-03-17,7007
00632R,元大台灣50反1,116,25,91,兆豐-竹北,2023-03-17,7007
00715L,期街口布蘭特正2,89,0,89,兆豐-竹北,2023-03-17,7007
3576,聯合再生,88,7,81,兆豐-竹北,2023-03-17,7007
5009,榮剛,76,7,69,兆豐-竹北,2023-03-17,7007
2204,中華,50,0,50,兆豐-竹北,2023-03-17,7007
3090,日電貿,50,1,49,兆豐-竹北,2023-03-17,7007
1504,東元,37,0,37,兆豐-竹北,2023-03-17,7007
2883,凱基金,40,5,35,兆豐-竹北,2023-03-17,7007
2880,華南金,26,0,26,兆豐-竹北,2023-03-17,7007
9904,寶成,28,4,24,兆豐-竹北,2023-03-17,7007
00713,元大台灣高息低波,24,0,24,兆豐-竹北,2023-03-17,7007
00878,國泰永續高股息,30,7,23,兆豐-竹北,2023-03-17,7007
8091,翔名,23,1,22,兆豐-竹北,2023-03-17,7007
00648R,元大S＆P500反1,19,0,19,兆豐-竹北,2023-03-17,7007
3532,台勝科,20,1,19,兆豐-竹北,2023-03-17,7007
6285,啟��,18,1,17,兆豐-竹北,2023-03-17,7007
2887,台新金,17,2,15,兆豐-竹北,2023-03-17,7007
00902,中信電池及儲能,17,2,15,兆豐-竹北,2023-03-17,7007
4306,炎洲,15,0,15,兆豐-竹北,2023-03-17,7007
1785,光洋科,15,1,14,兆豐-竹北,2023-03-17,7007
00642U,期元大S＆P石油,15,2,13,兆豐-竹北,2023-03-17,7007
9945,潤泰新,15,2,13,兆豐-竹北,2023-03-17,7007
2618,長榮航,12,0,12,兆豐-竹北,2023-03-17,7007
2834,臺企銀,33,21,12,兆豐-竹北,2023-03-17,7007
5315,光聯,12,0,12,兆豐-竹北,2023-03-17,7007
3712,永崴投控,11,0,11,兆豐-竹北,2023-03-17,7007
4102,永日,11,0,11,兆豐-竹北,2023-03-17,7007
2313,華通,10,0,10,兆豐-竹北,2023-03-17,7007
00683L,期元大美元指正2,10,0,10,兆豐-竹北,2023-03-17,7007
1533,車王電,10,0,10,兆豐-竹北,2023-03-17,7007
1714,和桐,10,0,10,兆豐-竹北,2023-03-17,7007
2610,華航,12,2,10,兆豐-竹北,2023-03-17,7007
6288,聯嘉,12,2,10,兆豐-竹北,2023-03-17,7007
6576,逸達,12,2,10,兆豐-竹北,2023-03-17,7007
1445,大宇,9,0,9,兆豐-竹北,2023-03-17,7007
1227,佳格,8,0,8,兆豐-竹北,2023-03-17,7007
2022,聚亨,8,0,8,兆豐-竹北,2023-03-17,7007
6271,同欣電,7,0,7,兆豐-竹北,2023-03-17,7007
00712,復華富時不動產,7,0,7,兆豐-竹北,2023-03-17,7007
00885,富邦越南,7,0,7,兆豐-竹北,2023-03-17,7007
2888,新光金,7,0,7,兆豐-竹北,2023-03-17,7007
3545,敦泰,8,1,7,兆豐-竹北,2023-03-17,7007
6122,擎邦,14,7,7,兆豐-竹北,2023-03-17,7007
8171,天宇,7,0,7,兆豐-竹北,2023-03-17,7007
6245,立端,11,5,6,兆豐-竹北,2023-03-17,7007
2388,威盛,10,4,6,兆豐-竹北,2023-03-17,7007
00720B,元大投資級公司債,7,1,6,兆豐-竹北,2023-03-17,7007
3017,奇鋐,23,17,6,兆豐-竹北,2023-03-17,7007
00715L,期街口布蘭特正2,289,76,213,兆豐-竹北,2023-03-20,7007
2888,新光金,142,2,140,兆豐-竹北,2023-03-20,7007
00878,國泰永續高股息,104,2,102,兆豐-竹北,2023-03-20,7007
00642U,期元大S＆P石油,65,2,63,兆豐-竹北,2023-03-20,7007
2618,長榮航,59,2,57,兆豐-竹北,2023-03-20,7007
6443,元晶,69,23,46,兆豐-竹北,2023-03-20,7007
00885,富邦越南,45,0,45,兆豐-竹北,2023-03-20,7007
2610,華航,42,2,40,兆豐-竹北,2023-03-20,7007
00632R,元大台灣50反1,40,0,40,兆豐-竹北,2023-03-20,7007
3576,聯合再生,72,41,31,兆豐-竹北,2023-03-20,7007
2882,國泰金,25,0,25,兆豐-竹北,2023-03-20,7007
6719,力智,23,2,21,兆豐-竹北,2023-03-20,7007
1605,華新,21,0,21,兆豐-竹北,2023-03-20,7007
5009,榮剛,23,3,20,兆豐-竹北,2023-03-20,7007
5864,致和證,20,0,20,兆豐-竹北,2023-03-20,7007
9907,統一實,20,0,20,兆豐-竹北,2023-03-20,7007
2891,中信金,32,12,20,兆豐-竹北,2023-03-20,7007
2330,台積電,21,2,19,兆豐-竹北,2023-03-20,7007
2402,毅嘉,20,1,19,兆豐-竹北,2023-03-20,7007
2887,台新金,20,2,18,兆豐-竹北,2023-03-20,7007
00902,中信電池及儲能,18,0,18,兆豐-竹北,2023-03-20,7007
3207,耀勝,14,0,14,兆豐-竹北,2023-03-20,7007
1514,亞力,22,9,13,兆豐-竹北,2023-03-20,7007
2031,新光鋼,27,15,12,兆豐-竹北,2023-03-20,7007
8091,翔名,12,0,12,兆豐-竹北,2023-03-20,7007
00752,中信中國50,10,0,10,兆豐-竹北,2023-03-20,7007
00688L,國泰20年美債正2,10,0,10,兆豐-竹北,2023-03-20,7007
2425,承啟,10,0,10,兆豐-竹北,2023-03-20,7007
6245,立端,15,5,10,兆豐-竹北,2023-03-20,7007
8050,廣積,10,0,10,兆豐-竹北,2023-03-20,7007
8289,泰藝,10,0,10,兆豐-竹北,2023-03-20,7007
8358,金居,10,0,10,兆豐-竹北,2023-03-20,7007
2359,所羅門,11,2,9,兆豐-竹北,2023-03-20,7007
4147,中裕,10,1,9,兆豐-竹北,2023-03-20,7007
8033,雷虎,11,2,9,兆豐-竹北,2023-03-20,7007
3024,憶聲,8,0,8,兆豐-竹北,2023-03-20,7007
00648R,元大S＆P500反1,7,0,7,兆豐-竹北,2023-03-20,7007
2363,矽統,7,0,7,兆豐-竹北,2023-03-20,7007
3711,日月光投控,46,39,7,兆豐-竹北,2023-03-20,7007
6506,雙邦,7,0,7,兆豐-竹北,2023-03-20,7007
8097,常珵,8,1,7,兆豐-竹北,2023-03-20,7007
2388,威盛,11,5,6,兆豐-竹北,2023-03-20,7007
2881,富邦金,6,0,6,兆豐-竹北,2023-03-20,7007
00669R,國泰美國道瓊反1,6,0,6,兆豐-竹北,2023-03-20,7007
1529,樂事綠能,7,1,6,兆豐-竹北,2023-03-20,7007
3162,精確,8,2,6,兆豐-竹北,2023-03-20,7007
00919,群益台灣精選高息,5,0,5,兆豐-竹北,2023-03-20,7007
00899,FT潔淨能源,5,0,5,兆豐-竹北,2023-03-20,7007
00903,富邦元宇宙,5,0,5,兆豐-竹北,2023-03-20,7007
00653L,富邦印度正2,5,0,5,兆豐-竹北,2023-03-20,7007
3481,群創,317,35,282,兆豐-竹北,2023-03-21,7007
00676R,富邦臺灣加權反1,92,0,92,兆豐-竹北,2023-03-21,7007
2834,臺企銀,102,32,70,兆豐-竹北,2023-03-21,7007
00637L,元大滬深300正2,220,151,69,兆豐-竹北,2023-03-21,7007
1314,中石化,62,0,62,兆豐-竹北,2023-03-21,7007
2206,三陽工業,62,0,62,兆豐-竹北,2023-03-21,7007
2891,中信金,82,20,62,兆豐-竹北,2023-03-21,7007
3264,欣銓,51,4,47,兆豐-竹北,2023-03-21,7007
1409,新纖,45,0,45,兆豐-竹北,2023-03-21,7007
00715L,期街口布蘭特正2,47,3,44,兆豐-竹北,2023-03-21,7007
1319,東陽,44,1,43,兆豐-竹北,2023-03-21,7007
00671R,富邦NASDAQ反1,40,0,40,兆豐-竹北,2023-03-21,7007
3711,日月光投控,39,0,39,兆豐-竹北,2023-03-21,7007
3027,盛達,51,13,38,兆豐-竹北,2023-03-21,7007
00885,富邦越南,36,0,36,兆豐-竹北,2023-03-21,7007
00772B,中信高評級公司債,30,0,30,兆豐-竹北,2023-03-21,7007
2427,三商電,30,0,30,兆豐-竹北,2023-03-21,7007
2618,長榮航,25,0,25,兆豐-竹北,2023-03-21,7007
00878,國泰永續高股息,24,0,24,兆豐-竹北,2023-03-21,7007
2406,國碩,24,2,22,兆豐-竹北,2023-03-21,7007
2388,威盛,24,5,19,兆豐-竹北,2023-03-21,7007
4967,十銓,30,12,18,兆豐-竹北,2023-03-21,7007
2303,聯電,21,4,17,兆豐-竹北,2023-03-21,7007
6188,廣明,17,0,17,兆豐-竹北,2023-03-21,7007
6443,元晶,26,9,17,兆豐-竹北,2023-03-21,7007
2645,長榮航太,15,0,15,兆豐-竹北,2023-03-21,7007
2890,永豐金,15,0,15,兆豐-竹北,2023-03-21,7007
2888,新光金,13,0,13,兆豐-竹北,2023-03-21,7007
00713,元大台灣高息低波,13,0,13,兆豐-竹北,2023-03-21,7007
2338,光罩,16,3,13,兆豐-竹北,2023-03-21,7007
2453,凌群,73,60,13,兆豐-竹北,2023-03-21,7007
2376,技嘉,12,0,12,兆豐-竹北,2023-03-21,7007
2425,承啟,12,0,12,兆豐-竹北,2023-03-21,7007
2887,台新金,12,0,12,兆豐-竹北,2023-03-21,7007
3545,敦泰,13,1,12,兆豐-竹北,2023-03-21,7007
2009,第一銅,11,0,11,兆豐-竹北,2023-03-21,7007
2603,長榮,23,13,10,兆豐-竹北,2023-03-21,7007
00752,中信中國50,10,0,10,兆豐-竹北,2023-03-21,7007
2601,益航,10,0,10,兆豐-竹北,2023-03-21,7007
3712,永崴投控,10,0,10,兆豐-竹北,2023-03-21,7007
6573,虹揚-KY,10,0,10,兆豐-竹北,2023-03-21,7007
8091,翔名,10,0,10,兆豐-竹北,2023-03-21,7007
6122,擎邦,20,10,10,兆豐-竹北,2023-03-21,7007
2449,京元電子,10,1,9,兆豐-竹北,2023-03-21,7007
2880,華南金,9,0,9,兆豐-竹北,2023-03-21,7007
6182,合晶,9,0,9,兆豐-竹北,2023-03-21,7007
8097,常珵,10,1,9,兆豐-竹北,2023-03-21,7007
6531,愛普*,14,5,9,兆豐-竹北,2023-03-21,7007
1535,中宇,10,2,8,兆豐-竹北,2023-03-21,7007
2483,百容,8,0,8,兆豐-竹北,2023-03-21,7007
00676R,富邦臺灣加權反1,502,0,502,兆豐-竹北,2023-03-22,7007
00632R,元大台灣50反1,130,15,115,兆豐-竹北,2023-03-22,7007
2834,臺企銀,56,2,54,兆豐-竹北,2023-03-22,7007
4916,事欣科,51,0,51,兆豐-竹北,2023-03-22,7007
3706,神達,50,0,50,兆豐-竹北,2023-03-22,7007
00671R,富邦NASDAQ反1,45,0,45,兆豐-竹北,2023-03-22,7007
00712,復華富時不動產,35,0,35,兆豐-竹北,2023-03-22,7007
1314,中石化,35,0,35,兆豐-竹北,2023-03-22,7007
1409,新纖,35,0,35,兆豐-竹北,2023-03-22,7007
3231,緯創,41,7,34,兆豐-竹北,2023-03-22,7007
4306,炎洲,31,0,31,兆豐-竹北,2023-03-22,7007
6770,力積電,32,2,30,兆豐-竹北,2023-03-22,7007
1524,耿鼎,28,2,26,兆豐-竹北,2023-03-22,7007
1504,東元,34,10,24,兆豐-竹北,2023-03-22,7007
2409,友達,24,0,24,兆豐-竹北,2023-03-22,7007
3264,欣銓,24,0,24,兆豐-竹北,2023-03-22,7007
3094,聯傑,24,1,23,兆豐-竹北,2023-03-22,7007
4906,正文,32,10,22,兆豐-竹北,2023-03-22,7007
00680L,元大美債20正2,20,0,20,兆豐-竹北,2023-03-22,7007
2890,永豐金,20,0,20,兆豐-竹北,2023-03-22,7007
6142,友勁,20,0,20,兆豐-竹北,2023-03-22,7007
8064,東捷,20,0,20,兆豐-竹北,2023-03-22,7007
5309,系統電,32,13,19,兆豐-竹北,2023-03-22,7007
6288,聯嘉,30,11,19,兆豐-竹北,2023-03-22,7007
2363,矽統,19,1,18,兆豐-竹北,2023-03-22,7007
3481,群創,19,1,18,兆豐-竹北,2023-03-22,7007
6462,神盾,20,3,17,兆豐-竹北,2023-03-22,7007
1708,東鹼,16,0,16,兆豐-竹北,2023-03-22,7007
3207,耀勝,16,0,16,兆豐-竹北,2023-03-22,7007
6129,普誠,16,1,15,兆豐-竹北,2023-03-22,7007
3624,光頡,16,2,14,兆豐-竹北,2023-03-22,7007
1605,華新,15,1,14,兆豐-竹北,2023-03-22,7007
2201,裕隆,13,0,13,兆豐-竹北,2023-03-22,7007
2404,漢唐,12,0,12,兆豐-竹北,2023-03-22,7007
00885,富邦越南,12,0,12,兆豐-竹北,2023-03-22,7007
5475,德宏,15,3,12,兆豐-竹北,2023-03-22,7007
2302,麗正,29,18,11,兆豐-竹北,2023-03-22,7007
6443,元晶,13,2,11,兆豐-竹北,2023-03-22,7007
8163,達方,11,0,11,兆豐-竹北,2023-03-22,7007
1514,亞力,11,1,10,兆豐-竹北,2023-03-22,7007
2425,承啟,11,1,10,兆豐-竹北,2023-03-22,7007
3051,力特,10,0,10,兆豐-竹北,2023-03-22,7007
3228,金麗科,14,4,10,兆豐-竹北,2023-03-22,7007
2376,技嘉,11,1,10,兆豐-竹北,2023-03-22,7007
00679B,元大美債20年,10,1,9,兆豐-竹北,2023-03-22,7007
6290,良維,41,32,9,兆豐-竹北,2023-03-22,7007
8289,泰藝,9,0,9,兆豐-竹北,2023-03-22,7007
6109,亞元,8,0,8,兆豐-竹北,2023-03-22,7007
8215,明基材,8,0,8,兆豐-竹北,2023-03-22,7007
1342,八貫,27,20,7,兆豐-竹北,2023-03-22,7007
00676R,富邦臺灣加權反1,671,0,671,兆豐-竹北,2023-03-23,7007
00679B,元大美債20年,118,2,116,兆豐-竹北,2023-03-23,7007
3711,日月光投控,94,0,94,兆豐-竹北,2023-03-23,7007
3479,安勤,123,57,66,兆豐-竹北,2023-03-23,7007
3090,日電貿,51,0,51,兆豐-竹北,2023-03-23,7007
2618,長榮航,35,1,34,兆豐-竹北,2023-03-23,7007
1444,力麗,30,0,30,兆豐-竹北,2023-03-23,7007
3322,建舜電,56,29,27,兆豐-竹北,2023-03-23,7007
0056,元大高股息,31,5,26,兆豐-竹北,2023-03-23,7007
3027,盛達,28,3,25,兆豐-竹北,2023-03-23,7007
3481,群創,47,22,25,兆豐-竹北,2023-03-23,7007
5284,jpp-KY,26,1,25,兆豐-竹北,2023-03-23,7007
6205,詮欣,22,0,22,兆豐-竹北,2023-03-23,7007
4102,永日,39,17,22,兆豐-竹北,2023-03-23,7007
1708,東鹼,20,0,20,兆豐-竹北,2023-03-23,7007
3231,緯創,30,11,19,兆豐-竹北,2023-03-23,7007
8091,翔名,19,0,19,兆豐-竹北,2023-03-23,7007
5258,虹堡,17,0,17,兆豐-竹北,2023-03-23,7007
2609,陽明,24,7,17,兆豐-竹北,2023-03-23,7007
4763,材料-KY,21,7,14,兆豐-竹北,2023-03-23,7007
4961,天鈺,16,2,14,兆豐-竹北,2023-03-23,7007
6266,泰詠,18,4,14,兆豐-竹北,2023-03-23,7007
5483,中美晶,13,0,13,兆豐-竹北,2023-03-23,7007
6245,立端,19,6,13,兆豐-竹北,2023-03-23,7007
00713,元大台灣高息低波,12,0,12,兆豐-竹北,2023-03-23,7007
2352,佳世達,12,0,12,兆豐-竹北,2023-03-23,7007
3552,同致,13,1,12,兆豐-竹北,2023-03-23,7007
1316,上曜,12,1,11,兆豐-竹北,2023-03-23,7007
00885,富邦越南,11,0,11,兆豐-竹北,2023-03-23,7007
00878,國泰永續高股息,23,13,10,兆豐-竹北,2023-03-23,7007
00753L,中信中國50正2,10,0,10,兆豐-竹北,2023-03-23,7007
1409,新纖,10,0,10,兆豐-竹北,2023-03-23,7007
1727,中華化,10,0,10,兆豐-竹北,2023-03-23,7007
2402,毅嘉,72,62,10,兆豐-竹北,2023-03-23,7007
2427,三商電,10,0,10,兆豐-竹北,2023-03-23,7007
3374,精材,11,1,10,兆豐-竹北,2023-03-23,7007
4979,華星光,13,3,10,兆豐-竹北,2023-03-23,7007
5425,台半,13,3,10,兆豐-竹北,2023-03-23,7007
8358,金居,10,0,10,兆豐-竹北,2023-03-23,7007
9958,世紀鋼,13,3,10,兆豐-竹北,2023-03-23,7007
2441,超豐,9,0,9,兆豐-竹北,2023-03-23,7007
2482,連宇,12,3,9,兆豐-竹北,2023-03-23,7007
3162,精確,10,1,9,兆豐-竹北,2023-03-23,7007
3217,優群,32,23,9,兆豐-竹北,2023-03-23,7007
4956,光鋐,9,0,9,兆豐-竹北,2023-03-23,7007
5309,系統電,10,1,9,兆豐-竹北,2023-03-23,7007
3017,奇鋐,12,4,8,兆豐-竹北,2023-03-23,7007
6414,樺漢,8,0,8,兆豐-竹北,2023-03-23,7007
3058,立德,7,0,7,兆豐-竹北,2023-03-23,7007
3037,欣興,30,24,6,兆豐-竹北,2023-03-23,7007
00676R,富邦臺灣加權反1,269,0,269,兆豐-竹北,2023-03-24,7007
4102,永日,129,0,129,兆豐-竹北,2023-03-24,7007
2337,旺宏,105,0,105,兆豐-竹北,2023-03-24,7007
2206,三陽工業,101,0,101,兆豐-竹北,2023-03-24,7007
00637L,元大滬深300正2,100,1,99,兆豐-竹北,2023-03-24,7007
3056,富華新,44,3,41,兆豐-竹北,2023-03-24,7007
2349,錸德,38,0,38,兆豐-竹北,2023-03-24,7007
5353,台林,55,21,34,兆豐-竹北,2023-03-24,7007
1605,華新,56,23,33,兆豐-竹北,2023-03-24,7007
00671R,富邦NASDAQ反1,42,10,32,兆豐-竹北,2023-03-24,7007
2367,燿華,32,0,32,兆豐-竹北,2023-03-24,7007
2834,臺企銀,31,0,31,兆豐-竹北,2023-03-24,7007
00888,永豐台灣ESG,30,0,30,兆豐-竹北,2023-03-24,7007
3047,訊舟,30,0,30,兆豐-竹北,2023-03-24,7007
00673R,期元大S＆P原油反1,27,0,27,兆豐-竹北,2023-03-24,7007
8201,無敵,21,0,21,兆豐-竹北,2023-03-24,7007
00715L,期街口布蘭特正2,43,23,20,兆豐-竹北,2023-03-24,7007
2845,遠東銀,20,0,20,兆豐-竹北,2023-03-24,7007
2883B,凱基金乙特,20,0,20,兆豐-竹北,2023-03-24,7007
4174,浩鼎,20,0,20,兆豐-竹北,2023-03-24,7007
6213,聯茂,20,0,20,兆豐-竹北,2023-03-24,7007
00712,復華富時不動產,21,2,19,兆豐-竹北,2023-03-24,7007
2883,凱基金,20,1,19,兆豐-竹北,2023-03-24,7007
3027,盛達,20,2,18,兆豐-竹北,2023-03-24,7007
2023,燁輝,17,0,17,兆豐-竹北,2023-03-24,7007
6770,力積電,18,1,17,兆豐-竹北,2023-03-24,7007
4979,華星光,20,4,16,兆豐-竹北,2023-03-24,7007
5309,系統電,16,0,16,兆豐-竹北,2023-03-24,7007
5475,德宏,17,1,16,兆豐-竹北,2023-03-24,7007
00669R,國泰美國道瓊反1,15,0,15,兆豐-竹北,2023-03-24,7007
00760B,復華新興企業債,15,0,15,兆豐-竹北,2023-03-24,7007
6727,亞泰金屬,15,0,15,兆豐-竹北,2023-03-24,7007
5258,虹堡,15,1,14,兆豐-竹北,2023-03-24,7007
6188,廣明,13,0,13,兆豐-竹北,2023-03-24,7007
3162,精確,12,0,12,兆豐-竹北,2023-03-24,7007
8064,東捷,12,0,12,兆豐-竹北,2023-03-24,7007
00896,中信綠能及電動車,11,0,11,兆豐-竹北,2023-03-24,7007
3213,茂訊,11,0,11,兆豐-竹北,2023-03-24,7007
8289,泰藝,11,0,11,兆豐-竹北,2023-03-24,7007
8046,南電,29,18,11,兆豐-竹北,2023-03-24,7007
2404,漢唐,10,0,10,兆豐-竹北,2023-03-24,7007
00900,富邦特選高股息30,10,0,10,兆豐-竹北,2023-03-24,7007
00683L,期元大美元指正2,10,0,10,兆豐-竹北,2023-03-24,7007
00648R,元大S＆P500反1,10,0,10,兆豐-竹北,2023-03-24,7007
00885,富邦越南,10,0,10,兆豐-竹北,2023-03-24,7007
1504,東元,25,15,10,兆豐-竹北,2023-03-24,7007
3169,亞信,10,0,10,兆豐-竹北,2023-03-24,7007
4155,訊映,10,0,10,兆豐-竹北,2023-03-24,7007
5222,全訊,59,49,10,兆豐-竹北,2023-03-24,7007
6191,精成科,10,0,10,兆豐-竹北,2023-03-24,7007
2323,中環,120,0,120,兆豐-竹北,2023-03-27,7007
00676R,富邦臺灣加權反1,90,0,90,兆豐-竹北,2023-03-27,7007
3711,日月光投控,90,1,89,兆豐-竹北,2023-03-27,7007
4903,聯光通,50,0,50,兆豐-竹北,2023-03-27,7007
5009,榮剛,74,36,38,兆豐-竹北,2023-03-27,7007
3231,緯創,47,13,34,兆豐-竹北,2023-03-27,7007
6443,元晶,39,8,31,兆豐-竹北,2023-03-27,7007
00753L,中信中國50正2,27,0,27,兆豐-竹北,2023-03-27,7007
00882,中信中國高股息,27,0,27,兆豐-竹北,2023-03-27,7007
2886,兆豐金,31,6,25,兆豐-竹北,2023-03-27,7007
3056,富華新,26,2,24,兆豐-竹北,2023-03-27,7007
3715,定穎投控,38,17,21,兆豐-竹北,2023-03-27,7007
3035,智原,25,4,21,兆豐-竹北,2023-03-27,7007
2605,新興,20,0,20,兆豐-竹北,2023-03-27,7007
6414,樺漢,21,1,20,兆豐-竹北,2023-03-27,7007
3047,訊舟,20,1,19,兆豐-竹北,2023-03-27,7007
9958,世紀鋼,17,0,17,兆豐-竹北,2023-03-27,7007
1524,耿鼎,16,0,16,兆豐-竹北,2023-03-27,7007
1609,大亞,27,13,14,兆豐-竹北,2023-03-27,7007
2388,威盛,15,2,13,兆豐-竹北,2023-03-27,7007
2404,漢唐,13,1,12,兆豐-竹北,2023-03-27,7007
4127,天良,12,0,12,兆豐-竹北,2023-03-27,7007
1504,東元,41,30,11,兆豐-竹北,2023-03-27,7007
6485,點序,11,0,11,兆豐-竹北,2023-03-27,7007
00671R,富邦NASDAQ反1,10,0,10,兆豐-竹北,2023-03-27,7007
2363,矽統,10,0,10,兆豐-竹北,2023-03-27,7007
2453,凌群,17,7,10,兆豐-竹北,2023-03-27,7007
2489,瑞軒,10,0,10,兆豐-竹北,2023-03-27,7007
2606,裕民,10,0,10,兆豐-竹北,2023-03-27,7007
2637,慧洋-KY,14,4,10,兆豐-竹北,2023-03-27,7007
2867,三商壽,10,0,10,兆豐-竹北,2023-03-27,7007
5353,台林,12,2,10,兆豐-竹北,2023-03-27,7007
2201,裕隆,16,7,9,兆豐-竹北,2023-03-27,7007
3491,昇達科,10,1,9,兆豐-竹北,2023-03-27,7007
8050,廣積,10,1,9,兆豐-竹北,2023-03-27,7007
6770,力積電,10,2,8,兆豐-竹北,2023-03-27,7007
00712,復華富時不動產,13,5,8,兆豐-竹北,2023-03-27,7007
2425,承啟,8,0,8,兆豐-竹北,2023-03-27,7007
2014,中鴻,11,4,7,兆豐-竹北,2023-03-27,7007
2308,台達電,7,0,7,兆豐-竹北,2023-03-27,7007
2382,廣達,8,1,7,兆豐-竹北,2023-03-27,7007
2610,華航,7,0,7,兆豐-竹北,2023-03-27,7007
3207,耀勝,11,4,7,兆豐-竹北,2023-03-27,7007
3260,威剛,7,0,7,兆豐-竹北,2023-03-27,7007
3305,昇貿,7,0,7,兆豐-竹北,2023-03-27,7007
00905,FT臺灣Smart,6,0,6,兆豐-竹北,2023-03-27,7007
00752,中信中國50,6,0,6,兆豐-竹北,2023-03-27,7007
2349,錸德,7,1,6,兆豐-竹北,2023-03-27,7007
2485,兆赫,6,0,6,兆豐-竹北,2023-03-27,7007
6290,良維,8,2,6,兆豐-竹北,2023-03-27,7007
2610,華航,215,8,207,兆豐-竹北,2023-03-28,7007
2206,三陽工業,203,3,200,兆豐-竹北,2023-03-28,7007
00753L,中信中國50正2,112,0,112,兆豐-竹北,2023-03-28,7007
3481,群創,82,2,80,兆豐-竹北,2023-03-28,7007
00679B,元大美債20年,85,5,80,兆豐-竹北,2023-03-28,7007
00676R,富邦臺灣加權反1,70,0,70,兆豐-竹北,2023-03-28,7007
1314,中石化,62,0,62,兆豐-竹北,2023-03-28,7007
2323,中環,60,0,60,兆豐-竹北,2023-03-28,7007
5608,四維航,42,1,41,兆豐-竹北,2023-03-28,7007
3025,星通,35,0,35,兆豐-竹北,2023-03-28,7007
6161,捷波,34,2,32,兆豐-竹北,2023-03-28,7007
00888,永豐台灣ESG,31,0,31,兆豐-竹北,2023-03-28,7007
0056,元大高股息,26,0,26,兆豐-竹北,2023-03-28,7007
00671R,富邦NASDAQ反1,20,0,20,兆豐-竹北,2023-03-28,7007
3047,訊舟,20,0,20,兆豐-竹北,2023-03-28,7007
00922,國泰台灣領袖50,19,1,18,兆豐-竹北,2023-03-28,7007
9958,世紀鋼,17,0,17,兆豐-竹北,2023-03-28,7007
3035,智原,21,5,16,兆豐-竹北,2023-03-28,7007
3162,精確,15,0,15,兆豐-竹北,2023-03-28,7007
6139,亞翔,15,0,15,兆豐-竹北,2023-03-28,7007
8938,明安,15,0,15,兆豐-竹北,2023-03-28,7007
2476,鉅祥,14,0,14,兆豐-竹北,2023-03-28,7007
4102,永日,13,0,13,兆豐-竹北,2023-03-28,7007
4968,立積,13,0,13,兆豐-竹北,2023-03-28,7007
2609,陽明,12,0,12,兆豐-竹北,2023-03-28,7007
6290,良維,12,0,12,兆豐-竹北,2023-03-28,7007
8097,常珵,12,0,12,兆豐-竹北,2023-03-28,7007
2330,台積電,12,1,11,兆豐-竹北,2023-03-28,7007
00680L,元大美債20正2,11,0,11,兆豐-竹北,2023-03-28,7007
3027,盛達,38,27,11,兆豐-竹北,2023-03-28,7007
2340,台亞,15,5,10,兆豐-竹北,2023-03-28,7007
2867,三商壽,10,0,10,兆豐-竹北,2023-03-28,7007
2883B,凱基金乙特,10,0,10,兆豐-竹北,2023-03-28,7007
3689,湧德,10,0,10,兆豐-竹北,2023-03-28,7007
1303,南亞,10,1,9,兆豐-竹北,2023-03-28,7007
3437,榮創,10,1,9,兆豐-竹北,2023-03-28,7007
3630,新鉅科,9,0,9,兆豐-竹北,2023-03-28,7007
6472,保瑞,19,10,9,兆豐-竹北,2023-03-28,7007
8222,寶一,12,3,9,兆豐-竹北,2023-03-28,7007
00720B,元大投資級公司債,8,0,8,兆豐-竹北,2023-03-28,7007
2201,裕隆,13,5,8,兆豐-竹北,2023-03-28,7007
2634,漢翔,10,2,8,兆豐-竹北,2023-03-28,7007
6416,瑞祺電通,10,2,8,兆豐-竹北,2023-03-28,7007
8234,新漢,8,0,8,兆豐-竹北,2023-03-28,7007
9945,潤泰新,8,0,8,兆豐-竹北,2023-03-28,7007
2303,聯電,10,2,8,兆豐-竹北,2023-03-28,7007
2409,友達,7,0,7,兆豐-竹北,2023-03-28,7007
1605,華新,25,18,7,兆豐-竹北,2023-03-28,7007
2363,矽統,7,0,7,兆豐-竹北,2023-03-28,7007
3479,安勤,23,16,7,兆豐-竹北,2023-03-28,7007
00676R,富邦臺灣加權反1,150,0,150,兆豐-竹北,2023-03-29,7007
1314,中石化,46,0,46,兆豐-竹北,2023-03-29,7007
1609,大亞,47,9,38,兆豐-竹北,2023-03-29,7007
2534,宏盛,38,0,38,兆豐-竹北,2023-03-29,7007
00882,中信中國高股息,35,0,35,兆豐-竹北,2023-03-29,7007
3479,安勤,30,0,30,兆豐-竹北,2023-03-29,7007
2303,聯電,26,1,25,兆豐-竹北,2023-03-29,7007
00673R,期元大S＆P原油反1,22,0,22,兆豐-竹北,2023-03-29,7007
1301,台塑,21,0,21,兆豐-竹北,2023-03-29,7007
8289,泰藝,22,1,21,兆豐-竹北,2023-03-29,7007
00671R,富邦NASDAQ反1,20,0,20,兆豐-竹北,2023-03-29,7007
1584,精剛,20,0,20,兆豐-竹北,2023-03-29,7007
5309,系統電,15,0,15,兆豐-竹北,2023-03-29,7007
1308,亞聚,14,0,14,兆豐-竹北,2023-03-29,7007
9958,世紀鋼,68,54,14,兆豐-竹北,2023-03-29,7007
3207,耀勝,30,17,13,兆豐-竹北,2023-03-29,7007
6719,力智,13,1,12,兆豐-竹北,2023-03-29,7007
2609,陽明,17,5,12,兆豐-竹北,2023-03-29,7007
8926,台汽電,13,1,12,兆豐-竹北,2023-03-29,7007
3552,同致,11,0,11,兆豐-竹北,2023-03-29,7007
3035,智原,20,10,10,兆豐-竹北,2023-03-29,7007
2363,矽統,10,0,10,兆豐-竹北,2023-03-29,7007
00753L,中信中國50正2,20,10,10,兆豐-竹北,2023-03-29,7007
1717,長興,10,0,10,兆豐-竹北,2023-03-29,7007
2630,亞航,10,0,10,兆豐-竹北,2023-03-29,7007
2812,台中銀,10,0,10,兆豐-竹北,2023-03-29,7007
6161,捷波,10,0,10,兆豐-竹北,2023-03-29,7007
8409,商之器,10,0,10,兆豐-竹北,2023-03-29,7007
2328,廣宇,10,1,9,兆豐-竹北,2023-03-29,7007
3105,穩懋,21,12,9,兆豐-竹北,2023-03-29,7007
3624,光頡,15,6,9,兆豐-竹北,2023-03-29,7007
5425,台半,12,3,9,兆豐-竹北,2023-03-29,7007
6271,同欣電,11,2,9,兆豐-竹北,2023-03-29,7007
00679B,元大美債20年,10,2,8,兆豐-竹北,2023-03-29,7007
4162,智擎,9,1,8,兆豐-竹北,2023-03-29,7007
4919,新唐,8,1,7,兆豐-竹北,2023-03-29,7007
2317,鴻海,9,2,7,兆豐-竹北,2023-03-29,7007
00772B,中信高評級公司債,7,0,7,兆豐-竹北,2023-03-29,7007
3231,緯創,20,14,6,兆豐-竹北,2023-03-29,7007
00632R,元大台灣50反1,6,0,6,兆豐-竹北,2023-03-29,7007
2340,台亞,6,0,6,兆豐-竹北,2023-03-29,7007
2887,台新金,6,0,6,兆豐-竹北,2023-03-29,7007
3027,盛達,18,12,6,兆豐-竹北,2023-03-29,7007
3715,定穎投控,43,37,6,兆豐-竹北,2023-03-29,7007
8028,昇陽半導體,6,0,6,兆豐-竹北,2023-03-29,7007
8183,精星,6,0,6,兆豐-竹北,2023-03-29,7007
2498,宏達電,74,68,6,兆豐-竹北,2023-03-29,7007
2308,台達電,5,0,5,兆豐-竹北,2023-03-29,7007
2884,玉山金,5,0,5,兆豐-竹北,2023-03-29,7007
6533,晶心科,5,0,5,兆豐-竹北,2023-03-29,7007
00673R,期元大S＆P原油反1,91,22,69,兆豐-竹北,2023-03-30,7007
00676R,富邦臺灣加權反1,51,0,51,兆豐-竹北,2023-03-30,7007
00665L,富邦�琤肭磪囓�2,50,0,50,兆豐-竹北,2023-03-30,7007
9958,世紀鋼,49,0,49,兆豐-竹北,2023-03-30,7007
3711,日月光投控,90,50,40,兆豐-竹北,2023-03-30,7007
00852L,國泰美國道瓊正2,29,0,29,兆豐-竹北,2023-03-30,7007
00882,中信中國高股息,23,0,23,兆豐-竹北,2023-03-30,7007
6244,茂迪,24,2,22,兆豐-竹北,2023-03-30,7007
2427,三商電,20,0,20,兆豐-竹北,2023-03-30,7007
3715,定穎投控,27,9,18,兆豐-竹北,2023-03-30,7007
4979,華星光,25,7,18,兆豐-竹北,2023-03-30,7007
6167,久正,18,0,18,兆豐-竹北,2023-03-30,7007
00680L,元大美債20正2,16,0,16,兆豐-竹北,2023-03-30,7007
8050,廣積,19,4,15,兆豐-竹北,2023-03-30,7007
3046,建��,15,0,15,兆豐-竹北,2023-03-30,7007
1504,東元,22,9,13,兆豐-竹北,2023-03-30,7007
8926,台汽電,17,6,11,兆豐-竹北,2023-03-30,7007
00679B,元大美債20年,10,0,10,兆豐-竹北,2023-03-30,7007
6719,力智,11,1,10,兆豐-竹北,2023-03-30,7007
00885,富邦越南,10,0,10,兆豐-竹北,2023-03-30,7007
00671R,富邦NASDAQ反1,10,0,10,兆豐-竹北,2023-03-30,7007
1752,南光,14,4,10,兆豐-竹北,2023-03-30,7007
2428,興勤,10,0,10,兆豐-竹北,2023-03-30,7007
3213,茂訊,10,0,10,兆豐-竹北,2023-03-30,7007
2609,陽明,11,2,9,兆豐-竹北,2023-03-30,7007
2610,華航,10,1,9,兆豐-竹北,2023-03-30,7007
00664R,國泰臺灣加權反1,8,0,8,兆豐-竹北,2023-03-30,7007
3479,安勤,10,2,8,兆豐-竹北,2023-03-30,7007
3583,辛耘,10,2,8,兆豐-竹北,2023-03-30,7007
6863,永道-KY,8,0,8,兆豐-竹北,2023-03-30,7007
1605,華新,23,16,7,兆豐-竹北,2023-03-30,7007
6472,保瑞,8,1,7,兆豐-竹北,2023-03-30,7007
3363,上詮,7,0,7,兆豐-竹北,2023-03-30,7007
3491,昇達科,15,8,7,兆豐-竹北,2023-03-30,7007
4977,眾達-KY,8,1,7,兆豐-竹北,2023-03-30,7007
00631L,元大台灣50正2,6,0,6,兆豐-竹北,2023-03-30,7007
1618,合機,6,0,6,兆豐-竹北,2023-03-30,7007
2302,麗正,18,12,6,兆豐-竹北,2023-03-30,7007
2425,承啟,6,0,6,兆豐-竹北,2023-03-30,7007
3028,增你強,6,0,6,兆豐-竹北,2023-03-30,7007
3483,力致,7,1,6,兆豐-竹北,2023-03-30,7007
3686,達能,6,0,6,兆豐-竹北,2023-03-30,7007
2534,宏盛,11,5,6,兆豐-竹北,2023-03-30,7007
2308,台達電,5,0,5,兆豐-竹北,2023-03-30,7007
1524,耿鼎,5,0,5,兆豐-竹北,2023-03-30,7007
1609,大亞,5,0,5,兆豐-竹北,2023-03-30,7007
2014,中鴻,5,0,5,兆豐-竹北,2023-03-30,7007
2020,美亞,5,0,5,兆豐-竹北,2023-03-30,7007
2023,燁輝,5,0,5,兆豐-竹北,2023-03-30,7007
2409,友達,5,0,5,兆豐-竹北,2023-03-30,7007
00753L,中信中國50正2,401,33,368,兆豐-竹北,2023-03-31,7007
0056,元大高股息,107,8,99,兆豐-竹北,2023-03-31,7007
5475,德宏,27,0,27,兆豐-竹北,2023-03-31,7007
5351,鈺創,26,3,23,兆豐-竹北,2023-03-31,7007
8084,巨虹,23,0,23,兆豐-竹北,2023-03-31,7007
6129,普誠,22,0,22,兆豐-竹北,2023-03-31,7007
5483,中美晶,20,0,20,兆豐-竹北,2023-03-31,7007
6133,金橋,27,8,19,兆豐-竹北,2023-03-31,7007
9907,統一實,20,2,18,兆豐-竹北,2023-03-31,7007
6770,力積電,21,5,16,兆豐-竹北,2023-03-31,7007
8110,華東,18,3,15,兆豐-竹北,2023-03-31,7007
6163,華電網,33,19,14,兆豐-竹北,2023-03-31,7007
9945,潤泰新,13,0,13,兆豐-竹北,2023-03-31,7007
2609,陽明,23,10,13,兆豐-竹北,2023-03-31,7007
4961,天鈺,10,0,10,兆豐-竹北,2023-03-31,7007
00653L,富邦印度正2,9,0,9,兆豐-竹北,2023-03-31,7007
2014,中鴻,10,1,9,兆豐-竹北,2023-03-31,7007
4967,十銓,16,7,9,兆豐-竹北,2023-03-31,7007
5258,虹堡,9,0,9,兆豐-竹北,2023-03-31,7007
3037,欣興,12,4,8,兆豐-竹北,2023-03-31,7007
1611,中電,10,2,8,兆豐-竹北,2023-03-31,7007
3207,耀勝,11,3,8,兆豐-竹北,2023-03-31,7007
6290,良維,9,1,8,兆豐-竹北,2023-03-31,7007
8033,雷虎,9,1,8,兆豐-竹北,2023-03-31,7007
2618,長榮航,7,0,7,兆豐-竹北,2023-03-31,7007
3189,景碩,7,0,7,兆豐-竹北,2023-03-31,7007
3305,昇貿,7,0,7,兆豐-竹北,2023-03-31,7007
3346,麗清,7,0,7,兆豐-竹北,2023-03-31,7007
4147,中裕,7,0,7,兆豐-竹北,2023-03-31,7007
6245,立端,10,3,7,兆豐-竹北,2023-03-31,7007
2883,凱基金,7,1,6,兆豐-竹北,2023-03-31,7007
5009,榮剛,6,0,6,兆豐-竹北,2023-03-31,7007
00712,復華富時不動產,5,0,5,兆豐-竹北,2023-03-31,7007
2425,承啟,5,0,5,兆豐-竹北,2023-03-31,7007
2441,超豐,6,1,5,兆豐-竹北,2023-03-31,7007
2486,一詮,5,0,5,兆豐-竹北,2023-03-31,7007
2610,華航,7,2,5,兆豐-竹北,2023-03-31,7007
3038,全台,5,0,5,兆豐-竹北,2023-03-31,7007
3693,營邦,5,0,5,兆豐-竹北,2023-03-31,7007
4127,天良,7,2,5,兆豐-竹北,2023-03-31,7007
5488,松普,5,0,5,兆豐-竹北,2023-03-31,7007
6698,旭暉應材,5,0,5,兆豐-竹北,2023-03-31,7007
910861,神州-DR,5,0,5,兆豐-竹北,2023-03-31,7007
9940,信義,5,0,5,兆豐-竹北,2023-03-31,7007
6138,茂達,9,4,5,兆豐-竹北,2023-03-31,7007
6712,長聖,5,0,5,兆豐-竹北,2023-03-31,7007
6531,愛普*,6,2,4,兆豐-竹北,2023-03-31,7007
1312,國喬,5,1,4,兆豐-竹北,2023-03-31,7007
00898,國泰基因免疫革命,4,0,4,兆豐-竹北,2023-03-31,7007
2368,金像電,5,1,4,兆豐-竹北,2023-03-31,7007
00753L,中信中國50正2,222,10,212,兆豐-竹北,2023-04-06,7007
00673R,期元大S＆P原油反1,152,0,152,兆豐-竹北,2023-04-06,7007
5009,榮剛,84,3,81,兆豐-竹北,2023-04-06,7007
3481,群創,101,44,57,兆豐-竹北,2023-04-06,7007
2609,陽明,54,1,53,兆豐-竹北,2023-04-06,7007
00688L,國泰20年美債正2,50,9,41,兆豐-竹北,2023-04-06,7007
6191,精成科,36,3,33,兆豐-竹北,2023-04-06,7007
5309,系統電,44,15,29,兆豐-竹北,2023-04-06,7007
6770,力積電,30,2,28,兆豐-竹北,2023-04-06,7007
3013,晟銘電,22,0,22,兆豐-竹北,2023-04-06,7007
5483,中美晶,21,0,21,兆豐-竹北,2023-04-06,7007
00893,國泰智能電動車,20,0,20,兆豐-竹北,2023-04-06,7007
3491,昇達科,22,2,20,兆豐-竹北,2023-04-06,7007
1218,泰山,17,0,17,兆豐-竹北,2023-04-06,7007
4162,智擎,21,4,17,兆豐-竹北,2023-04-06,7007
00679B,元大美債20年,41,24,17,兆豐-竹北,2023-04-06,7007
6830,汎銓,16,0,16,兆豐-竹北,2023-04-06,7007
2208,台船,26,11,15,兆豐-竹北,2023-04-06,7007
2317,鴻海,15,0,15,兆豐-竹北,2023-04-06,7007
00882,中信中國高股息,17,2,15,兆豐-竹北,2023-04-06,7007
2344,華邦電,14,0,14,兆豐-竹北,2023-04-06,7007
2890,永豐金,14,0,14,兆豐-竹北,2023-04-06,7007
8069,元太,18,5,13,兆豐-竹北,2023-04-06,7007
1605,華新,17,4,13,兆豐-竹北,2023-04-06,7007
6182,合晶,19,6,13,兆豐-竹北,2023-04-06,7007
00902,中信電池及儲能,12,0,12,兆豐-竹北,2023-04-06,7007
3032,偉訓,12,0,12,兆豐-竹北,2023-04-06,7007
3322,建舜電,12,0,12,兆豐-竹北,2023-04-06,7007
1762,中化生,13,2,11,兆豐-竹北,2023-04-06,7007
00772B,中信高評級公司債,10,0,10,兆豐-竹北,2023-04-06,7007
1314,中石化,10,0,10,兆豐-竹北,2023-04-06,7007
3206,志豐,10,0,10,兆豐-竹北,2023-04-06,7007
3260,威剛,10,0,10,兆豐-竹北,2023-04-06,7007
3490,單井,10,0,10,兆豐-竹北,2023-04-06,7007
8046,南電,10,0,10,兆豐-竹北,2023-04-06,7007
2645,長榮航太,9,0,9,兆豐-竹北,2023-04-06,7007
00632R,元大台灣50反1,10,1,9,兆豐-竹北,2023-04-06,7007
1312,國喬,13,4,9,兆豐-竹北,2023-04-06,7007
3207,耀勝,10,1,9,兆豐-竹北,2023-04-06,7007
2834,臺企銀,8,0,8,兆豐-竹北,2023-04-06,7007
3483,力致,10,2,8,兆豐-竹北,2023-04-06,7007
2303,聯電,7,0,7,兆豐-竹北,2023-04-06,7007
00888,永豐台灣ESG,7,0,7,兆豐-竹北,2023-04-06,7007
2101,南港,7,0,7,兆豐-竹北,2023-04-06,7007
2484,希華,12,5,7,兆豐-竹北,2023-04-06,7007
2889,國票金,7,0,7,兆豐-竹北,2023-04-06,7007
2231,為升,6,0,6,兆豐-竹北,2023-04-06,7007
00900,富邦特選高股息30,6,0,6,兆豐-竹北,2023-04-06,7007
3231,緯創,8,2,6,兆豐-竹北,2023-04-06,7007
1319,東陽,6,0,6,兆豐-竹北,2023-04-06,7007
2317,鴻海,54,0,54,兆豐-竹北,2023-04-07,7007
2886,兆豐金,31,0,31,兆豐-竹北,2023-04-07,7007
00673R,期元大S＆P原油反1,27,0,27,兆豐-竹北,2023-04-07,7007
00900,富邦特選高股息30,26,2,24,兆豐-竹北,2023-04-07,7007
8091,翔名,37,16,21,兆豐-竹北,2023-04-07,7007
2426,鼎元,20,0,20,兆豐-竹北,2023-04-07,7007
3711,日月光投控,70,50,20,兆豐-竹北,2023-04-07,7007
5880,合庫金,20,0,20,兆豐-竹北,2023-04-07,7007
00888,永豐台灣ESG,18,0,18,兆豐-竹北,2023-04-07,7007
8069,元太,19,3,16,兆豐-竹北,2023-04-07,7007
2634,漢翔,18,3,15,兆豐-竹北,2023-04-07,7007
2867,三商壽,14,0,14,兆豐-竹北,2023-04-07,7007
6235,華孚,32,18,14,兆豐-竹北,2023-04-07,7007
1312,國喬,13,0,13,兆豐-竹北,2023-04-07,7007
6182,合晶,21,8,13,兆豐-竹北,2023-04-07,7007
3025,星通,23,11,12,兆豐-竹北,2023-04-07,7007
2457,飛宏,28,17,11,兆豐-竹北,2023-04-07,7007
2605,新興,11,0,11,兆豐-竹北,2023-04-07,7007
6142,友勁,13,2,11,兆豐-竹北,2023-04-07,7007
2105,正新,11,0,11,兆豐-竹北,2023-04-07,7007
00712,復華富時不動產,10,0,10,兆豐-竹北,2023-04-07,7007
00671R,富邦NASDAQ反1,10,0,10,兆豐-竹北,2023-04-07,7007
1909,榮成,10,0,10,兆豐-竹北,2023-04-07,7007
8171,天宇,10,0,10,兆豐-竹北,2023-04-07,7007
8289,泰藝,10,0,10,兆豐-竹北,2023-04-07,7007
2231,為升,9,0,9,兆豐-竹北,2023-04-07,7007
2425,承啟,9,0,9,兆豐-竹北,2023-04-07,7007
6591,動力-KY,10,1,9,兆豐-竹北,2023-04-07,7007
7402,邑錡,13,4,9,兆豐-竹北,2023-04-07,7007
6799,來頡,10,1,9,兆豐-竹北,2023-04-07,7007
00902,中信電池及儲能,8,0,8,兆豐-竹北,2023-04-07,7007
3024,憶聲,8,0,8,兆豐-竹北,2023-04-07,7007
3128,昇銳,8,0,8,兆豐-竹北,2023-04-07,7007
00885,富邦越南,8,1,7,兆豐-竹北,2023-04-07,7007
3419,譁裕,7,0,7,兆豐-竹北,2023-04-07,7007
3704,合勤控,7,0,7,兆豐-竹北,2023-04-07,7007
4906,正文,7,0,7,兆豐-竹北,2023-04-07,7007
8409,商之器,8,1,7,兆豐-竹北,2023-04-07,7007
1338,廣華-KY,6,0,6,兆豐-竹北,2023-04-07,7007
5315,光聯,6,0,6,兆豐-竹北,2023-04-07,7007
4967,十銓,22,17,5,兆豐-竹北,2023-04-07,7007
00923,群益台ESG低碳50,5,0,5,兆豐-竹北,2023-04-07,7007
00757,統一FANG+,5,0,5,兆豐-竹北,2023-04-07,7007
2442,新美齊,5,0,5,兆豐-竹北,2023-04-07,7007
3032,偉訓,5,0,5,兆豐-竹北,2023-04-07,7007
3046,建��,5,0,5,兆豐-竹北,2023-04-07,7007
3206,志豐,5,0,5,兆豐-竹北,2023-04-07,7007
3236,千如,11,6,5,兆豐-竹北,2023-04-07,7007
6116,彩晶,10,5,5,兆豐-竹北,2023-04-07,7007
6279,胡連,9,4,5,兆豐-竹北,2023-04-07,7007
3038,全台,100,0,100,兆豐-竹北,2023-04-10,7007
00676R,富邦臺灣加權反1,80,0,80,兆豐-竹北,2023-04-10,7007
00673R,期元大S＆P原油反1,68,0,68,兆豐-竹北,2023-04-10,7007
2323,中環,60,0,60,兆豐-竹北,2023-04-10,7007
3479,安勤,52,2,50,兆豐-竹北,2023-04-10,7007
5425,台半,64,16,48,兆豐-竹北,2023-04-10,7007
2230,泰茂,47,0,47,兆豐-竹北,2023-04-10,7007
00679B,元大美債20年,40,0,40,兆豐-竹北,2023-04-10,7007
2402,毅嘉,39,4,35,兆豐-竹北,2023-04-10,7007
2349,錸德,31,0,31,兆豐-竹北,2023-04-10,7007
4114,健喬,31,1,30,兆豐-竹北,2023-04-10,7007
1409,新纖,28,0,28,兆豐-竹北,2023-04-10,7007
00725B,國泰投資級公司債,27,0,27,兆豐-竹北,2023-04-10,7007
2302,麗正,21,0,21,兆豐-竹北,2023-04-10,7007
3231,緯創,66,45,21,兆豐-竹北,2023-04-10,7007
00902,中信電池及儲能,20,0,20,兆豐-竹北,2023-04-10,7007
9942,茂順,20,0,20,兆豐-竹北,2023-04-10,7007
00888,永豐台灣ESG,19,0,19,兆豐-竹北,2023-04-10,7007
2426,鼎元,20,3,17,兆豐-竹北,2023-04-10,7007
00772B,中信高評級公司債,17,0,17,兆豐-竹北,2023-04-10,7007
00671R,富邦NASDAQ反1,16,0,16,兆豐-竹北,2023-04-10,7007
2498,宏達電,66,50,16,兆豐-竹北,2023-04-10,7007
1609,大亞,15,1,14,兆豐-竹北,2023-04-10,7007
00751B,元大AAA至A公司債,13,0,13,兆豐-竹北,2023-04-10,7007
1717,長興,15,2,13,兆豐-竹北,2023-04-10,7007
2605,新興,14,3,11,兆豐-竹北,2023-04-10,7007
5222,全訊,17,6,11,兆豐-竹北,2023-04-10,7007
6282,康舒,12,1,11,兆豐-竹北,2023-04-10,7007
1104,環泥,10,0,10,兆豐-竹北,2023-04-10,7007
00895,富邦未來車,10,0,10,兆豐-竹北,2023-04-10,7007
00688L,國泰20年美債正2,10,0,10,兆豐-竹北,2023-04-10,7007
3088,艾訊,10,0,10,兆豐-竹北,2023-04-10,7007
6220,岳豐,10,0,10,兆豐-竹北,2023-04-10,7007
7402,邑錡,10,0,10,兆豐-竹北,2023-04-10,7007
2344,華邦電,37,28,9,兆豐-竹北,2023-04-10,7007
6235,華孚,18,9,9,兆豐-竹北,2023-04-10,7007
00719B,元大美債1-3,8,0,8,兆豐-竹北,2023-04-10,7007
2609,陽明,15,7,8,兆豐-竹北,2023-04-10,7007
3481,群創,13,5,8,兆豐-竹北,2023-04-10,7007
2303,聯電,7,0,7,兆豐-竹北,2023-04-10,7007
5351,鈺創,7,0,7,兆豐-竹北,2023-04-10,7007
6550,北極星藥業-KY,7,0,7,兆豐-竹北,2023-04-10,7007
3035,智原,12,5,7,兆豐-竹北,2023-04-10,7007
00713,元大台灣高息低波,8,1,7,兆豐-竹北,2023-04-10,7007
1605,華新,15,8,7,兆豐-竹北,2023-04-10,7007
2486,一詮,7,0,7,兆豐-竹北,2023-04-10,7007
2497,怡利電,10,3,7,兆豐-竹北,2023-04-10,7007
3162,精確,7,0,7,兆豐-竹北,2023-04-10,7007
2457,飛宏,27,20,7,兆豐-竹北,2023-04-10,7007
3260,威剛,13,6,7,兆豐-竹北,2023-04-10,7007
00632R,元大台灣50反1,110,0,110,兆豐-竹北,2023-04-11,7007
2408,南亞科,120,21,99,兆豐-竹北,2023-04-11,7007
3047,訊舟,65,0,65,兆豐-竹北,2023-04-11,7007
00676R,富邦臺灣加權反1,61,0,61,兆豐-竹北,2023-04-11,7007
1605,華新,47,3,44,兆豐-竹北,2023-04-11,7007
00679B,元大美債20年,42,0,42,兆豐-竹北,2023-04-11,7007
1609,大亞,36,0,36,兆豐-竹北,2023-04-11,7007
00708L,期元大S＆P黃金正2,35,0,35,兆豐-竹北,2023-04-11,7007
5425,台半,41,8,33,兆豐-竹北,2023-04-11,7007
00680L,元大美債20正2,31,0,31,兆豐-竹北,2023-04-11,7007
6111,大宇資,31,1,30,兆豐-竹北,2023-04-11,7007
3078,僑威,30,6,24,兆豐-竹北,2023-04-11,7007
3062,建漢,25,1,24,兆豐-竹北,2023-04-11,7007
3583,辛耘,25,1,24,兆豐-竹北,2023-04-11,7007
2303,聯電,21,0,21,兆豐-竹北,2023-04-11,7007
3041,揚智,21,0,21,兆豐-竹北,2023-04-11,7007
1504,東元,50,30,20,兆豐-竹北,2023-04-11,7007
2530,華建,40,20,20,兆豐-竹北,2023-04-11,7007
2344,華邦電,43,24,19,兆豐-竹北,2023-04-11,7007
00712,復華富時不動產,28,10,18,兆豐-竹北,2023-04-11,7007
4503,金雨,20,4,16,兆豐-竹北,2023-04-11,7007
5353,台林,16,0,16,兆豐-竹北,2023-04-11,7007
3189,景碩,17,2,15,兆豐-竹北,2023-04-11,7007
1514,亞力,33,19,14,兆豐-竹北,2023-04-11,7007
00673R,期元大S＆P原油反1,13,0,13,兆豐-竹北,2023-04-11,7007
3029,零壹,22,9,13,兆豐-竹北,2023-04-11,7007
6182,合晶,16,3,13,兆豐-竹北,2023-04-11,7007
4979,華星光,18,6,12,兆豐-竹北,2023-04-11,7007
6282,康舒,17,5,12,兆豐-竹北,2023-04-11,7007
3265,台星科,12,1,11,兆豐-竹北,2023-04-11,7007
4746,台耀,15,4,11,兆豐-竹北,2023-04-11,7007
5258,虹堡,26,15,11,兆豐-竹北,2023-04-11,7007
6234,高僑,11,0,11,兆豐-竹北,2023-04-11,7007
6285,啟��,11,0,11,兆豐-竹北,2023-04-11,7007
1444,力麗,10,0,10,兆豐-竹北,2023-04-11,7007
2349,錸德,20,10,10,兆豐-竹北,2023-04-11,7007
2630,亞航,10,0,10,兆豐-竹北,2023-04-11,7007
2885,元大金,10,0,10,兆豐-竹北,2023-04-11,7007
3088,艾訊,10,0,10,兆豐-竹北,2023-04-11,7007
3141,晶宏,11,1,10,兆豐-竹北,2023-04-11,7007
3178,公準,10,0,10,兆豐-竹北,2023-04-11,7007
5309,系統電,16,6,10,兆豐-竹北,2023-04-11,7007
00882,中信中國高股息,11,1,10,兆豐-竹北,2023-04-11,7007
2421,建準,10,1,9,兆豐-竹北,2023-04-11,7007
2851,中再保,9,0,9,兆豐-竹北,2023-04-11,7007
3038,全台,9,0,9,兆豐-竹北,2023-04-11,7007
6290,良維,14,5,9,兆豐-竹北,2023-04-11,7007
3162,精確,10,2,8,兆豐-竹北,2023-04-11,7007
4102,永日,8,0,8,兆豐-竹北,2023-04-11,7007
4126,太醫,9,1,8,兆豐-竹北,2023-04-11,7007
00753L,中信中國50正2,100,0,100,兆豐-竹北,2023-04-12,7007
3047,訊舟,91,0,91,兆豐-竹北,2023-04-12,7007
00676R,富邦臺灣加權反1,90,0,90,兆豐-竹北,2023-04-12,7007
00673R,期元大S＆P原油反1,62,0,62,兆豐-竹北,2023-04-12,7007
4155,訊映,50,0,50,兆豐-竹北,2023-04-12,7007
0056,元大高股息,59,25,34,兆豐-竹北,2023-04-12,7007
00902,中信電池及儲能,31,0,31,兆豐-竹北,2023-04-12,7007
2344,華邦電,30,2,28,兆豐-竹北,2023-04-12,7007
5309,系統電,51,24,27,兆豐-竹北,2023-04-12,7007
8091,翔名,25,0,25,兆豐-竹北,2023-04-12,7007
6266,泰詠,54,30,24,兆豐-竹北,2023-04-12,7007
00671R,富邦NASDAQ反1,23,0,23,兆豐-竹北,2023-04-12,7007
2498,宏達電,60,37,23,兆豐-竹北,2023-04-12,7007
5234,達興材料,20,0,20,兆豐-竹北,2023-04-12,7007
00712,復華富時不動產,18,0,18,兆豐-竹北,2023-04-12,7007
2313,華通,20,4,16,兆豐-竹北,2023-04-12,7007
2330,台積電,22,6,16,兆豐-竹北,2023-04-12,7007
2317,鴻海,16,1,15,兆豐-竹北,2023-04-12,7007
00713,元大台灣高息低波,14,0,14,兆豐-竹北,2023-04-12,7007
2329,華泰,23,9,14,兆豐-竹北,2023-04-12,7007
6244,茂迪,32,19,13,兆豐-竹北,2023-04-12,7007
3162,精確,13,1,12,兆豐-竹北,2023-04-12,7007
00680L,元大美債20正2,12,0,12,兆豐-竹北,2023-04-12,7007
2497,怡利電,12,0,12,兆豐-竹北,2023-04-12,7007
4968,立積,29,18,11,兆豐-竹北,2023-04-12,7007
3481,群創,30,20,10,兆豐-竹北,2023-04-12,7007
3037,欣興,10,0,10,兆豐-竹北,2023-04-12,7007
3306,鼎天,10,0,10,兆豐-竹北,2023-04-12,7007
9907,統一實,10,0,10,兆豐-竹北,2023-04-12,7007
6806,森崴能源,21,11,10,兆豐-竹北,2023-04-12,7007
1611,中電,11,2,9,兆豐-竹北,2023-04-12,7007
3704,合勤控,10,1,9,兆豐-竹北,2023-04-12,7007
5328,華容,11,2,9,兆豐-竹北,2023-04-12,7007
5425,台半,11,2,9,兆豐-竹北,2023-04-12,7007
6770,力積電,11,2,9,兆豐-竹北,2023-04-12,7007
1319,東陽,10,1,9,兆豐-竹北,2023-04-12,7007
1783,和康生,8,0,8,兆豐-竹北,2023-04-12,7007
9945,潤泰新,8,0,8,兆豐-竹北,2023-04-12,7007
00637L,元大滬深300正2,17,10,7,兆豐-竹北,2023-04-12,7007
00885,富邦越南,8,1,7,兆豐-竹北,2023-04-12,7007
2748,雲品,7,0,7,兆豐-竹北,2023-04-12,7007
3498,陽程,7,0,7,兆豐-竹北,2023-04-12,7007
3624,光頡,28,21,7,兆豐-竹北,2023-04-12,7007
2388,威盛,9,2,7,兆豐-竹北,2023-04-12,7007
00888,永豐台灣ESG,6,0,6,兆豐-竹北,2023-04-12,7007
00725B,國泰投資級公司債,6,0,6,兆豐-竹北,2023-04-12,7007
2020,美亞,6,0,6,兆豐-竹北,2023-04-12,7007
2023,燁輝,6,0,6,兆豐-竹北,2023-04-12,7007
2101,南港,6,0,6,兆豐-竹北,2023-04-12,7007
3715,定穎投控,29,23,6,兆豐-竹北,2023-04-12,7007
2610,華航,382,92,290,兆豐-竹北,2023-04-13,7007
00673R,期元大S＆P原油反1,114,0,114,兆豐-竹北,2023-04-13,7007
00753L,中信中國50正2,100,0,100,兆豐-竹北,2023-04-13,7007
2206,三陽工業,111,11,100,兆豐-竹北,2023-04-13,7007
3231,緯創,93,14,79,兆豐-竹北,2023-04-13,7007
00676R,富邦臺灣加權反1,70,0,70,兆豐-竹北,2023-04-13,7007
4979,華星光,89,23,66,兆豐-竹北,2023-04-13,7007
2002,中鋼,64,3,61,兆豐-竹北,2023-04-13,7007
1609,大亞,66,9,57,兆豐-竹北,2023-04-13,7007
00715L,期街口布蘭特正2,45,1,44,兆豐-竹北,2023-04-13,7007
0056,元大高股息,36,2,34,兆豐-竹北,2023-04-13,7007
1104,環泥,34,2,32,兆豐-竹北,2023-04-13,7007
2408,南亞科,33,2,31,兆豐-竹北,2023-04-13,7007
3363,上詮,62,33,29,兆豐-竹北,2023-04-13,7007
5309,系統電,40,11,29,兆豐-竹北,2023-04-13,7007
3047,訊舟,25,0,25,兆豐-竹北,2023-04-13,7007
5351,鈺創,22,0,22,兆豐-竹北,2023-04-13,7007
2330,台積電,32,9,23,兆豐-竹北,2023-04-13,7007
5222,全訊,63,41,22,兆豐-竹北,2023-04-13,7007
4960,誠美材,21,0,21,兆豐-竹北,2023-04-13,7007
6209,今國光,23,3,20,兆豐-竹北,2023-04-13,7007
3545,敦泰,21,2,19,兆豐-竹北,2023-04-13,7007
2392,正崴,20,1,19,兆豐-竹北,2023-04-13,7007
6163,華電網,27,10,17,兆豐-竹北,2023-04-13,7007
6290,良維,19,3,16,兆豐-竹北,2023-04-13,7007
4707,磐亞,15,0,15,兆豐-竹北,2023-04-13,7007
6217,中探針,16,1,15,兆豐-竹北,2023-04-13,7007
9907,統一實,15,0,15,兆豐-竹北,2023-04-13,7007
6244,茂迪,15,1,14,兆豐-竹北,2023-04-13,7007
00881,國泰台灣5G+,14,0,14,兆豐-竹北,2023-04-13,7007
8358,金居,13,0,13,兆豐-竹北,2023-04-13,7007
00922,國泰台灣領袖50,12,0,12,兆豐-竹北,2023-04-13,7007
6125,廣運,12,0,12,兆豐-竹北,2023-04-13,7007
7402,邑錡,13,1,12,兆豐-竹北,2023-04-13,7007
00772B,中信高評級公司債,11,0,11,兆豐-竹北,2023-04-13,7007
00680L,元大美債20正2,11,0,11,兆豐-竹北,2023-04-13,7007
2355,敬鵬,11,0,11,兆豐-竹北,2023-04-13,7007
3013,晟銘電,11,0,11,兆豐-竹北,2023-04-13,7007
3046,建��,12,1,11,兆豐-竹北,2023-04-13,7007
3006,晶豪科,17,7,10,兆豐-竹北,2023-04-13,7007
1513,中興電,31,21,10,兆豐-竹北,2023-04-13,7007
00902,中信電池及儲能,10,0,10,兆豐-竹北,2023-04-13,7007
00706L,期元大S＆P日圓正2,10,0,10,兆豐-竹北,2023-04-13,7007
00780B,國泰A級金融債,10,0,10,兆豐-竹北,2023-04-13,7007
00679B,元大美債20年,25,15,10,兆豐-竹北,2023-04-13,7007
2038,海光,15,5,10,兆豐-竹北,2023-04-13,7007
2497,怡利電,10,0,10,兆豐-竹北,2023-04-13,7007
3306,鼎天,10,0,10,兆豐-竹北,2023-04-13,7007
4804,大略-KY,10,0,10,兆豐-竹北,2023-04-13,7007
6173,信昌電,10,0,10,兆豐-竹北,2023-04-13,7007
00676R,富邦臺灣加權反1,161,0,161,兆豐-竹北,2023-04-14,7007
00878,國泰永續高股息,102,2,100,兆豐-竹北,2023-04-14,7007
00632R,元大台灣50反1,111,25,86,兆豐-竹北,2023-04-14,7007
2002,中鋼,66,1,65,兆豐-竹北,2023-04-14,7007
9105,泰金寶-DR,60,1,59,兆豐-竹北,2023-04-14,7007
00637L,元大滬深300正2,64,11,53,兆豐-竹北,2023-04-14,7007
00679B,元大美債20年,51,1,50,兆豐-竹北,2023-04-14,7007
3047,訊舟,50,0,50,兆豐-竹北,2023-04-14,7007
6015,宏遠證,50,0,50,兆豐-竹北,2023-04-14,7007
6177,達麗,50,0,50,兆豐-竹北,2023-04-14,7007
6209,今國光,45,4,41,兆豐-竹北,2023-04-14,7007
3027,盛達,86,54,32,兆豐-竹北,2023-04-14,7007
4908,前鼎,32,0,32,兆豐-竹北,2023-04-14,7007
2409,友達,38,10,28,兆豐-竹北,2023-04-14,7007
2880,華南金,30,2,28,兆豐-竹北,2023-04-14,7007
8091,翔名,27,1,26,兆豐-竹北,2023-04-14,7007
1609,大亞,28,2,26,兆豐-竹北,2023-04-14,7007
00902,中信電池及儲能,24,0,24,兆豐-竹北,2023-04-14,7007
2867,三商壽,22,0,22,兆豐-竹北,2023-04-14,7007
00751B,元大AAA至A公司債,21,0,21,兆豐-竹北,2023-04-14,7007
2358,廷鑫,20,0,20,兆豐-竹北,2023-04-14,7007
2515,中工,46,26,20,兆豐-竹北,2023-04-14,7007
00772B,中信高評級公司債,18,0,18,兆豐-竹北,2023-04-14,7007
2402,毅嘉,25,8,17,兆豐-竹北,2023-04-14,7007
1720,生達,16,0,16,兆豐-竹北,2023-04-14,7007
3576,聯合再生,16,0,16,兆豐-竹北,2023-04-14,7007
00673R,期元大S＆P原油反1,15,0,15,兆豐-竹北,2023-04-14,7007
1445,大宇,22,7,15,兆豐-竹北,2023-04-14,7007
2208,台船,44,29,15,兆豐-竹北,2023-04-14,7007
2618,長榮航,15,0,15,兆豐-竹北,2023-04-14,7007
8110,華東,15,0,15,兆豐-竹北,2023-04-14,7007
6285,啟��,29,15,14,兆豐-竹北,2023-04-14,7007
00687B,國泰20年美債,14,0,14,兆豐-竹北,2023-04-14,7007
2359,所羅門,22,8,14,兆豐-竹北,2023-04-14,7007
0056,元大高股息,15,2,13,兆豐-竹北,2023-04-14,7007
2303,聯電,16,3,13,兆豐-竹北,2023-04-14,7007
2368,金像電,12,0,12,兆豐-竹北,2023-04-14,7007
3665,貿聯-KY,12,0,12,兆豐-竹北,2023-04-14,7007
00720B,元大投資級公司債,11,0,11,兆豐-竹北,2023-04-14,7007
8069,元太,13,2,11,兆豐-竹北,2023-04-14,7007
1605,華新,37,26,11,兆豐-竹北,2023-04-14,7007
6127,九豪,24,13,11,兆豐-竹北,2023-04-14,7007
2349,錸德,20,10,10,兆豐-竹北,2023-04-14,7007
2605,新興,10,0,10,兆豐-竹北,2023-04-14,7007
2610,華航,30,20,10,兆豐-竹北,2023-04-14,7007
5315,光聯,10,0,10,兆豐-竹北,2023-04-14,7007
5353,台林,11,1,10,兆豐-竹北,2023-04-14,7007
2634,漢翔,54,44,10,兆豐-竹北,2023-04-14,7007
6446,藥華藥,9,0,9,兆豐-竹北,2023-04-14,7007
3231,緯創,19,10,9,兆豐-竹北,2023-04-14,7007
00753L,中信中國50正2,108,0,108,兆豐-竹北,2023-04-17,7007
4908,前鼎,86,0,86,兆豐-竹北,2023-04-17,7007
5009,榮剛,91,7,84,兆豐-竹北,2023-04-17,7007
00664R,國泰臺灣加權反1,50,0,50,兆豐-竹北,2023-04-17,7007
1605,華新,101,56,45,兆豐-竹北,2023-04-17,7007
3712,永崴投控,48,10,38,兆豐-竹北,2023-04-17,7007
00679B,元大美債20年,35,0,35,兆豐-竹北,2023-04-17,7007
2329,華泰,37,6,31,兆豐-竹北,2023-04-17,7007
00888,永豐台灣ESG,29,0,29,兆豐-竹北,2023-04-17,7007
00712,復華富時不動產,29,0,29,兆豐-竹北,2023-04-17,7007
3706,神達,30,2,28,兆豐-竹北,2023-04-17,7007
5381,合正,28,0,28,兆豐-竹北,2023-04-17,7007
1609,大亞,51,28,23,兆豐-竹北,2023-04-17,7007
1409,新纖,21,0,21,兆豐-竹北,2023-04-17,7007
2208,台船,41,20,21,兆豐-竹北,2023-04-17,7007
3630,新鉅科,21,0,21,兆豐-竹北,2023-04-17,7007
6148,驊宏資,26,5,21,兆豐-竹北,2023-04-17,7007
2313,華通,21,1,20,兆豐-竹北,2023-04-17,7007
6122,擎邦,25,5,20,兆豐-竹北,2023-04-17,7007
1301,台塑,20,1,19,兆豐-竹北,2023-04-17,7007
1503,士電,39,20,19,兆豐-竹北,2023-04-17,7007
2206,三陽工業,38,20,18,兆豐-竹北,2023-04-17,7007
6116,彩晶,29,12,17,兆豐-竹北,2023-04-17,7007
2610,華航,21,4,17,兆豐-竹北,2023-04-17,7007
6244,茂迪,18,3,15,兆豐-竹北,2023-04-17,7007
2891,中信金,14,0,14,兆豐-竹北,2023-04-17,7007
6235,華孚,27,13,14,兆豐-竹北,2023-04-17,7007
6523,達爾膚,15,2,13,兆豐-竹北,2023-04-17,7007
2368,金像電,14,1,13,兆豐-竹北,2023-04-17,7007
2618,長榮航,13,0,13,兆豐-竹北,2023-04-17,7007
2449,京元電子,12,0,12,兆豐-竹北,2023-04-17,7007
3322,建舜電,12,0,12,兆豐-竹北,2023-04-17,7007
4102,永日,12,0,12,兆豐-竹北,2023-04-17,7007
6282,康舒,29,17,12,兆豐-竹北,2023-04-17,7007
2748,雲品,15,4,11,兆豐-竹北,2023-04-17,7007
6288,聯嘉,12,1,11,兆豐-竹北,2023-04-17,7007
6547,高端疫苗,14,3,11,兆豐-竹北,2023-04-17,7007
1513,中興電,26,16,10,兆豐-竹北,2023-04-17,7007
2312,金寶,37,26,11,兆豐-竹北,2023-04-17,7007
00720B,元大投資級公司債,10,0,10,兆豐-竹北,2023-04-17,7007
00713,元大台灣高息低波,10,0,10,兆豐-竹北,2023-04-17,7007
00688L,國泰20年美債正2,10,0,10,兆豐-竹北,2023-04-17,7007
2342,茂矽,10,0,10,兆豐-竹北,2023-04-17,7007
3363,上詮,29,19,10,兆豐-竹北,2023-04-17,7007
1519,華城,21,12,9,兆豐-竹北,2023-04-17,7007
5410,國眾,13,4,9,兆豐-竹北,2023-04-17,7007
8097,常珵,10,1,9,兆豐-竹北,2023-04-17,7007
2201,裕隆,34,25,9,兆豐-竹北,2023-04-17,7007
8996,高力,12,4,8,兆豐-竹北,2023-04-17,7007
2317,鴻海,8,0,8,兆豐-竹北,2023-04-17,7007
00679B,元大美債20年,144,4,140,兆豐-竹北,2023-04-18,7007
3481,群創,149,30,119,兆豐-竹北,2023-04-18,7007
4908,前鼎,107,0,107,兆豐-竹北,2023-04-18,7007
1609,大亞,79,6,73,兆豐-竹北,2023-04-18,7007
3013,晟銘電,69,12,57,兆豐-竹北,2023-04-18,7007
2313,華通,55,1,54,兆豐-竹北,2023-04-18,7007
3306,鼎天,46,0,46,兆豐-竹北,2023-04-18,7007
00680L,元大美債20正2,43,0,43,兆豐-竹北,2023-04-18,7007
1529,樂事綠能,70,30,40,兆豐-竹北,2023-04-18,7007
1584,精剛,84,50,34,兆豐-竹北,2023-04-18,7007
6244,茂迪,68,34,34,兆豐-竹北,2023-04-18,7007
6290,良維,37,7,30,兆豐-竹北,2023-04-18,7007
2883,凱基金,27,0,27,兆豐-竹北,2023-04-18,7007
6168,宏齊,25,0,25,兆豐-竹北,2023-04-18,7007
2038,海光,33,9,24,兆豐-竹北,2023-04-18,7007
3046,建��,30,6,24,兆豐-竹北,2023-04-18,7007
3706,神達,20,0,20,兆豐-竹北,2023-04-18,7007
00772B,中信高評級公司債,20,0,20,兆豐-竹北,2023-04-18,7007
2515,中工,31,12,19,兆豐-竹北,2023-04-18,7007
00751B,元大AAA至A公司債,18,1,17,兆豐-竹北,2023-04-18,7007
3374,精材,17,0,17,兆豐-竹北,2023-04-18,7007
3630,新鉅科,21,4,17,兆豐-竹北,2023-04-18,7007
6188,廣明,17,0,17,兆豐-竹北,2023-04-18,7007
6282,康舒,32,15,17,兆豐-竹北,2023-04-18,7007
8076,伍豐,17,0,17,兆豐-竹北,2023-04-18,7007
00878,國泰永續高股息,26,10,16,兆豐-竹北,2023-04-18,7007
00712,復華富時不動產,16,0,16,兆豐-竹北,2023-04-18,7007
8210,勤誠,18,3,15,兆豐-竹北,2023-04-18,7007
8926,台汽電,16,1,15,兆豐-竹北,2023-04-18,7007
0056,元大高股息,15,1,14,兆豐-竹北,2023-04-18,7007
00706L,期元大S＆P日圓正2,13,0,13,兆豐-竹北,2023-04-18,7007
2206,三陽工業,21,8,13,兆豐-竹北,2023-04-18,7007
00862B,中信投資級公司債,12,0,12,兆豐-竹北,2023-04-18,7007
1809,中釉,15,3,12,兆豐-竹北,2023-04-18,7007
2492,華新科,12,0,12,兆豐-竹北,2023-04-18,7007
6288,聯嘉,13,1,12,兆豐-竹北,2023-04-18,7007
6235,華孚,35,23,12,兆豐-竹北,2023-04-18,7007
2349,錸德,21,10,11,兆豐-竹北,2023-04-18,7007
00922,國泰台灣領袖50,10,0,10,兆豐-竹北,2023-04-18,7007
00632R,元大台灣50反1,10,0,10,兆豐-竹北,2023-04-18,7007
4167,松瑞藥,11,1,10,兆豐-竹北,2023-04-18,7007
5347,世界,10,0,10,兆豐-竹北,2023-04-18,7007
5410,國眾,10,0,10,兆豐-竹北,2023-04-18,7007
8097,常珵,10,0,10,兆豐-竹北,2023-04-18,7007
2634,漢翔,47,37,10,兆豐-竹北,2023-04-18,7007
5706,鳳凰,10,1,9,兆豐-竹北,2023-04-18,7007
5465,富驊,20,11,9,兆豐-竹北,2023-04-18,7007
4968,立積,18,9,9,兆豐-竹北,2023-04-18,7007
00720B,元大投資級公司債,8,0,8,兆豐-竹北,2023-04-18,7007
2409,友達,10,2,8,兆豐-竹北,2023-04-18,7007
3481,群創,1266,854,412,兆豐-竹北,2023-04-19,7007
2002,中鋼,110,2,108,兆豐-竹北,2023-04-19,7007
6015,宏遠證,100,0,100,兆豐-竹北,2023-04-19,7007
1584,精剛,107,9,98,兆豐-竹北,2023-04-19,7007
4908,前鼎,90,0,90,兆豐-竹北,2023-04-19,7007
3032,偉訓,69,8,61,兆豐-竹北,2023-04-19,7007
6770,力積電,69,11,58,兆豐-竹北,2023-04-19,7007
1810,和成,37,1,36,兆豐-竹北,2023-04-19,7007
2645,長榮航太,33,0,33,兆豐-竹北,2023-04-19,7007
00708L,期元大S＆P黃金正2,31,0,31,兆豐-竹北,2023-04-19,7007
00907,永豐優息存股,30,0,30,兆豐-竹北,2023-04-19,7007
00679B,元大美債20年,30,0,30,兆豐-竹北,2023-04-19,7007
00772B,中信高評級公司債,29,0,29,兆豐-竹北,2023-04-19,7007
2331,精英,30,2,28,兆豐-竹北,2023-04-19,7007
2312,金寶,28,2,26,兆豐-竹北,2023-04-19,7007
8176,智捷,25,0,25,兆豐-竹北,2023-04-19,7007
6415,矽力*-KY,25,1,24,兆豐-竹北,2023-04-19,7007
6116,彩晶,23,0,23,兆豐-竹北,2023-04-19,7007
00878,國泰永續高股息,32,10,22,兆豐-竹北,2023-04-19,7007
00712,復華富時不動產,20,0,20,兆豐-竹北,2023-04-19,7007
2363,矽統,20,0,20,兆豐-竹北,2023-04-19,7007
6122,擎邦,25,6,19,兆豐-竹北,2023-04-19,7007
6290,良維,18,1,17,兆豐-竹北,2023-04-19,7007
4961,天鈺,16,1,15,兆豐-竹北,2023-04-19,7007
4903,聯光通,15,0,15,兆豐-竹北,2023-04-19,7007
6806,森崴能源,24,9,15,兆豐-竹北,2023-04-19,7007
2303,聯電,14,0,14,兆豐-竹北,2023-04-19,7007
6278,台表科,16,2,14,兆豐-竹北,2023-04-19,7007
8069,元太,14,1,13,兆豐-竹北,2023-04-19,7007
6288,聯嘉,12,0,12,兆豐-竹北,2023-04-19,7007
5347,世界,11,0,11,兆豐-竹北,2023-04-19,7007
00673R,期元大S＆P原油反1,11,0,11,兆豐-竹北,2023-04-19,7007
2328,廣宇,23,12,11,兆豐-竹北,2023-04-19,7007
2406,國碩,16,5,11,兆豐-竹北,2023-04-19,7007
2515,中工,18,7,11,兆豐-竹北,2023-04-19,7007
6153,嘉聯益,13,2,11,兆豐-竹北,2023-04-19,7007
8210,勤誠,22,11,11,兆豐-竹北,2023-04-19,7007
6220,岳豐,10,0,10,兆豐-竹北,2023-04-19,7007
00713,元大台灣高息低波,11,1,10,兆豐-竹北,2023-04-19,7007
2206,三陽工業,13,3,10,兆豐-竹北,2023-04-19,7007
2444,兆勁,10,0,10,兆豐-竹北,2023-04-19,7007
2615,萬海,10,0,10,兆豐-竹北,2023-04-19,7007
2834,臺企銀,10,0,10,兆豐-竹北,2023-04-19,7007
3707,漢磊,10,0,10,兆豐-竹北,2023-04-19,7007
5439,高技,10,0,10,兆豐-竹北,2023-04-19,7007
5483,中美晶,10,0,10,兆豐-竹北,2023-04-19,7007
5512,力麒,21,11,10,兆豐-竹北,2023-04-19,7007
6666,羅麗芬-KY,10,0,10,兆豐-竹北,2023-04-19,7007
8076,伍豐,10,0,10,兆豐-竹北,2023-04-19,7007
2883,凱基金,9,0,9,兆豐-竹北,2023-04-19,7007
3481,群創,801,25,776,兆豐-竹北,2023-04-20,7007
00720B,元大投資級公司債,67,0,67,兆豐-竹北,2023-04-20,7007
00878,國泰永續高股息,69,5,64,兆豐-竹北,2023-04-20,7007
4908,前鼎,48,0,48,兆豐-竹北,2023-04-20,7007
2498,宏達電,45,1,44,兆豐-竹北,2023-04-20,7007
3711,日月光投控,42,0,42,兆豐-竹北,2023-04-20,7007
4102,永日,42,2,40,兆豐-竹北,2023-04-20,7007
3479,安勤,39,2,37,兆豐-竹北,2023-04-20,7007
00751B,元大AAA至A公司債,36,0,36,兆豐-竹北,2023-04-20,7007
2312,金寶,35,0,35,兆豐-竹北,2023-04-20,7007
3715,定穎投控,46,13,33,兆豐-竹北,2023-04-20,7007
6278,台表科,32,0,32,兆豐-竹北,2023-04-20,7007
2323,中環,30,1,29,兆豐-竹北,2023-04-20,7007
6770,力積電,36,7,29,兆豐-竹北,2023-04-20,7007
4123,晟德,107,79,28,兆豐-竹北,2023-04-20,7007
3491,昇達科,27,1,26,兆豐-竹北,2023-04-20,7007
3205,佰研,28,2,26,兆豐-竹北,2023-04-20,7007
3419,譁裕,22,0,22,兆豐-竹北,2023-04-20,7007
1701,中化,26,5,21,兆豐-竹北,2023-04-20,7007
3704,合勤控,30,10,20,兆豐-竹北,2023-04-20,7007
4121,優盛,20,0,20,兆豐-竹北,2023-04-20,7007
6168,宏齊,20,0,20,兆豐-竹北,2023-04-20,7007
3056,富華新,20,1,19,兆豐-竹北,2023-04-20,7007
4979,華星光,28,9,19,兆豐-竹北,2023-04-20,7007
00679B,元大美債20年,18,0,18,兆豐-竹北,2023-04-20,7007
4207,環泰,18,0,18,兆豐-竹北,2023-04-20,7007
6288,聯嘉,20,2,18,兆豐-竹北,2023-04-20,7007
2609,陽明,28,10,18,兆豐-竹北,2023-04-20,7007
2887,台新金,22,5,17,兆豐-竹北,2023-04-20,7007
00888,永豐台灣ESG,17,0,17,兆豐-竹北,2023-04-20,7007
1727,中華化,16,0,16,兆豐-竹北,2023-04-20,7007
6443,元晶,25,9,16,兆豐-竹北,2023-04-20,7007
2520,冠德,15,0,15,兆豐-竹北,2023-04-20,7007
00715L,期街口布蘭特正2,40,25,15,兆豐-竹北,2023-04-20,7007
2406,國碩,15,0,15,兆豐-竹北,2023-04-20,7007
3037,欣興,14,0,14,兆豐-竹北,2023-04-20,7007
2014,中鴻,14,0,14,兆豐-竹北,2023-04-20,7007
3346,麗清,13,0,13,兆豐-竹北,2023-04-20,7007
6218,豪勉,16,3,13,兆豐-竹北,2023-04-20,7007
6488,環球晶,12,0,12,兆豐-竹北,2023-04-20,7007
2457,飛宏,34,22,12,兆豐-竹北,2023-04-20,7007
1708,東鹼,15,3,12,兆豐-竹北,2023-04-20,7007
3234,光環,13,1,12,兆豐-竹北,2023-04-20,7007
4130,健亞,13,1,12,兆豐-竹北,2023-04-20,7007
2201,裕隆,42,31,11,兆豐-竹北,2023-04-20,7007
3231,緯創,14,3,11,兆豐-竹北,2023-04-20,7007
5388,中磊,12,1,11,兆豐-竹北,2023-04-20,7007
00907,永豐優息存股,10,0,10,兆豐-竹北,2023-04-20,7007
00753L,中信中國50正2,10,0,10,兆豐-竹北,2023-04-20,7007
2371,大同,10,0,10,兆豐-竹北,2023-04-20,7007
00632R,元大台灣50反1,172,10,162,兆豐-竹北,2023-04-21,7007
00720B,元大投資級公司債,104,0,104,兆豐-竹北,2023-04-21,7007
2323,中環,85,0,85,兆豐-竹北,2023-04-21,7007
00679B,元大美債20年,49,0,49,兆豐-竹北,2023-04-21,7007
3715,定穎投控,48,1,47,兆豐-竹北,2023-04-21,7007
6177,達麗,40,0,40,兆豐-竹北,2023-04-21,7007
2913,農林,69,30,39,兆豐-竹北,2023-04-21,7007
3058,立德,42,5,37,兆豐-竹北,2023-04-21,7007
6282,康舒,73,42,31,兆豐-竹北,2023-04-21,7007
00902,中信電池及儲能,30,0,30,兆豐-竹北,2023-04-21,7007
00878,國泰永續高股息,34,7,27,兆豐-竹北,2023-04-21,7007
00715L,期街口布蘭特正2,24,0,24,兆豐-竹北,2023-04-21,7007
6111,大宇資,37,15,22,兆豐-竹北,2023-04-21,7007
8289,泰藝,21,0,21,兆豐-竹北,2023-04-21,7007
2363,矽統,20,0,20,兆豐-竹北,2023-04-21,7007
4930,燦星網,20,0,20,兆豐-竹北,2023-04-21,7007
6245,立端,33,13,20,兆豐-竹北,2023-04-21,7007
2609,陽明,23,3,20,兆豐-竹北,2023-04-21,7007
3704,合勤控,24,5,19,兆豐-竹北,2023-04-21,7007
00706L,期元大S＆P日圓正2,20,2,18,兆豐-竹北,2023-04-21,7007
6163,華電網,31,13,18,兆豐-竹北,2023-04-21,7007
3702,大聯大,18,0,18,兆豐-竹北,2023-04-21,7007
3047,訊舟,17,0,17,兆豐-竹北,2023-04-21,7007
3363,上詮,26,9,17,兆豐-竹北,2023-04-21,7007
8150,南茂,17,0,17,兆豐-竹北,2023-04-21,7007
3024,憶聲,16,0,16,兆豐-竹北,2023-04-21,7007
2486,一詮,15,0,15,兆豐-竹北,2023-04-21,7007
8926,台汽電,21,6,15,兆豐-竹北,2023-04-21,7007
3491,昇達科,14,0,14,兆豐-竹北,2023-04-21,7007
3479,安勤,63,50,13,兆豐-竹北,2023-04-21,7007
3673,TPK-KY,15,2,13,兆豐-竹北,2023-04-21,7007
6244,茂迪,36,23,13,兆豐-竹北,2023-04-21,7007
2027,大成鋼,12,0,12,兆豐-竹北,2023-04-21,7007
4979,華星光,45,33,12,兆豐-竹北,2023-04-21,7007
5258,虹堡,12,0,12,兆豐-竹北,2023-04-21,7007
6290,良維,28,16,12,兆豐-竹北,2023-04-21,7007
4968,立積,28,16,12,兆豐-竹北,2023-04-21,7007
1101,台泥,32,20,12,兆豐-竹北,2023-04-21,7007
0056,元大高股息,16,4,12,兆豐-竹北,2023-04-21,7007
1108,幸福,12,1,11,兆豐-竹北,2023-04-21,7007
1810,和成,18,7,11,兆豐-竹北,2023-04-21,7007
1906,寶隆,14,3,11,兆豐-竹北,2023-04-21,7007
3711,日月光投控,111,100,11,兆豐-竹北,2023-04-21,7007
6733,博晟生醫,11,0,11,兆豐-竹北,2023-04-21,7007
2482,連宇,12,1,11,兆豐-竹北,2023-04-21,7007
2303,聯電,20,10,10,兆豐-竹北,2023-04-21,7007
2313,華通,10,0,10,兆豐-竹北,2023-04-21,7007
00753L,中信中國50正2,10,0,10,兆豐-竹北,2023-04-21,7007
00885,富邦越南,11,1,10,兆豐-竹北,2023-04-21,7007
1605,華新,11,1,10,兆豐-竹北,2023-04-21,7007
00753L,中信中國50正2,100,0,100,兆豐-竹北,2023-04-24,7007
5009,榮剛,64,1,63,兆豐-竹北,2023-04-24,7007
00671R,富邦NASDAQ反1,60,0,60,兆豐-竹北,2023-04-24,7007
3715,定穎投控,47,10,37,兆豐-竹北,2023-04-24,7007
2206,三陽工業,32,0,32,兆豐-竹北,2023-04-24,7007
5371,中光電,36,5,31,兆豐-竹北,2023-04-24,7007
00902,中信電池及儲能,27,0,27,兆豐-竹北,2023-04-24,7007
2913,農林,34,7,27,兆豐-竹北,2023-04-24,7007
2303,聯電,28,1,27,兆豐-竹北,2023-04-24,7007
2313,華通,27,0,27,兆豐-竹北,2023-04-24,7007
00680L,元大美債20正2,26,0,26,兆豐-竹北,2023-04-24,7007
00720B,元大投資級公司債,24,0,24,兆豐-竹北,2023-04-24,7007
1611,中電,20,0,20,兆豐-竹北,2023-04-24,7007
2867,三商壽,20,0,20,兆豐-竹北,2023-04-24,7007
4714,永捷,20,0,20,兆豐-竹北,2023-04-24,7007
9958,世紀鋼,20,0,20,兆豐-竹北,2023-04-24,7007
00679B,元大美債20年,19,0,19,兆豐-竹北,2023-04-24,7007
2618,長榮航,19,0,19,兆豐-竹北,2023-04-24,7007
1905,華紙,29,11,18,兆豐-竹北,2023-04-24,7007
00715L,期街口布蘭特正2,17,0,17,兆豐-竹北,2023-04-24,7007
1101,台泥,33,18,15,兆豐-竹北,2023-04-24,7007
3289,宜特,13,0,13,兆豐-竹北,2023-04-24,7007
3673,TPK-KY,13,0,13,兆豐-竹北,2023-04-24,7007
2344,華邦電,14,2,12,兆豐-竹北,2023-04-24,7007
1504,東元,11,0,11,兆豐-竹北,2023-04-24,7007
2204,中華,25,14,11,兆豐-竹北,2023-04-24,7007
00772B,中信高評級公司債,10,0,10,兆豐-竹北,2023-04-24,7007
1108,幸福,20,10,10,兆豐-竹北,2023-04-24,7007
00752,中信中國50,10,0,10,兆豐-竹北,2023-04-24,7007
3481,群創,10,0,10,兆豐-竹北,2023-04-24,7007
6116,彩晶,10,0,10,兆豐-竹北,2023-04-24,7007
8926,台汽電,11,1,10,兆豐-竹北,2023-04-24,7007
00637L,元大滬深300正2,9,0,9,兆豐-竹北,2023-04-24,7007
2002,中鋼,11,2,9,兆豐-竹北,2023-04-24,7007
4967,十銓,23,15,8,兆豐-竹北,2023-04-24,7007
00665L,富邦�琤肭磪囓�2,7,0,7,兆豐-竹北,2023-04-24,7007
3035,智原,10,3,7,兆豐-竹北,2023-04-24,7007
4979,華星光,11,4,7,兆豐-竹北,2023-04-24,7007
2493,揚博,6,0,6,兆豐-竹北,2023-04-24,7007
6153,嘉聯益,6,0,6,兆豐-竹北,2023-04-24,7007
6244,茂迪,20,14,6,兆豐-竹北,2023-04-24,7007
6719,力智,7,1,6,兆豐-竹北,2023-04-24,7007
0050,元大台灣50,5,0,5,兆豐-竹北,2023-04-24,7007
00751B,元大AAA至A公司債,5,0,5,兆豐-竹北,2023-04-24,7007
1338,廣華-KY,5,0,5,兆豐-竹北,2023-04-24,7007
1514,亞力,5,0,5,兆豐-竹北,2023-04-24,7007
1714,和桐,5,0,5,兆豐-竹北,2023-04-24,7007
3260,威剛,5,0,5,兆豐-竹北,2023-04-24,7007
3552,同致,5,0,5,兆豐-竹北,2023-04-24,7007
5351,鈺創,9,4,5,兆豐-竹北,2023-04-24,7007
00878,國泰永續高股息,134,16,118,兆豐-竹北,2023-04-25,7007
3479,安勤,100,0,100,兆豐-竹北,2023-04-25,7007
00642U,期元大S＆P石油,90,0,90,兆豐-竹北,2023-04-25,7007
00632R,元大台灣50反1,115,46,69,兆豐-竹北,2023-04-25,7007
3231,緯創,44,6,38,兆豐-竹北,2023-04-25,7007
2323,中環,35,0,35,兆豐-竹北,2023-04-25,7007
3037,欣興,48,15,33,兆豐-竹北,2023-04-25,7007
6111,大宇資,30,0,30,兆豐-竹北,2023-04-25,7007
6116,彩晶,30,0,30,兆豐-竹北,2023-04-25,7007
2303,聯電,29,0,29,兆豐-竹北,2023-04-25,7007
2423,固緯,24,0,24,兆豐-竹北,2023-04-25,7007
9958,世紀鋼,23,0,23,兆豐-竹北,2023-04-25,7007
8070,長華*,22,0,22,兆豐-竹北,2023-04-25,7007
2609,陽明,45,23,22,兆豐-竹北,2023-04-25,7007
4919,新唐,23,2,21,兆豐-竹北,2023-04-25,7007
1314,中石化,44,23,21,兆豐-竹北,2023-04-25,7007
8289,泰藝,21,0,21,兆豐-竹北,2023-04-25,7007
9955,佳龍,21,1,20,兆豐-竹北,2023-04-25,7007
6695,芯鼎,20,0,20,兆豐-竹北,2023-04-25,7007
0050,元大台灣50,18,0,18,兆豐-竹北,2023-04-25,7007
1905,華紙,20,4,16,兆豐-竹北,2023-04-25,7007
2618,長榮航,23,7,16,兆豐-竹北,2023-04-25,7007
6168,宏齊,15,0,15,兆豐-竹北,2023-04-25,7007
2330,台積電,23,10,13,兆豐-竹北,2023-04-25,7007
2002,中鋼,13,0,13,兆豐-竹北,2023-04-25,7007
2489,瑞軒,12,0,12,兆豐-竹北,2023-04-25,7007
2913,農林,25,13,12,兆豐-竹北,2023-04-25,7007
2634,漢翔,51,39,12,兆豐-竹北,2023-04-25,7007
00720B,元大投資級公司債,11,0,11,兆豐-竹北,2023-04-25,7007
2314,台揚,13,2,11,兆豐-竹北,2023-04-25,7007
2402,毅嘉,17,6,11,兆豐-竹北,2023-04-25,7007
3071,協禧,21,10,11,兆豐-竹北,2023-04-25,7007
00715L,期街口布蘭特正2,50,40,10,兆豐-竹北,2023-04-25,7007
1605,華新,11,1,10,兆豐-竹北,2023-04-25,7007
1720,生達,14,4,10,兆豐-竹北,2023-04-25,7007
2017,官田鋼,10,0,10,兆豐-竹北,2023-04-25,7007
2515,中工,12,2,10,兆豐-竹北,2023-04-25,7007
3051,力特,10,0,10,兆豐-竹北,2023-04-25,7007
3169,亞信,10,0,10,兆豐-竹北,2023-04-25,7007
6245,立端,30,20,10,兆豐-竹北,2023-04-25,7007
1101,台泥,17,7,10,兆豐-竹北,2023-04-25,7007
00900,富邦特選高股息30,10,0,10,兆豐-竹北,2023-04-25,7007
00919,群益台灣精選高息,9,0,9,兆豐-竹北,2023-04-25,7007
00679B,元大美債20年,9,0,9,兆豐-竹北,2023-04-25,7007
006208,富邦台50,9,0,9,兆豐-竹北,2023-04-25,7007
1409,新纖,10,1,9,兆豐-竹北,2023-04-25,7007
2020,美亞,10,1,9,兆豐-竹北,2023-04-25,7007
2231,為升,9,0,9,兆豐-竹北,2023-04-25,7007
00881,國泰台灣5G+,9,0,9,兆豐-竹北,2023-04-25,7007
1104,環泥,8,0,8,兆豐-竹北,2023-04-25,7007
4102,永日,110,2,108,兆豐-竹北,2023-04-26,7007
3491,昇達科,60,0,60,兆豐-竹北,2023-04-26,7007
00878,國泰永續高股息,47,3,44,兆豐-竹北,2023-04-26,7007
3027,盛達,45,3,42,兆豐-竹北,2023-04-26,7007
2352,佳世達,44,4,40,兆豐-竹北,2023-04-26,7007
2344,華邦電,40,2,38,兆豐-竹北,2023-04-26,7007
3711,日月光投控,86,50,36,兆豐-竹北,2023-04-26,7007
2609,陽明,41,11,30,兆豐-竹北,2023-04-26,7007
00671R,富邦NASDAQ反1,30,0,30,兆豐-竹北,2023-04-26,7007
6244,茂迪,39,9,30,兆豐-竹北,2023-04-26,7007
4960,誠美材,29,0,29,兆豐-竹北,2023-04-26,7007
8038,長園科,23,0,23,兆豐-竹北,2023-04-26,7007
6415,矽力*-KY,20,0,20,兆豐-竹北,2023-04-26,7007
3035,智原,38,19,19,兆豐-竹北,2023-04-26,7007
00885,富邦越南,19,0,19,兆豐-竹北,2023-04-26,7007
2603,長榮,23,8,15,兆豐-竹北,2023-04-26,7007
2002,中鋼,19,4,15,兆豐-竹北,2023-04-26,7007
0056,元大高股息,16,2,14,兆豐-竹北,2023-04-26,7007
00679B,元大美債20年,14,1,13,兆豐-竹北,2023-04-26,7007
0050,元大台灣50,12,1,11,兆豐-竹北,2023-04-26,7007
2330,台積電,13,2,11,兆豐-竹北,2023-04-26,7007
00893,國泰智能電動車,10,0,10,兆豐-竹北,2023-04-26,7007
00891,中信關鍵半導體,10,0,10,兆豐-竹北,2023-04-26,7007
00772B,中信高評級公司債,10,0,10,兆豐-竹北,2023-04-26,7007
00642U,期元大S＆P石油,10,0,10,兆豐-竹北,2023-04-26,7007
1524,耿鼎,12,2,10,兆豐-竹北,2023-04-26,7007
3305,昇貿,10,0,10,兆豐-竹北,2023-04-26,7007
6245,立端,19,9,10,兆豐-竹北,2023-04-26,7007
6523,達爾膚,10,0,10,兆豐-竹北,2023-04-26,7007
6770,力積電,9,0,9,兆豐-竹北,2023-04-26,7007
00715L,期街口布蘭特正2,9,0,9,兆豐-竹北,2023-04-26,7007
2610,華航,39,30,9,兆豐-竹北,2023-04-26,7007
2913,農林,13,4,9,兆豐-竹北,2023-04-26,7007
8028,昇陽半導體,9,0,9,兆豐-竹北,2023-04-26,7007
006208,富邦台50,9,0,9,兆豐-竹北,2023-04-26,7007
2634,漢翔,28,19,9,兆豐-竹北,2023-04-26,7007
2206,三陽工業,11,3,8,兆豐-竹北,2023-04-26,7007
6116,彩晶,8,0,8,兆豐-竹北,2023-04-26,7007
1310,台苯,18,11,7,兆豐-竹北,2023-04-26,7007
2618,長榮航,79,72,7,兆豐-竹北,2023-04-26,7007
2885,元大金,7,0,7,兆豐-竹北,2023-04-26,7007
3294,英濟,14,7,7,兆豐-竹北,2023-04-26,7007
2065,世豐,6,0,6,兆豐-竹北,2023-04-26,7007
2891,中信金,6,0,6,兆豐-竹北,2023-04-26,7007
3504,揚明光,6,0,6,兆豐-竹北,2023-04-26,7007
5388,中磊,7,1,6,兆豐-竹北,2023-04-26,7007
6237,驊訊,6,0,6,兆豐-竹北,2023-04-26,7007
6541,泰福-KY,6,0,6,兆豐-竹北,2023-04-26,7007
8289,泰藝,21,15,6,兆豐-竹北,2023-04-26,7007
9958,世紀鋼,6,0,6,兆豐-竹北,2023-04-26,7007
1905,華紙,130,24,106,兆豐-竹北,2023-04-27,7007
2880,華南金,100,0,100,兆豐-竹北,2023-04-27,7007
00715L,期街口布蘭特正2,72,0,72,兆豐-竹北,2023-04-27,7007
2206,三陽工業,58,5,53,兆豐-竹北,2023-04-27,7007
2408,南亞科,54,6,48,兆豐-竹北,2023-04-27,7007
00671R,富邦NASDAQ反1,50,10,40,兆豐-竹北,2023-04-27,7007
2371,大同,40,0,40,兆豐-竹北,2023-04-27,7007
00878,國泰永續高股息,30,1,29,兆豐-竹北,2023-04-27,7007
00720B,元大投資級公司債,26,0,26,兆豐-竹北,2023-04-27,7007
1314,中石化,25,0,25,兆豐-竹北,2023-04-27,7007
5009,榮剛,33,8,25,兆豐-竹北,2023-04-27,7007
8027,鈦昇,25,0,25,兆豐-竹北,2023-04-27,7007
00642U,期元大S＆P石油,20,0,20,兆豐-竹北,2023-04-27,7007
2303,聯電,19,0,19,兆豐-竹北,2023-04-27,7007
1533,車王電,19,2,17,兆豐-竹北,2023-04-27,7007
5347,世界,17,0,17,兆豐-竹北,2023-04-27,7007
1711,永光,94,78,16,兆豐-竹北,2023-04-27,7007
5452,佶優,15,0,15,兆豐-竹北,2023-04-27,7007
8091,翔名,16,1,15,兆豐-竹北,2023-04-27,7007
2204,中華,13,0,13,兆豐-竹北,2023-04-27,7007
2002,中鋼,14,1,13,兆豐-竹北,2023-04-27,7007
2609,陽明,32,20,12,兆豐-竹北,2023-04-27,7007
3017,奇鋐,22,11,11,兆豐-竹北,2023-04-27,7007
3594,磐儀,11,0,11,兆豐-竹北,2023-04-27,7007
5258,虹堡,11,0,11,兆豐-竹北,2023-04-27,7007
4967,十銓,35,25,10,兆豐-竹北,2023-04-27,7007
00665L,富邦�琤肭磪囓�2,10,0,10,兆豐-竹北,2023-04-27,7007
1416,廣豐,10,0,10,兆豐-竹北,2023-04-27,7007
3419,譁裕,10,0,10,兆豐-竹北,2023-04-27,7007
4716,大立,10,0,10,兆豐-竹北,2023-04-27,7007
2330,台積電,18,8,10,兆豐-竹北,2023-04-27,7007
1104,環泥,9,0,9,兆豐-竹北,2023-04-27,7007
2409,友達,9,0,9,兆豐-竹北,2023-04-27,7007
2610,華航,33,24,9,兆豐-竹北,2023-04-27,7007
3264,欣銓,10,1,9,兆豐-竹北,2023-04-27,7007
9958,世紀鋼,9,0,9,兆豐-竹北,2023-04-27,7007
00751B,元大AAA至A公司債,8,0,8,兆豐-竹北,2023-04-27,7007
4968,立積,22,14,8,兆豐-竹北,2023-04-27,7007
3037,欣興,37,30,7,兆豐-竹北,2023-04-27,7007
00753L,中信中國50正2,6,0,6,兆豐-竹北,2023-04-27,7007
1717,長興,7,1,6,兆豐-竹北,2023-04-27,7007
6153,嘉聯益,6,0,6,兆豐-竹北,2023-04-27,7007
0050,元大台灣50,5,0,5,兆豐-竹北,2023-04-27,7007
2027,大成鋼,5,0,5,兆豐-竹北,2023-04-27,7007
2201,裕隆,7,2,5,兆豐-竹北,2023-04-27,7007
2340,台亞,5,0,5,兆豐-竹北,2023-04-27,7007
2441,超豐,5,0,5,兆豐-竹北,2023-04-27,7007
2887,台新金,6,1,5,兆豐-竹北,2023-04-27,7007
3071,協禧,17,12,5,兆豐-竹北,2023-04-27,7007
4908,前鼎,5,0,5,兆豐-竹北,2023-04-27,7007
00772B,中信高評級公司債,104,1,103,兆豐-竹北,2023-04-28,7007
3231,緯創,106,5,101,兆豐-竹北,2023-04-28,7007
2344,華邦電,100,35,65,兆豐-竹北,2023-04-28,7007
2409,友達,62,0,62,兆豐-竹北,2023-04-28,7007
00715L,期街口布蘭特正2,67,10,57,兆豐-竹北,2023-04-28,7007
2530,華建,109,59,50,兆豐-竹北,2023-04-28,7007
9907,統一實,49,0,49,兆豐-竹北,2023-04-28,7007
00671R,富邦NASDAQ反1,40,11,29,兆豐-竹北,2023-04-28,7007
1785,光洋科,29,0,29,兆豐-竹北,2023-04-28,7007
3481,群創,30,4,26,兆豐-竹北,2023-04-28,7007
4961,天鈺,39,14,25,兆豐-竹北,2023-04-28,7007
00632R,元大台灣50反1,67,42,25,兆豐-竹北,2023-04-28,7007
00923,群益台ESG低碳50,23,0,23,兆豐-竹北,2023-04-28,7007
1314,中石化,25,2,23,兆豐-竹北,2023-04-28,7007
00670L,富邦NASDAQ正2,21,0,21,兆豐-竹北,2023-04-28,7007
00648R,元大S＆P500反1,30,10,20,兆豐-竹北,2023-04-28,7007
00753L,中信中國50正2,20,0,20,兆豐-竹北,2023-04-28,7007
3071,協禧,23,5,18,兆豐-竹北,2023-04-28,7007
00720B,元大投資級公司債,17,0,17,兆豐-竹北,2023-04-28,7007
00712,復華富時不動產,24,7,17,兆豐-竹北,2023-04-28,7007
1711,永光,134,117,17,兆豐-竹北,2023-04-28,7007
2022,聚亨,15,0,15,兆豐-竹北,2023-04-28,7007
1513,中興電,13,0,13,兆豐-竹北,2023-04-28,7007
00893,國泰智能電動車,12,0,12,兆豐-竹北,2023-04-28,7007
2498,宏達電,72,60,12,兆豐-竹北,2023-04-28,7007
2883,凱基金,11,0,11,兆豐-竹北,2023-04-28,7007
2645,長榮航太,11,0,11,兆豐-竹北,2023-04-28,7007
3017,奇鋐,24,13,11,兆豐-竹北,2023-04-28,7007
6116,彩晶,11,0,11,兆豐-竹北,2023-04-28,7007
6266,泰詠,12,1,11,兆豐-竹北,2023-04-28,7007
6548,長科*,11,0,11,兆豐-竹北,2023-04-28,7007
2845,遠東銀,10,0,10,兆豐-竹北,2023-04-28,7007
4979,華星光,18,8,10,兆豐-竹北,2023-04-28,7007
6168,宏齊,10,0,10,兆豐-竹北,2023-04-28,7007
1762,中化生,24,15,9,兆豐-竹北,2023-04-28,7007
2208,台船,9,0,9,兆豐-竹北,2023-04-28,7007
3624,光頡,14,5,9,兆豐-竹北,2023-04-28,7007
6417,韋僑,10,1,9,兆豐-竹北,2023-04-28,7007
2891,中信金,20,12,8,兆豐-竹北,2023-04-28,7007
5009,榮剛,11,3,8,兆豐-竹北,2023-04-28,7007
5211,蒙恬,8,0,8,兆豐-竹北,2023-04-28,7007
8121,越峰,15,7,8,兆豐-竹北,2023-04-28,7007
2484,希華,11,3,8,兆豐-竹北,2023-04-28,7007
2201,裕隆,9,2,7,兆豐-竹北,2023-04-28,7007
2438,翔耀,7,0,7,兆豐-竹北,2023-04-28,7007
3711,日月光投控,37,30,7,兆豐-竹北,2023-04-28,7007
6231,系微,7,0,7,兆豐-竹北,2023-04-28,7007
00679B,元大美債20年,7,0,7,兆豐-竹北,2023-04-28,7007
2885,元大金,15,9,6,兆豐-竹北,2023-04-28,7007
00852L,國泰美國道瓊正2,6,0,6,兆豐-竹北,2023-04-28,7007
2834,臺企銀,200,4,196,兆豐-竹北,2023-05-02,7007
2880,華南金,186,1,185,兆豐-竹北,2023-05-02,7007
2913,農林,75,8,67,兆豐-竹北,2023-05-02,7007
00671R,富邦NASDAQ反1,60,0,60,兆豐-竹北,2023-05-02,7007
00878,國泰永續高股息,56,0,56,兆豐-竹北,2023-05-02,7007
6015,宏遠證,50,0,50,兆豐-竹北,2023-05-02,7007
2530,華建,100,51,49,兆豐-竹北,2023-05-02,7007
4541,晟田,72,23,49,兆豐-竹北,2023-05-02,7007
3363,上詮,54,19,35,兆豐-竹北,2023-05-02,7007
3711,日月光投控,65,31,34,兆豐-竹北,2023-05-02,7007
2891,中信金,45,12,33,兆豐-竹北,2023-05-02,7007
2603,長榮,31,1,30,兆豐-竹北,2023-05-02,7007
3037,欣興,47,17,30,兆豐-竹北,2023-05-02,7007
00680L,元大美債20正2,28,0,28,兆豐-竹北,2023-05-02,7007
00751B,元大AAA至A公司債,28,0,28,兆豐-竹北,2023-05-02,7007
3078,僑威,44,18,26,兆豐-竹北,2023-05-02,7007
00720B,元大投資級公司債,23,0,23,兆豐-竹北,2023-05-02,7007
1701,中化,48,25,23,兆豐-竹北,2023-05-02,7007
00772B,中信高評級公司債,21,0,21,兆豐-竹北,2023-05-02,7007
1314,中石化,21,0,21,兆豐-竹北,2023-05-02,7007
2887,台新金,20,0,20,兆豐-竹北,2023-05-02,7007
1513,中興電,26,10,16,兆豐-竹北,2023-05-02,7007
1528,恩德,15,0,15,兆豐-竹北,2023-05-02,7007
3664,安瑞-KY,17,2,15,兆豐-竹北,2023-05-02,7007
5309,系統電,15,0,15,兆豐-竹北,2023-05-02,7007
1612,宏泰,14,0,14,兆豐-竹北,2023-05-02,7007
8011,台通,15,1,14,兆豐-竹北,2023-05-02,7007
2376,技嘉,16,3,13,兆豐-竹北,2023-05-02,7007
6288,聯嘉,44,31,13,兆豐-竹北,2023-05-02,7007
2881,富邦金,14,2,12,兆豐-竹北,2023-05-02,7007
1605,華新,15,3,12,兆豐-竹北,2023-05-02,7007
3491,昇達科,15,4,11,兆豐-竹北,2023-05-02,7007
2609,陽明,22,11,11,兆豐-竹北,2023-05-02,7007
00665L,富邦�琤肭磪囓�2,12,2,10,兆豐-竹北,2023-05-02,7007
00648R,元大S＆P500反1,10,0,10,兆豐-竹北,2023-05-02,7007
00641R,富邦日本反1,10,0,10,兆豐-竹北,2023-05-02,7007
1777,生泰,10,0,10,兆豐-竹北,2023-05-02,7007
2201,裕隆,13,3,10,兆豐-竹北,2023-05-02,7007
2633,台灣高鐵,10,0,10,兆豐-竹北,2023-05-02,7007
2892,第一金,10,0,10,兆豐-竹北,2023-05-02,7007
2897,王道銀行,10,0,10,兆豐-竹北,2023-05-02,7007
6234,高僑,27,17,10,兆豐-竹北,2023-05-02,7007
8086,宏捷科,10,0,10,兆豐-竹北,2023-05-02,7007
00857B,永豐20年美公債,9,0,9,兆豐-竹北,2023-05-02,7007
5381,合正,9,0,9,兆豐-竹北,2023-05-02,7007
2498,宏達電,11,3,8,兆豐-竹北,2023-05-02,7007
2801,彰銀,8,0,8,兆豐-竹北,2023-05-02,7007
3189,景碩,29,21,8,兆豐-竹北,2023-05-02,7007
3673,TPK-KY,9,1,8,兆豐-竹北,2023-05-02,7007
00902,中信電池及儲能,7,0,7,兆豐-竹北,2023-05-02,7007
00715L,期街口布蘭特正2,240,10,230,兆豐-竹北,2023-05-03,7007
2834,臺企銀,100,3,97,兆豐-竹北,2023-05-03,7007
00878,國泰永續高股息,100,13,87,兆豐-竹北,2023-05-03,7007
6288,聯嘉,53,20,33,兆豐-竹北,2023-05-03,7007
2014,中鴻,42,10,32,兆豐-竹北,2023-05-03,7007
2201,裕隆,35,7,28,兆豐-竹北,2023-05-03,7007
00642U,期元大S＆P石油,29,1,28,兆豐-竹北,2023-05-03,7007
00712,復華富時不動產,28,0,28,兆豐-竹北,2023-05-03,7007
2495,普安,31,5,26,兆豐-竹北,2023-05-03,7007
2892,第一金,26,1,25,兆豐-竹北,2023-05-03,7007
4162,智擎,21,0,21,兆豐-竹北,2023-05-03,7007
8099,大世科,21,0,21,兆豐-竹北,2023-05-03,7007
3363,上詮,39,20,19,兆豐-竹北,2023-05-03,7007
1310,台苯,17,1,16,兆豐-竹北,2023-05-03,7007
00888,永豐台灣ESG,13,0,13,兆豐-竹北,2023-05-03,7007
3035,智原,16,3,13,兆豐-竹北,2023-05-03,7007
3231,緯創,20,8,12,兆豐-竹北,2023-05-03,7007
00753L,中信中國50正2,12,0,12,兆豐-竹北,2023-05-03,7007
00665L,富邦�琤肭磪囓�2,12,0,12,兆豐-竹北,2023-05-03,7007
6160,欣技,14,2,12,兆豐-竹北,2023-05-03,7007
1609,大亞,15,4,11,兆豐-竹北,2023-05-03,7007
1611,中電,11,0,11,兆豐-竹北,2023-05-03,7007
3419,譁裕,12,1,11,兆豐-竹北,2023-05-03,7007
4541,晟田,124,113,11,兆豐-竹北,2023-05-03,7007
8926,台汽電,11,0,11,兆豐-竹北,2023-05-03,7007
00641R,富邦日本反1,10,0,10,兆豐-竹北,2023-05-03,7007
1721,三晃,10,0,10,兆豐-竹北,2023-05-03,7007
2328,廣宇,13,3,10,兆豐-竹北,2023-05-03,7007
2338,光罩,10,0,10,兆豐-竹北,2023-05-03,7007
2897,王道銀行,10,0,10,兆豐-竹北,2023-05-03,7007
3017,奇鋐,35,25,10,兆豐-竹北,2023-05-03,7007
5498,凱崴,10,0,10,兆豐-竹北,2023-05-03,7007
2409,友達,9,0,9,兆豐-竹北,2023-05-03,7007
0056,元大高股息,13,4,9,兆豐-竹北,2023-05-03,7007
8358,金居,10,1,9,兆豐-竹北,2023-05-03,7007
2633,台灣高鐵,13,5,8,兆豐-竹北,2023-05-03,7007
2330,台積電,12,5,7,兆豐-竹北,2023-05-03,7007
3032,偉訓,11,4,7,兆豐-竹北,2023-05-03,7007
2415,錩新,7,0,7,兆豐-竹北,2023-05-03,7007
2801,彰銀,7,0,7,兆豐-竹北,2023-05-03,7007
3052,夆典,7,0,7,兆豐-竹北,2023-05-03,7007
3162,精確,7,0,7,兆豐-竹北,2023-05-03,7007
3664,安瑞-KY,8,1,7,兆豐-竹北,2023-05-03,7007
5258,虹堡,7,0,7,兆豐-竹北,2023-05-03,7007
6197,佳必琪,7,0,7,兆豐-竹北,2023-05-03,7007
6417,韋僑,8,1,7,兆豐-竹北,2023-05-03,7007
6442,光聖,7,0,7,兆豐-竹北,2023-05-03,7007
8936,國統,6,0,6,兆豐-竹北,2023-05-03,7007
1906,寶隆,6,0,6,兆豐-竹北,2023-05-03,7007
2417,圓剛,13,7,6,兆豐-竹北,2023-05-03,7007
00642U,期元大S＆P石油,144,0,144,兆豐-竹北,2023-05-04,7007
00715L,期街口布蘭特正2,134,0,134,兆豐-竹北,2023-05-04,7007
6111,大宇資,120,52,68,兆豐-竹北,2023-05-04,7007
5009,榮剛,60,3,57,兆豐-竹北,2023-05-04,7007
5309,系統電,70,17,53,兆豐-竹北,2023-05-04,7007
2609,陽明,36,1,35,兆豐-竹北,2023-05-04,7007
2206,三陽工業,80,48,32,兆豐-竹北,2023-05-04,7007
6177,達麗,30,0,30,兆豐-竹北,2023-05-04,7007
2409,友達,30,1,29,兆豐-竹北,2023-05-04,7007
00679B,元大美債20年,25,0,25,兆豐-竹北,2023-05-04,7007
6163,華電網,25,0,25,兆豐-竹北,2023-05-04,7007
6234,高僑,59,38,21,兆豐-竹北,2023-05-04,7007
00878,國泰永續高股息,23,2,21,兆豐-竹北,2023-05-04,7007
2211,長榮鋼,19,2,17,兆豐-竹北,2023-05-04,7007
3715,定穎投控,23,8,15,兆豐-竹北,2023-05-04,7007
3037,欣興,42,29,13,兆豐-竹北,2023-05-04,7007
6288,聯嘉,17,4,13,兆豐-竹北,2023-05-04,7007
6443,元晶,14,2,12,兆豐-竹北,2023-05-04,7007
4968,立積,14,2,12,兆豐-竹北,2023-05-04,7007
3419,譁裕,21,9,12,兆豐-竹北,2023-05-04,7007
2376,技嘉,29,18,11,兆豐-竹北,2023-05-04,7007
4566,時碩工業,15,4,11,兆豐-竹北,2023-05-04,7007
2344,華邦電,18,7,11,兆豐-竹北,2023-05-04,7007
2303,聯電,15,5,10,兆豐-竹北,2023-05-04,7007
00720B,元大投資級公司債,10,0,10,兆豐-竹北,2023-05-04,7007
1514,亞力,17,7,10,兆豐-竹北,2023-05-04,7007
2030,彰源,10,0,10,兆豐-竹北,2023-05-04,7007
2342,茂矽,10,0,10,兆豐-竹北,2023-05-04,7007
3046,建��,13,3,10,兆豐-竹北,2023-05-04,7007
3209,全科,10,0,10,兆豐-竹北,2023-05-04,7007
3308,聯德,10,0,10,兆豐-竹北,2023-05-04,7007
6733,博晟生醫,10,0,10,兆豐-竹北,2023-05-04,7007
8358,金居,10,0,10,兆豐-竹北,2023-05-04,7007
2022,聚亨,11,2,9,兆豐-竹北,2023-05-04,7007
2486,一詮,9,0,9,兆豐-竹北,2023-05-04,7007
1319,東陽,11,3,8,兆豐-竹北,2023-05-04,7007
00712,復華富時不動產,7,0,7,兆豐-竹北,2023-05-04,7007
00888,永豐台灣ESG,7,0,7,兆豐-竹北,2023-05-04,7007
1314,中石化,7,0,7,兆豐-竹北,2023-05-04,7007
2851,中再保,7,0,7,兆豐-竹北,2023-05-04,7007
2867,三商壽,11,4,7,兆豐-竹北,2023-05-04,7007
3324,雙鴻,8,1,7,兆豐-竹北,2023-05-04,7007
5469,瀚宇博,7,0,7,兆豐-竹北,2023-05-04,7007
6441,廣錠,7,0,7,兆豐-竹北,2023-05-04,7007
6449,鈺邦,7,0,7,兆豐-竹北,2023-05-04,7007
00885,富邦越南,6,0,6,兆豐-竹北,2023-05-04,7007
2208,台船,6,0,6,兆豐-竹北,2023-05-04,7007
2383,台光電,6,0,6,兆豐-竹北,2023-05-04,7007
2419,仲琦,6,0,6,兆豐-竹北,2023-05-04,7007
3029,零壹,7,1,6,兆豐-竹北,2023-05-04,7007
2211,長榮鋼,81,0,81,兆豐-竹北,2023-05-05,7007
00720B,元大投資級公司債,49,0,49,兆豐-竹北,2023-05-05,7007
00878,國泰永續高股息,45,0,45,兆豐-竹北,2023-05-05,7007
2206,三陽工業,42,8,34,兆豐-竹北,2023-05-05,7007
5258,虹堡,33,0,33,兆豐-竹北,2023-05-05,7007
3027,盛達,32,0,32,兆豐-竹北,2023-05-05,7007
3305,昇貿,45,16,29,兆豐-竹北,2023-05-05,7007
00751B,元大AAA至A公司債,26,0,26,兆豐-竹北,2023-05-05,7007
00712,復華富時不動產,25,0,25,兆豐-竹北,2023-05-05,7007
4566,時碩工業,65,40,25,兆豐-竹北,2023-05-05,7007
2883B,凱基金乙特,24,0,24,兆豐-竹北,2023-05-05,7007
8403,盛弘,42,19,23,兆豐-竹北,2023-05-05,7007
1101,台泥,23,1,22,兆豐-竹北,2023-05-05,7007
00679B,元大美債20年,21,0,21,兆豐-竹北,2023-05-05,7007
1314,中石化,21,0,21,兆豐-竹北,2023-05-05,7007
6015,宏遠證,20,0,20,兆豐-竹北,2023-05-05,7007
6177,達麗,20,0,20,兆豐-竹北,2023-05-05,7007
00642U,期元大S＆P石油,20,2,18,兆豐-竹北,2023-05-05,7007
1503,士電,23,5,18,兆豐-竹北,2023-05-05,7007
2609,陽明,23,6,17,兆豐-竹北,2023-05-05,7007
2630,亞航,18,2,16,兆豐-竹北,2023-05-05,7007
3715,定穎投控,19,4,15,兆豐-竹北,2023-05-05,7007
3419,譁裕,15,1,14,兆豐-竹北,2023-05-05,7007
3017,奇鋐,22,9,13,兆豐-竹北,2023-05-05,7007
6218,豪勉,20,7,13,兆豐-竹北,2023-05-05,7007
00772B,中信高評級公司債,12,1,11,兆豐-竹北,2023-05-05,7007
1609,大亞,23,13,10,兆豐-竹北,2023-05-05,7007
2383,台光電,10,0,10,兆豐-竹北,2023-05-05,7007
2637,慧洋-KY,10,0,10,兆豐-竹北,2023-05-05,7007
3078,僑威,10,0,10,兆豐-竹北,2023-05-05,7007
4960,誠美材,10,0,10,兆豐-竹北,2023-05-05,7007
6202,盛群,10,0,10,兆豐-竹北,2023-05-05,7007
8215,明基材,10,0,10,兆豐-竹北,2023-05-05,7007
1514,亞力,10,1,9,兆豐-竹北,2023-05-05,7007
3356,奇偶,9,0,9,兆豐-竹北,2023-05-05,7007
3481,群創,11,2,9,兆豐-竹北,2023-05-05,7007
5315,光聯,9,0,9,兆豐-竹北,2023-05-05,7007
6770,力積電,9,0,9,兆豐-竹北,2023-05-05,7007
8034,榮群,9,0,9,兆豐-竹北,2023-05-05,7007
1104,環泥,8,0,8,兆豐-竹北,2023-05-05,7007
2882,國泰金,8,0,8,兆豐-竹北,2023-05-05,7007
4114,健喬,9,1,8,兆豐-竹北,2023-05-05,7007
6266,泰詠,8,0,8,兆豐-竹北,2023-05-05,7007
00680L,元大美債20正2,7,0,7,兆豐-竹北,2023-05-05,7007
3265,台星科,9,2,7,兆豐-竹北,2023-05-05,7007
4979,華星光,9,2,7,兆豐-竹北,2023-05-05,7007
6282,康舒,7,0,7,兆豐-竹北,2023-05-05,7007
2358,廷鑫,21,15,6,兆豐-竹北,2023-05-05,7007
2359,所羅門,17,11,6,兆豐-竹北,2023-05-05,7007
3324,雙鴻,11,5,6,兆豐-竹北,2023-05-05,7007
6015,宏遠證,60,0,60,兆豐-竹北,2023-05-08,7007
5498,凱崴,48,0,48,兆豐-竹北,2023-05-08,7007
2615,萬海,38,0,38,兆豐-竹北,2023-05-08,7007
1605,華新,67,29,38,兆豐-竹北,2023-05-08,7007
1314,中石化,35,0,35,兆豐-竹北,2023-05-08,7007
3545,敦泰,33,2,31,兆豐-竹北,2023-05-08,7007
00885,富邦越南,30,2,28,兆豐-竹北,2023-05-08,7007
2605,新興,27,0,27,兆豐-竹北,2023-05-08,7007
2211,長榮鋼,22,0,22,兆豐-竹北,2023-05-08,7007
3704,合勤控,22,3,19,兆豐-竹北,2023-05-08,7007
2609,陽明,32,14,18,兆豐-竹北,2023-05-08,7007
00687B,國泰20年美債,18,0,18,兆豐-竹北,2023-05-08,7007
2449,京元電子,17,0,17,兆豐-竹北,2023-05-08,7007
6532,瑞耘,17,0,17,兆豐-竹北,2023-05-08,7007
1319,東陽,16,0,16,兆豐-竹北,2023-05-08,7007
2884,玉山金,20,4,16,兆豐-竹北,2023-05-08,7007
00674R,期元大S＆P黃金反1,14,0,14,兆豐-竹北,2023-05-08,7007
8091,翔名,14,0,14,兆豐-竹北,2023-05-08,7007
2023,燁輝,12,0,12,兆豐-竹北,2023-05-08,7007
3014,聯陽,19,7,12,兆豐-竹北,2023-05-08,7007
1762,中化生,11,0,11,兆豐-竹北,2023-05-08,7007
2482,連宇,33,22,11,兆豐-竹北,2023-05-08,7007
5608,四維航,11,0,11,兆豐-竹北,2023-05-08,7007
6443,元晶,13,3,10,兆豐-竹北,2023-05-08,7007
00724B,群益投資級金融債,10,0,10,兆豐-竹北,2023-05-08,7007
00641R,富邦日本反1,10,0,10,兆豐-竹北,2023-05-08,7007
00712,復華富時不動產,10,0,10,兆豐-竹北,2023-05-08,7007
2022,聚亨,10,0,10,兆豐-竹北,2023-05-08,7007
2610,華航,11,1,10,兆豐-竹北,2023-05-08,7007
3206,志豐,10,0,10,兆豐-竹北,2023-05-08,7007
3673,TPK-KY,10,0,10,兆豐-竹北,2023-05-08,7007
6116,彩晶,10,0,10,兆豐-竹北,2023-05-08,7007
6499,益安,13,3,10,兆豐-竹北,2023-05-08,7007
00701,國泰股利精選30,10,0,10,兆豐-竹北,2023-05-08,7007
00751B,元大AAA至A公司債,9,0,9,兆豐-竹北,2023-05-08,7007
3591,艾笛森,17,8,9,兆豐-竹北,2023-05-08,7007
5309,系統電,14,5,9,兆豐-竹北,2023-05-08,7007
1609,大亞,18,9,9,兆豐-竹北,2023-05-08,7007
2603,長榮,10,2,8,兆豐-竹北,2023-05-08,7007
00680L,元大美債20正2,8,0,8,兆豐-竹北,2023-05-08,7007
2801,彰銀,8,0,8,兆豐-竹北,2023-05-08,7007
2855,統一證,8,0,8,兆豐-竹北,2023-05-08,7007
5315,光聯,8,0,8,兆豐-竹北,2023-05-08,7007
8084,巨虹,8,0,8,兆豐-竹北,2023-05-08,7007
2881,富邦金,8,0,8,兆豐-竹北,2023-05-08,7007
2014,中鴻,14,7,7,兆豐-竹北,2023-05-08,7007
2421,建準,33,26,7,兆豐-竹北,2023-05-08,7007
3265,台星科,9,2,7,兆豐-竹北,2023-05-08,7007
3305,昇貿,7,0,7,兆豐-竹北,2023-05-08,7007
3711,日月光投控,11,4,7,兆豐-竹北,2023-05-08,7007
2344,華邦電,93,9,84,兆豐-竹北,2023-05-09,7007
00720B,元大投資級公司債,79,3,76,兆豐-竹北,2023-05-09,7007
6125,廣運,72,0,72,兆豐-竹北,2023-05-09,7007
00878,國泰永續高股息,54,2,52,兆豐-竹北,2023-05-09,7007
00772B,中信高評級公司債,40,0,40,兆豐-竹北,2023-05-09,7007
3202,樺晟,44,4,40,兆豐-竹北,2023-05-09,7007
1314,中石化,35,0,35,兆豐-竹北,2023-05-09,7007
3715,定穎投控,63,30,33,兆豐-竹北,2023-05-09,7007
3047,訊舟,31,0,31,兆豐-竹北,2023-05-09,7007
1711,永光,30,1,29,兆豐-竹北,2023-05-09,7007
00680L,元大美債20正2,28,0,28,兆豐-竹北,2023-05-09,7007
1513,中興電,51,24,27,兆豐-竹北,2023-05-09,7007
2376,技嘉,38,11,27,兆豐-竹北,2023-05-09,7007
00725B,國泰投資級公司債,26,1,25,兆豐-竹北,2023-05-09,7007
00687B,國泰20年美債,25,0,25,兆豐-竹北,2023-05-09,7007
2801,彰銀,22,0,22,兆豐-竹北,2023-05-09,7007
3078,僑威,28,6,22,兆豐-竹北,2023-05-09,7007
00885,富邦越南,21,0,21,兆豐-竹北,2023-05-09,7007
4919,新唐,27,7,20,兆豐-竹北,2023-05-09,7007
2363,矽統,20,0,20,兆豐-竹北,2023-05-09,7007
2408,南亞科,20,0,20,兆豐-竹北,2023-05-09,7007
2897,王道銀行,20,0,20,兆豐-竹北,2023-05-09,7007
3711,日月光投控,40,20,20,兆豐-竹北,2023-05-09,7007
2206,三陽工業,26,7,19,兆豐-竹北,2023-05-09,7007
8099,大世科,24,5,19,兆豐-竹北,2023-05-09,7007
1101,台泥,17,0,17,兆豐-竹北,2023-05-09,7007
2630,亞航,16,0,16,兆豐-竹北,2023-05-09,7007
00751B,元大AAA至A公司債,17,2,15,兆豐-竹北,2023-05-09,7007
1626,艾美特-KY,15,0,15,兆豐-竹北,2023-05-09,7007
2812,台中銀,14,0,14,兆豐-竹北,2023-05-09,7007
3483,力致,118,104,14,兆豐-竹北,2023-05-09,7007
5864,致和證,14,0,14,兆豐-竹北,2023-05-09,7007
9958,世紀鋼,14,0,14,兆豐-竹北,2023-05-09,7007
4979,華星光,25,12,13,兆豐-竹北,2023-05-09,7007
2362,藍天,12,0,12,兆豐-竹北,2023-05-09,7007
6244,茂迪,24,12,12,兆豐-竹北,2023-05-09,7007
6698,旭暉應材,12,0,12,兆豐-竹北,2023-05-09,7007
3545,敦泰,17,5,12,兆豐-竹北,2023-05-09,7007
1609,大亞,27,16,11,兆豐-竹北,2023-05-09,7007
3051,力特,11,0,11,兆豐-竹北,2023-05-09,7007
5498,凱崴,11,0,11,兆豐-竹北,2023-05-09,7007
2312,金寶,10,0,10,兆豐-竹北,2023-05-09,7007
3479,安勤,10,0,10,兆豐-竹北,2023-05-09,7007
4114,健喬,10,0,10,兆豐-竹北,2023-05-09,7007
6541,泰福-KY,10,0,10,兆豐-竹北,2023-05-09,7007
8131,福懋科,10,0,10,兆豐-竹北,2023-05-09,7007
1504,東元,27,18,9,兆豐-竹北,2023-05-09,7007
2382,廣達,12,3,9,兆豐-竹北,2023-05-09,7007
2609,陽明,10,1,9,兆豐-竹北,2023-05-09,7007
6443,元晶,14,5,9,兆豐-竹北,2023-05-09,7007
00679B,元大美債20年,117,0,117,兆豐-竹北,2023-05-10,7007
2834,臺企銀,52,0,52,兆豐-竹北,2023-05-10,7007
3711,日月光投控,81,41,40,兆豐-竹北,2023-05-10,7007
3047,訊舟,37,0,37,兆豐-竹北,2023-05-10,7007
2371,大同,37,1,36,兆豐-竹北,2023-05-10,7007
9958,世紀鋼,36,1,35,兆豐-竹北,2023-05-10,7007
00878,國泰永續高股息,73,39,34,兆豐-竹北,2023-05-10,7007
3231,緯創,29,8,21,兆豐-竹北,2023-05-10,7007
5425,台半,21,0,21,兆豐-竹北,2023-05-10,7007
00720B,元大投資級公司債,20,0,20,兆豐-竹北,2023-05-10,7007
00923,群益台ESG低碳50,19,0,19,兆豐-竹北,2023-05-10,7007
4123,晟德,19,0,19,兆豐-竹北,2023-05-10,7007
9955,佳龍,20,1,19,兆豐-竹北,2023-05-10,7007
1445,大宇,19,1,18,兆豐-竹北,2023-05-10,7007
6443,元晶,32,15,17,兆豐-竹北,2023-05-10,7007
00665L,富邦�琤肭磪囓�2,15,0,15,兆豐-竹北,2023-05-10,7007
00680L,元大美債20正2,15,0,15,兆豐-竹北,2023-05-10,7007
00908,富邦入息REITs+,15,0,15,兆豐-竹北,2023-05-10,7007
3013,晟銘電,16,1,15,兆豐-竹北,2023-05-10,7007
3017,奇鋐,17,2,15,兆豐-竹北,2023-05-10,7007
5452,佶優,15,0,15,兆豐-竹北,2023-05-10,7007
8926,台汽電,15,0,15,兆豐-竹北,2023-05-10,7007
3046,建��,20,7,13,兆豐-竹北,2023-05-10,7007
1101,台泥,12,0,12,兆豐-竹北,2023-05-10,7007
1216,統一,12,0,12,兆豐-竹北,2023-05-10,7007
1314,中石化,12,0,12,兆豐-竹北,2023-05-10,7007
6274,台燿,13,1,12,兆豐-竹北,2023-05-10,7007
00712,復華富時不動產,11,0,11,兆豐-竹北,2023-05-10,7007
00725B,國泰投資級公司債,11,0,11,兆豐-竹北,2023-05-10,7007
1503,士電,14,3,11,兆豐-竹北,2023-05-10,7007
3058,立德,13,2,11,兆豐-竹北,2023-05-10,7007
6263,普萊德,10,0,10,兆豐-竹北,2023-05-10,7007
00752,中信中國50,10,0,10,兆豐-竹北,2023-05-10,7007
2820,華票,10,0,10,兆豐-竹北,2023-05-10,7007
3006,晶豪科,10,0,10,兆豐-竹北,2023-05-10,7007
4979,華星光,11,1,10,兆豐-竹北,2023-05-10,7007
6163,華電網,10,0,10,兆豐-竹北,2023-05-10,7007
6541,泰福-KY,10,0,10,兆豐-竹北,2023-05-10,7007
2851,中再保,9,0,9,兆豐-竹北,2023-05-10,7007
8942,森鉅,10,1,9,兆豐-竹北,2023-05-10,7007
3289,宜特,9,1,8,兆豐-竹北,2023-05-10,7007
8996,高力,12,4,8,兆豐-竹北,2023-05-10,7007
9917,中保科,8,0,8,兆豐-竹北,2023-05-10,7007
6220,岳豐,7,0,7,兆豐-竹北,2023-05-10,7007
00900,富邦特選高股息30,7,0,7,兆豐-竹北,2023-05-10,7007
00888,永豐台灣ESG,7,0,7,兆豐-竹北,2023-05-10,7007
00687B,國泰20年美債,7,0,7,兆豐-竹北,2023-05-10,7007
3484,崧騰,7,0,7,兆豐-竹北,2023-05-10,7007
6160,欣技,28,21,7,兆豐-竹北,2023-05-10,7007
6248,沛波,7,0,7,兆豐-竹北,2023-05-10,7007
2834,臺企銀,351,100,251,兆豐-竹北,2023-05-11,7007
00878,國泰永續高股息,69,1,68,兆豐-竹北,2023-05-11,7007
2206,三陽工業,62,6,56,兆豐-竹北,2023-05-11,7007
3027,盛達,56,1,55,兆豐-竹北,2023-05-11,7007
3047,訊舟,47,0,47,兆豐-竹北,2023-05-11,7007
6245,立端,64,30,34,兆豐-竹北,2023-05-11,7007
8084,巨虹,34,1,33,兆豐-竹北,2023-05-11,7007
1701,中化,30,0,30,兆豐-竹北,2023-05-11,7007
2201,裕隆,36,9,27,兆豐-竹北,2023-05-11,7007
00900,富邦特選高股息30,26,0,26,兆豐-竹北,2023-05-11,7007
9907,統一實,25,0,25,兆豐-竹北,2023-05-11,7007
1503,士電,24,1,23,兆豐-竹北,2023-05-11,7007
9958,世紀鋼,24,1,23,兆豐-竹北,2023-05-11,7007
5351,鈺創,23,1,22,兆豐-竹北,2023-05-11,7007
3032,偉訓,79,58,21,兆豐-竹北,2023-05-11,7007
00632R,元大台灣50反1,35,15,20,兆豐-竹北,2023-05-11,7007
00687B,國泰20年美債,20,0,20,兆豐-竹北,2023-05-11,7007
1447,力鵬,20,0,20,兆豐-竹北,2023-05-11,7007
2883,凱基金,22,2,20,兆豐-竹北,2023-05-11,7007
8131,福懋科,19,0,19,兆豐-竹北,2023-05-11,7007
6442,光聖,17,0,17,兆豐-竹北,2023-05-11,7007
2542,興富發,18,2,16,兆豐-竹北,2023-05-11,7007
00680L,元大美債20正2,16,0,16,兆豐-竹北,2023-05-11,7007
00882,中信中國高股息,14,0,14,兆豐-竹北,2023-05-11,7007
3017,奇鋐,67,53,14,兆豐-竹北,2023-05-11,7007
4967,十銓,17,3,14,兆豐-竹北,2023-05-11,7007
6122,擎邦,47,33,14,兆豐-竹北,2023-05-11,7007
6285,啟��,15,2,13,兆豐-竹北,2023-05-11,7007
1337,再生-KY,32,20,12,兆豐-竹北,2023-05-11,7007
1445,大宇,12,0,12,兆豐-竹北,2023-05-11,7007
1609,大亞,22,10,12,兆豐-竹北,2023-05-11,7007
1709,和益,12,0,12,兆豐-竹北,2023-05-11,7007
2329,華泰,12,0,12,兆豐-竹北,2023-05-11,7007
3715,定穎投控,30,18,12,兆豐-竹北,2023-05-11,7007
9904,寶成,12,0,12,兆豐-竹北,2023-05-11,7007
006208,富邦台50,12,0,12,兆豐-竹北,2023-05-11,7007
00921,兆豐龍頭等權重,11,0,11,兆豐-竹北,2023-05-11,7007
00753L,中信中國50正2,11,0,11,兆豐-竹北,2023-05-11,7007
2610,華航,11,0,11,兆豐-竹北,2023-05-11,7007
2812,台中銀,11,0,11,兆豐-竹北,2023-05-11,7007
3704,合勤控,11,0,11,兆豐-竹北,2023-05-11,7007
6117,迎廣,11,0,11,兆豐-竹北,2023-05-11,7007
2352,佳世達,12,2,10,兆豐-竹北,2023-05-11,7007
2345,智邦,10,0,10,兆豐-竹北,2023-05-11,7007
2363,矽統,10,0,10,兆豐-竹北,2023-05-11,7007
2745,五福,10,0,10,兆豐-竹北,2023-05-11,7007
4541,晟田,18,8,10,兆豐-竹北,2023-05-11,7007
4566,時碩工業,10,0,10,兆豐-竹北,2023-05-11,7007
4958,臻鼎-KY,10,0,10,兆豐-竹北,2023-05-11,7007
9955,佳龍,11,1,10,兆豐-竹北,2023-05-11,7007
00715L,期街口布蘭特正2,54,0,54,兆豐-竹北,2023-05-12,7007
2615,萬海,45,0,45,兆豐-竹北,2023-05-12,7007
1611,中電,51,10,41,兆豐-竹北,2023-05-12,7007
5258,虹堡,47,14,33,兆豐-竹北,2023-05-12,7007
2392,正崴,30,0,30,兆豐-竹北,2023-05-12,7007
00878,國泰永續高股息,32,2,30,兆豐-竹北,2023-05-12,7007
2495,普安,25,0,25,兆豐-竹北,2023-05-12,7007
1762,中化生,26,4,22,兆豐-竹北,2023-05-12,7007
00642U,期元大S＆P石油,21,0,21,兆豐-竹北,2023-05-12,7007
2353,宏��,22,1,21,兆豐-竹北,2023-05-12,7007
00882,中信中國高股息,23,4,19,兆豐-竹北,2023-05-12,7007
6414,樺漢,19,0,19,兆豐-竹北,2023-05-12,7007
2888,新光金,18,1,17,兆豐-竹北,2023-05-12,7007
2382,廣達,25,10,15,兆豐-竹北,2023-05-12,7007
5353,台林,15,0,15,兆豐-竹北,2023-05-12,7007
9945,潤泰新,15,0,15,兆豐-竹北,2023-05-12,7007
00673R,期元大S＆P原油反1,15,2,13,兆豐-竹北,2023-05-12,7007
8099,大世科,15,3,12,兆豐-竹北,2023-05-12,7007
0056,元大高股息,12,1,11,兆豐-竹北,2023-05-12,7007
6438,迅得,11,0,11,兆豐-竹北,2023-05-12,7007
6548,長科*,11,0,11,兆豐-竹北,2023-05-12,7007
00795B,中信美國公債20年,10,0,10,兆豐-竹北,2023-05-12,7007
00888,永豐台灣ESG,10,0,10,兆豐-竹北,2023-05-12,7007
1522,堤維西,10,0,10,兆豐-竹北,2023-05-12,7007
1701,中化,10,0,10,兆豐-竹北,2023-05-12,7007
1727,中華化,10,0,10,兆豐-竹北,2023-05-12,7007
6266,泰詠,10,0,10,兆豐-竹北,2023-05-12,7007
8131,福懋科,10,0,10,兆豐-竹北,2023-05-12,7007
6116,彩晶,10,0,10,兆豐-竹北,2023-05-12,7007
1783,和康生,11,2,9,兆豐-竹北,2023-05-12,7007
3260,威剛,9,0,9,兆豐-竹北,2023-05-12,7007
4564,元翎,9,0,9,兆豐-竹北,2023-05-12,7007
4931,新盛力,9,0,9,兆豐-竹北,2023-05-12,7007
2317,鴻海,12,4,8,兆豐-竹北,2023-05-12,7007
00751B,元大AAA至A公司債,8,0,8,兆豐-竹北,2023-05-12,7007
3711,日月光投控,70,62,8,兆豐-竹北,2023-05-12,7007
5533,皇鼎,8,0,8,兆豐-竹北,2023-05-12,7007
8038,長園科,11,3,8,兆豐-竹北,2023-05-12,7007
2330,台積電,8,1,7,兆豐-竹北,2023-05-12,7007
1314,中石化,7,0,7,兆豐-竹北,2023-05-12,7007
1504,東元,11,4,7,兆豐-竹北,2023-05-12,7007
1540,喬福,7,0,7,兆豐-竹北,2023-05-12,7007
2885,元大金,7,0,7,兆豐-竹北,2023-05-12,7007
2887,台新金,7,0,7,兆豐-竹北,2023-05-12,7007
3576,聯合再生,7,0,7,兆豐-竹北,2023-05-12,7007
6274,台燿,10,3,7,兆豐-竹北,2023-05-12,7007
3017,奇鋐,31,24,7,兆豐-竹北,2023-05-12,7007
00725B,國泰投資級公司債,6,0,6,兆豐-竹北,2023-05-12,7007
00665L,富邦�琤肭磪囓�2,10,4,6,兆豐-竹北,2023-05-12,7007
1503,士電,27,21,6,兆豐-竹北,2023-05-12,7007
3231,緯創,130,13,117,兆豐-竹北,2023-05-15,7007
00878,國泰永續高股息,101,36,65,兆豐-竹北,2023-05-15,7007
00637L,元大滬深300正2,43,1,42,兆豐-竹北,2023-05-15,7007
1905,華紙,80,48,32,兆豐-竹北,2023-05-15,7007
00882,中信中國高股息,24,0,24,兆豐-竹北,2023-05-15,7007
3305,昇貿,20,0,20,兆豐-竹北,2023-05-15,7007
0056,元大高股息,18,0,18,兆豐-竹北,2023-05-15,7007
1504,東元,56,38,18,兆豐-竹北,2023-05-15,7007
6122,擎邦,21,8,13,兆豐-竹北,2023-05-15,7007
9945,潤泰新,13,1,12,兆豐-竹北,2023-05-15,7007
3037,欣興,13,1,12,兆豐-竹北,2023-05-15,7007
5258,虹堡,33,21,12,兆豐-竹北,2023-05-15,7007
1104,環泥,13,2,11,兆豐-竹北,2023-05-15,7007
6472,保瑞,23,12,11,兆豐-竹北,2023-05-15,7007
2618,長榮航,17,6,11,兆豐-竹北,2023-05-15,7007
00885,富邦越南,10,0,10,兆豐-竹北,2023-05-15,7007
1540,喬福,10,0,10,兆豐-竹北,2023-05-15,7007
3027,盛達,11,1,10,兆豐-竹北,2023-05-15,7007
3058,立德,11,1,10,兆豐-竹北,2023-05-15,7007
3646,艾恩特,10,0,10,兆豐-竹北,2023-05-15,7007
4111,濟生,10,0,10,兆豐-竹北,2023-05-15,7007
6005,群益證,10,0,10,兆豐-竹北,2023-05-15,7007
6219,富旺,10,0,10,兆豐-竹北,2023-05-15,7007
6277,宏正,10,0,10,兆豐-竹北,2023-05-15,7007
8410,森田,10,0,10,兆豐-竹北,2023-05-15,7007
2317,鴻海,10,0,10,兆豐-竹北,2023-05-15,7007
1503,士電,18,10,8,兆豐-竹北,2023-05-15,7007
00738U,期元大道瓊白銀,8,0,8,兆豐-竹北,2023-05-15,7007
2610,華航,12,4,8,兆豐-竹北,2023-05-15,7007
00772B,中信高評級公司債,7,0,7,兆豐-竹北,2023-05-15,7007
3029,零壹,9,2,7,兆豐-竹北,2023-05-15,7007
00900,富邦特選高股息30,7,0,7,兆豐-竹北,2023-05-15,7007
00720B,元大投資級公司債,8,1,7,兆豐-竹北,2023-05-15,7007
2211,長榮鋼,9,2,7,兆豐-竹北,2023-05-15,7007
3062,建漢,7,0,7,兆豐-竹北,2023-05-15,7007
6541,泰福-KY,7,0,7,兆豐-竹北,2023-05-15,7007
00708L,期元大S＆P黃金正2,6,0,6,兆豐-竹北,2023-05-15,7007
1231,聯華食,6,0,6,兆豐-竹北,2023-05-15,7007
1709,和益,6,0,6,兆豐-竹北,2023-05-15,7007
3078,僑威,6,0,6,兆豐-竹北,2023-05-15,7007
4109,加捷生醫,18,12,6,兆豐-竹北,2023-05-15,7007
2880,華南金,6,0,6,兆豐-竹北,2023-05-15,7007
00888,永豐台灣ESG,5,0,5,兆豐-竹北,2023-05-15,7007
00894,中信小資高價30,5,0,5,兆豐-竹北,2023-05-15,7007
00701,國泰股利精選30,5,0,5,兆豐-竹北,2023-05-15,7007
00715L,期街口布蘭特正2,5,0,5,兆豐-竹北,2023-05-15,7007
00674R,期元大S＆P黃金反1,5,0,5,兆豐-竹北,2023-05-15,7007
2409,友達,5,0,5,兆豐-竹北,2023-05-15,7007
2413,環科,7,2,5,兆豐-竹北,2023-05-15,7007
2732,六角,5,0,5,兆豐-竹北,2023-05-15,7007
3231,緯創,104,6,98,兆豐-竹北,2023-05-16,7007
2530,華建,60,0,60,兆豐-竹北,2023-05-16,7007
00751B,元大AAA至A公司債,50,0,50,兆豐-竹北,2023-05-16,7007
00720B,元大投資級公司債,37,0,37,兆豐-竹北,2023-05-16,7007
00722B,群益投資級電信債,30,0,30,兆豐-竹北,2023-05-16,7007
2605,新興,28,0,28,兆豐-竹北,2023-05-16,7007
2453,凌群,26,3,23,兆豐-竹北,2023-05-16,7007
6220,岳豐,23,0,23,兆豐-竹北,2023-05-16,7007
2408,南亞科,20,0,20,兆豐-竹北,2023-05-16,7007
00687B,國泰20年美債,19,0,19,兆豐-竹北,2023-05-16,7007
2402,毅嘉,28,10,18,兆豐-竹北,2023-05-16,7007
00772B,中信高評級公司債,20,3,17,兆豐-竹北,2023-05-16,7007
00632R,元大台灣50反1,17,0,17,兆豐-竹北,2023-05-16,7007
2376,技嘉,24,7,17,兆豐-竹北,2023-05-16,7007
00764B,群益25年美債,16,0,16,兆豐-竹北,2023-05-16,7007
2323,中環,36,21,15,兆豐-竹北,2023-05-16,7007
6142,友勁,15,0,15,兆豐-竹北,2023-05-16,7007
8358,金居,15,0,15,兆豐-竹北,2023-05-16,7007
3363,上詮,62,48,14,兆豐-竹北,2023-05-16,7007
2371,大同,30,17,13,兆豐-竹北,2023-05-16,7007
5315,光聯,13,0,13,兆豐-竹北,2023-05-16,7007
00882,中信中國高股息,11,0,11,兆豐-竹北,2023-05-16,7007
1519,華城,32,21,11,兆豐-竹北,2023-05-16,7007
2609,陽明,13,2,11,兆豐-竹北,2023-05-16,7007
9958,世紀鋼,11,0,11,兆豐-竹北,2023-05-16,7007
2886,兆豐金,20,10,10,兆豐-竹北,2023-05-16,7007
00683L,期元大美元指正2,10,0,10,兆豐-竹北,2023-05-16,7007
2317,鴻海,10,0,10,兆豐-竹北,2023-05-16,7007
2332,友訊,10,0,10,兆豐-竹北,2023-05-16,7007
2489,瑞軒,21,11,10,兆豐-竹北,2023-05-16,7007
3374,精材,10,0,10,兆豐-竹北,2023-05-16,7007
6698,旭暉應材,10,0,10,兆豐-竹北,2023-05-16,7007
00679B,元大美債20年,10,1,9,兆豐-竹北,2023-05-16,7007
00673R,期元大S＆P原油反1,10,1,9,兆豐-竹北,2023-05-16,7007
2610,華航,39,30,9,兆豐-竹北,2023-05-16,7007
3704,合勤控,12,3,9,兆豐-竹北,2023-05-16,7007
6443,元晶,12,3,9,兆豐-竹北,2023-05-16,7007
8076,伍豐,26,17,9,兆豐-竹北,2023-05-16,7007
6414,樺漢,10,1,9,兆豐-竹北,2023-05-16,7007
5706,鳳凰,9,0,9,兆豐-竹北,2023-05-16,7007
1101,台泥,8,0,8,兆豐-竹北,2023-05-16,7007
4979,華星光,18,10,8,兆豐-竹北,2023-05-16,7007
5351,鈺創,10,2,8,兆豐-竹北,2023-05-16,7007
2038,海光,7,0,7,兆豐-竹北,2023-05-16,7007
2383,台光電,9,2,7,兆豐-竹北,2023-05-16,7007
2617,台航,7,0,7,兆豐-竹北,2023-05-16,7007
2897,王道銀行,7,0,7,兆豐-竹北,2023-05-16,7007
3591,艾笛森,17,10,7,兆豐-竹北,2023-05-16,7007
00862B,中信投資級公司債,6,0,6,兆豐-竹北,2023-05-16,7007
00725B,國泰投資級公司債,6,0,6,兆豐-竹北,2023-05-16,7007
2834,臺企銀,151,9,142,兆豐-竹北,2023-05-17,7007
2530,華建,155,60,95,兆豐-竹北,2023-05-17,7007
00632R,元大台灣50反1,90,0,90,兆豐-竹北,2023-05-17,7007
00665L,富邦�琤肭磪囓�2,70,0,70,兆豐-竹北,2023-05-17,7007
6285,啟��,59,1,58,兆豐-竹北,2023-05-17,7007
3162,精確,42,3,39,兆豐-竹北,2023-05-17,7007
00720B,元大投資級公司債,32,0,32,兆豐-竹北,2023-05-17,7007
00715L,期街口布蘭特正2,25,0,25,兆豐-竹北,2023-05-17,7007
3027,盛達,20,1,19,兆豐-竹北,2023-05-17,7007
5511,德昌,17,0,17,兆豐-竹北,2023-05-17,7007
6026,福邦證,17,0,17,兆豐-竹北,2023-05-17,7007
2609,陽明,24,7,17,兆豐-竹北,2023-05-17,7007
00887,永豐中國科技50大,16,0,16,兆豐-竹北,2023-05-17,7007
2382,廣達,20,4,16,兆豐-竹北,2023-05-17,7007
3034,聯詠,15,0,15,兆豐-竹北,2023-05-17,7007
4102,永日,16,1,15,兆豐-竹北,2023-05-17,7007
6160,欣技,30,15,15,兆豐-竹北,2023-05-17,7007
1319,東陽,19,5,14,兆豐-竹北,2023-05-17,7007
00725B,國泰投資級公司債,14,0,14,兆豐-竹北,2023-05-17,7007
1609,大亞,28,15,13,兆豐-竹北,2023-05-17,7007
1616,億泰,13,0,13,兆豐-竹北,2023-05-17,7007
2331,精英,12,0,12,兆豐-竹北,2023-05-17,7007
2338,光罩,12,0,12,兆豐-竹北,2023-05-17,7007
2457,飛宏,19,7,12,兆豐-竹北,2023-05-17,7007
6112,邁達特,13,1,12,兆豐-竹北,2023-05-17,7007
00679B,元大美債20年,12,1,11,兆豐-竹北,2023-05-17,7007
3207,耀勝,16,5,11,兆豐-竹北,2023-05-17,7007
00722B,群益投資級電信債,10,0,10,兆豐-竹北,2023-05-17,7007
1612,宏泰,12,2,10,兆豐-竹北,2023-05-17,7007
3305,昇貿,10,0,10,兆豐-竹北,2023-05-17,7007
4562,穎漢,10,0,10,兆豐-竹北,2023-05-17,7007
6116,彩晶,10,0,10,兆豐-竹北,2023-05-17,7007
8210,勤誠,10,0,10,兆豐-竹北,2023-05-17,7007
8215,明基材,10,0,10,兆豐-竹北,2023-05-17,7007
00687B,國泰20年美債,9,0,9,兆豐-竹北,2023-05-17,7007
00882,中信中國高股息,9,0,9,兆豐-竹北,2023-05-17,7007
2618,長榮航,10,1,9,兆豐-竹北,2023-05-17,7007
5258,虹堡,19,10,9,兆豐-竹北,2023-05-17,7007
8110,華東,10,1,9,兆豐-竹北,2023-05-17,7007
2603,長榮,24,16,8,兆豐-竹北,2023-05-17,7007
1101,台泥,10,2,8,兆豐-竹北,2023-05-17,7007
6197,佳必琪,9,1,8,兆豐-竹北,2023-05-17,7007
6488,環球晶,8,0,8,兆豐-竹北,2023-05-17,7007
1810,和成,7,0,7,兆豐-竹北,2023-05-17,7007
5009,榮剛,28,21,7,兆豐-竹北,2023-05-17,7007
5483,中美晶,7,0,7,兆豐-竹北,2023-05-17,7007
6698,旭暉應材,10,3,7,兆豐-竹北,2023-05-17,7007
1314,中石化,6,0,6,兆豐-竹北,2023-05-17,7007
1540,喬福,6,0,6,兆豐-竹北,2023-05-17,7007
1560,中砂,7,1,6,兆豐-竹北,2023-05-17,7007
6026,福邦證,80,0,80,兆豐-竹北,2023-05-18,7007
1519,華城,84,18,66,兆豐-竹北,2023-05-18,7007
2530,華建,100,35,65,兆豐-竹北,2023-05-18,7007
6143,振曜,55,0,55,兆豐-竹北,2023-05-18,7007
00687B,國泰20年美債,45,0,45,兆豐-竹北,2023-05-18,7007
00632R,元大台灣50反1,93,53,40,兆豐-竹北,2023-05-18,7007
8271,宇瞻,30,0,30,兆豐-竹北,2023-05-18,7007
1504,東元,82,54,28,兆豐-竹北,2023-05-18,7007
2388,威盛,27,1,26,兆豐-竹北,2023-05-18,7007
6417,韋僑,27,1,26,兆豐-竹北,2023-05-18,7007
3362,先進光,37,15,22,兆豐-竹北,2023-05-18,7007
00637L,元大滬深300正2,21,0,21,兆豐-竹北,2023-05-18,7007
1904,正隆,20,0,20,兆豐-竹北,2023-05-18,7007
6142,友勁,20,0,20,兆豐-竹北,2023-05-18,7007
1101,台泥,35,16,19,兆豐-竹北,2023-05-18,7007
8097,常珵,20,1,19,兆豐-竹北,2023-05-18,7007
00720B,元大投資級公司債,19,0,19,兆豐-竹北,2023-05-18,7007
6122,擎邦,40,22,18,兆豐-竹北,2023-05-18,7007
6245,立端,35,17,18,兆豐-竹北,2023-05-18,7007
00680L,元大美債20正2,17,0,17,兆豐-竹北,2023-05-18,7007
1540,喬福,17,0,17,兆豐-竹北,2023-05-18,7007
00751B,元大AAA至A公司債,16,0,16,兆豐-竹北,2023-05-18,7007
8069,元太,18,3,15,兆豐-竹北,2023-05-18,7007
6288,聯嘉,17,2,15,兆豐-竹北,2023-05-18,7007
2489,瑞軒,19,6,13,兆豐-竹北,2023-05-18,7007
5706,鳳凰,25,12,13,兆豐-竹北,2023-05-18,7007
4121,優盛,12,0,12,兆豐-竹北,2023-05-18,7007
00725B,國泰投資級公司債,11,0,11,兆豐-竹北,2023-05-18,7007
2338,光罩,11,0,11,兆豐-竹北,2023-05-18,7007
1905,華紙,54,43,11,兆豐-竹北,2023-05-18,7007
8940,新天地,10,0,10,兆豐-竹北,2023-05-18,7007
00852L,國泰美國道瓊正2,10,0,10,兆豐-竹北,2023-05-18,7007
00665L,富邦�琤肭磪囓�2,30,20,10,兆豐-竹北,2023-05-18,7007
2409,友達,10,0,10,兆豐-竹北,2023-05-18,7007
2903,遠百,12,2,10,兆豐-竹北,2023-05-18,7007
4919,新唐,13,3,10,兆豐-竹北,2023-05-18,7007
6191,精成科,10,0,10,兆豐-竹北,2023-05-18,7007
8110,華東,10,0,10,兆豐-竹北,2023-05-18,7007
8390,金益鼎,10,0,10,兆豐-竹北,2023-05-18,7007
9945,潤泰新,10,0,10,兆豐-竹北,2023-05-18,7007
4968,立積,16,7,9,兆豐-竹北,2023-05-18,7007
2382,廣達,12,2,10,兆豐-竹北,2023-05-18,7007
6266,泰詠,19,10,9,兆豐-竹北,2023-05-18,7007
00712,復華富時不動產,9,0,9,兆豐-竹北,2023-05-18,7007
5315,光聯,9,0,9,兆豐-竹北,2023-05-18,7007
5388,中磊,15,6,9,兆豐-竹北,2023-05-18,7007
6282,康舒,9,0,9,兆豐-竹北,2023-05-18,7007
6220,岳豐,8,0,8,兆豐-竹北,2023-05-18,7007
8926,台汽電,10,2,8,兆豐-竹北,2023-05-18,7007
00772B,中信高評級公司債,7,0,7,兆豐-竹北,2023-05-18,7007
2489,瑞軒,58,0,58,兆豐-竹北,2023-05-19,7007
4102,永日,60,4,56,兆豐-竹北,2023-05-19,7007
2349,錸德,51,0,51,兆豐-竹北,2023-05-19,7007
2206,三陽工業,58,8,50,兆豐-竹北,2023-05-19,7007
3024,憶聲,44,0,44,兆豐-竹北,2023-05-19,7007
2498,宏達電,47,5,42,兆豐-竹北,2023-05-19,7007
00665L,富邦�琤肭磪囓�2,54,20,34,兆豐-竹北,2023-05-19,7007
3363,上詮,72,38,34,兆豐-竹北,2023-05-19,7007
8271,宇瞻,30,0,30,兆豐-竹北,2023-05-19,7007
6112,邁達特,26,2,24,兆豐-竹北,2023-05-19,7007
00687B,國泰20年美債,24,0,24,兆豐-竹北,2023-05-19,7007
4906,正文,23,0,23,兆豐-竹北,2023-05-19,7007
6282,康舒,41,18,23,兆豐-竹北,2023-05-19,7007
3029,零壹,40,18,22,兆豐-竹北,2023-05-19,7007
3027,盛達,21,0,21,兆豐-竹北,2023-05-19,7007
00753L,中信中國50正2,30,10,20,兆豐-竹北,2023-05-19,7007
1513,中興電,25,5,20,兆豐-竹北,2023-05-19,7007
3014,聯陽,22,2,20,兆豐-竹北,2023-05-19,7007
2618,長榮航,101,81,20,兆豐-竹北,2023-05-19,7007
1504,東元,65,46,19,兆豐-竹北,2023-05-19,7007
6122,擎邦,20,1,19,兆豐-竹北,2023-05-19,7007
6288,聯嘉,19,2,17,兆豐-竹北,2023-05-19,7007
2027,大成鋼,16,0,16,兆豐-竹北,2023-05-19,7007
3058,立德,18,2,16,兆豐-竹北,2023-05-19,7007
00882,中信中國高股息,15,0,15,兆豐-竹北,2023-05-19,7007
00706L,期元大S＆P日圓正2,15,0,15,兆豐-竹北,2023-05-19,7007
1711,永光,15,0,15,兆豐-竹北,2023-05-19,7007
3078,僑威,23,8,15,兆豐-竹北,2023-05-19,7007
00679B,元大美債20年,17,5,12,兆豐-竹北,2023-05-19,7007
2482,連宇,47,35,12,兆豐-竹北,2023-05-19,7007
3483,力致,22,10,12,兆豐-竹北,2023-05-19,7007
6160,欣技,15,3,12,兆豐-竹北,2023-05-19,7007
00632R,元大台灣50反1,18,7,11,兆豐-竹北,2023-05-19,7007
1514,亞力,17,6,11,兆豐-竹北,2023-05-19,7007
3032,偉訓,14,3,11,兆豐-竹北,2023-05-19,7007
2603,長榮,26,16,10,兆豐-竹北,2023-05-19,7007
6509,聚和,11,1,10,兆豐-竹北,2023-05-19,7007
00752,中信中國50,10,0,10,兆豐-竹北,2023-05-19,7007
3013,晟銘電,10,0,10,兆豐-竹北,2023-05-19,7007
6005,群益證,10,0,10,兆豐-竹北,2023-05-19,7007
6285,啟��,9,0,9,兆豐-竹北,2023-05-19,7007
00751B,元大AAA至A公司債,8,0,8,兆豐-竹北,2023-05-19,7007
00738U,期元大道瓊白銀,8,0,8,兆豐-竹北,2023-05-19,7007
6414,樺漢,8,0,8,兆豐-竹北,2023-05-19,7007
8069,元太,16,9,7,兆豐-竹北,2023-05-19,7007
00680L,元大美債20正2,7,0,7,兆豐-竹北,2023-05-19,7007
00637L,元大滬深300正2,8,1,7,兆豐-竹北,2023-05-19,7007
3646,艾恩特,7,0,7,兆豐-竹北,2023-05-19,7007
2392,正崴,6,0,6,兆豐-竹北,2023-05-19,7007
2468,華經,13,7,6,兆豐-竹北,2023-05-19,7007
1809,中釉,325,1,324,兆豐-竹北,2023-05-22,7007
2303,聯電,52,5,47,兆豐-竹北,2023-05-22,7007
00715L,期街口布蘭特正2,55,9,46,兆豐-竹北,2023-05-22,7007
00751B,元大AAA至A公司債,48,2,46,兆豐-竹北,2023-05-22,7007
00687B,國泰20年美債,42,0,42,兆豐-竹北,2023-05-22,7007
2104,國際中橡,42,0,42,兆豐-竹北,2023-05-22,7007
3363,上詮,63,24,39,兆豐-竹北,2023-05-22,7007
6015,宏遠證,30,0,30,兆豐-竹北,2023-05-22,7007
2610,華航,46,20,26,兆豐-竹北,2023-05-22,7007
8069,元太,23,0,23,兆豐-竹北,2023-05-22,7007
00882,中信中國高股息,27,5,22,兆豐-竹北,2023-05-22,7007
00680L,元大美債20正2,21,0,21,兆豐-竹北,2023-05-22,7007
00772B,中信高評級公司債,21,1,20,兆豐-竹北,2023-05-22,7007
2368,金像電,26,6,20,兆豐-竹北,2023-05-22,7007
3037,欣興,22,3,19,兆豐-竹北,2023-05-22,7007
5243,乙盛-KY,37,19,18,兆豐-竹北,2023-05-22,7007
2345,智邦,20,3,17,兆豐-竹北,2023-05-22,7007
2049,上銀,17,0,17,兆豐-竹北,2023-05-22,7007
4102,永日,19,2,17,兆豐-竹北,2023-05-22,7007
5706,鳳凰,19,3,16,兆豐-竹北,2023-05-22,7007
6245,立端,34,20,14,兆豐-竹北,2023-05-22,7007
2706,第一店,16,2,14,兆豐-竹北,2023-05-22,7007
1101,台泥,20,7,13,兆豐-竹北,2023-05-22,7007
3576,聯合再生,13,0,13,兆豐-竹北,2023-05-22,7007
8046,南電,15,2,13,兆豐-竹北,2023-05-22,7007
00673R,期元大S＆P原油反1,12,0,12,兆豐-竹北,2023-05-22,7007
00725B,國泰投資級公司債,11,0,11,兆豐-竹北,2023-05-22,7007
1609,大亞,23,12,11,兆豐-竹北,2023-05-22,7007
1471,首利,10,0,10,兆豐-竹北,2023-05-22,7007
2888,新光金,10,0,10,兆豐-竹北,2023-05-22,7007
3380,明泰,10,0,10,兆豐-竹北,2023-05-22,7007
3532,台勝科,11,1,10,兆豐-竹北,2023-05-22,7007
3162,精確,10,1,9,兆豐-竹北,2023-05-22,7007
6288,聯嘉,10,1,9,兆豐-竹北,2023-05-22,7007
6712,長聖,10,1,9,兆豐-竹北,2023-05-22,7007
2603,長榮,10,1,9,兆豐-竹北,2023-05-22,7007
2211,長榮鋼,8,0,8,兆豐-竹北,2023-05-22,7007
3710,連展投控,8,0,8,兆豐-竹北,2023-05-22,7007
4744,皇將,8,0,8,兆豐-竹北,2023-05-22,7007
00795B,中信美國公債20年,7,0,7,兆豐-竹北,2023-05-22,7007
1540,喬福,6,0,6,兆豐-竹北,2023-05-22,7007
1612,宏泰,12,6,6,兆豐-竹北,2023-05-22,7007
6197,佳必琪,11,5,6,兆豐-竹北,2023-05-22,7007
6223,旺矽,15,9,6,兆豐-竹北,2023-05-22,7007
6443,元晶,6,0,6,兆豐-竹北,2023-05-22,7007
3088,艾訊,15,10,5,兆豐-竹北,2023-05-22,7007
00724B,群益投資級金融債,5,0,5,兆豐-竹北,2023-05-22,7007
00642U,期元大S＆P石油,7,2,5,兆豐-竹北,2023-05-22,7007
00706L,期元大S＆P日圓正2,5,0,5,兆豐-竹北,2023-05-22,7007
00690,兆豐藍籌30,5,0,5,兆豐-竹北,2023-05-22,7007
3481,群創,225,8,217,兆豐-竹北,2023-05-23,7007
1809,中釉,185,9,176,兆豐-竹北,2023-05-23,7007
00637L,元大滬深300正2,153,0,153,兆豐-竹北,2023-05-23,7007
00687B,國泰20年美債,118,0,118,兆豐-竹北,2023-05-23,7007
1905,華紙,200,87,113,兆豐-竹北,2023-05-23,7007
00882,中信中國高股息,66,0,66,兆豐-竹北,2023-05-23,7007
00632R,元大台灣50反1,55,0,55,兆豐-竹北,2023-05-23,7007
1608,華榮,65,10,55,兆豐-竹北,2023-05-23,7007
2610,華航,69,28,41,兆豐-竹北,2023-05-23,7007
2442,新美齊,50,10,40,兆豐-竹北,2023-05-23,7007
2206,三陽工業,44,7,37,兆豐-竹北,2023-05-23,7007
00720B,元大投資級公司債,32,0,32,兆豐-竹北,2023-05-23,7007
00680L,元大美債20正2,26,0,26,兆豐-竹北,2023-05-23,7007
1904,正隆,24,3,21,兆豐-竹北,2023-05-23,7007
2881,富邦金,20,2,18,兆豐-竹北,2023-05-23,7007
9958,世紀鋼,18,0,18,兆豐-竹北,2023-05-23,7007
1513,中興電,20,4,16,兆豐-竹北,2023-05-23,7007
4763,材料-KY,17,1,16,兆豐-竹北,2023-05-23,7007
3162,精確,17,1,16,兆豐-竹北,2023-05-23,7007
6285,啟��,17,2,15,兆豐-竹北,2023-05-23,7007
00878,國泰永續高股息,21,6,15,兆豐-竹北,2023-05-23,7007
2002,中鋼,26,11,15,兆豐-竹北,2023-05-23,7007
8076,伍豐,16,2,14,兆豐-竹北,2023-05-23,7007
1609,大亞,35,21,14,兆豐-竹北,2023-05-23,7007
8227,巨有科技,13,0,13,兆豐-竹北,2023-05-23,7007
00665L,富邦�琤肭磪囓�2,12,0,12,兆豐-竹北,2023-05-23,7007
3163,波若威,21,9,12,兆豐-竹北,2023-05-23,7007
00772B,中信高評級公司債,11,0,11,兆豐-竹北,2023-05-23,7007
2201,裕隆,11,0,11,兆豐-竹北,2023-05-23,7007
3673,TPK-KY,11,0,11,兆豐-竹北,2023-05-23,7007
00725B,國泰投資級公司債,10,0,10,兆豐-竹北,2023-05-23,7007
2369,菱生,10,0,10,兆豐-竹北,2023-05-23,7007
2633,台灣高鐵,10,0,10,兆豐-竹北,2023-05-23,7007
5285,界霖,10,0,10,兆豐-竹北,2023-05-23,7007
6026,福邦證,10,0,10,兆豐-竹北,2023-05-23,7007
6191,精成科,10,0,10,兆豐-竹北,2023-05-23,7007
8996,高力,32,22,10,兆豐-竹北,2023-05-23,7007
3545,敦泰,10,0,10,兆豐-竹北,2023-05-23,7007
2743,山富,11,2,9,兆豐-竹北,2023-05-23,7007
00751B,元大AAA至A公司債,8,0,8,兆豐-竹北,2023-05-23,7007
6446,藥華藥,17,9,8,兆豐-竹北,2023-05-23,7007
2368,金像電,9,1,8,兆豐-竹北,2023-05-23,7007
3665,貿聯-KY,8,0,8,兆豐-竹北,2023-05-23,7007
4919,新唐,10,2,8,兆豐-竹北,2023-05-23,7007
8222,寶一,10,2,8,兆豐-竹北,2023-05-23,7007
6732,昇佳電子,8,0,8,兆豐-竹北,2023-05-23,7007
2371,大同,7,0,7,兆豐-竹北,2023-05-23,7007
2731,雄獅,9,2,7,兆豐-竹北,2023-05-23,7007
6229,研通,7,0,7,兆豐-竹北,2023-05-23,7007
2882,國泰金,11,5,6,兆豐-竹北,2023-05-23,7007
00632R,元大台灣50反1,104,0,104,兆豐-竹北,2023-05-24,7007
4564,元翎,150,77,73,兆豐-竹北,2023-05-24,7007
2887,台新金,70,0,70,兆豐-竹北,2023-05-24,7007
00753L,中信中國50正2,94,30,64,兆豐-竹北,2023-05-24,7007
2368,金像電,74,10,64,兆豐-竹北,2023-05-24,7007
2884,玉山金,59,0,59,兆豐-竹北,2023-05-24,7007
00680L,元大美債20正2,55,0,55,兆豐-竹北,2023-05-24,7007
3540,曜越,38,8,30,兆豐-竹北,2023-05-24,7007
4744,皇將,32,2,30,兆豐-竹北,2023-05-24,7007
5531,鄉林,40,12,28,兆豐-竹北,2023-05-24,7007
00665L,富邦�琤肭磪囓�2,25,0,25,兆豐-竹北,2023-05-24,7007
00795B,中信美國公債20年,22,0,22,兆豐-竹北,2023-05-24,7007
2881,富邦金,22,0,22,兆豐-竹北,2023-05-24,7007
2344,華邦電,27,6,21,兆豐-竹北,2023-05-24,7007
2705,六福,21,1,20,兆豐-竹北,2023-05-24,7007
5324,士開,20,0,20,兆豐-竹北,2023-05-24,7007
6160,欣技,28,8,20,兆豐-竹北,2023-05-24,7007
3027,盛達,18,0,18,兆豐-竹北,2023-05-24,7007
1584,精剛,16,2,14,兆豐-竹北,2023-05-24,7007
00687B,國泰20年美債,13,0,13,兆豐-竹北,2023-05-24,7007
3078,僑威,27,14,13,兆豐-竹北,2023-05-24,7007
00751B,元大AAA至A公司債,12,0,12,兆豐-竹北,2023-05-24,7007
6168,宏齊,12,0,12,兆豐-竹北,2023-05-24,7007
3481,群創,12,0,12,兆豐-竹北,2023-05-24,7007
2303,聯電,13,2,11,兆豐-竹北,2023-05-24,7007
2376,技嘉,11,0,11,兆豐-竹北,2023-05-24,7007
4102,永日,21,10,11,兆豐-竹北,2023-05-24,7007
8084,巨虹,11,0,11,兆豐-竹北,2023-05-24,7007
3231,緯創,27,16,11,兆豐-竹北,2023-05-24,7007
00878,國泰永續高股息,44,34,10,兆豐-竹北,2023-05-24,7007
00688L,國泰20年美債正2,10,0,10,兆豐-竹北,2023-05-24,7007
1337,再生-KY,10,0,10,兆豐-竹北,2023-05-24,7007
2208,台船,10,0,10,兆豐-竹北,2023-05-24,7007
2375,凱美,10,0,10,兆豐-竹北,2023-05-24,7007
3259,鑫創,10,0,10,兆豐-竹北,2023-05-24,7007
5009,榮剛,47,37,10,兆豐-竹北,2023-05-24,7007
8227,巨有科技,11,1,10,兆豐-竹北,2023-05-24,7007
00752,中信中國50,10,1,9,兆豐-竹北,2023-05-24,7007
2630,亞航,11,2,9,兆豐-竹北,2023-05-24,7007
3149,正達,10,1,9,兆豐-竹北,2023-05-24,7007
6579,研揚,9,0,9,兆豐-竹北,2023-05-24,7007
6245,立端,20,12,8,兆豐-竹北,2023-05-24,7007
2891,中信金,7,0,7,兆豐-竹北,2023-05-24,7007
00772B,中信高評級公司債,7,0,7,兆豐-竹北,2023-05-24,7007
1418,東華,9,2,7,兆豐-竹北,2023-05-24,7007
2399,映泰,27,20,7,兆豐-竹北,2023-05-24,7007
3058,立德,9,2,7,兆豐-竹北,2023-05-24,7007
3221,台嘉碩,7,0,7,兆豐-竹北,2023-05-24,7007
2702,華園,11,5,6,兆豐-竹北,2023-05-24,7007
6472,保瑞,8,2,6,兆豐-竹北,2023-05-24,7007
2892,第一金,134,6,128,兆豐-竹北,2023-05-25,7007
00882,中信中國高股息,214,100,114,兆豐-竹北,2023-05-25,7007
00665L,富邦�琤肭磪囓�2,81,0,81,兆豐-竹北,2023-05-25,7007
2324,仁寶,83,4,79,兆豐-竹北,2023-05-25,7007
1905,華紙,202,128,74,兆豐-竹北,2023-05-25,7007
2489,瑞軒,55,0,55,兆豐-竹北,2023-05-25,7007
00637L,元大滬深300正2,42,2,40,兆豐-竹北,2023-05-25,7007
2881,富邦金,36,0,36,兆豐-竹北,2023-05-25,7007
3711,日月光投控,30,0,30,兆豐-竹北,2023-05-25,7007
00688L,國泰20年美債正2,24,0,24,兆豐-竹北,2023-05-25,7007
3419,譁裕,35,11,24,兆豐-竹北,2023-05-25,7007
00722B,群益投資級電信債,23,0,23,兆豐-竹北,2023-05-25,7007
00752,中信中國50,21,1,20,兆豐-竹北,2023-05-25,7007
1727,中華化,22,2,20,兆豐-竹北,2023-05-25,7007
6288,聯嘉,25,5,20,兆豐-竹北,2023-05-25,7007
00687B,國泰20年美債,20,0,20,兆豐-竹北,2023-05-25,7007
00679B,元大美債20年,19,0,19,兆豐-竹北,2023-05-25,7007
00795B,中信美國公債20年,17,0,17,兆豐-竹北,2023-05-25,7007
1314,中石化,17,0,17,兆豐-竹北,2023-05-25,7007
00878,國泰永續高股息,28,12,16,兆豐-竹北,2023-05-25,7007
00753L,中信中國50正2,16,0,16,兆豐-竹北,2023-05-25,7007
00725B,國泰投資級公司債,16,0,16,兆豐-竹北,2023-05-25,7007
1626,艾美特-KY,16,0,16,兆豐-竹北,2023-05-25,7007
00720B,元大投資級公司債,15,0,15,兆豐-竹北,2023-05-25,7007
3363,上詮,35,20,15,兆豐-竹北,2023-05-25,7007
1460,宏遠,15,1,14,兆豐-竹北,2023-05-25,7007
2201,裕隆,13,0,13,兆豐-竹北,2023-05-25,7007
2637,慧洋-KY,13,0,13,兆豐-竹北,2023-05-25,7007
2206,三陽工業,15,3,12,兆豐-竹北,2023-05-25,7007
3189,景碩,14,2,12,兆豐-竹北,2023-05-25,7007
6143,振曜,12,0,12,兆豐-竹北,2023-05-25,7007
3481,群創,22,11,11,兆豐-竹北,2023-05-25,7007
1529,樂事綠能,11,0,11,兆豐-竹北,2023-05-25,7007
1513,中興電,15,4,11,兆豐-竹北,2023-05-25,7007
2340,台亞,12,1,11,兆豐-竹北,2023-05-25,7007
2834,臺企銀,11,0,11,兆豐-竹北,2023-05-25,7007
6282,康舒,14,3,11,兆豐-竹北,2023-05-25,7007
00692,富邦公司治理,11,0,11,兆豐-竹北,2023-05-25,7007
1611,中電,10,0,10,兆豐-竹北,2023-05-25,7007
1785,光洋科,17,7,10,兆豐-竹北,2023-05-25,7007
2332,友訊,15,5,10,兆豐-竹北,2023-05-25,7007
3027,盛達,10,0,10,兆豐-竹北,2023-05-25,7007
3046,建��,12,2,10,兆豐-竹北,2023-05-25,7007
3047,訊舟,10,0,10,兆豐-竹北,2023-05-25,7007
3162,精確,11,1,10,兆豐-竹北,2023-05-25,7007
3259,鑫創,10,0,10,兆豐-竹北,2023-05-25,7007
3290,東浦,11,1,10,兆豐-竹北,2023-05-25,7007
6168,宏齊,10,0,10,兆豐-竹北,2023-05-25,7007
8131,福懋科,10,0,10,兆豐-竹北,2023-05-25,7007
00751B,元大AAA至A公司債,9,0,9,兆豐-竹北,2023-05-25,7007
2324,仁寶,213,15,198,兆豐-竹北,2023-05-26,7007
00885,富邦越南,101,1,100,兆豐-竹北,2023-05-26,7007
1905,華紙,81,18,63,兆豐-竹北,2023-05-26,7007
00688L,國泰20年美債正2,60,0,60,兆豐-竹北,2023-05-26,7007
3024,憶聲,60,0,60,兆豐-竹北,2023-05-26,7007
2615,萬海,52,3,49,兆豐-竹北,2023-05-26,7007
8222,寶一,43,5,38,兆豐-竹北,2023-05-26,7007
00753L,中信中國50正2,32,0,32,兆豐-竹北,2023-05-26,7007
3231,緯創,143,113,30,兆豐-竹北,2023-05-26,7007
2885,元大金,30,0,30,兆豐-竹北,2023-05-26,7007
3481,群創,29,0,29,兆豐-竹北,2023-05-26,7007
1809,中釉,30,4,26,兆豐-竹北,2023-05-26,7007
00679B,元大美債20年,26,1,25,兆豐-竹北,2023-05-26,7007
3363,上詮,35,10,25,兆豐-竹北,2023-05-26,7007
2323,中環,95,75,20,兆豐-竹北,2023-05-26,7007
2331,精英,26,6,20,兆豐-竹北,2023-05-26,7007
3041,揚智,20,0,20,兆豐-竹北,2023-05-26,7007
00882,中信中國高股息,24,5,19,兆豐-竹北,2023-05-26,7007
2851,中再保,18,0,18,兆豐-竹北,2023-05-26,7007
6214,精誠,29,11,18,兆豐-竹北,2023-05-26,7007
00712,復華富時不動產,17,0,17,兆豐-竹北,2023-05-26,7007
00720B,元大投資級公司債,17,0,17,兆豐-竹北,2023-05-26,7007
8069,元太,36,21,15,兆豐-竹北,2023-05-26,7007
00665L,富邦�琤肭磪囓�2,15,0,15,兆豐-竹北,2023-05-26,7007
6142,友勁,15,0,15,兆豐-竹北,2023-05-26,7007
00687B,國泰20年美債,14,0,14,兆豐-竹北,2023-05-26,7007
2630,亞航,15,1,14,兆豐-竹北,2023-05-26,7007
6223,旺矽,24,10,14,兆豐-竹北,2023-05-26,7007
2881,富邦金,13,0,13,兆豐-竹北,2023-05-26,7007
3071,協禧,27,14,13,兆豐-竹北,2023-05-26,7007
4915,致伸,14,1,13,兆豐-竹北,2023-05-26,7007
2344,華邦電,17,4,13,兆豐-竹北,2023-05-26,7007
2002,中鋼,13,0,13,兆豐-竹北,2023-05-26,7007
6244,茂迪,23,11,12,兆豐-竹北,2023-05-26,7007
00680L,元大美債20正2,12,0,12,兆豐-竹北,2023-05-26,7007
2206,三陽工業,17,5,12,兆豐-竹北,2023-05-26,7007
3234,光環,12,0,12,兆豐-竹北,2023-05-26,7007
6770,力積電,12,0,12,兆豐-竹北,2023-05-26,7007
6285,啟��,12,0,12,兆豐-竹北,2023-05-26,7007
00752,中信中國50,11,0,11,兆豐-竹北,2023-05-26,7007
00633L,富邦上証正2,31,20,11,兆豐-竹北,2023-05-26,7007
1608,華榮,28,17,11,兆豐-竹北,2023-05-26,7007
5439,高技,16,5,11,兆豐-竹北,2023-05-26,7007
2603,長榮,24,14,10,兆豐-竹北,2023-05-26,7007
3545,敦泰,11,1,10,兆豐-竹北,2023-05-26,7007
2489,瑞軒,10,0,10,兆豐-竹北,2023-05-26,7007
4142,國光生,10,0,10,兆豐-竹北,2023-05-26,7007
6191,精成科,14,4,10,兆豐-竹北,2023-05-26,7007
6806,森崴能源,11,1,10,兆豐-竹北,2023-05-26,7007
8099,大世科,11,1,10,兆豐-竹北,2023-05-26,7007
2313,華通,120,2,118,兆豐-竹北,2023-05-29,7007
1608,華榮,109,13,96,兆豐-竹北,2023-05-29,7007
3706,神達,82,17,65,兆豐-竹北,2023-05-29,7007
00712,復華富時不動產,69,5,64,兆豐-竹北,2023-05-29,7007
3625,西勝,52,0,52,兆豐-竹北,2023-05-29,7007
3013,晟銘電,50,1,49,兆豐-竹北,2023-05-29,7007
00687B,國泰20年美債,57,10,47,兆豐-竹北,2023-05-29,7007
00878,國泰永續高股息,50,11,39,兆豐-竹北,2023-05-29,7007
3231,緯創,92,56,36,兆豐-竹北,2023-05-29,7007
4102,永日,33,0,33,兆豐-竹北,2023-05-29,7007
00720B,元大投資級公司債,32,1,31,兆豐-竹北,2023-05-29,7007
2883,凱基金,28,0,28,兆豐-竹北,2023-05-29,7007
8996,高力,29,3,26,兆豐-竹北,2023-05-29,7007
4564,元翎,55,32,23,兆豐-竹北,2023-05-29,7007
2376,技嘉,29,8,21,兆豐-竹北,2023-05-29,7007
0056,元大高股息,35,14,21,兆豐-竹北,2023-05-29,7007
00633L,富邦上証正2,17,0,17,兆豐-竹北,2023-05-29,7007
4960,誠美材,15,0,15,兆豐-竹北,2023-05-29,7007
3380,明泰,20,6,14,兆豐-竹北,2023-05-29,7007
1503,士電,21,7,14,兆豐-竹北,2023-05-29,7007
3540,曜越,17,3,14,兆豐-竹北,2023-05-29,7007
5258,虹堡,20,6,14,兆豐-竹北,2023-05-29,7007
6123,上奇,14,0,14,兆豐-竹北,2023-05-29,7007
2388,威盛,29,16,13,兆豐-竹北,2023-05-29,7007
00882,中信中國高股息,12,0,12,兆豐-竹北,2023-05-29,7007
2449,京元電子,18,6,12,兆豐-竹北,2023-05-29,7007
6191,精成科,12,0,12,兆豐-竹北,2023-05-29,7007
8069,元太,20,8,12,兆豐-竹北,2023-05-29,7007
2851,中再保,11,0,11,兆豐-竹北,2023-05-29,7007
8048,德勝,15,4,11,兆豐-竹北,2023-05-29,7007
9945,潤泰新,12,1,11,兆豐-竹北,2023-05-29,7007
1701,中化,10,0,10,兆豐-竹北,2023-05-29,7007
2377,微星,12,2,10,兆豐-竹北,2023-05-29,7007
2515,中工,10,0,10,兆豐-竹北,2023-05-29,7007
2605,新興,10,0,10,兆豐-竹北,2023-05-29,7007
3027,盛達,10,0,10,兆豐-竹北,2023-05-29,7007
3491,昇達科,11,1,10,兆豐-竹北,2023-05-29,7007
4744,皇將,10,0,10,兆豐-竹北,2023-05-29,7007
6142,友勁,10,0,10,兆豐-竹北,2023-05-29,7007
6426,統新,10,0,10,兆豐-竹北,2023-05-29,7007
8150,南茂,10,0,10,兆豐-竹北,2023-05-29,7007
9902,台火,10,0,10,兆豐-竹北,2023-05-29,7007
1612,宏泰,9,0,9,兆豐-竹北,2023-05-29,7007
4747,強生,9,0,9,兆豐-竹北,2023-05-29,7007
3362,先進光,17,8,9,兆豐-竹北,2023-05-29,7007
00772B,中信高評級公司債,8,0,8,兆豐-竹北,2023-05-29,7007
3037,欣興,12,5,7,兆豐-竹北,2023-05-29,7007
00680L,元大美債20正2,7,0,7,兆豐-竹北,2023-05-29,7007
4979,華星光,13,6,7,兆豐-竹北,2023-05-29,7007
8940,新天地,11,4,7,兆豐-竹北,2023-05-29,7007
2002,中鋼,115,0,115,兆豐-竹北,2023-05-30,7007
00878,國泰永續高股息,78,8,70,兆豐-竹北,2023-05-30,7007
1905,華紙,53,1,52,兆豐-竹北,2023-05-30,7007
2442,新美齊,52,0,52,兆豐-竹北,2023-05-30,7007
6111,大宇資,51,0,51,兆豐-竹北,2023-05-30,7007
2851,中再保,50,0,50,兆豐-竹北,2023-05-30,7007
00882,中信中國高股息,42,0,42,兆豐-竹北,2023-05-30,7007
2883,凱基金,42,0,42,兆豐-竹北,2023-05-30,7007
2206,三陽工業,70,32,38,兆豐-竹北,2023-05-30,7007
00632R,元大台灣50反1,100,63,37,兆豐-竹北,2023-05-30,7007
4744,皇將,34,0,34,兆豐-竹北,2023-05-30,7007
4102,永日,46,16,30,兆豐-竹北,2023-05-30,7007
3711,日月光投控,61,33,28,兆豐-竹北,2023-05-30,7007
8076,伍豐,26,0,26,兆豐-竹北,2023-05-30,7007
6244,茂迪,25,0,25,兆豐-竹北,2023-05-30,7007
2610,華航,92,67,25,兆豐-竹北,2023-05-30,7007
3356,奇偶,24,0,24,兆豐-竹北,2023-05-30,7007
2371,大同,34,11,23,兆豐-竹北,2023-05-30,7007
3078,僑威,28,6,22,兆豐-竹北,2023-05-30,7007
2881,富邦金,26,4,22,兆豐-竹北,2023-05-30,7007
2356,英業達,49,28,21,兆豐-竹北,2023-05-30,7007
1447,力鵬,20,0,20,兆豐-竹北,2023-05-30,7007
2498,宏達電,20,1,19,兆豐-竹北,2023-05-30,7007
2368,金像電,58,40,18,兆豐-竹北,2023-05-30,7007
3481,群創,16,0,16,兆豐-竹北,2023-05-30,7007
00772B,中信高評級公司債,16,0,16,兆豐-竹北,2023-05-30,7007
2331,精英,16,0,16,兆豐-竹北,2023-05-30,7007
3624,光頡,16,0,16,兆豐-竹北,2023-05-30,7007
6449,鈺邦,16,0,16,兆豐-竹北,2023-05-30,7007
8222,寶一,20,4,16,兆豐-竹北,2023-05-30,7007
00688L,國泰20年美債正2,15,0,15,兆豐-竹北,2023-05-30,7007
3682,亞太電,15,0,15,兆豐-竹北,2023-05-30,7007
2388,威盛,31,17,14,兆豐-竹北,2023-05-30,7007
2630,亞航,15,2,13,兆豐-竹北,2023-05-30,7007
5243,乙盛-KY,28,16,12,兆豐-竹北,2023-05-30,7007
00715L,期街口布蘭特正2,12,0,12,兆豐-竹北,2023-05-30,7007
6182,合晶,12,0,12,兆豐-竹北,2023-05-30,7007
00687B,國泰20年美債,11,0,11,兆豐-竹北,2023-05-30,7007
3094,聯傑,14,3,11,兆豐-竹北,2023-05-30,7007
3540,曜越,11,0,11,兆豐-竹北,2023-05-30,7007
00633L,富邦上証正2,10,0,10,兆豐-竹北,2023-05-30,7007
00650L,復華香港正2,10,0,10,兆豐-竹北,2023-05-30,7007
00679B,元大美債20年,10,0,10,兆豐-竹北,2023-05-30,7007
00673R,期元大S＆P原油反1,10,0,10,兆豐-竹北,2023-05-30,7007
3706,神達,11,1,10,兆豐-竹北,2023-05-30,7007
5225,東科-KY,10,0,10,兆豐-竹北,2023-05-30,7007
5439,高技,10,0,10,兆豐-竹北,2023-05-30,7007
6116,彩晶,10,0,10,兆豐-竹北,2023-05-30,7007
6218,豪勉,13,3,10,兆豐-竹北,2023-05-30,7007
6276,安鈦克,10,0,10,兆豐-竹北,2023-05-30,7007
00712,復華富時不動產,228,0,228,兆豐-竹北,2023-05-31,7007
00715L,期街口布蘭特正2,169,0,169,兆豐-竹北,2023-05-31,7007
3356,奇偶,126,0,126,兆豐-竹北,2023-05-31,7007
2891,中信金,112,2,110,兆豐-竹北,2023-05-31,7007
2883,凱基金,102,1,101,兆豐-竹北,2023-05-31,7007
2834,臺企銀,100,6,94,兆豐-竹北,2023-05-31,7007
00642U,期元大S＆P石油,52,0,52,兆豐-竹北,2023-05-31,7007
1218,泰山,44,0,44,兆豐-竹北,2023-05-31,7007
3419,譁裕,42,2,40,兆豐-竹北,2023-05-31,7007
00882,中信中國高股息,38,0,38,兆豐-竹北,2023-05-31,7007
2371,大同,53,18,35,兆豐-竹北,2023-05-31,7007
00772B,中信高評級公司債,33,0,33,兆豐-竹北,2023-05-31,7007
2530,華建,31,1,30,兆豐-竹北,2023-05-31,7007
4960,誠美材,30,1,29,兆豐-竹北,2023-05-31,7007
00878,國泰永續高股息,36,11,25,兆豐-竹北,2023-05-31,7007
2603,長榮,21,1,20,兆豐-竹北,2023-05-31,7007
00687B,國泰20年美債,22,2,20,兆豐-竹北,2023-05-31,7007
4979,華星光,40,21,19,兆豐-竹北,2023-05-31,7007
2331,精英,18,0,18,兆豐-竹北,2023-05-31,7007
3645,達邁,17,0,17,兆豐-竹北,2023-05-31,7007
3011,今皓,15,0,15,兆豐-竹北,2023-05-31,7007
6438,迅得,15,0,15,兆豐-竹北,2023-05-31,7007
00725B,國泰投資級公司債,15,1,14,兆豐-竹北,2023-05-31,7007
2313,華通,14,0,14,兆豐-竹北,2023-05-31,7007
2382,廣達,19,5,14,兆豐-竹北,2023-05-31,7007
2356,英業達,34,21,13,兆豐-竹北,2023-05-31,7007
00891,中信關鍵半導體,13,0,13,兆豐-竹北,2023-05-31,7007
3363,上詮,30,17,13,兆豐-竹北,2023-05-31,7007
6125,廣運,13,0,13,兆豐-竹北,2023-05-31,7007
00665L,富邦�琤肭磪囓�2,12,0,12,兆豐-竹北,2023-05-31,7007
1608,華榮,24,12,12,兆豐-竹北,2023-05-31,7007
2349,錸德,12,0,12,兆豐-竹北,2023-05-31,7007
3499,環天科,12,0,12,兆豐-竹北,2023-05-31,7007
6150,撼訊,15,3,12,兆豐-竹北,2023-05-31,7007
6770,力積電,12,0,12,兆豐-竹北,2023-05-31,7007
1802,台玻,11,0,11,兆豐-竹北,2023-05-31,7007
2457,飛宏,43,33,10,兆豐-竹北,2023-05-31,7007
00752,中信中國50,10,0,10,兆豐-竹北,2023-05-31,7007
1445,大宇,10,0,10,兆豐-竹北,2023-05-31,7007
2881,富邦金,10,0,10,兆豐-竹北,2023-05-31,7007
3710,連展投控,10,0,10,兆豐-竹北,2023-05-31,7007
5324,士開,10,0,10,兆豐-竹北,2023-05-31,7007
5469,瀚宇博,10,0,10,兆豐-竹北,2023-05-31,7007
6191,精成科,10,0,10,兆豐-竹北,2023-05-31,7007
6449,鈺邦,10,0,10,兆豐-竹北,2023-05-31,7007
8390,金益鼎,10,0,10,兆豐-竹北,2023-05-31,7007
0056,元大高股息,26,17,9,兆豐-竹北,2023-05-31,7007
2888,新光金,10,1,9,兆豐-竹北,2023-05-31,7007
3078,僑威,16,7,9,兆豐-竹北,2023-05-31,7007
8150,南茂,9,0,9,兆豐-竹北,2023-05-31,7007
2323,中環,234,4,230,兆豐-竹北,2023-06-01,7007
00687B,國泰20年美債,112,0,112,兆豐-竹北,2023-06-01,7007
6015,宏遠證,100,0,100,兆豐-竹北,2023-06-01,7007
00712,復華富時不動產,73,0,73,兆豐-竹北,2023-06-01,7007
3013,晟銘電,101,38,63,兆豐-竹北,2023-06-01,7007
00637L,元大滬深300正2,51,1,50,兆豐-竹北,2023-06-01,7007
2913,農林,52,2,50,兆豐-竹北,2023-06-01,7007
2892,第一金,43,0,43,兆豐-竹北,2023-06-01,7007
2206,三陽工業,56,15,41,兆豐-竹北,2023-06-01,7007
00642U,期元大S＆P石油,40,1,39,兆豐-竹北,2023-06-01,7007
2371,大同,43,7,36,兆豐-竹北,2023-06-01,7007
00715L,期街口布蘭特正2,33,0,33,兆豐-竹北,2023-06-01,7007
1605,華新,31,0,31,兆豐-竹北,2023-06-01,7007
2530,華建,90,60,30,兆豐-竹北,2023-06-01,7007
4129,聯合,32,2,30,兆豐-竹北,2023-06-01,7007
2881,富邦金,29,0,29,兆豐-竹北,2023-06-01,7007
2633,台灣高鐵,30,1,29,兆豐-竹北,2023-06-01,7007
2377,微星,26,0,26,兆豐-竹北,2023-06-01,7007
3362,先進光,31,7,24,兆豐-竹北,2023-06-01,7007
4961,天鈺,20,0,20,兆豐-竹北,2023-06-01,7007
6116,彩晶,20,0,20,兆豐-竹北,2023-06-01,7007
00885,富邦越南,20,1,19,兆豐-竹北,2023-06-01,7007
00882,中信中國高股息,17,0,17,兆豐-竹北,2023-06-01,7007
00680L,元大美債20正2,17,0,17,兆豐-竹北,2023-06-01,7007
4564,元翎,45,28,17,兆豐-竹北,2023-06-01,7007
6142,友勁,17,0,17,兆豐-竹北,2023-06-01,7007
6288,聯嘉,17,0,17,兆豐-竹北,2023-06-01,7007
2303,聯電,17,1,16,兆豐-竹北,2023-06-01,7007
3363,上詮,25,9,16,兆豐-竹北,2023-06-01,7007
4967,十銓,22,6,16,兆豐-竹北,2023-06-01,7007
3027,盛達,15,0,15,兆豐-竹北,2023-06-01,7007
4533,協易機,15,0,15,兆豐-竹北,2023-06-01,7007
3260,威剛,20,6,14,兆豐-竹北,2023-06-01,7007
006208,富邦台50,13,0,13,兆豐-竹北,2023-06-01,7007
2515,中工,20,7,13,兆豐-竹北,2023-06-01,7007
2883,凱基金,12,0,12,兆豐-竹北,2023-06-01,7007
3673,TPK-KY,28,16,12,兆豐-竹北,2023-06-01,7007
6114,久威,12,0,12,兆豐-竹北,2023-06-01,7007
00679B,元大美債20年,112,100,12,兆豐-竹北,2023-06-01,7007
2888,新光金,11,0,11,兆豐-竹北,2023-06-01,7007
1727,中華化,16,5,11,兆豐-竹北,2023-06-01,7007
9955,佳龍,11,0,11,兆豐-竹北,2023-06-01,7007
00725B,國泰投資級公司債,11,0,11,兆豐-竹北,2023-06-01,7007
2855,統一證,10,0,10,兆豐-竹北,2023-06-01,7007
2706,第一店,10,0,10,兆豐-竹北,2023-06-01,7007
6691,洋基工程,11,1,10,兆豐-竹北,2023-06-01,7007
2356,英業達,11,1,10,兆豐-竹北,2023-06-01,7007
0050,元大台灣50,9,0,9,兆豐-竹北,2023-06-01,7007
2444,兆勁,22,13,9,兆豐-竹北,2023-06-01,7007
3060,銘異,9,0,9,兆豐-竹北,2023-06-01,7007
2891,中信金,140,0,140,兆豐-竹北,2023-06-02,7007
2887,台新金,118,1,117,兆豐-竹北,2023-06-02,7007
00712,復華富時不動產,108,4,104,兆豐-竹北,2023-06-02,7007
6015,宏遠證,85,2,83,兆豐-竹北,2023-06-02,7007
1905,華紙,120,50,70,兆豐-竹北,2023-06-02,7007
2882,國泰金,62,1,61,兆豐-竹北,2023-06-02,7007
1806,冠軍,60,0,60,兆豐-竹北,2023-06-02,7007
5511,德昌,57,0,57,兆豐-竹北,2023-06-02,7007
6111,大宇資,111,56,55,兆豐-竹北,2023-06-02,7007
2892,第一金,53,0,53,兆豐-竹北,2023-06-02,7007
00919,群益台灣精選高息,50,5,45,兆豐-竹北,2023-06-02,7007
2371,大同,51,9,42,兆豐-竹北,2023-06-02,7007
00688L,國泰20年美債正2,40,0,40,兆豐-竹北,2023-06-02,7007
00679B,元大美債20年,39,0,39,兆豐-竹北,2023-06-02,7007
2610,華航,96,58,38,兆豐-竹北,2023-06-02,7007
3363,上詮,73,35,38,兆豐-竹北,2023-06-02,7007
4979,華星光,74,38,36,兆豐-竹北,2023-06-02,7007
2303,聯電,40,5,35,兆豐-竹北,2023-06-02,7007
1527,鑽全,30,0,30,兆豐-竹北,2023-06-02,7007
1618,合機,30,0,30,兆豐-竹北,2023-06-02,7007
3231,緯創,186,162,24,兆豐-竹北,2023-06-02,7007
2352,佳世達,30,7,23,兆豐-竹北,2023-06-02,7007
1504,東元,32,10,22,兆豐-竹北,2023-06-02,7007
4952,凌通,21,0,21,兆豐-竹北,2023-06-02,7007
5347,世界,21,1,20,兆豐-竹北,2023-06-02,7007
8150,南茂,20,0,20,兆豐-竹北,2023-06-02,7007
2353,宏��,63,43,20,兆豐-竹北,2023-06-02,7007
6531,愛普*,20,1,19,兆豐-竹北,2023-06-02,7007
5478,智冠,24,6,18,兆豐-竹北,2023-06-02,7007
00926,凱基全球菁英55,15,0,15,兆豐-竹北,2023-06-02,7007
4130,健亞,15,0,15,兆豐-竹北,2023-06-02,7007
00720B,元大投資級公司債,21,7,14,兆豐-竹北,2023-06-02,7007
00633L,富邦上証正2,12,0,12,兆豐-竹北,2023-06-02,7007
5439,高技,12,0,12,兆豐-竹北,2023-06-02,7007
2603,長榮,12,0,12,兆豐-竹北,2023-06-02,7007
8222,寶一,11,0,11,兆豐-竹北,2023-06-02,7007
2881,富邦金,10,0,10,兆豐-竹北,2023-06-02,7007
1762,中化生,10,0,10,兆豐-竹北,2023-06-02,7007
2342,茂矽,12,2,10,兆豐-竹北,2023-06-02,7007
2345,智邦,10,0,10,兆豐-竹北,2023-06-02,7007
2468,華經,10,0,10,兆豐-竹北,2023-06-02,7007
2481,強茂,10,0,10,兆豐-竹北,2023-06-02,7007
2537,聯上發,10,0,10,兆豐-竹北,2023-06-02,7007
2913,農林,12,2,10,兆豐-竹北,2023-06-02,7007
4543,萬在,52,42,10,兆豐-竹北,2023-06-02,7007
00687B,國泰20年美債,9,0,9,兆豐-竹北,2023-06-02,7007
6167,久正,9,0,9,兆豐-竹北,2023-06-02,7007
5706,鳳凰,29,20,9,兆豐-竹北,2023-06-02,7007
2886,兆豐金,10,2,8,兆豐-竹北,2023-06-02,7007
2382,廣達,35,27,8,兆豐-竹北,2023-06-02,7007
2880,華南金,120,2,118,兆豐-竹北,2023-06-05,7007
2889,國票金,102,0,102,兆豐-竹北,2023-06-05,7007
2014,中鴻,102,13,89,兆豐-竹北,2023-06-05,7007
2206,三陽工業,98,12,86,兆豐-竹北,2023-06-05,7007
2324,仁寶,55,1,54,兆豐-竹北,2023-06-05,7007
00712,復華富時不動產,54,2,52,兆豐-竹北,2023-06-05,7007
2401,凌陽,54,2,52,兆豐-竹北,2023-06-05,7007
00882,中信中國高股息,51,0,51,兆豐-竹北,2023-06-05,7007
00688L,國泰20年美債正2,50,0,50,兆豐-竹北,2023-06-05,7007
1608,華榮,56,6,50,兆豐-竹北,2023-06-05,7007
2371,大同,64,14,50,兆豐-竹北,2023-06-05,7007
2331,精英,54,7,47,兆豐-竹北,2023-06-05,7007
00679B,元大美債20年,48,5,43,兆豐-竹北,2023-06-05,7007
00919,群益台灣精選高息,40,0,40,兆豐-竹北,2023-06-05,7007
00687B,國泰20年美債,37,0,37,兆豐-竹北,2023-06-05,7007
1711,永光,71,35,36,兆豐-竹北,2023-06-05,7007
2834,臺企銀,31,0,31,兆豐-竹北,2023-06-05,7007
00645,富邦日本,30,0,30,兆豐-竹北,2023-06-05,7007
3058,立德,30,2,28,兆豐-竹北,2023-06-05,7007
2382,廣達,24,0,24,兆豐-竹北,2023-06-05,7007
1815,富喬,23,0,23,兆豐-竹北,2023-06-05,7007
1905,華紙,39,16,23,兆豐-竹北,2023-06-05,7007
1529,樂事綠能,30,8,22,兆豐-竹北,2023-06-05,7007
1904,正隆,23,1,22,兆豐-竹北,2023-06-05,7007
00720B,元大投資級公司債,20,0,20,兆豐-竹北,2023-06-05,7007
2449,京元電子,22,2,20,兆豐-竹北,2023-06-05,7007
3708,上緯投控,20,0,20,兆豐-竹北,2023-06-05,7007
2486,一詮,47,28,19,兆豐-竹北,2023-06-05,7007
00680L,元大美債20正2,22,5,17,兆豐-竹北,2023-06-05,7007
6182,合晶,18,1,17,兆豐-竹北,2023-06-05,7007
00753L,中信中國50正2,15,0,15,兆豐-竹北,2023-06-05,7007
2338,光罩,15,0,15,兆豐-竹北,2023-06-05,7007
2323,中環,45,33,12,兆豐-竹北,2023-06-05,7007
3374,精材,11,0,11,兆豐-竹北,2023-06-05,7007
5328,華容,11,0,11,兆豐-竹北,2023-06-05,7007
4919,新唐,11,0,11,兆豐-竹北,2023-06-05,7007
00898,國泰基因免疫革命,10,0,10,兆豐-竹北,2023-06-05,7007
1409,新纖,10,0,10,兆豐-竹北,2023-06-05,7007
2633,台灣高鐵,10,0,10,兆豐-竹北,2023-06-05,7007
2734,易飛網,10,0,10,兆豐-竹北,2023-06-05,7007
2845,遠東銀,10,0,10,兆豐-竹北,2023-06-05,7007
3206,志豐,10,0,10,兆豐-竹北,2023-06-05,7007
3363,上詮,36,26,10,兆豐-竹北,2023-06-05,7007
6548,長科*,15,5,10,兆豐-竹北,2023-06-05,7007
8110,華東,10,0,10,兆豐-竹北,2023-06-05,7007
1513,中興電,10,1,9,兆豐-竹北,2023-06-05,7007
1519,華城,19,10,9,兆豐-竹北,2023-06-05,7007
1907,永豐餘,12,3,9,兆豐-竹北,2023-06-05,7007
3707,漢磊,12,3,9,兆豐-竹北,2023-06-05,7007
1514,亞力,27,19,8,兆豐-竹北,2023-06-05,7007
2883,凱基金,150,1,149,兆豐-竹北,2023-06-06,7007
1905,華紙,190,43,147,兆豐-竹北,2023-06-06,7007
00712,復華富時不動產,122,0,122,兆豐-竹北,2023-06-06,7007
6111,大宇資,111,13,98,兆豐-竹北,2023-06-06,7007
2402,毅嘉,128,47,81,兆豐-竹北,2023-06-06,7007
6116,彩晶,91,15,76,兆豐-竹北,2023-06-06,7007
2427,三商電,72,14,58,兆豐-竹北,2023-06-06,7007
8936,國統,60,3,57,兆豐-竹北,2023-06-06,7007
1711,永光,60,6,54,兆豐-竹北,2023-06-06,7007
2889,國票金,50,0,50,兆豐-竹北,2023-06-06,7007
2888,新光金,63,19,44,兆豐-竹北,2023-06-06,7007
00927,群益半導體收益,43,0,43,兆豐-竹北,2023-06-06,7007
1608,華榮,48,8,40,兆豐-竹北,2023-06-06,7007
1714,和桐,40,0,40,兆豐-竹北,2023-06-06,7007
1609,大亞,96,59,37,兆豐-竹北,2023-06-06,7007
00919,群益台灣精選高息,40,3,37,兆豐-竹北,2023-06-06,7007
00679B,元大美債20年,36,0,36,兆豐-竹北,2023-06-06,7007
1314,中石化,34,1,33,兆豐-竹北,2023-06-06,7007
5309,系統電,32,0,32,兆豐-竹北,2023-06-06,7007
2442,新美齊,30,0,30,兆豐-竹北,2023-06-06,7007
3483,力致,81,52,29,兆豐-竹北,2023-06-06,7007
00642U,期元大S＆P石油,33,6,27,兆豐-竹北,2023-06-06,7007
6168,宏齊,23,0,23,兆豐-竹北,2023-06-06,7007
8097,常珵,23,0,23,兆豐-竹北,2023-06-06,7007
6244,茂迪,21,0,21,兆豐-竹北,2023-06-06,7007
8084,巨虹,21,0,21,兆豐-竹北,2023-06-06,7007
00715L,期街口布蘭特正2,25,5,20,兆豐-竹北,2023-06-06,7007
2514,龍邦,20,0,20,兆豐-竹北,2023-06-06,7007
3206,志豐,20,0,20,兆豐-竹北,2023-06-06,7007
4906,正文,22,2,20,兆豐-竹北,2023-06-06,7007
5347,世界,20,0,20,兆豐-竹北,2023-06-06,7007
4564,元翎,24,5,19,兆豐-竹北,2023-06-06,7007
1319,東陽,19,1,18,兆豐-竹北,2023-06-06,7007
2610,華航,22,4,18,兆豐-竹北,2023-06-06,7007
4533,協易機,28,10,18,兆豐-竹北,2023-06-06,7007
3078,僑威,18,2,16,兆豐-竹北,2023-06-06,7007
00688L,國泰20年美債正2,15,0,15,兆豐-竹北,2023-06-06,7007
00751B,元大AAA至A公司債,15,0,15,兆豐-竹北,2023-06-06,7007
1316,上曜,14,0,14,兆豐-竹北,2023-06-06,7007
4916,事欣科,20,7,13,兆豐-竹北,2023-06-06,7007
8091,翔名,13,0,13,兆豐-竹北,2023-06-06,7007
3481,群創,25,13,12,兆豐-竹北,2023-06-06,7007
1810,和成,12,0,12,兆豐-竹北,2023-06-06,7007
6185,幃翔,21,9,12,兆豐-竹北,2023-06-06,7007
00720B,元大投資級公司債,12,0,12,兆豐-竹北,2023-06-06,7007
2331,精英,23,12,11,兆豐-竹北,2023-06-06,7007
3499,環天科,11,0,11,兆豐-竹北,2023-06-06,7007
2643,捷迅,10,0,10,兆豐-竹北,2023-06-06,7007
2630,亞航,14,4,10,兆豐-竹北,2023-06-06,7007
3356,奇偶,10,0,10,兆豐-竹北,2023-06-06,7007
00885,富邦越南,80,0,80,兆豐-竹北,2023-06-07,7007
3356,奇偶,77,0,77,兆豐-竹北,2023-06-07,7007
8936,國統,72,0,72,兆豐-竹北,2023-06-07,7007
2530,華建,63,0,63,兆豐-竹北,2023-06-07,7007
8076,伍豐,60,3,57,兆豐-竹北,2023-06-07,7007
2889,國票金,50,0,50,兆豐-竹北,2023-06-07,7007
2402,毅嘉,92,55,37,兆豐-竹北,2023-06-07,7007
2883B,凱基金乙特,35,0,35,兆豐-竹北,2023-06-07,7007
2515,中工,34,0,34,兆豐-竹北,2023-06-07,7007
8091,翔名,33,0,33,兆豐-竹北,2023-06-07,7007
3071,協禧,32,1,31,兆豐-竹北,2023-06-07,7007
6191,精成科,31,0,31,兆豐-竹北,2023-06-07,7007
1445,大宇,30,1,29,兆豐-竹北,2023-06-07,7007
6244,茂迪,33,5,28,兆豐-竹北,2023-06-07,7007
4916,事欣科,30,3,27,兆豐-竹北,2023-06-07,7007
1710,東聯,31,5,26,兆豐-竹北,2023-06-07,7007
5511,德昌,29,3,26,兆豐-竹北,2023-06-07,7007
00715L,期街口布蘭特正2,25,0,25,兆豐-竹北,2023-06-07,7007
2371,大同,44,21,23,兆豐-竹北,2023-06-07,7007
2380,虹光,23,0,23,兆豐-竹北,2023-06-07,7007
3702,大聯大,20,0,20,兆豐-竹北,2023-06-07,7007
00923,群益台ESG低碳50,20,0,20,兆豐-竹北,2023-06-07,7007
2498,宏達電,22,2,20,兆豐-竹北,2023-06-07,7007
2618,長榮航,39,21,18,兆豐-竹北,2023-06-07,7007
2610,華航,68,51,17,兆豐-竹北,2023-06-07,7007
3231,緯創,52,36,16,兆豐-竹北,2023-06-07,7007
2331,精英,16,0,16,兆豐-竹北,2023-06-07,7007
4906,正文,16,0,16,兆豐-竹北,2023-06-07,7007
6282,康舒,25,9,16,兆豐-竹北,2023-06-07,7007
00679B,元大美債20年,15,0,15,兆豐-竹北,2023-06-07,7007
2323,中環,32,17,15,兆豐-竹北,2023-06-07,7007
3673,TPK-KY,15,0,15,兆豐-竹北,2023-06-07,7007
3037,欣興,14,0,14,兆豐-竹北,2023-06-07,7007
00882,中信中國高股息,13,0,13,兆豐-竹北,2023-06-07,7007
3363,上詮,35,22,13,兆豐-竹北,2023-06-07,7007
8033,雷虎,13,0,13,兆豐-竹北,2023-06-07,7007
2603,長榮,14,2,12,兆豐-竹北,2023-06-07,7007
00751B,元大AAA至A公司債,12,0,12,兆豐-竹北,2023-06-07,7007
00637L,元大滬深300正2,13,1,12,兆豐-竹北,2023-06-07,7007
1905,華紙,22,10,12,兆豐-竹北,2023-06-07,7007
5284,jpp-KY,12,0,12,兆豐-竹北,2023-06-07,7007
2457,飛宏,30,18,12,兆豐-竹北,2023-06-07,7007
2201,裕隆,21,10,11,兆豐-竹北,2023-06-07,7007
1319,東陽,17,7,10,兆豐-竹北,2023-06-07,7007
1591,駿吉-KY,20,10,10,兆豐-竹北,2023-06-07,7007
1603,華電,10,0,10,兆豐-竹北,2023-06-07,7007
3014,聯陽,10,0,10,兆豐-竹北,2023-06-07,7007
00687B,國泰20年美債,19,10,9,兆豐-竹北,2023-06-07,7007
6271,同欣電,9,0,9,兆豐-竹北,2023-06-07,7007
3005,神基,9,0,9,兆豐-竹北,2023-06-07,7007
2889,國票金,100,0,100,兆豐-竹北,2023-06-08,7007
00878,國泰永續高股息,95,13,82,兆豐-竹北,2023-06-08,7007
3032,偉訓,72,0,72,兆豐-竹北,2023-06-08,7007
3027,盛達,77,19,58,兆豐-竹北,2023-06-08,7007
00679B,元大美債20年,67,12,55,兆豐-竹北,2023-06-08,7007
00720B,元大投資級公司債,51,0,51,兆豐-竹北,2023-06-08,7007
1605,華新,53,2,51,兆豐-竹北,2023-06-08,7007
00632R,元大台灣50反1,52,4,48,兆豐-竹北,2023-06-08,7007
2882,國泰金,46,0,46,兆豐-竹北,2023-06-08,7007
1504,東元,47,1,46,兆豐-竹北,2023-06-08,7007
6116,彩晶,40,0,40,兆豐-竹北,2023-06-08,7007
00687B,國泰20年美債,50,10,40,兆豐-竹北,2023-06-08,7007
1609,大亞,62,23,39,兆豐-竹北,2023-06-08,7007
00919,群益台灣精選高息,38,0,38,兆豐-竹北,2023-06-08,7007
6143,振曜,32,0,32,兆豐-竹北,2023-06-08,7007
1455,集盛,30,0,30,兆豐-竹北,2023-06-08,7007
3704,合勤控,28,0,28,兆豐-竹北,2023-06-08,7007
6187,萬潤,33,7,26,兆豐-竹北,2023-06-08,7007
3356,奇偶,26,0,26,兆豐-竹北,2023-06-08,7007
8046,南電,25,0,25,兆豐-竹北,2023-06-08,7007
3625,西勝,25,0,25,兆豐-竹北,2023-06-08,7007
00751B,元大AAA至A公司債,24,0,24,兆豐-竹北,2023-06-08,7007
2413,環科,37,14,23,兆豐-竹北,2023-06-08,7007
00680L,元大美債20正2,22,0,22,兆豐-竹北,2023-06-08,7007
2388,威盛,38,16,22,兆豐-竹北,2023-06-08,7007
2851,中再保,22,0,22,兆豐-竹北,2023-06-08,7007
4916,事欣科,22,0,22,兆豐-竹北,2023-06-08,7007
4931,新盛力,23,1,22,兆豐-竹北,2023-06-08,7007
1316,上曜,21,0,21,兆豐-竹北,2023-06-08,7007
2489,瑞軒,20,0,20,兆豐-竹北,2023-06-08,7007
0056,元大高股息,32,13,19,兆豐-竹北,2023-06-08,7007
3037,欣興,24,6,18,兆豐-竹北,2023-06-08,7007
00713,元大台灣高息低波,18,1,17,兆豐-竹北,2023-06-08,7007
2344,華邦電,17,2,15,兆豐-竹北,2023-06-08,7007
2634,漢翔,23,8,15,兆豐-竹北,2023-06-08,7007
2734,易飛網,21,6,15,兆豐-竹北,2023-06-08,7007
3374,精材,24,10,14,兆豐-竹北,2023-06-08,7007
1591,駿吉-KY,24,10,14,兆豐-竹北,2023-06-08,7007
3673,TPK-KY,25,12,13,兆豐-竹北,2023-06-08,7007
00631L,元大台灣50正2,13,0,13,兆豐-竹北,2023-06-08,7007
1608,華榮,13,1,12,兆豐-竹北,2023-06-08,7007
1529,樂事綠能,11,0,11,兆豐-竹北,2023-06-08,7007
5302,太欣,11,0,11,兆豐-竹北,2023-06-08,7007
0050,元大台灣50,14,3,11,兆豐-竹北,2023-06-08,7007
3675,德微,10,0,10,兆豐-竹北,2023-06-08,7007
5364,力麗店,10,0,10,兆豐-竹北,2023-06-08,7007
5905,南仁湖,10,0,10,兆豐-竹北,2023-06-08,7007
6122,擎邦,10,0,10,兆豐-竹北,2023-06-08,7007
6219,富旺,10,0,10,兆豐-竹北,2023-06-08,7007
8071,能率網通,9,0,9,兆豐-竹北,2023-06-08,7007
00712,復華富時不動產,281,0,281,兆豐-竹北,2023-06-09,7007
2323,中環,123,44,79,兆豐-竹北,2023-06-09,7007
2353,宏��,78,0,78,兆豐-竹北,2023-06-09,7007
6015,宏遠證,60,0,60,兆豐-竹北,2023-06-09,7007
6282,康舒,54,6,48,兆豐-竹北,2023-06-09,7007
2882,國泰金,41,2,39,兆豐-竹北,2023-06-09,7007
00919,群益台灣精選高息,42,5,37,兆豐-竹北,2023-06-09,7007
00715L,期街口布蘭特正2,29,0,29,兆豐-竹北,2023-06-09,7007
1504,東元,34,10,24,兆豐-竹北,2023-06-09,7007
2328,廣宇,25,1,24,兆豐-竹北,2023-06-09,7007
2485,兆赫,21,0,21,兆豐-竹北,2023-06-09,7007
3704,合勤控,21,1,20,兆豐-竹北,2023-06-09,7007
5511,德昌,20,0,20,兆豐-竹北,2023-06-09,7007
2611,志信,20,1,19,兆豐-竹北,2023-06-09,7007
00753L,中信中國50正2,20,3,17,兆豐-竹北,2023-06-09,7007
2888,新光金,21,5,16,兆豐-竹北,2023-06-09,7007
2371,大同,25,9,16,兆豐-竹北,2023-06-09,7007
2618,長榮航,30,14,16,兆豐-竹北,2023-06-09,7007
00665L,富邦�琤肭磪囓�2,15,0,15,兆豐-竹北,2023-06-09,7007
00679B,元大美債20年,14,0,14,兆豐-竹北,2023-06-09,7007
1314,中石化,14,0,14,兆豐-竹北,2023-06-09,7007
2745,五福,12,0,12,兆豐-竹北,2023-06-09,7007
3498,陽程,12,0,12,兆豐-竹北,2023-06-09,7007
6223,旺矽,21,9,12,兆豐-竹北,2023-06-09,7007
3499,環天科,17,6,11,兆豐-竹北,2023-06-09,7007
3707,漢磊,12,1,11,兆豐-竹北,2023-06-09,7007
6143,振曜,11,0,11,兆豐-竹北,2023-06-09,7007
6743,安普新,19,8,11,兆豐-竹北,2023-06-09,7007
2881,富邦金,11,0,11,兆豐-竹北,2023-06-09,7007
00720B,元大投資級公司債,10,0,10,兆豐-竹北,2023-06-09,7007
1104,環泥,10,0,10,兆豐-竹北,2023-06-09,7007
00853B,統一美債10年Aa-,10,0,10,兆豐-竹北,2023-06-09,7007
1802,台玻,10,0,10,兆豐-竹北,2023-06-09,7007
2345,智邦,10,0,10,兆豐-竹北,2023-06-09,7007
2402,毅嘉,11,1,10,兆豐-竹北,2023-06-09,7007
2801,彰銀,10,0,10,兆豐-竹北,2023-06-09,7007
2845,遠東銀,10,0,10,兆豐-竹北,2023-06-09,7007
3305,昇貿,10,0,10,兆豐-竹北,2023-06-09,7007
3380,明泰,12,2,10,兆豐-竹北,2023-06-09,7007
3483,力致,10,0,10,兆豐-竹北,2023-06-09,7007
3645,達邁,10,0,10,兆豐-竹北,2023-06-09,7007
3673,TPK-KY,11,1,10,兆豐-竹北,2023-06-09,7007
4121,優盛,10,0,10,兆豐-竹北,2023-06-09,7007
5301,寶得利,16,6,10,兆豐-竹北,2023-06-09,7007
5475,德宏,10,0,10,兆豐-竹北,2023-06-09,7007
6244,茂迪,11,1,10,兆豐-竹北,2023-06-09,7007
8034,榮群,17,7,10,兆豐-竹北,2023-06-09,7007
2377,微星,15,6,9,兆豐-竹北,2023-06-09,7007
2609,陽明,13,4,9,兆豐-竹北,2023-06-09,7007
1432,大魯閣,11,2,9,兆豐-竹北,2023-06-09,7007
3231,緯創,151,25,126,兆豐-竹北,2023-06-12,7007
00715L,期街口布蘭特正2,90,0,90,兆豐-竹北,2023-06-12,7007
00919,群益台灣精選高息,78,17,61,兆豐-竹北,2023-06-12,7007
2301,光寶科,72,16,56,兆豐-竹北,2023-06-12,7007
2882,國泰金,52,0,52,兆豐-竹北,2023-06-12,7007
1907,永豐餘,54,3,51,兆豐-竹北,2023-06-12,7007
2889,國票金,50,0,50,兆豐-竹北,2023-06-12,7007
2206,三陽工業,55,9,46,兆豐-竹北,2023-06-12,7007
2888,新光金,68,26,42,兆豐-竹北,2023-06-12,7007
00642U,期元大S＆P石油,40,2,38,兆豐-竹北,2023-06-12,7007
3027,盛達,52,14,38,兆豐-竹北,2023-06-12,7007
6111,大宇資,36,4,32,兆豐-竹北,2023-06-12,7007
1802,台玻,30,0,30,兆豐-竹北,2023-06-12,7007
00929,復華台灣科技優息,77,48,29,兆豐-竹北,2023-06-12,7007
1514,亞力,27,0,27,兆豐-竹北,2023-06-12,7007
2236,百達-KY,26,0,26,兆豐-竹北,2023-06-12,7007
9944,新麗,25,0,25,兆豐-竹北,2023-06-12,7007
1762,中化生,26,5,21,兆豐-竹北,2023-06-12,7007
3479,安勤,21,0,21,兆豐-竹北,2023-06-12,7007
2883B,凱基金乙特,21,0,21,兆豐-竹北,2023-06-12,7007
2809,京城銀,20,0,20,兆豐-竹北,2023-06-12,7007
2886,兆豐金,19,0,19,兆豐-竹北,2023-06-12,7007
5258,虹堡,20,1,19,兆豐-竹北,2023-06-12,7007
8048,德勝,25,6,19,兆豐-竹北,2023-06-12,7007
0056,元大高股息,28,9,19,兆豐-竹北,2023-06-12,7007
2630,亞航,23,6,17,兆豐-竹北,2023-06-12,7007
00679B,元大美債20年,16,0,16,兆豐-竹北,2023-06-12,7007
00632R,元大台灣50反1,26,10,16,兆豐-竹北,2023-06-12,7007
006208,富邦台50,16,1,15,兆豐-竹北,2023-06-12,7007
1711,永光,15,0,15,兆豐-竹北,2023-06-12,7007
4979,華星光,35,20,15,兆豐-竹北,2023-06-12,7007
00882,中信中國高股息,15,0,15,兆豐-竹北,2023-06-12,7007
00878,國泰永續高股息,40,26,14,兆豐-竹北,2023-06-12,7007
3046,建��,19,6,13,兆豐-竹北,2023-06-12,7007
2442,新美齊,13,0,13,兆豐-竹北,2023-06-12,7007
6148,驊宏資,13,0,13,兆豐-竹北,2023-06-12,7007
6201,亞弘電,13,0,13,兆豐-竹北,2023-06-12,7007
6122,擎邦,27,15,12,兆豐-竹北,2023-06-12,7007
00673R,期元大S＆P原油反1,11,0,11,兆豐-竹北,2023-06-12,7007
2495,普安,11,0,11,兆豐-竹北,2023-06-12,7007
6188,廣明,19,8,11,兆豐-竹北,2023-06-12,7007
3707,漢磊,17,7,10,兆豐-竹北,2023-06-12,7007
00901,永豐智能車供應鏈,10,0,10,兆豐-竹北,2023-06-12,7007
1316,上曜,10,0,10,兆豐-竹北,2023-06-12,7007
1618,合機,10,0,10,兆豐-竹北,2023-06-12,7007
1727,中華化,10,0,10,兆豐-竹北,2023-06-12,7007
3625,西勝,10,0,10,兆豐-竹北,2023-06-12,7007
4167,松瑞藥,10,0,10,兆豐-竹北,2023-06-12,7007
4532,瑞智,10,0,10,兆豐-竹北,2023-06-12,7007
4564,元翎,10,0,10,兆豐-竹北,2023-06-12,7007
00715L,期街口布蘭特正2,165,0,165,兆豐-竹北,2023-06-13,7007
1714,和桐,102,0,102,兆豐-竹北,2023-06-13,7007
2887,台新金,102,5,97,兆豐-竹北,2023-06-13,7007
00885,富邦越南,81,3,78,兆豐-竹北,2023-06-13,7007
2888,新光金,90,15,75,兆豐-竹北,2023-06-13,7007
2324,仁寶,80,7,73,兆豐-竹北,2023-06-13,7007
00919,群益台灣精選高息,71,5,66,兆豐-竹北,2023-06-13,7007
2883,凱基金,63,2,61,兆豐-竹北,2023-06-13,7007
00642U,期元大S＆P石油,57,0,57,兆豐-竹北,2023-06-13,7007
4919,新唐,53,4,49,兆豐-竹北,2023-06-13,7007
2236,百達-KY,34,0,34,兆豐-竹北,2023-06-13,7007
6191,精成科,30,1,29,兆豐-竹北,2023-06-13,7007
3163,波若威,26,0,26,兆豐-竹北,2023-06-13,7007
1905,華紙,23,0,23,兆豐-竹北,2023-06-13,7007
00751B,元大AAA至A公司債,22,0,22,兆豐-竹北,2023-06-13,7007
00753L,中信中國50正2,20,0,20,兆豐-竹北,2023-06-13,7007
6148,驊宏資,25,5,20,兆豐-竹北,2023-06-13,7007
00882,中信中國高股息,24,5,19,兆豐-竹北,2023-06-13,7007
2368,金像電,63,46,17,兆豐-竹北,2023-06-13,7007
2515,中工,17,1,16,兆豐-竹北,2023-06-13,7007
4510,高鋒,18,3,15,兆豐-竹北,2023-06-13,7007
5014,建錩,15,0,15,兆豐-竹北,2023-06-13,7007
3141,晶宏,17,3,14,兆豐-竹北,2023-06-13,7007
4977,眾達-KY,20,6,14,兆豐-竹北,2023-06-13,7007
5364,力麗店,14,0,14,兆豐-竹北,2023-06-13,7007
2312,金寶,12,0,12,兆豐-竹北,2023-06-13,7007
2882,國泰金,12,0,12,兆豐-竹北,2023-06-13,7007
8027,鈦昇,12,0,12,兆豐-竹北,2023-06-13,7007
4968,立積,11,0,11,兆豐-竹北,2023-06-13,7007
4157,太景*-KY,11,0,11,兆豐-竹北,2023-06-13,7007
2449,京元電子,14,3,11,兆豐-竹北,2023-06-13,7007
4114,健喬,10,0,10,兆豐-竹北,2023-06-13,7007
4173,久裕,10,0,10,兆豐-竹北,2023-06-13,7007
8048,德勝,10,0,10,兆豐-竹北,2023-06-13,7007
8084,巨虹,10,0,10,兆豐-竹北,2023-06-13,7007
8299,群聯,12,2,10,兆豐-竹北,2023-06-13,7007
006208,富邦台50,9,0,9,兆豐-竹北,2023-06-13,7007
6288,聯嘉,17,8,9,兆豐-竹北,2023-06-13,7007
00632R,元大台灣50反1,31,22,9,兆豐-竹北,2023-06-13,7007
00772B,中信高評級公司債,9,0,9,兆豐-竹北,2023-06-13,7007
2743,山富,12,3,9,兆豐-竹北,2023-06-13,7007
3362,先進光,15,6,9,兆豐-竹北,2023-06-13,7007
3356,奇偶,11,3,8,兆豐-竹北,2023-06-13,7007
3374,精材,13,5,8,兆豐-竹北,2023-06-13,7007
2303,聯電,53,46,7,兆豐-竹北,2023-06-13,7007
6245,立端,15,8,7,兆豐-竹北,2023-06-13,7007
00720B,元大投資級公司債,7,0,7,兆豐-竹北,2023-06-13,7007
00712,復華富時不動產,7,0,7,兆豐-竹北,2023-06-13,7007
1316,上曜,7,0,7,兆豐-竹北,2023-06-13,7007
3178,公準,11,4,7,兆豐-竹北,2023-06-13,7007
6015,宏遠證,200,0,200,兆豐-竹北,2023-06-14,7007
2888,新光金,127,50,77,兆豐-竹北,2023-06-14,7007
2618,長榮航,243,193,50,兆豐-竹北,2023-06-14,7007
00919,群益台灣精選高息,49,4,45,兆豐-竹北,2023-06-14,7007
00679B,元大美債20年,27,0,27,兆豐-竹北,2023-06-14,7007
2610,華航,222,195,27,兆豐-竹北,2023-06-14,7007
2331,精英,25,0,25,兆豐-竹北,2023-06-14,7007
2886,兆豐金,21,0,21,兆豐-竹北,2023-06-14,7007
2884,玉山金,20,0,20,兆豐-竹北,2023-06-14,7007
6142,友勁,20,0,20,兆豐-竹北,2023-06-14,7007
8070,長華*,20,0,20,兆豐-竹北,2023-06-14,7007
2354,鴻準,21,1,20,兆豐-竹北,2023-06-14,7007
00878,國泰永續高股息,23,4,19,兆豐-竹北,2023-06-14,7007
00882,中信中國高股息,31,12,19,兆豐-竹北,2023-06-14,7007
2356,英業達,121,102,19,兆豐-竹北,2023-06-14,7007
6111,大宇資,19,0,19,兆豐-竹北,2023-06-14,7007
00715L,期街口布蘭特正2,26,9,17,兆豐-竹北,2023-06-14,7007
00712,復華富時不動產,16,0,16,兆豐-竹北,2023-06-14,7007
3540,曜越,16,0,16,兆豐-竹北,2023-06-14,7007
2034,允強,15,0,15,兆豐-竹北,2023-06-14,7007
5902,德記,15,0,15,兆豐-竹北,2023-06-14,7007
6122,擎邦,34,20,14,兆豐-竹北,2023-06-14,7007
2883,凱基金,13,0,13,兆豐-竹北,2023-06-14,7007
6285,啟��,13,0,13,兆豐-竹北,2023-06-14,7007
4173,久裕,12,0,12,兆豐-竹北,2023-06-14,7007
8093,保銳,13,1,12,兆豐-竹北,2023-06-14,7007
1314,中石化,11,0,11,兆豐-竹北,2023-06-14,7007
6112,邁達特,11,0,11,兆豐-竹北,2023-06-14,7007
00751B,元大AAA至A公司債,11,0,11,兆豐-竹北,2023-06-14,7007
1714,和桐,10,0,10,兆豐-竹北,2023-06-14,7007
1216,統一,10,0,10,兆豐-竹北,2023-06-14,7007
1612,宏泰,10,0,10,兆豐-竹北,2023-06-14,7007
2633,台灣高鐵,10,0,10,兆豐-竹北,2023-06-14,7007
3013,晟銘電,10,0,10,兆豐-竹北,2023-06-14,7007
3206,志豐,10,0,10,兆豐-竹北,2023-06-14,7007
3388,崇越電,10,0,10,兆豐-竹北,2023-06-14,7007
6488,環球晶,10,0,10,兆豐-竹北,2023-06-14,7007
8048,德勝,10,0,10,兆豐-竹北,2023-06-14,7007
8091,翔名,11,1,10,兆豐-竹北,2023-06-14,7007
5880,合庫金,10,0,10,兆豐-竹北,2023-06-14,7007
6125,廣運,34,25,9,兆豐-竹北,2023-06-14,7007
2421,建準,19,11,8,兆豐-竹北,2023-06-14,7007
2634,漢翔,8,0,8,兆豐-竹北,2023-06-14,7007
3011,今皓,8,0,8,兆豐-竹北,2023-06-14,7007
8446,華研,13,6,7,兆豐-竹北,2023-06-14,7007
00687B,國泰20年美債,15,8,7,兆豐-竹北,2023-06-14,7007
1536,和大,7,0,7,兆豐-竹北,2023-06-14,7007
2607,榮運,7,0,7,兆豐-竹北,2023-06-14,7007
3265,台星科,10,3,7,兆豐-竹北,2023-06-14,7007
5465,富驊,39,32,7,兆豐-竹北,2023-06-14,7007
2892,第一金,301,0,301,兆豐-竹北,2023-06-15,7007
6015,宏遠證,117,0,117,兆豐-竹北,2023-06-15,7007
00715L,期街口布蘭特正2,143,30,113,兆豐-竹北,2023-06-15,7007
2607,榮運,93,1,92,兆豐-竹北,2023-06-15,7007
2371,大同,103,26,77,兆豐-竹北,2023-06-15,7007
3163,波若威,88,18,70,兆豐-竹北,2023-06-15,7007
2618,長榮航,351,282,69,兆豐-竹北,2023-06-15,7007
6282,康舒,88,25,63,兆豐-竹北,2023-06-15,7007
2883,凱基金,56,1,55,兆豐-竹北,2023-06-15,7007
2890,永豐金,53,0,53,兆豐-竹北,2023-06-15,7007
2399,映泰,54,1,53,兆豐-竹北,2023-06-15,7007
00929,復華台灣科技優息,37,0,37,兆豐-竹北,2023-06-15,7007
1504,東元,52,16,36,兆豐-竹北,2023-06-15,7007
2303,聯電,52,16,36,兆豐-竹北,2023-06-15,7007
1714,和桐,35,0,35,兆豐-竹北,2023-06-15,7007
3231,緯創,92,58,34,兆豐-竹北,2023-06-15,7007
1802,台玻,53,20,33,兆豐-竹北,2023-06-15,7007
00712,復華富時不動產,38,6,32,兆豐-竹北,2023-06-15,7007
2323,中環,30,1,29,兆豐-竹北,2023-06-15,7007
2888,新光金,27,4,23,兆豐-竹北,2023-06-15,7007
5452,佶優,21,0,21,兆豐-竹北,2023-06-15,7007
5880,合庫金,30,10,20,兆豐-竹北,2023-06-15,7007
2845,遠東銀,20,0,20,兆豐-竹北,2023-06-15,7007
6556,勝品,20,0,20,兆豐-竹北,2023-06-15,7007
00669R,國泰美國道瓊反1,19,0,19,兆豐-竹北,2023-06-15,7007
3481,群創,41,22,19,兆豐-竹北,2023-06-15,7007
8936,國統,20,1,19,兆豐-竹北,2023-06-15,7007
00674R,期元大S＆P黃金反1,17,0,17,兆豐-竹北,2023-06-15,7007
2332,友訊,19,2,17,兆豐-竹北,2023-06-15,7007
2329,華泰,16,0,16,兆豐-竹北,2023-06-15,7007
3016,嘉晶,17,1,16,兆豐-竹北,2023-06-15,7007
00773B,中信優先金融債,14,0,14,兆豐-竹北,2023-06-15,7007
6244,茂迪,14,0,14,兆豐-竹北,2023-06-15,7007
00642U,期元大S＆P石油,16,4,12,兆豐-竹北,2023-06-15,7007
3374,精材,30,18,12,兆豐-竹北,2023-06-15,7007
00919,群益台灣精選高息,14,3,11,兆豐-竹北,2023-06-15,7007
2882,國泰金,11,0,11,兆豐-竹北,2023-06-15,7007
2609,陽明,21,10,11,兆豐-竹北,2023-06-15,7007
00905,FT臺灣Smart,10,0,10,兆豐-竹北,2023-06-15,7007
1409,新纖,10,0,10,兆豐-竹北,2023-06-15,7007
1417,嘉裕,10,0,10,兆豐-竹北,2023-06-15,7007
1784,訊聯,10,0,10,兆豐-竹北,2023-06-15,7007
2385,群光,11,1,10,兆豐-竹北,2023-06-15,7007
2442,新美齊,10,0,10,兆豐-竹北,2023-06-15,7007
2645,長榮航太,11,1,10,兆豐-竹北,2023-06-15,7007
5201,凱衛,10,0,10,兆豐-竹北,2023-06-15,7007
6198,瑞築,10,0,10,兆豐-竹北,2023-06-15,7007
8064,東捷,10,0,10,兆豐-竹北,2023-06-15,7007
8093,保銳,11,1,10,兆豐-竹北,2023-06-15,7007
8076,伍豐,16,6,10,兆豐-竹北,2023-06-15,7007
2371,大同,269,39,230,兆豐-竹北,2023-06-16,7007
00712,復華富時不動產,153,0,153,兆豐-竹北,2023-06-16,7007
2618,長榮航,218,108,110,兆豐-竹北,2023-06-16,7007
3013,晟銘電,94,3,91,兆豐-竹北,2023-06-16,7007
3707,漢磊,69,5,64,兆豐-竹北,2023-06-16,7007
2809,京城銀,61,0,61,兆豐-竹北,2023-06-16,7007
2236,百達-KY,60,0,60,兆豐-竹北,2023-06-16,7007
3356,奇偶,67,7,60,兆豐-竹北,2023-06-16,7007
3706,神達,70,23,47,兆豐-竹北,2023-06-16,7007
1504,東元,52,9,43,兆豐-竹北,2023-06-16,7007
1584,精剛,43,1,42,兆豐-竹北,2023-06-16,7007
2886,兆豐金,40,1,39,兆豐-竹北,2023-06-16,7007
00878,國泰永續高股息,40,3,37,兆豐-竹北,2023-06-16,7007
00751B,元大AAA至A公司債,36,0,36,兆豐-竹北,2023-06-16,7007
2882,國泰金,31,0,31,兆豐-竹北,2023-06-16,7007
6244,茂迪,35,4,31,兆豐-竹北,2023-06-16,7007
2206,三陽工業,62,33,29,兆豐-竹北,2023-06-16,7007
00929,復華台灣科技優息,25,0,25,兆豐-竹北,2023-06-16,7007
00919,群益台灣精選高息,37,13,24,兆豐-竹北,2023-06-16,7007
1529,樂事綠能,27,3,24,兆豐-竹北,2023-06-16,7007
2913,農林,23,0,23,兆豐-竹北,2023-06-16,7007
3231,緯創,127,105,22,兆豐-竹北,2023-06-16,7007
1540,喬福,21,0,21,兆豐-竹北,2023-06-16,7007
5880,合庫金,21,0,21,兆豐-竹北,2023-06-16,7007
2406,國碩,20,0,20,兆豐-竹北,2023-06-16,7007
4908,前鼎,20,0,20,兆豐-竹北,2023-06-16,7007
5498,凱崴,20,0,20,兆豐-竹北,2023-06-16,7007
5876,上海商銀,20,0,20,兆豐-竹北,2023-06-16,7007
6015,宏遠證,20,0,20,兆豐-竹北,2023-06-16,7007
2356,英業達,91,72,19,兆豐-竹北,2023-06-16,7007
2530,華建,20,2,18,兆豐-竹北,2023-06-16,7007
2382,廣達,24,8,16,兆豐-竹北,2023-06-16,7007
6770,力積電,17,1,16,兆豐-竹北,2023-06-16,7007
1609,大亞,55,40,15,兆豐-竹北,2023-06-16,7007
6142,友勁,15,0,15,兆豐-竹北,2023-06-16,7007
8415,大國鋼,15,0,15,兆豐-竹北,2023-06-16,7007
00882,中信中國高股息,16,1,15,兆豐-竹北,2023-06-16,7007
1319,東陽,16,2,14,兆豐-竹北,2023-06-16,7007
3055,蔚華科,18,5,13,兆豐-竹北,2023-06-16,7007
4303,信立,20,7,13,兆豐-竹北,2023-06-16,7007
5443,均豪,15,2,13,兆豐-竹北,2023-06-16,7007
2105,正新,14,3,11,兆豐-竹北,2023-06-16,7007
1519,華城,37,26,11,兆豐-竹北,2023-06-16,7007
2388,威盛,21,10,11,兆豐-竹北,2023-06-16,7007
2301,光寶科,38,28,10,兆豐-竹北,2023-06-16,7007
1101,台泥,12,2,10,兆豐-竹北,2023-06-16,7007
00753L,中信中國50正2,10,0,10,兆豐-竹北,2023-06-16,7007
2801,彰銀,10,0,10,兆豐-竹北,2023-06-16,7007
4513,福裕,10,0,10,兆豐-竹北,2023-06-16,7007
2489,瑞軒,55,45,10,兆豐-竹北,2023-06-16,7007
3706,神達,121,4,117,兆豐-竹北,2023-06-19,7007
1503,士電,88,14,74,兆豐-竹北,2023-06-19,7007
2104,國際中橡,70,6,64,兆豐-竹北,2023-06-19,7007
2312,金寶,69,12,57,兆豐-竹北,2023-06-19,7007
1905,華紙,56,0,56,兆豐-竹北,2023-06-19,7007
1108,幸福,55,1,54,兆豐-竹北,2023-06-19,7007
1591,駿吉-KY,47,4,43,兆豐-竹北,2023-06-19,7007
00632R,元大台灣50反1,40,0,40,兆豐-竹北,2023-06-19,7007
2618,長榮航,71,33,38,兆豐-竹北,2023-06-19,7007
8105,凌巨,40,4,36,兆豐-竹北,2023-06-19,7007
3163,波若威,32,1,31,兆豐-竹北,2023-06-19,7007
00665L,富邦�琤肭磪囓�2,60,30,30,兆豐-竹北,2023-06-19,7007
2867,三商壽,29,0,29,兆豐-竹北,2023-06-19,7007
2365,昆盈,25,0,25,兆豐-竹北,2023-06-19,7007
2633,台灣高鐵,22,0,22,兆豐-竹北,2023-06-19,7007
2886,兆豐金,21,0,21,兆豐-竹北,2023-06-19,7007
2913,農林,20,0,20,兆豐-竹北,2023-06-19,7007
6143,振曜,20,0,20,兆豐-竹北,2023-06-19,7007
4526,東台,20,1,19,兆豐-竹北,2023-06-19,7007
8033,雷虎,19,0,19,兆豐-竹北,2023-06-19,7007
6244,茂迪,18,0,18,兆豐-竹北,2023-06-19,7007
2431,聯昌,17,0,17,兆豐-竹北,2023-06-19,7007
6147,頎邦,17,0,17,兆豐-竹北,2023-06-19,7007
00919,群益台灣精選高息,16,0,16,兆豐-竹北,2023-06-19,7007
1471,首利,16,0,16,兆豐-竹北,2023-06-19,7007
3714,富采,18,2,16,兆豐-竹北,2023-06-19,7007
5465,富驊,25,9,16,兆豐-竹北,2023-06-19,7007
00878,國泰永續高股息,18,3,15,兆豐-竹北,2023-06-19,7007
3665,貿聯-KY,14,0,14,兆豐-竹北,2023-06-19,7007
4533,協易機,24,10,14,兆豐-竹北,2023-06-19,7007
2882,國泰金,13,0,13,兆豐-竹北,2023-06-19,7007
00687B,國泰20年美債,13,0,13,兆豐-竹北,2023-06-19,7007
1611,中電,13,0,13,兆豐-竹北,2023-06-19,7007
6203,海韻電,13,0,13,兆豐-竹北,2023-06-19,7007
1513,中興電,29,16,13,兆豐-竹北,2023-06-19,7007
2401,凌陽,82,70,12,兆豐-竹北,2023-06-19,7007
8054,安國,12,0,12,兆豐-竹北,2023-06-19,7007
2883,凱基金,10,0,10,兆豐-竹北,2023-06-19,7007
2855,統一證,10,0,10,兆豐-竹北,2023-06-19,7007
00712,復華富時不動產,10,0,10,兆豐-竹北,2023-06-19,7007
1608,華榮,10,0,10,兆豐-竹北,2023-06-19,7007
2482,連宇,13,3,10,兆豐-竹北,2023-06-19,7007
2495,普安,10,0,10,兆豐-竹北,2023-06-19,7007
2732,六角,10,0,10,兆豐-竹北,2023-06-19,7007
2883B,凱基金乙特,10,0,10,兆豐-竹北,2023-06-19,7007
4979,華星光,28,18,10,兆豐-竹北,2023-06-19,7007
3019,亞光,14,5,9,兆豐-竹北,2023-06-19,7007
6485,點序,10,1,9,兆豐-竹北,2023-06-19,7007
1524,耿鼎,8,0,8,兆豐-竹北,2023-06-19,7007
2634,漢翔,22,14,8,兆豐-竹北,2023-06-19,7007
3706,神達,89,8,81,兆豐-竹北,2023-06-20,7007
2365,昆盈,75,0,75,兆豐-竹北,2023-06-20,7007
6770,力積電,55,1,54,兆豐-竹北,2023-06-20,7007
2408,南亞科,52,2,50,兆豐-竹北,2023-06-20,7007
0056,元大高股息,49,5,44,兆豐-竹北,2023-06-20,7007
2356,英業達,89,53,36,兆豐-竹北,2023-06-20,7007
2610,華航,67,32,35,兆豐-竹北,2023-06-20,7007
3027,盛達,50,17,33,兆豐-竹北,2023-06-20,7007
1907,永豐餘,30,0,30,兆豐-竹北,2023-06-20,7007
1504,東元,37,7,30,兆豐-竹北,2023-06-20,7007
3481,群創,48,19,29,兆豐-竹北,2023-06-20,7007
2504,國產,26,1,25,兆豐-竹北,2023-06-20,7007
1605,華新,31,6,25,兆豐-竹北,2023-06-20,7007
2454,聯發科,19,2,17,兆豐-竹北,2023-06-20,7007
3363,上詮,22,5,17,兆豐-竹北,2023-06-20,7007
6290,良維,19,2,17,兆豐-竹北,2023-06-20,7007
1103,嘉泥,17,1,16,兆豐-竹北,2023-06-20,7007
1514,亞力,19,3,16,兆豐-竹北,2023-06-20,7007
3003,健和興,17,1,16,兆豐-竹北,2023-06-20,7007
3704,合勤控,16,0,16,兆豐-竹北,2023-06-20,7007
3416,融程電,15,0,15,兆豐-竹北,2023-06-20,7007
1802,台玻,16,2,14,兆豐-竹北,2023-06-20,7007
00706L,期元大S＆P日圓正2,13,0,13,兆豐-竹北,2023-06-20,7007
00632R,元大台灣50反1,20,7,13,兆豐-竹北,2023-06-20,7007
3056,富華新,13,0,13,兆豐-竹北,2023-06-20,7007
00795B,中信美國公債20年,12,0,12,兆豐-竹北,2023-06-20,7007
8940,新天地,12,0,12,兆豐-竹北,2023-06-20,7007
6245,立端,11,0,11,兆豐-竹北,2023-06-20,7007
00712,復華富時不動產,31,20,11,兆豐-竹北,2023-06-20,7007
2427,三商電,23,12,11,兆豐-竹北,2023-06-20,7007
2468,華經,21,10,11,兆豐-竹北,2023-06-20,7007
2201,裕隆,10,0,10,兆豐-竹北,2023-06-20,7007
00665L,富邦�琤肭磪囓�2,10,0,10,兆豐-竹北,2023-06-20,7007
1540,喬福,10,0,10,兆豐-竹北,2023-06-20,7007
2211,長榮鋼,10,0,10,兆豐-竹北,2023-06-20,7007
2498,宏達電,10,0,10,兆豐-竹北,2023-06-20,7007
5876,上海商銀,10,0,10,兆豐-竹北,2023-06-20,7007
8358,金居,13,3,10,兆豐-竹北,2023-06-20,7007
2413,環科,14,5,9,兆豐-竹北,2023-06-20,7007
6282,康舒,8,0,8,兆豐-竹北,2023-06-20,7007
1104,環泥,7,0,7,兆豐-竹北,2023-06-20,7007
2530,華建,29,22,7,兆豐-竹北,2023-06-20,7007
3055,蔚華科,8,1,7,兆豐-竹北,2023-06-20,7007
3264,欣銓,10,3,7,兆豐-竹北,2023-06-20,7007
4934,太極,13,6,7,兆豐-竹北,2023-06-20,7007
8033,雷虎,7,0,7,兆豐-竹北,2023-06-20,7007
6180,橘子,9,2,7,兆豐-竹北,2023-06-20,7007
3545,敦泰,6,0,6,兆豐-竹北,2023-06-20,7007
2890,永豐金,6,0,6,兆豐-竹北,2023-06-20,7007
00687B,國泰20年美債,6,0,6,兆豐-竹北,2023-06-20,7007
00753L,中信中國50正2,152,0,152,兆豐-竹北,2023-06-21,7007
6015,宏遠證,87,0,87,兆豐-竹北,2023-06-21,7007
2312,金寶,85,3,82,兆豐-竹北,2023-06-21,7007
2618,長榮航,191,121,70,兆豐-竹北,2023-06-21,7007
2408,南亞科,51,0,51,兆豐-竹北,2023-06-21,7007
3707,漢磊,53,2,51,兆豐-竹北,2023-06-21,7007
00665L,富邦�琤肭磪囓�2,42,0,42,兆豐-竹北,2023-06-21,7007
3011,今皓,42,0,42,兆豐-竹北,2023-06-21,7007
1907,永豐餘,32,1,31,兆豐-竹北,2023-06-21,7007
00882,中信中國高股息,30,0,30,兆豐-竹北,2023-06-21,7007
3706,神達,45,18,27,兆豐-竹北,2023-06-21,7007
2498,宏達電,21,1,20,兆豐-竹北,2023-06-21,7007
2495,普安,21,1,20,兆豐-竹北,2023-06-21,7007
3207,耀勝,21,1,20,兆豐-竹北,2023-06-21,7007
2324,仁寶,15,0,15,兆豐-竹北,2023-06-21,7007
2402,毅嘉,17,3,14,兆豐-竹北,2023-06-21,7007
6244,茂迪,15,1,14,兆豐-竹北,2023-06-21,7007
3665,貿聯-KY,20,6,14,兆豐-竹北,2023-06-21,7007
1605,華新,15,2,13,兆豐-竹北,2023-06-21,7007
3704,合勤控,13,0,13,兆豐-竹北,2023-06-21,7007
5483,中美晶,14,2,12,兆豐-竹北,2023-06-21,7007
00752,中信中國50,12,0,12,兆豐-竹北,2023-06-21,7007
2206,三陽工業,21,9,12,兆豐-竹北,2023-06-21,7007
2344,華邦電,20,8,12,兆豐-竹北,2023-06-21,7007
2748,雲品,39,27,12,兆豐-竹北,2023-06-21,7007
2888,新光金,12,0,12,兆豐-竹北,2023-06-21,7007
5309,系統電,13,1,12,兆豐-竹北,2023-06-21,7007
2603,長榮,15,3,12,兆豐-竹北,2023-06-21,7007
00679B,元大美債20年,11,0,11,兆豐-竹北,2023-06-21,7007
2201,裕隆,16,5,11,兆豐-竹北,2023-06-21,7007
2328,廣宇,11,0,11,兆豐-竹北,2023-06-21,7007
2431,聯昌,15,4,11,兆豐-竹北,2023-06-21,7007
5258,虹堡,16,5,11,兆豐-竹北,2023-06-21,7007
5876,上海商銀,11,0,11,兆豐-竹北,2023-06-21,7007
1418,東華,10,0,10,兆豐-竹北,2023-06-21,7007
2453,凌群,17,7,10,兆豐-竹北,2023-06-21,7007
4533,協易機,10,0,10,兆豐-竹北,2023-06-21,7007
6414,樺漢,13,3,10,兆豐-竹北,2023-06-21,7007
6456,GIS-KY,10,0,10,兆豐-竹北,2023-06-21,7007
2607,榮運,10,0,10,兆豐-竹北,2023-06-21,7007
2634,漢翔,55,46,9,兆豐-竹北,2023-06-21,7007
2881,富邦金,11,2,9,兆豐-竹北,2023-06-21,7007
00919,群益台灣精選高息,9,0,9,兆豐-竹北,2023-06-21,7007
00673R,期元大S＆P原油反1,9,0,9,兆豐-竹北,2023-06-21,7007
6120,達運,15,6,9,兆豐-竹北,2023-06-21,7007
8044,網家,9,0,9,兆豐-竹北,2023-06-21,7007
00645,富邦日本,8,0,8,兆豐-竹北,2023-06-21,7007
1528,恩德,26,18,8,兆豐-竹北,2023-06-21,7007
2887,台新金,8,0,8,兆豐-竹北,2023-06-21,7007
3380,明泰,13,5,8,兆豐-竹北,2023-06-21,7007
2888,新光金,289,16,273,兆豐-竹北,2023-06-26,7007
3706,神達,117,41,76,兆豐-竹北,2023-06-26,7007
3163,波若威,70,0,70,兆豐-竹北,2023-06-26,7007
8936,國統,60,5,55,兆豐-竹北,2023-06-26,7007
3013,晟銘電,53,5,48,兆豐-竹北,2023-06-26,7007
2530,華建,45,0,45,兆豐-竹北,2023-06-26,7007
2809,京城銀,40,0,40,兆豐-竹北,2023-06-26,7007
1591,駿吉-KY,63,25,38,兆豐-竹北,2023-06-26,7007
2409,友達,64,33,31,兆豐-竹北,2023-06-26,7007
2634,漢翔,47,16,31,兆豐-竹北,2023-06-26,7007
2371,大同,40,12,28,兆豐-竹北,2023-06-26,7007
2610,華航,42,18,24,兆豐-竹北,2023-06-26,7007
1711,永光,25,3,22,兆豐-竹北,2023-06-26,7007
00878,國泰永續高股息,29,7,22,兆豐-竹北,2023-06-26,7007
2615,萬海,20,0,20,兆豐-竹北,2023-06-26,7007
00715L,期街口布蘭特正2,20,0,20,兆豐-竹北,2023-06-26,7007
00632R,元大台灣50反1,20,0,20,兆豐-竹北,2023-06-26,7007
5876,上海商銀,20,0,20,兆豐-竹北,2023-06-26,7007
6244,茂迪,41,22,19,兆豐-竹北,2023-06-26,7007
00882,中信中國高股息,19,0,19,兆豐-竹北,2023-06-26,7007
3362,先進光,20,2,18,兆豐-竹北,2023-06-26,7007
1319,東陽,16,0,16,兆豐-竹北,2023-06-26,7007
00893,國泰智能電動車,14,0,14,兆豐-竹北,2023-06-26,7007
3715,定穎投控,14,0,14,兆豐-竹北,2023-06-26,7007
6122,擎邦,17,3,14,兆豐-竹北,2023-06-26,7007
6282,康舒,28,14,14,兆豐-竹北,2023-06-26,7007
00929,復華台灣科技優息,13,0,13,兆豐-竹北,2023-06-26,7007
2881,富邦金,12,0,12,兆豐-竹北,2023-06-26,7007
0050,元大台灣50,16,4,12,兆豐-竹北,2023-06-26,7007
6116,彩晶,12,0,12,兆豐-竹北,2023-06-26,7007
3704,合勤控,12,0,12,兆豐-竹北,2023-06-26,7007
1605,華新,16,5,11,兆豐-竹北,2023-06-26,7007
2882,國泰金,11,0,11,兆豐-竹北,2023-06-26,7007
2883,凱基金,11,0,11,兆豐-竹北,2023-06-26,7007
00752,中信中國50,11,0,11,兆豐-竹北,2023-06-26,7007
1514,亞力,15,4,11,兆豐-竹北,2023-06-26,7007
2431,聯昌,11,0,11,兆豐-竹北,2023-06-26,7007
4526,東台,12,1,11,兆豐-竹北,2023-06-26,7007
6198,瑞築,11,0,11,兆豐-竹北,2023-06-26,7007
2603,長榮,21,11,10,兆豐-竹北,2023-06-26,7007
00891,中信關鍵半導體,10,0,10,兆豐-竹北,2023-06-26,7007
2344,華邦電,13,3,10,兆豐-竹北,2023-06-26,7007
6257,矽格,10,0,10,兆豐-竹北,2023-06-26,7007
6547,高端疫苗,10,0,10,兆豐-竹北,2023-06-26,7007
1905,華紙,37,27,10,兆豐-竹北,2023-06-26,7007
2498,宏達電,12,3,9,兆豐-竹北,2023-06-26,7007
00642U,期元大S＆P石油,10,1,9,兆豐-竹北,2023-06-26,7007
1218,泰山,10,1,9,兆豐-竹北,2023-06-26,7007
1710,東聯,9,0,9,兆豐-竹北,2023-06-26,7007
2712,遠雄來,10,1,9,兆豐-竹北,2023-06-26,7007
2371,大同,215,45,170,兆豐-竹北,2023-06-27,7007
2349,錸德,100,0,100,兆豐-竹北,2023-06-27,7007
00637L,元大滬深300正2,105,7,98,兆豐-竹北,2023-06-27,7007
2891,中信金,86,0,86,兆豐-竹北,2023-06-27,7007
6116,彩晶,63,0,63,兆豐-竹北,2023-06-27,7007
1513,中興電,73,16,57,兆豐-竹北,2023-06-27,7007
00878,國泰永續高股息,65,10,55,兆豐-竹北,2023-06-27,7007
3011,今皓,51,0,51,兆豐-竹北,2023-06-27,7007
2303,聯電,51,5,46,兆豐-竹北,2023-06-27,7007
00673R,期元大S＆P原油反1,40,0,40,兆豐-竹北,2023-06-27,7007
00919,群益台灣精選高息,39,0,39,兆豐-竹北,2023-06-27,7007
1905,華紙,41,4,37,兆豐-竹北,2023-06-27,7007
3047,訊舟,37,1,36,兆豐-竹北,2023-06-27,7007
00712,復華富時不動產,35,0,35,兆豐-竹北,2023-06-27,7007
0056,元大高股息,47,12,35,兆豐-竹北,2023-06-27,7007
3706,神達,37,8,29,兆豐-竹北,2023-06-27,7007
1591,駿吉-KY,43,15,28,兆豐-竹北,2023-06-27,7007
00888,永豐台灣ESG,23,0,23,兆豐-竹北,2023-06-27,7007
8034,榮群,23,0,23,兆豐-竹北,2023-06-27,7007
2605,新興,21,0,21,兆豐-竹北,2023-06-27,7007
2881,富邦金,21,0,21,兆豐-竹北,2023-06-27,7007
2388,威盛,20,0,20,兆豐-竹北,2023-06-27,7007
2916,滿心,20,0,20,兆豐-竹北,2023-06-27,7007
6150,撼訊,20,0,20,兆豐-竹北,2023-06-27,7007
3056,富華新,21,2,19,兆豐-竹北,2023-06-27,7007
3479,安勤,19,2,17,兆豐-竹北,2023-06-27,7007
0050,元大台灣50,18,1,17,兆豐-竹北,2023-06-27,7007
3231,緯創,84,67,17,兆豐-竹北,2023-06-27,7007
6188,廣明,24,8,16,兆豐-竹北,2023-06-27,7007
1609,大亞,20,5,15,兆豐-竹北,2023-06-27,7007
2457,飛宏,20,5,15,兆豐-竹北,2023-06-27,7007
3416,融程電,15,0,15,兆豐-竹北,2023-06-27,7007
00893,國泰智能電動車,15,1,14,兆豐-竹北,2023-06-27,7007
2340,台亞,24,11,13,兆豐-竹北,2023-06-27,7007
00882,中信中國高股息,17,4,13,兆豐-竹北,2023-06-27,7007
3715,定穎投控,13,0,13,兆豐-竹北,2023-06-27,7007
2736,富野,18,6,12,兆豐-竹北,2023-06-27,7007
4503,金雨,30,18,12,兆豐-竹北,2023-06-27,7007
4967,十銓,17,5,12,兆豐-竹北,2023-06-27,7007
6182,合晶,14,2,12,兆豐-竹北,2023-06-27,7007
6197,佳必琪,12,0,12,兆豐-竹北,2023-06-27,7007
2603,長榮,12,1,11,兆豐-竹北,2023-06-27,7007
2206,三陽工業,22,11,11,兆豐-竹北,2023-06-27,7007
00929,復華台灣科技優息,11,0,11,兆豐-竹北,2023-06-27,7007
00891,中信關鍵半導體,10,0,10,兆豐-竹北,2023-06-27,7007
2465,麗臺,10,0,10,兆豐-竹北,2023-06-27,7007
00642U,期元大S＆P石油,10,0,10,兆豐-竹北,2023-06-27,7007
00633L,富邦上証正2,10,0,10,兆豐-竹北,2023-06-27,7007
1337,再生-KY,17,7,10,兆豐-竹北,2023-06-27,7007
2338,光罩,10,0,10,兆豐-竹北,2023-06-27,7007
00715L,期街口布蘭特正2,153,0,153,兆豐-竹北,2023-06-28,7007
00642U,期元大S＆P石油,105,0,105,兆豐-竹北,2023-06-28,7007
00637L,元大滬深300正2,101,0,101,兆豐-竹北,2023-06-28,7007
6111,大宇資,109,13,96,兆豐-竹北,2023-06-28,7007
2610,華航,142,63,79,兆豐-竹北,2023-06-28,7007
1605,華新,63,5,58,兆豐-竹北,2023-06-28,7007
8936,國統,52,5,47,兆豐-竹北,2023-06-28,7007
3481,群創,54,11,43,兆豐-竹北,2023-06-28,7007
6257,矽格,30,0,30,兆豐-竹北,2023-06-28,7007
2323,中環,51,21,30,兆豐-竹北,2023-06-28,7007
1418,東華,28,0,28,兆豐-竹北,2023-06-28,7007
3706,神達,32,6,26,兆豐-竹北,2023-06-28,7007
00918,大華優利高填息30,25,0,25,兆豐-竹北,2023-06-28,7007
1714,和桐,25,0,25,兆豐-竹北,2023-06-28,7007
6116,彩晶,26,1,25,兆豐-竹北,2023-06-28,7007
3058,立德,24,0,24,兆豐-竹北,2023-06-28,7007
4121,優盛,29,6,23,兆豐-竹北,2023-06-28,7007
2880,華南金,21,0,21,兆豐-竹北,2023-06-28,7007
2303,聯電,25,4,21,兆豐-竹北,2023-06-28,7007
5880,合庫金,22,2,20,兆豐-竹北,2023-06-28,7007
4162,智擎,20,0,20,兆豐-竹北,2023-06-28,7007
2301,光寶科,52,33,19,兆豐-竹北,2023-06-28,7007
1337,再生-KY,20,3,17,兆豐-竹北,2023-06-28,7007
2618,長榮航,117,102,15,兆豐-竹北,2023-06-28,7007
2888,新光金,17,2,15,兆豐-竹北,2023-06-28,7007
3205,佰研,17,2,15,兆豐-竹北,2023-06-28,7007
3078,僑威,21,7,14,兆豐-竹北,2023-06-28,7007
00782B,國泰A級公用債,13,0,13,兆豐-竹北,2023-06-28,7007
2402,毅嘉,15,2,13,兆豐-竹北,2023-06-28,7007
1711,永光,16,3,13,兆豐-竹北,2023-06-28,7007
3037,欣興,12,0,12,兆豐-竹北,2023-06-28,7007
2014,中鴻,12,0,12,兆豐-竹北,2023-06-28,7007
4406,新昕纖,12,0,12,兆豐-竹北,2023-06-28,7007
2340,台亞,21,10,11,兆豐-竹北,2023-06-28,7007
2609,陽明,21,10,11,兆豐-竹北,2023-06-28,7007
2637,慧洋-KY,12,1,11,兆豐-竹北,2023-06-28,7007
8033,雷虎,11,0,11,兆豐-竹北,2023-06-28,7007
00852L,國泰美國道瓊正2,10,0,10,兆豐-竹北,2023-06-28,7007
00706L,期元大S＆P日圓正2,10,0,10,兆豐-竹北,2023-06-28,7007
1611,中電,16,6,10,兆豐-竹北,2023-06-28,7007
2809,京城銀,10,0,10,兆豐-竹北,2023-06-28,7007
4164,承業醫,11,1,10,兆豐-竹北,2023-06-28,7007
4746,台耀,31,21,10,兆豐-竹北,2023-06-28,7007
5536,聖暉*,10,0,10,兆豐-竹北,2023-06-28,7007
00679B,元大美債20年,9,0,9,兆豐-竹北,2023-06-28,7007
2409,友達,9,0,9,兆豐-竹北,2023-06-28,7007
3045,台灣大,10,1,9,兆豐-竹北,2023-06-28,7007
4536,拓凱,10,1,9,兆豐-竹北,2023-06-28,7007
4994,傳奇,26,17,9,兆豐-竹北,2023-06-28,7007
6122,擎邦,16,7,9,兆豐-竹北,2023-06-28,7007
1802,台玻,91,0,91,兆豐-竹北,2023-06-29,7007
2885,元大金,67,0,67,兆豐-竹北,2023-06-29,7007
2331,精英,66,16,50,兆豐-竹北,2023-06-29,7007
2618,長榮航,156,113,43,兆豐-竹北,2023-06-29,7007
2530,華建,40,0,40,兆豐-竹北,2023-06-29,7007
8936,國統,40,1,39,兆豐-竹北,2023-06-29,7007
2485,兆赫,32,0,32,兆豐-竹北,2023-06-29,7007
1605,華新,40,11,29,兆豐-竹北,2023-06-29,7007
2301,光寶科,73,45,28,兆豐-竹北,2023-06-29,7007
00706L,期元大S＆P日圓正2,27,0,27,兆豐-竹北,2023-06-29,7007
3706,神達,24,1,23,兆豐-竹北,2023-06-29,7007
2609,陽明,34,12,22,兆豐-竹北,2023-06-29,7007
3715,定穎投控,22,0,22,兆豐-竹北,2023-06-29,7007
2880,華南金,20,0,20,兆豐-竹北,2023-06-29,7007
6806,森崴能源,22,2,20,兆豐-竹北,2023-06-29,7007
4174,浩鼎,21,2,19,兆豐-竹北,2023-06-29,7007
2303,聯電,18,0,18,兆豐-竹北,2023-06-29,7007
1783,和康生,17,0,17,兆豐-竹北,2023-06-29,7007
6285,啟��,24,8,16,兆豐-竹北,2023-06-29,7007
1319,東陽,19,4,15,兆豐-竹北,2023-06-29,7007
3682,亞太電,15,0,15,兆豐-竹北,2023-06-29,7007
4114,健喬,15,0,15,兆豐-竹北,2023-06-29,7007
2615,萬海,14,0,14,兆豐-竹北,2023-06-29,7007
4979,華星光,47,34,13,兆豐-竹北,2023-06-29,7007
2888,新光金,12,0,12,兆豐-竹北,2023-06-29,7007
00888,永豐台灣ESG,11,0,11,兆豐-竹北,2023-06-29,7007
4908,前鼎,20,9,11,兆豐-竹北,2023-06-29,7007
8064,東捷,13,2,11,兆豐-竹北,2023-06-29,7007
00680L,元大美債20正2,10,0,10,兆豐-竹北,2023-06-29,7007
1434,福懋,10,0,10,兆豐-竹北,2023-06-29,7007
1591,駿吉-KY,21,11,10,兆豐-竹北,2023-06-29,7007
2208,台船,10,0,10,兆豐-竹北,2023-06-29,7007
2211,長榮鋼,10,0,10,兆豐-竹北,2023-06-29,7007
2368,金像電,32,22,10,兆豐-竹北,2023-06-29,7007
6114,久威,10,0,10,兆豐-竹北,2023-06-29,7007
6596,寬宏藝術,11,1,10,兆豐-竹北,2023-06-29,7007
8093,保銳,10,0,10,兆豐-竹北,2023-06-29,7007
2412,中華電,9,0,9,兆豐-竹北,2023-06-29,7007
3447,展達,15,6,9,兆豐-竹北,2023-06-29,7007
5009,榮剛,10,1,9,兆豐-竹北,2023-06-29,7007
2323,中環,27,19,8,兆豐-竹北,2023-06-29,7007
2317,鴻海,11,2,9,兆豐-竹北,2023-06-29,7007
1316,上曜,8,0,8,兆豐-竹北,2023-06-29,7007
3665,貿聯-KY,17,9,8,兆豐-竹北,2023-06-29,7007
2340,台亞,14,6,8,兆豐-竹北,2023-06-29,7007
00636,國泰中國A50,7,0,7,兆豐-竹北,2023-06-29,7007
3346,麗清,8,1,7,兆豐-竹北,2023-06-29,7007
6190,萬泰科,8,1,7,兆豐-竹北,2023-06-29,7007
9928,中視,7,0,7,兆豐-竹北,2023-06-29,7007
1104,環泥,6,0,6,兆豐-竹北,2023-06-29,7007
2607,榮運,100,0,100,兆豐-竹北,2023-06-30,7007
00673R,期元大S＆P原油反1,50,0,50,兆豐-竹北,2023-06-30,7007
6015,宏遠證,47,0,47,兆豐-竹北,2023-06-30,7007
6509,聚和,40,0,40,兆豐-竹北,2023-06-30,7007
2603,長榮,60,23,37,兆豐-竹北,2023-06-30,7007
2331,精英,41,4,37,兆豐-竹北,2023-06-30,7007
2888,新光金,36,0,36,兆豐-竹北,2023-06-30,7007
2301,光寶科,82,48,34,兆豐-竹北,2023-06-30,7007
5309,系統電,34,0,34,兆豐-竹北,2023-06-30,7007
00680L,元大美債20正2,32,0,32,兆豐-竹北,2023-06-30,7007
4908,前鼎,31,0,31,兆豐-竹北,2023-06-30,7007
2382,廣達,56,26,30,兆豐-竹北,2023-06-30,7007
2885,元大金,30,0,30,兆豐-竹北,2023-06-30,7007
4173,久裕,20,0,20,兆豐-竹北,2023-06-30,7007
4994,傳奇,20,0,20,兆豐-竹北,2023-06-30,7007
5443,均豪,20,0,20,兆豐-竹北,2023-06-30,7007
6213,聯茂,20,0,20,兆豐-竹北,2023-06-30,7007
6285,啟��,21,2,19,兆豐-竹北,2023-06-30,7007
2609,陽明,57,38,19,兆豐-竹北,2023-06-30,7007
00795B,中信美國公債20年,18,0,18,兆豐-竹北,2023-06-30,7007
2883,凱基金,17,0,17,兆豐-竹北,2023-06-30,7007
2489,瑞軒,17,0,17,兆豐-竹北,2023-06-30,7007
1783,和康生,20,4,16,兆豐-竹北,2023-06-30,7007
1802,台玻,16,0,16,兆豐-竹北,2023-06-30,7007
4979,華星光,41,26,15,兆豐-竹北,2023-06-30,7007
8091,翔名,15,0,15,兆豐-竹北,2023-06-30,7007
9945,潤泰新,15,0,15,兆豐-竹北,2023-06-30,7007
3045,台灣大,14,0,14,兆豐-竹北,2023-06-30,7007
3706,神達,23,9,14,兆豐-竹北,2023-06-30,7007
2344,華邦電,21,7,14,兆豐-竹北,2023-06-30,7007
3078,僑威,16,3,13,兆豐-竹北,2023-06-30,7007
3034,聯詠,13,1,12,兆豐-竹北,2023-06-30,7007
6198,瑞築,13,1,12,兆豐-竹北,2023-06-30,7007
2610,華航,33,22,11,兆豐-竹北,2023-06-30,7007
00753L,中信中國50正2,12,1,11,兆豐-竹北,2023-06-30,7007
3060,銘異,11,0,11,兆豐-竹北,2023-06-30,7007
5880,合庫金,11,0,11,兆豐-竹北,2023-06-30,7007
00782B,國泰A級公用債,10,0,10,兆豐-竹北,2023-06-30,7007
00738U,期元大道瓊白銀,10,0,10,兆豐-竹北,2023-06-30,7007
00752,中信中國50,10,0,10,兆豐-竹北,2023-06-30,7007
1467,南緯,10,0,10,兆豐-竹北,2023-06-30,7007
1608,華榮,10,0,10,兆豐-竹北,2023-06-30,7007
2530,華建,10,0,10,兆豐-竹北,2023-06-30,7007
2845,遠東銀,10,0,10,兆豐-竹北,2023-06-30,7007
2867,三商壽,10,0,10,兆豐-竹北,2023-06-30,7007
2880,華南金,10,0,10,兆豐-竹北,2023-06-30,7007
3011,今皓,10,0,10,兆豐-竹北,2023-06-30,7007
4414,如興,10,0,10,兆豐-竹北,2023-06-30,7007
2886,兆豐金,10,0,10,兆豐-竹北,2023-06-30,7007
3481,群創,11,2,9,兆豐-竹北,2023-06-30,7007
2323,中環,105,26,79,兆豐-竹北,2023-07-03,7007
00673R,期元大S＆P原油反1,63,0,63,兆豐-竹北,2023-07-03,7007
2303,聯電,61,7,54,兆豐-竹北,2023-07-03,7007
1783,和康生,53,0,53,兆豐-竹北,2023-07-03,7007
2409,友達,50,5,45,兆豐-竹北,2023-07-03,7007
2427,三商電,43,8,35,兆豐-竹北,2023-07-03,7007
5864,致和證,38,7,31,兆豐-竹北,2023-07-03,7007
2368,金像電,34,4,30,兆豐-竹北,2023-07-03,7007
6257,矽格,30,0,30,兆豐-竹北,2023-07-03,7007
2312,金寶,36,7,29,兆豐-竹北,2023-07-03,7007
5608,四維航,32,4,28,兆豐-竹北,2023-07-03,7007
1528,恩德,24,0,24,兆豐-竹北,2023-07-03,7007
3276,宇環,28,5,23,兆豐-竹北,2023-07-03,7007
2353,宏��,22,0,22,兆豐-竹北,2023-07-03,7007
6770,力積電,21,0,21,兆豐-竹北,2023-07-03,7007
3706,神達,22,2,20,兆豐-竹北,2023-07-03,7007
4532,瑞智,38,19,19,兆豐-竹北,2023-07-03,7007
5465,富驊,23,4,19,兆豐-竹北,2023-07-03,7007
00712,復華富時不動產,16,0,16,兆豐-竹北,2023-07-03,7007
2331,精英,20,4,16,兆豐-竹北,2023-07-03,7007
2014,中鴻,17,2,15,兆豐-竹北,2023-07-03,7007
3515,華擎,16,1,15,兆豐-竹北,2023-07-03,7007
4104,佳醫,16,1,15,兆豐-竹北,2023-07-03,7007
3481,群創,14,0,14,兆豐-竹北,2023-07-03,7007
2359,所羅門,13,0,13,兆豐-竹北,2023-07-03,7007
8046,南電,13,0,13,兆豐-竹北,2023-07-03,7007
2412,中華電,11,0,11,兆豐-竹北,2023-07-03,7007
2105,正新,11,0,11,兆豐-竹北,2023-07-03,7007
1217,愛之味,11,0,11,兆豐-竹北,2023-07-03,7007
2402,毅嘉,23,12,11,兆豐-竹北,2023-07-03,7007
2485,兆赫,41,30,11,兆豐-竹北,2023-07-03,7007
3356,奇偶,19,8,11,兆豐-竹北,2023-07-03,7007
6596,寬宏藝術,12,1,11,兆豐-竹北,2023-07-03,7007
1210,大成,10,0,10,兆豐-竹北,2023-07-03,7007
1762,中化生,11,1,10,兆豐-竹北,2023-07-03,7007
2530,華建,10,0,10,兆豐-竹北,2023-07-03,7007
2892,第一金,10,0,10,兆豐-竹北,2023-07-03,7007
6494,九齊,10,0,10,兆豐-竹北,2023-07-03,7007
8038,長園科,10,0,10,兆豐-竹北,2023-07-03,7007
6288,聯嘉,9,0,9,兆豐-竹北,2023-07-03,7007
2330,台積電,11,2,9,兆豐-竹北,2023-07-03,7007
2882,國泰金,8,0,8,兆豐-竹北,2023-07-03,7007
2886,兆豐金,10,2,8,兆豐-竹北,2023-07-03,7007
1540,喬福,8,0,8,兆豐-竹北,2023-07-03,7007
3013,晟銘電,9,1,8,兆豐-竹北,2023-07-03,7007
3652,精聯,10,2,8,兆豐-竹北,2023-07-03,7007
9945,潤泰新,8,0,8,兆豐-竹北,2023-07-03,7007
3058,立德,8,1,7,兆豐-竹北,2023-07-03,7007
5258,虹堡,7,0,7,兆豐-竹北,2023-07-03,7007
5609,中菲行,7,0,7,兆豐-竹北,2023-07-03,7007
2349,錸德,100,0,100,兆豐-竹北,2023-07-04,7007
1603,華電,50,0,50,兆豐-竹北,2023-07-04,7007
2301,光寶科,149,108,41,兆豐-竹北,2023-07-04,7007
2637,慧洋-KY,36,0,36,兆豐-竹北,2023-07-04,7007
2449,京元電子,34,4,30,兆豐-竹北,2023-07-04,7007
00673R,期元大S＆P原油反1,29,0,29,兆豐-竹北,2023-07-04,7007
00929,復華台灣科技優息,30,2,28,兆豐-竹北,2023-07-04,7007
2883,凱基金,32,5,27,兆豐-竹北,2023-07-04,7007
00712,復華富時不動產,27,0,27,兆豐-竹北,2023-07-04,7007
2329,華泰,37,11,26,兆豐-竹北,2023-07-04,7007
3058,立德,26,0,26,兆豐-竹北,2023-07-04,7007
6116,彩晶,65,40,25,兆豐-竹北,2023-07-04,7007
00888,永豐台灣ESG,23,0,23,兆豐-竹北,2023-07-04,7007
2882,國泰金,25,3,22,兆豐-竹北,2023-07-04,7007
1905,華紙,43,21,22,兆豐-竹北,2023-07-04,7007
3481,群創,22,1,21,兆豐-竹北,2023-07-04,7007
3596,智易,23,3,20,兆豐-竹北,2023-07-04,7007
1540,喬福,20,0,20,兆豐-竹北,2023-07-04,7007
1760,寶齡富錦,21,2,19,兆豐-竹北,2023-07-04,7007
2399,映泰,25,7,18,兆豐-竹北,2023-07-04,7007
2609,陽明,51,33,18,兆豐-竹北,2023-07-04,7007
4919,新唐,17,1,16,兆豐-竹北,2023-07-04,7007
2888,新光金,15,0,15,兆豐-竹北,2023-07-04,7007
6112,邁達特,15,1,14,兆豐-竹北,2023-07-04,7007
3380,明泰,15,1,14,兆豐-竹北,2023-07-04,7007
1513,中興電,25,13,12,兆豐-竹北,2023-07-04,7007
1504,東元,12,0,12,兆豐-竹北,2023-07-04,7007
6122,擎邦,15,3,12,兆豐-竹北,2023-07-04,7007
6213,聯茂,13,1,12,兆豐-竹北,2023-07-04,7007
4906,正文,11,0,11,兆豐-竹北,2023-07-04,7007
2481,強茂,11,0,11,兆豐-竹北,2023-07-04,7007
2489,瑞軒,10,0,10,兆豐-竹北,2023-07-04,7007
1605,華新,20,10,10,兆豐-竹北,2023-07-04,7007
3287,廣寰科,21,11,10,兆豐-竹北,2023-07-04,7007
3479,安勤,11,1,10,兆豐-竹北,2023-07-04,7007
6244,茂迪,10,0,10,兆豐-竹北,2023-07-04,7007
8072,陞泰,10,0,10,兆豐-竹北,2023-07-04,7007
2615,萬海,25,15,10,兆豐-竹北,2023-07-04,7007
00679B,元大美債20年,9,0,9,兆豐-竹北,2023-07-04,7007
3071,協禧,11,2,9,兆豐-竹北,2023-07-04,7007
6283,淳安,9,0,9,兆豐-竹北,2023-07-04,7007
6485,點序,9,0,9,兆豐-竹北,2023-07-04,7007
3017,奇鋐,14,6,8,兆豐-竹北,2023-07-04,7007
1802,台玻,58,50,8,兆豐-竹北,2023-07-04,7007
3013,晟銘電,14,6,8,兆豐-竹北,2023-07-04,7007
3308,聯德,8,0,8,兆豐-竹北,2023-07-04,7007
3712,永崴投控,8,0,8,兆豐-竹北,2023-07-04,7007
9907,統一實,8,0,8,兆豐-竹北,2023-07-04,7007
2885,元大金,8,0,8,兆豐-竹北,2023-07-04,7007
2412,中華電,7,0,7,兆豐-竹北,2023-07-04,7007
4906,正文,91,6,85,兆豐-竹北,2023-07-05,7007
2301,光寶科,116,55,61,兆豐-竹北,2023-07-05,7007
2880,華南金,46,9,37,兆豐-竹北,2023-07-05,7007
1802,台玻,86,50,36,兆豐-竹北,2023-07-05,7007
1783,和康生,35,0,35,兆豐-竹北,2023-07-05,7007
6153,嘉聯益,36,1,35,兆豐-竹北,2023-07-05,7007
0056,元大高股息,55,25,30,兆豐-竹北,2023-07-05,7007
3711,日月光投控,30,0,30,兆豐-竹北,2023-07-05,7007
2356,英業達,109,81,28,兆豐-竹北,2023-07-05,7007
3481,群創,30,3,27,兆豐-竹北,2023-07-05,7007
2312,金寶,39,13,26,兆豐-竹北,2023-07-05,7007
00665L,富邦�琤肭磪囓�2,29,5,24,兆豐-竹北,2023-07-05,7007
00929,復華台灣科技優息,22,0,22,兆豐-竹北,2023-07-05,7007
3260,威剛,26,5,21,兆豐-竹北,2023-07-05,7007
00673R,期元大S＆P原油反1,21,0,21,兆豐-竹北,2023-07-05,7007
6125,廣運,21,0,21,兆豐-竹北,2023-07-05,7007
2886,兆豐金,22,1,21,兆豐-竹北,2023-07-05,7007
6128,上福,20,0,20,兆豐-竹北,2023-07-05,7007
9955,佳龍,20,0,20,兆豐-竹北,2023-07-05,7007
2606,裕民,19,0,19,兆豐-竹北,2023-07-05,7007
6112,邁達特,23,5,18,兆豐-竹北,2023-07-05,7007
00752,中信中國50,16,0,16,兆豐-竹北,2023-07-05,7007
1560,中砂,16,0,16,兆豐-竹北,2023-07-05,7007
2392,正崴,20,4,16,兆豐-竹北,2023-07-05,7007
9907,統一實,36,20,16,兆豐-竹北,2023-07-05,7007
6770,力積電,28,13,15,兆豐-竹北,2023-07-05,7007
8027,鈦昇,17,2,15,兆豐-竹北,2023-07-05,7007
3363,上詮,28,14,14,兆豐-竹北,2023-07-05,7007
1722,台肥,13,0,13,兆豐-竹北,2023-07-05,7007
4123,晟德,20,7,13,兆豐-竹北,2023-07-05,7007
4938,和碩,12,0,12,兆豐-竹北,2023-07-05,7007
2427,三商電,18,6,12,兆豐-竹北,2023-07-05,7007
3515,華擎,12,0,12,兆豐-竹北,2023-07-05,7007
3583,辛耘,16,4,12,兆豐-竹北,2023-07-05,7007
2371,大同,17,5,12,兆豐-竹北,2023-07-05,7007
2495,普安,22,10,12,兆豐-竹北,2023-07-05,7007
5222,全訊,12,0,12,兆豐-竹北,2023-07-05,7007
0050,元大台灣50,13,1,12,兆豐-竹北,2023-07-05,7007
2883,凱基金,11,0,11,兆豐-竹北,2023-07-05,7007
2324,仁寶,11,0,11,兆豐-竹北,2023-07-05,7007
6282,康舒,65,54,11,兆豐-竹北,2023-07-05,7007
5243,乙盛-KY,11,1,10,兆豐-竹北,2023-07-05,7007
2382,廣達,42,32,10,兆豐-竹北,2023-07-05,7007
00927,群益半導體收益,10,0,10,兆豐-竹北,2023-07-05,7007
00688L,國泰20年美債正2,10,0,10,兆豐-竹北,2023-07-05,7007
2388,威盛,10,0,10,兆豐-竹北,2023-07-05,7007
2538,基泰,10,0,10,兆豐-竹北,2023-07-05,7007
3666,光耀,10,0,10,兆豐-竹北,2023-07-05,7007
4979,華星光,29,19,10,兆豐-竹北,2023-07-05,7007
5425,台半,10,0,10,兆豐-竹北,2023-07-05,7007
4906,正文,281,22,259,兆豐-竹北,2023-07-06,7007
00632R,元大台灣50反1,140,0,140,兆豐-竹北,2023-07-06,7007
4123,晟德,129,0,129,兆豐-竹北,2023-07-06,7007
2891,中信金,118,2,116,兆豐-竹北,2023-07-06,7007
6111,大宇資,232,130,102,兆豐-竹北,2023-07-06,7007
00671R,富邦NASDAQ反1,100,0,100,兆豐-竹北,2023-07-06,7007
6015,宏遠證,101,1,100,兆豐-竹北,2023-07-06,7007
2349,錸德,80,1,79,兆豐-竹北,2023-07-06,7007
1802,台玻,77,0,77,兆豐-竹北,2023-07-06,7007
2530,華建,70,0,70,兆豐-竹北,2023-07-06,7007
00680L,元大美債20正2,69,0,69,兆豐-竹北,2023-07-06,7007
00929,復華台灣科技優息,68,0,68,兆豐-竹北,2023-07-06,7007
00878,國泰永續高股息,83,16,67,兆豐-竹北,2023-07-06,7007
2880,華南金,62,0,62,兆豐-竹北,2023-07-06,7007
2002,中鋼,60,4,56,兆豐-竹北,2023-07-06,7007
1603,華電,57,4,53,兆豐-竹北,2023-07-06,7007
0056,元大高股息,56,5,51,兆豐-竹北,2023-07-06,7007
6257,矽格,51,0,51,兆豐-竹北,2023-07-06,7007
1714,和桐,50,0,50,兆豐-竹北,2023-07-06,7007
2317,鴻海,45,2,43,兆豐-竹北,2023-07-06,7007
5309,系統電,66,25,41,兆豐-竹北,2023-07-06,7007
00665L,富邦�琤肭磪囓�2,44,5,39,兆豐-竹北,2023-07-06,7007
8215,明基材,49,13,36,兆豐-竹北,2023-07-06,7007
00673R,期元大S＆P原油反1,36,0,36,兆豐-竹北,2023-07-06,7007
6505,台塑化,30,0,30,兆豐-竹北,2023-07-06,7007
2881,富邦金,24,0,24,兆豐-竹北,2023-07-06,7007
1591,駿吉-KY,30,6,24,兆豐-竹北,2023-07-06,7007
6182,合晶,24,0,24,兆豐-竹北,2023-07-06,7007
6282,康舒,108,84,24,兆豐-竹北,2023-07-06,7007
00679B,元大美債20年,34,10,24,兆豐-竹北,2023-07-06,7007
3189,景碩,23,1,22,兆豐-竹北,2023-07-06,7007
4108,懷特,22,1,21,兆豐-竹北,2023-07-06,7007
5876,上海商銀,21,0,21,兆豐-竹北,2023-07-06,7007
00882,中信中國高股息,36,15,21,兆豐-竹北,2023-07-06,7007
2409,友達,116,96,20,兆豐-竹北,2023-07-06,7007
2547,日勝生,20,0,20,兆豐-竹北,2023-07-06,7007
5864,致和證,31,11,20,兆豐-竹北,2023-07-06,7007
6220,岳豐,20,0,20,兆豐-竹北,2023-07-06,7007
1504,東元,21,2,19,兆豐-竹北,2023-07-06,7007
3260,威剛,21,2,19,兆豐-竹北,2023-07-06,7007
2344,華邦電,22,3,19,兆豐-竹北,2023-07-06,7007
2363,矽統,19,0,19,兆豐-竹北,2023-07-06,7007
2356,英業達,72,54,18,兆豐-竹北,2023-07-06,7007
2419,仲琦,40,22,18,兆豐-竹北,2023-07-06,7007
2427,三商電,19,1,18,兆豐-竹北,2023-07-06,7007
2883,凱基金,18,1,17,兆豐-竹北,2023-07-06,7007
6472,保瑞,23,6,17,兆豐-竹北,2023-07-06,7007
00753L,中信中國50正2,17,0,17,兆豐-竹北,2023-07-06,7007
2457,飛宏,17,0,17,兆豐-竹北,2023-07-06,7007
2882,國泰金,16,0,16,兆豐-竹北,2023-07-06,7007
2887,台新金,135,10,125,兆豐-竹北,2023-07-07,7007
2855,統一證,110,0,110,兆豐-竹北,2023-07-07,7007
1714,和桐,86,0,86,兆豐-竹北,2023-07-07,7007
00680L,元大美債20正2,67,0,67,兆豐-竹北,2023-07-07,7007
2371,大同,89,25,64,兆豐-竹北,2023-07-07,7007
00679B,元大美債20年,68,6,62,兆豐-竹北,2023-07-07,7007
00720B,元大投資級公司債,59,0,59,兆豐-竹北,2023-07-07,7007
2610,華航,53,7,46,兆豐-竹北,2023-07-07,7007
3481,群創,66,26,40,兆豐-竹北,2023-07-07,7007
00891,中信關鍵半導體,40,0,40,兆豐-竹北,2023-07-07,7007
00673R,期元大S＆P原油反1,39,0,39,兆豐-竹北,2023-07-07,7007
5344,立衛,37,0,37,兆豐-竹北,2023-07-07,7007
00795B,中信美國公債20年,34,0,34,兆豐-竹北,2023-07-07,7007
00671R,富邦NASDAQ反1,30,0,30,兆豐-竹北,2023-07-07,7007
00929,復華台灣科技優息,57,30,27,兆豐-竹北,2023-07-07,7007
2356,英業達,71,44,27,兆豐-竹北,2023-07-07,7007
3025,星通,33,9,24,兆豐-竹北,2023-07-07,7007
5309,系統電,24,2,22,兆豐-竹北,2023-07-07,7007
3056,富華新,21,0,21,兆豐-竹北,2023-07-07,7007
6282,康舒,92,72,20,兆豐-竹北,2023-07-07,7007
00878,國泰永續高股息,49,29,20,兆豐-竹北,2023-07-07,7007
3189,景碩,20,1,19,兆豐-竹北,2023-07-07,7007
2382,廣達,20,4,16,兆豐-竹北,2023-07-07,7007
6116,彩晶,16,0,16,兆豐-竹北,2023-07-07,7007
00722B,群益投資級電信債,15,0,15,兆豐-竹北,2023-07-07,7007
2495,普安,15,0,15,兆豐-竹北,2023-07-07,7007
3060,銘異,25,10,15,兆豐-竹北,2023-07-07,7007
6266,泰詠,15,0,15,兆豐-竹北,2023-07-07,7007
8358,金居,15,0,15,兆豐-竹北,2023-07-07,7007
5347,世界,14,0,14,兆豐-竹北,2023-07-07,7007
00687B,國泰20年美債,14,0,14,兆豐-竹北,2023-07-07,7007
00751B,元大AAA至A公司債,14,0,14,兆豐-竹北,2023-07-07,7007
1513,中興電,15,2,13,兆豐-竹北,2023-07-07,7007
2340,台亞,46,34,12,兆豐-竹北,2023-07-07,7007
6153,嘉聯益,13,1,12,兆豐-竹北,2023-07-07,7007
3037,欣興,17,5,12,兆豐-竹北,2023-07-07,7007
0050,元大台灣50,13,2,11,兆豐-竹北,2023-07-07,7007
3058,立德,17,6,11,兆豐-竹北,2023-07-07,7007
6122,擎邦,15,4,11,兆豐-竹北,2023-07-07,7007
6505,台塑化,11,0,11,兆豐-竹北,2023-07-07,7007
2301,光寶科,94,83,11,兆豐-竹北,2023-07-07,7007
2353,宏��,10,0,10,兆豐-竹北,2023-07-07,7007
2303,聯電,14,4,10,兆豐-竹北,2023-07-07,7007
00752,中信中國50,10,0,10,兆豐-竹北,2023-07-07,7007
1434,福懋,10,0,10,兆豐-竹北,2023-07-07,7007
1701,中化,10,0,10,兆豐-竹北,2023-07-07,7007
1905,華紙,13,3,10,兆豐-竹北,2023-07-07,7007
2528,皇普,10,0,10,兆豐-竹北,2023-07-07,7007
2530,華建,10,0,10,兆豐-竹北,2023-07-07,7007
3490,單井,10,0,10,兆豐-竹北,2023-07-07,7007
00673R,期元大S＆P原油反1,74,9,65,兆豐-竹北,2023-07-10,7007
1714,和桐,56,0,56,兆豐-竹北,2023-07-10,7007
00679B,元大美債20年,52,0,52,兆豐-竹北,2023-07-10,7007
2891,中信金,51,0,51,兆豐-竹北,2023-07-10,7007
00680L,元大美債20正2,49,0,49,兆豐-竹北,2023-07-10,7007
00882,中信中國高股息,42,0,42,兆豐-竹北,2023-07-10,7007
2489,瑞軒,36,0,36,兆豐-竹北,2023-07-10,7007
1802,台玻,33,0,33,兆豐-竹北,2023-07-10,7007
00687B,國泰20年美債,32,0,32,兆豐-竹北,2023-07-10,7007
00919,群益台灣精選高息,31,0,31,兆豐-竹北,2023-07-10,7007
2365,昆盈,30,0,30,兆豐-竹北,2023-07-10,7007
1795,美時,34,7,27,兆豐-竹北,2023-07-10,7007
4532,瑞智,112,85,27,兆豐-竹北,2023-07-10,7007
3715,定穎投控,28,2,26,兆豐-竹北,2023-07-10,7007
2301,光寶科,97,72,25,兆豐-竹北,2023-07-10,7007
4906,正文,37,12,25,兆豐-竹北,2023-07-10,7007
2419,仲琦,33,8,25,兆豐-竹北,2023-07-10,7007
3706,神達,24,1,23,兆豐-竹北,2023-07-10,7007
6116,彩晶,23,0,23,兆豐-竹北,2023-07-10,7007
2388,威盛,30,9,21,兆豐-竹北,2023-07-10,7007
3545,敦泰,21,0,21,兆豐-竹北,2023-07-10,7007
5344,立衛,21,0,21,兆豐-竹北,2023-07-10,7007
00671R,富邦NASDAQ反1,20,0,20,兆豐-竹北,2023-07-10,7007
4523,永彰,59,39,20,兆豐-竹北,2023-07-10,7007
2486,一詮,31,12,19,兆豐-竹北,2023-07-10,7007
1218,泰山,20,3,17,兆豐-竹北,2023-07-10,7007
00722B,群益投資級電信債,17,0,17,兆豐-竹北,2023-07-10,7007
2382,廣達,25,9,16,兆豐-竹北,2023-07-10,7007
00923,群益台ESG低碳50,16,0,16,兆豐-竹北,2023-07-10,7007
5381,合正,17,1,16,兆豐-竹北,2023-07-10,7007
6122,擎邦,37,21,16,兆豐-竹北,2023-07-10,7007
2812,台中銀,15,0,15,兆豐-竹北,2023-07-10,7007
1591,駿吉-KY,32,17,15,兆豐-竹北,2023-07-10,7007
1789,神隆,14,0,14,兆豐-竹北,2023-07-10,7007
3289,宜特,20,6,14,兆豐-竹北,2023-07-10,7007
00764B,群益25年美債,13,0,13,兆豐-竹北,2023-07-10,7007
1560,中砂,13,0,13,兆豐-竹北,2023-07-10,7007
4533,協易機,24,11,13,兆豐-竹北,2023-07-10,7007
2303,聯電,14,1,13,兆豐-竹北,2023-07-10,7007
00688L,國泰20年美債正2,12,0,12,兆豐-竹北,2023-07-10,7007
4123,晟德,20,8,12,兆豐-竹北,2023-07-10,7007
6288,聯嘉,15,3,12,兆豐-竹北,2023-07-10,7007
6472,保瑞,12,1,11,兆豐-竹北,2023-07-10,7007
00795B,中信美國公債20年,11,0,11,兆豐-竹北,2023-07-10,7007
2886,兆豐金,11,1,10,兆豐-竹北,2023-07-10,7007
00929,復華台灣科技優息,10,0,10,兆豐-竹北,2023-07-10,7007
3704,合勤控,16,6,10,兆豐-竹北,2023-07-10,7007
1584,精剛,10,0,10,兆豐-竹北,2023-07-10,7007
3372,典範,10,0,10,兆豐-竹北,2023-07-10,7007
4564,元翎,10,0,10,兆豐-竹北,2023-07-10,7007
6142,友勁,87,10,77,兆豐-竹北,2023-07-11,7007
00673R,期元大S＆P原油反1,58,0,58,兆豐-竹北,2023-07-11,7007
2498,宏達電,51,3,48,兆豐-竹北,2023-07-11,7007
00679B,元大美債20年,46,0,46,兆豐-竹北,2023-07-11,7007
3027,盛達,51,6,45,兆豐-竹北,2023-07-11,7007
00671R,富邦NASDAQ反1,40,0,40,兆豐-竹北,2023-07-11,7007
2388,威盛,76,37,39,兆豐-竹北,2023-07-11,7007
6026,福邦證,40,2,38,兆豐-竹北,2023-07-11,7007
6223,旺矽,31,2,29,兆豐-竹北,2023-07-11,7007
4532,瑞智,90,62,28,兆豐-竹北,2023-07-11,7007
1762,中化生,30,3,27,兆豐-竹北,2023-07-11,7007
2356,英業達,89,62,27,兆豐-竹北,2023-07-11,7007
3260,威剛,24,0,24,兆豐-竹北,2023-07-11,7007
3374,精材,26,2,24,兆豐-竹北,2023-07-11,7007
2340,台亞,53,30,23,兆豐-竹北,2023-07-11,7007
4906,正文,22,1,21,兆豐-竹北,2023-07-11,7007
00751B,元大AAA至A公司債,17,0,17,兆豐-竹北,2023-07-11,7007
6266,泰詠,19,2,17,兆豐-竹北,2023-07-11,7007
3058,立德,16,0,16,兆豐-竹北,2023-07-11,7007
2603,長榮,31,16,15,兆豐-竹北,2023-07-11,7007
1591,駿吉-KY,18,3,15,兆豐-竹北,2023-07-11,7007
2883B,凱基金乙特,15,0,15,兆豐-竹北,2023-07-11,7007
8916,光隆,15,1,14,兆豐-竹北,2023-07-11,7007
00772B,中信高評級公司債,13,0,13,兆豐-竹北,2023-07-11,7007
4939,亞電,13,0,13,兆豐-竹北,2023-07-11,7007
8210,勤誠,20,7,13,兆豐-竹北,2023-07-11,7007
1560,中砂,12,0,12,兆豐-竹北,2023-07-11,7007
5009,榮剛,12,0,12,兆豐-竹北,2023-07-11,7007
2867,三商壽,11,0,11,兆豐-竹北,2023-07-11,7007
2883,凱基金,12,1,11,兆豐-竹北,2023-07-11,7007
3680,家登,10,0,10,兆豐-竹北,2023-07-11,7007
2344,華邦電,14,4,10,兆豐-竹北,2023-07-11,7007
2515,中工,10,0,10,兆豐-竹北,2023-07-11,7007
2601,益航,10,0,10,兆豐-竹北,2023-07-11,7007
2736,富野,17,7,10,兆豐-竹北,2023-07-11,7007
3356,奇偶,20,10,10,兆豐-竹北,2023-07-11,7007
4904,遠傳,11,1,10,兆豐-竹北,2023-07-11,7007
2376,技嘉,24,15,9,兆豐-竹北,2023-07-11,7007
2834,臺企銀,8,0,8,兆豐-竹北,2023-07-11,7007
2888,新光金,8,0,8,兆豐-竹北,2023-07-11,7007
4142,國光生,8,0,8,兆豐-竹北,2023-07-11,7007
4744,皇將,8,0,8,兆豐-竹北,2023-07-11,7007
5905,南仁湖,14,6,8,兆豐-竹北,2023-07-11,7007
6235,華孚,17,9,8,兆豐-竹北,2023-07-11,7007
4967,十銓,15,7,8,兆豐-竹北,2023-07-11,7007
2609,陽明,14,7,7,兆豐-竹北,2023-07-11,7007
3013,晟銘電,7,0,7,兆豐-竹北,2023-07-11,7007
3163,波若威,7,0,7,兆豐-竹北,2023-07-11,7007
4564,元翎,7,0,7,兆豐-竹北,2023-07-11,7007
5483,中美晶,7,0,7,兆豐-竹北,2023-07-11,7007
2356,英業達,195,50,145,兆豐-竹北,2023-07-12,7007
0056,元大高股息,149,10,139,兆豐-竹北,2023-07-12,7007
2402,毅嘉,89,15,74,兆豐-竹北,2023-07-12,7007
00905,FT臺灣Smart,44,0,44,兆豐-竹北,2023-07-12,7007
2739,寒舍,41,0,41,兆豐-竹北,2023-07-12,7007
3363,上詮,35,0,35,兆豐-竹北,2023-07-12,7007
00929,復華台灣科技優息,30,0,30,兆豐-竹北,2023-07-12,7007
00671R,富邦NASDAQ反1,30,0,30,兆豐-竹北,2023-07-12,7007
2486,一詮,69,41,28,兆豐-竹北,2023-07-12,7007
2301,光寶科,170,143,27,兆豐-竹北,2023-07-12,7007
4967,十銓,30,3,27,兆豐-竹北,2023-07-12,7007
2303,聯電,31,5,26,兆豐-竹北,2023-07-12,7007
2457,飛宏,30,5,25,兆豐-竹北,2023-07-12,7007
2481,強茂,35,11,24,兆豐-竹北,2023-07-12,7007
2324,仁寶,30,8,22,兆豐-竹北,2023-07-12,7007
6153,嘉聯益,21,0,21,兆豐-竹北,2023-07-12,7007
1701,中化,20,0,20,兆豐-竹北,2023-07-12,7007
5309,系統電,20,0,20,兆豐-竹北,2023-07-12,7007
1762,中化生,19,0,19,兆豐-竹北,2023-07-12,7007
2637,慧洋-KY,20,1,19,兆豐-竹北,2023-07-12,7007
1714,和桐,18,0,18,兆豐-竹北,2023-07-12,7007
3673,TPK-KY,22,4,18,兆豐-竹北,2023-07-12,7007
2371,大同,19,2,17,兆豐-竹北,2023-07-12,7007
3374,精材,20,3,17,兆豐-竹北,2023-07-12,7007
3025,星通,32,16,16,兆豐-竹北,2023-07-12,7007
2489,瑞軒,15,0,15,兆豐-竹北,2023-07-12,7007
2701,萬企,15,0,15,兆豐-竹北,2023-07-12,7007
2883B,凱基金乙特,15,0,15,兆豐-竹北,2023-07-12,7007
3024,憶聲,15,0,15,兆豐-竹北,2023-07-12,7007
5425,台半,21,6,15,兆豐-竹北,2023-07-12,7007
6182,合晶,17,3,14,兆豐-竹北,2023-07-12,7007
8076,伍豐,14,0,14,兆豐-竹北,2023-07-12,7007
3362,先進光,32,19,13,兆豐-竹北,2023-07-12,7007
00919,群益台灣精選高息,12,0,12,兆豐-竹北,2023-07-12,7007
5439,高技,21,9,12,兆豐-竹北,2023-07-12,7007
2399,映泰,14,3,11,兆豐-竹北,2023-07-12,7007
6026,福邦證,12,1,11,兆豐-竹北,2023-07-12,7007
4533,協易機,19,8,11,兆豐-竹北,2023-07-12,7007
3324,雙鴻,10,0,10,兆豐-竹北,2023-07-12,7007
00927,群益半導體收益,10,0,10,兆豐-竹北,2023-07-12,7007
1337,再生-KY,10,0,10,兆豐-竹北,2023-07-12,7007
2528,皇普,10,0,10,兆豐-竹北,2023-07-12,7007
2530,華建,10,0,10,兆豐-竹北,2023-07-12,7007
2601,益航,10,0,10,兆豐-竹北,2023-07-12,7007
3058,立德,10,0,10,兆豐-竹北,2023-07-12,7007
3060,銘異,10,0,10,兆豐-竹北,2023-07-12,7007
4523,永彰,10,0,10,兆豐-竹北,2023-07-12,7007
4906,正文,13,3,10,兆豐-竹北,2023-07-12,7007
6244,茂迪,13,3,10,兆豐-竹北,2023-07-12,7007
6703,軒郁,10,0,10,兆豐-竹北,2023-07-12,7007
00679B,元大美債20年,123,0,123,兆豐-竹北,2023-07-13,7007
00673R,期元大S＆P原油反1,137,18,119,兆豐-竹北,2023-07-13,7007
0056,元大高股息,171,55,116,兆豐-竹北,2023-07-13,7007
2610,華航,119,49,70,兆豐-竹北,2023-07-13,7007
00930,永豐ESG低碳高息,60,0,60,兆豐-竹北,2023-07-13,7007
1714,和桐,56,0,56,兆豐-竹北,2023-07-13,7007
2615,萬海,57,6,51,兆豐-竹北,2023-07-13,7007
00671R,富邦NASDAQ反1,50,0,50,兆豐-竹北,2023-07-13,7007
3363,上詮,69,24,45,兆豐-竹北,2023-07-13,7007
00929,復華台灣科技優息,50,6,44,兆豐-竹北,2023-07-13,7007
1608,華榮,34,0,34,兆豐-竹北,2023-07-13,7007
6122,擎邦,26,1,25,兆豐-竹北,2023-07-13,7007
6142,友勁,25,0,25,兆豐-竹北,2023-07-13,7007
1609,大亞,34,10,24,兆豐-竹北,2023-07-13,7007
4142,國光生,23,0,23,兆豐-竹北,2023-07-13,7007
6026,福邦證,23,1,22,兆豐-竹北,2023-07-13,7007
3071,協禧,28,7,21,兆豐-竹北,2023-07-13,7007
1701,中化,20,0,20,兆豐-竹北,2023-07-13,7007
2528,皇普,20,0,20,兆豐-竹北,2023-07-13,7007
1795,美時,25,7,18,兆豐-竹北,2023-07-13,7007
2312,金寶,41,23,18,兆豐-竹北,2023-07-13,7007
6449,鈺邦,18,0,18,兆豐-竹北,2023-07-13,7007
3260,威剛,17,0,17,兆豐-竹北,2023-07-13,7007
2317,鴻海,21,5,16,兆豐-竹北,2023-07-13,7007
1504,東元,18,2,16,兆豐-竹北,2023-07-13,7007
3276,宇環,16,0,16,兆豐-竹北,2023-07-13,7007
8021,尖點,19,3,16,兆豐-竹北,2023-07-13,7007
1786,科妍,15,0,15,兆豐-竹北,2023-07-13,7007
4162,智擎,21,6,15,兆豐-竹北,2023-07-13,7007
8105,凌巨,20,5,15,兆豐-竹北,2023-07-13,7007
6182,合晶,18,4,14,兆豐-竹北,2023-07-13,7007
1591,駿吉-KY,47,35,12,兆豐-竹北,2023-07-13,7007
6443,元晶,12,0,12,兆豐-竹北,2023-07-13,7007
3035,智原,30,19,11,兆豐-竹北,2023-07-13,7007
1503,士電,17,6,11,兆豐-竹北,2023-07-13,7007
00631L,元大台灣50正2,13,2,11,兆豐-竹北,2023-07-13,7007
5388,中磊,21,10,11,兆豐-竹北,2023-07-13,7007
8038,長園科,11,0,11,兆豐-竹北,2023-07-13,7007
2603,長榮,33,22,11,兆豐-竹北,2023-07-13,7007
2886,兆豐金,10,0,10,兆豐-竹北,2023-07-13,7007
1104,環泥,10,0,10,兆豐-竹北,2023-07-13,7007
1471,首利,13,3,10,兆豐-竹北,2023-07-13,7007
2020,美亞,26,16,10,兆豐-竹北,2023-07-13,7007
2034,允強,10,0,10,兆豐-竹北,2023-07-13,7007
2369,菱生,13,3,10,兆豐-竹北,2023-07-13,7007
3313,斐成,10,0,10,兆豐-竹北,2023-07-13,7007
4566,時碩工業,10,0,10,兆豐-竹北,2023-07-13,7007
4938,和碩,25,15,10,兆豐-竹北,2023-07-13,7007
5009,榮剛,11,1,10,兆豐-竹北,2023-07-13,7007
8070,長華*,10,0,10,兆豐-竹北,2023-07-13,7007
2301,光寶科,252,131,121,兆豐-竹北,2023-07-14,7007
00637L,元大滬深300正2,144,27,117,兆豐-竹北,2023-07-14,7007
2106,建大,65,0,65,兆豐-竹北,2023-07-14,7007
3363,上詮,129,66,63,兆豐-竹北,2023-07-14,7007
1907,永豐餘,56,3,53,兆豐-竹北,2023-07-14,7007
00930,永豐ESG低碳高息,53,0,53,兆豐-竹北,2023-07-14,7007
00671R,富邦NASDAQ反1,50,0,50,兆豐-竹北,2023-07-14,7007
2201,裕隆,47,3,44,兆豐-竹北,2023-07-14,7007
6111,大宇資,55,12,43,兆豐-竹北,2023-07-14,7007
1471,首利,32,0,32,兆豐-竹北,2023-07-14,7007
00882,中信中國高股息,40,10,30,兆豐-竹北,2023-07-14,7007
2603,長榮,33,3,30,兆豐-竹北,2023-07-14,7007
3078,僑威,31,3,28,兆豐-竹北,2023-07-14,7007
1609,大亞,42,15,27,兆豐-竹北,2023-07-14,7007
00720B,元大投資級公司債,24,0,24,兆豐-竹北,2023-07-14,7007
5483,中美晶,36,13,23,兆豐-竹北,2023-07-14,7007
00929,復華台灣科技優息,21,0,21,兆豐-竹北,2023-07-14,7007
2465,麗臺,21,0,21,兆豐-竹北,2023-07-14,7007
6143,振曜,21,0,21,兆豐-竹北,2023-07-14,7007
00632R,元大台灣50反1,17,0,17,兆豐-竹北,2023-07-14,7007
2353,宏��,42,25,17,兆豐-竹北,2023-07-14,7007
4533,協易機,37,21,16,兆豐-竹北,2023-07-14,7007
00673R,期元大S＆P原油反1,39,23,16,兆豐-竹北,2023-07-14,7007
1504,東元,23,7,16,兆豐-竹北,2023-07-14,7007
3704,合勤控,32,18,14,兆豐-竹北,2023-07-14,7007
3037,欣興,41,27,14,兆豐-竹北,2023-07-14,7007
3071,協禧,20,7,13,兆豐-竹北,2023-07-14,7007
8358,金居,17,4,13,兆豐-竹北,2023-07-14,7007
1529,樂事綠能,36,24,12,兆豐-竹北,2023-07-14,7007
2328,廣宇,27,15,12,兆豐-竹北,2023-07-14,7007
00631L,元大台灣50正2,11,0,11,兆豐-竹北,2023-07-14,7007
00915,凱基優選高股息30,11,0,11,兆豐-竹北,2023-07-14,7007
2344,華邦電,12,1,11,兆豐-竹北,2023-07-14,7007
3060,銘異,21,10,11,兆豐-竹北,2023-07-14,7007
5465,富驊,26,15,11,兆豐-竹北,2023-07-14,7007
8033,雷虎,11,0,11,兆豐-竹北,2023-07-14,7007
00887,永豐中國科技50大,10,0,10,兆豐-竹北,2023-07-14,7007
1608,華榮,10,0,10,兆豐-竹北,2023-07-14,7007
2413,環科,10,0,10,兆豐-竹北,2023-07-14,7007
3083,網龍,10,0,10,兆豐-竹北,2023-07-14,7007
4142,國光生,10,0,10,兆豐-竹北,2023-07-14,7007
6139,亞翔,14,4,10,兆豐-竹北,2023-07-14,7007
6693,廣閎科,10,0,10,兆豐-竹北,2023-07-14,7007
2368,金像電,20,11,9,兆豐-竹北,2023-07-14,7007
3508,位速,9,0,9,兆豐-竹北,2023-07-14,7007
5206,坤悅,9,0,9,兆豐-竹北,2023-07-14,7007
1560,中砂,16,7,9,兆豐-竹北,2023-07-14,7007
2382,廣達,24,15,9,兆豐-竹北,2023-07-14,7007
2376,技嘉,54,46,8,兆豐-竹北,2023-07-14,7007
00772B,中信高評級公司債,10,2,8,兆豐-竹北,2023-07-14,7007
2106,建大,204,0,204,兆豐-竹北,2023-07-17,7007
00715L,期街口布蘭特正2,135,10,125,兆豐-竹北,2023-07-17,7007
00720B,元大投資級公司債,108,0,108,兆豐-竹北,2023-07-17,7007
6016,康和證,100,5,95,兆豐-竹北,2023-07-17,7007
3706,神達,100,13,87,兆豐-竹北,2023-07-17,7007
4906,正文,117,39,78,兆豐-竹北,2023-07-17,7007
00929,復華台灣科技優息,111,42,69,兆豐-竹北,2023-07-17,7007
1220,台榮,60,0,60,兆豐-竹北,2023-07-17,7007
00673R,期元大S＆P原油反1,58,8,50,兆豐-竹北,2023-07-17,7007
2030,彰源,40,0,40,兆豐-竹北,2023-07-17,7007
2388,威盛,76,36,40,兆豐-竹北,2023-07-17,7007
2409,友達,53,15,38,兆豐-竹北,2023-07-17,7007
1714,和桐,35,0,35,兆豐-竹北,2023-07-17,7007
00882,中信中國高股息,38,3,35,兆豐-竹北,2023-07-17,7007
4967,十銓,30,0,30,兆豐-竹北,2023-07-17,7007
8936,國統,33,6,27,兆豐-竹北,2023-07-17,7007
2301,光寶科,80,54,26,兆豐-竹北,2023-07-17,7007
2353,宏��,67,42,25,兆豐-竹北,2023-07-17,7007
00665L,富邦�琤肭磪囓�2,23,0,23,兆豐-竹北,2023-07-17,7007
2425,承啟,45,24,21,兆豐-竹北,2023-07-17,7007
3016,嘉晶,21,0,21,兆豐-竹北,2023-07-17,7007
00753L,中信中國50正2,20,0,20,兆豐-竹北,2023-07-17,7007
3038,全台,20,0,20,兆豐-竹北,2023-07-17,7007
3083,網龍,20,0,20,兆豐-竹北,2023-07-17,7007
4102,永日,22,2,20,兆豐-竹北,2023-07-17,7007
6161,捷波,20,0,20,兆豐-竹北,2023-07-17,7007
1560,中砂,22,3,19,兆豐-竹北,2023-07-17,7007
2328,廣宇,28,9,19,兆豐-竹北,2023-07-17,7007
2618,長榮航,37,18,19,兆豐-竹北,2023-07-17,7007
3014,聯陽,32,13,19,兆豐-竹北,2023-07-17,7007
2303,聯電,19,2,17,兆豐-竹北,2023-07-17,7007
4938,和碩,27,11,16,兆豐-竹北,2023-07-17,7007
2883,凱基金,16,2,14,兆豐-竹北,2023-07-17,7007
00712,復華富時不動產,14,0,14,兆豐-竹北,2023-07-17,7007
3380,明泰,45,31,14,兆豐-竹北,2023-07-17,7007
00930,永豐ESG低碳高息,12,0,12,兆豐-竹北,2023-07-17,7007
8028,昇陽半導體,12,0,12,兆豐-竹北,2023-07-17,7007
00885,富邦越南,16,5,11,兆豐-竹北,2023-07-17,7007
2402,毅嘉,32,21,11,兆豐-竹北,2023-07-17,7007
2812,台中銀,11,0,11,兆豐-竹北,2023-07-17,7007
6207,雷科,12,1,11,兆豐-竹北,2023-07-17,7007
8150,南茂,11,0,11,兆豐-竹北,2023-07-17,7007
2314,台揚,16,5,11,兆豐-竹北,2023-07-17,7007
2382,廣達,20,9,11,兆豐-竹北,2023-07-17,7007
6515,穎崴,12,2,10,兆豐-竹北,2023-07-17,7007
00751B,元大AAA至A公司債,10,0,10,兆豐-竹北,2023-07-17,7007
1103,嘉泥,10,0,10,兆豐-竹北,2023-07-17,7007
2528,皇普,10,0,10,兆豐-竹北,2023-07-17,7007
4961,天鈺,10,0,10,兆豐-竹北,2023-07-17,7007
2610,華航,28,20,8,兆豐-竹北,2023-07-17,7007
2312,金寶,231,86,145,兆豐-竹北,2023-07-18,7007
4938,和碩,176,46,130,兆豐-竹北,2023-07-18,7007
00753L,中信中國50正2,125,1,124,兆豐-竹北,2023-07-18,7007
2106,建大,106,0,106,兆豐-竹北,2023-07-18,7007
00929,復華台灣科技優息,93,11,82,兆豐-竹北,2023-07-18,7007
9105,泰金寶-DR,100,33,67,兆豐-竹北,2023-07-18,7007
2371,大同,104,41,63,兆豐-竹北,2023-07-18,7007
8091,翔名,62,1,61,兆豐-竹北,2023-07-18,7007
00888,永豐台灣ESG,66,14,52,兆豐-竹北,2023-07-18,7007
2449,京元電子,67,19,48,兆豐-竹北,2023-07-18,7007
2883,凱基金,47,0,47,兆豐-竹北,2023-07-18,7007
1313,聯成,53,8,45,兆豐-竹北,2023-07-18,7007
00927,群益半導體收益,40,0,40,兆豐-竹北,2023-07-18,7007
1711,永光,56,16,40,兆豐-竹北,2023-07-18,7007
2352,佳世達,95,57,38,兆豐-竹北,2023-07-18,7007
6142,友勁,35,0,35,兆豐-竹北,2023-07-18,7007
00882,中信中國高股息,100,66,34,兆豐-竹北,2023-07-18,7007
1714,和桐,33,0,33,兆豐-竹北,2023-07-18,7007
00720B,元大投資級公司債,33,1,32,兆豐-竹北,2023-07-18,7007
4906,正文,33,1,32,兆豐-竹北,2023-07-18,7007
1605,華新,31,1,30,兆豐-竹北,2023-07-18,7007
6276,安鈦克,32,3,29,兆豐-竹北,2023-07-18,7007
2324,仁寶,82,54,28,兆豐-竹北,2023-07-18,7007
2812,台中銀,35,8,27,兆豐-竹北,2023-07-18,7007
00679B,元大美債20年,27,1,26,兆豐-竹北,2023-07-18,7007
2515,中工,26,0,26,兆豐-竹北,2023-07-18,7007
4102,永日,40,14,26,兆豐-竹北,2023-07-18,7007
4532,瑞智,28,2,26,兆豐-竹北,2023-07-18,7007
6282,康舒,88,62,26,兆豐-竹北,2023-07-18,7007
6120,達運,35,12,23,兆豐-竹北,2023-07-18,7007
00722B,群益投資級電信債,21,0,21,兆豐-竹北,2023-07-18,7007
1612,宏泰,21,0,21,兆豐-竹北,2023-07-18,7007
4121,優盛,21,1,20,兆豐-竹北,2023-07-18,7007
00922,國泰台灣領袖50,20,0,20,兆豐-竹北,2023-07-18,7007
2495,普安,20,0,20,兆豐-竹北,2023-07-18,7007
2888,新光金,40,20,20,兆豐-竹北,2023-07-18,7007
1513,中興電,66,46,20,兆豐-竹北,2023-07-18,7007
1786,科妍,20,1,19,兆豐-竹北,2023-07-18,7007
3356,奇偶,23,5,18,兆豐-竹北,2023-07-18,7007
1305,華夏,17,0,17,兆豐-竹北,2023-07-18,7007
4157,太景*-KY,16,0,16,兆豐-竹北,2023-07-18,7007
2353,宏��,34,18,16,兆豐-竹北,2023-07-18,7007
2637,慧洋-KY,15,0,15,兆豐-竹北,2023-07-18,7007
3689,湧德,19,4,15,兆豐-竹北,2023-07-18,7007
1312,國喬,14,0,14,兆豐-竹北,2023-07-18,7007
3071,協禧,37,23,14,兆豐-竹北,2023-07-18,7007
3260,威剛,21,7,14,兆豐-竹北,2023-07-18,7007
5443,均豪,13,0,13,兆豐-竹北,2023-07-18,7007
8046,南電,24,11,13,兆豐-竹北,2023-07-18,7007
6191,精成科,13,1,12,兆豐-竹北,2023-07-18,7007
6770,力積電,114,0,114,兆豐-竹北,2023-07-19,7007
4938,和碩,100,9,91,兆豐-竹北,2023-07-19,7007
00878,國泰永續高股息,152,82,70,兆豐-竹北,2023-07-19,7007
2329,華泰,141,72,69,兆豐-竹北,2023-07-19,7007
6005,群益證,50,0,50,兆豐-竹北,2023-07-19,7007
6111,大宇資,102,53,49,兆豐-竹北,2023-07-19,7007
2301,光寶科,77,30,47,兆豐-竹北,2023-07-19,7007
00882,中信中國高股息,44,0,44,兆豐-竹北,2023-07-19,7007
0056,元大高股息,64,24,40,兆豐-竹北,2023-07-19,7007
2356,英業達,182,142,40,兆豐-竹北,2023-07-19,7007
2610,華航,68,28,40,兆豐-竹北,2023-07-19,7007
00753L,中信中國50正2,186,150,36,兆豐-竹北,2023-07-19,7007
8050,廣積,55,19,36,兆豐-竹北,2023-07-19,7007
2618,長榮航,59,25,34,兆豐-竹北,2023-07-19,7007
2371,大同,50,16,34,兆豐-竹北,2023-07-19,7007
00665L,富邦�琤肭磪囓�2,44,10,34,兆豐-竹北,2023-07-19,7007
2206,三陽工業,46,15,31,兆豐-竹北,2023-07-19,7007
2404,漢唐,30,0,30,兆豐-竹北,2023-07-19,7007
8105,凌巨,28,2,26,兆豐-竹北,2023-07-19,7007
6806,森崴能源,25,0,25,兆豐-竹北,2023-07-19,7007
2317,鴻海,27,2,25,兆豐-竹北,2023-07-19,7007
00632R,元大台灣50反1,25,0,25,兆豐-竹北,2023-07-19,7007
1714,和桐,25,0,25,兆豐-竹北,2023-07-19,7007
3038,全台,28,3,25,兆豐-竹北,2023-07-19,7007
2303,聯電,24,2,22,兆豐-竹北,2023-07-19,7007
00673R,期元大S＆P原油反1,25,5,20,兆豐-竹北,2023-07-19,7007
00752,中信中國50,20,0,20,兆豐-竹北,2023-07-19,7007
6235,華孚,35,16,19,兆豐-竹北,2023-07-19,7007
1514,亞力,21,3,18,兆豐-竹北,2023-07-19,7007
1802,台玻,18,0,18,兆豐-竹北,2023-07-19,7007
6188,廣明,29,11,18,兆豐-竹北,2023-07-19,7007
3363,上詮,52,35,17,兆豐-竹北,2023-07-19,7007
2312,金寶,53,36,17,兆豐-竹北,2023-07-19,7007
3374,精材,18,2,16,兆豐-竹北,2023-07-19,7007
2883,凱基金,16,0,16,兆豐-竹北,2023-07-19,7007
2382,廣達,33,18,15,兆豐-竹北,2023-07-19,7007
2367,燿華,15,0,15,兆豐-竹北,2023-07-19,7007
2537,聯上發,15,0,15,兆豐-竹北,2023-07-19,7007
2344,華邦電,22,8,14,兆豐-竹北,2023-07-19,7007
6449,鈺邦,14,0,14,兆豐-竹北,2023-07-19,7007
4566,時碩工業,29,16,13,兆豐-竹北,2023-07-19,7007
00712,復華富時不動產,16,3,13,兆豐-竹北,2023-07-19,7007
1783,和康生,13,0,13,兆豐-竹北,2023-07-19,7007
2402,毅嘉,32,19,13,兆豐-竹北,2023-07-19,7007
2409,友達,14,2,12,兆豐-竹北,2023-07-19,7007
2413,環科,12,0,12,兆豐-竹北,2023-07-19,7007
00679B,元大美債20年,19,7,12,兆豐-竹北,2023-07-19,7007
2812,台中銀,11,0,11,兆豐-竹北,2023-07-19,7007
00927,群益半導體收益,11,0,11,兆豐-竹北,2023-07-19,7007
1305,華夏,11,0,11,兆豐-竹北,2023-07-19,7007
00929,復華台灣科技優息,129,0,129,兆豐-竹北,2023-07-20,7007
00753L,中信中國50正2,104,1,103,兆豐-竹北,2023-07-20,7007
2607,榮運,103,3,100,兆豐-竹北,2023-07-20,7007
2106,建大,81,0,81,兆豐-竹北,2023-07-20,7007
00633L,富邦上証正2,50,0,50,兆豐-竹北,2023-07-20,7007
2888,新光金,50,0,50,兆豐-竹北,2023-07-20,7007
2303,聯電,50,0,50,兆豐-竹北,2023-07-20,7007
1529,樂事綠能,89,46,43,兆豐-竹北,2023-07-20,7007
2206,三陽工業,39,11,28,兆豐-竹北,2023-07-20,7007
00665L,富邦�琤肭磪囓�2,30,7,23,兆豐-竹北,2023-07-20,7007
6770,力積電,28,5,23,兆豐-竹北,2023-07-20,7007
4938,和碩,37,14,23,兆豐-竹北,2023-07-20,7007
3037,欣興,60,41,19,兆豐-竹北,2023-07-20,7007
3363,上詮,31,12,19,兆豐-竹北,2023-07-20,7007
4123,晟德,46,27,19,兆豐-竹北,2023-07-20,7007
3149,正達,23,5,18,兆豐-竹北,2023-07-20,7007
2317,鴻海,18,1,17,兆豐-竹北,2023-07-20,7007
8071,能率網通,16,0,16,兆豐-竹北,2023-07-20,7007
00679B,元大美債20年,16,0,16,兆豐-竹北,2023-07-20,7007
3289,宜特,23,8,15,兆豐-竹北,2023-07-20,7007
4908,前鼎,33,18,15,兆豐-竹北,2023-07-20,7007
006208,富邦台50,13,0,13,兆豐-竹北,2023-07-20,7007
00893,國泰智能電動車,16,3,13,兆豐-竹北,2023-07-20,7007
2201,裕隆,16,3,13,兆豐-竹北,2023-07-20,7007
2609,陽明,36,23,13,兆豐-竹北,2023-07-20,7007
00673R,期元大S＆P原油反1,12,0,12,兆豐-竹北,2023-07-20,7007
2449,京元電子,22,10,12,兆豐-竹北,2023-07-20,7007
2615,萬海,12,0,12,兆豐-竹北,2023-07-20,7007
6122,擎邦,16,4,12,兆豐-竹北,2023-07-20,7007
00930,永豐ESG低碳高息,11,0,11,兆豐-竹北,2023-07-20,7007
1795,美時,18,7,11,兆豐-竹北,2023-07-20,7007
8044,網家,11,0,11,兆豐-竹北,2023-07-20,7007
2324,仁寶,14,4,10,兆豐-竹北,2023-07-20,7007
2352,佳世達,26,16,10,兆豐-竹北,2023-07-20,7007
1742,台蠟,10,0,10,兆豐-竹北,2023-07-20,7007
2323,中環,10,0,10,兆豐-竹北,2023-07-20,7007
2393,億光,10,0,10,兆豐-竹北,2023-07-20,7007
3260,威剛,10,0,10,兆豐-竹北,2023-07-20,7007
6161,捷波,17,7,10,兆豐-竹北,2023-07-20,7007
6269,台郡,10,0,10,兆豐-竹北,2023-07-20,7007
1591,駿吉-KY,39,30,9,兆豐-竹北,2023-07-20,7007
2329,華泰,25,16,9,兆豐-竹北,2023-07-20,7007
3689,湧德,11,2,9,兆豐-竹北,2023-07-20,7007
4977,眾達-KY,10,1,9,兆豐-竹北,2023-07-20,7007
6796,晉弘,10,2,8,兆豐-竹北,2023-07-20,7007
1102,亞泥,7,0,7,兆豐-竹北,2023-07-20,7007
3362,先進光,33,26,7,兆豐-竹北,2023-07-20,7007
6282,康舒,17,10,7,兆豐-竹北,2023-07-20,7007
3051,力特,8,1,7,兆豐-竹北,2023-07-20,7007
9958,世紀鋼,20,13,7,兆豐-竹北,2023-07-20,7007
00753L,中信中國50正2,123,3,120,兆豐-竹北,2023-07-21,7007
00882,中信中國高股息,96,0,96,兆豐-竹北,2023-07-21,7007
4908,前鼎,90,0,90,兆豐-竹北,2023-07-21,7007
6111,大宇資,165,108,57,兆豐-竹北,2023-07-21,7007
4533,協易機,51,0,51,兆豐-竹北,2023-07-21,7007
1907,永豐餘,67,17,50,兆豐-竹北,2023-07-21,7007
6015,宏遠證,49,0,49,兆豐-竹北,2023-07-21,7007
1305,華夏,45,0,45,兆豐-竹北,2023-07-21,7007
3044,健鼎,53,11,42,兆豐-竹北,2023-07-21,7007
1605,華新,55,15,40,兆豐-竹北,2023-07-21,7007
2329,華泰,72,33,39,兆豐-竹北,2023-07-21,7007
3432,台端,39,0,39,兆豐-竹北,2023-07-21,7007
2610,華航,51,14,37,兆豐-竹北,2023-07-21,7007
2405,輔信,34,0,34,兆豐-竹北,2023-07-21,7007
6613,朋億*,30,0,30,兆豐-竹北,2023-07-21,7007
2498,宏達電,31,2,29,兆豐-竹北,2023-07-21,7007
2887,台新金,27,0,27,兆豐-竹北,2023-07-21,7007
1786,科妍,25,0,25,兆豐-竹北,2023-07-21,7007
00907,永豐優息存股,22,0,22,兆豐-竹北,2023-07-21,7007
3706,神達,29,8,21,兆豐-竹北,2023-07-21,7007
00673R,期元大S＆P原油反1,25,4,21,兆豐-竹北,2023-07-21,7007
3014,聯陽,26,5,21,兆豐-竹北,2023-07-21,7007
00751B,元大AAA至A公司債,20,0,20,兆豐-竹北,2023-07-21,7007
2330,台積電,24,4,20,兆豐-竹北,2023-07-21,7007
3013,晟銘電,48,28,20,兆豐-竹北,2023-07-21,7007
00929,復華台灣科技優息,33,14,19,兆豐-竹北,2023-07-21,7007
2888,新光金,21,2,19,兆豐-竹北,2023-07-21,7007
1504,東元,50,31,19,兆豐-竹北,2023-07-21,7007
2303,聯電,28,10,18,兆豐-竹北,2023-07-21,7007
8046,南電,16,0,16,兆豐-竹北,2023-07-21,7007
4532,瑞智,26,10,16,兆豐-竹北,2023-07-21,7007
4953,緯軟,20,4,16,兆豐-竹北,2023-07-21,7007
00850,元大臺灣ESG永續,15,0,15,兆豐-竹北,2023-07-21,7007
2881,富邦金,15,0,15,兆豐-竹北,2023-07-21,7007
2102,泰豐,15,0,15,兆豐-竹北,2023-07-21,7007
3006,晶豪科,23,8,15,兆豐-竹北,2023-07-21,7007
4414,如興,15,0,15,兆豐-竹北,2023-07-21,7007
1101,台泥,15,0,15,兆豐-竹北,2023-07-21,7007
8222,寶一,24,10,14,兆豐-竹北,2023-07-21,7007
2618,長榮航,56,43,13,兆豐-竹北,2023-07-21,7007
0050,元大台灣50,20,8,12,兆豐-竹北,2023-07-21,7007
00888,永豐台灣ESG,12,0,12,兆豐-竹北,2023-07-21,7007
4173,久裕,12,0,12,兆豐-竹北,2023-07-21,7007
4938,和碩,72,60,12,兆豐-竹北,2023-07-21,7007
9958,世紀鋼,14,2,12,兆豐-竹北,2023-07-21,7007
2301,光寶科,176,164,12,兆豐-竹北,2023-07-21,7007
00713,元大台灣高息低波,12,0,12,兆豐-竹北,2023-07-21,7007
6278,台表科,13,2,11,兆豐-竹北,2023-07-21,7007
2382,廣達,35,25,10,兆豐-竹北,2023-07-21,7007
2027,大成鋼,10,0,10,兆豐-竹北,2023-07-21,7007
00753L,中信中國50正2,111,2,109,兆豐-竹北,2023-07-24,7007
2301,光寶科,226,182,44,兆豐-竹北,2023-07-24,7007
2615,萬海,41,0,41,兆豐-竹北,2023-07-24,7007
4123,晟德,46,5,41,兆豐-竹北,2023-07-24,7007
2355,敬鵬,40,1,39,兆豐-竹北,2023-07-24,7007
6125,廣運,45,6,39,兆豐-竹北,2023-07-24,7007
2461,光群雷,46,12,34,兆豐-竹北,2023-07-24,7007
2106,建大,33,0,33,兆豐-竹北,2023-07-24,7007
1905,華紙,48,17,31,兆豐-竹北,2023-07-24,7007
2890,永豐金,30,0,30,兆豐-竹北,2023-07-24,7007
5876,上海商銀,30,0,30,兆豐-竹北,2023-07-24,7007
2888,新光金,31,2,29,兆豐-竹北,2023-07-24,7007
2388,威盛,27,2,25,兆豐-竹北,2023-07-24,7007
2887,台新金,25,0,25,兆豐-竹北,2023-07-24,7007
2834,臺企銀,22,0,22,兆豐-竹北,2023-07-24,7007
2402,毅嘉,22,1,21,兆豐-竹北,2023-07-24,7007
6112,邁達特,28,7,21,兆豐-竹北,2023-07-24,7007
1605,華新,45,25,20,兆豐-竹北,2023-07-24,7007
2881,富邦金,20,0,20,兆豐-竹北,2023-07-24,7007
2436,偉詮電,20,0,20,兆豐-竹北,2023-07-24,7007
3540,曜越,40,20,20,兆豐-竹北,2023-07-24,7007
1560,中砂,22,3,19,兆豐-竹北,2023-07-24,7007
2882,國泰金,22,3,19,兆豐-竹北,2023-07-24,7007
4155,訊映,20,3,17,兆豐-竹北,2023-07-24,7007
1218,泰山,24,8,16,兆豐-竹北,2023-07-24,7007
2230,泰茂,18,2,16,兆豐-竹北,2023-07-24,7007
00929,復華台灣科技優息,15,0,15,兆豐-竹北,2023-07-24,7007
1609,大亞,46,31,15,兆豐-竹北,2023-07-24,7007
4908,前鼎,20,5,15,兆豐-竹北,2023-07-24,7007
6116,彩晶,15,0,15,兆豐-竹北,2023-07-24,7007
6139,亞翔,25,10,15,兆豐-竹北,2023-07-24,7007
9958,世紀鋼,21,7,14,兆豐-竹北,2023-07-24,7007
2515,中工,14,0,14,兆豐-竹北,2023-07-24,7007
2547,日勝生,20,6,14,兆豐-竹北,2023-07-24,7007
6155,鈞寶,14,0,14,兆豐-竹北,2023-07-24,7007
3035,智原,56,42,14,兆豐-竹北,2023-07-24,7007
4938,和碩,46,32,14,兆豐-竹北,2023-07-24,7007
2449,京元電子,13,0,13,兆豐-竹北,2023-07-24,7007
3581,博磊,20,7,13,兆豐-竹北,2023-07-24,7007
2312,金寶,12,0,12,兆豐-竹北,2023-07-24,7007
0050,元大台灣50,11,0,11,兆豐-竹北,2023-07-24,7007
2353,宏��,23,12,11,兆豐-竹北,2023-07-24,7007
3013,晟銘電,61,51,10,兆豐-竹北,2023-07-24,7007
2412,中華電,10,0,10,兆豐-竹北,2023-07-24,7007
6285,啟��,11,1,10,兆豐-竹北,2023-07-24,7007
3006,晶豪科,13,3,10,兆豐-竹北,2023-07-24,7007
00665L,富邦�琤肭磪囓�2,12,2,10,兆豐-竹北,2023-07-24,7007
1540,喬福,10,0,10,兆豐-竹北,2023-07-24,7007
2812,台中銀,10,0,10,兆豐-竹北,2023-07-24,7007
3060,銘異,10,0,10,兆豐-竹北,2023-07-24,7007
2352,佳世達,152,49,103,兆豐-竹北,2023-07-25,7007
1504,東元,107,34,73,兆豐-竹北,2023-07-25,7007
00665L,富邦�琤肭磪囓�2,79,20,59,兆豐-竹北,2023-07-25,7007
00929,復華台灣科技優息,58,0,58,兆豐-竹北,2023-07-25,7007
2313,華通,53,1,52,兆豐-竹北,2023-07-25,7007
4714,永捷,50,0,50,兆豐-竹北,2023-07-25,7007
2388,威盛,45,2,43,兆豐-竹北,2023-07-25,7007
2615,萬海,40,0,40,兆豐-竹北,2023-07-25,7007
2603,長榮,32,2,30,兆豐-竹北,2023-07-25,7007
6223,旺矽,33,6,27,兆豐-竹北,2023-07-25,7007
1217,愛之味,25,0,25,兆豐-竹北,2023-07-25,7007
3004,豐達科,25,0,25,兆豐-竹北,2023-07-25,7007
5864,致和證,25,0,25,兆豐-竹北,2023-07-25,7007
00679B,元大美債20年,28,5,23,兆豐-竹北,2023-07-25,7007
2610,華航,40,17,23,兆豐-竹北,2023-07-25,7007
2382,廣達,102,80,22,兆豐-竹北,2023-07-25,7007
3702,大聯大,21,0,21,兆豐-竹北,2023-07-25,7007
1714,和桐,20,0,20,兆豐-竹北,2023-07-25,7007
2888,新光金,25,5,20,兆豐-竹北,2023-07-25,7007
1218,泰山,21,2,19,兆豐-竹北,2023-07-25,7007
2436,偉詮電,19,0,19,兆豐-竹北,2023-07-25,7007
4919,新唐,19,2,17,兆豐-竹北,2023-07-25,7007
9958,世紀鋼,22,6,16,兆豐-竹北,2023-07-25,7007
2357,華碩,22,8,14,兆豐-竹北,2023-07-25,7007
6275,元山,35,21,14,兆豐-竹北,2023-07-25,7007
2316,楠梓電,14,1,13,兆豐-竹北,2023-07-25,7007
1447,力鵬,13,0,13,兆豐-竹北,2023-07-25,7007
1905,華紙,25,12,13,兆豐-竹北,2023-07-25,7007
2412,中華電,13,0,13,兆豐-竹北,2023-07-25,7007
2812,台中銀,12,0,12,兆豐-竹北,2023-07-25,7007
3227,原相,15,3,12,兆豐-竹北,2023-07-25,7007
00893,國泰智能電動車,11,0,11,兆豐-竹北,2023-07-25,7007
00632R,元大台灣50反1,11,0,11,兆豐-竹北,2023-07-25,7007
1503,士電,12,1,11,兆豐-竹北,2023-07-25,7007
1815,富喬,11,0,11,兆豐-竹北,2023-07-25,7007
2206,三陽工業,24,13,11,兆豐-竹北,2023-07-25,7007
8926,台汽電,15,5,10,兆豐-竹北,2023-07-25,7007
2014,中鴻,10,0,10,兆豐-竹北,2023-07-25,7007
3024,憶聲,20,10,10,兆豐-竹北,2023-07-25,7007
3059,華晶科,10,0,10,兆豐-竹北,2023-07-25,7007
6179,亞通,15,5,10,兆豐-竹北,2023-07-25,7007
6494,九齊,10,0,10,兆豐-竹北,2023-07-25,7007
2356,英業達,26,16,10,兆豐-竹北,2023-07-25,7007
9105,泰金寶-DR,10,1,9,兆豐-竹北,2023-07-25,7007
3231,緯創,18,9,9,兆豐-竹北,2023-07-25,7007
6282,康舒,16,7,9,兆豐-竹北,2023-07-25,7007
3037,欣興,29,21,8,兆豐-竹北,2023-07-25,7007
2376,技嘉,39,31,8,兆豐-竹北,2023-07-25,7007
9941,裕融,15,7,8,兆豐-竹北,2023-07-25,7007
3374,精材,12,4,8,兆豐-竹北,2023-07-25,7007
6015,宏遠證,206,0,206,兆豐-竹北,2023-07-26,7007
2312,金寶,137,9,128,兆豐-竹北,2023-07-26,7007
6016,康和證,101,0,101,兆豐-竹北,2023-07-26,7007
6126,信音,110,54,56,兆豐-竹北,2023-07-26,7007
00665L,富邦�琤肭磪囓�2,50,0,50,兆豐-竹北,2023-07-26,7007
8926,台汽電,44,0,44,兆豐-竹北,2023-07-26,7007
00753L,中信中國50正2,31,0,31,兆豐-竹北,2023-07-26,7007
3227,原相,32,2,30,兆豐-竹北,2023-07-26,7007
3432,台端,30,0,30,兆豐-竹北,2023-07-26,7007
4714,永捷,30,0,30,兆豐-竹北,2023-07-26,7007
1560,中砂,34,6,28,兆豐-竹北,2023-07-26,7007
00893,國泰智能電動車,31,4,27,兆豐-竹北,2023-07-26,7007
2436,偉詮電,28,2,26,兆豐-竹北,2023-07-26,7007
00673R,期元大S＆P原油反1,25,0,25,兆豐-竹北,2023-07-26,7007
00679B,元大美債20年,25,0,25,兆豐-竹北,2023-07-26,7007
4989,榮科,31,7,24,兆豐-竹北,2023-07-26,7007
2323,中環,23,0,23,兆豐-竹北,2023-07-26,7007
1591,駿吉-KY,34,12,22,兆豐-竹北,2023-07-26,7007
00720B,元大投資級公司債,21,0,21,兆豐-竹北,2023-07-26,7007
00919,群益台灣精選高息,21,0,21,兆豐-竹北,2023-07-26,7007
1471,首利,21,0,21,兆豐-竹北,2023-07-26,7007
1608,華榮,21,0,21,兆豐-竹北,2023-07-26,7007
00915,凱基優選高股息30,20,0,20,兆豐-竹北,2023-07-26,7007
2401,凌陽,30,10,20,兆豐-竹北,2023-07-26,7007
3033,威健,22,2,20,兆豐-竹北,2023-07-26,7007
3702,大聯大,21,1,20,兆豐-竹北,2023-07-26,7007
6147,頎邦,20,0,20,兆豐-竹北,2023-07-26,7007
3059,華晶科,52,34,18,兆豐-竹北,2023-07-26,7007
4533,協易機,69,52,17,兆豐-竹北,2023-07-26,7007
4207,環泰,16,0,16,兆豐-竹北,2023-07-26,7007
6234,高僑,16,0,16,兆豐-竹北,2023-07-26,7007
6285,啟��,16,1,15,兆豐-竹北,2023-07-26,7007
2368,金像電,25,10,15,兆豐-竹北,2023-07-26,7007
3014,聯陽,28,14,14,兆豐-竹北,2023-07-26,7007
3704,合勤控,21,7,14,兆豐-竹北,2023-07-26,7007
1795,美時,17,4,13,兆豐-竹北,2023-07-26,7007
2204,中華,14,1,13,兆豐-竹北,2023-07-26,7007
2330,台積電,16,3,13,兆豐-竹北,2023-07-26,7007
2887,台新金,22,9,13,兆豐-竹北,2023-07-26,7007
5347,世界,11,0,11,兆豐-竹北,2023-07-26,7007
1905,華紙,28,17,11,兆豐-竹北,2023-07-26,7007
2359,所羅門,31,20,11,兆豐-竹北,2023-07-26,7007
2498,宏達電,10,0,10,兆豐-竹北,2023-07-26,7007
3004,豐達科,10,0,10,兆豐-竹北,2023-07-26,7007
3437,榮創,10,0,10,兆豐-竹北,2023-07-26,7007
3543,州巧,10,0,10,兆豐-竹北,2023-07-26,7007
6244,茂迪,10,0,10,兆豐-竹北,2023-07-26,7007
00927,群益半導體收益,9,0,9,兆豐-竹北,2023-07-26,7007
1605,華新,10,1,9,兆豐-竹北,2023-07-26,7007
1722,台肥,10,1,9,兆豐-竹北,2023-07-26,7007
1815,富喬,207,2,205,兆豐-竹北,2023-07-27,7007
2607,榮運,100,5,95,兆豐-竹北,2023-07-27,7007
2887,台新金,75,7,68,兆豐-竹北,2023-07-27,7007
1904,正隆,47,2,45,兆豐-竹北,2023-07-27,7007
6125,廣運,112,69,43,兆豐-竹北,2023-07-27,7007
4533,協易機,115,72,43,兆豐-竹北,2023-07-27,7007
6120,達運,50,13,37,兆豐-竹北,2023-07-27,7007
2106,建大,35,0,35,兆豐-竹北,2023-07-27,7007
2355,敬鵬,34,0,34,兆豐-竹北,2023-07-27,7007
3558,神準,32,0,32,兆豐-竹北,2023-07-27,7007
00905,FT臺灣Smart,25,0,25,兆豐-竹北,2023-07-27,7007
6282,康舒,44,19,25,兆豐-竹北,2023-07-27,7007
2371,大同,34,12,22,兆豐-竹北,2023-07-27,7007
2913,農林,54,32,22,兆豐-竹北,2023-07-27,7007
6770,力積電,20,0,20,兆豐-竹北,2023-07-27,7007
3260,威剛,23,4,19,兆豐-竹北,2023-07-27,7007
6116,彩晶,40,21,19,兆豐-竹北,2023-07-27,7007
3325,旭品,20,3,17,兆豐-竹北,2023-07-27,7007
5425,台半,18,1,17,兆豐-竹北,2023-07-27,7007
3037,欣興,28,12,16,兆豐-竹北,2023-07-27,7007
3231,緯創,26,10,16,兆豐-竹北,2023-07-27,7007
2365,昆盈,15,0,15,兆豐-竹北,2023-07-27,7007
3715,定穎投控,15,0,15,兆豐-竹北,2023-07-27,7007
5432,新門,15,0,15,兆豐-竹北,2023-07-27,7007
2301,光寶科,178,163,15,兆豐-竹北,2023-07-27,7007
2801,彰銀,14,0,14,兆豐-竹北,2023-07-27,7007
2405,輔信,16,3,13,兆豐-竹北,2023-07-27,7007
2449,京元電子,13,0,13,兆豐-竹北,2023-07-27,7007
3363,上詮,17,4,13,兆豐-竹北,2023-07-27,7007
6438,迅得,13,0,13,兆豐-竹北,2023-07-27,7007
00679B,元大美債20年,11,0,11,兆豐-竹北,2023-07-27,7007
2353,宏��,80,69,11,兆豐-竹北,2023-07-27,7007
3583,辛耘,19,8,11,兆豐-竹北,2023-07-27,7007
2468,華經,16,5,11,兆豐-竹北,2023-07-27,7007
2498,宏達電,11,0,11,兆豐-竹北,2023-07-27,7007
6488,環球晶,11,0,11,兆豐-竹北,2023-07-27,7007
00764B,群益25年美債,10,0,10,兆豐-竹北,2023-07-27,7007
3491,昇達科,10,0,10,兆豐-竹北,2023-07-27,7007
00633L,富邦上証正2,10,0,10,兆豐-竹北,2023-07-27,7007
1473,台南,10,0,10,兆豐-竹北,2023-07-27,7007
1781,合世,10,0,10,兆豐-竹北,2023-07-27,7007
1786,科妍,10,0,10,兆豐-竹北,2023-07-27,7007
1907,永豐餘,19,9,10,兆豐-竹北,2023-07-27,7007
3092,鴻碩,10,0,10,兆豐-竹北,2023-07-27,7007
6177,達麗,10,0,10,兆豐-竹北,2023-07-27,7007
8028,昇陽半導體,17,7,10,兆豐-竹北,2023-07-27,7007
2892,第一金,11,1,10,兆豐-竹北,2023-07-27,7007
2002,中鋼,11,1,10,兆豐-竹北,2023-07-27,7007
1560,中砂,49,40,9,兆豐-竹北,2023-07-27,7007
2323,中環,10,1,9,兆豐-竹北,2023-07-27,7007
00671R,富邦NASDAQ反1,900,0,900,兆豐-竹北,2023-07-28,7007
00679B,元大美債20年,218,0,218,兆豐-竹北,2023-07-28,7007
00680L,元大美債20正2,114,0,114,兆豐-竹北,2023-07-28,7007
6015,宏遠證,100,0,100,兆豐-竹北,2023-07-28,7007
2408,南亞科,104,9,95,兆豐-竹北,2023-07-28,7007
2887,台新金,92,4,88,兆豐-竹北,2023-07-28,7007
00929,復華台灣科技優息,66,0,66,兆豐-竹北,2023-07-28,7007
4960,誠美材,50,0,50,兆豐-竹北,2023-07-28,7007
2009,第一銅,38,1,37,兆豐-竹北,2023-07-28,7007
2303,聯電,41,12,29,兆豐-竹北,2023-07-28,7007
00715L,期街口布蘭特正2,26,0,26,兆豐-竹北,2023-07-28,7007
2618,長榮航,34,8,26,兆豐-竹北,2023-07-28,7007
8358,金居,42,17,25,兆豐-竹北,2023-07-28,7007
00687B,國泰20年美債,25,0,25,兆豐-竹北,2023-07-28,7007
2208,台船,25,0,25,兆豐-竹北,2023-07-28,7007
3088,艾訊,26,1,25,兆豐-竹北,2023-07-28,7007
1591,駿吉-KY,36,12,24,兆豐-竹北,2023-07-28,7007
4973,廣穎,31,7,24,兆豐-竹北,2023-07-28,7007
00633L,富邦上証正2,31,8,23,兆豐-竹北,2023-07-28,7007
1560,中砂,54,31,23,兆豐-竹北,2023-07-28,7007
00720B,元大投資級公司債,21,0,21,兆豐-竹北,2023-07-28,7007
2002,中鋼,20,0,20,兆豐-竹北,2023-07-28,7007
2885,元大金,20,0,20,兆豐-竹北,2023-07-28,7007
2891,中信金,20,0,20,兆豐-竹北,2023-07-28,7007
4533,協易機,23,3,20,兆豐-竹北,2023-07-28,7007
3231,緯創,90,71,19,兆豐-竹北,2023-07-28,7007
2498,宏達電,18,0,18,兆豐-竹北,2023-07-28,7007
3014,聯陽,28,11,17,兆豐-竹北,2023-07-28,7007
2405,輔信,21,4,17,兆豐-竹北,2023-07-28,7007
8926,台汽電,20,5,15,兆豐-竹北,2023-07-28,7007
00665L,富邦�琤肭磪囓�2,15,0,15,兆豐-竹北,2023-07-28,7007
6148,驊宏資,24,9,15,兆豐-竹北,2023-07-28,7007
6155,鈞寶,15,0,15,兆豐-竹北,2023-07-28,7007
3607,谷崧,14,0,14,兆豐-竹北,2023-07-28,7007
2344,華邦電,25,12,13,兆豐-竹北,2023-07-28,7007
3092,鴻碩,18,5,13,兆豐-竹北,2023-07-28,7007
2606,裕民,15,2,13,兆豐-竹北,2023-07-28,7007
4989,榮科,25,13,12,兆豐-竹北,2023-07-28,7007
2913,農林,23,12,11,兆豐-竹北,2023-07-28,7007
00674R,期元大S＆P黃金反1,10,0,10,兆豐-竹北,2023-07-28,7007
00637L,元大滬深300正2,15,5,10,兆豐-竹北,2023-07-28,7007
00895,富邦未來車,10,0,10,兆豐-竹北,2023-07-28,7007
1540,喬福,10,0,10,兆豐-竹北,2023-07-28,7007
2104,國際中橡,10,0,10,兆豐-竹北,2023-07-28,7007
2528,皇普,10,0,10,兆豐-竹北,2023-07-28,7007
2612,中航,21,11,10,兆豐-竹北,2023-07-28,7007
4510,高鋒,10,0,10,兆豐-竹北,2023-07-28,7007
5608,四維航,10,0,10,兆豐-竹北,2023-07-28,7007
8011,台通,10,0,10,兆豐-竹北,2023-07-28,7007
6187,萬潤,17,7,10,兆豐-竹北,2023-07-28,7007
2312,金寶,376,78,298,兆豐-竹北,2023-07-31,7007
6120,達運,173,0,173,兆豐-竹北,2023-07-31,7007
00929,復華台灣科技優息,88,10,78,兆豐-竹北,2023-07-31,7007
3711,日月光投控,73,2,71,兆豐-竹北,2023-07-31,7007
00679B,元大美債20年,79,10,69,兆豐-竹北,2023-07-31,7007
00919,群益台灣精選高息,65,0,65,兆豐-竹北,2023-07-31,7007
2106,建大,65,0,65,兆豐-竹北,2023-07-31,7007
2436,偉詮電,69,4,65,兆豐-竹北,2023-07-31,7007
00637L,元大滬深300正2,63,5,58,兆豐-竹北,2023-07-31,7007
00915,凱基優選高股息30,57,0,57,兆豐-竹北,2023-07-31,7007
0056,元大高股息,82,28,54,兆豐-竹北,2023-07-31,7007
2408,南亞科,54,2,52,兆豐-竹北,2023-07-31,7007
4945,陞達科技,50,0,50,兆豐-竹北,2023-07-31,7007
3706,神達,44,8,36,兆豐-竹北,2023-07-31,7007
00673R,期元大S＆P原油反1,36,0,36,兆豐-竹北,2023-07-31,7007
00753L,中信中國50正2,100,65,35,兆豐-竹北,2023-07-31,7007
1447,力鵬,35,0,35,兆豐-竹北,2023-07-31,7007
2388,威盛,35,1,34,兆豐-竹北,2023-07-31,7007
1513,中興電,49,19,30,兆豐-竹北,2023-07-31,7007
00633L,富邦上証正2,30,0,30,兆豐-竹北,2023-07-31,7007
1444,力麗,30,0,30,兆豐-竹北,2023-07-31,7007
4207,環泰,30,0,30,兆豐-竹北,2023-07-31,7007
2883,凱基金,31,2,29,兆豐-竹北,2023-07-31,7007
00878,國泰永續高股息,137,109,28,兆豐-竹北,2023-07-31,7007
2618,長榮航,36,9,27,兆豐-竹北,2023-07-31,7007
4989,榮科,37,10,27,兆豐-竹北,2023-07-31,7007
6285,啟��,58,31,27,兆豐-竹北,2023-07-31,7007
00680L,元大美債20正2,25,0,25,兆豐-竹北,2023-07-31,7007
2404,漢唐,25,0,25,兆豐-竹北,2023-07-31,7007
2867,三商壽,24,0,24,兆豐-竹北,2023-07-31,7007
4979,華星光,28,6,22,兆豐-竹北,2023-07-31,7007
2382,廣達,66,44,22,兆豐-竹北,2023-07-31,7007
2615,萬海,22,0,22,兆豐-竹北,2023-07-31,7007
00687B,國泰20年美債,22,0,22,兆豐-竹北,2023-07-31,7007
6282,康舒,90,68,22,兆豐-竹北,2023-07-31,7007
00885,富邦越南,21,0,21,兆豐-竹北,2023-07-31,7007
2887,台新金,29,8,21,兆豐-竹北,2023-07-31,7007
2356,英業達,32,12,20,兆豐-竹北,2023-07-31,7007
00664R,國泰臺灣加權反1,20,0,20,兆豐-竹北,2023-07-31,7007
1714,和桐,20,0,20,兆豐-竹北,2023-07-31,7007
3049,精金,20,0,20,兆豐-竹北,2023-07-31,7007
3276,宇環,20,0,20,兆豐-竹北,2023-07-31,7007
2303,聯電,28,8,20,兆豐-竹北,2023-07-31,7007
00922,國泰台灣領袖50,19,0,19,兆豐-竹北,2023-07-31,7007
5439,高技,18,0,18,兆豐-竹北,2023-07-31,7007
3004,豐達科,17,0,17,兆豐-竹北,2023-07-31,7007
2891,中信金,44,28,16,兆豐-竹北,2023-07-31,7007
2337,旺宏,16,1,15,兆豐-竹北,2023-07-31,7007
4956,光鋐,15,0,15,兆豐-竹北,2023-07-31,7007
6142,友勁,15,0,15,兆豐-竹北,2023-07-31,7007
6015,宏遠證,200,0,200,兆豐-竹北,2023-08-01,7007
2301,光寶科,122,51,71,兆豐-竹北,2023-08-01,7007
2882,國泰金,90,24,66,兆豐-竹北,2023-08-01,7007
00885,富邦越南,67,1,66,兆豐-竹北,2023-08-01,7007
4960,誠美材,50,0,50,兆豐-竹北,2023-08-01,7007
2913,農林,106,68,38,兆豐-竹北,2023-08-01,7007
00679B,元大美債20年,47,12,35,兆豐-竹北,2023-08-01,7007
6120,達運,46,11,35,兆豐-竹北,2023-08-01,7007
2465,麗臺,32,0,32,兆豐-竹北,2023-08-01,7007
00929,復華台灣科技優息,49,17,32,兆豐-竹北,2023-08-01,7007
00633L,富邦上証正2,30,0,30,兆豐-竹北,2023-08-01,7007
2888,新光金,28,2,26,兆豐-竹北,2023-08-01,7007
3706,神達,24,1,23,兆豐-竹北,2023-08-01,7007
1560,中砂,21,0,21,兆豐-竹北,2023-08-01,7007
2355,敬鵬,20,0,20,兆豐-竹北,2023-08-01,7007
2851,中再保,20,0,20,兆豐-竹北,2023-08-01,7007
3062,建漢,30,10,20,兆豐-竹北,2023-08-01,7007
3594,磐儀,20,0,20,兆豐-竹北,2023-08-01,7007
4908,前鼎,29,9,20,兆豐-竹北,2023-08-01,7007
6275,元山,20,0,20,兆豐-竹北,2023-08-01,7007
00712,復華富時不動產,19,0,19,兆豐-竹北,2023-08-01,7007
6417,韋僑,23,4,19,兆豐-竹北,2023-08-01,7007
4977,眾達-KY,20,2,18,兆豐-竹北,2023-08-01,7007
2609,陽明,22,5,17,兆豐-竹北,2023-08-01,7007
2409,友達,36,20,16,兆豐-竹北,2023-08-01,7007
00895,富邦未來車,20,5,15,兆豐-竹北,2023-08-01,7007
4956,光鋐,15,0,15,兆豐-竹北,2023-08-01,7007
6139,亞翔,15,0,15,兆豐-竹北,2023-08-01,7007
3576,聯合再生,20,6,14,兆豐-竹北,2023-08-01,7007
8034,榮群,14,0,14,兆豐-竹北,2023-08-01,7007
2891,中信金,14,1,13,兆豐-竹北,2023-08-01,7007
2206,三陽工業,86,74,12,兆豐-竹北,2023-08-01,7007
4989,榮科,27,15,12,兆豐-竹北,2023-08-01,7007
2344,華邦電,25,14,11,兆豐-竹北,2023-08-01,7007
2329,華泰,24,14,10,兆豐-竹北,2023-08-01,7007
00632R,元大台灣50反1,10,0,10,兆豐-竹北,2023-08-01,7007
1786,科妍,10,0,10,兆豐-竹北,2023-08-01,7007
2328,廣宇,12,2,10,兆豐-竹北,2023-08-01,7007
2464,盟立,11,1,10,兆豐-竹北,2023-08-01,7007
3029,零壹,15,5,10,兆豐-竹北,2023-08-01,7007
3673,TPK-KY,10,0,10,兆豐-竹北,2023-08-01,7007
4155,訊映,10,0,10,兆豐-竹北,2023-08-01,7007
6147,頎邦,10,0,10,兆豐-竹北,2023-08-01,7007
6168,宏齊,10,0,10,兆豐-竹北,2023-08-01,7007
8050,廣積,10,0,10,兆豐-竹北,2023-08-01,7007
3105,穩懋,9,0,9,兆豐-竹北,2023-08-01,7007
8033,雷虎,11,2,9,兆豐-竹北,2023-08-01,7007
1514,亞力,13,4,9,兆豐-竹北,2023-08-01,7007
6491,晶碩,9,0,9,兆豐-竹北,2023-08-01,7007
6689,伊雲谷,10,1,9,兆豐-竹北,2023-08-01,7007
00753L,中信中國50正2,306,7,299,兆豐-竹北,2023-08-02,7007
2884,玉山金,193,1,192,兆豐-竹北,2023-08-02,7007
00923,群益台ESG低碳50,173,0,173,兆豐-竹北,2023-08-02,7007
0056,元大高股息,169,48,121,兆豐-竹北,2023-08-02,7007
00878,國泰永續高股息,251,144,107,兆豐-竹北,2023-08-02,7007
00751B,元大AAA至A公司債,97,0,97,兆豐-竹北,2023-08-02,7007
4532,瑞智,73,2,71,兆豐-竹北,2023-08-02,7007
3711,日月光投控,83,20,63,兆豐-竹北,2023-08-02,7007
00687B,國泰20年美債,61,6,55,兆豐-竹北,2023-08-02,7007
00680L,元大美債20正2,55,0,55,兆豐-竹北,2023-08-02,7007
3481,群創,69,15,54,兆豐-竹北,2023-08-02,7007
00679B,元大美債20年,64,17,47,兆豐-竹北,2023-08-02,7007
6120,達運,46,2,44,兆豐-竹北,2023-08-02,7007
1314,中石化,51,10,41,兆豐-竹北,2023-08-02,7007
2323,中環,45,5,40,兆豐-竹北,2023-08-02,7007
00900,富邦特選高股息30,36,0,36,兆豐-竹北,2023-08-02,7007
00692,富邦公司治理,34,0,34,兆豐-竹北,2023-08-02,7007
3363,上詮,35,1,34,兆豐-竹北,2023-08-02,7007
00907,永豐優息存股,33,0,33,兆豐-竹北,2023-08-02,7007
2887,台新金,31,0,31,兆豐-竹北,2023-08-02,7007
00671R,富邦NASDAQ反1,30,0,30,兆豐-竹北,2023-08-02,7007
4960,誠美材,30,0,30,兆豐-竹北,2023-08-02,7007
2436,偉詮電,30,2,28,兆豐-竹北,2023-08-02,7007
8046,南電,29,1,28,兆豐-竹北,2023-08-02,7007
6116,彩晶,27,0,27,兆豐-竹北,2023-08-02,7007
00850,元大臺灣ESG永續,22,0,22,兆豐-竹北,2023-08-02,7007
2881,富邦金,22,0,22,兆豐-竹北,2023-08-02,7007
00761B,國泰A級公司債,22,0,22,兆豐-竹北,2023-08-02,7007
2886,兆豐金,22,0,22,兆豐-竹北,2023-08-02,7007
8926,台汽電,21,0,21,兆豐-竹北,2023-08-02,7007
2464,盟立,20,0,20,兆豐-竹北,2023-08-02,7007
4142,國光生,20,0,20,兆豐-竹北,2023-08-02,7007
2412,中華電,20,1,19,兆豐-竹北,2023-08-02,7007
2002,中鋼,18,0,18,兆豐-竹北,2023-08-02,7007
2382,廣達,71,54,17,兆豐-竹北,2023-08-02,7007
2376,技嘉,39,22,17,兆豐-竹北,2023-08-02,7007
2337,旺宏,16,0,16,兆豐-竹北,2023-08-02,7007
3004,豐達科,16,0,16,兆豐-竹北,2023-08-02,7007
5344,立衛,16,0,16,兆豐-竹北,2023-08-02,7007
00645,富邦日本,15,0,15,兆豐-竹北,2023-08-02,7007
2317,鴻海,14,0,14,兆豐-竹北,2023-08-02,7007
00720B,元大投資級公司債,14,0,14,兆豐-竹北,2023-08-02,7007
2913,農林,102,88,14,兆豐-竹北,2023-08-02,7007
8093,保銳,25,11,14,兆豐-竹北,2023-08-02,7007
6188,廣明,16,3,13,兆豐-竹北,2023-08-02,7007
2618,長榮航,123,110,13,兆豐-竹北,2023-08-02,7007
6438,迅得,13,0,13,兆豐-竹北,2023-08-02,7007
0050,元大台灣50,24,11,13,兆豐-竹北,2023-08-02,7007
1514,亞力,13,0,13,兆豐-竹北,2023-08-02,7007
1303,南亞,12,0,12,兆豐-竹北,2023-08-02,7007
00929,復華台灣科技優息,408,0,408,兆豐-竹北,2023-08-04,7007
2891,中信金,216,0,216,兆豐-竹北,2023-08-04,7007
00753L,中信中國50正2,117,0,117,兆豐-竹北,2023-08-04,7007
2913,農林,197,91,106,兆豐-竹北,2023-08-04,7007
00930,永豐ESG低碳高息,100,0,100,兆豐-竹北,2023-08-04,7007
00673R,期元大S＆P原油反1,97,0,97,兆豐-竹北,2023-08-04,7007
00687B,國泰20年美債,82,4,78,兆豐-竹北,2023-08-04,7007
00679B,元大美債20年,144,71,73,兆豐-竹北,2023-08-04,7007
00665L,富邦�琤肭磪囓�2,73,10,63,兆豐-竹北,2023-08-04,7007
00751B,元大AAA至A公司債,59,0,59,兆豐-竹北,2023-08-04,7007
2344,華邦電,43,2,41,兆豐-竹北,2023-08-04,7007
2030,彰源,38,0,38,兆豐-竹北,2023-08-04,7007
00720B,元大投資級公司債,40,5,35,兆豐-竹北,2023-08-04,7007
1609,大亞,51,17,34,兆豐-竹北,2023-08-04,7007
00680L,元大美債20正2,32,0,32,兆豐-竹北,2023-08-04,7007
6282,康舒,37,5,32,兆豐-竹北,2023-08-04,7007
00761B,國泰A級公司債,31,0,31,兆豐-竹北,2023-08-04,7007
3027,盛達,31,3,28,兆豐-竹北,2023-08-04,7007
3363,上詮,35,7,28,兆豐-竹北,2023-08-04,7007
1605,華新,55,29,26,兆豐-竹北,2023-08-04,7007
2618,長榮航,84,61,23,兆豐-竹北,2023-08-04,7007
0050,元大台灣50,25,3,22,兆豐-竹北,2023-08-04,7007
00772B,中信高評級公司債,36,14,22,兆豐-竹北,2023-08-04,7007
2610,華航,22,1,21,兆豐-竹北,2023-08-04,7007
00850,元大臺灣ESG永續,20,0,20,兆豐-竹北,2023-08-04,7007
1608,華榮,30,10,20,兆豐-竹北,2023-08-04,7007
3014,聯陽,23,3,20,兆豐-竹北,2023-08-04,7007
4960,誠美材,20,0,20,兆豐-竹北,2023-08-04,7007
2888,新光金,25,6,19,兆豐-竹北,2023-08-04,7007
2301,光寶科,47,28,19,兆豐-竹北,2023-08-04,7007
3264,欣銓,19,0,19,兆豐-竹北,2023-08-04,7007
2356,英業達,43,25,18,兆豐-竹北,2023-08-04,7007
2382,廣達,43,25,18,兆豐-竹北,2023-08-04,7007
3289,宜特,18,0,18,兆豐-竹北,2023-08-04,7007
2884,玉山金,17,0,17,兆豐-竹北,2023-08-04,7007
00725B,國泰投資級公司債,15,0,15,兆豐-竹北,2023-08-04,7007
3689,湧德,16,1,15,兆豐-竹北,2023-08-04,7007
5511,德昌,14,0,14,兆豐-竹北,2023-08-04,7007
00882,中信中國高股息,14,0,14,兆豐-竹北,2023-08-04,7007
5347,世界,14,0,14,兆豐-竹北,2023-08-04,7007
5425,台半,13,0,13,兆豐-竹北,2023-08-04,7007
1595,川寶,13,0,13,兆豐-竹北,2023-08-04,7007
3037,欣興,18,6,12,兆豐-竹北,2023-08-04,7007
3056,富華新,13,1,12,兆豐-竹北,2023-08-04,7007
6556,勝品,12,0,12,兆豐-竹北,2023-08-04,7007
2211,長榮鋼,13,2,11,兆豐-竹北,2023-08-04,7007
00773B,中信優先金融債,11,0,11,兆豐-竹北,2023-08-04,7007
00927,群益半導體收益,11,0,11,兆豐-竹北,2023-08-04,7007
1301,台塑,11,0,11,兆豐-竹北,2023-08-04,7007
2498,宏達電,16,5,11,兆豐-竹北,2023-08-04,7007
00931B,統一美債20年,275,20,255,兆豐-竹北,2023-08-07,7007
00753L,中信中國50正2,214,0,214,兆豐-竹北,2023-08-07,7007
00665L,富邦�琤肭磪囓�2,134,10,124,兆豐-竹北,2023-08-07,7007
5371,中光電,99,5,94,兆豐-竹北,2023-08-07,7007
00923,群益台ESG低碳50,80,0,80,兆豐-竹北,2023-08-07,7007
00907,永豐優息存股,74,0,74,兆豐-竹北,2023-08-07,7007
2913,農林,84,15,69,兆豐-竹北,2023-08-07,7007
2610,華航,82,21,61,兆豐-竹北,2023-08-07,7007
4960,誠美材,60,1,59,兆豐-竹北,2023-08-07,7007
2891,中信金,46,0,46,兆豐-竹北,2023-08-07,7007
00929,復華台灣科技優息,43,1,42,兆豐-竹北,2023-08-07,7007
2301,光寶科,107,66,41,兆豐-竹北,2023-08-07,7007
00882,中信中國高股息,35,0,35,兆豐-竹北,2023-08-07,7007
2356,英業達,78,45,33,兆豐-竹北,2023-08-07,7007
00679B,元大美債20年,61,29,32,兆豐-竹北,2023-08-07,7007
4167,松瑞藥,34,2,32,兆豐-竹北,2023-08-07,7007
00687B,國泰20年美債,28,0,28,兆豐-竹北,2023-08-07,7007
2388,威盛,51,25,26,兆豐-竹北,2023-08-07,7007
3163,波若威,40,16,24,兆豐-竹北,2023-08-07,7007
3689,湧德,25,3,22,兆豐-竹北,2023-08-07,7007
2382,廣達,64,43,21,兆豐-竹北,2023-08-07,7007
2618,長榮航,138,118,20,兆豐-竹北,2023-08-07,7007
2528,皇普,20,0,20,兆豐-竹北,2023-08-07,7007
4714,永捷,20,0,20,兆豐-竹北,2023-08-07,7007
1216,統一,19,0,19,兆豐-竹北,2023-08-07,7007
6213,聯茂,23,4,19,兆豐-竹北,2023-08-07,7007
00795B,中信美國公債20年,18,0,18,兆豐-竹北,2023-08-07,7007
00673R,期元大S＆P原油反1,18,0,18,兆豐-竹北,2023-08-07,7007
3027,盛達,24,6,18,兆豐-竹北,2023-08-07,7007
6456,GIS-KY,18,0,18,兆豐-竹北,2023-08-07,7007
3706,神達,72,54,18,兆豐-竹北,2023-08-07,7007
2883B,凱基金乙特,15,0,15,兆豐-竹北,2023-08-07,7007
2211,長榮鋼,17,3,14,兆豐-竹北,2023-08-07,7007
2401,凌陽,20,6,14,兆豐-竹北,2023-08-07,7007
8131,福懋科,13,0,13,兆豐-竹北,2023-08-07,7007
00645,富邦日本,12,0,12,兆豐-竹北,2023-08-07,7007
1604,聲寶,12,0,12,兆豐-竹北,2023-08-07,7007
5258,虹堡,11,0,11,兆豐-竹北,2023-08-07,7007
8071,能率網通,11,0,11,兆豐-竹北,2023-08-07,7007
8092,建暐,11,0,11,兆豐-竹北,2023-08-07,7007
2630,亞航,10,0,10,兆豐-竹北,2023-08-07,7007
00712,復華富時不動產,10,0,10,兆豐-竹北,2023-08-07,7007
00680L,元大美債20正2,10,0,10,兆豐-竹北,2023-08-07,7007
1789,神隆,10,0,10,兆豐-竹北,2023-08-07,7007
1795,美時,16,6,10,兆豐-竹北,2023-08-07,7007
2460,建通,10,0,10,兆豐-竹北,2023-08-07,7007
4543,萬在,10,0,10,兆豐-竹北,2023-08-07,7007
5425,台半,14,4,10,兆豐-竹北,2023-08-07,7007
2633,台灣高鐵,10,1,9,兆豐-竹北,2023-08-07,7007
1319,東陽,10,1,9,兆豐-竹北,2023-08-07,7007
00753L,中信中國50正2,309,1,308,兆豐-竹北,2023-08-08,7007
00929,復華台灣科技優息,264,1,263,兆豐-竹北,2023-08-08,7007
00676R,富邦臺灣加權反1,100,0,100,兆豐-竹北,2023-08-08,7007
00632R,元大台灣50反1,100,0,100,兆豐-竹北,2023-08-08,7007
6015,宏遠證,100,0,100,兆豐-竹北,2023-08-08,7007
4714,永捷,90,0,90,兆豐-竹北,2023-08-08,7007
1802,台玻,83,6,77,兆豐-竹北,2023-08-08,7007
00900,富邦特選高股息30,71,3,68,兆豐-竹北,2023-08-08,7007
2891,中信金,46,0,46,兆豐-竹北,2023-08-08,7007
2211,長榮鋼,38,0,38,兆豐-竹北,2023-08-08,7007
2888,新光金,50,15,35,兆豐-竹北,2023-08-08,7007
6139,亞翔,35,1,34,兆豐-竹北,2023-08-08,7007
3231,緯創,167,137,30,兆豐-竹北,2023-08-08,7007
2312,金寶,26,0,26,兆豐-竹北,2023-08-08,7007
4155,訊映,25,0,25,兆豐-竹北,2023-08-08,7007
5258,虹堡,26,1,25,兆豐-竹北,2023-08-08,7007
8942,森鉅,25,0,25,兆豐-竹北,2023-08-08,7007
00881,國泰台灣5G+,24,0,24,兆豐-竹北,2023-08-08,7007
4114,健喬,23,0,23,兆豐-竹北,2023-08-08,7007
8926,台汽電,22,0,22,兆豐-竹北,2023-08-08,7007
8131,福懋科,22,0,22,兆豐-竹北,2023-08-08,7007
2303,聯電,22,0,22,兆豐-竹北,2023-08-08,7007
2106,建大,21,0,21,兆豐-竹北,2023-08-08,7007
2356,英業達,84,64,20,兆豐-竹北,2023-08-08,7007
4142,國光生,20,0,20,兆豐-竹北,2023-08-08,7007
4939,亞電,20,0,20,兆豐-竹北,2023-08-08,7007
4960,誠美材,20,0,20,兆豐-竹北,2023-08-08,7007
5864,致和證,21,1,20,兆豐-竹北,2023-08-08,7007
1540,喬福,18,0,18,兆豐-竹北,2023-08-08,7007
00665L,富邦�琤肭磪囓�2,17,0,17,兆豐-竹北,2023-08-08,7007
3483,力致,17,0,17,兆豐-竹北,2023-08-08,7007
00931B,統一美債20年,26,10,16,兆豐-竹北,2023-08-08,7007
3289,宜特,16,0,16,兆豐-竹北,2023-08-08,7007
3363,上詮,19,3,16,兆豐-竹北,2023-08-08,7007
2371,大同,32,17,15,兆豐-竹北,2023-08-08,7007
2630,亞航,18,4,14,兆豐-竹北,2023-08-08,7007
4906,正文,14,1,13,兆豐-竹北,2023-08-08,7007
00923,群益台ESG低碳50,12,0,12,兆豐-竹北,2023-08-08,7007
6112,邁達特,14,2,12,兆豐-竹北,2023-08-08,7007
6285,啟��,43,31,12,兆豐-竹北,2023-08-08,7007
1216,統一,11,0,11,兆豐-竹北,2023-08-08,7007
6213,聯茂,21,10,11,兆豐-竹北,2023-08-08,7007
00706L,期元大S＆P日圓正2,10,0,10,兆豐-竹北,2023-08-08,7007
1795,美時,14,4,10,兆豐-竹北,2023-08-08,7007
3058,立德,11,1,10,兆豐-竹北,2023-08-08,7007
5347,世界,11,1,10,兆豐-竹北,2023-08-08,7007
6196,帆宣,10,0,10,兆豐-竹北,2023-08-08,7007
00927,群益半導體收益,9,0,9,兆豐-竹北,2023-08-08,7007
6282,康舒,25,16,9,兆豐-竹北,2023-08-08,7007
2313,華通,11,2,9,兆豐-竹北,2023-08-08,7007
00753L,中信中國50正2,205,0,205,兆豐-竹北,2023-08-09,7007
00929,復華台灣科技優息,113,10,103,兆豐-竹北,2023-08-09,7007
4960,誠美材,40,0,40,兆豐-竹北,2023-08-09,7007
00931B,統一美債20年,34,0,34,兆豐-竹北,2023-08-09,7007
2890,永豐金,29,0,29,兆豐-竹北,2023-08-09,7007
2887,台新金,30,2,28,兆豐-竹北,2023-08-09,7007
00878,國泰永續高股息,44,16,28,兆豐-竹北,2023-08-09,7007
2106,建大,27,0,27,兆豐-竹北,2023-08-09,7007
5880,合庫金,25,1,24,兆豐-竹北,2023-08-09,7007
2014,中鴻,21,0,21,兆豐-竹北,2023-08-09,7007
2634,漢翔,28,7,21,兆豐-竹北,2023-08-09,7007
6274,台燿,24,3,21,兆豐-竹北,2023-08-09,7007
3706,神達,38,18,20,兆豐-竹北,2023-08-09,7007
6275,元山,20,0,20,兆豐-竹北,2023-08-09,7007
8027,鈦昇,21,1,20,兆豐-竹北,2023-08-09,7007
00923,群益台ESG低碳50,19,0,19,兆豐-竹北,2023-08-09,7007
2834,臺企銀,16,2,14,兆豐-竹北,2023-08-09,7007
3014,聯陽,13,0,13,兆豐-竹北,2023-08-09,7007
00900,富邦特選高股息30,12,0,12,兆豐-竹北,2023-08-09,7007
2515,中工,11,0,11,兆豐-竹北,2023-08-09,7007
8011,台通,11,0,11,兆豐-竹北,2023-08-09,7007
5425,台半,15,5,10,兆豐-竹北,2023-08-09,7007
2002,中鋼,10,0,10,兆豐-竹北,2023-08-09,7007
00665L,富邦�琤肭磪囓�2,15,5,10,兆豐-竹北,2023-08-09,7007
4714,永捷,10,0,10,兆豐-竹北,2023-08-09,7007
6244,茂迪,10,0,10,兆豐-竹北,2023-08-09,7007
8930,青鋼,13,3,10,兆豐-竹北,2023-08-09,7007
3231,緯創,37,27,10,兆豐-竹北,2023-08-09,7007
00720B,元大投資級公司債,10,1,9,兆豐-竹北,2023-08-09,7007
2891,中信金,11,2,9,兆豐-竹北,2023-08-09,7007
6116,彩晶,10,1,9,兆豐-竹北,2023-08-09,7007
8926,台汽電,9,0,9,兆豐-竹北,2023-08-09,7007
3131,弘塑,14,6,8,兆豐-竹北,2023-08-09,7007
00680L,元大美債20正2,8,0,8,兆豐-竹北,2023-08-09,7007
00930,永豐ESG低碳高息,7,0,7,兆豐-竹北,2023-08-09,7007
1514,亞力,9,2,7,兆豐-竹北,2023-08-09,7007
2206,三陽工業,12,5,7,兆豐-竹北,2023-08-09,7007
2369,菱生,7,0,7,兆豐-竹北,2023-08-09,7007
3363,上詮,11,4,7,兆豐-竹北,2023-08-09,7007
3689,湧德,20,13,7,兆豐-竹北,2023-08-09,7007
2449,京元電子,18,11,7,兆豐-竹北,2023-08-09,7007
3163,波若威,18,12,6,兆豐-竹北,2023-08-09,7007
2405,輔信,6,0,6,兆豐-竹北,2023-08-09,7007
5469,瀚宇博,6,0,6,兆豐-竹北,2023-08-09,7007
6125,廣運,7,1,6,兆豐-竹北,2023-08-09,7007
6164,華興,6,0,6,兆豐-竹北,2023-08-09,7007
1101,台泥,5,0,5,兆豐-竹北,2023-08-09,7007
2367,燿華,5,0,5,兆豐-竹北,2023-08-09,7007
2618,長榮航,122,117,5,兆豐-竹北,2023-08-09,7007
2812,台中銀,5,0,5,兆豐-竹北,2023-08-09,7007
2323,中環,105,0,105,兆豐-竹北,2023-08-10,7007
00929,復華台灣科技優息,81,4,77,兆豐-竹北,2023-08-10,7007
00878,國泰永續高股息,154,79,75,兆豐-竹北,2023-08-10,7007
2801,彰銀,66,0,66,兆豐-竹北,2023-08-10,7007
2886,兆豐金,61,0,61,兆豐-竹北,2023-08-10,7007
2312,金寶,57,9,48,兆豐-竹北,2023-08-10,7007
2609,陽明,48,0,48,兆豐-竹北,2023-08-10,7007
00919,群益台灣精選高息,46,0,46,兆豐-竹北,2023-08-10,7007
2913,農林,53,11,42,兆豐-竹北,2023-08-10,7007
6129,普誠,41,2,39,兆豐-竹北,2023-08-10,7007
00900,富邦特選高股息30,35,0,35,兆豐-竹北,2023-08-10,7007
4960,誠美材,35,0,35,兆豐-竹北,2023-08-10,7007
00923,群益台ESG低碳50,33,0,33,兆豐-竹北,2023-08-10,7007
3689,湧德,40,8,32,兆豐-竹北,2023-08-10,7007
00679B,元大美債20年,34,5,29,兆豐-竹北,2023-08-10,7007
2610,華航,100,76,24,兆豐-竹北,2023-08-10,7007
5452,佶優,22,0,22,兆豐-竹北,2023-08-10,7007
0056,元大高股息,60,39,21,兆豐-竹北,2023-08-10,7007
4532,瑞智,27,6,21,兆豐-竹北,2023-08-10,7007
00773B,中信優先金融債,20,0,20,兆豐-竹北,2023-08-10,7007
00931B,統一美債20年,19,0,19,兆豐-竹北,2023-08-10,7007
00713,元大台灣高息低波,23,5,18,兆豐-竹北,2023-08-10,7007
3583,辛耘,17,0,17,兆豐-竹北,2023-08-10,7007
3706,神達,27,10,17,兆豐-竹北,2023-08-10,7007
2329,華泰,17,1,16,兆豐-竹北,2023-08-10,7007
2890,永豐金,20,4,16,兆豐-竹北,2023-08-10,7007
3038,全台,39,23,16,兆豐-竹北,2023-08-10,7007
3673,TPK-KY,17,1,16,兆豐-竹北,2023-08-10,7007
6282,康舒,77,62,15,兆豐-竹北,2023-08-10,7007
6116,彩晶,15,0,15,兆豐-竹北,2023-08-10,7007
8996,高力,15,1,14,兆豐-竹北,2023-08-10,7007
2388,威盛,25,11,14,兆豐-竹北,2023-08-10,7007
2887,台新金,19,5,14,兆豐-竹北,2023-08-10,7007
2409,友達,13,0,13,兆豐-竹北,2023-08-10,7007
00764B,群益25年美債,12,0,12,兆豐-竹北,2023-08-10,7007
3014,聯陽,12,0,12,兆豐-竹北,2023-08-10,7007
3289,宜特,12,0,12,兆豐-竹北,2023-08-10,7007
1904,正隆,13,1,12,兆豐-竹北,2023-08-10,7007
2211,長榮鋼,12,0,12,兆豐-竹北,2023-08-10,7007
2845,遠東銀,12,0,12,兆豐-竹北,2023-08-10,7007
5388,中磊,11,0,11,兆豐-竹北,2023-08-10,7007
2884,玉山金,11,0,11,兆豐-竹北,2023-08-10,7007
00850,元大臺灣ESG永續,11,0,11,兆豐-竹北,2023-08-10,7007
2516,新建,11,0,11,兆豐-竹北,2023-08-10,7007
2883,凱基金,11,0,11,兆豐-竹北,2023-08-10,7007
3092,鴻碩,11,0,11,兆豐-竹北,2023-08-10,7007
5243,乙盛-KY,12,1,11,兆豐-竹北,2023-08-10,7007
6449,鈺邦,13,2,11,兆豐-竹北,2023-08-10,7007
2376,技嘉,53,42,11,兆豐-竹北,2023-08-10,7007
2201,裕隆,11,0,11,兆豐-竹北,2023-08-10,7007
00900,富邦特選高股息30,107,0,107,兆豐-竹北,2023-08-11,7007
00929,復華台灣科技優息,99,0,99,兆豐-竹北,2023-08-11,7007
00753L,中信中國50正2,73,5,68,兆豐-竹北,2023-08-11,7007
9927,泰銘,64,3,61,兆豐-竹北,2023-08-11,7007
2516,新建,47,1,46,兆豐-竹北,2023-08-11,7007
2409,友達,33,1,32,兆豐-竹北,2023-08-11,7007
00882,中信中國高股息,31,0,31,兆豐-竹北,2023-08-11,7007
5309,系統電,40,10,30,兆豐-竹北,2023-08-11,7007
6274,台燿,41,12,29,兆豐-竹北,2023-08-11,7007
1795,美時,34,6,28,兆豐-竹北,2023-08-11,7007
0050,元大台灣50,25,0,25,兆豐-竹北,2023-08-11,7007
1540,喬福,24,0,24,兆豐-竹北,2023-08-11,7007
00931B,統一美債20年,23,0,23,兆豐-竹北,2023-08-11,7007
6438,迅得,23,0,23,兆豐-竹北,2023-08-11,7007
2892,第一金,21,0,21,兆豐-竹北,2023-08-11,7007
00772B,中信高評級公司債,24,3,21,兆豐-竹北,2023-08-11,7007
6116,彩晶,21,0,21,兆豐-竹北,2023-08-11,7007
2634,漢翔,35,15,20,兆豐-竹北,2023-08-11,7007
3711,日月光投控,21,1,20,兆豐-竹北,2023-08-11,7007
4960,誠美材,20,0,20,兆豐-竹北,2023-08-11,7007
2886,兆豐金,20,0,20,兆豐-竹北,2023-08-11,7007
00923,群益台ESG低碳50,19,0,19,兆豐-竹北,2023-08-11,7007
8926,台汽電,19,0,19,兆豐-竹北,2023-08-11,7007
00648R,元大S＆P500反1,19,0,19,兆豐-竹北,2023-08-11,7007
00857B,永豐20年美公債,19,0,19,兆豐-竹北,2023-08-11,7007
8084,巨虹,19,0,19,兆豐-竹北,2023-08-11,7007
3483,力致,20,3,17,兆豐-竹北,2023-08-11,7007
1603,華電,22,5,17,兆豐-竹北,2023-08-11,7007
2301,光寶科,27,10,17,兆豐-竹北,2023-08-11,7007
6150,撼訊,17,2,15,兆豐-竹北,2023-08-11,7007
00850,元大臺灣ESG永續,15,0,15,兆豐-竹北,2023-08-11,7007
9958,世紀鋼,16,1,15,兆豐-竹北,2023-08-11,7007
00720B,元大投資級公司債,15,0,15,兆豐-竹北,2023-08-11,7007
1595,川寶,14,0,14,兆豐-竹北,2023-08-11,7007
3037,欣興,17,3,14,兆豐-竹北,2023-08-11,7007
00687B,國泰20年美債,13,0,13,兆豐-竹北,2023-08-11,7007
6449,鈺邦,13,0,13,兆豐-竹北,2023-08-11,7007
2883,凱基金,17,5,12,兆豐-竹北,2023-08-11,7007
3231,緯創,58,47,11,兆豐-竹北,2023-08-11,7007
0056,元大高股息,15,4,11,兆豐-竹北,2023-08-11,7007
2313,華通,11,0,11,兆豐-竹北,2023-08-11,7007
6806,森崴能源,11,0,11,兆豐-竹北,2023-08-11,7007
00764B,群益25年美債,11,0,11,兆豐-竹北,2023-08-11,7007
00773B,中信優先金融債,10,0,10,兆豐-竹北,2023-08-11,7007
00893,國泰智能電動車,11,1,10,兆豐-竹北,2023-08-11,7007
00633L,富邦上証正2,10,0,10,兆豐-竹北,2023-08-11,7007
1802,台玻,10,0,10,兆豐-竹北,2023-08-11,7007
2528,皇普,10,0,10,兆豐-竹北,2023-08-11,7007
2916,滿心,10,0,10,兆豐-竹北,2023-08-11,7007
3049,精金,10,0,10,兆豐-竹北,2023-08-11,7007
2888,新光金,181,0,181,兆豐-竹北,2023-08-14,7007
2618,長榮航,156,15,141,兆豐-竹北,2023-08-14,7007
00929,復華台灣科技優息,90,0,90,兆豐-竹北,2023-08-14,7007
2363,矽統,124,37,87,兆豐-竹北,2023-08-14,7007
00878,國泰永續高股息,104,19,85,兆豐-竹北,2023-08-14,7007
2610,華航,74,2,72,兆豐-竹北,2023-08-14,7007
00923,群益台ESG低碳50,45,0,45,兆豐-竹北,2023-08-14,7007
2388,威盛,68,28,40,兆豐-竹北,2023-08-14,7007
00900,富邦特選高股息30,34,0,34,兆豐-竹北,2023-08-14,7007
00882,中信中國高股息,31,0,31,兆豐-竹北,2023-08-14,7007
1540,喬福,30,0,30,兆豐-竹北,2023-08-14,7007
2883,凱基金,31,2,29,兆豐-竹北,2023-08-14,7007
0050,元大台灣50,27,0,27,兆豐-竹北,2023-08-14,7007
2890,永豐金,24,0,24,兆豐-竹北,2023-08-14,7007
00850,元大臺灣ESG永續,22,0,22,兆豐-竹北,2023-08-14,7007
1513,中興電,21,0,21,兆豐-竹北,2023-08-14,7007
2436,偉詮電,20,0,20,兆豐-竹北,2023-08-14,7007
4960,誠美材,20,0,20,兆豐-竹北,2023-08-14,7007
00680L,元大美債20正2,19,0,19,兆豐-竹北,2023-08-14,7007
3689,湧德,20,1,19,兆豐-竹北,2023-08-14,7007
2886,兆豐金,25,6,19,兆豐-竹北,2023-08-14,7007
2892,第一金,17,1,16,兆豐-竹北,2023-08-14,7007
3483,力致,27,12,15,兆豐-竹北,2023-08-14,7007
8215,明基材,29,16,13,兆豐-竹北,2023-08-14,7007
2882,國泰金,14,1,13,兆豐-竹北,2023-08-14,7007
00720B,元大投資級公司債,12,0,12,兆豐-竹北,2023-08-14,7007
5009,榮剛,11,0,11,兆豐-竹北,2023-08-14,7007
1314,中石化,11,0,11,兆豐-竹北,2023-08-14,7007
2344,華邦電,19,8,11,兆豐-竹北,2023-08-14,7007
2425,承啟,11,0,11,兆豐-竹北,2023-08-14,7007
6139,亞翔,14,3,11,兆豐-竹北,2023-08-14,7007
6213,聯茂,11,0,11,兆豐-竹北,2023-08-14,7007
2884,玉山金,12,1,11,兆豐-竹北,2023-08-14,7007
2103,台橡,10,0,10,兆豐-竹北,2023-08-14,7007
00919,群益台灣精選高息,10,0,10,兆豐-竹北,2023-08-14,7007
00772B,中信高評級公司債,10,0,10,兆豐-竹北,2023-08-14,7007
2408,南亞科,11,1,10,兆豐-竹北,2023-08-14,7007
00679B,元大美債20年,16,6,10,兆豐-竹北,2023-08-14,7007
1709,和益,10,0,10,兆豐-竹北,2023-08-14,7007
4532,瑞智,10,0,10,兆豐-竹北,2023-08-14,7007
5206,坤悅,10,0,10,兆豐-竹北,2023-08-14,7007
6177,達麗,10,0,10,兆豐-竹北,2023-08-14,7007
8076,伍豐,10,0,10,兆豐-竹北,2023-08-14,7007
2201,裕隆,9,0,9,兆豐-竹北,2023-08-14,7007
5880,合庫金,9,0,9,兆豐-竹北,2023-08-14,7007
3044,健鼎,10,1,9,兆豐-竹北,2023-08-14,7007
00893,國泰智能電動車,16,7,9,兆豐-竹北,2023-08-14,7007
2834,臺企銀,11,2,9,兆豐-竹北,2023-08-14,7007
6411,晶焱,9,0,9,兆豐-竹北,2023-08-14,7007
3617,碩天,13,4,9,兆豐-竹北,2023-08-14,7007
00923,群益台ESG低碳50,217,0,217,兆豐-竹北,2023-08-15,7007
00753L,中信中國50正2,136,0,136,兆豐-竹北,2023-08-15,7007
00929,復華台灣科技優息,79,0,79,兆豐-竹北,2023-08-15,7007
2888,新光金,63,8,55,兆豐-竹北,2023-08-15,7007
00632R,元大台灣50反1,51,0,51,兆豐-竹北,2023-08-15,7007
00907,永豐優息存股,36,0,36,兆豐-竹北,2023-08-15,7007
2363,矽統,93,60,33,兆豐-竹北,2023-08-15,7007
00878,國泰永續高股息,50,19,31,兆豐-竹北,2023-08-15,7007
6125,廣運,39,9,30,兆豐-竹北,2023-08-15,7007
00671R,富邦NASDAQ反1,30,0,30,兆豐-竹北,2023-08-15,7007
2883,凱基金,28,0,28,兆豐-竹北,2023-08-15,7007
4950,牧東,28,0,28,兆豐-竹北,2023-08-15,7007
00679B,元大美債20年,27,0,27,兆豐-竹北,2023-08-15,7007
6015,宏遠證,27,0,27,兆豐-竹北,2023-08-15,7007
4114,健喬,29,4,25,兆豐-竹北,2023-08-15,7007
6538,倉和,26,2,24,兆豐-竹北,2023-08-15,7007
3231,緯創,63,42,21,兆豐-竹北,2023-08-15,7007
1718,中纖,20,0,20,兆豐-竹北,2023-08-15,7007
2607,榮運,20,0,20,兆豐-竹北,2023-08-15,7007
4960,誠美材,20,0,20,兆豐-竹北,2023-08-15,7007
2834,臺企銀,19,0,19,兆豐-竹北,2023-08-15,7007
2892,第一金,15,1,14,兆豐-竹北,2023-08-15,7007
00665L,富邦�琤肭磪囓�2,13,0,13,兆豐-竹北,2023-08-15,7007
2388,威盛,30,17,13,兆豐-竹北,2023-08-15,7007
2356,英業達,33,21,12,兆豐-竹北,2023-08-15,7007
2421,建準,22,10,12,兆豐-竹北,2023-08-15,7007
1909,榮成,11,0,11,兆豐-竹北,2023-08-15,7007
2890,永豐金,12,1,11,兆豐-竹北,2023-08-15,7007
1595,川寶,11,0,11,兆豐-竹北,2023-08-15,7007
1905,華紙,17,6,11,兆豐-竹北,2023-08-15,7007
2880,華南金,11,0,11,兆豐-竹北,2023-08-15,7007
1802,台玻,10,0,10,兆豐-竹北,2023-08-15,7007
2882,國泰金,10,0,10,兆豐-竹北,2023-08-15,7007
4961,天鈺,11,1,10,兆豐-竹北,2023-08-15,7007
6203,海韻電,12,2,10,兆豐-竹北,2023-08-15,7007
4566,時碩工業,10,1,9,兆豐-竹北,2023-08-15,7007
2886,兆豐金,8,0,8,兆豐-竹北,2023-08-15,7007
6274,台燿,85,77,8,兆豐-竹北,2023-08-15,7007
00687B,國泰20年美債,8,0,8,兆豐-竹北,2023-08-15,7007
00931B,統一美債20年,8,0,8,兆豐-竹北,2023-08-15,7007
2884,玉山金,8,0,8,兆豐-竹北,2023-08-15,7007
6177,達麗,8,0,8,兆豐-竹北,2023-08-15,7007
8069,元太,12,4,8,兆豐-竹北,2023-08-15,7007
2324,仁寶,44,37,7,兆豐-竹北,2023-08-15,7007
6770,力積電,8,1,7,兆豐-竹北,2023-08-15,7007
2501,國建,10,3,7,兆豐-竹北,2023-08-15,7007
1471,首利,6,0,6,兆豐-竹北,2023-08-15,7007
2634,漢翔,9,3,6,兆豐-竹北,2023-08-15,7007
3071,協禧,6,0,6,兆豐-竹北,2023-08-15,7007
4953,緯軟,6,0,6,兆豐-竹北,2023-08-15,7007
00929,復華台灣科技優息,91,20,71,兆豐-竹北,2023-08-16,7007
6472,保瑞,55,3,52,兆豐-竹北,2023-08-16,7007
00923,群益台ESG低碳50,38,0,38,兆豐-竹北,2023-08-16,7007
2883,凱基金,35,2,33,兆豐-竹北,2023-08-16,7007
3711,日月光投控,32,0,32,兆豐-竹北,2023-08-16,7007
4950,牧東,34,2,32,兆豐-竹北,2023-08-16,7007
3715,定穎投控,43,13,30,兆豐-竹北,2023-08-16,7007
2884,玉山金,35,5,30,兆豐-竹北,2023-08-16,7007
00900,富邦特選高股息30,29,0,29,兆豐-竹北,2023-08-16,7007
00878,國泰永續高股息,82,56,26,兆豐-竹北,2023-08-16,7007
2887,台新金,34,10,24,兆豐-竹北,2023-08-16,7007
00882,中信中國高股息,23,0,23,兆豐-竹北,2023-08-16,7007
2886,兆豐金,24,1,23,兆豐-竹北,2023-08-16,7007
00712,復華富時不動產,27,5,22,兆豐-竹北,2023-08-16,7007
1402,遠東新,21,0,21,兆豐-竹北,2023-08-16,7007
2303,聯電,24,3,21,兆豐-竹北,2023-08-16,7007
2891,中信金,20,0,20,兆豐-竹北,2023-08-16,7007
4960,誠美材,20,0,20,兆豐-竹北,2023-08-16,7007
6139,亞翔,20,1,19,兆豐-竹北,2023-08-16,7007
2610,華航,33,14,19,兆豐-竹北,2023-08-16,7007
2332,友訊,32,14,18,兆豐-竹北,2023-08-16,7007
2457,飛宏,24,7,17,兆豐-竹北,2023-08-16,7007
00671R,富邦NASDAQ反1,15,0,15,兆豐-竹北,2023-08-16,7007
3014,聯陽,16,1,15,兆豐-竹北,2023-08-16,7007
00687B,國泰20年美債,14,0,14,兆豐-竹北,2023-08-16,7007
6282,康舒,23,9,14,兆豐-竹北,2023-08-16,7007
2812,台中銀,13,0,13,兆豐-竹北,2023-08-16,7007
3689,湧德,41,28,13,兆豐-竹北,2023-08-16,7007
2801,彰銀,12,0,12,兆豐-竹北,2023-08-16,7007
6142,友勁,12,0,12,兆豐-竹北,2023-08-16,7007
8069,元太,14,3,11,兆豐-竹北,2023-08-16,7007
1710,東聯,11,0,11,兆豐-竹北,2023-08-16,7007
1802,台玻,11,0,11,兆豐-竹北,2023-08-16,7007
2371,大同,11,0,11,兆豐-竹北,2023-08-16,7007
8227,巨有科技,11,0,11,兆豐-竹北,2023-08-16,7007
6203,海韻電,10,0,10,兆豐-竹北,2023-08-16,7007
3078,僑威,14,4,10,兆豐-竹北,2023-08-16,7007
00665L,富邦�琤肭磪囓�2,10,0,10,兆豐-竹北,2023-08-16,7007
2834,臺企銀,15,5,10,兆豐-竹北,2023-08-16,7007
4414,如興,10,0,10,兆豐-竹北,2023-08-16,7007
6120,達運,10,0,10,兆豐-竹北,2023-08-16,7007
6235,華孚,16,6,10,兆豐-竹北,2023-08-16,7007
6274,台燿,50,42,8,兆豐-竹北,2023-08-16,7007
00907,永豐優息存股,8,0,8,兆豐-竹北,2023-08-16,7007
1303,南亞,8,0,8,兆豐-竹北,2023-08-16,7007
2062,橋椿,8,0,8,兆豐-竹北,2023-08-16,7007
2316,楠梓電,8,0,8,兆豐-竹北,2023-08-16,7007
2002,中鋼,10,2,8,兆豐-竹北,2023-08-16,7007
1102,亞泥,7,0,7,兆豐-竹北,2023-08-16,7007
2880,華南金,7,0,7,兆豐-竹北,2023-08-16,7007
2891,中信金,336,0,336,兆豐-竹北,2023-08-17,7007
00722B,群益投資級電信債,132,1,131,兆豐-竹北,2023-08-17,7007
00929,復華台灣科技優息,64,0,64,兆豐-竹北,2023-08-17,7007
3231,緯創,147,90,57,兆豐-竹北,2023-08-17,7007
00673R,期元大S＆P原油反1,65,13,52,兆豐-竹北,2023-08-17,7007
2329,華泰,53,15,38,兆豐-竹北,2023-08-17,7007
00679B,元大美債20年,39,1,38,兆豐-竹北,2023-08-17,7007
4938,和碩,31,3,28,兆豐-竹北,2023-08-17,7007
00882,中信中國高股息,30,5,25,兆豐-竹北,2023-08-17,7007
2324,仁寶,98,76,22,兆豐-竹北,2023-08-17,7007
6274,台燿,77,55,22,兆豐-竹北,2023-08-17,7007
2880,華南金,21,0,21,兆豐-竹北,2023-08-17,7007
4960,誠美材,20,0,20,兆豐-竹北,2023-08-17,7007
00923,群益台ESG低碳50,19,0,19,兆豐-竹北,2023-08-17,7007
2404,漢唐,19,0,19,兆豐-竹北,2023-08-17,7007
2355,敬鵬,18,0,18,兆豐-竹北,2023-08-17,7007
2913,農林,20,2,18,兆豐-竹北,2023-08-17,7007
4207,環泰,16,0,16,兆豐-竹北,2023-08-17,7007
2888,新光金,15,0,15,兆豐-竹北,2023-08-17,7007
2388,威盛,24,9,15,兆豐-竹北,2023-08-17,7007
3596,智易,16,2,14,兆豐-竹北,2023-08-17,7007
00712,復華富時不動產,14,0,14,兆豐-竹北,2023-08-17,7007
2801,彰銀,13,0,13,兆豐-竹北,2023-08-17,7007
00795B,中信美國公債20年,13,0,13,兆豐-竹北,2023-08-17,7007
00900,富邦特選高股息30,13,0,13,兆豐-竹北,2023-08-17,7007
2834,臺企銀,13,0,13,兆豐-竹北,2023-08-17,7007
3014,聯陽,15,3,12,兆豐-竹北,2023-08-17,7007
00931B,統一美債20年,13,1,12,兆豐-竹北,2023-08-17,7007
2356,英業達,36,24,12,兆豐-竹北,2023-08-17,7007
00725B,國泰投資級公司債,12,0,12,兆豐-竹北,2023-08-17,7007
2867,三商壽,11,0,11,兆豐-竹北,2023-08-17,7007
2890,永豐金,11,0,11,兆豐-竹北,2023-08-17,7007
3257,虹冠電,11,0,11,兆豐-竹北,2023-08-17,7007
4707,磐亞,11,0,11,兆豐-竹北,2023-08-17,7007
00687B,國泰20年美債,10,0,10,兆豐-竹北,2023-08-17,7007
2303,聯電,34,24,10,兆豐-竹北,2023-08-17,7007
00772B,中信高評級公司債,12,2,10,兆豐-竹北,2023-08-17,7007
00631L,元大台灣50正2,10,0,10,兆豐-竹北,2023-08-17,7007
3062,建漢,10,0,10,兆豐-竹北,2023-08-17,7007
6470,宇智,10,0,10,兆豐-竹北,2023-08-17,7007
1532,勤美,9,0,9,兆豐-竹北,2023-08-17,7007
4114,健喬,9,0,9,兆豐-竹北,2023-08-17,7007
0050,元大台灣50,9,0,9,兆豐-竹北,2023-08-17,7007
6235,華孚,13,5,8,兆豐-竹北,2023-08-17,7007
2887,台新金,8,0,8,兆豐-竹北,2023-08-17,7007
3362,先進光,12,4,8,兆豐-竹北,2023-08-17,7007
8050,廣積,13,6,7,兆豐-竹北,2023-08-17,7007
2886,兆豐金,13,6,7,兆豐-竹北,2023-08-17,7007
1217,愛之味,7,0,7,兆豐-竹北,2023-08-17,7007
2376,技嘉,26,19,7,兆豐-竹北,2023-08-17,7007
00929,復華台灣科技優息,90,10,80,兆豐-竹北,2023-08-18,7007
4960,誠美材,80,0,80,兆豐-竹北,2023-08-18,7007
6111,大宇資,65,9,56,兆豐-竹北,2023-08-18,7007
1471,首利,52,2,50,兆豐-竹北,2023-08-18,7007
00671R,富邦NASDAQ反1,40,0,40,兆豐-竹北,2023-08-18,7007
00931B,統一美債20年,37,0,37,兆豐-竹北,2023-08-18,7007
3231,緯創,145,112,33,兆豐-竹北,2023-08-18,7007
00900,富邦特選高股息30,28,0,28,兆豐-竹北,2023-08-18,7007
2324,仁寶,47,22,25,兆豐-竹北,2023-08-18,7007
2603,長榮,36,12,24,兆豐-竹北,2023-08-18,7007
2457,飛宏,26,3,23,兆豐-竹北,2023-08-18,7007
3056,富華新,25,3,22,兆豐-竹北,2023-08-18,7007
2891,中信金,21,0,21,兆豐-竹北,2023-08-18,7007
2890,永豐金,21,0,21,兆豐-竹北,2023-08-18,7007
3289,宜特,21,0,21,兆豐-竹北,2023-08-18,7007
2382,廣達,83,62,21,兆豐-竹北,2023-08-18,7007
3715,定穎投控,75,55,20,兆豐-竹北,2023-08-18,7007
00673R,期元大S＆P原油反1,79,60,19,兆豐-竹北,2023-08-18,7007
3704,合勤控,20,1,19,兆豐-竹北,2023-08-18,7007
00913,兆豐台灣晶圓製造,17,0,17,兆豐-竹北,2023-08-18,7007
2883,凱基金,16,0,16,兆豐-竹北,2023-08-18,7007
2356,英業達,73,57,16,兆豐-竹北,2023-08-18,7007
2610,華航,24,8,16,兆豐-竹北,2023-08-18,7007
2425,承啟,18,5,13,兆豐-竹北,2023-08-18,7007
2442,新美齊,12,0,12,兆豐-竹北,2023-08-18,7007
8050,廣積,12,0,12,兆豐-竹北,2023-08-18,7007
9905,大華,12,0,12,兆豐-竹北,2023-08-18,7007
00679B,元大美債20年,15,4,11,兆豐-竹北,2023-08-18,7007
00923,群益台ESG低碳50,12,0,12,兆豐-竹北,2023-08-18,7007
1319,東陽,20,9,11,兆豐-竹北,2023-08-18,7007
2344,華邦電,13,2,11,兆豐-竹北,2023-08-18,7007
3380,明泰,11,0,11,兆豐-竹北,2023-08-18,7007
6290,良維,11,0,11,兆豐-竹北,2023-08-18,7007
6550,北極星藥業-KY,11,0,11,兆豐-竹北,2023-08-18,7007
00720B,元大投資級公司債,10,0,10,兆豐-竹北,2023-08-18,7007
0056,元大高股息,15,5,10,兆豐-竹北,2023-08-18,7007
00665L,富邦�琤肭磪囓�2,15,5,10,兆豐-竹北,2023-08-18,7007
2801,彰銀,10,0,10,兆豐-竹北,2023-08-18,7007
2834,臺企銀,10,0,10,兆豐-竹北,2023-08-18,7007
3004,豐達科,10,0,10,兆豐-竹北,2023-08-18,7007
6789,采鈺,10,0,10,兆豐-竹北,2023-08-18,7007
00772B,中信高評級公司債,9,0,9,兆豐-竹北,2023-08-18,7007
00919,群益台灣精選高息,10,1,9,兆豐-竹北,2023-08-18,7007
9934,成霖,9,0,9,兆豐-竹北,2023-08-18,7007
00882,中信中國高股息,8,0,8,兆豐-竹北,2023-08-18,7007
2329,華泰,62,54,8,兆豐-竹北,2023-08-18,7007
2634,漢翔,10,2,8,兆豐-竹北,2023-08-18,7007
2886,兆豐金,9,2,7,兆豐-竹北,2023-08-18,7007
2421,建準,30,23,7,兆豐-竹北,2023-08-18,7007
2887,台新金,7,0,7,兆豐-竹北,2023-08-18,7007
00673R,期元大S＆P原油反1,87,0,87,兆豐-竹北,2023-08-21,7007
4414,如興,50,0,50,兆豐-竹北,2023-08-21,7007
4960,誠美材,50,0,50,兆豐-竹北,2023-08-21,7007
00929,復華台灣科技優息,58,10,48,兆豐-竹北,2023-08-21,7007
00671R,富邦NASDAQ反1,40,0,40,兆豐-竹北,2023-08-21,7007
00753L,中信中國50正2,39,1,38,兆豐-竹北,2023-08-21,7007
2371,大同,36,0,36,兆豐-竹北,2023-08-21,7007
6111,大宇資,51,18,33,兆豐-竹北,2023-08-21,7007
2886,兆豐金,27,2,25,兆豐-竹北,2023-08-21,7007
6274,台燿,64,40,24,兆豐-竹北,2023-08-21,7007
00637L,元大滬深300正2,22,1,21,兆豐-竹北,2023-08-21,7007
6005,群益證,20,0,20,兆豐-竹北,2023-08-21,7007
6418,詠昇,20,0,20,兆豐-竹北,2023-08-21,7007
2891,中信金,26,7,19,兆豐-竹北,2023-08-21,7007
2363,矽統,48,30,18,兆豐-竹北,2023-08-21,7007
2615,萬海,18,1,17,兆豐-竹北,2023-08-21,7007
00900,富邦特選高股息30,16,0,16,兆豐-竹北,2023-08-21,7007
9950,萬國通,18,2,16,兆豐-竹北,2023-08-21,7007
2329,華泰,31,16,15,兆豐-竹北,2023-08-21,7007
2303,聯電,16,1,15,兆豐-竹北,2023-08-21,7007
00907,永豐優息存股,14,0,14,兆豐-竹北,2023-08-21,7007
2402,毅嘉,14,0,14,兆豐-竹北,2023-08-21,7007
2605,新興,14,0,14,兆豐-竹北,2023-08-21,7007
5347,世界,15,1,14,兆豐-竹北,2023-08-21,7007
00631L,元大台灣50正2,13,0,13,兆豐-竹北,2023-08-21,7007
2382,廣達,108,95,13,兆豐-竹北,2023-08-21,7007
2845,遠東銀,13,0,13,兆豐-竹北,2023-08-21,7007
2617,台航,16,4,12,兆豐-竹北,2023-08-21,7007
00931B,統一美債20年,12,0,12,兆豐-竹北,2023-08-21,7007
5608,四維航,12,1,11,兆豐-竹北,2023-08-21,7007
2884,玉山金,12,1,11,兆豐-竹北,2023-08-21,7007
2359,所羅門,17,6,11,兆豐-竹北,2023-08-21,7007
00712,復華富時不動產,10,0,10,兆豐-竹北,2023-08-21,7007
00680L,元大美債20正2,10,0,10,兆豐-竹北,2023-08-21,7007
1220,台榮,10,0,10,兆豐-竹北,2023-08-21,7007
1783,和康生,10,0,10,兆豐-竹北,2023-08-21,7007
2486,一詮,10,0,10,兆豐-竹北,2023-08-21,7007
6770,力積電,15,5,10,兆豐-竹北,2023-08-21,7007
00923,群益台ESG低碳50,9,0,9,兆豐-竹北,2023-08-21,7007
2883,凱基金,10,1,9,兆豐-竹北,2023-08-21,7007
00722B,群益投資級電信債,12,3,9,兆豐-竹北,2023-08-21,7007
2369,菱生,9,0,9,兆豐-竹北,2023-08-21,7007
3596,智易,10,2,8,兆豐-竹北,2023-08-21,7007
1603,華電,14,6,8,兆豐-竹北,2023-08-21,7007
2888,新光金,11,3,8,兆豐-竹北,2023-08-21,7007
8109,博大,8,0,8,兆豐-竹北,2023-08-21,7007
3583,辛耘,13,5,8,兆豐-竹北,2023-08-21,7007
2618,長榮航,131,123,8,兆豐-竹北,2023-08-21,7007
00751B,元大AAA至A公司債,7,0,7,兆豐-竹北,2023-08-21,7007
2415,錩新,14,7,7,兆豐-竹北,2023-08-21,7007
00753L,中信中國50正2,582,17,565,兆豐-竹北,2023-08-22,7007
2363,矽統,256,87,169,兆豐-竹北,2023-08-22,7007
2618,長榮航,207,134,73,兆豐-竹北,2023-08-22,7007
4960,誠美材,50,0,50,兆豐-竹北,2023-08-22,7007
4543,萬在,135,92,43,兆豐-竹北,2023-08-22,7007
3163,波若威,54,14,40,兆豐-竹北,2023-08-22,7007
00671R,富邦NASDAQ反1,40,0,40,兆豐-竹北,2023-08-22,7007
2324,仁寶,57,19,38,兆豐-竹北,2023-08-22,7007
3027,盛達,29,0,29,兆豐-竹北,2023-08-22,7007
00929,復華台灣科技優息,26,0,26,兆豐-竹北,2023-08-22,7007
3231,緯創,64,43,21,兆豐-竹北,2023-08-22,7007
2891,中信金,21,0,21,兆豐-竹北,2023-08-22,7007
4147,中裕,27,7,20,兆豐-竹北,2023-08-22,7007
2883,凱基金,20,0,20,兆豐-竹北,2023-08-22,7007
00751B,元大AAA至A公司債,20,1,19,兆豐-竹北,2023-08-22,7007
00931B,統一美債20年,17,0,17,兆豐-竹北,2023-08-22,7007
00687B,國泰20年美債,13,0,13,兆豐-竹北,2023-08-22,7007
00665L,富邦�琤肭磪囓�2,35,22,13,兆豐-竹北,2023-08-22,7007
0050,元大台灣50,16,3,13,兆豐-竹北,2023-08-22,7007
6125,廣運,35,23,12,兆豐-竹北,2023-08-22,7007
2880,華南金,12,0,12,兆豐-竹北,2023-08-22,7007
4207,環泰,12,0,12,兆豐-竹北,2023-08-22,7007
8227,巨有科技,12,0,12,兆豐-竹北,2023-08-22,7007
2301,光寶科,40,28,12,兆豐-竹北,2023-08-22,7007
2421,建準,31,20,11,兆豐-竹北,2023-08-22,7007
00772B,中信高評級公司債,11,0,11,兆豐-竹北,2023-08-22,7007
00882,中信中國高股息,11,0,11,兆豐-竹北,2023-08-22,7007
6895,宏碩系統,13,3,10,兆豐-竹北,2023-08-22,7007
2884,玉山金,10,0,10,兆豐-竹北,2023-08-22,7007
2606,裕民,10,0,10,兆豐-竹北,2023-08-22,7007
00673R,期元大S＆P原油反1,10,0,10,兆豐-竹北,2023-08-22,7007
00885,富邦越南,11,1,10,兆豐-竹北,2023-08-22,7007
2323,中環,10,0,10,兆豐-竹北,2023-08-22,7007
2485,兆赫,10,0,10,兆豐-竹北,2023-08-22,7007
9929,秋雨,10,0,10,兆豐-竹北,2023-08-22,7007
00923,群益台ESG低碳50,18,9,9,兆豐-竹北,2023-08-22,7007
00680L,元大美債20正2,10,1,9,兆豐-竹北,2023-08-22,7007
2516,新建,22,13,9,兆豐-竹北,2023-08-22,7007
3689,湧德,12,3,9,兆豐-竹北,2023-08-22,7007
3702,大聯大,9,0,9,兆豐-竹北,2023-08-22,7007
6122,擎邦,9,0,9,兆豐-竹北,2023-08-22,7007
3042,晶技,10,1,9,兆豐-竹北,2023-08-22,7007
3596,智易,13,4,9,兆豐-竹北,2023-08-22,7007
3338,泰碩,9,0,9,兆豐-竹北,2023-08-22,7007
1783,和康生,8,0,8,兆豐-竹北,2023-08-22,7007
2402,毅嘉,10,2,8,兆豐-竹北,2023-08-22,7007
2609,陽明,12,4,8,兆豐-竹北,2023-08-22,7007
3325,旭品,9,1,8,兆豐-竹北,2023-08-22,7007
4707,磐亞,7,0,7,兆豐-竹北,2023-08-22,7007
6153,嘉聯益,7,0,7,兆豐-竹北,2023-08-22,7007
00753L,中信中國50正2,100,1,99,兆豐-竹北,2023-08-23,7007
00673R,期元大S＆P原油反1,60,4,56,兆豐-竹北,2023-08-23,7007
00665L,富邦�琤肭磪囓�2,50,0,50,兆豐-竹北,2023-08-23,7007
2317,鴻海,42,1,41,兆豐-竹北,2023-08-23,7007
4960,誠美材,40,0,40,兆豐-竹北,2023-08-23,7007
5864,致和證,40,0,40,兆豐-竹北,2023-08-23,7007
2363,矽統,93,57,36,兆豐-竹北,2023-08-23,7007
2332,友訊,58,27,31,兆豐-竹北,2023-08-23,7007
3715,定穎投控,28,7,21,兆豐-竹北,2023-08-23,7007
00929,復華台灣科技優息,40,20,20,兆豐-竹北,2023-08-23,7007
00671R,富邦NASDAQ反1,20,0,20,兆豐-竹北,2023-08-23,7007
4113,聯上,20,0,20,兆豐-竹北,2023-08-23,7007
6015,宏遠證,20,0,20,兆豐-竹北,2023-08-23,7007
1722,台肥,20,1,19,兆豐-竹北,2023-08-23,7007
6282,康舒,30,11,19,兆豐-竹北,2023-08-23,7007
00680L,元大美債20正2,25,7,18,兆豐-竹北,2023-08-23,7007
1783,和康生,18,0,18,兆豐-竹北,2023-08-23,7007
2610,華航,32,14,18,兆豐-竹北,2023-08-23,7007
3013,晟銘電,64,46,18,兆豐-竹北,2023-08-23,7007
2324,仁寶,19,2,17,兆豐-竹北,2023-08-23,7007
00712,復華富時不動產,17,1,16,兆豐-竹北,2023-08-23,7007
2303,聯電,19,3,16,兆豐-竹北,2023-08-23,7007
00923,群益台ESG低碳50,15,0,15,兆豐-竹北,2023-08-23,7007
00882,中信中國高股息,14,0,14,兆豐-竹北,2023-08-23,7007
3567,逸昌,19,7,12,兆豐-竹北,2023-08-23,7007
3675,德微,12,0,12,兆豐-竹北,2023-08-23,7007
3711,日月光投控,20,8,12,兆豐-竹北,2023-08-23,7007
2618,長榮航,150,139,11,兆豐-竹北,2023-08-23,7007
00900,富邦特選高股息30,13,3,10,兆豐-竹北,2023-08-23,7007
2887,台新金,10,0,10,兆豐-竹北,2023-08-23,7007
6147,頎邦,10,0,10,兆豐-竹北,2023-08-23,7007
5452,佶優,31,22,9,兆豐-竹北,2023-08-23,7007
6139,亞翔,15,6,9,兆豐-竹北,2023-08-23,7007
00902,中信電池及儲能,9,0,9,兆豐-竹北,2023-08-23,7007
00892,富邦台灣半導體,11,3,8,兆豐-竹北,2023-08-23,7007
00881,國泰台灣5G+,10,2,8,兆豐-竹北,2023-08-23,7007
00679B,元大美債20年,10,2,8,兆豐-竹北,2023-08-23,7007
00687B,國泰20年美債,8,0,8,兆豐-竹北,2023-08-23,7007
4906,正文,20,12,8,兆豐-竹北,2023-08-23,7007
2883,凱基金,8,0,8,兆豐-竹北,2023-08-23,7007
2312,金寶,11,3,8,兆豐-竹北,2023-08-23,7007
2329,華泰,24,17,7,兆豐-竹北,2023-08-23,7007
00919,群益台灣精選高息,7,0,7,兆豐-竹北,2023-08-23,7007
2344,華邦電,9,2,7,兆豐-竹北,2023-08-23,7007
2886,兆豐金,8,1,7,兆豐-竹北,2023-08-23,7007
5608,四維航,7,0,7,兆豐-竹北,2023-08-23,7007
2884,玉山金,7,0,7,兆豐-竹北,2023-08-23,7007
2880,華南金,6,0,6,兆豐-竹北,2023-08-23,7007
3483,力致,20,14,6,兆豐-竹北,2023-08-23,7007
00637L,元大滬深300正2,6,0,6,兆豐-竹北,2023-08-23,7007
2880,華南金,114,0,114,兆豐-竹北,2023-08-24,7007
3260,威剛,82,2,80,兆豐-竹北,2023-08-24,7007
4960,誠美材,60,0,60,兆豐-竹北,2023-08-24,7007
00929,復華台灣科技優息,64,15,49,兆豐-竹北,2023-08-24,7007
00671R,富邦NASDAQ反1,220,180,40,兆豐-竹北,2023-08-24,7007
1783,和康生,40,0,40,兆豐-竹北,2023-08-24,7007
00637L,元大滬深300正2,53,22,31,兆豐-竹北,2023-08-24,7007
2324,仁寶,38,13,25,兆豐-竹北,2023-08-24,7007
00931B,統一美債20年,25,0,25,兆豐-竹北,2023-08-24,7007
2634,漢翔,55,31,24,兆豐-竹北,2023-08-24,7007
3231,緯創,152,129,23,兆豐-竹北,2023-08-24,7007
2356,英業達,45,23,22,兆豐-竹北,2023-08-24,7007
6191,精成科,22,1,21,兆豐-竹北,2023-08-24,7007
2882,國泰金,21,0,21,兆豐-竹北,2023-08-24,7007
3363,上詮,29,9,20,兆豐-竹北,2023-08-24,7007
4532,瑞智,20,1,19,兆豐-竹北,2023-08-24,7007
00715L,期街口布蘭特正2,18,0,18,兆豐-竹北,2023-08-24,7007
00895,富邦未來車,20,2,18,兆豐-竹北,2023-08-24,7007
2382,廣達,74,59,15,兆豐-竹北,2023-08-24,7007
00665L,富邦�琤肭磪囓�2,17,2,15,兆豐-竹北,2023-08-24,7007
3374,精材,17,2,15,兆豐-竹北,2023-08-24,7007
3483,力致,77,63,14,兆豐-竹北,2023-08-24,7007
9958,世紀鋼,13,0,13,兆豐-竹北,2023-08-24,7007
00857B,永豐20年美公債,13,0,13,兆豐-竹北,2023-08-24,7007
2329,華泰,23,10,13,兆豐-竹北,2023-08-24,7007
2002,中鋼,13,0,13,兆豐-竹北,2023-08-24,7007
00878,國泰永續高股息,42,30,12,兆豐-竹北,2023-08-24,7007
2618,長榮航,114,103,11,兆豐-竹北,2023-08-24,7007
3356,奇偶,11,0,11,兆豐-竹北,2023-08-24,7007
6415,矽力*-KY,11,0,11,兆豐-竹北,2023-08-24,7007
3163,波若威,19,8,11,兆豐-竹北,2023-08-24,7007
1802,台玻,10,0,10,兆豐-竹北,2023-08-24,7007
3311,閎暉,10,0,10,兆豐-竹北,2023-08-24,7007
6108,競國,12,2,10,兆豐-竹北,2023-08-24,7007
6285,啟��,28,18,10,兆豐-竹北,2023-08-24,7007
2206,三陽工業,10,1,9,兆豐-竹北,2023-08-24,7007
3094,聯傑,12,3,9,兆豐-竹北,2023-08-24,7007
6182,合晶,8,0,8,兆豐-竹北,2023-08-24,7007
6547,高端疫苗,8,0,8,兆豐-竹北,2023-08-24,7007
2884,玉山金,7,0,7,兆豐-竹北,2023-08-24,7007
3050,鈺德,7,0,7,兆豐-竹北,2023-08-24,7007
3715,定穎投控,33,26,7,兆豐-竹北,2023-08-24,7007
5410,國眾,8,1,7,兆豐-竹北,2023-08-24,7007
2883,凱基金,12,6,6,兆豐-竹北,2023-08-24,7007
1709,和益,6,0,6,兆豐-竹北,2023-08-24,7007
2201,裕隆,7,1,6,兆豐-竹北,2023-08-24,7007
2312,金寶,7,1,6,兆豐-竹北,2023-08-24,7007
5009,榮剛,10,4,6,兆豐-竹北,2023-08-24,7007
5426,振發,6,0,6,兆豐-竹北,2023-08-24,7007
5471,松翰,6,0,6,兆豐-竹北,2023-08-24,7007
00712,復華富時不動產,451,3,448,兆豐-竹北,2023-08-25,7007
00753L,中信中國50正2,231,0,231,兆豐-竹北,2023-08-25,7007
00929,復華台灣科技優息,144,13,131,兆豐-竹北,2023-08-25,7007
00878,國泰永續高股息,125,0,125,兆豐-竹北,2023-08-25,7007
2485,兆赫,148,40,108,兆豐-竹北,2023-08-25,7007
4960,誠美材,90,0,90,兆豐-竹北,2023-08-25,7007
6111,大宇資,72,1,71,兆豐-竹北,2023-08-25,7007
3231,緯創,122,61,61,兆豐-竹北,2023-08-25,7007
4543,萬在,61,11,50,兆豐-竹北,2023-08-25,7007
2371,大同,55,7,48,兆豐-竹北,2023-08-25,7007
0056,元大高股息,48,0,48,兆豐-竹北,2023-08-25,7007
2317,鴻海,45,1,44,兆豐-竹北,2023-08-25,7007
3356,奇偶,40,0,40,兆豐-竹北,2023-08-25,7007
2303,聯電,32,0,32,兆豐-竹北,2023-08-25,7007
3037,欣興,27,0,27,兆豐-竹北,2023-08-25,7007
2891,中信金,26,0,26,兆豐-竹北,2023-08-25,7007
2634,漢翔,37,12,25,兆豐-竹北,2023-08-25,7007
1737,臺鹽,25,0,25,兆豐-竹北,2023-08-25,7007
00679B,元大美債20年,24,0,24,兆豐-竹北,2023-08-25,7007
00631L,元大台灣50正2,27,4,23,兆豐-竹北,2023-08-25,7007
8222,寶一,39,16,23,兆豐-竹北,2023-08-25,7007
00888,永豐台灣ESG,21,0,21,兆豐-竹北,2023-08-25,7007
5880,合庫金,19,0,19,兆豐-竹北,2023-08-25,7007
2886,兆豐金,19,1,18,兆豐-竹北,2023-08-25,7007
6282,康舒,23,5,18,兆豐-竹北,2023-08-25,7007
2884,玉山金,18,1,17,兆豐-竹北,2023-08-25,7007
00923,群益台ESG低碳50,17,0,17,兆豐-竹北,2023-08-25,7007
2329,華泰,35,19,16,兆豐-竹北,2023-08-25,7007
2382,廣達,45,29,16,兆豐-竹北,2023-08-25,7007
1783,和康生,15,0,15,兆豐-竹北,2023-08-25,7007
6550,北極星藥業-KY,15,0,15,兆豐-竹北,2023-08-25,7007
8227,巨有科技,15,0,15,兆豐-竹北,2023-08-25,7007
2330,台積電,16,3,13,兆豐-竹北,2023-08-25,7007
00895,富邦未來車,15,2,13,兆豐-竹北,2023-08-25,7007
1319,東陽,15,2,13,兆豐-竹北,2023-08-25,7007
2486,一詮,13,0,13,兆豐-竹北,2023-08-25,7007
2618,長榮航,129,116,13,兆豐-竹北,2023-08-25,7007
2388,威盛,24,12,12,兆豐-竹北,2023-08-25,7007
9950,萬國通,12,0,12,兆豐-竹北,2023-08-25,7007
2419,仲琦,21,10,11,兆豐-竹北,2023-08-25,7007
2344,華邦電,12,2,10,兆豐-竹北,2023-08-25,7007
00893,國泰智能電動車,10,0,10,兆豐-竹北,2023-08-25,7007
00632R,元大台灣50反1,10,0,10,兆豐-竹北,2023-08-25,7007
2409,友達,10,0,10,兆豐-竹北,2023-08-25,7007
3260,威剛,11,1,10,兆豐-竹北,2023-08-25,7007
6168,宏齊,10,0,10,兆豐-竹北,2023-08-25,7007
8215,明基材,15,5,10,兆豐-竹北,2023-08-25,7007
2883,凱基金,13,3,10,兆豐-竹北,2023-08-25,7007
00881,國泰台灣5G+,9,0,9,兆豐-竹北,2023-08-25,7007
2421,建準,14,6,8,兆豐-竹北,2023-08-25,7007
00679B,元大美債20年,100,3,97,兆豐-竹北,2023-08-28,7007
4960,誠美材,95,0,95,兆豐-竹北,2023-08-28,7007
00671R,富邦NASDAQ反1,90,0,90,兆豐-竹北,2023-08-28,7007
2301,光寶科,65,11,54,兆豐-竹北,2023-08-28,7007
00637L,元大滬深300正2,59,5,54,兆豐-竹北,2023-08-28,7007
2618,長榮航,188,137,51,兆豐-竹北,2023-08-28,7007
2388,威盛,259,208,51,兆豐-竹北,2023-08-28,7007
6111,大宇資,50,0,50,兆豐-竹北,2023-08-28,7007
00929,復華台灣科技優息,80,42,38,兆豐-竹北,2023-08-28,7007
2610,華航,49,12,37,兆豐-竹北,2023-08-28,7007
5381,合正,28,0,28,兆豐-竹北,2023-08-28,7007
00878,國泰永續高股息,65,43,22,兆豐-竹北,2023-08-28,7007
6274,台燿,27,6,21,兆豐-竹北,2023-08-28,7007
1783,和康生,20,0,20,兆豐-竹北,2023-08-28,7007
2323,中環,20,0,20,兆豐-竹北,2023-08-28,7007
2363,矽統,51,32,19,兆豐-竹北,2023-08-28,7007
00919,群益台灣精選高息,19,0,19,兆豐-竹北,2023-08-28,7007
2331,精英,71,54,17,兆豐-竹北,2023-08-28,7007
2419,仲琦,16,0,16,兆豐-竹北,2023-08-28,7007
3051,力特,23,8,15,兆豐-竹北,2023-08-28,7007
6122,擎邦,15,0,15,兆豐-竹北,2023-08-28,7007
4953,緯軟,14,0,14,兆豐-竹北,2023-08-28,7007
00713,元大台灣高息低波,13,1,12,兆豐-竹北,2023-08-28,7007
2369,菱生,14,2,12,兆豐-竹北,2023-08-28,7007
3704,合勤控,13,1,12,兆豐-竹北,2023-08-28,7007
1101,台泥,12,1,11,兆豐-竹北,2023-08-28,7007
00687B,國泰20年美債,11,0,11,兆豐-竹北,2023-08-28,7007
3234,光環,14,3,11,兆豐-竹北,2023-08-28,7007
3483,力致,13,3,10,兆豐-竹北,2023-08-28,7007
2464,盟立,10,0,10,兆豐-竹北,2023-08-28,7007
2501,國建,10,0,10,兆豐-竹北,2023-08-28,7007
2634,漢翔,39,29,10,兆豐-竹北,2023-08-28,7007
4916,事欣科,13,3,10,兆豐-竹北,2023-08-28,7007
8105,凌巨,10,0,10,兆豐-竹北,2023-08-28,7007
3356,奇偶,12,3,9,兆豐-竹北,2023-08-28,7007
3231,緯創,65,56,9,兆豐-竹北,2023-08-28,7007
4566,時碩工業,9,0,9,兆豐-竹北,2023-08-28,7007
2816,旺旺保,10,1,9,兆豐-竹北,2023-08-28,7007
2409,友達,8,0,8,兆豐-竹北,2023-08-28,7007
2436,偉詮電,8,0,8,兆豐-竹北,2023-08-28,7007
2834,臺企銀,9,1,8,兆豐-竹北,2023-08-28,7007
6291,沛亨,8,0,8,兆豐-竹北,2023-08-28,7007
2734,易飛網,7,0,7,兆豐-竹北,2023-08-28,7007
2401,凌陽,7,0,7,兆豐-竹北,2023-08-28,7007
2421,建準,10,4,6,兆豐-竹北,2023-08-28,7007
1609,大亞,6,0,6,兆豐-竹北,2023-08-28,7007
2206,三陽工業,7,1,6,兆豐-竹北,2023-08-28,7007
3491,昇達科,6,0,6,兆豐-竹北,2023-08-28,7007
3715,定穎投控,20,14,6,兆豐-竹北,2023-08-28,7007
5234,達興材料,6,0,6,兆豐-竹北,2023-08-28,7007
00753L,中信中國50正2,522,0,522,兆豐-竹北,2023-08-29,7007
00671R,富邦NASDAQ反1,260,0,260,兆豐-竹北,2023-08-29,7007
2363,矽統,140,74,66,兆豐-竹北,2023-08-29,7007
5880,合庫金,37,0,37,兆豐-竹北,2023-08-29,7007
3231,緯創,58,23,35,兆豐-竹北,2023-08-29,7007
6274,台燿,75,41,34,兆豐-竹北,2023-08-29,7007
2891C,中信金丙特,32,0,32,兆豐-竹北,2023-08-29,7007
00878,國泰永續高股息,30,0,30,兆豐-竹北,2023-08-29,7007
2881B,富邦金乙特,30,0,30,兆豐-竹北,2023-08-29,7007
2317,鴻海,36,6,30,兆豐-竹北,2023-08-29,7007
00633L,富邦上証正2,20,0,20,兆豐-竹北,2023-08-29,7007
8227,巨有科技,20,0,20,兆豐-竹北,2023-08-29,7007
00919,群益台灣精選高息,23,4,19,兆豐-竹北,2023-08-29,7007
1904,正隆,20,1,19,兆豐-竹北,2023-08-29,7007
3356,奇偶,20,1,19,兆豐-竹北,2023-08-29,7007
4533,協易機,19,0,19,兆豐-竹北,2023-08-29,7007
2882B,國泰金乙特,17,0,17,兆豐-竹北,2023-08-29,7007
0056,元大高股息,12,0,12,兆豐-竹北,2023-08-29,7007
5457,宣德,12,0,12,兆豐-竹北,2023-08-29,7007
6235,華孚,24,12,12,兆豐-竹北,2023-08-29,7007
8033,雷虎,12,0,12,兆豐-竹北,2023-08-29,7007
2388,威盛,19,7,12,兆豐-竹北,2023-08-29,7007
2852,第一保,10,0,10,兆豐-竹北,2023-08-29,7007
3567,逸昌,11,1,10,兆豐-竹北,2023-08-29,7007
4960,誠美材,10,0,10,兆豐-竹北,2023-08-29,7007
6142,友勁,10,0,10,兆豐-竹北,2023-08-29,7007
00852L,國泰美國道瓊正2,9,0,9,兆豐-竹北,2023-08-29,7007
00882,中信中國高股息,8,0,8,兆豐-竹北,2023-08-29,7007
2002,中鋼,8,0,8,兆豐-竹北,2023-08-29,7007
00631L,元大台灣50正2,7,0,7,兆豐-竹北,2023-08-29,7007
2834,臺企銀,7,0,7,兆豐-竹北,2023-08-29,7007
2883,凱基金,7,0,7,兆豐-竹北,2023-08-29,7007
6167,久正,8,1,7,兆豐-竹北,2023-08-29,7007
00673R,期元大S＆P原油反1,6,0,6,兆豐-竹北,2023-08-29,7007
1905,華紙,9,3,6,兆豐-竹北,2023-08-29,7007
2340,台亞,10,4,6,兆豐-竹北,2023-08-29,7007
2425,承啟,13,7,6,兆豐-竹北,2023-08-29,7007
2485,兆赫,22,16,6,兆豐-竹北,2023-08-29,7007
2516,新建,6,0,6,兆豐-竹北,2023-08-29,7007
3032,偉訓,6,0,6,兆豐-竹北,2023-08-29,7007
3311,閎暉,6,0,6,兆豐-竹北,2023-08-29,7007
5340,建榮,9,3,6,兆豐-竹北,2023-08-29,7007
1338,廣華-KY,5,0,5,兆豐-竹北,2023-08-29,7007
2312,金寶,5,0,5,兆豐-竹北,2023-08-29,7007
2409,友達,5,0,5,兆豐-竹北,2023-08-29,7007
2880,華南金,5,0,5,兆豐-竹北,2023-08-29,7007
4563,百德,7,2,5,兆豐-竹北,2023-08-29,7007
2376,技嘉,19,15,4,兆豐-竹北,2023-08-29,7007
3044,健鼎,11,7,4,兆豐-竹北,2023-08-29,7007
1210,大成,4,0,4,兆豐-竹北,2023-08-29,7007
00671R,富邦NASDAQ反1,210,0,210,兆豐-竹北,2023-08-30,7007
2618,長榮航,168,37,131,兆豐-竹北,2023-08-30,7007
2888,新光金,112,0,112,兆豐-竹北,2023-08-30,7007
6143,振曜,78,2,76,兆豐-竹北,2023-08-30,7007
4906,正文,60,3,57,兆豐-竹北,2023-08-30,7007
2610,華航,64,8,56,兆豐-竹北,2023-08-30,7007
2886,兆豐金,50,0,50,兆豐-竹北,2023-08-30,7007
6829,千附精密,43,3,40,兆豐-竹北,2023-08-30,7007
2412,中華電,34,0,34,兆豐-竹北,2023-08-30,7007
2882B,國泰金乙特,31,0,31,兆豐-竹北,2023-08-30,7007
3356,奇偶,28,0,28,兆豐-竹北,2023-08-30,7007
00878,國泰永續高股息,31,8,23,兆豐-竹北,2023-08-30,7007
2485,兆赫,109,86,23,兆豐-竹北,2023-08-30,7007
3051,力特,24,2,22,兆豐-竹北,2023-08-30,7007
2891B,中信金乙特,20,0,20,兆豐-竹北,2023-08-30,7007
2891C,中信金丙特,20,0,20,兆豐-竹北,2023-08-30,7007
3325,旭品,22,2,20,兆豐-竹北,2023-08-30,7007
3481,群創,19,1,18,兆豐-竹北,2023-08-30,7007
8927,北基,18,0,18,兆豐-竹北,2023-08-30,7007
2634,漢翔,27,10,17,兆豐-竹北,2023-08-30,7007
2457,飛宏,17,1,16,兆豐-竹北,2023-08-30,7007
6282,康舒,17,2,15,兆豐-竹北,2023-08-30,7007
2883,凱基金,14,0,14,兆豐-竹北,2023-08-30,7007
0056,元大高股息,14,0,14,兆豐-竹北,2023-08-30,7007
2002,中鋼,13,0,13,兆豐-竹北,2023-08-30,7007
2371,大同,12,0,12,兆豐-竹北,2023-08-30,7007
00919,群益台灣精選高息,14,2,12,兆豐-竹北,2023-08-30,7007
5009,榮剛,12,1,11,兆豐-竹北,2023-08-30,7007
6695,芯鼎,11,0,11,兆豐-竹北,2023-08-30,7007
6770,力積電,12,1,11,兆豐-竹北,2023-08-30,7007
2301,光寶科,62,52,10,兆豐-竹北,2023-08-30,7007
2881B,富邦金乙特,10,0,10,兆豐-竹北,2023-08-30,7007
4960,誠美材,10,0,10,兆豐-竹北,2023-08-30,7007
6548,長科*,10,0,10,兆豐-竹北,2023-08-30,7007
00852L,國泰美國道瓊正2,9,0,9,兆豐-竹北,2023-08-30,7007
2355,敬鵬,18,9,9,兆豐-竹北,2023-08-30,7007
2498,宏達電,9,0,9,兆豐-竹北,2023-08-30,7007
3289,宜特,9,0,9,兆豐-竹北,2023-08-30,7007
0050,元大台灣50,9,0,9,兆豐-竹北,2023-08-30,7007
2880,華南金,8,0,8,兆豐-竹北,2023-08-30,7007
3715,定穎投控,23,15,8,兆豐-竹北,2023-08-30,7007
2887,台新金,9,1,8,兆豐-竹北,2023-08-30,7007
3710,連展投控,7,0,7,兆豐-竹北,2023-08-30,7007
4543,萬在,11,4,7,兆豐-竹北,2023-08-30,7007
6122,擎邦,10,3,7,兆豐-竹北,2023-08-30,7007
6446,藥華藥,8,1,7,兆豐-竹北,2023-08-30,7007
3308,聯德,13,7,6,兆豐-竹北,2023-08-30,7007
2312,金寶,6,0,6,兆豐-竹北,2023-08-30,7007
5222,全訊,6,0,6,兆豐-竹北,2023-08-30,7007
5443,均豪,6,0,6,兆豐-竹北,2023-08-30,7007
2888,新光金,526,50,476,兆豐-竹北,2023-08-31,7007
00671R,富邦NASDAQ反1,120,0,120,兆豐-竹北,2023-08-31,7007
9919,康那香,100,0,100,兆豐-竹北,2023-08-31,7007
2880,華南金,72,0,72,兆豐-竹北,2023-08-31,7007
2337,旺宏,73,17,56,兆豐-竹北,2023-08-31,7007
00929,復華台灣科技優息,38,0,38,兆豐-竹北,2023-08-31,7007
2886,兆豐金,39,2,37,兆豐-竹北,2023-08-31,7007
2891B,中信金乙特,36,0,36,兆豐-竹北,2023-08-31,7007
6291,沛亨,36,1,35,兆豐-竹北,2023-08-31,7007
2892,第一金,31,0,31,兆豐-竹北,2023-08-31,7007
8936,國統,30,0,30,兆豐-竹北,2023-08-31,7007
2891,中信金,29,0,29,兆豐-竹北,2023-08-31,7007
00679B,元大美債20年,26,0,26,兆豐-竹北,2023-08-31,7007
00665L,富邦�琤肭磪囓�2,40,15,25,兆豐-竹北,2023-08-31,7007
2882A,國泰特,25,0,25,兆豐-竹北,2023-08-31,7007
2890,永豐金,22,0,22,兆豐-竹北,2023-08-31,7007
00720B,元大投資級公司債,22,0,22,兆豐-竹北,2023-08-31,7007
2436,偉詮電,43,22,21,兆豐-竹北,2023-08-31,7007
00751B,元大AAA至A公司債,20,0,20,兆豐-竹北,2023-08-31,7007
3583,辛耘,24,4,20,兆豐-竹北,2023-08-31,7007
3338,泰碩,20,1,19,兆豐-竹北,2023-08-31,7007
2891C,中信金丙特,17,0,17,兆豐-竹北,2023-08-31,7007
00878,國泰永續高股息,48,32,16,兆豐-竹北,2023-08-31,7007
2610,華航,17,1,16,兆豐-竹北,2023-08-31,7007
3264,欣銓,17,1,16,兆豐-竹北,2023-08-31,7007
3289,宜特,15,0,15,兆豐-竹北,2023-08-31,7007
0056,元大高股息,16,1,15,兆豐-竹北,2023-08-31,7007
00885,富邦越南,15,0,15,兆豐-竹北,2023-08-31,7007
3035,智原,23,9,14,兆豐-竹北,2023-08-31,7007
3567,逸昌,15,1,14,兆豐-竹北,2023-08-31,7007
2201,裕隆,19,5,14,兆豐-竹北,2023-08-31,7007
1338,廣華-KY,14,1,13,兆豐-竹北,2023-08-31,7007
1609,大亞,28,16,12,兆豐-竹北,2023-08-31,7007
2882B,國泰金乙特,12,0,12,兆豐-竹北,2023-08-31,7007
1605,華新,11,0,11,兆豐-竹北,2023-08-31,7007
1802,台玻,15,4,11,兆豐-竹北,2023-08-31,7007
2329,華泰,38,27,11,兆豐-竹北,2023-08-31,7007
3545,敦泰,12,1,11,兆豐-竹北,2023-08-31,7007
2323,中環,10,0,10,兆豐-竹北,2023-08-31,7007
2419,仲琦,10,0,10,兆豐-竹北,2023-08-31,7007
2501,國建,10,0,10,兆豐-竹北,2023-08-31,7007
3548,兆利,10,0,10,兆豐-竹北,2023-08-31,7007
6485,點序,11,1,10,兆豐-竹北,2023-08-31,7007
00687B,國泰20年美債,11,2,9,兆豐-竹北,2023-08-31,7007
00919,群益台灣精選高息,9,0,9,兆豐-竹北,2023-08-31,7007
3715,定穎投控,21,12,9,兆豐-竹北,2023-08-31,7007
8996,高力,11,2,9,兆豐-竹北,2023-08-31,7007
1471,首利,8,0,8,兆豐-竹北,2023-08-31,7007
3011,今皓,8,0,8,兆豐-竹北,2023-08-31,7007
8033,雷虎,8,0,8,兆豐-竹北,2023-08-31,7007
00929,復華台灣科技優息,173,7,166,兆豐-竹北,2023-09-01,7007
00932,兆豐永續高息等權,126,2,124,兆豐-竹北,2023-09-01,7007
00671R,富邦NASDAQ反1,120,0,120,兆豐-竹北,2023-09-01,7007
1810,和成,100,0,100,兆豐-竹北,2023-09-01,7007
2363,矽統,169,70,99,兆豐-竹北,2023-09-01,7007
00919,群益台灣精選高息,81,0,81,兆豐-竹北,2023-09-01,7007
3338,泰碩,40,0,40,兆豐-竹北,2023-09-01,7007
00673R,期元大S＆P原油反1,36,0,36,兆豐-竹北,2023-09-01,7007
2891B,中信金乙特,30,0,30,兆豐-竹北,2023-09-01,7007
2891C,中信金丙特,30,0,30,兆豐-竹北,2023-09-01,7007
8271,宇瞻,30,0,30,兆豐-竹北,2023-09-01,7007
8069,元太,31,5,26,兆豐-竹北,2023-09-01,7007
00878,國泰永續高股息,50,24,26,兆豐-竹北,2023-09-01,7007
2882B,國泰金乙特,25,0,25,兆豐-竹北,2023-09-01,7007
9904,寶成,27,3,24,兆豐-竹北,2023-09-01,7007
1605,華新,21,0,21,兆豐-竹北,2023-09-01,7007
2106,建大,20,0,20,兆豐-竹北,2023-09-01,7007
4953,緯軟,20,0,20,兆豐-竹北,2023-09-01,7007
6167,久正,20,0,20,兆豐-竹北,2023-09-01,7007
6438,迅得,20,0,20,兆豐-竹北,2023-09-01,7007
2457,飛宏,21,2,19,兆豐-竹北,2023-09-01,7007
3038,全台,19,0,19,兆豐-竹北,2023-09-01,7007
3162,精確,19,0,19,兆豐-竹北,2023-09-01,7007
4130,健亞,19,0,19,兆豐-竹北,2023-09-01,7007
3035,智原,34,16,18,兆豐-竹北,2023-09-01,7007
3257,虹冠電,19,1,18,兆豐-竹北,2023-09-01,7007
2887,台新金,18,1,17,兆豐-竹北,2023-09-01,7007
2388,威盛,29,12,17,兆豐-竹北,2023-09-01,7007
2421,建準,22,6,16,兆豐-竹北,2023-09-01,7007
8086,宏捷科,16,0,16,兆豐-竹北,2023-09-01,7007
1783,和康生,15,0,15,兆豐-竹北,2023-09-01,7007
2401,凌陽,18,3,15,兆豐-竹北,2023-09-01,7007
1338,廣華-KY,14,0,14,兆豐-竹北,2023-09-01,7007
2356,英業達,21,8,13,兆豐-竹北,2023-09-01,7007
2368,金像電,16,3,13,兆豐-竹北,2023-09-01,7007
1216,統一,13,0,13,兆豐-竹北,2023-09-01,7007
1903,士紙,13,0,13,兆豐-竹北,2023-09-01,7007
2881B,富邦金乙特,13,0,13,兆豐-竹北,2023-09-01,7007
2913,農林,13,0,13,兆豐-竹北,2023-09-01,7007
2886,兆豐金,13,1,12,兆豐-竹北,2023-09-01,7007
2382,廣達,57,45,12,兆豐-竹北,2023-09-01,7007
3483,力致,13,1,12,兆豐-竹北,2023-09-01,7007
1524,耿鼎,12,0,12,兆豐-竹北,2023-09-01,7007
1609,大亞,16,4,12,兆豐-竹北,2023-09-01,7007
3231,緯創,62,51,11,兆豐-竹北,2023-09-01,7007
2329,華泰,29,18,11,兆豐-竹北,2023-09-01,7007
2002,中鋼,14,3,11,兆豐-竹北,2023-09-01,7007
2375,凱美,12,1,11,兆豐-竹北,2023-09-01,7007
6143,振曜,11,0,11,兆豐-竹北,2023-09-01,7007
6550,北極星藥業-KY,11,0,11,兆豐-竹北,2023-09-01,7007
9919,康那香,137,36,101,兆豐-竹北,2023-09-04,7007
00671R,富邦NASDAQ反1,60,0,60,兆豐-竹北,2023-09-04,7007
00929,復華台灣科技優息,43,0,43,兆豐-竹北,2023-09-04,7007
00665L,富邦�琤肭磪囓�2,45,6,39,兆豐-竹北,2023-09-04,7007
1802,台玻,53,24,29,兆豐-竹北,2023-09-04,7007
2312,金寶,24,0,24,兆豐-竹北,2023-09-04,7007
00919,群益台灣精選高息,36,12,24,兆豐-竹北,2023-09-04,7007
00878,國泰永續高股息,21,0,21,兆豐-竹北,2023-09-04,7007
2402,毅嘉,131,113,18,兆豐-竹北,2023-09-04,7007
00679B,元大美債20年,17,0,17,兆豐-竹北,2023-09-04,7007
2886,兆豐金,21,4,17,兆豐-竹北,2023-09-04,7007
00680L,元大美債20正2,20,3,17,兆豐-竹北,2023-09-04,7007
2883,凱基金,22,5,17,兆豐-竹北,2023-09-04,7007
4938,和碩,19,2,17,兆豐-竹北,2023-09-04,7007
6274,台燿,20,4,16,兆豐-竹北,2023-09-04,7007
00915,凱基優選高股息30,12,0,12,兆豐-竹北,2023-09-04,7007
2605,新興,12,0,12,兆豐-竹北,2023-09-04,7007
6204,艾華,12,0,12,兆豐-竹北,2023-09-04,7007
9904,寶成,12,0,12,兆豐-竹北,2023-09-04,7007
2363,矽統,103,91,12,兆豐-竹北,2023-09-04,7007
2303,聯電,13,1,12,兆豐-竹北,2023-09-04,7007
2884,玉山金,11,0,11,兆豐-竹北,2023-09-04,7007
00687B,國泰20年美債,11,0,11,兆豐-竹北,2023-09-04,7007
1616,億泰,11,0,11,兆豐-竹北,2023-09-04,7007
3338,泰碩,11,0,11,兆豐-竹北,2023-09-04,7007
1101,台泥,10,0,10,兆豐-竹北,2023-09-04,7007
5328,華容,10,0,10,兆豐-竹北,2023-09-04,7007
2323,中環,11,2,9,兆豐-竹北,2023-09-04,7007
2371,大同,14,5,9,兆豐-竹北,2023-09-04,7007
2344,華邦電,15,6,9,兆豐-竹北,2023-09-04,7007
3257,虹冠電,14,5,9,兆豐-竹北,2023-09-04,7007
3481,群創,10,2,8,兆豐-竹北,2023-09-04,7007
2634,漢翔,9,1,8,兆豐-竹北,2023-09-04,7007
1903,士紙,8,0,8,兆豐-竹北,2023-09-04,7007
3033,威健,8,0,8,兆豐-竹北,2023-09-04,7007
00713,元大台灣高息低波,9,2,7,兆豐-竹北,2023-09-04,7007
2388,威盛,10,3,7,兆豐-竹北,2023-09-04,7007
2442,新美齊,7,0,7,兆豐-竹北,2023-09-04,7007
3228,金麗科,7,0,7,兆豐-竹北,2023-09-04,7007
3583,辛耘,11,4,7,兆豐-竹北,2023-09-04,7007
9950,萬國通,12,5,7,兆豐-竹北,2023-09-04,7007
2610,華航,30,24,6,兆豐-竹北,2023-09-04,7007
3081,聯亞,7,1,6,兆豐-竹北,2023-09-04,7007
3260,威剛,7,1,6,兆豐-竹北,2023-09-04,7007
3290,東浦,6,0,6,兆豐-竹北,2023-09-04,7007
3311,閎暉,10,4,6,兆豐-竹北,2023-09-04,7007
8110,華東,20,14,6,兆豐-竹北,2023-09-04,7007
8222,寶一,7,1,6,兆豐-竹北,2023-09-04,7007
1319,東陽,10,4,6,兆豐-竹北,2023-09-04,7007
2317,鴻海,9,3,6,兆豐-竹北,2023-09-04,7007
00712,復華富時不動產,464,16,448,兆豐-竹北,2023-09-05,7007
2891C,中信金丙特,75,0,75,兆豐-竹北,2023-09-05,7007
00929,復華台灣科技優息,75,12,63,兆豐-竹北,2023-09-05,7007
2371,大同,64,9,55,兆豐-竹北,2023-09-05,7007
00919,群益台灣精選高息,41,2,39,兆豐-竹北,2023-09-05,7007
6122,擎邦,56,22,34,兆豐-竹北,2023-09-05,7007
2344,華邦電,43,11,32,兆豐-竹北,2023-09-05,7007
2885,元大金,32,0,32,兆豐-竹北,2023-09-05,7007
1802,台玻,32,1,31,兆豐-竹北,2023-09-05,7007
2610,華航,35,4,31,兆豐-竹北,2023-09-05,7007
2881B,富邦金乙特,26,0,26,兆豐-竹北,2023-09-05,7007
2402,毅嘉,51,30,21,兆豐-竹北,2023-09-05,7007
6139,亞翔,33,12,21,兆豐-竹北,2023-09-05,7007
2891B,中信金乙特,20,0,20,兆豐-竹北,2023-09-05,7007
2329,華泰,28,8,20,兆豐-竹北,2023-09-05,7007
2609,陽明,20,3,17,兆豐-竹北,2023-09-05,7007
2882A,國泰特,16,0,16,兆豐-竹北,2023-09-05,7007
5871A,中租-KY甲特,15,0,15,兆豐-竹北,2023-09-05,7007
2324,仁寶,16,2,14,兆豐-竹北,2023-09-05,7007
5425,台半,16,2,14,兆豐-竹北,2023-09-05,7007
00878,國泰永續高股息,23,9,14,兆豐-竹北,2023-09-05,7007
6235,華孚,26,13,13,兆豐-竹北,2023-09-05,7007
3035,智原,28,15,13,兆豐-竹北,2023-09-05,7007
2618,長榮航,132,121,11,兆豐-竹北,2023-09-05,7007
3257,虹冠電,14,3,11,兆豐-竹北,2023-09-05,7007
5222,全訊,11,0,11,兆豐-竹北,2023-09-05,7007
1215,卜蜂,10,0,10,兆豐-竹北,2023-09-05,7007
00857B,永豐20年美公債,10,0,10,兆豐-竹北,2023-09-05,7007
1444,力麗,10,0,10,兆豐-竹北,2023-09-05,7007
2460,建通,10,0,10,兆豐-竹北,2023-09-05,7007
2637,慧洋-KY,10,0,10,兆豐-竹北,2023-09-05,7007
2801,彰銀,10,0,10,兆豐-竹北,2023-09-05,7007
2903,遠百,10,0,10,兆豐-竹北,2023-09-05,7007
5309,系統電,10,0,10,兆豐-竹北,2023-09-05,7007
2906,高林,13,4,9,兆豐-竹北,2023-09-05,7007
3163,波若威,10,1,9,兆豐-竹北,2023-09-05,7007
3481,群創,10,1,9,兆豐-竹北,2023-09-05,7007
6472,保瑞,9,1,8,兆豐-竹北,2023-09-05,7007
00751B,元大AAA至A公司債,8,0,8,兆豐-竹北,2023-09-05,7007
00674R,期元大S＆P黃金反1,8,0,8,兆豐-竹北,2023-09-05,7007
00637L,元大滬深300正2,8,0,8,兆豐-竹北,2023-09-05,7007
2486,一詮,25,17,8,兆豐-竹北,2023-09-05,7007
6112,邁達特,17,9,8,兆豐-竹北,2023-09-05,7007
6830,汎銓,8,0,8,兆豐-竹北,2023-09-05,7007
5009,榮剛,8,0,8,兆豐-竹北,2023-09-05,7007
3715,定穎投控,50,43,7,兆豐-竹北,2023-09-05,7007
2401,凌陽,17,10,7,兆豐-竹北,2023-09-05,7007
3044,健鼎,14,7,7,兆豐-竹北,2023-09-05,7007
3701,大眾控,7,0,7,兆豐-竹北,2023-09-05,7007
3714,富采,7,0,7,兆豐-竹北,2023-09-05,7007
00753L,中信中國50正2,432,0,432,兆豐-竹北,2023-09-06,7007
00929,復華台灣科技優息,230,90,140,兆豐-竹北,2023-09-06,7007
2881B,富邦金乙特,127,0,127,兆豐-竹北,2023-09-06,7007
5351,鈺創,111,6,105,兆豐-竹北,2023-09-06,7007
5871A,中租-KY甲特,82,0,82,兆豐-竹北,2023-09-06,7007
2409,友達,85,27,58,兆豐-竹北,2023-09-06,7007
2891C,中信金丙特,57,0,57,兆豐-竹北,2023-09-06,7007
2891B,中信金乙特,56,0,56,兆豐-竹北,2023-09-06,7007
2882B,國泰金乙特,51,0,51,兆豐-竹北,2023-09-06,7007
2891,中信金,50,0,50,兆豐-竹北,2023-09-06,7007
2880,華南金,43,0,43,兆豐-竹北,2023-09-06,7007
00919,群益台灣精選高息,51,8,43,兆豐-竹北,2023-09-06,7007
2882A,國泰特,40,0,40,兆豐-竹北,2023-09-06,7007
2886,兆豐金,38,0,38,兆豐-竹北,2023-09-06,7007
00671R,富邦NASDAQ反1,30,0,30,兆豐-竹北,2023-09-06,7007
1101,台泥,30,0,30,兆豐-竹北,2023-09-06,7007
2301,光寶科,38,9,29,兆豐-竹北,2023-09-06,7007
2884,玉山金,28,0,28,兆豐-竹北,2023-09-06,7007
00715L,期街口布蘭特正2,28,0,28,兆豐-竹北,2023-09-06,7007
00680L,元大美債20正2,26,0,26,兆豐-竹北,2023-09-06,7007
00930,永豐ESG低碳高息,20,0,20,兆豐-竹北,2023-09-06,7007
2637,慧洋-KY,20,0,20,兆豐-竹北,2023-09-06,7007
4945,陞達科技,23,3,20,兆豐-竹北,2023-09-06,7007
2882,國泰金,20,1,19,兆豐-竹北,2023-09-06,7007
1802,台玻,15,0,15,兆豐-竹北,2023-09-06,7007
2464,盟立,15,0,15,兆豐-竹北,2023-09-06,7007
3032,偉訓,16,1,15,兆豐-竹北,2023-09-06,7007
3715,定穎投控,29,15,14,兆豐-竹北,2023-09-06,7007
00679B,元大美債20年,13,0,13,兆豐-竹北,2023-09-06,7007
00918,大華優利高填息30,13,0,13,兆豐-竹北,2023-09-06,7007
3483,力致,19,6,13,兆豐-竹北,2023-09-06,7007
2356,英業達,33,20,13,兆豐-竹北,2023-09-06,7007
5880,合庫金,13,0,13,兆豐-竹北,2023-09-06,7007
3706,神達,12,0,12,兆豐-竹北,2023-09-06,7007
4979,華星光,12,0,12,兆豐-竹北,2023-09-06,7007
2353,宏��,14,2,12,兆豐-竹北,2023-09-06,7007
1568,倉佑,11,0,11,兆豐-竹北,2023-09-06,7007
2324,仁寶,12,1,11,兆豐-竹北,2023-09-06,7007
3027,盛達,11,0,11,兆豐-竹北,2023-09-06,7007
4919,新唐,11,0,11,兆豐-竹北,2023-09-06,7007
00878,國泰永續高股息,28,17,11,兆豐-竹北,2023-09-06,7007
5284,jpp-KY,13,3,10,兆豐-竹北,2023-09-06,7007
2481,強茂,10,0,10,兆豐-竹北,2023-09-06,7007
3044,健鼎,14,4,10,兆豐-竹北,2023-09-06,7007
3325,旭品,12,2,10,兆豐-竹北,2023-09-06,7007
6485,點序,19,9,10,兆豐-竹北,2023-09-06,7007
8930,青鋼,10,0,10,兆豐-竹北,2023-09-06,7007
9933,中鼎,10,0,10,兆豐-竹北,2023-09-06,7007
2634,漢翔,12,3,9,兆豐-竹北,2023-09-06,7007
2344,華邦電,13,5,8,兆豐-竹北,2023-09-06,7007
5351,鈺創,306,35,271,兆豐-竹北,2023-09-07,7007
00929,復華台灣科技優息,203,29,174,兆豐-竹北,2023-09-07,7007
00878,國泰永續高股息,178,11,167,兆豐-竹北,2023-09-07,7007
2882B,國泰金乙特,69,0,69,兆豐-竹北,2023-09-07,7007
2610,華航,62,9,53,兆豐-竹北,2023-09-07,7007
2881B,富邦金乙特,50,0,50,兆豐-竹北,2023-09-07,7007
5871A,中租-KY甲特,50,0,50,兆豐-竹北,2023-09-07,7007
2409,友達,69,24,45,兆豐-竹北,2023-09-07,7007
2436,偉詮電,56,15,41,兆豐-竹北,2023-09-07,7007
5309,系統電,40,0,40,兆豐-竹北,2023-09-07,7007
4533,協易機,51,16,35,兆豐-竹北,2023-09-07,7007
2485,兆赫,65,31,34,兆豐-竹北,2023-09-07,7007
2882A,國泰特,32,0,32,兆豐-竹北,2023-09-07,7007
00932,兆豐永續高息等權,31,0,31,兆豐-竹北,2023-09-07,7007
8271,宇瞻,30,0,30,兆豐-竹北,2023-09-07,7007
5284,jpp-KY,34,5,29,兆豐-竹北,2023-09-07,7007
1605,華新,28,0,28,兆豐-竹北,2023-09-07,7007
00919,群益台灣精選高息,28,0,28,兆豐-竹北,2023-09-07,7007
2884,玉山金,29,5,24,兆豐-竹北,2023-09-07,7007
2324,仁寶,26,2,24,兆豐-竹北,2023-09-07,7007
2887,台新金,19,0,19,兆豐-竹北,2023-09-07,7007
00637L,元大滬深300正2,33,15,18,兆豐-竹北,2023-09-07,7007
1786,科妍,20,2,18,兆豐-竹北,2023-09-07,7007
2337,旺宏,20,2,18,兆豐-竹北,2023-09-07,7007
2891,中信金,18,0,18,兆豐-竹北,2023-09-07,7007
6291,沛亨,16,0,16,兆豐-竹北,2023-09-07,7007
6139,亞翔,18,2,16,兆豐-竹北,2023-09-07,7007
00930,永豐ESG低碳高息,15,0,15,兆豐-竹北,2023-09-07,7007
00673R,期元大S＆P原油反1,14,0,14,兆豐-竹北,2023-09-07,7007
2332,友訊,14,0,14,兆豐-竹北,2023-09-07,7007
5381,合正,24,10,14,兆豐-竹北,2023-09-07,7007
8390,金益鼎,13,0,13,兆豐-竹北,2023-09-07,7007
1612,宏泰,15,2,13,兆豐-竹北,2023-09-07,7007
00893,國泰智能電動車,12,0,12,兆豐-竹北,2023-09-07,7007
2023,燁輝,12,0,12,兆豐-竹北,2023-09-07,7007
2882,國泰金,12,0,12,兆豐-竹北,2023-09-07,7007
2330,台積電,13,1,12,兆豐-竹北,2023-09-07,7007
6531,愛普*,12,1,11,兆豐-竹北,2023-09-07,7007
00915,凱基優選高股息30,11,0,11,兆豐-竹北,2023-09-07,7007
2363,矽統,36,26,10,兆豐-竹北,2023-09-07,7007
00923,群益台ESG低碳50,10,0,10,兆豐-竹北,2023-09-07,7007
2634,漢翔,10,0,10,兆豐-竹北,2023-09-07,7007
4543,萬在,10,0,10,兆豐-竹北,2023-09-07,7007
8064,東捷,10,0,10,兆豐-竹北,2023-09-07,7007
6285,啟��,19,10,9,兆豐-竹北,2023-09-07,7007
5880,合庫金,9,0,9,兆豐-竹北,2023-09-07,7007
00885,富邦越南,11,2,9,兆豐-竹北,2023-09-07,7007
1319,東陽,12,3,9,兆豐-竹北,2023-09-07,7007
1568,倉佑,10,1,9,兆豐-竹北,2023-09-07,7007
3163,波若威,23,14,9,兆豐-竹北,2023-09-07,7007
00673R,期元大S＆P原油反1,200,50,150,兆豐-竹北,2023-09-08,7007
1471,首利,102,7,95,兆豐-竹北,2023-09-08,7007
00919,群益台灣精選高息,62,0,62,兆豐-竹北,2023-09-08,7007
2881B,富邦金乙特,57,0,57,兆豐-竹北,2023-09-08,7007
2882B,國泰金乙特,57,0,57,兆豐-竹北,2023-09-08,7007
2606,裕民,53,0,53,兆豐-竹北,2023-09-08,7007
5351,鈺創,53,1,52,兆豐-竹北,2023-09-08,7007
00753L,中信中國50正2,62,11,51,兆豐-竹北,2023-09-08,7007
00929,復華台灣科技優息,94,45,49,兆豐-竹北,2023-09-08,7007
8028,昇陽半導體,50,1,49,兆豐-竹北,2023-09-08,7007
1802,台玻,44,0,44,兆豐-竹北,2023-09-08,7007
6116,彩晶,42,0,42,兆豐-竹北,2023-09-08,7007
2891B,中信金乙特,40,0,40,兆豐-竹北,2023-09-08,7007
2882A,國泰特,37,0,37,兆豐-竹北,2023-09-08,7007
4543,萬在,33,0,33,兆豐-竹北,2023-09-08,7007
1305,華夏,32,1,31,兆豐-竹北,2023-09-08,7007
2891C,中信金丙特,30,0,30,兆豐-竹北,2023-09-08,7007
4967,十銓,30,0,30,兆豐-竹北,2023-09-08,7007
1319,東陽,58,30,28,兆豐-竹北,2023-09-08,7007
00900,富邦特選高股息30,25,1,24,兆豐-竹北,2023-09-08,7007
3481,群創,28,9,19,兆豐-竹北,2023-09-08,7007
1304,台聚,20,5,15,兆豐-竹北,2023-09-08,7007
2886,兆豐金,23,8,15,兆豐-竹北,2023-09-08,7007
8112,至上,16,1,15,兆豐-竹北,2023-09-08,7007
2376,技嘉,30,16,14,兆豐-竹北,2023-09-08,7007
4934,太極,14,1,13,兆豐-竹北,2023-09-08,7007
0050,元大台灣50,13,0,13,兆豐-竹北,2023-09-08,7007
2481,強茂,12,0,12,兆豐-竹北,2023-09-08,7007
3260,威剛,16,4,12,兆豐-竹北,2023-09-08,7007
2421,建準,15,4,11,兆豐-竹北,2023-09-08,7007
2356,英業達,17,6,11,兆豐-竹北,2023-09-08,7007
00882,中信中國高股息,14,3,11,兆豐-竹北,2023-09-08,7007
00902,中信電池及儲能,11,0,11,兆豐-竹北,2023-09-08,7007
2464,盟立,12,1,11,兆豐-竹北,2023-09-08,7007
6125,廣運,11,0,11,兆豐-竹北,2023-09-08,7007
6139,亞翔,12,1,11,兆豐-竹北,2023-09-08,7007
6257,矽格,11,0,11,兆豐-竹北,2023-09-08,7007
8215,明基材,11,0,11,兆豐-竹北,2023-09-08,7007
00923,群益台ESG低碳50,13,2,11,兆豐-竹北,2023-09-08,7007
5880,合庫金,10,0,10,兆豐-竹北,2023-09-08,7007
2618,長榮航,118,108,10,兆豐-竹北,2023-09-08,7007
2352,佳世達,12,2,10,兆豐-竹北,2023-09-08,7007
00930,永豐ESG低碳高息,10,0,10,兆豐-竹北,2023-09-08,7007
2025,千興,10,0,10,兆豐-竹北,2023-09-08,7007
2382,廣達,24,14,10,兆豐-竹北,2023-09-08,7007
4953,緯軟,9,0,9,兆豐-竹北,2023-09-08,7007
00918,大華優利高填息30,9,0,9,兆豐-竹北,2023-09-08,7007
2201,裕隆,9,0,9,兆豐-竹北,2023-09-08,7007
2436,偉詮電,15,6,9,兆豐-竹北,2023-09-08,7007
3704,合勤控,25,16,9,兆豐-竹北,2023-09-08,7007
00929,復華台灣科技優息,1095,30,1065,兆豐-竹北,2023-09-11,7007
00753L,中信中國50正2,340,216,124,兆豐-竹北,2023-09-11,7007
5381,合正,115,8,107,兆豐-竹北,2023-09-11,7007
00878,國泰永續高股息,109,43,66,兆豐-竹北,2023-09-11,7007
2313,華通,64,9,55,兆豐-竹北,2023-09-11,7007
2882B,國泰金乙特,54,0,54,兆豐-竹北,2023-09-11,7007
8028,昇陽半導體,50,0,50,兆豐-竹北,2023-09-11,7007
0056,元大高股息,42,2,40,兆豐-竹北,2023-09-11,7007
00919,群益台灣精選高息,45,5,40,兆豐-竹北,2023-09-11,7007
00688L,國泰20年美債正2,37,0,37,兆豐-竹北,2023-09-11,7007
00932,兆豐永續高息等權,36,0,36,兆豐-竹北,2023-09-11,7007
2891,中信金,34,1,33,兆豐-竹北,2023-09-11,7007
2882A,國泰特,30,0,30,兆豐-竹北,2023-09-11,7007
6111,大宇資,30,0,30,兆豐-竹北,2023-09-11,7007
2002,中鋼,22,1,21,兆豐-竹北,2023-09-11,7007
2618,長榮航,160,140,20,兆豐-竹北,2023-09-11,7007
2834,臺企銀,20,0,20,兆豐-竹北,2023-09-11,7007
2881B,富邦金乙特,20,0,20,兆豐-竹北,2023-09-11,7007
3481,群創,42,23,19,兆豐-竹北,2023-09-11,7007
00713,元大台灣高息低波,19,0,19,兆豐-竹北,2023-09-11,7007
6830,汎銓,18,0,18,兆豐-竹北,2023-09-11,7007
2888,新光金,21,5,16,兆豐-竹北,2023-09-11,7007
1605,華新,22,6,16,兆豐-竹北,2023-09-11,7007
5432,新門,16,0,16,兆豐-竹北,2023-09-11,7007
2329,華泰,22,7,15,兆豐-竹北,2023-09-11,7007
00755B,群益投資級公用債,15,0,15,兆豐-竹北,2023-09-11,7007
1810,和成,17,2,15,兆豐-竹北,2023-09-11,7007
00712,復華富時不動產,22,7,15,兆豐-竹北,2023-09-11,7007
00679B,元大美債20年,13,0,13,兆豐-竹北,2023-09-11,7007
2312,金寶,23,10,13,兆豐-竹北,2023-09-11,7007
00751B,元大AAA至A公司債,13,0,13,兆豐-竹北,2023-09-11,7007
2516,新建,13,0,13,兆豐-竹北,2023-09-11,7007
2603,長榮,13,0,13,兆豐-竹北,2023-09-11,7007
2323,中環,12,0,12,兆豐-竹北,2023-09-11,7007
2801,彰銀,12,0,12,兆豐-竹北,2023-09-11,7007
6291,沛亨,12,0,12,兆豐-竹北,2023-09-11,7007
1786,科妍,11,0,11,兆豐-竹北,2023-09-11,7007
1802,台玻,11,0,11,兆豐-竹北,2023-09-11,7007
8050,廣積,12,1,11,兆豐-竹北,2023-09-11,7007
00923,群益台ESG低碳50,10,0,10,兆豐-竹北,2023-09-11,7007
3078,僑威,20,10,10,兆豐-竹北,2023-09-11,7007
00900,富邦特選高股息30,10,0,10,兆豐-竹北,2023-09-11,7007
1310,台苯,10,0,10,兆豐-竹北,2023-09-11,7007
2228,劍麟,10,0,10,兆豐-竹北,2023-09-11,7007
2460,建通,10,0,10,兆豐-竹北,2023-09-11,7007
2845,遠東銀,10,0,10,兆豐-竹北,2023-09-11,7007
3567,逸昌,13,3,10,兆豐-竹北,2023-09-11,7007
4147,中裕,13,3,10,兆豐-竹北,2023-09-11,7007
5328,華容,10,0,10,兆豐-竹北,2023-09-11,7007
6523,達爾膚,10,0,10,兆豐-竹北,2023-09-11,7007
00753L,中信中國50正2,146,1,145,兆豐-竹北,2023-09-12,7007
1524,耿鼎,111,11,100,兆豐-竹北,2023-09-12,7007
2882A,國泰特,70,0,70,兆豐-竹北,2023-09-12,7007
2891B,中信金乙特,56,0,56,兆豐-竹北,2023-09-12,7007
1409,新纖,45,0,45,兆豐-竹北,2023-09-12,7007
3260,威剛,60,18,42,兆豐-竹北,2023-09-12,7007
00706L,期元大S＆P日圓正2,40,0,40,兆豐-竹北,2023-09-12,7007
2882B,國泰金乙特,37,0,37,兆豐-竹北,2023-09-12,7007
2301,光寶科,54,21,33,兆豐-竹北,2023-09-12,7007
4945,陞達科技,47,16,31,兆豐-竹北,2023-09-12,7007
00929,復華台灣科技優息,50,20,30,兆豐-竹北,2023-09-12,7007
2881B,富邦金乙特,28,0,28,兆豐-竹北,2023-09-12,7007
00923,群益台ESG低碳50,26,0,26,兆豐-竹北,2023-09-12,7007
1605,華新,27,2,25,兆豐-竹北,2023-09-12,7007
2409,友達,32,7,25,兆豐-竹北,2023-09-12,7007
00751B,元大AAA至A公司債,24,0,24,兆豐-竹北,2023-09-12,7007
4915,致伸,35,13,22,兆豐-竹北,2023-09-12,7007
2891C,中信金丙特,21,0,21,兆豐-竹北,2023-09-12,7007
00918,大華優利高填息30,20,0,20,兆豐-竹北,2023-09-12,7007
3583,辛耘,21,2,19,兆豐-竹北,2023-09-12,7007
6125,廣運,22,4,18,兆豐-竹北,2023-09-12,7007
2436,偉詮電,30,12,18,兆豐-竹北,2023-09-12,7007
1802,台玻,17,0,17,兆豐-竹北,2023-09-12,7007
2528,皇普,17,0,17,兆豐-竹北,2023-09-12,7007
3715,定穎投控,30,14,16,兆豐-竹北,2023-09-12,7007
2634,漢翔,18,2,16,兆豐-竹北,2023-09-12,7007
8131,福懋科,16,0,16,兆豐-竹北,2023-09-12,7007
2374,佳能,16,1,15,兆豐-竹北,2023-09-12,7007
2358,廷鑫,14,0,14,兆豐-竹北,2023-09-12,7007
6139,亞翔,14,0,14,兆豐-竹北,2023-09-12,7007
00919,群益台灣精選高息,18,5,13,兆豐-竹北,2023-09-12,7007
00900,富邦特選高股息30,13,0,13,兆豐-竹北,2023-09-12,7007
2891,中信金,13,0,13,兆豐-竹北,2023-09-12,7007
2025,千興,12,0,12,兆豐-竹北,2023-09-12,7007
4906,正文,14,2,12,兆豐-竹北,2023-09-12,7007
8046,南電,13,1,12,兆豐-竹北,2023-09-12,7007
5388,中磊,13,2,11,兆豐-竹北,2023-09-12,7007
1319,東陽,19,9,10,兆豐-竹北,2023-09-12,7007
2460,建通,10,0,10,兆豐-竹北,2023-09-12,7007
2481,強茂,10,0,10,兆豐-竹北,2023-09-12,7007
3596,智易,13,3,10,兆豐-竹北,2023-09-12,7007
4933,友輝,11,1,10,兆豐-竹北,2023-09-12,7007
6168,宏齊,10,0,10,兆豐-竹北,2023-09-12,7007
00772B,中信高評級公司債,9,0,9,兆豐-竹北,2023-09-12,7007
00688L,國泰20年美債正2,9,0,9,兆豐-竹北,2023-09-12,7007
00795B,中信美國公債20年,10,1,9,兆豐-竹北,2023-09-12,7007
6792,詠業,11,2,9,兆豐-竹北,2023-09-12,7007
8033,雷虎,10,1,9,兆豐-竹北,2023-09-12,7007
8222,寶一,13,4,9,兆豐-竹北,2023-09-12,7007
2356,英業達,24,16,8,兆豐-竹北,2023-09-12,7007
00753L,中信中國50正2,76,0,76,兆豐-竹北,2023-09-13,7007
00929,復華台灣科技優息,68,6,62,兆豐-竹北,2023-09-13,7007
2851,中再保,50,0,50,兆豐-竹北,2023-09-13,7007
00878,國泰永續高股息,48,3,45,兆豐-竹北,2023-09-13,7007
2025,千興,43,0,43,兆豐-竹北,2023-09-13,7007
8183,精星,37,1,36,兆豐-竹北,2023-09-13,7007
6274,台燿,59,25,34,兆豐-竹北,2023-09-13,7007
2881B,富邦金乙特,33,0,33,兆豐-竹北,2023-09-13,7007
2891C,中信金丙特,30,0,30,兆豐-竹北,2023-09-13,7007
3338,泰碩,36,7,29,兆豐-竹北,2023-09-13,7007
3715,定穎投控,58,30,28,兆豐-竹北,2023-09-13,7007
1215,卜蜂,26,2,24,兆豐-竹北,2023-09-13,7007
00919,群益台灣精選高息,23,0,23,兆豐-竹北,2023-09-13,7007
1522,堤維西,52,30,22,兆豐-竹北,2023-09-13,7007
3163,波若威,33,11,22,兆豐-竹北,2023-09-13,7007
4945,陞達科技,31,10,21,兆豐-竹北,2023-09-13,7007
2882A,國泰特,20,0,20,兆豐-竹北,2023-09-13,7007
2882B,國泰金乙特,17,0,17,兆豐-竹北,2023-09-13,7007
2402,毅嘉,22,6,16,兆豐-竹北,2023-09-13,7007
2615,萬海,15,0,15,兆豐-竹北,2023-09-13,7007
3043,科風,13,0,13,兆豐-竹北,2023-09-13,7007
3294,英濟,13,0,13,兆豐-竹北,2023-09-13,7007
2105,正新,14,1,13,兆豐-竹北,2023-09-13,7007
00764B,群益25年美債,12,0,12,兆豐-竹北,2023-09-13,7007
1568,倉佑,18,6,12,兆豐-竹北,2023-09-13,7007
3704,合勤控,22,10,12,兆豐-竹北,2023-09-13,7007
6796,晉弘,12,0,12,兆豐-竹北,2023-09-13,7007
2352,佳世達,16,4,12,兆豐-竹北,2023-09-13,7007
2883,凱基金,11,0,11,兆豐-竹北,2023-09-13,7007
2332,友訊,11,0,11,兆豐-竹北,2023-09-13,7007
00673R,期元大S＆P原油反1,11,0,11,兆豐-竹北,2023-09-13,7007
00907,永豐優息存股,10,0,10,兆豐-竹北,2023-09-13,7007
00665L,富邦�琤肭磪囓�2,10,0,10,兆豐-竹北,2023-09-13,7007
2515,中工,10,0,10,兆豐-竹北,2023-09-13,7007
2888,新光金,10,0,10,兆豐-竹北,2023-09-13,7007
3062,建漢,10,0,10,兆豐-竹北,2023-09-13,7007
5009,榮剛,10,0,10,兆豐-竹北,2023-09-13,7007
6770,力積電,10,0,10,兆豐-竹北,2023-09-13,7007
9930,中聯資源,10,0,10,兆豐-竹北,2023-09-13,7007
3035,智原,22,12,10,兆豐-竹北,2023-09-13,7007
2388,威盛,13,4,9,兆豐-竹北,2023-09-13,7007
2603,長榮,10,1,9,兆豐-竹北,2023-09-13,7007
2449,京元電子,9,1,8,兆豐-竹北,2023-09-13,7007
1310,台苯,12,4,8,兆豐-竹北,2023-09-13,7007
1802,台玻,10,2,8,兆豐-竹北,2023-09-13,7007
2340,台亞,9,1,8,兆豐-竹北,2023-09-13,7007
2634,漢翔,16,8,8,兆豐-竹北,2023-09-13,7007
3531,先益,8,0,8,兆豐-竹北,2023-09-13,7007
00712,復華富時不動產,9,2,7,兆豐-竹北,2023-09-13,7007
1809,中釉,7,0,7,兆豐-竹北,2023-09-13,7007
00919,群益台灣精選高息,574,11,563,兆豐-竹北,2023-09-14,7007
2371,大同,212,7,205,兆豐-竹北,2023-09-14,7007
1568,倉佑,123,22,101,兆豐-竹北,2023-09-14,7007
4906,正文,105,6,99,兆豐-竹北,2023-09-14,7007
00753L,中信中國50正2,86,0,86,兆豐-竹北,2023-09-14,7007
2881B,富邦金乙特,84,0,84,兆豐-竹北,2023-09-14,7007
2882B,國泰金乙特,75,0,75,兆豐-竹北,2023-09-14,7007
00929,復華台灣科技優息,87,16,71,兆豐-竹北,2023-09-14,7007
2882A,國泰特,34,0,34,兆豐-竹北,2023-09-14,7007
2464,盟立,30,7,23,兆豐-竹北,2023-09-14,7007
00918,大華優利高填息30,22,0,22,兆豐-竹北,2023-09-14,7007
2605,新興,23,2,21,兆豐-竹北,2023-09-14,7007
6015,宏遠證,20,0,20,兆豐-竹北,2023-09-14,7007
6274,台燿,72,53,19,兆豐-竹北,2023-09-14,7007
2409,友達,21,3,18,兆豐-竹北,2023-09-14,7007
00782B,國泰A級公用債,15,0,15,兆豐-竹北,2023-09-14,7007
00882,中信中國高股息,14,0,14,兆豐-竹北,2023-09-14,7007
2402,毅嘉,18,4,14,兆豐-竹北,2023-09-14,7007
6282,康舒,16,3,13,兆豐-竹北,2023-09-14,7007
2913,農林,13,0,13,兆豐-竹北,2023-09-14,7007
6285,啟��,28,15,13,兆豐-竹北,2023-09-14,7007
5284,jpp-KY,15,4,11,兆豐-竹北,2023-09-14,7007
5607,遠雄港,12,1,11,兆豐-竹北,2023-09-14,7007
00665L,富邦�琤肭磪囓�2,10,0,10,兆豐-竹北,2023-09-14,7007
1338,廣華-KY,10,0,10,兆豐-竹北,2023-09-14,7007
2405,輔信,26,16,10,兆豐-竹北,2023-09-14,7007
5864,致和證,10,0,10,兆豐-竹北,2023-09-14,7007
6189,豐藝,10,0,10,兆豐-竹北,2023-09-14,7007
8261,富鼎,10,0,10,兆豐-竹北,2023-09-14,7007
3533,嘉澤,10,1,9,兆豐-竹北,2023-09-14,7007
1591,駿吉-KY,9,0,9,兆豐-竹北,2023-09-14,7007
3704,合勤控,26,17,9,兆豐-竹北,2023-09-14,7007
3035,智原,37,29,8,兆豐-竹北,2023-09-14,7007
00679B,元大美債20年,8,0,8,兆豐-竹北,2023-09-14,7007
2891C,中信金丙特,8,0,8,兆豐-竹北,2023-09-14,7007
4564,元翎,8,0,8,兆豐-竹北,2023-09-14,7007
5222,全訊,8,0,8,兆豐-竹北,2023-09-14,7007
2634,漢翔,17,10,7,兆豐-竹北,2023-09-14,7007
8033,雷虎,8,1,7,兆豐-竹北,2023-09-14,7007
9939,宏全,9,2,7,兆豐-竹北,2023-09-14,7007
3034,聯詠,23,16,7,兆豐-竹北,2023-09-14,7007
00633L,富邦上証正2,10,4,6,兆豐-竹北,2023-09-14,7007
8068,全達,7,1,6,兆豐-竹北,2023-09-14,7007
8071,能率網通,6,0,6,兆豐-竹北,2023-09-14,7007
2368,金像電,7,1,6,兆豐-竹北,2023-09-14,7007
2887,台新金,7,1,6,兆豐-竹北,2023-09-14,7007
2801,彰銀,6,0,6,兆豐-竹北,2023-09-14,7007
2301,光寶科,67,61,6,兆豐-竹北,2023-09-14,7007
00931B,統一美債20年,5,0,5,兆豐-竹北,2023-09-14,7007
1799,易威,5,0,5,兆豐-竹北,2023-09-14,7007
00929,復華台灣科技優息,261,95,166,兆豐-竹北,2023-09-15,7007
00919,群益台灣精選高息,166,15,151,兆豐-竹北,2023-09-15,7007
2399,映泰,104,4,100,兆豐-竹北,2023-09-15,7007
00671R,富邦NASDAQ反1,80,0,80,兆豐-竹北,2023-09-15,7007
2881B,富邦金乙特,75,0,75,兆豐-竹北,2023-09-15,7007
4906,正文,68,3,65,兆豐-竹北,2023-09-15,7007
3062,建漢,65,0,65,兆豐-竹北,2023-09-15,7007
2637,慧洋-KY,57,0,57,兆豐-竹北,2023-09-15,7007
1313,聯成,55,0,55,兆豐-竹北,2023-09-15,7007
00706L,期元大S＆P日圓正2,50,0,50,兆豐-竹北,2023-09-15,7007
3704,合勤控,57,14,43,兆豐-竹北,2023-09-15,7007
00931B,統一美債20年,41,0,41,兆豐-竹北,2023-09-15,7007
6257,矽格,54,16,38,兆豐-竹北,2023-09-15,7007
00688L,國泰20年美債正2,36,0,36,兆豐-竹北,2023-09-15,7007
2882A,國泰特,35,0,35,兆豐-竹北,2023-09-15,7007
2486,一詮,63,32,31,兆豐-竹北,2023-09-15,7007
4973,廣穎,30,0,30,兆豐-竹北,2023-09-15,7007
8271,宇瞻,30,0,30,兆豐-竹北,2023-09-15,7007
8048,德勝,32,3,29,兆豐-竹北,2023-09-15,7007
1409,新纖,27,0,27,兆豐-竹北,2023-09-15,7007
2388,威盛,116,92,24,兆豐-竹北,2023-09-15,7007
2892,第一金,23,0,23,兆豐-竹北,2023-09-15,7007
1101,台泥,21,0,21,兆豐-竹北,2023-09-15,7007
2880,華南金,21,0,21,兆豐-竹北,2023-09-15,7007
00857B,永豐20年美公債,19,0,19,兆豐-竹北,2023-09-15,7007
2891C,中信金丙特,18,0,18,兆豐-竹北,2023-09-15,7007
00679B,元大美債20年,21,5,16,兆豐-竹北,2023-09-15,7007
2887,台新金,16,1,15,兆豐-竹北,2023-09-15,7007
00918,大華優利高填息30,14,0,14,兆豐-竹北,2023-09-15,7007
00680L,元大美債20正2,13,0,13,兆豐-竹北,2023-09-15,7007
6282,康舒,28,15,13,兆豐-竹北,2023-09-15,7007
1319,東陽,17,5,12,兆豐-竹北,2023-09-15,7007
00915,凱基優選高股息30,12,0,12,兆豐-竹北,2023-09-15,7007
2882B,國泰金乙特,12,0,12,兆豐-竹北,2023-09-15,7007
1524,耿鼎,16,5,11,兆豐-竹北,2023-09-15,7007
2337,旺宏,18,7,11,兆豐-竹北,2023-09-15,7007
4564,元翎,11,0,11,兆豐-竹北,2023-09-15,7007
00927,群益半導體收益,10,0,10,兆豐-竹北,2023-09-15,7007
00923,群益台ESG低碳50,10,0,10,兆豐-竹北,2023-09-15,7007
2025,千興,12,2,10,兆豐-竹北,2023-09-15,7007
2630,亞航,16,6,10,兆豐-竹北,2023-09-15,7007
3419,譁裕,10,0,10,兆豐-竹北,2023-09-15,7007
6753,龍德造船,10,0,10,兆豐-竹北,2023-09-15,7007
8215,明基材,10,0,10,兆豐-竹北,2023-09-15,7007
2329,華泰,23,13,10,兆豐-竹北,2023-09-15,7007
3035,智原,40,31,9,兆豐-竹北,2023-09-15,7007
2405,輔信,36,27,9,兆豐-竹北,2023-09-15,7007
2610,華航,10,1,9,兆豐-竹北,2023-09-15,7007
3081,聯亞,32,24,8,兆豐-竹北,2023-09-15,7007
3213,茂訊,8,0,8,兆豐-竹北,2023-09-15,7007
00929,復華台灣科技優息,219,25,194,兆豐-竹北,2023-09-18,7007
00637L,元大滬深300正2,180,1,179,兆豐-竹北,2023-09-18,7007
00753L,中信中國50正2,117,0,117,兆豐-竹北,2023-09-18,7007
00919,群益台灣精選高息,128,20,108,兆豐-竹北,2023-09-18,7007
2882A,國泰特,58,0,58,兆豐-竹北,2023-09-18,7007
2641,正德,49,0,49,兆豐-竹北,2023-09-18,7007
00673R,期元大S＆P原油反1,66,20,46,兆豐-竹北,2023-09-18,7007
2881B,富邦金乙特,45,0,45,兆豐-竹北,2023-09-18,7007
6116,彩晶,42,0,42,兆豐-竹北,2023-09-18,7007
00751B,元大AAA至A公司債,33,0,33,兆豐-竹北,2023-09-18,7007
00632R,元大台灣50反1,35,2,33,兆豐-竹北,2023-09-18,7007
2323,中環,32,0,32,兆豐-竹北,2023-09-18,7007
3711,日月光投控,33,2,31,兆豐-竹北,2023-09-18,7007
2436,偉詮電,93,63,30,兆豐-竹北,2023-09-18,7007
2330,台積電,31,3,28,兆豐-竹北,2023-09-18,7007
2402,毅嘉,26,0,26,兆豐-竹北,2023-09-18,7007
00772B,中信高評級公司債,24,0,24,兆豐-竹北,2023-09-18,7007
9930,中聯資源,23,0,23,兆豐-竹北,2023-09-18,7007
00782B,國泰A級公用債,20,0,20,兆豐-竹北,2023-09-18,7007
00679B,元大美債20年,20,0,20,兆豐-竹北,2023-09-18,7007
00665L,富邦�琤肭磪囓�2,19,0,19,兆豐-竹北,2023-09-18,7007
2882B,國泰金乙特,19,0,19,兆豐-竹北,2023-09-18,7007
2388,威盛,40,21,19,兆豐-竹北,2023-09-18,7007
2891C,中信金丙特,17,0,17,兆豐-竹北,2023-09-18,7007
00882,中信中國高股息,16,0,16,兆豐-竹北,2023-09-18,7007
00931B,統一美債20年,16,0,16,兆豐-竹北,2023-09-18,7007
2363,矽統,44,28,16,兆豐-竹北,2023-09-18,7007
2301,光寶科,107,91,16,兆豐-竹北,2023-09-18,7007
3062,建漢,15,0,15,兆豐-竹北,2023-09-18,7007
2382,廣達,26,11,15,兆豐-竹北,2023-09-18,7007
8358,金居,14,0,14,兆豐-竹北,2023-09-18,7007
1471,首利,17,4,13,兆豐-竹北,2023-09-18,7007
1568,倉佑,14,1,13,兆豐-竹北,2023-09-18,7007
2354,鴻準,13,0,13,兆豐-竹北,2023-09-18,7007
00631L,元大台灣50正2,12,0,12,兆豐-竹北,2023-09-18,7007
3617,碩天,13,1,12,兆豐-竹北,2023-09-18,7007
6796,晉弘,12,0,12,兆豐-竹北,2023-09-18,7007
6451,訊芯-KY,21,10,11,兆豐-竹北,2023-09-18,7007
3260,威剛,11,0,11,兆豐-竹北,2023-09-18,7007
2379,瑞昱,12,1,11,兆豐-竹北,2023-09-18,7007
6213,聯茂,11,1,10,兆豐-竹北,2023-09-18,7007
2515,中工,10,0,10,兆豐-竹北,2023-09-18,7007
3419,譁裕,10,0,10,兆豐-竹北,2023-09-18,7007
5371,中光電,12,2,10,兆豐-竹北,2023-09-18,7007
00915,凱基優選高股息30,14,5,9,兆豐-竹北,2023-09-18,7007
2449,京元電子,11,2,9,兆豐-竹北,2023-09-18,7007
2481,強茂,10,1,9,兆豐-竹北,2023-09-18,7007
3044,健鼎,9,0,9,兆豐-竹北,2023-09-18,7007
00720B,元大投資級公司債,8,0,8,兆豐-竹北,2023-09-18,7007
00773B,中信優先金融債,8,0,8,兆豐-竹北,2023-09-18,7007
2882A,國泰特,266,0,266,兆豐-竹北,2023-09-19,7007
00929,復華台灣科技優息,183,51,132,兆豐-竹北,2023-09-19,7007
2882B,國泰金乙特,111,0,111,兆豐-竹北,2023-09-19,7007
2881B,富邦金乙特,84,0,84,兆豐-竹北,2023-09-19,7007
00931B,統一美債20年,75,10,65,兆豐-竹北,2023-09-19,7007
00753L,中信中國50正2,64,0,64,兆豐-竹北,2023-09-19,7007
00673R,期元大S＆P原油反1,70,8,62,兆豐-竹北,2023-09-19,7007
6257,矽格,51,0,51,兆豐-竹北,2023-09-19,7007
3338,泰碩,40,1,39,兆豐-竹北,2023-09-19,7007
3062,建漢,38,0,38,兆豐-竹北,2023-09-19,7007
1522,堤維西,55,21,34,兆豐-竹北,2023-09-19,7007
6274,台燿,65,32,33,兆豐-竹北,2023-09-19,7007
2891C,中信金丙特,30,0,30,兆豐-竹北,2023-09-19,7007
6743,安普新,30,0,30,兆豐-竹北,2023-09-19,7007
00919,群益台灣精選高息,55,30,25,兆豐-竹北,2023-09-19,7007
2376,技嘉,24,2,22,兆豐-竹北,2023-09-19,7007
3260,威剛,22,1,21,兆豐-竹北,2023-09-19,7007
2356,英業達,33,13,20,兆豐-竹北,2023-09-19,7007
6901,鑽石投資,24,4,20,兆豐-竹北,2023-09-19,7007
1783,和康生,20,0,20,兆豐-竹北,2023-09-19,7007
00665L,富邦�琤肭磪囓�2,29,10,19,兆豐-竹北,2023-09-19,7007
2436,偉詮電,19,1,18,兆豐-竹北,2023-09-19,7007
00878,國泰永續高股息,27,11,16,兆豐-竹北,2023-09-19,7007
8358,金居,16,0,16,兆豐-竹北,2023-09-19,7007
2301,光寶科,95,79,16,兆豐-竹北,2023-09-19,7007
2355,敬鵬,16,1,15,兆豐-竹北,2023-09-19,7007
2313,華通,63,50,13,兆豐-竹北,2023-09-19,7007
2388,威盛,39,27,12,兆豐-竹北,2023-09-19,7007
3034,聯詠,16,5,11,兆豐-竹北,2023-09-19,7007
2402,毅嘉,12,1,11,兆豐-竹北,2023-09-19,7007
00932,兆豐永續高息等權,11,0,11,兆豐-竹北,2023-09-19,7007
2425,承啟,12,1,11,兆豐-竹北,2023-09-19,7007
4114,健喬,11,0,11,兆豐-竹北,2023-09-19,7007
2886,兆豐金,17,6,11,兆豐-竹北,2023-09-19,7007
3046,建��,10,0,10,兆豐-竹北,2023-09-19,7007
2359,所羅門,11,1,10,兆豐-竹北,2023-09-19,7007
00900,富邦特選高股息30,10,0,10,兆豐-竹北,2023-09-19,7007
3276,宇環,10,0,10,兆豐-竹北,2023-09-19,7007
9938,百和,12,2,10,兆豐-竹北,2023-09-19,7007
2330,台積電,11,1,10,兆豐-竹北,2023-09-19,7007
8054,安國,9,0,9,兆豐-竹北,2023-09-19,7007
1210,大成,7,0,7,兆豐-竹北,2023-09-19,7007
2606,裕民,7,0,7,兆豐-竹北,2023-09-19,7007
2887,台新金,7,0,7,兆豐-竹北,2023-09-19,7007
3264,欣銓,10,3,7,兆豐-竹北,2023-09-19,7007
3481,群創,7,0,7,兆豐-竹北,2023-09-19,7007
2486,一詮,22,16,6,兆豐-竹北,2023-09-19,7007
00636,國泰中國A50,6,0,6,兆豐-竹北,2023-09-19,7007
1815,富喬,7,1,6,兆豐-竹北,2023-09-19,7007
3042,晶技,7,1,6,兆豐-竹北,2023-09-19,7007
00929,復華台灣科技優息,255,26,229,兆豐-竹北,2023-09-20,7007
2881B,富邦金乙特,135,0,135,兆豐-竹北,2023-09-20,7007
00919,群益台灣精選高息,126,5,121,兆豐-竹北,2023-09-20,7007
2913,農林,100,0,100,兆豐-竹北,2023-09-20,7007
2332,友訊,94,0,94,兆豐-竹北,2023-09-20,7007
00671R,富邦NASDAQ反1,70,0,70,兆豐-竹北,2023-09-20,7007
8028,昇陽半導體,70,0,70,兆豐-竹北,2023-09-20,7007
00753L,中信中國50正2,57,0,57,兆豐-竹北,2023-09-20,7007
2367,燿華,93,45,48,兆豐-竹北,2023-09-20,7007
2882A,國泰特,40,0,40,兆豐-竹北,2023-09-20,7007
00931B,統一美債20年,37,0,37,兆豐-竹北,2023-09-20,7007
2882B,國泰金乙特,36,0,36,兆豐-竹北,2023-09-20,7007
3715,定穎投控,79,46,33,兆豐-竹北,2023-09-20,7007
2363,矽統,42,10,32,兆豐-竹北,2023-09-20,7007
2891C,中信金丙特,32,0,32,兆豐-竹北,2023-09-20,7007
1795,美時,31,0,31,兆豐-竹北,2023-09-20,7007
3265,台星科,31,4,27,兆豐-竹北,2023-09-20,7007
00679B,元大美債20年,23,0,23,兆豐-竹北,2023-09-20,7007
2301,光寶科,105,82,23,兆豐-竹北,2023-09-20,7007
3338,泰碩,25,2,23,兆豐-竹北,2023-09-20,7007
1101,台泥,22,1,21,兆豐-竹北,2023-09-20,7007
1515,力山,22,2,20,兆豐-竹北,2023-09-20,7007
6213,聯茂,20,0,20,兆豐-竹北,2023-09-20,7007
2615,萬海,22,3,19,兆豐-竹北,2023-09-20,7007
3339,泰谷,17,0,17,兆豐-竹北,2023-09-20,7007
00878,國泰永續高股息,37,22,15,兆豐-竹北,2023-09-20,7007
00720B,元大投資級公司債,15,0,15,兆豐-竹北,2023-09-20,7007
8112,至上,17,3,14,兆豐-竹北,2023-09-20,7007
2885,元大金,14,0,14,兆豐-竹北,2023-09-20,7007
3013,晟銘電,16,3,13,兆豐-竹北,2023-09-20,7007
2376,技嘉,35,23,12,兆豐-竹北,2023-09-20,7007
2449,京元電子,16,4,12,兆豐-竹北,2023-09-20,7007
2338,光罩,12,0,12,兆豐-竹北,2023-09-20,7007
4564,元翎,12,0,12,兆豐-竹北,2023-09-20,7007
4906,正文,24,12,12,兆豐-竹北,2023-09-20,7007
00688L,國泰20年美債正2,11,0,11,兆豐-竹北,2023-09-20,7007
2481,強茂,11,0,11,兆豐-竹北,2023-09-20,7007
2618,長榮航,12,2,10,兆豐-竹北,2023-09-20,7007
3037,欣興,10,0,10,兆豐-竹北,2023-09-20,7007
2330,台積電,14,4,10,兆豐-竹北,2023-09-20,7007
00680L,元大美債20正2,10,0,10,兆豐-竹北,2023-09-20,7007
1314,中石化,10,0,10,兆豐-竹北,2023-09-20,7007
1783,和康生,10,0,10,兆豐-竹北,2023-09-20,7007
2617,台航,11,1,10,兆豐-竹北,2023-09-20,7007
2641,正德,12,2,10,兆豐-竹北,2023-09-20,7007
4945,陞達科技,10,0,10,兆豐-竹北,2023-09-20,7007
4960,誠美材,10,0,10,兆豐-竹北,2023-09-20,7007
8054,安國,11,1,10,兆豐-竹北,2023-09-20,7007
4915,致伸,22,13,9,兆豐-竹北,2023-09-20,7007
1802,台玻,13,5,8,兆豐-竹北,2023-09-20,7007
00753L,中信中國50正2,191,1,190,兆豐-竹北,2023-09-21,7007
2881B,富邦金乙特,165,0,165,兆豐-竹北,2023-09-21,7007
2888,新光金,152,3,149,兆豐-竹北,2023-09-21,7007
9103,美德醫療-DR,100,0,100,兆豐-竹北,2023-09-21,7007
2882B,國泰金乙特,89,0,89,兆豐-竹北,2023-09-21,7007
00878,國泰永續高股息,83,16,67,兆豐-竹北,2023-09-21,7007
2882A,國泰特,63,0,63,兆豐-竹北,2023-09-21,7007
2891,中信金,41,0,41,兆豐-竹北,2023-09-21,7007
5880,合庫金,40,0,40,兆豐-竹北,2023-09-21,7007
00919,群益台灣精選高息,86,47,39,兆豐-竹北,2023-09-21,7007
5009,榮剛,36,0,36,兆豐-竹北,2023-09-21,7007
2882,國泰金,35,0,35,兆豐-竹北,2023-09-21,7007
5871A,中租-KY甲特,34,0,34,兆豐-竹北,2023-09-21,7007
00932,兆豐永續高息等權,33,0,33,兆豐-竹北,2023-09-21,7007
8028,昇陽半導體,33,0,33,兆豐-竹北,2023-09-21,7007
6168,宏齊,31,0,31,兆豐-竹北,2023-09-21,7007
0056,元大高股息,34,3,31,兆豐-竹北,2023-09-21,7007
6122,擎邦,29,0,29,兆豐-竹北,2023-09-21,7007
1101,台泥,28,0,28,兆豐-竹北,2023-09-21,7007
00665L,富邦�琤肭磪囓�2,33,5,28,兆豐-竹北,2023-09-21,7007
2851,中再保,30,2,28,兆豐-竹北,2023-09-21,7007
00929,復華台灣科技優息,246,218,28,兆豐-竹北,2023-09-21,7007
00680L,元大美債20正2,25,0,25,兆豐-竹北,2023-09-21,7007
2449,京元電子,32,8,24,兆豐-竹北,2023-09-21,7007
2880,華南金,23,0,23,兆豐-竹北,2023-09-21,7007
1810,和成,20,0,20,兆豐-竹北,2023-09-21,7007
2615,萬海,20,0,20,兆豐-竹北,2023-09-21,7007
3062,建漢,20,0,20,兆豐-竹北,2023-09-21,7007
6142,友勁,20,0,20,兆豐-竹北,2023-09-21,7007
00679B,元大美債20年,17,0,17,兆豐-竹北,2023-09-21,7007
00931B,統一美債20年,17,0,17,兆豐-竹北,2023-09-21,7007
00900,富邦特選高股息30,17,1,16,兆豐-竹北,2023-09-21,7007
8027,鈦昇,16,0,16,兆豐-竹北,2023-09-21,7007
2612,中航,28,13,15,兆豐-竹北,2023-09-21,7007
4207,環泰,15,0,15,兆豐-竹北,2023-09-21,7007
2330,台積電,18,3,15,兆豐-竹北,2023-09-21,7007
00713,元大台灣高息低波,14,0,14,兆豐-竹北,2023-09-21,7007
2618,長榮航,147,133,14,兆豐-竹北,2023-09-21,7007
6285,啟��,24,11,13,兆豐-竹北,2023-09-21,7007
3631,晟楠,13,0,13,兆豐-竹北,2023-09-21,7007
00850,元大臺灣ESG永續,12,0,12,兆豐-竹北,2023-09-21,7007
1783,和康生,12,0,12,兆豐-竹北,2023-09-21,7007
3011,今皓,12,0,12,兆豐-竹北,2023-09-21,7007
4532,瑞智,12,0,12,兆豐-竹北,2023-09-21,7007
2883,凱基金,11,0,11,兆豐-竹北,2023-09-21,7007
2363,矽統,27,16,11,兆豐-竹北,2023-09-21,7007
2845,遠東銀,10,0,10,兆豐-竹北,2023-09-21,7007
3545,敦泰,10,0,10,兆豐-竹北,2023-09-21,7007
3711,日月光投控,10,0,10,兆豐-竹北,2023-09-21,7007
4960,誠美材,10,0,10,兆豐-竹北,2023-09-21,7007
00637L,元大滬深300正2,201,0,201,兆豐-竹北,2023-09-22,7007
00679B,元大美債20年,172,2,170,兆豐-竹北,2023-09-22,7007
2882B,國泰金乙特,148,0,148,兆豐-竹北,2023-09-22,7007
2891B,中信金乙特,146,0,146,兆豐-竹北,2023-09-22,7007
00931B,統一美債20年,117,3,114,兆豐-竹北,2023-09-22,7007
2881B,富邦金乙特,100,0,100,兆豐-竹北,2023-09-22,7007
2363,矽統,105,40,65,兆豐-竹北,2023-09-22,7007
2882A,國泰特,60,0,60,兆豐-竹北,2023-09-22,7007
2367,燿華,57,2,55,兆豐-竹北,2023-09-22,7007
6244,茂迪,50,1,49,兆豐-竹北,2023-09-22,7007
00919,群益台灣精選高息,47,0,47,兆豐-竹北,2023-09-22,7007
00772B,中信高評級公司債,33,0,33,兆豐-竹北,2023-09-22,7007
00688L,國泰20年美債正2,32,0,32,兆豐-竹北,2023-09-22,7007
2891,中信金,31,0,31,兆豐-竹北,2023-09-22,7007
5871A,中租-KY甲特,30,0,30,兆豐-竹北,2023-09-22,7007
00715L,期街口布蘭特正2,27,0,27,兆豐-竹北,2023-09-22,7007
00782B,國泰A級公用債,25,0,25,兆豐-竹北,2023-09-22,7007
00673R,期元大S＆P原油反1,24,0,24,兆豐-竹北,2023-09-22,7007
6275,元山,22,0,22,兆豐-竹北,2023-09-22,7007
1584,精剛,46,25,21,兆豐-竹北,2023-09-22,7007
2330,台積電,22,3,19,兆豐-竹北,2023-09-22,7007
2618,長榮航,90,72,18,兆豐-竹北,2023-09-22,7007
2883,凱基金,17,0,17,兆豐-竹北,2023-09-22,7007
00720B,元大投資級公司債,16,0,16,兆豐-竹北,2023-09-22,7007
00665L,富邦�琤肭磪囓�2,16,0,16,兆豐-竹北,2023-09-22,7007
2402,毅嘉,20,5,15,兆豐-竹北,2023-09-22,7007
00891,中信關鍵半導體,13,0,13,兆豐-竹北,2023-09-22,7007
3706,神達,24,11,13,兆豐-竹北,2023-09-22,7007
00881,國泰台灣5G+,14,2,12,兆豐-竹北,2023-09-22,7007
2882,國泰金,12,0,12,兆豐-竹北,2023-09-22,7007
2303,聯電,13,1,12,兆豐-竹北,2023-09-22,7007
3338,泰碩,22,10,12,兆豐-竹北,2023-09-22,7007
00751B,元大AAA至A公司債,11,0,11,兆豐-竹北,2023-09-22,7007
00725B,國泰投資級公司債,10,0,10,兆豐-竹北,2023-09-22,7007
2481,強茂,10,0,10,兆豐-竹北,2023-09-22,7007
2905,三商,10,0,10,兆豐-竹北,2023-09-22,7007
1504,東元,12,2,10,兆豐-竹北,2023-09-22,7007
5371,中光電,9,0,9,兆豐-竹北,2023-09-22,7007
00687B,國泰20年美債,10,1,9,兆豐-竹北,2023-09-22,7007
00932,兆豐永續高息等權,8,0,8,兆豐-竹北,2023-09-22,7007
2486,一詮,10,2,8,兆豐-竹北,2023-09-22,7007
1101,台泥,8,0,8,兆豐-竹北,2023-09-22,7007
00712,復華富時不動產,13,6,7,兆豐-竹北,2023-09-22,7007
2332,友訊,7,0,7,兆豐-竹北,2023-09-22,7007
2468,華經,27,20,7,兆豐-竹北,2023-09-22,7007
6153,嘉聯益,7,0,7,兆豐-竹北,2023-09-22,7007
2888,新光金,6,0,6,兆豐-竹北,2023-09-22,7007
2331,精英,8,2,6,兆豐-竹北,2023-09-22,7007
3035,智原,23,17,6,兆豐-竹北,2023-09-22,7007
1809,中釉,9,3,6,兆豐-竹北,2023-09-22,7007
2882B,國泰金乙特,145,0,145,兆豐-竹北,2023-09-25,7007
00919,群益台灣精選高息,107,10,97,兆豐-竹北,2023-09-25,7007
00929,復華台灣科技優息,94,18,76,兆豐-竹北,2023-09-25,7007
3062,建漢,71,1,70,兆豐-竹北,2023-09-25,7007
2367,燿華,65,2,63,兆豐-竹北,2023-09-25,7007
00679B,元大美債20年,60,0,60,兆豐-竹北,2023-09-25,7007
2881B,富邦金乙特,55,0,55,兆豐-竹北,2023-09-25,7007
1314,中石化,51,0,51,兆豐-竹北,2023-09-25,7007
2641,正德,42,0,42,兆豐-竹北,2023-09-25,7007
5871A,中租-KY甲特,30,0,30,兆豐-竹北,2023-09-25,7007
2615,萬海,30,2,28,兆豐-竹北,2023-09-25,7007
3583,辛耘,28,1,27,兆豐-竹北,2023-09-25,7007
1101,台泥,23,1,22,兆豐-竹北,2023-09-25,7007
2352,佳世達,20,0,20,兆豐-竹北,2023-09-25,7007
2882A,國泰特,19,0,19,兆豐-竹北,2023-09-25,7007
8048,德勝,18,0,18,兆豐-竹北,2023-09-25,7007
8215,明基材,17,0,17,兆豐-竹北,2023-09-25,7007
2610,華航,21,5,16,兆豐-竹北,2023-09-25,7007
3706,神達,20,5,15,兆豐-竹北,2023-09-25,7007
3363,上詮,34,21,13,兆豐-竹北,2023-09-25,7007
00680L,元大美債20正2,12,0,12,兆豐-竹北,2023-09-25,7007
2618,長榮航,144,133,11,兆豐-竹北,2023-09-25,7007
2882,國泰金,11,0,11,兆豐-竹北,2023-09-25,7007
2634,漢翔,17,6,11,兆豐-竹北,2023-09-25,7007
1609,大亞,13,2,11,兆豐-竹北,2023-09-25,7007
00665L,富邦�琤肭磪囓�2,10,0,10,兆豐-竹北,2023-09-25,7007
2891,中信金,10,0,10,兆豐-竹北,2023-09-25,7007
4938,和碩,10,0,10,兆豐-竹北,2023-09-25,7007
00923,群益台ESG低碳50,19,10,9,兆豐-竹北,2023-09-25,7007
00878,國泰永續高股息,20,12,8,兆豐-竹北,2023-09-25,7007
00688L,國泰20年美債正2,10,2,8,兆豐-竹北,2023-09-25,7007
1515,力山,8,0,8,兆豐-竹北,2023-09-25,7007
2329,華泰,8,0,8,兆豐-竹北,2023-09-25,7007
5381,合正,9,1,8,兆豐-竹北,2023-09-25,7007
6283,淳安,8,0,8,兆豐-竹北,2023-09-25,7007
8112,至上,11,4,7,兆豐-竹北,2023-09-25,7007
00712,復華富時不動產,12,6,6,兆豐-竹北,2023-09-25,7007
1471,首利,8,2,6,兆豐-竹北,2023-09-25,7007
2368,金像電,13,7,6,兆豐-竹北,2023-09-25,7007
2845,遠東銀,6,0,6,兆豐-竹北,2023-09-25,7007
3051,力特,19,13,6,兆豐-竹北,2023-09-25,7007
8358,金居,7,1,6,兆豐-竹北,2023-09-25,7007
1504,東元,7,1,6,兆豐-竹北,2023-09-25,7007
00924,復華S＆P500成長,5,0,5,兆豐-竹北,2023-09-25,7007
2382,廣達,16,11,5,兆豐-竹北,2023-09-25,7007
00931B,統一美債20年,5,0,5,兆豐-竹北,2023-09-25,7007
00882,中信中國高股息,10,5,5,兆豐-竹北,2023-09-25,7007
1227,佳格,5,0,5,兆豐-竹北,2023-09-25,7007
1313,聯成,5,0,5,兆豐-竹北,2023-09-25,7007
1342,八貫,5,0,5,兆豐-竹北,2023-09-25,7007
00753L,中信中國50正2,136,0,136,兆豐-竹北,2023-09-26,7007
00671R,富邦NASDAQ反1,120,0,120,兆豐-竹北,2023-09-26,7007
3062,建漢,111,0,111,兆豐-竹北,2023-09-26,7007
00929,復華台灣科技優息,88,34,54,兆豐-竹北,2023-09-26,7007
00931B,統一美債20年,51,0,51,兆豐-竹北,2023-09-26,7007
2408,南亞科,50,0,50,兆豐-竹北,2023-09-26,7007
2426,鼎元,41,1,40,兆豐-竹北,2023-09-26,7007
00679B,元大美債20年,37,0,37,兆豐-竹北,2023-09-26,7007
3715,定穎投控,67,32,35,兆豐-竹北,2023-09-26,7007
1584,精剛,33,2,31,兆豐-竹北,2023-09-26,7007
00919,群益台灣精選高息,28,0,28,兆豐-竹北,2023-09-26,7007
00720B,元大投資級公司債,24,0,24,兆豐-竹北,2023-09-26,7007
00712,復華富時不動產,23,0,23,兆豐-竹北,2023-09-26,7007
3356,奇偶,23,0,23,兆豐-竹北,2023-09-26,7007
3231,緯創,36,14,22,兆豐-竹北,2023-09-26,7007
1442,名軒,20,0,20,兆豐-竹北,2023-09-26,7007
9927,泰銘,20,1,19,兆豐-竹北,2023-09-26,7007
2301,光寶科,50,32,18,兆豐-竹北,2023-09-26,7007
00878,國泰永續高股息,23,5,18,兆豐-竹北,2023-09-26,7007
1783,和康生,15,0,15,兆豐-竹北,2023-09-26,7007
2880,華南金,14,0,14,兆豐-竹北,2023-09-26,7007
2634,漢翔,17,4,13,兆豐-竹北,2023-09-26,7007
00888,永豐台灣ESG,12,0,12,兆豐-竹北,2023-09-26,7007
2330,台積電,13,1,12,兆豐-竹北,2023-09-26,7007
00751B,元大AAA至A公司債,11,0,11,兆豐-竹北,2023-09-26,7007
2377,微星,12,1,11,兆豐-竹北,2023-09-26,7007
2618,長榮航,142,131,11,兆豐-竹北,2023-09-26,7007
1504,東元,20,9,11,兆豐-竹北,2023-09-26,7007
00665L,富邦�琤肭磪囓�2,10,0,10,兆豐-竹北,2023-09-26,7007
00725B,國泰投資級公司債,10,0,10,兆豐-竹北,2023-09-26,7007
00782B,國泰A級公用債,10,0,10,兆豐-竹北,2023-09-26,7007
00915,凱基優選高股息30,10,0,10,兆豐-竹北,2023-09-26,7007
2547,日勝生,10,0,10,兆豐-竹北,2023-09-26,7007
2615,萬海,10,0,10,兆豐-竹北,2023-09-26,7007
3049,精金,10,0,10,兆豐-竹北,2023-09-26,7007
4945,陞達科技,10,0,10,兆豐-竹北,2023-09-26,7007
2356,英業達,10,1,9,兆豐-竹北,2023-09-26,7007
1718,中纖,10,1,9,兆豐-竹北,2023-09-26,7007
2801,彰銀,9,0,9,兆豐-竹北,2023-09-26,7007
3094,聯傑,9,0,9,兆豐-竹北,2023-09-26,7007
00772B,中信高評級公司債,8,0,8,兆豐-竹北,2023-09-26,7007
00900,富邦特選高股息30,10,2,8,兆豐-竹北,2023-09-26,7007
1604,聲寶,8,0,8,兆豐-竹北,2023-09-26,7007
2104,國際中橡,8,0,8,兆豐-竹北,2023-09-26,7007
3483,力致,10,2,8,兆豐-竹北,2023-09-26,7007
00687B,國泰20年美債,8,0,8,兆豐-竹北,2023-09-26,7007
4566,時碩工業,8,0,8,兆豐-竹北,2023-09-26,7007
9945,潤泰新,10,2,8,兆豐-竹北,2023-09-26,7007
1101,台泥,7,0,7,兆豐-竹北,2023-09-26,7007
1210,大成,7,0,7,兆豐-竹北,2023-09-26,7007
00753L,中信中國50正2,130,0,130,兆豐-竹北,2023-09-27,7007
00679B,元大美債20年,115,0,115,兆豐-竹北,2023-09-27,7007
1618,合機,113,14,99,兆豐-竹北,2023-09-27,7007
00712,復華富時不動產,76,4,72,兆豐-竹北,2023-09-27,7007
00929,復華台灣科技優息,60,0,60,兆豐-竹北,2023-09-27,7007
00932,兆豐永續高息等權,59,0,59,兆豐-竹北,2023-09-27,7007
2637,慧洋-KY,60,5,55,兆豐-竹北,2023-09-27,7007
3356,奇偶,44,0,44,兆豐-竹北,2023-09-27,7007
00673R,期元大S＆P原油反1,64,30,34,兆豐-竹北,2023-09-27,7007
00720B,元大投資級公司債,24,0,24,兆豐-竹北,2023-09-27,7007
2353,宏��,23,0,23,兆豐-竹北,2023-09-27,7007
00772B,中信高評級公司債,22,0,22,兆豐-竹北,2023-09-27,7007
4979,華星光,49,28,21,兆豐-竹北,2023-09-27,7007
1612,宏泰,21,0,21,兆豐-竹北,2023-09-27,7007
00919,群益台灣精選高息,20,3,17,兆豐-竹北,2023-09-27,7007
2501,國建,15,0,15,兆豐-竹北,2023-09-27,7007
3037,欣興,14,0,14,兆豐-竹北,2023-09-27,7007
4908,前鼎,24,10,14,兆豐-竹北,2023-09-27,7007
2891,中信金,13,0,13,兆豐-竹北,2023-09-27,7007
2515,中工,13,0,13,兆豐-竹北,2023-09-27,7007
1101,台泥,18,5,13,兆豐-竹北,2023-09-27,7007
2349,錸德,12,0,12,兆豐-竹北,2023-09-27,7007
6122,擎邦,18,6,12,兆豐-竹北,2023-09-27,7007
3715,定穎投控,114,102,12,兆豐-竹北,2023-09-27,7007
3491,昇達科,11,0,11,兆豐-竹北,2023-09-27,7007
6168,宏齊,11,0,11,兆豐-竹北,2023-09-27,7007
1802,台玻,10,0,10,兆豐-竹北,2023-09-27,7007
2426,鼎元,10,0,10,兆豐-竹北,2023-09-27,7007
2606,裕民,27,17,10,兆豐-竹北,2023-09-27,7007
2002,中鋼,15,6,9,兆豐-竹北,2023-09-27,7007
1584,精剛,15,6,9,兆豐-竹北,2023-09-27,7007
00923,群益台ESG低碳50,12,3,9,兆豐-竹北,2023-09-27,7007
2464,盟立,8,0,8,兆豐-竹北,2023-09-27,7007
6161,捷波,8,0,8,兆豐-竹北,2023-09-27,7007
8046,南電,6,0,6,兆豐-竹北,2023-09-27,7007
2356,英業達,6,0,6,兆豐-竹北,2023-09-27,7007
3032,偉訓,8,2,6,兆豐-竹北,2023-09-27,7007
6415,矽力*-KY,6,0,6,兆豐-竹北,2023-09-27,7007
1815,富喬,5,0,5,兆豐-竹北,2023-09-27,7007
5371,中光電,5,0,5,兆豐-竹北,2023-09-27,7007
00752,中信中國50,5,0,5,兆豐-竹北,2023-09-27,7007
2355,敬鵬,5,0,5,兆豐-竹北,2023-09-27,7007
3094,聯傑,5,0,5,兆豐-竹北,2023-09-27,7007
4114,健喬,5,0,5,兆豐-竹北,2023-09-27,7007
1504,東元,9,4,5,兆豐-竹北,2023-09-27,7007
2330,台積電,8,4,4,兆豐-竹北,2023-09-27,7007
00751B,元大AAA至A公司債,5,1,4,兆豐-竹北,2023-09-27,7007
2883,凱基金,11,7,4,兆豐-竹北,2023-09-27,7007
2317,鴻海,4,0,4,兆豐-竹北,2023-09-27,7007
00631L,元大台灣50正2,4,0,4,兆豐-竹北,2023-09-27,7007
00679B,元大美債20年,139,0,139,兆豐-竹北,2023-09-28,7007
00919,群益台灣精選高息,86,3,83,兆豐-竹北,2023-09-28,7007
1815,富喬,105,22,83,兆豐-竹北,2023-09-28,7007
00753L,中信中國50正2,136,60,76,兆豐-竹北,2023-09-28,7007
00929,復華台灣科技優息,69,0,69,兆豐-竹北,2023-09-28,7007
8028,昇陽半導體,50,0,50,兆豐-竹北,2023-09-28,7007
2637,慧洋-KY,45,0,45,兆豐-竹北,2023-09-28,7007
3715,定穎投控,154,110,44,兆豐-竹北,2023-09-28,7007
2615,萬海,40,0,40,兆豐-竹北,2023-09-28,7007
3231,緯創,58,19,39,兆豐-竹北,2023-09-28,7007
3374,精材,38,1,37,兆豐-竹北,2023-09-28,7007
00712,復華富時不動產,27,0,27,兆豐-竹北,2023-09-28,7007
00715L,期街口布蘭特正2,42,15,27,兆豐-竹北,2023-09-28,7007
1515,力山,24,0,24,兆豐-竹北,2023-09-28,7007
2382,廣達,56,33,23,兆豐-竹北,2023-09-28,7007
2409,友達,22,0,22,兆豐-竹北,2023-09-28,7007
3035,智原,28,6,22,兆豐-竹北,2023-09-28,7007
5210,寶碩,21,0,21,兆豐-竹北,2023-09-28,7007
00772B,中信高評級公司債,20,0,20,兆豐-竹北,2023-09-28,7007
2609,陽明,20,0,20,兆豐-竹北,2023-09-28,7007
00795B,中信美國公債20年,18,0,18,兆豐-竹北,2023-09-28,7007
6274,台燿,38,23,15,兆豐-竹北,2023-09-28,7007
2376,技嘉,29,15,14,兆豐-竹北,2023-09-28,7007
5465,富驊,39,26,13,兆豐-竹北,2023-09-28,7007
3260,威剛,14,1,13,兆豐-竹北,2023-09-28,7007
2355,敬鵬,13,0,13,兆豐-竹北,2023-09-28,7007
3036,文曄,28,15,13,兆豐-竹北,2023-09-28,7007
00878,國泰永續高股息,21,9,12,兆豐-竹北,2023-09-28,7007
00670L,富邦NASDAQ正2,11,0,11,兆豐-竹北,2023-09-28,7007
00725B,國泰投資級公司債,11,0,11,兆豐-竹北,2023-09-28,7007
2017,官田鋼,21,10,11,兆豐-竹北,2023-09-28,7007
2610,華航,12,1,11,兆豐-竹北,2023-09-28,7007
6743,安普新,11,0,11,兆豐-竹北,2023-09-28,7007
1802,台玻,10,0,10,兆豐-竹北,2023-09-28,7007
6530,創威,10,0,10,兆豐-竹北,2023-09-28,7007
00751B,元大AAA至A公司債,11,3,8,兆豐-竹北,2023-09-28,7007
1589,永冠-KY,7,0,7,兆豐-竹北,2023-09-28,7007
2316,楠梓電,8,1,7,兆豐-竹北,2023-09-28,7007
3548,兆利,13,6,7,兆豐-竹北,2023-09-28,7007
5284,jpp-KY,10,3,7,兆豐-竹北,2023-09-28,7007
3078,僑威,11,4,7,兆豐-竹北,2023-09-28,7007
2344,華邦電,11,5,6,兆豐-竹北,2023-09-28,7007
00923,群益台ESG低碳50,6,0,6,兆豐-竹北,2023-09-28,7007
2313,華通,17,11,6,兆豐-竹北,2023-09-28,7007
2468,華經,21,15,6,兆豐-竹北,2023-09-28,7007
2338,光罩,7,1,6,兆豐-竹北,2023-09-28,7007
2317,鴻海,6,0,6,兆豐-竹北,2023-09-28,7007
3122,笙泉,22,17,5,兆豐-竹北,2023-09-28,7007
2332,友訊,5,0,5,兆豐-竹北,2023-09-28,7007
3276,宇環,5,0,5,兆豐-竹北,2023-09-28,7007
2363,矽統,133,19,114,兆豐-竹北,2023-10-02,7007
2892,第一金,102,0,102,兆豐-竹北,2023-10-02,7007
3715,定穎投控,90,47,43,兆豐-竹北,2023-10-02,7007
00637L,元大滬深300正2,41,0,41,兆豐-竹北,2023-10-02,7007
1783,和康生,37,0,37,兆豐-竹北,2023-10-02,7007
2618,長榮航,169,139,30,兆豐-竹北,2023-10-02,7007
2606,裕民,31,2,29,兆豐-竹北,2023-10-02,7007
1612,宏泰,27,0,27,兆豐-竹北,2023-10-02,7007
6122,擎邦,26,2,24,兆豐-竹北,2023-10-02,7007
00931B,統一美債20年,21,0,21,兆豐-竹北,2023-10-02,7007
5213,亞昕,20,0,20,兆豐-竹北,2023-10-02,7007
8028,昇陽半導體,20,1,19,兆豐-竹北,2023-10-02,7007
2344,華邦電,21,2,19,兆豐-竹北,2023-10-02,7007
2891,中信金,19,0,19,兆豐-竹北,2023-10-02,7007
2376,技嘉,40,21,19,兆豐-竹北,2023-10-02,7007
00632R,元大台灣50反1,16,0,16,兆豐-竹北,2023-10-02,7007
2543,皇昌,18,2,16,兆豐-竹北,2023-10-02,7007
00772B,中信高評級公司債,15,0,15,兆豐-竹北,2023-10-02,7007
00673R,期元大S＆P原油反1,25,10,15,兆豐-竹北,2023-10-02,7007
3094,聯傑,15,0,15,兆豐-竹北,2023-10-02,7007
3567,逸昌,16,1,15,兆豐-竹北,2023-10-02,7007
1603,華電,14,0,14,兆豐-竹北,2023-10-02,7007
8112,至上,15,2,13,兆豐-竹北,2023-10-02,7007
00715L,期街口布蘭特正2,13,0,13,兆豐-竹北,2023-10-02,7007
8069,元太,14,1,13,兆豐-竹北,2023-10-02,7007
00795B,中信美國公債20年,13,0,13,兆豐-竹北,2023-10-02,7007
00725B,國泰投資級公司債,12,0,12,兆豐-竹北,2023-10-02,7007
6411,晶焱,13,1,12,兆豐-竹北,2023-10-02,7007
6282,康舒,18,7,11,兆豐-竹北,2023-10-02,7007
00679B,元大美債20年,13,2,11,兆豐-竹北,2023-10-02,7007
00782B,國泰A級公用債,11,0,11,兆豐-竹北,2023-10-02,7007
2883,凱基金,11,0,11,兆豐-竹北,2023-10-02,7007
8091,翔名,11,0,11,兆豐-竹北,2023-10-02,7007
00687B,國泰20年美債,10,0,10,兆豐-竹北,2023-10-02,7007
00852L,國泰美國道瓊正2,10,0,10,兆豐-竹北,2023-10-02,7007
2104,國際中橡,10,0,10,兆豐-竹北,2023-10-02,7007
2405,輔信,11,1,10,兆豐-竹北,2023-10-02,7007
4933,友輝,10,0,10,兆豐-竹北,2023-10-02,7007
4939,亞電,10,0,10,兆豐-竹北,2023-10-02,7007
8011,台通,10,0,10,兆豐-竹北,2023-10-02,7007
8942,森鉅,10,0,10,兆豐-竹北,2023-10-02,7007
2382,廣達,37,27,10,兆豐-竹北,2023-10-02,7007
2301,光寶科,89,80,9,兆豐-竹北,2023-10-02,7007
2436,偉詮電,11,2,9,兆豐-竹北,2023-10-02,7007
3011,今皓,12,3,9,兆豐-竹北,2023-10-02,7007
00712,復華富時不動產,9,0,9,兆豐-竹北,2023-10-02,7007
9945,潤泰新,9,1,8,兆豐-竹北,2023-10-02,7007
2206,三陽工業,8,0,8,兆豐-竹北,2023-10-02,7007
2605,新興,8,0,8,兆豐-竹北,2023-10-02,7007
1402,遠東新,7,0,7,兆豐-竹北,2023-10-02,7007
00882,中信中國高股息,177,0,177,兆豐-竹北,2023-10-03,7007
3062,建漢,140,2,138,兆豐-竹北,2023-10-03,7007
2892,第一金,82,0,82,兆豐-竹北,2023-10-03,7007
2365,昆盈,60,0,60,兆豐-竹北,2023-10-03,7007
2618,長榮航,203,148,55,兆豐-竹北,2023-10-03,7007
00673R,期元大S＆P原油反1,64,13,51,兆豐-竹北,2023-10-03,7007
6122,擎邦,43,2,41,兆豐-竹北,2023-10-03,7007
8028,昇陽半導體,40,0,40,兆豐-竹北,2023-10-03,7007
00931B,統一美債20年,36,0,36,兆豐-竹北,2023-10-03,7007
2888,新光金,34,0,34,兆豐-竹北,2023-10-03,7007
00720B,元大投資級公司債,32,2,30,兆豐-竹北,2023-10-03,7007
1795,美時,30,0,30,兆豐-竹北,2023-10-03,7007
2356,英業達,33,4,29,兆豐-竹北,2023-10-03,7007
00795B,中信美國公債20年,29,0,29,兆豐-竹北,2023-10-03,7007
6117,迎廣,51,27,24,兆豐-竹北,2023-10-03,7007
1609,大亞,41,18,23,兆豐-竹北,2023-10-03,7007
0056,元大高股息,31,9,22,兆豐-竹北,2023-10-03,7007
1605,華新,21,0,21,兆豐-竹北,2023-10-03,7007
00706L,期元大S＆P日圓正2,20,0,20,兆豐-竹北,2023-10-03,7007
6216,居易,20,0,20,兆豐-竹北,2023-10-03,7007
00712,復華富時不動產,20,1,19,兆豐-竹北,2023-10-03,7007
2367,燿華,19,0,19,兆豐-竹北,2023-10-03,7007
00641R,富邦日本反1,18,0,18,兆豐-竹北,2023-10-03,7007
2891,中信金,18,0,18,兆豐-竹北,2023-10-03,7007
3055,蔚華科,20,2,18,兆豐-竹北,2023-10-03,7007
00919,群益台灣精選高息,21,5,16,兆豐-竹北,2023-10-03,7007
00878,國泰永續高股息,19,3,16,兆豐-竹北,2023-10-03,7007
00687B,國泰20年美債,16,0,16,兆豐-竹北,2023-10-03,7007
2317,鴻海,19,3,16,兆豐-竹北,2023-10-03,7007
00772B,中信高評級公司債,15,0,15,兆豐-竹北,2023-10-03,7007
00751B,元大AAA至A公司債,15,0,15,兆豐-竹北,2023-10-03,7007
2363,矽統,19,5,14,兆豐-竹北,2023-10-03,7007
00665L,富邦�琤肭磪囓�2,14,0,14,兆豐-竹北,2023-10-03,7007
1612,宏泰,20,6,14,兆豐-竹北,2023-10-03,7007
00679B,元大美債20年,14,1,13,兆豐-竹北,2023-10-03,7007
00902,中信電池及儲能,16,3,13,兆豐-竹北,2023-10-03,7007
6291,沛亨,13,0,13,兆豐-竹北,2023-10-03,7007
3545,敦泰,16,3,13,兆豐-竹北,2023-10-03,7007
00688L,國泰20年美債正2,12,0,12,兆豐-竹北,2023-10-03,7007
1560,中砂,16,4,12,兆豐-竹北,2023-10-03,7007
3325,旭品,150,138,12,兆豐-竹北,2023-10-03,7007
2615,萬海,21,10,11,兆豐-竹北,2023-10-03,7007
3078,僑威,18,7,11,兆豐-竹北,2023-10-03,7007
3346,麗清,26,15,11,兆豐-竹北,2023-10-03,7007
3450,聯鈞,22,11,11,兆豐-竹北,2023-10-03,7007
00713,元大台灣高息低波,11,0,11,兆豐-竹北,2023-10-03,7007
2883,凱基金,10,0,10,兆豐-竹北,2023-10-03,7007
3481,群創,12,2,10,兆豐-竹北,2023-10-03,7007
2345,智邦,10,0,10,兆豐-竹北,2023-10-03,7007
00719B,元大美債1-3,10,0,10,兆豐-竹北,2023-10-03,7007
00929,復華台灣科技優息,91,0,91,兆豐-竹北,2023-10-04,7007
00720B,元大投資級公司債,83,0,83,兆豐-竹北,2023-10-04,7007
2884,玉山金,51,0,51,兆豐-竹北,2023-10-04,7007
00751B,元大AAA至A公司債,40,0,40,兆豐-竹北,2023-10-04,7007
00878,國泰永續高股息,43,4,39,兆豐-竹北,2023-10-04,7007
00712,復華富時不動產,38,0,38,兆豐-竹北,2023-10-04,7007
5009,榮剛,35,0,35,兆豐-竹北,2023-10-04,7007
00753L,中信中國50正2,35,1,34,兆豐-竹北,2023-10-04,7007
5871,中租-KY,31,0,31,兆豐-竹北,2023-10-04,7007
8028,昇陽半導體,30,0,30,兆豐-竹北,2023-10-04,7007
0056,元大高股息,27,0,27,兆豐-竹北,2023-10-04,7007
3062,建漢,25,0,25,兆豐-竹北,2023-10-04,7007
5351,鈺創,27,2,25,兆豐-竹北,2023-10-04,7007
6122,擎邦,22,0,22,兆豐-竹北,2023-10-04,7007
8086,宏捷科,27,6,21,兆豐-竹北,2023-10-04,7007
3706,神達,22,2,20,兆豐-竹北,2023-10-04,7007
2426,鼎元,21,1,20,兆豐-竹北,2023-10-04,7007
2886,兆豐金,20,1,19,兆豐-竹北,2023-10-04,7007
00919,群益台灣精選高息,23,4,19,兆豐-竹北,2023-10-04,7007
2883,凱基金,18,0,18,兆豐-竹北,2023-10-04,7007
2887,台新金,18,0,18,兆豐-竹北,2023-10-04,7007
00922,國泰台灣領袖50,18,0,18,兆豐-竹北,2023-10-04,7007
2409,友達,19,2,17,兆豐-竹北,2023-10-04,7007
00931B,統一美債20年,17,0,17,兆豐-竹北,2023-10-04,7007
6285,啟��,26,10,16,兆豐-竹北,2023-10-04,7007
00923,群益台ESG低碳50,16,0,16,兆豐-竹北,2023-10-04,7007
1560,中砂,17,1,16,兆豐-竹北,2023-10-04,7007
3035,智原,17,2,15,兆豐-竹北,2023-10-04,7007
3032,偉訓,21,6,15,兆豐-竹北,2023-10-04,7007
00882,中信中國高股息,15,0,15,兆豐-竹北,2023-10-04,7007
1802,台玻,15,0,15,兆豐-竹北,2023-10-04,7007
1609,大亞,18,3,15,兆豐-竹北,2023-10-04,7007
3481,群創,14,0,14,兆豐-竹北,2023-10-04,7007
2330,台積電,13,0,13,兆豐-竹北,2023-10-04,7007
3276,宇環,14,1,13,兆豐-竹北,2023-10-04,7007
5880,合庫金,12,0,12,兆豐-竹北,2023-10-04,7007
00772B,中信高評級公司債,14,2,12,兆豐-竹北,2023-10-04,7007
2014,中鴻,12,0,12,兆豐-竹北,2023-10-04,7007
00725B,國泰投資級公司債,12,0,12,兆豐-竹北,2023-10-04,7007
00932,兆豐永續高息等權,12,0,12,兆豐-竹北,2023-10-04,7007
2913,農林,12,0,12,兆豐-竹北,2023-10-04,7007
3045,台灣大,12,0,12,兆豐-竹北,2023-10-04,7007
3322,建舜電,13,1,12,兆豐-竹北,2023-10-04,7007
2633,台灣高鐵,11,0,11,兆豐-竹北,2023-10-04,7007
00673R,期元大S＆P原油反1,11,0,11,兆豐-竹北,2023-10-04,7007
2402,毅嘉,11,0,11,兆豐-竹北,2023-10-04,7007
2408,南亞科,11,0,11,兆豐-竹北,2023-10-04,7007
00795B,中信美國公債20年,10,0,10,兆豐-竹北,2023-10-04,7007
00764B,群益25年美債,13,3,10,兆豐-竹北,2023-10-04,7007
1514,亞力,13,3,10,兆豐-竹北,2023-10-04,7007
00922,國泰台灣領袖50,605,1,604,兆豐-竹北,2023-10-05,7007
2888,新光金,103,0,103,兆豐-竹北,2023-10-05,7007
00676R,富邦臺灣加權反1,50,0,50,兆豐-竹北,2023-10-05,7007
00712,復華富時不動產,63,19,44,兆豐-竹北,2023-10-05,7007
6274,台燿,52,14,38,兆豐-竹北,2023-10-05,7007
6244,茂迪,30,0,30,兆豐-竹北,2023-10-05,7007
0056,元大高股息,27,2,25,兆豐-竹北,2023-10-05,7007
00632R,元大台灣50反1,25,0,25,兆豐-竹北,2023-10-05,7007
4961,天鈺,23,0,23,兆豐-竹北,2023-10-05,7007
00931B,統一美債20年,25,2,23,兆豐-竹北,2023-10-05,7007
2618,長榮航,167,145,22,兆豐-竹北,2023-10-05,7007
2538,基泰,55,34,21,兆豐-竹北,2023-10-05,7007
3163,波若威,32,11,21,兆豐-竹北,2023-10-05,7007
4714,永捷,20,0,20,兆豐-竹北,2023-10-05,7007
00929,復華台灣科技優息,21,1,20,兆豐-竹北,2023-10-05,7007
3596,智易,20,1,19,兆豐-竹北,2023-10-05,7007
00715L,期街口布蘭特正2,17,0,17,兆豐-竹北,2023-10-05,7007
3006,晶豪科,20,3,17,兆豐-竹北,2023-10-05,7007
2388,威盛,17,1,16,兆豐-竹北,2023-10-05,7007
00679B,元大美債20年,15,0,15,兆豐-竹北,2023-10-05,7007
00773B,中信優先金融債,15,1,14,兆豐-竹北,2023-10-05,7007
2409,友達,13,0,13,兆豐-竹北,2023-10-05,7007
3059,華晶科,13,0,13,兆豐-竹北,2023-10-05,7007
6285,啟��,39,27,12,兆豐-竹北,2023-10-05,7007
1503,士電,12,0,12,兆豐-竹北,2023-10-05,7007
3078,僑威,12,0,12,兆豐-竹北,2023-10-05,7007
6122,擎邦,24,12,12,兆豐-竹北,2023-10-05,7007
00687B,國泰20年美債,12,1,11,兆豐-竹北,2023-10-05,7007
2845,遠東銀,11,0,11,兆豐-竹北,2023-10-05,7007
1710,東聯,10,0,10,兆豐-竹北,2023-10-05,7007
2393,億光,10,0,10,兆豐-竹北,2023-10-05,7007
2634,漢翔,11,1,10,兆豐-竹北,2023-10-05,7007
3043,科風,10,0,10,兆豐-竹北,2023-10-05,7007
4147,中裕,10,0,10,兆豐-竹北,2023-10-05,7007
6116,彩晶,10,0,10,兆豐-竹北,2023-10-05,7007
6282,康舒,10,0,10,兆豐-竹北,2023-10-05,7007
3044,健鼎,9,0,9,兆豐-竹北,2023-10-05,7007
00753L,中信中國50正2,10,1,9,兆豐-竹北,2023-10-05,7007
3322,建舜電,9,0,9,兆豐-竹北,2023-10-05,7007
2610,華航,16,8,8,兆豐-竹北,2023-10-05,7007
2353,宏��,9,1,8,兆豐-竹北,2023-10-05,7007
5426,振發,28,21,7,兆豐-竹北,2023-10-05,7007
6278,台表科,7,0,7,兆豐-竹北,2023-10-05,7007
3714,富采,7,0,7,兆豐-竹北,2023-10-05,7007
2891,中信金,8,1,7,兆豐-竹北,2023-10-05,7007
1519,華城,14,7,7,兆豐-竹北,2023-10-05,7007
1301,台塑,6,0,6,兆豐-竹北,2023-10-05,7007
8046,南電,7,1,6,兆豐-竹北,2023-10-05,7007
00720B,元大投資級公司債,6,0,6,兆豐-竹北,2023-10-05,7007
1513,中興電,7,1,6,兆豐-竹北,2023-10-05,7007
00929,復華台灣科技優息,102,1,101,兆豐-竹北,2023-10-06,7007
5426,振發,63,15,48,兆豐-竹北,2023-10-06,7007
8069,元太,52,4,48,兆豐-竹北,2023-10-06,7007
00931B,統一美債20年,35,0,35,兆豐-竹北,2023-10-06,7007
3062,建漢,31,0,31,兆豐-竹北,2023-10-06,7007
00676R,富邦臺灣加權反1,30,0,30,兆豐-竹北,2023-10-06,7007
0056,元大高股息,35,5,30,兆豐-竹北,2023-10-06,7007
6451,訊芯-KY,32,4,28,兆豐-竹北,2023-10-06,7007
00720B,元大投資級公司債,26,0,26,兆豐-竹北,2023-10-06,7007
00712,復華富時不動產,24,0,24,兆豐-竹北,2023-10-06,7007
3481,群創,32,10,22,兆豐-竹北,2023-10-06,7007
00679B,元大美債20年,24,3,21,兆豐-竹北,2023-10-06,7007
3483,力致,19,3,16,兆豐-竹北,2023-10-06,7007
00922,國泰台灣領袖50,15,0,15,兆豐-竹北,2023-10-06,7007
00772B,中信高評級公司債,15,0,15,兆豐-竹北,2023-10-06,7007
3567,逸昌,15,0,15,兆豐-竹北,2023-10-06,7007
5465,富驊,15,0,15,兆豐-竹北,2023-10-06,7007
2618,長榮航,154,140,14,兆豐-竹北,2023-10-06,7007
1815,富喬,32,19,13,兆豐-竹北,2023-10-06,7007
8027,鈦昇,13,0,13,兆豐-竹北,2023-10-06,7007
2888,新光金,12,0,12,兆豐-竹北,2023-10-06,7007
3081,聯亞,12,1,11,兆豐-竹北,2023-10-06,7007
00665L,富邦�琤肭磪囓�2,15,5,10,兆豐-竹北,2023-10-06,7007
1514,亞力,17,7,10,兆豐-竹北,2023-10-06,7007
2417,圓剛,17,7,10,兆豐-竹北,2023-10-06,7007
2426,鼎元,10,0,10,兆豐-竹北,2023-10-06,7007
3438,類比科,10,0,10,兆豐-竹北,2023-10-06,7007
00687B,國泰20年美債,9,0,9,兆豐-竹北,2023-10-06,7007
2442,新美齊,16,7,9,兆豐-竹北,2023-10-06,7007
6139,亞翔,14,5,9,兆豐-竹北,2023-10-06,7007
3325,旭品,63,54,9,兆豐-竹北,2023-10-06,7007
4945,陞達科技,9,0,9,兆豐-竹北,2023-10-06,7007
1595,川寶,8,0,8,兆豐-竹北,2023-10-06,7007
3044,健鼎,8,0,8,兆豐-竹北,2023-10-06,7007
3346,麗清,8,0,8,兆豐-竹北,2023-10-06,7007
3617,碩天,9,1,8,兆豐-竹北,2023-10-06,7007
6122,擎邦,26,18,8,兆豐-竹北,2023-10-06,7007
4102,永日,8,1,7,兆豐-竹北,2023-10-06,7007
00715L,期街口布蘭特正2,27,20,7,兆豐-竹北,2023-10-06,7007
1802,台玻,12,5,7,兆豐-竹北,2023-10-06,7007
2610,華航,14,7,7,兆豐-竹北,2023-10-06,7007
6187,萬潤,13,6,7,兆豐-竹北,2023-10-06,7007
6290,良維,10,3,7,兆豐-竹北,2023-10-06,7007
3122,笙泉,9,3,6,兆豐-竹北,2023-10-06,7007
6531,愛普*,6,0,6,兆豐-竹北,2023-10-06,7007
3043,科風,6,0,6,兆豐-竹北,2023-10-06,7007
9950,萬國通,22,16,6,兆豐-竹北,2023-10-06,7007
2834,臺企銀,6,0,6,兆豐-竹北,2023-10-06,7007
00751B,元大AAA至A公司債,6,1,5,兆豐-竹北,2023-10-06,7007
00650L,復華香港正2,5,0,5,兆豐-竹北,2023-10-06,7007
00931B,統一美債20年,300,0,300,兆豐-竹北,2023-10-11,7007
00919,群益台灣精選高息,217,33,184,兆豐-竹北,2023-10-11,7007
3062,建漢,99,2,97,兆豐-竹北,2023-10-11,7007
2882B,國泰金乙特,89,0,89,兆豐-竹北,2023-10-11,7007
3231,緯創,100,23,77,兆豐-竹北,2023-10-11,7007
2891B,中信金乙特,50,0,50,兆豐-竹北,2023-10-11,7007
9941A,裕融甲特,50,0,50,兆豐-竹北,2023-10-11,7007
5864,致和證,40,0,40,兆豐-竹北,2023-10-11,7007
6547,高端疫苗,33,1,32,兆豐-竹北,2023-10-11,7007
3567,逸昌,27,0,27,兆豐-竹北,2023-10-11,7007
6122,擎邦,49,22,27,兆豐-竹北,2023-10-11,7007
00715L,期街口布蘭特正2,24,0,24,兆豐-竹北,2023-10-11,7007
6142,友勁,21,0,21,兆豐-竹北,2023-10-11,7007
00915,凱基優選高股息30,20,0,20,兆豐-竹北,2023-10-11,7007
00641R,富邦日本反1,20,0,20,兆豐-竹北,2023-10-11,7007
1603,華電,20,0,20,兆豐-竹北,2023-10-11,7007
00882,中信中國高股息,23,3,20,兆豐-竹北,2023-10-11,7007
3624,光頡,19,0,19,兆豐-竹北,2023-10-11,7007
2421,建準,23,5,18,兆豐-竹北,2023-10-11,7007
4931,新盛力,16,0,16,兆豐-竹北,2023-10-11,7007
1609,大亞,17,1,16,兆豐-竹北,2023-10-11,7007
1707,葡萄王,15,0,15,兆豐-竹北,2023-10-11,7007
4726,永昕,15,0,15,兆豐-竹北,2023-10-11,7007
6579,研揚,15,0,15,兆豐-竹北,2023-10-11,7007
0056,元大高股息,24,10,14,兆豐-竹北,2023-10-11,7007
2301,光寶科,124,110,14,兆豐-竹北,2023-10-11,7007
8183,精星,15,1,14,兆豐-竹北,2023-10-11,7007
2892,第一金,12,0,12,兆豐-竹北,2023-10-11,7007
2542,興富發,12,0,12,兆豐-竹北,2023-10-11,7007
2201,裕隆,15,3,12,兆豐-竹北,2023-10-11,7007
2382,廣達,76,64,12,兆豐-竹北,2023-10-11,7007
00679B,元大美債20年,12,1,11,兆豐-竹北,2023-10-11,7007
1605,華新,11,0,11,兆豐-竹北,2023-10-11,7007
3325,旭品,16,5,11,兆豐-竹北,2023-10-11,7007
5880,合庫金,11,0,11,兆豐-竹北,2023-10-11,7007
00681R,元大美債20反1,10,0,10,兆豐-竹北,2023-10-11,7007
1447,力鵬,10,0,10,兆豐-竹北,2023-10-11,7007
1582,信錦,10,0,10,兆豐-竹北,2023-10-11,7007
1786,科妍,10,0,10,兆豐-竹北,2023-10-11,7007
2431,聯昌,10,0,10,兆豐-竹北,2023-10-11,7007
2464,盟立,10,0,10,兆豐-竹北,2023-10-11,7007
4566,時碩工業,10,0,10,兆豐-竹北,2023-10-11,7007
4945,陞達科技,10,0,10,兆豐-竹北,2023-10-11,7007
6244,茂迪,10,0,10,兆豐-竹北,2023-10-11,7007
8150,南茂,10,0,10,兆豐-竹北,2023-10-11,7007
3014,聯陽,25,15,10,兆豐-竹北,2023-10-11,7007
2356,英業達,17,7,10,兆豐-竹北,2023-10-11,7007
3481,群創,21,12,9,兆豐-竹北,2023-10-11,7007
5426,振發,20,11,9,兆豐-竹北,2023-10-11,7007
6530,創威,21,12,9,兆豐-竹北,2023-10-11,7007
00671R,富邦NASDAQ反1,200,0,200,兆豐-竹北,2023-10-12,7007
00679B,元大美債20年,120,4,116,兆豐-竹北,2023-10-12,7007
2882B,國泰金乙特,102,0,102,兆豐-竹北,2023-10-12,7007
00676R,富邦臺灣加權反1,100,0,100,兆豐-竹北,2023-10-12,7007
2881B,富邦金乙特,100,0,100,兆豐-竹北,2023-10-12,7007
00915,凱基優選高股息30,61,0,61,兆豐-竹北,2023-10-12,7007
00720B,元大投資級公司債,60,0,60,兆豐-竹北,2023-10-12,7007
6016,康和證,50,0,50,兆豐-竹北,2023-10-12,7007
2882A,國泰特,45,0,45,兆豐-竹北,2023-10-12,7007
2449,京元電子,44,3,41,兆豐-竹北,2023-10-12,7007
00929,復華台灣科技優息,49,12,37,兆豐-竹北,2023-10-12,7007
2891B,中信金乙特,37,0,37,兆豐-竹北,2023-10-12,7007
3704,合勤控,33,2,31,兆豐-竹北,2023-10-12,7007
00637L,元大滬深300正2,30,1,29,兆豐-竹北,2023-10-12,7007
2363,矽統,73,44,29,兆豐-竹北,2023-10-12,7007
3706,神達,35,11,24,兆豐-竹北,2023-10-12,7007
00687B,國泰20年美債,22,0,22,兆豐-竹北,2023-10-12,7007
2426,鼎元,20,0,20,兆豐-竹北,2023-10-12,7007
4938,和碩,20,0,20,兆豐-竹北,2023-10-12,7007
8028,昇陽半導體,20,0,20,兆豐-竹北,2023-10-12,7007
2382,廣達,47,30,17,兆豐-竹北,2023-10-12,7007
00715L,期街口布蘭特正2,24,7,17,兆豐-竹北,2023-10-12,7007
3450,聯鈞,16,2,14,兆豐-竹北,2023-10-12,7007
1612,宏泰,13,0,13,兆豐-竹北,2023-10-12,7007
00907,永豐優息存股,12,0,12,兆豐-竹北,2023-10-12,7007
6197,佳必琪,15,3,12,兆豐-竹北,2023-10-12,7007
00632R,元大台灣50反1,11,0,11,兆豐-竹北,2023-10-12,7007
1802,台玻,11,0,11,兆豐-竹北,2023-10-12,7007
00641R,富邦日本反1,10,0,10,兆豐-竹北,2023-10-12,7007
2812,台中銀,10,0,10,兆豐-竹北,2023-10-12,7007
4183,福永生技,10,0,10,兆豐-竹北,2023-10-12,7007
5465,富驊,13,3,10,兆豐-竹北,2023-10-12,7007
6278,台表科,10,0,10,兆豐-竹北,2023-10-12,7007
6494,九齊,10,0,10,兆豐-竹北,2023-10-12,7007
8044,網家,10,0,10,兆豐-竹北,2023-10-12,7007
3037,欣興,9,0,9,兆豐-竹北,2023-10-12,7007
3062,建漢,10,1,9,兆豐-竹北,2023-10-12,7007
6148,驊宏資,12,3,9,兆豐-竹北,2023-10-12,7007
8261,富鼎,10,1,9,兆豐-竹北,2023-10-12,7007
9950,萬國通,16,7,9,兆豐-竹北,2023-10-12,7007
6282,康舒,10,1,9,兆豐-竹北,2023-10-12,7007
2356,英業達,19,11,8,兆豐-竹北,2023-10-12,7007
00892,富邦台灣半導體,8,0,8,兆豐-竹北,2023-10-12,7007
9924,福興,8,0,8,兆豐-竹北,2023-10-12,7007
00751B,元大AAA至A公司債,6,0,6,兆豐-竹北,2023-10-12,7007
1752,南光,9,3,6,兆豐-竹北,2023-10-12,7007
2409,友達,7,1,6,兆豐-竹北,2023-10-12,7007
2641,正德,12,6,6,兆豐-竹北,2023-10-12,7007
2630,亞航,5,0,5,兆豐-竹北,2023-10-12,7007
00772B,中信高評級公司債,5,0,5,兆豐-竹北,2023-10-12,7007
1314,中石化,228,63,165,兆豐-竹北,2023-10-13,7007
2881B,富邦金乙特,125,0,125,兆豐-竹北,2023-10-13,7007
2882B,國泰金乙特,124,0,124,兆豐-竹北,2023-10-13,7007
00915,凱基優選高股息30,120,1,119,兆豐-竹北,2023-10-13,7007
00679B,元大美債20年,119,1,118,兆豐-竹北,2023-10-13,7007
0056,元大高股息,96,3,93,兆豐-竹北,2023-10-13,7007
00753L,中信中國50正2,92,11,81,兆豐-竹北,2023-10-13,7007
1217,愛之味,80,0,80,兆豐-竹北,2023-10-13,7007
3059,華晶科,62,0,62,兆豐-竹北,2023-10-13,7007
3481,群創,50,1,49,兆豐-竹北,2023-10-13,7007
3231,緯創,49,10,39,兆豐-竹北,2023-10-13,7007
2891B,中信金乙特,30,0,30,兆豐-竹北,2023-10-13,7007
00878,國泰永續高股息,32,2,30,兆豐-竹北,2023-10-13,7007
3706,神達,62,36,26,兆豐-竹北,2023-10-13,7007
00919,群益台灣精選高息,26,1,25,兆豐-竹北,2023-10-13,7007
5876,上海商銀,25,0,25,兆豐-竹北,2023-10-13,7007
2303,聯電,25,2,23,兆豐-竹北,2023-10-13,7007
2887,台新金,22,0,22,兆豐-竹北,2023-10-13,7007
8996,高力,24,3,21,兆豐-竹北,2023-10-13,7007
8028,昇陽半導體,20,0,20,兆豐-竹北,2023-10-13,7007
1101,台泥,23,5,18,兆豐-竹北,2023-10-13,7007
00720B,元大投資級公司債,17,0,17,兆豐-竹北,2023-10-13,7007
00712,復華富時不動產,15,0,15,兆豐-竹北,2023-10-13,7007
2637,慧洋-KY,15,0,15,兆豐-竹北,2023-10-13,7007
3715,定穎投控,58,43,15,兆豐-竹北,2023-10-13,7007
2610,華航,18,4,14,兆豐-竹北,2023-10-13,7007
2356,英業達,17,4,13,兆豐-竹北,2023-10-13,7007
00931B,統一美債20年,13,0,13,兆豐-竹北,2023-10-13,7007
6532,瑞耘,13,0,13,兆豐-竹北,2023-10-13,7007
2201,裕隆,50,37,13,兆豐-竹北,2023-10-13,7007
3189,景碩,12,0,12,兆豐-竹北,2023-10-13,7007
2402,毅嘉,34,22,12,兆豐-竹北,2023-10-13,7007
1802,台玻,12,0,12,兆豐-竹北,2023-10-13,7007
2884,玉山金,12,1,11,兆豐-竹北,2023-10-13,7007
00725B,國泰投資級公司債,11,0,11,兆豐-竹北,2023-10-13,7007
1447,力鵬,11,0,11,兆豐-竹北,2023-10-13,7007
2368,金像電,13,2,11,兆豐-竹北,2023-10-13,7007
3062,建漢,19,8,11,兆豐-竹北,2023-10-13,7007
6244,茂迪,12,1,11,兆豐-竹北,2023-10-13,7007
00680L,元大美債20正2,10,0,10,兆豐-竹北,2023-10-13,7007
2369,菱生,10,0,10,兆豐-竹北,2023-10-13,7007
4977,眾達-KY,15,5,10,兆豐-竹北,2023-10-13,7007
5381,合正,10,0,10,兆豐-竹北,2023-10-13,7007
6142,友勁,10,0,10,兆豐-竹北,2023-10-13,7007
6275,元山,10,0,10,兆豐-竹北,2023-10-13,7007
6585,鼎基,11,1,10,兆豐-竹北,2023-10-13,7007
00929,復華台灣科技優息,22,13,9,兆豐-竹北,2023-10-13,7007
2464,盟立,8,0,8,兆豐-竹北,2023-10-13,7007
2882A,國泰特,8,0,8,兆豐-竹北,2023-10-13,7007
5344,立衛,8,0,8,兆豐-竹北,2023-10-13,7007
3706,神達,336,2,334,兆豐-竹北,2023-10-16,7007
00919,群益台灣精選高息,355,30,325,兆豐-竹北,2023-10-16,7007
2882B,國泰金乙特,120,0,120,兆豐-竹北,2023-10-16,7007
2301,光寶科,113,25,88,兆豐-竹北,2023-10-16,7007
1603,華電,84,4,80,兆豐-竹北,2023-10-16,7007
2882A,國泰特,70,0,70,兆豐-竹北,2023-10-16,7007
2881B,富邦金乙特,68,0,68,兆豐-竹北,2023-10-16,7007
00679B,元大美債20年,93,28,65,兆豐-竹北,2023-10-16,7007
00915,凱基優選高股息30,60,0,60,兆豐-竹北,2023-10-16,7007
2891B,中信金乙特,50,0,50,兆豐-竹北,2023-10-16,7007
2388,威盛,217,169,48,兆豐-竹北,2023-10-16,7007
2363,矽統,99,55,44,兆豐-竹北,2023-10-16,7007
2618,長榮航,187,146,41,兆豐-竹北,2023-10-16,7007
00929,復華台灣科技優息,53,13,40,兆豐-竹北,2023-10-16,7007
2409,友達,24,0,24,兆豐-竹北,2023-10-16,7007
00753L,中信中國50正2,21,0,21,兆豐-竹北,2023-10-16,7007
00720B,元大投資級公司債,30,10,20,兆豐-竹北,2023-10-16,7007
3689,湧德,20,0,20,兆豐-竹北,2023-10-16,7007
2201,裕隆,27,9,18,兆豐-竹北,2023-10-16,7007
2486,一詮,24,6,18,兆豐-竹北,2023-10-16,7007
2610,華航,24,6,18,兆豐-竹北,2023-10-16,7007
1605,華新,18,0,18,兆豐-竹北,2023-10-16,7007
00878,國泰永續高股息,19,4,15,兆豐-竹北,2023-10-16,7007
1905,華紙,16,2,14,兆豐-竹北,2023-10-16,7007
2206,三陽工業,15,1,14,兆豐-竹北,2023-10-16,7007
4102,永日,17,3,14,兆豐-竹北,2023-10-16,7007
5381,合正,12,0,12,兆豐-竹北,2023-10-16,7007
3481,群創,11,0,11,兆豐-竹北,2023-10-16,7007
3363,上詮,36,25,11,兆豐-竹北,2023-10-16,7007
00687B,國泰20年美債,10,0,10,兆豐-竹北,2023-10-16,7007
1307,三芳,10,0,10,兆豐-竹北,2023-10-16,7007
1524,耿鼎,10,0,10,兆豐-竹北,2023-10-16,7007
1802,台玻,10,0,10,兆豐-竹北,2023-10-16,7007
5443,均豪,11,1,10,兆豐-竹北,2023-10-16,7007
1609,大亞,13,4,9,兆豐-竹北,2023-10-16,7007
3162,精確,10,1,9,兆豐-竹北,2023-10-16,7007
00712,復華富時不動產,8,0,8,兆豐-竹北,2023-10-16,7007
00907,永豐優息存股,8,0,8,兆豐-竹北,2023-10-16,7007
1560,中砂,13,5,8,兆豐-竹北,2023-10-16,7007
2323,中環,8,0,8,兆豐-竹北,2023-10-16,7007
4552,力達-KY,10,2,8,兆豐-竹北,2023-10-16,7007
2427,三商電,15,7,8,兆豐-竹北,2023-10-16,7007
2002,中鋼,7,0,7,兆豐-竹北,2023-10-16,7007
8996,高力,18,11,7,兆豐-竹北,2023-10-16,7007
3037,欣興,15,8,7,兆豐-竹北,2023-10-16,7007
1907,永豐餘,7,0,7,兆豐-竹北,2023-10-16,7007
9938,百和,7,0,7,兆豐-竹北,2023-10-16,7007
2371,大同,7,1,6,兆豐-竹北,2023-10-16,7007
2401,凌陽,6,0,6,兆豐-竹北,2023-10-16,7007
3521,鴻翊,6,0,6,兆豐-竹北,2023-10-16,7007
2882B,國泰金乙特,133,0,133,兆豐-竹北,2023-10-17,7007
2882A,國泰特,130,0,130,兆豐-竹北,2023-10-17,7007
2891B,中信金乙特,104,0,104,兆豐-竹北,2023-10-17,7007
6142,友勁,82,3,79,兆豐-竹北,2023-10-17,7007
00929,復華台灣科技優息,86,11,75,兆豐-竹北,2023-10-17,7007
00679B,元大美債20年,67,0,67,兆豐-竹北,2023-10-17,7007
0056,元大高股息,64,3,61,兆豐-竹北,2023-10-17,7007
00687B,國泰20年美債,53,0,53,兆豐-竹北,2023-10-17,7007
3715,定穎投控,76,33,43,兆豐-竹北,2023-10-17,7007
2498,宏達電,42,0,42,兆豐-竹北,2023-10-17,7007
00919,群益台灣精選高息,51,10,41,兆豐-竹北,2023-10-17,7007
00915,凱基優選高股息30,40,0,40,兆豐-竹北,2023-10-17,7007
2441,超豐,40,1,39,兆豐-竹北,2023-10-17,7007
2356,英業達,37,7,30,兆豐-竹北,2023-10-17,7007
2890,永豐金,45,15,30,兆豐-竹北,2023-10-17,7007
00753L,中信中國50正2,25,0,25,兆豐-竹北,2023-10-17,7007
2516,新建,35,10,25,兆豐-竹北,2023-10-17,7007
00931B,統一美債20年,24,0,24,兆豐-竹北,2023-10-17,7007
6548,長科*,23,0,23,兆豐-竹北,2023-10-17,7007
5876,上海商銀,21,0,21,兆豐-竹北,2023-10-17,7007
00878,國泰永續高股息,26,5,21,兆豐-竹北,2023-10-17,7007
00637L,元大滬深300正2,20,0,20,兆豐-竹北,2023-10-17,7007
1714,和桐,20,0,20,兆豐-竹北,2023-10-17,7007
2913,農林,20,0,20,兆豐-竹北,2023-10-17,7007
3666,光耀,20,0,20,兆豐-竹北,2023-10-17,7007
00632R,元大台灣50反1,19,0,19,兆豐-竹北,2023-10-17,7007
6719,力智,21,2,19,兆豐-竹北,2023-10-17,7007
2313,華通,24,5,19,兆豐-竹北,2023-10-17,7007
3481,群創,26,8,18,兆豐-竹北,2023-10-17,7007
3706,神達,23,5,18,兆豐-竹北,2023-10-17,7007
3483,力致,18,2,16,兆豐-竹北,2023-10-17,7007
2002,中鋼,16,0,16,兆豐-竹北,2023-10-17,7007
2881B,富邦金乙特,15,0,15,兆豐-竹北,2023-10-17,7007
2363,矽統,126,111,15,兆豐-竹北,2023-10-17,7007
00725B,國泰投資級公司債,13,0,13,兆豐-竹北,2023-10-17,7007
1710,東聯,13,0,13,兆豐-竹北,2023-10-17,7007
6202,盛群,13,0,13,兆豐-竹北,2023-10-17,7007
8088,品安,24,11,13,兆豐-竹北,2023-10-17,7007
1609,大亞,12,0,12,兆豐-竹北,2023-10-17,7007
1815,富喬,16,4,12,兆豐-竹北,2023-10-17,7007
5009,榮剛,12,0,12,兆豐-竹北,2023-10-17,7007
2634,漢翔,12,1,11,兆豐-竹北,2023-10-17,7007
3131,弘塑,10,0,10,兆豐-竹北,2023-10-17,7007
00751B,元大AAA至A公司債,10,0,10,兆豐-竹北,2023-10-17,7007
00680L,元大美債20正2,10,0,10,兆豐-竹北,2023-10-17,7007
00720B,元大投資級公司債,10,0,10,兆豐-竹北,2023-10-17,7007
1904,正隆,10,0,10,兆豐-竹北,2023-10-17,7007
2891C,中信金丙特,10,0,10,兆豐-竹北,2023-10-17,7007
4938,和碩,21,11,10,兆豐-竹北,2023-10-17,7007
6216,居易,10,0,10,兆豐-竹北,2023-10-17,7007
0056,元大高股息,234,6,228,兆豐-竹北,2023-10-18,7007
00878,國泰永續高股息,181,2,179,兆豐-竹北,2023-10-18,7007
2882B,國泰金乙特,152,0,152,兆豐-竹北,2023-10-18,7007
6142,友勁,125,0,125,兆豐-竹北,2023-10-18,7007
00929,復華台灣科技優息,127,3,124,兆豐-竹北,2023-10-18,7007
6129,普誠,90,1,89,兆豐-竹北,2023-10-18,7007
00679B,元大美債20年,75,0,75,兆豐-竹北,2023-10-18,7007
00931B,統一美債20年,60,0,60,兆豐-竹北,2023-10-18,7007
3706,神達,56,5,51,兆豐-竹北,2023-10-18,7007
1714,和桐,46,0,46,兆豐-竹北,2023-10-18,7007
5876,上海商銀,45,0,45,兆豐-竹北,2023-10-18,7007
00919,群益台灣精選高息,63,20,43,兆豐-竹北,2023-10-18,7007
2881B,富邦金乙特,40,0,40,兆豐-竹北,2023-10-18,7007
2363,矽統,47,11,36,兆豐-竹北,2023-10-18,7007
1314,中石化,35,0,35,兆豐-竹北,2023-10-18,7007
8028,昇陽半導體,30,0,30,兆豐-竹北,2023-10-18,7007
00922,國泰台灣領袖50,28,0,28,兆豐-竹北,2023-10-18,7007
9941A,裕融甲特,28,0,28,兆豐-竹北,2023-10-18,7007
5009,榮剛,30,3,27,兆豐-竹北,2023-10-18,7007
4102,永日,23,0,23,兆豐-竹北,2023-10-18,7007
2891B,中信金乙特,22,0,22,兆豐-竹北,2023-10-18,7007
00932,兆豐永續高息等權,24,3,21,兆豐-竹北,2023-10-18,7007
2401,凌陽,24,4,20,兆豐-竹北,2023-10-18,7007
2913,農林,20,0,20,兆豐-竹北,2023-10-18,7007
3666,光耀,22,4,18,兆豐-竹北,2023-10-18,7007
1101,台泥,25,8,17,兆豐-竹北,2023-10-18,7007
6139,亞翔,16,0,16,兆豐-竹北,2023-10-18,7007
00687B,國泰20年美債,23,8,15,兆豐-竹北,2023-10-18,7007
00751B,元大AAA至A公司債,15,0,15,兆豐-竹北,2023-10-18,7007
00893,國泰智能電動車,15,0,15,兆豐-竹北,2023-10-18,7007
8183,精星,15,0,15,兆豐-竹北,2023-10-18,7007
1815,富喬,14,0,14,兆豐-竹北,2023-10-18,7007
1471,首利,16,2,14,兆豐-竹北,2023-10-18,7007
6274,台燿,16,3,13,兆豐-竹北,2023-10-18,7007
8027,鈦昇,15,2,13,兆豐-竹北,2023-10-18,7007
00725B,國泰投資級公司債,12,0,12,兆豐-竹北,2023-10-18,7007
00900,富邦特選高股息30,12,0,12,兆豐-竹北,2023-10-18,7007
1102,亞泥,11,0,11,兆豐-竹北,2023-10-18,7007
00885,富邦越南,11,0,11,兆豐-竹北,2023-10-18,7007
00753L,中信中國50正2,11,0,11,兆豐-竹北,2023-10-18,7007
1802,台玻,11,0,11,兆豐-竹北,2023-10-18,7007
2201,裕隆,44,33,11,兆豐-竹北,2023-10-18,7007
2344,華邦電,13,2,11,兆豐-竹北,2023-10-18,7007
6237,驊訊,17,6,11,兆豐-竹北,2023-10-18,7007
00680L,元大美債20正2,10,0,10,兆豐-竹北,2023-10-18,7007
2436,偉詮電,23,13,10,兆豐-竹北,2023-10-18,7007
2515,中工,23,13,10,兆豐-竹北,2023-10-18,7007
2615,萬海,21,11,10,兆豐-竹北,2023-10-18,7007
2630,亞航,10,0,10,兆豐-竹北,2023-10-18,7007
2891C,中信金丙特,10,0,10,兆豐-竹北,2023-10-18,7007
2882B,國泰金乙特,350,0,350,兆豐-竹北,2023-10-19,7007
00679B,元大美債20年,150,0,150,兆豐-竹北,2023-10-19,7007
00676R,富邦臺灣加權反1,150,0,150,兆豐-竹北,2023-10-19,7007
00706L,期元大S＆P日圓正2,100,0,100,兆豐-竹北,2023-10-19,7007
0056,元大高股息,98,18,80,兆豐-竹北,2023-10-19,7007
00878,國泰永續高股息,57,1,56,兆豐-竹北,2023-10-19,7007
00929,復華台灣科技優息,67,11,56,兆豐-竹北,2023-10-19,7007
00720B,元大投資級公司債,40,0,40,兆豐-竹北,2023-10-19,7007
3706,神達,44,4,40,兆豐-竹北,2023-10-19,7007
00919,群益台灣精選高息,38,2,36,兆豐-竹北,2023-10-19,7007
00687B,國泰20年美債,35,0,35,兆豐-竹北,2023-10-19,7007
00673R,期元大S＆P原油反1,45,10,35,兆豐-竹北,2023-10-19,7007
00634R,富邦上証反1,30,0,30,兆豐-竹北,2023-10-19,7007
8048,德勝,30,5,25,兆豐-竹北,2023-10-19,7007
00893,國泰智能電動車,23,0,23,兆豐-竹北,2023-10-19,7007
00751B,元大AAA至A公司債,22,0,22,兆豐-竹北,2023-10-19,7007
1714,和桐,20,0,20,兆豐-竹北,2023-10-19,7007
9928,中視,18,0,18,兆豐-竹北,2023-10-19,7007
2409,友達,27,10,17,兆豐-竹北,2023-10-19,7007
00933B,國泰10Y+金融債,44,28,16,兆豐-竹北,2023-10-19,7007
2634,漢翔,16,0,16,兆豐-竹北,2023-10-19,7007
1101,台泥,14,0,14,兆豐-竹北,2023-10-19,7007
00712,復華富時不動產,14,0,14,兆豐-竹北,2023-10-19,7007
2356,英業達,21,7,14,兆豐-竹北,2023-10-19,7007
3374,精材,16,2,14,兆豐-竹北,2023-10-19,7007
8183,精星,15,1,14,兆豐-竹北,2023-10-19,7007
2201,裕隆,13,0,13,兆豐-竹北,2023-10-19,7007
2402,毅嘉,18,5,13,兆豐-竹北,2023-10-19,7007
2515,中工,22,9,13,兆豐-竹北,2023-10-19,7007
8210,勤誠,15,2,13,兆豐-竹北,2023-10-19,7007
2610,華航,16,4,12,兆豐-竹北,2023-10-19,7007
6589,台康生技,12,0,12,兆豐-竹北,2023-10-19,7007
6274,台燿,29,18,11,兆豐-竹北,2023-10-19,7007
00669R,國泰美國道瓊反1,10,0,10,兆豐-竹北,2023-10-19,7007
00641R,富邦日本反1,10,0,10,兆豐-竹北,2023-10-19,7007
1568,倉佑,10,0,10,兆豐-竹北,2023-10-19,7007
3046,建��,10,0,10,兆豐-竹北,2023-10-19,7007
3138,耀登,10,0,10,兆豐-竹北,2023-10-19,7007
3163,波若威,12,2,10,兆豐-竹北,2023-10-19,7007
00772B,中信高評級公司債,9,0,9,兆豐-竹北,2023-10-19,7007
2382,廣達,30,21,9,兆豐-竹北,2023-10-19,7007
3017,奇鋐,9,0,9,兆豐-竹北,2023-10-19,7007
2615,萬海,10,1,9,兆豐-竹北,2023-10-19,7007
2881C,富邦金丙特,9,0,9,兆豐-竹北,2023-10-19,7007
3346,麗清,10,1,9,兆豐-竹北,2023-10-19,7007
2421,建準,31,23,8,兆豐-竹北,2023-10-19,7007
2369,菱生,10,2,8,兆豐-竹北,2023-10-19,7007
2637,慧洋-KY,9,1,8,兆豐-竹北,2023-10-19,7007
6142,友勁,8,0,8,兆豐-竹北,2023-10-19,7007
8358,金居,8,0,8,兆豐-竹北,2023-10-19,7007
00687B,國泰20年美債,323,0,323,兆豐-竹北,2023-10-20,7007
2881B,富邦金乙特,150,0,150,兆豐-竹北,2023-10-20,7007
2882B,國泰金乙特,150,0,150,兆豐-竹北,2023-10-20,7007
00929,復華台灣科技優息,140,5,135,兆豐-竹北,2023-10-20,7007
2882A,國泰特,90,0,90,兆豐-竹北,2023-10-20,7007
00878,國泰永續高股息,88,1,87,兆豐-竹北,2023-10-20,7007
00712,復華富時不動產,80,1,79,兆豐-竹北,2023-10-20,7007
00679B,元大美債20年,65,0,65,兆豐-竹北,2023-10-20,7007
00885,富邦越南,61,0,61,兆豐-竹北,2023-10-20,7007
3706,神達,55,0,55,兆豐-竹北,2023-10-20,7007
1314,中石化,51,0,51,兆豐-竹北,2023-10-20,7007
3035,智原,45,2,43,兆豐-竹北,2023-10-20,7007
3363,上詮,46,6,40,兆豐-竹北,2023-10-20,7007
0056,元大高股息,64,25,39,兆豐-竹北,2023-10-20,7007
2618,長榮航,212,174,38,兆豐-竹北,2023-10-20,7007
9941A,裕融甲特,38,0,38,兆豐-竹北,2023-10-20,7007
00751B,元大AAA至A公司債,36,0,36,兆豐-竹北,2023-10-20,7007
2363,矽統,48,13,35,兆豐-竹北,2023-10-20,7007
6213,聯茂,30,0,30,兆豐-竹北,2023-10-20,7007
00671R,富邦NASDAQ反1,30,1,29,兆豐-竹北,2023-10-20,7007
2515,中工,38,9,29,兆豐-竹北,2023-10-20,7007
3122,笙泉,94,67,27,兆豐-竹北,2023-10-20,7007
2888,新光金,27,1,26,兆豐-竹北,2023-10-20,7007
00933B,國泰10Y+金融債,24,1,23,兆豐-竹北,2023-10-20,7007
2317,鴻海,22,0,22,兆豐-竹北,2023-10-20,7007
00753L,中信中國50正2,23,1,22,兆豐-竹北,2023-10-20,7007
2329,華泰,26,5,21,兆豐-竹北,2023-10-20,7007
00720B,元大投資級公司債,20,0,20,兆豐-竹北,2023-10-20,7007
00665L,富邦�琤肭磪囓�2,20,0,20,兆豐-竹北,2023-10-20,7007
00932,兆豐永續高息等權,18,0,18,兆豐-竹北,2023-10-20,7007
8040,九暘,21,6,15,兆豐-竹北,2023-10-20,7007
8176,智捷,15,0,15,兆豐-竹北,2023-10-20,7007
2883,凱基金,17,3,14,兆豐-竹北,2023-10-20,7007
5871A,中租-KY甲特,14,0,14,兆豐-竹北,2023-10-20,7007
1101,台泥,14,0,14,兆豐-竹北,2023-10-20,7007
2449,京元電子,49,36,13,兆豐-竹北,2023-10-20,7007
6274,台燿,55,42,13,兆豐-竹北,2023-10-20,7007
2880,華南金,13,0,13,兆豐-竹北,2023-10-20,7007
3715,定穎投控,32,20,12,兆豐-竹北,2023-10-20,7007
2605,新興,12,0,12,兆豐-竹北,2023-10-20,7007
5880,合庫金,12,0,12,兆豐-竹北,2023-10-20,7007
6237,驊訊,20,8,12,兆豐-竹北,2023-10-20,7007
8358,金居,12,0,12,兆豐-竹北,2023-10-20,7007
2891,中信金,11,0,11,兆豐-竹北,2023-10-20,7007
1605,華新,11,0,11,兆豐-竹北,2023-10-20,7007
1802,台玻,11,0,11,兆豐-竹北,2023-10-20,7007
2436,偉詮電,11,0,11,兆豐-竹北,2023-10-20,7007
2887,台新金,10,0,10,兆豐-竹北,2023-10-20,7007
00772B,中信高評級公司債,12,2,10,兆豐-竹北,2023-10-20,7007
00635U,期元大S＆P黃金,10,0,10,兆豐-竹北,2023-10-20,7007
00919,群益台灣精選高息,362,2,360,兆豐-竹北,2023-10-23,7007
2882B,國泰金乙特,205,0,205,兆豐-竹北,2023-10-23,7007
00929,復華台灣科技優息,146,4,142,兆豐-竹北,2023-10-23,7007
9941A,裕融甲特,120,0,120,兆豐-竹北,2023-10-23,7007
2891B,中信金乙特,90,0,90,兆豐-竹北,2023-10-23,7007
00878,國泰永續高股息,103,27,76,兆豐-竹北,2023-10-23,7007
00665L,富邦�琤肭磪囓�2,70,0,70,兆豐-竹北,2023-10-23,7007
2882A,國泰特,70,0,70,兆豐-竹北,2023-10-23,7007
2317,鴻海,69,1,68,兆豐-竹北,2023-10-23,7007
6187,萬潤,59,3,56,兆豐-竹北,2023-10-23,7007
2881B,富邦金乙特,55,0,55,兆豐-竹北,2023-10-23,7007
2402,毅嘉,66,15,51,兆豐-竹北,2023-10-23,7007
6016,康和證,50,0,50,兆豐-竹北,2023-10-23,7007
00720B,元大投資級公司債,40,0,40,兆豐-竹北,2023-10-23,7007
2891C,中信金丙特,40,0,40,兆豐-竹北,2023-10-23,7007
00715L,期街口布蘭特正2,36,0,36,兆豐-竹北,2023-10-23,7007
00671R,富邦NASDAQ反1,35,0,35,兆豐-竹北,2023-10-23,7007
00751B,元大AAA至A公司債,32,0,32,兆豐-竹北,2023-10-23,7007
00637L,元大滬深300正2,31,0,31,兆豐-竹北,2023-10-23,7007
3305,昇貿,46,20,26,兆豐-竹北,2023-10-23,7007
3363,上詮,51,27,24,兆豐-竹北,2023-10-23,7007
00882,中信中國高股息,24,0,24,兆豐-竹北,2023-10-23,7007
2301,光寶科,91,71,20,兆豐-竹北,2023-10-23,7007
2610,華航,29,9,20,兆豐-竹北,2023-10-23,7007
2881C,富邦金丙特,20,0,20,兆豐-竹北,2023-10-23,7007
4142,國光生,20,0,20,兆豐-竹北,2023-10-23,7007
5871A,中租-KY甲特,18,0,18,兆豐-竹北,2023-10-23,7007
00931B,統一美債20年,17,0,17,兆豐-竹北,2023-10-23,7007
2891,中信金,15,0,15,兆豐-竹北,2023-10-23,7007
00631L,元大台灣50正2,15,0,15,兆豐-竹北,2023-10-23,7007
2886,兆豐金,17,3,14,兆豐-竹北,2023-10-23,7007
00635U,期元大S＆P黃金,14,0,14,兆豐-竹北,2023-10-23,7007
00632R,元大台灣50反1,20,6,14,兆豐-竹北,2023-10-23,7007
00902,中信電池及儲能,13,0,13,兆豐-竹北,2023-10-23,7007
4961,天鈺,13,0,13,兆豐-竹北,2023-10-23,7007
1524,耿鼎,12,0,12,兆豐-竹北,2023-10-23,7007
00922,國泰台灣領袖50,15,4,11,兆豐-竹北,2023-10-23,7007
00679B,元大美債20年,46,35,11,兆豐-竹北,2023-10-23,7007
00753L,中信中國50正2,13,2,11,兆豐-竹北,2023-10-23,7007
0056,元大高股息,23,12,11,兆豐-竹北,2023-10-23,7007
00725B,國泰投資級公司債,10,0,10,兆豐-竹北,2023-10-23,7007
1789,神隆,10,0,10,兆豐-竹北,2023-10-23,7007
2031,新光鋼,10,0,10,兆豐-竹北,2023-10-23,7007
2308,台達電,10,0,10,兆豐-竹北,2023-10-23,7007
2354,鴻準,10,0,10,兆豐-竹北,2023-10-23,7007
2481,強茂,10,0,10,兆豐-竹北,2023-10-23,7007
2883,凱基金,17,7,10,兆豐-竹北,2023-10-23,7007
3706,神達,11,1,10,兆豐-竹北,2023-10-23,7007
6177,達麗,10,0,10,兆豐-竹北,2023-10-23,7007
00687B,國泰20年美債,34,25,9,兆豐-竹北,2023-10-23,7007
2891B,中信金乙特,65,0,65,兆豐-竹北,2023-10-24,7007
00671R,富邦NASDAQ反1,60,0,60,兆豐-竹北,2023-10-24,7007
00753L,中信中國50正2,46,3,43,兆豐-竹北,2023-10-24,7007
2369,菱生,90,54,36,兆豐-竹北,2023-10-24,7007
2610,華航,28,0,28,兆豐-竹北,2023-10-24,7007
3715,定穎投控,70,43,27,兆豐-竹北,2023-10-24,7007
00929,復華台灣科技優息,47,20,27,兆豐-竹北,2023-10-24,7007
2317,鴻海,51,26,25,兆豐-竹北,2023-10-24,7007
00665L,富邦�琤肭磪囓�2,25,0,25,兆豐-竹北,2023-10-24,7007
00712,復華富時不動產,24,0,24,兆豐-竹北,2023-10-24,7007
3078,僑威,21,2,19,兆豐-竹北,2023-10-24,7007
2002,中鋼,22,5,17,兆豐-竹北,2023-10-24,7007
6197,佳必琪,23,6,17,兆豐-竹北,2023-10-24,7007
00878,國泰永續高股息,31,14,17,兆豐-竹北,2023-10-24,7007
0056,元大高股息,33,17,16,兆豐-竹北,2023-10-24,7007
2891,中信金,16,0,16,兆豐-竹北,2023-10-24,7007
2363,矽統,46,31,15,兆豐-竹北,2023-10-24,7007
00715L,期街口布蘭特正2,14,0,14,兆豐-竹北,2023-10-24,7007
00931B,統一美債20年,14,0,14,兆豐-竹北,2023-10-24,7007
1303,南亞,13,0,13,兆豐-竹北,2023-10-24,7007
2429,銘旺科,13,0,13,兆豐-竹北,2023-10-24,7007
3260,威剛,17,6,11,兆豐-竹北,2023-10-24,7007
00857B,永豐20年美公債,11,0,11,兆豐-竹北,2023-10-24,7007
00647L,元大S＆P500正2,11,0,11,兆豐-竹北,2023-10-24,7007
00923,群益台ESG低碳50,11,0,11,兆豐-竹北,2023-10-24,7007
6168,宏齊,28,18,10,兆豐-竹北,2023-10-24,7007
00882,中信中國高股息,10,0,10,兆豐-竹北,2023-10-24,7007
2886,兆豐金,10,0,10,兆豐-竹北,2023-10-24,7007
1721,三晃,40,30,10,兆豐-竹北,2023-10-24,7007
2436,偉詮電,42,32,10,兆豐-竹北,2023-10-24,7007
3052,夆典,10,0,10,兆豐-竹北,2023-10-24,7007
3234,光環,15,5,10,兆豐-竹北,2023-10-24,7007
5471,松翰,10,0,10,兆豐-竹北,2023-10-24,7007
8028,昇陽半導體,10,0,10,兆豐-竹北,2023-10-24,7007
2344,華邦電,12,3,9,兆豐-竹北,2023-10-24,7007
8091,翔名,9,0,9,兆豐-竹北,2023-10-24,7007
00670L,富邦NASDAQ正2,8,0,8,兆豐-竹北,2023-10-24,7007
00751B,元大AAA至A公司債,8,0,8,兆豐-竹北,2023-10-24,7007
00679B,元大美債20年,11,3,8,兆豐-竹北,2023-10-24,7007
1785,光洋科,11,3,8,兆豐-竹北,2023-10-24,7007
2401,凌陽,22,14,8,兆豐-竹北,2023-10-24,7007
2618,長榮航,134,126,8,兆豐-竹北,2023-10-24,7007
5215,科嘉-KY,13,5,8,兆豐-竹北,2023-10-24,7007
1215,卜蜂,8,0,8,兆豐-竹北,2023-10-24,7007
2305,全友,19,12,7,兆豐-竹北,2023-10-24,7007
3624,光頡,7,0,7,兆豐-竹北,2023-10-24,7007
2634,漢翔,17,10,7,兆豐-竹北,2023-10-24,7007
2884,玉山金,7,0,7,兆豐-竹北,2023-10-24,7007
6122,擎邦,9,3,6,兆豐-竹北,2023-10-24,7007
00881,國泰台灣5G+,6,0,6,兆豐-竹北,2023-10-24,7007
00676R,富邦臺灣加權反1,200,0,200,兆豐-竹北,2023-10-25,7007
2388,威盛,131,28,103,兆豐-竹北,2023-10-25,7007
00671R,富邦NASDAQ反1,80,0,80,兆豐-竹北,2023-10-25,7007
8069,元太,60,0,60,兆豐-竹北,2023-10-25,7007
6016,康和證,50,0,50,兆豐-竹北,2023-10-25,7007
2886,兆豐金,30,0,30,兆豐-竹北,2023-10-25,7007
6415,矽力*-KY,31,2,29,兆豐-竹北,2023-10-25,7007
00679B,元大美債20年,20,0,20,兆豐-竹北,2023-10-25,7007
00712,復華富時不動產,20,0,20,兆豐-竹北,2023-10-25,7007
6719,力智,30,10,20,兆豐-竹北,2023-10-25,7007
8088,品安,21,1,20,兆豐-竹北,2023-10-25,7007
6274,台燿,20,1,19,兆豐-竹北,2023-10-25,7007
00878,國泰永續高股息,36,17,19,兆豐-竹北,2023-10-25,7007
00929,復華台灣科技優息,32,15,17,兆豐-竹北,2023-10-25,7007
00687B,國泰20年美債,16,0,16,兆豐-竹北,2023-10-25,7007
1524,耿鼎,62,46,16,兆豐-竹北,2023-10-25,7007
3481,群創,17,1,16,兆豐-竹北,2023-10-25,7007
8110,華東,18,3,15,兆豐-竹北,2023-10-25,7007
8091,翔名,14,0,14,兆豐-竹北,2023-10-25,7007
2332,友訊,13,0,13,兆豐-竹北,2023-10-25,7007
2618,長榮航,156,143,13,兆豐-竹北,2023-10-25,7007
2371,大同,12,0,12,兆豐-竹北,2023-10-25,7007
2317,鴻海,13,1,12,兆豐-竹北,2023-10-25,7007
1514,亞力,19,8,11,兆豐-竹北,2023-10-25,7007
1618,合機,27,16,11,兆豐-竹北,2023-10-25,7007
6197,佳必琪,22,11,11,兆豐-竹北,2023-10-25,7007
2409,友達,15,4,11,兆豐-竹北,2023-10-25,7007
00857B,永豐20年美公債,10,0,10,兆豐-竹北,2023-10-25,7007
00637L,元大滬深300正2,11,1,10,兆豐-竹北,2023-10-25,7007
00706L,期元大S＆P日圓正2,10,0,10,兆豐-竹北,2023-10-25,7007
2356,英業達,11,1,10,兆豐-竹北,2023-10-25,7007
00642U,期元大S＆P石油,9,0,9,兆豐-竹北,2023-10-25,7007
00753L,中信中國50正2,10,1,9,兆豐-竹北,2023-10-25,7007
8183,精星,10,1,9,兆豐-竹北,2023-10-25,7007
00715L,期街口布蘭特正2,8,0,8,兆豐-竹北,2023-10-25,7007
2892,第一金,8,0,8,兆豐-竹北,2023-10-25,7007
6168,宏齊,13,5,8,兆豐-竹北,2023-10-25,7007
3035,智原,30,23,7,兆豐-竹北,2023-10-25,7007
3037,欣興,8,1,7,兆豐-竹北,2023-10-25,7007
2301,光寶科,68,61,7,兆豐-竹北,2023-10-25,7007
8050,廣積,7,0,7,兆豐-竹北,2023-10-25,7007
00902,中信電池及儲能,7,0,7,兆豐-竹北,2023-10-25,7007
1216,統一,6,0,6,兆豐-竹北,2023-10-25,7007
00891,中信關鍵半導體,7,1,6,兆豐-竹北,2023-10-25,7007
2105,正新,6,0,6,兆豐-竹北,2023-10-25,7007
4102,永日,6,0,6,兆豐-竹北,2023-10-25,7007
4908,前鼎,13,7,6,兆豐-竹北,2023-10-25,7007
9950,萬國通,6,0,6,兆豐-竹北,2023-10-25,7007
6733,博晟生醫,5,0,5,兆豐-竹北,2023-10-25,7007
00633L,富邦上証正2,5,0,5,兆豐-竹北,2023-10-25,7007
00878,國泰永續高股息,145,0,145,兆豐-竹北,2023-10-26,7007
00929,復華台灣科技優息,125,8,117,兆豐-竹北,2023-10-26,7007
00753L,中信中國50正2,106,0,106,兆豐-竹北,2023-10-26,7007
00885,富邦越南,85,0,85,兆豐-竹北,2023-10-26,7007
2303,聯電,88,12,76,兆豐-竹北,2023-10-26,7007
3706,神達,66,4,62,兆豐-竹北,2023-10-26,7007
0056,元大高股息,60,1,59,兆豐-竹北,2023-10-26,7007
00632R,元大台灣50反1,52,0,52,兆豐-竹北,2023-10-26,7007
00712,復華富時不動產,41,0,41,兆豐-竹北,2023-10-26,7007
00680L,元大美債20正2,41,0,41,兆豐-竹北,2023-10-26,7007
2436,偉詮電,34,0,34,兆豐-竹北,2023-10-26,7007
0050,元大台灣50,31,0,31,兆豐-竹北,2023-10-26,7007
3481,群創,72,42,30,兆豐-竹北,2023-10-26,7007
00687B,國泰20年美債,29,0,29,兆豐-竹北,2023-10-26,7007
2485,兆赫,38,9,29,兆豐-竹北,2023-10-26,7007
2883,凱基金,35,9,26,兆豐-竹北,2023-10-26,7007
00919,群益台灣精選高息,26,0,26,兆豐-竹北,2023-10-26,7007
6770,力積電,31,5,26,兆豐-竹北,2023-10-26,7007
6901,鑽石投資,24,0,24,兆豐-竹北,2023-10-26,7007
2618,長榮航,169,146,23,兆豐-竹北,2023-10-26,7007
00902,中信電池及儲能,23,0,23,兆豐-竹北,2023-10-26,7007
2330,台積電,25,3,22,兆豐-竹北,2023-10-26,7007
00881,國泰台灣5G+,22,0,22,兆豐-竹北,2023-10-26,7007
3037,欣興,22,1,21,兆豐-竹北,2023-10-26,7007
00900,富邦特選高股息30,21,0,21,兆豐-竹北,2023-10-26,7007
3163,波若威,20,0,20,兆豐-竹北,2023-10-26,7007
1721,三晃,39,22,17,兆豐-竹北,2023-10-26,7007
2515,中工,17,0,17,兆豐-竹北,2023-10-26,7007
5880,合庫金,17,1,16,兆豐-竹北,2023-10-26,7007
5347,世界,17,1,16,兆豐-竹北,2023-10-26,7007
4552,力達-KY,15,0,15,兆豐-竹北,2023-10-26,7007
00679B,元大美債20年,14,0,14,兆豐-竹北,2023-10-26,7007
2344,華邦電,16,2,14,兆豐-竹北,2023-10-26,7007
2465,麗臺,22,9,13,兆豐-竹北,2023-10-26,7007
6117,迎廣,21,8,13,兆豐-竹北,2023-10-26,7007
00631L,元大台灣50正2,17,5,12,兆豐-竹北,2023-10-26,7007
3055,蔚華科,16,4,12,兆豐-竹北,2023-10-26,7007
00923,群益台ESG低碳50,12,0,12,兆豐-竹北,2023-10-26,7007
8358,金居,16,5,11,兆豐-竹北,2023-10-26,7007
2427,三商電,20,9,11,兆豐-竹北,2023-10-26,7007
2880,華南金,11,0,11,兆豐-竹北,2023-10-26,7007
3491,昇達科,17,6,11,兆豐-竹北,2023-10-26,7007
3563,牧德,11,0,11,兆豐-竹北,2023-10-26,7007
2317,鴻海,15,4,11,兆豐-竹北,2023-10-26,7007
2886,兆豐金,15,5,10,兆豐-竹北,2023-10-26,7007
2884,玉山金,10,0,10,兆豐-竹北,2023-10-26,7007
2002,中鋼,10,0,10,兆豐-竹北,2023-10-26,7007
6026,福邦證,10,0,10,兆豐-竹北,2023-10-26,7007
00893,國泰智能電動車,9,0,9,兆豐-竹北,2023-10-26,7007
8040,九暘,11,3,8,兆豐-竹北,2023-10-26,7007
2323,中環,200,0,200,兆豐-竹北,2023-10-27,7007
00878,國泰永續高股息,170,18,152,兆豐-竹北,2023-10-27,7007
00885,富邦越南,89,0,89,兆豐-竹北,2023-10-27,7007
00712,復華富時不動產,74,0,74,兆豐-竹北,2023-10-27,7007
00929,復華台灣科技優息,63,0,63,兆豐-竹北,2023-10-27,7007
0056,元大高股息,72,13,59,兆豐-竹北,2023-10-27,7007
2887,台新金,42,0,42,兆豐-竹北,2023-10-27,7007
00671R,富邦NASDAQ反1,55,20,35,兆豐-竹北,2023-10-27,7007
00919,群益台灣精選高息,33,0,33,兆豐-竹北,2023-10-27,7007
2317,鴻海,22,0,22,兆豐-竹北,2023-10-27,7007
4960,誠美材,29,8,21,兆豐-竹北,2023-10-27,7007
3363,上詮,39,19,20,兆豐-竹北,2023-10-27,7007
6494,九齊,20,0,20,兆豐-竹北,2023-10-27,7007
8028,昇陽半導體,20,0,20,兆豐-竹北,2023-10-27,7007
00687B,國泰20年美債,23,3,20,兆豐-竹北,2023-10-27,7007
00922,國泰台灣領袖50,17,0,17,兆豐-竹北,2023-10-27,7007
2301,光寶科,121,104,17,兆豐-竹北,2023-10-27,7007
9904,寶成,16,0,16,兆豐-竹北,2023-10-27,7007
00921,兆豐龍頭等權重,15,0,15,兆豐-竹北,2023-10-27,7007
00857B,永豐20年美公債,15,0,15,兆豐-竹北,2023-10-27,7007
6589,台康生技,17,2,15,兆豐-竹北,2023-10-27,7007
2379,瑞昱,13,0,13,兆豐-竹北,2023-10-27,7007
00907,永豐優息存股,12,0,12,兆豐-竹北,2023-10-27,7007
2515,中工,12,0,12,兆豐-竹北,2023-10-27,7007
1560,中砂,11,0,11,兆豐-竹北,2023-10-27,7007
2891,中信金,12,1,11,兆豐-竹北,2023-10-27,7007
00679B,元大美債20年,10,0,10,兆豐-竹北,2023-10-27,7007
00650L,復華香港正2,10,0,10,兆豐-竹北,2023-10-27,7007
4989,榮科,10,0,10,兆豐-竹北,2023-10-27,7007
6418,詠昇,10,0,10,兆豐-竹北,2023-10-27,7007
2886,兆豐金,14,4,10,兆豐-竹北,2023-10-27,7007
2457,飛宏,9,0,9,兆豐-竹北,2023-10-27,7007
00631L,元大台灣50正2,9,0,9,兆豐-竹北,2023-10-27,7007
3264,欣銓,15,6,9,兆豐-竹北,2023-10-27,7007
6901,鑽石投資,9,0,9,兆豐-竹北,2023-10-27,7007
2363,矽統,12,4,8,兆豐-竹北,2023-10-27,7007
2454,聯發科,9,2,7,兆豐-竹北,2023-10-27,7007
2883,凱基金,15,8,7,兆豐-竹北,2023-10-27,7007
00670L,富邦NASDAQ正2,7,0,7,兆豐-竹北,2023-10-27,7007
2329,華泰,7,0,7,兆豐-竹北,2023-10-27,7007
8024,佑華,7,0,7,兆豐-竹北,2023-10-27,7007
3035,智原,25,19,6,兆豐-竹北,2023-10-27,7007
3715,定穎投控,43,37,6,兆豐-竹北,2023-10-27,7007
1786,科妍,6,0,6,兆豐-竹北,2023-10-27,7007
3491,昇達科,6,0,6,兆豐-竹北,2023-10-27,7007
6150,撼訊,8,2,6,兆豐-竹北,2023-10-27,7007
6187,萬潤,6,0,6,兆豐-竹北,2023-10-27,7007
00632R,元大台灣50反1,5,0,5,兆豐-竹北,2023-10-27,7007
00715L,期街口布蘭特正2,5,0,5,兆豐-竹北,2023-10-27,7007
00673R,期元大S＆P原油反1,5,0,5,兆豐-竹北,2023-10-27,7007
00753L,中信中國50正2,136,2,134,兆豐-竹北,2023-10-30,7007
1314,中石化,89,2,87,兆豐-竹北,2023-10-30,7007
3706,神達,61,0,61,兆豐-竹北,2023-10-30,7007
2610,華航,37,1,36,兆豐-竹北,2023-10-30,7007
9105,泰金寶-DR,63,31,32,兆豐-竹北,2023-10-30,7007
6117,迎廣,45,19,26,兆豐-竹北,2023-10-30,7007
2363,矽統,29,3,26,兆豐-竹北,2023-10-30,7007
2405,輔信,22,0,22,兆豐-竹北,2023-10-30,7007
2406,國碩,20,0,20,兆豐-竹北,2023-10-30,7007
5880,合庫金,19,0,19,兆豐-竹北,2023-10-30,7007
2883,凱基金,18,0,18,兆豐-竹北,2023-10-30,7007
2850,新產,18,0,18,兆豐-竹北,2023-10-30,7007
00929,復華台灣科技優息,29,11,18,兆豐-竹北,2023-10-30,7007
00878,國泰永續高股息,16,0,16,兆豐-竹北,2023-10-30,7007
00712,復華富時不動產,23,8,15,兆豐-竹北,2023-10-30,7007
00864B,中信美國公債0-1,15,0,15,兆豐-竹北,2023-10-30,7007
4114,健喬,22,8,14,兆豐-竹北,2023-10-30,7007
9950,萬國通,14,0,14,兆豐-竹北,2023-10-30,7007
4960,誠美材,32,20,12,兆豐-竹北,2023-10-30,7007
1802,台玻,12,0,12,兆豐-竹北,2023-10-30,7007
00885,富邦越南,11,0,11,兆豐-竹北,2023-10-30,7007
3363,上詮,23,12,11,兆豐-竹北,2023-10-30,7007
4162,智擎,24,13,11,兆豐-竹北,2023-10-30,7007
00715L,期街口布蘭特正2,18,8,10,兆豐-竹北,2023-10-30,7007
1789,神隆,10,0,10,兆豐-竹北,2023-10-30,7007
2233,宇隆,11,1,10,兆豐-竹北,2023-10-30,7007
2515,中工,20,10,10,兆豐-竹北,2023-10-30,7007
2880,華南金,10,0,10,兆豐-竹北,2023-10-30,7007
3376,新日興,10,0,10,兆豐-竹北,2023-10-30,7007
4977,眾達-KY,10,0,10,兆豐-竹北,2023-10-30,7007
2317,鴻海,64,54,10,兆豐-竹北,2023-10-30,7007
2886,兆豐金,10,1,9,兆豐-竹北,2023-10-30,7007
4108,懷特,9,0,9,兆豐-竹北,2023-10-30,7007
6244,茂迪,10,1,9,兆豐-竹北,2023-10-30,7007
3014,聯陽,9,0,9,兆豐-竹北,2023-10-30,7007
0056,元大高股息,9,0,9,兆豐-竹北,2023-10-30,7007
2884,玉山金,8,0,8,兆豐-竹北,2023-10-30,7007
1721,三晃,9,1,8,兆豐-竹北,2023-10-30,7007
2412,中華電,8,0,8,兆豐-竹北,2023-10-30,7007
6292,迅德,8,0,8,兆豐-竹北,2023-10-30,7007
6901,鑽石投資,8,0,8,兆豐-竹北,2023-10-30,7007
3545,敦泰,23,15,8,兆豐-竹北,2023-10-30,7007
2891,中信金,7,0,7,兆豐-竹北,2023-10-30,7007
2485,兆赫,48,41,7,兆豐-竹北,2023-10-30,7007
8024,佑華,7,0,7,兆豐-竹北,2023-10-30,7007
3715,定穎投控,41,34,7,兆豐-竹北,2023-10-30,7007
1605,華新,6,0,6,兆豐-竹北,2023-10-30,7007
00679B,元大美債20年,6,0,6,兆豐-竹北,2023-10-30,7007
2356,英業達,9,3,6,兆豐-竹北,2023-10-30,7007
006208,富邦台50,6,0,6,兆豐-竹北,2023-10-30,7007
00687B,國泰20年美債,297,2,295,兆豐-竹北,2023-10-31,7007
2301,光寶科,235,159,76,兆豐-竹北,2023-10-31,7007
00671R,富邦NASDAQ反1,70,0,70,兆豐-竹北,2023-10-31,7007
4960,誠美材,53,1,52,兆豐-竹北,2023-10-31,7007
00753L,中信中國50正2,62,20,42,兆豐-竹北,2023-10-31,7007
00715L,期街口布蘭特正2,39,0,39,兆豐-竹北,2023-10-31,7007
2356,英業達,42,5,37,兆豐-竹北,2023-10-31,7007
3706,神達,37,0,37,兆豐-竹北,2023-10-31,7007
6770,力積電,34,3,31,兆豐-竹北,2023-10-31,7007
3122,笙泉,57,31,26,兆豐-竹北,2023-10-31,7007
2401,凌陽,25,0,25,兆豐-竹北,2023-10-31,7007
00929,復華台灣科技優息,33,9,24,兆豐-竹北,2023-10-31,7007
5608,四維航,21,0,21,兆豐-竹北,2023-10-31,7007
00878,國泰永續高股息,43,23,20,兆豐-竹北,2023-10-31,7007
2731,雄獅,20,0,20,兆豐-竹北,2023-10-31,7007
6290,良維,15,0,15,兆豐-竹北,2023-10-31,7007
6438,迅得,14,0,14,兆豐-竹北,2023-10-31,7007
0050,元大台灣50,15,2,13,兆豐-竹北,2023-10-31,7007
00673R,期元大S＆P原油反1,13,0,13,兆豐-竹北,2023-10-31,7007
9945,潤泰新,12,0,12,兆豐-竹北,2023-10-31,7007
00921,兆豐龍頭等權重,12,0,12,兆豐-竹北,2023-10-31,7007
2417,圓剛,21,9,12,兆豐-竹北,2023-10-31,7007
2485,兆赫,28,16,12,兆豐-竹北,2023-10-31,7007
00893,國泰智能電動車,11,0,11,兆豐-竹北,2023-10-31,7007
1605,華新,10,0,10,兆豐-竹北,2023-10-31,7007
3545,敦泰,11,1,10,兆豐-竹北,2023-10-31,7007
00637L,元大滬深300正2,10,0,10,兆豐-竹北,2023-10-31,7007
00931B,統一美債20年,10,0,10,兆豐-竹北,2023-10-31,7007
3363,上詮,26,16,10,兆豐-竹北,2023-10-31,7007
1905,華紙,10,0,10,兆豐-竹北,2023-10-31,7007
00902,中信電池及儲能,9,0,9,兆豐-竹北,2023-10-31,7007
00642U,期元大S＆P石油,9,0,9,兆豐-竹北,2023-10-31,7007
00895,富邦未來車,9,0,9,兆豐-竹北,2023-10-31,7007
2330,台積電,8,0,8,兆豐-竹北,2023-10-31,7007
00679B,元大美債20年,8,0,8,兆豐-竹北,2023-10-31,7007
00696B,富邦美債20年,8,0,8,兆豐-竹北,2023-10-31,7007
2233,宇隆,8,0,8,兆豐-竹北,2023-10-31,7007
2460,建通,14,6,8,兆豐-竹北,2023-10-31,7007
2634,漢翔,12,4,8,兆豐-竹北,2023-10-31,7007
5203,訊連,8,0,8,兆豐-竹北,2023-10-31,7007
6168,宏齊,8,0,8,兆豐-竹北,2023-10-31,7007
8432,東生華,8,0,8,兆豐-竹北,2023-10-31,7007
3189,景碩,9,2,7,兆豐-竹北,2023-10-31,7007
1612,宏泰,7,0,7,兆豐-竹北,2023-10-31,7007
2406,國碩,45,38,7,兆豐-竹北,2023-10-31,7007
3088,艾訊,7,0,7,兆豐-竹北,2023-10-31,7007
4961,天鈺,18,11,7,兆豐-竹北,2023-10-31,7007
00881,國泰台灣5G+,7,1,6,兆豐-竹北,2023-10-31,7007
2324,仁寶,8,2,6,兆豐-竹北,2023-10-31,7007
00922,國泰台灣領袖50,6,0,6,兆豐-竹北,2023-10-31,7007
00753L,中信中國50正2,337,1,336,兆豐-竹北,2023-11-01,7007
00676R,富邦臺灣加權反1,100,0,100,兆豐-竹北,2023-11-01,7007
00687B,國泰20年美債,94,0,94,兆豐-竹北,2023-11-01,7007
2301,光寶科,111,45,66,兆豐-竹北,2023-11-01,7007
00929,復華台灣科技優息,59,5,54,兆豐-竹北,2023-11-01,7007
00878,國泰永續高股息,53,2,51,兆豐-竹北,2023-11-01,7007
2891,中信金,51,0,51,兆豐-竹北,2023-11-01,7007
2731,雄獅,45,3,42,兆豐-竹北,2023-11-01,7007
00679B,元大美債20年,36,0,36,兆豐-竹北,2023-11-01,7007
00715L,期街口布蘭特正2,34,0,34,兆豐-竹北,2023-11-01,7007
0056,元大高股息,33,0,33,兆豐-竹北,2023-11-01,7007
00922,國泰台灣領袖50,25,0,25,兆豐-竹北,2023-11-01,7007
6142,友勁,22,0,22,兆豐-竹北,2023-11-01,7007
00671R,富邦NASDAQ反1,20,0,20,兆豐-竹北,2023-11-01,7007
00934,中信成長高股息,60,40,20,兆豐-竹北,2023-11-01,7007
6197,佳必琪,25,5,20,兆豐-竹北,2023-11-01,7007
2883,凱基金,17,0,17,兆豐-竹北,2023-11-01,7007
3014,聯陽,16,0,16,兆豐-竹北,2023-11-01,7007
2417,圓剛,34,18,16,兆豐-竹北,2023-11-01,7007
00632R,元大台灣50反1,25,10,15,兆豐-竹北,2023-11-01,7007
6274,台燿,26,12,14,兆豐-竹北,2023-11-01,7007
00720B,元大投資級公司債,13,0,13,兆豐-竹北,2023-11-01,7007
6186,新潤,13,0,13,兆豐-竹北,2023-11-01,7007
6244,茂迪,14,1,13,兆豐-竹北,2023-11-01,7007
6216,居易,18,6,12,兆豐-竹北,2023-11-01,7007
1210,大成,11,0,11,兆豐-竹北,2023-11-01,7007
4953,緯軟,11,0,11,兆豐-竹北,2023-11-01,7007
00931B,統一美債20年,10,0,10,兆豐-竹北,2023-11-01,7007
00830,國泰費城半導體,10,0,10,兆豐-竹北,2023-11-01,7007
00706L,期元大S＆P日圓正2,10,0,10,兆豐-竹北,2023-11-01,7007
00637L,元大滬深300正2,10,0,10,兆豐-竹北,2023-11-01,7007
1714,和桐,10,0,10,兆豐-竹北,2023-11-01,7007
3004,豐達科,10,0,10,兆豐-竹北,2023-11-01,7007
3163,波若威,17,7,10,兆豐-竹北,2023-11-01,7007
5425,台半,10,0,10,兆豐-竹北,2023-11-01,7007
8086,宏捷科,12,3,9,兆豐-竹北,2023-11-01,7007
00631L,元大台灣50正2,9,0,9,兆豐-竹北,2023-11-01,7007
1609,大亞,8,0,8,兆豐-竹北,2023-11-01,7007
3038,全台,8,0,8,兆豐-竹北,2023-11-01,7007
4529,淳紳,8,0,8,兆豐-竹北,2023-11-01,7007
6438,迅得,8,0,8,兆豐-竹北,2023-11-01,7007
4915,致伸,7,0,7,兆豐-竹北,2023-11-01,7007
00642U,期元大S＆P石油,8,1,7,兆豐-竹北,2023-11-01,7007
2405,輔信,7,0,7,兆豐-竹北,2023-11-01,7007
3521,鴻翊,7,0,7,兆豐-竹北,2023-11-01,7007
6139,亞翔,7,0,7,兆豐-竹北,2023-11-01,7007
6492,生華科,14,7,7,兆豐-竹北,2023-11-01,7007
00885,富邦越南,6,0,6,兆豐-竹北,2023-11-01,7007
00688L,國泰20年美債正2,6,0,6,兆豐-竹北,2023-11-01,7007
2409,友達,29,23,6,兆豐-竹北,2023-11-01,7007
00753L,中信中國50正2,126,31,95,兆豐-竹北,2023-11-02,7007
00687B,國泰20年美債,47,0,47,兆豐-竹北,2023-11-02,7007
6282,康舒,25,0,25,兆豐-竹北,2023-11-02,7007
2731,雄獅,25,1,24,兆豐-竹北,2023-11-02,7007
00712,復華富時不動產,40,19,21,兆豐-竹北,2023-11-02,7007
00935,野村臺灣新科技50,20,0,20,兆豐-竹北,2023-11-02,7007
2344,華邦電,23,4,19,兆豐-竹北,2023-11-02,7007
00878,國泰永續高股息,18,0,18,兆豐-竹北,2023-11-02,7007
00715L,期街口布蘭特正2,15,0,15,兆豐-竹北,2023-11-02,7007
0056,元大高股息,29,14,15,兆豐-竹北,2023-11-02,7007
5203,訊連,14,0,14,兆豐-竹北,2023-11-02,7007
6274,台燿,28,15,13,兆豐-竹北,2023-11-02,7007
2489,瑞軒,15,3,12,兆豐-竹北,2023-11-02,7007
9945,潤泰新,14,2,12,兆豐-竹北,2023-11-02,7007
3221,台嘉碩,12,0,12,兆豐-竹北,2023-11-02,7007
00679B,元大美債20年,12,1,11,兆豐-竹北,2023-11-02,7007
3162,精確,11,0,11,兆豐-竹北,2023-11-02,7007
00637L,元大滬深300正2,11,1,10,兆豐-竹北,2023-11-02,7007
00632R,元大台灣50反1,10,0,10,兆豐-竹北,2023-11-02,7007
1444,力麗,10,0,10,兆豐-竹北,2023-11-02,7007
2312,金寶,10,0,10,兆豐-竹北,2023-11-02,7007
3363,上詮,22,12,10,兆豐-竹北,2023-11-02,7007
4167,松瑞藥,44,34,10,兆豐-竹北,2023-11-02,7007
5388,中磊,10,0,10,兆豐-竹北,2023-11-02,7007
6415,矽力*-KY,14,6,8,兆豐-竹北,2023-11-02,7007
2206,三陽工業,10,2,8,兆豐-竹北,2023-11-02,7007
3041,揚智,12,4,8,兆豐-竹北,2023-11-02,7007
3322,建舜電,22,14,8,兆豐-竹北,2023-11-02,7007
2883,凱基金,10,2,8,兆豐-竹北,2023-11-02,7007
1786,科妍,7,0,7,兆豐-竹北,2023-11-02,7007
3346,麗清,7,0,7,兆豐-竹北,2023-11-02,7007
006208,富邦台50,6,0,6,兆豐-竹北,2023-11-02,7007
2364,倫飛,6,0,6,兆豐-竹北,2023-11-02,7007
00857B,永豐20年美公債,6,0,6,兆豐-竹北,2023-11-02,7007
3715,定穎投控,76,70,6,兆豐-竹北,2023-11-02,7007
3231,緯創,18,12,6,兆豐-竹北,2023-11-02,7007
3094,聯傑,18,13,5,兆豐-竹北,2023-11-02,7007
2354,鴻準,5,0,5,兆豐-竹北,2023-11-02,7007
2427,三商電,7,2,5,兆豐-竹北,2023-11-02,7007
2534,宏盛,5,0,5,兆豐-竹北,2023-11-02,7007
2887,台新金,5,0,5,兆豐-竹北,2023-11-02,7007
6005,群益證,5,0,5,兆豐-竹北,2023-11-02,7007
6197,佳必琪,5,0,5,兆豐-竹北,2023-11-02,7007
2376,技嘉,6,1,5,兆豐-竹北,2023-11-02,7007
2884,玉山金,5,0,5,兆豐-竹北,2023-11-02,7007
00922,國泰台灣領袖50,5,0,5,兆豐-竹北,2023-11-02,7007
00725B,國泰投資級公司債,5,1,4,兆豐-竹北,2023-11-02,7007
00751B,元大AAA至A公司債,4,0,4,兆豐-竹北,2023-11-02,7007
2486,一詮,8,4,4,兆豐-竹北,2023-11-02,7007
2883B,凱基金乙特,4,0,4,兆豐-竹北,2023-11-02,7007
00671R,富邦NASDAQ反1,130,0,130,兆豐-竹北,2023-11-03,7007
00679B,元大美債20年,112,0,112,兆豐-竹北,2023-11-03,7007
00753L,中信中國50正2,80,17,63,兆豐-竹北,2023-11-03,7007
6156,松上,58,0,58,兆豐-竹北,2023-11-03,7007
00935,野村臺灣新科技50,44,0,44,兆豐-竹北,2023-11-03,7007
00933B,國泰10Y+金融債,36,0,36,兆豐-竹北,2023-11-03,7007
00687B,國泰20年美債,45,13,32,兆豐-竹北,2023-11-03,7007
2388,威盛,79,49,30,兆豐-竹北,2023-11-03,7007
6282,康舒,30,1,29,兆豐-竹北,2023-11-03,7007
3035,智原,42,19,23,兆豐-竹北,2023-11-03,7007
2615,萬海,21,0,21,兆豐-竹北,2023-11-03,7007
6548,長科*,21,0,21,兆豐-竹北,2023-11-03,7007
4945,陞達科技,21,1,20,兆豐-竹北,2023-11-03,7007
8068,全達,24,4,20,兆豐-竹北,2023-11-03,7007
00637L,元大滬深300正2,16,0,16,兆豐-竹北,2023-11-03,7007
6770,力積電,39,23,16,兆豐-竹北,2023-11-03,7007
5521,工信,15,0,15,兆豐-竹北,2023-11-03,7007
0056,元大高股息,17,2,15,兆豐-竹北,2023-11-03,7007
00885,富邦越南,13,0,13,兆豐-竹北,2023-11-03,7007
2317,鴻海,15,5,10,兆豐-竹北,2023-11-03,7007
2363,矽統,71,61,10,兆豐-竹北,2023-11-03,7007
00641R,富邦日本反1,10,0,10,兆豐-竹北,2023-11-03,7007
9950,萬國通,11,1,10,兆豐-竹北,2023-11-03,7007
2352,佳世達,10,0,10,兆豐-竹北,2023-11-03,7007
6285,啟��,21,11,10,兆豐-竹北,2023-11-03,7007
2458,義隆,12,3,9,兆豐-竹北,2023-11-03,7007
00713,元大台灣高息低波,8,0,8,兆豐-竹北,2023-11-03,7007
5608,四維航,8,0,8,兆豐-竹北,2023-11-03,7007
1524,耿鼎,14,7,7,兆豐-竹北,2023-11-03,7007
2731,雄獅,9,2,7,兆豐-竹北,2023-11-03,7007
3682,亞太電,7,0,7,兆豐-竹北,2023-11-03,7007
5215,科嘉-KY,11,4,7,兆豐-竹北,2023-11-03,7007
5234,達興材料,7,0,7,兆豐-竹北,2023-11-03,7007
8054,安國,8,1,7,兆豐-竹北,2023-11-03,7007
00662,富邦NASDAQ,7,0,7,兆豐-竹北,2023-11-03,7007
00650L,復華香港正2,6,0,6,兆豐-竹北,2023-11-03,7007
1463,強盛新,12,6,6,兆豐-竹北,2023-11-03,7007
4739,康普,6,0,6,兆豐-竹北,2023-11-03,7007
3231,緯創,19,13,6,兆豐-竹北,2023-11-03,7007
3014,聯陽,5,0,5,兆豐-竹北,2023-11-03,7007
00680L,元大美債20正2,5,0,5,兆豐-竹北,2023-11-03,7007
1409,新纖,6,1,5,兆豐-竹北,2023-11-03,7007
1468,昶和,5,0,5,兆豐-竹北,2023-11-03,7007
1717,長興,5,0,5,兆豐-竹北,2023-11-03,7007
3017,奇鋐,6,1,5,兆豐-竹北,2023-11-03,7007
3138,耀登,5,0,5,兆豐-竹北,2023-11-03,7007
3189,景碩,6,1,5,兆豐-竹北,2023-11-03,7007
3706,神達,5,0,5,兆豐-竹北,2023-11-03,7007
4746,台耀,5,0,5,兆豐-竹北,2023-11-03,7007
6116,彩晶,5,0,5,兆豐-竹北,2023-11-03,7007
2887,台新金,95,1,94,兆豐-竹北,2023-11-06,7007
2882B,國泰金乙特,90,0,90,兆豐-竹北,2023-11-06,7007
2388,威盛,151,94,57,兆豐-竹北,2023-11-06,7007
00642U,期元大S＆P石油,50,0,50,兆豐-竹北,2023-11-06,7007
00878,國泰永續高股息,73,26,47,兆豐-竹北,2023-11-06,7007
2401,凌陽,35,5,30,兆豐-竹北,2023-11-06,7007
2881B,富邦金乙特,27,0,27,兆豐-竹北,2023-11-06,7007
8011,台通,25,0,25,兆豐-竹北,2023-11-06,7007
2439,美律,29,5,24,兆豐-竹北,2023-11-06,7007
00632R,元大台灣50反1,20,0,20,兆豐-竹北,2023-11-06,7007
2731,雄獅,20,0,20,兆豐-竹北,2023-11-06,7007
8028,昇陽半導體,20,0,20,兆豐-竹北,2023-11-06,7007
00753L,中信中國50正2,20,2,18,兆豐-竹北,2023-11-06,7007
00715L,期街口布蘭特正2,18,0,18,兆豐-竹北,2023-11-06,7007
6901,鑽石投資,16,1,15,兆豐-竹北,2023-11-06,7007
00712,復華富時不動產,14,0,14,兆豐-竹北,2023-11-06,7007
3450,聯鈞,15,3,12,兆豐-竹北,2023-11-06,7007
9950,萬國通,12,0,12,兆豐-竹北,2023-11-06,7007
00679B,元大美債20年,12,1,11,兆豐-竹北,2023-11-06,7007
1514,亞力,11,0,11,兆豐-竹北,2023-11-06,7007
2891B,中信金乙特,11,0,11,兆豐-竹北,2023-11-06,7007
3019,亞光,11,0,11,兆豐-竹北,2023-11-06,7007
3596,智易,10,0,10,兆豐-竹北,2023-11-06,7007
00933B,國泰10Y+金融債,10,0,10,兆豐-竹北,2023-11-06,7007
00680L,元大美債20正2,10,0,10,兆豐-竹北,2023-11-06,7007
3532,台勝科,10,0,10,兆豐-竹北,2023-11-06,7007
6122,擎邦,10,0,10,兆豐-竹北,2023-11-06,7007
9945,潤泰新,10,0,10,兆豐-竹北,2023-11-06,7007
00900,富邦特選高股息30,9,0,9,兆豐-竹北,2023-11-06,7007
3035,智原,21,12,9,兆豐-竹北,2023-11-06,7007
2610,華航,31,22,9,兆豐-竹北,2023-11-06,7007
3689,湧德,10,1,9,兆豐-竹北,2023-11-06,7007
6223,旺矽,12,3,9,兆豐-竹北,2023-11-06,7007
1519,華城,11,3,8,兆豐-竹北,2023-11-06,7007
1802,台玻,8,0,8,兆豐-竹北,2023-11-06,7007
3308,聯德,8,0,8,兆豐-竹北,2023-11-06,7007
5203,訊連,8,0,8,兆豐-竹北,2023-11-06,7007
2329,華泰,11,4,7,兆豐-竹北,2023-11-06,7007
2634,漢翔,9,2,7,兆豐-竹北,2023-11-06,7007
4168,醣聯,7,0,7,兆豐-竹北,2023-11-06,7007
2376,技嘉,17,10,7,兆豐-竹北,2023-11-06,7007
00882,中信中國高股息,6,0,6,兆豐-竹北,2023-11-06,7007
00637L,元大滬深300正2,10,4,6,兆豐-竹北,2023-11-06,7007
6133,金橋,6,0,6,兆豐-竹北,2023-11-06,7007
00713,元大台灣高息低波,10,5,5,兆豐-竹北,2023-11-06,7007
1608,華榮,5,0,5,兆豐-竹北,2023-11-06,7007
2017,官田鋼,5,0,5,兆豐-竹北,2023-11-06,7007
2211,長榮鋼,5,0,5,兆豐-竹北,2023-11-06,7007
3630,新鉅科,5,0,5,兆豐-竹北,2023-11-06,7007
4933,友輝,5,0,5,兆豐-竹北,2023-11-06,7007
2881B,富邦金乙特,105,0,105,兆豐-竹北,2023-11-07,7007
2882B,國泰金乙特,87,0,87,兆豐-竹北,2023-11-07,7007
2882A,國泰特,58,0,58,兆豐-竹北,2023-11-07,7007
2388,威盛,53,1,52,兆豐-竹北,2023-11-07,7007
2891B,中信金乙特,44,0,44,兆豐-竹北,2023-11-07,7007
00688L,國泰20年美債正2,31,0,31,兆豐-竹北,2023-11-07,7007
8028,昇陽半導體,30,0,30,兆豐-竹北,2023-11-07,7007
00679B,元大美債20年,27,0,27,兆豐-竹北,2023-11-07,7007
4167,松瑞藥,41,16,25,兆豐-竹北,2023-11-07,7007
2618,長榮航,132,109,23,兆豐-竹北,2023-11-07,7007
00715L,期街口布蘭特正2,19,0,19,兆豐-竹北,2023-11-07,7007
1815,富喬,39,23,16,兆豐-竹北,2023-11-07,7007
2427,三商電,16,0,16,兆豐-竹北,2023-11-07,7007
2449,京元電子,17,1,16,兆豐-竹北,2023-11-07,7007
00878,國泰永續高股息,16,2,14,兆豐-竹北,2023-11-07,7007
3025,星通,13,0,13,兆豐-竹北,2023-11-07,7007
5351,鈺創,15,3,12,兆豐-竹北,2023-11-07,7007
2460,建通,12,0,12,兆豐-竹北,2023-11-07,7007
3062,建漢,11,0,11,兆豐-竹北,2023-11-07,7007
00687B,國泰20年美債,11,0,11,兆豐-竹北,2023-11-07,7007
00642U,期元大S＆P石油,12,2,10,兆豐-竹北,2023-11-07,7007
00751B,元大AAA至A公司債,10,0,10,兆豐-竹北,2023-11-07,7007
00935,野村臺灣新科技50,10,0,10,兆豐-竹北,2023-11-07,7007
1722,台肥,10,0,10,兆豐-竹北,2023-11-07,7007
2516,新建,10,0,10,兆豐-竹北,2023-11-07,7007
6153,嘉聯益,10,0,10,兆豐-竹北,2023-11-07,7007
8048,德勝,10,0,10,兆豐-竹北,2023-11-07,7007
8131,福懋科,10,0,10,兆豐-竹北,2023-11-07,7007
9930,中聯資源,10,0,10,兆豐-竹北,2023-11-07,7007
9945,潤泰新,10,0,10,兆豐-竹北,2023-11-07,7007
00929,復華台灣科技優息,12,2,10,兆豐-竹北,2023-11-07,7007
2363,矽統,37,27,10,兆豐-竹北,2023-11-07,7007
6901,鑽石投資,13,3,10,兆豐-竹北,2023-11-07,7007
2439,美律,13,4,9,兆豐-竹北,2023-11-07,7007
1560,中砂,11,2,9,兆豐-竹北,2023-11-07,7007
6625,必應,36,27,9,兆豐-竹北,2023-11-07,7007
2382,廣達,12,4,8,兆豐-竹北,2023-11-07,7007
3231,緯創,15,7,8,兆豐-竹北,2023-11-07,7007
3623,富晶通,32,24,8,兆豐-竹北,2023-11-07,7007
4967,十銓,12,4,8,兆豐-竹北,2023-11-07,7007
00933B,國泰10Y+金融債,8,1,7,兆豐-竹北,2023-11-07,7007
00713,元大台灣高息低波,7,0,7,兆豐-竹北,2023-11-07,7007
00882,中信中國高股息,6,0,6,兆豐-竹北,2023-11-07,7007
00712,復華富時不動產,6,0,6,兆豐-竹北,2023-11-07,7007
6732,昇佳電子,12,6,6,兆豐-竹北,2023-11-07,7007
8210,勤誠,6,0,6,兆豐-竹北,2023-11-07,7007
1721,三晃,13,7,6,兆豐-竹北,2023-11-07,7007
2405,輔信,6,0,6,兆豐-竹北,2023-11-07,7007
2408,南亞科,6,0,6,兆豐-竹北,2023-11-07,7007
4919,新唐,6,0,6,兆豐-竹北,2023-11-07,7007
00671R,富邦NASDAQ反1,210,0,210,兆豐-竹北,2023-11-08,7007
00936,台新永續高息中小,102,0,102,兆豐-竹北,2023-11-08,7007
2388,威盛,108,33,75,兆豐-竹北,2023-11-08,7007
00929,復華台灣科技優息,49,1,48,兆豐-竹北,2023-11-08,7007
1314,中石化,51,5,46,兆豐-竹北,2023-11-08,7007
2515,中工,42,2,40,兆豐-竹北,2023-11-08,7007
8028,昇陽半導體,30,0,30,兆豐-竹北,2023-11-08,7007
4938,和碩,30,1,29,兆豐-竹北,2023-11-08,7007
00642U,期元大S＆P石油,26,1,25,兆豐-竹北,2023-11-08,7007
6667,信紘科,22,0,22,兆豐-竹北,2023-11-08,7007
3231,緯創,61,39,22,兆豐-竹北,2023-11-08,7007
3163,波若威,22,0,22,兆豐-竹北,2023-11-08,7007
00935,野村臺灣新科技50,20,0,20,兆豐-竹北,2023-11-08,7007
1444,力麗,20,0,20,兆豐-竹北,2023-11-08,7007
2801,彰銀,20,0,20,兆豐-竹北,2023-11-08,7007
00715L,期街口布蘭特正2,20,2,18,兆豐-竹北,2023-11-08,7007
8150,南茂,18,0,18,兆豐-竹北,2023-11-08,7007
9941A,裕融甲特,17,0,17,兆豐-竹北,2023-11-08,7007
6901,鑽石投資,23,6,17,兆豐-竹北,2023-11-08,7007
6770,力積電,15,0,15,兆豐-竹北,2023-11-08,7007
00679B,元大美債20年,23,8,15,兆豐-竹北,2023-11-08,7007
5521,工信,14,0,14,兆豐-竹北,2023-11-08,7007
6127,九豪,14,0,14,兆豐-竹北,2023-11-08,7007
6170,統振,14,0,14,兆豐-竹北,2023-11-08,7007
4167,松瑞藥,16,3,13,兆豐-竹北,2023-11-08,7007
00934,中信成長高股息,11,0,11,兆豐-竹北,2023-11-08,7007
3035,智原,16,5,11,兆豐-竹北,2023-11-08,7007
00641R,富邦日本反1,11,0,11,兆豐-竹北,2023-11-08,7007
2344,華邦電,11,0,11,兆豐-竹北,2023-11-08,7007
3041,揚智,15,4,11,兆豐-竹北,2023-11-08,7007
2356,英業達,18,8,10,兆豐-竹北,2023-11-08,7007
4961,天鈺,10,0,10,兆豐-竹北,2023-11-08,7007
00665L,富邦�琤肭磪囓�2,10,0,10,兆豐-竹北,2023-11-08,7007
2495,普安,11,1,10,兆豐-竹北,2023-11-08,7007
2883B,凱基金乙特,10,0,10,兆豐-竹北,2023-11-08,7007
4945,陞達科技,10,0,10,兆豐-竹北,2023-11-08,7007
4973,廣穎,12,2,10,兆豐-竹北,2023-11-08,7007
4977,眾達-KY,10,0,10,兆豐-竹北,2023-11-08,7007
6257,矽格,10,0,10,兆豐-竹北,2023-11-08,7007
6603,富強鑫,21,11,10,兆豐-竹北,2023-11-08,7007
8068,全達,10,0,10,兆豐-竹北,2023-11-08,7007
2301,光寶科,116,106,10,兆豐-竹北,2023-11-08,7007
2382,廣達,20,11,9,兆豐-竹北,2023-11-08,7007
6129,普誠,10,1,9,兆豐-竹北,2023-11-08,7007
5347,世界,8,0,8,兆豐-竹北,2023-11-08,7007
2002,中鋼,8,0,8,兆豐-竹北,2023-11-08,7007
3034,聯詠,23,15,8,兆豐-竹北,2023-11-08,7007
1608,華榮,8,0,8,兆豐-竹北,2023-11-08,7007
4102,永日,8,0,8,兆豐-竹北,2023-11-08,7007
6278,台表科,8,0,8,兆豐-竹北,2023-11-08,7007
00929,復華台灣科技優息,102,34,68,兆豐-竹北,2023-11-09,7007
00642U,期元大S＆P石油,51,0,51,兆豐-竹北,2023-11-09,7007
3122,笙泉,52,16,36,兆豐-竹北,2023-11-09,7007
9941A,裕融甲特,29,0,29,兆豐-竹北,2023-11-09,7007
3024,憶聲,27,0,27,兆豐-竹北,2023-11-09,7007
6901,鑽石投資,32,5,27,兆豐-竹北,2023-11-09,7007
6603,富強鑫,24,0,24,兆豐-竹北,2023-11-09,7007
3032,偉訓,25,2,23,兆豐-竹北,2023-11-09,7007
2344,華邦電,27,5,22,兆豐-竹北,2023-11-09,7007
2605,新興,22,0,22,兆豐-竹北,2023-11-09,7007
3041,揚智,34,12,22,兆豐-竹北,2023-11-09,7007
00680L,元大美債20正2,21,0,21,兆豐-竹北,2023-11-09,7007
2618,長榮航,45,24,21,兆豐-竹北,2023-11-09,7007
5347,世界,21,1,20,兆豐-竹北,2023-11-09,7007
2303,聯電,23,4,19,兆豐-竹北,2023-11-09,7007
1314,中石化,23,4,19,兆豐-竹北,2023-11-09,7007
00715L,期街口布蘭特正2,31,14,17,兆豐-竹北,2023-11-09,7007
00687B,國泰20年美債,18,3,15,兆豐-竹北,2023-11-09,7007
00933B,國泰10Y+金融債,14,0,14,兆豐-竹北,2023-11-09,7007
6139,亞翔,28,14,14,兆豐-竹北,2023-11-09,7007
8034,榮群,68,54,14,兆豐-竹北,2023-11-09,7007
3043,科風,16,3,13,兆豐-竹北,2023-11-09,7007
2929,淘帝-KY,13,1,12,兆豐-竹北,2023-11-09,7007
2338,光罩,11,0,11,兆豐-竹北,2023-11-09,7007
2329,華泰,25,14,11,兆豐-竹北,2023-11-09,7007
2312,金寶,11,0,11,兆豐-竹北,2023-11-09,7007
1618,合機,10,0,10,兆豐-竹北,2023-11-09,7007
2867,三商壽,10,0,10,兆豐-竹北,2023-11-09,7007
5871A,中租-KY甲特,10,0,10,兆豐-竹北,2023-11-09,7007
2417,圓剛,11,2,9,兆豐-竹北,2023-11-09,7007
6116,彩晶,10,1,9,兆豐-竹北,2023-11-09,7007
2356,英業達,10,2,8,兆豐-竹北,2023-11-09,7007
6530,創威,24,16,8,兆豐-竹北,2023-11-09,7007
2382,廣達,17,10,7,兆豐-竹北,2023-11-09,7007
2610,華航,22,15,7,兆豐-竹北,2023-11-09,7007
3006,晶豪科,7,0,7,兆豐-竹北,2023-11-09,7007
00936,台新永續高息中小,7,0,7,兆豐-竹北,2023-11-09,7007
00885,富邦越南,10,3,7,兆豐-竹北,2023-11-09,7007
3162,精確,7,0,7,兆豐-竹北,2023-11-09,7007
00720B,元大投資級公司債,6,0,6,兆豐-竹北,2023-11-09,7007
00753L,中信中國50正2,6,0,6,兆豐-竹北,2023-11-09,7007
1815,富喬,7,1,6,兆豐-竹北,2023-11-09,7007
3704,合勤控,13,7,6,兆豐-竹北,2023-11-09,7007
6191,精成科,6,0,6,兆豐-竹北,2023-11-09,7007
8054,安國,10,4,6,兆豐-竹北,2023-11-09,7007
00713,元大台灣高息低波,5,0,5,兆豐-竹北,2023-11-09,7007
1519,華城,9,4,5,兆豐-竹北,2023-11-09,7007
2354,鴻準,5,0,5,兆豐-竹北,2023-11-09,7007
2731,雄獅,5,0,5,兆豐-竹北,2023-11-09,7007
2883B,凱基金乙特,5,0,5,兆豐-竹北,2023-11-09,7007
2313,華通,138,33,105,兆豐-竹北,2023-11-10,7007
00753L,中信中國50正2,113,10,103,兆豐-竹北,2023-11-10,7007
00929,復華台灣科技優息,96,42,54,兆豐-竹北,2023-11-10,7007
00878,國泰永續高股息,38,0,38,兆豐-竹北,2023-11-10,7007
00715L,期街口布蘭特正2,37,2,35,兆豐-竹北,2023-11-10,7007
2301,光寶科,57,25,32,兆豐-竹北,2023-11-10,7007
3231,緯創,55,25,30,兆豐-竹北,2023-11-10,7007
3024,憶聲,30,0,30,兆豐-竹北,2023-11-10,7007
8028,昇陽半導體,30,0,30,兆豐-竹北,2023-11-10,7007
00936,台新永續高息中小,27,0,27,兆豐-竹北,2023-11-10,7007
8011,台通,26,0,26,兆豐-竹北,2023-11-10,7007
3014,聯陽,22,0,22,兆豐-竹北,2023-11-10,7007
2387,精元,22,1,21,兆豐-竹北,2023-11-10,7007
5871A,中租-KY甲特,20,0,20,兆豐-竹北,2023-11-10,7007
6895,宏碩系統,22,3,19,兆豐-竹北,2023-11-10,7007
2388,威盛,18,2,16,兆豐-竹北,2023-11-10,7007
4533,協易機,20,4,16,兆豐-竹北,2023-11-10,7007
2486,一詮,19,4,15,兆豐-竹北,2023-11-10,7007
2303,聯電,16,2,14,兆豐-竹北,2023-11-10,7007
4128,中天,28,15,13,兆豐-竹北,2023-11-10,7007
6156,松上,13,0,13,兆豐-竹北,2023-11-10,7007
3363,上詮,14,2,12,兆豐-竹北,2023-11-10,7007
3706,神達,20,8,12,兆豐-竹北,2023-11-10,7007
00795B,中信美國公債20年,11,0,11,兆豐-竹北,2023-11-10,7007
2464,盟立,11,0,11,兆豐-竹北,2023-11-10,7007
2913,農林,11,0,11,兆豐-竹北,2023-11-10,7007
3289,宜特,11,0,11,兆豐-竹北,2023-11-10,7007
6901,鑽石投資,12,2,10,兆豐-竹北,2023-11-10,7007
00679B,元大美債20年,24,14,10,兆豐-竹北,2023-11-10,7007
00931B,統一美債20年,10,0,10,兆豐-竹北,2023-11-10,7007
00904,新光臺灣半導體30,10,0,10,兆豐-竹北,2023-11-10,7007
00893,國泰智能電動車,10,0,10,兆豐-竹北,2023-11-10,7007
1582,信錦,10,0,10,兆豐-竹北,2023-11-10,7007
1806,冠軍,10,0,10,兆豐-竹北,2023-11-10,7007
2015,豐興,10,0,10,兆豐-竹北,2023-11-10,7007
2369,菱生,17,7,10,兆豐-竹北,2023-11-10,7007
2515,中工,10,0,10,兆豐-竹北,2023-11-10,7007
2528,皇普,10,0,10,兆豐-竹北,2023-11-10,7007
2867,三商壽,10,0,10,兆豐-竹北,2023-11-10,7007
3338,泰碩,10,0,10,兆豐-竹北,2023-11-10,7007
6282,康舒,10,0,10,兆豐-竹北,2023-11-10,7007
8150,南茂,11,1,10,兆豐-竹北,2023-11-10,7007
0056,元大高股息,11,2,9,兆豐-竹北,2023-11-10,7007
00712,復華富時不動產,9,0,9,兆豐-竹北,2023-11-10,7007
00882,中信中國高股息,8,0,8,兆豐-竹北,2023-11-10,7007
3041,揚智,18,10,8,兆豐-竹北,2023-11-10,7007
4931,新盛力,8,0,8,兆豐-竹北,2023-11-10,7007
5203,訊連,8,0,8,兆豐-竹北,2023-11-10,7007
6148,驊宏資,8,0,8,兆豐-竹北,2023-11-10,7007
8034,榮群,11,3,8,兆豐-竹北,2023-11-10,7007
00720B,元大投資級公司債,161,43,118,兆豐-竹北,2023-11-13,7007
2610,華航,112,0,112,兆豐-竹北,2023-11-13,7007
1314,中石化,107,1,106,兆豐-竹北,2023-11-13,7007
2618,長榮航,121,27,94,兆豐-竹北,2023-11-13,7007
5381,合正,101,10,91,兆豐-竹北,2023-11-13,7007
00671R,富邦NASDAQ反1,60,0,60,兆豐-竹北,2023-11-13,7007
00679B,元大美債20年,49,0,49,兆豐-竹北,2023-11-13,7007
6142,友勁,49,0,49,兆豐-竹北,2023-11-13,7007
00687B,國泰20年美債,41,0,41,兆豐-竹北,2023-11-13,7007
00936,台新永續高息中小,41,0,41,兆豐-竹北,2023-11-13,7007
00929,復華台灣科技優息,97,56,41,兆豐-竹北,2023-11-13,7007
6290,良維,43,9,34,兆豐-竹北,2023-11-13,7007
1795,美時,34,2,32,兆豐-竹北,2023-11-13,7007
00715L,期街口布蘭特正2,30,0,30,兆豐-竹北,2023-11-13,7007
4108,懷特,30,0,30,兆豐-竹北,2023-11-13,7007
3024,憶聲,23,0,23,兆豐-竹北,2023-11-13,7007
8358,金居,24,1,23,兆豐-竹北,2023-11-13,7007
6139,亞翔,26,4,22,兆豐-竹北,2023-11-13,7007
2206,三陽工業,20,0,20,兆豐-竹北,2023-11-13,7007
1513,中興電,20,0,20,兆豐-竹北,2023-11-13,7007
2427,三商電,20,0,20,兆豐-竹北,2023-11-13,7007
2607,榮運,20,0,20,兆豐-竹北,2023-11-13,7007
2882A,國泰特,20,0,20,兆豐-竹北,2023-11-13,7007
6120,達運,20,0,20,兆豐-竹北,2023-11-13,7007
6187,萬潤,26,6,20,兆豐-竹北,2023-11-13,7007
2402,毅嘉,34,15,19,兆豐-竹北,2023-11-13,7007
2382,廣達,26,11,15,兆豐-竹北,2023-11-13,7007
6901,鑽石投資,16,2,14,兆豐-竹北,2023-11-13,7007
2329,華泰,30,16,14,兆豐-竹北,2023-11-13,7007
00934,中信成長高股息,13,0,13,兆豐-竹北,2023-11-13,7007
00878,國泰永續高股息,43,30,13,兆豐-竹北,2023-11-13,7007
2338,光罩,12,0,12,兆豐-竹北,2023-11-13,7007
00688L,國泰20年美債正2,21,10,11,兆豐-竹北,2023-11-13,7007
00882,中信中國高股息,12,1,11,兆豐-竹北,2023-11-13,7007
3037,欣興,11,1,10,兆豐-竹北,2023-11-13,7007
5203,訊連,10,0,10,兆豐-竹北,2023-11-13,7007
00631L,元大台灣50正2,15,5,10,兆豐-竹北,2023-11-13,7007
3005,神基,10,0,10,兆豐-竹北,2023-11-13,7007
4105,東洋,10,0,10,兆豐-竹北,2023-11-13,7007
5213,亞昕,10,0,10,兆豐-竹北,2023-11-13,7007
5871A,中租-KY甲特,10,0,10,兆豐-竹北,2023-11-13,7007
2324,仁寶,10,0,10,兆豐-竹北,2023-11-13,7007
00751B,元大AAA至A公司債,10,0,10,兆豐-竹北,2023-11-13,7007
2201,裕隆,10,1,9,兆豐-竹北,2023-11-13,7007
6603,富強鑫,9,0,9,兆豐-竹北,2023-11-13,7007
6485,點序,11,3,8,兆豐-竹北,2023-11-13,7007
3483,力致,7,0,7,兆豐-竹北,2023-11-13,7007
6598,ABC-KY,7,0,7,兆豐-竹北,2023-11-13,7007
2884,玉山金,6,0,6,兆豐-竹北,2023-11-13,7007
00680L,元大美債20正2,7,1,6,兆豐-竹北,2023-11-13,7007
2882A,國泰特,60,0,60,兆豐-竹北,2023-11-14,7007
5871A,中租-KY甲特,60,0,60,兆豐-竹北,2023-11-14,7007
00679B,元大美債20年,57,2,55,兆豐-竹北,2023-11-14,7007
00688L,國泰20年美債正2,33,3,30,兆豐-竹北,2023-11-14,7007
1568,倉佑,36,6,30,兆豐-竹北,2023-11-14,7007
9941A,裕融甲特,29,0,29,兆豐-竹北,2023-11-14,7007
6156,松上,26,0,26,兆豐-竹北,2023-11-14,7007
3702A,大聯大甲特,25,0,25,兆豐-竹北,2023-11-14,7007
5009,榮剛,22,0,22,兆豐-竹北,2023-11-14,7007
00632R,元大台灣50反1,21,0,21,兆豐-竹北,2023-11-14,7007
1515,力山,48,27,21,兆豐-竹北,2023-11-14,7007
00919,群益台灣精選高息,20,0,20,兆豐-竹北,2023-11-14,7007
1618,合機,20,0,20,兆豐-竹北,2023-11-14,7007
2615,萬海,28,8,20,兆豐-竹北,2023-11-14,7007
6104,創惟,20,0,20,兆豐-竹北,2023-11-14,7007
00753L,中信中國50正2,40,21,19,兆豐-竹北,2023-11-14,7007
1514,亞力,20,2,18,兆豐-竹北,2023-11-14,7007
3231,緯創,26,8,18,兆豐-竹北,2023-11-14,7007
2883,凱基金,17,0,17,兆豐-竹北,2023-11-14,7007
00722B,群益投資級電信債,17,0,17,兆豐-竹北,2023-11-14,7007
1104,環泥,16,0,16,兆豐-竹北,2023-11-14,7007
3006,晶豪科,17,2,15,兆豐-竹北,2023-11-14,7007
3162,精確,15,0,15,兆豐-竹北,2023-11-14,7007
00715L,期街口布蘭特正2,30,17,13,兆豐-竹北,2023-11-14,7007
3147,大綜,23,10,13,兆豐-竹北,2023-11-14,7007
2002,中鋼,15,2,13,兆豐-竹北,2023-11-14,7007
2063,世鎧,12,0,12,兆豐-竹北,2023-11-14,7007
9945,潤泰新,12,1,11,兆豐-竹北,2023-11-14,7007
00929,復華台灣科技優息,16,5,11,兆豐-竹北,2023-11-14,7007
5880,合庫金,10,0,10,兆豐-竹北,2023-11-14,7007
9105,泰金寶-DR,10,0,10,兆豐-竹北,2023-11-14,7007
00936,台新永續高息中小,9,0,9,兆豐-竹北,2023-11-14,7007
2465,麗臺,13,4,9,兆豐-竹北,2023-11-14,7007
6757,台灣虎航,15,6,9,兆豐-竹北,2023-11-14,7007
2454,聯發科,12,4,8,兆豐-竹北,2023-11-14,7007
3481,群創,8,0,8,兆豐-竹北,2023-11-14,7007
6282,康舒,11,3,8,兆豐-竹北,2023-11-14,7007
2884,玉山金,8,0,8,兆豐-竹北,2023-11-14,7007
00633L,富邦上証正2,8,1,7,兆豐-竹北,2023-11-14,7007
1609,大亞,7,0,7,兆豐-竹北,2023-11-14,7007
2356,英業達,15,8,7,兆豐-竹北,2023-11-14,7007
4533,協易機,20,13,7,兆豐-竹北,2023-11-14,7007
4994,傳奇,7,0,7,兆豐-竹北,2023-11-14,7007
5351,鈺創,7,0,7,兆豐-竹北,2023-11-14,7007
6499,益安,7,0,7,兆豐-竹北,2023-11-14,7007
5483,中美晶,19,13,6,兆豐-竹北,2023-11-14,7007
2603,長榮,15,9,6,兆豐-竹北,2023-11-14,7007
3483,力致,6,0,6,兆豐-竹北,2023-11-14,7007
6204,艾華,6,0,6,兆豐-竹北,2023-11-14,7007
6223,旺矽,7,1,6,兆豐-竹北,2023-11-14,7007
2618,長榮航,117,28,89,兆豐-竹北,2023-11-15,7007
00680L,元大美債20正2,56,0,56,兆豐-竹北,2023-11-15,7007
1785,光洋科,51,1,50,兆豐-竹北,2023-11-15,7007
5871A,中租-KY甲特,46,0,46,兆豐-竹北,2023-11-15,7007
1618,合機,44,1,43,兆豐-竹北,2023-11-15,7007
2449,京元電子,43,3,40,兆豐-竹北,2023-11-15,7007
4401,東隆興,30,0,30,兆豐-竹北,2023-11-15,7007
8210,勤誠,39,10,29,兆豐-竹北,2023-11-15,7007
8086,宏捷科,32,3,29,兆豐-竹北,2023-11-15,7007
2363,矽統,74,46,28,兆豐-竹北,2023-11-15,7007
1524,耿鼎,26,0,26,兆豐-竹北,2023-11-15,7007
2206,三陽工業,31,6,25,兆豐-竹北,2023-11-15,7007
6104,創惟,26,3,23,兆豐-竹北,2023-11-15,7007
00679B,元大美債20年,22,0,22,兆豐-竹北,2023-11-15,7007
00637L,元大滬深300正2,22,2,20,兆豐-竹北,2023-11-15,7007
00753L,中信中國50正2,25,5,20,兆豐-竹北,2023-11-15,7007
3005,神基,21,1,20,兆豐-竹北,2023-11-15,7007
6156,松上,19,0,19,兆豐-竹北,2023-11-15,7007
6282,康舒,20,2,18,兆豐-竹北,2023-11-15,7007
00919,群益台灣精選高息,17,3,14,兆豐-竹北,2023-11-15,7007
6187,萬潤,24,10,14,兆豐-竹北,2023-11-15,7007
3715,定穎投控,20,6,14,兆豐-竹北,2023-11-15,7007
8240,華宏,13,0,13,兆豐-竹北,2023-11-15,7007
1815,富喬,13,2,11,兆豐-竹北,2023-11-15,7007
2337,旺宏,11,0,11,兆豐-竹北,2023-11-15,7007
3122,笙泉,20,9,11,兆豐-竹北,2023-11-15,7007
5009,榮剛,11,0,11,兆豐-竹北,2023-11-15,7007
6414,樺漢,13,2,11,兆豐-竹北,2023-11-15,7007
8213,志超,11,0,11,兆豐-竹北,2023-11-15,7007
9950,萬國通,11,0,11,兆豐-竹北,2023-11-15,7007
4114,健喬,10,0,10,兆豐-竹北,2023-11-15,7007
4968,立積,10,0,10,兆豐-竹北,2023-11-15,7007
00752,中信中國50,10,0,10,兆豐-竹北,2023-11-15,7007
00712,復華富時不動產,10,0,10,兆豐-竹北,2023-11-15,7007
2063,世鎧,10,0,10,兆豐-竹北,2023-11-15,7007
2427,三商電,10,0,10,兆豐-竹北,2023-11-15,7007
3025,星通,11,1,10,兆豐-竹北,2023-11-15,7007
4977,眾達-KY,10,0,10,兆豐-竹北,2023-11-15,7007
6197,佳必琪,10,0,10,兆豐-竹北,2023-11-15,7007
6243,迅杰,12,2,10,兆豐-竹北,2023-11-15,7007
6593,台灣銘板,17,7,10,兆豐-竹北,2023-11-15,7007
8422,可寧衛,10,0,10,兆豐-竹北,2023-11-15,7007
2880,華南金,12,2,10,兆豐-竹北,2023-11-15,7007
2353,宏��,12,2,10,兆豐-竹北,2023-11-15,7007
3169,亞信,32,23,9,兆豐-竹北,2023-11-15,7007
00715L,期街口布蘭特正2,12,3,9,兆豐-竹北,2023-11-15,7007
2887,台新金,10,1,9,兆豐-竹北,2023-11-15,7007
00929,復華台灣科技優息,60,51,9,兆豐-竹北,2023-11-15,7007
1101,台泥,8,0,8,兆豐-竹北,2023-11-15,7007
2605,新興,8,0,8,兆豐-竹北,2023-11-15,7007
00679B,元大美債20年,110,1,109,兆豐-竹北,2023-11-16,7007
2388,威盛,100,33,67,兆豐-竹北,2023-11-16,7007
00715L,期街口布蘭特正2,62,5,57,兆豐-竹北,2023-11-16,7007
00882,中信中國高股息,51,1,50,兆豐-竹北,2023-11-16,7007
00931B,統一美債20年,37,0,37,兆豐-竹北,2023-11-16,7007
00933B,國泰10Y+金融債,31,0,31,兆豐-竹北,2023-11-16,7007
00878,國泰永續高股息,76,47,29,兆豐-竹北,2023-11-16,7007
00687B,國泰20年美債,27,0,27,兆豐-竹北,2023-11-16,7007
2543,皇昌,39,14,25,兆豐-竹北,2023-11-16,7007
6116,彩晶,25,0,25,兆豐-竹北,2023-11-16,7007
2887,台新金,21,0,21,兆豐-竹北,2023-11-16,7007
4945,陞達科技,96,75,21,兆豐-竹北,2023-11-16,7007
00642U,期元大S＆P石油,20,0,20,兆豐-竹北,2023-11-16,7007
6233,旺玖,19,0,19,兆豐-竹北,2023-11-16,7007
6290,良維,18,0,18,兆豐-竹北,2023-11-16,7007
00929,復華台灣科技優息,23,8,15,兆豐-竹北,2023-11-16,7007
00720B,元大投資級公司債,15,0,15,兆豐-竹北,2023-11-16,7007
2206,三陽工業,20,5,15,兆豐-竹北,2023-11-16,7007
9950,萬國通,17,4,13,兆豐-竹北,2023-11-16,7007
00680L,元大美債20正2,12,0,12,兆豐-竹北,2023-11-16,7007
8261,富鼎,12,0,12,兆豐-竹北,2023-11-16,7007
00934,中信成長高股息,11,0,11,兆豐-竹北,2023-11-16,7007
3041,揚智,33,22,11,兆豐-竹北,2023-11-16,7007
5706,鳳凰,22,11,11,兆豐-竹北,2023-11-16,7007
6204,艾華,11,0,11,兆豐-竹北,2023-11-16,7007
00688L,國泰20年美債正2,10,0,10,兆豐-竹北,2023-11-16,7007
2801,彰銀,11,1,10,兆豐-竹北,2023-11-16,7007
6438,迅得,10,0,10,兆豐-竹北,2023-11-16,7007
6282,康舒,10,2,8,兆豐-竹北,2023-11-16,7007
2357,華碩,8,0,8,兆豐-竹北,2023-11-16,7007
6156,松上,11,3,8,兆豐-竹北,2023-11-16,7007
8054,安國,11,3,8,兆豐-竹北,2023-11-16,7007
00919,群益台灣精選高息,8,0,8,兆豐-竹北,2023-11-16,7007
1101,台泥,8,0,8,兆豐-竹北,2023-11-16,7007
3014,聯陽,7,0,7,兆豐-竹北,2023-11-16,7007
1504,東元,9,2,7,兆豐-竹北,2023-11-16,7007
2516,新建,8,1,7,兆豐-竹北,2023-11-16,7007
6547,高端疫苗,7,0,7,兆豐-竹北,2023-11-16,7007
8240,華宏,7,0,7,兆豐-竹北,2023-11-16,7007
2618,長榮航,78,72,6,兆豐-竹北,2023-11-16,7007
5213,亞昕,7,1,6,兆豐-竹北,2023-11-16,7007
3036,文曄,7,1,6,兆豐-竹北,2023-11-16,7007
1618,合機,6,0,6,兆豐-竹北,2023-11-16,7007
3260,威剛,6,0,6,兆豐-竹北,2023-11-16,7007
3689,湧德,6,0,6,兆豐-竹北,2023-11-16,7007
6213,聯茂,8,2,6,兆豐-竹北,2023-11-16,7007
3450,聯鈞,7,1,6,兆豐-竹北,2023-11-16,7007
5871,中租-KY,5,0,5,兆豐-竹北,2023-11-16,7007
00692,富邦公司治理,5,0,5,兆豐-竹北,2023-11-16,7007
2465,麗臺,10,5,5,兆豐-竹北,2023-11-16,7007
00753L,中信中國50正2,446,0,446,兆豐-竹北,2023-11-17,7007
00671R,富邦NASDAQ反1,200,0,200,兆豐-竹北,2023-11-17,7007
2388,威盛,118,39,79,兆豐-竹北,2023-11-17,7007
00715L,期街口布蘭特正2,68,0,68,兆豐-竹北,2023-11-17,7007
00878,國泰永續高股息,63,0,63,兆豐-竹北,2023-11-17,7007
00642U,期元大S＆P石油,48,2,46,兆豐-竹北,2023-11-17,7007
3217,優群,43,1,42,兆豐-竹北,2023-11-17,7007
2610,華航,55,14,41,兆豐-竹北,2023-11-17,7007
2417,圓剛,45,8,37,兆豐-竹北,2023-11-17,7007
3363,上詮,35,3,32,兆豐-竹北,2023-11-17,7007
00751B,元大AAA至A公司債,31,0,31,兆豐-竹北,2023-11-17,7007
00687B,國泰20年美債,31,0,31,兆豐-竹北,2023-11-17,7007
8086,宏捷科,30,0,30,兆豐-竹北,2023-11-17,7007
00882,中信中國高股息,28,0,28,兆豐-竹北,2023-11-17,7007
2362,藍天,27,0,27,兆豐-竹北,2023-11-17,7007
00919,群益台灣精選高息,26,0,26,兆豐-竹北,2023-11-17,7007
00922,國泰台灣領袖50,22,0,22,兆豐-竹北,2023-11-17,7007
00661,元大日經225,20,0,20,兆豐-竹北,2023-11-17,7007
2401,凌陽,43,23,20,兆豐-竹北,2023-11-17,7007
2607,榮運,26,6,20,兆豐-竹北,2023-11-17,7007
00665L,富邦�琤肭磪囓�2,19,0,19,兆豐-竹北,2023-11-17,7007
2313,華通,39,20,19,兆豐-竹北,2023-11-17,7007
3041,揚智,134,116,18,兆豐-竹北,2023-11-17,7007
1618,合機,16,0,16,兆豐-竹北,2023-11-17,7007
00931B,統一美債20年,15,0,15,兆豐-竹北,2023-11-17,7007
1444,力麗,15,0,15,兆豐-竹北,2023-11-17,7007
3322,建舜電,15,0,15,兆豐-竹北,2023-11-17,7007
8163,達方,17,2,15,兆豐-竹北,2023-11-17,7007
00637L,元大滬深300正2,13,0,13,兆豐-竹北,2023-11-17,7007
5871,中租-KY,13,0,13,兆豐-竹北,2023-11-17,7007
00679B,元大美債20年,12,0,12,兆豐-竹北,2023-11-17,7007
2344,華邦電,19,7,12,兆豐-竹北,2023-11-17,7007
3376,新日興,22,10,12,兆豐-竹北,2023-11-17,7007
6830,汎銓,16,4,12,兆豐-竹北,2023-11-17,7007
00688L,國泰20年美債正2,18,7,11,兆豐-竹北,2023-11-17,7007
9950,萬國通,16,5,11,兆豐-竹北,2023-11-17,7007
3715,定穎投控,67,57,10,兆豐-竹北,2023-11-17,7007
6197,佳必琪,10,0,10,兆豐-竹北,2023-11-17,7007
00632R,元大台灣50反1,10,0,10,兆豐-竹北,2023-11-17,7007
2887,台新金,10,0,10,兆豐-竹北,2023-11-17,7007
00720B,元大投資級公司債,9,0,9,兆豐-竹北,2023-11-17,7007
1815,富喬,11,2,9,兆豐-竹北,2023-11-17,7007
2883,凱基金,23,15,8,兆豐-竹北,2023-11-17,7007
3052,夆典,8,0,8,兆豐-竹北,2023-11-17,7007
6719,力智,8,0,8,兆豐-竹北,2023-11-17,7007
2634,漢翔,8,0,8,兆豐-竹北,2023-11-17,7007
6282,康舒,9,1,8,兆豐-竹北,2023-11-17,7007
0056,元大高股息,9,2,7,兆豐-竹北,2023-11-17,7007
3260,威剛,13,6,7,兆豐-竹北,2023-11-17,7007
6274,台燿,9,2,7,兆豐-竹北,2023-11-17,7007
00753L,中信中國50正2,184,3,181,兆豐-竹北,2023-11-20,7007
00720B,元大投資級公司債,160,5,155,兆豐-竹北,2023-11-20,7007
1101,台泥,85,3,82,兆豐-竹北,2023-11-20,7007
8028,昇陽半導體,74,0,74,兆豐-竹北,2023-11-20,7007
1785,光洋科,61,5,56,兆豐-竹北,2023-11-20,7007
3231,緯創,60,11,49,兆豐-竹北,2023-11-20,7007
00679B,元大美債20年,34,0,34,兆豐-竹北,2023-11-20,7007
4906,正文,34,0,34,兆豐-竹北,2023-11-20,7007
2610,華航,42,10,32,兆豐-竹北,2023-11-20,7007
00687B,國泰20年美債,30,0,30,兆豐-竹北,2023-11-20,7007
3356,奇偶,30,0,30,兆豐-竹北,2023-11-20,7007
9941A,裕融甲特,30,0,30,兆豐-竹北,2023-11-20,7007
2363,矽統,67,44,23,兆豐-竹北,2023-11-20,7007
00878,國泰永續高股息,40,18,22,兆豐-竹北,2023-11-20,7007
6104,創惟,23,2,21,兆豐-竹北,2023-11-20,7007
8996,高力,22,3,19,兆豐-竹北,2023-11-20,7007
2409,友達,17,0,17,兆豐-竹北,2023-11-20,7007
6589,台康生技,16,0,16,兆豐-竹北,2023-11-20,7007
4130,健亞,15,0,15,兆豐-竹北,2023-11-20,7007
5706,鳳凰,24,9,15,兆豐-竹北,2023-11-20,7007
2543,皇昌,39,25,14,兆豐-竹北,2023-11-20,7007
3450,聯鈞,14,0,14,兆豐-竹北,2023-11-20,7007
2301,光寶科,49,36,13,兆豐-竹北,2023-11-20,7007
1504,東元,13,0,13,兆豐-竹北,2023-11-20,7007
00907,永豐優息存股,12,0,12,兆豐-竹北,2023-11-20,7007
6290,良維,13,1,12,兆豐-竹北,2023-11-20,7007
00795B,中信美國公債20年,12,0,12,兆豐-竹北,2023-11-20,7007
3260,威剛,15,3,12,兆豐-竹北,2023-11-20,7007
6243,迅杰,22,11,11,兆豐-竹北,2023-11-20,7007
6541,泰福-KY,11,0,11,兆豐-竹北,2023-11-20,7007
3228,金麗科,16,6,10,兆豐-竹北,2023-11-20,7007
00650L,復華香港正2,10,0,10,兆豐-竹北,2023-11-20,7007
5236,凌陽創新,10,0,10,兆豐-竹北,2023-11-20,7007
2002,中鋼,10,0,10,兆豐-竹北,2023-11-20,7007
6270,倍微,21,11,10,兆豐-竹北,2023-11-20,7007
2201,裕隆,9,0,9,兆豐-竹北,2023-11-20,7007
1905,華紙,10,1,9,兆豐-竹北,2023-11-20,7007
2258,鴻華先進-創,9,0,9,兆豐-竹北,2023-11-20,7007
6873,泓德能源,9,0,9,兆豐-竹北,2023-11-20,7007
2618,長榮航,27,18,9,兆豐-竹北,2023-11-20,7007
2211,長榮鋼,9,1,8,兆豐-竹北,2023-11-20,7007
2323,中環,10,2,8,兆豐-竹北,2023-11-20,7007
4162,智擎,8,0,8,兆豐-竹北,2023-11-20,7007
5475,德宏,8,0,8,兆豐-竹北,2023-11-20,7007
6603,富強鑫,8,0,8,兆豐-竹北,2023-11-20,7007
3094,聯傑,11,3,8,兆豐-竹北,2023-11-20,7007
3006,晶豪科,16,8,8,兆豐-竹北,2023-11-20,7007
2884,玉山金,8,0,8,兆豐-竹北,2023-11-20,7007
2883,凱基金,9,2,7,兆豐-竹北,2023-11-20,7007
3710,連展投控,7,0,7,兆豐-竹北,2023-11-20,7007
2367,燿華,112,34,78,兆豐-竹北,2023-11-21,7007
5347,世界,82,7,75,兆豐-竹北,2023-11-21,7007
2618,長榮航,73,6,67,兆豐-竹北,2023-11-21,7007
2489,瑞軒,60,0,60,兆豐-竹北,2023-11-21,7007
6125,廣運,114,65,49,兆豐-竹北,2023-11-21,7007
3231,緯創,93,46,47,兆豐-竹北,2023-11-21,7007
00929,復華台灣科技優息,52,10,42,兆豐-竹北,2023-11-21,7007
3260,威剛,36,4,32,兆豐-竹北,2023-11-21,7007
8086,宏捷科,32,0,32,兆豐-竹北,2023-11-21,7007
2482,連宇,30,0,30,兆豐-竹北,2023-11-21,7007
2340,台亞,25,0,25,兆豐-竹北,2023-11-21,7007
3041,揚智,132,108,24,兆豐-竹北,2023-11-21,7007
00679B,元大美債20年,23,2,21,兆豐-竹北,2023-11-21,7007
8936,國統,22,1,21,兆豐-竹北,2023-11-21,7007
00934,中信成長高股息,23,4,19,兆豐-竹北,2023-11-21,7007
2355,敬鵬,33,14,19,兆豐-竹北,2023-11-21,7007
00665L,富邦�琤肭磪囓�2,20,2,18,兆豐-竹北,2023-11-21,7007
2420,新巨,18,0,18,兆豐-竹北,2023-11-21,7007
3374,精材,14,0,14,兆豐-竹北,2023-11-21,7007
3059,華晶科,19,5,14,兆豐-竹北,2023-11-21,7007
1519,華城,15,2,13,兆豐-竹北,2023-11-21,7007
00753L,中信中國50正2,13,0,13,兆豐-竹北,2023-11-21,7007
5203,訊連,13,0,13,兆豐-竹北,2023-11-21,7007
00922,國泰台灣領袖50,12,0,12,兆豐-竹北,2023-11-21,7007
00919,群益台灣精選高息,12,1,11,兆豐-竹北,2023-11-21,7007
2027,大成鋼,11,0,11,兆豐-竹北,2023-11-21,7007
2371,大同,11,0,11,兆豐-竹北,2023-11-21,7007
2408,南亞科,15,4,11,兆豐-竹北,2023-11-21,7007
3062,建漢,12,1,11,兆豐-竹北,2023-11-21,7007
3006,晶豪科,12,1,11,兆豐-竹北,2023-11-21,7007
2344,華邦電,12,1,11,兆豐-竹北,2023-11-21,7007
00637L,元大滬深300正2,12,2,10,兆豐-竹北,2023-11-21,7007
00933B,國泰10Y+金融債,20,10,10,兆豐-竹北,2023-11-21,7007
5432,新門,10,0,10,兆豐-竹北,2023-11-21,7007
2409,友達,10,1,9,兆豐-竹北,2023-11-21,7007
4714,永捷,10,1,9,兆豐-竹北,2023-11-21,7007
4906,正文,13,4,9,兆豐-竹北,2023-11-21,7007
6127,九豪,17,8,9,兆豐-竹北,2023-11-21,7007
6274,台燿,30,21,9,兆豐-竹北,2023-11-21,7007
00882,中信中國高股息,7,0,7,兆豐-竹北,2023-11-21,7007
1313,聯成,7,0,7,兆豐-竹北,2023-11-21,7007
2736,富野,8,1,7,兆豐-竹北,2023-11-21,7007
8390,金益鼎,7,0,7,兆豐-竹北,2023-11-21,7007
4979,華星光,13,6,7,兆豐-竹北,2023-11-21,7007
2313,華通,57,50,7,兆豐-竹北,2023-11-21,7007
00751B,元大AAA至A公司債,7,1,6,兆豐-竹北,2023-11-21,7007
00690,兆豐藍籌30,6,0,6,兆豐-竹北,2023-11-21,7007
00688L,國泰20年美債正2,12,6,6,兆豐-竹北,2023-11-21,7007
2402,毅嘉,10,4,6,兆豐-竹北,2023-11-21,7007
2436,偉詮電,6,0,6,兆豐-竹北,2023-11-21,7007
00753L,中信中國50正2,120,0,120,兆豐-竹北,2023-11-22,7007
2388,威盛,132,28,104,兆豐-竹北,2023-11-22,7007
3231,緯創,115,27,88,兆豐-竹北,2023-11-22,7007
2516,新建,78,0,78,兆豐-竹北,2023-11-22,7007
2344,華邦電,57,1,56,兆豐-竹北,2023-11-22,7007
6161,捷波,56,0,56,兆豐-竹北,2023-11-22,7007
00687B,國泰20年美債,46,0,46,兆豐-竹北,2023-11-22,7007
00929,復華台灣科技優息,52,7,45,兆豐-竹北,2023-11-22,7007
1101,台泥,45,2,43,兆豐-竹北,2023-11-22,7007
2449,京元電子,37,1,36,兆豐-竹北,2023-11-22,7007
00720B,元大投資級公司債,34,0,34,兆豐-竹北,2023-11-22,7007
00900,富邦特選高股息30,40,7,33,兆豐-竹北,2023-11-22,7007
6104,創惟,30,2,28,兆豐-竹北,2023-11-22,7007
2883,凱基金,25,1,24,兆豐-竹北,2023-11-22,7007
3163,波若威,24,1,23,兆豐-竹北,2023-11-22,7007
3515,華擎,28,6,22,兆豐-竹北,2023-11-22,7007
2610,華航,22,1,21,兆豐-竹北,2023-11-22,7007
3260,威剛,21,0,21,兆豐-竹北,2023-11-22,7007
3289,宜特,24,3,21,兆豐-竹北,2023-11-22,7007
3706,神達,24,3,21,兆豐-竹北,2023-11-22,7007
3056,富華新,21,1,20,兆豐-竹北,2023-11-22,7007
5292,華懋,21,1,20,兆豐-竹北,2023-11-22,7007
00679B,元大美債20年,18,0,18,兆豐-竹北,2023-11-22,7007
3325,旭品,40,24,16,兆豐-竹北,2023-11-22,7007
3376,新日興,16,0,16,兆豐-竹北,2023-11-22,7007
8091,翔名,15,0,15,兆豐-竹北,2023-11-22,7007
5706,鳳凰,15,0,15,兆豐-竹北,2023-11-22,7007
6274,台燿,19,5,14,兆豐-竹北,2023-11-22,7007
3363,上詮,40,26,14,兆豐-竹北,2023-11-22,7007
2340,台亞,13,0,13,兆豐-竹北,2023-11-22,7007
5471,松翰,14,1,13,兆豐-竹北,2023-11-22,7007
00878,國泰永續高股息,16,4,12,兆豐-竹北,2023-11-22,7007
2376,技嘉,25,12,13,兆豐-竹北,2023-11-22,7007
00905,FT臺灣Smart,12,0,12,兆豐-竹北,2023-11-22,7007
2543,皇昌,14,2,12,兆豐-竹北,2023-11-22,7007
00712,復華富時不動產,11,0,11,兆豐-竹北,2023-11-22,7007
6291,沛亨,11,0,11,兆豐-竹北,2023-11-22,7007
3317,尼克森,11,0,11,兆豐-竹北,2023-11-22,7007
2618,長榮航,36,25,11,兆豐-竹北,2023-11-22,7007
1338,廣華-KY,10,0,10,兆豐-竹北,2023-11-22,7007
1785,光洋科,10,0,10,兆豐-竹北,2023-11-22,7007
2705,六福,11,1,10,兆豐-竹北,2023-11-22,7007
3088,艾訊,10,0,10,兆豐-竹北,2023-11-22,7007
0056,元大高股息,9,0,9,兆豐-竹北,2023-11-22,7007
2201,裕隆,9,0,9,兆豐-竹北,2023-11-22,7007
2380,虹光,9,0,9,兆豐-竹北,2023-11-22,7007
3264,欣銓,10,1,9,兆豐-竹北,2023-11-22,7007
4167,松瑞藥,11,2,9,兆豐-竹北,2023-11-22,7007
4945,陞達科技,20,11,9,兆豐-竹北,2023-11-22,7007
4952,凌通,10,2,8,兆豐-竹北,2023-11-22,7007
00919,群益台灣精選高息,112,0,112,兆豐-竹北,2023-11-23,7007
00929,復華台灣科技優息,59,0,59,兆豐-竹北,2023-11-23,7007
00676R,富邦臺灣加權反1,50,0,50,兆豐-竹北,2023-11-23,7007
1618,合機,45,0,45,兆豐-竹北,2023-11-23,7007
1101,台泥,42,0,42,兆豐-竹北,2023-11-23,7007
3056,富華新,32,1,31,兆豐-竹北,2023-11-23,7007
00753L,中信中國50正2,29,0,29,兆豐-竹北,2023-11-23,7007
2883,凱基金,30,1,29,兆豐-竹北,2023-11-23,7007
6411,晶焱,38,10,28,兆豐-竹北,2023-11-23,7007
2243,宏旭-KY,27,0,27,兆豐-竹北,2023-11-23,7007
2880,華南金,30,5,25,兆豐-竹北,2023-11-23,7007
3715,定穎投控,37,13,24,兆豐-竹北,2023-11-23,7007
4102,永日,22,0,22,兆豐-竹北,2023-11-23,7007
9105,泰金寶-DR,20,0,20,兆豐-竹北,2023-11-23,7007
6282,康舒,71,51,20,兆豐-竹北,2023-11-23,7007
5521,工信,83,64,19,兆豐-竹北,2023-11-23,7007
2329,華泰,17,2,15,兆豐-竹北,2023-11-23,7007
2731,雄獅,21,6,15,兆豐-竹北,2023-11-23,7007
00715L,期街口布蘭特正2,14,0,14,兆豐-竹北,2023-11-23,7007
1595,川寶,14,0,14,兆豐-竹北,2023-11-23,7007
3141,晶宏,16,2,14,兆豐-竹北,2023-11-23,7007
8091,翔名,14,0,14,兆豐-竹北,2023-11-23,7007
3231,緯創,27,13,14,兆豐-竹北,2023-11-23,7007
00934,中信成長高股息,13,0,13,兆豐-竹北,2023-11-23,7007
3046,建��,13,0,13,兆豐-竹北,2023-11-23,7007
5439,高技,13,0,13,兆豐-竹北,2023-11-23,7007
8450,霹靂,13,0,13,兆豐-竹北,2023-11-23,7007
2363,矽統,23,11,12,兆豐-竹北,2023-11-23,7007
00882,中信中國高股息,11,0,11,兆豐-竹北,2023-11-23,7007
2382,廣達,11,1,10,兆豐-竹北,2023-11-23,7007
00632R,元大台灣50反1,10,0,10,兆豐-竹北,2023-11-23,7007
3545,敦泰,15,5,10,兆豐-竹北,2023-11-23,7007
3704,合勤控,10,0,10,兆豐-竹北,2023-11-23,7007
6592,和潤企業,10,0,10,兆豐-竹北,2023-11-23,7007
1815,富喬,11,1,10,兆豐-竹北,2023-11-23,7007
2017,官田鋼,10,1,9,兆豐-竹北,2023-11-23,7007
3122,笙泉,50,41,9,兆豐-竹北,2023-11-23,7007
3147,大綜,20,11,9,兆豐-竹北,2023-11-23,7007
3363,上詮,17,8,9,兆豐-竹北,2023-11-23,7007
4968,立積,10,1,9,兆豐-竹北,2023-11-23,7007
6104,創惟,15,6,9,兆豐-竹北,2023-11-23,7007
6127,九豪,9,0,9,兆豐-竹北,2023-11-23,7007
6197,佳必琪,10,1,9,兆豐-竹北,2023-11-23,7007
00878,國泰永續高股息,12,3,9,兆豐-竹北,2023-11-23,7007
2402,毅嘉,9,1,8,兆豐-竹北,2023-11-23,7007
2546,根基,8,0,8,兆豐-竹北,2023-11-23,7007
3289,宜特,14,6,8,兆豐-竹北,2023-11-23,7007
6188,廣明,10,2,8,兆豐-竹北,2023-11-23,7007
8086,宏捷科,12,4,8,兆豐-竹北,2023-11-23,7007
6187,萬潤,23,16,7,兆豐-竹北,2023-11-23,7007
3706,神達,204,0,204,兆豐-竹北,2023-11-24,7007
2409,友達,80,0,80,兆豐-竹北,2023-11-24,7007
00688L,國泰20年美債正2,76,0,76,兆豐-竹北,2023-11-24,7007
00687B,國泰20年美債,58,0,58,兆豐-竹北,2023-11-24,7007
2610,華航,59,11,48,兆豐-竹北,2023-11-24,7007
2618,長榮航,48,1,47,兆豐-竹北,2023-11-24,7007
00929,復華台灣科技優息,65,18,47,兆豐-竹北,2023-11-24,7007
00933B,國泰10Y+金融債,38,0,38,兆豐-竹北,2023-11-24,7007
00931B,統一美債20年,40,5,35,兆豐-竹北,2023-11-24,7007
2323,中環,33,0,33,兆豐-竹北,2023-11-24,7007
2408,南亞科,23,1,22,兆豐-竹北,2023-11-24,7007
00632R,元大台灣50反1,20,0,20,兆豐-竹北,2023-11-24,7007
2388,威盛,21,3,18,兆豐-竹北,2023-11-24,7007
2515,中工,16,0,16,兆豐-竹北,2023-11-24,7007
6291,沛亨,16,0,16,兆豐-竹北,2023-11-24,7007
6282,康舒,45,31,14,兆豐-竹北,2023-11-24,7007
3006,晶豪科,83,69,14,兆豐-竹北,2023-11-24,7007
3231,緯創,19,5,14,兆豐-竹北,2023-11-24,7007
6541,泰福-KY,16,2,14,兆豐-竹北,2023-11-24,7007
2888,新光金,13,2,11,兆豐-竹北,2023-11-24,7007
2367,燿華,14,3,11,兆豐-竹北,2023-11-24,7007
00680L,元大美債20正2,10,0,10,兆豐-竹北,2023-11-24,7007
2344,華邦電,13,3,10,兆豐-竹北,2023-11-24,7007
3094,聯傑,17,7,10,兆豐-竹北,2023-11-24,7007
4105,東洋,10,0,10,兆豐-竹北,2023-11-24,7007
4714,永捷,10,0,10,兆豐-竹北,2023-11-24,7007
6179,亞通,10,0,10,兆豐-竹北,2023-11-24,7007
4130,健亞,9,0,9,兆豐-竹北,2023-11-24,7007
3260,威剛,11,3,8,兆豐-竹北,2023-11-24,7007
1609,大亞,18,10,8,兆豐-竹北,2023-11-24,7007
1810,和成,8,0,8,兆豐-竹北,2023-11-24,7007
2337,旺宏,10,2,8,兆豐-竹北,2023-11-24,7007
3363,上詮,8,0,8,兆豐-竹北,2023-11-24,7007
1513,中興電,19,12,7,兆豐-竹北,2023-11-24,7007
00878,國泰永續高股息,7,0,7,兆豐-竹北,2023-11-24,7007
5351,鈺創,17,10,7,兆豐-竹北,2023-11-24,7007
2417,圓剛,16,9,7,兆豐-竹北,2023-11-24,7007
2486,一詮,7,0,7,兆豐-竹北,2023-11-24,7007
3162,精確,7,0,7,兆豐-竹北,2023-11-24,7007
3217,優群,8,1,7,兆豐-竹北,2023-11-24,7007
0056,元大高股息,6,0,6,兆豐-竹北,2023-11-24,7007
00936,台新永續高息中小,7,1,6,兆豐-竹北,2023-11-24,7007
00753L,中信中國50正2,6,0,6,兆豐-竹北,2023-11-24,7007
00645,富邦日本,10,4,6,兆豐-竹北,2023-11-24,7007
2353,宏��,7,1,6,兆豐-竹北,2023-11-24,7007
2449,京元電子,10,4,6,兆豐-竹北,2023-11-24,7007
2465,麗臺,6,0,6,兆豐-竹北,2023-11-24,7007
2313,華通,49,43,6,兆豐-竹北,2023-11-24,7007
8261,富鼎,9,3,6,兆豐-竹北,2023-11-24,7007
00679B,元大美債20年,6,0,6,兆豐-竹北,2023-11-24,7007
2867,三商壽,80,0,80,兆豐-竹北,2023-11-27,7007
3231,緯創,107,31,76,兆豐-竹北,2023-11-27,7007
00715L,期街口布蘭特正2,66,0,66,兆豐-竹北,2023-11-27,7007
00642U,期元大S＆P石油,49,0,49,兆豐-竹北,2023-11-27,7007
2344,華邦電,54,5,49,兆豐-竹北,2023-11-27,7007
00923,群益台ESG低碳50,46,0,46,兆豐-竹北,2023-11-27,7007
00905,FT臺灣Smart,52,12,40,兆豐-竹北,2023-11-27,7007
8086,宏捷科,44,6,38,兆豐-竹北,2023-11-27,7007
1605,華新,41,6,35,兆豐-竹北,2023-11-27,7007
00753L,中信中國50正2,34,0,34,兆豐-竹北,2023-11-27,7007
00885,富邦越南,33,0,33,兆豐-竹北,2023-11-27,7007
00720B,元大投資級公司債,32,0,32,兆豐-竹北,2023-11-27,7007
00688L,國泰20年美債正2,32,0,32,兆豐-竹北,2023-11-27,7007
6245,立端,32,1,31,兆豐-竹北,2023-11-27,7007
3706,神達,36,5,31,兆豐-竹北,2023-11-27,7007
00679B,元大美債20年,31,1,30,兆豐-竹北,2023-11-27,7007
2891B,中信金乙特,29,0,29,兆豐-竹北,2023-11-27,7007
00900,富邦特選高股息30,30,2,28,兆豐-竹北,2023-11-27,7007
00878,國泰永續高股息,29,1,28,兆豐-竹北,2023-11-27,7007
1618,合機,25,0,25,兆豐-竹北,2023-11-27,7007
2603,長榮,22,0,22,兆豐-竹北,2023-11-27,7007
3260,威剛,23,2,21,兆豐-竹北,2023-11-27,7007
2313,華通,57,36,21,兆豐-竹北,2023-11-27,7007
1752,南光,21,0,21,兆豐-竹北,2023-11-27,7007
3056,富華新,21,1,20,兆豐-竹北,2023-11-27,7007
9941A,裕融甲特,18,0,18,兆豐-竹北,2023-11-27,7007
00637L,元大滬深300正2,15,0,15,兆豐-竹北,2023-11-27,7007
1444,力麗,15,0,15,兆豐-竹北,2023-11-27,7007
2317,鴻海,16,1,15,兆豐-竹北,2023-11-27,7007
00919,群益台灣精選高息,60,46,14,兆豐-竹北,2023-11-27,7007
2417,圓剛,14,0,14,兆豐-竹北,2023-11-27,7007
1734,杏輝,19,5,14,兆豐-竹北,2023-11-27,7007
00687B,國泰20年美債,12,0,12,兆豐-竹北,2023-11-27,7007
00931B,統一美債20年,12,0,12,兆豐-竹北,2023-11-27,7007
2206,三陽工業,12,0,12,兆豐-竹北,2023-11-27,7007
5258,虹堡,14,3,11,兆豐-竹北,2023-11-27,7007
2883,凱基金,23,12,11,兆豐-竹北,2023-11-27,7007
2449,京元電子,12,1,11,兆豐-竹北,2023-11-27,7007
3014,聯陽,11,0,11,兆豐-竹北,2023-11-27,7007
3006,晶豪科,14,4,10,兆豐-竹北,2023-11-27,7007
00673R,期元大S＆P原油反1,10,0,10,兆豐-竹北,2023-11-27,7007
1733,五鼎,10,0,10,兆豐-竹北,2023-11-27,7007
3227,原相,13,3,10,兆豐-竹北,2023-11-27,7007
3540,曜越,10,0,10,兆豐-竹北,2023-11-27,7007
5222,全訊,10,0,10,兆豐-竹北,2023-11-27,7007
5236,凌陽創新,10,0,10,兆豐-竹北,2023-11-27,7007
5381,合正,10,0,10,兆豐-竹北,2023-11-27,7007
8028,昇陽半導體,10,0,10,兆豐-竹北,2023-11-27,7007
2882,國泰金,12,3,9,兆豐-竹北,2023-11-27,7007
2486,一詮,11,2,9,兆豐-竹北,2023-11-27,7007
5347,世界,53,19,34,兆豐-竹北,2023-11-28,7007
2352,佳世達,32,0,32,兆豐-竹北,2023-11-28,7007
6245,立端,98,68,30,兆豐-竹北,2023-11-28,7007
4114,健喬,44,17,27,兆豐-竹北,2023-11-28,7007
00936,台新永續高息中小,21,0,21,兆豐-竹北,2023-11-28,7007
6770,力積電,35,15,20,兆豐-竹北,2023-11-28,7007
2002,中鋼,19,4,15,兆豐-竹北,2023-11-28,7007
2371,大同,20,5,15,兆豐-竹北,2023-11-28,7007
00919,群益台灣精選高息,14,0,14,兆豐-竹北,2023-11-28,7007
00712,復華富時不動產,14,0,14,兆豐-竹北,2023-11-28,7007
1101,台泥,13,1,12,兆豐-竹北,2023-11-28,7007
1338,廣華-KY,12,0,12,兆豐-竹北,2023-11-28,7007
1595,川寶,12,0,12,兆豐-竹北,2023-11-28,7007
2486,一詮,12,0,12,兆豐-竹北,2023-11-28,7007
2609,陽明,16,4,12,兆豐-竹北,2023-11-28,7007
6237,驊訊,14,2,12,兆豐-竹北,2023-11-28,7007
1732,毛寶,14,3,11,兆豐-竹北,2023-11-28,7007
6164,華興,13,2,11,兆豐-竹北,2023-11-28,7007
6139,亞翔,17,7,10,兆豐-竹北,2023-11-28,7007
00753L,中信中國50正2,10,0,10,兆豐-竹北,2023-11-28,7007
1515,力山,10,0,10,兆豐-竹北,2023-11-28,7007
1752,南光,10,0,10,兆豐-竹北,2023-11-28,7007
2206,三陽工業,10,0,10,兆豐-竹北,2023-11-28,7007
2324,仁寶,10,0,10,兆豐-竹北,2023-11-28,7007
2883B,凱基金乙特,10,0,10,兆豐-竹北,2023-11-28,7007
3088,艾訊,10,0,10,兆豐-竹北,2023-11-28,7007
4105,東洋,10,0,10,兆豐-竹北,2023-11-28,7007
4155,訊映,10,0,10,兆豐-竹北,2023-11-28,7007
4414,如興,10,0,10,兆豐-竹北,2023-11-28,7007
4714,永捷,10,0,10,兆豐-竹北,2023-11-28,7007
6789,采鈺,14,4,10,兆豐-竹北,2023-11-28,7007
6291,沛亨,9,0,9,兆豐-竹北,2023-11-28,7007
3260,威剛,12,4,8,兆豐-竹北,2023-11-28,7007
1216,統一,8,0,8,兆豐-竹北,2023-11-28,7007
2637,慧洋-KY,8,0,8,兆豐-竹北,2023-11-28,7007
5871,中租-KY,8,0,8,兆豐-竹北,2023-11-28,7007
6182,合晶,8,0,8,兆豐-竹北,2023-11-28,7007
9919,康那香,15,7,8,兆豐-竹北,2023-11-28,7007
3231,緯創,16,8,8,兆豐-竹北,2023-11-28,7007
1321,大洋,7,0,7,兆豐-竹北,2023-11-28,7007
2615,萬海,17,10,7,兆豐-竹北,2023-11-28,7007
3623,富晶通,14,7,7,兆豐-竹北,2023-11-28,7007
6446,藥華藥,9,2,7,兆豐-竹北,2023-11-28,7007
6504,南六,7,0,7,兆豐-竹北,2023-11-28,7007
5471,松翰,11,4,7,兆豐-竹北,2023-11-28,7007
8028,昇陽半導體,17,11,6,兆豐-竹北,2023-11-28,7007
00642U,期元大S＆P石油,6,0,6,兆豐-竹北,2023-11-28,7007
2211,長榮鋼,7,1,6,兆豐-竹北,2023-11-28,7007
2314,台揚,7,1,6,兆豐-竹北,2023-11-28,7007
2528,皇普,6,0,6,兆豐-竹北,2023-11-28,7007
6245,立端,88,4,84,兆豐-竹北,2023-11-29,7007
00680L,元大美債20正2,83,0,83,兆豐-竹北,2023-11-29,7007
00665L,富邦�琤肭磪囓�2,97,20,77,兆豐-竹北,2023-11-29,7007
00671R,富邦NASDAQ反1,60,0,60,兆豐-竹北,2023-11-29,7007
00720B,元大投資級公司債,55,0,55,兆豐-竹北,2023-11-29,7007
00753L,中信中國50正2,101,50,51,兆豐-竹北,2023-11-29,7007
2618,長榮航,58,16,42,兆豐-竹北,2023-11-29,7007
2489,瑞軒,40,0,40,兆豐-竹北,2023-11-29,7007
00882,中信中國高股息,31,0,31,兆豐-竹北,2023-11-29,7007
1618,合機,26,4,22,兆豐-竹北,2023-11-29,7007
5347,世界,26,4,22,兆豐-竹北,2023-11-29,7007
2867,三商壽,20,0,20,兆豐-竹北,2023-11-29,7007
8054,安國,32,12,20,兆豐-竹北,2023-11-29,7007
2883,凱基金,18,0,18,兆豐-竹北,2023-11-29,7007
2929,淘帝-KY,17,0,17,兆豐-竹北,2023-11-29,7007
6243,迅杰,29,12,17,兆豐-竹北,2023-11-29,7007
00878,國泰永續高股息,28,14,14,兆豐-竹北,2023-11-29,7007
00933B,國泰10Y+金融債,14,0,14,兆豐-竹北,2023-11-29,7007
00919,群益台灣精選高息,14,0,14,兆豐-竹北,2023-11-29,7007
9103,美德醫療-DR,13,0,13,兆豐-竹北,2023-11-29,7007
00679B,元大美債20年,13,1,12,兆豐-竹北,2023-11-29,7007
6139,亞翔,16,4,12,兆豐-竹北,2023-11-29,7007
2609,陽明,11,0,11,兆豐-竹北,2023-11-29,7007
3665,貿聯-KY,12,1,11,兆豐-竹北,2023-11-29,7007
6182,合晶,11,0,11,兆豐-竹北,2023-11-29,7007
00687B,國泰20年美債,30,20,10,兆豐-竹北,2023-11-29,7007
4188,安克,10,0,10,兆豐-竹北,2023-11-29,7007
4533,協易機,10,0,10,兆豐-竹北,2023-11-29,7007
5302,太欣,10,0,10,兆豐-竹北,2023-11-29,7007
9945,潤泰新,10,0,10,兆豐-竹北,2023-11-29,7007
2408,南亞科,12,2,10,兆豐-竹北,2023-11-29,7007
3036,文曄,11,2,9,兆豐-竹北,2023-11-29,7007
2402,毅嘉,19,10,9,兆豐-竹北,2023-11-29,7007
4908,前鼎,16,7,9,兆豐-竹北,2023-11-29,7007
3376,新日興,10,2,8,兆豐-竹北,2023-11-29,7007
00712,復華富時不動產,8,0,8,兆豐-竹北,2023-11-29,7007
2417,圓剛,10,2,8,兆豐-竹北,2023-11-29,7007
2449,京元電子,14,6,8,兆豐-竹北,2023-11-29,7007
3014,聯陽,9,1,8,兆豐-竹北,2023-11-29,7007
3689,湧德,8,0,8,兆豐-竹北,2023-11-29,7007
2363,矽統,12,4,8,兆豐-竹北,2023-11-29,7007
3231,緯創,16,10,6,兆豐-竹北,2023-11-29,7007
00934,中信成長高股息,11,5,6,兆豐-竹北,2023-11-29,7007
00935,野村臺灣新科技50,6,0,6,兆豐-竹北,2023-11-29,7007
2206,三陽工業,6,0,6,兆豐-竹北,2023-11-29,7007
2369,菱生,23,17,6,兆豐-竹北,2023-11-29,7007
5015,華祺,6,0,6,兆豐-竹北,2023-11-29,7007
2377,微星,11,5,6,兆豐-竹北,2023-11-29,7007
00751B,元大AAA至A公司債,5,0,5,兆豐-竹北,2023-11-29,7007
1416,廣豐,5,0,5,兆豐-竹北,2023-11-29,7007
6245,立端,101,0,101,兆豐-竹北,2023-11-30,7007
00753L,中信中國50正2,63,0,63,兆豐-竹北,2023-11-30,7007
00929,復華台灣科技優息,59,1,58,兆豐-竹北,2023-11-30,7007
5328,華容,89,34,55,兆豐-竹北,2023-11-30,7007
00882,中信中國高股息,53,0,53,兆豐-竹北,2023-11-30,7007
00919,群益台灣精選高息,39,0,39,兆豐-竹北,2023-11-30,7007
2891B,中信金乙特,35,0,35,兆豐-竹北,2023-11-30,7007
2371,大同,33,0,33,兆豐-竹北,2023-11-30,7007
00934,中信成長高股息,31,0,31,兆豐-竹北,2023-11-30,7007
9941A,裕融甲特,30,0,30,兆豐-竹北,2023-11-30,7007
00688L,國泰20年美債正2,25,0,25,兆豐-竹北,2023-11-30,7007
2882B,國泰金乙特,25,0,25,兆豐-竹北,2023-11-30,7007
2388,威盛,36,16,20,兆豐-竹北,2023-11-30,7007
00878,國泰永續高股息,21,1,20,兆豐-竹北,2023-11-30,7007
2408,南亞科,19,1,18,兆豐-竹北,2023-11-30,7007
00680L,元大美債20正2,17,0,17,兆豐-竹北,2023-11-30,7007
6589,台康生技,17,0,17,兆豐-竹北,2023-11-30,7007
8096,擎亞,20,3,17,兆豐-竹北,2023-11-30,7007
1616,億泰,16,0,16,兆豐-竹北,2023-11-30,7007
4909,新復興,17,1,16,兆豐-竹北,2023-11-30,7007
1586,和勤,15,0,15,兆豐-竹北,2023-11-30,7007
2409,友達,15,0,15,兆豐-竹北,2023-11-30,7007
3042,晶技,25,10,15,兆豐-竹北,2023-11-30,7007
6282,康舒,24,9,15,兆豐-竹北,2023-11-30,7007
3227,原相,18,5,13,兆豐-竹北,2023-11-30,7007
2618,長榮航,29,16,13,兆豐-竹北,2023-11-30,7007
4102,永日,13,0,13,兆豐-竹北,2023-11-30,7007
00923,群益台ESG低碳50,13,0,13,兆豐-竹北,2023-11-30,7007
2353,宏��,13,1,12,兆豐-竹北,2023-11-30,7007
2356,英業達,14,2,12,兆豐-竹北,2023-11-30,7007
00665L,富邦�琤肭磪囓�2,11,0,11,兆豐-竹北,2023-11-30,7007
3163,波若威,13,2,11,兆豐-竹北,2023-11-30,7007
5347,世界,14,3,11,兆豐-竹北,2023-11-30,7007
1101,台泥,18,7,11,兆豐-竹北,2023-11-30,7007
2313,華通,30,20,10,兆豐-竹北,2023-11-30,7007
2465,麗臺,11,1,10,兆豐-竹北,2023-11-30,7007
2881B,富邦金乙特,10,0,10,兆豐-竹北,2023-11-30,7007
4153,鈺緯,10,0,10,兆豐-竹北,2023-11-30,7007
5381,合正,24,14,10,兆豐-竹北,2023-11-30,7007
6111,大宇資,15,5,10,兆豐-竹北,2023-11-30,7007
8076,伍豐,10,0,10,兆豐-竹北,2023-11-30,7007
2617,台航,10,0,10,兆豐-竹北,2023-11-30,7007
1314,中石化,10,0,10,兆豐-竹北,2023-11-30,7007
5439,高技,15,6,9,兆豐-竹北,2023-11-30,7007
3147,大綜,10,1,9,兆豐-竹北,2023-11-30,7007
00712,復華富時不動產,8,0,8,兆豐-竹北,2023-11-30,7007
2834,臺企銀,14,6,8,兆豐-竹北,2023-11-30,7007
3013,晟銘電,22,14,8,兆豐-竹北,2023-11-30,7007
3374,精材,11,3,8,兆豐-竹北,2023-11-30,7007
3231,緯創,21,14,7,兆豐-竹北,2023-11-30,7007
00637L,元大滬深300正2,141,0,141,兆豐-竹北,2023-12-01,7007
00919,群益台灣精選高息,119,8,111,兆豐-竹北,2023-12-01,7007
9941A,裕融甲特,80,0,80,兆豐-竹北,2023-12-01,7007
3231,緯創,93,15,78,兆豐-竹北,2023-12-01,7007
2891B,中信金乙特,60,0,60,兆豐-竹北,2023-12-01,7007
5871A,中租-KY甲特,59,0,59,兆豐-竹北,2023-12-01,7007
00688L,國泰20年美債正2,57,0,57,兆豐-竹北,2023-12-01,7007
4167,松瑞藥,131,74,57,兆豐-竹北,2023-12-01,7007
00929,復華台灣科技優息,93,41,52,兆豐-竹北,2023-12-01,7007
2881B,富邦金乙特,50,0,50,兆豐-竹北,2023-12-01,7007
5880,合庫金,50,0,50,兆豐-竹北,2023-12-01,7007
6257,矽格,52,2,50,兆豐-竹北,2023-12-01,7007
2886,兆豐金,49,0,49,兆豐-竹北,2023-12-01,7007
2301,光寶科,72,23,49,兆豐-竹北,2023-12-01,7007
5608,四維航,45,1,44,兆豐-竹北,2023-12-01,7007
00687B,國泰20年美債,43,0,43,兆豐-竹北,2023-12-01,7007
4153,鈺緯,41,0,41,兆豐-竹北,2023-12-01,7007
1616,億泰,40,0,40,兆豐-竹北,2023-12-01,7007
2405,輔信,45,13,32,兆豐-竹北,2023-12-01,7007
1569,濱川,30,0,30,兆豐-竹北,2023-12-01,7007
1605,華新,31,3,28,兆豐-竹北,2023-12-01,7007
1618,合機,28,0,28,兆豐-竹北,2023-12-01,7007
1514,亞力,34,10,24,兆豐-竹北,2023-12-01,7007
2615,萬海,28,4,24,兆豐-竹北,2023-12-01,7007
00679B,元大美債20年,23,1,22,兆豐-竹北,2023-12-01,7007
2002,中鋼,21,0,21,兆豐-竹北,2023-12-01,7007
00931B,統一美債20年,21,0,21,兆豐-竹北,2023-12-01,7007
00680L,元大美債20正2,20,0,20,兆豐-竹北,2023-12-01,7007
2371,大同,20,0,20,兆豐-竹北,2023-12-01,7007
2883,凱基金,26,6,20,兆豐-竹北,2023-12-01,7007
2891,中信金,25,5,20,兆豐-竹北,2023-12-01,7007
6282,康舒,22,3,19,兆豐-竹北,2023-12-01,7007
5521,工信,18,0,18,兆豐-竹北,2023-12-01,7007
2323,中環,20,3,17,兆豐-竹北,2023-12-01,7007
8069,元太,22,5,17,兆豐-竹北,2023-12-01,7007
6245,立端,37,20,17,兆豐-竹北,2023-12-01,7007
1591,駿吉-KY,19,3,16,兆豐-竹北,2023-12-01,7007
2338,光罩,19,3,16,兆豐-竹北,2023-12-01,7007
2883B,凱基金乙特,16,0,16,兆豐-竹北,2023-12-01,7007
2884,玉山金,16,0,16,兆豐-竹北,2023-12-01,7007
2482,連宇,15,0,15,兆豐-竹北,2023-12-01,7007
1101,台泥,14,0,14,兆豐-竹北,2023-12-01,7007
00720B,元大投資級公司債,14,0,14,兆豐-竹北,2023-12-01,7007
1586,和勤,14,0,14,兆豐-竹北,2023-12-01,7007
4945,陞達科技,22,8,14,兆豐-竹北,2023-12-01,7007
00715L,期街口布蘭特正2,14,1,13,兆豐-竹北,2023-12-01,7007
2637,慧洋-KY,21,9,12,兆豐-竹北,2023-12-01,7007
3041,揚智,32,20,12,兆豐-竹北,2023-12-01,7007
4919,新唐,12,0,12,兆豐-竹北,2023-12-01,7007
2388,威盛,28,16,12,兆豐-竹北,2023-12-01,7007
2618,長榮航,149,37,112,兆豐-竹北,2023-12-04,7007
6245,立端,101,1,100,兆豐-竹北,2023-12-04,7007
1314,中石化,100,1,99,兆豐-竹北,2023-12-04,7007
5213,亞昕,89,0,89,兆豐-竹北,2023-12-04,7007
00642U,期元大S＆P石油,75,0,75,兆豐-竹北,2023-12-04,7007
3231,緯創,127,64,63,兆豐-竹北,2023-12-04,7007
1605,華新,80,21,59,兆豐-竹北,2023-12-04,7007
00919,群益台灣精選高息,101,45,56,兆豐-竹北,2023-12-04,7007
00715L,期街口布蘭特正2,61,10,51,兆豐-竹北,2023-12-04,7007
2891B,中信金乙特,51,0,51,兆豐-竹北,2023-12-04,7007
6426,統新,71,20,51,兆豐-竹北,2023-12-04,7007
00753L,中信中國50正2,48,0,48,兆豐-竹北,2023-12-04,7007
00687B,國泰20年美債,41,0,41,兆豐-竹北,2023-12-04,7007
9919,康那香,80,42,38,兆豐-竹北,2023-12-04,7007
5871A,中租-KY甲特,33,0,33,兆豐-竹北,2023-12-04,7007
00720B,元大投資級公司債,38,12,26,兆豐-竹北,2023-12-04,7007
9941A,裕融甲特,25,0,25,兆豐-竹北,2023-12-04,7007
2883,凱基金,24,0,24,兆豐-竹北,2023-12-04,7007
3363,上詮,26,2,24,兆豐-竹北,2023-12-04,7007
00936,台新永續高息中小,21,0,21,兆豐-竹北,2023-12-04,7007
00632R,元大台灣50反1,20,0,20,兆豐-竹北,2023-12-04,7007
3437,榮創,29,9,20,兆豐-竹北,2023-12-04,7007
2468,華經,20,1,19,兆豐-竹北,2023-12-04,7007
2344,華邦電,20,2,18,兆豐-竹北,2023-12-04,7007
8131,福懋科,18,0,18,兆豐-竹北,2023-12-04,7007
2891,中信金,17,0,17,兆豐-竹北,2023-12-04,7007
3715,定穎投控,26,9,17,兆豐-竹北,2023-12-04,7007
1701,中化,16,0,16,兆豐-竹北,2023-12-04,7007
2323,中環,16,0,16,兆豐-竹北,2023-12-04,7007
2615,萬海,28,12,16,兆豐-竹北,2023-12-04,7007
9950,萬國通,16,0,16,兆豐-竹北,2023-12-04,7007
00679B,元大美債20年,15,0,15,兆豐-竹北,2023-12-04,7007
1338,廣華-KY,15,0,15,兆豐-竹北,2023-12-04,7007
2402,毅嘉,19,5,14,兆豐-竹北,2023-12-04,7007
2363,矽統,20,7,13,兆豐-竹北,2023-12-04,7007
00891,中信關鍵半導體,14,1,13,兆豐-竹北,2023-12-04,7007
3032,偉訓,14,1,13,兆豐-竹北,2023-12-04,7007
9103,美德醫療-DR,13,0,13,兆豐-竹北,2023-12-04,7007
00882,中信中國高股息,11,0,11,兆豐-竹北,2023-12-04,7007
2388,威盛,28,18,10,兆豐-竹北,2023-12-04,7007
2888,新光金,10,0,10,兆豐-竹北,2023-12-04,7007
2897,王道銀行,10,0,10,兆豐-竹北,2023-12-04,7007
3049,精金,10,0,10,兆豐-竹北,2023-12-04,7007
3147,大綜,10,0,10,兆豐-竹北,2023-12-04,7007
3615,安可,10,0,10,兆豐-竹北,2023-12-04,7007
4961,天鈺,10,0,10,兆豐-竹北,2023-12-04,7007
6117,迎廣,25,16,9,兆豐-竹北,2023-12-04,7007
6122,擎邦,10,1,9,兆豐-竹北,2023-12-04,7007
3050,鈺德,14,5,9,兆豐-竹北,2023-12-04,7007
8054,安國,18,9,9,兆豐-竹北,2023-12-04,7007
00937B,群益ESG投等債20,160,1,159,兆豐-竹北,2023-12-05,7007
00919,群益台灣精選高息,100,14,86,兆豐-竹北,2023-12-05,7007
00929,復華台灣科技優息,73,0,73,兆豐-竹北,2023-12-05,7007
00688L,國泰20年美債正2,65,0,65,兆豐-竹北,2023-12-05,7007
2323,中環,63,0,63,兆豐-竹北,2023-12-05,7007
5426,振發,56,1,55,兆豐-竹北,2023-12-05,7007
00878,國泰永續高股息,55,0,55,兆豐-竹北,2023-12-05,7007
5347,世界,51,2,49,兆豐-竹北,2023-12-05,7007
6194,育富,76,34,42,兆豐-竹北,2023-12-05,7007
8028,昇陽半導體,40,0,40,兆豐-竹北,2023-12-05,7007
2371,大同,37,0,37,兆豐-竹北,2023-12-05,7007
6742,澤米,40,3,37,兆豐-竹北,2023-12-05,7007
2891,中信金,37,3,34,兆豐-竹北,2023-12-05,7007
00642U,期元大S＆P石油,32,0,32,兆豐-竹北,2023-12-05,7007
1513,中興電,40,10,30,兆豐-竹北,2023-12-05,7007
5871A,中租-KY甲特,30,0,30,兆豐-竹北,2023-12-05,7007
00753L,中信中國50正2,28,0,28,兆豐-竹北,2023-12-05,7007
2355,敬鵬,43,15,28,兆豐-竹北,2023-12-05,7007
3706,神達,29,1,28,兆豐-竹北,2023-12-05,7007
2882,國泰金,27,0,27,兆豐-竹北,2023-12-05,7007
4167,松瑞藥,100,73,27,兆豐-竹北,2023-12-05,7007
6245,立端,25,0,25,兆豐-竹北,2023-12-05,7007
1618,合機,24,0,24,兆豐-竹北,2023-12-05,7007
3231,緯創,44,21,23,兆豐-竹北,2023-12-05,7007
00665L,富邦�琤肭磪囓�2,23,0,23,兆豐-竹北,2023-12-05,7007
2618,長榮航,25,2,23,兆豐-竹北,2023-12-05,7007
00687B,國泰20年美債,22,0,22,兆豐-竹北,2023-12-05,7007
00679B,元大美債20年,21,0,21,兆豐-竹北,2023-12-05,7007
6111,大宇資,21,0,21,兆豐-竹北,2023-12-05,7007
6104,創惟,22,2,20,兆豐-竹北,2023-12-05,7007
00905,FT臺灣Smart,20,0,20,兆豐-竹北,2023-12-05,7007
2891B,中信金乙特,20,0,20,兆豐-竹北,2023-12-05,7007
4973,廣穎,20,0,20,兆豐-竹北,2023-12-05,7007
2344,華邦電,19,0,19,兆豐-竹北,2023-12-05,7007
1471,首利,20,2,18,兆豐-竹北,2023-12-05,7007
2612,中航,30,13,17,兆豐-竹北,2023-12-05,7007
00830,國泰費城半導體,16,0,16,兆豐-竹北,2023-12-05,7007
2617,台航,63,47,16,兆豐-竹北,2023-12-05,7007
2492,華新科,17,2,15,兆豐-竹北,2023-12-05,7007
2610,華航,15,0,15,兆豐-竹北,2023-12-05,7007
1338,廣華-KY,14,0,14,兆豐-竹北,2023-12-05,7007
2301,光寶科,46,32,14,兆豐-竹北,2023-12-05,7007
2449,京元電子,21,8,13,兆豐-竹北,2023-12-05,7007
5328,華容,35,22,13,兆豐-竹北,2023-12-05,7007
2883,凱基金,12,0,12,兆豐-竹北,2023-12-05,7007
2609,陽明,21,9,12,兆豐-竹北,2023-12-05,7007
6499,益安,12,0,12,兆豐-竹北,2023-12-05,7007
3041,揚智,18,6,12,兆豐-竹北,2023-12-05,7007
006208,富邦台50,11,0,11,兆豐-竹北,2023-12-05,7007
1477,聚陽,11,0,11,兆豐-竹北,2023-12-05,7007
00936,台新永續高息中小,312,0,312,兆豐-竹北,2023-12-06,7007
00937B,群益ESG投等債20,156,0,156,兆豐-竹北,2023-12-06,7007
1314,中石化,102,0,102,兆豐-竹北,2023-12-06,7007
2891B,中信金乙特,90,0,90,兆豐-竹北,2023-12-06,7007
00642U,期元大S＆P石油,103,23,80,兆豐-竹北,2023-12-06,7007
00687B,國泰20年美債,73,0,73,兆豐-竹北,2023-12-06,7007
5871A,中租-KY甲特,59,0,59,兆豐-竹北,2023-12-06,7007
2882,國泰金,38,0,38,兆豐-竹北,2023-12-06,7007
00931B,統一美債20年,34,0,34,兆豐-竹北,2023-12-06,7007
5213,亞昕,31,0,31,兆豐-竹北,2023-12-06,7007
2516,新建,30,0,30,兆豐-竹北,2023-12-06,7007
00753L,中信中國50正2,30,1,29,兆豐-竹北,2023-12-06,7007
2530,華建,29,0,29,兆豐-竹北,2023-12-06,7007
9941A,裕融甲特,28,0,28,兆豐-竹北,2023-12-06,7007
5381,合正,25,0,25,兆豐-竹北,2023-12-06,7007
2462,良得電,22,0,22,兆豐-竹北,2023-12-06,7007
00915,凱基優選高股息30,20,0,20,兆豐-竹北,2023-12-06,7007
2881B,富邦金乙特,20,0,20,兆豐-竹北,2023-12-06,7007
6578,達邦蛋白,20,0,20,兆豐-竹北,2023-12-06,7007
00713,元大台灣高息低波,20,0,20,兆豐-竹北,2023-12-06,7007
3047,訊舟,40,21,19,兆豐-竹北,2023-12-06,7007
6213,聯茂,19,1,18,兆豐-竹北,2023-12-06,7007
1618,合機,22,4,18,兆豐-竹北,2023-12-06,7007
00688L,國泰20年美債正2,18,0,18,兆豐-竹北,2023-12-06,7007
00933B,國泰10Y+金融債,20,2,18,兆豐-竹北,2023-12-06,7007
00680L,元大美債20正2,18,0,18,兆豐-竹北,2023-12-06,7007
3013,晟銘電,59,42,17,兆豐-竹北,2023-12-06,7007
00878,國泰永續高股息,30,12,18,兆豐-竹北,2023-12-06,7007
1616,億泰,29,12,17,兆豐-竹北,2023-12-06,7007
00795B,中信美國公債20年,16,0,16,兆豐-竹北,2023-12-06,7007
3290,東浦,23,7,16,兆豐-竹北,2023-12-06,7007
00772B,中信高評級公司債,16,1,15,兆豐-竹北,2023-12-06,7007
00850,元大臺灣ESG永續,15,0,15,兆豐-竹北,2023-12-06,7007
00715L,期街口布蘭特正2,16,1,15,兆豐-竹北,2023-12-06,7007
3306,鼎天,17,2,15,兆豐-竹北,2023-12-06,7007
00919,群益台灣精選高息,23,9,14,兆豐-竹北,2023-12-06,7007
5608,四維航,26,13,13,兆豐-竹北,2023-12-06,7007
1319,東陽,23,10,13,兆豐-竹北,2023-12-06,7007
2303,聯電,15,2,13,兆豐-竹北,2023-12-06,7007
2421,建準,13,1,12,兆豐-竹北,2023-12-06,7007
6243,迅杰,14,2,12,兆豐-竹北,2023-12-06,7007
6148,驊宏資,25,14,11,兆豐-竹北,2023-12-06,7007
2388,威盛,23,12,11,兆豐-竹北,2023-12-06,7007
3264,欣銓,11,1,10,兆豐-竹北,2023-12-06,7007
9950,萬國通,10,0,10,兆豐-竹北,2023-12-06,7007
2439,美律,11,1,10,兆豐-竹北,2023-12-06,7007
2867,三商壽,10,0,10,兆豐-竹北,2023-12-06,7007
3630,新鉅科,10,0,10,兆豐-竹北,2023-12-06,7007
3712,永崴投控,10,0,10,兆豐-竹北,2023-12-06,7007
4414,如興,10,0,10,兆豐-竹北,2023-12-06,7007
00720B,元大投資級公司債,222,5,217,兆豐-竹北,2023-12-07,7007
00919,群益台灣精選高息,198,19,179,兆豐-竹北,2023-12-07,7007
00680L,元大美債20正2,150,32,118,兆豐-竹北,2023-12-07,7007
1618,合機,127,10,117,兆豐-竹北,2023-12-07,7007
00878,國泰永續高股息,126,10,116,兆豐-竹北,2023-12-07,7007
00679B,元大美債20年,129,18,111,兆豐-竹北,2023-12-07,7007
00688L,國泰20年美債正2,132,31,101,兆豐-竹北,2023-12-07,7007
1616,億泰,93,17,76,兆豐-竹北,2023-12-07,7007
2365,昆盈,63,0,63,兆豐-竹北,2023-12-07,7007
8028,昇陽半導體,61,0,61,兆豐-竹北,2023-12-07,7007
2891B,中信金乙特,60,0,60,兆豐-竹北,2023-12-07,7007
2530,華建,55,5,50,兆豐-竹北,2023-12-07,7007
4945,陞達科技,50,0,50,兆豐-竹北,2023-12-07,7007
2882,國泰金,48,0,48,兆豐-竹北,2023-12-07,7007
00937B,群益ESG投等債20,104,59,45,兆豐-竹北,2023-12-07,7007
2313,華通,58,13,45,兆豐-竹北,2023-12-07,7007
2388,威盛,63,25,38,兆豐-竹北,2023-12-07,7007
2312,金寶,41,4,37,兆豐-竹北,2023-12-07,7007
00642U,期元大S＆P石油,43,6,37,兆豐-竹北,2023-12-07,7007
00715L,期街口布蘭特正2,37,1,36,兆豐-竹北,2023-12-07,7007
00687B,國泰20年美債,35,0,35,兆豐-竹北,2023-12-07,7007
3290,東浦,38,3,35,兆豐-竹北,2023-12-07,7007
00931B,統一美債20年,60,26,34,兆豐-竹北,2023-12-07,7007
3041,揚智,75,45,30,兆豐-竹北,2023-12-07,7007
00751B,元大AAA至A公司債,31,3,28,兆豐-竹北,2023-12-07,7007
2303,聯電,33,5,28,兆豐-竹北,2023-12-07,7007
00850,元大臺灣ESG永續,26,0,26,兆豐-竹北,2023-12-07,7007
4561,健椿,33,9,24,兆豐-竹北,2023-12-07,7007
2468,華經,25,2,23,兆豐-竹北,2023-12-07,7007
5426,振發,28,6,22,兆豐-竹北,2023-12-07,7007
1605,華新,32,11,21,兆豐-竹北,2023-12-07,7007
00641R,富邦日本反1,20,0,20,兆豐-竹北,2023-12-07,7007
00933B,國泰10Y+金融債,20,0,20,兆豐-竹北,2023-12-07,7007
2442,新美齊,20,0,20,兆豐-竹北,2023-12-07,7007
4938,和碩,20,0,20,兆豐-竹北,2023-12-07,7007
3450,聯鈞,22,3,19,兆豐-竹北,2023-12-07,7007
2425,承啟,22,4,18,兆豐-竹北,2023-12-07,7007
2610,華航,16,1,15,兆豐-竹北,2023-12-07,7007
00902,中信電池及儲能,15,0,15,兆豐-竹北,2023-12-07,7007
6197,佳必琪,26,12,14,兆豐-竹北,2023-12-07,7007
00857B,永豐20年美公債,13,0,13,兆豐-竹北,2023-12-07,7007
6138,茂達,13,0,13,兆豐-竹北,2023-12-07,7007
6233,旺玖,28,16,12,兆豐-竹北,2023-12-07,7007
2344,華邦電,12,0,12,兆豐-竹北,2023-12-07,7007
2886,兆豐金,16,5,11,兆豐-竹北,2023-12-07,7007
2881,富邦金,16,5,11,兆豐-竹北,2023-12-07,7007
1339,昭輝,16,5,11,兆豐-竹北,2023-12-07,7007
6829,千附精密,11,0,11,兆豐-竹北,2023-12-07,7007
2027,大成鋼,10,0,10,兆豐-竹北,2023-12-07,7007
3014,聯陽,10,0,10,兆豐-竹北,2023-12-07,7007
00936,台新永續高息中小,325,4,321,兆豐-竹北,2023-12-08,7007
2882A,國泰特,130,0,130,兆豐-竹北,2023-12-08,7007
00937B,群益ESG投等債20,94,0,94,兆豐-竹北,2023-12-08,7007
00919,群益台灣精選高息,71,0,71,兆豐-竹北,2023-12-08,7007
8084,巨虹,51,0,51,兆豐-竹北,2023-12-08,7007
00632R,元大台灣50反1,50,0,50,兆豐-竹北,2023-12-08,7007
00665L,富邦�琤肭磪囓�2,50,0,50,兆豐-竹北,2023-12-08,7007
00931B,統一美債20年,46,1,45,兆豐-竹北,2023-12-08,7007
8028,昇陽半導體,43,0,43,兆豐-竹北,2023-12-08,7007
9941A,裕融甲特,40,0,40,兆豐-竹北,2023-12-08,7007
2882,國泰金,37,0,37,兆豐-竹北,2023-12-08,7007
00680L,元大美債20正2,33,0,33,兆豐-竹北,2023-12-08,7007
1591,駿吉-KY,59,28,31,兆豐-竹北,2023-12-08,7007
2891B,中信金乙特,30,0,30,兆豐-竹北,2023-12-08,7007
2388,威盛,70,42,28,兆豐-竹北,2023-12-08,7007
2303,聯電,29,1,28,兆豐-竹北,2023-12-08,7007
00715L,期街口布蘭特正2,25,1,24,兆豐-竹北,2023-12-08,7007
6111,大宇資,22,0,22,兆豐-竹北,2023-12-08,7007
1101,台泥,22,0,22,兆豐-竹北,2023-12-08,7007
2888,新光金,21,0,21,兆豐-竹北,2023-12-08,7007
00688L,國泰20年美債正2,21,0,21,兆豐-竹北,2023-12-08,7007
6237,驊訊,21,0,21,兆豐-竹北,2023-12-08,7007
00679B,元大美債20年,21,1,20,兆豐-竹北,2023-12-08,7007
00878,國泰永續高股息,24,5,19,兆豐-竹北,2023-12-08,7007
00642U,期元大S＆P石油,18,1,17,兆豐-竹北,2023-12-08,7007
00637L,元大滬深300正2,23,6,17,兆豐-竹北,2023-12-08,7007
00712,復華富時不動產,17,0,17,兆豐-竹北,2023-12-08,7007
00687B,國泰20年美債,23,7,16,兆豐-竹北,2023-12-08,7007
2241,艾姆勒,16,0,16,兆豐-竹北,2023-12-08,7007
2464,盟立,16,0,16,兆豐-竹北,2023-12-08,7007
3290,東浦,31,15,16,兆豐-竹北,2023-12-08,7007
2374,佳能,15,0,15,兆豐-竹北,2023-12-08,7007
3024,憶聲,15,0,15,兆豐-竹北,2023-12-08,7007
00882,中信中國高股息,15,1,14,兆豐-竹北,2023-12-08,7007
00719B,元大美債1-3,13,0,13,兆豐-竹北,2023-12-08,7007
5608,四維航,12,0,12,兆豐-竹北,2023-12-08,7007
6243,迅杰,16,4,12,兆豐-竹北,2023-12-08,7007
8034,榮群,21,9,12,兆豐-竹北,2023-12-08,7007
3481,群創,14,2,12,兆豐-竹北,2023-12-08,7007
00706L,期元大S＆P日圓正2,11,0,11,兆豐-竹北,2023-12-08,7007
2449,京元電子,13,2,11,兆豐-竹北,2023-12-08,7007
2867,三商壽,10,0,10,兆豐-竹北,2023-12-08,7007
3042,晶技,10,0,10,兆豐-竹北,2023-12-08,7007
5234,達興材料,10,0,10,兆豐-竹北,2023-12-08,7007
2405,輔信,12,2,10,兆豐-竹北,2023-12-08,7007
2618,長榮航,150,141,9,兆豐-竹北,2023-12-08,7007
6530,創威,17,8,9,兆豐-竹北,2023-12-08,7007
2368,金像電,16,7,9,兆豐-竹北,2023-12-08,7007
2605,新興,60,52,8,兆豐-竹北,2023-12-08,7007
2314,台揚,11,4,7,兆豐-竹北,2023-12-08,7007
2882A,國泰特,150,0,150,兆豐-竹北,2023-12-11,7007
2388,威盛,97,10,87,兆豐-竹北,2023-12-11,7007
00937B,群益ESG投等債20,59,0,59,兆豐-竹北,2023-12-11,7007
2609,陽明,56,0,56,兆豐-竹北,2023-12-11,7007
2891B,中信金乙特,52,0,52,兆豐-竹北,2023-12-11,7007
3062,建漢,47,0,47,兆豐-竹北,2023-12-11,7007
00882,中信中國高股息,50,5,45,兆豐-竹北,2023-12-11,7007
00919,群益台灣精選高息,63,21,42,兆豐-竹北,2023-12-11,7007
00687B,國泰20年美債,40,4,36,兆豐-竹北,2023-12-11,7007
00918,大華優利高填息30,32,0,32,兆豐-竹北,2023-12-11,7007
2301,光寶科,122,90,32,兆豐-竹北,2023-12-11,7007
00679B,元大美債20年,36,7,29,兆豐-竹北,2023-12-11,7007
00680L,元大美債20正2,24,0,24,兆豐-竹北,2023-12-11,7007
4167,松瑞藥,21,0,21,兆豐-竹北,2023-12-11,7007
3231,緯創,47,26,21,兆豐-竹北,2023-12-11,7007
2002,中鋼,20,0,20,兆豐-竹北,2023-12-11,7007
2618,長榮航,161,141,20,兆豐-竹北,2023-12-11,7007
6244,茂迪,20,0,20,兆豐-竹北,2023-12-11,7007
6245,立端,20,0,20,兆豐-竹北,2023-12-11,7007
6743,安普新,20,0,20,兆豐-竹北,2023-12-11,7007
1524,耿鼎,50,32,18,兆豐-竹北,2023-12-11,7007
4561,健椿,32,14,18,兆豐-竹北,2023-12-11,7007
5521,工信,40,23,17,兆豐-竹北,2023-12-11,7007
00706L,期元大S＆P日圓正2,16,0,16,兆豐-竹北,2023-12-11,7007
1104,環泥,16,0,16,兆豐-竹北,2023-12-11,7007
00633L,富邦上証正2,15,0,15,兆豐-竹北,2023-12-11,7007
2323,中環,15,0,15,兆豐-竹北,2023-12-11,7007
2516,新建,35,20,15,兆豐-竹北,2023-12-11,7007
6547,高端疫苗,15,0,15,兆豐-竹北,2023-12-11,7007
6282,康舒,26,12,14,兆豐-竹北,2023-12-11,7007
00929,復華台灣科技優息,32,18,14,兆豐-竹北,2023-12-11,7007
2888,新光金,30,17,13,兆豐-竹北,2023-12-11,7007
1312,國喬,12,0,12,兆豐-竹北,2023-12-11,7007
2891,中信金,14,2,12,兆豐-竹北,2023-12-11,7007
9941A,裕融甲特,12,0,12,兆豐-竹北,2023-12-11,7007
8996,高力,18,7,11,兆豐-竹北,2023-12-11,7007
2312,金寶,11,0,11,兆豐-竹北,2023-12-11,7007
00933B,國泰10Y+金融債,10,0,10,兆豐-竹北,2023-12-11,7007
00934,中信成長高股息,11,1,10,兆豐-竹北,2023-12-11,7007
1611,中電,10,0,10,兆豐-竹北,2023-12-11,7007
2409,友達,10,0,10,兆豐-竹北,2023-12-11,7007
5515,建國,10,0,10,兆豐-竹北,2023-12-11,7007
5706,鳳凰,10,0,10,兆豐-竹北,2023-12-11,7007
6108,競國,10,0,10,兆豐-竹北,2023-12-11,7007
2886,兆豐金,9,0,9,兆豐-竹北,2023-12-11,7007
1514,亞力,42,33,9,兆豐-竹北,2023-12-11,7007
00936,台新永續高息中小,9,0,9,兆豐-竹北,2023-12-11,7007
4533,協易機,13,4,9,兆豐-竹北,2023-12-11,7007
2465,麗臺,9,0,9,兆豐-竹北,2023-12-11,7007
1519,華城,14,6,8,兆豐-竹北,2023-12-11,7007
2883,凱基金,256,0,256,兆豐-竹北,2023-12-12,7007
00753L,中信中國50正2,161,1,160,兆豐-竹北,2023-12-12,7007
8084,巨虹,135,0,135,兆豐-竹北,2023-12-12,7007
00919,群益台灣精選高息,138,11,127,兆豐-竹北,2023-12-12,7007
4967,十銓,92,13,79,兆豐-竹北,2023-12-12,7007
3481,群創,69,6,63,兆豐-竹北,2023-12-12,7007
2323,中環,72,10,62,兆豐-竹北,2023-12-12,7007
2881B,富邦金乙特,60,0,60,兆豐-竹北,2023-12-12,7007
2882A,國泰特,60,0,60,兆豐-竹北,2023-12-12,7007
00679B,元大美債20年,57,0,57,兆豐-竹北,2023-12-12,7007
3024,憶聲,55,0,55,兆豐-竹北,2023-12-12,7007
2618,長榮航,142,91,51,兆豐-竹北,2023-12-12,7007
00918,大華優利高填息30,50,0,50,兆豐-竹北,2023-12-12,7007
2353,宏��,44,3,41,兆豐-竹北,2023-12-12,7007
5521,工信,111,71,40,兆豐-竹北,2023-12-12,7007
6136,富爾特,40,0,40,兆豐-竹北,2023-12-12,7007
00878,國泰永續高股息,47,15,32,兆豐-竹北,2023-12-12,7007
1314,中石化,30,0,30,兆豐-竹北,2023-12-12,7007
00632R,元大台灣50反1,30,0,30,兆豐-竹北,2023-12-12,7007
2484,希華,30,0,30,兆豐-竹北,2023-12-12,7007
2891B,中信金乙特,30,0,30,兆豐-竹北,2023-12-12,7007
2374,佳能,30,1,29,兆豐-竹北,2023-12-12,7007
2329,華泰,37,9,28,兆豐-竹北,2023-12-12,7007
3390,旭軟,26,1,25,兆豐-竹北,2023-12-12,7007
00687B,國泰20年美債,24,0,24,兆豐-竹北,2023-12-12,7007
3006,晶豪科,25,2,23,兆豐-竹北,2023-12-12,7007
8086,宏捷科,23,0,23,兆豐-竹北,2023-12-12,7007
6122,擎邦,23,1,22,兆豐-竹北,2023-12-12,7007
1529,樂事綠能,22,0,22,兆豐-竹北,2023-12-12,7007
00937B,群益ESG投等債20,39,18,21,兆豐-竹北,2023-12-12,7007
3596,智易,23,2,21,兆豐-竹北,2023-12-12,7007
3287,廣寰科,27,6,21,兆豐-竹北,2023-12-12,7007
6282,康舒,32,11,21,兆豐-竹北,2023-12-12,7007
5213,亞昕,20,0,20,兆豐-竹北,2023-12-12,7007
9958,世紀鋼,21,1,20,兆豐-竹北,2023-12-12,7007
2516,新建,17,0,17,兆豐-竹北,2023-12-12,7007
2356,英業達,18,2,16,兆豐-竹北,2023-12-12,7007
4114,健喬,16,0,16,兆豐-竹北,2023-12-12,7007
00929,復華台灣科技優息,45,30,15,兆豐-竹北,2023-12-12,7007
00720B,元大投資級公司債,13,0,13,兆豐-竹北,2023-12-12,7007
00637L,元大滬深300正2,12,0,12,兆豐-竹北,2023-12-12,7007
2402,毅嘉,33,21,12,兆豐-竹北,2023-12-12,7007
2612,中航,12,0,12,兆豐-竹北,2023-12-12,7007
00688L,國泰20年美債正2,11,0,11,兆豐-竹北,2023-12-12,7007
00934,中信成長高股息,12,1,11,兆豐-竹北,2023-12-12,7007
2615,萬海,11,0,11,兆豐-竹北,2023-12-12,7007
3630,新鉅科,11,0,11,兆豐-竹北,2023-12-12,7007
6743,安普新,11,0,11,兆豐-竹北,2023-12-12,7007
2889,國票金,12,2,10,兆豐-竹北,2023-12-12,7007
3037,欣興,14,4,10,兆豐-竹北,2023-12-12,7007
2888,新光金,1684,0,1684,兆豐-竹北,2023-12-13,7007
2371,大同,121,0,121,兆豐-竹北,2023-12-13,7007
00919,群益台灣精選高息,116,3,113,兆豐-竹北,2023-12-13,7007
2882A,國泰特,84,0,84,兆豐-竹北,2023-12-13,7007
00753L,中信中國50正2,69,0,69,兆豐-竹北,2023-12-13,7007
00931B,統一美債20年,69,0,69,兆豐-竹北,2023-12-13,7007
2618,長榮航,206,137,69,兆豐-竹北,2023-12-13,7007
00642U,期元大S＆P石油,71,5,66,兆豐-竹北,2023-12-13,7007
00687B,國泰20年美債,65,2,63,兆豐-竹北,2023-12-13,7007
9941A,裕融甲特,60,0,60,兆豐-竹北,2023-12-13,7007
2867,三商壽,67,10,57,兆豐-竹北,2023-12-13,7007
1718,中纖,58,4,54,兆豐-竹北,2023-12-13,7007
8028,昇陽半導體,50,0,50,兆豐-竹北,2023-12-13,7007
2891B,中信金乙特,48,0,48,兆豐-竹北,2023-12-13,7007
8084,巨虹,43,0,43,兆豐-竹北,2023-12-13,7007
3024,憶聲,38,0,38,兆豐-竹北,2023-12-13,7007
2723,美食-KY,37,0,37,兆豐-竹北,2023-12-13,7007
5521,工信,69,32,37,兆豐-竹北,2023-12-13,7007
2605,新興,40,8,32,兆豐-竹北,2023-12-13,7007
2641,正德,41,9,32,兆豐-竹北,2023-12-13,7007
00715L,期街口布蘭特正2,31,0,31,兆豐-竹北,2023-12-13,7007
2331,精英,31,0,31,兆豐-竹北,2023-12-13,7007
00688L,國泰20年美債正2,30,3,27,兆豐-竹北,2023-12-13,7007
5324,士開,25,0,25,兆豐-竹北,2023-12-13,7007
2610,華航,25,3,22,兆豐-竹北,2023-12-13,7007
2881,富邦金,22,0,22,兆豐-竹北,2023-12-13,7007
1444,力麗,22,0,22,兆豐-竹北,2023-12-13,7007
2367,燿華,23,1,22,兆豐-竹北,2023-12-13,7007
2634,漢翔,29,7,22,兆豐-竹北,2023-12-13,7007
00934,中信成長高股息,29,9,20,兆豐-竹北,2023-12-13,7007
6104,創惟,24,4,20,兆豐-竹北,2023-12-13,7007
00680L,元大美債20正2,28,10,18,兆豐-竹北,2023-12-13,7007
00679B,元大美債20年,20,2,18,兆豐-竹北,2023-12-13,7007
6282,康舒,19,2,17,兆豐-竹北,2023-12-13,7007
2402,毅嘉,20,3,17,兆豐-竹北,2023-12-13,7007
2812,台中銀,17,0,17,兆豐-竹北,2023-12-13,7007
2002,中鋼,15,0,15,兆豐-竹北,2023-12-13,7007
2365,昆盈,26,11,15,兆豐-竹北,2023-12-13,7007
6139,亞翔,16,1,15,兆豐-竹北,2023-12-13,7007
00882,中信中國高股息,14,0,14,兆豐-竹北,2023-12-13,7007
6187,萬潤,17,3,14,兆豐-竹北,2023-12-13,7007
00918,大華優利高填息30,13,0,13,兆豐-竹北,2023-12-13,7007
2609,陽明,12,0,12,兆豐-竹北,2023-12-13,7007
2617,台航,12,0,12,兆豐-竹北,2023-12-13,7007
3694,海華,17,5,12,兆豐-竹北,2023-12-13,7007
2201,裕隆,11,0,11,兆豐-竹北,2023-12-13,7007
2884,玉山金,11,0,11,兆豐-竹北,2023-12-13,7007
5011,久陽,17,6,11,兆豐-竹北,2023-12-13,7007
3363,上詮,11,1,10,兆豐-竹北,2023-12-13,7007
00902,中信電池及儲能,11,1,10,兆豐-竹北,2023-12-13,7007
00929,復華台灣科技優息,358,35,323,兆豐-竹北,2023-12-14,7007
00632R,元大台灣50反1,296,10,286,兆豐-竹北,2023-12-14,7007
00720B,元大投資級公司債,159,4,155,兆豐-竹北,2023-12-14,7007
8084,巨虹,152,0,152,兆豐-竹北,2023-12-14,7007
00687B,國泰20年美債,124,10,114,兆豐-竹北,2023-12-14,7007
00919,群益台灣精選高息,130,28,102,兆豐-竹北,2023-12-14,7007
1608,華榮,100,2,98,兆豐-竹北,2023-12-14,7007
00882,中信中國高股息,115,20,95,兆豐-竹北,2023-12-14,7007
2882A,國泰特,80,0,80,兆豐-竹北,2023-12-14,7007
00680L,元大美債20正2,101,22,79,兆豐-竹北,2023-12-14,7007
1434,福懋,61,0,61,兆豐-竹北,2023-12-14,7007
6122,擎邦,63,2,61,兆豐-竹北,2023-12-14,7007
6111,大宇資,55,1,54,兆豐-竹北,2023-12-14,7007
8085,福華,57,9,48,兆豐-竹北,2023-12-14,7007
00936,台新永續高息中小,52,8,44,兆豐-竹北,2023-12-14,7007
2515,中工,45,5,40,兆豐-竹北,2023-12-14,7007
8096,擎亞,40,0,40,兆豐-竹北,2023-12-14,7007
00753L,中信中國50正2,41,2,39,兆豐-竹北,2023-12-14,7007
8011,台通,38,1,37,兆豐-竹北,2023-12-14,7007
00933B,國泰10Y+金融債,33,0,33,兆豐-竹北,2023-12-14,7007
2891B,中信金乙特,30,0,30,兆豐-竹北,2023-12-14,7007
9941A,裕融甲特,30,0,30,兆豐-竹北,2023-12-14,7007
00934,中信成長高股息,29,0,29,兆豐-竹北,2023-12-14,7007
00918,大華優利高填息30,31,3,28,兆豐-竹北,2023-12-14,7007
1609,大亞,26,0,26,兆豐-竹北,2023-12-14,7007
00921,兆豐龍頭等權重,22,0,22,兆豐-竹北,2023-12-14,7007
2359,所羅門,24,2,22,兆豐-竹北,2023-12-14,7007
3041,揚智,39,17,22,兆豐-竹北,2023-12-14,7007
2367,燿華,28,7,21,兆豐-竹北,2023-12-14,7007
2615,萬海,21,0,21,兆豐-竹北,2023-12-14,7007
1444,力麗,20,0,20,兆豐-竹北,2023-12-14,7007
6244,茂迪,20,0,20,兆豐-竹北,2023-12-14,7007
5328,華容,22,3,19,兆豐-竹北,2023-12-14,7007
2376,技嘉,24,5,19,兆豐-竹北,2023-12-14,7007
3715,定穎投控,36,17,19,兆豐-竹北,2023-12-14,7007
8936,國統,27,10,17,兆豐-竹北,2023-12-14,7007
8176,智捷,17,0,17,兆豐-竹北,2023-12-14,7007
2332,友訊,17,1,16,兆豐-竹北,2023-12-14,7007
3227,原相,19,3,16,兆豐-竹北,2023-12-14,7007
00679B,元大美債20年,18,3,15,兆豐-竹北,2023-12-14,7007
2889,國票金,15,0,15,兆豐-竹北,2023-12-14,7007
6742,澤米,15,0,15,兆豐-竹北,2023-12-14,7007
3706,神達,15,0,15,兆豐-竹北,2023-12-14,7007
3028,增你強,14,0,14,兆豐-竹北,2023-12-14,7007
2312,金寶,18,5,13,兆豐-竹北,2023-12-14,7007
6127,九豪,14,1,13,兆豐-竹北,2023-12-14,7007
1595,川寶,12,0,12,兆豐-竹北,2023-12-14,7007
2495,普安,12,0,12,兆豐-竹北,2023-12-14,7007
4114,健喬,12,0,12,兆豐-竹北,2023-12-14,7007
4973,廣穎,14,2,12,兆豐-竹北,2023-12-14,7007
00687B,國泰20年美債,269,19,250,兆豐-竹北,2023-12-15,7007
00929,復華台灣科技優息,229,9,220,兆豐-竹北,2023-12-15,7007
2891B,中信金乙特,200,0,200,兆豐-竹北,2023-12-15,7007
2618,長榮航,292,131,161,兆豐-竹北,2023-12-15,7007
00919,群益台灣精選高息,274,125,149,兆豐-竹北,2023-12-15,7007
00688L,國泰20年美債正2,173,27,146,兆豐-竹北,2023-12-15,7007
2882A,國泰特,100,0,100,兆豐-竹北,2023-12-15,7007
2023,燁輝,100,6,94,兆豐-竹北,2023-12-15,7007
00679B,元大美債20年,87,13,74,兆豐-竹北,2023-12-15,7007
2356,英業達,203,136,67,兆豐-竹北,2023-12-15,7007
2337,旺宏,71,15,56,兆豐-竹北,2023-12-15,7007
2867,三商壽,50,0,50,兆豐-竹北,2023-12-15,7007
00878,國泰永續高股息,63,19,44,兆豐-竹北,2023-12-15,7007
2402,毅嘉,49,10,39,兆豐-竹北,2023-12-15,7007
6156,松上,27,1,26,兆豐-竹北,2023-12-15,7007
2312,金寶,25,0,25,兆豐-竹北,2023-12-15,7007
2409,友達,31,6,25,兆豐-竹北,2023-12-15,7007
2449,京元電子,30,7,23,兆豐-竹北,2023-12-15,7007
00937B,群益ESG投等債20,22,0,22,兆豐-竹北,2023-12-15,7007
00680L,元大美債20正2,57,35,22,兆豐-竹北,2023-12-15,7007
2441,超豐,21,0,21,兆豐-竹北,2023-12-15,7007
3372,典範,27,7,20,兆豐-竹北,2023-12-15,7007
2485,兆赫,19,0,19,兆豐-竹北,2023-12-15,7007
00918,大華優利高填息30,58,40,18,兆豐-竹北,2023-12-15,7007
1612,宏泰,18,1,17,兆豐-竹北,2023-12-15,7007
00900,富邦特選高股息30,28,11,17,兆豐-竹北,2023-12-15,7007
6245,立端,15,0,15,兆豐-竹北,2023-12-15,7007
00931B,統一美債20年,15,0,15,兆豐-竹北,2023-12-15,7007
2481,強茂,23,8,15,兆豐-竹北,2023-12-15,7007
00933B,國泰10Y+金融債,14,0,14,兆豐-竹北,2023-12-15,7007
3437,榮創,20,6,14,兆豐-竹北,2023-12-15,7007
2365,昆盈,17,5,12,兆豐-竹北,2023-12-15,7007
3715,定穎投控,16,5,11,兆豐-竹北,2023-12-15,7007
0056,元大高股息,12,2,10,兆豐-竹北,2023-12-15,7007
00888,永豐台灣ESG,10,0,10,兆豐-竹北,2023-12-15,7007
3265,台星科,17,7,10,兆豐-竹北,2023-12-15,7007
00930,永豐ESG低碳高息,10,0,10,兆豐-竹北,2023-12-15,7007
1611,中電,10,0,10,兆豐-竹北,2023-12-15,7007
1805,寶徠,10,0,10,兆豐-竹北,2023-12-15,7007
2236,百達-KY,10,0,10,兆豐-竹北,2023-12-15,7007
2387,精元,13,3,10,兆豐-竹北,2023-12-15,7007
3266,昇陽,10,0,10,兆豐-竹北,2023-12-15,7007
5533,皇鼎,10,0,10,兆豐-竹北,2023-12-15,7007
6116,彩晶,10,0,10,兆豐-竹北,2023-12-15,7007
6143,振曜,10,0,10,兆豐-竹北,2023-12-15,7007
6244,茂迪,10,0,10,兆豐-竹北,2023-12-15,7007
6290,良維,11,1,10,兆豐-竹北,2023-12-15,7007
00670L,富邦NASDAQ正2,10,0,10,兆豐-竹北,2023-12-15,7007
6257,矽格,11,2,9,兆豐-竹北,2023-12-15,7007
2388,威盛,21,12,9,兆豐-竹北,2023-12-15,7007
00680L,元大美債20正2,572,12,560,兆豐-竹北,2023-12-18,7007
2881B,富邦金乙特,177,0,177,兆豐-竹北,2023-12-18,7007
00688L,國泰20年美債正2,146,0,146,兆豐-竹北,2023-12-18,7007
00919,群益台灣精選高息,166,26,140,兆豐-竹北,2023-12-18,7007
00687B,國泰20年美債,113,10,103,兆豐-竹北,2023-12-18,7007
2834,臺企銀,70,0,70,兆豐-竹北,2023-12-18,7007
00933B,國泰10Y+金融債,67,0,67,兆豐-竹北,2023-12-18,7007
9941A,裕融甲特,60,0,60,兆豐-竹北,2023-12-18,7007
2882A,國泰特,55,0,55,兆豐-竹北,2023-12-18,7007
1605,華新,59,7,52,兆豐-竹北,2023-12-18,7007
2002,中鋼,58,7,51,兆豐-竹北,2023-12-18,7007
2236,百達-KY,46,0,46,兆豐-竹北,2023-12-18,7007
2023,燁輝,53,16,37,兆豐-竹北,2023-12-18,7007
00937B,群益ESG投等債20,37,0,37,兆豐-竹北,2023-12-18,7007
2014,中鴻,36,5,31,兆豐-竹北,2023-12-18,7007
2883B,凱基金乙特,30,0,30,兆豐-竹北,2023-12-18,7007
2889,國票金,30,0,30,兆豐-竹北,2023-12-18,7007
3317,尼克森,30,0,30,兆豐-竹北,2023-12-18,7007
6901,鑽石投資,28,0,28,兆豐-竹北,2023-12-18,7007
2610,華航,38,11,27,兆豐-竹北,2023-12-18,7007
2033,佳大,29,5,24,兆豐-竹北,2023-12-18,7007
2369,菱生,24,1,23,兆豐-竹北,2023-12-18,7007
00712,復華富時不動產,40,19,21,兆豐-竹北,2023-12-18,7007
2636,台驊控股,20,0,20,兆豐-竹北,2023-12-18,7007
2891B,中信金乙特,20,0,20,兆豐-竹北,2023-12-18,7007
8358,金居,20,0,20,兆豐-竹北,2023-12-18,7007
00679B,元大美債20年,33,14,19,兆豐-竹北,2023-12-18,7007
00720B,元大投資級公司債,17,0,17,兆豐-竹北,2023-12-18,7007
0056,元大高股息,15,0,15,兆豐-竹北,2023-12-18,7007
2101,南港,15,0,15,兆豐-竹北,2023-12-18,7007
5425,台半,16,1,15,兆豐-竹北,2023-12-18,7007
00923,群益台ESG低碳50,14,0,14,兆豐-竹北,2023-12-18,7007
2353,宏��,39,25,14,兆豐-竹北,2023-12-18,7007
00795B,中信美國公債20年,15,1,14,兆豐-竹北,2023-12-18,7007
2374,佳能,14,0,14,兆豐-竹北,2023-12-18,7007
1609,大亞,18,5,13,兆豐-竹北,2023-12-18,7007
1905,華紙,16,3,13,兆豐-竹北,2023-12-18,7007
00934,中信成長高股息,22,10,12,兆豐-竹北,2023-12-18,7007
2618,長榮航,151,139,12,兆豐-竹北,2023-12-18,7007
00706L,期元大S＆P日圓正2,11,0,11,兆豐-竹北,2023-12-18,7007
1312,國喬,11,0,11,兆豐-竹北,2023-12-18,7007
2331,精英,11,0,11,兆豐-竹北,2023-12-18,7007
2481,強茂,11,0,11,兆豐-竹北,2023-12-18,7007
3047,訊舟,12,1,11,兆豐-竹北,2023-12-18,7007
5608,四維航,11,0,11,兆豐-竹北,2023-12-18,7007
5483,中美晶,12,1,11,兆豐-竹北,2023-12-18,7007
2883,凱基金,12,2,10,兆豐-竹北,2023-12-18,7007
2402,毅嘉,21,11,10,兆豐-竹北,2023-12-18,7007
2485,兆赫,12,2,10,兆豐-竹北,2023-12-18,7007
6548,長科*,10,0,10,兆豐-竹北,2023-12-18,7007
00919,群益台灣精選高息,154,39,115,兆豐-竹北,2023-12-19,7007
2881B,富邦金乙特,100,0,100,兆豐-竹北,2023-12-19,7007
9941A,裕融甲特,90,0,90,兆豐-竹北,2023-12-19,7007
00687B,國泰20年美債,107,21,86,兆豐-竹北,2023-12-19,7007
2882A,國泰特,81,0,81,兆豐-竹北,2023-12-19,7007
2618,長榮航,195,121,74,兆豐-竹北,2023-12-19,7007
00712,復華富時不動產,70,1,69,兆豐-竹北,2023-12-19,7007
2882,國泰金,65,0,65,兆豐-竹北,2023-12-19,7007
2887,台新金,67,8,59,兆豐-竹北,2023-12-19,7007
5876,上海商銀,53,0,53,兆豐-竹北,2023-12-19,7007
00937B,群益ESG投等債20,57,19,38,兆豐-竹北,2023-12-19,7007
00688L,國泰20年美債正2,38,0,38,兆豐-竹北,2023-12-19,7007
6494,九齊,30,0,30,兆豐-竹北,2023-12-19,7007
2353,宏��,78,50,28,兆豐-竹北,2023-12-19,7007
2610,華航,38,11,27,兆豐-竹北,2023-12-19,7007
1522,堤維西,26,0,26,兆豐-竹北,2023-12-19,7007
4167,松瑞藥,29,4,25,兆豐-竹北,2023-12-19,7007
2031,新光鋼,26,2,24,兆豐-竹北,2023-12-19,7007
4909,新復興,24,0,24,兆豐-竹北,2023-12-19,7007
00665L,富邦�琤肭磪囓�2,23,0,23,兆豐-竹北,2023-12-19,7007
3706,神達,23,0,23,兆豐-竹北,2023-12-19,7007
00679B,元大美債20年,48,25,23,兆豐-竹北,2023-12-19,7007
2323,中環,21,0,21,兆豐-竹北,2023-12-19,7007
6901,鑽石投資,24,3,21,兆豐-竹北,2023-12-19,7007
3317,尼克森,20,0,20,兆豐-竹北,2023-12-19,7007
5213,亞昕,20,0,20,兆豐-竹北,2023-12-19,7007
00751B,元大AAA至A公司債,19,0,19,兆豐-竹北,2023-12-19,7007
0056,元大高股息,23,4,19,兆豐-竹北,2023-12-19,7007
00680L,元大美債20正2,19,0,19,兆豐-竹北,2023-12-19,7007
00915,凱基優選高股息30,19,1,18,兆豐-竹北,2023-12-19,7007
2891,中信金,20,2,18,兆豐-竹北,2023-12-19,7007
00933B,國泰10Y+金融債,16,0,16,兆豐-竹北,2023-12-19,7007
2883,凱基金,60,45,15,兆豐-竹北,2023-12-19,7007
2891B,中信金乙特,15,0,15,兆豐-竹北,2023-12-19,7007
00931B,統一美債20年,64,50,14,兆豐-竹北,2023-12-19,7007
2615,萬海,26,12,14,兆豐-竹北,2023-12-19,7007
2356,英業達,36,23,13,兆豐-竹北,2023-12-19,7007
1722,台肥,12,0,12,兆豐-竹北,2023-12-19,7007
6244,茂迪,12,0,12,兆豐-竹北,2023-12-19,7007
5426,振發,12,1,11,兆豐-竹北,2023-12-19,7007
4961,天鈺,10,0,10,兆豐-竹北,2023-12-19,7007
3027,盛達,10,0,10,兆豐-竹北,2023-12-19,7007
3062,建漢,10,0,10,兆豐-竹北,2023-12-19,7007
8131,福懋科,10,0,10,兆豐-竹北,2023-12-19,7007
00670L,富邦NASDAQ正2,10,0,10,兆豐-竹北,2023-12-19,7007
9919,康那香,25,15,10,兆豐-竹北,2023-12-19,7007
5347,世界,10,0,10,兆豐-竹北,2023-12-19,7007
00934,中信成長高股息,22,13,9,兆豐-竹北,2023-12-19,7007
00637L,元大滬深300正2,12,3,9,兆豐-竹北,2023-12-19,7007
9105,泰金寶-DR,10,1,9,兆豐-竹北,2023-12-19,7007
00688L,國泰20年美債正2,495,0,495,兆豐-竹北,2023-12-20,7007
9941A,裕融甲特,121,0,121,兆豐-竹北,2023-12-20,7007
00937B,群益ESG投等債20,94,0,94,兆豐-竹北,2023-12-20,7007
2882A,國泰特,80,0,80,兆豐-竹北,2023-12-20,7007
00919,群益台灣精選高息,80,3,77,兆豐-竹北,2023-12-20,7007
2886,兆豐金,75,0,75,兆豐-竹北,2023-12-20,7007
2867,三商壽,64,0,64,兆豐-竹北,2023-12-20,7007
00933B,國泰10Y+金融債,60,0,60,兆豐-竹北,2023-12-20,7007
00882,中信中國高股息,63,4,59,兆豐-竹北,2023-12-20,7007
00679B,元大美債20年,59,0,59,兆豐-竹北,2023-12-20,7007
2359,所羅門,56,12,44,兆豐-竹北,2023-12-20,7007
4102,永日,44,1,43,兆豐-竹北,2023-12-20,7007
2353,宏��,148,109,39,兆豐-竹北,2023-12-20,7007
2913,農林,34,0,34,兆豐-竹北,2023-12-20,7007
2809,京城銀,33,0,33,兆豐-竹北,2023-12-20,7007
00680L,元大美債20正2,32,0,32,兆豐-竹北,2023-12-20,7007
8086,宏捷科,31,0,31,兆豐-竹北,2023-12-20,7007
2881B,富邦金乙特,30,0,30,兆豐-竹北,2023-12-20,7007
2883,凱基金,31,2,29,兆豐-竹北,2023-12-20,7007
9103,美德醫療-DR,23,0,23,兆豐-竹北,2023-12-20,7007
1591,駿吉-KY,24,2,22,兆豐-竹北,2023-12-20,7007
2329,華泰,22,0,22,兆豐-竹北,2023-12-20,7007
6291,沛亨,22,0,22,兆豐-竹北,2023-12-20,7007
00929,復華台灣科技優息,34,14,20,兆豐-竹北,2023-12-20,7007
2891B,中信金乙特,20,0,20,兆豐-竹北,2023-12-20,7007
5213,亞昕,20,0,20,兆豐-竹北,2023-12-20,7007
1815,富喬,22,3,19,兆豐-竹北,2023-12-20,7007
2889,國票金,20,2,18,兆豐-竹北,2023-12-20,7007
2617,台航,15,0,15,兆豐-竹北,2023-12-20,7007
2891,中信金,16,1,15,兆豐-竹北,2023-12-20,7007
5426,振發,32,17,15,兆豐-竹北,2023-12-20,7007
2382,廣達,36,22,14,兆豐-竹北,2023-12-20,7007
00751B,元大AAA至A公司債,14,0,14,兆豐-竹北,2023-12-20,7007
1612,宏泰,14,0,14,兆豐-竹北,2023-12-20,7007
3260,威剛,15,1,14,兆豐-竹北,2023-12-20,7007
3289,宜特,14,0,14,兆豐-竹北,2023-12-20,7007
6244,茂迪,17,3,14,兆豐-竹北,2023-12-20,7007
2301,光寶科,81,67,14,兆豐-竹北,2023-12-20,7007
3006,晶豪科,17,3,14,兆豐-竹北,2023-12-20,7007
3059,華晶科,13,0,13,兆豐-竹北,2023-12-20,7007
00670L,富邦NASDAQ正2,13,0,13,兆豐-竹北,2023-12-20,7007
5521,工信,36,24,12,兆豐-竹北,2023-12-20,7007
2377,微星,15,3,12,兆豐-竹北,2023-12-20,7007
1905,華紙,13,2,11,兆豐-竹北,2023-12-20,7007
2605,新興,11,0,11,兆豐-竹北,2023-12-20,7007
8112,至上,15,5,10,兆豐-竹北,2023-12-20,7007
00632R,元大台灣50反1,10,0,10,兆豐-竹北,2023-12-20,7007
1220,台榮,10,0,10,兆豐-竹北,2023-12-20,7007
2442,新美齊,10,0,10,兆豐-竹北,2023-12-20,7007
3062,建漢,10,0,10,兆豐-竹北,2023-12-20,7007
00919,群益台灣精選高息,113,5,108,兆豐-竹北,2023-12-21,7007
00671R,富邦NASDAQ反1,101,0,101,兆豐-竹北,2023-12-21,7007
00753L,中信中國50正2,66,0,66,兆豐-竹北,2023-12-21,7007
00929,復華台灣科技優息,66,2,64,兆豐-竹北,2023-12-21,7007
3346,麗清,51,6,45,兆豐-竹北,2023-12-21,7007
00878,國泰永續高股息,38,0,38,兆豐-竹北,2023-12-21,7007
00687B,國泰20年美債,37,6,31,兆豐-竹北,2023-12-21,7007
2886,兆豐金,30,0,30,兆豐-竹北,2023-12-21,7007
2882A,國泰特,30,0,30,兆豐-竹北,2023-12-21,7007
9105,泰金寶-DR,51,23,28,兆豐-竹北,2023-12-21,7007
3260,威剛,26,1,25,兆豐-竹北,2023-12-21,7007
5469,瀚宇博,24,0,24,兆豐-竹北,2023-12-21,7007
00922,國泰台灣領袖50,23,0,23,兆豐-竹北,2023-12-21,7007
6603,富強鑫,22,0,22,兆豐-竹北,2023-12-21,7007
2636,台驊控股,27,5,22,兆豐-竹北,2023-12-21,7007
00632R,元大台灣50反1,20,0,20,兆豐-竹北,2023-12-21,7007
2809,京城銀,20,0,20,兆豐-竹北,2023-12-21,7007
00937B,群益ESG投等債20,28,11,17,兆豐-竹北,2023-12-21,7007
6901,鑽石投資,17,0,17,兆豐-竹北,2023-12-21,7007
4961,天鈺,18,1,17,兆豐-竹北,2023-12-21,7007
1536,和大,16,0,16,兆豐-竹北,2023-12-21,7007
6245,立端,18,2,16,兆豐-竹北,2023-12-21,7007
00935,野村臺灣新科技50,16,1,15,兆豐-竹北,2023-12-21,7007
5880,合庫金,15,0,15,兆豐-竹北,2023-12-21,7007
1104,環泥,14,0,14,兆豐-竹北,2023-12-21,7007
6233,旺玖,13,0,13,兆豐-竹北,2023-12-21,7007
6197,佳必琪,12,0,12,兆豐-竹北,2023-12-21,7007
00645,富邦日本,12,0,12,兆豐-竹北,2023-12-21,7007
1591,駿吉-KY,14,2,12,兆豐-竹北,2023-12-21,7007
2344,華邦電,23,11,12,兆豐-竹北,2023-12-21,7007
2641,正德,17,5,12,兆豐-竹北,2023-12-21,7007
5381,合正,12,0,12,兆豐-竹北,2023-12-21,7007
3037,欣興,20,8,12,兆豐-竹北,2023-12-21,7007
0056,元大高股息,11,0,11,兆豐-竹北,2023-12-21,7007
2884,玉山金,11,0,11,兆豐-竹北,2023-12-21,7007
8110,華東,11,0,11,兆豐-竹北,2023-12-21,7007
00885,富邦越南,11,0,11,兆豐-竹北,2023-12-21,7007
00934,中信成長高股息,11,0,11,兆豐-竹北,2023-12-21,7007
3231,緯創,20,9,11,兆豐-竹北,2023-12-21,7007
1618,合機,10,0,10,兆豐-竹北,2023-12-21,7007
2312,金寶,12,2,10,兆豐-竹北,2023-12-21,7007
2359,所羅門,10,0,10,兆豐-竹北,2023-12-21,7007
6494,九齊,10,0,10,兆豐-竹北,2023-12-21,7007
6667,信紘科,10,0,10,兆豐-竹北,2023-12-21,7007
2615,萬海,32,22,10,兆豐-竹北,2023-12-21,7007
2353,宏��,38,30,8,兆豐-竹北,2023-12-21,7007
2605,新興,28,20,8,兆豐-竹北,2023-12-21,7007
8112,至上,11,3,8,兆豐-竹北,2023-12-21,7007
2330,台積電,9,1,8,兆豐-竹北,2023-12-21,7007
1102,亞泥,7,0,7,兆豐-竹北,2023-12-21,7007
00753L,中信中國50正2,651,21,630,兆豐-竹北,2023-12-22,7007
1314,中石化,102,1,101,兆豐-竹北,2023-12-22,7007
00688L,國泰20年美債正2,106,40,66,兆豐-竹北,2023-12-22,7007
5009,榮剛,63,8,55,兆豐-竹北,2023-12-22,7007
2515,中工,63,22,41,兆豐-竹北,2023-12-22,7007
00680L,元大美債20正2,51,15,36,兆豐-竹北,2023-12-22,7007
00919,群益台灣精選高息,34,1,33,兆豐-竹北,2023-12-22,7007
00929,復華台灣科技優息,33,3,30,兆豐-竹北,2023-12-22,7007
2371,大同,30,1,29,兆豐-竹北,2023-12-22,7007
6684,安格,30,4,26,兆豐-竹北,2023-12-22,7007
2603,長榮,43,20,23,兆豐-竹北,2023-12-22,7007
00679B,元大美債20年,31,9,22,兆豐-竹北,2023-12-22,7007
8085,福華,21,0,21,兆豐-竹北,2023-12-22,7007
00651R,復華香港反1,20,0,20,兆豐-竹北,2023-12-22,7007
2889,國票金,20,0,20,兆豐-竹北,2023-12-22,7007
2312,金寶,18,0,18,兆豐-竹北,2023-12-22,7007
00720B,元大投資級公司債,20,3,17,兆豐-竹北,2023-12-22,7007
6534,正瀚-創,15,0,15,兆豐-竹北,2023-12-22,7007
00937B,群益ESG投等債20,21,7,14,兆豐-竹北,2023-12-22,7007
2356,英業達,42,28,14,兆豐-竹北,2023-12-22,7007
00922,國泰台灣領袖50,14,0,14,兆豐-竹北,2023-12-22,7007
2641,正德,18,4,14,兆豐-竹北,2023-12-22,7007
00931B,統一美債20年,13,0,13,兆豐-竹北,2023-12-22,7007
2891,中信金,13,0,13,兆豐-竹北,2023-12-22,7007
00857B,永豐20年美公債,12,0,12,兆豐-竹北,2023-12-22,7007
2338,光罩,12,0,12,兆豐-竹北,2023-12-22,7007
6443,元晶,12,0,12,兆豐-竹北,2023-12-22,7007
3006,晶豪科,22,10,12,兆豐-竹北,2023-12-22,7007
2886,兆豐金,11,0,11,兆豐-竹北,2023-12-22,7007
8110,華東,11,0,11,兆豐-竹北,2023-12-22,7007
2489,瑞軒,10,0,10,兆豐-竹北,2023-12-22,7007
3704,合勤控,11,1,10,兆豐-竹北,2023-12-22,7007
4958,臻鼎-KY,10,0,10,兆豐-竹北,2023-12-22,7007
5213,亞昕,10,0,10,兆豐-竹北,2023-12-22,7007
6213,聯茂,10,0,10,兆豐-竹北,2023-12-22,7007
9105,泰金寶-DR,57,47,10,兆豐-竹北,2023-12-22,7007
6462,神盾,11,2,9,兆豐-竹北,2023-12-22,7007
00878,國泰永續高股息,25,17,8,兆豐-竹北,2023-12-22,7007
2888,新光金,8,0,8,兆豐-竹北,2023-12-22,7007
2363,矽統,16,8,8,兆豐-竹北,2023-12-22,7007
6244,茂迪,8,0,8,兆豐-竹北,2023-12-22,7007
2324,仁寶,20,13,7,兆豐-竹北,2023-12-22,7007
2867,三商壽,8,1,7,兆豐-竹北,2023-12-22,7007
3522,御嵿,8,1,7,兆豐-竹北,2023-12-22,7007
9917,中保科,7,0,7,兆豐-竹北,2023-12-22,7007
00751B,元大AAA至A公司債,9,2,7,兆豐-竹北,2023-12-22,7007
2605,新興,7,1,6,兆豐-竹北,2023-12-22,7007
6274,台燿,6,0,6,兆豐-竹北,2023-12-22,7007
00687B,國泰20年美債,17,12,5,兆豐-竹北,2023-12-22,7007
00882,中信中國高股息,5,0,5,兆豐-竹北,2023-12-22,7007
3047,訊舟,102,0,102,兆豐-竹北,2023-12-25,7007
9941A,裕融甲特,85,0,85,兆豐-竹北,2023-12-25,7007
00753L,中信中國50正2,80,0,80,兆豐-竹北,2023-12-25,7007
2891B,中信金乙特,70,0,70,兆豐-竹北,2023-12-25,7007
00919,群益台灣精選高息,82,15,67,兆豐-竹北,2023-12-25,7007
2610,華航,142,78,64,兆豐-竹北,2023-12-25,7007
2881B,富邦金乙特,60,0,60,兆豐-竹北,2023-12-25,7007
00929,復華台灣科技優息,69,19,50,兆豐-竹北,2023-12-25,7007
00937B,群益ESG投等債20,44,0,44,兆豐-竹北,2023-12-25,7007
00687B,國泰20年美債,40,2,38,兆豐-竹北,2023-12-25,7007
5351,鈺創,35,2,33,兆豐-竹北,2023-12-25,7007
00878,國泰永續高股息,52,19,33,兆豐-竹北,2023-12-25,7007
2882A,國泰特,30,0,30,兆豐-竹北,2023-12-25,7007
2888,新光金,30,0,30,兆豐-竹北,2023-12-25,7007
5871A,中租-KY甲特,30,0,30,兆豐-竹北,2023-12-25,7007
2388,威盛,42,17,25,兆豐-竹北,2023-12-25,7007
5608,四維航,33,10,23,兆豐-竹北,2023-12-25,7007
00679B,元大美債20年,18,0,18,兆豐-竹北,2023-12-25,7007
2329,華泰,16,1,15,兆豐-竹北,2023-12-25,7007
8088,品安,27,13,14,兆豐-竹北,2023-12-25,7007
00936,台新永續高息中小,14,0,14,兆豐-竹北,2023-12-25,7007
3083,網龍,15,2,13,兆豐-竹北,2023-12-25,7007
3419,譁裕,13,0,13,兆豐-竹北,2023-12-25,7007
8089,康全電訊,20,7,13,兆豐-竹北,2023-12-25,7007
8096,擎亞,13,0,13,兆豐-竹北,2023-12-25,7007
1605,華新,25,13,12,兆豐-竹北,2023-12-25,7007
00933B,國泰10Y+金融債,12,0,12,兆豐-竹北,2023-12-25,7007
2515,中工,72,60,12,兆豐-竹北,2023-12-25,7007
2618,長榮航,155,143,12,兆豐-竹北,2023-12-25,7007
00715L,期街口布蘭特正2,11,0,11,兆豐-竹北,2023-12-25,7007
8112,至上,13,2,11,兆豐-竹北,2023-12-25,7007
2353,宏��,74,64,10,兆豐-竹北,2023-12-25,7007
1217,愛之味,10,0,10,兆豐-竹北,2023-12-25,7007
3024,憶聲,10,0,10,兆豐-竹北,2023-12-25,7007
3260,威剛,10,0,10,兆豐-竹北,2023-12-25,7007
8097,常珵,10,0,10,兆豐-竹北,2023-12-25,7007
1104,環泥,9,0,9,兆豐-竹北,2023-12-25,7007
3041,揚智,28,19,9,兆豐-竹北,2023-12-25,7007
3268,海德威,9,0,9,兆豐-竹北,2023-12-25,7007
3499,環天科,10,1,9,兆豐-竹北,2023-12-25,7007
00720B,元大投資級公司債,11,3,8,兆豐-竹北,2023-12-25,7007
00935,野村臺灣新科技50,8,0,8,兆豐-竹北,2023-12-25,7007
2340,台亞,8,0,8,兆豐-竹北,2023-12-25,7007
6233,旺玖,25,17,8,兆豐-竹北,2023-12-25,7007
8011,台通,10,2,8,兆豐-竹北,2023-12-25,7007
2884,玉山金,7,0,7,兆豐-竹北,2023-12-25,7007
2605,新興,12,5,7,兆豐-竹北,2023-12-25,7007
2314,台揚,7,0,7,兆豐-竹北,2023-12-25,7007
2883,凱基金,6,0,6,兆豐-竹北,2023-12-25,7007
00885,富邦越南,6,0,6,兆豐-竹北,2023-12-25,7007
00688L,國泰20年美債正2,200,0,200,兆豐-竹北,2023-12-26,7007
2365,昆盈,100,0,100,兆豐-竹北,2023-12-26,7007
00687B,國泰20年美債,93,1,92,兆豐-竹北,2023-12-26,7007
9105,泰金寶-DR,88,0,88,兆豐-竹北,2023-12-26,7007
2610,華航,65,2,63,兆豐-竹北,2023-12-26,7007
00753L,中信中國50正2,56,0,56,兆豐-竹北,2023-12-26,7007
00795B,中信美國公債20年,50,0,50,兆豐-竹北,2023-12-26,7007
2387,精元,50,0,50,兆豐-竹北,2023-12-26,7007
2206,三陽工業,46,0,46,兆豐-竹北,2023-12-26,7007
00931B,統一美債20年,41,0,41,兆豐-竹北,2023-12-26,7007
00696B,富邦美債20年,40,0,40,兆豐-竹北,2023-12-26,7007
2891B,中信金乙特,40,0,40,兆豐-竹北,2023-12-26,7007
2371,大同,32,0,32,兆豐-竹北,2023-12-26,7007
2515,中工,32,0,32,兆豐-竹北,2023-12-26,7007
9941A,裕融甲特,30,0,30,兆豐-竹北,2023-12-26,7007
00937B,群益ESG投等債20,28,0,28,兆豐-竹北,2023-12-26,7007
8085,福華,32,4,28,兆豐-竹北,2023-12-26,7007
2867,三商壽,30,3,27,兆豐-竹北,2023-12-26,7007
4906,正文,24,1,23,兆豐-竹北,2023-12-26,7007
00915,凱基優選高股息30,23,0,23,兆豐-竹北,2023-12-26,7007
00919,群益台灣精選高息,33,12,21,兆豐-竹北,2023-12-26,7007
00936,台新永續高息中小,21,0,21,兆豐-竹北,2023-12-26,7007
3041,揚智,31,10,21,兆豐-竹北,2023-12-26,7007
00720B,元大投資級公司債,21,1,20,兆豐-竹北,2023-12-26,7007
00637L,元大滬深300正2,20,0,20,兆豐-竹北,2023-12-26,7007
1316,上曜,20,0,20,兆豐-竹北,2023-12-26,7007
00918,大華優利高填息30,21,2,19,兆豐-竹北,2023-12-26,7007
2344,華邦電,27,8,19,兆豐-竹北,2023-12-26,7007
1605,華新,21,3,18,兆豐-竹北,2023-12-26,7007
2618,長榮航,158,140,18,兆豐-竹北,2023-12-26,7007
2887,台新金,19,1,18,兆豐-竹北,2023-12-26,7007
00878,國泰永續高股息,26,9,17,兆豐-竹北,2023-12-26,7007
2443,昶虹,16,0,16,兆豐-竹北,2023-12-26,7007
3694,海華,16,0,16,兆豐-竹北,2023-12-26,7007
6122,擎邦,20,4,16,兆豐-竹北,2023-12-26,7007
00645,富邦日本,15,0,15,兆豐-竹北,2023-12-26,7007
3545,敦泰,15,0,15,兆豐-竹北,2023-12-26,7007
3260,威剛,23,10,13,兆豐-竹北,2023-12-26,7007
6235,華孚,11,0,11,兆豐-竹北,2023-12-26,7007
2388,威盛,13,2,11,兆豐-竹北,2023-12-26,7007
2637,慧洋-KY,15,5,10,兆豐-竹北,2023-12-26,7007
00882,中信中國高股息,11,1,10,兆豐-竹北,2023-12-26,7007
00632R,元大台灣50反1,10,0,10,兆豐-竹北,2023-12-26,7007
00933B,國泰10Y+金融債,10,0,10,兆豐-竹北,2023-12-26,7007
1471,首利,10,0,10,兆豐-竹北,2023-12-26,7007
2889,國票金,13,3,10,兆豐-竹北,2023-12-26,7007
3083,網龍,10,0,10,兆豐-竹北,2023-12-26,7007
3543,州巧,10,0,10,兆豐-竹北,2023-12-26,7007
6216,居易,10,0,10,兆豐-竹北,2023-12-26,7007
3032,偉訓,10,1,9,兆豐-竹北,2023-12-26,7007
00937B,群益ESG投等債20,176,1,175,兆豐-竹北,2023-12-27,7007
00753L,中信中國50正2,117,3,114,兆豐-竹北,2023-12-27,7007
2324,仁寶,176,79,97,兆豐-竹北,2023-12-27,7007
9941A,裕融甲特,50,0,50,兆豐-竹北,2023-12-27,7007
1504,東元,45,0,45,兆豐-竹北,2023-12-27,7007
00680L,元大美債20正2,46,4,42,兆豐-竹北,2023-12-27,7007
2365,昆盈,35,0,35,兆豐-竹北,2023-12-27,7007
00882,中信中國高股息,31,1,30,兆豐-竹北,2023-12-27,7007
00931B,統一美債20年,36,10,26,兆豐-竹北,2023-12-27,7007
2515,中工,31,6,25,兆豐-竹北,2023-12-27,7007
6122,擎邦,25,0,25,兆豐-竹北,2023-12-27,7007
2353,宏��,101,76,25,兆豐-竹北,2023-12-27,7007
1305,華夏,25,0,25,兆豐-竹北,2023-12-27,7007
00919,群益台灣精選高息,44,20,24,兆豐-竹北,2023-12-27,7007
3317,尼克森,24,1,23,兆豐-竹北,2023-12-27,7007
2615,萬海,38,15,23,兆豐-竹北,2023-12-27,7007
9105,泰金寶-DR,22,0,22,兆豐-竹北,2023-12-27,7007
5009,榮剛,21,0,21,兆豐-竹北,2023-12-27,7007
2888,新光金,20,0,20,兆豐-竹北,2023-12-27,7007
8112,至上,34,14,20,兆豐-竹北,2023-12-27,7007
6667,信紘科,26,6,20,兆豐-竹北,2023-12-27,7007
2449,京元電子,21,1,20,兆豐-竹北,2023-12-27,7007
8091,翔名,23,6,17,兆豐-竹北,2023-12-27,7007
9945,潤泰新,18,2,16,兆豐-竹北,2023-12-27,7007
00679B,元大美債20年,16,2,14,兆豐-竹北,2023-12-27,7007
2405,輔信,25,12,13,兆豐-竹北,2023-12-27,7007
2421,建準,15,2,13,兆豐-竹北,2023-12-27,7007
00751B,元大AAA至A公司債,17,4,13,兆豐-竹北,2023-12-27,7007
2884,玉山金,21,9,12,兆豐-竹北,2023-12-27,7007
3515,華擎,13,1,12,兆豐-竹北,2023-12-27,7007
2337,旺宏,14,3,11,兆豐-竹北,2023-12-27,7007
8059,凱碩,31,20,11,兆豐-竹北,2023-12-27,7007
2317,鴻海,10,0,10,兆豐-竹北,2023-12-27,7007
3032,偉訓,10,0,10,兆豐-竹北,2023-12-27,7007
3060,銘異,10,0,10,兆豐-竹北,2023-12-27,7007
2443,昶虹,9,0,9,兆豐-竹北,2023-12-27,7007
3694,海華,9,0,9,兆豐-竹北,2023-12-27,7007
6695,芯鼎,24,16,8,兆豐-竹北,2023-12-27,7007
6895,宏碩系統,8,0,8,兆豐-竹北,2023-12-27,7007
4763,材料-KY,7,0,7,兆豐-竹北,2023-12-27,7007
3041,揚智,14,7,7,兆豐-竹北,2023-12-27,7007
2603,長榮,12,6,6,兆豐-竹北,2023-12-27,7007
2007,燁興,20,14,6,兆豐-竹北,2023-12-27,7007
2329,華泰,7,1,6,兆豐-竹北,2023-12-27,7007
3078,僑威,6,0,6,兆豐-竹北,2023-12-27,7007
9951,皇田,6,0,6,兆豐-竹北,2023-12-27,7007
2382,廣達,7,2,5,兆豐-竹北,2023-12-27,7007
00935,野村臺灣新科技50,5,0,5,兆豐-竹北,2023-12-27,7007
1339,昭輝,5,0,5,兆豐-竹北,2023-12-27,7007
2033,佳大,9,4,5,兆豐-竹北,2023-12-27,7007
00753L,中信中國50正2,167,0,167,兆豐-竹北,2023-12-28,7007
2888,新光金,100,0,100,兆豐-竹北,2023-12-28,7007
00929,復華台灣科技優息,64,3,61,兆豐-竹北,2023-12-28,7007
2324,仁寶,99,47,52,兆豐-竹北,2023-12-28,7007
00919,群益台灣精選高息,52,1,51,兆豐-竹北,2023-12-28,7007
3706,神達,90,47,43,兆豐-竹北,2023-12-28,7007
3356,奇偶,38,0,38,兆豐-竹北,2023-12-28,7007
8096,擎亞,49,14,35,兆豐-竹北,2023-12-28,7007
00680L,元大美債20正2,33,1,32,兆豐-竹北,2023-12-28,7007
2014,中鴻,30,0,30,兆豐-竹北,2023-12-28,7007
2891B,中信金乙特,30,0,30,兆豐-竹北,2023-12-28,7007
00882,中信中國高股息,28,3,25,兆豐-竹北,2023-12-28,7007
00878,國泰永續高股息,112,90,22,兆豐-竹北,2023-12-28,7007
00937B,群益ESG投等債20,21,0,21,兆豐-竹北,2023-12-28,7007
8050,廣積,20,0,20,兆豐-竹北,2023-12-28,7007
3380,明泰,23,4,19,兆豐-竹北,2023-12-28,7007
2344,華邦電,54,35,19,兆豐-竹北,2023-12-28,7007
1513,中興電,20,2,18,兆豐-竹北,2023-12-28,7007
2356,英業達,32,14,18,兆豐-竹北,2023-12-28,7007
9105,泰金寶-DR,17,0,17,兆豐-竹北,2023-12-28,7007
00712,復華富時不動產,16,0,16,兆豐-竹北,2023-12-28,7007
3032,偉訓,15,0,15,兆豐-竹北,2023-12-28,7007
8084,巨虹,15,0,15,兆豐-竹北,2023-12-28,7007
00933B,國泰10Y+金融債,14,0,14,兆豐-竹北,2023-12-28,7007
2365,昆盈,20,6,14,兆豐-竹北,2023-12-28,7007
2618,長榮航,121,107,14,兆豐-竹北,2023-12-28,7007
00923,群益台ESG低碳50,14,0,14,兆豐-竹北,2023-12-28,7007
00885,富邦越南,13,0,13,兆豐-竹北,2023-12-28,7007
6125,廣運,17,4,13,兆豐-竹北,2023-12-28,7007
2353,宏��,125,112,13,兆豐-竹北,2023-12-28,7007
1312,國喬,12,0,12,兆豐-竹北,2023-12-28,7007
8936,國統,20,8,12,兆豐-竹北,2023-12-28,7007
00918,大華優利高填息30,13,2,11,兆豐-竹北,2023-12-28,7007
00688L,國泰20年美債正2,11,0,11,兆豐-竹北,2023-12-28,7007
1616,億泰,10,0,10,兆豐-竹北,2023-12-28,7007
2401,凌陽,10,0,10,兆豐-竹北,2023-12-28,7007
2443,昶虹,10,0,10,兆豐-竹北,2023-12-28,7007
2882A,國泰特,10,0,10,兆豐-竹北,2023-12-28,7007
3689,湧德,13,3,10,兆豐-竹北,2023-12-28,7007
4414,如興,10,0,10,兆豐-竹北,2023-12-28,7007
5521,工信,18,8,10,兆豐-竹北,2023-12-28,7007
8011,台通,12,2,10,兆豐-竹北,2023-12-28,7007
00751B,元大AAA至A公司債,10,1,9,兆豐-竹北,2023-12-28,7007
1449,佳和,10,1,9,兆豐-竹北,2023-12-28,7007
6799,來頡,9,0,9,兆豐-竹北,2023-12-28,7007
00934,中信成長高股息,9,0,9,兆豐-竹北,2023-12-28,7007
1609,大亞,16,8,8,兆豐-竹北,2023-12-28,7007
2031,新光鋼,8,0,8,兆豐-竹北,2023-12-28,7007
2405,輔信,10,2,8,兆豐-竹北,2023-12-28,7007
2739,寒舍,8,0,8,兆豐-竹北,2023-12-28,7007
00937B,群益ESG投等債20,134,0,134,兆豐-竹北,2023-12-29,7007
912000,晨訊科-DR,100,0,100,兆豐-竹北,2023-12-29,7007
5521,工信,106,31,75,兆豐-竹北,2023-12-29,7007
5302,太欣,68,0,68,兆豐-竹北,2023-12-29,7007
00720B,元大投資級公司債,67,0,67,兆豐-竹北,2023-12-29,7007
4945,陞達科技,54,2,52,兆豐-竹北,2023-12-29,7007
00642U,期元大S＆P石油,48,2,46,兆豐-竹北,2023-12-29,7007
00753L,中信中國50正2,52,10,42,兆豐-竹北,2023-12-29,7007
00919,群益台灣精選高息,42,2,40,兆豐-竹北,2023-12-29,7007
2609,陽明,42,4,38,兆豐-竹北,2023-12-29,7007
8096,擎亞,48,11,37,兆豐-竹北,2023-12-29,7007
00931B,統一美債20年,34,0,34,兆豐-竹北,2023-12-29,7007
00882,中信中國高股息,30,0,30,兆豐-竹北,2023-12-29,7007
2412,中華電,25,1,24,兆豐-竹北,2023-12-29,7007
00655L,國泰中國A50正2,22,0,22,兆豐-竹北,2023-12-29,7007
1616,億泰,26,5,21,兆豐-竹北,2023-12-29,7007
00891,中信關鍵半導體,20,0,20,兆豐-竹北,2023-12-29,7007
00900,富邦特選高股息30,32,12,20,兆豐-竹北,2023-12-29,7007
6127,九豪,20,0,20,兆豐-竹北,2023-12-29,7007
8926,台汽電,20,0,20,兆豐-竹北,2023-12-29,7007
1514,亞力,18,2,16,兆豐-竹北,2023-12-29,7007
8112,至上,28,12,16,兆豐-竹北,2023-12-29,7007
8059,凱碩,22,7,15,兆豐-竹北,2023-12-29,7007
3706,神達,45,30,15,兆豐-竹北,2023-12-29,7007
2344,華邦電,64,50,14,兆豐-竹北,2023-12-29,7007
3006,晶豪科,30,17,13,兆豐-竹北,2023-12-29,7007
1519,華城,17,4,13,兆豐-竹北,2023-12-29,7007
00715L,期街口布蘭特正2,13,0,13,兆豐-竹北,2023-12-29,7007
2516,新建,13,0,13,兆豐-竹北,2023-12-29,7007
00751B,元大AAA至A公司債,12,0,12,兆豐-竹北,2023-12-29,7007
1104,環泥,12,0,12,兆豐-竹北,2023-12-29,7007
2515,中工,20,8,12,兆豐-竹北,2023-12-29,7007
6668,中揚光,27,15,12,兆豐-竹北,2023-12-29,7007
2328,廣宇,11,0,11,兆豐-竹北,2023-12-29,7007
00679B,元大美債20年,24,14,10,兆豐-竹北,2023-12-29,7007
00632R,元大台灣50反1,10,0,10,兆豐-竹北,2023-12-29,7007
3664,安瑞-KY,10,0,10,兆豐-竹北,2023-12-29,7007
6168,宏齊,10,0,10,兆豐-竹北,2023-12-29,7007
6244,茂迪,10,0,10,兆豐-竹北,2023-12-29,7007
6770,力積電,10,0,10,兆豐-竹北,2023-12-29,7007
8131,福懋科,10,0,10,兆豐-竹北,2023-12-29,7007
2323,中環,10,1,9,兆豐-竹北,2023-12-29,7007
2745,五福,9,0,9,兆豐-竹北,2023-12-29,7007
5347,世界,10,1,9,兆豐-竹北,2023-12-29,7007
00633L,富邦上証正2,8,0,8,兆豐-竹北,2023-12-29,7007
3162,精確,10,2,8,兆豐-竹北,2023-12-29,7007
1504,東元,10,2,8,兆豐-竹北,2023-12-29,7007
8069,元太,12,5,7,兆豐-竹北,2023-12-29,7007
2356,英業達,34,27,7,兆豐-竹北,2023-12-29,7007
2371,大同,8,1,7,兆豐-竹北,2023-12-29,7007
00937B,群益ESG投等債20,211,2,209,兆豐-竹北,2024-01-02,7007
00882,中信中國高股息,150,30,120,兆豐-竹北,2024-01-02,7007
00637L,元大滬深300正2,116,0,116,兆豐-竹北,2024-01-02,7007
00919,群益台灣精選高息,101,6,95,兆豐-竹北,2024-01-02,7007
00878,國泰永續高股息,123,31,92,兆豐-竹北,2024-01-02,7007
00753L,中信中國50正2,90,1,89,兆豐-竹北,2024-01-02,7007
00679B,元大美債20年,81,1,80,兆豐-竹北,2024-01-02,7007
00929,復華台灣科技優息,92,13,79,兆豐-竹北,2024-01-02,7007
3231,緯創,91,20,71,兆豐-竹北,2024-01-02,7007
00688L,國泰20年美債正2,60,0,60,兆豐-竹北,2024-01-02,7007
2408,南亞科,50,2,48,兆豐-竹北,2024-01-02,7007
2641,正德,51,5,46,兆豐-竹北,2024-01-02,7007
3504,揚明光,42,4,38,兆豐-竹北,2024-01-02,7007
2356,英業達,41,6,35,兆豐-竹北,2024-01-02,7007
00680L,元大美債20正2,35,0,35,兆豐-竹北,2024-01-02,7007
6163,華電網,34,0,34,兆豐-竹北,2024-01-02,7007
00720B,元大投資級公司債,32,0,32,兆豐-竹北,2024-01-02,7007
00751B,元大AAA至A公司債,28,3,25,兆豐-竹北,2024-01-02,7007
6233,旺玖,22,0,22,兆豐-竹北,2024-01-02,7007
2303,聯電,23,2,21,兆豐-竹北,2024-01-02,7007
4945,陞達科技,21,0,21,兆豐-竹北,2024-01-02,7007
1316,上曜,20,0,20,兆豐-竹北,2024-01-02,7007
3167,大量,20,0,20,兆豐-竹北,2024-01-02,7007
6719,力智,20,0,20,兆豐-竹北,2024-01-02,7007
2610,華航,82,62,20,兆豐-竹北,2024-01-02,7007
2352,佳世達,38,19,19,兆豐-竹北,2024-01-02,7007
2609,陽明,98,81,17,兆豐-竹北,2024-01-02,7007
00687B,國泰20年美債,86,69,17,兆豐-竹北,2024-01-02,7007
5302,太欣,16,0,16,兆豐-竹北,2024-01-02,7007
5425,台半,16,1,15,兆豐-竹北,2024-01-02,7007
2362,藍天,16,2,14,兆豐-竹北,2024-01-02,7007
3260,威剛,26,13,13,兆豐-竹北,2024-01-02,7007
00935,野村臺灣新科技50,13,0,13,兆豐-竹北,2024-01-02,7007
2344,華邦電,12,0,12,兆豐-竹北,2024-01-02,7007
1605,華新,12,0,12,兆豐-竹北,2024-01-02,7007
2355,敬鵬,17,5,12,兆豐-竹北,2024-01-02,7007
2449,京元電子,15,3,12,兆豐-竹北,2024-01-02,7007
00712,復華富時不動產,11,0,11,兆豐-竹北,2024-01-02,7007
2637,慧洋-KY,20,10,10,兆豐-竹北,2024-01-02,7007
1213,大飲,10,0,10,兆豐-竹北,2024-01-02,7007
3162,精確,15,5,10,兆豐-竹北,2024-01-02,7007
6116,彩晶,10,0,10,兆豐-竹北,2024-01-02,7007
8131,福懋科,10,0,10,兆豐-竹北,2024-01-02,7007
2615,萬海,19,10,9,兆豐-竹北,2024-01-02,7007
2457,飛宏,13,4,9,兆豐-竹北,2024-01-02,7007
2890,永豐金,9,0,9,兆豐-竹北,2024-01-02,7007
3630,新鉅科,9,0,9,兆豐-竹北,2024-01-02,7007
2382,廣達,17,8,9,兆豐-竹北,2024-01-02,7007
8054,安國,9,1,8,兆豐-竹北,2024-01-02,7007
3664,安瑞-KY,7,0,7,兆豐-竹北,2024-01-02,7007
00725B,國泰投資級公司債,149,0,149,兆豐-竹北,2024-01-03,7007
00929,復華台灣科技優息,148,8,140,兆豐-竹北,2024-01-03,7007
00878,國泰永續高股息,181,45,136,兆豐-竹北,2024-01-03,7007
00919,群益台灣精選高息,122,5,117,兆豐-竹北,2024-01-03,7007
2408,南亞科,107,0,107,兆豐-竹北,2024-01-03,7007
00937B,群益ESG投等債20,106,5,101,兆豐-竹北,2024-01-03,7007
00753L,中信中國50正2,83,0,83,兆豐-竹北,2024-01-03,7007
00720B,元大投資級公司債,103,26,77,兆豐-竹北,2024-01-03,7007
00687B,國泰20年美債,66,9,57,兆豐-竹北,2024-01-03,7007
00688L,國泰20年美債正2,52,0,52,兆豐-竹北,2024-01-03,7007
2885,元大金,52,0,52,兆豐-竹北,2024-01-03,7007
2412,中華電,50,0,50,兆豐-竹北,2024-01-03,7007
5521,工信,52,2,50,兆豐-竹北,2024-01-03,7007
0056,元大高股息,55,7,48,兆豐-竹北,2024-01-03,7007
2515,中工,51,7,44,兆豐-竹北,2024-01-03,7007
00642U,期元大S＆P石油,33,0,33,兆豐-竹北,2024-01-03,7007
00697B,元大美債7-10,30,0,30,兆豐-竹北,2024-01-03,7007
006206,元大上證50,30,0,30,兆豐-竹北,2024-01-03,7007
2303,聯電,24,1,23,兆豐-竹北,2024-01-03,7007
00665L,富邦�琤肭磪囓�2,21,0,21,兆豐-竹北,2024-01-03,7007
2884,玉山金,26,5,21,兆豐-竹北,2024-01-03,7007
1316,上曜,20,0,20,兆豐-竹北,2024-01-03,7007
3515,華擎,20,0,20,兆豐-竹北,2024-01-03,7007
2609,陽明,49,31,18,兆豐-竹北,2024-01-03,7007
1319,東陽,19,1,18,兆豐-竹北,2024-01-03,7007
3231,緯創,27,9,18,兆豐-竹北,2024-01-03,7007
6113,亞矽,42,24,18,兆豐-竹北,2024-01-03,7007
2330,台積電,19,2,17,兆豐-竹北,2024-01-03,7007
00680L,元大美債20正2,22,5,17,兆豐-竹北,2024-01-03,7007
3450,聯鈞,18,1,17,兆豐-竹北,2024-01-03,7007
5302,太欣,17,0,17,兆豐-竹北,2024-01-03,7007
6443,元晶,16,0,16,兆豐-竹北,2024-01-03,7007
3032,偉訓,16,0,16,兆豐-竹北,2024-01-03,7007
3706,神達,19,4,15,兆豐-竹北,2024-01-03,7007
00935,野村臺灣新科技50,14,0,14,兆豐-竹北,2024-01-03,7007
00934,中信成長高股息,16,2,14,兆豐-竹北,2024-01-03,7007
3006,晶豪科,17,3,14,兆豐-竹北,2024-01-03,7007
2324,仁寶,32,19,13,兆豐-竹北,2024-01-03,7007
8069,元太,17,4,13,兆豐-竹北,2024-01-03,7007
00918,大華優利高填息30,13,0,13,兆豐-竹北,2024-01-03,7007
2881,富邦金,13,1,12,兆豐-竹北,2024-01-03,7007
1605,華新,11,0,11,兆豐-竹北,2024-01-03,7007
00893,國泰智能電動車,11,0,11,兆豐-竹北,2024-01-03,7007
3162,精確,16,5,11,兆豐-竹北,2024-01-03,7007
8938,明安,11,0,11,兆豐-竹北,2024-01-03,7007
2352,佳世達,12,2,10,兆豐-竹北,2024-01-03,7007
1762,中化生,10,0,10,兆豐-竹北,2024-01-03,7007
2301,光寶科,101,91,10,兆豐-竹北,2024-01-03,7007
2332,友訊,10,0,10,兆豐-竹北,2024-01-03,7007
3027,盛達,10,0,10,兆豐-竹北,2024-01-03,7007
00937B,群益ESG投等債20,207,0,207,兆豐-竹北,2024-01-04,7007
2610,華航,233,54,179,兆豐-竹北,2024-01-04,7007
00929,復華台灣科技優息,110,0,110,兆豐-竹北,2024-01-04,7007
6016,康和證,100,0,100,兆豐-竹北,2024-01-04,7007
00919,群益台灣精選高息,145,46,99,兆豐-竹北,2024-01-04,7007
00753L,中信中國50正2,92,0,92,兆豐-竹北,2024-01-04,7007
00715L,期街口布蘭特正2,100,12,88,兆豐-竹北,2024-01-04,7007
3047,訊舟,75,0,75,兆豐-竹北,2024-01-04,7007
3167,大量,50,0,50,兆豐-竹北,2024-01-04,7007
5864,致和證,50,0,50,兆豐-竹北,2024-01-04,7007
2412,中華電,53,4,49,兆豐-竹北,2024-01-04,7007
2881,富邦金,41,0,41,兆豐-竹北,2024-01-04,7007
2897,王道銀行,39,0,39,兆豐-竹北,2024-01-04,7007
0056,元大高股息,35,0,35,兆豐-竹北,2024-01-04,7007
3706,神達,38,7,31,兆豐-竹北,2024-01-04,7007
4945,陞達科技,31,0,31,兆豐-竹北,2024-01-04,7007
6113,亞矽,50,19,31,兆豐-竹北,2024-01-04,7007
1316,上曜,30,0,30,兆豐-竹北,2024-01-04,7007
2303,聯電,28,0,28,兆豐-竹北,2024-01-04,7007
00679B,元大美債20年,38,12,26,兆豐-竹北,2024-01-04,7007
2419,仲琦,29,3,26,兆豐-竹北,2024-01-04,7007
00712,復華富時不動產,29,5,24,兆豐-竹北,2024-01-04,7007
3006,晶豪科,24,1,23,兆豐-竹北,2024-01-04,7007
2408,南亞科,21,0,21,兆豐-竹北,2024-01-04,7007
6546,正基,20,0,20,兆豐-竹北,2024-01-04,7007
2887,台新金,20,0,20,兆豐-竹北,2024-01-04,7007
3402,漢科,20,3,17,兆豐-竹北,2024-01-04,7007
2443,昶虹,22,5,17,兆豐-竹北,2024-01-04,7007
2374,佳能,16,0,16,兆豐-竹北,2024-01-04,7007
00927,群益半導體收益,15,0,15,兆豐-竹北,2024-01-04,7007
2392,正崴,16,1,15,兆豐-竹北,2024-01-04,7007
6742,澤米,15,0,15,兆豐-竹北,2024-01-04,7007
9105,泰金寶-DR,15,0,15,兆豐-竹北,2024-01-04,7007
2206,三陽工業,20,6,14,兆豐-竹北,2024-01-04,7007
2365,昆盈,13,0,13,兆豐-竹北,2024-01-04,7007
2603,長榮,71,59,12,兆豐-竹北,2024-01-04,7007
00725B,國泰投資級公司債,12,0,12,兆豐-竹北,2024-01-04,7007
00902,中信電池及儲能,14,2,12,兆豐-竹北,2024-01-04,7007
00882,中信中國高股息,12,0,12,兆豐-竹北,2024-01-04,7007
00911,兆豐洲際半導體,12,0,12,兆豐-竹北,2024-01-04,7007
3037,欣興,14,3,11,兆豐-竹北,2024-01-04,7007
2356,英業達,17,6,11,兆豐-竹北,2024-01-04,7007
4973,廣穎,14,3,11,兆豐-竹北,2024-01-04,7007
00713,元大台灣高息低波,11,0,11,兆豐-竹北,2024-01-04,7007
2371,大同,10,0,10,兆豐-竹北,2024-01-04,7007
2464,盟立,10,0,10,兆豐-竹北,2024-01-04,7007
4414,如興,10,0,10,兆豐-竹北,2024-01-04,7007
4934,太極,10,0,10,兆豐-竹北,2024-01-04,7007
6589,台康生技,10,0,10,兆豐-竹北,2024-01-04,7007
6667,信紘科,11,1,10,兆豐-竹北,2024-01-04,7007
00919,群益台灣精選高息,227,0,227,兆豐-竹北,2024-01-05,7007
00937B,群益ESG投等債20,146,0,146,兆豐-竹北,2024-01-05,7007
00929,復華台灣科技優息,128,2,126,兆豐-竹北,2024-01-05,7007
5864,致和證,100,0,100,兆豐-竹北,2024-01-05,7007
00665L,富邦�琤肭磪囓�2,68,0,68,兆豐-竹北,2024-01-05,7007
6015,宏遠證,61,0,61,兆豐-竹北,2024-01-05,7007
2515,中工,70,12,58,兆豐-竹北,2024-01-05,7007
00753L,中信中國50正2,55,0,55,兆豐-竹北,2024-01-05,7007
00687B,國泰20年美債,38,0,38,兆豐-竹北,2024-01-05,7007
0056,元大高股息,41,4,37,兆豐-竹北,2024-01-05,7007
2610,華航,44,8,36,兆豐-竹北,2024-01-05,7007
2609,陽明,149,114,35,兆豐-竹北,2024-01-05,7007
00878,國泰永續高股息,45,13,32,兆豐-竹北,2024-01-05,7007
2530,華建,30,0,30,兆豐-竹北,2024-01-05,7007
2615,萬海,47,17,30,兆豐-竹北,2024-01-05,7007
3047,訊舟,30,1,29,兆豐-竹北,2024-01-05,7007
00680L,元大美債20正2,25,2,23,兆豐-竹北,2024-01-05,7007
00930,永豐ESG低碳高息,22,0,22,兆豐-竹北,2024-01-05,7007
2618,長榮航,202,180,22,兆豐-竹北,2024-01-05,7007
1806,冠軍,20,0,20,兆豐-竹北,2024-01-05,7007
2633,台灣高鐵,21,1,20,兆豐-竹北,2024-01-05,7007
2356,英業達,25,7,18,兆豐-竹北,2024-01-05,7007
1471,首利,15,0,15,兆豐-竹北,2024-01-05,7007
3390,旭軟,25,11,14,兆豐-竹北,2024-01-05,7007
2732,六角,14,0,14,兆豐-竹北,2024-01-05,7007
3664,安瑞-KY,13,0,13,兆豐-竹北,2024-01-05,7007
6117,迎廣,21,8,13,兆豐-竹北,2024-01-05,7007
00934,中信成長高股息,12,0,12,兆豐-竹北,2024-01-05,7007
1605,華新,12,0,12,兆豐-竹北,2024-01-05,7007
2014,中鴻,12,0,12,兆豐-竹北,2024-01-05,7007
6113,亞矽,34,22,12,兆豐-竹北,2024-01-05,7007
8112,至上,12,0,12,兆豐-竹北,2024-01-05,7007
2439,美律,11,0,11,兆豐-竹北,2024-01-05,7007
3036,文曄,11,0,11,兆豐-竹北,2024-01-05,7007
00712,復華富時不動產,11,0,11,兆豐-竹北,2024-01-05,7007
2881,富邦金,11,1,10,兆豐-竹北,2024-01-05,7007
00648R,元大S＆P500反1,10,0,10,兆豐-竹北,2024-01-05,7007
00696B,富邦美債20年,10,0,10,兆豐-竹北,2024-01-05,7007
2393,億光,10,0,10,兆豐-竹北,2024-01-05,7007
2443,昶虹,10,0,10,兆豐-竹北,2024-01-05,7007
2464,盟立,10,0,10,兆豐-竹北,2024-01-05,7007
2812,台中銀,10,0,10,兆豐-竹北,2024-01-05,7007
00751B,元大AAA至A公司債,11,2,9,兆豐-竹北,2024-01-05,7007
5210,寶碩,9,0,9,兆豐-竹北,2024-01-05,7007
3037,欣興,8,0,8,兆豐-竹北,2024-01-05,7007
2891,中信金,10,2,8,兆豐-竹北,2024-01-05,7007
3006,晶豪科,8,0,8,兆豐-竹北,2024-01-05,7007
2353,宏��,13,6,7,兆豐-竹北,2024-01-05,7007
00720B,元大投資級公司債,7,0,7,兆豐-竹北,2024-01-05,7007
2344,華邦電,8,1,7,兆豐-竹北,2024-01-05,7007
00929,復華台灣科技優息,134,3,131,兆豐-竹北,2024-01-08,7007
0056,元大高股息,67,0,67,兆豐-竹北,2024-01-08,7007
6143,振曜,65,2,63,兆豐-竹北,2024-01-08,7007
00687B,國泰20年美債,74,13,61,兆豐-竹北,2024-01-08,7007
00937B,群益ESG投等債20,59,0,59,兆豐-竹北,2024-01-08,7007
2897,王道銀行,61,8,53,兆豐-竹北,2024-01-08,7007
3702A,大聯大甲特,52,0,52,兆豐-竹北,2024-01-08,7007
1316,上曜,50,0,50,兆豐-竹北,2024-01-08,7007
00679B,元大美債20年,48,2,46,兆豐-竹北,2024-01-08,7007
3664,安瑞-KY,42,3,39,兆豐-竹北,2024-01-08,7007
2486,一詮,65,34,31,兆豐-竹北,2024-01-08,7007
5302,太欣,31,0,31,兆豐-竹北,2024-01-08,7007
6742,澤米,28,0,28,兆豐-竹北,2024-01-08,7007
2887E,台新戊特,25,0,25,兆豐-竹北,2024-01-08,7007
00637L,元大滬深300正2,44,20,24,兆豐-竹北,2024-01-08,7007
00918,大華優利高填息30,21,0,21,兆豐-竹北,2024-01-08,7007
00680L,元大美債20正2,21,0,21,兆豐-竹北,2024-01-08,7007
3231,緯創,22,1,21,兆豐-竹北,2024-01-08,7007
2615,萬海,26,6,20,兆豐-竹北,2024-01-08,7007
00633L,富邦上証正2,20,0,20,兆豐-竹北,2024-01-08,7007
2442,新美齊,20,0,20,兆豐-竹北,2024-01-08,7007
2881B,富邦金乙特,20,0,20,兆豐-竹北,2024-01-08,7007
00923,群益台ESG低碳50,20,1,19,兆豐-竹北,2024-01-08,7007
2530,華建,20,1,19,兆豐-竹北,2024-01-08,7007
2882,國泰金,21,3,18,兆豐-竹北,2024-01-08,7007
2324,仁寶,30,13,17,兆豐-竹北,2024-01-08,7007
3706,神達,20,3,17,兆豐-竹北,2024-01-08,7007
6901,鑽石投資,15,0,15,兆豐-竹北,2024-01-08,7007
8096,擎亞,16,1,15,兆豐-竹北,2024-01-08,7007
2303,聯電,14,0,14,兆豐-竹北,2024-01-08,7007
3346,麗清,14,0,14,兆豐-竹北,2024-01-08,7007
6245,立端,15,1,14,兆豐-竹北,2024-01-08,7007
2634,漢翔,15,2,13,兆豐-竹北,2024-01-08,7007
5309,系統電,14,1,13,兆豐-竹北,2024-01-08,7007
00902,中信電池及儲能,12,0,12,兆豐-竹北,2024-01-08,7007
2387,精元,13,1,12,兆豐-竹北,2024-01-08,7007
3363,上詮,12,0,12,兆豐-竹北,2024-01-08,7007
3588,通嘉,21,9,12,兆豐-竹北,2024-01-08,7007
5533,皇鼎,12,0,12,兆豐-竹北,2024-01-08,7007
3704,合勤控,11,0,11,兆豐-竹北,2024-01-08,7007
2301,光寶科,72,61,11,兆豐-竹北,2024-01-08,7007
2408,南亞科,12,1,11,兆豐-竹北,2024-01-08,7007
2520,冠德,13,2,11,兆豐-竹北,2024-01-08,7007
00632R,元大台灣50反1,10,0,10,兆豐-竹北,2024-01-08,7007
00930,永豐ESG低碳高息,10,0,10,兆豐-竹北,2024-01-08,7007
1722,台肥,11,1,10,兆豐-竹北,2024-01-08,7007
2331,精英,11,1,10,兆豐-竹北,2024-01-08,7007
2464,盟立,10,0,10,兆豐-竹北,2024-01-08,7007
2882A,國泰特,10,0,10,兆豐-竹北,2024-01-08,7007
3587,閎康,11,1,10,兆豐-竹北,2024-01-08,7007
00919,群益台灣精選高息,223,25,198,兆豐-竹北,2024-01-09,7007
6143,振曜,123,5,118,兆豐-竹北,2024-01-09,7007
2913,農林,100,0,100,兆豐-竹北,2024-01-09,7007
00929,復華台灣科技優息,125,30,95,兆豐-竹北,2024-01-09,7007
00632R,元大台灣50反1,55,0,55,兆豐-竹北,2024-01-09,7007
4956,光鋐,97,47,50,兆豐-竹北,2024-01-09,7007
2881B,富邦金乙特,38,0,38,兆豐-竹北,2024-01-09,7007
2313,華通,33,2,31,兆豐-竹北,2024-01-09,7007
9945,潤泰新,31,0,31,兆豐-竹北,2024-01-09,7007
00753L,中信中國50正2,31,1,30,兆豐-竹北,2024-01-09,7007
2882A,國泰特,30,0,30,兆豐-竹北,2024-01-09,7007
3167,大量,30,0,30,兆豐-竹北,2024-01-09,7007
0056,元大高股息,29,0,29,兆豐-竹北,2024-01-09,7007
8091,翔名,26,0,26,兆豐-竹北,2024-01-09,7007
3711,日月光投控,26,0,26,兆豐-竹北,2024-01-09,7007
6116,彩晶,26,2,24,兆豐-竹北,2024-01-09,7007
00937B,群益ESG投等債20,27,5,22,兆豐-竹北,2024-01-09,7007
00720B,元大投資級公司債,22,0,22,兆豐-竹北,2024-01-09,7007
00665L,富邦�琤肭磪囓�2,20,0,20,兆豐-竹北,2024-01-09,7007
2408,南亞科,30,10,20,兆豐-竹北,2024-01-09,7007
6901,鑽石投資,20,0,20,兆豐-竹北,2024-01-09,7007
6245,立端,32,13,19,兆豐-竹北,2024-01-09,7007
00878,國泰永續高股息,29,10,19,兆豐-竹北,2024-01-09,7007
2356,英業達,25,7,18,兆豐-竹北,2024-01-09,7007
2362,藍天,24,7,17,兆豐-竹北,2024-01-09,7007
00642U,期元大S＆P石油,15,0,15,兆豐-竹北,2024-01-09,7007
2882B,國泰金乙特,15,0,15,兆豐-竹北,2024-01-09,7007
9941A,裕融甲特,15,0,15,兆豐-竹北,2024-01-09,7007
2609,陽明,33,19,14,兆豐-竹北,2024-01-09,7007
4953,緯軟,15,2,13,兆豐-竹北,2024-01-09,7007
2353,宏��,81,69,12,兆豐-竹北,2024-01-09,7007
2634,漢翔,16,4,12,兆豐-竹北,2024-01-09,7007
6122,擎邦,12,0,12,兆豐-竹北,2024-01-09,7007
2359,所羅門,11,0,11,兆豐-竹北,2024-01-09,7007
1786,科妍,11,0,11,兆豐-竹北,2024-01-09,7007
5009,榮剛,11,0,11,兆豐-竹北,2024-01-09,7007
2317,鴻海,10,0,10,兆豐-竹北,2024-01-09,7007
00722B,群益投資級電信債,10,0,10,兆豐-竹北,2024-01-09,7007
006205,富邦上証,10,0,10,兆豐-竹北,2024-01-09,7007
1314,中石化,10,0,10,兆豐-竹北,2024-01-09,7007
2338,光罩,11,1,10,兆豐-竹北,2024-01-09,7007
2633,台灣高鐵,10,0,10,兆豐-竹北,2024-01-09,7007
2887E,台新戊特,10,0,10,兆豐-竹北,2024-01-09,7007
3094,聯傑,10,0,10,兆豐-竹北,2024-01-09,7007
6113,亞矽,13,3,10,兆豐-竹北,2024-01-09,7007
2376,技嘉,13,3,10,兆豐-竹北,2024-01-09,7007
00670L,富邦NASDAQ正2,10,0,10,兆豐-竹北,2024-01-09,7007
00679B,元大美債20年,20,11,9,兆豐-竹北,2024-01-09,7007
00918,大華優利高填息30,9,0,9,兆豐-竹北,2024-01-09,7007
2402,毅嘉,11,2,9,兆豐-竹北,2024-01-09,7007
00753L,中信中國50正2,258,1,257,兆豐-竹北,2024-01-10,7007
5876,上海商銀,103,0,103,兆豐-竹北,2024-01-10,7007
2609,陽明,134,33,101,兆豐-竹北,2024-01-10,7007
5871A,中租-KY甲特,95,0,95,兆豐-竹北,2024-01-10,7007
00919,群益台灣精選高息,55,15,40,兆豐-竹北,2024-01-10,7007
00720B,元大投資級公司債,37,0,37,兆豐-竹北,2024-01-10,7007
00929,復華台灣科技優息,167,137,30,兆豐-竹北,2024-01-10,7007
2515,中工,30,0,30,兆豐-竹北,2024-01-10,7007
8028,昇陽半導體,30,0,30,兆豐-竹北,2024-01-10,7007
00937B,群益ESG投等債20,43,13,30,兆豐-竹北,2024-01-10,7007
2884,玉山金,29,0,29,兆豐-竹北,2024-01-10,7007
4960,誠美材,29,0,29,兆豐-竹北,2024-01-10,7007
2887,台新金,28,1,27,兆豐-竹北,2024-01-10,7007
00773B,中信優先金融債,25,0,25,兆豐-竹北,2024-01-10,7007
3499,環天科,24,0,24,兆豐-竹北,2024-01-10,7007
2885,元大金,22,0,22,兆豐-竹北,2024-01-10,7007
00878,國泰永續高股息,29,7,22,兆豐-竹北,2024-01-10,7007
3706,神達,43,22,21,兆豐-竹北,2024-01-10,7007
3711,日月光投控,21,0,21,兆豐-竹北,2024-01-10,7007
6143,振曜,20,0,20,兆豐-竹北,2024-01-10,7007
6592B,和潤企業乙特,20,0,20,兆豐-竹北,2024-01-10,7007
0056,元大高股息,22,3,19,兆豐-竹北,2024-01-10,7007
2206,三陽工業,16,0,16,兆豐-竹北,2024-01-10,7007
2615,萬海,19,3,16,兆豐-竹北,2024-01-10,7007
2603,長榮,22,7,15,兆豐-竹北,2024-01-10,7007
2836A,高雄銀甲特,15,0,15,兆豐-竹北,2024-01-10,7007
2881B,富邦金乙特,15,0,15,兆豐-竹北,2024-01-10,7007
6237,驊訊,28,13,15,兆豐-竹北,2024-01-10,7007
2303,聯電,18,4,14,兆豐-竹北,2024-01-10,7007
2610,華航,14,0,14,兆豐-竹北,2024-01-10,7007
4102,永日,13,0,13,兆豐-竹北,2024-01-10,7007
5533,皇鼎,13,0,13,兆豐-竹北,2024-01-10,7007
00637L,元大滬深300正2,12,0,12,兆豐-竹北,2024-01-10,7007
1515,力山,12,0,12,兆豐-竹北,2024-01-10,7007
9941A,裕融甲特,12,0,12,兆豐-竹北,2024-01-10,7007
1605,華新,11,0,11,兆豐-竹北,2024-01-10,7007
3027,盛達,11,0,11,兆豐-竹北,2024-01-10,7007
6163,華電網,16,5,11,兆豐-竹北,2024-01-10,7007
6139,亞翔,13,2,11,兆豐-竹北,2024-01-10,7007
00679B,元大美債20年,10,0,10,兆豐-竹北,2024-01-10,7007
00671R,富邦NASDAQ反1,10,0,10,兆豐-竹北,2024-01-10,7007
00857B,永豐20年美公債,10,0,10,兆豐-竹北,2024-01-10,7007
1409,新纖,10,0,10,兆豐-竹北,2024-01-10,7007
2002,中鋼,15,5,10,兆豐-竹北,2024-01-10,7007
2374,佳能,10,0,10,兆豐-竹北,2024-01-10,7007
2882B,國泰金乙特,10,0,10,兆豐-竹北,2024-01-10,7007
2890,永豐金,10,0,10,兆豐-竹北,2024-01-10,7007
2891B,中信金乙特,10,0,10,兆豐-竹北,2024-01-10,7007
3005,神基,10,0,10,兆豐-竹北,2024-01-10,7007
8131,福懋科,10,0,10,兆豐-竹北,2024-01-10,7007
00753L,中信中國50正2,230,1,229,兆豐-竹北,2024-01-11,7007
00637L,元大滬深300正2,170,0,170,兆豐-竹北,2024-01-11,7007
1528,恩德,150,3,147,兆豐-竹北,2024-01-11,7007
2371,大同,52,5,47,兆豐-竹北,2024-01-11,7007
3287,廣寰科,57,17,40,兆豐-竹北,2024-01-11,7007
2834,臺企銀,42,4,38,兆豐-竹北,2024-01-11,7007
6143,振曜,38,0,38,兆豐-竹北,2024-01-11,7007
8084,巨虹,35,0,35,兆豐-竹北,2024-01-11,7007
00919,群益台灣精選高息,39,6,33,兆豐-竹北,2024-01-11,7007
2881B,富邦金乙特,30,0,30,兆豐-竹北,2024-01-11,7007
00929,復華台灣科技優息,75,50,25,兆豐-竹北,2024-01-11,7007
00927,群益半導體收益,24,0,24,兆豐-竹北,2024-01-11,7007
3515,華擎,23,0,23,兆豐-竹北,2024-01-11,7007
6219,富旺,23,0,23,兆豐-竹北,2024-01-11,7007
2408,南亞科,22,0,22,兆豐-竹北,2024-01-11,7007
9921,巨大,23,1,22,兆豐-竹北,2024-01-11,7007
00720B,元大投資級公司債,22,0,22,兆豐-竹北,2024-01-11,7007
00679B,元大美債20年,21,0,21,兆豐-竹北,2024-01-11,7007
3499,環天科,32,11,21,兆豐-竹北,2024-01-11,7007
2329,華泰,72,52,20,兆豐-竹北,2024-01-11,7007
3702A,大聯大甲特,20,0,20,兆豐-竹北,2024-01-11,7007
1605,華新,21,2,19,兆豐-竹北,2024-01-11,7007
2101,南港,19,0,19,兆豐-竹北,2024-01-11,7007
6116,彩晶,20,1,19,兆豐-竹北,2024-01-11,7007
00937B,群益ESG投等債20,18,0,18,兆豐-竹北,2024-01-11,7007
1301,台塑,16,0,16,兆豐-竹北,2024-01-11,7007
2443,昶虹,16,0,16,兆豐-竹北,2024-01-11,7007
00688L,國泰20年美債正2,15,0,15,兆豐-竹北,2024-01-11,7007
1709,和益,15,0,15,兆豐-竹北,2024-01-11,7007
2882A,國泰特,15,0,15,兆豐-竹北,2024-01-11,7007
2903,遠百,15,0,15,兆豐-竹北,2024-01-11,7007
1319,東陽,14,0,14,兆豐-竹北,2024-01-11,7007
1514,亞力,16,2,14,兆豐-竹北,2024-01-11,7007
5871A,中租-KY甲特,14,0,14,兆豐-竹北,2024-01-11,7007
6104,創惟,13,0,13,兆豐-竹北,2024-01-11,7007
3706,神達,96,83,13,兆豐-竹北,2024-01-11,7007
6239,力成,12,0,12,兆豐-竹北,2024-01-11,7007
1305,華夏,12,0,12,兆豐-竹北,2024-01-11,7007
3704,合勤控,12,0,12,兆豐-竹北,2024-01-11,7007
4142,國光生,12,0,12,兆豐-竹北,2024-01-11,7007
4956,光鋐,148,136,12,兆豐-竹北,2024-01-11,7007
00934,中信成長高股息,11,0,11,兆豐-竹北,2024-01-11,7007
2883,凱基金,11,0,11,兆豐-竹北,2024-01-11,7007
2402,毅嘉,12,1,11,兆豐-竹北,2024-01-11,7007
6684,安格,27,16,11,兆豐-竹北,2024-01-11,7007
8926,台汽電,11,0,11,兆豐-竹北,2024-01-11,7007
2303,聯電,11,1,10,兆豐-竹北,2024-01-11,7007
2301,光寶科,33,23,10,兆豐-竹北,2024-01-11,7007
2436,偉詮電,10,0,10,兆豐-竹北,2024-01-11,7007
2515,中工,10,0,10,兆豐-竹北,2024-01-11,7007
2881B,富邦金乙特,315,0,315,兆豐-竹北,2024-01-12,7007
3702A,大聯大甲特,217,0,217,兆豐-竹北,2024-01-12,7007
00753L,中信中國50正2,204,18,186,兆豐-竹北,2024-01-12,7007
00929,復華台灣科技優息,165,35,130,兆豐-竹北,2024-01-12,7007
2882A,國泰特,110,0,110,兆豐-竹北,2024-01-12,7007
00671R,富邦NASDAQ反1,100,0,100,兆豐-竹北,2024-01-12,7007
00878,國泰永續高股息,68,2,66,兆豐-竹北,2024-01-12,7007
8096,擎亞,91,53,38,兆豐-竹北,2024-01-12,7007
8084,巨虹,35,0,35,兆豐-竹北,2024-01-12,7007
3499,環天科,38,4,34,兆豐-竹北,2024-01-12,7007
2353,宏��,46,16,30,兆豐-竹北,2024-01-12,7007
6143,振曜,30,0,30,兆豐-竹北,2024-01-12,7007
5426,振發,52,27,25,兆豐-竹北,2024-01-12,7007
6806,森崴能源,25,0,25,兆豐-竹北,2024-01-12,7007
2845,遠東銀,23,0,23,兆豐-竹北,2024-01-12,7007
00919,群益台灣精選高息,31,9,22,兆豐-竹北,2024-01-12,7007
00687B,國泰20年美債,20,0,20,兆豐-竹北,2024-01-12,7007
2884,玉山金,20,0,20,兆豐-竹北,2024-01-12,7007
00904,新光臺灣半導體30,20,0,20,兆豐-竹北,2024-01-12,7007
2836A,高雄銀甲特,20,0,20,兆豐-竹北,2024-01-12,7007
6108,競國,20,0,20,兆豐-竹北,2024-01-12,7007
5880,合庫金,20,2,18,兆豐-竹北,2024-01-12,7007
6531,愛普*,32,15,17,兆豐-竹北,2024-01-12,7007
00720B,元大投資級公司債,17,0,17,兆豐-竹北,2024-01-12,7007
5347,世界,17,0,17,兆豐-竹北,2024-01-12,7007
2610,華航,17,3,14,兆豐-竹北,2024-01-12,7007
3062,建漢,14,0,14,兆豐-竹北,2024-01-12,7007
00725B,國泰投資級公司債,13,0,13,兆豐-竹北,2024-01-12,7007
6153,嘉聯益,12,0,12,兆豐-竹北,2024-01-12,7007
00885,富邦越南,11,0,11,兆豐-竹北,2024-01-12,7007
00713,元大台灣高息低波,12,1,11,兆豐-竹北,2024-01-12,7007
2303,聯電,12,1,11,兆豐-竹北,2024-01-12,7007
00850,元大臺灣ESG永續,11,0,11,兆豐-竹北,2024-01-12,7007
3704,合勤控,11,0,11,兆豐-竹北,2024-01-12,7007
00712,復華富時不動產,11,0,11,兆豐-竹北,2024-01-12,7007
1101,台泥,10,0,10,兆豐-竹北,2024-01-12,7007
1527,鑽全,10,0,10,兆豐-竹北,2024-01-12,7007
1591,駿吉-KY,30,20,10,兆豐-竹北,2024-01-12,7007
1785,光洋科,10,0,10,兆豐-竹北,2024-01-12,7007
4174,浩鼎,10,0,10,兆豐-竹北,2024-01-12,7007
8076,伍豐,10,0,10,兆豐-竹北,2024-01-12,7007
9105,泰金寶-DR,10,0,10,兆豐-竹北,2024-01-12,7007
0056,元大高股息,11,1,10,兆豐-竹北,2024-01-12,7007
00935,野村臺灣新科技50,9,0,9,兆豐-竹北,2024-01-12,7007
3032,偉訓,11,2,9,兆豐-竹北,2024-01-12,7007
4129,聯合,9,0,9,兆豐-竹北,2024-01-12,7007
4909,新復興,51,42,9,兆豐-竹北,2024-01-12,7007
6245,立端,29,20,9,兆豐-竹北,2024-01-12,7007
1101B,台泥乙特,8,0,8,兆豐-竹北,2024-01-12,7007
3037,欣興,8,0,8,兆豐-竹北,2024-01-12,7007
2610,華航,340,1,339,兆豐-竹北,2024-01-15,7007
2881B,富邦金乙特,280,0,280,兆豐-竹北,2024-01-15,7007
00753L,中信中國50正2,167,0,167,兆豐-竹北,2024-01-15,7007
1528,恩德,154,4,150,兆豐-竹北,2024-01-15,7007
00671R,富邦NASDAQ反1,105,0,105,兆豐-竹北,2024-01-15,7007
3702A,大聯大甲特,77,0,77,兆豐-竹北,2024-01-15,7007
00751B,元大AAA至A公司債,63,0,63,兆豐-竹北,2024-01-15,7007
9928,中視,50,0,50,兆豐-竹北,2024-01-15,7007
00919,群益台灣精選高息,55,5,50,兆豐-竹北,2024-01-15,7007
0056,元大高股息,46,0,46,兆豐-竹北,2024-01-15,7007
00830,國泰費城半導體,44,0,44,兆豐-竹北,2024-01-15,7007
2206,三陽工業,43,0,43,兆豐-竹北,2024-01-15,7007
2603,長榮,40,4,36,兆豐-竹北,2024-01-15,7007
2618,長榮航,135,100,35,兆豐-竹北,2024-01-15,7007
8084,巨虹,34,0,34,兆豐-竹北,2024-01-15,7007
2609,陽明,41,9,32,兆豐-竹北,2024-01-15,7007
00720B,元大投資級公司債,37,7,30,兆豐-竹北,2024-01-15,7007
2887E,台新戊特,30,0,30,兆豐-竹北,2024-01-15,7007
3231,緯創,84,57,27,兆豐-竹北,2024-01-15,7007
3515,華擎,25,0,25,兆豐-竹北,2024-01-15,7007
2353,宏��,26,3,23,兆豐-竹北,2024-01-15,7007
2101,南港,23,0,23,兆豐-竹北,2024-01-15,7007
2891B,中信金乙特,22,0,22,兆豐-竹北,2024-01-15,7007
00632R,元大台灣50反1,20,0,20,兆豐-竹北,2024-01-15,7007
3162,精確,20,0,20,兆豐-竹北,2024-01-15,7007
4563,百德,20,0,20,兆豐-竹北,2024-01-15,7007
6219,富旺,28,8,20,兆豐-竹北,2024-01-15,7007
6592B,和潤企業乙特,18,0,18,兆豐-竹北,2024-01-15,7007
00680L,元大美債20正2,17,0,17,兆豐-竹北,2024-01-15,7007
3264,欣銓,20,3,17,兆豐-竹北,2024-01-15,7007
4958,臻鼎-KY,14,0,14,兆豐-竹北,2024-01-15,7007
9941A,裕融甲特,13,0,13,兆豐-竹北,2024-01-15,7007
2634,漢翔,36,23,13,兆豐-竹北,2024-01-15,7007
2883,凱基金,12,0,12,兆豐-竹北,2024-01-15,7007
00888,永豐台灣ESG,12,0,12,兆豐-竹北,2024-01-15,7007
2344,華邦電,16,4,12,兆豐-竹北,2024-01-15,7007
0050,元大台灣50,11,0,11,兆豐-竹北,2024-01-15,7007
00927,群益半導體收益,11,0,11,兆豐-竹北,2024-01-15,7007
3587,閎康,12,2,10,兆豐-竹北,2024-01-15,7007
00885,富邦越南,10,0,10,兆豐-竹北,2024-01-15,7007
0052,富邦科技,10,0,10,兆豐-竹北,2024-01-15,7007
00907,永豐優息存股,10,0,10,兆豐-竹北,2024-01-15,7007
1305,華夏,10,0,10,兆豐-竹北,2024-01-15,7007
3338,泰碩,10,0,10,兆豐-竹北,2024-01-15,7007
3567,逸昌,10,0,10,兆豐-竹北,2024-01-15,7007
2739,寒舍,9,0,9,兆豐-竹北,2024-01-15,7007
2748,雲品,10,1,9,兆豐-竹北,2024-01-15,7007
2834,臺企銀,9,0,9,兆豐-竹北,2024-01-15,7007
6117,迎廣,15,6,9,兆豐-竹北,2024-01-15,7007
3702,大聯大,9,0,9,兆豐-竹北,2024-01-15,7007
00929,復華台灣科技優息,101,17,84,兆豐-竹北,2024-01-16,7007
2891B,中信金乙特,80,0,80,兆豐-竹北,2024-01-16,7007
2206,三陽工業,77,0,77,兆豐-竹北,2024-01-16,7007
00927,群益半導體收益,69,0,69,兆豐-竹北,2024-01-16,7007
00919,群益台灣精選高息,66,1,65,兆豐-竹北,2024-01-16,7007
00751B,元大AAA至A公司債,62,0,62,兆豐-竹北,2024-01-16,7007
0056,元大高股息,54,1,53,兆豐-竹北,2024-01-16,7007
00878,國泰永續高股息,70,22,48,兆豐-竹北,2024-01-16,7007
00632R,元大台灣50反1,55,10,45,兆豐-竹北,2024-01-16,7007
5871A,中租-KY甲特,43,0,43,兆豐-竹北,2024-01-16,7007
2516,新建,40,0,40,兆豐-竹北,2024-01-16,7007
00881,國泰台灣5G+,37,0,37,兆豐-竹北,2024-01-16,7007
00935,野村臺灣新科技50,64,30,34,兆豐-竹北,2024-01-16,7007
5880,合庫金,34,0,34,兆豐-竹北,2024-01-16,7007
2405,輔信,37,5,32,兆豐-竹北,2024-01-16,7007
8028,昇陽半導體,30,0,30,兆豐-竹北,2024-01-16,7007
00937B,群益ESG投等債20,35,5,30,兆豐-竹北,2024-01-16,7007
5302,太欣,29,0,29,兆豐-竹北,2024-01-16,7007
8084,巨虹,29,0,29,兆豐-竹北,2024-01-16,7007
2618,長榮航,69,45,24,兆豐-竹北,2024-01-16,7007
2880,華南金,25,1,24,兆豐-竹北,2024-01-16,7007
00720B,元大投資級公司債,24,0,24,兆豐-竹北,2024-01-16,7007
00934,中信成長高股息,23,0,23,兆豐-竹北,2024-01-16,7007
2356,英業達,24,1,23,兆豐-竹北,2024-01-16,7007
1815,富喬,21,0,21,兆豐-竹北,2024-01-16,7007
5347,世界,20,0,20,兆豐-竹北,2024-01-16,7007
1101B,台泥乙特,20,0,20,兆豐-竹北,2024-01-16,7007
2887E,台新戊特,20,0,20,兆豐-竹北,2024-01-16,7007
2887,台新金,19,0,19,兆豐-竹北,2024-01-16,7007
6901,鑽石投資,19,0,19,兆豐-竹北,2024-01-16,7007
2486,一詮,30,12,18,兆豐-竹北,2024-01-16,7007
8096,擎亞,121,103,18,兆豐-竹北,2024-01-16,7007
1513,中興電,17,0,17,兆豐-竹北,2024-01-16,7007
2884,玉山金,16,0,16,兆豐-竹北,2024-01-16,7007
0050,元大台灣50,16,0,16,兆豐-竹北,2024-01-16,7007
2610,華航,34,19,15,兆豐-竹北,2024-01-16,7007
3025,星通,33,19,14,兆豐-竹北,2024-01-16,7007
2883,凱基金,15,1,14,兆豐-竹北,2024-01-16,7007
9945,潤泰新,14,0,14,兆豐-竹北,2024-01-16,7007
2429,銘旺科,14,0,14,兆豐-竹北,2024-01-16,7007
3013,晟銘電,14,0,14,兆豐-竹北,2024-01-16,7007
5381,合正,14,0,14,兆豐-竹北,2024-01-16,7007
3702,大聯大,14,0,14,兆豐-竹北,2024-01-16,7007
6895,宏碩系統,12,0,12,兆豐-竹北,2024-01-16,7007
8069,元太,14,2,12,兆豐-竹北,2024-01-16,7007
8085,福華,13,1,12,兆豐-竹北,2024-01-16,7007
00680L,元大美債20正2,11,0,11,兆豐-竹北,2024-01-16,7007
2891,中信金,13,2,11,兆豐-竹北,2024-01-16,7007
6140,訊達,14,3,11,兆豐-竹北,2024-01-16,7007
00857B,永豐20年美公債,11,0,11,兆豐-竹北,2024-01-16,7007
4747,強生,257,51,206,兆豐-竹北,2024-01-17,7007
3702A,大聯大甲特,200,0,200,兆豐-竹北,2024-01-17,7007
00929,復華台灣科技優息,155,0,155,兆豐-竹北,2024-01-17,7007
00919,群益台灣精選高息,190,71,119,兆豐-竹北,2024-01-17,7007
00679B,元大美債20年,118,0,118,兆豐-竹北,2024-01-17,7007
0056,元大高股息,116,5,111,兆豐-竹北,2024-01-17,7007
4167,松瑞藥,100,0,100,兆豐-竹北,2024-01-17,7007
00753L,中信中國50正2,91,0,91,兆豐-竹北,2024-01-17,7007
00882,中信中國高股息,85,2,83,兆豐-竹北,2024-01-17,7007
2303,聯電,92,12,80,兆豐-竹北,2024-01-17,7007
6592B,和潤企業乙特,80,0,80,兆豐-竹北,2024-01-17,7007
2886,兆豐金,82,3,79,兆豐-竹北,2024-01-17,7007
00927,群益半導體收益,76,0,76,兆豐-竹北,2024-01-17,7007
5302,太欣,70,0,70,兆豐-竹北,2024-01-17,7007
2609,陽明,76,14,62,兆豐-竹北,2024-01-17,7007
2371,大同,98,40,58,兆豐-竹北,2024-01-17,7007
2891B,中信金乙特,55,0,55,兆豐-竹北,2024-01-17,7007
2363,矽統,53,2,51,兆豐-竹北,2024-01-17,7007
00706L,期元大S＆P日圓正2,50,0,50,兆豐-竹北,2024-01-17,7007
2884,玉山金,50,1,49,兆豐-竹北,2024-01-17,7007
00751B,元大AAA至A公司債,45,0,45,兆豐-竹北,2024-01-17,7007
00687B,國泰20年美債,48,3,45,兆豐-竹北,2024-01-17,7007
2881,富邦金,39,0,39,兆豐-竹北,2024-01-17,7007
00680L,元大美債20正2,38,0,38,兆豐-竹北,2024-01-17,7007
2206,三陽工業,34,0,34,兆豐-竹北,2024-01-17,7007
4142,國光生,34,0,34,兆豐-竹北,2024-01-17,7007
00878,國泰永續高股息,64,31,33,兆豐-竹北,2024-01-17,7007
00720B,元大投資級公司債,33,0,33,兆豐-竹北,2024-01-17,7007
2317,鴻海,32,0,32,兆豐-竹北,2024-01-17,7007
00935,野村臺灣新科技50,30,0,30,兆豐-竹北,2024-01-17,7007
8028,昇陽半導體,30,0,30,兆豐-竹北,2024-01-17,7007
9941A,裕融甲特,30,0,30,兆豐-竹北,2024-01-17,7007
2356,英業達,34,6,28,兆豐-竹北,2024-01-17,7007
00902,中信電池及儲能,28,0,28,兆豐-竹北,2024-01-17,7007
00937B,群益ESG投等債20,28,1,27,兆豐-竹北,2024-01-17,7007
00651R,復華香港反1,27,0,27,兆豐-竹北,2024-01-17,7007
1101B,台泥乙特,25,0,25,兆豐-竹北,2024-01-17,7007
2429,銘旺科,26,1,25,兆豐-竹北,2024-01-17,7007
2882A,國泰特,25,0,25,兆豐-竹北,2024-01-17,7007
6592A,和潤企業甲特,25,0,25,兆豐-竹北,2024-01-17,7007
00881,國泰台灣5G+,34,10,24,兆豐-竹北,2024-01-17,7007
1303,南亞,24,0,24,兆豐-竹北,2024-01-17,7007
00713,元大台灣高息低波,21,0,21,兆豐-竹北,2024-01-17,7007
2887,台新金,20,0,20,兆豐-竹北,2024-01-17,7007
0050,元大台灣50,20,0,20,兆豐-竹北,2024-01-17,7007
2888,新光金,20,1,19,兆豐-竹北,2024-01-17,7007
2329,華泰,47,28,19,兆豐-竹北,2024-01-17,7007
00933B,國泰10Y+金融債,18,0,18,兆豐-竹北,2024-01-17,7007
00922,國泰台灣領袖50,18,0,18,兆豐-竹北,2024-01-17,7007
00918,大華優利高填息30,20,3,17,兆豐-竹北,2024-01-17,7007
00753L,中信中國50正2,420,2,418,兆豐-竹北,2024-01-18,7007
00929,復華台灣科技優息,144,1,143,兆豐-竹北,2024-01-18,7007
6016,康和證,111,0,111,兆豐-竹北,2024-01-18,7007
00882,中信中國高股息,109,3,106,兆豐-竹北,2024-01-18,7007
3702A,大聯大甲特,100,0,100,兆豐-竹北,2024-01-18,7007
00637L,元大滬深300正2,103,10,93,兆豐-竹北,2024-01-18,7007
00919,群益台灣精選高息,68,20,48,兆豐-竹北,2024-01-18,7007
00878,國泰永續高股息,44,1,43,兆豐-竹北,2024-01-18,7007
00679B,元大美債20年,38,1,37,兆豐-竹北,2024-01-18,7007
6245,立端,53,20,33,兆豐-竹北,2024-01-18,7007
4960,誠美材,39,13,26,兆豐-竹北,2024-01-18,7007
2324,仁寶,29,3,26,兆豐-竹北,2024-01-18,7007
00720B,元大投資級公司債,24,0,24,兆豐-竹北,2024-01-18,7007
2887E,台新戊特,22,0,22,兆豐-竹北,2024-01-18,7007
00923,群益台ESG低碳50,21,0,21,兆豐-竹北,2024-01-18,7007
2633,台灣高鐵,20,0,20,兆豐-竹北,2024-01-18,7007
2891B,中信金乙特,20,0,20,兆豐-竹北,2024-01-18,7007
3094,聯傑,20,0,20,兆豐-竹北,2024-01-18,7007
6415,矽力*-KY,19,0,19,兆豐-竹北,2024-01-18,7007
2303,聯電,17,1,16,兆豐-竹北,2024-01-18,7007
00881,國泰台灣5G+,15,0,15,兆豐-竹北,2024-01-18,7007
2890,永豐金,15,1,14,兆豐-竹北,2024-01-18,7007
3149,正達,15,1,14,兆豐-竹北,2024-01-18,7007
2301,光寶科,98,85,13,兆豐-竹北,2024-01-18,7007
0056,元大高股息,28,16,12,兆豐-竹北,2024-01-18,7007
2365,昆盈,12,0,12,兆豐-竹北,2024-01-18,7007
2390,云辰,12,0,12,兆豐-竹北,2024-01-18,7007
6117,迎廣,20,8,12,兆豐-竹北,2024-01-18,7007
8111,立��,23,11,12,兆豐-竹北,2024-01-18,7007
00687B,國泰20年美債,11,0,11,兆豐-竹北,2024-01-18,7007
8936,國統,11,0,11,兆豐-竹北,2024-01-18,7007
00937B,群益ESG投等債20,11,0,11,兆豐-竹北,2024-01-18,7007
6667,信紘科,41,30,11,兆豐-竹北,2024-01-18,7007
00933B,國泰10Y+金融債,12,2,10,兆豐-竹北,2024-01-18,7007
00648R,元大S＆P500反1,10,0,10,兆豐-竹北,2024-01-18,7007
00632R,元大台灣50反1,30,20,10,兆豐-竹北,2024-01-18,7007
00701,國泰股利精選30,10,0,10,兆豐-竹北,2024-01-18,7007
00680L,元大美債20正2,10,0,10,兆豐-竹北,2024-01-18,7007
2371,大同,14,4,10,兆豐-竹北,2024-01-18,7007
2468,華經,10,0,10,兆豐-竹北,2024-01-18,7007
2637,慧洋-KY,15,5,10,兆豐-竹北,2024-01-18,7007
3338,泰碩,10,0,10,兆豐-竹北,2024-01-18,7007
3540,曜越,10,0,10,兆豐-竹北,2024-01-18,7007
3552,同致,10,0,10,兆豐-竹北,2024-01-18,7007
6693,廣閎科,10,0,10,兆豐-竹北,2024-01-18,7007
6698,旭暉應材,10,0,10,兆豐-竹北,2024-01-18,7007
00918,大華優利高填息30,9,0,9,兆豐-竹北,2024-01-18,7007
1528,恩德,58,49,9,兆豐-竹北,2024-01-18,7007
2429,銘旺科,9,0,9,兆豐-竹北,2024-01-18,7007
3264,欣銓,9,0,9,兆豐-竹北,2024-01-18,7007
3702A,大聯大甲特,220,0,220,兆豐-竹北,2024-01-19,7007
00882,中信中國高股息,130,0,130,兆豐-竹北,2024-01-19,7007
00753L,中信中國50正2,113,0,113,兆豐-竹北,2024-01-19,7007
2371,大同,108,4,104,兆豐-竹北,2024-01-19,7007
2881B,富邦金乙特,90,0,90,兆豐-竹北,2024-01-19,7007
00687B,國泰20年美債,107,19,88,兆豐-竹北,2024-01-19,7007
00857B,永豐20年美公債,79,0,79,兆豐-竹北,2024-01-19,7007
00929,復華台灣科技優息,80,7,73,兆豐-竹北,2024-01-19,7007
6592B,和潤企業乙特,60,0,60,兆豐-竹北,2024-01-19,7007
00679B,元大美債20年,59,6,53,兆豐-竹北,2024-01-19,7007
00632R,元大台灣50反1,51,10,41,兆豐-竹北,2024-01-19,7007
00937B,群益ESG投等債20,41,2,39,兆豐-竹北,2024-01-19,7007
00680L,元大美債20正2,39,0,39,兆豐-竹北,2024-01-19,7007
00927,群益半導體收益,40,5,35,兆豐-竹北,2024-01-19,7007
2887F,台新戊特二,30,0,30,兆豐-竹北,2024-01-19,7007
00720B,元大投資級公司債,26,0,26,兆豐-竹北,2024-01-19,7007
8096,擎亞,49,23,26,兆豐-竹北,2024-01-19,7007
2206,三陽工業,25,0,25,兆豐-竹北,2024-01-19,7007
4188,安克,24,0,24,兆豐-竹北,2024-01-19,7007
3287,廣寰科,36,14,22,兆豐-竹北,2024-01-19,7007
00919,群益台灣精選高息,23,2,21,兆豐-竹北,2024-01-19,7007
6117,迎廣,25,4,21,兆豐-竹北,2024-01-19,7007
6243,迅杰,36,15,21,兆豐-竹北,2024-01-19,7007
2344,華邦電,23,2,21,兆豐-竹北,2024-01-19,7007
2891B,中信金乙特,20,0,20,兆豐-竹北,2024-01-19,7007
00795B,中信美國公債20年,19,0,19,兆豐-竹北,2024-01-19,7007
2884,玉山金,17,0,17,兆豐-竹北,2024-01-19,7007
2836A,高雄銀甲特,16,0,16,兆豐-竹北,2024-01-19,7007
00936,台新永續高息中小,15,0,15,兆豐-竹北,2024-01-19,7007
4960,誠美材,43,29,14,兆豐-竹北,2024-01-19,7007
2402,毅嘉,12,0,12,兆豐-竹北,2024-01-19,7007
4953,緯軟,16,4,12,兆豐-竹北,2024-01-19,7007
8027,鈦昇,15,3,12,兆豐-竹北,2024-01-19,7007
4979,華星光,12,1,11,兆豐-竹北,2024-01-19,7007
2603,長榮,14,3,11,兆豐-竹北,2024-01-19,7007
6895,宏碩系統,11,0,11,兆豐-竹北,2024-01-19,7007
6901,鑽石投資,11,0,11,兆豐-竹北,2024-01-19,7007
5347,世界,11,1,10,兆豐-竹北,2024-01-19,7007
1722,台肥,10,0,10,兆豐-竹北,2024-01-19,7007
2023,燁輝,10,0,10,兆豐-竹北,2024-01-19,7007
2436,偉詮電,10,0,10,兆豐-竹北,2024-01-19,7007
2489,瑞軒,10,0,10,兆豐-竹北,2024-01-19,7007
2634,漢翔,10,0,10,兆豐-竹北,2024-01-19,7007
2887,台新金,12,2,10,兆豐-竹北,2024-01-19,7007
3567,逸昌,10,0,10,兆豐-竹北,2024-01-19,7007
8358,金居,10,0,10,兆豐-竹北,2024-01-19,7007
9941A,裕融甲特,10,0,10,兆豐-竹北,2024-01-19,7007
00751B,元大AAA至A公司債,10,0,10,兆豐-竹北,2024-01-19,7007
1301,台塑,9,0,9,兆豐-竹北,2024-01-19,7007
00733,富邦臺灣中小,9,0,9,兆豐-竹北,2024-01-19,7007
2486,一詮,147,6,141,兆豐-竹北,2024-01-22,7007
6016,康和證,100,0,100,兆豐-竹北,2024-01-22,7007
1528,恩德,57,1,56,兆豐-竹北,2024-01-22,7007
5871A,中租-KY甲特,56,0,56,兆豐-竹北,2024-01-22,7007
2301,光寶科,155,101,54,兆豐-竹北,2024-01-22,7007
00679B,元大美債20年,49,0,49,兆豐-竹北,2024-01-22,7007
3515,華擎,41,0,41,兆豐-竹北,2024-01-22,7007
00687B,國泰20年美債,40,1,39,兆豐-竹北,2024-01-22,7007
8096,擎亞,96,64,32,兆豐-竹北,2024-01-22,7007
00933B,國泰10Y+金融債,35,5,30,兆豐-竹北,2024-01-22,7007
2206,三陽工業,30,0,30,兆豐-竹北,2024-01-22,7007
2882A,國泰特,30,0,30,兆豐-竹北,2024-01-22,7007
2324,仁寶,41,13,28,兆豐-竹北,2024-01-22,7007
6122,擎邦,31,3,28,兆豐-竹北,2024-01-22,7007
3032,偉訓,27,2,25,兆豐-竹北,2024-01-22,7007
2887F,台新戊特二,23,0,23,兆豐-竹北,2024-01-22,7007
2610,華航,32,10,22,兆豐-竹北,2024-01-22,7007
2633,台灣高鐵,20,0,20,兆豐-竹北,2024-01-22,7007
5876,上海商銀,20,0,20,兆豐-竹北,2024-01-22,7007
00902,中信電池及儲能,21,2,19,兆豐-竹北,2024-01-22,7007
00919,群益台灣精選高息,19,2,17,兆豐-竹北,2024-01-22,7007
2834,臺企銀,17,0,17,兆豐-竹北,2024-01-22,7007
3437,榮創,17,0,17,兆豐-竹北,2024-01-22,7007
0056,元大高股息,23,7,16,兆豐-竹北,2024-01-22,7007
00671R,富邦NASDAQ反1,25,10,15,兆豐-竹北,2024-01-22,7007
6116,彩晶,14,0,14,兆豐-竹北,2024-01-22,7007
2603,長榮,24,10,14,兆豐-竹北,2024-01-22,7007
2409,友達,12,0,12,兆豐-竹北,2024-01-22,7007
3306,鼎天,15,3,12,兆豐-竹北,2024-01-22,7007
3380,明泰,13,1,12,兆豐-竹北,2024-01-22,7007
3338,泰碩,11,0,11,兆豐-竹北,2024-01-22,7007
3623,富晶通,26,15,11,兆豐-竹北,2024-01-22,7007
00665L,富邦�琤肭磪囓�2,15,5,10,兆豐-竹北,2024-01-22,7007
2329,華泰,51,41,10,兆豐-竹北,2024-01-22,7007
2344,華邦電,10,0,10,兆豐-竹北,2024-01-22,7007
2369,菱生,14,4,10,兆豐-竹北,2024-01-22,7007
2421,建準,11,1,10,兆豐-竹北,2024-01-22,7007
6120,達運,11,1,10,兆豐-竹北,2024-01-22,7007
6197,佳必琪,20,10,10,兆豐-竹北,2024-01-22,7007
6233,旺玖,16,7,9,兆豐-竹北,2024-01-22,7007
8477,創業家,13,4,9,兆豐-竹北,2024-01-22,7007
3548,兆利,9,1,8,兆豐-竹北,2024-01-22,7007
3231,緯創,66,58,8,兆豐-竹北,2024-01-22,7007
1795,美時,8,1,7,兆豐-竹北,2024-01-22,7007
6111,大宇資,7,0,7,兆豐-竹北,2024-01-22,7007
6684,安格,7,0,7,兆豐-竹北,2024-01-22,7007
3702,大聯大,9,2,7,兆豐-竹北,2024-01-22,7007
00937B,群益ESG投等債20,16,10,6,兆豐-竹北,2024-01-22,7007
2374,佳能,6,0,6,兆豐-竹北,2024-01-22,7007
2883,凱基金,6,0,6,兆豐-竹北,2024-01-22,7007
2002,中鋼,126,1,125,兆豐-竹北,2024-01-23,7007
3702A,大聯大甲特,110,0,110,兆豐-竹北,2024-01-23,7007
6016,康和證,100,0,100,兆豐-竹北,2024-01-23,7007
3481,群創,199,164,35,兆豐-竹北,2024-01-23,7007
00679B,元大美債20年,34,0,34,兆豐-竹北,2024-01-23,7007
2887E,台新戊特,27,0,27,兆豐-竹北,2024-01-23,7007
00878,國泰永續高股息,30,4,26,兆豐-竹北,2024-01-23,7007
00937B,群益ESG投等債20,71,48,23,兆豐-竹北,2024-01-23,7007
8996,高力,44,22,22,兆豐-竹北,2024-01-23,7007
00929,復華台灣科技優息,23,1,22,兆豐-竹北,2024-01-23,7007
00706L,期元大S＆P日圓正2,20,0,20,兆豐-竹北,2024-01-23,7007
2106,建大,20,0,20,兆豐-竹北,2024-01-23,7007
3499,環天科,20,0,20,兆豐-竹北,2024-01-23,7007
00680L,元大美債20正2,21,2,19,兆豐-竹北,2024-01-23,7007
3587,閎康,22,5,17,兆豐-竹北,2024-01-23,7007
2618,長榮航,79,63,16,兆豐-竹北,2024-01-23,7007
00764B,群益25年美債,15,0,15,兆豐-竹北,2024-01-23,7007
00919,群益台灣精選高息,25,10,15,兆豐-竹北,2024-01-23,7007
2867,三商壽,14,0,14,兆豐-竹北,2024-01-23,7007
6290,良維,14,0,14,兆豐-竹北,2024-01-23,7007
6111,大宇資,15,2,13,兆豐-竹北,2024-01-23,7007
8105,凌巨,13,0,13,兆豐-竹北,2024-01-23,7007
00687B,國泰20年美債,12,0,12,兆豐-竹北,2024-01-23,7007
2615,萬海,12,0,12,兆豐-竹北,2024-01-23,7007
00720B,元大投資級公司債,12,0,12,兆豐-竹北,2024-01-23,7007
3059,華晶科,12,1,11,兆豐-竹北,2024-01-23,7007
3437,榮創,13,2,11,兆豐-竹北,2024-01-23,7007
3490,單井,11,0,11,兆豐-竹北,2024-01-23,7007
6219,富旺,11,0,11,兆豐-竹北,2024-01-23,7007
00904,新光臺灣半導體30,10,0,10,兆豐-竹北,2024-01-23,7007
2882A,國泰特,10,0,10,兆豐-竹北,2024-01-23,7007
3483,力致,11,1,10,兆豐-竹北,2024-01-23,7007
6239,力成,12,2,10,兆豐-竹北,2024-01-23,7007
8201,無敵,10,0,10,兆豐-竹北,2024-01-23,7007
2449,京元電子,12,3,9,兆豐-竹北,2024-01-23,7007
3363,上詮,11,2,9,兆豐-竹北,2024-01-23,7007
6197,佳必琪,10,1,9,兆豐-竹北,2024-01-23,7007
6243,迅杰,20,11,9,兆豐-竹北,2024-01-23,7007
8068,全達,10,1,9,兆豐-竹北,2024-01-23,7007
2457,飛宏,10,2,8,兆豐-竹北,2024-01-23,7007
4961,天鈺,11,3,8,兆豐-竹北,2024-01-23,7007
2382,廣達,23,15,8,兆豐-竹北,2024-01-23,7007
6695,芯鼎,12,4,8,兆豐-竹北,2024-01-23,7007
2486,一詮,12,4,8,兆豐-竹北,2024-01-23,7007
00650L,復華香港正2,7,0,7,兆豐-竹北,2024-01-23,7007
2314,台揚,7,0,7,兆豐-竹北,2024-01-23,7007
2344,華邦電,10,3,7,兆豐-竹北,2024-01-23,7007
3287,廣寰科,14,7,7,兆豐-竹北,2024-01-23,7007
5443,均豪,7,0,7,兆豐-竹北,2024-01-23,7007
6257,矽格,8,1,7,兆豐-竹北,2024-01-23,7007
00752,中信中國50,250,0,250,兆豐-竹北,2024-01-24,7007
2208,台船,132,1,131,兆豐-竹北,2024-01-24,7007
8096,擎亞,103,16,87,兆豐-竹北,2024-01-24,7007
2881B,富邦金乙特,80,0,80,兆豐-竹北,2024-01-24,7007
00882,中信中國高股息,72,2,70,兆豐-竹北,2024-01-24,7007
00937B,群益ESG投等債20,61,2,59,兆豐-竹北,2024-01-24,7007
00679B,元大美債20年,35,1,34,兆豐-竹北,2024-01-24,7007
00915,凱基優選高股息30,34,2,32,兆豐-竹北,2024-01-24,7007
2882A,國泰特,30,0,30,兆豐-竹北,2024-01-24,7007
2887E,台新戊特,30,0,30,兆豐-竹北,2024-01-24,7007
3702A,大聯大甲特,30,0,30,兆豐-竹北,2024-01-24,7007
3535,晶彩科,25,1,24,兆豐-竹北,2024-01-24,7007
00687B,國泰20年美債,24,1,23,兆豐-竹北,2024-01-24,7007
00933B,國泰10Y+金融債,22,0,22,兆豐-竹北,2024-01-24,7007
9105,泰金寶-DR,21,0,21,兆豐-竹北,2024-01-24,7007
2455,全新,20,0,20,兆豐-竹北,2024-01-24,7007
2891B,中信金乙特,20,0,20,兆豐-竹北,2024-01-24,7007
6127,九豪,20,0,20,兆豐-竹北,2024-01-24,7007
1528,恩德,24,5,19,兆豐-竹北,2024-01-24,7007
2610,華航,30,11,19,兆豐-竹北,2024-01-24,7007
2618,長榮航,92,76,16,兆豐-竹北,2024-01-24,7007
2369,菱生,28,13,15,兆豐-竹北,2024-01-24,7007
9934,成霖,14,0,14,兆豐-竹北,2024-01-24,7007
5443,均豪,13,0,13,兆豐-竹北,2024-01-24,7007
00935,野村臺灣新科技50,12,0,12,兆豐-竹北,2024-01-24,7007
2886,兆豐金,12,0,12,兆豐-竹北,2024-01-24,7007
00637L,元大滬深300正2,18,7,11,兆豐-竹北,2024-01-24,7007
1326,台化,12,1,11,兆豐-竹北,2024-01-24,7007
2605,新興,21,10,11,兆豐-竹北,2024-01-24,7007
6770,力積電,11,0,11,兆豐-竹北,2024-01-24,7007
2201,裕隆,10,0,10,兆豐-竹北,2024-01-24,7007
00706L,期元大S＆P日圓正2,10,0,10,兆豐-竹北,2024-01-24,7007
2460,建通,15,5,10,兆豐-竹北,2024-01-24,7007
2498,宏達電,36,26,10,兆豐-竹北,2024-01-24,7007
3036A,文曄甲特,10,0,10,兆豐-竹北,2024-01-24,7007
6233,旺玖,14,4,10,兆豐-竹北,2024-01-24,7007
00680L,元大美債20正2,17,8,9,兆豐-竹北,2024-01-24,7007
2376,技嘉,17,8,9,兆豐-竹北,2024-01-24,7007
3545,敦泰,10,2,8,兆豐-竹北,2024-01-24,7007
3664,安瑞-KY,13,5,8,兆豐-竹北,2024-01-24,7007
6901,鑽石投資,8,0,8,兆豐-竹北,2024-01-24,7007
3006,晶豪科,14,7,7,兆豐-竹北,2024-01-24,7007
5302,太欣,7,0,7,兆豐-竹北,2024-01-24,7007
6111,大宇資,50,43,7,兆豐-竹北,2024-01-24,7007
3588,通嘉,9,2,7,兆豐-竹北,2024-01-24,7007
2884,玉山金,13,6,7,兆豐-竹北,2024-01-24,7007
1710,東聯,6,0,6,兆豐-竹北,2024-01-24,7007
3055,蔚華科,11,5,6,兆豐-竹北,2024-01-24,7007
8050,廣積,6,0,6,兆豐-竹北,2024-01-24,7007
2353,宏��,19,13,6,兆豐-竹北,2024-01-24,7007
4747,強生,450,0,450,兆豐-竹北,2024-01-25,7007
00687B,國泰20年美債,140,6,134,兆豐-竹北,2024-01-25,7007
9105,泰金寶-DR,104,1,103,兆豐-竹北,2024-01-25,7007
2208,台船,98,0,98,兆豐-竹北,2024-01-25,7007
3231,緯創,139,42,97,兆豐-竹北,2024-01-25,7007
3702A,大聯大甲特,60,0,60,兆豐-竹北,2024-01-25,7007
2881B,富邦金乙特,50,0,50,兆豐-竹北,2024-01-25,7007
2431,聯昌,48,0,48,兆豐-竹北,2024-01-25,7007
00679B,元大美債20年,44,5,39,兆豐-竹北,2024-01-25,7007
00919,群益台灣精選高息,52,13,39,兆豐-竹北,2024-01-25,7007
3354,律勝,39,2,37,兆豐-竹北,2024-01-25,7007
00688L,國泰20年美債正2,36,2,34,兆豐-竹北,2024-01-25,7007
2365,昆盈,34,0,34,兆豐-竹北,2024-01-25,7007
00720B,元大投資級公司債,33,0,33,兆豐-竹北,2024-01-25,7007
00937B,群益ESG投等債20,28,0,28,兆豐-竹北,2024-01-25,7007
00680L,元大美債20正2,28,0,28,兆豐-竹北,2024-01-25,7007
3047,訊舟,30,2,28,兆豐-竹北,2024-01-25,7007
5488,松普,25,0,25,兆豐-竹北,2024-01-25,7007
6111,大宇資,21,0,21,兆豐-竹北,2024-01-25,7007
00632R,元大台灣50反1,20,0,20,兆豐-竹北,2024-01-25,7007
2887E,台新戊特,20,0,20,兆豐-竹北,2024-01-25,7007
3437,榮創,21,1,20,兆豐-竹北,2024-01-25,7007
2374,佳能,19,0,19,兆豐-竹北,2024-01-25,7007
4109,加捷生醫,29,10,19,兆豐-竹北,2024-01-25,7007
00929,復華台灣科技優息,20,1,19,兆豐-竹北,2024-01-25,7007
00753L,中信中國50正2,20,2,18,兆豐-竹北,2024-01-25,7007
00706L,期元大S＆P日圓正2,18,0,18,兆豐-竹北,2024-01-25,7007
00764B,群益25年美債,18,0,18,兆豐-竹北,2024-01-25,7007
2356,英業達,73,56,17,兆豐-竹北,2024-01-25,7007
2887,台新金,17,0,17,兆豐-竹北,2024-01-25,7007
6901,鑽石投資,16,0,16,兆豐-竹北,2024-01-25,7007
2206,三陽工業,15,0,15,兆豐-竹北,2024-01-25,7007
6245,立端,64,49,15,兆豐-竹北,2024-01-25,7007
6742,澤米,15,0,15,兆豐-竹北,2024-01-25,7007
1609,大亞,13,0,13,兆豐-竹北,2024-01-25,7007
2610,華航,13,0,13,兆豐-竹北,2024-01-25,7007
8404,百和興業-KY,15,2,13,兆豐-竹北,2024-01-25,7007
2421,建準,19,7,12,兆豐-竹北,2024-01-25,7007
00637L,元大滬深300正2,17,5,12,兆豐-竹北,2024-01-25,7007
2211,長榮鋼,17,5,12,兆豐-竹北,2024-01-25,7007
2884,玉山金,13,2,11,兆豐-竹北,2024-01-25,7007
3013,晟銘電,11,0,11,兆豐-竹北,2024-01-25,7007
6113,亞矽,37,26,11,兆豐-竹北,2024-01-25,7007
9945,潤泰新,11,0,11,兆豐-竹北,2024-01-25,7007
00772B,中信高評級公司債,11,0,11,兆豐-竹北,2024-01-25,7007
00665L,富邦�琤肭磪囓�2,10,0,10,兆豐-竹北,2024-01-25,7007
2353,宏��,21,11,10,兆豐-竹北,2024-01-25,7007
2605,新興,10,0,10,兆豐-竹北,2024-01-25,7007
2633,台灣高鐵,10,0,10,兆豐-竹北,2024-01-25,7007
2880,華南金,10,0,10,兆豐-竹北,2024-01-25,7007
3702A,大聯大甲特,100,0,100,兆豐-竹北,2024-01-26,7007
2882A,國泰特,90,0,90,兆豐-竹北,2024-01-26,7007
2891B,中信金乙特,60,0,60,兆豐-竹北,2024-01-26,7007
9105,泰金寶-DR,106,60,46,兆豐-竹北,2024-01-26,7007
8084,巨虹,43,0,43,兆豐-竹北,2024-01-26,7007
3360,尚立,56,15,41,兆豐-竹北,2024-01-26,7007
2881B,富邦金乙特,40,0,40,兆豐-竹北,2024-01-26,7007
00680L,元大美債20正2,30,0,30,兆豐-竹北,2024-01-26,7007
8936,國統,38,9,29,兆豐-竹北,2024-01-26,7007
2324,仁寶,30,3,27,兆豐-竹北,2024-01-26,7007
2618,長榮航,99,72,27,兆豐-竹北,2024-01-26,7007
00929,復華台灣科技優息,97,70,27,兆豐-竹北,2024-01-26,7007
00641R,富邦日本反1,25,0,25,兆豐-竹北,2024-01-26,7007
2887E,台新戊特,25,0,25,兆豐-竹北,2024-01-26,7007
2303,聯電,67,45,22,兆豐-竹北,2024-01-26,7007
00679B,元大美債20年,24,3,21,兆豐-竹北,2024-01-26,7007
6291,沛亨,20,0,20,兆豐-竹北,2024-01-26,7007
3005,神基,20,1,19,兆豐-竹北,2024-01-26,7007
00937B,群益ESG投等債20,19,0,19,兆豐-竹北,2024-01-26,7007
2882,國泰金,18,0,18,兆豐-竹北,2024-01-26,7007
1101B,台泥乙特,18,0,18,兆豐-竹北,2024-01-26,7007
2329,華泰,34,19,15,兆豐-竹北,2024-01-26,7007
00931B,統一美債20年,15,0,15,兆豐-竹北,2024-01-26,7007
2634,漢翔,14,0,14,兆豐-竹北,2024-01-26,7007
00933B,國泰10Y+金融債,14,0,14,兆豐-竹北,2024-01-26,7007
4968,立積,14,0,14,兆豐-竹北,2024-01-26,7007
00885,富邦越南,17,4,13,兆豐-竹北,2024-01-26,7007
3037,欣興,13,1,12,兆豐-竹北,2024-01-26,7007
6285,啟��,12,1,11,兆豐-竹北,2024-01-26,7007
3623,富晶通,25,14,11,兆豐-竹北,2024-01-26,7007
2353,宏��,12,2,10,兆豐-竹北,2024-01-26,7007
1101,台泥,11,1,10,兆豐-竹北,2024-01-26,7007
2867,三商壽,10,0,10,兆豐-竹北,2024-01-26,7007
2887,台新金,10,0,10,兆豐-竹北,2024-01-26,7007
2887F,台新戊特二,10,0,10,兆豐-竹北,2024-01-26,7007
00687B,國泰20年美債,10,0,10,兆豐-竹北,2024-01-26,7007
3664,安瑞-KY,9,0,9,兆豐-竹北,2024-01-26,7007
6546,正基,11,2,9,兆豐-竹北,2024-01-26,7007
3346,麗清,8,0,8,兆豐-竹北,2024-01-26,7007
3694,海華,79,71,8,兆豐-竹北,2024-01-26,7007
4743,合一,8,0,8,兆豐-竹北,2024-01-26,7007
00751B,元大AAA至A公司債,7,0,7,兆豐-竹北,2024-01-26,7007
4129,聯合,10,3,7,兆豐-竹北,2024-01-26,7007
1795,美時,6,0,6,兆豐-竹北,2024-01-26,7007
2421,建準,20,14,6,兆豐-竹北,2024-01-26,7007
5443,均豪,10,4,6,兆豐-竹北,2024-01-26,7007
00928,中信上櫃ESG30,5,0,5,兆豐-竹北,2024-01-26,7007
3034,聯詠,5,0,5,兆豐-竹北,2024-01-26,7007
00706L,期元大S＆P日圓正2,5,0,5,兆豐-竹北,2024-01-26,7007
00738U,期元大道瓊白銀,5,0,5,兆豐-竹北,2024-01-26,7007
2618,長榮航,307,148,159,兆豐-竹北,2024-01-29,7007
00687B,國泰20年美債,116,5,111,兆豐-竹北,2024-01-29,7007
8084,巨虹,90,1,89,兆豐-竹北,2024-01-29,7007
00919,群益台灣精選高息,68,4,64,兆豐-竹北,2024-01-29,7007
00632R,元大台灣50反1,47,0,47,兆豐-竹北,2024-01-29,7007
9105,泰金寶-DR,45,0,45,兆豐-竹北,2024-01-29,7007
00929,復華台灣科技優息,46,2,44,兆豐-竹北,2024-01-29,7007
00937B,群益ESG投等債20,42,0,42,兆豐-竹北,2024-01-29,7007
2882A,國泰特,40,0,40,兆豐-竹北,2024-01-29,7007
3702A,大聯大甲特,40,0,40,兆豐-竹北,2024-01-29,7007
00679B,元大美債20年,36,0,36,兆豐-竹北,2024-01-29,7007
00633L,富邦上証正2,34,0,34,兆豐-竹北,2024-01-29,7007
2883B,凱基金乙特,30,0,30,兆豐-竹北,2024-01-29,7007
9941A,裕融甲特,30,0,30,兆豐-竹北,2024-01-29,7007
2303,聯電,27,0,27,兆豐-竹北,2024-01-29,7007
00752,中信中國50,26,0,26,兆豐-竹北,2024-01-29,7007
3047,訊舟,31,5,26,兆豐-竹北,2024-01-29,7007
2887E,台新戊特,25,0,25,兆豐-竹北,2024-01-29,7007
3030,德律,25,0,25,兆豐-竹北,2024-01-29,7007
8936,國統,28,5,23,兆豐-竹北,2024-01-29,7007
00902,中信電池及儲能,22,0,22,兆豐-竹北,2024-01-29,7007
2609,陽明,21,0,21,兆豐-竹北,2024-01-29,7007
2610,華航,60,39,21,兆豐-竹北,2024-01-29,7007
2867,三商壽,21,0,21,兆豐-竹北,2024-01-29,7007
00639,富邦深100,21,1,20,兆豐-竹北,2024-01-29,7007
2891B,中信金乙特,20,0,20,兆豐-竹北,2024-01-29,7007
3231,緯創,834,814,20,兆豐-竹北,2024-01-29,7007
00882,中信中國高股息,19,0,19,兆豐-竹北,2024-01-29,7007
3535,晶彩科,20,1,19,兆豐-竹北,2024-01-29,7007
2762,世界健身-KY,16,0,16,兆豐-竹北,2024-01-29,7007
8110,華東,33,17,16,兆豐-竹北,2024-01-29,7007
3360,尚立,31,16,15,兆豐-竹北,2024-01-29,7007
00655L,國泰中國A50正2,15,1,14,兆豐-竹北,2024-01-29,7007
00680L,元大美債20正2,13,0,13,兆豐-竹北,2024-01-29,7007
00720B,元大投資級公司債,11,0,11,兆豐-竹北,2024-01-29,7007
6282,康舒,11,0,11,兆豐-竹北,2024-01-29,7007
3587,閎康,11,0,11,兆豐-竹北,2024-01-29,7007
00913,兆豐台灣晶圓製造,10,0,10,兆豐-竹北,2024-01-29,7007
00885,富邦越南,10,0,10,兆豐-竹北,2024-01-29,7007
00643,群益深証中小,10,0,10,兆豐-竹北,2024-01-29,7007
2208,台船,10,0,10,兆豐-竹北,2024-01-29,7007
2449,京元電子,10,0,10,兆豐-竹北,2024-01-29,7007
2460,建通,10,0,10,兆豐-竹北,2024-01-29,7007
6197,佳必琪,10,0,10,兆豐-竹北,2024-01-29,7007
8261,富鼎,10,0,10,兆豐-竹北,2024-01-29,7007
00933B,國泰10Y+金融債,9,0,9,兆豐-竹北,2024-01-29,7007
2374,佳能,10,1,9,兆豐-竹北,2024-01-29,7007
3014,聯陽,9,0,9,兆豐-竹北,2024-01-29,7007
6116,彩晶,9,0,9,兆豐-竹北,2024-01-29,7007
6291,沛亨,9,0,9,兆豐-竹北,2024-01-29,7007
3360,尚立,134,33,101,兆豐-竹北,2024-01-30,7007
3702A,大聯大甲特,90,0,90,兆豐-竹北,2024-01-30,7007
2887E,台新戊特,80,0,80,兆豐-竹北,2024-01-30,7007
8084,巨虹,79,0,79,兆豐-竹北,2024-01-30,7007
2886,兆豐金,77,0,77,兆豐-竹北,2024-01-30,7007
2206,三陽工業,64,0,64,兆豐-竹北,2024-01-30,7007
5383,金利,45,0,45,兆豐-竹北,2024-01-30,7007
2881B,富邦金乙特,40,0,40,兆豐-竹北,2024-01-30,7007
00937B,群益ESG投等債20,38,0,38,兆豐-竹北,2024-01-30,7007
00687B,國泰20年美債,68,35,33,兆豐-竹北,2024-01-30,7007
2882,國泰金,33,0,33,兆豐-竹北,2024-01-30,7007
00933B,國泰10Y+金融債,32,0,32,兆豐-竹北,2024-01-30,7007
00680L,元大美債20正2,28,0,28,兆豐-竹北,2024-01-30,7007
00720B,元大投資級公司債,28,0,28,兆豐-竹北,2024-01-30,7007
2884,玉山金,37,10,27,兆豐-竹北,2024-01-30,7007
2329,華泰,92,68,24,兆豐-竹北,2024-01-30,7007
6291,沛亨,23,0,23,兆豐-竹北,2024-01-30,7007
2408,南亞科,22,0,22,兆豐-竹北,2024-01-30,7007
6462,神盾,36,14,22,兆豐-竹北,2024-01-30,7007
5876,上海商銀,21,0,21,兆豐-竹北,2024-01-30,7007
3535,晶彩科,22,1,21,兆豐-竹北,2024-01-30,7007
2890,永豐金,20,0,20,兆豐-竹北,2024-01-30,7007
3374,精材,20,0,20,兆豐-竹北,2024-01-30,7007
8105,凌巨,20,0,20,兆豐-竹北,2024-01-30,7007
9941A,裕融甲特,20,0,20,兆豐-竹北,2024-01-30,7007
00882,中信中國高股息,38,19,19,兆豐-竹北,2024-01-30,7007
00929,復華台灣科技優息,20,1,19,兆豐-竹北,2024-01-30,7007
00900,富邦特選高股息30,21,3,18,兆豐-竹北,2024-01-30,7007
1101B,台泥乙特,18,0,18,兆豐-竹北,2024-01-30,7007
2344,華邦電,18,1,17,兆豐-竹北,2024-01-30,7007
1795,美時,17,2,15,兆豐-竹北,2024-01-30,7007
2356,英業達,30,15,15,兆豐-竹北,2024-01-30,7007
00919,群益台灣精選高息,16,2,14,兆豐-竹北,2024-01-30,7007
00885,富邦越南,14,0,14,兆豐-竹北,2024-01-30,7007
5871A,中租-KY甲特,14,0,14,兆豐-竹北,2024-01-30,7007
2609,陽明,15,3,12,兆豐-竹北,2024-01-30,7007
6147,頎邦,12,0,12,兆豐-竹北,2024-01-30,7007
8210,勤誠,14,2,12,兆豐-竹北,2024-01-30,7007
2867,三商壽,11,0,11,兆豐-竹北,2024-01-30,7007
3025,星通,12,1,11,兆豐-竹北,2024-01-30,7007
4938,和碩,12,1,11,兆豐-竹北,2024-01-30,7007
4142,國光生,10,0,10,兆豐-竹北,2024-01-30,7007
6245,立端,14,4,10,兆豐-竹北,2024-01-30,7007
2486,一詮,34,24,10,兆豐-竹北,2024-01-30,7007
00715L,期街口布蘭特正2,10,1,9,兆豐-竹北,2024-01-30,7007
00753L,中信中國50正2,9,1,8,兆豐-竹北,2024-01-30,7007
00915,凱基優選高股息30,10,2,8,兆豐-竹北,2024-01-30,7007
2547,日勝生,8,0,8,兆豐-竹北,2024-01-30,7007
2732,六角,8,0,8,兆豐-竹北,2024-01-30,7007
6170,統振,8,0,8,兆豐-竹北,2024-01-30,7007
1316,上曜,116,9,107,兆豐-竹北,2024-01-31,7007
00752,中信中國50,104,0,104,兆豐-竹北,2024-01-31,7007
3702A,大聯大甲特,101,0,101,兆豐-竹北,2024-01-31,7007
2881B,富邦金乙特,100,0,100,兆豐-竹北,2024-01-31,7007
6016,康和證,100,0,100,兆豐-竹北,2024-01-31,7007
00680L,元大美債20正2,99,42,57,兆豐-竹北,2024-01-31,7007
00753L,中信中國50正2,40,0,40,兆豐-竹北,2024-01-31,7007
2329,華泰,98,58,40,兆豐-竹北,2024-01-31,7007
00918,大華優利高填息30,36,0,36,兆豐-竹北,2024-01-31,7007
3033,威健,32,0,32,兆豐-竹北,2024-01-31,7007
00637L,元大滬深300正2,30,0,30,兆豐-竹北,2024-01-31,7007
2891B,中信金乙特,30,0,30,兆豐-竹北,2024-01-31,7007
8084,巨虹,30,0,30,兆豐-竹北,2024-01-31,7007
00929,復華台灣科技優息,36,7,29,兆豐-竹北,2024-01-31,7007
00919,群益台灣精選高息,25,1,24,兆豐-竹北,2024-01-31,7007
00882,中信中國高股息,24,0,24,兆豐-竹北,2024-01-31,7007
2303,聯電,24,0,24,兆豐-竹北,2024-01-31,7007
3231,緯創,56,35,21,兆豐-竹北,2024-01-31,7007
00687B,國泰20年美債,41,20,21,兆豐-竹北,2024-01-31,7007
3030,德律,20,0,20,兆豐-竹北,2024-01-31,7007
4109,加捷生醫,29,9,20,兆豐-竹北,2024-01-31,7007
8930,青鋼,20,0,20,兆豐-竹北,2024-01-31,7007
2369,菱生,114,98,16,兆豐-竹北,2024-01-31,7007
6695,芯鼎,30,14,16,兆豐-竹北,2024-01-31,7007
2610,華航,15,0,15,兆豐-竹北,2024-01-31,7007
3715,定穎投控,17,3,14,兆豐-竹北,2024-01-31,7007
2330,台積電,20,6,14,兆豐-竹北,2024-01-31,7007
00888,永豐台灣ESG,12,0,12,兆豐-竹北,2024-01-31,7007
00679B,元大美債20年,12,0,12,兆豐-竹北,2024-01-31,7007
2206,三陽工業,12,0,12,兆豐-竹北,2024-01-31,7007
2374,佳能,12,0,12,兆豐-竹北,2024-01-31,7007
2363,矽統,14,2,12,兆豐-竹北,2024-01-31,7007
2609,陽明,11,0,11,兆豐-竹北,2024-01-31,7007
2515,中工,13,2,11,兆豐-竹北,2024-01-31,7007
2867,三商壽,11,0,11,兆豐-竹北,2024-01-31,7007
4960,誠美材,11,0,11,兆豐-竹北,2024-01-31,7007
9105,泰金寶-DR,11,0,11,兆豐-竹北,2024-01-31,7007
00720B,元大投資級公司債,10,0,10,兆豐-竹北,2024-01-31,7007
3437,榮創,10,0,10,兆豐-竹北,2024-01-31,7007
5443,均豪,10,0,10,兆豐-竹北,2024-01-31,7007
6589,台康生技,10,0,10,兆豐-竹北,2024-01-31,7007
2426,鼎元,20,11,9,兆豐-竹北,2024-01-31,7007
2465,麗臺,16,7,9,兆豐-竹北,2024-01-31,7007
2633,台灣高鐵,10,1,9,兆豐-竹北,2024-01-31,7007
6270,倍微,20,11,9,兆豐-竹北,2024-01-31,7007
6284,佳邦,9,0,9,兆豐-竹北,2024-01-31,7007
00725B,國泰投資級公司債,8,0,8,兆豐-竹北,2024-01-31,7007
00933B,國泰10Y+金融債,8,0,8,兆豐-竹北,2024-01-31,7007
2606,裕民,7,0,7,兆豐-竹北,2024-01-31,7007
3376,新日興,10,3,7,兆豐-竹北,2024-01-31,7007
00753L,中信中國50正2,375,27,348,兆豐-竹北,2024-02-01,7007
00929,復華台灣科技優息,95,0,95,兆豐-竹北,2024-02-01,7007
00937B,群益ESG投等債20,85,1,84,兆豐-竹北,2024-02-01,7007
2812,台中銀,80,2,78,兆豐-竹北,2024-02-01,7007
00680L,元大美債20正2,89,20,69,兆豐-竹北,2024-02-01,7007
2457,飛宏,60,0,60,兆豐-竹北,2024-02-01,7007
00878,國泰永續高股息,45,1,44,兆豐-竹北,2024-02-01,7007
00923,群益台ESG低碳50,42,0,42,兆豐-竹北,2024-02-01,7007
00715L,期街口布蘭特正2,30,0,30,兆豐-竹北,2024-02-01,7007
00882,中信中國高股息,27,0,27,兆豐-竹北,2024-02-01,7007
1605,華新,30,3,27,兆豐-竹北,2024-02-01,7007
6207,雷科,26,0,26,兆豐-竹北,2024-02-01,7007
3354,律勝,31,6,25,兆豐-竹北,2024-02-01,7007
8084,巨虹,25,0,25,兆豐-竹北,2024-02-01,7007
3481,群創,33,10,23,兆豐-竹北,2024-02-01,7007
00712,復華富時不動產,22,2,20,兆豐-竹北,2024-02-01,7007
00881,國泰台灣5G+,20,0,20,兆豐-竹北,2024-02-01,7007
00665L,富邦�琤肭磪囓�2,20,0,20,兆豐-竹北,2024-02-01,7007
00752,中信中國50,20,0,20,兆豐-竹北,2024-02-01,7007
00888,永豐台灣ESG,20,0,20,兆豐-竹北,2024-02-01,7007
3036A,文曄甲特,20,0,20,兆豐-竹北,2024-02-01,7007
6219,富旺,20,0,20,兆豐-竹北,2024-02-01,7007
6265,方土昶,22,2,20,兆豐-竹北,2024-02-01,7007
8028,昇陽半導體,20,0,20,兆豐-竹北,2024-02-01,7007
2241,艾姆勒,19,0,19,兆豐-竹北,2024-02-01,7007
3712,永崴投控,23,4,19,兆豐-竹北,2024-02-01,7007
3363,上詮,46,28,18,兆豐-竹北,2024-02-01,7007
4142,國光生,18,0,18,兆豐-竹北,2024-02-01,7007
3312,弘憶股,23,6,17,兆豐-竹北,2024-02-01,7007
9906,欣巴巴,13,0,13,兆豐-竹北,2024-02-01,7007
2409,友達,12,0,12,兆豐-竹北,2024-02-01,7007
3694,海華,21,9,12,兆豐-竹北,2024-02-01,7007
2603,長榮,32,21,11,兆豐-竹北,2024-02-01,7007
2461,光群雷,11,0,11,兆豐-竹北,2024-02-01,7007
5251,天鉞電,20,9,11,兆豐-竹北,2024-02-01,7007
1418,東華,16,6,10,兆豐-竹北,2024-02-01,7007
2025,千興,10,0,10,兆豐-竹北,2024-02-01,7007
3030,德律,10,0,10,兆豐-竹北,2024-02-01,7007
3050,鈺德,10,0,10,兆豐-竹北,2024-02-01,7007
5009,榮剛,10,0,10,兆豐-竹北,2024-02-01,7007
6140,訊達,10,0,10,兆豐-竹北,2024-02-01,7007
8048,德勝,10,0,10,兆豐-竹北,2024-02-01,7007
5487,通泰,10,0,10,兆豐-竹北,2024-02-01,7007
8068,全達,12,2,10,兆豐-竹北,2024-02-01,7007
3231,緯創,15,6,9,兆豐-竹北,2024-02-01,7007
00919,群益台灣精選高息,8,0,8,兆豐-竹北,2024-02-01,7007
3706,神達,15,7,8,兆豐-竹北,2024-02-01,7007
3615,安可,9,1,8,兆豐-竹北,2024-02-01,7007
5512,力麒,10,2,8,兆豐-竹北,2024-02-01,7007
00687B,國泰20年美債,23,15,8,兆豐-竹北,2024-02-01,7007
2390,云辰,121,1,120,兆豐-竹北,2024-02-02,7007
00752,中信中國50,100,0,100,兆豐-竹北,2024-02-02,7007
00933B,國泰10Y+金融債,110,11,99,兆豐-竹北,2024-02-02,7007
00753L,中信中國50正2,96,21,75,兆豐-竹北,2024-02-02,7007
00919,群益台灣精選高息,71,1,70,兆豐-竹北,2024-02-02,7007
00929,復華台灣科技優息,68,3,65,兆豐-竹北,2024-02-02,7007
00680L,元大美債20正2,59,0,59,兆豐-竹北,2024-02-02,7007
9105,泰金寶-DR,59,0,59,兆豐-竹北,2024-02-02,7007
8936,國統,55,12,43,兆豐-竹北,2024-02-02,7007
00712,復華富時不動產,42,0,42,兆豐-竹北,2024-02-02,7007
8028,昇陽半導體,41,0,41,兆豐-竹北,2024-02-02,7007
2303,聯電,40,2,38,兆豐-竹北,2024-02-02,7007
2353,宏��,36,4,32,兆豐-竹北,2024-02-02,7007
3360,尚立,31,1,30,兆豐-竹北,2024-02-02,7007
6667,信紘科,43,21,22,兆豐-竹北,2024-02-02,7007
1795,美時,21,0,21,兆豐-竹北,2024-02-02,7007
3711,日月光投控,21,0,21,兆豐-竹北,2024-02-02,7007
4155,訊映,20,0,20,兆豐-竹北,2024-02-02,7007
3231,緯創,273,253,20,兆豐-竹北,2024-02-02,7007
6770,力積電,23,4,19,兆豐-竹北,2024-02-02,7007
1616,億泰,19,0,19,兆豐-竹北,2024-02-02,7007
4142,國光生,17,0,17,兆豐-竹北,2024-02-02,7007
3313,斐成,16,0,16,兆豐-竹北,2024-02-02,7007
4746,台耀,15,0,15,兆豐-竹北,2024-02-02,7007
00715L,期街口布蘭特正2,13,0,13,兆豐-竹北,2024-02-02,7007
00688L,國泰20年美債正2,22,10,12,兆豐-竹北,2024-02-02,7007
4123,晟德,12,0,12,兆豐-竹北,2024-02-02,7007
6243,迅杰,24,12,12,兆豐-竹北,2024-02-02,7007
00882,中信中國高股息,11,0,11,兆豐-竹北,2024-02-02,7007
00642U,期元大S＆P石油,11,0,11,兆豐-竹北,2024-02-02,7007
00637L,元大滬深300正2,11,0,11,兆豐-竹北,2024-02-02,7007
3268,海德威,13,2,11,兆豐-竹北,2024-02-02,7007
00632R,元大台灣50反1,10,0,10,兆豐-竹北,2024-02-02,7007
00645,富邦日本,10,0,10,兆豐-竹北,2024-02-02,7007
00934,中信成長高股息,10,0,10,兆豐-竹北,2024-02-02,7007
2606,裕民,10,0,10,兆豐-竹北,2024-02-02,7007
3587,閎康,14,4,10,兆豐-竹北,2024-02-02,7007
3706,神達,10,0,10,兆豐-竹北,2024-02-02,7007
2301,光寶科,70,60,10,兆豐-竹北,2024-02-02,7007
5272,笙科,11,1,10,兆豐-竹北,2024-02-02,7007
6285,啟��,11,2,9,兆豐-竹北,2024-02-02,7007
3704,合勤控,9,0,9,兆豐-竹北,2024-02-02,7007
3712,永崴投控,11,2,9,兆豐-竹北,2024-02-02,7007
5269,祥碩,9,1,8,兆豐-竹北,2024-02-02,7007
00679B,元大美債20年,16,9,7,兆豐-竹北,2024-02-02,7007
1101,台泥,7,0,7,兆豐-竹北,2024-02-02,7007
1609,大亞,7,0,7,兆豐-竹北,2024-02-02,7007
00907,永豐優息存股,7,0,7,兆豐-竹北,2024-02-02,7007
2504,國產,7,0,7,兆豐-竹北,2024-02-02,7007
2603,長榮,7,0,7,兆豐-竹北,2024-02-02,7007
00687B,國泰20年美債,147,11,136,兆豐-竹北,2024-02-05,7007
00642U,期元大S＆P石油,128,0,128,兆豐-竹北,2024-02-05,7007
00680L,元大美債20正2,97,0,97,兆豐-竹北,2024-02-05,7007
00919,群益台灣精選高息,86,9,77,兆豐-竹北,2024-02-05,7007
00929,復華台灣科技優息,117,41,76,兆豐-竹北,2024-02-05,7007
00933B,國泰10Y+金融債,62,5,57,兆豐-竹北,2024-02-05,7007
00878,國泰永續高股息,98,42,56,兆豐-竹北,2024-02-05,7007
00679B,元大美債20年,67,12,55,兆豐-竹北,2024-02-05,7007
3363,上詮,50,1,49,兆豐-竹北,2024-02-05,7007
2301,光寶科,109,61,48,兆豐-竹北,2024-02-05,7007
00937B,群益ESG投等債20,38,0,38,兆豐-竹北,2024-02-05,7007
2303,聯電,38,2,36,兆豐-竹北,2024-02-05,7007
00720B,元大投資級公司債,33,0,33,兆豐-竹北,2024-02-05,7007
00715L,期街口布蘭特正2,28,0,28,兆豐-竹北,2024-02-05,7007
2884,玉山金,26,0,26,兆豐-竹北,2024-02-05,7007
2867,三商壽,50,25,25,兆豐-竹北,2024-02-05,7007
8936,國統,29,4,25,兆豐-竹北,2024-02-05,7007
5383,金利,22,0,22,兆豐-竹北,2024-02-05,7007
1722,台肥,21,0,21,兆豐-竹北,2024-02-05,7007
00706L,期元大S＆P日圓正2,21,0,21,兆豐-竹北,2024-02-05,7007
3313,斐成,21,0,21,兆豐-竹北,2024-02-05,7007
00671R,富邦NASDAQ反1,20,0,20,兆豐-竹北,2024-02-05,7007
00931B,統一美債20年,17,0,17,兆豐-竹北,2024-02-05,7007
1418,東華,16,0,16,兆豐-竹北,2024-02-05,7007
3037,欣興,17,1,16,兆豐-竹北,2024-02-05,7007
1528,恩德,15,0,15,兆豐-竹北,2024-02-05,7007
8086,宏捷科,17,2,15,兆豐-竹北,2024-02-05,7007
6789,采鈺,15,1,14,兆豐-竹北,2024-02-05,7007
00751B,元大AAA至A公司債,13,0,13,兆豐-竹北,2024-02-05,7007
2409,友達,13,0,13,兆豐-竹北,2024-02-05,7007
2429,銘旺科,13,0,13,兆豐-竹北,2024-02-05,7007
3047,訊舟,13,0,13,兆豐-竹北,2024-02-05,7007
3704,合勤控,12,0,12,兆豐-竹北,2024-02-05,7007
4967,十銓,12,0,12,兆豐-竹北,2024-02-05,7007
00922,國泰台灣領袖50,11,0,11,兆豐-竹北,2024-02-05,7007
3535,晶彩科,11,0,11,兆豐-竹北,2024-02-05,7007
8064,東捷,11,0,11,兆豐-竹北,2024-02-05,7007
00850,元大臺灣ESG永續,10,0,10,兆豐-竹北,2024-02-05,7007
3483,力致,14,4,10,兆豐-竹北,2024-02-05,7007
00632R,元大台灣50反1,10,0,10,兆豐-竹北,2024-02-05,7007
1809,中釉,10,0,10,兆豐-竹北,2024-02-05,7007
2355,敬鵬,11,1,10,兆豐-竹北,2024-02-05,7007
2455,全新,10,0,10,兆豐-竹北,2024-02-05,7007
2489,瑞軒,10,0,10,兆豐-竹北,2024-02-05,7007
2762,世界健身-KY,10,0,10,兆豐-竹北,2024-02-05,7007
3354,律勝,34,24,10,兆豐-竹北,2024-02-05,7007
5443,均豪,10,0,10,兆豐-竹北,2024-02-05,7007
6129,普誠,10,0,10,兆豐-竹北,2024-02-05,7007
6245,立端,10,0,10,兆豐-竹北,2024-02-05,7007
8048,德勝,10,0,10,兆豐-竹北,2024-02-05,7007
00720B,元大投資級公司債,320,1,319,兆豐-竹北,2024-02-15,7007
00687B,國泰20年美債,216,0,216,兆豐-竹北,2024-02-15,7007
2365,昆盈,180,19,161,兆豐-竹北,2024-02-15,7007
00679B,元大美債20年,143,0,143,兆豐-竹北,2024-02-15,7007
00688L,國泰20年美債正2,126,0,126,兆豐-竹北,2024-02-15,7007
00931B,統一美債20年,112,0,112,兆豐-竹北,2024-02-15,7007
00680L,元大美債20正2,110,0,110,兆豐-竹北,2024-02-15,7007
00937B,群益ESG投等債20,103,9,94,兆豐-竹北,2024-02-15,7007
6143,振曜,67,0,67,兆豐-竹北,2024-02-15,7007
00933B,國泰10Y+金融債,75,16,59,兆豐-竹北,2024-02-15,7007
00751B,元大AAA至A公司債,45,0,45,兆豐-竹北,2024-02-15,7007
1815,富喬,40,0,40,兆豐-竹北,2024-02-15,7007
00637L,元大滬深300正2,57,17,40,兆豐-竹北,2024-02-15,7007
3005,神基,40,1,39,兆豐-竹北,2024-02-15,7007
00878,國泰永續高股息,52,14,38,兆豐-竹北,2024-02-15,7007
2618,長榮航,40,3,37,兆豐-竹北,2024-02-15,7007
00752,中信中國50,42,6,36,兆豐-竹北,2024-02-15,7007
2888,新光金,37,2,35,兆豐-竹北,2024-02-15,7007
00919,群益台灣精選高息,46,12,34,兆豐-竹北,2024-02-15,7007
00712,復華富時不動產,50,17,33,兆豐-竹北,2024-02-15,7007
2344,華邦電,39,8,31,兆豐-竹北,2024-02-15,7007
6770,力積電,31,1,30,兆豐-竹北,2024-02-15,7007
2610,華航,28,2,26,兆豐-竹北,2024-02-15,7007
3231,緯創,113,91,22,兆豐-竹北,2024-02-15,7007
3035,智原,30,10,20,兆豐-竹北,2024-02-15,7007
2439,美律,20,0,20,兆豐-竹北,2024-02-15,7007
6153,嘉聯益,22,2,20,兆豐-竹北,2024-02-15,7007
3294,英濟,31,12,19,兆豐-竹北,2024-02-15,7007
00830,國泰費城半導體,18,0,18,兆豐-竹北,2024-02-15,7007
00795B,中信美國公債20年,17,0,17,兆豐-竹北,2024-02-15,7007
00722B,群益投資級電信債,17,0,17,兆豐-竹北,2024-02-15,7007
3593,力銘,17,0,17,兆豐-竹北,2024-02-15,7007
6288,聯嘉,20,3,17,兆豐-竹北,2024-02-15,7007
9933,中鼎,17,0,17,兆豐-竹北,2024-02-15,7007
2002,中鋼,16,1,15,兆豐-竹北,2024-02-15,7007
2916,滿心,15,0,15,兆豐-竹北,2024-02-15,7007
3013,晟銘電,17,2,15,兆豐-竹北,2024-02-15,7007
6591,動力-KY,13,0,13,兆豐-竹北,2024-02-15,7007
6147,頎邦,12,0,12,兆豐-竹北,2024-02-15,7007
5457,宣德,14,2,12,兆豐-竹北,2024-02-15,7007
8044,網家,12,0,12,兆豐-竹北,2024-02-15,7007
2206,三陽工業,11,0,11,兆豐-竹北,2024-02-15,7007
4714,永捷,11,0,11,兆豐-竹北,2024-02-15,7007
2408,南亞科,14,3,11,兆豐-竹北,2024-02-15,7007
3481,群創,16,6,10,兆豐-竹北,2024-02-15,7007
00632R,元大台灣50反1,192,182,10,兆豐-竹北,2024-02-15,7007
00671R,富邦NASDAQ反1,10,0,10,兆豐-竹北,2024-02-15,7007
00916,國泰全球品牌50,10,0,10,兆豐-竹北,2024-02-15,7007
1806,冠軍,10,0,10,兆豐-竹北,2024-02-15,7007
2834,臺企銀,10,0,10,兆豐-竹北,2024-02-15,7007
00937B,群益ESG投等債20,208,2,206,兆豐-竹北,2024-02-16,7007
6290,良維,216,41,175,兆豐-竹北,2024-02-16,7007
00687B,國泰20年美債,108,2,106,兆豐-竹北,2024-02-16,7007
00706L,期元大S＆P日圓正2,100,0,100,兆豐-竹北,2024-02-16,7007
6016,康和證,100,0,100,兆豐-竹北,2024-02-16,7007
00679B,元大美債20年,57,0,57,兆豐-竹北,2024-02-16,7007
00712,復華富時不動產,59,4,55,兆豐-竹北,2024-02-16,7007
6197,佳必琪,64,12,52,兆豐-竹北,2024-02-16,7007
3356,奇偶,51,0,51,兆豐-竹北,2024-02-16,7007
00919,群益台灣精選高息,49,4,45,兆豐-竹北,2024-02-16,7007
00720B,元大投資級公司債,39,0,39,兆豐-竹北,2024-02-16,7007
2352,佳世達,47,13,34,兆豐-竹北,2024-02-16,7007
4714,永捷,40,7,33,兆豐-竹北,2024-02-16,7007
3483,力致,34,3,31,兆豐-竹北,2024-02-16,7007
2834,臺企銀,30,0,30,兆豐-竹北,2024-02-16,7007
3038,全台,27,1,26,兆豐-竹北,2024-02-16,7007
1809,中釉,26,0,26,兆豐-竹北,2024-02-16,7007
00878,國泰永續高股息,30,5,25,兆豐-竹北,2024-02-16,7007
00751B,元大AAA至A公司債,22,0,22,兆豐-竹北,2024-02-16,7007
1316,上曜,27,5,22,兆豐-竹北,2024-02-16,7007
6901,鑽石投資,28,6,22,兆豐-竹北,2024-02-16,7007
00772B,中信高評級公司債,21,0,21,兆豐-竹北,2024-02-16,7007
00933B,國泰10Y+金融債,21,0,21,兆豐-竹北,2024-02-16,7007
2609,陽明,24,3,21,兆豐-竹北,2024-02-16,7007
00753L,中信中國50正2,20,1,19,兆豐-竹北,2024-02-16,7007
3231,緯創,90,73,17,兆豐-竹北,2024-02-16,7007
00795B,中信美國公債20年,17,0,17,兆豐-竹北,2024-02-16,7007
00882,中信中國高股息,15,0,15,兆豐-竹北,2024-02-16,7007
4743,合一,16,1,15,兆豐-竹北,2024-02-16,7007
2812,台中銀,13,0,13,兆豐-竹北,2024-02-16,7007
3035,智原,19,5,14,兆豐-竹北,2024-02-16,7007
3163,波若威,14,1,13,兆豐-竹北,2024-02-16,7007
2308,台達電,14,2,12,兆豐-竹北,2024-02-16,7007
00764B,群益25年美債,12,0,12,兆豐-竹北,2024-02-16,7007
5603,陸海,12,0,12,兆豐-竹北,2024-02-16,7007
00680L,元大美債20正2,11,0,11,兆豐-竹北,2024-02-16,7007
3596,智易,12,1,11,兆豐-竹北,2024-02-16,7007
3711,日月光投控,13,2,11,兆豐-竹北,2024-02-16,7007
6806,森崴能源,19,9,10,兆豐-竹北,2024-02-16,7007
00688L,國泰20年美債正2,10,0,10,兆豐-竹北,2024-02-16,7007
00931B,統一美債20年,10,0,10,兆豐-竹北,2024-02-16,7007
2439,美律,10,0,10,兆豐-竹北,2024-02-16,7007
2455,全新,17,7,10,兆豐-竹北,2024-02-16,7007
2851,中再保,10,0,10,兆豐-竹北,2024-02-16,7007
2883,凱基金,10,0,10,兆豐-竹北,2024-02-16,7007
3010,華立,10,0,10,兆豐-竹北,2024-02-16,7007
3083,網龍,10,0,10,兆豐-竹北,2024-02-16,7007
3701,大眾控,10,0,10,兆豐-竹北,2024-02-16,7007
4414,如興,10,0,10,兆豐-竹北,2024-02-16,7007
4533,協易機,10,0,10,兆豐-竹北,2024-02-16,7007
2409,友達,203,11,192,兆豐-竹北,2024-02-19,7007
00937B,群益ESG投等債20,140,0,140,兆豐-竹北,2024-02-19,7007
00878,國泰永續高股息,116,0,116,兆豐-竹北,2024-02-19,7007
2365,昆盈,184,83,101,兆豐-竹北,2024-02-19,7007
6288,聯嘉,83,1,82,兆豐-竹北,2024-02-19,7007
3702A,大聯大甲特,80,0,80,兆豐-竹北,2024-02-19,7007
5871A,中租-KY甲特,80,0,80,兆豐-竹北,2024-02-19,7007
2329,華泰,139,61,78,兆豐-竹北,2024-02-19,7007
2387,精元,82,9,73,兆豐-竹北,2024-02-19,7007
1316,上曜,75,5,70,兆豐-竹北,2024-02-19,7007
2486,一詮,70,0,70,兆豐-竹北,2024-02-19,7007
2303,聯電,62,0,62,兆豐-竹北,2024-02-19,7007
00679B,元大美債20年,68,11,57,兆豐-竹北,2024-02-19,7007
8163,達方,57,0,57,兆豐-竹北,2024-02-19,7007
00919,群益台灣精選高息,60,4,56,兆豐-竹北,2024-02-19,7007
9105,泰金寶-DR,55,0,55,兆豐-竹北,2024-02-19,7007
00720B,元大投資級公司債,50,0,50,兆豐-竹北,2024-02-19,7007
2353,宏��,51,5,46,兆豐-竹北,2024-02-19,7007
00933B,國泰10Y+金融債,42,0,42,兆豐-竹北,2024-02-19,7007
3041,揚智,51,12,39,兆豐-竹北,2024-02-19,7007
6197,佳必琪,46,8,38,兆豐-竹北,2024-02-19,7007
00929,復華台灣科技優息,69,31,38,兆豐-竹北,2024-02-19,7007
2515,中工,34,1,33,兆豐-竹北,2024-02-19,7007
2009,第一銅,32,0,32,兆豐-竹北,2024-02-19,7007
00687B,國泰20年美債,53,21,32,兆豐-竹北,2024-02-19,7007
00751B,元大AAA至A公司債,31,0,31,兆豐-竹北,2024-02-19,7007
00725B,國泰投資級公司債,30,0,30,兆豐-竹北,2024-02-19,7007
2882B,國泰金乙特,30,0,30,兆豐-竹北,2024-02-19,7007
3024,憶聲,30,0,30,兆豐-竹北,2024-02-19,7007
8091,翔名,44,14,30,兆豐-竹北,2024-02-19,7007
1809,中釉,35,6,29,兆豐-竹北,2024-02-19,7007
3450,聯鈞,45,18,27,兆豐-竹北,2024-02-19,7007
00772B,中信高評級公司債,23,0,23,兆豐-竹北,2024-02-19,7007
6112,邁達特,22,0,22,兆豐-竹北,2024-02-19,7007
1584,精剛,21,0,21,兆豐-竹北,2024-02-19,7007
2206,三陽工業,23,2,21,兆豐-竹北,2024-02-19,7007
00722B,群益投資級電信債,20,0,20,兆豐-竹北,2024-02-19,7007
3047,訊舟,25,5,20,兆豐-竹北,2024-02-19,7007
2356,英業達,34,15,19,兆豐-竹北,2024-02-19,7007
6695,芯鼎,20,2,18,兆豐-竹北,2024-02-19,7007
2609,陽明,20,3,17,兆豐-竹北,2024-02-19,7007
2867,三商壽,20,3,17,兆豐-竹北,2024-02-19,7007
3615,安可,20,3,17,兆豐-竹北,2024-02-19,7007
3535,晶彩科,22,6,16,兆豐-竹北,2024-02-19,7007
8936,國統,23,7,16,兆豐-竹北,2024-02-19,7007
00850,元大臺灣ESG永續,16,1,15,兆豐-竹北,2024-02-19,7007
2630,亞航,15,0,15,兆豐-竹北,2024-02-19,7007
3260,威剛,21,6,15,兆豐-竹北,2024-02-19,7007
0056,元大高股息,18,4,14,兆豐-竹北,2024-02-19,7007
3231,緯創,102,88,14,兆豐-竹北,2024-02-19,7007
00753L,中信中國50正2,215,0,215,兆豐-竹北,2024-02-20,7007
6290,良維,656,466,190,兆豐-竹北,2024-02-20,7007
9105,泰金寶-DR,102,0,102,兆豐-竹北,2024-02-20,7007
00679B,元大美債20年,95,8,87,兆豐-竹北,2024-02-20,7007
00937B,群益ESG投等債20,71,0,71,兆豐-竹北,2024-02-20,7007
00632R,元大台灣50反1,60,0,60,兆豐-竹北,2024-02-20,7007
3363,上詮,75,26,49,兆豐-竹北,2024-02-20,7007
1101B,台泥乙特,47,0,47,兆豐-竹北,2024-02-20,7007
3702A,大聯大甲特,40,0,40,兆豐-竹北,2024-02-20,7007
4960,誠美材,39,3,36,兆豐-竹北,2024-02-20,7007
6125,廣運,49,14,35,兆豐-竹北,2024-02-20,7007
00919,群益台灣精選高息,49,18,31,兆豐-竹北,2024-02-20,7007
2206,三陽工業,30,0,30,兆豐-竹北,2024-02-20,7007
2303,聯電,32,2,30,兆豐-竹北,2024-02-20,7007
2486,一詮,31,1,30,兆豐-竹北,2024-02-20,7007
00878,國泰永續高股息,41,11,30,兆豐-竹北,2024-02-20,7007
3231,緯創,68,38,30,兆豐-竹北,2024-02-20,7007
00687B,國泰20年美債,30,0,30,兆豐-竹北,2024-02-20,7007
5381,合正,29,0,29,兆豐-竹北,2024-02-20,7007
3178,公準,23,1,22,兆豐-竹北,2024-02-20,7007
9945,潤泰新,22,1,21,兆豐-竹北,2024-02-20,7007
2887E,台新戊特,20,0,20,兆豐-竹北,2024-02-20,7007
1809,中釉,31,13,18,兆豐-竹北,2024-02-20,7007
3706,神達,21,4,17,兆豐-竹北,2024-02-20,7007
00885,富邦越南,16,0,16,兆豐-竹北,2024-02-20,7007
00720B,元大投資級公司債,16,0,16,兆豐-竹北,2024-02-20,7007
4707,磐亞,16,0,16,兆豐-竹北,2024-02-20,7007
6126,信音,18,2,16,兆豐-竹北,2024-02-20,7007
2365,昆盈,22,7,15,兆豐-竹北,2024-02-20,7007
2881B,富邦金乙特,15,0,15,兆豐-竹北,2024-02-20,7007
1455,集盛,32,17,15,兆豐-竹北,2024-02-20,7007
6684,安格,15,1,14,兆豐-竹北,2024-02-20,7007
1313,聯成,15,1,14,兆豐-竹北,2024-02-20,7007
2489,瑞軒,14,0,14,兆豐-竹北,2024-02-20,7007
2482,連宇,12,0,12,兆豐-竹北,2024-02-20,7007
5426,振發,22,10,12,兆豐-竹北,2024-02-20,7007
3294,英濟,12,0,12,兆豐-竹北,2024-02-20,7007
3712,永崴投控,12,1,11,兆豐-竹北,2024-02-20,7007
00933B,國泰10Y+金融債,11,0,11,兆豐-竹北,2024-02-20,7007
2610,華航,11,0,11,兆豐-竹北,2024-02-20,7007
6274,台燿,11,1,10,兆豐-竹北,2024-02-20,7007
1731,美吾華,10,0,10,兆豐-竹北,2024-02-20,7007
2337,旺宏,10,0,10,兆豐-竹北,2024-02-20,7007
2867,三商壽,10,0,10,兆豐-竹北,2024-02-20,7007
3206,志豐,10,0,10,兆豐-竹北,2024-02-20,7007
4123,晟德,10,0,10,兆豐-竹北,2024-02-20,7007
8112,至上,10,1,9,兆豐-竹北,2024-02-20,7007
0056,元大高股息,14,5,9,兆豐-竹北,2024-02-20,7007
00918,大華優利高填息30,10,2,8,兆豐-竹北,2024-02-20,7007
00712,復華富時不動產,8,0,8,兆豐-竹北,2024-02-20,7007
00878,國泰永續高股息,128,15,113,兆豐-竹北,2024-02-21,7007
00632R,元大台灣50反1,105,0,105,兆豐-竹北,2024-02-21,7007
00937B,群益ESG投等債20,97,0,97,兆豐-竹北,2024-02-21,7007
00933B,國泰10Y+金融債,82,0,82,兆豐-竹北,2024-02-21,7007
2881B,富邦金乙特,60,0,60,兆豐-竹北,2024-02-21,7007
2836A,高雄銀甲特,50,0,50,兆豐-竹北,2024-02-21,7007
2882B,國泰金乙特,50,0,50,兆豐-竹北,2024-02-21,7007
3363,上詮,81,32,49,兆豐-竹北,2024-02-21,7007
1314,中石化,42,0,42,兆豐-竹北,2024-02-21,7007
00751B,元大AAA至A公司債,37,0,37,兆豐-竹北,2024-02-21,7007
2369,菱生,37,1,36,兆豐-竹北,2024-02-21,7007
00850,元大臺灣ESG永續,40,7,33,兆豐-竹北,2024-02-21,7007
6143,振曜,29,0,29,兆豐-竹北,2024-02-21,7007
3437,榮創,26,1,25,兆豐-竹北,2024-02-21,7007
2303,聯電,39,17,22,兆豐-竹北,2024-02-21,7007
00712,復華富時不動產,21,0,21,兆豐-竹北,2024-02-21,7007
3706,神達,21,0,21,兆豐-竹北,2024-02-21,7007
00679B,元大美債20年,29,9,20,兆豐-竹北,2024-02-21,7007
3702A,大聯大甲特,20,0,20,兆豐-竹北,2024-02-21,7007
6592B,和潤企業乙特,20,0,20,兆豐-竹北,2024-02-21,7007
2641,正德,20,1,19,兆豐-竹北,2024-02-21,7007
00753L,中信中國50正2,30,12,18,兆豐-竹北,2024-02-21,7007
3545,敦泰,18,0,18,兆豐-竹北,2024-02-21,7007
00929,復華台灣科技優息,45,28,17,兆豐-竹北,2024-02-21,7007
0056,元大高股息,33,17,16,兆豐-竹北,2024-02-21,7007
2609,陽明,22,6,16,兆豐-竹北,2024-02-21,7007
2460,建通,24,8,16,兆豐-竹北,2024-02-21,7007
2302,麗正,15,0,15,兆豐-竹北,2024-02-21,7007
3047,訊舟,21,6,15,兆豐-竹北,2024-02-21,7007
2887F,台新戊特二,14,0,14,兆豐-竹北,2024-02-21,7007
3042,晶技,15,1,14,兆豐-竹北,2024-02-21,7007
5603,陸海,14,0,14,兆豐-竹北,2024-02-21,7007
6282,康舒,16,2,14,兆豐-竹北,2024-02-21,7007
00720B,元大投資級公司債,13,0,13,兆豐-竹北,2024-02-21,7007
2332,友訊,13,0,13,兆豐-竹北,2024-02-21,7007
4142,國光生,12,0,12,兆豐-竹北,2024-02-21,7007
6245,立端,12,0,12,兆豐-竹北,2024-02-21,7007
8996,高力,14,2,12,兆豐-竹北,2024-02-21,7007
3376,新日興,14,2,12,兆豐-竹北,2024-02-21,7007
2344,華邦電,21,10,11,兆豐-竹北,2024-02-21,7007
2353,宏��,14,3,11,兆豐-竹北,2024-02-21,7007
2367,燿華,11,0,11,兆豐-竹北,2024-02-21,7007
6578,達邦蛋白,11,0,11,兆豐-竹北,2024-02-21,7007
2886,兆豐金,12,1,11,兆豐-竹北,2024-02-21,7007
00936,台新永續高息中小,10,0,10,兆豐-竹北,2024-02-21,7007
2605,新興,21,11,10,兆豐-竹北,2024-02-21,7007
6235,華孚,10,0,10,兆豐-竹北,2024-02-21,7007
6244,茂迪,10,0,10,兆豐-竹北,2024-02-21,7007
6603,富強鑫,10,0,10,兆豐-竹北,2024-02-21,7007
00656R,國泰中國A50反1,9,0,9,兆豐-竹北,2024-02-21,7007
2881B,富邦金乙特,130,0,130,兆豐-竹北,2024-02-22,7007
2303,聯電,121,1,120,兆豐-竹北,2024-02-22,7007
00680L,元大美債20正2,114,0,114,兆豐-竹北,2024-02-22,7007
00919,群益台灣精選高息,110,2,108,兆豐-竹北,2024-02-22,7007
3036A,文曄甲特,90,0,90,兆豐-竹北,2024-02-22,7007
00878,國泰永續高股息,98,9,89,兆豐-竹北,2024-02-22,7007
00637L,元大滬深300正2,237,161,76,兆豐-竹北,2024-02-22,7007
2371,大同,123,50,73,兆豐-竹北,2024-02-22,7007
3231,緯創,87,23,64,兆豐-竹北,2024-02-22,7007
2369,菱生,68,5,63,兆豐-竹北,2024-02-22,7007
2449,京元電子,71,12,59,兆豐-竹北,2024-02-22,7007
00720B,元大投資級公司債,48,0,48,兆豐-竹北,2024-02-22,7007
2887,台新金,44,1,43,兆豐-竹北,2024-02-22,7007
2882B,國泰金乙特,40,0,40,兆豐-竹北,2024-02-22,7007
2489,瑞軒,70,37,33,兆豐-竹北,2024-02-22,7007
3437,榮創,50,18,32,兆豐-竹北,2024-02-22,7007
00850,元大臺灣ESG永續,30,0,30,兆豐-竹北,2024-02-22,7007
00937B,群益ESG投等債20,29,0,29,兆豐-竹北,2024-02-22,7007
00687B,國泰20年美債,58,30,28,兆豐-竹北,2024-02-22,7007
00679B,元大美債20年,27,1,26,兆豐-竹北,2024-02-22,7007
00713,元大台灣高息低波,25,0,25,兆豐-竹北,2024-02-22,7007
00665L,富邦�琤肭磪囓�2,31,8,23,兆豐-竹北,2024-02-22,7007
1314,中石化,22,0,22,兆豐-竹北,2024-02-22,7007
00671R,富邦NASDAQ反1,20,0,20,兆豐-竹北,2024-02-22,7007
3689,湧德,26,6,20,兆豐-竹北,2024-02-22,7007
3663,鑫科,24,5,19,兆豐-竹北,2024-02-22,7007
00933B,國泰10Y+金融債,18,0,18,兆豐-竹北,2024-02-22,7007
2610,華航,30,13,17,兆豐-竹北,2024-02-22,7007
2481,強茂,16,0,16,兆豐-竹北,2024-02-22,7007
3221,台嘉碩,18,2,16,兆豐-竹北,2024-02-22,7007
1503,士電,54,38,16,兆豐-竹北,2024-02-22,7007
0056,元大高股息,21,6,15,兆豐-竹北,2024-02-22,7007
00929,復華台灣科技優息,36,21,15,兆豐-竹北,2024-02-22,7007
3005,神基,15,1,14,兆豐-竹北,2024-02-22,7007
3481,群創,13,0,13,兆豐-竹北,2024-02-22,7007
2360,致茂,14,1,13,兆豐-竹北,2024-02-22,7007
910322,康師傅-DR,12,0,12,兆豐-竹北,2024-02-22,7007
2421,建準,14,2,12,兆豐-竹北,2024-02-22,7007
2329,華泰,55,43,12,兆豐-竹北,2024-02-22,7007
00751B,元大AAA至A公司債,12,0,12,兆豐-竹北,2024-02-22,7007
00632R,元大台灣50反1,11,0,11,兆豐-竹北,2024-02-22,7007
6668,中揚光,14,3,11,兆豐-竹北,2024-02-22,7007
2388,威盛,11,0,11,兆豐-竹北,2024-02-22,7007
1101B,台泥乙特,10,0,10,兆豐-竹北,2024-02-22,7007
2340,台亞,10,0,10,兆豐-竹北,2024-02-22,7007
2354,鴻準,10,0,10,兆豐-竹北,2024-02-22,7007
2617,台航,16,6,10,兆豐-竹北,2024-02-22,7007
2891B,中信金乙特,10,0,10,兆豐-竹北,2024-02-22,7007
2897,王道銀行,10,0,10,兆豐-竹北,2024-02-22,7007
3213,茂訊,11,1,10,兆豐-竹北,2024-02-22,7007
2002,中鋼,187,9,178,兆豐-竹北,2024-02-23,7007
6015,宏遠證,100,0,100,兆豐-竹北,2024-02-23,7007
00878,國泰永續高股息,96,27,69,兆豐-竹北,2024-02-23,7007
2887E,台新戊特,60,0,60,兆豐-竹北,2024-02-23,7007
6284,佳邦,54,0,54,兆豐-竹北,2024-02-23,7007
2486,一詮,53,0,53,兆豐-竹北,2024-02-23,7007
5864,致和證,50,0,50,兆豐-竹北,2024-02-23,7007
3706,神達,52,5,47,兆豐-竹北,2024-02-23,7007
2884,玉山金,44,0,44,兆豐-竹北,2024-02-23,7007
00679B,元大美債20年,37,0,37,兆豐-竹北,2024-02-23,7007
2313,華通,94,61,33,兆豐-竹北,2024-02-23,7007
6265,方土昶,32,0,32,兆豐-竹北,2024-02-23,7007
2887F,台新戊特二,30,0,30,兆豐-竹北,2024-02-23,7007
5603,陸海,30,0,30,兆豐-竹北,2024-02-23,7007
1815,富喬,33,5,28,兆豐-竹北,2024-02-23,7007
2405,輔信,30,3,27,兆豐-竹北,2024-02-23,7007
2329,華泰,136,110,26,兆豐-竹北,2024-02-23,7007
2618,長榮航,26,1,25,兆豐-竹北,2024-02-23,7007
00933B,國泰10Y+金融債,55,30,25,兆豐-竹北,2024-02-23,7007
00725B,國泰投資級公司債,25,0,25,兆豐-竹北,2024-02-23,7007
1717,長興,24,2,22,兆豐-竹北,2024-02-23,7007
3005,神基,23,1,22,兆豐-竹北,2024-02-23,7007
2301,光寶科,90,68,22,兆豐-竹北,2024-02-23,7007
3147,大綜,21,0,21,兆豐-竹北,2024-02-23,7007
3702A,大聯大甲特,21,0,21,兆豐-竹北,2024-02-23,7007
2461,光群雷,20,0,20,兆豐-竹北,2024-02-23,7007
2882B,國泰金乙特,20,0,20,兆豐-竹北,2024-02-23,7007
6548,長科*,20,0,20,兆豐-竹北,2024-02-23,7007
6592B,和潤企業乙特,20,0,20,兆豐-竹北,2024-02-23,7007
00937B,群益ESG投等債20,22,3,19,兆豐-竹北,2024-02-23,7007
2344,華邦電,30,11,19,兆豐-竹北,2024-02-23,7007
1316,上曜,38,20,18,兆豐-竹北,2024-02-23,7007
3025,星通,34,16,18,兆豐-竹北,2024-02-23,7007
6442,光聖,17,1,16,兆豐-竹北,2024-02-23,7007
6161,捷波,15,0,15,兆豐-竹北,2024-02-23,7007
2489,瑞軒,16,2,14,兆豐-竹北,2024-02-23,7007
2887,台新金,14,0,14,兆豐-竹北,2024-02-23,7007
2374,佳能,14,0,14,兆豐-竹北,2024-02-23,7007
4556,旭然,20,6,14,兆豐-竹北,2024-02-23,7007
6282,康舒,13,0,13,兆豐-竹北,2024-02-23,7007
1504,東元,18,5,13,兆豐-竹北,2024-02-23,7007
5443,均豪,16,3,13,兆豐-竹北,2024-02-23,7007
2457,飛宏,12,0,12,兆豐-竹北,2024-02-23,7007
8044,網家,12,0,12,兆豐-竹北,2024-02-23,7007
00650L,復華香港正2,12,0,12,兆豐-竹北,2024-02-23,7007
6126,信音,11,0,11,兆豐-竹北,2024-02-23,7007
8059,凱碩,17,6,11,兆豐-竹北,2024-02-23,7007
00687B,國泰20年美債,11,0,11,兆豐-竹北,2024-02-23,7007
2363,矽統,13,3,10,兆豐-竹北,2024-02-23,7007
2515,中工,12,2,10,兆豐-竹北,2024-02-23,7007
00933B,國泰10Y+金融債,235,1,234,兆豐-竹北,2024-02-26,7007
2887,台新金,115,0,115,兆豐-竹北,2024-02-26,7007
00878,國泰永續高股息,198,93,105,兆豐-竹北,2024-02-26,7007
1785,光洋科,76,5,71,兆豐-竹北,2024-02-26,7007
3036A,文曄甲特,67,0,67,兆豐-竹北,2024-02-26,7007
5871A,中租-KY甲特,65,0,65,兆豐-竹北,2024-02-26,7007
00937B,群益ESG投等債20,71,10,61,兆豐-竹北,2024-02-26,7007
1609,大亞,53,0,53,兆豐-竹北,2024-02-26,7007
3702A,大聯大甲特,52,0,52,兆豐-竹北,2024-02-26,7007
00919,群益台灣精選高息,68,17,51,兆豐-竹北,2024-02-26,7007
00679B,元大美債20年,49,0,49,兆豐-竹北,2024-02-26,7007
00720B,元大投資級公司債,46,0,46,兆豐-竹北,2024-02-26,7007
1316,上曜,64,20,44,兆豐-竹北,2024-02-26,7007
00725B,國泰投資級公司債,36,0,36,兆豐-竹北,2024-02-26,7007
4747,強生,33,0,33,兆豐-竹北,2024-02-26,7007
6218,豪勉,30,0,30,兆豐-竹北,2024-02-26,7007
00665L,富邦�琤肭磪囓�2,28,0,28,兆豐-竹北,2024-02-26,7007
1809,中釉,63,35,28,兆豐-竹北,2024-02-26,7007
2884,玉山金,26,0,26,兆豐-竹北,2024-02-26,7007
2449,京元電子,40,15,25,兆豐-竹北,2024-02-26,7007
2882B,國泰金乙特,25,0,25,兆豐-竹北,2024-02-26,7007
00680L,元大美債20正2,26,3,23,兆豐-竹北,2024-02-26,7007
8044,網家,25,2,23,兆豐-竹北,2024-02-26,7007
6684,安格,25,4,21,兆豐-竹北,2024-02-26,7007
00753L,中信中國50正2,20,0,20,兆豐-竹北,2024-02-26,7007
00751B,元大AAA至A公司債,20,0,20,兆豐-竹北,2024-02-26,7007
2891B,中信金乙特,20,0,20,兆豐-竹北,2024-02-26,7007
2489,瑞軒,24,5,19,兆豐-竹北,2024-02-26,7007
00712,復華富時不動產,20,1,19,兆豐-竹北,2024-02-26,7007
00931B,統一美債20年,20,1,19,兆豐-竹北,2024-02-26,7007
3234,光環,23,6,17,兆豐-竹北,2024-02-26,7007
2834,臺企銀,17,1,16,兆豐-竹北,2024-02-26,7007
00687B,國泰20年美債,21,5,16,兆豐-竹北,2024-02-26,7007
1513,中興電,70,55,15,兆豐-竹北,2024-02-26,7007
2409,友達,17,2,15,兆豐-竹北,2024-02-26,7007
6152,百一,14,0,14,兆豐-竹北,2024-02-26,7007
2313,華通,105,92,13,兆豐-竹北,2024-02-26,7007
6486,互動,13,0,13,兆豐-竹北,2024-02-26,7007
1303,南亞,12,0,12,兆豐-竹北,2024-02-26,7007
2610,華航,15,3,12,兆豐-竹北,2024-02-26,7007
3437,榮創,46,34,12,兆豐-竹北,2024-02-26,7007
8064,東捷,25,13,12,兆豐-竹北,2024-02-26,7007
8084,巨虹,12,0,12,兆豐-竹北,2024-02-26,7007
2883,凱基金,11,0,11,兆豐-竹北,2024-02-26,7007
00688L,國泰20年美債正2,21,10,11,兆豐-竹北,2024-02-26,7007
6274,台燿,14,3,11,兆豐-竹北,2024-02-26,7007
2303,聯電,15,4,11,兆豐-竹北,2024-02-26,7007
00934,中信成長高股息,11,0,11,兆豐-竹北,2024-02-26,7007
5347,世界,11,1,10,兆豐-竹北,2024-02-26,7007
2376,技嘉,14,4,10,兆豐-竹北,2024-02-26,7007
00878,國泰永續高股息,332,0,332,兆豐-竹北,2024-02-27,7007
00937B,群益ESG投等債20,235,0,235,兆豐-竹北,2024-02-27,7007
5871A,中租-KY甲特,147,0,147,兆豐-竹北,2024-02-27,7007
2891B,中信金乙特,141,0,141,兆豐-竹北,2024-02-27,7007
00933B,國泰10Y+金融債,126,6,120,兆豐-竹北,2024-02-27,7007
2301,光寶科,113,5,108,兆豐-竹北,2024-02-27,7007
2886,兆豐金,105,6,99,兆豐-竹北,2024-02-27,7007
2408,南亞科,83,1,82,兆豐-竹北,2024-02-27,7007
2888,新光金,95,20,75,兆豐-竹北,2024-02-27,7007
9941A,裕融甲特,60,0,60,兆豐-竹北,2024-02-27,7007
00679B,元大美債20年,59,0,59,兆豐-竹北,2024-02-27,7007
00919,群益台灣精選高息,120,64,56,兆豐-竹北,2024-02-27,7007
00929,復華台灣科技優息,125,74,51,兆豐-竹北,2024-02-27,7007
2887F,台新戊特二,50,0,50,兆豐-竹北,2024-02-27,7007
2329,華泰,56,12,44,兆豐-竹北,2024-02-27,7007
2409,友達,33,0,33,兆豐-竹北,2024-02-27,7007
2897,王道銀行,30,0,30,兆豐-竹北,2024-02-27,7007
3036A,文曄甲特,30,0,30,兆豐-竹北,2024-02-27,7007
6592A,和潤企業甲特,30,0,30,兆豐-竹北,2024-02-27,7007
3231,緯創,40,11,29,兆豐-竹北,2024-02-27,7007
2002,中鋼,28,0,28,兆豐-竹北,2024-02-27,7007
00687B,國泰20年美債,41,15,26,兆豐-竹北,2024-02-27,7007
3715,定穎投控,29,5,24,兆豐-竹北,2024-02-27,7007
1785,光洋科,24,0,24,兆豐-竹北,2024-02-27,7007
2486,一詮,23,0,23,兆豐-竹北,2024-02-27,7007
1314,中石化,20,0,20,兆豐-竹北,2024-02-27,7007
3580,友威科,20,0,20,兆豐-竹北,2024-02-27,7007
6237,驊訊,34,17,17,兆豐-竹北,2024-02-27,7007
3706,神達,19,3,16,兆豐-竹北,2024-02-27,7007
3260,威剛,21,5,16,兆豐-竹北,2024-02-27,7007
00720B,元大投資級公司債,15,0,15,兆豐-竹北,2024-02-27,7007
6592B,和潤企業乙特,15,0,15,兆豐-竹北,2024-02-27,7007
00680L,元大美債20正2,14,0,14,兆豐-竹北,2024-02-27,7007
6548,長科*,14,0,14,兆豐-竹北,2024-02-27,7007
6245,立端,37,23,14,兆豐-竹北,2024-02-27,7007
6285,啟��,14,1,13,兆豐-竹北,2024-02-27,7007
9933,中鼎,13,0,13,兆豐-竹北,2024-02-27,7007
8040,九暘,29,17,12,兆豐-竹北,2024-02-27,7007
2356,英業達,26,14,12,兆豐-竹北,2024-02-27,7007
6593,台灣銘板,12,1,11,兆豐-竹北,2024-02-27,7007
6263,普萊德,11,0,11,兆豐-竹北,2024-02-27,7007
1503,士電,17,6,11,兆豐-竹北,2024-02-27,7007
2439,美律,28,17,11,兆豐-竹北,2024-02-27,7007
2539,櫻花建,11,0,11,兆豐-竹北,2024-02-27,7007
2892,第一金,11,0,11,兆豐-竹北,2024-02-27,7007
5426,振發,26,15,11,兆豐-竹北,2024-02-27,7007
5272,笙科,15,4,11,兆豐-竹北,2024-02-27,7007
2313,華通,44,34,10,兆豐-竹北,2024-02-27,7007
3704,合勤控,11,1,10,兆豐-竹北,2024-02-27,7007
00712,復華富時不動產,10,0,10,兆豐-竹北,2024-02-27,7007
00937B,群益ESG投等債20,144,0,144,兆豐-竹北,2024-02-29,7007
8084,巨虹,52,0,52,兆豐-竹北,2024-02-29,7007
5488,松普,50,0,50,兆豐-竹北,2024-02-29,7007
00919,群益台灣精選高息,75,25,50,兆豐-竹北,2024-02-29,7007
2882,國泰金,51,3,48,兆豐-竹北,2024-02-29,7007
6139,亞翔,56,9,47,兆豐-竹北,2024-02-29,7007
2609,陽明,50,6,44,兆豐-竹北,2024-02-29,7007
00878,國泰永續高股息,38,2,36,兆豐-竹北,2024-02-29,7007
00679B,元大美債20年,34,0,34,兆豐-竹北,2024-02-29,7007
00687B,國泰20年美債,34,1,33,兆豐-竹北,2024-02-29,7007
2412,中華電,32,0,32,兆豐-竹北,2024-02-29,7007
5225,東科-KY,40,8,32,兆豐-竹北,2024-02-29,7007
3576,聯合再生,30,0,30,兆豐-竹北,2024-02-29,7007
3363,上詮,67,39,28,兆豐-竹北,2024-02-29,7007
00933B,國泰10Y+金融債,27,0,27,兆豐-竹北,2024-02-29,7007
6901,鑽石投資,64,37,27,兆豐-竹北,2024-02-29,7007
3294,英濟,26,0,26,兆豐-竹北,2024-02-29,7007
1815,富喬,59,34,25,兆豐-竹北,2024-02-29,7007
00712,復華富時不動產,25,0,25,兆豐-竹北,2024-02-29,7007
2421,建準,29,5,24,兆豐-竹北,2024-02-29,7007
2301,光寶科,26,4,22,兆豐-竹北,2024-02-29,7007
5871A,中租-KY甲特,22,0,22,兆豐-竹北,2024-02-29,7007
00795B,中信美國公債20年,21,0,21,兆豐-竹北,2024-02-29,7007
1612,宏泰,20,0,20,兆豐-竹北,2024-02-29,7007
2882A,國泰特,20,0,20,兆豐-竹北,2024-02-29,7007
3260,威剛,24,4,20,兆豐-竹北,2024-02-29,7007
6136,富爾特,20,0,20,兆豐-竹北,2024-02-29,7007
1711,永光,47,29,18,兆豐-竹北,2024-02-29,7007
6125,廣運,38,21,17,兆豐-竹北,2024-02-29,7007
3231,緯創,41,26,15,兆豐-竹北,2024-02-29,7007
00882,中信中國高股息,15,0,15,兆豐-竹北,2024-02-29,7007
6116,彩晶,15,0,15,兆豐-竹北,2024-02-29,7007
6414,樺漢,16,1,15,兆豐-竹北,2024-02-29,7007
2495,普安,14,0,14,兆豐-竹北,2024-02-29,7007
00720B,元大投資級公司債,13,0,13,兆豐-竹北,2024-02-29,7007
1609,大亞,40,28,12,兆豐-竹北,2024-02-29,7007
2630,亞航,12,0,12,兆豐-竹北,2024-02-29,7007
2025,千興,12,0,12,兆豐-竹北,2024-02-29,7007
00757,統一FANG+,11,0,11,兆豐-竹北,2024-02-29,7007
2440,太空梭,11,0,11,兆豐-竹北,2024-02-29,7007
2605,新興,13,2,11,兆豐-竹北,2024-02-29,7007
6274,台燿,23,12,11,兆豐-竹北,2024-02-29,7007
00680L,元大美債20正2,10,0,10,兆豐-竹北,2024-02-29,7007
1313,聯成,10,0,10,兆豐-竹北,2024-02-29,7007
2426,鼎元,27,17,10,兆豐-竹北,2024-02-29,7007
2455,全新,10,0,10,兆豐-竹北,2024-02-29,7007
3025,星通,12,2,10,兆豐-竹北,2024-02-29,7007
6108,競國,10,0,10,兆豐-竹北,2024-02-29,7007
9103,美德醫療-DR,10,0,10,兆豐-竹北,2024-02-29,7007
1101,台泥,14,5,9,兆豐-竹北,2024-02-29,7007
00919,群益台灣精選高息,321,27,294,兆豐-竹北,2024-03-01,7007
3372,典範,139,6,133,兆豐-竹北,2024-03-01,7007
1316,上曜,101,21,80,兆豐-竹北,2024-03-01,7007
00937B,群益ESG投等債20,81,3,78,兆豐-竹北,2024-03-01,7007
00929,復華台灣科技優息,86,18,68,兆豐-竹北,2024-03-01,7007
00751B,元大AAA至A公司債,64,0,64,兆豐-竹北,2024-03-01,7007
00918,大華優利高填息30,57,0,57,兆豐-竹北,2024-03-01,7007
1456,怡華,56,0,56,兆豐-竹北,2024-03-01,7007
1815,富喬,63,12,51,兆豐-竹北,2024-03-01,7007
00637L,元大滬深300正2,50,0,50,兆豐-竹北,2024-03-01,7007
3231,緯創,86,43,43,兆豐-竹北,2024-03-01,7007
8926,台汽電,40,0,40,兆豐-竹北,2024-03-01,7007
2881B,富邦金乙特,40,0,40,兆豐-竹北,2024-03-01,7007
2882B,國泰金乙特,40,0,40,兆豐-竹北,2024-03-01,7007
6284,佳邦,36,1,35,兆豐-竹北,2024-03-01,7007
4303,信立,59,25,34,兆豐-竹北,2024-03-01,7007
3437,榮創,94,64,30,兆豐-竹北,2024-03-01,7007
6291,沛亨,30,0,30,兆豐-竹北,2024-03-01,7007
2504,國產,29,0,29,兆豐-竹北,2024-03-01,7007
2329,華泰,59,31,28,兆豐-竹北,2024-03-01,7007
00679B,元大美債20年,49,21,28,兆豐-竹北,2024-03-01,7007
2883,凱基金,29,2,27,兆豐-竹北,2024-03-01,7007
2301,光寶科,109,83,26,兆豐-竹北,2024-03-01,7007
00760B,復華新興企業債,26,0,26,兆豐-竹北,2024-03-01,7007
6179,亞通,26,0,26,兆豐-竹北,2024-03-01,7007
2461,光群雷,25,0,25,兆豐-竹北,2024-03-01,7007
3576,聯合再生,25,0,25,兆豐-竹北,2024-03-01,7007
2892,第一金,24,1,23,兆豐-竹北,2024-03-01,7007
00661,元大日經225,21,0,21,兆豐-竹北,2024-03-01,7007
6197,佳必琪,21,0,21,兆豐-竹北,2024-03-01,7007
4142,國光生,20,0,20,兆豐-竹北,2024-03-01,7007
5512,力麒,20,0,20,兆豐-竹北,2024-03-01,7007
00933B,國泰10Y+金融債,18,0,18,兆豐-竹北,2024-03-01,7007
3390,旭軟,39,21,18,兆豐-竹北,2024-03-01,7007
3481,群創,20,4,16,兆豐-竹北,2024-03-01,7007
6415,矽力*-KY,16,0,16,兆豐-竹北,2024-03-01,7007
00720B,元大投資級公司債,16,0,16,兆豐-竹北,2024-03-01,7007
4102,永日,16,0,16,兆豐-竹北,2024-03-01,7007
2867,三商壽,14,0,14,兆豐-竹北,2024-03-01,7007
3363,上詮,20,6,14,兆豐-竹北,2024-03-01,7007
2367,燿華,14,1,13,兆豐-竹北,2024-03-01,7007
2888,新光金,12,0,12,兆豐-竹北,2024-03-01,7007
8034,榮群,12,0,12,兆豐-竹北,2024-03-01,7007
4543,萬在,20,8,12,兆豐-竹北,2024-03-01,7007
2002,中鋼,18,7,11,兆豐-竹北,2024-03-01,7007
1589,永冠-KY,11,0,11,兆豐-竹北,2024-03-01,7007
4714,永捷,11,0,11,兆豐-竹北,2024-03-01,7007
6207,雷科,18,7,11,兆豐-竹北,2024-03-01,7007
2615,萬海,10,0,10,兆豐-竹北,2024-03-01,7007
00764B,群益25年美債,10,0,10,兆豐-竹北,2024-03-01,7007
00919,群益台灣精選高息,180,22,158,兆豐-竹北,2024-03-04,7007
2611,志信,90,0,90,兆豐-竹北,2024-03-04,7007
2324,仁寶,151,77,74,兆豐-竹北,2024-03-04,7007
00937B,群益ESG投等債20,66,0,66,兆豐-竹北,2024-03-04,7007
00687B,國泰20年美債,71,18,53,兆豐-竹北,2024-03-04,7007
1316,上曜,65,14,51,兆豐-竹北,2024-03-04,7007
2891B,中信金乙特,50,0,50,兆豐-竹北,2024-03-04,7007
2834,臺企銀,50,4,46,兆豐-竹北,2024-03-04,7007
00929,復華台灣科技優息,122,79,43,兆豐-竹北,2024-03-04,7007
3356,奇偶,67,26,41,兆豐-竹北,2024-03-04,7007
6491,晶碩,40,0,40,兆豐-竹北,2024-03-04,7007
2313,華通,48,15,33,兆豐-竹北,2024-03-04,7007
2367,燿華,71,45,26,兆豐-竹北,2024-03-04,7007
2462,良得電,26,0,26,兆豐-竹北,2024-03-04,7007
00632R,元大台灣50反1,25,0,25,兆豐-竹北,2024-03-04,7007
2543,皇昌,28,3,25,兆豐-竹北,2024-03-04,7007
6139,亞翔,29,7,22,兆豐-竹北,2024-03-04,7007
2409,友達,23,1,22,兆豐-竹北,2024-03-04,7007
3047,訊舟,22,0,22,兆豐-竹北,2024-03-04,7007
6291,沛亨,22,0,22,兆豐-竹北,2024-03-04,7007
00733,富邦臺灣中小,20,0,20,兆豐-竹北,2024-03-04,7007
2887E,台新戊特,20,0,20,兆豐-竹北,2024-03-04,7007
2887F,台新戊特二,20,0,20,兆豐-竹北,2024-03-04,7007
00923,群益台ESG低碳50,20,0,20,兆豐-竹北,2024-03-04,7007
2353,宏��,50,31,19,兆豐-竹北,2024-03-04,7007
2329,華泰,43,24,19,兆豐-竹北,2024-03-04,7007
00915,凱基優選高股息30,20,1,19,兆豐-竹北,2024-03-04,7007
2206,三陽工業,23,5,18,兆豐-竹北,2024-03-04,7007
4402,郡都開發,17,0,17,兆豐-竹北,2024-03-04,7007
00933B,國泰10Y+金融債,16,0,16,兆豐-竹北,2024-03-04,7007
00918,大華優利高填息30,36,20,16,兆豐-竹北,2024-03-04,7007
8131,福懋科,16,0,16,兆豐-竹北,2024-03-04,7007
2374,佳能,13,0,13,兆豐-竹北,2024-03-04,7007
00857B,永豐20年美公債,12,0,12,兆豐-竹北,2024-03-04,7007
2344,華邦電,17,5,12,兆豐-竹北,2024-03-04,7007
3689,湧德,18,6,12,兆豐-竹北,2024-03-04,7007
6279,胡連,11,0,11,兆豐-竹北,2024-03-04,7007
6592B,和潤企業乙特,11,0,11,兆豐-竹北,2024-03-04,7007
1101B,台泥乙特,10,0,10,兆豐-竹北,2024-03-04,7007
2504,國產,10,0,10,兆豐-竹北,2024-03-04,7007
5213,亞昕,10,0,10,兆豐-竹北,2024-03-04,7007
9105,泰金寶-DR,10,0,10,兆豐-竹北,2024-03-04,7007
9941A,裕融甲特,10,0,10,兆豐-竹北,2024-03-04,7007
1795,美時,12,2,10,兆豐-竹北,2024-03-04,7007
8926,台汽電,11,2,9,兆豐-竹北,2024-03-04,7007
6451,訊芯-KY,12,3,9,兆豐-竹北,2024-03-04,7007
1609,大亞,13,4,9,兆豐-竹北,2024-03-04,7007
3062,建漢,13,4,9,兆豐-竹北,2024-03-04,7007
4556,旭然,15,6,9,兆豐-竹北,2024-03-04,7007
8080,印鉐,9,0,9,兆豐-竹北,2024-03-04,7007
00915,凱基優選高股息30,208,0,208,兆豐-竹北,2024-03-05,7007
00673R,期元大S＆P原油反1,200,0,200,兆豐-竹北,2024-03-05,7007
00919,群益台灣精選高息,218,38,180,兆豐-竹北,2024-03-05,7007
2367,燿華,171,48,123,兆豐-竹北,2024-03-05,7007
00937B,群益ESG投等債20,120,1,119,兆豐-竹北,2024-03-05,7007
1815,富喬,152,49,103,兆豐-竹北,2024-03-05,7007
1785,光洋科,100,2,98,兆豐-竹北,2024-03-05,7007
2486,一詮,102,4,98,兆豐-竹北,2024-03-05,7007
00687B,國泰20年美債,84,5,79,兆豐-竹北,2024-03-05,7007
5871A,中租-KY甲特,77,0,77,兆豐-竹北,2024-03-05,7007
00929,復華台灣科技優息,93,17,76,兆豐-竹北,2024-03-05,7007
00632R,元大台灣50反1,65,0,65,兆豐-竹北,2024-03-05,7007
00712,復華富時不動產,55,0,55,兆豐-竹北,2024-03-05,7007
00918,大華優利高填息30,46,0,46,兆豐-竹北,2024-03-05,7007
1409,新纖,88,45,43,兆豐-竹北,2024-03-05,7007
3607,谷崧,40,0,40,兆豐-竹北,2024-03-05,7007
6125,廣運,43,7,36,兆豐-竹北,2024-03-05,7007
00891,中信關鍵半導體,35,0,35,兆豐-竹北,2024-03-05,7007
6163,華電網,44,9,35,兆豐-竹北,2024-03-05,7007
2884,玉山金,32,0,32,兆豐-竹北,2024-03-05,7007
2891B,中信金乙特,30,0,30,兆豐-竹北,2024-03-05,7007
00923,群益台ESG低碳50,30,2,28,兆豐-竹北,2024-03-05,7007
8011,台通,63,35,28,兆豐-竹北,2024-03-05,7007
00637L,元大滬深300正2,60,35,25,兆豐-竹北,2024-03-05,7007
8092,建暐,24,0,24,兆豐-竹北,2024-03-05,7007
6291,沛亨,22,0,22,兆豐-竹北,2024-03-05,7007
3030,德律,20,0,20,兆豐-竹北,2024-03-05,7007
4906,正文,60,40,20,兆豐-竹北,2024-03-05,7007
2316,楠梓電,33,14,19,兆豐-竹北,2024-03-05,7007
4967,十銓,21,2,19,兆豐-竹北,2024-03-05,7007
8054,安國,20,2,18,兆豐-竹北,2024-03-05,7007
3206,志豐,18,0,18,兆豐-竹北,2024-03-05,7007
00857B,永豐20年美公債,17,0,17,兆豐-竹北,2024-03-05,7007
2436,偉詮電,16,1,15,兆豐-竹北,2024-03-05,7007
3567,逸昌,15,0,15,兆豐-竹北,2024-03-05,7007
8131,福懋科,15,0,15,兆豐-竹北,2024-03-05,7007
6462,神盾,15,1,14,兆豐-竹北,2024-03-05,7007
2324,仁寶,21,7,14,兆豐-竹北,2024-03-05,7007
00753L,中信中國50正2,14,0,14,兆豐-竹北,2024-03-05,7007
00680L,元大美債20正2,14,0,14,兆豐-竹北,2024-03-05,7007
2369,菱生,16,2,14,兆豐-竹北,2024-03-05,7007
3374,精材,15,1,14,兆豐-竹北,2024-03-05,7007
8163,達方,15,1,14,兆豐-竹北,2024-03-05,7007
2880,華南金,13,0,13,兆豐-竹北,2024-03-05,7007
3027,盛達,13,0,13,兆豐-竹北,2024-03-05,7007
3363,上詮,17,5,12,兆豐-竹北,2024-03-05,7007
00935,野村臺灣新科技50,12,0,12,兆豐-竹北,2024-03-05,7007
1503,士電,73,62,11,兆豐-竹北,2024-03-05,7007
3438,類比科,11,0,11,兆豐-竹北,2024-03-05,7007
6204,艾華,11,0,11,兆豐-竹北,2024-03-05,7007
00918,大華優利高填息30,254,29,225,兆豐-竹北,2024-03-06,7007
00919,群益台灣精選高息,213,63,150,兆豐-竹北,2024-03-06,7007
1471,首利,154,9,145,兆豐-竹北,2024-03-06,7007
00937B,群益ESG投等債20,86,0,86,兆豐-竹北,2024-03-06,7007
00637L,元大滬深300正2,101,32,69,兆豐-竹北,2024-03-06,7007
00857B,永豐20年美公債,55,2,53,兆豐-竹北,2024-03-06,7007
2845,遠東銀,49,0,49,兆豐-竹北,2024-03-06,7007
00929,復華台灣科技優息,78,34,44,兆豐-竹北,2024-03-06,7007
5521,工信,40,9,31,兆豐-竹北,2024-03-06,7007
00931B,統一美債20年,30,0,30,兆豐-竹北,2024-03-06,7007
5452,佶優,33,8,25,兆豐-竹北,2024-03-06,7007
00927,群益半導體收益,30,5,25,兆豐-竹北,2024-03-06,7007
3289,宜特,24,0,24,兆豐-竹北,2024-03-06,7007
3481,群創,22,0,22,兆豐-竹北,2024-03-06,7007
2887,台新金,23,2,21,兆豐-竹北,2024-03-06,7007
2890,永豐金,20,0,20,兆豐-竹北,2024-03-06,7007
3033,威健,20,0,20,兆豐-竹北,2024-03-06,7007
6530,創威,21,1,20,兆豐-竹北,2024-03-06,7007
8110,華東,20,1,19,兆豐-竹北,2024-03-06,7007
6235,華孚,22,3,19,兆豐-竹北,2024-03-06,7007
2352,佳世達,19,1,18,兆豐-竹北,2024-03-06,7007
2618,長榮航,21,3,18,兆豐-竹北,2024-03-06,7007
8926,台汽電,21,4,17,兆豐-竹北,2024-03-06,7007
3491,昇達科,17,0,17,兆豐-竹北,2024-03-06,7007
6197,佳必琪,16,0,16,兆豐-竹北,2024-03-06,7007
1591,駿吉-KY,18,2,16,兆豐-竹北,2024-03-06,7007
6291,沛亨,19,3,16,兆豐-竹北,2024-03-06,7007
3013,晟銘電,65,50,15,兆豐-竹北,2024-03-06,7007
00915,凱基優選高股息30,16,1,15,兆豐-竹北,2024-03-06,7007
5426,振發,21,7,14,兆豐-竹北,2024-03-06,7007
2301,光寶科,38,24,14,兆豐-竹北,2024-03-06,7007
3078,僑威,16,2,14,兆豐-竹北,2024-03-06,7007
3231,緯創,109,96,13,兆豐-竹北,2024-03-06,7007
6219,富旺,13,0,13,兆豐-竹北,2024-03-06,7007
00751B,元大AAA至A公司債,13,1,12,兆豐-竹北,2024-03-06,7007
2356,英業達,14,2,12,兆豐-竹北,2024-03-06,7007
3346,麗清,14,2,12,兆豐-竹北,2024-03-06,7007
8390,金益鼎,12,0,12,兆豐-竹北,2024-03-06,7007
2329,華泰,28,17,11,兆豐-竹北,2024-03-06,7007
00642U,期元大S＆P石油,10,0,10,兆豐-竹北,2024-03-06,7007
2374,佳能,12,2,10,兆豐-竹北,2024-03-06,7007
3673,TPK-KY,10,0,10,兆豐-竹北,2024-03-06,7007
4588,玖鼎電力,10,0,10,兆豐-竹北,2024-03-06,7007
5515,建國,20,10,10,兆豐-竹北,2024-03-06,7007
6579,研揚,10,0,10,兆豐-竹北,2024-03-06,7007
8215,明基材,10,0,10,兆豐-竹北,2024-03-06,7007
8255,朋程,10,0,10,兆豐-竹北,2024-03-06,7007
4306,炎洲,10,0,10,兆豐-竹北,2024-03-06,7007
1301,台塑,9,0,9,兆豐-竹北,2024-03-06,7007
00757,統一FANG+,10,1,9,兆豐-竹北,2024-03-06,7007
00637L,元大滬深300正2,450,8,442,兆豐-竹北,2024-03-07,7007
00665L,富邦�琤肭磪囓�2,260,4,256,兆豐-竹北,2024-03-07,7007
00919,群益台灣精選高息,275,53,222,兆豐-竹北,2024-03-07,7007
00937B,群益ESG投等債20,120,0,120,兆豐-竹北,2024-03-07,7007
2206,三陽工業,90,0,90,兆豐-竹北,2024-03-07,7007
1314,中石化,101,13,88,兆豐-竹北,2024-03-07,7007
2330,台積電,102,27,75,兆豐-竹北,2024-03-07,7007
1815,富喬,102,41,61,兆豐-竹北,2024-03-07,7007
2486,一詮,104,46,58,兆豐-竹北,2024-03-07,7007
2443,昶虹,50,0,50,兆豐-竹北,2024-03-07,7007
00933B,國泰10Y+金融債,58,9,49,兆豐-竹北,2024-03-07,7007
00857B,永豐20年美公債,47,0,47,兆豐-竹北,2024-03-07,7007
8110,華東,59,15,44,兆豐-竹北,2024-03-07,7007
8163,達方,57,13,44,兆豐-竹北,2024-03-07,7007
2801,彰銀,41,0,41,兆豐-竹北,2024-03-07,7007
5521,工信,61,20,41,兆豐-竹北,2024-03-07,7007
5603,陸海,36,0,36,兆豐-竹北,2024-03-07,7007
1409,新纖,31,0,31,兆豐-竹北,2024-03-07,7007
00923,群益台ESG低碳50,76,46,30,兆豐-竹北,2024-03-07,7007
3033,威健,30,1,29,兆豐-竹北,2024-03-07,7007
3540,曜越,33,4,29,兆豐-竹北,2024-03-07,7007
9945,潤泰新,24,0,24,兆豐-竹北,2024-03-07,7007
2455,全新,25,1,24,兆豐-竹北,2024-03-07,7007
1513,中興電,32,9,23,兆豐-竹北,2024-03-07,7007
00712,復華富時不動產,23,0,23,兆豐-竹北,2024-03-07,7007
3499,環天科,22,0,22,兆豐-竹北,2024-03-07,7007
00679B,元大美債20年,32,11,21,兆豐-竹北,2024-03-07,7007
6245,立端,21,0,21,兆豐-竹北,2024-03-07,7007
1216,統一,21,0,21,兆豐-竹北,2024-03-07,7007
2887F,台新戊特二,20,0,20,兆豐-竹北,2024-03-07,7007
2891B,中信金乙特,20,0,20,兆豐-竹北,2024-03-07,7007
3587,閎康,21,1,20,兆豐-竹北,2024-03-07,7007
2421,建準,20,2,18,兆豐-竹北,2024-03-07,7007
2836A,高雄銀甲特,18,0,18,兆豐-竹北,2024-03-07,7007
2417,圓剛,39,24,15,兆豐-竹北,2024-03-07,7007
2436,偉詮電,15,0,15,兆豐-竹北,2024-03-07,7007
00751B,元大AAA至A公司債,15,0,15,兆豐-竹北,2024-03-07,7007
2408,南亞科,16,1,15,兆豐-竹北,2024-03-07,7007
8926,台汽電,29,14,15,兆豐-竹北,2024-03-07,7007
00687B,國泰20年美債,16,1,15,兆豐-竹北,2024-03-07,7007
9933,中鼎,14,0,14,兆豐-竹北,2024-03-07,7007
3147,大綜,23,9,14,兆豐-竹北,2024-03-07,7007
8996,高力,25,12,13,兆豐-竹北,2024-03-07,7007
6274,台燿,37,24,13,兆豐-竹北,2024-03-07,7007
1560,中砂,13,0,13,兆豐-竹北,2024-03-07,7007
2610,華航,12,0,12,兆豐-竹北,2024-03-07,7007
2449,京元電子,45,33,12,兆豐-竹北,2024-03-07,7007
2365,昆盈,12,0,12,兆豐-竹北,2024-03-07,7007
4306,炎洲,16,4,12,兆豐-竹北,2024-03-07,7007
00891,中信關鍵半導體,14,3,11,兆豐-竹北,2024-03-07,7007
00937B,群益ESG投等債20,779,10,769,兆豐-竹北,2024-03-08,7007
00919,群益台灣精選高息,790,204,586,兆豐-竹北,2024-03-08,7007
00676R,富邦臺灣加權反1,500,0,500,兆豐-竹北,2024-03-08,7007
2886,兆豐金,303,35,268,兆豐-竹北,2024-03-08,7007
00687B,國泰20年美債,117,15,102,兆豐-竹北,2024-03-08,7007
6290,良維,79,3,76,兆豐-竹北,2024-03-08,7007
00688L,國泰20年美債正2,75,0,75,兆豐-竹北,2024-03-08,7007
00918,大華優利高填息30,73,6,67,兆豐-竹北,2024-03-08,7007
2371,大同,111,51,60,兆豐-竹北,2024-03-08,7007
5498,凱崴,69,11,58,兆豐-竹北,2024-03-08,7007
00753L,中信中國50正2,50,1,49,兆豐-竹北,2024-03-08,7007
1316,上曜,60,14,46,兆豐-竹北,2024-03-08,7007
2897,王道銀行,43,0,43,兆豐-竹北,2024-03-08,7007
3162,精確,42,0,42,兆豐-竹北,2024-03-08,7007
6284,佳邦,43,1,42,兆豐-竹北,2024-03-08,7007
00772B,中信高評級公司債,41,0,41,兆豐-竹北,2024-03-08,7007
3033,威健,40,2,38,兆豐-竹北,2024-03-08,7007
3374,精材,37,3,34,兆豐-竹北,2024-03-08,7007
5603,陸海,28,0,28,兆豐-竹北,2024-03-08,7007
2329,華泰,78,53,25,兆豐-竹北,2024-03-08,7007
00679B,元大美債20年,29,7,22,兆豐-竹北,2024-03-08,7007
2443,昶虹,20,0,20,兆豐-竹北,2024-03-08,7007
2609,陽明,28,10,18,兆豐-竹北,2024-03-08,7007
6244,茂迪,18,0,18,兆豐-竹北,2024-03-08,7007
2881,富邦金,18,1,17,兆豐-竹北,2024-03-08,7007
2344,華邦電,31,15,16,兆豐-竹北,2024-03-08,7007
6488,環球晶,20,4,16,兆豐-竹北,2024-03-08,7007
6274,台燿,32,16,16,兆豐-竹北,2024-03-08,7007
8996,高力,19,4,15,兆豐-竹北,2024-03-08,7007
00857B,永豐20年美公債,15,0,15,兆豐-竹北,2024-03-08,7007
1218,泰山,15,0,15,兆豐-竹北,2024-03-08,7007
8358,金居,15,0,15,兆豐-竹北,2024-03-08,7007
2436,偉詮電,15,1,14,兆豐-竹北,2024-03-08,7007
00712,復華富時不動產,15,1,14,兆豐-竹北,2024-03-08,7007
2201,裕隆,16,2,14,兆豐-竹北,2024-03-08,7007
1101,台泥,15,3,12,兆豐-竹北,2024-03-08,7007
3711,日月光投控,25,13,12,兆豐-竹北,2024-03-08,7007
1591,駿吉-KY,16,4,12,兆豐-竹北,2024-03-08,7007
1725,元禎,12,0,12,兆豐-竹北,2024-03-08,7007
8028,昇陽半導體,11,0,11,兆豐-竹北,2024-03-08,7007
3338,泰碩,14,3,11,兆豐-竹北,2024-03-08,7007
4707,磐亞,11,0,11,兆豐-竹北,2024-03-08,7007
6213,聯茂,11,0,11,兆豐-竹北,2024-03-08,7007
8105,凌巨,11,0,11,兆豐-竹北,2024-03-08,7007
1815,富喬,48,37,11,兆豐-竹北,2024-03-08,7007
2363,矽統,13,3,10,兆豐-竹北,2024-03-08,7007
1609,大亞,10,0,10,兆豐-竹北,2024-03-08,7007
00751B,元大AAA至A公司債,10,0,10,兆豐-竹北,2024-03-08,7007
1597,直得,10,0,10,兆豐-竹北,2024-03-08,7007
1905,華紙,10,0,10,兆豐-竹北,2024-03-08,7007
00937B,群益ESG投等債20,781,11,770,兆豐-竹北,2024-03-11,7007
00919,群益台灣精選高息,465,121,344,兆豐-竹北,2024-03-11,7007
00712,復華富時不動產,162,15,147,兆豐-竹北,2024-03-11,7007
3360,尚立,105,5,100,兆豐-竹北,2024-03-11,7007
00929,復華台灣科技優息,514,417,97,兆豐-竹北,2024-03-11,7007
8085,福華,82,0,82,兆豐-竹北,2024-03-11,7007
4743,合一,70,0,70,兆豐-竹北,2024-03-11,7007
00687B,國泰20年美債,123,58,65,兆豐-竹北,2024-03-11,7007
2342,茂矽,61,5,56,兆豐-竹北,2024-03-11,7007
2641,正德,50,0,50,兆豐-竹北,2024-03-11,7007
5383,金利,45,0,45,兆豐-竹北,2024-03-11,7007
00918,大華優利高填息30,44,0,44,兆豐-竹北,2024-03-11,7007
00923,群益台ESG低碳50,42,0,42,兆豐-竹北,2024-03-11,7007
2887F,台新戊特二,40,0,40,兆豐-竹北,2024-03-11,7007
2867,三商壽,36,0,36,兆豐-竹北,2024-03-11,7007
4303,信立,36,0,36,兆豐-竹北,2024-03-11,7007
5498,凱崴,132,99,33,兆豐-竹北,2024-03-11,7007
3231,緯創,101,69,32,兆豐-竹北,2024-03-11,7007
00642U,期元大S＆P石油,28,0,28,兆豐-竹北,2024-03-11,7007
2367,燿華,28,2,26,兆豐-竹北,2024-03-11,7007
00679B,元大美債20年,32,6,26,兆豐-竹北,2024-03-11,7007
2330,台積電,35,9,26,兆豐-竹北,2024-03-11,7007
2329,華泰,27,4,23,兆豐-竹北,2024-03-11,7007
6592B,和潤企業乙特,22,0,22,兆豐-竹北,2024-03-11,7007
5515,建國,21,0,21,兆豐-竹北,2024-03-11,7007
6667,信紘科,23,2,21,兆豐-竹北,2024-03-11,7007
2303,聯電,37,16,21,兆豐-竹北,2024-03-11,7007
00893,國泰智能電動車,20,0,20,兆豐-竹北,2024-03-11,7007
2025,千興,22,2,20,兆豐-竹北,2024-03-11,7007
00857B,永豐20年美公債,19,0,19,兆豐-竹北,2024-03-11,7007
00637L,元大滬深300正2,27,10,17,兆豐-竹北,2024-03-11,7007
00882,中信中國高股息,25,9,16,兆豐-竹北,2024-03-11,7007
2002,中鋼,15,0,15,兆豐-竹北,2024-03-11,7007
00931B,統一美債20年,16,1,15,兆豐-竹北,2024-03-11,7007
3707,漢磊,29,15,14,兆豐-竹北,2024-03-11,7007
6592A,和潤企業甲特,14,0,14,兆豐-竹北,2024-03-11,7007
1316,上曜,34,21,13,兆豐-竹北,2024-03-11,7007
3062,建漢,13,0,13,兆豐-竹北,2024-03-11,7007
3374,精材,13,0,13,兆豐-竹北,2024-03-11,7007
6120,達運,14,2,12,兆豐-竹北,2024-03-11,7007
00688L,國泰20年美債正2,12,0,12,兆豐-竹北,2024-03-11,7007
1736,喬山,12,0,12,兆豐-竹北,2024-03-11,7007
2610,華航,12,0,12,兆豐-竹北,2024-03-11,7007
2618,長榮航,12,0,12,兆豐-竹北,2024-03-11,7007
5209,新鼎,12,0,12,兆豐-竹北,2024-03-11,7007
5351,鈺創,12,0,12,兆豐-竹北,2024-03-11,7007
1514,亞力,12,1,11,兆豐-竹北,2024-03-11,7007
4961,天鈺,13,2,11,兆豐-竹北,2024-03-11,7007
2887,台新金,10,0,10,兆豐-竹北,2024-03-11,7007
2308,台達電,13,3,10,兆豐-竹北,2024-03-11,7007
00918,大華優利高填息30,253,18,235,兆豐-竹北,2024-03-12,7007
9902,台火,180,0,180,兆豐-竹北,2024-03-12,7007
2371,大同,76,5,71,兆豐-竹北,2024-03-12,7007
2887F,台新戊特二,64,0,64,兆豐-竹北,2024-03-12,7007
5383,金利,50,0,50,兆豐-竹北,2024-03-12,7007
5452,佶優,53,6,47,兆豐-竹北,2024-03-12,7007
2359,所羅門,41,1,40,兆豐-竹北,2024-03-12,7007
1524,耿鼎,30,1,29,兆豐-竹北,2024-03-12,7007
2891B,中信金乙特,26,0,26,兆豐-竹北,2024-03-12,7007
2731,雄獅,23,1,22,兆豐-竹北,2024-03-12,7007
2313,華通,55,34,21,兆豐-竹北,2024-03-12,7007
2382,廣達,39,18,21,兆豐-竹北,2024-03-12,7007
2867,三商壽,21,0,21,兆豐-竹北,2024-03-12,7007
00679B,元大美債20年,33,15,18,兆豐-竹北,2024-03-12,7007
1514,亞力,26,8,18,兆豐-竹北,2024-03-12,7007
2206,三陽工業,18,0,18,兆豐-竹北,2024-03-12,7007
3707,漢磊,19,1,18,兆豐-竹北,2024-03-12,7007
6120,達運,20,2,18,兆豐-竹北,2024-03-12,7007
00669R,國泰美國道瓊反1,15,0,15,兆豐-竹北,2024-03-12,7007
2020,美亞,15,0,15,兆豐-竹北,2024-03-12,7007
2328,廣宇,19,4,15,兆豐-竹北,2024-03-12,7007
2330,台積電,29,15,14,兆豐-竹北,2024-03-12,7007
8096,擎亞,43,29,14,兆豐-竹北,2024-03-12,7007
6531,愛普*,14,1,13,兆豐-竹北,2024-03-12,7007
3006,晶豪科,12,0,12,兆豐-竹北,2024-03-12,7007
5871,中租-KY,13,1,12,兆豐-竹北,2024-03-12,7007
6125,廣運,18,6,12,兆豐-竹北,2024-03-12,7007
2316,楠梓電,12,1,11,兆豐-竹北,2024-03-12,7007
5521,工信,22,11,11,兆豐-竹北,2024-03-12,7007
6275,元山,22,11,11,兆豐-竹北,2024-03-12,7007
3264,欣銓,10,0,10,兆豐-竹北,2024-03-12,7007
00675L,富邦臺灣加權正2,10,0,10,兆豐-竹北,2024-03-12,7007
00933B,國泰10Y+金融債,18,8,10,兆豐-竹北,2024-03-12,7007
2367,燿華,23,13,10,兆豐-竹北,2024-03-12,7007
2439,美律,10,0,10,兆豐-竹北,2024-03-12,7007
2820,華票,10,0,10,兆豐-竹北,2024-03-12,7007
2882B,國泰金乙特,10,0,10,兆豐-竹北,2024-03-12,7007
3491,昇達科,10,0,10,兆豐-竹北,2024-03-12,7007
8048,德勝,10,0,10,兆豐-竹北,2024-03-12,7007
2449,京元電子,10,0,10,兆豐-竹北,2024-03-12,7007
3481,群創,15,5,10,兆豐-竹北,2024-03-12,7007
2345,智邦,10,0,10,兆豐-竹北,2024-03-12,7007
6285,啟��,13,4,9,兆豐-竹北,2024-03-12,7007
00937B,群益ESG投等債20,90,81,9,兆豐-竹北,2024-03-12,7007
3017,奇鋐,18,10,8,兆豐-竹北,2024-03-12,7007
3025,星通,11,3,8,兆豐-竹北,2024-03-12,7007
6257,矽格,10,2,8,兆豐-竹北,2024-03-12,7007
8011,台通,12,4,8,兆豐-竹北,2024-03-12,7007
4961,天鈺,8,0,8,兆豐-竹北,2024-03-12,7007
00881,國泰台灣5G+,10,2,8,兆豐-竹北,2024-03-12,7007
00919,群益台灣精選高息,734,147,587,兆豐-竹北,2024-03-13,7007
6026,福邦證,399,0,399,兆豐-竹北,2024-03-13,7007
00857B,永豐20年美公債,386,0,386,兆豐-竹北,2024-03-13,7007
00676R,富邦臺灣加權反1,200,0,200,兆豐-竹北,2024-03-13,7007
00929,復華台灣科技優息,226,106,120,兆豐-竹北,2024-03-13,7007
4927,泰鼎-KY,105,0,105,兆豐-竹北,2024-03-13,7007
00679B,元大美債20年,73,1,72,兆豐-竹北,2024-03-13,7007
00687B,國泰20年美債,66,5,61,兆豐-竹北,2024-03-13,7007
6742,澤米,46,1,45,兆豐-竹北,2024-03-13,7007
2820,華票,40,0,40,兆豐-竹北,2024-03-13,7007
00650L,復華香港正2,65,30,35,兆豐-竹北,2024-03-13,7007
00712,復華富時不動產,73,40,33,兆豐-竹北,2024-03-13,7007
3189,景碩,33,0,33,兆豐-竹北,2024-03-13,7007
00882,中信中國高股息,33,0,33,兆豐-竹北,2024-03-13,7007
2332,友訊,32,2,30,兆豐-竹北,2024-03-13,7007
3264,欣銓,30,1,29,兆豐-竹北,2024-03-13,7007
6806,森崴能源,29,8,21,兆豐-竹北,2024-03-13,7007
1612,宏泰,27,6,21,兆豐-竹北,2024-03-13,7007
2408,南亞科,21,0,21,兆豐-竹北,2024-03-13,7007
2443,昶虹,20,0,20,兆豐-竹北,2024-03-13,7007
2867,三商壽,20,0,20,兆豐-竹北,2024-03-13,7007
4109,加捷生醫,24,4,20,兆豐-竹北,2024-03-13,7007
6592B,和潤企業乙特,20,0,20,兆豐-竹北,2024-03-13,7007
00751B,元大AAA至A公司債,19,0,19,兆豐-竹北,2024-03-13,7007
1589,永冠-KY,22,3,19,兆豐-竹北,2024-03-13,7007
1513,中興電,65,46,19,兆豐-竹北,2024-03-13,7007
3231,緯創,149,131,18,兆豐-竹北,2024-03-13,7007
00933B,國泰10Y+金融債,18,0,18,兆豐-竹北,2024-03-13,7007
2371,大同,54,36,18,兆豐-竹北,2024-03-13,7007
8011,台通,71,53,18,兆豐-竹北,2024-03-13,7007
2365,昆盈,28,11,17,兆豐-竹北,2024-03-13,7007
2834,臺企銀,21,4,17,兆豐-竹北,2024-03-13,7007
3338,泰碩,17,1,16,兆豐-竹北,2024-03-13,7007
3217,優群,17,1,16,兆豐-竹北,2024-03-13,7007
3704,合勤控,20,4,16,兆豐-竹北,2024-03-13,7007
00915,凱基優選高股息30,28,13,15,兆豐-竹北,2024-03-13,7007
1514,亞力,32,17,15,兆豐-竹北,2024-03-13,7007
1409,新纖,15,0,15,兆豐-竹北,2024-03-13,7007
2618,長榮航,20,5,15,兆豐-竹北,2024-03-13,7007
5383,金利,15,0,15,兆豐-竹北,2024-03-13,7007
6530,創威,35,20,15,兆豐-竹北,2024-03-13,7007
8091,翔名,15,0,15,兆豐-竹北,2024-03-13,7007
00632R,元大台灣50反1,65,51,14,兆豐-竹北,2024-03-13,7007
1418,東華,14,0,14,兆豐-竹北,2024-03-13,7007
1785,光洋科,15,1,14,兆豐-竹北,2024-03-13,7007
6274,台燿,15,2,13,兆豐-竹北,2024-03-13,7007
2465,麗臺,18,6,12,兆豐-竹北,2024-03-13,7007
4420,光明,12,0,12,兆豐-竹北,2024-03-13,7007
8064,東捷,18,6,12,兆豐-竹北,2024-03-13,7007
1618,合機,20,9,11,兆豐-竹北,2024-03-13,7007
00929,復華台灣科技優息,793,92,701,兆豐-竹北,2024-03-14,7007
00919,群益台灣精選高息,442,126,316,兆豐-竹北,2024-03-14,7007
00712,復華富時不動產,169,0,169,兆豐-竹北,2024-03-14,7007
2820,華票,73,1,72,兆豐-竹北,2024-03-14,7007
1316,上曜,84,19,65,兆豐-竹北,2024-03-14,7007
1609,大亞,55,3,52,兆豐-竹北,2024-03-14,7007
00918,大華優利高填息30,52,6,46,兆豐-竹北,2024-03-14,7007
6005,群益證,37,0,37,兆豐-竹北,2024-03-14,7007
9105,泰金寶-DR,35,0,35,兆豐-竹北,2024-03-14,7007
00679B,元大美債20年,44,9,35,兆豐-竹北,2024-03-14,7007
00720B,元大投資級公司債,54,20,34,兆豐-竹北,2024-03-14,7007
00687B,國泰20年美債,40,7,33,兆豐-竹北,2024-03-14,7007
00882,中信中國高股息,32,2,30,兆豐-竹北,2024-03-14,7007
00680L,元大美債20正2,28,0,28,兆豐-竹北,2024-03-14,7007
00937B,群益ESG投等債20,28,1,27,兆豐-竹北,2024-03-14,7007
2883,凱基金,101,76,25,兆豐-竹北,2024-03-14,7007
1702,南僑,24,2,22,兆豐-竹北,2024-03-14,7007
2105,正新,25,3,22,兆豐-竹北,2024-03-14,7007
6274,台燿,24,2,22,兆豐-竹北,2024-03-14,7007
00857B,永豐20年美公債,21,0,21,兆豐-竹北,2024-03-14,7007
00923,群益台ESG低碳50,20,0,20,兆豐-竹北,2024-03-14,7007
2887F,台新戊特二,20,0,20,兆豐-竹北,2024-03-14,7007
3264,欣銓,20,0,20,兆豐-竹北,2024-03-14,7007
6266,泰詠,20,0,20,兆豐-竹北,2024-03-14,7007
9908,大台北,20,0,20,兆豐-竹北,2024-03-14,7007
3035,智原,31,12,19,兆豐-竹北,2024-03-14,7007
2449,京元電子,26,7,19,兆豐-竹北,2024-03-14,7007
4123,晟德,18,0,18,兆豐-竹北,2024-03-14,7007
2313,華通,21,6,15,兆豐-竹北,2024-03-14,7007
3013,晟銘電,16,2,14,兆豐-竹北,2024-03-14,7007
3005,神基,23,10,13,兆豐-竹北,2024-03-14,7007
2356,英業達,16,3,13,兆豐-竹北,2024-03-14,7007
2610,華航,15,2,13,兆豐-竹北,2024-03-14,7007
2603,長榮,19,6,13,兆豐-竹北,2024-03-14,7007
2618,長榮航,38,25,13,兆豐-竹北,2024-03-14,7007
3017,奇鋐,16,4,12,兆豐-竹北,2024-03-14,7007
4743,合一,12,0,12,兆豐-竹北,2024-03-14,7007
6592B,和潤企業乙特,12,0,12,兆豐-竹北,2024-03-14,7007
5347,世界,19,8,11,兆豐-竹北,2024-03-14,7007
00772B,中信高評級公司債,11,0,11,兆豐-竹北,2024-03-14,7007
8936,國統,10,0,10,兆豐-竹北,2024-03-14,7007
00795B,中信美國公債20年,10,0,10,兆豐-竹北,2024-03-14,7007
2028,威致,10,0,10,兆豐-竹北,2024-03-14,7007
2485,兆赫,10,0,10,兆豐-竹北,2024-03-14,7007
2883B,凱基金乙特,10,0,10,兆豐-竹北,2024-03-14,7007
3025,星通,10,0,10,兆豐-竹北,2024-03-14,7007
4162,智擎,10,0,10,兆豐-竹北,2024-03-14,7007
4566,時碩工業,10,0,10,兆豐-竹北,2024-03-14,7007
6288,聯嘉,10,0,10,兆豐-竹北,2024-03-14,7007
8048,德勝,10,0,10,兆豐-竹北,2024-03-14,7007
00919,群益台灣精選高息,479,71,408,兆豐-竹北,2024-03-15,7007
00941,中信上游半導體,270,6,264,兆豐-竹北,2024-03-15,7007
00933B,國泰10Y+金融債,231,13,218,兆豐-竹北,2024-03-15,7007
00937B,群益ESG投等債20,216,30,186,兆豐-竹北,2024-03-15,7007
00918,大華優利高填息30,153,6,147,兆豐-竹北,2024-03-15,7007
4714,永捷,151,41,110,兆豐-竹北,2024-03-15,7007
00687B,國泰20年美債,118,10,108,兆豐-竹北,2024-03-15,7007
2883,凱基金,120,18,102,兆豐-竹北,2024-03-15,7007
2834,臺企銀,107,18,89,兆豐-竹北,2024-03-15,7007
00857B,永豐20年美公債,86,0,86,兆豐-竹北,2024-03-15,7007
00882,中信中國高股息,70,5,65,兆豐-竹北,2024-03-15,7007
00679B,元大美債20年,92,31,61,兆豐-竹北,2024-03-15,7007
00712,復華富時不動產,61,1,60,兆豐-竹北,2024-03-15,7007
5452,佶優,57,1,56,兆豐-竹北,2024-03-15,7007
6213,聯茂,52,3,49,兆豐-竹北,2024-03-15,7007
1513,中興電,52,6,46,兆豐-竹北,2024-03-15,7007
00680L,元大美債20正2,32,4,28,兆豐-竹北,2024-03-15,7007
6491,晶碩,27,1,26,兆豐-竹北,2024-03-15,7007
3231,緯創,107,83,24,兆豐-竹北,2024-03-15,7007
00915,凱基優選高股息30,26,2,24,兆豐-竹北,2024-03-15,7007
00753L,中信中國50正2,22,0,22,兆豐-竹北,2024-03-15,7007
1314,中石化,21,0,21,兆豐-竹北,2024-03-15,7007
2603,長榮,49,28,21,兆豐-竹北,2024-03-15,7007
8048,德勝,20,0,20,兆豐-竹北,2024-03-15,7007
1609,大亞,21,2,19,兆豐-竹北,2024-03-15,7007
2353,宏��,22,3,19,兆豐-竹北,2024-03-15,7007
2731,雄獅,30,11,19,兆豐-竹北,2024-03-15,7007
2610,華航,18,0,18,兆豐-竹北,2024-03-15,7007
9938,百和,22,4,18,兆豐-竹北,2024-03-15,7007
00923,群益台ESG低碳50,20,3,17,兆豐-竹北,2024-03-15,7007
2530,華建,19,3,16,兆豐-竹北,2024-03-15,7007
2352,佳世達,15,0,15,兆豐-竹北,2024-03-15,7007
2883B,凱基金乙特,15,0,15,兆豐-竹北,2024-03-15,7007
4566,時碩工業,15,0,15,兆豐-竹北,2024-03-15,7007
2618,長榮航,61,47,14,兆豐-竹北,2024-03-15,7007
2330,台積電,21,7,14,兆豐-竹北,2024-03-15,7007
3005,神基,13,0,13,兆豐-竹北,2024-03-15,7007
00665L,富邦�琤肭磪囓�2,73,61,12,兆豐-竹北,2024-03-15,7007
2485,兆赫,13,1,12,兆豐-竹北,2024-03-15,7007
3149,正達,12,0,12,兆豐-竹北,2024-03-15,7007
00751B,元大AAA至A公司債,11,0,11,兆豐-竹北,2024-03-15,7007
00720B,元大投資級公司債,12,1,11,兆豐-竹北,2024-03-15,7007
00893,國泰智能電動車,16,5,11,兆豐-竹北,2024-03-15,7007
2206,三陽工業,11,0,11,兆豐-竹北,2024-03-15,7007
4102,永日,11,0,11,兆豐-竹北,2024-03-15,7007
4967,十銓,13,2,11,兆豐-竹北,2024-03-15,7007
5383,金利,11,0,11,兆豐-竹北,2024-03-15,7007
1540,喬福,10,0,10,兆豐-竹北,2024-03-15,7007
1608,華榮,16,6,10,兆豐-竹北,2024-03-15,7007
2356,英業達,12,2,10,兆豐-竹北,2024-03-15,7007
00937B,群益ESG投等債20,1203,38,1165,兆豐-竹北,2024-03-18,7007
00919,群益台灣精選高息,206,17,189,兆豐-竹北,2024-03-18,7007
8096,擎亞,104,1,103,兆豐-竹北,2024-03-18,7007
00857B,永豐20年美公債,99,0,99,兆豐-竹北,2024-03-18,7007
2886,兆豐金,100,11,89,兆豐-竹北,2024-03-18,7007
00933B,國泰10Y+金融債,89,0,89,兆豐-竹北,2024-03-18,7007
00712,復華富時不動產,92,9,83,兆豐-竹北,2024-03-18,7007
00941,中信上游半導體,85,6,79,兆豐-竹北,2024-03-18,7007
00679B,元大美債20年,54,0,54,兆豐-竹北,2024-03-18,7007
2353,宏��,62,12,50,兆豐-竹北,2024-03-18,7007
2834,臺企銀,43,2,41,兆豐-竹北,2024-03-18,7007
00687B,國泰20年美債,44,6,38,兆豐-竹北,2024-03-18,7007
6592A,和潤企業甲特,38,0,38,兆豐-竹北,2024-03-18,7007
3042,晶技,40,3,37,兆豐-竹北,2024-03-18,7007
2603,長榮,36,1,35,兆豐-竹北,2024-03-18,7007
2820,華票,34,0,34,兆豐-竹北,2024-03-18,7007
00706L,期元大S＆P日圓正2,30,0,30,兆豐-竹北,2024-03-18,7007
8091,翔名,28,0,28,兆豐-竹北,2024-03-18,7007
00725B,國泰投資級公司債,207,180,27,兆豐-竹北,2024-03-18,7007
2486,一詮,35,9,26,兆豐-竹北,2024-03-18,7007
00878,國泰永續高股息,35,10,25,兆豐-竹北,2024-03-18,7007
2867,三商壽,24,0,24,兆豐-竹北,2024-03-18,7007
2887F,台新戊特二,23,0,23,兆豐-竹北,2024-03-18,7007
3515,華擎,20,0,20,兆豐-竹北,2024-03-18,7007
2610,華航,19,0,19,兆豐-竹北,2024-03-18,7007
8054,安國,30,11,19,兆豐-竹北,2024-03-18,7007
1608,華榮,22,4,18,兆豐-竹北,2024-03-18,7007
00915,凱基優選高股息30,16,0,16,兆豐-竹北,2024-03-18,7007
3374,精材,14,0,14,兆豐-竹北,2024-03-18,7007
00918,大華優利高填息30,13,0,13,兆豐-竹北,2024-03-18,7007
2408,南亞科,15,2,13,兆豐-竹北,2024-03-18,7007
6111,大宇資,13,0,13,兆豐-竹北,2024-03-18,7007
6472,保瑞,12,0,12,兆豐-竹北,2024-03-18,7007
3221,台嘉碩,12,0,12,兆豐-竹北,2024-03-18,7007
00795B,中信美國公債20年,11,0,11,兆豐-竹北,2024-03-18,7007
1616,億泰,11,0,11,兆豐-竹北,2024-03-18,7007
2542,興富發,10,0,10,兆豐-竹北,2024-03-18,7007
00664R,國泰臺灣加權反1,10,0,10,兆豐-竹北,2024-03-18,7007
00931B,統一美債20年,10,0,10,兆豐-竹北,2024-03-18,7007
1603,華電,10,0,10,兆豐-竹北,2024-03-18,7007
2421,建準,12,2,10,兆豐-竹北,2024-03-18,7007
2440,太空梭,10,0,10,兆豐-竹北,2024-03-18,7007
3715,定穎投控,56,46,10,兆豐-竹北,2024-03-18,7007
5512,力麒,10,0,10,兆豐-竹北,2024-03-18,7007
6649,台生材,10,0,10,兆豐-竹北,2024-03-18,7007
6531,愛普*,16,6,10,兆豐-竹北,2024-03-18,7007
2383,台光電,12,2,10,兆豐-竹北,2024-03-18,7007
2316,楠梓電,15,6,9,兆豐-竹北,2024-03-18,7007
2611,志信,23,14,9,兆豐-竹北,2024-03-18,7007
4109,加捷生醫,10,1,9,兆豐-竹北,2024-03-18,7007
00676R,富邦臺灣加權反1,300,0,300,兆豐-竹北,2024-03-19,7007
00941,中信上游半導體,305,166,139,兆豐-竹北,2024-03-19,7007
00679B,元大美債20年,59,0,59,兆豐-竹北,2024-03-19,7007
6213,聯茂,53,0,53,兆豐-竹北,2024-03-19,7007
2486,一詮,66,15,51,兆豐-竹北,2024-03-19,7007
6026,福邦證,47,0,47,兆豐-竹北,2024-03-19,7007
9938,百和,46,0,46,兆豐-竹北,2024-03-19,7007
00712,復華富時不動產,50,5,45,兆豐-竹北,2024-03-19,7007
00919,群益台灣精選高息,172,127,45,兆豐-竹北,2024-03-19,7007
8936,國統,54,10,44,兆豐-竹北,2024-03-19,7007
00648R,元大S＆P500反1,42,0,42,兆豐-竹北,2024-03-19,7007
00687B,國泰20年美債,42,0,42,兆豐-竹北,2024-03-19,7007
5443,均豪,37,6,31,兆豐-竹北,2024-03-19,7007
1605,華新,35,5,30,兆豐-竹北,2024-03-19,7007
2356,英業達,35,5,30,兆豐-竹北,2024-03-19,7007
2367,燿華,36,6,30,兆豐-竹北,2024-03-19,7007
2891B,中信金乙特,30,0,30,兆豐-竹北,2024-03-19,7007
6120,達運,31,2,29,兆豐-竹北,2024-03-19,7007
00915,凱基優選高股息30,37,9,28,兆豐-竹北,2024-03-19,7007
2834,臺企銀,28,1,27,兆豐-竹北,2024-03-19,7007
00751B,元大AAA至A公司債,25,0,25,兆豐-竹北,2024-03-19,7007
3481,群創,21,1,20,兆豐-竹北,2024-03-19,7007
2368,金像電,23,3,20,兆豐-竹北,2024-03-19,7007
2009,第一銅,30,10,20,兆豐-竹北,2024-03-19,7007
3005,神基,30,11,19,兆豐-竹北,2024-03-19,7007
00927,群益半導體收益,17,0,17,兆豐-竹北,2024-03-19,7007
00882,中信中國高股息,20,3,17,兆豐-竹北,2024-03-19,7007
2881,富邦金,17,0,17,兆豐-竹北,2024-03-19,7007
00923,群益台ESG低碳50,16,0,16,兆豐-竹北,2024-03-19,7007
2812,台中銀,16,1,15,兆豐-竹北,2024-03-19,7007
6278,台表科,15,0,15,兆豐-竹北,2024-03-19,7007
9945,潤泰新,14,0,14,兆豐-竹北,2024-03-19,7007
00857B,永豐20年美公債,15,1,14,兆豐-竹北,2024-03-19,7007
6877,鏵友益,14,0,14,兆豐-竹北,2024-03-19,7007
00637L,元大滬深300正2,12,0,12,兆豐-竹北,2024-03-19,7007
00706L,期元大S＆P日圓正2,12,0,12,兆豐-竹北,2024-03-19,7007
6257,矽格,13,2,11,兆豐-竹北,2024-03-19,7007
3231,緯創,49,39,10,兆豐-竹北,2024-03-19,7007
00720B,元大投資級公司債,10,0,10,兆豐-竹北,2024-03-19,7007
1733,五鼎,10,0,10,兆豐-竹北,2024-03-19,7007
2337,旺宏,10,0,10,兆豐-竹北,2024-03-19,7007
3691,碩禾,10,0,10,兆豐-竹北,2024-03-19,7007
8213,志超,10,0,10,兆豐-竹北,2024-03-19,7007
8271,宇瞻,10,0,10,兆豐-竹北,2024-03-19,7007
3017,奇鋐,22,13,9,兆豐-竹北,2024-03-19,7007
1316,上曜,18,9,9,兆豐-竹北,2024-03-19,7007
2316,楠梓電,19,10,9,兆豐-竹北,2024-03-19,7007
2369,菱生,18,9,9,兆豐-竹北,2024-03-19,7007
3363,上詮,13,4,9,兆豐-竹北,2024-03-19,7007
6113,亞矽,10,2,8,兆豐-竹北,2024-03-19,7007
00939,統一台灣高息動能,945,143,802,兆豐-竹北,2024-03-20,7007
00919,群益台灣精選高息,384,189,195,兆豐-竹北,2024-03-20,7007
00931B,統一美債20年,200,20,180,兆豐-竹北,2024-03-20,7007
00941,中信上游半導體,133,12,121,兆豐-竹北,2024-03-20,7007
00650L,復華香港正2,120,0,120,兆豐-竹北,2024-03-20,7007
2352,佳世達,112,1,111,兆豐-竹北,2024-03-20,7007
00688L,國泰20年美債正2,100,0,100,兆豐-竹北,2024-03-20,7007
00937B,群益ESG投等債20,187,94,93,兆豐-竹北,2024-03-20,7007
9933,中鼎,70,0,70,兆豐-竹北,2024-03-20,7007
00679B,元大美債20年,54,0,54,兆豐-竹北,2024-03-20,7007
2897,王道銀行,47,0,47,兆豐-竹北,2024-03-20,7007
00687B,國泰20年美債,50,12,38,兆豐-竹北,2024-03-20,7007
00753L,中信中國50正2,41,10,31,兆豐-竹北,2024-03-20,7007
6284,佳邦,33,3,30,兆豐-竹北,2024-03-20,7007
00632R,元大台灣50反1,25,0,25,兆豐-竹北,2024-03-20,7007
2888,新光金,24,0,24,兆豐-竹北,2024-03-20,7007
00885,富邦越南,23,0,23,兆豐-竹北,2024-03-20,7007
00665L,富邦�琤肭磪囓�2,48,26,22,兆豐-竹北,2024-03-20,7007
1312,國喬,20,0,20,兆豐-竹北,2024-03-20,7007
00725B,國泰投資級公司債,20,0,20,兆豐-竹北,2024-03-20,7007
5009,榮剛,20,0,20,兆豐-竹北,2024-03-20,7007
2634,漢翔,19,0,19,兆豐-竹北,2024-03-20,7007
0056,元大高股息,21,2,19,兆豐-竹北,2024-03-20,7007
4109,加捷生醫,20,2,18,兆豐-竹北,2024-03-20,7007
6278,台表科,22,4,18,兆豐-竹北,2024-03-20,7007
5483,中美晶,29,11,18,兆豐-竹北,2024-03-20,7007
2344,華邦電,16,0,16,兆豐-竹北,2024-03-20,7007
3162,精確,15,0,15,兆豐-竹北,2024-03-20,7007
9945,潤泰新,15,1,14,兆豐-竹北,2024-03-20,7007
2867,三商壽,14,0,14,兆豐-竹北,2024-03-20,7007
2885,元大金,14,0,14,兆豐-竹北,2024-03-20,7007
2303,聯電,28,15,13,兆豐-竹北,2024-03-20,7007
4938,和碩,40,27,13,兆豐-竹北,2024-03-20,7007
2880,華南金,13,0,13,兆豐-竹北,2024-03-20,7007
6274,台燿,13,1,12,兆豐-竹北,2024-03-20,7007
3005,神基,24,12,12,兆豐-竹北,2024-03-20,7007
00882,中信中國高股息,12,0,12,兆豐-竹北,2024-03-20,7007
6275,元山,12,0,12,兆豐-竹北,2024-03-20,7007
6462,神盾,19,7,12,兆豐-竹北,2024-03-20,7007
2610,華航,12,0,12,兆豐-竹北,2024-03-20,7007
1314,中石化,11,0,11,兆豐-竹北,2024-03-20,7007
1102,亞泥,10,0,10,兆豐-竹北,2024-03-20,7007
1733,五鼎,10,0,10,兆豐-竹北,2024-03-20,7007
2504,國產,10,0,10,兆豐-竹北,2024-03-20,7007
2641,正德,10,0,10,兆豐-竹北,2024-03-20,7007
2838,聯邦銀,10,0,10,兆豐-竹北,2024-03-20,7007
3491,昇達科,10,0,10,兆豐-竹北,2024-03-20,7007
6245,立端,10,0,10,兆豐-竹北,2024-03-20,7007
6257,矽格,15,5,10,兆豐-竹北,2024-03-20,7007
1815,富喬,10,0,10,兆豐-竹北,2024-03-20,7007
00939,統一台灣高息動能,449,43,406,兆豐-竹北,2024-03-21,7007
00919,群益台灣精選高息,328,41,287,兆豐-竹北,2024-03-21,7007
00676R,富邦臺灣加權反1,200,0,200,兆豐-竹北,2024-03-21,7007
4743,合一,100,0,100,兆豐-竹北,2024-03-21,7007
2611,志信,101,5,96,兆豐-竹北,2024-03-21,7007
2367,燿華,114,20,94,兆豐-竹北,2024-03-21,7007
00929,復華台灣科技優息,115,24,91,兆豐-竹北,2024-03-21,7007
3041,揚智,87,26,61,兆豐-竹北,2024-03-21,7007
1702,南僑,61,1,60,兆豐-竹北,2024-03-21,7007
2884,玉山金,80,21,59,兆豐-竹北,2024-03-21,7007
3033,威健,57,0,57,兆豐-竹北,2024-03-21,7007
00687B,國泰20年美債,45,0,45,兆豐-竹北,2024-03-21,7007
00933B,國泰10Y+金融債,41,0,41,兆豐-竹北,2024-03-21,7007
8092,建暐,40,0,40,兆豐-竹北,2024-03-21,7007
00857B,永豐20年美公債,38,0,38,兆豐-竹北,2024-03-21,7007
6244,茂迪,41,3,38,兆豐-竹北,2024-03-21,7007
00679B,元大美債20年,51,18,33,兆豐-竹北,2024-03-21,7007
2426,鼎元,33,1,32,兆豐-竹北,2024-03-21,7007
6197,佳必琪,31,0,31,兆豐-竹北,2024-03-21,7007
2888,新光金,55,24,31,兆豐-竹北,2024-03-21,7007
2887F,台新戊特二,30,0,30,兆豐-竹北,2024-03-21,7007
3360,尚立,30,0,30,兆豐-竹北,2024-03-21,7007
5009,榮剛,30,0,30,兆豐-竹北,2024-03-21,7007
9933,中鼎,30,0,30,兆豐-竹北,2024-03-21,7007
2867,三商壽,24,0,24,兆豐-竹北,2024-03-21,7007
00923,群益台ESG低碳50,45,22,23,兆豐-竹北,2024-03-21,7007
00931B,統一美債20年,23,0,23,兆豐-竹北,2024-03-21,7007
3706,神達,56,33,23,兆豐-竹北,2024-03-21,7007
2801,彰銀,22,0,22,兆豐-竹北,2024-03-21,7007
8411,福貞-KY,21,0,21,兆豐-竹北,2024-03-21,7007
2845,遠東銀,20,0,20,兆豐-竹北,2024-03-21,7007
2889,國票金,20,0,20,兆豐-竹北,2024-03-21,7007
00712,復華富時不動產,20,1,19,兆豐-竹北,2024-03-21,7007
3363,上詮,19,0,19,兆豐-竹北,2024-03-21,7007
8112,至上,26,9,17,兆豐-竹北,2024-03-21,7007
6278,台表科,44,27,17,兆豐-竹北,2024-03-21,7007
00648R,元大S＆P500反1,15,0,15,兆豐-竹北,2024-03-21,7007
1733,五鼎,15,0,15,兆豐-竹北,2024-03-21,7007
6668,中揚光,20,5,15,兆豐-竹北,2024-03-21,7007
8044,網家,15,0,15,兆豐-竹北,2024-03-21,7007
4420,光明,14,0,14,兆豐-竹北,2024-03-21,7007
2301,光寶科,20,6,14,兆豐-竹北,2024-03-21,7007
3231,緯創,22,9,13,兆豐-竹北,2024-03-21,7007
00664R,國泰臺灣加權反1,13,0,13,兆豐-竹北,2024-03-21,7007
2374,佳能,16,4,12,兆豐-竹北,2024-03-21,7007
3390,旭軟,11,0,11,兆豐-竹北,2024-03-21,7007
5383,金利,11,0,11,兆豐-竹北,2024-03-21,7007
6877,鏵友益,11,0,11,兆豐-竹北,2024-03-21,7007
2354,鴻準,12,1,11,兆豐-竹北,2024-03-21,7007
3289,宜特,10,0,10,兆豐-竹北,2024-03-21,7007
00919,群益台灣精選高息,513,49,464,兆豐-竹北,2024-03-22,7007
00712,復華富時不動產,322,34,288,兆豐-竹北,2024-03-22,7007
00939,統一台灣高息動能,444,191,253,兆豐-竹北,2024-03-22,7007
00937B,群益ESG投等債20,230,14,216,兆豐-竹北,2024-03-22,7007
00632R,元大台灣50反1,184,5,179,兆豐-竹北,2024-03-22,7007
00679B,元大美債20年,132,5,127,兆豐-竹北,2024-03-22,7007
6026,福邦證,63,1,62,兆豐-竹北,2024-03-22,7007
2888,新光金,57,0,57,兆豐-竹北,2024-03-22,7007
2880,華南金,41,0,41,兆豐-竹北,2024-03-22,7007
00642U,期元大S＆P石油,41,1,40,兆豐-竹北,2024-03-22,7007
4743,合一,35,0,35,兆豐-竹北,2024-03-22,7007
3706,神達,75,43,32,兆豐-竹北,2024-03-22,7007
00753L,中信中國50正2,34,2,32,兆豐-竹北,2024-03-22,7007
1722,台肥,30,0,30,兆豐-竹北,2024-03-22,7007
2887F,台新戊特二,30,0,30,兆豐-竹北,2024-03-22,7007
6120,達運,30,0,30,兆豐-竹北,2024-03-22,7007
2303,聯電,30,3,27,兆豐-竹北,2024-03-22,7007
6005,群益證,26,0,26,兆豐-竹北,2024-03-22,7007
3005,神基,34,9,25,兆豐-竹北,2024-03-22,7007
00650L,復華香港正2,25,0,25,兆豐-竹北,2024-03-22,7007
3515,華擎,22,0,22,兆豐-竹北,2024-03-22,7007
6116,彩晶,20,0,20,兆豐-竹北,2024-03-22,7007
3264,欣銓,20,2,18,兆豐-竹北,2024-03-22,7007
2603,長榮,24,8,16,兆豐-竹北,2024-03-22,7007
00651R,復華香港反1,16,0,16,兆豐-竹北,2024-03-22,7007
2542,興富發,16,0,16,兆豐-竹北,2024-03-22,7007
1513,中興電,34,19,15,兆豐-竹北,2024-03-22,7007
2301,光寶科,27,13,14,兆豐-竹北,2024-03-22,7007
00688L,國泰20年美債正2,14,0,14,兆豐-竹北,2024-03-22,7007
2367,燿華,36,22,14,兆豐-竹北,2024-03-22,7007
5383,金利,14,0,14,兆豐-竹北,2024-03-22,7007
2329,華泰,25,11,14,兆豐-竹北,2024-03-22,7007
3083,網龍,14,1,13,兆豐-竹北,2024-03-22,7007
2408,南亞科,37,25,12,兆豐-竹北,2024-03-22,7007
5347,世界,13,1,12,兆豐-竹北,2024-03-22,7007
6278,台表科,12,0,12,兆豐-竹北,2024-03-22,7007
1503,士電,22,11,11,兆豐-竹北,2024-03-22,7007
1702,南僑,11,0,11,兆豐-竹北,2024-03-22,7007
3033,威健,11,0,11,兆豐-竹北,2024-03-22,7007
3260,威剛,26,15,11,兆豐-竹北,2024-03-22,7007
3545,敦泰,11,0,11,兆豐-竹北,2024-03-22,7007
1733,五鼎,10,0,10,兆豐-竹北,2024-03-22,7007
5209,新鼎,10,0,10,兆豐-竹北,2024-03-22,7007
5534,長虹,10,0,10,兆豐-竹北,2024-03-22,7007
6016,康和證,10,0,10,兆豐-竹北,2024-03-22,7007
00882,中信中國高股息,9,0,9,兆豐-竹北,2024-03-22,7007
6667,信紘科,10,1,9,兆豐-竹北,2024-03-22,7007
2486,一詮,65,56,9,兆豐-竹北,2024-03-22,7007
6550,北極星藥業-KY,10,1,9,兆豐-竹北,2024-03-22,7007
2006,東和鋼鐵,8,0,8,兆豐-竹北,2024-03-22,7007
00937B,群益ESG投等債20,666,0,666,兆豐-竹北,2024-03-25,7007
00929,復華台灣科技優息,264,24,240,兆豐-竹北,2024-03-25,7007
3050,鈺德,216,0,216,兆豐-竹北,2024-03-25,7007
2897,王道銀行,211,0,211,兆豐-竹北,2024-03-25,7007
00857B,永豐20年美公債,110,0,110,兆豐-竹北,2024-03-25,7007
00941,中信上游半導體,149,41,108,兆豐-竹北,2024-03-25,7007
8028,昇陽半導體,101,1,100,兆豐-竹北,2024-03-25,7007
1609,大亞,96,19,77,兆豐-竹北,2024-03-25,7007
00939,統一台灣高息動能,96,25,71,兆豐-竹北,2024-03-25,7007
2867,三商壽,65,0,65,兆豐-竹北,2024-03-25,7007
2887F,台新戊特二,56,0,56,兆豐-竹北,2024-03-25,7007
1618,合機,53,7,46,兆豐-竹北,2024-03-25,7007
1714,和桐,45,0,45,兆豐-竹北,2024-03-25,7007
00915,凱基優選高股息30,88,44,44,兆豐-竹北,2024-03-25,7007
4513,福裕,40,0,40,兆豐-竹北,2024-03-25,7007
00918,大華優利高填息30,35,0,35,兆豐-竹北,2024-03-25,7007
2881,富邦金,34,5,29,兆豐-竹北,2024-03-25,7007
6284,佳邦,37,8,29,兆豐-竹北,2024-03-25,7007
2356,英業達,55,28,27,兆豐-竹北,2024-03-25,7007
3545,敦泰,30,4,26,兆豐-竹北,2024-03-25,7007
00891,中信關鍵半導體,26,1,25,兆豐-竹北,2024-03-25,7007
2888,新光金,38,14,24,兆豐-竹北,2024-03-25,7007
2485,兆赫,22,0,22,兆豐-竹北,2024-03-25,7007
3483,力致,22,1,21,兆豐-竹北,2024-03-25,7007
00753L,中信中國50正2,20,0,20,兆豐-竹北,2024-03-25,7007
1733,五鼎,20,0,20,兆豐-竹北,2024-03-25,7007
4951,精拓科,20,0,20,兆豐-竹北,2024-03-25,7007
4958,臻鼎-KY,20,0,20,兆豐-竹北,2024-03-25,7007
4938,和碩,21,2,19,兆豐-竹北,2024-03-25,7007
5439,高技,32,13,19,兆豐-竹北,2024-03-25,7007
6548,長科*,18,0,18,兆豐-竹北,2024-03-25,7007
3059,華晶科,27,10,17,兆豐-竹北,2024-03-25,7007
6257,矽格,22,5,17,兆豐-竹北,2024-03-25,7007
1723,中碳,15,0,15,兆豐-竹北,2024-03-25,7007
8411,福貞-KY,14,0,14,兆豐-竹北,2024-03-25,7007
2303,聯電,15,2,13,兆豐-竹北,2024-03-25,7007
1608,華榮,13,0,13,兆豐-竹北,2024-03-25,7007
00687B,國泰20年美債,67,55,12,兆豐-竹北,2024-03-25,7007
2367,燿華,23,11,12,兆豐-竹北,2024-03-25,7007
2344,華邦電,16,4,12,兆豐-竹北,2024-03-25,7007
0056,元大高股息,13,1,12,兆豐-竹北,2024-03-25,7007
00923,群益台ESG低碳50,20,9,11,兆豐-竹北,2024-03-25,7007
8222,寶一,21,10,11,兆豐-竹北,2024-03-25,7007
6139,亞翔,17,6,11,兆豐-竹北,2024-03-25,7007
1316,上曜,11,1,10,兆豐-竹北,2024-03-25,7007
2891,中信金,12,2,10,兆豐-竹北,2024-03-25,7007
3030,德律,10,0,10,兆豐-竹北,2024-03-25,7007
4153,鈺緯,10,0,10,兆豐-竹北,2024-03-25,7007
2884,玉山金,10,1,9,兆豐-竹北,2024-03-25,7007
3583,辛耘,13,4,9,兆豐-竹北,2024-03-25,7007
3050,鈺德,367,8,359,兆豐-竹北,2024-03-26,7007
00919,群益台灣精選高息,347,73,274,兆豐-竹北,2024-03-26,7007
00918,大華優利高填息30,190,1,189,兆豐-竹北,2024-03-26,7007
00937B,群益ESG投等債20,155,0,155,兆豐-竹北,2024-03-26,7007
00929,復華台灣科技優息,127,23,104,兆豐-竹北,2024-03-26,7007
3231,緯創,122,33,89,兆豐-竹北,2024-03-26,7007
00915,凱基優選高股息30,97,13,84,兆豐-竹北,2024-03-26,7007
00857B,永豐20年美公債,60,0,60,兆豐-竹北,2024-03-26,7007
2887F,台新戊特二,60,0,60,兆豐-竹北,2024-03-26,7007
00941,中信上游半導體,70,16,54,兆豐-竹北,2024-03-26,7007
00885,富邦越南,50,0,50,兆豐-竹北,2024-03-26,7007
2486,一詮,68,27,41,兆豐-竹北,2024-03-26,7007
8936,國統,44,18,26,兆豐-竹北,2024-03-26,7007
2388,威盛,31,6,25,兆豐-竹北,2024-03-26,7007
2449,京元電子,25,1,24,兆豐-竹北,2024-03-26,7007
3481,群創,23,1,22,兆豐-竹北,2024-03-26,7007
2888,新光金,22,0,22,兆豐-竹北,2024-03-26,7007
6776,展�眥篕�,22,0,22,兆豐-竹北,2024-03-26,7007
00751B,元大AAA至A公司債,21,1,20,兆豐-竹北,2024-03-26,7007
2515,中工,20,0,20,兆豐-竹北,2024-03-26,7007
6592B,和潤企業乙特,20,0,20,兆豐-竹北,2024-03-26,7007
9933,中鼎,20,0,20,兆豐-竹北,2024-03-26,7007
2884,玉山金,40,24,16,兆豐-竹北,2024-03-26,7007
2610,華航,18,2,16,兆豐-竹北,2024-03-26,7007
3703,欣陸,16,0,16,兆豐-竹北,2024-03-26,7007
8033,雷虎,18,2,16,兆豐-竹北,2024-03-26,7007
8092,建暐,35,19,16,兆豐-竹北,2024-03-26,7007
1503,士電,22,7,15,兆豐-竹北,2024-03-26,7007
1616,億泰,16,1,15,兆豐-竹北,2024-03-26,7007
2883B,凱基金乙特,15,0,15,兆豐-竹北,2024-03-26,7007
4979,華星光,13,0,13,兆豐-竹北,2024-03-26,7007
1514,亞力,20,7,13,兆豐-竹北,2024-03-26,7007
1513,中興電,68,56,12,兆豐-竹北,2024-03-26,7007
00882,中信中國高股息,15,3,12,兆豐-竹北,2024-03-26,7007
2820,華票,20,8,12,兆豐-竹北,2024-03-26,7007
5371,中光電,11,0,11,兆豐-竹北,2024-03-26,7007
1609,大亞,37,26,11,兆豐-竹北,2024-03-26,7007
2630,亞航,11,0,11,兆豐-竹北,2024-03-26,7007
4908,前鼎,13,2,11,兆豐-竹北,2024-03-26,7007
4960,誠美材,11,0,11,兆豐-竹北,2024-03-26,7007
3374,精材,10,0,10,兆豐-竹北,2024-03-26,7007
00904,新光臺灣半導體30,10,0,10,兆豐-竹北,2024-03-26,7007
2399,映泰,10,0,10,兆豐-竹北,2024-03-26,7007
6278,台表科,40,30,10,兆豐-竹北,2024-03-26,7007
0056,元大高股息,15,6,9,兆豐-竹北,2024-03-26,7007
3059,華晶科,20,11,9,兆豐-竹北,2024-03-26,7007
3363,上詮,10,1,9,兆豐-竹北,2024-03-26,7007
3444,利機,9,0,9,兆豐-竹北,2024-03-26,7007
6122,擎邦,9,1,8,兆豐-竹北,2024-03-26,7007
2845,遠東銀,10,2,8,兆豐-竹北,2024-03-26,7007
00937B,群益ESG投等債20,1364,0,1364,兆豐-竹北,2024-03-27,7007
00753L,中信中國50正2,210,0,210,兆豐-竹北,2024-03-27,7007
00632R,元大台灣50反1,200,0,200,兆豐-竹北,2024-03-27,7007
3050,鈺德,137,0,137,兆豐-竹北,2024-03-27,7007
2880,華南金,80,0,80,兆豐-竹北,2024-03-27,7007
2356,英業達,80,4,76,兆豐-竹北,2024-03-27,7007
00939,統一台灣高息動能,93,19,74,兆豐-竹北,2024-03-27,7007
6163,華電網,71,0,71,兆豐-竹北,2024-03-27,7007
2883,凱基金,132,76,56,兆豐-竹北,2024-03-27,7007
6176,瑞儀,53,1,52,兆豐-竹北,2024-03-27,7007
2371,大同,101,51,50,兆豐-竹北,2024-03-27,7007
3062,建漢,54,7,47,兆豐-竹北,2024-03-27,7007
1733,五鼎,40,0,40,兆豐-竹北,2024-03-27,7007
00941,中信上游半導體,48,10,38,兆豐-竹北,2024-03-27,7007
2888,新光金,40,11,29,兆豐-竹北,2024-03-27,7007
2301,光寶科,46,18,28,兆豐-竹北,2024-03-27,7007
2353,宏��,32,4,28,兆豐-竹北,2024-03-27,7007
2206,三陽工業,21,0,21,兆豐-竹北,2024-03-27,7007
8091,翔名,21,0,21,兆豐-竹北,2024-03-27,7007
2486,一詮,24,4,20,兆豐-竹北,2024-03-27,7007
3042,晶技,22,2,20,兆豐-竹北,2024-03-27,7007
2884,玉山金,20,1,19,兆豐-竹北,2024-03-27,7007
3030,德律,19,0,19,兆豐-竹北,2024-03-27,7007
1605,華新,31,13,18,兆豐-竹北,2024-03-27,7007
3231,緯創,66,48,18,兆豐-竹北,2024-03-27,7007
2354,鴻準,33,16,17,兆豐-竹北,2024-03-27,7007
1316,上曜,21,4,17,兆豐-竹北,2024-03-27,7007
00706L,期元大S＆P日圓正2,11,0,11,兆豐-竹北,2024-03-27,7007
6589,台康生技,11,0,11,兆豐-竹北,2024-03-27,7007
1503,士電,13,2,11,兆豐-竹北,2024-03-27,7007
00923,群益台ESG低碳50,10,0,10,兆豐-竹北,2024-03-27,7007
2208,台船,10,0,10,兆豐-竹北,2024-03-27,7007
2867,三商壽,10,0,10,兆豐-竹北,2024-03-27,7007
3479,安勤,11,1,10,兆豐-竹北,2024-03-27,7007
4714,永捷,11,1,10,兆豐-竹北,2024-03-27,7007
2603,長榮,17,7,10,兆豐-竹北,2024-03-27,7007
2611,志信,10,0,10,兆豐-竹北,2024-03-27,7007
00909,國泰數位支付服務,10,1,9,兆豐-竹北,2024-03-27,7007
2421,建準,18,9,9,兆豐-竹北,2024-03-27,7007
2851,中再保,11,2,9,兆豐-竹北,2024-03-27,7007
1702,南僑,9,1,8,兆豐-竹北,2024-03-27,7007
1612,宏泰,11,4,7,兆豐-竹北,2024-03-27,7007
2316,楠梓電,11,4,7,兆豐-竹北,2024-03-27,7007
3406,玉晶光,9,2,7,兆豐-竹北,2024-03-27,7007
5351,鈺創,7,0,7,兆豐-竹北,2024-03-27,7007
8926,台汽電,7,0,7,兆豐-竹北,2024-03-27,7007
2892,第一金,7,0,7,兆豐-竹北,2024-03-27,7007
2850,新產,8,2,6,兆豐-竹北,2024-03-27,7007
3027,盛達,14,8,6,兆豐-竹北,2024-03-27,7007
4109,加捷生醫,9,3,6,兆豐-竹北,2024-03-27,7007
2888,新光金,173,0,173,兆豐-竹北,2024-03-28,7007
8033,雷虎,131,14,117,兆豐-竹北,2024-03-28,7007
3050,鈺德,99,0,99,兆豐-竹北,2024-03-28,7007
00941,中信上游半導體,89,3,86,兆豐-竹北,2024-03-28,7007
00637L,元大滬深300正2,90,8,82,兆豐-竹北,2024-03-28,7007
3703,欣陸,80,0,80,兆豐-竹北,2024-03-28,7007
00919,群益台灣精選高息,147,68,79,兆豐-竹北,2024-03-28,7007
1440,南紡,60,0,60,兆豐-竹北,2024-03-28,7007
2515,中工,61,2,59,兆豐-竹北,2024-03-28,7007
2883,凱基金,73,17,56,兆豐-竹北,2024-03-28,7007
3062,建漢,122,68,54,兆豐-竹北,2024-03-28,7007
2328,廣宇,61,12,49,兆豐-竹北,2024-03-28,7007
1314,中石化,50,2,48,兆豐-竹北,2024-03-28,7007
3231,緯創,57,11,46,兆豐-竹北,2024-03-28,7007
00939,統一台灣高息動能,44,4,40,兆豐-竹北,2024-03-28,7007
4961,天鈺,36,3,33,兆豐-竹北,2024-03-28,7007
1301,台塑,31,0,31,兆豐-竹北,2024-03-28,7007
4402,郡都開發,30,0,30,兆豐-竹北,2024-03-28,7007
2887F,台新戊特二,29,0,29,兆豐-竹北,2024-03-28,7007
6163,華電網,30,1,29,兆豐-竹北,2024-03-28,7007
00706L,期元大S＆P日圓正2,24,0,24,兆豐-竹北,2024-03-28,7007
2618,長榮航,28,5,23,兆豐-竹北,2024-03-28,7007
2634,漢翔,51,29,22,兆豐-竹北,2024-03-28,7007
8092,建暐,28,6,22,兆豐-竹北,2024-03-28,7007
1609,大亞,31,10,21,兆豐-竹北,2024-03-28,7007
3005,神基,27,7,20,兆豐-竹北,2024-03-28,7007
2489,瑞軒,20,0,20,兆豐-竹北,2024-03-28,7007
6244,茂迪,20,0,20,兆豐-竹北,2024-03-28,7007
00882,中信中國高股息,33,14,19,兆豐-竹北,2024-03-28,7007
5515,建國,22,5,17,兆豐-竹北,2024-03-28,7007
00930,永豐ESG低碳高息,16,0,16,兆豐-竹北,2024-03-28,7007
2838,聯邦銀,16,0,16,兆豐-竹北,2024-03-28,7007
4743,合一,15,0,15,兆豐-竹北,2024-03-28,7007
6129,普誠,15,1,14,兆豐-竹北,2024-03-28,7007
8091,翔名,14,0,14,兆豐-竹北,2024-03-28,7007
9105,泰金寶-DR,15,1,14,兆豐-竹北,2024-03-28,7007
2354,鴻準,36,23,13,兆豐-竹北,2024-03-28,7007
2880,華南金,12,0,12,兆豐-竹北,2024-03-28,7007
3704,合勤控,13,1,12,兆豐-竹北,2024-03-28,7007
2303,聯電,20,8,12,兆豐-竹北,2024-03-28,7007
0056,元大高股息,13,1,12,兆豐-竹北,2024-03-28,7007
2732,六角,11,0,11,兆豐-竹北,2024-03-28,7007
6548,長科*,11,0,11,兆豐-竹北,2024-03-28,7007
1722,台肥,10,0,10,兆豐-竹北,2024-03-28,7007
2836,高雄銀,10,0,10,兆豐-竹北,2024-03-28,7007
2867,三商壽,10,0,10,兆豐-竹北,2024-03-28,7007
3090,日電貿,10,0,10,兆豐-竹北,2024-03-28,7007
3645,達邁,10,0,10,兆豐-竹北,2024-03-28,7007
4951,精拓科,10,0,10,兆豐-竹北,2024-03-28,7007
4979,華星光,11,1,10,兆豐-竹北,2024-03-28,7007
00937B,群益ESG投等債20,2190,0,2190,兆豐-竹北,2024-03-29,7007
3050,鈺德,440,0,440,兆豐-竹北,2024-03-29,7007
00919,群益台灣精選高息,460,63,397,兆豐-竹北,2024-03-29,7007
3339,泰谷,136,0,136,兆豐-竹北,2024-03-29,7007
2356,英業達,176,53,123,兆豐-竹北,2024-03-29,7007
2371,大同,151,42,109,兆豐-竹北,2024-03-29,7007
3706,神達,106,31,75,兆豐-竹北,2024-03-29,7007
00885,富邦越南,60,0,60,兆豐-竹北,2024-03-29,7007
8033,雷虎,68,8,60,兆豐-竹北,2024-03-29,7007
2317,鴻海,75,22,53,兆豐-竹北,2024-03-29,7007
8926,台汽電,54,3,51,兆豐-竹北,2024-03-29,7007
00939,統一台灣高息動能,89,44,45,兆豐-竹北,2024-03-29,7007
00933B,國泰10Y+金融債,38,4,34,兆豐-竹北,2024-03-29,7007
2023,燁輝,30,0,30,兆豐-竹北,2024-03-29,7007
00941,中信上游半導體,29,0,29,兆豐-竹北,2024-03-29,7007
2324,仁寶,27,0,27,兆豐-竹北,2024-03-29,7007
00929,復華台灣科技優息,37,12,25,兆豐-竹北,2024-03-29,7007
6189,豐藝,24,0,24,兆豐-竹北,2024-03-29,7007
00687B,國泰20年美債,25,3,22,兆豐-竹北,2024-03-29,7007
1455,集盛,22,0,22,兆豐-竹北,2024-03-29,7007
2312,金寶,21,0,21,兆豐-竹北,2024-03-29,7007
1722,台肥,18,0,18,兆豐-竹北,2024-03-29,7007
2610,華航,17,0,17,兆豐-竹北,2024-03-29,7007
1444,力麗,15,0,15,兆豐-竹北,2024-03-29,7007
4939,亞電,15,0,15,兆豐-竹北,2024-03-29,7007
5603,陸海,15,0,15,兆豐-竹北,2024-03-29,7007
2367,燿華,14,1,13,兆豐-竹北,2024-03-29,7007
2542,興富發,13,0,13,兆豐-竹北,2024-03-29,7007
3032,偉訓,13,0,13,兆豐-竹北,2024-03-29,7007
2382,廣達,48,35,13,兆豐-竹北,2024-03-29,7007
2328,廣宇,16,5,11,兆豐-竹北,2024-03-29,7007
00878,國泰永續高股息,28,17,11,兆豐-竹北,2024-03-29,7007
2206,三陽工業,11,0,11,兆豐-竹北,2024-03-29,7007
6578,達邦蛋白,13,2,11,兆豐-竹北,2024-03-29,7007
8112,至上,11,0,11,兆豐-竹北,2024-03-29,7007
2365,昆盈,16,6,10,兆豐-竹北,2024-03-29,7007
2515,中工,20,10,10,兆豐-竹北,2024-03-29,7007
3703,欣陸,12,2,10,兆豐-竹北,2024-03-29,7007
4931,新盛力,10,0,10,兆豐-竹北,2024-03-29,7007
6163,華電網,10,0,10,兆豐-竹北,2024-03-29,7007
6641,基士德-KY,10,0,10,兆豐-竹北,2024-03-29,7007
3289,宜特,10,1,9,兆豐-竹北,2024-03-29,7007
6290,良維,11,3,8,兆豐-竹北,2024-03-29,7007
3035,智原,10,2,8,兆豐-竹北,2024-03-29,7007
00632R,元大台灣50反1,8,0,8,兆豐-竹北,2024-03-29,7007
2486,一詮,11,3,8,兆豐-竹北,2024-03-29,7007
4532,瑞智,8,0,8,兆豐-竹北,2024-03-29,7007
4566,時碩工業,8,0,8,兆豐-竹北,2024-03-29,7007
8054,安國,21,14,7,兆豐-竹北,2024-03-29,7007
2301,光寶科,69,62,7,兆豐-竹北,2024-03-29,7007
00940,元大台灣價值高息,1210,633,577,兆豐-竹北,2024-04-01,7007
2537,聯上發,254,0,254,兆豐-竹北,2024-04-01,7007
2371,大同,193,32,161,兆豐-竹北,2024-04-01,7007
00939,統一台灣高息動能,115,10,105,兆豐-竹北,2024-04-01,7007
00937B,群益ESG投等債20,72,1,71,兆豐-竹北,2024-04-01,7007
2206,三陽工業,61,0,61,兆豐-竹北,2024-04-01,7007
2301,光寶科,64,13,51,兆豐-竹北,2024-04-01,7007
2534,宏盛,49,0,49,兆豐-竹北,2024-04-01,7007
00918,大華優利高填息30,47,0,47,兆豐-竹北,2024-04-01,7007
00706L,期元大S＆P日圓正2,40,0,40,兆豐-竹北,2024-04-01,7007
4714,永捷,43,4,39,兆豐-竹北,2024-04-01,7007
2337,旺宏,39,0,39,兆豐-竹北,2024-04-01,7007
00687B,國泰20年美債,38,0,38,兆豐-竹北,2024-04-01,7007
1785,光洋科,34,3,31,兆豐-竹北,2024-04-01,7007
00919,群益台灣精選高息,82,51,31,兆豐-竹北,2024-04-01,7007
1909,榮成,30,0,30,兆豐-竹北,2024-04-01,7007
2891,中信金,31,4,27,兆豐-竹北,2024-04-01,7007
00929,復華台灣科技優息,36,10,26,兆豐-竹北,2024-04-01,7007
3689,湧德,36,10,26,兆豐-竹北,2024-04-01,7007
5383,金利,24,0,24,兆豐-竹北,2024-04-01,7007
3231,緯創,118,97,21,兆豐-竹北,2024-04-01,7007
00763U,期街口道瓊銅,20,0,20,兆豐-竹北,2024-04-01,7007
00915,凱基優選高股息30,18,0,18,兆豐-竹北,2024-04-01,7007
6806,森崴能源,18,2,16,兆豐-竹北,2024-04-01,7007
2027,大成鋼,19,4,15,兆豐-竹北,2024-04-01,7007
2369,菱生,17,3,14,兆豐-竹北,2024-04-01,7007
2317,鴻海,35,22,13,兆豐-竹北,2024-04-01,7007
1326,台化,13,0,13,兆豐-竹北,2024-04-01,7007
1504,東元,13,0,13,兆豐-竹北,2024-04-01,7007
3450,聯鈞,17,4,13,兆豐-竹北,2024-04-01,7007
0056,元大高股息,19,6,13,兆豐-竹北,2024-04-01,7007
3706,神達,38,26,12,兆豐-竹北,2024-04-01,7007
2358,廷鑫,11,0,11,兆豐-竹北,2024-04-01,7007
2855,統一證,11,0,11,兆豐-竹北,2024-04-01,7007
6770,力積電,11,0,11,兆豐-竹北,2024-04-01,7007
00720B,元大投資級公司債,10,0,10,兆豐-竹北,2024-04-01,7007
00882,中信中國高股息,10,0,10,兆豐-竹北,2024-04-01,7007
2845,遠東銀,10,0,10,兆豐-竹北,2024-04-01,7007
2888,新光金,10,0,10,兆豐-竹北,2024-04-01,7007
4763,材料-KY,11,1,10,兆豐-竹北,2024-04-01,7007
2382,廣達,36,26,10,兆豐-竹北,2024-04-01,7007
00633L,富邦上証正2,9,0,9,兆豐-竹北,2024-04-01,7007
3622,洋華,11,2,9,兆豐-竹北,2024-04-01,7007
2630,亞航,9,1,8,兆豐-竹北,2024-04-01,7007
00712,復華富時不動產,10,2,8,兆豐-竹北,2024-04-01,7007
3617,碩天,8,0,8,兆豐-竹北,2024-04-01,7007
6126,信音,13,5,8,兆豐-竹北,2024-04-01,7007
6219,富旺,8,0,8,兆豐-竹北,2024-04-01,7007
3010,華立,12,4,8,兆豐-竹北,2024-04-01,7007
00679B,元大美債20年,13,6,7,兆豐-竹北,2024-04-01,7007
00940,元大台灣價值高息,803,74,729,兆豐-竹北,2024-04-02,7007
00929,復華台灣科技優息,538,10,528,兆豐-竹北,2024-04-02,7007
8028,昇陽半導體,191,95,96,兆豐-竹北,2024-04-02,7007
00687B,國泰20年美債,95,0,95,兆豐-竹北,2024-04-02,7007
00720B,元大投資級公司債,73,0,73,兆豐-竹北,2024-04-02,7007
1815,富喬,65,0,65,兆豐-竹北,2024-04-02,7007
00679B,元大美債20年,59,1,58,兆豐-竹北,2024-04-02,7007
8048,德勝,50,0,50,兆豐-竹北,2024-04-02,7007
3374,精材,46,0,46,兆豐-竹北,2024-04-02,7007
00772B,中信高評級公司債,41,0,41,兆豐-竹北,2024-04-02,7007
1618,合機,35,0,35,兆豐-竹北,2024-04-02,7007
2002,中鋼,59,25,34,兆豐-竹北,2024-04-02,7007
1524,耿鼎,31,0,31,兆豐-竹北,2024-04-02,7007
00857B,永豐20年美公債,29,0,29,兆豐-竹北,2024-04-02,7007
00941,中信上游半導體,24,0,24,兆豐-竹北,2024-04-02,7007
4939,亞電,22,0,22,兆豐-竹北,2024-04-02,7007
00632R,元大台灣50反1,21,0,21,兆豐-竹北,2024-04-02,7007
2352,佳世達,24,3,21,兆豐-竹北,2024-04-02,7007
00763U,期街口道瓊銅,20,0,20,兆豐-竹北,2024-04-02,7007
1305,華夏,20,0,20,兆豐-竹北,2024-04-02,7007
2356,英業達,21,2,19,兆豐-竹北,2024-04-02,7007
2371,大同,68,49,19,兆豐-竹北,2024-04-02,7007
3042,晶技,41,23,18,兆豐-竹北,2024-04-02,7007
3645,達邁,17,0,17,兆豐-竹北,2024-04-02,7007
00931B,統一美債20年,41,25,16,兆豐-竹北,2024-04-02,7007
1725,元禎,19,3,16,兆豐-竹北,2024-04-02,7007
6284,佳邦,15,0,15,兆豐-竹北,2024-04-02,7007
6414,樺漢,20,5,15,兆豐-竹北,2024-04-02,7007
2367,燿華,26,11,15,兆豐-竹北,2024-04-02,7007
00725B,國泰投資級公司債,14,0,14,兆豐-竹北,2024-04-02,7007
2867,三商壽,15,1,14,兆豐-竹北,2024-04-02,7007
2353,宏��,14,1,13,兆豐-竹北,2024-04-02,7007
5434,崇越,13,0,13,兆豐-竹北,2024-04-02,7007
8358,金居,28,15,13,兆豐-竹北,2024-04-02,7007
2492,華新科,16,4,12,兆豐-竹北,2024-04-02,7007
1104,環泥,12,0,12,兆豐-竹北,2024-04-02,7007
2834,臺企銀,12,0,12,兆豐-竹北,2024-04-02,7007
4162,智擎,12,0,12,兆豐-竹北,2024-04-02,7007
4564,元翎,12,0,12,兆豐-竹北,2024-04-02,7007
6139,亞翔,15,4,11,兆豐-竹北,2024-04-02,7007
9933,中鼎,11,0,11,兆豐-竹北,2024-04-02,7007
00751B,元大AAA至A公司債,10,0,10,兆豐-竹北,2024-04-02,7007
00927,群益半導體收益,10,0,10,兆豐-竹北,2024-04-02,7007
00882,中信中國高股息,10,0,10,兆豐-竹北,2024-04-02,7007
00877,復華中國5G,10,0,10,兆豐-竹北,2024-04-02,7007
2344,華邦電,10,0,10,兆豐-竹北,2024-04-02,7007
3178,公準,11,1,10,兆豐-竹北,2024-04-02,7007
5534,長虹,10,0,10,兆豐-竹北,2024-04-02,7007
3308,聯德,10,1,9,兆豐-竹北,2024-04-02,7007
9945,潤泰新,9,0,9,兆豐-竹北,2024-04-02,7007
2371,大同,213,46,167,兆豐-竹北,2024-04-03,7007
00687B,國泰20年美債,143,0,143,兆豐-竹北,2024-04-03,7007
2515,中工,150,10,140,兆豐-竹北,2024-04-03,7007
00940,元大台灣價值高息,160,53,107,兆豐-竹北,2024-04-03,7007
00931B,統一美債20年,102,0,102,兆豐-竹北,2024-04-03,7007
00937B,群益ESG投等債20,79,0,79,兆豐-竹北,2024-04-03,7007
00679B,元大美債20年,85,9,76,兆豐-竹北,2024-04-03,7007
00929,復華台灣科技優息,84,20,64,兆豐-竹北,2024-04-03,7007
1815,富喬,52,0,52,兆豐-竹北,2024-04-03,7007
00753L,中信中國50正2,43,0,43,兆豐-竹北,2024-04-03,7007
00720B,元大投資級公司債,40,2,38,兆豐-竹北,2024-04-03,7007
8064,東捷,46,17,29,兆豐-竹北,2024-04-03,7007
2897,王道銀行,26,0,26,兆豐-竹北,2024-04-03,7007
3042,晶技,36,10,26,兆豐-竹北,2024-04-03,7007
1101,台泥,30,6,24,兆豐-竹北,2024-04-03,7007
8088,品安,23,1,22,兆豐-竹北,2024-04-03,7007
00919,群益台灣精選高息,22,3,19,兆豐-竹北,2024-04-03,7007
1524,耿鼎,20,1,19,兆豐-竹北,2024-04-03,7007
2324,仁寶,20,2,18,兆豐-竹北,2024-04-03,7007
3213,茂訊,20,2,18,兆豐-竹北,2024-04-03,7007
2618,長榮航,19,2,17,兆豐-竹北,2024-04-03,7007
00751B,元大AAA至A公司債,16,0,16,兆豐-竹北,2024-04-03,7007
00673R,期元大S＆P原油反1,16,0,16,兆豐-竹北,2024-04-03,7007
2382,廣達,21,7,14,兆豐-竹北,2024-04-03,7007
8163,達方,15,1,14,兆豐-竹北,2024-04-03,7007
2409,友達,13,0,13,兆豐-竹北,2024-04-03,7007
00772B,中信高評級公司債,13,0,13,兆豐-竹北,2024-04-03,7007
6189,豐藝,14,2,12,兆豐-竹北,2024-04-03,7007
00795B,中信美國公債20年,11,0,11,兆豐-竹北,2024-04-03,7007
1313,聯成,11,0,11,兆豐-竹北,2024-04-03,7007
3010,華立,21,10,11,兆豐-竹北,2024-04-03,7007
3691,碩禾,11,0,11,兆豐-竹北,2024-04-03,7007
6213,聯茂,15,4,11,兆豐-竹北,2024-04-03,7007
2330,台積電,11,0,11,兆豐-竹北,2024-04-03,7007
2886,兆豐金,10,0,10,兆豐-竹北,2024-04-03,7007
1734,杏輝,10,0,10,兆豐-竹北,2024-04-03,7007
2316,楠梓電,25,15,10,兆豐-竹北,2024-04-03,7007
2867,三商壽,10,0,10,兆豐-竹北,2024-04-03,7007
3346,麗清,10,0,10,兆豐-竹北,2024-04-03,7007
3705,永信,10,0,10,兆豐-竹北,2024-04-03,7007
4583,台灣精銳,10,0,10,兆豐-竹北,2024-04-03,7007
4714,永捷,11,1,10,兆豐-竹北,2024-04-03,7007
6591,動力-KY,10,0,10,兆豐-竹北,2024-04-03,7007
00933B,國泰10Y+金融債,9,0,9,兆豐-竹北,2024-04-03,7007
1618,合機,10,1,9,兆豐-竹北,2024-04-03,7007
00878,國泰永續高股息,9,0,9,兆豐-竹北,2024-04-03,7007
4763,材料-KY,12,3,9,兆豐-竹北,2024-04-03,7007
00941,中信上游半導體,10,2,8,兆豐-竹北,2024-04-03,7007
3036,文曄,11,3,8,兆豐-竹北,2024-04-03,7007
1103,嘉泥,8,0,8,兆豐-竹北,2024-04-03,7007
00940,元大台灣價值高息,581,36,545,兆豐-竹北,2024-04-08,7007
00687B,國泰20年美債,191,0,191,兆豐-竹北,2024-04-08,7007
00937B,群益ESG投等債20,171,4,167,兆豐-竹北,2024-04-08,7007
2464,盟立,106,1,105,兆豐-竹北,2024-04-08,7007
00929,復華台灣科技優息,132,29,103,兆豐-竹北,2024-04-08,7007
00679B,元大美債20年,98,2,96,兆豐-竹北,2024-04-08,7007
2609,陽明,102,12,90,兆豐-竹北,2024-04-08,7007
1806,冠軍,60,0,60,兆豐-竹北,2024-04-08,7007
00637L,元大滬深300正2,70,14,56,兆豐-竹北,2024-04-08,7007
8033,雷虎,57,4,53,兆豐-竹北,2024-04-08,7007
5521,工信,50,5,45,兆豐-竹北,2024-04-08,7007
2317,鴻海,57,20,37,兆豐-竹北,2024-04-08,7007
00941,中信上游半導體,37,0,37,兆豐-竹北,2024-04-08,7007
00919,群益台灣精選高息,43,11,32,兆豐-竹北,2024-04-08,7007
00720B,元大投資級公司債,31,0,31,兆豐-竹北,2024-04-08,7007
2603,長榮,30,1,29,兆豐-竹北,2024-04-08,7007
2356,英業達,31,2,29,兆豐-竹北,2024-04-08,7007
8111,立��,30,3,27,兆豐-竹北,2024-04-08,7007
6770,力積電,26,1,25,兆豐-竹北,2024-04-08,7007
6244,茂迪,24,0,24,兆豐-竹北,2024-04-08,7007
4153,鈺緯,23,0,23,兆豐-竹北,2024-04-08,7007
3062,建漢,23,1,22,兆豐-竹北,2024-04-08,7007
5371,中光電,31,9,22,兆豐-竹北,2024-04-08,7007
6538,倉和,22,1,21,兆豐-竹北,2024-04-08,7007
8092,建暐,21,0,21,兆豐-竹北,2024-04-08,7007
6603,富強鑫,20,0,20,兆豐-竹北,2024-04-08,7007
00927,群益半導體收益,17,0,17,兆豐-竹北,2024-04-08,7007
2634,漢翔,18,1,17,兆豐-竹北,2024-04-08,7007
8358,金居,21,5,16,兆豐-竹北,2024-04-08,7007
4510,高鋒,15,0,15,兆豐-竹北,2024-04-08,7007
3346,麗清,15,0,15,兆豐-竹北,2024-04-08,7007
5225,東科-KY,15,0,15,兆豐-竹北,2024-04-08,7007
6192,巨路,15,0,15,兆豐-竹北,2024-04-08,7007
00933B,國泰10Y+金融債,18,4,14,兆豐-竹北,2024-04-08,7007
8926,台汽電,14,0,14,兆豐-竹北,2024-04-08,7007
2371,大同,19,6,13,兆豐-竹北,2024-04-08,7007
2009,第一銅,21,8,13,兆豐-竹北,2024-04-08,7007
2504,國產,19,6,13,兆豐-竹北,2024-04-08,7007
3059,華晶科,17,4,13,兆豐-竹北,2024-04-08,7007
00878,國泰永續高股息,16,3,13,兆豐-竹北,2024-04-08,7007
5443,均豪,31,19,12,兆豐-竹北,2024-04-08,7007
5522,遠雄,12,0,12,兆豐-竹北,2024-04-08,7007
6288,聯嘉,22,10,12,兆豐-竹北,2024-04-08,7007
5434,崇越,13,1,12,兆豐-竹北,2024-04-08,7007
0056,元大高股息,15,3,12,兆豐-竹北,2024-04-08,7007
2383,台光電,17,6,11,兆豐-竹北,2024-04-08,7007
3005,神基,13,2,11,兆豐-竹北,2024-04-08,7007
2014,中鴻,11,0,11,兆豐-竹北,2024-04-08,7007
3178,公準,11,0,11,兆豐-竹北,2024-04-08,7007
4714,永捷,23,12,11,兆豐-竹北,2024-04-08,7007
00937B,群益ESG投等債20,557,0,557,兆豐-竹北,2024-04-09,7007
00665L,富邦�琤肭磪囓�2,250,0,250,兆豐-竹北,2024-04-09,7007
00687B,國泰20年美債,190,18,172,兆豐-竹北,2024-04-09,7007
3050,鈺德,145,0,145,兆豐-竹北,2024-04-09,7007
2486,一詮,130,49,81,兆豐-竹北,2024-04-09,7007
00940,元大台灣價值高息,165,110,55,兆豐-竹北,2024-04-09,7007
00648R,元大S＆P500反1,55,0,55,兆豐-竹北,2024-04-09,7007
1524,耿鼎,60,10,50,兆豐-竹北,2024-04-09,7007
4952,凌通,41,0,41,兆豐-竹北,2024-04-09,7007
00939,統一台灣高息動能,40,6,34,兆豐-竹北,2024-04-09,7007
5443,均豪,43,10,33,兆豐-竹北,2024-04-09,7007
2371,大同,48,17,31,兆豐-竹北,2024-04-09,7007
5213,亞昕,33,3,30,兆豐-竹北,2024-04-09,7007
9962,有益,30,0,30,兆豐-竹北,2024-04-09,7007
00919,群益台灣精選高息,32,3,29,兆豐-竹北,2024-04-09,7007
1609,大亞,63,34,29,兆豐-竹北,2024-04-09,7007
3062,建漢,32,3,29,兆豐-竹北,2024-04-09,7007
00909,國泰數位支付服務,27,0,27,兆豐-竹北,2024-04-09,7007
00713,元大台灣高息低波,26,0,26,兆豐-竹北,2024-04-09,7007
1104,環泥,25,0,25,兆豐-竹北,2024-04-09,7007
2449,京元電子,38,13,25,兆豐-竹北,2024-04-09,7007
3374,精材,43,19,24,兆豐-竹北,2024-04-09,7007
8112,至上,33,9,24,兆豐-竹北,2024-04-09,7007
00878,國泰永續高股息,29,7,22,兆豐-竹北,2024-04-09,7007
6207,雷科,42,21,21,兆豐-竹北,2024-04-09,7007
2354,鴻準,25,5,20,兆豐-竹北,2024-04-09,7007
00632R,元大台灣50反1,20,0,20,兆豐-竹北,2024-04-09,7007
8092,建暐,20,0,20,兆豐-竹北,2024-04-09,7007
3213,茂訊,20,1,19,兆豐-竹北,2024-04-09,7007
2855,統一證,20,2,18,兆豐-竹北,2024-04-09,7007
2313,華通,20,3,17,兆豐-竹北,2024-04-09,7007
00941,中信上游半導體,22,5,17,兆豐-竹北,2024-04-09,7007
1612,宏泰,23,6,17,兆豐-竹北,2024-04-09,7007
6192,巨路,17,0,17,兆豐-竹北,2024-04-09,7007
2009,第一銅,29,14,15,兆豐-竹北,2024-04-09,7007
2303,聯電,26,11,15,兆豐-竹北,2024-04-09,7007
6257,矽格,22,7,15,兆豐-竹北,2024-04-09,7007
00764B,群益25年美債,14,0,14,兆豐-竹北,2024-04-09,7007
3221,台嘉碩,16,2,14,兆豐-竹北,2024-04-09,7007
1301,台塑,15,2,13,兆豐-竹北,2024-04-09,7007
4714,永捷,13,0,13,兆豐-竹北,2024-04-09,7007
4967,十銓,12,0,12,兆豐-竹北,2024-04-09,7007
3004,豐達科,16,5,11,兆豐-竹北,2024-04-09,7007
5512,力麒,11,0,11,兆豐-竹北,2024-04-09,7007
5522,遠雄,11,0,11,兆豐-竹北,2024-04-09,7007
3209,全科,10,0,10,兆豐-竹北,2024-04-09,7007
4744,皇將,10,0,10,兆豐-竹北,2024-04-09,7007
5388,中磊,10,0,10,兆豐-竹北,2024-04-09,7007
6578,達邦蛋白,16,6,10,兆豐-竹北,2024-04-09,7007
6829,千附精密,10,0,10,兆豐-竹北,2024-04-09,7007
00937B,群益ESG投等債20,211,0,211,兆豐-竹北,2024-04-10,7007
3050,鈺德,161,0,161,兆豐-竹北,2024-04-10,7007
2855,統一證,143,0,143,兆豐-竹北,2024-04-10,7007
00878,國泰永續高股息,60,1,59,兆豐-竹北,2024-04-10,7007
2515,中工,50,3,47,兆豐-竹北,2024-04-10,7007
3515,華擎,45,0,45,兆豐-竹北,2024-04-10,7007
1618,合機,47,5,42,兆豐-竹北,2024-04-10,7007
1524,耿鼎,41,0,41,兆豐-竹北,2024-04-10,7007
8110,華東,41,0,41,兆豐-竹北,2024-04-10,7007
00929,復華台灣科技優息,64,28,36,兆豐-竹北,2024-04-10,7007
3231,緯創,71,37,34,兆豐-竹北,2024-04-10,7007
3481,群創,67,34,33,兆豐-竹北,2024-04-10,7007
2881B,富邦金乙特,32,0,32,兆豐-竹北,2024-04-10,7007
5443,均豪,45,13,32,兆豐-竹北,2024-04-10,7007
2534,宏盛,30,0,30,兆豐-竹北,2024-04-10,7007
00687B,國泰20年美債,50,21,29,兆豐-竹北,2024-04-10,7007
8092,建暐,28,0,28,兆豐-竹北,2024-04-10,7007
00679B,元大美債20年,27,1,26,兆豐-竹北,2024-04-10,7007
1503,士電,43,19,24,兆豐-竹北,2024-04-10,7007
1605,華新,26,5,21,兆豐-竹北,2024-04-10,7007
6592B,和潤企業乙特,21,0,21,兆豐-竹北,2024-04-10,7007
00671R,富邦NASDAQ反1,20,0,20,兆豐-竹北,2024-04-10,7007
1316,上曜,23,3,20,兆豐-竹北,2024-04-10,7007
2891B,中信金乙特,20,0,20,兆豐-竹北,2024-04-10,7007
00673R,期元大S＆P原油反1,19,0,19,兆豐-竹北,2024-04-10,7007
2537,聯上發,33,14,19,兆豐-竹北,2024-04-10,7007
4533,協易機,51,32,19,兆豐-竹北,2024-04-10,7007
2634,漢翔,29,11,18,兆豐-竹北,2024-04-10,7007
6016,康和證,18,0,18,兆豐-竹北,2024-04-10,7007
6120,達運,22,4,18,兆豐-竹北,2024-04-10,7007
2329,華泰,33,16,17,兆豐-竹北,2024-04-10,7007
2486,一詮,19,2,17,兆豐-竹北,2024-04-10,7007
2014,中鴻,18,2,16,兆豐-竹北,2024-04-10,7007
1815,富喬,15,0,15,兆豐-竹北,2024-04-10,7007
00940,元大台灣價值高息,30,15,15,兆豐-竹北,2024-04-10,7007
2363,矽統,76,61,15,兆豐-竹北,2024-04-10,7007
3217,優群,14,0,14,兆豐-竹北,2024-04-10,7007
3213,茂訊,20,6,14,兆豐-竹北,2024-04-10,7007
2464,盟立,41,28,13,兆豐-竹北,2024-04-10,7007
3005,神基,14,1,13,兆豐-竹北,2024-04-10,7007
6451,訊芯-KY,16,3,13,兆豐-竹北,2024-04-10,7007
6538,倉和,13,0,13,兆豐-竹北,2024-04-10,7007
2374,佳能,22,10,12,兆豐-竹北,2024-04-10,7007
4744,皇將,12,0,12,兆豐-竹北,2024-04-10,7007
3059,華晶科,21,10,11,兆豐-竹北,2024-04-10,7007
3576,聯合再生,12,1,11,兆豐-竹北,2024-04-10,7007
8473,山林水,11,0,11,兆豐-竹北,2024-04-10,7007
9933,中鼎,16,5,11,兆豐-竹北,2024-04-10,7007
00919,群益台灣精選高息,19,8,11,兆豐-竹北,2024-04-10,7007
6257,矽格,11,1,10,兆豐-竹北,2024-04-10,7007
3050,鈺德,345,0,345,兆豐-竹北,2024-04-11,7007
3481,群創,123,5,118,兆豐-竹北,2024-04-11,7007
00940,元大台灣價值高息,112,18,94,兆豐-竹北,2024-04-11,7007
00679B,元大美債20年,93,8,85,兆豐-竹北,2024-04-11,7007
00687B,國泰20年美債,102,30,72,兆豐-竹北,2024-04-11,7007
00937B,群益ESG投等債20,166,102,64,兆豐-竹北,2024-04-11,7007
00929,復華台灣科技優息,63,4,59,兆豐-竹北,2024-04-11,7007
00680L,元大美債20正2,58,0,58,兆豐-竹北,2024-04-11,7007
8033,雷虎,55,2,53,兆豐-竹北,2024-04-11,7007
00688L,國泰20年美債正2,47,0,47,兆豐-竹北,2024-04-11,7007
8011,台通,45,3,42,兆豐-竹北,2024-04-11,7007
1722,台肥,40,0,40,兆豐-竹北,2024-04-11,7007
6113,亞矽,41,4,37,兆豐-竹北,2024-04-11,7007
00720B,元大投資級公司債,35,0,35,兆豐-竹北,2024-04-11,7007
3289,宜特,31,0,31,兆豐-竹北,2024-04-11,7007
3231,緯創,143,114,29,兆豐-竹北,2024-04-11,7007
00931B,統一美債20年,27,0,27,兆豐-竹北,2024-04-11,7007
5371,中光電,26,2,24,兆豐-竹北,2024-04-11,7007
3576,聯合再生,38,16,22,兆豐-竹北,2024-04-11,7007
2303,聯電,25,3,22,兆豐-竹北,2024-04-11,7007
2530,華建,22,0,22,兆豐-竹北,2024-04-11,7007
8473,山林水,21,0,21,兆豐-竹北,2024-04-11,7007
2332,友訊,20,0,20,兆豐-竹北,2024-04-11,7007
2881B,富邦金乙特,20,0,20,兆豐-竹北,2024-04-11,7007
2891B,中信金乙特,20,0,20,兆豐-竹北,2024-04-11,7007
9945,潤泰新,20,0,20,兆豐-竹北,2024-04-11,7007
00900,富邦特選高股息30,20,1,19,兆豐-竹北,2024-04-11,7007
2630,亞航,27,8,19,兆豐-竹北,2024-04-11,7007
00933B,國泰10Y+金融債,18,0,18,兆豐-竹北,2024-04-11,7007
00772B,中信高評級公司債,16,0,16,兆豐-竹北,2024-04-11,7007
00939,統一台灣高息動能,16,0,16,兆豐-竹北,2024-04-11,7007
2356,英業達,20,6,14,兆豐-竹北,2024-04-11,7007
2537,聯上發,52,39,13,兆豐-竹北,2024-04-11,7007
3062,建漢,22,9,13,兆豐-竹北,2024-04-11,7007
3094,聯傑,13,0,13,兆豐-竹北,2024-04-11,7007
4939,亞電,12,0,12,兆豐-竹北,2024-04-11,7007
6244,茂迪,12,0,12,兆豐-竹北,2024-04-11,7007
8358,金居,16,4,12,兆豐-竹北,2024-04-11,7007
2731,雄獅,13,1,12,兆豐-竹北,2024-04-11,7007
00918,大華優利高填息30,11,0,11,兆豐-竹北,2024-04-11,7007
3163,波若威,11,0,11,兆豐-竹北,2024-04-11,7007
6443,元晶,11,0,11,兆豐-竹北,2024-04-11,7007
00637L,元大滬深300正2,12,2,10,兆豐-竹北,2024-04-11,7007
1612,宏泰,29,19,10,兆豐-竹北,2024-04-11,7007
2206,三陽工業,10,0,10,兆豐-竹北,2024-04-11,7007
2208,台船,10,0,10,兆豐-竹北,2024-04-11,7007
2399,映泰,10,0,10,兆豐-竹北,2024-04-11,7007
2401,凌陽,10,0,10,兆豐-竹北,2024-04-11,7007
2836A,高雄銀甲特,10,0,10,兆豐-竹北,2024-04-11,7007
3264,欣銓,10,0,10,兆豐-竹北,2024-04-11,7007
00937B,群益ESG投等債20,199,10,189,兆豐-竹北,2024-04-12,7007
2607,榮運,110,0,110,兆豐-竹北,2024-04-12,7007
6016,康和證,105,0,105,兆豐-竹北,2024-04-12,7007
6005,群益證,85,0,85,兆豐-竹北,2024-04-12,7007
00929,復華台灣科技優息,76,4,72,兆豐-竹北,2024-04-12,7007
6142,友勁,68,0,68,兆豐-竹北,2024-04-12,7007
2353,宏��,84,22,62,兆豐-竹北,2024-04-12,7007
2101,南港,53,4,49,兆豐-竹北,2024-04-12,7007
00935,野村臺灣新科技50,40,0,40,兆豐-竹北,2024-04-12,7007
2329,華泰,43,5,38,兆豐-竹北,2024-04-12,7007
2883,凱基金,43,5,38,兆豐-竹北,2024-04-12,7007
00720B,元大投資級公司債,37,0,37,兆豐-竹北,2024-04-12,7007
2312,金寶,32,0,32,兆豐-竹北,2024-04-12,7007
00665L,富邦�琤肭磪囓�2,30,0,30,兆豐-竹北,2024-04-12,7007
3512,皇龍,30,0,30,兆豐-竹北,2024-04-12,7007
1785,光洋科,30,1,29,兆豐-竹北,2024-04-12,7007
00882,中信中國高股息,34,6,28,兆豐-竹北,2024-04-12,7007
00679B,元大美債20年,27,0,27,兆豐-竹北,2024-04-12,7007
2897,王道銀行,25,0,25,兆豐-竹北,2024-04-12,7007
2363,矽統,242,218,24,兆豐-竹北,2024-04-12,7007
2374,佳能,38,15,23,兆豐-竹北,2024-04-12,7007
2615,萬海,31,10,21,兆豐-竹北,2024-04-12,7007
00751B,元大AAA至A公司債,20,0,20,兆豐-竹北,2024-04-12,7007
5388,中磊,20,0,20,兆豐-竹北,2024-04-12,7007
00931B,統一美債20年,21,1,20,兆豐-竹北,2024-04-12,7007
3339,泰谷,20,0,20,兆豐-竹北,2024-04-12,7007
2610,華航,54,37,17,兆豐-竹北,2024-04-12,7007
2618,長榮航,17,1,16,兆豐-竹北,2024-04-12,7007
3231,緯創,77,62,15,兆豐-竹北,2024-04-12,7007
9938,百和,15,0,15,兆豐-竹北,2024-04-12,7007
00933B,國泰10Y+金融債,14,0,14,兆豐-竹北,2024-04-12,7007
1570,力肯,19,5,14,兆豐-竹北,2024-04-12,7007
00688L,國泰20年美債正2,13,0,13,兆豐-竹北,2024-04-12,7007
2888,新光金,13,0,13,兆豐-竹北,2024-04-12,7007
1453,大將,20,7,13,兆豐-竹北,2024-04-12,7007
00680L,元大美債20正2,13,0,13,兆豐-竹北,2024-04-12,7007
2834,臺企銀,18,5,13,兆豐-竹北,2024-04-12,7007
3013,晟銘電,26,13,13,兆豐-竹北,2024-04-12,7007
4938,和碩,22,10,12,兆豐-竹北,2024-04-12,7007
2442,新美齊,12,0,12,兆豐-竹北,2024-04-12,7007
2455,全新,12,0,12,兆豐-竹北,2024-04-12,7007
2887,台新金,13,1,12,兆豐-竹北,2024-04-12,7007
4906,正文,15,3,12,兆豐-竹北,2024-04-12,7007
0056,元大高股息,14,3,11,兆豐-竹北,2024-04-12,7007
2103,台橡,10,0,10,兆豐-竹北,2024-04-12,7007
2356,英業達,14,4,10,兆豐-竹北,2024-04-12,7007
00673R,期元大S＆P原油反1,10,0,10,兆豐-竹北,2024-04-12,7007
2855,統一證,10,0,10,兆豐-竹北,2024-04-12,7007
3030,德律,11,1,10,兆豐-竹北,2024-04-12,7007
3715,定穎投控,11,1,10,兆豐-竹北,2024-04-12,7007
00929,復華台灣科技優息,534,6,528,兆豐-竹北,2024-04-15,7007
00937B,群益ESG投等債20,121,1,120,兆豐-竹北,2024-04-15,7007
2371,大同,230,110,120,兆豐-竹北,2024-04-15,7007
00933B,國泰10Y+金融債,60,0,60,兆豐-竹北,2024-04-15,7007
0056,元大高股息,62,5,57,兆豐-竹北,2024-04-15,7007
4532,瑞智,56,15,41,兆豐-竹北,2024-04-15,7007
00878,國泰永續高股息,48,7,41,兆豐-竹北,2024-04-15,7007
00940,元大台灣價值高息,82,43,39,兆豐-竹北,2024-04-15,7007
00919,群益台灣精選高息,40,7,33,兆豐-竹北,2024-04-15,7007
2515,中工,32,0,32,兆豐-竹北,2024-04-15,7007
1611,中電,30,0,30,兆豐-竹北,2024-04-15,7007
2881B,富邦金乙特,30,0,30,兆豐-竹北,2024-04-15,7007
3512,皇龍,30,0,30,兆豐-竹北,2024-04-15,7007
2317,鴻海,41,13,28,兆豐-竹北,2024-04-15,7007
00941,中信上游半導體,36,8,28,兆豐-竹北,2024-04-15,7007
00918,大華優利高填息30,26,0,26,兆豐-竹北,2024-04-15,7007
3622,洋華,31,5,26,兆豐-竹北,2024-04-15,7007
1504,東元,35,10,25,兆豐-竹北,2024-04-15,7007
4533,協易機,42,17,25,兆豐-竹北,2024-04-15,7007
00687B,國泰20年美債,43,19,24,兆豐-竹北,2024-04-15,7007
2367,燿華,49,26,23,兆豐-竹北,2024-04-15,7007
1612,宏泰,40,17,23,兆豐-竹北,2024-04-15,7007
6770,力積電,22,2,20,兆豐-竹北,2024-04-15,7007
3481,群創,72,52,20,兆豐-竹北,2024-04-15,7007
9934,成霖,20,1,19,兆豐-竹北,2024-04-15,7007
00679B,元大美債20年,19,0,19,兆豐-竹北,2024-04-15,7007
3615,安可,21,4,17,兆豐-竹北,2024-04-15,7007
5608,四維航,17,0,17,兆豐-竹北,2024-04-15,7007
9933,中鼎,23,6,17,兆豐-竹北,2024-04-15,7007
2353,宏��,75,58,17,兆豐-竹北,2024-04-15,7007
3037,欣興,18,2,16,兆豐-竹北,2024-04-15,7007
00642U,期元大S＆P石油,15,0,15,兆豐-竹北,2024-04-15,7007
1722,台肥,15,0,15,兆豐-竹北,2024-04-15,7007
6122,擎邦,17,2,15,兆豐-竹北,2024-04-15,7007
6142,友勁,15,0,15,兆豐-竹北,2024-04-15,7007
6290,良維,26,11,15,兆豐-竹北,2024-04-15,7007
2345,智邦,15,0,15,兆豐-竹北,2024-04-15,7007
1603,華電,15,1,14,兆豐-竹北,2024-04-15,7007
2881,富邦金,13,0,13,兆豐-竹北,2024-04-15,7007
2363,矽統,22,9,13,兆豐-竹北,2024-04-15,7007
2615,萬海,12,0,12,兆豐-竹北,2024-04-15,7007
3178,公準,12,0,12,兆豐-竹北,2024-04-15,7007
5009,榮剛,31,19,12,兆豐-竹北,2024-04-15,7007
00927,群益半導體收益,11,0,11,兆豐-竹北,2024-04-15,7007
2312,金寶,11,0,11,兆豐-竹北,2024-04-15,7007
2506,太設,11,0,11,兆豐-竹北,2024-04-15,7007
2855,統一證,11,0,11,兆豐-竹北,2024-04-15,7007
00923,群益台ESG低碳50,11,0,11,兆豐-竹北,2024-04-15,7007
2890,永豐金,10,0,10,兆豐-竹北,2024-04-15,7007
1802,台玻,10,0,10,兆豐-竹北,2024-04-15,7007
00940,元大台灣價值高息,521,10,511,兆豐-竹北,2024-04-16,7007
00937B,群益ESG投等債20,456,1,455,兆豐-竹北,2024-04-16,7007
00929,復華台灣科技優息,582,159,423,兆豐-竹北,2024-04-16,7007
00681R,元大美債20反1,250,0,250,兆豐-竹北,2024-04-16,7007
00939,統一台灣高息動能,149,6,143,兆豐-竹北,2024-04-16,7007
00753L,中信中國50正2,140,0,140,兆豐-竹北,2024-04-16,7007
00878,國泰永續高股息,161,64,97,兆豐-竹北,2024-04-16,7007
3260,威剛,92,6,86,兆豐-竹北,2024-04-16,7007
00671R,富邦NASDAQ反1,64,0,64,兆豐-竹北,2024-04-16,7007
3231,緯創,172,108,64,兆豐-竹北,2024-04-16,7007
0056,元大高股息,82,21,61,兆豐-竹北,2024-04-16,7007
8033,雷虎,62,3,59,兆豐-竹北,2024-04-16,7007
00648R,元大S＆P500反1,54,0,54,兆豐-竹北,2024-04-16,7007
6143,振曜,49,0,49,兆豐-竹北,2024-04-16,7007
1513,中興電,66,20,46,兆豐-竹北,2024-04-16,7007
00934,中信成長高股息,50,5,45,兆豐-竹北,2024-04-16,7007
00720B,元大投資級公司債,44,0,44,兆豐-竹北,2024-04-16,7007
00941,中信上游半導體,79,35,44,兆豐-竹北,2024-04-16,7007
6806,森崴能源,49,6,43,兆豐-竹北,2024-04-16,7007
2867,三商壽,41,0,41,兆豐-竹北,2024-04-16,7007
2882B,國泰金乙特,40,0,40,兆豐-竹北,2024-04-16,7007
5009,榮剛,36,0,36,兆豐-竹北,2024-04-16,7007
4906,正文,33,0,33,兆豐-竹北,2024-04-16,7007
2356,英業達,53,21,32,兆豐-竹北,2024-04-16,7007
00882,中信中國高股息,49,17,32,兆豐-竹北,2024-04-16,7007
4771,望隼,36,4,32,兆豐-竹北,2024-04-16,7007
2101,南港,32,0,32,兆豐-竹北,2024-04-16,7007
2303,聯電,34,3,31,兆豐-竹北,2024-04-16,7007
2106,建大,30,0,30,兆豐-竹北,2024-04-16,7007
2323,中環,30,0,30,兆豐-竹北,2024-04-16,7007
2891B,中信金乙特,30,0,30,兆豐-竹北,2024-04-16,7007
1524,耿鼎,28,0,28,兆豐-竹北,2024-04-16,7007
00885,富邦越南,27,0,27,兆豐-竹北,2024-04-16,7007
00927,群益半導體收益,27,0,27,兆豐-竹北,2024-04-16,7007
2206,三陽工業,25,0,25,兆豐-竹北,2024-04-16,7007
2801,彰銀,28,3,25,兆豐-竹北,2024-04-16,7007
2887E,台新戊特,25,0,25,兆豐-竹北,2024-04-16,7007
1609,大亞,68,45,23,兆豐-竹北,2024-04-16,7007
00679B,元大美債20年,40,18,22,兆豐-竹北,2024-04-16,7007
2834,臺企銀,23,0,23,兆豐-竹北,2024-04-16,7007
00936,台新永續高息中小,22,0,22,兆豐-竹北,2024-04-16,7007
00632R,元大台灣50反1,49,27,22,兆豐-竹北,2024-04-16,7007
6015,宏遠證,22,0,22,兆豐-竹北,2024-04-16,7007
00923,群益台ESG低碳50,27,5,22,兆豐-竹北,2024-04-16,7007
3013,晟銘電,38,16,22,兆豐-竹北,2024-04-16,7007
1608,華榮,46,25,21,兆豐-竹北,2024-04-16,7007
2887,台新金,44,23,21,兆豐-竹北,2024-04-16,7007
3027,盛達,25,4,21,兆豐-竹北,2024-04-16,7007
1314,中石化,40,20,20,兆豐-竹北,2024-04-16,7007
1324,地球,20,0,20,兆豐-竹北,2024-04-16,7007
00681R,元大美債20反1,293,0,293,兆豐-竹北,2024-04-17,7007
00937B,群益ESG投等債20,272,31,241,兆豐-竹北,2024-04-17,7007
2867,三商壽,120,6,114,兆豐-竹北,2024-04-17,7007
3481,群創,113,5,108,兆豐-竹北,2024-04-17,7007
00753L,中信中國50正2,106,0,106,兆豐-竹北,2024-04-17,7007
00940,元大台灣價值高息,112,20,92,兆豐-竹北,2024-04-17,7007
00632R,元大台灣50反1,78,0,78,兆豐-竹北,2024-04-17,7007
00720B,元大投資級公司債,70,0,70,兆豐-竹北,2024-04-17,7007
00679B,元大美債20年,71,2,69,兆豐-竹北,2024-04-17,7007
3231,緯創,171,103,68,兆豐-竹北,2024-04-17,7007
2317,鴻海,86,21,65,兆豐-竹北,2024-04-17,7007
4513,福裕,71,18,53,兆豐-竹北,2024-04-17,7007
6770,力積電,55,3,52,兆豐-竹北,2024-04-17,7007
00857B,永豐20年美公債,50,0,50,兆豐-竹北,2024-04-17,7007
1524,耿鼎,61,11,50,兆豐-竹北,2024-04-17,7007
0056,元大高股息,78,31,47,兆豐-竹北,2024-04-17,7007
00929,復華台灣科技優息,46,1,45,兆豐-竹北,2024-04-17,7007
6122,擎邦,39,1,38,兆豐-竹北,2024-04-17,7007
00919,群益台灣精選高息,48,14,34,兆豐-竹北,2024-04-17,7007
6143,振曜,34,2,32,兆豐-竹北,2024-04-17,7007
00900,富邦特選高股息30,29,0,29,兆豐-竹北,2024-04-17,7007
4771,望隼,29,2,27,兆豐-竹北,2024-04-17,7007
2618,長榮航,27,0,27,兆豐-竹北,2024-04-17,7007
2353,宏��,25,1,24,兆豐-竹北,2024-04-17,7007
3515,華擎,23,0,23,兆豐-竹北,2024-04-17,7007
4961,天鈺,24,1,23,兆豐-竹北,2024-04-17,7007
2897,王道銀行,22,0,22,兆豐-竹北,2024-04-17,7007
00751B,元大AAA至A公司債,21,0,21,兆豐-竹北,2024-04-17,7007
5871,中租-KY,21,0,21,兆豐-竹北,2024-04-17,7007
00878,國泰永續高股息,56,35,21,兆豐-竹北,2024-04-17,7007
00885,富邦越南,30,10,20,兆豐-竹北,2024-04-17,7007
2337,旺宏,20,0,20,兆豐-竹北,2024-04-17,7007
3402,漢科,35,15,20,兆豐-竹北,2024-04-17,7007
2374,佳能,21,2,19,兆豐-竹北,2024-04-17,7007
3455,由田,19,0,19,兆豐-竹北,2024-04-17,7007
6005,群益證,19,0,19,兆豐-竹北,2024-04-17,7007
2887,台新金,18,0,18,兆豐-竹北,2024-04-17,7007
6531,愛普*,18,0,18,兆豐-竹北,2024-04-17,7007
2409,友達,17,0,17,兆豐-竹北,2024-04-17,7007
2884,玉山金,19,2,17,兆豐-竹北,2024-04-17,7007
2382,廣達,18,1,17,兆豐-竹北,2024-04-17,7007
00933B,國泰10Y+金融債,17,0,17,兆豐-竹北,2024-04-17,7007
2103,台橡,30,14,16,兆豐-竹北,2024-04-17,7007
6425,易發,18,3,15,兆豐-竹北,2024-04-17,7007
00939,統一台灣高息動能,41,27,14,兆豐-竹北,2024-04-17,7007
1522,堤維西,15,1,14,兆豐-竹北,2024-04-17,7007
3013,晟銘電,21,8,13,兆豐-竹北,2024-04-17,7007
2301,光寶科,13,0,13,兆豐-竹北,2024-04-17,7007
00922,國泰台灣領袖50,13,0,13,兆豐-竹北,2024-04-17,7007
3587,閎康,12,0,12,兆豐-竹北,2024-04-17,7007
00937B,群益ESG投等債20,205,0,205,兆豐-竹北,2024-04-18,7007
00753L,中信中國50正2,200,11,189,兆豐-竹北,2024-04-18,7007
2515,中工,226,87,139,兆豐-竹北,2024-04-18,7007
00885,富邦越南,121,8,113,兆豐-竹北,2024-04-18,7007
2610,華航,111,22,89,兆豐-竹北,2024-04-18,7007
6143,振曜,81,2,79,兆豐-竹北,2024-04-18,7007
2371,大同,193,125,68,兆豐-竹北,2024-04-18,7007
00929,復華台灣科技優息,71,5,66,兆豐-竹北,2024-04-18,7007
2609,陽明,63,5,58,兆豐-竹北,2024-04-18,7007
1605,華新,83,29,54,兆豐-竹北,2024-04-18,7007
00687B,國泰20年美債,51,0,51,兆豐-竹北,2024-04-18,7007
0056,元大高股息,49,4,45,兆豐-竹北,2024-04-18,7007
00632R,元大台灣50反1,42,10,32,兆豐-竹北,2024-04-18,7007
2061,風青,32,1,31,兆豐-竹北,2024-04-18,7007
00857B,永豐20年美公債,30,0,30,兆豐-竹北,2024-04-18,7007
00712,復華富時不動產,29,0,29,兆豐-竹北,2024-04-18,7007
2329,華泰,54,26,28,兆豐-竹北,2024-04-18,7007
5522,遠雄,27,0,27,兆豐-竹北,2024-04-18,7007
00919,群益台灣精選高息,31,4,27,兆豐-竹北,2024-04-18,7007
3450,聯鈞,26,1,25,兆豐-竹北,2024-04-18,7007
2501,國建,37,14,23,兆豐-竹北,2024-04-18,7007
2382,廣達,26,4,22,兆豐-竹北,2024-04-18,7007
2363,矽統,40,19,21,兆豐-竹北,2024-04-18,7007
00635U,期元大S＆P黃金,20,0,20,兆豐-竹北,2024-04-18,7007
2612,中航,20,0,20,兆豐-竹北,2024-04-18,7007
00941,中信上游半導體,23,5,18,兆豐-竹北,2024-04-18,7007
4771,望隼,18,0,18,兆豐-竹北,2024-04-18,7007
2537,聯上發,20,3,17,兆豐-竹北,2024-04-18,7007
2303,聯電,17,1,16,兆豐-竹北,2024-04-18,7007
2383,台光電,20,4,16,兆豐-竹北,2024-04-18,7007
1504,東元,24,8,16,兆豐-竹北,2024-04-18,7007
2607,榮運,20,4,16,兆豐-竹北,2024-04-18,7007
00720B,元大投資級公司債,15,0,15,兆豐-竹北,2024-04-18,7007
2867,三商壽,35,20,15,兆豐-竹北,2024-04-18,7007
1101,台泥,15,1,14,兆豐-竹北,2024-04-18,7007
1737,臺鹽,14,0,14,兆豐-竹北,2024-04-18,7007
2897,王道銀行,14,0,14,兆豐-竹北,2024-04-18,7007
00940,元大台灣價值高息,27,13,14,兆豐-竹北,2024-04-18,7007
00922,國泰台灣領袖50,13,0,13,兆豐-竹北,2024-04-18,7007
6770,力積電,20,7,13,兆豐-竹北,2024-04-18,7007
6282,康舒,16,3,13,兆豐-竹北,2024-04-18,7007
00893,國泰智能電動車,12,0,12,兆豐-竹北,2024-04-18,7007
2367,燿華,17,6,11,兆豐-竹北,2024-04-18,7007
8046,南電,10,0,10,兆豐-竹北,2024-04-18,7007
00637L,元大滬深300正2,60,50,10,兆豐-竹北,2024-04-18,7007
00673R,期元大S＆P原油反1,10,0,10,兆豐-竹北,2024-04-18,7007
00665L,富邦�琤肭磪囓�2,10,0,10,兆豐-竹北,2024-04-18,7007
00719B,元大美債1-3,10,0,10,兆豐-竹北,2024-04-18,7007
2337,旺宏,10,0,10,兆豐-竹北,2024-04-18,7007
4906,正文,10,0,10,兆豐-竹北,2024-04-18,7007
00940,元大台灣價值高息,581,19,562,兆豐-竹北,2024-04-19,7007
00929,復華台灣科技優息,472,102,370,兆豐-竹北,2024-04-19,7007
1504,東元,226,22,204,兆豐-竹北,2024-04-19,7007
2371,大同,443,257,186,兆豐-竹北,2024-04-19,7007
2547,日勝生,137,0,137,兆豐-竹北,2024-04-19,7007
00885,富邦越南,138,5,133,兆豐-竹北,2024-04-19,7007
00927,群益半導體收益,126,0,126,兆豐-竹北,2024-04-19,7007
00937B,群益ESG投等債20,123,0,123,兆豐-竹北,2024-04-19,7007
2610,華航,128,16,112,兆豐-竹北,2024-04-19,7007
6197,佳必琪,81,2,79,兆豐-竹北,2024-04-19,7007
0056,元大高股息,81,9,72,兆豐-竹北,2024-04-19,7007
2303,聯電,67,1,66,兆豐-竹北,2024-04-19,7007
2891B,中信金乙特,65,0,65,兆豐-竹北,2024-04-19,7007
2882B,國泰金乙特,61,0,61,兆豐-竹北,2024-04-19,7007
2330,台積電,81,27,54,兆豐-竹北,2024-04-19,7007
00939,統一台灣高息動能,74,20,54,兆豐-竹北,2024-04-19,7007
3711,日月光投控,53,0,53,兆豐-竹北,2024-04-19,7007
2882,國泰金,53,0,53,兆豐-竹北,2024-04-19,7007
3615,安可,51,2,49,兆豐-竹北,2024-04-19,7007
00933B,國泰10Y+金融債,37,0,37,兆豐-竹北,2024-04-19,7007
6142,友勁,37,0,37,兆豐-竹北,2024-04-19,7007
1609,大亞,137,102,35,兆豐-竹北,2024-04-19,7007
5871,中租-KY,33,0,33,兆豐-竹北,2024-04-19,7007
5512,力麒,76,43,33,兆豐-竹北,2024-04-19,7007
3481,群創,62,29,33,兆豐-竹北,2024-04-19,7007
00919,群益台灣精選高息,186,153,33,兆豐-竹北,2024-04-19,7007
3515,華擎,33,1,32,兆豐-竹北,2024-04-19,7007
00679B,元大美債20年,45,13,32,兆豐-竹北,2024-04-19,7007
3703,欣陸,33,2,31,兆豐-竹北,2024-04-19,7007
8091,翔名,30,2,28,兆豐-竹北,2024-04-19,7007
0050,元大台灣50,39,13,26,兆豐-竹北,2024-04-19,7007
2887,台新金,25,0,25,兆豐-竹北,2024-04-19,7007
3231,緯創,113,89,24,兆豐-竹北,2024-04-19,7007
1605,華新,40,16,24,兆豐-竹北,2024-04-19,7007
2845,遠東銀,28,4,24,兆豐-竹北,2024-04-19,7007
1513,中興電,40,16,24,兆豐-竹北,2024-04-19,7007
006208,富邦台50,24,0,24,兆豐-竹北,2024-04-19,7007
4771,望隼,25,2,23,兆豐-竹北,2024-04-19,7007
3622,洋華,30,9,21,兆豐-竹北,2024-04-19,7007
4123,晟德,21,0,21,兆豐-竹北,2024-04-19,7007
1104,環泥,20,0,20,兆豐-竹北,2024-04-19,7007
2014,中鴻,24,6,18,兆豐-竹北,2024-04-19,7007
3576,聯合再生,17,0,17,兆豐-竹北,2024-04-19,7007
6122,擎邦,17,0,17,兆豐-竹北,2024-04-19,7007
2886,兆豐金,18,1,17,兆豐-竹北,2024-04-19,7007
4157,太景*-KY,28,12,16,兆豐-竹北,2024-04-19,7007
6548,長科*,16,0,16,兆豐-竹北,2024-04-19,7007
2329,華泰,26,10,16,兆豐-竹北,2024-04-19,7007
00941,中信上游半導體,22,7,15,兆豐-竹北,2024-04-19,7007
00891,中信關鍵半導體,15,0,15,兆豐-竹北,2024-04-19,7007
00929,復華台灣科技優息,361,10,351,兆豐-竹北,2024-04-22,7007
6015,宏遠證,140,0,140,兆豐-竹北,2024-04-22,7007
2515,中工,179,85,94,兆豐-竹北,2024-04-22,7007
2891B,中信金乙特,89,0,89,兆豐-竹北,2024-04-22,7007
00919,群益台灣精選高息,117,30,87,兆豐-竹北,2024-04-22,7007
3481,群創,94,10,84,兆豐-竹北,2024-04-22,7007
2371,大同,300,226,74,兆豐-竹北,2024-04-22,7007
6143,振曜,66,0,66,兆豐-竹北,2024-04-22,7007
00940,元大台灣價值高息,142,84,58,兆豐-竹北,2024-04-22,7007
2882B,國泰金乙特,45,0,45,兆豐-竹北,2024-04-22,7007
00679B,元大美債20年,44,0,44,兆豐-竹北,2024-04-22,7007
2303,聯電,48,5,43,兆豐-竹北,2024-04-22,7007
00681R,元大美債20反1,42,0,42,兆豐-竹北,2024-04-22,7007
6122,擎邦,42,0,42,兆豐-竹北,2024-04-22,7007
00878,國泰永續高股息,48,11,37,兆豐-竹北,2024-04-22,7007
1524,耿鼎,36,0,36,兆豐-竹北,2024-04-22,7007
9933,中鼎,44,14,30,兆豐-竹北,2024-04-22,7007
6177,達麗,30,0,30,兆豐-竹北,2024-04-22,7007
0056,元大高股息,27,0,27,兆豐-竹北,2024-04-22,7007
3231,緯創,201,174,27,兆豐-竹北,2024-04-22,7007
5230,雷笛克光學,32,8,24,兆豐-竹北,2024-04-22,7007
00937B,群益ESG投等債20,45,23,22,兆豐-竹北,2024-04-22,7007
3402,漢科,26,4,22,兆豐-竹北,2024-04-22,7007
1609,大亞,114,92,22,兆豐-竹北,2024-04-22,7007
2867,三商壽,20,0,20,兆豐-竹北,2024-04-22,7007
4513,福裕,20,1,19,兆豐-竹北,2024-04-22,7007
2387,精元,18,0,18,兆豐-竹北,2024-04-22,7007
4157,太景*-KY,29,11,18,兆豐-竹北,2024-04-22,7007
5521,工信,25,7,18,兆豐-竹北,2024-04-22,7007
6443,元晶,21,3,18,兆豐-竹北,2024-04-22,7007
1536,和大,17,0,17,兆豐-竹北,2024-04-22,7007
2106,建大,17,0,17,兆豐-竹北,2024-04-22,7007
2329,華泰,37,21,16,兆豐-竹北,2024-04-22,7007
00918,大華優利高填息30,16,1,15,兆豐-竹北,2024-04-22,7007
2611,志信,16,1,15,兆豐-竹北,2024-04-22,7007
6770,力積電,23,9,14,兆豐-竹北,2024-04-22,7007
00680L,元大美債20正2,14,0,14,兆豐-竹北,2024-04-22,7007
1612,宏泰,27,14,13,兆豐-竹北,2024-04-22,7007
2363,矽統,18,5,13,兆豐-竹北,2024-04-22,7007
1608,華榮,32,19,13,兆豐-竹北,2024-04-22,7007
1907,永豐餘,13,0,13,兆豐-竹北,2024-04-22,7007
2603,長榮,18,5,13,兆豐-竹北,2024-04-22,7007
9958,世紀鋼,13,1,12,兆豐-竹北,2024-04-22,7007
1617,榮星,15,3,12,兆豐-竹北,2024-04-22,7007
2511,太子,12,0,12,兆豐-竹北,2024-04-22,7007
2530,華建,14,2,12,兆豐-竹北,2024-04-22,7007
5515,建國,23,11,12,兆豐-竹北,2024-04-22,7007
2356,英業達,12,1,11,兆豐-竹北,2024-04-22,7007
2409,友達,11,0,11,兆豐-竹北,2024-04-22,7007
1815,富喬,11,0,11,兆豐-竹北,2024-04-22,7007
6143,振曜,126,0,126,兆豐-竹北,2024-04-23,7007
00929,復華台灣科技優息,122,22,100,兆豐-竹北,2024-04-23,7007
00940,元大台灣價值高息,120,28,92,兆豐-竹北,2024-04-23,7007
2002,中鋼,100,13,87,兆豐-竹北,2024-04-23,7007
2882B,國泰金乙特,80,0,80,兆豐-竹北,2024-04-23,7007
2489,瑞軒,108,31,77,兆豐-竹北,2024-04-23,7007
00878,國泰永續高股息,66,7,59,兆豐-竹北,2024-04-23,7007
9945,潤泰新,50,0,50,兆豐-竹北,2024-04-23,7007
2374,佳能,62,27,35,兆豐-竹北,2024-04-23,7007
2891B,中信金乙特,35,0,35,兆豐-竹北,2024-04-23,7007
2367,燿華,27,1,26,兆豐-竹北,2024-04-23,7007
2509,全坤建,25,0,25,兆豐-竹北,2024-04-23,7007
00679B,元大美債20年,24,0,24,兆豐-竹北,2024-04-23,7007
2515,中工,36,12,24,兆豐-竹北,2024-04-23,7007
2610,華航,45,24,21,兆豐-竹北,2024-04-23,7007
6122,擎邦,21,0,21,兆豐-竹北,2024-04-23,7007
00939,統一台灣高息動能,23,2,21,兆豐-竹北,2024-04-23,7007
2317,鴻海,56,36,20,兆豐-竹北,2024-04-23,7007
2516,新建,20,0,20,兆豐-竹北,2024-04-23,7007
5392,能率,20,0,20,兆豐-竹北,2024-04-23,7007
8084,巨虹,20,0,20,兆豐-竹北,2024-04-23,7007
00937B,群益ESG投等債20,24,4,20,兆豐-竹北,2024-04-23,7007
2501,國建,46,28,18,兆豐-竹北,2024-04-23,7007
2387,精元,16,0,16,兆豐-竹北,2024-04-23,7007
1608,華榮,36,21,15,兆豐-竹北,2024-04-23,7007
4909,新復興,14,1,13,兆豐-竹北,2024-04-23,7007
00941,中信上游半導體,13,1,12,兆豐-竹北,2024-04-23,7007
2745,五福,12,0,12,兆豐-竹北,2024-04-23,7007
6182,合晶,12,0,12,兆豐-竹北,2024-04-23,7007
2383,台光電,21,9,12,兆豐-竹北,2024-04-23,7007
6261,久元,11,0,11,兆豐-竹北,2024-04-23,7007
2887,台新金,10,0,10,兆豐-竹北,2024-04-23,7007
00706L,期元大S＆P日圓正2,10,0,10,兆豐-竹北,2024-04-23,7007
00687B,國泰20年美債,10,0,10,兆豐-竹北,2024-04-23,7007
2504,國產,12,2,10,兆豐-竹北,2024-04-23,7007
2506,太設,10,0,10,兆豐-竹北,2024-04-23,7007
3013,晟銘電,18,8,10,兆豐-竹北,2024-04-23,7007
3025,星通,10,0,10,兆豐-竹北,2024-04-23,7007
3178,公準,10,0,10,兆豐-竹北,2024-04-23,7007
4976,佳凌,10,0,10,兆豐-竹北,2024-04-23,7007
2356,英業達,9,0,9,兆豐-竹北,2024-04-23,7007
2867,三商壽,11,2,9,兆豐-竹北,2024-04-23,7007
00927,群益半導體收益,7,0,7,兆豐-竹北,2024-04-23,7007
3706,神達,7,0,7,兆豐-竹北,2024-04-23,7007
00632R,元大台灣50反1,10,3,7,兆豐-竹北,2024-04-23,7007
1717,長興,7,0,7,兆豐-竹北,2024-04-23,7007
6213,聯茂,10,3,7,兆豐-竹北,2024-04-23,7007
1440,南紡,21,14,7,兆豐-竹北,2024-04-23,7007
1785,光洋科,8,2,6,兆豐-竹北,2024-04-23,7007
2464,盟立,6,0,6,兆豐-竹北,2024-04-23,7007
00676R,富邦臺灣加權反1,300,0,300,兆豐-竹北,2024-04-24,7007
00671R,富邦NASDAQ反1,200,0,200,兆豐-竹北,2024-04-24,7007
6143,振曜,137,0,137,兆豐-竹北,2024-04-24,7007
00637L,元大滬深300正2,100,1,99,兆豐-竹北,2024-04-24,7007
00929,復華台灣科技優息,87,5,82,兆豐-竹北,2024-04-24,7007
00632R,元大台灣50反1,69,3,66,兆豐-竹北,2024-04-24,7007
3703,欣陸,60,4,56,兆豐-竹北,2024-04-24,7007
00937B,群益ESG投等債20,46,0,46,兆豐-竹北,2024-04-24,7007
2501,國建,87,48,39,兆豐-竹北,2024-04-24,7007
2409,友達,48,12,36,兆豐-竹北,2024-04-24,7007
2610,華航,64,28,36,兆豐-竹北,2024-04-24,7007
3481,群創,53,17,36,兆豐-竹北,2024-04-24,7007
00679B,元大美債20年,31,0,31,兆豐-竹北,2024-04-24,7007
5512,力麒,32,2,30,兆豐-竹北,2024-04-24,7007
2374,佳能,69,41,28,兆豐-竹北,2024-04-24,7007
3231,緯創,60,34,26,兆豐-竹北,2024-04-24,7007
00857B,永豐20年美公債,25,0,25,兆豐-竹北,2024-04-24,7007
2486,一詮,33,9,24,兆豐-竹北,2024-04-24,7007
2882B,國泰金乙特,23,0,23,兆豐-竹北,2024-04-24,7007
00895,富邦未來車,20,1,19,兆豐-竹北,2024-04-24,7007
2834,臺企銀,25,6,19,兆豐-竹北,2024-04-24,7007
2515,中工,46,29,17,兆豐-竹北,2024-04-24,7007
2387,精元,16,0,16,兆豐-竹北,2024-04-24,7007
6196,帆宣,16,0,16,兆豐-竹北,2024-04-24,7007
2504,國產,16,2,14,兆豐-竹北,2024-04-24,7007
00687B,國泰20年美債,14,0,14,兆豐-竹北,2024-04-24,7007
2367,燿華,13,0,13,兆豐-竹北,2024-04-24,7007
2886,兆豐金,16,4,12,兆豐-竹北,2024-04-24,7007
6770,力積電,15,4,11,兆豐-竹北,2024-04-24,7007
6285,啟��,11,0,11,兆豐-竹北,2024-04-24,7007
8084,巨虹,11,0,11,兆豐-竹北,2024-04-24,7007
9938,百和,26,15,11,兆豐-竹北,2024-04-24,7007
6613,朋億*,12,2,10,兆豐-竹北,2024-04-24,7007
3491,昇達科,20,10,10,兆豐-竹北,2024-04-24,7007
00680L,元大美債20正2,10,0,10,兆豐-竹北,2024-04-24,7007
1416,廣豐,10,0,10,兆豐-竹北,2024-04-24,7007
2528,皇普,10,0,10,兆豐-竹北,2024-04-24,7007
2891B,中信金乙特,10,0,10,兆豐-竹北,2024-04-24,7007
5302,太欣,10,0,10,兆豐-竹北,2024-04-24,7007
6261,久元,10,0,10,兆豐-竹北,2024-04-24,7007
9902,台火,10,0,10,兆豐-竹北,2024-04-24,7007
4306,炎洲,11,1,10,兆豐-竹北,2024-04-24,7007
2449,京元電子,10,1,9,兆豐-竹北,2024-04-24,7007
6667,信紘科,10,1,9,兆豐-竹北,2024-04-24,7007
6592B,和潤企業乙特,9,0,9,兆豐-竹北,2024-04-24,7007
8210,勤誠,13,4,9,兆豐-竹北,2024-04-24,7007
2743,山富,15,7,8,兆豐-竹北,2024-04-24,7007
2344,華邦電,13,5,8,兆豐-竹北,2024-04-24,7007
8033,雷虎,8,0,8,兆豐-竹北,2024-04-24,7007
1904,正隆,7,0,7,兆豐-竹北,2024-04-24,7007
2880,華南金,131,0,131,兆豐-竹北,2024-04-25,7007
00919,群益台灣精選高息,61,3,58,兆豐-竹北,2024-04-25,7007
6770,力積電,55,0,55,兆豐-竹北,2024-04-25,7007
00937B,群益ESG投等債20,53,2,51,兆豐-竹北,2024-04-25,7007
2618,長榮航,117,74,43,兆豐-竹北,2024-04-25,7007
00679B,元大美債20年,41,0,41,兆豐-竹北,2024-04-25,7007
1101,台泥,41,1,40,兆豐-竹北,2024-04-25,7007
2881B,富邦金乙特,40,0,40,兆豐-竹北,2024-04-25,7007
4716,大立,40,0,40,兆豐-竹北,2024-04-25,7007
00878,國泰永續高股息,39,1,38,兆豐-竹北,2024-04-25,7007
3231,緯創,171,137,34,兆豐-竹北,2024-04-25,7007
00632R,元大台灣50反1,38,4,34,兆豐-竹北,2024-04-25,7007
00929,復華台灣科技優息,51,17,34,兆豐-竹北,2024-04-25,7007
1301,台塑,33,0,33,兆豐-竹北,2024-04-25,7007
8084,巨虹,38,7,31,兆豐-竹北,2024-04-25,7007
00687B,國泰20年美債,31,0,31,兆豐-竹北,2024-04-25,7007
00857B,永豐20年美公債,30,0,30,兆豐-竹北,2024-04-25,7007
3013,晟銘電,57,27,30,兆豐-竹北,2024-04-25,7007
2882B,國泰金乙特,28,0,28,兆豐-竹北,2024-04-25,7007
3715,定穎投控,37,11,26,兆豐-竹北,2024-04-25,7007
00680L,元大美債20正2,22,0,22,兆豐-竹北,2024-04-25,7007
1909,榮成,22,0,22,兆豐-竹北,2024-04-25,7007
1587,吉茂,22,0,22,兆豐-竹北,2024-04-25,7007
2354,鴻準,23,2,21,兆豐-竹北,2024-04-25,7007
00650L,復華香港正2,30,9,21,兆豐-竹北,2024-04-25,7007
2509,全坤建,22,2,20,兆豐-竹北,2024-04-25,7007
2885,元大金,20,0,20,兆豐-竹北,2024-04-25,7007
2891B,中信金乙特,20,0,20,兆豐-竹北,2024-04-25,7007
2892,第一金,19,0,19,兆豐-竹北,2024-04-25,7007
2547,日勝生,20,1,19,兆豐-竹北,2024-04-25,7007
4532,瑞智,18,0,18,兆豐-竹北,2024-04-25,7007
6122,擎邦,17,0,17,兆豐-竹北,2024-04-25,7007
6143,振曜,16,2,14,兆豐-竹北,2024-04-25,7007
2464,盟立,13,0,13,兆豐-竹北,2024-04-25,7007
2731,雄獅,22,10,12,兆豐-竹北,2024-04-25,7007
3357,臺慶科,15,3,12,兆豐-竹北,2024-04-25,7007
5381,合正,11,0,11,兆豐-竹北,2024-04-25,7007
5706,鳳凰,15,5,10,兆豐-竹北,2024-04-25,7007
1513,中興電,13,3,10,兆豐-竹北,2024-04-25,7007
2890,永豐金,10,0,10,兆豐-竹北,2024-04-25,7007
2006,東和鋼鐵,10,0,10,兆豐-竹北,2024-04-25,7007
2739,寒舍,11,1,10,兆豐-竹北,2024-04-25,7007
2317,鴻海,22,12,10,兆豐-竹北,2024-04-25,7007
2330,台積電,11,2,9,兆豐-竹北,2024-04-25,7007
1316,上曜,20,11,9,兆豐-竹北,2024-04-25,7007
2427,三商電,11,2,9,兆豐-竹北,2024-04-25,7007
2801,彰銀,9,0,9,兆豐-竹北,2024-04-25,7007
5522,遠雄,11,2,9,兆豐-竹北,2024-04-25,7007
9902,台火,9,0,9,兆豐-竹北,2024-04-25,7007
2356,英業達,10,2,8,兆豐-竹北,2024-04-25,7007
00637L,元大滬深300正2,113,13,100,兆豐-竹北,2024-04-26,7007
00940,元大台灣價值高息,100,10,90,兆豐-竹北,2024-04-26,7007
6015,宏遠證,70,0,70,兆豐-竹北,2024-04-26,7007
00687B,國泰20年美債,58,0,58,兆豐-竹北,2024-04-26,7007
2888,新光金,55,3,52,兆豐-竹北,2024-04-26,7007
2891B,中信金乙特,50,0,50,兆豐-竹北,2024-04-26,7007
00937B,群益ESG投等債20,69,20,49,兆豐-竹北,2024-04-26,7007
00679B,元大美債20年,43,1,42,兆豐-竹北,2024-04-26,7007
00878,國泰永續高股息,55,15,40,兆豐-竹北,2024-04-26,7007
6207,雷科,72,33,39,兆豐-竹北,2024-04-26,7007
00751B,元大AAA至A公司債,36,0,36,兆豐-竹北,2024-04-26,7007
1815,富喬,36,0,36,兆豐-竹北,2024-04-26,7007
3715,定穎投控,46,17,29,兆豐-竹北,2024-04-26,7007
5302,太欣,26,0,26,兆豐-竹北,2024-04-26,7007
00857B,永豐20年美公債,25,0,25,兆豐-竹北,2024-04-26,7007
6548,長科*,25,2,23,兆豐-竹北,2024-04-26,7007
2363,矽統,34,11,23,兆豐-竹北,2024-04-26,7007
3013,晟銘電,31,8,23,兆豐-竹北,2024-04-26,7007
2867,三商壽,22,0,22,兆豐-竹北,2024-04-26,7007
2881B,富邦金乙特,20,0,20,兆豐-竹北,2024-04-26,7007
00919,群益台灣精選高息,39,19,20,兆豐-竹北,2024-04-26,7007
3481,群創,36,19,17,兆豐-竹北,2024-04-26,7007
00933B,國泰10Y+金融債,17,0,17,兆豐-竹北,2024-04-26,7007
00939,統一台灣高息動能,20,3,17,兆豐-竹北,2024-04-26,7007
1532,勤美,16,0,16,兆豐-竹北,2024-04-26,7007
1440,南紡,78,63,15,兆豐-竹北,2024-04-26,7007
1308,亞聚,15,0,15,兆豐-竹北,2024-04-26,7007
2887,台新金,15,0,15,兆豐-竹北,2024-04-26,7007
2897,王道銀行,15,0,15,兆豐-竹北,2024-04-26,7007
8429,金麗-KY,15,0,15,兆豐-竹北,2024-04-26,7007
00680L,元大美債20正2,16,2,14,兆豐-竹北,2024-04-26,7007
4532,瑞智,15,2,13,兆豐-竹北,2024-04-26,7007
9933,中鼎,14,1,13,兆豐-竹北,2024-04-26,7007
3402,漢科,12,0,12,兆豐-竹北,2024-04-26,7007
00719B,元大美債1-3,12,0,12,兆豐-竹北,2024-04-26,7007
00927,群益半導體收益,11,0,11,兆豐-竹北,2024-04-26,7007
1459,聯發,11,0,11,兆豐-竹北,2024-04-26,7007
2344,華邦電,16,5,11,兆豐-竹北,2024-04-26,7007
3617,碩天,13,2,11,兆豐-竹北,2024-04-26,7007
4766,南寶,11,0,11,兆豐-竹北,2024-04-26,7007
1444,力麗,10,0,10,兆豐-竹北,2024-04-26,7007
2520,冠德,12,2,10,兆豐-竹北,2024-04-26,7007
3645,達邁,10,0,10,兆豐-竹北,2024-04-26,7007
3714,富采,10,0,10,兆豐-竹北,2024-04-26,7007
5410,國眾,10,0,10,兆豐-竹北,2024-04-26,7007
6435,大中,10,0,10,兆豐-竹北,2024-04-26,7007
8092,建暐,10,0,10,兆豐-竹北,2024-04-26,7007
8112,至上,10,0,10,兆豐-竹北,2024-04-26,7007
1605,華新,15,6,9,兆豐-竹北,2024-04-26,7007
3035,智原,14,5,9,兆豐-竹北,2024-04-26,7007
2515,中工,326,155,171,兆豐-竹北,2024-04-29,7007
4532,瑞智,133,2,131,兆豐-竹北,2024-04-29,7007
1524,耿鼎,110,0,110,兆豐-竹北,2024-04-29,7007
6005,群益證,112,9,103,兆豐-竹北,2024-04-29,7007
2801,彰銀,98,0,98,兆豐-竹北,2024-04-29,7007
00632R,元大台灣50反1,73,0,73,兆豐-竹北,2024-04-29,7007
2509,全坤建,75,10,65,兆豐-竹北,2024-04-29,7007
00887,永豐中國科技50大,50,0,50,兆豐-竹北,2024-04-29,7007
00641R,富邦日本反1,50,0,50,兆豐-竹北,2024-04-29,7007
00939,統一台灣高息動能,50,0,50,兆豐-竹北,2024-04-29,7007
2891B,中信金乙特,50,0,50,兆豐-竹北,2024-04-29,7007
9945,潤泰新,50,8,42,兆豐-竹北,2024-04-29,7007
00650L,復華香港正2,44,5,39,兆豐-竹北,2024-04-29,7007
00687B,國泰20年美債,41,6,35,兆豐-竹北,2024-04-29,7007
00753L,中信中國50正2,30,0,30,兆豐-竹北,2024-04-29,7007
2618,長榮航,184,154,30,兆豐-竹北,2024-04-29,7007
6806,森崴能源,31,1,30,兆豐-竹北,2024-04-29,7007
2607,榮運,27,0,27,兆豐-竹北,2024-04-29,7007
5351,鈺創,22,0,22,兆豐-竹北,2024-04-29,7007
2486,一詮,29,7,22,兆豐-竹北,2024-04-29,7007
3512,皇龍,21,0,21,兆豐-竹北,2024-04-29,7007
6177,達麗,44,23,21,兆豐-竹北,2024-04-29,7007
00940,元大台灣價值高息,22,2,20,兆豐-竹北,2024-04-29,7007
00751B,元大AAA至A公司債,20,0,20,兆豐-竹北,2024-04-29,7007
00937B,群益ESG投等債20,31,13,18,兆豐-竹北,2024-04-29,7007
2301,光寶科,20,2,18,兆豐-竹北,2024-04-29,7007
2542,興富發,22,5,17,兆豐-竹北,2024-04-29,7007
1612,宏泰,17,1,16,兆豐-竹北,2024-04-29,7007
9933,中鼎,19,4,15,兆豐-竹北,2024-04-29,7007
2010,春源,15,0,15,兆豐-竹北,2024-04-29,7007
8092,建暐,15,0,15,兆豐-竹北,2024-04-29,7007
2101,南港,33,18,15,兆豐-竹北,2024-04-29,7007
2367,燿華,13,1,12,兆豐-竹北,2024-04-29,7007
2611,志信,17,6,11,兆豐-竹北,2024-04-29,7007
5371,中光電,12,1,11,兆豐-竹北,2024-04-29,7007
2887,台新金,11,0,11,兆豐-竹北,2024-04-29,7007
3706,神達,17,6,11,兆豐-竹北,2024-04-29,7007
2609,陽明,33,23,10,兆豐-竹北,2024-04-29,7007
3376,新日興,13,3,10,兆豐-竹北,2024-04-29,7007
2436,偉詮電,10,0,10,兆豐-竹北,2024-04-29,7007
2867,三商壽,30,20,10,兆豐-竹北,2024-04-29,7007
3030,德律,11,1,10,兆豐-竹北,2024-04-29,7007
1605,華新,11,2,9,兆豐-竹北,2024-04-29,7007
3703,欣陸,16,7,9,兆豐-竹北,2024-04-29,7007
3006,晶豪科,17,8,9,兆豐-竹北,2024-04-29,7007
4907,富宇,8,0,8,兆豐-竹北,2024-04-29,7007
6901,鑽石投資,8,0,8,兆豐-竹北,2024-04-29,7007
2359,所羅門,13,6,7,兆豐-竹北,2024-04-29,7007
2743,山富,11,4,7,兆豐-竹北,2024-04-29,7007
00680L,元大美債20正2,7,0,7,兆豐-竹北,2024-04-29,7007
3481,群創,170,17,153,兆豐-竹北,2024-04-30,7007
2409,友達,151,4,147,兆豐-竹北,2024-04-30,7007
6016,康和證,100,0,100,兆豐-竹北,2024-04-30,7007
4306,炎洲,100,0,100,兆豐-竹北,2024-04-30,7007
00937B,群益ESG投等債20,101,4,97,兆豐-竹北,2024-04-30,7007
00751B,元大AAA至A公司債,90,0,90,兆豐-竹北,2024-04-30,7007
8084,巨虹,90,0,90,兆豐-竹北,2024-04-30,7007
00687B,國泰20年美債,90,1,89,兆豐-竹北,2024-04-30,7007
2312,金寶,65,0,65,兆豐-竹北,2024-04-30,7007
00720B,元大投資級公司債,62,0,62,兆豐-竹北,2024-04-30,7007
5457,宣德,62,9,53,兆豐-竹北,2024-04-30,7007
1806,冠軍,50,0,50,兆豐-竹北,2024-04-30,7007
2891B,中信金乙特,50,0,50,兆豐-竹北,2024-04-30,7007
2605,新興,50,1,49,兆豐-竹北,2024-04-30,7007
2374,佳能,40,2,38,兆豐-竹北,2024-04-30,7007
2515,中工,33,1,32,兆豐-竹北,2024-04-30,7007
1805,寶徠,28,0,28,兆豐-竹北,2024-04-30,7007
00632R,元大台灣50反1,28,1,27,兆豐-竹北,2024-04-30,7007
2501,國建,64,41,23,兆豐-竹北,2024-04-30,7007
2406,國碩,25,2,23,兆豐-竹北,2024-04-30,7007
8112,至上,25,2,23,兆豐-竹北,2024-04-30,7007
00919,群益台灣精選高息,32,11,21,兆豐-竹北,2024-04-30,7007
00931B,統一美債20年,21,0,21,兆豐-竹北,2024-04-30,7007
2845,遠東銀,21,0,21,兆豐-竹北,2024-04-30,7007
6180,橘子,20,1,19,兆豐-竹北,2024-04-30,7007
8085,福華,15,0,15,兆豐-竹北,2024-04-30,7007
6770,力積電,14,0,14,兆豐-竹北,2024-04-30,7007
00933B,國泰10Y+金融債,80,66,14,兆豐-竹北,2024-04-30,7007
1304,台聚,13,0,13,兆豐-竹北,2024-04-30,7007
2509,全坤建,13,0,13,兆豐-竹北,2024-04-30,7007
2449,京元電子,21,9,12,兆豐-竹北,2024-04-30,7007
1524,耿鼎,14,2,12,兆豐-竹北,2024-04-30,7007
2913,農林,15,3,12,兆豐-竹北,2024-04-30,7007
2363,矽統,87,75,12,兆豐-竹北,2024-04-30,7007
2356,英業達,11,0,11,兆豐-竹北,2024-04-30,7007
6197,佳必琪,11,1,10,兆豐-竹北,2024-04-30,7007
8039,台虹,10,0,10,兆豐-竹北,2024-04-30,7007
4771,望隼,10,0,10,兆豐-竹北,2024-04-30,7007
00706L,期元大S＆P日圓正2,10,1,9,兆豐-竹北,2024-04-30,7007
2317,鴻海,15,6,9,兆豐-竹北,2024-04-30,7007
1316,上曜,19,10,9,兆豐-竹北,2024-04-30,7007
3234,光環,12,3,9,兆豐-竹北,2024-04-30,7007
4109,加捷生醫,10,1,9,兆豐-竹北,2024-04-30,7007
2206,三陽工業,10,2,8,兆豐-竹北,2024-04-30,7007
00719B,元大美債1-3,10,3,7,兆豐-竹北,2024-04-30,7007
1314,中石化,43,36,7,兆豐-竹北,2024-04-30,7007
2801,彰銀,7,0,7,兆豐-竹北,2024-04-30,7007
6140,訊達,12,5,7,兆豐-竹北,2024-04-30,7007
6190,萬泰科,9,2,7,兆豐-竹北,2024-04-30,7007
6552,易華電,17,10,7,兆豐-竹北,2024-04-30,7007
00637L,元大滬深300正2,210,0,210,兆豐-竹北,2024-05-02,7007
00885,富邦越南,178,0,178,兆豐-竹北,2024-05-02,7007
6190,萬泰科,106,3,103,兆豐-竹北,2024-05-02,7007
00937B,群益ESG投等債20,93,0,93,兆豐-竹北,2024-05-02,7007
5521,工信,80,4,76,兆豐-竹北,2024-05-02,7007
6143,振曜,70,1,69,兆豐-竹北,2024-05-02,7007
2515,中工,119,54,65,兆豐-竹北,2024-05-02,7007
00878,國泰永續高股息,72,12,60,兆豐-竹北,2024-05-02,7007
3481,群創,74,22,52,兆豐-竹北,2024-05-02,7007
00940,元大台灣價值高息,47,0,47,兆豐-竹北,2024-05-02,7007
00939,統一台灣高息動能,44,6,38,兆豐-竹北,2024-05-02,7007
00929,復華台灣科技優息,37,0,37,兆豐-竹北,2024-05-02,7007
2891B,中信金乙特,32,0,32,兆豐-竹北,2024-05-02,7007
1605,華新,35,4,31,兆豐-竹北,2024-05-02,7007
1326,台化,30,0,30,兆豐-竹北,2024-05-02,7007
8084,巨虹,30,0,30,兆豐-竹北,2024-05-02,7007
1504,東元,32,5,27,兆豐-竹北,2024-05-02,7007
6180,橘子,30,5,25,兆豐-竹北,2024-05-02,7007
6552,易華電,37,12,25,兆豐-竹北,2024-05-02,7007
6443,元晶,24,0,24,兆豐-竹北,2024-05-02,7007
2363,矽統,51,29,22,兆豐-竹北,2024-05-02,7007
2316,楠梓電,30,13,17,兆豐-竹北,2024-05-02,7007
2002,中鋼,21,5,16,兆豐-竹北,2024-05-02,7007
00715L,期街口布蘭特正2,15,0,15,兆豐-竹北,2024-05-02,7007
1725,元禎,20,5,15,兆豐-竹北,2024-05-02,7007
5531,鄉林,17,2,15,兆豐-竹北,2024-05-02,7007
00882,中信中國高股息,15,0,15,兆豐-竹北,2024-05-02,7007
00650L,復華香港正2,14,0,14,兆豐-竹北,2024-05-02,7007
2312,金寶,14,0,14,兆豐-竹北,2024-05-02,7007
2534,宏盛,25,11,14,兆豐-竹北,2024-05-02,7007
2634,漢翔,21,7,14,兆豐-竹北,2024-05-02,7007
2330,台積電,14,1,13,兆豐-竹北,2024-05-02,7007
00893,國泰智能電動車,13,0,13,兆豐-竹北,2024-05-02,7007
1316,上曜,25,12,13,兆豐-竹北,2024-05-02,7007
2303,聯電,17,4,13,兆豐-竹北,2024-05-02,7007
2352,佳世達,13,0,13,兆豐-竹北,2024-05-02,7007
6215,和椿,23,10,13,兆豐-竹北,2024-05-02,7007
1301,台塑,13,0,13,兆豐-竹北,2024-05-02,7007
2409,友達,19,7,12,兆豐-竹北,2024-05-02,7007
2542,興富發,52,40,12,兆豐-竹北,2024-05-02,7007
1532,勤美,17,5,12,兆豐-竹北,2024-05-02,7007
2427,三商電,12,0,12,兆豐-竹北,2024-05-02,7007
2891,中信金,12,0,12,兆豐-竹北,2024-05-02,7007
00919,群益台灣精選高息,32,20,12,兆豐-竹北,2024-05-02,7007
3715,定穎投控,14,3,11,兆豐-竹北,2024-05-02,7007
00751B,元大AAA至A公司債,11,0,11,兆豐-竹北,2024-05-02,7007
00676R,富邦臺灣加權反1,11,0,11,兆豐-竹北,2024-05-02,7007
2611,志信,20,9,11,兆豐-竹北,2024-05-02,7007
6282,康舒,12,1,11,兆豐-竹北,2024-05-02,7007
2401,凌陽,11,1,10,兆豐-竹北,2024-05-02,7007
00637L,元大滬深300正2,420,0,420,兆豐-竹北,2024-05-03,7007
00937B,群益ESG投等債20,273,0,273,兆豐-竹北,2024-05-03,7007
00878,國泰永續高股息,137,7,130,兆豐-竹北,2024-05-03,7007
00850,元大臺灣ESG永續,100,0,100,兆豐-竹北,2024-05-03,7007
00720B,元大投資級公司債,100,0,100,兆豐-竹北,2024-05-03,7007
1815,富喬,101,1,100,兆豐-竹北,2024-05-03,7007
00919,群益台灣精選高息,111,21,90,兆豐-竹北,2024-05-03,7007
1316,上曜,96,12,84,兆豐-竹北,2024-05-03,7007
00713,元大台灣高息低波,60,0,60,兆豐-竹北,2024-05-03,7007
6538,倉和,60,2,58,兆豐-竹北,2024-05-03,7007
0056,元大高股息,60,6,54,兆豐-竹北,2024-05-03,7007
8084,巨虹,47,2,45,兆豐-竹北,2024-05-03,7007
2359,所羅門,46,7,39,兆豐-竹北,2024-05-03,7007
3260,威剛,39,3,36,兆豐-竹北,2024-05-03,7007
3231,緯創,169,135,34,兆豐-竹北,2024-05-03,7007
00931B,統一美債20年,31,0,31,兆豐-竹北,2024-05-03,7007
3338,泰碩,32,2,30,兆豐-竹北,2024-05-03,7007
00929,復華台灣科技優息,29,0,29,兆豐-竹北,2024-05-03,7007
1605,華新,36,8,28,兆豐-竹北,2024-05-03,7007
00936,台新永續高息中小,28,2,26,兆豐-竹北,2024-05-03,7007
3213,茂訊,24,0,24,兆豐-竹北,2024-05-03,7007
00675L,富邦臺灣加權正2,22,0,22,兆豐-竹北,2024-05-03,7007
1608,華榮,22,0,22,兆豐-竹北,2024-05-03,7007
8926,台汽電,26,4,22,兆豐-竹北,2024-05-03,7007
00891,中信關鍵半導體,21,0,21,兆豐-竹北,2024-05-03,7007
2547,日勝生,25,4,21,兆豐-竹北,2024-05-03,7007
3013,晟銘電,34,14,20,兆豐-竹北,2024-05-03,7007
1303,南亞,20,0,20,兆豐-竹北,2024-05-03,7007
2312,金寶,20,0,20,兆豐-竹北,2024-05-03,7007
2888,新光金,23,3,20,兆豐-竹北,2024-05-03,7007
3605,宏致,20,0,20,兆豐-竹北,2024-05-03,7007
2501,國建,66,49,17,兆豐-竹北,2024-05-03,7007
2887,台新金,25,8,17,兆豐-竹北,2024-05-03,7007
00650L,復華香港正2,30,14,16,兆豐-竹北,2024-05-03,7007
5302,太欣,15,0,15,兆豐-竹北,2024-05-03,7007
1609,大亞,14,2,12,兆豐-竹北,2024-05-03,7007
1453,大將,30,18,12,兆豐-竹北,2024-05-03,7007
2344,華邦電,12,0,12,兆豐-竹北,2024-05-03,7007
3030,德律,13,1,12,兆豐-竹北,2024-05-03,7007
8039,台虹,12,0,12,兆豐-竹北,2024-05-03,7007
2352,佳世達,23,12,11,兆豐-竹北,2024-05-03,7007
3006,晶豪科,15,4,11,兆豐-竹北,2024-05-03,7007
9945,潤泰新,24,13,11,兆豐-竹北,2024-05-03,7007
00679B,元大美債20年,10,0,10,兆豐-竹北,2024-05-03,7007
1514,亞力,11,1,10,兆豐-竹北,2024-05-03,7007
1104,環泥,10,0,10,兆豐-竹北,2024-05-03,7007
2323,中環,15,5,10,兆豐-竹北,2024-05-03,7007
2409,友達,10,0,10,兆豐-竹北,2024-05-03,7007
2420,新巨,10,0,10,兆豐-竹北,2024-05-03,7007
3703,欣陸,22,12,10,兆豐-竹北,2024-05-03,7007
00937B,群益ESG投等債20,151,0,151,兆豐-竹北,2024-05-06,7007
2891B,中信金乙特,121,0,121,兆豐-竹北,2024-05-06,7007
00637L,元大滬深300正2,320,211,109,兆豐-竹北,2024-05-06,7007
6190,萬泰科,104,0,104,兆豐-竹北,2024-05-06,7007
00636,國泰中國A50,80,0,80,兆豐-竹北,2024-05-06,7007
00857B,永豐20年美公債,71,0,71,兆豐-竹北,2024-05-06,7007
2603,長榮,71,4,67,兆豐-竹北,2024-05-06,7007
00940,元大台灣價值高息,113,50,63,兆豐-竹北,2024-05-06,7007
1314,中石化,63,9,54,兆豐-竹北,2024-05-06,7007
2371,大同,60,8,52,兆豐-竹北,2024-05-06,7007
00929,復華台灣科技優息,58,11,47,兆豐-竹北,2024-05-06,7007
00679B,元大美債20年,46,0,46,兆豐-竹北,2024-05-06,7007
6113,亞矽,40,0,40,兆豐-竹北,2024-05-06,7007
2536,宏普,30,1,29,兆豐-竹北,2024-05-06,7007
1524,耿鼎,30,2,28,兆豐-竹北,2024-05-06,7007
9945,潤泰新,43,18,25,兆豐-竹北,2024-05-06,7007
4714,永捷,35,11,24,兆豐-竹北,2024-05-06,7007
2201,裕隆,26,2,24,兆豐-竹北,2024-05-06,7007
4306,炎洲,21,0,21,兆豐-竹北,2024-05-06,7007
2501,國建,75,54,21,兆豐-竹北,2024-05-06,7007
1109,信大,20,0,20,兆豐-竹北,2024-05-06,7007
5302,太欣,20,0,20,兆豐-竹北,2024-05-06,7007
8084,巨虹,20,0,20,兆豐-竹北,2024-05-06,7007
1536,和大,17,0,17,兆豐-竹北,2024-05-06,7007
2313,華通,17,2,15,兆豐-竹北,2024-05-06,7007
5439,高技,15,0,15,兆豐-竹北,2024-05-06,7007
00939,統一台灣高息動能,14,0,14,兆豐-竹北,2024-05-06,7007
00687B,國泰20年美債,15,2,13,兆豐-竹北,2024-05-06,7007
2449,京元電子,20,7,13,兆豐-竹北,2024-05-06,7007
00632R,元大台灣50反1,24,12,12,兆豐-竹北,2024-05-06,7007
2409,友達,12,0,12,兆豐-竹北,2024-05-06,7007
2538,基泰,19,7,12,兆豐-竹北,2024-05-06,7007
4526,東台,12,0,12,兆豐-竹北,2024-05-06,7007
2881,富邦金,15,3,12,兆豐-竹北,2024-05-06,7007
2801,彰銀,11,0,11,兆豐-竹北,2024-05-06,7007
4739,康普,11,0,11,兆豐-竹北,2024-05-06,7007
6130,上亞科技,11,0,11,兆豐-竹北,2024-05-06,7007
3564,其陽,17,6,11,兆豐-竹北,2024-05-06,7007
2206,三陽工業,15,5,10,兆豐-竹北,2024-05-06,7007
0061,元大寶滬深,10,0,10,兆豐-竹北,2024-05-06,7007
2106,建大,10,0,10,兆豐-竹北,2024-05-06,7007
2441,超豐,10,0,10,兆豐-竹北,2024-05-06,7007
2883B,凱基金乙特,10,0,10,兆豐-竹北,2024-05-06,7007
3312,弘憶股,19,9,10,兆豐-竹北,2024-05-06,7007
3338,泰碩,20,10,10,兆豐-竹北,2024-05-06,7007
6494,九齊,10,0,10,兆豐-竹北,2024-05-06,7007
1455,集盛,9,0,9,兆豐-竹北,2024-05-06,7007
2534,宏盛,18,9,9,兆豐-竹北,2024-05-06,7007
3211,順達,8,0,8,兆豐-竹北,2024-05-06,7007
2887,台新金,71,63,8,兆豐-竹北,2024-05-06,7007
3033,威健,223,36,187,兆豐-竹北,2024-05-07,7007
00940,元大台灣價值高息,112,9,103,兆豐-竹北,2024-05-07,7007
2409,友達,63,0,63,兆豐-竹北,2024-05-07,7007
3481,群創,73,15,58,兆豐-竹北,2024-05-07,7007
3013,晟銘電,88,33,55,兆豐-竹北,2024-05-07,7007
2603,長榮,51,2,49,兆豐-竹北,2024-05-07,7007
2392,正崴,53,6,47,兆豐-竹北,2024-05-07,7007
3059,華晶科,45,1,44,兆豐-竹北,2024-05-07,7007
3030,德律,39,1,38,兆豐-竹北,2024-05-07,7007
00937B,群益ESG投等債20,40,3,37,兆豐-竹北,2024-05-07,7007
2834,臺企銀,33,0,33,兆豐-竹北,2024-05-07,7007
2501,國建,97,65,32,兆豐-竹北,2024-05-07,7007
5302,太欣,31,0,31,兆豐-竹北,2024-05-07,7007
5864,致和證,31,0,31,兆豐-竹北,2024-05-07,7007
00929,復華台灣科技優息,53,22,31,兆豐-竹北,2024-05-07,7007
00712,復華富時不動產,41,11,30,兆豐-竹北,2024-05-07,7007
1215,卜蜂,29,0,29,兆豐-竹北,2024-05-07,7007
00772B,中信高評級公司債,30,2,28,兆豐-竹北,2024-05-07,7007
2618,長榮航,149,125,24,兆豐-竹北,2024-05-07,7007
00679B,元大美債20年,23,0,23,兆豐-竹北,2024-05-07,7007
2888,新光金,23,0,23,兆豐-竹北,2024-05-07,7007
2867,三商壽,23,0,23,兆豐-竹北,2024-05-07,7007
2812,台中銀,21,0,21,兆豐-竹北,2024-05-07,7007
2542,興富發,56,35,21,兆豐-竹北,2024-05-07,7007
00720B,元大投資級公司債,31,11,20,兆豐-竹北,2024-05-07,7007
6188,廣明,21,2,19,兆豐-竹北,2024-05-07,7007
2101,南港,22,5,17,兆豐-竹北,2024-05-07,7007
8926,台汽電,19,2,17,兆豐-竹北,2024-05-07,7007
2344,華邦電,15,0,15,兆豐-竹北,2024-05-07,7007
8033,雷虎,19,4,15,兆豐-竹北,2024-05-07,7007
9935,慶豐富,15,0,15,兆豐-竹北,2024-05-07,7007
2486,一詮,71,57,14,兆豐-竹北,2024-05-07,7007
1609,大亞,40,26,14,兆豐-竹北,2024-05-07,7007
00688L,國泰20年美債正2,14,0,14,兆豐-竹北,2024-05-07,7007
2534,宏盛,21,7,14,兆豐-竹北,2024-05-07,7007
8084,巨虹,13,0,13,兆豐-竹北,2024-05-07,7007
3402,漢科,13,1,12,兆豐-竹北,2024-05-07,7007
00676R,富邦臺灣加權反1,12,0,12,兆豐-竹北,2024-05-07,7007
2520,冠德,28,16,12,兆豐-竹北,2024-05-07,7007
4968,立積,12,0,12,兆豐-竹北,2024-05-07,7007
8271,宇瞻,14,2,12,兆豐-竹北,2024-05-07,7007
4306,炎洲,19,8,11,兆豐-竹北,2024-05-07,7007
1524,耿鼎,91,80,11,兆豐-竹北,2024-05-07,7007
1905,華紙,11,0,11,兆豐-竹北,2024-05-07,7007
1605,華新,12,2,10,兆豐-竹北,2024-05-07,7007
00753L,中信中國50正2,10,0,10,兆豐-竹北,2024-05-07,7007
00700,富邦�琤肭磪�,10,0,10,兆豐-竹北,2024-05-07,7007
1725,元禎,14,4,10,兆豐-竹北,2024-05-07,7007
2440,太空梭,16,6,10,兆豐-竹北,2024-05-07,7007
5206,坤悅,10,0,10,兆豐-竹北,2024-05-07,7007
6015,宏遠證,106,6,100,兆豐-竹北,2024-05-08,7007
5871,中租-KY,88,4,84,兆豐-竹北,2024-05-08,7007
2606,裕民,103,31,72,兆豐-竹北,2024-05-08,7007
00679B,元大美債20年,70,1,69,兆豐-竹北,2024-05-08,7007
2603,長榮,72,10,62,兆豐-竹北,2024-05-08,7007
2887,台新金,60,0,60,兆豐-竹北,2024-05-08,7007
00940,元大台灣價值高息,61,2,59,兆豐-竹北,2024-05-08,7007
00878,國泰永續高股息,77,18,59,兆豐-竹北,2024-05-08,7007
00929,復華台灣科技優息,55,4,51,兆豐-竹北,2024-05-08,7007
4564,元翎,50,0,50,兆豐-竹北,2024-05-08,7007
00937B,群益ESG投等債20,49,0,49,兆豐-竹北,2024-05-08,7007
3231,緯創,119,72,47,兆豐-竹北,2024-05-08,7007
00687B,國泰20年美債,33,0,33,兆豐-竹北,2024-05-08,7007
5864,致和證,31,0,31,兆豐-竹北,2024-05-08,7007
2641,正德,27,2,25,兆豐-竹北,2024-05-08,7007
00919,群益台灣精選高息,27,2,25,兆豐-竹北,2024-05-08,7007
2605,新興,25,2,23,兆豐-竹北,2024-05-08,7007
3033,威健,25,2,23,兆豐-竹北,2024-05-08,7007
8089,康全電訊,25,2,23,兆豐-竹北,2024-05-08,7007
2363,矽統,42,19,23,兆豐-竹北,2024-05-08,7007
3535,晶彩科,22,0,22,兆豐-竹北,2024-05-08,7007
2374,佳能,43,22,21,兆豐-竹北,2024-05-08,7007
2506,太設,21,0,21,兆豐-竹北,2024-05-08,7007
2101,南港,20,0,20,兆豐-竹北,2024-05-08,7007
6125,廣運,21,1,20,兆豐-竹北,2024-05-08,7007
00795B,中信美國公債20年,18,0,18,兆豐-竹北,2024-05-08,7007
2501,國建,40,22,18,兆豐-竹北,2024-05-08,7007
2486,一詮,82,65,17,兆豐-竹北,2024-05-08,7007
3706,神達,15,0,15,兆豐-竹北,2024-05-08,7007
6438,迅得,15,0,15,兆豐-竹北,2024-05-08,7007
1587,吉茂,19,5,14,兆豐-竹北,2024-05-08,7007
1808,潤隆,13,0,13,兆豐-竹北,2024-05-08,7007
5521,工信,13,0,13,兆豐-竹北,2024-05-08,7007
8069,元太,14,2,12,兆豐-竹北,2024-05-08,7007
6505,台塑化,12,0,12,兆豐-竹北,2024-05-08,7007
00637L,元大滬深300正2,211,200,11,兆豐-竹北,2024-05-08,7007
1815,富喬,16,5,11,兆豐-竹北,2024-05-08,7007
6188,廣明,22,11,11,兆豐-竹北,2024-05-08,7007
6215,和椿,28,17,11,兆豐-竹北,2024-05-08,7007
1513,中興電,18,8,10,兆豐-竹北,2024-05-08,7007
4306,炎洲,10,0,10,兆豐-竹北,2024-05-08,7007
2548,華固,10,0,10,兆豐-竹北,2024-05-08,7007
00719B,元大美債1-3,10,0,10,兆豐-竹北,2024-05-08,7007
00632R,元大台灣50反1,10,0,10,兆豐-竹北,2024-05-08,7007
1805,寶徠,10,0,10,兆豐-竹北,2024-05-08,7007
2481,強茂,10,0,10,兆豐-竹北,2024-05-08,7007
3715,定穎投控,11,1,10,兆豐-竹北,2024-05-08,7007
4303,信立,13,3,10,兆豐-竹北,2024-05-08,7007
5443,均豪,10,0,10,兆豐-竹北,2024-05-08,7007
8092,建暐,10,0,10,兆豐-竹北,2024-05-08,7007
6770,力積電,365,3,362,兆豐-竹北,2024-05-09,7007
2489,瑞軒,245,25,220,兆豐-竹北,2024-05-09,7007
00944,野村趨勢動能高息,126,0,126,兆豐-竹北,2024-05-09,7007
1109,信大,120,1,119,兆豐-竹北,2024-05-09,7007
00937B,群益ESG投等債20,120,15,105,兆豐-竹北,2024-05-09,7007
00751B,元大AAA至A公司債,105,0,105,兆豐-竹北,2024-05-09,7007
00929,復華台灣科技優息,81,0,81,兆豐-竹北,2024-05-09,7007
5864,致和證,60,0,60,兆豐-竹北,2024-05-09,7007
2618,長榮航,234,177,57,兆豐-竹北,2024-05-09,7007
00940,元大台灣價值高息,50,2,48,兆豐-竹北,2024-05-09,7007
4949,有成精密,74,28,46,兆豐-竹北,2024-05-09,7007
00679B,元大美債20年,43,0,43,兆豐-竹北,2024-05-09,7007
00753L,中信中國50正2,40,0,40,兆豐-竹北,2024-05-09,7007
6757,台灣虎航,40,0,40,兆豐-竹北,2024-05-09,7007
1815,富喬,37,1,36,兆豐-竹北,2024-05-09,7007
1524,耿鼎,36,1,35,兆豐-竹北,2024-05-09,7007
00878,國泰永續高股息,47,12,35,兆豐-竹北,2024-05-09,7007
4771,望隼,33,0,33,兆豐-竹北,2024-05-09,7007
2476,鉅祥,35,5,30,兆豐-竹北,2024-05-09,7007
2834,臺企銀,37,8,29,兆豐-竹北,2024-05-09,7007
2337,旺宏,29,0,29,兆豐-竹北,2024-05-09,7007
00919,群益台灣精選高息,29,6,23,兆豐-竹北,2024-05-09,7007
00719B,元大美債1-3,20,0,20,兆豐-竹北,2024-05-09,7007
9904,寶成,20,0,20,兆豐-竹北,2024-05-09,7007
6005,群益證,18,0,18,兆豐-竹北,2024-05-09,7007
1608,華榮,22,4,18,兆豐-竹北,2024-05-09,7007
2887,台新金,20,4,16,兆豐-竹北,2024-05-09,7007
00915,凱基優選高股息30,15,0,15,兆豐-竹北,2024-05-09,7007
2464,盟立,22,7,15,兆豐-竹北,2024-05-09,7007
3059,華晶科,20,5,15,兆豐-竹北,2024-05-09,7007
5392,能率,15,0,15,兆豐-竹北,2024-05-09,7007
8110,華東,15,0,15,兆豐-竹北,2024-05-09,7007
2101,南港,15,0,15,兆豐-竹北,2024-05-09,7007
2884,玉山金,15,1,14,兆豐-竹北,2024-05-09,7007
00687B,國泰20年美債,28,15,13,兆豐-竹北,2024-05-09,7007
2371,大同,77,64,13,兆豐-竹北,2024-05-09,7007
00795B,中信美國公債20年,13,0,13,兆豐-竹北,2024-05-09,7007
6596,寬宏藝術,17,4,13,兆豐-竹北,2024-05-09,7007
3374,精材,13,0,13,兆豐-竹北,2024-05-09,7007
4109,加捷生醫,13,0,13,兆豐-竹北,2024-05-09,7007
3231,緯創,78,65,13,兆豐-竹北,2024-05-09,7007
5871,中租-KY,14,2,12,兆豐-竹北,2024-05-09,7007
00909,國泰數位支付服務,12,0,12,兆豐-竹北,2024-05-09,7007
1805,寶徠,12,0,12,兆豐-竹北,2024-05-09,7007
5388,中磊,12,0,12,兆豐-竹北,2024-05-09,7007
5512,力麒,12,0,12,兆豐-竹北,2024-05-09,7007
6117,迎廣,14,2,12,兆豐-竹北,2024-05-09,7007
3535,晶彩科,11,0,11,兆豐-竹北,2024-05-09,7007
3689,湧德,13,2,11,兆豐-竹北,2024-05-09,7007
6282,康舒,11,0,11,兆豐-竹北,2024-05-09,7007
00929,復華台灣科技優息,189,2,187,兆豐-竹北,2024-05-10,7007
2489,瑞軒,163,13,150,兆豐-竹北,2024-05-10,7007
00919,群益台灣精選高息,189,43,146,兆豐-竹北,2024-05-10,7007
1718,中纖,66,6,60,兆豐-竹北,2024-05-10,7007
4562,穎漢,59,4,55,兆豐-竹北,2024-05-10,7007
6757,台灣虎航,52,0,52,兆豐-竹北,2024-05-10,7007
2313,華通,38,4,34,兆豐-竹北,2024-05-10,7007
00687B,國泰20年美債,35,2,33,兆豐-竹北,2024-05-10,7007
00878,國泰永續高股息,62,28,34,兆豐-竹北,2024-05-10,7007
2641,正德,39,6,33,兆豐-竹北,2024-05-10,7007
00751B,元大AAA至A公司債,32,0,32,兆豐-竹北,2024-05-10,7007
6116,彩晶,30,1,29,兆豐-竹北,2024-05-10,7007
3689,湧德,34,10,24,兆豐-竹北,2024-05-10,7007
5213,亞昕,21,0,21,兆豐-竹北,2024-05-10,7007
00688L,國泰20年美債正2,20,0,20,兆豐-竹北,2024-05-10,7007
00637L,元大滬深300正2,20,0,20,兆豐-竹北,2024-05-10,7007
2337,旺宏,20,0,20,兆豐-竹北,2024-05-10,7007
3576,聯合再生,20,0,20,兆豐-竹北,2024-05-10,7007
4420,光明,20,0,20,兆豐-竹北,2024-05-10,7007
8927,北基,20,0,20,兆豐-竹北,2024-05-10,7007
2206,三陽工業,21,1,20,兆豐-竹北,2024-05-10,7007
2241,艾姆勒,28,9,19,兆豐-竹北,2024-05-10,7007
4949,有成精密,18,1,17,兆豐-竹北,2024-05-10,7007
2347,聯強,15,0,15,兆豐-竹北,2024-05-10,7007
2486,一詮,17,2,15,兆豐-竹北,2024-05-10,7007
2883B,凱基金乙特,15,0,15,兆豐-竹北,2024-05-10,7007
4909,新復興,19,4,15,兆豐-竹北,2024-05-10,7007
9946,三發地產,15,0,15,兆豐-竹北,2024-05-10,7007
2344,華邦電,15,1,14,兆豐-竹北,2024-05-10,7007
6541,泰福-KY,14,0,14,兆豐-竹北,2024-05-10,7007
1314,中石化,24,11,13,兆豐-竹北,2024-05-10,7007
2371,大同,22,9,13,兆豐-竹北,2024-05-10,7007
3376,新日興,12,0,12,兆豐-竹北,2024-05-10,7007
1605,華新,11,0,11,兆豐-竹北,2024-05-10,7007
00946,群益科技高息成長,16,5,11,兆豐-竹北,2024-05-10,7007
3013,晟銘電,68,57,11,兆豐-竹北,2024-05-10,7007
00932,兆豐永續高息等權,10,0,10,兆豐-竹北,2024-05-10,7007
00937B,群益ESG投等債20,55,45,10,兆豐-竹北,2024-05-10,7007
2340,台亞,21,11,10,兆豐-竹北,2024-05-10,7007
2845,遠東銀,10,0,10,兆豐-竹北,2024-05-10,7007
3052,夆典,10,0,10,兆豐-竹北,2024-05-10,7007
4303,信立,10,0,10,兆豐-竹北,2024-05-10,7007
6186,新潤,10,0,10,兆豐-竹北,2024-05-10,7007
6288,聯嘉,10,0,10,兆豐-竹北,2024-05-10,7007
2317,鴻海,31,21,10,兆豐-竹北,2024-05-10,7007
6257,矽格,9,0,9,兆豐-竹北,2024-05-10,7007
6414,樺漢,9,0,9,兆豐-竹北,2024-05-10,7007
2427,三商電,15,7,8,兆豐-竹北,2024-05-10,7007
3036,文曄,19,11,8,兆豐-竹北,2024-05-10,7007
1708,東鹼,8,0,8,兆豐-竹北,2024-05-10,7007
00919,群益台灣精選高息,201,4,197,兆豐-竹北,2024-05-13,7007
00878,國泰永續高股息,188,15,173,兆豐-竹北,2024-05-13,7007
00929,復華台灣科技優息,149,0,149,兆豐-竹北,2024-05-13,7007
2883,凱基金,131,8,123,兆豐-竹北,2024-05-13,7007
00679B,元大美債20年,108,4,104,兆豐-竹北,2024-05-13,7007
00937B,群益ESG投等債20,258,208,50,兆豐-竹北,2024-05-13,7007
00944,野村趨勢動能高息,48,0,48,兆豐-竹北,2024-05-13,7007
2228,劍麟,48,0,48,兆豐-竹北,2024-05-13,7007
6142,友勁,35,0,35,兆豐-竹北,2024-05-13,7007
00772B,中信高評級公司債,32,0,32,兆豐-竹北,2024-05-13,7007
3380,明泰,31,0,31,兆豐-竹北,2024-05-13,7007
00720B,元大投資級公司債,30,0,30,兆豐-竹北,2024-05-13,7007
00632R,元大台灣50反1,25,0,25,兆豐-竹北,2024-05-13,7007
2362,藍天,31,7,24,兆豐-竹北,2024-05-13,7007
2637,慧洋-KY,26,2,24,兆豐-竹北,2024-05-13,7007
2313,華通,76,52,24,兆豐-竹北,2024-05-13,7007
2449,京元電子,24,0,24,兆豐-竹北,2024-05-13,7007
2520,冠德,27,4,23,兆豐-竹北,2024-05-13,7007
3231,緯創,86,64,22,兆豐-竹北,2024-05-13,7007
4161,聿新科,21,0,21,兆豐-竹北,2024-05-13,7007
2371,大同,46,27,19,兆豐-竹北,2024-05-13,7007
5213,亞昕,20,1,19,兆豐-竹北,2024-05-13,7007
1815,富喬,22,4,18,兆豐-竹北,2024-05-13,7007
00932,兆豐永續高息等權,17,0,17,兆豐-竹北,2024-05-13,7007
5302,太欣,17,0,17,兆豐-竹北,2024-05-13,7007
1314,中石化,24,9,15,兆豐-竹北,2024-05-13,7007
1795,美時,24,10,14,兆豐-竹北,2024-05-13,7007
2617,台航,18,4,14,兆豐-竹北,2024-05-13,7007
1710,東聯,12,0,12,兆豐-竹北,2024-05-13,7007
2105,正新,12,0,12,兆豐-竹北,2024-05-13,7007
2634,漢翔,12,1,11,兆豐-竹北,2024-05-13,7007
6414,樺漢,11,0,11,兆豐-竹北,2024-05-13,7007
2606,裕民,38,27,11,兆豐-竹北,2024-05-13,7007
4961,天鈺,13,3,10,兆豐-竹北,2024-05-13,7007
00688L,國泰20年美債正2,10,0,10,兆豐-竹北,2024-05-13,7007
1104,環泥,10,0,10,兆豐-竹北,2024-05-13,7007
1718,中纖,15,5,10,兆豐-竹北,2024-05-13,7007
2887,台新金,10,0,10,兆豐-竹北,2024-05-13,7007
6016,康和證,10,0,10,兆豐-竹北,2024-05-13,7007
2367,燿華,27,17,10,兆豐-竹北,2024-05-13,7007
1786,科妍,13,3,10,兆豐-竹北,2024-05-13,7007
2408,南亞科,9,0,9,兆豐-竹北,2024-05-13,7007
3515,華擎,9,0,9,兆豐-竹北,2024-05-13,7007
1563,巧新,12,4,8,兆豐-竹北,2024-05-13,7007
2534,宏盛,14,6,8,兆豐-竹北,2024-05-13,7007
5475,德宏,8,0,8,兆豐-竹北,2024-05-13,7007
2609,陽明,54,47,7,兆豐-竹北,2024-05-13,7007
2486,一詮,70,63,7,兆豐-竹北,2024-05-13,7007
2892,第一金,8,1,7,兆豐-竹北,2024-05-13,7007
1474,弘裕,7,0,7,兆豐-竹北,2024-05-13,7007
3202,樺晟,342,0,342,兆豐-竹北,2024-05-14,7007
2331,精英,62,0,62,兆豐-竹北,2024-05-14,7007
00919,群益台灣精選高息,115,57,58,兆豐-竹北,2024-05-14,7007
5531,鄉林,50,1,49,兆豐-竹北,2024-05-14,7007
2371,大同,59,16,43,兆豐-竹北,2024-05-14,7007
00676R,富邦臺灣加權反1,40,0,40,兆豐-竹北,2024-05-14,7007
6177,達麗,40,3,37,兆豐-竹北,2024-05-14,7007
1524,耿鼎,55,20,35,兆豐-竹北,2024-05-14,7007
3231,緯創,101,67,34,兆豐-竹北,2024-05-14,7007
00679B,元大美債20年,38,7,31,兆豐-竹北,2024-05-14,7007
2615,萬海,298,272,26,兆豐-竹北,2024-05-14,7007
8358,金居,30,4,26,兆豐-竹北,2024-05-14,7007
6770,力積電,30,6,24,兆豐-竹北,2024-05-14,7007
5344,立衛,23,0,23,兆豐-竹北,2024-05-14,7007
9945,潤泰新,19,2,17,兆豐-竹北,2024-05-14,7007
1522,堤維西,62,46,16,兆豐-竹北,2024-05-14,7007
00753L,中信中國50正2,15,0,15,兆豐-竹北,2024-05-14,7007
00687B,國泰20年美債,15,0,15,兆豐-竹北,2024-05-14,7007
00637L,元大滬深300正2,15,0,15,兆豐-竹北,2024-05-14,7007
1339,昭輝,15,0,15,兆豐-竹北,2024-05-14,7007
1718,中纖,15,0,15,兆豐-竹北,2024-05-14,7007
2390,云辰,15,0,15,兆豐-竹北,2024-05-14,7007
2743,山富,15,0,15,兆豐-竹北,2024-05-14,7007
6274,台燿,15,1,14,兆豐-竹北,2024-05-14,7007
3031,佰鴻,14,0,14,兆豐-竹北,2024-05-14,7007
5392,能率,14,0,14,兆豐-竹北,2024-05-14,7007
6259,百徽,14,0,14,兆豐-竹北,2024-05-14,7007
2363,矽統,31,17,14,兆豐-竹北,2024-05-14,7007
2317,鴻海,35,22,13,兆豐-竹北,2024-05-14,7007
8033,雷虎,21,8,13,兆豐-竹北,2024-05-14,7007
8070,長華*,12,0,12,兆豐-竹北,2024-05-14,7007
5009,榮剛,16,4,12,兆豐-竹北,2024-05-14,7007
1616,億泰,11,0,11,兆豐-竹北,2024-05-14,7007
2547,日勝生,11,0,11,兆豐-竹北,2024-05-14,7007
3605,宏致,10,0,10,兆豐-竹北,2024-05-14,7007
00632R,元大台灣50反1,10,0,10,兆豐-竹北,2024-05-14,7007
00700,富邦�琤肭磪�,10,0,10,兆豐-竹北,2024-05-14,7007
1326,台化,12,2,10,兆豐-竹北,2024-05-14,7007
3114,好德,10,0,10,兆豐-竹北,2024-05-14,7007
4127,天良,15,5,10,兆豐-竹北,2024-05-14,7007
6016,康和證,10,0,10,兆豐-竹北,2024-05-14,7007
6115,鎰勝,10,0,10,兆豐-竹北,2024-05-14,7007
5871,中租-KY,16,6,10,兆豐-竹北,2024-05-14,7007
6186,新潤,9,0,9,兆豐-竹北,2024-05-14,7007
1303,南亞,9,0,9,兆豐-竹北,2024-05-14,7007
2486,一詮,9,0,9,兆豐-竹北,2024-05-14,7007
2601,益航,10,1,9,兆豐-竹北,2024-05-14,7007
2611,志信,15,6,9,兆豐-竹北,2024-05-14,7007
3715,定穎投控,9,0,9,兆豐-竹北,2024-05-14,7007
6541,泰福-KY,9,0,9,兆豐-竹北,2024-05-14,7007
3202,樺晟,203,0,203,兆豐-竹北,2024-05-15,7007
00919,群益台灣精選高息,115,3,112,兆豐-竹北,2024-05-15,7007
00937B,群益ESG投等債20,100,3,97,兆豐-竹北,2024-05-15,7007
1314,中石化,90,9,81,兆豐-竹北,2024-05-15,7007
2367,燿華,130,66,64,兆豐-竹北,2024-05-15,7007
2317,鴻海,99,35,64,兆豐-竹北,2024-05-15,7007
00929,復華台灣科技優息,91,27,64,兆豐-竹北,2024-05-15,7007
00940,元大台灣價值高息,59,12,47,兆豐-竹北,2024-05-15,7007
00885,富邦越南,41,2,39,兆豐-竹北,2024-05-15,7007
2618,長榮航,40,6,34,兆豐-竹北,2024-05-15,7007
2406,國碩,35,2,33,兆豐-竹北,2024-05-15,7007
00932,兆豐永續高息等權,35,5,30,兆豐-竹北,2024-05-15,7007
5213,亞昕,30,0,30,兆豐-竹北,2024-05-15,7007
00679B,元大美債20年,41,12,29,兆豐-竹北,2024-05-15,7007
6125,廣運,39,12,27,兆豐-竹北,2024-05-15,7007
8092,建暐,25,0,25,兆豐-竹北,2024-05-15,7007
2101,南港,23,0,23,兆豐-竹北,2024-05-15,7007
8084,巨虹,21,0,21,兆豐-竹北,2024-05-15,7007
00719B,元大美債1-3,20,0,20,兆豐-竹北,2024-05-15,7007
00715L,期街口布蘭特正2,20,0,20,兆豐-竹北,2024-05-15,7007
6142,友勁,20,0,20,兆豐-竹北,2024-05-15,7007
00918,大華優利高填息30,23,4,19,兆豐-竹北,2024-05-15,7007
6541,泰福-KY,19,0,19,兆豐-竹北,2024-05-15,7007
3059,華晶科,18,0,18,兆豐-竹北,2024-05-15,7007
2356,英業達,45,29,16,兆豐-竹北,2024-05-15,7007
2605,新興,38,22,16,兆豐-竹北,2024-05-15,7007
2337,旺宏,15,0,15,兆豐-竹北,2024-05-15,7007
2486,一詮,29,14,15,兆豐-竹北,2024-05-15,7007
2515,中工,21,6,15,兆豐-竹北,2024-05-15,7007
00632R,元大台灣50反1,18,4,14,兆豐-竹北,2024-05-15,7007
1339,昭輝,16,2,14,兆豐-竹北,2024-05-15,7007
6284,佳邦,15,1,14,兆豐-竹北,2024-05-15,7007
2603,長榮,22,9,13,兆豐-竹北,2024-05-15,7007
3031,佰鴻,13,1,12,兆豐-竹北,2024-05-15,7007
1611,中電,11,0,11,兆豐-竹北,2024-05-15,7007
5515,建國,15,4,11,兆豐-竹北,2024-05-15,7007
1563,巧新,10,0,10,兆豐-竹北,2024-05-15,7007
6578,達邦蛋白,10,0,10,兆豐-竹北,2024-05-15,7007
00671R,富邦NASDAQ反1,10,0,10,兆豐-竹北,2024-05-15,7007
3380,明泰,11,1,10,兆豐-竹北,2024-05-15,7007
5512,力麒,10,0,10,兆豐-竹北,2024-05-15,7007
6015,宏遠證,10,0,10,兆豐-竹北,2024-05-15,7007
2611,志信,15,6,9,兆豐-竹北,2024-05-15,7007
1104,環泥,8,0,8,兆豐-竹北,2024-05-15,7007
1618,合機,20,12,8,兆豐-竹北,2024-05-15,7007
1727,中華化,8,0,8,兆豐-竹北,2024-05-15,7007
2485,兆赫,8,0,8,兆豐-竹北,2024-05-15,7007
2834,臺企銀,10,2,8,兆豐-竹北,2024-05-15,7007
6197,佳必琪,8,0,8,兆豐-竹北,2024-05-15,7007
6244,茂迪,9,1,8,兆豐-竹北,2024-05-15,7007
00637L,元大滬深300正2,130,0,130,兆豐-竹北,2024-05-16,7007
00937B,群益ESG投等債20,98,22,76,兆豐-竹北,2024-05-16,7007
00679B,元大美債20年,61,5,56,兆豐-竹北,2024-05-16,7007
3231,緯創,208,155,53,兆豐-竹北,2024-05-16,7007
3390,旭軟,52,5,47,兆豐-竹北,2024-05-16,7007
00680L,元大美債20正2,57,11,46,兆豐-竹北,2024-05-16,7007
2356,英業達,96,52,44,兆豐-竹北,2024-05-16,7007
4952,凌通,45,1,44,兆豐-竹北,2024-05-16,7007
2359,所羅門,85,44,41,兆豐-竹北,2024-05-16,7007
5213,亞昕,40,0,40,兆豐-竹北,2024-05-16,7007
00929,復華台灣科技優息,38,2,36,兆豐-竹北,2024-05-16,7007
2374,佳能,60,28,32,兆豐-竹北,2024-05-16,7007
6215,和椿,36,8,28,兆豐-竹北,2024-05-16,7007
1524,耿鼎,31,5,26,兆豐-竹北,2024-05-16,7007
6259,百徽,24,0,24,兆豐-竹北,2024-05-16,7007
6806,森崴能源,34,12,22,兆豐-竹北,2024-05-16,7007
00945B,凱基美國非投等債,20,0,20,兆豐-竹北,2024-05-16,7007
3380,明泰,19,0,19,兆豐-竹北,2024-05-16,7007
5344,立衛,19,0,19,兆豐-竹北,2024-05-16,7007
9945,潤泰新,41,23,18,兆豐-竹北,2024-05-16,7007
9904,寶成,20,2,18,兆豐-竹北,2024-05-16,7007
2903,遠百,22,4,18,兆豐-竹北,2024-05-16,7007
00712,復華富時不動產,21,4,17,兆豐-竹北,2024-05-16,7007
1522,堤維西,22,7,15,兆豐-竹北,2024-05-16,7007
2882,國泰金,28,13,15,兆豐-竹北,2024-05-16,7007
4716,大立,23,8,15,兆豐-竹北,2024-05-16,7007
2486,一詮,16,2,14,兆豐-竹北,2024-05-16,7007
2371,大同,22,8,14,兆豐-竹北,2024-05-16,7007
8131,福懋科,13,0,13,兆豐-竹北,2024-05-16,7007
00676R,富邦臺灣加權反1,12,0,12,兆豐-竹北,2024-05-16,7007
6213,聯茂,12,0,12,兆豐-竹北,2024-05-16,7007
3060,銘異,18,7,11,兆豐-竹北,2024-05-16,7007
3305,昇貿,14,3,11,兆豐-竹北,2024-05-16,7007
6451,訊芯-KY,26,15,11,兆豐-竹北,2024-05-16,7007
6578,達邦蛋白,10,0,10,兆豐-竹北,2024-05-16,7007
2352,佳世達,11,1,10,兆豐-竹北,2024-05-16,7007
00941,中信上游半導體,10,0,10,兆豐-竹北,2024-05-16,7007
1532,勤美,26,16,10,兆豐-竹北,2024-05-16,7007
2820,華票,10,0,10,兆豐-竹北,2024-05-16,7007
4153,鈺緯,10,0,10,兆豐-竹北,2024-05-16,7007
4977,眾達-KY,10,0,10,兆豐-竹北,2024-05-16,7007
5701,劍湖山,10,0,10,兆豐-竹北,2024-05-16,7007
6914,阜爾運通,10,0,10,兆豐-竹北,2024-05-16,7007
8054,安國,15,5,10,兆豐-竹北,2024-05-16,7007
2915,潤泰全,11,2,9,兆豐-竹北,2024-05-16,7007
3363,上詮,21,12,9,兆豐-竹北,2024-05-16,7007
2408,南亞科,9,0,9,兆豐-竹北,2024-05-16,7007
8011,台通,10,1,9,兆豐-竹北,2024-05-16,7007
9924,福興,9,0,9,兆豐-竹北,2024-05-16,7007
1418,東華,8,0,8,兆豐-竹北,2024-05-16,7007
00878,國泰永續高股息,207,1,206,兆豐-竹北,2024-05-17,7007
3576,聯合再生,214,29,185,兆豐-竹北,2024-05-17,7007
00929,復華台灣科技優息,149,5,144,兆豐-竹北,2024-05-17,7007
5230,雷笛克光學,99,7,92,兆豐-竹北,2024-05-17,7007
8011,台通,93,5,88,兆豐-竹北,2024-05-17,7007
00946,群益科技高息成長,58,0,58,兆豐-竹北,2024-05-17,7007
2317,鴻海,66,11,55,兆豐-竹北,2024-05-17,7007
2367,燿華,146,94,52,兆豐-竹北,2024-05-17,7007
1806,冠軍,41,0,41,兆豐-竹北,2024-05-17,7007
00632R,元大台灣50反1,40,0,40,兆豐-竹北,2024-05-17,7007
8084,巨虹,40,0,40,兆豐-竹北,2024-05-17,7007
2374,佳能,87,49,38,兆豐-竹北,2024-05-17,7007
1522,堤維西,58,21,37,兆豐-竹北,2024-05-17,7007
2405,輔信,32,0,32,兆豐-竹北,2024-05-17,7007
1455,集盛,42,12,30,兆豐-竹北,2024-05-17,7007
5213,亞昕,30,0,30,兆豐-竹北,2024-05-17,7007
00919,群益台灣精選高息,36,6,30,兆豐-竹北,2024-05-17,7007
00940,元大台灣價值高息,58,30,28,兆豐-竹北,2024-05-17,7007
00637L,元大滬深300正2,146,120,26,兆豐-竹北,2024-05-17,7007
2611,志信,25,2,23,兆豐-竹北,2024-05-17,7007
2605,新興,28,6,22,兆豐-竹北,2024-05-17,7007
00882,中信中國高股息,22,2,20,兆豐-竹北,2024-05-17,7007
2301,光寶科,20,0,20,兆豐-竹北,2024-05-17,7007
3167,大量,20,0,20,兆豐-竹北,2024-05-17,7007
2356,英業達,24,5,19,兆豐-竹北,2024-05-17,7007
00936,台新永續高息中小,19,0,19,兆豐-竹北,2024-05-17,7007
5443,均豪,20,1,19,兆豐-竹北,2024-05-17,7007
00885,富邦越南,17,0,17,兆豐-竹北,2024-05-17,7007
00753L,中信中國50正2,45,30,15,兆豐-竹北,2024-05-17,7007
00676R,富邦臺灣加權反1,15,0,15,兆豐-竹北,2024-05-17,7007
3059,華晶科,83,68,15,兆豐-竹北,2024-05-17,7007
6538,倉和,15,0,15,兆豐-竹北,2024-05-17,7007
3231,緯創,140,126,14,兆豐-竹北,2024-05-17,7007
2401,凌陽,13,0,13,兆豐-竹北,2024-05-17,7007
2547,日勝生,13,0,13,兆豐-竹北,2024-05-17,7007
5508,永信建,30,17,13,兆豐-竹北,2024-05-17,7007
2352,佳世達,17,4,13,兆豐-竹北,2024-05-17,7007
2228,劍麟,12,0,12,兆豐-竹北,2024-05-17,7007
2440,太空梭,12,0,12,兆豐-竹北,2024-05-17,7007
2606,裕民,12,0,12,兆豐-竹北,2024-05-17,7007
3481,群創,19,7,12,兆豐-竹北,2024-05-17,7007
6541,泰福-KY,12,0,12,兆豐-竹北,2024-05-17,7007
6257,矽格,11,0,11,兆豐-竹北,2024-05-17,7007
6953,家碩,11,0,11,兆豐-竹北,2024-05-17,7007
1532,勤美,11,0,11,兆豐-竹北,2024-05-17,7007
2514,龍邦,21,10,11,兆豐-竹北,2024-05-17,7007
2527,宏璟,16,5,11,兆豐-竹北,2024-05-17,7007
912000,晨訊科-DR,11,0,11,兆豐-竹北,2024-05-17,7007
2313,華通,15,5,10,兆豐-竹北,2024-05-17,7007
1616,億泰,10,0,10,兆豐-竹北,2024-05-17,7007
00676R,富邦臺灣加權反1,240,0,240,兆豐-竹北,2024-05-20,7007
00929,復華台灣科技優息,108,2,106,兆豐-竹北,2024-05-20,7007
00712,復華富時不動產,100,1,99,兆豐-竹北,2024-05-20,7007
00937B,群益ESG投等債20,89,0,89,兆豐-竹北,2024-05-20,7007
3303,岱稜,75,0,75,兆豐-竹北,2024-05-20,7007
00940,元大台灣價值高息,94,26,68,兆豐-竹北,2024-05-20,7007
4561,健椿,56,4,52,兆豐-竹北,2024-05-20,7007
00919,群益台灣精選高息,59,7,52,兆豐-竹北,2024-05-20,7007
00671R,富邦NASDAQ反1,50,0,50,兆豐-竹北,2024-05-20,7007
00753L,中信中國50正2,60,10,50,兆豐-竹北,2024-05-20,7007
2547,日勝生,50,8,42,兆豐-竹北,2024-05-20,7007
8084,巨虹,42,0,42,兆豐-竹北,2024-05-20,7007
6005,群益證,41,0,41,兆豐-竹北,2024-05-20,7007
1305,華夏,38,0,38,兆豐-竹北,2024-05-20,7007
2367,燿華,62,25,37,兆豐-竹北,2024-05-20,7007
5230,雷笛克光學,34,0,34,兆豐-竹北,2024-05-20,7007
2317,鴻海,35,2,33,兆豐-竹北,2024-05-20,7007
00679B,元大美債20年,54,25,29,兆豐-竹北,2024-05-20,7007
3213,茂訊,27,0,27,兆豐-竹北,2024-05-20,7007
5258,虹堡,26,0,26,兆豐-竹北,2024-05-20,7007
2618,長榮航,54,29,25,兆豐-竹北,2024-05-20,7007
00687B,國泰20年美債,30,6,24,兆豐-竹北,2024-05-20,7007
2501,國建,23,0,23,兆豐-竹北,2024-05-20,7007
2897,王道銀行,23,0,23,兆豐-竹北,2024-05-20,7007
9933,中鼎,21,0,21,兆豐-竹北,2024-05-20,7007
1615,大山,21,1,20,兆豐-竹北,2024-05-20,7007
2208,台船,20,0,20,兆豐-竹北,2024-05-20,7007
00900,富邦特選高股息30,20,2,18,兆豐-竹北,2024-05-20,7007
2884,玉山金,39,21,18,兆豐-竹北,2024-05-20,7007
00936,台新永續高息中小,17,0,17,兆豐-竹北,2024-05-20,7007
3483,力致,20,3,17,兆豐-竹北,2024-05-20,7007
2867,三商壽,28,11,17,兆豐-竹北,2024-05-20,7007
6282,康舒,17,1,16,兆豐-竹北,2024-05-20,7007
8906,花王,16,0,16,兆豐-竹北,2024-05-20,7007
1218,泰山,15,0,15,兆豐-竹北,2024-05-20,7007
2607,榮運,15,0,15,兆豐-竹北,2024-05-20,7007
5009,榮剛,15,1,14,兆豐-竹北,2024-05-20,7007
2520,冠德,20,6,14,兆豐-竹北,2024-05-20,7007
5388,中磊,18,4,14,兆豐-竹北,2024-05-20,7007
6531,愛普*,14,0,14,兆豐-竹北,2024-05-20,7007
00944,野村趨勢動能高息,13,0,13,兆豐-竹北,2024-05-20,7007
3005,神基,13,0,13,兆豐-竹北,2024-05-20,7007
00713,元大台灣高息低波,12,0,12,兆豐-竹北,2024-05-20,7007
3703,欣陸,12,0,12,兆豐-竹北,2024-05-20,7007
2354,鴻準,18,6,12,兆豐-竹北,2024-05-20,7007
6541,泰福-KY,12,0,12,兆豐-竹北,2024-05-20,7007
00915,凱基優選高股息30,11,0,11,兆豐-竹北,2024-05-20,7007
1504,東元,11,0,11,兆豐-竹北,2024-05-20,7007
3059,華晶科,11,0,11,兆豐-竹北,2024-05-20,7007
2038,海光,20,10,10,兆豐-竹北,2024-05-20,7007
2867,三商壽,158,7,151,兆豐-竹北,2024-05-21,7007
00929,復華台灣科技優息,135,4,131,兆豐-竹北,2024-05-21,7007
00878,國泰永續高股息,82,11,71,兆豐-竹北,2024-05-21,7007
00671R,富邦NASDAQ反1,60,0,60,兆豐-竹北,2024-05-21,7007
00753L,中信中國50正2,55,0,55,兆豐-竹北,2024-05-21,7007
2834,臺企銀,55,0,55,兆豐-竹北,2024-05-21,7007
2354,鴻準,55,12,43,兆豐-竹北,2024-05-21,7007
8084,巨虹,61,20,41,兆豐-竹北,2024-05-21,7007
6443,元晶,38,1,37,兆豐-竹北,2024-05-21,7007
00632R,元大台灣50反1,30,0,30,兆豐-竹北,2024-05-21,7007
00664R,國泰臺灣加權反1,30,0,30,兆豐-竹北,2024-05-21,7007
00676R,富邦臺灣加權反1,30,0,30,兆豐-竹北,2024-05-21,7007
6177,達麗,31,1,30,兆豐-竹北,2024-05-21,7007
2352,佳世達,30,1,29,兆豐-竹北,2024-05-21,7007
00937B,群益ESG投等債20,36,9,27,兆豐-竹北,2024-05-21,7007
00679B,元大美債20年,23,0,23,兆豐-竹北,2024-05-21,7007
00650L,復華香港正2,21,1,20,兆豐-竹北,2024-05-21,7007
2371,大同,20,0,20,兆豐-竹北,2024-05-21,7007
3305,昇貿,25,5,20,兆豐-竹北,2024-05-21,7007
4561,健椿,42,22,20,兆豐-竹北,2024-05-21,7007
2880,華南金,19,0,19,兆豐-竹北,2024-05-21,7007
6213,聯茂,22,3,19,兆豐-竹北,2024-05-21,7007
5512,力麒,18,0,18,兆豐-竹北,2024-05-21,7007
6122,擎邦,20,2,18,兆豐-竹北,2024-05-21,7007
6263,普萊德,20,2,18,兆豐-竹北,2024-05-21,7007
2630,亞航,15,0,15,兆豐-竹北,2024-05-21,7007
8070,長華*,24,9,15,兆豐-竹北,2024-05-21,7007
4967,十銓,17,3,14,兆豐-竹北,2024-05-21,7007
5426,振發,17,4,13,兆豐-竹北,2024-05-21,7007
00944,野村趨勢動能高息,13,0,13,兆豐-竹北,2024-05-21,7007
1409,新纖,13,0,13,兆豐-竹北,2024-05-21,7007
3230,錦明,13,0,13,兆豐-竹北,2024-05-21,7007
3376,新日興,17,4,13,兆豐-竹北,2024-05-21,7007
1789,神隆,12,0,12,兆豐-竹北,2024-05-21,7007
2888,新光金,22,10,12,兆豐-竹北,2024-05-21,7007
006208,富邦台50,11,0,11,兆豐-竹北,2024-05-21,7007
3059,華晶科,13,2,11,兆豐-竹北,2024-05-21,7007
3694,海華,17,6,11,兆豐-竹北,2024-05-21,7007
1605,華新,145,134,11,兆豐-竹北,2024-05-21,7007
00933B,國泰10Y+金融債,10,0,10,兆豐-竹北,2024-05-21,7007
00864B,中信美國公債0-1,10,0,10,兆豐-竹北,2024-05-21,7007
1455,集盛,10,0,10,兆豐-竹北,2024-05-21,7007
2457,飛宏,10,0,10,兆豐-竹北,2024-05-21,7007
2891,中信金,10,0,10,兆豐-竹北,2024-05-21,7007
5388,中磊,10,0,10,兆豐-竹北,2024-05-21,7007
2883,凱基金,10,1,9,兆豐-竹北,2024-05-21,7007
2409,友達,10,1,9,兆豐-竹北,2024-05-21,7007
2408,南亞科,10,1,9,兆豐-竹北,2024-05-21,7007
3047,訊舟,12,3,9,兆豐-竹北,2024-05-21,7007
6005,群益證,9,0,9,兆豐-竹北,2024-05-21,7007
2489,瑞軒,612,98,514,兆豐-竹北,2024-05-22,7007
6770,力積電,187,2,185,兆豐-竹北,2024-05-22,7007
2890,永豐金,154,2,152,兆豐-竹北,2024-05-22,7007
00676R,富邦臺灣加權反1,130,0,130,兆豐-竹北,2024-05-22,7007
2867,三商壽,123,11,112,兆豐-竹北,2024-05-22,7007
00919,群益台灣精選高息,138,30,108,兆豐-竹北,2024-05-22,7007
2610,華航,92,29,63,兆豐-竹北,2024-05-22,7007
4760,勤凱,61,1,60,兆豐-竹北,2024-05-22,7007
00632R,元大台灣50反1,52,0,52,兆豐-竹北,2024-05-22,7007
3481,群創,144,95,49,兆豐-竹北,2024-05-22,7007
1314,中石化,50,1,49,兆豐-竹北,2024-05-22,7007
4561,健椿,51,4,47,兆豐-竹北,2024-05-22,7007
5392,能率,123,77,46,兆豐-竹北,2024-05-22,7007
2453,凌群,45,5,40,兆豐-竹北,2024-05-22,7007
8084,巨虹,39,0,39,兆豐-竹北,2024-05-22,7007
2323,中環,39,1,38,兆豐-竹北,2024-05-22,7007
2367,燿華,54,16,38,兆豐-竹北,2024-05-22,7007
2880,華南金,38,0,38,兆豐-竹北,2024-05-22,7007
1522,堤維西,40,6,34,兆豐-竹北,2024-05-22,7007
3013,晟銘電,75,42,33,兆豐-竹北,2024-05-22,7007
00752,中信中國50,31,2,29,兆豐-竹北,2024-05-22,7007
4167,松瑞藥,25,0,25,兆豐-竹北,2024-05-22,7007
00937B,群益ESG投等債20,23,0,23,兆豐-竹北,2024-05-22,7007
8110,華東,49,26,23,兆豐-竹北,2024-05-22,7007
00665L,富邦�琤肭磪囓�2,25,3,22,兆豐-竹北,2024-05-22,7007
00664R,國泰臺灣加權反1,20,0,20,兆豐-竹北,2024-05-22,7007
00944,野村趨勢動能高息,20,0,20,兆豐-竹北,2024-05-22,7007
3312,弘憶股,26,6,20,兆豐-竹北,2024-05-22,7007
5864,致和證,20,0,20,兆豐-竹北,2024-05-22,7007
3059,華晶科,29,10,19,兆豐-竹北,2024-05-22,7007
3213,茂訊,20,2,18,兆豐-竹北,2024-05-22,7007
1616,億泰,17,1,16,兆豐-竹北,2024-05-22,7007
2884,玉山金,17,1,16,兆豐-竹北,2024-05-22,7007
6153,嘉聯益,16,0,16,兆豐-竹北,2024-05-22,7007
00940,元大台灣價值高息,41,26,15,兆豐-竹北,2024-05-22,7007
6207,雷科,33,18,15,兆豐-竹北,2024-05-22,7007
00923,群益台ESG低碳50,19,4,15,兆豐-竹北,2024-05-22,7007
3234,光環,15,1,14,兆豐-竹北,2024-05-22,7007
2206,三陽工業,13,0,13,兆豐-竹北,2024-05-22,7007
2504,國產,14,1,13,兆豐-竹北,2024-05-22,7007
6190,萬泰科,20,7,13,兆豐-竹北,2024-05-22,7007
2009,第一銅,77,64,13,兆豐-竹北,2024-05-22,7007
2352,佳世達,18,6,12,兆豐-竹北,2024-05-22,7007
00650L,復華香港正2,15,3,12,兆豐-竹北,2024-05-22,7007
1303,南亞,12,0,12,兆豐-竹北,2024-05-22,7007
2495,普安,15,3,12,兆豐-竹北,2024-05-22,7007
6425,易發,15,3,12,兆豐-竹北,2024-05-22,7007
2382,廣達,17,6,11,兆豐-竹北,2024-05-22,7007
2486,一詮,16,5,11,兆豐-竹北,2024-05-22,7007
1809,中釉,41,30,11,兆豐-竹北,2024-05-22,7007
00671R,富邦NASDAQ反1,100,0,100,兆豐-竹北,2024-05-23,7007
00676R,富邦臺灣加權反1,100,0,100,兆豐-竹北,2024-05-23,7007
00937B,群益ESG投等債20,104,10,94,兆豐-竹北,2024-05-23,7007
00940,元大台灣價值高息,133,48,85,兆豐-竹北,2024-05-23,7007
2882,國泰金,53,0,53,兆豐-竹北,2024-05-23,7007
5531,鄉林,51,0,51,兆豐-竹北,2024-05-23,7007
00878,國泰永續高股息,36,0,36,兆豐-竹北,2024-05-23,7007
2836,高雄銀,35,0,35,兆豐-竹北,2024-05-23,7007
2356,英業達,37,3,34,兆豐-竹北,2024-05-23,7007
00650L,復華香港正2,42,9,33,兆豐-竹北,2024-05-23,7007
2353,宏��,104,73,31,兆豐-竹北,2024-05-23,7007
6443,元晶,31,2,29,兆豐-竹北,2024-05-23,7007
1616,億泰,32,5,27,兆豐-竹北,2024-05-23,7007
2409,友達,27,0,27,兆豐-竹北,2024-05-23,7007
4960,誠美材,25,0,25,兆豐-竹北,2024-05-23,7007
9105,泰金寶-DR,25,0,25,兆豐-竹北,2024-05-23,7007
2464,盟立,41,17,24,兆豐-竹北,2024-05-23,7007
2906,高林,24,0,24,兆豐-竹北,2024-05-23,7007
3312,弘憶股,35,12,23,兆豐-竹北,2024-05-23,7007
8084,巨虹,42,19,23,兆豐-竹北,2024-05-23,7007
00929,復華台灣科技優息,27,6,21,兆豐-竹北,2024-05-23,7007
2880,華南金,21,0,21,兆豐-竹北,2024-05-23,7007
2883,凱基金,33,13,20,兆豐-竹北,2024-05-23,7007
00882,中信中國高股息,24,4,20,兆豐-竹北,2024-05-23,7007
1444,力麗,20,0,20,兆豐-竹北,2024-05-23,7007
3167,大量,20,0,20,兆豐-竹北,2024-05-23,7007
6263,普萊德,20,1,19,兆豐-竹北,2024-05-23,7007
2834,臺企銀,18,0,18,兆豐-竹北,2024-05-23,7007
6192,巨路,20,2,18,兆豐-竹北,2024-05-23,7007
6770,力積電,18,0,18,兆豐-竹北,2024-05-23,7007
6147,頎邦,30,12,18,兆豐-竹北,2024-05-23,7007
3260,威剛,17,0,17,兆豐-竹北,2024-05-23,7007
5864,致和證,18,1,17,兆豐-竹北,2024-05-23,7007
00712,復華富時不動產,16,0,16,兆豐-竹北,2024-05-23,7007
3450,聯鈞,58,42,16,兆豐-竹北,2024-05-23,7007
00918,大華優利高填息30,16,0,16,兆豐-竹北,2024-05-23,7007
2610,華航,72,56,16,兆豐-竹北,2024-05-23,7007
3594,磐儀,16,0,16,兆豐-竹北,2024-05-23,7007
00893,國泰智能電動車,20,5,15,兆豐-竹北,2024-05-23,7007
3535,晶彩科,21,6,15,兆豐-竹北,2024-05-23,7007
4967,十銓,18,3,15,兆豐-竹北,2024-05-23,7007
8150,南茂,14,0,14,兆豐-竹北,2024-05-23,7007
3013,晟銘電,32,19,13,兆豐-竹北,2024-05-23,7007
2101,南港,13,0,13,兆豐-竹北,2024-05-23,7007
6177,達麗,14,1,13,兆豐-竹北,2024-05-23,7007
1805,寶徠,13,0,13,兆豐-竹北,2024-05-23,7007
2892,第一金,13,0,13,兆豐-竹北,2024-05-23,7007
5371,中光電,16,3,13,兆豐-竹北,2024-05-23,7007
6213,聯茂,13,0,13,兆豐-竹北,2024-05-23,7007
2371,大同,32,20,12,兆豐-竹北,2024-05-23,7007
00937B,群益ESG投等債20,139,0,139,兆豐-竹北,2024-05-24,7007
00753L,中信中國50正2,128,0,128,兆豐-竹北,2024-05-24,7007
3033,威健,111,15,96,兆豐-竹北,2024-05-24,7007
00772B,中信高評級公司債,91,0,91,兆豐-竹北,2024-05-24,7007
00650L,復華香港正2,63,0,63,兆豐-竹北,2024-05-24,7007
4561,健椿,83,21,62,兆豐-竹北,2024-05-24,7007
8936,國統,60,1,59,兆豐-竹北,2024-05-24,7007
2313,華通,55,3,52,兆豐-竹北,2024-05-24,7007
00712,復華富時不動產,51,0,51,兆豐-竹北,2024-05-24,7007
3306,鼎天,47,0,47,兆豐-竹北,2024-05-24,7007
8084,巨虹,46,1,45,兆豐-竹北,2024-05-24,7007
00752,中信中國50,42,0,42,兆豐-竹北,2024-05-24,7007
00665L,富邦�琤肭磪囓�2,42,0,42,兆豐-竹北,2024-05-24,7007
00632R,元大台灣50反1,41,0,41,兆豐-竹北,2024-05-24,7007
00671R,富邦NASDAQ反1,40,0,40,兆豐-竹北,2024-05-24,7007
4973,廣穎,40,0,40,兆豐-竹北,2024-05-24,7007
2363,矽統,130,94,36,兆豐-竹北,2024-05-24,7007
00676R,富邦臺灣加權反1,30,0,30,兆豐-竹北,2024-05-24,7007
3303,岱稜,30,0,30,兆豐-竹北,2024-05-24,7007
2303,聯電,72,43,29,兆豐-竹北,2024-05-24,7007
00648R,元大S＆P500反1,27,0,27,兆豐-竹北,2024-05-24,7007
2534,宏盛,27,0,27,兆豐-竹北,2024-05-24,7007
00929,復華台灣科技優息,37,11,26,兆豐-竹北,2024-05-24,7007
2883,凱基金,24,3,21,兆豐-竹北,2024-05-24,7007
2324,仁寶,23,2,21,兆豐-竹北,2024-05-24,7007
2344,華邦電,30,9,21,兆豐-竹北,2024-05-24,7007
6443,元晶,20,0,20,兆豐-竹北,2024-05-24,7007
2743,山富,24,4,20,兆豐-竹北,2024-05-24,7007
00918,大華優利高填息30,34,15,19,兆豐-竹北,2024-05-24,7007
00940,元大台灣價值高息,19,0,19,兆豐-竹北,2024-05-24,7007
2884,玉山金,19,0,19,兆豐-竹北,2024-05-24,7007
3483,力致,41,27,14,兆豐-竹北,2024-05-24,7007
00679B,元大美債20年,45,31,14,兆豐-竹北,2024-05-24,7007
4153,鈺緯,15,1,14,兆豐-竹北,2024-05-24,7007
2486,一詮,56,42,14,兆豐-竹北,2024-05-24,7007
5871,中租-KY,14,0,14,兆豐-竹北,2024-05-24,7007
00933B,國泰10Y+金融債,13,0,13,兆豐-竹北,2024-05-24,7007
6147,頎邦,15,2,13,兆豐-竹北,2024-05-24,7007
1514,亞力,13,0,13,兆豐-竹北,2024-05-24,7007
2367,燿華,29,16,13,兆豐-竹北,2024-05-24,7007
9904,寶成,13,0,13,兆豐-竹北,2024-05-24,7007
2002,中鋼,13,1,12,兆豐-竹北,2024-05-24,7007
00936,台新永續高息中小,12,0,12,兆豐-竹北,2024-05-24,7007
2906,高林,12,0,12,兆豐-竹北,2024-05-24,7007
6177,達麗,11,0,11,兆豐-竹北,2024-05-24,7007
00751B,元大AAA至A公司債,11,0,11,兆豐-竹北,2024-05-24,7007
8390,金益鼎,10,0,10,兆豐-竹北,2024-05-24,7007
2027,大成鋼,10,0,10,兆豐-竹北,2024-05-24,7007
00706L,期元大S＆P日圓正2,10,0,10,兆豐-竹北,2024-05-24,7007
00923,群益台ESG低碳50,10,0,10,兆豐-竹北,2024-05-24,7007
00676R,富邦臺灣加權反1,180,0,180,兆豐-竹北,2024-05-27,7007
1314,中石化,120,0,120,兆豐-竹北,2024-05-27,7007
00937B,群益ESG投等債20,102,0,102,兆豐-竹北,2024-05-27,7007
00637L,元大滬深300正2,100,0,100,兆豐-竹北,2024-05-27,7007
6016,康和證,100,0,100,兆豐-竹北,2024-05-27,7007
2610,華航,100,6,94,兆豐-竹北,2024-05-27,7007
9105,泰金寶-DR,66,0,66,兆豐-竹北,2024-05-27,7007
00650L,復華香港正2,83,30,53,兆豐-竹北,2024-05-27,7007
2353,宏��,121,71,50,兆豐-竹北,2024-05-27,7007
2547,日勝生,47,0,47,兆豐-竹北,2024-05-27,7007
2888,新光金,50,5,45,兆豐-竹北,2024-05-27,7007
00671R,富邦NASDAQ反1,40,0,40,兆豐-竹北,2024-05-27,7007
4960,誠美材,40,1,39,兆豐-竹北,2024-05-27,7007
6117,迎廣,49,13,36,兆豐-竹北,2024-05-27,7007
00679B,元大美債20年,33,0,33,兆豐-竹北,2024-05-27,7007
00882,中信中國高股息,39,7,32,兆豐-竹北,2024-05-27,7007
00753L,中信中國50正2,31,0,31,兆豐-竹北,2024-05-27,7007
2534,宏盛,30,0,30,兆豐-竹北,2024-05-27,7007
8084,巨虹,30,0,30,兆豐-竹北,2024-05-27,7007
2832,台產,32,4,28,兆豐-竹北,2024-05-27,7007
3231,緯創,59,33,26,兆豐-竹北,2024-05-27,7007
2002,中鋼,34,9,25,兆豐-竹北,2024-05-27,7007
4967,十銓,24,1,23,兆豐-竹北,2024-05-27,7007
8358,金居,35,14,21,兆豐-竹北,2024-05-27,7007
6264,富裔,20,0,20,兆豐-竹北,2024-05-27,7007
00946,群益科技高息成長,21,2,19,兆豐-竹北,2024-05-27,7007
2228,劍麟,18,0,18,兆豐-竹北,2024-05-27,7007
2886,兆豐金,18,1,17,兆豐-竹北,2024-05-27,7007
00641R,富邦日本反1,16,0,16,兆豐-竹北,2024-05-27,7007
2618,長榮航,22,6,16,兆豐-竹北,2024-05-27,7007
8092,建暐,16,0,16,兆豐-竹北,2024-05-27,7007
3059,華晶科,17,1,16,兆豐-竹北,2024-05-27,7007
2367,燿華,19,3,16,兆豐-竹北,2024-05-27,7007
2489,瑞軒,223,207,16,兆豐-竹北,2024-05-27,7007
6770,力積電,25,9,16,兆豐-竹北,2024-05-27,7007
2324,仁寶,23,8,15,兆豐-竹北,2024-05-27,7007
2515,中工,16,1,15,兆豐-竹北,2024-05-27,7007
1799,易威,14,0,14,兆豐-竹北,2024-05-27,7007
4532,瑞智,18,4,14,兆豐-竹北,2024-05-27,7007
2382,廣達,31,17,14,兆豐-竹北,2024-05-27,7007
3033,威健,16,3,13,兆豐-竹北,2024-05-27,7007
00720B,元大投資級公司債,12,0,12,兆豐-竹北,2024-05-27,7007
00915,凱基優選高股息30,12,0,12,兆豐-竹北,2024-05-27,7007
2641,正德,20,8,12,兆豐-竹北,2024-05-27,7007
2377,微星,18,6,12,兆豐-竹北,2024-05-27,7007
00725B,國泰投資級公司債,11,0,11,兆豐-竹北,2024-05-27,7007
00943,兆豐電子高息等權,11,0,11,兆豐-竹北,2024-05-27,7007
4162,智擎,11,0,11,兆豐-竹北,2024-05-27,7007
4533,協易機,14,3,11,兆豐-竹北,2024-05-27,7007
5498,凱崴,26,15,11,兆豐-竹北,2024-05-27,7007
00937B,群益ESG投等債20,512,5,507,兆豐-竹北,2024-05-28,7007
00650L,復華香港正2,251,0,251,兆豐-竹北,2024-05-28,7007
00637L,元大滬深300正2,230,22,208,兆豐-竹北,2024-05-28,7007
2534,宏盛,150,0,150,兆豐-竹北,2024-05-28,7007
00929,復華台灣科技優息,122,0,122,兆豐-竹北,2024-05-28,7007
6015,宏遠證,100,0,100,兆豐-竹北,2024-05-28,7007
3303,岱稜,79,0,79,兆豐-竹北,2024-05-28,7007
3714,富采,65,0,65,兆豐-竹北,2024-05-28,7007
00665L,富邦�琤肭磪囓�2,63,0,63,兆豐-竹北,2024-05-28,7007
00671R,富邦NASDAQ反1,60,0,60,兆豐-竹北,2024-05-28,7007
2328,廣宇,54,7,47,兆豐-竹北,2024-05-28,7007
2618,長榮航,69,22,47,兆豐-竹北,2024-05-28,7007
00679B,元大美債20年,46,0,46,兆豐-竹北,2024-05-28,7007
3033,威健,46,9,37,兆豐-竹北,2024-05-28,7007
3035,智原,49,15,34,兆豐-竹北,2024-05-28,7007
00676R,富邦臺灣加權反1,31,0,31,兆豐-竹北,2024-05-28,7007
00706L,期元大S＆P日圓正2,31,0,31,兆豐-竹北,2024-05-28,7007
00772B,中信高評級公司債,30,0,30,兆豐-竹北,2024-05-28,7007
00933B,國泰10Y+金融債,29,0,29,兆豐-竹北,2024-05-28,7007
6207,雷科,50,24,26,兆豐-竹北,2024-05-28,7007
5871,中租-KY,25,0,25,兆豐-竹北,2024-05-28,7007
00882,中信中國高股息,25,0,25,兆豐-竹北,2024-05-28,7007
3481,群創,26,1,25,兆豐-竹北,2024-05-28,7007
3715,定穎投控,26,2,24,兆豐-竹北,2024-05-28,7007
8084,巨虹,24,0,24,兆豐-竹北,2024-05-28,7007
3234,光環,26,4,22,兆豐-竹北,2024-05-28,7007
00712,復華富時不動產,21,0,21,兆豐-竹北,2024-05-28,7007
6284,佳邦,39,18,21,兆豐-竹北,2024-05-28,7007
5263,智崴,20,0,20,兆豐-竹北,2024-05-28,7007
00753L,中信中國50正2,40,21,19,兆豐-竹北,2024-05-28,7007
3483,力致,26,7,19,兆豐-竹北,2024-05-28,7007
1303,南亞,23,5,18,兆豐-竹北,2024-05-28,7007
6188,廣明,27,10,17,兆豐-竹北,2024-05-28,7007
3058,立德,20,3,17,兆豐-竹北,2024-05-28,7007
6129,普誠,18,1,17,兆豐-竹北,2024-05-28,7007
00641R,富邦日本反1,15,0,15,兆豐-竹北,2024-05-28,7007
8091,翔名,15,0,15,兆豐-竹北,2024-05-28,7007
00720B,元大投資級公司債,64,50,14,兆豐-竹北,2024-05-28,7007
4303,信立,16,2,14,兆豐-竹北,2024-05-28,7007
4714,永捷,36,22,14,兆豐-竹北,2024-05-28,7007
6147,頎邦,17,3,14,兆豐-竹北,2024-05-28,7007
8299,群聯,21,7,14,兆豐-竹北,2024-05-28,7007
00946,群益科技高息成長,13,0,13,兆豐-竹北,2024-05-28,7007
4967,十銓,16,3,13,兆豐-竹北,2024-05-28,7007
2317,鴻海,20,9,11,兆豐-竹北,2024-05-28,7007
1513,中興電,12,0,12,兆豐-竹北,2024-05-28,7007
2611,志信,14,3,11,兆豐-竹北,2024-05-28,7007
2615,萬海,24,13,11,兆豐-竹北,2024-05-28,7007
00915,凱基優選高股息30,11,0,11,兆豐-竹北,2024-05-28,7007
00920,富邦ESG綠色電力,10,0,10,兆豐-竹北,2024-05-28,7007
00687B,國泰20年美債,258,0,258,兆豐-竹北,2024-05-29,7007
00937B,群益ESG投等債20,282,110,172,兆豐-竹北,2024-05-29,7007
00650L,復華香港正2,129,1,128,兆豐-竹北,2024-05-29,7007
2401,凌陽,154,32,122,兆豐-竹北,2024-05-29,7007
00679B,元大美債20年,115,0,115,兆豐-竹北,2024-05-29,7007
6015,宏遠證,100,0,100,兆豐-竹北,2024-05-29,7007
00676R,富邦臺灣加權反1,90,0,90,兆豐-竹北,2024-05-29,7007
6189,豐藝,123,40,83,兆豐-竹北,2024-05-29,7007
3481,群創,82,5,77,兆豐-竹北,2024-05-29,7007
3062,建漢,65,0,65,兆豐-竹北,2024-05-29,7007
4533,協易機,71,7,64,兆豐-竹北,2024-05-29,7007
00671R,富邦NASDAQ反1,60,0,60,兆豐-竹北,2024-05-29,7007
2489,瑞軒,351,297,54,兆豐-竹北,2024-05-29,7007
00632R,元大台灣50反1,85,35,50,兆豐-竹北,2024-05-29,7007
2303,聯電,51,5,46,兆豐-竹北,2024-05-29,7007
2885,元大金,45,0,45,兆豐-竹北,2024-05-29,7007
2867,三商壽,49,5,44,兆豐-竹北,2024-05-29,7007
2886,兆豐金,41,1,40,兆豐-竹北,2024-05-29,7007
00933B,國泰10Y+金融債,38,0,38,兆豐-竹北,2024-05-29,7007
2880,華南金,37,0,37,兆豐-竹北,2024-05-29,7007
2883,凱基金,35,0,35,兆豐-竹北,2024-05-29,7007
2618,長榮航,50,15,35,兆豐-竹北,2024-05-29,7007
00878,國泰永續高股息,36,3,33,兆豐-竹北,2024-05-29,7007
00857B,永豐20年美公債,48,15,33,兆豐-竹北,2024-05-29,7007
00641R,富邦日本反1,33,0,33,兆豐-竹北,2024-05-29,7007
00712,復華富時不動產,32,0,32,兆豐-竹北,2024-05-29,7007
00642U,期元大S＆P石油,30,0,30,兆豐-竹北,2024-05-29,7007
6126,信音,33,4,29,兆豐-竹北,2024-05-29,7007
2832,台產,28,0,28,兆豐-竹北,2024-05-29,7007
2610,華航,57,32,25,兆豐-竹北,2024-05-29,7007
2515,中工,25,0,25,兆豐-竹北,2024-05-29,7007
2301,光寶科,46,21,25,兆豐-竹北,2024-05-29,7007
00946,群益科技高息成長,22,0,22,兆豐-竹北,2024-05-29,7007
1409,新纖,22,0,22,兆豐-竹北,2024-05-29,7007
2367,燿華,31,10,21,兆豐-竹北,2024-05-29,7007
00795B,中信美國公債20年,21,0,21,兆豐-竹北,2024-05-29,7007
3321,同泰,21,0,21,兆豐-竹北,2024-05-29,7007
1722,台肥,20,0,20,兆豐-竹北,2024-05-29,7007
5864,致和證,20,0,20,兆豐-竹北,2024-05-29,7007
6153,嘉聯益,20,0,20,兆豐-竹北,2024-05-29,7007
2605,新興,57,38,19,兆豐-竹北,2024-05-29,7007
00688L,國泰20年美債正2,19,0,19,兆豐-竹北,2024-05-29,7007
1442,名軒,20,2,18,兆豐-竹北,2024-05-29,7007
2888,新光金,30,12,18,兆豐-竹北,2024-05-29,7007
2891,中信金,18,0,18,兆豐-竹北,2024-05-29,7007
3380,明泰,21,3,18,兆豐-竹北,2024-05-29,7007
00753L,中信中國50正2,47,30,17,兆豐-竹北,2024-05-29,7007
2417,圓剛,24,7,17,兆豐-竹北,2024-05-29,7007
2353,宏��,33,17,16,兆豐-竹北,2024-05-29,7007
2413,環科,15,0,15,兆豐-竹北,2024-05-29,7007
00937B,群益ESG投等債20,222,0,222,兆豐-竹北,2024-05-30,7007
2401,凌陽,225,21,204,兆豐-竹北,2024-05-30,7007
4906,正文,203,0,203,兆豐-竹北,2024-05-30,7007
00650L,復華香港正2,150,0,150,兆豐-竹北,2024-05-30,7007
6505,台塑化,88,0,88,兆豐-竹北,2024-05-30,7007
00929,復華台灣科技優息,139,53,86,兆豐-竹北,2024-05-30,7007
00940,元大台灣價值高息,103,18,85,兆豐-竹北,2024-05-30,7007
6125,廣運,93,9,84,兆豐-竹北,2024-05-30,7007
1815,富喬,95,35,60,兆豐-竹北,2024-05-30,7007
3033,威健,76,24,52,兆豐-竹北,2024-05-30,7007
00688L,國泰20年美債正2,50,0,50,兆豐-竹北,2024-05-30,7007
8011,台通,51,1,50,兆豐-竹北,2024-05-30,7007
2324,仁寶,48,2,46,兆豐-竹北,2024-05-30,7007
2886,兆豐金,40,0,40,兆豐-竹北,2024-05-30,7007
6695,芯鼎,40,1,39,兆豐-竹北,2024-05-30,7007
2618,長榮航,36,0,36,兆豐-竹北,2024-05-30,7007
2607,榮運,50,15,35,兆豐-竹北,2024-05-30,7007
00679B,元大美債20年,33,0,33,兆豐-竹北,2024-05-30,7007
2356,英業達,31,1,30,兆豐-竹北,2024-05-30,7007
00751B,元大AAA至A公司債,28,0,28,兆豐-竹北,2024-05-30,7007
3303,岱稜,28,0,28,兆豐-竹北,2024-05-30,7007
00795B,中信美國公債20年,25,0,25,兆豐-竹北,2024-05-30,7007
2885,元大金,25,0,25,兆豐-竹北,2024-05-30,7007
3231,緯創,172,148,24,兆豐-竹北,2024-05-30,7007
1609,大亞,25,1,24,兆豐-竹北,2024-05-30,7007
00931B,統一美債20年,23,0,23,兆豐-竹北,2024-05-30,7007
00923,群益台ESG低碳50,22,0,22,兆豐-竹北,2024-05-30,7007
1303,南亞,21,0,21,兆豐-竹北,2024-05-30,7007
00712,復華富時不動產,20,0,20,兆豐-竹北,2024-05-30,7007
0056,元大高股息,23,3,20,兆豐-竹北,2024-05-30,7007
00641R,富邦日本反1,20,0,20,兆豐-竹北,2024-05-30,7007
2883,凱基金,19,0,19,兆豐-竹北,2024-05-30,7007
00891,中信關鍵半導體,20,1,19,兆豐-竹北,2024-05-30,7007
00753L,中信中國50正2,20,1,19,兆豐-竹北,2024-05-30,7007
1605,華新,19,0,19,兆豐-竹北,2024-05-30,7007
2344,華邦電,19,0,19,兆豐-竹北,2024-05-30,7007
00857B,永豐20年美公債,18,0,18,兆豐-竹北,2024-05-30,7007
6147,頎邦,18,0,18,兆豐-竹北,2024-05-30,7007
006208,富邦台50,17,0,17,兆豐-竹北,2024-05-30,7007
00915,凱基優選高股息30,16,0,16,兆豐-竹北,2024-05-30,7007
2002,中鋼,20,5,15,兆豐-竹北,2024-05-30,7007
00687B,國泰20年美債,55,40,15,兆豐-竹北,2024-05-30,7007
3312,弘憶股,77,62,15,兆豐-竹北,2024-05-30,7007
2354,鴻準,43,29,14,兆豐-竹北,2024-05-30,7007
2405,輔信,24,10,14,兆豐-竹北,2024-05-30,7007
2605,新興,42,28,14,兆豐-竹北,2024-05-30,7007
8105,凌巨,15,1,14,兆豐-竹北,2024-05-30,7007
2365,昆盈,28,15,13,兆豐-竹北,2024-05-30,7007
3217,優群,13,0,13,兆豐-竹北,2024-05-30,7007
2241,艾姆勒,12,0,12,兆豐-竹北,2024-05-30,7007
4906,正文,323,33,290,兆豐-竹北,2024-05-31,7007
3047,訊舟,215,52,163,兆豐-竹北,2024-05-31,7007
2609,陽明,182,66,116,兆豐-竹北,2024-05-31,7007
00637L,元大滬深300正2,100,0,100,兆豐-竹北,2024-05-31,7007
00940,元大台灣價值高息,162,64,98,兆豐-竹北,2024-05-31,7007
00929,復華台灣科技優息,132,35,97,兆豐-竹北,2024-05-31,7007
00648R,元大S＆P500反1,57,0,57,兆豐-竹北,2024-05-31,7007
2332,友訊,59,3,56,兆豐-竹北,2024-05-31,7007
00676R,富邦臺灣加權反1,55,0,55,兆豐-竹北,2024-05-31,7007
2489,瑞軒,241,189,52,兆豐-竹北,2024-05-31,7007
5864,致和證,50,0,50,兆豐-竹北,2024-05-31,7007
1605,華新,30,0,30,兆豐-竹北,2024-05-31,7007
3231,緯創,124,95,29,兆豐-竹北,2024-05-31,7007
3024,憶聲,40,11,29,兆豐-竹北,2024-05-31,7007
00641R,富邦日本反1,25,0,25,兆豐-竹北,2024-05-31,7007
2421,建準,31,6,25,兆豐-竹北,2024-05-31,7007
2303,聯電,31,8,23,兆豐-竹北,2024-05-31,7007
2890,永豐金,23,0,23,兆豐-竹北,2024-05-31,7007
3062,建漢,22,0,22,兆豐-竹北,2024-05-31,7007
2344,華邦電,42,21,21,兆豐-竹北,2024-05-31,7007
6742,澤米,21,0,21,兆豐-竹北,2024-05-31,7007
2731,雄獅,25,5,20,兆豐-竹北,2024-05-31,7007
00642U,期元大S＆P石油,20,0,20,兆豐-竹北,2024-05-31,7007
00751B,元大AAA至A公司債,20,0,20,兆豐-竹北,2024-05-31,7007
00937B,群益ESG投等債20,29,9,20,兆豐-竹北,2024-05-31,7007
2002,中鋼,18,0,18,兆豐-竹北,2024-05-31,7007
2464,盟立,39,21,18,兆豐-竹北,2024-05-31,7007
2886,兆豐金,18,0,18,兆豐-竹北,2024-05-31,7007
3312,弘憶股,84,67,17,兆豐-竹北,2024-05-31,7007
1815,富喬,19,3,16,兆豐-竹北,2024-05-31,7007
00891,中信關鍵半導體,15,0,15,兆豐-竹北,2024-05-31,7007
00857B,永豐20年美公債,15,0,15,兆豐-竹北,2024-05-31,7007
6443,元晶,15,0,15,兆豐-竹北,2024-05-31,7007
2317,鴻海,37,23,14,兆豐-竹北,2024-05-31,7007
00878,國泰永續高股息,18,4,14,兆豐-竹北,2024-05-31,7007
4967,十銓,30,16,14,兆豐-竹北,2024-05-31,7007
00946,群益科技高息成長,13,0,13,兆豐-竹北,2024-05-31,7007
1609,大亞,14,1,13,兆豐-竹北,2024-05-31,7007
0056,元大高股息,13,0,13,兆豐-竹北,2024-05-31,7007
4979,華星光,13,0,13,兆豐-竹北,2024-05-31,7007
4561,健椿,12,0,12,兆豐-竹北,2024-05-31,7007
2392,正崴,12,0,12,兆豐-竹北,2024-05-31,7007
6147,頎邦,11,0,11,兆豐-竹北,2024-05-31,7007
6005,群益證,11,0,11,兆豐-竹北,2024-05-31,7007
00679B,元大美債20年,63,52,11,兆豐-竹北,2024-05-31,7007
2228,劍麟,17,6,11,兆豐-竹北,2024-05-31,7007
2363,矽統,25,14,11,兆豐-竹北,2024-05-31,7007
3515,華擎,11,0,11,兆豐-竹北,2024-05-31,7007
6274,台燿,15,5,10,兆豐-竹北,2024-05-31,7007
1702,南僑,10,0,10,兆豐-竹北,2024-05-31,7007
6770,力積電,380,1,379,兆豐-竹北,2024-06-03,7007
00919,群益台灣精選高息,155,4,151,兆豐-竹北,2024-06-03,7007
00676R,富邦臺灣加權反1,180,55,125,兆豐-竹北,2024-06-03,7007
2534,宏盛,109,0,109,兆豐-竹北,2024-06-03,7007
2537,聯上發,112,5,107,兆豐-竹北,2024-06-03,7007
2618,長榮航,123,17,106,兆豐-竹北,2024-06-03,7007
2886,兆豐金,106,0,106,兆豐-竹北,2024-06-03,7007
00753L,中信中國50正2,106,1,105,兆豐-竹北,2024-06-03,7007
5864,致和證,90,0,90,兆豐-竹北,2024-06-03,7007
00918,大華優利高填息30,75,0,75,兆豐-竹北,2024-06-03,7007
00665L,富邦�琤肭磪囓�2,61,0,61,兆豐-竹北,2024-06-03,7007
1802,台玻,63,3,60,兆豐-竹北,2024-06-03,7007
2367,燿華,66,7,59,兆豐-竹北,2024-06-03,7007
4123,晟德,50,0,50,兆豐-竹北,2024-06-03,7007
00669R,國泰美國道瓊反1,45,0,45,兆豐-竹北,2024-06-03,7007
2353,宏��,61,17,44,兆豐-竹北,2024-06-03,7007
2241,艾姆勒,42,0,42,兆豐-竹北,2024-06-03,7007
2002,中鋼,38,0,38,兆豐-竹北,2024-06-03,7007
2354,鴻準,52,17,35,兆豐-竹北,2024-06-03,7007
2884,玉山金,37,2,35,兆豐-竹北,2024-06-03,7007
5493,三聯,33,1,32,兆豐-竹北,2024-06-03,7007
00715L,期街口布蘭特正2,31,0,31,兆豐-竹北,2024-06-03,7007
4153,鈺緯,30,0,30,兆豐-竹北,2024-06-03,7007
4561,健椿,35,6,29,兆豐-竹北,2024-06-03,7007
6757,台灣虎航,30,1,29,兆豐-竹北,2024-06-03,7007
2363,矽統,49,22,27,兆豐-竹北,2024-06-03,7007
3013,晟銘電,57,30,27,兆豐-竹北,2024-06-03,7007
2412,中華電,26,0,26,兆豐-竹北,2024-06-03,7007
00937B,群益ESG投等債20,26,0,26,兆豐-竹北,2024-06-03,7007
1605,華新,25,0,25,兆豐-竹北,2024-06-03,7007
2313,華通,24,0,24,兆豐-竹北,2024-06-03,7007
1717,長興,27,3,24,兆豐-竹北,2024-06-03,7007
5230,雷笛克光學,32,8,24,兆豐-竹北,2024-06-03,7007
2356,英業達,30,7,23,兆豐-竹北,2024-06-03,7007
5213,亞昕,23,0,23,兆豐-竹北,2024-06-03,7007
8084,巨虹,23,0,23,兆豐-竹北,2024-06-03,7007
2303,聯電,23,0,23,兆豐-竹北,2024-06-03,7007
3374,精材,21,0,21,兆豐-竹北,2024-06-03,7007
6005,群益證,20,1,19,兆豐-竹北,2024-06-03,7007
4533,協易機,67,50,17,兆豐-竹北,2024-06-03,7007
2610,華航,33,16,17,兆豐-竹北,2024-06-03,7007
3484,崧騰,18,1,17,兆豐-竹北,2024-06-03,7007
5371,中光電,24,7,17,兆豐-竹北,2024-06-03,7007
2607,榮運,16,0,16,兆豐-竹北,2024-06-03,7007
00650L,復華香港正2,15,0,15,兆豐-竹北,2024-06-03,7007
2323,中環,14,0,14,兆豐-竹北,2024-06-03,7007
5880,合庫金,13,0,13,兆豐-竹北,2024-06-03,7007
00929,復華台灣科技優息,21,8,13,兆豐-竹北,2024-06-03,7007
1524,耿鼎,13,1,12,兆豐-竹北,2024-06-03,7007
2383,台光電,24,12,12,兆豐-竹北,2024-06-03,7007
00680L,元大美債20正2,201,0,201,兆豐-竹北,2024-06-04,7007
00929,復華台灣科技優息,145,5,140,兆豐-竹北,2024-06-04,7007
2534,宏盛,122,0,122,兆豐-竹北,2024-06-04,7007
2489,瑞軒,309,191,118,兆豐-竹北,2024-06-04,7007
00753L,中信中國50正2,91,1,90,兆豐-竹北,2024-06-04,7007
00650L,復華香港正2,67,0,67,兆豐-竹北,2024-06-04,7007
2367,燿華,81,19,62,兆豐-竹北,2024-06-04,7007
00919,群益台灣精選高息,88,26,62,兆豐-竹北,2024-06-04,7007
2331,精英,91,30,61,兆豐-竹北,2024-06-04,7007
00918,大華優利高填息30,59,0,59,兆豐-竹北,2024-06-04,7007
2328,廣宇,64,9,55,兆豐-竹北,2024-06-04,7007
2312,金寶,61,7,54,兆豐-竹北,2024-06-04,7007
3481,群創,102,49,53,兆豐-竹北,2024-06-04,7007
1314,中石化,52,0,52,兆豐-竹北,2024-06-04,7007
00922,國泰台灣領袖50,53,1,52,兆豐-竹北,2024-06-04,7007
6257,矽格,50,2,48,兆豐-竹北,2024-06-04,7007
3580,友威科,49,2,47,兆豐-竹北,2024-06-04,7007
6245,立端,51,4,47,兆豐-竹北,2024-06-04,7007
00715L,期街口布蘭特正2,41,0,41,兆豐-竹北,2024-06-04,7007
2515,中工,50,13,37,兆豐-竹北,2024-06-04,7007
00878,國泰永續高股息,34,0,34,兆豐-竹北,2024-06-04,7007
2002,中鋼,33,2,31,兆豐-竹北,2024-06-04,7007
8084,巨虹,28,0,28,兆豐-竹北,2024-06-04,7007
2609,陽明,42,15,27,兆豐-竹北,2024-06-04,7007
00946,群益科技高息成長,27,0,27,兆豐-竹北,2024-06-04,7007
6512,啟發電,27,0,27,兆豐-竹北,2024-06-04,7007
00936,台新永續高息中小,26,0,26,兆豐-竹北,2024-06-04,7007
8093,保銳,26,0,26,兆豐-竹北,2024-06-04,7007
2317,鴻海,31,5,26,兆豐-竹北,2024-06-04,7007
2886,兆豐金,24,0,24,兆豐-竹北,2024-06-04,7007
3312,弘憶股,27,3,24,兆豐-竹北,2024-06-04,7007
6712,長聖,25,2,23,兆豐-竹北,2024-06-04,7007
2101,南港,48,26,22,兆豐-竹北,2024-06-04,7007
2324,仁寶,33,11,22,兆豐-竹北,2024-06-04,7007
4566,時碩工業,26,4,22,兆豐-竹北,2024-06-04,7007
4561,健椿,46,25,21,兆豐-竹北,2024-06-04,7007
00676R,富邦臺灣加權反1,20,0,20,兆豐-竹北,2024-06-04,7007
2354,鴻準,70,50,20,兆豐-竹北,2024-06-04,7007
6125,廣運,128,108,20,兆豐-竹北,2024-06-04,7007
2303,聯電,24,5,19,兆豐-竹北,2024-06-04,7007
2344,華邦電,30,11,19,兆豐-竹北,2024-06-04,7007
2349,錸德,20,1,19,兆豐-竹北,2024-06-04,7007
6546,正基,19,0,19,兆豐-竹北,2024-06-04,7007
6538,倉和,18,0,18,兆豐-竹北,2024-06-04,7007
00642U,期元大S＆P石油,17,0,17,兆豐-竹北,2024-06-04,7007
00942B,台新美A公司債20+,19,2,17,兆豐-竹北,2024-06-04,7007
6443,元晶,17,0,17,兆豐-竹北,2024-06-04,7007
2313,華通,16,0,16,兆豐-竹北,2024-06-04,7007
00882,中信中國高股息,16,0,16,兆豐-竹北,2024-06-04,7007
6591,動力-KY,25,9,16,兆豐-竹北,2024-06-04,7007
00929,復華台灣科技優息,191,4,187,兆豐-竹北,2024-06-05,7007
00878,國泰永續高股息,74,10,64,兆豐-竹北,2024-06-05,7007
00918,大華優利高填息30,62,4,58,兆豐-竹北,2024-06-05,7007
2611,志信,63,5,58,兆豐-竹北,2024-06-05,7007
2534,宏盛,57,1,56,兆豐-竹北,2024-06-05,7007
00753L,中信中國50正2,50,0,50,兆豐-竹北,2024-06-05,7007
6142,友勁,50,0,50,兆豐-竹北,2024-06-05,7007
8084,巨虹,62,20,42,兆豐-竹北,2024-06-05,7007
00936,台新永續高息中小,47,10,37,兆豐-竹北,2024-06-05,7007
8070,長華*,36,0,36,兆豐-竹北,2024-06-05,7007
2641,正德,42,10,32,兆豐-竹北,2024-06-05,7007
00676R,富邦臺灣加權反1,30,0,30,兆豐-竹北,2024-06-05,7007
1524,耿鼎,56,28,28,兆豐-竹北,2024-06-05,7007
2606,裕民,41,13,28,兆豐-竹北,2024-06-05,7007
2002,中鋼,25,1,24,兆豐-竹北,2024-06-05,7007
00919,群益台灣精選高息,31,7,24,兆豐-竹北,2024-06-05,7007
2609,陽明,96,72,24,兆豐-竹北,2024-06-05,7007
00940,元大台灣價值高息,36,13,23,兆豐-竹北,2024-06-05,7007
2101,南港,29,7,22,兆豐-竹北,2024-06-05,7007
1605,華新,21,0,21,兆豐-竹北,2024-06-05,7007
1609,大亞,21,1,20,兆豐-竹北,2024-06-05,7007
00671R,富邦NASDAQ反1,20,0,20,兆豐-竹北,2024-06-05,7007
2836,高雄銀,20,0,20,兆豐-竹北,2024-06-05,7007
6122,擎邦,20,0,20,兆豐-竹北,2024-06-05,7007
2374,佳能,25,6,19,兆豐-竹北,2024-06-05,7007
2501,國建,19,0,19,兆豐-竹北,2024-06-05,7007
00715L,期街口布蘭特正2,18,0,18,兆豐-竹北,2024-06-05,7007
00937B,群益ESG投等債20,23,5,18,兆豐-竹北,2024-06-05,7007
6270,倍微,26,8,18,兆豐-竹北,2024-06-05,7007
2520,冠德,20,2,18,兆豐-竹北,2024-06-05,7007
4532,瑞智,21,4,17,兆豐-竹北,2024-06-05,7007
0056,元大高股息,19,3,16,兆豐-竹北,2024-06-05,7007
2605,新興,35,19,16,兆豐-竹北,2024-06-05,7007
3030,德律,27,12,15,兆豐-竹北,2024-06-05,7007
1905,華紙,15,0,15,兆豐-竹北,2024-06-05,7007
6227,茂綸,20,5,15,兆豐-竹北,2024-06-05,7007
3372,典範,16,2,14,兆豐-竹北,2024-06-05,7007
5608,四維航,16,2,14,兆豐-竹北,2024-06-05,7007
2486,一詮,18,4,14,兆豐-竹北,2024-06-05,7007
2367,燿華,19,6,13,兆豐-竹北,2024-06-05,7007
3481,群創,13,0,13,兆豐-竹北,2024-06-05,7007
00946,群益科技高息成長,12,0,12,兆豐-竹北,2024-06-05,7007
2301,光寶科,20,9,11,兆豐-竹北,2024-06-05,7007
2324,仁寶,13,2,11,兆豐-竹北,2024-06-05,7007
2617,台航,15,4,11,兆豐-竹北,2024-06-05,7007
2634,漢翔,11,0,11,兆豐-竹北,2024-06-05,7007
2313,華通,10,0,10,兆豐-竹北,2024-06-05,7007
2356,英業達,11,1,10,兆豐-竹北,2024-06-05,7007
8936,國統,11,1,10,兆豐-竹北,2024-06-05,7007
6188,廣明,14,4,10,兆豐-竹北,2024-06-05,7007
00676R,富邦臺灣加權反1,150,0,150,兆豐-竹北,2024-06-06,7007
00753L,中信中國50正2,110,0,110,兆豐-竹北,2024-06-06,7007
00946,群益科技高息成長,101,0,101,兆豐-竹北,2024-06-06,7007
2312,金寶,149,74,75,兆豐-竹北,2024-06-06,7007
5880,合庫金,72,0,72,兆豐-竹北,2024-06-06,7007
00936,台新永續高息中小,71,0,71,兆豐-竹北,2024-06-06,7007
2542,興富發,68,0,68,兆豐-竹北,2024-06-06,7007
3231,緯創,143,88,55,兆豐-竹北,2024-06-06,7007
5864,致和證,55,0,55,兆豐-竹北,2024-06-06,7007
1314,中石化,52,0,52,兆豐-竹北,2024-06-06,7007
2328,廣宇,73,40,33,兆豐-竹北,2024-06-06,7007
8099,大世科,32,0,32,兆豐-竹北,2024-06-06,7007
2323,中環,29,0,29,兆豐-竹北,2024-06-06,7007
6531,愛普*,24,0,24,兆豐-竹北,2024-06-06,7007
2002,中鋼,23,0,23,兆豐-竹北,2024-06-06,7007
3024,憶聲,25,2,23,兆豐-竹北,2024-06-06,7007
00918,大華優利高填息30,25,3,22,兆豐-竹北,2024-06-06,7007
8033,雷虎,21,0,21,兆豐-竹北,2024-06-06,7007
8131,福懋科,20,0,20,兆豐-竹北,2024-06-06,7007
00687B,國泰20年美債,76,57,19,兆豐-竹北,2024-06-06,7007
1444,力麗,20,2,18,兆豐-竹北,2024-06-06,7007
8277,商丞,23,6,17,兆豐-竹北,2024-06-06,7007
1513,中興電,17,0,17,兆豐-竹北,2024-06-06,7007
2354,鴻準,30,14,16,兆豐-竹北,2024-06-06,7007
3062,建漢,28,12,16,兆豐-竹北,2024-06-06,7007
8096,擎亞,33,17,16,兆豐-竹北,2024-06-06,7007
2613,中櫃,17,1,16,兆豐-竹北,2024-06-06,7007
2449,京元電子,25,10,15,兆豐-竹北,2024-06-06,7007
2208,台船,14,0,14,兆豐-竹北,2024-06-06,7007
3380,明泰,13,0,13,兆豐-竹北,2024-06-06,7007
1722,台肥,12,0,12,兆豐-竹北,2024-06-06,7007
2605,新興,13,1,12,兆豐-竹北,2024-06-06,7007
2101,南港,33,22,11,兆豐-竹北,2024-06-06,7007
3058,立德,11,0,11,兆豐-竹北,2024-06-06,7007
2886,兆豐金,15,4,11,兆豐-竹北,2024-06-06,7007
6188,廣明,23,12,11,兆豐-竹北,2024-06-06,7007
00882,中信中國高股息,18,7,11,兆豐-竹北,2024-06-06,7007
00632R,元大台灣50反1,11,0,11,兆豐-竹北,2024-06-06,7007
2332,友訊,12,1,11,兆豐-竹北,2024-06-06,7007
8150,南茂,12,1,11,兆豐-竹北,2024-06-06,7007
00669R,國泰美國道瓊反1,10,0,10,兆豐-竹北,2024-06-06,7007
1409,新纖,10,0,10,兆豐-竹北,2024-06-06,7007
1802,台玻,10,0,10,兆豐-竹北,2024-06-06,7007
1805,寶徠,10,0,10,兆豐-竹北,2024-06-06,7007
2409,友達,11,1,10,兆豐-竹北,2024-06-06,7007
2413,環科,10,0,10,兆豐-竹北,2024-06-06,7007
3005,神基,11,1,10,兆豐-竹北,2024-06-06,7007
3305,昇貿,10,0,10,兆豐-竹北,2024-06-06,7007
4961,天鈺,10,1,9,兆豐-竹北,2024-06-06,7007
2363,矽統,16,7,9,兆豐-竹北,2024-06-06,7007
00936,台新永續高息中小,210,13,197,兆豐-竹北,2024-06-07,7007
00929,復華台灣科技優息,189,0,189,兆豐-竹北,2024-06-07,7007
3437,榮創,106,0,106,兆豐-竹北,2024-06-07,7007
00687B,國泰20年美債,89,0,89,兆豐-竹北,2024-06-07,7007
00937B,群益ESG投等債20,95,15,80,兆豐-竹北,2024-06-07,7007
00918,大華優利高填息30,67,2,65,兆豐-竹北,2024-06-07,7007
00632R,元大台灣50反1,60,5,55,兆豐-竹北,2024-06-07,7007
5498,凱崴,54,0,54,兆豐-竹北,2024-06-07,7007
6143,振曜,361,308,53,兆豐-竹北,2024-06-07,7007
4303,信立,51,2,49,兆豐-竹北,2024-06-07,7007
4714,永捷,47,0,47,兆豐-竹北,2024-06-07,7007
9105,泰金寶-DR,42,0,42,兆豐-竹北,2024-06-07,7007
2301,光寶科,51,11,40,兆豐-竹北,2024-06-07,7007
00753L,中信中國50正2,35,0,35,兆豐-竹北,2024-06-07,7007
3564,其陽,84,52,32,兆豐-竹北,2024-06-07,7007
2070,精湛,34,2,32,兆豐-竹北,2024-06-07,7007
2103,台橡,30,0,30,兆豐-竹北,2024-06-07,7007
2615,萬海,73,43,30,兆豐-竹北,2024-06-07,7007
2367,燿華,57,28,29,兆豐-竹北,2024-06-07,7007
5864,致和證,25,0,25,兆豐-竹北,2024-06-07,7007
1809,中釉,27,3,24,兆豐-竹北,2024-06-07,7007
2101,南港,33,10,23,兆豐-竹北,2024-06-07,7007
2312,金寶,43,21,22,兆豐-竹北,2024-06-07,7007
00891,中信關鍵半導體,21,0,21,兆豐-竹北,2024-06-07,7007
2482,連宇,26,6,20,兆豐-竹北,2024-06-07,7007
3373,熱映,30,10,20,兆豐-竹北,2024-06-07,7007
1616,億泰,19,0,19,兆豐-竹北,2024-06-07,7007
4956,光鋐,19,1,18,兆豐-竹北,2024-06-07,7007
2328,廣宇,17,0,17,兆豐-竹北,2024-06-07,7007
2329,華泰,19,2,17,兆豐-竹北,2024-06-07,7007
00878,國泰永續高股息,17,0,17,兆豐-竹北,2024-06-07,7007
6462,神盾,23,7,16,兆豐-竹北,2024-06-07,7007
6116,彩晶,15,0,15,兆豐-竹北,2024-06-07,7007
3122,笙泉,24,10,14,兆豐-竹北,2024-06-07,7007
00919,群益台灣精選高息,29,15,14,兆豐-竹北,2024-06-07,7007
2515,中工,20,7,13,兆豐-竹北,2024-06-07,7007
6742,澤米,13,0,13,兆豐-竹北,2024-06-07,7007
2331,精英,13,1,12,兆豐-竹北,2024-06-07,7007
8404,百和興業-KY,12,0,12,兆豐-竹北,2024-06-07,7007
3483,力致,18,7,11,兆豐-竹北,2024-06-07,7007
00857B,永豐20年美公債,10,0,10,兆豐-竹北,2024-06-07,7007
00665L,富邦�琤肭磪囓�2,10,0,10,兆豐-竹北,2024-06-07,7007
00935,野村臺灣新科技50,10,0,10,兆豐-竹北,2024-06-07,7007
1781,合世,10,0,10,兆豐-竹北,2024-06-07,7007
2014,中鴻,12,2,10,兆豐-竹北,2024-06-07,7007
6216,居易,10,0,10,兆豐-竹北,2024-06-07,7007
6576,逸達,10,0,10,兆豐-竹北,2024-06-07,7007
6215,和椿,18,9,9,兆豐-竹北,2024-06-07,7007
2427,三商電,11,2,9,兆豐-竹北,2024-06-07,7007
4906,正文,13,4,9,兆豐-竹北,2024-06-07,7007
00936,台新永續高息中小,381,0,381,兆豐-竹北,2024-06-11,7007
00687B,國泰20年美債,347,9,338,兆豐-竹北,2024-06-11,7007
00929,復華台灣科技優息,189,4,185,兆豐-竹北,2024-06-11,7007
00918,大華優利高填息30,116,1,115,兆豐-竹北,2024-06-11,7007
00676R,富邦臺灣加權反1,95,0,95,兆豐-竹北,2024-06-11,7007
2609,陽明,160,80,80,兆豐-竹北,2024-06-11,7007
00937B,群益ESG投等債20,88,11,77,兆豐-竹北,2024-06-11,7007
8084,巨虹,76,0,76,兆豐-竹北,2024-06-11,7007
2603,長榮,81,15,66,兆豐-竹北,2024-06-11,7007
00933B,國泰10Y+金融債,65,0,65,兆豐-竹北,2024-06-11,7007
6016,康和證,60,0,60,兆豐-竹北,2024-06-11,7007
3231,緯創,164,111,53,兆豐-竹北,2024-06-11,7007
00919,群益台灣精選高息,54,4,50,兆豐-竹北,2024-06-11,7007
2515,中工,46,0,46,兆豐-竹北,2024-06-11,7007
00753L,中信中國50正2,41,0,41,兆豐-竹北,2024-06-11,7007
00878,國泰永續高股息,70,29,41,兆豐-竹北,2024-06-11,7007
2812,台中銀,40,0,40,兆豐-竹北,2024-06-11,7007
1504,東元,42,3,39,兆豐-竹北,2024-06-11,7007
2106,建大,37,0,37,兆豐-竹北,2024-06-11,7007
00946,群益科技高息成長,36,0,36,兆豐-竹北,2024-06-11,7007
1815,富喬,49,16,33,兆豐-竹北,2024-06-11,7007
3260,威剛,33,1,32,兆豐-竹北,2024-06-11,7007
2501,國建,30,0,30,兆豐-竹北,2024-06-11,7007
00882,中信中國高股息,40,10,30,兆豐-竹北,2024-06-11,7007
2489,瑞軒,173,144,29,兆豐-竹北,2024-06-11,7007
2888,新光金,33,5,28,兆豐-竹北,2024-06-11,7007
2337,旺宏,27,2,25,兆豐-竹北,2024-06-11,7007
2354,鴻準,31,6,25,兆豐-竹北,2024-06-11,7007
6706,惠特,25,0,25,兆豐-竹北,2024-06-11,7007
00751B,元大AAA至A公司債,25,0,25,兆豐-竹北,2024-06-11,7007
2356,英業達,33,9,24,兆豐-竹北,2024-06-11,7007
2801,彰銀,30,7,23,兆豐-竹北,2024-06-11,7007
3481,群創,33,10,23,兆豐-竹北,2024-06-11,7007
4743,合一,22,0,22,兆豐-竹北,2024-06-11,7007
00942B,台新美A公司債20+,22,1,21,兆豐-竹北,2024-06-11,7007
00641R,富邦日本反1,20,0,20,兆豐-竹北,2024-06-11,7007
3545,敦泰,20,0,20,兆豐-竹北,2024-06-11,7007
5522,遠雄,20,0,20,兆豐-竹北,2024-06-11,7007
3374,精材,22,3,19,兆豐-竹北,2024-06-11,7007
2615,萬海,45,27,18,兆豐-竹北,2024-06-11,7007
3564,其陽,23,5,18,兆豐-竹北,2024-06-11,7007
5484,慧友,18,0,18,兆豐-竹北,2024-06-11,7007
6122,擎邦,18,0,18,兆豐-竹北,2024-06-11,7007
1618,合機,53,35,18,兆豐-竹北,2024-06-11,7007
0056,元大高股息,17,0,17,兆豐-竹北,2024-06-11,7007
00720B,元大投資級公司債,17,0,17,兆豐-竹北,2024-06-11,7007
00680L,元大美債20正2,16,0,16,兆豐-竹北,2024-06-11,7007
2891,中信金,17,1,16,兆豐-竹北,2024-06-11,7007
2605,新興,24,8,16,兆豐-竹北,2024-06-11,7007
2882,國泰金,19,3,16,兆豐-竹北,2024-06-11,7007
2409,友達,619,1,618,兆豐-竹北,2024-06-12,7007
00919,群益台灣精選高息,246,0,246,兆豐-竹北,2024-06-12,7007
2838,聯邦銀,201,0,201,兆豐-竹北,2024-06-12,7007
00878,國泰永續高股息,128,16,112,兆豐-竹北,2024-06-12,7007
00948B,中信優息投資級債,190,90,100,兆豐-竹北,2024-06-12,7007
00720B,元大投資級公司債,96,0,96,兆豐-竹北,2024-06-12,7007
2606,裕民,95,4,91,兆豐-竹北,2024-06-12,7007
00940,元大台灣價值高息,96,5,91,兆豐-竹北,2024-06-12,7007
00850,元大臺灣ESG永續,70,1,69,兆豐-竹北,2024-06-12,7007
00937B,群益ESG投等債20,64,4,60,兆豐-竹北,2024-06-12,7007
0056,元大高股息,68,11,57,兆豐-竹北,2024-06-12,7007
00713,元大台灣高息低波,54,0,54,兆豐-竹北,2024-06-12,7007
2301,光寶科,43,1,42,兆豐-竹北,2024-06-12,7007
00918,大華優利高填息30,38,0,38,兆豐-竹北,2024-06-12,7007
2106,建大,38,0,38,兆豐-竹北,2024-06-12,7007
00676R,富邦臺灣加權反1,35,0,35,兆豐-竹北,2024-06-12,7007
2101,南港,35,0,35,兆豐-竹北,2024-06-12,7007
2610,華航,65,30,35,兆豐-竹北,2024-06-12,7007
2317,鴻海,61,28,33,兆豐-竹北,2024-06-12,7007
3484,崧騰,31,0,31,兆豐-竹北,2024-06-12,7007
2312,金寶,41,11,30,兆豐-竹北,2024-06-12,7007
6122,擎邦,30,0,30,兆豐-竹北,2024-06-12,7007
2882,國泰金,28,0,28,兆豐-竹北,2024-06-12,7007
3374,精材,36,8,28,兆豐-竹北,2024-06-12,7007
2883,凱基金,29,5,24,兆豐-竹北,2024-06-12,7007
2392,正崴,25,1,24,兆豐-竹北,2024-06-12,7007
6443,元晶,24,0,24,兆豐-竹北,2024-06-12,7007
00680L,元大美債20正2,23,0,23,兆豐-竹北,2024-06-12,7007
2356,英業達,34,11,23,兆豐-竹北,2024-06-12,7007
2897,王道銀行,21,0,21,兆豐-竹北,2024-06-12,7007
1524,耿鼎,26,6,20,兆豐-竹北,2024-06-12,7007
8084,巨虹,29,9,20,兆豐-竹北,2024-06-12,7007
2501,國建,22,3,19,兆豐-竹北,2024-06-12,7007
00857B,永豐20年美公債,19,0,19,兆豐-竹北,2024-06-12,7007
00931B,統一美債20年,23,5,18,兆豐-竹北,2024-06-12,7007
1815,富喬,35,17,18,兆豐-竹北,2024-06-12,7007
00895,富邦未來車,17,0,17,兆豐-竹北,2024-06-12,7007
2851,中再保,18,1,17,兆豐-竹北,2024-06-12,7007
6197,佳必琪,17,0,17,兆豐-竹北,2024-06-12,7007
4726,永昕,16,1,15,兆豐-竹北,2024-06-12,7007
5603,陸海,15,0,15,兆豐-竹北,2024-06-12,7007
2371,大同,14,0,14,兆豐-竹北,2024-06-12,7007
6207,雷科,42,29,13,兆豐-竹北,2024-06-12,7007
00715L,期街口布蘭特正2,13,0,13,兆豐-竹北,2024-06-12,7007
3048,益登,18,5,13,兆豐-竹北,2024-06-12,7007
6116,彩晶,15,2,13,兆豐-竹北,2024-06-12,7007
00929,復華台灣科技優息,34,22,12,兆豐-竹北,2024-06-12,7007
3706,神達,15,3,12,兆豐-竹北,2024-06-12,7007
00712,復華富時不動產,12,0,12,兆豐-竹北,2024-06-12,7007
1503,士電,25,13,12,兆豐-竹北,2024-06-12,7007
3047,訊舟,192,13,179,兆豐-竹北,2024-06-13,7007
00942B,台新美A公司債20+,161,0,161,兆豐-竹北,2024-06-13,7007
00946,群益科技高息成長,130,27,103,兆豐-竹北,2024-06-13,7007
00752,中信中國50,100,0,100,兆豐-竹北,2024-06-13,7007
00919,群益台灣精選高息,134,41,93,兆豐-竹北,2024-06-13,7007
00679B,元大美債20年,71,0,71,兆豐-竹北,2024-06-13,7007
00676R,富邦臺灣加權反1,60,0,60,兆豐-竹北,2024-06-13,7007
8085,福華,55,2,53,兆豐-竹北,2024-06-13,7007
8084,巨虹,52,0,52,兆豐-竹北,2024-06-13,7007
00753L,中信中國50正2,46,0,46,兆豐-竹北,2024-06-13,7007
00665L,富邦�琤肭磪囓�2,41,0,41,兆豐-竹北,2024-06-13,7007
2312,金寶,42,1,41,兆豐-竹北,2024-06-13,7007
9105,泰金寶-DR,50,11,39,兆豐-竹北,2024-06-13,7007
1616,億泰,41,2,39,兆豐-竹北,2024-06-13,7007
6112,邁達特,32,2,30,兆豐-竹北,2024-06-13,7007
3481,群創,29,0,29,兆豐-竹北,2024-06-13,7007
00937B,群益ESG投等債20,38,11,27,兆豐-竹北,2024-06-13,7007
2323,中環,25,0,25,兆豐-竹北,2024-06-13,7007
2888,新光金,26,1,25,兆豐-竹北,2024-06-13,7007
6147,頎邦,24,0,24,兆豐-竹北,2024-06-13,7007
2606,裕民,25,1,24,兆豐-竹北,2024-06-13,7007
2520,冠德,21,0,21,兆豐-竹北,2024-06-13,7007
2401,凌陽,31,10,21,兆豐-竹北,2024-06-13,7007
2609,陽明,54,34,20,兆豐-竹北,2024-06-13,7007
2367,燿華,34,14,20,兆豐-竹北,2024-06-13,7007
00687B,國泰20年美債,23,4,19,兆豐-竹北,2024-06-13,7007
2801,彰銀,18,0,18,兆豐-竹北,2024-06-13,7007
3317,尼克森,18,0,18,兆豐-竹北,2024-06-13,7007
6625,必應,20,2,18,兆豐-竹北,2024-06-13,7007
2618,長榮航,16,0,16,兆豐-竹北,2024-06-13,7007
6213,聯茂,16,0,16,兆豐-竹北,2024-06-13,7007
2867,三商壽,15,0,15,兆豐-竹北,2024-06-13,7007
2534,宏盛,15,0,15,兆豐-竹北,2024-06-13,7007
4533,協易機,51,37,14,兆豐-竹北,2024-06-13,7007
00936,台新永續高息中小,19,5,14,兆豐-竹北,2024-06-13,7007
6290,良維,14,1,13,兆豐-竹北,2024-06-13,7007
2313,華通,15,2,13,兆豐-竹北,2024-06-13,7007
2426,鼎元,13,0,13,兆豐-竹北,2024-06-13,7007
00918,大華優利高填息30,12,0,12,兆豐-竹北,2024-06-13,7007
2887,台新金,15,3,12,兆豐-竹北,2024-06-13,7007
6271,同欣電,12,0,12,兆豐-竹北,2024-06-13,7007
6291,沛亨,12,0,12,兆豐-竹北,2024-06-13,7007
8011,台通,12,0,12,兆豐-竹北,2024-06-13,7007
2353,宏��,32,20,12,兆豐-竹北,2024-06-13,7007
00882,中信中國高股息,19,8,11,兆豐-竹北,2024-06-13,7007
6197,佳必琪,15,4,11,兆豐-竹北,2024-06-13,7007
4958,臻鼎-KY,10,0,10,兆豐-竹北,2024-06-13,7007
2603,長榮,11,1,10,兆豐-竹北,2024-06-13,7007
00915,凱基優選高股息30,10,0,10,兆豐-竹北,2024-06-13,7007
1471,首利,10,0,10,兆豐-竹北,2024-06-13,7007
2888,新光金,1011,19,992,兆豐-竹北,2024-06-14,7007
2371,大同,204,48,156,兆豐-竹北,2024-06-14,7007
00676R,富邦臺灣加權反1,70,0,70,兆豐-竹北,2024-06-14,7007
5876,上海商銀,53,0,53,兆豐-竹北,2024-06-14,7007
00937B,群益ESG投等債20,63,13,50,兆豐-竹北,2024-06-14,7007
00948B,中信優息投資級債,48,0,48,兆豐-竹北,2024-06-14,7007
3317,尼克森,42,0,42,兆豐-竹北,2024-06-14,7007
5498,凱崴,40,1,39,兆豐-竹北,2024-06-14,7007
1617,榮星,31,0,31,兆豐-竹北,2024-06-14,7007
00940,元大台灣價值高息,106,75,31,兆豐-竹北,2024-06-14,7007
00680L,元大美債20正2,32,3,29,兆豐-竹北,2024-06-14,7007
00929,復華台灣科技優息,41,16,25,兆豐-竹北,2024-06-14,7007
2609,陽明,57,35,22,兆豐-竹北,2024-06-14,7007
2641,正德,21,1,20,兆豐-竹北,2024-06-14,7007
5457,宣德,20,0,20,兆豐-竹北,2024-06-14,7007
2449,京元電子,27,7,20,兆豐-竹北,2024-06-14,7007
1722,台肥,20,1,19,兆豐-竹北,2024-06-14,7007
00688L,國泰20年美債正2,25,7,18,兆豐-竹北,2024-06-14,7007
3035,智原,28,11,17,兆豐-竹北,2024-06-14,7007
00878,國泰永續高股息,22,5,17,兆豐-竹北,2024-06-14,7007
2301,光寶科,83,67,16,兆豐-竹北,2024-06-14,7007
1303,南亞,18,2,16,兆豐-竹北,2024-06-14,7007
6115,鎰勝,17,1,16,兆豐-竹北,2024-06-14,7007
6207,雷科,37,21,16,兆豐-竹北,2024-06-14,7007
00942B,台新美A公司債20+,25,10,15,兆豐-竹北,2024-06-14,7007
2406,國碩,21,6,15,兆豐-竹北,2024-06-14,7007
9945,潤泰新,16,1,15,兆豐-竹北,2024-06-14,7007
00764B,群益25年美債,15,1,14,兆豐-竹北,2024-06-14,7007
2002,中鋼,15,1,14,兆豐-竹北,2024-06-14,7007
1815,富喬,45,32,13,兆豐-竹北,2024-06-14,7007
2457,飛宏,13,0,13,兆豐-竹北,2024-06-14,7007
2353,宏��,14,2,12,兆豐-竹北,2024-06-14,7007
2731,雄獅,12,0,12,兆豐-竹北,2024-06-14,7007
6451,訊芯-KY,18,6,12,兆豐-竹北,2024-06-14,7007
5484,慧友,11,0,11,兆豐-竹北,2024-06-14,7007
6788,華景電,13,2,11,兆豐-竹北,2024-06-14,7007
8150,南茂,13,2,11,兆豐-竹北,2024-06-14,7007
2834,臺企銀,11,0,11,兆豐-竹北,2024-06-14,7007
2303,聯電,13,3,10,兆豐-竹北,2024-06-14,7007
2313,華通,10,0,10,兆豐-竹北,2024-06-14,7007
00674R,期元大S＆P黃金反1,10,0,10,兆豐-竹北,2024-06-14,7007
00637L,元大滬深300正2,10,0,10,兆豐-竹北,2024-06-14,7007
00920,富邦ESG綠色電力,10,0,10,兆豐-竹北,2024-06-14,7007
1522,堤維西,10,0,10,兆豐-竹北,2024-06-14,7007
2611,志信,16,6,10,兆豐-竹北,2024-06-14,7007
2845,遠東銀,10,0,10,兆豐-竹北,2024-06-14,7007
2915,潤泰全,10,0,10,兆豐-竹北,2024-06-14,7007
3260,威剛,11,1,10,兆豐-竹北,2024-06-14,7007
3303,岱稜,10,0,10,兆豐-竹北,2024-06-14,7007
3321,同泰,10,0,10,兆豐-竹北,2024-06-14,7007
00665L,富邦�琤肭磪囓�2,356,2,354,兆豐-竹北,2024-06-17,7007
00650L,復華香港正2,242,0,242,兆豐-竹北,2024-06-17,7007
00937B,群益ESG投等債20,178,16,162,兆豐-竹北,2024-06-17,7007
00918,大華優利高填息30,135,2,133,兆豐-竹北,2024-06-17,7007
6116,彩晶,110,0,110,兆豐-竹北,2024-06-17,7007
6120,達運,111,1,110,兆豐-竹北,2024-06-17,7007
00942B,台新美A公司債20+,97,0,97,兆豐-竹北,2024-06-17,7007
3317,尼克森,91,0,91,兆豐-竹北,2024-06-17,7007
2106,建大,79,0,79,兆豐-竹北,2024-06-17,7007
00919,群益台灣精選高息,101,39,62,兆豐-竹北,2024-06-17,7007
2313,華通,61,1,60,兆豐-竹北,2024-06-17,7007
2888,新光金,60,1,59,兆豐-竹北,2024-06-17,7007
2882,國泰金,66,10,56,兆豐-竹北,2024-06-17,7007
2323,中環,50,0,50,兆豐-竹北,2024-06-17,7007
2615,萬海,99,52,47,兆豐-竹北,2024-06-17,7007
00641R,富邦日本反1,42,0,42,兆豐-竹北,2024-06-17,7007
00687B,國泰20年美債,44,12,32,兆豐-竹北,2024-06-17,7007
9945,潤泰新,34,4,30,兆豐-竹北,2024-06-17,7007
4123,晟德,29,2,27,兆豐-竹北,2024-06-17,7007
5484,慧友,27,0,27,兆豐-竹北,2024-06-17,7007
4566,時碩工業,29,5,24,兆豐-竹北,2024-06-17,7007
2515,中工,23,0,23,兆豐-竹北,2024-06-17,7007
00948B,中信優息投資級債,32,10,22,兆豐-竹北,2024-06-17,7007
1617,榮星,20,0,20,兆豐-竹北,2024-06-17,7007
2706,第一店,20,0,20,兆豐-竹北,2024-06-17,7007
3213,茂訊,20,0,20,兆豐-竹北,2024-06-17,7007
00947,台新臺灣IC設計,19,0,19,兆豐-竹北,2024-06-17,7007
2363,矽統,34,16,18,兆豐-竹北,2024-06-17,7007
00753L,中信中國50正2,15,0,15,兆豐-竹北,2024-06-17,7007
3303,岱稜,15,0,15,兆豐-竹北,2024-06-17,7007
3362,先進光,16,1,15,兆豐-竹北,2024-06-17,7007
4563,百德,15,0,15,兆豐-竹北,2024-06-17,7007
9105,泰金寶-DR,15,1,14,兆豐-竹北,2024-06-17,7007
2317,鴻海,30,16,14,兆豐-竹北,2024-06-17,7007
1609,大亞,33,19,14,兆豐-竹北,2024-06-17,7007
5426,振發,21,8,13,兆豐-竹北,2024-06-17,7007
1616,億泰,20,8,12,兆豐-竹北,2024-06-17,7007
2014,中鴻,12,0,12,兆豐-竹北,2024-06-17,7007
6197,佳必琪,32,20,12,兆豐-竹北,2024-06-17,7007
3450,聯鈞,19,8,11,兆豐-竹北,2024-06-17,7007
3260,威剛,15,4,11,兆豐-竹北,2024-06-17,7007
2501,國建,11,0,11,兆豐-竹北,2024-06-17,7007
2897,王道銀行,11,0,11,兆豐-竹北,2024-06-17,7007
2308,台達電,20,9,11,兆豐-竹北,2024-06-17,7007
2406,國碩,13,3,10,兆豐-竹北,2024-06-17,7007
5469,瀚宇博,10,0,10,兆豐-竹北,2024-06-17,7007
4104,佳醫,10,0,10,兆豐-竹北,2024-06-17,7007
4973,廣穎,10,0,10,兆豐-竹北,2024-06-17,7007
5245,智晶,10,0,10,兆豐-竹北,2024-06-17,7007
8011,台通,10,0,10,兆豐-竹北,2024-06-17,7007
2409,友達,611,1,610,兆豐-竹北,2024-06-18,7007
00680L,元大美債20正2,202,0,202,兆豐-竹北,2024-06-18,7007
3317,尼克森,101,0,101,兆豐-竹北,2024-06-18,7007
00936,台新永續高息中小,95,2,93,兆豐-竹北,2024-06-18,7007
2106,建大,77,0,77,兆豐-竹北,2024-06-18,7007
6143,振曜,60,0,60,兆豐-竹北,2024-06-18,7007
3481,群創,88,32,56,兆豐-竹北,2024-06-18,7007
00687B,國泰20年美債,82,31,51,兆豐-竹北,2024-06-18,7007
00706L,期元大S＆P日圓正2,50,0,50,兆豐-竹北,2024-06-18,7007
5340,建榮,50,1,49,兆豐-竹北,2024-06-18,7007
8096,擎亞,187,143,44,兆豐-竹北,2024-06-18,7007
2301,光寶科,43,0,43,兆豐-竹北,2024-06-18,7007
00937B,群益ESG投等債20,135,95,40,兆豐-竹北,2024-06-18,7007
2371,大同,60,20,40,兆豐-竹北,2024-06-18,7007
00948B,中信優息投資級債,40,0,40,兆豐-竹北,2024-06-18,7007
2323,中環,35,0,35,兆豐-竹北,2024-06-18,7007
00915,凱基優選高股息30,28,0,28,兆豐-竹北,2024-06-18,7007
00857B,永豐20年美公債,24,0,24,兆豐-竹北,2024-06-18,7007
8358,金居,25,1,24,兆豐-竹北,2024-06-18,7007
00919,群益台灣精選高息,64,40,24,兆豐-竹北,2024-06-18,7007
00713,元大台灣高息低波,21,0,21,兆豐-竹北,2024-06-18,7007
6112,邁達特,20,0,20,兆豐-竹北,2024-06-18,7007
6197,佳必琪,28,8,20,兆豐-竹北,2024-06-18,7007
2317,鴻海,31,12,19,兆豐-竹北,2024-06-18,7007
8091,翔名,19,0,19,兆豐-竹北,2024-06-18,7007
6770,力積電,21,3,18,兆豐-竹北,2024-06-18,7007
5864,致和證,17,0,17,兆豐-竹北,2024-06-18,7007
3260,威剛,17,0,17,兆豐-竹北,2024-06-18,7007
00939,統一台灣高息動能,19,3,16,兆豐-竹北,2024-06-18,7007
00918,大華優利高填息30,61,46,15,兆豐-竹北,2024-06-18,7007
5392,能率,16,1,15,兆豐-竹北,2024-06-18,7007
3711,日月光投控,16,1,15,兆豐-竹北,2024-06-18,7007
1616,億泰,23,8,15,兆豐-竹北,2024-06-18,7007
3376,新日興,17,3,14,兆豐-竹北,2024-06-18,7007
3374,精材,23,9,14,兆豐-竹北,2024-06-18,7007
3047,訊舟,16,2,14,兆豐-竹北,2024-06-18,7007
6617,共信-KY,16,2,14,兆豐-竹北,2024-06-18,7007
1301,台塑,20,7,13,兆豐-竹北,2024-06-18,7007
2374,佳能,14,1,13,兆豐-竹北,2024-06-18,7007
1455,集盛,12,0,12,兆豐-竹北,2024-06-18,7007
2002,中鋼,12,0,12,兆豐-竹北,2024-06-18,7007
3231,緯創,67,56,11,兆豐-竹北,2024-06-18,7007
1802,台玻,64,53,11,兆豐-竹北,2024-06-18,7007
2392,正崴,19,8,11,兆豐-竹北,2024-06-18,7007
00900,富邦特選高股息30,11,1,10,兆豐-竹北,2024-06-18,7007
00753L,中信中國50正2,10,0,10,兆豐-竹北,2024-06-18,7007
1584,精剛,10,0,10,兆豐-竹北,2024-06-18,7007
1809,中釉,12,2,10,兆豐-竹北,2024-06-18,7007
3576,聯合再生,10,0,10,兆豐-竹北,2024-06-18,7007
6558,興能高,10,0,10,兆豐-竹北,2024-06-18,7007
00937B,群益ESG投等債20,227,22,205,兆豐-竹北,2024-06-19,7007
3481,群創,129,8,121,兆豐-竹北,2024-06-19,7007
2371,大同,94,24,70,兆豐-竹北,2024-06-19,7007
00936,台新永續高息中小,65,5,60,兆豐-竹北,2024-06-19,7007
00676R,富邦臺灣加權反1,60,0,60,兆豐-竹北,2024-06-19,7007
00929,復華台灣科技優息,167,107,60,兆豐-竹北,2024-06-19,7007
2313,華通,64,10,54,兆豐-竹北,2024-06-19,7007
2408,南亞科,64,11,53,兆豐-竹北,2024-06-19,7007
6742,澤米,47,1,46,兆豐-竹北,2024-06-19,7007
6190,萬泰科,55,10,45,兆豐-竹北,2024-06-19,7007
00632R,元大台灣50反1,50,7,43,兆豐-竹北,2024-06-19,7007
8070,長華*,41,0,41,兆豐-竹北,2024-06-19,7007
9105,泰金寶-DR,44,4,40,兆豐-竹北,2024-06-19,7007
00753L,中信中國50正2,70,31,39,兆豐-竹北,2024-06-19,7007
6125,廣運,45,10,35,兆豐-竹北,2024-06-19,7007
6270,倍微,34,0,34,兆豐-竹北,2024-06-19,7007
00946,群益科技高息成長,32,0,32,兆豐-竹北,2024-06-19,7007
00713,元大台灣高息低波,32,3,29,兆豐-竹北,2024-06-19,7007
2337,旺宏,29,0,29,兆豐-竹北,2024-06-19,7007
2367,燿華,36,9,27,兆豐-竹北,2024-06-19,7007
6770,力積電,29,4,25,兆豐-竹北,2024-06-19,7007
00650L,復華香港正2,25,0,25,兆豐-竹北,2024-06-19,7007
2303,聯電,26,3,23,兆豐-竹北,2024-06-19,7007
2392,正崴,26,3,23,兆豐-竹北,2024-06-19,7007
2501,國建,20,0,20,兆豐-竹北,2024-06-19,7007
2880,華南金,21,1,20,兆豐-竹北,2024-06-19,7007
5223,安力-KY,21,1,20,兆豐-竹北,2024-06-19,7007
00720B,元大投資級公司債,19,0,19,兆豐-竹北,2024-06-19,7007
2515,中工,19,0,19,兆豐-竹北,2024-06-19,7007
3312,弘憶股,19,0,19,兆豐-竹北,2024-06-19,7007
6290,良維,22,4,18,兆豐-竹北,2024-06-19,7007
2353,宏��,19,2,17,兆豐-竹北,2024-06-19,7007
1455,集盛,18,1,17,兆豐-竹北,2024-06-19,7007
2328,廣宇,21,4,17,兆豐-竹北,2024-06-19,7007
6282,康舒,21,4,17,兆豐-竹北,2024-06-19,7007
6140,訊達,16,0,16,兆豐-竹北,2024-06-19,7007
8011,台通,27,12,15,兆豐-竹北,2024-06-19,7007
3036,文曄,14,0,14,兆豐-竹北,2024-06-19,7007
1802,台玻,14,0,14,兆豐-竹北,2024-06-19,7007
2467,志聖,14,0,14,兆豐-竹北,2024-06-19,7007
3622,洋華,16,3,13,兆豐-竹北,2024-06-19,7007
5880,合庫金,14,1,13,兆豐-竹北,2024-06-19,7007
8271,宇瞻,12,0,12,兆豐-竹北,2024-06-19,7007
5443,均豪,26,14,12,兆豐-竹北,2024-06-19,7007
00891,中信關鍵半導體,15,3,12,兆豐-竹北,2024-06-19,7007
00922,國泰台灣領袖50,13,1,12,兆豐-竹北,2024-06-19,7007
2409,友達,17,5,12,兆豐-竹北,2024-06-19,7007
2801,彰銀,12,0,12,兆豐-竹北,2024-06-19,7007
4977,眾達-KY,16,4,12,兆豐-竹北,2024-06-19,7007
6213,聯茂,19,7,12,兆豐-竹北,2024-06-19,7007
2885,元大金,160,0,160,兆豐-竹北,2024-06-20,7007
00919,群益台灣精選高息,209,94,115,兆豐-竹北,2024-06-20,7007
00936,台新永續高息中小,100,3,97,兆豐-竹北,2024-06-20,7007
00929,復華台灣科技優息,101,25,76,兆豐-竹北,2024-06-20,7007
2317,鴻海,112,39,73,兆豐-竹北,2024-06-20,7007
00687B,國泰20年美債,74,9,65,兆豐-竹北,2024-06-20,7007
00637L,元大滬深300正2,60,0,60,兆豐-竹北,2024-06-20,7007
8277,商丞,60,0,60,兆豐-竹北,2024-06-20,7007
8011,台通,73,14,59,兆豐-竹北,2024-06-20,7007
3047,訊舟,66,11,55,兆豐-竹北,2024-06-20,7007
00937B,群益ESG投等債20,59,15,44,兆豐-竹北,2024-06-20,7007
00679B,元大美債20年,43,0,43,兆豐-竹北,2024-06-20,7007
00946,群益科技高息成長,43,0,43,兆豐-竹北,2024-06-20,7007
1444,力麗,40,0,40,兆豐-竹北,2024-06-20,7007
8085,福華,38,2,36,兆豐-竹北,2024-06-20,7007
2515,中工,46,14,32,兆豐-竹北,2024-06-20,7007
00947,台新臺灣IC設計,27,2,25,兆豐-竹北,2024-06-20,7007
1605,華新,24,0,24,兆豐-竹北,2024-06-20,7007
2884,玉山金,26,2,24,兆豐-竹北,2024-06-20,7007
4967,十銓,39,17,22,兆豐-竹北,2024-06-20,7007
2540,愛山林,20,0,20,兆豐-竹北,2024-06-20,7007
1733,五鼎,20,0,20,兆豐-竹北,2024-06-20,7007
2328,廣宇,31,12,19,兆豐-竹北,2024-06-20,7007
4526,東台,37,18,19,兆豐-竹北,2024-06-20,7007
5468,凱鈺,19,0,19,兆豐-竹北,2024-06-20,7007
6443,元晶,25,6,19,兆豐-竹北,2024-06-20,7007
2301,光寶科,21,3,18,兆豐-竹北,2024-06-20,7007
4306,炎洲,17,0,17,兆豐-竹北,2024-06-20,7007
2887,台新金,17,2,15,兆豐-竹北,2024-06-20,7007
2106,建大,15,0,15,兆豐-竹北,2024-06-20,7007
2363,矽統,17,2,15,兆豐-竹北,2024-06-20,7007
2605,新興,27,12,15,兆豐-竹北,2024-06-20,7007
2489,瑞軒,23,9,14,兆豐-竹北,2024-06-20,7007
5498,凱崴,19,5,14,兆豐-竹北,2024-06-20,7007
6190,萬泰科,18,4,14,兆豐-竹北,2024-06-20,7007
9105,泰金寶-DR,14,0,14,兆豐-竹北,2024-06-20,7007
2615,萬海,54,40,14,兆豐-竹北,2024-06-20,7007
00931B,統一美債20年,13,0,13,兆豐-竹北,2024-06-20,7007
3265,台星科,13,0,13,兆豐-竹北,2024-06-20,7007
1513,中興電,29,17,12,兆豐-竹北,2024-06-20,7007
8374,羅昇,25,13,12,兆豐-竹北,2024-06-20,7007
00713,元大台灣高息低波,13,1,12,兆豐-竹北,2024-06-20,7007
2353,宏��,18,6,12,兆豐-竹北,2024-06-20,7007
1303,南亞,11,0,11,兆豐-竹北,2024-06-20,7007
1809,中釉,12,1,11,兆豐-竹北,2024-06-20,7007
6188,廣明,11,0,11,兆豐-竹北,2024-06-20,7007
2330,台積電,14,3,11,兆豐-竹北,2024-06-20,7007
00751B,元大AAA至A公司債,11,1,10,兆豐-竹北,2024-06-20,7007
00712,復華富時不動產,10,0,10,兆豐-竹北,2024-06-20,7007
00922,國泰台灣領袖50,10,0,10,兆豐-竹北,2024-06-20,7007
00937B,群益ESG投等債20,349,33,316,兆豐-竹北,2024-06-21,7007
6269,台郡,152,0,152,兆豐-竹北,2024-06-21,7007
00946,群益科技高息成長,108,0,108,兆豐-竹北,2024-06-21,7007
2317,鴻海,90,14,76,兆豐-竹北,2024-06-21,7007
00933B,國泰10Y+金融債,74,0,74,兆豐-竹北,2024-06-21,7007
00637L,元大滬深300正2,151,100,51,兆豐-竹北,2024-06-21,7007
6284,佳邦,72,23,49,兆豐-竹北,2024-06-21,7007
00753L,中信中國50正2,46,0,46,兆豐-竹北,2024-06-21,7007
00632R,元大台灣50反1,95,50,45,兆豐-竹北,2024-06-21,7007
2316,楠梓電,63,18,45,兆豐-竹北,2024-06-21,7007
3312,弘憶股,48,6,42,兆豐-竹北,2024-06-21,7007
6112,邁達特,50,9,41,兆豐-竹北,2024-06-21,7007
00948B,中信優息投資級債,39,0,39,兆豐-竹北,2024-06-21,7007
2405,輔信,42,4,38,兆豐-竹北,2024-06-21,7007
2365,昆盈,59,24,35,兆豐-竹北,2024-06-21,7007
2375,凱美,32,2,30,兆豐-竹北,2024-06-21,7007
00936,台新永續高息中小,28,0,28,兆豐-竹北,2024-06-21,7007
1815,富喬,31,3,28,兆豐-竹北,2024-06-21,7007
2887,台新金,28,0,28,兆豐-竹北,2024-06-21,7007
00671R,富邦NASDAQ反1,27,0,27,兆豐-竹北,2024-06-21,7007
2609,陽明,58,32,26,兆豐-竹北,2024-06-21,7007
2374,佳能,25,2,23,兆豐-竹北,2024-06-21,7007
00882,中信中國高股息,22,0,22,兆豐-竹北,2024-06-21,7007
2328,廣宇,22,1,21,兆豐-竹北,2024-06-21,7007
2241,艾姆勒,20,0,20,兆豐-竹北,2024-06-21,7007
2883,凱基金,50,30,20,兆豐-竹北,2024-06-21,7007
2890,永豐金,20,0,20,兆豐-竹北,2024-06-21,7007
00648R,元大S＆P500反1,19,0,19,兆豐-竹北,2024-06-21,7007
3059,華晶科,20,1,19,兆豐-竹北,2024-06-21,7007
2313,華通,21,3,18,兆豐-竹北,2024-06-21,7007
00679B,元大美債20年,20,2,18,兆豐-竹北,2024-06-21,7007
1605,華新,16,0,16,兆豐-竹北,2024-06-21,7007
5443,均豪,36,20,16,兆豐-竹北,2024-06-21,7007
3711,日月光投控,17,1,16,兆豐-竹北,2024-06-21,7007
00902,中信電池及儲能,16,0,16,兆豐-竹北,2024-06-21,7007
2540,愛山林,15,0,15,兆豐-竹北,2024-06-21,7007
6140,訊達,17,3,14,兆豐-竹北,2024-06-21,7007
6742,澤米,41,27,14,兆豐-竹北,2024-06-21,7007
4908,前鼎,19,6,13,兆豐-竹北,2024-06-21,7007
2330,台積電,19,6,13,兆豐-竹北,2024-06-21,7007
00712,復華富時不動產,12,0,12,兆豐-竹北,2024-06-21,7007
2344,華邦電,45,33,12,兆豐-竹北,2024-06-21,7007
3715,定穎投控,24,12,12,兆豐-竹北,2024-06-21,7007
4977,眾達-KY,16,4,12,兆豐-竹北,2024-06-21,7007
6684,安格,13,1,12,兆豐-竹北,2024-06-21,7007
8076,伍豐,13,1,12,兆豐-竹北,2024-06-21,7007
8121,越峰,12,0,12,兆豐-竹北,2024-06-21,7007
00891,中信關鍵半導體,14,3,11,兆豐-竹北,2024-06-21,7007
2382,廣達,15,4,11,兆豐-竹北,2024-06-21,7007
00687B,國泰20年美債,16,5,11,兆豐-竹北,2024-06-21,7007
2801,彰銀,505,0,505,兆豐-竹北,2024-06-24,7007
00929,復華台灣科技優息,429,27,402,兆豐-竹北,2024-06-24,7007
2349,錸德,203,0,203,兆豐-竹北,2024-06-24,7007
2464,盟立,134,13,121,兆豐-竹北,2024-06-24,7007
00919,群益台灣精選高息,335,242,93,兆豐-竹北,2024-06-24,7007
00940,元大台灣價值高息,94,23,71,兆豐-竹北,2024-06-24,7007
00937B,群益ESG投等債20,71,0,71,兆豐-竹北,2024-06-24,7007
2317,鴻海,95,25,70,兆豐-竹北,2024-06-24,7007
00936,台新永續高息中小,68,1,67,兆豐-竹北,2024-06-24,7007
3481,群創,292,227,65,兆豐-竹北,2024-06-24,7007
6443,元晶,61,1,60,兆豐-竹北,2024-06-24,7007
3663,鑫科,57,5,52,兆豐-竹北,2024-06-24,7007
00753L,中信中國50正2,52,0,52,兆豐-竹北,2024-06-24,7007
00946,群益科技高息成長,49,0,49,兆豐-竹北,2024-06-24,7007
3231,緯創,52,11,41,兆豐-竹北,2024-06-24,7007
3047,訊舟,59,21,38,兆豐-竹北,2024-06-24,7007
2369,菱生,73,36,37,兆豐-竹北,2024-06-24,7007
00942B,台新美A公司債20+,30,0,30,兆豐-竹北,2024-06-24,7007
2547,日勝生,30,0,30,兆豐-竹北,2024-06-24,7007
2301,光寶科,27,0,27,兆豐-竹北,2024-06-24,7007
2515,中工,27,1,26,兆豐-竹北,2024-06-24,7007
2605,新興,52,26,26,兆豐-竹北,2024-06-24,7007
4961,天鈺,25,0,25,兆豐-竹北,2024-06-24,7007
00947,台新臺灣IC設計,25,0,25,兆豐-竹北,2024-06-24,7007
6742,澤米,25,0,25,兆豐-竹北,2024-06-24,7007
2615,萬海,81,58,23,兆豐-竹北,2024-06-24,7007
4707,磐亞,22,0,22,兆豐-竹北,2024-06-24,7007
3545,敦泰,21,0,21,兆豐-竹北,2024-06-24,7007
1503,士電,28,7,21,兆豐-竹北,2024-06-24,7007
00650L,復華香港正2,20,0,20,兆豐-竹北,2024-06-24,7007
00706L,期元大S＆P日圓正2,20,0,20,兆豐-竹北,2024-06-24,7007
1444,力麗,20,0,20,兆豐-竹北,2024-06-24,7007
1605,華新,24,4,20,兆豐-竹北,2024-06-24,7007
2241,艾姆勒,20,0,20,兆豐-竹北,2024-06-24,7007
8105,凌巨,27,7,20,兆豐-竹北,2024-06-24,7007
1785,光洋科,56,37,19,兆豐-竹北,2024-06-24,7007
3374,精材,20,1,19,兆豐-竹北,2024-06-24,7007
6770,力積電,18,0,18,兆豐-竹北,2024-06-24,7007
3317,尼克森,18,0,18,兆豐-竹北,2024-06-24,7007
8011,台通,20,2,18,兆豐-竹北,2024-06-24,7007
2330,台積電,25,7,18,兆豐-竹北,2024-06-24,7007
2618,長榮航,34,17,17,兆豐-竹北,2024-06-24,7007
2382,廣達,21,6,15,兆豐-竹北,2024-06-24,7007
2344,華邦電,15,0,15,兆豐-竹北,2024-06-24,7007
2883,凱基金,25,10,15,兆豐-竹北,2024-06-24,7007
1309,台達化,31,17,14,兆豐-竹北,2024-06-24,7007
1314,中石化,26,12,14,兆豐-竹北,2024-06-24,7007
00918,大華優利高填息30,24,10,14,兆豐-竹北,2024-06-24,7007
2441,超豐,14,0,14,兆豐-竹北,2024-06-24,7007
00923,群益台ESG低碳50,13,0,13,兆豐-竹北,2024-06-24,7007
2409,友達,633,4,629,兆豐-竹北,2024-06-25,7007
00919,群益台灣精選高息,215,20,195,兆豐-竹北,2024-06-25,7007
00632R,元大台灣50反1,160,0,160,兆豐-竹北,2024-06-25,7007
00929,復華台灣科技優息,75,10,65,兆豐-竹北,2024-06-25,7007
2618,長榮航,58,3,55,兆豐-竹北,2024-06-25,7007
00946,群益科技高息成長,50,0,50,兆豐-竹北,2024-06-25,7007
2610,華航,56,6,50,兆豐-竹北,2024-06-25,7007
8926,台汽電,50,2,48,兆豐-竹北,2024-06-25,7007
00918,大華優利高填息30,34,0,34,兆豐-竹北,2024-06-25,7007
4153,鈺緯,33,3,30,兆豐-竹北,2024-06-25,7007
00878,國泰永續高股息,37,10,27,兆豐-竹北,2024-06-25,7007
1616,億泰,22,0,22,兆豐-竹北,2024-06-25,7007
00923,群益台ESG低碳50,21,0,21,兆豐-竹北,2024-06-25,7007
6111,大宇資,35,14,21,兆豐-竹北,2024-06-25,7007
1815,富喬,24,3,21,兆豐-竹北,2024-06-25,7007
6116,彩晶,20,0,20,兆豐-竹北,2024-06-25,7007
2606,裕民,29,11,18,兆豐-竹北,2024-06-25,7007
2605,新興,22,5,17,兆豐-竹北,2024-06-25,7007
3149,正達,22,5,17,兆豐-竹北,2024-06-25,7007
5452,佶優,45,28,17,兆豐-竹北,2024-06-25,7007
6742,澤米,21,5,16,兆豐-竹北,2024-06-25,7007
3037,欣興,18,2,16,兆豐-竹北,2024-06-25,7007
1605,華新,18,3,15,兆豐-竹北,2024-06-25,7007
1733,五鼎,15,0,15,兆豐-竹北,2024-06-25,7007
3663,鑫科,27,12,15,兆豐-竹北,2024-06-25,7007
2542,興富發,15,1,14,兆豐-竹北,2024-06-25,7007
1799,易威,14,0,14,兆豐-竹北,2024-06-25,7007
6698,旭暉應材,32,18,14,兆豐-竹北,2024-06-25,7007
2472,立隆電,15,2,13,兆豐-竹北,2024-06-25,7007
3515,華擎,13,0,13,兆豐-竹北,2024-06-25,7007
00891,中信關鍵半導體,12,0,12,兆豐-竹北,2024-06-25,7007
2392,正崴,29,18,11,兆豐-竹北,2024-06-25,7007
2344,華邦電,14,3,11,兆豐-竹北,2024-06-25,7007
3535,晶彩科,13,2,11,兆豐-竹北,2024-06-25,7007
6695,芯鼎,16,5,11,兆豐-竹北,2024-06-25,7007
00713,元大台灣高息低波,10,0,10,兆豐-竹北,2024-06-25,7007
00852L,國泰美國道瓊正2,10,0,10,兆豐-竹北,2024-06-25,7007
00712,復華富時不動產,10,0,10,兆豐-竹北,2024-06-25,7007
1303,南亞,10,0,10,兆豐-竹北,2024-06-25,7007
1710,東聯,10,0,10,兆豐-竹北,2024-06-25,7007
2313,華通,12,2,10,兆豐-竹北,2024-06-25,7007
3047,訊舟,19,9,10,兆豐-竹北,2024-06-25,7007
4532,瑞智,16,6,10,兆豐-竹北,2024-06-25,7007
6443,元晶,10,0,10,兆豐-竹北,2024-06-25,7007
8011,台通,10,0,10,兆豐-竹北,2024-06-25,7007
2002,中鋼,10,1,9,兆豐-竹北,2024-06-25,7007
5344,立衛,10,1,9,兆豐-竹北,2024-06-25,7007
2883,凱基金,9,0,9,兆豐-竹北,2024-06-25,7007
00936,台新永續高息中小,23,15,8,兆豐-竹北,2024-06-25,7007
2368,金像電,16,8,8,兆豐-竹北,2024-06-25,7007
00676R,富邦臺灣加權反1,190,0,190,兆豐-竹北,2024-06-26,7007
00936,台新永續高息中小,173,2,171,兆豐-竹北,2024-06-26,7007
00632R,元大台灣50反1,157,0,157,兆豐-竹北,2024-06-26,7007
00946,群益科技高息成長,83,0,83,兆豐-竹北,2024-06-26,7007
00937B,群益ESG投等債20,59,0,59,兆豐-竹北,2024-06-26,7007
2323,中環,50,0,50,兆豐-竹北,2024-06-26,7007
911868,同方友友-DR,45,0,45,兆豐-竹北,2024-06-26,7007
5880,合庫金,48,4,44,兆豐-竹北,2024-06-26,7007
00753L,中信中國50正2,43,0,43,兆豐-竹北,2024-06-26,7007
2409,友達,45,4,41,兆豐-竹北,2024-06-26,7007
8011,台通,38,0,38,兆豐-竹北,2024-06-26,7007
00929,復華台灣科技優息,39,3,36,兆豐-竹北,2024-06-26,7007
1314,中石化,54,23,31,兆豐-竹北,2024-06-26,7007
2344,華邦電,30,2,28,兆豐-竹北,2024-06-26,7007
2605,新興,35,7,28,兆豐-竹北,2024-06-26,7007
1733,五鼎,27,0,27,兆豐-竹北,2024-06-26,7007
1609,大亞,31,7,24,兆豐-竹北,2024-06-26,7007
6425,易發,36,12,24,兆豐-竹北,2024-06-26,7007
2328,廣宇,23,0,23,兆豐-竹北,2024-06-26,7007
2369,菱生,30,7,23,兆豐-竹北,2024-06-26,7007
2002,中鋼,21,1,20,兆豐-竹北,2024-06-26,7007
2356,英業達,21,1,20,兆豐-竹北,2024-06-26,7007
4153,鈺緯,21,1,20,兆豐-竹北,2024-06-26,7007
4532,瑞智,20,0,20,兆豐-竹北,2024-06-26,7007
4967,十銓,26,6,20,兆豐-竹北,2024-06-26,7007
2303,聯電,25,6,19,兆豐-竹北,2024-06-26,7007
3296,勝德,20,1,19,兆豐-竹北,2024-06-26,7007
1616,億泰,18,0,18,兆豐-竹北,2024-06-26,7007
3231,緯創,18,0,18,兆豐-竹北,2024-06-26,7007
912000,晨訊科-DR,18,0,18,兆豐-竹北,2024-06-26,7007
6890,來億-KY,18,1,17,兆豐-竹北,2024-06-26,7007
3481,群創,75,61,14,兆豐-竹北,2024-06-26,7007
3576,聯合再生,16,2,14,兆豐-竹北,2024-06-26,7007
1455,集盛,12,0,12,兆豐-竹北,2024-06-26,7007
2371,大同,14,2,12,兆豐-竹北,2024-06-26,7007
2888,新光金,12,0,12,兆豐-竹北,2024-06-26,7007
5009,榮剛,12,0,12,兆豐-竹北,2024-06-26,7007
6207,雷科,24,12,12,兆豐-竹北,2024-06-26,7007
2615,萬海,67,55,12,兆豐-竹北,2024-06-26,7007
2883,凱基金,11,0,11,兆豐-竹北,2024-06-26,7007
2316,楠梓電,14,3,11,兆豐-竹北,2024-06-26,7007
3062,建漢,22,11,11,兆豐-竹北,2024-06-26,7007
6492,生華科,11,0,11,兆豐-竹北,2024-06-26,7007
00637L,元大滬深300正2,10,0,10,兆豐-竹北,2024-06-26,7007
00712,復華富時不動產,10,0,10,兆豐-竹北,2024-06-26,7007
00891,中信關鍵半導體,10,0,10,兆豐-竹北,2024-06-26,7007
1611,中電,10,0,10,兆豐-竹北,2024-06-26,7007
2314,台揚,10,0,10,兆豐-竹北,2024-06-26,7007
3362,先進光,13,3,10,兆豐-竹北,2024-06-26,7007
3491,昇達科,11,1,10,兆豐-竹北,2024-06-26,7007
00753L,中信中國50正2,280,0,280,兆豐-竹北,2024-06-27,7007
00929,復華台灣科技優息,221,0,221,兆豐-竹北,2024-06-27,7007
3576,聯合再生,163,32,131,兆豐-竹北,2024-06-27,7007
00937B,群益ESG投等債20,130,0,130,兆豐-竹北,2024-06-27,7007
00948B,中信優息投資級債,116,0,116,兆豐-竹北,2024-06-27,7007
00919,群益台灣精選高息,87,4,83,兆豐-竹北,2024-06-27,7007
3481,群創,106,29,77,兆豐-竹北,2024-06-27,7007
2885,元大金,276,212,64,兆豐-竹北,2024-06-27,7007
00632R,元大台灣50反1,55,0,55,兆豐-竹北,2024-06-27,7007
00936,台新永續高息中小,52,1,51,兆豐-竹北,2024-06-27,7007
1612,宏泰,50,0,50,兆豐-竹北,2024-06-27,7007
3055,蔚華科,48,1,47,兆豐-竹北,2024-06-27,7007
9103,美德醫療-DR,45,0,45,兆豐-竹北,2024-06-27,7007
2353,宏��,42,5,37,兆豐-竹北,2024-06-27,7007
3663,鑫科,50,15,35,兆豐-竹北,2024-06-27,7007
00933B,國泰10Y+金融債,33,0,33,兆豐-竹北,2024-06-27,7007
00713,元大台灣高息低波,29,0,29,兆豐-竹北,2024-06-27,7007
2369,菱生,27,0,27,兆豐-竹北,2024-06-27,7007
00679B,元大美債20年,25,0,25,兆豐-竹北,2024-06-27,7007
9136,巨騰-DR,22,0,22,兆豐-竹北,2024-06-27,7007
1444,力麗,20,0,20,兆豐-竹北,2024-06-27,7007
4532,瑞智,20,0,20,兆豐-竹北,2024-06-27,7007
2303,聯電,19,0,19,兆豐-竹北,2024-06-27,7007
8277,商丞,22,3,19,兆豐-竹北,2024-06-27,7007
2301,光寶科,139,120,19,兆豐-竹北,2024-06-27,7007
00720B,元大投資級公司債,18,0,18,兆豐-竹北,2024-06-27,7007
2888,新光金,17,0,17,兆豐-竹北,2024-06-27,7007
2356,英業達,21,4,17,兆豐-竹北,2024-06-27,7007
6284,佳邦,18,1,17,兆豐-竹北,2024-06-27,7007
8085,福華,20,3,17,兆豐-竹北,2024-06-27,7007
00687B,國泰20年美債,67,51,16,兆豐-竹北,2024-06-27,7007
1605,華新,15,0,15,兆豐-竹北,2024-06-27,7007
2641,正德,15,0,15,兆豐-竹北,2024-06-27,7007
6143,振曜,15,0,15,兆豐-竹北,2024-06-27,7007
4968,立積,14,0,14,兆豐-竹北,2024-06-27,7007
3066,李洲,19,5,14,兆豐-竹北,2024-06-27,7007
4526,東台,14,0,14,兆豐-竹北,2024-06-27,7007
5880,合庫金,14,0,14,兆豐-竹北,2024-06-27,7007
3303,岱稜,20,7,13,兆豐-竹北,2024-06-27,7007
00882,中信中國高股息,13,0,13,兆豐-竹北,2024-06-27,7007
2399,映泰,13,0,13,兆豐-竹北,2024-06-27,7007
2887,台新金,13,0,13,兆豐-竹北,2024-06-27,7007
0056,元大高股息,13,0,13,兆豐-竹北,2024-06-27,7007
00923,群益台ESG低碳50,12,0,12,兆豐-竹北,2024-06-27,7007
1409,新纖,12,0,12,兆豐-竹北,2024-06-27,7007
2367,燿華,19,7,12,兆豐-竹北,2024-06-27,7007
2498,宏達電,12,0,12,兆豐-竹北,2024-06-27,7007
3231,緯創,12,0,12,兆豐-竹北,2024-06-27,7007
6116,彩晶,12,0,12,兆豐-竹北,2024-06-27,7007
00751B,元大AAA至A公司債,11,0,11,兆豐-竹北,2024-06-27,7007
2888,新光金,500,37,463,兆豐-竹北,2024-06-28,7007
2887,台新金,300,10,290,兆豐-竹北,2024-06-28,7007
00937B,群益ESG投等債20,139,1,138,兆豐-竹北,2024-06-28,7007
00936,台新永續高息中小,136,0,136,兆豐-竹北,2024-06-28,7007
4977,眾達-KY,130,1,129,兆豐-竹北,2024-06-28,7007
00948B,中信優息投資級債,52,0,52,兆豐-竹北,2024-06-28,7007
3083,網龍,56,4,52,兆豐-竹北,2024-06-28,7007
2641,正德,50,0,50,兆豐-竹北,2024-06-28,7007
2618,長榮航,49,9,40,兆豐-竹北,2024-06-28,7007
00632R,元大台灣50反1,40,0,40,兆豐-竹北,2024-06-28,7007
00650L,復華香港正2,55,16,39,兆豐-竹北,2024-06-28,7007
6443,元晶,40,6,34,兆豐-竹北,2024-06-28,7007
00929,復華台灣科技優息,82,48,34,兆豐-竹北,2024-06-28,7007
2208,台船,31,0,31,兆豐-竹北,2024-06-28,7007
2317,鴻海,55,27,28,兆豐-竹北,2024-06-28,7007
3048,益登,26,0,26,兆豐-竹北,2024-06-28,7007
2406,國碩,34,9,25,兆豐-竹北,2024-06-28,7007
00679B,元大美債20年,24,0,24,兆豐-竹北,2024-06-28,7007
2313,華通,18,0,18,兆豐-竹北,2024-06-28,7007
3231,緯創,18,0,18,兆豐-竹北,2024-06-28,7007
8103,瀚荃,17,0,17,兆豐-竹北,2024-06-28,7007
2301,光寶科,89,72,17,兆豐-竹北,2024-06-28,7007
5009,榮剛,22,6,16,兆豐-竹北,2024-06-28,7007
2610,華航,19,3,16,兆豐-竹北,2024-06-28,7007
4533,協易機,22,6,16,兆豐-竹北,2024-06-28,7007
6742,澤米,32,16,16,兆豐-竹北,2024-06-28,7007
3576,聯合再生,24,9,15,兆豐-竹北,2024-06-28,7007
8421,旭源,18,3,15,兆豐-竹北,2024-06-28,7007
1609,大亞,46,31,15,兆豐-竹北,2024-06-28,7007
2337,旺宏,14,1,13,兆豐-竹北,2024-06-28,7007
3296,勝德,15,2,13,兆豐-竹北,2024-06-28,7007
5426,振發,24,12,12,兆豐-竹北,2024-06-28,7007
6147,頎邦,12,0,12,兆豐-竹北,2024-06-28,7007
1809,中釉,11,0,11,兆豐-竹北,2024-06-28,7007
2106,建大,11,0,11,兆豐-竹北,2024-06-28,7007
6197,佳必琪,16,5,11,兆豐-竹北,2024-06-28,7007
1309,台達化,10,0,10,兆豐-竹北,2024-06-28,7007
4968,立積,10,0,10,兆豐-竹北,2024-06-28,7007
00666R,富邦�琤肭磪齯�1,10,0,10,兆豐-竹北,2024-06-28,7007
2338,光罩,11,1,10,兆豐-竹北,2024-06-28,7007
6177,達麗,10,0,10,兆豐-竹北,2024-06-28,7007
8104,錸寶,10,0,10,兆豐-竹北,2024-06-28,7007
8234,新漢,17,7,10,兆豐-竹北,2024-06-28,7007
00664R,國泰臺灣加權反1,9,0,9,兆豐-竹北,2024-06-28,7007
3024,憶聲,19,10,9,兆豐-竹北,2024-06-28,7007
2881,富邦金,9,1,8,兆豐-竹北,2024-06-28,7007
3163,波若威,13,5,8,兆豐-竹北,2024-06-28,7007
1418,東華,9,1,8,兆豐-竹北,2024-06-28,7007
1731,美吾華,8,0,8,兆豐-竹北,2024-06-28,7007
6841,長佳智能,9,1,8,兆豐-竹北,2024-06-28,7007
00937B,群益ESG投等債20,807,0,807,兆豐-竹北,2024-07-01,7007
2303,聯電,213,25,188,兆豐-竹北,2024-07-01,7007
00687B,國泰20年美債,173,17,156,兆豐-竹北,2024-07-01,7007
00680L,元大美債20正2,104,0,104,兆豐-竹北,2024-07-01,7007
2313,華通,76,6,70,兆豐-竹北,2024-07-01,7007
2323,中環,70,0,70,兆豐-竹北,2024-07-01,7007
00936,台新永續高息中小,265,200,65,兆豐-竹北,2024-07-01,7007
00679B,元大美債20年,58,0,58,兆豐-竹北,2024-07-01,7007
3663,鑫科,53,0,53,兆豐-竹北,2024-07-01,7007
8926,台汽電,52,2,50,兆豐-竹北,2024-07-01,7007
00637L,元大滬深300正2,201,151,50,兆豐-竹北,2024-07-01,7007
00632R,元大台灣50反1,45,0,45,兆豐-竹北,2024-07-01,7007
2406,國碩,62,18,44,兆豐-竹北,2024-07-01,7007
6770,力積電,43,1,42,兆豐-竹北,2024-07-01,7007
4938,和碩,42,4,38,兆豐-竹北,2024-07-01,7007
6742,澤米,38,0,38,兆豐-竹北,2024-07-01,7007
00948B,中信優息投資級債,34,0,34,兆豐-竹北,2024-07-01,7007
3515,華擎,34,0,34,兆豐-竹北,2024-07-01,7007
2405,輔信,31,0,31,兆豐-竹北,2024-07-01,7007
1733,五鼎,30,0,30,兆豐-竹北,2024-07-01,7007
3615,安可,36,7,29,兆豐-竹北,2024-07-01,7007
4532,瑞智,30,2,28,兆豐-竹北,2024-07-01,7007
3048,益登,34,7,27,兆豐-竹北,2024-07-01,7007
2352,佳世達,28,4,24,兆豐-竹北,2024-07-01,7007
0056,元大高股息,33,10,23,兆豐-竹北,2024-07-01,7007
2883,凱基金,22,1,21,兆豐-竹北,2024-07-01,7007
2368,金像電,21,0,21,兆豐-竹北,2024-07-01,7007
2489,瑞軒,101,80,21,兆豐-竹北,2024-07-01,7007
2103,台橡,20,0,20,兆豐-竹北,2024-07-01,7007
3290,東浦,20,0,20,兆豐-竹北,2024-07-01,7007
6143,振曜,31,11,20,兆豐-竹北,2024-07-01,7007
00795B,中信美國公債20年,19,0,19,兆豐-竹北,2024-07-01,7007
00688L,國泰20年美債正2,19,0,19,兆豐-竹北,2024-07-01,7007
6435,大中,22,3,19,兆豐-竹北,2024-07-01,7007
2515,中工,18,0,18,兆豐-竹北,2024-07-01,7007
8091,翔名,17,0,17,兆豐-竹北,2024-07-01,7007
6152,百一,16,0,16,兆豐-竹北,2024-07-01,7007
2367,燿華,21,5,16,兆豐-竹北,2024-07-01,7007
6505,台塑化,17,2,15,兆豐-竹北,2024-07-01,7007
4707,磐亞,15,0,15,兆豐-竹北,2024-07-01,7007
5371,中光電,15,0,15,兆豐-竹北,2024-07-01,7007
5498,凱崴,16,1,15,兆豐-竹北,2024-07-01,7007
00720B,元大投資級公司債,17,3,14,兆豐-竹北,2024-07-01,7007
00671R,富邦NASDAQ反1,14,0,14,兆豐-竹北,2024-07-01,7007
1711,永光,14,0,14,兆豐-竹北,2024-07-01,7007
3296,勝德,20,6,14,兆豐-竹北,2024-07-01,7007
2353,宏��,34,21,13,兆豐-竹北,2024-07-01,7007
6589,台康生技,15,2,13,兆豐-竹北,2024-07-01,7007
2363,矽統,18,5,13,兆豐-竹北,2024-07-01,7007
1809,中釉,12,0,12,兆豐-竹北,2024-07-01,7007
00937B,群益ESG投等債20,1128,30,1098,兆豐-竹北,2024-07-02,7007
00934,中信成長高股息,536,5,531,兆豐-竹北,2024-07-02,7007
00929,復華台灣科技優息,476,80,396,兆豐-竹北,2024-07-02,7007
2603,長榮,163,1,162,兆豐-竹北,2024-07-02,7007
00687B,國泰20年美債,124,0,124,兆豐-竹北,2024-07-02,7007
00679B,元大美債20年,108,0,108,兆豐-竹北,2024-07-02,7007
2884,玉山金,100,2,98,兆豐-竹北,2024-07-02,7007
00936,台新永續高息中小,87,0,87,兆豐-竹北,2024-07-02,7007
2303,聯電,84,7,77,兆豐-竹北,2024-07-02,7007
00919,群益台灣精選高息,109,33,76,兆豐-竹北,2024-07-02,7007
2323,中環,78,2,76,兆豐-竹北,2024-07-02,7007
2834,臺企銀,57,0,57,兆豐-竹北,2024-07-02,7007
9105,泰金寶-DR,98,44,54,兆豐-竹北,2024-07-02,7007
0056,元大高股息,57,5,52,兆豐-竹北,2024-07-02,7007
2317,鴻海,64,26,38,兆豐-竹北,2024-07-02,7007
3715,定穎投控,36,0,36,兆豐-竹北,2024-07-02,7007
00948B,中信優息投資級債,34,0,34,兆豐-竹北,2024-07-02,7007
00940,元大台灣價值高息,49,19,30,兆豐-竹北,2024-07-02,7007
00680L,元大美債20正2,29,0,29,兆豐-竹北,2024-07-02,7007
3062,建漢,44,16,28,兆豐-竹北,2024-07-02,7007
2002,中鋼,25,1,24,兆豐-竹北,2024-07-02,7007
6770,力積電,28,4,24,兆豐-竹北,2024-07-02,7007
2344,華邦電,24,1,23,兆豐-竹北,2024-07-02,7007
00927,群益半導體收益,21,0,21,兆豐-竹北,2024-07-02,7007
3499,環天科,21,0,21,兆豐-竹北,2024-07-02,7007
00753L,中信中國50正2,20,0,20,兆豐-竹北,2024-07-02,7007
00893,國泰智能電動車,20,0,20,兆豐-竹北,2024-07-02,7007
1609,大亞,21,2,19,兆豐-竹北,2024-07-02,7007
2103,台橡,19,0,19,兆豐-竹北,2024-07-02,7007
3312,弘憶股,50,32,18,兆豐-竹北,2024-07-02,7007
3535,晶彩科,41,24,17,兆豐-竹北,2024-07-02,7007
2609,陽明,22,6,16,兆豐-竹北,2024-07-02,7007
00795B,中信美國公債20年,16,0,16,兆豐-竹北,2024-07-02,7007
3055,蔚華科,15,0,15,兆豐-竹北,2024-07-02,7007
1806,冠軍,14,0,14,兆豐-竹北,2024-07-02,7007
2495,普安,23,9,14,兆豐-竹北,2024-07-02,7007
3615,安可,20,6,14,兆豐-竹北,2024-07-02,7007
4716,大立,14,0,14,兆豐-竹北,2024-07-02,7007
00942B,台新美A公司債20+,14,0,14,兆豐-竹北,2024-07-02,7007
6285,啟��,14,1,13,兆豐-竹北,2024-07-02,7007
6139,亞翔,41,28,13,兆豐-竹北,2024-07-02,7007
00918,大華優利高填息30,13,0,13,兆豐-竹北,2024-07-02,7007
00751B,元大AAA至A公司債,13,0,13,兆豐-竹北,2024-07-02,7007
00688L,國泰20年美債正2,13,0,13,兆豐-竹北,2024-07-02,7007
00720B,元大投資級公司債,13,0,13,兆豐-竹北,2024-07-02,7007
1605,華新,14,2,12,兆豐-竹北,2024-07-02,7007
1815,富喬,12,0,12,兆豐-竹北,2024-07-02,7007
3059,華晶科,13,1,12,兆豐-竹北,2024-07-02,7007
6291,沛亨,12,0,12,兆豐-竹北,2024-07-02,7007
8064,東捷,13,1,12,兆豐-竹北,2024-07-02,7007
00934,中信成長高股息,537,5,532,兆豐-竹北,2024-07-03,7007
2323,中環,176,6,170,兆豐-竹北,2024-07-03,7007
8084,巨虹,100,0,100,兆豐-竹北,2024-07-03,7007
00929,復華台灣科技優息,85,4,81,兆豐-竹北,2024-07-03,7007
6443,元晶,79,5,74,兆豐-竹北,2024-07-03,7007
00937B,群益ESG投等債20,68,2,66,兆豐-竹北,2024-07-03,7007
00679B,元大美債20年,64,0,64,兆豐-竹北,2024-07-03,7007
00687B,國泰20年美債,62,5,57,兆豐-竹北,2024-07-03,7007
2303,聯電,64,12,52,兆豐-竹北,2024-07-03,7007
2880,華南金,60,11,49,兆豐-竹北,2024-07-03,7007
00632R,元大台灣50反1,45,0,45,兆豐-竹北,2024-07-03,7007
3058,立德,43,0,43,兆豐-竹北,2024-07-03,7007
1785,光洋科,68,30,38,兆豐-竹北,2024-07-03,7007
00948B,中信優息投資級債,30,0,30,兆豐-竹北,2024-07-03,7007
00936,台新永續高息中小,38,9,29,兆豐-竹北,2024-07-03,7007
2375,凱美,29,0,29,兆豐-竹北,2024-07-03,7007
5347,世界,31,2,29,兆豐-竹北,2024-07-03,7007
1733,五鼎,30,5,25,兆豐-竹北,2024-07-03,7007
3005,神基,23,1,22,兆豐-竹北,2024-07-03,7007
8011,台通,22,0,22,兆豐-竹北,2024-07-03,7007
1717,長興,20,0,20,兆豐-竹北,2024-07-03,7007
1718,中纖,69,50,19,兆豐-竹北,2024-07-03,7007
3231,緯創,26,9,17,兆豐-竹北,2024-07-03,7007
8064,東捷,28,11,17,兆豐-竹北,2024-07-03,7007
2402,毅嘉,20,4,16,兆豐-竹北,2024-07-03,7007
2317,鴻海,17,2,15,兆豐-竹北,2024-07-03,7007
3673,TPK-KY,15,0,15,兆豐-竹北,2024-07-03,7007
4949,有成精密,20,5,15,兆豐-竹北,2024-07-03,7007
00720B,元大投資級公司債,14,0,14,兆豐-竹北,2024-07-03,7007
00665L,富邦�琤肭磪囓�2,15,2,13,兆豐-竹北,2024-07-03,7007
2405,輔信,39,26,13,兆豐-竹北,2024-07-03,7007
2834,臺企銀,16,3,13,兆豐-竹北,2024-07-03,7007
3321,同泰,15,2,13,兆豐-竹北,2024-07-03,7007
00919,群益台灣精選高息,19,6,13,兆豐-竹北,2024-07-03,7007
2316,楠梓電,13,0,13,兆豐-竹北,2024-07-03,7007
00878,國泰永續高股息,21,8,13,兆豐-竹北,2024-07-03,7007
1784,訊聯,16,4,12,兆豐-竹北,2024-07-03,7007
2756,聯發國際,12,0,12,兆豐-竹北,2024-07-03,7007
3312,弘憶股,16,4,12,兆豐-竹北,2024-07-03,7007
2449,京元電子,46,34,12,兆豐-竹北,2024-07-03,7007
2002,中鋼,11,0,11,兆豐-竹北,2024-07-03,7007
1709,和益,11,0,11,兆豐-竹北,2024-07-03,7007
8091,翔名,12,1,11,兆豐-竹北,2024-07-03,7007
00637L,元大滬深300正2,107,96,11,兆豐-竹北,2024-07-03,7007
6152,百一,11,0,11,兆豐-竹北,2024-07-03,7007
3006,晶豪科,18,8,10,兆豐-竹北,2024-07-03,7007
1799,易威,10,0,10,兆豐-竹北,2024-07-03,7007
2377,微星,11,1,10,兆豐-竹北,2024-07-03,7007
2429,銘旺科,14,4,10,兆豐-竹北,2024-07-03,7007
3049,精金,10,0,10,兆豐-竹北,2024-07-03,7007
6218,豪勉,147,0,147,兆豐-竹北,2024-07-04,7007
9105,泰金寶-DR,178,39,139,兆豐-竹北,2024-07-04,7007
00882,中信中國高股息,143,7,136,兆豐-竹北,2024-07-04,7007
00676R,富邦臺灣加權反1,112,0,112,兆豐-竹北,2024-07-04,7007
2495,普安,99,7,92,兆豐-竹北,2024-07-04,7007
2618,長榮航,93,41,52,兆豐-竹北,2024-07-04,7007
9907,統一實,50,0,50,兆豐-竹北,2024-07-04,7007
2323,中環,50,7,43,兆豐-竹北,2024-07-04,7007
00679B,元大美債20年,41,0,41,兆豐-竹北,2024-07-04,7007
1616,億泰,38,0,38,兆豐-竹北,2024-07-04,7007
2486,一詮,112,76,36,兆豐-竹北,2024-07-04,7007
00929,復華台灣科技優息,50,15,35,兆豐-竹北,2024-07-04,7007
2732,六角,35,0,35,兆豐-竹北,2024-07-04,7007
2367,燿華,64,29,35,兆豐-竹北,2024-07-04,7007
00934,中信成長高股息,36,3,33,兆豐-竹北,2024-07-04,7007
3030,德律,37,5,32,兆豐-竹北,2024-07-04,7007
2354,鴻準,39,8,31,兆豐-竹北,2024-07-04,7007
2880,華南金,30,0,30,兆豐-竹北,2024-07-04,7007
00664R,國泰臺灣加權反1,29,0,29,兆豐-竹北,2024-07-04,7007
2412,中華電,28,0,28,兆豐-竹北,2024-07-04,7007
00637L,元大滬深300正2,30,5,25,兆豐-竹北,2024-07-04,7007
1714,和桐,30,5,25,兆豐-竹北,2024-07-04,7007
1815,富喬,28,5,23,兆豐-竹北,2024-07-04,7007
3024,憶聲,23,0,23,兆豐-竹北,2024-07-04,7007
00936,台新永續高息中小,22,0,22,兆豐-竹北,2024-07-04,7007
5388,中磊,21,0,21,兆豐-竹北,2024-07-04,7007
2337,旺宏,30,9,21,兆豐-竹北,2024-07-04,7007
1709,和益,20,0,20,兆豐-竹北,2024-07-04,7007
2442,新美齊,20,0,20,兆豐-竹北,2024-07-04,7007
3339,泰谷,20,0,20,兆豐-竹北,2024-07-04,7007
2349,錸德,35,17,18,兆豐-竹北,2024-07-04,7007
1785,光洋科,90,74,16,兆豐-竹北,2024-07-04,7007
2515,中工,16,0,16,兆豐-竹北,2024-07-04,7007
2834,臺企銀,19,3,16,兆豐-竹北,2024-07-04,7007
8064,東捷,42,26,16,兆豐-竹北,2024-07-04,7007
3622,洋華,17,2,15,兆豐-竹北,2024-07-04,7007
6291,沛亨,15,0,15,兆豐-竹北,2024-07-04,7007
6603,富強鑫,20,5,15,兆豐-竹北,2024-07-04,7007
00927,群益半導體收益,14,0,14,兆豐-竹北,2024-07-04,7007
3234,光環,14,0,14,兆豐-竹北,2024-07-04,7007
2353,宏��,14,2,12,兆豐-竹北,2024-07-04,7007
1725,元禎,12,0,12,兆豐-竹北,2024-07-04,7007
2605,新興,19,7,12,兆豐-竹北,2024-07-04,7007
3062,建漢,20,8,12,兆豐-竹北,2024-07-04,7007
3081,聯亞,12,0,12,兆豐-竹北,2024-07-04,7007
4566,時碩工業,15,3,12,兆豐-竹北,2024-07-04,7007
6290,良維,14,3,11,兆豐-竹北,2024-07-04,7007
00685L,群益臺灣加權正2,11,0,11,兆豐-竹北,2024-07-04,7007
00915,凱基優選高股息30,11,0,11,兆豐-竹北,2024-07-04,7007
2010,春源,11,0,11,兆豐-竹北,2024-07-04,7007
2838,聯邦銀,596,0,596,兆豐-竹北,2024-07-05,7007
00929,復華台灣科技優息,314,76,238,兆豐-竹北,2024-07-05,7007
1608,華榮,110,0,110,兆豐-竹北,2024-07-05,7007
2489,瑞軒,172,90,82,兆豐-竹北,2024-07-05,7007
2888,新光金,73,0,73,兆豐-竹北,2024-07-05,7007
2618,長榮航,82,15,67,兆豐-竹北,2024-07-05,7007
00679B,元大美債20年,66,9,57,兆豐-竹北,2024-07-05,7007
2606,裕民,51,6,45,兆豐-竹北,2024-07-05,7007
3499,環天科,45,0,45,兆豐-竹北,2024-07-05,7007
6189,豐藝,57,19,38,兆豐-竹北,2024-07-05,7007
00637L,元大滬深300正2,32,0,32,兆豐-竹北,2024-07-05,7007
2610,華航,61,30,31,兆豐-竹北,2024-07-05,7007
00753L,中信中國50正2,30,0,30,兆豐-竹北,2024-07-05,7007
00934,中信成長高股息,27,0,27,兆豐-竹北,2024-07-05,7007
6538,倉和,29,2,27,兆豐-竹北,2024-07-05,7007
2444,兆勁,26,1,25,兆豐-竹北,2024-07-05,7007
6182,合晶,28,3,25,兆豐-竹北,2024-07-05,7007
00937B,群益ESG投等債20,24,0,24,兆豐-竹北,2024-07-05,7007
8926,台汽電,24,1,23,兆豐-竹北,2024-07-05,7007
00687B,國泰20年美債,23,1,22,兆豐-竹北,2024-07-05,7007
2331,精英,27,6,21,兆豐-竹北,2024-07-05,7007
2809,京城銀,21,0,21,兆豐-竹北,2024-07-05,7007
6788,華景電,21,0,21,兆豐-竹北,2024-07-05,7007
00948B,中信優息投資級債,20,0,20,兆豐-竹北,2024-07-05,7007
1815,富喬,26,7,19,兆豐-竹北,2024-07-05,7007
3317,尼克森,20,1,19,兆豐-竹北,2024-07-05,7007
6443,元晶,30,11,19,兆豐-竹北,2024-07-05,7007
2303,聯電,21,2,19,兆豐-竹北,2024-07-05,7007
1609,大亞,20,2,18,兆豐-竹北,2024-07-05,7007
8011,台通,21,3,18,兆豐-竹北,2024-07-05,7007
2324,仁寶,22,5,17,兆豐-竹北,2024-07-05,7007
4967,十銓,21,4,17,兆豐-竹北,2024-07-05,7007
4961,天鈺,16,0,16,兆豐-竹北,2024-07-05,7007
1409,新纖,16,0,16,兆豐-竹北,2024-07-05,7007
2349,錸德,19,3,16,兆豐-竹北,2024-07-05,7007
2603,長榮,21,5,16,兆豐-竹北,2024-07-05,7007
1702,南僑,15,0,15,兆豐-竹北,2024-07-05,7007
6596,寬宏藝術,15,0,15,兆豐-竹北,2024-07-05,7007
8131,福懋科,15,0,15,兆豐-竹北,2024-07-05,7007
2374,佳能,28,13,15,兆豐-竹北,2024-07-05,7007
1326,台化,14,0,14,兆豐-竹北,2024-07-05,7007
00940,元大台灣價值高息,32,18,14,兆豐-竹北,2024-07-05,7007
00881,國泰台灣5G+,15,1,14,兆豐-竹北,2024-07-05,7007
6207,雷科,34,20,14,兆豐-竹北,2024-07-05,7007
1618,合機,13,0,13,兆豐-竹北,2024-07-05,7007
2312,金寶,23,10,13,兆豐-竹北,2024-07-05,7007
00919,群益台灣精選高息,54,42,12,兆豐-竹北,2024-07-05,7007
3455,由田,15,3,12,兆豐-竹北,2024-07-05,7007
2495,普安,120,108,12,兆豐-竹北,2024-07-05,7007
6937,天虹,13,1,12,兆豐-竹北,2024-07-05,7007
2363,矽統,192,31,161,兆豐-竹北,2024-07-08,7007
2495,普安,132,14,118,兆豐-竹北,2024-07-08,7007
00753L,中信中國50正2,91,0,91,兆豐-竹北,2024-07-08,7007
2323,中環,73,0,73,兆豐-竹北,2024-07-08,7007
00929,復華台灣科技優息,92,21,71,兆豐-竹北,2024-07-08,7007
00934,中信成長高股息,69,0,69,兆豐-竹北,2024-07-08,7007
5392,能率,100,32,68,兆豐-竹北,2024-07-08,7007
00676R,富邦臺灣加權反1,60,0,60,兆豐-竹北,2024-07-08,7007
1733,五鼎,60,0,60,兆豐-竹北,2024-07-08,7007
2489,瑞軒,148,90,58,兆豐-竹北,2024-07-08,7007
0056,元大高股息,44,1,43,兆豐-竹北,2024-07-08,7007
00696B,富邦美債20年,40,0,40,兆豐-竹北,2024-07-08,7007
1314,中石化,85,48,37,兆豐-竹北,2024-07-08,7007
1815,富喬,37,1,36,兆豐-竹北,2024-07-08,7007
3058,立德,35,0,35,兆豐-竹北,2024-07-08,7007
2486,一詮,100,71,29,兆豐-竹北,2024-07-08,7007
4968,立積,28,1,27,兆豐-竹北,2024-07-08,7007
00935,野村臺灣新科技50,26,0,26,兆豐-竹北,2024-07-08,7007
00937B,群益ESG投等債20,29,3,26,兆豐-竹北,2024-07-08,7007
2464,盟立,95,69,26,兆豐-竹北,2024-07-08,7007
5328,華容,33,7,26,兆豐-竹北,2024-07-08,7007
8926,台汽電,30,4,26,兆豐-竹北,2024-07-08,7007
00692,富邦公司治理,26,0,26,兆豐-竹北,2024-07-08,7007
3551,世禾,25,0,25,兆豐-竹北,2024-07-08,7007
6284,佳邦,30,6,24,兆豐-竹北,2024-07-08,7007
6291,沛亨,24,0,24,兆豐-竹北,2024-07-08,7007
3231,緯創,49,25,24,兆豐-竹北,2024-07-08,7007
3346,麗清,22,0,22,兆豐-竹北,2024-07-08,7007
3576,聯合再生,23,1,22,兆豐-竹北,2024-07-08,7007
8028,昇陽半導體,33,12,21,兆豐-竹北,2024-07-08,7007
2365,昆盈,48,27,21,兆豐-竹北,2024-07-08,7007
2809,京城銀,21,0,21,兆豐-竹北,2024-07-08,7007
6153,嘉聯益,53,32,21,兆豐-竹北,2024-07-08,7007
00675L,富邦臺灣加權正2,20,0,20,兆豐-竹北,2024-07-08,7007
1471,首利,20,0,20,兆豐-竹北,2024-07-08,7007
2607,榮運,20,0,20,兆豐-竹北,2024-07-08,7007
3050,鈺德,20,0,20,兆豐-竹北,2024-07-08,7007
00936,台新永續高息中小,17,0,17,兆豐-竹北,2024-07-08,7007
6742,澤米,22,5,17,兆豐-竹北,2024-07-08,7007
4973,廣穎,16,0,16,兆豐-竹北,2024-07-08,7007
6126,信音,19,3,16,兆豐-竹北,2024-07-08,7007
8183,精星,16,0,16,兆豐-竹北,2024-07-08,7007
2603,長榮,18,3,15,兆豐-竹北,2024-07-08,7007
2330,台積電,25,10,15,兆豐-竹北,2024-07-08,7007
5512,力麒,15,0,15,兆豐-竹北,2024-07-08,7007
6589,台康生技,15,0,15,兆豐-竹北,2024-07-08,7007
2609,陽明,65,51,14,兆豐-竹北,2024-07-08,7007
2352,佳世達,16,2,14,兆豐-竹北,2024-07-08,7007
2376,技嘉,16,2,14,兆豐-竹北,2024-07-08,7007
3057,喬鼎,14,0,14,兆豐-竹北,2024-07-08,7007
6143,振曜,573,57,516,兆豐-竹北,2024-07-09,7007
00936,台新永續高息中小,164,4,160,兆豐-竹北,2024-07-09,7007
6116,彩晶,150,4,146,兆豐-竹北,2024-07-09,7007
00929,復華台灣科技優息,132,6,126,兆豐-竹北,2024-07-09,7007
2834,臺企銀,117,27,90,兆豐-竹北,2024-07-09,7007
2312,金寶,159,89,70,兆豐-竹北,2024-07-09,7007
00905,FT臺灣Smart,61,0,61,兆豐-竹北,2024-07-09,7007
00934,中信成長高股息,52,0,52,兆豐-竹北,2024-07-09,7007
1711,永光,52,0,52,兆豐-竹北,2024-07-09,7007
2049,上銀,51,0,51,兆豐-竹北,2024-07-09,7007
00679B,元大美債20年,50,0,50,兆豐-竹北,2024-07-09,7007
00632R,元大台灣50反1,45,0,45,兆豐-竹北,2024-07-09,7007
00713,元大台灣高息低波,44,0,44,兆豐-竹北,2024-07-09,7007
2515,中工,44,0,44,兆豐-竹北,2024-07-09,7007
3710,連展投控,41,1,40,兆豐-竹北,2024-07-09,7007
0056,元大高股息,44,10,34,兆豐-竹北,2024-07-09,7007
2605,新興,31,0,31,兆豐-竹北,2024-07-09,7007
2618,長榮航,31,1,30,兆豐-竹北,2024-07-09,7007
6015,宏遠證,30,0,30,兆豐-竹北,2024-07-09,7007
2337,旺宏,32,3,29,兆豐-竹北,2024-07-09,7007
8028,昇陽半導體,93,66,27,兆豐-竹北,2024-07-09,7007
00937B,群益ESG投等債20,98,72,26,兆豐-竹北,2024-07-09,7007
2888,新光金,69,44,25,兆豐-竹北,2024-07-09,7007
2609,陽明,42,18,24,兆豐-竹北,2024-07-09,7007
1409,新纖,24,0,24,兆豐-竹北,2024-07-09,7007
4510,高鋒,25,1,24,兆豐-竹北,2024-07-09,7007
3058,立德,23,0,23,兆豐-竹北,2024-07-09,7007
8927,北基,23,0,23,兆豐-竹北,2024-07-09,7007
3037,欣興,23,0,23,兆豐-竹北,2024-07-09,7007
3167,大量,23,1,22,兆豐-竹北,2024-07-09,7007
6182,合晶,28,6,22,兆豐-竹北,2024-07-09,7007
1310,台苯,20,0,20,兆豐-竹北,2024-07-09,7007
2405,輔信,59,39,20,兆豐-竹北,2024-07-09,7007
2809,京城銀,20,0,20,兆豐-竹北,2024-07-09,7007
4949,有成精密,20,0,20,兆豐-竹北,2024-07-09,7007
4945,陞達科技,24,5,19,兆豐-竹北,2024-07-09,7007
00945B,凱基美國非投等債,18,0,18,兆豐-竹北,2024-07-09,7007
6264,富裔,20,2,18,兆豐-竹北,2024-07-09,7007
6609,瀧澤科,18,0,18,兆豐-竹北,2024-07-09,7007
3673,TPK-KY,36,19,17,兆豐-竹北,2024-07-09,7007
1101,台泥,21,5,16,兆豐-竹北,2024-07-09,7007
6164,華興,47,31,16,兆豐-竹北,2024-07-09,7007
1786,科妍,20,5,15,兆豐-竹北,2024-07-09,7007
00878,國泰永續高股息,34,19,15,兆豐-竹北,2024-07-09,7007
5443,均豪,26,11,15,兆豐-竹北,2024-07-09,7007
6443,元晶,17,2,15,兆豐-竹北,2024-07-09,7007
00927,群益半導體收益,16,2,14,兆豐-竹北,2024-07-09,7007
3047,訊舟,68,54,14,兆豐-竹北,2024-07-09,7007
6112,邁達特,14,0,14,兆豐-竹北,2024-07-09,7007
6438,迅得,15,1,14,兆豐-竹北,2024-07-09,7007
6570,維田,140,1,139,兆豐-竹北,2024-07-10,7007
2323,中環,111,0,111,兆豐-竹北,2024-07-10,7007
00676R,富邦臺灣加權反1,103,0,103,兆豐-竹北,2024-07-10,7007
00632R,元大台灣50反1,100,0,100,兆豐-竹北,2024-07-10,7007
00664R,國泰臺灣加權反1,100,0,100,兆豐-竹北,2024-07-10,7007
00929,復華台灣科技優息,112,26,86,兆豐-竹北,2024-07-10,7007
9105,泰金寶-DR,109,26,83,兆豐-竹北,2024-07-10,7007
00937B,群益ESG投等債20,93,11,82,兆豐-竹北,2024-07-10,7007
1532,勤美,50,0,50,兆豐-竹北,2024-07-10,7007
00679B,元大美債20年,53,9,44,兆豐-竹北,2024-07-10,7007
5876,上海商銀,41,0,41,兆豐-竹北,2024-07-10,7007
2495,普安,45,5,40,兆豐-竹北,2024-07-10,7007
2405,輔信,50,11,39,兆豐-竹北,2024-07-10,7007
2489,瑞軒,169,131,38,兆豐-竹北,2024-07-10,7007
2392,正崴,65,30,35,兆豐-竹北,2024-07-10,7007
3499,環天科,35,0,35,兆豐-竹北,2024-07-10,7007
00637L,元大滬深300正2,30,0,30,兆豐-竹北,2024-07-10,7007
6180,橘子,30,0,30,兆豐-竹北,2024-07-10,7007
3594,磐儀,32,3,29,兆豐-竹北,2024-07-10,7007
2317,鴻海,33,4,29,兆豐-竹北,2024-07-10,7007
2312,金寶,48,21,27,兆豐-竹北,2024-07-10,7007
1711,永光,25,0,25,兆豐-竹北,2024-07-10,7007
2538,基泰,24,0,24,兆豐-竹北,2024-07-10,7007
4960,誠美材,61,37,24,兆豐-竹北,2024-07-10,7007
00753L,中信中國50正2,100,77,23,兆豐-竹北,2024-07-10,7007
2367,燿華,84,61,23,兆豐-竹北,2024-07-10,7007
00934,中信成長高股息,22,0,22,兆豐-竹北,2024-07-10,7007
2617,台航,21,0,21,兆豐-竹北,2024-07-10,7007
3025,星通,21,0,21,兆豐-竹北,2024-07-10,7007
3625,西勝,21,0,21,兆豐-竹北,2024-07-10,7007
2880,華南金,20,0,20,兆豐-竹北,2024-07-10,7007
00713,元大台灣高息低波,20,0,20,兆豐-竹北,2024-07-10,7007
3312,弘憶股,39,20,19,兆豐-竹北,2024-07-10,7007
1618,合機,19,1,18,兆豐-竹北,2024-07-10,7007
6603,富強鑫,21,3,18,兆豐-竹北,2024-07-10,7007
6152,百一,16,0,16,兆豐-竹北,2024-07-10,7007
6214,精誠,16,0,16,兆豐-竹北,2024-07-10,7007
8105,凌巨,21,5,16,兆豐-竹北,2024-07-10,7007
00946,群益科技高息成長,13,0,13,兆豐-竹北,2024-07-10,7007
00950B,凱基A級公司債,13,0,13,兆豐-竹北,2024-07-10,7007
3036,文曄,15,2,13,兆豐-竹北,2024-07-10,7007
4123,晟德,13,0,13,兆豐-竹北,2024-07-10,7007
4907,富宇,13,0,13,兆豐-竹北,2024-07-10,7007
5443,均豪,19,6,13,兆豐-竹北,2024-07-10,7007
6284,佳邦,15,3,12,兆豐-竹北,2024-07-10,7007
00725B,國泰投資級公司債,12,0,12,兆豐-竹北,2024-07-10,7007
1605,華新,12,0,12,兆豐-竹北,2024-07-10,7007
3593,力銘,12,0,12,兆豐-竹北,2024-07-10,7007
5392,能率,20,8,12,兆豐-竹北,2024-07-10,7007
6116,彩晶,12,0,12,兆豐-竹北,2024-07-10,7007
00632R,元大台灣50反1,3185,0,3185,兆豐-竹北,2024-07-11,7007
00665L,富邦�琤肭磪囓�2,158,2,156,兆豐-竹北,2024-07-11,7007
00934,中信成長高股息,111,5,106,兆豐-竹北,2024-07-11,7007
00664R,國泰臺灣加權反1,100,0,100,兆豐-竹北,2024-07-11,7007
6770,力積電,100,1,99,兆豐-竹北,2024-07-11,7007
2867,三商壽,105,20,85,兆豐-竹北,2024-07-11,7007
00680L,元大美債20正2,65,0,65,兆豐-竹北,2024-07-11,7007
2301,光寶科,54,0,54,兆豐-竹北,2024-07-11,7007
6143,振曜,51,0,51,兆豐-竹北,2024-07-11,7007
00940,元大台灣價值高息,76,29,47,兆豐-竹北,2024-07-11,7007
3594,磐儀,80,34,46,兆豐-竹北,2024-07-11,7007
2610,華航,63,18,45,兆豐-竹北,2024-07-11,7007
00929,復華台灣科技優息,86,47,39,兆豐-竹北,2024-07-11,7007
00735,國泰臺韓科技,36,0,36,兆豐-竹北,2024-07-11,7007
2464,盟立,113,78,35,兆豐-竹北,2024-07-11,7007
3031,佰鴻,30,0,30,兆豐-竹北,2024-07-11,7007
3607,谷崧,30,0,30,兆豐-竹北,2024-07-11,7007
00687B,國泰20年美債,34,6,28,兆豐-竹北,2024-07-11,7007
2323,中環,29,1,28,兆豐-竹北,2024-07-11,7007
2460,建通,28,0,28,兆豐-竹北,2024-07-11,7007
6142,友勁,27,1,26,兆豐-竹北,2024-07-11,7007
2392,正崴,53,27,26,兆豐-竹北,2024-07-11,7007
1809,中釉,24,0,24,兆豐-竹北,2024-07-11,7007
2365,昆盈,50,27,23,兆豐-竹北,2024-07-11,7007
00679B,元大美債20年,83,60,23,兆豐-竹北,2024-07-11,7007
00931B,統一美債20年,22,0,22,兆豐-竹北,2024-07-11,7007
6116,彩晶,22,0,22,兆豐-竹北,2024-07-11,7007
00905,FT臺灣Smart,29,8,21,兆豐-竹北,2024-07-11,7007
6578,達邦蛋白,25,4,21,兆豐-竹北,2024-07-11,7007
3231,緯創,40,20,20,兆豐-竹北,2024-07-11,7007
00904,新光臺灣半導體30,20,0,20,兆豐-竹北,2024-07-11,7007
1471,首利,20,0,20,兆豐-竹北,2024-07-11,7007
1711,永光,20,0,20,兆豐-竹北,2024-07-11,7007
6271,同欣電,20,0,20,兆豐-竹北,2024-07-11,7007
6477,安集,24,5,19,兆豐-竹北,2024-07-11,7007
2243,宏旭-KY,25,7,18,兆豐-竹北,2024-07-11,7007
8085,福華,23,5,18,兆豐-竹北,2024-07-11,7007
1536,和大,28,11,17,兆豐-竹北,2024-07-11,7007
2351,順德,17,0,17,兆豐-竹北,2024-07-11,7007
00882,中信中國高股息,25,9,16,兆豐-竹北,2024-07-11,7007
8028,昇陽半導體,24,9,15,兆豐-竹北,2024-07-11,7007
3665,貿聯-KY,14,0,14,兆豐-竹北,2024-07-11,7007
2002,中鋼,14,0,14,兆豐-竹北,2024-07-11,7007
2405,輔信,27,13,14,兆豐-竹北,2024-07-11,7007
3060,銘異,17,3,14,兆豐-竹北,2024-07-11,7007
5009,榮剛,13,0,13,兆豐-竹北,2024-07-11,7007
3312,弘憶股,31,18,13,兆豐-竹北,2024-07-11,7007
2317,鴻海,19,6,13,兆豐-竹北,2024-07-11,7007
00945B,凱基美國非投等債,12,0,12,兆豐-竹北,2024-07-11,7007
2206,三陽工業,12,0,12,兆豐-竹北,2024-07-11,7007
00680L,元大美債20正2,732,0,732,兆豐-竹北,2024-07-12,7007
00937B,群益ESG投等債20,342,25,317,兆豐-竹北,2024-07-12,7007
00664R,國泰臺灣加權反1,200,0,200,兆豐-竹北,2024-07-12,7007
00936,台新永續高息中小,202,27,175,兆豐-竹北,2024-07-12,7007
2312,金寶,238,69,169,兆豐-竹北,2024-07-12,7007
00929,復華台灣科技優息,207,47,160,兆豐-竹北,2024-07-12,7007
00934,中信成長高股息,145,1,144,兆豐-竹北,2024-07-12,7007
00919,群益台灣精選高息,169,38,131,兆豐-竹北,2024-07-12,7007
2412,中華電,128,0,128,兆豐-竹北,2024-07-12,7007
6570,維田,270,142,128,兆豐-竹北,2024-07-12,7007
2317,鴻海,132,16,116,兆豐-竹北,2024-07-12,7007
6026,福邦證,80,0,80,兆豐-竹北,2024-07-12,7007
2610,華航,69,10,59,兆豐-竹北,2024-07-12,7007
6005,群益證,53,0,53,兆豐-竹北,2024-07-12,7007
3231,緯創,89,37,52,兆豐-竹北,2024-07-12,7007
00905,FT臺灣Smart,47,0,47,兆豐-竹北,2024-07-12,7007
00882,中信中國高股息,41,0,41,兆豐-竹北,2024-07-12,7007
2867,三商壽,44,9,35,兆豐-竹北,2024-07-12,7007
2356,英業達,112,80,32,兆豐-竹北,2024-07-12,7007
00927,群益半導體收益,31,0,31,兆豐-竹北,2024-07-12,7007
3707,漢磊,32,2,30,兆豐-竹北,2024-07-12,7007
00946,群益科技高息成長,29,0,29,兆豐-竹北,2024-07-12,7007
00878,國泰永續高股息,29,1,28,兆豐-竹北,2024-07-12,7007
3663,鑫科,25,0,25,兆豐-竹北,2024-07-12,7007
3450,聯鈞,26,3,23,兆豐-竹北,2024-07-12,7007
6168,宏齊,25,2,23,兆豐-竹北,2024-07-12,7007
8076,伍豐,23,1,22,兆豐-竹北,2024-07-12,7007
2329,華泰,24,2,22,兆豐-竹北,2024-07-12,7007
006208,富邦台50,23,1,22,兆豐-竹北,2024-07-12,7007
2303,聯電,35,15,20,兆豐-竹北,2024-07-12,7007
3047,訊舟,21,1,20,兆豐-竹北,2024-07-12,7007
3021,鴻名,18,0,18,兆豐-竹北,2024-07-12,7007
3374,精材,58,41,17,兆豐-竹北,2024-07-12,7007
3037,欣興,36,19,17,兆豐-竹北,2024-07-12,7007
1785,光洋科,31,14,17,兆豐-竹北,2024-07-12,7007
2106,建大,17,0,17,兆豐-竹北,2024-07-12,7007
3060,銘異,17,0,17,兆豐-竹北,2024-07-12,7007
00935,野村臺灣新科技50,40,23,17,兆豐-竹北,2024-07-12,7007
2330,台積電,28,12,16,兆豐-竹北,2024-07-12,7007
2449,京元電子,23,7,16,兆豐-竹北,2024-07-12,7007
6284,佳邦,19,4,15,兆豐-竹北,2024-07-12,7007
3317,尼克森,15,0,15,兆豐-竹北,2024-07-12,7007
6163,華電網,24,9,15,兆豐-竹北,2024-07-12,7007
2603,長榮,15,0,15,兆豐-竹北,2024-07-12,7007
2609,陽明,27,13,14,兆豐-竹北,2024-07-12,7007
1316,上曜,27,13,14,兆豐-竹北,2024-07-12,7007
3535,晶彩科,16,2,14,兆豐-竹北,2024-07-12,7007
1609,大亞,24,10,14,兆豐-竹北,2024-07-12,7007
2889,國票金,13,0,13,兆豐-竹北,2024-07-12,7007
3019,亞光,28,15,13,兆豐-竹北,2024-07-12,7007
2409,友達,621,1,620,兆豐-竹北,2024-07-15,7007
00937B,群益ESG投等債20,556,35,521,兆豐-竹北,2024-07-15,7007
00934,中信成長高股息,354,13,341,兆豐-竹北,2024-07-15,7007
00632R,元大台灣50反1,150,0,150,兆豐-竹北,2024-07-15,7007
0056,元大高股息,142,2,140,兆豐-竹北,2024-07-15,7007
2888,新光金,112,1,111,兆豐-竹北,2024-07-15,7007
00720B,元大投資級公司債,93,0,93,兆豐-竹北,2024-07-15,7007
00850,元大臺灣ESG永續,80,0,80,兆豐-竹北,2024-07-15,7007
00713,元大台灣高息低波,73,0,73,兆豐-竹北,2024-07-15,7007
3056,富華新,65,0,65,兆豐-竹北,2024-07-15,7007
8028,昇陽半導體,175,110,65,兆豐-竹北,2024-07-15,7007
9105,泰金寶-DR,107,46,61,兆豐-竹北,2024-07-15,7007
2323,中環,51,1,50,兆豐-竹北,2024-07-15,7007
6116,彩晶,46,0,46,兆豐-竹北,2024-07-15,7007
2867,三商壽,66,22,44,兆豐-竹北,2024-07-15,7007
00905,FT臺灣Smart,46,3,43,兆豐-竹北,2024-07-15,7007
00882,中信中國高股息,35,0,35,兆豐-竹北,2024-07-15,7007
2891,中信金,36,3,33,兆豐-竹北,2024-07-15,7007
2542,興富發,33,2,31,兆豐-竹北,2024-07-15,7007
2206,三陽工業,30,0,30,兆豐-竹北,2024-07-15,7007
00679B,元大美債20年,28,0,28,兆豐-竹北,2024-07-15,7007
3707,漢磊,32,4,28,兆豐-竹北,2024-07-15,7007
00687B,國泰20年美債,26,0,26,兆豐-竹北,2024-07-15,7007
5309,系統電,38,14,24,兆豐-竹北,2024-07-15,7007
8091,翔名,24,0,24,兆豐-竹北,2024-07-15,7007
3059,華晶科,23,1,22,兆豐-竹北,2024-07-15,7007
00753L,中信中國50正2,21,0,21,兆豐-竹北,2024-07-15,7007
2368,金像電,35,14,21,兆豐-竹北,2024-07-15,7007
1409,新纖,20,0,20,兆豐-竹北,2024-07-15,7007
2107,厚生,20,0,20,兆豐-竹北,2024-07-15,7007
2375,凱美,21,1,20,兆豐-竹北,2024-07-15,7007
4109,加捷生醫,21,1,20,兆豐-竹北,2024-07-15,7007
5457,宣德,20,0,20,兆豐-竹北,2024-07-15,7007
4960,誠美材,20,0,20,兆豐-竹北,2024-07-15,7007
1710,東聯,21,1,20,兆豐-竹北,2024-07-15,7007
2312,金寶,42,22,20,兆豐-竹北,2024-07-15,7007
2356,英業達,46,26,20,兆豐-竹北,2024-07-15,7007
00919,群益台灣精選高息,23,4,19,兆豐-竹北,2024-07-15,7007
3481,群創,70,51,19,兆豐-竹北,2024-07-15,7007
00927,群益半導體收益,20,2,18,兆豐-竹北,2024-07-15,7007
3060,銘異,18,0,18,兆豐-竹北,2024-07-15,7007
4949,有成精密,18,0,18,兆豐-竹北,2024-07-15,7007
2610,華航,19,1,18,兆豐-竹北,2024-07-15,7007
2515,中工,17,0,17,兆豐-竹北,2024-07-15,7007
3596,智易,16,0,16,兆豐-竹北,2024-07-15,7007
1608,華榮,32,16,16,兆豐-竹北,2024-07-15,7007
3317,尼克森,16,0,16,兆豐-竹北,2024-07-15,7007
6015,宏遠證,16,0,16,兆豐-竹北,2024-07-15,7007
00735,國泰臺韓科技,15,0,15,兆豐-竹北,2024-07-15,7007
00931B,統一美債20年,15,0,15,兆豐-竹北,2024-07-15,7007
00937B,群益ESG投等債20,780,5,775,兆豐-竹北,2024-07-16,7007
00753L,中信中國50正2,300,0,300,兆豐-竹北,2024-07-16,7007
00680L,元大美債20正2,225,0,225,兆豐-竹北,2024-07-16,7007
2884,玉山金,106,1,105,兆豐-竹北,2024-07-16,7007
00919,群益台灣精選高息,98,2,96,兆豐-竹北,2024-07-16,7007
2610,華航,89,1,88,兆豐-竹北,2024-07-16,7007
00934,中信成長高股息,86,0,86,兆豐-竹北,2024-07-16,7007
6005,群益證,71,4,67,兆豐-竹北,2024-07-16,7007
0056,元大高股息,62,0,62,兆豐-竹北,2024-07-16,7007
2049,上銀,51,0,51,兆豐-竹北,2024-07-16,7007
8011,台通,56,8,48,兆豐-竹北,2024-07-16,7007
2891,中信金,44,1,43,兆豐-竹北,2024-07-16,7007
2375,凱美,74,33,41,兆豐-竹北,2024-07-16,7007
3317,尼克森,41,0,41,兆豐-竹北,2024-07-16,7007
00929,復華台灣科技優息,42,1,41,兆豐-竹北,2024-07-16,7007
8028,昇陽半導體,67,31,36,兆豐-竹北,2024-07-16,7007
6116,彩晶,35,0,35,兆豐-竹北,2024-07-16,7007
2495,普安,33,0,33,兆豐-竹北,2024-07-16,7007
8084,巨虹,30,0,30,兆豐-竹北,2024-07-16,7007
2886,兆豐金,50,21,29,兆豐-竹北,2024-07-16,7007
00679B,元大美債20年,126,97,29,兆豐-竹北,2024-07-16,7007
1815,富喬,29,0,29,兆豐-竹北,2024-07-16,7007
00905,FT臺灣Smart,30,1,29,兆豐-竹北,2024-07-16,7007
2317,鴻海,47,19,28,兆豐-竹北,2024-07-16,7007
2323,中環,28,1,27,兆豐-竹北,2024-07-16,7007
9105,泰金寶-DR,31,5,26,兆豐-竹北,2024-07-16,7007
6189,豐藝,76,51,25,兆豐-竹北,2024-07-16,7007
1316,上曜,33,10,23,兆豐-竹北,2024-07-16,7007
2538,基泰,25,2,23,兆豐-竹北,2024-07-16,7007
2313,華通,22,1,21,兆豐-竹北,2024-07-16,7007
1609,大亞,26,6,20,兆豐-竹北,2024-07-16,7007
2303,聯電,30,10,20,兆豐-竹北,2024-07-16,7007
1711,永光,20,0,20,兆豐-竹北,2024-07-16,7007
3715,定穎投控,20,0,20,兆豐-竹北,2024-07-16,7007
3030,德律,19,0,19,兆豐-竹北,2024-07-16,7007
8091,翔名,19,0,19,兆豐-竹北,2024-07-16,7007
2867,三商壽,110,92,18,兆豐-竹北,2024-07-16,7007
00945B,凱基美國非投等債,16,0,16,兆豐-竹北,2024-07-16,7007
1721,三晃,16,0,16,兆豐-竹北,2024-07-16,7007
3294,英濟,22,6,16,兆豐-竹北,2024-07-16,7007
4153,鈺緯,16,0,16,兆豐-竹北,2024-07-16,7007
4956,光鋐,41,25,16,兆豐-竹北,2024-07-16,7007
5603,陸海,16,0,16,兆豐-竹北,2024-07-16,7007
4960,誠美材,25,10,15,兆豐-竹北,2024-07-16,7007
2492,華新科,18,3,15,兆豐-竹北,2024-07-16,7007
1785,光洋科,19,5,14,兆豐-竹北,2024-07-16,7007
2609,陽明,18,4,14,兆豐-竹北,2024-07-16,7007
00927,群益半導體收益,14,1,13,兆豐-竹北,2024-07-16,7007
00652,富邦印度,13,0,13,兆豐-竹北,2024-07-16,7007
2406,國碩,14,1,13,兆豐-竹北,2024-07-16,7007
00946,群益科技高息成長,157,0,157,兆豐-竹北,2024-07-17,7007
00929,復華台灣科技優息,150,1,149,兆豐-竹北,2024-07-17,7007
00919,群益台灣精選高息,160,50,110,兆豐-竹北,2024-07-17,7007
2344,華邦電,103,3,100,兆豐-竹北,2024-07-17,7007
2884,玉山金,101,2,99,兆豐-竹北,2024-07-17,7007
2337,旺宏,101,4,97,兆豐-竹北,2024-07-17,7007
5531,鄉林,100,23,77,兆豐-竹北,2024-07-17,7007
8028,昇陽半導體,84,8,76,兆豐-竹北,2024-07-17,7007
00937B,群益ESG投等債20,77,10,67,兆豐-竹北,2024-07-17,7007
2886,兆豐金,55,1,54,兆豐-竹北,2024-07-17,7007
3673,TPK-KY,63,10,53,兆豐-竹北,2024-07-17,7007
9105,泰金寶-DR,53,3,50,兆豐-竹北,2024-07-17,7007
00922,國泰台灣領袖50,50,1,49,兆豐-竹北,2024-07-17,7007
3711,日月光投控,48,5,43,兆豐-竹北,2024-07-17,7007
2034,允強,40,0,40,兆豐-竹北,2024-07-17,7007
3317,尼克森,33,0,33,兆豐-竹北,2024-07-17,7007
00878,國泰永續高股息,44,11,33,兆豐-竹北,2024-07-17,7007
00712,復華富時不動產,38,6,32,兆豐-竹北,2024-07-17,7007
1806,冠軍,30,0,30,兆豐-竹北,2024-07-17,7007
2845,遠東銀,30,0,30,兆豐-竹北,2024-07-17,7007
4906,正文,30,1,29,兆豐-竹北,2024-07-17,7007
00934,中信成長高股息,33,5,28,兆豐-竹北,2024-07-17,7007
2303,聯電,28,0,28,兆豐-竹北,2024-07-17,7007
00936,台新永續高息中小,27,0,27,兆豐-竹北,2024-07-17,7007
00680L,元大美債20正2,27,0,27,兆豐-竹北,2024-07-17,7007
1409,新纖,52,26,26,兆豐-竹北,2024-07-17,7007
6112,邁達特,26,0,26,兆豐-竹北,2024-07-17,7007
3294,英濟,36,11,25,兆豐-竹北,2024-07-17,7007
00923,群益台ESG低碳50,24,0,24,兆豐-竹北,2024-07-17,7007
2313,華通,33,10,23,兆豐-竹北,2024-07-17,7007
1785,光洋科,39,16,23,兆豐-竹北,2024-07-17,7007
2317,鴻海,40,18,22,兆豐-竹北,2024-07-17,7007
2101,南港,23,2,21,兆豐-竹北,2024-07-17,7007
2356,英業達,34,13,21,兆豐-竹北,2024-07-17,7007
3024,憶聲,21,0,21,兆豐-竹北,2024-07-17,7007
2392,正崴,21,0,21,兆豐-竹北,2024-07-17,7007
2537,聯上發,29,9,20,兆豐-竹北,2024-07-17,7007
5309,系統電,24,4,20,兆豐-竹北,2024-07-17,7007
8926,台汽電,20,0,20,兆豐-竹北,2024-07-17,7007
2880,華南金,20,0,20,兆豐-竹北,2024-07-17,7007
2891,中信金,19,0,19,兆豐-竹北,2024-07-17,7007
5392,能率,18,1,17,兆豐-竹北,2024-07-17,7007
3231,緯創,78,62,16,兆豐-竹北,2024-07-17,7007
0056,元大高股息,20,4,16,兆豐-竹北,2024-07-17,7007
1440,南紡,16,0,16,兆豐-竹北,2024-07-17,7007
3706,神達,15,0,15,兆豐-竹北,2024-07-17,7007
00688L,國泰20年美債正2,15,0,15,兆豐-竹北,2024-07-17,7007
00715L,期街口布蘭特正2,15,0,15,兆豐-竹北,2024-07-17,7007
3710,連展投控,20,5,15,兆豐-竹北,2024-07-17,7007
00631L,元大台灣50正2,14,0,14,兆豐-竹北,2024-07-17,7007
00937B,群益ESG投等債20,469,1,468,兆豐-竹北,2024-07-18,7007
00929,復華台灣科技優息,198,15,183,兆豐-竹北,2024-07-18,7007
00919,群益台灣精選高息,189,39,150,兆豐-竹北,2024-07-18,7007
3481,群創,172,52,120,兆豐-竹北,2024-07-18,7007
00753L,中信中國50正2,90,0,90,兆豐-竹北,2024-07-18,7007
00878,國泰永續高股息,119,31,88,兆豐-竹北,2024-07-18,7007
6116,彩晶,85,5,80,兆豐-竹北,2024-07-18,7007
5512,力麒,82,10,72,兆豐-竹北,2024-07-18,7007
2356,英業達,63,2,61,兆豐-竹北,2024-07-18,7007
0056,元大高股息,65,6,59,兆豐-竹北,2024-07-18,7007
2891,中信金,68,13,55,兆豐-竹北,2024-07-18,7007
2313,華通,70,15,55,兆豐-竹北,2024-07-18,7007
2489,瑞軒,219,172,47,兆豐-竹北,2024-07-18,7007
2317,鴻海,56,19,37,兆豐-竹北,2024-07-18,7007
3011,今皓,35,0,35,兆豐-竹北,2024-07-18,7007
00922,國泰台灣領袖50,58,26,32,兆豐-竹北,2024-07-18,7007
5871,中租-KY,32,1,31,兆豐-竹北,2024-07-18,7007
1314,中石化,37,7,30,兆豐-竹北,2024-07-18,7007
3167,大量,30,0,30,兆豐-竹北,2024-07-18,7007
2610,華航,35,6,29,兆豐-竹北,2024-07-18,7007
3711,日月光投控,29,0,29,兆豐-竹北,2024-07-18,7007
2515,中工,35,6,29,兆豐-竹北,2024-07-18,7007
4960,誠美材,29,0,29,兆豐-竹北,2024-07-18,7007
00946,群益科技高息成長,27,0,27,兆豐-竹北,2024-07-18,7007
00923,群益台ESG低碳50,47,22,25,兆豐-竹北,2024-07-18,7007
00934,中信成長高股息,25,0,25,兆豐-竹北,2024-07-18,7007
2618,長榮航,26,1,25,兆豐-竹北,2024-07-18,7007
6015,宏遠證,25,1,24,兆豐-竹北,2024-07-18,7007
9105,泰金寶-DR,86,62,24,兆豐-竹北,2024-07-18,7007
00927,群益半導體收益,40,17,23,兆豐-竹北,2024-07-18,7007
00936,台新永續高息中小,46,24,22,兆豐-竹北,2024-07-18,7007
2547,日勝生,21,0,21,兆豐-竹北,2024-07-18,7007
00795B,中信美國公債20年,21,1,20,兆豐-竹北,2024-07-18,7007
2323,中環,22,2,20,兆豐-竹北,2024-07-18,7007
6111,大宇資,21,1,20,兆豐-竹北,2024-07-18,7007
6175,立敦,20,0,20,兆豐-竹北,2024-07-18,7007
00881,國泰台灣5G+,23,3,20,兆豐-竹北,2024-07-18,7007
2365,昆盈,52,33,19,兆豐-竹北,2024-07-18,7007
9955,佳龍,62,43,19,兆豐-竹北,2024-07-18,7007
00949,復華日本龍頭,19,1,18,兆豐-竹北,2024-07-18,7007
2303,聯電,44,26,18,兆豐-竹北,2024-07-18,7007
2330,台積電,43,26,17,兆豐-竹北,2024-07-18,7007
2881,富邦金,18,1,17,兆豐-竹北,2024-07-18,7007
0050,元大台灣50,22,5,17,兆豐-竹北,2024-07-18,7007
3231,緯創,117,100,17,兆豐-竹北,2024-07-18,7007
1815,富喬,20,3,17,兆豐-竹北,2024-07-18,7007
3035,智原,24,8,16,兆豐-竹北,2024-07-18,7007
6122,擎邦,16,0,16,兆豐-竹北,2024-07-18,7007
006208,富邦台50,23,8,15,兆豐-竹北,2024-07-18,7007
1609,大亞,36,21,15,兆豐-竹北,2024-07-18,7007
00753L,中信中國50正2,271,0,271,兆豐-竹北,2024-07-19,7007
00919,群益台灣精選高息,234,28,206,兆豐-竹北,2024-07-19,7007
6143,振曜,189,0,189,兆豐-竹北,2024-07-19,7007
2349,錸德,156,0,156,兆豐-竹北,2024-07-19,7007
6116,彩晶,136,0,136,兆豐-竹北,2024-07-19,7007
00929,復華台灣科技優息,162,30,132,兆豐-竹北,2024-07-19,7007
00878,國泰永續高股息,183,82,101,兆豐-竹北,2024-07-19,7007
00936,台新永續高息中小,82,0,82,兆豐-竹北,2024-07-19,7007
6139,亞翔,80,3,77,兆豐-竹北,2024-07-19,7007
3317,尼克森,62,0,62,兆豐-竹北,2024-07-19,7007
2888,新光金,80,20,60,兆豐-竹北,2024-07-19,7007
00650L,復華香港正2,54,0,54,兆豐-竹北,2024-07-19,7007
2330,台積電,67,16,51,兆豐-竹北,2024-07-19,7007
00934,中信成長高股息,51,1,50,兆豐-竹北,2024-07-19,7007
2618,長榮航,52,3,49,兆豐-竹北,2024-07-19,7007
1313,聯成,50,1,49,兆豐-竹北,2024-07-19,7007
2891,中信金,52,7,45,兆豐-竹北,2024-07-19,7007
2106,建大,45,0,45,兆豐-竹北,2024-07-19,7007
00946,群益科技高息成長,43,0,43,兆豐-竹北,2024-07-19,7007
2344,華邦電,45,3,42,兆豐-竹北,2024-07-19,7007
2365,昆盈,57,16,41,兆豐-竹北,2024-07-19,7007
9945,潤泰新,61,23,38,兆豐-竹北,2024-07-19,7007
0056,元大高股息,46,9,37,兆豐-竹北,2024-07-19,7007
1709,和益,39,3,36,兆豐-竹北,2024-07-19,7007
3011,今皓,36,0,36,兆豐-竹北,2024-07-19,7007
2897,王道銀行,34,0,34,兆豐-竹北,2024-07-19,7007
6213,聯茂,33,0,33,兆豐-竹北,2024-07-19,7007
5471,松翰,32,0,32,兆豐-竹北,2024-07-19,7007
1409,新纖,31,0,31,兆豐-竹北,2024-07-19,7007
2323,中環,33,7,26,兆豐-竹北,2024-07-19,7007
1722,台肥,25,0,25,兆豐-竹北,2024-07-19,7007
2312,金寶,38,14,24,兆豐-竹北,2024-07-19,7007
2303,聯電,23,0,23,兆豐-竹北,2024-07-19,7007
1711,永光,22,0,22,兆豐-竹北,2024-07-19,7007
2812,台中銀,22,0,22,兆豐-竹北,2024-07-19,7007
3711,日月光投控,21,0,21,兆豐-竹北,2024-07-19,7007
1540,喬福,32,11,21,兆豐-竹北,2024-07-19,7007
4961,天鈺,21,0,21,兆豐-竹北,2024-07-19,7007
1609,大亞,39,19,20,兆豐-竹北,2024-07-19,7007
5457,宣德,20,0,20,兆豐-竹北,2024-07-19,7007
5443,均豪,41,21,20,兆豐-竹北,2024-07-19,7007
2374,佳能,20,0,20,兆豐-竹北,2024-07-19,7007
6177,達麗,23,5,18,兆豐-竹北,2024-07-19,7007
2419,仲琦,49,32,17,兆豐-竹北,2024-07-19,7007
5202,力新,17,0,17,兆豐-竹北,2024-07-19,7007
2367,燿華,38,22,16,兆豐-竹北,2024-07-19,7007
6768,志強-KY,16,0,16,兆豐-竹北,2024-07-19,7007
3189,景碩,23,8,15,兆豐-竹北,2024-07-19,7007
3231,緯創,17,2,15,兆豐-竹北,2024-07-19,7007
3450,聯鈞,29,14,15,兆豐-竹北,2024-07-19,7007
00929,復華台灣科技優息,489,194,295,兆豐-竹北,2024-07-22,7007
00940,元大台灣價值高息,231,70,161,兆豐-竹北,2024-07-22,7007
6120,達運,142,0,142,兆豐-竹北,2024-07-22,7007
5512,力麒,159,27,132,兆豐-竹北,2024-07-22,7007
00919,群益台灣精選高息,184,71,113,兆豐-竹北,2024-07-22,7007
2610,華航,122,10,112,兆豐-竹北,2024-07-22,7007
00878,國泰永續高股息,162,61,101,兆豐-竹北,2024-07-22,7007
00720B,元大投資級公司債,111,17,94,兆豐-竹北,2024-07-22,7007
00948B,中信優息投資級債,79,0,79,兆豐-竹北,2024-07-22,7007
5309,系統電,78,6,72,兆豐-竹北,2024-07-22,7007
2323,中環,62,3,59,兆豐-竹北,2024-07-22,7007
0056,元大高股息,62,3,59,兆豐-竹北,2024-07-22,7007
2303,聯電,61,3,58,兆豐-竹北,2024-07-22,7007
3481,群創,69,13,56,兆豐-竹北,2024-07-22,7007
00881,國泰台灣5G+,61,6,55,兆豐-竹北,2024-07-22,7007
00936,台新永續高息中小,50,0,50,兆豐-竹北,2024-07-22,7007
3576,聯合再生,50,0,50,兆豐-竹北,2024-07-22,7007
1409,新纖,50,1,49,兆豐-竹北,2024-07-22,7007
9105,泰金寶-DR,52,21,31,兆豐-竹北,2024-07-22,7007
1308,亞聚,30,0,30,兆豐-竹北,2024-07-22,7007
1529,樂事綠能,38,10,28,兆豐-竹北,2024-07-22,7007
3231,緯創,139,111,28,兆豐-竹北,2024-07-22,7007
6116,彩晶,25,0,25,兆豐-竹北,2024-07-22,7007
8028,昇陽半導體,78,54,24,兆豐-竹北,2024-07-22,7007
2489,瑞軒,182,158,24,兆豐-竹北,2024-07-22,7007
2449,京元電子,27,4,23,兆豐-竹北,2024-07-22,7007
2429,銘旺科,20,0,20,兆豐-竹北,2024-07-22,7007
2301,光寶科,64,44,20,兆豐-竹北,2024-07-22,7007
00944,野村趨勢動能高息,18,0,18,兆豐-竹北,2024-07-22,7007
1786,科妍,17,0,17,兆豐-竹北,2024-07-22,7007
1725,元禎,17,0,17,兆豐-竹北,2024-07-22,7007
6415,矽力*-KY,16,0,16,兆豐-竹北,2024-07-22,7007
00665L,富邦�琤肭磪囓�2,20,4,16,兆豐-竹北,2024-07-22,7007
6274,台燿,18,2,16,兆豐-竹北,2024-07-22,7007
00946,群益科技高息成長,15,0,15,兆豐-竹北,2024-07-22,7007
3402,漢科,15,0,15,兆豐-竹北,2024-07-22,7007
00631L,元大台灣50正2,16,1,15,兆豐-竹北,2024-07-22,7007
3673,TPK-KY,28,14,14,兆豐-竹北,2024-07-22,7007
8473,山林水,29,16,13,兆豐-竹北,2024-07-22,7007
1616,億泰,13,0,13,兆豐-竹北,2024-07-22,7007
2365,昆盈,46,33,13,兆豐-竹北,2024-07-22,7007
3037,欣興,29,16,13,兆豐-竹北,2024-07-22,7007
00713,元大台灣高息低波,13,0,13,兆豐-竹北,2024-07-22,7007
1611,中電,14,2,12,兆豐-竹北,2024-07-22,7007
2887,台新金,26,14,12,兆豐-竹北,2024-07-22,7007
00893,國泰智能電動車,11,0,11,兆豐-竹北,2024-07-22,7007
2206,三陽工業,11,0,11,兆豐-竹北,2024-07-22,7007
2387,精元,16,5,11,兆豐-竹北,2024-07-22,7007
3594,磐儀,12,1,11,兆豐-竹北,2024-07-22,7007
3013,晟銘電,16,5,11,兆豐-竹北,2024-07-22,7007
00937B,群益ESG投等債20,518,0,518,兆豐-竹北,2024-07-23,7007
00687B,國泰20年美債,407,22,385,兆豐-竹北,2024-07-23,7007
00650L,復華香港正2,250,0,250,兆豐-竹北,2024-07-23,7007
00919,群益台灣精選高息,225,7,218,兆豐-竹北,2024-07-23,7007
00664R,國泰臺灣加權反1,200,0,200,兆豐-竹北,2024-07-23,7007
00632R,元大台灣50反1,255,70,185,兆豐-竹北,2024-07-23,7007
3481,群創,188,5,183,兆豐-竹北,2024-07-23,7007
00948B,中信優息投資級債,126,0,126,兆豐-竹北,2024-07-23,7007
00929,復華台灣科技優息,166,45,121,兆豐-竹北,2024-07-23,7007
00946,群益科技高息成長,114,0,114,兆豐-竹北,2024-07-23,7007
6120,達運,100,0,100,兆豐-竹北,2024-07-23,7007
00720B,元大投資級公司債,98,0,98,兆豐-竹北,2024-07-23,7007
00881,國泰台灣5G+,85,4,81,兆豐-竹北,2024-07-23,7007
2891,中信金,57,0,57,兆豐-竹北,2024-07-23,7007
00665L,富邦�琤肭磪囓�2,50,0,50,兆豐-竹北,2024-07-23,7007
2884,玉山金,50,0,50,兆豐-竹北,2024-07-23,7007
2888,新光金,60,13,47,兆豐-竹北,2024-07-23,7007
2489,瑞軒,231,188,43,兆豐-竹北,2024-07-23,7007
3522,御嵿,37,0,37,兆豐-竹北,2024-07-23,7007
1314,中石化,41,5,36,兆豐-竹北,2024-07-23,7007
00878,國泰永續高股息,53,17,36,兆豐-竹北,2024-07-23,7007
00918,大華優利高填息30,35,0,35,兆豐-竹北,2024-07-23,7007
4526,東台,35,3,32,兆豐-竹北,2024-07-23,7007
2409,友達,31,0,31,兆豐-竹北,2024-07-23,7007
1609,大亞,34,3,31,兆豐-竹北,2024-07-23,7007
5512,力麒,34,3,31,兆豐-竹北,2024-07-23,7007
2368,金像電,29,1,28,兆豐-竹北,2024-07-23,7007
3515,華擎,26,0,26,兆豐-竹北,2024-07-23,7007
8104,錸寶,27,4,23,兆豐-竹北,2024-07-23,7007
0056,元大高股息,23,1,22,兆豐-竹北,2024-07-23,7007
2353,宏��,25,3,22,兆豐-竹北,2024-07-23,7007
00940,元大台灣價值高息,32,11,21,兆豐-竹北,2024-07-23,7007
4949,有成精密,21,0,21,兆豐-竹北,2024-07-23,7007
6016,康和證,21,0,21,兆豐-竹北,2024-07-23,7007
00688L,國泰20年美債正2,20,0,20,兆豐-竹北,2024-07-23,7007
2605,新興,20,0,20,兆豐-竹北,2024-07-23,7007
6116,彩晶,20,2,18,兆豐-竹北,2024-07-23,7007
00679B,元大美債20年,84,66,18,兆豐-竹北,2024-07-23,7007
2301,光寶科,71,54,17,兆豐-竹北,2024-07-23,7007
2376,技嘉,17,0,17,兆豐-竹北,2024-07-23,7007
2408,南亞科,17,1,16,兆豐-竹北,2024-07-23,7007
6163,華電網,16,0,16,兆豐-竹北,2024-07-23,7007
1786,科妍,15,0,15,兆豐-竹北,2024-07-23,7007
3037,欣興,32,17,15,兆豐-竹北,2024-07-23,7007
2344,華邦電,25,10,15,兆豐-竹北,2024-07-23,7007
2449,京元電子,17,3,14,兆豐-竹北,2024-07-23,7007
8021,尖點,15,1,14,兆豐-竹北,2024-07-23,7007
4743,合一,14,1,13,兆豐-竹北,2024-07-23,7007
3663,鑫科,14,1,13,兆豐-竹北,2024-07-23,7007
3231,緯創,64,52,12,兆豐-竹北,2024-07-23,7007
00929,復華台灣科技優息,441,14,427,兆豐-竹北,2024-07-26,7007
2838,聯邦銀,351,0,351,兆豐-竹北,2024-07-26,7007
00946,群益科技高息成長,256,0,256,兆豐-竹北,2024-07-26,7007
00637L,元大滬深300正2,236,0,236,兆豐-竹北,2024-07-26,7007
00687B,國泰20年美債,220,2,218,兆豐-竹北,2024-07-26,7007
00937B,群益ESG投等債20,202,4,198,兆豐-竹北,2024-07-26,7007
00940,元大台灣價值高息,162,4,158,兆豐-竹北,2024-07-26,7007
00712,復華富時不動產,109,1,108,兆豐-竹北,2024-07-26,7007
00919,群益台灣精選高息,123,30,93,兆豐-竹北,2024-07-26,7007
4114,健喬,90,0,90,兆豐-竹北,2024-07-26,7007
00878,國泰永續高股息,121,43,78,兆豐-竹北,2024-07-26,7007
2449,京元電子,120,56,64,兆豐-竹北,2024-07-26,7007
0056,元大高股息,60,4,56,兆豐-竹北,2024-07-26,7007
00753L,中信中國50正2,65,10,55,兆豐-竹北,2024-07-26,7007
2330,台積電,54,8,46,兆豐-竹北,2024-07-26,7007
4903,聯光通,36,4,32,兆豐-竹北,2024-07-26,7007
00927,群益半導體收益,30,0,30,兆豐-竹北,2024-07-26,7007
6180,橘子,30,0,30,兆豐-竹北,2024-07-26,7007
3211,順達,43,14,29,兆豐-竹北,2024-07-26,7007
2884,玉山金,33,5,28,兆豐-竹北,2024-07-26,7007
00941,中信上游半導體,27,0,27,兆豐-竹北,2024-07-26,7007
2344,華邦電,27,1,26,兆豐-竹北,2024-07-26,7007
2891,中信金,25,1,24,兆豐-竹北,2024-07-26,7007
00923,群益台ESG低碳50,24,0,24,兆豐-竹北,2024-07-26,7007
0050,元大台灣50,24,1,23,兆豐-竹北,2024-07-26,7007
2317,鴻海,36,13,23,兆豐-竹北,2024-07-26,7007
2382,廣達,23,1,22,兆豐-竹北,2024-07-26,7007
2408,南亞科,22,0,22,兆豐-竹北,2024-07-26,7007
2618,長榮航,26,5,21,兆豐-竹北,2024-07-26,7007
5364,力麗店,24,3,21,兆豐-竹北,2024-07-26,7007
00893,國泰智能電動車,20,0,20,兆豐-竹北,2024-07-26,7007
00891,中信關鍵半導體,19,0,19,兆豐-竹北,2024-07-26,7007
6116,彩晶,20,2,18,兆豐-竹北,2024-07-26,7007
00650L,復華香港正2,37,20,17,兆豐-竹北,2024-07-26,7007
3711,日月光投控,17,0,17,兆豐-竹北,2024-07-26,7007
00951,台新日本半導體,23,8,15,兆豐-竹北,2024-07-26,7007
00720B,元大投資級公司債,17,3,14,兆豐-竹北,2024-07-26,7007
00675L,富邦臺灣加權正2,14,0,14,兆豐-竹北,2024-07-26,7007
3689,湧德,13,0,13,兆豐-竹北,2024-07-26,7007
3706,神達,12,0,12,兆豐-竹北,2024-07-26,7007
00882,中信中國高股息,12,0,12,兆豐-竹北,2024-07-26,7007
3037,欣興,18,7,11,兆豐-竹北,2024-07-26,7007
00713,元大台灣高息低波,11,0,11,兆豐-竹北,2024-07-26,7007
006208,富邦台50,12,1,11,兆豐-竹北,2024-07-26,7007
00944,野村趨勢動能高息,11,0,11,兆豐-竹北,2024-07-26,7007
1710,東聯,13,2,11,兆豐-竹北,2024-07-26,7007
2812,台中銀,12,1,11,兆豐-竹北,2024-07-26,7007
00662,富邦NASDAQ,11,0,11,兆豐-竹北,2024-07-26,7007
8390,金益鼎,11,0,11,兆豐-竹北,2024-07-26,7007
00949,復華日本龍頭,10,0,10,兆豐-竹北,2024-07-26,7007
00637L,元大滬深300正2,201,1,200,兆豐-竹北,2024-07-29,7007
00919,群益台灣精選高息,115,1,114,兆豐-竹北,2024-07-29,7007
00929,復華台灣科技優息,129,16,113,兆豐-竹北,2024-07-29,7007
00940,元大台灣價值高息,114,5,109,兆豐-竹北,2024-07-29,7007
00878,國泰永續高股息,112,13,99,兆豐-竹北,2024-07-29,7007
00712,復華富時不動產,91,0,91,兆豐-竹北,2024-07-29,7007
2489,瑞軒,142,65,77,兆豐-竹北,2024-07-29,7007
00937B,群益ESG投等債20,76,0,76,兆豐-竹北,2024-07-29,7007
2317,鴻海,80,11,69,兆豐-竹北,2024-07-29,7007
2884,玉山金,57,0,57,兆豐-竹北,2024-07-29,7007
00720B,元大投資級公司債,54,4,50,兆豐-竹北,2024-07-29,7007
8084,巨虹,50,0,50,兆豐-竹北,2024-07-29,7007
00951,台新日本半導體,50,5,45,兆豐-竹北,2024-07-29,7007
3481,群創,55,15,40,兆豐-竹北,2024-07-29,7007
00631L,元大台灣50正2,38,2,36,兆豐-竹北,2024-07-29,7007
00882,中信中國高股息,35,0,35,兆豐-竹北,2024-07-29,7007
00753L,中信中國50正2,100,66,34,兆豐-竹北,2024-07-29,7007
00923,群益台ESG低碳50,33,0,33,兆豐-竹北,2024-07-29,7007
00946,群益科技高息成長,33,0,33,兆豐-竹北,2024-07-29,7007
00687B,國泰20年美債,43,10,33,兆豐-竹北,2024-07-29,7007
00934,中信成長高股息,32,1,31,兆豐-竹北,2024-07-29,7007
1440,南紡,30,0,30,兆豐-竹北,2024-07-29,7007
00632R,元大台灣50反1,25,0,25,兆豐-竹北,2024-07-29,7007
2356,英業達,24,2,22,兆豐-竹北,2024-07-29,7007
6443,元晶,22,1,21,兆豐-竹北,2024-07-29,7007
3483,力致,22,1,21,兆豐-竹北,2024-07-29,7007
006208,富邦台50,22,3,19,兆豐-竹北,2024-07-29,7007
3037,欣興,25,8,17,兆豐-竹北,2024-07-29,7007
2105,正新,50,33,17,兆豐-竹北,2024-07-29,7007
2388,威盛,17,0,17,兆豐-竹北,2024-07-29,7007
3576,聯合再生,31,14,17,兆豐-竹北,2024-07-29,7007
2376,技嘉,16,0,16,兆豐-竹北,2024-07-29,7007
00915,凱基優選高股息30,16,0,16,兆豐-竹北,2024-07-29,7007
5309,系統電,16,0,16,兆豐-竹北,2024-07-29,7007
2867,三商壽,15,0,15,兆豐-竹北,2024-07-29,7007
00918,大華優利高填息30,15,0,15,兆豐-竹北,2024-07-29,7007
8936,國統,14,0,14,兆豐-竹北,2024-07-29,7007
00891,中信關鍵半導體,14,0,14,兆豐-竹北,2024-07-29,7007
2363,矽統,35,22,13,兆豐-竹北,2024-07-29,7007
00633L,富邦上証正2,13,0,13,兆豐-竹北,2024-07-29,7007
2365,昆盈,18,5,13,兆豐-竹北,2024-07-29,7007
1402,遠東新,12,0,12,兆豐-竹北,2024-07-29,7007
1786,科妍,12,0,12,兆豐-竹北,2024-07-29,7007
5443,均豪,31,19,12,兆豐-竹北,2024-07-29,7007
2449,京元電子,119,107,12,兆豐-竹北,2024-07-29,7007
00679B,元大美債20年,12,1,11,兆豐-竹北,2024-07-29,7007
8028,昇陽半導體,38,27,11,兆豐-竹北,2024-07-29,7007
2906,高林,11,0,11,兆豐-竹北,2024-07-29,7007
1616,億泰,10,0,10,兆豐-竹北,2024-07-29,7007
2353,宏��,11,1,10,兆豐-竹北,2024-07-29,7007
2489,瑞軒,247,138,109,兆豐-竹北,2024-07-30,7007
00753L,中信中國50正2,107,0,107,兆豐-竹北,2024-07-30,7007
00637L,元大滬深300正2,101,0,101,兆豐-竹北,2024-07-30,7007
00940,元大台灣價值高息,78,10,68,兆豐-竹北,2024-07-30,7007
00878,國泰永續高股息,72,15,57,兆豐-竹北,2024-07-30,7007
2884,玉山金,57,3,54,兆豐-竹北,2024-07-30,7007
6116,彩晶,52,1,51,兆豐-竹北,2024-07-30,7007
00751B,元大AAA至A公司債,50,0,50,兆豐-竹北,2024-07-30,7007
0056,元大高股息,53,5,48,兆豐-竹北,2024-07-30,7007
00937B,群益ESG投等債20,50,5,45,兆豐-竹北,2024-07-30,7007
3188,鑫龍騰,40,3,37,兆豐-竹北,2024-07-30,7007
00946,群益科技高息成長,24,0,24,兆豐-竹北,2024-07-30,7007
3189,景碩,27,5,22,兆豐-竹北,2024-07-30,7007
2303,聯電,22,0,22,兆豐-竹北,2024-07-30,7007
5213,亞昕,21,0,21,兆豐-竹北,2024-07-30,7007
00904,新光臺灣半導體30,20,0,20,兆豐-竹北,2024-07-30,7007
2610,華航,23,3,20,兆豐-竹北,2024-07-30,7007
2891,中信金,28,8,20,兆豐-竹北,2024-07-30,7007
00936,台新永續高息中小,20,1,19,兆豐-竹北,2024-07-30,7007
2344,華邦電,24,5,19,兆豐-竹北,2024-07-30,7007
00934,中信成長高股息,18,0,18,兆豐-竹北,2024-07-30,7007
6218,豪勉,21,5,16,兆豐-竹北,2024-07-30,7007
5364,力麗店,14,0,14,兆豐-竹北,2024-07-30,7007
2889,國票金,15,2,13,兆豐-竹北,2024-07-30,7007
3689,湧德,13,0,13,兆豐-竹北,2024-07-30,7007
00949,復華日本龍頭,12,0,12,兆豐-竹北,2024-07-30,7007
1815,富喬,21,9,12,兆豐-竹北,2024-07-30,7007
2388,威盛,12,1,11,兆豐-竹北,2024-07-30,7007
3518,柏騰,13,2,11,兆豐-竹北,2024-07-30,7007
3704,合勤控,11,0,11,兆豐-竹北,2024-07-30,7007
6285,啟��,11,0,11,兆豐-竹北,2024-07-30,7007
00929,復華台灣科技優息,157,146,11,兆豐-竹北,2024-07-30,7007
2834,臺企銀,12,2,10,兆豐-竹北,2024-07-30,7007
2365,昆盈,29,19,10,兆豐-竹北,2024-07-30,7007
00857B,永豐20年美公債,10,0,10,兆豐-竹北,2024-07-30,7007
00715L,期街口布蘭特正2,10,0,10,兆豐-竹北,2024-07-30,7007
1605,華新,12,2,10,兆豐-竹北,2024-07-30,7007
1725,元禎,11,1,10,兆豐-竹北,2024-07-30,7007
4564,元翎,10,0,10,兆豐-竹北,2024-07-30,7007
4912,聯德控股-KY,11,1,10,兆豐-竹北,2024-07-30,7007
4974,亞泰,10,0,10,兆豐-竹北,2024-07-30,7007
5309,系統電,12,2,10,兆豐-竹北,2024-07-30,7007
8906,花王,10,0,10,兆豐-竹北,2024-07-30,7007
4909,新復興,26,16,10,兆豐-竹北,2024-07-30,7007
1609,大亞,17,7,10,兆豐-竹北,2024-07-30,7007
2618,長榮航,12,3,9,兆豐-竹北,2024-07-30,7007
00918,大華優利高填息30,9,0,9,兆豐-竹北,2024-07-30,7007
2356,英業達,11,2,9,兆豐-竹北,2024-07-30,7007
2867,三商壽,10,1,9,兆豐-竹北,2024-07-30,7007
6472,保瑞,10,1,9,兆豐-竹北,2024-07-30,7007
2349,錸德,204,71,133,兆豐-竹北,2024-07-31,7007
6015,宏遠證,110,10,100,兆豐-竹北,2024-07-31,7007
3481,群創,143,59,84,兆豐-竹北,2024-07-31,7007
8028,昇陽半導體,143,76,67,兆豐-竹北,2024-07-31,7007
00632R,元大台灣50反1,50,0,50,兆豐-竹北,2024-07-31,7007
2049,上銀,50,0,50,兆豐-竹北,2024-07-31,7007
00929,復華台灣科技優息,71,23,48,兆豐-竹北,2024-07-31,7007
00687B,國泰20年美債,44,0,44,兆豐-竹北,2024-07-31,7007
2880,華南金,36,0,36,兆豐-竹北,2024-07-31,7007
00937B,群益ESG投等債20,54,19,35,兆豐-竹北,2024-07-31,7007
2409,友達,89,54,35,兆豐-竹北,2024-07-31,7007
2489,瑞軒,158,124,34,兆豐-竹北,2024-07-31,7007
2363,矽統,43,11,32,兆豐-竹北,2024-07-31,7007
00919,群益台灣精選高息,28,1,27,兆豐-竹北,2024-07-31,7007
3711,日月光投控,27,0,27,兆豐-竹北,2024-07-31,7007
00951,台新日本半導體,32,5,27,兆豐-竹北,2024-07-31,7007
2313,華通,37,11,26,兆豐-竹北,2024-07-31,7007
9105,泰金寶-DR,30,4,26,兆豐-竹北,2024-07-31,7007
00934,中信成長高股息,23,0,23,兆豐-竹北,2024-07-31,7007
2605,新興,25,2,23,兆豐-竹北,2024-07-31,7007
00946,群益科技高息成長,21,0,21,兆豐-竹北,2024-07-31,7007
2834,臺企銀,25,4,21,兆豐-竹北,2024-07-31,7007
00878,國泰永續高股息,32,11,21,兆豐-竹北,2024-07-31,7007
3011,今皓,20,0,20,兆豐-竹北,2024-07-31,7007
5392,能率,20,0,20,兆豐-竹北,2024-07-31,7007
0056,元大高股息,27,7,20,兆豐-竹北,2024-07-31,7007
2312,金寶,24,5,19,兆豐-竹北,2024-07-31,7007
6291,沛亨,19,0,19,兆豐-竹北,2024-07-31,7007
00679B,元大美債20年,25,7,18,兆豐-竹北,2024-07-31,7007
2888,新光金,16,1,15,兆豐-竹北,2024-07-31,7007
5347,世界,12,0,12,兆豐-竹北,2024-07-31,7007
00751B,元大AAA至A公司債,15,3,12,兆豐-竹北,2024-07-31,7007
2301,光寶科,68,56,12,兆豐-竹北,2024-07-31,7007
4114,健喬,11,0,11,兆豐-竹北,2024-07-31,7007
6147,頎邦,11,0,11,兆豐-竹北,2024-07-31,7007
8084,巨虹,11,0,11,兆豐-竹北,2024-07-31,7007
6239,力成,13,2,11,兆豐-竹北,2024-07-31,7007
00927,群益半導體收益,11,1,10,兆豐-竹北,2024-07-31,7007
00922,國泰台灣領袖50,10,0,10,兆豐-竹北,2024-07-31,7007
00918,大華優利高填息30,10,0,10,兆豐-竹北,2024-07-31,7007
00915,凱基優選高股息30,10,0,10,兆豐-竹北,2024-07-31,7007
00725B,國泰投資級公司債,10,0,10,兆豐-竹北,2024-07-31,7007
00696B,富邦美債20年,10,0,10,兆豐-竹北,2024-07-31,7007
1805,寶徠,10,0,10,兆豐-竹北,2024-07-31,7007
3013,晟銘電,20,10,10,兆豐-竹北,2024-07-31,7007
3037,欣興,19,9,10,兆豐-竹北,2024-07-31,7007
3576,聯合再生,12,2,10,兆豐-竹北,2024-07-31,7007
3693,營邦,10,0,10,兆豐-竹北,2024-07-31,7007
6126,信音,10,0,10,兆豐-竹北,2024-07-31,7007
5484,慧友,10,1,9,兆豐-竹北,2024-07-31,7007
00878,國泰永續高股息,195,32,163,兆豐-竹北,2024-08-01,7007
00937B,群益ESG投等債20,140,4,136,兆豐-竹北,2024-08-01,7007
00772B,中信高評級公司債,100,0,100,兆豐-竹北,2024-08-01,7007
00632R,元大台灣50反1,77,0,77,兆豐-竹北,2024-08-01,7007
4114,健喬,70,0,70,兆豐-竹北,2024-08-01,7007
3231,緯創,91,33,58,兆豐-竹北,2024-08-01,7007
00919,群益台灣精選高息,54,0,54,兆豐-竹北,2024-08-01,7007
00650L,復華香港正2,50,0,50,兆豐-竹北,2024-08-01,7007
00929,復華台灣科技優息,56,10,46,兆豐-竹北,2024-08-01,7007
00715L,期街口布蘭特正2,40,0,40,兆豐-竹北,2024-08-01,7007
00706L,期元大S＆P日圓正2,53,14,39,兆豐-竹北,2024-08-01,7007
00679B,元大美債20年,41,9,32,兆豐-竹北,2024-08-01,7007
2323,中環,32,1,31,兆豐-竹北,2024-08-01,7007
2337,旺宏,88,59,29,兆豐-竹北,2024-08-01,7007
5905,南仁湖,26,0,26,兆豐-竹北,2024-08-01,7007
6770,力積電,28,2,26,兆豐-竹北,2024-08-01,7007
2317,鴻海,53,29,24,兆豐-竹北,2024-08-01,7007
2388,威盛,23,1,22,兆豐-竹北,2024-08-01,7007
2349,錸德,68,48,20,兆豐-竹北,2024-08-01,7007
6239,力成,18,0,18,兆豐-竹北,2024-08-01,7007
8091,翔名,18,0,18,兆豐-竹北,2024-08-01,7007
00915,凱基優選高股息30,16,0,16,兆豐-竹北,2024-08-01,7007
3515,華擎,16,0,16,兆豐-竹北,2024-08-01,7007
00637L,元大滬深300正2,216,200,16,兆豐-竹北,2024-08-01,7007
2515,中工,34,18,16,兆豐-竹北,2024-08-01,7007
2891,中信金,18,3,15,兆豐-竹北,2024-08-01,7007
1471,首利,15,0,15,兆豐-竹北,2024-08-01,7007
9105,泰金寶-DR,15,0,15,兆豐-竹北,2024-08-01,7007
00751B,元大AAA至A公司債,13,0,13,兆豐-竹北,2024-08-01,7007
00927,群益半導體收益,14,1,13,兆豐-竹北,2024-08-01,7007
2542,興富發,13,0,13,兆豐-竹北,2024-08-01,7007
2610,華航,14,2,12,兆豐-竹北,2024-08-01,7007
3518,柏騰,20,8,12,兆豐-竹北,2024-08-01,7007
2363,矽統,73,61,12,兆豐-竹北,2024-08-01,7007
2376,技嘉,12,1,11,兆豐-竹北,2024-08-01,7007
5344,立衛,11,0,11,兆豐-竹北,2024-08-01,7007
3037,欣興,25,14,11,兆豐-竹北,2024-08-01,7007
4532,瑞智,18,8,10,兆豐-竹北,2024-08-01,7007
5213,亞昕,20,11,9,兆豐-竹北,2024-08-01,7007
6895,宏碩系統,10,1,9,兆豐-竹北,2024-08-01,7007
2330,台積電,20,11,9,兆豐-竹北,2024-08-01,7007
2409,友達,10,2,8,兆豐-竹北,2024-08-01,7007
00942B,台新美A公司債20+,8,0,8,兆豐-竹北,2024-08-01,7007
2547,日勝生,8,0,8,兆豐-竹北,2024-08-01,7007
5876,上海商銀,7,0,7,兆豐-竹北,2024-08-01,7007
00902,中信電池及儲能,13,6,7,兆豐-竹北,2024-08-01,7007
2329,華泰,7,0,7,兆豐-竹北,2024-08-01,7007
2617,台航,7,0,7,兆豐-竹北,2024-08-01,7007
4510,高鋒,14,7,7,兆豐-竹北,2024-08-01,7007
5512,力麒,7,0,7,兆豐-竹北,2024-08-01,7007
00679B,元大美債20年,357,51,306,兆豐-竹北,2024-08-02,7007
00929,復華台灣科技優息,286,13,273,兆豐-竹北,2024-08-02,7007
00946,群益科技高息成長,177,0,177,兆豐-竹北,2024-08-02,7007
00680L,元大美債20正2,196,50,146,兆豐-竹北,2024-08-02,7007
00632R,元大台灣50反1,170,27,143,兆豐-竹北,2024-08-02,7007
00940,元大台灣價值高息,109,5,104,兆豐-竹北,2024-08-02,7007
2344,華邦電,144,42,102,兆豐-竹北,2024-08-02,7007
00753L,中信中國50正2,161,60,101,兆豐-竹北,2024-08-02,7007
6239,力成,103,2,101,兆豐-竹北,2024-08-02,7007
2892,第一金,101,0,101,兆豐-竹北,2024-08-02,7007
00687B,國泰20年美債,145,52,93,兆豐-竹北,2024-08-02,7007
00919,群益台灣精選高息,129,41,88,兆豐-竹北,2024-08-02,7007
00878,國泰永續高股息,211,124,87,兆豐-竹北,2024-08-02,7007
6143,振曜,71,0,71,兆豐-竹北,2024-08-02,7007
2317,鴻海,101,31,70,兆豐-竹北,2024-08-02,7007
2489,瑞軒,95,35,60,兆豐-竹北,2024-08-02,7007
2330,台積電,65,6,59,兆豐-竹北,2024-08-02,7007
00712,復華富時不動產,57,0,57,兆豐-竹北,2024-08-02,7007
00951,台新日本半導體,49,0,49,兆豐-竹北,2024-08-02,7007
5512,力麒,49,1,48,兆豐-竹北,2024-08-02,7007
0056,元大高股息,45,1,44,兆豐-竹北,2024-08-02,7007
00923,群益台ESG低碳50,40,0,40,兆豐-竹北,2024-08-02,7007
0050,元大台灣50,38,2,36,兆豐-竹北,2024-08-02,7007
1471,首利,36,0,36,兆豐-竹北,2024-08-02,7007
00949,復華日本龍頭,35,0,35,兆豐-竹北,2024-08-02,7007
1605,華新,32,0,32,兆豐-竹北,2024-08-02,7007
3037,欣興,46,14,32,兆豐-竹北,2024-08-02,7007
6742,澤米,47,16,31,兆豐-竹北,2024-08-02,7007
00881,國泰台灣5G+,50,20,30,兆豐-竹北,2024-08-02,7007
00893,國泰智能電動車,29,0,29,兆豐-竹北,2024-08-02,7007
6116,彩晶,29,0,29,兆豐-竹北,2024-08-02,7007
00675L,富邦臺灣加權正2,28,0,28,兆豐-竹北,2024-08-02,7007
00927,群益半導體收益,28,0,28,兆豐-竹北,2024-08-02,7007
9906,欣巴巴,28,3,25,兆豐-竹北,2024-08-02,7007
00772B,中信高評級公司債,25,0,25,兆豐-竹北,2024-08-02,7007
00724B,群益投資級金融債,25,0,25,兆豐-竹北,2024-08-02,7007
3050,鈺德,23,0,23,兆豐-竹北,2024-08-02,7007
00671R,富邦NASDAQ反1,22,0,22,兆豐-竹北,2024-08-02,7007
2887,台新金,33,12,21,兆豐-竹北,2024-08-02,7007
00631L,元大台灣50正2,37,17,20,兆豐-竹北,2024-08-02,7007
6189,豐藝,20,0,20,兆豐-竹北,2024-08-02,7007
00664R,國泰臺灣加權反1,20,0,20,兆豐-竹北,2024-08-02,7007
2442,新美齊,24,4,20,兆豐-竹北,2024-08-02,7007
00751B,元大AAA至A公司債,19,0,19,兆豐-竹北,2024-08-02,7007
2891,中信金,21,2,19,兆豐-竹北,2024-08-02,7007
1529,樂事綠能,18,0,18,兆豐-竹北,2024-08-02,7007
00931B,統一美債20年,21,5,16,兆豐-竹北,2024-08-02,7007
4960,誠美材,16,0,16,兆豐-竹北,2024-08-02,7007
00891,中信關鍵半導體,16,0,16,兆豐-竹北,2024-08-02,7007
00932,兆豐永續高息等權,15,0,15,兆豐-竹北,2024-08-02,7007
00929,復華台灣科技優息,557,161,396,兆豐-竹北,2024-08-05,7007
00878,國泰永續高股息,270,45,225,兆豐-竹北,2024-08-05,7007
00940,元大台灣價值高息,288,120,168,兆豐-竹北,2024-08-05,7007
00680L,元大美債20正2,221,64,157,兆豐-竹北,2024-08-05,7007
6143,振曜,144,10,134,兆豐-竹北,2024-08-05,7007
2486,一詮,131,0,131,兆豐-竹北,2024-08-05,7007
3481,群創,147,21,126,兆豐-竹北,2024-08-05,7007
00679B,元大美債20年,151,34,117,兆豐-竹北,2024-08-05,7007
00919,群益台灣精選高息,180,63,117,兆豐-竹北,2024-08-05,7007
0056,元大高股息,136,52,84,兆豐-竹北,2024-08-05,7007
2489,瑞軒,81,2,79,兆豐-竹北,2024-08-05,7007
2317,鴻海,106,30,76,兆豐-竹北,2024-08-05,7007
2323,中環,75,0,75,兆豐-竹北,2024-08-05,7007
2887,台新金,68,23,45,兆豐-竹北,2024-08-05,7007
2330,台積電,66,23,43,兆豐-竹北,2024-08-05,7007
4960,誠美材,42,0,42,兆豐-竹北,2024-08-05,7007
00676R,富邦臺灣加權反1,40,0,40,兆豐-竹北,2024-08-05,7007
00675L,富邦臺灣加權正2,40,1,39,兆豐-竹北,2024-08-05,7007
00881,國泰台灣5G+,39,0,39,兆豐-竹北,2024-08-05,7007
00688L,國泰20年美債正2,38,0,38,兆豐-竹北,2024-08-05,7007
00918,大華優利高填息30,48,11,37,兆豐-竹北,2024-08-05,7007
00706L,期元大S＆P日圓正2,50,14,36,兆豐-竹北,2024-08-05,7007
00936,台新永續高息中小,35,0,35,兆豐-竹北,2024-08-05,7007
4564,元翎,30,0,30,兆豐-竹北,2024-08-05,7007
0050,元大台灣50,41,11,30,兆豐-竹北,2024-08-05,7007
00631L,元大台灣50正2,30,1,29,兆豐-竹北,2024-08-05,7007
00669R,國泰美國道瓊反1,29,0,29,兆豐-竹北,2024-08-05,7007
5512,力麒,31,5,26,兆豐-竹北,2024-08-05,7007
006208,富邦台50,32,6,26,兆豐-竹北,2024-08-05,7007
2801,彰銀,25,0,25,兆豐-竹北,2024-08-05,7007
3024,憶聲,26,2,24,兆豐-竹北,2024-08-05,7007
2882,國泰金,41,19,22,兆豐-竹北,2024-08-05,7007
3037,欣興,25,3,22,兆豐-竹北,2024-08-05,7007
2002,中鋼,23,1,22,兆豐-竹北,2024-08-05,7007
2881,富邦金,29,8,21,兆豐-竹北,2024-08-05,7007
00927,群益半導體收益,21,0,21,兆豐-竹北,2024-08-05,7007
6197,佳必琪,50,30,20,兆豐-竹北,2024-08-05,7007
00715L,期街口布蘭特正2,20,0,20,兆豐-竹北,2024-08-05,7007
6757,台灣虎航,20,0,20,兆豐-竹北,2024-08-05,7007
8131,福懋科,20,0,20,兆豐-竹北,2024-08-05,7007
00923,群益台ESG低碳50,20,0,20,兆豐-竹北,2024-08-05,7007
00712,復華富時不動產,49,30,19,兆豐-竹北,2024-08-05,7007
6122,擎邦,21,2,19,兆豐-竹北,2024-08-05,7007
2363,矽統,41,23,18,兆豐-竹北,2024-08-05,7007
5009,榮剛,18,0,18,兆豐-竹北,2024-08-05,7007
6488,環球晶,18,1,17,兆豐-竹北,2024-08-05,7007
2883,凱基金,35,18,17,兆豐-竹北,2024-08-05,7007
2303,聯電,21,5,16,兆豐-竹北,2024-08-05,7007
2382,廣達,23,8,15,兆豐-竹北,2024-08-05,7007
3689,湧德,15,0,15,兆豐-竹北,2024-08-05,7007
00679B,元大美債20年,624,32,592,兆豐-竹北,2024-08-06,7007
00929,復華台灣科技優息,277,112,165,兆豐-竹北,2024-08-06,7007
00878,國泰永續高股息,166,53,113,兆豐-竹北,2024-08-06,7007
2486,一詮,234,127,107,兆豐-竹北,2024-08-06,7007
2834,臺企銀,89,0,89,兆豐-竹北,2024-08-06,7007
00632R,元大台灣50反1,477,392,85,兆豐-竹北,2024-08-06,7007
6239,力成,85,2,83,兆豐-竹北,2024-08-06,7007
0050,元大台灣50,80,20,60,兆豐-竹北,2024-08-06,7007
2887,台新金,162,104,58,兆豐-竹北,2024-08-06,7007
6143,振曜,84,32,52,兆豐-竹北,2024-08-06,7007
00937B,群益ESG投等債20,104,54,50,兆豐-竹北,2024-08-06,7007
0056,元大高股息,83,36,47,兆豐-竹北,2024-08-06,7007
6016,康和證,50,5,45,兆豐-竹北,2024-08-06,7007
00680L,元大美債20正2,125,88,37,兆豐-竹北,2024-08-06,7007
00881,國泰台灣5G+,40,3,37,兆豐-竹北,2024-08-06,7007
3189,景碩,69,38,31,兆豐-竹北,2024-08-06,7007
006208,富邦台50,45,15,30,兆豐-竹北,2024-08-06,7007
3374,精材,36,6,30,兆豐-竹北,2024-08-06,7007
1618,合機,30,0,30,兆豐-竹北,2024-08-06,7007
2317,鴻海,124,95,29,兆豐-竹北,2024-08-06,7007
3167,大量,30,2,28,兆豐-竹北,2024-08-06,7007
5213,亞昕,40,12,28,兆豐-竹北,2024-08-06,7007
6291,沛亨,25,0,25,兆豐-竹北,2024-08-06,7007
3450,聯鈞,49,25,24,兆豐-竹北,2024-08-06,7007
3013,晟銘電,33,12,21,兆豐-竹北,2024-08-06,7007
6191,精成科,20,0,20,兆豐-竹北,2024-08-06,7007
8150,南茂,21,1,20,兆豐-竹北,2024-08-06,7007
00670L,富邦NASDAQ正2,20,0,20,兆豐-竹北,2024-08-06,7007
6449,鈺邦,22,3,19,兆豐-竹北,2024-08-06,7007
00940,元大台灣價值高息,136,117,19,兆豐-竹北,2024-08-06,7007
3037,欣興,47,29,18,兆豐-竹北,2024-08-06,7007
00947,台新臺灣IC設計,17,0,17,兆豐-竹北,2024-08-06,7007
6770,力積電,22,6,16,兆豐-竹北,2024-08-06,7007
2888,新光金,28,12,16,兆豐-竹北,2024-08-06,7007
4566,時碩工業,20,4,16,兆豐-竹北,2024-08-06,7007
8084,巨虹,16,0,16,兆豐-竹北,2024-08-06,7007
3673,TPK-KY,16,1,15,兆豐-竹北,2024-08-06,7007
5439,高技,16,1,15,兆豐-竹北,2024-08-06,7007
4919,新唐,18,3,15,兆豐-竹北,2024-08-06,7007
00882,中信中國高股息,19,5,14,兆豐-竹北,2024-08-06,7007
1805,寶徠,14,0,14,兆豐-竹北,2024-08-06,7007
2547,日勝生,16,2,14,兆豐-竹北,2024-08-06,7007
8358,金居,19,5,14,兆豐-竹北,2024-08-06,7007
3483,力致,11,1,10,兆豐-竹北,2024-08-06,7007
00706L,期元大S＆P日圓正2,10,0,10,兆豐-竹北,2024-08-06,7007
3489,森寶,10,0,10,兆豐-竹北,2024-08-06,7007
3515,華擎,10,0,10,兆豐-竹北,2024-08-06,7007
4974,亞泰,11,1,10,兆豐-竹北,2024-08-06,7007
5426,振發,10,0,10,兆豐-竹北,2024-08-06,7007
8390,金益鼎,10,0,10,兆豐-竹北,2024-08-06,7007
00680L,元大美債20正2,231,31,200,兆豐-竹北,2024-08-07,7007
00929,復華台灣科技優息,193,50,143,兆豐-竹北,2024-08-07,7007
00687B,國泰20年美債,135,26,109,兆豐-竹北,2024-08-07,7007
00642U,期元大S＆P石油,103,0,103,兆豐-竹北,2024-08-07,7007
2317,鴻海,116,31,85,兆豐-竹北,2024-08-07,7007
2363,矽統,89,9,80,兆豐-竹北,2024-08-07,7007
2449,京元電子,141,64,77,兆豐-竹北,2024-08-07,7007
00878,國泰永續高股息,85,13,72,兆豐-竹北,2024-08-07,7007
2301,光寶科,85,14,71,兆豐-竹北,2024-08-07,7007
00632R,元大台灣50反1,84,14,70,兆豐-竹北,2024-08-07,7007
00940,元大台灣價值高息,83,25,58,兆豐-竹北,2024-08-07,7007
00650L,復華香港正2,45,0,45,兆豐-竹北,2024-08-07,7007
00715L,期街口布蘭特正2,45,0,45,兆豐-竹北,2024-08-07,7007
6596,寬宏藝術,45,0,45,兆豐-竹北,2024-08-07,7007
2887,台新金,47,3,44,兆豐-竹北,2024-08-07,7007
9105,泰金寶-DR,37,0,37,兆豐-竹北,2024-08-07,7007
00919,群益台灣精選高息,42,7,35,兆豐-竹北,2024-08-07,7007
00724B,群益投資級金融債,30,1,29,兆豐-竹北,2024-08-07,7007
0050,元大台灣50,36,8,28,兆豐-竹北,2024-08-07,7007
2409,友達,32,4,28,兆豐-竹北,2024-08-07,7007
00764B,群益25年美債,25,1,24,兆豐-竹北,2024-08-07,7007
00655L,國泰中國A50正2,24,0,24,兆豐-竹北,2024-08-07,7007
00936,台新永續高息中小,21,0,21,兆豐-竹北,2024-08-07,7007
00720B,元大投資級公司債,20,1,19,兆豐-竹北,2024-08-07,7007
00857B,永豐20年美公債,18,0,18,兆豐-竹北,2024-08-07,7007
2891,中信金,17,0,17,兆豐-竹北,2024-08-07,7007
00951,台新日本半導體,17,0,17,兆豐-竹北,2024-08-07,7007
0056,元大高股息,28,12,16,兆豐-竹北,2024-08-07,7007
8930,青鋼,15,0,15,兆豐-竹北,2024-08-07,7007
3037,欣興,19,5,14,兆豐-竹北,2024-08-07,7007
00882,中信中國高股息,15,1,14,兆豐-竹北,2024-08-07,7007
1402,遠東新,14,0,14,兆豐-竹北,2024-08-07,7007
00900,富邦特選高股息30,13,0,13,兆豐-竹北,2024-08-07,7007
00712,復華富時不動產,12,0,12,兆豐-竹北,2024-08-07,7007
1597,直得,12,1,11,兆豐-竹北,2024-08-07,7007
2505,國揚,11,0,11,兆豐-竹北,2024-08-07,7007
2881,富邦金,16,5,11,兆豐-竹北,2024-08-07,7007
5222,全訊,11,0,11,兆豐-竹北,2024-08-07,7007
8043,蜜望實,14,3,11,兆豐-竹北,2024-08-07,7007
4973,廣穎,10,0,10,兆豐-竹北,2024-08-07,7007
2376,技嘉,13,3,10,兆豐-竹北,2024-08-07,7007
2359,所羅門,15,5,10,兆豐-竹北,2024-08-07,7007
1618,合機,11,1,10,兆豐-竹北,2024-08-07,7007
6192,巨路,10,0,10,兆豐-竹北,2024-08-07,7007
1101,台泥,9,0,9,兆豐-竹北,2024-08-07,7007
3704,合勤控,10,1,9,兆豐-竹北,2024-08-07,7007
006208,富邦台50,13,4,9,兆豐-竹北,2024-08-07,7007
00942B,台新美A公司債20+,8,0,8,兆豐-竹北,2024-08-07,7007
2313,華通,15,7,8,兆豐-竹北,2024-08-07,7007
2408,南亞科,19,11,8,兆豐-竹北,2024-08-07,7007
00687B,國泰20年美債,737,35,702,兆豐-竹北,2024-08-08,7007
8028,昇陽半導體,235,29,206,兆豐-竹北,2024-08-08,7007
00664R,國泰臺灣加權反1,203,0,203,兆豐-竹北,2024-08-08,7007
2886,兆豐金,130,0,130,兆豐-竹北,2024-08-08,7007
6015,宏遠證,100,7,93,兆豐-竹北,2024-08-08,7007
00878,國泰永續高股息,93,3,90,兆豐-竹北,2024-08-08,7007
00929,復華台灣科技優息,93,13,80,兆豐-竹北,2024-08-08,7007
2834,臺企銀,91,11,80,兆豐-竹北,2024-08-08,7007
3450,聯鈞,84,8,76,兆豐-竹北,2024-08-08,7007
00724B,群益投資級金融債,71,0,71,兆豐-竹北,2024-08-08,7007
00937B,群益ESG投等債20,66,1,65,兆豐-竹北,2024-08-08,7007
00632R,元大台灣50反1,96,33,63,兆豐-竹北,2024-08-08,7007
00688L,國泰20年美債正2,50,0,50,兆豐-竹北,2024-08-08,7007
2317,鴻海,91,49,42,兆豐-竹北,2024-08-08,7007
00936,台新永續高息中小,41,0,41,兆豐-竹北,2024-08-08,7007
00935,野村臺灣新科技50,41,0,41,兆豐-竹北,2024-08-08,7007
00753L,中信中國50正2,52,12,40,兆豐-竹北,2024-08-08,7007
2439,美律,40,0,40,兆豐-竹北,2024-08-08,7007
0056,元大高股息,33,0,33,兆豐-竹北,2024-08-08,7007
2615,萬海,55,24,31,兆豐-竹北,2024-08-08,7007
1312,國喬,30,0,30,兆豐-竹北,2024-08-08,7007
6016,康和證,29,0,29,兆豐-竹北,2024-08-08,7007
00680L,元大美債20正2,28,0,28,兆豐-竹北,2024-08-08,7007
2891,中信金,27,2,25,兆豐-竹北,2024-08-08,7007
6180,橘子,25,1,24,兆豐-竹北,2024-08-08,7007
3481,群創,27,4,23,兆豐-竹北,2024-08-08,7007
2610,華航,22,0,22,兆豐-竹北,2024-08-08,7007
6415,矽力*-KY,22,0,22,兆豐-竹北,2024-08-08,7007
00772B,中信高評級公司債,21,0,21,兆豐-竹北,2024-08-08,7007
6189,豐藝,20,0,20,兆豐-竹北,2024-08-08,7007
6727,亞泰金屬,20,0,20,兆豐-竹北,2024-08-08,7007
00951,台新日本半導體,18,0,18,兆豐-竹北,2024-08-08,7007
3019,亞光,30,12,18,兆豐-竹北,2024-08-08,7007
2892,第一金,18,0,18,兆豐-竹北,2024-08-08,7007
4532,瑞智,17,0,17,兆豐-竹北,2024-08-08,7007
2486,一詮,20,4,16,兆豐-竹北,2024-08-08,7007
2382,廣達,27,11,16,兆豐-竹北,2024-08-08,7007
8110,華東,15,0,15,兆豐-竹北,2024-08-08,7007
2365,昆盈,68,54,14,兆豐-竹北,2024-08-08,7007
00795B,中信美國公債20年,17,3,14,兆豐-竹北,2024-08-08,7007
00751B,元大AAA至A公司債,23,10,13,兆豐-竹北,2024-08-08,7007
00948B,中信優息投資級債,21,8,13,兆豐-竹北,2024-08-08,7007
4510,高鋒,24,11,13,兆豐-竹北,2024-08-08,7007
2408,南亞科,24,12,12,兆豐-竹北,2024-08-08,7007
00941,中信上游半導體,11,0,11,兆豐-竹北,2024-08-08,7007
6139,亞翔,14,3,11,兆豐-竹北,2024-08-08,7007
00641R,富邦日本反1,10,0,10,兆豐-竹北,2024-08-08,7007
00670L,富邦NASDAQ正2,10,0,10,兆豐-竹北,2024-08-08,7007
1216,統一,10,0,10,兆豐-竹北,2024-08-08,7007
2106,建大,10,0,10,兆豐-竹北,2024-08-08,7007
00632R,元大台灣50反1,4453,52,4401,兆豐-竹北,2024-08-09,7007
00664R,國泰臺灣加權反1,333,0,333,兆豐-竹北,2024-08-09,7007
00687B,國泰20年美債,378,79,299,兆豐-竹北,2024-08-09,7007
00937B,群益ESG投等債20,224,55,169,兆豐-竹北,2024-08-09,7007
9105,泰金寶-DR,128,5,123,兆豐-竹北,2024-08-09,7007
00945B,凱基美國非投等債,100,0,100,兆豐-竹北,2024-08-09,7007
00724B,群益投資級金融債,90,0,90,兆豐-竹北,2024-08-09,7007
00680L,元大美債20正2,72,0,72,兆豐-竹北,2024-08-09,7007
00919,群益台灣精選高息,69,5,64,兆豐-竹北,2024-08-09,7007
1795,美時,65,7,58,兆豐-竹北,2024-08-09,7007
00929,復華台灣科技優息,83,27,56,兆豐-竹北,2024-08-09,7007
00878,國泰永續高股息,56,6,50,兆豐-竹北,2024-08-09,7007
8021,尖點,46,0,46,兆豐-竹北,2024-08-09,7007
2449,京元電子,56,12,44,兆豐-竹北,2024-08-09,7007
6016,康和證,40,0,40,兆豐-竹北,2024-08-09,7007
6603,富強鑫,48,9,39,兆豐-竹北,2024-08-09,7007
00641R,富邦日本反1,30,10,20,兆豐-竹北,2024-08-09,7007
4526,東台,31,11,20,兆豐-竹北,2024-08-09,7007
2353,宏��,18,0,18,兆豐-竹北,2024-08-09,7007
8110,華東,15,0,15,兆豐-竹北,2024-08-09,7007
00931B,統一美債20年,14,0,14,兆豐-竹北,2024-08-09,7007
00918,大華優利高填息30,15,2,13,兆豐-竹北,2024-08-09,7007
2867,三商壽,12,0,12,兆豐-竹北,2024-08-09,7007
4303,信立,13,1,12,兆豐-竹北,2024-08-09,7007
6024,群益期,12,0,12,兆豐-竹北,2024-08-09,7007
00757,統一FANG+,13,1,12,兆豐-竹北,2024-08-09,7007
1409,新纖,12,1,11,兆豐-竹北,2024-08-09,7007
2349,錸德,36,25,11,兆豐-竹北,2024-08-09,7007
3025,星通,11,0,11,兆豐-竹北,2024-08-09,7007
3260,威剛,11,0,11,兆豐-竹北,2024-08-09,7007
8103,瀚荃,14,3,11,兆豐-竹北,2024-08-09,7007
3019,亞光,16,6,10,兆豐-竹北,2024-08-09,7007
00670L,富邦NASDAQ正2,10,0,10,兆豐-竹北,2024-08-09,7007
00633L,富邦上証正2,10,0,10,兆豐-竹北,2024-08-09,7007
00930,永豐ESG低碳高息,10,0,10,兆豐-竹北,2024-08-09,7007
1471,首利,10,0,10,兆豐-竹北,2024-08-09,7007
2388,威盛,13,3,10,兆豐-竹北,2024-08-09,7007
3284,太普高,10,0,10,兆豐-竹北,2024-08-09,7007
3379,彬台,15,5,10,兆豐-竹北,2024-08-09,7007
4707,磐亞,10,0,10,兆豐-竹北,2024-08-09,7007
4939,亞電,10,0,10,兆豐-竹北,2024-08-09,7007
5608,四維航,10,0,10,兆豐-竹北,2024-08-09,7007
6282,康舒,11,1,10,兆豐-竹北,2024-08-09,7007
6617,共信-KY,12,2,10,兆豐-竹北,2024-08-09,7007
4909,新復興,21,11,10,兆豐-竹北,2024-08-09,7007
00725B,國泰投資級公司債,9,0,9,兆豐-竹北,2024-08-09,7007
2615,萬海,41,32,9,兆豐-竹北,2024-08-09,7007
2002,中鋼,14,5,9,兆豐-竹北,2024-08-09,7007
3062,建漢,11,2,9,兆豐-竹北,2024-08-09,7007
00891,中信關鍵半導體,9,1,8,兆豐-竹北,2024-08-09,7007
00632R,元大台灣50反1,813,195,618,兆豐-竹北,2024-08-12,7007
00937B,群益ESG投等債20,340,28,312,兆豐-竹北,2024-08-12,7007
00679B,元大美債20年,255,2,253,兆豐-竹北,2024-08-12,7007
3481,群創,147,53,94,兆豐-竹北,2024-08-12,7007
00687B,國泰20年美債,80,4,76,兆豐-竹北,2024-08-12,7007
00915,凱基優選高股息30,42,0,42,兆豐-竹北,2024-08-12,7007
00929,復華台灣科技優息,81,42,39,兆豐-竹北,2024-08-12,7007
00946,群益科技高息成長,32,0,32,兆豐-竹北,2024-08-12,7007
3019,亞光,49,19,30,兆豐-竹北,2024-08-12,7007
2356,英業達,31,3,28,兆豐-竹北,2024-08-12,7007
00941,中信上游半導體,22,0,22,兆豐-竹北,2024-08-12,7007
3515,華擎,22,0,22,兆豐-竹北,2024-08-12,7007
5443,均豪,26,6,20,兆豐-竹北,2024-08-12,7007
00922,國泰台灣領袖50,20,0,20,兆豐-竹北,2024-08-12,7007
00712,復華富時不動產,20,0,20,兆豐-竹北,2024-08-12,7007
00676R,富邦臺灣加權反1,20,0,20,兆豐-竹北,2024-08-12,7007
0056,元大高股息,20,1,19,兆豐-竹北,2024-08-12,7007
2883,凱基金,18,0,18,兆豐-竹北,2024-08-12,7007
9105,泰金寶-DR,16,0,16,兆豐-竹北,2024-08-12,7007
2312,金寶,34,19,15,兆豐-竹北,2024-08-12,7007
4153,鈺緯,15,0,15,兆豐-竹北,2024-08-12,7007
5213,亞昕,15,0,15,兆豐-竹北,2024-08-12,7007
1609,大亞,19,5,14,兆豐-竹北,2024-08-12,7007
6190,萬泰科,15,1,14,兆豐-竹北,2024-08-12,7007
2891,中信金,13,0,13,兆豐-竹北,2024-08-12,7007
2472,立隆電,13,0,13,兆豐-竹北,2024-08-12,7007
00720B,元大投資級公司債,13,0,13,兆豐-竹北,2024-08-12,7007
00931B,統一美債20年,12,0,12,兆豐-竹北,2024-08-12,7007
4526,東台,16,4,12,兆豐-竹北,2024-08-12,7007
6139,亞翔,13,1,12,兆豐-竹北,2024-08-12,7007
8131,福懋科,12,0,12,兆豐-竹北,2024-08-12,7007
2344,華邦電,19,8,11,兆豐-竹北,2024-08-12,7007
5607,遠雄港,11,0,11,兆豐-竹北,2024-08-12,7007
3037,欣興,14,3,11,兆豐-竹北,2024-08-12,7007
1708,東鹼,10,0,10,兆豐-竹北,2024-08-12,7007
3056,富華新,10,0,10,兆豐-竹北,2024-08-12,7007
3402,漢科,10,0,10,兆豐-竹北,2024-08-12,7007
5007,三星,10,0,10,兆豐-竹北,2024-08-12,7007
6415,矽力*-KY,10,0,10,兆豐-竹北,2024-08-12,7007
8039,台虹,10,0,10,兆豐-竹北,2024-08-12,7007
2633,台灣高鐵,10,0,10,兆豐-竹北,2024-08-12,7007
2363,矽統,14,4,10,兆豐-竹北,2024-08-12,7007
00900,富邦特選高股息30,9,0,9,兆豐-竹北,2024-08-12,7007
00715L,期街口布蘭特正2,8,0,8,兆豐-竹北,2024-08-12,7007
00944,野村趨勢動能高息,8,0,8,兆豐-竹北,2024-08-12,7007
2301,光寶科,10,2,8,兆豐-竹北,2024-08-12,7007
3047,訊舟,25,17,8,兆豐-竹北,2024-08-12,7007
4540,全球傳動,12,4,8,兆豐-竹北,2024-08-12,7007
6152,百一,8,0,8,兆豐-竹北,2024-08-12,7007
2409,友達,13,6,7,兆豐-竹北,2024-08-12,7007
00687B,國泰20年美債,256,22,234,兆豐-竹北,2024-08-13,7007
00632R,元大台灣50反1,224,15,209,兆豐-竹北,2024-08-13,7007
00679B,元大美債20年,177,0,177,兆豐-竹北,2024-08-13,7007
2838,聯邦銀,100,0,100,兆豐-竹北,2024-08-13,7007
2615,萬海,79,17,62,兆豐-竹北,2024-08-13,7007
00724B,群益投資級金融債,60,0,60,兆豐-竹北,2024-08-13,7007
2520,冠德,106,59,47,兆豐-竹北,2024-08-13,7007
00942B,台新美A公司債20+,40,1,39,兆豐-竹北,2024-08-13,7007
00712,復華富時不動產,36,0,36,兆豐-竹北,2024-08-13,7007
2880,華南金,35,0,35,兆豐-竹北,2024-08-13,7007
2609,陽明,42,7,35,兆豐-竹北,2024-08-13,7007
2886,兆豐金,34,0,34,兆豐-竹北,2024-08-13,7007
00919,群益台灣精選高息,34,1,33,兆豐-竹北,2024-08-13,7007
2610,華航,31,0,31,兆豐-竹北,2024-08-13,7007
2603,長榮,32,2,30,兆豐-竹北,2024-08-13,7007
00670L,富邦NASDAQ正2,25,0,25,兆豐-竹北,2024-08-13,7007
2504,國產,24,0,24,兆豐-竹北,2024-08-13,7007
1513,中興電,27,7,20,兆豐-竹北,2024-08-13,7007
2891,中信金,19,1,18,兆豐-竹北,2024-08-13,7007
6877,鏵友益,18,0,18,兆豐-竹北,2024-08-13,7007
3013,晟銘電,50,35,15,兆豐-竹北,2024-08-13,7007
5481,新華,15,0,15,兆豐-竹北,2024-08-13,7007
00715L,期街口布蘭特正2,13,0,13,兆豐-竹北,2024-08-13,7007
00676R,富邦臺灣加權反1,13,0,13,兆豐-竹北,2024-08-13,7007
2801,彰銀,13,0,13,兆豐-竹北,2024-08-13,7007
00795B,中信美國公債20年,12,0,12,兆豐-竹北,2024-08-13,7007
2362,藍天,13,1,12,兆豐-竹北,2024-08-13,7007
00936,台新永續高息中小,12,0,12,兆豐-竹北,2024-08-13,7007
00900,富邦特選高股息30,11,0,11,兆豐-竹北,2024-08-13,7007
3230,錦明,11,0,11,兆豐-竹北,2024-08-13,7007
6117,迎廣,11,0,11,兆豐-竹北,2024-08-13,7007
00637L,元大滬深300正2,210,200,10,兆豐-竹北,2024-08-13,7007
00857B,永豐20年美公債,10,0,10,兆豐-竹北,2024-08-13,7007
2354,鴻準,10,0,10,兆豐-竹北,2024-08-13,7007
4510,高鋒,10,0,10,兆豐-竹北,2024-08-13,7007
4534,慶騰,11,1,10,兆豐-竹北,2024-08-13,7007
6505,台塑化,11,1,10,兆豐-竹北,2024-08-13,7007
8011,台通,10,0,10,兆豐-竹北,2024-08-13,7007
2633,台灣高鐵,10,0,10,兆豐-竹北,2024-08-13,7007
00881,國泰台灣5G+,9,0,9,兆豐-竹北,2024-08-13,7007
2439,美律,10,1,9,兆豐-竹北,2024-08-13,7007
3704,合勤控,10,1,9,兆豐-竹北,2024-08-13,7007
8084,巨虹,9,0,9,兆豐-竹北,2024-08-13,7007
2834,臺企銀,9,0,9,兆豐-竹北,2024-08-13,7007
00688L,國泰20年美債正2,8,0,8,兆豐-竹北,2024-08-13,7007
2884,玉山金,8,0,8,兆豐-竹北,2024-08-13,7007
5443,均豪,24,16,8,兆豐-竹北,2024-08-13,7007
00907,永豐優息存股,7,0,7,兆豐-竹北,2024-08-13,7007
2206,三陽工業,7,0,7,兆豐-竹北,2024-08-13,7007
3317,尼克森,7,0,7,兆豐-竹北,2024-08-13,7007
00679B,元大美債20年,248,0,248,兆豐-竹北,2024-08-14,7007
2489,瑞軒,185,50,135,兆豐-竹北,2024-08-14,7007
00687B,國泰20年美債,119,15,104,兆豐-竹北,2024-08-14,7007
00929,復華台灣科技優息,116,49,67,兆豐-竹北,2024-08-14,7007
00753L,中信中國50正2,61,0,61,兆豐-竹北,2024-08-14,7007
3481,群創,77,17,60,兆豐-竹北,2024-08-14,7007
00795B,中信美國公債20年,59,0,59,兆豐-竹北,2024-08-14,7007
2801,彰銀,55,3,52,兆豐-竹北,2024-08-14,7007
00932,兆豐永續高息等權,52,0,52,兆豐-竹北,2024-08-14,7007
00937B,群益ESG投等債20,53,1,52,兆豐-竹北,2024-08-14,7007
3450,聯鈞,56,7,49,兆豐-竹北,2024-08-14,7007
00900,富邦特選高股息30,48,0,48,兆豐-竹北,2024-08-14,7007
00720B,元大投資級公司債,47,0,47,兆豐-竹北,2024-08-14,7007
00650L,復華香港正2,31,0,31,兆豐-竹北,2024-08-14,7007
00933B,國泰10Y+金融債,30,0,30,兆豐-竹北,2024-08-14,7007
00934,中信成長高股息,22,0,22,兆豐-竹北,2024-08-14,7007
1795,美時,24,2,22,兆豐-竹北,2024-08-14,7007
00948B,中信優息投資級債,20,0,20,兆豐-竹北,2024-08-14,7007
2439,美律,20,0,20,兆豐-竹北,2024-08-14,7007
5371,中光電,18,0,18,兆豐-竹北,2024-08-14,7007
6446,藥華藥,19,2,17,兆豐-竹北,2024-08-14,7007
6125,廣運,27,10,17,兆豐-竹北,2024-08-14,7007
6257,矽格,21,4,17,兆豐-竹北,2024-08-14,7007
8028,昇陽半導體,35,18,17,兆豐-竹北,2024-08-14,7007
8096,擎亞,29,13,16,兆豐-竹北,2024-08-14,7007
00936,台新永續高息中小,16,0,16,兆豐-竹北,2024-08-14,7007
3019,亞光,36,23,13,兆豐-竹北,2024-08-14,7007
00712,復華富時不動產,15,2,13,兆豐-竹北,2024-08-14,7007
00633L,富邦上証正2,13,0,13,兆豐-竹北,2024-08-14,7007
2427,三商電,13,0,13,兆豐-竹北,2024-08-14,7007
3376,新日興,25,13,12,兆豐-竹北,2024-08-14,7007
4958,臻鼎-KY,12,0,12,兆豐-竹北,2024-08-14,7007
00676R,富邦臺灣加權反1,12,0,12,兆豐-竹北,2024-08-14,7007
2317,鴻海,85,73,12,兆豐-竹北,2024-08-14,7007
2739,寒舍,12,1,11,兆豐-竹北,2024-08-14,7007
8043,蜜望實,14,3,11,兆豐-竹北,2024-08-14,7007
3317,尼克森,11,0,11,兆豐-竹北,2024-08-14,7007
6245,立端,11,0,11,兆豐-竹北,2024-08-14,7007
4562,穎漢,42,31,11,兆豐-竹北,2024-08-14,7007
00915,凱基優選高股息30,10,0,10,兆豐-竹北,2024-08-14,7007
2883B,凱基金乙特,10,0,10,兆豐-竹北,2024-08-14,7007
3090,日電貿,10,0,10,兆豐-竹北,2024-08-14,7007
4153,鈺緯,10,0,10,兆豐-竹北,2024-08-14,7007
4939,亞電,10,0,10,兆豐-竹北,2024-08-14,7007
6122,擎邦,10,0,10,兆豐-竹北,2024-08-14,7007
6153,嘉聯益,10,0,10,兆豐-竹北,2024-08-14,7007
8021,尖點,11,1,10,兆豐-竹北,2024-08-14,7007
4513,福裕,21,12,9,兆豐-竹北,2024-08-14,7007
6239,力成,13,4,9,兆豐-竹北,2024-08-14,7007
00881,國泰台灣5G+,8,0,8,兆豐-竹北,2024-08-14,7007
00679B,元大美債20年,525,28,497,兆豐-竹北,2024-08-15,7007
00878,國泰永續高股息,154,11,143,兆豐-竹北,2024-08-15,7007
00680L,元大美債20正2,108,40,68,兆豐-竹北,2024-08-15,7007
00713,元大台灣高息低波,70,2,68,兆豐-竹北,2024-08-15,7007
2886,兆豐金,63,1,62,兆豐-竹北,2024-08-15,7007
00900,富邦特選高股息30,59,0,59,兆豐-竹北,2024-08-15,7007
2801,彰銀,55,0,55,兆豐-竹北,2024-08-15,7007
00795B,中信美國公債20年,52,0,52,兆豐-竹北,2024-08-15,7007
00948B,中信優息投資級債,50,0,50,兆豐-竹北,2024-08-15,7007
00915,凱基優選高股息30,46,0,46,兆豐-竹北,2024-08-15,7007
1416,廣豐,30,0,30,兆豐-竹北,2024-08-15,7007
1605,華新,30,0,30,兆豐-竹北,2024-08-15,7007
3231,緯創,36,6,30,兆豐-竹北,2024-08-15,7007
00940,元大台灣價值高息,28,3,25,兆豐-竹北,2024-08-15,7007
2887,台新金,22,0,22,兆豐-竹北,2024-08-15,7007
00665L,富邦�琤肭磪囓�2,20,0,20,兆豐-竹北,2024-08-15,7007
5443,均豪,31,11,20,兆豐-竹北,2024-08-15,7007
3450,聯鈞,31,12,19,兆豐-竹北,2024-08-15,7007
3484,崧騰,20,1,19,兆豐-竹北,2024-08-15,7007
6533,晶心科,18,0,18,兆豐-竹北,2024-08-15,7007
0056,元大高股息,17,0,17,兆豐-竹北,2024-08-15,7007
2303,聯電,19,2,17,兆豐-竹北,2024-08-15,7007
00881,國泰台灣5G+,21,4,17,兆豐-竹北,2024-08-15,7007
00929,復華台灣科技優息,34,18,16,兆豐-竹北,2024-08-15,7007
2317,鴻海,28,14,14,兆豐-竹北,2024-08-15,7007
5371,中光電,15,1,14,兆豐-竹北,2024-08-15,7007
2892,第一金,13,0,13,兆豐-竹北,2024-08-15,7007
4949,有成精密,13,0,13,兆豐-竹北,2024-08-15,7007
2409,友達,12,0,12,兆豐-竹北,2024-08-15,7007
2439,美律,11,0,11,兆豐-竹北,2024-08-15,7007
3607,谷崧,20,9,11,兆豐-竹北,2024-08-15,7007
2884,玉山金,18,8,10,兆豐-竹北,2024-08-15,7007
9933,中鼎,10,0,10,兆豐-竹北,2024-08-15,7007
9906,欣巴巴,10,0,10,兆豐-竹北,2024-08-15,7007
00720B,元大投資級公司債,10,0,10,兆豐-竹北,2024-08-15,7007
2867,三商壽,30,20,10,兆豐-竹北,2024-08-15,7007
2880,華南金,10,0,10,兆豐-竹北,2024-08-15,7007
3202,樺晟,10,0,10,兆豐-竹北,2024-08-15,7007
4153,鈺緯,10,0,10,兆豐-竹北,2024-08-15,7007
5880,合庫金,9,0,9,兆豐-竹北,2024-08-15,7007
6207,雷科,15,6,9,兆豐-竹北,2024-08-15,7007
3374,精材,19,10,9,兆豐-竹北,2024-08-15,7007
00949,復華日本龍頭,8,0,8,兆豐-竹北,2024-08-15,7007
2368,金像電,8,0,8,兆豐-竹北,2024-08-15,7007
2002,中鋼,8,0,8,兆豐-竹北,2024-08-15,7007
2486,一詮,10,2,8,兆豐-竹北,2024-08-15,7007
2548,華固,8,0,8,兆豐-竹北,2024-08-15,7007
3289,宜特,12,4,8,兆豐-竹北,2024-08-15,7007
3689,湧德,10,2,8,兆豐-竹北,2024-08-15,7007
9958,世紀鋼,12,4,8,兆豐-竹北,2024-08-15,7007
00687B,國泰20年美債,491,12,479,兆豐-竹北,2024-08-16,7007
00632R,元大台灣50反1,274,12,262,兆豐-竹北,2024-08-16,7007
00795B,中信美國公債20年,169,0,169,兆豐-竹北,2024-08-16,7007
1316,上曜,148,25,123,兆豐-竹北,2024-08-16,7007
00679B,元大美債20年,127,7,120,兆豐-竹北,2024-08-16,7007
1584,精剛,105,6,99,兆豐-竹北,2024-08-16,7007
00680L,元大美債20正2,54,0,54,兆豐-竹北,2024-08-16,7007
9945,潤泰新,51,2,49,兆豐-竹北,2024-08-16,7007
2609,陽明,54,6,48,兆豐-竹北,2024-08-16,7007
2618,長榮航,44,1,43,兆豐-竹北,2024-08-16,7007
00915,凱基優選高股息30,40,0,40,兆豐-竹北,2024-08-16,7007
00881,國泰台灣5G+,35,3,32,兆豐-竹北,2024-08-16,7007
2547,日勝生,30,0,30,兆豐-竹北,2024-08-16,7007
00713,元大台灣高息低波,31,8,23,兆豐-竹北,2024-08-16,7007
8374,羅昇,34,14,20,兆豐-竹北,2024-08-16,7007
6415,矽力*-KY,20,1,19,兆豐-竹北,2024-08-16,7007
2312,金寶,33,14,19,兆豐-竹北,2024-08-16,7007
2363,矽統,33,15,18,兆豐-竹北,2024-08-16,7007
1528,恩德,18,1,17,兆豐-竹北,2024-08-16,7007
2464,盟立,20,3,17,兆豐-竹北,2024-08-16,7007
2845,遠東銀,17,0,17,兆豐-竹北,2024-08-16,7007
00719B,元大美債1-3,17,0,17,兆豐-竹北,2024-08-16,7007
4153,鈺緯,16,0,16,兆豐-竹北,2024-08-16,7007
00900,富邦特選高股息30,16,1,15,兆豐-竹北,2024-08-16,7007
2543,皇昌,19,5,14,兆豐-竹北,2024-08-16,7007
2886,兆豐金,14,0,14,兆豐-竹北,2024-08-16,7007
3048,益登,16,2,14,兆豐-竹北,2024-08-16,7007
8091,翔名,13,0,13,兆豐-竹北,2024-08-16,7007
00675L,富邦臺灣加權正2,14,1,13,兆豐-竹北,2024-08-16,7007
2891,中信金,17,6,11,兆豐-竹北,2024-08-16,7007
00633L,富邦上証正2,10,0,10,兆豐-竹北,2024-08-16,7007
00676R,富邦臺灣加權反1,10,0,10,兆豐-竹北,2024-08-16,7007
00665L,富邦�琤肭磪囓�2,10,0,10,兆豐-竹北,2024-08-16,7007
00931B,統一美債20年,10,0,10,兆豐-竹北,2024-08-16,7007
4555,氣立,10,0,10,兆豐-竹北,2024-08-16,7007
6742,澤米,20,10,10,兆豐-竹北,2024-08-16,7007
8477,創業家,10,0,10,兆豐-竹北,2024-08-16,7007
5508,永信建,22,12,10,兆豐-竹北,2024-08-16,7007
3535,晶彩科,13,4,9,兆豐-竹北,2024-08-16,7007
6875,國邑*,9,0,9,兆豐-竹北,2024-08-16,7007
1503,士電,11,3,8,兆豐-竹北,2024-08-16,7007
3217,優群,8,0,8,兆豐-竹北,2024-08-16,7007
2356,英業達,13,5,8,兆豐-竹北,2024-08-16,7007
4562,穎漢,20,12,8,兆豐-竹北,2024-08-16,7007
00933B,國泰10Y+金融債,7,0,7,兆豐-竹北,2024-08-16,7007
2002,中鋼,7,0,7,兆豐-竹北,2024-08-16,7007
3035,智原,7,0,7,兆豐-竹北,2024-08-16,7007
2542,興富發,9,3,6,兆豐-竹北,2024-08-16,7007
3537,堡達,6,0,6,兆豐-竹北,2024-08-16,7007
8103,瀚荃,13,7,6,兆豐-竹北,2024-08-16,7007
00929,復華台灣科技優息,629,18,611,兆豐-竹北,2024-08-19,7007
00687B,國泰20年美債,234,10,224,兆豐-竹北,2024-08-19,7007
3013,晟銘電,214,20,194,兆豐-竹北,2024-08-19,7007
2464,盟立,196,18,178,兆豐-竹北,2024-08-19,7007
00795B,中信美國公債20年,137,0,137,兆豐-竹北,2024-08-19,7007
2886,兆豐金,65,10,55,兆豐-竹北,2024-08-19,7007
00706L,期元大S＆P日圓正2,51,0,51,兆豐-竹北,2024-08-19,7007
00696B,富邦美債20年,36,0,36,兆豐-竹北,2024-08-19,7007
00937B,群益ESG投等債20,31,0,31,兆豐-竹北,2024-08-19,7007
00724B,群益投資級金融債,30,0,30,兆豐-竹北,2024-08-19,7007
00650L,復華香港正2,30,0,30,兆豐-竹北,2024-08-19,7007
2609,陽明,24,0,24,兆豐-竹北,2024-08-19,7007
2317,鴻海,35,12,23,兆豐-竹北,2024-08-19,7007
00637L,元大滬深300正2,20,0,20,兆豐-竹北,2024-08-19,7007
1416,廣豐,20,2,18,兆豐-竹北,2024-08-19,7007
2881,富邦金,18,1,17,兆豐-竹北,2024-08-19,7007
00680L,元大美債20正2,25,8,17,兆豐-竹北,2024-08-19,7007
8028,昇陽半導體,38,21,17,兆豐-竹北,2024-08-19,7007
8374,羅昇,20,4,16,兆豐-竹北,2024-08-19,7007
2206,三陽工業,16,0,16,兆豐-竹北,2024-08-19,7007
5905,南仁湖,39,24,15,兆豐-竹北,2024-08-19,7007
1609,大亞,14,0,14,兆豐-竹北,2024-08-19,7007
2542,興富發,17,3,14,兆豐-竹北,2024-08-19,7007
4912,聯德控股-KY,14,1,13,兆豐-竹北,2024-08-19,7007
5206,坤悅,13,0,13,兆豐-竹北,2024-08-19,7007
3231,緯創,61,49,12,兆豐-竹北,2024-08-19,7007
1605,華新,12,0,12,兆豐-竹北,2024-08-19,7007
2371,大同,12,0,12,兆豐-竹北,2024-08-19,7007
00720B,元大投資級公司債,12,1,11,兆豐-竹北,2024-08-19,7007
2455,全新,11,0,11,兆豐-竹北,2024-08-19,7007
2890,永豐金,11,0,11,兆豐-竹北,2024-08-19,7007
3047,訊舟,96,85,11,兆豐-竹北,2024-08-19,7007
3289,宜特,11,0,11,兆豐-竹北,2024-08-19,7007
2887,台新金,10,0,10,兆豐-竹北,2024-08-19,7007
6139,亞翔,12,2,10,兆豐-竹北,2024-08-19,7007
8096,擎亞,16,6,10,兆豐-竹北,2024-08-19,7007
00675L,富邦臺灣加權正2,20,10,10,兆豐-竹北,2024-08-19,7007
2356,英業達,10,0,10,兆豐-竹北,2024-08-19,7007
2739,寒舍,10,0,10,兆豐-竹北,2024-08-19,7007
3515,華擎,10,0,10,兆豐-竹北,2024-08-19,7007
3580,友威科,18,8,10,兆豐-竹北,2024-08-19,7007
00931B,統一美債20年,9,0,9,兆豐-竹北,2024-08-19,7007
4123,晟德,10,1,9,兆豐-竹北,2024-08-19,7007
4534,慶騰,11,2,9,兆豐-竹北,2024-08-19,7007
9904,寶成,9,0,9,兆豐-竹北,2024-08-19,7007
2405,輔信,9,1,8,兆豐-竹北,2024-08-19,7007
00725B,國泰投資級公司債,8,0,8,兆豐-竹北,2024-08-19,7007
00941,中信上游半導體,7,0,7,兆豐-竹北,2024-08-19,7007
1449,佳和,19,12,7,兆豐-竹北,2024-08-19,7007
2610,華航,12,5,7,兆豐-竹北,2024-08-19,7007
00937B,群益ESG投等債20,1239,86,1153,兆豐-竹北,2024-08-20,7007
2449,京元電子,276,87,189,兆豐-竹北,2024-08-20,7007
00687B,國泰20年美債,142,25,117,兆豐-竹北,2024-08-20,7007
00929,復華台灣科技優息,156,53,103,兆豐-竹北,2024-08-20,7007
8096,擎亞,89,10,79,兆豐-竹北,2024-08-20,7007
00923,群益台ESG低碳50,73,0,73,兆豐-竹北,2024-08-20,7007
9945,潤泰新,66,9,57,兆豐-竹北,2024-08-20,7007
1785,光洋科,72,24,48,兆豐-竹北,2024-08-20,7007
2888B,新光金乙特,42,0,42,兆豐-竹北,2024-08-20,7007
2892,第一金,47,7,40,兆豐-竹北,2024-08-20,7007
8028,昇陽半導體,53,17,36,兆豐-竹北,2024-08-20,7007
8064,東捷,95,60,35,兆豐-竹北,2024-08-20,7007
00650L,復華香港正2,32,0,32,兆豐-竹北,2024-08-20,7007
2838,聯邦銀,30,0,30,兆豐-竹北,2024-08-20,7007
4532,瑞智,30,0,30,兆豐-竹北,2024-08-20,7007
00679B,元大美債20年,54,25,29,兆豐-竹北,2024-08-20,7007
00795B,中信美國公債20年,28,0,28,兆豐-竹北,2024-08-20,7007
00688L,國泰20年美債正2,26,0,26,兆豐-竹北,2024-08-20,7007
2317,鴻海,50,24,26,兆豐-竹北,2024-08-20,7007
00882,中信中國高股息,35,10,25,兆豐-竹北,2024-08-20,7007
2881,富邦金,22,0,22,兆豐-竹北,2024-08-20,7007
2356,英業達,26,5,21,兆豐-竹北,2024-08-20,7007
00680L,元大美債20正2,20,0,20,兆豐-竹北,2024-08-20,7007
1447,力鵬,15,0,15,兆豐-竹北,2024-08-20,7007
2891,中信金,15,0,15,兆豐-竹北,2024-08-20,7007
2204,中華,40,26,14,兆豐-竹北,2024-08-20,7007
2365,昆盈,33,20,13,兆豐-竹北,2024-08-20,7007
3227,原相,16,3,13,兆豐-竹北,2024-08-20,7007
3317,尼克森,13,0,13,兆豐-竹北,2024-08-20,7007
9951,皇田,13,0,13,兆豐-竹北,2024-08-20,7007
4912,聯德控股-KY,12,0,12,兆豐-竹北,2024-08-20,7007
00665L,富邦�琤肭磪囓�2,11,0,11,兆豐-竹北,2024-08-20,7007
00947,台新臺灣IC設計,11,0,11,兆豐-竹北,2024-08-20,7007
2489,瑞軒,70,59,11,兆豐-竹北,2024-08-20,7007
8374,羅昇,13,2,11,兆豐-竹北,2024-08-20,7007
2739,寒舍,12,1,11,兆豐-竹北,2024-08-20,7007
00753L,中信中國50正2,30,20,10,兆豐-竹北,2024-08-20,7007
00633L,富邦上証正2,10,0,10,兆豐-竹北,2024-08-20,7007
00885,富邦越南,10,0,10,兆豐-竹北,2024-08-20,7007
1416,廣豐,10,0,10,兆豐-竹北,2024-08-20,7007
3663,鑫科,17,7,10,兆豐-竹北,2024-08-20,7007
4102,永日,10,0,10,兆豐-竹北,2024-08-20,7007
6213,聯茂,10,0,10,兆豐-竹北,2024-08-20,7007
6233,旺玖,10,0,10,兆豐-竹北,2024-08-20,7007
2201,裕隆,9,0,9,兆豐-竹北,2024-08-20,7007
2376,技嘉,16,7,9,兆豐-竹北,2024-08-20,7007
2610,華航,9,0,9,兆豐-竹北,2024-08-20,7007
3580,友威科,21,12,9,兆豐-竹北,2024-08-20,7007
8390,金益鼎,10,1,9,兆豐-竹北,2024-08-20,7007
4562,穎漢,10,1,9,兆豐-竹北,2024-08-20,7007
00937B,群益ESG投等債20,185,1,184,兆豐-竹北,2024-08-21,7007
00680L,元大美債20正2,105,5,100,兆豐-竹北,2024-08-21,7007
2891,中信金,108,19,89,兆豐-竹北,2024-08-21,7007
00919,群益台灣精選高息,59,0,59,兆豐-竹北,2024-08-21,7007
00935,野村臺灣新科技50,55,0,55,兆豐-竹北,2024-08-21,7007
2888B,新光金乙特,49,0,49,兆豐-竹北,2024-08-21,7007
00929,復華台灣科技優息,59,14,45,兆豐-竹北,2024-08-21,7007
9105,泰金寶-DR,85,40,45,兆豐-竹北,2024-08-21,7007
00934,中信成長高股息,51,10,41,兆豐-竹北,2024-08-21,7007
2317,鴻海,42,3,39,兆豐-竹北,2024-08-21,7007
00679B,元大美債20年,36,1,35,兆豐-竹北,2024-08-21,7007
00907,永豐優息存股,35,2,33,兆豐-竹北,2024-08-21,7007
00715L,期街口布蘭特正2,32,0,32,兆豐-竹北,2024-08-21,7007
2489,瑞軒,61,30,31,兆豐-竹北,2024-08-21,7007
2331,精英,31,0,31,兆豐-竹北,2024-08-21,7007
3047,訊舟,55,27,28,兆豐-竹北,2024-08-21,7007
00923,群益台ESG低碳50,26,0,26,兆豐-竹北,2024-08-21,7007
2890,永豐金,28,2,26,兆豐-竹北,2024-08-21,7007
2388,威盛,35,11,24,兆豐-竹北,2024-08-21,7007
00915,凱基優選高股息30,23,0,23,兆豐-竹北,2024-08-21,7007
3551,世禾,23,1,22,兆豐-竹北,2024-08-21,7007
1616,億泰,20,0,20,兆豐-竹北,2024-08-21,7007
2324,仁寶,20,0,20,兆豐-竹北,2024-08-21,7007
2883,凱基金,20,0,20,兆豐-竹北,2024-08-21,7007
4707,磐亞,20,0,20,兆豐-竹北,2024-08-21,7007
6727,亞泰金屬,20,0,20,兆豐-竹北,2024-08-21,7007
2609,陽明,21,3,18,兆豐-竹北,2024-08-21,7007
1618,合機,20,2,18,兆豐-竹北,2024-08-21,7007
4566,時碩工業,24,6,18,兆豐-竹北,2024-08-21,7007
5245,智晶,31,13,18,兆豐-竹北,2024-08-21,7007
8054,安國,19,2,17,兆豐-竹北,2024-08-21,7007
8064,東捷,99,83,16,兆豐-竹北,2024-08-21,7007
2356,英業達,17,1,16,兆豐-竹北,2024-08-21,7007
1416,廣豐,20,4,16,兆豐-竹北,2024-08-21,7007
1785,光洋科,64,48,16,兆豐-竹北,2024-08-21,7007
1339,昭輝,15,0,15,兆豐-竹北,2024-08-21,7007
2867,三商壽,20,5,15,兆豐-竹北,2024-08-21,7007
6443,元晶,15,0,15,兆豐-竹北,2024-08-21,7007
6603,富強鑫,15,0,15,兆豐-竹北,2024-08-21,7007
00900,富邦特選高股息30,15,0,15,兆豐-竹北,2024-08-21,7007
00940,元大台灣價值高息,14,0,14,兆豐-竹北,2024-08-21,7007
5347,世界,14,0,14,兆豐-竹北,2024-08-21,7007
2886,兆豐金,16,3,13,兆豐-竹北,2024-08-21,7007
00953B,群益優選非投等債,53,40,13,兆豐-竹北,2024-08-21,7007
3712,永崴投控,14,1,13,兆豐-竹北,2024-08-21,7007
2610,華航,12,0,12,兆豐-竹北,2024-08-21,7007
3673,TPK-KY,17,5,12,兆豐-竹北,2024-08-21,7007
6625,必應,12,0,12,兆豐-竹北,2024-08-21,7007
00631L,元大台灣50正2,11,0,11,兆豐-竹北,2024-08-21,7007
00632R,元大台灣50反1,11,0,11,兆豐-竹北,2024-08-21,7007
00687B,國泰20年美債,875,4,871,兆豐-竹北,2024-08-22,7007
2891,中信金,174,38,136,兆豐-竹北,2024-08-22,7007
00642U,期元大S＆P石油,117,0,117,兆豐-竹北,2024-08-22,7007
8064,東捷,102,26,76,兆豐-竹北,2024-08-22,7007
3058,立德,70,0,70,兆豐-竹北,2024-08-22,7007
2489,瑞軒,61,7,54,兆豐-竹北,2024-08-22,7007
8096,擎亞,50,7,43,兆豐-竹北,2024-08-22,7007
8028,昇陽半導體,45,2,43,兆豐-竹北,2024-08-22,7007
00929,復華台灣科技優息,42,5,37,兆豐-竹北,2024-08-22,7007
2349,錸德,101,65,36,兆豐-竹北,2024-08-22,7007
1786,科妍,35,0,35,兆豐-竹北,2024-08-22,7007
00753L,中信中國50正2,50,20,30,兆豐-竹北,2024-08-22,7007
00919,群益台灣精選高息,29,0,29,兆豐-竹北,2024-08-22,7007
00878,國泰永續高股息,29,1,28,兆豐-竹北,2024-08-22,7007
2317,鴻海,41,14,27,兆豐-竹北,2024-08-22,7007
1709,和益,25,3,22,兆豐-竹北,2024-08-22,7007
00915,凱基優選高股息30,21,0,21,兆豐-竹北,2024-08-22,7007
00650L,復華香港正2,18,0,18,兆豐-竹北,2024-08-22,7007
4303,信立,25,7,18,兆豐-竹北,2024-08-22,7007
2890,永豐金,18,0,18,兆豐-竹北,2024-08-22,7007
1513,中興電,26,8,18,兆豐-竹北,2024-08-22,7007
2610,華航,17,1,16,兆豐-竹北,2024-08-22,7007
6125,廣運,15,1,14,兆豐-竹北,2024-08-22,7007
5534,長虹,14,0,14,兆豐-竹北,2024-08-22,7007
1717,長興,14,1,13,兆豐-竹北,2024-08-22,7007
8043,蜜望實,15,4,11,兆豐-竹北,2024-08-22,7007
00713,元大台灣高息低波,11,0,11,兆豐-竹北,2024-08-22,7007
00715L,期街口布蘭特正2,10,0,10,兆豐-竹北,2024-08-22,7007
00665L,富邦�琤肭磪囓�2,10,0,10,兆豐-竹北,2024-08-22,7007
1560,中砂,10,0,10,兆豐-竹北,2024-08-22,7007
2340,台亞,10,0,10,兆豐-竹北,2024-08-22,7007
6189,豐藝,10,0,10,兆豐-竹北,2024-08-22,7007
2313,華通,12,2,10,兆豐-竹北,2024-08-22,7007
6806,森崴能源,9,0,9,兆豐-竹北,2024-08-22,7007
3483,力致,11,2,9,兆豐-竹北,2024-08-22,7007
4526,東台,10,1,9,兆豐-竹北,2024-08-22,7007
00931B,統一美債20年,8,0,8,兆豐-竹北,2024-08-22,7007
00688L,國泰20年美債正2,8,0,8,兆豐-竹北,2024-08-22,7007
00725B,國泰投資級公司債,8,0,8,兆豐-竹北,2024-08-22,7007
2543,皇昌,10,2,8,兆豐-竹北,2024-08-22,7007
5905,南仁湖,35,27,8,兆豐-竹北,2024-08-22,7007
00795B,中信美國公債20年,7,0,7,兆豐-竹北,2024-08-22,7007
5871,中租-KY,7,0,7,兆豐-竹北,2024-08-22,7007
2356,英業達,7,0,7,兆豐-竹北,2024-08-22,7007
00907,永豐優息存股,7,0,7,兆豐-竹北,2024-08-22,7007
8070,長華*,13,6,7,兆豐-竹北,2024-08-22,7007
2881,富邦金,7,0,7,兆豐-竹北,2024-08-22,7007
8150,南茂,6,0,6,兆豐-竹北,2024-08-22,7007
3049,精金,6,0,6,兆豐-竹北,2024-08-22,7007
4967,十銓,6,0,6,兆豐-竹北,2024-08-22,7007
00687B,國泰20年美債,704,0,704,兆豐-竹北,2024-08-23,7007
2486,一詮,114,3,111,兆豐-竹北,2024-08-23,7007
2891,中信金,78,5,73,兆豐-竹北,2024-08-23,7007
9105,泰金寶-DR,47,1,46,兆豐-竹北,2024-08-23,7007
1409,新纖,55,16,39,兆豐-竹北,2024-08-23,7007
00929,復華台灣科技優息,51,13,38,兆豐-竹北,2024-08-23,7007
00919,群益台灣精選高息,40,2,38,兆豐-竹北,2024-08-23,7007
1711,永光,60,26,34,兆豐-竹北,2024-08-23,7007
1314,中石化,32,0,32,兆豐-竹北,2024-08-23,7007
1513,中興電,38,6,32,兆豐-竹北,2024-08-23,7007
6742,澤米,40,16,24,兆豐-竹北,2024-08-23,7007
00915,凱基優選高股息30,25,2,23,兆豐-竹北,2024-08-23,7007
4716,大立,26,5,21,兆豐-竹北,2024-08-23,7007
5309,系統電,26,6,20,兆豐-竹北,2024-08-23,7007
3189,景碩,28,8,20,兆豐-竹北,2024-08-23,7007
00713,元大台灣高息低波,23,4,19,兆豐-竹北,2024-08-23,7007
2888B,新光金乙特,19,0,19,兆豐-竹北,2024-08-23,7007
00680L,元大美債20正2,67,50,17,兆豐-竹北,2024-08-23,7007
2344,華邦電,17,1,16,兆豐-竹北,2024-08-23,7007
00665L,富邦�琤肭磪囓�2,15,0,15,兆豐-竹北,2024-08-23,7007
1618,合機,17,2,15,兆豐-竹北,2024-08-23,7007
6443,元晶,17,2,15,兆豐-竹北,2024-08-23,7007
00937B,群益ESG投等債20,14,0,14,兆豐-竹北,2024-08-23,7007
3594,磐儀,14,0,14,兆豐-竹北,2024-08-23,7007
4906,正文,16,2,14,兆豐-竹北,2024-08-23,7007
2349,錸德,70,57,13,兆豐-竹北,2024-08-23,7007
6284,佳邦,16,3,13,兆豐-竹北,2024-08-23,7007
8937,合騏,25,12,13,兆豐-竹北,2024-08-23,7007
2887,台新金,33,20,13,兆豐-竹北,2024-08-23,7007
00795B,中信美國公債20年,12,0,12,兆豐-竹北,2024-08-23,7007
2062,橋椿,20,9,11,兆豐-竹北,2024-08-23,7007
2201,裕隆,11,0,11,兆豐-竹北,2024-08-23,7007
6505,台塑化,10,0,10,兆豐-竹北,2024-08-23,7007
1108,幸福,10,0,10,兆豐-竹北,2024-08-23,7007
1805,寶徠,10,0,10,兆豐-竹北,2024-08-23,7007
5512,力麒,10,0,10,兆豐-竹北,2024-08-23,7007
6208,日揚,14,4,10,兆豐-竹北,2024-08-23,7007
3663,鑫科,11,2,9,兆豐-竹北,2024-08-23,7007
00878,國泰永續高股息,35,27,8,兆豐-竹北,2024-08-23,7007
2382,廣達,10,2,8,兆豐-竹北,2024-08-23,7007
4526,東台,22,14,8,兆豐-竹北,2024-08-23,7007
5223,安力-KY,10,2,8,兆豐-竹北,2024-08-23,7007
5392,能率,8,0,8,兆豐-竹北,2024-08-23,7007
00712,復華富時不動產,7,0,7,兆豐-竹北,2024-08-23,7007
00882,中信中國高股息,7,0,7,兆豐-竹北,2024-08-23,7007
00688L,國泰20年美債正2,7,0,7,兆豐-竹北,2024-08-23,7007
00940,元大台灣價值高息,8,1,7,兆豐-竹北,2024-08-23,7007
2542,興富發,11,4,7,兆豐-竹北,2024-08-23,7007
4303,信立,16,9,7,兆豐-竹北,2024-08-23,7007
4540,全球傳動,10,3,7,兆豐-竹北,2024-08-23,7007
00687B,國泰20年美債,314,0,314,兆豐-竹北,2024-08-26,7007
00632R,元大台灣50反1,345,55,290,兆豐-竹北,2024-08-26,7007
1584,精剛,201,3,198,兆豐-竹北,2024-08-26,7007
00688L,國泰20年美債正2,182,3,179,兆豐-竹北,2024-08-26,7007
1416,廣豐,120,0,120,兆豐-竹北,2024-08-26,7007
00948B,中信優息投資級債,105,1,104,兆豐-竹北,2024-08-26,7007
6143,振曜,96,1,95,兆豐-竹北,2024-08-26,7007
5498,凱崴,60,0,60,兆豐-竹北,2024-08-26,7007
2402,毅嘉,90,35,55,兆豐-竹北,2024-08-26,7007
00664R,國泰臺灣加權反1,53,0,53,兆豐-竹北,2024-08-26,7007
2891,中信金,61,11,50,兆豐-竹北,2024-08-26,7007
1319,東陽,42,0,42,兆豐-竹北,2024-08-26,7007
00751B,元大AAA至A公司債,41,3,38,兆豐-竹北,2024-08-26,7007
3450,聯鈞,36,1,35,兆豐-竹北,2024-08-26,7007
8028,昇陽半導體,62,28,34,兆豐-竹北,2024-08-26,7007
9945,潤泰新,34,0,34,兆豐-竹北,2024-08-26,7007
00641R,富邦日本反1,32,0,32,兆豐-竹北,2024-08-26,7007
5225,東科-KY,31,1,30,兆豐-竹北,2024-08-26,7007
3317,尼克森,36,10,26,兆豐-竹北,2024-08-26,7007
0056,元大高股息,24,2,22,兆豐-竹北,2024-08-26,7007
6742,澤米,35,14,21,兆豐-竹北,2024-08-26,7007
2349,錸德,51,32,19,兆豐-竹北,2024-08-26,7007
00919,群益台灣精選高息,24,6,18,兆豐-竹北,2024-08-26,7007
1609,大亞,19,1,18,兆豐-竹北,2024-08-26,7007
00795B,中信美國公債20年,17,0,17,兆豐-竹北,2024-08-26,7007
00695B,富邦美債7-10,17,0,17,兆豐-竹北,2024-08-26,7007
3019,亞光,24,7,17,兆豐-竹北,2024-08-26,7007
00881,國泰台灣5G+,17,0,17,兆豐-竹北,2024-08-26,7007
2610,華航,26,10,16,兆豐-竹北,2024-08-26,7007
00937B,群益ESG投等債20,36,20,16,兆豐-竹北,2024-08-26,7007
3489,森寶,16,0,16,兆豐-竹北,2024-08-26,7007
00935,野村臺灣新科技50,15,0,15,兆豐-竹北,2024-08-26,7007
3374,精材,41,27,14,兆豐-竹北,2024-08-26,7007
00953B,群益優選非投等債,13,0,13,兆豐-竹北,2024-08-26,7007
2312,金寶,13,1,12,兆豐-竹北,2024-08-26,7007
2388,威盛,16,4,12,兆豐-竹北,2024-08-26,7007
2439,美律,12,0,12,兆豐-竹北,2024-08-26,7007
2489,瑞軒,42,30,12,兆豐-竹北,2024-08-26,7007
2303,聯電,17,5,12,兆豐-竹北,2024-08-26,7007
2412,中華電,11,0,11,兆豐-竹北,2024-08-26,7007
2603,長榮,12,1,11,兆豐-竹北,2024-08-26,7007
3260,威剛,13,2,11,兆豐-竹北,2024-08-26,7007
3594,磐儀,11,0,11,兆豐-竹北,2024-08-26,7007
6139,亞翔,11,1,10,兆豐-竹北,2024-08-26,7007
00633L,富邦上証正2,10,0,10,兆豐-竹北,2024-08-26,7007
00706L,期元大S＆P日圓正2,10,0,10,兆豐-竹北,2024-08-26,7007
00761B,國泰A級公司債,10,0,10,兆豐-竹北,2024-08-26,7007
00945B,凱基美國非投等債,10,0,10,兆豐-竹北,2024-08-26,7007
1616,億泰,10,0,10,兆豐-竹北,2024-08-26,7007
1725,元禎,10,0,10,兆豐-竹北,2024-08-26,7007
00933B,國泰10Y+金融債,499,0,499,兆豐-竹北,2024-08-27,7007
00676R,富邦臺灣加權反1,400,0,400,兆豐-竹北,2024-08-27,7007
00687B,國泰20年美債,371,0,371,兆豐-竹北,2024-08-27,7007
00680L,元大美債20正2,117,10,107,兆豐-竹北,2024-08-27,7007
2323,中環,50,0,50,兆豐-竹北,2024-08-27,7007
6546,正基,40,0,40,兆豐-竹北,2024-08-27,7007
2610,華航,37,1,36,兆豐-竹北,2024-08-27,7007
00937B,群益ESG投等債20,36,1,35,兆豐-竹北,2024-08-27,7007
3594,磐儀,34,0,34,兆豐-竹北,2024-08-27,7007
00679B,元大美債20年,44,11,33,兆豐-竹北,2024-08-27,7007
00713,元大台灣高息低波,32,0,32,兆豐-竹北,2024-08-27,7007
8084,巨虹,30,0,30,兆豐-竹北,2024-08-27,7007
00878,國泰永續高股息,30,1,29,兆豐-竹北,2024-08-27,7007
3450,聯鈞,34,6,28,兆豐-竹北,2024-08-27,7007
00919,群益台灣精選高息,28,2,26,兆豐-竹北,2024-08-27,7007
2609,陽明,26,1,25,兆豐-竹北,2024-08-27,7007
2891,中信金,62,40,22,兆豐-竹北,2024-08-27,7007
00929,復華台灣科技優息,27,5,22,兆豐-竹北,2024-08-27,7007
2887,台新金,22,0,22,兆豐-竹北,2024-08-27,7007
3317,尼克森,22,0,22,兆豐-竹北,2024-08-27,7007
6143,振曜,26,4,22,兆豐-竹北,2024-08-27,7007
00753L,中信中國50正2,21,0,21,兆豐-竹北,2024-08-27,7007
6215,和椿,22,2,20,兆豐-竹北,2024-08-27,7007
8111,立��,27,8,19,兆豐-竹北,2024-08-27,7007
1301,台塑,18,0,18,兆豐-竹北,2024-08-27,7007
2371,大同,20,2,18,兆豐-竹北,2024-08-27,7007
2201,裕隆,19,2,17,兆豐-竹北,2024-08-27,7007
3033,威健,17,2,15,兆豐-竹北,2024-08-27,7007
5484,慧友,15,0,15,兆豐-竹北,2024-08-27,7007
8028,昇陽半導體,54,41,13,兆豐-竹北,2024-08-27,7007
2374,佳能,14,1,13,兆豐-竹北,2024-08-27,7007
00940,元大台灣價值高息,11,0,11,兆豐-竹北,2024-08-27,7007
6446,藥華藥,11,0,11,兆豐-竹北,2024-08-27,7007
9945,潤泰新,11,0,11,兆豐-竹北,2024-08-27,7007
0056,元大高股息,12,2,10,兆豐-竹北,2024-08-27,7007
00945B,凱基美國非投等債,10,0,10,兆豐-竹北,2024-08-27,7007
1785,光洋科,13,3,10,兆豐-竹北,2024-08-27,7007
2338,光罩,10,0,10,兆豐-竹北,2024-08-27,7007
2506,太設,10,0,10,兆豐-竹北,2024-08-27,7007
2618,長榮航,10,0,10,兆豐-竹北,2024-08-27,7007
3005,神基,10,0,10,兆豐-竹北,2024-08-27,7007
4716,大立,10,0,10,兆豐-竹北,2024-08-27,7007
6742,澤米,10,0,10,兆豐-竹北,2024-08-27,7007
8064,東捷,87,78,9,兆豐-竹北,2024-08-27,7007
1710,東聯,11,2,9,兆豐-竹北,2024-08-27,7007
2615,萬海,11,3,8,兆豐-竹北,2024-08-27,7007
2883,凱基金,8,0,8,兆豐-竹北,2024-08-27,7007
2392,正崴,21,13,8,兆豐-竹北,2024-08-27,7007
1108,幸福,8,0,8,兆豐-竹北,2024-08-27,7007
1569,濱川,8,0,8,兆豐-竹北,2024-08-27,7007
00688L,國泰20年美債正2,167,3,164,兆豐-竹北,2024-08-28,7007
8028,昇陽半導體,135,3,132,兆豐-竹北,2024-08-28,7007
2486,一詮,143,11,132,兆豐-竹北,2024-08-28,7007
00687B,國泰20年美債,113,2,111,兆豐-竹北,2024-08-28,7007
6757,台灣虎航,100,0,100,兆豐-竹北,2024-08-28,7007
00679B,元大美債20年,64,2,62,兆豐-竹北,2024-08-28,7007
00940,元大台灣價值高息,172,115,57,兆豐-竹北,2024-08-28,7007
00772B,中信高評級公司債,50,0,50,兆豐-竹北,2024-08-28,7007
6026,福邦證,50,0,50,兆豐-竹北,2024-08-28,7007
6761,穩得,50,0,50,兆豐-竹北,2024-08-28,7007
00753L,中信中國50正2,61,20,41,兆豐-竹北,2024-08-28,7007
00632R,元大台灣50反1,40,0,40,兆豐-竹北,2024-08-28,7007
00929,復華台灣科技優息,43,5,38,兆豐-竹北,2024-08-28,7007
2609,陽明,41,6,35,兆豐-竹北,2024-08-28,7007
8064,東捷,51,20,31,兆豐-竹北,2024-08-28,7007
2891,中信金,31,3,28,兆豐-竹北,2024-08-28,7007
3689,湧德,31,5,26,兆豐-竹北,2024-08-28,7007
8121,越峰,23,0,23,兆豐-竹北,2024-08-28,7007
00918,大華優利高填息30,22,0,22,兆豐-竹北,2024-08-28,7007
2845,遠東銀,23,2,21,兆豐-竹北,2024-08-28,7007
2867,三商壽,21,0,21,兆豐-竹北,2024-08-28,7007
00830,國泰費城半導體,18,1,17,兆豐-竹北,2024-08-28,7007
00959B,大華投等美債15Y+,17,0,17,兆豐-竹北,2024-08-28,7007
2515,中工,17,0,17,兆豐-竹北,2024-08-28,7007
6182,合晶,16,0,16,兆豐-竹北,2024-08-28,7007
0056,元大高股息,16,1,15,兆豐-竹北,2024-08-28,7007
00725B,國泰投資級公司債,15,0,15,兆豐-竹北,2024-08-28,7007
2388,威盛,14,1,13,兆豐-竹北,2024-08-28,7007
2402,毅嘉,38,25,13,兆豐-竹北,2024-08-28,7007
1805,寶徠,12,0,12,兆豐-竹北,2024-08-28,7007
3265,台星科,12,0,12,兆豐-竹北,2024-08-28,7007
4939,亞電,12,0,12,兆豐-竹北,2024-08-28,7007
9105,泰金寶-DR,12,0,12,兆豐-竹北,2024-08-28,7007
00715L,期街口布蘭特正2,13,2,11,兆豐-竹北,2024-08-28,7007
4102,永日,12,1,11,兆豐-竹北,2024-08-28,7007
5452,佶優,16,5,11,兆豐-竹北,2024-08-28,7007
4562,穎漢,16,5,11,兆豐-竹北,2024-08-28,7007
5443,均豪,25,15,10,兆豐-竹北,2024-08-28,7007
00633L,富邦上証正2,10,0,10,兆豐-竹北,2024-08-28,7007
00936,台新永續高息中小,10,0,10,兆豐-竹北,2024-08-28,7007
6244,茂迪,10,0,10,兆豐-竹北,2024-08-28,7007
6288,聯嘉,10,0,10,兆豐-竹北,2024-08-28,7007
1609,大亞,16,6,10,兆豐-竹北,2024-08-28,7007
8096,擎亞,16,7,9,兆豐-竹北,2024-08-28,7007
00878,國泰永續高股息,10,1,9,兆豐-竹北,2024-08-28,7007
3317,尼克森,9,0,9,兆豐-竹北,2024-08-28,7007
6609,瀧澤科,18,9,9,兆豐-竹北,2024-08-28,7007
8374,羅昇,11,2,9,兆豐-竹北,2024-08-28,7007
2887,台新金,12,4,8,兆豐-竹北,2024-08-28,7007
2349,錸德,39,31,8,兆豐-竹北,2024-08-28,7007
00687B,國泰20年美債,159,5,154,兆豐-竹北,2024-08-29,7007
00671R,富邦NASDAQ反1,53,0,53,兆豐-竹北,2024-08-29,7007
00715L,期街口布蘭特正2,51,0,51,兆豐-竹北,2024-08-29,7007
6757,台灣虎航,50,0,50,兆豐-竹北,2024-08-29,7007
00937B,群益ESG投等債20,54,8,46,兆豐-竹北,2024-08-29,7007
2610,華航,39,0,39,兆豐-竹北,2024-08-29,7007
00679B,元大美債20年,37,0,37,兆豐-竹北,2024-08-29,7007
3591,艾笛森,37,0,37,兆豐-竹北,2024-08-29,7007
2891,中信金,39,4,35,兆豐-竹北,2024-08-29,7007
00857B,永豐20年美公債,33,0,33,兆豐-竹北,2024-08-29,7007
3437,榮創,32,0,32,兆豐-竹北,2024-08-29,7007
2881,富邦金,31,1,30,兆豐-竹北,2024-08-29,7007
2399,映泰,32,2,30,兆豐-竹北,2024-08-29,7007
3231,緯創,28,0,28,兆豐-竹北,2024-08-29,7007
2426,鼎元,40,15,25,兆豐-竹北,2024-08-29,7007
00919,群益台灣精選高息,23,0,23,兆豐-竹北,2024-08-29,7007
00795B,中信美國公債20年,21,0,21,兆豐-竹北,2024-08-29,7007
8084,巨虹,21,0,21,兆豐-竹北,2024-08-29,7007
8091,翔名,22,1,21,兆豐-竹北,2024-08-29,7007
00933B,國泰10Y+金融債,20,0,20,兆豐-竹北,2024-08-29,7007
1304,台聚,20,0,20,兆豐-竹北,2024-08-29,7007
3528,安馳,20,0,20,兆豐-竹北,2024-08-29,7007
00878,國泰永續高股息,19,2,17,兆豐-竹北,2024-08-29,7007
3189,景碩,51,34,17,兆豐-竹北,2024-08-29,7007
3062,建漢,46,30,16,兆豐-竹北,2024-08-29,7007
4952,凌通,16,0,16,兆豐-竹北,2024-08-29,7007
2382,廣達,19,4,15,兆豐-竹北,2024-08-29,7007
3356,奇偶,15,0,15,兆豐-竹北,2024-08-29,7007
2330,台積電,17,4,13,兆豐-竹北,2024-08-29,7007
2886,兆豐金,13,0,13,兆豐-竹北,2024-08-29,7007
1536,和大,14,1,13,兆豐-竹北,2024-08-29,7007
3032,偉訓,15,2,13,兆豐-竹北,2024-08-29,7007
3234,光環,13,0,13,兆豐-竹北,2024-08-29,7007
00915,凱基優選高股息30,11,0,11,兆豐-竹北,2024-08-29,7007
2349,錸德,46,35,11,兆豐-竹北,2024-08-29,7007
2834,臺企銀,11,0,11,兆豐-竹北,2024-08-29,7007
6895,宏碩系統,11,0,11,兆豐-竹北,2024-08-29,7007
2890,永豐金,10,0,10,兆豐-竹北,2024-08-29,7007
00885,富邦越南,10,0,10,兆豐-竹北,2024-08-29,7007
00893,國泰智能電動車,10,0,10,兆豐-竹北,2024-08-29,7007
00753L,中信中國50正2,30,20,10,兆豐-竹北,2024-08-29,7007
1529,樂事綠能,10,0,10,兆豐-竹北,2024-08-29,7007
2302,麗正,10,0,10,兆豐-竹北,2024-08-29,7007
2388,威盛,11,1,10,兆豐-竹北,2024-08-29,7007
3484,崧騰,11,1,10,兆豐-竹北,2024-08-29,7007
4306,炎洲,10,0,10,兆豐-竹北,2024-08-29,7007
4510,高鋒,27,17,10,兆豐-竹北,2024-08-29,7007
9927,泰銘,10,0,10,兆豐-竹北,2024-08-29,7007
2317,鴻海,23,14,9,兆豐-竹北,2024-08-29,7007
2887,台新金,10,2,8,兆豐-竹北,2024-08-29,7007
00687B,國泰20年美債,238,11,227,兆豐-竹北,2024-08-30,7007
2323,中環,144,0,144,兆豐-竹北,2024-08-30,7007
6156,松上,154,19,135,兆豐-竹北,2024-08-30,7007
3356,奇偶,120,15,105,兆豐-竹北,2024-08-30,7007
1416,廣豐,52,0,52,兆豐-竹北,2024-08-30,7007
2891,中信金,52,2,50,兆豐-竹北,2024-08-30,7007
00937B,群益ESG投等債20,50,6,44,兆豐-竹北,2024-08-30,7007
1314,中石化,41,0,41,兆豐-竹北,2024-08-30,7007
2313,華通,54,18,36,兆豐-竹北,2024-08-30,7007
00919,群益台灣精選高息,56,20,36,兆豐-竹北,2024-08-30,7007
00650L,復華香港正2,35,0,35,兆豐-竹北,2024-08-30,7007
00951,台新日本半導體,33,0,33,兆豐-竹北,2024-08-30,7007
00679B,元大美債20年,33,1,32,兆豐-竹北,2024-08-30,7007
6761,穩得,30,0,30,兆豐-竹北,2024-08-30,7007
5225,東科-KY,43,13,30,兆豐-竹北,2024-08-30,7007
3162,精確,30,0,30,兆豐-竹北,2024-08-30,7007
00713,元大台灣高息低波,25,0,25,兆豐-竹北,2024-08-30,7007
2886,兆豐金,25,0,25,兆豐-竹北,2024-08-30,7007
1711,永光,43,18,25,兆豐-竹北,2024-08-30,7007
2388,威盛,29,4,25,兆豐-竹北,2024-08-30,7007
00688L,國泰20年美債正2,23,0,23,兆豐-竹北,2024-08-30,7007
00680L,元大美債20正2,32,10,22,兆豐-竹北,2024-08-30,7007
2883,凱基金,26,5,21,兆豐-竹北,2024-08-30,7007
6757,台灣虎航,20,0,20,兆豐-竹北,2024-08-30,7007
3346,麗清,20,1,19,兆豐-竹北,2024-08-30,7007
3019,亞光,19,2,17,兆豐-竹北,2024-08-30,7007
4561,健椿,24,7,17,兆豐-竹北,2024-08-30,7007
00670L,富邦NASDAQ正2,16,0,16,兆豐-竹北,2024-08-30,7007
00959B,大華投等美債15Y+,15,0,15,兆豐-竹北,2024-08-30,7007
8084,巨虹,15,0,15,兆豐-竹北,2024-08-30,7007
2409,友達,17,3,14,兆豐-竹北,2024-08-30,7007
2367,燿華,157,143,14,兆豐-竹北,2024-08-30,7007
4952,凌通,14,0,14,兆豐-竹北,2024-08-30,7007
2402,毅嘉,28,15,13,兆豐-竹北,2024-08-30,7007
8121,越峰,17,4,13,兆豐-竹北,2024-08-30,7007
3037,欣興,21,8,13,兆豐-竹北,2024-08-30,7007
00929,復華台灣科技優息,16,3,13,兆豐-竹北,2024-08-30,7007
00918,大華優利高填息30,12,0,12,兆豐-竹北,2024-08-30,7007
1815,富喬,16,4,12,兆豐-竹北,2024-08-30,7007
2392,正崴,13,2,11,兆豐-竹北,2024-08-30,7007
00878,國泰永續高股息,22,11,11,兆豐-竹北,2024-08-30,7007
0050,元大台灣50,10,0,10,兆豐-竹北,2024-08-30,7007
00936,台新永續高息中小,10,0,10,兆豐-竹北,2024-08-30,7007
1338,廣華-KY,10,0,10,兆豐-竹北,2024-08-30,7007
2109,華豐,10,0,10,兆豐-竹北,2024-08-30,7007
2534,宏盛,10,0,10,兆豐-竹北,2024-08-30,7007
2739,寒舍,10,0,10,兆豐-竹北,2024-08-30,7007
3515,華擎,10,0,10,兆豐-竹北,2024-08-30,7007
4976,佳凌,10,0,10,兆豐-竹北,2024-08-30,7007
6116,彩晶,10,0,10,兆豐-竹北,2024-08-30,7007
00687B,國泰20年美債,359,0,359,兆豐-竹北,2024-09-02,7007
00665L,富邦�琤肭磪囓�2,182,0,182,兆豐-竹北,2024-09-02,7007
00937B,群益ESG投等債20,103,4,99,兆豐-竹北,2024-09-02,7007
00715L,期街口布蘭特正2,88,0,88,兆豐-竹北,2024-09-02,7007
3481,群創,74,3,71,兆豐-竹北,2024-09-02,7007
3356,奇偶,76,20,56,兆豐-竹北,2024-09-02,7007
00942B,台新美A公司債20+,55,1,54,兆豐-竹北,2024-09-02,7007
00679B,元大美債20年,53,0,53,兆豐-竹北,2024-09-02,7007
00688L,國泰20年美債正2,53,0,53,兆豐-竹北,2024-09-02,7007
5245,智晶,93,41,52,兆豐-竹北,2024-09-02,7007
3231,緯創,54,4,50,兆豐-竹北,2024-09-02,7007
00945B,凱基美國非投等債,50,1,49,兆豐-竹北,2024-09-02,7007
2615,萬海,58,10,48,兆豐-竹北,2024-09-02,7007
00713,元大台灣高息低波,43,0,43,兆豐-竹北,2024-09-02,7007
00680L,元大美債20正2,46,10,36,兆豐-竹北,2024-09-02,7007
2317,鴻海,57,26,31,兆豐-竹北,2024-09-02,7007
00959B,大華投等美債15Y+,31,0,31,兆豐-竹北,2024-09-02,7007
2489,瑞軒,30,0,30,兆豐-竹北,2024-09-02,7007
6757,台灣虎航,30,0,30,兆豐-竹北,2024-09-02,7007
00915,凱基優選高股息30,28,0,28,兆豐-竹北,2024-09-02,7007
00887,永豐中國科技50大,30,3,27,兆豐-竹北,2024-09-02,7007
1618,合機,23,1,22,兆豐-竹北,2024-09-02,7007
2313,華通,28,7,21,兆豐-竹北,2024-09-02,7007
3437,榮創,31,10,21,兆豐-竹北,2024-09-02,7007
00633L,富邦上証正2,20,0,20,兆豐-竹北,2024-09-02,7007
6143,振曜,21,1,20,兆豐-竹北,2024-09-02,7007
6168,宏齊,20,0,20,兆豐-竹北,2024-09-02,7007
6727,亞泰金屬,20,0,20,兆豐-竹北,2024-09-02,7007
00878,國泰永續高股息,19,0,19,兆豐-竹北,2024-09-02,7007
1815,富喬,18,1,17,兆豐-竹北,2024-09-02,7007
3490,單井,17,0,17,兆豐-竹北,2024-09-02,7007
00712,復華富時不動產,15,0,15,兆豐-竹北,2024-09-02,7007
3162,精確,15,0,15,兆豐-竹北,2024-09-02,7007
6446,藥華藥,18,4,14,兆豐-竹北,2024-09-02,7007
00642U,期元大S＆P石油,14,0,14,兆豐-竹北,2024-09-02,7007
6215,和椿,14,0,14,兆豐-竹北,2024-09-02,7007
2426,鼎元,15,2,13,兆豐-竹北,2024-09-02,7007
00857B,永豐20年美公債,12,0,12,兆豐-竹北,2024-09-02,7007
4909,新復興,28,16,12,兆豐-竹北,2024-09-02,7007
2330,台積電,14,2,12,兆豐-竹北,2024-09-02,7007
1314,中石化,11,0,11,兆豐-竹北,2024-09-02,7007
2537,聯上發,31,20,11,兆豐-竹北,2024-09-02,7007
3710,連展投控,11,0,11,兆豐-竹北,2024-09-02,7007
1786,科妍,10,0,10,兆豐-竹北,2024-09-02,7007
00918,大華優利高填息30,10,0,10,兆豐-竹北,2024-09-02,7007
1304,台聚,10,0,10,兆豐-竹北,2024-09-02,7007
1446,宏和,19,9,10,兆豐-竹北,2024-09-02,7007
5222,全訊,10,0,10,兆豐-竹北,2024-09-02,7007
6152,百一,10,0,10,兆豐-竹北,2024-09-02,7007
2388,威盛,10,0,10,兆豐-竹北,2024-09-02,7007
00679B,元大美債20年,181,1,180,兆豐-竹北,2024-09-03,7007
00937B,群益ESG投等債20,157,1,156,兆豐-竹北,2024-09-03,7007
2323,中環,151,0,151,兆豐-竹北,2024-09-03,7007
3356,奇偶,103,0,103,兆豐-竹北,2024-09-03,7007
00919,群益台灣精選高息,99,4,95,兆豐-竹北,2024-09-03,7007
00713,元大台灣高息低波,63,0,63,兆豐-竹北,2024-09-03,7007
00857B,永豐20年美公債,50,0,50,兆豐-竹北,2024-09-03,7007
2439,美律,50,1,49,兆豐-竹北,2024-09-03,7007
00918,大華優利高填息30,44,0,44,兆豐-竹北,2024-09-03,7007
6742,澤米,41,0,41,兆豐-竹北,2024-09-03,7007
2314,台揚,40,0,40,兆豐-竹北,2024-09-03,7007
00878,國泰永續高股息,33,1,32,兆豐-竹北,2024-09-03,7007
00687B,國泰20年美債,34,3,31,兆豐-竹北,2024-09-03,7007
00948B,中信優息投資級債,30,0,30,兆豐-竹北,2024-09-03,7007
1314,中石化,30,0,30,兆豐-竹北,2024-09-03,7007
3162,精確,30,0,30,兆豐-竹北,2024-09-03,7007
1805,寶徠,28,0,28,兆豐-竹北,2024-09-03,7007
1815,富喬,38,13,25,兆豐-竹北,2024-09-03,7007
6215,和椿,29,5,24,兆豐-竹北,2024-09-03,7007
3231,緯創,25,3,22,兆豐-竹北,2024-09-03,7007
6143,振曜,27,5,22,兆豐-竹北,2024-09-03,7007
2610,華航,21,0,21,兆豐-竹北,2024-09-03,7007
2534,宏盛,20,0,20,兆豐-竹北,2024-09-03,7007
2891,中信金,20,2,18,兆豐-竹北,2024-09-03,7007
2449,京元電子,20,2,18,兆豐-竹北,2024-09-03,7007
0056,元大高股息,17,0,17,兆豐-竹北,2024-09-03,7007
2615,萬海,20,5,15,兆豐-竹北,2024-09-03,7007
6761,穩得,15,0,15,兆豐-竹北,2024-09-03,7007
2201,裕隆,15,1,14,兆豐-竹北,2024-09-03,7007
1301,台塑,15,1,14,兆豐-竹北,2024-09-03,7007
2486,一詮,22,8,14,兆豐-竹北,2024-09-03,7007
00945B,凱基美國非投等債,12,0,12,兆豐-竹北,2024-09-03,7007
3037,欣興,14,2,12,兆豐-竹北,2024-09-03,7007
2455,全新,13,2,11,兆豐-竹北,2024-09-03,7007
6213,聯茂,31,20,11,兆豐-竹北,2024-09-03,7007
00946,群益科技高息成長,10,0,10,兆豐-竹北,2024-09-03,7007
1616,億泰,10,0,10,兆豐-竹北,2024-09-03,7007
1714,和桐,10,0,10,兆豐-竹北,2024-09-03,7007
2109,華豐,10,0,10,兆豐-竹北,2024-09-03,7007
4949,有成精密,10,0,10,兆豐-竹北,2024-09-03,7007
6104,創惟,10,0,10,兆豐-竹北,2024-09-03,7007
6116,彩晶,10,0,10,兆豐-竹北,2024-09-03,7007
3693,營邦,10,0,10,兆豐-竹北,2024-09-03,7007
9958,世紀鋼,11,2,9,兆豐-竹北,2024-09-03,7007
1609,大亞,20,11,9,兆豐-竹北,2024-09-03,7007
2002,中鋼,9,0,9,兆豐-竹北,2024-09-03,7007
2008,高興昌,9,0,9,兆豐-竹北,2024-09-03,7007
3522,御嵿,8,0,8,兆豐-竹北,2024-09-03,7007
2359,所羅門,15,7,8,兆豐-竹北,2024-09-03,7007
5347,世界,8,0,8,兆豐-竹北,2024-09-03,7007
6757,台灣虎航,360,0,360,兆豐-竹北,2024-09-04,7007
00937B,群益ESG投等債20,297,15,282,兆豐-竹北,2024-09-04,7007
00919,群益台灣精選高息,274,21,253,兆豐-竹北,2024-09-04,7007
00715L,期街口布蘭特正2,249,1,248,兆豐-竹北,2024-09-04,7007
00878,國泰永續高股息,151,10,141,兆豐-竹北,2024-09-04,7007
00642U,期元大S＆P石油,143,2,141,兆豐-竹北,2024-09-04,7007
00940,元大台灣價值高息,108,2,106,兆豐-竹北,2024-09-04,7007
1314,中石化,100,0,100,兆豐-竹北,2024-09-04,7007
00918,大華優利高填息30,73,0,73,兆豐-竹北,2024-09-04,7007
2330,台積電,83,17,66,兆豐-竹北,2024-09-04,7007
0056,元大高股息,76,10,66,兆豐-竹北,2024-09-04,7007
00713,元大台灣高息低波,54,0,54,兆豐-竹北,2024-09-04,7007
2886,兆豐金,45,0,45,兆豐-竹北,2024-09-04,7007
2610,華航,47,8,39,兆豐-竹北,2024-09-04,7007
1301,台塑,40,2,38,兆豐-竹北,2024-09-04,7007
00712,復華富時不動產,37,0,37,兆豐-竹北,2024-09-04,7007
00697B,元大美債7-10,37,0,37,兆豐-竹北,2024-09-04,7007
2301,光寶科,36,0,36,兆豐-竹北,2024-09-04,7007
00943,兆豐電子高息等權,36,0,36,兆豐-竹北,2024-09-04,7007
6443,元晶,39,3,36,兆豐-竹北,2024-09-04,7007
00753L,中信中國50正2,55,21,34,兆豐-竹北,2024-09-04,7007
2002,中鋼,33,0,33,兆豐-竹北,2024-09-04,7007
00720B,元大投資級公司債,30,0,30,兆豐-竹北,2024-09-04,7007
2801,彰銀,28,0,28,兆豐-竹北,2024-09-04,7007
2834,臺企銀,27,0,27,兆豐-竹北,2024-09-04,7007
2363,矽統,27,1,26,兆豐-竹北,2024-09-04,7007
3162,精確,25,0,25,兆豐-竹北,2024-09-04,7007
8249,菱光,25,0,25,兆豐-竹北,2024-09-04,7007
0050,元大台灣50,29,5,24,兆豐-竹北,2024-09-04,7007
2891,中信金,56,32,24,兆豐-竹北,2024-09-04,7007
2881,富邦金,26,3,23,兆豐-竹北,2024-09-04,7007
3363,上詮,35,13,22,兆豐-竹北,2024-09-04,7007
3037,欣興,34,12,22,兆豐-竹北,2024-09-04,7007
00881,國泰台灣5G+,21,0,21,兆豐-竹北,2024-09-04,7007
3058,立德,20,0,20,兆豐-竹北,2024-09-04,7007
4949,有成精密,20,0,20,兆豐-竹北,2024-09-04,7007
00929,復華台灣科技優息,237,218,19,兆豐-竹北,2024-09-04,7007
6143,振曜,25,8,17,兆豐-竹北,2024-09-04,7007
4561,健椿,30,13,17,兆豐-竹北,2024-09-04,7007
00915,凱基優選高股息30,58,41,17,兆豐-竹北,2024-09-04,7007
00923,群益台ESG低碳50,27,10,17,兆豐-竹北,2024-09-04,7007
2382,廣達,27,11,16,兆豐-竹北,2024-09-04,7007
8096,擎亞,17,1,16,兆豐-竹北,2024-09-04,7007
3522,御嵿,24,8,16,兆豐-竹北,2024-09-04,7007
006208,富邦台50,16,0,16,兆豐-竹北,2024-09-04,7007
00830,國泰費城半導體,15,0,15,兆豐-竹北,2024-09-04,7007
2511,太子,15,0,15,兆豐-竹北,2024-09-04,7007
4123,晟德,15,0,15,兆豐-竹北,2024-09-04,7007
2313,華通,16,2,14,兆豐-竹北,2024-09-04,7007
6415,矽力*-KY,17,3,14,兆豐-竹北,2024-09-04,7007
00632R,元大台灣50反1,5353,0,5353,兆豐-竹北,2024-09-05,7007
00664R,國泰臺灣加權反1,210,0,210,兆豐-竹北,2024-09-05,7007
00676R,富邦臺灣加權反1,200,0,200,兆豐-竹北,2024-09-05,7007
00679B,元大美債20年,168,21,147,兆豐-竹北,2024-09-05,7007
1540,喬福,150,19,131,兆豐-竹北,2024-09-05,7007
00919,群益台灣精選高息,156,43,113,兆豐-竹北,2024-09-05,7007
00648R,元大S＆P500反1,86,0,86,兆豐-竹北,2024-09-05,7007
00715L,期街口布蘭特正2,72,0,72,兆豐-竹北,2024-09-05,7007
00940,元大台灣價值高息,73,2,71,兆豐-竹北,2024-09-05,7007
00918,大華優利高填息30,62,0,62,兆豐-竹北,2024-09-05,7007
2402,毅嘉,66,4,62,兆豐-竹北,2024-09-05,7007
6770,力積電,80,24,56,兆豐-竹北,2024-09-05,7007
00878,國泰永續高股息,57,2,55,兆豐-竹北,2024-09-05,7007
00929,復華台灣科技優息,66,17,49,兆豐-竹北,2024-09-05,7007
3481,群創,48,2,46,兆豐-竹北,2024-09-05,7007
2344,華邦電,47,3,44,兆豐-竹北,2024-09-05,7007
00937B,群益ESG投等債20,129,90,39,兆豐-竹北,2024-09-05,7007
6143,振曜,44,10,34,兆豐-竹北,2024-09-05,7007
00713,元大台灣高息低波,31,0,31,兆豐-竹北,2024-09-05,7007
2352,佳世達,25,1,24,兆豐-竹北,2024-09-05,7007
5225,東科-KY,23,0,23,兆豐-竹北,2024-09-05,7007
2349,錸德,42,19,23,兆豐-竹北,2024-09-05,7007
00642U,期元大S＆P石油,22,0,22,兆豐-竹北,2024-09-05,7007
5512,力麒,21,1,20,兆豐-竹北,2024-09-05,7007
00915,凱基優選高股息30,27,7,20,兆豐-竹北,2024-09-05,7007
00943,兆豐電子高息等權,20,0,20,兆豐-竹北,2024-09-05,7007
6488,環球晶,19,0,19,兆豐-竹北,2024-09-05,7007
2317,鴻海,30,12,18,兆豐-竹北,2024-09-05,7007
3231,緯創,25,7,18,兆豐-竹北,2024-09-05,7007
6215,和椿,18,0,18,兆豐-竹北,2024-09-05,7007
2408,南亞科,18,1,17,兆豐-竹北,2024-09-05,7007
1314,中石化,16,0,16,兆豐-竹北,2024-09-05,7007
2206,三陽工業,16,0,16,兆豐-竹北,2024-09-05,7007
2504,國產,16,0,16,兆豐-竹北,2024-09-05,7007
00650L,復華香港正2,15,0,15,兆豐-竹北,2024-09-05,7007
5347,世界,20,5,15,兆豐-竹北,2024-09-05,7007
00946,群益科技高息成長,20,6,14,兆豐-竹北,2024-09-05,7007
2449,京元電子,74,60,14,兆豐-竹北,2024-09-05,7007
3617,碩天,14,0,14,兆豐-竹北,2024-09-05,7007
0056,元大高股息,14,0,14,兆豐-竹北,2024-09-05,7007
2489,瑞軒,64,50,14,兆豐-竹北,2024-09-05,7007
00680L,元大美債20正2,65,52,13,兆豐-竹北,2024-09-05,7007
00936,台新永續高息中小,13,0,13,兆豐-竹北,2024-09-05,7007
2367,燿華,18,5,13,兆豐-竹北,2024-09-05,7007
4562,穎漢,19,6,13,兆豐-竹北,2024-09-05,7007
00712,復華富時不動產,12,1,11,兆豐-竹北,2024-09-05,7007
8070,長華*,15,4,11,兆豐-竹北,2024-09-05,7007
00857B,永豐20年美公債,10,0,10,兆豐-竹北,2024-09-05,7007
00882,中信中國高股息,10,0,10,兆豐-竹北,2024-09-05,7007
00945B,凱基美國非投等債,10,0,10,兆豐-竹北,2024-09-05,7007
00933B,國泰10Y+金融債,102,0,102,兆豐-竹北,2024-09-06,7007
00937B,群益ESG投等債20,147,73,74,兆豐-竹北,2024-09-06,7007
2489,瑞軒,82,10,72,兆豐-竹北,2024-09-06,7007
2002,中鋼,58,0,58,兆豐-竹北,2024-09-06,7007
00919,群益台灣精選高息,60,3,57,兆豐-竹北,2024-09-06,7007
00795B,中信美國公債20年,54,0,54,兆豐-竹北,2024-09-06,7007
00688L,國泰20年美債正2,58,12,46,兆豐-竹北,2024-09-06,7007
2388,威盛,46,1,45,兆豐-竹北,2024-09-06,7007
00940,元大台灣價值高息,71,42,29,兆豐-竹北,2024-09-06,7007
00642U,期元大S＆P石油,22,0,22,兆豐-竹北,2024-09-06,7007
00712,復華富時不動產,30,10,20,兆豐-竹北,2024-09-06,7007
6189,豐藝,20,0,20,兆豐-竹北,2024-09-06,7007
8011,台通,20,0,20,兆豐-竹北,2024-09-06,7007
006208,富邦台50,17,0,17,兆豐-竹北,2024-09-06,7007
00945B,凱基美國非投等債,17,0,17,兆豐-竹北,2024-09-06,7007
2515,中工,17,0,17,兆豐-竹北,2024-09-06,7007
00878,國泰永續高股息,16,0,16,兆豐-竹北,2024-09-06,7007
2313,華通,21,5,16,兆豐-竹北,2024-09-06,7007
6274,台燿,20,4,16,兆豐-竹北,2024-09-06,7007
2618,長榮航,39,24,15,兆豐-竹北,2024-09-06,7007
00715L,期街口布蘭特正2,14,0,14,兆豐-竹北,2024-09-06,7007
2497,怡利電,16,2,14,兆豐-竹北,2024-09-06,7007
00918,大華優利高填息30,13,0,13,兆豐-竹北,2024-09-06,7007
00680L,元大美債20正2,13,0,13,兆豐-竹北,2024-09-06,7007
1815,富喬,18,5,13,兆豐-竹北,2024-09-06,7007
6405,悅城,38,25,13,兆豐-竹北,2024-09-06,7007
0056,元大高股息,12,1,11,兆豐-竹北,2024-09-06,7007
3017,奇鋐,11,0,11,兆豐-竹北,2024-09-06,7007
2891,中信金,11,0,11,兆豐-竹北,2024-09-06,7007
00951,台新日本半導體,11,0,11,兆豐-竹北,2024-09-06,7007
2610,華航,41,30,11,兆豐-竹北,2024-09-06,7007
3535,晶彩科,11,0,11,兆豐-竹北,2024-09-06,7007
00857B,永豐20年美公債,10,0,10,兆豐-竹北,2024-09-06,7007
2374,佳能,12,2,10,兆豐-竹北,2024-09-06,7007
2417,圓剛,10,0,10,兆豐-竹北,2024-09-06,7007
6415,矽力*-KY,10,0,10,兆豐-竹北,2024-09-06,7007
9945,潤泰新,10,0,10,兆豐-竹北,2024-09-06,7007
00930,永豐ESG低碳高息,9,0,9,兆豐-竹北,2024-09-06,7007
1735,日勝化,12,3,9,兆豐-竹北,2024-09-06,7007
8374,羅昇,16,7,9,兆豐-竹北,2024-09-06,7007
6488,環球晶,9,1,8,兆豐-竹北,2024-09-06,7007
2337,旺宏,9,2,7,兆豐-竹北,2024-09-06,7007
00935,野村臺灣新科技50,6,0,6,兆豐-竹北,2024-09-06,7007
2062,橋椿,6,0,6,兆豐-竹北,2024-09-06,7007
2464,盟立,10,4,6,兆豐-竹北,2024-09-06,7007
4961,天鈺,7,1,6,兆豐-竹北,2024-09-06,7007
5392,能率,6,0,6,兆豐-竹北,2024-09-06,7007
8039,台虹,6,0,6,兆豐-竹北,2024-09-06,7007
00713,元大台灣高息低波,5,0,5,兆豐-竹北,2024-09-06,7007
00881,國泰台灣5G+,5,0,5,兆豐-竹北,2024-09-06,7007
00919,群益台灣精選高息,172,32,140,兆豐-竹北,2024-09-09,7007
00929,復華台灣科技優息,148,10,138,兆豐-竹北,2024-09-09,7007
00937B,群益ESG投等債20,103,11,92,兆豐-竹北,2024-09-09,7007
00878,國泰永續高股息,71,0,71,兆豐-竹北,2024-09-09,7007
00795B,中信美國公債20年,56,0,56,兆豐-竹北,2024-09-09,7007
3189,景碩,57,4,53,兆豐-竹北,2024-09-09,7007
00940,元大台灣價值高息,81,31,50,兆豐-竹北,2024-09-09,7007
00687B,國泰20年美債,74,28,46,兆豐-竹北,2024-09-09,7007
2317,鴻海,45,4,41,兆豐-竹北,2024-09-09,7007
2891,中信金,46,7,39,兆豐-竹北,2024-09-09,7007
00713,元大台灣高息低波,39,0,39,兆豐-竹北,2024-09-09,7007
5245,智晶,36,0,36,兆豐-竹北,2024-09-09,7007
00680L,元大美債20正2,35,0,35,兆豐-竹北,2024-09-09,7007
00688L,國泰20年美債正2,34,0,34,兆豐-竹北,2024-09-09,7007
6770,力積電,34,0,34,兆豐-竹北,2024-09-09,7007
00715L,期街口布蘭特正2,33,0,33,兆豐-竹北,2024-09-09,7007
6215,和椿,33,1,32,兆豐-竹北,2024-09-09,7007
00915,凱基優選高股息30,38,7,31,兆豐-竹北,2024-09-09,7007
00918,大華優利高填息30,31,0,31,兆豐-竹北,2024-09-09,7007
2002,中鋼,26,0,26,兆豐-竹北,2024-09-09,7007
2881,富邦金,24,0,24,兆豐-竹北,2024-09-09,7007
3231,緯創,35,12,23,兆豐-竹北,2024-09-09,7007
5347,世界,20,0,20,兆豐-竹北,2024-09-09,7007
8076,伍豐,20,0,20,兆豐-竹北,2024-09-09,7007
3715,定穎投控,28,10,18,兆豐-竹北,2024-09-09,7007
3481,群創,25,8,17,兆豐-竹北,2024-09-09,7007
00881,國泰台灣5G+,17,0,17,兆豐-竹北,2024-09-09,7007
006208,富邦台50,16,0,16,兆豐-竹北,2024-09-09,7007
0050,元大台灣50,16,0,16,兆豐-竹北,2024-09-09,7007
2330,台積電,15,0,15,兆豐-竹北,2024-09-09,7007
00712,復華富時不動產,15,0,15,兆豐-竹北,2024-09-09,7007
2885,元大金,15,0,15,兆豐-竹北,2024-09-09,7007
2609,陽明,19,5,14,兆豐-竹北,2024-09-09,7007
00951,台新日本半導體,12,0,12,兆豐-竹北,2024-09-09,7007
2388,威盛,15,3,12,兆豐-竹北,2024-09-09,7007
3162,精確,12,0,12,兆豐-竹北,2024-09-09,7007
0056,元大高股息,15,5,10,兆豐-竹北,2024-09-09,7007
00954,中信日本半導體,10,0,10,兆豐-竹北,2024-09-09,7007
1605,華新,10,0,10,兆豐-竹北,2024-09-09,7007
2417,圓剛,10,0,10,兆豐-竹北,2024-09-09,7007
3048,益登,10,0,10,兆豐-竹北,2024-09-09,7007
3323,加百裕,10,0,10,兆豐-竹北,2024-09-09,7007
3708,上緯投控,15,5,10,兆豐-竹北,2024-09-09,7007
6405,悅城,14,4,10,兆豐-竹北,2024-09-09,7007
8070,長華*,21,11,10,兆豐-竹北,2024-09-09,7007
6415,矽力*-KY,11,2,9,兆豐-竹北,2024-09-09,7007
00882,中信中國高股息,28,20,8,兆豐-竹北,2024-09-09,7007
2337,旺宏,13,5,8,兆豐-竹北,2024-09-09,7007
2376,技嘉,8,0,8,兆豐-竹北,2024-09-09,7007
6541,泰福-KY,8,0,8,兆豐-竹北,2024-09-09,7007
00937B,群益ESG投等債20,331,1,330,兆豐-竹北,2024-09-10,7007
8028,昇陽半導體,103,0,103,兆豐-竹北,2024-09-10,7007
00919,群益台灣精選高息,81,11,70,兆豐-竹北,2024-09-10,7007
1815,富喬,92,27,65,兆豐-竹北,2024-09-10,7007
00878,國泰永續高股息,56,3,53,兆豐-竹北,2024-09-10,7007
00795B,中信美國公債20年,50,2,48,兆豐-竹北,2024-09-10,7007
0056,元大高股息,53,6,47,兆豐-竹北,2024-09-10,7007
5245,智晶,45,0,45,兆豐-竹北,2024-09-10,7007
4952,凌通,36,0,36,兆豐-竹北,2024-09-10,7007
2349,錸德,34,0,34,兆豐-竹北,2024-09-10,7007
00945B,凱基美國非投等債,33,0,33,兆豐-竹北,2024-09-10,7007
2891,中信金,34,2,32,兆豐-竹北,2024-09-10,7007
00688L,國泰20年美債正2,32,0,32,兆豐-竹北,2024-09-10,7007
00715L,期街口布蘭特正2,32,0,32,兆豐-竹北,2024-09-10,7007
3535,晶彩科,27,0,27,兆豐-竹北,2024-09-10,7007
00918,大華優利高填息30,31,5,26,兆豐-竹北,2024-09-10,7007
00713,元大台灣高息低波,27,1,26,兆豐-竹北,2024-09-10,7007
00687B,國泰20年美債,80,56,24,兆豐-竹北,2024-09-10,7007
3037,欣興,27,4,23,兆豐-竹北,2024-09-10,7007
00940,元大台灣價值高息,23,0,23,兆豐-竹北,2024-09-10,7007
8936,國統,42,19,23,兆豐-竹北,2024-09-10,7007
5347,世界,24,3,21,兆豐-竹北,2024-09-10,7007
6761,穩得,22,2,20,兆豐-竹北,2024-09-10,7007
1725,元禎,19,0,19,兆豐-竹北,2024-09-10,7007
2317,鴻海,31,12,19,兆豐-竹北,2024-09-10,7007
2313,華通,22,6,16,兆豐-竹北,2024-09-10,7007
6245,立端,15,0,15,兆豐-竹北,2024-09-10,7007
2417,圓剛,15,0,15,兆豐-竹北,2024-09-10,7007
3231,緯創,14,0,14,兆豐-竹北,2024-09-10,7007
1786,科妍,16,2,14,兆豐-竹北,2024-09-10,7007
1805,寶徠,14,0,14,兆豐-竹北,2024-09-10,7007
2402,毅嘉,29,15,14,兆豐-竹北,2024-09-10,7007
2439,美律,13,0,13,兆豐-竹北,2024-09-10,7007
3673,TPK-KY,13,0,13,兆豐-竹北,2024-09-10,7007
2303,聯電,15,2,13,兆豐-竹北,2024-09-10,7007
2337,旺宏,28,16,12,兆豐-竹北,2024-09-10,7007
1514,亞力,11,0,11,兆豐-竹北,2024-09-10,7007
4729,熒茂,17,6,11,兆豐-竹北,2024-09-10,7007
00679B,元大美債20年,18,7,11,兆豐-竹北,2024-09-10,7007
2363,矽統,10,0,10,兆豐-竹北,2024-09-10,7007
00712,復華富時不動產,10,0,10,兆豐-竹北,2024-09-10,7007
1409,新纖,10,0,10,兆豐-竹北,2024-09-10,7007
2109,華豐,10,0,10,兆豐-竹北,2024-09-10,7007
2312,金寶,11,1,10,兆豐-竹北,2024-09-10,7007
2867,三商壽,10,0,10,兆豐-竹北,2024-09-10,7007
3360,尚立,10,0,10,兆豐-竹北,2024-09-10,7007
5876,上海商銀,10,0,10,兆豐-竹北,2024-09-10,7007
8091,翔名,10,0,10,兆豐-竹北,2024-09-10,7007
8937,合騏,10,0,10,兆豐-竹北,2024-09-10,7007
9927,泰銘,10,0,10,兆豐-竹北,2024-09-10,7007
00632R,元大台灣50反1,350,0,350,兆豐-竹北,2024-09-11,7007
00680L,元大美債20正2,375,28,347,兆豐-竹北,2024-09-11,7007
00933B,國泰10Y+金融債,274,0,274,兆豐-竹北,2024-09-11,7007
00937B,群益ESG投等債20,229,86,143,兆豐-竹北,2024-09-11,7007
3356,奇偶,127,14,113,兆豐-竹北,2024-09-11,7007
00688L,國泰20年美債正2,110,18,92,兆豐-竹北,2024-09-11,7007
00957B,兆豐US優選投等債,110,35,75,兆豐-竹北,2024-09-11,7007
00687B,國泰20年美債,87,22,65,兆豐-竹北,2024-09-11,7007
00929,復華台灣科技優息,73,10,63,兆豐-竹北,2024-09-11,7007
00919,群益台灣精選高息,66,6,60,兆豐-竹北,2024-09-11,7007
00950B,凱基A級公司債,56,0,56,兆豐-竹北,2024-09-11,7007
00795B,中信美國公債20年,50,0,50,兆豐-竹北,2024-09-11,7007
00679B,元大美債20年,51,13,38,兆豐-竹北,2024-09-11,7007
00915,凱基優選高股息30,49,12,37,兆豐-竹北,2024-09-11,7007
00918,大華優利高填息30,35,1,34,兆豐-竹北,2024-09-11,7007
1314,中石化,30,0,30,兆豐-竹北,2024-09-11,7007
00675L,富邦臺灣加權正2,31,3,28,兆豐-竹北,2024-09-11,7007
00930,永豐ESG低碳高息,28,0,28,兆豐-竹北,2024-09-11,7007
00948B,中信優息投資級債,25,1,24,兆豐-竹北,2024-09-11,7007
2504,國產,24,0,24,兆豐-竹北,2024-09-11,7007
1301,台塑,23,0,23,兆豐-竹北,2024-09-11,7007
2515,中工,23,0,23,兆豐-竹北,2024-09-11,7007
00715L,期街口布蘭特正2,35,13,22,兆豐-竹北,2024-09-11,7007
00642U,期元大S＆P石油,21,0,21,兆豐-竹北,2024-09-11,7007
00637L,元大滬深300正2,21,0,21,兆豐-竹北,2024-09-11,7007
2609,陽明,26,6,20,兆豐-竹北,2024-09-11,7007
00753L,中信中國50正2,20,0,20,兆豐-竹北,2024-09-11,7007
2206,三陽工業,20,0,20,兆豐-竹北,2024-09-11,7007
3707,漢磊,24,4,20,兆豐-竹北,2024-09-11,7007
8039,台虹,20,0,20,兆豐-竹北,2024-09-11,7007
1785,光洋科,19,0,19,兆豐-竹北,2024-09-11,7007
3535,晶彩科,25,7,18,兆豐-竹北,2024-09-11,7007
2406,國碩,15,0,15,兆豐-竹北,2024-09-11,7007
3419,譁裕,19,4,15,兆豐-竹北,2024-09-11,7007
0056,元大高股息,15,0,15,兆豐-竹北,2024-09-11,7007
2002,中鋼,28,14,14,兆豐-竹北,2024-09-11,7007
2388,威盛,20,6,14,兆豐-竹北,2024-09-11,7007
4566,時碩工業,18,5,13,兆豐-竹北,2024-09-11,7007
6111,大宇資,20,7,13,兆豐-竹北,2024-09-11,7007
00631L,元大台灣50正2,12,0,12,兆豐-竹北,2024-09-11,7007
2362,藍天,14,2,12,兆豐-竹北,2024-09-11,7007
00945B,凱基美國非投等債,11,0,11,兆豐-竹北,2024-09-11,7007
6148,驊宏資,15,4,11,兆豐-竹北,2024-09-11,7007
6122,擎邦,10,0,10,兆豐-竹北,2024-09-11,7007
00878,國泰永續高股息,28,19,9,兆豐-竹北,2024-09-11,7007
2883,凱基金,9,0,9,兆豐-竹北,2024-09-11,7007
00882,中信中國高股息,9,0,9,兆豐-竹北,2024-09-11,7007
4102,永日,9,0,9,兆豐-竹北,2024-09-11,7007
8028,昇陽半導體,10,1,9,兆豐-竹北,2024-09-11,7007
0050,元大台灣50,9,0,9,兆豐-竹北,2024-09-11,7007
00632R,元大台灣50反1,252,30,222,兆豐-竹北,2024-09-12,7007
2891,中信金,174,3,171,兆豐-竹北,2024-09-12,7007
00937B,群益ESG投等債20,201,49,152,兆豐-竹北,2024-09-12,7007
00919,群益台灣精選高息,86,7,79,兆豐-竹北,2024-09-12,7007
2464,盟立,61,1,60,兆豐-竹北,2024-09-12,7007
6742,澤米,56,0,56,兆豐-竹北,2024-09-12,7007
2834,臺企銀,40,0,40,兆豐-竹北,2024-09-12,7007
1522,堤維西,40,2,38,兆豐-竹北,2024-09-12,7007
00712,復華富時不動產,35,0,35,兆豐-竹北,2024-09-12,7007
00921,兆豐龍頭等權重,30,0,30,兆豐-竹北,2024-09-12,7007
00930,永豐ESG低碳高息,30,0,30,兆豐-竹北,2024-09-12,7007
4707,磐亞,30,0,30,兆豐-竹北,2024-09-12,7007
3189,景碩,68,39,29,兆豐-竹北,2024-09-12,7007
2449,京元電子,94,68,26,兆豐-竹北,2024-09-12,7007
2455,全新,23,1,22,兆豐-竹北,2024-09-12,7007
5347,世界,22,1,21,兆豐-竹北,2024-09-12,7007
006205,富邦上証,17,0,17,兆豐-竹北,2024-09-12,7007
2497,怡利電,34,18,16,兆豐-竹北,2024-09-12,7007
3303,岱稜,21,6,15,兆豐-竹北,2024-09-12,7007
2382,廣達,22,8,14,兆豐-竹北,2024-09-12,7007
2887,台新金,13,0,13,兆豐-竹北,2024-09-12,7007
2610,華航,12,0,12,兆豐-竹北,2024-09-12,7007
3518,柏騰,17,5,12,兆豐-竹北,2024-09-12,7007
00915,凱基優選高股息30,11,0,11,兆豐-竹北,2024-09-12,7007
2349,錸德,11,0,11,兆豐-竹北,2024-09-12,7007
3515,華擎,11,0,11,兆豐-竹北,2024-09-12,7007
00650L,復華香港正2,11,0,11,兆豐-竹北,2024-09-12,7007
2337,旺宏,10,0,10,兆豐-竹北,2024-09-12,7007
3665,貿聯-KY,9,0,9,兆豐-竹北,2024-09-12,7007
2615,萬海,30,21,9,兆豐-竹北,2024-09-12,7007
3607,谷崧,11,2,9,兆豐-竹北,2024-09-12,7007
3535,晶彩科,9,0,9,兆豐-竹北,2024-09-12,7007
2357,華碩,8,0,8,兆豐-竹北,2024-09-12,7007
3693,營邦,8,0,8,兆豐-竹北,2024-09-12,7007
4510,高鋒,32,24,8,兆豐-竹北,2024-09-12,7007
2402,毅嘉,10,3,7,兆豐-竹北,2024-09-12,7007
6216,居易,9,2,7,兆豐-竹北,2024-09-12,7007
2376,技嘉,17,10,7,兆豐-竹北,2024-09-12,7007
6246,臺龍,10,3,7,兆豐-竹北,2024-09-12,7007
2206,三陽工業,6,0,6,兆豐-竹北,2024-09-12,7007
3617,碩天,6,0,6,兆豐-竹北,2024-09-12,7007
5443,均豪,46,40,6,兆豐-竹北,2024-09-12,7007
6194,育富,11,5,6,兆豐-竹北,2024-09-12,7007
4903,聯光通,6,0,6,兆豐-竹北,2024-09-12,7007
6111,大宇資,19,13,6,兆豐-竹北,2024-09-12,7007
1449,佳和,5,0,5,兆豐-竹北,2024-09-12,7007
2406,國碩,5,0,5,兆豐-竹北,2024-09-12,7007
2540,愛山林,6,1,5,兆豐-竹北,2024-09-12,7007
6133,金橋,17,12,5,兆豐-竹北,2024-09-12,7007
6152,百一,5,0,5,兆豐-竹北,2024-09-12,7007
00687B,國泰20年美債,272,8,264,兆豐-竹北,2024-09-13,7007
00929,復華台灣科技優息,75,1,74,兆豐-竹北,2024-09-13,7007
00680L,元大美債20正2,49,2,47,兆豐-竹北,2024-09-13,7007
00919,群益台灣精選高息,38,7,31,兆豐-竹北,2024-09-13,7007
1416,廣豐,27,0,27,兆豐-竹北,2024-09-13,7007
00915,凱基優選高股息30,27,2,25,兆豐-竹北,2024-09-13,7007
2883,凱基金,23,0,23,兆豐-竹北,2024-09-13,7007
1229,聯華,20,0,20,兆豐-竹北,2024-09-13,7007
2101,南港,20,0,20,兆豐-竹北,2024-09-13,7007
1815,富喬,18,2,16,兆豐-竹北,2024-09-13,7007
3714,富采,16,0,16,兆豐-竹北,2024-09-13,7007
6742,澤米,16,0,16,兆豐-竹北,2024-09-13,7007
1303,南亞,13,1,12,兆豐-竹北,2024-09-13,7007
0056,元大高股息,14,2,12,兆豐-竹北,2024-09-13,7007
1795,美時,11,0,11,兆豐-竹北,2024-09-13,7007
00715L,期街口布蘭特正2,16,5,11,兆豐-竹北,2024-09-13,7007
00946,群益科技高息成長,11,0,11,兆豐-竹北,2024-09-13,7007
6112,邁達特,11,0,11,兆豐-竹北,2024-09-13,7007
00882,中信中國高股息,10,0,10,兆豐-竹北,2024-09-13,7007
2406,國碩,10,0,10,兆豐-竹北,2024-09-13,7007
2453,凌群,10,0,10,兆豐-竹北,2024-09-13,7007
3312,弘憶股,12,2,10,兆豐-竹北,2024-09-13,7007
5371,中光電,10,0,10,兆豐-竹北,2024-09-13,7007
2449,京元電子,49,40,9,兆豐-竹北,2024-09-13,7007
3706,神達,30,21,9,兆豐-竹北,2024-09-13,7007
6541,泰福-KY,9,0,9,兆豐-竹北,2024-09-13,7007
8070,長華*,28,19,9,兆豐-竹北,2024-09-13,7007
8121,越峰,9,0,9,兆豐-竹北,2024-09-13,7007
00719B,元大美債1-3,8,0,8,兆豐-竹北,2024-09-13,7007
1540,喬福,26,18,8,兆豐-竹北,2024-09-13,7007
00713,元大台灣高息低波,7,0,7,兆豐-竹北,2024-09-13,7007
1326,台化,7,0,7,兆豐-竹北,2024-09-13,7007
00795B,中信美國公債20年,7,0,7,兆豐-竹北,2024-09-13,7007
00675L,富邦臺灣加權正2,7,0,7,兆豐-竹北,2024-09-13,7007
4510,高鋒,12,5,7,兆豐-竹北,2024-09-13,7007
2303,聯電,8,2,6,兆豐-竹北,2024-09-13,7007
3515,華擎,6,0,6,兆豐-竹北,2024-09-13,7007
4561,健椿,14,8,6,兆豐-竹北,2024-09-13,7007
00887,永豐中國科技50大,5,0,5,兆豐-竹北,2024-09-13,7007
00647L,元大S＆P500正2,5,0,5,兆豐-竹北,2024-09-13,7007
1531,高林股,5,0,5,兆豐-竹北,2024-09-13,7007
1584,精剛,5,0,5,兆豐-竹北,2024-09-13,7007
2605,新興,5,0,5,兆豐-竹北,2024-09-13,7007
3518,柏騰,12,7,5,兆豐-竹北,2024-09-13,7007
3663,鑫科,5,0,5,兆豐-竹北,2024-09-13,7007
5223,安力-KY,5,0,5,兆豐-竹北,2024-09-13,7007
6257,矽格,5,0,5,兆豐-竹北,2024-09-13,7007
3481,群創,19,14,5,兆豐-竹北,2024-09-13,7007
2426,鼎元,4,0,4,兆豐-竹北,2024-09-13,7007
3149,正達,7,3,4,兆豐-竹北,2024-09-13,7007
00948B,中信優息投資級債,187,0,187,兆豐-竹北,2024-09-16,7007
00918,大華優利高填息30,171,0,171,兆豐-竹北,2024-09-16,7007
00919,群益台灣精選高息,78,1,77,兆豐-竹北,2024-09-16,7007
00915,凱基優選高股息30,68,0,68,兆豐-竹北,2024-09-16,7007
2547,日勝生,52,0,52,兆豐-竹北,2024-09-16,7007
6546,正基,58,14,44,兆豐-竹北,2024-09-16,7007
00795B,中信美國公債20年,39,0,39,兆豐-竹北,2024-09-16,7007
00937B,群益ESG投等債20,37,2,35,兆豐-竹北,2024-09-16,7007
00679B,元大美債20年,47,16,31,兆豐-竹北,2024-09-16,7007
8110,華東,30,1,29,兆豐-竹北,2024-09-16,7007
9105,泰金寶-DR,29,0,29,兆豐-竹北,2024-09-16,7007
00930,永豐ESG低碳高息,25,0,25,兆豐-竹北,2024-09-16,7007
1314,中石化,25,0,25,兆豐-竹北,2024-09-16,7007
1416,廣豐,25,0,25,兆豐-竹北,2024-09-16,7007
3081,聯亞,26,1,25,兆豐-竹北,2024-09-16,7007
4968,立積,28,4,24,兆豐-竹北,2024-09-16,7007
2449,京元電子,113,90,23,兆豐-竹北,2024-09-16,7007
00900,富邦特選高股息30,21,0,21,兆豐-竹北,2024-09-16,7007
00753L,中信中國50正2,20,0,20,兆豐-竹北,2024-09-16,7007
00712,復華富時不動產,20,0,20,兆豐-竹北,2024-09-16,7007
2323,中環,21,1,20,兆豐-竹北,2024-09-16,7007
2834,臺企銀,22,3,19,兆豐-竹北,2024-09-16,7007
00932,兆豐永續高息等權,18,0,18,兆豐-竹北,2024-09-16,7007
2101,南港,18,0,18,兆豐-竹北,2024-09-16,7007
00929,復華台灣科技優息,25,8,17,兆豐-竹北,2024-09-16,7007
8039,台虹,17,1,16,兆豐-竹北,2024-09-16,7007
00665L,富邦�琤肭磪囓�2,15,0,15,兆豐-竹北,2024-09-16,7007
00715L,期街口布蘭特正2,15,0,15,兆豐-竹北,2024-09-16,7007
00680L,元大美債20正2,16,3,13,兆豐-竹北,2024-09-16,7007
1540,喬福,46,33,13,兆豐-竹北,2024-09-16,7007
3019,亞光,14,1,13,兆豐-竹北,2024-09-16,7007
2070,精湛,21,9,12,兆豐-竹北,2024-09-16,7007
5344,立衛,12,0,12,兆豐-竹北,2024-09-16,7007
00931B,統一美債20年,11,0,11,兆豐-竹北,2024-09-16,7007
6152,百一,12,1,11,兆豐-竹北,2024-09-16,7007
00772B,中信高評級公司債,10,0,10,兆豐-竹北,2024-09-16,7007
2442,新美齊,10,0,10,兆豐-竹北,2024-09-16,7007
2477,美隆電,10,0,10,兆豐-竹北,2024-09-16,7007
2634,漢翔,10,0,10,兆豐-竹北,2024-09-16,7007
5871A,中租-KY甲特,10,0,10,兆豐-竹北,2024-09-16,7007
6446,藥華藥,14,4,10,兆豐-竹北,2024-09-16,7007
00713,元大台灣高息低波,10,0,10,兆豐-竹北,2024-09-16,7007
00940,元大台灣價值高息,9,0,9,兆豐-竹北,2024-09-16,7007
3013,晟銘電,11,2,9,兆豐-竹北,2024-09-16,7007
3550,聯穎,13,4,9,兆豐-竹北,2024-09-16,7007
6533,晶心科,9,0,9,兆豐-竹北,2024-09-16,7007
00878,國泰永續高股息,11,2,9,兆豐-竹北,2024-09-16,7007
00751B,元大AAA至A公司債,8,0,8,兆豐-竹北,2024-09-16,7007
3374,精材,9,1,8,兆豐-竹北,2024-09-16,7007
4526,東台,12,4,8,兆豐-竹北,2024-09-16,7007
6757,台灣虎航,200,0,200,兆豐-竹北,2024-09-18,7007
5351,鈺創,170,0,170,兆豐-竹北,2024-09-18,7007
00929,復華台灣科技優息,130,11,119,兆豐-竹北,2024-09-18,7007
00933B,國泰10Y+金融債,75,2,73,兆豐-竹北,2024-09-18,7007
00918,大華優利高填息30,73,4,69,兆豐-竹北,2024-09-18,7007
00713,元大台灣高息低波,63,3,60,兆豐-竹北,2024-09-18,7007
00915,凱基優選高股息30,59,1,58,兆豐-竹北,2024-09-18,7007
2867,三商壽,70,12,58,兆豐-竹北,2024-09-18,7007
00930,永豐ESG低碳高息,52,0,52,兆豐-竹北,2024-09-18,7007
00878,國泰永續高股息,51,0,51,兆豐-竹北,2024-09-18,7007
00720B,元大投資級公司債,50,0,50,兆豐-竹北,2024-09-18,7007
3049,精金,51,2,49,兆豐-竹北,2024-09-18,7007
2323,中環,46,0,46,兆豐-竹北,2024-09-18,7007
00919,群益台灣精選高息,98,54,44,兆豐-竹北,2024-09-18,7007
2317,鴻海,38,7,31,兆豐-竹北,2024-09-18,7007
00680L,元大美債20正2,46,17,29,兆豐-竹北,2024-09-18,7007
00946,群益科技高息成長,25,0,25,兆豐-竹北,2024-09-18,7007
2547,日勝生,25,0,25,兆豐-竹北,2024-09-18,7007
3189,景碩,115,92,23,兆豐-竹北,2024-09-18,7007
2344,華邦電,23,0,23,兆豐-竹北,2024-09-18,7007
4968,立積,27,4,23,兆豐-竹北,2024-09-18,7007
4952,凌通,23,0,23,兆豐-竹北,2024-09-18,7007
1524,耿鼎,20,0,20,兆豐-竹北,2024-09-18,7007
6415,矽力*-KY,20,0,20,兆豐-竹北,2024-09-18,7007
1733,五鼎,20,0,20,兆豐-竹北,2024-09-18,7007
3081,聯亞,20,1,19,兆豐-竹北,2024-09-18,7007
8039,台虹,35,17,18,兆豐-竹北,2024-09-18,7007
2101,南港,15,0,15,兆豐-竹北,2024-09-18,7007
9105,泰金寶-DR,15,0,15,兆豐-竹北,2024-09-18,7007
5371,中光電,13,0,13,兆豐-竹北,2024-09-18,7007
5225,東科-KY,12,0,12,兆豐-竹北,2024-09-18,7007
2889,國票金,11,0,11,兆豐-竹北,2024-09-18,7007
2887,台新金,27,17,10,兆豐-竹北,2024-09-18,7007
4909,新復興,14,4,10,兆豐-竹北,2024-09-18,7007
00882,中信中國高股息,10,0,10,兆豐-竹北,2024-09-18,7007
00940,元大台灣價值高息,30,20,10,兆豐-竹北,2024-09-18,7007
00945B,凱基美國非投等債,20,10,10,兆豐-竹北,2024-09-18,7007
1416,廣豐,10,0,10,兆豐-竹北,2024-09-18,7007
2002,中鋼,10,0,10,兆豐-竹北,2024-09-18,7007
2014,中鴻,10,0,10,兆豐-竹北,2024-09-18,7007
2387,精元,10,0,10,兆豐-竹北,2024-09-18,7007
4741,泓瀚,10,0,10,兆豐-竹北,2024-09-18,7007
3013,晟銘電,11,2,9,兆豐-竹北,2024-09-18,7007
6530,創威,11,2,9,兆豐-竹北,2024-09-18,7007
5392,能率,8,0,8,兆豐-竹北,2024-09-18,7007
0056,元大高股息,10,2,8,兆豐-竹北,2024-09-18,7007
00936,台新永續高息中小,8,0,8,兆豐-竹北,2024-09-18,7007
2313,華通,10,3,7,兆豐-竹北,2024-09-18,7007
00679B,元大美債20年,8,1,7,兆豐-竹北,2024-09-18,7007
2406,國碩,7,0,7,兆豐-竹北,2024-09-18,7007
00665L,富邦�琤肭磪囓�2,1637,10,1627,兆豐-竹北,2024-09-19,7007
00687B,國泰20年美債,763,25,738,兆豐-竹北,2024-09-19,7007
00724B,群益投資級金融債,200,0,200,兆豐-竹北,2024-09-19,7007
00634R,富邦上証反1,147,0,147,兆豐-竹北,2024-09-19,7007
1540,喬福,140,1,139,兆豐-竹北,2024-09-19,7007
00937B,群益ESG投等債20,123,1,122,兆豐-竹北,2024-09-19,7007
00680L,元大美債20正2,97,4,93,兆豐-竹北,2024-09-19,7007
00919,群益台灣精選高息,89,2,87,兆豐-竹北,2024-09-19,7007
2323,中環,83,0,83,兆豐-竹北,2024-09-19,7007
00679B,元大美債20年,80,4,76,兆豐-竹北,2024-09-19,7007
2388,威盛,65,11,54,兆豐-竹北,2024-09-19,7007
00929,復華台灣科技優息,89,40,49,兆豐-竹北,2024-09-19,7007
00753L,中信中國50正2,50,1,49,兆豐-竹北,2024-09-19,7007
6143,振曜,50,2,48,兆豐-竹北,2024-09-19,7007
2881B,富邦金乙特,42,0,42,兆豐-竹北,2024-09-19,7007
8096,擎亞,38,4,34,兆豐-竹北,2024-09-19,7007
2883,凱基金,35,5,30,兆豐-竹北,2024-09-19,7007
2891B,中信金乙特,30,0,30,兆豐-竹北,2024-09-19,7007
3356,奇偶,30,0,30,兆豐-竹北,2024-09-19,7007
6830,汎銓,31,1,30,兆豐-竹北,2024-09-19,7007
6761,穩得,20,0,20,兆豐-竹北,2024-09-19,7007
00930,永豐ESG低碳高息,19,0,19,兆豐-竹北,2024-09-19,7007
00931B,統一美債20年,17,0,17,兆豐-竹北,2024-09-19,7007
4939,亞電,14,0,14,兆豐-竹北,2024-09-19,7007
6533,晶心科,15,1,14,兆豐-竹北,2024-09-19,7007
00887,永豐中國科技50大,13,0,13,兆豐-竹北,2024-09-19,7007
4562,穎漢,14,1,13,兆豐-竹北,2024-09-19,7007
2408,南亞科,13,0,13,兆豐-竹北,2024-09-19,7007
2344,華邦電,12,0,12,兆豐-竹北,2024-09-19,7007
00915,凱基優選高股息30,11,0,11,兆豐-竹北,2024-09-19,7007
1582,信錦,12,1,11,兆豐-竹北,2024-09-19,7007
00650L,復華香港正2,11,0,11,兆豐-竹北,2024-09-19,7007
3714,富采,11,0,11,兆豐-竹北,2024-09-19,7007
6901,鑽石投資,11,0,11,兆豐-竹北,2024-09-19,7007
00740B,富邦全球投等債,10,0,10,兆豐-竹北,2024-09-19,7007
00948B,中信優息投資級債,10,0,10,兆豐-竹北,2024-09-19,7007
1733,五鼎,10,0,10,兆豐-竹北,2024-09-19,7007
3686,達能,10,0,10,兆豐-竹北,2024-09-19,7007
9935,慶豐富,10,0,10,兆豐-竹北,2024-09-19,7007
6415,矽力*-KY,10,0,10,兆豐-竹北,2024-09-19,7007
00918,大華優利高填息30,11,2,9,兆豐-竹北,2024-09-19,7007
2313,華通,9,0,9,兆豐-竹北,2024-09-19,7007
2243,宏旭-KY,21,12,9,兆豐-竹北,2024-09-19,7007
4974,亞泰,10,1,9,兆豐-竹北,2024-09-19,7007
3550,聯穎,23,15,8,兆豐-竹北,2024-09-19,7007
4102,永日,8,0,8,兆豐-竹北,2024-09-19,7007
00751B,元大AAA至A公司債,12,5,7,兆豐-竹北,2024-09-19,7007
3548,兆利,11,4,7,兆豐-竹北,2024-09-19,7007
3062,建漢,24,17,7,兆豐-竹北,2024-09-19,7007
4909,新復興,16,9,7,兆豐-竹北,2024-09-19,7007
00632R,元大台灣50反1,3089,7,3082,兆豐-竹北,2024-09-20,7007
00687B,國泰20年美債,318,15,303,兆豐-竹北,2024-09-20,7007
00919,群益台灣精選高息,120,5,115,兆豐-竹北,2024-09-20,7007
2323,中環,111,0,111,兆豐-竹北,2024-09-20,7007
2399,映泰,203,104,99,兆豐-竹北,2024-09-20,7007
5512,力麒,87,0,87,兆豐-竹北,2024-09-20,7007
2882A,國泰特,70,0,70,兆豐-竹北,2024-09-20,7007
2101,南港,55,1,54,兆豐-竹北,2024-09-20,7007
2547,日勝生,52,0,52,兆豐-竹北,2024-09-20,7007
2882B,國泰金乙特,50,0,50,兆豐-竹北,2024-09-20,7007
2888,新光金,48,11,37,兆豐-竹北,2024-09-20,7007
1618,合機,35,0,35,兆豐-竹北,2024-09-20,7007
00940,元大台灣價值高息,53,20,33,兆豐-竹北,2024-09-20,7007
00795B,中信美國公債20年,31,0,31,兆豐-竹北,2024-09-20,7007
2883,凱基金,31,2,29,兆豐-竹北,2024-09-20,7007
00948B,中信優息投資級債,28,0,28,兆豐-竹北,2024-09-20,7007
3036A,文曄甲特,25,0,25,兆豐-竹北,2024-09-20,7007
00958B,永豐ESG銀行債15,24,0,24,兆豐-竹北,2024-09-20,7007
3231,緯創,28,4,24,兆豐-竹北,2024-09-20,7007
2464,盟立,61,39,22,兆豐-竹北,2024-09-20,7007
2303,聯電,21,0,21,兆豐-竹北,2024-09-20,7007
00637L,元大滬深300正2,21,0,21,兆豐-竹北,2024-09-20,7007
00882,中信中國高股息,20,0,20,兆豐-竹北,2024-09-20,7007
00700,富邦�琤肭磪�,20,0,20,兆豐-竹北,2024-09-20,7007
2062,橋椿,24,4,20,兆豐-竹北,2024-09-20,7007
2891B,中信金乙特,20,0,20,兆豐-竹北,2024-09-20,7007
6163,華電網,20,0,20,兆豐-竹北,2024-09-20,7007
8011,台通,20,0,20,兆豐-竹北,2024-09-20,7007
2887,台新金,19,0,19,兆豐-竹北,2024-09-20,7007
00680L,元大美債20正2,18,2,16,兆豐-竹北,2024-09-20,7007
1101B,台泥乙特,16,0,16,兆豐-竹北,2024-09-20,7007
4952,凌通,15,0,15,兆豐-竹北,2024-09-20,7007
00713,元大台灣高息低波,14,0,14,兆豐-竹北,2024-09-20,7007
4903,聯光通,34,20,14,兆豐-竹北,2024-09-20,7007
2002,中鋼,13,0,13,兆豐-竹北,2024-09-20,7007
00688L,國泰20年美債正2,13,0,13,兆豐-竹北,2024-09-20,7007
3356,奇偶,13,0,13,兆豐-竹北,2024-09-20,7007
00931B,統一美債20年,12,0,12,兆豐-竹北,2024-09-20,7007
1785,光洋科,52,40,12,兆豐-竹北,2024-09-20,7007
3363,上詮,18,8,10,兆豐-竹北,2024-09-20,7007
00648R,元大S＆P500反1,10,0,10,兆豐-竹北,2024-09-20,7007
00725B,國泰投資級公司債,10,0,10,兆豐-竹北,2024-09-20,7007
2889,國票金,10,0,10,兆豐-竹北,2024-09-20,7007
6438,迅得,11,1,10,兆豐-竹北,2024-09-20,7007
3149,正達,12,3,9,兆豐-竹北,2024-09-20,7007
00923,群益台ESG低碳50,9,0,9,兆豐-竹北,2024-09-20,7007
1304,台聚,9,0,9,兆豐-竹北,2024-09-20,7007
2070,精湛,13,4,9,兆豐-竹北,2024-09-20,7007
8028,昇陽半導體,11,2,9,兆豐-竹北,2024-09-20,7007
9946,三發地產,10,1,9,兆豐-竹北,2024-09-20,7007
00937B,群益ESG投等債20,1080,2,1078,兆豐-竹北,2024-09-23,7007
2887,台新金,600,17,583,兆豐-竹北,2024-09-23,7007
00687B,國泰20年美債,398,16,382,兆豐-竹北,2024-09-23,7007
00637L,元大滬深300正2,300,22,278,兆豐-竹北,2024-09-23,7007
2888,新光金,143,46,97,兆豐-竹北,2024-09-23,7007
1711,永光,94,1,93,兆豐-竹北,2024-09-23,7007
2882B,國泰金乙特,85,0,85,兆豐-竹北,2024-09-23,7007
6116,彩晶,75,0,75,兆豐-竹北,2024-09-23,7007
00679B,元大美債20年,72,14,58,兆豐-竹北,2024-09-23,7007
00948B,中信優息投資級債,59,3,56,兆豐-竹北,2024-09-23,7007
00919,群益台灣精選高息,63,8,55,兆豐-竹北,2024-09-23,7007
4958,臻鼎-KY,54,0,54,兆豐-竹北,2024-09-23,7007
00751B,元大AAA至A公司債,50,0,50,兆豐-竹北,2024-09-23,7007
2609,陽明,54,11,43,兆豐-竹北,2024-09-23,7007
3049,精金,77,36,41,兆豐-竹北,2024-09-23,7007
2882A,國泰特,30,0,30,兆豐-竹北,2024-09-23,7007
2323,中環,28,2,26,兆豐-竹北,2024-09-23,7007
00724B,群益投資級金融債,25,0,25,兆豐-竹北,2024-09-23,7007
00929,復華台灣科技優息,29,4,25,兆豐-竹北,2024-09-23,7007
1326,台化,22,0,22,兆豐-竹北,2024-09-23,7007
00953B,群益優選非投等債,20,0,20,兆豐-竹北,2024-09-23,7007
2891B,中信金乙特,20,0,20,兆豐-竹北,2024-09-23,7007
3663,鑫科,22,2,20,兆豐-竹北,2024-09-23,7007
1314,中石化,39,20,19,兆豐-竹北,2024-09-23,7007
00878,國泰永續高股息,28,11,17,兆豐-竹北,2024-09-23,7007
2449,京元電子,18,1,17,兆豐-竹北,2024-09-23,7007
4952,凌通,16,1,15,兆豐-竹北,2024-09-23,7007
8103,瀚荃,15,0,15,兆豐-竹北,2024-09-23,7007
2442,新美齊,13,0,13,兆豐-竹北,2024-09-23,7007
2464,盟立,23,11,12,兆豐-竹北,2024-09-23,7007
5512,力麒,13,1,12,兆豐-竹北,2024-09-23,7007
3374,精材,12,1,11,兆豐-竹北,2024-09-23,7007
2062,橋椿,24,13,11,兆豐-竹北,2024-09-23,7007
2426,鼎元,11,0,11,兆豐-竹北,2024-09-23,7007
00795B,中信美國公債20年,10,0,10,兆豐-竹北,2024-09-23,7007
00918,大華優利高填息30,14,4,10,兆豐-竹北,2024-09-23,7007
00700,富邦�琤肭磪�,10,0,10,兆豐-竹北,2024-09-23,7007
00740B,富邦全球投等債,10,0,10,兆豐-竹北,2024-09-23,7007
1409,新纖,10,0,10,兆豐-竹北,2024-09-23,7007
1802,台玻,10,0,10,兆豐-竹北,2024-09-23,7007
2889,國票金,10,0,10,兆豐-竹北,2024-09-23,7007
3036A,文曄甲特,10,0,10,兆豐-竹北,2024-09-23,7007
3290,東浦,11,1,10,兆豐-竹北,2024-09-23,7007
3317,尼克森,10,0,10,兆豐-竹北,2024-09-23,7007
4716,大立,47,37,10,兆豐-竹北,2024-09-23,7007
5609,中菲行,10,0,10,兆豐-竹北,2024-09-23,7007
6133,金橋,10,0,10,兆豐-竹北,2024-09-23,7007
1808,潤隆,11,2,9,兆豐-竹北,2024-09-23,7007
3665,貿聯-KY,10,1,9,兆豐-竹北,2024-09-23,7007
1609,大亞,16,7,9,兆豐-竹北,2024-09-23,7007
00665L,富邦�琤肭磪囓�2,2000,20,1980,兆豐-竹北,2024-09-24,7007
00724B,群益投資級金融債,400,0,400,兆豐-竹北,2024-09-24,7007
00632R,元大台灣50反1,164,0,164,兆豐-竹北,2024-09-24,7007
00937B,群益ESG投等債20,150,0,150,兆豐-竹北,2024-09-24,7007
00688L,國泰20年美債正2,110,0,110,兆豐-竹北,2024-09-24,7007
00687B,國泰20年美債,116,20,96,兆豐-竹北,2024-09-24,7007
2882B,國泰金乙特,75,0,75,兆豐-竹北,2024-09-24,7007
00740B,富邦全球投等債,75,1,74,兆豐-竹北,2024-09-24,7007
2436,偉詮電,64,6,58,兆豐-竹北,2024-09-24,7007
6757,台灣虎航,50,0,50,兆豐-竹北,2024-09-24,7007
00680L,元大美債20正2,40,0,40,兆豐-竹北,2024-09-24,7007
00679B,元大美債20年,40,0,40,兆豐-竹北,2024-09-24,7007
2884,玉山金,38,2,36,兆豐-竹北,2024-09-24,7007
6143,振曜,39,5,34,兆豐-竹北,2024-09-24,7007
4306,炎洲,30,0,30,兆豐-竹北,2024-09-24,7007
6546,正基,30,1,29,兆豐-竹北,2024-09-24,7007
00929,復華台灣科技優息,57,30,27,兆豐-竹北,2024-09-24,7007
2881B,富邦金乙特,25,0,25,兆豐-竹北,2024-09-24,7007
5245,智晶,24,0,24,兆豐-竹北,2024-09-24,7007
9955,佳龍,25,1,24,兆豐-竹北,2024-09-24,7007
00931B,統一美債20年,22,0,22,兆豐-竹北,2024-09-24,7007
1101B,台泥乙特,20,0,20,兆豐-竹北,2024-09-24,7007
3036A,文曄甲特,20,0,20,兆豐-竹北,2024-09-24,7007
5347,世界,20,0,20,兆豐-竹北,2024-09-24,7007
3481,群創,42,22,20,兆豐-竹北,2024-09-24,7007
2344,華邦電,17,0,17,兆豐-竹北,2024-09-24,7007
3715,定穎投控,52,36,16,兆豐-竹北,2024-09-24,7007
00712,復華富時不動產,15,0,15,兆豐-竹北,2024-09-24,7007
3419,譁裕,18,3,15,兆豐-竹北,2024-09-24,7007
5871A,中租-KY甲特,15,0,15,兆豐-竹北,2024-09-24,7007
6224,聚鼎,15,2,13,兆豐-竹北,2024-09-24,7007
00878,國泰永續高股息,23,10,13,兆豐-竹北,2024-09-24,7007
4743,合一,13,0,13,兆豐-竹北,2024-09-24,7007
3231,緯創,30,18,12,兆豐-竹北,2024-09-24,7007
3504,揚明光,12,0,12,兆豐-竹北,2024-09-24,7007
5608,四維航,12,0,12,兆豐-竹北,2024-09-24,7007
2323,中環,11,0,11,兆豐-竹北,2024-09-24,7007
3013,晟銘電,18,7,11,兆豐-竹北,2024-09-24,7007
4576,大銀微系統,12,1,11,兆豐-竹北,2024-09-24,7007
6223,旺矽,12,1,11,兆豐-竹北,2024-09-24,7007
2609,陽明,50,40,10,兆豐-竹北,2024-09-24,7007
00960,野村全球航運龍頭,10,0,10,兆豐-竹北,2024-09-24,7007
1522,堤維西,10,0,10,兆豐-竹北,2024-09-24,7007
1776,展宇,12,2,10,兆豐-竹北,2024-09-24,7007
2201,裕隆,10,0,10,兆豐-竹北,2024-09-24,7007
2425,承啟,45,35,10,兆豐-竹北,2024-09-24,7007
2617,台航,10,0,10,兆豐-竹北,2024-09-24,7007
3005,神基,10,0,10,兆豐-竹北,2024-09-24,7007
3217,優群,10,0,10,兆豐-竹北,2024-09-24,7007
3317,尼克森,10,0,10,兆豐-竹北,2024-09-24,7007
00633L,富邦上証正2,958,0,958,兆豐-竹北,2024-09-25,7007
00687B,國泰20年美債,369,7,362,兆豐-竹北,2024-09-25,7007
00724B,群益投資級金融債,176,0,176,兆豐-竹北,2024-09-25,7007
00637L,元大滬深300正2,166,5,161,兆豐-竹北,2024-09-25,7007
2637,慧洋-KY,140,6,134,兆豐-竹北,2024-09-25,7007
00937B,群益ESG投等債20,124,5,119,兆豐-竹北,2024-09-25,7007
2888,新光金,210,102,108,兆豐-竹北,2024-09-25,7007
6257,矽格,103,7,96,兆豐-竹北,2024-09-25,7007
5483,中美晶,74,2,72,兆豐-竹北,2024-09-25,7007
00720B,元大投資級公司債,66,0,66,兆豐-竹北,2024-09-25,7007
00919,群益台灣精選高息,98,33,65,兆豐-竹北,2024-09-25,7007
2881B,富邦金乙特,60,0,60,兆豐-竹北,2024-09-25,7007
6757,台灣虎航,55,0,55,兆豐-竹北,2024-09-25,7007
00929,復華台灣科技優息,66,26,40,兆豐-竹北,2024-09-25,7007
00679B,元大美債20年,46,6,40,兆豐-竹北,2024-09-25,7007
1101B,台泥乙特,40,0,40,兆豐-竹北,2024-09-25,7007
2464,盟立,43,3,40,兆豐-竹北,2024-09-25,7007
00960,野村全球航運龍頭,35,0,35,兆豐-竹北,2024-09-25,7007
2104,國際中橡,30,0,30,兆豐-竹北,2024-09-25,7007
1711,永光,36,8,28,兆豐-竹北,2024-09-25,7007
2610,華航,28,0,28,兆豐-竹北,2024-09-25,7007
2891,中信金,28,4,24,兆豐-竹北,2024-09-25,7007
2323,中環,24,0,24,兆豐-竹北,2024-09-25,7007
3535,晶彩科,27,6,21,兆豐-竹北,2024-09-25,7007
4903,聯光通,28,7,21,兆豐-竹北,2024-09-25,7007
8277,商丞,20,0,20,兆豐-竹北,2024-09-25,7007
3033,威健,16,0,16,兆豐-竹北,2024-09-25,7007
3550,聯穎,21,5,16,兆豐-竹北,2024-09-25,7007
00751B,元大AAA至A公司債,15,0,15,兆豐-竹北,2024-09-25,7007
3036A,文曄甲特,15,0,15,兆豐-竹北,2024-09-25,7007
3581,博磊,18,3,15,兆豐-竹北,2024-09-25,7007
4939,亞電,15,0,15,兆豐-竹北,2024-09-25,7007
00740B,富邦全球投等債,10,0,10,兆豐-竹北,2024-09-25,7007
00959B,大華投等美債15Y+,10,0,10,兆豐-竹北,2024-09-25,7007
1339,昭輝,10,0,10,兆豐-竹北,2024-09-25,7007
2409,友達,25,15,10,兆豐-竹北,2024-09-25,7007
2605,新興,12,2,10,兆豐-竹北,2024-09-25,7007
2867,三商壽,10,0,10,兆豐-竹北,2024-09-25,7007
3014,聯陽,10,0,10,兆豐-竹北,2024-09-25,7007
3290,東浦,14,4,10,兆豐-竹北,2024-09-25,7007
6125,廣運,11,1,10,兆豐-竹北,2024-09-25,7007
6274,台燿,11,1,10,兆豐-竹北,2024-09-25,7007
6768,志強-KY,12,2,10,兆豐-竹北,2024-09-25,7007
00712,復華富時不動產,9,0,9,兆豐-竹北,2024-09-25,7007
2402,毅嘉,38,29,9,兆豐-竹北,2024-09-25,7007
4526,東台,12,3,9,兆豐-竹北,2024-09-25,7007
5488,松普,9,0,9,兆豐-竹北,2024-09-25,7007
2886,兆豐金,9,0,9,兆豐-竹北,2024-09-25,7007
1609,大亞,8,0,8,兆豐-竹北,2024-09-25,7007
1776,展宇,8,0,8,兆豐-竹北,2024-09-25,7007
00687B,國泰20年美債,531,11,520,兆豐-竹北,2024-09-26,7007
00724B,群益投資級金融債,319,25,294,兆豐-竹北,2024-09-26,7007
6757,台灣虎航,170,0,170,兆豐-竹北,2024-09-26,7007
00673R,期元大S＆P原油反1,152,0,152,兆豐-竹北,2024-09-26,7007
9105,泰金寶-DR,81,0,81,兆豐-竹北,2024-09-26,7007
00933B,國泰10Y+金融債,100,20,80,兆豐-竹北,2024-09-26,7007
00959B,大華投等美債15Y+,90,10,80,兆豐-竹北,2024-09-26,7007
00680L,元大美債20正2,77,0,77,兆豐-竹北,2024-09-26,7007
2637,慧洋-KY,70,2,68,兆豐-竹北,2024-09-26,7007
1101B,台泥乙特,65,0,65,兆豐-竹北,2024-09-26,7007
6509,聚和,60,0,60,兆豐-竹北,2024-09-26,7007
0056,元大高股息,70,14,56,兆豐-竹北,2024-09-26,7007
00937B,群益ESG投等債20,204,150,54,兆豐-竹北,2024-09-26,7007
2464,盟立,54,1,53,兆豐-竹北,2024-09-26,7007
00679B,元大美債20年,52,1,51,兆豐-竹北,2024-09-26,7007
00945B,凱基美國非投等債,50,0,50,兆豐-竹北,2024-09-26,7007
4945,陞達科技,50,0,50,兆豐-竹北,2024-09-26,7007
00688L,國泰20年美債正2,58,10,48,兆豐-竹北,2024-09-26,7007
4958,臻鼎-KY,92,52,40,兆豐-竹北,2024-09-26,7007
5471,松翰,40,0,40,兆豐-竹北,2024-09-26,7007
00958B,永豐ESG銀行債15,38,0,38,兆豐-竹北,2024-09-26,7007
2312,金寶,66,33,33,兆豐-竹北,2024-09-26,7007
00948B,中信優息投資級債,32,0,32,兆豐-竹北,2024-09-26,7007
1522,堤維西,30,0,30,兆豐-竹北,2024-09-26,7007
00740B,富邦全球投等債,30,0,30,兆豐-竹北,2024-09-26,7007
00960,野村全球航運龍頭,29,2,27,兆豐-竹北,2024-09-26,7007
00915,凱基優選高股息30,27,2,25,兆豐-竹北,2024-09-26,7007
3605,宏致,50,26,24,兆豐-竹北,2024-09-26,7007
3317,尼克森,24,0,24,兆豐-竹北,2024-09-26,7007
2408,南亞科,23,0,23,兆豐-竹北,2024-09-26,7007
3661,世芯-KY,26,3,23,兆豐-竹北,2024-09-26,7007
00751B,元大AAA至A公司債,22,0,22,兆豐-竹北,2024-09-26,7007
3036A,文曄甲特,22,0,22,兆豐-竹北,2024-09-26,7007
3673,TPK-KY,29,7,22,兆豐-竹北,2024-09-26,7007
3374,精材,25,5,20,兆豐-竹北,2024-09-26,7007
00946,群益科技高息成長,20,0,20,兆豐-竹北,2024-09-26,7007
6188,廣明,20,2,18,兆豐-竹北,2024-09-26,7007
6111,大宇資,18,1,17,兆豐-竹北,2024-09-26,7007
00943,兆豐電子高息等權,18,1,17,兆豐-竹北,2024-09-26,7007
2498,宏達電,20,3,17,兆豐-竹北,2024-09-26,7007
3049,精金,21,5,16,兆豐-竹北,2024-09-26,7007
2891B,中信金乙特,15,0,15,兆豐-竹北,2024-09-26,7007
00675L,富邦臺灣加權正2,15,1,14,兆豐-竹北,2024-09-26,7007
00712,復華富時不動產,13,0,13,兆豐-竹北,2024-09-26,7007
00921,兆豐龍頭等權重,13,0,13,兆豐-竹北,2024-09-26,7007
00931B,統一美債20年,13,0,13,兆豐-竹北,2024-09-26,7007
2497,怡利電,36,23,13,兆豐-竹北,2024-09-26,7007
2887,台新金,12,0,12,兆豐-竹北,2024-09-26,7007
2609,陽明,65,54,11,兆豐-竹北,2024-09-26,7007
00942B,台新美A公司債20+,11,0,11,兆豐-竹北,2024-09-26,7007
00724B,群益投資級金融債,301,0,301,兆豐-竹北,2024-09-27,7007
00687B,國泰20年美債,322,24,298,兆豐-竹北,2024-09-27,7007
00632R,元大台灣50反1,100,0,100,兆豐-竹北,2024-09-27,7007
2882B,國泰金乙特,90,0,90,兆豐-竹北,2024-09-27,7007
00679B,元大美債20年,73,0,73,兆豐-竹北,2024-09-27,7007
6509,聚和,69,0,69,兆豐-竹北,2024-09-27,7007
00752,中信中國50,80,17,63,兆豐-竹北,2024-09-27,7007
3374,精材,52,7,45,兆豐-竹北,2024-09-27,7007
3036A,文曄甲特,40,0,40,兆豐-竹北,2024-09-27,7007
5483,中美晶,38,0,38,兆豐-竹北,2024-09-27,7007
9907,統一實,38,0,38,兆豐-竹北,2024-09-27,7007
00795B,中信美國公債20年,37,0,37,兆豐-竹北,2024-09-27,7007
00937B,群益ESG投等債20,126,90,36,兆豐-竹北,2024-09-27,7007
1101B,台泥乙特,35,0,35,兆豐-竹北,2024-09-27,7007
00948B,中信優息投資級債,33,0,33,兆豐-竹北,2024-09-27,7007
3363,上詮,48,16,32,兆豐-竹北,2024-09-27,7007
00715L,期街口布蘭特正2,32,0,32,兆豐-竹北,2024-09-27,7007
00720B,元大投資級公司債,29,0,29,兆豐-竹北,2024-09-27,7007
00915,凱基優選高股息30,28,0,28,兆豐-竹北,2024-09-27,7007
00712,復華富時不動產,26,0,26,兆豐-竹北,2024-09-27,7007
00764B,群益25年美債,23,0,23,兆豐-竹北,2024-09-27,7007
00958B,永豐ESG銀行債15,23,0,23,兆豐-竹北,2024-09-27,7007
5392,能率,23,0,23,兆豐-竹北,2024-09-27,7007
1608,華榮,24,2,22,兆豐-竹北,2024-09-27,7007
2888,新光金,20,1,19,兆豐-竹北,2024-09-27,7007
1301,台塑,32,14,18,兆豐-竹北,2024-09-27,7007
6241,易通展,18,0,18,兆豐-竹北,2024-09-27,7007
4903,聯光通,27,10,17,兆豐-竹北,2024-09-27,7007
00933B,國泰10Y+金融債,27,10,17,兆豐-竹北,2024-09-27,7007
00953B,群益優選非投等債,15,0,15,兆豐-竹北,2024-09-27,7007
1805,寶徠,15,0,15,兆豐-竹北,2024-09-27,7007
2363,矽統,20,6,14,兆豐-竹北,2024-09-27,7007
1326,台化,14,2,12,兆豐-竹北,2024-09-27,7007
2356,英業達,24,12,12,兆豐-竹北,2024-09-27,7007
3019,亞光,17,5,12,兆豐-竹北,2024-09-27,7007
3321,同泰,12,0,12,兆豐-竹北,2024-09-27,7007
00725B,國泰投資級公司債,12,0,12,兆豐-竹北,2024-09-27,7007
00942B,台新美A公司債20+,11,0,11,兆豐-竹北,2024-09-27,7007
00960,野村全球航運龍頭,11,0,11,兆豐-竹北,2024-09-27,7007
2204,中華,11,0,11,兆豐-竹北,2024-09-27,7007
8039,台虹,11,0,11,兆豐-竹北,2024-09-27,7007
5225,東科-KY,10,0,10,兆豐-竹北,2024-09-27,7007
00922,國泰台灣領袖50,10,0,10,兆豐-竹北,2024-09-27,7007
00934,中信成長高股息,10,0,10,兆豐-竹北,2024-09-27,7007
00957B,兆豐US優選投等債,10,0,10,兆豐-竹北,2024-09-27,7007
2891B,中信金乙特,10,0,10,兆豐-竹北,2024-09-27,7007
3317,尼克森,10,0,10,兆豐-竹北,2024-09-27,7007
9103,美德醫療-DR,10,0,10,兆豐-竹北,2024-09-27,7007
2201,裕隆,11,2,9,兆豐-竹北,2024-09-27,7007
4716,大立,17,8,9,兆豐-竹北,2024-09-27,7007
00712,復華富時不動產,414,2,412,兆豐-竹北,2024-09-30,7007
2323,中環,162,1,161,兆豐-竹北,2024-09-30,7007
00919,群益台灣精選高息,148,5,143,兆豐-竹北,2024-09-30,7007
00687B,國泰20年美債,155,25,130,兆豐-竹北,2024-09-30,7007
00929,復華台灣科技優息,113,11,102,兆豐-竹北,2024-09-30,7007
6015,宏遠證,100,0,100,兆豐-竹北,2024-09-30,7007
5864,致和證,99,0,99,兆豐-竹北,2024-09-30,7007
2605,新興,126,32,94,兆豐-竹北,2024-09-30,7007
6509,聚和,88,2,86,兆豐-竹北,2024-09-30,7007
00725B,國泰投資級公司債,85,0,85,兆豐-竹北,2024-09-30,7007
00724B,群益投資級金融債,81,0,81,兆豐-竹北,2024-09-30,7007
2615,萬海,91,15,76,兆豐-竹北,2024-09-30,7007
00671R,富邦NASDAQ反1,70,0,70,兆豐-竹北,2024-09-30,7007
00948B,中信優息投資級債,64,0,64,兆豐-竹北,2024-09-30,7007
00922,國泰台灣領袖50,63,0,63,兆豐-竹北,2024-09-30,7007
3499,環天科,62,0,62,兆豐-竹北,2024-09-30,7007
5483,中美晶,51,1,50,兆豐-竹北,2024-09-30,7007
2881B,富邦金乙特,50,0,50,兆豐-竹北,2024-09-30,7007
00937B,群益ESG投等債20,96,52,44,兆豐-竹北,2024-09-30,7007
2609,陽明,71,32,39,兆豐-竹北,2024-09-30,7007
00878,國泰永續高股息,39,6,33,兆豐-竹北,2024-09-30,7007
00942B,台新美A公司債20+,30,0,30,兆豐-竹北,2024-09-30,7007
2354,鴻準,25,1,24,兆豐-竹北,2024-09-30,7007
2330,台積電,30,6,24,兆豐-竹北,2024-09-30,7007
2425,承啟,20,0,20,兆豐-竹北,2024-09-30,7007
00946,群益科技高息成長,17,0,17,兆豐-竹北,2024-09-30,7007
1326,台化,16,0,16,兆豐-竹北,2024-09-30,7007
1802,台玻,35,19,16,兆豐-竹北,2024-09-30,7007
00923,群益台ESG低碳50,15,0,15,兆豐-竹北,2024-09-30,7007
2882B,國泰金乙特,15,0,15,兆豐-竹北,2024-09-30,7007
2891B,中信金乙特,15,0,15,兆豐-竹北,2024-09-30,7007
6125,廣運,15,0,15,兆豐-竹北,2024-09-30,7007
8028,昇陽半導體,15,0,15,兆豐-竹北,2024-09-30,7007
8429,金麗-KY,15,0,15,兆豐-竹北,2024-09-30,7007
6895,宏碩系統,14,0,14,兆豐-竹北,2024-09-30,7007
4303,信立,12,0,12,兆豐-竹北,2024-09-30,7007
00862B,中信投資級公司債,12,0,12,兆豐-竹北,2024-09-30,7007
1313,聯成,17,5,12,兆豐-竹北,2024-09-30,7007
2206,三陽工業,12,0,12,兆豐-竹北,2024-09-30,7007
2376,技嘉,14,2,12,兆豐-竹北,2024-09-30,7007
2498,宏達電,17,5,12,兆豐-竹北,2024-09-30,7007
3149,正達,12,0,12,兆豐-竹北,2024-09-30,7007
2363,矽統,19,8,11,兆豐-竹北,2024-09-30,7007
00953B,群益優選非投等債,11,0,11,兆豐-竹北,2024-09-30,7007
2888B,新光金乙特,11,0,11,兆豐-竹北,2024-09-30,7007
6405,悅城,11,0,11,兆豐-竹北,2024-09-30,7007
006208,富邦台50,11,0,11,兆豐-竹北,2024-09-30,7007
00713,元大台灣高息低波,10,0,10,兆豐-竹北,2024-09-30,7007
00740B,富邦全球投等債,10,0,10,兆豐-竹北,2024-09-30,7007
1805,寶徠,10,0,10,兆豐-竹北,2024-09-30,7007
2888,新光金,1001,0,1001,兆豐-竹北,2024-10-01,7007
00753L,中信中國50正2,405,33,372,兆豐-竹北,2024-10-01,7007
00637L,元大滬深300正2,181,25,156,兆豐-竹北,2024-10-01,7007
00937B,群益ESG投等債20,117,0,117,兆豐-竹北,2024-10-01,7007
00665L,富邦�琤肭磪囓�2,106,0,106,兆豐-竹北,2024-10-01,7007
6015,宏遠證,100,0,100,兆豐-竹北,2024-10-01,7007
00929,復華台灣科技優息,101,5,96,兆豐-竹北,2024-10-01,7007
4909,新復興,102,32,70,兆豐-竹北,2024-10-01,7007
00878,國泰永續高股息,63,0,63,兆豐-竹北,2024-10-01,7007
00725B,國泰投資級公司債,60,0,60,兆豐-竹北,2024-10-01,7007
00919,群益台灣精選高息,52,0,52,兆豐-竹北,2024-10-01,7007
0056,元大高股息,43,2,41,兆豐-竹北,2024-10-01,7007
2449,京元電子,43,5,38,兆豐-竹北,2024-10-01,7007
00679B,元大美債20年,35,0,35,兆豐-竹北,2024-10-01,7007
6742,澤米,38,4,34,兆豐-竹北,2024-10-01,7007
3037,欣興,34,1,33,兆豐-竹北,2024-10-01,7007
2399,映泰,51,20,31,兆豐-竹北,2024-10-01,7007
5603,陸海,30,0,30,兆豐-竹北,2024-10-01,7007
00712,復華富時不動產,27,0,27,兆豐-竹北,2024-10-01,7007
00671R,富邦NASDAQ反1,25,0,25,兆豐-竹北,2024-10-01,7007
3189,景碩,152,127,25,兆豐-竹北,2024-10-01,7007
9907,統一實,25,0,25,兆豐-竹北,2024-10-01,7007
2425,承啟,25,4,21,兆豐-竹北,2024-10-01,7007
00687B,國泰20年美債,22,2,20,兆豐-竹北,2024-10-01,7007
00655L,國泰中國A50正2,20,0,20,兆豐-竹北,2024-10-01,7007
00720B,元大投資級公司債,18,0,18,兆豐-竹北,2024-10-01,7007
00936,台新永續高息中小,15,0,15,兆豐-竹北,2024-10-01,7007
00713,元大台灣高息低波,15,0,15,兆豐-竹北,2024-10-01,7007
3317,尼克森,15,0,15,兆豐-竹北,2024-10-01,7007
8091,翔名,17,2,15,兆豐-竹北,2024-10-01,7007
00675L,富邦臺灣加權正2,16,2,14,兆豐-竹北,2024-10-01,7007
00922,國泰台灣領袖50,13,0,13,兆豐-竹北,2024-10-01,7007
00915,凱基優選高股息30,12,0,12,兆豐-竹北,2024-10-01,7007
3149,正達,17,6,11,兆豐-竹北,2024-10-01,7007
2408,南亞科,10,0,10,兆豐-竹北,2024-10-01,7007
00932,兆豐永續高息等權,10,0,10,兆豐-竹北,2024-10-01,7007
5213,亞昕,10,0,10,兆豐-竹北,2024-10-01,7007
5608,四維航,10,0,10,兆豐-竹北,2024-10-01,7007
6788,華景電,10,0,10,兆豐-竹北,2024-10-01,7007
2891,中信金,9,0,9,兆豐-竹北,2024-10-01,7007
2886,兆豐金,11,2,9,兆豐-竹北,2024-10-01,7007
00931B,統一美債20年,10,1,9,兆豐-竹北,2024-10-01,7007
1504,東元,9,0,9,兆豐-竹北,2024-10-01,7007
3550,聯穎,12,4,8,兆豐-竹北,2024-10-01,7007
2881,富邦金,8,0,8,兆豐-竹北,2024-10-01,7007
6139,亞翔,15,7,8,兆豐-竹北,2024-10-01,7007
3511,矽瑪,24,16,8,兆豐-竹北,2024-10-01,7007
8111,立��,42,34,8,兆豐-竹北,2024-10-01,7007
4510,高鋒,16,9,7,兆豐-竹北,2024-10-01,7007
00935,野村臺灣新科技50,7,0,7,兆豐-竹北,2024-10-01,7007
00937B,群益ESG投等債20,549,3,546,兆豐-竹北,2024-10-04,7007
00712,復華富時不動產,572,108,464,兆豐-竹北,2024-10-04,7007
1815,富喬,240,22,218,兆豐-竹北,2024-10-04,7007
00636,國泰中國A50,161,2,159,兆豐-竹北,2024-10-04,7007
2323,中環,123,1,122,兆豐-竹北,2024-10-04,7007
00919,群益台灣精選高息,162,40,122,兆豐-竹北,2024-10-04,7007
2618,長榮航,103,3,100,兆豐-竹北,2024-10-04,7007
2882A,國泰特,100,0,100,兆豐-竹北,2024-10-04,7007
00929,復華台灣科技優息,82,5,77,兆豐-竹北,2024-10-04,7007
6757,台灣虎航,76,0,76,兆豐-竹北,2024-10-04,7007
2882B,國泰金乙特,73,0,73,兆豐-竹北,2024-10-04,7007
00725B,國泰投資級公司債,72,0,72,兆豐-竹北,2024-10-04,7007
0056,元大高股息,70,0,70,兆豐-竹北,2024-10-04,7007
00940,元大台灣價值高息,88,18,70,兆豐-竹北,2024-10-04,7007
2881B,富邦金乙特,60,0,60,兆豐-竹北,2024-10-04,7007
2610,華航,52,0,52,兆豐-竹北,2024-10-04,7007
00671R,富邦NASDAQ反1,50,0,50,兆豐-竹北,2024-10-04,7007
3356,奇偶,44,0,44,兆豐-竹北,2024-10-04,7007
00680L,元大美債20正2,43,0,43,兆豐-竹北,2024-10-04,7007
00679B,元大美債20年,42,0,42,兆豐-竹北,2024-10-04,7007
4958,臻鼎-KY,85,50,35,兆豐-竹北,2024-10-04,7007
9907,統一實,32,0,32,兆豐-竹北,2024-10-04,7007
2439,美律,31,0,31,兆豐-竹北,2024-10-04,7007
00949,復華日本龍頭,30,0,30,兆豐-竹北,2024-10-04,7007
1101B,台泥乙特,30,0,30,兆豐-竹北,2024-10-04,7007
00878,國泰永續高股息,51,23,28,兆豐-竹北,2024-10-04,7007
2834,臺企銀,23,0,23,兆豐-竹北,2024-10-04,7007
2609,陽明,50,27,23,兆豐-竹北,2024-10-04,7007
5483,中美晶,23,0,23,兆豐-竹北,2024-10-04,7007
8028,昇陽半導體,22,0,22,兆豐-竹北,2024-10-04,7007
3450,聯鈞,32,11,21,兆豐-竹北,2024-10-04,7007
00953B,群益優選非投等債,21,0,21,兆豐-竹北,2024-10-04,7007
6188,廣明,27,6,21,兆豐-竹北,2024-10-04,7007
1409,新纖,20,0,20,兆豐-竹北,2024-10-04,7007
3036A,文曄甲特,20,0,20,兆豐-竹北,2024-10-04,7007
5871A,中租-KY甲特,20,0,20,兆豐-竹北,2024-10-04,7007
2615,萬海,26,6,20,兆豐-竹北,2024-10-04,7007
1524,耿鼎,29,10,19,兆豐-竹北,2024-10-04,7007
2891,中信金,25,8,17,兆豐-竹北,2024-10-04,7007
00945B,凱基美國非投等債,16,0,16,兆豐-竹北,2024-10-04,7007
00936,台新永續高息中小,15,0,15,兆豐-竹北,2024-10-04,7007
2891B,中信金乙特,15,0,15,兆豐-竹北,2024-10-04,7007
5014,建錩,17,2,15,兆豐-竹北,2024-10-04,7007
2603,長榮,19,4,15,兆豐-竹北,2024-10-04,7007
2303,聯電,15,0,15,兆豐-竹北,2024-10-04,7007
00656R,國泰中國A50反1,14,0,14,兆豐-竹北,2024-10-04,7007
5347,世界,13,1,12,兆豐-竹北,2024-10-04,7007
00958B,永豐ESG銀行債15,12,0,12,兆豐-竹北,2024-10-04,7007
8039,台虹,17,5,12,兆豐-竹北,2024-10-04,7007
2886,兆豐金,12,0,12,兆豐-竹北,2024-10-04,7007
2618,長榮航,301,2,299,兆豐-竹北,2024-10-07,7007
00632R,元大台灣50反1,255,0,255,兆豐-竹北,2024-10-07,7007
00687B,國泰20年美債,350,101,249,兆豐-竹北,2024-10-07,7007
1314,中石化,161,5,156,兆豐-竹北,2024-10-07,7007
00680L,元大美債20正2,146,0,146,兆豐-竹北,2024-10-07,7007
00882,中信中國高股息,383,244,139,兆豐-竹北,2024-10-07,7007
00725B,國泰投資級公司債,129,20,109,兆豐-竹北,2024-10-07,7007
2363,矽統,188,80,108,兆豐-竹北,2024-10-07,7007
2838,聯邦銀,100,0,100,兆豐-竹北,2024-10-07,7007
2881B,富邦金乙特,92,0,92,兆豐-竹北,2024-10-07,7007
00945B,凱基美國非投等債,110,33,77,兆豐-竹北,2024-10-07,7007
2882B,國泰金乙特,59,0,59,兆豐-竹北,2024-10-07,7007
6757,台灣虎航,50,0,50,兆豐-竹北,2024-10-07,7007
0056,元大高股息,49,2,47,兆豐-竹北,2024-10-07,7007
00878,國泰永續高股息,54,14,40,兆豐-竹北,2024-10-07,7007
00636,國泰中國A50,41,1,40,兆豐-竹北,2024-10-07,7007
3162,精確,40,0,40,兆豐-竹北,2024-10-07,7007
00922,國泰台灣領袖50,37,0,37,兆豐-竹北,2024-10-07,7007
6742,澤米,58,22,36,兆豐-竹北,2024-10-07,7007
1409,新纖,35,0,35,兆豐-竹北,2024-10-07,7007
00679B,元大美債20年,82,50,32,兆豐-竹北,2024-10-07,7007
3231,緯創,31,2,29,兆豐-竹北,2024-10-07,7007
3374,精材,28,0,28,兆豐-竹北,2024-10-07,7007
00918,大華優利高填息30,35,7,28,兆豐-竹北,2024-10-07,7007
2313,華通,29,2,27,兆豐-竹北,2024-10-07,7007
8429,金麗-KY,32,5,27,兆豐-竹北,2024-10-07,7007
3048,益登,27,3,24,兆豐-竹北,2024-10-07,7007
2402,毅嘉,56,33,23,兆豐-竹北,2024-10-07,7007
00929,復華台灣科技優息,33,14,19,兆豐-竹北,2024-10-07,7007
0061,元大寶滬深,22,3,19,兆豐-竹北,2024-10-07,7007
2498,宏達電,30,11,19,兆豐-竹北,2024-10-07,7007
1711,永光,28,10,18,兆豐-竹北,2024-10-07,7007
3037,欣興,18,0,18,兆豐-竹北,2024-10-07,7007
00752,中信中國50,35,18,17,兆豐-竹北,2024-10-07,7007
2388,威盛,20,5,15,兆豐-竹北,2024-10-07,7007
2317,鴻海,41,26,15,兆豐-竹北,2024-10-07,7007
00639,富邦深100,15,1,14,兆豐-竹北,2024-10-07,7007
00712,復華富時不動產,14,0,14,兆豐-竹北,2024-10-07,7007
2439,美律,14,0,14,兆豐-竹北,2024-10-07,7007
1802,台玻,25,12,13,兆豐-竹北,2024-10-07,7007
2892,第一金,12,0,12,兆豐-竹北,2024-10-07,7007
00915,凱基優選高股息30,16,4,12,兆豐-竹北,2024-10-07,7007
2436,偉詮電,12,0,12,兆豐-竹北,2024-10-07,7007
2497,怡利電,11,0,11,兆豐-竹北,2024-10-07,7007
2408,南亞科,12,1,11,兆豐-竹北,2024-10-07,7007
5483,中美晶,13,2,11,兆豐-竹北,2024-10-07,7007
3049,精金,46,35,11,兆豐-竹北,2024-10-07,7007
2356,英業達,20,10,10,兆豐-竹北,2024-10-07,7007
6806,森崴能源,10,0,10,兆豐-竹北,2024-10-07,7007
00720B,元大投資級公司債,11,1,10,兆豐-竹北,2024-10-07,7007
00937B,群益ESG投等債20,762,22,740,兆豐-竹北,2024-10-08,7007
00753L,中信中國50正2,800,149,651,兆豐-竹北,2024-10-08,7007
00724B,群益投資級金融債,401,0,401,兆豐-竹北,2024-10-08,7007
00679B,元大美債20年,412,23,389,兆豐-竹北,2024-10-08,7007
00687B,國泰20年美債,386,38,348,兆豐-竹北,2024-10-08,7007
2399,映泰,721,451,270,兆豐-竹北,2024-10-08,7007
00637L,元大滬深300正2,549,342,207,兆豐-竹北,2024-10-08,7007
2882B,國泰金乙特,160,0,160,兆豐-竹北,2024-10-08,7007
2618,長榮航,117,4,113,兆豐-竹北,2024-10-08,7007
00720B,元大投資級公司債,64,5,59,兆豐-竹北,2024-10-08,7007
6216,居易,65,7,58,兆豐-竹北,2024-10-08,7007
00929,復華台灣科技優息,60,2,58,兆豐-竹北,2024-10-08,7007
2609,陽明,80,22,58,兆豐-竹北,2024-10-08,7007
0056,元大高股息,53,0,53,兆豐-竹北,2024-10-08,7007
00680L,元大美債20正2,51,0,51,兆豐-竹北,2024-10-08,7007
00878,國泰永續高股息,58,7,51,兆豐-竹北,2024-10-08,7007
2838,聯邦銀,50,0,50,兆豐-竹北,2024-10-08,7007
3689,湧德,51,1,50,兆豐-竹北,2024-10-08,7007
5864,致和證,50,0,50,兆豐-竹北,2024-10-08,7007
00740B,富邦全球投等債,45,0,45,兆豐-竹北,2024-10-08,7007
00940,元大台灣價值高息,44,4,40,兆豐-竹北,2024-10-08,7007
2103,台橡,39,1,38,兆豐-竹北,2024-10-08,7007
00725B,國泰投資級公司債,35,0,35,兆豐-竹北,2024-10-08,7007
00943,兆豐電子高息等權,35,0,35,兆豐-竹北,2024-10-08,7007
00919,群益台灣精選高息,44,10,34,兆豐-竹北,2024-10-08,7007
1314,中石化,32,1,31,兆豐-竹北,2024-10-08,7007
5483,中美晶,31,0,31,兆豐-竹北,2024-10-08,7007
2417,圓剛,30,0,30,兆豐-竹北,2024-10-08,7007
00922,國泰台灣領袖50,30,0,30,兆豐-竹北,2024-10-08,7007
00675L,富邦臺灣加權正2,29,0,29,兆豐-竹北,2024-10-08,7007
2891B,中信金乙特,29,0,29,兆豐-竹北,2024-10-08,7007
1802,台玻,58,30,28,兆豐-竹北,2024-10-08,7007
4945,陞達科技,33,5,28,兆豐-竹北,2024-10-08,7007
2425,承啟,55,29,26,兆豐-竹北,2024-10-08,7007
00706L,期元大S＆P日圓正2,25,0,25,兆豐-竹北,2024-10-08,7007
6757,台灣虎航,25,0,25,兆豐-竹北,2024-10-08,7007
00665L,富邦�琤肭磪囓�2,24,1,23,兆豐-竹北,2024-10-08,7007
9105,泰金寶-DR,23,1,22,兆豐-竹北,2024-10-08,7007
3037,欣興,21,0,21,兆豐-竹北,2024-10-08,7007
00650L,復華香港正2,23,2,21,兆豐-竹北,2024-10-08,7007
3711,日月光投控,20,0,20,兆豐-竹北,2024-10-08,7007
2362,藍天,26,6,20,兆豐-竹北,2024-10-08,7007
5871A,中租-KY甲特,20,0,20,兆豐-竹北,2024-10-08,7007
00915,凱基優選高股息30,17,0,17,兆豐-竹北,2024-10-08,7007
2312,金寶,17,0,17,兆豐-竹北,2024-10-08,7007
2881B,富邦金乙特,17,0,17,兆豐-竹北,2024-10-08,7007
2888B,新光金乙特,16,0,16,兆豐-竹北,2024-10-08,7007
1524,耿鼎,16,0,16,兆豐-竹北,2024-10-08,7007
2882A,國泰特,15,0,15,兆豐-竹北,2024-10-08,7007
3024,憶聲,15,0,15,兆豐-竹北,2024-10-08,7007
00937B,群益ESG投等債20,207,0,207,兆豐-竹北,2024-10-09,7007
00753L,中信中國50正2,277,80,197,兆豐-竹北,2024-10-09,7007
00945B,凱基美國非投等債,150,0,150,兆豐-竹北,2024-10-09,7007
2888,新光金,155,7,148,兆豐-竹北,2024-10-09,7007
00632R,元大台灣50反1,120,0,120,兆豐-竹北,2024-10-09,7007
00882,中信中國高股息,130,22,108,兆豐-竹北,2024-10-09,7007
2838,聯邦銀,100,0,100,兆豐-竹北,2024-10-09,7007
00933B,國泰10Y+金融債,100,4,96,兆豐-竹北,2024-10-09,7007
00795B,中信美國公債20年,91,1,90,兆豐-竹北,2024-10-09,7007
00650L,復華香港正2,93,3,90,兆豐-竹北,2024-10-09,7007
00687B,國泰20年美債,103,15,88,兆豐-竹北,2024-10-09,7007
00679B,元大美債20年,87,3,84,兆豐-竹北,2024-10-09,7007
2882B,國泰金乙特,70,0,70,兆豐-竹北,2024-10-09,7007
5871A,中租-KY甲特,65,0,65,兆豐-竹北,2024-10-09,7007
1314,中石化,52,0,52,兆豐-竹北,2024-10-09,7007
00878,國泰永續高股息,56,4,52,兆豐-竹北,2024-10-09,7007
5864,致和證,50,0,50,兆豐-竹北,2024-10-09,7007
00724B,群益投資級金融債,50,1,49,兆豐-竹北,2024-10-09,7007
6742,澤米,55,6,49,兆豐-竹北,2024-10-09,7007
2323,中環,45,0,45,兆豐-竹北,2024-10-09,7007
5014,建錩,42,1,41,兆豐-竹北,2024-10-09,7007
3209,全科,46,10,36,兆豐-竹北,2024-10-09,7007
2436,偉詮電,56,25,31,兆豐-竹北,2024-10-09,7007
00942B,台新美A公司債20+,30,0,30,兆豐-竹北,2024-10-09,7007
00919,群益台灣精選高息,45,17,28,兆豐-竹北,2024-10-09,7007
00940,元大台灣價值高息,32,5,27,兆豐-竹北,2024-10-09,7007
4958,臻鼎-KY,29,2,27,兆豐-竹北,2024-10-09,7007
5483,中美晶,26,0,26,兆豐-竹北,2024-10-09,7007
00740B,富邦全球投等債,26,0,26,兆豐-竹北,2024-10-09,7007
2489,瑞軒,32,6,26,兆豐-竹北,2024-10-09,7007
0056,元大高股息,27,2,25,兆豐-竹北,2024-10-09,7007
2313,華通,28,6,22,兆豐-竹北,2024-10-09,7007
1326,台化,22,0,22,兆豐-竹北,2024-10-09,7007
3036A,文曄甲特,21,0,21,兆豐-竹北,2024-10-09,7007
2476,鉅祥,20,0,20,兆豐-竹北,2024-10-09,7007
2617,台航,20,0,20,兆豐-竹北,2024-10-09,7007
6216,居易,21,1,20,兆豐-竹北,2024-10-09,7007
00712,復華富時不動產,31,12,19,兆豐-竹北,2024-10-09,7007
1309,台達化,19,0,19,兆豐-竹北,2024-10-09,7007
6218,豪勉,22,3,19,兆豐-竹北,2024-10-09,7007
2382,廣達,40,23,17,兆豐-竹北,2024-10-09,7007
3163,波若威,31,14,17,兆豐-竹北,2024-10-09,7007
3049,精金,18,2,16,兆豐-竹北,2024-10-09,7007
4952,凌通,16,0,16,兆豐-竹北,2024-10-09,7007
3689,湧德,15,0,15,兆豐-竹北,2024-10-09,7007
6133,金橋,15,0,15,兆豐-竹北,2024-10-09,7007
4961,天鈺,15,1,14,兆豐-竹北,2024-10-09,7007
6757,台灣虎航,14,0,14,兆豐-竹北,2024-10-09,7007
2880,華南金,13,0,13,兆豐-竹北,2024-10-09,7007
2002,中鋼,14,2,12,兆豐-竹北,2024-10-09,7007
00687B,國泰20年美債,378,14,364,兆豐-竹北,2024-10-11,7007
00679B,元大美債20年,134,10,124,兆豐-竹北,2024-10-11,7007
00936,台新永續高息中小,105,0,105,兆豐-竹北,2024-10-11,7007
00945B,凱基美國非投等債,100,0,100,兆豐-竹北,2024-10-11,7007
2303,聯電,106,9,97,兆豐-竹北,2024-10-11,7007
00632R,元大台灣50反1,91,0,91,兆豐-竹北,2024-10-11,7007
00725B,國泰投資級公司債,81,0,81,兆豐-竹北,2024-10-11,7007
2382,廣達,90,12,78,兆豐-竹北,2024-10-11,7007
5603,陸海,65,0,65,兆豐-竹北,2024-10-11,7007
00724B,群益投資級金融債,57,0,57,兆豐-竹北,2024-10-11,7007
00720B,元大投資級公司債,53,0,53,兆豐-竹北,2024-10-11,7007
5483,中美晶,52,2,50,兆豐-竹北,2024-10-11,7007
00933B,國泰10Y+金融債,50,0,50,兆豐-竹北,2024-10-11,7007
00948B,中信優息投資級債,44,0,44,兆豐-竹北,2024-10-11,7007
2891,中信金,41,3,38,兆豐-竹北,2024-10-11,7007
00915,凱基優選高股息30,36,3,33,兆豐-竹北,2024-10-11,7007
00937B,群益ESG投等債20,47,15,32,兆豐-竹北,2024-10-11,7007
0056,元大高股息,38,6,32,兆豐-竹北,2024-10-11,7007
00882,中信中國高股息,90,60,30,兆豐-竹北,2024-10-11,7007
2388,威盛,46,17,29,兆豐-竹北,2024-10-11,7007
6284,佳邦,23,0,23,兆豐-竹北,2024-10-11,7007
6143,振曜,30,8,22,兆豐-竹北,2024-10-11,7007
6906,現觀科,22,0,22,兆豐-竹北,2024-10-11,7007
2344,華邦電,20,0,20,兆豐-竹北,2024-10-11,7007
2489,瑞軒,30,10,20,兆豐-竹北,2024-10-11,7007
3591,艾笛森,21,1,20,兆豐-竹北,2024-10-11,7007
4903,聯光通,27,7,20,兆豐-竹北,2024-10-11,7007
5871A,中租-KY甲特,20,0,20,兆豐-竹北,2024-10-11,7007
00688L,國泰20年美債正2,19,0,19,兆豐-竹北,2024-10-11,7007
2891B,中信金乙特,19,0,19,兆豐-竹北,2024-10-11,7007
00713,元大台灣高息低波,18,0,18,兆豐-竹北,2024-10-11,7007
3189,景碩,63,46,17,兆豐-竹北,2024-10-11,7007
00656R,國泰中國A50反1,20,3,17,兆豐-竹北,2024-10-11,7007
5245,智晶,17,0,17,兆豐-竹北,2024-10-11,7007
2421,建準,20,3,17,兆豐-竹北,2024-10-11,7007
00919,群益台灣精選高息,16,0,16,兆豐-竹北,2024-10-11,7007
2834,臺企銀,15,0,15,兆豐-竹北,2024-10-11,7007
00719B,元大美債1-3,15,0,15,兆豐-竹北,2024-10-11,7007
00655L,國泰中國A50正2,15,0,15,兆豐-竹北,2024-10-11,7007
2436,偉詮電,16,1,15,兆豐-竹北,2024-10-11,7007
4952,凌通,15,0,15,兆豐-竹北,2024-10-11,7007
6405,悅城,19,4,15,兆豐-竹北,2024-10-11,7007
6546,正基,20,5,15,兆豐-竹北,2024-10-11,7007
3710,連展投控,14,0,14,兆豐-竹北,2024-10-11,7007
8039,台虹,13,0,13,兆豐-竹北,2024-10-11,7007
00650L,復華香港正2,13,0,13,兆豐-竹北,2024-10-11,7007
3048,益登,12,0,12,兆豐-竹北,2024-10-11,7007
1725,元禎,12,0,12,兆豐-竹北,2024-10-11,7007
3526,凡甲,11,0,11,兆豐-竹北,2024-10-11,7007
4949,有成精密,11,0,11,兆豐-竹北,2024-10-11,7007
00687B,國泰20年美債,280,83,197,兆豐-竹北,2024-10-14,7007
00948B,中信優息投資級債,164,0,164,兆豐-竹北,2024-10-14,7007
00724B,群益投資級金融債,150,0,150,兆豐-竹北,2024-10-14,7007
00887,永豐中國科技50大,138,0,138,兆豐-竹北,2024-10-14,7007
00753L,中信中國50正2,212,100,112,兆豐-竹北,2024-10-14,7007
00632R,元大台灣50反1,80,3,77,兆豐-竹北,2024-10-14,7007
00650L,復華香港正2,71,0,71,兆豐-竹北,2024-10-14,7007
2882B,國泰金乙特,70,0,70,兆豐-竹北,2024-10-14,7007
6142,友勁,63,0,63,兆豐-竹北,2024-10-14,7007
0056,元大高股息,57,2,55,兆豐-竹北,2024-10-14,7007
00679B,元大美債20年,111,57,54,兆豐-竹北,2024-10-14,7007
2486,一詮,54,4,50,兆豐-竹北,2024-10-14,7007
2353,宏��,50,0,50,兆豐-竹北,2024-10-14,7007
00931B,統一美債20年,51,8,43,兆豐-竹北,2024-10-14,7007
00933B,國泰10Y+金融債,52,10,42,兆豐-竹北,2024-10-14,7007
2609,陽明,50,11,39,兆豐-竹北,2024-10-14,7007
1101B,台泥乙特,39,0,39,兆豐-竹北,2024-10-14,7007
00795B,中信美國公債20年,53,15,38,兆豐-竹北,2024-10-14,7007
00639,富邦深100,38,0,38,兆豐-竹北,2024-10-14,7007
2881B,富邦金乙特,37,0,37,兆豐-竹北,2024-10-14,7007
00919,群益台灣精選高息,38,1,37,兆豐-竹北,2024-10-14,7007
2402,毅嘉,46,11,35,兆豐-竹北,2024-10-14,7007
00878,國泰永續高股息,47,15,32,兆豐-竹北,2024-10-14,7007
00665L,富邦�琤肭磪囓�2,34,3,31,兆豐-竹北,2024-10-14,7007
00680L,元大美債20正2,32,2,30,兆豐-竹北,2024-10-14,7007
2882A,國泰特,30,0,30,兆豐-竹北,2024-10-14,7007
3360,尚立,30,0,30,兆豐-竹北,2024-10-14,7007
00712,復華富時不動產,28,0,28,兆豐-竹北,2024-10-14,7007
2887,台新金,33,9,24,兆豐-竹北,2024-10-14,7007
6546,正基,25,1,24,兆豐-竹北,2024-10-14,7007
1316,上曜,23,0,23,兆豐-竹北,2024-10-14,7007
00922,國泰台灣領袖50,22,0,22,兆豐-竹北,2024-10-14,7007
2312,金寶,67,46,21,兆豐-竹北,2024-10-14,7007
1314,中石化,20,0,20,兆豐-竹北,2024-10-14,7007
1409,新纖,20,0,20,兆豐-竹北,2024-10-14,7007
00725B,國泰投資級公司債,17,0,17,兆豐-竹北,2024-10-14,7007
3149,正達,37,20,17,兆豐-竹北,2024-10-14,7007
00631L,元大台灣50正2,16,1,15,兆豐-竹北,2024-10-14,7007
1522,堤維西,16,1,15,兆豐-竹北,2024-10-14,7007
6742,澤米,25,11,14,兆豐-竹北,2024-10-14,7007
00720B,元大投資級公司債,13,0,13,兆豐-竹北,2024-10-14,7007
2344,華邦電,13,0,13,兆豐-竹北,2024-10-14,7007
2634,漢翔,12,0,12,兆豐-竹北,2024-10-14,7007
3049,精金,12,1,11,兆豐-竹北,2024-10-14,7007
5701,劍湖山,10,0,10,兆豐-竹北,2024-10-14,7007
6525,捷敏-KY,10,0,10,兆豐-竹北,2024-10-14,7007
2388,威盛,17,7,10,兆豐-竹北,2024-10-14,7007
2426,鼎元,11,1,10,兆豐-竹北,2024-10-14,7007
2888,新光金,11,2,9,兆豐-竹北,2024-10-14,7007
3025,星通,11,2,9,兆豐-竹北,2024-10-14,7007
00632R,元大台灣50反1,354,0,354,兆豐-竹北,2024-10-15,7007
00687B,國泰20年美債,279,2,277,兆豐-竹北,2024-10-15,7007
00943,兆豐電子高息等權,257,0,257,兆豐-竹北,2024-10-15,7007
00948B,中信優息投資級債,166,8,158,兆豐-竹北,2024-10-15,7007
00664R,國泰臺灣加權反1,138,0,138,兆豐-竹北,2024-10-15,7007
2881B,富邦金乙特,110,0,110,兆豐-竹北,2024-10-15,7007
00637L,元大滬深300正2,211,102,109,兆豐-竹北,2024-10-15,7007
2888,新光金,123,16,107,兆豐-竹北,2024-10-15,7007
00753L,中信中國50正2,86,0,86,兆豐-竹北,2024-10-15,7007
00680L,元大美債20正2,85,0,85,兆豐-竹北,2024-10-15,7007
00887,永豐中國科技50大,90,5,85,兆豐-竹北,2024-10-15,7007
6706,惠特,104,34,70,兆豐-竹北,2024-10-15,7007
00882,中信中國高股息,88,19,69,兆豐-竹北,2024-10-15,7007
1314,中石化,63,1,62,兆豐-竹北,2024-10-15,7007
00650L,復華香港正2,53,0,53,兆豐-竹北,2024-10-15,7007
2615,萬海,100,59,41,兆豐-竹北,2024-10-15,7007
2882A,國泰特,40,0,40,兆豐-竹北,2024-10-15,7007
6156,松上,44,10,34,兆豐-竹北,2024-10-15,7007
2882B,國泰金乙特,30,0,30,兆豐-竹北,2024-10-15,7007
3360,尚立,30,0,30,兆豐-竹北,2024-10-15,7007
3645,達邁,34,4,30,兆豐-竹北,2024-10-15,7007
00673R,期元大S＆P原油反1,35,7,28,兆豐-竹北,2024-10-15,7007
2867,三商壽,40,15,25,兆豐-竹北,2024-10-15,7007
5014,建錩,22,0,22,兆豐-竹北,2024-10-15,7007
00715L,期街口布蘭特正2,20,1,19,兆豐-竹北,2024-10-15,7007
3088,艾訊,18,0,18,兆豐-竹北,2024-10-15,7007
8028,昇陽半導體,21,3,18,兆豐-竹北,2024-10-15,7007
00878,國泰永續高股息,23,7,16,兆豐-竹北,2024-10-15,7007
00688L,國泰20年美債正2,15,0,15,兆豐-竹北,2024-10-15,7007
2388,威盛,17,2,15,兆豐-竹北,2024-10-15,7007
4952,凌通,15,0,15,兆豐-竹北,2024-10-15,7007
8155,博智,16,1,15,兆豐-竹北,2024-10-15,7007
00857B,永豐20年美公債,15,1,14,兆豐-竹北,2024-10-15,7007
2887,台新金,22,8,14,兆豐-竹北,2024-10-15,7007
4956,光鋐,43,29,14,兆豐-竹北,2024-10-15,7007
0056,元大高股息,29,15,14,兆豐-竹北,2024-10-15,7007
3546,宇峻,12,0,12,兆豐-竹北,2024-10-15,7007
00751B,元大AAA至A公司債,12,0,12,兆豐-竹北,2024-10-15,7007
6546,正基,12,1,11,兆豐-竹北,2024-10-15,7007
00720B,元大投資級公司債,11,0,11,兆豐-竹北,2024-10-15,7007
00937B,群益ESG投等債20,19,8,11,兆豐-竹北,2024-10-15,7007
8104,錸寶,11,0,11,兆豐-竹北,2024-10-15,7007
00961,FT臺灣永續高息,10,0,10,兆豐-竹北,2024-10-15,7007
2547,日勝生,10,0,10,兆豐-竹北,2024-10-15,7007
2809,京城銀,10,0,10,兆豐-竹北,2024-10-15,7007
2891B,中信金乙特,10,0,10,兆豐-竹北,2024-10-15,7007
3591,艾笛森,10,0,10,兆豐-竹北,2024-10-15,7007
00795B,中信美國公債20年,9,0,9,兆豐-竹北,2024-10-15,7007
1618,合機,9,0,9,兆豐-竹北,2024-10-15,7007
3380,明泰,12,3,9,兆豐-竹北,2024-10-15,7007
00753L,中信中國50正2,246,19,227,兆豐-竹北,2024-10-16,7007
00688L,國泰20年美債正2,230,6,224,兆豐-竹北,2024-10-16,7007
2838,聯邦銀,200,0,200,兆豐-竹北,2024-10-16,7007
00725B,國泰投資級公司債,170,0,170,兆豐-竹北,2024-10-16,7007
6143,振曜,110,2,108,兆豐-竹北,2024-10-16,7007
2882B,國泰金乙特,108,0,108,兆豐-竹北,2024-10-16,7007
00752,中信中國50,100,0,100,兆豐-竹北,2024-10-16,7007
0056,元大高股息,90,0,90,兆豐-竹北,2024-10-16,7007
2891B,中信金乙特,89,0,89,兆豐-竹北,2024-10-16,7007
00887,永豐中國科技50大,87,0,87,兆豐-竹北,2024-10-16,7007
5452,佶優,77,5,72,兆豐-竹北,2024-10-16,7007
00922,國泰台灣領袖50,71,1,70,兆豐-竹北,2024-10-16,7007
00715L,期街口布蘭特正2,65,0,65,兆豐-竹北,2024-10-16,7007
2882A,國泰特,60,0,60,兆豐-竹北,2024-10-16,7007
6706,惠特,63,6,57,兆豐-竹北,2024-10-16,7007
2547,日勝生,50,0,50,兆豐-竹北,2024-10-16,7007
00680L,元大美債20正2,47,2,45,兆豐-竹北,2024-10-16,7007
00679B,元大美債20年,33,2,31,兆豐-竹北,2024-10-16,7007
2881B,富邦金乙特,30,0,30,兆豐-竹北,2024-10-16,7007
5871A,中租-KY甲特,27,0,27,兆豐-竹北,2024-10-16,7007
00905,FT臺灣Smart,26,0,26,兆豐-竹北,2024-10-16,7007
4958,臻鼎-KY,23,0,23,兆豐-竹北,2024-10-16,7007
006208,富邦台50,23,1,22,兆豐-竹北,2024-10-16,7007
00919,群益台灣精選高息,33,11,22,兆豐-竹北,2024-10-16,7007
3037,欣興,23,1,22,兆豐-竹北,2024-10-16,7007
00882,中信中國高股息,52,31,21,兆豐-竹北,2024-10-16,7007
00941,中信上游半導體,20,0,20,兆豐-竹北,2024-10-16,7007
3036A,文曄甲特,20,0,20,兆豐-竹北,2024-10-16,7007
2330,台積電,38,18,20,兆豐-竹北,2024-10-16,7007
1605,華新,17,0,17,兆豐-竹北,2024-10-16,7007
00712,復華富時不動產,22,5,17,兆豐-竹北,2024-10-16,7007
3024,憶聲,17,0,17,兆豐-竹北,2024-10-16,7007
00665L,富邦�琤肭磪囓�2,56,40,16,兆豐-竹北,2024-10-16,7007
00650L,復華香港正2,16,0,16,兆豐-竹北,2024-10-16,7007
2332,友訊,16,0,16,兆豐-竹北,2024-10-16,7007
00719B,元大美債1-3,15,0,15,兆豐-竹北,2024-10-16,7007
4164,承業醫,15,0,15,兆豐-竹北,2024-10-16,7007
00878,國泰永續高股息,19,4,15,兆豐-竹北,2024-10-16,7007
00675L,富邦臺灣加權正2,15,1,14,兆豐-竹北,2024-10-16,7007
00948B,中信優息投資級債,14,0,14,兆豐-竹北,2024-10-16,7007
2493,揚博,16,2,14,兆豐-竹北,2024-10-16,7007
2637,慧洋-KY,13,0,13,兆豐-竹北,2024-10-16,7007
8086,宏捷科,13,0,13,兆豐-竹北,2024-10-16,7007
3227,原相,26,14,12,兆豐-竹北,2024-10-16,7007
6770,力積電,16,4,12,兆豐-竹北,2024-10-16,7007
00795B,中信美國公債20年,11,0,11,兆豐-竹北,2024-10-16,7007
00918,大華優利高填息30,12,1,11,兆豐-竹北,2024-10-16,7007
4991,環宇-KY,20,9,11,兆豐-竹北,2024-10-16,7007
6134,萬旭,15,4,11,兆豐-竹北,2024-10-16,7007
3149,正達,33,22,11,兆豐-竹北,2024-10-16,7007
00637L,元大滬深300正2,136,1,135,兆豐-竹北,2024-10-17,7007
00632R,元大台灣50反1,132,0,132,兆豐-竹北,2024-10-17,7007
00933B,國泰10Y+金融債,100,2,98,兆豐-竹北,2024-10-17,7007
00887,永豐中國科技50大,66,1,65,兆豐-竹北,2024-10-17,7007
2838,聯邦銀,50,0,50,兆豐-竹北,2024-10-17,7007
2882B,國泰金乙特,46,0,46,兆豐-竹北,2024-10-17,7007
00922,國泰台灣領袖50,55,12,43,兆豐-竹北,2024-10-17,7007
5871A,中租-KY甲特,30,0,30,兆豐-竹北,2024-10-17,7007
4909,新復興,41,16,25,兆豐-竹北,2024-10-17,7007
2881B,富邦金乙特,24,0,24,兆豐-竹北,2024-10-17,7007
2105,正新,20,0,20,兆豐-竹北,2024-10-17,7007
2303,聯電,21,2,19,兆豐-竹北,2024-10-17,7007
00706L,期元大S＆P日圓正2,16,0,16,兆豐-竹北,2024-10-17,7007
2493,揚博,16,0,16,兆豐-竹北,2024-10-17,7007
2399,映泰,23,8,15,兆豐-竹北,2024-10-17,7007
00687B,國泰20年美債,17,2,15,兆豐-竹北,2024-10-17,7007
00772B,中信高評級公司債,15,0,15,兆豐-竹北,2024-10-17,7007
00948B,中信優息投資級債,16,1,15,兆豐-竹北,2024-10-17,7007
2449,京元電子,76,61,15,兆豐-竹北,2024-10-17,7007
2892,第一金,15,1,14,兆豐-竹北,2024-10-17,7007
6649,台生材,17,3,14,兆豐-竹北,2024-10-17,7007
00650L,復華香港正2,13,0,13,兆豐-竹北,2024-10-17,7007
4903,聯光通,18,5,13,兆豐-竹北,2024-10-17,7007
8096,擎亞,15,2,13,兆豐-竹北,2024-10-17,7007
00680L,元大美債20正2,11,0,11,兆豐-竹北,2024-10-17,7007
1528,恩德,29,18,11,兆豐-竹北,2024-10-17,7007
2887,台新金,16,5,11,兆豐-竹北,2024-10-17,7007
1231,聯華食,10,0,10,兆豐-竹北,2024-10-17,7007
3265,台星科,11,1,10,兆豐-竹北,2024-10-17,7007
3323,加百裕,10,0,10,兆豐-竹北,2024-10-17,7007
3526,凡甲,10,0,10,兆豐-竹北,2024-10-17,7007
1785,光洋科,38,28,10,兆豐-竹北,2024-10-17,7007
00715L,期街口布蘭特正2,9,0,9,兆豐-竹北,2024-10-17,7007
00633L,富邦上証正2,15,6,9,兆豐-竹北,2024-10-17,7007
2359,所羅門,35,26,9,兆豐-竹北,2024-10-17,7007
2421,建準,14,5,9,兆豐-竹北,2024-10-17,7007
3036A,文曄甲特,9,0,9,兆豐-竹北,2024-10-17,7007
5452,佶優,22,13,9,兆豐-竹北,2024-10-17,7007
6603,富強鑫,9,0,9,兆豐-竹北,2024-10-17,7007
00919,群益台灣精選高息,12,4,8,兆豐-竹北,2024-10-17,7007
0061,元大寶滬深,10,2,8,兆豐-竹北,2024-10-17,7007
00937B,群益ESG投等債20,12,4,8,兆豐-竹北,2024-10-17,7007
2009,第一銅,8,0,8,兆豐-竹北,2024-10-17,7007
006208,富邦台50,9,1,8,兆豐-竹北,2024-10-17,7007
00636,國泰中國A50,9,2,7,兆豐-竹北,2024-10-17,7007
2002,中鋼,7,0,7,兆豐-竹北,2024-10-17,7007
6658,聯策,15,8,7,兆豐-竹北,2024-10-17,7007
2489,瑞軒,17,11,6,兆豐-竹北,2024-10-17,7007
2845,遠東銀,8,2,6,兆豐-竹北,2024-10-17,7007
00927,群益半導體收益,6,0,6,兆豐-竹北,2024-10-17,7007
00937B,群益ESG投等債20,441,0,441,兆豐-竹北,2024-10-18,7007
00687B,國泰20年美債,275,1,274,兆豐-竹北,2024-10-18,7007
2070,精湛,233,25,208,兆豐-竹北,2024-10-18,7007
00753L,中信中國50正2,202,0,202,兆豐-竹北,2024-10-18,7007
00679B,元大美債20年,188,16,172,兆豐-竹北,2024-10-18,7007
00632R,元大台灣50反1,151,0,151,兆豐-竹北,2024-10-18,7007
9938,百和,125,0,125,兆豐-竹北,2024-10-18,7007
00724B,群益投資級金融債,101,0,101,兆豐-竹北,2024-10-18,7007
00639,富邦深100,121,20,101,兆豐-竹北,2024-10-18,7007
9105,泰金寶-DR,100,0,100,兆豐-竹北,2024-10-18,7007
2882B,國泰金乙特,85,0,85,兆豐-竹北,2024-10-18,7007
00931B,統一美債20年,77,0,77,兆豐-竹北,2024-10-18,7007
2303,聯電,68,3,65,兆豐-竹北,2024-10-18,7007
00720B,元大投資級公司債,58,0,58,兆豐-竹北,2024-10-18,7007
2449,京元電子,152,95,57,兆豐-竹北,2024-10-18,7007
6143,振曜,58,1,57,兆豐-竹北,2024-10-18,7007
00752,中信中國50,54,2,52,兆豐-竹北,2024-10-18,7007
0056,元大高股息,54,11,43,兆豐-竹北,2024-10-18,7007
00918,大華優利高填息30,43,2,41,兆豐-竹北,2024-10-18,7007
2615,萬海,80,39,41,兆豐-竹北,2024-10-18,7007
1528,恩德,53,13,40,兆豐-竹北,2024-10-18,7007
00688L,國泰20年美債正2,33,0,33,兆豐-竹北,2024-10-18,7007
8084,巨虹,31,0,31,兆豐-竹北,2024-10-18,7007
2881B,富邦金乙特,30,0,30,兆豐-竹北,2024-10-18,7007
2352,佳世達,30,1,29,兆豐-竹北,2024-10-18,7007
1785,光洋科,54,28,26,兆豐-竹北,2024-10-18,7007
00948B,中信優息投資級債,25,1,24,兆豐-竹北,2024-10-18,7007
00919,群益台灣精選高息,43,20,23,兆豐-竹北,2024-10-18,7007
3049,精金,22,0,22,兆豐-竹北,2024-10-18,7007
2105,正新,21,0,21,兆豐-竹北,2024-10-18,7007
2204,中華,21,0,21,兆豐-竹北,2024-10-18,7007
2867,三商壽,36,15,21,兆豐-竹北,2024-10-18,7007
2888,新光金,20,0,20,兆豐-竹北,2024-10-18,7007
1101B,台泥乙特,20,0,20,兆豐-竹北,2024-10-18,7007
2388,威盛,21,1,20,兆豐-竹北,2024-10-18,7007
3037,欣興,42,24,18,兆豐-竹北,2024-10-18,7007
2365,昆盈,25,7,18,兆豐-竹北,2024-10-18,7007
00680L,元大美債20正2,17,0,17,兆豐-竹北,2024-10-18,7007
00927,群益半導體收益,16,0,16,兆豐-竹北,2024-10-18,7007
5483,中美晶,15,0,15,兆豐-竹北,2024-10-18,7007
3036A,文曄甲特,15,0,15,兆豐-竹北,2024-10-18,7007
00887,永豐中國科技50大,26,13,13,兆豐-竹北,2024-10-18,7007
4961,天鈺,13,0,13,兆豐-竹北,2024-10-18,7007
2402,毅嘉,25,13,12,兆豐-竹北,2024-10-18,7007
2399,映泰,24,12,12,兆豐-竹北,2024-10-18,7007
00795B,中信美國公債20年,12,0,12,兆豐-竹北,2024-10-18,7007
4760,勤凱,20,8,12,兆豐-竹北,2024-10-18,7007
6156,松上,15,3,12,兆豐-竹北,2024-10-18,7007
2887,台新金,30,19,11,兆豐-竹北,2024-10-18,7007
00929,復華台灣科技優息,29,18,11,兆豐-竹北,2024-10-18,7007
00937B,群益ESG投等債20,461,0,461,兆豐-竹北,2024-10-21,7007
00687B,國泰20年美債,209,64,145,兆豐-竹北,2024-10-21,7007
00724B,群益投資級金融債,100,0,100,兆豐-竹北,2024-10-21,7007
6143,振曜,97,0,97,兆豐-竹北,2024-10-21,7007
00637L,元大滬深300正2,92,5,87,兆豐-竹北,2024-10-21,7007
00887,永豐中國科技50大,76,14,62,兆豐-竹北,2024-10-21,7007
2882B,國泰金乙特,60,0,60,兆豐-竹北,2024-10-21,7007
00632R,元大台灣50反1,55,0,55,兆豐-竹北,2024-10-21,7007
00933B,國泰10Y+金融債,52,0,52,兆豐-竹北,2024-10-21,7007
00905,FT臺灣Smart,71,20,51,兆豐-竹北,2024-10-21,7007
6649,台生材,50,1,49,兆豐-竹北,2024-10-21,7007
5871A,中租-KY甲特,45,0,45,兆豐-竹北,2024-10-21,7007
00679B,元大美債20年,47,5,42,兆豐-竹北,2024-10-21,7007
00680L,元大美債20正2,38,0,38,兆豐-竹北,2024-10-21,7007
3036A,文曄甲特,36,0,36,兆豐-竹北,2024-10-21,7007
00919,群益台灣精選高息,86,51,35,兆豐-竹北,2024-10-21,7007
00940,元大台灣價值高息,54,20,34,兆豐-竹北,2024-10-21,7007
1101,台泥,31,0,31,兆豐-竹北,2024-10-21,7007
00753L,中信中國50正2,31,0,31,兆豐-竹北,2024-10-21,7007
2105,正新,30,0,30,兆豐-竹北,2024-10-21,7007
00715L,期街口布蘭特正2,28,0,28,兆豐-竹北,2024-10-21,7007
00650L,復華香港正2,27,0,27,兆豐-竹北,2024-10-21,7007
2317,鴻海,43,19,24,兆豐-竹北,2024-10-21,7007
3149,正達,29,5,24,兆豐-竹北,2024-10-21,7007
2883,凱基金,27,5,22,兆豐-竹北,2024-10-21,7007
00948B,中信優息投資級債,21,0,21,兆豐-竹北,2024-10-21,7007
2547,日勝生,20,0,20,兆豐-竹北,2024-10-21,7007
5512,力麒,20,0,20,兆豐-竹北,2024-10-21,7007
00720B,元大投資級公司債,18,0,18,兆豐-竹北,2024-10-21,7007
2891B,中信金乙特,18,0,18,兆豐-竹北,2024-10-21,7007
6239,力成,18,0,18,兆豐-竹北,2024-10-21,7007
2881,富邦金,18,1,17,兆豐-竹北,2024-10-21,7007
00725B,國泰投資級公司債,16,0,16,兆豐-竹北,2024-10-21,7007
00655L,國泰中國A50正2,15,0,15,兆豐-竹北,2024-10-21,7007
00942B,台新美A公司債20+,15,0,15,兆豐-竹北,2024-10-21,7007
8091,翔名,15,0,15,兆豐-竹北,2024-10-21,7007
00882,中信中國高股息,31,17,14,兆豐-竹北,2024-10-21,7007
2867,三商壽,14,0,14,兆豐-竹北,2024-10-21,7007
2884,玉山金,14,0,14,兆豐-竹北,2024-10-21,7007
00878,國泰永續高股息,23,10,13,兆豐-竹北,2024-10-21,7007
2421,建準,13,1,12,兆豐-竹北,2024-10-21,7007
3520,華盈,12,0,12,兆豐-竹北,2024-10-21,7007
00751B,元大AAA至A公司債,13,1,12,兆豐-竹北,2024-10-21,7007
00752,中信中國50,10,0,10,兆豐-竹北,2024-10-21,7007
00706L,期元大S＆P日圓正2,10,0,10,兆豐-竹北,2024-10-21,7007
00932,兆豐永續高息等權,10,0,10,兆豐-竹北,2024-10-21,7007
00960,野村全球航運龍頭,10,0,10,兆豐-竹北,2024-10-21,7007
6274,台燿,14,4,10,兆豐-竹北,2024-10-21,7007
00673R,期元大S＆P原油反1,9,0,9,兆豐-竹北,2024-10-21,7007
8084,巨虹,9,0,9,兆豐-竹北,2024-10-21,7007
00937B,群益ESG投等債20,508,98,410,兆豐-竹北,2024-10-22,7007
00687B,國泰20年美債,258,10,248,兆豐-竹北,2024-10-22,7007
00933B,國泰10Y+金融債,215,0,215,兆豐-竹北,2024-10-22,7007
00679B,元大美債20年,232,37,195,兆豐-竹北,2024-10-22,7007
00948B,中信優息投資級債,183,0,183,兆豐-竹北,2024-10-22,7007
00680L,元大美債20正2,150,10,140,兆豐-竹北,2024-10-22,7007
00959B,大華投等美債15Y+,128,0,128,兆豐-竹北,2024-10-22,7007
00887,永豐中國科技50大,113,1,112,兆豐-竹北,2024-10-22,7007
00753L,中信中國50正2,111,0,111,兆豐-竹北,2024-10-22,7007
00724B,群益投資級金融債,102,0,102,兆豐-竹北,2024-10-22,7007
2882B,國泰金乙特,86,0,86,兆豐-竹北,2024-10-22,7007
3189,景碩,162,86,76,兆豐-竹北,2024-10-22,7007
00751B,元大AAA至A公司債,73,4,69,兆豐-竹北,2024-10-22,7007
2547,日勝生,68,0,68,兆豐-竹北,2024-10-22,7007
00931B,統一美債20年,63,0,63,兆豐-竹北,2024-10-22,7007
2882A,國泰特,58,0,58,兆豐-竹北,2024-10-22,7007
00688L,國泰20年美債正2,56,0,56,兆豐-竹北,2024-10-22,7007
3036A,文曄甲特,52,0,52,兆豐-竹北,2024-10-22,7007
00905,FT臺灣Smart,52,1,51,兆豐-竹北,2024-10-22,7007
1714,和桐,50,0,50,兆豐-竹北,2024-10-22,7007
2891B,中信金乙特,50,0,50,兆豐-竹北,2024-10-22,7007
00720B,元大投資級公司債,41,10,31,兆豐-竹北,2024-10-22,7007
00795B,中信美國公債20年,31,0,31,兆豐-竹北,2024-10-22,7007
6649,台生材,32,1,31,兆豐-竹北,2024-10-22,7007
1522,堤維西,30,0,30,兆豐-竹北,2024-10-22,7007
3303,岱稜,30,0,30,兆豐-竹北,2024-10-22,7007
5871A,中租-KY甲特,30,0,30,兆豐-竹北,2024-10-22,7007
00712,復華富時不動產,29,0,29,兆豐-竹北,2024-10-22,7007
00919,群益台灣精選高息,30,6,24,兆豐-竹北,2024-10-22,7007
00740B,富邦全球投等債,24,0,24,兆豐-竹北,2024-10-22,7007
00958B,永豐ESG銀行債15,22,0,22,兆豐-竹北,2024-10-22,7007
2405,輔信,20,0,20,兆豐-竹北,2024-10-22,7007
1101B,台泥乙特,20,0,20,兆豐-竹北,2024-10-22,7007
4532,瑞智,20,0,20,兆豐-竹北,2024-10-22,7007
6143,振曜,20,0,20,兆豐-竹北,2024-10-22,7007
8028,昇陽半導體,20,0,20,兆豐-竹北,2024-10-22,7007
00725B,國泰投資級公司債,19,0,19,兆豐-竹北,2024-10-22,7007
00953B,群益優選非投等債,17,0,17,兆豐-竹北,2024-10-22,7007
1597,直得,26,9,17,兆豐-竹北,2024-10-22,7007
00932,兆豐永續高息等權,16,0,16,兆豐-竹北,2024-10-22,7007
00857B,永豐20年美公債,16,0,16,兆豐-竹北,2024-10-22,7007
00650L,復華香港正2,16,0,16,兆豐-竹北,2024-10-22,7007
2537,聯上發,16,0,16,兆豐-竹北,2024-10-22,7007
4540,全球傳動,19,3,16,兆豐-竹北,2024-10-22,7007
2881B,富邦金乙特,15,0,15,兆豐-竹北,2024-10-22,7007
5512,力麒,15,0,15,兆豐-竹北,2024-10-22,7007
6156,松上,15,0,15,兆豐-竹北,2024-10-22,7007
2363,矽統,21,6,15,兆豐-竹北,2024-10-22,7007
3550,聯穎,30,16,14,兆豐-竹北,2024-10-22,7007
2330,台積電,21,7,14,兆豐-竹北,2024-10-22,7007
00937B,群益ESG投等債20,655,20,635,兆豐-竹北,2024-10-23,7007
1524,耿鼎,439,1,438,兆豐-竹北,2024-10-23,7007
6770,力積電,157,11,146,兆豐-竹北,2024-10-23,7007
2353,宏��,90,2,88,兆豐-竹北,2024-10-23,7007
2547,日勝生,70,0,70,兆豐-竹北,2024-10-23,7007
2408,南亞科,65,1,64,兆豐-竹北,2024-10-23,7007
2867,三商壽,56,0,56,兆豐-竹北,2024-10-23,7007
1314,中石化,51,0,51,兆豐-竹北,2024-10-23,7007
00959B,大華投等美債15Y+,46,0,46,兆豐-竹北,2024-10-23,7007
00680L,元大美債20正2,47,2,45,兆豐-竹北,2024-10-23,7007
00687B,國泰20年美債,46,2,44,兆豐-竹北,2024-10-23,7007
0056,元大高股息,41,0,41,兆豐-竹北,2024-10-23,7007
00929,復華台灣科技優息,44,4,40,兆豐-竹北,2024-10-23,7007
00931B,統一美債20年,40,0,40,兆豐-竹北,2024-10-23,7007
3189,景碩,153,113,40,兆豐-竹北,2024-10-23,7007
1785,光洋科,50,11,39,兆豐-竹北,2024-10-23,7007
00943,兆豐電子高息等權,38,1,37,兆豐-竹北,2024-10-23,7007
2731,雄獅,32,0,32,兆豐-竹北,2024-10-23,7007
2610,華航,31,0,31,兆豐-竹北,2024-10-23,7007
00706L,期元大S＆P日圓正2,30,0,30,兆豐-竹北,2024-10-23,7007
6742,澤米,50,21,29,兆豐-竹北,2024-10-23,7007
2070,精湛,28,0,28,兆豐-竹北,2024-10-23,7007
2317,鴻海,32,4,28,兆豐-竹北,2024-10-23,7007
00712,復華富時不動產,28,2,26,兆豐-竹北,2024-10-23,7007
00751B,元大AAA至A公司債,26,1,25,兆豐-竹北,2024-10-23,7007
00740B,富邦全球投等債,24,0,24,兆豐-竹北,2024-10-23,7007
9105,泰金寶-DR,25,2,23,兆豐-竹北,2024-10-23,7007
00919,群益台灣精選高息,24,1,23,兆豐-竹北,2024-10-23,7007
2886,兆豐金,22,0,22,兆豐-竹北,2024-10-23,7007
2891,中信金,21,0,21,兆豐-竹北,2024-10-23,7007
00918,大華優利高填息30,22,1,21,兆豐-竹北,2024-10-23,7007
00946,群益科技高息成長,21,0,21,兆豐-竹北,2024-10-23,7007
6506,雙邦,30,9,21,兆豐-竹北,2024-10-23,7007
2367,燿華,27,8,19,兆豐-竹北,2024-10-23,7007
2884,玉山金,19,1,18,兆豐-竹北,2024-10-23,7007
00632R,元大台灣50反1,18,0,18,兆豐-竹北,2024-10-23,7007
00945B,凱基美國非投等債,18,0,18,兆豐-竹北,2024-10-23,7007
00878,國泰永續高股息,18,1,17,兆豐-竹北,2024-10-23,7007
00637L,元大滬深300正2,16,1,15,兆豐-竹北,2024-10-23,7007
6274,台燿,17,2,15,兆豐-竹北,2024-10-23,7007
1605,華新,18,5,13,兆豐-竹北,2024-10-23,7007
2014,中鴻,13,0,13,兆豐-竹北,2024-10-23,7007
2303,聯電,13,0,13,兆豐-竹北,2024-10-23,7007
8390,金益鼎,12,0,12,兆豐-竹北,2024-10-23,7007
3481,群創,63,51,12,兆豐-竹北,2024-10-23,7007
00650L,復華香港正2,12,0,12,兆豐-竹北,2024-10-23,7007
2329,華泰,17,5,12,兆豐-竹北,2024-10-23,7007
4903,聯光通,32,21,11,兆豐-竹北,2024-10-23,7007
4938,和碩,11,0,11,兆豐-竹北,2024-10-23,7007
1529,樂事綠能,10,0,10,兆豐-竹北,2024-10-23,7007
00937B,群益ESG投等債20,283,9,274,兆豐-竹北,2024-10-24,7007
00740B,富邦全球投等債,258,0,258,兆豐-竹北,2024-10-24,7007
6143,振曜,141,0,141,兆豐-竹北,2024-10-24,7007
4716,大立,78,9,69,兆豐-竹北,2024-10-24,7007
00706L,期元大S＆P日圓正2,60,0,60,兆豐-竹北,2024-10-24,7007
2882B,國泰金乙特,60,0,60,兆豐-竹北,2024-10-24,7007
00905,FT臺灣Smart,105,50,55,兆豐-竹北,2024-10-24,7007
4958,臻鼎-KY,53,0,53,兆豐-竹北,2024-10-24,7007
2838,聯邦銀,50,0,50,兆豐-竹北,2024-10-24,7007
00941,中信上游半導體,49,0,49,兆豐-竹北,2024-10-24,7007
1595,川寶,47,2,45,兆豐-竹北,2024-10-24,7007
2388,威盛,61,16,45,兆豐-竹北,2024-10-24,7007
00882,中信中國高股息,42,0,42,兆豐-竹北,2024-10-24,7007
3167,大量,36,2,34,兆豐-竹北,2024-10-24,7007
2891,中信金,31,0,31,兆豐-竹北,2024-10-24,7007
2330,台積電,33,3,30,兆豐-竹北,2024-10-24,7007
1101,台泥,31,2,29,兆豐-竹北,2024-10-24,7007
00878,國泰永續高股息,30,2,28,兆豐-竹北,2024-10-24,7007
00753L,中信中國50正2,25,0,25,兆豐-竹北,2024-10-24,7007
5871A,中租-KY甲特,25,0,25,兆豐-竹北,2024-10-24,7007
00687B,國泰20年美債,34,9,25,兆豐-竹北,2024-10-24,7007
8028,昇陽半導體,27,3,24,兆豐-竹北,2024-10-24,7007
00938,凱基優選30,24,0,24,兆豐-竹北,2024-10-24,7007
00959B,大華投等美債15Y+,24,0,24,兆豐-竹北,2024-10-24,7007
00919,群益台灣精選高息,30,7,23,兆豐-竹北,2024-10-24,7007
8084,巨虹,22,0,22,兆豐-竹北,2024-10-24,7007
6742,澤米,47,26,21,兆豐-竹北,2024-10-24,7007
2834,臺企銀,20,0,20,兆豐-竹北,2024-10-24,7007
00887,永豐中國科技50大,23,3,20,兆豐-竹北,2024-10-24,7007
00931B,統一美債20年,20,0,20,兆豐-竹北,2024-10-24,7007
5512,力麒,20,0,20,兆豐-竹北,2024-10-24,7007
6609,瀧澤科,33,13,20,兆豐-竹北,2024-10-24,7007
0056,元大高股息,31,12,19,兆豐-竹北,2024-10-24,7007
00679B,元大美債20年,16,0,16,兆豐-竹北,2024-10-24,7007
00665L,富邦�琤肭磪囓�2,25,10,15,兆豐-竹北,2024-10-24,7007
5483,中美晶,15,0,15,兆豐-竹北,2024-10-24,7007
3481,群創,38,23,15,兆豐-竹北,2024-10-24,7007
00713,元大台灣高息低波,14,0,14,兆豐-竹北,2024-10-24,7007
00725B,國泰投資級公司債,14,0,14,兆豐-竹北,2024-10-24,7007
00929,復華台灣科技優息,24,10,14,兆豐-竹北,2024-10-24,7007
6239,力成,13,0,13,兆豐-竹北,2024-10-24,7007
00639,富邦深100,13,0,13,兆豐-竹北,2024-10-24,7007
00918,大華優利高填息30,13,0,13,兆豐-竹北,2024-10-24,7007
1785,光洋科,14,1,13,兆豐-竹北,2024-10-24,7007
6218,豪勉,17,4,13,兆豐-竹北,2024-10-24,7007
2303,聯電,13,0,13,兆豐-竹北,2024-10-24,7007
3450,聯鈞,22,10,12,兆豐-竹北,2024-10-24,7007
00907,永豐優息存股,12,0,12,兆豐-竹北,2024-10-24,7007
00922,國泰台灣領袖50,12,0,12,兆豐-竹北,2024-10-24,7007
00945B,凱基美國非投等債,12,0,12,兆豐-竹北,2024-10-24,7007
2646,星宇航空,317,94,223,兆豐-竹北,2024-10-25,7007
2882B,國泰金乙特,186,0,186,兆豐-竹北,2024-10-25,7007
2489,瑞軒,340,180,160,兆豐-竹北,2024-10-25,7007
00687B,國泰20年美債,98,11,87,兆豐-竹北,2024-10-25,7007
2882A,國泰特,80,0,80,兆豐-竹北,2024-10-25,7007
00942B,台新美A公司債20+,70,0,70,兆豐-竹北,2024-10-25,7007
6143,振曜,66,1,65,兆豐-竹北,2024-10-25,7007
5603,陸海,70,10,60,兆豐-竹北,2024-10-25,7007
2449,京元電子,71,20,51,兆豐-竹北,2024-10-25,7007
00937B,群益ESG投等債20,42,0,42,兆豐-竹北,2024-10-25,7007
2881B,富邦金乙特,40,0,40,兆豐-竹北,2024-10-25,7007
3189,景碩,79,42,37,兆豐-竹北,2024-10-25,7007
00885,富邦越南,30,0,30,兆豐-竹北,2024-10-25,7007
1101,台泥,31,2,29,兆豐-竹北,2024-10-25,7007
2891B,中信金乙特,29,0,29,兆豐-竹北,2024-10-25,7007
6733,博晟生醫,24,0,24,兆豐-竹北,2024-10-25,7007
6649,台生材,23,0,23,兆豐-竹北,2024-10-25,7007
00933B,國泰10Y+金融債,22,0,22,兆豐-竹北,2024-10-25,7007
6505,台塑化,22,0,22,兆豐-竹北,2024-10-25,7007
2303,聯電,22,0,22,兆豐-竹北,2024-10-25,7007
3036A,文曄甲特,20,0,20,兆豐-竹北,2024-10-25,7007
2439,美律,17,0,17,兆豐-竹北,2024-10-25,7007
00878,國泰永續高股息,17,1,16,兆豐-竹北,2024-10-25,7007
00706L,期元大S＆P日圓正2,15,0,15,兆豐-竹北,2024-10-25,7007
00959B,大華投等美債15Y+,15,0,15,兆豐-竹北,2024-10-25,7007
3032,偉訓,15,0,15,兆豐-竹北,2024-10-25,7007
00688L,國泰20年美債正2,20,6,14,兆豐-竹北,2024-10-25,7007
3037,欣興,27,13,14,兆豐-竹北,2024-10-25,7007
8249,菱光,26,12,14,兆豐-竹北,2024-10-25,7007
00713,元大台灣高息低波,13,0,13,兆豐-竹北,2024-10-25,7007
2883,凱基金,12,0,12,兆豐-竹北,2024-10-25,7007
6546,正基,14,2,12,兆豐-竹北,2024-10-25,7007
1536,和大,12,1,11,兆豐-竹北,2024-10-25,7007
00673R,期元大S＆P原油反1,10,0,10,兆豐-竹北,2024-10-25,7007
2324,仁寶,10,0,10,兆豐-竹北,2024-10-25,7007
2353,宏��,10,0,10,兆豐-竹北,2024-10-25,7007
2413,環科,10,0,10,兆豐-竹北,2024-10-25,7007
5243,乙盛-KY,10,0,10,兆豐-竹北,2024-10-25,7007
5328,華容,10,0,10,兆豐-竹北,2024-10-25,7007
6140,訊達,11,1,10,兆豐-竹北,2024-10-25,7007
2363,矽統,54,44,10,兆豐-竹北,2024-10-25,7007
3450,聯鈞,35,25,10,兆豐-竹北,2024-10-25,7007
1513,中興電,11,2,9,兆豐-竹北,2024-10-25,7007
3303,岱稜,10,1,9,兆豐-竹北,2024-10-25,7007
3031,佰鴻,12,4,8,兆豐-竹北,2024-10-25,7007
00725B,國泰投資級公司債,7,0,7,兆豐-竹北,2024-10-25,7007
00938,凱基優選30,7,0,7,兆豐-竹北,2024-10-25,7007
2511,太子,7,0,7,兆豐-竹北,2024-10-25,7007
3019,亞光,10,3,7,兆豐-竹北,2024-10-25,7007
3029,零壹,9,2,7,兆豐-竹北,2024-10-25,7007
00637L,元大滬深300正2,1209,0,1209,兆豐-竹北,2024-10-28,7007
2618,長榮航,510,13,497,兆豐-竹北,2024-10-28,7007
00933B,國泰10Y+金融債,171,0,171,兆豐-竹北,2024-10-28,7007
00937B,群益ESG投等債20,111,7,104,兆豐-竹北,2024-10-28,7007
2882A,國泰特,89,0,89,兆豐-竹北,2024-10-28,7007
2882B,國泰金乙特,73,0,73,兆豐-竹北,2024-10-28,7007
00887,永豐中國科技50大,106,34,72,兆豐-竹北,2024-10-28,7007
00795B,中信美國公債20年,63,0,63,兆豐-竹北,2024-10-28,7007
00679B,元大美債20年,65,4,61,兆豐-竹北,2024-10-28,7007
0056,元大高股息,47,1,46,兆豐-竹北,2024-10-28,7007
1815,富喬,46,0,46,兆豐-竹北,2024-10-28,7007
00724B,群益投資級金融債,44,0,44,兆豐-竹北,2024-10-28,7007
00706L,期元大S＆P日圓正2,42,0,42,兆豐-竹北,2024-10-28,7007
00948B,中信優息投資級債,42,0,42,兆豐-竹北,2024-10-28,7007
2399,映泰,58,16,42,兆豐-竹北,2024-10-28,7007
00680L,元大美債20正2,40,1,39,兆豐-竹北,2024-10-28,7007
5512,力麒,37,0,37,兆豐-竹北,2024-10-28,7007
00878,國泰永續高股息,45,9,36,兆豐-竹北,2024-10-28,7007
6143,振曜,47,14,33,兆豐-竹北,2024-10-28,7007
00715L,期街口布蘭特正2,31,0,31,兆豐-竹北,2024-10-28,7007
2617,台航,31,0,31,兆豐-竹北,2024-10-28,7007
3036A,文曄甲特,31,0,31,兆豐-竹北,2024-10-28,7007
00713,元大台灣高息低波,30,0,30,兆豐-竹北,2024-10-28,7007
00918,大華優利高填息30,34,4,30,兆豐-竹北,2024-10-28,7007
2881B,富邦金乙特,30,0,30,兆豐-竹北,2024-10-28,7007
3363,上詮,35,5,30,兆豐-竹北,2024-10-28,7007
1101B,台泥乙特,27,0,27,兆豐-竹北,2024-10-28,7007
00919,群益台灣精選高息,52,26,26,兆豐-竹北,2024-10-28,7007
00753L,中信中國50正2,31,6,25,兆豐-竹北,2024-10-28,7007
00688L,國泰20年美債正2,25,0,25,兆豐-竹北,2024-10-28,7007
00931B,統一美債20年,25,0,25,兆豐-竹北,2024-10-28,7007
5488,松普,26,1,25,兆豐-竹北,2024-10-28,7007
6649,台生材,25,0,25,兆豐-竹北,2024-10-28,7007
3189,景碩,119,96,23,兆豐-竹北,2024-10-28,7007
8070,長華*,22,0,22,兆豐-竹北,2024-10-28,7007
00950B,凱基A級公司債,22,0,22,兆豐-竹北,2024-10-28,7007
4532,瑞智,22,0,22,兆豐-竹北,2024-10-28,7007
2303,聯電,21,0,21,兆豐-竹北,2024-10-28,7007
00915,凱基優選高股息30,21,0,21,兆豐-竹北,2024-10-28,7007
00959B,大華投等美債15Y+,21,0,21,兆豐-竹北,2024-10-28,7007
00665L,富邦�琤肭磪囓�2,20,0,20,兆豐-竹北,2024-10-28,7007
1447,力鵬,20,0,20,兆豐-竹北,2024-10-28,7007
00687B,國泰20年美債,98,80,18,兆豐-竹北,2024-10-28,7007
3231,緯創,79,62,17,兆豐-竹北,2024-10-28,7007
6770,力積電,32,19,13,兆豐-竹北,2024-10-28,7007
1307,三芳,12,1,11,兆豐-竹北,2024-10-28,7007
00720B,元大投資級公司債,12,2,10,兆豐-竹北,2024-10-28,7007
00882,中信中國高股息,10,0,10,兆豐-竹北,2024-10-28,7007
2105,正新,10,0,10,兆豐-竹北,2024-10-28,7007
2405,輔信,10,0,10,兆豐-竹北,2024-10-28,7007
00637L,元大滬深300正2,600,0,600,兆豐-竹北,2024-10-29,7007
2882B,國泰金乙特,179,0,179,兆豐-竹北,2024-10-29,7007
2354,鴻準,196,20,176,兆豐-竹北,2024-10-29,7007
00937B,群益ESG投等債20,181,7,174,兆豐-竹北,2024-10-29,7007
00919,群益台灣精選高息,129,32,97,兆豐-竹北,2024-10-29,7007
0056,元大高股息,96,0,96,兆豐-竹北,2024-10-29,7007
00878,國泰永續高股息,94,3,91,兆豐-竹北,2024-10-29,7007
00929,復華台灣科技優息,95,20,75,兆豐-竹北,2024-10-29,7007
2618,長榮航,77,8,69,兆豐-竹北,2024-10-29,7007
2882A,國泰特,50,0,50,兆豐-竹北,2024-10-29,7007
3036A,文曄甲特,50,0,50,兆豐-竹北,2024-10-29,7007
2888,新光金,50,13,37,兆豐-竹北,2024-10-29,7007
6143,振曜,38,3,35,兆豐-竹北,2024-10-29,7007
2812,台中銀,34,0,34,兆豐-竹北,2024-10-29,7007
00905,FT臺灣Smart,34,0,34,兆豐-竹北,2024-10-29,7007
4961,天鈺,33,0,33,兆豐-竹北,2024-10-29,7007
00940,元大台灣價值高息,33,1,32,兆豐-竹北,2024-10-29,7007
00713,元大台灣高息低波,32,0,32,兆豐-竹北,2024-10-29,7007
00712,復華富時不動產,34,2,32,兆豐-竹北,2024-10-29,7007
3308,聯德,32,0,32,兆豐-竹北,2024-10-29,7007
1101B,台泥乙特,30,0,30,兆豐-竹北,2024-10-29,7007
6180,橘子,30,0,30,兆豐-竹北,2024-10-29,7007
3231,緯創,60,33,27,兆豐-竹北,2024-10-29,7007
00915,凱基優選高股息30,27,0,27,兆豐-竹北,2024-10-29,7007
00959B,大華投等美債15Y+,27,0,27,兆豐-竹北,2024-10-29,7007
6649,台生材,25,0,25,兆豐-竹北,2024-10-29,7007
4716,大立,26,2,24,兆豐-竹北,2024-10-29,7007
00922,國泰台灣領袖50,23,0,23,兆豐-竹北,2024-10-29,7007
2449,京元電子,35,13,22,兆豐-竹北,2024-10-29,7007
2646,星宇航空,60,39,21,兆豐-竹北,2024-10-29,7007
2547,日勝生,20,0,20,兆豐-竹北,2024-10-29,7007
2891B,中信金乙特,20,0,20,兆豐-竹北,2024-10-29,7007
00715L,期街口布蘭特正2,18,0,18,兆豐-竹北,2024-10-29,7007
00936,台新永續高息中小,18,0,18,兆豐-竹北,2024-10-29,7007
6239,力成,17,0,17,兆豐-竹北,2024-10-29,7007
2367,燿華,17,0,17,兆豐-竹北,2024-10-29,7007
1524,耿鼎,16,0,16,兆豐-竹北,2024-10-29,7007
1449,佳和,25,9,16,兆豐-竹北,2024-10-29,7007
2431,聯昌,24,8,16,兆豐-竹北,2024-10-29,7007
6133,金橋,36,20,16,兆豐-竹北,2024-10-29,7007
8107,大億金茂,19,3,16,兆豐-竹北,2024-10-29,7007
1464,得力,15,0,15,兆豐-竹北,2024-10-29,7007
9933,中鼎,15,0,15,兆豐-竹北,2024-10-29,7007
2492,華新科,15,1,14,兆豐-竹北,2024-10-29,7007
006208,富邦台50,15,1,14,兆豐-竹北,2024-10-29,7007
00938,凱基優選30,14,0,14,兆豐-竹北,2024-10-29,7007
2406,國碩,14,0,14,兆豐-竹北,2024-10-29,7007
8249,菱光,19,5,14,兆豐-竹北,2024-10-29,7007
00918,大華優利高填息30,27,15,12,兆豐-竹北,2024-10-29,7007
00934,中信成長高股息,12,0,12,兆豐-竹北,2024-10-29,7007
00887,永豐中國科技50大,124,1,123,兆豐-竹北,2024-10-30,7007
00937B,群益ESG投等債20,128,22,106,兆豐-竹北,2024-10-30,7007
3551,世禾,98,12,86,兆豐-竹北,2024-10-30,7007
5603,陸海,80,0,80,兆豐-竹北,2024-10-30,7007
00882,中信中國高股息,73,0,73,兆豐-竹北,2024-10-30,7007
6257,矽格,62,1,61,兆豐-竹北,2024-10-30,7007
00632R,元大台灣50反1,58,0,58,兆豐-竹北,2024-10-30,7007
00929,復華台灣科技優息,56,1,55,兆豐-竹北,2024-10-30,7007
5864,致和證,50,0,50,兆豐-竹北,2024-10-30,7007
2891B,中信金乙特,45,0,45,兆豐-竹北,2024-10-30,7007
00919,群益台灣精選高息,51,6,45,兆豐-竹北,2024-10-30,7007
6649,台生材,38,0,38,兆豐-竹北,2024-10-30,7007
3481,群創,65,28,37,兆豐-竹北,2024-10-30,7007
00878,國泰永續高股息,34,1,33,兆豐-竹北,2024-10-30,7007
00665L,富邦�琤肭磪囓�2,31,0,31,兆豐-竹北,2024-10-30,7007
1101B,台泥乙特,29,0,29,兆豐-竹北,2024-10-30,7007
00753L,中信中國50正2,22,0,22,兆豐-竹北,2024-10-30,7007
6239,力成,21,0,21,兆豐-竹北,2024-10-30,7007
2371,大同,20,0,20,兆豐-竹北,2024-10-30,7007
2881B,富邦金乙特,20,0,20,兆豐-竹北,2024-10-30,7007
0056,元大高股息,19,0,19,兆豐-竹北,2024-10-30,7007
2105,正新,20,1,19,兆豐-竹北,2024-10-30,7007
2337,旺宏,19,0,19,兆豐-竹北,2024-10-30,7007
5512,力麒,20,2,18,兆豐-竹北,2024-10-30,7007
4532,瑞智,20,3,17,兆豐-竹北,2024-10-30,7007
6133,金橋,64,47,17,兆豐-竹北,2024-10-30,7007
00715L,期街口布蘭特正2,16,0,16,兆豐-竹北,2024-10-30,7007
00932,兆豐永續高息等權,16,0,16,兆豐-竹北,2024-10-30,7007
6770,力積電,26,11,15,兆豐-竹北,2024-10-30,7007
3105,穩懋,15,0,15,兆豐-竹北,2024-10-30,7007
00950B,凱基A級公司債,15,0,15,兆豐-竹北,2024-10-30,7007
2356,英業達,43,30,13,兆豐-竹北,2024-10-30,7007
00918,大華優利高填息30,13,0,13,兆豐-竹北,2024-10-30,7007
00650L,復華香港正2,12,0,12,兆豐-竹北,2024-10-30,7007
00930,永豐ESG低碳高息,11,0,11,兆豐-竹北,2024-10-30,7007
6425,易發,13,2,11,兆豐-竹北,2024-10-30,7007
2867,三商壽,10,0,10,兆豐-竹北,2024-10-30,7007
1714,和桐,10,0,10,兆豐-竹北,2024-10-30,7007
3011,今皓,10,0,10,兆豐-竹北,2024-10-30,7007
3060,銘異,10,0,10,兆豐-竹北,2024-10-30,7007
6153,嘉聯益,11,1,10,兆豐-竹北,2024-10-30,7007
6284,佳邦,14,4,10,兆豐-竹北,2024-10-30,7007
6138,茂達,9,0,9,兆豐-竹北,2024-10-30,7007
2492,華新科,9,0,9,兆豐-竹北,2024-10-30,7007
4919,新唐,18,9,9,兆豐-竹北,2024-10-30,7007
1815,富喬,29,20,9,兆豐-竹北,2024-10-30,7007
2812,台中銀,9,0,9,兆豐-竹北,2024-10-30,7007
6415,矽力*-KY,9,0,9,兆豐-竹北,2024-10-30,7007
1464,得力,12,3,9,兆豐-竹北,2024-10-30,7007
00959B,大華投等美債15Y+,8,0,8,兆豐-竹北,2024-10-30,7007
00937B,群益ESG投等債20,169,0,169,兆豐-竹北,2024-11-01,7007
00929,復華台灣科技優息,120,9,111,兆豐-竹北,2024-11-01,7007
00919,群益台灣精選高息,92,2,90,兆豐-竹北,2024-11-01,7007
00878,國泰永續高股息,68,0,68,兆豐-竹北,2024-11-01,7007
2409,友達,78,10,68,兆豐-竹北,2024-11-01,7007
00712,復華富時不動產,56,0,56,兆豐-竹北,2024-11-01,7007
6649,台生材,54,3,51,兆豐-竹北,2024-11-01,7007
00724B,群益投資級金融債,50,0,50,兆豐-竹北,2024-11-01,7007
2303,聯電,49,1,48,兆豐-竹北,2024-11-01,7007
1714,和桐,47,0,47,兆豐-竹北,2024-11-01,7007
2070,精湛,39,0,39,兆豐-竹北,2024-11-01,7007
00940,元大台灣價值高息,35,0,35,兆豐-竹北,2024-11-01,7007
3036A,文曄甲特,30,0,30,兆豐-竹北,2024-11-01,7007
2317,鴻海,35,7,28,兆豐-竹北,2024-11-01,7007
00918,大華優利高填息30,29,4,25,兆豐-竹北,2024-11-01,7007
1464,得力,25,0,25,兆豐-竹北,2024-11-01,7007
0056,元大高股息,37,13,24,兆豐-竹北,2024-11-01,7007
00915,凱基優選高股息30,21,0,21,兆豐-竹北,2024-11-01,7007
6770,力積電,26,5,21,兆豐-竹北,2024-11-01,7007
2431,聯昌,39,19,20,兆豐-竹北,2024-11-01,7007
2884,玉山金,20,0,20,兆豐-竹北,2024-11-01,7007
2881B,富邦金乙特,19,0,19,兆豐-竹北,2024-11-01,7007
1815,富喬,23,5,18,兆豐-竹北,2024-11-01,7007
2886,兆豐金,29,12,17,兆豐-竹北,2024-11-01,7007
6156,松上,25,10,15,兆豐-竹北,2024-11-01,7007
006208,富邦台50,14,0,14,兆豐-竹北,2024-11-01,7007
00882,中信中國高股息,14,0,14,兆豐-竹北,2024-11-01,7007
8107,大億金茂,22,8,14,兆豐-竹北,2024-11-01,7007
2891,中信金,18,5,13,兆豐-竹北,2024-11-01,7007
00680L,元大美債20正2,27,14,13,兆豐-竹北,2024-11-01,7007
2323,中環,12,0,12,兆豐-竹北,2024-11-01,7007
0050,元大台灣50,11,0,11,兆豐-竹北,2024-11-01,7007
3374,精材,11,0,11,兆豐-竹北,2024-11-01,7007
00881,國泰台灣5G+,11,0,11,兆豐-竹北,2024-11-01,7007
00938,凱基優選30,11,0,11,兆豐-竹北,2024-11-01,7007
1802,台玻,12,1,11,兆豐-竹北,2024-11-01,7007
2349,錸德,11,0,11,兆豐-竹北,2024-11-01,7007
00713,元大台灣高息低波,10,0,10,兆豐-竹北,2024-11-01,7007
1776,展宇,10,0,10,兆豐-竹北,2024-11-01,7007
2492,華新科,10,0,10,兆豐-竹北,2024-11-01,7007
4510,高鋒,10,0,10,兆豐-竹北,2024-11-01,7007
5603,陸海,10,0,10,兆豐-竹北,2024-11-01,7007
3189,景碩,24,15,9,兆豐-竹北,2024-11-01,7007
00757,統一FANG+,8,0,8,兆豐-竹北,2024-11-01,7007
2330,台積電,16,7,9,兆豐-竹北,2024-11-01,7007
6274,台燿,11,3,8,兆豐-竹北,2024-11-01,7007
00941,中信上游半導體,8,0,8,兆豐-竹北,2024-11-01,7007
2337,旺宏,8,0,8,兆豐-竹北,2024-11-01,7007
2547,日勝生,8,0,8,兆豐-竹北,2024-11-01,7007
2887,台新金,8,0,8,兆豐-竹北,2024-11-01,7007
00679B,元大美債20年,434,22,412,兆豐-竹北,2024-11-04,7007
00632R,元大台灣50反1,181,0,181,兆豐-竹北,2024-11-04,7007
00878,國泰永續高股息,181,5,176,兆豐-竹北,2024-11-04,7007
00937B,群益ESG投等債20,148,2,146,兆豐-竹北,2024-11-04,7007
00932,兆豐永續高息等權,141,0,141,兆豐-竹北,2024-11-04,7007
00933B,國泰10Y+金融債,81,0,81,兆豐-竹北,2024-11-04,7007
00712,復華富時不動產,66,0,66,兆豐-竹北,2024-11-04,7007
2449,京元電子,86,22,64,兆豐-竹北,2024-11-04,7007
2882A,國泰特,50,0,50,兆豐-竹北,2024-11-04,7007
00665L,富邦�琤肭磪囓�2,35,0,35,兆豐-竹北,2024-11-04,7007
3551,世禾,36,1,35,兆豐-竹北,2024-11-04,7007
2881B,富邦金乙特,32,0,32,兆豐-竹北,2024-11-04,7007
00931B,統一美債20年,30,0,30,兆豐-竹北,2024-11-04,7007
2303,聯電,36,11,25,兆豐-竹北,2024-11-04,7007
00948B,中信優息投資級債,23,0,23,兆豐-竹北,2024-11-04,7007
1815,富喬,24,1,23,兆豐-竹北,2024-11-04,7007
00680L,元大美債20正2,22,0,22,兆豐-竹北,2024-11-04,7007
6125,廣運,17,0,17,兆豐-竹北,2024-11-04,7007
5426,振發,41,25,16,兆豐-竹北,2024-11-04,7007
00751B,元大AAA至A公司債,25,10,15,兆豐-竹北,2024-11-04,7007
6197,佳必琪,15,1,14,兆豐-竹北,2024-11-04,7007
8011,台通,17,3,14,兆豐-竹北,2024-11-04,7007
2646,星宇航空,14,2,12,兆豐-竹北,2024-11-04,7007
1714,和桐,12,0,12,兆豐-竹北,2024-11-04,7007
00713,元大台灣高息低波,12,0,12,兆豐-竹北,2024-11-04,7007
6830,汎銓,11,0,11,兆豐-竹北,2024-11-04,7007
2609,陽明,16,5,11,兆豐-竹北,2024-11-04,7007
6239,力成,10,0,10,兆豐-竹北,2024-11-04,7007
00673R,期元大S＆P原油反1,10,0,10,兆豐-竹北,2024-11-04,7007
00930,永豐ESG低碳高息,10,0,10,兆豐-竹北,2024-11-04,7007
1314,中石化,10,0,10,兆豐-竹北,2024-11-04,7007
2888,新光金,10,0,10,兆豐-竹北,2024-11-04,7007
3019,亞光,11,1,10,兆豐-竹北,2024-11-04,7007
3455,由田,10,0,10,兆豐-竹北,2024-11-04,7007
4991,環宇-KY,19,9,10,兆豐-竹北,2024-11-04,7007
5371,中光電,10,0,10,兆豐-竹北,2024-11-04,7007
2615,萬海,41,31,10,兆豐-竹北,2024-11-04,7007
00830,國泰費城半導體,9,0,9,兆豐-竹北,2024-11-04,7007
8084,巨虹,9,0,9,兆豐-竹北,2024-11-04,7007
2408,南亞科,13,5,8,兆豐-竹北,2024-11-04,7007
00688L,國泰20年美債正2,8,0,8,兆豐-竹北,2024-11-04,7007
2845,遠東銀,10,2,8,兆豐-竹北,2024-11-04,7007
0056,元大高股息,30,22,8,兆豐-竹北,2024-11-04,7007
2402,毅嘉,9,2,7,兆豐-竹北,2024-11-04,7007
2547,日勝生,7,0,7,兆豐-竹北,2024-11-04,7007
4102,永日,7,0,7,兆豐-竹北,2024-11-04,7007
8089,康全電訊,11,4,7,兆豐-竹北,2024-11-04,7007
00646,元大S＆P500,6,0,6,兆豐-竹北,2024-11-04,7007
6196,帆宣,6,0,6,兆豐-竹北,2024-11-04,7007
2611,志信,6,0,6,兆豐-竹北,2024-11-04,7007
2303,聯電,245,9,236,兆豐-竹北,2024-11-05,7007
00655L,國泰中國A50正2,213,0,213,兆豐-竹北,2024-11-05,7007
00687B,國泰20年美債,209,0,209,兆豐-竹北,2024-11-05,7007
00679B,元大美債20年,174,10,164,兆豐-竹北,2024-11-05,7007
00878,國泰永續高股息,80,2,78,兆豐-竹北,2024-11-05,7007
00937B,群益ESG投等債20,92,15,77,兆豐-竹北,2024-11-05,7007
2838,聯邦銀,70,0,70,兆豐-竹北,2024-11-05,7007
3231,緯創,189,120,69,兆豐-竹北,2024-11-05,7007
00930,永豐ESG低碳高息,66,0,66,兆豐-竹北,2024-11-05,7007
2882A,國泰特,50,0,50,兆豐-竹北,2024-11-05,7007
00637L,元大滬深300正2,49,12,37,兆豐-竹北,2024-11-05,7007
00680L,元大美債20正2,42,15,27,兆豐-竹北,2024-11-05,7007
00932,兆豐永續高息等權,26,0,26,兆豐-竹北,2024-11-05,7007
00940,元大台灣價值高息,26,0,26,兆豐-竹北,2024-11-05,7007
00919,群益台灣精選高息,25,0,25,兆豐-竹北,2024-11-05,7007
5907,大洋-KY,23,0,23,兆豐-竹北,2024-11-05,7007
6156,松上,25,2,23,兆豐-竹北,2024-11-05,7007
2845,遠東銀,20,0,20,兆豐-竹北,2024-11-05,7007
6147,頎邦,20,0,20,兆豐-竹北,2024-11-05,7007
8084,巨虹,20,0,20,兆豐-竹北,2024-11-05,7007
4903,聯光通,28,11,17,兆豐-竹北,2024-11-05,7007
00688L,國泰20年美債正2,16,0,16,兆豐-竹北,2024-11-05,7007
4961,天鈺,18,2,16,兆豐-竹北,2024-11-05,7007
00943,兆豐電子高息等權,14,0,14,兆豐-竹北,2024-11-05,7007
3665,貿聯-KY,15,1,14,兆豐-竹北,2024-11-05,7007
8421,旭源,14,0,14,兆豐-竹北,2024-11-05,7007
00712,復華富時不動產,13,0,13,兆豐-竹北,2024-11-05,7007
1101B,台泥乙特,13,0,13,兆豐-竹北,2024-11-05,7007
3189,景碩,14,1,13,兆豐-竹北,2024-11-05,7007
1528,恩德,14,2,12,兆豐-竹北,2024-11-05,7007
00900,富邦特選高股息30,11,0,11,兆豐-竹北,2024-11-05,7007
2601,益航,11,0,11,兆豐-竹北,2024-11-05,7007
00650L,復華香港正2,12,2,10,兆豐-竹北,2024-11-05,7007
1303,南亞,11,1,10,兆豐-竹北,2024-11-05,7007
2365,昆盈,10,0,10,兆豐-竹北,2024-11-05,7007
2610,華航,10,0,10,兆豐-竹北,2024-11-05,7007
3083,網龍,10,0,10,兆豐-竹北,2024-11-05,7007
5608,四維航,10,0,10,兆豐-竹北,2024-11-05,7007
00922,國泰台灣領袖50,8,0,8,兆豐-竹北,2024-11-05,7007
2492,華新科,8,0,8,兆豐-竹北,2024-11-05,7007
4991,環宇-KY,11,3,8,兆豐-竹北,2024-11-05,7007
6494,九齊,8,0,8,兆豐-竹北,2024-11-05,7007
6613,朋億*,8,0,8,兆豐-竹北,2024-11-05,7007
2383,台光電,7,0,7,兆豐-竹北,2024-11-05,7007
3289,宜特,9,2,7,兆豐-竹北,2024-11-05,7007
00830,國泰費城半導體,7,0,7,兆豐-竹北,2024-11-05,7007
3228,金麗科,12,5,7,兆豐-竹北,2024-11-05,7007
2354,鴻準,48,41,7,兆豐-竹北,2024-11-05,7007
00933B,國泰10Y+金融債,6,0,6,兆豐-竹北,2024-11-05,7007
2328,廣宇,8,2,6,兆豐-竹北,2024-11-05,7007
00687B,國泰20年美債,330,4,326,兆豐-竹北,2024-11-06,7007
2303,聯電,218,19,199,兆豐-竹北,2024-11-06,7007
2888,新光金,200,5,195,兆豐-竹北,2024-11-06,7007
00753L,中信中國50正2,134,1,133,兆豐-竹北,2024-11-06,7007
00637L,元大滬深300正2,258,147,111,兆豐-竹北,2024-11-06,7007
00679B,元大美債20年,104,2,102,兆豐-竹北,2024-11-06,7007
00680L,元大美債20正2,88,5,83,兆豐-竹北,2024-11-06,7007
00940,元大台灣價值高息,67,0,67,兆豐-竹北,2024-11-06,7007
2882A,國泰特,60,0,60,兆豐-竹北,2024-11-06,7007
6288,聯嘉,60,1,59,兆豐-竹北,2024-11-06,7007
4919,新唐,53,10,43,兆豐-竹北,2024-11-06,7007
2739,寒舍,37,1,36,兆豐-竹北,2024-11-06,7007
00706L,期元大S＆P日圓正2,33,0,33,兆豐-竹北,2024-11-06,7007
00931B,統一美債20年,30,0,30,兆豐-竹北,2024-11-06,7007
1101B,台泥乙特,30,0,30,兆豐-竹北,2024-11-06,7007
3036A,文曄甲特,30,0,30,兆豐-竹北,2024-11-06,7007
5871A,中租-KY甲特,30,0,30,兆豐-竹北,2024-11-06,7007
2376,技嘉,40,12,28,兆豐-竹北,2024-11-06,7007
2312,金寶,60,34,26,兆豐-竹北,2024-11-06,7007
00713,元大台灣高息低波,23,0,23,兆豐-竹北,2024-11-06,7007
2884,玉山金,25,2,23,兆豐-竹北,2024-11-06,7007
00918,大華優利高填息30,42,19,23,兆豐-竹北,2024-11-06,7007
2388,威盛,24,2,22,兆豐-竹北,2024-11-06,7007
00633L,富邦上証正2,22,1,21,兆豐-竹北,2024-11-06,7007
2204,中華,21,0,21,兆豐-竹北,2024-11-06,7007
00929,復華台灣科技優息,25,8,17,兆豐-竹北,2024-11-06,7007
00655L,國泰中國A50正2,17,0,17,兆豐-竹北,2024-11-06,7007
00915,凱基優選高股息30,15,0,15,兆豐-竹北,2024-11-06,7007
00665L,富邦�琤肭磪囓�2,21,6,15,兆豐-竹北,2024-11-06,7007
2337,旺宏,18,3,15,兆豐-竹北,2024-11-06,7007
2431,聯昌,32,20,12,兆豐-竹北,2024-11-06,7007
5438,東友,21,9,12,兆豐-竹北,2024-11-06,7007
3450,聯鈞,39,28,11,兆豐-竹北,2024-11-06,7007
00857B,永豐20年美公債,11,0,11,兆豐-竹北,2024-11-06,7007
3149,正達,12,1,11,兆豐-竹北,2024-11-06,7007
4903,聯光通,13,2,11,兆豐-竹北,2024-11-06,7007
3481,群創,11,0,11,兆豐-竹北,2024-11-06,7007
3037,欣興,45,34,11,兆豐-竹北,2024-11-06,7007
2609,陽明,33,23,10,兆豐-竹北,2024-11-06,7007
00751B,元大AAA至A公司債,11,1,10,兆豐-竹北,2024-11-06,7007
00933B,國泰10Y+金融債,15,5,10,兆豐-竹北,2024-11-06,7007
00960,野村全球航運龍頭,10,0,10,兆豐-竹北,2024-11-06,7007
1524,耿鼎,15,5,10,兆豐-竹北,2024-11-06,7007
1776,展宇,10,0,10,兆豐-竹北,2024-11-06,7007
2409,友達,10,0,10,兆豐-竹北,2024-11-06,7007
3047,訊舟,12,2,10,兆豐-竹北,2024-11-06,7007
3483,力致,12,2,10,兆豐-竹北,2024-11-06,7007
8466,美吉吉-KY,11,1,10,兆豐-竹北,2024-11-06,7007
6156,松上,21,12,9,兆豐-竹北,2024-11-06,7007
8064,東捷,12,3,9,兆豐-竹北,2024-11-06,7007
2618,長榮航,701,23,678,兆豐-竹北,2024-11-07,7007
2610,華航,475,37,438,兆豐-竹北,2024-11-07,7007
1524,耿鼎,125,20,105,兆豐-竹北,2024-11-07,7007
00655L,國泰中國A50正2,100,0,100,兆豐-竹北,2024-11-07,7007
00795B,中信美國公債20年,93,1,92,兆豐-竹北,2024-11-07,7007
00713,元大台灣高息低波,93,5,88,兆豐-竹北,2024-11-07,7007
3231,緯創,180,102,78,兆豐-竹北,2024-11-07,7007
3167,大量,61,2,59,兆豐-竹北,2024-11-07,7007
5225,東科-KY,57,3,54,兆豐-竹北,2024-11-07,7007
00915,凱基優選高股息30,64,19,45,兆豐-竹北,2024-11-07,7007
3689,湧德,42,1,41,兆豐-竹北,2024-11-07,7007
00706L,期元大S＆P日圓正2,40,0,40,兆豐-竹北,2024-11-07,7007
6288,聯嘉,53,13,40,兆豐-竹北,2024-11-07,7007
00687B,國泰20年美債,63,24,39,兆豐-竹北,2024-11-07,7007
2303,聯電,134,101,33,兆豐-竹北,2024-11-07,7007
00919,群益台灣精選高息,23,0,23,兆豐-竹北,2024-11-07,7007
00943,兆豐電子高息等權,23,0,23,兆豐-竹北,2024-11-07,7007
2038,海光,21,0,21,兆豐-竹北,2024-11-07,7007
2206,三陽工業,20,0,20,兆豐-竹北,2024-11-07,7007
4903,聯光通,22,4,18,兆豐-竹北,2024-11-07,7007
9105,泰金寶-DR,72,54,18,兆豐-竹北,2024-11-07,7007
6548,長科*,17,0,17,兆豐-竹北,2024-11-07,7007
00852L,國泰美國道瓊正2,16,0,16,兆豐-竹北,2024-11-07,7007
2312,金寶,51,37,14,兆豐-竹北,2024-11-07,7007
4961,天鈺,14,0,14,兆豐-竹北,2024-11-07,7007
00679B,元大美債20年,22,9,13,兆豐-竹北,2024-11-07,7007
8466,美吉吉-KY,13,0,13,兆豐-竹北,2024-11-07,7007
00680L,元大美債20正2,24,12,12,兆豐-竹北,2024-11-07,7007
00887,永豐中國科技50大,12,0,12,兆豐-竹北,2024-11-07,7007
8070,長華*,20,8,12,兆豐-竹北,2024-11-07,7007
2014,中鴻,11,0,11,兆豐-竹北,2024-11-07,7007
2338,光罩,11,0,11,兆豐-竹北,2024-11-07,7007
3516,亞帝歐,11,0,11,兆豐-竹北,2024-11-07,7007
3260,威剛,10,0,10,兆豐-竹北,2024-11-07,7007
6505,台塑化,10,0,10,兆豐-竹北,2024-11-07,7007
1563,巧新,10,0,10,兆豐-竹北,2024-11-07,7007
2365,昆盈,11,1,10,兆豐-竹北,2024-11-07,7007
2405,輔信,10,0,10,兆豐-竹北,2024-11-07,7007
3483,力致,11,1,10,兆豐-竹北,2024-11-07,7007
6625,必應,10,0,10,兆豐-竹北,2024-11-07,7007
8091,翔名,10,0,10,兆豐-竹北,2024-11-07,7007
00720B,元大投資級公司債,10,0,10,兆豐-竹北,2024-11-07,7007
8011,台通,10,1,9,兆豐-竹北,2024-11-07,7007
00897,富邦基因免疫生技,8,0,8,兆豐-竹北,2024-11-07,7007
2476,鉅祥,8,0,8,兆豐-竹北,2024-11-07,7007
2834,臺企銀,8,0,8,兆豐-竹北,2024-11-07,7007
00647L,元大S＆P500正2,8,0,8,兆豐-竹北,2024-11-07,7007
1528,恩德,8,1,7,兆豐-竹北,2024-11-07,7007
1540,喬福,8,1,7,兆豐-竹北,2024-11-07,7007
6693,廣閎科,6,0,6,兆豐-竹北,2024-11-07,7007
2610,華航,531,16,515,兆豐-竹北,2024-11-08,7007
00712,復華富時不動產,206,0,206,兆豐-竹北,2024-11-08,7007
3516,亞帝歐,184,5,179,兆豐-竹北,2024-11-08,7007
3481,群創,187,22,165,兆豐-竹北,2024-11-08,7007
00632R,元大台灣50反1,110,2,108,兆豐-竹北,2024-11-08,7007
00643,群益深証中小,59,0,59,兆豐-竹北,2024-11-08,7007
00753L,中信中國50正2,86,30,56,兆豐-竹北,2024-11-08,7007
00725B,國泰投資級公司債,50,0,50,兆豐-竹北,2024-11-08,7007
2882A,國泰特,50,0,50,兆豐-竹北,2024-11-08,7007
2376,技嘉,52,3,49,兆豐-竹北,2024-11-08,7007
2888,新光金,51,3,48,兆豐-竹北,2024-11-08,7007
6742,澤米,48,0,48,兆豐-竹北,2024-11-08,7007
2106,建大,40,0,40,兆豐-竹北,2024-11-08,7007
6143,振曜,33,0,33,兆豐-竹北,2024-11-08,7007
6649,台生材,31,0,31,兆豐-竹北,2024-11-08,7007
3036A,文曄甲特,30,0,30,兆豐-竹北,2024-11-08,7007
00878,國泰永續高股息,45,16,29,兆豐-竹北,2024-11-08,7007
3037,欣興,42,14,28,兆豐-竹北,2024-11-08,7007
1101B,台泥乙特,26,0,26,兆豐-竹北,2024-11-08,7007
00919,群益台灣精選高息,39,16,23,兆豐-竹北,2024-11-08,7007
00650L,復華香港正2,41,20,21,兆豐-竹北,2024-11-08,7007
2929,淘帝-KY,21,0,21,兆豐-竹北,2024-11-08,7007
3042,晶技,20,0,20,兆豐-竹北,2024-11-08,7007
2489,瑞軒,22,3,19,兆豐-竹北,2024-11-08,7007
1301,台塑,20,1,19,兆豐-竹北,2024-11-08,7007
5245,智晶,18,0,18,兆豐-竹北,2024-11-08,7007
4961,天鈺,17,0,17,兆豐-竹北,2024-11-08,7007
2409,友達,16,0,16,兆豐-竹北,2024-11-08,7007
2881B,富邦金乙特,16,0,16,兆豐-竹北,2024-11-08,7007
3062,建漢,39,23,16,兆豐-竹北,2024-11-08,7007
00741B,富邦全球非投等債,15,0,15,兆豐-竹北,2024-11-08,7007
1802,台玻,15,0,15,兆豐-竹北,2024-11-08,7007
2524,京城,15,0,15,兆豐-竹北,2024-11-08,7007
3498,陽程,20,5,15,兆豐-竹北,2024-11-08,7007
8070,長華*,16,1,15,兆豐-竹北,2024-11-08,7007
5014,建錩,14,0,14,兆豐-竹北,2024-11-08,7007
8091,翔名,13,0,13,兆豐-竹北,2024-11-08,7007
1314,中石化,13,0,13,兆豐-竹北,2024-11-08,7007
3227,原相,14,2,12,兆豐-竹北,2024-11-08,7007
6216,居易,12,0,12,兆豐-竹北,2024-11-08,7007
6279,胡連,12,1,11,兆豐-竹北,2024-11-08,7007
2392,正崴,23,12,11,兆豐-竹北,2024-11-08,7007
2884,玉山金,10,0,10,兆豐-竹北,2024-11-08,7007
00740B,富邦全球投等債,10,0,10,兆豐-竹北,2024-11-08,7007
2204,中華,10,0,10,兆豐-竹北,2024-11-08,7007
2408,南亞科,10,0,10,兆豐-竹北,2024-11-08,7007
1529,樂事綠能,10,0,10,兆豐-竹北,2024-11-08,7007
1308,亞聚,9,0,9,兆豐-竹北,2024-11-08,7007
2601,益航,10,1,9,兆豐-竹北,2024-11-08,7007
3591,艾笛森,9,0,9,兆豐-竹北,2024-11-08,7007
00632R,元大台灣50反1,313,0,313,兆豐-竹北,2024-11-11,7007
00933B,國泰10Y+金融債,1238,1007,231,兆豐-竹北,2024-11-11,7007
00753L,中信中國50正2,141,1,140,兆豐-竹北,2024-11-11,7007
2106,建大,115,0,115,兆豐-竹北,2024-11-11,7007
2610,華航,112,13,99,兆豐-竹北,2024-11-11,7007
2409,友達,103,8,95,兆豐-竹北,2024-11-11,7007
1605,華新,64,0,64,兆豐-竹北,2024-11-11,7007
00675L,富邦臺灣加權正2,60,0,60,兆豐-竹北,2024-11-11,7007
00665L,富邦�琤肭磪囓�2,56,0,56,兆豐-竹北,2024-11-11,7007
2449,京元電子,71,16,55,兆豐-竹北,2024-11-11,7007
8039,台虹,50,0,50,兆豐-竹北,2024-11-11,7007
5225,東科-KY,45,3,42,兆豐-竹北,2024-11-11,7007
4916,事欣科,41,0,41,兆豐-竹北,2024-11-11,7007
2376,技嘉,41,2,39,兆豐-竹北,2024-11-11,7007
0056,元大高股息,32,0,32,兆豐-竹北,2024-11-11,7007
3516,亞帝歐,31,0,31,兆豐-竹北,2024-11-11,7007
00959B,大華投等美債15Y+,30,0,30,兆豐-竹北,2024-11-11,7007
2834,臺企銀,30,0,30,兆豐-竹北,2024-11-11,7007
00918,大華優利高填息30,32,3,29,兆豐-竹北,2024-11-11,7007
6742,澤米,27,0,27,兆豐-竹北,2024-11-11,7007
2887,台新金,27,0,27,兆豐-竹北,2024-11-11,7007
2888,新光金,25,0,25,兆豐-竹北,2024-11-11,7007
8358,金居,26,2,24,兆豐-竹北,2024-11-11,7007
8068,全達,20,0,20,兆豐-竹北,2024-11-11,7007
2354,鴻準,50,30,20,兆豐-竹北,2024-11-11,7007
3003,健和興,20,3,17,兆豐-竹北,2024-11-11,7007
00882,中信中國高股息,16,0,16,兆豐-竹北,2024-11-11,7007
2374,佳能,16,0,16,兆豐-竹北,2024-11-11,7007
3437,榮創,16,0,16,兆豐-竹北,2024-11-11,7007
6143,振曜,17,1,16,兆豐-竹北,2024-11-11,7007
2852,第一保,15,0,15,兆豐-竹北,2024-11-11,7007
00650L,復華香港正2,14,0,14,兆豐-竹北,2024-11-11,7007
2646,星宇航空,13,0,13,兆豐-竹北,2024-11-11,7007
1785,光洋科,21,8,13,兆豐-竹北,2024-11-11,7007
3689,湧德,15,2,13,兆豐-竹北,2024-11-11,7007
2609,陽明,18,5,13,兆豐-竹北,2024-11-11,7007
3037,欣興,17,5,12,兆豐-竹北,2024-11-11,7007
00930,永豐ESG低碳高息,12,0,12,兆豐-竹北,2024-11-11,7007
1307,三芳,15,3,12,兆豐-竹北,2024-11-11,7007
3535,晶彩科,12,0,12,兆豐-竹北,2024-11-11,7007
2520,冠德,13,2,11,兆豐-竹北,2024-11-11,7007
6288,聯嘉,11,0,11,兆豐-竹北,2024-11-11,7007
3056,富華新,10,0,10,兆豐-竹北,2024-11-11,7007
00712,復華富時不動產,10,0,10,兆豐-竹北,2024-11-11,7007
00706L,期元大S＆P日圓正2,10,0,10,兆豐-竹北,2024-11-11,7007
1815,富喬,10,0,10,兆豐-竹北,2024-11-11,7007
2344,華邦電,30,20,10,兆豐-竹北,2024-11-11,7007
2617,台航,10,0,10,兆豐-竹北,2024-11-11,7007
00915,凱基優選高股息30,9,0,9,兆豐-竹北,2024-11-11,7007
9941,裕融,8,0,8,兆豐-竹北,2024-11-11,7007
3062,建漢,815,14,801,兆豐-竹北,2024-11-12,7007
00878,國泰永續高股息,200,0,200,兆豐-竹北,2024-11-12,7007
0056,元大高股息,112,3,109,兆豐-竹北,2024-11-12,7007
1785,光洋科,66,0,66,兆豐-竹北,2024-11-12,7007
2884,玉山金,65,0,65,兆豐-竹北,2024-11-12,7007
1314,中石化,61,0,61,兆豐-竹北,2024-11-12,7007
00905,FT臺灣Smart,58,0,58,兆豐-竹北,2024-11-12,7007
2303,聯電,48,3,45,兆豐-竹北,2024-11-12,7007
00650L,復華香港正2,40,0,40,兆豐-竹北,2024-11-12,7007
5603,陸海,40,0,40,兆豐-竹北,2024-11-12,7007
00919,群益台灣精選高息,40,2,38,兆豐-竹北,2024-11-12,7007
2891B,中信金乙特,36,0,36,兆豐-竹北,2024-11-12,7007
2356,英業達,62,27,35,兆豐-竹北,2024-11-12,7007
00915,凱基優選高股息30,31,0,31,兆豐-竹北,2024-11-12,7007
2882B,國泰金乙特,31,0,31,兆豐-竹北,2024-11-12,7007
6239,力成,30,0,30,兆豐-竹北,2024-11-12,7007
00637L,元大滬深300正2,33,3,30,兆豐-竹北,2024-11-12,7007
2888,新光金,30,0,30,兆豐-竹北,2024-11-12,7007
3036A,文曄甲特,30,0,30,兆豐-竹北,2024-11-12,7007
5871A,中租-KY甲特,30,0,30,兆豐-竹北,2024-11-12,7007
00929,復華台灣科技優息,37,11,26,兆豐-竹北,2024-11-12,7007
00665L,富邦�琤肭磪囓�2,25,0,25,兆豐-竹北,2024-11-12,7007
00715L,期街口布蘭特正2,25,0,25,兆豐-竹北,2024-11-12,7007
2867,三商壽,25,0,25,兆豐-竹北,2024-11-12,7007
6901,鑽石投資,25,0,25,兆豐-竹北,2024-11-12,7007
2330,台積電,29,4,25,兆豐-竹北,2024-11-12,7007
00713,元大台灣高息低波,32,10,22,兆豐-竹北,2024-11-12,7007
1815,富喬,22,1,21,兆豐-竹北,2024-11-12,7007
2605,新興,24,3,21,兆豐-竹北,2024-11-12,7007
3615,安可,20,0,20,兆豐-竹北,2024-11-12,7007
4961,天鈺,20,0,20,兆豐-竹北,2024-11-12,7007
0050,元大台灣50,20,0,20,兆豐-竹北,2024-11-12,7007
6763,綠界科技*,23,4,19,兆豐-竹北,2024-11-12,7007
006208,富邦台50,18,0,18,兆豐-竹北,2024-11-12,7007
2812,台中銀,18,0,18,兆豐-竹北,2024-11-12,7007
3715,定穎投控,18,0,18,兆豐-竹北,2024-11-12,7007
6530,創威,20,2,18,兆豐-竹北,2024-11-12,7007
6143,振曜,17,0,17,兆豐-竹北,2024-11-12,7007
9921,巨大,16,0,16,兆豐-竹北,2024-11-12,7007
2354,鴻準,32,16,16,兆豐-竹北,2024-11-12,7007
1524,耿鼎,38,22,16,兆豐-竹北,2024-11-12,7007
2609,陽明,43,27,16,兆豐-竹北,2024-11-12,7007
00642U,期元大S＆P石油,15,0,15,兆豐-竹北,2024-11-12,7007
00918,大華優利高填息30,16,2,14,兆豐-竹北,2024-11-12,7007
2409,友達,14,0,14,兆豐-竹北,2024-11-12,7007
2615,萬海,70,57,13,兆豐-竹北,2024-11-12,7007
00922,國泰台灣領袖50,15,3,12,兆豐-竹北,2024-11-12,7007
2834,臺企銀,13,1,12,兆豐-竹北,2024-11-12,7007
2881B,富邦金乙特,12,0,12,兆豐-竹北,2024-11-12,7007
3036,文曄,15,3,12,兆豐-竹北,2024-11-12,7007
00650L,復華香港正2,935,35,900,兆豐-竹北,2024-11-13,7007
00632R,元大台灣50反1,500,25,475,兆豐-竹北,2024-11-13,7007
00676R,富邦臺灣加權反1,210,0,210,兆豐-竹北,2024-11-13,7007
00932,兆豐永續高息等權,184,0,184,兆豐-竹北,2024-11-13,7007
00937B,群益ESG投等債20,186,3,183,兆豐-竹北,2024-11-13,7007
00878,國泰永續高股息,149,0,149,兆豐-竹北,2024-11-13,7007
00943,兆豐電子高息等權,117,0,117,兆豐-竹北,2024-11-13,7007
5871,中租-KY,98,2,96,兆豐-竹北,2024-11-13,7007
00679B,元大美債20年,96,0,96,兆豐-竹北,2024-11-13,7007
00664R,國泰臺灣加權反1,95,0,95,兆豐-竹北,2024-11-13,7007
3025,星通,115,25,90,兆豐-竹北,2024-11-13,7007
00933B,國泰10Y+金融債,65,0,65,兆豐-竹北,2024-11-13,7007
00715L,期街口布蘭特正2,64,0,64,兆豐-竹北,2024-11-13,7007
2892,第一金,51,0,51,兆豐-竹北,2024-11-13,7007
2882A,國泰特,50,0,50,兆豐-竹北,2024-11-13,7007
2834,臺企銀,43,0,43,兆豐-竹北,2024-11-13,7007
00882,中信中國高股息,42,0,42,兆豐-竹北,2024-11-13,7007
2646,星宇航空,48,6,42,兆豐-竹北,2024-11-13,7007
00753L,中信中國50正2,134,99,35,兆豐-竹北,2024-11-13,7007
3689,湧德,32,0,32,兆豐-竹北,2024-11-13,7007
4162,智擎,32,0,32,兆豐-竹北,2024-11-13,7007
5871A,中租-KY甲特,30,0,30,兆豐-竹北,2024-11-13,7007
00720B,元大投資級公司債,28,0,28,兆豐-竹北,2024-11-13,7007
00688L,國泰20年美債正2,25,0,25,兆豐-竹北,2024-11-13,7007
1714,和桐,25,0,25,兆豐-竹北,2024-11-13,7007
2489,瑞軒,25,1,24,兆豐-竹北,2024-11-13,7007
6191,精成科,24,0,24,兆豐-竹北,2024-11-13,7007
3167,大量,28,5,23,兆豐-竹北,2024-11-13,7007
00687B,國泰20年美債,32,10,22,兆豐-竹北,2024-11-13,7007
00905,FT臺灣Smart,22,0,22,兆豐-竹北,2024-11-13,7007
2206,三陽工業,22,0,22,兆豐-竹北,2024-11-13,7007
2330,台積電,31,9,22,兆豐-竹北,2024-11-13,7007
6188,廣明,31,10,21,兆豐-竹北,2024-11-13,7007
2888,新光金,20,0,20,兆豐-竹北,2024-11-13,7007
8358,金居,20,0,20,兆豐-竹北,2024-11-13,7007
00706L,期元大S＆P日圓正2,19,0,19,兆豐-竹北,2024-11-13,7007
2883B,凱基金乙特,20,1,19,兆豐-竹北,2024-11-13,7007
5245,智晶,30,12,18,兆豐-竹北,2024-11-13,7007
6151,晉倫,18,2,16,兆豐-竹北,2024-11-13,7007
2891,中信金,17,1,16,兆豐-竹北,2024-11-13,7007
2442,新美齊,15,0,15,兆豐-竹北,2024-11-13,7007
2884,玉山金,15,0,15,兆豐-竹北,2024-11-13,7007
00919,群益台灣精選高息,25,10,15,兆豐-竹北,2024-11-13,7007
006208,富邦台50,14,0,14,兆豐-竹北,2024-11-13,7007
0056,元大高股息,27,13,14,兆豐-竹北,2024-11-13,7007
5512,力麒,24,10,14,兆豐-竹北,2024-11-13,7007
2377,微星,15,2,13,兆豐-竹北,2024-11-13,7007
2392,正崴,22,10,12,兆豐-竹北,2024-11-13,7007
2615,萬海,52,41,11,兆豐-竹北,2024-11-13,7007
2303,聯電,11,0,11,兆豐-竹北,2024-11-13,7007
00878,國泰永續高股息,240,4,236,兆豐-竹北,2024-11-14,7007
00933B,國泰10Y+金融債,176,0,176,兆豐-竹北,2024-11-14,7007
00937B,群益ESG投等債20,169,8,161,兆豐-竹北,2024-11-14,7007
3231,緯創,182,79,103,兆豐-竹北,2024-11-14,7007
0056,元大高股息,96,13,83,兆豐-竹北,2024-11-14,7007
00919,群益台灣精選高息,60,5,55,兆豐-竹北,2024-11-14,7007
5871,中租-KY,57,2,55,兆豐-竹北,2024-11-14,7007
6143,振曜,51,1,50,兆豐-竹北,2024-11-14,7007
00680L,元大美債20正2,46,3,43,兆豐-竹北,2024-11-14,7007
00687B,國泰20年美債,45,10,35,兆豐-竹北,2024-11-14,7007
1714,和桐,34,0,34,兆豐-竹北,2024-11-14,7007
5871A,中租-KY甲特,30,0,30,兆豐-竹北,2024-11-14,7007
00688L,國泰20年美債正2,29,0,29,兆豐-竹北,2024-11-14,7007
00932,兆豐永續高息等權,26,0,26,兆豐-竹北,2024-11-14,7007
3303,岱稜,26,0,26,兆豐-竹北,2024-11-14,7007
006208,富邦台50,23,0,23,兆豐-竹北,2024-11-14,7007
2884,玉山金,23,0,23,兆豐-竹北,2024-11-14,7007
00679B,元大美債20年,28,6,22,兆豐-竹北,2024-11-14,7007
2354,鴻準,45,24,21,兆豐-竹北,2024-11-14,7007
5302,太欣,21,0,21,兆豐-竹北,2024-11-14,7007
00930,永豐ESG低碳高息,20,0,20,兆豐-竹北,2024-11-14,7007
00673R,期元大S＆P原油反1,20,0,20,兆豐-竹北,2024-11-14,7007
00706L,期元大S＆P日圓正2,20,0,20,兆豐-竹北,2024-11-14,7007
00882,中信中國高股息,22,2,20,兆豐-竹北,2024-11-14,7007
00713,元大台灣高息低波,19,0,19,兆豐-竹北,2024-11-14,7007
1314,中石化,19,0,19,兆豐-竹北,2024-11-14,7007
6140,訊達,21,2,19,兆豐-竹北,2024-11-14,7007
2317,鴻海,25,6,19,兆豐-竹北,2024-11-14,7007
2492,華新科,20,2,18,兆豐-竹北,2024-11-14,7007
5512,力麒,18,0,18,兆豐-竹北,2024-11-14,7007
1587,吉茂,15,0,15,兆豐-竹北,2024-11-14,7007
4931,新盛力,49,34,15,兆豐-竹北,2024-11-14,7007
1301,台塑,13,0,13,兆豐-竹北,2024-11-14,7007
00675L,富邦臺灣加權正2,13,0,13,兆豐-竹北,2024-11-14,7007
00720B,元大投資級公司債,21,9,12,兆豐-竹北,2024-11-14,7007
00923,群益台ESG低碳50,12,0,12,兆豐-竹北,2024-11-14,7007
00946,群益科技高息成長,12,0,12,兆豐-竹北,2024-11-14,7007
1786,科妍,14,2,12,兆豐-竹北,2024-11-14,7007
2845,遠東銀,11,0,11,兆豐-竹北,2024-11-14,7007
2449,京元電子,20,9,11,兆豐-竹北,2024-11-14,7007
00715L,期街口布蘭特正2,16,5,11,兆豐-竹北,2024-11-14,7007
1776,展宇,11,0,11,兆豐-竹北,2024-11-14,7007
2201,裕隆,12,1,11,兆豐-竹北,2024-11-14,7007
2880,華南金,11,0,11,兆豐-竹北,2024-11-14,7007
2408,南亞科,10,0,10,兆豐-竹北,2024-11-14,7007
2392,正崴,13,3,10,兆豐-竹北,2024-11-14,7007
00676R,富邦臺灣加權反1,10,0,10,兆豐-竹北,2024-11-14,7007
2017,官田鋼,10,0,10,兆豐-竹北,2024-11-14,7007
6890,來億-KY,10,0,10,兆豐-竹北,2024-11-14,7007
6988,威力暘-創,13,3,10,兆豐-竹北,2024-11-14,7007
00878,國泰永續高股息,288,14,274,兆豐-竹北,2024-11-15,7007
00937B,群益ESG投等債20,205,13,192,兆豐-竹北,2024-11-15,7007
2317,鴻海,139,14,125,兆豐-竹北,2024-11-15,7007
00637L,元大滬深300正2,104,2,102,兆豐-竹北,2024-11-15,7007
6156,松上,90,4,86,兆豐-竹北,2024-11-15,7007
2382,廣達,69,32,37,兆豐-竹北,2024-11-15,7007
00670L,富邦NASDAQ正2,35,0,35,兆豐-竹北,2024-11-15,7007
3209,全科,33,0,33,兆豐-竹北,2024-11-15,7007
2891B,中信金乙特,30,0,30,兆豐-竹北,2024-11-15,7007
00933B,國泰10Y+金融債,27,0,27,兆豐-竹北,2024-11-15,7007
00882,中信中國高股息,25,0,25,兆豐-竹北,2024-11-15,7007
3090,日電貿,34,11,23,兆豐-竹北,2024-11-15,7007
3712,永崴投控,25,3,22,兆豐-竹北,2024-11-15,7007
6415,矽力*-KY,21,0,21,兆豐-竹北,2024-11-15,7007
2493,揚博,22,1,21,兆豐-竹北,2024-11-15,7007
00650L,復華香港正2,21,0,21,兆豐-竹北,2024-11-15,7007
2617,台航,20,0,20,兆豐-竹北,2024-11-15,7007
2881B,富邦金乙特,20,0,20,兆豐-竹北,2024-11-15,7007
2883B,凱基金乙特,20,0,20,兆豐-竹北,2024-11-15,7007
6175,立敦,20,0,20,兆豐-竹北,2024-11-15,7007
2303,聯電,24,6,18,兆豐-竹北,2024-11-15,7007
6174,安��,18,0,18,兆豐-竹北,2024-11-15,7007
3231,緯創,212,197,15,兆豐-竹北,2024-11-15,7007
2301,光寶科,14,1,13,兆豐-竹北,2024-11-15,7007
5009,榮剛,13,0,13,兆豐-竹北,2024-11-15,7007
2852,第一保,12,0,12,兆豐-竹北,2024-11-15,7007
2486,一詮,18,6,12,兆豐-竹北,2024-11-15,7007
3189,景碩,14,3,11,兆豐-竹北,2024-11-15,7007
3706,神達,60,49,11,兆豐-竹北,2024-11-15,7007
3037,欣興,16,6,10,兆豐-竹北,2024-11-15,7007
1710,東聯,10,0,10,兆豐-竹北,2024-11-15,7007
3303,岱稜,12,2,10,兆豐-竹北,2024-11-15,7007
6153,嘉聯益,10,0,10,兆豐-竹北,2024-11-15,7007
6988,威力暘-創,15,5,10,兆豐-竹北,2024-11-15,7007
6143,振曜,10,1,9,兆豐-竹北,2024-11-15,7007
2887,台新金,9,0,9,兆豐-竹北,2024-11-15,7007
2002,中鋼,13,4,9,兆豐-竹北,2024-11-15,7007
2449,京元電子,30,22,8,兆豐-竹北,2024-11-15,7007
2349,錸德,57,49,8,兆豐-竹北,2024-11-15,7007
3363,上詮,9,1,8,兆豐-竹北,2024-11-15,7007
6196,帆宣,8,0,8,兆豐-竹北,2024-11-15,7007
1785,光洋科,12,5,7,兆豐-竹北,2024-11-15,7007
2492,華新科,7,0,7,兆豐-竹北,2024-11-15,7007
006208,富邦台50,7,0,7,兆豐-竹北,2024-11-15,7007
0056,元大高股息,6,0,6,兆豐-竹北,2024-11-15,7007
6788,華景電,6,0,6,兆豐-竹北,2024-11-15,7007
00679B,元大美債20年,6,0,6,兆豐-竹北,2024-11-15,7007
00900,富邦特選高股息30,6,0,6,兆豐-竹北,2024-11-15,7007
00945B,凱基美國非投等債,6,0,6,兆豐-竹北,2024-11-15,7007
4950,牧東,6,0,6,兆豐-竹北,2024-11-15,7007
00632R,元大台灣50反1,300,0,300,兆豐-竹北,2024-11-18,7007
00878,國泰永續高股息,263,4,259,兆豐-竹北,2024-11-18,7007
00885,富邦越南,200,0,200,兆豐-竹北,2024-11-18,7007
2317,鴻海,114,16,98,兆豐-竹北,2024-11-18,7007
00929,復華台灣科技優息,91,2,89,兆豐-竹北,2024-11-18,7007
6143,振曜,94,20,74,兆豐-竹北,2024-11-18,7007
00919,群益台灣精選高息,68,12,56,兆豐-竹北,2024-11-18,7007
1785,光洋科,64,10,54,兆豐-竹北,2024-11-18,7007
2882A,國泰特,50,0,50,兆豐-竹北,2024-11-18,7007
2882B,國泰金乙特,50,0,50,兆豐-竹北,2024-11-18,7007
5603,陸海,50,0,50,兆豐-竹北,2024-11-18,7007
2615,萬海,87,40,47,兆豐-竹北,2024-11-18,7007
9105,泰金寶-DR,51,9,42,兆豐-竹北,2024-11-18,7007
6156,松上,35,0,35,兆豐-竹北,2024-11-18,7007
00887,永豐中國科技50大,43,11,32,兆豐-竹北,2024-11-18,7007
3689,湧德,29,0,29,兆豐-竹北,2024-11-18,7007
0056,元大高股息,27,1,26,兆豐-竹北,2024-11-18,7007
2105,正新,36,11,25,兆豐-竹北,2024-11-18,7007
2312,金寶,63,38,25,兆豐-竹北,2024-11-18,7007
2356,英業達,65,42,23,兆豐-竹北,2024-11-18,7007
4956,光鋐,49,27,22,兆豐-竹北,2024-11-18,7007
8028,昇陽半導體,21,0,21,兆豐-竹北,2024-11-18,7007
2331,精英,20,0,20,兆豐-竹北,2024-11-18,7007
6016,康和證,20,0,20,兆豐-竹北,2024-11-18,7007
00891,中信關鍵半導體,20,0,20,兆豐-竹北,2024-11-18,7007
3712,永崴投控,22,4,18,兆豐-竹北,2024-11-18,7007
2354,鴻準,46,28,18,兆豐-竹北,2024-11-18,7007
2449,京元電子,26,11,15,兆豐-竹北,2024-11-18,7007
2884,玉山金,16,1,15,兆豐-竹北,2024-11-18,7007
00715L,期街口布蘭特正2,18,3,15,兆豐-竹北,2024-11-18,7007
2204,中華,15,0,15,兆豐-竹北,2024-11-18,7007
3303,岱稜,15,0,15,兆豐-竹北,2024-11-18,7007
006208,富邦台50,15,0,15,兆豐-竹北,2024-11-18,7007
3704,合勤控,14,0,14,兆豐-竹北,2024-11-18,7007
00637L,元大滬深300正2,16,3,13,兆豐-竹北,2024-11-18,7007
00753L,中信中國50正2,21,8,13,兆豐-竹北,2024-11-18,7007
2344,華邦電,18,5,13,兆豐-竹北,2024-11-18,7007
00679B,元大美債20年,15,2,13,兆豐-竹北,2024-11-18,7007
00933B,國泰10Y+金融債,12,0,12,兆豐-竹北,2024-11-18,7007
8996,高力,21,9,12,兆豐-竹北,2024-11-18,7007
2303,聯電,11,0,11,兆豐-竹北,2024-11-18,7007
9958,世紀鋼,11,0,11,兆豐-竹北,2024-11-18,7007
00918,大華優利高填息30,11,0,11,兆豐-竹北,2024-11-18,7007
00662,富邦NASDAQ,11,0,11,兆豐-竹北,2024-11-18,7007
00631L,元大台灣50正2,12,2,10,兆豐-竹北,2024-11-18,7007
1519,華城,12,2,10,兆豐-竹北,2024-11-18,7007
2049,上銀,10,0,10,兆豐-竹北,2024-11-18,7007
00650L,復華香港正2,30,20,10,兆豐-竹北,2024-11-18,7007
2617,台航,10,0,10,兆豐-竹北,2024-11-18,7007
3615,安可,10,0,10,兆豐-竹北,2024-11-18,7007
2344,華邦電,106,2,104,兆豐-竹北,2024-11-19,7007
00878,國泰永續高股息,79,13,66,兆豐-竹北,2024-11-19,7007
3231,緯創,245,193,52,兆豐-竹北,2024-11-19,7007
00687B,國泰20年美債,44,20,24,兆豐-竹北,2024-11-19,7007
00929,復華台灣科技優息,117,93,24,兆豐-竹北,2024-11-19,7007
2615,萬海,33,11,22,兆豐-竹北,2024-11-19,7007
2399,映泰,25,3,22,兆豐-竹北,2024-11-19,7007
00887,永豐中國科技50大,21,0,21,兆豐-竹北,2024-11-19,7007
2376,技嘉,22,2,20,兆豐-竹北,2024-11-19,7007
2204,中華,20,0,20,兆豐-竹北,2024-11-19,7007
5014,建錩,20,0,20,兆豐-竹北,2024-11-19,7007
2349,錸德,71,52,19,兆豐-竹北,2024-11-19,7007
3481,群創,19,1,18,兆豐-竹北,2024-11-19,7007
006208,富邦台50,20,3,17,兆豐-竹北,2024-11-19,7007
3521,鴻翊,15,0,15,兆豐-竹北,2024-11-19,7007
6143,振曜,15,1,14,兆豐-竹北,2024-11-19,7007
2360,致茂,15,1,14,兆豐-竹北,2024-11-19,7007
0056,元大高股息,14,0,14,兆豐-竹北,2024-11-19,7007
00757,統一FANG+,13,0,13,兆豐-竹北,2024-11-19,7007
3712,永崴投控,17,4,13,兆豐-竹北,2024-11-19,7007
2890,永豐金,12,0,12,兆豐-竹北,2024-11-19,7007
2107,厚生,12,0,12,兆豐-竹北,2024-11-19,7007
8466,美吉吉-KY,12,0,12,兆豐-竹北,2024-11-19,7007
00919,群益台灣精選高息,22,11,11,兆豐-竹北,2024-11-19,7007
1301,台塑,12,2,10,兆豐-竹北,2024-11-19,7007
00633L,富邦上証正2,10,0,10,兆豐-竹北,2024-11-19,7007
1720,生達,10,0,10,兆豐-竹北,2024-11-19,7007
2312,金寶,37,27,10,兆豐-竹北,2024-11-19,7007
2881B,富邦金乙特,10,0,10,兆豐-竹北,2024-11-19,7007
2883,凱基金,10,0,10,兆豐-竹北,2024-11-19,7007
5876,上海商銀,10,0,10,兆豐-竹北,2024-11-19,7007
00932,兆豐永續高息等權,8,0,8,兆豐-竹北,2024-11-19,7007
00830,國泰費城半導體,8,0,8,兆豐-竹北,2024-11-19,7007
00881,國泰台灣5G+,8,0,8,兆豐-竹北,2024-11-19,7007
1218,泰山,8,0,8,兆豐-竹北,2024-11-19,7007
2492,華新科,8,0,8,兆豐-竹北,2024-11-19,7007
2884,玉山金,8,0,8,兆豐-竹北,2024-11-19,7007
5009,榮剛,8,0,8,兆豐-竹北,2024-11-19,7007
2356,英業達,8,1,7,兆豐-竹北,2024-11-19,7007
00713,元大台灣高息低波,10,3,7,兆豐-竹北,2024-11-19,7007
9921,巨大,6,0,6,兆豐-竹北,2024-11-19,7007
2886,兆豐金,20,14,6,兆豐-竹北,2024-11-19,7007
00900,富邦特選高股息30,6,0,6,兆豐-竹北,2024-11-19,7007
00692,富邦公司治理,6,0,6,兆豐-竹北,2024-11-19,7007
2392,正崴,12,6,6,兆豐-竹北,2024-11-19,7007
3323,加百裕,16,10,6,兆豐-竹北,2024-11-19,7007
4562,穎漢,6,0,6,兆豐-竹北,2024-11-19,7007
5309,系統電,14,8,6,兆豐-竹北,2024-11-19,7007
6558,興能高,7,1,6,兆豐-竹北,2024-11-19,7007
00670L,富邦NASDAQ正2,5,0,5,兆豐-竹北,2024-11-19,7007
00878,國泰永續高股息,66,5,61,兆豐-竹北,2024-11-20,7007
1720,生達,46,0,46,兆豐-竹北,2024-11-20,7007
00960,野村全球航運龍頭,44,1,43,兆豐-竹北,2024-11-20,7007
8249,菱光,42,0,42,兆豐-竹北,2024-11-20,7007
2354,鴻準,60,19,41,兆豐-竹北,2024-11-20,7007
3303,岱稜,42,2,40,兆豐-竹北,2024-11-20,7007
2887,台新金,32,0,32,兆豐-竹北,2024-11-20,7007
1752,南光,30,0,30,兆豐-竹北,2024-11-20,7007
5871A,中租-KY甲特,30,0,30,兆豐-竹北,2024-11-20,7007
2105,正新,31,2,29,兆豐-竹北,2024-11-20,7007
00929,復華台灣科技優息,43,16,27,兆豐-竹北,2024-11-20,7007
00637L,元大滬深300正2,28,2,26,兆豐-竹北,2024-11-20,7007
2609,陽明,52,26,26,兆豐-竹北,2024-11-20,7007
00930,永豐ESG低碳高息,22,0,22,兆豐-竹北,2024-11-20,7007
1540,喬福,21,0,21,兆豐-竹北,2024-11-20,7007
3090,日電貿,25,5,20,兆豐-竹北,2024-11-20,7007
4107,邦特,20,0,20,兆豐-竹北,2024-11-20,7007
6116,彩晶,20,0,20,兆豐-竹北,2024-11-20,7007
2348,海悅,21,1,20,兆豐-竹北,2024-11-20,7007
2449,京元電子,29,10,19,兆豐-竹北,2024-11-20,7007
5871,中租-KY,20,1,19,兆豐-竹北,2024-11-20,7007
00937B,群益ESG投等債20,19,1,18,兆豐-竹北,2024-11-20,7007
0056,元大高股息,18,0,18,兆豐-竹北,2024-11-20,7007
2330,台積電,17,1,16,兆豐-竹北,2024-11-20,7007
2362,藍天,15,0,15,兆豐-竹北,2024-11-20,7007
3511,矽瑪,23,9,14,兆豐-竹北,2024-11-20,7007
6223,旺矽,15,1,14,兆豐-竹北,2024-11-20,7007
2303,聯電,17,4,13,兆豐-竹北,2024-11-20,7007
1777,生泰,12,0,12,兆豐-竹北,2024-11-20,7007
2353,宏��,13,1,12,兆豐-竹北,2024-11-20,7007
2888,新光金,12,0,12,兆豐-竹北,2024-11-20,7007
3015,全漢,15,3,12,兆豐-竹北,2024-11-20,7007
9941,裕融,11,0,11,兆豐-竹北,2024-11-20,7007
6143,振曜,10,0,10,兆豐-竹北,2024-11-20,7007
3019,亞光,13,3,10,兆豐-竹北,2024-11-20,7007
00706L,期元大S＆P日圓正2,10,0,10,兆豐-竹北,2024-11-20,7007
1776,展宇,10,0,10,兆豐-竹北,2024-11-20,7007
2431,聯昌,10,0,10,兆豐-竹北,2024-11-20,7007
2882,國泰金,10,0,10,兆豐-竹北,2024-11-20,7007
3122,笙泉,10,0,10,兆豐-竹北,2024-11-20,7007
3455,由田,10,0,10,兆豐-竹北,2024-11-20,7007
4739,康普,10,0,10,兆豐-竹北,2024-11-20,7007
5386,青雲,10,0,10,兆豐-竹北,2024-11-20,7007
2329,華泰,9,0,9,兆豐-竹北,2024-11-20,7007
2492,華新科,9,0,9,兆豐-竹北,2024-11-20,7007
2392,正崴,22,14,8,兆豐-竹北,2024-11-20,7007
3088,艾訊,11,3,8,兆豐-竹北,2024-11-20,7007
1795,美時,8,0,8,兆豐-竹北,2024-11-20,7007
2356,英業達,12,4,8,兆豐-竹北,2024-11-20,7007
00932,兆豐永續高息等權,11,3,8,兆豐-竹北,2024-11-20,7007
6143,振曜,299,62,237,兆豐-竹北,2024-11-21,7007
9105,泰金寶-DR,77,18,59,兆豐-竹北,2024-11-21,7007
2344,華邦電,50,0,50,兆豐-竹北,2024-11-21,7007
8249,菱光,56,13,43,兆豐-竹北,2024-11-21,7007
00915,凱基優選高股息30,42,0,42,兆豐-竹北,2024-11-21,7007
1720,生達,44,3,41,兆豐-竹北,2024-11-21,7007
2882A,國泰特,40,0,40,兆豐-竹北,2024-11-21,7007
2303,聯電,51,12,39,兆豐-竹北,2024-11-21,7007
5603,陸海,35,2,33,兆豐-竹北,2024-11-21,7007
9103,美德醫療-DR,30,0,30,兆豐-竹北,2024-11-21,7007
2890,永豐金,29,0,29,兆豐-竹北,2024-11-21,7007
1777,生泰,28,0,28,兆豐-竹北,2024-11-21,7007
2204,中華,45,23,22,兆豐-竹北,2024-11-21,7007
1471,首利,21,0,21,兆豐-竹北,2024-11-21,7007
2206,三陽工業,20,0,20,兆豐-竹北,2024-11-21,7007
2881B,富邦金乙特,20,0,20,兆豐-竹北,2024-11-21,7007
0056,元大高股息,19,1,18,兆豐-竹北,2024-11-21,7007
2317,鴻海,35,17,18,兆豐-竹北,2024-11-21,7007
00919,群益台灣精選高息,17,0,17,兆豐-竹北,2024-11-21,7007
2881,富邦金,28,13,15,兆豐-竹北,2024-11-21,7007
6649,台生材,15,0,15,兆豐-竹北,2024-11-21,7007
00918,大華優利高填息30,13,0,13,兆豐-竹北,2024-11-21,7007
3090,日電貿,16,3,13,兆豐-竹北,2024-11-21,7007
4956,光鋐,35,22,13,兆豐-竹北,2024-11-21,7007
006208,富邦台50,11,0,11,兆豐-竹北,2024-11-21,7007
00881,國泰台灣5G+,11,1,10,兆豐-竹北,2024-11-21,7007
00933B,國泰10Y+金融債,10,0,10,兆豐-竹北,2024-11-21,7007
2353,宏��,10,0,10,兆豐-竹北,2024-11-21,7007
2323,中環,12,2,10,兆豐-竹北,2024-11-21,7007
2332,友訊,32,22,10,兆豐-竹北,2024-11-21,7007
6116,彩晶,10,0,10,兆豐-竹北,2024-11-21,7007
00930,永豐ESG低碳高息,10,1,9,兆豐-竹北,2024-11-21,7007
2330,台積電,11,3,8,兆豐-竹北,2024-11-21,7007
00909,國泰數位支付服務,9,1,8,兆豐-竹北,2024-11-21,7007
1447,力鵬,8,0,8,兆豐-竹北,2024-11-21,7007
1540,喬福,13,5,8,兆豐-竹北,2024-11-21,7007
6451,訊芯-KY,13,5,8,兆豐-竹北,2024-11-21,7007
0050,元大台灣50,7,0,7,兆豐-竹北,2024-11-21,7007
00922,國泰台灣領袖50,7,0,7,兆豐-竹北,2024-11-21,7007
00637L,元大滬深300正2,12,5,7,兆豐-竹北,2024-11-21,7007
00675L,富邦臺灣加權正2,9,2,7,兆豐-竹北,2024-11-21,7007
5347,世界,7,0,7,兆豐-竹北,2024-11-21,7007
6282,康舒,8,1,7,兆豐-竹北,2024-11-21,7007
2027,大成鋼,6,0,6,兆豐-竹北,2024-11-21,7007
2338,光罩,6,0,6,兆豐-竹北,2024-11-21,7007
6530,創威,8,2,6,兆豐-竹北,2024-11-21,7007
00631L,元大台灣50正2,9,3,6,兆豐-竹北,2024-11-21,7007
00937B,群益ESG投等債20,9,4,5,兆豐-竹北,2024-11-21,7007
2449,京元電子,30,25,5,兆豐-竹北,2024-11-21,7007
00941,中信上游半導體,5,0,5,兆豐-竹北,2024-11-21,7007
6143,振曜,56,7,49,兆豐-竹北,2024-11-22,7007
3114,好德,42,0,42,兆豐-竹北,2024-11-22,7007
9105,泰金寶-DR,139,97,42,兆豐-竹北,2024-11-22,7007
2884,玉山金,43,1,42,兆豐-竹北,2024-11-22,7007
1802,台玻,90,51,39,兆豐-竹北,2024-11-22,7007
00878,國泰永續高股息,44,11,33,兆豐-竹北,2024-11-22,7007
2867,三商壽,33,0,33,兆豐-竹北,2024-11-22,7007
00882,中信中國高股息,51,20,31,兆豐-竹北,2024-11-22,7007
00931B,統一美債20年,30,0,30,兆豐-竹北,2024-11-22,7007
2303,聯電,34,7,27,兆豐-竹北,2024-11-22,7007
3706,神達,88,61,27,兆豐-竹北,2024-11-22,7007
00753L,中信中國50正2,23,0,23,兆豐-竹北,2024-11-22,7007
2356,英業達,32,11,21,兆豐-竹北,2024-11-22,7007
00638R,元大滬深300反1,20,0,20,兆豐-竹北,2024-11-22,7007
00637L,元大滬深300正2,25,5,20,兆豐-竹北,2024-11-22,7007
00915,凱基優選高股息30,15,0,15,兆豐-竹北,2024-11-22,7007
00651R,復華香港反1,15,0,15,兆豐-竹北,2024-11-22,7007
00650L,復華香港正2,15,0,15,兆豐-竹北,2024-11-22,7007
3149,正達,18,4,14,兆豐-竹北,2024-11-22,7007
2354,鴻準,29,16,13,兆豐-竹北,2024-11-22,7007
1582,信錦,12,0,12,兆豐-竹北,2024-11-22,7007
4956,光鋐,60,48,12,兆豐-竹北,2024-11-22,7007
3323,加百裕,22,11,11,兆豐-竹北,2024-11-22,7007
00919,群益台灣精選高息,13,2,11,兆豐-竹北,2024-11-22,7007
2646,星宇航空,11,0,11,兆豐-竹北,2024-11-22,7007
3090,日電貿,15,4,11,兆豐-竹北,2024-11-22,7007
6266,泰詠,10,0,10,兆豐-竹北,2024-11-22,7007
2414,精技,10,0,10,兆豐-竹北,2024-11-22,7007
00936,台新永續高息中小,10,0,10,兆豐-竹北,2024-11-22,7007
00933B,國泰10Y+金融債,10,0,10,兆豐-竹北,2024-11-22,7007
00960,野村全球航運龍頭,10,0,10,兆豐-竹北,2024-11-22,7007
2204,中華,59,49,10,兆豐-竹北,2024-11-22,7007
2495,普安,10,0,10,兆豐-竹北,2024-11-22,7007
2897,王道銀行,10,0,10,兆豐-竹北,2024-11-22,7007
3019,亞光,15,5,10,兆豐-竹北,2024-11-22,7007
3036,文曄,13,3,10,兆豐-竹北,2024-11-22,7007
4107,邦特,10,0,10,兆豐-竹北,2024-11-22,7007
5488,松普,10,0,10,兆豐-竹北,2024-11-22,7007
8131,福懋科,10,0,10,兆豐-竹北,2024-11-22,7007
8249,菱光,10,0,10,兆豐-竹北,2024-11-22,7007
1710,東聯,9,0,9,兆豐-竹北,2024-11-22,7007
1540,喬福,10,1,9,兆豐-竹北,2024-11-22,7007
2380,虹光,9,0,9,兆豐-竹北,2024-11-22,7007
3689,湧德,9,0,9,兆豐-竹北,2024-11-22,7007
0056,元大高股息,16,8,8,兆豐-竹北,2024-11-22,7007
6937,天虹,7,0,7,兆豐-竹北,2024-11-22,7007
00666R,富邦�琤肭磪齯�1,7,0,7,兆豐-竹北,2024-11-22,7007
1569,濱川,14,7,7,兆豐-竹北,2024-11-22,7007
2413,環科,7,0,7,兆豐-竹北,2024-11-22,7007
3447,展達,35,28,7,兆豐-竹北,2024-11-22,7007
6143,振曜,180,23,157,兆豐-竹北,2024-11-25,7007
2312,金寶,127,72,55,兆豐-竹北,2024-11-25,7007
2609,陽明,37,7,30,兆豐-竹北,2024-11-25,7007
2881B,富邦金乙特,30,0,30,兆豐-竹北,2024-11-25,7007
2882A,國泰特,30,0,30,兆豐-竹北,2024-11-25,7007
8096,擎亞,27,0,27,兆豐-竹北,2024-11-25,7007
00878,國泰永續高股息,37,11,26,兆豐-竹北,2024-11-25,7007
00930,永豐ESG低碳高息,26,0,26,兆豐-竹北,2024-11-25,7007
00919,群益台灣精選高息,32,6,26,兆豐-竹北,2024-11-25,7007
00882,中信中國高股息,25,0,25,兆豐-竹北,2024-11-25,7007
00887,永豐中國科技50大,24,0,24,兆豐-竹北,2024-11-25,7007
2105,正新,26,2,24,兆豐-竹北,2024-11-25,7007
2615,萬海,32,9,23,兆豐-竹北,2024-11-25,7007
0056,元大高股息,26,4,22,兆豐-竹北,2024-11-25,7007
3019,亞光,21,0,21,兆豐-竹北,2024-11-25,7007
00915,凱基優選高股息30,20,0,20,兆豐-竹北,2024-11-25,7007
00673R,期元大S＆P原油反1,20,0,20,兆豐-竹北,2024-11-25,7007
00953B,群益優選非投等債,28,10,18,兆豐-竹北,2024-11-25,7007
1447,力鵬,15,0,15,兆豐-竹北,2024-11-25,7007
2349,錸德,19,5,14,兆豐-竹北,2024-11-25,7007
5876,上海商銀,16,2,14,兆豐-竹北,2024-11-25,7007
1563,巧新,14,0,14,兆豐-竹北,2024-11-25,7007
1449,佳和,15,3,12,兆豐-竹北,2024-11-25,7007
6288,聯嘉,13,1,12,兆豐-竹北,2024-11-25,7007
1524,耿鼎,14,3,11,兆豐-竹北,2024-11-25,7007
00753L,中信中國50正2,11,0,11,兆豐-竹北,2024-11-25,7007
2371,大同,19,8,11,兆豐-竹北,2024-11-25,7007
4562,穎漢,22,11,11,兆豐-竹北,2024-11-25,7007
2449,京元電子,18,7,11,兆豐-竹北,2024-11-25,7007
00932,兆豐永續高息等權,10,0,10,兆豐-竹北,2024-11-25,7007
00634R,富邦上証反1,10,0,10,兆豐-竹北,2024-11-25,7007
0061,元大寶滬深,10,0,10,兆豐-竹北,2024-11-25,7007
00951,台新日本半導體,10,0,10,兆豐-竹北,2024-11-25,7007
4961,天鈺,10,0,10,兆豐-竹北,2024-11-25,7007
8021,尖點,10,0,10,兆豐-竹北,2024-11-25,7007
8076,伍豐,10,0,10,兆豐-竹北,2024-11-25,7007
1101,台泥,12,2,10,兆豐-竹北,2024-11-25,7007
0052,富邦科技,9,0,9,兆豐-竹北,2024-11-25,7007
4153,鈺緯,8,0,8,兆豐-竹北,2024-11-25,7007
4971,IET-KY,11,3,8,兆豐-竹北,2024-11-25,7007
00918,大華優利高填息30,9,2,7,兆豐-竹北,2024-11-25,7007
2723,美食-KY,7,0,7,兆豐-竹北,2024-11-25,7007
2834,臺企銀,7,0,7,兆豐-竹北,2024-11-25,7007
3032,偉訓,12,5,7,兆豐-竹北,2024-11-25,7007
4545,銘鈺,7,0,7,兆豐-竹北,2024-11-25,7007
8089,康全電訊,12,5,7,兆豐-竹北,2024-11-25,7007
00650L,復華香港正2,7,0,7,兆豐-竹北,2024-11-25,7007
4977,眾達-KY,12,6,6,兆豐-竹北,2024-11-25,7007
1301,台塑,6,0,6,兆豐-竹北,2024-11-25,7007
00637L,元大滬深300正2,1505,1499,6,兆豐-竹北,2024-11-25,7007
2890,永豐金,100,0,100,兆豐-竹北,2024-11-26,7007
2881B,富邦金乙特,60,0,60,兆豐-竹北,2024-11-26,7007
2882B,國泰金乙特,50,0,50,兆豐-竹北,2024-11-26,7007
6962,ITH-KY,77,31,46,兆豐-竹北,2024-11-26,7007
8096,擎亞,50,5,45,兆豐-竹北,2024-11-26,7007
2317,鴻海,60,16,44,兆豐-竹北,2024-11-26,7007
00753L,中信中國50正2,40,1,39,兆豐-竹北,2024-11-26,7007
00637L,元大滬深300正2,50,12,38,兆豐-竹北,2024-11-26,7007
6901,鑽石投資,31,0,31,兆豐-竹北,2024-11-26,7007
2312,金寶,45,15,30,兆豐-竹北,2024-11-26,7007
1720,生達,30,0,30,兆豐-竹北,2024-11-26,7007
00878,國泰永續高股息,28,4,24,兆豐-竹北,2024-11-26,7007
2426,鼎元,21,0,21,兆豐-竹北,2024-11-26,7007
6118,建達,28,7,21,兆豐-竹北,2024-11-26,7007
1449,佳和,44,24,20,兆豐-竹北,2024-11-26,7007
3323,加百裕,53,33,20,兆豐-竹北,2024-11-26,7007
1432,大魯閣,21,5,16,兆豐-竹北,2024-11-26,7007
2611,志信,16,0,16,兆豐-竹北,2024-11-26,7007
2888,新光金,16,0,16,兆豐-竹北,2024-11-26,7007
6197,佳必琪,15,0,15,兆豐-竹北,2024-11-26,7007
00907,永豐優息存股,15,0,15,兆豐-竹北,2024-11-26,7007
2455,全新,22,7,15,兆豐-竹北,2024-11-26,7007
2344,華邦電,14,1,13,兆豐-竹北,2024-11-26,7007
2883,凱基金,13,0,13,兆豐-竹北,2024-11-26,7007
2887,台新金,13,0,13,兆豐-竹北,2024-11-26,7007
5009,榮剛,13,0,13,兆豐-竹北,2024-11-26,7007
006208,富邦台50,14,2,12,兆豐-竹北,2024-11-26,7007
00953B,群益優選非投等債,11,0,11,兆豐-竹北,2024-11-26,7007
00650L,復華香港正2,11,0,11,兆豐-竹北,2024-11-26,7007
3706,神達,21,10,11,兆豐-竹北,2024-11-26,7007
2330,台積電,11,1,10,兆豐-竹北,2024-11-26,7007
00882,中信中國高股息,10,0,10,兆豐-竹北,2024-11-26,7007
1504,東元,10,0,10,兆豐-竹北,2024-11-26,7007
1718,中纖,10,0,10,兆豐-竹北,2024-11-26,7007
2348,海悅,10,0,10,兆豐-竹北,2024-11-26,7007
2891B,中信金乙特,10,0,10,兆豐-竹北,2024-11-26,7007
5302,太欣,10,0,10,兆豐-竹北,2024-11-26,7007
5905,南仁湖,10,0,10,兆豐-竹北,2024-11-26,7007
6558,興能高,18,9,9,兆豐-竹北,2024-11-26,7007
3037,欣興,14,5,9,兆豐-竹北,2024-11-26,7007
5512,力麒,8,0,8,兆豐-竹北,2024-11-26,7007
00713,元大台灣高息低波,7,0,7,兆豐-竹北,2024-11-26,7007
0056,元大高股息,9,2,7,兆豐-竹北,2024-11-26,7007
2492,華新科,7,0,7,兆豐-竹北,2024-11-26,7007
00881,國泰台灣5G+,7,0,7,兆豐-竹北,2024-11-26,7007
00919,群益台灣精選高息,19,12,7,兆豐-竹北,2024-11-26,7007
00905,FT臺灣Smart,7,0,7,兆豐-竹北,2024-11-26,7007
1528,恩德,33,26,7,兆豐-竹北,2024-11-26,7007
1815,富喬,69,62,7,兆豐-竹北,2024-11-26,7007
6133,金橋,7,0,7,兆豐-竹北,2024-11-26,7007
00878,國泰永續高股息,219,0,219,兆豐-竹北,2024-11-27,7007
00676R,富邦臺灣加權反1,180,0,180,兆豐-竹北,2024-11-27,7007
6143,振曜,101,0,101,兆豐-竹北,2024-11-27,7007
00919,群益台灣精選高息,110,20,90,兆豐-竹北,2024-11-27,7007
0056,元大高股息,84,0,84,兆豐-竹北,2024-11-27,7007
2882B,國泰金乙特,82,0,82,兆豐-竹北,2024-11-27,7007
00918,大華優利高填息30,67,0,67,兆豐-竹北,2024-11-27,7007
00922,國泰台灣領袖50,66,0,66,兆豐-竹北,2024-11-27,7007
2204,中華,92,27,65,兆豐-竹北,2024-11-27,7007
2891B,中信金乙特,56,0,56,兆豐-竹北,2024-11-27,7007
3303,岱稜,46,0,46,兆豐-竹北,2024-11-27,7007
3481,群創,39,6,33,兆豐-竹北,2024-11-27,7007
00953B,群益優選非投等債,31,0,31,兆豐-竹北,2024-11-27,7007
1605,華新,30,0,30,兆豐-竹北,2024-11-27,7007
2615,萬海,37,7,30,兆豐-竹北,2024-11-27,7007
00929,復華台灣科技優息,30,1,29,兆豐-竹北,2024-11-27,7007
3211,順達,34,5,29,兆豐-竹北,2024-11-27,7007
3323,加百裕,47,18,29,兆豐-竹北,2024-11-27,7007
4526,東台,43,15,28,兆豐-竹北,2024-11-27,7007
00923,群益台ESG低碳50,26,0,26,兆豐-竹北,2024-11-27,7007
00687B,國泰20年美債,32,7,25,兆豐-竹北,2024-11-27,7007
2498,宏達電,22,0,22,兆豐-竹北,2024-11-27,7007
2312,金寶,45,24,21,兆豐-竹北,2024-11-27,7007
2330,台積電,45,24,21,兆豐-竹北,2024-11-27,7007
006208,富邦台50,21,0,21,兆豐-竹北,2024-11-27,7007
2881,富邦金,30,10,20,兆豐-竹北,2024-11-27,7007
3380,明泰,20,0,20,兆豐-竹北,2024-11-27,7007
1815,富喬,107,88,19,兆豐-竹北,2024-11-27,7007
00930,永豐ESG低碳高息,18,0,18,兆豐-竹北,2024-11-27,7007
5009,榮剛,31,13,18,兆豐-竹北,2024-11-27,7007
2344,華邦電,18,1,17,兆豐-竹北,2024-11-27,7007
00690,兆豐藍籌30,16,0,16,兆豐-竹北,2024-11-27,7007
2323,中環,17,1,16,兆豐-竹北,2024-11-27,7007
3230,錦明,19,3,16,兆豐-竹北,2024-11-27,7007
00692,富邦公司治理,16,0,16,兆豐-竹北,2024-11-27,7007
00915,凱基優選高股息30,15,0,15,兆豐-竹北,2024-11-27,7007
2881B,富邦金乙特,15,0,15,兆豐-竹北,2024-11-27,7007
3689,湧德,16,2,14,兆豐-竹北,2024-11-27,7007
6895,宏碩系統,13,0,13,兆豐-竹北,2024-11-27,7007
2365,昆盈,14,1,13,兆豐-竹北,2024-11-27,7007
2409,友達,11,0,11,兆豐-竹北,2024-11-27,7007
2417,圓剛,11,0,11,兆豐-竹北,2024-11-27,7007
4961,天鈺,11,0,11,兆豐-竹北,2024-11-27,7007
2354,鴻準,11,0,11,兆豐-竹北,2024-11-27,7007
6962,ITH-KY,11,0,11,兆豐-竹北,2024-11-27,7007
3019,亞光,11,1,10,兆豐-竹北,2024-11-27,7007
1201,味全,10,0,10,兆豐-竹北,2024-11-27,7007
1714,和桐,10,0,10,兆豐-竹北,2024-11-27,7007
2495,普安,10,0,10,兆豐-竹北,2024-11-27,7007
3360,尚立,10,0,10,兆豐-竹北,2024-11-27,7007
00632R,元大台灣50反1,170,0,170,兆豐-竹北,2024-11-28,7007
3231,緯創,254,116,138,兆豐-竹北,2024-11-28,7007
00919,群益台灣精選高息,142,24,118,兆豐-竹北,2024-11-28,7007
00878,國泰永續高股息,111,4,107,兆豐-竹北,2024-11-28,7007
0056,元大高股息,59,0,59,兆豐-竹北,2024-11-28,7007
1815,富喬,142,108,34,兆豐-竹北,2024-11-28,7007
3712,永崴投控,36,2,34,兆豐-竹北,2024-11-28,7007
6962,ITH-KY,33,0,33,兆豐-竹北,2024-11-28,7007
1776,展宇,30,0,30,兆豐-竹北,2024-11-28,7007
2314,台揚,29,0,29,兆豐-竹北,2024-11-28,7007
00918,大華優利高填息30,34,8,26,兆豐-竹北,2024-11-28,7007
00670L,富邦NASDAQ正2,25,0,25,兆豐-竹北,2024-11-28,7007
00929,復華台灣科技優息,42,20,22,兆豐-竹北,2024-11-28,7007
00953B,群益優選非投等債,20,0,20,兆豐-竹北,2024-11-28,7007
1402,遠東新,20,0,20,兆豐-竹北,2024-11-28,7007
3419,譁裕,20,0,20,兆豐-竹北,2024-11-28,7007
2615,萬海,22,3,19,兆豐-竹北,2024-11-28,7007
5512,力麒,19,0,19,兆豐-竹北,2024-11-28,7007
2317,鴻海,35,20,15,兆豐-竹北,2024-11-28,7007
6895,宏碩系統,14,0,14,兆豐-竹北,2024-11-28,7007
6223,旺矽,17,4,13,兆豐-竹北,2024-11-28,7007
2332,友訊,16,3,13,兆豐-竹北,2024-11-28,7007
2492,華新科,13,0,13,兆豐-竹北,2024-11-28,7007
5371,中光電,24,11,13,兆豐-竹北,2024-11-28,7007
6139,亞翔,18,5,13,兆豐-竹北,2024-11-28,7007
2204,中華,52,40,12,兆豐-竹北,2024-11-28,7007
3211,順達,18,6,12,兆豐-竹北,2024-11-28,7007
2834,臺企銀,11,0,11,兆豐-竹北,2024-11-28,7007
00930,永豐ESG低碳高息,11,0,11,兆豐-竹北,2024-11-28,7007
2323,中環,13,2,11,兆豐-竹北,2024-11-28,7007
3032,偉訓,24,13,11,兆豐-竹北,2024-11-28,7007
2301,光寶科,14,3,11,兆豐-竹北,2024-11-28,7007
00715L,期街口布蘭特正2,10,0,10,兆豐-竹北,2024-11-28,7007
00665L,富邦�琤肭磪囓�2,12,2,10,兆豐-竹北,2024-11-28,7007
00637L,元大滬深300正2,15,5,10,兆豐-竹北,2024-11-28,7007
1605,華新,16,6,10,兆豐-竹北,2024-11-28,7007
2206,三陽工業,10,0,10,兆豐-竹北,2024-11-28,7007
3715,定穎投控,10,0,10,兆豐-竹北,2024-11-28,7007
4956,光鋐,37,27,10,兆豐-竹北,2024-11-28,7007
5347,世界,12,2,10,兆豐-竹北,2024-11-28,7007
5603,陸海,10,0,10,兆豐-竹北,2024-11-28,7007
2354,鴻準,31,21,10,兆豐-竹北,2024-11-28,7007
2603,長榮,9,0,9,兆豐-竹北,2024-11-28,7007
2330,台積電,20,11,9,兆豐-竹北,2024-11-28,7007
1536,和大,17,8,9,兆豐-竹北,2024-11-28,7007
2881B,富邦金乙特,9,0,9,兆豐-竹北,2024-11-28,7007
4971,IET-KY,14,5,9,兆豐-竹北,2024-11-28,7007
006208,富邦台50,8,0,8,兆豐-竹北,2024-11-28,7007
2408,南亞科,8,0,8,兆豐-竹北,2024-11-28,7007
2392,正崴,24,16,8,兆豐-竹北,2024-11-28,7007
00632R,元大台灣50反1,304,0,304,兆豐-竹北,2024-11-29,7007
2892,第一金,208,0,208,兆豐-竹北,2024-11-29,7007
00687B,國泰20年美債,131,38,93,兆豐-竹北,2024-11-29,7007
5371,中光電,61,2,59,兆豐-竹北,2024-11-29,7007
4979,華星光,47,9,38,兆豐-竹北,2024-11-29,7007
00919,群益台灣精選高息,37,0,37,兆豐-竹北,2024-11-29,7007
2881B,富邦金乙特,34,0,34,兆豐-竹北,2024-11-29,7007
6415,矽力*-KY,34,0,34,兆豐-竹北,2024-11-29,7007
2498,宏達電,32,1,31,兆豐-竹北,2024-11-29,7007
5302,太欣,29,0,29,兆豐-竹北,2024-11-29,7007
2887,台新金,27,5,22,兆豐-竹北,2024-11-29,7007
5871,中租-KY,20,0,20,兆豐-竹北,2024-11-29,7007
00881,國泰台灣5G+,17,0,17,兆豐-竹北,2024-11-29,7007
1528,恩德,28,11,17,兆豐-竹北,2024-11-29,7007
3303,岱稜,15,0,15,兆豐-竹北,2024-11-29,7007
6139,亞翔,17,2,15,兆豐-竹北,2024-11-29,7007
3019,亞光,15,1,14,兆豐-竹北,2024-11-29,7007
006208,富邦台50,14,1,13,兆豐-竹北,2024-11-29,7007
2330,台積電,15,2,13,兆豐-竹北,2024-11-29,7007
00929,復華台灣科技優息,63,51,12,兆豐-竹北,2024-11-29,7007
2344,華邦電,13,1,12,兆豐-竹北,2024-11-29,7007
6530,創威,18,6,12,兆豐-竹北,2024-11-29,7007
2884,玉山金,12,0,12,兆豐-竹北,2024-11-29,7007
00918,大華優利高填息30,11,0,11,兆豐-竹北,2024-11-29,7007
3615,安可,11,0,11,兆豐-竹北,2024-11-29,7007
8240,華宏,14,3,11,兆豐-竹北,2024-11-29,7007
3013,晟銘電,27,17,10,兆豐-竹北,2024-11-29,7007
2392,正崴,23,13,10,兆豐-竹北,2024-11-29,7007
00752,中信中國50,10,0,10,兆豐-竹北,2024-11-29,7007
3712,永崴投控,10,0,10,兆豐-竹北,2024-11-29,7007
6257,矽格,10,0,10,兆豐-竹北,2024-11-29,7007
2634,漢翔,10,1,9,兆豐-竹北,2024-11-29,7007
6187,萬潤,9,0,9,兆豐-竹北,2024-11-29,7007
3706,神達,49,40,9,兆豐-竹北,2024-11-29,7007
2615,萬海,9,1,8,兆豐-竹北,2024-11-29,7007
1304,台聚,8,0,8,兆豐-竹北,2024-11-29,7007
2882,國泰金,28,20,8,兆豐-竹北,2024-11-29,7007
2204,中華,40,33,7,兆豐-竹北,2024-11-29,7007
8163,達方,8,1,7,兆豐-竹北,2024-11-29,7007
1605,華新,12,6,6,兆豐-竹北,2024-11-29,7007
2382,廣達,8,2,6,兆豐-竹北,2024-11-29,7007
00680L,元大美債20正2,6,0,6,兆豐-竹北,2024-11-29,7007
5244,弘凱,10,4,6,兆豐-竹北,2024-11-29,7007
6143,振曜,7,1,6,兆豐-竹北,2024-11-29,7007
00915,凱基優選高股息30,5,0,5,兆豐-竹北,2024-11-29,7007
8046,南電,5,0,5,兆豐-竹北,2024-11-29,7007
00722B,群益投資級電信債,5,0,5,兆豐-竹北,2024-11-29,7007
00940,元大台灣價值高息,67,62,5,兆豐-竹北,2024-11-29,7007
00939,統一台灣高息動能,5,0,5,兆豐-竹北,2024-11-29,7007
1714,和桐,5,0,5,兆豐-竹北,2024-11-29,7007
2881B,富邦金乙特,60,0,60,兆豐-竹北,2024-12-02,7007
00632R,元大台灣50反1,354,304,50,兆豐-竹北,2024-12-02,7007
1752,南光,50,0,50,兆豐-竹北,2024-12-02,7007
2882A,國泰特,50,0,50,兆豐-竹北,2024-12-02,7007
2353,宏��,40,3,37,兆豐-竹北,2024-12-02,7007
1815,富喬,61,25,36,兆豐-竹北,2024-12-02,7007
2882B,國泰金乙特,35,0,35,兆豐-竹北,2024-12-02,7007
3689,湧德,40,5,35,兆豐-竹北,2024-12-02,7007
3030,德律,31,0,31,兆豐-竹北,2024-12-02,7007
1776,展宇,30,0,30,兆豐-竹北,2024-12-02,7007
6609,瀧澤科,23,0,23,兆豐-竹北,2024-12-02,7007
2615,萬海,67,47,20,兆豐-竹北,2024-12-02,7007
6962,ITH-KY,20,0,20,兆豐-竹北,2024-12-02,7007
00670L,富邦NASDAQ正2,15,0,15,兆豐-竹北,2024-12-02,7007
5388,中磊,14,0,14,兆豐-竹北,2024-12-02,7007
1540,喬福,18,5,13,兆豐-竹北,2024-12-02,7007
8091,翔名,13,0,13,兆豐-竹北,2024-12-02,7007
1605,華新,18,7,11,兆豐-竹北,2024-12-02,7007
2313,華通,11,0,11,兆豐-竹北,2024-12-02,7007
4945,陞達科技,11,0,11,兆豐-竹北,2024-12-02,7007
2106,建大,10,0,10,兆豐-竹北,2024-12-02,7007
2630,亞航,10,0,10,兆豐-竹北,2024-12-02,7007
4306,炎洲,11,1,10,兆豐-竹北,2024-12-02,7007
3019,亞光,10,1,9,兆豐-竹北,2024-12-02,7007
4726,永昕,10,1,9,兆豐-竹北,2024-12-02,7007
5880,合庫金,9,0,9,兆豐-竹北,2024-12-02,7007
9927,泰銘,9,0,9,兆豐-竹北,2024-12-02,7007
1314,中石化,8,0,8,兆豐-竹北,2024-12-02,7007
1336,台翰,8,0,8,兆豐-竹北,2024-12-02,7007
1447,力鵬,8,0,8,兆豐-竹北,2024-12-02,7007
1569,濱川,12,4,8,兆豐-竹北,2024-12-02,7007
2419,仲琦,26,18,8,兆豐-竹北,2024-12-02,7007
3032,偉訓,13,5,8,兆豐-竹北,2024-12-02,7007
3033,威健,10,2,8,兆豐-竹北,2024-12-02,7007
3234,光環,11,3,8,兆豐-竹北,2024-12-02,7007
8028,昇陽半導體,12,4,8,兆豐-竹北,2024-12-02,7007
2014,中鴻,7,0,7,兆豐-竹北,2024-12-02,7007
2337,旺宏,7,0,7,兆豐-竹北,2024-12-02,7007
3048,益登,8,1,7,兆豐-竹北,2024-12-02,7007
5244,弘凱,22,15,7,兆豐-竹北,2024-12-02,7007
2002,中鋼,6,0,6,兆豐-竹北,2024-12-02,7007
3013,晟銘電,9,3,6,兆豐-竹北,2024-12-02,7007
6446,藥華藥,10,4,6,兆豐-竹北,2024-12-02,7007
1560,中砂,6,0,6,兆豐-竹北,2024-12-02,7007
00918,大華優利高填息30,6,0,6,兆豐-竹北,2024-12-02,7007
2820,華票,6,0,6,兆豐-竹北,2024-12-02,7007
3706,神達,30,24,6,兆豐-竹北,2024-12-02,7007
8249,菱光,6,0,6,兆豐-竹北,2024-12-02,7007
2317,鴻海,12,7,5,兆豐-竹北,2024-12-02,7007
2891,中信金,22,17,5,兆豐-竹北,2024-12-02,7007
00919,群益台灣精選高息,374,8,366,兆豐-竹北,2024-12-03,7007
00918,大華優利高填息30,121,0,121,兆豐-竹北,2024-12-03,7007
2882B,國泰金乙特,97,0,97,兆豐-竹北,2024-12-03,7007
00687B,國泰20年美債,127,44,83,兆豐-竹北,2024-12-03,7007
2891B,中信金乙特,70,0,70,兆豐-竹北,2024-12-03,7007
3058,立德,50,0,50,兆豐-竹北,2024-12-03,7007
00959B,大華投等美債15Y+,45,0,45,兆豐-竹北,2024-12-03,7007
2845,遠東銀,32,1,31,兆豐-竹北,2024-12-03,7007
9105,泰金寶-DR,47,16,31,兆豐-竹北,2024-12-03,7007
8096,擎亞,26,0,26,兆豐-竹北,2024-12-03,7007
3037,欣興,23,0,23,兆豐-竹北,2024-12-03,7007
1528,恩德,19,0,19,兆豐-竹北,2024-12-03,7007
00915,凱基優選高股息30,12,0,12,兆豐-竹北,2024-12-03,7007
2303,聯電,17,5,12,兆豐-竹北,2024-12-03,7007
8429,金麗-KY,14,2,12,兆豐-竹北,2024-12-03,7007
0052,富邦科技,11,0,11,兆豐-竹北,2024-12-03,7007
1569,濱川,14,3,11,兆豐-竹北,2024-12-03,7007
2520,冠德,11,0,11,兆豐-竹北,2024-12-03,7007
2891,中信金,13,2,11,兆豐-竹北,2024-12-03,7007
2344,華邦電,10,0,10,兆豐-竹北,2024-12-03,7007
4977,眾達-KY,23,13,10,兆豐-竹北,2024-12-03,7007
00909,國泰數位支付服務,10,0,10,兆豐-竹北,2024-12-03,7007
00927,群益半導體收益,10,0,10,兆豐-竹北,2024-12-03,7007
1338,廣華-KY,10,0,10,兆豐-竹北,2024-12-03,7007
1815,富喬,65,55,10,兆豐-竹北,2024-12-03,7007
2349,錸德,11,1,10,兆豐-竹北,2024-12-03,7007
2820,華票,10,0,10,兆豐-竹北,2024-12-03,7007
3664,安瑞-KY,10,0,10,兆豐-竹北,2024-12-03,7007
3712,永崴投控,10,0,10,兆豐-竹北,2024-12-03,7007
4153,鈺緯,10,0,10,兆豐-竹北,2024-12-03,7007
6175,立敦,11,1,10,兆豐-竹北,2024-12-03,7007
2455,全新,10,0,10,兆豐-竹北,2024-12-03,7007
2330,台積電,26,17,9,兆豐-竹北,2024-12-03,7007
2385,群光,9,0,9,兆豐-竹北,2024-12-03,7007
00753L,中信中國50正2,10,1,9,兆豐-竹北,2024-12-03,7007
006208,富邦台50,11,2,9,兆豐-竹北,2024-12-03,7007
2885,元大金,10,1,9,兆豐-竹北,2024-12-03,7007
00887,永豐中國科技50大,10,2,8,兆豐-竹北,2024-12-03,7007
2324,仁寶,9,1,8,兆豐-竹北,2024-12-03,7007
1605,華新,7,0,7,兆豐-竹北,2024-12-03,7007
2312,金寶,22,15,7,兆豐-竹北,2024-12-03,7007
8028,昇陽半導體,10,3,7,兆豐-竹北,2024-12-03,7007
4931,新盛力,13,6,7,兆豐-竹北,2024-12-03,7007
5465,富驊,11,4,7,兆豐-竹北,2024-12-03,7007
2317,鴻海,17,10,7,兆豐-竹北,2024-12-03,7007
2374,佳能,7,1,6,兆豐-竹北,2024-12-03,7007
2812,台中銀,6,0,6,兆豐-竹北,2024-12-03,7007
3455,由田,6,0,6,兆豐-竹北,2024-12-03,7007
4510,高鋒,9,3,6,兆豐-竹北,2024-12-03,7007
4991,環宇-KY,15,9,6,兆豐-竹北,2024-12-03,7007
00919,群益台灣精選高息,432,185,247,兆豐-竹北,2024-12-04,7007
2344,華邦電,83,15,68,兆豐-竹北,2024-12-04,7007
2610,華航,67,19,48,兆豐-竹北,2024-12-04,7007
3032,偉訓,50,7,43,兆豐-竹北,2024-12-04,7007
00687B,國泰20年美債,78,40,38,兆豐-竹北,2024-12-04,7007
5309,系統電,68,33,35,兆豐-竹北,2024-12-04,7007
3037,欣興,33,1,32,兆豐-竹北,2024-12-04,7007
2891,中信金,36,6,30,兆豐-竹北,2024-12-04,7007
6155,鈞寶,30,0,30,兆豐-竹北,2024-12-04,7007
00918,大華優利高填息30,27,0,27,兆豐-竹北,2024-12-04,7007
00679B,元大美債20年,28,1,27,兆豐-竹北,2024-12-04,7007
1722,台肥,25,0,25,兆豐-竹北,2024-12-04,7007
2888B,新光金乙特,25,0,25,兆豐-竹北,2024-12-04,7007
1605,華新,24,1,23,兆豐-竹北,2024-12-04,7007
5371,中光電,28,5,23,兆豐-竹北,2024-12-04,7007
3231,緯創,77,55,22,兆豐-竹北,2024-12-04,7007
2426,鼎元,24,2,22,兆豐-竹北,2024-12-04,7007
00959B,大華投等美債15Y+,20,0,20,兆豐-竹北,2024-12-04,7007
00665L,富邦�琤肭磪囓�2,20,0,20,兆豐-竹北,2024-12-04,7007
2882B,國泰金乙特,20,0,20,兆豐-竹北,2024-12-04,7007
8111,立��,22,3,19,兆豐-竹北,2024-12-04,7007
006208,富邦台50,21,4,17,兆豐-竹北,2024-12-04,7007
1752,南光,16,0,16,兆豐-竹北,2024-12-04,7007
4153,鈺緯,15,0,15,兆豐-竹北,2024-12-04,7007
4903,聯光通,31,16,15,兆豐-竹北,2024-12-04,7007
2204,中華,13,0,13,兆豐-竹北,2024-12-04,7007
2303,聯電,17,5,12,兆豐-竹北,2024-12-04,7007
6649,台生材,13,1,12,兆豐-竹北,2024-12-04,7007
4967,十銓,11,0,11,兆豐-竹北,2024-12-04,7007
6451,訊芯-KY,17,6,11,兆豐-竹北,2024-12-04,7007
3706,神達,84,73,11,兆豐-竹北,2024-12-04,7007
00637L,元大滬深300正2,10,0,10,兆豐-竹北,2024-12-04,7007
00931B,統一美債20年,10,0,10,兆豐-竹北,2024-12-04,7007
2405,輔信,20,10,10,兆豐-竹北,2024-12-04,7007
2881B,富邦金乙特,10,0,10,兆豐-竹北,2024-12-04,7007
3303,岱稜,10,0,10,兆豐-竹北,2024-12-04,7007
0056,元大高股息,11,1,10,兆豐-竹北,2024-12-04,7007
1326,台化,9,0,9,兆豐-竹北,2024-12-04,7007
3167,大量,12,3,9,兆豐-竹北,2024-12-04,7007
5244,弘凱,39,30,9,兆豐-竹北,2024-12-04,7007
00933B,國泰10Y+金融債,8,0,8,兆豐-竹北,2024-12-04,7007
1714,和桐,8,0,8,兆豐-竹北,2024-12-04,7007
2646,星宇航空,8,0,8,兆豐-竹北,2024-12-04,7007
2882A,國泰特,8,0,8,兆豐-竹北,2024-12-04,7007
3483,力致,9,1,8,兆豐-竹北,2024-12-04,7007
8176,智捷,11,3,8,兆豐-竹北,2024-12-04,7007
6138,茂達,10,2,8,兆豐-竹北,2024-12-04,7007
6143,振曜,7,0,7,兆豐-竹北,2024-12-04,7007
8299,群聯,10,3,7,兆豐-竹北,2024-12-04,7007
2609,陽明,7,0,7,兆豐-竹北,2024-12-04,7007
00909,國泰數位支付服務,67,4,63,兆豐-竹北,2024-12-05,7007
00713,元大台灣高息低波,51,1,50,兆豐-竹北,2024-12-05,7007
2881B,富邦金乙特,50,0,50,兆豐-竹北,2024-12-05,7007
2882B,國泰金乙特,50,0,50,兆豐-竹北,2024-12-05,7007
2883,凱基金,51,1,50,兆豐-竹北,2024-12-05,7007
00918,大華優利高填息30,46,0,46,兆豐-竹北,2024-12-05,7007
3323,加百裕,63,24,39,兆豐-竹北,2024-12-05,7007
2312,金寶,62,26,36,兆豐-竹北,2024-12-05,7007
00919,群益台灣精選高息,63,29,34,兆豐-竹北,2024-12-05,7007
1815,富喬,149,117,32,兆豐-竹北,2024-12-05,7007
0056,元大高股息,30,0,30,兆豐-竹北,2024-12-05,7007
3481,群創,29,0,29,兆豐-竹北,2024-12-05,7007
6451,訊芯-KY,34,6,28,兆豐-竹北,2024-12-05,7007
2317,鴻海,37,10,27,兆豐-竹北,2024-12-05,7007
3032,偉訓,30,4,26,兆豐-竹北,2024-12-05,7007
2888B,新光金乙特,25,0,25,兆豐-竹北,2024-12-05,7007
00895,富邦未來車,23,0,23,兆豐-竹北,2024-12-05,7007
2332,友訊,23,0,23,兆豐-竹北,2024-12-05,7007
00753L,中信中國50正2,22,0,22,兆豐-竹北,2024-12-05,7007
3303,岱稜,21,0,21,兆豐-竹北,2024-12-05,7007
3041,揚智,25,4,21,兆豐-竹北,2024-12-05,7007
2834,臺企銀,20,0,20,兆豐-竹北,2024-12-05,7007
00878,國泰永續高股息,20,0,20,兆豐-竹北,2024-12-05,7007
00935,野村臺灣新科技50,20,1,19,兆豐-竹北,2024-12-05,7007
1524,耿鼎,22,3,19,兆豐-竹北,2024-12-05,7007
2303,聯電,19,2,17,兆豐-竹北,2024-12-05,7007
00953B,群益優選非投等債,17,0,17,兆豐-竹北,2024-12-05,7007
1809,中釉,17,1,16,兆豐-竹北,2024-12-05,7007
00715L,期街口布蘭特正2,14,0,14,兆豐-竹北,2024-12-05,7007
2392,正崴,41,28,13,兆豐-竹北,2024-12-05,7007
2204,中華,27,14,13,兆豐-竹北,2024-12-05,7007
4153,鈺緯,13,0,13,兆豐-竹北,2024-12-05,7007
4945,陞達科技,12,0,12,兆豐-竹北,2024-12-05,7007
00637L,元大滬深300正2,12,0,12,兆豐-竹北,2024-12-05,7007
2002,中鋼,12,0,12,兆豐-竹北,2024-12-05,7007
3024,憶聲,12,0,12,兆豐-竹北,2024-12-05,7007
3622,洋華,12,0,12,兆豐-竹北,2024-12-05,7007
3712,永崴投控,12,0,12,兆豐-竹北,2024-12-05,7007
3211,順達,26,15,11,兆豐-竹北,2024-12-05,7007
5244,弘凱,24,13,11,兆豐-竹北,2024-12-05,7007
9105,泰金寶-DR,20,10,10,兆豐-竹北,2024-12-05,7007
1513,中興電,10,0,10,兆豐-竹北,2024-12-05,7007
00921,兆豐龍頭等權重,10,0,10,兆豐-竹北,2024-12-05,7007
2369,菱生,10,0,10,兆豐-竹北,2024-12-05,7007
2493,揚博,10,0,10,兆豐-竹北,2024-12-05,7007
4726,永昕,10,0,10,兆豐-竹北,2024-12-05,7007
5202,力新,10,0,10,兆豐-竹北,2024-12-05,7007
5222,全訊,10,0,10,兆豐-竹北,2024-12-05,7007
8038,長園科,10,0,10,兆豐-竹北,2024-12-05,7007
2363,矽統,15,5,10,兆豐-竹北,2024-12-05,7007
00919,群益台灣精選高息,152,27,125,兆豐-竹北,2024-12-06,7007
3025,星通,79,0,79,兆豐-竹北,2024-12-06,7007
2337,旺宏,71,19,52,兆豐-竹北,2024-12-06,7007
2881B,富邦金乙特,50,0,50,兆豐-竹北,2024-12-06,7007
2882B,國泰金乙特,50,0,50,兆豐-竹北,2024-12-06,7007
5864,致和證,50,0,50,兆豐-竹北,2024-12-06,7007
00950B,凱基A級公司債,40,0,40,兆豐-竹北,2024-12-06,7007
2886,兆豐金,65,26,39,兆豐-竹北,2024-12-06,7007
2882A,國泰特,35,0,35,兆豐-竹北,2024-12-06,7007
2354,鴻準,83,49,34,兆豐-竹北,2024-12-06,7007
00650L,復華香港正2,30,0,30,兆豐-竹北,2024-12-06,7007
00953B,群益優選非投等債,30,0,30,兆豐-竹北,2024-12-06,7007
6143,振曜,35,8,27,兆豐-竹北,2024-12-06,7007
4128,中天,27,0,27,兆豐-竹北,2024-12-06,7007
8039,台虹,27,0,27,兆豐-竹北,2024-12-06,7007
1524,耿鼎,35,10,25,兆豐-竹北,2024-12-06,7007
00918,大華優利高填息30,23,0,23,兆豐-竹北,2024-12-06,7007
00642U,期元大S＆P石油,23,0,23,兆豐-竹北,2024-12-06,7007
3323,加百裕,29,6,23,兆豐-竹北,2024-12-06,7007
00885,富邦越南,22,2,20,兆豐-竹北,2024-12-06,7007
2402,毅嘉,20,0,20,兆豐-竹北,2024-12-06,7007
2493,揚博,28,11,17,兆豐-竹北,2024-12-06,7007
1815,富喬,32,16,16,兆豐-竹北,2024-12-06,7007
3689,湧德,15,0,15,兆豐-竹北,2024-12-06,7007
2312,金寶,18,4,14,兆豐-竹北,2024-12-06,7007
00715L,期街口布蘭特正2,12,0,12,兆豐-竹北,2024-12-06,7007
1785,光洋科,48,36,12,兆豐-竹北,2024-12-06,7007
2472,立隆電,15,3,12,兆豐-竹北,2024-12-06,7007
2615,萬海,52,40,12,兆豐-竹北,2024-12-06,7007
6140,訊達,12,0,12,兆豐-竹北,2024-12-06,7007
3003,健和興,12,1,11,兆豐-竹北,2024-12-06,7007
2882,國泰金,11,0,11,兆豐-竹北,2024-12-06,7007
6548,長科*,11,0,11,兆豐-竹北,2024-12-06,7007
8101,華冠,11,0,11,兆豐-竹北,2024-12-06,7007
00930,永豐ESG低碳高息,10,0,10,兆豐-竹北,2024-12-06,7007
2365,昆盈,10,0,10,兆豐-竹北,2024-12-06,7007
2888B,新光金乙特,10,0,10,兆豐-竹北,2024-12-06,7007
3303,岱稜,10,0,10,兆豐-竹北,2024-12-06,7007
3499,環天科,10,0,10,兆豐-竹北,2024-12-06,7007
4945,陞達科技,10,0,10,兆豐-竹北,2024-12-06,7007
4967,十銓,10,0,10,兆豐-竹北,2024-12-06,7007
6016,康和證,10,0,10,兆豐-竹北,2024-12-06,7007
6693,廣閎科,10,0,10,兆豐-竹北,2024-12-06,7007
00909,國泰數位支付服務,10,1,9,兆豐-竹北,2024-12-06,7007
2888,新光金,10,1,9,兆豐-竹北,2024-12-06,7007
5457,宣德,12,3,9,兆豐-竹北,2024-12-06,7007
8069,元太,14,6,8,兆豐-竹北,2024-12-06,7007
2332,友訊,14,6,8,兆豐-竹北,2024-12-06,7007
3511,矽瑪,8,0,8,兆豐-竹北,2024-12-06,7007
5302,太欣,8,0,8,兆豐-竹北,2024-12-06,7007
2436,偉詮電,91,7,84,兆豐-竹北,2024-12-09,7007
00957B,兆豐US優選投等債,155,85,70,兆豐-竹北,2024-12-09,7007
2363,矽統,89,21,68,兆豐-竹北,2024-12-09,7007
6143,振曜,75,15,60,兆豐-竹北,2024-12-09,7007
2891,中信金,71,20,51,兆豐-竹北,2024-12-09,7007
2881B,富邦金乙特,50,0,50,兆豐-竹北,2024-12-09,7007
00937B,群益ESG投等債20,108,65,43,兆豐-竹北,2024-12-09,7007
6214,精誠,43,4,39,兆豐-竹北,2024-12-09,7007
00918,大華優利高填息30,51,15,36,兆豐-竹北,2024-12-09,7007
5864,致和證,34,0,34,兆豐-竹北,2024-12-09,7007
2449,京元電子,31,1,30,兆豐-竹北,2024-12-09,7007
6742,澤米,26,0,26,兆豐-竹北,2024-12-09,7007
00650L,復華香港正2,25,0,25,兆豐-竹北,2024-12-09,7007
2425,承啟,25,0,25,兆豐-竹北,2024-12-09,7007
2882B,國泰金乙特,25,0,25,兆豐-竹北,2024-12-09,7007
00757,統一FANG+,24,1,23,兆豐-竹北,2024-12-09,7007
00953B,群益優選非投等債,22,0,22,兆豐-竹北,2024-12-09,7007
00713,元大台灣高息低波,21,0,21,兆豐-竹北,2024-12-09,7007
5309,系統電,26,6,20,兆豐-竹北,2024-12-09,7007
3078,僑威,20,1,19,兆豐-竹北,2024-12-09,7007
3689,湧德,20,2,18,兆豐-竹北,2024-12-09,7007
2880,華南金,23,5,18,兆豐-竹北,2024-12-09,7007
2349,錸德,66,49,17,兆豐-竹北,2024-12-09,7007
8039,台虹,17,0,17,兆豐-竹北,2024-12-09,7007
2399,映泰,32,16,16,兆豐-竹北,2024-12-09,7007
2402,毅嘉,25,9,16,兆豐-竹北,2024-12-09,7007
3019,亞光,15,0,15,兆豐-竹北,2024-12-09,7007
2419,仲琦,14,1,13,兆豐-竹北,2024-12-09,7007
8261,富鼎,18,5,13,兆豐-竹北,2024-12-09,7007
9105,泰金寶-DR,18,5,13,兆豐-竹北,2024-12-09,7007
00642U,期元大S＆P石油,12,0,12,兆豐-竹北,2024-12-09,7007
2495,普安,12,0,12,兆豐-竹北,2024-12-09,7007
2888,新光金,18,6,12,兆豐-竹北,2024-12-09,7007
00715L,期街口布蘭特正2,11,0,11,兆豐-竹北,2024-12-09,7007
9941,裕融,11,0,11,兆豐-竹北,2024-12-09,7007
00738U,期元大道瓊白銀,10,0,10,兆豐-竹北,2024-12-09,7007
00959B,大華投等美債15Y+,10,0,10,兆豐-竹北,2024-12-09,7007
2498,宏達電,10,0,10,兆豐-竹北,2024-12-09,7007
2867,三商壽,10,0,10,兆豐-竹北,2024-12-09,7007
2891B,中信金乙特,10,0,10,兆豐-竹北,2024-12-09,7007
4526,東台,10,0,10,兆豐-竹北,2024-12-09,7007
6155,鈞寶,10,0,10,兆豐-竹北,2024-12-09,7007
6182,合晶,10,0,10,兆豐-竹北,2024-12-09,7007
8936,國統,10,0,10,兆豐-竹北,2024-12-09,7007
0056,元大高股息,19,10,9,兆豐-竹北,2024-12-09,7007
00915,凱基優選高股息30,9,0,9,兆豐-竹北,2024-12-09,7007
00950B,凱基A級公司債,10,1,9,兆豐-竹北,2024-12-09,7007
2892,第一金,10,1,9,兆豐-竹北,2024-12-09,7007
1528,恩德,8,0,8,兆豐-竹北,2024-12-09,7007
3593,力銘,15,7,8,兆豐-竹北,2024-12-09,7007
00945B,凱基美國非投等債,249,0,249,兆豐-竹北,2024-12-10,7007
00957B,兆豐US優選投等債,94,0,94,兆豐-竹北,2024-12-10,7007
00687B,國泰20年美債,64,7,57,兆豐-竹北,2024-12-10,7007
00637L,元大滬深300正2,67,16,51,兆豐-竹北,2024-12-10,7007
00795B,中信美國公債20年,50,0,50,兆豐-竹北,2024-12-10,7007
00948B,中信優息投資級債,50,0,50,兆豐-竹北,2024-12-10,7007
1776,展宇,50,0,50,兆豐-竹北,2024-12-10,7007
2882B,國泰金乙特,50,0,50,兆豐-竹北,2024-12-10,7007
0056,元大高股息,49,1,48,兆豐-竹北,2024-12-10,7007
6768,志強-KY,45,6,39,兆豐-竹北,2024-12-10,7007
3706,神達,58,20,38,兆豐-竹北,2024-12-10,7007
2609,陽明,52,14,38,兆豐-竹北,2024-12-10,7007
1449,佳和,71,36,35,兆豐-竹北,2024-12-10,7007
00878,國泰永續高股息,29,1,28,兆豐-竹北,2024-12-10,7007
00953B,群益優選非投等債,27,0,27,兆豐-竹北,2024-12-10,7007
2317,鴻海,31,6,25,兆豐-竹北,2024-12-10,7007
00919,群益台灣精選高息,25,0,25,兆豐-竹北,2024-12-10,7007
00918,大華優利高填息30,22,0,22,兆豐-竹北,2024-12-10,7007
3030,德律,20,0,20,兆豐-竹北,2024-12-10,7007
4958,臻鼎-KY,20,0,20,兆豐-竹北,2024-12-10,7007
8176,智捷,20,0,20,兆豐-竹北,2024-12-10,7007
911608,明輝-DR,20,0,20,兆豐-竹北,2024-12-10,7007
00909,國泰數位支付服務,17,0,17,兆豐-竹北,2024-12-10,7007
00655L,國泰中國A50正2,16,0,16,兆豐-竹北,2024-12-10,7007
1308,亞聚,15,0,15,兆豐-竹北,2024-12-10,7007
5302,太欣,15,0,15,兆豐-竹北,2024-12-10,7007
6127,九豪,15,0,15,兆豐-竹北,2024-12-10,7007
6742,澤米,15,0,15,兆豐-竹北,2024-12-10,7007
2880,華南金,14,0,14,兆豐-竹北,2024-12-10,7007
1301,台塑,18,4,14,兆豐-竹北,2024-12-10,7007
2425,承啟,15,1,14,兆豐-竹北,2024-12-10,7007
00680L,元大美債20正2,13,0,13,兆豐-竹北,2024-12-10,7007
8096,擎亞,14,1,13,兆豐-竹北,2024-12-10,7007
3024,憶聲,12,0,12,兆豐-竹北,2024-12-10,7007
6451,訊芯-KY,32,20,12,兆豐-竹北,2024-12-10,7007
2449,京元電子,11,0,11,兆豐-竹北,2024-12-10,7007
4991,環宇-KY,13,2,11,兆豐-竹北,2024-12-10,7007
00937B,群益ESG投等債20,11,1,10,兆豐-竹北,2024-12-10,7007
6546,正基,10,0,10,兆豐-竹北,2024-12-10,7007
2834,臺企銀,10,0,10,兆豐-竹北,2024-12-10,7007
00757,統一FANG+,10,0,10,兆豐-竹北,2024-12-10,7007
00963,中信全球高股息,10,0,10,兆豐-竹北,2024-12-10,7007
2493,揚博,10,0,10,兆豐-竹北,2024-12-10,7007
3303,岱稜,10,0,10,兆豐-竹北,2024-12-10,7007
1569,濱川,9,0,9,兆豐-竹北,2024-12-10,7007
00915,凱基優選高股息30,8,0,8,兆豐-竹北,2024-12-10,7007
3234,光環,10,2,8,兆豐-竹北,2024-12-10,7007
3594,磐儀,8,0,8,兆豐-竹北,2024-12-10,7007
6873,泓德能源,9,1,8,兆豐-竹北,2024-12-10,7007
6415,矽力*-KY,9,2,7,兆豐-竹北,2024-12-10,7007
00957B,兆豐US優選投等債,176,0,176,兆豐-竹北,2024-12-11,7007
00918,大華優利高填息30,122,12,110,兆豐-竹北,2024-12-11,7007
00919,群益台灣精選高息,111,2,109,兆豐-竹北,2024-12-11,7007
3231,緯創,168,100,68,兆豐-竹北,2024-12-11,7007
00738U,期元大道瓊白銀,59,0,59,兆豐-竹北,2024-12-11,7007
00637L,元大滬深300正2,67,10,57,兆豐-竹北,2024-12-11,7007
00650L,復華香港正2,51,0,51,兆豐-竹北,2024-12-11,7007
00953B,群益優選非投等債,50,0,50,兆豐-竹北,2024-12-11,7007
00753L,中信中國50正2,50,15,35,兆豐-竹北,2024-12-11,7007
5245,智晶,34,1,33,兆豐-竹北,2024-12-11,7007
2801,彰銀,30,0,30,兆豐-竹北,2024-12-11,7007
00878,國泰永續高股息,25,0,25,兆豐-竹北,2024-12-11,7007
3019,亞光,37,12,25,兆豐-竹北,2024-12-11,7007
2449,京元電子,27,2,25,兆豐-竹北,2024-12-11,7007
2201,裕隆,24,0,24,兆豐-竹北,2024-12-11,7007
1714,和桐,22,0,22,兆豐-竹北,2024-12-11,7007
00795B,中信美國公債20年,51,30,21,兆豐-竹北,2024-12-11,7007
2891,中信金,31,10,21,兆豐-竹北,2024-12-11,7007
0056,元大高股息,21,0,21,兆豐-竹北,2024-12-11,7007
1605,華新,21,0,21,兆豐-竹北,2024-12-11,7007
4958,臻鼎-KY,40,20,20,兆豐-竹北,2024-12-11,7007
6625,必應,20,0,20,兆豐-竹北,2024-12-11,7007
2317,鴻海,29,9,20,兆豐-竹北,2024-12-11,7007
2365,昆盈,20,2,18,兆豐-竹北,2024-12-11,7007
2834,臺企銀,18,0,18,兆豐-竹北,2024-12-11,7007
2303,聯電,32,14,18,兆豐-竹北,2024-12-11,7007
00757,統一FANG+,15,0,15,兆豐-竹北,2024-12-11,7007
00930,永豐ESG低碳高息,15,0,15,兆豐-竹北,2024-12-11,7007
8111,立��,18,5,13,兆豐-竹北,2024-12-11,7007
00881,國泰台灣5G+,13,0,13,兆豐-竹北,2024-12-11,7007
1569,濱川,34,22,12,兆豐-竹北,2024-12-11,7007
6547,高端疫苗,12,0,12,兆豐-竹北,2024-12-11,7007
00934,中信成長高股息,11,0,11,兆豐-竹北,2024-12-11,7007
3234,光環,13,2,11,兆豐-竹北,2024-12-11,7007
5388,中磊,12,1,11,兆豐-竹北,2024-12-11,7007
00915,凱基優選高股息30,10,0,10,兆豐-竹北,2024-12-11,7007
4931,新盛力,16,6,10,兆豐-竹北,2024-12-11,7007
6139,亞翔,11,1,10,兆豐-竹北,2024-12-11,7007
00695B,富邦美債7-10,10,0,10,兆豐-竹北,2024-12-11,7007
00887,永豐中國科技50大,11,1,10,兆豐-竹北,2024-12-11,7007
00951,台新日本半導體,10,0,10,兆豐-竹北,2024-12-11,7007
2405,輔信,10,0,10,兆豐-竹北,2024-12-11,7007
2905,三商,10,0,10,兆豐-竹北,2024-12-11,7007
3058,立德,10,0,10,兆豐-竹北,2024-12-11,7007
5202,力新,10,0,10,兆豐-竹北,2024-12-11,7007
5222,全訊,10,0,10,兆豐-竹北,2024-12-11,7007
6182,合晶,10,0,10,兆豐-竹北,2024-12-11,7007
6877,鏵友益,11,1,10,兆豐-竹北,2024-12-11,7007
8429,金麗-KY,18,8,10,兆豐-竹北,2024-12-11,7007
2204,中華,10,1,9,兆豐-竹北,2024-12-11,7007
00945B,凱基美國非投等債,138,0,138,兆豐-竹北,2024-12-12,7007
2882B,國泰金乙特,100,0,100,兆豐-竹北,2024-12-12,7007
2881B,富邦金乙特,90,0,90,兆豐-竹北,2024-12-12,7007
00915,凱基優選高股息30,112,30,82,兆豐-竹北,2024-12-12,7007
00687B,國泰20年美債,62,0,62,兆豐-竹北,2024-12-12,7007
00795B,中信美國公債20年,51,0,51,兆豐-竹北,2024-12-12,7007
00679B,元大美債20年,56,6,50,兆豐-竹北,2024-12-12,7007
1402,遠東新,50,0,50,兆豐-竹北,2024-12-12,7007
2303,聯電,57,7,50,兆豐-竹北,2024-12-12,7007
00918,大華優利高填息30,52,11,41,兆豐-竹北,2024-12-12,7007
2618,長榮航,41,1,40,兆豐-竹北,2024-12-12,7007
2882,國泰金,37,1,36,兆豐-竹北,2024-12-12,7007
2891B,中信金乙特,36,0,36,兆豐-竹北,2024-12-12,7007
2344,華邦電,37,5,32,兆豐-竹北,2024-12-12,7007
2449,京元電子,27,0,27,兆豐-竹北,2024-12-12,7007
3564,其陽,26,0,26,兆豐-竹北,2024-12-12,7007
00969B,元大零息超長美債,22,0,22,兆豐-竹北,2024-12-12,7007
00919,群益台灣精選高息,25,4,21,兆豐-竹北,2024-12-12,7007
8111,立��,27,6,21,兆豐-竹北,2024-12-12,7007
6698,旭暉應材,20,0,20,兆豐-竹北,2024-12-12,7007
1815,富喬,34,16,18,兆豐-竹北,2024-12-12,7007
2317,鴻海,27,9,18,兆豐-竹北,2024-12-12,7007
00757,統一FANG+,15,0,15,兆豐-竹北,2024-12-12,7007
3029,零壹,30,16,14,兆豐-竹北,2024-12-12,7007
1802,台玻,13,0,13,兆豐-竹北,2024-12-12,7007
2312,金寶,14,1,13,兆豐-竹北,2024-12-12,7007
3701,大眾控,13,0,13,兆豐-竹北,2024-12-12,7007
3014,聯陽,17,5,12,兆豐-竹北,2024-12-12,7007
8054,安國,22,11,11,兆豐-竹北,2024-12-12,7007
00948B,中信優息投資級債,11,0,11,兆豐-竹北,2024-12-12,7007
3037,欣興,16,5,11,兆豐-竹北,2024-12-12,7007
2867,三商壽,10,0,10,兆豐-竹北,2024-12-12,7007
2353,宏��,10,0,10,兆豐-竹北,2024-12-12,7007
3450,聯鈞,21,11,10,兆豐-竹北,2024-12-12,7007
00720B,元大投資級公司債,10,0,10,兆豐-竹北,2024-12-12,7007
00695B,富邦美債7-10,10,0,10,兆豐-竹北,2024-12-12,7007
00942B,台新美A公司債20+,10,0,10,兆豐-竹北,2024-12-12,7007
1731,美吾華,10,0,10,兆豐-竹北,2024-12-12,7007
2838,聯邦銀,10,0,10,兆豐-竹北,2024-12-12,7007
3031,佰鴻,10,0,10,兆豐-竹北,2024-12-12,7007
5202,力新,10,0,10,兆豐-竹北,2024-12-12,7007
00715L,期街口布蘭特正2,51,42,9,兆豐-竹北,2024-12-12,7007
1416,廣豐,9,0,9,兆豐-竹北,2024-12-12,7007
4739,康普,10,1,9,兆豐-竹北,2024-12-12,7007
2371,大同,10,2,8,兆豐-竹北,2024-12-12,7007
2834,臺企銀,8,0,8,兆豐-竹北,2024-12-12,7007
4977,眾達-KY,16,8,8,兆豐-竹北,2024-12-12,7007
00887,永豐中國科技50大,10,2,8,兆豐-竹北,2024-12-12,7007
00940,元大台灣價值高息,16,8,8,兆豐-竹北,2024-12-12,7007
3048,益登,8,0,8,兆豐-竹北,2024-12-12,7007
00937B,群益ESG投等債20,222,3,219,兆豐-竹北,2024-12-13,7007
1714,和桐,191,0,191,兆豐-竹北,2024-12-13,7007
00919,群益台灣精選高息,124,20,104,兆豐-竹北,2024-12-13,7007
00648R,元大S＆P500反1,100,0,100,兆豐-竹北,2024-12-13,7007
1717,長興,100,0,100,兆豐-竹北,2024-12-13,7007
1447,力鵬,88,0,88,兆豐-竹北,2024-12-13,7007
2882B,國泰金乙特,80,0,80,兆豐-竹北,2024-12-13,7007
2353,宏��,72,0,72,兆豐-竹北,2024-12-13,7007
00753L,中信中國50正2,84,20,64,兆豐-竹北,2024-12-13,7007
00687B,國泰20年美債,70,10,60,兆豐-竹北,2024-12-13,7007
3041,揚智,57,1,56,兆豐-竹北,2024-12-13,7007
2881B,富邦金乙特,50,0,50,兆豐-竹北,2024-12-13,7007
3083,網龍,50,0,50,兆豐-竹北,2024-12-13,7007
00688L,國泰20年美債正2,46,0,46,兆豐-竹北,2024-12-13,7007
2303,聯電,49,8,41,兆豐-竹北,2024-12-13,7007
2891B,中信金乙特,40,0,40,兆豐-竹北,2024-12-13,7007
2323,中環,39,0,39,兆豐-竹北,2024-12-13,7007
2332,友訊,41,3,38,兆豐-竹北,2024-12-13,7007
5512,力麒,35,0,35,兆豐-竹北,2024-12-13,7007
00878,國泰永續高股息,36,2,34,兆豐-竹北,2024-12-13,7007
00918,大華優利高填息30,40,7,33,兆豐-竹北,2024-12-13,7007
1314,中石化,34,8,26,兆豐-竹北,2024-12-13,7007
4726,永昕,25,0,25,兆豐-竹北,2024-12-13,7007
1528,恩德,26,2,24,兆豐-竹北,2024-12-13,7007
1416,廣豐,23,0,23,兆豐-竹北,2024-12-13,7007
2883,凱基金,23,0,23,兆豐-竹北,2024-12-13,7007
6446,藥華藥,26,3,23,兆豐-竹北,2024-12-13,7007
8047,星雲,31,8,23,兆豐-竹北,2024-12-13,7007
00933B,國泰10Y+金融債,22,0,22,兆豐-竹北,2024-12-13,7007
1605,華新,25,3,22,兆豐-竹北,2024-12-13,7007
3664,安瑞-KY,22,0,22,兆豐-竹北,2024-12-13,7007
2610,華航,22,3,19,兆豐-竹北,2024-12-13,7007
1308,亞聚,21,2,19,兆豐-竹北,2024-12-13,7007
8249,菱光,19,0,19,兆豐-竹北,2024-12-13,7007
00882,中信中國高股息,18,0,18,兆豐-竹北,2024-12-13,7007
0056,元大高股息,18,2,16,兆豐-竹北,2024-12-13,7007
3701,大眾控,18,2,16,兆豐-竹北,2024-12-13,7007
2845,遠東銀,15,0,15,兆豐-竹北,2024-12-13,7007
3594,磐儀,15,0,15,兆豐-竹北,2024-12-13,7007
00720B,元大投資級公司債,13,0,13,兆豐-竹北,2024-12-13,7007
2027,大成鋼,13,0,13,兆豐-竹北,2024-12-13,7007
3363,上詮,37,24,13,兆豐-竹北,2024-12-13,7007
2371,大同,14,2,12,兆豐-竹北,2024-12-13,7007
2374,佳能,23,11,12,兆豐-竹北,2024-12-13,7007
2002,中鋼,11,0,11,兆豐-竹北,2024-12-13,7007
5392,能率,11,0,11,兆豐-竹北,2024-12-13,7007
6182,合晶,11,0,11,兆豐-竹北,2024-12-13,7007
0050,元大台灣50,13,3,10,兆豐-竹北,2024-12-13,7007
2618,長榮航,22,12,10,兆豐-竹北,2024-12-13,7007
2890,永豐金,10,0,10,兆豐-竹北,2024-12-13,7007
00937B,群益ESG投等債20,237,64,173,兆豐-竹北,2024-12-16,7007
00919,群益台灣精選高息,117,3,114,兆豐-竹北,2024-12-16,7007
00918,大華優利高填息30,103,8,95,兆豐-竹北,2024-12-16,7007
00679B,元大美債20年,99,5,94,兆豐-竹北,2024-12-16,7007
5302,太欣,75,0,75,兆豐-竹北,2024-12-16,7007
1714,和桐,60,0,60,兆豐-竹北,2024-12-16,7007
2882B,國泰金乙特,60,0,60,兆豐-竹北,2024-12-16,7007
1717,長興,50,0,50,兆豐-竹北,2024-12-16,7007
00637L,元大滬深300正2,46,0,46,兆豐-竹北,2024-12-16,7007
0056,元大高股息,46,2,44,兆豐-竹北,2024-12-16,7007
3037,欣興,46,2,44,兆豐-竹北,2024-12-16,7007
00688L,國泰20年美債正2,43,0,43,兆豐-竹北,2024-12-16,7007
00713,元大台灣高息低波,36,0,36,兆豐-竹北,2024-12-16,7007
00931B,統一美債20年,30,0,30,兆豐-竹北,2024-12-16,7007
00930,永豐ESG低碳高息,29,0,29,兆豐-竹北,2024-12-16,7007
2349,錸德,82,55,27,兆豐-竹北,2024-12-16,7007
3303,岱稜,25,0,25,兆豐-竹北,2024-12-16,7007
2609,陽明,41,16,25,兆豐-竹北,2024-12-16,7007
9105,泰金寶-DR,25,1,24,兆豐-竹北,2024-12-16,7007
5222,全訊,23,0,23,兆豐-竹北,2024-12-16,7007
1776,展宇,22,0,22,兆豐-竹北,2024-12-16,7007
2543,皇昌,21,1,20,兆豐-竹北,2024-12-16,7007
2610,華航,24,4,20,兆豐-竹北,2024-12-16,7007
2323,中環,18,1,17,兆豐-竹北,2024-12-16,7007
00712,復華富時不動產,15,0,15,兆豐-竹北,2024-12-16,7007
00934,中信成長高股息,15,0,15,兆豐-竹北,2024-12-16,7007
2425,承啟,15,0,15,兆豐-竹北,2024-12-16,7007
3664,安瑞-KY,15,0,15,兆豐-竹北,2024-12-16,7007
6108,競國,35,20,15,兆豐-竹北,2024-12-16,7007
8429,金麗-KY,15,0,15,兆豐-竹北,2024-12-16,7007
6546,正基,16,2,14,兆豐-竹北,2024-12-16,7007
00720B,元大投資級公司債,14,0,14,兆豐-竹北,2024-12-16,7007
00706L,期元大S＆P日圓正2,14,0,14,兆豐-竹北,2024-12-16,7007
00948B,中信優息投資級債,15,1,14,兆豐-竹北,2024-12-16,7007
1304,台聚,14,0,14,兆豐-竹北,2024-12-16,7007
2002,中鋼,16,2,14,兆豐-竹北,2024-12-16,7007
00887,永豐中國科技50大,13,0,13,兆豐-竹北,2024-12-16,7007
6187,萬潤,13,0,13,兆豐-竹北,2024-12-16,7007
3706,神達,38,25,13,兆豐-竹北,2024-12-16,7007
3483,力致,12,0,12,兆豐-竹北,2024-12-16,7007
8121,越峰,11,0,11,兆豐-竹北,2024-12-16,7007
3374,精材,11,0,11,兆豐-竹北,2024-12-16,7007
00878,國泰永續高股息,26,16,10,兆豐-竹北,2024-12-16,7007
00924,復華S＆P500成長,10,0,10,兆豐-竹北,2024-12-16,7007
4576,大銀微系統,10,0,10,兆豐-竹北,2024-12-16,7007
00695B,富邦美債7-10,10,0,10,兆豐-竹北,2024-12-16,7007
00772B,中信高評級公司債,10,0,10,兆豐-竹北,2024-12-16,7007
00933B,國泰10Y+金融債,10,0,10,兆豐-竹北,2024-12-16,7007
00958B,永豐ESG銀行債15,10,0,10,兆豐-竹北,2024-12-16,7007
3058,立德,10,0,10,兆豐-竹北,2024-12-16,7007
00937B,群益ESG投等債20,266,60,206,兆豐-竹北,2024-12-17,7007
00679B,元大美債20年,116,50,66,兆豐-竹北,2024-12-17,7007
0056,元大高股息,58,1,57,兆豐-竹北,2024-12-17,7007
5381,合正,50,0,50,兆豐-竹北,2024-12-17,7007
00751B,元大AAA至A公司債,45,0,45,兆豐-竹北,2024-12-17,7007
1776,展宇,45,0,45,兆豐-竹北,2024-12-17,7007
00680L,元大美債20正2,42,0,42,兆豐-竹北,2024-12-17,7007
2882B,國泰金乙特,40,0,40,兆豐-竹北,2024-12-17,7007
2356,英業達,36,2,34,兆豐-竹北,2024-12-17,7007
2886,兆豐金,32,0,32,兆豐-竹北,2024-12-17,7007
00915,凱基優選高股息30,31,0,31,兆豐-竹北,2024-12-17,7007
00687B,國泰20年美債,55,25,30,兆豐-竹北,2024-12-17,7007
2834,臺企銀,30,0,30,兆豐-竹北,2024-12-17,7007
00970B,新光BBB投等債20,30,0,30,兆豐-竹北,2024-12-17,7007
2838,聯邦銀,30,0,30,兆豐-竹北,2024-12-17,7007
2883,凱基金,29,1,28,兆豐-竹北,2024-12-17,7007
6234,高僑,28,0,28,兆豐-竹北,2024-12-17,7007
00930,永豐ESG低碳高息,27,0,27,兆豐-竹北,2024-12-17,7007
00918,大華優利高填息30,30,5,25,兆豐-竹北,2024-12-17,7007
2820,華票,25,0,25,兆豐-竹北,2024-12-17,7007
3227,原相,23,0,23,兆豐-竹北,2024-12-17,7007
00878,國泰永續高股息,26,4,22,兆豐-竹北,2024-12-17,7007
2609,陽明,91,70,21,兆豐-竹北,2024-12-17,7007
1612,宏泰,20,0,20,兆豐-竹北,2024-12-17,7007
2610,華航,23,3,20,兆豐-竹北,2024-12-17,7007
6770,力積電,23,3,20,兆豐-竹北,2024-12-17,7007
00713,元大台灣高息低波,19,0,19,兆豐-竹北,2024-12-17,7007
2884,玉山金,19,0,19,兆豐-竹北,2024-12-17,7007
3712,永崴投控,26,7,19,兆豐-竹北,2024-12-17,7007
00909,國泰數位支付服務,17,0,17,兆豐-竹北,2024-12-17,7007
3481,群創,22,7,15,兆豐-竹北,2024-12-17,7007
1785,光洋科,26,12,14,兆豐-竹北,2024-12-17,7007
3450,聯鈞,30,17,13,兆豐-竹北,2024-12-17,7007
8374,羅昇,23,11,12,兆豐-竹北,2024-12-17,7007
00688L,國泰20年美債正2,12,0,12,兆豐-竹北,2024-12-17,7007
2618,長榮航,19,7,12,兆豐-竹北,2024-12-17,7007
6215,和椿,31,19,12,兆豐-竹北,2024-12-17,7007
3706,神達,16,4,12,兆豐-竹北,2024-12-17,7007
2409,友達,11,0,11,兆豐-竹北,2024-12-17,7007
2867,三商壽,11,0,11,兆豐-竹北,2024-12-17,7007
1312,國喬,10,0,10,兆豐-竹北,2024-12-17,7007
2489,瑞軒,10,0,10,兆豐-竹北,2024-12-17,7007
3689,湧德,11,1,10,兆豐-竹北,2024-12-17,7007
6191,精成科,10,0,10,兆豐-竹北,2024-12-17,7007
6695,芯鼎,12,2,10,兆豐-竹北,2024-12-17,7007
7704,明遠精密,10,0,10,兆豐-竹北,2024-12-17,7007
3035,智原,18,8,10,兆豐-竹北,2024-12-17,7007
00764B,群益25年美債,9,0,9,兆豐-竹北,2024-12-17,7007
00926,凱基全球菁英55,9,0,9,兆豐-竹北,2024-12-17,7007
2417,圓剛,14,5,9,兆豐-竹北,2024-12-17,7007
3231,緯創,158,0,158,兆豐-竹北,2024-12-18,7007
00937B,群益ESG投等債20,204,140,64,兆豐-竹北,2024-12-18,7007
00918,大華優利高填息30,93,32,61,兆豐-竹北,2024-12-18,7007
3710,連展投控,40,0,40,兆豐-竹北,2024-12-18,7007
2881B,富邦金乙特,39,0,39,兆豐-竹北,2024-12-18,7007
9105,泰金寶-DR,60,25,35,兆豐-竹北,2024-12-18,7007
00738U,期元大道瓊白銀,34,0,34,兆豐-竹北,2024-12-18,7007
00970B,新光BBB投等債20,30,0,30,兆豐-竹北,2024-12-18,7007
2882B,國泰金乙特,30,0,30,兆豐-竹北,2024-12-18,7007
2886,兆豐金,25,0,25,兆豐-竹北,2024-12-18,7007
00950B,凱基A級公司債,25,0,25,兆豐-竹北,2024-12-18,7007
1447,力鵬,27,5,22,兆豐-竹北,2024-12-18,7007
2609,陽明,26,5,21,兆豐-竹北,2024-12-18,7007
00670L,富邦NASDAQ正2,20,0,20,兆豐-竹北,2024-12-18,7007
5381,合正,20,0,20,兆豐-竹北,2024-12-18,7007
2002,中鋼,16,0,16,兆豐-竹北,2024-12-18,7007
8054,安國,20,5,15,兆豐-竹北,2024-12-18,7007
00953B,群益優選非投等債,15,0,15,兆豐-竹北,2024-12-18,7007
3664,安瑞-KY,15,0,15,兆豐-竹北,2024-12-18,7007
1714,和桐,14,0,14,兆豐-竹北,2024-12-18,7007
2867,三商壽,14,0,14,兆豐-竹北,2024-12-18,7007
00881,國泰台灣5G+,12,0,12,兆豐-竹北,2024-12-18,7007
5009,榮剛,15,3,12,兆豐-竹北,2024-12-18,7007
2498,宏達電,12,0,12,兆豐-竹北,2024-12-18,7007
5438,東友,25,13,12,兆豐-竹北,2024-12-18,7007
00926,凱基全球菁英55,11,0,11,兆豐-竹北,2024-12-18,7007
4303,信立,12,1,11,兆豐-竹北,2024-12-18,7007
9950,萬國通,11,0,11,兆豐-竹北,2024-12-18,7007
2313,華通,20,10,10,兆豐-竹北,2024-12-18,7007
00713,元大台灣高息低波,10,0,10,兆豐-竹北,2024-12-18,7007
00909,國泰數位支付服務,11,1,10,兆豐-竹北,2024-12-18,7007
00772B,中信高評級公司債,10,0,10,兆豐-竹北,2024-12-18,7007
00948B,中信優息投資級債,10,0,10,兆豐-竹北,2024-12-18,7007
1303,南亞,46,36,10,兆豐-竹北,2024-12-18,7007
1597,直得,20,10,10,兆豐-竹北,2024-12-18,7007
2376,技嘉,12,2,10,兆豐-竹北,2024-12-18,7007
2543,皇昌,17,7,10,兆豐-竹北,2024-12-18,7007
3551,世禾,10,0,10,兆豐-竹北,2024-12-18,7007
8064,東捷,10,0,10,兆豐-竹北,2024-12-18,7007
8096,擎亞,10,0,10,兆豐-竹北,2024-12-18,7007
6962,ITH-KY,19,9,10,兆豐-竹北,2024-12-18,7007
6139,亞翔,9,1,8,兆豐-竹北,2024-12-18,7007
6271,同欣電,9,1,8,兆豐-竹北,2024-12-18,7007
2303,聯電,32,24,8,兆豐-竹北,2024-12-18,7007
00959B,大華投等美債15Y+,8,0,8,兆豐-竹北,2024-12-18,7007
2610,華航,23,15,8,兆豐-竹北,2024-12-18,7007
3481,群創,13,5,8,兆豐-竹北,2024-12-18,7007
00878,國泰永續高股息,14,6,8,兆豐-竹北,2024-12-18,7007
1326,台化,8,1,7,兆豐-竹北,2024-12-18,7007
5245,智晶,7,0,7,兆豐-竹北,2024-12-18,7007
00687B,國泰20年美債,175,20,155,兆豐-竹北,2024-12-19,7007
00918,大華優利高填息30,168,46,122,兆豐-竹北,2024-12-19,7007
2867,三商壽,110,0,110,兆豐-竹北,2024-12-19,7007
00878,國泰永續高股息,115,9,106,兆豐-竹北,2024-12-19,7007
00724B,群益投資級金融債,100,0,100,兆豐-竹北,2024-12-19,7007
2317,鴻海,88,4,84,兆豐-竹北,2024-12-19,7007
3231,緯創,118,53,65,兆豐-竹北,2024-12-19,7007
00933B,國泰10Y+金融債,55,0,55,兆豐-竹北,2024-12-19,7007
00680L,元大美債20正2,53,0,53,兆豐-竹北,2024-12-19,7007
00671R,富邦NASDAQ反1,45,0,45,兆豐-竹北,2024-12-19,7007
00712,復華富時不動產,63,20,43,兆豐-竹北,2024-12-19,7007
1714,和桐,39,0,39,兆豐-竹北,2024-12-19,7007
2886,兆豐金,35,0,35,兆豐-竹北,2024-12-19,7007
0056,元大高股息,34,1,33,兆豐-竹北,2024-12-19,7007
00931B,統一美債20年,33,0,33,兆豐-竹北,2024-12-19,7007
2884,玉山金,30,0,30,兆豐-竹北,2024-12-19,7007
00950B,凱基A級公司債,47,20,27,兆豐-竹北,2024-12-19,7007
2303,聯電,33,8,25,兆豐-竹北,2024-12-19,7007
00959B,大華投等美債15Y+,21,0,21,兆豐-竹北,2024-12-19,7007
2903,遠百,21,0,21,兆豐-竹北,2024-12-19,7007
00669R,國泰美國道瓊反1,20,0,20,兆豐-竹北,2024-12-19,7007
00907,永豐優息存股,25,5,20,兆豐-竹北,2024-12-19,7007
2613,中櫃,20,0,20,兆豐-竹北,2024-12-19,7007
2834,臺企銀,19,0,19,兆豐-竹北,2024-12-19,7007
00937B,群益ESG投等債20,328,311,17,兆豐-竹北,2024-12-19,7007
2344,華邦電,23,7,16,兆豐-竹北,2024-12-19,7007
2883,凱基金,28,12,16,兆豐-竹北,2024-12-19,7007
2887,台新金,15,0,15,兆豐-竹北,2024-12-19,7007
00725B,國泰投資級公司債,15,0,15,兆豐-竹北,2024-12-19,7007
00648R,元大S＆P500反1,15,0,15,兆豐-竹北,2024-12-19,7007
2103,台橡,15,0,15,兆豐-竹北,2024-12-19,7007
00852L,國泰美國道瓊正2,14,0,14,兆豐-竹北,2024-12-19,7007
6209,今國光,29,16,13,兆豐-竹北,2024-12-19,7007
2354,鴻準,33,22,11,兆豐-竹北,2024-12-19,7007
00706L,期元大S＆P日圓正2,11,0,11,兆豐-竹北,2024-12-19,7007
3664,安瑞-KY,11,0,11,兆豐-竹北,2024-12-19,7007
00751B,元大AAA至A公司債,10,0,10,兆豐-竹北,2024-12-19,7007
3706,神達,32,22,10,兆豐-竹北,2024-12-19,7007
2408,南亞科,23,13,10,兆豐-竹北,2024-12-19,7007
00909,國泰數位支付服務,10,0,10,兆豐-竹北,2024-12-19,7007
2891,中信金,12,2,10,兆豐-竹北,2024-12-19,7007
00772B,中信高評級公司債,10,0,10,兆豐-竹北,2024-12-19,7007
00897,富邦基因免疫生技,10,0,10,兆豐-竹北,2024-12-19,7007
00930,永豐ESG低碳高息,10,0,10,兆豐-竹北,2024-12-19,7007
00953B,群益優選非投等債,10,0,10,兆豐-竹北,2024-12-19,7007
2540,愛山林,10,0,10,兆豐-竹北,2024-12-19,7007
2606,裕民,30,20,10,兆豐-竹北,2024-12-19,7007
2615,萬海,15,5,10,兆豐-竹北,2024-12-19,7007
3025,星通,10,0,10,兆豐-竹北,2024-12-19,7007
6150,撼訊,10,0,10,兆豐-竹北,2024-12-19,7007
