Ticker,Name,buy,sell,diff,Branch,Date,Branch_Code
00640L,富邦日本正2,57,0,57,兆豐-三重,2023-01-03,7008
2618,長榮航,41,4,37,兆豐-三重,2023-01-03,7008
00673R,期元大S＆P原油反1,25,0,25,兆豐-三重,2023-01-03,7008
2915,潤泰全,17,0,17,兆豐-三重,2023-01-03,7008
2882,國泰金,20,3,17,兆豐-三重,2023-01-03,7008
9919,康那香,13,0,13,兆豐-三重,2023-01-03,7008
2609,陽明,23,11,12,兆豐-三重,2023-01-03,7008
6806,森崴能源,21,9,12,兆豐-三重,2023-01-03,7008
3481,群創,11,0,11,兆豐-三重,2023-01-03,7008
2317,鴻海,23,12,11,兆豐-三重,2023-01-03,7008
1102,亞泥,10,0,10,兆豐-三重,2023-01-03,7008
1522,堤維西,10,0,10,兆豐-三重,2023-01-03,7008
2328,廣宇,10,0,10,兆豐-三重,2023-01-03,7008
3027,盛達,12,2,10,兆豐-三重,2023-01-03,7008
1339,昭輝,8,0,8,兆豐-三重,2023-01-03,7008
2024,志聯,8,0,8,兆豐-三重,2023-01-03,7008
3046,建��,8,0,8,兆豐-三重,2023-01-03,7008
00675L,富邦臺灣加權正2,11,4,7,兆豐-三重,2023-01-03,7008
1701,中化,7,0,7,兆豐-三重,2023-01-03,7008
1342,八貫,8,1,7,兆豐-三重,2023-01-03,7008
1325,恆大,6,0,6,兆豐-三重,2023-01-03,7008
1319,東陽,6,0,6,兆豐-三重,2023-01-03,7008
2449,京元電子,6,0,6,兆豐-三重,2023-01-03,7008
2530,華建,6,0,6,兆豐-三重,2023-01-03,7008
0056,元大高股息,6,1,5,兆豐-三重,2023-01-03,7008
1752,南光,5,0,5,兆豐-三重,2023-01-03,7008
2243,宏旭-KY,5,0,5,兆豐-三重,2023-01-03,7008
2455,全新,11,6,5,兆豐-三重,2023-01-03,7008
2867,三商壽,5,0,5,兆豐-三重,2023-01-03,7008
3441,聯一光,5,0,5,兆豐-三重,2023-01-03,7008
4162,智擎,19,14,5,兆豐-三重,2023-01-03,7008
5351,鈺創,5,0,5,兆豐-三重,2023-01-03,7008
5706,鳳凰,5,0,5,兆豐-三重,2023-01-03,7008
6156,松上,5,0,5,兆豐-三重,2023-01-03,7008
6279,胡連,5,0,5,兆豐-三重,2023-01-03,7008
6589,台康生技,5,0,5,兆豐-三重,2023-01-03,7008
2201,裕隆,13,9,4,兆豐-三重,2023-01-03,7008
2603,長榮,6,2,4,兆豐-三重,2023-01-03,7008
3515,華擎,4,0,4,兆豐-三重,2023-01-03,7008
3596,智易,4,0,4,兆豐-三重,2023-01-03,7008
6535,順藥,4,0,4,兆豐-三重,2023-01-03,7008
1718,中纖,4,1,3,兆豐-三重,2023-01-03,7008
00633L,富邦上証正2,3,0,3,兆豐-三重,2023-01-03,7008
2363,矽統,3,0,3,兆豐-三重,2023-01-03,7008
2425,承啟,4,1,3,兆豐-三重,2023-01-03,7008
2482,連宇,3,0,3,兆豐-三重,2023-01-03,7008
2881,富邦金,3,0,3,兆豐-三重,2023-01-03,7008
5009,榮剛,3,0,3,兆豐-三重,2023-01-03,7008
5284,jpp-KY,3,0,3,兆豐-三重,2023-01-03,7008
5344,立衛,3,0,3,兆豐-三重,2023-01-03,7008
6190,萬泰科,70,20,50,兆豐-三重,2023-01-04,7008
2609,陽明,37,0,37,兆豐-三重,2023-01-04,7008
3289,宜特,45,15,30,兆豐-三重,2023-01-04,7008
6235,華孚,29,3,26,兆豐-三重,2023-01-04,7008
4931,新盛力,50,26,24,兆豐-三重,2023-01-04,7008
2409,友達,37,13,24,兆豐-三重,2023-01-04,7008
1513,中興電,55,32,23,兆豐-三重,2023-01-04,7008
2603,長榮,22,0,22,兆豐-三重,2023-01-04,7008
1217,愛之味,62,41,21,兆豐-三重,2023-01-04,7008
8046,南電,22,7,15,兆豐-三重,2023-01-04,7008
3047,訊舟,20,5,15,兆豐-三重,2023-01-04,7008
2399,映泰,13,0,13,兆豐-三重,2023-01-04,7008
5245,智晶,65,52,13,兆豐-三重,2023-01-04,7008
00882,中信中國高股息,13,2,11,兆豐-三重,2023-01-04,7008
2883,凱基金,10,0,10,兆豐-三重,2023-01-04,7008
1303,南亞,10,1,9,兆豐-三重,2023-01-04,7008
3545,敦泰,11,2,9,兆豐-三重,2023-01-04,7008
4171,瑞基,8,0,8,兆豐-三重,2023-01-04,7008
3356,奇偶,7,0,7,兆豐-三重,2023-01-04,7008
2323,中環,6,0,6,兆豐-三重,2023-01-04,7008
2515,中工,6,0,6,兆豐-三重,2023-01-04,7008
3252,海灣,6,0,6,兆豐-三重,2023-01-04,7008
5351,鈺創,8,2,6,兆豐-三重,2023-01-04,7008
8028,昇陽半導體,6,0,6,兆豐-三重,2023-01-04,7008
1584,精剛,5,0,5,兆豐-三重,2023-01-04,7008
00830,國泰費城半導體,5,0,5,兆豐-三重,2023-01-04,7008
00712,復華富時不動產,5,0,5,兆豐-三重,2023-01-04,7008
2636,台驊控股,5,0,5,兆豐-三重,2023-01-04,7008
3189,景碩,6,1,5,兆豐-三重,2023-01-04,7008
5608,四維航,5,0,5,兆豐-三重,2023-01-04,7008
6167,久正,5,0,5,兆豐-三重,2023-01-04,7008
2402,毅嘉,4,0,4,兆豐-三重,2023-01-04,7008
2413,環科,4,0,4,兆豐-三重,2023-01-04,7008
2611,志信,4,0,4,兆豐-三重,2023-01-04,7008
3272,東碩,9,5,4,兆豐-三重,2023-01-04,7008
3583,辛耘,4,0,4,兆豐-三重,2023-01-04,7008
4155,訊映,4,0,4,兆豐-三重,2023-01-04,7008
6531,愛普*,4,0,4,兆豐-三重,2023-01-04,7008
6585,鼎基,4,0,4,兆豐-三重,2023-01-04,7008
8171,天宇,47,43,4,兆豐-三重,2023-01-04,7008
8476,台境*,6,2,4,兆豐-三重,2023-01-04,7008
2317,鴻海,64,60,4,兆豐-三重,2023-01-04,7008
2812,台中銀,3,0,3,兆豐-三重,2023-01-04,7008
00674R,期元大S＆P黃金反1,3,0,3,兆豐-三重,2023-01-04,7008
00877,復華中國5G,3,0,3,兆豐-三重,2023-01-04,7008
1304,台聚,3,0,3,兆豐-三重,2023-01-04,7008
2208,台船,3,0,3,兆豐-三重,2023-01-04,7008
2425,承啟,3,0,3,兆豐-三重,2023-01-04,7008
2444,兆勁,3,0,3,兆豐-三重,2023-01-04,7008
2482,連宇,3,0,3,兆豐-三重,2023-01-04,7008
2897,王道銀行,400,0,400,兆豐-三重,2023-01-05,7008
0056,元大高股息,180,0,180,兆豐-三重,2023-01-05,7008
1714,和桐,60,0,60,兆豐-三重,2023-01-05,7008
00885,富邦越南,50,0,50,兆豐-三重,2023-01-05,7008
1513,中興電,45,14,31,兆豐-三重,2023-01-05,7008
1447,力鵬,30,0,30,兆豐-三重,2023-01-05,7008
4162,智擎,26,1,25,兆豐-三重,2023-01-05,7008
1810,和成,22,1,21,兆豐-三重,2023-01-05,7008
8358,金居,30,9,21,兆豐-三重,2023-01-05,7008
00878,國泰永續高股息,20,0,20,兆豐-三重,2023-01-05,7008
2498,宏達電,37,18,19,兆豐-三重,2023-01-05,7008
5905,南仁湖,21,2,19,兆豐-三重,2023-01-05,7008
3272,東碩,31,13,18,兆豐-三重,2023-01-05,7008
3504,揚明光,23,7,16,兆豐-三重,2023-01-05,7008
5245,智晶,39,23,16,兆豐-三重,2023-01-05,7008
1605,華新,28,14,14,兆豐-三重,2023-01-05,7008
4961,天鈺,14,0,14,兆豐-三重,2023-01-05,7008
2243,宏旭-KY,11,0,11,兆豐-三重,2023-01-05,7008
6589,台康生技,11,0,11,兆豐-三重,2023-01-05,7008
2883,凱基金,10,0,10,兆豐-三重,2023-01-05,7008
1785,光洋科,10,0,10,兆豐-三重,2023-01-05,7008
00772B,中信高評級公司債,10,0,10,兆豐-三重,2023-01-05,7008
00715L,期街口布蘭特正2,10,0,10,兆豐-三重,2023-01-05,7008
5284,jpp-KY,9,0,9,兆豐-三重,2023-01-05,7008
8996,高力,11,3,8,兆豐-三重,2023-01-05,7008
2201,裕隆,19,12,7,兆豐-三重,2023-01-05,7008
4167,松瑞藥,7,0,7,兆豐-三重,2023-01-05,7008
3013,晟銘電,6,0,6,兆豐-三重,2023-01-05,7008
3545,敦泰,6,0,6,兆豐-三重,2023-01-05,7008
6213,聯茂,6,0,6,兆豐-三重,2023-01-05,7008
8110,華東,6,0,6,兆豐-三重,2023-01-05,7008
2884,玉山金,6,1,5,兆豐-三重,2023-01-05,7008
2007,燁興,5,0,5,兆豐-三重,2023-01-05,7008
2340,台亞,5,0,5,兆豐-三重,2023-01-05,7008
2353,宏��,5,0,5,兆豐-三重,2023-01-05,7008
2607,榮運,5,0,5,兆豐-三重,2023-01-05,7008
2636,台驊控股,5,0,5,兆豐-三重,2023-01-05,7008
3356,奇偶,5,0,5,兆豐-三重,2023-01-05,7008
3481,群創,5,0,5,兆豐-三重,2023-01-05,7008
4171,瑞基,9,4,5,兆豐-三重,2023-01-05,7008
6231,系微,5,0,5,兆豐-三重,2023-01-05,7008
8478,東哥遊艇,9,4,5,兆豐-三重,2023-01-05,7008
9962,有益,5,0,5,兆豐-三重,2023-01-05,7008
00675L,富邦臺灣加權正2,5,1,4,兆豐-三重,2023-01-05,7008
3089,億杰,4,0,4,兆豐-三重,2023-01-05,7008
4153,鈺緯,5,1,4,兆豐-三重,2023-01-05,7008
6182,合晶,4,0,4,兆豐-三重,2023-01-05,7008
2317,鴻海,54,51,3,兆豐-三重,2023-01-05,7008
1339,昭輝,3,0,3,兆豐-三重,2023-01-05,7008
1529,樂事綠能,5,2,3,兆豐-三重,2023-01-05,7008
2882,國泰金,250,4,246,兆豐-三重,2023-01-06,7008
00720B,元大投資級公司債,109,0,109,兆豐-三重,2023-01-06,7008
1314,中石化,60,0,60,兆豐-三重,2023-01-06,7008
3708,上緯投控,30,0,30,兆豐-三重,2023-01-06,7008
1519,華城,22,0,22,兆豐-三重,2023-01-06,7008
6548,長科*,20,0,20,兆豐-三重,2023-01-06,7008
8906,花王,20,0,20,兆豐-三重,2023-01-06,7008
3272,東碩,19,0,19,兆豐-三重,2023-01-06,7008
6806,森崴能源,20,2,18,兆豐-三重,2023-01-06,7008
8088,品安,18,0,18,兆豐-三重,2023-01-06,7008
1522,堤維西,13,0,13,兆豐-三重,2023-01-06,7008
1612,宏泰,12,0,12,兆豐-三重,2023-01-06,7008
6547,高端疫苗,12,0,12,兆豐-三重,2023-01-06,7008
2636,台驊控股,21,10,11,兆豐-三重,2023-01-06,7008
1609,大亞,10,0,10,兆豐-三重,2023-01-06,7008
9941,裕融,10,0,10,兆豐-三重,2023-01-06,7008
9955,佳龍,10,0,10,兆豐-三重,2023-01-06,7008
1513,中興電,11,2,9,兆豐-三重,2023-01-06,7008
6118,建達,8,0,8,兆豐-三重,2023-01-06,7008
2317,鴻海,38,32,6,兆豐-三重,2023-01-06,7008
2465,麗臺,6,0,6,兆豐-三重,2023-01-06,7008
3050,鈺德,6,0,6,兆豐-三重,2023-01-06,7008
5353,台林,6,0,6,兆豐-三重,2023-01-06,7008
8044,網家,12,6,6,兆豐-三重,2023-01-06,7008
1229,聯華,5,0,5,兆豐-三重,2023-01-06,7008
2027,大成鋼,5,0,5,兆豐-三重,2023-01-06,7008
2204,中華,5,0,5,兆豐-三重,2023-01-06,7008
2408,南亞科,8,3,5,兆豐-三重,2023-01-06,7008
2472,立隆電,5,0,5,兆豐-三重,2023-01-06,7008
2482,連宇,6,1,5,兆豐-三重,2023-01-06,7008
3046,建��,5,0,5,兆豐-三重,2023-01-06,7008
3219,倚強科,5,0,5,兆豐-三重,2023-01-06,7008
4931,新盛力,5,0,5,兆豐-三重,2023-01-06,7008
5706,鳳凰,5,0,5,兆豐-三重,2023-01-06,7008
6245,立端,5,0,5,兆豐-三重,2023-01-06,7008
6517,保勝光學,5,0,5,兆豐-三重,2023-01-06,7008
6689,伊雲谷,5,0,5,兆豐-三重,2023-01-06,7008
2313,華通,4,0,4,兆豐-三重,2023-01-06,7008
8028,昇陽半導體,4,0,4,兆豐-三重,2023-01-06,7008
8033,雷虎,4,0,4,兆豐-三重,2023-01-06,7008
2886,兆豐金,3,0,3,兆豐-三重,2023-01-06,7008
2915,潤泰全,3,0,3,兆豐-三重,2023-01-06,7008
1305,華夏,3,0,3,兆豐-三重,2023-01-06,7008
2606,裕民,3,0,3,兆豐-三重,2023-01-06,7008
3324,雙鴻,3,0,3,兆豐-三重,2023-01-06,7008
3704,合勤控,37,34,3,兆豐-三重,2023-01-06,7008
3705,永信,3,0,3,兆豐-三重,2023-01-06,7008
4915,致伸,4,1,3,兆豐-三重,2023-01-06,7008
5009,榮剛,3,0,3,兆豐-三重,2023-01-06,7008
5475,德宏,5,2,3,兆豐-三重,2023-01-06,7008
00632R,元大台灣50反1,156,35,121,兆豐-三重,2023-01-09,7008
00878,國泰永續高股息,100,4,96,兆豐-三重,2023-01-09,7008
2603,長榮,27,0,27,兆豐-三重,2023-01-09,7008
3576,聯合再生,20,0,20,兆豐-三重,2023-01-09,7008
8044,網家,20,1,19,兆豐-三重,2023-01-09,7008
5284,jpp-KY,17,0,17,兆豐-三重,2023-01-09,7008
2419,仲琦,15,0,15,兆豐-三重,2023-01-09,7008
00713,元大台灣高息低波,14,0,14,兆豐-三重,2023-01-09,7008
4979,華星光,19,5,14,兆豐-三重,2023-01-09,7008
2023,燁輝,12,0,12,兆豐-三重,2023-01-09,7008
3545,敦泰,12,0,12,兆豐-三重,2023-01-09,7008
3454,晶睿,14,3,11,兆豐-三重,2023-01-09,7008
3004,豐達科,10,0,10,兆豐-三重,2023-01-09,7008
6283,淳安,10,0,10,兆豐-三重,2023-01-09,7008
6770,力積電,23,13,10,兆豐-三重,2023-01-09,7008
2472,立隆電,9,0,9,兆豐-三重,2023-01-09,7008
3479,安勤,17,8,9,兆豐-三重,2023-01-09,7008
5347,世界,14,6,8,兆豐-三重,2023-01-09,7008
00676R,富邦臺灣加權反1,8,0,8,兆豐-三重,2023-01-09,7008
4961,天鈺,37,29,8,兆豐-三重,2023-01-09,7008
2201,裕隆,31,24,7,兆豐-三重,2023-01-09,7008
3034,聯詠,7,0,7,兆豐-三重,2023-01-09,7008
00674R,期元大S＆P黃金反1,6,0,6,兆豐-三重,2023-01-09,7008
6517,保勝光學,6,0,6,兆豐-三重,2023-01-09,7008
1339,昭輝,6,1,5,兆豐-三重,2023-01-09,7008
1314,中石化,5,0,5,兆豐-三重,2023-01-09,7008
00670L,富邦NASDAQ正2,5,0,5,兆豐-三重,2023-01-09,7008
00631L,元大台灣50正2,5,0,5,兆豐-三重,2023-01-09,7008
2641,正德,6,1,5,兆豐-三重,2023-01-09,7008
3272,東碩,5,0,5,兆豐-三重,2023-01-09,7008
8069,元太,13,8,5,兆豐-三重,2023-01-09,7008
9919,康那香,6,1,5,兆豐-三重,2023-01-09,7008
2014,中鴻,4,0,4,兆豐-三重,2023-01-09,7008
3035,智原,5,1,4,兆豐-三重,2023-01-09,7008
6133,金橋,5,1,4,兆豐-三重,2023-01-09,7008
6143,振曜,10,6,4,兆豐-三重,2023-01-09,7008
00753L,中信中國50正2,3,0,3,兆豐-三重,2023-01-09,7008
2353,宏��,4,1,3,兆豐-三重,2023-01-09,7008
2360,致茂,3,0,3,兆豐-三重,2023-01-09,7008
2465,麗臺,3,0,3,兆豐-三重,2023-01-09,7008
2486,一詮,5,2,3,兆豐-三重,2023-01-09,7008
3071,協禧,3,0,3,兆豐-三重,2023-01-09,7008
3483,力致,3,0,3,兆豐-三重,2023-01-09,7008
4171,瑞基,4,1,3,兆豐-三重,2023-01-09,7008
4931,新盛力,3,0,3,兆豐-三重,2023-01-09,7008
4968,立積,4,1,3,兆豐-三重,2023-01-09,7008
5483,中美晶,5,2,3,兆豐-三重,2023-01-09,7008
6488,環球晶,4,1,3,兆豐-三重,2023-01-09,7008
6531,愛普*,7,4,3,兆豐-三重,2023-01-09,7008
6806,森崴能源,11,8,3,兆豐-三重,2023-01-09,7008
3714,富采,99,0,99,兆豐-三重,2023-01-10,7008
00720B,元大投資級公司債,50,0,50,兆豐-三重,2023-01-10,7008
5245,智晶,65,28,37,兆豐-三重,2023-01-10,7008
00878,國泰永續高股息,43,8,35,兆豐-三重,2023-01-10,7008
0056,元大高股息,33,14,19,兆豐-三重,2023-01-10,7008
1529,樂事綠能,20,2,18,兆豐-三重,2023-01-10,7008
1609,大亞,17,0,17,兆豐-三重,2023-01-10,7008
2637,慧洋-KY,16,0,16,兆豐-三重,2023-01-10,7008
2201,裕隆,15,2,13,兆豐-三重,2023-01-10,7008
1605,華新,74,62,12,兆豐-三重,2023-01-10,7008
2380,虹光,13,1,12,兆豐-三重,2023-01-10,7008
6547,高端疫苗,11,0,11,兆豐-三重,2023-01-10,7008
9958,世紀鋼,12,2,10,兆豐-三重,2023-01-10,7008
00632R,元大台灣50反1,10,0,10,兆豐-三重,2023-01-10,7008
3685,元創精密,10,0,10,兆豐-三重,2023-01-10,7008
6609,瀧澤科,10,0,10,兆豐-三重,2023-01-10,7008
5347,世界,12,3,9,兆豐-三重,2023-01-10,7008
2615,萬海,8,0,8,兆豐-三重,2023-01-10,7008
2881,富邦金,8,0,8,兆豐-三重,2023-01-10,7008
3454,晶睿,43,35,8,兆豐-三重,2023-01-10,7008
6806,森崴能源,8,0,8,兆豐-三重,2023-01-10,7008
2458,義隆,7,0,7,兆豐-三重,2023-01-10,7008
4743,合一,7,0,7,兆豐-三重,2023-01-10,7008
2330,台積電,15,9,6,兆豐-三重,2023-01-10,7008
1339,昭輝,6,0,6,兆豐-三重,2023-01-10,7008
1701,中化,10,4,6,兆豐-三重,2023-01-10,7008
3466,德晉,6,0,6,兆豐-三重,2023-01-10,7008
4114,健喬,11,5,6,兆豐-三重,2023-01-10,7008
2031,新光鋼,5,0,5,兆豐-三重,2023-01-10,7008
1789,神隆,5,0,5,兆豐-三重,2023-01-10,7008
1536,和大,5,0,5,兆豐-三重,2023-01-10,7008
1303,南亞,5,0,5,兆豐-三重,2023-01-10,7008
2340,台亞,5,0,5,兆豐-三重,2023-01-10,7008
2367,燿華,5,0,5,兆豐-三重,2023-01-10,7008
2408,南亞科,5,0,5,兆豐-三重,2023-01-10,7008
3006,晶豪科,9,4,5,兆豐-三重,2023-01-10,7008
4943,康控-KY,5,0,5,兆豐-三重,2023-01-10,7008
8033,雷虎,6,1,5,兆豐-三重,2023-01-10,7008
8289,泰藝,5,0,5,兆豐-三重,2023-01-10,7008
2890,永豐金,5,0,5,兆豐-三重,2023-01-10,7008
2313,華通,4,0,4,兆豐-三重,2023-01-10,7008
1314,中石化,4,0,4,兆豐-三重,2023-01-10,7008
2707,晶華,4,0,4,兆豐-三重,2023-01-10,7008
4931,新盛力,4,0,4,兆豐-三重,2023-01-10,7008
6589,台康生技,3,0,3,兆豐-三重,2023-01-10,7008
1736,喬山,3,0,3,兆豐-三重,2023-01-10,7008
2317,鴻海,43,40,3,兆豐-三重,2023-01-10,7008
2419,仲琦,5,2,3,兆豐-三重,2023-01-10,7008
2472,立隆電,3,0,3,兆豐-三重,2023-01-10,7008
2748,雲品,3,0,3,兆豐-三重,2023-01-10,7008
2610,華航,203,105,98,兆豐-三重,2023-01-11,7008
00720B,元大投資級公司債,60,0,60,兆豐-三重,2023-01-11,7008
2312,金寶,30,0,30,兆豐-三重,2023-01-11,7008
5015,華祺,32,6,26,兆豐-三重,2023-01-11,7008
2027,大成鋼,30,6,24,兆豐-三重,2023-01-11,7008
3093,港建*,24,0,24,兆豐-三重,2023-01-11,7008
2884,玉山金,21,0,21,兆豐-三重,2023-01-11,7008
6443,元晶,20,0,20,兆豐-三重,2023-01-11,7008
1605,華新,73,54,19,兆豐-三重,2023-01-11,7008
2201,裕隆,18,0,18,兆豐-三重,2023-01-11,7008
1599,宏佳騰,13,0,13,兆豐-三重,2023-01-11,7008
3479,安勤,15,2,13,兆豐-三重,2023-01-11,7008
3704,合勤控,16,4,12,兆豐-三重,2023-01-11,7008
2349,錸德,10,0,10,兆豐-三重,2023-01-11,7008
2360,致茂,10,0,10,兆豐-三重,2023-01-11,7008
2613,中櫃,10,0,10,兆豐-三重,2023-01-11,7008
3682,亞太電,10,0,10,兆豐-三重,2023-01-11,7008
2455,全新,13,4,9,兆豐-三重,2023-01-11,7008
2458,義隆,9,0,9,兆豐-三重,2023-01-11,7008
2881,富邦金,8,0,8,兆豐-三重,2023-01-11,7008
2495,普安,8,0,8,兆豐-三重,2023-01-11,7008
6142,友勁,8,0,8,兆豐-三重,2023-01-11,7008
1513,中興電,13,6,7,兆豐-三重,2023-01-11,7008
3454,晶睿,11,4,7,兆豐-三重,2023-01-11,7008
1789,神隆,6,0,6,兆豐-三重,2023-01-11,7008
00674R,期元大S＆P黃金反1,6,0,6,兆豐-三重,2023-01-11,7008
8069,元太,15,9,6,兆豐-三重,2023-01-11,7008
00679B,元大美債20年,5,0,5,兆豐-三重,2023-01-11,7008
2028,威致,5,0,5,兆豐-三重,2023-01-11,7008
3128,昇銳,5,0,5,兆豐-三重,2023-01-11,7008
4943,康控-KY,5,0,5,兆豐-三重,2023-01-11,7008
6182,合晶,10,5,5,兆豐-三重,2023-01-11,7008
6426,統新,5,0,5,兆豐-三重,2023-01-11,7008
2014,中鴻,10,6,4,兆豐-三重,2023-01-11,7008
1718,中纖,4,0,4,兆豐-三重,2023-01-11,7008
2409,友達,5,1,4,兆豐-三重,2023-01-11,7008
2618,長榮航,33,29,4,兆豐-三重,2023-01-11,7008
4961,天鈺,4,0,4,兆豐-三重,2023-01-11,7008
6477,安集,20,16,4,兆豐-三重,2023-01-11,7008
8028,昇陽半導體,4,0,4,兆豐-三重,2023-01-11,7008
8171,天宇,4,0,4,兆豐-三重,2023-01-11,7008
8429,金麗-KY,4,0,4,兆豐-三重,2023-01-11,7008
00900,富邦特選高股息30,3,0,3,兆豐-三重,2023-01-11,7008
1560,中砂,3,0,3,兆豐-三重,2023-01-11,7008
2313,華通,6,3,3,兆豐-三重,2023-01-11,7008
2436,偉詮電,3,0,3,兆豐-三重,2023-01-11,7008
2731,雄獅,3,0,3,兆豐-三重,2023-01-11,7008
2753,八方雲集,4,1,3,兆豐-三重,2023-01-11,7008
5475,德宏,3,0,3,兆豐-三重,2023-01-11,7008
5905,南仁湖,3,0,3,兆豐-三重,2023-01-11,7008
00673R,期元大S＆P原油反1,25,0,25,兆豐-三重,2023-01-12,7008
8044,網家,27,4,23,兆豐-三重,2023-01-12,7008
2358,廷鑫,32,11,21,兆豐-三重,2023-01-12,7008
2312,金寶,20,0,20,兆豐-三重,2023-01-12,7008
3093,港建*,19,0,19,兆豐-三重,2023-01-12,7008
00669R,國泰美國道瓊反1,15,0,15,兆豐-三重,2023-01-12,7008
00632R,元大台灣50反1,15,0,15,兆豐-三重,2023-01-12,7008
00770,國泰北美科技,15,0,15,兆豐-三重,2023-01-12,7008
4743,合一,16,3,13,兆豐-三重,2023-01-12,7008
5347,世界,14,1,13,兆豐-三重,2023-01-12,7008
6274,台燿,39,26,13,兆豐-三重,2023-01-12,7008
3037,欣興,12,0,12,兆豐-三重,2023-01-12,7008
2884,玉山金,11,0,11,兆豐-三重,2023-01-12,7008
8358,金居,25,14,11,兆豐-三重,2023-01-12,7008
1102,亞泥,10,0,10,兆豐-三重,2023-01-12,7008
1810,和成,10,0,10,兆豐-三重,2023-01-12,7008
2328,廣宇,10,0,10,兆豐-三重,2023-01-12,7008
2892,第一金,10,0,10,兆豐-三重,2023-01-12,7008
2641,正德,10,1,9,兆豐-三重,2023-01-12,7008
1101,台泥,9,1,8,兆豐-三重,2023-01-12,7008
2455,全新,13,5,8,兆豐-三重,2023-01-12,7008
4746,台耀,8,0,8,兆豐-三重,2023-01-12,7008
2609,陽明,14,7,7,兆豐-三重,2023-01-12,7008
2636,台驊控股,12,5,7,兆豐-三重,2023-01-12,7008
3317,尼克森,6,0,6,兆豐-三重,2023-01-12,7008
1536,和大,5,0,5,兆豐-三重,2023-01-12,7008
2014,中鴻,5,0,5,兆豐-三重,2023-01-12,7008
2603,長榮,5,0,5,兆豐-三重,2023-01-12,7008
2867,三商壽,5,0,5,兆豐-三重,2023-01-12,7008
3704,合勤控,9,4,5,兆豐-三重,2023-01-12,7008
4943,康控-KY,5,0,5,兆豐-三重,2023-01-12,7008
6118,建達,11,6,5,兆豐-三重,2023-01-12,7008
2022,聚亨,4,0,4,兆豐-三重,2023-01-12,7008
2615,萬海,10,6,4,兆豐-三重,2023-01-12,7008
2882,國泰金,6,2,4,兆豐-三重,2023-01-12,7008
3034,聯詠,5,1,4,兆豐-三重,2023-01-12,7008
4128,中天,5,1,4,兆豐-三重,2023-01-12,7008
1605,華新,57,54,3,兆豐-三重,2023-01-12,7008
1609,大亞,3,0,3,兆豐-三重,2023-01-12,7008
1319,東陽,3,0,3,兆豐-三重,2023-01-12,7008
1789,神隆,3,0,3,兆豐-三重,2023-01-12,7008
2408,南亞科,3,0,3,兆豐-三重,2023-01-12,7008
3466,德晉,3,0,3,兆豐-三重,2023-01-12,7008
5284,jpp-KY,3,0,3,兆豐-三重,2023-01-12,7008
5321,美而快,8,5,3,兆豐-三重,2023-01-12,7008
5388,中磊,3,0,3,兆豐-三重,2023-01-12,7008
6129,普誠,3,0,3,兆豐-三重,2023-01-12,7008
6531,愛普*,3,0,3,兆豐-三重,2023-01-12,7008
8403,盛弘,3,0,3,兆豐-三重,2023-01-12,7008
0050,元大台灣50,2,0,2,兆豐-三重,2023-01-12,7008
2812,台中銀,200,0,200,兆豐-三重,2023-01-13,7008
00885,富邦越南,50,0,50,兆豐-三重,2023-01-13,7008
2312,金寶,50,0,50,兆豐-三重,2023-01-13,7008
0056,元大高股息,22,0,22,兆豐-三重,2023-01-13,7008
2399,映泰,41,20,21,兆豐-三重,2023-01-13,7008
4148,全宇生技-KY,18,0,18,兆豐-三重,2023-01-13,7008
2344,華邦電,15,0,15,兆豐-三重,2023-01-13,7008
2498,宏達電,32,17,15,兆豐-三重,2023-01-13,7008
2014,中鴻,18,5,13,兆豐-三重,2023-01-13,7008
00676R,富邦臺灣加權反1,12,0,12,兆豐-三重,2023-01-13,7008
9962,有益,12,0,12,兆豐-三重,2023-01-13,7008
1584,精剛,14,3,11,兆豐-三重,2023-01-13,7008
1605,華新,16,5,11,兆豐-三重,2023-01-13,7008
1513,中興電,11,0,11,兆豐-三重,2023-01-13,7008
6443,元晶,17,6,11,兆豐-三重,2023-01-13,7008
00640L,富邦日本正2,10,0,10,兆豐-三重,2023-01-13,7008
2358,廷鑫,10,0,10,兆豐-三重,2023-01-13,7008
2388,威盛,10,0,10,兆豐-三重,2023-01-13,7008
3576,聯合再生,10,0,10,兆豐-三重,2023-01-13,7008
4919,新唐,10,0,10,兆豐-三重,2023-01-13,7008
8938,明安,10,0,10,兆豐-三重,2023-01-13,7008
9907,統一實,10,0,10,兆豐-三重,2023-01-13,7008
2615,萬海,10,1,9,兆豐-三重,2023-01-13,7008
1591,駿吉-KY,8,0,8,兆豐-三重,2023-01-13,7008
2468,華經,18,10,8,兆豐-三重,2023-01-13,7008
3105,穩懋,12,4,8,兆豐-三重,2023-01-13,7008
6196,帆宣,10,2,8,兆豐-三重,2023-01-13,7008
00878,國泰永續高股息,11,4,7,兆豐-三重,2023-01-13,7008
1608,華榮,8,1,7,兆豐-三重,2023-01-13,7008
2313,華通,13,6,7,兆豐-三重,2023-01-13,7008
2458,義隆,7,0,7,兆豐-三重,2023-01-13,7008
3017,奇鋐,11,4,7,兆豐-三重,2023-01-13,7008
3504,揚明光,7,0,7,兆豐-三重,2023-01-13,7008
00681R,元大美債20反1,6,0,6,兆豐-三重,2023-01-13,7008
2609,陽明,7,1,6,兆豐-三重,2023-01-13,7008
3265,台星科,7,1,6,兆豐-三重,2023-01-13,7008
00669R,國泰美國道瓊反1,5,0,5,兆豐-三重,2023-01-13,7008
1609,大亞,5,0,5,兆豐-三重,2023-01-13,7008
2009,第一銅,5,0,5,兆豐-三重,2023-01-13,7008
2027,大成鋼,5,0,5,兆豐-三重,2023-01-13,7008
2303,聯電,12,7,5,兆豐-三重,2023-01-13,7008
2367,燿華,5,0,5,兆豐-三重,2023-01-13,7008
2610,華航,10,5,5,兆豐-三重,2023-01-13,7008
2885,元大金,5,0,5,兆豐-三重,2023-01-13,7008
4306,炎洲,5,0,5,兆豐-三重,2023-01-13,7008
4743,合一,5,0,5,兆豐-三重,2023-01-13,7008
5321,美而快,5,0,5,兆豐-三重,2023-01-13,7008
5443,均豪,5,0,5,兆豐-三重,2023-01-13,7008
6605,帝寶,5,0,5,兆豐-三重,2023-01-13,7008
1783,和康生,7,3,4,兆豐-三重,2023-01-13,7008
6142,友勁,167,0,167,兆豐-三重,2023-01-16,7008
00632R,元大台灣50反1,68,0,68,兆豐-三重,2023-01-16,7008
00720B,元大投資級公司債,65,0,65,兆豐-三重,2023-01-16,7008
00772B,中信高評級公司債,40,0,40,兆豐-三重,2023-01-16,7008
2338,光罩,58,20,38,兆豐-三重,2023-01-16,7008
00673R,期元大S＆P原油反1,30,0,30,兆豐-三重,2023-01-16,7008
2890,永豐金,30,0,30,兆豐-三重,2023-01-16,7008
5245,智晶,144,124,20,兆豐-三重,2023-01-16,7008
00674R,期元大S＆P黃金反1,18,0,18,兆豐-三重,2023-01-16,7008
2609,陽明,20,2,18,兆豐-三重,2023-01-16,7008
8086,宏捷科,17,0,17,兆豐-三重,2023-01-16,7008
1101,台泥,10,0,10,兆豐-三重,2023-01-16,7008
4167,松瑞藥,10,0,10,兆豐-三重,2023-01-16,7008
6770,力積電,14,4,10,兆豐-三重,2023-01-16,7008
8076,伍豐,10,0,10,兆豐-三重,2023-01-16,7008
6806,森崴能源,9,0,9,兆豐-三重,2023-01-16,7008
2603,長榮,8,0,8,兆豐-三重,2023-01-16,7008
2606,裕民,7,0,7,兆豐-三重,2023-01-16,7008
4162,智擎,12,5,7,兆豐-三重,2023-01-16,7008
00648R,元大S＆P500反1,6,0,6,兆豐-三重,2023-01-16,7008
00893,國泰智能電動車,6,0,6,兆豐-三重,2023-01-16,7008
2610,華航,61,55,6,兆豐-三重,2023-01-16,7008
9955,佳龍,13,7,6,兆豐-三重,2023-01-16,7008
1605,華新,6,1,5,兆豐-三重,2023-01-16,7008
1783,和康生,5,0,5,兆豐-三重,2023-01-16,7008
1760,寶齡富錦,5,0,5,兆豐-三重,2023-01-16,7008
2438,翔耀,5,0,5,兆豐-三重,2023-01-16,7008
2834,臺企銀,6,1,5,兆豐-三重,2023-01-16,7008
3545,敦泰,5,0,5,兆豐-三重,2023-01-16,7008
1308,亞聚,4,0,4,兆豐-三重,2023-01-16,7008
2230,泰茂,4,0,4,兆豐-三重,2023-01-16,7008
3093,港建*,4,0,4,兆豐-三重,2023-01-16,7008
00882,中信中國高股息,5,1,4,兆豐-三重,2023-01-16,7008
1810,和成,6,3,3,兆豐-三重,2023-01-16,7008
00671R,富邦NASDAQ反1,3,0,3,兆豐-三重,2023-01-16,7008
2428,興勤,3,0,3,兆豐-三重,2023-01-16,7008
3441,聯一光,3,0,3,兆豐-三重,2023-01-16,7008
3508,位速,3,0,3,兆豐-三重,2023-01-16,7008
5347,世界,4,1,3,兆豐-三重,2023-01-16,7008
6015,宏遠證,3,0,3,兆豐-三重,2023-01-16,7008
8038,長園科,3,0,3,兆豐-三重,2023-01-16,7008
00634R,富邦上証反1,2,0,2,兆豐-三重,2023-01-16,7008
00770,國泰北美科技,2,0,2,兆豐-三重,2023-01-16,7008
1216,統一,2,0,2,兆豐-三重,2023-01-16,7008
1529,樂事綠能,2,0,2,兆豐-三重,2023-01-16,7008
2002,中鋼,2,0,2,兆豐-三重,2023-01-16,7008
2360,致茂,2,0,2,兆豐-三重,2023-01-16,7008
2611,志信,2,0,2,兆豐-三重,2023-01-16,7008
2634,漢翔,4,2,2,兆豐-三重,2023-01-16,7008
2707,晶華,2,0,2,兆豐-三重,2023-01-16,7008
2812,台中銀,400,0,400,兆豐-三重,2023-01-17,7008
00878,國泰永續高股息,109,0,109,兆豐-三重,2023-01-17,7008
6142,友勁,51,5,46,兆豐-三重,2023-01-17,7008
00632R,元大台灣50反1,40,0,40,兆豐-三重,2023-01-17,7008
2618,長榮航,46,20,26,兆豐-三重,2023-01-17,7008
00655L,國泰中國A50正2,20,0,20,兆豐-三重,2023-01-17,7008
0056,元大高股息,20,3,17,兆豐-三重,2023-01-17,7008
6547,高端疫苗,17,0,17,兆豐-三重,2023-01-17,7008
2317,鴻海,26,12,14,兆豐-三重,2023-01-17,7008
6274,台燿,20,6,14,兆豐-三重,2023-01-17,7008
3481,群創,20,7,13,兆豐-三重,2023-01-17,7008
2303,聯電,58,47,11,兆豐-三重,2023-01-17,7008
2014,中鴻,14,3,11,兆豐-三重,2023-01-17,7008
00882,中信中國高股息,10,0,10,兆豐-三重,2023-01-17,7008
2498,宏達電,11,2,9,兆豐-三重,2023-01-17,7008
6116,彩晶,9,0,9,兆豐-三重,2023-01-17,7008
1604,聲寶,8,0,8,兆豐-三重,2023-01-17,7008
2002,中鋼,10,3,7,兆豐-三重,2023-01-17,7008
2615,萬海,7,0,7,兆豐-三重,2023-01-17,7008
3046,建��,7,0,7,兆豐-三重,2023-01-17,7008
4979,華星光,11,4,7,兆豐-三重,2023-01-17,7008
5245,智晶,30,23,7,兆豐-三重,2023-01-17,7008
1101,台泥,10,3,7,兆豐-三重,2023-01-17,7008
2465,麗臺,11,5,6,兆豐-三重,2023-01-17,7008
5425,台半,8,2,6,兆豐-三重,2023-01-17,7008
6442,光聖,6,0,6,兆豐-三重,2023-01-17,7008
3479,安勤,6,0,6,兆豐-三重,2023-01-17,7008
1227,佳格,5,0,5,兆豐-三重,2023-01-17,7008
1477,聚陽,5,0,5,兆豐-三重,2023-01-17,7008
2419,仲琦,5,0,5,兆豐-三重,2023-01-17,7008
3037,欣興,8,3,5,兆豐-三重,2023-01-17,7008
6443,元晶,15,10,5,兆豐-三重,2023-01-17,7008
2239,英利-KY,4,0,4,兆豐-三重,2023-01-17,7008
5351,鈺創,5,1,4,兆豐-三重,2023-01-17,7008
6231,系微,4,0,4,兆豐-三重,2023-01-17,7008
6770,力積電,8,4,4,兆豐-三重,2023-01-17,7008
8097,常珵,4,0,4,兆豐-三重,2023-01-17,7008
9945,潤泰新,4,0,4,兆豐-三重,2023-01-17,7008
2885,元大金,4,0,4,兆豐-三重,2023-01-17,7008
0050,元大台灣50,4,1,3,兆豐-三重,2023-01-17,7008
1584,精剛,3,0,3,兆豐-三重,2023-01-17,7008
1219,福壽,5,2,3,兆豐-三重,2023-01-17,7008
00773B,中信優先金融債,3,0,3,兆豐-三重,2023-01-17,7008
2383,台光電,3,0,3,兆豐-三重,2023-01-17,7008
2457,飛宏,3,0,3,兆豐-三重,2023-01-17,7008
3062,建漢,3,0,3,兆豐-三重,2023-01-17,7008
3219,倚強科,3,0,3,兆豐-三重,2023-01-17,7008
3675,德微,4,1,3,兆豐-三重,2023-01-17,7008
5014,建錩,3,0,3,兆豐-三重,2023-01-17,7008
6649,台生材,3,0,3,兆豐-三重,2023-01-17,7008
00632R,元大台灣50反1,103,0,103,兆豐-三重,2023-01-30,7008
00885,富邦越南,113,12,101,兆豐-三重,2023-01-30,7008
2365,昆盈,100,0,100,兆豐-三重,2023-01-30,7008
00664R,國泰臺灣加權反1,54,0,54,兆豐-三重,2023-01-30,7008
00663L,國泰臺灣加權正2,50,0,50,兆豐-三重,2023-01-30,7008
0056,元大高股息,45,10,35,兆豐-三重,2023-01-30,7008
2317,鴻海,94,61,33,兆豐-三重,2023-01-30,7008
2748,雲品,28,0,28,兆豐-三重,2023-01-30,7008
00878,國泰永續高股息,28,1,27,兆豐-三重,2023-01-30,7008
9945,潤泰新,20,0,20,兆豐-三重,2023-01-30,7008
2609,陽明,19,0,19,兆豐-三重,2023-01-30,7008
2603,長榮,17,1,16,兆豐-三重,2023-01-30,7008
6142,友勁,15,0,15,兆豐-三重,2023-01-30,7008
3481,群創,24,13,11,兆豐-三重,2023-01-30,7008
1711,永光,10,0,10,兆豐-三重,2023-01-30,7008
4976,佳凌,10,0,10,兆豐-三重,2023-01-30,7008
6182,合晶,12,2,10,兆豐-三重,2023-01-30,7008
00671R,富邦NASDAQ反1,9,0,9,兆豐-三重,2023-01-30,7008
8033,雷虎,10,2,8,兆豐-三重,2023-01-30,7008
2349,錸德,8,0,8,兆豐-三重,2023-01-30,7008
3219,倚強科,8,0,8,兆豐-三重,2023-01-30,7008
6283,淳安,7,0,7,兆豐-三重,2023-01-30,7008
00648R,元大S＆P500反1,6,0,6,兆豐-三重,2023-01-30,7008
2707,晶華,6,0,6,兆豐-三重,2023-01-30,7008
3035,智原,6,0,6,兆豐-三重,2023-01-30,7008
2601,益航,5,0,5,兆豐-三重,2023-01-30,7008
2891,中信金,5,0,5,兆豐-三重,2023-01-30,7008
4736,泰博,4,0,4,兆豐-三重,2023-01-30,7008
2915,潤泰全,5,1,4,兆豐-三重,2023-01-30,7008
6470,宇智,4,0,4,兆豐-三重,2023-01-30,7008
6649,台生材,4,0,4,兆豐-三重,2023-01-30,7008
2540,愛山林,3,0,3,兆豐-三重,2023-01-30,7008
2753,八方雲集,3,0,3,兆豐-三重,2023-01-30,7008
4162,智擎,26,23,3,兆豐-三重,2023-01-30,7008
5263,智崴,4,1,3,兆豐-三重,2023-01-30,7008
5351,鈺創,5,2,3,兆豐-三重,2023-01-30,7008
5388,中磊,3,0,3,兆豐-三重,2023-01-30,7008
8044,網家,3,0,3,兆豐-三重,2023-01-30,7008
8171,天宇,3,0,3,兆豐-三重,2023-01-30,7008
3661,世芯-KY,8,5,3,兆豐-三重,2023-01-30,7008
2342,茂矽,3,1,2,兆豐-三重,2023-01-30,7008
2615,萬海,3,1,2,兆豐-三重,2023-01-30,7008
3017,奇鋐,2,0,2,兆豐-三重,2023-01-30,7008
3081,聯亞,3,1,2,兆豐-三重,2023-01-30,7008
3083,網龍,2,0,2,兆豐-三重,2023-01-30,7008
3455,由田,2,0,2,兆豐-三重,2023-01-30,7008
3686,達能,2,0,2,兆豐-三重,2023-01-30,7008
4966,譜瑞-KY,2,0,2,兆豐-三重,2023-01-30,7008
5321,美而快,2,0,2,兆豐-三重,2023-01-30,7008
5443,均豪,4,2,2,兆豐-三重,2023-01-30,7008
00905,FT臺灣Smart,253,0,253,兆豐-三重,2023-01-31,7008
2892,第一金,90,0,90,兆豐-三重,2023-01-31,7008
5880,合庫金,50,0,50,兆豐-三重,2023-01-31,7008
00632R,元大台灣50反1,30,2,28,兆豐-三重,2023-01-31,7008
00720B,元大投資級公司債,21,0,21,兆豐-三重,2023-01-31,7008
2104,國際中橡,20,0,20,兆豐-三重,2023-01-31,7008
1529,樂事綠能,20,1,19,兆豐-三重,2023-01-31,7008
4961,天鈺,18,1,17,兆豐-三重,2023-01-31,7008
5347,世界,17,0,17,兆豐-三重,2023-01-31,7008
3591,艾笛森,16,0,16,兆豐-三重,2023-01-31,7008
2887,台新金,15,0,15,兆豐-三重,2023-01-31,7008
2031,新光鋼,12,0,12,兆豐-三重,2023-01-31,7008
5425,台半,26,14,12,兆豐-三重,2023-01-31,7008
2881,富邦金,10,0,10,兆豐-三重,2023-01-31,7008
2408,南亞科,10,1,9,兆豐-三重,2023-01-31,7008
2610,華航,10,1,9,兆豐-三重,2023-01-31,7008
2851,中再保,9,0,9,兆豐-三重,2023-01-31,7008
4979,華星光,18,9,9,兆豐-三重,2023-01-31,7008
8358,金居,10,1,9,兆豐-三重,2023-01-31,7008
2344,華邦電,9,1,8,兆豐-三重,2023-01-31,7008
2890,永豐金,8,0,8,兆豐-三重,2023-01-31,7008
4915,致伸,14,6,8,兆豐-三重,2023-01-31,7008
6770,力積電,10,2,8,兆豐-三重,2023-01-31,7008
2009,第一銅,7,0,7,兆豐-三重,2023-01-31,7008
2014,中鴻,12,5,7,兆豐-三重,2023-01-31,7008
2883,凱基金,7,0,7,兆豐-三重,2023-01-31,7008
3047,訊舟,7,0,7,兆豐-三重,2023-01-31,7008
5284,jpp-KY,7,0,7,兆豐-三重,2023-01-31,7008
1612,宏泰,7,1,6,兆豐-三重,2023-01-31,7008
2312,金寶,6,0,6,兆豐-三重,2023-01-31,7008
3105,穩懋,6,0,6,兆豐-三重,2023-01-31,7008
3406,玉晶光,6,0,6,兆豐-三重,2023-01-31,7008
3545,敦泰,6,0,6,兆豐-三重,2023-01-31,7008
4142,國光生,6,0,6,兆豐-三重,2023-01-31,7008
6477,安集,6,0,6,兆豐-三重,2023-01-31,7008
6874,倍力,6,0,6,兆豐-三重,2023-01-31,7008
8110,華東,6,0,6,兆豐-三重,2023-01-31,7008
9945,潤泰新,6,0,6,兆豐-三重,2023-01-31,7008
1477,聚陽,5,0,5,兆豐-三重,2023-01-31,7008
00891,中信關鍵半導體,5,0,5,兆豐-三重,2023-01-31,7008
00885,富邦越南,5,0,5,兆豐-三重,2023-01-31,7008
2368,金像電,6,1,5,兆豐-三重,2023-01-31,7008
2402,毅嘉,5,0,5,兆豐-三重,2023-01-31,7008
2412,中華電,8,3,5,兆豐-三重,2023-01-31,7008
2609,陽明,32,27,5,兆豐-三重,2023-01-31,7008
8038,長園科,5,0,5,兆豐-三重,2023-01-31,7008
8046,南電,5,0,5,兆豐-三重,2023-01-31,7008
8086,宏捷科,5,0,5,兆豐-三重,2023-01-31,7008
5871,中租-KY,4,0,4,兆豐-三重,2023-01-31,7008
1789,神隆,4,0,4,兆豐-三重,2023-01-31,7008
1402,遠東新,101,0,101,兆豐-三重,2023-02-01,7008
0056,元大高股息,81,1,80,兆豐-三重,2023-02-01,7008
00878,國泰永續高股息,64,0,64,兆豐-三重,2023-02-01,7008
2610,華航,55,9,46,兆豐-三重,2023-02-01,7008
6443,元晶,51,19,32,兆豐-三重,2023-02-01,7008
1513,中興電,32,4,28,兆豐-三重,2023-02-01,7008
1734,杏輝,26,0,26,兆豐-三重,2023-02-01,7008
3481,群創,33,10,23,兆豐-三重,2023-02-01,7008
4979,華星光,26,4,22,兆豐-三重,2023-02-01,7008
6220,岳豐,19,3,16,兆豐-三重,2023-02-01,7008
6165,浪凡,13,0,13,兆豐-三重,2023-02-01,7008
4743,合一,12,1,11,兆豐-三重,2023-02-01,7008
2031,新光鋼,39,28,11,兆豐-三重,2023-02-01,7008
2455,全新,13,2,11,兆豐-三重,2023-02-01,7008
5351,鈺創,15,4,11,兆豐-三重,2023-02-01,7008
2338,光罩,10,0,10,兆豐-三重,2023-02-01,7008
1217,愛之味,10,0,10,兆豐-三重,2023-02-01,7008
00637L,元大滬深300正2,10,0,10,兆豐-三重,2023-02-01,7008
00728,第一金工業30,10,0,10,兆豐-三重,2023-02-01,7008
2017,官田鋼,10,0,10,兆豐-三重,2023-02-01,7008
3576,聯合再生,10,0,10,兆豐-三重,2023-02-01,7008
5284,jpp-KY,9,0,9,兆豐-三重,2023-02-01,7008
8222,寶一,11,2,9,兆豐-三重,2023-02-01,7008
3105,穩懋,9,1,8,兆豐-三重,2023-02-01,7008
00905,FT臺灣Smart,8,0,8,兆豐-三重,2023-02-01,7008
2409,友達,14,7,7,兆豐-三重,2023-02-01,7008
2330,台積電,9,2,7,兆豐-三重,2023-02-01,7008
4906,正文,7,0,7,兆豐-三重,2023-02-01,7008
6550,北極星藥業-KY,17,10,7,兆豐-三重,2023-02-01,7008
00671R,富邦NASDAQ反1,6,0,6,兆豐-三重,2023-02-01,7008
2465,麗臺,6,0,6,兆豐-三重,2023-02-01,7008
2891,中信金,6,0,6,兆豐-三重,2023-02-01,7008
2906,高林,6,0,6,兆豐-三重,2023-02-01,7008
3264,欣銓,8,2,6,兆豐-三重,2023-02-01,7008
6109,亞元,6,0,6,兆豐-三重,2023-02-01,7008
6142,友勁,8,2,6,兆豐-三重,2023-02-01,7008
6195,詩肯,6,0,6,兆豐-三重,2023-02-01,7008
00636,國泰中國A50,5,0,5,兆豐-三重,2023-02-01,7008
3046,建��,5,0,5,兆豐-三重,2023-02-01,7008
4950,牧東,5,0,5,兆豐-三重,2023-02-01,7008
8121,越峰,6,1,5,兆豐-三重,2023-02-01,7008
1584,精剛,10,6,4,兆豐-三重,2023-02-01,7008
1708,東鹼,6,2,4,兆豐-三重,2023-02-01,7008
1789,神隆,4,0,4,兆豐-三重,2023-02-01,7008
2383,台光電,4,0,4,兆豐-三重,2023-02-01,7008
2603,長榮,5,1,4,兆豐-三重,2023-02-01,7008
2867,三商壽,4,0,4,兆豐-三重,2023-02-01,7008
3013,晟銘電,4,0,4,兆豐-三重,2023-02-01,7008
3047,訊舟,4,0,4,兆豐-三重,2023-02-01,7008
3128,昇銳,4,0,4,兆豐-三重,2023-02-01,7008
00878,國泰永續高股息,223,23,200,兆豐-三重,2023-02-02,7008
00632R,元大台灣50反1,114,0,114,兆豐-三重,2023-02-02,7008
00675L,富邦臺灣加權正2,101,0,101,兆豐-三重,2023-02-02,7008
00720B,元大投資級公司債,70,0,70,兆豐-三重,2023-02-02,7008
1714,和桐,60,0,60,兆豐-三重,2023-02-02,7008
00671R,富邦NASDAQ反1,56,0,56,兆豐-三重,2023-02-02,7008
2618,長榮航,86,33,53,兆豐-三重,2023-02-02,7008
6443,元晶,58,13,45,兆豐-三重,2023-02-02,7008
0056,元大高股息,85,43,42,兆豐-三重,2023-02-02,7008
2201,裕隆,52,16,36,兆豐-三重,2023-02-02,7008
2834,臺企銀,30,0,30,兆豐-三重,2023-02-02,7008
9962,有益,30,1,29,兆豐-三重,2023-02-02,7008
2892,第一金,26,0,26,兆豐-三重,2023-02-02,7008
00674R,期元大S＆P黃金反1,24,0,24,兆豐-三重,2023-02-02,7008
00903,富邦元宇宙,20,0,20,兆豐-三重,2023-02-02,7008
2104,國際中橡,20,1,19,兆豐-三重,2023-02-02,7008
8088,品安,18,0,18,兆豐-三重,2023-02-02,7008
2616,山隆,15,0,15,兆豐-三重,2023-02-02,7008
3704,合勤控,20,7,13,兆豐-三重,2023-02-02,7008
5483,中美晶,13,1,12,兆豐-三重,2023-02-02,7008
8358,金居,17,5,12,兆豐-三重,2023-02-02,7008
6806,森崴能源,11,0,11,兆豐-三重,2023-02-02,7008
1476,儒鴻,12,2,10,兆豐-三重,2023-02-02,7008
00770,國泰北美科技,10,0,10,兆豐-三重,2023-02-02,7008
00692,富邦公司治理,10,0,10,兆豐-三重,2023-02-02,7008
1611,中電,10,0,10,兆豐-三重,2023-02-02,7008
5880,合庫金,10,0,10,兆豐-三重,2023-02-02,7008
00681R,元大美債20反1,9,0,9,兆豐-三重,2023-02-02,7008
00885,富邦越南,10,1,9,兆豐-三重,2023-02-02,7008
1605,華新,27,18,9,兆豐-三重,2023-02-02,7008
1524,耿鼎,8,0,8,兆豐-三重,2023-02-02,7008
1701,中化,8,0,8,兆豐-三重,2023-02-02,7008
6143,振曜,11,3,8,兆豐-三重,2023-02-02,7008
6278,台表科,20,12,8,兆豐-三重,2023-02-02,7008
8050,廣積,8,0,8,兆豐-三重,2023-02-02,7008
3479,安勤,7,0,7,兆豐-三重,2023-02-02,7008
6153,嘉聯益,9,2,7,兆豐-三重,2023-02-02,7008
6274,台燿,17,10,7,兆豐-三重,2023-02-02,7008
6788,華景電,7,0,7,兆豐-三重,2023-02-02,7008
2458,義隆,16,10,6,兆豐-三重,2023-02-02,7008
2609,陽明,15,9,6,兆豐-三重,2023-02-02,7008
2707,晶華,6,0,6,兆豐-三重,2023-02-02,7008
3037,欣興,10,4,6,兆豐-三重,2023-02-02,7008
2337,旺宏,14,9,5,兆豐-三重,2023-02-02,7008
1313,聯成,10,5,5,兆豐-三重,2023-02-02,7008
00881,國泰台灣5G+,5,0,5,兆豐-三重,2023-02-02,7008
00919,群益台灣精選高息,5,0,5,兆豐-三重,2023-02-02,7008
2312,金寶,5,0,5,兆豐-三重,2023-02-02,7008
2468,華經,12,7,5,兆豐-三重,2023-02-02,7008
2606,裕民,5,0,5,兆豐-三重,2023-02-02,7008
2882,國泰金,111,0,111,兆豐-三重,2023-02-03,7008
00715L,期街口布蘭特正2,69,0,69,兆豐-三重,2023-02-03,7008
00720B,元大投資級公司債,50,0,50,兆豐-三重,2023-02-03,7008
2498,宏達電,81,32,49,兆豐-三重,2023-02-03,7008
2317,鴻海,31,1,30,兆豐-三重,2023-02-03,7008
6165,浪凡,30,0,30,兆豐-三重,2023-02-03,7008
6266,泰詠,39,10,29,兆豐-三重,2023-02-03,7008
00642U,期元大S＆P石油,26,0,26,兆豐-三重,2023-02-03,7008
6770,力積電,34,8,26,兆豐-三重,2023-02-03,7008
4129,聯合,22,0,22,兆豐-三重,2023-02-03,7008
3205,佰研,21,0,21,兆豐-三重,2023-02-03,7008
00632R,元大台灣50反1,20,0,20,兆豐-三重,2023-02-03,7008
00772B,中信高評級公司債,20,0,20,兆豐-三重,2023-02-03,7008
2201,裕隆,43,23,20,兆豐-三重,2023-02-03,7008
1513,中興電,25,6,19,兆豐-三重,2023-02-03,7008
1417,嘉裕,19,0,19,兆豐-三重,2023-02-03,7008
9962,有益,19,0,19,兆豐-三重,2023-02-03,7008
2027,大成鋼,20,2,18,兆豐-三重,2023-02-03,7008
2388,威盛,25,7,18,兆豐-三重,2023-02-03,7008
3508,位速,18,0,18,兆豐-三重,2023-02-03,7008
4116,明基醫,17,0,17,兆豐-三重,2023-02-03,7008
1453,大將,16,0,16,兆豐-三重,2023-02-03,7008
6109,亞元,16,0,16,兆豐-三重,2023-02-03,7008
00882,中信中國高股息,16,0,16,兆豐-三重,2023-02-03,7008
2409,友達,25,10,15,兆豐-三重,2023-02-03,7008
6118,建達,24,9,15,兆豐-三重,2023-02-03,7008
8222,寶一,15,0,15,兆豐-三重,2023-02-03,7008
1810,和成,15,1,14,兆豐-三重,2023-02-03,7008
1584,精剛,18,5,13,兆豐-三重,2023-02-03,7008
8088,品安,13,0,13,兆豐-三重,2023-02-03,7008
3661,世芯-KY,15,3,12,兆豐-三重,2023-02-03,7008
2305,全友,12,0,12,兆豐-三重,2023-02-03,7008
2613,中櫃,22,10,12,兆豐-三重,2023-02-03,7008
5603,陸海,12,0,12,兆豐-三重,2023-02-03,7008
6133,金橋,12,0,12,兆豐-三重,2023-02-03,7008
1524,耿鼎,16,5,11,兆豐-三重,2023-02-03,7008
5009,榮剛,11,0,11,兆豐-三重,2023-02-03,7008
6129,普誠,32,21,11,兆豐-三重,2023-02-03,7008
1522,堤維西,10,0,10,兆豐-三重,2023-02-03,7008
1734,杏輝,10,0,10,兆豐-三重,2023-02-03,7008
3013,晟銘電,10,0,10,兆豐-三重,2023-02-03,7008
3432,台端,10,0,10,兆豐-三重,2023-02-03,7008
4943,康控-KY,10,0,10,兆豐-三重,2023-02-03,7008
3047,訊舟,16,7,9,兆豐-三重,2023-02-03,7008
3701,大眾控,9,0,9,兆豐-三重,2023-02-03,7008
4114,健喬,19,10,9,兆豐-三重,2023-02-03,7008
00675L,富邦臺灣加權正2,8,0,8,兆豐-三重,2023-02-03,7008
2455,全新,8,0,8,兆豐-三重,2023-02-03,7008
3466,德晉,8,0,8,兆豐-三重,2023-02-03,7008
4106,雃博,8,0,8,兆豐-三重,2023-02-03,7008
00878,國泰永續高股息,94,0,94,兆豐-三重,2023-02-06,7008
2618,長榮航,133,74,59,兆豐-三重,2023-02-06,7008
1783,和康生,46,11,35,兆豐-三重,2023-02-06,7008
3037,欣興,37,7,30,兆豐-三重,2023-02-06,7008
1734,杏輝,30,0,30,兆豐-三重,2023-02-06,7008
6443,元晶,30,1,29,兆豐-三重,2023-02-06,7008
2061,風青,26,0,26,兆豐-三重,2023-02-06,7008
00772B,中信高評級公司債,23,0,23,兆豐-三重,2023-02-06,7008
2603,長榮,25,4,21,兆豐-三重,2023-02-06,7008
2609,陽明,33,12,21,兆豐-三重,2023-02-06,7008
2891,中信金,24,5,19,兆豐-三重,2023-02-06,7008
8046,南電,19,2,17,兆豐-三重,2023-02-06,7008
2033,佳大,16,0,16,兆豐-三重,2023-02-06,7008
3545,敦泰,20,4,16,兆豐-三重,2023-02-06,7008
9904,寶成,14,0,14,兆豐-三重,2023-02-06,7008
00675L,富邦臺灣加權正2,22,9,13,兆豐-三重,2023-02-06,7008
5478,智冠,11,0,11,兆豐-三重,2023-02-06,7008
1229,聯華,10,0,10,兆豐-三重,2023-02-06,7008
2425,承啟,10,0,10,兆豐-三重,2023-02-06,7008
3035,智原,25,15,10,兆豐-三重,2023-02-06,7008
6116,彩晶,10,0,10,兆豐-三重,2023-02-06,7008
8289,泰藝,10,0,10,兆豐-三重,2023-02-06,7008
2884,玉山金,10,0,10,兆豐-三重,2023-02-06,7008
00882,中信中國高股息,9,0,9,兆豐-三重,2023-02-06,7008
2328,廣宇,12,3,9,兆豐-三重,2023-02-06,7008
6231,系微,9,0,9,兆豐-三重,2023-02-06,7008
2201,裕隆,14,6,8,兆豐-三重,2023-02-06,7008
5284,jpp-KY,8,0,8,兆豐-三重,2023-02-06,7008
1720,生達,7,0,7,兆豐-三重,2023-02-06,7008
00632R,元大台灣50反1,7,0,7,兆豐-三重,2023-02-06,7008
2615,萬海,10,3,7,兆豐-三重,2023-02-06,7008
3293,鈊象,7,0,7,兆豐-三重,2023-02-06,7008
0050,元大台灣50,8,1,7,兆豐-三重,2023-02-06,7008
00642U,期元大S＆P石油,6,0,6,兆豐-三重,2023-02-06,7008
00720B,元大投資級公司債,6,0,6,兆豐-三重,2023-02-06,7008
2748,雲品,10,4,6,兆豐-三重,2023-02-06,7008
3176,基亞,6,0,6,兆豐-三重,2023-02-06,7008
3675,德微,6,0,6,兆豐-三重,2023-02-06,7008
5353,台林,6,0,6,兆豐-三重,2023-02-06,7008
5425,台半,11,5,6,兆豐-三重,2023-02-06,7008
6576,逸達,6,0,6,兆豐-三重,2023-02-06,7008
6770,力積電,6,0,6,兆豐-三重,2023-02-06,7008
00900,富邦特選高股息30,6,1,5,兆豐-三重,2023-02-06,7008
1215,卜蜂,5,0,5,兆豐-三重,2023-02-06,7008
1227,佳格,5,0,5,兆豐-三重,2023-02-06,7008
00715L,期街口布蘭特正2,5,0,5,兆豐-三重,2023-02-06,7008
2009,第一銅,5,0,5,兆豐-三重,2023-02-06,7008
2367,燿華,5,0,5,兆豐-三重,2023-02-06,7008
2890,永豐金,5,0,5,兆豐-三重,2023-02-06,7008
3013,晟銘電,5,0,5,兆豐-三重,2023-02-06,7008
2002,中鋼,128,0,128,兆豐-三重,2023-02-07,7008
2317,鴻海,517,420,97,兆豐-三重,2023-02-07,7008
2504,國產,50,3,47,兆豐-三重,2023-02-07,7008
00679B,元大美債20年,35,0,35,兆豐-三重,2023-02-07,7008
2618,長榮航,35,0,35,兆豐-三重,2023-02-07,7008
2882,國泰金,30,3,27,兆豐-三重,2023-02-07,7008
2892,第一金,24,0,24,兆豐-三重,2023-02-07,7008
6667,信紘科,28,5,23,兆豐-三重,2023-02-07,7008
2498,宏達電,28,7,21,兆豐-三重,2023-02-07,7008
2607,榮運,20,0,20,兆豐-三重,2023-02-07,7008
6116,彩晶,18,0,18,兆豐-三重,2023-02-07,7008
1752,南光,21,7,14,兆豐-三重,2023-02-07,7008
2891,中信金,16,5,11,兆豐-三重,2023-02-07,7008
4911,德英,11,0,11,兆豐-三重,2023-02-07,7008
00882,中信中國高股息,10,0,10,兆豐-三重,2023-02-07,7008
00715L,期街口布蘭特正2,10,0,10,兆豐-三重,2023-02-07,7008
2748,雲品,14,4,10,兆豐-三重,2023-02-07,7008
3693,營邦,12,2,10,兆豐-三重,2023-02-07,7008
6134,萬旭,10,0,10,兆豐-三重,2023-02-07,7008
6231,系微,10,1,9,兆豐-三重,2023-02-07,7008
6235,華孚,45,36,9,兆豐-三重,2023-02-07,7008
2344,華邦電,9,2,7,兆豐-三重,2023-02-07,7008
8996,高力,14,7,7,兆豐-三重,2023-02-07,7008
00904,新光臺灣半導體30,6,0,6,兆豐-三重,2023-02-07,7008
2465,麗臺,6,0,6,兆豐-三重,2023-02-07,7008
9945,潤泰新,5,0,5,兆豐-三重,2023-02-07,7008
00753L,中信中國50正2,5,0,5,兆豐-三重,2023-02-07,7008
00701,國泰股利精選30,5,0,5,兆豐-三重,2023-02-07,7008
00900,富邦特選高股息30,5,0,5,兆豐-三重,2023-02-07,7008
1536,和大,5,0,5,兆豐-三重,2023-02-07,7008
00905,FT臺灣Smart,5,0,5,兆豐-三重,2023-02-07,7008
2408,南亞科,5,0,5,兆豐-三重,2023-02-07,7008
2609,陽明,11,6,5,兆豐-三重,2023-02-07,7008
2887,台新金,5,0,5,兆豐-三重,2023-02-07,7008
3189,景碩,6,1,5,兆豐-三重,2023-02-07,7008
3231,緯創,5,0,5,兆豐-三重,2023-02-07,7008
5243,乙盛-KY,6,1,5,兆豐-三重,2023-02-07,7008
5351,鈺創,5,0,5,兆豐-三重,2023-02-07,7008
2455,全新,4,0,4,兆豐-三重,2023-02-07,7008
4162,智擎,38,34,4,兆豐-三重,2023-02-07,7008
6556,勝品,5,1,4,兆豐-三重,2023-02-07,7008
6669,緯穎,5,1,4,兆豐-三重,2023-02-07,7008
8033,雷虎,6,2,4,兆豐-三重,2023-02-07,7008
1513,中興電,7,4,3,兆豐-三重,2023-02-07,7008
00632R,元大台灣50反1,3,0,3,兆豐-三重,2023-02-07,7008
00671R,富邦NASDAQ反1,3,0,3,兆豐-三重,2023-02-07,7008
1795,美時,14,11,3,兆豐-三重,2023-02-07,7008
1909,榮成,3,0,3,兆豐-三重,2023-02-07,7008
2201,裕隆,3,0,3,兆豐-三重,2023-02-07,7008
2610,華航,95,92,3,兆豐-三重,2023-02-07,7008
0056,元大高股息,126,5,121,兆豐-三重,2023-02-08,7008
00720B,元大投資級公司債,112,0,112,兆豐-三重,2023-02-08,7008
2888,新光金,105,0,105,兆豐-三重,2023-02-08,7008
2882,國泰金,71,3,68,兆豐-三重,2023-02-08,7008
2618,長榮航,43,1,42,兆豐-三重,2023-02-08,7008
2312,金寶,30,0,30,兆豐-三重,2023-02-08,7008
6234,高僑,30,0,30,兆豐-三重,2023-02-08,7008
6443,元晶,21,1,20,兆豐-三重,2023-02-08,7008
5425,台半,14,0,14,兆豐-三重,2023-02-08,7008
6182,合晶,17,3,14,兆豐-三重,2023-02-08,7008
00679B,元大美債20年,12,0,12,兆豐-三重,2023-02-08,7008
5284,jpp-KY,12,0,12,兆豐-三重,2023-02-08,7008
6547,高端疫苗,11,0,11,兆豐-三重,2023-02-08,7008
00673R,期元大S＆P原油反1,10,0,10,兆豐-三重,2023-02-08,7008
1701,中化,10,0,10,兆豐-三重,2023-02-08,7008
2412,中華電,30,20,10,兆豐-三重,2023-02-08,7008
2453,凌群,10,0,10,兆豐-三重,2023-02-08,7008
3128,昇銳,10,0,10,兆豐-三重,2023-02-08,7008
4961,天鈺,11,1,10,兆豐-三重,2023-02-08,7008
3483,力致,9,0,9,兆豐-三重,2023-02-08,7008
5351,鈺創,17,8,9,兆豐-三重,2023-02-08,7008
9902,台火,9,0,9,兆豐-三重,2023-02-08,7008
00885,富邦越南,10,2,8,兆豐-三重,2023-02-08,7008
1783,和康生,12,4,8,兆豐-三重,2023-02-08,7008
2610,華航,8,0,8,兆豐-三重,2023-02-08,7008
2009,第一銅,9,2,7,兆豐-三重,2023-02-08,7008
00893,國泰智能電動車,9,2,7,兆豐-三重,2023-02-08,7008
2402,毅嘉,7,0,7,兆豐-三重,2023-02-08,7008
2498,宏達電,51,44,7,兆豐-三重,2023-02-08,7008
3202,樺晟,7,0,7,兆豐-三重,2023-02-08,7008
6768,志強-KY,7,0,7,兆豐-三重,2023-02-08,7008
9945,潤泰新,6,0,6,兆豐-三重,2023-02-08,7008
1536,和大,6,0,6,兆豐-三重,2023-02-08,7008
1605,華新,10,4,6,兆豐-三重,2023-02-08,7008
00671R,富邦NASDAQ反1,6,0,6,兆豐-三重,2023-02-08,7008
2014,中鴻,8,2,6,兆豐-三重,2023-02-08,7008
2887,台新金,6,0,6,兆豐-三重,2023-02-08,7008
3022,威強電,10,4,6,兆豐-三重,2023-02-08,7008
3081,聯亞,10,4,6,兆豐-三重,2023-02-08,7008
6239,力成,6,0,6,兆豐-三重,2023-02-08,7008
3691,碩禾,6,0,6,兆豐-三重,2023-02-08,7008
00636,國泰中國A50,5,0,5,兆豐-三重,2023-02-08,7008
00637L,元大滬深300正2,5,0,5,兆豐-三重,2023-02-08,7008
1227,佳格,5,0,5,兆豐-三重,2023-02-08,7008
00665L,富邦�琤肭磪囓�2,5,0,5,兆豐-三重,2023-02-08,7008
00830,國泰費城半導體,5,0,5,兆豐-三重,2023-02-08,7008
1752,南光,5,0,5,兆豐-三重,2023-02-08,7008
2027,大成鋼,5,0,5,兆豐-三重,2023-02-08,7008
2371,大同,5,0,5,兆豐-三重,2023-02-08,7008
2483,百容,5,0,5,兆豐-三重,2023-02-08,7008
1810,和成,60,1,59,兆豐-三重,2023-02-09,7008
2388,威盛,58,24,34,兆豐-三重,2023-02-09,7008
00673R,期元大S＆P原油反1,32,0,32,兆豐-三重,2023-02-09,7008
2888,新光金,30,0,30,兆豐-三重,2023-02-09,7008
5706,鳳凰,29,0,29,兆豐-三重,2023-02-09,7008
2312,金寶,30,3,27,兆豐-三重,2023-02-09,7008
00632R,元大台灣50反1,22,2,20,兆豐-三重,2023-02-09,7008
1815,富喬,20,0,20,兆豐-三重,2023-02-09,7008
3444,利機,17,0,17,兆豐-三重,2023-02-09,7008
6129,普誠,20,4,16,兆豐-三重,2023-02-09,7008
2401,凌陽,16,1,15,兆豐-三重,2023-02-09,7008
8044,網家,13,0,13,兆豐-三重,2023-02-09,7008
8358,金居,13,0,13,兆豐-三重,2023-02-09,7008
2313,華通,12,0,12,兆豐-三重,2023-02-09,7008
2367,燿華,13,1,12,兆豐-三重,2023-02-09,7008
1795,美時,13,2,11,兆豐-三重,2023-02-09,7008
2492,華新科,11,0,11,兆豐-三重,2023-02-09,7008
00878,國泰永續高股息,10,0,10,兆豐-三重,2023-02-09,7008
2344,華邦電,14,4,10,兆豐-三重,2023-02-09,7008
2885,元大金,10,0,10,兆豐-三重,2023-02-09,7008
3591,艾笛森,10,0,10,兆豐-三重,2023-02-09,7008
2455,全新,7,0,7,兆豐-三重,2023-02-09,7008
2613,中櫃,7,0,7,兆豐-三重,2023-02-09,7008
1309,台達化,6,0,6,兆豐-三重,2023-02-09,7008
2707,晶華,6,0,6,兆豐-三重,2023-02-09,7008
8086,宏捷科,6,0,6,兆豐-三重,2023-02-09,7008
2891,中信金,5,0,5,兆豐-三重,2023-02-09,7008
1783,和康生,5,0,5,兆豐-三重,2023-02-09,7008
1409,新纖,5,0,5,兆豐-三重,2023-02-09,7008
2302,麗正,5,0,5,兆豐-三重,2023-02-09,7008
2425,承啟,10,5,5,兆豐-三重,2023-02-09,7008
2609,陽明,5,0,5,兆豐-三重,2023-02-09,7008
3034,聯詠,6,1,5,兆豐-三重,2023-02-09,7008
6142,友勁,5,0,5,兆豐-三重,2023-02-09,7008
6156,松上,5,0,5,兆豐-三重,2023-02-09,7008
8299,群聯,6,1,5,兆豐-三重,2023-02-09,7008
1609,大亞,4,0,4,兆豐-三重,2023-02-09,7008
2201,裕隆,5,1,4,兆豐-三重,2023-02-09,7008
2465,麗臺,4,0,4,兆豐-三重,2023-02-09,7008
2615,萬海,4,0,4,兆豐-三重,2023-02-09,7008
2880,華南金,4,0,4,兆豐-三重,2023-02-09,7008
3059,華晶科,4,0,4,兆豐-三重,2023-02-09,7008
3481,群創,107,103,4,兆豐-三重,2023-02-09,7008
4911,德英,4,0,4,兆豐-三重,2023-02-09,7008
4919,新唐,7,3,4,兆豐-三重,2023-02-09,7008
4960,誠美材,4,0,4,兆豐-三重,2023-02-09,7008
6235,華孚,54,50,4,兆豐-三重,2023-02-09,7008
6441,廣錠,4,0,4,兆豐-三重,2023-02-09,7008
6531,愛普*,11,7,4,兆豐-三重,2023-02-09,7008
6547,高端疫苗,4,0,4,兆豐-三重,2023-02-09,7008
6190,萬泰科,111,41,70,兆豐-三重,2023-02-10,7008
2303,聯電,84,21,63,兆豐-三重,2023-02-10,7008
2618,長榮航,61,0,61,兆豐-三重,2023-02-10,7008
2888,新光金,35,0,35,兆豐-三重,2023-02-10,7008
3479,安勤,28,2,26,兆豐-三重,2023-02-10,7008
00673R,期元大S＆P原油反1,20,0,20,兆豐-三重,2023-02-10,7008
2302,麗正,20,0,20,兆豐-三重,2023-02-10,7008
1584,精剛,59,40,19,兆豐-三重,2023-02-10,7008
6806,森崴能源,50,31,19,兆豐-三重,2023-02-10,7008
2609,陽明,42,24,18,兆豐-三重,2023-02-10,7008
00878,國泰永續高股息,17,0,17,兆豐-三重,2023-02-10,7008
6443,元晶,17,0,17,兆豐-三重,2023-02-10,7008
2603,長榮,23,7,16,兆豐-三重,2023-02-10,7008
1524,耿鼎,14,0,14,兆豐-三重,2023-02-10,7008
5425,台半,36,22,14,兆豐-三重,2023-02-10,7008
6282,康舒,15,1,14,兆豐-三重,2023-02-10,7008
1513,中興電,16,3,13,兆豐-三重,2023-02-10,7008
00679B,元大美債20年,13,0,13,兆豐-三重,2023-02-10,7008
6142,友勁,12,0,12,兆豐-三重,2023-02-10,7008
6531,愛普*,14,2,12,兆豐-三重,2023-02-10,7008
2425,承啟,18,7,11,兆豐-三重,2023-02-10,7008
2610,華航,12,1,11,兆豐-三重,2023-02-10,7008
2748,雲品,11,0,11,兆豐-三重,2023-02-10,7008
5309,系統電,11,0,11,兆豐-三重,2023-02-10,7008
00712,復華富時不動產,10,0,10,兆豐-三重,2023-02-10,7008
00891,中信關鍵半導體,10,0,10,兆豐-三重,2023-02-10,7008
00632R,元大台灣50反1,10,0,10,兆豐-三重,2023-02-10,7008
00728,第一金工業30,10,0,10,兆豐-三重,2023-02-10,7008
1460,宏遠,10,0,10,兆豐-三重,2023-02-10,7008
1605,華新,31,21,10,兆豐-三重,2023-02-10,7008
1701,中化,11,1,10,兆豐-三重,2023-02-10,7008
3231,緯創,10,0,10,兆豐-三重,2023-02-10,7008
4533,協易機,10,0,10,兆豐-三重,2023-02-10,7008
6234,高僑,10,0,10,兆豐-三重,2023-02-10,7008
1795,美時,12,2,10,兆豐-三重,2023-02-10,7008
6138,茂達,17,8,9,兆豐-三重,2023-02-10,7008
2498,宏達電,15,6,9,兆豐-三重,2023-02-10,7008
4503,金雨,9,0,9,兆豐-三重,2023-02-10,7008
2349,錸德,10,1,9,兆豐-三重,2023-02-10,7008
2634,漢翔,28,20,8,兆豐-三重,2023-02-10,7008
4102,永日,8,0,8,兆豐-三重,2023-02-10,7008
8171,天宇,8,0,8,兆豐-三重,2023-02-10,7008
8358,金居,9,1,8,兆豐-三重,2023-02-10,7008
2049,上銀,7,0,7,兆豐-三重,2023-02-10,7008
4171,瑞基,7,0,7,兆豐-三重,2023-02-10,7008
3356,奇偶,6,0,6,兆豐-三重,2023-02-10,7008
3545,敦泰,6,0,6,兆豐-三重,2023-02-10,7008
6488,環球晶,16,10,6,兆豐-三重,2023-02-10,7008
1536,和大,5,0,5,兆豐-三重,2023-02-10,7008
1515,力山,5,0,5,兆豐-三重,2023-02-10,7008
6235,華孚,201,84,117,兆豐-三重,2023-02-13,7008
00632R,元大台灣50反1,45,0,45,兆豐-三重,2023-02-13,7008
2748,雲品,35,0,35,兆豐-三重,2023-02-13,7008
3013,晟銘電,37,5,32,兆豐-三重,2023-02-13,7008
2607,榮運,30,0,30,兆豐-三重,2023-02-13,7008
2615,萬海,29,2,27,兆豐-三重,2023-02-13,7008
00673R,期元大S＆P原油反1,22,0,22,兆豐-三重,2023-02-13,7008
2349,錸德,20,0,20,兆豐-三重,2023-02-13,7008
6593,台灣銘板,20,0,20,兆豐-三重,2023-02-13,7008
00679B,元大美債20年,17,0,17,兆豐-三重,2023-02-13,7008
6625,必應,17,0,17,兆豐-三重,2023-02-13,7008
6695,芯鼎,17,0,17,兆豐-三重,2023-02-13,7008
2409,友達,17,2,15,兆豐-三重,2023-02-13,7008
3576,聯合再生,15,0,15,兆豐-三重,2023-02-13,7008
0056,元大高股息,21,10,11,兆豐-三重,2023-02-13,7008
2201,裕隆,12,1,11,兆豐-三重,2023-02-13,7008
5347,世界,11,0,11,兆豐-三重,2023-02-13,7008
2303,聯電,26,16,10,兆豐-三重,2023-02-13,7008
2367,燿華,10,0,10,兆豐-三重,2023-02-13,7008
2882,國泰金,9,0,9,兆豐-三重,2023-02-13,7008
2419,仲琦,8,0,8,兆豐-三重,2023-02-13,7008
3042,晶技,8,0,8,兆豐-三重,2023-02-13,7008
2453,凌群,36,29,7,兆豐-三重,2023-02-13,7008
2603,長榮,7,0,7,兆豐-三重,2023-02-13,7008
3624,光頡,8,1,7,兆豐-三重,2023-02-13,7008
00772B,中信高評級公司債,6,0,6,兆豐-三重,2023-02-13,7008
1701,中化,19,13,6,兆豐-三重,2023-02-13,7008
3454,晶睿,6,0,6,兆豐-三重,2023-02-13,7008
6138,茂達,6,0,6,兆豐-三重,2023-02-13,7008
6547,高端疫苗,11,5,6,兆豐-三重,2023-02-13,7008
6806,森崴能源,27,21,6,兆豐-三重,2023-02-13,7008
00648R,元大S＆P500反1,5,0,5,兆豐-三重,2023-02-13,7008
00753L,中信中國50正2,5,0,5,兆豐-三重,2023-02-13,7008
2888,新光金,5,0,5,兆豐-三重,2023-02-13,7008
3037,欣興,17,12,5,兆豐-三重,2023-02-13,7008
3141,晶宏,6,1,5,兆豐-三重,2023-02-13,7008
3577,泓格,5,0,5,兆豐-三重,2023-02-13,7008
4503,金雨,5,0,5,兆豐-三重,2023-02-13,7008
5284,jpp-KY,5,0,5,兆豐-三重,2023-02-13,7008
6470,宇智,5,0,5,兆豐-三重,2023-02-13,7008
6770,力積電,6,1,5,兆豐-三重,2023-02-13,7008
6282,康舒,14,10,4,兆豐-三重,2023-02-13,7008
00680L,元大美債20正2,4,0,4,兆豐-三重,2023-02-13,7008
00892,富邦台灣半導體,4,0,4,兆豐-三重,2023-02-13,7008
1783,和康生,4,0,4,兆豐-三重,2023-02-13,7008
1810,和成,4,0,4,兆豐-三重,2023-02-13,7008
2408,南亞科,4,0,4,兆豐-三重,2023-02-13,7008
2634,漢翔,27,23,4,兆豐-三重,2023-02-13,7008
3479,安勤,14,10,4,兆豐-三重,2023-02-13,7008
4128,中天,4,0,4,兆豐-三重,2023-02-13,7008
6120,達運,100,0,100,兆豐-三重,2023-02-14,7008
2317,鴻海,52,12,40,兆豐-三重,2023-02-14,7008
2888,新光金,28,0,28,兆豐-三重,2023-02-14,7008
2388,威盛,24,1,23,兆豐-三重,2023-02-14,7008
1611,中電,20,0,20,兆豐-三重,2023-02-14,7008
2007,燁興,20,0,20,兆豐-三重,2023-02-14,7008
2607,榮運,20,0,20,兆豐-三重,2023-02-14,7008
2939,永邑-KY,20,0,20,兆豐-三重,2023-02-14,7008
00712,復華富時不動產,19,0,19,兆豐-三重,2023-02-14,7008
1503,士電,18,0,18,兆豐-三重,2023-02-14,7008
00673R,期元大S＆P原油反1,14,0,14,兆豐-三重,2023-02-14,7008
6593,台灣銘板,13,0,13,兆豐-三重,2023-02-14,7008
2330,台積電,15,3,12,兆豐-三重,2023-02-14,7008
3141,晶宏,13,2,11,兆豐-三重,2023-02-14,7008
3406,玉晶光,15,4,11,兆豐-三重,2023-02-14,7008
4931,新盛力,14,3,11,兆豐-三重,2023-02-14,7008
1229,聯華,10,0,10,兆豐-三重,2023-02-14,7008
2102,泰豐,10,0,10,兆豐-三重,2023-02-14,7008
2243,宏旭-KY,10,0,10,兆豐-三重,2023-02-14,7008
2444,兆勁,10,0,10,兆豐-三重,2023-02-14,7008
6142,友勁,10,0,10,兆豐-三重,2023-02-14,7008
2903,遠百,9,0,9,兆豐-三重,2023-02-14,7008
5351,鈺創,10,1,9,兆豐-三重,2023-02-14,7008
2889,國票金,8,0,8,兆豐-三重,2023-02-14,7008
6235,華孚,31,23,8,兆豐-三重,2023-02-14,7008
3702,大聯大,7,0,7,兆豐-三重,2023-02-14,7008
5015,華祺,7,0,7,兆豐-三重,2023-02-14,7008
2453,凌群,93,87,6,兆豐-三重,2023-02-14,7008
3202,樺晟,6,0,6,兆豐-三重,2023-02-14,7008
5425,台半,8,2,6,兆豐-三重,2023-02-14,7008
8277,商丞,6,0,6,兆豐-三重,2023-02-14,7008
8996,高力,15,9,6,兆豐-三重,2023-02-14,7008
1536,和大,5,0,5,兆豐-三重,2023-02-14,7008
2027,大成鋼,5,0,5,兆豐-三重,2023-02-14,7008
2885,元大金,5,0,5,兆豐-三重,2023-02-14,7008
3362,先進光,5,0,5,兆豐-三重,2023-02-14,7008
3661,世芯-KY,9,4,5,兆豐-三重,2023-02-14,7008
4503,金雨,5,0,5,兆豐-三重,2023-02-14,7008
4915,致伸,5,0,5,兆豐-三重,2023-02-14,7008
6213,聯茂,5,0,5,兆豐-三重,2023-02-14,7008
6282,康舒,7,2,5,兆豐-三重,2023-02-14,7008
3481,群創,19,14,5,兆豐-三重,2023-02-14,7008
3105,穩懋,5,1,4,兆豐-三重,2023-02-14,7008
4128,中天,4,0,4,兆豐-三重,2023-02-14,7008
5483,中美晶,4,0,4,兆豐-三重,2023-02-14,7008
6104,創惟,37,33,4,兆豐-三重,2023-02-14,7008
6556,勝品,4,0,4,兆豐-三重,2023-02-14,7008
6667,信紘科,6,2,4,兆豐-三重,2023-02-14,7008
2883,凱基金,3,0,3,兆豐-三重,2023-02-14,7008
3711,日月光投控,3,0,3,兆豐-三重,2023-02-14,7008
6142,友勁,80,0,80,兆豐-三重,2023-02-15,7008
3481,群創,74,25,49,兆豐-三重,2023-02-15,7008
1229,聯華,25,0,25,兆豐-三重,2023-02-15,7008
2351,順德,21,1,20,兆豐-三重,2023-02-15,7008
0050,元大台灣50,17,0,17,兆豐-三重,2023-02-15,7008
2939,永邑-KY,17,1,16,兆豐-三重,2023-02-15,7008
6116,彩晶,24,9,15,兆豐-三重,2023-02-15,7008
6770,力積電,15,0,15,兆豐-三重,2023-02-15,7008
5347,世界,14,0,14,兆豐-三重,2023-02-15,7008
2609,陽明,16,3,13,兆豐-三重,2023-02-15,7008
3264,欣銓,14,1,13,兆豐-三重,2023-02-15,7008
5425,台半,15,2,13,兆豐-三重,2023-02-15,7008
00675L,富邦臺灣加權正2,12,0,12,兆豐-三重,2023-02-15,7008
6443,元晶,14,2,12,兆豐-三重,2023-02-15,7008
8358,金居,12,0,12,兆豐-三重,2023-02-15,7008
2498,宏達電,16,5,11,兆豐-三重,2023-02-15,7008
4967,十銓,13,2,11,兆豐-三重,2023-02-15,7008
5475,德宏,11,0,11,兆豐-三重,2023-02-15,7008
2615,萬海,10,0,10,兆豐-三重,2023-02-15,7008
3673,TPK-KY,10,0,10,兆豐-三重,2023-02-15,7008
8044,網家,10,0,10,兆豐-三重,2023-02-15,7008
6472,保瑞,8,0,8,兆豐-三重,2023-02-15,7008
2027,大成鋼,11,3,8,兆豐-三重,2023-02-15,7008
2206,三陽工業,17,9,8,兆豐-三重,2023-02-15,7008
3545,敦泰,8,0,8,兆豐-三重,2023-02-15,7008
6531,愛普*,11,3,8,兆豐-三重,2023-02-15,7008
6547,高端疫苗,8,0,8,兆豐-三重,2023-02-15,7008
6541,泰福-KY,7,0,7,兆豐-三重,2023-02-15,7008
00706L,期元大S＆P日圓正2,6,0,6,兆豐-三重,2023-02-15,7008
2022,聚亨,6,0,6,兆豐-三重,2023-02-15,7008
6712,長聖,6,0,6,兆豐-三重,2023-02-15,7008
3189,景碩,7,2,5,兆豐-三重,2023-02-15,7008
2739,寒舍,5,0,5,兆豐-三重,2023-02-15,7008
2458,義隆,5,0,5,兆豐-三重,2023-02-15,7008
00881,國泰台灣5G+,5,0,5,兆豐-三重,2023-02-15,7008
00900,富邦特選高股息30,5,0,5,兆豐-三重,2023-02-15,7008
00720B,元大投資級公司債,5,0,5,兆豐-三重,2023-02-15,7008
2486,一詮,5,0,5,兆豐-三重,2023-02-15,7008
2903,遠百,5,0,5,兆豐-三重,2023-02-15,7008
3042,晶技,5,0,5,兆豐-三重,2023-02-15,7008
3591,艾笛森,5,0,5,兆豐-三重,2023-02-15,7008
1514,亞力,5,1,4,兆豐-三重,2023-02-15,7008
00679B,元大美債20年,4,0,4,兆豐-三重,2023-02-15,7008
00902,中信電池及儲能,4,0,4,兆豐-三重,2023-02-15,7008
1417,嘉裕,4,0,4,兆豐-三重,2023-02-15,7008
2007,燁興,4,0,4,兆豐-三重,2023-02-15,7008
2393,億光,4,0,4,兆豐-三重,2023-02-15,7008
3479,安勤,4,0,4,兆豐-三重,2023-02-15,7008
6213,聯茂,4,0,4,兆豐-三重,2023-02-15,7008
8033,雷虎,4,0,4,兆豐-三重,2023-02-15,7008
00878,國泰永續高股息,149,5,144,兆豐-三重,2023-02-16,7008
0056,元大高股息,51,1,50,兆豐-三重,2023-02-16,7008
2206,三陽工業,43,3,40,兆豐-三重,2023-02-16,7008
6142,友勁,31,0,31,兆豐-三重,2023-02-16,7008
8940,新天地,25,0,25,兆豐-三重,2023-02-16,7008
00903,富邦元宇宙,20,0,20,兆豐-三重,2023-02-16,7008
1711,永光,20,0,20,兆豐-三重,2023-02-16,7008
6550,北極星藥業-KY,20,1,19,兆豐-三重,2023-02-16,7008
2330,台積電,18,1,17,兆豐-三重,2023-02-16,7008
00893,國泰智能電動車,15,0,15,兆豐-三重,2023-02-16,7008
00679B,元大美債20年,15,0,15,兆豐-三重,2023-02-16,7008
2368,金像電,16,1,15,兆豐-三重,2023-02-16,7008
6470,宇智,15,0,15,兆豐-三重,2023-02-16,7008
1609,大亞,22,9,13,兆豐-三重,2023-02-16,7008
6441,廣錠,13,0,13,兆豐-三重,2023-02-16,7008
2903,遠百,12,0,12,兆豐-三重,2023-02-16,7008
3515,華擎,12,0,12,兆豐-三重,2023-02-16,7008
1513,中興電,13,3,10,兆豐-三重,2023-02-16,7008
2406,國碩,10,0,10,兆豐-三重,2023-02-16,7008
6548,長科*,10,0,10,兆豐-三重,2023-02-16,7008
4739,康普,10,1,9,兆豐-三重,2023-02-16,7008
8936,國統,9,0,9,兆豐-三重,2023-02-16,7008
00671R,富邦NASDAQ反1,8,0,8,兆豐-三重,2023-02-16,7008
4114,健喬,8,0,8,兆豐-三重,2023-02-16,7008
8110,華東,8,0,8,兆豐-三重,2023-02-16,7008
2745,五福,7,0,7,兆豐-三重,2023-02-16,7008
1605,華新,36,30,6,兆豐-三重,2023-02-16,7008
00720B,元大投資級公司債,6,0,6,兆豐-三重,2023-02-16,7008
00772B,中信高評級公司債,6,0,6,兆豐-三重,2023-02-16,7008
1718,中纖,6,0,6,兆豐-三重,2023-02-16,7008
2007,燁興,6,0,6,兆豐-三重,2023-02-16,7008
3224,三顧,26,20,6,兆豐-三重,2023-02-16,7008
6547,高端疫苗,8,2,6,兆豐-三重,2023-02-16,7008
3037,欣興,12,6,6,兆豐-三重,2023-02-16,7008
1101,台泥,5,0,5,兆豐-三重,2023-02-16,7008
00753L,中信中國50正2,5,0,5,兆豐-三重,2023-02-16,7008
1599,宏佳騰,5,0,5,兆豐-三重,2023-02-16,7008
1783,和康生,6,1,5,兆豐-三重,2023-02-16,7008
2049,上銀,7,2,5,兆豐-三重,2023-02-16,7008
2371,大同,5,0,5,兆豐-三重,2023-02-16,7008
3710,連展投控,5,0,5,兆豐-三重,2023-02-16,7008
4108,懷特,5,0,5,兆豐-三重,2023-02-16,7008
6719,力智,6,1,5,兆豐-三重,2023-02-16,7008
6806,森崴能源,8,3,5,兆豐-三重,2023-02-16,7008
2471,資通,15,11,4,兆豐-三重,2023-02-16,7008
3189,景碩,4,0,4,兆豐-三重,2023-02-16,7008
3432,台端,4,0,4,兆豐-三重,2023-02-16,7008
3675,德微,9,5,4,兆豐-三重,2023-02-16,7008
4979,華星光,4,0,4,兆豐-三重,2023-02-16,7008
6770,力積電,5,1,4,兆豐-三重,2023-02-16,7008
2618,長榮航,151,85,66,兆豐-三重,2023-02-17,7008
00706L,期元大S＆P日圓正2,64,0,64,兆豐-三重,2023-02-17,7008
00680L,元大美債20正2,48,0,48,兆豐-三重,2023-02-17,7008
2330,台積電,57,14,43,兆豐-三重,2023-02-17,7008
8088,品安,37,1,36,兆豐-三重,2023-02-17,7008
00632R,元大台灣50反1,33,0,33,兆豐-三重,2023-02-17,7008
00679B,元大美債20年,30,0,30,兆豐-三重,2023-02-17,7008
2607,榮運,25,0,25,兆豐-三重,2023-02-17,7008
8431,匯鑽科,24,0,24,兆豐-三重,2023-02-17,7008
2201,裕隆,32,11,21,兆豐-三重,2023-02-17,7008
2380,虹光,20,0,20,兆豐-三重,2023-02-17,7008
4919,新唐,23,3,20,兆豐-三重,2023-02-17,7008
6234,高僑,20,0,20,兆豐-三重,2023-02-17,7008
8358,金居,18,0,18,兆豐-三重,2023-02-17,7008
3545,敦泰,17,1,16,兆豐-三重,2023-02-17,7008
2409,友達,20,5,15,兆豐-三重,2023-02-17,7008
2208,台船,20,5,15,兆豐-三重,2023-02-17,7008
4148,全宇生技-KY,16,1,15,兆豐-三重,2023-02-17,7008
6547,高端疫苗,15,1,14,兆豐-三重,2023-02-17,7008
00635U,期元大S＆P黃金,13,0,13,兆豐-三重,2023-02-17,7008
2615,萬海,26,15,11,兆豐-三重,2023-02-17,7008
2702,華園,11,0,11,兆豐-三重,2023-02-17,7008
00713,元大台灣高息低波,10,0,10,兆豐-三重,2023-02-17,7008
00900,富邦特選高股息30,10,0,10,兆豐-三重,2023-02-17,7008
3062,建漢,10,0,10,兆豐-三重,2023-02-17,7008
3591,艾笛森,10,0,10,兆豐-三重,2023-02-17,7008
8996,高力,10,0,10,兆豐-三重,2023-02-17,7008
1609,大亞,7,0,7,兆豐-三重,2023-02-17,7008
2537,聯上發,7,0,7,兆豐-三重,2023-02-17,7008
6274,台燿,7,0,7,兆豐-三重,2023-02-17,7008
0050,元大台灣50,7,0,7,兆豐-三重,2023-02-17,7008
1442,名軒,6,0,6,兆豐-三重,2023-02-17,7008
00751B,元大AAA至A公司債,6,0,6,兆豐-三重,2023-02-17,7008
00902,中信電池及儲能,6,0,6,兆豐-三重,2023-02-17,7008
2027,大成鋼,6,0,6,兆豐-三重,2023-02-17,7008
2408,南亞科,6,0,6,兆豐-三重,2023-02-17,7008
2472,立隆電,8,2,6,兆豐-三重,2023-02-17,7008
3704,合勤控,8,2,6,兆豐-三重,2023-02-17,7008
6173,信昌電,6,0,6,兆豐-三重,2023-02-17,7008
6186,新潤,6,0,6,兆豐-三重,2023-02-17,7008
00878,國泰永續高股息,185,180,5,兆豐-三重,2023-02-17,7008
1591,駿吉-KY,5,0,5,兆豐-三重,2023-02-17,7008
00665L,富邦�琤肭磪囓�2,5,0,5,兆豐-三重,2023-02-17,7008
00636,國泰中國A50,5,0,5,兆豐-三重,2023-02-17,7008
2313,華通,5,0,5,兆豐-三重,2023-02-17,7008
2885,元大金,5,0,5,兆豐-三重,2023-02-17,7008
3675,德微,5,0,5,兆豐-三重,2023-02-17,7008
5347,世界,5,0,5,兆豐-三重,2023-02-17,7008
6202,盛群,6,1,5,兆豐-三重,2023-02-17,7008
6531,愛普*,10,5,5,兆豐-三重,2023-02-17,7008
00878,國泰永續高股息,149,25,124,兆豐-三重,2023-02-20,7008
2504,國產,80,0,80,兆豐-三重,2023-02-20,7008
0056,元大高股息,73,1,72,兆豐-三重,2023-02-20,7008
6470,宇智,40,0,40,兆豐-三重,2023-02-20,7008
1464,得力,30,0,30,兆豐-三重,2023-02-20,7008
1810,和成,50,20,30,兆豐-三重,2023-02-20,7008
5425,台半,70,41,29,兆豐-三重,2023-02-20,7008
1609,大亞,31,3,28,兆豐-三重,2023-02-20,7008
1584,精剛,31,8,23,兆豐-三重,2023-02-20,7008
00903,富邦元宇宙,20,0,20,兆豐-三重,2023-02-20,7008
2349,錸德,34,14,20,兆豐-三重,2023-02-20,7008
2892,第一金,20,0,20,兆豐-三重,2023-02-20,7008
6191,精成科,20,0,20,兆豐-三重,2023-02-20,7008
2707,晶華,19,3,16,兆豐-三重,2023-02-20,7008
6103,合邦,14,0,14,兆豐-三重,2023-02-20,7008
5706,鳳凰,12,0,12,兆豐-三重,2023-02-20,7008
00715L,期街口布蘭特正2,10,0,10,兆豐-三重,2023-02-20,7008
1618,合機,10,0,10,兆豐-三重,2023-02-20,7008
2812,台中銀,10,0,10,兆豐-三重,2023-02-20,7008
4162,智擎,42,32,10,兆豐-三重,2023-02-20,7008
1514,亞力,10,1,9,兆豐-三重,2023-02-20,7008
3027,盛達,9,0,9,兆豐-三重,2023-02-20,7008
8403,盛弘,9,0,9,兆豐-三重,2023-02-20,7008
2610,華航,29,21,8,兆豐-三重,2023-02-20,7008
6235,華孚,15,7,8,兆豐-三重,2023-02-20,7008
8358,金居,11,3,8,兆豐-三重,2023-02-20,7008
1308,亞聚,7,0,7,兆豐-三重,2023-02-20,7008
3675,德微,7,0,7,兆豐-三重,2023-02-20,7008
00679B,元大美債20年,6,0,6,兆豐-三重,2023-02-20,7008
2455,全新,6,0,6,兆豐-三重,2023-02-20,7008
3441,聯一光,6,0,6,兆豐-三重,2023-02-20,7008
4130,健亞,6,0,6,兆豐-三重,2023-02-20,7008
2884,玉山金,6,0,6,兆豐-三重,2023-02-20,7008
4931,新盛力,5,0,5,兆豐-三重,2023-02-20,7008
2301,光寶科,5,0,5,兆豐-三重,2023-02-20,7008
2481,強茂,6,1,5,兆豐-三重,2023-02-20,7008
2547,日勝生,5,0,5,兆豐-三重,2023-02-20,7008
2614,東森,5,0,5,兆豐-三重,2023-02-20,7008
5701,劍湖山,5,0,5,兆豐-三重,2023-02-20,7008
6173,信昌電,5,0,5,兆豐-三重,2023-02-20,7008
6547,高端疫苗,9,4,5,兆豐-三重,2023-02-20,7008
8088,品安,5,0,5,兆豐-三重,2023-02-20,7008
8097,常珵,5,0,5,兆豐-三重,2023-02-20,7008
6741,91APP*-KY,11,6,5,兆豐-三重,2023-02-20,7008
1795,美時,7,3,4,兆豐-三重,2023-02-20,7008
2867,三商壽,4,0,4,兆豐-三重,2023-02-20,7008
3176,基亞,4,0,4,兆豐-三重,2023-02-20,7008
3545,敦泰,10,6,4,兆豐-三重,2023-02-20,7008
3594,磐儀,7,3,4,兆豐-三重,2023-02-20,7008
4128,中天,11,7,4,兆豐-三重,2023-02-20,7008
00878,國泰永續高股息,293,6,287,兆豐-三重,2023-02-21,7008
00900,富邦特選高股息30,171,5,166,兆豐-三重,2023-02-21,7008
8105,凌巨,184,43,141,兆豐-三重,2023-02-21,7008
00888,永豐台灣ESG,113,0,113,兆豐-三重,2023-02-21,7008
5452,佶優,99,8,91,兆豐-三重,2023-02-21,7008
2618,長榮航,120,44,76,兆豐-三重,2023-02-21,7008
2498,宏達電,76,14,62,兆豐-三重,2023-02-21,7008
2884,玉山金,118,61,57,兆豐-三重,2023-02-21,7008
8027,鈦昇,34,4,30,兆豐-三重,2023-02-21,7008
2607,榮運,46,20,26,兆豐-三重,2023-02-21,7008
1453,大將,20,0,20,兆豐-三重,2023-02-21,7008
1432,大魯閣,20,0,20,兆豐-三重,2023-02-21,7008
3027,盛達,26,7,19,兆豐-三重,2023-02-21,7008
2610,華航,80,63,17,兆豐-三重,2023-02-21,7008
8044,網家,13,0,13,兆豐-三重,2023-02-21,7008
1605,華新,18,6,12,兆豐-三重,2023-02-21,7008
4979,華星光,23,11,12,兆豐-三重,2023-02-21,7008
0056,元大高股息,11,1,10,兆豐-三重,2023-02-21,7008
1514,亞力,30,20,10,兆豐-三重,2023-02-21,7008
1467,南緯,10,0,10,兆豐-三重,2023-02-21,7008
2201,裕隆,14,4,10,兆豐-三重,2023-02-21,7008
2208,台船,22,12,10,兆豐-三重,2023-02-21,7008
2748,雲品,10,0,10,兆豐-三重,2023-02-21,7008
3141,晶宏,14,4,10,兆豐-三重,2023-02-21,7008
3163,波若威,10,0,10,兆豐-三重,2023-02-21,7008
8121,越峰,12,2,10,兆豐-三重,2023-02-21,7008
2303,聯電,10,1,9,兆豐-三重,2023-02-21,7008
4961,天鈺,18,9,9,兆豐-三重,2023-02-21,7008
6806,森崴能源,14,5,9,兆豐-三重,2023-02-21,7008
8222,寶一,23,14,9,兆豐-三重,2023-02-21,7008
2609,陽明,26,18,8,兆豐-三重,2023-02-21,7008
8940,新天地,8,0,8,兆豐-三重,2023-02-21,7008
1437,勤益控,14,7,7,兆豐-三重,2023-02-21,7008
3022,威強電,7,0,7,兆豐-三重,2023-02-21,7008
3594,磐儀,15,8,7,兆豐-三重,2023-02-21,7008
6213,聯茂,7,0,7,兆豐-三重,2023-02-21,7008
00720B,元大投資級公司債,7,1,6,兆豐-三重,2023-02-21,7008
2892,第一金,6,0,6,兆豐-三重,2023-02-21,7008
8084,巨虹,11,5,6,兆豐-三重,2023-02-21,7008
2636,台驊控股,5,0,5,兆豐-三重,2023-02-21,7008
6165,浪凡,5,0,5,兆豐-三重,2023-02-21,7008
1536,和大,5,0,5,兆豐-三重,2023-02-21,7008
1603,華電,5,0,5,兆豐-三重,2023-02-21,7008
1795,美時,5,0,5,兆豐-三重,2023-02-21,7008
2324,仁寶,5,0,5,兆豐-三重,2023-02-21,7008
2367,燿華,5,0,5,兆豐-三重,2023-02-21,7008
2368,金像電,6,1,5,兆豐-三重,2023-02-21,7008
2375,凱美,5,0,5,兆豐-三重,2023-02-21,7008
2444,兆勁,5,0,5,兆豐-三重,2023-02-21,7008
2867,三商壽,5,0,5,兆豐-三重,2023-02-21,7008
8105,凌巨,101,0,101,兆豐-三重,2023-02-22,7008
5353,台林,45,0,45,兆豐-三重,2023-02-22,7008
00878,國泰永續高股息,163,121,42,兆豐-三重,2023-02-22,7008
2618,長榮航,40,9,31,兆豐-三重,2023-02-22,7008
4129,聯合,55,25,30,兆豐-三重,2023-02-22,7008
5905,南仁湖,25,0,25,兆豐-三重,2023-02-22,7008
6120,達運,24,0,24,兆豐-三重,2023-02-22,7008
8033,雷虎,35,11,24,兆豐-三重,2023-02-22,7008
2498,宏達電,25,4,21,兆豐-三重,2023-02-22,7008
1513,中興電,26,6,20,兆豐-三重,2023-02-22,7008
2612,中航,47,27,20,兆豐-三重,2023-02-22,7008
6770,力積電,21,1,20,兆豐-三重,2023-02-22,7008
5425,台半,22,4,18,兆豐-三重,2023-02-22,7008
00680L,元大美債20正2,16,0,16,兆豐-三重,2023-02-22,7008
00706L,期元大S＆P日圓正2,16,0,16,兆豐-三重,2023-02-22,7008
6570,維田,16,0,16,兆豐-三重,2023-02-22,7008
00900,富邦特選高股息30,15,1,14,兆豐-三重,2023-02-22,7008
2607,榮運,23,10,13,兆豐-三重,2023-02-22,7008
3583,辛耘,16,4,12,兆豐-三重,2023-02-22,7008
6547,高端疫苗,12,0,12,兆豐-三重,2023-02-22,7008
2201,裕隆,11,0,11,兆豐-三重,2023-02-22,7008
3035,智原,15,4,11,兆豐-三重,2023-02-22,7008
00720B,元大投資級公司債,10,0,10,兆豐-三重,2023-02-22,7008
2613,中櫃,10,0,10,兆豐-三重,2023-02-22,7008
3264,欣銓,10,0,10,兆豐-三重,2023-02-22,7008
3545,敦泰,11,1,10,兆豐-三重,2023-02-22,7008
3576,聯合再生,10,0,10,兆豐-三重,2023-02-22,7008
3689,湧德,10,0,10,兆豐-三重,2023-02-22,7008
9958,世紀鋼,10,0,10,兆豐-三重,2023-02-22,7008
3037,欣興,25,16,9,兆豐-三重,2023-02-22,7008
2208,台船,10,1,9,兆豐-三重,2023-02-22,7008
5347,世界,33,24,9,兆豐-三重,2023-02-22,7008
6118,建達,11,2,9,兆豐-三重,2023-02-22,7008
6531,愛普*,12,4,8,兆豐-三重,2023-02-22,7008
2330,台積電,9,1,8,兆豐-三重,2023-02-22,7008
00904,新光臺灣半導體30,7,0,7,兆豐-三重,2023-02-22,7008
2388,威盛,12,5,7,兆豐-三重,2023-02-22,7008
2406,國碩,9,2,7,兆豐-三重,2023-02-22,7008
2471,資通,7,0,7,兆豐-三重,2023-02-22,7008
4977,眾達-KY,7,0,7,兆豐-三重,2023-02-22,7008
1519,華城,22,15,7,兆豐-三重,2023-02-22,7008
5871,中租-KY,7,0,7,兆豐-三重,2023-02-22,7008
1536,和大,6,0,6,兆豐-三重,2023-02-22,7008
2379,瑞昱,6,0,6,兆豐-三重,2023-02-22,7008
2610,華航,56,50,6,兆豐-三重,2023-02-22,7008
2883,凱基金,83,77,6,兆豐-三重,2023-02-22,7008
3088,艾訊,7,1,6,兆豐-三重,2023-02-22,7008
3141,晶宏,10,4,6,兆豐-三重,2023-02-22,7008
3622,洋華,6,0,6,兆豐-三重,2023-02-22,7008
4931,新盛力,6,0,6,兆豐-三重,2023-02-22,7008
6120,達運,140,0,140,兆豐-三重,2023-02-23,7008
00715L,期街口布蘭特正2,94,0,94,兆豐-三重,2023-02-23,7008
00878,國泰永續高股息,104,14,90,兆豐-三重,2023-02-23,7008
2845,遠東銀,43,0,43,兆豐-三重,2023-02-23,7008
2607,榮運,40,0,40,兆豐-三重,2023-02-23,7008
0056,元大高股息,52,12,40,兆豐-三重,2023-02-23,7008
8027,鈦昇,70,38,32,兆豐-三重,2023-02-23,7008
2303,聯電,34,3,31,兆豐-三重,2023-02-23,7008
2884,玉山金,29,0,29,兆豐-三重,2023-02-23,7008
4153,鈺緯,25,0,25,兆豐-三重,2023-02-23,7008
5701,劍湖山,30,5,25,兆豐-三重,2023-02-23,7008
2867,三商壽,21,0,21,兆豐-三重,2023-02-23,7008
5608,四維航,42,25,17,兆豐-三重,2023-02-23,7008
2641,正德,16,0,16,兆豐-三重,2023-02-23,7008
3481,群創,20,6,14,兆豐-三重,2023-02-23,7008
2834,臺企銀,85,71,14,兆豐-三重,2023-02-23,7008
8936,國統,18,5,13,兆豐-三重,2023-02-23,7008
8996,高力,14,2,12,兆豐-三重,2023-02-23,7008
2705,六福,11,0,11,兆豐-三重,2023-02-23,7008
2409,友達,11,1,10,兆豐-三重,2023-02-23,7008
1453,大將,10,0,10,兆豐-三重,2023-02-23,7008
1103,嘉泥,10,0,10,兆豐-三重,2023-02-23,7008
1785,光洋科,10,0,10,兆豐-三重,2023-02-23,7008
2371,大同,10,0,10,兆豐-三重,2023-02-23,7008
5351,鈺創,10,0,10,兆豐-三重,2023-02-23,7008
5452,佶優,10,0,10,兆豐-三重,2023-02-23,7008
6140,訊達,10,0,10,兆豐-三重,2023-02-23,7008
6191,精成科,10,0,10,兆豐-三重,2023-02-23,7008
8044,網家,11,1,10,兆豐-三重,2023-02-23,7008
2049,上銀,9,0,9,兆豐-三重,2023-02-23,7008
3037,欣興,10,1,9,兆豐-三重,2023-02-23,7008
6104,創惟,13,5,8,兆豐-三重,2023-02-23,7008
00720B,元大投資級公司債,12,5,7,兆豐-三重,2023-02-23,7008
5284,jpp-KY,8,1,7,兆豐-三重,2023-02-23,7008
00902,中信電池及儲能,6,0,6,兆豐-三重,2023-02-23,7008
1701,中化,8,2,6,兆豐-三重,2023-02-23,7008
2748,雲品,15,9,6,兆豐-三重,2023-02-23,7008
3583,辛耘,6,0,6,兆豐-三重,2023-02-23,7008
3594,磐儀,26,20,6,兆豐-三重,2023-02-23,7008
4147,中裕,6,0,6,兆豐-三重,2023-02-23,7008
6129,普誠,6,0,6,兆豐-三重,2023-02-23,7008
2617,台航,7,1,6,兆豐-三重,2023-02-23,7008
00751B,元大AAA至A公司債,5,0,5,兆豐-三重,2023-02-23,7008
00665L,富邦�琤肭磪囓�2,5,0,5,兆豐-三重,2023-02-23,7008
00637L,元大滬深300正2,5,0,5,兆豐-三重,2023-02-23,7008
00636,國泰中國A50,5,0,5,兆豐-三重,2023-02-23,7008
1760,寶齡富錦,7,2,5,兆豐-三重,2023-02-23,7008
2441,超豐,5,0,5,兆豐-三重,2023-02-23,7008
2444,兆勁,5,0,5,兆豐-三重,2023-02-23,7008
2504,國產,6,1,5,兆豐-三重,2023-02-23,7008
2317,鴻海,535,200,335,兆豐-三重,2023-02-24,7008
5512,力麒,56,3,53,兆豐-三重,2023-02-24,7008
3049,精金,40,0,40,兆豐-三重,2023-02-24,7008
2302,麗正,30,0,30,兆豐-三重,2023-02-24,7008
5701,劍湖山,22,0,22,兆豐-三重,2023-02-24,7008
2607,榮運,25,5,20,兆豐-三重,2023-02-24,7008
6547,高端疫苗,21,2,19,兆豐-三重,2023-02-24,7008
8033,雷虎,19,1,18,兆豐-三重,2023-02-24,7008
3037,欣興,23,6,17,兆豐-三重,2023-02-24,7008
2033,佳大,16,0,16,兆豐-三重,2023-02-24,7008
2618,長榮航,16,0,16,兆豐-三重,2023-02-24,7008
6109,亞元,15,0,15,兆豐-三重,2023-02-24,7008
2498,宏達電,40,26,14,兆豐-三重,2023-02-24,7008
3661,世芯-KY,24,12,12,兆豐-三重,2023-02-24,7008
1513,中興電,13,1,12,兆豐-三重,2023-02-24,7008
3707,漢磊,12,0,12,兆豐-三重,2023-02-24,7008
6443,元晶,12,0,12,兆豐-三重,2023-02-24,7008
8403,盛弘,11,0,11,兆豐-三重,2023-02-24,7008
1708,東鹼,10,0,10,兆豐-三重,2023-02-24,7008
2338,光罩,11,1,10,兆豐-三重,2023-02-24,7008
2451,創見,10,0,10,兆豐-三重,2023-02-24,7008
6140,訊達,10,0,10,兆豐-三重,2023-02-24,7008
6153,嘉聯益,10,0,10,兆豐-三重,2023-02-24,7008
6282,康舒,14,4,10,兆豐-三重,2023-02-24,7008
6509,聚和,10,0,10,兆豐-三重,2023-02-24,7008
8289,泰藝,10,0,10,兆豐-三重,2023-02-24,7008
1701,中化,10,1,9,兆豐-三重,2023-02-24,7008
6806,森崴能源,9,0,9,兆豐-三重,2023-02-24,7008
6531,愛普*,17,9,8,兆豐-三重,2023-02-24,7008
2884,玉山金,7,0,7,兆豐-三重,2023-02-24,7008
5871,中租-KY,12,5,7,兆豐-三重,2023-02-24,7008
2409,友達,21,14,7,兆豐-三重,2023-02-24,7008
2748,雲品,12,5,7,兆豐-三重,2023-02-24,7008
5284,jpp-KY,7,0,7,兆豐-三重,2023-02-24,7008
6274,台燿,7,0,7,兆豐-三重,2023-02-24,7008
00878,國泰永續高股息,11,5,6,兆豐-三重,2023-02-24,7008
2457,飛宏,19,13,6,兆豐-三重,2023-02-24,7008
2485,兆赫,6,0,6,兆豐-三重,2023-02-24,7008
3033,威健,6,0,6,兆豐-三重,2023-02-24,7008
3207,耀勝,6,0,6,兆豐-三重,2023-02-24,7008
3479,安勤,6,0,6,兆豐-三重,2023-02-24,7008
3508,位速,6,0,6,兆豐-三重,2023-02-24,7008
4432,銘旺實,6,0,6,兆豐-三重,2023-02-24,7008
4927,泰鼎-KY,6,0,6,兆豐-三重,2023-02-24,7008
6470,宇智,6,0,6,兆豐-三重,2023-02-24,7008
9103,美德醫療-DR,6,0,6,兆豐-三重,2023-02-24,7008
2611,志信,6,0,6,兆豐-三重,2023-02-24,7008
1609,大亞,20,15,5,兆豐-三重,2023-02-24,7008
1536,和大,10,5,5,兆豐-三重,2023-02-24,7008
00636,國泰中國A50,5,0,5,兆豐-三重,2023-02-24,7008
6770,力積電,104,3,101,兆豐-三重,2023-03-01,7008
00878,國泰永續高股息,129,62,67,兆豐-三重,2023-03-01,7008
5701,劍湖山,50,0,50,兆豐-三重,2023-03-01,7008
2302,麗正,30,0,30,兆豐-三重,2023-03-01,7008
2201,裕隆,31,2,29,兆豐-三重,2023-03-01,7008
3058,立德,29,1,28,兆豐-三重,2023-03-01,7008
6547,高端疫苗,31,4,27,兆豐-三重,2023-03-01,7008
5425,台半,22,0,22,兆豐-三重,2023-03-01,7008
2498,宏達電,68,47,21,兆豐-三重,2023-03-01,7008
1605,華新,36,17,19,兆豐-三重,2023-03-01,7008
2208,台船,20,2,18,兆豐-三重,2023-03-01,7008
6593,台灣銘板,18,0,18,兆豐-三重,2023-03-01,7008
5608,四維航,33,18,15,兆豐-三重,2023-03-01,7008
4114,健喬,11,0,11,兆豐-三重,2023-03-01,7008
1476,儒鴻,10,1,9,兆豐-三重,2023-03-01,7008
1227,佳格,9,0,9,兆豐-三重,2023-03-01,7008
2609,陽明,29,21,8,兆豐-三重,2023-03-01,7008
3088,艾訊,8,0,8,兆豐-三重,2023-03-01,7008
2449,京元電子,13,6,7,兆豐-三重,2023-03-01,7008
2607,榮運,15,8,7,兆豐-三重,2023-03-01,7008
2617,台航,10,3,7,兆豐-三重,2023-03-01,7008
2618,長榮航,27,20,7,兆豐-三重,2023-03-01,7008
2748,雲品,8,1,7,兆豐-三重,2023-03-01,7008
4931,新盛力,9,2,7,兆豐-三重,2023-03-01,7008
8358,金居,7,0,7,兆豐-三重,2023-03-01,7008
1101,台泥,8,2,6,兆豐-三重,2023-03-01,7008
2882,國泰金,6,0,6,兆豐-三重,2023-03-01,7008
2885,元大金,6,0,6,兆豐-三重,2023-03-01,7008
00900,富邦特選高股息30,6,0,6,兆豐-三重,2023-03-01,7008
2027,大成鋼,6,0,6,兆豐-三重,2023-03-01,7008
2340,台亞,6,0,6,兆豐-三重,2023-03-01,7008
2421,建準,6,0,6,兆豐-三重,2023-03-01,7008
3231,緯創,7,1,6,兆豐-三重,2023-03-01,7008
5880,合庫金,6,0,6,兆豐-三重,2023-03-01,7008
8940,新天地,6,0,6,兆豐-三重,2023-03-01,7008
2884,玉山金,5,0,5,兆豐-三重,2023-03-01,7008
1712,興農,5,0,5,兆豐-三重,2023-03-01,7008
00720B,元大投資級公司債,5,0,5,兆豐-三重,2023-03-01,7008
1210,大成,10,5,5,兆豐-三重,2023-03-01,7008
2002,中鋼,5,0,5,兆豐-三重,2023-03-01,7008
2488,漢平,5,0,5,兆豐-三重,2023-03-01,7008
2888,新光金,5,0,5,兆豐-三重,2023-03-01,7008
6015,宏遠證,5,0,5,兆豐-三重,2023-03-01,7008
6104,創惟,5,0,5,兆豐-三重,2023-03-01,7008
6282,康舒,28,23,5,兆豐-三重,2023-03-01,7008
6556,勝品,5,0,5,兆豐-三重,2023-03-01,7008
2881,富邦金,4,0,4,兆豐-三重,2023-03-01,7008
1504,東元,4,0,4,兆豐-三重,2023-03-01,7008
2014,中鴻,4,0,4,兆豐-三重,2023-03-01,7008
2379,瑞昱,4,0,4,兆豐-三重,2023-03-01,7008
3481,群創,75,14,61,兆豐-三重,2023-03-02,7008
2888,新光金,57,0,57,兆豐-三重,2023-03-02,7008
2302,麗正,56,0,56,兆豐-三重,2023-03-02,7008
00673R,期元大S＆P原油反1,50,0,50,兆豐-三重,2023-03-02,7008
2353,宏��,30,0,30,兆豐-三重,2023-03-02,7008
00680L,元大美債20正2,24,0,24,兆豐-三重,2023-03-02,7008
1453,大將,20,0,20,兆豐-三重,2023-03-02,7008
2637,慧洋-KY,18,1,17,兆豐-三重,2023-03-02,7008
2880,華南金,17,0,17,兆豐-三重,2023-03-02,7008
6451,訊芯-KY,22,5,17,兆豐-三重,2023-03-02,7008
3027,盛達,18,3,15,兆豐-三重,2023-03-02,7008
8289,泰藝,15,0,15,兆豐-三重,2023-03-02,7008
6593,台灣銘板,13,0,13,兆豐-三重,2023-03-02,7008
8936,國統,15,3,12,兆豐-三重,2023-03-02,7008
2705,六福,10,0,10,兆豐-三重,2023-03-02,7008
4915,致伸,16,6,10,兆豐-三重,2023-03-02,7008
4939,亞電,10,0,10,兆豐-三重,2023-03-02,7008
2886,兆豐金,13,4,9,兆豐-三重,2023-03-02,7008
2338,光罩,10,1,9,兆豐-三重,2023-03-02,7008
2611,志信,10,1,9,兆豐-三重,2023-03-02,7008
3362,先進光,23,14,9,兆豐-三重,2023-03-02,7008
1513,中興電,30,22,8,兆豐-三重,2023-03-02,7008
00772B,中信高評級公司債,8,0,8,兆豐-三重,2023-03-02,7008
2359,所羅門,9,1,8,兆豐-三重,2023-03-02,7008
2891,中信金,7,0,7,兆豐-三重,2023-03-02,7008
00679B,元大美債20年,7,0,7,兆豐-三重,2023-03-02,7008
6153,嘉聯益,7,0,7,兆豐-三重,2023-03-02,7008
6531,愛普*,11,4,7,兆豐-三重,2023-03-02,7008
8358,金居,8,1,7,兆豐-三重,2023-03-02,7008
1708,東鹼,6,0,6,兆豐-三重,2023-03-02,7008
2201,裕隆,12,6,6,兆豐-三重,2023-03-02,7008
2388,威盛,9,3,6,兆豐-三重,2023-03-02,7008
2605,新興,8,2,6,兆豐-三重,2023-03-02,7008
3545,敦泰,6,0,6,兆豐-三重,2023-03-02,7008
3714,富采,6,0,6,兆豐-三重,2023-03-02,7008
4923,力士,6,0,6,兆豐-三重,2023-03-02,7008
5009,榮剛,6,0,6,兆豐-三重,2023-03-02,7008
1536,和大,5,0,5,兆豐-三重,2023-03-02,7008
00904,新光臺灣半導體30,5,0,5,兆豐-三重,2023-03-02,7008
00897,富邦基因免疫生技,5,0,5,兆豐-三重,2023-03-02,7008
00720B,元大投資級公司債,5,0,5,兆豐-三重,2023-03-02,7008
2458,義隆,5,0,5,兆豐-三重,2023-03-02,7008
2736,富野,5,0,5,兆豐-三重,2023-03-02,7008
2881,富邦金,5,0,5,兆豐-三重,2023-03-02,7008
5704,老爺知,5,0,5,兆豐-三重,2023-03-02,7008
6274,台燿,5,0,5,兆豐-三重,2023-03-02,7008
6441,廣錠,5,0,5,兆豐-三重,2023-03-02,7008
8088,品安,5,0,5,兆豐-三重,2023-03-02,7008
8112,至上,9,4,5,兆豐-三重,2023-03-02,7008
0056,元大高股息,5,1,4,兆豐-三重,2023-03-02,7008
00878,國泰永續高股息,64,5,59,兆豐-三重,2023-03-03,7008
2601,益航,34,0,34,兆豐-三重,2023-03-03,7008
1476,儒鴻,31,0,31,兆豐-三重,2023-03-03,7008
2330,台積電,30,0,30,兆豐-三重,2023-03-03,7008
0056,元大高股息,40,10,30,兆豐-三重,2023-03-03,7008
2409,友達,32,6,26,兆豐-三重,2023-03-03,7008
6237,驊訊,25,0,25,兆豐-三重,2023-03-03,7008
2636,台驊控股,23,1,22,兆豐-三重,2023-03-03,7008
3037,欣興,32,11,21,兆豐-三重,2023-03-03,7008
3128,昇銳,51,31,20,兆豐-三重,2023-03-03,7008
2641,正德,22,7,15,兆豐-三重,2023-03-03,7008
2609,陽明,45,31,14,兆豐-三重,2023-03-03,7008
8110,華東,22,8,14,兆豐-三重,2023-03-03,7008
2881,富邦金,13,0,13,兆豐-三重,2023-03-03,7008
2883,凱基金,11,0,11,兆豐-三重,2023-03-03,7008
6235,華孚,35,24,11,兆豐-三重,2023-03-03,7008
3661,世芯-KY,11,1,10,兆豐-三重,2023-03-03,7008
1560,中砂,10,0,10,兆豐-三重,2023-03-03,7008
2351,順德,10,0,10,兆豐-三重,2023-03-03,7008
6104,創惟,10,0,10,兆豐-三重,2023-03-03,7008
1605,華新,39,30,9,兆豐-三重,2023-03-03,7008
6118,建達,9,0,9,兆豐-三重,2023-03-03,7008
00679B,元大美債20年,8,0,8,兆豐-三重,2023-03-03,7008
2313,華通,8,0,8,兆豐-三重,2023-03-03,7008
2495,普安,10,2,8,兆豐-三重,2023-03-03,7008
6441,廣錠,8,0,8,兆豐-三重,2023-03-03,7008
6593,台灣銘板,8,0,8,兆豐-三重,2023-03-03,7008
2891,中信金,10,3,7,兆豐-三重,2023-03-03,7008
1513,中興電,22,15,7,兆豐-三重,2023-03-03,7008
2208,台船,10,3,7,兆豐-三重,2023-03-03,7008
2618,長榮航,10,3,7,兆豐-三重,2023-03-03,7008
4915,致伸,8,1,7,兆豐-三重,2023-03-03,7008
1519,華城,6,0,6,兆豐-三重,2023-03-03,7008
2388,威盛,8,2,6,兆豐-三重,2023-03-03,7008
2498,宏達電,16,10,6,兆豐-三重,2023-03-03,7008
2606,裕民,6,0,6,兆豐-三重,2023-03-03,7008
3207,耀勝,6,0,6,兆豐-三重,2023-03-03,7008
4961,天鈺,25,19,6,兆豐-三重,2023-03-03,7008
5410,國眾,6,0,6,兆豐-三重,2023-03-03,7008
8933,愛地雅,6,0,6,兆豐-三重,2023-03-03,7008
2201,裕隆,6,1,5,兆豐-三重,2023-03-03,7008
00637L,元大滬深300正2,5,0,5,兆豐-三重,2023-03-03,7008
00632R,元大台灣50反1,5,0,5,兆豐-三重,2023-03-03,7008
2340,台亞,5,0,5,兆豐-三重,2023-03-03,7008
2419,仲琦,8,3,5,兆豐-三重,2023-03-03,7008
2481,強茂,9,4,5,兆豐-三重,2023-03-03,7008
2812,台中銀,5,0,5,兆豐-三重,2023-03-03,7008
3029,零壹,5,0,5,兆豐-三重,2023-03-03,7008
6488,環球晶,6,2,4,兆豐-三重,2023-03-03,7008
6547,高端疫苗,4,0,4,兆豐-三重,2023-03-03,7008
00878,國泰永續高股息,187,5,182,兆豐-三重,2023-03-06,7008
00632R,元大台灣50反1,124,0,124,兆豐-三重,2023-03-06,7008
00673R,期元大S＆P原油反1,101,0,101,兆豐-三重,2023-03-06,7008
1101,台泥,51,4,47,兆豐-三重,2023-03-06,7008
2601,益航,30,0,30,兆豐-三重,2023-03-06,7008
2609,陽明,36,8,28,兆豐-三重,2023-03-06,7008
1444,力麗,28,0,28,兆豐-三重,2023-03-06,7008
3058,立德,21,0,21,兆豐-三重,2023-03-06,7008
0056,元大高股息,102,82,20,兆豐-三重,2023-03-06,7008
8222,寶一,23,5,18,兆豐-三重,2023-03-06,7008
2618,長榮航,15,0,15,兆豐-三重,2023-03-06,7008
6222,上揚,15,0,15,兆豐-三重,2023-03-06,7008
2606,裕民,14,1,13,兆豐-三重,2023-03-06,7008
8436,大江,12,0,12,兆豐-三重,2023-03-06,7008
1605,華新,22,10,12,兆豐-三重,2023-03-06,7008
2368,金像電,11,0,11,兆豐-三重,2023-03-06,7008
6155,鈞寶,27,16,11,兆豐-三重,2023-03-06,7008
2354,鴻準,10,0,10,兆豐-三重,2023-03-06,7008
3163,波若威,10,0,10,兆豐-三重,2023-03-06,7008
8403,盛弘,10,0,10,兆豐-三重,2023-03-06,7008
6547,高端疫苗,9,0,9,兆豐-三重,2023-03-06,7008
6806,森崴能源,9,0,9,兆豐-三重,2023-03-06,7008
2408,南亞科,8,0,8,兆豐-三重,2023-03-06,7008
3434,哲固,14,6,8,兆豐-三重,2023-03-06,7008
5608,四維航,13,5,8,兆豐-三重,2023-03-06,7008
8929,富堡,8,0,8,兆豐-三重,2023-03-06,7008
2882,國泰金,10,3,7,兆豐-三重,2023-03-06,7008
2313,華通,8,1,7,兆豐-三重,2023-03-06,7008
2455,全新,7,0,7,兆豐-三重,2023-03-06,7008
3050,鈺德,7,0,7,兆豐-三重,2023-03-06,7008
6576,逸達,7,0,7,兆豐-三重,2023-03-06,7008
2886,兆豐金,6,0,6,兆豐-三重,2023-03-06,7008
2748,雲品,6,0,6,兆豐-三重,2023-03-06,7008
3545,敦泰,6,0,6,兆豐-三重,2023-03-06,7008
6217,中探針,6,0,6,兆豐-三重,2023-03-06,7008
6451,訊芯-KY,8,2,6,兆豐-三重,2023-03-06,7008
8044,網家,7,1,6,兆豐-三重,2023-03-06,7008
1514,亞力,5,0,5,兆豐-三重,2023-03-06,7008
00893,國泰智能電動車,5,0,5,兆豐-三重,2023-03-06,7008
2201,裕隆,7,2,5,兆豐-三重,2023-03-06,7008
2405,輔信,5,0,5,兆豐-三重,2023-03-06,7008
2421,建準,5,0,5,兆豐-三重,2023-03-06,7008
2607,榮運,5,0,5,兆豐-三重,2023-03-06,7008
3005,神基,7,2,5,兆豐-三重,2023-03-06,7008
3062,建漢,5,0,5,兆豐-三重,2023-03-06,7008
3673,TPK-KY,5,0,5,兆豐-三重,2023-03-06,7008
8054,安國,5,0,5,兆豐-三重,2023-03-06,7008
8171,天宇,5,0,5,兆豐-三重,2023-03-06,7008
4919,新唐,5,0,5,兆豐-三重,2023-03-06,7008
3661,世芯-KY,6,1,5,兆豐-三重,2023-03-06,7008
1718,中纖,121,0,121,兆豐-三重,2023-03-07,7008
1710,東聯,204,85,119,兆豐-三重,2023-03-07,7008
2312,金寶,100,0,100,兆豐-三重,2023-03-07,7008
00632R,元大台灣50反1,50,0,50,兆豐-三重,2023-03-07,7008
8110,華東,50,0,50,兆豐-三重,2023-03-07,7008
00673R,期元大S＆P原油反1,29,0,29,兆豐-三重,2023-03-07,7008
2609,陽明,49,21,28,兆豐-三重,2023-03-07,7008
1584,精剛,41,20,21,兆豐-三重,2023-03-07,7008
2736,富野,20,0,20,兆豐-三重,2023-03-07,7008
3088,艾訊,19,0,19,兆豐-三重,2023-03-07,7008
5512,力麒,20,4,16,兆豐-三重,2023-03-07,7008
2455,全新,13,0,13,兆豐-三重,2023-03-07,7008
3594,磐儀,12,0,12,兆豐-三重,2023-03-07,7008
2388,威盛,13,2,11,兆豐-三重,2023-03-07,7008
3701,大眾控,11,0,11,兆豐-三重,2023-03-07,7008
2208,台船,10,0,10,兆豐-三重,2023-03-07,7008
2497,怡利電,10,0,10,兆豐-三重,2023-03-07,7008
2610,華航,12,2,10,兆豐-三重,2023-03-07,7008
3689,湧德,10,0,10,兆豐-三重,2023-03-07,7008
4974,亞泰,10,0,10,兆豐-三重,2023-03-07,7008
5701,劍湖山,10,0,10,兆豐-三重,2023-03-07,7008
2303,聯電,11,2,9,兆豐-三重,2023-03-07,7008
2352,佳世達,10,1,9,兆豐-三重,2023-03-07,7008
6556,勝品,10,1,9,兆豐-三重,2023-03-07,7008
2201,裕隆,10,2,8,兆豐-三重,2023-03-07,7008
2371,大同,9,1,8,兆豐-三重,2023-03-07,7008
2601,益航,8,0,8,兆豐-三重,2023-03-07,7008
2884,玉山金,48,40,8,兆豐-三重,2023-03-07,7008
2382,廣達,7,0,7,兆豐-三重,2023-03-07,7008
2302,麗正,15,8,7,兆豐-三重,2023-03-07,7008
2481,強茂,19,12,7,兆豐-三重,2023-03-07,7008
2486,一詮,22,15,7,兆豐-三重,2023-03-07,7008
3545,敦泰,7,0,7,兆豐-三重,2023-03-07,7008
3552,同致,9,2,7,兆豐-三重,2023-03-07,7008
6605,帝寶,7,0,7,兆豐-三重,2023-03-07,7008
4114,健喬,6,0,6,兆豐-三重,2023-03-07,7008
4923,力士,6,0,6,兆豐-三重,2023-03-07,7008
6517,保勝光學,6,0,6,兆豐-三重,2023-03-07,7008
8112,至上,7,1,6,兆豐-三重,2023-03-07,7008
8358,金居,6,0,6,兆豐-三重,2023-03-07,7008
3037,欣興,5,0,5,兆豐-三重,2023-03-07,7008
00891,中信關鍵半導體,5,0,5,兆豐-三重,2023-03-07,7008
1437,勤益控,5,0,5,兆豐-三重,2023-03-07,7008
3290,東浦,5,0,5,兆豐-三重,2023-03-07,7008
3591,艾笛森,5,0,5,兆豐-三重,2023-03-07,7008
4747,強生,5,0,5,兆豐-三重,2023-03-07,7008
6245,立端,6,1,5,兆豐-三重,2023-03-07,7008
6547,高端疫苗,5,0,5,兆豐-三重,2023-03-07,7008
2542,興富發,4,0,4,兆豐-三重,2023-03-07,7008
3583,辛耘,4,0,4,兆豐-三重,2023-03-07,7008
2208,台船,150,1,149,兆豐-三重,2023-03-08,7008
1529,樂事綠能,50,0,50,兆豐-三重,2023-03-08,7008
2834,臺企銀,50,0,50,兆豐-三重,2023-03-08,7008
8110,華東,40,0,40,兆豐-三重,2023-03-08,7008
2601,益航,40,5,35,兆豐-三重,2023-03-08,7008
00706L,期元大S＆P日圓正2,33,0,33,兆豐-三重,2023-03-08,7008
00715L,期街口布蘭特正2,30,0,30,兆豐-三重,2023-03-08,7008
1710,東聯,52,23,29,兆豐-三重,2023-03-08,7008
00923,群益台ESG低碳50,28,0,28,兆豐-三重,2023-03-08,7008
2707,晶華,25,0,25,兆豐-三重,2023-03-08,7008
6142,友勁,20,0,20,兆豐-三重,2023-03-08,7008
6290,良維,19,0,19,兆豐-三重,2023-03-08,7008
3027,盛達,17,0,17,兆豐-三重,2023-03-08,7008
2603,長榮,14,0,14,兆豐-三重,2023-03-08,7008
3022,威強電,14,0,14,兆豐-三重,2023-03-08,7008
00878,國泰永續高股息,15,1,14,兆豐-三重,2023-03-08,7008
2484,希華,13,0,13,兆豐-三重,2023-03-08,7008
1795,美時,16,4,12,兆豐-三重,2023-03-08,7008
2618,長榮航,16,4,12,兆豐-三重,2023-03-08,7008
8121,越峰,12,0,12,兆豐-三重,2023-03-08,7008
1220,台榮,11,0,11,兆豐-三重,2023-03-08,7008
00900,富邦特選高股息30,11,0,11,兆豐-三重,2023-03-08,7008
2471,資通,13,2,11,兆豐-三重,2023-03-08,7008
2481,強茂,18,7,11,兆豐-三重,2023-03-08,7008
2498,宏達電,12,1,11,兆豐-三重,2023-03-08,7008
6576,逸達,22,11,11,兆豐-三重,2023-03-08,7008
1504,東元,13,3,10,兆豐-三重,2023-03-08,7008
00632R,元大台灣50反1,10,0,10,兆豐-三重,2023-03-08,7008
00665L,富邦�琤肭磪囓�2,10,0,10,兆豐-三重,2023-03-08,7008
2609,陽明,21,11,10,兆豐-三重,2023-03-08,7008
3290,東浦,10,0,10,兆豐-三重,2023-03-08,7008
3432,台端,10,0,10,兆豐-三重,2023-03-08,7008
4943,康控-KY,10,0,10,兆豐-三重,2023-03-08,7008
6104,創惟,10,0,10,兆豐-三重,2023-03-08,7008
3481,群創,12,3,9,兆豐-三重,2023-03-08,7008
1524,耿鼎,10,2,8,兆豐-三重,2023-03-08,7008
4162,智擎,9,1,8,兆豐-三重,2023-03-08,7008
6175,立敦,8,0,8,兆豐-三重,2023-03-08,7008
8069,元太,15,9,6,兆豐-三重,2023-03-08,7008
00885,富邦越南,6,0,6,兆豐-三重,2023-03-08,7008
2201,裕隆,6,0,6,兆豐-三重,2023-03-08,7008
3162,精確,7,1,6,兆豐-三重,2023-03-08,7008
5608,四維航,14,8,6,兆豐-三重,2023-03-08,7008
6509,聚和,6,0,6,兆豐-三重,2023-03-08,7008
6806,森崴能源,6,0,6,兆豐-三重,2023-03-08,7008
4976,佳凌,27,21,6,兆豐-三重,2023-03-08,7008
2317,鴻海,5,0,5,兆豐-三重,2023-03-08,7008
00636,國泰中國A50,5,0,5,兆豐-三重,2023-03-08,7008
1229,聯華,5,0,5,兆豐-三重,2023-03-08,7008
1536,和大,16,11,5,兆豐-三重,2023-03-08,7008
2317,鴻海,1300,858,442,兆豐-三重,2023-03-09,7008
3481,群創,181,95,86,兆豐-三重,2023-03-09,7008
6770,力積電,62,6,56,兆豐-三重,2023-03-09,7008
2618,長榮航,69,20,49,兆豐-三重,2023-03-09,7008
2303,聯電,66,29,37,兆豐-三重,2023-03-09,7008
8110,華東,40,3,37,兆豐-三重,2023-03-09,7008
1476,儒鴻,31,0,31,兆豐-三重,2023-03-09,7008
2607,榮運,30,0,30,兆豐-三重,2023-03-09,7008
3508,位速,30,2,28,兆豐-三重,2023-03-09,7008
6282,康舒,33,10,23,兆豐-三重,2023-03-09,7008
5701,劍湖山,20,0,20,兆豐-三重,2023-03-09,7008
5272,笙科,17,0,17,兆豐-三重,2023-03-09,7008
3207,耀勝,18,3,15,兆豐-三重,2023-03-09,7008
2367,燿華,15,1,14,兆豐-三重,2023-03-09,7008
6235,華孚,15,1,14,兆豐-三重,2023-03-09,7008
1605,華新,15,2,13,兆豐-三重,2023-03-09,7008
2368,金像電,14,1,13,兆豐-三重,2023-03-09,7008
6419,京晨科,13,0,13,兆豐-三重,2023-03-09,7008
4967,十銓,12,0,12,兆豐-三重,2023-03-09,7008
5230,雷笛克光學,15,3,12,兆豐-三重,2023-03-09,7008
6206,飛捷,12,0,12,兆豐-三重,2023-03-09,7008
1709,和益,11,0,11,兆豐-三重,2023-03-09,7008
2641,正德,11,0,11,兆豐-三重,2023-03-09,7008
2002,中鋼,10,0,10,兆豐-三重,2023-03-09,7008
2208,台船,10,0,10,兆豐-三重,2023-03-09,7008
2302,麗正,12,2,10,兆豐-三重,2023-03-09,7008
2371,大同,10,0,10,兆豐-三重,2023-03-09,7008
2887,台新金,10,0,10,兆豐-三重,2023-03-09,7008
3499,環天科,10,0,10,兆豐-三重,2023-03-09,7008
3682,亞太電,10,0,10,兆豐-三重,2023-03-09,7008
6841,長佳智能,11,1,10,兆豐-三重,2023-03-09,7008
2884,玉山金,9,0,9,兆豐-三重,2023-03-09,7008
4707,磐亞,10,1,9,兆豐-三重,2023-03-09,7008
2344,華邦電,88,79,9,兆豐-三重,2023-03-09,7008
4961,天鈺,10,1,9,兆豐-三重,2023-03-09,7008
1513,中興電,30,22,8,兆豐-三重,2023-03-09,7008
2027,大成鋼,10,2,8,兆豐-三重,2023-03-09,7008
3652,精聯,14,6,8,兆豐-三重,2023-03-09,7008
1609,大亞,15,8,7,兆豐-三重,2023-03-09,7008
1101,台泥,7,0,7,兆豐-三重,2023-03-09,7008
2457,飛宏,15,8,7,兆豐-三重,2023-03-09,7008
8936,國統,7,0,7,兆豐-三重,2023-03-09,7008
00675L,富邦臺灣加權正2,7,1,6,兆豐-三重,2023-03-09,7008
2337,旺宏,6,0,6,兆豐-三重,2023-03-09,7008
8155,博智,7,1,6,兆豐-三重,2023-03-09,7008
1714,和桐,5,0,5,兆豐-三重,2023-03-09,7008
1536,和大,5,0,5,兆豐-三重,2023-03-09,7008
1526,日馳,5,0,5,兆豐-三重,2023-03-09,7008
1215,卜蜂,5,0,5,兆豐-三重,2023-03-09,7008
00751B,元大AAA至A公司債,5,0,5,兆豐-三重,2023-03-09,7008
2812,台中銀,1321,323,998,兆豐-三重,2023-03-10,7008
1444,力麗,150,0,150,兆豐-三重,2023-03-10,7008
2618,長榮航,92,30,62,兆豐-三重,2023-03-10,7008
00878,國泰永續高股息,47,2,45,兆豐-三重,2023-03-10,7008
00632R,元大台灣50反1,45,0,45,兆豐-三重,2023-03-10,7008
2607,榮運,53,10,43,兆豐-三重,2023-03-10,7008
2883,凱基金,42,0,42,兆豐-三重,2023-03-10,7008
8110,華東,32,0,32,兆豐-三重,2023-03-10,7008
00919,群益台灣精選高息,30,0,30,兆豐-三重,2023-03-10,7008
2882,國泰金,30,3,27,兆豐-三重,2023-03-10,7008
3047,訊舟,27,0,27,兆豐-三重,2023-03-10,7008
4977,眾達-KY,26,4,22,兆豐-三重,2023-03-10,7008
6142,友勁,22,0,22,兆豐-三重,2023-03-10,7008
2613,中櫃,20,0,20,兆豐-三重,2023-03-10,7008
2329,華泰,19,1,18,兆豐-三重,2023-03-10,7008
1524,耿鼎,18,1,17,兆豐-三重,2023-03-10,7008
2344,華邦電,102,85,17,兆豐-三重,2023-03-10,7008
3466,德晉,17,0,17,兆豐-三重,2023-03-10,7008
6206,飛捷,17,0,17,兆豐-三重,2023-03-10,7008
2707,晶華,16,0,16,兆豐-三重,2023-03-10,7008
8069,元太,18,3,15,兆豐-三重,2023-03-10,7008
2610,華航,179,164,15,兆豐-三重,2023-03-10,7008
00712,復華富時不動產,14,0,14,兆豐-三重,2023-03-10,7008
4155,訊映,14,0,14,兆豐-三重,2023-03-10,7008
6133,金橋,14,0,14,兆豐-三重,2023-03-10,7008
2014,中鴻,13,0,13,兆豐-三重,2023-03-10,7008
5351,鈺創,13,0,13,兆豐-三重,2023-03-10,7008
2305,全友,12,0,12,兆豐-三重,2023-03-10,7008
3707,漢磊,12,0,12,兆豐-三重,2023-03-10,7008
2330,台積電,15,4,11,兆豐-三重,2023-03-10,7008
2891,中信金,13,2,11,兆豐-三重,2023-03-10,7008
1609,大亞,11,0,11,兆豐-三重,2023-03-10,7008
2886,兆豐金,12,1,11,兆豐-三重,2023-03-10,7008
3264,欣銓,11,0,11,兆豐-三重,2023-03-10,7008
1504,東元,10,0,10,兆豐-三重,2023-03-10,7008
00904,新光臺灣半導體30,10,0,10,兆豐-三重,2023-03-10,7008
2104,國際中橡,10,0,10,兆豐-三重,2023-03-10,7008
2208,台船,10,0,10,兆豐-三重,2023-03-10,7008
2367,燿華,10,0,10,兆豐-三重,2023-03-10,7008
2444,兆勁,10,0,10,兆豐-三重,2023-03-10,7008
2801,彰銀,10,0,10,兆豐-三重,2023-03-10,7008
3093,港建*,39,29,10,兆豐-三重,2023-03-10,7008
3128,昇銳,10,0,10,兆豐-三重,2023-03-10,7008
3508,位速,10,0,10,兆豐-三重,2023-03-10,7008
3576,聯合再生,10,0,10,兆豐-三重,2023-03-10,7008
3624,光頡,28,18,10,兆豐-三重,2023-03-10,7008
3682,亞太電,10,0,10,兆豐-三重,2023-03-10,7008
5512,力麒,10,0,10,兆豐-三重,2023-03-10,7008
8403,盛弘,10,0,10,兆豐-三重,2023-03-10,7008
2027,大成鋼,10,1,9,兆豐-三重,2023-03-10,7008
6026,福邦證,300,0,300,兆豐-三重,2023-03-13,7008
00715L,期街口布蘭特正2,100,5,95,兆豐-三重,2023-03-13,7008
1444,力麗,83,0,83,兆豐-三重,2023-03-13,7008
00878,國泰永續高股息,71,0,71,兆豐-三重,2023-03-13,7008
6191,精成科,45,5,40,兆豐-三重,2023-03-13,7008
2884,玉山金,37,1,36,兆豐-三重,2023-03-13,7008
00751B,元大AAA至A公司債,27,0,27,兆豐-三重,2023-03-13,7008
2609,陽明,60,35,25,兆豐-三重,2023-03-13,7008
2338,光罩,20,0,20,兆豐-三重,2023-03-13,7008
5701,劍湖山,20,0,20,兆豐-三重,2023-03-13,7008
2887,台新金,16,0,16,兆豐-三重,2023-03-13,7008
1229,聯華,15,0,15,兆豐-三重,2023-03-13,7008
2313,華通,14,0,14,兆豐-三重,2023-03-13,7008
2888,新光金,14,0,14,兆豐-三重,2023-03-13,7008
00679B,元大美債20年,16,3,13,兆豐-三重,2023-03-13,7008
2399,映泰,13,0,13,兆豐-三重,2023-03-13,7008
2208,台船,11,0,11,兆豐-三重,2023-03-13,7008
2344,華邦電,11,0,11,兆豐-三重,2023-03-13,7008
2607,榮運,27,16,11,兆豐-三重,2023-03-13,7008
00881,國泰台灣5G+,10,0,10,兆豐-三重,2023-03-13,7008
1476,儒鴻,10,0,10,兆豐-三重,2023-03-13,7008
2023,燁輝,10,0,10,兆豐-三重,2023-03-13,7008
2328,廣宇,10,0,10,兆豐-三重,2023-03-13,7008
3305,昇貿,10,0,10,兆豐-三重,2023-03-13,7008
3682,亞太電,10,0,10,兆豐-三重,2023-03-13,7008
5608,四維航,11,1,10,兆豐-三重,2023-03-13,7008
6116,彩晶,18,8,10,兆豐-三重,2023-03-13,7008
00675L,富邦臺灣加權正2,9,0,9,兆豐-三重,2023-03-13,7008
6552,易華電,9,0,9,兆豐-三重,2023-03-13,7008
2031,新光鋼,8,0,8,兆豐-三重,2023-03-13,7008
3466,德晉,8,0,8,兆豐-三重,2023-03-13,7008
5230,雷笛克光學,8,0,8,兆豐-三重,2023-03-13,7008
4566,時碩工業,8,1,7,兆豐-三重,2023-03-13,7008
1513,中興電,6,0,6,兆豐-三重,2023-03-13,7008
2359,所羅門,6,0,6,兆豐-三重,2023-03-13,7008
2488,漢平,6,0,6,兆豐-三重,2023-03-13,7008
6625,必應,8,2,6,兆豐-三重,2023-03-13,7008
8289,泰藝,6,0,6,兆豐-三重,2023-03-13,7008
2812,台中銀,5,0,5,兆豐-三重,2023-03-13,7008
1319,東陽,9,4,5,兆豐-三重,2023-03-13,7008
00882,中信中國高股息,5,0,5,兆豐-三重,2023-03-13,7008
1609,大亞,10,5,5,兆豐-三重,2023-03-13,7008
2340,台亞,5,0,5,兆豐-三重,2023-03-13,7008
3508,位速,5,0,5,兆豐-三重,2023-03-13,7008
3591,艾笛森,5,0,5,兆豐-三重,2023-03-13,7008
3712,永崴投控,5,0,5,兆豐-三重,2023-03-13,7008
5351,鈺創,5,0,5,兆豐-三重,2023-03-13,7008
6143,振曜,5,0,5,兆豐-三重,2023-03-13,7008
6509,聚和,5,0,5,兆豐-三重,2023-03-13,7008
6547,高端疫苗,5,0,5,兆豐-三重,2023-03-13,7008
00696B,富邦美債20年,100,0,100,兆豐-三重,2023-03-14,7008
2618,長榮航,524,449,75,兆豐-三重,2023-03-14,7008
00878,國泰永續高股息,76,2,74,兆豐-三重,2023-03-14,7008
00715L,期街口布蘭特正2,70,2,68,兆豐-三重,2023-03-14,7008
00772B,中信高評級公司債,61,0,61,兆豐-三重,2023-03-14,7008
00640L,富邦日本正2,71,20,51,兆豐-三重,2023-03-14,7008
2303,聯電,67,21,46,兆豐-三重,2023-03-14,7008
2889,國票金,42,5,37,兆豐-三重,2023-03-14,7008
2615,萬海,29,3,26,兆豐-三重,2023-03-14,7008
4763,材料-KY,25,1,24,兆豐-三重,2023-03-14,7008
00751B,元大AAA至A公司債,22,0,22,兆豐-三重,2023-03-14,7008
6570,維田,21,0,21,兆豐-三重,2023-03-14,7008
2495,普安,22,2,20,兆豐-三重,2023-03-14,7008
00632R,元大台灣50反1,19,0,19,兆豐-三重,2023-03-14,7008
6605,帝寶,17,0,17,兆豐-三重,2023-03-14,7008
00893,國泰智能電動車,16,0,16,兆豐-三重,2023-03-14,7008
0056,元大高股息,26,11,15,兆豐-三重,2023-03-14,7008
2888,新光金,15,0,15,兆豐-三重,2023-03-14,7008
2330,台積電,11,0,11,兆豐-三重,2023-03-14,7008
2884,玉山金,20,10,10,兆豐-三重,2023-03-14,7008
6411,晶焱,10,0,10,兆豐-三重,2023-03-14,7008
00919,群益台灣精選高息,10,0,10,兆豐-三重,2023-03-14,7008
00675L,富邦臺灣加權正2,10,0,10,兆豐-三重,2023-03-14,7008
2030,彰源,10,0,10,兆豐-三重,2023-03-14,7008
2388,威盛,74,64,10,兆豐-三重,2023-03-14,7008
2885,元大金,33,23,10,兆豐-三重,2023-03-14,7008
3231,緯創,10,0,10,兆豐-三重,2023-03-14,7008
3624,光頡,10,0,10,兆豐-三重,2023-03-14,7008
4147,中裕,10,0,10,兆豐-三重,2023-03-14,7008
6163,華電網,20,10,10,兆豐-三重,2023-03-14,7008
8111,立��,13,3,10,兆豐-三重,2023-03-14,7008
2882,國泰金,9,0,9,兆豐-三重,2023-03-14,7008
1605,華新,9,0,9,兆豐-三重,2023-03-14,7008
8436,大江,9,0,9,兆豐-三重,2023-03-14,7008
1339,昭輝,10,2,8,兆豐-三重,2023-03-14,7008
2867,三商壽,8,0,8,兆豐-三重,2023-03-14,7008
3093,港建*,28,20,8,兆豐-三重,2023-03-14,7008
0050,元大台灣50,7,0,7,兆豐-三重,2023-03-14,7008
2610,華航,6,0,6,兆豐-三重,2023-03-14,7008
3042,晶技,6,0,6,兆豐-三重,2023-03-14,7008
2881,富邦金,6,0,6,兆豐-三重,2023-03-14,7008
00642U,期元大S＆P石油,5,0,5,兆豐-三重,2023-03-14,7008
2409,友達,14,9,5,兆豐-三重,2023-03-14,7008
2891,中信金,5,0,5,兆豐-三重,2023-03-14,7008
00636,國泰中國A50,5,0,5,兆豐-三重,2023-03-14,7008
1795,美時,6,1,5,兆豐-三重,2023-03-14,7008
2360,致茂,5,0,5,兆豐-三重,2023-03-14,7008
2748,雲品,9,4,5,兆豐-三重,2023-03-14,7008
3047,訊舟,5,0,5,兆豐-三重,2023-03-14,7008
3454,晶睿,20,15,5,兆豐-三重,2023-03-14,7008
6026,福邦證,101,2,99,兆豐-三重,2023-03-15,7008
00715L,期街口布蘭特正2,107,32,75,兆豐-三重,2023-03-15,7008
00772B,中信高評級公司債,52,0,52,兆豐-三重,2023-03-15,7008
5701,劍湖山,49,0,49,兆豐-三重,2023-03-15,7008
2609,陽明,96,48,48,兆豐-三重,2023-03-15,7008
3038,全台,40,0,40,兆豐-三重,2023-03-15,7008
2812,台中銀,30,0,30,兆豐-三重,2023-03-15,7008
1319,東陽,30,4,26,兆豐-三重,2023-03-15,7008
1444,力麗,25,0,25,兆豐-三重,2023-03-15,7008
0056,元大高股息,36,12,24,兆豐-三重,2023-03-15,7008
6593,台灣銘板,23,0,23,兆豐-三重,2023-03-15,7008
8086,宏捷科,18,0,18,兆豐-三重,2023-03-15,7008
1108,幸福,17,0,17,兆豐-三重,2023-03-15,7008
2201,裕隆,28,13,15,兆豐-三重,2023-03-15,7008
2104,國際中橡,15,0,15,兆豐-三重,2023-03-15,7008
3078,僑威,16,1,15,兆豐-三重,2023-03-15,7008
2603,長榮,240,226,14,兆豐-三重,2023-03-15,7008
00878,國泰永續高股息,15,2,13,兆豐-三重,2023-03-15,7008
2482,連宇,34,21,13,兆豐-三重,2023-03-15,7008
2888,新光金,13,0,13,兆豐-三重,2023-03-15,7008
4967,十銓,18,5,13,兆豐-三重,2023-03-15,7008
2409,友達,17,5,12,兆豐-三重,2023-03-15,7008
2929,淘帝-KY,11,0,11,兆豐-三重,2023-03-15,7008
8084,巨虹,12,1,11,兆豐-三重,2023-03-15,7008
1476,儒鴻,10,0,10,兆豐-三重,2023-03-15,7008
2890,永豐金,10,0,10,兆豐-三重,2023-03-15,7008
3162,精確,22,12,10,兆豐-三重,2023-03-15,7008
3372,典範,10,0,10,兆豐-三重,2023-03-15,7008
4157,太景*-KY,10,0,10,兆豐-三重,2023-03-15,7008
6274,台燿,10,0,10,兆豐-三重,2023-03-15,7008
2707,晶華,9,0,9,兆豐-三重,2023-03-15,7008
3264,欣銓,10,2,8,兆豐-三重,2023-03-15,7008
6235,華孚,23,15,8,兆豐-三重,2023-03-15,7008
9939,宏全,9,1,8,兆豐-三重,2023-03-15,7008
2457,飛宏,53,46,7,兆豐-三重,2023-03-15,7008
6142,友勁,7,0,7,兆豐-三重,2023-03-15,7008
1762,中化生,6,0,6,兆豐-三重,2023-03-15,7008
2610,華航,57,51,6,兆豐-三重,2023-03-15,7008
3022,威強電,8,2,6,兆豐-三重,2023-03-15,7008
5230,雷笛克光學,11,5,6,兆豐-三重,2023-03-15,7008
6118,建達,6,0,6,兆豐-三重,2023-03-15,7008
6191,精成科,36,30,6,兆豐-三重,2023-03-15,7008
2615,萬海,229,224,5,兆豐-三重,2023-03-15,7008
1536,和大,5,0,5,兆豐-三重,2023-03-15,7008
1314,中石化,5,0,5,兆豐-三重,2023-03-15,7008
2371,大同,5,0,5,兆豐-三重,2023-03-15,7008
2605,新興,5,0,5,兆豐-三重,2023-03-15,7008
2886,兆豐金,5,0,5,兆豐-三重,2023-03-15,7008
2887,台新金,5,0,5,兆豐-三重,2023-03-15,7008
3005,神基,5,0,5,兆豐-三重,2023-03-15,7008
00715L,期街口布蘭特正2,333,1,332,兆豐-三重,2023-03-16,7008
2882,國泰金,120,14,106,兆豐-三重,2023-03-16,7008
2834,臺企銀,53,0,53,兆豐-三重,2023-03-16,7008
6191,精成科,63,15,48,兆豐-三重,2023-03-16,7008
2884,玉山金,38,0,38,兆豐-三重,2023-03-16,7008
2891,中信金,35,0,35,兆豐-三重,2023-03-16,7008
2889,國票金,40,6,34,兆豐-三重,2023-03-16,7008
2881,富邦金,31,0,31,兆豐-三重,2023-03-16,7008
2609,陽明,32,8,24,兆豐-三重,2023-03-16,7008
3231,緯創,21,1,20,兆豐-三重,2023-03-16,7008
3673,TPK-KY,20,0,20,兆豐-三重,2023-03-16,7008
3689,湧德,20,0,20,兆豐-三重,2023-03-16,7008
9945,潤泰新,31,11,20,兆豐-三重,2023-03-16,7008
6026,福邦證,19,0,19,兆豐-三重,2023-03-16,7008
2888,新光金,21,5,16,兆豐-三重,2023-03-16,7008
3058,立德,16,0,16,兆豐-三重,2023-03-16,7008
2886,兆豐金,14,0,14,兆豐-三重,2023-03-16,7008
00642U,期元大S＆P石油,13,0,13,兆豐-三重,2023-03-16,7008
2880,華南金,13,0,13,兆豐-三重,2023-03-16,7008
00878,國泰永續高股息,14,2,12,兆豐-三重,2023-03-16,7008
3576,聯合再生,11,0,11,兆豐-三重,2023-03-16,7008
4979,華星光,21,10,11,兆豐-三重,2023-03-16,7008
8403,盛弘,10,0,10,兆豐-三重,2023-03-16,7008
1476,儒鴻,10,0,10,兆豐-三重,2023-03-16,7008
00772B,中信高評級公司債,10,0,10,兆豐-三重,2023-03-16,7008
00919,群益台灣精選高息,10,0,10,兆豐-三重,2023-03-16,7008
1103,嘉泥,10,0,10,兆豐-三重,2023-03-16,7008
2887,台新金,10,0,10,兆豐-三重,2023-03-16,7008
4157,太景*-KY,10,0,10,兆豐-三重,2023-03-16,7008
2317,鴻海,16,7,9,兆豐-三重,2023-03-16,7008
6143,振曜,16,7,9,兆豐-三重,2023-03-16,7008
0050,元大台灣50,8,0,8,兆豐-三重,2023-03-16,7008
2603,長榮,64,56,8,兆豐-三重,2023-03-16,7008
4736,泰博,8,0,8,兆豐-三重,2023-03-16,7008
6142,友勁,8,0,8,兆豐-三重,2023-03-16,7008
6456,GIS-KY,8,0,8,兆豐-三重,2023-03-16,7008
6552,易華電,8,0,8,兆豐-三重,2023-03-16,7008
2615,萬海,10,3,7,兆豐-三重,2023-03-16,7008
2707,晶華,10,3,7,兆豐-三重,2023-03-16,7008
2330,台積電,7,1,6,兆豐-三重,2023-03-16,7008
2313,華通,6,0,6,兆豐-三重,2023-03-16,7008
2630,亞航,6,0,6,兆豐-三重,2023-03-16,7008
3704,合勤控,7,1,6,兆豐-三重,2023-03-16,7008
4976,佳凌,11,5,6,兆豐-三重,2023-03-16,7008
5284,jpp-KY,6,0,6,兆豐-三重,2023-03-16,7008
5309,系統電,6,0,6,兆豐-三重,2023-03-16,7008
1536,和大,5,0,5,兆豐-三重,2023-03-16,7008
2107,厚生,5,0,5,兆豐-三重,2023-03-16,7008
2482,連宇,15,10,5,兆豐-三重,2023-03-16,7008
3207,耀勝,6,1,5,兆豐-三重,2023-03-16,7008
2330,台積電,85,17,68,兆豐-三重,2023-03-17,7008
00632R,元大台灣50反1,42,0,42,兆豐-三重,2023-03-17,7008
0056,元大高股息,50,23,27,兆豐-三重,2023-03-17,7008
9904,寶成,34,8,26,兆豐-三重,2023-03-17,7008
00712,復華富時不動產,20,0,20,兆豐-三重,2023-03-17,7008
8044,網家,20,0,20,兆豐-三重,2023-03-17,7008
1609,大亞,41,22,19,兆豐-三重,2023-03-17,7008
1524,耿鼎,19,0,19,兆豐-三重,2023-03-17,7008
6449,鈺邦,19,1,18,兆豐-三重,2023-03-17,7008
2303,聯電,36,19,17,兆豐-三重,2023-03-17,7008
6485,點序,16,0,16,兆豐-三重,2023-03-17,7008
00671R,富邦NASDAQ反1,16,0,16,兆豐-三重,2023-03-17,7008
1709,和益,15,0,15,兆豐-三重,2023-03-17,7008
5512,力麒,14,0,14,兆豐-三重,2023-03-17,7008
9955,佳龍,14,0,14,兆豐-三重,2023-03-17,7008
2201,裕隆,13,0,13,兆豐-三重,2023-03-17,7008
5880,合庫金,13,1,12,兆豐-三重,2023-03-17,7008
6806,森崴能源,12,0,12,兆豐-三重,2023-03-17,7008
8358,金居,13,2,11,兆豐-三重,2023-03-17,7008
00680L,元大美債20正2,10,0,10,兆豐-三重,2023-03-17,7008
2444,兆勁,10,0,10,兆豐-三重,2023-03-17,7008
2890,永豐金,10,0,10,兆豐-三重,2023-03-17,7008
4938,和碩,10,0,10,兆豐-三重,2023-03-17,7008
5452,佶優,10,0,10,兆豐-三重,2023-03-17,7008
6206,飛捷,10,0,10,兆豐-三重,2023-03-17,7008
3481,群創,19,9,10,兆豐-三重,2023-03-17,7008
2888,新光金,12,3,9,兆豐-三重,2023-03-17,7008
3058,立德,10,1,9,兆豐-三重,2023-03-17,7008
2618,長榮航,8,0,8,兆豐-三重,2023-03-17,7008
1442,名軒,8,0,8,兆豐-三重,2023-03-17,7008
2891,中信金,8,0,8,兆豐-三重,2023-03-17,7008
6552,易華電,8,0,8,兆豐-三重,2023-03-17,7008
00878,國泰永續高股息,7,0,7,兆豐-三重,2023-03-17,7008
1514,亞力,7,0,7,兆豐-三重,2023-03-17,7008
1513,中興電,9,2,7,兆豐-三重,2023-03-17,7008
3017,奇鋐,7,0,7,兆豐-三重,2023-03-17,7008
6235,華孚,40,33,7,兆豐-三重,2023-03-17,7008
9945,潤泰新,7,0,7,兆豐-三重,2023-03-17,7008
2421,建準,7,1,6,兆豐-三重,2023-03-17,7008
2603,長榮,9,3,6,兆豐-三重,2023-03-17,7008
2610,華航,6,0,6,兆豐-三重,2023-03-17,7008
2886,兆豐金,6,0,6,兆豐-三重,2023-03-17,7008
6231,系微,10,4,6,兆豐-三重,2023-03-17,7008
1611,中電,5,0,5,兆豐-三重,2023-03-17,7008
1101,台泥,5,0,5,兆豐-三重,2023-03-17,7008
2601,益航,5,0,5,兆豐-三重,2023-03-17,7008
3176,基亞,5,0,5,兆豐-三重,2023-03-17,7008
5284,jpp-KY,5,0,5,兆豐-三重,2023-03-17,7008
6509,聚和,5,0,5,兆豐-三重,2023-03-17,7008
6547,高端疫苗,5,0,5,兆豐-三重,2023-03-17,7008
2317,鴻海,874,743,131,兆豐-三重,2023-03-20,7008
00715L,期街口布蘭特正2,244,120,124,兆豐-三重,2023-03-20,7008
00892,富邦台灣半導體,100,0,100,兆豐-三重,2023-03-20,7008
2633,台灣高鐵,46,0,46,兆豐-三重,2023-03-20,7008
00878,國泰永續高股息,36,0,36,兆豐-三重,2023-03-20,7008
00902,中信電池及儲能,21,0,21,兆豐-三重,2023-03-20,7008
2882,國泰金,21,0,21,兆豐-三重,2023-03-20,7008
00633L,富邦上証正2,20,0,20,兆豐-三重,2023-03-20,7008
2601,益航,20,0,20,兆豐-三重,2023-03-20,7008
00642U,期元大S＆P石油,21,3,18,兆豐-三重,2023-03-20,7008
00882,中信中國高股息,16,0,16,兆豐-三重,2023-03-20,7008
8936,國統,19,4,15,兆豐-三重,2023-03-20,7008
1605,華新,19,5,14,兆豐-三重,2023-03-20,7008
2330,台積電,14,1,13,兆豐-三重,2023-03-20,7008
00885,富邦越南,12,0,12,兆豐-三重,2023-03-20,7008
2453,凌群,25,13,12,兆豐-三重,2023-03-20,7008
6443,元晶,27,15,12,兆豐-三重,2023-03-20,7008
1522,堤維西,11,0,11,兆豐-三重,2023-03-20,7008
1504,東元,10,0,10,兆豐-三重,2023-03-20,7008
1524,耿鼎,11,1,10,兆豐-三重,2023-03-20,7008
00900,富邦特選高股息30,10,0,10,兆豐-三重,2023-03-20,7008
00637L,元大滬深300正2,10,0,10,兆豐-三重,2023-03-20,7008
3290,東浦,10,0,10,兆豐-三重,2023-03-20,7008
3454,晶睿,11,1,10,兆豐-三重,2023-03-20,7008
4130,健亞,10,0,10,兆豐-三重,2023-03-20,7008
4162,智擎,10,0,10,兆豐-三重,2023-03-20,7008
00674R,期元大S＆P黃金反1,9,0,9,兆豐-三重,2023-03-20,7008
3481,群創,14,5,9,兆豐-三重,2023-03-20,7008
1532,勤美,8,0,8,兆豐-三重,2023-03-20,7008
1108,幸福,8,0,8,兆豐-三重,2023-03-20,7008
2344,華邦電,10,2,8,兆豐-三重,2023-03-20,7008
3005,神基,8,0,8,兆豐-三重,2023-03-20,7008
00640L,富邦日本正2,7,0,7,兆豐-三重,2023-03-20,7008
2482,連宇,18,11,7,兆豐-三重,2023-03-20,7008
2880,華南金,7,0,7,兆豐-三重,2023-03-20,7008
6191,精成科,33,26,7,兆豐-三重,2023-03-20,7008
2342,茂矽,6,0,6,兆豐-三重,2023-03-20,7008
00636,國泰中國A50,5,0,5,兆豐-三重,2023-03-20,7008
00905,FT臺灣Smart,5,0,5,兆豐-三重,2023-03-20,7008
1402,遠東新,5,0,5,兆豐-三重,2023-03-20,7008
2883,凱基金,5,0,5,兆豐-三重,2023-03-20,7008
4164,承業醫,7,2,5,兆豐-三重,2023-03-20,7008
5512,力麒,7,2,5,兆豐-三重,2023-03-20,7008
6806,森崴能源,5,0,5,兆豐-三重,2023-03-20,7008
8940,新天地,5,0,5,兆豐-三重,2023-03-20,7008
1319,東陽,4,0,4,兆豐-三重,2023-03-20,7008
2886,兆豐金,4,0,4,兆豐-三重,2023-03-20,7008
2891,中信金,4,0,4,兆豐-三重,2023-03-20,7008
3533,嘉澤,4,0,4,兆豐-三重,2023-03-20,7008
5515,建國,4,0,4,兆豐-三重,2023-03-20,7008
2883,凱基金,90,0,90,兆豐-三重,2023-03-21,7008
00772B,中信高評級公司債,52,0,52,兆豐-三重,2023-03-21,7008
3481,群創,39,7,32,兆豐-三重,2023-03-21,7008
2498,宏達電,31,1,30,兆豐-三重,2023-03-21,7008
2388,威盛,54,27,27,兆豐-三重,2023-03-21,7008
00885,富邦越南,22,0,22,兆豐-三重,2023-03-21,7008
9945,潤泰新,21,2,19,兆豐-三重,2023-03-21,7008
3545,敦泰,19,1,18,兆豐-三重,2023-03-21,7008
6274,台燿,17,0,17,兆豐-三重,2023-03-21,7008
00679B,元大美債20年,14,0,14,兆豐-三重,2023-03-21,7008
5425,台半,19,5,14,兆豐-三重,2023-03-21,7008
2615,萬海,13,0,13,兆豐-三重,2023-03-21,7008
4967,十銓,23,11,12,兆豐-三重,2023-03-21,7008
6275,元山,11,0,11,兆豐-三重,2023-03-21,7008
00882,中信中國高股息,10,0,10,兆豐-三重,2023-03-21,7008
00664R,國泰臺灣加權反1,10,0,10,兆豐-三重,2023-03-21,7008
2476,鉅祥,10,0,10,兆豐-三重,2023-03-21,7008
3202,樺晟,10,0,10,兆豐-三重,2023-03-21,7008
3652,精聯,10,0,10,兆豐-三重,2023-03-21,7008
5907,大洋-KY,10,0,10,兆豐-三重,2023-03-21,7008
8936,國統,13,3,10,兆豐-三重,2023-03-21,7008
2890,永豐金,11,2,9,兆豐-三重,2023-03-21,7008
5284,jpp-KY,8,0,8,兆豐-三重,2023-03-21,7008
6533,晶心科,8,0,8,兆豐-三重,2023-03-21,7008
2375,凱美,7,0,7,兆豐-三重,2023-03-21,7008
00637L,元大滬深300正2,6,0,6,兆豐-三重,2023-03-21,7008
3029,零壹,24,18,6,兆豐-三重,2023-03-21,7008
6547,高端疫苗,6,0,6,兆豐-三重,2023-03-21,7008
8358,金居,10,4,6,兆豐-三重,2023-03-21,7008
1714,和桐,5,0,5,兆豐-三重,2023-03-21,7008
2340,台亞,5,0,5,兆豐-三重,2023-03-21,7008
2392,正崴,7,2,5,兆豐-三重,2023-03-21,7008
2748,雲品,6,1,5,兆豐-三重,2023-03-21,7008
3105,穩懋,5,0,5,兆豐-三重,2023-03-21,7008
3704,合勤控,8,3,5,兆豐-三重,2023-03-21,7008
4164,承業醫,5,0,5,兆豐-三重,2023-03-21,7008
5512,力麒,9,4,5,兆豐-三重,2023-03-21,7008
6138,茂達,5,0,5,兆豐-三重,2023-03-21,7008
6546,正基,5,0,5,兆豐-三重,2023-03-21,7008
8436,大江,5,0,5,兆豐-三重,2023-03-21,7008
8926,台汽電,8,3,5,兆豐-三重,2023-03-21,7008
1514,亞力,4,0,4,兆豐-三重,2023-03-21,7008
00893,國泰智能電動車,5,1,4,兆豐-三重,2023-03-21,7008
2027,大成鋼,4,0,4,兆豐-三重,2023-03-21,7008
2609,陽明,8,4,4,兆豐-三重,2023-03-21,7008
6531,愛普*,9,5,4,兆豐-三重,2023-03-21,7008
00878,國泰永續高股息,4,0,4,兆豐-三重,2023-03-21,7008
2603,長榮,3,0,3,兆豐-三重,2023-03-21,7008
2880,華南金,3,0,3,兆豐-三重,2023-03-21,7008
2881,富邦金,3,0,3,兆豐-三重,2023-03-21,7008
2882,國泰金,151,0,151,兆豐-三重,2023-03-22,7008
00878,國泰永續高股息,130,4,126,兆豐-三重,2023-03-22,7008
00772B,中信高評級公司債,73,0,73,兆豐-三重,2023-03-22,7008
0056,元大高股息,71,1,70,兆豐-三重,2023-03-22,7008
00632R,元大台灣50反1,50,5,45,兆豐-三重,2023-03-22,7008
1504,東元,43,10,33,兆豐-三重,2023-03-22,7008
2457,飛宏,47,15,32,兆豐-三重,2023-03-22,7008
2605,新興,30,3,27,兆豐-三重,2023-03-22,7008
6485,點序,25,0,25,兆豐-三重,2023-03-22,7008
00715L,期街口布蘭特正2,22,0,22,兆豐-三重,2023-03-22,7008
6109,亞元,21,0,21,兆豐-三重,2023-03-22,7008
3260,威剛,20,0,20,兆豐-三重,2023-03-22,7008
5211,蒙恬,22,2,20,兆豐-三重,2023-03-22,7008
6443,元晶,23,5,18,兆豐-三重,2023-03-22,7008
1609,大亞,20,3,17,兆豐-三重,2023-03-22,7008
6235,華孚,21,4,17,兆豐-三重,2023-03-22,7008
00679B,元大美債20年,16,0,16,兆豐-三重,2023-03-22,7008
2303,聯電,20,4,16,兆豐-三重,2023-03-22,7008
2353,宏��,20,4,16,兆豐-三重,2023-03-22,7008
1514,亞力,20,5,15,兆豐-三重,2023-03-22,7008
2201,裕隆,15,0,15,兆豐-三重,2023-03-22,7008
2482,連宇,17,2,15,兆豐-三重,2023-03-22,7008
2615,萬海,13,1,12,兆豐-三重,2023-03-22,7008
6122,擎邦,22,10,12,兆豐-三重,2023-03-22,7008
1513,中興電,11,0,11,兆豐-三重,2023-03-22,7008
6182,合晶,11,0,11,兆豐-三重,2023-03-22,7008
00712,復華富時不動產,10,0,10,兆豐-三重,2023-03-22,7008
2206,三陽工業,10,0,10,兆豐-三重,2023-03-22,7008
2390,云辰,10,0,10,兆豐-三重,2023-03-22,7008
3673,TPK-KY,10,0,10,兆豐-三重,2023-03-22,7008
5465,富驊,10,0,10,兆豐-三重,2023-03-22,7008
2317,鴻海,9,0,9,兆豐-三重,2023-03-22,7008
2748,雲品,9,0,9,兆豐-三重,2023-03-22,7008
3207,耀勝,9,0,9,兆豐-三重,2023-03-22,7008
3078,僑威,8,0,8,兆豐-三重,2023-03-22,7008
6806,森崴能源,8,0,8,兆豐-三重,2023-03-22,7008
8044,網家,10,2,8,兆豐-三重,2023-03-22,7008
2388,威盛,8,1,7,兆豐-三重,2023-03-22,7008
6288,聯嘉,11,4,7,兆豐-三重,2023-03-22,7008
9945,潤泰新,6,0,6,兆豐-三重,2023-03-22,7008
3047,訊舟,6,0,6,兆豐-三重,2023-03-22,7008
2302,麗正,7,1,6,兆豐-三重,2023-03-22,7008
2359,所羅門,8,2,6,兆豐-三重,2023-03-22,7008
2609,陽明,10,4,6,兆豐-三重,2023-03-22,7008
3545,敦泰,7,1,6,兆豐-三重,2023-03-22,7008
6244,茂迪,23,17,6,兆豐-三重,2023-03-22,7008
00753L,中信中國50正2,5,0,5,兆豐-三重,2023-03-22,7008
00664R,國泰臺灣加權反1,5,0,5,兆豐-三重,2023-03-22,7008
1785,光洋科,5,0,5,兆豐-三重,2023-03-22,7008
1802,台玻,5,0,5,兆豐-三重,2023-03-22,7008
2330,台積電,107,5,102,兆豐-三重,2023-03-23,7008
00892,富邦台灣半導體,50,0,50,兆豐-三重,2023-03-23,7008
2457,飛宏,44,6,38,兆豐-三重,2023-03-23,7008
00632R,元大台灣50反1,34,0,34,兆豐-三重,2023-03-23,7008
2303,聯電,34,4,30,兆豐-三重,2023-03-23,7008
9955,佳龍,33,4,29,兆豐-三重,2023-03-23,7008
00679B,元大美債20年,30,4,26,兆豐-三重,2023-03-23,7008
6605,帝寶,25,0,25,兆豐-三重,2023-03-23,7008
5701,劍湖山,24,0,24,兆豐-三重,2023-03-23,7008
2609,陽明,30,9,21,兆豐-三重,2023-03-23,7008
3481,群創,38,18,20,兆豐-三重,2023-03-23,7008
2392,正崴,20,0,20,兆豐-三重,2023-03-23,7008
2601,益航,20,0,20,兆豐-三重,2023-03-23,7008
3290,東浦,20,0,20,兆豐-三重,2023-03-23,7008
6451,訊芯-KY,16,1,15,兆豐-三重,2023-03-23,7008
8112,至上,14,0,14,兆豐-三重,2023-03-23,7008
0056,元大高股息,16,3,13,兆豐-三重,2023-03-23,7008
2482,連宇,19,6,13,兆豐-三重,2023-03-23,7008
3363,上詮,12,1,11,兆豐-三重,2023-03-23,7008
6443,元晶,19,8,11,兆豐-三重,2023-03-23,7008
00712,復華富時不動產,10,0,10,兆豐-三重,2023-03-23,7008
4162,智擎,10,0,10,兆豐-三重,2023-03-23,7008
5465,富驊,10,0,10,兆豐-三重,2023-03-23,7008
6288,聯嘉,18,8,10,兆豐-三重,2023-03-23,7008
6213,聯茂,9,0,9,兆豐-三重,2023-03-23,7008
8358,金居,10,1,9,兆豐-三重,2023-03-23,7008
00715L,期街口布蘭特正2,10,2,8,兆豐-三重,2023-03-23,7008
2402,毅嘉,39,31,8,兆豐-三重,2023-03-23,7008
2617,台航,8,0,8,兆豐-三重,2023-03-23,7008
3094,聯傑,9,1,8,兆豐-三重,2023-03-23,7008
3491,昇達科,8,0,8,兆豐-三重,2023-03-23,7008
1513,中興電,9,2,7,兆豐-三重,2023-03-23,7008
1524,耿鼎,8,1,7,兆豐-三重,2023-03-23,7008
00640L,富邦日本正2,7,0,7,兆豐-三重,2023-03-23,7008
1701,中化,11,4,7,兆豐-三重,2023-03-23,7008
5450,南良,7,0,7,兆豐-三重,2023-03-23,7008
3577,泓格,6,0,6,兆豐-三重,2023-03-23,7008
6235,華孚,7,1,6,兆豐-三重,2023-03-23,7008
2603,長榮,5,0,5,兆豐-三重,2023-03-23,7008
1477,聚陽,5,0,5,兆豐-三重,2023-03-23,7008
00897,富邦基因免疫生技,5,0,5,兆豐-三重,2023-03-23,7008
00664R,國泰臺灣加權反1,5,0,5,兆豐-三重,2023-03-23,7008
00751B,元大AAA至A公司債,5,0,5,兆豐-三重,2023-03-23,7008
00720B,元大投資級公司債,5,0,5,兆豐-三重,2023-03-23,7008
2605,新興,5,0,5,兆豐-三重,2023-03-23,7008
3017,奇鋐,15,10,5,兆豐-三重,2023-03-23,7008
3062,建漢,5,0,5,兆豐-三重,2023-03-23,7008
3306,鼎天,8,3,5,兆豐-三重,2023-03-23,7008
3432,台端,5,0,5,兆豐-三重,2023-03-23,7008
3652,精聯,12,7,5,兆豐-三重,2023-03-23,7008
00773B,中信優先金融債,60,0,60,兆豐-三重,2023-03-24,7008
3294,英濟,40,3,37,兆豐-三重,2023-03-24,7008
6109,亞元,40,10,30,兆豐-三重,2023-03-24,7008
0056,元大高股息,58,32,26,兆豐-三重,2023-03-24,7008
2303,聯電,28,3,25,兆豐-三重,2023-03-24,7008
1453,大將,24,0,24,兆豐-三重,2023-03-24,7008
1612,宏泰,20,0,20,兆豐-三重,2023-03-24,7008
2472,立隆電,17,0,17,兆豐-三重,2023-03-24,7008
1477,聚陽,16,0,16,兆豐-三重,2023-03-24,7008
2332,友訊,17,1,16,兆豐-三重,2023-03-24,7008
1522,堤維西,18,4,14,兆豐-三重,2023-03-24,7008
2892,第一金,13,0,13,兆豐-三重,2023-03-24,7008
2014,中鴻,12,0,12,兆豐-三重,2023-03-24,7008
3432,台端,30,18,12,兆豐-三重,2023-03-24,7008
6282,康舒,13,1,12,兆豐-三重,2023-03-24,7008
00901,永豐智能車供應鏈,10,0,10,兆豐-三重,2023-03-24,7008
00900,富邦特選高股息30,10,0,10,兆豐-三重,2023-03-24,7008
00896,中信綠能及電動車,10,0,10,兆豐-三重,2023-03-24,7008
1513,中興電,10,0,10,兆豐-三重,2023-03-24,7008
2438,翔耀,10,0,10,兆豐-三重,2023-03-24,7008
3022,威強電,10,0,10,兆豐-三重,2023-03-24,7008
3481,群創,79,69,10,兆豐-三重,2023-03-24,7008
5353,台林,10,0,10,兆豐-三重,2023-03-24,7008
2376,技嘉,12,3,9,兆豐-三重,2023-03-24,7008
2453,凌群,10,1,9,兆豐-三重,2023-03-24,7008
3545,敦泰,9,0,9,兆豐-三重,2023-03-24,7008
2344,華邦電,27,19,8,兆豐-三重,2023-03-24,7008
3363,上詮,10,2,8,兆豐-三重,2023-03-24,7008
3691,碩禾,12,4,8,兆豐-三重,2023-03-24,7008
4102,永日,8,0,8,兆豐-三重,2023-03-24,7008
5871,中租-KY,8,0,8,兆豐-三重,2023-03-24,7008
1524,耿鼎,10,3,7,兆豐-三重,2023-03-24,7008
3046,建��,8,1,7,兆豐-三重,2023-03-24,7008
2618,長榮航,6,0,6,兆豐-三重,2023-03-24,7008
1785,光洋科,6,0,6,兆豐-三重,2023-03-24,7008
1591,駿吉-KY,6,0,6,兆豐-三重,2023-03-24,7008
2353,宏��,8,2,6,兆豐-三重,2023-03-24,7008
3027,盛達,6,0,6,兆豐-三重,2023-03-24,7008
6213,聯茂,6,0,6,兆豐-三重,2023-03-24,7008
6443,元晶,10,4,6,兆豐-三重,2023-03-24,7008
00679B,元大美債20年,5,0,5,兆豐-三重,2023-03-24,7008
00712,復華富時不動產,5,0,5,兆豐-三重,2023-03-24,7008
2482,連宇,15,10,5,兆豐-三重,2023-03-24,7008
2748,雲品,5,0,5,兆豐-三重,2023-03-24,7008
3290,東浦,5,0,5,兆豐-三重,2023-03-24,7008
3305,昇貿,5,0,5,兆豐-三重,2023-03-24,7008
3306,鼎天,6,1,5,兆豐-三重,2023-03-24,7008
3479,安勤,15,10,5,兆豐-三重,2023-03-24,7008
4976,佳凌,5,0,5,兆豐-三重,2023-03-24,7008
5285,界霖,5,0,5,兆豐-三重,2023-03-24,7008
2317,鴻海,119,11,108,兆豐-三重,2023-03-27,7008
2330,台積電,87,4,83,兆豐-三重,2023-03-27,7008
0056,元大高股息,47,1,46,兆豐-三重,2023-03-27,7008
9958,世紀鋼,40,0,40,兆豐-三重,2023-03-27,7008
2939,永邑-KY,35,0,35,兆豐-三重,2023-03-27,7008
1605,華新,36,5,31,兆豐-三重,2023-03-27,7008
3715,定穎投控,40,11,29,兆豐-三重,2023-03-27,7008
2393,億光,26,0,26,兆豐-三重,2023-03-27,7008
1229,聯華,22,0,22,兆豐-三重,2023-03-27,7008
6485,點序,22,0,22,兆豐-三重,2023-03-27,7008
00882,中信中國高股息,20,0,20,兆豐-三重,2023-03-27,7008
2498,宏達電,37,22,15,兆豐-三重,2023-03-27,7008
6167,久正,14,0,14,兆豐-三重,2023-03-27,7008
2402,毅嘉,19,7,12,兆豐-三重,2023-03-27,7008
1504,東元,30,19,11,兆豐-三重,2023-03-27,7008
2457,飛宏,21,10,11,兆豐-三重,2023-03-27,7008
6244,茂迪,30,19,11,兆豐-三重,2023-03-27,7008
00712,復華富時不動產,10,0,10,兆豐-三重,2023-03-27,7008
2201,裕隆,11,1,10,兆豐-三重,2023-03-27,7008
2392,正崴,10,0,10,兆豐-三重,2023-03-27,7008
6191,精成科,10,0,10,兆豐-三重,2023-03-27,7008
3047,訊舟,10,1,9,兆豐-三重,2023-03-27,7008
3231,緯創,30,21,9,兆豐-三重,2023-03-27,7008
4162,智擎,10,1,9,兆豐-三重,2023-03-27,7008
8222,寶一,88,79,9,兆豐-三重,2023-03-27,7008
1338,廣華-KY,8,0,8,兆豐-三重,2023-03-27,7008
3051,力特,8,0,8,兆豐-三重,2023-03-27,7008
4967,十銓,30,22,8,兆豐-三重,2023-03-27,7008
5468,凱鈺,8,0,8,兆豐-三重,2023-03-27,7008
6698,旭暉應材,8,0,8,兆豐-三重,2023-03-27,7008
2204,中華,7,0,7,兆豐-三重,2023-03-27,7008
4116,明基醫,7,0,7,兆豐-三重,2023-03-27,7008
6288,聯嘉,8,1,7,兆豐-三重,2023-03-27,7008
8358,金居,8,1,7,兆豐-三重,2023-03-27,7008
3714,富采,6,0,6,兆豐-三重,2023-03-27,7008
1532,勤美,6,0,6,兆豐-三重,2023-03-27,7008
8050,廣積,6,0,6,兆豐-三重,2023-03-27,7008
6134,萬旭,8,2,6,兆豐-三重,2023-03-27,7008
4128,中天,5,0,5,兆豐-三重,2023-03-27,7008
00636,國泰中國A50,5,0,5,兆豐-三重,2023-03-27,7008
00679B,元大美債20年,5,0,5,兆豐-三重,2023-03-27,7008
1313,聯成,5,0,5,兆豐-三重,2023-03-27,7008
1536,和大,5,0,5,兆豐-三重,2023-03-27,7008
1513,中興電,6,1,5,兆豐-三重,2023-03-27,7008
2208,台船,11,6,5,兆豐-三重,2023-03-27,7008
2438,翔耀,5,0,5,兆豐-三重,2023-03-27,7008
2442,新美齊,5,0,5,兆豐-三重,2023-03-27,7008
3046,建��,7,2,5,兆豐-三重,2023-03-27,7008
3552,同致,8,3,5,兆豐-三重,2023-03-27,7008
5607,遠雄港,5,0,5,兆豐-三重,2023-03-27,7008
2105,正新,39,0,39,兆豐-三重,2023-03-28,7008
3576,聯合再生,30,0,30,兆豐-三重,2023-03-28,7008
5465,富驊,30,0,30,兆豐-三重,2023-03-28,7008
2498,宏達電,24,2,22,兆豐-三重,2023-03-28,7008
2888,新光金,20,0,20,兆豐-三重,2023-03-28,7008
8027,鈦昇,32,12,20,兆豐-三重,2023-03-28,7008
1504,東元,33,14,19,兆豐-三重,2023-03-28,7008
00679B,元大美債20年,24,7,17,兆豐-三重,2023-03-28,7008
3037,欣興,16,0,16,兆豐-三重,2023-03-28,7008
2344,華邦電,16,0,16,兆豐-三重,2023-03-28,7008
2613,中櫃,15,0,15,兆豐-三重,2023-03-28,7008
6142,友勁,15,0,15,兆豐-三重,2023-03-28,7008
2883,凱基金,12,0,12,兆豐-三重,2023-03-28,7008
3047,訊舟,11,0,11,兆豐-三重,2023-03-28,7008
00882,中信中國高股息,10,0,10,兆豐-三重,2023-03-28,7008
2208,台船,10,0,10,兆豐-三重,2023-03-28,7008
2419,仲琦,10,0,10,兆豐-三重,2023-03-28,7008
2601,益航,10,0,10,兆豐-三重,2023-03-28,7008
3290,東浦,10,0,10,兆豐-三重,2023-03-28,7008
2481,強茂,13,4,9,兆豐-三重,2023-03-28,7008
3005,神基,9,0,9,兆豐-三重,2023-03-28,7008
2409,友達,8,0,8,兆豐-三重,2023-03-28,7008
3046,建��,7,0,7,兆豐-三重,2023-03-28,7008
3346,麗清,7,0,7,兆豐-三重,2023-03-28,7008
4979,華星光,32,25,7,兆豐-三重,2023-03-28,7008
8289,泰藝,7,0,7,兆豐-三重,2023-03-28,7008
3661,世芯-KY,10,3,7,兆豐-三重,2023-03-28,7008
2330,台積電,9,3,6,兆豐-三重,2023-03-28,7008
3443,創意,14,8,6,兆豐-三重,2023-03-28,7008
1210,大成,6,0,6,兆豐-三重,2023-03-28,7008
1605,華新,19,13,6,兆豐-三重,2023-03-28,7008
2413,環科,6,0,6,兆豐-三重,2023-03-28,7008
3558,神準,14,8,6,兆豐-三重,2023-03-28,7008
3231,緯創,13,8,5,兆豐-三重,2023-03-28,7008
1101,台泥,7,2,5,兆豐-三重,2023-03-28,7008
00675L,富邦臺灣加權正2,5,0,5,兆豐-三重,2023-03-28,7008
00772B,中信高評級公司債,5,0,5,兆豐-三重,2023-03-28,7008
00905,FT臺灣Smart,5,0,5,兆豐-三重,2023-03-28,7008
3062,建漢,5,0,5,兆豐-三重,2023-03-28,7008
4747,強生,5,0,5,兆豐-三重,2023-03-28,7008
6168,宏齊,10,5,5,兆豐-三重,2023-03-28,7008
6533,晶心科,5,0,5,兆豐-三重,2023-03-28,7008
6698,旭暉應材,15,10,5,兆豐-三重,2023-03-28,7008
6806,森崴能源,5,0,5,兆豐-三重,2023-03-28,7008
8121,越峰,5,0,5,兆豐-三重,2023-03-28,7008
00896,中信綠能及電動車,4,0,4,兆豐-三重,2023-03-28,7008
2482,連宇,5,1,4,兆豐-三重,2023-03-28,7008
5512,力麒,4,0,4,兆豐-三重,2023-03-28,7008
6441,廣錠,4,0,4,兆豐-三重,2023-03-28,7008
8299,群聯,4,0,4,兆豐-三重,2023-03-28,7008
1504,東元,80,26,54,兆豐-三重,2023-03-29,7008
00772B,中信高評級公司債,30,0,30,兆豐-三重,2023-03-29,7008
3715,定穎投控,60,31,29,兆豐-三重,2023-03-29,7008
2338,光罩,22,1,21,兆豐-三重,2023-03-29,7008
2892,第一金,20,0,20,兆豐-三重,2023-03-29,7008
2438,翔耀,15,0,15,兆豐-三重,2023-03-29,7008
5425,台半,24,12,12,兆豐-三重,2023-03-29,7008
6133,金橋,11,0,11,兆豐-三重,2023-03-29,7008
8121,越峰,11,0,11,兆豐-三重,2023-03-29,7008
2206,三陽工業,10,0,10,兆豐-三重,2023-03-29,7008
2388,威盛,11,1,10,兆豐-三重,2023-03-29,7008
2390,云辰,10,0,10,兆豐-三重,2023-03-29,7008
2609,陽明,11,1,10,兆豐-三重,2023-03-29,7008
4564,元翎,10,0,10,兆豐-三重,2023-03-29,7008
6167,久正,10,0,10,兆豐-三重,2023-03-29,7008
6598,ABC-KY,10,0,10,兆豐-三重,2023-03-29,7008
1513,中興電,12,3,9,兆豐-三重,2023-03-29,7008
2108,南帝,9,0,9,兆豐-三重,2023-03-29,7008
3481,群創,10,1,9,兆豐-三重,2023-03-29,7008
6235,華孚,30,21,9,兆豐-三重,2023-03-29,7008
3545,敦泰,16,8,8,兆豐-三重,2023-03-29,7008
6147,頎邦,9,1,8,兆豐-三重,2023-03-29,7008
8289,泰藝,8,0,8,兆豐-三重,2023-03-29,7008
1605,華新,13,6,7,兆豐-三重,2023-03-29,7008
2342,茂矽,12,5,7,兆豐-三重,2023-03-29,7008
00919,群益台灣精選高息,6,0,6,兆豐-三重,2023-03-29,7008
2601,益航,6,0,6,兆豐-三重,2023-03-29,7008
3207,耀勝,6,0,6,兆豐-三重,2023-03-29,7008
5468,凱鈺,6,0,6,兆豐-三重,2023-03-29,7008
6799,來頡,6,0,6,兆豐-三重,2023-03-29,7008
8044,網家,6,0,6,兆豐-三重,2023-03-29,7008
8358,金居,6,0,6,兆豐-三重,2023-03-29,7008
9939,宏全,6,0,6,兆豐-三重,2023-03-29,7008
00679B,元大美債20年,5,0,5,兆豐-三重,2023-03-29,7008
2030,彰源,5,0,5,兆豐-三重,2023-03-29,7008
2413,環科,5,0,5,兆豐-三重,2023-03-29,7008
2450,神腦,5,0,5,兆豐-三重,2023-03-29,7008
3022,威強電,8,3,5,兆豐-三重,2023-03-29,7008
3661,世芯-KY,23,18,5,兆豐-三重,2023-03-29,7008
5243,乙盛-KY,18,13,5,兆豐-三重,2023-03-29,7008
1540,喬福,4,0,4,兆豐-三重,2023-03-29,7008
2402,毅嘉,6,2,4,兆豐-三重,2023-03-29,7008
3017,奇鋐,16,12,4,兆豐-三重,2023-03-29,7008
4961,天鈺,4,0,4,兆豐-三重,2023-03-29,7008
4967,十銓,10,6,4,兆豐-三重,2023-03-29,7008
006208,富邦台50,3,0,3,兆豐-三重,2023-03-29,7008
1338,廣華-KY,3,0,3,兆豐-三重,2023-03-29,7008
2006,東和鋼鐵,4,1,3,兆豐-三重,2023-03-29,7008
2897,王道銀行,3,0,3,兆豐-三重,2023-03-29,7008
3046,建��,3,0,3,兆豐-三重,2023-03-29,7008
00773B,中信優先金融債,140,0,140,兆豐-三重,2023-03-30,7008
3058,立德,31,0,31,兆豐-三重,2023-03-30,7008
2618,長榮航,30,0,30,兆豐-三重,2023-03-30,7008
2615,萬海,22,1,21,兆豐-三重,2023-03-30,7008
00671R,富邦NASDAQ反1,17,0,17,兆豐-三重,2023-03-30,7008
6753,龍德造船,17,0,17,兆豐-三重,2023-03-30,7008
5907,大洋-KY,15,0,15,兆豐-三重,2023-03-30,7008
2344,華邦電,63,49,14,兆豐-三重,2023-03-30,7008
1460,宏遠,10,0,10,兆豐-三重,2023-03-30,7008
00632R,元大台灣50反1,10,0,10,兆豐-三重,2023-03-30,7008
00905,FT臺灣Smart,10,0,10,兆豐-三重,2023-03-30,7008
2104,國際中橡,10,0,10,兆豐-三重,2023-03-30,7008
2883B,凱基金乙特,10,0,10,兆豐-三重,2023-03-30,7008
3339,泰谷,10,0,10,兆豐-三重,2023-03-30,7008
6182,合晶,21,11,10,兆豐-三重,2023-03-30,7008
9934,成霖,10,0,10,兆豐-三重,2023-03-30,7008
6443,元晶,16,7,9,兆豐-三重,2023-03-30,7008
2330,台積電,23,14,9,兆豐-三重,2023-03-30,7008
2354,鴻準,10,3,7,兆豐-三重,2023-03-30,7008
3189,景碩,7,0,7,兆豐-三重,2023-03-30,7008
4148,全宇生技-KY,7,0,7,兆豐-三重,2023-03-30,7008
8277,商丞,8,1,7,兆豐-三重,2023-03-30,7008
8926,台汽電,7,0,7,兆豐-三重,2023-03-30,7008
2392,正崴,6,0,6,兆豐-三重,2023-03-30,7008
3207,耀勝,7,1,6,兆豐-三重,2023-03-30,7008
00878,國泰永續高股息,10,5,5,兆豐-三重,2023-03-30,7008
1752,南光,5,0,5,兆豐-三重,2023-03-30,7008
00679B,元大美債20年,5,0,5,兆豐-三重,2023-03-30,7008
2359,所羅門,12,7,5,兆豐-三重,2023-03-30,7008
2371,大同,5,0,5,兆豐-三重,2023-03-30,7008
2426,鼎元,5,0,5,兆豐-三重,2023-03-30,7008
3533,嘉澤,6,1,5,兆豐-三重,2023-03-30,7008
5876,上海商銀,5,0,5,兆豐-三重,2023-03-30,7008
8044,網家,6,1,5,兆豐-三重,2023-03-30,7008
8064,東捷,5,0,5,兆豐-三重,2023-03-30,7008
8112,至上,5,0,5,兆豐-三重,2023-03-30,7008
8358,金居,5,0,5,兆豐-三重,2023-03-30,7008
0056,元大高股息,40,35,5,兆豐-三重,2023-03-30,7008
1101,台泥,5,1,4,兆豐-三重,2023-03-30,7008
1504,東元,5,1,4,兆豐-三重,2023-03-30,7008
2049,上銀,4,0,4,兆豐-三重,2023-03-30,7008
2409,友達,10,6,4,兆豐-三重,2023-03-30,7008
2867,三商壽,4,0,4,兆豐-三重,2023-03-30,7008
3078,僑威,4,0,4,兆豐-三重,2023-03-30,7008
3552,同致,5,1,4,兆豐-三重,2023-03-30,7008
8071,能率網通,4,0,4,兆豐-三重,2023-03-30,7008
1539,巨庭,3,0,3,兆豐-三重,2023-03-30,7008
1584,精剛,3,0,3,兆豐-三重,2023-03-30,7008
1609,大亞,23,20,3,兆豐-三重,2023-03-30,7008
2402,毅嘉,3,0,3,兆豐-三重,2023-03-30,7008
3038,全台,102,0,102,兆豐-三重,2023-03-31,7008
3231,緯創,41,11,30,兆豐-三重,2023-03-31,7008
2607,榮運,40,10,30,兆豐-三重,2023-03-31,7008
6133,金橋,38,13,25,兆豐-三重,2023-03-31,7008
2033,佳大,22,0,22,兆豐-三重,2023-03-31,7008
00632R,元大台灣50反1,20,0,20,兆豐-三重,2023-03-31,7008
9945,潤泰新,20,1,19,兆豐-三重,2023-03-31,7008
6548,長科*,22,4,18,兆豐-三重,2023-03-31,7008
2615,萬海,17,0,17,兆豐-三重,2023-03-31,7008
8028,昇陽半導體,15,0,15,兆豐-三重,2023-03-31,7008
6799,來頡,15,2,13,兆豐-三重,2023-03-31,7008
1605,華新,16,5,11,兆豐-三重,2023-03-31,7008
6508,惠光,11,0,11,兆豐-三重,2023-03-31,7008
3056,富華新,10,0,10,兆豐-三重,2023-03-31,7008
5607,遠雄港,10,0,10,兆豐-三重,2023-03-31,7008
6274,台燿,10,0,10,兆豐-三重,2023-03-31,7008
6733,博晟生醫,10,0,10,兆豐-三重,2023-03-31,7008
5608,四維航,10,1,9,兆豐-三重,2023-03-31,7008
4121,優盛,8,0,8,兆豐-三重,2023-03-31,7008
5211,蒙恬,8,0,8,兆豐-三重,2023-03-31,7008
5465,富驊,7,0,7,兆豐-三重,2023-03-31,7008
2457,飛宏,40,34,6,兆豐-三重,2023-03-31,7008
3027,盛達,6,0,6,兆豐-三重,2023-03-31,7008
4171,瑞基,6,0,6,兆豐-三重,2023-03-31,7008
4979,華星光,11,5,6,兆豐-三重,2023-03-31,7008
8277,商丞,7,1,6,兆豐-三重,2023-03-31,7008
9919,康那香,6,0,6,兆豐-三重,2023-03-31,7008
8050,廣積,5,0,5,兆豐-三重,2023-03-31,7008
1536,和大,5,0,5,兆豐-三重,2023-03-31,7008
00671R,富邦NASDAQ反1,5,0,5,兆豐-三重,2023-03-31,7008
00897,富邦基因免疫生技,5,0,5,兆豐-三重,2023-03-31,7008
2337,旺宏,16,11,5,兆豐-三重,2023-03-31,7008
2851,中再保,5,0,5,兆豐-三重,2023-03-31,7008
3272,東碩,6,1,5,兆豐-三重,2023-03-31,7008
3583,辛耘,5,0,5,兆豐-三重,2023-03-31,7008
3693,營邦,5,0,5,兆豐-三重,2023-03-31,7008
4746,台耀,6,1,5,兆豐-三重,2023-03-31,7008
5284,jpp-KY,5,0,5,兆豐-三重,2023-03-31,7008
6121,新普,5,0,5,兆豐-三重,2023-03-31,7008
6156,松上,5,0,5,兆豐-三重,2023-03-31,7008
6223,旺矽,7,2,5,兆豐-三重,2023-03-31,7008
6670,復盛應用,5,0,5,兆豐-三重,2023-03-31,7008
8097,常珵,5,0,5,兆豐-三重,2023-03-31,7008
1342,八貫,4,0,4,兆豐-三重,2023-03-31,7008
2883,凱基金,5,1,4,兆豐-三重,2023-03-31,7008
3029,零壹,4,0,4,兆豐-三重,2023-03-31,7008
3264,欣銓,6,2,4,兆豐-三重,2023-03-31,7008
3504,揚明光,4,0,4,兆豐-三重,2023-03-31,7008
6625,必應,4,0,4,兆豐-三重,2023-03-31,7008
8926,台汽電,5,1,4,兆豐-三重,2023-03-31,7008
3038,全台,102,1,101,兆豐-三重,2023-04-06,7008
2344,華邦電,63,38,25,兆豐-三重,2023-04-06,7008
2615,萬海,25,0,25,兆豐-三重,2023-04-06,7008
2618,長榮航,20,0,20,兆豐-三重,2023-04-06,7008
00673R,期元大S＆P原油反1,20,2,18,兆豐-三重,2023-04-06,7008
2409,友達,26,11,15,兆豐-三重,2023-04-06,7008
2388,威盛,16,4,12,兆豐-三重,2023-04-06,7008
00882,中信中國高股息,12,0,12,兆豐-三重,2023-04-06,7008
2351,順德,21,10,11,兆豐-三重,2023-04-06,7008
00900,富邦特選高股息30,10,0,10,兆豐-三重,2023-04-06,7008
00713,元大台灣高息低波,10,0,10,兆豐-三重,2023-04-06,7008
1785,光洋科,10,0,10,兆豐-三重,2023-04-06,7008
2380,虹光,10,0,10,兆豐-三重,2023-04-06,7008
6156,松上,20,10,10,兆豐-三重,2023-04-06,7008
1609,大亞,26,17,9,兆豐-三重,2023-04-06,7008
2104,國際中橡,9,0,9,兆豐-三重,2023-04-06,7008
6548,長科*,21,13,8,兆豐-三重,2023-04-06,7008
2201,裕隆,9,2,7,兆豐-三重,2023-04-06,7008
6163,華電網,9,2,7,兆豐-三重,2023-04-06,7008
6285,啟��,7,0,7,兆豐-三重,2023-04-06,7008
7402,邑錡,9,2,7,兆豐-三重,2023-04-06,7008
8261,富鼎,7,0,7,兆豐-三重,2023-04-06,7008
2027,大成鋼,6,0,6,兆豐-三重,2023-04-06,7008
3205,佰研,6,0,6,兆豐-三重,2023-04-06,7008
6257,矽格,6,0,6,兆豐-三重,2023-04-06,7008
2454,聯發科,5,0,5,兆豐-三重,2023-04-06,7008
006208,富邦台50,5,0,5,兆豐-三重,2023-04-06,7008
00893,國泰智能電動車,5,0,5,兆豐-三重,2023-04-06,7008
1784,訊聯,5,0,5,兆豐-三重,2023-04-06,7008
2603,長榮,5,0,5,兆豐-三重,2023-04-06,7008
3545,敦泰,5,0,5,兆豐-三重,2023-04-06,7008
5309,系統電,6,1,5,兆豐-三重,2023-04-06,7008
5521,工信,5,0,5,兆豐-三重,2023-04-06,7008
6209,今國光,5,0,5,兆豐-三重,2023-04-06,7008
8044,網家,5,0,5,兆豐-三重,2023-04-06,7008
8931,大汽電,5,0,5,兆豐-三重,2023-04-06,7008
1708,東鹼,4,0,4,兆豐-三重,2023-04-06,7008
1218,泰山,4,0,4,兆豐-三重,2023-04-06,7008
00675L,富邦臺灣加權正2,4,0,4,兆豐-三重,2023-04-06,7008
2328,廣宇,6,2,4,兆豐-三重,2023-04-06,7008
2722,夏都,4,0,4,兆豐-三重,2023-04-06,7008
5351,鈺創,4,0,4,兆豐-三重,2023-04-06,7008
8358,金居,4,0,4,兆豐-三重,2023-04-06,7008
1210,大成,3,0,3,兆豐-三重,2023-04-06,7008
2528,皇普,3,0,3,兆豐-三重,2023-04-06,7008
2645,長榮航太,4,1,3,兆豐-三重,2023-04-06,7008
3006,晶豪科,6,3,3,兆豐-三重,2023-04-06,7008
3236,千如,3,0,3,兆豐-三重,2023-04-06,7008
3346,麗清,3,0,3,兆豐-三重,2023-04-06,7008
3447,展達,4,1,3,兆豐-三重,2023-04-06,7008
2889,國票金,102,0,102,兆豐-三重,2023-04-07,7008
3038,全台,100,0,100,兆豐-三重,2023-04-07,7008
00632R,元大台灣50反1,20,0,20,兆豐-三重,2023-04-07,7008
1810,和成,23,4,19,兆豐-三重,2023-04-07,7008
1605,華新,33,15,18,兆豐-三重,2023-04-07,7008
2618,長榮航,40,22,18,兆豐-三重,2023-04-07,7008
2317,鴻海,26,10,16,兆豐-三重,2023-04-07,7008
6770,力積電,22,6,16,兆豐-三重,2023-04-07,7008
1609,大亞,25,9,16,兆豐-三重,2023-04-07,7008
2208,台船,19,3,16,兆豐-三重,2023-04-07,7008
2498,宏達電,26,11,15,兆豐-三重,2023-04-07,7008
3694,海華,14,0,14,兆豐-三重,2023-04-07,7008
4116,明基醫,14,0,14,兆豐-三重,2023-04-07,7008
2884,玉山金,13,0,13,兆豐-三重,2023-04-07,7008
4148,全宇生技-KY,13,0,13,兆豐-三重,2023-04-07,7008
8420,明揚,13,0,13,兆豐-三重,2023-04-07,7008
6235,華孚,14,2,12,兆豐-三重,2023-04-07,7008
6547,高端疫苗,11,0,11,兆豐-三重,2023-04-07,7008
8112,至上,11,0,11,兆豐-三重,2023-04-07,7008
1514,亞力,12,2,10,兆豐-三重,2023-04-07,7008
2312,金寶,10,0,10,兆豐-三重,2023-04-07,7008
3058,立德,10,0,10,兆豐-三重,2023-04-07,7008
3260,威剛,10,0,10,兆豐-三重,2023-04-07,7008
4979,華星光,19,9,10,兆豐-三重,2023-04-07,7008
6177,達麗,10,0,10,兆豐-三重,2023-04-07,7008
8044,網家,9,0,9,兆豐-三重,2023-04-07,7008
2388,威盛,11,3,8,兆豐-三重,2023-04-07,7008
2481,強茂,10,2,8,兆豐-三重,2023-04-07,7008
2748,雲品,8,0,8,兆豐-三重,2023-04-07,7008
6122,擎邦,23,15,8,兆豐-三重,2023-04-07,7008
5351,鈺創,12,5,7,兆豐-三重,2023-04-07,7008
00773B,中信優先金融債,6,0,6,兆豐-三重,2023-04-07,7008
2436,偉詮電,30,24,6,兆豐-三重,2023-04-07,7008
2731,雄獅,6,0,6,兆豐-三重,2023-04-07,7008
3046,建��,10,4,6,兆豐-三重,2023-04-07,7008
3556,禾瑞亞,6,0,6,兆豐-三重,2023-04-07,7008
3711,日月光投控,6,0,6,兆豐-三重,2023-04-07,7008
4114,健喬,6,0,6,兆豐-三重,2023-04-07,7008
1707,葡萄王,5,0,5,兆豐-三重,2023-04-07,7008
00795B,中信美國公債20年,5,0,5,兆豐-三重,2023-04-07,7008
00751B,元大AAA至A公司債,5,0,5,兆豐-三重,2023-04-07,7008
00720B,元大投資級公司債,5,0,5,兆豐-三重,2023-04-07,7008
00900,富邦特選高股息30,5,0,5,兆豐-三重,2023-04-07,7008
2613,中櫃,5,0,5,兆豐-三重,2023-04-07,7008
2645,長榮航太,10,5,5,兆豐-三重,2023-04-07,7008
5309,系統電,7,2,5,兆豐-三重,2023-04-07,7008
6667,信紘科,5,0,5,兆豐-三重,2023-04-07,7008
2421,建準,7,3,4,兆豐-三重,2023-04-07,7008
00902,中信電池及儲能,4,0,4,兆豐-三重,2023-04-07,7008
2027,大成鋼,5,1,4,兆豐-三重,2023-04-07,7008
2344,華邦電,142,44,98,兆豐-三重,2023-04-10,7008
00878,國泰永續高股息,72,2,70,兆豐-三重,2023-04-10,7008
0056,元大高股息,52,0,52,兆豐-三重,2023-04-10,7008
3038,全台,50,0,50,兆豐-三重,2023-04-10,7008
4155,訊映,50,0,50,兆豐-三重,2023-04-10,7008
1810,和成,40,0,40,兆豐-三重,2023-04-10,7008
3362,先進光,21,2,19,兆豐-三重,2023-04-10,7008
1609,大亞,21,2,19,兆豐-三重,2023-04-10,7008
5351,鈺創,21,3,18,兆豐-三重,2023-04-10,7008
1605,華新,28,11,17,兆豐-三重,2023-04-10,7008
4153,鈺緯,18,1,17,兆豐-三重,2023-04-10,7008
00720B,元大投資級公司債,15,0,15,兆豐-三重,2023-04-10,7008
2613,中櫃,15,0,15,兆豐-三重,2023-04-10,7008
3545,敦泰,17,2,15,兆豐-三重,2023-04-10,7008
2356,英業達,17,7,10,兆豐-三重,2023-04-10,7008
3188,鑫龍騰,10,0,10,兆豐-三重,2023-04-10,7008
6160,欣技,10,1,9,兆豐-三重,2023-04-10,7008
6443,元晶,15,6,9,兆豐-三重,2023-04-10,7008
5607,遠雄港,8,0,8,兆豐-三重,2023-04-10,7008
6235,華孚,13,5,8,兆豐-三重,2023-04-10,7008
1227,佳格,7,0,7,兆豐-三重,2023-04-10,7008
4967,十銓,18,11,7,兆豐-三重,2023-04-10,7008
00772B,中信高評級公司債,6,0,6,兆豐-三重,2023-04-10,7008
3017,奇鋐,8,2,6,兆豐-三重,2023-04-10,7008
3035,智原,8,2,6,兆豐-三重,2023-04-10,7008
3260,威剛,7,1,6,兆豐-三重,2023-04-10,7008
8163,達方,6,0,6,兆豐-三重,2023-04-10,7008
8222,寶一,10,4,6,兆豐-三重,2023-04-10,7008
00751B,元大AAA至A公司債,5,0,5,兆豐-三重,2023-04-10,7008
00893,國泰智能電動車,5,0,5,兆豐-三重,2023-04-10,7008
1503,士電,9,4,5,兆豐-三重,2023-04-10,7008
1733,五鼎,5,0,5,兆豐-三重,2023-04-10,7008
2369,菱生,10,5,5,兆豐-三重,2023-04-10,7008
2601,益航,5,0,5,兆豐-三重,2023-04-10,7008
2867,三商壽,5,0,5,兆豐-三重,2023-04-10,7008
3011,今皓,5,0,5,兆豐-三重,2023-04-10,7008
3479,安勤,7,2,5,兆豐-三重,2023-04-10,7008
4934,太極,5,0,5,兆豐-三重,2023-04-10,7008
6133,金橋,11,6,5,兆豐-三重,2023-04-10,7008
8028,昇陽半導體,6,1,5,兆豐-三重,2023-04-10,7008
8926,台汽電,5,0,5,兆豐-三重,2023-04-10,7008
2883,凱基金,7,3,4,兆豐-三重,2023-04-10,7008
1784,訊聯,4,0,4,兆豐-三重,2023-04-10,7008
1522,堤維西,4,0,4,兆豐-三重,2023-04-10,7008
1339,昭輝,4,0,4,兆豐-三重,2023-04-10,7008
2201,裕隆,4,0,4,兆豐-三重,2023-04-10,7008
3034,聯詠,4,0,4,兆豐-三重,2023-04-10,7008
3706,神達,4,0,4,兆豐-三重,2023-04-10,7008
4566,時碩工業,4,0,4,兆豐-三重,2023-04-10,7008
5299,杰力,5,1,4,兆豐-三重,2023-04-10,7008
2317,鴻海,228,121,107,兆豐-三重,2023-04-11,7008
00632R,元大台灣50反1,102,0,102,兆豐-三重,2023-04-11,7008
00673R,期元大S＆P原油反1,40,0,40,兆豐-三重,2023-04-11,7008
1535,中宇,25,0,25,兆豐-三重,2023-04-11,7008
00712,復華富時不動產,24,0,24,兆豐-三重,2023-04-11,7008
1785,光洋科,24,0,24,兆豐-三重,2023-04-11,7008
3231,緯創,29,7,22,兆豐-三重,2023-04-11,7008
1810,和成,20,0,20,兆豐-三重,2023-04-11,7008
3325,旭品,20,0,20,兆豐-三重,2023-04-11,7008
0056,元大高股息,23,4,19,兆豐-三重,2023-04-11,7008
6266,泰詠,19,0,19,兆豐-三重,2023-04-11,7008
00772B,中信高評級公司債,15,0,15,兆豐-三重,2023-04-11,7008
3011,今皓,15,0,15,兆豐-三重,2023-04-11,7008
3447,展達,15,3,12,兆豐-三重,2023-04-11,7008
4106,雃博,12,0,12,兆豐-三重,2023-04-11,7008
00679B,元大美債20年,12,1,11,兆豐-三重,2023-04-11,7008
3062,建漢,11,0,11,兆豐-三重,2023-04-11,7008
00720B,元大投資級公司債,10,0,10,兆豐-三重,2023-04-11,7008
2302,麗正,10,0,10,兆豐-三重,2023-04-11,7008
2337,旺宏,10,0,10,兆豐-三重,2023-04-11,7008
2613,中櫃,10,0,10,兆豐-三重,2023-04-11,7008
2867,三商壽,10,0,10,兆豐-三重,2023-04-11,7008
5469,瀚宇博,10,0,10,兆豐-三重,2023-04-11,7008
6127,九豪,10,0,10,兆豐-三重,2023-04-11,7008
2634,漢翔,20,11,9,兆豐-三重,2023-04-11,7008
3046,建��,21,12,9,兆豐-三重,2023-04-11,7008
2303,聯電,8,0,8,兆豐-三重,2023-04-11,7008
2388,威盛,8,0,8,兆豐-三重,2023-04-11,7008
2534,宏盛,8,0,8,兆豐-三重,2023-04-11,7008
3207,耀勝,8,0,8,兆豐-三重,2023-04-11,7008
5009,榮剛,9,1,8,兆豐-三重,2023-04-11,7008
6605,帝寶,8,0,8,兆豐-三重,2023-04-11,7008
6167,久正,11,3,8,兆豐-三重,2023-04-11,7008
3029,零壹,14,7,7,兆豐-三重,2023-04-11,7008
6443,元晶,7,0,7,兆豐-三重,2023-04-11,7008
6446,藥華藥,7,0,7,兆豐-三重,2023-04-11,7008
8110,華東,7,0,7,兆豐-三重,2023-04-11,7008
5706,鳳凰,6,0,6,兆豐-三重,2023-04-11,7008
6556,勝品,6,0,6,兆豐-三重,2023-04-11,7008
8222,寶一,6,0,6,兆豐-三重,2023-04-11,7008
2812,台中銀,6,0,6,兆豐-三重,2023-04-11,7008
2007,燁興,5,0,5,兆豐-三重,2023-04-11,7008
2014,中鴻,5,0,5,兆豐-三重,2023-04-11,7008
2376,技嘉,5,0,5,兆豐-三重,2023-04-11,7008
2442,新美齊,5,0,5,兆豐-三重,2023-04-11,7008
2731,雄獅,5,0,5,兆豐-三重,2023-04-11,7008
4153,鈺緯,10,5,5,兆豐-三重,2023-04-11,7008
4938,和碩,5,0,5,兆豐-三重,2023-04-11,7008
5519,隆大,5,0,5,兆豐-三重,2023-04-11,7008
1314,中石化,5,0,5,兆豐-三重,2023-04-11,7008
2317,鴻海,470,373,97,兆豐-三重,2023-04-12,7008
2515,中工,63,13,50,兆豐-三重,2023-04-12,7008
00673R,期元大S＆P原油反1,47,0,47,兆豐-三重,2023-04-12,7008
00674R,期元大S＆P黃金反1,40,0,40,兆豐-三重,2023-04-12,7008
0056,元大高股息,40,1,39,兆豐-三重,2023-04-12,7008
2330,台積電,37,0,37,兆豐-三重,2023-04-12,7008
1108,幸福,30,0,30,兆豐-三重,2023-04-12,7008
2409,友達,36,6,30,兆豐-三重,2023-04-12,7008
2376,技嘉,32,6,26,兆豐-三重,2023-04-12,7008
1504,東元,55,35,20,兆豐-三重,2023-04-12,7008
00720B,元大投資級公司債,15,0,15,兆豐-三重,2023-04-12,7008
3545,敦泰,31,16,15,兆豐-三重,2023-04-12,7008
2038,海光,14,0,14,兆豐-三重,2023-04-12,7008
6451,訊芯-KY,109,95,14,兆豐-三重,2023-04-12,7008
3715,定穎投控,154,142,12,兆豐-三重,2023-04-12,7008
3046,建��,11,0,11,兆豐-三重,2023-04-12,7008
4967,十銓,26,15,11,兆豐-三重,2023-04-12,7008
2883,凱基金,11,1,10,兆豐-三重,2023-04-12,7008
1540,喬福,10,0,10,兆豐-三重,2023-04-12,7008
2614,東森,10,0,10,兆豐-三重,2023-04-12,7008
2888,新光金,10,0,10,兆豐-三重,2023-04-12,7008
3011,今皓,10,0,10,兆豐-三重,2023-04-12,7008
2618,長榮航,30,20,10,兆豐-三重,2023-04-12,7008
1720,生達,8,0,8,兆豐-三重,2023-04-12,7008
2303,聯電,20,12,8,兆豐-三重,2023-04-12,7008
2371,大同,8,0,8,兆豐-三重,2023-04-12,7008
2645,長榮航太,11,3,8,兆豐-三重,2023-04-12,7008
6235,華孚,21,13,8,兆豐-三重,2023-04-12,7008
6274,台燿,8,0,8,兆豐-三重,2023-04-12,7008
2313,華通,7,0,7,兆豐-三重,2023-04-12,7008
3217,優群,7,0,7,兆豐-三重,2023-04-12,7008
3260,威剛,7,0,7,兆豐-三重,2023-04-12,7008
8358,金居,7,0,7,兆豐-三重,2023-04-12,7008
2032,新鋼,6,0,6,兆豐-三重,2023-04-12,7008
2634,漢翔,26,20,6,兆豐-三重,2023-04-12,7008
3094,聯傑,6,0,6,兆豐-三重,2023-04-12,7008
3583,辛耘,6,0,6,兆豐-三重,2023-04-12,7008
5425,台半,8,2,6,兆豐-三重,2023-04-12,7008
6547,高端疫苗,6,0,6,兆豐-三重,2023-04-12,7008
5243,乙盛-KY,6,0,6,兆豐-三重,2023-04-12,7008
00679B,元大美債20年,5,0,5,兆豐-三重,2023-04-12,7008
00636,國泰中國A50,5,0,5,兆豐-三重,2023-04-12,7008
4153,鈺緯,5,0,5,兆豐-三重,2023-04-12,7008
4155,訊映,12,7,5,兆豐-三重,2023-04-12,7008
4438,廣越,5,0,5,兆豐-三重,2023-04-12,7008
4564,元翎,5,0,5,兆豐-三重,2023-04-12,7008
6153,嘉聯益,5,0,5,兆豐-三重,2023-04-12,7008
6285,啟��,5,0,5,兆豐-三重,2023-04-12,7008
1339,昭輝,4,0,4,兆豐-三重,2023-04-12,7008
1708,東鹼,4,0,4,兆豐-三重,2023-04-12,7008
00720B,元大投資級公司債,105,0,105,兆豐-三重,2023-04-13,7008
2528,皇普,44,0,44,兆豐-三重,2023-04-13,7008
2330,台積電,43,0,43,兆豐-三重,2023-04-13,7008
1504,東元,73,35,38,兆豐-三重,2023-04-13,7008
00673R,期元大S＆P原油反1,34,0,34,兆豐-三重,2023-04-13,7008
00632R,元大台灣50反1,30,2,28,兆豐-三重,2023-04-13,7008
1310,台苯,25,0,25,兆豐-三重,2023-04-13,7008
2344,華邦電,24,0,24,兆豐-三重,2023-04-13,7008
3011,今皓,23,0,23,兆豐-三重,2023-04-13,7008
2615,萬海,21,0,21,兆豐-三重,2023-04-13,7008
3362,先進光,24,3,21,兆豐-三重,2023-04-13,7008
00772B,中信高評級公司債,20,0,20,兆豐-三重,2023-04-13,7008
4973,廣穎,19,2,17,兆豐-三重,2023-04-13,7008
1540,喬福,15,0,15,兆豐-三重,2023-04-13,7008
6163,華電網,24,9,15,兆豐-三重,2023-04-13,7008
6451,訊芯-KY,66,51,15,兆豐-三重,2023-04-13,7008
3499,環天科,13,0,13,兆豐-三重,2023-04-13,7008
3491,昇達科,12,0,12,兆豐-三重,2023-04-13,7008
1513,中興電,25,14,11,兆豐-三重,2023-04-13,7008
2338,光罩,11,0,11,兆豐-三重,2023-04-13,7008
3231,緯創,11,0,11,兆豐-三重,2023-04-13,7008
00712,復華富時不動產,10,0,10,兆豐-三重,2023-04-13,7008
1312,國喬,10,0,10,兆豐-三重,2023-04-13,7008
2442,新美齊,10,0,10,兆豐-三重,2023-04-13,7008
2613,中櫃,10,0,10,兆豐-三重,2023-04-13,7008
3707,漢磊,10,0,10,兆豐-三重,2023-04-13,7008
5443,均豪,10,0,10,兆豐-三重,2023-04-13,7008
6244,茂迪,13,3,10,兆豐-三重,2023-04-13,7008
6605,帝寶,10,0,10,兆豐-三重,2023-04-13,7008
8046,南電,9,0,9,兆豐-三重,2023-04-13,7008
1503,士電,19,10,9,兆豐-三重,2023-04-13,7008
2867,三商壽,10,1,9,兆豐-三重,2023-04-13,7008
6592,和潤企業,10,1,9,兆豐-三重,2023-04-13,7008
8215,明基材,10,1,9,兆豐-三重,2023-04-13,7008
3711,日月光投控,8,0,8,兆豐-三重,2023-04-13,7008
1584,精剛,21,13,8,兆豐-三重,2023-04-13,7008
1218,泰山,8,0,8,兆豐-三重,2023-04-13,7008
2402,毅嘉,15,8,7,兆豐-三重,2023-04-13,7008
2636,台驊控股,7,0,7,兆豐-三重,2023-04-13,7008
4967,十銓,13,6,7,兆豐-三重,2023-04-13,7008
6443,元晶,17,10,7,兆豐-三重,2023-04-13,7008
6470,宇智,7,0,7,兆豐-三重,2023-04-13,7008
1609,大亞,31,25,6,兆豐-三重,2023-04-13,7008
3006,晶豪科,9,3,6,兆豐-三重,2023-04-13,7008
3032,偉訓,6,0,6,兆豐-三重,2023-04-13,7008
3324,雙鴻,8,2,6,兆豐-三重,2023-04-13,7008
4503,金雨,6,0,6,兆豐-三重,2023-04-13,7008
4971,IET-KY,13,7,6,兆豐-三重,2023-04-13,7008
6182,合晶,6,0,6,兆豐-三重,2023-04-13,7008
006208,富邦台50,5,0,5,兆豐-三重,2023-04-13,7008
00632R,元大台灣50反1,102,0,102,兆豐-三重,2023-04-14,7008
00751B,元大AAA至A公司債,101,0,101,兆豐-三重,2023-04-14,7008
0056,元大高股息,65,10,55,兆豐-三重,2023-04-14,7008
00878,國泰永續高股息,53,5,48,兆豐-三重,2023-04-14,7008
2002,中鋼,38,0,38,兆豐-三重,2023-04-14,7008
00674R,期元大S＆P黃金反1,30,0,30,兆豐-三重,2023-04-14,7008
4106,雃博,28,0,28,兆豐-三重,2023-04-14,7008
1504,東元,29,2,27,兆豐-三重,2023-04-14,7008
3049,精金,27,0,27,兆豐-三重,2023-04-14,7008
1618,合機,29,3,26,兆豐-三重,2023-04-14,7008
2402,毅嘉,45,19,26,兆豐-三重,2023-04-14,7008
00680L,元大美債20正2,24,0,24,兆豐-三重,2023-04-14,7008
1417,嘉裕,22,0,22,兆豐-三重,2023-04-14,7008
5009,榮剛,22,0,22,兆豐-三重,2023-04-14,7008
00679B,元大美債20年,20,0,20,兆豐-三重,2023-04-14,7008
4958,臻鼎-KY,20,0,20,兆豐-三重,2023-04-14,7008
00712,復華富時不動產,19,0,19,兆豐-三重,2023-04-14,7008
2884,玉山金,20,1,19,兆豐-三重,2023-04-14,7008
1720,生達,18,0,18,兆豐-三重,2023-04-14,7008
1513,中興電,32,17,15,兆豐-三重,2023-04-14,7008
1514,亞力,20,6,14,兆豐-三重,2023-04-14,7008
6182,合晶,14,0,14,兆豐-三重,2023-04-14,7008
2883,凱基金,114,101,13,兆豐-三重,2023-04-14,7008
3169,亞信,13,0,13,兆豐-三重,2023-04-14,7008
6532,瑞耘,14,1,13,兆豐-三重,2023-04-14,7008
2344,華邦電,12,0,12,兆豐-三重,2023-04-14,7008
2498,宏達電,12,0,12,兆豐-三重,2023-04-14,7008
5603,陸海,14,2,12,兆豐-三重,2023-04-14,7008
2038,海光,11,0,11,兆豐-三重,2023-04-14,7008
2468,華經,11,0,11,兆豐-三重,2023-04-14,7008
2867,三商壽,11,0,11,兆豐-三重,2023-04-14,7008
1313,聯成,10,0,10,兆豐-三重,2023-04-14,7008
1701,中化,10,0,10,兆豐-三重,2023-04-14,7008
2027,大成鋼,10,0,10,兆豐-三重,2023-04-14,7008
2032,新鋼,10,0,10,兆豐-三重,2023-04-14,7008
2208,台船,48,38,10,兆豐-三重,2023-04-14,7008
2353,宏��,10,0,10,兆豐-三重,2023-04-14,7008
2495,普安,10,0,10,兆豐-三重,2023-04-14,7008
2614,東森,10,0,10,兆豐-三重,2023-04-14,7008
8215,明基材,10,0,10,兆豐-三重,2023-04-14,7008
8403,盛弘,10,0,10,兆豐-三重,2023-04-14,7008
2303,聯電,9,0,9,兆豐-三重,2023-04-14,7008
2352,佳世達,10,1,9,兆豐-三重,2023-04-14,7008
1535,中宇,8,0,8,兆豐-三重,2023-04-14,7008
2634,漢翔,241,233,8,兆豐-三重,2023-04-14,7008
3260,威剛,8,0,8,兆豐-三重,2023-04-14,7008
8112,至上,10,2,8,兆豐-三重,2023-04-14,7008
1809,中釉,7,0,7,兆豐-三重,2023-04-14,7008
00720B,元大投資級公司債,6,0,6,兆豐-三重,2023-04-14,7008
1584,精剛,18,12,6,兆豐-三重,2023-04-14,7008
2618,長榮航,88,4,84,兆豐-三重,2023-04-17,7008
0056,元大高股息,54,0,54,兆豐-三重,2023-04-17,7008
6179,亞通,41,11,30,兆豐-三重,2023-04-17,7008
00772B,中信高評級公司債,28,0,28,兆豐-三重,2023-04-17,7008
5701,劍湖山,27,0,27,兆豐-三重,2023-04-17,7008
3207,耀勝,23,0,23,兆豐-三重,2023-04-17,7008
00679B,元大美債20年,23,3,20,兆豐-三重,2023-04-17,7008
3706,神達,20,0,20,兆豐-三重,2023-04-17,7008
4526,東台,20,0,20,兆豐-三重,2023-04-17,7008
8996,高力,21,3,18,兆豐-三重,2023-04-17,7008
3712,永崴投控,16,0,16,兆豐-三重,2023-04-17,7008
2528,皇普,15,0,15,兆豐-三重,2023-04-17,7008
6190,萬泰科,17,2,15,兆豐-三重,2023-04-17,7008
6235,華孚,53,38,15,兆豐-三重,2023-04-17,7008
3013,晟銘電,14,0,14,兆豐-三重,2023-04-17,7008
3260,威剛,15,1,14,兆豐-三重,2023-04-17,7008
6167,久正,13,0,13,兆豐-三重,2023-04-17,7008
6182,合晶,13,0,13,兆豐-三重,2023-04-17,7008
2883,凱基金,12,0,12,兆豐-三重,2023-04-17,7008
2601,益航,12,0,12,兆豐-三重,2023-04-17,7008
3051,力特,12,0,12,兆豐-三重,2023-04-17,7008
8110,華東,12,0,12,兆豐-三重,2023-04-17,7008
3481,群創,13,2,11,兆豐-三重,2023-04-17,7008
8049,晶采,11,0,11,兆豐-三重,2023-04-17,7008
2888,新光金,10,0,10,兆豐-三重,2023-04-17,7008
00770,國泰北美科技,10,0,10,兆豐-三重,2023-04-17,7008
2884,玉山金,10,0,10,兆豐-三重,2023-04-17,7008
3017,奇鋐,10,0,10,兆豐-三重,2023-04-17,7008
4931,新盛力,13,3,10,兆豐-三重,2023-04-17,7008
8926,台汽電,10,0,10,兆豐-三重,2023-04-17,7008
3702,大聯大,10,0,10,兆豐-三重,2023-04-17,7008
1504,東元,10,1,9,兆豐-三重,2023-04-17,7008
2438,翔耀,9,0,9,兆豐-三重,2023-04-17,7008
00720B,元大投資級公司債,8,0,8,兆豐-三重,2023-04-17,7008
2748,雲品,12,4,8,兆豐-三重,2023-04-17,7008
2890,永豐金,8,0,8,兆豐-三重,2023-04-17,7008
5425,台半,10,2,8,兆豐-三重,2023-04-17,7008
1809,中釉,13,6,7,兆豐-三重,2023-04-17,7008
4967,十銓,7,0,7,兆豐-三重,2023-04-17,7008
5452,佶優,7,0,7,兆豐-三重,2023-04-17,7008
6606,建德工業,7,0,7,兆豐-三重,2023-04-17,7008
2330,台積電,13,6,7,兆豐-三重,2023-04-17,7008
1584,精剛,11,5,6,兆豐-三重,2023-04-17,7008
1310,台苯,6,0,6,兆豐-三重,2023-04-17,7008
00751B,元大AAA至A公司債,6,0,6,兆豐-三重,2023-04-17,7008
3169,亞信,16,10,6,兆豐-三重,2023-04-17,7008
4162,智擎,6,0,6,兆豐-三重,2023-04-17,7008
6245,立端,6,0,6,兆豐-三重,2023-04-17,7008
2454,聯發科,5,0,5,兆豐-三重,2023-04-17,7008
006208,富邦台50,5,0,5,兆豐-三重,2023-04-17,7008
2634,漢翔,453,290,163,兆豐-三重,2023-04-18,7008
00680L,元大美債20正2,104,0,104,兆豐-三重,2023-04-18,7008
00772B,中信高評級公司債,61,0,61,兆豐-三重,2023-04-18,7008
6605,帝寶,60,0,60,兆豐-三重,2023-04-18,7008
2601,益航,57,0,57,兆豐-三重,2023-04-18,7008
00751B,元大AAA至A公司債,50,0,50,兆豐-三重,2023-04-18,7008
2323,中環,50,0,50,兆豐-三重,2023-04-18,7008
6176,瑞儀,31,0,31,兆豐-三重,2023-04-18,7008
6235,華孚,40,11,29,兆豐-三重,2023-04-18,7008
8926,台汽電,26,2,24,兆豐-三重,2023-04-18,7008
00720B,元大投資級公司債,23,0,23,兆豐-三重,2023-04-18,7008
1785,光洋科,20,0,20,兆豐-三重,2023-04-18,7008
5608,四維航,30,10,20,兆豐-三重,2023-04-18,7008
2208,台船,18,1,17,兆豐-三重,2023-04-18,7008
6451,訊芯-KY,31,14,17,兆豐-三重,2023-04-18,7008
00679B,元大美債20年,16,0,16,兆豐-三重,2023-04-18,7008
3481,群創,83,67,16,兆豐-三重,2023-04-18,7008
3231,緯創,22,8,14,兆豐-三重,2023-04-18,7008
2457,飛宏,52,39,13,兆豐-三重,2023-04-18,7008
3624,光頡,13,0,13,兆豐-三重,2023-04-18,7008
5284,jpp-KY,13,0,13,兆豐-三重,2023-04-18,7008
1605,華新,22,10,12,兆豐-三重,2023-04-18,7008
2329,華泰,12,0,12,兆豐-三重,2023-04-18,7008
1529,樂事綠能,31,20,11,兆豐-三重,2023-04-18,7008
3046,建��,21,10,11,兆豐-三重,2023-04-18,7008
2344,華邦電,28,17,11,兆豐-三重,2023-04-18,7008
2867,三商壽,10,0,10,兆豐-三重,2023-04-18,7008
1467,南緯,10,0,10,兆豐-三重,2023-04-18,7008
2340,台亞,10,0,10,兆豐-三重,2023-04-18,7008
2369,菱生,10,0,10,兆豐-三重,2023-04-18,7008
2748,雲品,10,0,10,兆豐-三重,2023-04-18,7008
4976,佳凌,15,5,10,兆豐-三重,2023-04-18,7008
6180,橘子,11,1,10,兆豐-三重,2023-04-18,7008
8050,廣積,10,0,10,兆豐-三重,2023-04-18,7008
8215,明基材,10,0,10,兆豐-三重,2023-04-18,7008
1609,大亞,23,14,9,兆豐-三重,2023-04-18,7008
1752,南光,9,0,9,兆豐-三重,2023-04-18,7008
8033,雷虎,24,15,9,兆豐-三重,2023-04-18,7008
8069,元太,9,0,9,兆豐-三重,2023-04-18,7008
00687B,國泰20年美債,1308,1300,8,兆豐-三重,2023-04-18,7008
1339,昭輝,8,0,8,兆豐-三重,2023-04-18,7008
2618,長榮航,28,20,8,兆豐-三重,2023-04-18,7008
6133,金橋,10,2,8,兆豐-三重,2023-04-18,7008
1504,東元,17,10,7,兆豐-三重,2023-04-18,7008
2515,中工,8,1,7,兆豐-三重,2023-04-18,7008
3056,富華新,9,2,7,兆豐-三重,2023-04-18,7008
6148,驊宏資,8,1,7,兆豐-三重,2023-04-18,7008
2382,廣達,7,1,6,兆豐-三重,2023-04-18,7008
2486,一詮,6,0,6,兆豐-三重,2023-04-18,7008
3037,欣興,6,0,6,兆豐-三重,2023-04-18,7008
2409,友達,81,0,81,兆豐-三重,2023-04-19,7008
2515,中工,110,50,60,兆豐-三重,2023-04-19,7008
2312,金寶,52,2,50,兆豐-三重,2023-04-19,7008
2601,益航,42,3,39,兆豐-三重,2023-04-19,7008
6770,力積電,40,2,38,兆豐-三重,2023-04-19,7008
2323,中環,35,0,35,兆豐-三重,2023-04-19,7008
2903,遠百,35,0,35,兆豐-三重,2023-04-19,7008
00720B,元大投資級公司債,30,0,30,兆豐-三重,2023-04-19,7008
6606,建德工業,32,6,26,兆豐-三重,2023-04-19,7008
8059,凱碩,26,0,26,兆豐-三重,2023-04-19,7008
1810,和成,26,5,21,兆豐-三重,2023-04-19,7008
4306,炎洲,20,0,20,兆豐-三重,2023-04-19,7008
2498,宏達電,17,0,17,兆豐-三重,2023-04-19,7008
2613,中櫃,17,0,17,兆豐-三重,2023-04-19,7008
2344,華邦電,16,0,16,兆豐-三重,2023-04-19,7008
2208,台船,16,0,16,兆豐-三重,2023-04-19,7008
3481,群創,333,317,16,兆豐-三重,2023-04-19,7008
6206,飛捷,15,0,15,兆豐-三重,2023-04-19,7008
00905,FT臺灣Smart,14,0,14,兆豐-三重,2023-04-19,7008
1417,嘉裕,20,6,14,兆豐-三重,2023-04-19,7008
3022,威強電,13,1,12,兆豐-三重,2023-04-19,7008
4438,廣越,12,0,12,兆豐-三重,2023-04-19,7008
5410,國眾,12,0,12,兆豐-三重,2023-04-19,7008
5469,瀚宇博,12,0,12,兆豐-三重,2023-04-19,7008
2303,聯電,12,1,11,兆豐-三重,2023-04-19,7008
2201,裕隆,29,19,10,兆豐-三重,2023-04-19,7008
00922,國泰台灣領袖50,10,0,10,兆豐-三重,2023-04-19,7008
00881,國泰台灣5G+,10,0,10,兆豐-三重,2023-04-19,7008
2405,輔信,10,0,10,兆豐-三重,2023-04-19,7008
2414,精技,10,0,10,兆豐-三重,2023-04-19,7008
2444,兆勁,10,0,10,兆豐-三重,2023-04-19,7008
3062,建漢,10,0,10,兆豐-三重,2023-04-19,7008
3499,環天科,10,0,10,兆豐-三重,2023-04-19,7008
4961,天鈺,16,6,10,兆豐-三重,2023-04-19,7008
5512,力麒,20,10,10,兆豐-三重,2023-04-19,7008
8105,凌巨,52,42,10,兆豐-三重,2023-04-19,7008
3712,永崴投控,11,2,9,兆豐-三重,2023-04-19,7008
2342,茂矽,10,2,8,兆豐-三重,2023-04-19,7008
3711,日月光投控,8,0,8,兆豐-三重,2023-04-19,7008
5607,遠雄港,8,0,8,兆豐-三重,2023-04-19,7008
1612,宏泰,7,0,7,兆豐-三重,2023-04-19,7008
3032,偉訓,10,3,7,兆豐-三重,2023-04-19,7008
3324,雙鴻,9,2,7,兆豐-三重,2023-04-19,7008
8358,金居,7,0,7,兆豐-三重,2023-04-19,7008
006208,富邦台50,6,0,6,兆豐-三重,2023-04-19,7008
2330,台積電,6,0,6,兆豐-三重,2023-04-19,7008
5009,榮剛,8,2,6,兆豐-三重,2023-04-19,7008
6140,訊達,6,0,6,兆豐-三重,2023-04-19,7008
6223,旺矽,7,1,6,兆豐-三重,2023-04-19,7008
00772B,中信高評級公司債,6,0,6,兆豐-三重,2023-04-19,7008
2484,希華,106,0,106,兆豐-三重,2023-04-20,7008
0056,元大高股息,76,20,56,兆豐-三重,2023-04-20,7008
2515,中工,55,3,52,兆豐-三重,2023-04-20,7008
2409,友達,51,0,51,兆豐-三重,2023-04-20,7008
5465,富驊,48,1,47,兆豐-三重,2023-04-20,7008
1321,大洋,42,0,42,兆豐-三重,2023-04-20,7008
6176,瑞儀,40,0,40,兆豐-三重,2023-04-20,7008
00632R,元大台灣50反1,40,2,38,兆豐-三重,2023-04-20,7008
6235,華孚,49,17,32,兆豐-三重,2023-04-20,7008
1535,中宇,30,0,30,兆豐-三重,2023-04-20,7008
00720B,元大投資級公司債,30,3,27,兆豐-三重,2023-04-20,7008
1718,中纖,25,0,25,兆豐-三重,2023-04-20,7008
1809,中釉,35,10,25,兆豐-三重,2023-04-20,7008
1447,力鵬,20,0,20,兆豐-三重,2023-04-20,7008
2607,榮運,20,0,20,兆豐-三重,2023-04-20,7008
2615,萬海,20,0,20,兆豐-三重,2023-04-20,7008
8358,金居,18,0,18,兆豐-三重,2023-04-20,7008
6282,康舒,57,40,17,兆豐-三重,2023-04-20,7008
2613,中櫃,15,0,15,兆豐-三重,2023-04-20,7008
3483,力致,16,1,15,兆豐-三重,2023-04-20,7008
2457,飛宏,53,39,14,兆豐-三重,2023-04-20,7008
3673,TPK-KY,12,0,12,兆豐-三重,2023-04-20,7008
3686,達能,12,0,12,兆豐-三重,2023-04-20,7008
1711,永光,11,0,11,兆豐-三重,2023-04-20,7008
00679B,元大美債20年,17,6,11,兆豐-三重,2023-04-20,7008
2739,寒舍,11,0,11,兆豐-三重,2023-04-20,7008
6592,和潤企業,11,0,11,兆豐-三重,2023-04-20,7008
8111,立��,11,0,11,兆豐-三重,2023-04-20,7008
0050,元大台灣50,10,0,10,兆豐-三重,2023-04-20,7008
00882,中信中國高股息,10,0,10,兆豐-三重,2023-04-20,7008
1906,寶隆,10,0,10,兆豐-三重,2023-04-20,7008
2303,聯電,10,0,10,兆豐-三重,2023-04-20,7008
2353,宏��,11,1,10,兆豐-三重,2023-04-20,7008
2380,虹光,10,0,10,兆豐-三重,2023-04-20,7008
2498,宏達電,10,0,10,兆豐-三重,2023-04-20,7008
4532,瑞智,10,0,10,兆豐-三重,2023-04-20,7008
5608,四維航,10,0,10,兆豐-三重,2023-04-20,7008
6138,茂達,10,0,10,兆豐-三重,2023-04-20,7008
8234,新漢,33,23,10,兆豐-三重,2023-04-20,7008
8996,高力,10,0,10,兆豐-三重,2023-04-20,7008
3078,僑威,13,4,9,兆豐-三重,2023-04-20,7008
6244,茂迪,19,10,9,兆豐-三重,2023-04-20,7008
2329,華泰,10,2,8,兆豐-三重,2023-04-20,7008
3029,零壹,12,4,8,兆豐-三重,2023-04-20,7008
3094,聯傑,10,2,8,兆豐-三重,2023-04-20,7008
3521,鴻翊,7,0,7,兆豐-三重,2023-04-20,7008
3576,聯合再生,7,0,7,兆豐-三重,2023-04-20,7008
2884,玉山金,7,0,7,兆豐-三重,2023-04-20,7008
1513,中興電,12,6,6,兆豐-三重,2023-04-20,7008
2342,茂矽,7,1,6,兆豐-三重,2023-04-20,7008
00720B,元大投資級公司債,60,0,60,兆豐-三重,2023-04-21,7008
3058,立德,53,4,49,兆豐-三重,2023-04-21,7008
2330,台積電,63,17,46,兆豐-三重,2023-04-21,7008
1718,中纖,45,0,45,兆豐-三重,2023-04-21,7008
4744,皇將,25,0,25,兆豐-三重,2023-04-21,7008
6517,保勝光學,27,4,23,兆豐-三重,2023-04-21,7008
2615,萬海,24,3,21,兆豐-三重,2023-04-21,7008
1710,東聯,20,0,20,兆豐-三重,2023-04-21,7008
1810,和成,20,0,20,兆豐-三重,2023-04-21,7008
6733,博晟生醫,21,2,19,兆豐-三重,2023-04-21,7008
8049,晶采,25,6,19,兆豐-三重,2023-04-21,7008
1907,永豐餘,42,24,18,兆豐-三重,2023-04-21,7008
2201,裕隆,29,11,18,兆豐-三重,2023-04-21,7008
2609,陽明,20,2,18,兆豐-三重,2023-04-21,7008
6770,力積電,33,16,17,兆豐-三重,2023-04-21,7008
3042,晶技,16,0,16,兆豐-三重,2023-04-21,7008
4167,松瑞藥,16,0,16,兆豐-三重,2023-04-21,7008
5512,力麒,16,0,16,兆豐-三重,2023-04-21,7008
2328,廣宇,15,0,15,兆豐-三重,2023-04-21,7008
2613,中櫃,14,0,14,兆豐-三重,2023-04-21,7008
5009,榮剛,15,2,13,兆豐-三重,2023-04-21,7008
1611,中電,27,15,12,兆豐-三重,2023-04-21,7008
3710,連展投控,12,0,12,兆豐-三重,2023-04-21,7008
6163,華電網,32,20,12,兆豐-三重,2023-04-21,7008
1434,福懋,11,0,11,兆豐-三重,2023-04-21,7008
2457,飛宏,27,16,11,兆豐-三重,2023-04-21,7008
00692,富邦公司治理,10,0,10,兆豐-三重,2023-04-21,7008
2344,華邦電,10,0,10,兆豐-三重,2023-04-21,7008
6140,訊達,9,0,9,兆豐-三重,2023-04-21,7008
2723,美食-KY,8,0,8,兆豐-三重,2023-04-21,7008
5425,台半,10,2,8,兆豐-三重,2023-04-21,7008
6026,福邦證,8,0,8,兆豐-三重,2023-04-21,7008
1101,台泥,16,9,7,兆豐-三重,2023-04-21,7008
2492,華新科,17,10,7,兆豐-三重,2023-04-21,7008
2515,中工,10,3,7,兆豐-三重,2023-04-21,7008
6167,久正,11,4,7,兆豐-三重,2023-04-21,7008
6547,高端疫苗,12,5,7,兆豐-三重,2023-04-21,7008
3324,雙鴻,13,7,6,兆豐-三重,2023-04-21,7008
4162,智擎,9,3,6,兆豐-三重,2023-04-21,7008
2354,鴻準,6,0,6,兆豐-三重,2023-04-21,7008
1904,正隆,8,3,5,兆豐-三重,2023-04-21,7008
2002,中鋼,5,0,5,兆豐-三重,2023-04-21,7008
2393,億光,5,0,5,兆豐-三重,2023-04-21,7008
2471,資通,6,1,5,兆豐-三重,2023-04-21,7008
2482,連宇,5,0,5,兆豐-三重,2023-04-21,7008
4736,泰博,5,0,5,兆豐-三重,2023-04-21,7008
4747,強生,5,0,5,兆豐-三重,2023-04-21,7008
6109,亞元,5,0,5,兆豐-三重,2023-04-21,7008
6202,盛群,5,0,5,兆豐-三重,2023-04-21,7008
6470,宇智,5,0,5,兆豐-三重,2023-04-21,7008
2317,鴻海,455,250,205,兆豐-三重,2023-04-24,7008
0056,元大高股息,90,1,89,兆豐-三重,2023-04-24,7008
1711,永光,52,6,46,兆豐-三重,2023-04-24,7008
00679B,元大美債20年,43,5,38,兆豐-三重,2023-04-24,7008
6282,康舒,34,3,31,兆豐-三重,2023-04-24,7008
00637L,元大滬深300正2,25,0,25,兆豐-三重,2023-04-24,7008
2457,飛宏,51,27,24,兆豐-三重,2023-04-24,7008
00772B,中信高評級公司債,20,0,20,兆豐-三重,2023-04-24,7008
2353,宏��,21,1,20,兆豐-三重,2023-04-24,7008
1905,華紙,29,10,19,兆豐-三重,2023-04-24,7008
2312,金寶,19,0,19,兆豐-三重,2023-04-24,7008
2330,台積電,20,1,19,兆豐-三重,2023-04-24,7008
1201,味全,15,0,15,兆豐-三重,2023-04-24,7008
3260,威剛,14,0,14,兆豐-三重,2023-04-24,7008
8358,金居,13,0,13,兆豐-三重,2023-04-24,7008
1310,台苯,14,2,12,兆豐-三重,2023-04-24,7008
2601,益航,11,0,11,兆豐-三重,2023-04-24,7008
2884,玉山金,11,0,11,兆豐-三重,2023-04-24,7008
3325,旭品,10,0,10,兆豐-三重,2023-04-24,7008
00673R,期元大S＆P原油反1,10,0,10,兆豐-三重,2023-04-24,7008
2388,威盛,14,4,10,兆豐-三重,2023-04-24,7008
4741,泓瀚,10,0,10,兆豐-三重,2023-04-24,7008
6116,彩晶,16,6,10,兆豐-三重,2023-04-24,7008
6234,高僑,10,0,10,兆豐-三重,2023-04-24,7008
8043,蜜望實,10,0,10,兆豐-三重,2023-04-24,7008
2515,中工,9,0,9,兆豐-三重,2023-04-24,7008
00923,群益台ESG低碳50,8,0,8,兆豐-三重,2023-04-24,7008
2634,漢翔,18,10,8,兆豐-三重,2023-04-24,7008
3363,上詮,8,1,7,兆豐-三重,2023-04-24,7008
4942,嘉彰,7,0,7,兆豐-三重,2023-04-24,7008
6698,旭暉應材,7,0,7,兆豐-三重,2023-04-24,7008
3481,群創,6,0,6,兆豐-三重,2023-04-24,7008
2031,新光鋼,6,0,6,兆豐-三重,2023-04-24,7008
3022,威強電,6,0,6,兆豐-三重,2023-04-24,7008
8076,伍豐,6,0,6,兆豐-三重,2023-04-24,7008
1108,幸福,6,1,5,兆豐-三重,2023-04-24,7008
1304,台聚,5,0,5,兆豐-三重,2023-04-24,7008
00905,FT臺灣Smart,5,0,5,兆豐-三重,2023-04-24,7008
00636,國泰中國A50,5,0,5,兆豐-三重,2023-04-24,7008
1760,寶齡富錦,5,0,5,兆豐-三重,2023-04-24,7008
2201,裕隆,7,2,5,兆豐-三重,2023-04-24,7008
2324,仁寶,4,0,4,兆豐-三重,2023-04-24,7008
1784,訊聯,6,2,4,兆豐-三重,2023-04-24,7008
1907,永豐餘,70,66,4,兆豐-三重,2023-04-24,7008
2438,翔耀,4,0,4,兆豐-三重,2023-04-24,7008
2471,資通,4,0,4,兆豐-三重,2023-04-24,7008
3058,立德,5,1,4,兆豐-三重,2023-04-24,7008
6233,旺玖,4,0,4,兆豐-三重,2023-04-24,7008
8240,華宏,4,0,4,兆豐-三重,2023-04-24,7008
00878,國泰永續高股息,3,0,3,兆豐-三重,2023-04-24,7008
2317,鴻海,623,444,179,兆豐-三重,2023-04-25,7008
00878,國泰永續高股息,108,0,108,兆豐-三重,2023-04-25,7008
0056,元大高股息,90,0,90,兆豐-三重,2023-04-25,7008
2303,聯電,82,3,79,兆豐-三重,2023-04-25,7008
2344,華邦電,24,0,24,兆豐-三重,2023-04-25,7008
1467,南緯,20,0,20,兆豐-三重,2023-04-25,7008
2027,大成鋼,20,0,20,兆豐-三重,2023-04-25,7008
3325,旭品,20,0,20,兆豐-三重,2023-04-25,7008
3499,環天科,20,0,20,兆豐-三重,2023-04-25,7008
2618,長榮航,21,2,19,兆豐-三重,2023-04-25,7008
1710,東聯,18,0,18,兆豐-三重,2023-04-25,7008
00673R,期元大S＆P原油反1,16,0,16,兆豐-三重,2023-04-25,7008
1201,味全,15,0,15,兆豐-三重,2023-04-25,7008
3596,智易,15,0,15,兆豐-三重,2023-04-25,7008
0050,元大台灣50,15,0,15,兆豐-三重,2023-04-25,7008
3406,玉晶光,13,0,13,兆豐-三重,2023-04-25,7008
2330,台積電,13,1,12,兆豐-三重,2023-04-25,7008
2883,凱基金,12,0,12,兆豐-三重,2023-04-25,7008
3363,上詮,12,0,12,兆豐-三重,2023-04-25,7008
1605,華新,16,5,11,兆豐-三重,2023-04-25,7008
2610,華航,10,0,10,兆豐-三重,2023-04-25,7008
2929,淘帝-KY,10,0,10,兆豐-三重,2023-04-25,7008
3207,耀勝,10,0,10,兆豐-三重,2023-04-25,7008
3324,雙鴻,17,7,10,兆豐-三重,2023-04-25,7008
3576,聯合再生,10,0,10,兆豐-三重,2023-04-25,7008
3706,神達,10,0,10,兆豐-三重,2023-04-25,7008
6209,今國光,10,0,10,兆豐-三重,2023-04-25,7008
9919,康那香,10,0,10,兆豐-三重,2023-04-25,7008
2634,漢翔,196,187,9,兆豐-三重,2023-04-25,7008
5425,台半,10,1,9,兆豐-三重,2023-04-25,7008
1229,聯華,10,2,8,兆豐-三重,2023-04-25,7008
2354,鴻準,8,0,8,兆豐-三重,2023-04-25,7008
00900,富邦特選高股息30,7,0,7,兆豐-三重,2023-04-25,7008
2007,燁興,7,0,7,兆豐-三重,2023-04-25,7008
5443,均豪,8,1,7,兆豐-三重,2023-04-25,7008
6770,力積電,41,34,7,兆豐-三重,2023-04-25,7008
1504,東元,6,0,6,兆豐-三重,2023-04-25,7008
2002,中鋼,6,0,6,兆豐-三重,2023-04-25,7008
2206,三陽工業,14,8,6,兆豐-三重,2023-04-25,7008
2208,台船,27,21,6,兆豐-三重,2023-04-25,7008
2409,友達,6,0,6,兆豐-三重,2023-04-25,7008
4906,正文,6,0,6,兆豐-三重,2023-04-25,7008
4960,誠美材,6,0,6,兆豐-三重,2023-04-25,7008
00905,FT臺灣Smart,5,0,5,兆豐-三重,2023-04-25,7008
2492,華新科,5,0,5,兆豐-三重,2023-04-25,7008
2498,宏達電,6,1,5,兆豐-三重,2023-04-25,7008
2528,皇普,5,0,5,兆豐-三重,2023-04-25,7008
3029,零壹,5,0,5,兆豐-三重,2023-04-25,7008
5383,金利,5,0,5,兆豐-三重,2023-04-25,7008
5871,中租-KY,5,0,5,兆豐-三重,2023-04-25,7008
0056,元大高股息,150,87,63,兆豐-三重,2023-04-26,7008
2618,長榮航,72,44,28,兆豐-三重,2023-04-26,7008
4967,十銓,15,0,15,兆豐-三重,2023-04-26,7008
2609,陽明,14,0,14,兆豐-三重,2023-04-26,7008
1905,華紙,25,11,14,兆豐-三重,2023-04-26,7008
1101,台泥,13,0,13,兆豐-三重,2023-04-26,7008
6547,高端疫苗,12,0,12,兆豐-三重,2023-04-26,7008
1504,東元,11,0,11,兆豐-三重,2023-04-26,7008
5706,鳳凰,11,0,11,兆豐-三重,2023-04-26,7008
6282,康舒,14,3,11,兆豐-三重,2023-04-26,7008
1725,元禎,15,5,10,兆豐-三重,2023-04-26,7008
1733,五鼎,10,0,10,兆豐-三重,2023-04-26,7008
2867,三商壽,10,0,10,兆豐-三重,2023-04-26,7008
3303,岱稜,10,0,10,兆豐-三重,2023-04-26,7008
3576,聯合再生,10,0,10,兆豐-三重,2023-04-26,7008
8088,品安,10,0,10,兆豐-三重,2023-04-26,7008
6443,元晶,11,2,9,兆豐-三重,2023-04-26,7008
8044,網家,9,0,9,兆豐-三重,2023-04-26,7008
0050,元大台灣50,8,0,8,兆豐-三重,2023-04-26,7008
4566,時碩工業,18,10,8,兆豐-三重,2023-04-26,7008
2002,中鋼,7,0,7,兆豐-三重,2023-04-26,7008
6829,千附精密,32,26,6,兆豐-三重,2023-04-26,7008
5464,霖宏,6,0,6,兆豐-三重,2023-04-26,7008
2330,台積電,7,1,6,兆豐-三重,2023-04-26,7008
00712,復華富時不動產,5,0,5,兆豐-三重,2023-04-26,7008
3037,欣興,15,10,5,兆豐-三重,2023-04-26,7008
3041,揚智,5,0,5,兆豐-三重,2023-04-26,7008
5213,亞昕,5,0,5,兆豐-三重,2023-04-26,7008
8403,盛弘,5,0,5,兆豐-三重,2023-04-26,7008
1201,味全,4,0,4,兆豐-三重,2023-04-26,7008
2303,聯電,4,0,4,兆豐-三重,2023-04-26,7008
3056,富華新,4,0,4,兆豐-三重,2023-04-26,7008
3224,三顧,4,0,4,兆豐-三重,2023-04-26,7008
8299,群聯,4,0,4,兆豐-三重,2023-04-26,7008
8358,金居,4,0,4,兆豐-三重,2023-04-26,7008
2204,中華,11,8,3,兆豐-三重,2023-04-26,7008
1714,和桐,3,0,3,兆豐-三重,2023-04-26,7008
2313,華通,3,0,3,兆豐-三重,2023-04-26,7008
2528,皇普,3,0,3,兆豐-三重,2023-04-26,7008
2610,華航,48,45,3,兆豐-三重,2023-04-26,7008
2739,寒舍,3,0,3,兆豐-三重,2023-04-26,7008
2890,永豐金,3,0,3,兆豐-三重,2023-04-26,7008
3035,智原,12,9,3,兆豐-三重,2023-04-26,7008
3078,僑威,3,0,3,兆豐-三重,2023-04-26,7008
3205,佰研,3,0,3,兆豐-三重,2023-04-26,7008
4572,駐龍,3,0,3,兆豐-三重,2023-04-26,7008
6274,台燿,3,0,3,兆豐-三重,2023-04-26,7008
6531,愛普*,6,3,3,兆豐-三重,2023-04-26,7008
8121,越峰,3,0,3,兆豐-三重,2023-04-26,7008
2344,華邦電,12,10,2,兆豐-三重,2023-04-26,7008
2317,鴻海,312,181,131,兆豐-三重,2023-04-27,7008
00715L,期街口布蘭特正2,123,0,123,兆豐-三重,2023-04-27,7008
2609,陽明,60,3,57,兆豐-三重,2023-04-27,7008
8927,北基,170,129,41,兆豐-三重,2023-04-27,7008
3088,艾訊,18,0,18,兆豐-三重,2023-04-27,7008
1709,和益,17,1,16,兆豐-三重,2023-04-27,7008
2610,華航,17,1,16,兆豐-三重,2023-04-27,7008
2388,威盛,15,0,15,兆豐-三重,2023-04-27,7008
3037,欣興,16,1,15,兆豐-三重,2023-04-27,7008
8271,宇瞻,15,0,15,兆豐-三重,2023-04-27,7008
00679B,元大美債20年,22,9,13,兆豐-三重,2023-04-27,7008
2615,萬海,13,0,13,兆豐-三重,2023-04-27,7008
1810,和成,15,3,12,兆豐-三重,2023-04-27,7008
1725,元禎,10,0,10,兆豐-三重,2023-04-27,7008
00680L,元大美債20正2,10,0,10,兆豐-三重,2023-04-27,7008
2880,華南金,10,0,10,兆豐-三重,2023-04-27,7008
3576,聯合再生,10,0,10,兆豐-三重,2023-04-27,7008
5519,隆大,10,0,10,兆豐-三重,2023-04-27,7008
8358,金居,10,0,10,兆豐-三重,2023-04-27,7008
2603,長榮,12,3,9,兆豐-三重,2023-04-27,7008
2409,友達,9,0,9,兆豐-三重,2023-04-27,7008
2634,漢翔,39,31,8,兆豐-三重,2023-04-27,7008
1310,台苯,14,6,8,兆豐-三重,2023-04-27,7008
2002,中鋼,47,39,8,兆豐-三重,2023-04-27,7008
3071,協禧,14,6,8,兆豐-三重,2023-04-27,7008
3363,上詮,8,0,8,兆豐-三重,2023-04-27,7008
2303,聯電,10,3,7,兆豐-三重,2023-04-27,7008
1504,東元,7,0,7,兆豐-三重,2023-04-27,7008
2324,仁寶,7,0,7,兆豐-三重,2023-04-27,7008
4967,十銓,7,0,7,兆豐-三重,2023-04-27,7008
3338,泰碩,6,0,6,兆豐-三重,2023-04-27,7008
4714,永捷,8,2,6,兆豐-三重,2023-04-27,7008
6752,叡揚,8,2,6,兆豐-三重,2023-04-27,7008
2891,中信金,5,0,5,兆豐-三重,2023-04-27,7008
1717,長興,6,1,5,兆豐-三重,2023-04-27,7008
1201,味全,5,0,5,兆豐-三重,2023-04-27,7008
2015,豐興,5,0,5,兆豐-三重,2023-04-27,7008
3207,耀勝,5,0,5,兆豐-三重,2023-04-27,7008
4931,新盛力,5,0,5,兆豐-三重,2023-04-27,7008
6244,茂迪,5,0,5,兆豐-三重,2023-04-27,7008
6266,泰詠,5,0,5,兆豐-三重,2023-04-27,7008
6509,聚和,5,0,5,兆豐-三重,2023-04-27,7008
6592,和潤企業,5,0,5,兆豐-三重,2023-04-27,7008
6770,力積電,5,0,5,兆豐-三重,2023-04-27,7008
8044,網家,5,0,5,兆豐-三重,2023-04-27,7008
1101,台泥,5,0,5,兆豐-三重,2023-04-27,7008
2457,飛宏,16,12,4,兆豐-三重,2023-04-27,7008
8069,元太,5,1,4,兆豐-三重,2023-04-27,7008
1815,富喬,4,0,4,兆豐-三重,2023-04-27,7008
2748,雲品,4,0,4,兆豐-三重,2023-04-27,7008
8937,合騏,55,0,55,兆豐-三重,2023-04-28,7008
2880,華南金,54,0,54,兆豐-三重,2023-04-28,7008
00751B,元大AAA至A公司債,50,0,50,兆豐-三重,2023-04-28,7008
2409,友達,46,5,41,兆豐-三重,2023-04-28,7008
00671R,富邦NASDAQ反1,33,0,33,兆豐-三重,2023-04-28,7008
0056,元大高股息,40,12,28,兆豐-三重,2023-04-28,7008
2344,華邦電,38,14,24,兆豐-三重,2023-04-28,7008
3029,零壹,32,10,22,兆豐-三重,2023-04-28,7008
1609,大亞,21,0,21,兆豐-三重,2023-04-28,7008
00680L,元大美債20正2,20,0,20,兆豐-三重,2023-04-28,7008
1810,和成,20,0,20,兆豐-三重,2023-04-28,7008
2453,凌群,22,7,15,兆豐-三重,2023-04-28,7008
1104,環泥,15,1,14,兆豐-三重,2023-04-28,7008
8358,金居,13,0,13,兆豐-三重,2023-04-28,7008
00902,中信電池及儲能,12,0,12,兆豐-三重,2023-04-28,7008
6209,今國光,12,0,12,兆豐-三重,2023-04-28,7008
6288,聯嘉,16,4,12,兆豐-三重,2023-04-28,7008
5009,榮剛,18,7,11,兆豐-三重,2023-04-28,7008
00795B,中信美國公債20年,10,0,10,兆豐-三重,2023-04-28,7008
00923,群益台ESG低碳50,10,0,10,兆豐-三重,2023-04-28,7008
00922,國泰台灣領袖50,10,0,10,兆豐-三重,2023-04-28,7008
1201,味全,10,0,10,兆豐-三重,2023-04-28,7008
2492,華新科,10,0,10,兆豐-三重,2023-04-28,7008
2883,凱基金,10,0,10,兆豐-三重,2023-04-28,7008
4968,立積,21,11,10,兆豐-三重,2023-04-28,7008
8059,凱碩,10,0,10,兆豐-三重,2023-04-28,7008
8924,大田,10,0,10,兆豐-三重,2023-04-28,7008
3022,威強電,9,0,9,兆豐-三重,2023-04-28,7008
8927,北基,71,62,9,兆豐-三重,2023-04-28,7008
6163,華電網,10,2,8,兆豐-三重,2023-04-28,7008
2330,台積電,11,3,8,兆豐-三重,2023-04-28,7008
2208,台船,11,4,7,兆豐-三重,2023-04-28,7008
2481,強茂,7,0,7,兆豐-三重,2023-04-28,7008
2634,漢翔,23,16,7,兆豐-三重,2023-04-28,7008
2609,陽明,20,14,6,兆豐-三重,2023-04-28,7008
3419,譁裕,6,0,6,兆豐-三重,2023-04-28,7008
3711,日月光投控,6,0,6,兆豐-三重,2023-04-28,7008
4967,十銓,10,4,6,兆豐-三重,2023-04-28,7008
8171,天宇,6,0,6,兆豐-三重,2023-04-28,7008
2603,長榮,12,6,6,兆豐-三重,2023-04-28,7008
8046,南電,8,2,6,兆豐-三重,2023-04-28,7008
1524,耿鼎,5,0,5,兆豐-三重,2023-04-28,7008
1535,中宇,5,0,5,兆豐-三重,2023-04-28,7008
2022,聚亨,5,0,5,兆豐-三重,2023-04-28,7008
2104,國際中橡,5,0,5,兆豐-三重,2023-04-28,7008
2303,聯電,27,22,5,兆豐-三重,2023-04-28,7008
2314,台揚,5,0,5,兆豐-三重,2023-04-28,7008
2414,精技,5,0,5,兆豐-三重,2023-04-28,7008
2801,彰銀,5,0,5,兆豐-三重,2023-04-28,7008
2882,國泰金,5,0,5,兆豐-三重,2023-04-28,7008
00680L,元大美債20正2,122,0,122,兆豐-三重,2023-05-02,7008
00751B,元大AAA至A公司債,72,0,72,兆豐-三重,2023-05-02,7008
0056,元大高股息,62,0,62,兆豐-三重,2023-05-02,7008
00679B,元大美債20年,52,0,52,兆豐-三重,2023-05-02,7008
2392,正崴,50,1,49,兆豐-三重,2023-05-02,7008
8937,合騏,49,0,49,兆豐-三重,2023-05-02,7008
00772B,中信高評級公司債,48,1,47,兆豐-三重,2023-05-02,7008
1609,大亞,43,10,33,兆豐-三重,2023-05-02,7008
2888,新光金,30,0,30,兆豐-三重,2023-05-02,7008
1524,耿鼎,20,0,20,兆豐-三重,2023-05-02,7008
2344,華邦電,25,5,20,兆豐-三重,2023-05-02,7008
2884,玉山金,19,0,19,兆豐-三重,2023-05-02,7008
3058,立德,20,1,19,兆豐-三重,2023-05-02,7008
1802,台玻,18,0,18,兆豐-三重,2023-05-02,7008
1504,東元,30,15,15,兆豐-三重,2023-05-02,7008
2634,漢翔,21,8,13,兆豐-三重,2023-05-02,7008
2603,長榮,47,35,12,兆豐-三重,2023-05-02,7008
2329,華泰,12,0,12,兆豐-三重,2023-05-02,7008
2409,友達,20,8,12,兆豐-三重,2023-05-02,7008
00720B,元大投資級公司債,11,0,11,兆豐-三重,2023-05-02,7008
3479,安勤,12,1,11,兆豐-三重,2023-05-02,7008
1467,南緯,10,0,10,兆豐-三重,2023-05-02,7008
00795B,中信美國公債20年,10,0,10,兆豐-三重,2023-05-02,7008
3313,斐成,10,0,10,兆豐-三重,2023-05-02,7008
4306,炎洲,10,0,10,兆豐-三重,2023-05-02,7008
6443,元晶,10,0,10,兆豐-三重,2023-05-02,7008
8403,盛弘,10,0,10,兆豐-三重,2023-05-02,7008
6517,保勝光學,13,4,9,兆豐-三重,2023-05-02,7008
2204,中華,9,0,9,兆豐-三重,2023-05-02,7008
00671R,富邦NASDAQ反1,8,0,8,兆豐-三重,2023-05-02,7008
4541,晟田,8,0,8,兆豐-三重,2023-05-02,7008
1605,華新,8,1,7,兆豐-三重,2023-05-02,7008
2009,第一銅,7,0,7,兆豐-三重,2023-05-02,7008
2615,萬海,7,0,7,兆豐-三重,2023-05-02,7008
2913,農林,10,3,7,兆豐-三重,2023-05-02,7008
2201,裕隆,16,10,6,兆豐-三重,2023-05-02,7008
2314,台揚,6,0,6,兆豐-三重,2023-05-02,7008
2609,陽明,7,1,6,兆豐-三重,2023-05-02,7008
6116,彩晶,6,0,6,兆豐-三重,2023-05-02,7008
8222,寶一,13,7,6,兆豐-三重,2023-05-02,7008
1101,台泥,10,5,5,兆豐-三重,2023-05-02,7008
00882,中信中國高股息,5,0,5,兆豐-三重,2023-05-02,7008
1201,味全,5,0,5,兆豐-三重,2023-05-02,7008
1535,中宇,5,0,5,兆豐-三重,2023-05-02,7008
1584,精剛,5,0,5,兆豐-三重,2023-05-02,7008
2208,台船,6,1,5,兆豐-三重,2023-05-02,7008
2461,光群雷,5,0,5,兆豐-三重,2023-05-02,7008
2482,連宇,17,12,5,兆豐-三重,2023-05-02,7008
3005,神基,5,0,5,兆豐-三重,2023-05-02,7008
4552,力達-KY,5,0,5,兆豐-三重,2023-05-02,7008
00715L,期街口布蘭特正2,163,0,163,兆豐-三重,2023-05-03,7008
5905,南仁湖,51,0,51,兆豐-三重,2023-05-03,7008
2812,台中銀,48,0,48,兆豐-三重,2023-05-03,7008
00878,國泰永續高股息,36,0,36,兆豐-三重,2023-05-03,7008
00665L,富邦�琤肭磪囓�2,32,0,32,兆豐-三重,2023-05-03,7008
6244,茂迪,31,1,30,兆豐-三重,2023-05-03,7008
8937,合騏,27,0,27,兆豐-三重,2023-05-03,7008
2890,永豐金,35,10,25,兆豐-三重,2023-05-03,7008
1504,東元,21,2,19,兆豐-三重,2023-05-03,7008
3324,雙鴻,18,1,17,兆豐-三重,2023-05-03,7008
1101,台泥,14,0,14,兆豐-三重,2023-05-03,7008
2344,華邦電,15,1,14,兆豐-三重,2023-05-03,7008
1906,寶隆,13,0,13,兆豐-三重,2023-05-03,7008
2609,陽明,27,15,12,兆豐-三重,2023-05-03,7008
1514,亞力,114,102,12,兆豐-三重,2023-05-03,7008
00712,復華富時不動產,11,0,11,兆豐-三重,2023-05-03,7008
1303,南亞,11,0,11,兆豐-三重,2023-05-03,7008
2324,仁寶,11,0,11,兆豐-三重,2023-05-03,7008
3481,群創,11,0,11,兆豐-三重,2023-05-03,7008
1701,中化,10,0,10,兆豐-三重,2023-05-03,7008
1201,味全,10,0,10,兆豐-三重,2023-05-03,7008
1907,永豐餘,10,0,10,兆豐-三重,2023-05-03,7008
2302,麗正,10,0,10,兆豐-三重,2023-05-03,7008
2419,仲琦,10,0,10,兆豐-三重,2023-05-03,7008
3576,聯合再生,10,0,10,兆豐-三重,2023-05-03,7008
6116,彩晶,10,0,10,兆豐-三重,2023-05-03,7008
6245,立端,10,0,10,兆豐-三重,2023-05-03,7008
6477,安集,10,0,10,兆豐-三重,2023-05-03,7008
8086,宏捷科,10,1,9,兆豐-三重,2023-05-03,7008
8222,寶一,17,8,9,兆豐-三重,2023-05-03,7008
00637L,元大滬深300正2,8,0,8,兆豐-三重,2023-05-03,7008
2201,裕隆,8,0,8,兆豐-三重,2023-05-03,7008
2388,威盛,8,0,8,兆豐-三重,2023-05-03,7008
2615,萬海,8,0,8,兆豐-三重,2023-05-03,7008
2377,微星,6,0,6,兆豐-三重,2023-05-03,7008
2455,全新,6,0,6,兆豐-三重,2023-05-03,7008
2603,長榮,28,23,5,兆豐-三重,2023-05-03,7008
00636,國泰中國A50,5,0,5,兆豐-三重,2023-05-03,7008
00830,國泰費城半導體,5,0,5,兆豐-三重,2023-05-03,7008
1519,華城,5,0,5,兆豐-三重,2023-05-03,7008
2471,資通,7,2,5,兆豐-三重,2023-05-03,7008
2515,中工,7,2,5,兆豐-三重,2023-05-03,7008
2601,益航,5,0,5,兆豐-三重,2023-05-03,7008
3479,安勤,5,0,5,兆豐-三重,2023-05-03,7008
3508,位速,5,0,5,兆豐-三重,2023-05-03,7008
4951,精拓科,5,0,5,兆豐-三重,2023-05-03,7008
4979,華星光,17,12,5,兆豐-三重,2023-05-03,7008
6143,振曜,7,2,5,兆豐-三重,2023-05-03,7008
6625,必應,6,2,4,兆豐-三重,2023-05-03,7008
2360,致茂,4,0,4,兆豐-三重,2023-05-03,7008
8937,合騏,111,18,93,兆豐-三重,2023-05-04,7008
2618,長榮航,60,10,50,兆豐-三重,2023-05-04,7008
6446,藥華藥,39,5,34,兆豐-三重,2023-05-04,7008
2211,長榮鋼,30,0,30,兆豐-三重,2023-05-04,7008
2353,宏��,31,1,30,兆豐-三重,2023-05-04,7008
2208,台船,18,0,18,兆豐-三重,2023-05-04,7008
1710,東聯,17,1,16,兆豐-三重,2023-05-04,7008
1503,士電,17,2,15,兆豐-三重,2023-05-04,7008
6451,訊芯-KY,38,23,15,兆豐-三重,2023-05-04,7008
00878,國泰永續高股息,14,0,14,兆豐-三重,2023-05-04,7008
00715L,期街口布蘭特正2,17,3,14,兆豐-三重,2023-05-04,7008
6111,大宇資,25,12,13,兆豐-三重,2023-05-04,7008
2457,飛宏,15,3,12,兆豐-三重,2023-05-04,7008
1717,長興,13,1,12,兆豐-三重,2023-05-04,7008
3363,上詮,12,0,12,兆豐-三重,2023-05-04,7008
2402,毅嘉,11,0,11,兆豐-三重,2023-05-04,7008
2615,萬海,11,0,11,兆豐-三重,2023-05-04,7008
6719,力智,11,0,11,兆豐-三重,2023-05-04,7008
00888,永豐台灣ESG,10,0,10,兆豐-三重,2023-05-04,7008
00720B,元大投資級公司債,10,0,10,兆豐-三重,2023-05-04,7008
1789,神隆,10,0,10,兆豐-三重,2023-05-04,7008
2482,連宇,10,0,10,兆豐-三重,2023-05-04,7008
2610,華航,10,0,10,兆豐-三重,2023-05-04,7008
2707,晶華,11,1,10,兆豐-三重,2023-05-04,7008
6026,福邦證,10,0,10,兆豐-三重,2023-05-04,7008
1727,中華化,9,0,9,兆豐-三重,2023-05-04,7008
3710,連展投控,9,0,9,兆豐-三重,2023-05-04,7008
4967,十銓,13,4,9,兆豐-三重,2023-05-04,7008
8289,泰藝,9,0,9,兆豐-三重,2023-05-04,7008
1319,東陽,15,7,8,兆豐-三重,2023-05-04,7008
4746,台耀,10,2,8,兆豐-三重,2023-05-04,7008
5315,光聯,8,0,8,兆豐-三重,2023-05-04,7008
2884,玉山金,14,7,7,兆豐-三重,2023-05-04,7008
3419,譁裕,22,15,7,兆豐-三重,2023-05-04,7008
6234,高僑,69,62,7,兆豐-三重,2023-05-04,7008
2002,中鋼,6,0,6,兆豐-三重,2023-05-04,7008
2603,長榮,7,1,6,兆豐-三重,2023-05-04,7008
6282,康舒,7,1,6,兆豐-三重,2023-05-04,7008
8476,台境*,6,0,6,兆豐-三重,2023-05-04,7008
00772B,中信高評級公司債,5,0,5,兆豐-三重,2023-05-04,7008
1201,味全,5,0,5,兆豐-三重,2023-05-04,7008
2344,華邦電,5,0,5,兆豐-三重,2023-05-04,7008
2428,興勤,5,0,5,兆豐-三重,2023-05-04,7008
3056,富華新,5,0,5,兆豐-三重,2023-05-04,7008
3207,耀勝,5,0,5,兆豐-三重,2023-05-04,7008
8046,南電,5,0,5,兆豐-三重,2023-05-04,7008
0050,元大台灣50,5,1,4,兆豐-三重,2023-05-04,7008
2883,凱基金,10,6,4,兆豐-三重,2023-05-04,7008
4906,正文,4,0,4,兆豐-三重,2023-05-04,7008
6129,普誠,5,1,4,兆豐-三重,2023-05-04,7008
8937,合騏,138,2,136,兆豐-三重,2023-05-05,7008
00715L,期街口布蘭特正2,75,0,75,兆豐-三重,2023-05-05,7008
1609,大亞,189,122,67,兆豐-三重,2023-05-05,7008
1504,東元,56,4,52,兆豐-三重,2023-05-05,7008
1809,中釉,30,0,30,兆豐-三重,2023-05-05,7008
3265,台星科,29,0,29,兆豐-三重,2023-05-05,7008
3231,緯創,30,2,28,兆豐-三重,2023-05-05,7008
0056,元大高股息,21,0,21,兆豐-三重,2023-05-05,7008
1101,台泥,20,0,20,兆豐-三重,2023-05-05,7008
1810,和成,20,0,20,兆豐-三重,2023-05-05,7008
3293,鈊象,18,0,18,兆豐-三重,2023-05-05,7008
2413,環科,17,0,17,兆豐-三重,2023-05-05,7008
2885,元大金,16,0,16,兆豐-三重,2023-05-05,7008
6205,詮欣,15,0,15,兆豐-三重,2023-05-05,7008
00878,國泰永續高股息,15,0,15,兆豐-三重,2023-05-05,7008
3058,立德,15,1,14,兆豐-三重,2023-05-05,7008
8420,明揚,14,0,14,兆豐-三重,2023-05-05,7008
6148,驊宏資,33,21,12,兆豐-三重,2023-05-05,7008
6180,橘子,12,0,12,兆豐-三重,2023-05-05,7008
6234,高僑,14,3,11,兆豐-三重,2023-05-05,7008
00720B,元大投資級公司債,10,0,10,兆豐-三重,2023-05-05,7008
1708,東鹼,11,1,10,兆豐-三重,2023-05-05,7008
1721,三晃,10,0,10,兆豐-三重,2023-05-05,7008
2442,新美齊,10,0,10,兆豐-三重,2023-05-05,7008
4747,強生,10,0,10,兆豐-三重,2023-05-05,7008
9958,世紀鋼,11,1,10,兆豐-三重,2023-05-05,7008
1529,樂事綠能,18,9,9,兆豐-三重,2023-05-05,7008
1785,光洋科,10,1,9,兆豐-三重,2023-05-05,7008
4162,智擎,13,4,9,兆豐-三重,2023-05-05,7008
1591,駿吉-KY,8,0,8,兆豐-三重,2023-05-05,7008
1605,華新,19,11,8,兆豐-三重,2023-05-05,7008
00674R,期元大S＆P黃金反1,8,0,8,兆豐-三重,2023-05-05,7008
00712,復華富時不動產,8,0,8,兆豐-三重,2023-05-05,7008
2489,瑞軒,8,0,8,兆豐-三重,2023-05-05,7008
4114,健喬,10,2,8,兆豐-三重,2023-05-05,7008
4133,亞諾法,8,0,8,兆豐-三重,2023-05-05,7008
4916,事欣科,8,0,8,兆豐-三重,2023-05-05,7008
8927,北基,84,76,8,兆豐-三重,2023-05-05,7008
2208,台船,8,1,7,兆豐-三重,2023-05-05,7008
4915,致伸,12,5,7,兆豐-三重,2023-05-05,7008
00690,兆豐藍籌30,6,0,6,兆豐-三重,2023-05-05,7008
2609,陽明,23,17,6,兆豐-三重,2023-05-05,7008
3046,建��,6,0,6,兆豐-三重,2023-05-05,7008
6175,立敦,6,0,6,兆豐-三重,2023-05-05,7008
6470,宇智,6,0,6,兆豐-三重,2023-05-05,7008
8069,元太,6,0,6,兆豐-三重,2023-05-05,7008
2883,凱基金,6,1,5,兆豐-三重,2023-05-05,7008
1310,台苯,10,5,5,兆豐-三重,2023-05-05,7008
1201,味全,5,0,5,兆豐-三重,2023-05-05,7008
00830,國泰費城半導體,5,0,5,兆豐-三重,2023-05-05,7008
0056,元大高股息,80,1,79,兆豐-三重,2023-05-08,7008
8085,福華,63,0,63,兆豐-三重,2023-05-08,7008
1605,華新,31,6,25,兆豐-三重,2023-05-08,7008
5011,久陽,25,0,25,兆豐-三重,2023-05-08,7008
8937,合騏,21,0,21,兆豐-三重,2023-05-08,7008
00857B,永豐20年美公債,20,0,20,兆豐-三重,2023-05-08,7008
1809,中釉,17,0,17,兆豐-三重,2023-05-08,7008
1906,寶隆,17,0,17,兆豐-三重,2023-05-08,7008
3545,敦泰,22,5,17,兆豐-三重,2023-05-08,7008
4967,十銓,17,0,17,兆豐-三重,2023-05-08,7008
6191,精成科,17,0,17,兆豐-三重,2023-05-08,7008
3715,定穎投控,19,3,16,兆豐-三重,2023-05-08,7008
00878,國泰永續高股息,16,0,16,兆豐-三重,2023-05-08,7008
2344,華邦電,15,1,14,兆豐-三重,2023-05-08,7008
6547,高端疫苗,14,0,14,兆豐-三重,2023-05-08,7008
9955,佳龍,13,0,13,兆豐-三重,2023-05-08,7008
00679B,元大美債20年,17,6,11,兆豐-三重,2023-05-08,7008
6173,信昌電,18,7,11,兆豐-三重,2023-05-08,7008
1229,聯華,10,0,10,兆豐-三重,2023-05-08,7008
00772B,中信高評級公司債,10,0,10,兆豐-三重,2023-05-08,7008
3591,艾笛森,9,0,9,兆豐-三重,2023-05-08,7008
8358,金居,14,5,9,兆豐-三重,2023-05-08,7008
00671R,富邦NASDAQ反1,8,0,8,兆豐-三重,2023-05-08,7008
2601,益航,8,0,8,兆豐-三重,2023-05-08,7008
2883,凱基金,91,83,8,兆豐-三重,2023-05-08,7008
5371,中光電,8,0,8,兆豐-三重,2023-05-08,7008
5512,力麒,8,0,8,兆豐-三重,2023-05-08,7008
6111,大宇資,12,4,8,兆豐-三重,2023-05-08,7008
8076,伍豐,8,0,8,兆豐-三重,2023-05-08,7008
1529,樂事綠能,8,1,7,兆豐-三重,2023-05-08,7008
1503,士電,11,4,7,兆豐-三重,2023-05-08,7008
00751B,元大AAA至A公司債,7,0,7,兆豐-三重,2023-05-08,7008
2609,陽明,16,9,7,兆豐-三重,2023-05-08,7008
3481,群創,16,9,7,兆豐-三重,2023-05-08,7008
8996,高力,8,1,7,兆豐-三重,2023-05-08,7008
4915,致伸,9,2,7,兆豐-三重,2023-05-08,7008
9958,世紀鋼,10,4,6,兆豐-三重,2023-05-08,7008
8069,元太,8,2,6,兆豐-三重,2023-05-08,7008
2492,華新科,7,1,6,兆豐-三重,2023-05-08,7008
2634,漢翔,7,1,6,兆豐-三重,2023-05-08,7008
3483,力致,8,2,6,兆豐-三重,2023-05-08,7008
6104,創惟,6,0,6,兆豐-三重,2023-05-08,7008
6274,台燿,7,1,6,兆豐-三重,2023-05-08,7008
8091,翔名,6,0,6,兆豐-三重,2023-05-08,7008
2615,萬海,5,0,5,兆豐-三重,2023-05-08,7008
1201,味全,5,0,5,兆豐-三重,2023-05-08,7008
2382,廣達,6,1,5,兆豐-三重,2023-05-08,7008
3373,熱映,5,0,5,兆豐-三重,2023-05-08,7008
6245,立端,24,19,5,兆豐-三重,2023-05-08,7008
00715L,期街口布蘭特正2,109,105,4,兆豐-三重,2023-05-08,7008
8927,北基,198,130,68,兆豐-三重,2023-05-09,7008
3325,旭品,65,0,65,兆豐-三重,2023-05-09,7008
00751B,元大AAA至A公司債,61,0,61,兆豐-三重,2023-05-09,7008
8937,合騏,46,0,46,兆豐-三重,2023-05-09,7008
6244,茂迪,29,2,27,兆豐-三重,2023-05-09,7008
00680L,元大美債20正2,25,0,25,兆豐-三重,2023-05-09,7008
1609,大亞,47,22,25,兆豐-三重,2023-05-09,7008
1101,台泥,22,0,22,兆豐-三重,2023-05-09,7008
3037,欣興,38,17,21,兆豐-三重,2023-05-09,7008
3715,定穎投控,21,0,21,兆豐-三重,2023-05-09,7008
1513,中興電,41,22,19,兆豐-三重,2023-05-09,7008
3701,大眾控,25,6,19,兆豐-三重,2023-05-09,7008
2482,連宇,15,1,14,兆豐-三重,2023-05-09,7008
00687B,國泰20年美債,13,0,13,兆豐-三重,2023-05-09,7008
3710,連展投控,13,0,13,兆豐-三重,2023-05-09,7008
8403,盛弘,12,0,12,兆豐-三重,2023-05-09,7008
00679B,元大美債20年,12,2,10,兆豐-三重,2023-05-09,7008
1504,東元,12,2,10,兆豐-三重,2023-05-09,7008
2302,麗正,10,0,10,兆豐-三重,2023-05-09,7008
2601,益航,10,0,10,兆豐-三重,2023-05-09,7008
2913,農林,13,3,10,兆豐-三重,2023-05-09,7008
3207,耀勝,10,0,10,兆豐-三重,2023-05-09,7008
5410,國眾,10,0,10,兆豐-三重,2023-05-09,7008
6547,高端疫苗,10,0,10,兆豐-三重,2023-05-09,7008
3576,聯合再生,13,3,10,兆豐-三重,2023-05-09,7008
1605,華新,13,4,9,兆豐-三重,2023-05-09,7008
00720B,元大投資級公司債,9,0,9,兆豐-三重,2023-05-09,7008
2402,毅嘉,11,2,9,兆豐-三重,2023-05-09,7008
3058,立德,9,0,9,兆豐-三重,2023-05-09,7008
00773B,中信優先金融債,7,0,7,兆豐-三重,2023-05-09,7008
2609,陽明,17,10,7,兆豐-三重,2023-05-09,7008
5211,蒙恬,9,2,7,兆豐-三重,2023-05-09,7008
6015,宏遠證,7,0,7,兆豐-三重,2023-05-09,7008
1529,樂事綠能,6,0,6,兆豐-三重,2023-05-09,7008
1314,中石化,6,0,6,兆豐-三重,2023-05-09,7008
2707,晶華,6,0,6,兆豐-三重,2023-05-09,7008
6226,光鼎,6,0,6,兆豐-三重,2023-05-09,7008
4919,新唐,5,0,5,兆豐-三重,2023-05-09,7008
1201,味全,5,0,5,兆豐-三重,2023-05-09,7008
1310,台苯,5,0,5,兆豐-三重,2023-05-09,7008
1514,亞力,7,2,5,兆豐-三重,2023-05-09,7008
1711,永光,5,0,5,兆豐-三重,2023-05-09,7008
2206,三陽工業,26,21,5,兆豐-三重,2023-05-09,7008
2303,聯電,5,0,5,兆豐-三重,2023-05-09,7008
2324,仁寶,11,6,5,兆豐-三重,2023-05-09,7008
2414,精技,5,0,5,兆豐-三重,2023-05-09,7008
3663,鑫科,5,0,5,兆豐-三重,2023-05-09,7008
4162,智擎,7,2,5,兆豐-三重,2023-05-09,7008
4503,金雨,5,0,5,兆豐-三重,2023-05-09,7008
4744,皇將,6,1,5,兆豐-三重,2023-05-09,7008
8085,福華,135,0,135,兆豐-三重,2023-05-10,7008
2618,長榮航,129,23,106,兆豐-三重,2023-05-10,7008
00637L,元大滬深300正2,22,0,22,兆豐-三重,2023-05-10,7008
2887,台新金,20,0,20,兆豐-三重,2023-05-10,7008
1473,台南,20,0,20,兆豐-三重,2023-05-10,7008
4979,華星光,20,1,19,兆豐-三重,2023-05-10,7008
6235,華孚,26,7,19,兆豐-三重,2023-05-10,7008
00679B,元大美債20年,16,0,16,兆豐-三重,2023-05-10,7008
00878,國泰永續高股息,16,1,15,兆豐-三重,2023-05-10,7008
3231,緯創,55,42,13,兆豐-三重,2023-05-10,7008
1810,和成,12,0,12,兆豐-三重,2023-05-10,7008
00922,國泰台灣領袖50,10,0,10,兆豐-三重,2023-05-10,7008
00857B,永豐20年美公債,10,0,10,兆豐-三重,2023-05-10,7008
2402,毅嘉,10,0,10,兆豐-三重,2023-05-10,7008
2457,飛宏,20,11,9,兆豐-三重,2023-05-10,7008
2352,佳世達,10,1,9,兆豐-三重,2023-05-10,7008
1710,東聯,8,0,8,兆豐-三重,2023-05-10,7008
1809,中釉,8,0,8,兆豐-三重,2023-05-10,7008
3037,欣興,12,5,7,兆豐-三重,2023-05-10,7008
1514,亞力,8,1,7,兆豐-三重,2023-05-10,7008
1219,福壽,7,0,7,兆豐-三重,2023-05-10,7008
1312,國喬,7,0,7,兆豐-三重,2023-05-10,7008
1605,華新,10,3,7,兆豐-三重,2023-05-10,7008
5227,立凱-KY,7,0,7,兆豐-三重,2023-05-10,7008
8937,合騏,7,0,7,兆豐-三重,2023-05-10,7008
00687B,國泰20年美債,6,0,6,兆豐-三重,2023-05-10,7008
2417,圓剛,12,6,6,兆豐-三重,2023-05-10,7008
6770,力積電,6,0,6,兆豐-三重,2023-05-10,7008
6806,森崴能源,7,1,6,兆豐-三重,2023-05-10,7008
1314,中石化,5,0,5,兆豐-三重,2023-05-10,7008
00712,復華富時不動產,5,0,5,兆豐-三重,2023-05-10,7008
1733,五鼎,5,0,5,兆豐-三重,2023-05-10,7008
2312,金寶,5,0,5,兆豐-三重,2023-05-10,7008
2342,茂矽,5,0,5,兆豐-三重,2023-05-10,7008
2634,漢翔,6,1,5,兆豐-三重,2023-05-10,7008
4162,智擎,5,0,5,兆豐-三重,2023-05-10,7008
6245,立端,5,0,5,兆豐-三重,2023-05-10,7008
6274,台燿,5,0,5,兆豐-三重,2023-05-10,7008
2208,台船,5,1,4,兆豐-三重,2023-05-10,7008
3017,奇鋐,10,6,4,兆豐-三重,2023-05-10,7008
5371,中光電,4,0,4,兆豐-三重,2023-05-10,7008
6689,伊雲谷,4,0,4,兆豐-三重,2023-05-10,7008
0050,元大台灣50,3,0,3,兆豐-三重,2023-05-10,7008
1321,大洋,3,0,3,兆豐-三重,2023-05-10,7008
2344,華邦電,3,0,3,兆豐-三重,2023-05-10,7008
2471,資通,3,0,3,兆豐-三重,2023-05-10,7008
3236,千如,3,0,3,兆豐-三重,2023-05-10,7008
4541,晟田,3,0,3,兆豐-三重,2023-05-10,7008
4906,正文,3,0,3,兆豐-三重,2023-05-10,7008
5222,全訊,3,0,3,兆豐-三重,2023-05-10,7008
8937,合騏,83,0,83,兆豐-三重,2023-05-11,7008
6133,金橋,50,2,48,兆豐-三重,2023-05-11,7008
6122,擎邦,52,11,41,兆豐-三重,2023-05-11,7008
8927,北基,115,81,34,兆豐-三重,2023-05-11,7008
3325,旭品,32,2,30,兆豐-三重,2023-05-11,7008
2409,友達,26,4,22,兆豐-三重,2023-05-11,7008
6592,和潤企業,20,0,20,兆豐-三重,2023-05-11,7008
2601,益航,17,0,17,兆豐-三重,2023-05-11,7008
6285,啟��,16,0,16,兆豐-三重,2023-05-11,7008
2609,陽明,22,10,12,兆豐-三重,2023-05-11,7008
6138,茂達,11,0,11,兆豐-三重,2023-05-11,7008
1609,大亞,39,29,10,兆豐-三重,2023-05-11,7008
00885,富邦越南,10,0,10,兆豐-三重,2023-05-11,7008
1528,恩德,10,0,10,兆豐-三重,2023-05-11,7008
2201,裕隆,11,1,10,兆豐-三重,2023-05-11,7008
2482,連宇,12,2,10,兆豐-三重,2023-05-11,7008
4157,太景*-KY,10,0,10,兆豐-三重,2023-05-11,7008
8111,立��,10,0,10,兆豐-三重,2023-05-11,7008
8358,金居,13,3,10,兆豐-三重,2023-05-11,7008
2495,普安,9,0,9,兆豐-三重,2023-05-11,7008
6443,元晶,10,1,9,兆豐-三重,2023-05-11,7008
1460,宏遠,8,0,8,兆豐-三重,2023-05-11,7008
2303,聯電,10,2,8,兆豐-三重,2023-05-11,7008
4938,和碩,10,2,8,兆豐-三重,2023-05-11,7008
4939,亞電,10,2,8,兆豐-三重,2023-05-11,7008
4967,十銓,8,0,8,兆豐-三重,2023-05-11,7008
8403,盛弘,9,1,8,兆豐-三重,2023-05-11,7008
1312,國喬,7,0,7,兆豐-三重,2023-05-11,7008
2390,云辰,7,0,7,兆豐-三重,2023-05-11,7008
3044,健鼎,7,0,7,兆豐-三重,2023-05-11,7008
3046,建��,7,0,7,兆豐-三重,2023-05-11,7008
3708,上緯投控,7,0,7,兆豐-三重,2023-05-11,7008
5258,虹堡,7,0,7,兆豐-三重,2023-05-11,7008
6160,欣技,11,4,7,兆豐-三重,2023-05-11,7008
9945,潤泰新,8,1,7,兆豐-三重,2023-05-11,7008
00679B,元大美債20年,9,3,6,兆豐-三重,2023-05-11,7008
2610,華航,61,55,6,兆豐-三重,2023-05-11,7008
2615,萬海,11,5,6,兆豐-三重,2023-05-11,7008
3265,台星科,6,0,6,兆豐-三重,2023-05-11,7008
5284,jpp-KY,6,0,6,兆豐-三重,2023-05-11,7008
9907,統一實,6,0,6,兆豐-三重,2023-05-11,7008
1535,中宇,5,0,5,兆豐-三重,2023-05-11,7008
00636,國泰中國A50,5,0,5,兆豐-三重,2023-05-11,7008
1201,味全,5,0,5,兆豐-三重,2023-05-11,7008
1444,力麗,5,0,5,兆豐-三重,2023-05-11,7008
1337,再生-KY,5,0,5,兆豐-三重,2023-05-11,7008
2014,中鴻,5,0,5,兆豐-三重,2023-05-11,7008
2337,旺宏,5,0,5,兆豐-三重,2023-05-11,7008
2419,仲琦,5,0,5,兆豐-三重,2023-05-11,7008
2618,長榮航,59,54,5,兆豐-三重,2023-05-11,7008
0056,元大高股息,58,1,57,兆豐-三重,2023-05-12,7008
1101,台泥,51,0,51,兆豐-三重,2023-05-12,7008
8937,合騏,51,0,51,兆豐-三重,2023-05-12,7008
1795,美時,54,7,47,兆豐-三重,2023-05-12,7008
2882,國泰金,33,2,31,兆豐-三重,2023-05-12,7008
3548,兆利,30,0,30,兆豐-三重,2023-05-12,7008
8038,長園科,27,2,25,兆豐-三重,2023-05-12,7008
2317,鴻海,453,430,23,兆豐-三重,2023-05-12,7008
2888,新光金,22,0,22,兆豐-三重,2023-05-12,7008
1605,華新,24,3,21,兆豐-三重,2023-05-12,7008
2618,長榮航,21,0,21,兆豐-三重,2023-05-12,7008
6191,精成科,20,0,20,兆豐-三重,2023-05-12,7008
2356,英業達,20,0,20,兆豐-三重,2023-05-12,7008
2409,友達,30,12,18,兆豐-三重,2023-05-12,7008
2892,第一金,11,0,11,兆豐-三重,2023-05-12,7008
5880,合庫金,11,0,11,兆豐-三重,2023-05-12,7008
00885,富邦越南,10,0,10,兆豐-三重,2023-05-12,7008
2885,元大金,10,0,10,兆豐-三重,2023-05-12,7008
4566,時碩工業,10,0,10,兆豐-三重,2023-05-12,7008
2313,華通,9,0,9,兆豐-三重,2023-05-12,7008
2371,大同,11,2,9,兆豐-三重,2023-05-12,7008
5464,霖宏,7,0,7,兆豐-三重,2023-05-12,7008
1504,東元,7,0,7,兆豐-三重,2023-05-12,7008
3481,群創,18,11,7,兆豐-三重,2023-05-12,7008
8059,凱碩,7,0,7,兆豐-三重,2023-05-12,7008
2208,台船,6,0,6,兆豐-三重,2023-05-12,7008
2303,聯電,6,0,6,兆豐-三重,2023-05-12,7008
4979,華星光,7,1,6,兆豐-三重,2023-05-12,7008
1711,永光,5,0,5,兆豐-三重,2023-05-12,7008
1762,中化生,5,0,5,兆豐-三重,2023-05-12,7008
2104,國際中橡,5,0,5,兆豐-三重,2023-05-12,7008
2337,旺宏,5,0,5,兆豐-三重,2023-05-12,7008
2615,萬海,6,1,5,兆豐-三重,2023-05-12,7008
6547,高端疫苗,5,0,5,兆豐-三重,2023-05-12,7008
8940,新天地,5,0,5,兆豐-三重,2023-05-12,7008
2634,漢翔,4,0,4,兆豐-三重,2023-05-12,7008
3022,威強電,4,0,4,兆豐-三重,2023-05-12,7008
5371,中光電,4,0,4,兆豐-三重,2023-05-12,7008
6269,台郡,4,0,4,兆豐-三重,2023-05-12,7008
6446,藥華藥,4,0,4,兆豐-三重,2023-05-12,7008
8046,南電,5,1,4,兆豐-三重,2023-05-12,7008
8150,南茂,4,0,4,兆豐-三重,2023-05-12,7008
1304,台聚,4,0,4,兆豐-三重,2023-05-12,7008
00675L,富邦臺灣加權正2,3,0,3,兆豐-三重,2023-05-12,7008
2413,環科,3,0,3,兆豐-三重,2023-05-12,7008
2610,華航,5,2,3,兆豐-三重,2023-05-12,7008
2890,永豐金,3,0,3,兆豐-三重,2023-05-12,7008
3050,鈺德,3,0,3,兆豐-三重,2023-05-12,7008
3056,富華新,3,0,3,兆豐-三重,2023-05-12,7008
3324,雙鴻,5,2,3,兆豐-三重,2023-05-12,7008
2371,大同,767,9,758,兆豐-三重,2023-05-15,7008
2323,中環,77,0,77,兆豐-三重,2023-05-15,7008
2888,新光金,151,100,51,兆豐-三重,2023-05-15,7008
0056,元大高股息,41,6,35,兆豐-三重,2023-05-15,7008
2489,瑞軒,29,0,29,兆豐-三重,2023-05-15,7008
1810,和成,20,0,20,兆豐-三重,2023-05-15,7008
2303,聯電,34,20,14,兆豐-三重,2023-05-15,7008
1795,美時,22,8,14,兆豐-三重,2023-05-15,7008
00679B,元大美債20年,12,0,12,兆豐-三重,2023-05-15,7008
1608,華榮,11,1,10,兆豐-三重,2023-05-15,7008
00772B,中信高評級公司債,10,0,10,兆豐-三重,2023-05-15,7008
2913,農林,10,0,10,兆豐-三重,2023-05-15,7008
3062,建漢,10,0,10,兆豐-三重,2023-05-15,7008
3548,兆利,10,0,10,兆豐-三重,2023-05-15,7008
6122,擎邦,15,5,10,兆豐-三重,2023-05-15,7008
1609,大亞,13,4,9,兆豐-三重,2023-05-15,7008
2353,宏��,10,1,9,兆豐-三重,2023-05-15,7008
2402,毅嘉,12,3,9,兆豐-三重,2023-05-15,7008
2482,連宇,9,0,9,兆豐-三重,2023-05-15,7008
5284,jpp-KY,120,112,8,兆豐-三重,2023-05-15,7008
5511,德昌,8,0,8,兆豐-三重,2023-05-15,7008
6116,彩晶,8,0,8,兆豐-三重,2023-05-15,7008
8937,合騏,9,1,8,兆豐-三重,2023-05-15,7008
1101,台泥,7,0,7,兆豐-三重,2023-05-15,7008
1605,華新,7,1,6,兆豐-三重,2023-05-15,7008
2317,鴻海,7,1,6,兆豐-三重,2023-05-15,7008
3293,鈊象,6,0,6,兆豐-三重,2023-05-15,7008
3481,群創,15,9,6,兆豐-三重,2023-05-15,7008
6138,茂達,5,0,5,兆豐-三重,2023-05-15,7008
2034,允強,5,0,5,兆豐-三重,2023-05-15,7008
2342,茂矽,6,1,5,兆豐-三重,2023-05-15,7008
3046,建��,7,2,5,兆豐-三重,2023-05-15,7008
3202,樺晟,19,14,5,兆豐-三重,2023-05-15,7008
3231,緯創,42,37,5,兆豐-三重,2023-05-15,7008
4566,時碩工業,5,0,5,兆豐-三重,2023-05-15,7008
5410,國眾,5,0,5,兆豐-三重,2023-05-15,7008
5465,富驊,5,0,5,兆豐-三重,2023-05-15,7008
8038,長園科,5,0,5,兆豐-三重,2023-05-15,7008
8059,凱碩,5,0,5,兆豐-三重,2023-05-15,7008
8940,新天地,5,0,5,兆豐-三重,2023-05-15,7008
9919,康那香,6,1,5,兆豐-三重,2023-05-15,7008
1305,華夏,4,0,4,兆豐-三重,2023-05-15,7008
00690,兆豐藍籌30,4,0,4,兆豐-三重,2023-05-15,7008
2349,錸德,4,0,4,兆豐-三重,2023-05-15,7008
2356,英業達,24,20,4,兆豐-三重,2023-05-15,7008
2457,飛宏,11,7,4,兆豐-三重,2023-05-15,7008
2637,慧洋-KY,5,1,4,兆豐-三重,2023-05-15,7008
2739,寒舍,4,0,4,兆豐-三重,2023-05-15,7008
4961,天鈺,4,0,4,兆豐-三重,2023-05-15,7008
8299,群聯,4,0,4,兆豐-三重,2023-05-15,7008
2317,鴻海,463,240,223,兆豐-三重,2023-05-16,7008
2376,技嘉,110,3,107,兆豐-三重,2023-05-16,7008
0056,元大高股息,110,22,88,兆豐-三重,2023-05-16,7008
2603,長榮,84,7,77,兆豐-三重,2023-05-16,7008
00632R,元大台灣50反1,50,0,50,兆豐-三重,2023-05-16,7008
6122,擎邦,51,5,46,兆豐-三重,2023-05-16,7008
8927,北基,163,121,42,兆豐-三重,2023-05-16,7008
00878,國泰永續高股息,43,11,32,兆豐-三重,2023-05-16,7008
8937,合騏,25,0,25,兆豐-三重,2023-05-16,7008
00772B,中信高評級公司債,21,0,21,兆豐-三重,2023-05-16,7008
2330,台積電,25,5,20,兆豐-三重,2023-05-16,7008
3290,東浦,20,0,20,兆豐-三重,2023-05-16,7008
5608,四維航,20,0,20,兆豐-三重,2023-05-16,7008
8105,凌巨,62,42,20,兆豐-三重,2023-05-16,7008
00679B,元大美債20年,18,0,18,兆豐-三重,2023-05-16,7008
6016,康和證,15,0,15,兆豐-三重,2023-05-16,7008
2482,連宇,14,1,13,兆豐-三重,2023-05-16,7008
1605,華新,16,5,11,兆豐-三重,2023-05-16,7008
6191,精成科,10,0,10,兆豐-三重,2023-05-16,7008
1201,味全,10,0,10,兆豐-三重,2023-05-16,7008
00795B,中信美國公債20年,10,0,10,兆豐-三重,2023-05-16,7008
00720B,元大投資級公司債,10,0,10,兆豐-三重,2023-05-16,7008
00857B,永豐20年美公債,10,0,10,兆豐-三重,2023-05-16,7008
2615,萬海,10,0,10,兆豐-三重,2023-05-16,7008
3325,旭品,10,0,10,兆豐-三重,2023-05-16,7008
4979,華星光,10,0,10,兆豐-三重,2023-05-16,7008
5469,瀚宇博,10,0,10,兆豐-三重,2023-05-16,7008
6116,彩晶,10,0,10,兆豐-三重,2023-05-16,7008
2634,漢翔,10,1,9,兆豐-三重,2023-05-16,7008
1608,華榮,10,2,8,兆豐-三重,2023-05-16,7008
2344,華邦電,11,3,8,兆豐-三重,2023-05-16,7008
2349,錸德,6,0,6,兆豐-三重,2023-05-16,7008
2421,建準,22,16,6,兆豐-三重,2023-05-16,7008
4967,十銓,10,4,6,兆豐-三重,2023-05-16,7008
2409,友達,10,5,5,兆豐-三重,2023-05-16,7008
1710,東聯,5,0,5,兆豐-三重,2023-05-16,7008
00687B,國泰20年美債,5,0,5,兆豐-三重,2023-05-16,7008
1815,富喬,5,0,5,兆豐-三重,2023-05-16,7008
4566,時碩工業,5,0,5,兆豐-三重,2023-05-16,7008
5410,國眾,5,0,5,兆豐-三重,2023-05-16,7008
5704,老爺知,5,0,5,兆豐-三重,2023-05-16,7008
8044,網家,7,2,5,兆豐-三重,2023-05-16,7008
1503,士電,105,101,4,兆豐-三重,2023-05-16,7008
1718,中纖,4,0,4,兆豐-三重,2023-05-16,7008
3202,樺晟,7,3,4,兆豐-三重,2023-05-16,7008
3624,光頡,6,2,4,兆豐-三重,2023-05-16,7008
4968,立積,4,0,4,兆豐-三重,2023-05-16,7008
5222,全訊,4,0,4,兆豐-三重,2023-05-16,7008
5371,中光電,4,0,4,兆豐-三重,2023-05-16,7008
6160,欣技,12,8,4,兆豐-三重,2023-05-16,7008
00632R,元大台灣50反1,232,0,232,兆豐-三重,2023-05-17,7008
0056,元大高股息,102,5,97,兆豐-三重,2023-05-17,7008
2457,飛宏,86,20,66,兆豐-三重,2023-05-17,7008
00885,富邦越南,60,0,60,兆豐-三重,2023-05-17,7008
1810,和成,53,3,50,兆豐-三重,2023-05-17,7008
00878,國泰永續高股息,52,4,48,兆豐-三重,2023-05-17,7008
00687B,國泰20年美債,41,0,41,兆豐-三重,2023-05-17,7008
00680L,元大美債20正2,34,0,34,兆豐-三重,2023-05-17,7008
3231,緯創,42,10,32,兆豐-三重,2023-05-17,7008
8937,合騏,19,2,17,兆豐-三重,2023-05-17,7008
1809,中釉,15,0,15,兆豐-三重,2023-05-17,7008
3046,建��,14,0,14,兆豐-三重,2023-05-17,7008
2201,裕隆,18,5,13,兆豐-三重,2023-05-17,7008
6205,詮欣,13,0,13,兆豐-三重,2023-05-17,7008
1504,東元,22,10,12,兆豐-三重,2023-05-17,7008
3715,定穎投控,12,0,12,兆豐-三重,2023-05-17,7008
2313,華通,10,0,10,兆豐-三重,2023-05-17,7008
00770,國泰北美科技,9,0,9,兆豐-三重,2023-05-17,7008
2731,雄獅,11,2,9,兆豐-三重,2023-05-17,7008
5351,鈺創,12,3,9,兆豐-三重,2023-05-17,7008
2367,燿華,12,4,8,兆豐-三重,2023-05-17,7008
2442,新美齊,7,0,7,兆豐-三重,2023-05-17,7008
3673,TPK-KY,9,2,7,兆豐-三重,2023-05-17,7008
5464,霖宏,18,11,7,兆豐-三重,2023-05-17,7008
00772B,中信高評級公司債,6,0,6,兆豐-三重,2023-05-17,7008
3556,禾瑞亞,21,15,6,兆豐-三重,2023-05-17,7008
6593,台灣銘板,6,0,6,兆豐-三重,2023-05-17,7008
2634,漢翔,16,11,5,兆豐-三重,2023-05-17,7008
00857B,永豐20年美公債,5,0,5,兆豐-三重,2023-05-17,7008
00852L,國泰美國道瓊正2,5,0,5,兆豐-三重,2023-05-17,7008
00720B,元大投資級公司債,5,0,5,兆豐-三重,2023-05-17,7008
1312,國喬,5,0,5,兆豐-三重,2023-05-17,7008
2006,東和鋼鐵,5,0,5,兆豐-三重,2023-05-17,7008
3504,揚明光,6,1,5,兆豐-三重,2023-05-17,7008
3704,合勤控,10,5,5,兆豐-三重,2023-05-17,7008
4160,訊聯基因,5,0,5,兆豐-三重,2023-05-17,7008
4736,泰博,5,0,5,兆豐-三重,2023-05-17,7008
4915,致伸,16,11,5,兆豐-三重,2023-05-17,7008
5609,中菲行,5,0,5,兆豐-三重,2023-05-17,7008
6016,康和證,5,0,5,兆豐-三重,2023-05-17,7008
6438,迅得,5,0,5,兆豐-三重,2023-05-17,7008
2633,台灣高鐵,15,11,4,兆豐-三重,2023-05-17,7008
3629,地心引力,4,0,4,兆豐-三重,2023-05-17,7008
6213,聯茂,4,0,4,兆豐-三重,2023-05-17,7008
8099,大世科,4,0,4,兆豐-三重,2023-05-17,7008
3596,智易,3,0,3,兆豐-三重,2023-05-17,7008
1217,愛之味,3,0,3,兆豐-三重,2023-05-17,7008
1101,台泥,5,2,3,兆豐-三重,2023-05-17,7008
1727,中華化,13,10,3,兆豐-三重,2023-05-17,7008
2328,廣宇,3,0,3,兆豐-三重,2023-05-17,7008
8937,合騏,95,0,95,兆豐-三重,2023-05-18,7008
00720B,元大投資級公司債,50,0,50,兆豐-三重,2023-05-18,7008
00632R,元大台灣50反1,40,0,40,兆豐-三重,2023-05-18,7008
2102,泰豐,40,0,40,兆豐-三重,2023-05-18,7008
3231,緯創,61,25,36,兆豐-三重,2023-05-18,7008
6122,擎邦,46,15,31,兆豐-三重,2023-05-18,7008
2618,長榮航,32,6,26,兆豐-三重,2023-05-18,7008
8289,泰藝,83,61,22,兆豐-三重,2023-05-18,7008
00680L,元大美債20正2,21,0,21,兆豐-三重,2023-05-18,7008
1319,東陽,20,1,19,兆豐-三重,2023-05-18,7008
2888,新光金,120,104,16,兆豐-三重,2023-05-18,7008
3362,先進光,65,49,16,兆豐-三重,2023-05-18,7008
2495,普安,15,0,15,兆豐-三重,2023-05-18,7008
6191,精成科,15,0,15,兆豐-三重,2023-05-18,7008
1101,台泥,14,0,14,兆豐-三重,2023-05-18,7008
5464,霖宏,13,0,13,兆豐-三重,2023-05-18,7008
2105,正新,15,2,13,兆豐-三重,2023-05-18,7008
2356,英業達,12,0,12,兆豐-三重,2023-05-18,7008
2615,萬海,13,1,12,兆豐-三重,2023-05-18,7008
00857B,永豐20年美公債,11,0,11,兆豐-三重,2023-05-18,7008
2385,群光,10,0,10,兆豐-三重,2023-05-18,7008
3032,偉訓,10,0,10,兆豐-三重,2023-05-18,7008
2609,陽明,9,0,9,兆豐-三重,2023-05-18,7008
00671R,富邦NASDAQ反1,8,0,8,兆豐-三重,2023-05-18,7008
2603,長榮,8,0,8,兆豐-三重,2023-05-18,7008
4906,正文,11,3,8,兆豐-三重,2023-05-18,7008
6214,精誠,8,0,8,兆豐-三重,2023-05-18,7008
8299,群聯,8,0,8,兆豐-三重,2023-05-18,7008
6205,詮欣,7,0,7,兆豐-三重,2023-05-18,7008
00679B,元大美債20年,6,0,6,兆豐-三重,2023-05-18,7008
2402,毅嘉,6,0,6,兆豐-三重,2023-05-18,7008
4979,華星光,9,3,6,兆豐-三重,2023-05-18,7008
6233,旺玖,6,0,6,兆豐-三重,2023-05-18,7008
1310,台苯,5,0,5,兆豐-三重,2023-05-18,7008
00664R,國泰臺灣加權反1,5,0,5,兆豐-三重,2023-05-18,7008
00773B,中信優先金融債,5,0,5,兆豐-三重,2023-05-18,7008
00772B,中信高評級公司債,5,0,5,兆豐-三重,2023-05-18,7008
2302,麗正,5,0,5,兆豐-三重,2023-05-18,7008
2436,偉詮電,5,0,5,兆豐-三重,2023-05-18,7008
2468,華經,5,0,5,兆豐-三重,2023-05-18,7008
2489,瑞軒,5,0,5,兆豐-三重,2023-05-18,7008
2601,益航,5,0,5,兆豐-三重,2023-05-18,7008
2731,雄獅,5,0,5,兆豐-三重,2023-05-18,7008
2887,台新金,5,0,5,兆豐-三重,2023-05-18,7008
3325,旭品,5,0,5,兆豐-三重,2023-05-18,7008
6266,泰詠,10,5,5,兆豐-三重,2023-05-18,7008
6625,必應,6,1,5,兆豐-三重,2023-05-18,7008
6782,視陽,5,0,5,兆豐-三重,2023-05-18,7008
8044,網家,5,0,5,兆豐-三重,2023-05-18,7008
8046,南電,5,0,5,兆豐-三重,2023-05-18,7008
8937,合騏,139,0,139,兆豐-三重,2023-05-19,7008
8927,北基,142,45,97,兆豐-三重,2023-05-19,7008
00679B,元大美債20年,81,19,62,兆豐-三重,2023-05-19,7008
0056,元大高股息,61,5,56,兆豐-三重,2023-05-19,7008
6005,群益證,35,0,35,兆豐-三重,2023-05-19,7008
2610,華航,277,248,29,兆豐-三重,2023-05-19,7008
00690,兆豐藍籌30,24,0,24,兆豐-三重,2023-05-19,7008
1612,宏泰,24,0,24,兆豐-三重,2023-05-19,7008
3231,緯創,79,57,22,兆豐-三重,2023-05-19,7008
1809,中釉,20,0,20,兆豐-三重,2023-05-19,7008
5880,合庫金,100,80,20,兆豐-三重,2023-05-19,7008
6133,金橋,20,0,20,兆豐-三重,2023-05-19,7008
1532,勤美,18,0,18,兆豐-三重,2023-05-19,7008
2457,飛宏,37,21,16,兆豐-三重,2023-05-19,7008
3003,健和興,17,1,16,兆豐-三重,2023-05-19,7008
3058,立德,16,0,16,兆豐-三重,2023-05-19,7008
6112,邁達特,17,1,16,兆豐-三重,2023-05-19,7008
5009,榮剛,15,0,15,兆豐-三重,2023-05-19,7008
2492,華新科,15,1,14,兆豐-三重,2023-05-19,7008
00680L,元大美債20正2,15,2,13,兆豐-三重,2023-05-19,7008
1605,華新,20,7,13,兆豐-三重,2023-05-19,7008
1519,華城,24,13,11,兆豐-三重,2023-05-19,7008
2609,陽明,11,0,11,兆豐-三重,2023-05-19,7008
3483,力致,21,10,11,兆豐-三重,2023-05-19,7008
00632R,元大台灣50反1,10,0,10,兆豐-三重,2023-05-19,7008
1785,光洋科,10,0,10,兆豐-三重,2023-05-19,7008
2027,大成鋼,10,0,10,兆豐-三重,2023-05-19,7008
2495,普安,10,0,10,兆豐-三重,2023-05-19,7008
3037,欣興,12,2,10,兆豐-三重,2023-05-19,7008
8905,裕國,10,0,10,兆豐-三重,2023-05-19,7008
00687B,國泰20年美債,9,0,9,兆豐-三重,2023-05-19,7008
3260,威剛,9,0,9,兆豐-三重,2023-05-19,7008
1514,亞力,14,6,8,兆豐-三重,2023-05-19,7008
2201,裕隆,10,2,8,兆豐-三重,2023-05-19,7008
1503,士電,12,5,7,兆豐-三重,2023-05-19,7008
8050,廣積,9,2,7,兆豐-三重,2023-05-19,7008
1609,大亞,19,13,6,兆豐-三重,2023-05-19,7008
00720B,元大投資級公司債,6,0,6,兆豐-三重,2023-05-19,7008
1319,東陽,6,0,6,兆豐-三重,2023-05-19,7008
2482,連宇,8,2,6,兆豐-三重,2023-05-19,7008
3078,僑威,7,1,6,兆豐-三重,2023-05-19,7008
3162,精確,6,0,6,兆豐-三重,2023-05-19,7008
5512,力麒,6,0,6,兆豐-三重,2023-05-19,7008
2330,台積電,8,2,6,兆豐-三重,2023-05-19,7008
1310,台苯,5,0,5,兆豐-三重,2023-05-19,7008
00636,國泰中國A50,5,0,5,兆豐-三重,2023-05-19,7008
00715L,期街口布蘭特正2,5,0,5,兆豐-三重,2023-05-19,7008
1762,中化生,5,0,5,兆豐-三重,2023-05-19,7008
2208,台船,9,4,5,兆豐-三重,2023-05-19,7008
2734,易飛網,5,0,5,兆豐-三重,2023-05-19,7008
2317,鴻海,222,20,202,兆豐-三重,2023-05-22,7008
1609,大亞,105,17,88,兆豐-三重,2023-05-22,7008
2303,聯電,105,60,45,兆豐-三重,2023-05-22,7008
00632R,元大台灣50反1,33,0,33,兆豐-三重,2023-05-22,7008
1310,台苯,30,0,30,兆豐-三重,2023-05-22,7008
3037,欣興,32,6,26,兆豐-三重,2023-05-22,7008
1528,恩德,34,10,24,兆豐-三重,2023-05-22,7008
1605,華新,22,0,22,兆豐-三重,2023-05-22,7008
4938,和碩,21,0,21,兆豐-三重,2023-05-22,7008
00673R,期元大S＆P原油反1,20,0,20,兆豐-三重,2023-05-22,7008
6122,擎邦,20,0,20,兆豐-三重,2023-05-22,7008
00687B,國泰20年美債,20,1,19,兆豐-三重,2023-05-22,7008
1504,東元,25,10,15,兆豐-三重,2023-05-22,7008
1810,和成,20,5,15,兆豐-三重,2023-05-22,7008
3056,富華新,15,0,15,兆豐-三重,2023-05-22,7008
2408,南亞科,14,0,14,兆豐-三重,2023-05-22,7008
6167,久正,13,0,13,兆豐-三重,2023-05-22,7008
8937,合騏,15,2,13,兆豐-三重,2023-05-22,7008
00795B,中信美國公債20年,12,0,12,兆豐-三重,2023-05-22,7008
2313,華通,12,0,12,兆豐-三重,2023-05-22,7008
3035,智原,14,3,11,兆豐-三重,2023-05-22,7008
3231,緯創,21,10,11,兆豐-三重,2023-05-22,7008
5880,合庫金,11,0,11,兆豐-三重,2023-05-22,7008
00712,復華富時不動產,10,0,10,兆豐-三重,2023-05-22,7008
2867,三商壽,10,0,10,兆豐-三重,2023-05-22,7008
3363,上詮,10,0,10,兆豐-三重,2023-05-22,7008
3545,敦泰,10,0,10,兆豐-三重,2023-05-22,7008
3576,聯合再生,10,0,10,兆豐-三重,2023-05-22,7008
4960,誠美材,10,0,10,兆豐-三重,2023-05-22,7008
00751B,元大AAA至A公司債,9,0,9,兆豐-三重,2023-05-22,7008
2362,藍天,9,0,9,兆豐-三重,2023-05-22,7008
2383,台光電,30,21,9,兆豐-三重,2023-05-22,7008
00715L,期街口布蘭特正2,18,10,8,兆豐-三重,2023-05-22,7008
2427,三商電,8,0,8,兆豐-三重,2023-05-22,7008
2610,華航,55,47,8,兆豐-三重,2023-05-22,7008
3556,禾瑞亞,30,22,8,兆豐-三重,2023-05-22,7008
4909,新復興,9,1,8,兆豐-三重,2023-05-22,7008
00773B,中信優先金融債,7,0,7,兆豐-三重,2023-05-22,7008
00853B,統一美債10年Aa-,7,0,7,兆豐-三重,2023-05-22,7008
2371,大同,7,0,7,兆豐-三重,2023-05-22,7008
3306,鼎天,7,0,7,兆豐-三重,2023-05-22,7008
6235,華孚,7,0,7,兆豐-三重,2023-05-22,7008
8289,泰藝,9,2,7,兆豐-三重,2023-05-22,7008
1584,精剛,31,25,6,兆豐-三重,2023-05-22,7008
2392,正崴,6,0,6,兆豐-三重,2023-05-22,7008
2482,連宇,6,0,6,兆豐-三重,2023-05-22,7008
1524,耿鼎,5,0,5,兆豐-三重,2023-05-22,7008
00882,中信中國高股息,5,0,5,兆豐-三重,2023-05-22,7008
3090,日電貿,5,0,5,兆豐-三重,2023-05-22,7008
3617,碩天,5,0,5,兆豐-三重,2023-05-22,7008
2317,鴻海,320,200,120,兆豐-三重,2023-05-23,7008
0056,元大高股息,111,6,105,兆豐-三重,2023-05-23,7008
8011,台通,74,0,74,兆豐-三重,2023-05-23,7008
2603,長榮,75,8,67,兆豐-三重,2023-05-23,7008
020031,統一IC設計臺灣N,40,0,40,兆豐-三重,2023-05-23,7008
00680L,元大美債20正2,40,0,40,兆豐-三重,2023-05-23,7008
2731,雄獅,98,66,32,兆豐-三重,2023-05-23,7008
2618,長榮航,33,2,31,兆豐-三重,2023-05-23,7008
4979,華星光,35,11,24,兆豐-三重,2023-05-23,7008
6821,聯寶,23,0,23,兆豐-三重,2023-05-23,7008
00632R,元大台灣50反1,20,0,20,兆豐-三重,2023-05-23,7008
8121,越峰,21,1,20,兆豐-三重,2023-05-23,7008
1101,台泥,22,4,18,兆豐-三重,2023-05-23,7008
1810,和成,21,4,17,兆豐-三重,2023-05-23,7008
2376,技嘉,18,1,17,兆豐-三重,2023-05-23,7008
1319,東陽,16,0,16,兆豐-三重,2023-05-23,7008
00637L,元大滬深300正2,15,0,15,兆豐-三重,2023-05-23,7008
1513,中興電,95,81,14,兆豐-三重,2023-05-23,7008
00679B,元大美債20年,16,2,14,兆豐-三重,2023-05-23,7008
00772B,中信高評級公司債,12,0,12,兆豐-三重,2023-05-23,7008
2362,藍天,12,0,12,兆豐-三重,2023-05-23,7008
3044,健鼎,12,0,12,兆豐-三重,2023-05-23,7008
00795B,中信美國公債20年,11,0,11,兆豐-三重,2023-05-23,7008
6625,必應,13,2,11,兆豐-三重,2023-05-23,7008
00753L,中信中國50正2,10,0,10,兆豐-三重,2023-05-23,7008
00633L,富邦上証正2,10,0,10,兆豐-三重,2023-05-23,7008
00690,兆豐藍籌30,10,0,10,兆豐-三重,2023-05-23,7008
2201,裕隆,15,5,10,兆豐-三重,2023-05-23,7008
2236,百達-KY,10,0,10,兆豐-三重,2023-05-23,7008
1504,東元,10,1,9,兆豐-三重,2023-05-23,7008
00687B,國泰20年美債,8,0,8,兆豐-三重,2023-05-23,7008
6274,台燿,8,0,8,兆豐-三重,2023-05-23,7008
1514,亞力,8,1,7,兆豐-三重,2023-05-23,7008
4967,十銓,8,1,7,兆豐-三重,2023-05-23,7008
5243,乙盛-KY,8,1,7,兆豐-三重,2023-05-23,7008
6266,泰詠,10,3,7,兆豐-三重,2023-05-23,7008
1528,恩德,6,0,6,兆豐-三重,2023-05-23,7008
2401,凌陽,6,0,6,兆豐-三重,2023-05-23,7008
2482,連宇,6,0,6,兆豐-三重,2023-05-23,7008
3004,豐達科,6,0,6,兆豐-三重,2023-05-23,7008
6234,高僑,6,0,6,兆豐-三重,2023-05-23,7008
00664R,國泰臺灣加權反1,5,0,5,兆豐-三重,2023-05-23,7008
3043,科風,5,0,5,兆豐-三重,2023-05-23,7008
5309,系統電,5,0,5,兆豐-三重,2023-05-23,7008
6134,萬旭,5,0,5,兆豐-三重,2023-05-23,7008
6139,亞翔,5,0,5,兆豐-三重,2023-05-23,7008
6248,沛波,5,0,5,兆豐-三重,2023-05-23,7008
2023,燁輝,4,0,4,兆豐-三重,2023-05-23,7008
2615,萬海,4,0,4,兆豐-三重,2023-05-23,7008
3017,奇鋐,5,1,4,兆豐-三重,2023-05-23,7008
2537,聯上發,300,0,300,兆豐-三重,2023-05-24,7008
6509,聚和,171,93,78,兆豐-三重,2023-05-24,7008
2376,技嘉,65,8,57,兆豐-三重,2023-05-24,7008
00720B,元大投資級公司債,50,0,50,兆豐-三重,2023-05-24,7008
2882,國泰金,40,0,40,兆豐-三重,2023-05-24,7008
2371,大同,41,5,36,兆豐-三重,2023-05-24,7008
3044,健鼎,32,0,32,兆豐-三重,2023-05-24,7008
1795,美時,35,5,30,兆豐-三重,2023-05-24,7008
1608,華榮,30,6,24,兆豐-三重,2023-05-24,7008
1101,台泥,23,1,22,兆豐-三重,2023-05-24,7008
2609,陽明,22,1,21,兆豐-三重,2023-05-24,7008
1718,中纖,20,0,20,兆豐-三重,2023-05-24,7008
00637L,元大滬深300正2,15,0,15,兆豐-三重,2023-05-24,7008
00878,國泰永續高股息,24,10,14,兆豐-三重,2023-05-24,7008
4722,國精化,13,0,13,兆豐-三重,2023-05-24,7008
5512,力麒,14,1,13,兆豐-三重,2023-05-24,7008
00679B,元大美債20年,15,4,11,兆豐-三重,2023-05-24,7008
1535,中宇,10,0,10,兆豐-三重,2023-05-24,7008
00712,復華富時不動產,10,0,10,兆豐-三重,2023-05-24,7008
6122,擎邦,10,0,10,兆豐-三重,2023-05-24,7008
6205,詮欣,10,0,10,兆豐-三重,2023-05-24,7008
3011,今皓,10,1,9,兆豐-三重,2023-05-24,7008
3325,旭品,10,1,9,兆豐-三重,2023-05-24,7008
5511,德昌,9,0,9,兆豐-三重,2023-05-24,7008
2634,漢翔,11,3,8,兆豐-三重,2023-05-24,7008
2645,長榮航太,8,0,8,兆豐-三重,2023-05-24,7008
1504,東元,8,1,7,兆豐-三重,2023-05-24,7008
00882,中信中國高股息,7,0,7,兆豐-三重,2023-05-24,7008
2630,亞航,12,5,7,兆豐-三重,2023-05-24,7008
3706,神達,7,0,7,兆豐-三重,2023-05-24,7008
5009,榮剛,8,1,7,兆豐-三重,2023-05-24,7008
5703,亞都,7,0,7,兆豐-三重,2023-05-24,7008
1905,華紙,25,19,6,兆豐-三重,2023-05-24,7008
3029,零壹,6,0,6,兆豐-三重,2023-05-24,7008
4114,健喬,6,0,6,兆豐-三重,2023-05-24,7008
00690,兆豐藍籌30,6,0,6,兆豐-三重,2023-05-24,7008
00687B,國泰20年美債,5,0,5,兆豐-三重,2023-05-24,7008
00675L,富邦臺灣加權正2,6,1,5,兆豐-三重,2023-05-24,7008
1307,三芳,5,0,5,兆豐-三重,2023-05-24,7008
1609,大亞,11,6,5,兆豐-三重,2023-05-24,7008
1584,精剛,5,0,5,兆豐-三重,2023-05-24,7008
2867,三商壽,5,0,5,兆豐-三重,2023-05-24,7008
2880,華南金,5,0,5,兆豐-三重,2023-05-24,7008
3005,神基,5,0,5,兆豐-三重,2023-05-24,7008
4160,訊聯基因,5,0,5,兆豐-三重,2023-05-24,7008
5353,台林,5,0,5,兆豐-三重,2023-05-24,7008
6266,泰詠,5,0,5,兆豐-三重,2023-05-24,7008
3035,智原,4,0,4,兆豐-三重,2023-05-24,7008
2208,台船,6,2,4,兆豐-三重,2023-05-24,7008
2305,全友,4,0,4,兆豐-三重,2023-05-24,7008
2317,鴻海,870,530,340,兆豐-三重,2023-05-25,7008
00632R,元大台灣50反1,192,6,186,兆豐-三重,2023-05-25,7008
1504,東元,70,9,61,兆豐-三重,2023-05-25,7008
0056,元大高股息,45,1,44,兆豐-三重,2023-05-25,7008
6122,擎邦,39,5,34,兆豐-三重,2023-05-25,7008
00772B,中信高評級公司債,28,1,27,兆豐-三重,2023-05-25,7008
2371,大同,56,30,26,兆豐-三重,2023-05-25,7008
1612,宏泰,20,0,20,兆豐-三重,2023-05-25,7008
2337,旺宏,18,0,18,兆豐-三重,2023-05-25,7008
3163,波若威,30,12,18,兆豐-三重,2023-05-25,7008
5706,鳳凰,44,26,18,兆豐-三重,2023-05-25,7008
00882,中信中國高股息,16,0,16,兆豐-三重,2023-05-25,7008
2615,萬海,16,0,16,兆豐-三重,2023-05-25,7008
00679B,元大美債20年,21,6,15,兆豐-三重,2023-05-25,7008
3071,協禧,15,0,15,兆豐-三重,2023-05-25,7008
2603,長榮,17,5,12,兆豐-三重,2023-05-25,7008
1319,東陽,11,0,11,兆豐-三重,2023-05-25,7008
2344,華邦電,12,1,11,兆豐-三重,2023-05-25,7008
2330,台積電,76,66,10,兆豐-三重,2023-05-25,7008
00753L,中信中國50正2,10,0,10,兆豐-三重,2023-05-25,7008
00857B,永豐20年美公債,10,0,10,兆豐-三重,2023-05-25,7008
1476,儒鴻,10,0,10,兆豐-三重,2023-05-25,7008
1905,華紙,12,2,10,兆豐-三重,2023-05-25,7008
2731,雄獅,12,2,10,兆豐-三重,2023-05-25,7008
6285,啟��,10,0,10,兆豐-三重,2023-05-25,7008
1310,台苯,10,1,9,兆豐-三重,2023-05-25,7008
2498,宏達電,10,1,9,兆豐-三重,2023-05-25,7008
3094,聯傑,9,0,9,兆豐-三重,2023-05-25,7008
3498,陽程,10,1,9,兆豐-三重,2023-05-25,7008
6274,台燿,26,17,9,兆豐-三重,2023-05-25,7008
8046,南電,14,5,9,兆豐-三重,2023-05-25,7008
00680L,元大美債20正2,8,0,8,兆豐-三重,2023-05-25,7008
2362,藍天,8,0,8,兆豐-三重,2023-05-25,7008
4979,華星光,8,0,8,兆豐-三重,2023-05-25,7008
5439,高技,8,0,8,兆豐-三重,2023-05-25,7008
6213,聯茂,8,0,8,兆豐-三重,2023-05-25,7008
1101,台泥,13,6,7,兆豐-三重,2023-05-25,7008
2002,中鋼,7,0,7,兆豐-三重,2023-05-25,7008
2399,映泰,12,5,7,兆豐-三重,2023-05-25,7008
3363,上詮,13,6,7,兆豐-三重,2023-05-25,7008
5009,榮剛,22,15,7,兆豐-三重,2023-05-25,7008
1609,大亞,11,5,6,兆豐-三重,2023-05-25,7008
2332,友訊,6,0,6,兆豐-三重,2023-05-25,7008
2630,亞航,11,5,6,兆豐-三重,2023-05-25,7008
2887,台新金,6,0,6,兆豐-三重,2023-05-25,7008
3264,欣銓,6,0,6,兆豐-三重,2023-05-25,7008
5864,致和證,6,0,6,兆豐-三重,2023-05-25,7008
2303,聯電,5,0,5,兆豐-三重,2023-05-25,7008
2880,華南金,5,0,5,兆豐-三重,2023-05-25,7008
00664R,國泰臺灣加權反1,5,0,5,兆豐-三重,2023-05-25,7008
2317,鴻海,550,222,328,兆豐-三重,2023-05-26,7008
2371,大同,326,1,325,兆豐-三重,2023-05-26,7008
1314,中石化,250,0,250,兆豐-三重,2023-05-26,7008
00632R,元大台灣50反1,115,0,115,兆豐-三重,2023-05-26,7008
2323,中環,93,30,63,兆豐-三重,2023-05-26,7008
00680L,元大美債20正2,46,0,46,兆豐-三重,2023-05-26,7008
00664R,國泰臺灣加權反1,45,0,45,兆豐-三重,2023-05-26,7008
2308,台達電,45,0,45,兆豐-三重,2023-05-26,7008
0056,元大高股息,40,5,35,兆豐-三重,2023-05-26,7008
2885,元大金,35,0,35,兆豐-三重,2023-05-26,7008
1504,東元,32,0,32,兆豐-三重,2023-05-26,7008
1453,大將,27,0,27,兆豐-三重,2023-05-26,7008
8069,元太,39,13,26,兆豐-三重,2023-05-26,7008
2305,全友,20,0,20,兆豐-三重,2023-05-26,7008
3011,今皓,20,0,20,兆豐-三重,2023-05-26,7008
3013,晟銘電,19,0,19,兆豐-三重,2023-05-26,7008
6235,華孚,20,3,17,兆豐-三重,2023-05-26,7008
2615,萬海,18,2,16,兆豐-三重,2023-05-26,7008
00712,復華富時不動產,15,0,15,兆豐-三重,2023-05-26,7008
2367,燿華,15,0,15,兆豐-三重,2023-05-26,7008
5478,智冠,74,60,14,兆豐-三重,2023-05-26,7008
2421,建準,25,13,12,兆豐-三重,2023-05-26,7008
2888,新光金,13,1,12,兆豐-三重,2023-05-26,7008
8289,泰藝,12,0,12,兆豐-三重,2023-05-26,7008
4743,合一,11,0,11,兆豐-三重,2023-05-26,7008
2208,台船,11,0,11,兆豐-三重,2023-05-26,7008
2382,廣達,15,4,11,兆豐-三重,2023-05-26,7008
2610,華航,46,35,11,兆豐-三重,2023-05-26,7008
3715,定穎投控,15,4,11,兆豐-三重,2023-05-26,7008
1310,台苯,10,0,10,兆豐-三重,2023-05-26,7008
0055,元大MSCI金融,10,0,10,兆豐-三重,2023-05-26,7008
00720B,元大投資級公司債,10,0,10,兆豐-三重,2023-05-26,7008
3325,旭品,10,0,10,兆豐-三重,2023-05-26,7008
4102,永日,10,0,10,兆豐-三重,2023-05-26,7008
4157,太景*-KY,10,0,10,兆豐-三重,2023-05-26,7008
6118,建達,10,0,10,兆豐-三重,2023-05-26,7008
8358,金居,10,0,10,兆豐-三重,2023-05-26,7008
1101,台泥,10,1,9,兆豐-三重,2023-05-26,7008
1809,中釉,9,0,9,兆豐-三重,2023-05-26,7008
2734,易飛網,9,0,9,兆豐-三重,2023-05-26,7008
6185,幃翔,9,0,9,兆豐-三重,2023-05-26,7008
8046,南電,11,2,9,兆豐-三重,2023-05-26,7008
1522,堤維西,8,0,8,兆豐-三重,2023-05-26,7008
1591,駿吉-KY,8,0,8,兆豐-三重,2023-05-26,7008
4133,亞諾法,8,0,8,兆豐-三重,2023-05-26,7008
5434,崇越,8,0,8,兆豐-三重,2023-05-26,7008
2884,玉山金,9,1,8,兆豐-三重,2023-05-26,7008
2014,中鴻,7,0,7,兆豐-三重,2023-05-26,7008
3207,耀勝,7,0,7,兆豐-三重,2023-05-26,7008
5243,乙盛-KY,7,0,7,兆豐-三重,2023-05-26,7008
2371,大同,567,22,545,兆豐-三重,2023-05-29,7008
2618,長榮航,260,172,88,兆豐-三重,2023-05-29,7008
4707,磐亞,80,0,80,兆豐-三重,2023-05-29,7008
3037,欣興,37,7,30,兆豐-三重,2023-05-29,7008
2409,友達,25,2,23,兆豐-三重,2023-05-29,7008
6122,擎邦,16,0,16,兆豐-三重,2023-05-29,7008
2528,皇普,15,0,15,兆豐-三重,2023-05-29,7008
3231,緯創,78,66,12,兆豐-三重,2023-05-29,7008
2002,中鋼,12,0,12,兆豐-三重,2023-05-29,7008
5439,高技,13,1,12,兆豐-三重,2023-05-29,7008
1905,華紙,13,2,11,兆豐-三重,2023-05-29,7008
3583,辛耘,11,0,11,兆豐-三重,2023-05-29,7008
1460,宏遠,10,0,10,兆豐-三重,2023-05-29,7008
1314,中石化,10,0,10,兆豐-三重,2023-05-29,7008
00664R,國泰臺灣加權反1,10,0,10,兆豐-三重,2023-05-29,7008
4543,萬在,10,0,10,兆豐-三重,2023-05-29,7008
4744,皇將,10,0,10,兆豐-三重,2023-05-29,7008
6016,康和證,12,2,10,兆豐-三重,2023-05-29,7008
1605,華新,11,2,9,兆豐-三重,2023-05-29,7008
6116,彩晶,9,0,9,兆豐-三重,2023-05-29,7008
6535,順藥,9,0,9,兆豐-三重,2023-05-29,7008
8937,合騏,10,1,9,兆豐-三重,2023-05-29,7008
00679B,元大美債20年,10,2,8,兆豐-三重,2023-05-29,7008
1727,中華化,10,2,8,兆豐-三重,2023-05-29,7008
2634,漢翔,14,6,8,兆豐-三重,2023-05-29,7008
5289,宜鼎,8,0,8,兆豐-三重,2023-05-29,7008
6139,亞翔,8,0,8,兆豐-三重,2023-05-29,7008
1310,台苯,7,0,7,兆豐-三重,2023-05-29,7008
3711,日月光投控,407,400,7,兆豐-三重,2023-05-29,7008
4743,合一,7,0,7,兆豐-三重,2023-05-29,7008
2880,華南金,7,1,6,兆豐-三重,2023-05-29,7008
00636,國泰中國A50,5,0,5,兆豐-三重,2023-05-29,7008
1809,中釉,6,1,5,兆豐-三重,2023-05-29,7008
3202,樺晟,5,0,5,兆豐-三重,2023-05-29,7008
3443,創意,8,3,5,兆豐-三重,2023-05-29,7008
3484,崧騰,5,0,5,兆豐-三重,2023-05-29,7008
5701,劍湖山,5,0,5,兆豐-三重,2023-05-29,7008
5483,中美晶,6,2,4,兆豐-三重,2023-05-29,7008
6593,台灣銘板,4,0,4,兆豐-三重,2023-05-29,7008
1519,華城,11,7,4,兆豐-三重,2023-05-29,7008
2402,毅嘉,14,10,4,兆豐-三重,2023-05-29,7008
2408,南亞科,4,0,4,兆豐-三重,2023-05-29,7008
3029,零壹,4,0,4,兆豐-三重,2023-05-29,7008
3483,力致,4,0,4,兆豐-三重,2023-05-29,7008
4915,致伸,9,5,4,兆豐-三重,2023-05-29,7008
5521,工信,4,0,4,兆豐-三重,2023-05-29,7008
6231,系微,11,7,4,兆豐-三重,2023-05-29,7008
6243,迅杰,4,0,4,兆豐-三重,2023-05-29,7008
6288,聯嘉,4,0,4,兆豐-三重,2023-05-29,7008
6584,南俊國際,4,0,4,兆豐-三重,2023-05-29,7008
2834,臺企銀,105,4,101,兆豐-三重,2023-05-30,7008
8937,合騏,70,0,70,兆豐-三重,2023-05-30,7008
00680L,元大美債20正2,50,0,50,兆豐-三重,2023-05-30,7008
2615,萬海,40,0,40,兆豐-三重,2023-05-30,7008
5243,乙盛-KY,40,4,36,兆豐-三重,2023-05-30,7008
1608,華榮,44,11,33,兆豐-三重,2023-05-30,7008
1504,東元,24,0,24,兆豐-三重,2023-05-30,7008
2201,裕隆,189,167,22,兆豐-三重,2023-05-30,7008
2371,大同,31,9,22,兆豐-三重,2023-05-30,7008
2382,廣達,109,87,22,兆豐-三重,2023-05-30,7008
2888,新光金,20,0,20,兆豐-三重,2023-05-30,7008
00882,中信中國高股息,17,0,17,兆豐-三重,2023-05-30,7008
2399,映泰,19,6,13,兆豐-三重,2023-05-30,7008
00878,國泰永續高股息,18,6,12,兆豐-三重,2023-05-30,7008
2603,長榮,12,0,12,兆豐-三重,2023-05-30,7008
00713,元大台灣高息低波,11,0,11,兆豐-三重,2023-05-30,7008
6129,普誠,11,0,11,兆豐-三重,2023-05-30,7008
00753L,中信中國50正2,10,0,10,兆豐-三重,2023-05-30,7008
2006,東和鋼鐵,10,0,10,兆豐-三重,2023-05-30,7008
2491,吉祥全,10,0,10,兆豐-三重,2023-05-30,7008
3625,西勝,10,0,10,兆豐-三重,2023-05-30,7008
6282,康舒,11,1,10,兆豐-三重,2023-05-30,7008
2421,建準,25,16,9,兆豐-三重,2023-05-30,7008
3518,柏騰,8,0,8,兆豐-三重,2023-05-30,7008
6016,康和證,8,0,8,兆豐-三重,2023-05-30,7008
2425,承啟,10,3,7,兆豐-三重,2023-05-30,7008
3704,合勤控,11,4,7,兆豐-三重,2023-05-30,7008
5351,鈺創,8,1,7,兆豐-三重,2023-05-30,7008
1310,台苯,6,0,6,兆豐-三重,2023-05-30,7008
1609,大亞,11,5,6,兆豐-三重,2023-05-30,7008
2002,中鋼,9,3,6,兆豐-三重,2023-05-30,7008
2492,華新科,6,0,6,兆豐-三重,2023-05-30,7008
3032,偉訓,6,0,6,兆豐-三重,2023-05-30,7008
4746,台耀,15,9,6,兆豐-三重,2023-05-30,7008
6188,廣明,21,15,6,兆豐-三重,2023-05-30,7008
9958,世紀鋼,7,1,6,兆豐-三重,2023-05-30,7008
5309,系統電,5,0,5,兆豐-三重,2023-05-30,7008
1519,華城,6,1,5,兆豐-三重,2023-05-30,7008
1503,士電,8,3,5,兆豐-三重,2023-05-30,7008
00636,國泰中國A50,5,0,5,兆豐-三重,2023-05-30,7008
00690,兆豐藍籌30,5,0,5,兆豐-三重,2023-05-30,7008
00725B,國泰投資級公司債,5,0,5,兆豐-三重,2023-05-30,7008
1809,中釉,5,0,5,兆豐-三重,2023-05-30,7008
1909,榮成,5,0,5,兆豐-三重,2023-05-30,7008
2331,精英,7,2,5,兆豐-三重,2023-05-30,7008
2344,華邦電,6,1,5,兆豐-三重,2023-05-30,7008
2393,億光,6,1,5,兆豐-三重,2023-05-30,7008
2442,新美齊,5,0,5,兆豐-三重,2023-05-30,7008
2482,連宇,10,5,5,兆豐-三重,2023-05-30,7008
2528,皇普,5,0,5,兆豐-三重,2023-05-30,7008
1314,中石化,100,0,100,兆豐-三重,2023-05-31,7008
8937,合騏,68,0,68,兆豐-三重,2023-05-31,7008
1718,中纖,60,0,60,兆豐-三重,2023-05-31,7008
2382,廣達,99,39,60,兆豐-三重,2023-05-31,7008
00715L,期街口布蘭特正2,46,0,46,兆豐-三重,2023-05-31,7008
2615,萬海,31,0,31,兆豐-三重,2023-05-31,7008
00632R,元大台灣50反1,30,0,30,兆豐-三重,2023-05-31,7008
2892,第一金,30,0,30,兆豐-三重,2023-05-31,7008
2330,台積電,31,2,29,兆豐-三重,2023-05-31,7008
2603,長榮,32,10,22,兆豐-三重,2023-05-31,7008
00687B,國泰20年美債,23,2,21,兆豐-三重,2023-05-31,7008
6116,彩晶,20,0,20,兆豐-三重,2023-05-31,7008
2344,華邦電,34,16,18,兆豐-三重,2023-05-31,7008
00882,中信中國高股息,17,0,17,兆豐-三重,2023-05-31,7008
2103,台橡,15,0,15,兆豐-三重,2023-05-31,7008
3078,僑威,14,1,13,兆豐-三重,2023-05-31,7008
3625,西勝,12,0,12,兆豐-三重,2023-05-31,7008
2002,中鋼,12,1,11,兆豐-三重,2023-05-31,7008
5876,上海商銀,11,0,11,兆豐-三重,2023-05-31,7008
1727,中華化,10,0,10,兆豐-三重,2023-05-31,7008
1905,華紙,10,1,9,兆豐-三重,2023-05-31,7008
2368,金像電,10,1,9,兆豐-三重,2023-05-31,7008
3363,上詮,9,0,9,兆豐-三重,2023-05-31,7008
2449,京元電子,10,2,8,兆豐-三重,2023-05-31,7008
2331,精英,13,5,8,兆豐-三重,2023-05-31,7008
2371,大同,54,46,8,兆豐-三重,2023-05-31,7008
2421,建準,9,1,8,兆豐-三重,2023-05-31,7008
3591,艾笛森,8,0,8,兆豐-三重,2023-05-31,7008
0056,元大高股息,66,60,6,兆豐-三重,2023-05-31,7008
1609,大亞,6,0,6,兆豐-三重,2023-05-31,7008
1101,台泥,6,0,6,兆豐-三重,2023-05-31,7008
00642U,期元大S＆P石油,6,0,6,兆豐-三重,2023-05-31,7008
2323,中環,10,4,6,兆豐-三重,2023-05-31,7008
2482,連宇,6,0,6,兆豐-三重,2023-05-31,7008
2606,裕民,6,0,6,兆豐-三重,2023-05-31,7008
00636,國泰中國A50,5,0,5,兆豐-三重,2023-05-31,7008
1514,亞力,6,1,5,兆豐-三重,2023-05-31,7008
2442,新美齊,5,0,5,兆豐-三重,2023-05-31,7008
2731,雄獅,5,0,5,兆豐-三重,2023-05-31,7008
2867,三商壽,5,0,5,兆豐-三重,2023-05-31,7008
3011,今皓,5,0,5,兆豐-三重,2023-05-31,7008
3049,精金,5,0,5,兆豐-三重,2023-05-31,7008
3710,連展投控,5,0,5,兆豐-三重,2023-05-31,7008
5439,高技,8,3,5,兆豐-三重,2023-05-31,7008
6016,康和證,5,0,5,兆豐-三重,2023-05-31,7008
6266,泰詠,5,0,5,兆豐-三重,2023-05-31,7008
8046,南電,5,0,5,兆豐-三重,2023-05-31,7008
9958,世紀鋼,5,0,5,兆豐-三重,2023-05-31,7008
3545,敦泰,5,1,4,兆豐-三重,2023-05-31,7008
5351,鈺創,5,1,4,兆豐-三重,2023-05-31,7008
0056,元大高股息,138,0,138,兆豐-三重,2023-06-01,7008
2892,第一金,100,0,100,兆豐-三重,2023-06-01,7008
2376,技嘉,102,12,90,兆豐-三重,2023-06-01,7008
2371,大同,56,11,45,兆豐-三重,2023-06-01,7008
00715L,期街口布蘭特正2,45,3,42,兆豐-三重,2023-06-01,7008
8937,合騏,34,0,34,兆豐-三重,2023-06-01,7008
2913,農林,60,32,28,兆豐-三重,2023-06-01,7008
2330,台積電,28,1,27,兆豐-三重,2023-06-01,7008
00882,中信中國高股息,26,0,26,兆豐-三重,2023-06-01,7008
2615,萬海,29,3,26,兆豐-三重,2023-06-01,7008
4129,聯合,43,18,25,兆豐-三重,2023-06-01,7008
3706,神達,50,26,24,兆豐-三重,2023-06-01,7008
2332,友訊,22,0,22,兆豐-三重,2023-06-01,7008
3013,晟銘電,27,5,22,兆豐-三重,2023-06-01,7008
6188,廣明,33,11,22,兆豐-三重,2023-06-01,7008
2312,金寶,20,0,20,兆豐-三重,2023-06-01,7008
2480,敦陽科,20,0,20,兆豐-三重,2023-06-01,7008
2498,宏達電,27,7,20,兆豐-三重,2023-06-01,7008
2888,新光金,20,0,20,兆豐-三重,2023-06-01,7008
4440,宜新實業,20,0,20,兆豐-三重,2023-06-01,7008
5511,德昌,20,0,20,兆豐-三重,2023-06-01,7008
2354,鴻準,20,2,18,兆豐-三重,2023-06-01,7008
1907,永豐餘,46,30,16,兆豐-三重,2023-06-01,7008
1904,正隆,18,3,15,兆豐-三重,2023-06-01,7008
1605,華新,21,7,14,兆豐-三重,2023-06-01,7008
2344,華邦電,15,1,14,兆豐-三重,2023-06-01,7008
1604,聲寶,13,0,13,兆豐-三重,2023-06-01,7008
2449,京元電子,14,1,13,兆豐-三重,2023-06-01,7008
2106,建大,12,0,12,兆豐-三重,2023-06-01,7008
2801,彰銀,12,0,12,兆豐-三重,2023-06-01,7008
00900,富邦特選高股息30,11,0,11,兆豐-三重,2023-06-01,7008
2637,慧洋-KY,15,4,11,兆豐-三重,2023-06-01,7008
3483,力致,12,1,11,兆豐-三重,2023-06-01,7008
1513,中興電,16,6,10,兆豐-三重,2023-06-01,7008
2484,希華,10,0,10,兆豐-三重,2023-06-01,7008
2610,華航,93,83,10,兆豐-三重,2023-06-01,7008
3003,健和興,10,1,9,兆豐-三重,2023-06-01,7008
6821,聯寶,9,0,9,兆豐-三重,2023-06-01,7008
00878,國泰永續高股息,9,0,9,兆豐-三重,2023-06-01,7008
1101,台泥,13,5,8,兆豐-三重,2023-06-01,7008
1519,華城,8,0,8,兆豐-三重,2023-06-01,7008
2331,精英,44,36,8,兆豐-三重,2023-06-01,7008
2489,瑞軒,13,5,8,兆豐-三重,2023-06-01,7008
2515,中工,11,3,8,兆豐-三重,2023-06-01,7008
2734,易飛網,8,0,8,兆豐-三重,2023-06-01,7008
2303,聯電,8,1,7,兆豐-三重,2023-06-01,7008
3006,晶豪科,7,0,7,兆豐-三重,2023-06-01,7008
4564,元翎,15,8,7,兆豐-三重,2023-06-01,7008
6863,永道-KY,7,0,7,兆豐-三重,2023-06-01,7008
8046,南電,8,1,7,兆豐-三重,2023-06-01,7008
2618,長榮航,294,61,233,兆豐-三重,2023-06-02,7008
2442,新美齊,75,0,75,兆豐-三重,2023-06-02,7008
6109,亞元,65,0,65,兆豐-三重,2023-06-02,7008
00632R,元大台灣50反1,60,0,60,兆豐-三重,2023-06-02,7008
2382,廣達,86,26,60,兆豐-三重,2023-06-02,7008
2356,英業達,67,12,55,兆豐-三重,2023-06-02,7008
1609,大亞,53,20,33,兆豐-三重,2023-06-02,7008
6016,康和證,30,0,30,兆豐-三重,2023-06-02,7008
00919,群益台灣精選高息,29,1,28,兆豐-三重,2023-06-02,7008
3047,訊舟,25,0,25,兆豐-三重,2023-06-02,7008
00679B,元大美債20年,24,0,24,兆豐-三重,2023-06-02,7008
00715L,期街口布蘭特正2,30,7,23,兆豐-三重,2023-06-02,7008
00712,復華富時不動產,22,0,22,兆豐-三重,2023-06-02,7008
6133,金橋,20,0,20,兆豐-三重,2023-06-02,7008
3707,漢磊,21,4,17,兆豐-三重,2023-06-02,7008
1720,生達,16,0,16,兆豐-三重,2023-06-02,7008
5439,高技,17,1,16,兆豐-三重,2023-06-02,7008
8937,合騏,16,0,16,兆豐-三重,2023-06-02,7008
00770,國泰北美科技,15,0,15,兆豐-三重,2023-06-02,7008
00724B,群益投資級金融債,15,0,15,兆豐-三重,2023-06-02,7008
5227,立凱-KY,14,0,14,兆豐-三重,2023-06-02,7008
1524,耿鼎,12,0,12,兆豐-三重,2023-06-02,7008
5009,榮剛,14,2,12,兆豐-三重,2023-06-02,7008
8201,無敵,12,0,12,兆豐-三重,2023-06-02,7008
6168,宏齊,11,0,11,兆豐-三重,2023-06-02,7008
6531,愛普*,17,6,11,兆豐-三重,2023-06-02,7008
8033,雷虎,11,0,11,兆豐-三重,2023-06-02,7008
1905,華紙,35,25,10,兆豐-三重,2023-06-02,7008
2208,台船,10,0,10,兆豐-三重,2023-06-02,7008
3625,西勝,10,0,10,兆豐-三重,2023-06-02,7008
4566,時碩工業,10,0,10,兆豐-三重,2023-06-02,7008
8011,台通,10,0,10,兆豐-三重,2023-06-02,7008
1608,華榮,13,4,9,兆豐-三重,2023-06-02,7008
3324,雙鴻,11,2,9,兆豐-三重,2023-06-02,7008
4938,和碩,30,21,9,兆豐-三重,2023-06-02,7008
6214,精誠,10,1,9,兆豐-三重,2023-06-02,7008
6223,旺矽,9,0,9,兆豐-三重,2023-06-02,7008
2201,裕隆,11,3,8,兆豐-三重,2023-06-02,7008
3078,僑威,10,2,8,兆豐-三重,2023-06-02,7008
3631,晟楠,8,0,8,兆豐-三重,2023-06-02,7008
4915,致伸,8,0,8,兆豐-三重,2023-06-02,7008
6770,力積電,9,1,8,兆豐-三重,2023-06-02,7008
00637L,元大滬深300正2,7,0,7,兆豐-三重,2023-06-02,7008
1709,和益,7,0,7,兆豐-三重,2023-06-02,7008
3083,網龍,8,1,7,兆豐-三重,2023-06-02,7008
6438,迅得,7,0,7,兆豐-三重,2023-06-02,7008
1308,亞聚,6,0,6,兆豐-三重,2023-06-02,7008
2371,大同,18,12,6,兆豐-三重,2023-06-02,7008
2421,建準,22,16,6,兆豐-三重,2023-06-02,7008
2603,長榮,16,10,6,兆豐-三重,2023-06-02,7008
3231,緯創,114,25,89,兆豐-三重,2023-06-05,7008
0056,元大高股息,65,1,64,兆豐-三重,2023-06-05,7008
2618,長榮航,90,29,61,兆豐-三重,2023-06-05,7008
2442,新美齊,55,0,55,兆豐-三重,2023-06-05,7008
1605,華新,57,7,50,兆豐-三重,2023-06-05,7008
2330,台積電,40,1,39,兆豐-三重,2023-06-05,7008
2610,華航,48,14,34,兆豐-三重,2023-06-05,7008
2367,燿華,30,0,30,兆豐-三重,2023-06-05,7008
3325,旭品,30,0,30,兆豐-三重,2023-06-05,7008
3710,連展投控,30,0,30,兆豐-三重,2023-06-05,7008
00712,復華富時不動產,28,0,28,兆豐-三重,2023-06-05,7008
2201,裕隆,30,3,27,兆豐-三重,2023-06-05,7008
00632R,元大台灣50反1,20,0,20,兆豐-三重,2023-06-05,7008
2484,希華,20,0,20,兆豐-三重,2023-06-05,7008
1711,永光,20,5,15,兆豐-三重,2023-06-05,7008
2313,華通,16,2,14,兆豐-三重,2023-06-05,7008
1513,中興電,16,3,13,兆豐-三重,2023-06-05,7008
1905,華紙,14,1,13,兆豐-三重,2023-06-05,7008
2449,京元電子,13,0,13,兆豐-三重,2023-06-05,7008
4979,華星光,22,10,12,兆豐-三重,2023-06-05,7008
5340,建榮,12,0,12,兆豐-三重,2023-06-05,7008
6160,欣技,47,35,12,兆豐-三重,2023-06-05,7008
8937,合騏,12,0,12,兆豐-三重,2023-06-05,7008
1504,東元,15,4,11,兆豐-三重,2023-06-05,7008
00919,群益台灣精選高息,11,0,11,兆豐-三重,2023-06-05,7008
1727,中華化,40,29,11,兆豐-三重,2023-06-05,7008
3013,晟銘電,11,0,11,兆豐-三重,2023-06-05,7008
3715,定穎投控,19,8,11,兆豐-三重,2023-06-05,7008
6274,台燿,12,1,11,兆豐-三重,2023-06-05,7008
00680L,元大美債20正2,10,0,10,兆豐-三重,2023-06-05,7008
1514,亞力,22,12,10,兆豐-三重,2023-06-05,7008
2485,兆赫,10,0,10,兆豐-三重,2023-06-05,7008
4906,正文,13,3,10,兆豐-三重,2023-06-05,7008
6111,大宇資,36,26,10,兆豐-三重,2023-06-05,7008
8171,天宇,10,0,10,兆豐-三重,2023-06-05,7008
2891,中信金,10,1,9,兆豐-三重,2023-06-05,7008
6164,華興,9,0,9,兆豐-三重,2023-06-05,7008
2356,英業達,10,1,9,兆豐-三重,2023-06-05,7008
5434,崇越,8,0,8,兆豐-三重,2023-06-05,7008
6213,聯茂,9,1,8,兆豐-三重,2023-06-05,7008
2498,宏達電,22,15,7,兆豐-三重,2023-06-05,7008
00640L,富邦日本正2,14,7,7,兆豐-三重,2023-06-05,7008
2014,中鴻,8,1,7,兆豐-三重,2023-06-05,7008
2408,南亞科,7,0,7,兆豐-三重,2023-06-05,7008
9945,潤泰新,8,1,7,兆豐-三重,2023-06-05,7008
1503,士電,8,2,6,兆豐-三重,2023-06-05,7008
1734,杏輝,6,0,6,兆豐-三重,2023-06-05,7008
2609,陽明,12,6,6,兆豐-三重,2023-06-05,7008
4743,合一,6,0,6,兆豐-三重,2023-06-05,7008
5425,台半,10,4,6,兆豐-三重,2023-06-05,7008
2489,瑞軒,40,2,38,兆豐-三重,2023-06-06,7008
0056,元大高股息,81,55,26,兆豐-三重,2023-06-06,7008
8277,商丞,25,0,25,兆豐-三重,2023-06-06,7008
2323,中環,26,4,22,兆豐-三重,2023-06-06,7008
4977,眾達-KY,22,0,22,兆豐-三重,2023-06-06,7008
1514,亞力,23,3,20,兆豐-三重,2023-06-06,7008
2353,宏��,22,2,20,兆豐-三重,2023-06-06,7008
2371,大同,42,22,20,兆豐-三重,2023-06-06,7008
2417,圓剛,20,0,20,兆豐-三重,2023-06-06,7008
6116,彩晶,25,6,19,兆豐-三重,2023-06-06,7008
1528,恩德,19,1,18,兆豐-三重,2023-06-06,7008
8937,合騏,17,0,17,兆豐-三重,2023-06-06,7008
1504,東元,16,0,16,兆豐-三重,2023-06-06,7008
2498,宏達電,32,17,15,兆豐-三重,2023-06-06,7008
4129,聯合,17,2,15,兆豐-三重,2023-06-06,7008
5009,榮剛,23,8,15,兆豐-三重,2023-06-06,7008
6282,康舒,17,3,14,兆豐-三重,2023-06-06,7008
6111,大宇資,16,2,14,兆豐-三重,2023-06-06,7008
2888,新光金,13,0,13,兆豐-三重,2023-06-06,7008
2344,華邦電,14,1,13,兆豐-三重,2023-06-06,7008
2482,連宇,14,1,13,兆豐-三重,2023-06-06,7008
3583,辛耘,29,16,13,兆豐-三重,2023-06-06,7008
1218,泰山,12,0,12,兆豐-三重,2023-06-06,7008
2388,威盛,16,4,12,兆豐-三重,2023-06-06,7008
2399,映泰,15,3,12,兆豐-三重,2023-06-06,7008
6235,華孚,14,2,12,兆豐-三重,2023-06-06,7008
3252,海灣,18,7,11,兆豐-三重,2023-06-06,7008
00673R,期元大S＆P原油反1,10,0,10,兆豐-三重,2023-06-06,7008
2634,漢翔,10,0,10,兆豐-三重,2023-06-06,7008
2636,台驊控股,10,0,10,兆豐-三重,2023-06-06,7008
2637,慧洋-KY,10,0,10,兆豐-三重,2023-06-06,7008
3005,神基,10,0,10,兆豐-三重,2023-06-06,7008
3707,漢磊,25,15,10,兆豐-三重,2023-06-06,7008
2642,宅配通,9,0,9,兆豐-三重,2023-06-06,7008
2809,京城銀,9,0,9,兆豐-三重,2023-06-06,7008
6591,動力-KY,9,0,9,兆豐-三重,2023-06-06,7008
8905,裕國,10,1,9,兆豐-三重,2023-06-06,7008
00637L,元大滬深300正2,10,3,7,兆豐-三重,2023-06-06,7008
00712,復華富時不動產,7,0,7,兆豐-三重,2023-06-06,7008
3373,熱映,7,0,7,兆豐-三重,2023-06-06,7008
5371,中光電,7,0,7,兆豐-三重,2023-06-06,7008
5388,中磊,8,1,7,兆豐-三重,2023-06-06,7008
6719,力智,7,0,7,兆豐-三重,2023-06-06,7008
9945,潤泰新,6,0,6,兆豐-三重,2023-06-06,7008
2208,台船,7,1,6,兆豐-三重,2023-06-06,7008
2913,農林,6,0,6,兆豐-三重,2023-06-06,7008
3141,晶宏,6,0,6,兆豐-三重,2023-06-06,7008
3207,耀勝,6,0,6,兆豐-三重,2023-06-06,7008
6485,點序,6,0,6,兆豐-三重,2023-06-06,7008
2492,華新科,6,0,6,兆豐-三重,2023-06-06,7008
0056,元大高股息,68,4,64,兆豐-三重,2023-06-07,7008
00632R,元大台灣50反1,89,37,52,兆豐-三重,2023-06-07,7008
1809,中釉,40,0,40,兆豐-三重,2023-06-07,7008
8937,合騏,31,0,31,兆豐-三重,2023-06-07,7008
00882,中信中國高股息,31,0,31,兆豐-三重,2023-06-07,7008
2515,中工,30,1,29,兆豐-三重,2023-06-07,7008
1101,台泥,28,0,28,兆豐-三重,2023-06-07,7008
2313,華通,22,1,21,兆豐-三重,2023-06-07,7008
00680L,元大美債20正2,20,0,20,兆豐-三重,2023-06-07,7008
1810,和成,20,0,20,兆豐-三重,2023-06-07,7008
3710,連展投控,20,0,20,兆豐-三重,2023-06-07,7008
1457,宜進,19,0,19,兆豐-三重,2023-06-07,7008
6116,彩晶,25,7,18,兆豐-三重,2023-06-07,7008
2323,中環,34,18,16,兆豐-三重,2023-06-07,7008
3479,安勤,17,1,16,兆豐-三重,2023-06-07,7008
8048,德勝,15,0,15,兆豐-三重,2023-06-07,7008
1319,東陽,14,0,14,兆豐-三重,2023-06-07,7008
2610,華航,14,0,14,兆豐-三重,2023-06-07,7008
6188,廣明,24,10,14,兆豐-三重,2023-06-07,7008
1727,中華化,12,0,12,兆豐-三重,2023-06-07,7008
2482,連宇,21,9,12,兆豐-三重,2023-06-07,7008
2489,瑞軒,11,0,11,兆豐-三重,2023-06-07,7008
4977,眾達-KY,11,0,11,兆豐-三重,2023-06-07,7008
8277,商丞,10,0,10,兆豐-三重,2023-06-07,7008
1815,富喬,10,0,10,兆豐-三重,2023-06-07,7008
2208,台船,11,1,10,兆豐-三重,2023-06-07,7008
3217,優群,10,0,10,兆豐-三重,2023-06-07,7008
3625,西勝,10,0,10,兆豐-三重,2023-06-07,7008
6182,合晶,10,0,10,兆豐-三重,2023-06-07,7008
00636,國泰中國A50,9,0,9,兆豐-三重,2023-06-07,7008
1514,亞力,28,19,9,兆豐-三重,2023-06-07,7008
2368,金像電,22,13,9,兆豐-三重,2023-06-07,7008
2886,兆豐金,10,1,9,兆豐-三重,2023-06-07,7008
3252,海灣,10,1,9,兆豐-三重,2023-06-07,7008
4915,致伸,11,2,9,兆豐-三重,2023-06-07,7008
5531,鄉林,12,3,9,兆豐-三重,2023-06-07,7008
6235,華孚,10,2,8,兆豐-三重,2023-06-07,7008
1605,華新,12,4,8,兆豐-三重,2023-06-07,7008
2402,毅嘉,9,1,8,兆豐-三重,2023-06-07,7008
6125,廣運,9,1,8,兆豐-三重,2023-06-07,7008
6290,良維,8,0,8,兆豐-三重,2023-06-07,7008
1504,東元,41,33,8,兆豐-三重,2023-06-07,7008
8046,南電,7,0,7,兆豐-三重,2023-06-07,7008
4532,瑞智,7,0,7,兆豐-三重,2023-06-07,7008
5443,均豪,16,9,7,兆豐-三重,2023-06-07,7008
8112,至上,8,1,7,兆豐-三重,2023-06-07,7008
00927,群益半導體收益,6,0,6,兆豐-三重,2023-06-07,7008
3444,利機,6,0,6,兆豐-三重,2023-06-07,7008
8936,國統,9,3,6,兆豐-三重,2023-06-07,7008
5236,凌陽創新,15,10,5,兆豐-三重,2023-06-07,7008
8937,合騏,107,0,107,兆豐-三重,2023-06-08,7008
1444,力麗,97,0,97,兆豐-三重,2023-06-08,7008
2618,長榮航,122,25,97,兆豐-三重,2023-06-08,7008
1609,大亞,88,38,50,兆豐-三重,2023-06-08,7008
2206,三陽工業,51,20,31,兆豐-三重,2023-06-08,7008
00632R,元大台灣50反1,30,0,30,兆豐-三重,2023-06-08,7008
00679B,元大美債20年,27,0,27,兆豐-三重,2023-06-08,7008
1605,華新,33,7,26,兆豐-三重,2023-06-08,7008
2609,陽明,52,28,24,兆豐-三重,2023-06-08,7008
3037,欣興,23,1,22,兆豐-三重,2023-06-08,7008
8046,南電,20,0,20,兆豐-三重,2023-06-08,7008
00680L,元大美債20正2,20,0,20,兆豐-三重,2023-06-08,7008
020031,統一IC設計臺灣N,20,0,20,兆豐-三重,2023-06-08,7008
3308,聯德,21,2,19,兆豐-三重,2023-06-08,7008
2748,雲品,20,2,18,兆豐-三重,2023-06-08,7008
6016,康和證,20,2,18,兆豐-三重,2023-06-08,7008
6139,亞翔,23,5,18,兆豐-三重,2023-06-08,7008
2915,潤泰全,17,0,17,兆豐-三重,2023-06-08,7008
5531,鄉林,20,3,17,兆豐-三重,2023-06-08,7008
6125,廣運,20,3,17,兆豐-三重,2023-06-08,7008
00724B,群益投資級金融債,15,0,15,兆豐-三重,2023-06-08,7008
2399,映泰,12,0,12,兆豐-三重,2023-06-08,7008
6182,合晶,12,0,12,兆豐-三重,2023-06-08,7008
6485,點序,32,21,11,兆豐-三重,2023-06-08,7008
00720B,元大投資級公司債,11,0,11,兆豐-三重,2023-06-08,7008
1457,宜進,11,0,11,兆豐-三重,2023-06-08,7008
2330,台積電,14,3,11,兆豐-三重,2023-06-08,7008
4967,十銓,21,10,11,兆豐-三重,2023-06-08,7008
2344,華邦電,15,5,10,兆豐-三重,2023-06-08,7008
2356,英業達,15,5,10,兆豐-三重,2023-06-08,7008
2385,群光,10,0,10,兆豐-三重,2023-06-08,7008
2484,希華,10,0,10,兆豐-三重,2023-06-08,7008
3325,旭品,10,0,10,兆豐-三重,2023-06-08,7008
3710,連展投控,10,0,10,兆豐-三重,2023-06-08,7008
5309,系統電,10,0,10,兆豐-三重,2023-06-08,7008
5905,南仁湖,10,0,10,兆豐-三重,2023-06-08,7008
6285,啟��,14,4,10,兆豐-三重,2023-06-08,7008
6156,松上,10,0,10,兆豐-三重,2023-06-08,7008
2882,國泰金,10,0,10,兆豐-三重,2023-06-08,7008
6187,萬潤,14,5,9,兆豐-三重,2023-06-08,7008
3105,穩懋,10,1,9,兆豐-三重,2023-06-08,7008
1504,東元,20,11,9,兆豐-三重,2023-06-08,7008
6270,倍微,10,1,9,兆豐-三重,2023-06-08,7008
8112,至上,9,0,9,兆豐-三重,2023-06-08,7008
00900,富邦特選高股息30,7,0,7,兆豐-三重,2023-06-08,7008
1720,生達,7,0,7,兆豐-三重,2023-06-08,7008
2376,技嘉,13,6,7,兆豐-三重,2023-06-08,7008
2611,志信,8,1,7,兆豐-三重,2023-06-08,7008
2888,新光金,20,13,7,兆豐-三重,2023-06-08,7008
4960,誠美材,7,0,7,兆豐-三重,2023-06-08,7008
2371,大同,318,1,317,兆豐-三重,2023-06-09,7008
8937,合騏,287,0,287,兆豐-三重,2023-06-09,7008
0056,元大高股息,183,23,160,兆豐-三重,2023-06-09,7008
1905,華紙,80,5,75,兆豐-三重,2023-06-09,7008
2032,新鋼,68,0,68,兆豐-三重,2023-06-09,7008
1504,東元,53,1,52,兆豐-三重,2023-06-09,7008
1314,中石化,40,0,40,兆豐-三重,2023-06-09,7008
4106,雃博,40,0,40,兆豐-三重,2023-06-09,7008
1444,力麗,36,0,36,兆豐-三重,2023-06-09,7008
3325,旭品,41,11,30,兆豐-三重,2023-06-09,7008
2467,志聖,30,2,28,兆豐-三重,2023-06-09,7008
2482,連宇,34,9,25,兆豐-三重,2023-06-09,7008
3252,海灣,24,0,24,兆豐-三重,2023-06-09,7008
4148,全宇生技-KY,24,0,24,兆豐-三重,2023-06-09,7008
4167,松瑞藥,24,0,24,兆豐-三重,2023-06-09,7008
1417,嘉裕,22,0,22,兆豐-三重,2023-06-09,7008
1605,華新,27,6,21,兆豐-三重,2023-06-09,7008
1810,和成,22,2,20,兆豐-三重,2023-06-09,7008
2033,佳大,20,0,20,兆豐-三重,2023-06-09,7008
2038,海光,18,0,18,兆豐-三重,2023-06-09,7008
1584,精剛,16,0,16,兆豐-三重,2023-06-09,7008
1310,台苯,15,0,15,兆豐-三重,2023-06-09,7008
1701,中化,15,0,15,兆豐-三重,2023-06-09,7008
2363,矽統,15,0,15,兆豐-三重,2023-06-09,7008
3710,連展投控,15,0,15,兆豐-三重,2023-06-09,7008
6182,合晶,15,0,15,兆豐-三重,2023-06-09,7008
4945,陞達科技,15,0,15,兆豐-三重,2023-06-09,7008
00712,復華富時不動產,14,0,14,兆豐-三重,2023-06-09,7008
5603,陸海,14,0,14,兆豐-三重,2023-06-09,7008
2014,中鴻,23,10,13,兆豐-三重,2023-06-09,7008
4747,強生,13,0,13,兆豐-三重,2023-06-09,7008
1809,中釉,12,0,12,兆豐-三重,2023-06-09,7008
3466,德晉,12,0,12,兆豐-三重,2023-06-09,7008
6185,幃翔,12,0,12,兆豐-三重,2023-06-09,7008
2201,裕隆,11,0,11,兆豐-三重,2023-06-09,7008
2888,新光金,11,0,11,兆豐-三重,2023-06-09,7008
3014,聯陽,14,3,11,兆豐-三重,2023-06-09,7008
5309,系統電,12,1,11,兆豐-三重,2023-06-09,7008
6016,康和證,11,0,11,兆豐-三重,2023-06-09,7008
00637L,元大滬深300正2,10,0,10,兆豐-三重,2023-06-09,7008
1760,寶齡富錦,10,0,10,兆豐-三重,2023-06-09,7008
2705,六福,10,0,10,兆豐-三重,2023-06-09,7008
6270,倍微,10,0,10,兆豐-三重,2023-06-09,7008
6274,台燿,12,2,10,兆豐-三重,2023-06-09,7008
9907,統一實,10,0,10,兆豐-三重,2023-06-09,7008
1708,東鹼,9,0,9,兆豐-三重,2023-06-09,7008
2382,廣達,31,23,8,兆豐-三重,2023-06-09,7008
1434,福懋,15,7,8,兆豐-三重,2023-06-09,7008
1514,亞力,11,3,8,兆豐-三重,2023-06-09,7008
00929,復華台灣科技優息,74,66,8,兆豐-三重,2023-06-09,7008
00632R,元大台灣50反1,80,0,80,兆豐-三重,2023-06-12,7008
1444,力麗,64,0,64,兆豐-三重,2023-06-12,7008
00929,復華台灣科技優息,91,43,48,兆豐-三重,2023-06-12,7008
2618,長榮航,76,28,48,兆豐-三重,2023-06-12,7008
6133,金橋,43,0,43,兆豐-三重,2023-06-12,7008
6657,華安,46,5,41,兆豐-三重,2023-06-12,7008
1905,華紙,41,0,41,兆豐-三重,2023-06-12,7008
1417,嘉裕,38,0,38,兆豐-三重,2023-06-12,7008
4129,聯合,35,0,35,兆豐-三重,2023-06-12,7008
3710,連展投控,22,0,22,兆豐-三重,2023-06-12,7008
2436,偉詮電,29,8,21,兆豐-三重,2023-06-12,7008
2303,聯電,31,11,20,兆豐-三重,2023-06-12,7008
2442,新美齊,20,0,20,兆豐-三重,2023-06-12,7008
3325,旭品,20,0,20,兆豐-三重,2023-06-12,7008
00712,復華富時不動產,19,0,19,兆豐-三重,2023-06-12,7008
6282,康舒,22,3,19,兆豐-三重,2023-06-12,7008
8937,合騏,18,0,18,兆豐-三重,2023-06-12,7008
1609,大亞,22,5,17,兆豐-三重,2023-06-12,7008
2547,日勝生,16,0,16,兆豐-三重,2023-06-12,7008
5511,德昌,16,0,16,兆豐-三重,2023-06-12,7008
2495,普安,19,3,16,兆豐-三重,2023-06-12,7008
2022,聚亨,14,0,14,兆豐-三重,2023-06-12,7008
5310,天剛,13,0,13,兆豐-三重,2023-06-12,7008
5410,國眾,13,0,13,兆豐-三重,2023-06-12,7008
2330,台積電,17,5,12,兆豐-三重,2023-06-12,7008
2312,金寶,31,19,12,兆豐-三重,2023-06-12,7008
3479,安勤,12,0,12,兆豐-三重,2023-06-12,7008
1101,台泥,12,0,12,兆豐-三重,2023-06-12,7008
1727,中華化,11,0,11,兆豐-三重,2023-06-12,7008
1733,五鼎,11,0,11,兆豐-三重,2023-06-12,7008
1460,宏遠,10,0,10,兆豐-三重,2023-06-12,7008
1218,泰山,10,0,10,兆豐-三重,2023-06-12,7008
1526,日馳,10,0,10,兆豐-三重,2023-06-12,7008
2376,技嘉,25,15,10,兆豐-三重,2023-06-12,7008
2421,建準,11,1,10,兆豐-三重,2023-06-12,7008
2486,一詮,11,1,10,兆豐-三重,2023-06-12,7008
3055,蔚華科,10,0,10,兆豐-三重,2023-06-12,7008
4746,台耀,10,0,10,兆豐-三重,2023-06-12,7008
6182,合晶,10,0,10,兆豐-三重,2023-06-12,7008
2206,三陽工業,10,0,10,兆豐-三重,2023-06-12,7008
3027,盛達,18,8,10,兆豐-三重,2023-06-12,7008
6789,采鈺,11,2,9,兆豐-三重,2023-06-12,7008
3231,緯創,14,5,9,兆豐-三重,2023-06-12,7008
5009,榮剛,9,1,8,兆豐-三重,2023-06-12,7008
8155,博智,8,1,7,兆豐-三重,2023-06-12,7008
1605,華新,7,0,7,兆豐-三重,2023-06-12,7008
2368,金像電,26,19,7,兆豐-三重,2023-06-12,7008
2382,廣達,27,20,7,兆豐-三重,2023-06-12,7008
00893,國泰智能電動車,6,0,6,兆豐-三重,2023-06-12,7008
1536,和大,6,0,6,兆豐-三重,2023-06-12,7008
2888,新光金,430,210,220,兆豐-三重,2023-06-13,7008
00715L,期街口布蘭特正2,45,5,40,兆豐-三重,2023-06-13,7008
00919,群益台灣精選高息,32,0,32,兆豐-三重,2023-06-13,7008
1504,東元,32,1,31,兆豐-三重,2023-06-13,7008
1444,力麗,20,0,20,兆豐-三重,2023-06-13,7008
1810,和成,20,0,20,兆豐-三重,2023-06-13,7008
2610,華航,70,50,20,兆豐-三重,2023-06-13,7008
6167,久正,22,2,20,兆豐-三重,2023-06-13,7008
1905,華紙,22,3,19,兆豐-三重,2023-06-13,7008
2323,中環,21,2,19,兆豐-三重,2023-06-13,7008
1789,神隆,18,0,18,兆豐-三重,2023-06-13,7008
00640L,富邦日本正2,15,0,15,兆豐-三重,2023-06-13,7008
3207,耀勝,20,5,15,兆豐-三重,2023-06-13,7008
1609,大亞,15,4,11,兆豐-三重,2023-06-13,7008
00632R,元大台灣50反1,10,0,10,兆豐-三重,2023-06-13,7008
00664R,國泰臺灣加權反1,10,0,10,兆豐-三重,2023-06-13,7008
2480,敦陽科,10,0,10,兆豐-三重,2023-06-13,7008
2495,普安,10,0,10,兆豐-三重,2023-06-13,7008
2885,元大金,10,0,10,兆豐-三重,2023-06-13,7008
3545,敦泰,11,1,10,兆豐-三重,2023-06-13,7008
6117,迎廣,11,1,10,兆豐-三重,2023-06-13,7008
8436,大江,10,0,10,兆豐-三重,2023-06-13,7008
3454,晶睿,14,4,10,兆豐-三重,2023-06-13,7008
5706,鳳凰,11,2,9,兆豐-三重,2023-06-13,7008
6125,廣運,16,7,9,兆豐-三重,2023-06-13,7008
2413,環科,8,0,8,兆豐-三重,2023-06-13,7008
6123,上奇,8,0,8,兆豐-三重,2023-06-13,7008
6509,聚和,10,2,8,兆豐-三重,2023-06-13,7008
2615,萬海,7,0,7,兆豐-三重,2023-06-13,7008
3055,蔚華科,10,3,7,兆豐-三重,2023-06-13,7008
2206,三陽工業,25,18,7,兆豐-三重,2023-06-13,7008
2208,台船,7,0,7,兆豐-三重,2023-06-13,7008
2301,光寶科,11,4,7,兆豐-三重,2023-06-13,7008
3483,力致,9,2,7,兆豐-三重,2023-06-13,7008
3484,崧騰,7,0,7,兆豐-三重,2023-06-13,7008
4977,眾達-KY,7,0,7,兆豐-三重,2023-06-13,7008
3035,智原,12,5,7,兆豐-三重,2023-06-13,7008
1434,福懋,6,0,6,兆豐-三重,2023-06-13,7008
1785,光洋科,7,1,6,兆豐-三重,2023-06-13,7008
4541,晟田,20,14,6,兆豐-三重,2023-06-13,7008
5009,榮剛,6,0,6,兆豐-三重,2023-06-13,7008
1316,上曜,5,0,5,兆豐-三重,2023-06-13,7008
1605,華新,8,3,5,兆豐-三重,2023-06-13,7008
2421,建準,8,3,5,兆豐-三重,2023-06-13,7008
2427,三商電,5,0,5,兆豐-三重,2023-06-13,7008
3205,佰研,5,0,5,兆豐-三重,2023-06-13,7008
3479,安勤,5,0,5,兆豐-三重,2023-06-13,7008
3710,連展投控,5,0,5,兆豐-三重,2023-06-13,7008
4916,事欣科,5,0,5,兆豐-三重,2023-06-13,7008
5310,天剛,5,0,5,兆豐-三重,2023-06-13,7008
2888,新光金,307,0,307,兆豐-三重,2023-06-14,7008
00919,群益台灣精選高息,200,0,200,兆豐-三重,2023-06-14,7008
2371,大同,200,22,178,兆豐-三重,2023-06-14,7008
2353,宏��,60,2,58,兆豐-三重,2023-06-14,7008
6122,擎邦,53,19,34,兆豐-三重,2023-06-14,7008
0056,元大高股息,162,129,33,兆豐-三重,2023-06-14,7008
1417,嘉裕,30,0,30,兆豐-三重,2023-06-14,7008
1609,大亞,21,0,21,兆豐-三重,2023-06-14,7008
1444,力麗,22,2,20,兆豐-三重,2023-06-14,7008
2356,英業達,34,16,18,兆豐-三重,2023-06-14,7008
6770,力積電,24,6,18,兆豐-三重,2023-06-14,7008
00715L,期街口布蘭特正2,20,4,16,兆豐-三重,2023-06-14,7008
2498,宏達電,16,0,16,兆豐-三重,2023-06-14,7008
5425,台半,27,12,15,兆豐-三重,2023-06-14,7008
3011,今皓,15,0,15,兆豐-三重,2023-06-14,7008
6016,康和證,15,0,15,兆豐-三重,2023-06-14,7008
6535,順藥,15,0,15,兆豐-三重,2023-06-14,7008
2354,鴻準,21,7,14,兆豐-三重,2023-06-14,7008
1611,中電,13,0,13,兆豐-三重,2023-06-14,7008
6147,頎邦,13,0,13,兆豐-三重,2023-06-14,7008
00929,復華台灣科技優息,18,7,11,兆豐-三重,2023-06-14,7008
2453,凌群,51,40,11,兆豐-三重,2023-06-14,7008
1568,倉佑,10,0,10,兆豐-三重,2023-06-14,7008
00857B,永豐20年美公債,10,0,10,兆豐-三重,2023-06-14,7008
1314,中石化,10,0,10,兆豐-三重,2023-06-14,7008
3363,上詮,10,0,10,兆豐-三重,2023-06-14,7008
5464,霖宏,10,0,10,兆豐-三重,2023-06-14,7008
6139,亞翔,10,0,10,兆豐-三重,2023-06-14,7008
6187,萬潤,14,4,10,兆豐-三重,2023-06-14,7008
8076,伍豐,28,18,10,兆豐-三重,2023-06-14,7008
3576,聯合再生,10,1,9,兆豐-三重,2023-06-14,7008
1504,東元,9,0,9,兆豐-三重,2023-06-14,7008
2481,強茂,8,0,8,兆豐-三重,2023-06-14,7008
3260,威剛,11,3,8,兆豐-三重,2023-06-14,7008
4915,致伸,8,0,8,兆豐-三重,2023-06-14,7008
2014,中鴻,9,2,7,兆豐-三重,2023-06-14,7008
2457,飛宏,13,6,7,兆豐-三重,2023-06-14,7008
2515,中工,7,0,7,兆豐-三重,2023-06-14,7008
6005,群益證,7,0,7,兆豐-三重,2023-06-14,7008
2206,三陽工業,9,3,6,兆豐-三重,2023-06-14,7008
2330,台積電,8,1,7,兆豐-三重,2023-06-14,7008
00712,復華富時不動產,16,10,6,兆豐-三重,2023-06-14,7008
00895,富邦未來車,10,4,6,兆豐-三重,2023-06-14,7008
2324,仁寶,6,0,6,兆豐-三重,2023-06-14,7008
2379,瑞昱,6,0,6,兆豐-三重,2023-06-14,7008
3027,盛達,6,0,6,兆豐-三重,2023-06-14,7008
1539,巨庭,5,0,5,兆豐-三重,2023-06-14,7008
2208,台船,5,0,5,兆豐-三重,2023-06-14,7008
2382,廣達,15,10,5,兆豐-三重,2023-06-14,7008
2388,威盛,5,0,5,兆豐-三重,2023-06-14,7008
2323,中環,103,5,98,兆豐-三重,2023-06-15,7008
00715L,期街口布蘭特正2,61,0,61,兆豐-三重,2023-06-15,7008
6116,彩晶,50,0,50,兆豐-三重,2023-06-15,7008
00878,國泰永續高股息,45,0,45,兆豐-三重,2023-06-15,7008
00712,復華富時不動產,28,0,28,兆豐-三重,2023-06-15,7008
2618,長榮航,356,328,28,兆豐-三重,2023-06-15,7008
5905,南仁湖,22,0,22,兆豐-三重,2023-06-15,7008
00692,富邦公司治理,21,0,21,兆豐-三重,2023-06-15,7008
6147,頎邦,21,0,21,兆豐-三重,2023-06-15,7008
1444,力麗,60,40,20,兆豐-三重,2023-06-15,7008
00882,中信中國高股息,20,0,20,兆豐-三重,2023-06-15,7008
1809,中釉,20,0,20,兆豐-三重,2023-06-15,7008
3013,晟銘電,20,0,20,兆豐-三重,2023-06-15,7008
2601,益航,18,0,18,兆豐-三重,2023-06-15,7008
00632R,元大台灣50反1,17,0,17,兆豐-三重,2023-06-15,7008
2482,連宇,19,2,17,兆豐-三重,2023-06-15,7008
3017,奇鋐,19,2,17,兆豐-三重,2023-06-15,7008
8076,伍豐,39,24,15,兆豐-三重,2023-06-15,7008
2344,華邦電,14,0,14,兆豐-三重,2023-06-15,7008
3046,建��,14,0,14,兆豐-三重,2023-06-15,7008
00919,群益台灣精選高息,12,0,12,兆豐-三重,2023-06-15,7008
2208,台船,16,5,11,兆豐-三重,2023-06-15,7008
3022,威強電,11,0,11,兆豐-三重,2023-06-15,7008
2883,凱基金,10,0,10,兆豐-三重,2023-06-15,7008
1536,和大,10,0,10,兆豐-三重,2023-06-15,7008
2353,宏��,20,10,10,兆豐-三重,2023-06-15,7008
2491,吉祥全,10,0,10,兆豐-三重,2023-06-15,7008
3162,精確,10,0,10,兆豐-三重,2023-06-15,7008
6122,擎邦,22,12,10,兆豐-三重,2023-06-15,7008
1104,環泥,9,0,9,兆豐-三重,2023-06-15,7008
2421,建準,26,17,9,兆豐-三重,2023-06-15,7008
3071,協禧,10,1,9,兆豐-三重,2023-06-15,7008
6624,萬年清,9,0,9,兆豐-三重,2023-06-15,7008
2206,三陽工業,9,0,9,兆豐-三重,2023-06-15,7008
00929,復華台灣科技優息,8,0,8,兆豐-三重,2023-06-15,7008
3205,佰研,10,2,8,兆豐-三重,2023-06-15,7008
9945,潤泰新,8,0,8,兆豐-三重,2023-06-15,7008
2882,國泰金,7,0,7,兆豐-三重,2023-06-15,7008
3583,辛耘,7,0,7,兆豐-三重,2023-06-15,7008
6416,瑞祺電通,7,0,7,兆豐-三重,2023-06-15,7008
8446,華研,8,1,7,兆豐-三重,2023-06-15,7008
2317,鴻海,535,529,6,兆豐-三重,2023-06-15,7008
3260,威剛,16,10,6,兆豐-三重,2023-06-15,7008
5706,鳳凰,19,13,6,兆豐-三重,2023-06-15,7008
1539,巨庭,5,0,5,兆豐-三重,2023-06-15,7008
1310,台苯,5,0,5,兆豐-三重,2023-06-15,7008
1432,大魯閣,5,0,5,兆豐-三重,2023-06-15,7008
2313,華通,5,0,5,兆豐-三重,2023-06-15,7008
2812,台中銀,5,0,5,兆豐-三重,2023-06-15,7008
3019,亞光,5,0,5,兆豐-三重,2023-06-15,7008
2610,華航,483,152,331,兆豐-三重,2023-06-16,7008
2618,長榮航,357,51,306,兆豐-三重,2023-06-16,7008
8085,福華,300,0,300,兆豐-三重,2023-06-16,7008
00878,國泰永續高股息,182,1,181,兆豐-三重,2023-06-16,7008
6026,福邦證,99,0,99,兆豐-三重,2023-06-16,7008
6016,康和證,71,0,71,兆豐-三重,2023-06-16,7008
8937,合騏,64,0,64,兆豐-三重,2023-06-16,7008
00712,復華富時不動產,46,2,44,兆豐-三重,2023-06-16,7008
2301,光寶科,53,12,41,兆豐-三重,2023-06-16,7008
00680L,元大美債20正2,40,0,40,兆豐-三重,2023-06-16,7008
1101,台泥,52,12,40,兆豐-三重,2023-06-16,7008
2105,正新,35,2,33,兆豐-三重,2023-06-16,7008
3706,神達,46,14,32,兆豐-三重,2023-06-16,7008
9958,世紀鋼,30,1,29,兆豐-三重,2023-06-16,7008
1905,華紙,26,2,24,兆豐-三重,2023-06-16,7008
1605,華新,58,38,20,兆豐-三重,2023-06-16,7008
1907,永豐餘,20,0,20,兆豐-三重,2023-06-16,7008
1308,亞聚,20,1,19,兆豐-三重,2023-06-16,7008
3508,位速,20,1,19,兆豐-三重,2023-06-16,7008
2409,友達,29,12,17,兆豐-三重,2023-06-16,7008
1609,大亞,63,46,17,兆豐-三重,2023-06-16,7008
1789,神隆,17,0,17,兆豐-三重,2023-06-16,7008
2328,廣宇,17,0,17,兆豐-三重,2023-06-16,7008
3710,連展投控,17,0,17,兆豐-三重,2023-06-16,7008
2201,裕隆,20,4,16,兆豐-三重,2023-06-16,7008
6266,泰詠,15,0,15,兆豐-三重,2023-06-16,7008
00713,元大台灣高息低波,15,1,14,兆豐-三重,2023-06-16,7008
2368,金像電,15,2,13,兆豐-三重,2023-06-16,7008
2228,劍麟,15,3,12,兆豐-三重,2023-06-16,7008
2344,華邦電,25,13,12,兆豐-三重,2023-06-16,7008
3025,星通,15,3,12,兆豐-三重,2023-06-16,7008
2882,國泰金,11,0,11,兆豐-三重,2023-06-16,7008
2331,精英,12,1,11,兆豐-三重,2023-06-16,7008
2014,中鴻,11,1,10,兆豐-三重,2023-06-16,7008
2103,台橡,10,0,10,兆豐-三重,2023-06-16,7008
2362,藍天,10,0,10,兆豐-三重,2023-06-16,7008
2801,彰銀,10,0,10,兆豐-三重,2023-06-16,7008
3013,晟銘電,10,0,10,兆豐-三重,2023-06-16,7008
3360,尚立,10,0,10,兆豐-三重,2023-06-16,7008
3712,永崴投控,10,0,10,兆豐-三重,2023-06-16,7008
6532,瑞耘,16,6,10,兆豐-三重,2023-06-16,7008
2356,英業達,39,30,9,兆豐-三重,2023-06-16,7008
8171,天宇,9,0,9,兆豐-三重,2023-06-16,7008
8201,無敵,9,0,9,兆豐-三重,2023-06-16,7008
2482,連宇,14,6,8,兆豐-三重,2023-06-16,7008
2498,宏達電,10,2,8,兆豐-三重,2023-06-16,7008
4961,天鈺,8,0,8,兆豐-三重,2023-06-16,7008
8028,昇陽半導體,8,0,8,兆豐-三重,2023-06-16,7008
4564,元翎,10,3,7,兆豐-三重,2023-06-16,7008
5425,台半,9,3,6,兆豐-三重,2023-06-16,7008
2353,宏��,92,0,92,兆豐-三重,2023-06-19,7008
2528,皇普,31,0,31,兆豐-三重,2023-06-19,7008
6116,彩晶,88,58,30,兆豐-三重,2023-06-19,7008
00712,復華富時不動產,29,0,29,兆豐-三重,2023-06-19,7008
1605,華新,35,8,27,兆豐-三重,2023-06-19,7008
3046,建��,28,3,25,兆豐-三重,2023-06-19,7008
2468,華經,29,5,24,兆豐-三重,2023-06-19,7008
4533,協易機,23,2,21,兆豐-三重,2023-06-19,7008
00882,中信中國高股息,21,0,21,兆豐-三重,2023-06-19,7008
2337,旺宏,21,2,19,兆豐-三重,2023-06-19,7008
3338,泰碩,18,0,18,兆豐-三重,2023-06-19,7008
2388,威盛,18,1,17,兆豐-三重,2023-06-19,7008
2014,中鴻,15,0,15,兆豐-三重,2023-06-19,7008
2313,華通,14,0,14,兆豐-三重,2023-06-19,7008
2498,宏達電,18,4,14,兆豐-三重,2023-06-19,7008
1101,台泥,15,2,13,兆豐-三重,2023-06-19,7008
2401,凌陽,15,2,13,兆豐-三重,2023-06-19,7008
8201,無敵,13,0,13,兆豐-三重,2023-06-19,7008
1310,台苯,12,0,12,兆豐-三重,2023-06-19,7008
2356,英業達,20,9,11,兆豐-三重,2023-06-19,7008
2609,陽明,16,5,11,兆豐-三重,2023-06-19,7008
00680L,元大美債20正2,10,0,10,兆豐-三重,2023-06-19,7008
1714,和桐,10,0,10,兆豐-三重,2023-06-19,7008
2491,吉祥全,10,0,10,兆豐-三重,2023-06-19,7008
2705,六福,10,0,10,兆豐-三重,2023-06-19,7008
3576,聯合再生,10,0,10,兆豐-三重,2023-06-19,7008
4104,佳醫,10,0,10,兆豐-三重,2023-06-19,7008
5258,虹堡,17,7,10,兆豐-三重,2023-06-19,7008
8436,大江,10,0,10,兆豐-三重,2023-06-19,7008
9802,鈺齊-KY,10,0,10,兆豐-三重,2023-06-19,7008
1477,聚陽,14,5,9,兆豐-三重,2023-06-19,7008
3252,海灣,10,1,9,兆豐-三重,2023-06-19,7008
3706,神達,13,4,9,兆豐-三重,2023-06-19,7008
6104,創惟,13,4,9,兆豐-三重,2023-06-19,7008
6235,華孚,18,9,9,兆豐-三重,2023-06-19,7008
1708,東鹼,8,0,8,兆豐-三重,2023-06-19,7008
3014,聯陽,8,0,8,兆豐-三重,2023-06-19,7008
2324,仁寶,7,0,7,兆豐-三重,2023-06-19,7008
2611,志信,8,1,7,兆豐-三重,2023-06-19,7008
2615,萬海,7,0,7,兆豐-三重,2023-06-19,7008
6153,嘉聯益,7,0,7,兆豐-三重,2023-06-19,7008
1584,精剛,11,5,6,兆豐-三重,2023-06-19,7008
2104,國際中橡,16,10,6,兆豐-三重,2023-06-19,7008
3324,雙鴻,8,2,6,兆豐-三重,2023-06-19,7008
4960,誠美材,6,0,6,兆豐-三重,2023-06-19,7008
8046,南電,6,0,6,兆豐-三重,2023-06-19,7008
00636,國泰中國A50,5,0,5,兆豐-三重,2023-06-19,7008
00751B,元大AAA至A公司債,5,0,5,兆豐-三重,2023-06-19,7008
00901,永豐智能車供應鏈,5,0,5,兆豐-三重,2023-06-19,7008
1503,士電,5,0,5,兆豐-三重,2023-06-19,7008
3481,群創,224,68,156,兆豐-三重,2023-06-20,7008
6290,良維,50,1,49,兆豐-三重,2023-06-20,7008
2888,新光金,40,3,37,兆豐-三重,2023-06-20,7008
2356,英業達,46,16,30,兆豐-三重,2023-06-20,7008
1417,嘉裕,27,0,27,兆豐-三重,2023-06-20,7008
3014,聯陽,24,2,22,兆豐-三重,2023-06-20,7008
5009,榮剛,22,0,22,兆豐-三重,2023-06-20,7008
2482,連宇,22,1,21,兆豐-三重,2023-06-20,7008
1810,和成,22,2,20,兆豐-三重,2023-06-20,7008
6214,精誠,20,0,20,兆豐-三重,2023-06-20,7008
4967,十銓,57,38,19,兆豐-三重,2023-06-20,7008
6112,邁達特,23,4,19,兆豐-三重,2023-06-20,7008
00712,復華富時不動產,22,4,18,兆豐-三重,2023-06-20,7008
00687B,國泰20年美債,18,0,18,兆豐-三重,2023-06-20,7008
2308,台達電,18,0,18,兆豐-三重,2023-06-20,7008
8937,合騏,18,0,18,兆豐-三重,2023-06-20,7008
2609,陽明,34,20,14,兆豐-三重,2023-06-20,7008
2634,漢翔,64,50,14,兆豐-三重,2023-06-20,7008
00640L,富邦日本正2,15,2,13,兆豐-三重,2023-06-20,7008
2337,旺宏,13,0,13,兆豐-三重,2023-06-20,7008
0056,元大高股息,42,30,12,兆豐-三重,2023-06-20,7008
1584,精剛,11,0,11,兆豐-三重,2023-06-20,7008
1760,寶齡富錦,11,0,11,兆豐-三重,2023-06-20,7008
3035,智原,14,3,11,兆豐-三重,2023-06-20,7008
3051,力特,11,0,11,兆豐-三重,2023-06-20,7008
3260,威剛,21,10,11,兆豐-三重,2023-06-20,7008
4979,華星光,29,18,11,兆豐-三重,2023-06-20,7008
1609,大亞,17,7,10,兆豐-三重,2023-06-20,7008
2014,中鴻,10,0,10,兆豐-三重,2023-06-20,7008
2211,長榮鋼,10,0,10,兆豐-三重,2023-06-20,7008
2498,宏達電,12,2,10,兆豐-三重,2023-06-20,7008
5353,台林,10,0,10,兆豐-三重,2023-06-20,7008
5443,均豪,10,0,10,兆豐-三重,2023-06-20,7008
6114,久威,10,0,10,兆豐-三重,2023-06-20,7008
6170,統振,10,0,10,兆豐-三重,2023-06-20,7008
2702,華園,10,0,10,兆豐-三重,2023-06-20,7008
2610,華航,77,68,9,兆豐-三重,2023-06-20,7008
2303,聯電,12,3,9,兆豐-三重,2023-06-20,7008
3710,連展投控,9,0,9,兆豐-三重,2023-06-20,7008
5706,鳳凰,18,9,9,兆豐-三重,2023-06-20,7008
2618,長榮航,13,5,8,兆豐-三重,2023-06-20,7008
1310,台苯,10,2,8,兆豐-三重,2023-06-20,7008
1802,台玻,8,0,8,兆豐-三重,2023-06-20,7008
3078,僑威,9,2,7,兆豐-三重,2023-06-20,7008
3231,緯創,22,15,7,兆豐-三重,2023-06-20,7008
6244,茂迪,16,9,7,兆豐-三重,2023-06-20,7008
2603,長榮,12,5,7,兆豐-三重,2023-06-20,7008
00878,國泰永續高股息,7,1,6,兆豐-三重,2023-06-20,7008
1519,華城,7,1,6,兆豐-三重,2023-06-20,7008
1513,中興電,52,46,6,兆豐-三重,2023-06-20,7008
0056,元大高股息,160,3,157,兆豐-三重,2023-06-21,7008
3231,緯創,160,39,121,兆豐-三重,2023-06-21,7008
2610,華航,105,12,93,兆豐-三重,2023-06-21,7008
2017,官田鋼,72,0,72,兆豐-三重,2023-06-21,7008
4167,松瑞藥,90,24,66,兆豐-三重,2023-06-21,7008
3481,群創,78,16,62,兆豐-三重,2023-06-21,7008
00929,復華台灣科技優息,40,0,40,兆豐-三重,2023-06-21,7008
6222,上揚,35,0,35,兆豐-三重,2023-06-21,7008
6290,良維,33,2,31,兆豐-三重,2023-06-21,7008
2498,宏達電,35,6,29,兆豐-三重,2023-06-21,7008
2705,六福,22,2,20,兆豐-三重,2023-06-21,7008
3380,明泰,21,1,20,兆豐-三重,2023-06-21,7008
2393,億光,20,1,19,兆豐-三重,2023-06-21,7008
5258,虹堡,27,8,19,兆豐-三重,2023-06-21,7008
8937,合騏,19,0,19,兆豐-三重,2023-06-21,7008
2609,陽明,37,19,18,兆豐-三重,2023-06-21,7008
3234,光環,16,0,16,兆豐-三重,2023-06-21,7008
8150,南茂,16,1,15,兆豐-三重,2023-06-21,7008
2613,中櫃,14,0,14,兆豐-三重,2023-06-21,7008
3056,富華新,15,1,14,兆豐-三重,2023-06-21,7008
1319,東陽,14,0,14,兆豐-三重,2023-06-21,7008
2206,三陽工業,11,0,11,兆豐-三重,2023-06-21,7008
00882,中信中國高股息,11,0,11,兆豐-三重,2023-06-21,7008
2455,全新,11,0,11,兆豐-三重,2023-06-21,7008
2634,漢翔,47,36,11,兆豐-三重,2023-06-21,7008
2731,雄獅,11,0,11,兆豐-三重,2023-06-21,7008
6116,彩晶,31,21,10,兆豐-三重,2023-06-21,7008
1504,東元,12,2,10,兆豐-三重,2023-06-21,7008
00637L,元大滬深300正2,10,0,10,兆豐-三重,2023-06-21,7008
1301,台塑,10,0,10,兆豐-三重,2023-06-21,7008
1810,和成,10,0,10,兆豐-三重,2023-06-21,7008
2414,精技,10,0,10,兆豐-三重,2023-06-21,7008
6570,維田,10,0,10,兆豐-三重,2023-06-21,7008
6589,台康生技,20,10,10,兆豐-三重,2023-06-21,7008
00640L,富邦日本正2,9,0,9,兆豐-三重,2023-06-21,7008
3687,歐買尬,9,0,9,兆豐-三重,2023-06-21,7008
5704,老爺知,10,1,9,兆豐-三重,2023-06-21,7008
3260,威剛,10,1,9,兆豐-三重,2023-06-21,7008
6120,達運,131,124,7,兆豐-三重,2023-06-21,7008
00713,元大台灣高息低波,7,0,7,兆豐-三重,2023-06-21,7008
2739,寒舍,7,0,7,兆豐-三重,2023-06-21,7008
1513,中興電,9,4,5,兆豐-三重,2023-06-21,7008
8069,元太,5,0,5,兆豐-三重,2023-06-21,7008
3706,神達,12,7,5,兆豐-三重,2023-06-21,7008
1217,愛之味,5,0,5,兆豐-三重,2023-06-21,7008
2002,中鋼,5,0,5,兆豐-三重,2023-06-21,7008
2516,新建,5,0,5,兆豐-三重,2023-06-21,7008
2913,農林,5,0,5,兆豐-三重,2023-06-21,7008
3264,欣銓,10,5,5,兆豐-三重,2023-06-21,7008
3479,安勤,5,0,5,兆豐-三重,2023-06-21,7008
6120,達運,550,6,544,兆豐-三重,2023-06-26,7008
2618,長榮航,140,53,87,兆豐-三重,2023-06-26,7008
00715L,期街口布蘭特正2,33,0,33,兆豐-三重,2023-06-26,7008
2356,英業達,37,5,32,兆豐-三重,2023-06-26,7008
1605,華新,39,11,28,兆豐-三重,2023-06-26,7008
3260,威剛,27,0,27,兆豐-三重,2023-06-26,7008
2330,台積電,26,0,26,兆豐-三重,2023-06-26,7008
1514,亞力,27,3,24,兆豐-三重,2023-06-26,7008
00882,中信中國高股息,24,0,24,兆豐-三重,2023-06-26,7008
6282,康舒,22,0,22,兆豐-三重,2023-06-26,7008
2344,華邦電,24,4,20,兆豐-三重,2023-06-26,7008
00712,復華富時不動產,17,0,17,兆豐-三重,2023-06-26,7008
2352,佳世達,17,0,17,兆豐-三重,2023-06-26,7008
2303,聯電,20,5,15,兆豐-三重,2023-06-26,7008
2393,億光,15,0,15,兆豐-三重,2023-06-26,7008
2634,漢翔,16,1,15,兆豐-三重,2023-06-26,7008
1504,東元,16,2,14,兆豐-三重,2023-06-26,7008
2610,華航,25,12,13,兆豐-三重,2023-06-26,7008
6485,點序,11,0,11,兆豐-三重,2023-06-26,7008
3032,偉訓,11,0,11,兆豐-三重,2023-06-26,7008
3479,安勤,11,0,11,兆豐-三重,2023-06-26,7008
6205,詮欣,11,0,11,兆豐-三重,2023-06-26,7008
00636,國泰中國A50,10,0,10,兆豐-三重,2023-06-26,7008
1708,東鹼,10,0,10,兆豐-三重,2023-06-26,7008
8087,麗升能源,10,0,10,兆豐-三重,2023-06-26,7008
8150,南茂,10,0,10,兆豐-三重,2023-06-26,7008
3037,欣興,11,2,9,兆豐-三重,2023-06-26,7008
1584,精剛,27,18,9,兆豐-三重,2023-06-26,7008
2331,精英,13,4,9,兆豐-三重,2023-06-26,7008
2498,宏達電,19,10,9,兆豐-三重,2023-06-26,7008
4967,十銓,13,4,9,兆豐-三重,2023-06-26,7008
2615,萬海,8,0,8,兆豐-三重,2023-06-26,7008
2371,大同,37,29,8,兆豐-三重,2023-06-26,7008
3576,聯合再生,10,2,8,兆豐-三重,2023-06-26,7008
00878,國泰永續高股息,7,0,7,兆豐-三重,2023-06-26,7008
2906,高林,7,0,7,兆豐-三重,2023-06-26,7008
3617,碩天,7,0,7,兆豐-三重,2023-06-26,7008
1471,首利,9,3,6,兆豐-三重,2023-06-26,7008
00645,富邦日本,6,0,6,兆豐-三重,2023-06-26,7008
2368,金像電,9,3,6,兆豐-三重,2023-06-26,7008
6188,廣明,10,4,6,兆豐-三重,2023-06-26,7008
8046,南電,6,0,6,兆豐-三重,2023-06-26,7008
2409,友達,11,6,5,兆豐-三重,2023-06-26,7008
4543,萬在,5,0,5,兆豐-三重,2023-06-26,7008
6143,振曜,5,0,5,兆豐-三重,2023-06-26,7008
1599,宏佳騰,5,0,5,兆豐-三重,2023-06-26,7008
1785,光洋科,5,0,5,兆豐-三重,2023-06-26,7008
2105,正新,5,0,5,兆豐-三重,2023-06-26,7008
2208,台船,5,0,5,兆豐-三重,2023-06-26,7008
2313,華通,5,0,5,兆豐-三重,2023-06-26,7008
2303,聯電,117,2,115,兆豐-三重,2023-06-27,7008
3706,神達,91,6,85,兆豐-三重,2023-06-27,7008
2353,宏��,84,23,61,兆豐-三重,2023-06-27,7008
1905,華紙,62,5,57,兆豐-三重,2023-06-27,7008
3058,立德,54,0,54,兆豐-三重,2023-06-27,7008
0056,元大高股息,61,8,53,兆豐-三重,2023-06-27,7008
2323,中環,54,4,50,兆豐-三重,2023-06-27,7008
020031,統一IC設計臺灣N,50,0,50,兆豐-三重,2023-06-27,7008
2610,華航,93,47,46,兆豐-三重,2023-06-27,7008
6122,擎邦,47,2,45,兆豐-三重,2023-06-27,7008
2393,億光,40,0,40,兆豐-三重,2023-06-27,7008
1467,南緯,40,6,34,兆豐-三重,2023-06-27,7008
1514,亞力,55,21,34,兆豐-三重,2023-06-27,7008
6188,廣明,28,4,24,兆豐-三重,2023-06-27,7008
8110,華東,22,0,22,兆豐-三重,2023-06-27,7008
1605,華新,45,24,21,兆豐-三重,2023-06-27,7008
3324,雙鴻,22,2,20,兆豐-三重,2023-06-27,7008
2607,榮運,20,1,19,兆豐-三重,2023-06-27,7008
2408,南亞科,17,0,17,兆豐-三重,2023-06-27,7008
3231,緯創,137,120,17,兆豐-三重,2023-06-27,7008
2915,潤泰全,15,0,15,兆豐-三重,2023-06-27,7008
1313,聯成,15,0,15,兆豐-三重,2023-06-27,7008
1417,嘉裕,15,0,15,兆豐-三重,2023-06-27,7008
3025,星通,22,7,15,兆豐-三重,2023-06-27,7008
3673,TPK-KY,15,0,15,兆豐-三重,2023-06-27,7008
00687B,國泰20年美債,13,0,13,兆豐-三重,2023-06-27,7008
2885,元大金,13,0,13,兆豐-三重,2023-06-27,7008
2344,華邦電,13,2,11,兆豐-三重,2023-06-27,7008
2427,三商電,37,26,11,兆豐-三重,2023-06-27,7008
2498,宏達電,21,10,11,兆豐-三重,2023-06-27,7008
6116,彩晶,16,5,11,兆豐-三重,2023-06-27,7008
00878,國泰永續高股息,12,1,11,兆豐-三重,2023-06-27,7008
1303,南亞,10,0,10,兆豐-三重,2023-06-27,7008
1714,和桐,10,0,10,兆豐-三重,2023-06-27,7008
2208,台船,10,0,10,兆豐-三重,2023-06-27,7008
2634,漢翔,17,7,10,兆豐-三重,2023-06-27,7008
1609,大亞,19,10,9,兆豐-三重,2023-06-27,7008
2356,英業達,10,1,9,兆豐-三重,2023-06-27,7008
4106,雃博,22,13,9,兆豐-三重,2023-06-27,7008
3356,奇偶,27,18,9,兆豐-三重,2023-06-27,7008
6148,驊宏資,8,0,8,兆豐-三重,2023-06-27,7008
00640L,富邦日本正2,7,0,7,兆豐-三重,2023-06-27,7008
1711,永光,7,0,7,兆豐-三重,2023-06-27,7008
2409,友達,11,4,7,兆豐-三重,2023-06-27,7008
3035,智原,19,12,7,兆豐-三重,2023-06-27,7008
3664,安瑞-KY,7,0,7,兆豐-三重,2023-06-27,7008
6570,維田,7,0,7,兆豐-三重,2023-06-27,7008
1471,首利,15,9,6,兆豐-三重,2023-06-27,7008
1810,和成,26,20,6,兆豐-三重,2023-06-27,7008
2753,八方雲集,6,0,6,兆豐-三重,2023-06-27,7008
2323,中環,73,9,64,兆豐-三重,2023-06-28,7008
2618,長榮航,75,24,51,兆豐-三重,2023-06-28,7008
1503,士電,49,0,49,兆豐-三重,2023-06-28,7008
2801,彰銀,46,0,46,兆豐-三重,2023-06-28,7008
6593,台灣銘板,42,0,42,兆豐-三重,2023-06-28,7008
1708,東鹼,50,10,40,兆豐-三重,2023-06-28,7008
1905,華紙,41,2,39,兆豐-三重,2023-06-28,7008
1809,中釉,35,0,35,兆豐-三重,2023-06-28,7008
2340,台亞,25,0,25,兆豐-三重,2023-06-28,7008
1605,華新,63,40,23,兆豐-三重,2023-06-28,7008
6222,上揚,23,0,23,兆豐-三重,2023-06-28,7008
3481,群創,15,0,15,兆豐-三重,2023-06-28,7008
3037,欣興,13,0,13,兆豐-三重,2023-06-28,7008
2356,英業達,13,1,12,兆豐-三重,2023-06-28,7008
1303,南亞,11,0,11,兆豐-三重,2023-06-28,7008
2906,高林,11,0,11,兆豐-三重,2023-06-28,7008
00692,富邦公司治理,10,0,10,兆豐-三重,2023-06-28,7008
00900,富邦特選高股息30,10,0,10,兆豐-三重,2023-06-28,7008
1471,首利,17,7,10,兆豐-三重,2023-06-28,7008
2344,華邦電,10,0,10,兆豐-三重,2023-06-28,7008
3221,台嘉碩,10,0,10,兆豐-三重,2023-06-28,7008
5468,凱鈺,10,0,10,兆豐-三重,2023-06-28,7008
6116,彩晶,10,0,10,兆豐-三重,2023-06-28,7008
6570,維田,10,0,10,兆豐-三重,2023-06-28,7008
6124,業強,9,0,9,兆豐-三重,2023-06-28,7008
1467,南緯,10,2,8,兆豐-三重,2023-06-28,7008
1442,名軒,8,0,8,兆豐-三重,2023-06-28,7008
2317,鴻海,59,51,8,兆豐-三重,2023-06-28,7008
2498,宏達電,15,7,8,兆豐-三重,2023-06-28,7008
2528,皇普,8,0,8,兆豐-三重,2023-06-28,7008
2609,陽明,11,3,8,兆豐-三重,2023-06-28,7008
3089,億杰,7,0,7,兆豐-三重,2023-06-28,7008
5309,系統電,7,0,7,兆豐-三重,2023-06-28,7008
8046,南電,7,0,7,兆豐-三重,2023-06-28,7008
00878,國泰永續高股息,12,5,7,兆豐-三重,2023-06-28,7008
3205,佰研,7,1,6,兆豐-三重,2023-06-28,7008
3231,緯創,21,15,6,兆豐-三重,2023-06-28,7008
3570,大塚,6,0,6,兆豐-三重,2023-06-28,7008
4503,金雨,16,10,6,兆豐-三重,2023-06-28,7008
4903,聯光通,6,0,6,兆豐-三重,2023-06-28,7008
6111,大宇資,108,102,6,兆豐-三重,2023-06-28,7008
6579,研揚,6,0,6,兆豐-三重,2023-06-28,7008
6770,力積電,6,0,6,兆豐-三重,2023-06-28,7008
8087,麗升能源,6,0,6,兆豐-三重,2023-06-28,7008
1513,中興電,50,45,5,兆豐-三重,2023-06-28,7008
2748,雲品,5,0,5,兆豐-三重,2023-06-28,7008
0050,元大台灣50,5,0,5,兆豐-三重,2023-06-28,7008
2312,金寶,5,0,5,兆豐-三重,2023-06-28,7008
2481,強茂,5,0,5,兆豐-三重,2023-06-28,7008
2812,台中銀,5,0,5,兆豐-三重,2023-06-28,7008
0056,元大高股息,197,124,73,兆豐-三重,2023-06-29,7008
2353,宏��,60,1,59,兆豐-三重,2023-06-29,7008
00885,富邦越南,45,0,45,兆豐-三重,2023-06-29,7008
1605,華新,39,8,31,兆豐-三重,2023-06-29,7008
2618,長榮航,73,51,22,兆豐-三重,2023-06-29,7008
2409,友達,29,8,21,兆豐-三重,2023-06-29,7008
00692,富邦公司治理,20,0,20,兆豐-三重,2023-06-29,7008
1809,中釉,20,0,20,兆豐-三重,2023-06-29,7008
4744,皇將,20,0,20,兆豐-三重,2023-06-29,7008
6456,GIS-KY,20,0,20,兆豐-三重,2023-06-29,7008
2303,聯電,20,3,17,兆豐-三重,2023-06-29,7008
1527,鑽全,16,0,16,兆豐-三重,2023-06-29,7008
2337,旺宏,15,0,15,兆豐-三重,2023-06-29,7008
4967,十銓,25,10,15,兆豐-三重,2023-06-29,7008
3711,日月光投控,12,0,12,兆豐-三重,2023-06-29,7008
00679B,元大美債20年,10,0,10,兆豐-三重,2023-06-29,7008
1310,台苯,10,0,10,兆豐-三重,2023-06-29,7008
1504,東元,10,0,10,兆豐-三重,2023-06-29,7008
2027,大成鋼,11,1,10,兆豐-三重,2023-06-29,7008
2636,台驊控股,10,0,10,兆豐-三重,2023-06-29,7008
2707,晶華,10,0,10,兆豐-三重,2023-06-29,7008
3630,新鉅科,10,0,10,兆豐-三重,2023-06-29,7008
6222,上揚,10,0,10,兆豐-三重,2023-06-29,7008
8088,品安,10,0,10,兆豐-三重,2023-06-29,7008
2603,長榮,32,23,9,兆豐-三重,2023-06-29,7008
2371,大同,13,5,8,兆豐-三重,2023-06-29,7008
2504,國產,10,2,8,兆豐-三重,2023-06-29,7008
2609,陽明,32,25,7,兆豐-三重,2023-06-29,7008
1533,車王電,6,0,6,兆豐-三重,2023-06-29,7008
2317,鴻海,296,290,6,兆豐-三重,2023-06-29,7008
2408,南亞科,11,5,6,兆豐-三重,2023-06-29,7008
3356,奇偶,7,1,6,兆豐-三重,2023-06-29,7008
6182,合晶,6,0,6,兆豐-三重,2023-06-29,7008
3380,明泰,14,8,6,兆豐-三重,2023-06-29,7008
00929,復華台灣科技優息,5,0,5,兆豐-三重,2023-06-29,7008
1720,生達,5,0,5,兆豐-三重,2023-06-29,7008
2323,中環,5,0,5,兆豐-三重,2023-06-29,7008
2414,精技,5,0,5,兆豐-三重,2023-06-29,7008
3570,大塚,5,0,5,兆豐-三重,2023-06-29,7008
3581,博磊,5,0,5,兆豐-三重,2023-06-29,7008
5347,世界,5,0,5,兆豐-三重,2023-06-29,7008
6148,驊宏資,9,4,5,兆豐-三重,2023-06-29,7008
9946,三發地產,5,0,5,兆豐-三重,2023-06-29,7008
1708,東鹼,5,1,4,兆豐-三重,2023-06-29,7008
1612,宏泰,4,0,4,兆豐-三重,2023-06-29,7008
00919,群益台灣精選高息,4,0,4,兆豐-三重,2023-06-29,7008
00632R,元大台灣50反1,4,0,4,兆豐-三重,2023-06-29,7008
2388,威盛,5,1,4,兆豐-三重,2023-06-29,7008
2610,華航,7,3,4,兆豐-三重,2023-06-29,7008
6185,幃翔,4,0,4,兆豐-三重,2023-06-29,7008
00712,復華富時不動產,91,0,91,兆豐-三重,2023-06-30,7008
00687B,國泰20年美債,41,0,41,兆豐-三重,2023-06-30,7008
8277,商丞,40,0,40,兆豐-三重,2023-06-30,7008
0056,元大高股息,38,2,36,兆豐-三重,2023-06-30,7008
00645,富邦日本,30,0,30,兆豐-三重,2023-06-30,7008
2344,華邦電,29,0,29,兆豐-三重,2023-06-30,7008
1605,華新,27,0,27,兆豐-三重,2023-06-30,7008
4979,華星光,37,10,27,兆豐-三重,2023-06-30,7008
2618,長榮航,46,22,24,兆豐-三重,2023-06-30,7008
2885,元大金,22,0,22,兆豐-三重,2023-06-30,7008
00751B,元大AAA至A公司債,18,0,18,兆豐-三重,2023-06-30,7008
1701,中化,16,0,16,兆豐-三重,2023-06-30,7008
9958,世紀鋼,24,8,16,兆豐-三重,2023-06-30,7008
4167,松瑞藥,14,0,14,兆豐-三重,2023-06-30,7008
6116,彩晶,14,0,14,兆豐-三重,2023-06-30,7008
1795,美時,15,3,12,兆豐-三重,2023-06-30,7008
3711,日月光投控,19,7,12,兆豐-三重,2023-06-30,7008
2236,百達-KY,11,0,11,兆豐-三重,2023-06-30,7008
2332,友訊,11,0,11,兆豐-三重,2023-06-30,7008
2450,神腦,11,0,11,兆豐-三重,2023-06-30,7008
5258,虹堡,11,0,11,兆豐-三重,2023-06-30,7008
1533,車王電,19,9,10,兆豐-三重,2023-06-30,7008
1444,力麗,10,0,10,兆豐-三重,2023-06-30,7008
2614,東森,10,0,10,兆豐-三重,2023-06-30,7008
3630,新鉅科,10,0,10,兆豐-三重,2023-06-30,7008
2528,皇普,9,0,9,兆豐-三重,2023-06-30,7008
3481,群創,8,0,8,兆豐-三重,2023-06-30,7008
2362,藍天,7,0,7,兆豐-三重,2023-06-30,7008
2634,漢翔,7,0,7,兆豐-三重,2023-06-30,7008
4121,優盛,10,3,7,兆豐-三重,2023-06-30,7008
4133,亞諾法,6,0,6,兆豐-三重,2023-06-30,7008
4171,瑞基,6,0,6,兆豐-三重,2023-06-30,7008
6770,力積電,6,0,6,兆豐-三重,2023-06-30,7008
00929,復華台灣科技優息,5,0,5,兆豐-三重,2023-06-30,7008
2313,華通,5,0,5,兆豐-三重,2023-06-30,7008
3090,日電貿,5,0,5,兆豐-三重,2023-06-30,7008
3205,佰研,5,0,5,兆豐-三重,2023-06-30,7008
3325,旭品,5,0,5,兆豐-三重,2023-06-30,7008
3518,柏騰,5,0,5,兆豐-三重,2023-06-30,7008
4915,致伸,5,0,5,兆豐-三重,2023-06-30,7008
5439,高技,6,1,5,兆豐-三重,2023-06-30,7008
6153,嘉聯益,5,0,5,兆豐-三重,2023-06-30,7008
6155,鈞寶,5,0,5,兆豐-三重,2023-06-30,7008
8072,陞泰,10,5,5,兆豐-三重,2023-06-30,7008
00919,群益台灣精選高息,4,0,4,兆豐-三重,2023-06-30,7008
1808,潤隆,4,0,4,兆豐-三重,2023-06-30,7008
2230,泰茂,5,1,4,兆豐-三重,2023-06-30,7008
2338,光罩,9,5,4,兆豐-三重,2023-06-30,7008
3260,威剛,4,0,4,兆豐-三重,2023-06-30,7008
4746,台耀,4,0,4,兆豐-三重,2023-06-30,7008
0056,元大高股息,75,9,66,兆豐-三重,2023-07-03,7008
6156,松上,26,1,25,兆豐-三重,2023-07-03,7008
1809,中釉,25,0,25,兆豐-三重,2023-07-03,7008
2614,東森,20,0,20,兆豐-三重,2023-07-03,7008
4111,濟生,20,0,20,兆豐-三重,2023-07-03,7008
4532,瑞智,24,4,20,兆豐-三重,2023-07-03,7008
5465,富驊,20,0,20,兆豐-三重,2023-07-03,7008
8937,合騏,19,0,19,兆豐-三重,2023-07-03,7008
9958,世紀鋼,20,2,18,兆豐-三重,2023-07-03,7008
3231,緯創,33,16,17,兆豐-三重,2023-07-03,7008
1795,美時,19,2,17,兆豐-三重,2023-07-03,7008
1810,和成,31,14,17,兆豐-三重,2023-07-03,7008
2303,聯電,31,14,17,兆豐-三重,2023-07-03,7008
8097,常珵,16,0,16,兆豐-三重,2023-07-03,7008
6282,康舒,104,90,14,兆豐-三重,2023-07-03,7008
00712,復華富時不動產,22,9,13,兆豐-三重,2023-07-03,7008
4915,致伸,16,3,13,兆豐-三重,2023-07-03,7008
1477,聚陽,11,0,11,兆豐-三重,2023-07-03,7008
3027,盛達,11,0,11,兆豐-三重,2023-07-03,7008
8261,富鼎,11,0,11,兆豐-三重,2023-07-03,7008
2382,廣達,14,4,10,兆豐-三重,2023-07-03,7008
2485,兆赫,10,0,10,兆豐-三重,2023-07-03,7008
2610,華航,24,14,10,兆豐-三重,2023-07-03,7008
6220,岳豐,10,0,10,兆豐-三重,2023-07-03,7008
9802,鈺齊-KY,10,0,10,兆豐-三重,2023-07-03,7008
1528,恩德,33,24,9,兆豐-三重,2023-07-03,7008
2402,毅嘉,11,2,9,兆豐-三重,2023-07-03,7008
2613,中櫃,9,0,9,兆豐-三重,2023-07-03,7008
6290,良維,9,0,9,兆豐-三重,2023-07-03,7008
3044,健鼎,8,0,8,兆豐-三重,2023-07-03,7008
5907,大洋-KY,13,5,8,兆豐-三重,2023-07-03,7008
00878,國泰永續高股息,8,0,8,兆豐-三重,2023-07-03,7008
4906,正文,9,2,7,兆豐-三重,2023-07-03,7008
2615,萬海,20,13,7,兆豐-三重,2023-07-03,7008
2887,台新金,7,0,7,兆豐-三重,2023-07-03,7008
00706L,期元大S＆P日圓正2,6,0,6,兆豐-三重,2023-07-03,7008
2883,凱基金,6,0,6,兆豐-三重,2023-07-03,7008
3265,台星科,6,0,6,兆豐-三重,2023-07-03,7008
3711,日月光投控,8,2,6,兆豐-三重,2023-07-03,7008
4121,優盛,6,0,6,兆豐-三重,2023-07-03,7008
2206,三陽工業,22,17,5,兆豐-三重,2023-07-03,7008
1513,中興電,12,7,5,兆豐-三重,2023-07-03,7008
00692,富邦公司治理,5,0,5,兆豐-三重,2023-07-03,7008
1536,和大,5,0,5,兆豐-三重,2023-07-03,7008
1752,南光,5,0,5,兆豐-三重,2023-07-03,7008
1786,科妍,5,0,5,兆豐-三重,2023-07-03,7008
2414,精技,5,0,5,兆豐-三重,2023-07-03,7008
2419,仲琦,7,2,5,兆豐-三重,2023-07-03,7008
3356,奇偶,14,9,5,兆豐-三重,2023-07-03,7008
6190,萬泰科,5,0,5,兆豐-三重,2023-07-03,7008
2609,陽明,231,97,134,兆豐-三重,2023-07-04,7008
2301,光寶科,122,14,108,兆豐-三重,2023-07-04,7008
00712,復華富時不動產,69,1,68,兆豐-三重,2023-07-04,7008
1584,精剛,33,0,33,兆豐-三重,2023-07-04,7008
2105,正新,60,27,33,兆豐-三重,2023-07-04,7008
2376,技嘉,39,7,32,兆豐-三重,2023-07-04,7008
2603,長榮,115,84,31,兆豐-三重,2023-07-04,7008
2330,台積電,31,1,30,兆豐-三重,2023-07-04,7008
3481,群創,33,6,27,兆豐-三重,2023-07-04,7008
1609,大亞,32,7,25,兆豐-三重,2023-07-04,7008
2340,台亞,27,5,22,兆豐-三重,2023-07-04,7008
1417,嘉裕,20,0,20,兆豐-三重,2023-07-04,7008
3346,麗清,17,0,17,兆豐-三重,2023-07-04,7008
6128,上福,17,0,17,兆豐-三重,2023-07-04,7008
2606,裕民,18,2,16,兆豐-三重,2023-07-04,7008
2419,仲琦,23,7,16,兆豐-三重,2023-07-04,7008
00632R,元大台灣50反1,15,0,15,兆豐-三重,2023-07-04,7008
2356,英業達,77,62,15,兆豐-三重,2023-07-04,7008
5508,永信建,15,0,15,兆豐-三重,2023-07-04,7008
2615,萬海,36,22,14,兆豐-三重,2023-07-04,7008
6148,驊宏資,14,0,14,兆豐-三重,2023-07-04,7008
4906,正文,13,0,13,兆豐-三重,2023-07-04,7008
2317,鴻海,83,70,13,兆豐-三重,2023-07-04,7008
2883,凱基金,1097,1085,12,兆豐-三重,2023-07-04,7008
1905,華紙,24,13,11,兆豐-三重,2023-07-04,7008
2329,華泰,12,1,11,兆豐-三重,2023-07-04,7008
2613,中櫃,11,0,11,兆豐-三重,2023-07-04,7008
2027,大成鋼,10,0,10,兆豐-三重,2023-07-04,7008
4938,和碩,10,0,10,兆豐-三重,2023-07-04,7008
5347,世界,10,0,10,兆豐-三重,2023-07-04,7008
6153,嘉聯益,10,0,10,兆豐-三重,2023-07-04,7008
8933,愛地雅,10,0,10,兆豐-三重,2023-07-04,7008
4157,太景*-KY,10,0,10,兆豐-三重,2023-07-04,7008
00878,國泰永續高股息,14,4,10,兆豐-三重,2023-07-04,7008
00706L,期元大S＆P日圓正2,9,0,9,兆豐-三重,2023-07-04,7008
2368,金像電,24,15,9,兆豐-三重,2023-07-04,7008
1504,東元,8,0,8,兆豐-三重,2023-07-04,7008
00882,中信中國高股息,9,1,8,兆豐-三重,2023-07-04,7008
6187,萬潤,8,1,7,兆豐-三重,2023-07-04,7008
6222,上揚,7,0,7,兆豐-三重,2023-07-04,7008
7402,邑錡,15,8,7,兆豐-三重,2023-07-04,7008
00751B,元大AAA至A公司債,8,2,6,兆豐-三重,2023-07-04,7008
2382,廣達,57,51,6,兆豐-三重,2023-07-04,7008
2498,宏達電,18,12,6,兆豐-三重,2023-07-04,7008
4108,懷特,6,0,6,兆豐-三重,2023-07-04,7008
6213,聯茂,6,0,6,兆豐-三重,2023-07-04,7008
1503,士電,6,1,5,兆豐-三重,2023-07-04,7008
1513,中興電,15,10,5,兆豐-三重,2023-07-04,7008
1907,永豐餘,6,1,5,兆豐-三重,2023-07-04,7008
2332,友訊,10,5,5,兆豐-三重,2023-07-04,7008
1417,嘉裕,82,0,82,兆豐-三重,2023-07-05,7008
2317,鴻海,105,25,80,兆豐-三重,2023-07-05,7008
4414,如興,70,0,70,兆豐-三重,2023-07-05,7008
2356,英業達,53,2,51,兆豐-三重,2023-07-05,7008
6806,森崴能源,43,0,43,兆豐-三重,2023-07-05,7008
2102,泰豐,40,0,40,兆豐-三重,2023-07-05,7008
2303,聯電,32,0,32,兆豐-三重,2023-07-05,7008
4102,永日,28,0,28,兆豐-三重,2023-07-05,7008
00640L,富邦日本正2,27,0,27,兆豐-三重,2023-07-05,7008
00712,復華富時不動產,24,0,24,兆豐-三重,2023-07-05,7008
8086,宏捷科,27,3,24,兆豐-三重,2023-07-05,7008
8011,台通,20,0,20,兆豐-三重,2023-07-05,7008
2032,新鋼,19,0,19,兆豐-三重,2023-07-05,7008
2427,三商電,21,2,19,兆豐-三重,2023-07-05,7008
5243,乙盛-KY,18,1,17,兆豐-三重,2023-07-05,7008
3630,新鉅科,15,0,15,兆豐-三重,2023-07-05,7008
1605,華新,18,4,14,兆豐-三重,2023-07-05,7008
1611,中電,13,1,12,兆豐-三重,2023-07-05,7008
1513,中興電,19,8,11,兆豐-三重,2023-07-05,7008
00929,復華台灣科技優息,11,0,11,兆豐-三重,2023-07-05,7008
3037,欣興,12,1,11,兆豐-三重,2023-07-05,7008
3363,上詮,39,28,11,兆豐-三重,2023-07-05,7008
3576,聯合再生,13,2,11,兆豐-三重,2023-07-05,7008
4503,金雨,17,6,11,兆豐-三重,2023-07-05,7008
00632R,元大台灣50反1,10,0,10,兆豐-三重,2023-07-05,7008
00664R,國泰臺灣加權反1,10,0,10,兆豐-三重,2023-07-05,7008
1310,台苯,10,0,10,兆豐-三重,2023-07-05,7008
2208,台船,10,0,10,兆豐-三重,2023-07-05,7008
2344,華邦電,10,0,10,兆豐-三重,2023-07-05,7008
4111,濟生,10,0,10,兆豐-三重,2023-07-05,7008
6591,動力-KY,10,0,10,兆豐-三重,2023-07-05,7008
8072,陞泰,10,0,10,兆豐-三重,2023-07-05,7008
2609,陽明,68,58,10,兆豐-三重,2023-07-05,7008
3231,緯創,40,31,9,兆豐-三重,2023-07-05,7008
8112,至上,10,1,9,兆豐-三重,2023-07-05,7008
3362,先進光,19,10,9,兆豐-三重,2023-07-05,7008
2883,凱基金,7,0,7,兆豐-三重,2023-07-05,7008
2886,兆豐金,7,0,7,兆豐-三重,2023-07-05,7008
1504,東元,8,1,7,兆豐-三重,2023-07-05,7008
00927,群益半導體收益,6,0,6,兆豐-三重,2023-07-05,7008
2498,宏達電,6,0,6,兆豐-三重,2023-07-05,7008
3017,奇鋐,7,1,6,兆豐-三重,2023-07-05,7008
4563,百德,6,0,6,兆豐-三重,2023-07-05,7008
4919,新唐,9,3,6,兆豐-三重,2023-07-05,7008
5309,系統電,6,0,6,兆豐-三重,2023-07-05,7008
6217,中探針,6,0,6,兆豐-三重,2023-07-05,7008
2882,國泰金,5,0,5,兆豐-三重,2023-07-05,7008
3374,精材,10,5,5,兆豐-三重,2023-07-05,7008
1905,華紙,5,0,5,兆豐-三重,2023-07-05,7008
2022,聚亨,5,0,5,兆豐-三重,2023-07-05,7008
4414,如興,180,0,180,兆豐-三重,2023-07-06,7008
2880,華南金,54,0,54,兆豐-三重,2023-07-06,7008
00898,國泰基因免疫革命,50,0,50,兆豐-三重,2023-07-06,7008
2392,正崴,50,0,50,兆豐-三重,2023-07-06,7008
6016,康和證,65,20,45,兆豐-三重,2023-07-06,7008
00687B,國泰20年美債,54,12,42,兆豐-三重,2023-07-06,7008
0056,元大高股息,77,39,38,兆豐-三重,2023-07-06,7008
2883,凱基金,34,0,34,兆豐-三重,2023-07-06,7008
2317,鴻海,653,620,33,兆豐-三重,2023-07-06,7008
1584,精剛,46,17,29,兆豐-三重,2023-07-06,7008
1605,華新,29,0,29,兆豐-三重,2023-07-06,7008
4909,新復興,28,0,28,兆豐-三重,2023-07-06,7008
2356,英業達,46,22,24,兆豐-三重,2023-07-06,7008
4111,濟生,24,0,24,兆豐-三重,2023-07-06,7008
6133,金橋,22,0,22,兆豐-三重,2023-07-06,7008
2329,華泰,21,0,21,兆豐-三重,2023-07-06,7008
8011,台通,20,0,20,兆豐-三重,2023-07-06,7008
00782B,國泰A級公用債,15,0,15,兆豐-三重,2023-07-06,7008
6222,上揚,15,0,15,兆豐-三重,2023-07-06,7008
2609,陽明,23,10,13,兆豐-三重,2023-07-06,7008
00679B,元大美債20年,12,0,12,兆豐-三重,2023-07-06,7008
1101,台泥,12,0,12,兆豐-三重,2023-07-06,7008
2371,大同,30,18,12,兆豐-三重,2023-07-06,7008
6770,力積電,12,0,12,兆豐-三重,2023-07-06,7008
2888,新光金,11,0,11,兆豐-三重,2023-07-06,7008
00929,復華台灣科技優息,11,0,11,兆豐-三重,2023-07-06,7008
1609,大亞,25,14,11,兆豐-三重,2023-07-06,7008
2104,國際中橡,11,0,11,兆豐-三重,2023-07-06,7008
6829,千附精密,11,0,11,兆豐-三重,2023-07-06,7008
8163,達方,11,0,11,兆豐-三重,2023-07-06,7008
5880,合庫金,10,0,10,兆豐-三重,2023-07-06,7008
2882,國泰金,10,0,10,兆豐-三重,2023-07-06,7008
00720B,元大投資級公司債,10,0,10,兆豐-三重,2023-07-06,7008
00636,國泰中國A50,10,0,10,兆豐-三重,2023-07-06,7008
00882,中信中國高股息,20,10,10,兆豐-三重,2023-07-06,7008
00788B,元大10年IG電能債,10,0,10,兆豐-三重,2023-07-06,7008
2482,連宇,11,1,10,兆豐-三重,2023-07-06,7008
2601,益航,10,0,10,兆豐-三重,2023-07-06,7008
3481,群創,16,6,10,兆豐-三重,2023-07-06,7008
3652,精聯,10,0,10,兆豐-三重,2023-07-06,7008
4906,正文,16,6,10,兆豐-三重,2023-07-06,7008
5464,霖宏,10,0,10,兆豐-三重,2023-07-06,7008
6190,萬泰科,10,0,10,兆豐-三重,2023-07-06,7008
6451,訊芯-KY,10,0,10,兆豐-三重,2023-07-06,7008
2886,兆豐金,16,7,9,兆豐-三重,2023-07-06,7008
00885,富邦越南,11,2,9,兆豐-三重,2023-07-06,7008
2352,佳世達,9,0,9,兆豐-三重,2023-07-06,7008
3078,僑威,17,8,9,兆豐-三重,2023-07-06,7008
3596,智易,11,2,9,兆豐-三重,2023-07-06,7008
2887,台新金,12,4,8,兆豐-三重,2023-07-06,7008
6116,彩晶,72,1,71,兆豐-三重,2023-07-07,7008
3481,群創,39,0,39,兆豐-三重,2023-07-07,7008
6179,亞通,39,0,39,兆豐-三重,2023-07-07,7008
2528,皇普,35,0,35,兆豐-三重,2023-07-07,7008
5880,合庫金,31,0,31,兆豐-三重,2023-07-07,7008
00720B,元大投資級公司債,30,0,30,兆豐-三重,2023-07-07,7008
1442,名軒,26,0,26,兆豐-三重,2023-07-07,7008
2888,新光金,24,0,24,兆豐-三重,2023-07-07,7008
4414,如興,20,0,20,兆豐-三重,2023-07-07,7008
3047,訊舟,20,2,18,兆豐-三重,2023-07-07,7008
8064,東捷,18,0,18,兆豐-三重,2023-07-07,7008
8358,金居,16,0,16,兆豐-三重,2023-07-07,7008
2409,友達,19,4,15,兆豐-三重,2023-07-07,7008
6120,達運,20,5,15,兆豐-三重,2023-07-07,7008
2330,台積電,14,0,14,兆豐-三重,2023-07-07,7008
00679B,元大美債20年,13,1,12,兆豐-三重,2023-07-07,7008
4543,萬在,13,1,12,兆豐-三重,2023-07-07,7008
4942,嘉彰,12,0,12,兆豐-三重,2023-07-07,7008
00772B,中信高評級公司債,11,0,11,兆豐-三重,2023-07-07,7008
2882,國泰金,11,0,11,兆豐-三重,2023-07-07,7008
2340,台亞,38,27,11,兆豐-三重,2023-07-07,7008
2344,華邦電,11,0,11,兆豐-三重,2023-07-07,7008
2614,東森,11,0,11,兆豐-三重,2023-07-07,7008
2883,凱基金,11,0,11,兆豐-三重,2023-07-07,7008
5309,系統電,11,0,11,兆豐-三重,2023-07-07,7008
00788B,元大10年IG電能債,10,0,10,兆豐-三重,2023-07-07,7008
00782B,國泰A級公用債,10,0,10,兆豐-三重,2023-07-07,7008
1101,台泥,10,0,10,兆豐-三重,2023-07-07,7008
00751B,元大AAA至A公司債,10,0,10,兆豐-三重,2023-07-07,7008
2002,中鋼,10,0,10,兆豐-三重,2023-07-07,7008
2329,華泰,10,0,10,兆豐-三重,2023-07-07,7008
2601,益航,10,0,10,兆豐-三重,2023-07-07,7008
3617,碩天,12,2,10,兆豐-三重,2023-07-07,7008
4754,國碳科,10,0,10,兆豐-三重,2023-07-07,7008
6220,岳豐,10,0,10,兆豐-三重,2023-07-07,7008
9802,鈺齊-KY,10,0,10,兆豐-三重,2023-07-07,7008
00680L,元大美債20正2,10,1,9,兆豐-三重,2023-07-07,7008
2356,英業達,25,16,9,兆豐-三重,2023-07-07,7008
00687B,國泰20年美債,8,0,8,兆豐-三重,2023-07-07,7008
4102,永日,10,2,8,兆豐-三重,2023-07-07,7008
1218,泰山,7,0,7,兆豐-三重,2023-07-07,7008
3231,緯創,236,229,7,兆豐-三重,2023-07-07,7008
4162,智擎,7,0,7,兆豐-三重,2023-07-07,7008
5388,中磊,8,1,7,兆豐-三重,2023-07-07,7008
6138,茂達,9,2,7,兆豐-三重,2023-07-07,7008
1711,永光,6,0,6,兆豐-三重,2023-07-07,7008
2634,漢翔,16,10,6,兆豐-三重,2023-07-07,7008
4934,太極,8,2,6,兆豐-三重,2023-07-07,7008
6153,嘉聯益,6,0,6,兆豐-三重,2023-07-07,7008
6186,新潤,6,0,6,兆豐-三重,2023-07-07,7008
5880,合庫金,251,0,251,兆豐-三重,2023-07-10,7008
00882,中信中國高股息,80,0,80,兆豐-三重,2023-07-10,7008
6016,康和證,70,0,70,兆豐-三重,2023-07-10,7008
00632R,元大台灣50反1,50,1,49,兆豐-三重,2023-07-10,7008
2883,凱基金,545,500,45,兆豐-三重,2023-07-10,7008
00673R,期元大S＆P原油反1,38,5,33,兆豐-三重,2023-07-10,7008
2610,華航,32,0,32,兆豐-三重,2023-07-10,7008
00687B,國泰20年美債,31,0,31,兆豐-三重,2023-07-10,7008
2330,台積電,29,1,28,兆豐-三重,2023-07-10,7008
00679B,元大美債20年,26,0,26,兆豐-三重,2023-07-10,7008
00680L,元大美債20正2,24,0,24,兆豐-三重,2023-07-10,7008
1708,東鹼,23,0,23,兆豐-三重,2023-07-10,7008
2609,陽明,40,18,22,兆豐-三重,2023-07-10,7008
2498,宏達電,21,0,21,兆豐-三重,2023-07-10,7008
1201,味全,20,0,20,兆豐-三重,2023-07-10,7008
1810,和成,20,0,20,兆豐-三重,2023-07-10,7008
6120,達運,22,5,17,兆豐-三重,2023-07-10,7008
2356,英業達,23,7,16,兆豐-三重,2023-07-10,7008
3028,增你強,16,0,16,兆豐-三重,2023-07-10,7008
2618,長榮航,17,2,15,兆豐-三重,2023-07-10,7008
3532,台勝科,15,0,15,兆豐-三重,2023-07-10,7008
1785,光洋科,13,1,12,兆豐-三重,2023-07-10,7008
3265,台星科,12,0,12,兆豐-三重,2023-07-10,7008
4533,協易機,12,0,12,兆豐-三重,2023-07-10,7008
1584,精剛,35,24,11,兆豐-三重,2023-07-10,7008
2313,華通,11,0,11,兆豐-三重,2023-07-10,7008
00772B,中信高評級公司債,10,0,10,兆豐-三重,2023-07-10,7008
1471,首利,11,1,10,兆豐-三重,2023-07-10,7008
1310,台苯,10,0,10,兆豐-三重,2023-07-10,7008
00751B,元大AAA至A公司債,10,0,10,兆豐-三重,2023-07-10,7008
2388,威盛,11,1,10,兆豐-三重,2023-07-10,7008
3481,群創,18,8,10,兆豐-三重,2023-07-10,7008
3576,聯合再生,10,0,10,兆豐-三重,2023-07-10,7008
3630,新鉅科,10,0,10,兆豐-三重,2023-07-10,7008
5439,高技,14,4,10,兆豐-三重,2023-07-10,7008
6133,金橋,10,0,10,兆豐-三重,2023-07-10,7008
3078,僑威,10,1,9,兆豐-三重,2023-07-10,7008
6231,系微,9,0,9,兆豐-三重,2023-07-10,7008
6770,力積電,9,0,9,兆豐-三重,2023-07-10,7008
2415,錩新,8,0,8,兆豐-三重,2023-07-10,7008
3380,明泰,10,2,8,兆豐-三重,2023-07-10,7008
8050,廣積,10,2,8,兆豐-三重,2023-07-10,7008
2886,兆豐金,7,0,7,兆豐-三重,2023-07-10,7008
1101,台泥,7,0,7,兆豐-三重,2023-07-10,7008
2887,台新金,7,0,7,兆豐-三重,2023-07-10,7008
3706,神達,7,0,7,兆豐-三重,2023-07-10,7008
6203,海韻電,7,0,7,兆豐-三重,2023-07-10,7008
2303,聯電,7,0,7,兆豐-三重,2023-07-10,7008
1305,華夏,6,0,6,兆豐-三重,2023-07-10,7008
2359,所羅門,6,0,6,兆豐-三重,2023-07-10,7008
2618,長榮航,222,4,218,兆豐-三重,2023-07-11,7008
6120,達運,94,14,80,兆豐-三重,2023-07-11,7008
2903,遠百,40,0,40,兆豐-三重,2023-07-11,7008
0056,元大高股息,135,97,38,兆豐-三重,2023-07-11,7008
2308,台達電,31,0,31,兆豐-三重,2023-07-11,7008
1905,華紙,26,0,26,兆豐-三重,2023-07-11,7008
2888,新光金,23,0,23,兆豐-三重,2023-07-11,7008
2323,中環,25,3,22,兆豐-三重,2023-07-11,7008
00632R,元大台灣50反1,20,0,20,兆豐-三重,2023-07-11,7008
00929,復華台灣科技優息,20,0,20,兆豐-三重,2023-07-11,7008
4414,如興,20,0,20,兆豐-三重,2023-07-11,7008
5465,富驊,23,5,18,兆豐-三重,2023-07-11,7008
2312,金寶,22,6,16,兆豐-三重,2023-07-11,7008
8131,福懋科,16,0,16,兆豐-三重,2023-07-11,7008
4934,太極,19,4,15,兆豐-三重,2023-07-11,7008
2365,昆盈,12,0,12,兆豐-三重,2023-07-11,7008
2882,國泰金,18,6,12,兆豐-三重,2023-07-11,7008
2303,聯電,11,0,11,兆豐-三重,2023-07-11,7008
1460,宏遠,10,0,10,兆豐-三重,2023-07-11,7008
1522,堤維西,10,0,10,兆豐-三重,2023-07-11,7008
2404,漢唐,10,0,10,兆豐-三重,2023-07-11,7008
6187,萬潤,13,3,10,兆豐-三重,2023-07-11,7008
6829,千附精密,10,0,10,兆豐-三重,2023-07-11,7008
8284,三竹,10,0,10,兆豐-三重,2023-07-11,7008
2457,飛宏,14,5,9,兆豐-三重,2023-07-11,7008
1514,亞力,15,6,9,兆豐-三重,2023-07-11,7008
2067,嘉鋼,8,0,8,兆豐-三重,2023-07-11,7008
2387,精元,8,0,8,兆豐-三重,2023-07-11,7008
2421,建準,8,0,8,兆豐-三重,2023-07-11,7008
3025,星通,19,11,8,兆豐-三重,2023-07-11,7008
5907,大洋-KY,8,0,8,兆豐-三重,2023-07-11,7008
6182,合晶,10,2,8,兆豐-三重,2023-07-11,7008
2609,陽明,8,1,7,兆豐-三重,2023-07-11,7008
3260,威剛,8,1,7,兆豐-三重,2023-07-11,7008
2371,大同,13,6,7,兆豐-三重,2023-07-11,7008
6605,帝寶,7,0,7,兆豐-三重,2023-07-11,7008
2014,中鴻,6,0,6,兆豐-三重,2023-07-11,7008
3479,安勤,6,0,6,兆豐-三重,2023-07-11,7008
6111,大宇資,7,1,6,兆豐-三重,2023-07-11,7008
1101,台泥,5,0,5,兆豐-三重,2023-07-11,7008
2408,南亞科,6,1,5,兆豐-三重,2023-07-11,7008
1504,東元,6,1,5,兆豐-三重,2023-07-11,7008
00712,復華富時不動產,12,7,5,兆豐-三重,2023-07-11,7008
00687B,國泰20年美債,5,0,5,兆豐-三重,2023-07-11,7008
1789,神隆,5,0,5,兆豐-三重,2023-07-11,7008
2482,連宇,10,5,5,兆豐-三重,2023-07-11,7008
3617,碩天,7,2,5,兆豐-三重,2023-07-11,7008
3630,新鉅科,5,0,5,兆豐-三重,2023-07-11,7008
4155,訊映,5,0,5,兆豐-三重,2023-07-11,7008
4526,東台,5,0,5,兆豐-三重,2023-07-11,7008
4414,如興,100,0,100,兆豐-三重,2023-07-12,7008
00673R,期元大S＆P原油反1,99,0,99,兆豐-三重,2023-07-12,7008
0056,元大高股息,132,48,84,兆豐-三重,2023-07-12,7008
2344,華邦電,136,55,81,兆豐-三重,2023-07-12,7008
3234,光環,50,0,50,兆豐-三重,2023-07-12,7008
6026,福邦證,50,0,50,兆豐-三重,2023-07-12,7008
1584,精剛,38,8,30,兆豐-三重,2023-07-12,7008
2609,陽明,36,6,30,兆豐-三重,2023-07-12,7008
2014,中鴻,26,0,26,兆豐-三重,2023-07-12,7008
6116,彩晶,28,2,26,兆豐-三重,2023-07-12,7008
2303,聯電,42,20,22,兆豐-三重,2023-07-12,7008
3231,緯創,58,36,22,兆豐-三重,2023-07-12,7008
2204,中華,18,0,18,兆豐-三重,2023-07-12,7008
2323,中環,17,0,17,兆豐-三重,2023-07-12,7008
6770,力積電,18,1,17,兆豐-三重,2023-07-12,7008
2353,宏��,15,0,15,兆豐-三重,2023-07-12,7008
3710,連展投控,15,0,15,兆豐-三重,2023-07-12,7008
2404,漢唐,14,0,14,兆豐-三重,2023-07-12,7008
6829,千附精密,16,3,13,兆豐-三重,2023-07-12,7008
2301,光寶科,30,18,12,兆豐-三重,2023-07-12,7008
2331,精英,12,0,12,兆豐-三重,2023-07-12,7008
4942,嘉彰,12,0,12,兆豐-三重,2023-07-12,7008
5425,台半,17,5,12,兆豐-三重,2023-07-12,7008
00772B,中信高評級公司債,10,0,10,兆豐-三重,2023-07-12,7008
1310,台苯,10,0,10,兆豐-三重,2023-07-12,7008
00632R,元大台灣50反1,10,0,10,兆豐-三重,2023-07-12,7008
00927,群益半導體收益,10,0,10,兆豐-三重,2023-07-12,7008
2405,輔信,10,0,10,兆豐-三重,2023-07-12,7008
2442,新美齊,10,0,10,兆豐-三重,2023-07-12,7008
2882,國泰金,10,0,10,兆豐-三重,2023-07-12,7008
3630,新鉅科,15,5,10,兆豐-三重,2023-07-12,7008
3189,景碩,9,0,9,兆豐-三重,2023-07-12,7008
2020,美亞,11,2,9,兆豐-三重,2023-07-12,7008
00905,FT臺灣Smart,8,0,8,兆豐-三重,2023-07-12,7008
2356,英業達,60,52,8,兆豐-三重,2023-07-12,7008
2498,宏達電,142,134,8,兆豐-三重,2023-07-12,7008
2610,華航,55,47,8,兆豐-三重,2023-07-12,7008
3017,奇鋐,17,9,8,兆豐-三重,2023-07-12,7008
2206,三陽工業,7,0,7,兆豐-三重,2023-07-12,7008
2402,毅嘉,9,2,7,兆豐-三重,2023-07-12,7008
2739,寒舍,7,0,7,兆豐-三重,2023-07-12,7008
4968,立積,9,2,7,兆豐-三重,2023-07-12,7008
1560,中砂,6,0,6,兆豐-三重,2023-07-12,7008
00919,群益台灣精選高息,6,0,6,兆豐-三重,2023-07-12,7008
1709,和益,6,0,6,兆豐-三重,2023-07-12,7008
2486,一詮,14,8,6,兆豐-三重,2023-07-12,7008
6274,台燿,9,3,6,兆豐-三重,2023-07-12,7008
6509,聚和,6,0,6,兆豐-三重,2023-07-12,7008
5258,虹堡,10,5,5,兆豐-三重,2023-07-12,7008
00916,國泰全球品牌50,5,0,5,兆豐-三重,2023-07-12,7008
6026,福邦證,200,0,200,兆豐-三重,2023-07-13,7008
00673R,期元大S＆P原油反1,99,0,99,兆豐-三重,2023-07-13,7008
1584,精剛,192,97,95,兆豐-三重,2023-07-13,7008
4414,如興,90,0,90,兆豐-三重,2023-07-13,7008
00632R,元大台灣50反1,75,0,75,兆豐-三重,2023-07-13,7008
00712,復華富時不動產,55,0,55,兆豐-三重,2023-07-13,7008
9958,世紀鋼,78,27,51,兆豐-三重,2023-07-13,7008
2609,陽明,77,35,42,兆豐-三重,2023-07-13,7008
2610,華航,94,54,40,兆豐-三重,2023-07-13,7008
00930,永豐ESG低碳高息,38,0,38,兆豐-三重,2023-07-13,7008
2399,映泰,32,0,32,兆豐-三重,2023-07-13,7008
3313,斐成,30,0,30,兆豐-三重,2023-07-13,7008
1609,大亞,33,6,27,兆豐-三重,2023-07-13,7008
1513,中興電,29,4,25,兆豐-三重,2023-07-13,7008
00919,群益台灣精選高息,23,0,23,兆豐-三重,2023-07-13,7008
4543,萬在,22,0,22,兆豐-三重,2023-07-13,7008
2615,萬海,28,9,19,兆豐-三重,2023-07-13,7008
3715,定穎投控,20,2,18,兆豐-三重,2023-07-13,7008
3231,緯創,51,33,18,兆豐-三重,2023-07-13,7008
2312,金寶,22,5,17,兆豐-三重,2023-07-13,7008
6770,力積電,16,1,15,兆豐-三重,2023-07-13,7008
2201,裕隆,27,12,15,兆豐-三重,2023-07-13,7008
2408,南亞科,15,0,15,兆豐-三重,2023-07-13,7008
3308,聯德,15,0,15,兆豐-三重,2023-07-13,7008
5483,中美晶,16,2,14,兆豐-三重,2023-07-13,7008
5864,致和證,14,0,14,兆豐-三重,2023-07-13,7008
2352,佳世達,18,6,12,兆豐-三重,2023-07-13,7008
6829,千附精密,25,13,12,兆豐-三重,2023-07-13,7008
2367,燿華,13,2,11,兆豐-三重,2023-07-13,7008
00725B,國泰投資級公司債,10,0,10,兆豐-三重,2023-07-13,7008
1540,喬福,10,0,10,兆豐-三重,2023-07-13,7008
2634,漢翔,11,1,10,兆豐-三重,2023-07-13,7008
3518,柏騰,10,0,10,兆豐-三重,2023-07-13,7008
2498,宏達電,35,26,9,兆豐-三重,2023-07-13,7008
5371,中光電,16,7,9,兆豐-三重,2023-07-13,7008
1417,嘉裕,8,0,8,兆豐-三重,2023-07-13,7008
1503,士電,13,6,7,兆豐-三重,2023-07-13,7008
1504,東元,10,3,7,兆豐-三重,2023-07-13,7008
2301,光寶科,112,105,7,兆豐-三重,2023-07-13,7008
4934,太極,12,5,7,兆豐-三重,2023-07-13,7008
2382,廣達,31,24,7,兆豐-三重,2023-07-13,7008
2834,臺企銀,6,0,6,兆豐-三重,2023-07-13,7008
4533,協易機,6,0,6,兆豐-三重,2023-07-13,7008
6150,撼訊,7,1,6,兆豐-三重,2023-07-13,7008
6282,康舒,16,10,6,兆豐-三重,2023-07-13,7008
6547,高端疫苗,6,0,6,兆豐-三重,2023-07-13,7008
6592,和潤企業,6,0,6,兆豐-三重,2023-07-13,7008
2603,長榮,30,25,5,兆豐-三重,2023-07-13,7008
2324,仁寶,50,45,5,兆豐-三重,2023-07-13,7008
2812,台中銀,5,0,5,兆豐-三重,2023-07-13,7008
2618,長榮航,188,84,104,兆豐-三重,2023-07-14,7008
0056,元大高股息,118,21,97,兆豐-三重,2023-07-14,7008
00772B,中信高評級公司債,56,0,56,兆豐-三重,2023-07-14,7008
00632R,元大台灣50反1,50,0,50,兆豐-三重,2023-07-14,7008
2201,裕隆,35,1,34,兆豐-三重,2023-07-14,7008
1477,聚陽,30,1,29,兆豐-三重,2023-07-14,7008
1453,大將,28,0,28,兆豐-三重,2023-07-14,7008
2324,仁寶,34,7,27,兆豐-三重,2023-07-14,7008
2236,百達-KY,26,0,26,兆豐-三重,2023-07-14,7008
2609,陽明,25,5,20,兆豐-三重,2023-07-14,7008
3576,聯合再生,20,0,20,兆豐-三重,2023-07-14,7008
3060,銘異,20,2,18,兆豐-三重,2023-07-14,7008
2371,大同,29,12,17,兆豐-三重,2023-07-14,7008
3363,上詮,40,24,16,兆豐-三重,2023-07-14,7008
00882,中信中國高股息,15,0,15,兆豐-三重,2023-07-14,7008
4533,協易機,20,6,14,兆豐-三重,2023-07-14,7008
6191,精成科,12,0,12,兆豐-三重,2023-07-14,7008
6234,高僑,12,0,12,兆豐-三重,2023-07-14,7008
2382,廣達,32,21,11,兆豐-三重,2023-07-14,7008
1611,中電,10,0,10,兆豐-三重,2023-07-14,7008
1810,和成,20,10,10,兆豐-三重,2023-07-14,7008
3033,威健,11,1,10,兆豐-三重,2023-07-14,7008
3052,夆典,10,0,10,兆豐-三重,2023-07-14,7008
3441,聯一光,10,0,10,兆豐-三重,2023-07-14,7008
6486,互動,10,0,10,兆豐-三重,2023-07-14,7008
1471,首利,9,0,9,兆豐-三重,2023-07-14,7008
00673R,期元大S＆P原油反1,9,0,9,兆豐-三重,2023-07-14,7008
1609,大亞,31,22,9,兆豐-三重,2023-07-14,7008
2367,燿華,10,2,8,兆豐-三重,2023-07-14,7008
2421,建準,13,5,8,兆豐-三重,2023-07-14,7008
6118,建達,10,2,8,兆豐-三重,2023-07-14,7008
4128,中天,7,0,7,兆豐-三重,2023-07-14,7008
6111,大宇資,12,5,7,兆豐-三重,2023-07-14,7008
8358,金居,9,2,7,兆豐-三重,2023-07-14,7008
2342,茂矽,7,1,6,兆豐-三重,2023-07-14,7008
2344,華邦電,6,0,6,兆豐-三重,2023-07-14,7008
2457,飛宏,8,2,6,兆豐-三重,2023-07-14,7008
3032,偉訓,7,1,6,兆豐-三重,2023-07-14,7008
4129,聯合,6,0,6,兆豐-三重,2023-07-14,7008
8110,華東,6,0,6,兆豐-三重,2023-07-14,7008
8028,昇陽半導體,8,3,5,兆豐-三重,2023-07-14,7008
00725B,國泰投資級公司債,5,0,5,兆豐-三重,2023-07-14,7008
00720B,元大投資級公司債,5,0,5,兆豐-三重,2023-07-14,7008
00782B,國泰A級公用債,5,0,5,兆豐-三重,2023-07-14,7008
1536,和大,5,0,5,兆豐-三重,2023-07-14,7008
2105,正新,5,0,5,兆豐-三重,2023-07-14,7008
2302,麗正,5,0,5,兆豐-三重,2023-07-14,7008
2313,華通,6,1,5,兆豐-三重,2023-07-14,7008
2401,凌陽,5,0,5,兆豐-三重,2023-07-14,7008
2471,資通,5,0,5,兆豐-三重,2023-07-14,7008
2409,友達,100,1,99,兆豐-三重,2023-07-17,7008
00929,復華台灣科技優息,61,0,61,兆豐-三重,2023-07-17,7008
6664,群翊,35,0,35,兆豐-三重,2023-07-17,7008
00673R,期元大S＆P原油反1,41,9,32,兆豐-三重,2023-07-17,7008
8110,華東,39,10,29,兆豐-三重,2023-07-17,7008
2371,大同,46,20,26,兆豐-三重,2023-07-17,7008
6235,華孚,24,0,24,兆豐-三重,2023-07-17,7008
4414,如興,22,0,22,兆豐-三重,2023-07-17,7008
2834,臺企銀,20,3,17,兆豐-三重,2023-07-17,7008
2301,光寶科,44,28,16,兆豐-三重,2023-07-17,7008
3305,昇貿,19,3,16,兆豐-三重,2023-07-17,7008
2356,英業達,30,15,15,兆豐-三重,2023-07-17,7008
3617,碩天,15,0,15,兆豐-三重,2023-07-17,7008
2313,華通,20,6,14,兆豐-三重,2023-07-17,7008
8091,翔名,15,1,14,兆豐-三重,2023-07-17,7008
2457,飛宏,43,30,13,兆豐-三重,2023-07-17,7008
1785,光洋科,12,0,12,兆豐-三重,2023-07-17,7008
3163,波若威,18,6,12,兆豐-三重,2023-07-17,7008
6111,大宇資,32,20,12,兆豐-三重,2023-07-17,7008
3025,星通,14,3,11,兆豐-三重,2023-07-17,7008
3027,盛達,11,0,11,兆豐-三重,2023-07-17,7008
8215,明基材,13,2,11,兆豐-三重,2023-07-17,7008
1434,福懋,10,0,10,兆豐-三重,2023-07-17,7008
2880,華南金,10,0,10,兆豐-三重,2023-07-17,7008
3323,加百裕,10,0,10,兆豐-三重,2023-07-17,7008
3508,位速,10,0,10,兆豐-三重,2023-07-17,7008
3715,定穎投控,10,0,10,兆豐-三重,2023-07-17,7008
5328,華容,10,0,10,兆豐-三重,2023-07-17,7008
6185,幃翔,10,0,10,兆豐-三重,2023-07-17,7008
8096,擎亞,10,0,10,兆豐-三重,2023-07-17,7008
8112,至上,10,0,10,兆豐-三重,2023-07-17,7008
3013,晟銘電,9,0,9,兆豐-三重,2023-07-17,7008
2353,宏��,56,47,9,兆豐-三重,2023-07-17,7008
00712,復華富時不動產,8,0,8,兆豐-三重,2023-07-17,7008
6182,合晶,8,0,8,兆豐-三重,2023-07-17,7008
2324,仁寶,55,48,7,兆豐-三重,2023-07-17,7008
6550,北極星藥業-KY,8,1,7,兆豐-三重,2023-07-17,7008
1503,士電,8,1,7,兆豐-三重,2023-07-17,7008
3037,欣興,20,13,7,兆豐-三重,2023-07-17,7008
8444,綠河-KY,7,0,7,兆豐-三重,2023-07-17,7008
8936,國統,15,8,7,兆豐-三重,2023-07-17,7008
2454,聯發科,7,0,7,兆豐-三重,2023-07-17,7008
3481,群創,10,4,6,兆豐-三重,2023-07-17,7008
6446,藥華藥,6,0,6,兆豐-三重,2023-07-17,7008
2812,台中銀,6,0,6,兆豐-三重,2023-07-17,7008
3032,偉訓,6,0,6,兆豐-三重,2023-07-17,7008
4532,瑞智,6,0,6,兆豐-三重,2023-07-17,7008
5009,榮剛,6,0,6,兆豐-三重,2023-07-17,7008
5388,中磊,7,1,6,兆豐-三重,2023-07-17,7008
00882,中信中國高股息,6,0,6,兆豐-三重,2023-07-17,7008
2884,玉山金,100,1,99,兆豐-三重,2023-07-18,7008
3706,神達,319,236,83,兆豐-三重,2023-07-18,7008
1605,華新,54,1,53,兆豐-三重,2023-07-18,7008
1905,華紙,47,0,47,兆豐-三重,2023-07-18,7008
9105,泰金寶-DR,50,4,46,兆豐-三重,2023-07-18,7008
2312,金寶,53,20,33,兆豐-三重,2023-07-18,7008
3078,僑威,44,12,32,兆豐-三重,2023-07-18,7008
3051,力特,26,0,26,兆豐-三重,2023-07-18,7008
6282,康舒,135,110,25,兆豐-三重,2023-07-18,7008
8936,國統,29,4,25,兆豐-三重,2023-07-18,7008
2208,台船,21,0,21,兆豐-三重,2023-07-18,7008
6190,萬泰科,21,0,21,兆豐-三重,2023-07-18,7008
00929,復華台灣科技優息,26,6,20,兆豐-三重,2023-07-18,7008
00680L,元大美債20正2,20,0,20,兆豐-三重,2023-07-18,7008
2888,新光金,20,0,20,兆豐-三重,2023-07-18,7008
5410,國眾,20,0,20,兆豐-三重,2023-07-18,7008
4414,如興,18,0,18,兆豐-三重,2023-07-18,7008
2812,台中銀,16,0,16,兆豐-三重,2023-07-18,7008
2236,百達-KY,14,0,14,兆豐-三重,2023-07-18,7008
4714,永捷,14,0,14,兆豐-三重,2023-07-18,7008
6488,環球晶,14,0,14,兆豐-三重,2023-07-18,7008
00720B,元大投資級公司債,12,0,12,兆豐-三重,2023-07-18,7008
2352,佳世達,22,11,11,兆豐-三重,2023-07-18,7008
1504,東元,34,23,11,兆豐-三重,2023-07-18,7008
1514,亞力,16,5,11,兆豐-三重,2023-07-18,7008
00692,富邦公司治理,10,0,10,兆豐-三重,2023-07-18,7008
2302,麗正,10,0,10,兆豐-三重,2023-07-18,7008
2354,鴻準,10,0,10,兆豐-三重,2023-07-18,7008
2607,榮運,10,0,10,兆豐-三重,2023-07-18,7008
2637,慧洋-KY,10,0,10,兆豐-三重,2023-07-18,7008
3149,正達,10,0,10,兆豐-三重,2023-07-18,7008
4114,健喬,10,0,10,兆豐-三重,2023-07-18,7008
6285,啟��,12,2,10,兆豐-三重,2023-07-18,7008
3380,明泰,10,1,9,兆豐-三重,2023-07-18,7008
5425,台半,14,5,9,兆豐-三重,2023-07-18,7008
6187,萬潤,14,5,9,兆豐-三重,2023-07-18,7008
00764B,群益25年美債,8,0,8,兆豐-三重,2023-07-18,7008
1609,大亞,36,28,8,兆豐-三重,2023-07-18,7008
1784,訊聯,9,1,8,兆豐-三重,2023-07-18,7008
2211,長榮鋼,8,0,8,兆豐-三重,2023-07-18,7008
2340,台亞,19,11,8,兆豐-三重,2023-07-18,7008
2401,凌陽,15,7,8,兆豐-三重,2023-07-18,7008
4533,協易機,22,14,8,兆豐-三重,2023-07-18,7008
00882,中信中國高股息,7,0,7,兆豐-三重,2023-07-18,7008
2482,連宇,10,3,7,兆豐-三重,2023-07-18,7008
3057,喬鼎,7,0,7,兆豐-三重,2023-07-18,7008
3205,佰研,7,0,7,兆豐-三重,2023-07-18,7008
3617,碩天,7,0,7,兆豐-三重,2023-07-18,7008
6188,廣明,83,76,7,兆豐-三重,2023-07-18,7008
2609,陽明,30,23,7,兆豐-三重,2023-07-18,7008
00712,復華富時不動產,150,0,150,兆豐-三重,2023-07-19,7008
2884,玉山金,150,2,148,兆豐-三重,2023-07-19,7008
2618,長榮航,153,63,90,兆豐-三重,2023-07-19,7008
2317,鴻海,101,35,66,兆豐-三重,2023-07-19,7008
2603,長榮,56,0,56,兆豐-三重,2023-07-19,7008
3363,上詮,67,15,52,兆豐-三重,2023-07-19,7008
2610,華航,61,13,48,兆豐-三重,2023-07-19,7008
2498,宏達電,50,5,45,兆豐-三重,2023-07-19,7008
00929,復華台灣科技優息,46,6,40,兆豐-三重,2023-07-19,7008
3706,神達,206,170,36,兆豐-三重,2023-07-19,7008
9958,世紀鋼,35,0,35,兆豐-三重,2023-07-19,7008
2353,宏��,252,218,34,兆豐-三重,2023-07-19,7008
1514,亞力,40,7,33,兆豐-三重,2023-07-19,7008
2329,華泰,40,19,21,兆豐-三重,2023-07-19,7008
2312,金寶,34,13,21,兆豐-三重,2023-07-19,7008
3060,銘異,18,0,18,兆豐-三重,2023-07-19,7008
3710,連展投控,20,2,18,兆豐-三重,2023-07-19,7008
2303,聯電,15,0,15,兆豐-三重,2023-07-19,7008
2313,華通,31,17,14,兆豐-三重,2023-07-19,7008
8927,北基,52,38,14,兆豐-三重,2023-07-19,7008
3026,禾伸堂,13,1,12,兆豐-三重,2023-07-19,7008
3596,智易,12,0,12,兆豐-三重,2023-07-19,7008
2482,連宇,12,1,11,兆豐-三重,2023-07-19,7008
1310,台苯,10,0,10,兆豐-三重,2023-07-19,7008
1455,集盛,10,0,10,兆豐-三重,2023-07-19,7008
00919,群益台灣精選高息,10,0,10,兆豐-三重,2023-07-19,7008
1736,喬山,10,0,10,兆豐-三重,2023-07-19,7008
4414,如興,10,0,10,兆豐-三重,2023-07-19,7008
9105,泰金寶-DR,10,0,10,兆豐-三重,2023-07-19,7008
1102,亞泥,10,1,9,兆豐-三重,2023-07-19,7008
6218,豪勉,11,2,9,兆豐-三重,2023-07-19,7008
2882,國泰金,8,0,8,兆豐-三重,2023-07-19,7008
2368,金像電,28,20,8,兆豐-三重,2023-07-19,7008
2892,第一金,8,0,8,兆豐-三重,2023-07-19,7008
6282,康舒,21,13,8,兆豐-三重,2023-07-19,7008
8928,鉅明,8,0,8,兆豐-三重,2023-07-19,7008
2634,漢翔,7,0,7,兆豐-三重,2023-07-19,7008
6235,華孚,45,38,7,兆豐-三重,2023-07-19,7008
2301,光寶科,19,12,7,兆豐-三重,2023-07-19,7008
2316,楠梓電,8,1,7,兆豐-三重,2023-07-19,7008
2323,中環,14,7,7,兆豐-三重,2023-07-19,7008
3189,景碩,11,4,7,兆豐-三重,2023-07-19,7008
4106,雃博,7,0,7,兆豐-三重,2023-07-19,7008
5258,虹堡,19,12,7,兆豐-三重,2023-07-19,7008
6470,宇智,12,5,7,兆豐-三重,2023-07-19,7008
2402,毅嘉,6,0,6,兆豐-三重,2023-07-19,7008
3234,光環,6,0,6,兆豐-三重,2023-07-19,7008
00930,永豐ESG低碳高息,5,0,5,兆豐-三重,2023-07-19,7008
1477,聚陽,5,0,5,兆豐-三重,2023-07-19,7008
1471,首利,5,0,5,兆豐-三重,2023-07-19,7008
2303,聯電,65,6,59,兆豐-三重,2023-07-20,7008
00712,復華富時不動產,50,0,50,兆豐-三重,2023-07-20,7008
6237,驊訊,39,0,39,兆豐-三重,2023-07-20,7008
3481,群創,99,65,34,兆豐-三重,2023-07-20,7008
00929,復華台灣科技優息,23,1,22,兆豐-三重,2023-07-20,7008
2358,廷鑫,20,0,20,兆豐-三重,2023-07-20,7008
3055,蔚華科,64,44,20,兆豐-三重,2023-07-20,7008
8110,華東,20,0,20,兆豐-三重,2023-07-20,7008
6446,藥華藥,20,7,13,兆豐-三重,2023-07-20,7008
2104,國際中橡,11,0,11,兆豐-三重,2023-07-20,7008
00692,富邦公司治理,10,0,10,兆豐-三重,2023-07-20,7008
1101,台泥,10,0,10,兆豐-三重,2023-07-20,7008
2340,台亞,10,0,10,兆豐-三重,2023-07-20,7008
2383,台光電,11,1,10,兆豐-三重,2023-07-20,7008
2405,輔信,10,0,10,兆豐-三重,2023-07-20,7008
3710,連展投控,15,5,10,兆豐-三重,2023-07-20,7008
5258,虹堡,11,1,10,兆豐-三重,2023-07-20,7008
1210,大成,8,0,8,兆豐-三重,2023-07-20,7008
3617,碩天,8,0,8,兆豐-三重,2023-07-20,7008
4171,瑞基,8,0,8,兆豐-三重,2023-07-20,7008
3289,宜特,68,61,7,兆豐-三重,2023-07-20,7008
3293,鈊象,7,0,7,兆豐-三重,2023-07-20,7008
4153,鈺緯,9,2,7,兆豐-三重,2023-07-20,7008
8033,雷虎,7,0,7,兆豐-三重,2023-07-20,7008
0056,元大高股息,46,40,6,兆豐-三重,2023-07-20,7008
1907,永豐餘,6,0,6,兆豐-三重,2023-07-20,7008
2352,佳世達,16,10,6,兆豐-三重,2023-07-20,7008
3205,佰研,6,0,6,兆豐-三重,2023-07-20,7008
3231,緯創,13,7,6,兆豐-三重,2023-07-20,7008
6128,上福,7,1,6,兆豐-三重,2023-07-20,7008
6222,上揚,6,0,6,兆豐-三重,2023-07-20,7008
00905,FT臺灣Smart,5,0,5,兆豐-三重,2023-07-20,7008
00764B,群益25年美債,5,0,5,兆豐-三重,2023-07-20,7008
1301,台塑,5,0,5,兆豐-三重,2023-07-20,7008
1611,中電,5,0,5,兆豐-三重,2023-07-20,7008
1529,樂事綠能,7,2,5,兆豐-三重,2023-07-20,7008
1815,富喬,5,0,5,兆豐-三重,2023-07-20,7008
2002,中鋼,5,0,5,兆豐-三重,2023-07-20,7008
2736,富野,6,1,5,兆豐-三重,2023-07-20,7008
3043,科風,5,0,5,兆豐-三重,2023-07-20,7008
3202,樺晟,5,0,5,兆豐-三重,2023-07-20,7008
3207,耀勝,5,0,5,兆豐-三重,2023-07-20,7008
3666,光耀,5,0,5,兆豐-三重,2023-07-20,7008
4414,如興,5,0,5,兆豐-三重,2023-07-20,7008
6120,達運,6,1,5,兆豐-三重,2023-07-20,7008
6535,順藥,5,0,5,兆豐-三重,2023-07-20,7008
6670,復盛應用,5,0,5,兆豐-三重,2023-07-20,7008
2330,台積電,5,0,5,兆豐-三重,2023-07-20,7008
2882,國泰金,8,4,4,兆豐-三重,2023-07-20,7008
1560,中砂,5,1,4,兆豐-三重,2023-07-20,7008
0056,元大高股息,108,3,105,兆豐-三重,2023-07-21,7008
1584,精剛,80,22,58,兆豐-三重,2023-07-21,7008
1727,中華化,59,1,58,兆豐-三重,2023-07-21,7008
2329,華泰,57,15,42,兆豐-三重,2023-07-21,7008
2105,正新,40,0,40,兆豐-三重,2023-07-21,7008
00929,復華台灣科技優息,31,0,31,兆豐-三重,2023-07-21,7008
3037,欣興,46,17,29,兆豐-三重,2023-07-21,7008
1417,嘉裕,24,0,24,兆豐-三重,2023-07-21,7008
2618,長榮航,54,31,23,兆豐-三重,2023-07-21,7008
4116,明基醫,23,0,23,兆豐-三重,2023-07-21,7008
2607,榮運,21,0,21,兆豐-三重,2023-07-21,7008
4111,濟生,20,0,20,兆豐-三重,2023-07-21,7008
6016,康和證,19,0,19,兆豐-三重,2023-07-21,7008
2303,聯電,23,5,18,兆豐-三重,2023-07-21,7008
4979,華星光,16,0,16,兆豐-三重,2023-07-21,7008
00712,復華富時不動產,15,0,15,兆豐-三重,2023-07-21,7008
5907,大洋-KY,14,0,14,兆豐-三重,2023-07-21,7008
1605,華新,14,1,13,兆豐-三重,2023-07-21,7008
2330,台積電,14,1,13,兆豐-三重,2023-07-21,7008
3583,辛耘,23,10,13,兆豐-三重,2023-07-21,7008
3704,合勤控,15,2,13,兆豐-三重,2023-07-21,7008
9958,世紀鋼,14,1,13,兆豐-三重,2023-07-21,7008
1513,中興電,28,16,12,兆豐-三重,2023-07-21,7008
1905,華紙,12,0,12,兆豐-三重,2023-07-21,7008
3013,晟銘電,21,9,12,兆豐-三重,2023-07-21,7008
2405,輔信,14,2,12,兆豐-三重,2023-07-21,7008
2324,仁寶,15,4,11,兆豐-三重,2023-07-21,7008
4129,聯合,11,0,11,兆豐-三重,2023-07-21,7008
5478,智冠,11,0,11,兆豐-三重,2023-07-21,7008
3710,連展投控,10,0,10,兆豐-三重,2023-07-21,7008
4414,如興,10,0,10,兆豐-三重,2023-07-21,7008
8110,華東,10,0,10,兆豐-三重,2023-07-21,7008
2615,萬海,9,0,9,兆豐-三重,2023-07-21,7008
2634,漢翔,11,2,9,兆豐-三重,2023-07-21,7008
3264,欣銓,9,0,9,兆豐-三重,2023-07-21,7008
8033,雷虎,12,3,9,兆豐-三重,2023-07-21,7008
00882,中信中國高股息,8,0,8,兆豐-三重,2023-07-21,7008
2344,華邦電,9,1,8,兆豐-三重,2023-07-21,7008
2610,華航,12,4,8,兆豐-三重,2023-07-21,7008
6508,惠光,8,0,8,兆豐-三重,2023-07-21,7008
2355,敬鵬,7,0,7,兆豐-三重,2023-07-21,7008
2734,易飛網,7,0,7,兆豐-三重,2023-07-21,7008
5464,霖宏,7,0,7,兆豐-三重,2023-07-21,7008
6282,康舒,11,4,7,兆豐-三重,2023-07-21,7008
00692,富邦公司治理,6,0,6,兆豐-三重,2023-07-21,7008
00764B,群益25年美債,6,0,6,兆豐-三重,2023-07-21,7008
1789,神隆,6,0,6,兆豐-三重,2023-07-21,7008
2031,新光鋼,6,0,6,兆豐-三重,2023-07-21,7008
2206,三陽工業,7,1,6,兆豐-三重,2023-07-21,7008
2340,台亞,6,0,6,兆豐-三重,2023-07-21,7008
2498,宏達電,64,12,52,兆豐-三重,2023-07-24,7008
3481,群創,53,2,51,兆豐-三重,2023-07-24,7008
3055,蔚華科,47,0,47,兆豐-三重,2023-07-24,7008
1609,大亞,61,24,37,兆豐-三重,2023-07-24,7008
2331,精英,36,1,35,兆豐-三重,2023-07-24,7008
0056,元大高股息,236,201,35,兆豐-三重,2023-07-24,7008
1591,駿吉-KY,30,0,30,兆豐-三重,2023-07-24,7008
2399,映泰,30,0,30,兆豐-三重,2023-07-24,7008
4414,如興,30,0,30,兆豐-三重,2023-07-24,7008
1532,勤美,20,0,20,兆豐-三重,2023-07-24,7008
1442,名軒,20,0,20,兆豐-三重,2023-07-24,7008
3035,智原,28,8,20,兆豐-三重,2023-07-24,7008
5864,致和證,34,16,18,兆豐-三重,2023-07-24,7008
3305,昇貿,26,9,17,兆豐-三重,2023-07-24,7008
2236,百達-KY,16,0,16,兆豐-三重,2023-07-24,7008
2356,英業達,28,13,15,兆豐-三重,2023-07-24,7008
2382,廣達,36,23,13,兆豐-三重,2023-07-24,7008
3221,台嘉碩,13,0,13,兆豐-三重,2023-07-24,7008
2303,聯電,23,11,12,兆豐-三重,2023-07-24,7008
2603,長榮,13,1,12,兆豐-三重,2023-07-24,7008
6237,驊訊,12,0,12,兆豐-三重,2023-07-24,7008
6770,力積電,13,1,12,兆豐-三重,2023-07-24,7008
1310,台苯,11,0,11,兆豐-三重,2023-07-24,7008
1503,士電,11,0,11,兆豐-三重,2023-07-24,7008
4123,晟德,21,10,11,兆豐-三重,2023-07-24,7008
8936,國統,11,0,11,兆豐-三重,2023-07-24,7008
1326,台化,10,0,10,兆豐-三重,2023-07-24,7008
1535,中宇,10,0,10,兆豐-三重,2023-07-24,7008
2601,益航,20,10,10,兆豐-三重,2023-07-24,7008
3406,玉晶光,10,0,10,兆豐-三重,2023-07-24,7008
3576,聯合再生,10,0,10,兆豐-三重,2023-07-24,7008
5258,虹堡,11,1,10,兆豐-三重,2023-07-24,7008
5381,合正,10,0,10,兆豐-三重,2023-07-24,7008
6657,華安,18,8,10,兆豐-三重,2023-07-24,7008
1513,中興電,13,4,9,兆豐-三重,2023-07-24,7008
1514,亞力,23,14,9,兆豐-三重,2023-07-24,7008
6417,韋僑,9,0,9,兆豐-三重,2023-07-24,7008
6488,環球晶,9,0,9,兆豐-三重,2023-07-24,7008
2323,中環,8,0,8,兆豐-三重,2023-07-24,7008
2609,陽明,8,0,8,兆豐-三重,2023-07-24,7008
3508,位速,8,0,8,兆豐-三重,2023-07-24,7008
6185,幃翔,8,0,8,兆豐-三重,2023-07-24,7008
3017,奇鋐,24,16,8,兆豐-三重,2023-07-24,7008
3706,神達,13,6,7,兆豐-三重,2023-07-24,7008
5483,中美晶,13,6,7,兆豐-三重,2023-07-24,7008
6182,合晶,8,1,7,兆豐-三重,2023-07-24,7008
1477,聚陽,6,0,6,兆豐-三重,2023-07-24,7008
2482,連宇,7,1,6,兆豐-三重,2023-07-24,7008
3617,碩天,6,0,6,兆豐-三重,2023-07-24,7008
5608,四維航,6,0,6,兆豐-三重,2023-07-24,7008
8996,高力,25,0,25,兆豐-三重,2023-07-25,7008
2414,精技,20,0,20,兆豐-三重,2023-07-25,7008
3706,神達,20,0,20,兆豐-三重,2023-07-25,7008
2382,廣達,97,78,19,兆豐-三重,2023-07-25,7008
3037,欣興,20,2,18,兆豐-三重,2023-07-25,7008
5478,智冠,24,8,16,兆豐-三重,2023-07-25,7008
1905,華紙,19,4,15,兆豐-三重,2023-07-25,7008
2489,瑞軒,13,0,13,兆豐-三重,2023-07-25,7008
00929,復華台灣科技優息,20,8,12,兆豐-三重,2023-07-25,7008
2301,光寶科,69,57,12,兆豐-三重,2023-07-25,7008
2371,大同,12,0,12,兆豐-三重,2023-07-25,7008
3231,緯創,12,0,12,兆豐-三重,2023-07-25,7008
3450,聯鈞,12,1,11,兆豐-三重,2023-07-25,7008
00679B,元大美債20年,11,0,11,兆豐-三重,2023-07-25,7008
1108,幸福,10,0,10,兆豐-三重,2023-07-25,7008
1313,聯成,10,0,10,兆豐-三重,2023-07-25,7008
2208,台船,10,0,10,兆豐-三重,2023-07-25,7008
2331,精英,10,0,10,兆豐-三重,2023-07-25,7008
2491,吉祥全,10,0,10,兆豐-三重,2023-07-25,7008
3596,智易,10,0,10,兆豐-三重,2023-07-25,7008
4414,如興,10,0,10,兆豐-三重,2023-07-25,7008
6190,萬泰科,10,0,10,兆豐-三重,2023-07-25,7008
6275,元山,10,0,10,兆豐-三重,2023-07-25,7008
8444,綠河-KY,10,0,10,兆豐-三重,2023-07-25,7008
2609,陽明,10,1,9,兆豐-三重,2023-07-25,7008
6282,康舒,9,1,8,兆豐-三重,2023-07-25,7008
1605,華新,39,31,8,兆豐-三重,2023-07-25,7008
2313,華通,10,2,8,兆豐-三重,2023-07-25,7008
4726,永昕,9,1,8,兆豐-三重,2023-07-25,7008
5439,高技,8,0,8,兆豐-三重,2023-07-25,7008
6188,廣明,34,26,8,兆豐-三重,2023-07-25,7008
9105,泰金寶-DR,9,1,8,兆豐-三重,2023-07-25,7008
00878,國泰永續高股息,26,18,8,兆豐-三重,2023-07-25,7008
2449,京元電子,9,2,7,兆豐-三重,2023-07-25,7008
3374,精材,7,1,6,兆豐-三重,2023-07-25,7008
5410,國眾,6,0,6,兆豐-三重,2023-07-25,7008
6531,愛普*,6,0,6,兆豐-三重,2023-07-25,7008
00632R,元大台灣50反1,5,0,5,兆豐-三重,2023-07-25,7008
1591,駿吉-KY,5,0,5,兆豐-三重,2023-07-25,7008
1784,訊聯,5,0,5,兆豐-三重,2023-07-25,7008
2027,大成鋼,6,1,5,兆豐-三重,2023-07-25,7008
2344,華邦電,5,0,5,兆豐-三重,2023-07-25,7008
2352,佳世達,6,1,5,兆豐-三重,2023-07-25,7008
2354,鴻準,13,8,5,兆豐-三重,2023-07-25,7008
2498,宏達電,5,0,5,兆豐-三重,2023-07-25,7008
2812,台中銀,5,0,5,兆豐-三重,2023-07-25,7008
2883,凱基金,5,0,5,兆豐-三重,2023-07-25,7008
3013,晟銘電,7,2,5,兆豐-三重,2023-07-25,7008
3710,連展投控,5,0,5,兆豐-三重,2023-07-25,7008
4551,智伸科,5,0,5,兆豐-三重,2023-07-25,7008
8358,金居,95,40,55,兆豐-三重,2023-07-26,7008
2887,台新金,109,54,55,兆豐-三重,2023-07-26,7008
0056,元大高股息,102,58,44,兆豐-三重,2023-07-26,7008
1609,大亞,42,1,41,兆豐-三重,2023-07-26,7008
00929,復華台灣科技優息,35,0,35,兆豐-三重,2023-07-26,7008
2399,映泰,41,7,34,兆豐-三重,2023-07-26,7008
2371,大同,33,8,25,兆豐-三重,2023-07-26,7008
2884,玉山金,22,0,22,兆豐-三重,2023-07-26,7008
6282,康舒,29,9,20,兆豐-三重,2023-07-26,7008
6235,華孚,23,3,20,兆豐-三重,2023-07-26,7008
6275,元山,40,20,20,兆豐-三重,2023-07-26,7008
8927,北基,113,94,19,兆豐-三重,2023-07-26,7008
2329,華泰,67,50,17,兆豐-三重,2023-07-26,7008
6589,台康生技,15,0,15,兆豐-三重,2023-07-26,7008
00673R,期元大S＆P原油反1,14,0,14,兆豐-三重,2023-07-26,7008
3013,晟銘電,17,3,14,兆豐-三重,2023-07-26,7008
4543,萬在,19,6,13,兆豐-三重,2023-07-26,7008
1514,亞力,22,11,11,兆豐-三重,2023-07-26,7008
1528,恩德,11,0,11,兆豐-三重,2023-07-26,7008
1608,華榮,11,0,11,兆豐-三重,2023-07-26,7008
2382,廣達,29,18,11,兆豐-三重,2023-07-26,7008
00751B,元大AAA至A公司債,10,0,10,兆豐-三重,2023-07-26,7008
1535,中宇,10,0,10,兆豐-三重,2023-07-26,7008
2491,吉祥全,10,0,10,兆豐-三重,2023-07-26,7008
2736,富野,10,0,10,兆豐-三重,2023-07-26,7008
3481,群創,20,10,10,兆豐-三重,2023-07-26,7008
3701,大眾控,10,0,10,兆豐-三重,2023-07-26,7008
4116,明基醫,10,0,10,兆豐-三重,2023-07-26,7008
4414,如興,10,0,10,兆豐-三重,2023-07-26,7008
5425,台半,10,0,10,兆豐-三重,2023-07-26,7008
5706,鳳凰,10,0,10,兆豐-三重,2023-07-26,7008
6416,瑞祺電通,10,0,10,兆豐-三重,2023-07-26,7008
6547,高端疫苗,10,0,10,兆豐-三重,2023-07-26,7008
8155,博智,10,0,10,兆豐-三重,2023-07-26,7008
00679B,元大美債20年,10,1,9,兆豐-三重,2023-07-26,7008
2421,建準,15,6,9,兆豐-三重,2023-07-26,7008
2461,光群雷,22,13,9,兆豐-三重,2023-07-26,7008
2352,佳世達,8,0,8,兆豐-三重,2023-07-26,7008
3017,奇鋐,9,2,7,兆豐-三重,2023-07-26,7008
3035,智原,8,1,7,兆豐-三重,2023-07-26,7008
4942,嘉彰,7,0,7,兆豐-三重,2023-07-26,7008
2330,台積電,8,1,7,兆豐-三重,2023-07-26,7008
1720,生達,6,0,6,兆豐-三重,2023-07-26,7008
2359,所羅門,7,1,6,兆豐-三重,2023-07-26,7008
2634,漢翔,6,0,6,兆豐-三重,2023-07-26,7008
2888,新光金,15,9,6,兆豐-三重,2023-07-26,7008
5464,霖宏,6,0,6,兆豐-三重,2023-07-26,7008
6125,廣運,6,0,6,兆豐-三重,2023-07-26,7008
3231,緯創,20,14,6,兆豐-三重,2023-07-26,7008
00882,中信中國高股息,5,0,5,兆豐-三重,2023-07-26,7008
6120,達運,143,0,143,兆豐-三重,2023-07-27,7008
2889,國票金,100,0,100,兆豐-三重,2023-07-27,7008
2313,華通,50,0,50,兆豐-三重,2023-07-27,7008
2618,長榮航,116,86,30,兆豐-三重,2023-07-27,7008
2884,玉山金,65,39,26,兆豐-三重,2023-07-27,7008
3715,定穎投控,25,0,25,兆豐-三重,2023-07-27,7008
3055,蔚華科,24,2,22,兆豐-三重,2023-07-27,7008
2892,第一金,20,0,20,兆豐-三重,2023-07-27,7008
00687B,國泰20年美債,20,0,20,兆豐-三重,2023-07-27,7008
2834,臺企銀,20,0,20,兆豐-三重,2023-07-27,7008
3290,東浦,20,0,20,兆豐-三重,2023-07-27,7008
6488,環球晶,18,0,18,兆豐-三重,2023-07-27,7008
1905,華紙,50,34,16,兆豐-三重,2023-07-27,7008
3710,連展投控,15,0,15,兆豐-三重,2023-07-27,7008
5608,四維航,15,1,14,兆豐-三重,2023-07-27,7008
6188,廣明,91,77,14,兆豐-三重,2023-07-27,7008
1815,富喬,15,2,13,兆豐-三重,2023-07-27,7008
3484,崧騰,13,0,13,兆豐-三重,2023-07-27,7008
4915,致伸,13,0,13,兆豐-三重,2023-07-27,7008
1504,東元,15,3,12,兆豐-三重,2023-07-27,7008
2002,中鋼,11,0,11,兆豐-三重,2023-07-27,7008
8358,金居,162,151,11,兆豐-三重,2023-07-27,7008
2382,廣達,119,108,11,兆豐-三重,2023-07-27,7008
1587,吉茂,10,0,10,兆豐-三重,2023-07-27,7008
3028,增你強,10,0,10,兆豐-三重,2023-07-27,7008
4111,濟生,10,0,10,兆豐-三重,2023-07-27,7008
8112,至上,10,0,10,兆豐-三重,2023-07-27,7008
1102,亞泥,10,0,10,兆豐-三重,2023-07-27,7008
2409,友達,31,21,10,兆豐-三重,2023-07-27,7008
3051,力特,9,0,9,兆豐-三重,2023-07-27,7008
3207,耀勝,9,0,9,兆豐-三重,2023-07-27,7008
6196,帆宣,12,4,8,兆豐-三重,2023-07-27,7008
3037,欣興,36,28,8,兆豐-三重,2023-07-27,7008
2344,華邦電,10,2,8,兆豐-三重,2023-07-27,7008
2906,高林,10,2,8,兆豐-三重,2023-07-27,7008
3454,晶睿,8,0,8,兆豐-三重,2023-07-27,7008
3693,營邦,13,5,8,兆豐-三重,2023-07-27,7008
9105,泰金寶-DR,8,0,8,兆豐-三重,2023-07-27,7008
2609,陽明,38,31,7,兆豐-三重,2023-07-27,7008
2891,中信金,8,1,7,兆豐-三重,2023-07-27,7008
3013,晟銘電,12,5,7,兆豐-三重,2023-07-27,7008
3202,樺晟,7,0,7,兆豐-三重,2023-07-27,7008
5864,致和證,9,2,7,兆豐-三重,2023-07-27,7008
8390,金益鼎,7,0,7,兆豐-三重,2023-07-27,7008
2355,敬鵬,6,0,6,兆豐-三重,2023-07-27,7008
2371,大同,9,3,6,兆豐-三重,2023-07-27,7008
2401,凌陽,8,2,6,兆豐-三重,2023-07-27,7008
6138,茂達,6,0,6,兆豐-三重,2023-07-27,7008
00673R,期元大S＆P原油反1,10,5,5,兆豐-三重,2023-07-27,7008
00788B,元大10年IG電能債,5,0,5,兆豐-三重,2023-07-27,7008
2330,台積電,96,1,95,兆豐-三重,2023-07-28,7008
6109,亞元,82,0,82,兆豐-三重,2023-07-28,7008
00712,復華富時不動產,63,0,63,兆豐-三重,2023-07-28,7008
2038,海光,62,0,62,兆豐-三重,2023-07-28,7008
1417,嘉裕,45,0,45,兆豐-三重,2023-07-28,7008
4111,濟生,35,0,35,兆豐-三重,2023-07-28,7008
2618,長榮航,37,3,34,兆豐-三重,2023-07-28,7008
6274,台燿,47,14,33,兆豐-三重,2023-07-28,7008
00679B,元大美債20年,33,0,33,兆豐-三重,2023-07-28,7008
1905,華紙,86,55,31,兆豐-三重,2023-07-28,7008
3576,聯合再生,30,0,30,兆豐-三重,2023-07-28,7008
2033,佳大,27,0,27,兆豐-三重,2023-07-28,7008
1591,駿吉-KY,22,0,22,兆豐-三重,2023-07-28,7008
1802,台玻,27,6,21,兆豐-三重,2023-07-28,7008
1605,華新,35,15,20,兆豐-三重,2023-07-28,7008
1708,東鹼,20,0,20,兆豐-三重,2023-07-28,7008
2371,大同,20,0,20,兆豐-三重,2023-07-28,7008
2329,華泰,112,95,17,兆豐-三重,2023-07-28,7008
3481,群創,30,13,17,兆豐-三重,2023-07-28,7008
9955,佳龍,14,0,14,兆豐-三重,2023-07-28,7008
0056,元大高股息,255,242,13,兆豐-三重,2023-07-28,7008
2405,輔信,17,5,12,兆豐-三重,2023-07-28,7008
3055,蔚華科,25,13,12,兆豐-三重,2023-07-28,7008
2014,中鴻,11,0,11,兆豐-三重,2023-07-28,7008
2105,正新,10,0,10,兆豐-三重,2023-07-28,7008
2369,菱生,10,0,10,兆豐-三重,2023-07-28,7008
2892,第一金,10,0,10,兆豐-三重,2023-07-28,7008
6222,上揚,10,0,10,兆豐-三重,2023-07-28,7008
8926,台汽電,10,0,10,兆豐-三重,2023-07-28,7008
2363,矽統,15,5,10,兆豐-三重,2023-07-28,7008
2883,凱基金,9,0,9,兆豐-三重,2023-07-28,7008
4919,新唐,14,5,9,兆豐-三重,2023-07-28,7008
5351,鈺創,9,0,9,兆豐-三重,2023-07-28,7008
5386,青雲,11,2,9,兆豐-三重,2023-07-28,7008
1609,大亞,9,1,8,兆豐-三重,2023-07-28,7008
1513,中興電,10,2,8,兆豐-三重,2023-07-28,7008
2376,技嘉,17,9,8,兆豐-三重,2023-07-28,7008
2888,新光金,8,0,8,兆豐-三重,2023-07-28,7008
5864,致和證,8,0,8,兆豐-三重,2023-07-28,7008
6535,順藥,11,3,8,兆豐-三重,2023-07-28,7008
2707,晶華,7,0,7,兆豐-三重,2023-07-28,7008
6213,聯茂,9,2,7,兆豐-三重,2023-07-28,7008
6237,驊訊,7,0,7,兆豐-三重,2023-07-28,7008
2002,中鋼,6,0,6,兆豐-三重,2023-07-28,7008
4116,明基醫,6,0,6,兆豐-三重,2023-07-28,7008
4533,協易機,9,3,6,兆豐-三重,2023-07-28,7008
6426,統新,6,0,6,兆豐-三重,2023-07-28,7008
2324,仁寶,6,0,6,兆豐-三重,2023-07-28,7008
2887,台新金,5,0,5,兆豐-三重,2023-07-28,7008
00751B,元大AAA至A公司債,5,0,5,兆豐-三重,2023-07-28,7008
3231,緯創,135,32,103,兆豐-三重,2023-07-31,7008
2618,長榮航,79,3,76,兆豐-三重,2023-07-31,7008
2329,華泰,120,51,69,兆豐-三重,2023-07-31,7008
2324,仁寶,53,1,52,兆豐-三重,2023-07-31,7008
2382,廣達,79,33,46,兆豐-三重,2023-07-31,7008
6237,驊訊,35,0,35,兆豐-三重,2023-07-31,7008
2609,陽明,36,5,31,兆豐-三重,2023-07-31,7008
00929,復華台灣科技優息,33,4,29,兆豐-三重,2023-07-31,7008
3576,聯合再生,28,0,28,兆豐-三重,2023-07-31,7008
00673R,期元大S＆P原油反1,24,0,24,兆豐-三重,2023-07-31,7008
2317,鴻海,374,350,24,兆豐-三重,2023-07-31,7008
2812,台中銀,20,0,20,兆豐-三重,2023-07-31,7008
2888,新光金,27,10,17,兆豐-三重,2023-07-31,7008
2426,鼎元,15,0,15,兆豐-三重,2023-07-31,7008
8046,南電,15,0,15,兆豐-三重,2023-07-31,7008
6188,廣明,54,41,13,兆豐-三重,2023-07-31,7008
2393,億光,12,0,12,兆豐-三重,2023-07-31,7008
6274,台燿,22,10,12,兆豐-三重,2023-07-31,7008
1504,東元,11,0,11,兆豐-三重,2023-07-31,7008
00679B,元大美債20年,12,1,11,兆豐-三重,2023-07-31,7008
2345,智邦,11,0,11,兆豐-三重,2023-07-31,7008
6116,彩晶,11,0,11,兆豐-三重,2023-07-31,7008
1907,永豐餘,10,0,10,兆豐-三重,2023-07-31,7008
2038,海光,10,0,10,兆豐-三重,2023-07-31,7008
3710,連展投控,10,0,10,兆豐-三重,2023-07-31,7008
6016,康和證,10,0,10,兆豐-三重,2023-07-31,7008
6283,淳安,10,0,10,兆豐-三重,2023-07-31,7008
2357,華碩,13,5,8,兆豐-三重,2023-07-31,7008
2371,大同,13,5,8,兆豐-三重,2023-07-31,7008
3264,欣銓,12,4,8,兆豐-三重,2023-07-31,7008
3663,鑫科,12,4,8,兆豐-三重,2023-07-31,7008
5464,霖宏,8,0,8,兆豐-三重,2023-07-31,7008
5425,台半,7,0,7,兆豐-三重,2023-07-31,7008
1815,富喬,7,0,7,兆豐-三重,2023-07-31,7008
2352,佳世達,7,0,7,兆豐-三重,2023-07-31,7008
2388,威盛,10,3,7,兆豐-三重,2023-07-31,7008
5864,致和證,18,11,7,兆豐-三重,2023-07-31,7008
6531,愛普*,28,21,7,兆豐-三重,2023-07-31,7008
3693,營邦,12,6,6,兆豐-三重,2023-07-31,7008
00725B,國泰投資級公司債,6,0,6,兆豐-三重,2023-07-31,7008
3071,協禧,6,0,6,兆豐-三重,2023-07-31,7008
3163,波若威,8,2,6,兆豐-三重,2023-07-31,7008
4979,華星光,24,18,6,兆豐-三重,2023-07-31,7008
6147,頎邦,6,0,6,兆豐-三重,2023-07-31,7008
8234,新漢,6,0,6,兆豐-三重,2023-07-31,7008
8936,國統,6,0,6,兆豐-三重,2023-07-31,7008
9958,世紀鋼,8,2,6,兆豐-三重,2023-07-31,7008
4961,天鈺,5,0,5,兆豐-三重,2023-07-31,7008
1301,台塑,5,0,5,兆豐-三重,2023-07-31,7008
1210,大成,5,0,5,兆豐-三重,2023-07-31,7008
2409,友達,42,0,42,兆豐-三重,2023-08-01,7008
00724B,群益投資級金融債,38,0,38,兆豐-三重,2023-08-01,7008
1905,華紙,55,19,36,兆豐-三重,2023-08-01,7008
00640L,富邦日本正2,33,0,33,兆豐-三重,2023-08-01,7008
9105,泰金寶-DR,30,0,30,兆豐-三重,2023-08-01,7008
3033,威健,26,1,25,兆豐-三重,2023-08-01,7008
00878,國泰永續高股息,32,9,23,兆豐-三重,2023-08-01,7008
00632R,元大台灣50反1,20,0,20,兆豐-三重,2023-08-01,7008
00706L,期元大S＆P日圓正2,20,0,20,兆豐-三重,2023-08-01,7008
2801,彰銀,20,0,20,兆豐-三重,2023-08-01,7008
3025,星通,23,7,16,兆豐-三重,2023-08-01,7008
4168,醣聯,14,0,14,兆豐-三重,2023-08-01,7008
5351,鈺創,23,9,14,兆豐-三重,2023-08-01,7008
6116,彩晶,30,18,12,兆豐-三重,2023-08-01,7008
3217,優群,17,6,11,兆豐-三重,2023-08-01,7008
00679B,元大美債20年,11,0,11,兆豐-三重,2023-08-01,7008
5388,中磊,15,4,11,兆豐-三重,2023-08-01,7008
2449,京元電子,13,3,10,兆豐-三重,2023-08-01,7008
6282,康舒,19,9,10,兆豐-三重,2023-08-01,7008
00919,群益台灣精選高息,11,1,10,兆豐-三重,2023-08-01,7008
2426,鼎元,10,0,10,兆豐-三重,2023-08-01,7008
2520,冠德,10,0,10,兆豐-三重,2023-08-01,7008
2883,凱基金,10,0,10,兆豐-三重,2023-08-01,7008
2883B,凱基金乙特,10,0,10,兆豐-三重,2023-08-01,7008
2913,農林,59,49,10,兆豐-三重,2023-08-01,7008
3032,偉訓,10,0,10,兆豐-三重,2023-08-01,7008
4726,永昕,10,0,10,兆豐-三重,2023-08-01,7008
5864,致和證,10,0,10,兆豐-三重,2023-08-01,7008
6657,華安,11,2,9,兆豐-三重,2023-08-01,7008
00673R,期元大S＆P原油反1,9,0,9,兆豐-三重,2023-08-01,7008
2356,英業達,38,29,9,兆豐-三重,2023-08-01,7008
5425,台半,10,1,9,兆豐-三重,2023-08-01,7008
2344,華邦電,11,3,8,兆豐-三重,2023-08-01,7008
3576,聯合再生,16,8,8,兆豐-三重,2023-08-01,7008
5439,高技,10,2,8,兆豐-三重,2023-08-01,7008
3264,欣銓,8,1,7,兆豐-三重,2023-08-01,7008
0056,元大高股息,142,136,6,兆豐-三重,2023-08-01,7008
00929,復華台灣科技優息,6,0,6,兆豐-三重,2023-08-01,7008
2027,大成鋼,6,0,6,兆豐-三重,2023-08-01,7008
2105,正新,6,0,6,兆豐-三重,2023-08-01,7008
2498,宏達電,6,0,6,兆豐-三重,2023-08-01,7008
3663,鑫科,9,3,6,兆豐-三重,2023-08-01,7008
6285,啟��,12,6,6,兆豐-三重,2023-08-01,7008
1310,台苯,5,0,5,兆豐-三重,2023-08-01,7008
00923,群益台ESG低碳50,5,0,5,兆豐-三重,2023-08-01,7008
1710,東聯,5,0,5,兆豐-三重,2023-08-01,7008
1714,和桐,5,0,5,兆豐-三重,2023-08-01,7008
1802,台玻,15,10,5,兆豐-三重,2023-08-01,7008
2413,環科,5,0,5,兆豐-三重,2023-08-01,7008
2482,連宇,5,0,5,兆豐-三重,2023-08-01,7008
2618,長榮航,82,3,79,兆豐-三重,2023-08-02,7008
00878,國泰永續高股息,99,35,64,兆豐-三重,2023-08-02,7008
00929,復華台灣科技優息,44,0,44,兆豐-三重,2023-08-02,7008
2317,鴻海,47,10,37,兆豐-三重,2023-08-02,7008
6202,盛群,32,0,32,兆豐-三重,2023-08-02,7008
00687B,國泰20年美債,29,0,29,兆豐-三重,2023-08-02,7008
2498,宏達電,33,5,28,兆豐-三重,2023-08-02,7008
6770,力積電,27,0,27,兆豐-三重,2023-08-02,7008
1314,中石化,36,10,26,兆豐-三重,2023-08-02,7008
6116,彩晶,23,1,22,兆豐-三重,2023-08-02,7008
2105,正新,21,0,21,兆豐-三重,2023-08-02,7008
00923,群益台ESG低碳50,20,0,20,兆豐-三重,2023-08-02,7008
020031,統一IC設計臺灣N,20,0,20,兆豐-三重,2023-08-02,7008
2236,百達-KY,20,0,20,兆豐-三重,2023-08-02,7008
5880,合庫金,20,0,20,兆豐-三重,2023-08-02,7008
00712,復華富時不動產,19,0,19,兆豐-三重,2023-08-02,7008
2913,農林,73,54,19,兆豐-三重,2023-08-02,7008
1609,大亞,77,60,17,兆豐-三重,2023-08-02,7008
6657,華安,17,0,17,兆豐-三重,2023-08-02,7008
00720B,元大投資級公司債,16,0,16,兆豐-三重,2023-08-02,7008
00692,富邦公司治理,15,0,15,兆豐-三重,2023-08-02,7008
00706L,期元大S＆P日圓正2,15,0,15,兆豐-三重,2023-08-02,7008
00724B,群益投資級金融債,15,0,15,兆豐-三重,2023-08-02,7008
2520,冠德,15,0,15,兆豐-三重,2023-08-02,7008
6414,樺漢,15,0,15,兆豐-三重,2023-08-02,7008
2489,瑞軒,14,0,14,兆豐-三重,2023-08-02,7008
2338,光罩,13,0,13,兆豐-三重,2023-08-02,7008
3207,耀勝,13,0,13,兆豐-三重,2023-08-02,7008
1785,光洋科,13,1,12,兆豐-三重,2023-08-02,7008
2014,中鴻,17,5,12,兆豐-三重,2023-08-02,7008
3037,欣興,14,2,12,兆豐-三重,2023-08-02,7008
6175,立敦,30,18,12,兆豐-三重,2023-08-02,7008
00900,富邦特選高股息30,11,0,11,兆豐-三重,2023-08-02,7008
3092,鴻碩,11,0,11,兆豐-三重,2023-08-02,7008
4566,時碩工業,11,0,11,兆豐-三重,2023-08-02,7008
2882,國泰金,10,0,10,兆豐-三重,2023-08-02,7008
00764B,群益25年美債,10,0,10,兆豐-三重,2023-08-02,7008
00751B,元大AAA至A公司債,10,0,10,兆豐-三重,2023-08-02,7008
00673R,期元大S＆P原油反1,10,0,10,兆豐-三重,2023-08-02,7008
1312,國喬,10,0,10,兆豐-三重,2023-08-02,7008
1618,合機,10,0,10,兆豐-三重,2023-08-02,7008
2472,立隆電,10,0,10,兆豐-三重,2023-08-02,7008
3032,偉訓,10,0,10,兆豐-三重,2023-08-02,7008
3481,群創,22,12,10,兆豐-三重,2023-08-02,7008
6279,胡連,10,0,10,兆豐-三重,2023-08-02,7008
6589,台康生技,24,14,10,兆豐-三重,2023-08-02,7008
00679B,元大美債20年,9,0,9,兆豐-三重,2023-08-02,7008
1504,東元,55,46,9,兆豐-三重,2023-08-02,7008
2376,技嘉,12,3,9,兆豐-三重,2023-08-02,7008
5347,世界,8,0,8,兆豐-三重,2023-08-02,7008
0056,元大高股息,582,4,578,兆豐-三重,2023-08-04,7008
00720B,元大投資級公司債,68,0,68,兆豐-三重,2023-08-04,7008
2032,新鋼,50,0,50,兆豐-三重,2023-08-04,7008
00878,國泰永續高股息,51,2,49,兆豐-三重,2023-08-04,7008
1905,華紙,41,11,30,兆豐-三重,2023-08-04,7008
2618,長榮航,27,1,26,兆豐-三重,2023-08-04,7008
3047,訊舟,25,0,25,兆豐-三重,2023-08-04,7008
4746,台耀,33,8,25,兆豐-三重,2023-08-04,7008
8927,北基,54,29,25,兆豐-三重,2023-08-04,7008
8420,明揚,23,0,23,兆豐-三重,2023-08-04,7008
00680L,元大美債20正2,21,0,21,兆豐-三重,2023-08-04,7008
2889,國票金,20,0,20,兆豐-三重,2023-08-04,7008
00929,復華台灣科技優息,17,0,17,兆豐-三重,2023-08-04,7008
3325,旭品,20,5,15,兆豐-三重,2023-08-04,7008
4714,永捷,15,0,15,兆豐-三重,2023-08-04,7008
00679B,元大美債20年,15,0,15,兆豐-三重,2023-08-04,7008
2017,官田鋼,12,0,12,兆豐-三重,2023-08-04,7008
00712,復華富時不動產,11,0,11,兆豐-三重,2023-08-04,7008
00881,國泰台灣5G+,11,0,11,兆豐-三重,2023-08-04,7008
00751B,元大AAA至A公司債,11,0,11,兆豐-三重,2023-08-04,7008
00687B,國泰20年美債,11,0,11,兆豐-三重,2023-08-04,7008
2324,仁寶,12,1,11,兆豐-三重,2023-08-04,7008
2482,連宇,11,0,11,兆豐-三重,2023-08-04,7008
2498,宏達電,15,4,11,兆豐-三重,2023-08-04,7008
6244,茂迪,11,0,11,兆豐-三重,2023-08-04,7008
00772B,中信高評級公司債,11,0,11,兆豐-三重,2023-08-04,7008
1417,嘉裕,10,0,10,兆豐-三重,2023-08-04,7008
1616,億泰,10,0,10,兆豐-三重,2023-08-04,7008
2038,海光,10,0,10,兆豐-三重,2023-08-04,7008
2393,億光,10,0,10,兆豐-三重,2023-08-04,7008
2405,輔信,10,0,10,兆豐-三重,2023-08-04,7008
2897,王道銀行,10,0,10,兆豐-三重,2023-08-04,7008
3706,神達,17,7,10,兆豐-三重,2023-08-04,7008
3037,欣興,15,6,9,兆豐-三重,2023-08-04,7008
2457,飛宏,16,7,9,兆豐-三重,2023-08-04,7008
6143,振曜,9,0,9,兆豐-三重,2023-08-04,7008
5464,霖宏,8,0,8,兆豐-三重,2023-08-04,7008
1434,福懋,7,0,7,兆豐-三重,2023-08-04,7008
00795B,中信美國公債20年,7,0,7,兆豐-三重,2023-08-04,7008
2891,中信金,19,12,7,兆豐-三重,2023-08-04,7008
3231,緯創,146,139,7,兆豐-三重,2023-08-04,7008
6657,華安,6,0,6,兆豐-三重,2023-08-04,7008
00930,永豐ESG低碳高息,6,0,6,兆豐-三重,2023-08-04,7008
1727,中華化,7,1,6,兆豐-三重,2023-08-04,7008
2390,云辰,6,0,6,兆豐-三重,2023-08-04,7008
3356,奇偶,6,0,6,兆豐-三重,2023-08-04,7008
4906,正文,6,0,6,兆豐-三重,2023-08-04,7008
6176,瑞儀,6,0,6,兆豐-三重,2023-08-04,7008
00696B,富邦美債20年,5,0,5,兆豐-三重,2023-08-04,7008
1603,華電,5,0,5,兆豐-三重,2023-08-04,7008
00929,復華台灣科技優息,256,0,256,兆豐-三重,2023-08-07,7008
2889,國票金,50,0,50,兆豐-三重,2023-08-07,7008
0056,元大高股息,36,3,33,兆豐-三重,2023-08-07,7008
2104,國際中橡,20,0,20,兆豐-三重,2023-08-07,7008
2317,鴻海,682,664,18,兆豐-三重,2023-08-07,7008
2032,新鋼,18,0,18,兆豐-三重,2023-08-07,7008
1904,正隆,17,0,17,兆豐-三重,2023-08-07,7008
5009,榮剛,21,5,16,兆豐-三重,2023-08-07,7008
1905,華紙,30,15,15,兆豐-三重,2023-08-07,7008
1584,精剛,39,25,14,兆豐-三重,2023-08-07,7008
1101,台泥,25,11,14,兆豐-三重,2023-08-07,7008
4111,濟生,13,0,13,兆豐-三重,2023-08-07,7008
6282,康舒,14,1,13,兆豐-三重,2023-08-07,7008
2913,農林,20,8,12,兆豐-三重,2023-08-07,7008
8358,金居,13,2,11,兆豐-三重,2023-08-07,7008
2014,中鴻,15,5,10,兆豐-三重,2023-08-07,7008
2105,正新,10,0,10,兆豐-三重,2023-08-07,7008
4934,太極,10,0,10,兆豐-三重,2023-08-07,7008
5328,華容,10,0,10,兆豐-三重,2023-08-07,7008
5512,力麒,10,0,10,兆豐-三重,2023-08-07,7008
6114,久威,10,0,10,兆豐-三重,2023-08-07,7008
9105,泰金寶-DR,10,0,10,兆豐-三重,2023-08-07,7008
1477,聚陽,12,4,8,兆豐-三重,2023-08-07,7008
1784,訊聯,11,3,8,兆豐-三重,2023-08-07,7008
3617,碩天,8,0,8,兆豐-三重,2023-08-07,7008
6577,勁豐,11,3,8,兆豐-三重,2023-08-07,7008
8927,北基,8,1,7,兆豐-三重,2023-08-07,7008
1504,東元,6,0,6,兆豐-三重,2023-08-07,7008
3363,上詮,11,5,6,兆豐-三重,2023-08-07,7008
4967,十銓,9,3,6,兆豐-三重,2023-08-07,7008
1603,華電,5,0,5,兆豐-三重,2023-08-07,7008
00907,永豐優息存股,5,0,5,兆豐-三重,2023-08-07,7008
1305,華夏,5,0,5,兆豐-三重,2023-08-07,7008
00882,中信中國高股息,5,0,5,兆豐-三重,2023-08-07,7008
2323,中環,6,1,5,兆豐-三重,2023-08-07,7008
2352,佳世達,18,13,5,兆豐-三重,2023-08-07,7008
2369,菱生,6,1,5,兆豐-三重,2023-08-07,7008
2409,友達,5,0,5,兆豐-三重,2023-08-07,7008
3017,奇鋐,44,39,5,兆豐-三重,2023-08-07,7008
3207,耀勝,5,0,5,兆豐-三重,2023-08-07,7008
3630,新鉅科,5,0,5,兆豐-三重,2023-08-07,7008
6125,廣運,21,16,5,兆豐-三重,2023-08-07,7008
6187,萬潤,6,1,5,兆豐-三重,2023-08-07,7008
6190,萬泰科,6,1,5,兆豐-三重,2023-08-07,7008
6213,聯茂,8,3,5,兆豐-三重,2023-08-07,7008
6290,良維,5,0,5,兆豐-三重,2023-08-07,7008
6589,台康生技,5,0,5,兆豐-三重,2023-08-07,7008
8936,國統,5,0,5,兆豐-三重,2023-08-07,7008
2883,凱基金,5,0,5,兆豐-三重,2023-08-07,7008
2630,亞航,4,0,4,兆豐-三重,2023-08-07,7008
00929,復華台灣科技優息,215,1,214,兆豐-三重,2023-08-08,7008
3706,神達,284,142,142,兆豐-三重,2023-08-08,7008
2382,廣達,218,121,97,兆豐-三重,2023-08-08,7008
2356,英業達,432,341,91,兆豐-三重,2023-08-08,7008
2329,華泰,133,59,74,兆豐-三重,2023-08-08,7008
1609,大亞,60,3,57,兆豐-三重,2023-08-08,7008
1907,永豐餘,30,0,30,兆豐-三重,2023-08-08,7008
00923,群益台ESG低碳50,28,0,28,兆豐-三重,2023-08-08,7008
00900,富邦特選高股息30,24,0,24,兆豐-三重,2023-08-08,7008
3231,緯創,72,49,23,兆豐-三重,2023-08-08,7008
3305,昇貿,21,0,21,兆豐-三重,2023-08-08,7008
5465,富驊,21,0,21,兆豐-三重,2023-08-08,7008
3044,健鼎,24,3,21,兆豐-三重,2023-08-08,7008
1809,中釉,20,0,20,兆豐-三重,2023-08-08,7008
1810,和成,20,0,20,兆豐-三重,2023-08-08,7008
2376,技嘉,53,34,19,兆豐-三重,2023-08-08,7008
2367,燿華,18,0,18,兆豐-三重,2023-08-08,7008
00931B,統一美債20年,17,0,17,兆豐-三重,2023-08-08,7008
2233,宇隆,10,0,10,兆豐-三重,2023-08-08,7008
2363,矽統,13,3,10,兆豐-三重,2023-08-08,7008
2390,云辰,10,0,10,兆豐-三重,2023-08-08,7008
00878,國泰永續高股息,9,0,9,兆豐-三重,2023-08-08,7008
2313,華通,11,2,9,兆豐-三重,2023-08-08,7008
2301,光寶科,44,36,8,兆豐-三重,2023-08-08,7008
2405,輔信,8,0,8,兆豐-三重,2023-08-08,7008
2388,威盛,17,10,7,兆豐-三重,2023-08-08,7008
1108,幸福,7,0,7,兆豐-三重,2023-08-08,7008
4807,日成-KY,7,0,7,兆豐-三重,2023-08-08,7008
6770,力積電,7,0,7,兆豐-三重,2023-08-08,7008
00907,永豐優息存股,6,0,6,兆豐-三重,2023-08-08,7008
00930,永豐ESG低碳高息,6,0,6,兆豐-三重,2023-08-08,7008
2482,連宇,6,0,6,兆豐-三重,2023-08-08,7008
2734,易飛網,6,0,6,兆豐-三重,2023-08-08,7008
3021,鴻名,6,0,6,兆豐-三重,2023-08-08,7008
3078,僑威,9,3,6,兆豐-三重,2023-08-08,7008
6143,振曜,7,1,6,兆豐-三重,2023-08-08,7008
2352,佳世達,7,2,5,兆豐-三重,2023-08-08,7008
3033,威健,5,0,5,兆豐-三重,2023-08-08,7008
3141,晶宏,5,0,5,兆豐-三重,2023-08-08,7008
3207,耀勝,15,10,5,兆豐-三重,2023-08-08,7008
3508,位速,5,0,5,兆豐-三重,2023-08-08,7008
3710,連展投控,5,0,5,兆豐-三重,2023-08-08,7008
4934,太極,8,3,5,兆豐-三重,2023-08-08,7008
6176,瑞儀,10,5,5,兆豐-三重,2023-08-08,7008
6266,泰詠,5,0,5,兆豐-三重,2023-08-08,7008
8046,南電,5,0,5,兆豐-三重,2023-08-08,7008
00687B,國泰20年美債,4,0,4,兆豐-三重,2023-08-08,7008
4768,晶呈科技,4,0,4,兆豐-三重,2023-08-08,7008
00712,復華富時不動產,4,0,4,兆豐-三重,2023-08-08,7008
2014,中鴻,4,0,4,兆豐-三重,2023-08-08,7008
2382,廣達,169,77,92,兆豐-三重,2023-08-09,7008
00929,復華台灣科技優息,37,0,37,兆豐-三重,2023-08-09,7008
1476,儒鴻,30,0,30,兆豐-三重,2023-08-09,7008
3325,旭品,23,0,23,兆豐-三重,2023-08-09,7008
2601,益航,21,0,21,兆豐-三重,2023-08-09,7008
00931B,統一美債20年,23,3,20,兆豐-三重,2023-08-09,7008
2834,臺企銀,20,0,20,兆豐-三重,2023-08-09,7008
00900,富邦特選高股息30,15,0,15,兆豐-三重,2023-08-09,7008
5258,虹堡,16,1,15,兆豐-三重,2023-08-09,7008
1603,華電,13,0,13,兆豐-三重,2023-08-09,7008
2390,云辰,13,0,13,兆豐-三重,2023-08-09,7008
2612,中航,39,27,12,兆豐-三重,2023-08-09,7008
2913,農林,14,2,12,兆豐-三重,2023-08-09,7008
6143,振曜,12,0,12,兆豐-三重,2023-08-09,7008
00923,群益台ESG低碳50,11,0,11,兆豐-三重,2023-08-09,7008
1605,華新,12,1,11,兆豐-三重,2023-08-09,7008
1402,遠東新,10,0,10,兆豐-三重,2023-08-09,7008
00673R,期元大S＆P原油反1,10,0,10,兆豐-三重,2023-08-09,7008
2303,聯電,10,0,10,兆豐-三重,2023-08-09,7008
2323,中環,14,4,10,兆豐-三重,2023-08-09,7008
2801,彰銀,10,0,10,兆豐-三重,2023-08-09,7008
6532,瑞耘,10,0,10,兆豐-三重,2023-08-09,7008
3324,雙鴻,12,3,9,兆豐-三重,2023-08-09,7008
3483,力致,12,3,9,兆豐-三重,2023-08-09,7008
3363,上詮,8,0,8,兆豐-三重,2023-08-09,7008
8444,綠河-KY,8,0,8,兆豐-三重,2023-08-09,7008
3693,營邦,10,3,7,兆豐-三重,2023-08-09,7008
00907,永豐優息存股,6,0,6,兆豐-三重,2023-08-09,7008
1103,嘉泥,6,0,6,兆豐-三重,2023-08-09,7008
1710,東聯,6,0,6,兆豐-三重,2023-08-09,7008
3013,晟銘電,6,0,6,兆豐-三重,2023-08-09,7008
3481,群創,9,3,6,兆豐-三重,2023-08-09,7008
3576,聯合再生,6,0,6,兆豐-三重,2023-08-09,7008
6282,康舒,8,2,6,兆豐-三重,2023-08-09,7008
1319,東陽,13,8,5,兆豐-三重,2023-08-09,7008
1536,和大,5,0,5,兆豐-三重,2023-08-09,7008
00696B,富邦美債20年,5,0,5,兆豐-三重,2023-08-09,7008
1217,愛之味,5,0,5,兆豐-三重,2023-08-09,7008
1907,永豐餘,5,0,5,兆豐-三重,2023-08-09,7008
2002,中鋼,5,0,5,兆豐-三重,2023-08-09,7008
2105,正新,5,0,5,兆豐-三重,2023-08-09,7008
2352,佳世達,8,3,5,兆豐-三重,2023-08-09,7008
2385,群光,5,0,5,兆豐-三重,2023-08-09,7008
3663,鑫科,5,0,5,兆豐-三重,2023-08-09,7008
5309,系統電,5,0,5,兆豐-三重,2023-08-09,7008
5328,華容,5,0,5,兆豐-三重,2023-08-09,7008
6290,良維,5,0,5,兆豐-三重,2023-08-09,7008
8255,朋程,5,0,5,兆豐-三重,2023-08-09,7008
8436,大江,5,0,5,兆豐-三重,2023-08-09,7008
00905,FT臺灣Smart,4,0,4,兆豐-三重,2023-08-09,7008
00929,復華台灣科技優息,170,5,165,兆豐-三重,2023-08-10,7008
3481,群創,176,84,92,兆豐-三重,2023-08-10,7008
00632R,元大台灣50反1,110,34,76,兆豐-三重,2023-08-10,7008
2498,宏達電,66,0,66,兆豐-三重,2023-08-10,7008
2208,台船,51,0,51,兆豐-三重,2023-08-10,7008
020031,統一IC設計臺灣N,50,0,50,兆豐-三重,2023-08-10,7008
4909,新復興,55,8,47,兆豐-三重,2023-08-10,7008
2324,仁寶,44,1,43,兆豐-三重,2023-08-10,7008
2382,廣達,208,166,42,兆豐-三重,2023-08-10,7008
6116,彩晶,33,0,33,兆豐-三重,2023-08-10,7008
00706L,期元大S＆P日圓正2,30,0,30,兆豐-三重,2023-08-10,7008
8110,華東,30,0,30,兆豐-三重,2023-08-10,7008
3014,聯陽,25,1,24,兆豐-三重,2023-08-10,7008
1514,亞力,26,3,23,兆豐-三重,2023-08-10,7008
1605,華新,22,0,22,兆豐-三重,2023-08-10,7008
2390,云辰,30,10,20,兆豐-三重,2023-08-10,7008
00878,國泰永續高股息,23,5,18,兆豐-三重,2023-08-10,7008
1603,華電,19,2,17,兆豐-三重,2023-08-10,7008
2206,三陽工業,18,1,17,兆豐-三重,2023-08-10,7008
00923,群益台ESG低碳50,16,0,16,兆豐-三重,2023-08-10,7008
2371,大同,15,0,15,兆豐-三重,2023-08-10,7008
2886,兆豐金,13,0,13,兆豐-三重,2023-08-10,7008
3231,緯創,42,30,12,兆豐-三重,2023-08-10,7008
3661,世芯-KY,12,0,12,兆豐-三重,2023-08-10,7008
8936,國統,12,0,12,兆豐-三重,2023-08-10,7008
3032,偉訓,31,20,11,兆豐-三重,2023-08-10,7008
3055,蔚華科,13,2,11,兆豐-三重,2023-08-10,7008
6016,康和證,11,0,11,兆豐-三重,2023-08-10,7008
1103,嘉泥,10,0,10,兆豐-三重,2023-08-10,7008
00751B,元大AAA至A公司債,10,0,10,兆豐-三重,2023-08-10,7008
1301,台塑,10,0,10,兆豐-三重,2023-08-10,7008
1528,恩德,10,0,10,兆豐-三重,2023-08-10,7008
2344,華邦電,10,0,10,兆豐-三重,2023-08-10,7008
2393,億光,10,0,10,兆豐-三重,2023-08-10,7008
3308,聯德,10,0,10,兆豐-三重,2023-08-10,7008
3356,奇偶,14,4,10,兆豐-三重,2023-08-10,7008
4155,訊映,10,0,10,兆豐-三重,2023-08-10,7008
8444,綠河-KY,10,0,10,兆豐-三重,2023-08-10,7008
2883,凱基金,13,4,9,兆豐-三重,2023-08-10,7008
2376,技嘉,11,2,9,兆豐-三重,2023-08-10,7008
3078,僑威,9,0,9,兆豐-三重,2023-08-10,7008
3576,聯合再生,13,4,9,兆豐-三重,2023-08-10,7008
6139,亞翔,9,0,9,兆豐-三重,2023-08-10,7008
3038,全台,12,5,7,兆豐-三重,2023-08-10,7008
5439,高技,19,12,7,兆豐-三重,2023-08-10,7008
00900,富邦特選高股息30,7,0,7,兆豐-三重,2023-08-10,7008
3017,奇鋐,9,2,7,兆豐-三重,2023-08-10,7008
2367,燿華,7,0,7,兆豐-三重,2023-08-10,7008
3617,碩天,12,5,7,兆豐-三重,2023-08-10,7008
8046,南電,7,0,7,兆豐-三重,2023-08-10,7008
0056,元大高股息,340,2,338,兆豐-三重,2023-08-11,7008
2382,廣達,152,55,97,兆豐-三重,2023-08-11,7008
2618,長榮航,159,71,88,兆豐-三重,2023-08-11,7008
00929,復華台灣科技優息,53,0,53,兆豐-三重,2023-08-11,7008
00722B,群益投資級電信債,46,0,46,兆豐-三重,2023-08-11,7008
2317,鴻海,453,415,38,兆豐-三重,2023-08-11,7008
00772B,中信高評級公司債,30,0,30,兆豐-三重,2023-08-11,7008
1528,恩德,30,0,30,兆豐-三重,2023-08-11,7008
2305,全友,30,0,30,兆豐-三重,2023-08-11,7008
3231,緯創,65,38,27,兆豐-三重,2023-08-11,7008
3481,群創,25,1,24,兆豐-三重,2023-08-11,7008
00706L,期元大S＆P日圓正2,20,0,20,兆豐-三重,2023-08-11,7008
1584,精剛,20,0,20,兆豐-三重,2023-08-11,7008
00751B,元大AAA至A公司債,18,0,18,兆豐-三重,2023-08-11,7008
4167,松瑞藥,18,0,18,兆豐-三重,2023-08-11,7008
1417,嘉裕,16,0,16,兆豐-三重,2023-08-11,7008
2352,佳世達,16,0,16,兆豐-三重,2023-08-11,7008
5603,陸海,14,0,14,兆豐-三重,2023-08-11,7008
00931B,統一美債20年,12,0,12,兆豐-三重,2023-08-11,7008
2482,連宇,25,13,12,兆豐-三重,2023-08-11,7008
2888,新光金,111,100,11,兆豐-三重,2023-08-11,7008
5607,遠雄港,10,0,10,兆豐-三重,2023-08-11,7008
00850,元大臺灣ESG永續,10,0,10,兆豐-三重,2023-08-11,7008
1310,台苯,10,0,10,兆豐-三重,2023-08-11,7008
1460,宏遠,10,0,10,兆豐-三重,2023-08-11,7008
2206,三陽工業,11,1,10,兆豐-三重,2023-08-11,7008
2462,良得電,15,5,10,兆豐-三重,2023-08-11,7008
3032,偉訓,10,0,10,兆豐-三重,2023-08-11,7008
1504,東元,9,1,8,兆豐-三重,2023-08-11,7008
1217,愛之味,8,0,8,兆豐-三重,2023-08-11,7008
00795B,中信美國公債20年,8,0,8,兆豐-三重,2023-08-11,7008
00788B,元大10年IG電能債,8,0,8,兆豐-三重,2023-08-11,7008
3027,盛達,8,0,8,兆豐-三重,2023-08-11,7008
6770,力積電,8,0,8,兆豐-三重,2023-08-11,7008
00900,富邦特選高股息30,7,0,7,兆豐-三重,2023-08-11,7008
00680L,元大美債20正2,6,0,6,兆豐-三重,2023-08-11,7008
00679B,元大美債20年,6,0,6,兆豐-三重,2023-08-11,7008
2312,金寶,7,1,6,兆豐-三重,2023-08-11,7008
6111,大宇資,6,0,6,兆豐-三重,2023-08-11,7008
6122,擎邦,11,5,6,兆豐-三重,2023-08-11,7008
8097,常珵,6,0,6,兆豐-三重,2023-08-11,7008
6469,大樹,6,1,5,兆豐-三重,2023-08-11,7008
1402,遠東新,5,0,5,兆豐-三重,2023-08-11,7008
1710,東聯,7,2,5,兆豐-三重,2023-08-11,7008
2412,中華電,5,0,5,兆豐-三重,2023-08-11,7008
2426,鼎元,5,0,5,兆豐-三重,2023-08-11,7008
2739,寒舍,5,0,5,兆豐-三重,2023-08-11,7008
3499,環天科,5,0,5,兆豐-三重,2023-08-11,7008
4540,全球傳動,5,0,5,兆豐-三重,2023-08-11,7008
5009,榮剛,5,0,5,兆豐-三重,2023-08-11,7008
3058,立德,97,0,97,兆豐-三重,2023-08-14,7008
2618,長榮航,102,21,81,兆豐-三重,2023-08-14,7008
00929,復華台灣科技優息,64,0,64,兆豐-三重,2023-08-14,7008
4909,新復興,59,1,58,兆豐-三重,2023-08-14,7008
1591,駿吉-KY,50,0,50,兆豐-三重,2023-08-14,7008
2393,億光,50,0,50,兆豐-三重,2023-08-14,7008
2354,鴻準,40,0,40,兆豐-三重,2023-08-14,7008
00712,復華富時不動產,38,0,38,兆豐-三重,2023-08-14,7008
2208,台船,31,0,31,兆豐-三重,2023-08-14,7008
1101,台泥,22,0,22,兆豐-三重,2023-08-14,7008
8916,光隆,21,0,21,兆豐-三重,2023-08-14,7008
00900,富邦特選高股息30,20,0,20,兆豐-三重,2023-08-14,7008
3138,耀登,20,0,20,兆豐-三重,2023-08-14,7008
2609,陽明,18,1,17,兆豐-三重,2023-08-14,7008
6282,康舒,16,1,15,兆豐-三重,2023-08-14,7008
00720B,元大投資級公司債,15,0,15,兆豐-三重,2023-08-14,7008
00751B,元大AAA至A公司債,15,0,15,兆豐-三重,2023-08-14,7008
4114,健喬,14,0,14,兆豐-三重,2023-08-14,7008
2409,友達,12,0,12,兆豐-三重,2023-08-14,7008
00919,群益台灣精選高息,11,0,11,兆豐-三重,2023-08-14,7008
2323,中環,19,8,11,兆豐-三重,2023-08-14,7008
3483,力致,21,11,10,兆豐-三重,2023-08-14,7008
3056,富華新,10,0,10,兆豐-三重,2023-08-14,7008
00772B,中信高評級公司債,10,0,10,兆豐-三重,2023-08-14,7008
00730,富邦臺灣優質高息,10,0,10,兆豐-三重,2023-08-14,7008
00881,國泰台灣5G+,10,0,10,兆豐-三重,2023-08-14,7008
1310,台苯,10,0,10,兆豐-三重,2023-08-14,7008
2313,華通,10,0,10,兆豐-三重,2023-08-14,7008
3027,盛達,10,0,10,兆豐-三重,2023-08-14,7008
4414,如興,10,0,10,兆豐-三重,2023-08-14,7008
8046,南電,10,0,10,兆豐-三重,2023-08-14,7008
9105,泰金寶-DR,10,0,10,兆豐-三重,2023-08-14,7008
2371,大同,10,1,9,兆豐-三重,2023-08-14,7008
3481,群創,14,5,9,兆豐-三重,2023-08-14,7008
6547,高端疫苗,9,0,9,兆豐-三重,2023-08-14,7008
2886,兆豐金,9,0,9,兆豐-三重,2023-08-14,7008
00923,群益台ESG低碳50,8,0,8,兆豐-三重,2023-08-14,7008
6120,達運,8,0,8,兆豐-三重,2023-08-14,7008
2610,華航,18,11,7,兆豐-三重,2023-08-14,7008
2449,京元電子,7,0,7,兆豐-三重,2023-08-14,7008
2883,凱基金,7,0,7,兆豐-三重,2023-08-14,7008
2002,中鋼,6,0,6,兆豐-三重,2023-08-14,7008
2891,中信金,14,8,6,兆豐-三重,2023-08-14,7008
00888,永豐台灣ESG,6,0,6,兆豐-三重,2023-08-14,7008
2031,新光鋼,6,0,6,兆豐-三重,2023-08-14,7008
2105,正新,6,0,6,兆豐-三重,2023-08-14,7008
8358,金居,6,0,6,兆豐-三重,2023-08-14,7008
2330,台積電,6,0,6,兆豐-三重,2023-08-14,7008
00637L,元大滬深300正2,5,0,5,兆豐-三重,2023-08-14,7008
1526,日馳,5,0,5,兆豐-三重,2023-08-14,7008
00923,群益台ESG低碳50,51,0,51,兆豐-三重,2023-08-15,7008
2301,光寶科,49,8,41,兆豐-三重,2023-08-15,7008
00720B,元大投資級公司債,32,0,32,兆豐-三重,2023-08-15,7008
2618,長榮航,84,57,27,兆豐-三重,2023-08-15,7008
00907,永豐優息存股,25,0,25,兆豐-三重,2023-08-15,7008
00931B,統一美債20年,20,0,20,兆豐-三重,2023-08-15,7008
6202,盛群,20,0,20,兆豐-三重,2023-08-15,7008
4909,新復興,19,0,19,兆豐-三重,2023-08-15,7008
2382,廣達,157,142,15,兆豐-三重,2023-08-15,7008
00772B,中信高評級公司債,13,0,13,兆豐-三重,2023-08-15,7008
00929,復華台灣科技優息,13,0,13,兆豐-三重,2023-08-15,7008
1312,國喬,12,0,12,兆豐-三重,2023-08-15,7008
2913,農林,12,0,12,兆豐-三重,2023-08-15,7008
2603,長榮,12,0,12,兆豐-三重,2023-08-15,7008
2739,寒舍,11,0,11,兆豐-三重,2023-08-15,7008
6188,廣明,43,32,11,兆豐-三重,2023-08-15,7008
2027,大成鋼,10,0,10,兆豐-三重,2023-08-15,7008
1310,台苯,10,0,10,兆豐-三重,2023-08-15,7008
1905,華紙,10,0,10,兆豐-三重,2023-08-15,7008
2104,國際中橡,10,0,10,兆豐-三重,2023-08-15,7008
2317,鴻海,30,20,10,兆豐-三重,2023-08-15,7008
2002,中鋼,9,0,9,兆豐-三重,2023-08-15,7008
2353,宏��,9,0,9,兆豐-三重,2023-08-15,7008
3231,緯創,29,21,8,兆豐-三重,2023-08-15,7008
1809,中釉,8,0,8,兆豐-三重,2023-08-15,7008
2022,聚亨,8,0,8,兆豐-三重,2023-08-15,7008
2883,凱基金,8,0,8,兆豐-三重,2023-08-15,7008
2888,新光金,10,2,8,兆豐-三重,2023-08-15,7008
6114,久威,8,0,8,兆豐-三重,2023-08-15,7008
00679B,元大美債20年,8,1,7,兆豐-三重,2023-08-15,7008
2388,威盛,9,2,7,兆豐-三重,2023-08-15,7008
2355,敬鵬,6,0,6,兆豐-三重,2023-08-15,7008
3537,堡達,6,0,6,兆豐-三重,2023-08-15,7008
6111,大宇資,6,0,6,兆豐-三重,2023-08-15,7008
1477,聚陽,6,0,6,兆豐-三重,2023-08-15,7008
00795B,中信美國公債20年,5,0,5,兆豐-三重,2023-08-15,7008
2891,中信金,6,1,5,兆豐-三重,2023-08-15,7008
1710,東聯,5,0,5,兆豐-三重,2023-08-15,7008
2349,錸德,5,0,5,兆豐-三重,2023-08-15,7008
3617,碩天,16,11,5,兆豐-三重,2023-08-15,7008
3022,威強電,4,0,4,兆豐-三重,2023-08-15,7008
1503,士電,4,0,4,兆豐-三重,2023-08-15,7008
1108,幸福,4,0,4,兆豐-三重,2023-08-15,7008
00764B,群益25年美債,4,0,4,兆豐-三重,2023-08-15,7008
00696B,富邦美債20年,4,0,4,兆豐-三重,2023-08-15,7008
2201,裕隆,4,0,4,兆豐-三重,2023-08-15,7008
2421,建準,5,1,4,兆豐-三重,2023-08-15,7008
3481,群創,150,146,4,兆豐-三重,2023-08-15,7008
5475,德宏,4,0,4,兆豐-三重,2023-08-15,7008
8936,國統,4,0,4,兆豐-三重,2023-08-15,7008
0056,元大高股息,401,100,301,兆豐-三重,2023-08-16,7008
2363,矽統,102,6,96,兆豐-三重,2023-08-16,7008
5210,寶碩,53,0,53,兆豐-三重,2023-08-16,7008
00720B,元大投資級公司債,41,0,41,兆豐-三重,2023-08-16,7008
00673R,期元大S＆P原油反1,41,5,36,兆豐-三重,2023-08-16,7008
2303,聯電,51,20,31,兆豐-三重,2023-08-16,7008
3481,群創,37,10,27,兆豐-三重,2023-08-16,7008
00712,復華富時不動產,26,0,26,兆豐-三重,2023-08-16,7008
00929,復華台灣科技優息,30,6,24,兆豐-三重,2023-08-16,7008
006208,富邦台50,20,0,20,兆豐-三重,2023-08-16,7008
1609,大亞,33,15,18,兆豐-三重,2023-08-16,7008
6127,九豪,19,1,18,兆豐-三重,2023-08-16,7008
2618,長榮航,92,75,17,兆豐-三重,2023-08-16,7008
00795B,中信美國公債20年,16,0,16,兆豐-三重,2023-08-16,7008
00632R,元大台灣50反1,15,0,15,兆豐-三重,2023-08-16,7008
2610,華航,12,1,11,兆豐-三重,2023-08-16,7008
1809,中釉,10,0,10,兆豐-三重,2023-08-16,7008
00923,群益台ESG低碳50,9,0,9,兆豐-三重,2023-08-16,7008
2313,華通,8,0,8,兆豐-三重,2023-08-16,7008
2884,玉山金,8,0,8,兆豐-三重,2023-08-16,7008
2323,中環,14,7,7,兆豐-三重,2023-08-16,7008
2332,友訊,31,24,7,兆豐-三重,2023-08-16,7008
2388,威盛,8,1,7,兆豐-三重,2023-08-16,7008
2734,易飛網,7,0,7,兆豐-三重,2023-08-16,7008
3051,力特,8,1,7,兆豐-三重,2023-08-16,7008
3138,耀登,7,0,7,兆豐-三重,2023-08-16,7008
2883,凱基金,11,4,7,兆豐-三重,2023-08-16,7008
00656R,國泰中國A50反1,6,0,6,兆豐-三重,2023-08-16,7008
00772B,中信高評級公司債,6,0,6,兆豐-三重,2023-08-16,7008
1710,東聯,11,5,6,兆豐-三重,2023-08-16,7008
2886,兆豐金,7,1,6,兆豐-三重,2023-08-16,7008
3056,富華新,5,0,5,兆豐-三重,2023-08-16,7008
1217,愛之味,5,0,5,兆豐-三重,2023-08-16,7008
00679B,元大美債20年,6,1,5,兆豐-三重,2023-08-16,7008
2352,佳世達,7,2,5,兆豐-三重,2023-08-16,7008
3017,奇鋐,9,4,5,兆豐-三重,2023-08-16,7008
3046,建��,5,0,5,兆豐-三重,2023-08-16,7008
3308,聯德,5,0,5,兆豐-三重,2023-08-16,7008
3710,連展投控,5,0,5,兆豐-三重,2023-08-16,7008
6728,上洋,5,0,5,兆豐-三重,2023-08-16,7008
1312,國喬,4,0,4,兆豐-三重,2023-08-16,7008
2206,三陽工業,5,1,4,兆豐-三重,2023-08-16,7008
2516,新建,4,0,4,兆豐-三重,2023-08-16,7008
2891,中信金,4,0,4,兆豐-三重,2023-08-16,7008
3206,志豐,4,0,4,兆豐-三重,2023-08-16,7008
3356,奇偶,4,0,4,兆豐-三重,2023-08-16,7008
6167,久正,10,6,4,兆豐-三重,2023-08-16,7008
6218,豪勉,4,0,4,兆豐-三重,2023-08-16,7008
6235,華孚,8,4,4,兆豐-三重,2023-08-16,7008
2834,臺企銀,4,0,4,兆豐-三重,2023-08-16,7008
3290,東浦,229,69,160,兆豐-三重,2023-08-17,7008
6116,彩晶,91,0,91,兆豐-三重,2023-08-17,7008
2324,仁寶,110,24,86,兆豐-三重,2023-08-17,7008
2834,臺企銀,40,0,40,兆豐-三重,2023-08-17,7008
0056,元大高股息,336,298,38,兆豐-三重,2023-08-17,7008
5210,寶碩,37,0,37,兆豐-三重,2023-08-17,7008
00720B,元大投資級公司債,33,0,33,兆豐-三重,2023-08-17,7008
00712,復華富時不動產,28,0,28,兆豐-三重,2023-08-17,7008
3715,定穎投控,31,3,28,兆豐-三重,2023-08-17,7008
00640L,富邦日本正2,24,0,24,兆豐-三重,2023-08-17,7008
2618,長榮航,33,10,23,兆豐-三重,2023-08-17,7008
00679B,元大美債20年,21,0,21,兆豐-三重,2023-08-17,7008
00772B,中信高評級公司債,20,0,20,兆豐-三重,2023-08-17,7008
3056,富華新,24,4,20,兆豐-三重,2023-08-17,7008
2014,中鴻,19,0,19,兆豐-三重,2023-08-17,7008
2312,金寶,21,4,17,兆豐-三重,2023-08-17,7008
00795B,中信美國公債20年,16,0,16,兆豐-三重,2023-08-17,7008
6204,艾華,16,0,16,兆豐-三重,2023-08-17,7008
2886,兆豐金,11,0,11,兆豐-三重,2023-08-17,7008
00929,復華台灣科技優息,12,1,11,兆豐-三重,2023-08-17,7008
1102,亞泥,10,0,10,兆豐-三重,2023-08-17,7008
1802,台玻,12,2,10,兆豐-三重,2023-08-17,7008
2409,友達,11,1,10,兆豐-三重,2023-08-17,7008
2605,新興,10,0,10,兆豐-三重,2023-08-17,7008
6190,萬泰科,10,0,10,兆豐-三重,2023-08-17,7008
6789,采鈺,10,0,10,兆豐-三重,2023-08-17,7008
00913,兆豐台灣晶圓製造,9,0,9,兆豐-三重,2023-08-17,7008
2891,中信金,9,0,9,兆豐-三重,2023-08-17,7008
2002,中鋼,10,2,8,兆豐-三重,2023-08-17,7008
3043,科風,10,2,8,兆豐-三重,2023-08-17,7008
6222,上揚,8,0,8,兆豐-三重,2023-08-17,7008
4746,台耀,8,2,6,兆豐-三重,2023-08-17,7008
00931B,統一美債20年,6,0,6,兆豐-三重,2023-08-17,7008
2206,三陽工業,6,0,6,兆豐-三重,2023-08-17,7008
6142,友勁,6,0,6,兆豐-三重,2023-08-17,7008
6274,台燿,19,13,6,兆豐-三重,2023-08-17,7008
3483,力致,8,3,5,兆豐-三重,2023-08-17,7008
1217,愛之味,5,0,5,兆豐-三重,2023-08-17,7008
1603,華電,5,0,5,兆豐-三重,2023-08-17,7008
1907,永豐餘,10,5,5,兆豐-三重,2023-08-17,7008
2303,聯電,13,8,5,兆豐-三重,2023-08-17,7008
2401,凌陽,8,3,5,兆豐-三重,2023-08-17,7008
2887,台新金,5,0,5,兆豐-三重,2023-08-17,7008
3027,盛達,5,0,5,兆豐-三重,2023-08-17,7008
3711,日月光投控,5,0,5,兆豐-三重,2023-08-17,7008
4915,致伸,5,0,5,兆豐-三重,2023-08-17,7008
5608,四維航,10,5,5,兆豐-三重,2023-08-17,7008
6173,信昌電,5,0,5,兆豐-三重,2023-08-17,7008
00878,國泰永續高股息,4,0,4,兆豐-三重,2023-08-17,7008
00919,群益台灣精選高息,4,0,4,兆豐-三重,2023-08-17,7008
2834,臺企銀,100,0,100,兆豐-三重,2023-08-18,7008
00929,復華台灣科技優息,95,0,95,兆豐-三重,2023-08-18,7008
3231,緯創,142,102,40,兆豐-三重,2023-08-18,7008
1476,儒鴻,30,0,30,兆豐-三重,2023-08-18,7008
2236,百達-KY,21,0,21,兆豐-三重,2023-08-18,7008
2329,華泰,41,21,20,兆豐-三重,2023-08-18,7008
4909,新復興,25,5,20,兆豐-三重,2023-08-18,7008
00772B,中信高評級公司債,15,0,15,兆豐-三重,2023-08-18,7008
2023,燁輝,14,0,14,兆豐-三重,2023-08-18,7008
2613,中櫃,14,0,14,兆豐-三重,2023-08-18,7008
3310,佳穎,14,0,14,兆豐-三重,2023-08-18,7008
3520,華盈,14,0,14,兆豐-三重,2023-08-18,7008
3704,合勤控,15,2,13,兆豐-三重,2023-08-18,7008
00931B,統一美債20年,12,0,12,兆豐-三重,2023-08-18,7008
2449,京元電子,18,6,12,兆豐-三重,2023-08-18,7008
3056,富華新,54,42,12,兆豐-三重,2023-08-18,7008
2618,長榮航,12,1,11,兆豐-三重,2023-08-18,7008
3078,僑威,20,9,11,兆豐-三重,2023-08-18,7008
1217,愛之味,10,0,10,兆豐-三重,2023-08-18,7008
3323,加百裕,10,0,10,兆豐-三重,2023-08-18,7008
8444,綠河-KY,10,0,10,兆豐-三重,2023-08-18,7008
1453,大將,9,0,9,兆豐-三重,2023-08-18,7008
2301,光寶科,90,81,9,兆豐-三重,2023-08-18,7008
2374,佳能,11,2,9,兆豐-三重,2023-08-18,7008
2634,漢翔,13,4,9,兆豐-三重,2023-08-18,7008
1504,東元,8,0,8,兆豐-三重,2023-08-18,7008
3434,哲固,8,0,8,兆豐-三重,2023-08-18,7008
2482,連宇,7,0,7,兆豐-三重,2023-08-18,7008
3324,雙鴻,10,3,7,兆豐-三重,2023-08-18,7008
8048,德勝,7,0,7,兆豐-三重,2023-08-18,7008
3044,健鼎,6,0,6,兆豐-三重,2023-08-18,7008
1710,東聯,6,0,6,兆豐-三重,2023-08-18,7008
1734,杏輝,6,0,6,兆豐-三重,2023-08-18,7008
2313,華通,7,1,6,兆豐-三重,2023-08-18,7008
2401,凌陽,10,4,6,兆豐-三重,2023-08-18,7008
3138,耀登,6,0,6,兆豐-三重,2023-08-18,7008
3162,精確,6,0,6,兆豐-三重,2023-08-18,7008
3207,耀勝,10,4,6,兆豐-三重,2023-08-18,7008
5340,建榮,6,0,6,兆豐-三重,2023-08-18,7008
5439,高技,9,3,6,兆豐-三重,2023-08-18,7008
6222,上揚,6,0,6,兆豐-三重,2023-08-18,7008
2330,台積電,5,0,5,兆豐-三重,2023-08-18,7008
00751B,元大AAA至A公司債,5,0,5,兆豐-三重,2023-08-18,7008
00724B,群益投資級金融債,5,0,5,兆豐-三重,2023-08-18,7008
00720B,元大投資級公司債,5,0,5,兆豐-三重,2023-08-18,7008
2380,虹光,5,0,5,兆豐-三重,2023-08-18,7008
2883,凱基金,5,0,5,兆豐-三重,2023-08-18,7008
3567,逸昌,6,1,5,兆豐-三重,2023-08-18,7008
3706,神達,27,22,5,兆豐-三重,2023-08-18,7008
3710,連展投控,5,0,5,兆豐-三重,2023-08-18,7008
00929,復華台灣科技優息,114,0,114,兆豐-三重,2023-08-21,7008
2882,國泰金,100,0,100,兆豐-三重,2023-08-21,7008
4906,正文,92,23,69,兆豐-三重,2023-08-21,7008
00882,中信中國高股息,23,1,22,兆豐-三重,2023-08-21,7008
1584,精剛,142,122,20,兆豐-三重,2023-08-21,7008
2538,基泰,20,5,15,兆豐-三重,2023-08-21,7008
00720B,元大投資級公司債,20,6,14,兆豐-三重,2023-08-21,7008
1101,台泥,17,3,14,兆豐-三重,2023-08-21,7008
1444,力麗,13,0,13,兆豐-三重,2023-08-21,7008
5244,弘凱,13,0,13,兆豐-三重,2023-08-21,7008
5521,工信,13,0,13,兆豐-三重,2023-08-21,7008
3231,緯創,39,27,12,兆豐-三重,2023-08-21,7008
2618,長榮航,31,20,11,兆豐-三重,2023-08-21,7008
5608,四維航,15,4,11,兆豐-三重,2023-08-21,7008
00878,國泰永續高股息,11,0,11,兆豐-三重,2023-08-21,7008
00687B,國泰20年美債,10,0,10,兆豐-三重,2023-08-21,7008
1305,華夏,10,0,10,兆豐-三重,2023-08-21,7008
00680L,元大美債20正2,10,0,10,兆豐-三重,2023-08-21,7008
2374,佳能,11,1,10,兆豐-三重,2023-08-21,7008
2606,裕民,109,99,10,兆豐-三重,2023-08-21,7008
2637,慧洋-KY,12,2,10,兆豐-三重,2023-08-21,7008
2732,六角,10,0,10,兆豐-三重,2023-08-21,7008
4909,新復興,10,0,10,兆豐-三重,2023-08-21,7008
6218,豪勉,10,0,10,兆豐-三重,2023-08-21,7008
6470,宇智,10,0,10,兆豐-三重,2023-08-21,7008
6668,中揚光,10,0,10,兆豐-三重,2023-08-21,7008
2883,凱基金,9,0,9,兆豐-三重,2023-08-21,7008
2303,聯電,8,0,8,兆豐-三重,2023-08-21,7008
2324,仁寶,46,38,8,兆豐-三重,2023-08-21,7008
2615,萬海,7,0,7,兆豐-三重,2023-08-21,7008
2887,台新金,7,0,7,兆豐-三重,2023-08-21,7008
00679B,元大美債20年,6,0,6,兆豐-三重,2023-08-21,7008
3047,訊舟,6,0,6,兆豐-三重,2023-08-21,7008
3706,神達,20,14,6,兆豐-三重,2023-08-21,7008
6275,元山,7,1,6,兆豐-三重,2023-08-21,7008
1218,泰山,5,0,5,兆豐-三重,2023-08-21,7008
00892,富邦台灣半導體,5,0,5,兆豐-三重,2023-08-21,7008
00753L,中信中國50正2,5,0,5,兆豐-三重,2023-08-21,7008
00665L,富邦�琤肭磪囓�2,10,5,5,兆豐-三重,2023-08-21,7008
1536,和大,5,0,5,兆豐-三重,2023-08-21,7008
2371,大同,8,3,5,兆豐-三重,2023-08-21,7008
2485,兆赫,5,0,5,兆豐-三重,2023-08-21,7008
2609,陽明,5,0,5,兆豐-三重,2023-08-21,7008
6108,競國,5,0,5,兆豐-三重,2023-08-21,7008
8444,綠河-KY,5,0,5,兆豐-三重,2023-08-21,7008
0050,元大台灣50,5,0,5,兆豐-三重,2023-08-21,7008
1524,耿鼎,4,0,4,兆豐-三重,2023-08-21,7008
1708,東鹼,4,0,4,兆豐-三重,2023-08-21,7008
4714,永捷,4,0,4,兆豐-三重,2023-08-21,7008
5864,致和證,4,0,4,兆豐-三重,2023-08-21,7008
8076,伍豐,179,62,117,兆豐-三重,2023-08-22,7008
6235,華孚,94,20,74,兆豐-三重,2023-08-22,7008
0056,元大高股息,129,59,70,兆豐-三重,2023-08-22,7008
2301,光寶科,89,48,41,兆豐-三重,2023-08-22,7008
2323,中環,35,4,31,兆豐-三重,2023-08-22,7008
4111,濟生,30,0,30,兆豐-三重,2023-08-22,7008
00878,國泰永續高股息,30,3,27,兆豐-三重,2023-08-22,7008
4906,正文,101,74,27,兆豐-三重,2023-08-22,7008
2421,建準,31,6,25,兆豐-三重,2023-08-22,7008
00929,復華台灣科技優息,24,0,24,兆豐-三重,2023-08-22,7008
2002,中鋼,33,10,23,兆豐-三重,2023-08-22,7008
1310,台苯,20,0,20,兆豐-三重,2023-08-22,7008
2409,友達,20,0,20,兆豐-三重,2023-08-22,7008
3051,力特,31,11,20,兆豐-三重,2023-08-22,7008
2610,華航,15,1,14,兆豐-三重,2023-08-22,7008
3338,泰碩,12,1,11,兆豐-三重,2023-08-22,7008
00712,復華富時不動產,10,0,10,兆豐-三重,2023-08-22,7008
00772B,中信高評級公司債,10,0,10,兆豐-三重,2023-08-22,7008
1514,亞力,10,0,10,兆豐-三重,2023-08-22,7008
3710,連展投控,10,0,10,兆豐-三重,2023-08-22,7008
4532,瑞智,10,0,10,兆豐-三重,2023-08-22,7008
5210,寶碩,10,0,10,兆豐-三重,2023-08-22,7008
5452,佶優,12,2,10,兆豐-三重,2023-08-22,7008
1319,東陽,8,0,8,兆豐-三重,2023-08-22,7008
2353,宏��,10,3,7,兆豐-三重,2023-08-22,7008
2371,大同,7,0,7,兆豐-三重,2023-08-22,7008
2645,長榮航太,9,2,7,兆豐-三重,2023-08-22,7008
3021,鴻名,7,0,7,兆豐-三重,2023-08-22,7008
3078,僑威,11,4,7,兆豐-三重,2023-08-22,7008
3537,堡達,7,0,7,兆豐-三重,2023-08-22,7008
5439,高技,13,6,7,兆豐-三重,2023-08-22,7008
2886,兆豐金,8,1,7,兆豐-三重,2023-08-22,7008
1513,中興電,6,0,6,兆豐-三重,2023-08-22,7008
1504,東元,6,0,6,兆豐-三重,2023-08-22,7008
1584,精剛,7,1,6,兆豐-三重,2023-08-22,7008
2329,華泰,11,5,6,兆豐-三重,2023-08-22,7008
2332,友訊,6,0,6,兆豐-三重,2023-08-22,7008
3207,耀勝,12,6,6,兆豐-三重,2023-08-22,7008
00795B,中信美國公債20年,5,0,5,兆豐-三重,2023-08-22,7008
00665L,富邦�琤肭磪囓�2,10,5,5,兆豐-三重,2023-08-22,7008
1536,和大,5,0,5,兆豐-三重,2023-08-22,7008
1907,永豐餘,5,0,5,兆豐-三重,2023-08-22,7008
2201,裕隆,5,0,5,兆豐-三重,2023-08-22,7008
2739,寒舍,5,0,5,兆豐-三重,2023-08-22,7008
2883,凱基金,5,0,5,兆豐-三重,2023-08-22,7008
4916,事欣科,5,0,5,兆豐-三重,2023-08-22,7008
5523,豐謙,5,0,5,兆豐-三重,2023-08-22,7008
5871,中租-KY,5,0,5,兆豐-三重,2023-08-22,7008
6412,群電,5,0,5,兆豐-三重,2023-08-22,7008
00885,富邦越南,5,1,4,兆豐-三重,2023-08-22,7008
8937,合騏,159,9,150,兆豐-三重,2023-08-23,7008
2371,大同,50,0,50,兆豐-三重,2023-08-23,7008
0056,元大高股息,50,1,49,兆豐-三重,2023-08-23,7008
6282,康舒,34,1,33,兆豐-三重,2023-08-23,7008
5880,合庫金,29,0,29,兆豐-三重,2023-08-23,7008
2363,矽統,64,41,23,兆豐-三重,2023-08-23,7008
00782B,國泰A級公用債,22,0,22,兆豐-三重,2023-08-23,7008
2603,長榮,21,1,20,兆豐-三重,2023-08-23,7008
5523,豐謙,20,0,20,兆豐-三重,2023-08-23,7008
2388,威盛,23,7,16,兆豐-三重,2023-08-23,7008
2356,英業達,31,16,15,兆豐-三重,2023-08-23,7008
2520,冠德,15,0,15,兆豐-三重,2023-08-23,7008
6108,競國,19,4,15,兆豐-三重,2023-08-23,7008
2618,長榮航,169,155,14,兆豐-三重,2023-08-23,7008
2634,漢翔,27,13,14,兆豐-三重,2023-08-23,7008
2002,中鋼,12,0,12,兆豐-三重,2023-08-23,7008
00712,復華富時不動產,11,0,11,兆豐-三重,2023-08-23,7008
1810,和成,21,10,11,兆豐-三重,2023-08-23,7008
1905,華紙,11,0,11,兆豐-三重,2023-08-23,7008
3032,偉訓,10,0,10,兆豐-三重,2023-08-23,7008
5475,德宏,10,0,10,兆豐-三重,2023-08-23,7008
6789,采鈺,9,0,9,兆豐-三重,2023-08-23,7008
2498,宏達電,10,1,9,兆豐-三重,2023-08-23,7008
2883,凱基金,9,0,9,兆豐-三重,2023-08-23,7008
5871,中租-KY,10,1,9,兆豐-三重,2023-08-23,7008
00892,富邦台灣半導體,8,0,8,兆豐-三重,2023-08-23,7008
2329,華泰,17,10,7,兆豐-三重,2023-08-23,7008
3013,晟銘電,41,35,6,兆豐-三重,2023-08-23,7008
1802,台玻,6,0,6,兆豐-三重,2023-08-23,7008
2609,陽明,6,0,6,兆豐-三重,2023-08-23,7008
3078,僑威,10,4,6,兆豐-三重,2023-08-23,7008
3380,明泰,6,0,6,兆豐-三重,2023-08-23,7008
3022,威強電,5,0,5,兆豐-三重,2023-08-23,7008
1444,力麗,5,0,5,兆豐-三重,2023-08-23,7008
1526,日馳,5,0,5,兆豐-三重,2023-08-23,7008
1524,耿鼎,5,0,5,兆豐-三重,2023-08-23,7008
00929,復華台灣科技優息,19,14,5,兆豐-三重,2023-08-23,7008
2104,國際中橡,5,0,5,兆豐-三重,2023-08-23,7008
2236,百達-KY,5,0,5,兆豐-三重,2023-08-23,7008
2303,聯電,5,0,5,兆豐-三重,2023-08-23,7008
2405,輔信,5,0,5,兆豐-三重,2023-08-23,7008
2438,翔耀,5,0,5,兆豐-三重,2023-08-23,7008
5328,華容,5,0,5,兆豐-三重,2023-08-23,7008
5511,德昌,5,0,5,兆豐-三重,2023-08-23,7008
6182,合晶,8,3,5,兆豐-三重,2023-08-23,7008
6222,上揚,5,0,5,兆豐-三重,2023-08-23,7008
6877,鏵友益,5,0,5,兆豐-三重,2023-08-23,7008
9962,有益,5,0,5,兆豐-三重,2023-08-23,7008
2884,玉山金,5,0,5,兆豐-三重,2023-08-23,7008
4543,萬在,4,0,4,兆豐-三重,2023-08-23,7008
2606,裕民,56,0,56,兆豐-三重,2023-08-24,7008
2323,中環,62,11,51,兆豐-三重,2023-08-24,7008
00637L,元大滬深300正2,40,1,39,兆豐-三重,2023-08-24,7008
1810,和成,30,0,30,兆豐-三重,2023-08-24,7008
2618,長榮航,74,47,27,兆豐-三重,2023-08-24,7008
2324,仁寶,65,42,23,兆豐-三重,2023-08-24,7008
8937,合騏,23,0,23,兆豐-三重,2023-08-24,7008
1809,中釉,20,0,20,兆豐-三重,2023-08-24,7008
2352,佳世達,21,2,19,兆豐-三重,2023-08-24,7008
00929,復華台灣科技優息,18,0,18,兆豐-三重,2023-08-24,7008
2486,一詮,20,2,18,兆豐-三重,2023-08-24,7008
4906,正文,69,53,16,兆豐-三重,2023-08-24,7008
2609,陽明,16,1,15,兆豐-三重,2023-08-24,7008
2615,萬海,18,4,14,兆豐-三重,2023-08-24,7008
00878,國泰永續高股息,30,17,13,兆豐-三重,2023-08-24,7008
4533,協易機,13,1,12,兆豐-三重,2023-08-24,7008
2363,矽統,65,54,11,兆豐-三重,2023-08-24,7008
6202,盛群,11,0,11,兆豐-三重,2023-08-24,7008
00788B,元大10年IG電能債,10,0,10,兆豐-三重,2023-08-24,7008
2867,三商壽,10,0,10,兆豐-三重,2023-08-24,7008
4207,環泰,10,0,10,兆豐-三重,2023-08-24,7008
1609,大亞,9,0,9,兆豐-三重,2023-08-24,7008
3311,閎暉,9,0,9,兆豐-三重,2023-08-24,7008
1737,臺鹽,8,0,8,兆豐-三重,2023-08-24,7008
2399,映泰,16,8,8,兆豐-三重,2023-08-24,7008
3035,智原,25,17,8,兆豐-三重,2023-08-24,7008
5009,榮剛,8,0,8,兆豐-三重,2023-08-24,7008
6605,帝寶,8,0,8,兆豐-三重,2023-08-24,7008
00907,永豐優息存股,7,0,7,兆豐-三重,2023-08-24,7008
00900,富邦特選高股息30,7,0,7,兆豐-三重,2023-08-24,7008
6120,達運,7,0,7,兆豐-三重,2023-08-24,7008
9904,寶成,7,0,7,兆豐-三重,2023-08-24,7008
6282,康舒,11,4,7,兆豐-三重,2023-08-24,7008
2409,友達,6,0,6,兆豐-三重,2023-08-24,7008
3234,光環,6,0,6,兆豐-三重,2023-08-24,7008
3264,欣銓,6,0,6,兆豐-三重,2023-08-24,7008
3583,辛耘,8,2,6,兆豐-三重,2023-08-24,7008
3630,新鉅科,10,4,6,兆豐-三重,2023-08-24,7008
6753,龍德造船,6,0,6,兆豐-三重,2023-08-24,7008
4938,和碩,8,2,6,兆豐-三重,2023-08-24,7008
3483,力致,10,5,5,兆豐-三重,2023-08-24,7008
2331,精英,6,1,5,兆豐-三重,2023-08-24,7008
2402,毅嘉,5,0,5,兆豐-三重,2023-08-24,7008
2460,建通,5,0,5,兆豐-三重,2023-08-24,7008
2883,凱基金,90,85,5,兆豐-三重,2023-08-24,7008
5523,豐謙,5,0,5,兆豐-三重,2023-08-24,7008
5876,上海商銀,5,0,5,兆豐-三重,2023-08-24,7008
6139,亞翔,5,0,5,兆豐-三重,2023-08-24,7008
6175,立敦,5,0,5,兆豐-三重,2023-08-24,7008
6209,今國光,5,0,5,兆豐-三重,2023-08-24,7008
2618,長榮航,125,7,118,兆豐-三重,2023-08-25,7008
00878,國泰永續高股息,70,1,69,兆豐-三重,2023-08-25,7008
3231,緯創,76,14,62,兆豐-三重,2023-08-25,7008
2303,聯電,60,0,60,兆豐-三重,2023-08-25,7008
2002,中鋼,51,0,51,兆豐-三重,2023-08-25,7008
00919,群益台灣精選高息,33,0,33,兆豐-三重,2023-08-25,7008
8927,北基,20,0,20,兆豐-三重,2023-08-25,7008
2634,漢翔,25,5,20,兆豐-三重,2023-08-25,7008
00929,復華台灣科技優息,19,0,19,兆豐-三重,2023-08-25,7008
3531,先益,19,0,19,兆豐-三重,2023-08-25,7008
3094,聯傑,17,1,16,兆豐-三重,2023-08-25,7008
9955,佳龍,16,0,16,兆豐-三重,2023-08-25,7008
8937,合騏,15,0,15,兆豐-三重,2023-08-25,7008
3232,昱捷,14,0,14,兆豐-三重,2023-08-25,7008
5706,鳳凰,34,20,14,兆豐-三重,2023-08-25,7008
1409,新纖,13,0,13,兆豐-三重,2023-08-25,7008
5464,霖宏,13,0,13,兆豐-三重,2023-08-25,7008
2610,華航,57,45,12,兆豐-三重,2023-08-25,7008
00720B,元大投資級公司債,11,0,11,兆豐-三重,2023-08-25,7008
2330,台積電,11,0,11,兆豐-三重,2023-08-25,7008
3051,力特,10,0,10,兆豐-三重,2023-08-25,7008
2880,華南金,10,0,10,兆豐-三重,2023-08-25,7008
1522,堤維西,10,0,10,兆豐-三重,2023-08-25,7008
2359,所羅門,11,1,10,兆豐-三重,2023-08-25,7008
2834,臺企銀,10,0,10,兆豐-三重,2023-08-25,7008
5410,國眾,10,0,10,兆豐-三重,2023-08-25,7008
3037,欣興,10,1,9,兆豐-三重,2023-08-25,7008
3189,景碩,9,0,9,兆豐-三重,2023-08-25,7008
6179,亞通,9,0,9,兆豐-三重,2023-08-25,7008
3013,晟銘電,14,6,8,兆豐-三重,2023-08-25,7008
6147,頎邦,9,1,8,兆豐-三重,2023-08-25,7008
8222,寶一,13,5,8,兆豐-三重,2023-08-25,7008
1514,亞力,9,2,7,兆豐-三重,2023-08-25,7008
2332,友訊,7,0,7,兆豐-三重,2023-08-25,7008
2353,宏��,12,5,7,兆豐-三重,2023-08-25,7008
4116,明基醫,7,0,7,兆豐-三重,2023-08-25,7008
4171,瑞基,7,0,7,兆豐-三重,2023-08-25,7008
00881,國泰台灣5G+,6,0,6,兆豐-三重,2023-08-25,7008
1802,台玻,7,1,6,兆豐-三重,2023-08-25,7008
2355,敬鵬,6,0,6,兆豐-三重,2023-08-25,7008
4129,聯合,6,0,6,兆豐-三重,2023-08-25,7008
5348,正能量智能,6,0,6,兆豐-三重,2023-08-25,7008
6284,佳邦,6,0,6,兆豐-三重,2023-08-25,7008
00830,國泰費城半導體,6,0,6,兆豐-三重,2023-08-25,7008
00712,復華富時不動產,5,0,5,兆豐-三重,2023-08-25,7008
00892,富邦台灣半導體,5,0,5,兆豐-三重,2023-08-25,7008
1217,愛之味,5,0,5,兆豐-三重,2023-08-25,7008
2408,南亞科,5,0,5,兆豐-三重,2023-08-25,7008
2883,凱基金,5,0,5,兆豐-三重,2023-08-25,7008
5243,乙盛-KY,5,0,5,兆豐-三重,2023-08-25,7008
2323,中環,73,2,71,兆豐-三重,2023-08-28,7008
4906,正文,55,4,51,兆豐-三重,2023-08-28,7008
2606,裕民,50,1,49,兆豐-三重,2023-08-28,7008
2886,兆豐金,25,2,23,兆豐-三重,2023-08-28,7008
2388,威盛,27,5,22,兆豐-三重,2023-08-28,7008
1609,大亞,20,0,20,兆豐-三重,2023-08-28,7008
3017,奇鋐,23,3,20,兆豐-三重,2023-08-28,7008
00878,國泰永續高股息,19,1,18,兆豐-三重,2023-08-28,7008
5483,中美晶,14,0,14,兆豐-三重,2023-08-28,7008
00795B,中信美國公債20年,12,0,12,兆豐-三重,2023-08-28,7008
3567,逸昌,11,0,11,兆豐-三重,2023-08-28,7008
3032,偉訓,10,0,10,兆豐-三重,2023-08-28,7008
1471,首利,15,5,10,兆豐-三重,2023-08-28,7008
2610,華航,10,0,10,兆豐-三重,2023-08-28,7008
2702,華園,10,0,10,兆豐-三重,2023-08-28,7008
9105,泰金寶-DR,10,0,10,兆豐-三重,2023-08-28,7008
2867,三商壽,8,0,8,兆豐-三重,2023-08-28,7008
2891,中信金,8,0,8,兆豐-三重,2023-08-28,7008
5464,霖宏,8,0,8,兆豐-三重,2023-08-28,7008
2421,建準,7,0,7,兆豐-三重,2023-08-28,7008
2482,連宇,7,0,7,兆豐-三重,2023-08-28,7008
2485,兆赫,16,9,7,兆豐-三重,2023-08-28,7008
3037,欣興,14,8,6,兆豐-三重,2023-08-28,7008
2748,雲品,6,0,6,兆豐-三重,2023-08-28,7008
5608,四維航,6,0,6,兆豐-三重,2023-08-28,7008
1476,儒鴻,5,0,5,兆豐-三重,2023-08-28,7008
1529,樂事綠能,5,0,5,兆豐-三重,2023-08-28,7008
1536,和大,5,0,5,兆豐-三重,2023-08-28,7008
2201,裕隆,33,28,5,兆豐-三重,2023-08-28,7008
3078,僑威,5,0,5,兆豐-三重,2023-08-28,7008
3583,辛耘,9,4,5,兆豐-三重,2023-08-28,7008
4111,濟生,5,0,5,兆豐-三重,2023-08-28,7008
6163,華電網,5,0,5,兆豐-三重,2023-08-28,7008
6275,元山,5,0,5,兆豐-三重,2023-08-28,7008
00712,復華富時不動產,4,0,4,兆豐-三重,2023-08-28,7008
1785,光洋科,4,0,4,兆豐-三重,2023-08-28,7008
2401,凌陽,10,6,4,兆豐-三重,2023-08-28,7008
2883,凱基金,4,0,4,兆豐-三重,2023-08-28,7008
4714,永捷,5,1,4,兆豐-三重,2023-08-28,7008
6125,廣運,4,0,4,兆豐-三重,2023-08-28,7008
2301,光寶科,11,7,4,兆豐-三重,2023-08-28,7008
4979,華星光,45,41,4,兆豐-三重,2023-08-28,7008
1101,台泥,3,0,3,兆豐-三重,2023-08-28,7008
00665L,富邦�琤肭磪囓�2,3,0,3,兆豐-三重,2023-08-28,7008
1584,精剛,5,2,3,兆豐-三重,2023-08-28,7008
2359,所羅門,3,0,3,兆豐-三重,2023-08-28,7008
2457,飛宏,5,2,3,兆豐-三重,2023-08-28,7008
3071,協禧,4,1,3,兆豐-三重,2023-08-28,7008
3105,穩懋,3,0,3,兆豐-三重,2023-08-28,7008
3260,威剛,3,0,3,兆豐-三重,2023-08-28,7008
0056,元大高股息,285,101,184,兆豐-三重,2023-08-29,7008
2317,鴻海,275,184,91,兆豐-三重,2023-08-29,7008
5880,合庫金,50,0,50,兆豐-三重,2023-08-29,7008
00929,復華台灣科技優息,45,0,45,兆豐-三重,2023-08-29,7008
1810,和成,32,0,32,兆豐-三重,2023-08-29,7008
00919,群益台灣精選高息,31,0,31,兆豐-三重,2023-08-29,7008
8937,合騏,25,0,25,兆豐-三重,2023-08-29,7008
3481,群創,24,0,24,兆豐-三重,2023-08-29,7008
2363,矽統,175,154,21,兆豐-三重,2023-08-29,7008
3017,奇鋐,56,35,21,兆豐-三重,2023-08-29,7008
1605,華新,20,0,20,兆豐-三重,2023-08-29,7008
2303,聯電,20,2,18,兆豐-三重,2023-08-29,7008
3231,緯創,133,117,16,兆豐-三重,2023-08-29,7008
2913,農林,15,0,15,兆豐-三重,2023-08-29,7008
3044,健鼎,18,3,15,兆豐-三重,2023-08-29,7008
3308,聯德,22,9,13,兆豐-三重,2023-08-29,7008
3706,神達,25,12,13,兆豐-三重,2023-08-29,7008
6235,華孚,28,17,11,兆豐-三重,2023-08-29,7008
2615,萬海,10,0,10,兆豐-三重,2023-08-29,7008
2402,毅嘉,9,0,9,兆豐-三重,2023-08-29,7008
2356,英業達,30,23,7,兆豐-三重,2023-08-29,7008
5864,致和證,7,0,7,兆豐-三重,2023-08-29,7008
2002,中鋼,44,38,6,兆豐-三重,2023-08-29,7008
00900,富邦特選高股息30,6,0,6,兆豐-三重,2023-08-29,7008
3537,堡達,6,0,6,兆豐-三重,2023-08-29,7008
2618,長榮航,26,20,6,兆豐-三重,2023-08-29,7008
2027,大成鋼,5,0,5,兆豐-三重,2023-08-29,7008
00753L,中信中國50正2,5,0,5,兆豐-三重,2023-08-29,7008
3289,宜特,7,2,5,兆豐-三重,2023-08-29,7008
4967,十銓,5,0,5,兆豐-三重,2023-08-29,7008
1514,亞力,4,0,4,兆豐-三重,2023-08-29,7008
2105,正新,4,0,4,兆豐-三重,2023-08-29,7008
2312,金寶,4,0,4,兆豐-三重,2023-08-29,7008
2421,建準,8,4,4,兆豐-三重,2023-08-29,7008
2440,太空梭,4,0,4,兆豐-三重,2023-08-29,7008
6282,康舒,4,0,4,兆豐-三重,2023-08-29,7008
6285,啟��,5,1,4,兆豐-三重,2023-08-29,7008
8016,矽創,4,0,4,兆豐-三重,2023-08-29,7008
1504,東元,3,0,3,兆豐-三重,2023-08-29,7008
1467,南緯,3,0,3,兆豐-三重,2023-08-29,7008
3663,鑫科,3,0,3,兆豐-三重,2023-08-29,7008
5353,台林,3,0,3,兆豐-三重,2023-08-29,7008
5457,宣德,3,0,3,兆豐-三重,2023-08-29,7008
6874,倍力,3,0,3,兆豐-三重,2023-08-29,7008
8936,國統,3,0,3,兆豐-三重,2023-08-29,7008
9944,新麗,3,0,3,兆豐-三重,2023-08-29,7008
2324,仁寶,5,3,2,兆豐-三重,2023-08-29,7008
2014,中鴻,2,0,2,兆豐-三重,2023-08-29,7008
1802,台玻,2,0,2,兆豐-三重,2023-08-29,7008
1216,統一,2,0,2,兆豐-三重,2023-08-29,7008
2344,華邦電,203,43,160,兆豐-三重,2023-08-30,7008
2618,長榮航,77,0,77,兆豐-三重,2023-08-30,7008
00929,復華台灣科技優息,58,0,58,兆豐-三重,2023-08-30,7008
2371,大同,50,1,49,兆豐-三重,2023-08-30,7008
8937,合騏,42,0,42,兆豐-三重,2023-08-30,7008
2610,華航,26,0,26,兆豐-三重,2023-08-30,7008
4128,中天,16,0,16,兆豐-三重,2023-08-30,7008
3481,群創,23,11,12,兆豐-三重,2023-08-30,7008
3607,谷崧,12,0,12,兆豐-三重,2023-08-30,7008
2356,英業達,27,16,11,兆豐-三重,2023-08-30,7008
4967,十銓,27,16,11,兆豐-三重,2023-08-30,7008
1101,台泥,10,0,10,兆豐-三重,2023-08-30,7008
4207,環泰,10,0,10,兆豐-三重,2023-08-30,7008
4532,瑞智,13,4,9,兆豐-三重,2023-08-30,7008
2913,農林,8,0,8,兆豐-三重,2023-08-30,7008
3594,磐儀,8,0,8,兆豐-三重,2023-08-30,7008
5371,中光電,11,3,8,兆豐-三重,2023-08-30,7008
5009,榮剛,7,0,7,兆豐-三重,2023-08-30,7008
2301,光寶科,47,41,6,兆豐-三重,2023-08-30,7008
1319,東陽,12,6,6,兆豐-三重,2023-08-30,7008
00637L,元大滬深300正2,5,0,5,兆豐-三重,2023-08-30,7008
1605,華新,5,0,5,兆豐-三重,2023-08-30,7008
2867,三商壽,5,0,5,兆豐-三重,2023-08-30,7008
2887,台新金,5,0,5,兆豐-三重,2023-08-30,7008
5608,四維航,5,0,5,兆豐-三重,2023-08-30,7008
6126,信音,5,0,5,兆豐-三重,2023-08-30,7008
1514,亞力,4,0,4,兆豐-三重,2023-08-30,7008
6139,亞翔,4,0,4,兆豐-三重,2023-08-30,7008
6488,環球晶,4,0,4,兆豐-三重,2023-08-30,7008
8112,至上,4,0,4,兆豐-三重,2023-08-30,7008
4763,材料-KY,7,3,4,兆豐-三重,2023-08-30,7008
00919,群益台灣精選高息,3,0,3,兆豐-三重,2023-08-30,7008
00900,富邦特選高股息30,3,0,3,兆豐-三重,2023-08-30,7008
2102,泰豐,3,0,3,兆豐-三重,2023-08-30,7008
2409,友達,5,2,3,兆豐-三重,2023-08-30,7008
2485,兆赫,142,139,3,兆豐-三重,2023-08-30,7008
2495,普安,3,0,3,兆豐-三重,2023-08-30,7008
2609,陽明,3,0,3,兆豐-三重,2023-08-30,7008
3035,智原,6,3,3,兆豐-三重,2023-08-30,7008
3324,雙鴻,4,1,3,兆豐-三重,2023-08-30,7008
3617,碩天,5,2,3,兆豐-三重,2023-08-30,7008
3623,富晶通,3,0,3,兆豐-三重,2023-08-30,7008
4142,國光生,3,0,3,兆豐-三重,2023-08-30,7008
4960,誠美材,3,0,3,兆豐-三重,2023-08-30,7008
1477,聚陽,2,0,2,兆豐-三重,2023-08-30,7008
2489,瑞軒,2,0,2,兆豐-三重,2023-08-30,7008
6719,力智,2,0,2,兆豐-三重,2023-08-30,7008
00894,中信小資高價30,2,0,2,兆豐-三重,2023-08-30,7008
00631L,元大台灣50正2,2,0,2,兆豐-三重,2023-08-30,7008
2340,台亞,2,0,2,兆豐-三重,2023-08-30,7008
00929,復華台灣科技優息,87,0,87,兆豐-三重,2023-08-31,7008
2618,長榮航,67,13,54,兆豐-三重,2023-08-31,7008
2355,敬鵬,64,23,41,兆豐-三重,2023-08-31,7008
2886,兆豐金,34,0,34,兆豐-三重,2023-08-31,7008
2344,華邦電,32,2,30,兆豐-三重,2023-08-31,7008
8937,合騏,25,0,25,兆豐-三重,2023-08-31,7008
1809,中釉,20,0,20,兆豐-三重,2023-08-31,7008
2436,偉詮電,32,13,19,兆豐-三重,2023-08-31,7008
2337,旺宏,42,25,17,兆豐-三重,2023-08-31,7008
8358,金居,23,9,14,兆豐-三重,2023-08-31,7008
1802,台玻,12,0,12,兆豐-三重,2023-08-31,7008
2390,云辰,12,0,12,兆豐-三重,2023-08-31,7008
2301,光寶科,15,3,12,兆豐-三重,2023-08-31,7008
3630,新鉅科,11,0,11,兆豐-三重,2023-08-31,7008
1445,大宇,10,0,10,兆豐-三重,2023-08-31,7008
5521,工信,10,0,10,兆豐-三重,2023-08-31,7008
2883,凱基金,8,0,8,兆豐-三重,2023-08-31,7008
2382,廣達,31,24,7,兆豐-三重,2023-08-31,7008
1522,堤維西,9,2,7,兆豐-三重,2023-08-31,7008
6285,啟��,7,0,7,兆豐-三重,2023-08-31,7008
1903,士紙,6,0,6,兆豐-三重,2023-08-31,7008
3014,聯陽,9,3,6,兆豐-三重,2023-08-31,7008
3149,正達,6,0,6,兆豐-三重,2023-08-31,7008
3548,兆利,12,6,6,兆豐-三重,2023-08-31,7008
1471,首利,5,0,5,兆豐-三重,2023-08-31,7008
2312,金寶,5,0,5,兆豐-三重,2023-08-31,7008
2610,華航,6,1,5,兆豐-三重,2023-08-31,7008
3380,明泰,7,2,5,兆豐-三重,2023-08-31,7008
4111,濟生,5,0,5,兆豐-三重,2023-08-31,7008
4207,環泰,5,0,5,兆豐-三重,2023-08-31,7008
4736,泰博,5,0,5,兆豐-三重,2023-08-31,7008
5347,世界,5,0,5,兆豐-三重,2023-08-31,7008
5876,上海商銀,5,0,5,兆豐-三重,2023-08-31,7008
00900,富邦特選高股息30,4,0,4,兆豐-三重,2023-08-31,7008
2324,仁寶,6,2,4,兆豐-三重,2023-08-31,7008
3483,力致,4,0,4,兆豐-三重,2023-08-31,7008
5478,智冠,4,0,4,兆豐-三重,2023-08-31,7008
6282,康舒,4,0,4,兆豐-三重,2023-08-31,7008
6770,力積電,5,1,4,兆豐-三重,2023-08-31,7008
8112,至上,4,0,4,兆豐-三重,2023-08-31,7008
8222,寶一,9,5,4,兆豐-三重,2023-08-31,7008
6669,緯穎,4,1,3,兆豐-三重,2023-08-31,7008
2330,台積電,3,0,3,兆豐-三重,2023-08-31,7008
2340,台亞,3,0,3,兆豐-三重,2023-08-31,7008
2444,兆勁,3,0,3,兆豐-三重,2023-08-31,7008
2615,萬海,3,0,3,兆豐-三重,2023-08-31,7008
2734,易飛網,5,2,3,兆豐-三重,2023-08-31,7008
3138,耀登,3,0,3,兆豐-三重,2023-08-31,7008
3661,世芯-KY,6,3,3,兆豐-三重,2023-08-31,7008
4967,十銓,16,13,3,兆豐-三重,2023-08-31,7008
5880,合庫金,300,0,300,兆豐-三重,2023-09-01,7008
2382,廣達,86,28,58,兆豐-三重,2023-09-01,7008
2618,長榮航,81,33,48,兆豐-三重,2023-09-01,7008
3231,緯創,72,25,47,兆豐-三重,2023-09-01,7008
2409,友達,41,0,41,兆豐-三重,2023-09-01,7008
2355,敬鵬,45,7,38,兆豐-三重,2023-09-01,7008
2485,兆赫,89,56,33,兆豐-三重,2023-09-01,7008
00929,復華台灣科技優息,32,0,32,兆豐-三重,2023-09-01,7008
5864,致和證,30,0,30,兆豐-三重,2023-09-01,7008
2356,英業達,132,103,29,兆豐-三重,2023-09-01,7008
2615,萬海,28,2,26,兆豐-三重,2023-09-01,7008
00673R,期元大S＆P原油反1,25,0,25,兆豐-三重,2023-09-01,7008
2323,中環,34,10,24,兆豐-三重,2023-09-01,7008
4148,全宇生技-KY,23,0,23,兆豐-三重,2023-09-01,7008
8937,合騏,23,0,23,兆豐-三重,2023-09-01,7008
00919,群益台灣精選高息,22,0,22,兆豐-三重,2023-09-01,7008
2312,金寶,26,4,22,兆豐-三重,2023-09-01,7008
6190,萬泰科,20,0,20,兆豐-三重,2023-09-01,7008
3078,僑威,20,1,19,兆豐-三重,2023-09-01,7008
6113,亞矽,16,0,16,兆豐-三重,2023-09-01,7008
3576,聯合再生,15,0,15,兆豐-三重,2023-09-01,7008
1810,和成,14,0,14,兆豐-三重,2023-09-01,7008
6443,元晶,13,0,13,兆豐-三重,2023-09-01,7008
2402,毅嘉,72,60,12,兆豐-三重,2023-09-01,7008
6283,淳安,12,0,12,兆豐-三重,2023-09-01,7008
6547,高端疫苗,12,0,12,兆豐-三重,2023-09-01,7008
8358,金居,12,0,12,兆豐-三重,2023-09-01,7008
2376,技嘉,47,36,11,兆豐-三重,2023-09-01,7008
1522,堤維西,17,6,11,兆豐-三重,2023-09-01,7008
2427,三商電,11,0,11,兆豐-三重,2023-09-01,7008
00878,國泰永續高股息,11,0,11,兆豐-三重,2023-09-01,7008
1514,亞力,10,0,10,兆豐-三重,2023-09-01,7008
00891,中信關鍵半導體,10,0,10,兆豐-三重,2023-09-01,7008
1584,精剛,13,3,10,兆豐-三重,2023-09-01,7008
1618,合機,20,10,10,兆豐-三重,2023-09-01,7008
3037,欣興,18,8,10,兆豐-三重,2023-09-01,7008
4736,泰博,10,0,10,兆豐-三重,2023-09-01,7008
4906,正文,16,6,10,兆豐-三重,2023-09-01,7008
8201,無敵,10,0,10,兆豐-三重,2023-09-01,7008
2332,友訊,10,1,9,兆豐-三重,2023-09-01,7008
1708,東鹼,8,0,8,兆豐-三重,2023-09-01,7008
2331,精英,20,12,8,兆豐-三重,2023-09-01,7008
2484,希華,10,2,8,兆豐-三重,2023-09-01,7008
4714,永捷,8,0,8,兆豐-三重,2023-09-01,7008
6234,高僑,8,0,8,兆豐-三重,2023-09-01,7008
3044,健鼎,8,1,7,兆豐-三重,2023-09-01,7008
2472,立隆電,7,0,7,兆豐-三重,2023-09-01,7008
3047,訊舟,7,0,7,兆豐-三重,2023-09-01,7008
6139,亞翔,7,0,7,兆豐-三重,2023-09-01,7008
8936,國統,7,0,7,兆豐-三重,2023-09-01,7008
5009,榮剛,130,54,76,兆豐-三重,2023-09-04,7008
2317,鴻海,83,22,61,兆豐-三重,2023-09-04,7008
2303,聯電,60,0,60,兆豐-三重,2023-09-04,7008
00929,復華台灣科技優息,51,10,41,兆豐-三重,2023-09-04,7008
2371,大同,31,2,29,兆豐-三重,2023-09-04,7008
2382,廣達,34,8,26,兆豐-三重,2023-09-04,7008
6667,信紘科,22,0,22,兆豐-三重,2023-09-04,7008
2363,矽統,38,17,21,兆豐-三重,2023-09-04,7008
0056,元大高股息,33,12,21,兆豐-三重,2023-09-04,7008
1809,中釉,20,0,20,兆豐-三重,2023-09-04,7008
1605,華新,20,2,18,兆豐-三重,2023-09-04,7008
00687B,國泰20年美債,15,0,15,兆豐-三重,2023-09-04,7008
5478,智冠,15,1,14,兆豐-三重,2023-09-04,7008
00878,國泰永續高股息,12,0,12,兆豐-三重,2023-09-04,7008
4967,十銓,19,7,12,兆豐-三重,2023-09-04,7008
3260,威剛,11,0,11,兆豐-三重,2023-09-04,7008
00772B,中信高評級公司債,10,0,10,兆豐-三重,2023-09-04,7008
2355,敬鵬,17,7,10,兆豐-三重,2023-09-04,7008
2610,華航,11,1,10,兆豐-三重,2023-09-04,7008
6173,信昌電,11,1,10,兆豐-三重,2023-09-04,7008
6213,聯茂,9,0,9,兆豐-三重,2023-09-04,7008
2201,裕隆,17,8,9,兆豐-三重,2023-09-04,7008
2438,翔耀,8,0,8,兆豐-三重,2023-09-04,7008
8444,綠河-KY,8,0,8,兆豐-三重,2023-09-04,7008
9919,康那香,8,0,8,兆豐-三重,2023-09-04,7008
00923,群益台ESG低碳50,8,0,8,兆豐-三重,2023-09-04,7008
1603,華電,7,0,7,兆豐-三重,2023-09-04,7008
5483,中美晶,10,3,7,兆豐-三重,2023-09-04,7008
6284,佳邦,8,1,7,兆豐-三重,2023-09-04,7008
9904,寶成,7,0,7,兆豐-三重,2023-09-04,7008
2206,三陽工業,7,0,7,兆豐-三重,2023-09-04,7008
00919,群益台灣精選高息,6,0,6,兆豐-三重,2023-09-04,7008
1101,台泥,6,0,6,兆豐-三重,2023-09-04,7008
1802,台玻,37,31,6,兆豐-三重,2023-09-04,7008
3078,僑威,6,0,6,兆豐-三重,2023-09-04,7008
4540,全球傳動,6,0,6,兆豐-三重,2023-09-04,7008
1529,樂事綠能,5,0,5,兆豐-三重,2023-09-04,7008
00753L,中信中國50正2,5,0,5,兆豐-三重,2023-09-04,7008
00857B,永豐20年美公債,5,0,5,兆豐-三重,2023-09-04,7008
1609,大亞,5,0,5,兆豐-三重,2023-09-04,7008
2208,台船,5,0,5,兆豐-三重,2023-09-04,7008
2885,元大金,5,0,5,兆豐-三重,2023-09-04,7008
5425,台半,5,0,5,兆豐-三重,2023-09-04,7008
8930,青鋼,5,0,5,兆豐-三重,2023-09-04,7008
8937,合騏,5,0,5,兆豐-三重,2023-09-04,7008
8996,高力,5,0,5,兆豐-三重,2023-09-04,7008
2356,英業達,5,1,4,兆豐-三重,2023-09-04,7008
00900,富邦特選高股息30,4,0,4,兆豐-三重,2023-09-04,7008
00680L,元大美債20正2,4,0,4,兆豐-三重,2023-09-04,7008
6133,金橋,4,0,4,兆豐-三重,2023-09-04,7008
0056,元大高股息,176,17,159,兆豐-三重,2023-09-05,7008
6667,信紘科,36,0,36,兆豐-三重,2023-09-05,7008
00720B,元大投資級公司債,33,0,33,兆豐-三重,2023-09-05,7008
6282,康舒,30,5,25,兆豐-三重,2023-09-05,7008
1584,精剛,20,0,20,兆豐-三重,2023-09-05,7008
00929,復華台灣科技優息,32,12,20,兆豐-三重,2023-09-05,7008
8937,合騏,20,0,20,兆豐-三重,2023-09-05,7008
00878,國泰永續高股息,18,0,18,兆豐-三重,2023-09-05,7008
2913,農林,15,0,15,兆豐-三重,2023-09-05,7008
2401,凌陽,17,4,13,兆豐-三重,2023-09-05,7008
2834,臺企銀,12,0,12,兆豐-三重,2023-09-05,7008
6160,欣技,11,1,10,兆豐-三重,2023-09-05,7008
2634,漢翔,33,24,9,兆豐-三重,2023-09-05,7008
1609,大亞,8,0,8,兆豐-三重,2023-09-05,7008
5457,宣德,17,9,8,兆豐-三重,2023-09-05,7008
6418,詠昇,17,9,8,兆豐-三重,2023-09-05,7008
6532,瑞耘,8,0,8,兆豐-三重,2023-09-05,7008
1101,台泥,7,0,7,兆豐-三重,2023-09-05,7008
2241,艾姆勒,7,0,7,兆豐-三重,2023-09-05,7008
3260,威剛,8,1,7,兆豐-三重,2023-09-05,7008
5876,上海商銀,7,0,7,兆豐-三重,2023-09-05,7008
00696B,富邦美債20年,6,0,6,兆豐-三重,2023-09-05,7008
4540,全球傳動,6,0,6,兆豐-三重,2023-09-05,7008
2603,長榮,8,3,5,兆豐-三重,2023-09-05,7008
2344,華邦電,9,4,5,兆豐-三重,2023-09-05,7008
2887,台新金,5,0,5,兆豐-三重,2023-09-05,7008
3257,虹冠電,5,0,5,兆豐-三重,2023-09-05,7008
4581,光隆精密-KY,5,0,5,兆豐-三重,2023-09-05,7008
5410,國眾,5,0,5,兆豐-三重,2023-09-05,7008
5465,富驊,5,0,5,兆豐-三重,2023-09-05,7008
6243,迅杰,6,1,5,兆豐-三重,2023-09-05,7008
6285,啟��,6,1,5,兆豐-三重,2023-09-05,7008
3090,日電貿,4,0,4,兆豐-三重,2023-09-05,7008
2330,台積電,4,0,4,兆豐-三重,2023-09-05,7008
1210,大成,4,0,4,兆豐-三重,2023-09-05,7008
2355,敬鵬,35,31,4,兆豐-三重,2023-09-05,7008
2388,威盛,5,1,4,兆豐-三重,2023-09-05,7008
2402,毅嘉,22,18,4,兆豐-三重,2023-09-05,7008
2427,三商電,4,0,4,兆豐-三重,2023-09-05,7008
2734,易飛網,4,0,4,兆豐-三重,2023-09-05,7008
4714,永捷,5,1,4,兆豐-三重,2023-09-05,7008
5392,能率,4,0,4,兆豐-三重,2023-09-05,7008
1108,幸福,3,0,3,兆豐-三重,2023-09-05,7008
1313,聯成,3,0,3,兆豐-三重,2023-09-05,7008
1514,亞力,3,0,3,兆豐-三重,2023-09-05,7008
2022,聚亨,3,0,3,兆豐-三重,2023-09-05,7008
2027,大成鋼,3,0,3,兆豐-三重,2023-09-05,7008
2324,仁寶,65,62,3,兆豐-三重,2023-09-05,7008
2337,旺宏,3,0,3,兆豐-三重,2023-09-05,7008
2352,佳世達,8,5,3,兆豐-三重,2023-09-05,7008
0056,元大高股息,101,0,101,兆豐-三重,2023-09-06,7008
2409,友達,381,307,74,兆豐-三重,2023-09-06,7008
2340,台亞,61,0,61,兆豐-三重,2023-09-06,7008
3035,智原,66,10,56,兆豐-三重,2023-09-06,7008
2606,裕民,55,0,55,兆豐-三重,2023-09-06,7008
5381,合正,61,7,54,兆豐-三重,2023-09-06,7008
00929,復華台灣科技優息,89,39,50,兆豐-三重,2023-09-06,7008
00720B,元大投資級公司債,41,0,41,兆豐-三重,2023-09-06,7008
2356,英業達,36,3,33,兆豐-三重,2023-09-06,7008
2303,聯電,42,10,32,兆豐-三重,2023-09-06,7008
2323,中環,61,30,31,兆豐-三重,2023-09-06,7008
3051,力特,31,0,31,兆豐-三重,2023-09-06,7008
2355,敬鵬,30,0,30,兆豐-三重,2023-09-06,7008
2612,中航,265,235,30,兆豐-三重,2023-09-06,7008
1810,和成,25,0,25,兆豐-三重,2023-09-06,7008
3481,群創,338,315,23,兆豐-三重,2023-09-06,7008
2601,益航,21,0,21,兆豐-三重,2023-09-06,7008
00712,復華富時不動產,18,0,18,兆豐-三重,2023-09-06,7008
00919,群益台灣精選高息,16,0,16,兆豐-三重,2023-09-06,7008
2363,矽統,320,306,14,兆豐-三重,2023-09-06,7008
3630,新鉅科,16,2,14,兆豐-三重,2023-09-06,7008
8068,全達,14,2,12,兆豐-三重,2023-09-06,7008
8358,金居,21,10,11,兆豐-三重,2023-09-06,7008
1536,和大,10,0,10,兆豐-三重,2023-09-06,7008
00772B,中信高評級公司債,10,0,10,兆豐-三重,2023-09-06,7008
2393,億光,10,0,10,兆豐-三重,2023-09-06,7008
6245,立端,15,5,10,兆豐-三重,2023-09-06,7008
1101,台泥,11,1,10,兆豐-三重,2023-09-06,7008
00673R,期元大S＆P原油反1,9,0,9,兆豐-三重,2023-09-06,7008
6167,久正,9,0,9,兆豐-三重,2023-09-06,7008
8213,志超,9,0,9,兆豐-三重,2023-09-06,7008
2206,三陽工業,8,0,8,兆豐-三重,2023-09-06,7008
2312,金寶,10,2,8,兆豐-三重,2023-09-06,7008
3071,協禧,8,0,8,兆豐-三重,2023-09-06,7008
8064,東捷,262,254,8,兆豐-三重,2023-09-06,7008
9945,潤泰新,7,0,7,兆豐-三重,2023-09-06,7008
00907,永豐優息存股,7,0,7,兆豐-三重,2023-09-06,7008
3231,緯創,11,4,7,兆豐-三重,2023-09-06,7008
8150,南茂,10,3,7,兆豐-三重,2023-09-06,7008
2201,裕隆,7,0,7,兆豐-三重,2023-09-06,7008
2401,凌陽,19,13,6,兆豐-三重,2023-09-06,7008
1471,首利,6,0,6,兆豐-三重,2023-09-06,7008
2332,友訊,6,0,6,兆豐-三重,2023-09-06,7008
3260,威剛,6,0,6,兆豐-三重,2023-09-06,7008
6274,台燿,56,51,5,兆豐-三重,2023-09-06,7008
4743,合一,5,0,5,兆豐-三重,2023-09-06,7008
00795B,中信美國公債20年,5,0,5,兆豐-三重,2023-09-06,7008
00680L,元大美債20正2,5,0,5,兆豐-三重,2023-09-06,7008
1528,恩德,5,0,5,兆豐-三重,2023-09-06,7008
1514,亞力,5,0,5,兆豐-三重,2023-09-06,7008
6116,彩晶,61,0,61,兆豐-三重,2023-09-07,7008
8050,廣積,74,16,58,兆豐-三重,2023-09-07,7008
3704,合勤控,56,7,49,兆豐-三重,2023-09-07,7008
00929,復華台灣科技優息,60,14,46,兆豐-三重,2023-09-07,7008
2356,英業達,51,16,35,兆豐-三重,2023-09-07,7008
8112,至上,53,25,28,兆豐-三重,2023-09-07,7008
2358,廷鑫,27,5,22,兆豐-三重,2023-09-07,7008
2340,台亞,19,0,19,兆豐-三重,2023-09-07,7008
00673R,期元大S＆P原油反1,18,0,18,兆豐-三重,2023-09-07,7008
0056,元大高股息,18,0,18,兆豐-三重,2023-09-07,7008
2303,聯電,14,1,13,兆豐-三重,2023-09-07,7008
2409,友達,21,8,13,兆豐-三重,2023-09-07,7008
9904,寶成,13,0,13,兆豐-三重,2023-09-07,7008
2236,百達-KY,12,0,12,兆豐-三重,2023-09-07,7008
2610,華航,12,0,12,兆豐-三重,2023-09-07,7008
8210,勤誠,15,4,11,兆豐-三重,2023-09-07,7008
2201,裕隆,11,0,11,兆豐-三重,2023-09-07,7008
2324,仁寶,11,0,11,兆豐-三重,2023-09-07,7008
5353,台林,14,3,11,兆豐-三重,2023-09-07,7008
6282,康舒,11,0,11,兆豐-三重,2023-09-07,7008
1584,精剛,37,27,10,兆豐-三重,2023-09-07,7008
5457,宣德,10,0,10,兆豐-三重,2023-09-07,7008
2355,敬鵬,10,1,9,兆豐-三重,2023-09-07,7008
2482,連宇,9,0,9,兆豐-三重,2023-09-07,7008
3624,光頡,10,1,9,兆豐-三重,2023-09-07,7008
8358,金居,10,1,9,兆豐-三重,2023-09-07,7008
5439,高技,11,3,8,兆豐-三重,2023-09-07,7008
3051,力特,22,14,8,兆豐-三重,2023-09-07,7008
8937,合騏,8,0,8,兆豐-三重,2023-09-07,7008
00919,群益台灣精選高息,14,7,7,兆豐-三重,2023-09-07,7008
1605,華新,7,0,7,兆豐-三重,2023-09-07,7008
2460,建通,7,0,7,兆豐-三重,2023-09-07,7008
2481,強茂,7,0,7,兆豐-三重,2023-09-07,7008
2888,新光金,7,0,7,兆豐-三重,2023-09-07,7008
4123,晟德,7,0,7,兆豐-三重,2023-09-07,7008
6243,迅杰,14,7,7,兆豐-三重,2023-09-07,7008
2330,台積電,7,1,6,兆豐-三重,2023-09-07,7008
1229,聯華,6,0,6,兆豐-三重,2023-09-07,7008
1319,東陽,8,2,6,兆豐-三重,2023-09-07,7008
1310,台苯,5,0,5,兆豐-三重,2023-09-07,7008
00932,兆豐永續高息等權,5,0,5,兆豐-三重,2023-09-07,7008
2436,偉詮電,6,1,5,兆豐-三重,2023-09-07,7008
2606,裕民,5,0,5,兆豐-三重,2023-09-07,7008
3615,安可,18,13,5,兆豐-三重,2023-09-07,7008
3630,新鉅科,6,1,5,兆豐-三重,2023-09-07,7008
4906,正文,10,5,5,兆豐-三重,2023-09-07,7008
2618,長榮航,15,10,5,兆豐-三重,2023-09-07,7008
00878,國泰永續高股息,4,0,4,兆豐-三重,2023-09-07,7008
3483,力致,6,2,4,兆豐-三重,2023-09-07,7008
00915,凱基優選高股息30,4,0,4,兆豐-三重,2023-09-07,7008
6109,亞元,81,0,81,兆豐-三重,2023-09-08,7008
00929,復華台灣科技優息,76,4,72,兆豐-三重,2023-09-08,7008
2884,玉山金,59,0,59,兆豐-三重,2023-09-08,7008
2618,長榮航,37,2,35,兆豐-三重,2023-09-08,7008
00679B,元大美債20年,20,0,20,兆豐-三重,2023-09-08,7008
00919,群益台灣精選高息,20,0,20,兆豐-三重,2023-09-08,7008
1442,名軒,18,0,18,兆豐-三重,2023-09-08,7008
2023,燁輝,18,0,18,兆豐-三重,2023-09-08,7008
2344,華邦電,17,0,17,兆豐-三重,2023-09-08,7008
1324,地球,16,0,16,兆豐-三重,2023-09-08,7008
8420,明揚,15,0,15,兆豐-三重,2023-09-08,7008
2356,英業達,35,21,14,兆豐-三重,2023-09-08,7008
1608,華榮,14,0,14,兆豐-三重,2023-09-08,7008
6118,建達,14,0,14,兆豐-三重,2023-09-08,7008
8937,合騏,13,0,13,兆豐-三重,2023-09-08,7008
3231,緯創,15,3,12,兆豐-三重,2023-09-08,7008
3305,昇貿,12,0,12,兆豐-三重,2023-09-08,7008
3209,全科,11,0,11,兆豐-三重,2023-09-08,7008
1305,華夏,10,0,10,兆豐-三重,2023-09-08,7008
2328,廣宇,10,0,10,兆豐-三重,2023-09-08,7008
2601,益航,10,0,10,兆豐-三重,2023-09-08,7008
2610,華航,10,0,10,兆豐-三重,2023-09-08,7008
6443,元晶,10,0,10,兆豐-三重,2023-09-08,7008
00882,中信中國高股息,9,0,9,兆豐-三重,2023-09-08,7008
1612,宏泰,12,3,9,兆豐-三重,2023-09-08,7008
2401,凌陽,12,3,9,兆豐-三重,2023-09-08,7008
3046,建��,20,11,9,兆豐-三重,2023-09-08,7008
1802,台玻,8,0,8,兆豐-三重,2023-09-08,7008
2421,建準,13,5,8,兆豐-三重,2023-09-08,7008
3481,群創,23,15,8,兆豐-三重,2023-09-08,7008
6485,點序,9,1,8,兆豐-三重,2023-09-08,7008
6523,達爾膚,8,0,8,兆豐-三重,2023-09-08,7008
2002,中鋼,7,0,7,兆豐-三重,2023-09-08,7008
5351,鈺創,11,4,7,兆豐-三重,2023-09-08,7008
6223,旺矽,7,0,7,兆豐-三重,2023-09-08,7008
00753L,中信中國50正2,6,0,6,兆豐-三重,2023-09-08,7008
1584,精剛,91,85,6,兆豐-三重,2023-09-08,7008
2498,宏達電,6,0,6,兆豐-三重,2023-09-08,7008
2906,高林,6,0,6,兆豐-三重,2023-09-08,7008
3265,台星科,6,0,6,兆豐-三重,2023-09-08,7008
3346,麗清,6,0,6,兆豐-三重,2023-09-08,7008
3693,營邦,12,6,6,兆豐-三重,2023-09-08,7008
4164,承業醫,6,0,6,兆豐-三重,2023-09-08,7008
2330,台積電,6,0,6,兆豐-三重,2023-09-08,7008
2382,廣達,23,17,6,兆豐-三重,2023-09-08,7008
2351,順德,5,0,5,兆豐-三重,2023-09-08,7008
2390,云辰,5,0,5,兆豐-三重,2023-09-08,7008
3138,耀登,5,0,5,兆豐-三重,2023-09-08,7008
3363,上詮,8,3,5,兆豐-三重,2023-09-08,7008
3380,明泰,6,1,5,兆豐-三重,2023-09-08,7008
3704,合勤控,136,1,135,兆豐-三重,2023-09-11,7008
00919,群益台灣精選高息,169,101,68,兆豐-三重,2023-09-11,7008
2313,華通,69,8,61,兆豐-三重,2023-09-11,7008
00751B,元大AAA至A公司債,51,0,51,兆豐-三重,2023-09-11,7008
8937,合騏,47,0,47,兆豐-三重,2023-09-11,7008
00878,國泰永續高股息,53,14,39,兆豐-三重,2023-09-11,7008
00923,群益台ESG低碳50,31,0,31,兆豐-三重,2023-09-11,7008
2883B,凱基金乙特,30,0,30,兆豐-三重,2023-09-11,7008
2382,廣達,48,20,28,兆豐-三重,2023-09-11,7008
0056,元大高股息,229,208,21,兆豐-三重,2023-09-11,7008
1102,亞泥,20,0,20,兆豐-三重,2023-09-11,7008
2363,矽統,89,70,19,兆豐-三重,2023-09-11,7008
2618,長榮航,102,86,16,兆豐-三重,2023-09-11,7008
2887,台新金,15,0,15,兆豐-三重,2023-09-11,7008
00931B,統一美債20年,15,0,15,兆豐-三重,2023-09-11,7008
00687B,國泰20年美債,15,0,15,兆豐-三重,2023-09-11,7008
1310,台苯,15,0,15,兆豐-三重,2023-09-11,7008
2421,建準,19,4,15,兆豐-三重,2023-09-11,7008
6285,啟��,21,6,15,兆豐-三重,2023-09-11,7008
3138,耀登,14,0,14,兆豐-三重,2023-09-11,7008
00679B,元大美債20年,13,0,13,兆豐-三重,2023-09-11,7008
00932,兆豐永續高息等權,11,0,11,兆豐-三重,2023-09-11,7008
8403,盛弘,11,0,11,兆豐-三重,2023-09-11,7008
00632R,元大台灣50反1,30,20,10,兆豐-三重,2023-09-11,7008
00712,復華富時不動產,10,0,10,兆豐-三重,2023-09-11,7008
2897,王道銀行,10,0,10,兆豐-三重,2023-09-11,7008
4207,環泰,10,0,10,兆豐-三重,2023-09-11,7008
2409,友達,12,4,8,兆豐-三重,2023-09-11,7008
6142,友勁,8,0,8,兆豐-三重,2023-09-11,7008
2388,威盛,15,8,7,兆豐-三重,2023-09-11,7008
2498,宏達電,7,0,7,兆豐-三重,2023-09-11,7008
3576,聯合再生,7,0,7,兆豐-三重,2023-09-11,7008
2376,技嘉,7,1,6,兆豐-三重,2023-09-11,7008
1605,華新,6,0,6,兆豐-三重,2023-09-11,7008
2002,中鋼,6,0,6,兆豐-三重,2023-09-11,7008
2495,普安,6,0,6,兆豐-三重,2023-09-11,7008
2610,華航,6,0,6,兆豐-三重,2023-09-11,7008
3260,威剛,23,17,6,兆豐-三重,2023-09-11,7008
3264,欣銓,17,11,6,兆豐-三重,2023-09-11,7008
5381,合正,6,0,6,兆豐-三重,2023-09-11,7008
6116,彩晶,10,4,6,兆豐-三重,2023-09-11,7008
6125,廣運,6,0,6,兆豐-三重,2023-09-11,7008
6274,台燿,6,0,6,兆豐-三重,2023-09-11,7008
8927,北基,195,189,6,兆豐-三重,2023-09-11,7008
1218,泰山,5,0,5,兆豐-三重,2023-09-11,7008
00724B,群益投資級金融債,5,0,5,兆豐-三重,2023-09-11,7008
1536,和大,5,0,5,兆豐-三重,2023-09-11,7008
2344,華邦電,5,0,5,兆豐-三重,2023-09-11,7008
2615,萬海,10,5,5,兆豐-三重,2023-09-11,7008
2630,亞航,5,0,5,兆豐-三重,2023-09-11,7008
00929,復華台灣科技優息,168,0,168,兆豐-三重,2023-09-12,7008
2313,華通,85,8,77,兆豐-三重,2023-09-12,7008
8937,合騏,67,0,67,兆豐-三重,2023-09-12,7008
3213,茂訊,76,20,56,兆豐-三重,2023-09-12,7008
00680L,元大美債20正2,53,0,53,兆豐-三重,2023-09-12,7008
6120,達運,33,4,29,兆豐-三重,2023-09-12,7008
8112,至上,29,1,28,兆豐-三重,2023-09-12,7008
00679B,元大美債20年,22,0,22,兆豐-三重,2023-09-12,7008
00712,復華富時不動產,19,0,19,兆豐-三重,2023-09-12,7008
6282,康舒,22,3,19,兆豐-三重,2023-09-12,7008
5227,立凱-KY,18,0,18,兆豐-三重,2023-09-12,7008
6125,廣運,23,7,16,兆豐-三重,2023-09-12,7008
00919,群益台灣精選高息,216,200,16,兆豐-三重,2023-09-12,7008
00673R,期元大S＆P原油反1,16,0,16,兆豐-三重,2023-09-12,7008
2538,基泰,18,2,16,兆豐-三重,2023-09-12,7008
5465,富驊,15,0,15,兆豐-三重,2023-09-12,7008
2356,英業達,16,2,14,兆豐-三重,2023-09-12,7008
1319,東陽,22,8,14,兆豐-三重,2023-09-12,7008
00878,國泰永續高股息,17,5,12,兆豐-三重,2023-09-12,7008
2363,矽統,34,23,11,兆豐-三重,2023-09-12,7008
2486,一詮,13,2,11,兆豐-三重,2023-09-12,7008
3078,僑威,13,2,11,兆豐-三重,2023-09-12,7008
3545,敦泰,11,0,11,兆豐-三重,2023-09-12,7008
1609,大亞,10,0,10,兆豐-三重,2023-09-12,7008
2610,華航,10,0,10,兆豐-三重,2023-09-12,7008
6026,福邦證,10,0,10,兆豐-三重,2023-09-12,7008
6111,大宇資,12,2,10,兆豐-三重,2023-09-12,7008
2376,技嘉,12,3,9,兆豐-三重,2023-09-12,7008
2498,宏達電,8,0,8,兆豐-三重,2023-09-12,7008
6547,高端疫苗,8,0,8,兆豐-三重,2023-09-12,7008
6689,伊雲谷,11,3,8,兆豐-三重,2023-09-12,7008
00772B,中信高評級公司債,6,0,6,兆豐-三重,2023-09-12,7008
2462,良得電,6,0,6,兆豐-三重,2023-09-12,7008
3311,閎暉,11,5,6,兆豐-三重,2023-09-12,7008
3715,定穎投控,7,1,6,兆豐-三重,2023-09-12,7008
6187,萬潤,6,0,6,兆豐-三重,2023-09-12,7008
6443,元晶,7,1,6,兆豐-三重,2023-09-12,7008
8358,金居,6,0,6,兆豐-三重,2023-09-12,7008
1477,聚陽,5,0,5,兆豐-三重,2023-09-12,7008
1217,愛之味,5,0,5,兆豐-三重,2023-09-12,7008
2332,友訊,5,0,5,兆豐-三重,2023-09-12,7008
2601,益航,5,0,5,兆豐-三重,2023-09-12,7008
4207,環泰,5,0,5,兆豐-三重,2023-09-12,7008
6139,亞翔,5,0,5,兆豐-三重,2023-09-12,7008
6191,精成科,5,0,5,兆豐-三重,2023-09-12,7008
6218,豪勉,5,0,5,兆豐-三重,2023-09-12,7008
6274,台燿,9,4,5,兆豐-三重,2023-09-12,7008
6657,華安,5,0,5,兆豐-三重,2023-09-12,7008
8028,昇陽半導體,5,0,5,兆豐-三重,2023-09-12,7008
8222,寶一,12,7,5,兆豐-三重,2023-09-12,7008
2606,裕民,99,5,94,兆豐-三重,2023-09-13,7008
00929,復華台灣科技優息,53,0,53,兆豐-三重,2023-09-13,7008
8927,北基,446,402,44,兆豐-三重,2023-09-13,7008
2354,鴻準,40,0,40,兆豐-三重,2023-09-13,7008
6770,力積電,32,1,31,兆豐-三重,2023-09-13,7008
2454,聯發科,32,3,29,兆豐-三重,2023-09-13,7008
6125,廣運,43,17,26,兆豐-三重,2023-09-13,7008
00919,群益台灣精選高息,26,0,26,兆豐-三重,2023-09-13,7008
00720B,元大投資級公司債,22,0,22,兆豐-三重,2023-09-13,7008
2345,智邦,23,2,21,兆豐-三重,2023-09-13,7008
00923,群益台ESG低碳50,22,1,21,兆豐-三重,2023-09-13,7008
1717,長興,20,0,20,兆豐-三重,2023-09-13,7008
2356,英業達,22,2,20,兆豐-三重,2023-09-13,7008
2834,臺企銀,20,0,20,兆豐-三重,2023-09-13,7008
2887,台新金,20,0,20,兆豐-三重,2023-09-13,7008
2317,鴻海,21,2,19,兆豐-三重,2023-09-13,7008
2344,華邦電,18,1,17,兆豐-三重,2023-09-13,7008
5483,中美晶,16,1,15,兆豐-三重,2023-09-13,7008
2538,基泰,16,1,15,兆豐-三重,2023-09-13,7008
1524,耿鼎,24,12,12,兆豐-三重,2023-09-13,7008
2020,美亞,12,0,12,兆豐-三重,2023-09-13,7008
2313,華通,21,10,11,兆豐-三重,2023-09-13,7008
2455,全新,11,0,11,兆豐-三重,2023-09-13,7008
1618,合機,20,10,10,兆豐-三重,2023-09-13,7008
00632R,元大台灣50反1,10,0,10,兆豐-三重,2023-09-13,7008
1802,台玻,10,0,10,兆豐-三重,2023-09-13,7008
2332,友訊,10,0,10,兆豐-三重,2023-09-13,7008
2393,億光,10,0,10,兆豐-三重,2023-09-13,7008
6175,立敦,10,0,10,兆豐-三重,2023-09-13,7008
9958,世紀鋼,11,1,10,兆豐-三重,2023-09-13,7008
2457,飛宏,8,0,8,兆豐-三重,2023-09-13,7008
2498,宏達電,8,0,8,兆豐-三重,2023-09-13,7008
6187,萬潤,8,0,8,兆豐-三重,2023-09-13,7008
2540,愛山林,7,0,7,兆豐-三重,2023-09-13,7008
00751B,元大AAA至A公司債,6,0,6,兆豐-三重,2023-09-13,7008
00918,大華優利高填息30,6,0,6,兆豐-三重,2023-09-13,7008
4714,永捷,7,1,6,兆豐-三重,2023-09-13,7008
6120,達運,7,1,6,兆豐-三重,2023-09-13,7008
8222,寶一,6,0,6,兆豐-三重,2023-09-13,7008
9904,寶成,6,0,6,兆豐-三重,2023-09-13,7008
9919,康那香,7,1,6,兆豐-三重,2023-09-13,7008
2376,技嘉,7,2,5,兆豐-三重,2023-09-13,7008
2417,圓剛,24,19,5,兆豐-三重,2023-09-13,7008
5880,合庫金,5,0,5,兆豐-三重,2023-09-13,7008
8936,國統,5,0,5,兆豐-三重,2023-09-13,7008
2645,長榮航太,4,0,4,兆豐-三重,2023-09-13,7008
2705,六福,4,0,4,兆豐-三重,2023-09-13,7008
4113,聯上,4,0,4,兆豐-三重,2023-09-13,7008
5452,佶優,4,0,4,兆豐-三重,2023-09-13,7008
6274,台燿,7,3,4,兆豐-三重,2023-09-13,7008
0056,元大高股息,251,0,251,兆豐-三重,2023-09-14,7008
6120,達運,188,75,113,兆豐-三重,2023-09-14,7008
00929,復華台灣科技優息,85,31,54,兆豐-三重,2023-09-14,7008
00919,群益台灣精選高息,45,0,45,兆豐-三重,2023-09-14,7008
1522,堤維西,76,39,37,兆豐-三重,2023-09-14,7008
1229,聯華,30,0,30,兆豐-三重,2023-09-14,7008
3715,定穎投控,32,3,29,兆豐-三重,2023-09-14,7008
2538,基泰,25,0,25,兆豐-三重,2023-09-14,7008
00640L,富邦日本正2,21,0,21,兆豐-三重,2023-09-14,7008
1524,耿鼎,23,3,20,兆豐-三重,2023-09-14,7008
00712,復華富時不動產,14,0,14,兆豐-三重,2023-09-14,7008
2371,大同,26,12,14,兆豐-三重,2023-09-14,7008
2324,仁寶,12,0,12,兆豐-三重,2023-09-14,7008
00878,國泰永續高股息,17,6,11,兆豐-三重,2023-09-14,7008
1795,美時,10,0,10,兆豐-三重,2023-09-14,7008
2393,億光,10,0,10,兆豐-三重,2023-09-14,7008
2484,希華,10,0,10,兆豐-三重,2023-09-14,7008
6443,元晶,9,0,9,兆豐-三重,2023-09-14,7008
8068,全達,10,1,9,兆豐-三重,2023-09-14,7008
5907,大洋-KY,10,2,8,兆豐-三重,2023-09-14,7008
2402,毅嘉,7,0,7,兆豐-三重,2023-09-14,7008
2427,三商電,7,0,7,兆豐-三重,2023-09-14,7008
3006,晶豪科,12,5,7,兆豐-三重,2023-09-14,7008
3044,健鼎,7,0,7,兆豐-三重,2023-09-14,7008
2382,廣達,8,2,6,兆豐-三重,2023-09-14,7008
1903,士紙,8,2,6,兆豐-三重,2023-09-14,7008
3380,明泰,11,5,6,兆豐-三重,2023-09-14,7008
5347,世界,6,0,6,兆豐-三重,2023-09-14,7008
6547,高端疫苗,6,0,6,兆豐-三重,2023-09-14,7008
8112,至上,10,4,6,兆豐-三重,2023-09-14,7008
00882,中信中國高股息,5,0,5,兆豐-三重,2023-09-14,7008
1103,嘉泥,5,0,5,兆豐-三重,2023-09-14,7008
00931B,統一美債20年,5,0,5,兆豐-三重,2023-09-14,7008
2332,友訊,5,0,5,兆豐-三重,2023-09-14,7008
2367,燿華,5,0,5,兆豐-三重,2023-09-14,7008
2449,京元電子,17,12,5,兆豐-三重,2023-09-14,7008
2634,漢翔,5,0,5,兆豐-三重,2023-09-14,7008
3027,盛達,5,0,5,兆豐-三重,2023-09-14,7008
3322,建舜電,15,10,5,兆豐-三重,2023-09-14,7008
3685,元創精密,7,2,5,兆豐-三重,2023-09-14,7008
4561,健椿,5,0,5,兆豐-三重,2023-09-14,7008
2368,金像電,4,0,4,兆豐-三重,2023-09-14,7008
3078,僑威,8,4,4,兆豐-三重,2023-09-14,7008
3346,麗清,10,6,4,兆豐-三重,2023-09-14,7008
3588,通嘉,5,1,4,兆豐-三重,2023-09-14,7008
2603,長榮,5,1,4,兆豐-三重,2023-09-14,7008
00928,中信上櫃ESG30,3,0,3,兆豐-三重,2023-09-14,7008
00885,富邦越南,3,0,3,兆豐-三重,2023-09-14,7008
2405,輔信,3,0,3,兆豐-三重,2023-09-14,7008
2417,圓剛,3,0,3,兆豐-三重,2023-09-14,7008
2405,輔信,193,13,180,兆豐-三重,2023-09-15,7008
00929,復華台灣科技優息,141,0,141,兆豐-三重,2023-09-15,7008
00919,群益台灣精選高息,78,22,56,兆豐-三重,2023-09-15,7008
2486,一詮,67,20,47,兆豐-三重,2023-09-15,7008
00673R,期元大S＆P原油反1,44,0,44,兆豐-三重,2023-09-15,7008
00720B,元大投資級公司債,31,0,31,兆豐-三重,2023-09-15,7008
3617,碩天,27,1,26,兆豐-三重,2023-09-15,7008
3481,群創,41,17,24,兆豐-三重,2023-09-15,7008
3363,上詮,34,10,24,兆豐-三重,2023-09-15,7008
3450,聯鈞,32,8,24,兆豐-三重,2023-09-15,7008
2313,華通,61,39,22,兆豐-三重,2023-09-15,7008
2030,彰源,20,0,20,兆豐-三重,2023-09-15,7008
6120,達運,195,175,20,兆豐-三重,2023-09-15,7008
2393,億光,17,0,17,兆豐-三重,2023-09-15,7008
5608,四維航,21,5,16,兆豐-三重,2023-09-15,7008
2038,海光,16,0,16,兆豐-三重,2023-09-15,7008
2913,農林,16,0,16,兆豐-三重,2023-09-15,7008
2017,官田鋼,14,0,14,兆豐-三重,2023-09-15,7008
2305,全友,14,0,14,兆豐-三重,2023-09-15,7008
2886,兆豐金,20,6,14,兆豐-三重,2023-09-15,7008
2891,中信金,16,2,14,兆豐-三重,2023-09-15,7008
00918,大華優利高填息30,12,0,12,兆豐-三重,2023-09-15,7008
3058,立德,13,1,12,兆豐-三重,2023-09-15,7008
5465,富驊,11,0,11,兆豐-三重,2023-09-15,7008
1515,力山,10,0,10,兆豐-三重,2023-09-15,7008
00632R,元大台灣50反1,10,0,10,兆豐-三重,2023-09-15,7008
00680L,元大美債20正2,10,0,10,兆豐-三重,2023-09-15,7008
2002,中鋼,17,7,10,兆豐-三重,2023-09-15,7008
2243,宏旭-KY,10,0,10,兆豐-三重,2023-09-15,7008
2303,聯電,10,0,10,兆豐-三重,2023-09-15,7008
2610,華航,10,0,10,兆豐-三重,2023-09-15,7008
2613,中櫃,10,0,10,兆豐-三重,2023-09-15,7008
6829,千附精密,10,0,10,兆豐-三重,2023-09-15,7008
2601,益航,9,0,9,兆豐-三重,2023-09-15,7008
3231,緯創,12,4,8,兆豐-三重,2023-09-15,7008
2357,華碩,8,1,7,兆豐-三重,2023-09-15,7008
2634,漢翔,7,0,7,兆豐-三重,2023-09-15,7008
6591,動力-KY,7,0,7,兆豐-三重,2023-09-15,7008
6282,康舒,7,0,7,兆豐-三重,2023-09-15,7008
2884,玉山金,9,3,6,兆豐-三重,2023-09-15,7008
5371,中光電,6,0,6,兆豐-三重,2023-09-15,7008
00857B,永豐20年美公債,6,0,6,兆豐-三重,2023-09-15,7008
1609,大亞,10,4,6,兆豐-三重,2023-09-15,7008
3323,加百裕,6,0,6,兆豐-三重,2023-09-15,7008
3588,通嘉,8,2,6,兆豐-三重,2023-09-15,7008
6266,泰詠,6,0,6,兆豐-三重,2023-09-15,7008
1218,泰山,5,0,5,兆豐-三重,2023-09-15,7008
1536,和大,5,0,5,兆豐-三重,2023-09-15,7008
2317,鴻海,18,13,5,兆豐-三重,2023-09-15,7008
2630,亞航,5,0,5,兆豐-三重,2023-09-15,7008
00929,復華台灣科技優息,100,11,89,兆豐-三重,2023-09-18,7008
2382,廣達,87,4,83,兆豐-三重,2023-09-18,7008
2330,台積電,71,4,67,兆豐-三重,2023-09-18,7008
2363,矽統,91,28,63,兆豐-三重,2023-09-18,7008
2354,鴻準,45,0,45,兆豐-三重,2023-09-18,7008
00919,群益台灣精選高息,45,11,34,兆豐-三重,2023-09-18,7008
2393,億光,30,0,30,兆豐-三重,2023-09-18,7008
6245,立端,30,0,30,兆豐-三重,2023-09-18,7008
2316,楠梓電,22,0,22,兆豐-三重,2023-09-18,7008
2344,華邦電,25,3,22,兆豐-三重,2023-09-18,7008
2618,長榮航,53,32,21,兆豐-三重,2023-09-18,7008
2356,英業達,18,1,17,兆豐-三重,2023-09-18,7008
00795B,中信美國公債20年,16,0,16,兆豐-三重,2023-09-18,7008
3231,緯創,28,13,15,兆豐-三重,2023-09-18,7008
00878,國泰永續高股息,15,1,14,兆豐-三重,2023-09-18,7008
2388,威盛,34,20,14,兆豐-三重,2023-09-18,7008
00932,兆豐永續高息等權,13,0,13,兆豐-三重,2023-09-18,7008
00720B,元大投資級公司債,13,0,13,兆豐-三重,2023-09-18,7008
6235,華孚,22,10,12,兆豐-三重,2023-09-18,7008
3033,威健,11,0,11,兆豐-三重,2023-09-18,7008
00679B,元大美債20年,12,1,11,兆豐-三重,2023-09-18,7008
5607,遠雄港,10,0,10,兆豐-三重,2023-09-18,7008
00712,復華富時不動產,10,0,10,兆豐-三重,2023-09-18,7008
2405,輔信,10,0,10,兆豐-三重,2023-09-18,7008
3264,欣銓,15,5,10,兆豐-三重,2023-09-18,7008
1229,聯華,10,1,9,兆豐-三重,2023-09-18,7008
2913,農林,9,0,9,兆豐-三重,2023-09-18,7008
3044,健鼎,10,1,9,兆豐-三重,2023-09-18,7008
2367,燿華,17,9,8,兆豐-三重,2023-09-18,7008
4967,十銓,8,0,8,兆豐-三重,2023-09-18,7008
2337,旺宏,8,1,7,兆豐-三重,2023-09-18,7008
2417,圓剛,8,1,7,兆豐-三重,2023-09-18,7008
4763,材料-KY,7,0,7,兆豐-三重,2023-09-18,7008
8112,至上,15,8,7,兆豐-三重,2023-09-18,7008
00751B,元大AAA至A公司債,6,0,6,兆豐-三重,2023-09-18,7008
2408,南亞科,11,5,6,兆豐-三重,2023-09-18,7008
3037,欣興,6,0,6,兆豐-三重,2023-09-18,7008
4714,永捷,29,23,6,兆豐-三重,2023-09-18,7008
9904,寶成,6,0,6,兆豐-三重,2023-09-18,7008
4979,華星光,9,4,5,兆豐-三重,2023-09-18,7008
00772B,中信高評級公司債,5,0,5,兆豐-三重,2023-09-18,7008
3011,今皓,5,0,5,兆豐-三重,2023-09-18,7008
3324,雙鴻,5,0,5,兆豐-三重,2023-09-18,7008
5511,德昌,5,0,5,兆豐-三重,2023-09-18,7008
6142,友勁,5,0,5,兆豐-三重,2023-09-18,7008
1477,聚陽,6,2,4,兆豐-三重,2023-09-18,7008
1514,亞力,4,0,4,兆豐-三重,2023-09-18,7008
2362,藍天,4,0,4,兆豐-三重,2023-09-18,7008
3706,神達,4,0,4,兆豐-三重,2023-09-18,7008
3709,鑫聯大投控,4,0,4,兆豐-三重,2023-09-18,7008
2363,矽統,578,319,259,兆豐-三重,2023-09-19,7008
00929,復華台灣科技優息,175,6,169,兆豐-三重,2023-09-19,7008
6120,達運,120,20,100,兆豐-三重,2023-09-19,7008
00932,兆豐永續高息等權,71,8,63,兆豐-三重,2023-09-19,7008
2376,技嘉,36,0,36,兆豐-三重,2023-09-19,7008
1522,堤維西,39,14,25,兆豐-三重,2023-09-19,7008
00919,群益台灣精選高息,20,0,20,兆豐-三重,2023-09-19,7008
2313,華通,95,77,18,兆豐-三重,2023-09-19,7008
3481,群創,31,13,18,兆豐-三重,2023-09-19,7008
3231,緯創,61,46,15,兆豐-三重,2023-09-19,7008
3017,奇鋐,20,6,14,兆豐-三重,2023-09-19,7008
6901,鑽石投資,16,2,14,兆豐-三重,2023-09-19,7008
2362,藍天,12,0,12,兆豐-三重,2023-09-19,7008
2332,友訊,11,0,11,兆豐-三重,2023-09-19,7008
2489,瑞軒,10,0,10,兆豐-三重,2023-09-19,7008
6245,立端,10,0,10,兆豐-三重,2023-09-19,7008
8390,金益鼎,10,0,10,兆豐-三重,2023-09-19,7008
2330,台積電,9,0,9,兆豐-三重,2023-09-19,7008
2465,麗臺,9,0,9,兆豐-三重,2023-09-19,7008
2498,宏達電,14,5,9,兆豐-三重,2023-09-19,7008
2388,威盛,9,1,8,兆豐-三重,2023-09-19,7008
2427,三商電,9,1,8,兆豐-三重,2023-09-19,7008
4979,華星光,18,11,7,兆豐-三重,2023-09-19,7008
3545,敦泰,7,0,7,兆豐-三重,2023-09-19,7008
1609,大亞,7,1,6,兆豐-三重,2023-09-19,7008
2392,正崴,8,2,6,兆豐-三重,2023-09-19,7008
2606,裕民,12,6,6,兆豐-三重,2023-09-19,7008
2610,華航,7,1,6,兆豐-三重,2023-09-19,7008
3058,立德,8,2,6,兆豐-三重,2023-09-19,7008
3322,建舜電,6,0,6,兆豐-三重,2023-09-19,7008
4728,雙美,6,0,6,兆豐-三重,2023-09-19,7008
6257,矽格,10,4,6,兆豐-三重,2023-09-19,7008
00878,國泰永續高股息,16,11,5,兆豐-三重,2023-09-19,7008
00921,兆豐龍頭等權重,5,0,5,兆豐-三重,2023-09-19,7008
1102,亞泥,5,0,5,兆豐-三重,2023-09-19,7008
2236,百達-KY,6,1,5,兆豐-三重,2023-09-19,7008
2303,聯電,11,6,5,兆豐-三重,2023-09-19,7008
2425,承啟,7,2,5,兆豐-三重,2023-09-19,7008
2436,偉詮電,5,0,5,兆豐-三重,2023-09-19,7008
3122,笙泉,5,0,5,兆豐-三重,2023-09-19,7008
3189,景碩,5,0,5,兆豐-三重,2023-09-19,7008
4532,瑞智,5,0,5,兆豐-三重,2023-09-19,7008
5225,東科-KY,5,0,5,兆豐-三重,2023-09-19,7008
1584,精剛,8,4,4,兆豐-三重,2023-09-19,7008
1710,東聯,4,0,4,兆豐-三重,2023-09-19,7008
3483,力致,4,0,4,兆豐-三重,2023-09-19,7008
4906,正文,4,0,4,兆豐-三重,2023-09-19,7008
6274,台燿,9,5,4,兆豐-三重,2023-09-19,7008
6531,愛普*,11,7,4,兆豐-三重,2023-09-19,7008
2002,中鋼,3,0,3,兆豐-三重,2023-09-19,7008
00929,復華台灣科技優息,215,20,195,兆豐-三重,2023-09-20,7008
2323,中環,61,0,61,兆豐-三重,2023-09-20,7008
2313,華通,87,31,56,兆豐-三重,2023-09-20,7008
3037,欣興,48,1,47,兆豐-三重,2023-09-20,7008
00919,群益台灣精選高息,36,11,25,兆豐-三重,2023-09-20,7008
2618,長榮航,25,1,24,兆豐-三重,2023-09-20,7008
3264,欣銓,27,3,24,兆豐-三重,2023-09-20,7008
2303,聯電,23,0,23,兆豐-三重,2023-09-20,7008
3450,聯鈞,21,0,21,兆豐-三重,2023-09-20,7008
2317,鴻海,26,6,20,兆豐-三重,2023-09-20,7008
2609,陽明,29,11,18,兆豐-三重,2023-09-20,7008
5351,鈺創,18,0,18,兆豐-三重,2023-09-20,7008
8289,泰藝,171,153,18,兆豐-三重,2023-09-20,7008
4938,和碩,19,3,16,兆豐-三重,2023-09-20,7008
00687B,國泰20年美債,16,0,16,兆豐-三重,2023-09-20,7008
00679B,元大美債20年,15,0,15,兆豐-三重,2023-09-20,7008
3630,新鉅科,15,0,15,兆豐-三重,2023-09-20,7008
2356,英業達,13,0,13,兆豐-三重,2023-09-20,7008
2363,矽統,31,18,13,兆豐-三重,2023-09-20,7008
2888,新光金,12,0,12,兆豐-三重,2023-09-20,7008
00751B,元大AAA至A公司債,11,0,11,兆豐-三重,2023-09-20,7008
2516,新建,11,0,11,兆豐-三重,2023-09-20,7008
00923,群益台ESG低碳50,10,0,10,兆豐-三重,2023-09-20,7008
2330,台積電,10,0,10,兆豐-三重,2023-09-20,7008
1605,華新,13,3,10,兆豐-三重,2023-09-20,7008
00724B,群益投資級金融債,10,0,10,兆豐-三重,2023-09-20,7008
2393,億光,10,0,10,兆豐-三重,2023-09-20,7008
2405,輔信,15,5,10,兆豐-三重,2023-09-20,7008
3715,定穎投控,42,33,9,兆豐-三重,2023-09-20,7008
2617,台航,10,1,9,兆豐-三重,2023-09-20,7008
5347,世界,9,0,9,兆豐-三重,2023-09-20,7008
8069,元太,10,2,8,兆豐-三重,2023-09-20,7008
8358,金居,8,0,8,兆豐-三重,2023-09-20,7008
00878,國泰永續高股息,12,5,7,兆豐-三重,2023-09-20,7008
3363,上詮,9,2,7,兆豐-三重,2023-09-20,7008
8105,凌巨,7,0,7,兆豐-三重,2023-09-20,7008
2417,圓剛,6,0,6,兆豐-三重,2023-09-20,7008
3005,神基,12,6,6,兆豐-三重,2023-09-20,7008
3576,聯合再生,6,0,6,兆豐-三重,2023-09-20,7008
1536,和大,5,0,5,兆豐-三重,2023-09-20,7008
00931B,統一美債20年,5,0,5,兆豐-三重,2023-09-20,7008
1319,東陽,11,6,5,兆豐-三重,2023-09-20,7008
2345,智邦,9,4,5,兆豐-三重,2023-09-20,7008
2354,鴻準,6,1,5,兆豐-三重,2023-09-20,7008
2427,三商電,7,2,5,兆豐-三重,2023-09-20,7008
2641,正德,5,0,5,兆豐-三重,2023-09-20,7008
8390,金益鼎,5,0,5,兆豐-三重,2023-09-20,7008
00671R,富邦NASDAQ反1,4,0,4,兆豐-三重,2023-09-20,7008
2206,三陽工業,4,0,4,兆豐-三重,2023-09-20,7008
2340,台亞,7,3,4,兆豐-三重,2023-09-20,7008
2485,兆赫,363,0,363,兆豐-三重,2023-09-21,7008
0056,元大高股息,117,2,115,兆豐-三重,2023-09-21,7008
2801,彰銀,62,0,62,兆豐-三重,2023-09-21,7008
2618,長榮航,99,44,55,兆豐-三重,2023-09-21,7008
2354,鴻準,50,0,50,兆豐-三重,2023-09-21,7008
00720B,元大投資級公司債,45,0,45,兆豐-三重,2023-09-21,7008
00919,群益台灣精選高息,43,4,39,兆豐-三重,2023-09-21,7008
2367,燿華,37,4,33,兆豐-三重,2023-09-21,7008
00878,國泰永續高股息,28,1,27,兆豐-三重,2023-09-21,7008
00929,復華台灣科技優息,75,50,25,兆豐-三重,2023-09-21,7008
00679B,元大美債20年,23,0,23,兆豐-三重,2023-09-21,7008
00680L,元大美債20正2,20,0,20,兆豐-三重,2023-09-21,7008
00902,中信電池及儲能,20,0,20,兆豐-三重,2023-09-21,7008
1476,儒鴻,20,0,20,兆豐-三重,2023-09-21,7008
2880,華南金,20,0,20,兆豐-三重,2023-09-21,7008
2317,鴻海,372,353,19,兆豐-三重,2023-09-21,7008
8927,北基,19,0,19,兆豐-三重,2023-09-21,7008
3264,欣銓,27,10,17,兆豐-三重,2023-09-21,7008
00900,富邦特選高股息30,16,0,16,兆豐-三重,2023-09-21,7008
1605,華新,16,0,16,兆豐-三重,2023-09-21,7008
2363,矽統,58,43,15,兆豐-三重,2023-09-21,7008
3231,緯創,22,7,15,兆豐-三重,2023-09-21,7008
2891,中信金,19,5,14,兆豐-三重,2023-09-21,7008
2887,台新金,13,0,13,兆豐-三重,2023-09-21,7008
1101,台泥,11,0,11,兆豐-三重,2023-09-21,7008
2002,中鋼,11,0,11,兆豐-三重,2023-09-21,7008
2208,台船,11,0,11,兆豐-三重,2023-09-21,7008
1310,台苯,10,0,10,兆豐-三重,2023-09-21,7008
2393,億光,10,0,10,兆豐-三重,2023-09-21,7008
2601,益航,10,0,10,兆豐-三重,2023-09-21,7008
3033,威健,10,0,10,兆豐-三重,2023-09-21,7008
3078,僑威,11,1,10,兆豐-三重,2023-09-21,7008
00923,群益台ESG低碳50,9,0,9,兆豐-三重,2023-09-21,7008
2480,敦陽科,8,0,8,兆豐-三重,2023-09-21,7008
3044,健鼎,8,0,8,兆豐-三重,2023-09-21,7008
3481,群創,20,12,8,兆豐-三重,2023-09-21,7008
3710,連展投控,8,0,8,兆豐-三重,2023-09-21,7008
1471,首利,7,0,7,兆豐-三重,2023-09-21,7008
1522,堤維西,9,2,7,兆豐-三重,2023-09-21,7008
2401,凌陽,7,0,7,兆豐-三重,2023-09-21,7008
3545,敦泰,16,9,7,兆豐-三重,2023-09-21,7008
3588,通嘉,7,0,7,兆豐-三重,2023-09-21,7008
00713,元大台灣高息低波,6,0,6,兆豐-三重,2023-09-21,7008
00882,中信中國高股息,6,0,6,兆豐-三重,2023-09-21,7008
1609,大亞,15,9,6,兆豐-三重,2023-09-21,7008
2344,華邦電,6,0,6,兆豐-三重,2023-09-21,7008
6187,萬潤,6,0,6,兆豐-三重,2023-09-21,7008
00922,國泰台灣領袖50,5,0,5,兆豐-三重,2023-09-21,7008
00918,大華優利高填息30,5,0,5,兆豐-三重,2023-09-21,7008
1102,亞泥,5,0,5,兆豐-三重,2023-09-21,7008
0056,元大高股息,250,100,150,兆豐-三重,2023-09-22,7008
00919,群益台灣精選高息,146,1,145,兆豐-三重,2023-09-22,7008
2834,臺企銀,100,0,100,兆豐-三重,2023-09-22,7008
6005,群益證,100,0,100,兆豐-三重,2023-09-22,7008
2032,新鋼,69,0,69,兆豐-三重,2023-09-22,7008
2330,台積電,40,0,40,兆豐-三重,2023-09-22,7008
2883,凱基金,28,0,28,兆豐-三重,2023-09-22,7008
00720B,元大投資級公司債,27,0,27,兆豐-三重,2023-09-22,7008
00772B,中信高評級公司債,24,0,24,兆豐-三重,2023-09-22,7008
2033,佳大,22,0,22,兆豐-三重,2023-09-22,7008
1316,上曜,22,2,20,兆豐-三重,2023-09-22,7008
00857B,永豐20年美公債,20,0,20,兆豐-三重,2023-09-22,7008
00929,復華台灣科技優息,18,1,17,兆豐-三重,2023-09-22,7008
2367,燿華,29,13,16,兆豐-三重,2023-09-22,7008
8289,泰藝,35,20,15,兆豐-三重,2023-09-22,7008
3036,文曄,28,14,14,兆豐-三重,2023-09-22,7008
4121,優盛,14,0,14,兆豐-三重,2023-09-22,7008
2303,聯電,35,22,13,兆豐-三重,2023-09-22,7008
00696B,富邦美債20年,13,0,13,兆豐-三重,2023-09-22,7008
2603,長榮,12,0,12,兆豐-三重,2023-09-22,7008
2618,長榮航,16,5,11,兆豐-三重,2023-09-22,7008
00679B,元大美債20年,10,0,10,兆豐-三重,2023-09-22,7008
00712,復華富時不動產,10,0,10,兆豐-三重,2023-09-22,7008
1476,儒鴻,10,0,10,兆豐-三重,2023-09-22,7008
2331,精英,12,2,10,兆豐-三重,2023-09-22,7008
1453,大將,9,0,9,兆豐-三重,2023-09-22,7008
2344,華邦電,10,1,9,兆豐-三重,2023-09-22,7008
2601,益航,10,1,9,兆豐-三重,2023-09-22,7008
00885,富邦越南,7,0,7,兆豐-三重,2023-09-22,7008
3450,聯鈞,62,55,7,兆豐-三重,2023-09-22,7008
6118,建達,7,0,7,兆豐-三重,2023-09-22,7008
00795B,中信美國公債20年,6,0,6,兆豐-三重,2023-09-22,7008
3264,欣銓,6,0,6,兆豐-三重,2023-09-22,7008
00878,國泰永續高股息,6,1,5,兆豐-三重,2023-09-22,7008
00923,群益台ESG低碳50,5,0,5,兆豐-三重,2023-09-22,7008
1536,和大,5,0,5,兆豐-三重,2023-09-22,7008
2313,華通,5,0,5,兆豐-三重,2023-09-22,7008
2329,華泰,17,12,5,兆豐-三重,2023-09-22,7008
2542,興富發,5,0,5,兆豐-三重,2023-09-22,7008
3013,晟銘電,8,3,5,兆豐-三重,2023-09-22,7008
3189,景碩,6,1,5,兆豐-三重,2023-09-22,7008
4207,環泰,5,0,5,兆豐-三重,2023-09-22,7008
5907,大洋-KY,5,0,5,兆豐-三重,2023-09-22,7008
00687B,國泰20年美債,4,0,4,兆豐-三重,2023-09-22,7008
1310,台苯,6,2,4,兆豐-三重,2023-09-22,7008
2337,旺宏,4,0,4,兆豐-三重,2023-09-22,7008
2388,威盛,9,5,4,兆豐-三重,2023-09-22,7008
2634,漢翔,4,0,4,兆豐-三重,2023-09-22,7008
2891,中信金,4,0,4,兆豐-三重,2023-09-22,7008
3149,正達,4,0,4,兆豐-三重,2023-09-22,7008
2883,凱基金,600,0,600,兆豐-三重,2023-09-25,7008
00919,群益台灣精選高息,151,40,111,兆豐-三重,2023-09-25,7008
0056,元大高股息,65,0,65,兆豐-三重,2023-09-25,7008
2405,輔信,55,0,55,兆豐-三重,2023-09-25,7008
00720B,元大投資級公司債,40,0,40,兆豐-三重,2023-09-25,7008
2610,華航,82,44,38,兆豐-三重,2023-09-25,7008
2618,長榮航,41,11,30,兆豐-三重,2023-09-25,7008
1316,上曜,25,0,25,兆豐-三重,2023-09-25,7008
3706,神達,25,6,19,兆豐-三重,2023-09-25,7008
3006,晶豪科,14,0,14,兆豐-三重,2023-09-25,7008
00712,復華富時不動產,13,0,13,兆豐-三重,2023-09-25,7008
3037,欣興,13,2,11,兆豐-三重,2023-09-25,7008
1476,儒鴻,10,0,10,兆豐-三重,2023-09-25,7008
2243,宏旭-KY,10,0,10,兆豐-三重,2023-09-25,7008
2349,錸德,10,0,10,兆豐-三重,2023-09-25,7008
2392,正崴,15,5,10,兆豐-三重,2023-09-25,7008
2393,億光,10,0,10,兆豐-三重,2023-09-25,7008
2516,新建,10,0,10,兆豐-三重,2023-09-25,7008
2317,鴻海,19,10,9,兆豐-三重,2023-09-25,7008
6530,創威,20,11,9,兆豐-三重,2023-09-25,7008
1319,東陽,8,0,8,兆豐-三重,2023-09-25,7008
2355,敬鵬,11,3,8,兆豐-三重,2023-09-25,7008
1101,台泥,8,0,8,兆豐-三重,2023-09-25,7008
3545,敦泰,7,0,7,兆豐-三重,2023-09-25,7008
2208,台船,12,5,7,兆豐-三重,2023-09-25,7008
2303,聯電,10,4,6,兆豐-三重,2023-09-25,7008
3005,神基,6,0,6,兆豐-三重,2023-09-25,7008
6547,高端疫苗,6,0,6,兆豐-三重,2023-09-25,7008
00679B,元大美債20年,5,0,5,兆豐-三重,2023-09-25,7008
1310,台苯,5,0,5,兆豐-三重,2023-09-25,7008
00932,兆豐永續高息等權,5,0,5,兆豐-三重,2023-09-25,7008
00713,元大台灣高息低波,5,0,5,兆豐-三重,2023-09-25,7008
2105,正新,5,0,5,兆豐-三重,2023-09-25,7008
2402,毅嘉,5,0,5,兆豐-三重,2023-09-25,7008
2442,新美齊,5,0,5,兆豐-三重,2023-09-25,7008
2542,興富發,5,0,5,兆豐-三重,2023-09-25,7008
4908,前鼎,6,1,5,兆豐-三重,2023-09-25,7008
2330,台積電,4,0,4,兆豐-三重,2023-09-25,7008
1903,士紙,4,0,4,兆豐-三重,2023-09-25,7008
2367,燿華,4,0,4,兆豐-三重,2023-09-25,7008
3311,閎暉,7,3,4,兆豐-三重,2023-09-25,7008
6108,競國,10,6,4,兆豐-三重,2023-09-25,7008
6155,鈞寶,4,0,4,兆豐-三重,2023-09-25,7008
8068,全達,10,6,4,兆豐-三重,2023-09-25,7008
9958,世紀鋼,5,1,4,兆豐-三重,2023-09-25,7008
8112,至上,4,1,3,兆豐-三重,2023-09-25,7008
1444,力麗,3,0,3,兆豐-三重,2023-09-25,7008
1434,福懋,3,0,3,兆豐-三重,2023-09-25,7008
1524,耿鼎,16,13,3,兆豐-三重,2023-09-25,7008
1809,中釉,3,0,3,兆豐-三重,2023-09-25,7008
6274,台燿,128,9,119,兆豐-三重,2023-09-26,7008
6120,達運,100,3,97,兆豐-三重,2023-09-26,7008
00929,復華台灣科技優息,67,2,65,兆豐-三重,2023-09-26,7008
00720B,元大投資級公司債,47,0,47,兆豐-三重,2023-09-26,7008
8927,北基,606,562,44,兆豐-三重,2023-09-26,7008
2330,台積電,31,0,31,兆豐-三重,2023-09-26,7008
2356,英業達,28,0,28,兆豐-三重,2023-09-26,7008
00632R,元大台灣50反1,24,0,24,兆豐-三重,2023-09-26,7008
00772B,中信高評級公司債,24,0,24,兆豐-三重,2023-09-26,7008
2317,鴻海,33,10,23,兆豐-三重,2023-09-26,7008
1522,堤維西,26,3,23,兆豐-三重,2023-09-26,7008
2367,燿華,24,1,23,兆豐-三重,2023-09-26,7008
2887,台新金,22,0,22,兆豐-三重,2023-09-26,7008
2393,億光,20,0,20,兆豐-三重,2023-09-26,7008
2852,第一保,20,0,20,兆豐-三重,2023-09-26,7008
8996,高力,56,37,19,兆豐-三重,2023-09-26,7008
00857B,永豐20年美公債,13,0,13,兆豐-三重,2023-09-26,7008
3363,上詮,13,1,12,兆豐-三重,2023-09-26,7008
00751B,元大AAA至A公司債,11,0,11,兆豐-三重,2023-09-26,7008
2601,益航,11,0,11,兆豐-三重,2023-09-26,7008
1476,儒鴻,10,0,10,兆豐-三重,2023-09-26,7008
00888,永豐台灣ESG,10,0,10,兆豐-三重,2023-09-26,7008
2883,凱基金,10,0,10,兆豐-三重,2023-09-26,7008
5880,合庫金,10,0,10,兆豐-三重,2023-09-26,7008
6405,悅城,10,0,10,兆豐-三重,2023-09-26,7008
2405,輔信,10,0,10,兆豐-三重,2023-09-26,7008
00878,國泰永續高股息,10,0,10,兆豐-三重,2023-09-26,7008
1584,精剛,14,5,9,兆豐-三重,2023-09-26,7008
2634,漢翔,9,0,9,兆豐-三重,2023-09-26,7008
2337,旺宏,10,2,8,兆豐-三重,2023-09-26,7008
1339,昭輝,8,1,7,兆豐-三重,2023-09-26,7008
1316,上曜,7,0,7,兆豐-三重,2023-09-26,7008
2303,聯電,7,0,7,兆豐-三重,2023-09-26,7008
5425,台半,7,0,7,兆豐-三重,2023-09-26,7008
6104,創惟,7,0,7,兆豐-三重,2023-09-26,7008
8028,昇陽半導體,7,0,7,兆豐-三重,2023-09-26,7008
2485,兆赫,7,1,6,兆豐-三重,2023-09-26,7008
5523,豐謙,6,0,6,兆豐-三重,2023-09-26,7008
0050,元大台灣50,6,0,6,兆豐-三重,2023-09-26,7008
1444,力麗,5,0,5,兆豐-三重,2023-09-26,7008
00687B,國泰20年美債,5,0,5,兆豐-三重,2023-09-26,7008
00712,復華富時不動產,5,0,5,兆豐-三重,2023-09-26,7008
1101,台泥,5,0,5,兆豐-三重,2023-09-26,7008
00905,FT臺灣Smart,5,0,5,兆豐-三重,2023-09-26,7008
00885,富邦越南,5,0,5,兆豐-三重,2023-09-26,7008
1536,和大,5,0,5,兆豐-三重,2023-09-26,7008
1903,士紙,5,0,5,兆豐-三重,2023-09-26,7008
2208,台船,5,0,5,兆豐-三重,2023-09-26,7008
2324,仁寶,5,0,5,兆豐-三重,2023-09-26,7008
2340,台亞,5,0,5,兆豐-三重,2023-09-26,7008
0056,元大高股息,410,1,409,兆豐-三重,2023-09-27,7008
1802,台玻,303,0,303,兆豐-三重,2023-09-27,7008
00929,復華台灣科技優息,44,0,44,兆豐-三重,2023-09-27,7008
00712,復華富時不動產,37,2,35,兆豐-三重,2023-09-27,7008
2891,中信金,23,0,23,兆豐-三重,2023-09-27,7008
00932,兆豐永續高息等權,22,0,22,兆豐-三重,2023-09-27,7008
020031,統一IC設計臺灣N,20,0,20,兆豐-三重,2023-09-27,7008
1605,華新,22,2,20,兆豐-三重,2023-09-27,7008
2393,億光,20,0,20,兆豐-三重,2023-09-27,7008
6182,合晶,20,0,20,兆豐-三重,2023-09-27,7008
8401,白紗科,16,1,15,兆豐-三重,2023-09-27,7008
3051,力特,16,2,14,兆豐-三重,2023-09-27,7008
00919,群益台灣精選高息,13,0,13,兆豐-三重,2023-09-27,7008
2010,春源,13,0,13,兆豐-三重,2023-09-27,7008
00795B,中信美國公債20年,10,0,10,兆豐-三重,2023-09-27,7008
2405,輔信,15,5,10,兆豐-三重,2023-09-27,7008
2303,聯電,8,0,8,兆豐-三重,2023-09-27,7008
2542,興富發,8,0,8,兆豐-三重,2023-09-27,7008
1310,台苯,16,8,8,兆豐-三重,2023-09-27,7008
1618,合機,16,8,8,兆豐-三重,2023-09-27,7008
5340,建榮,8,0,8,兆豐-三重,2023-09-27,7008
1101,台泥,7,0,7,兆豐-三重,2023-09-27,7008
00892,富邦台灣半導體,7,0,7,兆豐-三重,2023-09-27,7008
6213,聯茂,7,0,7,兆豐-三重,2023-09-27,7008
2330,台積電,6,0,6,兆豐-三重,2023-09-27,7008
00923,群益台ESG低碳50,6,0,6,兆豐-三重,2023-09-27,7008
2408,南亞科,6,0,6,兆豐-三重,2023-09-27,7008
3557,嘉威,6,0,6,兆豐-三重,2023-09-27,7008
5425,台半,6,0,6,兆豐-三重,2023-09-27,7008
1513,中興電,5,0,5,兆豐-三重,2023-09-27,7008
1476,儒鴻,5,0,5,兆豐-三重,2023-09-27,7008
1471,首利,5,0,5,兆豐-三重,2023-09-27,7008
1524,耿鼎,5,0,5,兆豐-三重,2023-09-27,7008
1536,和大,5,0,5,兆豐-三重,2023-09-27,7008
2313,華通,10,5,5,兆豐-三重,2023-09-27,7008
3046,建��,5,0,5,兆豐-三重,2023-09-27,7008
5523,豐謙,5,0,5,兆豐-三重,2023-09-27,7008
1786,科妍,4,0,4,兆豐-三重,2023-09-27,7008
2002,中鋼,128,124,4,兆豐-三重,2023-09-27,7008
3163,波若威,11,7,4,兆豐-三重,2023-09-27,7008
3305,昇貿,4,0,4,兆豐-三重,2023-09-27,7008
006208,富邦台50,4,0,4,兆豐-三重,2023-09-27,7008
2371,大同,3,0,3,兆豐-三重,2023-09-27,7008
1444,力麗,3,0,3,兆豐-三重,2023-09-27,7008
1314,中石化,3,0,3,兆豐-三重,2023-09-27,7008
1584,精剛,3,0,3,兆豐-三重,2023-09-27,7008
2449,京元電子,3,0,3,兆豐-三重,2023-09-27,7008
2743,山富,3,0,3,兆豐-三重,2023-09-27,7008
2886,兆豐金,3,0,3,兆豐-三重,2023-09-27,7008
3017,奇鋐,7,4,3,兆豐-三重,2023-09-27,7008
6274,台燿,276,180,96,兆豐-三重,2023-09-28,7008
2363,矽統,57,20,37,兆豐-三重,2023-09-28,7008
1409,新纖,30,0,30,兆豐-三重,2023-09-28,7008
00929,復華台灣科技優息,23,0,23,兆豐-三重,2023-09-28,7008
00772B,中信高評級公司債,22,0,22,兆豐-三重,2023-09-28,7008
2887,台新金,21,0,21,兆豐-三重,2023-09-28,7008
00633L,富邦上証正2,20,0,20,兆豐-三重,2023-09-28,7008
2337,旺宏,20,0,20,兆豐-三重,2023-09-28,7008
6288,聯嘉,20,0,20,兆豐-三重,2023-09-28,7008
00679B,元大美債20年,19,0,19,兆豐-三重,2023-09-28,7008
2344,華邦電,19,1,18,兆豐-三重,2023-09-28,7008
3545,敦泰,17,0,17,兆豐-三重,2023-09-28,7008
1316,上曜,15,0,15,兆豐-三重,2023-09-28,7008
3630,新鉅科,16,1,15,兆豐-三重,2023-09-28,7008
2330,台積電,14,0,14,兆豐-三重,2023-09-28,7008
3231,緯創,52,39,13,兆豐-三重,2023-09-28,7008
2201,裕隆,14,1,13,兆豐-三重,2023-09-28,7008
3006,晶豪科,36,23,13,兆豐-三重,2023-09-28,7008
00720B,元大投資級公司債,12,0,12,兆豐-三重,2023-09-28,7008
00751B,元大AAA至A公司債,11,0,11,兆豐-三重,2023-09-28,7008
00724B,群益投資級金融債,11,0,11,兆豐-三重,2023-09-28,7008
3013,晟銘電,11,0,11,兆豐-三重,2023-09-28,7008
00773B,中信優先金融債,10,0,10,兆豐-三重,2023-09-28,7008
00891,中信關鍵半導體,10,0,10,兆豐-三重,2023-09-28,7008
2002,中鋼,10,0,10,兆豐-三重,2023-09-28,7008
2515,中工,10,0,10,兆豐-三重,2023-09-28,7008
6418,詠昇,20,10,10,兆豐-三重,2023-09-28,7008
2376,技嘉,14,6,8,兆豐-三重,2023-09-28,7008
2388,威盛,13,5,8,兆豐-三重,2023-09-28,7008
2408,南亞科,8,0,8,兆豐-三重,2023-09-28,7008
4175,杏一,8,0,8,兆豐-三重,2023-09-28,7008
9904,寶成,8,0,8,兆豐-三重,2023-09-28,7008
9958,世紀鋼,9,1,8,兆豐-三重,2023-09-28,7008
2468,華經,8,1,7,兆豐-三重,2023-09-28,7008
4306,炎洲,7,0,7,兆豐-三重,2023-09-28,7008
2329,華泰,18,11,7,兆豐-三重,2023-09-28,7008
00687B,國泰20年美債,6,0,6,兆豐-三重,2023-09-28,7008
00680L,元大美債20正2,6,0,6,兆豐-三重,2023-09-28,7008
00857B,永豐20年美公債,6,0,6,兆豐-三重,2023-09-28,7008
2208,台船,6,0,6,兆豐-三重,2023-09-28,7008
2313,華通,6,0,6,兆豐-三重,2023-09-28,7008
2324,仁寶,11,5,6,兆豐-三重,2023-09-28,7008
3710,連展投控,6,0,6,兆豐-三重,2023-09-28,7008
5452,佶優,9,3,6,兆豐-三重,2023-09-28,7008
8086,宏捷科,6,0,6,兆豐-三重,2023-09-28,7008
1476,儒鴻,5,0,5,兆豐-三重,2023-09-28,7008
1444,力麗,5,0,5,兆豐-三重,2023-09-28,7008
1304,台聚,5,0,5,兆豐-三重,2023-09-28,7008
00931B,統一美債20年,5,0,5,兆豐-三重,2023-09-28,7008
2405,輔信,10,5,5,兆豐-三重,2023-09-28,7008
2606,裕民,110,3,107,兆豐-三重,2023-10-02,7008
0056,元大高股息,90,6,84,兆豐-三重,2023-10-02,7008
2618,長榮航,48,0,48,兆豐-三重,2023-10-02,7008
2421,建準,56,15,41,兆豐-三重,2023-10-02,7008
1815,富喬,53,15,38,兆豐-三重,2023-10-02,7008
2363,矽統,65,32,33,兆豐-三重,2023-10-02,7008
6139,亞翔,41,11,30,兆豐-三重,2023-10-02,7008
2838,聯邦銀,30,0,30,兆豐-三重,2023-10-02,7008
00720B,元大投資級公司債,23,0,23,兆豐-三重,2023-10-02,7008
00712,復華富時不動產,22,0,22,兆豐-三重,2023-10-02,7008
2371,大同,28,10,18,兆豐-三重,2023-10-02,7008
1584,精剛,19,4,15,兆豐-三重,2023-10-02,7008
2355,敬鵬,17,2,15,兆豐-三重,2023-10-02,7008
8927,北基,242,228,14,兆豐-三重,2023-10-02,7008
3715,定穎投控,147,134,13,兆豐-三重,2023-10-02,7008
00772B,中信高評級公司債,12,0,12,兆豐-三重,2023-10-02,7008
1102,亞泥,10,0,10,兆豐-三重,2023-10-02,7008
1310,台苯,10,0,10,兆豐-三重,2023-10-02,7008
2027,大成鋼,10,0,10,兆豐-三重,2023-10-02,7008
3704,合勤控,13,3,10,兆豐-三重,2023-10-02,7008
6116,彩晶,11,1,10,兆豐-三重,2023-10-02,7008
8289,泰藝,21,11,10,兆豐-三重,2023-10-02,7008
2480,敦陽科,8,0,8,兆豐-三重,2023-10-02,7008
3481,群創,20,12,8,兆豐-三重,2023-10-02,7008
6799,來頡,8,0,8,兆豐-三重,2023-10-02,7008
2337,旺宏,7,0,7,兆豐-三重,2023-10-02,7008
2457,飛宏,8,1,7,兆豐-三重,2023-10-02,7008
6128,上福,7,0,7,兆豐-三重,2023-10-02,7008
8112,至上,9,2,7,兆豐-三重,2023-10-02,7008
2208,台船,6,0,6,兆豐-三重,2023-10-02,7008
2417,圓剛,6,0,6,兆豐-三重,2023-10-02,7008
4979,華星光,9,3,6,兆豐-三重,2023-10-02,7008
5225,東科-KY,12,6,6,兆豐-三重,2023-10-02,7008
5410,國眾,6,0,6,兆豐-三重,2023-10-02,7008
8046,南電,6,0,6,兆豐-三重,2023-10-02,7008
1471,首利,10,5,5,兆豐-三重,2023-10-02,7008
00642U,期元大S＆P石油,5,0,5,兆豐-三重,2023-10-02,7008
00905,FT臺灣Smart,5,0,5,兆豐-三重,2023-10-02,7008
1809,中釉,25,20,5,兆豐-三重,2023-10-02,7008
2017,官田鋼,5,0,5,兆豐-三重,2023-10-02,7008
2374,佳能,5,0,5,兆豐-三重,2023-10-02,7008
2409,友達,9,4,5,兆豐-三重,2023-10-02,7008
2601,益航,5,0,5,兆豐-三重,2023-10-02,7008
6770,力積電,5,0,5,兆豐-三重,2023-10-02,7008
6213,聯茂,11,6,5,兆豐-三重,2023-10-02,7008
00929,復華台灣科技優息,9,5,4,兆豐-三重,2023-10-02,7008
00753L,中信中國50正2,5,1,4,兆豐-三重,2023-10-02,7008
1504,東元,5,1,4,兆豐-三重,2023-10-02,7008
5907,大洋-KY,4,0,4,兆豐-三重,2023-10-02,7008
6122,擎邦,5,1,4,兆豐-三重,2023-10-02,7008
2606,裕民,105,2,103,兆豐-三重,2023-10-03,7008
2344,華邦電,81,2,79,兆豐-三重,2023-10-03,7008
8996,高力,52,0,52,兆豐-三重,2023-10-03,7008
2405,輔信,38,0,38,兆豐-三重,2023-10-03,7008
2409,友達,43,13,30,兆豐-三重,2023-10-03,7008
2618,長榮航,81,55,26,兆豐-三重,2023-10-03,7008
6573,虹揚-KY,30,5,25,兆豐-三重,2023-10-03,7008
1522,堤維西,26,5,21,兆豐-三重,2023-10-03,7008
00905,FT臺灣Smart,20,5,15,兆豐-三重,2023-10-03,7008
6829,千附精密,15,0,15,兆豐-三重,2023-10-03,7008
2002,中鋼,14,0,14,兆豐-三重,2023-10-03,7008
2388,威盛,39,25,14,兆豐-三重,2023-10-03,7008
00712,復華富時不動產,13,0,13,兆豐-三重,2023-10-03,7008
3325,旭品,44,31,13,兆豐-三重,2023-10-03,7008
6274,台燿,26,14,12,兆豐-三重,2023-10-03,7008
00720B,元大投資級公司債,12,0,12,兆豐-三重,2023-10-03,7008
1815,富喬,62,50,12,兆豐-三重,2023-10-03,7008
2027,大成鋼,12,0,12,兆豐-三重,2023-10-03,7008
2330,台積電,12,1,11,兆豐-三重,2023-10-03,7008
00931B,統一美債20年,11,0,11,兆豐-三重,2023-10-03,7008
2201,裕隆,11,0,11,兆豐-三重,2023-10-03,7008
2371,大同,11,0,11,兆豐-三重,2023-10-03,7008
1609,大亞,12,2,10,兆豐-三重,2023-10-03,7008
00929,復華台灣科技優息,11,1,10,兆豐-三重,2023-10-03,7008
00922,國泰台灣領袖50,10,0,10,兆豐-三重,2023-10-03,7008
1102,亞泥,10,0,10,兆豐-三重,2023-10-03,7008
1402,遠東新,10,0,10,兆豐-三重,2023-10-03,7008
1514,亞力,21,11,10,兆豐-三重,2023-10-03,7008
2317,鴻海,152,142,10,兆豐-三重,2023-10-03,7008
2323,中環,10,0,10,兆豐-三重,2023-10-03,7008
3032,偉訓,17,7,10,兆豐-三重,2023-10-03,7008
3231,緯創,16,7,9,兆豐-三重,2023-10-03,7008
3481,群創,127,119,8,兆豐-三重,2023-10-03,7008
1605,華新,8,0,8,兆豐-三重,2023-10-03,7008
1802,台玻,11,3,8,兆豐-三重,2023-10-03,7008
2427,三商電,13,5,8,兆豐-三重,2023-10-03,7008
2329,華泰,18,10,8,兆豐-三重,2023-10-03,7008
3450,聯鈞,15,8,7,兆豐-三重,2023-10-03,7008
5425,台半,7,0,7,兆豐-三重,2023-10-03,7008
3013,晟銘電,10,4,6,兆豐-三重,2023-10-03,7008
2367,燿華,6,0,6,兆豐-三重,2023-10-03,7008
2449,京元電子,9,3,6,兆豐-三重,2023-10-03,7008
2609,陽明,6,0,6,兆豐-三重,2023-10-03,7008
2884,玉山金,6,0,6,兆豐-三重,2023-10-03,7008
3588,通嘉,6,0,6,兆豐-三重,2023-10-03,7008
4944,兆遠,6,0,6,兆豐-三重,2023-10-03,7008
6116,彩晶,6,0,6,兆豐-三重,2023-10-03,7008
2891,中信金,5,0,5,兆豐-三重,2023-10-03,7008
1476,儒鴻,5,0,5,兆豐-三重,2023-10-03,7008
00642U,期元大S＆P石油,5,0,5,兆豐-三重,2023-10-03,7008
0056,元大高股息,168,0,168,兆豐-三重,2023-10-04,7008
1802,台玻,100,0,100,兆豐-三重,2023-10-04,7008
2303,聯電,69,0,69,兆豐-三重,2023-10-04,7008
00885,富邦越南,54,0,54,兆豐-三重,2023-10-04,7008
00720B,元大投資級公司債,49,0,49,兆豐-三重,2023-10-04,7008
00929,復華台灣科技優息,47,0,47,兆豐-三重,2023-10-04,7008
2349,錸德,43,0,43,兆豐-三重,2023-10-04,7008
2409,友達,45,2,43,兆豐-三重,2023-10-04,7008
2606,裕民,43,0,43,兆豐-三重,2023-10-04,7008
00922,國泰台灣領袖50,39,1,38,兆豐-三重,2023-10-04,7008
2886,兆豐金,37,5,32,兆豐-三重,2023-10-04,7008
00932,兆豐永續高息等權,31,0,31,兆豐-三重,2023-10-04,7008
9930,中聯資源,31,0,31,兆豐-三重,2023-10-04,7008
2323,中環,30,0,30,兆豐-三重,2023-10-04,7008
2891,中信金,37,7,30,兆豐-三重,2023-10-04,7008
00712,復華富時不動產,29,0,29,兆豐-三重,2023-10-04,7008
2002,中鋼,25,0,25,兆豐-三重,2023-10-04,7008
2538,基泰,25,0,25,兆豐-三重,2023-10-04,7008
3481,群創,42,20,22,兆豐-三重,2023-10-04,7008
2317,鴻海,88,70,18,兆豐-三重,2023-10-04,7008
8358,金居,23,6,17,兆豐-三重,2023-10-04,7008
1319,東陽,16,0,16,兆豐-三重,2023-10-04,7008
2449,京元電子,17,1,16,兆豐-三重,2023-10-04,7008
3013,晟銘電,47,32,15,兆豐-三重,2023-10-04,7008
2330,台積電,20,5,15,兆豐-三重,2023-10-04,7008
2371,大同,13,0,13,兆豐-三重,2023-10-04,7008
00878,國泰永續高股息,14,1,13,兆豐-三重,2023-10-04,7008
2887,台新金,17,5,12,兆豐-三重,2023-10-04,7008
1102,亞泥,12,0,12,兆豐-三重,2023-10-04,7008
2888,新光金,17,5,12,兆豐-三重,2023-10-04,7008
2884,玉山金,16,5,11,兆豐-三重,2023-10-04,7008
00679B,元大美債20年,10,2,8,兆豐-三重,2023-10-04,7008
2498,宏達電,8,0,8,兆豐-三重,2023-10-04,7008
00919,群益台灣精選高息,7,0,7,兆豐-三重,2023-10-04,7008
2882,國泰金,12,5,7,兆豐-三重,2023-10-04,7008
6799,來頡,7,0,7,兆豐-三重,2023-10-04,7008
6770,力積電,7,1,6,兆豐-三重,2023-10-04,7008
1310,台苯,6,0,6,兆豐-三重,2023-10-04,7008
00931B,統一美債20年,11,5,6,兆豐-三重,2023-10-04,7008
00882,中信中國高股息,6,0,6,兆豐-三重,2023-10-04,7008
2352,佳世達,8,2,6,兆豐-三重,2023-10-04,7008
2883,凱基金,11,5,6,兆豐-三重,2023-10-04,7008
3264,欣銓,6,0,6,兆豐-三重,2023-10-04,7008
5439,高技,7,1,6,兆豐-三重,2023-10-04,7008
0050,元大台灣50,5,0,5,兆豐-三重,2023-10-04,7008
2892,第一金,10,5,5,兆豐-三重,2023-10-04,7008
00928,中信上櫃ESG30,5,0,5,兆豐-三重,2023-10-04,7008
1476,儒鴻,5,0,5,兆豐-三重,2023-10-04,7008
1536,和大,5,0,5,兆豐-三重,2023-10-04,7008
2208,台船,5,0,5,兆豐-三重,2023-10-04,7008
6120,達運,72,14,58,兆豐-三重,2023-10-05,7008
00885,富邦越南,56,0,56,兆豐-三重,2023-10-05,7008
2371,大同,51,3,48,兆豐-三重,2023-10-05,7008
3234,光環,34,1,33,兆豐-三重,2023-10-05,7008
1815,富喬,32,0,32,兆豐-三重,2023-10-05,7008
2610,華航,25,1,24,兆豐-三重,2023-10-05,7008
2353,宏��,23,0,23,兆豐-三重,2023-10-05,7008
00919,群益台灣精選高息,20,0,20,兆豐-三重,2023-10-05,7008
3006,晶豪科,26,6,20,兆豐-三重,2023-10-05,7008
3231,緯創,57,38,19,兆豐-三重,2023-10-05,7008
2883,凱基金,18,0,18,兆豐-三重,2023-10-05,7008
00929,復華台灣科技優息,16,0,16,兆豐-三重,2023-10-05,7008
6411,晶焱,14,0,14,兆豐-三重,2023-10-05,7008
8054,安國,14,0,14,兆豐-三重,2023-10-05,7008
00712,復華富時不動產,11,0,11,兆豐-三重,2023-10-05,7008
1722,台肥,10,0,10,兆豐-三重,2023-10-05,7008
1522,堤維西,10,0,10,兆豐-三重,2023-10-05,7008
1310,台苯,10,0,10,兆豐-三重,2023-10-05,7008
2606,裕民,10,0,10,兆豐-三重,2023-10-05,7008
2884,玉山金,10,0,10,兆豐-三重,2023-10-05,7008
2382,廣達,20,11,9,兆豐-三重,2023-10-05,7008
3037,欣興,9,0,9,兆豐-三重,2023-10-05,7008
2014,中鴻,10,2,8,兆豐-三重,2023-10-05,7008
2201,裕隆,8,0,8,兆豐-三重,2023-10-05,7008
3032,偉訓,15,7,8,兆豐-三重,2023-10-05,7008
3265,台星科,8,0,8,兆豐-三重,2023-10-05,7008
4967,十銓,9,2,7,兆豐-三重,2023-10-05,7008
3046,建��,7,0,7,兆豐-三重,2023-10-05,7008
8210,勤誠,10,3,7,兆豐-三重,2023-10-05,7008
4906,正文,6,0,6,兆豐-三重,2023-10-05,7008
6219,富旺,6,0,6,兆豐-三重,2023-10-05,7008
8927,北基,38,32,6,兆豐-三重,2023-10-05,7008
00642U,期元大S＆P石油,5,0,5,兆豐-三重,2023-10-05,7008
2363,矽統,42,37,5,兆豐-三重,2023-10-05,7008
2388,威盛,5,0,5,兆豐-三重,2023-10-05,7008
3380,明泰,5,0,5,兆豐-三重,2023-10-05,7008
5371,中光電,5,0,5,兆豐-三重,2023-10-05,7008
6142,友勁,5,0,5,兆豐-三重,2023-10-05,7008
6288,聯嘉,5,0,5,兆豐-三重,2023-10-05,7008
00696B,富邦美債20年,4,0,4,兆豐-三重,2023-10-05,7008
2313,華通,18,14,4,兆豐-三重,2023-10-05,7008
2421,建準,6,2,4,兆豐-三重,2023-10-05,7008
3710,連展投控,4,0,4,兆豐-三重,2023-10-05,7008
6112,邁達特,6,2,4,兆豐-三重,2023-10-05,7008
6279,胡連,5,1,4,兆豐-三重,2023-10-05,7008
8358,金居,5,1,4,兆豐-三重,2023-10-05,7008
2409,友達,6,3,3,兆豐-三重,2023-10-05,7008
2301,光寶科,7,4,3,兆豐-三重,2023-10-05,7008
2369,菱生,3,0,3,兆豐-三重,2023-10-05,7008
2417,圓剛,103,100,3,兆豐-三重,2023-10-05,7008
8076,伍豐,130,60,70,兆豐-三重,2023-10-06,7008
2329,華泰,76,12,64,兆豐-三重,2023-10-06,7008
1815,富喬,50,2,48,兆豐-三重,2023-10-06,7008
00929,復華台灣科技優息,45,0,45,兆豐-三重,2023-10-06,7008
6189,豐藝,85,40,45,兆豐-三重,2023-10-06,7008
00712,復華富時不動產,34,0,34,兆豐-三重,2023-10-06,7008
2363,矽統,91,59,32,兆豐-三重,2023-10-06,7008
00919,群益台灣精選高息,30,0,30,兆豐-三重,2023-10-06,7008
00922,國泰台灣領袖50,23,2,21,兆豐-三重,2023-10-06,7008
5464,霖宏,20,0,20,兆豐-三重,2023-10-06,7008
9105,泰金寶-DR,20,0,20,兆豐-三重,2023-10-06,7008
2486,一詮,51,32,19,兆豐-三重,2023-10-06,7008
1608,華榮,14,0,14,兆豐-三重,2023-10-06,7008
2618,長榮航,13,0,13,兆豐-三重,2023-10-06,7008
2354,鴻準,12,0,12,兆豐-三重,2023-10-06,7008
2409,友達,14,2,12,兆豐-三重,2023-10-06,7008
8093,保銳,12,0,12,兆豐-三重,2023-10-06,7008
3046,建��,11,0,11,兆豐-三重,2023-10-06,7008
00632R,元大台灣50反1,10,0,10,兆豐-三重,2023-10-06,7008
2038,海光,10,0,10,兆豐-三重,2023-10-06,7008
1802,台玻,10,0,10,兆豐-三重,2023-10-06,7008
2641,正德,10,0,10,兆豐-三重,2023-10-06,7008
6470,宇智,10,0,10,兆豐-三重,2023-10-06,7008
3545,敦泰,10,1,9,兆豐-三重,2023-10-06,7008
3363,上詮,9,0,9,兆豐-三重,2023-10-06,7008
8027,鈦昇,10,1,9,兆豐-三重,2023-10-06,7008
2324,仁寶,8,0,8,兆豐-三重,2023-10-06,7008
1609,大亞,8,0,8,兆豐-三重,2023-10-06,7008
3260,威剛,11,3,8,兆豐-三重,2023-10-06,7008
00642U,期元大S＆P石油,7,0,7,兆豐-三重,2023-10-06,7008
9919,康那香,7,0,7,兆豐-三重,2023-10-06,7008
6274,台燿,12,5,7,兆豐-三重,2023-10-06,7008
3037,欣興,6,0,6,兆豐-三重,2023-10-06,7008
2455,全新,6,0,6,兆豐-三重,2023-10-06,7008
3162,精確,6,0,6,兆豐-三重,2023-10-06,7008
6122,擎邦,113,107,6,兆豐-三重,2023-10-06,7008
6266,泰詠,6,0,6,兆豐-三重,2023-10-06,7008
6411,晶焱,6,0,6,兆豐-三重,2023-10-06,7008
6139,亞翔,6,1,5,兆豐-三重,2023-10-06,7008
1310,台苯,5,0,5,兆豐-三重,2023-10-06,7008
2208,台船,5,0,5,兆豐-三重,2023-10-06,7008
2427,三商電,5,0,5,兆豐-三重,2023-10-06,7008
2834,臺企銀,5,0,5,兆豐-三重,2023-10-06,7008
4533,協易機,5,0,5,兆豐-三重,2023-10-06,7008
5483,中美晶,5,0,5,兆豐-三重,2023-10-06,7008
6770,力積電,5,0,5,兆豐-三重,2023-10-06,7008
6901,鑽石投資,6,1,5,兆豐-三重,2023-10-06,7008
2313,華通,8,4,4,兆豐-三重,2023-10-06,7008
3078,僑威,10,6,4,兆豐-三重,2023-10-06,7008
4564,元翎,4,0,4,兆豐-三重,2023-10-06,7008
2801,彰銀,100,0,100,兆豐-三重,2023-10-11,7008
6120,達運,81,4,77,兆豐-三重,2023-10-11,7008
00712,復華富時不動產,54,0,54,兆豐-三重,2023-10-11,7008
2892,第一金,50,0,50,兆豐-三重,2023-10-11,7008
1603,華電,47,0,47,兆豐-三重,2023-10-11,7008
2382,廣達,71,24,47,兆豐-三重,2023-10-11,7008
3231,緯創,74,44,30,兆豐-三重,2023-10-11,7008
2014,中鴻,21,0,21,兆豐-三重,2023-10-11,7008
3325,旭品,21,1,20,兆豐-三重,2023-10-11,7008
4414,如興,20,0,20,兆豐-三重,2023-10-11,7008
2465,麗臺,19,0,19,兆豐-三重,2023-10-11,7008
3013,晟銘電,30,11,19,兆豐-三重,2023-10-11,7008
1802,台玻,116,100,16,兆豐-三重,2023-10-11,7008
1609,大亞,20,4,16,兆豐-三重,2023-10-11,7008
8011,台通,15,0,15,兆豐-三重,2023-10-11,7008
2609,陽明,34,20,14,兆豐-三重,2023-10-11,7008
3666,光耀,14,0,14,兆豐-三重,2023-10-11,7008
4967,十銓,14,0,14,兆豐-三重,2023-10-11,7008
2516,新建,12,0,12,兆豐-三重,2023-10-11,7008
2421,建準,12,1,11,兆豐-三重,2023-10-11,7008
3715,定穎投控,118,108,10,兆豐-三重,2023-10-11,7008
1316,上曜,10,0,10,兆豐-三重,2023-10-11,7008
1310,台苯,10,0,10,兆豐-三重,2023-10-11,7008
2356,英業達,13,3,10,兆豐-三重,2023-10-11,7008
2371,大同,10,0,10,兆豐-三重,2023-10-11,7008
2393,億光,10,0,10,兆豐-三重,2023-10-11,7008
4207,環泰,10,0,10,兆豐-三重,2023-10-11,7008
6016,康和證,10,0,10,兆豐-三重,2023-10-11,7008
6142,友勁,10,0,10,兆豐-三重,2023-10-11,7008
6209,今國光,10,0,10,兆豐-三重,2023-10-11,7008
6799,來頡,16,6,10,兆豐-三重,2023-10-11,7008
1522,堤維西,9,0,9,兆豐-三重,2023-10-11,7008
2603,長榮,8,0,8,兆豐-三重,2023-10-11,7008
1515,力山,8,0,8,兆豐-三重,2023-10-11,7008
3363,上詮,7,0,7,兆豐-三重,2023-10-11,7008
5340,建榮,8,1,7,兆豐-三重,2023-10-11,7008
6274,台燿,8,1,7,兆豐-三重,2023-10-11,7008
3022,威強電,7,0,7,兆豐-三重,2023-10-11,7008
3014,聯陽,6,0,6,兆豐-三重,2023-10-11,7008
1514,亞力,7,1,6,兆豐-三重,2023-10-11,7008
00642U,期元大S＆P石油,6,0,6,兆豐-三重,2023-10-11,7008
2206,三陽工業,6,0,6,兆豐-三重,2023-10-11,7008
2453,凌群,8,2,6,兆豐-三重,2023-10-11,7008
6275,元山,6,0,6,兆豐-三重,2023-10-11,7008
2376,技嘉,22,17,5,兆豐-三重,2023-10-11,7008
00679B,元大美債20年,5,0,5,兆豐-三重,2023-10-11,7008
1409,新纖,5,0,5,兆豐-三重,2023-10-11,7008
1712,興農,9,4,5,兆豐-三重,2023-10-11,7008
1789,神隆,5,0,5,兆豐-三重,2023-10-11,7008
1815,富喬,5,0,5,兆豐-三重,2023-10-11,7008
00632R,元大台灣50反1,200,0,200,兆豐-三重,2023-10-12,7008
0056,元大高股息,110,2,108,兆豐-三重,2023-10-12,7008
2801,彰銀,100,0,100,兆豐-三重,2023-10-12,7008
00680L,元大美債20正2,83,4,79,兆豐-三重,2023-10-12,7008
2465,麗臺,33,3,30,兆豐-三重,2023-10-12,7008
2313,華通,37,8,29,兆豐-三重,2023-10-12,7008
8222,寶一,16,1,15,兆豐-三重,2023-10-12,7008
2208,台船,12,0,12,兆豐-三重,2023-10-12,7008
2363,矽統,125,113,12,兆豐-三重,2023-10-12,7008
8927,北基,13,1,12,兆豐-三重,2023-10-12,7008
2390,云辰,10,0,10,兆豐-三重,2023-10-12,7008
2355,敬鵬,11,2,9,兆豐-三重,2023-10-12,7008
1319,東陽,12,4,8,兆豐-三重,2023-10-12,7008
6213,聯茂,7,0,7,兆豐-三重,2023-10-12,7008
2382,廣達,24,19,5,兆豐-三重,2023-10-12,7008
2352,佳世達,6,1,5,兆豐-三重,2023-10-12,7008
2356,英業達,9,4,5,兆豐-三重,2023-10-12,7008
3055,蔚華科,6,1,5,兆豐-三重,2023-10-12,7008
6220,岳豐,5,0,5,兆豐-三重,2023-10-12,7008
6547,高端疫苗,5,0,5,兆豐-三重,2023-10-12,7008
8011,台通,5,0,5,兆豐-三重,2023-10-12,7008
8033,雷虎,5,0,5,兆豐-三重,2023-10-12,7008
8111,立��,5,0,5,兆豐-三重,2023-10-12,7008
6274,台燿,6,2,4,兆豐-三重,2023-10-12,7008
00919,群益台灣精選高息,4,0,4,兆豐-三重,2023-10-12,7008
2324,仁寶,15,11,4,兆豐-三重,2023-10-12,7008
2408,南亞科,5,1,4,兆豐-三重,2023-10-12,7008
2731,雄獅,5,1,4,兆豐-三重,2023-10-12,7008
2883,凱基金,4,0,4,兆豐-三重,2023-10-12,7008
3325,旭品,5,1,4,兆豐-三重,2023-10-12,7008
3545,敦泰,4,0,4,兆豐-三重,2023-10-12,7008
5347,世界,5,1,4,兆豐-三重,2023-10-12,7008
6148,驊宏資,4,0,4,兆豐-三重,2023-10-12,7008
3014,聯陽,3,0,3,兆豐-三重,2023-10-12,7008
1514,亞力,3,0,3,兆豐-三重,2023-10-12,7008
00922,國泰台灣領袖50,7,4,3,兆豐-三重,2023-10-12,7008
2455,全新,3,0,3,兆豐-三重,2023-10-12,7008
2606,裕民,5,2,3,兆豐-三重,2023-10-12,7008
3576,聯合再生,3,0,3,兆豐-三重,2023-10-12,7008
4967,十銓,3,0,3,兆豐-三重,2023-10-12,7008
6111,大宇資,3,0,3,兆豐-三重,2023-10-12,7008
6187,萬潤,7,4,3,兆豐-三重,2023-10-12,7008
8027,鈦昇,3,0,3,兆豐-三重,2023-10-12,7008
8358,金居,11,8,3,兆豐-三重,2023-10-12,7008
910861,神州-DR,3,0,3,兆豐-三重,2023-10-12,7008
00679B,元大美債20年,2,0,2,兆豐-三重,2023-10-12,7008
2007,燁興,2,0,2,兆豐-三重,2023-10-12,7008
2206,三陽工業,2,0,2,兆豐-三重,2023-10-12,7008
2397,友通,2,0,2,兆豐-三重,2023-10-12,7008
2458,義隆,2,0,2,兆豐-三重,2023-10-12,7008
1802,台玻,100,3,97,兆豐-三重,2023-10-13,7008
2618,長榮航,80,11,69,兆豐-三重,2023-10-13,7008
00680L,元大美債20正2,35,0,35,兆豐-三重,2023-10-13,7008
2356,英業達,41,7,34,兆豐-三重,2023-10-13,7008
2610,華航,31,0,31,兆豐-三重,2023-10-13,7008
00878,國泰永續高股息,27,1,26,兆豐-三重,2023-10-13,7008
3481,群創,26,1,25,兆豐-三重,2023-10-13,7008
3231,緯創,32,11,21,兆豐-三重,2023-10-13,7008
0056,元大高股息,30,10,20,兆豐-三重,2023-10-13,7008
00632R,元大台灣50反1,20,0,20,兆豐-三重,2023-10-13,7008
2014,中鴻,20,0,20,兆豐-三重,2023-10-13,7008
2363,矽統,173,154,19,兆豐-三重,2023-10-13,7008
00919,群益台灣精選高息,18,0,18,兆豐-三重,2023-10-13,7008
2376,技嘉,19,3,16,兆豐-三重,2023-10-13,7008
1319,東陽,22,6,16,兆豐-三重,2023-10-13,7008
00772B,中信高評級公司債,15,0,15,兆豐-三重,2023-10-13,7008
2425,承啟,15,0,15,兆豐-三重,2023-10-13,7008
1229,聯華,12,0,12,兆豐-三重,2023-10-13,7008
00929,復華台灣科技優息,17,6,11,兆豐-三重,2023-10-13,7008
6284,佳邦,22,11,11,兆豐-三重,2023-10-13,7008
00679B,元大美債20年,10,0,10,兆豐-三重,2023-10-13,7008
1708,東鹼,10,0,10,兆豐-三重,2023-10-13,7008
1909,榮成,10,0,10,兆豐-三重,2023-10-13,7008
2354,鴻準,10,0,10,兆豐-三重,2023-10-13,7008
2892,第一金,10,0,10,兆豐-三重,2023-10-13,7008
3025,星通,13,4,9,兆豐-三重,2023-10-13,7008
8222,寶一,9,0,9,兆豐-三重,2023-10-13,7008
00751B,元大AAA至A公司債,8,0,8,兆豐-三重,2023-10-13,7008
2344,華邦電,9,1,8,兆豐-三重,2023-10-13,7008
1524,耿鼎,8,1,7,兆豐-三重,2023-10-13,7008
3706,神達,7,0,7,兆豐-三重,2023-10-13,7008
6684,安格,16,9,7,兆豐-三重,2023-10-13,7008
2324,仁寶,8,2,6,兆豐-三重,2023-10-13,7008
1227,佳格,6,0,6,兆豐-三重,2023-10-13,7008
1591,駿吉-KY,6,0,6,兆豐-三重,2023-10-13,7008
2357,華碩,6,0,6,兆豐-三重,2023-10-13,7008
3037,欣興,12,6,6,兆豐-三重,2023-10-13,7008
3044,健鼎,6,0,6,兆豐-三重,2023-10-13,7008
2615,萬海,6,0,6,兆豐-三重,2023-10-13,7008
1310,台苯,5,0,5,兆豐-三重,2023-10-13,7008
2355,敬鵬,5,0,5,兆豐-三重,2023-10-13,7008
2380,虹光,5,0,5,兆豐-三重,2023-10-13,7008
6160,欣技,17,12,5,兆豐-三重,2023-10-13,7008
6213,聯茂,5,0,5,兆豐-三重,2023-10-13,7008
6234,高僑,5,0,5,兆豐-三重,2023-10-13,7008
9929,秋雨,5,0,5,兆豐-三重,2023-10-13,7008
1905,華紙,4,0,4,兆豐-三重,2023-10-13,7008
2404,漢唐,4,0,4,兆豐-三重,2023-10-13,7008
2409,友達,5,1,4,兆豐-三重,2023-10-13,7008
2482,連宇,8,4,4,兆豐-三重,2023-10-13,7008
1314,中石化,630,18,612,兆豐-三重,2023-10-16,7008
2610,華航,92,4,88,兆豐-三重,2023-10-16,7008
2344,華邦電,88,2,86,兆豐-三重,2023-10-16,7008
2323,中環,61,0,61,兆豐-三重,2023-10-16,7008
2363,矽統,266,210,56,兆豐-三重,2023-10-16,7008
2618,長榮航,108,59,49,兆豐-三重,2023-10-16,7008
0056,元大高股息,37,0,37,兆豐-三重,2023-10-16,7008
00929,復華台灣科技優息,31,0,31,兆豐-三重,2023-10-16,7008
00919,群益台灣精選高息,32,5,27,兆豐-三重,2023-10-16,7008
1529,樂事綠能,21,0,21,兆豐-三重,2023-10-16,7008
2201,裕隆,21,5,16,兆豐-三重,2023-10-16,7008
4908,前鼎,78,62,16,兆豐-三重,2023-10-16,7008
6274,台燿,17,2,15,兆豐-三重,2023-10-16,7008
6643,M31,15,0,15,兆豐-三重,2023-10-16,7008
6187,萬潤,14,2,12,兆豐-三重,2023-10-16,7008
1609,大亞,11,0,11,兆豐-三重,2023-10-16,7008
1522,堤維西,10,0,10,兆豐-三重,2023-10-16,7008
2367,燿華,10,0,10,兆豐-三重,2023-10-16,7008
2392,正崴,10,0,10,兆豐-三重,2023-10-16,7008
3051,力特,10,0,10,兆豐-三重,2023-10-16,7008
8011,台通,10,0,10,兆豐-三重,2023-10-16,7008
8210,勤誠,10,0,10,兆豐-三重,2023-10-16,7008
3693,營邦,13,3,10,兆豐-三重,2023-10-16,7008
1409,新纖,10,1,9,兆豐-三重,2023-10-16,7008
2356,英業達,6,0,6,兆豐-三重,2023-10-16,7008
2601,益航,6,0,6,兆豐-三重,2023-10-16,7008
3545,敦泰,6,0,6,兆豐-三重,2023-10-16,7008
4967,十銓,22,16,6,兆豐-三重,2023-10-16,7008
1536,和大,5,0,5,兆豐-三重,2023-10-16,7008
1584,精剛,5,0,5,兆豐-三重,2023-10-16,7008
00922,國泰台灣領袖50,5,0,5,兆豐-三重,2023-10-16,7008
1218,泰山,5,0,5,兆豐-三重,2023-10-16,7008
00642U,期元大S＆P石油,5,0,5,兆豐-三重,2023-10-16,7008
1605,華新,5,0,5,兆豐-三重,2023-10-16,7008
2204,中華,7,2,5,兆豐-三重,2023-10-16,7008
2399,映泰,5,0,5,兆豐-三重,2023-10-16,7008
2606,裕民,5,0,5,兆豐-三重,2023-10-16,7008
3013,晟銘電,5,0,5,兆豐-三重,2023-10-16,7008
3231,緯創,14,9,5,兆豐-三重,2023-10-16,7008
3706,神達,6,1,5,兆豐-三重,2023-10-16,7008
6204,艾華,5,0,5,兆豐-三重,2023-10-16,7008
6443,元晶,5,0,5,兆豐-三重,2023-10-16,7008
6538,倉和,5,0,5,兆豐-三重,2023-10-16,7008
6282,康舒,9,4,5,兆豐-三重,2023-10-16,7008
4503,金雨,9,5,4,兆豐-三重,2023-10-16,7008
00673R,期元大S＆P原油反1,5,1,4,兆豐-三重,2023-10-16,7008
2485,兆赫,5,1,4,兆豐-三重,2023-10-16,7008
4552,力達-KY,11,7,4,兆豐-三重,2023-10-16,7008
4927,泰鼎-KY,4,0,4,兆豐-三重,2023-10-16,7008
6158,禾昌,13,9,4,兆豐-三重,2023-10-16,7008
0056,元大高股息,72,0,72,兆豐-三重,2023-10-17,7008
2515,中工,50,5,45,兆豐-三重,2023-10-17,7008
00929,復華台灣科技優息,32,0,32,兆豐-三重,2023-10-17,7008
1519,華城,30,2,28,兆豐-三重,2023-10-17,7008
2393,億光,23,0,23,兆豐-三重,2023-10-17,7008
3231,緯創,188,167,21,兆豐-三重,2023-10-17,7008
2457,飛宏,17,0,17,兆豐-三重,2023-10-17,7008
5609,中菲行,125,109,16,兆豐-三重,2023-10-17,7008
00919,群益台灣精選高息,15,0,15,兆豐-三重,2023-10-17,7008
9941,裕融,12,0,12,兆豐-三重,2023-10-17,7008
3715,定穎投控,35,24,11,兆豐-三重,2023-10-17,7008
00878,國泰永續高股息,11,0,11,兆豐-三重,2023-10-17,7008
2601,益航,10,0,10,兆豐-三重,2023-10-17,7008
2801,彰銀,10,0,10,兆豐-三重,2023-10-17,7008
4401,東隆興,11,1,10,兆豐-三重,2023-10-17,7008
6179,亞通,10,0,10,兆豐-三重,2023-10-17,7008
8112,至上,11,1,10,兆豐-三重,2023-10-17,7008
9105,泰金寶-DR,10,0,10,兆豐-三重,2023-10-17,7008
00679B,元大美債20年,10,0,10,兆豐-三重,2023-10-17,7008
1815,富喬,20,11,9,兆豐-三重,2023-10-17,7008
2331,精英,10,1,9,兆豐-三重,2023-10-17,7008
1603,華電,10,2,8,兆豐-三重,2023-10-17,7008
6209,今國光,8,1,7,兆豐-三重,2023-10-17,7008
6213,聯茂,7,0,7,兆豐-三重,2023-10-17,7008
6770,力積電,79,72,7,兆豐-三重,2023-10-17,7008
8277,商丞,7,0,7,兆豐-三重,2023-10-17,7008
1609,大亞,6,0,6,兆豐-三重,2023-10-17,7008
2474,可成,6,0,6,兆豐-三重,2023-10-17,7008
3363,上詮,14,8,6,兆豐-三重,2023-10-17,7008
6204,艾華,6,0,6,兆豐-三重,2023-10-17,7008
8996,高力,7,1,6,兆豐-三重,2023-10-17,7008
1310,台苯,15,10,5,兆豐-三重,2023-10-17,7008
00673R,期元大S＆P原油反1,5,0,5,兆豐-三重,2023-10-17,7008
00751B,元大AAA至A公司債,5,0,5,兆豐-三重,2023-10-17,7008
1319,東陽,26,21,5,兆豐-三重,2023-10-17,7008
1316,上曜,5,0,5,兆豐-三重,2023-10-17,7008
1536,和大,5,0,5,兆豐-三重,2023-10-17,7008
1529,樂事綠能,5,0,5,兆豐-三重,2023-10-17,7008
1760,寶齡富錦,5,0,5,兆豐-三重,2023-10-17,7008
2105,正新,7,2,5,兆豐-三重,2023-10-17,7008
2356,英業達,55,50,5,兆豐-三重,2023-10-17,7008
2357,華碩,5,0,5,兆豐-三重,2023-10-17,7008
2489,瑞軒,5,0,5,兆豐-三重,2023-10-17,7008
3006,晶豪科,12,7,5,兆豐-三重,2023-10-17,7008
3163,波若威,6,1,5,兆豐-三重,2023-10-17,7008
3663,鑫科,5,0,5,兆豐-三重,2023-10-17,7008
3706,神達,5,0,5,兆豐-三重,2023-10-17,7008
4942,嘉彰,5,0,5,兆豐-三重,2023-10-17,7008
5227,立凱-KY,5,0,5,兆豐-三重,2023-10-17,7008
6104,創惟,7,2,5,兆豐-三重,2023-10-17,7008
00929,復華台灣科技優息,159,5,154,兆豐-三重,2023-10-18,7008
1802,台玻,103,0,103,兆豐-三重,2023-10-18,7008
2323,中環,60,0,60,兆豐-三重,2023-10-18,7008
8040,九暘,42,4,38,兆豐-三重,2023-10-18,7008
00878,國泰永續高股息,37,0,37,兆豐-三重,2023-10-18,7008
1101,台泥,33,1,32,兆豐-三重,2023-10-18,7008
6548,長科*,30,0,30,兆豐-三重,2023-10-18,7008
00922,國泰台灣領袖50,29,0,29,兆豐-三重,2023-10-18,7008
2388,威盛,79,51,28,兆豐-三重,2023-10-18,7008
6770,力積電,27,0,27,兆豐-三重,2023-10-18,7008
00932,兆豐永續高息等權,24,0,24,兆豐-三重,2023-10-18,7008
00919,群益台灣精選高息,22,0,22,兆豐-三重,2023-10-18,7008
020039,元大加權N,20,0,20,兆豐-三重,2023-10-18,7008
2883,凱基金,20,0,20,兆豐-三重,2023-10-18,7008
3481,群創,21,2,19,兆豐-三重,2023-10-18,7008
00720B,元大投資級公司債,15,0,15,兆豐-三重,2023-10-18,7008
2610,華航,51,36,15,兆豐-三重,2023-10-18,7008
3450,聯鈞,19,6,13,兆豐-三重,2023-10-18,7008
00772B,中信高評級公司債,12,0,12,兆豐-三重,2023-10-18,7008
1815,富喬,40,28,12,兆豐-三重,2023-10-18,7008
2201,裕隆,12,1,11,兆豐-三重,2023-10-18,7008
2243,宏旭-KY,11,0,11,兆豐-三重,2023-10-18,7008
3325,旭品,16,5,11,兆豐-三重,2023-10-18,7008
2888,新光金,10,0,10,兆豐-三重,2023-10-18,7008
3058,立德,10,0,10,兆豐-三重,2023-10-18,7008
3317,尼克森,10,0,10,兆豐-三重,2023-10-18,7008
4977,眾達-KY,10,0,10,兆豐-三重,2023-10-18,7008
5014,建錩,10,0,10,兆豐-三重,2023-10-18,7008
6288,聯嘉,10,0,10,兆豐-三重,2023-10-18,7008
3094,聯傑,15,6,9,兆豐-三重,2023-10-18,7008
2382,廣達,107,99,8,兆豐-三重,2023-10-18,7008
2330,台積電,10,2,8,兆豐-三重,2023-10-18,7008
2344,華邦電,8,0,8,兆豐-三重,2023-10-18,7008
2363,矽統,16,8,8,兆豐-三重,2023-10-18,7008
4906,正文,8,0,8,兆豐-三重,2023-10-18,7008
1568,倉佑,7,0,7,兆豐-三重,2023-10-18,7008
2317,鴻海,7,0,7,兆豐-三重,2023-10-18,7008
2369,菱生,12,5,7,兆豐-三重,2023-10-18,7008
2486,一詮,23,16,7,兆豐-三重,2023-10-18,7008
3035,智原,16,9,7,兆豐-三重,2023-10-18,7008
3042,晶技,7,1,6,兆豐-三重,2023-10-18,7008
00881,國泰台灣5G+,6,0,6,兆豐-三重,2023-10-18,7008
2357,華碩,6,0,6,兆豐-三重,2023-10-18,7008
3034,聯詠,6,0,6,兆豐-三重,2023-10-18,7008
4739,康普,6,0,6,兆豐-三重,2023-10-18,7008
6443,元晶,7,1,6,兆豐-三重,2023-10-18,7008
00680L,元大美債20正2,5,0,5,兆豐-三重,2023-10-18,7008
00885,富邦越南,5,0,5,兆豐-三重,2023-10-18,7008
1471,首利,5,0,5,兆豐-三重,2023-10-18,7008
2457,飛宏,5,0,5,兆豐-三重,2023-10-18,7008
2543,皇昌,296,0,296,兆豐-三重,2023-10-19,7008
00933B,國泰10Y+金融債,84,18,66,兆豐-三重,2023-10-19,7008
00680L,元大美債20正2,62,0,62,兆豐-三重,2023-10-19,7008
1101,台泥,32,1,31,兆豐-三重,2023-10-19,7008
00878,國泰永續高股息,30,0,30,兆豐-三重,2023-10-19,7008
00929,復華台灣科技優息,23,0,23,兆豐-三重,2023-10-19,7008
00720B,元大投資級公司債,20,0,20,兆豐-三重,2023-10-19,7008
00881,國泰台灣5G+,21,1,20,兆豐-三重,2023-10-19,7008
1815,富喬,20,0,20,兆豐-三重,2023-10-19,7008
2104,國際中橡,19,0,19,兆豐-三重,2023-10-19,7008
00922,國泰台灣領袖50,18,1,17,兆豐-三重,2023-10-19,7008
1712,興農,13,0,13,兆豐-三重,2023-10-19,7008
00679B,元大美債20年,13,0,13,兆豐-三重,2023-10-19,7008
2610,華航,18,6,12,兆豐-三重,2023-10-19,7008
1522,堤維西,11,0,11,兆豐-三重,2023-10-19,7008
2605,新興,12,1,11,兆豐-三重,2023-10-19,7008
2317,鴻海,40,30,10,兆豐-三重,2023-10-19,7008
00751B,元大AAA至A公司債,10,0,10,兆豐-三重,2023-10-19,7008
2392,正崴,10,0,10,兆豐-三重,2023-10-19,7008
6548,長科*,10,0,10,兆豐-三重,2023-10-19,7008
8086,宏捷科,10,0,10,兆豐-三重,2023-10-19,7008
6235,華孚,9,0,9,兆豐-三重,2023-10-19,7008
2344,華邦電,10,2,8,兆豐-三重,2023-10-19,7008
2382,廣達,75,67,8,兆豐-三重,2023-10-19,7008
2867,三商壽,8,0,8,兆豐-三重,2023-10-19,7008
9941,裕融,8,0,8,兆豐-三重,2023-10-19,7008
00882,中信中國高股息,7,0,7,兆豐-三重,2023-10-19,7008
2323,中環,10,3,7,兆豐-三重,2023-10-19,7008
2816,旺旺保,32,25,7,兆豐-三重,2023-10-19,7008
3481,群創,12,5,7,兆豐-三重,2023-10-19,7008
2883,凱基金,6,0,6,兆豐-三重,2023-10-19,7008
2891,中信金,16,10,6,兆豐-三重,2023-10-19,7008
8093,保銳,6,0,6,兆豐-三重,2023-10-19,7008
2330,台積電,12,6,6,兆豐-三重,2023-10-19,7008
2408,南亞科,5,0,5,兆豐-三重,2023-10-19,7008
2886,兆豐金,5,0,5,兆豐-三重,2023-10-19,7008
1304,台聚,5,0,5,兆豐-三重,2023-10-19,7008
00931B,統一美債20年,5,0,5,兆豐-三重,2023-10-19,7008
00885,富邦越南,5,0,5,兆豐-三重,2023-10-19,7008
1536,和大,5,0,5,兆豐-三重,2023-10-19,7008
1609,大亞,5,0,5,兆豐-三重,2023-10-19,7008
1711,永光,6,1,5,兆豐-三重,2023-10-19,7008
2356,英業達,6,1,5,兆豐-三重,2023-10-19,7008
2368,金像電,7,2,5,兆豐-三重,2023-10-19,7008
2489,瑞軒,5,0,5,兆豐-三重,2023-10-19,7008
2609,陽明,6,1,5,兆豐-三重,2023-10-19,7008
5483,中美晶,10,5,5,兆豐-三重,2023-10-19,7008
6243,迅杰,5,0,5,兆豐-三重,2023-10-19,7008
8176,智捷,5,0,5,兆豐-三重,2023-10-19,7008
9919,康那香,5,0,5,兆豐-三重,2023-10-19,7008
0056,元大高股息,162,16,146,兆豐-三重,2023-10-20,7008
1802,台玻,101,4,97,兆豐-三重,2023-10-20,7008
3025,星通,101,15,86,兆豐-三重,2023-10-20,7008
00931B,統一美債20年,58,3,55,兆豐-三重,2023-10-20,7008
3122,笙泉,58,4,54,兆豐-三重,2023-10-20,7008
00929,復華台灣科技優息,52,1,51,兆豐-三重,2023-10-20,7008
00878,國泰永續高股息,39,0,39,兆豐-三重,2023-10-20,7008
2838,聯邦銀,30,0,30,兆豐-三重,2023-10-20,7008
3481,群創,35,10,25,兆豐-三重,2023-10-20,7008
8054,安國,35,11,24,兆豐-三重,2023-10-20,7008
2543,皇昌,21,0,21,兆豐-三重,2023-10-20,7008
2605,新興,18,0,18,兆豐-三重,2023-10-20,7008
3363,上詮,18,0,18,兆豐-三重,2023-10-20,7008
00712,復華富時不動產,21,5,16,兆豐-三重,2023-10-20,7008
2312,金寶,17,3,14,兆豐-三重,2023-10-20,7008
2323,中環,14,0,14,兆豐-三重,2023-10-20,7008
6643,M31,13,0,13,兆豐-三重,2023-10-20,7008
2884,玉山金,12,0,12,兆豐-三重,2023-10-20,7008
2801,彰銀,12,0,12,兆豐-三重,2023-10-20,7008
6568,宏觀,13,1,12,兆豐-三重,2023-10-20,7008
2002,中鋼,11,0,11,兆豐-三重,2023-10-20,7008
1522,堤維西,10,0,10,兆豐-三重,2023-10-20,7008
5521,工信,10,0,10,兆豐-三重,2023-10-20,7008
8176,智捷,10,0,10,兆豐-三重,2023-10-20,7008
00885,富邦越南,10,0,10,兆豐-三重,2023-10-20,7008
2303,聯電,38,29,9,兆豐-三重,2023-10-20,7008
6213,聯茂,14,5,9,兆豐-三重,2023-10-20,7008
1101,台泥,13,6,7,兆豐-三重,2023-10-20,7008
1789,神隆,10,3,7,兆豐-三重,2023-10-20,7008
3380,明泰,10,3,7,兆豐-三重,2023-10-20,7008
2618,長榮航,66,59,7,兆豐-三重,2023-10-20,7008
3715,定穎投控,71,65,6,兆豐-三重,2023-10-20,7008
00651R,復華香港反1,6,0,6,兆豐-三重,2023-10-20,7008
3105,穩懋,6,0,6,兆豐-三重,2023-10-20,7008
3545,敦泰,7,1,6,兆豐-三重,2023-10-20,7008
3706,神達,7,1,6,兆豐-三重,2023-10-20,7008
5425,台半,6,0,6,兆豐-三重,2023-10-20,7008
5907,大洋-KY,6,0,6,兆豐-三重,2023-10-20,7008
00679B,元大美債20年,6,0,6,兆豐-三重,2023-10-20,7008
1102,亞泥,5,0,5,兆豐-三重,2023-10-20,7008
1536,和大,5,0,5,兆豐-三重,2023-10-20,7008
1815,富喬,5,0,5,兆豐-三重,2023-10-20,7008
2388,威盛,6,1,5,兆豐-三重,2023-10-20,7008
2516,新建,5,0,5,兆豐-三重,2023-10-20,7008
4207,環泰,5,0,5,兆豐-三重,2023-10-20,7008
8210,勤誠,8,3,5,兆豐-三重,2023-10-20,7008
9950,萬國通,5,0,5,兆豐-三重,2023-10-20,7008
9941,裕融,5,1,4,兆豐-三重,2023-10-20,7008
2886,兆豐金,4,0,4,兆豐-三重,2023-10-20,7008
00915,凱基優選高股息30,4,0,4,兆豐-三重,2023-10-20,7008
2543,皇昌,187,0,187,兆豐-三重,2023-10-23,7008
00878,國泰永續高股息,79,0,79,兆豐-三重,2023-10-23,7008
2606,裕民,55,0,55,兆豐-三重,2023-10-23,7008
00931B,統一美債20年,50,0,50,兆豐-三重,2023-10-23,7008
2515,中工,50,4,46,兆豐-三重,2023-10-23,7008
00929,復華台灣科技優息,46,0,46,兆豐-三重,2023-10-23,7008
00923,群益台ESG低碳50,43,0,43,兆豐-三重,2023-10-23,7008
00712,復華富時不動產,30,0,30,兆豐-三重,2023-10-23,7008
2317,鴻海,51,22,29,兆豐-三重,2023-10-23,7008
0056,元大高股息,29,1,28,兆豐-三重,2023-10-23,7008
3032,偉訓,24,2,22,兆豐-三重,2023-10-23,7008
6237,驊訊,26,5,21,兆豐-三重,2023-10-23,7008
3706,神達,20,0,20,兆豐-三重,2023-10-23,7008
2891,中信金,19,0,19,兆豐-三重,2023-10-23,7008
6113,亞矽,18,0,18,兆豐-三重,2023-10-23,7008
3051,力特,39,22,17,兆豐-三重,2023-10-23,7008
00919,群益台灣精選高息,24,7,17,兆豐-三重,2023-10-23,7008
6568,宏觀,15,0,15,兆豐-三重,2023-10-23,7008
00687B,國泰20年美債,13,0,13,兆豐-三重,2023-10-23,7008
6438,迅得,13,0,13,兆豐-三重,2023-10-23,7008
2409,友達,16,4,12,兆豐-三重,2023-10-23,7008
3325,旭品,17,6,11,兆豐-三重,2023-10-23,7008
1316,上曜,10,0,10,兆豐-三重,2023-10-23,7008
00651R,復華香港反1,10,0,10,兆豐-三重,2023-10-23,7008
2393,億光,10,0,10,兆豐-三重,2023-10-23,7008
2402,毅嘉,11,1,10,兆豐-三重,2023-10-23,7008
2897,王道銀行,10,0,10,兆豐-三重,2023-10-23,7008
2449,京元電子,14,5,9,兆豐-三重,2023-10-23,7008
2476,鉅祥,10,1,9,兆豐-三重,2023-10-23,7008
3715,定穎投控,30,21,9,兆豐-三重,2023-10-23,7008
2881,富邦金,9,0,9,兆豐-三重,2023-10-23,7008
00680L,元大美債20正2,8,0,8,兆豐-三重,2023-10-23,7008
2419,仲琦,8,0,8,兆豐-三重,2023-10-23,7008
3557,嘉威,8,0,8,兆豐-三重,2023-10-23,7008
6233,旺玖,8,0,8,兆豐-三重,2023-10-23,7008
2301,光寶科,8,1,7,兆豐-三重,2023-10-23,7008
2618,長榮航,13,6,7,兆豐-三重,2023-10-23,7008
2883,凱基金,10,3,7,兆豐-三重,2023-10-23,7008
2330,台積電,6,0,6,兆豐-三重,2023-10-23,7008
1536,和大,5,0,5,兆豐-三重,2023-10-23,7008
2834,臺企銀,5,0,5,兆豐-三重,2023-10-23,7008
2889,國票金,5,0,5,兆豐-三重,2023-10-23,7008
4128,中天,6,1,5,兆豐-三重,2023-10-23,7008
1102,亞泥,4,0,4,兆豐-三重,2023-10-23,7008
00882,中信中國高股息,4,0,4,兆豐-三重,2023-10-23,7008
1723,中碳,4,0,4,兆豐-三重,2023-10-23,7008
1815,富喬,4,0,4,兆豐-三重,2023-10-23,7008
3231,緯創,17,13,4,兆豐-三重,2023-10-23,7008
8429,金麗-KY,4,0,4,兆豐-三重,2023-10-23,7008
00922,國泰台灣領袖50,4,0,4,兆豐-三重,2023-10-23,7008
2543,皇昌,125,0,125,兆豐-三重,2023-10-24,7008
00929,復華台灣科技優息,65,17,48,兆豐-三重,2023-10-24,7008
0056,元大高股息,43,2,41,兆豐-三重,2023-10-24,7008
2317,鴻海,78,42,36,兆豐-三重,2023-10-24,7008
00651R,復華香港反1,35,0,35,兆豐-三重,2023-10-24,7008
4979,華星光,41,17,24,兆豐-三重,2023-10-24,7008
8150,南茂,23,1,22,兆豐-三重,2023-10-24,7008
3051,力特,31,16,15,兆豐-三重,2023-10-24,7008
3715,定穎投控,83,71,12,兆豐-三重,2023-10-24,7008
2363,矽統,17,5,12,兆豐-三重,2023-10-24,7008
8040,九暘,11,0,11,兆豐-三重,2023-10-24,7008
00923,群益台ESG低碳50,10,0,10,兆豐-三重,2023-10-24,7008
00633L,富邦上証正2,10,0,10,兆豐-三重,2023-10-24,7008
2243,宏旭-KY,10,0,10,兆豐-三重,2023-10-24,7008
2457,飛宏,10,0,10,兆豐-三重,2023-10-24,7008
2538,基泰,10,0,10,兆豐-三重,2023-10-24,7008
2369,菱生,55,46,9,兆豐-三重,2023-10-24,7008
2606,裕民,9,0,9,兆豐-三重,2023-10-24,7008
2612,中航,131,122,9,兆豐-三重,2023-10-24,7008
2330,台積電,8,0,8,兆豐-三重,2023-10-24,7008
00720B,元大投資級公司債,6,0,6,兆豐-三重,2023-10-24,7008
2610,華航,6,0,6,兆豐-三重,2023-10-24,7008
3041,揚智,11,5,6,兆豐-三重,2023-10-24,7008
3537,堡達,6,0,6,兆豐-三重,2023-10-24,7008
4967,十銓,13,7,6,兆豐-三重,2023-10-24,7008
6139,亞翔,16,10,6,兆豐-三重,2023-10-24,7008
6548,長科*,6,0,6,兆豐-三重,2023-10-24,7008
00687B,國泰20年美債,5,0,5,兆豐-三重,2023-10-24,7008
00931B,統一美債20年,5,0,5,兆豐-三重,2023-10-24,7008
2429,銘旺科,5,0,5,兆豐-三重,2023-10-24,7008
2891,中信金,5,0,5,兆豐-三重,2023-10-24,7008
5222,全訊,5,0,5,兆豐-三重,2023-10-24,7008
6168,宏齊,6,1,5,兆豐-三重,2023-10-24,7008
6187,萬潤,5,0,5,兆豐-三重,2023-10-24,7008
8086,宏捷科,5,0,5,兆豐-三重,2023-10-24,7008
2382,廣達,10,6,4,兆豐-三重,2023-10-24,7008
2489,瑞軒,4,0,4,兆豐-三重,2023-10-24,7008
2801,彰銀,4,0,4,兆豐-三重,2023-10-24,7008
3006,晶豪科,7,3,4,兆豐-三重,2023-10-24,7008
6182,合晶,5,1,4,兆豐-三重,2023-10-24,7008
9941,裕融,4,0,4,兆豐-三重,2023-10-24,7008
3557,嘉威,4,0,4,兆豐-三重,2023-10-24,7008
1301,台塑,3,0,3,兆豐-三重,2023-10-24,7008
0050,元大台灣50,3,0,3,兆豐-三重,2023-10-24,7008
1721,三晃,3,0,3,兆豐-三重,2023-10-24,7008
00631L,元大台灣50正2,3,0,3,兆豐-三重,2023-10-24,7008
00712,復華富時不動產,9,6,3,兆豐-三重,2023-10-24,7008
1217,愛之味,3,0,3,兆豐-三重,2023-10-24,7008
2344,華邦電,3,0,3,兆豐-三重,2023-10-24,7008
2426,鼎元,5,2,3,兆豐-三重,2023-10-24,7008
5607,遠雄港,25,5,20,兆豐-三重,2023-10-25,7008
4908,前鼎,58,39,19,兆豐-三重,2023-10-25,7008
2883,凱基金,21,3,18,兆豐-三重,2023-10-25,7008
2305,全友,18,2,16,兆豐-三重,2023-10-25,7008
2457,飛宏,17,2,15,兆豐-三重,2023-10-25,7008
2888,新光金,15,0,15,兆豐-三重,2023-10-25,7008
1618,合機,16,3,13,兆豐-三重,2023-10-25,7008
4967,十銓,14,1,13,兆豐-三重,2023-10-25,7008
2515,中工,35,23,12,兆豐-三重,2023-10-25,7008
00878,國泰永續高股息,11,0,11,兆豐-三重,2023-10-25,7008
1524,耿鼎,43,32,11,兆豐-三重,2023-10-25,7008
00632R,元大台灣50反1,30,20,10,兆豐-三重,2023-10-25,7008
2543,皇昌,10,0,10,兆豐-三重,2023-10-25,7008
3535,晶彩科,10,0,10,兆豐-三重,2023-10-25,7008
5272,笙科,12,2,10,兆豐-三重,2023-10-25,7008
8927,北基,32,22,10,兆豐-三重,2023-10-25,7008
2332,友訊,10,1,9,兆豐-三重,2023-10-25,7008
00712,復華富時不動產,7,0,7,兆豐-三重,2023-10-25,7008
00919,群益台灣精選高息,7,0,7,兆豐-三重,2023-10-25,7008
2465,麗臺,7,0,7,兆豐-三重,2023-10-25,7008
3013,晟銘電,8,1,7,兆豐-三重,2023-10-25,7008
2884,玉山金,6,0,6,兆豐-三重,2023-10-25,7008
6605,帝寶,6,0,6,兆豐-三重,2023-10-25,7008
8093,保銳,6,0,6,兆豐-三重,2023-10-25,7008
1514,亞力,5,0,5,兆豐-三重,2023-10-25,7008
00751B,元大AAA至A公司債,5,0,5,兆豐-三重,2023-10-25,7008
2324,仁寶,5,0,5,兆豐-三重,2023-10-25,7008
2867,三商壽,5,0,5,兆豐-三重,2023-10-25,7008
2890,永豐金,5,0,5,兆豐-三重,2023-10-25,7008
3035,智原,57,52,5,兆豐-三重,2023-10-25,7008
3094,聯傑,8,3,5,兆豐-三重,2023-10-25,7008
3322,建舜電,5,0,5,兆豐-三重,2023-10-25,7008
3704,合勤控,10,5,5,兆豐-三重,2023-10-25,7008
5410,國眾,5,0,5,兆豐-三重,2023-10-25,7008
6194,育富,5,0,5,兆豐-三重,2023-10-25,7008
6695,芯鼎,5,0,5,兆豐-三重,2023-10-25,7008
8050,廣積,5,0,5,兆豐-三重,2023-10-25,7008
0056,元大高股息,4,0,4,兆豐-三重,2023-10-25,7008
00679B,元大美債20年,4,0,4,兆豐-三重,2023-10-25,7008
1903,士紙,4,0,4,兆豐-三重,2023-10-25,7008
2376,技嘉,7,3,4,兆豐-三重,2023-10-25,7008
2892,第一金,4,0,4,兆豐-三重,2023-10-25,7008
3169,亞信,4,0,4,兆豐-三重,2023-10-25,7008
4960,誠美材,5,1,4,兆豐-三重,2023-10-25,7008
6158,禾昌,5,1,4,兆豐-三重,2023-10-25,7008
6187,萬潤,12,8,4,兆豐-三重,2023-10-25,7008
6530,創威,4,0,4,兆豐-三重,2023-10-25,7008
9105,泰金寶-DR,4,0,4,兆豐-三重,2023-10-25,7008
2104,國際中橡,3,0,3,兆豐-三重,2023-10-25,7008
2337,旺宏,19,16,3,兆豐-三重,2023-10-25,7008
00929,復華台灣科技優息,80,5,75,兆豐-三重,2023-10-26,7008
2243,宏旭-KY,50,0,50,兆豐-三重,2023-10-26,7008
00919,群益台灣精選高息,50,0,50,兆豐-三重,2023-10-26,7008
2618,長榮航,91,43,48,兆豐-三重,2023-10-26,7008
2303,聯電,30,1,29,兆豐-三重,2023-10-26,7008
3588,通嘉,22,1,21,兆豐-三重,2023-10-26,7008
2612,中航,804,784,20,兆豐-三重,2023-10-26,7008
3322,建舜電,20,5,15,兆豐-三重,2023-10-26,7008
00878,國泰永續高股息,14,0,14,兆豐-三重,2023-10-26,7008
2317,鴻海,16,3,13,兆豐-三重,2023-10-26,7008
2344,華邦電,13,0,13,兆豐-三重,2023-10-26,7008
3078,僑威,13,0,13,兆豐-三重,2023-10-26,7008
00687B,國泰20年美債,12,0,12,兆豐-三重,2023-10-26,7008
2330,台積電,13,1,12,兆豐-三重,2023-10-26,7008
3037,欣興,13,1,12,兆豐-三重,2023-10-26,7008
00922,國泰台灣領袖50,11,0,11,兆豐-三重,2023-10-26,7008
2883,凱基金,12,1,11,兆豐-三重,2023-10-26,7008
2892,第一金,21,10,11,兆豐-三重,2023-10-26,7008
1605,華新,10,0,10,兆豐-三重,2023-10-26,7008
2409,友達,13,3,10,兆豐-三重,2023-10-26,7008
2476,鉅祥,10,0,10,兆豐-三重,2023-10-26,7008
6138,茂達,10,0,10,兆豐-三重,2023-10-26,7008
6194,育富,10,0,10,兆豐-三重,2023-10-26,7008
6695,芯鼎,10,0,10,兆豐-三重,2023-10-26,7008
0050,元大台灣50,10,1,9,兆豐-三重,2023-10-26,7008
2369,菱生,12,3,9,兆豐-三重,2023-10-26,7008
5351,鈺創,11,2,9,兆豐-三重,2023-10-26,7008
1319,東陽,10,2,8,兆豐-三重,2023-10-26,7008
2337,旺宏,8,0,8,兆豐-三重,2023-10-26,7008
3545,敦泰,8,0,8,兆豐-三重,2023-10-26,7008
5272,笙科,10,2,8,兆豐-三重,2023-10-26,7008
2368,金像電,7,0,7,兆豐-三重,2023-10-26,7008
2887,台新金,7,0,7,兆豐-三重,2023-10-26,7008
5425,台半,7,0,7,兆豐-三重,2023-10-26,7008
5439,高技,8,1,7,兆豐-三重,2023-10-26,7008
9919,康那香,7,0,7,兆豐-三重,2023-10-26,7008
006208,富邦台50,7,0,7,兆豐-三重,2023-10-26,7008
00885,富邦越南,7,1,6,兆豐-三重,2023-10-26,7008
2630,亞航,6,0,6,兆豐-三重,2023-10-26,7008
3308,聯德,6,0,6,兆豐-三重,2023-10-26,7008
3025,星通,8,3,5,兆豐-三重,2023-10-26,7008
00713,元大台灣高息低波,5,0,5,兆豐-三重,2023-10-26,7008
00651R,復華香港反1,5,0,5,兆豐-三重,2023-10-26,7008
00923,群益台ESG低碳50,5,0,5,兆豐-三重,2023-10-26,7008
1536,和大,5,0,5,兆豐-三重,2023-10-26,7008
1609,大亞,5,0,5,兆豐-三重,2023-10-26,7008
2816,旺旺保,22,17,5,兆豐-三重,2023-10-26,7008
3450,聯鈞,6,1,5,兆豐-三重,2023-10-26,7008
6142,友勁,5,0,5,兆豐-三重,2023-10-26,7008
6290,良維,6,1,5,兆豐-三重,2023-10-26,7008
0056,元大高股息,324,110,214,兆豐-三重,2023-10-27,7008
3317,尼克森,104,19,85,兆豐-三重,2023-10-27,7008
6109,亞元,78,0,78,兆豐-三重,2023-10-27,7008
2371,大同,51,0,51,兆豐-三重,2023-10-27,7008
00878,國泰永續高股息,33,0,33,兆豐-三重,2023-10-27,7008
00692,富邦公司治理,30,0,30,兆豐-三重,2023-10-27,7008
2330,台積電,28,1,27,兆豐-三重,2023-10-27,7008
3122,笙泉,85,60,25,兆豐-三重,2023-10-27,7008
2033,佳大,24,0,24,兆豐-三重,2023-10-27,7008
2344,華邦電,23,0,23,兆豐-三重,2023-10-27,7008
2023,燁輝,22,0,22,兆豐-三重,2023-10-27,7008
00713,元大台灣高息低波,20,0,20,兆豐-三重,2023-10-27,7008
3290,東浦,20,0,20,兆豐-三重,2023-10-27,7008
2612,中航,112,93,19,兆豐-三重,2023-10-27,7008
4714,永捷,21,2,19,兆豐-三重,2023-10-27,7008
3078,僑威,22,5,17,兆豐-三重,2023-10-27,7008
2323,中環,17,0,17,兆豐-三重,2023-10-27,7008
6237,驊訊,21,5,16,兆豐-三重,2023-10-27,7008
3260,威剛,20,5,15,兆豐-三重,2023-10-27,7008
2610,華航,20,5,15,兆豐-三重,2023-10-27,7008
6443,元晶,14,0,14,兆豐-三重,2023-10-27,7008
00885,富邦越南,12,0,12,兆豐-三重,2023-10-27,7008
1734,杏輝,12,0,12,兆豐-三重,2023-10-27,7008
2363,矽統,15,4,11,兆豐-三重,2023-10-27,7008
5464,霖宏,11,0,11,兆豐-三重,2023-10-27,7008
1907,永豐餘,10,0,10,兆豐-三重,2023-10-27,7008
2482,連宇,10,0,10,兆豐-三重,2023-10-27,7008
6116,彩晶,10,0,10,兆豐-三重,2023-10-27,7008
8011,台通,10,0,10,兆豐-三重,2023-10-27,7008
2454,聯發科,9,0,9,兆豐-三重,2023-10-27,7008
2367,燿華,10,1,9,兆豐-三重,2023-10-27,7008
8358,金居,9,0,9,兆豐-三重,2023-10-27,7008
3363,上詮,8,0,8,兆豐-三重,2023-10-27,7008
8927,北基,61,53,8,兆豐-三重,2023-10-27,7008
2329,華泰,9,2,7,兆豐-三重,2023-10-27,7008
2498,宏達電,12,5,7,兆豐-三重,2023-10-27,7008
5706,鳳凰,7,0,7,兆豐-三重,2023-10-27,7008
6438,迅得,7,0,7,兆豐-三重,2023-10-27,7008
3588,通嘉,6,0,6,兆豐-三重,2023-10-27,7008
3545,敦泰,6,0,6,兆豐-三重,2023-10-27,7008
4164,承業醫,6,0,6,兆豐-三重,2023-10-27,7008
5425,台半,6,0,6,兆豐-三重,2023-10-27,7008
5493,三聯,6,0,6,兆豐-三重,2023-10-27,7008
6187,萬潤,16,10,6,兆豐-三重,2023-10-27,7008
6538,倉和,8,2,6,兆豐-三重,2023-10-27,7008
6546,正基,120,114,6,兆豐-三重,2023-10-27,7008
6593,台灣銘板,6,0,6,兆豐-三重,2023-10-27,7008
2413,環科,5,0,5,兆豐-三重,2023-10-27,7008
3324,雙鴻,5,0,5,兆豐-三重,2023-10-27,7008
6138,茂達,5,0,5,兆豐-三重,2023-10-27,7008
1101,台泥,195,2,193,兆豐-三重,2023-10-30,7008
0056,元大高股息,121,18,103,兆豐-三重,2023-10-30,7008
2618,長榮航,73,5,68,兆豐-三重,2023-10-30,7008
3715,定穎投控,188,142,46,兆豐-三重,2023-10-30,7008
2388,威盛,41,5,36,兆豐-三重,2023-10-30,7008
2485,兆赫,39,16,23,兆豐-三重,2023-10-30,7008
8054,安國,40,26,14,兆豐-三重,2023-10-30,7008
2303,聯電,55,42,13,兆豐-三重,2023-10-30,7008
3013,晟銘電,15,2,13,兆豐-三重,2023-10-30,7008
2606,裕民,12,0,12,兆豐-三重,2023-10-30,7008
00687B,國泰20年美債,10,0,10,兆豐-三重,2023-10-30,7008
2355,敬鵬,10,0,10,兆豐-三重,2023-10-30,7008
2882,國泰金,10,0,10,兆豐-三重,2023-10-30,7008
3025,星通,10,0,10,兆豐-三重,2023-10-30,7008
3078,僑威,11,1,10,兆豐-三重,2023-10-30,7008
3176,基亞,10,0,10,兆豐-三重,2023-10-30,7008
2889,國票金,8,0,8,兆豐-三重,2023-10-30,7008
5386,青雲,8,0,8,兆豐-三重,2023-10-30,7008
6111,大宇資,8,0,8,兆豐-三重,2023-10-30,7008
2337,旺宏,7,0,7,兆豐-三重,2023-10-30,7008
2363,矽統,8,1,7,兆豐-三重,2023-10-30,7008
2886,兆豐金,7,0,7,兆豐-三重,2023-10-30,7008
00679B,元大美債20年,6,0,6,兆豐-三重,2023-10-30,7008
1591,駿吉-KY,6,0,6,兆豐-三重,2023-10-30,7008
1785,光洋科,7,1,6,兆豐-三重,2023-10-30,7008
2390,云辰,33,27,6,兆豐-三重,2023-10-30,7008
2610,華航,6,0,6,兆豐-三重,2023-10-30,7008
3530,晶相光,6,0,6,兆豐-三重,2023-10-30,7008
5706,鳳凰,6,0,6,兆豐-三重,2023-10-30,7008
8046,南電,6,0,6,兆豐-三重,2023-10-30,7008
6231,系微,5,0,5,兆豐-三重,2023-10-30,7008
1310,台苯,16,11,5,兆豐-三重,2023-10-30,7008
2324,仁寶,5,0,5,兆豐-三重,2023-10-30,7008
2409,友達,8,3,5,兆豐-三重,2023-10-30,7008
2834,臺企銀,5,0,5,兆豐-三重,2023-10-30,7008
6163,華電網,5,0,5,兆豐-三重,2023-10-30,7008
1522,堤維西,4,0,4,兆豐-三重,2023-10-30,7008
00632R,元大台灣50反1,4,0,4,兆豐-三重,2023-10-30,7008
00885,富邦越南,4,0,4,兆豐-三重,2023-10-30,7008
2356,英業達,4,0,4,兆豐-三重,2023-10-30,7008
2401,凌陽,4,0,4,兆豐-三重,2023-10-30,7008
3576,聯合再生,22,18,4,兆豐-三重,2023-10-30,7008
3669,圓展,5,1,4,兆豐-三重,2023-10-30,7008
00881,國泰台灣5G+,3,0,3,兆豐-三重,2023-10-30,7008
1789,神隆,5,2,3,兆豐-三重,2023-10-30,7008
1795,美時,11,8,3,兆豐-三重,2023-10-30,7008
2312,金寶,3,0,3,兆豐-三重,2023-10-30,7008
2743,山富,3,0,3,兆豐-三重,2023-10-30,7008
2883,凱基金,1003,1000,3,兆豐-三重,2023-10-30,7008
3014,聯陽,7,4,3,兆豐-三重,2023-10-30,7008
6237,驊訊,70,2,68,兆豐-三重,2023-10-31,7008
3450,聯鈞,54,9,45,兆豐-三重,2023-10-31,7008
2243,宏旭-KY,40,0,40,兆豐-三重,2023-10-31,7008
00878,國泰永續高股息,33,0,33,兆豐-三重,2023-10-31,7008
4979,華星光,35,4,31,兆豐-三重,2023-10-31,7008
2344,華邦電,28,4,24,兆豐-三重,2023-10-31,7008
2303,聯電,21,1,20,兆豐-三重,2023-10-31,7008
2363,矽統,22,3,19,兆豐-三重,2023-10-31,7008
3231,緯創,34,16,18,兆豐-三重,2023-10-31,7008
1605,華新,16,0,16,兆豐-三重,2023-10-31,7008
1524,耿鼎,49,34,15,兆豐-三重,2023-10-31,7008
2405,輔信,15,0,15,兆豐-三重,2023-10-31,7008
2390,云辰,13,0,13,兆豐-三重,2023-10-31,7008
3520,華盈,13,0,13,兆豐-三重,2023-10-31,7008
6546,正基,42,30,12,兆豐-三重,2023-10-31,7008
2330,台積電,11,0,11,兆豐-三重,2023-10-31,7008
2486,一詮,11,0,11,兆豐-三重,2023-10-31,7008
00712,復華富時不動產,10,0,10,兆豐-三重,2023-10-31,7008
1714,和桐,10,0,10,兆豐-三重,2023-10-31,7008
2610,華航,10,0,10,兆豐-三重,2023-10-31,7008
2367,燿華,16,7,9,兆豐-三重,2023-10-31,7008
00929,復華台灣科技優息,108,100,8,兆豐-三重,2023-10-31,7008
2547,日勝生,8,0,8,兆豐-三重,2023-10-31,7008
3715,定穎投控,28,20,8,兆豐-三重,2023-10-31,7008
2618,長榮航,15,8,7,兆豐-三重,2023-10-31,7008
3017,奇鋐,49,42,7,兆豐-三重,2023-10-31,7008
3576,聯合再生,7,0,7,兆豐-三重,2023-10-31,7008
8040,九暘,9,2,7,兆豐-三重,2023-10-31,7008
3406,玉晶光,6,0,6,兆豐-三重,2023-10-31,7008
1721,三晃,6,0,6,兆豐-三重,2023-10-31,7008
2601,益航,10,4,6,兆豐-三重,2023-10-31,7008
2883,凱基金,6,0,6,兆豐-三重,2023-10-31,7008
3530,晶相光,6,0,6,兆豐-三重,2023-10-31,7008
3545,敦泰,7,1,6,兆豐-三重,2023-10-31,7008
1310,台苯,5,0,5,兆豐-三重,2023-10-31,7008
2301,光寶科,29,24,5,兆豐-三重,2023-10-31,7008
2388,威盛,7,2,5,兆豐-三重,2023-10-31,7008
2427,三商電,9,4,5,兆豐-三重,2023-10-31,7008
2603,長榮,5,0,5,兆豐-三重,2023-10-31,7008
2884,玉山金,5,0,5,兆豐-三重,2023-10-31,7008
3363,上詮,6,1,5,兆豐-三重,2023-10-31,7008
4908,前鼎,40,35,5,兆豐-三重,2023-10-31,7008
6113,亞矽,5,0,5,兆豐-三重,2023-10-31,7008
6187,萬潤,15,10,5,兆豐-三重,2023-10-31,7008
8054,安國,5,0,5,兆豐-三重,2023-10-31,7008
2458,義隆,5,0,5,兆豐-三重,2023-10-31,7008
00922,國泰台灣領袖50,4,0,4,兆豐-三重,2023-10-31,7008
1513,中興電,4,0,4,兆豐-三重,2023-10-31,7008
00919,群益台灣精選高息,11,7,4,兆豐-三重,2023-10-31,7008
1608,華榮,4,0,4,兆豐-三重,2023-10-31,7008
0056,元大高股息,296,52,244,兆豐-三重,2023-11-01,7008
2330,台積電,30,0,30,兆豐-三重,2023-11-01,7008
00706L,期元大S＆P日圓正2,20,0,20,兆豐-三重,2023-11-01,7008
2891,中信金,29,10,19,兆豐-三重,2023-11-01,7008
3481,群創,22,5,17,兆豐-三重,2023-11-01,7008
2881,富邦金,20,5,15,兆豐-三重,2023-11-01,7008
00885,富邦越南,14,0,14,兆豐-三重,2023-11-01,7008
2882,國泰金,28,14,14,兆豐-三重,2023-11-01,7008
00687B,國泰20年美債,12,0,12,兆豐-三重,2023-11-01,7008
00850,元大臺灣ESG永續,10,0,10,兆豐-三重,2023-11-01,7008
00679B,元大美債20年,10,0,10,兆豐-三重,2023-11-01,7008
00712,復華富時不動產,11,1,10,兆豐-三重,2023-11-01,7008
2027,大成鋼,10,0,10,兆豐-三重,2023-11-01,7008
3231,緯創,126,116,10,兆豐-三重,2023-11-01,7008
3338,泰碩,19,9,10,兆豐-三重,2023-11-01,7008
5521,工信,10,0,10,兆豐-三重,2023-11-01,7008
2610,華航,14,6,8,兆豐-三重,2023-11-01,7008
2317,鴻海,8,1,7,兆豐-三重,2023-11-01,7008
3078,僑威,8,1,7,兆豐-三重,2023-11-01,7008
4167,松瑞藥,7,0,7,兆豐-三重,2023-11-01,7008
4188,安克,7,0,7,兆豐-三重,2023-11-01,7008
6546,正基,26,19,7,兆豐-三重,2023-11-01,7008
2492,華新科,23,17,6,兆豐-三重,2023-11-01,7008
1471,首利,6,0,6,兆豐-三重,2023-11-01,7008
2457,飛宏,10,4,6,兆豐-三重,2023-11-01,7008
3122,笙泉,12,6,6,兆豐-三重,2023-11-01,7008
3176,基亞,6,0,6,兆豐-三重,2023-11-01,7008
4108,懷特,6,0,6,兆豐-三重,2023-11-01,7008
4743,合一,6,0,6,兆豐-三重,2023-11-01,7008
6278,台表科,6,0,6,兆豐-三重,2023-11-01,7008
4915,致伸,6,0,6,兆豐-三重,2023-11-01,7008
1529,樂事綠能,5,0,5,兆豐-三重,2023-11-01,7008
1609,大亞,5,0,5,兆豐-三重,2023-11-01,7008
00632R,元大台灣50反1,5,0,5,兆豐-三重,2023-11-01,7008
00680L,元大美債20正2,5,0,5,兆豐-三重,2023-11-01,7008
1310,台苯,5,0,5,兆豐-三重,2023-11-01,7008
00931B,統一美債20年,5,0,5,兆豐-三重,2023-11-01,7008
2105,正新,5,0,5,兆豐-三重,2023-11-01,7008
2612,中航,115,110,5,兆豐-三重,2023-11-01,7008
3576,聯合再生,10,5,5,兆豐-三重,2023-11-01,7008
4566,時碩工業,5,0,5,兆豐-三重,2023-11-01,7008
5386,青雲,5,0,5,兆豐-三重,2023-11-01,7008
5536,聖暉*,5,0,5,兆豐-三重,2023-11-01,7008
5607,遠雄港,5,0,5,兆豐-三重,2023-11-01,7008
6111,大宇資,5,0,5,兆豐-三重,2023-11-01,7008
8046,南電,5,0,5,兆豐-三重,2023-11-01,7008
00878,國泰永續高股息,5,0,5,兆豐-三重,2023-11-01,7008
00919,群益台灣精選高息,4,0,4,兆豐-三重,2023-11-01,7008
3260,威剛,9,5,4,兆豐-三重,2023-11-01,7008
00929,復華台灣科技優息,16,12,4,兆豐-三重,2023-11-01,7008
00885,富邦越南,600,0,600,兆豐-三重,2023-11-02,7008
0056,元大高股息,371,10,361,兆豐-三重,2023-11-02,7008
00919,群益台灣精選高息,100,2,98,兆豐-三重,2023-11-02,7008
8927,北基,293,243,50,兆豐-三重,2023-11-02,7008
9105,泰金寶-DR,30,10,20,兆豐-三重,2023-11-02,7008
6432,今展科,15,0,15,兆豐-三重,2023-11-02,7008
3715,定穎投控,142,128,14,兆豐-三重,2023-11-02,7008
8054,安國,40,29,11,兆豐-三重,2023-11-02,7008
1449,佳和,10,0,10,兆豐-三重,2023-11-02,7008
2243,宏旭-KY,10,0,10,兆豐-三重,2023-11-02,7008
6668,中揚光,10,0,10,兆豐-三重,2023-11-02,7008
8110,華東,10,0,10,兆豐-三重,2023-11-02,7008
2455,全新,8,0,8,兆豐-三重,2023-11-02,7008
9938,百和,7,0,7,兆豐-三重,2023-11-02,7008
2454,聯發科,8,2,6,兆豐-三重,2023-11-02,7008
3325,旭品,6,0,6,兆豐-三重,2023-11-02,7008
1815,富喬,22,17,5,兆豐-三重,2023-11-02,7008
00632R,元大台灣50反1,5,0,5,兆豐-三重,2023-11-02,7008
00679B,元大美債20年,5,0,5,兆豐-三重,2023-11-02,7008
1503,士電,5,0,5,兆豐-三重,2023-11-02,7008
2364,倫飛,5,0,5,兆豐-三重,2023-11-02,7008
2371,大同,5,0,5,兆豐-三重,2023-11-02,7008
2425,承啟,5,0,5,兆豐-三重,2023-11-02,7008
2883,凱基金,5,0,5,兆豐-三重,2023-11-02,7008
3265,台星科,5,0,5,兆豐-三重,2023-11-02,7008
6188,廣明,5,0,5,兆豐-三重,2023-11-02,7008
6770,力積電,5,0,5,兆豐-三重,2023-11-02,7008
1313,聯成,4,0,4,兆豐-三重,2023-11-02,7008
2731,雄獅,4,0,4,兆豐-三重,2023-11-02,7008
3169,亞信,4,0,4,兆豐-三重,2023-11-02,7008
3380,明泰,7,3,4,兆豐-三重,2023-11-02,7008
4714,永捷,5,1,4,兆豐-三重,2023-11-02,7008
4743,合一,9,5,4,兆豐-三重,2023-11-02,7008
4915,致伸,5,1,4,兆豐-三重,2023-11-02,7008
6189,豐藝,4,0,4,兆豐-三重,2023-11-02,7008
6213,聯茂,5,1,4,兆豐-三重,2023-11-02,7008
6292,迅德,4,0,4,兆豐-三重,2023-11-02,7008
00931B,統一美債20年,3,0,3,兆豐-三重,2023-11-02,7008
2201,裕隆,3,0,3,兆豐-三重,2023-11-02,7008
2609,陽明,3,0,3,兆豐-三重,2023-11-02,7008
2834,臺企銀,3,0,3,兆豐-三重,2023-11-02,7008
3163,波若威,9,6,3,兆豐-三重,2023-11-02,7008
3322,建舜電,3,0,3,兆豐-三重,2023-11-02,7008
3704,合勤控,8,5,3,兆豐-三重,2023-11-02,7008
5371,中光電,3,0,3,兆豐-三重,2023-11-02,7008
5386,青雲,3,0,3,兆豐-三重,2023-11-02,7008
6492,生華科,5,2,3,兆豐-三重,2023-11-02,7008
2889,國票金,4,2,2,兆豐-三重,2023-11-02,7008
00715L,期街口布蘭特正2,2,0,2,兆豐-三重,2023-11-02,7008
00687B,國泰20年美債,4,2,2,兆豐-三重,2023-11-02,7008
2363,矽統,312,267,45,兆豐-三重,2023-11-03,7008
2736,富野,33,0,33,兆豐-三重,2023-11-03,7008
1449,佳和,38,10,28,兆豐-三重,2023-11-03,7008
2032,新鋼,21,0,21,兆豐-三重,2023-11-03,7008
2498,宏達電,22,2,20,兆豐-三重,2023-11-03,7008
2458,義隆,19,2,17,兆豐-三重,2023-11-03,7008
2612,中航,46,30,16,兆豐-三重,2023-11-03,7008
1815,富喬,37,22,15,兆豐-三重,2023-11-03,7008
3322,建舜電,30,16,14,兆豐-三重,2023-11-03,7008
0056,元大高股息,13,0,13,兆豐-三重,2023-11-03,7008
2353,宏��,14,2,12,兆豐-三重,2023-11-03,7008
6770,力積電,28,16,12,兆豐-三重,2023-11-03,7008
2317,鴻海,24,13,11,兆豐-三重,2023-11-03,7008
3630,新鉅科,10,0,10,兆豐-三重,2023-11-03,7008
1524,耿鼎,11,2,9,兆豐-三重,2023-11-03,7008
2329,華泰,19,10,9,兆豐-三重,2023-11-03,7008
4919,新唐,8,0,8,兆豐-三重,2023-11-03,7008
5439,高技,18,10,8,兆豐-三重,2023-11-03,7008
2402,毅嘉,7,0,7,兆豐-三重,2023-11-03,7008
4162,智擎,9,2,7,兆豐-三重,2023-11-03,7008
6235,華孚,14,7,7,兆豐-三重,2023-11-03,7008
2030,彰源,6,0,6,兆豐-三重,2023-11-03,7008
2038,海光,6,0,6,兆豐-三重,2023-11-03,7008
2365,昆盈,6,0,6,兆豐-三重,2023-11-03,7008
2417,圓剛,12,6,6,兆豐-三重,2023-11-03,7008
2705,六福,6,0,6,兆豐-三重,2023-11-03,7008
3231,緯創,27,21,6,兆豐-三重,2023-11-03,7008
6111,大宇資,6,0,6,兆豐-三重,2023-11-03,7008
8097,常珵,6,0,6,兆豐-三重,2023-11-03,7008
8112,至上,6,0,6,兆豐-三重,2023-11-03,7008
1514,亞力,5,0,5,兆豐-三重,2023-11-03,7008
1229,聯華,5,0,5,兆豐-三重,2023-11-03,7008
2313,華通,10,5,5,兆豐-三重,2023-11-03,7008
2390,云辰,5,0,5,兆豐-三重,2023-11-03,7008
2482,連宇,5,0,5,兆豐-三重,2023-11-03,7008
2484,希華,5,0,5,兆豐-三重,2023-11-03,7008
2913,農林,5,0,5,兆豐-三重,2023-11-03,7008
3122,笙泉,6,1,5,兆豐-三重,2023-11-03,7008
3450,聯鈞,5,0,5,兆豐-三重,2023-11-03,7008
4153,鈺緯,7,2,5,兆豐-三重,2023-11-03,7008
6189,豐藝,5,0,5,兆豐-三重,2023-11-03,7008
8088,品安,5,0,5,兆豐-三重,2023-11-03,7008
9919,康那香,5,0,5,兆豐-三重,2023-11-03,7008
1319,東陽,5,1,4,兆豐-三重,2023-11-03,7008
1339,昭輝,4,0,4,兆豐-三重,2023-11-03,7008
2014,中鴻,4,0,4,兆豐-三重,2023-11-03,7008
2239,英利-KY,4,0,4,兆豐-三重,2023-11-03,7008
2702,華園,4,0,4,兆豐-三重,2023-11-03,7008
2731,雄獅,4,0,4,兆豐-三重,2023-11-03,7008
3078,僑威,7,3,4,兆豐-三重,2023-11-03,7008
9958,世紀鋼,36,1,35,兆豐-三重,2023-11-06,7008
2388,威盛,46,17,29,兆豐-三重,2023-11-06,7008
1504,東元,21,0,21,兆豐-三重,2023-11-06,7008
2883,凱基金,2021,2001,20,兆豐-三重,2023-11-06,7008
00687B,國泰20年美債,20,0,20,兆豐-三重,2023-11-06,7008
1524,耿鼎,22,2,20,兆豐-三重,2023-11-06,7008
1809,中釉,25,7,18,兆豐-三重,2023-11-06,7008
4533,協易機,20,2,18,兆豐-三重,2023-11-06,7008
2303,聯電,24,7,17,兆豐-三重,2023-11-06,7008
1721,三晃,25,10,15,兆豐-三重,2023-11-06,7008
6266,泰詠,54,39,15,兆豐-三重,2023-11-06,7008
6187,萬潤,15,1,14,兆豐-三重,2023-11-06,7008
2347,聯強,10,0,10,兆豐-三重,2023-11-06,7008
1101,台泥,10,0,10,兆豐-三重,2023-11-06,7008
00715L,期街口布蘭特正2,11,1,10,兆豐-三重,2023-11-06,7008
1584,精剛,169,159,10,兆豐-三重,2023-11-06,7008
1907,永豐餘,10,0,10,兆豐-三重,2023-11-06,7008
2027,大成鋼,11,1,10,兆豐-三重,2023-11-06,7008
3094,聯傑,23,13,10,兆豐-三重,2023-11-06,7008
3260,威剛,12,2,10,兆豐-三重,2023-11-06,7008
5607,遠雄港,10,0,10,兆豐-三重,2023-11-06,7008
0056,元大高股息,21,11,10,兆豐-三重,2023-11-06,7008
3545,敦泰,12,3,9,兆豐-三重,2023-11-06,7008
3376,新日興,10,2,8,兆豐-三重,2023-11-06,7008
6285,啟��,8,0,8,兆豐-三重,2023-11-06,7008
8110,華東,11,3,8,兆豐-三重,2023-11-06,7008
2002,中鋼,47,41,6,兆豐-三重,2023-11-06,7008
5864,致和證,6,0,6,兆豐-三重,2023-11-06,7008
6139,亞翔,18,12,6,兆豐-三重,2023-11-06,7008
1218,泰山,5,0,5,兆豐-三重,2023-11-06,7008
00651R,復華香港反1,5,0,5,兆豐-三重,2023-11-06,7008
00679B,元大美債20年,5,0,5,兆豐-三重,2023-11-06,7008
00888,永豐台灣ESG,5,0,5,兆豐-三重,2023-11-06,7008
00752,中信中國50,5,0,5,兆豐-三重,2023-11-06,7008
2356,英業達,5,0,5,兆豐-三重,2023-11-06,7008
3363,上詮,9,4,5,兆豐-三重,2023-11-06,7008
5009,榮剛,5,0,5,兆豐-三重,2023-11-06,7008
6133,金橋,5,0,5,兆豐-三重,2023-11-06,7008
00772B,中信高評級公司債,4,0,4,兆豐-三重,2023-11-06,7008
1582,信錦,5,1,4,兆豐-三重,2023-11-06,7008
2351,順德,4,0,4,兆豐-三重,2023-11-06,7008
3701,大眾控,4,0,4,兆豐-三重,2023-11-06,7008
3704,合勤控,8,4,4,兆豐-三重,2023-11-06,7008
6118,建達,4,0,4,兆豐-三重,2023-11-06,7008
1603,華電,3,0,3,兆豐-三重,2023-11-06,7008
2301,光寶科,5,2,3,兆豐-三重,2023-11-06,7008
2916,滿心,3,0,3,兆豐-三重,2023-11-06,7008
3041,揚智,3,0,3,兆豐-三重,2023-11-06,7008
4915,致伸,3,0,3,兆豐-三重,2023-11-06,7008
6117,迎廣,3,0,3,兆豐-三重,2023-11-06,7008
6139,亞翔,101,11,90,兆豐-三重,2023-11-07,7008
00919,群益台灣精選高息,60,0,60,兆豐-三重,2023-11-07,7008
00934,中信成長高股息,50,0,50,兆豐-三重,2023-11-07,7008
00933B,國泰10Y+金融債,50,0,50,兆豐-三重,2023-11-07,7008
8110,華東,25,0,25,兆豐-三重,2023-11-07,7008
2618,長榮航,55,31,24,兆豐-三重,2023-11-07,7008
2002,中鋼,29,7,22,兆豐-三重,2023-11-07,7008
2014,中鴻,20,0,20,兆豐-三重,2023-11-07,7008
2634,漢翔,20,0,20,兆豐-三重,2023-11-07,7008
3374,精材,22,2,20,兆豐-三重,2023-11-07,7008
4167,松瑞藥,19,5,14,兆豐-三重,2023-11-07,7008
6202,盛群,15,1,14,兆豐-三重,2023-11-07,7008
6191,精成科,12,0,12,兆豐-三重,2023-11-07,7008
2355,敬鵬,11,0,11,兆豐-三重,2023-11-07,7008
5351,鈺創,11,0,11,兆豐-三重,2023-11-07,7008
2887,台新金,10,0,10,兆豐-三重,2023-11-07,7008
3450,聯鈞,10,0,10,兆豐-三重,2023-11-07,7008
3693,營邦,12,2,10,兆豐-三重,2023-11-07,7008
8011,台通,10,0,10,兆豐-三重,2023-11-07,7008
2402,毅嘉,9,0,9,兆豐-三重,2023-11-07,7008
2324,仁寶,11,3,8,兆豐-三重,2023-11-07,7008
2486,一詮,28,20,8,兆豐-三重,2023-11-07,7008
9962,有益,8,0,8,兆豐-三重,2023-11-07,7008
1789,神隆,7,0,7,兆豐-三重,2023-11-07,7008
00715L,期街口布蘭特正2,7,0,7,兆豐-三重,2023-11-07,7008
2482,連宇,10,3,7,兆豐-三重,2023-11-07,7008
2609,陽明,7,0,7,兆豐-三重,2023-11-07,7008
3380,明泰,7,0,7,兆豐-三重,2023-11-07,7008
6120,達運,7,0,7,兆豐-三重,2023-11-07,7008
8927,北基,8,1,7,兆豐-三重,2023-11-07,7008
2303,聯電,27,21,6,兆豐-三重,2023-11-07,7008
2451,創見,16,10,6,兆豐-三重,2023-11-07,7008
5706,鳳凰,10,4,6,兆豐-三重,2023-11-07,7008
6125,廣運,6,0,6,兆豐-三重,2023-11-07,7008
6901,鑽石投資,7,1,6,兆豐-三重,2023-11-07,7008
8171,天宇,6,0,6,兆豐-三重,2023-11-07,7008
1314,中石化,5,0,5,兆豐-三重,2023-11-07,7008
1524,耿鼎,13,8,5,兆豐-三重,2023-11-07,7008
1522,堤維西,5,0,5,兆豐-三重,2023-11-07,7008
1903,士紙,5,0,5,兆豐-三重,2023-11-07,7008
2462,良得電,5,0,5,兆豐-三重,2023-11-07,7008
2883,凱基金,505,500,5,兆豐-三重,2023-11-07,7008
3105,穩懋,7,2,5,兆豐-三重,2023-11-07,7008
4916,事欣科,5,0,5,兆豐-三重,2023-11-07,7008
5443,均豪,5,0,5,兆豐-三重,2023-11-07,7008
6142,友勁,5,0,5,兆豐-三重,2023-11-07,7008
6187,萬潤,10,5,5,兆豐-三重,2023-11-07,7008
6231,系微,5,0,5,兆豐-三重,2023-11-07,7008
6235,華孚,11,6,5,兆豐-三重,2023-11-07,7008
6603,富強鑫,5,0,5,兆豐-三重,2023-11-07,7008
00929,復華台灣科技優息,104,3,101,兆豐-三重,2023-11-08,7008
00878,國泰永續高股息,102,2,100,兆豐-三重,2023-11-08,7008
00919,群益台灣精選高息,100,30,70,兆豐-三重,2023-11-08,7008
2363,矽統,89,39,50,兆豐-三重,2023-11-08,7008
2313,華通,44,1,43,兆豐-三重,2023-11-08,7008
2323,中環,30,0,30,兆豐-三重,2023-11-08,7008
1815,富喬,100,72,28,兆豐-三重,2023-11-08,7008
2618,長榮航,76,52,24,兆豐-三重,2023-11-08,7008
1810,和成,20,0,20,兆豐-三重,2023-11-08,7008
2014,中鴻,20,0,20,兆豐-三重,2023-11-08,7008
2501,國建,20,0,20,兆豐-三重,2023-11-08,7008
4157,太景*-KY,20,0,20,兆豐-三重,2023-11-08,7008
8011,台通,18,0,18,兆豐-三重,2023-11-08,7008
1609,大亞,21,5,16,兆豐-三重,2023-11-08,7008
2488,漢平,15,0,15,兆豐-三重,2023-11-08,7008
1568,倉佑,12,0,12,兆豐-三重,2023-11-08,7008
6179,亞通,12,0,12,兆豐-三重,2023-11-08,7008
1721,三晃,10,0,10,兆豐-三重,2023-11-08,7008
2344,華邦電,10,0,10,兆豐-三重,2023-11-08,7008
2347,聯強,10,0,10,兆豐-三重,2023-11-08,7008
2303,聯電,11,1,10,兆豐-三重,2023-11-08,7008
1319,東陽,10,1,9,兆豐-三重,2023-11-08,7008
5351,鈺創,9,0,9,兆豐-三重,2023-11-08,7008
2884,玉山金,8,0,8,兆豐-三重,2023-11-08,7008
6187,萬潤,25,17,8,兆豐-三重,2023-11-08,7008
3363,上詮,8,0,8,兆豐-三重,2023-11-08,7008
3017,奇鋐,30,22,8,兆豐-三重,2023-11-08,7008
2388,威盛,18,10,8,兆豐-三重,2023-11-08,7008
2376,技嘉,27,20,7,兆豐-三重,2023-11-08,7008
3013,晟銘電,11,4,7,兆豐-三重,2023-11-08,7008
6531,愛普*,10,3,7,兆豐-三重,2023-11-08,7008
2739,寒舍,6,0,6,兆豐-三重,2023-11-08,7008
4128,中天,18,12,6,兆豐-三重,2023-11-08,7008
6901,鑽石投資,11,5,6,兆豐-三重,2023-11-08,7008
1524,耿鼎,10,5,5,兆豐-三重,2023-11-08,7008
1514,亞力,5,0,5,兆豐-三重,2023-11-08,7008
1471,首利,10,5,5,兆豐-三重,2023-11-08,7008
1201,味全,5,0,5,兆豐-三重,2023-11-08,7008
00751B,元大AAA至A公司債,5,0,5,兆豐-三重,2023-11-08,7008
1789,神隆,5,0,5,兆豐-三重,2023-11-08,7008
2208,台船,5,0,5,兆豐-三重,2023-11-08,7008
2609,陽明,5,0,5,兆豐-三重,2023-11-08,7008
2801,彰銀,5,0,5,兆豐-三重,2023-11-08,7008
2880,華南金,5,0,5,兆豐-三重,2023-11-08,7008
3006,晶豪科,10,5,5,兆豐-三重,2023-11-08,7008
6284,佳邦,7,2,5,兆豐-三重,2023-11-08,7008
2369,菱生,4,0,4,兆豐-三重,2023-11-08,7008
00642U,期元大S＆P石油,4,0,4,兆豐-三重,2023-11-08,7008
1324,地球,6,2,4,兆豐-三重,2023-11-08,7008
1795,美時,4,0,4,兆豐-三重,2023-11-08,7008
6237,驊訊,41,0,41,兆豐-三重,2023-11-09,7008
3231,緯創,65,34,31,兆豐-三重,2023-11-09,7008
00919,群益台灣精選高息,30,5,25,兆豐-三重,2023-11-09,7008
6643,M31,25,0,25,兆豐-三重,2023-11-09,7008
1101,台泥,20,0,20,兆豐-三重,2023-11-09,7008
00687B,國泰20年美債,20,0,20,兆豐-三重,2023-11-09,7008
6120,達運,20,0,20,兆豐-三重,2023-11-09,7008
2486,一詮,34,17,17,兆豐-三重,2023-11-09,7008
2731,雄獅,18,1,17,兆豐-三重,2023-11-09,7008
1314,中石化,16,0,16,兆豐-三重,2023-11-09,7008
4977,眾達-KY,16,0,16,兆豐-三重,2023-11-09,7008
00715L,期街口布蘭特正2,15,0,15,兆豐-三重,2023-11-09,7008
2303,聯電,20,5,15,兆豐-三重,2023-11-09,7008
00933B,國泰10Y+金融債,13,0,13,兆豐-三重,2023-11-09,7008
8034,榮群,45,32,13,兆豐-三重,2023-11-09,7008
4763,材料-KY,12,0,12,兆豐-三重,2023-11-09,7008
2363,矽統,46,35,11,兆豐-三重,2023-11-09,7008
8255,朋程,13,2,11,兆豐-三重,2023-11-09,7008
3163,波若威,12,1,11,兆豐-三重,2023-11-09,7008
2482,連宇,10,0,10,兆豐-三重,2023-11-09,7008
6116,彩晶,11,1,10,兆豐-三重,2023-11-09,7008
6156,松上,10,0,10,兆豐-三重,2023-11-09,7008
1815,富喬,19,10,9,兆豐-三重,2023-11-09,7008
8011,台通,11,2,9,兆豐-三重,2023-11-09,7008
00936,台新永續高息中小,8,0,8,兆豐-三重,2023-11-09,7008
2618,長榮航,72,64,8,兆豐-三重,2023-11-09,7008
1515,力山,7,0,7,兆豐-三重,2023-11-09,7008
1513,中興電,7,0,7,兆豐-三重,2023-11-09,7008
00878,國泰永續高股息,7,0,7,兆豐-三重,2023-11-09,7008
1906,寶隆,7,0,7,兆豐-三重,2023-11-09,7008
1909,榮成,7,0,7,兆豐-三重,2023-11-09,7008
00882,中信中國高股息,7,0,7,兆豐-三重,2023-11-09,7008
3260,威剛,7,1,6,兆豐-三重,2023-11-09,7008
3008,大立光,7,1,6,兆豐-三重,2023-11-09,7008
5536,聖暉*,7,1,6,兆豐-三重,2023-11-09,7008
00934,中信成長高股息,5,0,5,兆豐-三重,2023-11-09,7008
1536,和大,5,0,5,兆豐-三重,2023-11-09,7008
2208,台船,5,0,5,兆豐-三重,2023-11-09,7008
2405,輔信,5,0,5,兆豐-三重,2023-11-09,7008
2427,三商電,6,1,5,兆豐-三重,2023-11-09,7008
2451,創見,5,0,5,兆豐-三重,2023-11-09,7008
2606,裕民,5,0,5,兆豐-三重,2023-11-09,7008
2743,山富,15,10,5,兆豐-三重,2023-11-09,7008
2880,華南金,5,0,5,兆豐-三重,2023-11-09,7008
4739,康普,5,0,5,兆豐-三重,2023-11-09,7008
6202,盛群,5,0,5,兆豐-三重,2023-11-09,7008
6485,點序,5,0,5,兆豐-三重,2023-11-09,7008
4128,中天,12,8,4,兆豐-三重,2023-11-09,7008
00642U,期元大S＆P石油,4,0,4,兆豐-三重,2023-11-09,7008
1471,首利,5,1,4,兆豐-三重,2023-11-09,7008
2618,長榮航,64,8,56,兆豐-三重,2023-11-10,7008
6207,雷科,40,0,40,兆豐-三重,2023-11-10,7008
00680L,元大美債20正2,34,0,34,兆豐-三重,2023-11-10,7008
2606,裕民,33,0,33,兆豐-三重,2023-11-10,7008
8105,凌巨,29,0,29,兆豐-三重,2023-11-10,7008
1810,和成,41,16,25,兆豐-三重,2023-11-10,7008
5258,虹堡,23,0,23,兆豐-三重,2023-11-10,7008
3231,緯創,63,45,18,兆豐-三重,2023-11-10,7008
1815,富喬,21,3,18,兆豐-三重,2023-11-10,7008
6150,撼訊,16,0,16,兆豐-三重,2023-11-10,7008
4977,眾達-KY,15,0,15,兆豐-三重,2023-11-10,7008
1584,精剛,19,5,14,兆豐-三重,2023-11-10,7008
2851,中再保,14,0,14,兆豐-三重,2023-11-10,7008
6485,點序,16,2,14,兆豐-三重,2023-11-10,7008
00878,國泰永續高股息,12,0,12,兆豐-三重,2023-11-10,7008
00919,群益台灣精選高息,12,0,12,兆豐-三重,2023-11-10,7008
3518,柏騰,12,0,12,兆豐-三重,2023-11-10,7008
6901,鑽石投資,18,7,11,兆豐-三重,2023-11-10,7008
6234,高僑,11,0,11,兆豐-三重,2023-11-10,7008
2439,美律,10,0,10,兆豐-三重,2023-11-10,7008
1522,堤維西,10,0,10,兆豐-三重,2023-11-10,7008
3013,晟銘電,23,13,10,兆豐-三重,2023-11-10,7008
8034,榮群,15,5,10,兆豐-三重,2023-11-10,7008
1514,亞力,9,0,9,兆豐-三重,2023-11-10,7008
1310,台苯,10,1,9,兆豐-三重,2023-11-10,7008
3038,全台,8,0,8,兆豐-三重,2023-11-10,7008
6111,大宇資,8,0,8,兆豐-三重,2023-11-10,7008
6266,泰詠,8,0,8,兆豐-三重,2023-11-10,7008
6523,達爾膚,9,1,8,兆豐-三重,2023-11-10,7008
4162,智擎,10,3,7,兆豐-三重,2023-11-10,7008
00934,中信成長高股息,7,0,7,兆豐-三重,2023-11-10,7008
00936,台新永續高息中小,10,3,7,兆豐-三重,2023-11-10,7008
2399,映泰,7,0,7,兆豐-三重,2023-11-10,7008
2421,建準,8,1,7,兆豐-三重,2023-11-10,7008
2731,雄獅,7,0,7,兆豐-三重,2023-11-10,7008
6016,康和證,7,0,7,兆豐-三重,2023-11-10,7008
00882,中信中國高股息,6,0,6,兆豐-三重,2023-11-10,7008
1319,東陽,11,5,6,兆豐-三重,2023-11-10,7008
2206,三陽工業,6,0,6,兆豐-三重,2023-11-10,7008
2239,英利-KY,6,0,6,兆豐-三重,2023-11-10,7008
3043,科風,6,0,6,兆豐-三重,2023-11-10,7008
6186,新潤,6,0,6,兆豐-三重,2023-11-10,7008
2376,技嘉,14,8,6,兆豐-三重,2023-11-10,7008
2481,強茂,5,0,5,兆豐-三重,2023-11-10,7008
1108,幸福,5,0,5,兆豐-三重,2023-11-10,7008
2208,台船,5,0,5,兆豐-三重,2023-11-10,7008
2340,台亞,5,0,5,兆豐-三重,2023-11-10,7008
2609,陽明,5,0,5,兆豐-三重,2023-11-10,7008
3025,星通,6,1,5,兆豐-三重,2023-11-10,7008
3128,昇銳,5,0,5,兆豐-三重,2023-11-10,7008
00919,群益台灣精選高息,66,4,62,兆豐-三重,2023-11-13,7008
2801,彰銀,50,0,50,兆豐-三重,2023-11-13,7008
00929,復華台灣科技優息,53,14,39,兆豐-三重,2023-11-13,7008
6117,迎廣,41,7,34,兆豐-三重,2023-11-13,7008
2485,兆赫,35,3,32,兆豐-三重,2023-11-13,7008
2606,裕民,22,0,22,兆豐-三重,2023-11-13,7008
00931B,統一美債20年,21,0,21,兆豐-三重,2023-11-13,7008
2102,泰豐,20,0,20,兆豐-三重,2023-11-13,7008
2392,正崴,20,0,20,兆豐-三重,2023-11-13,7008
2618,長榮航,103,83,20,兆豐-三重,2023-11-13,7008
0056,元大高股息,51,35,16,兆豐-三重,2023-11-13,7008
1229,聯華,12,0,12,兆豐-三重,2023-11-13,7008
2610,華航,12,0,12,兆豐-三重,2023-11-13,7008
2409,友達,17,6,11,兆豐-三重,2023-11-13,7008
6213,聯茂,11,0,11,兆豐-三重,2023-11-13,7008
9958,世紀鋼,16,5,11,兆豐-三重,2023-11-13,7008
3013,晟銘電,20,10,10,兆豐-三重,2023-11-13,7008
6120,達運,10,0,10,兆豐-三重,2023-11-13,7008
9941,裕融,10,0,10,兆豐-三重,2023-11-13,7008
00679B,元大美債20年,8,0,8,兆豐-三重,2023-11-13,7008
6139,亞翔,15,7,8,兆豐-三重,2023-11-13,7008
2371,大同,11,3,8,兆豐-三重,2023-11-13,7008
6126,信音,8,0,8,兆豐-三重,2023-11-13,7008
00878,國泰永續高股息,8,0,8,兆豐-三重,2023-11-13,7008
5607,遠雄港,7,0,7,兆豐-三重,2023-11-13,7008
2382,廣達,47,41,6,兆豐-三重,2023-11-13,7008
2352,佳世達,6,0,6,兆豐-三重,2023-11-13,7008
2353,宏��,6,0,6,兆豐-三重,2023-11-13,7008
3036,文曄,6,0,6,兆豐-三重,2023-11-13,7008
3545,敦泰,7,1,6,兆豐-三重,2023-11-13,7008
8076,伍豐,6,0,6,兆豐-三重,2023-11-13,7008
8436,大江,6,0,6,兆豐-三重,2023-11-13,7008
2387,精元,17,11,6,兆豐-三重,2023-11-13,7008
1513,中興電,5,0,5,兆豐-三重,2023-11-13,7008
1316,上曜,5,0,5,兆豐-三重,2023-11-13,7008
1310,台苯,15,10,5,兆豐-三重,2023-11-13,7008
00935,野村臺灣新科技50,5,0,5,兆豐-三重,2023-11-13,7008
00632R,元大台灣50反1,5,0,5,兆豐-三重,2023-11-13,7008
2362,藍天,5,0,5,兆豐-三重,2023-11-13,7008
2408,南亞科,5,0,5,兆豐-三重,2023-11-13,7008
4123,晟德,5,0,5,兆豐-三重,2023-11-13,7008
6257,矽格,5,0,5,兆豐-三重,2023-11-13,7008
6143,振曜,5,0,5,兆豐-三重,2023-11-13,7008
2301,光寶科,5,1,4,兆豐-三重,2023-11-13,7008
2540,愛山林,4,0,4,兆豐-三重,2023-11-13,7008
2739,寒舍,9,5,4,兆豐-三重,2023-11-13,7008
3128,昇銳,5,1,4,兆豐-三重,2023-11-13,7008
4533,協易機,4,0,4,兆豐-三重,2023-11-13,7008
4919,新唐,5,1,4,兆豐-三重,2023-11-13,7008
6443,元晶,4,0,4,兆豐-三重,2023-11-13,7008
00936,台新永續高息中小,53,0,53,兆豐-三重,2023-11-14,7008
2606,裕民,50,0,50,兆豐-三重,2023-11-14,7008
00919,群益台灣精選高息,50,1,49,兆豐-三重,2023-11-14,7008
6122,擎邦,75,34,41,兆豐-三重,2023-11-14,7008
1815,富喬,30,0,30,兆豐-三重,2023-11-14,7008
00680L,元大美債20正2,20,0,20,兆豐-三重,2023-11-14,7008
2369,菱生,26,6,20,兆豐-三重,2023-11-14,7008
2618,長榮航,37,17,20,兆豐-三重,2023-11-14,7008
6150,撼訊,20,0,20,兆豐-三重,2023-11-14,7008
3306,鼎天,17,1,16,兆豐-三重,2023-11-14,7008
2601,益航,11,0,11,兆豐-三重,2023-11-14,7008
00632R,元大台灣50反1,10,0,10,兆豐-三重,2023-11-14,7008
2302,麗正,10,0,10,兆豐-三重,2023-11-14,7008
3623,富晶通,11,1,10,兆豐-三重,2023-11-14,7008
8088,品安,10,0,10,兆豐-三重,2023-11-14,7008
8436,大江,10,0,10,兆豐-三重,2023-11-14,7008
2382,廣達,12,3,9,兆豐-三重,2023-11-14,7008
2313,華通,10,1,9,兆豐-三重,2023-11-14,7008
3033,威健,9,0,9,兆豐-三重,2023-11-14,7008
6584,南俊國際,9,0,9,兆豐-三重,2023-11-14,7008
2027,大成鋼,10,2,8,兆豐-三重,2023-11-14,7008
2480,敦陽科,8,0,8,兆豐-三重,2023-11-14,7008
3128,昇銳,8,0,8,兆豐-三重,2023-11-14,7008
6111,大宇資,8,0,8,兆豐-三重,2023-11-14,7008
1449,佳和,7,0,7,兆豐-三重,2023-11-14,7008
8011,台通,7,0,7,兆豐-三重,2023-11-14,7008
1526,日馳,6,0,6,兆豐-三重,2023-11-14,7008
2324,仁寶,12,6,6,兆豐-三重,2023-11-14,7008
2371,大同,6,0,6,兆豐-三重,2023-11-14,7008
3032,偉訓,8,2,6,兆豐-三重,2023-11-14,7008
4111,濟生,6,0,6,兆豐-三重,2023-11-14,7008
1536,和大,5,0,5,兆豐-三重,2023-11-14,7008
1609,大亞,5,0,5,兆豐-三重,2023-11-14,7008
00651R,復華香港反1,5,0,5,兆豐-三重,2023-11-14,7008
1314,中石化,5,0,5,兆豐-三重,2023-11-14,7008
2206,三陽工業,5,0,5,兆豐-三重,2023-11-14,7008
2739,寒舍,5,0,5,兆豐-三重,2023-11-14,7008
3006,晶豪科,19,14,5,兆豐-三重,2023-11-14,7008
3483,力致,5,0,5,兆豐-三重,2023-11-14,7008
6116,彩晶,5,0,5,兆豐-三重,2023-11-14,7008
6547,高端疫苗,5,0,5,兆豐-三重,2023-11-14,7008
9962,有益,5,0,5,兆豐-三重,2023-11-14,7008
3176,基亞,4,0,4,兆豐-三重,2023-11-14,7008
1319,東陽,4,0,4,兆豐-三重,2023-11-14,7008
2615,萬海,11,7,4,兆豐-三重,2023-11-14,7008
3036,文曄,5,1,4,兆豐-三重,2023-11-14,7008
3260,威剛,6,2,4,兆豐-三重,2023-11-14,7008
4128,中天,9,5,4,兆豐-三重,2023-11-14,7008
4162,智擎,4,0,4,兆豐-三重,2023-11-14,7008
8076,伍豐,4,0,4,兆豐-三重,2023-11-14,7008
00632R,元大台灣50反1,250,0,250,兆豐-三重,2023-11-15,7008
00878,國泰永續高股息,68,2,66,兆豐-三重,2023-11-15,7008
1718,中纖,50,3,47,兆豐-三重,2023-11-15,7008
00934,中信成長高股息,50,11,39,兆豐-三重,2023-11-15,7008
00936,台新永續高息中小,51,13,38,兆豐-三重,2023-11-15,7008
2408,南亞科,35,7,28,兆豐-三重,2023-11-15,7008
2609,陽明,31,3,28,兆豐-三重,2023-11-15,7008
5483,中美晶,27,3,24,兆豐-三重,2023-11-15,7008
1605,華新,37,17,20,兆豐-三重,2023-11-15,7008
2449,京元電子,22,4,18,兆豐-三重,2023-11-15,7008
6122,擎邦,27,12,15,兆豐-三重,2023-11-15,7008
6139,亞翔,13,0,13,兆豐-三重,2023-11-15,7008
5521,工信,15,3,12,兆豐-三重,2023-11-15,7008
3545,敦泰,35,24,11,兆豐-三重,2023-11-15,7008
1785,光洋科,10,0,10,兆豐-三重,2023-11-15,7008
2488,漢平,10,0,10,兆豐-三重,2023-11-15,7008
6187,萬潤,11,1,10,兆豐-三重,2023-11-15,7008
6578,達邦蛋白,10,0,10,兆豐-三重,2023-11-15,7008
2329,華泰,25,16,9,兆豐-三重,2023-11-15,7008
2402,毅嘉,20,11,9,兆豐-三重,2023-11-15,7008
00687B,國泰20年美債,10,2,8,兆豐-三重,2023-11-15,7008
4967,十銓,42,34,8,兆豐-三重,2023-11-15,7008
3122,笙泉,10,3,7,兆豐-三重,2023-11-15,7008
3450,聯鈞,14,7,7,兆豐-三重,2023-11-15,7008
6274,台燿,10,3,7,兆豐-三重,2023-11-15,7008
5464,霖宏,6,0,6,兆豐-三重,2023-11-15,7008
2317,鴻海,7,1,6,兆豐-三重,2023-11-15,7008
2390,云辰,6,0,6,兆豐-三重,2023-11-15,7008
2442,新美齊,6,0,6,兆豐-三重,2023-11-15,7008
2618,長榮航,65,59,6,兆豐-三重,2023-11-15,7008
00929,復華台灣科技優息,9,3,6,兆豐-三重,2023-11-15,7008
2383,台光電,5,0,5,兆豐-三重,2023-11-15,7008
3035,智原,19,14,5,兆豐-三重,2023-11-15,7008
1319,東陽,5,0,5,兆豐-三重,2023-11-15,7008
3290,東浦,5,0,5,兆豐-三重,2023-11-15,7008
3706,神達,5,0,5,兆豐-三重,2023-11-15,7008
5299,杰力,5,0,5,兆豐-三重,2023-11-15,7008
6290,良維,5,0,5,兆豐-三重,2023-11-15,7008
6531,愛普*,10,5,5,兆豐-三重,2023-11-15,7008
00882,中信中國高股息,4,0,4,兆豐-三重,2023-11-15,7008
3081,聯亞,5,1,4,兆豐-三重,2023-11-15,7008
8054,安國,4,0,4,兆豐-三重,2023-11-15,7008
8076,伍豐,4,0,4,兆豐-三重,2023-11-15,7008
9945,潤泰新,4,0,4,兆豐-三重,2023-11-15,7008
2382,廣達,16,12,4,兆豐-三重,2023-11-15,7008
2889,國票金,3,0,3,兆豐-三重,2023-11-15,7008
00757,統一FANG+,3,0,3,兆豐-三重,2023-11-15,7008
2376,技嘉,7,4,3,兆豐-三重,2023-11-15,7008
2468,華經,3,0,3,兆豐-三重,2023-11-15,7008
2610,華航,10,7,3,兆豐-三重,2023-11-15,7008
00919,群益台灣精選高息,220,50,170,兆豐-三重,2023-11-16,7008
2344,華邦電,145,54,91,兆豐-三重,2023-11-16,7008
2371,大同,51,0,51,兆豐-三重,2023-11-16,7008
5258,虹堡,24,0,24,兆豐-三重,2023-11-16,7008
2027,大成鋼,21,0,21,兆豐-三重,2023-11-16,7008
00878,國泰永續高股息,25,5,20,兆豐-三重,2023-11-16,7008
00632R,元大台灣50反1,20,0,20,兆豐-三重,2023-11-16,7008
2369,菱生,21,1,20,兆豐-三重,2023-11-16,7008
4967,十銓,30,11,19,兆豐-三重,2023-11-16,7008
1605,華新,15,1,14,兆豐-三重,2023-11-16,7008
6150,撼訊,15,1,14,兆豐-三重,2023-11-16,7008
1477,聚陽,11,0,11,兆豐-三重,2023-11-16,7008
1785,光洋科,10,0,10,兆豐-三重,2023-11-16,7008
2038,海光,10,0,10,兆豐-三重,2023-11-16,7008
5426,振發,10,0,10,兆豐-三重,2023-11-16,7008
1802,台玻,9,0,9,兆豐-三重,2023-11-16,7008
2417,圓剛,86,78,8,兆豐-三重,2023-11-16,7008
1101,台泥,9,1,8,兆豐-三重,2023-11-16,7008
3260,威剛,12,4,8,兆豐-三重,2023-11-16,7008
4529,淳紳,8,0,8,兆豐-三重,2023-11-16,7008
8111,立��,7,0,7,兆豐-三重,2023-11-16,7008
8996,高力,6,0,6,兆豐-三重,2023-11-16,7008
1722,台肥,6,0,6,兆豐-三重,2023-11-16,7008
6821,聯寶,6,0,6,兆豐-三重,2023-11-16,7008
2489,瑞軒,5,0,5,兆豐-三重,2023-11-16,7008
1504,東元,5,0,5,兆豐-三重,2023-11-16,7008
00651R,復華香港反1,5,0,5,兆豐-三重,2023-11-16,7008
00720B,元大投資級公司債,5,0,5,兆豐-三重,2023-11-16,7008
00665L,富邦�琤肭磪囓�2,5,0,5,兆豐-三重,2023-11-16,7008
1789,神隆,5,0,5,兆豐-三重,2023-11-16,7008
2324,仁寶,5,0,5,兆豐-三重,2023-11-16,7008
2363,矽統,65,60,5,兆豐-三重,2023-11-16,7008
2605,新興,5,0,5,兆豐-三重,2023-11-16,7008
2816,旺旺保,5,0,5,兆豐-三重,2023-11-16,7008
3016,嘉晶,5,0,5,兆豐-三重,2023-11-16,7008
4746,台耀,6,1,5,兆豐-三重,2023-11-16,7008
4919,新唐,5,0,5,兆豐-三重,2023-11-16,7008
5309,系統電,5,0,5,兆豐-三重,2023-11-16,7008
5356,協益,5,0,5,兆豐-三重,2023-11-16,7008
6213,聯茂,5,0,5,兆豐-三重,2023-11-16,7008
6139,亞翔,4,0,4,兆豐-三重,2023-11-16,7008
2382,廣達,6,2,4,兆豐-三重,2023-11-16,7008
00935,野村臺灣新科技50,4,0,4,兆豐-三重,2023-11-16,7008
00933B,國泰10Y+金融債,4,0,4,兆豐-三重,2023-11-16,7008
00679B,元大美債20年,4,0,4,兆豐-三重,2023-11-16,7008
1795,美時,5,1,4,兆豐-三重,2023-11-16,7008
2465,麗臺,5,1,4,兆豐-三重,2023-11-16,7008
2607,榮運,4,0,4,兆豐-三重,2023-11-16,7008
2887,台新金,4,0,4,兆豐-三重,2023-11-16,7008
3362,先進光,4,0,4,兆豐-三重,2023-11-16,7008
00919,群益台灣精選高息,54,2,52,兆豐-三重,2023-11-17,7008
2618,長榮航,96,49,47,兆豐-三重,2023-11-17,7008
3041,揚智,97,58,39,兆豐-三重,2023-11-17,7008
00929,復華台灣科技優息,31,0,31,兆豐-三重,2023-11-17,7008
2641,正德,19,0,19,兆豐-三重,2023-11-17,7008
1528,恩德,18,0,18,兆豐-三重,2023-11-17,7008
3363,上詮,13,0,13,兆豐-三重,2023-11-17,7008
2344,華邦電,11,0,11,兆豐-三重,2023-11-17,7008
3483,力致,12,1,11,兆豐-三重,2023-11-17,7008
5225,東科-KY,9,0,9,兆豐-三重,2023-11-17,7008
2369,菱生,10,2,8,兆豐-三重,2023-11-17,7008
2705,六福,27,19,8,兆豐-三重,2023-11-17,7008
2739,寒舍,8,0,8,兆豐-三重,2023-11-17,7008
3260,威剛,17,9,8,兆豐-三重,2023-11-17,7008
4148,全宇生技-KY,8,0,8,兆豐-三重,2023-11-17,7008
1319,東陽,14,7,7,兆豐-三重,2023-11-17,7008
3189,景碩,7,0,7,兆豐-三重,2023-11-17,7008
4543,萬在,8,1,7,兆豐-三重,2023-11-17,7008
8054,安國,7,0,7,兆豐-三重,2023-11-17,7008
6470,宇智,6,0,6,兆豐-三重,2023-11-17,7008
2385,群光,5,0,5,兆豐-三重,2023-11-17,7008
1471,首利,5,0,5,兆豐-三重,2023-11-17,7008
00933B,國泰10Y+金融債,5,0,5,兆豐-三重,2023-11-17,7008
00712,復華富時不動產,5,0,5,兆豐-三重,2023-11-17,7008
2371,大同,5,0,5,兆豐-三重,2023-11-17,7008
2482,連宇,10,5,5,兆豐-三重,2023-11-17,7008
2520,冠德,5,0,5,兆豐-三重,2023-11-17,7008
2702,華園,5,0,5,兆豐-三重,2023-11-17,7008
3206,志豐,5,0,5,兆豐-三重,2023-11-17,7008
3276,宇環,22,17,5,兆豐-三重,2023-11-17,7008
4542,科嶠,5,0,5,兆豐-三重,2023-11-17,7008
4743,合一,7,2,5,兆豐-三重,2023-11-17,7008
5258,虹堡,5,0,5,兆豐-三重,2023-11-17,7008
5328,華容,5,0,5,兆豐-三重,2023-11-17,7008
5864,致和證,5,0,5,兆豐-三重,2023-11-17,7008
6271,同欣電,8,3,5,兆豐-三重,2023-11-17,7008
8011,台通,5,0,5,兆豐-三重,2023-11-17,7008
8050,廣積,5,0,5,兆豐-三重,2023-11-17,7008
2352,佳世達,4,0,4,兆豐-三重,2023-11-17,7008
00642U,期元大S＆P石油,4,0,4,兆豐-三重,2023-11-17,7008
2022,聚亨,4,0,4,兆豐-三重,2023-11-17,7008
2027,大成鋼,6,2,4,兆豐-三重,2023-11-17,7008
2208,台船,4,0,4,兆豐-三重,2023-11-17,7008
2353,宏��,4,0,4,兆豐-三重,2023-11-17,7008
2356,英業達,5,1,4,兆豐-三重,2023-11-17,7008
3207,耀勝,4,0,4,兆豐-三重,2023-11-17,7008
3704,合勤控,4,0,4,兆豐-三重,2023-11-17,7008
4903,聯光通,4,0,4,兆豐-三重,2023-11-17,7008
5439,高技,4,0,4,兆豐-三重,2023-11-17,7008
8210,勤誠,4,0,4,兆豐-三重,2023-11-17,7008
00885,富邦越南,306,0,306,兆豐-三重,2023-11-20,7008
2356,英業達,57,4,53,兆豐-三重,2023-11-20,7008
2606,裕民,50,0,50,兆豐-三重,2023-11-20,7008
3481,群創,46,1,45,兆豐-三重,2023-11-20,7008
3044,健鼎,32,1,31,兆豐-三重,2023-11-20,7008
6243,迅杰,38,7,31,兆豐-三重,2023-11-20,7008
3376,新日興,30,1,29,兆豐-三重,2023-11-20,7008
3306,鼎天,31,3,28,兆豐-三重,2023-11-20,7008
2023,燁輝,30,3,27,兆豐-三重,2023-11-20,7008
00919,群益台灣精選高息,138,111,27,兆豐-三重,2023-11-20,7008
5210,寶碩,44,23,21,兆豐-三重,2023-11-20,7008
3576,聯合再生,30,10,20,兆豐-三重,2023-11-20,7008
2603,長榮,20,1,19,兆豐-三重,2023-11-20,7008
2409,友達,16,0,16,兆豐-三重,2023-11-20,7008
3094,聯傑,19,3,16,兆豐-三重,2023-11-20,7008
6770,力積電,16,1,15,兆豐-三重,2023-11-20,7008
00929,復華台灣科技優息,46,32,14,兆豐-三重,2023-11-20,7008
2317,鴻海,17,5,12,兆豐-三重,2023-11-20,7008
2201,裕隆,13,2,11,兆豐-三重,2023-11-20,7008
4763,材料-KY,16,6,10,兆豐-三重,2023-11-20,7008
2344,華邦電,12,2,10,兆豐-三重,2023-11-20,7008
2748,雲品,10,0,10,兆豐-三重,2023-11-20,7008
2886,兆豐金,10,0,10,兆豐-三重,2023-11-20,7008
3374,精材,10,1,9,兆豐-三重,2023-11-20,7008
1319,東陽,8,0,8,兆豐-三重,2023-11-20,7008
2702,華園,8,0,8,兆豐-三重,2023-11-20,7008
1304,台聚,7,0,7,兆豐-三重,2023-11-20,7008
8040,九暘,8,1,7,兆豐-三重,2023-11-20,7008
3035,智原,36,30,6,兆豐-三重,2023-11-20,7008
00688L,國泰20年美債正2,6,0,6,兆豐-三重,2023-11-20,7008
1598,岱宇,6,0,6,兆豐-三重,2023-11-20,7008
1605,華新,7,1,6,兆豐-三重,2023-11-20,7008
2739,寒舍,7,1,6,兆豐-三重,2023-11-20,7008
2889,國票金,6,0,6,兆豐-三重,2023-11-20,7008
3363,上詮,7,1,6,兆豐-三重,2023-11-20,7008
8054,安國,6,0,6,兆豐-三重,2023-11-20,7008
1524,耿鼎,5,0,5,兆豐-三重,2023-11-20,7008
00673R,期元大S＆P原油反1,5,0,5,兆豐-三重,2023-11-20,7008
00882,中信中國高股息,5,0,5,兆豐-三重,2023-11-20,7008
2731,雄獅,8,3,5,兆豐-三重,2023-11-20,7008
2905,三商,5,0,5,兆豐-三重,2023-11-20,7008
3169,亞信,5,0,5,兆豐-三重,2023-11-20,7008
3704,合勤控,5,0,5,兆豐-三重,2023-11-20,7008
5512,力麒,5,0,5,兆豐-三重,2023-11-20,7008
5706,鳳凰,6,1,5,兆豐-三重,2023-11-20,7008
5864,致和證,5,0,5,兆豐-三重,2023-11-20,7008
9928,中視,5,0,5,兆豐-三重,2023-11-20,7008
8011,台通,6,2,4,兆豐-三重,2023-11-20,7008
4919,新唐,4,0,4,兆豐-三重,2023-11-20,7008
00933B,國泰10Y+金融債,4,0,4,兆豐-三重,2023-11-20,7008
00632R,元大台灣50反1,233,0,233,兆豐-三重,2023-11-21,7008
00712,復華富時不動產,105,0,105,兆豐-三重,2023-11-21,7008
3036,文曄,55,0,55,兆豐-三重,2023-11-21,7008
2883,凱基金,2391,2362,29,兆豐-三重,2023-11-21,7008
6125,廣運,44,19,25,兆豐-三重,2023-11-21,7008
2363,矽統,66,45,21,兆豐-三重,2023-11-21,7008
2329,華泰,23,2,21,兆豐-三重,2023-11-21,7008
1449,佳和,20,0,20,兆豐-三重,2023-11-21,7008
00850,元大臺灣ESG永續,20,0,20,兆豐-三重,2023-11-21,7008
00673R,期元大S＆P原油反1,20,0,20,兆豐-三重,2023-11-21,7008
3715,定穎投控,221,201,20,兆豐-三重,2023-11-21,7008
5351,鈺創,42,23,19,兆豐-三重,2023-11-21,7008
6168,宏齊,18,1,17,兆豐-三重,2023-11-21,7008
6558,興能高,15,0,15,兆豐-三重,2023-11-21,7008
3169,亞信,23,10,13,兆豐-三重,2023-11-21,7008
2332,友訊,14,3,11,兆豐-三重,2023-11-21,7008
2421,建準,11,0,11,兆豐-三重,2023-11-21,7008
00715L,期街口布蘭特正2,10,0,10,兆豐-三重,2023-11-21,7008
00788B,元大10年IG電能債,10,0,10,兆豐-三重,2023-11-21,7008
3252,海灣,10,0,10,兆豐-三重,2023-11-21,7008
6104,創惟,10,0,10,兆豐-三重,2023-11-21,7008
6213,聯茂,10,0,10,兆豐-三重,2023-11-21,7008
6233,旺玖,10,0,10,兆豐-三重,2023-11-21,7008
3221,台嘉碩,9,0,9,兆豐-三重,2023-11-21,7008
4952,凌通,9,0,9,兆豐-三重,2023-11-21,7008
2303,聯電,8,0,8,兆豐-三重,2023-11-21,7008
6274,台燿,13,5,8,兆豐-三重,2023-11-21,7008
2376,技嘉,21,14,7,兆豐-三重,2023-11-21,7008
00933B,國泰10Y+金融債,7,0,7,兆豐-三重,2023-11-21,7008
6288,聯嘉,7,0,7,兆豐-三重,2023-11-21,7008
3078,僑威,12,6,6,兆豐-三重,2023-11-21,7008
1815,富喬,12,6,6,兆豐-三重,2023-11-21,7008
2344,華邦電,6,0,6,兆豐-三重,2023-11-21,7008
6533,晶心科,16,10,6,兆豐-三重,2023-11-21,7008
2324,仁寶,16,11,5,兆豐-三重,2023-11-21,7008
00651R,復華香港反1,5,0,5,兆豐-三重,2023-11-21,7008
1536,和大,5,0,5,兆豐-三重,2023-11-21,7008
1598,岱宇,5,0,5,兆豐-三重,2023-11-21,7008
1785,光洋科,5,0,5,兆豐-三重,2023-11-21,7008
2208,台船,5,0,5,兆豐-三重,2023-11-21,7008
2482,連宇,10,5,5,兆豐-三重,2023-11-21,7008
2834,臺企銀,10,5,5,兆豐-三重,2023-11-21,7008
3047,訊舟,5,0,5,兆豐-三重,2023-11-21,7008
3665,貿聯-KY,5,0,5,兆豐-三重,2023-11-21,7008
5465,富驊,6,1,5,兆豐-三重,2023-11-21,7008
5483,中美晶,5,0,5,兆豐-三重,2023-11-21,7008
2417,圓剛,7,2,5,兆豐-三重,2023-11-21,7008
8936,國統,11,6,5,兆豐-三重,2023-11-21,7008
2357,華碩,10,6,4,兆豐-三重,2023-11-21,7008
2402,毅嘉,4,0,4,兆豐-三重,2023-11-21,7008
5210,寶碩,46,0,46,兆豐-三重,2023-11-22,7008
3231,緯創,70,31,39,兆豐-三重,2023-11-22,7008
2882,國泰金,40,2,38,兆豐-三重,2023-11-22,7008
2356,英業達,71,38,33,兆豐-三重,2023-11-22,7008
2371,大同,30,0,30,兆豐-三重,2023-11-22,7008
00933B,國泰10Y+金融債,30,5,25,兆豐-三重,2023-11-22,7008
5706,鳳凰,79,57,22,兆豐-三重,2023-11-22,7008
2258,鴻華先進-創,20,0,20,兆豐-三重,2023-11-22,7008
2405,輔信,20,0,20,兆豐-三重,2023-11-22,7008
2881,富邦金,20,0,20,兆豐-三重,2023-11-22,7008
2890,永豐金,20,0,20,兆豐-三重,2023-11-22,7008
2330,台積電,16,0,16,兆豐-三重,2023-11-22,7008
00929,復華台灣科技優息,17,1,16,兆豐-三重,2023-11-22,7008
2606,裕民,16,0,16,兆豐-三重,2023-11-22,7008
1101,台泥,21,7,14,兆豐-三重,2023-11-22,7008
6116,彩晶,13,0,13,兆豐-三重,2023-11-22,7008
00713,元大台灣高息低波,10,0,10,兆豐-三重,2023-11-22,7008
5410,國眾,10,0,10,兆豐-三重,2023-11-22,7008
6244,茂迪,10,0,10,兆豐-三重,2023-11-22,7008
00905,FT臺灣Smart,9,0,9,兆豐-三重,2023-11-22,7008
2353,宏��,9,0,9,兆豐-三重,2023-11-22,7008
3715,定穎投控,13,4,9,兆豐-三重,2023-11-22,7008
4908,前鼎,28,19,9,兆豐-三重,2023-11-22,7008
2314,台揚,8,0,8,兆豐-三重,2023-11-22,7008
2610,華航,54,46,8,兆豐-三重,2023-11-22,7008
2888,新光金,11,3,8,兆豐-三重,2023-11-22,7008
0056,元大高股息,7,0,7,兆豐-三重,2023-11-22,7008
00782B,國泰A級公用債,7,0,7,兆豐-三重,2023-11-22,7008
00632R,元大台灣50反1,10,3,7,兆豐-三重,2023-11-22,7008
5351,鈺創,16,9,7,兆豐-三重,2023-11-22,7008
6243,迅杰,44,37,7,兆豐-三重,2023-11-22,7008
9958,世紀鋼,7,0,7,兆豐-三重,2023-11-22,7008
2382,廣達,11,5,6,兆豐-三重,2023-11-22,7008
2376,技嘉,11,5,6,兆豐-三重,2023-11-22,7008
2388,威盛,36,30,6,兆豐-三重,2023-11-22,7008
6194,育富,5,0,5,兆豐-三重,2023-11-22,7008
1609,大亞,5,0,5,兆豐-三重,2023-11-22,7008
1598,岱宇,5,0,5,兆豐-三重,2023-11-22,7008
00690,兆豐藍籌30,5,0,5,兆豐-三重,2023-11-22,7008
1304,台聚,5,0,5,兆豐-三重,2023-11-22,7008
1789,神隆,5,0,5,兆豐-三重,2023-11-22,7008
2340,台亞,5,0,5,兆豐-三重,2023-11-22,7008
2355,敬鵬,7,2,5,兆豐-三重,2023-11-22,7008
2409,友達,5,0,5,兆豐-三重,2023-11-22,7008
3005,神基,5,0,5,兆豐-三重,2023-11-22,7008
3438,類比科,5,0,5,兆豐-三重,2023-11-22,7008
3689,湧德,5,0,5,兆豐-三重,2023-11-22,7008
5452,佶優,5,0,5,兆豐-三重,2023-11-22,7008
8210,勤誠,6,1,5,兆豐-三重,2023-11-22,7008
2301,光寶科,4,0,4,兆豐-三重,2023-11-22,7008
00919,群益台灣精選高息,397,101,296,兆豐-三重,2023-11-23,7008
8011,台通,42,0,42,兆豐-三重,2023-11-23,7008
3231,緯創,49,10,39,兆豐-三重,2023-11-23,7008
3374,精材,52,14,38,兆豐-三重,2023-11-23,7008
00929,復華台灣科技優息,37,0,37,兆豐-三重,2023-11-23,7008
4745,合富-KY,33,0,33,兆豐-三重,2023-11-23,7008
3715,定穎投控,37,8,29,兆豐-三重,2023-11-23,7008
6243,迅杰,69,41,28,兆豐-三重,2023-11-23,7008
2363,矽統,59,32,27,兆豐-三重,2023-11-23,7008
6282,康舒,76,50,26,兆豐-三重,2023-11-23,7008
8054,安國,34,10,24,兆豐-三重,2023-11-23,7008
2457,飛宏,70,46,24,兆豐-三重,2023-11-23,7008
00931B,統一美債20年,20,0,20,兆豐-三重,2023-11-23,7008
00788B,元大10年IG電能債,20,0,20,兆豐-三重,2023-11-23,7008
6695,芯鼎,20,0,20,兆豐-三重,2023-11-23,7008
2881,富邦金,21,2,19,兆豐-三重,2023-11-23,7008
3169,亞信,18,1,17,兆豐-三重,2023-11-23,7008
3227,原相,22,5,17,兆豐-三重,2023-11-23,7008
3260,威剛,19,2,17,兆豐-三重,2023-11-23,7008
2356,英業達,15,1,14,兆豐-三重,2023-11-23,7008
2516,新建,14,0,14,兆豐-三重,2023-11-23,7008
6139,亞翔,13,0,13,兆豐-三重,2023-11-23,7008
3122,笙泉,62,50,12,兆豐-三重,2023-11-23,7008
3437,榮創,15,3,12,兆豐-三重,2023-11-23,7008
3694,海華,38,26,12,兆豐-三重,2023-11-23,7008
6138,茂達,11,0,11,兆豐-三重,2023-11-23,7008
3035,智原,25,14,11,兆豐-三重,2023-11-23,7008
00713,元大台灣高息低波,10,0,10,兆豐-三重,2023-11-23,7008
2421,建準,10,0,10,兆豐-三重,2023-11-23,7008
3047,訊舟,13,3,10,兆豐-三重,2023-11-23,7008
2476,鉅祥,55,46,9,兆豐-三重,2023-11-23,7008
1451,年興,8,0,8,兆豐-三重,2023-11-23,7008
00878,國泰永續高股息,7,0,7,兆豐-三重,2023-11-23,7008
2390,云辰,7,0,7,兆豐-三重,2023-11-23,7008
4908,前鼎,9,2,7,兆豐-三重,2023-11-23,7008
6116,彩晶,20,13,7,兆豐-三重,2023-11-23,7008
6235,華孚,13,6,7,兆豐-三重,2023-11-23,7008
6156,松上,7,0,7,兆豐-三重,2023-11-23,7008
1319,東陽,6,0,6,兆豐-三重,2023-11-23,7008
1582,信錦,7,1,6,兆豐-三重,2023-11-23,7008
6237,驊訊,64,58,6,兆豐-三重,2023-11-23,7008
6684,安格,21,15,6,兆豐-三重,2023-11-23,7008
8070,長華*,6,0,6,兆豐-三重,2023-11-23,7008
5464,霖宏,6,0,6,兆豐-三重,2023-11-23,7008
3078,僑威,27,21,6,兆豐-三重,2023-11-23,7008
00679B,元大美債20年,5,0,5,兆豐-三重,2023-11-23,7008
00900,富邦特選高股息30,5,0,5,兆豐-三重,2023-11-23,7008
2480,敦陽科,5,0,5,兆豐-三重,2023-11-23,7008
3042,晶技,5,0,5,兆豐-三重,2023-11-23,7008
4108,懷特,5,0,5,兆豐-三重,2023-11-23,7008
00919,群益台灣精選高息,148,0,148,兆豐-三重,2023-11-24,7008
2618,長榮航,62,1,61,兆豐-三重,2023-11-24,7008
2888,新光金,81,25,56,兆豐-三重,2023-11-24,7008
1605,華新,61,22,39,兆豐-三重,2023-11-24,7008
3105,穩懋,38,11,27,兆豐-三重,2023-11-24,7008
2891,中信金,23,0,23,兆豐-三重,2023-11-24,7008
3666,光耀,21,1,20,兆豐-三重,2023-11-24,7008
4745,合富-KY,16,0,16,兆豐-三重,2023-11-24,7008
5351,鈺創,77,61,16,兆豐-三重,2023-11-24,7008
6117,迎廣,25,10,15,兆豐-三重,2023-11-24,7008
2363,矽統,31,16,15,兆豐-三重,2023-11-24,7008
1612,宏泰,14,0,14,兆豐-三重,2023-11-24,7008
5521,工信,22,9,13,兆豐-三重,2023-11-24,7008
6150,撼訊,25,12,13,兆豐-三重,2023-11-24,7008
4763,材料-KY,14,2,12,兆豐-三重,2023-11-24,7008
1514,亞力,35,23,12,兆豐-三重,2023-11-24,7008
3006,晶豪科,17,5,12,兆豐-三重,2023-11-24,7008
6173,信昌電,12,0,12,兆豐-三重,2023-11-24,7008
3260,威剛,15,4,11,兆豐-三重,2023-11-24,7008
1608,華榮,11,0,11,兆豐-三重,2023-11-24,7008
8054,安國,27,16,11,兆豐-三重,2023-11-24,7008
8222,寶一,16,5,11,兆豐-三重,2023-11-24,7008
1229,聯華,10,0,10,兆豐-三重,2023-11-24,7008
00936,台新永續高息中小,10,0,10,兆豐-三重,2023-11-24,7008
2356,英業達,10,0,10,兆豐-三重,2023-11-24,7008
3017,奇鋐,10,0,10,兆豐-三重,2023-11-24,7008
3141,晶宏,10,0,10,兆豐-三重,2023-11-24,7008
5533,皇鼎,10,0,10,兆豐-三重,2023-11-24,7008
6235,華孚,16,6,10,兆豐-三重,2023-11-24,7008
6237,驊訊,13,3,10,兆豐-三重,2023-11-24,7008
3231,緯創,17,8,9,兆豐-三重,2023-11-24,7008
6125,廣運,20,11,9,兆豐-三重,2023-11-24,7008
2883,凱基金,10,1,9,兆豐-三重,2023-11-24,7008
1591,駿吉-KY,8,0,8,兆豐-三重,2023-11-24,7008
2889,國票金,8,0,8,兆豐-三重,2023-11-24,7008
6578,達邦蛋白,13,5,8,兆豐-三重,2023-11-24,7008
00933B,國泰10Y+金融債,7,0,7,兆豐-三重,2023-11-24,7008
4967,十銓,7,0,7,兆豐-三重,2023-11-24,7008
3715,定穎投控,17,10,7,兆豐-三重,2023-11-24,7008
6156,松上,7,0,7,兆豐-三重,2023-11-24,7008
00929,復華台灣科技優息,6,0,6,兆豐-三重,2023-11-24,7008
1522,堤維西,6,0,6,兆豐-三重,2023-11-24,7008
2482,連宇,6,0,6,兆豐-三重,2023-11-24,7008
2739,寒舍,6,0,6,兆豐-三重,2023-11-24,7008
3032,偉訓,7,1,6,兆豐-三重,2023-11-24,7008
3046,建��,6,0,6,兆豐-三重,2023-11-24,7008
3265,台星科,6,0,6,兆豐-三重,2023-11-24,7008
1529,樂事綠能,5,0,5,兆豐-三重,2023-11-24,7008
1809,中釉,5,0,5,兆豐-三重,2023-11-24,7008
2317,鴻海,5,0,5,兆豐-三重,2023-11-24,7008
9933,中鼎,205,1,204,兆豐-三重,2023-11-27,7008
2883,凱基金,4227,4124,103,兆豐-三重,2023-11-27,7008
8086,宏捷科,94,4,90,兆豐-三重,2023-11-27,7008
6657,華安,40,0,40,兆豐-三重,2023-11-27,7008
4745,合富-KY,39,0,39,兆豐-三重,2023-11-27,7008
00929,復華台灣科技優息,42,6,36,兆豐-三重,2023-11-27,7008
8011,台通,33,0,33,兆豐-三重,2023-11-27,7008
00878,國泰永續高股息,31,0,31,兆豐-三重,2023-11-27,7008
3715,定穎投控,86,57,29,兆豐-三重,2023-11-27,7008
2367,燿華,25,1,24,兆豐-三重,2023-11-27,7008
2392,正崴,24,0,24,兆豐-三重,2023-11-27,7008
2382,廣達,31,8,23,兆豐-三重,2023-11-27,7008
3231,緯創,39,17,22,兆豐-三重,2023-11-27,7008
1229,聯華,20,0,20,兆豐-三重,2023-11-27,7008
3325,旭品,29,9,20,兆豐-三重,2023-11-27,7008
2356,英業達,18,0,18,兆豐-三重,2023-11-27,7008
3324,雙鴻,15,0,15,兆豐-三重,2023-11-27,7008
2106,建大,14,0,14,兆豐-三重,2023-11-27,7008
1503,士電,12,0,12,兆豐-三重,2023-11-27,7008
2409,友達,12,0,12,兆豐-三重,2023-11-27,7008
2897,王道銀行,12,0,12,兆豐-三重,2023-11-27,7008
3094,聯傑,12,0,12,兆豐-三重,2023-11-27,7008
3623,富晶通,19,7,12,兆豐-三重,2023-11-27,7008
6125,廣運,14,2,12,兆豐-三重,2023-11-27,7008
00687B,國泰20年美債,11,0,11,兆豐-三重,2023-11-27,7008
1449,佳和,13,3,10,兆豐-三重,2023-11-27,7008
2617,台航,10,0,10,兆豐-三重,2023-11-27,7008
3058,立德,10,0,10,兆豐-三重,2023-11-27,7008
6120,達運,10,0,10,兆豐-三重,2023-11-27,7008
6789,采鈺,10,0,10,兆豐-三重,2023-11-27,7008
1701,中化,10,1,9,兆豐-三重,2023-11-27,7008
3035,智原,25,16,9,兆豐-三重,2023-11-27,7008
8089,康全電訊,9,0,9,兆豐-三重,2023-11-27,7008
3017,奇鋐,8,0,8,兆豐-三重,2023-11-27,7008
3704,合勤控,17,9,8,兆豐-三重,2023-11-27,7008
2206,三陽工業,10,3,7,兆豐-三重,2023-11-27,7008
3545,敦泰,28,21,7,兆豐-三重,2023-11-27,7008
6684,安格,33,26,7,兆豐-三重,2023-11-27,7008
00922,國泰台灣領袖50,6,0,6,兆豐-三重,2023-11-27,7008
2330,台積電,30,24,6,兆豐-三重,2023-11-27,7008
00915,凱基優選高股息30,6,0,6,兆豐-三重,2023-11-27,7008
1536,和大,5,0,5,兆豐-三重,2023-11-27,7008
1471,首利,5,0,5,兆豐-三重,2023-11-27,7008
2352,佳世達,7,2,5,兆豐-三重,2023-11-27,7008
2482,連宇,5,0,5,兆豐-三重,2023-11-27,7008
3205,佰研,6,1,5,兆豐-三重,2023-11-27,7008
6235,華孚,12,8,4,兆豐-三重,2023-11-27,7008
00692,富邦公司治理,4,0,4,兆豐-三重,2023-11-27,7008
00933B,國泰10Y+金融債,4,0,4,兆豐-三重,2023-11-27,7008
1342,八貫,4,0,4,兆豐-三重,2023-11-27,7008
00919,群益台灣精選高息,365,16,349,兆豐-三重,2023-11-28,7008
0056,元大高股息,112,0,112,兆豐-三重,2023-11-28,7008
9933,中鼎,108,2,106,兆豐-三重,2023-11-28,7008
4745,合富-KY,58,0,58,兆豐-三重,2023-11-28,7008
00900,富邦特選高股息30,30,0,30,兆豐-三重,2023-11-28,7008
3231,緯創,30,8,22,兆豐-三重,2023-11-28,7008
3715,定穎投控,33,17,16,兆豐-三重,2023-11-28,7008
4763,材料-KY,20,4,16,兆豐-三重,2023-11-28,7008
2303,聯電,15,0,15,兆豐-三重,2023-11-28,7008
3169,亞信,15,1,14,兆豐-三重,2023-11-28,7008
1717,長興,13,0,13,兆豐-三重,2023-11-28,7008
1101,台泥,118,105,13,兆豐-三重,2023-11-28,7008
00933B,國泰10Y+金融債,10,0,10,兆豐-三重,2023-11-28,7008
00690,兆豐藍籌30,10,0,10,兆豐-三重,2023-11-28,7008
3325,旭品,10,0,10,兆豐-三重,2023-11-28,7008
5347,世界,40,30,10,兆豐-三重,2023-11-28,7008
6125,廣運,11,1,10,兆豐-三重,2023-11-28,7008
2382,廣達,12,2,10,兆豐-三重,2023-11-28,7008
1605,華新,12,4,8,兆豐-三重,2023-11-28,7008
2605,新興,9,2,7,兆豐-三重,2023-11-28,7008
5351,鈺創,22,15,7,兆豐-三重,2023-11-28,7008
3051,力特,7,1,6,兆豐-三重,2023-11-28,7008
6213,聯茂,6,0,6,兆豐-三重,2023-11-28,7008
5464,霖宏,7,1,6,兆豐-三重,2023-11-28,7008
6271,同欣電,19,14,5,兆豐-三重,2023-11-28,7008
00687B,國泰20年美債,5,0,5,兆豐-三重,2023-11-28,7008
00669R,國泰美國道瓊反1,5,0,5,兆豐-三重,2023-11-28,7008
1536,和大,5,0,5,兆豐-三重,2023-11-28,7008
3530,晶相光,5,0,5,兆豐-三重,2023-11-28,7008
3532,台勝科,5,0,5,兆豐-三重,2023-11-28,7008
4956,光鋐,5,0,5,兆豐-三重,2023-11-28,7008
5292,華懋,6,1,5,兆豐-三重,2023-11-28,7008
8011,台通,5,0,5,兆豐-三重,2023-11-28,7008
9928,中視,5,0,5,兆豐-三重,2023-11-28,7008
5483,中美晶,7,2,5,兆豐-三重,2023-11-28,7008
1514,亞力,17,13,4,兆豐-三重,2023-11-28,7008
1903,士紙,4,0,4,兆豐-三重,2023-11-28,7008
1905,華紙,4,0,4,兆豐-三重,2023-11-28,7008
3163,波若威,4,0,4,兆豐-三重,2023-11-28,7008
4714,永捷,4,0,4,兆豐-三重,2023-11-28,7008
6204,艾華,7,3,4,兆豐-三重,2023-11-28,7008
6443,元晶,4,0,4,兆豐-三重,2023-11-28,7008
6589,台康生技,5,1,4,兆豐-三重,2023-11-28,7008
9938,百和,5,1,4,兆豐-三重,2023-11-28,7008
2408,南亞科,9,6,3,兆豐-三重,2023-11-28,7008
2383,台光電,5,2,3,兆豐-三重,2023-11-28,7008
1611,中電,3,0,3,兆豐-三重,2023-11-28,7008
1760,寶齡富錦,6,3,3,兆豐-三重,2023-11-28,7008
00632R,元大台灣50反1,3,0,3,兆豐-三重,2023-11-28,7008
2337,旺宏,4,1,3,兆豐-三重,2023-11-28,7008
00882,中信中國高股息,122,0,122,兆豐-三重,2023-11-29,7008
00923,群益台ESG低碳50,59,3,56,兆豐-三重,2023-11-29,7008
2002,中鋼,55,12,43,兆豐-三重,2023-11-29,7008
2363,矽統,60,28,32,兆豐-三重,2023-11-29,7008
1718,中纖,30,0,30,兆豐-三重,2023-11-29,7008
2618,長榮航,36,7,29,兆豐-三重,2023-11-29,7008
9945,潤泰新,28,0,28,兆豐-三重,2023-11-29,7008
00900,富邦特選高股息30,37,11,26,兆豐-三重,2023-11-29,7008
2313,華通,69,45,24,兆豐-三重,2023-11-29,7008
6104,創惟,23,3,20,兆豐-三重,2023-11-29,7008
2382,廣達,20,1,19,兆豐-三重,2023-11-29,7008
3047,訊舟,18,0,18,兆豐-三重,2023-11-29,7008
2369,菱生,27,14,13,兆豐-三重,2023-11-29,7008
6111,大宇資,15,3,12,兆豐-三重,2023-11-29,7008
2485,兆赫,12,0,12,兆豐-三重,2023-11-29,7008
3122,笙泉,13,1,12,兆豐-三重,2023-11-29,7008
6282,康舒,21,9,12,兆豐-三重,2023-11-29,7008
6488,環球晶,13,1,12,兆豐-三重,2023-11-29,7008
2482,連宇,11,0,11,兆豐-三重,2023-11-29,7008
6684,安格,16,5,11,兆豐-三重,2023-11-29,7008
00788B,元大10年IG電能債,10,0,10,兆豐-三重,2023-11-29,7008
1810,和成,10,0,10,兆豐-三重,2023-11-29,7008
2402,毅嘉,10,0,10,兆豐-三重,2023-11-29,7008
6167,久正,10,0,10,兆豐-三重,2023-11-29,7008
6243,迅杰,51,41,10,兆豐-三重,2023-11-29,7008
8054,安國,133,123,10,兆豐-三重,2023-11-29,7008
3231,緯創,22,13,9,兆豐-三重,2023-11-29,7008
3078,僑威,11,2,9,兆豐-三重,2023-11-29,7008
2330,台積電,9,0,9,兆豐-三重,2023-11-29,7008
1101,台泥,8,0,8,兆豐-三重,2023-11-29,7008
2498,宏達電,8,0,8,兆豐-三重,2023-11-29,7008
2401,凌陽,14,6,8,兆豐-三重,2023-11-29,7008
3548,兆利,13,5,8,兆豐-三重,2023-11-29,7008
5607,遠雄港,8,0,8,兆豐-三重,2023-11-29,7008
00637L,元大滬深300正2,7,0,7,兆豐-三重,2023-11-29,7008
3545,敦泰,13,6,7,兆豐-三重,2023-11-29,7008
4714,永捷,7,0,7,兆豐-三重,2023-11-29,7008
6139,亞翔,7,0,7,兆豐-三重,2023-11-29,7008
6530,創威,22,15,7,兆豐-三重,2023-11-29,7008
1104,環泥,6,0,6,兆豐-三重,2023-11-29,7008
1504,東元,6,0,6,兆豐-三重,2023-11-29,7008
1605,華新,6,0,6,兆豐-三重,2023-11-29,7008
2258,鴻華先進-創,6,0,6,兆豐-三重,2023-11-29,7008
2356,英業達,6,0,6,兆豐-三重,2023-11-29,7008
2540,愛山林,6,0,6,兆豐-三重,2023-11-29,7008
2891,中信金,7,1,6,兆豐-三重,2023-11-29,7008
5351,鈺創,17,11,6,兆豐-三重,2023-11-29,7008
6237,驊訊,7,1,6,兆豐-三重,2023-11-29,7008
6257,矽格,6,0,6,兆豐-三重,2023-11-29,7008
1409,新纖,5,0,5,兆豐-三重,2023-11-29,7008
2369,菱生,65,1,64,兆豐-三重,2023-11-30,7008
00923,群益台ESG低碳50,58,1,57,兆豐-三重,2023-11-30,7008
00933B,國泰10Y+金融債,53,0,53,兆豐-三重,2023-11-30,7008
6209,今國光,52,0,52,兆豐-三重,2023-11-30,7008
2882,國泰金,40,0,40,兆豐-三重,2023-11-30,7008
9933,中鼎,40,0,40,兆豐-三重,2023-11-30,7008
00919,群益台灣精選高息,29,0,29,兆豐-三重,2023-11-30,7008
2332,友訊,29,1,28,兆豐-三重,2023-11-30,7008
3231,緯創,33,10,23,兆豐-三重,2023-11-30,7008
00934,中信成長高股息,20,0,20,兆豐-三重,2023-11-30,7008
3360,尚立,20,0,20,兆豐-三重,2023-11-30,7008
5452,佶優,23,3,20,兆豐-三重,2023-11-30,7008
2359,所羅門,30,11,19,兆豐-三重,2023-11-30,7008
00882,中信中國高股息,17,0,17,兆豐-三重,2023-11-30,7008
2409,友達,19,2,17,兆豐-三重,2023-11-30,7008
2465,麗臺,18,1,17,兆豐-三重,2023-11-30,7008
2371,大同,16,0,16,兆豐-三重,2023-11-30,7008
3680,家登,14,0,14,兆豐-三重,2023-11-30,7008
1449,佳和,13,0,13,兆豐-三重,2023-11-30,7008
2313,華通,20,8,12,兆豐-三重,2023-11-30,7008
00679B,元大美債20年,23,11,12,兆豐-三重,2023-11-30,7008
0056,元大高股息,11,0,11,兆豐-三重,2023-11-30,7008
6485,點序,11,0,11,兆豐-三重,2023-11-30,7008
1326,台化,10,0,10,兆豐-三重,2023-11-30,7008
1810,和成,10,0,10,兆豐-三重,2023-11-30,7008
5347,世界,13,3,10,兆豐-三重,2023-11-30,7008
5426,振發,10,0,10,兆豐-三重,2023-11-30,7008
2408,南亞科,24,15,9,兆豐-三重,2023-11-30,7008
3363,上詮,17,8,9,兆豐-三重,2023-11-30,7008
4908,前鼎,18,9,9,兆豐-三重,2023-11-30,7008
4973,廣穎,10,1,9,兆豐-三重,2023-11-30,7008
00935,野村臺灣新科技50,8,0,8,兆豐-三重,2023-11-30,7008
2201,裕隆,8,0,8,兆豐-三重,2023-11-30,7008
2492,華新科,28,20,8,兆豐-三重,2023-11-30,7008
8054,安國,62,54,8,兆豐-三重,2023-11-30,7008
3290,東浦,7,0,7,兆豐-三重,2023-11-30,7008
3481,群創,10,3,7,兆豐-三重,2023-11-30,7008
00692,富邦公司治理,6,0,6,兆豐-三重,2023-11-30,7008
2412,中華電,11,5,6,兆豐-三重,2023-11-30,7008
6111,大宇資,9,3,6,兆豐-三重,2023-11-30,7008
6231,系微,6,0,6,兆豐-三重,2023-11-30,7008
6684,安格,6,0,6,兆豐-三重,2023-11-30,7008
6789,采鈺,8,2,6,兆豐-三重,2023-11-30,7008
3715,定穎投控,24,19,5,兆豐-三重,2023-11-30,7008
00690,兆豐藍籌30,5,0,5,兆豐-三重,2023-11-30,7008
00930,永豐ESG低碳高息,5,0,5,兆豐-三重,2023-11-30,7008
2317,鴻海,5,0,5,兆豐-三重,2023-11-30,7008
2353,宏��,33,28,5,兆豐-三重,2023-11-30,7008
2618,長榮航,11,6,5,兆豐-三重,2023-11-30,7008
4967,十銓,6,1,5,兆豐-三重,2023-11-30,7008
00919,群益台灣精選高息,214,8,206,兆豐-三重,2023-12-01,7008
2363,矽統,112,14,98,兆豐-三重,2023-12-01,7008
2409,友達,86,15,71,兆豐-三重,2023-12-01,7008
8096,擎亞,80,10,70,兆豐-三重,2023-12-01,7008
2889,國票金,60,0,60,兆豐-三重,2023-12-01,7008
00923,群益台ESG低碳50,58,0,58,兆豐-三重,2023-12-01,7008
8011,台通,56,0,56,兆豐-三重,2023-12-01,7008
00933B,國泰10Y+金融債,51,0,51,兆豐-三重,2023-12-01,7008
5210,寶碩,50,0,50,兆豐-三重,2023-12-01,7008
2002,中鋼,56,13,43,兆豐-三重,2023-12-01,7008
1101,台泥,35,0,35,兆豐-三重,2023-12-01,7008
5452,佶優,30,0,30,兆豐-三重,2023-12-01,7008
3552,同致,27,2,25,兆豐-三重,2023-12-01,7008
2601,益航,20,0,20,兆豐-三重,2023-12-01,7008
2317,鴻海,18,0,18,兆豐-三重,2023-12-01,7008
2408,南亞科,15,1,14,兆豐-三重,2023-12-01,7008
3231,緯創,41,28,13,兆豐-三重,2023-12-01,7008
2851,中再保,12,0,12,兆豐-三重,2023-12-01,7008
3041,揚智,27,16,11,兆豐-三重,2023-12-01,7008
3276,宇環,11,0,11,兆豐-三重,2023-12-01,7008
4721,美琪瑪,21,10,11,兆豐-三重,2023-12-01,7008
6191,精成科,19,8,11,兆豐-三重,2023-12-01,7008
6271,同欣電,12,1,11,兆豐-三重,2023-12-01,7008
2010,春源,10,0,10,兆豐-三重,2023-12-01,7008
2498,宏達電,10,0,10,兆豐-三重,2023-12-01,7008
2611,志信,10,0,10,兆豐-三重,2023-12-01,7008
4956,光鋐,10,0,10,兆豐-三重,2023-12-01,7008
6243,迅杰,10,0,10,兆豐-三重,2023-12-01,7008
2324,仁寶,11,1,10,兆豐-三重,2023-12-01,7008
2891,中信金,9,0,9,兆豐-三重,2023-12-01,7008
6643,M31,9,0,9,兆豐-三重,2023-12-01,7008
3706,神達,15,7,8,兆豐-三重,2023-12-01,7008
2208,台船,8,0,8,兆豐-三重,2023-12-01,7008
2371,大同,7,0,7,兆豐-三重,2023-12-01,7008
3050,鈺德,7,0,7,兆豐-三重,2023-12-01,7008
3234,光環,7,0,7,兆豐-三重,2023-12-01,7008
5425,台半,8,1,7,兆豐-三重,2023-12-01,7008
6237,驊訊,9,2,7,兆豐-三重,2023-12-01,7008
6530,創威,8,1,7,兆豐-三重,2023-12-01,7008
2301,光寶科,6,0,6,兆豐-三重,2023-12-01,7008
3545,敦泰,9,3,6,兆豐-三重,2023-12-01,7008
6167,久正,6,0,6,兆豐-三重,2023-12-01,7008
2356,英業達,6,0,6,兆豐-三重,2023-12-01,7008
6139,亞翔,5,0,5,兆豐-三重,2023-12-01,7008
00900,富邦特選高股息30,5,0,5,兆豐-三重,2023-12-01,7008
2009,第一銅,6,1,5,兆豐-三重,2023-12-01,7008
5347,世界,7,2,5,兆豐-三重,2023-12-01,7008
5371,中光電,6,1,5,兆豐-三重,2023-12-01,7008
6829,千附精密,5,0,5,兆豐-三重,2023-12-01,7008
4763,材料-KY,9,4,5,兆豐-三重,2023-12-01,7008
3715,定穎投控,88,27,61,兆豐-三重,2023-12-04,7008
00923,群益台ESG低碳50,60,0,60,兆豐-三重,2023-12-04,7008
6125,廣運,61,6,55,兆豐-三重,2023-12-04,7008
020031,統一IC設計臺灣N,50,0,50,兆豐-三重,2023-12-04,7008
2883,凱基金,3148,3100,48,兆豐-三重,2023-12-04,7008
8096,擎亞,40,10,30,兆豐-三重,2023-12-04,7008
2889,國票金,22,0,22,兆豐-三重,2023-12-04,7008
3380,明泰,21,2,19,兆豐-三重,2023-12-04,7008
3443,創意,18,0,18,兆豐-三重,2023-12-04,7008
00679B,元大美債20年,17,0,17,兆豐-三重,2023-12-04,7008
2388,威盛,40,23,17,兆豐-三重,2023-12-04,7008
8054,安國,25,9,16,兆豐-三重,2023-12-04,7008
6148,驊宏資,16,0,16,兆豐-三重,2023-12-04,7008
00878,國泰永續高股息,15,0,15,兆豐-三重,2023-12-04,7008
3706,神達,15,0,15,兆豐-三重,2023-12-04,7008
2615,萬海,39,25,14,兆豐-三重,2023-12-04,7008
3481,群創,227,214,13,兆豐-三重,2023-12-04,7008
3231,緯創,18,5,13,兆豐-三重,2023-12-04,7008
2607,榮運,13,0,13,兆豐-三重,2023-12-04,7008
2610,華航,21,8,13,兆豐-三重,2023-12-04,7008
00931B,統一美債20年,14,2,12,兆豐-三重,2023-12-04,7008
6209,今國光,11,0,11,兆豐-三重,2023-12-04,7008
6156,松上,10,0,10,兆豐-三重,2023-12-04,7008
00632R,元大台灣50反1,10,0,10,兆豐-三重,2023-12-04,7008
3325,旭品,10,0,10,兆豐-三重,2023-12-04,7008
4956,光鋐,10,0,10,兆豐-三重,2023-12-04,7008
5452,佶優,10,0,10,兆豐-三重,2023-12-04,7008
6155,鈞寶,10,0,10,兆豐-三重,2023-12-04,7008
8011,台通,20,10,10,兆豐-三重,2023-12-04,7008
2402,毅嘉,13,4,9,兆豐-三重,2023-12-04,7008
2421,建準,10,1,9,兆豐-三重,2023-12-04,7008
2482,連宇,10,1,9,兆豐-三重,2023-12-04,7008
3038,全台,9,0,9,兆豐-三重,2023-12-04,7008
6789,采鈺,13,4,9,兆豐-三重,2023-12-04,7008
2465,麗臺,10,2,8,兆豐-三重,2023-12-04,7008
3363,上詮,13,5,8,兆豐-三重,2023-12-04,7008
3483,力致,9,1,8,兆豐-三重,2023-12-04,7008
8046,南電,8,0,8,兆豐-三重,2023-12-04,7008
6235,華孚,13,6,7,兆豐-三重,2023-12-04,7008
1101,台泥,7,0,7,兆豐-三重,2023-12-04,7008
3035,智原,25,18,7,兆豐-三重,2023-12-04,7008
3050,鈺德,10,3,7,兆豐-三重,2023-12-04,7008
3437,榮創,7,0,7,兆豐-三重,2023-12-04,7008
4953,緯軟,8,1,7,兆豐-三重,2023-12-04,7008
5258,虹堡,7,0,7,兆豐-三重,2023-12-04,7008
6245,立端,8,1,7,兆豐-三重,2023-12-04,7008
00715L,期街口布蘭特正2,6,0,6,兆豐-三重,2023-12-04,7008
00688L,國泰20年美債正2,6,0,6,兆豐-三重,2023-12-04,7008
2313,華通,16,10,6,兆豐-三重,2023-12-04,7008
2329,華泰,45,39,6,兆豐-三重,2023-12-04,7008
00919,群益台灣精選高息,363,214,149,兆豐-三重,2023-12-05,7008
00937B,群益ESG投等債20,202,73,129,兆豐-三重,2023-12-05,7008
5521,工信,105,5,100,兆豐-三重,2023-12-05,7008
2641,正德,119,48,71,兆豐-三重,2023-12-05,7008
00923,群益台ESG低碳50,61,0,61,兆豐-三重,2023-12-05,7008
5210,寶碩,58,0,58,兆豐-三重,2023-12-05,7008
3576,聯合再生,50,2,48,兆豐-三重,2023-12-05,7008
2406,國碩,35,0,35,兆豐-三重,2023-12-05,7008
2329,華泰,72,45,27,兆豐-三重,2023-12-05,7008
00878,國泰永續高股息,26,0,26,兆豐-三重,2023-12-05,7008
00882,中信中國高股息,22,0,22,兆豐-三重,2023-12-05,7008
3231,緯創,33,12,21,兆豐-三重,2023-12-05,7008
2618,長榮航,21,0,21,兆豐-三重,2023-12-05,7008
3710,連展投控,40,20,20,兆豐-三重,2023-12-05,7008
5464,霖宏,15,0,15,兆豐-三重,2023-12-05,7008
9945,潤泰新,14,0,14,兆豐-三重,2023-12-05,7008
2356,英業達,12,0,12,兆豐-三重,2023-12-05,7008
3715,定穎投控,17,5,12,兆豐-三重,2023-12-05,7008
2606,裕民,27,15,12,兆豐-三重,2023-12-05,7008
6499,益安,12,0,12,兆豐-三重,2023-12-05,7008
00929,復華台灣科技優息,15,4,11,兆豐-三重,2023-12-05,7008
2332,友訊,16,5,11,兆豐-三重,2023-12-05,7008
2482,連宇,14,3,11,兆豐-三重,2023-12-05,7008
3035,智原,23,12,11,兆豐-三重,2023-12-05,7008
2324,仁寶,10,0,10,兆豐-三重,2023-12-05,7008
6547,高端疫苗,10,0,10,兆豐-三重,2023-12-05,7008
2330,台積電,9,0,9,兆豐-三重,2023-12-05,7008
2731,雄獅,10,1,9,兆豐-三重,2023-12-05,7008
3162,精確,10,1,9,兆豐-三重,2023-12-05,7008
4973,廣穎,11,2,9,兆豐-三重,2023-12-05,7008
6486,互動,9,0,9,兆豐-三重,2023-12-05,7008
8054,安國,20,11,9,兆豐-三重,2023-12-05,7008
3481,群創,14,6,8,兆豐-三重,2023-12-05,7008
3588,通嘉,8,0,8,兆豐-三重,2023-12-05,7008
6125,廣運,11,3,8,兆豐-三重,2023-12-05,7008
2615,萬海,14,7,7,兆豐-三重,2023-12-05,7008
3050,鈺德,14,7,7,兆豐-三重,2023-12-05,7008
2303,聯電,6,0,6,兆豐-三重,2023-12-05,7008
2344,華邦電,6,0,6,兆豐-三重,2023-12-05,7008
3046,建��,6,0,6,兆豐-三重,2023-12-05,7008
3515,華擎,6,0,6,兆豐-三重,2023-12-05,7008
00922,國泰台灣領袖50,5,0,5,兆豐-三重,2023-12-05,7008
1504,東元,6,1,5,兆豐-三重,2023-12-05,7008
00642U,期元大S＆P石油,5,0,5,兆豐-三重,2023-12-05,7008
1536,和大,5,0,5,兆豐-三重,2023-12-05,7008
1565,精華,5,0,5,兆豐-三重,2023-12-05,7008
1614,三洋電,5,0,5,兆豐-三重,2023-12-05,7008
2027,大成鋼,6,1,5,兆豐-三重,2023-12-05,7008
2204,中華,5,0,5,兆豐-三重,2023-12-05,7008
2349,錸德,5,0,5,兆豐-三重,2023-12-05,7008
0056,元大高股息,201,5,196,兆豐-三重,2023-12-06,7008
00923,群益台ESG低碳50,61,2,59,兆豐-三重,2023-12-06,7008
1504,東元,63,18,45,兆豐-三重,2023-12-06,7008
5864,致和證,30,0,30,兆豐-三重,2023-12-06,7008
00937B,群益ESG投等債20,53,25,28,兆豐-三重,2023-12-06,7008
1781,合世,23,0,23,兆豐-三重,2023-12-06,7008
5210,寶碩,63,40,23,兆豐-三重,2023-12-06,7008
2303,聯電,17,0,17,兆豐-三重,2023-12-06,7008
2329,華泰,27,11,16,兆豐-三重,2023-12-06,7008
1319,東陽,28,13,15,兆豐-三重,2023-12-06,7008
1618,合機,26,11,15,兆豐-三重,2023-12-06,7008
6547,高端疫苗,18,3,15,兆豐-三重,2023-12-06,7008
3715,定穎投控,23,8,15,兆豐-三重,2023-12-06,7008
00642U,期元大S＆P石油,13,0,13,兆豐-三重,2023-12-06,7008
1514,亞力,61,48,13,兆豐-三重,2023-12-06,7008
2453,凌群,12,0,12,兆豐-三重,2023-12-06,7008
3041,揚智,14,2,12,兆豐-三重,2023-12-06,7008
00712,復華富時不動產,12,1,11,兆豐-三重,2023-12-06,7008
6213,聯茂,14,3,11,兆豐-三重,2023-12-06,7008
2489,瑞軒,10,0,10,兆豐-三重,2023-12-06,7008
3088,艾訊,10,0,10,兆豐-三重,2023-12-06,7008
4806,桂田文創,10,0,10,兆豐-三重,2023-12-06,7008
6117,迎廣,14,4,10,兆豐-三重,2023-12-06,7008
8176,智捷,10,0,10,兆豐-三重,2023-12-06,7008
2331,精英,10,1,9,兆豐-三重,2023-12-06,7008
1589,永冠-KY,14,5,9,兆豐-三重,2023-12-06,7008
6643,M31,12,3,9,兆豐-三重,2023-12-06,7008
8044,網家,9,0,9,兆豐-三重,2023-12-06,7008
8070,長華*,9,0,9,兆豐-三重,2023-12-06,7008
2344,華邦電,9,0,9,兆豐-三重,2023-12-06,7008
6104,創惟,10,2,8,兆豐-三重,2023-12-06,7008
1519,華城,35,28,7,兆豐-三重,2023-12-06,7008
1513,中興電,28,21,7,兆豐-三重,2023-12-06,7008
2421,建準,15,8,7,兆豐-三重,2023-12-06,7008
2425,承啟,16,9,7,兆豐-三重,2023-12-06,7008
5347,世界,9,2,7,兆豐-三重,2023-12-06,7008
6122,擎邦,9,2,7,兆豐-三重,2023-12-06,7008
2317,鴻海,6,0,6,兆豐-三重,2023-12-06,7008
00933B,國泰10Y+金融債,6,0,6,兆豐-三重,2023-12-06,7008
1721,三晃,6,0,6,兆豐-三重,2023-12-06,7008
2367,燿華,49,43,6,兆豐-三重,2023-12-06,7008
2402,毅嘉,9,3,6,兆豐-三重,2023-12-06,7008
6173,信昌電,7,1,6,兆豐-三重,2023-12-06,7008
6531,愛普*,7,1,6,兆豐-三重,2023-12-06,7008
00878,國泰永續高股息,6,0,6,兆豐-三重,2023-12-06,7008
1471,首利,5,0,5,兆豐-三重,2023-12-06,7008
1409,新纖,5,0,5,兆豐-三重,2023-12-06,7008
00850,元大臺灣ESG永續,5,0,5,兆豐-三重,2023-12-06,7008
00720B,元大投資級公司債,5,0,5,兆豐-三重,2023-12-06,7008
00636,國泰中國A50,5,0,5,兆豐-三重,2023-12-06,7008
00937B,群益ESG投等債20,126,48,78,兆豐-三重,2023-12-07,7008
00919,群益台灣精選高息,77,2,75,兆豐-三重,2023-12-07,7008
00923,群益台ESG低碳50,56,0,56,兆豐-三重,2023-12-07,7008
2618,長榮航,173,120,53,兆豐-三重,2023-12-07,7008
2889,國票金,50,0,50,兆豐-三重,2023-12-07,7008
3715,定穎投控,47,7,40,兆豐-三重,2023-12-07,7008
1781,合世,37,0,37,兆豐-三重,2023-12-07,7008
3706,神達,39,2,37,兆豐-三重,2023-12-07,7008
1609,大亞,46,13,33,兆豐-三重,2023-12-07,7008
2882,國泰金,31,0,31,兆豐-三重,2023-12-07,7008
2399,映泰,31,6,25,兆豐-三重,2023-12-07,7008
2303,聯電,26,3,23,兆豐-三重,2023-12-07,7008
00642U,期元大S＆P石油,22,0,22,兆豐-三重,2023-12-07,7008
2354,鴻準,22,0,22,兆豐-三重,2023-12-07,7008
1522,堤維西,29,13,16,兆豐-三重,2023-12-07,7008
2337,旺宏,15,0,15,兆豐-三重,2023-12-07,7008
3287,廣寰科,15,0,15,兆豐-三重,2023-12-07,7008
8011,台通,17,2,15,兆豐-三重,2023-12-07,7008
5210,寶碩,44,30,14,兆豐-三重,2023-12-07,7008
00720B,元大投資級公司債,13,0,13,兆豐-三重,2023-12-07,7008
00715L,期街口布蘭特正2,13,0,13,兆豐-三重,2023-12-07,7008
1614,三洋電,13,0,13,兆豐-三重,2023-12-07,7008
3305,昇貿,12,0,12,兆豐-三重,2023-12-07,7008
6243,迅杰,17,5,12,兆豐-三重,2023-12-07,7008
1310,台苯,10,0,10,兆豐-三重,2023-12-07,7008
00882,中信中國高股息,10,0,10,兆豐-三重,2023-12-07,7008
1536,和大,13,3,10,兆豐-三重,2023-12-07,7008
1603,華電,11,1,10,兆豐-三重,2023-12-07,7008
2358,廷鑫,10,0,10,兆豐-三重,2023-12-07,7008
2405,輔信,10,0,10,兆豐-三重,2023-12-07,7008
4806,桂田文創,10,0,10,兆豐-三重,2023-12-07,7008
6126,信音,10,0,10,兆豐-三重,2023-12-07,7008
6282,康舒,15,5,10,兆豐-三重,2023-12-07,7008
9945,潤泰新,10,0,10,兆豐-三重,2023-12-07,7008
1605,華新,49,39,10,兆豐-三重,2023-12-07,7008
1519,華城,27,18,9,兆豐-三重,2023-12-07,7008
2367,燿華,14,5,9,兆豐-三重,2023-12-07,7008
2425,承啟,15,6,9,兆豐-三重,2023-12-07,7008
3035,智原,23,14,9,兆豐-三重,2023-12-07,7008
8054,安國,54,45,9,兆豐-三重,2023-12-07,7008
2637,慧洋-KY,8,0,8,兆豐-三重,2023-12-07,7008
3044,健鼎,8,0,8,兆豐-三重,2023-12-07,7008
00878,國泰永續高股息,7,0,7,兆豐-三重,2023-12-07,7008
2363,矽統,7,0,7,兆豐-三重,2023-12-07,7008
2374,佳能,7,0,7,兆豐-三重,2023-12-07,7008
3013,晟銘電,9,2,7,兆豐-三重,2023-12-07,7008
2206,三陽工業,6,0,6,兆豐-三重,2023-12-07,7008
2208,台船,6,0,6,兆豐-三重,2023-12-07,7008
2516,新建,6,0,6,兆豐-三重,2023-12-07,7008
2739,寒舍,6,0,6,兆豐-三重,2023-12-07,7008
00919,群益台灣精選高息,164,3,161,兆豐-三重,2023-12-08,7008
3484,崧騰,70,0,70,兆豐-三重,2023-12-08,7008
2314,台揚,57,0,57,兆豐-三重,2023-12-08,7008
00882,中信中國高股息,50,0,50,兆豐-三重,2023-12-08,7008
1609,大亞,54,12,42,兆豐-三重,2023-12-08,7008
3231,緯創,91,52,39,兆豐-三重,2023-12-08,7008
1101,台泥,30,0,30,兆豐-三重,2023-12-08,7008
00934,中信成長高股息,30,0,30,兆豐-三重,2023-12-08,7008
00929,復華台灣科技優息,25,0,25,兆豐-三重,2023-12-08,7008
9945,潤泰新,22,0,22,兆豐-三重,2023-12-08,7008
2330,台積電,27,6,21,兆豐-三重,2023-12-08,7008
1605,華新,21,0,21,兆豐-三重,2023-12-08,7008
00933B,國泰10Y+金融債,25,5,20,兆豐-三重,2023-12-08,7008
00753L,中信中國50正2,20,0,20,兆豐-三重,2023-12-08,7008
2104,國際中橡,16,0,16,兆豐-三重,2023-12-08,7008
2399,映泰,15,0,15,兆豐-三重,2023-12-08,7008
5210,寶碩,15,0,15,兆豐-三重,2023-12-08,7008
2208,台船,11,0,11,兆豐-三重,2023-12-08,7008
4533,協易機,13,2,11,兆豐-三重,2023-12-08,7008
00632R,元大台灣50反1,10,0,10,兆豐-三重,2023-12-08,7008
1316,上曜,10,0,10,兆豐-三重,2023-12-08,7008
1536,和大,10,0,10,兆豐-三重,2023-12-08,7008
2344,華邦電,11,1,10,兆豐-三重,2023-12-08,7008
2367,燿華,12,2,10,兆豐-三重,2023-12-08,7008
2601,益航,15,5,10,兆豐-三重,2023-12-08,7008
2606,裕民,11,1,10,兆豐-三重,2023-12-08,7008
3006,晶豪科,12,2,10,兆豐-三重,2023-12-08,7008
3062,建漢,10,0,10,兆豐-三重,2023-12-08,7008
4167,松瑞藥,11,1,10,兆豐-三重,2023-12-08,7008
5452,佶優,10,0,10,兆豐-三重,2023-12-08,7008
6140,訊達,10,0,10,兆豐-三重,2023-12-08,7008
8021,尖點,10,0,10,兆豐-三重,2023-12-08,7008
2449,京元電子,12,3,9,兆豐-三重,2023-12-08,7008
2739,寒舍,8,0,8,兆豐-三重,2023-12-08,7008
4743,合一,8,0,8,兆豐-三重,2023-12-08,7008
1513,中興電,32,25,7,兆豐-三重,2023-12-08,7008
1321,大洋,7,0,7,兆豐-三重,2023-12-08,7008
2425,承啟,12,5,7,兆豐-三重,2023-12-08,7008
3346,麗清,7,0,7,兆豐-三重,2023-12-08,7008
8155,博智,14,7,7,兆豐-三重,2023-12-08,7008
2641,正德,14,8,6,兆豐-三重,2023-12-08,7008
2889,國票金,6,0,6,兆豐-三重,2023-12-08,7008
1310,台苯,5,0,5,兆豐-三重,2023-12-08,7008
2349,錸德,5,0,5,兆豐-三重,2023-12-08,7008
2465,麗臺,6,1,5,兆豐-三重,2023-12-08,7008
2482,連宇,5,0,5,兆豐-三重,2023-12-08,7008
3234,光環,6,1,5,兆豐-三重,2023-12-08,7008
3324,雙鴻,9,4,5,兆豐-三重,2023-12-08,7008
4207,環泰,5,0,5,兆豐-三重,2023-12-08,7008
5521,工信,5,0,5,兆豐-三重,2023-12-08,7008
00919,群益台灣精選高息,213,85,128,兆豐-三重,2023-12-11,7008
00929,復華台灣科技優息,85,5,80,兆豐-三重,2023-12-11,7008
2618,長榮航,118,63,55,兆豐-三重,2023-12-11,7008
2485,兆赫,45,0,45,兆豐-三重,2023-12-11,7008
2002,中鋼,47,6,41,兆豐-三重,2023-12-11,7008
00715L,期街口布蘭特正2,40,0,40,兆豐-三重,2023-12-11,7008
00687B,國泰20年美債,35,1,34,兆豐-三重,2023-12-11,7008
5521,工信,35,7,28,兆豐-三重,2023-12-11,7008
2498,宏達電,26,0,26,兆豐-三重,2023-12-11,7008
00688L,國泰20年美債正2,23,0,23,兆豐-三重,2023-12-11,7008
2897,王道銀行,30,10,20,兆豐-三重,2023-12-11,7008
3710,連展投控,20,0,20,兆豐-三重,2023-12-11,7008
00937B,群益ESG投等債20,19,0,19,兆豐-三重,2023-12-11,7008
2605,新興,19,0,19,兆豐-三重,2023-12-11,7008
3207,耀勝,19,0,19,兆豐-三重,2023-12-11,7008
1524,耿鼎,44,27,17,兆豐-三重,2023-12-11,7008
2359,所羅門,18,1,17,兆豐-三重,2023-12-11,7008
1609,大亞,57,40,17,兆豐-三重,2023-12-11,7008
0056,元大高股息,17,1,16,兆豐-三重,2023-12-11,7008
00882,中信中國高股息,16,0,16,兆豐-三重,2023-12-11,7008
2317,鴻海,37,22,15,兆豐-三重,2023-12-11,7008
6282,康舒,31,17,14,兆豐-三重,2023-12-11,7008
1321,大洋,13,0,13,兆豐-三重,2023-12-11,7008
4167,松瑞藥,13,0,13,兆豐-三重,2023-12-11,7008
3376,新日興,12,0,12,兆豐-三重,2023-12-11,7008
1504,東元,11,0,11,兆豐-三重,2023-12-11,7008
00679B,元大美債20年,10,0,10,兆豐-三重,2023-12-11,7008
1514,亞力,51,41,10,兆豐-三重,2023-12-11,7008
2731,雄獅,10,0,10,兆豐-三重,2023-12-11,7008
4806,桂田文創,10,0,10,兆豐-三重,2023-12-11,7008
5210,寶碩,10,0,10,兆豐-三重,2023-12-11,7008
6829,千附精密,10,0,10,兆豐-三重,2023-12-11,7008
8085,福華,10,0,10,兆豐-三重,2023-12-11,7008
6593,台灣銘板,15,5,10,兆豐-三重,2023-12-11,7008
00918,大華優利高填息30,20,11,9,兆豐-三重,2023-12-11,7008
9938,百和,9,0,9,兆豐-三重,2023-12-11,7008
2743,山富,8,0,8,兆豐-三重,2023-12-11,7008
3163,波若威,11,3,8,兆豐-三重,2023-12-11,7008
3715,定穎投控,11,3,8,兆豐-三重,2023-12-11,7008
6584,南俊國際,8,0,8,兆豐-三重,2023-12-11,7008
2388,威盛,16,9,7,兆豐-三重,2023-12-11,7008
2457,飛宏,7,0,7,兆豐-三重,2023-12-11,7008
6684,安格,13,6,7,兆豐-三重,2023-12-11,7008
3078,僑威,6,0,6,兆豐-三重,2023-12-11,7008
1515,力山,6,0,6,兆豐-三重,2023-12-11,7008
2313,華通,9,3,6,兆豐-三重,2023-12-11,7008
2421,建準,7,1,6,兆豐-三重,2023-12-11,7008
6492,生華科,6,0,6,兆豐-三重,2023-12-11,7008
5464,霖宏,6,0,6,兆豐-三重,2023-12-11,7008
1310,台苯,5,0,5,兆豐-三重,2023-12-11,7008
00919,群益台灣精選高息,293,105,188,兆豐-三重,2023-12-12,7008
2618,長榮航,88,15,73,兆豐-三重,2023-12-12,7008
00937B,群益ESG投等債20,58,3,55,兆豐-三重,2023-12-12,7008
00929,復華台灣科技優息,79,35,44,兆豐-三重,2023-12-12,7008
00918,大華優利高填息30,43,0,43,兆豐-三重,2023-12-12,7008
3231,緯創,35,0,35,兆豐-三重,2023-12-12,7008
00688L,國泰20年美債正2,24,0,24,兆豐-三重,2023-12-12,7008
1321,大洋,21,0,21,兆豐-三重,2023-12-12,7008
8096,擎亞,91,70,21,兆豐-三重,2023-12-12,7008
00878,國泰永續高股息,32,11,21,兆豐-三重,2023-12-12,7008
00680L,元大美債20正2,20,0,20,兆豐-三重,2023-12-12,7008
1324,地球,20,0,20,兆豐-三重,2023-12-12,7008
1718,中纖,20,0,20,兆豐-三重,2023-12-12,7008
4414,如興,20,0,20,兆豐-三重,2023-12-12,7008
1524,耿鼎,54,36,18,兆豐-三重,2023-12-12,7008
1449,佳和,15,0,15,兆豐-三重,2023-12-12,7008
2615,萬海,18,3,15,兆豐-三重,2023-12-12,7008
1584,精剛,23,9,14,兆豐-三重,2023-12-12,7008
6237,驊訊,11,0,11,兆豐-三重,2023-12-12,7008
8011,台通,34,23,11,兆豐-三重,2023-12-12,7008
2363,矽統,29,18,11,兆豐-三重,2023-12-12,7008
1519,華城,17,7,10,兆豐-三重,2023-12-12,7008
2392,正崴,18,8,10,兆豐-三重,2023-12-12,7008
3276,宇環,10,0,10,兆豐-三重,2023-12-12,7008
3338,泰碩,10,0,10,兆豐-三重,2023-12-12,7008
3673,TPK-KY,10,0,10,兆豐-三重,2023-12-12,7008
5210,寶碩,10,0,10,兆豐-三重,2023-12-12,7008
6243,迅杰,10,0,10,兆豐-三重,2023-12-12,7008
5426,振發,17,8,9,兆豐-三重,2023-12-12,7008
5907,大洋-KY,9,0,9,兆豐-三重,2023-12-12,7008
8034,榮群,21,12,9,兆豐-三重,2023-12-12,7008
5011,久陽,9,1,8,兆豐-三重,2023-12-12,7008
6125,廣運,9,2,7,兆豐-三重,2023-12-12,7008
2465,麗臺,9,3,6,兆豐-三重,2023-12-12,7008
3324,雙鴻,7,1,6,兆豐-三重,2023-12-12,7008
6829,千附精密,16,10,6,兆豐-三重,2023-12-12,7008
8054,安國,35,29,6,兆豐-三重,2023-12-12,7008
9938,百和,6,0,6,兆豐-三重,2023-12-12,7008
1310,台苯,5,0,5,兆豐-三重,2023-12-12,7008
1536,和大,5,0,5,兆豐-三重,2023-12-12,7008
2419,仲琦,7,2,5,兆豐-三重,2023-12-12,7008
3078,僑威,7,2,5,兆豐-三重,2023-12-12,7008
3122,笙泉,5,0,5,兆豐-三重,2023-12-12,7008
5324,士開,5,0,5,兆豐-三重,2023-12-12,7008
5536,聖暉*,8,3,5,兆豐-三重,2023-12-12,7008
6116,彩晶,5,0,5,兆豐-三重,2023-12-12,7008
6217,中探針,5,0,5,兆豐-三重,2023-12-12,7008
6282,康舒,5,0,5,兆豐-三重,2023-12-12,7008
8201,無敵,5,0,5,兆豐-三重,2023-12-12,7008
0056,元大高股息,11,7,4,兆豐-三重,2023-12-12,7008
00919,群益台灣精選高息,688,205,483,兆豐-三重,2023-12-13,7008
5880,合庫金,100,3,97,兆豐-三重,2023-12-13,7008
3376,新日興,73,3,70,兆豐-三重,2023-12-13,7008
00933B,國泰10Y+金融債,50,2,48,兆豐-三重,2023-12-13,7008
00923,群益台ESG低碳50,44,0,44,兆豐-三重,2023-12-13,7008
00937B,群益ESG投等債20,42,5,37,兆豐-三重,2023-12-13,7008
00882,中信中國高股息,35,0,35,兆豐-三重,2023-12-13,7008
00918,大華優利高填息30,32,0,32,兆豐-三重,2023-12-13,7008
2443,昶虹,27,0,27,兆豐-三重,2023-12-13,7008
1809,中釉,25,0,25,兆豐-三重,2023-12-13,7008
00929,復華台灣科技優息,31,8,23,兆豐-三重,2023-12-13,7008
00753L,中信中國50正2,20,0,20,兆豐-三重,2023-12-13,7008
3047,訊舟,20,0,20,兆豐-三重,2023-12-13,7008
3479,安勤,21,1,20,兆豐-三重,2023-12-13,7008
1609,大亞,21,2,19,兆豐-三重,2023-12-13,7008
6134,萬旭,17,0,17,兆豐-三重,2023-12-13,7008
2402,毅嘉,21,5,16,兆豐-三重,2023-12-13,7008
2392,正崴,16,1,15,兆豐-三重,2023-12-13,7008
2104,國際中橡,13,0,13,兆豐-三重,2023-12-13,7008
6488,環球晶,13,0,13,兆豐-三重,2023-12-13,7008
2002,中鋼,24,12,12,兆豐-三重,2023-12-13,7008
8011,台通,19,7,12,兆豐-三重,2023-12-13,7008
3035,智原,26,15,11,兆豐-三重,2023-12-13,7008
2353,宏��,20,9,11,兆豐-三重,2023-12-13,7008
2615,萬海,11,0,11,兆豐-三重,2023-12-13,7008
5523,豐謙,11,0,11,兆豐-三重,2023-12-13,7008
1582,信錦,10,0,10,兆豐-三重,2023-12-13,7008
8034,榮群,10,0,10,兆豐-三重,2023-12-13,7008
2610,華航,9,0,9,兆豐-三重,2023-12-13,7008
3437,榮創,40,31,9,兆豐-三重,2023-12-13,7008
4933,友輝,16,7,9,兆豐-三重,2023-12-13,7008
9105,泰金寶-DR,8,0,8,兆豐-三重,2023-12-13,7008
00715L,期街口布蘭特正2,8,0,8,兆豐-三重,2023-12-13,7008
2618,長榮航,22,15,7,兆豐-三重,2023-12-13,7008
3623,富晶通,8,1,7,兆豐-三重,2023-12-13,7008
6125,廣運,7,0,7,兆豐-三重,2023-12-13,7008
1101,台泥,10,4,6,兆豐-三重,2023-12-13,7008
1519,華城,14,8,6,兆豐-三重,2023-12-13,7008
2883,凱基金,6,0,6,兆豐-三重,2023-12-13,7008
3017,奇鋐,15,9,6,兆豐-三重,2023-12-13,7008
3540,曜越,6,0,6,兆豐-三重,2023-12-13,7008
1471,首利,5,0,5,兆豐-三重,2023-12-13,7008
00931B,統一美債20年,5,0,5,兆豐-三重,2023-12-13,7008
2362,藍天,5,0,5,兆豐-三重,2023-12-13,7008
2812,台中銀,5,0,5,兆豐-三重,2023-12-13,7008
3532,台勝科,5,0,5,兆豐-三重,2023-12-13,7008
5011,久陽,11,6,5,兆豐-三重,2023-12-13,7008
6416,瑞祺電通,5,0,5,兆豐-三重,2023-12-13,7008
00878,國泰永續高股息,11,6,5,兆豐-三重,2023-12-13,7008
1526,日馳,4,0,4,兆豐-三重,2023-12-13,7008
00632R,元大台灣50反1,238,0,238,兆豐-三重,2023-12-14,7008
00933B,國泰10Y+金融債,134,0,134,兆豐-三重,2023-12-14,7008
00929,復華台灣科技優息,116,5,111,兆豐-三重,2023-12-14,7008
00919,群益台灣精選高息,109,1,108,兆豐-三重,2023-12-14,7008
00937B,群益ESG投等債20,132,45,87,兆豐-三重,2023-12-14,7008
2636,台驊控股,36,0,36,兆豐-三重,2023-12-14,7008
2399,映泰,35,0,35,兆豐-三重,2023-12-14,7008
00753L,中信中國50正2,30,0,30,兆豐-三重,2023-12-14,7008
2515,中工,30,3,27,兆豐-三重,2023-12-14,7008
4763,材料-KY,24,0,24,兆豐-三重,2023-12-14,7008
2883,凱基金,128,105,23,兆豐-三重,2023-12-14,7008
8011,台通,33,10,23,兆豐-三重,2023-12-14,7008
020031,統一IC設計臺灣N,20,0,20,兆豐-三重,2023-12-14,7008
1618,合機,20,0,20,兆豐-三重,2023-12-14,7008
2852,第一保,20,0,20,兆豐-三重,2023-12-14,7008
00935,野村臺灣新科技50,20,1,19,兆豐-三重,2023-12-14,7008
6168,宏齊,25,7,18,兆豐-三重,2023-12-14,7008
00679B,元大美債20年,17,1,16,兆豐-三重,2023-12-14,7008
2201,裕隆,23,7,16,兆豐-三重,2023-12-14,7008
6150,撼訊,15,0,15,兆豐-三重,2023-12-14,7008
2606,裕民,15,0,15,兆豐-三重,2023-12-14,7008
3710,連展投控,15,0,15,兆豐-三重,2023-12-14,7008
1591,駿吉-KY,14,0,14,兆豐-三重,2023-12-14,7008
8201,無敵,17,4,13,兆豐-三重,2023-12-14,7008
00921,兆豐龍頭等權重,12,0,12,兆豐-三重,2023-12-14,7008
3450,聯鈞,13,1,12,兆豐-三重,2023-12-14,7008
2329,華泰,12,0,12,兆豐-三重,2023-12-14,7008
2731,雄獅,11,0,11,兆豐-三重,2023-12-14,7008
8054,安國,14,3,11,兆豐-三重,2023-12-14,7008
1319,東陽,10,0,10,兆豐-三重,2023-12-14,7008
2323,中環,11,1,10,兆豐-三重,2023-12-14,7008
6789,采鈺,18,8,10,兆豐-三重,2023-12-14,7008
00915,凱基優選高股息30,10,1,9,兆豐-三重,2023-12-14,7008
3290,東浦,9,0,9,兆豐-三重,2023-12-14,7008
8068,全達,43,34,9,兆豐-三重,2023-12-14,7008
1781,合世,8,0,8,兆豐-三重,2023-12-14,7008
2365,昆盈,26,18,8,兆豐-三重,2023-12-14,7008
2408,南亞科,8,0,8,兆豐-三重,2023-12-14,7008
2609,陽明,15,7,8,兆豐-三重,2023-12-14,7008
2419,仲琦,7,0,7,兆豐-三重,2023-12-14,7008
3051,力特,13,6,7,兆豐-三重,2023-12-14,7008
6770,力積電,10,3,7,兆豐-三重,2023-12-14,7008
2615,萬海,6,0,6,兆豐-三重,2023-12-14,7008
3122,笙泉,6,0,6,兆豐-三重,2023-12-14,7008
2409,友達,5,0,5,兆豐-三重,2023-12-14,7008
2605,新興,9,4,5,兆豐-三重,2023-12-14,7008
4807,日成-KY,6,1,5,兆豐-三重,2023-12-14,7008
4967,十銓,7,2,5,兆豐-三重,2023-12-14,7008
5222,全訊,5,0,5,兆豐-三重,2023-12-14,7008
5523,豐謙,5,0,5,兆豐-三重,2023-12-14,7008
2515,中工,351,28,323,兆豐-三重,2023-12-15,7008
1309,台達化,60,0,60,兆豐-三重,2023-12-15,7008
3231,緯創,64,4,60,兆豐-三重,2023-12-15,7008
1531,高林股,45,0,45,兆豐-三重,2023-12-15,7008
00878,國泰永續高股息,35,0,35,兆豐-三重,2023-12-15,7008
9958,世紀鋼,42,10,32,兆豐-三重,2023-12-15,7008
00687B,國泰20年美債,29,1,28,兆豐-三重,2023-12-15,7008
2498,宏達電,26,0,26,兆豐-三重,2023-12-15,7008
2356,英業達,562,540,22,兆豐-三重,2023-12-15,7008
8011,台通,21,0,21,兆豐-三重,2023-12-15,7008
00915,凱基優選高股息30,19,0,19,兆豐-三重,2023-12-15,7008
2399,映泰,15,0,15,兆豐-三重,2023-12-15,7008
3217,優群,15,0,15,兆豐-三重,2023-12-15,7008
6658,聯策,15,0,15,兆豐-三重,2023-12-15,7008
3234,光環,14,0,14,兆豐-三重,2023-12-15,7008
3290,東浦,14,0,14,兆豐-三重,2023-12-15,7008
6233,旺玖,15,1,14,兆豐-三重,2023-12-15,7008
8299,群聯,14,0,14,兆豐-三重,2023-12-15,7008
2892,第一金,13,0,13,兆豐-三重,2023-12-15,7008
3207,耀勝,13,0,13,兆豐-三重,2023-12-15,7008
00929,復華台灣科技優息,43,31,12,兆豐-三重,2023-12-15,7008
1710,東聯,11,0,11,兆豐-三重,2023-12-15,7008
2009,第一銅,12,1,11,兆豐-三重,2023-12-15,7008
3499,環天科,11,0,11,兆豐-三重,2023-12-15,7008
1102,亞泥,10,0,10,兆豐-三重,2023-12-15,7008
00632R,元大台灣50反1,10,0,10,兆豐-三重,2023-12-15,7008
1524,耿鼎,13,3,10,兆豐-三重,2023-12-15,7008
2405,輔信,10,0,10,兆豐-三重,2023-12-15,7008
2820,華票,10,0,10,兆豐-三重,2023-12-15,7008
2630,亞航,9,0,9,兆豐-三重,2023-12-15,7008
6143,振曜,9,0,9,兆豐-三重,2023-12-15,7008
00688L,國泰20年美債正2,10,2,8,兆豐-三重,2023-12-15,7008
1513,中興電,8,0,8,兆豐-三重,2023-12-15,7008
2353,宏��,10,2,8,兆豐-三重,2023-12-15,7008
2457,飛宏,11,3,8,兆豐-三重,2023-12-15,7008
3029,零壹,8,0,8,兆豐-三重,2023-12-15,7008
6257,矽格,10,2,8,兆豐-三重,2023-12-15,7008
6282,康舒,9,1,8,兆豐-三重,2023-12-15,7008
2449,京元電子,11,4,7,兆豐-三重,2023-12-15,7008
2465,麗臺,7,0,7,兆豐-三重,2023-12-15,7008
2313,華通,15,8,7,兆豐-三重,2023-12-15,7008
00679B,元大美債20年,17,11,6,兆豐-三重,2023-12-15,7008
00918,大華優利高填息30,16,10,6,兆豐-三重,2023-12-15,7008
1608,華榮,10,4,6,兆豐-三重,2023-12-15,7008
1903,士紙,6,0,6,兆豐-三重,2023-12-15,7008
2208,台船,7,1,6,兆豐-三重,2023-12-15,7008
4164,承業醫,6,0,6,兆豐-三重,2023-12-15,7008
5344,立衛,6,0,6,兆豐-三重,2023-12-15,7008
5439,高技,6,0,6,兆豐-三重,2023-12-15,7008
5536,聖暉*,6,0,6,兆豐-三重,2023-12-15,7008
00919,群益台灣精選高息,138,35,103,兆豐-三重,2023-12-18,7008
2618,長榮航,98,43,55,兆豐-三重,2023-12-18,7008
8011,台通,50,0,50,兆豐-三重,2023-12-18,7008
1605,華新,52,7,45,兆豐-三重,2023-12-18,7008
2603,長榮,50,7,43,兆豐-三重,2023-12-18,7008
020031,統一IC設計臺灣N,40,0,40,兆豐-三重,2023-12-18,7008
00934,中信成長高股息,50,10,40,兆豐-三重,2023-12-18,7008
00640L,富邦日本正2,38,0,38,兆豐-三重,2023-12-18,7008
2883,凱基金,36,0,36,兆豐-三重,2023-12-18,7008
1531,高林股,35,0,35,兆豐-三重,2023-12-18,7008
2206,三陽工業,28,0,28,兆豐-三重,2023-12-18,7008
1319,東陽,25,0,25,兆豐-三重,2023-12-18,7008
00688L,國泰20年美債正2,22,0,22,兆豐-三重,2023-12-18,7008
2062,橋椿,22,0,22,兆豐-三重,2023-12-18,7008
00665L,富邦�琤肭磪囓�2,20,0,20,兆豐-三重,2023-12-18,7008
1608,華榮,20,0,20,兆豐-三重,2023-12-18,7008
3715,定穎投控,42,27,15,兆豐-三重,2023-12-18,7008
2399,映泰,15,0,15,兆豐-三重,2023-12-18,7008
4563,百德,15,0,15,兆豐-三重,2023-12-18,7008
5607,遠雄港,15,0,15,兆豐-三重,2023-12-18,7008
2363,矽統,23,8,15,兆豐-三重,2023-12-18,7008
3231,緯創,19,5,14,兆豐-三重,2023-12-18,7008
2104,國際中橡,13,0,13,兆豐-三重,2023-12-18,7008
2388,威盛,21,9,12,兆豐-三重,2023-12-18,7008
3041,揚智,12,0,12,兆豐-三重,2023-12-18,7008
5608,四維航,11,0,11,兆豐-三重,2023-12-18,7008
00637L,元大滬深300正2,10,0,10,兆豐-三重,2023-12-18,7008
00671R,富邦NASDAQ反1,10,0,10,兆豐-三重,2023-12-18,7008
00751B,元大AAA至A公司債,10,0,10,兆豐-三重,2023-12-18,7008
2049,上銀,10,0,10,兆豐-三重,2023-12-18,7008
2101,南港,10,0,10,兆豐-三重,2023-12-18,7008
2105,正新,11,1,10,兆豐-三重,2023-12-18,7008
2610,華航,10,0,10,兆豐-三重,2023-12-18,7008
3088,艾訊,10,0,10,兆豐-三重,2023-12-18,7008
3324,雙鴻,12,2,10,兆豐-三重,2023-12-18,7008
3346,麗清,10,0,10,兆豐-三重,2023-12-18,7008
6916,華凌,10,0,10,兆豐-三重,2023-12-18,7008
1102,亞泥,9,0,9,兆豐-三重,2023-12-18,7008
2449,京元電子,9,0,9,兆豐-三重,2023-12-18,7008
9904,寶成,10,1,9,兆豐-三重,2023-12-18,7008
5864,致和證,9,0,9,兆豐-三重,2023-12-18,7008
00933B,國泰10Y+金融債,15,8,7,兆豐-三重,2023-12-18,7008
00918,大華優利高填息30,7,0,7,兆豐-三重,2023-12-18,7008
5536,聖暉*,7,0,7,兆豐-三重,2023-12-18,7008
6806,森崴能源,7,0,7,兆豐-三重,2023-12-18,7008
2367,燿華,6,0,6,兆豐-三重,2023-12-18,7008
2428,興勤,6,0,6,兆豐-三重,2023-12-18,7008
3499,環天科,16,10,6,兆豐-三重,2023-12-18,7008
5871,中租-KY,6,0,6,兆豐-三重,2023-12-18,7008
9958,世紀鋼,11,5,6,兆豐-三重,2023-12-18,7008
00679B,元大美債20年,150,0,150,兆豐-三重,2023-12-19,7008
5880,合庫金,100,0,100,兆豐-三重,2023-12-19,7008
2014,中鴻,119,26,93,兆豐-三重,2023-12-19,7008
2344,華邦電,92,2,90,兆豐-三重,2023-12-19,7008
00929,復華台灣科技優息,57,0,57,兆豐-三重,2023-12-19,7008
2356,英業達,124,78,46,兆豐-三重,2023-12-19,7008
1718,中纖,40,0,40,兆豐-三重,2023-12-19,7008
0056,元大高股息,41,4,37,兆豐-三重,2023-12-19,7008
2104,國際中橡,22,0,22,兆豐-三重,2023-12-19,7008
3715,定穎投控,23,2,21,兆豐-三重,2023-12-19,7008
00720B,元大投資級公司債,21,0,21,兆豐-三重,2023-12-19,7008
00688L,國泰20年美債正2,20,0,20,兆豐-三重,2023-12-19,7008
3290,東浦,19,0,19,兆豐-三重,2023-12-19,7008
00919,群益台灣精選高息,18,0,18,兆豐-三重,2023-12-19,7008
2883,凱基金,21,4,17,兆豐-三重,2023-12-19,7008
1609,大亞,16,0,16,兆豐-三重,2023-12-19,7008
2618,長榮航,17,2,15,兆豐-三重,2023-12-19,7008
2303,聯電,13,0,13,兆豐-三重,2023-12-19,7008
3231,緯創,35,22,13,兆豐-三重,2023-12-19,7008
5351,鈺創,16,3,13,兆豐-三重,2023-12-19,7008
2208,台船,11,0,11,兆豐-三重,2023-12-19,7008
2476,鉅祥,21,10,11,兆豐-三重,2023-12-19,7008
3689,湧德,11,0,11,兆豐-三重,2023-12-19,7008
00637L,元大滬深300正2,20,10,10,兆豐-三重,2023-12-19,7008
2324,仁寶,10,0,10,兆豐-三重,2023-12-19,7008
2399,映泰,10,0,10,兆豐-三重,2023-12-19,7008
6140,訊達,10,0,10,兆豐-三重,2023-12-19,7008
6282,康舒,10,0,10,兆豐-三重,2023-12-19,7008
2402,毅嘉,11,2,9,兆豐-三重,2023-12-19,7008
00915,凱基優選高股息30,8,0,8,兆豐-三重,2023-12-19,7008
2002,中鋼,10,2,8,兆豐-三重,2023-12-19,7008
2615,萬海,36,28,8,兆豐-三重,2023-12-19,7008
3532,台勝科,8,1,7,兆豐-三重,2023-12-19,7008
4121,優盛,7,0,7,兆豐-三重,2023-12-19,7008
00751B,元大AAA至A公司債,6,0,6,兆豐-三重,2023-12-19,7008
1102,亞泥,6,0,6,兆豐-三重,2023-12-19,7008
2482,連宇,14,8,6,兆豐-三重,2023-12-19,7008
6442,光聖,6,0,6,兆豐-三重,2023-12-19,7008
1213,大飲,5,0,5,兆豐-三重,2023-12-19,7008
1310,台苯,5,0,5,兆豐-三重,2023-12-19,7008
1319,東陽,5,0,5,兆豐-三重,2023-12-19,7008
1101,台泥,5,0,5,兆豐-三重,2023-12-19,7008
2105,正新,6,1,5,兆豐-三重,2023-12-19,7008
2258,鴻華先進-創,5,0,5,兆豐-三重,2023-12-19,7008
2439,美律,10,5,5,兆豐-三重,2023-12-19,7008
2465,麗臺,7,2,5,兆豐-三重,2023-12-19,7008
2634,漢翔,5,0,5,兆豐-三重,2023-12-19,7008
2888,新光金,5,0,5,兆豐-三重,2023-12-19,7008
3044,健鼎,5,0,5,兆豐-三重,2023-12-19,7008
3704,合勤控,7,2,5,兆豐-三重,2023-12-19,7008
00919,群益台灣精選高息,122,0,122,兆豐-三重,2023-12-20,7008
5880,合庫金,110,3,107,兆豐-三重,2023-12-20,7008
8076,伍豐,149,49,100,兆豐-三重,2023-12-20,7008
0056,元大高股息,80,5,75,兆豐-三重,2023-12-20,7008
2609,陽明,572,524,48,兆豐-三重,2023-12-20,7008
5521,工信,43,3,40,兆豐-三重,2023-12-20,7008
00637L,元大滬深300正2,20,0,20,兆豐-三重,2023-12-20,7008
2354,鴻準,20,0,20,兆豐-三重,2023-12-20,7008
2365,昆盈,22,2,20,兆豐-三重,2023-12-20,7008
2314,台揚,16,0,16,兆豐-三重,2023-12-20,7008
2303,聯電,18,2,16,兆豐-三重,2023-12-20,7008
2913,農林,12,0,12,兆豐-三重,2023-12-20,7008
3260,威剛,10,0,10,兆豐-三重,2023-12-20,7008
00680L,元大美債20正2,10,0,10,兆豐-三重,2023-12-20,7008
2387,精元,11,1,10,兆豐-三重,2023-12-20,7008
2399,映泰,10,0,10,兆豐-三重,2023-12-20,7008
8404,百和興業-KY,10,0,10,兆豐-三重,2023-12-20,7008
8477,創業家,10,0,10,兆豐-三重,2023-12-20,7008
2408,南亞科,9,0,9,兆豐-三重,2023-12-20,7008
2498,宏達電,12,3,9,兆豐-三重,2023-12-20,7008
9919,康那香,17,8,9,兆豐-三重,2023-12-20,7008
4967,十銓,9,1,8,兆豐-三重,2023-12-20,7008
00757,統一FANG+,10,2,8,兆豐-三重,2023-12-20,7008
3006,晶豪科,9,1,8,兆豐-三重,2023-12-20,7008
5351,鈺創,10,2,8,兆豐-三重,2023-12-20,7008
6156,松上,10,2,8,兆豐-三重,2023-12-20,7008
9958,世紀鋼,7,0,7,兆豐-三重,2023-12-20,7008
6691,洋基工程,7,0,7,兆豐-三重,2023-12-20,7008
1618,合機,6,0,6,兆豐-三重,2023-12-20,7008
2516,新建,6,0,6,兆豐-三重,2023-12-20,7008
3037,欣興,6,0,6,兆豐-三重,2023-12-20,7008
4961,天鈺,6,0,6,兆豐-三重,2023-12-20,7008
6208,日揚,6,0,6,兆豐-三重,2023-12-20,7008
4960,誠美材,6,0,6,兆豐-三重,2023-12-20,7008
00933B,國泰10Y+金融債,5,0,5,兆豐-三重,2023-12-20,7008
00636,國泰中國A50,5,0,5,兆豐-三重,2023-12-20,7008
1609,大亞,10,5,5,兆豐-三重,2023-12-20,7008
1732,毛寶,18,13,5,兆豐-三重,2023-12-20,7008
1734,杏輝,5,0,5,兆豐-三重,2023-12-20,7008
2388,威盛,10,5,5,兆豐-三重,2023-12-20,7008
2449,京元電子,6,1,5,兆豐-三重,2023-12-20,7008
2605,新興,5,0,5,兆豐-三重,2023-12-20,7008
2883,凱基金,5,0,5,兆豐-三重,2023-12-20,7008
2891,中信金,8,3,5,兆豐-三重,2023-12-20,7008
2892,第一金,7,2,5,兆豐-三重,2023-12-20,7008
5410,國眾,11,6,5,兆豐-三重,2023-12-20,7008
5426,振發,5,0,5,兆豐-三重,2023-12-20,7008
5607,遠雄港,10,5,5,兆豐-三重,2023-12-20,7008
9907,統一實,5,0,5,兆豐-三重,2023-12-20,7008
2454,聯發科,4,0,4,兆豐-三重,2023-12-20,7008
2330,台積電,78,0,78,兆豐-三重,2023-12-21,7008
2801,彰銀,50,0,50,兆豐-三重,2023-12-21,7008
2515,中工,87,44,43,兆豐-三重,2023-12-21,7008
00720B,元大投資級公司債,40,3,37,兆豐-三重,2023-12-21,7008
2356,英業達,141,105,36,兆豐-三重,2023-12-21,7008
2603,長榮,119,83,36,兆豐-三重,2023-12-21,7008
2312,金寶,35,0,35,兆豐-三重,2023-12-21,7008
3035,智原,27,2,25,兆豐-三重,2023-12-21,7008
2883,凱基金,21,0,21,兆豐-三重,2023-12-21,7008
00919,群益台灣精選高息,63,45,18,兆豐-三重,2023-12-21,7008
3266,昇陽,17,0,17,兆豐-三重,2023-12-21,7008
9919,康那香,54,37,17,兆豐-三重,2023-12-21,7008
1905,華紙,16,2,14,兆豐-三重,2023-12-21,7008
00929,復華台灣科技優息,18,6,12,兆豐-三重,2023-12-21,7008
00937B,群益ESG投等債20,12,0,12,兆豐-三重,2023-12-21,7008
1584,精剛,10,0,10,兆豐-三重,2023-12-21,7008
1605,華新,15,5,10,兆豐-三重,2023-12-21,7008
2365,昆盈,10,0,10,兆豐-三重,2023-12-21,7008
1314,中石化,9,0,9,兆豐-三重,2023-12-21,7008
1732,毛寶,24,15,9,兆豐-三重,2023-12-21,7008
2344,華邦電,19,10,9,兆豐-三重,2023-12-21,7008
5907,大洋-KY,9,0,9,兆豐-三重,2023-12-21,7008
2455,全新,8,0,8,兆豐-三重,2023-12-21,7008
2105,正新,12,4,8,兆豐-三重,2023-12-21,7008
3044,健鼎,8,0,8,兆豐-三重,2023-12-21,7008
3346,麗清,13,5,8,兆豐-三重,2023-12-21,7008
4114,健喬,8,0,8,兆豐-三重,2023-12-21,7008
6443,元晶,8,0,8,兆豐-三重,2023-12-21,7008
1718,中纖,8,0,8,兆豐-三重,2023-12-21,7008
1591,駿吉-KY,7,0,7,兆豐-三重,2023-12-21,7008
2331,精英,15,8,7,兆豐-三重,2023-12-21,7008
8444,綠河-KY,7,0,7,兆豐-三重,2023-12-21,7008
2303,聯電,28,21,7,兆豐-三重,2023-12-21,7008
1522,堤維西,8,2,6,兆豐-三重,2023-12-21,7008
2317,鴻海,16,10,6,兆豐-三重,2023-12-21,7008
3588,通嘉,8,2,6,兆豐-三重,2023-12-21,7008
9103,美德醫療-DR,6,0,6,兆豐-三重,2023-12-21,7008
6593,台灣銘板,5,0,5,兆豐-三重,2023-12-21,7008
00671R,富邦NASDAQ反1,5,0,5,兆豐-三重,2023-12-21,7008
00712,復華富時不動產,5,0,5,兆豐-三重,2023-12-21,7008
00882,中信中國高股息,5,0,5,兆豐-三重,2023-12-21,7008
1102,亞泥,5,0,5,兆豐-三重,2023-12-21,7008
00935,野村臺灣新科技50,5,0,5,兆豐-三重,2023-12-21,7008
1471,首利,5,0,5,兆豐-三重,2023-12-21,7008
1582,信錦,5,0,5,兆豐-三重,2023-12-21,7008
1734,杏輝,5,0,5,兆豐-三重,2023-12-21,7008
2208,台船,5,0,5,兆豐-三重,2023-12-21,7008
3041,揚智,5,0,5,兆豐-三重,2023-12-21,7008
3207,耀勝,5,0,5,兆豐-三重,2023-12-21,7008
5222,全訊,5,0,5,兆豐-三重,2023-12-21,7008
0056,元大高股息,113,0,113,兆豐-三重,2023-12-22,7008
2515,中工,84,16,68,兆豐-三重,2023-12-22,7008
00919,群益台灣精選高息,58,6,52,兆豐-三重,2023-12-22,7008
1718,中纖,47,0,47,兆豐-三重,2023-12-22,7008
2609,陽明,337,290,47,兆豐-三重,2023-12-22,7008
2412,中華電,119,75,44,兆豐-三重,2023-12-22,7008
6116,彩晶,53,10,43,兆豐-三重,2023-12-22,7008
00680L,元大美債20正2,32,0,32,兆豐-三重,2023-12-22,7008
00688L,國泰20年美債正2,27,0,27,兆豐-三重,2023-12-22,7008
1810,和成,27,0,27,兆豐-三重,2023-12-22,7008
5607,遠雄港,21,0,21,兆豐-三重,2023-12-22,7008
2027,大成鋼,15,0,15,兆豐-三重,2023-12-22,7008
2105,正新,31,16,15,兆豐-三重,2023-12-22,7008
3317,尼克森,24,10,14,兆豐-三重,2023-12-22,7008
2449,京元電子,17,6,11,兆豐-三重,2023-12-22,7008
00882,中信中國高股息,10,0,10,兆豐-三重,2023-12-22,7008
1310,台苯,10,0,10,兆豐-三重,2023-12-22,7008
1781,合世,10,0,10,兆豐-三重,2023-12-22,7008
2337,旺宏,10,0,10,兆豐-三重,2023-12-22,7008
2408,南亞科,90,80,10,兆豐-三重,2023-12-22,7008
3588,通嘉,10,0,10,兆豐-三重,2023-12-22,7008
8096,擎亞,10,0,10,兆豐-三重,2023-12-22,7008
00933B,國泰10Y+金融債,9,0,9,兆豐-三重,2023-12-22,7008
1321,大洋,9,0,9,兆豐-三重,2023-12-22,7008
00751B,元大AAA至A公司債,9,0,9,兆豐-三重,2023-12-22,7008
00720B,元大投資級公司債,9,0,9,兆豐-三重,2023-12-22,7008
2636,台驊控股,13,4,9,兆豐-三重,2023-12-22,7008
6456,GIS-KY,9,0,9,兆豐-三重,2023-12-22,7008
2606,裕民,10,2,8,兆豐-三重,2023-12-22,7008
2313,華通,15,7,8,兆豐-三重,2023-12-22,7008
2355,敬鵬,8,0,8,兆豐-三重,2023-12-22,7008
6667,信紘科,8,0,8,兆豐-三重,2023-12-22,7008
2324,仁寶,21,14,7,兆豐-三重,2023-12-22,7008
2913,農林,7,0,7,兆豐-三重,2023-12-22,7008
3266,昇陽,7,0,7,兆豐-三重,2023-12-22,7008
6243,迅杰,11,4,7,兆豐-三重,2023-12-22,7008
00931B,統一美債20年,6,0,6,兆豐-三重,2023-12-22,7008
3483,力致,6,0,6,兆豐-三重,2023-12-22,7008
3715,定穎投控,7,1,6,兆豐-三重,2023-12-22,7008
6488,環球晶,6,0,6,兆豐-三重,2023-12-22,7008
8105,凌巨,6,0,6,兆豐-三重,2023-12-22,7008
9941,裕融,6,0,6,兆豐-三重,2023-12-22,7008
3532,台勝科,8,3,5,兆豐-三重,2023-12-22,7008
1229,聯華,5,0,5,兆豐-三重,2023-12-22,7008
1326,台化,5,0,5,兆豐-三重,2023-12-22,7008
1808,潤隆,5,0,5,兆豐-三重,2023-12-22,7008
2387,精元,5,0,5,兆豐-三重,2023-12-22,7008
2883,凱基金,5,0,5,兆豐-三重,2023-12-22,7008
3041,揚智,5,0,5,兆豐-三重,2023-12-22,7008
3046,建��,5,0,5,兆豐-三重,2023-12-22,7008
0056,元大高股息,163,14,149,兆豐-三重,2023-12-25,7008
2356,英業達,218,120,98,兆豐-三重,2023-12-25,7008
2344,華邦電,93,0,93,兆豐-三重,2023-12-25,7008
2609,陽明,102,16,86,兆豐-三重,2023-12-25,7008
1718,中纖,40,6,34,兆豐-三重,2023-12-25,7008
1519,華城,35,3,32,兆豐-三重,2023-12-25,7008
00632R,元大台灣50反1,30,0,30,兆豐-三重,2023-12-25,7008
3376,新日興,35,7,28,兆豐-三重,2023-12-25,7008
9105,泰金寶-DR,22,0,22,兆豐-三重,2023-12-25,7008
3141,晶宏,24,4,20,兆豐-三重,2023-12-25,7008
00688L,國泰20年美債正2,20,2,18,兆豐-三重,2023-12-25,7008
00933B,國泰10Y+金融債,16,0,16,兆豐-三重,2023-12-25,7008
8277,商丞,15,0,15,兆豐-三重,2023-12-25,7008
00680L,元大美債20正2,12,0,12,兆豐-三重,2023-12-25,7008
6139,亞翔,18,6,12,兆豐-三重,2023-12-25,7008
2390,云辰,10,0,10,兆豐-三重,2023-12-25,7008
2618,長榮航,25,15,10,兆豐-三重,2023-12-25,7008
2913,農林,10,0,10,兆豐-三重,2023-12-25,7008
3045,台灣大,10,0,10,兆豐-三重,2023-12-25,7008
3588,通嘉,10,0,10,兆豐-三重,2023-12-25,7008
6288,聯嘉,10,0,10,兆豐-三重,2023-12-25,7008
8444,綠河-KY,10,0,10,兆豐-三重,2023-12-25,7008
2515,中工,24,15,9,兆豐-三重,2023-12-25,7008
8054,安國,9,0,9,兆豐-三重,2023-12-25,7008
3056,富華新,9,0,9,兆豐-三重,2023-12-25,7008
2637,慧洋-KY,8,0,8,兆豐-三重,2023-12-25,7008
3305,昇貿,7,0,7,兆豐-三重,2023-12-25,7008
00679B,元大美債20年,7,0,7,兆豐-三重,2023-12-25,7008
2363,矽統,7,0,7,兆豐-三重,2023-12-25,7008
8068,全達,7,0,7,兆豐-三重,2023-12-25,7008
6156,松上,6,0,6,兆豐-三重,2023-12-25,7008
2834,臺企銀,6,0,6,兆豐-三重,2023-12-25,7008
3264,欣銓,6,0,6,兆豐-三重,2023-12-25,7008
6111,大宇資,7,1,6,兆豐-三重,2023-12-25,7008
1310,台苯,5,0,5,兆豐-三重,2023-12-25,7008
1218,泰山,5,0,5,兆豐-三重,2023-12-25,7008
1582,信錦,5,0,5,兆豐-三重,2023-12-25,7008
1710,東聯,5,0,5,兆豐-三重,2023-12-25,7008
2312,金寶,5,0,5,兆豐-三重,2023-12-25,7008
2883,凱基金,5,0,5,兆豐-三重,2023-12-25,7008
3576,聯合再生,5,0,5,兆豐-三重,2023-12-25,7008
3689,湧德,5,0,5,兆豐-三重,2023-12-25,7008
5452,佶優,5,0,5,兆豐-三重,2023-12-25,7008
5515,建國,5,0,5,兆豐-三重,2023-12-25,7008
2606,裕民,18,14,4,兆豐-三重,2023-12-25,7008
2615,萬海,18,14,4,兆豐-三重,2023-12-25,7008
00937B,群益ESG投等債20,4,0,4,兆豐-三重,2023-12-25,7008
2105,正新,18,14,4,兆豐-三重,2023-12-25,7008
3017,奇鋐,10,6,4,兆豐-三重,2023-12-25,7008
3481,群創,120,116,4,兆豐-三重,2023-12-25,7008
00919,群益台灣精選高息,103,11,92,兆豐-三重,2023-12-26,7008
00937B,群益ESG投等債20,72,0,72,兆豐-三重,2023-12-26,7008
6116,彩晶,60,12,48,兆豐-三重,2023-12-26,7008
3045,台灣大,40,0,40,兆豐-三重,2023-12-26,7008
2492,華新科,25,2,23,兆豐-三重,2023-12-26,7008
3481,群創,155,132,23,兆豐-三重,2023-12-26,7008
00929,復華台灣科技優息,26,5,21,兆豐-三重,2023-12-26,7008
2367,燿華,20,1,19,兆豐-三重,2023-12-26,7008
2402,毅嘉,20,2,18,兆豐-三重,2023-12-26,7008
8444,綠河-KY,18,0,18,兆豐-三重,2023-12-26,7008
3046,建��,15,0,15,兆豐-三重,2023-12-26,7008
2610,華航,18,5,13,兆豐-三重,2023-12-26,7008
6237,驊訊,23,12,11,兆豐-三重,2023-12-26,7008
8096,擎亞,16,6,10,兆豐-三重,2023-12-26,7008
0056,元大高股息,10,1,9,兆豐-三重,2023-12-26,7008
5222,全訊,8,0,8,兆豐-三重,2023-12-26,7008
8383,千附,8,0,8,兆豐-三重,2023-12-26,7008
00688L,國泰20年美債正2,7,0,7,兆豐-三重,2023-12-26,7008
00933B,國泰10Y+金融債,6,0,6,兆豐-三重,2023-12-26,7008
2101,南港,10,4,6,兆豐-三重,2023-12-26,7008
2405,輔信,36,30,6,兆豐-三重,2023-12-26,7008
4763,材料-KY,6,0,6,兆豐-三重,2023-12-26,7008
6187,萬潤,6,0,6,兆豐-三重,2023-12-26,7008
00636,國泰中國A50,5,0,5,兆豐-三重,2023-12-26,7008
00680L,元大美債20正2,5,0,5,兆豐-三重,2023-12-26,7008
1560,中砂,5,0,5,兆豐-三重,2023-12-26,7008
1526,日馳,5,0,5,兆豐-三重,2023-12-26,7008
2105,正新,5,0,5,兆豐-三重,2023-12-26,7008
2601,益航,5,0,5,兆豐-三重,2023-12-26,7008
3035,智原,19,14,5,兆豐-三重,2023-12-26,7008
3093,港建*,5,0,5,兆豐-三重,2023-12-26,7008
3122,笙泉,6,1,5,兆豐-三重,2023-12-26,7008
3231,緯創,21,16,5,兆豐-三重,2023-12-26,7008
4747,強生,5,0,5,兆豐-三重,2023-12-26,7008
5328,華容,5,0,5,兆豐-三重,2023-12-26,7008
8033,雷虎,5,0,5,兆豐-三重,2023-12-26,7008
8277,商丞,5,0,5,兆豐-三重,2023-12-26,7008
1609,大亞,5,0,5,兆豐-三重,2023-12-26,7008
2308,台達電,5,0,5,兆豐-三重,2023-12-26,7008
2539,櫻花建,5,0,5,兆豐-三重,2023-12-26,7008
1504,東元,4,0,4,兆豐-三重,2023-12-26,7008
00712,復華富時不動產,4,0,4,兆豐-三重,2023-12-26,7008
1815,富喬,4,0,4,兆豐-三重,2023-12-26,7008
2421,建準,5,1,4,兆豐-三重,2023-12-26,7008
2488,漢平,4,0,4,兆豐-三重,2023-12-26,7008
2641,正德,4,0,4,兆豐-三重,2023-12-26,7008
4915,致伸,4,0,4,兆豐-三重,2023-12-26,7008
2013,中鋼構,3,0,3,兆豐-三重,2023-12-26,7008
2465,麗臺,6,3,3,兆豐-三重,2023-12-26,7008
2605,新興,8,5,3,兆豐-三重,2023-12-26,7008
00632R,元大台灣50反1,220,0,220,兆豐-三重,2023-12-27,7008
00937B,群益ESG投等債20,152,35,117,兆豐-三重,2023-12-27,7008
8034,榮群,102,0,102,兆豐-三重,2023-12-27,7008
2356,英業達,107,10,97,兆豐-三重,2023-12-27,7008
00919,群益台灣精選高息,84,26,58,兆豐-三重,2023-12-27,7008
8069,元太,50,1,49,兆豐-三重,2023-12-27,7008
2618,長榮航,100,60,40,兆豐-三重,2023-12-27,7008
2347,聯強,30,0,30,兆豐-三重,2023-12-27,7008
5347,世界,31,6,25,兆豐-三重,2023-12-27,7008
2369,菱生,24,0,24,兆豐-三重,2023-12-27,7008
3317,尼克森,38,14,24,兆豐-三重,2023-12-27,7008
6799,來頡,23,1,22,兆豐-三重,2023-12-27,7008
00923,群益台ESG低碳50,20,0,20,兆豐-三重,2023-12-27,7008
6120,達運,20,0,20,兆豐-三重,2023-12-27,7008
00933B,國泰10Y+金融債,19,0,19,兆豐-三重,2023-12-27,7008
1582,信錦,47,28,19,兆豐-三重,2023-12-27,7008
2610,華航,18,0,18,兆豐-三重,2023-12-27,7008
00929,復華台灣科技優息,30,14,16,兆豐-三重,2023-12-27,7008
8444,綠河-KY,16,0,16,兆豐-三重,2023-12-27,7008
00934,中信成長高股息,15,0,15,兆豐-三重,2023-12-27,7008
2027,大成鋼,15,0,15,兆豐-三重,2023-12-27,7008
8011,台通,19,4,15,兆豐-三重,2023-12-27,7008
3231,緯創,20,6,14,兆豐-三重,2023-12-27,7008
6695,芯鼎,47,33,14,兆豐-三重,2023-12-27,7008
5439,高技,11,0,11,兆豐-三重,2023-12-27,7008
2208,台船,10,0,10,兆豐-三重,2023-12-27,7008
2462,良得電,10,0,10,兆豐-三重,2023-12-27,7008
3041,揚智,13,3,10,兆豐-三重,2023-12-27,7008
3045,台灣大,10,0,10,兆豐-三重,2023-12-27,7008
9930,中聯資源,10,0,10,兆豐-三重,2023-12-27,7008
00712,復華富時不動產,11,2,9,兆豐-三重,2023-12-27,7008
2412,中華電,138,130,8,兆豐-三重,2023-12-27,7008
8277,商丞,8,0,8,兆豐-三重,2023-12-27,7008
8477,創業家,8,0,8,兆豐-三重,2023-12-27,7008
1515,力山,7,0,7,兆豐-三重,2023-12-27,7008
00900,富邦特選高股息30,7,0,7,兆豐-三重,2023-12-27,7008
00679B,元大美債20年,7,0,7,兆豐-三重,2023-12-27,7008
2498,宏達電,12,5,7,兆豐-三重,2023-12-27,7008
3390,旭軟,10,3,7,兆豐-三重,2023-12-27,7008
4806,桂田文創,7,0,7,兆豐-三重,2023-12-27,7008
4979,華星光,7,0,7,兆豐-三重,2023-12-27,7008
00715L,期街口布蘭特正2,6,0,6,兆豐-三重,2023-12-27,7008
3264,欣銓,7,1,6,兆豐-三重,2023-12-27,7008
5244,弘凱,6,0,6,兆豐-三重,2023-12-27,7008
8210,勤誠,10,4,6,兆豐-三重,2023-12-27,7008
8349,�矬�,6,0,6,兆豐-三重,2023-12-27,7008
2388,威盛,8,3,5,兆豐-三重,2023-12-27,7008
00936,台新永續高息中小,5,0,5,兆豐-三重,2023-12-27,7008
00651R,復華香港反1,5,0,5,兆豐-三重,2023-12-27,7008
00636,國泰中國A50,5,0,5,兆豐-三重,2023-12-27,7008
00937B,群益ESG投等債20,169,0,169,兆豐-三重,2023-12-28,7008
00919,群益台灣精選高息,98,6,92,兆豐-三重,2023-12-28,7008
2641,正德,31,0,31,兆豐-三重,2023-12-28,7008
8444,綠河-KY,30,0,30,兆豐-三重,2023-12-28,7008
020031,統一IC設計臺灣N,28,0,28,兆豐-三重,2023-12-28,7008
2353,宏��,175,148,27,兆豐-三重,2023-12-28,7008
006208,富邦台50,26,0,26,兆豐-三重,2023-12-28,7008
3376,新日興,29,5,24,兆豐-三重,2023-12-28,7008
8096,擎亞,49,26,23,兆豐-三重,2023-12-28,7008
1733,五鼎,23,2,21,兆豐-三重,2023-12-28,7008
9958,世紀鋼,20,0,20,兆豐-三重,2023-12-28,7008
5351,鈺創,22,4,18,兆豐-三重,2023-12-28,7008
2324,仁寶,36,19,17,兆豐-三重,2023-12-28,7008
2610,華航,14,0,14,兆豐-三重,2023-12-28,7008
3715,定穎投控,16,2,14,兆豐-三重,2023-12-28,7008
3045,台灣大,11,0,11,兆豐-三重,2023-12-28,7008
2344,華邦電,61,50,11,兆豐-三重,2023-12-28,7008
3078,僑威,13,2,11,兆豐-三重,2023-12-28,7008
00687B,國泰20年美債,10,0,10,兆豐-三重,2023-12-28,7008
2337,旺宏,19,9,10,兆豐-三重,2023-12-28,7008
2405,輔信,10,0,10,兆豐-三重,2023-12-28,7008
2883,凱基金,110,100,10,兆豐-三重,2023-12-28,7008
2915,潤泰全,10,0,10,兆豐-三重,2023-12-28,7008
3541,西柏,10,0,10,兆豐-三重,2023-12-28,7008
6125,廣運,14,4,10,兆豐-三重,2023-12-28,7008
6275,元山,10,0,10,兆豐-三重,2023-12-28,7008
9105,泰金寶-DR,10,0,10,兆豐-三重,2023-12-28,7008
2208,台船,10,1,9,兆豐-三重,2023-12-28,7008
2436,偉詮電,24,15,9,兆豐-三重,2023-12-28,7008
3260,威剛,10,1,9,兆豐-三重,2023-12-28,7008
8011,台通,21,12,9,兆豐-三重,2023-12-28,7008
8088,品安,9,0,9,兆豐-三重,2023-12-28,7008
2313,華通,8,0,8,兆豐-三重,2023-12-28,7008
6129,普誠,8,0,8,兆豐-三重,2023-12-28,7008
5347,世界,9,2,7,兆豐-三重,2023-12-28,7008
6233,旺玖,8,1,7,兆豐-三重,2023-12-28,7008
4979,華星光,6,0,6,兆豐-三重,2023-12-28,7008
00712,復華富時不動產,6,0,6,兆豐-三重,2023-12-28,7008
2399,映泰,6,0,6,兆豐-三重,2023-12-28,7008
6156,松上,5,0,5,兆豐-三重,2023-12-28,7008
1310,台苯,5,0,5,兆豐-三重,2023-12-28,7008
00651R,復華香港反1,5,0,5,兆豐-三重,2023-12-28,7008
1591,駿吉-KY,5,0,5,兆豐-三重,2023-12-28,7008
2101,南港,5,0,5,兆豐-三重,2023-12-28,7008
2482,連宇,5,0,5,兆豐-三重,2023-12-28,7008
2498,宏達電,5,0,5,兆豐-三重,2023-12-28,7008
2630,亞航,5,0,5,兆豐-三重,2023-12-28,7008
4933,友輝,5,0,5,兆豐-三重,2023-12-28,7008
5206,坤悅,5,0,5,兆豐-三重,2023-12-28,7008
6933,AMAX-KY,4,0,4,兆豐-三重,2023-12-28,7008
0056,元大高股息,146,9,137,兆豐-三重,2023-12-29,7008
00937B,群益ESG投等債20,112,10,102,兆豐-三重,2023-12-29,7008
00878,國泰永續高股息,106,26,80,兆豐-三重,2023-12-29,7008
00929,復華台灣科技優息,67,9,58,兆豐-三重,2023-12-29,7008
00632R,元大台灣50反1,53,1,52,兆豐-三重,2023-12-29,7008
2883,凱基金,51,0,51,兆豐-三重,2023-12-29,7008
2353,宏��,126,76,50,兆豐-三重,2023-12-29,7008
00720B,元大投資級公司債,44,0,44,兆豐-三重,2023-12-29,7008
2515,中工,43,1,42,兆豐-三重,2023-12-29,7008
1519,華城,122,81,41,兆豐-三重,2023-12-29,7008
00687B,國泰20年美債,34,0,34,兆豐-三重,2023-12-29,7008
2367,燿華,22,1,21,兆豐-三重,2023-12-29,7008
020031,統一IC設計臺灣N,20,0,20,兆豐-三重,2023-12-29,7008
2888,新光金,20,0,20,兆豐-三重,2023-12-29,7008
5515,建國,20,0,20,兆豐-三重,2023-12-29,7008
1605,華新,19,0,19,兆豐-三重,2023-12-29,7008
5355,佳總,17,0,17,兆豐-三重,2023-12-29,7008
1514,亞力,27,11,16,兆豐-三重,2023-12-29,7008
2362,藍天,17,2,15,兆豐-三重,2023-12-29,7008
9945,潤泰新,14,1,13,兆豐-三重,2023-12-29,7008
8277,商丞,12,0,12,兆豐-三重,2023-12-29,7008
1321,大洋,11,0,11,兆豐-三重,2023-12-29,7008
00688L,國泰20年美債正2,11,0,11,兆豐-三重,2023-12-29,7008
00651R,復華香港反1,10,0,10,兆豐-三重,2023-12-29,7008
2344,華邦電,14,4,10,兆豐-三重,2023-12-29,7008
2399,映泰,10,0,10,兆豐-三重,2023-12-29,7008
2443,昶虹,10,0,10,兆豐-三重,2023-12-29,7008
3051,力特,10,0,10,兆豐-三重,2023-12-29,7008
8222,寶一,10,0,10,兆豐-三重,2023-12-29,7008
5452,佶優,14,5,9,兆豐-三重,2023-12-29,7008
1503,士電,13,5,8,兆豐-三重,2023-12-29,7008
3006,晶豪科,21,13,8,兆豐-三重,2023-12-29,7008
1718,中纖,7,0,7,兆豐-三重,2023-12-29,7008
1733,五鼎,25,18,7,兆豐-三重,2023-12-29,7008
00933B,國泰10Y+金融債,6,0,6,兆豐-三重,2023-12-29,7008
5516,雙喜,6,0,6,兆豐-三重,2023-12-29,7008
6187,萬潤,16,10,6,兆豐-三重,2023-12-29,7008
6417,韋僑,6,0,6,兆豐-三重,2023-12-29,7008
8234,新漢,6,0,6,兆豐-三重,2023-12-29,7008
3548,兆利,7,2,5,兆豐-三重,2023-12-29,7008
1319,東陽,5,0,5,兆豐-三重,2023-12-29,7008
00751B,元大AAA至A公司債,5,0,5,兆豐-三重,2023-12-29,7008
2528,皇普,5,0,5,兆豐-三重,2023-12-29,7008
3338,泰碩,16,11,5,兆豐-三重,2023-12-29,7008
4906,正文,5,0,5,兆豐-三重,2023-12-29,7008
6203,海韻電,6,1,5,兆豐-三重,2023-12-29,7008
00712,復華富時不動產,4,0,4,兆豐-三重,2023-12-29,7008
00934,中信成長高股息,4,0,4,兆豐-三重,2023-12-29,7008
4945,陞達科技,5,1,4,兆豐-三重,2023-12-29,7008
6233,旺玖,6,2,4,兆豐-三重,2023-12-29,7008
3231,緯創,105,45,60,兆豐-三重,2024-01-02,7008
00937B,群益ESG投等債20,59,23,36,兆豐-三重,2024-01-02,7008
00878,國泰永續高股息,37,6,31,兆豐-三重,2024-01-02,7008
020031,統一IC設計臺灣N,30,0,30,兆豐-三重,2024-01-02,7008
00720B,元大投資級公司債,30,0,30,兆豐-三重,2024-01-02,7008
3346,麗清,22,1,21,兆豐-三重,2024-01-02,7008
00688L,國泰20年美債正2,20,0,20,兆豐-三重,2024-01-02,7008
2399,映泰,20,0,20,兆豐-三重,2024-01-02,7008
5607,遠雄港,20,0,20,兆豐-三重,2024-01-02,7008
5515,建國,29,10,19,兆豐-三重,2024-01-02,7008
00933B,國泰10Y+金融債,16,0,16,兆豐-三重,2024-01-02,7008
3532,台勝科,16,0,16,兆豐-三重,2024-01-02,7008
00712,復華富時不動產,15,0,15,兆豐-三重,2024-01-02,7008
2605,新興,20,5,15,兆豐-三重,2024-01-02,7008
00929,復華台灣科技優息,27,12,15,兆豐-三重,2024-01-02,7008
8011,台通,40,26,14,兆豐-三重,2024-01-02,7008
3037,欣興,13,0,13,兆豐-三重,2024-01-02,7008
00687B,國泰20年美債,12,0,12,兆豐-三重,2024-01-02,7008
2883,凱基金,412,400,12,兆豐-三重,2024-01-02,7008
5351,鈺創,12,0,12,兆豐-三重,2024-01-02,7008
1326,台化,10,0,10,兆豐-三重,2024-01-02,7008
00751B,元大AAA至A公司債,10,0,10,兆豐-三重,2024-01-02,7008
2038,海光,10,0,10,兆豐-三重,2024-01-02,7008
2913,農林,10,0,10,兆豐-三重,2024-01-02,7008
6206,飛捷,10,0,10,兆豐-三重,2024-01-02,7008
6266,泰詠,10,0,10,兆豐-三重,2024-01-02,7008
8096,擎亞,10,0,10,兆豐-三重,2024-01-02,7008
00679B,元大美債20年,10,1,9,兆豐-三重,2024-01-02,7008
1504,東元,10,1,9,兆豐-三重,2024-01-02,7008
6275,元山,9,0,9,兆豐-三重,2024-01-02,7008
2382,廣達,11,3,8,兆豐-三重,2024-01-02,7008
1612,宏泰,9,1,8,兆豐-三重,2024-01-02,7008
3051,力特,8,0,8,兆豐-三重,2024-01-02,7008
00637L,元大滬深300正2,7,0,7,兆豐-三重,2024-01-02,7008
2327,國巨,7,0,7,兆豐-三重,2024-01-02,7008
3706,神達,7,0,7,兆豐-三重,2024-01-02,7008
4563,百德,7,0,7,兆豐-三重,2024-01-02,7008
5521,工信,39,32,7,兆豐-三重,2024-01-02,7008
6547,高端疫苗,7,0,7,兆豐-三重,2024-01-02,7008
2890,永豐金,7,1,6,兆豐-三重,2024-01-02,7008
2409,友達,10,4,6,兆豐-三重,2024-01-02,7008
3520,華盈,6,0,6,兆豐-三重,2024-01-02,7008
8444,綠河-KY,6,0,6,兆豐-三重,2024-01-02,7008
2454,聯發科,6,1,5,兆豐-三重,2024-01-02,7008
1476,儒鴻,5,0,5,兆豐-三重,2024-01-02,7008
00882,中信中國高股息,5,0,5,兆豐-三重,2024-01-02,7008
1605,華新,5,0,5,兆豐-三重,2024-01-02,7008
2208,台船,5,0,5,兆豐-三重,2024-01-02,7008
2357,華碩,5,0,5,兆豐-三重,2024-01-02,7008
3083,網龍,5,0,5,兆豐-三重,2024-01-02,7008
2618,長榮航,298,13,285,兆豐-三重,2024-01-03,7008
00929,復華台灣科技優息,82,0,82,兆豐-三重,2024-01-03,7008
1326,台化,51,0,51,兆豐-三重,2024-01-03,7008
8011,台通,107,63,44,兆豐-三重,2024-01-03,7008
2609,陽明,58,20,38,兆豐-三重,2024-01-03,7008
1528,恩德,30,0,30,兆豐-三重,2024-01-03,7008
2303,聯電,67,38,29,兆豐-三重,2024-01-03,7008
2360,致茂,20,0,20,兆豐-三重,2024-01-03,7008
2498,宏達電,21,1,20,兆豐-三重,2024-01-03,7008
2612,中航,20,0,20,兆豐-三重,2024-01-03,7008
2362,藍天,49,30,19,兆豐-三重,2024-01-03,7008
3390,旭軟,90,71,19,兆豐-三重,2024-01-03,7008
2324,仁寶,17,1,16,兆豐-三重,2024-01-03,7008
00919,群益台灣精選高息,20,5,15,兆豐-三重,2024-01-03,7008
5521,工信,23,8,15,兆豐-三重,2024-01-03,7008
2330,台積電,13,1,12,兆豐-三重,2024-01-03,7008
00881,國泰台灣5G+,11,0,11,兆豐-三重,2024-01-03,7008
3037,欣興,11,0,11,兆豐-三重,2024-01-03,7008
00768B,復華20年美債,10,0,10,兆豐-三重,2024-01-03,7008
020031,統一IC設計臺灣N,10,0,10,兆豐-三重,2024-01-03,7008
1301,台塑,10,0,10,兆豐-三重,2024-01-03,7008
1721,三晃,10,0,10,兆豐-三重,2024-01-03,7008
2355,敬鵬,10,0,10,兆豐-三重,2024-01-03,7008
3005,神基,10,0,10,兆豐-三重,2024-01-03,7008
3260,威剛,12,2,10,兆豐-三重,2024-01-03,7008
5452,佶優,10,0,10,兆豐-三重,2024-01-03,7008
6605,帝寶,10,0,10,兆豐-三重,2024-01-03,7008
6695,芯鼎,55,46,9,兆豐-三重,2024-01-03,7008
8444,綠河-KY,9,0,9,兆豐-三重,2024-01-03,7008
2344,華邦電,10,2,8,兆豐-三重,2024-01-03,7008
2352,佳世達,14,6,8,兆豐-三重,2024-01-03,7008
2353,宏��,39,31,8,兆豐-三重,2024-01-03,7008
2615,萬海,9,1,8,兆豐-三重,2024-01-03,7008
2642,宅配通,8,0,8,兆豐-三重,2024-01-03,7008
00688L,國泰20年美債正2,7,0,7,兆豐-三重,2024-01-03,7008
2515,中工,17,10,7,兆豐-三重,2024-01-03,7008
5483,中美晶,11,4,7,兆豐-三重,2024-01-03,7008
6684,安格,7,0,7,兆豐-三重,2024-01-03,7008
2603,長榮,21,14,7,兆豐-三重,2024-01-03,7008
2382,廣達,10,4,6,兆豐-三重,2024-01-03,7008
2031,新光鋼,6,0,6,兆豐-三重,2024-01-03,7008
00933B,國泰10Y+金融債,6,0,6,兆豐-三重,2024-01-03,7008
1229,聯華,6,0,6,兆豐-三重,2024-01-03,7008
1476,儒鴻,6,0,6,兆豐-三重,2024-01-03,7008
6147,頎邦,6,0,6,兆豐-三重,2024-01-03,7008
6770,力積電,6,0,6,兆豐-三重,2024-01-03,7008
9934,成霖,10,4,6,兆豐-三重,2024-01-03,7008
00733,富邦臺灣中小,5,0,5,兆豐-三重,2024-01-03,7008
1218,泰山,5,0,5,兆豐-三重,2024-01-03,7008
1605,華新,10,5,5,兆豐-三重,2024-01-03,7008
00679B,元大美債20年,165,0,165,兆豐-三重,2024-01-04,7008
3231,緯創,71,1,70,兆豐-三重,2024-01-04,7008
2486,一詮,70,3,67,兆豐-三重,2024-01-04,7008
2412,中華電,218,155,63,兆豐-三重,2024-01-04,7008
2618,長榮航,140,79,61,兆豐-三重,2024-01-04,7008
00937B,群益ESG投等債20,64,11,53,兆豐-三重,2024-01-04,7008
00929,復華台灣科技優息,42,0,42,兆豐-三重,2024-01-04,7008
3035,智原,44,5,39,兆豐-三重,2024-01-04,7008
2344,華邦電,26,5,21,兆豐-三重,2024-01-04,7008
3390,旭軟,24,3,21,兆豐-三重,2024-01-04,7008
5426,振發,20,0,20,兆豐-三重,2024-01-04,7008
2303,聯電,39,22,17,兆豐-三重,2024-01-04,7008
2324,仁寶,17,1,16,兆豐-三重,2024-01-04,7008
2605,新興,20,4,16,兆豐-三重,2024-01-04,7008
6116,彩晶,15,0,15,兆豐-三重,2024-01-04,7008
3217,優群,57,43,14,兆豐-三重,2024-01-04,7008
6187,萬潤,14,0,14,兆豐-三重,2024-01-04,7008
8227,巨有科技,17,3,14,兆豐-三重,2024-01-04,7008
2382,廣達,16,2,14,兆豐-三重,2024-01-04,7008
3481,群創,18,5,13,兆豐-三重,2024-01-04,7008
6125,廣運,16,3,13,兆豐-三重,2024-01-04,7008
00720B,元大投資級公司債,12,0,12,兆豐-三重,2024-01-04,7008
4906,正文,12,0,12,兆豐-三重,2024-01-04,7008
3037,欣興,14,3,11,兆豐-三重,2024-01-04,7008
2498,宏達電,11,0,11,兆豐-三重,2024-01-04,7008
2610,華航,31,20,11,兆豐-三重,2024-01-04,7008
1522,堤維西,10,0,10,兆豐-三重,2024-01-04,7008
2027,大成鋼,10,0,10,兆豐-三重,2024-01-04,7008
2362,藍天,12,2,10,兆豐-三重,2024-01-04,7008
2443,昶虹,10,0,10,兆豐-三重,2024-01-04,7008
6133,金橋,10,0,10,兆豐-三重,2024-01-04,7008
8046,南電,11,1,10,兆豐-三重,2024-01-04,7008
0056,元大高股息,9,0,9,兆豐-三重,2024-01-04,7008
2314,台揚,9,0,9,兆豐-三重,2024-01-04,7008
2392,正崴,10,1,9,兆豐-三重,2024-01-04,7008
5478,智冠,13,4,9,兆豐-三重,2024-01-04,7008
6789,采鈺,17,8,9,兆豐-三重,2024-01-04,7008
00712,復華富時不動產,8,0,8,兆豐-三重,2024-01-04,7008
6282,康舒,10,2,8,兆豐-三重,2024-01-04,7008
1339,昭輝,7,0,7,兆豐-三重,2024-01-04,7008
5011,久陽,7,0,7,兆豐-三重,2024-01-04,7008
00933B,國泰10Y+金融債,6,0,6,兆豐-三重,2024-01-04,7008
1760,寶齡富錦,7,1,6,兆豐-三重,2024-01-04,7008
2399,映泰,6,0,6,兆豐-三重,2024-01-04,7008
5521,工信,6,0,6,兆豐-三重,2024-01-04,7008
6143,振曜,6,0,6,兆豐-三重,2024-01-04,7008
8358,金居,6,0,6,兆豐-三重,2024-01-04,7008
6156,松上,6,0,6,兆豐-三重,2024-01-04,7008
00927,群益半導體收益,5,0,5,兆豐-三重,2024-01-04,7008
1526,日馳,5,0,5,兆豐-三重,2024-01-04,7008
2618,長榮航,561,124,437,兆豐-三重,2024-01-05,7008
00882,中信中國高股息,209,55,154,兆豐-三重,2024-01-05,7008
8096,擎亞,100,39,61,兆豐-三重,2024-01-05,7008
2736,富野,49,0,49,兆豐-三重,2024-01-05,7008
2609,陽明,491,456,35,兆豐-三重,2024-01-05,7008
00937B,群益ESG投等債20,44,13,31,兆豐-三重,2024-01-05,7008
1528,恩德,30,0,30,兆豐-三重,2024-01-05,7008
00919,群益台灣精選高息,29,0,29,兆豐-三重,2024-01-05,7008
2605,新興,64,39,25,兆豐-三重,2024-01-05,7008
6695,芯鼎,64,43,21,兆豐-三重,2024-01-05,7008
00931B,統一美債20年,20,0,20,兆豐-三重,2024-01-05,7008
2344,華邦電,36,16,20,兆豐-三重,2024-01-05,7008
2353,宏��,28,8,20,兆豐-三重,2024-01-05,7008
2612,中航,19,4,15,兆豐-三重,2024-01-05,7008
00929,復華台灣科技優息,15,0,15,兆豐-三重,2024-01-05,7008
3406,玉晶光,15,0,15,兆豐-三重,2024-01-05,7008
3231,緯創,17,3,14,兆豐-三重,2024-01-05,7008
3576,聯合再生,14,0,14,兆豐-三重,2024-01-05,7008
2615,萬海,60,49,11,兆豐-三重,2024-01-05,7008
00933B,國泰10Y+金融債,11,0,11,兆豐-三重,2024-01-05,7008
5864,致和證,11,0,11,兆豐-三重,2024-01-05,7008
1326,台化,10,0,10,兆豐-三重,2024-01-05,7008
00753L,中信中國50正2,10,0,10,兆豐-三重,2024-01-05,7008
2356,英業達,23,13,10,兆豐-三重,2024-01-05,7008
2443,昶虹,10,0,10,兆豐-三重,2024-01-05,7008
3037,欣興,11,1,10,兆豐-三重,2024-01-05,7008
3046,建��,13,4,9,兆豐-三重,2024-01-05,7008
2324,仁寶,15,7,8,兆豐-三重,2024-01-05,7008
2402,毅嘉,10,2,8,兆豐-三重,2024-01-05,7008
2330,台積電,8,0,8,兆豐-三重,2024-01-05,7008
1310,台苯,7,0,7,兆豐-三重,2024-01-05,7008
2641,正德,8,1,7,兆豐-三重,2024-01-05,7008
4967,十銓,12,5,7,兆豐-三重,2024-01-05,7008
6235,華孚,7,0,7,兆豐-三重,2024-01-05,7008
1101,台泥,8,2,6,兆豐-三重,2024-01-05,7008
00881,國泰台灣5G+,6,0,6,兆豐-三重,2024-01-05,7008
3390,旭軟,8,2,6,兆豐-三重,2024-01-05,7008
5258,虹堡,6,0,6,兆豐-三重,2024-01-05,7008
5371,中光電,6,0,6,兆豐-三重,2024-01-05,7008
5706,鳳凰,6,0,6,兆豐-三重,2024-01-05,7008
6186,新潤,6,0,6,兆豐-三重,2024-01-05,7008
8358,金居,6,0,6,兆豐-三重,2024-01-05,7008
2409,友達,310,304,6,兆豐-三重,2024-01-05,7008
00922,國泰台灣領袖50,5,0,5,兆豐-三重,2024-01-05,7008
2455,全新,5,0,5,兆豐-三重,2024-01-05,7008
00916,國泰全球品牌50,5,0,5,兆豐-三重,2024-01-05,7008
2515,中工,25,20,5,兆豐-三重,2024-01-05,7008
2597,潤弘,6,1,5,兆豐-三重,2024-01-05,7008
2611,志信,9,4,5,兆豐-三重,2024-01-05,7008
3006,晶豪科,5,0,5,兆豐-三重,2024-01-05,7008
0056,元大高股息,310,0,310,兆豐-三重,2024-01-08,7008
6770,力積電,212,0,212,兆豐-三重,2024-01-08,7008
2356,英業達,219,9,210,兆豐-三重,2024-01-08,7008
00929,復華台灣科技優息,154,0,154,兆豐-三重,2024-01-08,7008
00637L,元大滬深300正2,100,0,100,兆豐-三重,2024-01-08,7008
8011,台通,83,11,72,兆豐-三重,2024-01-08,7008
2618,長榮航,61,4,57,兆豐-三重,2024-01-08,7008
00712,復華富時不動產,35,0,35,兆豐-三重,2024-01-08,7008
2303,聯電,35,0,35,兆豐-三重,2024-01-08,7008
2528,皇普,32,0,32,兆豐-三重,2024-01-08,7008
3481,群創,144,116,28,兆豐-三重,2024-01-08,7008
8096,擎亞,42,15,27,兆豐-三重,2024-01-08,7008
00679B,元大美債20年,24,0,24,兆豐-三重,2024-01-08,7008
2605,新興,23,0,23,兆豐-三重,2024-01-08,7008
00919,群益台灣精選高息,32,10,22,兆豐-三重,2024-01-08,7008
2390,云辰,20,0,20,兆豐-三重,2024-01-08,7008
00931B,統一美債20年,24,5,19,兆豐-三重,2024-01-08,7008
3038,全台,18,0,18,兆豐-三重,2024-01-08,7008
2353,宏��,159,142,17,兆豐-三重,2024-01-08,7008
00878,國泰永續高股息,15,1,14,兆豐-三重,2024-01-08,7008
00937B,群益ESG投等債20,14,0,14,兆豐-三重,2024-01-08,7008
00720B,元大投資級公司債,16,2,14,兆豐-三重,2024-01-08,7008
5011,久陽,13,0,13,兆豐-三重,2024-01-08,7008
5355,佳總,13,0,13,兆豐-三重,2024-01-08,7008
00927,群益半導體收益,12,0,12,兆豐-三重,2024-01-08,7008
1809,中釉,12,0,12,兆豐-三重,2024-01-08,7008
8110,華東,12,0,12,兆豐-三重,2024-01-08,7008
2489,瑞軒,11,0,11,兆豐-三重,2024-01-08,7008
2476,鉅祥,10,0,10,兆豐-三重,2024-01-08,7008
3576,聯合再生,15,5,10,兆豐-三重,2024-01-08,7008
5519,隆大,10,0,10,兆豐-三重,2024-01-08,7008
2317,鴻海,10,1,9,兆豐-三重,2024-01-08,7008
2388,威盛,41,32,9,兆豐-三重,2024-01-08,7008
4906,正文,9,0,9,兆豐-三重,2024-01-08,7008
6187,萬潤,11,2,9,兆豐-三重,2024-01-08,7008
8358,金居,9,0,9,兆豐-三重,2024-01-08,7008
00933B,國泰10Y+金融債,8,0,8,兆豐-三重,2024-01-08,7008
00770,國泰北美科技,8,0,8,兆豐-三重,2024-01-08,7008
1513,中興電,8,1,7,兆豐-三重,2024-01-08,7008
2357,華碩,8,1,7,兆豐-三重,2024-01-08,7008
3037,欣興,7,1,6,兆豐-三重,2024-01-08,7008
00900,富邦特選高股息30,6,0,6,兆豐-三重,2024-01-08,7008
2313,華通,7,1,6,兆豐-三重,2024-01-08,7008
5222,全訊,6,0,6,兆豐-三重,2024-01-08,7008
5864,致和證,6,0,6,兆豐-三重,2024-01-08,7008
00934,中信成長高股息,5,0,5,兆豐-三重,2024-01-08,7008
2634,漢翔,5,0,5,兆豐-三重,2024-01-08,7008
3017,奇鋐,7,2,5,兆豐-三重,2024-01-08,7008
3041,揚智,5,0,5,兆豐-三重,2024-01-08,7008
5284,jpp-KY,5,0,5,兆豐-三重,2024-01-08,7008
00919,群益台灣精選高息,114,1,113,兆豐-三重,2024-01-09,7008
2371,大同,105,8,97,兆豐-三重,2024-01-09,7008
00937B,群益ESG投等債20,33,1,32,兆豐-三重,2024-01-09,7008
8358,金居,30,0,30,兆豐-三重,2024-01-09,7008
2353,宏��,75,53,22,兆豐-三重,2024-01-09,7008
00720B,元大投資級公司債,21,0,21,兆豐-三重,2024-01-09,7008
1609,大亞,21,0,21,兆豐-三重,2024-01-09,7008
8096,擎亞,88,67,21,兆豐-三重,2024-01-09,7008
2443,昶虹,20,0,20,兆豐-三重,2024-01-09,7008
2344,華邦電,17,0,17,兆豐-三重,2024-01-09,7008
2369,菱生,16,1,15,兆豐-三重,2024-01-09,7008
2547,日勝生,15,0,15,兆豐-三重,2024-01-09,7008
2601,益航,15,0,15,兆豐-三重,2024-01-09,7008
3390,旭軟,15,0,15,兆豐-三重,2024-01-09,7008
3508,位速,15,0,15,兆豐-三重,2024-01-09,7008
3715,定穎投控,15,0,15,兆豐-三重,2024-01-09,7008
6243,迅杰,15,1,14,兆豐-三重,2024-01-09,7008
3346,麗清,13,0,13,兆豐-三重,2024-01-09,7008
8011,台通,20,7,13,兆豐-三重,2024-01-09,7008
3588,通嘉,12,1,11,兆豐-三重,2024-01-09,7008
1326,台化,10,0,10,兆豐-三重,2024-01-09,7008
1477,聚陽,10,0,10,兆豐-三重,2024-01-09,7008
00882,中信中國高股息,10,0,10,兆豐-三重,2024-01-09,7008
2405,輔信,10,0,10,兆豐-三重,2024-01-09,7008
2634,漢翔,17,7,10,兆豐-三重,2024-01-09,7008
2636,台驊控股,10,0,10,兆豐-三重,2024-01-09,7008
2834,臺企銀,10,0,10,兆豐-三重,2024-01-09,7008
3046,建��,10,1,9,兆豐-三重,2024-01-09,7008
3481,群創,25,17,8,兆豐-三重,2024-01-09,7008
00688L,國泰20年美債正2,8,0,8,兆豐-三重,2024-01-09,7008
00933B,國泰10Y+金融債,8,0,8,兆豐-三重,2024-01-09,7008
1605,華新,8,0,8,兆豐-三重,2024-01-09,7008
2303,聯電,46,38,8,兆豐-三重,2024-01-09,7008
6116,彩晶,8,0,8,兆豐-三重,2024-01-09,7008
1503,士電,7,0,7,兆豐-三重,2024-01-09,7008
1519,華城,21,14,7,兆豐-三重,2024-01-09,7008
2363,矽統,13,6,7,兆豐-三重,2024-01-09,7008
2605,新興,12,5,7,兆豐-三重,2024-01-09,7008
3032,偉訓,36,29,7,兆豐-三重,2024-01-09,7008
5439,高技,8,1,7,兆豐-三重,2024-01-09,7008
6187,萬潤,15,8,7,兆豐-三重,2024-01-09,7008
8277,商丞,7,0,7,兆豐-三重,2024-01-09,7008
2308,台達電,7,0,7,兆豐-三重,2024-01-09,7008
00915,凱基優選高股息30,6,0,6,兆豐-三重,2024-01-09,7008
2002,中鋼,6,0,6,兆豐-三重,2024-01-09,7008
5425,台半,6,0,6,兆豐-三重,2024-01-09,7008
00878,國泰永續高股息,5,0,5,兆豐-三重,2024-01-09,7008
1603,華電,5,0,5,兆豐-三重,2024-01-09,7008
1476,儒鴻,5,0,5,兆豐-三重,2024-01-09,7008
2204,中華,5,0,5,兆豐-三重,2024-01-09,7008
2618,長榮航,131,0,131,兆豐-三重,2024-01-10,7008
2609,陽明,196,148,48,兆豐-三重,2024-01-10,7008
00665L,富邦�琤肭磪囓�2,41,0,41,兆豐-三重,2024-01-10,7008
0056,元大高股息,35,0,35,兆豐-三重,2024-01-10,7008
00929,復華台灣科技優息,34,0,34,兆豐-三重,2024-01-10,7008
00919,群益台灣精選高息,41,7,34,兆豐-三重,2024-01-10,7008
2367,燿華,32,0,32,兆豐-三重,2024-01-10,7008
2358,廷鑫,25,0,25,兆豐-三重,2024-01-10,7008
00753L,中信中國50正2,20,0,20,兆豐-三重,2024-01-10,7008
2353,宏��,47,29,18,兆豐-三重,2024-01-10,7008
3715,定穎投控,15,0,15,兆豐-三重,2024-01-10,7008
3031,佰鴻,14,0,14,兆豐-三重,2024-01-10,7008
2324,仁寶,13,0,13,兆豐-三重,2024-01-10,7008
8358,金居,13,0,13,兆豐-三重,2024-01-10,7008
00934,中信成長高股息,12,0,12,兆豐-三重,2024-01-10,7008
4909,新復興,12,0,12,兆豐-三重,2024-01-10,7008
1326,台化,11,0,11,兆豐-三重,2024-01-10,7008
9941,裕融,11,0,11,兆豐-三重,2024-01-10,7008
2498,宏達電,24,13,11,兆豐-三重,2024-01-10,7008
2301,光寶科,11,0,11,兆豐-三重,2024-01-10,7008
1310,台苯,10,0,10,兆豐-三重,2024-01-10,7008
1417,嘉裕,10,0,10,兆豐-三重,2024-01-10,7008
1710,東聯,10,0,10,兆豐-三重,2024-01-10,7008
1806,冠軍,10,0,10,兆豐-三重,2024-01-10,7008
2027,大成鋼,10,0,10,兆豐-三重,2024-01-10,7008
2208,台船,16,6,10,兆豐-三重,2024-01-10,7008
2387,精元,10,0,10,兆豐-三重,2024-01-10,7008
2442,新美齊,10,0,10,兆豐-三重,2024-01-10,7008
3088,艾訊,10,0,10,兆豐-三重,2024-01-10,7008
8110,華東,10,0,10,兆豐-三重,2024-01-10,7008
2371,大同,48,39,9,兆豐-三重,2024-01-10,7008
3207,耀勝,11,2,9,兆豐-三重,2024-01-10,7008
5222,全訊,12,3,9,兆豐-三重,2024-01-10,7008
00878,國泰永續高股息,10,2,8,兆豐-三重,2024-01-10,7008
2352,佳世達,8,0,8,兆豐-三重,2024-01-10,7008
2356,英業達,15,7,8,兆豐-三重,2024-01-10,7008
2376,技嘉,8,0,8,兆豐-三重,2024-01-10,7008
2460,建通,8,0,8,兆豐-三重,2024-01-10,7008
8011,台通,26,18,8,兆豐-三重,2024-01-10,7008
2603,長榮,11,4,7,兆豐-三重,2024-01-10,7008
2610,華航,7,0,7,兆豐-三重,2024-01-10,7008
2101,南港,6,0,6,兆豐-三重,2024-01-10,7008
2329,華泰,13,7,6,兆豐-三重,2024-01-10,7008
2634,漢翔,23,17,6,兆豐-三重,2024-01-10,7008
3037,欣興,6,0,6,兆豐-三重,2024-01-10,7008
2892,第一金,5,0,5,兆豐-三重,2024-01-10,7008
2399,映泰,5,0,5,兆豐-三重,2024-01-10,7008
2482,連宇,5,0,5,兆豐-三重,2024-01-10,7008
3176,基亞,5,0,5,兆豐-三重,2024-01-10,7008
3508,位速,5,0,5,兆豐-三重,2024-01-10,7008
6547,高端疫苗,180,0,180,兆豐-三重,2024-01-11,7008
0056,元大高股息,169,2,167,兆豐-三重,2024-01-11,7008
00929,復華台灣科技優息,48,0,48,兆豐-三重,2024-01-11,7008
00881,國泰台灣5G+,23,0,23,兆豐-三重,2024-01-11,7008
1781,合世,23,0,23,兆豐-三重,2024-01-11,7008
3499,環天科,23,0,23,兆豐-三重,2024-01-11,7008
2356,英業達,22,2,20,兆豐-三重,2024-01-11,7008
1582,信錦,20,0,20,兆豐-三重,2024-01-11,7008
2390,云辰,20,0,20,兆豐-三重,2024-01-11,7008
2449,京元電子,24,5,19,兆豐-三重,2024-01-11,7008
6219,富旺,23,7,16,兆豐-三重,2024-01-11,7008
1229,聯華,15,0,15,兆豐-三重,2024-01-11,7008
2612,中航,15,0,15,兆豐-三重,2024-01-11,7008
6217,中探針,16,1,15,兆豐-三重,2024-01-11,7008
00720B,元大投資級公司債,15,2,13,兆豐-三重,2024-01-11,7008
2201,裕隆,13,0,13,兆豐-三重,2024-01-11,7008
2610,華航,61,48,13,兆豐-三重,2024-01-11,7008
8110,華東,13,0,13,兆豐-三重,2024-01-11,7008
1514,亞力,63,51,12,兆豐-三重,2024-01-11,7008
00882,中信中國高股息,12,0,12,兆豐-三重,2024-01-11,7008
2344,華邦電,14,2,12,兆豐-三重,2024-01-11,7008
2408,南亞科,13,1,12,兆豐-三重,2024-01-11,7008
2606,裕民,12,0,12,兆豐-三重,2024-01-11,7008
2426,鼎元,11,0,11,兆豐-三重,2024-01-11,7008
00919,群益台灣精選高息,11,0,11,兆豐-三重,2024-01-11,7008
00687B,國泰20年美債,10,0,10,兆豐-三重,2024-01-11,7008
1339,昭輝,10,0,10,兆豐-三重,2024-01-11,7008
1314,中石化,10,0,10,兆豐-三重,2024-01-11,7008
2329,華泰,46,36,10,兆豐-三重,2024-01-11,7008
2427,三商電,10,0,10,兆豐-三重,2024-01-11,7008
2443,昶虹,10,0,10,兆豐-三重,2024-01-11,7008
3202,樺晟,10,0,10,兆豐-三重,2024-01-11,7008
5608,四維航,10,0,10,兆豐-三重,2024-01-11,7008
6104,創惟,11,1,10,兆豐-三重,2024-01-11,7008
6108,競國,10,0,10,兆豐-三重,2024-01-11,7008
6116,彩晶,10,0,10,兆豐-三重,2024-01-11,7008
8277,商丞,10,0,10,兆豐-三重,2024-01-11,7008
2303,聯電,12,3,9,兆豐-三重,2024-01-11,7008
8068,全達,9,0,9,兆豐-三重,2024-01-11,7008
2636,台驊控股,8,0,8,兆豐-三重,2024-01-11,7008
3017,奇鋐,12,4,8,兆豐-三重,2024-01-11,7008
6237,驊訊,9,1,8,兆豐-三重,2024-01-11,7008
8086,宏捷科,8,0,8,兆豐-三重,2024-01-11,7008
1522,堤維西,7,0,7,兆豐-三重,2024-01-11,7008
5340,建榮,7,0,7,兆豐-三重,2024-01-11,7008
5483,中美晶,8,1,7,兆豐-三重,2024-01-11,7008
6411,晶焱,7,0,7,兆豐-三重,2024-01-11,7008
00878,國泰永續高股息,7,1,6,兆豐-三重,2024-01-11,7008
1503,士電,7,1,6,兆豐-三重,2024-01-11,7008
1310,台苯,6,0,6,兆豐-三重,2024-01-11,7008
8096,擎亞,203,115,88,兆豐-三重,2024-01-12,7008
2888,新光金,60,0,60,兆豐-三重,2024-01-12,7008
00929,復華台灣科技優息,54,4,50,兆豐-三重,2024-01-12,7008
1528,恩德,45,0,45,兆豐-三重,2024-01-12,7008
00927,群益半導體收益,30,0,30,兆豐-三重,2024-01-12,7008
2612,中航,25,0,25,兆豐-三重,2024-01-12,7008
00931B,統一美債20年,22,0,22,兆豐-三重,2024-01-12,7008
8011,台通,36,14,22,兆豐-三重,2024-01-12,7008
2324,仁寶,22,1,21,兆豐-三重,2024-01-12,7008
2201,裕隆,20,0,20,兆豐-三重,2024-01-12,7008
5351,鈺創,22,4,18,兆豐-三重,2024-01-12,7008
3037,欣興,18,0,18,兆豐-三重,2024-01-12,7008
2618,長榮航,42,25,17,兆豐-三重,2024-01-12,7008
1449,佳和,16,0,16,兆豐-三重,2024-01-12,7008
2449,京元電子,21,5,16,兆豐-三重,2024-01-12,7008
3715,定穎投控,17,1,16,兆豐-三重,2024-01-12,7008
2477,美隆電,13,0,13,兆豐-三重,2024-01-12,7008
8176,智捷,13,0,13,兆豐-三重,2024-01-12,7008
8034,榮群,16,4,12,兆豐-三重,2024-01-12,7008
00881,國泰台灣5G+,10,0,10,兆豐-三重,2024-01-12,7008
00712,復華富時不動產,10,0,10,兆豐-三重,2024-01-12,7008
00687B,國泰20年美債,10,0,10,兆豐-三重,2024-01-12,7008
00680L,元大美債20正2,10,0,10,兆豐-三重,2024-01-12,7008
2362,藍天,10,0,10,兆豐-三重,2024-01-12,7008
2390,云辰,10,0,10,兆豐-三重,2024-01-12,7008
3694,海華,10,0,10,兆豐-三重,2024-01-12,7008
6129,普誠,10,0,10,兆豐-三重,2024-01-12,7008
6237,驊訊,14,4,10,兆豐-三重,2024-01-12,7008
2329,華泰,13,4,9,兆豐-三重,2024-01-12,7008
2423,固緯,9,0,9,兆豐-三重,2024-01-12,7008
8050,廣積,9,0,9,兆豐-三重,2024-01-12,7008
1513,中興電,19,11,8,兆豐-三重,2024-01-12,7008
2886,兆豐金,7,0,7,兆豐-三重,2024-01-12,7008
1503,士電,7,0,7,兆豐-三重,2024-01-12,7008
2353,宏��,30,23,7,兆豐-三重,2024-01-12,7008
2409,友達,8,1,7,兆豐-三重,2024-01-12,7008
3437,榮創,7,0,7,兆豐-三重,2024-01-12,7008
5426,振發,18,11,7,兆豐-三重,2024-01-12,7008
2313,華通,11,5,6,兆豐-三重,2024-01-12,7008
2743,山富,6,0,6,兆豐-三重,2024-01-12,7008
3035,智原,14,8,6,兆豐-三重,2024-01-12,7008
6156,松上,5,0,5,兆豐-三重,2024-01-12,7008
5425,台半,5,0,5,兆豐-三重,2024-01-12,7008
0050,元大台灣50,5,0,5,兆豐-三重,2024-01-12,7008
6695,芯鼎,43,38,5,兆豐-三重,2024-01-12,7008
00753L,中信中國50正2,5,0,5,兆豐-三重,2024-01-12,7008
2208,台船,16,11,5,兆豐-三重,2024-01-12,7008
2352,佳世達,8,3,5,兆豐-三重,2024-01-12,7008
2405,輔信,5,0,5,兆豐-三重,2024-01-12,7008
2731,雄獅,5,0,5,兆豐-三重,2024-01-12,7008
00929,復華台灣科技優息,85,9,76,兆豐-三重,2024-01-15,7008
0056,元大高股息,94,33,61,兆豐-三重,2024-01-15,7008
00720B,元大投資級公司債,56,4,52,兆豐-三重,2024-01-15,7008
00931B,統一美債20年,44,0,44,兆豐-三重,2024-01-15,7008
3622,洋華,49,8,41,兆豐-三重,2024-01-15,7008
2618,長榮航,54,15,39,兆豐-三重,2024-01-15,7008
1519,華城,57,22,35,兆豐-三重,2024-01-15,7008
2610,華航,34,0,34,兆豐-三重,2024-01-15,7008
00927,群益半導體收益,30,0,30,兆豐-三重,2024-01-15,7008
8054,安國,31,1,30,兆豐-三重,2024-01-15,7008
2392,正崴,25,0,25,兆豐-三重,2024-01-15,7008
5426,振發,33,10,23,兆豐-三重,2024-01-15,7008
2317,鴻海,24,1,23,兆豐-三重,2024-01-15,7008
6593,台灣銘板,19,0,19,兆豐-三重,2024-01-15,7008
3035,智原,22,6,16,兆豐-三重,2024-01-15,7008
3481,群創,16,1,15,兆豐-三重,2024-01-15,7008
00937B,群益ESG投等債20,15,0,15,兆豐-三重,2024-01-15,7008
2812,台中銀,15,0,15,兆豐-三重,2024-01-15,7008
2888,新光金,15,0,15,兆豐-三重,2024-01-15,7008
00919,群益台灣精選高息,66,52,14,兆豐-三重,2024-01-15,7008
3037,欣興,18,5,13,兆豐-三重,2024-01-15,7008
2382,廣達,29,18,11,兆豐-三重,2024-01-15,7008
3231,緯創,153,142,11,兆豐-三重,2024-01-15,7008
2476,鉅祥,10,0,10,兆豐-三重,2024-01-15,7008
2845,遠東銀,10,0,10,兆豐-三重,2024-01-15,7008
6244,茂迪,10,0,10,兆豐-三重,2024-01-15,7008
1514,亞力,164,155,9,兆豐-三重,2024-01-15,7008
6187,萬潤,9,0,9,兆豐-三重,2024-01-15,7008
8086,宏捷科,10,1,9,兆豐-三重,2024-01-15,7008
2421,建準,9,1,8,兆豐-三重,2024-01-15,7008
3266,昇陽,8,0,8,兆豐-三重,2024-01-15,7008
00878,國泰永續高股息,9,2,7,兆豐-三重,2024-01-15,7008
00688L,國泰20年美債正2,7,0,7,兆豐-三重,2024-01-15,7008
3032,偉訓,14,7,7,兆豐-三重,2024-01-15,7008
9945,潤泰新,7,0,7,兆豐-三重,2024-01-15,7008
1513,中興電,10,4,6,兆豐-三重,2024-01-15,7008
00881,國泰台灣5G+,6,0,6,兆豐-三重,2024-01-15,7008
2208,台船,31,25,6,兆豐-三重,2024-01-15,7008
2603,長榮,9,3,6,兆豐-三重,2024-01-15,7008
2731,雄獅,8,2,6,兆豐-三重,2024-01-15,7008
3041,揚智,6,0,6,兆豐-三重,2024-01-15,7008
2886,兆豐金,6,0,6,兆豐-三重,2024-01-15,7008
3701,大眾控,5,0,5,兆豐-三重,2024-01-15,7008
00713,元大台灣高息低波,5,0,5,兆豐-三重,2024-01-15,7008
00753L,中信中國50正2,5,0,5,兆豐-三重,2024-01-15,7008
1442,名軒,5,0,5,兆豐-三重,2024-01-15,7008
2342,茂矽,5,0,5,兆豐-三重,2024-01-15,7008
2363,矽統,5,0,5,兆豐-三重,2024-01-15,7008
2601,益航,5,0,5,兆豐-三重,2024-01-15,7008
3017,奇鋐,8,3,5,兆豐-三重,2024-01-15,7008
00929,復華台灣科技優息,319,2,317,兆豐-三重,2024-01-16,7008
1101,台泥,183,0,183,兆豐-三重,2024-01-16,7008
0056,元大高股息,173,20,153,兆豐-三重,2024-01-16,7008
8096,擎亞,216,128,88,兆豐-三重,2024-01-16,7008
2882,國泰金,61,0,61,兆豐-三重,2024-01-16,7008
1326,台化,50,0,50,兆豐-三重,2024-01-16,7008
00927,群益半導體收益,43,0,43,兆豐-三重,2024-01-16,7008
2486,一詮,164,121,43,兆豐-三重,2024-01-16,7008
00665L,富邦�琤肭磪囓�2,30,0,30,兆豐-三重,2024-01-16,7008
00931B,統一美債20年,24,0,24,兆豐-三重,2024-01-16,7008
1609,大亞,27,5,22,兆豐-三重,2024-01-16,7008
6695,芯鼎,247,225,22,兆豐-三重,2024-01-16,7008
00753L,中信中國50正2,31,10,21,兆豐-三重,2024-01-16,7008
2312,金寶,20,0,20,兆豐-三重,2024-01-16,7008
2610,華航,18,1,17,兆豐-三重,2024-01-16,7008
00919,群益台灣精選高息,26,10,16,兆豐-三重,2024-01-16,7008
2356,英業達,20,4,16,兆豐-三重,2024-01-16,7008
2409,友達,29,13,16,兆豐-三重,2024-01-16,7008
3576,聯合再生,25,10,15,兆豐-三重,2024-01-16,7008
2887,台新金,14,0,14,兆豐-三重,2024-01-16,7008
2421,建準,15,2,13,兆豐-三重,2024-01-16,7008
00680L,元大美債20正2,12,0,12,兆豐-三重,2024-01-16,7008
00688L,國泰20年美債正2,12,0,12,兆豐-三重,2024-01-16,7008
2609,陽明,47,35,12,兆豐-三重,2024-01-16,7008
5880,合庫金,12,0,12,兆豐-三重,2024-01-16,7008
4909,新復興,14,3,11,兆豐-三重,2024-01-16,7008
2344,華邦電,11,1,10,兆豐-三重,2024-01-16,7008
00687B,國泰20年美債,15,5,10,兆豐-三重,2024-01-16,7008
1310,台苯,10,0,10,兆豐-三重,2024-01-16,7008
1417,嘉裕,10,0,10,兆豐-三重,2024-01-16,7008
1476,儒鴻,10,0,10,兆豐-三重,2024-01-16,7008
2374,佳能,10,0,10,兆豐-三重,2024-01-16,7008
2382,廣達,15,5,10,兆豐-三重,2024-01-16,7008
2838,聯邦銀,10,0,10,兆豐-三重,2024-01-16,7008
2845,遠東銀,10,0,10,兆豐-三重,2024-01-16,7008
2892,第一金,10,0,10,兆豐-三重,2024-01-16,7008
3289,宜特,10,0,10,兆豐-三重,2024-01-16,7008
4939,亞電,10,0,10,兆豐-三重,2024-01-16,7008
8410,森田,10,0,10,兆豐-三重,2024-01-16,7008
0050,元大台灣50,8,0,8,兆豐-三重,2024-01-16,7008
5351,鈺創,35,27,8,兆豐-三重,2024-01-16,7008
6139,亞翔,12,4,8,兆豐-三重,2024-01-16,7008
2105,正新,8,1,7,兆豐-三重,2024-01-16,7008
2324,仁寶,7,0,7,兆豐-三重,2024-01-16,7008
2401,凌陽,9,2,7,兆豐-三重,2024-01-16,7008
5609,中菲行,130,123,7,兆豐-三重,2024-01-16,7008
6026,福邦證,10,3,7,兆豐-三重,2024-01-16,7008
00720B,元大投資級公司債,6,0,6,兆豐-三重,2024-01-16,7008
00923,群益台ESG低碳50,6,0,6,兆豐-三重,2024-01-16,7008
1314,中石化,6,0,6,兆豐-三重,2024-01-16,7008
00929,復華台灣科技優息,293,7,286,兆豐-三重,2024-01-17,7008
2344,華邦電,174,0,174,兆豐-三重,2024-01-17,7008
00927,群益半導體收益,56,0,56,兆豐-三重,2024-01-17,7008
9958,世紀鋼,50,1,49,兆豐-三重,2024-01-17,7008
2303,聯電,80,35,45,兆豐-三重,2024-01-17,7008
020031,統一IC設計臺灣N,40,0,40,兆豐-三重,2024-01-17,7008
1519,華城,46,7,39,兆豐-三重,2024-01-17,7008
00931B,統一美債20年,35,0,35,兆豐-三重,2024-01-17,7008
2882,國泰金,31,0,31,兆豐-三重,2024-01-17,7008
00882,中信中國高股息,45,15,30,兆豐-三重,2024-01-17,7008
00753L,中信中國50正2,26,0,26,兆豐-三重,2024-01-17,7008
00665L,富邦�琤肭磪囓�2,25,0,25,兆豐-三重,2024-01-17,7008
6770,力積電,24,0,24,兆豐-三重,2024-01-17,7008
2353,宏��,26,4,22,兆豐-三重,2024-01-17,7008
2354,鴻準,21,0,21,兆豐-三重,2024-01-17,7008
2887,台新金,19,0,19,兆豐-三重,2024-01-17,7008
2486,一詮,36,18,18,兆豐-三重,2024-01-17,7008
2883,凱基金,25,7,18,兆豐-三重,2024-01-17,7008
3694,海華,19,1,18,兆豐-三重,2024-01-17,7008
3266,昇陽,17,0,17,兆豐-三重,2024-01-17,7008
2886,兆豐金,18,1,17,兆豐-三重,2024-01-17,7008
2327,國巨,16,0,16,兆豐-三重,2024-01-17,7008
2371,大同,16,0,16,兆豐-三重,2024-01-17,7008
2317,鴻海,16,1,15,兆豐-三重,2024-01-17,7008
2610,華航,14,0,14,兆豐-三重,2024-01-17,7008
6005,群益證,14,0,14,兆豐-三重,2024-01-17,7008
6695,芯鼎,20,7,13,兆豐-三重,2024-01-17,7008
00688L,國泰20年美債正2,12,0,12,兆豐-三重,2024-01-17,7008
4743,合一,12,0,12,兆豐-三重,2024-01-17,7008
8215,明基材,14,2,12,兆豐-三重,2024-01-17,7008
2308,台達電,12,1,11,兆豐-三重,2024-01-17,7008
00937B,群益ESG投等債20,21,10,11,兆豐-三重,2024-01-17,7008
1522,堤維西,11,0,11,兆豐-三重,2024-01-17,7008
1605,華新,17,6,11,兆豐-三重,2024-01-17,7008
2885,元大金,11,0,11,兆豐-三重,2024-01-17,7008
3231,緯創,21,10,11,兆豐-三重,2024-01-17,7008
6156,松上,10,0,10,兆豐-三重,2024-01-17,7008
5425,台半,17,7,10,兆豐-三重,2024-01-17,7008
1409,新纖,10,0,10,兆豐-三重,2024-01-17,7008
1476,儒鴻,10,0,10,兆豐-三重,2024-01-17,7008
3354,律勝,18,8,10,兆豐-三重,2024-01-17,7008
00679B,元大美債20年,11,3,8,兆豐-三重,2024-01-17,7008
2355,敬鵬,8,0,8,兆豐-三重,2024-01-17,7008
2356,英業達,11,3,8,兆豐-三重,2024-01-17,7008
3689,湧德,8,0,8,兆豐-三重,2024-01-17,7008
5443,均豪,10,2,8,兆豐-三重,2024-01-17,7008
6187,萬潤,12,4,8,兆豐-三重,2024-01-17,7008
6443,元晶,8,0,8,兆豐-三重,2024-01-17,7008
0050,元大台灣50,8,1,7,兆豐-三重,2024-01-17,7008
2329,華泰,19,12,7,兆豐-三重,2024-01-17,7008
0056,元大高股息,62,0,62,兆豐-三重,2024-01-18,7008
00929,復華台灣科技優息,64,5,59,兆豐-三重,2024-01-18,7008
00882,中信中國高股息,57,0,57,兆豐-三重,2024-01-18,7008
2834,臺企銀,55,0,55,兆豐-三重,2024-01-18,7008
00931B,統一美債20年,51,0,51,兆豐-三重,2024-01-18,7008
9958,世紀鋼,53,9,44,兆豐-三重,2024-01-18,7008
00919,群益台灣精選高息,39,0,39,兆豐-三重,2024-01-18,7008
3715,定穎投控,31,0,31,兆豐-三重,2024-01-18,7008
00651R,復華香港反1,30,0,30,兆豐-三重,2024-01-18,7008
8096,擎亞,41,11,30,兆豐-三重,2024-01-18,7008
00637L,元大滬深300正2,33,6,27,兆豐-三重,2024-01-18,7008
2105,正新,25,0,25,兆豐-三重,2024-01-18,7008
2303,聯電,52,35,17,兆豐-三重,2024-01-18,7008
2610,華航,17,0,17,兆豐-三重,2024-01-18,7008
5426,振發,37,24,13,兆豐-三重,2024-01-18,7008
020031,統一IC設計臺灣N,12,0,12,兆豐-三重,2024-01-18,7008
00881,國泰台灣5G+,12,0,12,兆豐-三重,2024-01-18,7008
3588,通嘉,11,0,11,兆豐-三重,2024-01-18,7008
1605,華新,10,0,10,兆豐-三重,2024-01-18,7008
1476,儒鴻,10,0,10,兆豐-三重,2024-01-18,7008
2897,王道銀行,10,0,10,兆豐-三重,2024-01-18,7008
3025,星通,13,3,10,兆豐-三重,2024-01-18,7008
3437,榮創,12,2,10,兆豐-三重,2024-01-18,7008
4157,太景*-KY,10,0,10,兆豐-三重,2024-01-18,7008
4942,嘉彰,10,0,10,兆豐-三重,2024-01-18,7008
3576,聯合再生,25,16,9,兆豐-三重,2024-01-18,7008
00720B,元大投資級公司債,8,0,8,兆豐-三重,2024-01-18,7008
2888,新光金,8,0,8,兆豐-三重,2024-01-18,7008
3689,湧德,10,2,8,兆豐-三重,2024-01-18,7008
8054,安國,8,0,8,兆豐-三重,2024-01-18,7008
5425,台半,7,0,7,兆豐-三重,2024-01-18,7008
2329,華泰,12,5,7,兆豐-三重,2024-01-18,7008
2353,宏��,11,4,7,兆豐-三重,2024-01-18,7008
2887,台新金,7,0,7,兆豐-三重,2024-01-18,7008
6695,芯鼎,30,23,7,兆豐-三重,2024-01-18,7008
2382,廣達,6,0,6,兆豐-三重,2024-01-18,7008
2363,矽統,8,2,6,兆豐-三重,2024-01-18,7008
3231,緯創,35,29,6,兆豐-三重,2024-01-18,7008
8046,南電,6,0,6,兆豐-三重,2024-01-18,7008
1528,恩德,22,17,5,兆豐-三重,2024-01-18,7008
2332,友訊,5,0,5,兆豐-三重,2024-01-18,7008
2356,英業達,9,4,5,兆豐-三重,2024-01-18,7008
2399,映泰,5,0,5,兆豐-三重,2024-01-18,7008
3005,神基,5,0,5,兆豐-三重,2024-01-18,7008
4960,誠美材,17,12,5,兆豐-三重,2024-01-18,7008
6668,中揚光,6,1,5,兆豐-三重,2024-01-18,7008
3622,洋華,6,2,4,兆豐-三重,2024-01-18,7008
00878,國泰永續高股息,10,6,4,兆豐-三重,2024-01-18,7008
2882,國泰金,4,0,4,兆豐-三重,2024-01-18,7008
2365,昆盈,8,4,4,兆豐-三重,2024-01-18,7008
0056,元大高股息,654,5,649,兆豐-三重,2024-01-19,7008
00632R,元大台灣50反1,220,71,149,兆豐-三重,2024-01-19,7008
2834,臺企銀,100,0,100,兆豐-三重,2024-01-19,7008
2883,凱基金,245,161,84,兆豐-三重,2024-01-19,7008
2367,燿華,80,0,80,兆豐-三重,2024-01-19,7008
00929,復華台灣科技優息,58,0,58,兆豐-三重,2024-01-19,7008
00931B,統一美債20年,44,0,44,兆豐-三重,2024-01-19,7008
00679B,元大美債20年,38,0,38,兆豐-三重,2024-01-19,7008
2618,長榮航,38,4,34,兆豐-三重,2024-01-19,7008
00878,國泰永續高股息,41,8,33,兆豐-三重,2024-01-19,7008
00773B,中信優先金融債,31,0,31,兆豐-三重,2024-01-19,7008
00927,群益半導體收益,21,0,21,兆豐-三重,2024-01-19,7008
00680L,元大美債20正2,23,3,20,兆豐-三重,2024-01-19,7008
00688L,國泰20年美債正2,18,0,18,兆豐-三重,2024-01-19,7008
6120,達運,21,5,16,兆豐-三重,2024-01-19,7008
6187,萬潤,20,4,16,兆豐-三重,2024-01-19,7008
00937B,群益ESG投等債20,15,0,15,兆豐-三重,2024-01-19,7008
2850,新產,15,0,15,兆豐-三重,2024-01-19,7008
3530,晶相光,16,2,14,兆豐-三重,2024-01-19,7008
1444,力麗,11,0,11,兆豐-三重,2024-01-19,7008
6789,采鈺,15,4,11,兆豐-三重,2024-01-19,7008
2390,云辰,10,0,10,兆豐-三重,2024-01-19,7008
2392,正崴,10,0,10,兆豐-三重,2024-01-19,7008
2888,新光金,20,10,10,兆豐-三重,2024-01-19,7008
2002,中鋼,9,0,9,兆豐-三重,2024-01-19,7008
4956,光鋐,27,18,9,兆豐-三重,2024-01-19,7008
6695,芯鼎,27,19,8,兆豐-三重,2024-01-19,7008
6285,啟��,13,6,7,兆豐-三重,2024-01-19,7008
2486,一詮,10,3,7,兆豐-三重,2024-01-19,7008
4129,聯合,7,0,7,兆豐-三重,2024-01-19,7008
6168,宏齊,7,0,7,兆豐-三重,2024-01-19,7008
2314,台揚,6,0,6,兆豐-三重,2024-01-19,7008
2449,京元電子,14,8,6,兆豐-三重,2024-01-19,7008
00720B,元大投資級公司債,5,0,5,兆豐-三重,2024-01-19,7008
00933B,國泰10Y+金融債,5,0,5,兆豐-三重,2024-01-19,7008
00795B,中信美國公債20年,8,3,5,兆豐-三重,2024-01-19,7008
1806,冠軍,5,0,5,兆豐-三重,2024-01-19,7008
2340,台亞,5,0,5,兆豐-三重,2024-01-19,7008
2610,華航,15,10,5,兆豐-三重,2024-01-19,7008
3265,台星科,8,3,5,兆豐-三重,2024-01-19,7008
3305,昇貿,5,0,5,兆豐-三重,2024-01-19,7008
4109,加捷生醫,5,0,5,兆豐-三重,2024-01-19,7008
4960,誠美材,5,0,5,兆豐-三重,2024-01-19,7008
6206,飛捷,5,0,5,兆豐-三重,2024-01-19,7008
6282,康舒,8,3,5,兆豐-三重,2024-01-19,7008
6684,安格,15,10,5,兆豐-三重,2024-01-19,7008
6719,力智,5,0,5,兆豐-三重,2024-01-19,7008
6111,大宇資,6,2,4,兆豐-三重,2024-01-19,7008
00751B,元大AAA至A公司債,4,0,4,兆豐-三重,2024-01-19,7008
1536,和大,4,0,4,兆豐-三重,2024-01-19,7008
2344,華邦電,150,1,149,兆豐-三重,2024-01-22,7008
0056,元大高股息,102,11,91,兆豐-三重,2024-01-22,7008
2882,國泰金,82,1,81,兆豐-三重,2024-01-22,7008
00753L,中信中國50正2,70,0,70,兆豐-三重,2024-01-22,7008
8096,擎亞,75,9,66,兆豐-三重,2024-01-22,7008
00882,中信中國高股息,42,0,42,兆豐-三重,2024-01-22,7008
2881,富邦金,40,0,40,兆豐-三重,2024-01-22,7008
00665L,富邦�琤肭磪囓�2,40,0,40,兆豐-三重,2024-01-22,7008
1536,和大,30,0,30,兆豐-三重,2024-01-22,7008
1710,東聯,20,0,20,兆豐-三重,2024-01-22,7008
2832,台產,20,0,20,兆豐-三重,2024-01-22,7008
3481,群創,71,54,17,兆豐-三重,2024-01-22,7008
00927,群益半導體收益,20,5,15,兆豐-三重,2024-01-22,7008
2412,中華電,85,70,15,兆豐-三重,2024-01-22,7008
2002,中鋼,15,2,13,兆豐-三重,2024-01-22,7008
00712,復華富時不動產,12,0,12,兆豐-三重,2024-01-22,7008
2618,長榮航,25,14,11,兆豐-三重,2024-01-22,7008
3339,泰谷,18,7,11,兆豐-三重,2024-01-22,7008
3694,海華,11,0,11,兆豐-三重,2024-01-22,7008
00632R,元大台灣50反1,10,0,10,兆豐-三重,2024-01-22,7008
00877,復華中國5G,10,0,10,兆豐-三重,2024-01-22,7008
5469,瀚宇博,10,0,10,兆豐-三重,2024-01-22,7008
5607,遠雄港,10,0,10,兆豐-三重,2024-01-22,7008
6134,萬旭,17,7,10,兆豐-三重,2024-01-22,7008
2313,華通,8,0,8,兆豐-三重,2024-01-22,7008
2610,華航,10,2,8,兆豐-三重,2024-01-22,7008
00937B,群益ESG投等債20,7,0,7,兆豐-三重,2024-01-22,7008
2243,宏旭-KY,12,5,7,兆豐-三重,2024-01-22,7008
3188,鑫龍騰,7,0,7,兆豐-三重,2024-01-22,7008
6231,系微,7,0,7,兆豐-三重,2024-01-22,7008
2886,兆豐金,5,0,5,兆豐-三重,2024-01-22,7008
2615,萬海,6,1,5,兆豐-三重,2024-01-22,7008
2630,亞航,5,0,5,兆豐-三重,2024-01-22,7008
3548,兆利,8,3,5,兆豐-三重,2024-01-22,7008
5452,佶優,5,0,5,兆豐-三重,2024-01-22,7008
6127,九豪,5,0,5,兆豐-三重,2024-01-22,7008
3029,零壹,5,0,5,兆豐-三重,2024-01-22,7008
2603,長榮,14,10,4,兆豐-三重,2024-01-22,7008
00688L,國泰20年美債正2,4,0,4,兆豐-三重,2024-01-22,7008
00933B,國泰10Y+金融債,5,1,4,兆豐-三重,2024-01-22,7008
1528,恩德,5,1,4,兆豐-三重,2024-01-22,7008
2201,裕隆,5,1,4,兆豐-三重,2024-01-22,7008
2317,鴻海,4,0,4,兆豐-三重,2024-01-22,7008
2359,所羅門,5,1,4,兆豐-三重,2024-01-22,7008
3025,星通,4,0,4,兆豐-三重,2024-01-22,7008
4956,光鋐,4,0,4,兆豐-三重,2024-01-22,7008
2883,凱基金,4,0,4,兆豐-三重,2024-01-22,7008
2454,聯發科,3,0,3,兆豐-三重,2024-01-22,7008
1301,台塑,3,0,3,兆豐-三重,2024-01-22,7008
1305,華夏,3,0,3,兆豐-三重,2024-01-22,7008
00919,群益台灣精選高息,166,10,156,兆豐-三重,2024-01-23,7008
2465,麗臺,63,5,58,兆豐-三重,2024-01-23,7008
1460,宏遠,50,0,50,兆豐-三重,2024-01-23,7008
2303,聯電,43,1,42,兆豐-三重,2024-01-23,7008
2636,台驊控股,24,0,24,兆豐-三重,2024-01-23,7008
1519,華城,41,19,22,兆豐-三重,2024-01-23,7008
2392,正崴,20,0,20,兆豐-三重,2024-01-23,7008
6167,久正,19,0,19,兆豐-三重,2024-01-23,7008
00937B,群益ESG投等債20,17,2,15,兆豐-三重,2024-01-23,7008
3437,榮創,15,0,15,兆豐-三重,2024-01-23,7008
1605,華新,20,6,14,兆豐-三重,2024-01-23,7008
2486,一詮,17,3,14,兆豐-三重,2024-01-23,7008
2609,陽明,15,1,14,兆豐-三重,2024-01-23,7008
9933,中鼎,14,0,14,兆豐-三重,2024-01-23,7008
4967,十銓,13,0,13,兆豐-三重,2024-01-23,7008
6116,彩晶,37,24,13,兆豐-三重,2024-01-23,7008
4933,友輝,13,1,12,兆豐-三重,2024-01-23,7008
2329,華泰,23,12,11,兆豐-三重,2024-01-23,7008
00632R,元大台灣50反1,10,0,10,兆豐-三重,2024-01-23,7008
4806,桂田文創,10,0,10,兆豐-三重,2024-01-23,7008
4938,和碩,10,0,10,兆豐-三重,2024-01-23,7008
3231,緯創,35,25,10,兆豐-三重,2024-01-23,7008
00637L,元大滬深300正2,27,19,8,兆豐-三重,2024-01-23,7008
2610,華航,10,2,8,兆豐-三重,2024-01-23,7008
2618,長榮航,8,0,8,兆豐-三重,2024-01-23,7008
3296,勝德,8,0,8,兆豐-三重,2024-01-23,7008
6109,亞元,8,0,8,兆豐-三重,2024-01-23,7008
1303,南亞,7,0,7,兆豐-三重,2024-01-23,7008
3035,智原,9,2,7,兆豐-三重,2024-01-23,7008
3711,日月光投控,7,0,7,兆豐-三重,2024-01-23,7008
4908,前鼎,11,4,7,兆豐-三重,2024-01-23,7008
6756,威鋒電子,7,0,7,兆豐-三重,2024-01-23,7008
1471,首利,6,0,6,兆豐-三重,2024-01-23,7008
3078,僑威,7,1,6,兆豐-三重,2024-01-23,7008
6168,宏齊,7,1,6,兆豐-三重,2024-01-23,7008
00878,國泰永續高股息,7,1,6,兆豐-三重,2024-01-23,7008
2542,興富發,5,0,5,兆豐-三重,2024-01-23,7008
2612,中航,5,0,5,兆豐-三重,2024-01-23,7008
3234,光環,5,0,5,兆豐-三重,2024-01-23,7008
3317,尼克森,5,0,5,兆豐-三重,2024-01-23,7008
3324,雙鴻,5,0,5,兆豐-三重,2024-01-23,7008
3325,旭品,5,0,5,兆豐-三重,2024-01-23,7008
3704,合勤控,10,5,5,兆豐-三重,2024-01-23,7008
4956,光鋐,6,1,5,兆豐-三重,2024-01-23,7008
6117,迎廣,5,0,5,兆豐-三重,2024-01-23,7008
6134,萬旭,5,0,5,兆豐-三重,2024-01-23,7008
8070,長華*,5,0,5,兆豐-三重,2024-01-23,7008
8110,華東,7,2,5,兆豐-三重,2024-01-23,7008
8155,博智,5,0,5,兆豐-三重,2024-01-23,7008
2890,永豐金,5,0,5,兆豐-三重,2024-01-23,7008
00922,國泰台灣領袖50,400,5,395,兆豐-三重,2024-01-24,7008
00919,群益台灣精選高息,106,1,105,兆豐-三重,2024-01-24,7008
2504,國產,50,2,48,兆豐-三重,2024-01-24,7008
00933B,國泰10Y+金融債,40,0,40,兆豐-三重,2024-01-24,7008
00878,國泰永續高股息,42,3,39,兆豐-三重,2024-01-24,7008
020031,統一IC設計臺灣N,28,0,28,兆豐-三重,2024-01-24,7008
6134,萬旭,25,0,25,兆豐-三重,2024-01-24,7008
2486,一詮,23,0,23,兆豐-三重,2024-01-24,7008
3231,緯創,84,63,21,兆豐-三重,2024-01-24,7008
00937B,群益ESG投等債20,18,0,18,兆豐-三重,2024-01-24,7008
00931B,統一美債20年,18,0,18,兆豐-三重,2024-01-24,7008
3055,蔚華科,33,15,18,兆豐-三重,2024-01-24,7008
6168,宏齊,18,0,18,兆豐-三重,2024-01-24,7008
2313,華通,19,2,17,兆豐-三重,2024-01-24,7008
3037,欣興,18,1,17,兆豐-三重,2024-01-24,7008
00637L,元大滬深300正2,28,14,14,兆豐-三重,2024-01-24,7008
5443,均豪,15,1,14,兆豐-三重,2024-01-24,7008
00687B,國泰20年美債,13,0,13,兆豐-三重,2024-01-24,7008
3047,訊舟,16,4,12,兆豐-三重,2024-01-24,7008
00877,復華中國5G,11,0,11,兆豐-三重,2024-01-24,7008
3260,威剛,12,1,11,兆豐-三重,2024-01-24,7008
2355,敬鵬,10,0,10,兆豐-三重,2024-01-24,7008
2485,兆赫,10,0,10,兆豐-三重,2024-01-24,7008
2605,新興,10,0,10,兆豐-三重,2024-01-24,7008
2610,華航,10,0,10,兆豐-三重,2024-01-24,7008
3530,晶相光,11,1,10,兆豐-三重,2024-01-24,7008
3706,神達,17,7,10,兆豐-三重,2024-01-24,7008
4109,加捷生醫,10,0,10,兆豐-三重,2024-01-24,7008
5009,榮剛,10,0,10,兆豐-三重,2024-01-24,7008
6113,亞矽,10,0,10,兆豐-三重,2024-01-24,7008
9904,寶成,10,0,10,兆豐-三重,2024-01-24,7008
00882,中信中國高股息,9,0,9,兆豐-三重,2024-01-24,7008
1524,耿鼎,9,0,9,兆豐-三重,2024-01-24,7008
4956,光鋐,9,0,9,兆豐-三重,2024-01-24,7008
2330,台積電,15,6,9,兆豐-三重,2024-01-24,7008
00679B,元大美債20年,8,0,8,兆豐-三重,2024-01-24,7008
00795B,中信美國公債20年,7,0,7,兆豐-三重,2024-01-24,7008
2409,友達,21,14,7,兆豐-三重,2024-01-24,7008
3545,敦泰,7,0,7,兆豐-三重,2024-01-24,7008
4960,誠美材,8,1,7,兆豐-三重,2024-01-24,7008
6901,鑽石投資,7,0,7,兆豐-三重,2024-01-24,7008
2324,仁寶,10,4,6,兆豐-三重,2024-01-24,7008
2408,南亞科,13,7,6,兆豐-三重,2024-01-24,7008
2637,慧洋-KY,6,0,6,兆豐-三重,2024-01-24,7008
3293,鈊象,7,1,6,兆豐-三重,2024-01-24,7008
6835,圓裕,6,0,6,兆豐-三重,2024-01-24,7008
1218,泰山,5,0,5,兆豐-三重,2024-01-24,7008
0056,元大高股息,6,1,5,兆豐-三重,2024-01-24,7008
00782B,國泰A級公用債,5,0,5,兆豐-三重,2024-01-24,7008
2405,輔信,5,0,5,兆豐-三重,2024-01-24,7008
8096,擎亞,232,169,63,兆豐-三重,2024-01-25,7008
00937B,群益ESG投等債20,57,0,57,兆豐-三重,2024-01-25,7008
00751B,元大AAA至A公司債,25,0,25,兆豐-三重,2024-01-25,7008
2832,台產,18,0,18,兆豐-三重,2024-01-25,7008
2409,友達,18,1,17,兆豐-三重,2024-01-25,7008
2618,長榮航,17,0,17,兆豐-三重,2024-01-25,7008
0056,元大高股息,25,9,16,兆豐-三重,2024-01-25,7008
1477,聚陽,15,0,15,兆豐-三重,2024-01-25,7008
2353,宏��,20,6,14,兆豐-三重,2024-01-25,7008
2356,英業達,29,15,14,兆豐-三重,2024-01-25,7008
6231,系微,13,0,13,兆豐-三重,2024-01-25,7008
1301,台塑,12,0,12,兆豐-三重,2024-01-25,7008
1536,和大,11,0,11,兆豐-三重,2024-01-25,7008
00687B,國泰20年美債,19,8,11,兆豐-三重,2024-01-25,7008
00632R,元大台灣50反1,10,0,10,兆豐-三重,2024-01-25,7008
2360,致茂,10,0,10,兆豐-三重,2024-01-25,7008
2486,一詮,11,1,10,兆豐-三重,2024-01-25,7008
3207,耀勝,12,2,10,兆豐-三重,2024-01-25,7008
5876,上海商銀,10,0,10,兆豐-三重,2024-01-25,7008
2421,建準,12,3,9,兆豐-三重,2024-01-25,7008
3706,神達,10,1,9,兆豐-三重,2024-01-25,7008
1503,士電,10,2,8,兆豐-三重,2024-01-25,7008
2365,昆盈,14,6,8,兆豐-三重,2024-01-25,7008
5258,虹堡,8,0,8,兆豐-三重,2024-01-25,7008
8046,南電,8,0,8,兆豐-三重,2024-01-25,7008
1310,台苯,7,0,7,兆豐-三重,2024-01-25,7008
00882,中信中國高股息,11,4,7,兆豐-三重,2024-01-25,7008
00795B,中信美國公債20年,7,0,7,兆豐-三重,2024-01-25,7008
00665L,富邦�琤肭磪囓�2,7,0,7,兆豐-三重,2024-01-25,7008
3231,緯創,57,50,7,兆豐-三重,2024-01-25,7008
5340,建榮,7,0,7,兆豐-三重,2024-01-25,7008
5483,中美晶,8,1,7,兆豐-三重,2024-01-25,7008
6547,高端疫苗,7,0,7,兆豐-三重,2024-01-25,7008
00680L,元大美債20正2,6,0,6,兆豐-三重,2024-01-25,7008
1102,亞泥,6,0,6,兆豐-三重,2024-01-25,7008
2382,廣達,15,9,6,兆豐-三重,2024-01-25,7008
4956,光鋐,8,2,6,兆豐-三重,2024-01-25,7008
5478,智冠,6,0,6,兆豐-三重,2024-01-25,7008
1326,台化,5,0,5,兆豐-三重,2024-01-25,7008
2467,志聖,5,0,5,兆豐-三重,2024-01-25,7008
2601,益航,5,0,5,兆豐-三重,2024-01-25,7008
3038,全台,19,14,5,兆豐-三重,2024-01-25,7008
3691,碩禾,5,0,5,兆豐-三重,2024-01-25,7008
5009,榮剛,5,0,5,兆豐-三重,2024-01-25,7008
5425,台半,5,0,5,兆豐-三重,2024-01-25,7008
5490,同亨,5,0,5,兆豐-三重,2024-01-25,7008
5521,工信,10,5,5,兆豐-三重,2024-01-25,7008
8201,無敵,5,0,5,兆豐-三重,2024-01-25,7008
9941,裕融,5,0,5,兆豐-三重,2024-01-25,7008
1519,華城,14,10,4,兆豐-三重,2024-01-25,7008
2303,聯電,96,19,77,兆豐-三重,2024-01-26,7008
8085,福華,64,0,64,兆豐-三重,2024-01-26,7008
3623,富晶通,111,61,50,兆豐-三重,2024-01-26,7008
2486,一詮,48,6,42,兆豐-三重,2024-01-26,7008
00937B,群益ESG投等債20,30,0,30,兆豐-三重,2024-01-26,7008
6116,彩晶,40,13,27,兆豐-三重,2024-01-26,7008
9105,泰金寶-DR,23,0,23,兆豐-三重,2024-01-26,7008
2324,仁寶,30,9,21,兆豐-三重,2024-01-26,7008
00632R,元大台灣50反1,15,0,15,兆豐-三重,2024-01-26,7008
2405,輔信,15,0,15,兆豐-三重,2024-01-26,7008
8110,華東,29,14,15,兆豐-三重,2024-01-26,7008
2329,華泰,21,7,14,兆豐-三重,2024-01-26,7008
8034,榮群,14,0,14,兆豐-三重,2024-01-26,7008
00665L,富邦�琤肭磪囓�2,13,0,13,兆豐-三重,2024-01-26,7008
00637L,元大滬深300正2,13,0,13,兆豐-三重,2024-01-26,7008
3406,玉晶光,13,0,13,兆豐-三重,2024-01-26,7008
3673,TPK-KY,13,0,13,兆豐-三重,2024-01-26,7008
00931B,統一美債20年,12,0,12,兆豐-三重,2024-01-26,7008
3038,全台,12,0,12,兆豐-三重,2024-01-26,7008
8930,青鋼,20,8,12,兆豐-三重,2024-01-26,7008
00687B,國泰20年美債,16,5,11,兆豐-三重,2024-01-26,7008
8105,凌巨,12,1,11,兆豐-三重,2024-01-26,7008
00633L,富邦上証正2,10,0,10,兆豐-三重,2024-01-26,7008
2501,國建,10,0,10,兆豐-三重,2024-01-26,7008
3588,通嘉,10,0,10,兆豐-三重,2024-01-26,7008
3265,台星科,25,16,9,兆豐-三重,2024-01-26,7008
3005,神基,10,2,8,兆豐-三重,2024-01-26,7008
3163,波若威,8,0,8,兆豐-三重,2024-01-26,7008
6126,信音,8,0,8,兆豐-三重,2024-01-26,7008
6168,宏齊,8,0,8,兆豐-三重,2024-01-26,7008
8936,國統,11,3,8,兆豐-三重,2024-01-26,7008
00878,國泰永續高股息,8,1,7,兆豐-三重,2024-01-26,7008
3479,安勤,7,0,7,兆豐-三重,2024-01-26,7008
3360,尚立,97,91,6,兆豐-三重,2024-01-26,7008
3437,榮創,6,0,6,兆豐-三重,2024-01-26,7008
6138,茂達,6,0,6,兆豐-三重,2024-01-26,7008
6208,日揚,6,0,6,兆豐-三重,2024-01-26,7008
5426,振發,28,22,6,兆豐-三重,2024-01-26,7008
6237,驊訊,6,1,5,兆豐-三重,2024-01-26,7008
5425,台半,5,0,5,兆豐-三重,2024-01-26,7008
00850,元大臺灣ESG永續,5,0,5,兆豐-三重,2024-01-26,7008
00650L,復華香港正2,5,0,5,兆豐-三重,2024-01-26,7008
1522,堤維西,5,0,5,兆豐-三重,2024-01-26,7008
2618,長榮航,27,22,5,兆豐-三重,2024-01-26,7008
3055,蔚華科,9,4,5,兆豐-三重,2024-01-26,7008
5905,南仁湖,5,0,5,兆豐-三重,2024-01-26,7008
6265,方土昶,7,2,5,兆豐-三重,2024-01-26,7008
6770,力積電,5,0,5,兆豐-三重,2024-01-26,7008
3694,海華,5,1,4,兆豐-三重,2024-01-26,7008
00640L,富邦日本正2,4,0,4,兆豐-三重,2024-01-26,7008
0056,元大高股息,401,9,392,兆豐-三重,2024-01-29,7008
8085,福華,333,2,331,兆豐-三重,2024-01-29,7008
00919,群益台灣精選高息,271,0,271,兆豐-三重,2024-01-29,7008
00931B,統一美債20年,164,0,164,兆豐-三重,2024-01-29,7008
00937B,群益ESG投等債20,105,20,85,兆豐-三重,2024-01-29,7008
2303,聯電,35,0,35,兆豐-三重,2024-01-29,7008
1536,和大,30,0,30,兆豐-三重,2024-01-29,7008
2314,台揚,30,0,30,兆豐-三重,2024-01-29,7008
2317,鴻海,280,250,30,兆豐-三重,2024-01-29,7008
4968,立積,27,0,27,兆豐-三重,2024-01-29,7008
2610,華航,125,100,25,兆豐-三重,2024-01-29,7008
00877,復華中國5G,21,0,21,兆豐-三重,2024-01-29,7008
2356,英業達,17,1,16,兆豐-三重,2024-01-29,7008
00929,復華台灣科技優息,13,0,13,兆豐-三重,2024-01-29,7008
2330,台積電,19,6,13,兆豐-三重,2024-01-29,7008
00687B,國泰20年美債,12,0,12,兆豐-三重,2024-01-29,7008
6168,宏齊,12,0,12,兆豐-三重,2024-01-29,7008
3535,晶彩科,13,2,11,兆豐-三重,2024-01-29,7008
1515,力山,10,0,10,兆豐-三重,2024-01-29,7008
1717,長興,10,0,10,兆豐-三重,2024-01-29,7008
2880,華南金,10,0,10,兆豐-三重,2024-01-29,7008
2882,國泰金,10,0,10,兆豐-三重,2024-01-29,7008
3360,尚立,11,1,10,兆豐-三重,2024-01-29,7008
5521,工信,10,0,10,兆豐-三重,2024-01-29,7008
6229,研通,20,11,9,兆豐-三重,2024-01-29,7008
8059,凱碩,9,0,9,兆豐-三重,2024-01-29,7008
3231,緯創,23,15,8,兆豐-三重,2024-01-29,7008
6147,頎邦,9,1,8,兆豐-三重,2024-01-29,7008
8034,榮群,8,0,8,兆豐-三重,2024-01-29,7008
2492,華新科,7,0,7,兆豐-三重,2024-01-29,7008
1301,台塑,6,0,6,兆豐-三重,2024-01-29,7008
1702,南僑,5,0,5,兆豐-三重,2024-01-29,7008
3128,昇銳,6,1,5,兆豐-三重,2024-01-29,7008
6126,信音,5,0,5,兆豐-三重,2024-01-29,7008
6593,台灣銘板,5,0,5,兆豐-三重,2024-01-29,7008
3694,海華,7,3,4,兆豐-三重,2024-01-29,7008
2609,陽明,4,0,4,兆豐-三重,2024-01-29,7008
2301,光寶科,9,5,4,兆豐-三重,2024-01-29,7008
2355,敬鵬,4,0,4,兆豐-三重,2024-01-29,7008
2731,雄獅,5,1,4,兆豐-三重,2024-01-29,7008
3138,耀登,4,0,4,兆豐-三重,2024-01-29,7008
3290,東浦,4,0,4,兆豐-三重,2024-01-29,7008
006205,富邦上証,3,0,3,兆豐-三重,2024-01-29,7008
00673R,期元大S＆P原油反1,3,0,3,兆豐-三重,2024-01-29,7008
00725B,國泰投資級公司債,3,0,3,兆豐-三重,2024-01-29,7008
2337,旺宏,3,0,3,兆豐-三重,2024-01-29,7008
2455,全新,5,2,3,兆豐-三重,2024-01-29,7008
2498,宏達電,3,0,3,兆豐-三重,2024-01-29,7008
2630,亞航,4,1,3,兆豐-三重,2024-01-29,7008
3354,律勝,3,0,3,兆豐-三重,2024-01-29,7008
0056,元大高股息,80,3,77,兆豐-三重,2024-01-30,7008
00637L,元大滬深300正2,63,2,61,兆豐-三重,2024-01-30,7008
1536,和大,33,0,33,兆豐-三重,2024-01-30,7008
2356,英業達,35,6,29,兆豐-三重,2024-01-30,7008
6168,宏齊,25,0,25,兆豐-三重,2024-01-30,7008
3290,東浦,24,0,24,兆豐-三重,2024-01-30,7008
00688L,國泰20年美債正2,22,0,22,兆豐-三重,2024-01-30,7008
6126,信音,20,0,20,兆豐-三重,2024-01-30,7008
8011,台通,20,0,20,兆豐-三重,2024-01-30,7008
8081,致新,20,0,20,兆豐-三重,2024-01-30,7008
00687B,國泰20年美債,18,0,18,兆豐-三重,2024-01-30,7008
3231,緯創,92,76,16,兆豐-三重,2024-01-30,7008
3623,富晶通,17,1,16,兆豐-三重,2024-01-30,7008
8064,東捷,18,2,16,兆豐-三重,2024-01-30,7008
00764B,群益25年美債,15,0,15,兆豐-三重,2024-01-30,7008
2443,昶虹,15,0,15,兆豐-三重,2024-01-30,7008
6443,元晶,13,0,13,兆豐-三重,2024-01-30,7008
2436,偉詮電,12,0,12,兆豐-三重,2024-01-30,7008
3615,安可,13,1,12,兆豐-三重,2024-01-30,7008
2393,億光,10,0,10,兆豐-三重,2024-01-30,7008
2610,華航,10,0,10,兆豐-三重,2024-01-30,7008
6237,驊訊,10,1,9,兆豐-三重,2024-01-30,7008
6270,倍微,29,20,9,兆豐-三重,2024-01-30,7008
9933,中鼎,9,0,9,兆豐-三重,2024-01-30,7008
5871,中租-KY,8,0,8,兆豐-三重,2024-01-30,7008
2337,旺宏,7,0,7,兆豐-三重,2024-01-30,7008
2369,菱生,23,16,7,兆豐-三重,2024-01-30,7008
2612,中航,7,0,7,兆豐-三重,2024-01-30,7008
4909,新復興,10,3,7,兆豐-三重,2024-01-30,7008
5609,中菲行,53,46,7,兆豐-三重,2024-01-30,7008
8096,擎亞,23,16,7,兆豐-三重,2024-01-30,7008
3715,定穎投控,17,11,6,兆豐-三重,2024-01-30,7008
00891,中信關鍵半導體,6,0,6,兆豐-三重,2024-01-30,7008
2603,長榮,6,0,6,兆豐-三重,2024-01-30,7008
2731,雄獅,6,0,6,兆豐-三重,2024-01-30,7008
6202,盛群,6,0,6,兆豐-三重,2024-01-30,7008
3694,海華,10,4,6,兆豐-三重,2024-01-30,7008
00929,復華台灣科技優息,5,0,5,兆豐-三重,2024-01-30,7008
00937B,群益ESG投等債20,5,0,5,兆豐-三重,2024-01-30,7008
1102,亞泥,5,0,5,兆豐-三重,2024-01-30,7008
2601,益航,5,0,5,兆豐-三重,2024-01-30,7008
3005,神基,6,1,5,兆豐-三重,2024-01-30,7008
3066,李洲,5,0,5,兆豐-三重,2024-01-30,7008
3645,達邁,5,0,5,兆豐-三重,2024-01-30,7008
4714,永捷,7,2,5,兆豐-三重,2024-01-30,7008
5258,虹堡,5,0,5,兆豐-三重,2024-01-30,7008
2477,美隆電,4,0,4,兆豐-三重,2024-01-30,7008
5309,系統電,4,0,4,兆豐-三重,2024-01-30,7008
6125,廣運,6,2,4,兆豐-三重,2024-01-30,7008
2886,兆豐金,4,0,4,兆豐-三重,2024-01-30,7008
3481,群創,246,6,240,兆豐-三重,2024-01-31,7008
3055,蔚華科,62,8,54,兆豐-三重,2024-01-31,7008
2390,云辰,70,30,40,兆豐-三重,2024-01-31,7008
4303,信立,41,4,37,兆豐-三重,2024-01-31,7008
00688L,國泰20年美債正2,34,2,32,兆豐-三重,2024-01-31,7008
2892,第一金,30,0,30,兆豐-三重,2024-01-31,7008
00937B,群益ESG投等債20,23,0,23,兆豐-三重,2024-01-31,7008
3231,緯創,46,23,23,兆豐-三重,2024-01-31,7008
6547,高端疫苗,20,0,20,兆豐-三重,2024-01-31,7008
00687B,國泰20年美債,21,2,19,兆豐-三重,2024-01-31,7008
2303,聯電,23,5,18,兆豐-三重,2024-01-31,7008
2443,昶虹,18,0,18,兆豐-三重,2024-01-31,7008
8349,�矬�,16,0,16,兆豐-三重,2024-01-31,7008
2356,英業達,16,1,15,兆豐-三重,2024-01-31,7008
00929,復華台灣科技優息,16,1,15,兆豐-三重,2024-01-31,7008
6113,亞矽,21,6,15,兆豐-三重,2024-01-31,7008
1301,台塑,13,0,13,兆豐-三重,2024-01-31,7008
00927,群益半導體收益,13,0,13,兆豐-三重,2024-01-31,7008
6233,旺玖,14,1,13,兆豐-三重,2024-01-31,7008
3290,東浦,12,0,12,兆豐-三重,2024-01-31,7008
2330,台積電,15,3,12,兆豐-三重,2024-01-31,7008
00720B,元大投資級公司債,11,0,11,兆豐-三重,2024-01-31,7008
1319,東陽,11,0,11,兆豐-三重,2024-01-31,7008
1310,台苯,10,0,10,兆豐-三重,2024-01-31,7008
00857B,永豐20年美公債,10,0,10,兆豐-三重,2024-01-31,7008
2369,菱生,16,6,10,兆豐-三重,2024-01-31,7008
2393,億光,10,0,10,兆豐-三重,2024-01-31,7008
2601,益航,10,0,10,兆豐-三重,2024-01-31,7008
6126,信音,11,1,10,兆豐-三重,2024-01-31,7008
00646,元大S＆P500,9,0,9,兆豐-三重,2024-01-31,7008
00882,中信中國高股息,11,2,9,兆豐-三重,2024-01-31,7008
9919,康那香,18,10,8,兆豐-三重,2024-01-31,7008
3715,定穎投控,61,53,8,兆豐-三重,2024-01-31,7008
2612,中航,7,0,7,兆豐-三重,2024-01-31,7008
3706,神達,7,0,7,兆豐-三重,2024-01-31,7008
00881,國泰台灣5G+,6,0,6,兆豐-三重,2024-01-31,7008
1536,和大,6,0,6,兆豐-三重,2024-01-31,7008
3048,益登,6,0,6,兆豐-三重,2024-01-31,7008
3437,榮創,6,0,6,兆豐-三重,2024-01-31,7008
8059,凱碩,19,13,6,兆豐-三重,2024-01-31,7008
00878,國泰永續高股息,7,1,6,兆豐-三重,2024-01-31,7008
2883,凱基金,6,0,6,兆豐-三重,2024-01-31,7008
5426,振發,18,13,5,兆豐-三重,2024-01-31,7008
1325,恆大,10,5,5,兆豐-三重,2024-01-31,7008
1101,台泥,5,0,5,兆豐-三重,2024-01-31,7008
2208,台船,5,0,5,兆豐-三重,2024-01-31,7008
2462,良得電,5,0,5,兆豐-三重,2024-01-31,7008
2465,麗臺,5,0,5,兆豐-三重,2024-01-31,7008
3363,上詮,8,3,5,兆豐-三重,2024-01-31,7008
00679B,元大美債20年,10,6,4,兆豐-三重,2024-01-31,7008
0056,元大高股息,223,51,172,兆豐-三重,2024-02-01,7008
00919,群益台灣精選高息,67,0,67,兆豐-三重,2024-02-01,7008
2882,國泰金,50,2,48,兆豐-三重,2024-02-01,7008
00632R,元大台灣50反1,50,3,47,兆豐-三重,2024-02-01,7008
8011,台通,46,12,34,兆豐-三重,2024-02-01,7008
2330,台積電,34,2,32,兆豐-三重,2024-02-01,7008
2382,廣達,38,8,30,兆豐-三重,2024-02-01,7008
1460,宏遠,30,0,30,兆豐-三重,2024-02-01,7008
2881,富邦金,30,1,29,兆豐-三重,2024-02-01,7008
00712,復華富時不動產,27,1,26,兆豐-三重,2024-02-01,7008
6126,信音,26,0,26,兆豐-三重,2024-02-01,7008
6547,高端疫苗,26,0,26,兆豐-三重,2024-02-01,7008
2303,聯電,27,4,23,兆豐-三重,2024-02-01,7008
2409,友達,22,0,22,兆豐-三重,2024-02-01,7008
6237,驊訊,41,20,21,兆豐-三重,2024-02-01,7008
5210,寶碩,20,0,20,兆豐-三重,2024-02-01,7008
8930,青鋼,333,315,18,兆豐-三重,2024-02-01,7008
2812,台中銀,21,3,18,兆豐-三重,2024-02-01,7008
00878,國泰永續高股息,15,0,15,兆豐-三重,2024-02-01,7008
00927,群益半導體收益,12,0,12,兆豐-三重,2024-02-01,7008
5272,笙科,11,0,11,兆豐-三重,2024-02-01,7008
3055,蔚華科,35,25,10,兆豐-三重,2024-02-01,7008
3694,海華,17,7,10,兆豐-三重,2024-02-01,7008
6116,彩晶,10,0,10,兆豐-三重,2024-02-01,7008
6134,萬旭,10,0,10,兆豐-三重,2024-02-01,7008
00637L,元大滬深300正2,8,0,8,兆豐-三重,2024-02-01,7008
1732,毛寶,15,8,7,兆豐-三重,2024-02-01,7008
3481,群創,7,0,7,兆豐-三重,2024-02-01,7008
8111,立��,13,6,7,兆豐-三重,2024-02-01,7008
1319,東陽,7,1,6,兆豐-三重,2024-02-01,7008
00687B,國泰20年美債,6,0,6,兆豐-三重,2024-02-01,7008
3290,東浦,6,0,6,兆豐-三重,2024-02-01,7008
8936,國統,36,30,6,兆豐-三重,2024-02-01,7008
00690,兆豐藍籌30,5,0,5,兆豐-三重,2024-02-01,7008
00881,國泰台灣5G+,7,2,5,兆豐-三重,2024-02-01,7008
4128,中天,5,0,5,兆豐-三重,2024-02-01,7008
4743,合一,5,0,5,兆豐-三重,2024-02-01,7008
2454,聯發科,5,1,4,兆豐-三重,2024-02-01,7008
3046,建��,4,0,4,兆豐-三重,2024-02-01,7008
3207,耀勝,4,0,4,兆豐-三重,2024-02-01,7008
3530,晶相光,7,3,4,兆豐-三重,2024-02-01,7008
3545,敦泰,12,8,4,兆豐-三重,2024-02-01,7008
5340,建榮,4,0,4,兆豐-三重,2024-02-01,7008
6198,瑞築,5,1,4,兆豐-三重,2024-02-01,7008
6265,方土昶,15,11,4,兆豐-三重,2024-02-01,7008
6770,力積電,7,3,4,兆豐-三重,2024-02-01,7008
6873,泓德能源,4,0,4,兆豐-三重,2024-02-01,7008
8349,�矬�,4,0,4,兆豐-三重,2024-02-01,7008
8358,金居,4,0,4,兆豐-三重,2024-02-01,7008
4908,前鼎,8,4,4,兆豐-三重,2024-02-01,7008
0056,元大高股息,210,32,178,兆豐-三重,2024-02-02,7008
3615,安可,118,14,104,兆豐-三重,2024-02-02,7008
00937B,群益ESG投等債20,57,1,56,兆豐-三重,2024-02-02,7008
1536,和大,54,0,54,兆豐-三重,2024-02-02,7008
2443,昶虹,37,0,37,兆豐-三重,2024-02-02,7008
1806,冠軍,35,0,35,兆豐-三重,2024-02-02,7008
00933B,國泰10Y+金融債,62,37,25,兆豐-三重,2024-02-02,7008
4976,佳凌,25,0,25,兆豐-三重,2024-02-02,7008
6126,信音,22,0,22,兆豐-三重,2024-02-02,7008
6770,力積電,57,35,22,兆豐-三重,2024-02-02,7008
2303,聯電,22,1,21,兆豐-三重,2024-02-02,7008
00715L,期街口布蘭特正2,54,34,20,兆豐-三重,2024-02-02,7008
00795B,中信美國公債20年,20,0,20,兆豐-三重,2024-02-02,7008
2601,益航,23,3,20,兆豐-三重,2024-02-02,7008
8096,擎亞,30,12,18,兆豐-三重,2024-02-02,7008
2888,新光金,14,0,14,兆豐-三重,2024-02-02,7008
3535,晶彩科,16,2,14,兆豐-三重,2024-02-02,7008
00882,中信中國高股息,13,0,13,兆豐-三重,2024-02-02,7008
2353,宏��,19,6,13,兆豐-三重,2024-02-02,7008
2377,微星,15,2,13,兆豐-三重,2024-02-02,7008
5609,中菲行,105,93,12,兆豐-三重,2024-02-02,7008
3017,奇鋐,24,12,12,兆豐-三重,2024-02-02,7008
1905,華紙,12,1,11,兆豐-三重,2024-02-02,7008
2317,鴻海,11,0,11,兆豐-三重,2024-02-02,7008
2324,仁寶,11,0,11,兆豐-三重,2024-02-02,7008
2486,一詮,11,0,11,兆豐-三重,2024-02-02,7008
5009,榮剛,21,10,11,兆豐-三重,2024-02-02,7008
1522,堤維西,12,2,10,兆豐-三重,2024-02-02,7008
1717,長興,10,0,10,兆豐-三重,2024-02-02,7008
5251,天鉞電,10,0,10,兆豐-三重,2024-02-02,7008
00891,中信關鍵半導體,10,1,9,兆豐-三重,2024-02-02,7008
00881,國泰台灣5G+,10,1,9,兆豐-三重,2024-02-02,7008
3715,定穎投控,12,3,9,兆豐-三重,2024-02-02,7008
6125,廣運,16,7,9,兆豐-三重,2024-02-02,7008
00929,復華台灣科技優息,9,0,9,兆豐-三重,2024-02-02,7008
6695,芯鼎,33,26,7,兆豐-三重,2024-02-02,7008
1514,亞力,7,0,7,兆豐-三重,2024-02-02,7008
00637L,元大滬深300正2,7,0,7,兆豐-三重,2024-02-02,7008
2603,長榮,6,0,6,兆豐-三重,2024-02-02,7008
6237,驊訊,27,21,6,兆豐-三重,2024-02-02,7008
2409,友達,11,5,6,兆豐-三重,2024-02-02,7008
2736,富野,6,0,6,兆豐-三重,2024-02-02,7008
3483,力致,27,21,6,兆豐-三重,2024-02-02,7008
5258,虹堡,6,0,6,兆豐-三重,2024-02-02,7008
6291,沛亨,6,0,6,兆豐-三重,2024-02-02,7008
6546,正基,6,0,6,兆豐-三重,2024-02-02,7008
8234,新漢,6,0,6,兆豐-三重,2024-02-02,7008
2363,矽統,9,3,6,兆豐-三重,2024-02-02,7008
3711,日月光投控,6,0,6,兆豐-三重,2024-02-02,7008
00878,國泰永續高股息,7,2,5,兆豐-三重,2024-02-02,7008
00937B,群益ESG投等債20,218,0,218,兆豐-三重,2024-02-05,7008
00929,復華台灣科技優息,121,9,112,兆豐-三重,2024-02-05,7008
2882,國泰金,109,0,109,兆豐-三重,2024-02-05,7008
00919,群益台灣精選高息,81,0,81,兆豐-三重,2024-02-05,7008
2888,新光金,62,1,61,兆豐-三重,2024-02-05,7008
2330,台積電,67,16,51,兆豐-三重,2024-02-05,7008
2881,富邦金,50,0,50,兆豐-三重,2024-02-05,7008
00733,富邦臺灣中小,35,0,35,兆豐-三重,2024-02-05,7008
2443,昶虹,30,0,30,兆豐-三重,2024-02-05,7008
3530,晶相光,42,13,29,兆豐-三重,2024-02-05,7008
6179,亞通,30,1,29,兆豐-三重,2024-02-05,7008
00878,國泰永續高股息,28,0,28,兆豐-三重,2024-02-05,7008
3706,神達,33,5,28,兆豐-三重,2024-02-05,7008
1536,和大,27,0,27,兆豐-三重,2024-02-05,7008
2832,台產,27,0,27,兆豐-三重,2024-02-05,7008
2303,聯電,44,20,24,兆豐-三重,2024-02-05,7008
2883,凱基金,24,0,24,兆豐-三重,2024-02-05,7008
00720B,元大投資級公司債,22,0,22,兆豐-三重,2024-02-05,7008
3615,安可,22,1,21,兆豐-三重,2024-02-05,7008
2337,旺宏,20,0,20,兆豐-三重,2024-02-05,7008
6695,芯鼎,57,39,18,兆豐-三重,2024-02-05,7008
3380,明泰,17,0,17,兆豐-三重,2024-02-05,7008
5210,寶碩,16,0,16,兆豐-三重,2024-02-05,7008
4976,佳凌,15,0,15,兆豐-三重,2024-02-05,7008
00882,中信中國高股息,15,0,15,兆豐-三重,2024-02-05,7008
2393,億光,15,0,15,兆豐-三重,2024-02-05,7008
00931B,統一美債20年,16,2,14,兆豐-三重,2024-02-05,7008
8358,金居,14,0,14,兆豐-三重,2024-02-05,7008
00712,復華富時不動產,12,0,12,兆豐-三重,2024-02-05,7008
2421,建準,51,39,12,兆豐-三重,2024-02-05,7008
00679B,元大美債20年,12,0,12,兆豐-三重,2024-02-05,7008
00642U,期元大S＆P石油,11,0,11,兆豐-三重,2024-02-05,7008
3588,通嘉,11,0,11,兆豐-三重,2024-02-05,7008
8222,寶一,11,0,11,兆豐-三重,2024-02-05,7008
00632R,元大台灣50反1,10,0,10,兆豐-三重,2024-02-05,7008
00933B,國泰10Y+金融債,10,0,10,兆豐-三重,2024-02-05,7008
00907,永豐優息存股,10,0,10,兆豐-三重,2024-02-05,7008
00900,富邦特選高股息30,10,0,10,兆豐-三重,2024-02-05,7008
1907,永豐餘,10,0,10,兆豐-三重,2024-02-05,7008
2601,益航,10,0,10,兆豐-三重,2024-02-05,7008
3276,宇環,10,0,10,兆豐-三重,2024-02-05,7008
3580,友威科,10,0,10,兆豐-三重,2024-02-05,7008
5907,大洋-KY,10,0,10,兆豐-三重,2024-02-05,7008
6789,采鈺,25,15,10,兆豐-三重,2024-02-05,7008
2371,大同,11,2,9,兆豐-三重,2024-02-05,7008
00888,永豐台灣ESG,10,2,8,兆豐-三重,2024-02-05,7008
6411,晶焱,8,0,8,兆豐-三重,2024-02-05,7008
0056,元大高股息,10,2,8,兆豐-三重,2024-02-05,7008
2409,友達,8,1,7,兆豐-三重,2024-02-05,7008
2344,華邦電,6,0,6,兆豐-三重,2024-02-05,7008
00632R,元大台灣50反1,257,0,257,兆豐-三重,2024-02-15,7008
00931B,統一美債20年,113,1,112,兆豐-三重,2024-02-15,7008
00919,群益台灣精選高息,181,80,101,兆豐-三重,2024-02-15,7008
00937B,群益ESG投等債20,93,7,86,兆豐-三重,2024-02-15,7008
8054,安國,134,67,67,兆豐-三重,2024-02-15,7008
00687B,國泰20年美債,42,2,40,兆豐-三重,2024-02-15,7008
00720B,元大投資級公司債,34,0,34,兆豐-三重,2024-02-15,7008
2832,台產,31,0,31,兆豐-三重,2024-02-15,7008
2344,華邦電,30,0,30,兆豐-三重,2024-02-15,7008
6742,澤米,30,0,30,兆豐-三重,2024-02-15,7008
00933B,國泰10Y+金融債,26,0,26,兆豐-三重,2024-02-15,7008
00673R,期元大S＆P原油反1,24,0,24,兆豐-三重,2024-02-15,7008
3481,群創,93,69,24,兆豐-三重,2024-02-15,7008
2356,英業達,39,16,23,兆豐-三重,2024-02-15,7008
00679B,元大美債20年,21,0,21,兆豐-三重,2024-02-15,7008
2243,宏旭-KY,20,0,20,兆豐-三重,2024-02-15,7008
5608,四維航,20,0,20,兆豐-三重,2024-02-15,7008
00712,復華富時不動產,19,0,19,兆豐-三重,2024-02-15,7008
00753L,中信中國50正2,15,0,15,兆豐-三重,2024-02-15,7008
2888,新光金,15,0,15,兆豐-三重,2024-02-15,7008
00882,中信中國高股息,13,0,13,兆豐-三重,2024-02-15,7008
00795B,中信美國公債20年,15,2,13,兆豐-三重,2024-02-15,7008
2324,仁寶,15,2,13,兆豐-三重,2024-02-15,7008
6237,驊訊,15,2,13,兆豐-三重,2024-02-15,7008
6770,力積電,12,1,11,兆豐-三重,2024-02-15,7008
2618,長榮航,12,1,11,兆豐-三重,2024-02-15,7008
5210,寶碩,11,0,11,兆豐-三重,2024-02-15,7008
1316,上曜,10,0,10,兆豐-三重,2024-02-15,7008
3138,耀登,10,0,10,兆豐-三重,2024-02-15,7008
3580,友威科,10,0,10,兆豐-三重,2024-02-15,7008
6101,寬魚國際,10,0,10,兆豐-三重,2024-02-15,7008
6684,安格,16,6,10,兆豐-三重,2024-02-15,7008
9941,裕融,11,2,9,兆豐-三重,2024-02-15,7008
4714,永捷,32,23,9,兆豐-三重,2024-02-15,7008
8358,金居,9,0,9,兆豐-三重,2024-02-15,7008
1536,和大,9,1,8,兆豐-三重,2024-02-15,7008
2301,光寶科,10,2,8,兆豐-三重,2024-02-15,7008
2421,建準,36,28,8,兆豐-三重,2024-02-15,7008
5452,佶優,8,0,8,兆豐-三重,2024-02-15,7008
5483,中美晶,8,0,8,兆豐-三重,2024-02-15,7008
00680L,元大美債20正2,6,0,6,兆豐-三重,2024-02-15,7008
00751B,元大AAA至A公司債,6,0,6,兆豐-三重,2024-02-15,7008
2610,華航,7,1,6,兆豐-三重,2024-02-15,7008
5383,金利,6,0,6,兆豐-三重,2024-02-15,7008
5521,工信,6,0,6,兆豐-三重,2024-02-15,7008
5871,中租-KY,6,0,6,兆豐-三重,2024-02-15,7008
8349,�矬�,6,0,6,兆豐-三重,2024-02-15,7008
00757,統一FANG+,5,0,5,兆豐-三重,2024-02-15,7008
1513,中興電,8,3,5,兆豐-三重,2024-02-15,7008
3694,海華,5,0,5,兆豐-三重,2024-02-15,7008
00937B,群益ESG投等債20,1605,0,1605,兆豐-三重,2024-02-16,7008
3481,群創,158,2,156,兆豐-三重,2024-02-16,7008
2915,潤泰全,50,0,50,兆豐-三重,2024-02-16,7008
2883,凱基金,250,201,49,兆豐-三重,2024-02-16,7008
1815,富喬,57,12,45,兆豐-三重,2024-02-16,7008
2832,台產,42,0,42,兆豐-三重,2024-02-16,7008
00935,野村臺灣新科技50,35,0,35,兆豐-三重,2024-02-16,7008
00923,群益台ESG低碳50,35,0,35,兆豐-三重,2024-02-16,7008
2852,第一保,30,0,30,兆豐-三重,2024-02-16,7008
4563,百德,30,0,30,兆豐-三重,2024-02-16,7008
3038,全台,49,20,29,兆豐-三重,2024-02-16,7008
2367,燿華,40,16,24,兆豐-三重,2024-02-16,7008
4714,永捷,34,11,23,兆豐-三重,2024-02-16,7008
00878,國泰永續高股息,35,13,22,兆豐-三重,2024-02-16,7008
00882,中信中國高股息,20,0,20,兆豐-三重,2024-02-16,7008
1449,佳和,24,4,20,兆豐-三重,2024-02-16,7008
4945,陞達科技,18,0,18,兆豐-三重,2024-02-16,7008
1591,駿吉-KY,17,0,17,兆豐-三重,2024-02-16,7008
00712,復華富時不動產,15,0,15,兆豐-三重,2024-02-16,7008
3522,御嵿,15,0,15,兆豐-三重,2024-02-16,7008
2352,佳世達,17,3,14,兆豐-三重,2024-02-16,7008
3374,精材,15,1,14,兆豐-三重,2024-02-16,7008
2425,承啟,18,5,13,兆豐-三重,2024-02-16,7008
3390,旭軟,14,1,13,兆豐-三重,2024-02-16,7008
6530,創威,14,2,12,兆豐-三重,2024-02-16,7008
0056,元大高股息,37,25,12,兆豐-三重,2024-02-16,7008
5347,世界,13,2,11,兆豐-三重,2024-02-16,7008
00687B,國泰20年美債,11,0,11,兆豐-三重,2024-02-16,7008
1524,耿鼎,12,1,11,兆豐-三重,2024-02-16,7008
3535,晶彩科,11,0,11,兆豐-三重,2024-02-16,7008
4588,玖鼎電力,11,0,11,兆豐-三重,2024-02-16,7008
1584,精剛,11,0,11,兆豐-三重,2024-02-16,7008
00637L,元大滬深300正2,10,0,10,兆豐-三重,2024-02-16,7008
1314,中石化,10,0,10,兆豐-三重,2024-02-16,7008
1810,和成,10,0,10,兆豐-三重,2024-02-16,7008
2243,宏旭-KY,10,0,10,兆豐-三重,2024-02-16,7008
2313,華通,12,2,10,兆豐-三重,2024-02-16,7008
2612,中航,10,0,10,兆豐-三重,2024-02-16,7008
3028,增你強,10,0,10,兆豐-三重,2024-02-16,7008
3346,麗清,10,0,10,兆豐-三重,2024-02-16,7008
6139,亞翔,16,6,10,兆豐-三重,2024-02-16,7008
8112,至上,10,0,10,兆豐-三重,2024-02-16,7008
1609,大亞,10,1,9,兆豐-三重,2024-02-16,7008
00795B,中信美國公債20年,9,0,9,兆豐-三重,2024-02-16,7008
2421,建準,31,22,9,兆豐-三重,2024-02-16,7008
3046,建��,9,0,9,兆豐-三重,2024-02-16,7008
3276,宇環,9,0,9,兆豐-三重,2024-02-16,7008
4956,光鋐,9,0,9,兆豐-三重,2024-02-16,7008
1522,堤維西,9,1,8,兆豐-三重,2024-02-16,7008
2365,昆盈,53,45,8,兆豐-三重,2024-02-16,7008
00919,群益台灣精選高息,178,8,170,兆豐-三重,2024-02-19,7008
2882,國泰金,80,2,78,兆豐-三重,2024-02-19,7008
00878,國泰永續高股息,59,0,59,兆豐-三重,2024-02-19,7008
2915,潤泰全,50,1,49,兆豐-三重,2024-02-19,7008
6187,萬潤,48,0,48,兆豐-三重,2024-02-19,7008
2329,華泰,119,72,47,兆豐-三重,2024-02-19,7008
3615,安可,35,2,33,兆豐-三重,2024-02-19,7008
6538,倉和,28,0,28,兆豐-三重,2024-02-19,7008
00687B,國泰20年美債,27,0,27,兆豐-三重,2024-02-19,7008
1504,東元,24,0,24,兆豐-三重,2024-02-19,7008
2330,台積電,27,4,23,兆豐-三重,2024-02-19,7008
2489,瑞軒,30,8,22,兆豐-三重,2024-02-19,7008
00933B,國泰10Y+金融債,20,0,20,兆豐-三重,2024-02-19,7008
2515,中工,23,3,20,兆豐-三重,2024-02-19,7008
3035,智原,58,40,18,兆豐-三重,2024-02-19,7008
2356,英業達,29,12,17,兆豐-三重,2024-02-19,7008
6153,嘉聯益,15,1,14,兆豐-三重,2024-02-19,7008
3231,緯創,17,3,14,兆豐-三重,2024-02-19,7008
6742,澤米,13,0,13,兆豐-三重,2024-02-19,7008
2369,菱生,107,95,12,兆豐-三重,2024-02-19,7008
6284,佳邦,12,0,12,兆豐-三重,2024-02-19,7008
00931B,統一美債20年,11,0,11,兆豐-三重,2024-02-19,7008
3321,同泰,11,0,11,兆豐-三重,2024-02-19,7008
8436,大江,11,0,11,兆豐-三重,2024-02-19,7008
2382,廣達,34,24,10,兆豐-三重,2024-02-19,7008
1316,上曜,20,10,10,兆豐-三重,2024-02-19,7008
00637L,元大滬深300正2,10,0,10,兆豐-三重,2024-02-19,7008
1717,長興,10,0,10,兆豐-三重,2024-02-19,7008
2498,宏達電,10,0,10,兆豐-三重,2024-02-19,7008
3041,揚智,15,5,10,兆豐-三重,2024-02-19,7008
3576,聯合再生,10,0,10,兆豐-三重,2024-02-19,7008
3625,西勝,10,0,10,兆豐-三重,2024-02-19,7008
5222,全訊,10,0,10,兆豐-三重,2024-02-19,7008
6465,威潤,10,0,10,兆豐-三重,2024-02-19,7008
8473,山林水,9,0,9,兆豐-三重,2024-02-19,7008
6189,豐藝,12,4,8,兆豐-三重,2024-02-19,7008
5426,振發,11,3,8,兆豐-三重,2024-02-19,7008
2020,美亞,7,0,7,兆豐-三重,2024-02-19,7008
6578,達邦蛋白,7,0,7,兆豐-三重,2024-02-19,7008
6274,台燿,7,1,6,兆豐-三重,2024-02-19,7008
3715,定穎投控,9,3,6,兆豐-三重,2024-02-19,7008
3376,新日興,10,4,6,兆豐-三重,2024-02-19,7008
00795B,中信美國公債20年,6,0,6,兆豐-三重,2024-02-19,7008
1809,中釉,6,0,6,兆豐-三重,2024-02-19,7008
2009,第一銅,6,0,6,兆豐-三重,2024-02-19,7008
2105,正新,6,0,6,兆豐-三重,2024-02-19,7008
2457,飛宏,7,1,6,兆豐-三重,2024-02-19,7008
3010,華立,8,2,6,兆豐-三重,2024-02-19,7008
3312,弘憶股,10,4,6,兆豐-三重,2024-02-19,7008
4303,信立,7,1,6,兆豐-三重,2024-02-19,7008
00933B,國泰10Y+金融債,120,0,120,兆豐-三重,2024-02-20,7008
1409,新纖,100,0,100,兆豐-三重,2024-02-20,7008
00891,中信關鍵半導體,70,0,70,兆豐-三重,2024-02-20,7008
00712,復華富時不動產,66,0,66,兆豐-三重,2024-02-20,7008
4960,誠美材,69,4,65,兆豐-三重,2024-02-20,7008
6126,信音,53,1,52,兆豐-三重,2024-02-20,7008
0056,元大高股息,81,34,47,兆豐-三重,2024-02-20,7008
3231,緯創,57,10,47,兆豐-三重,2024-02-20,7008
00937B,群益ESG投等債20,36,5,31,兆豐-三重,2024-02-20,7008
2888,新光金,30,1,29,兆豐-三重,2024-02-20,7008
00919,群益台灣精選高息,195,167,28,兆豐-三重,2024-02-20,7008
8011,台通,25,0,25,兆豐-三重,2024-02-20,7008
8110,華東,48,24,24,兆豐-三重,2024-02-20,7008
1815,富喬,88,65,23,兆豐-三重,2024-02-20,7008
1809,中釉,32,10,22,兆豐-三重,2024-02-20,7008
2832,台產,22,0,22,兆豐-三重,2024-02-20,7008
2405,輔信,55,38,17,兆豐-三重,2024-02-20,7008
3041,揚智,70,54,16,兆豐-三重,2024-02-20,7008
00679B,元大美債20年,16,0,16,兆豐-三重,2024-02-20,7008
3312,弘憶股,30,14,16,兆豐-三重,2024-02-20,7008
4714,永捷,148,134,14,兆豐-三重,2024-02-20,7008
1514,亞力,22,8,14,兆豐-三重,2024-02-20,7008
2353,宏��,14,0,14,兆豐-三重,2024-02-20,7008
00931B,統一美債20年,13,0,13,兆豐-三重,2024-02-20,7008
00687B,國泰20年美債,12,0,12,兆豐-三重,2024-02-20,7008
2436,偉詮電,18,6,12,兆豐-三重,2024-02-20,7008
2317,鴻海,362,351,11,兆豐-三重,2024-02-20,7008
3189,景碩,12,1,11,兆豐-三重,2024-02-20,7008
00878,國泰永續高股息,11,1,10,兆豐-三重,2024-02-20,7008
1503,士電,19,9,10,兆豐-三重,2024-02-20,7008
00918,大華優利高填息30,10,0,10,兆豐-三重,2024-02-20,7008
2208,台船,10,0,10,兆豐-三重,2024-02-20,7008
2501,國建,10,0,10,兆豐-三重,2024-02-20,7008
2611,志信,10,0,10,兆豐-三重,2024-02-20,7008
2641,正德,10,0,10,兆豐-三重,2024-02-20,7008
2762,世界健身-KY,10,0,10,兆豐-三重,2024-02-20,7008
3322,建舜電,10,0,10,兆豐-三重,2024-02-20,7008
3481,群創,14,4,10,兆豐-三重,2024-02-20,7008
3645,達邁,10,0,10,兆豐-三重,2024-02-20,7008
3673,TPK-KY,10,0,10,兆豐-三重,2024-02-20,7008
2371,大同,9,0,9,兆豐-三重,2024-02-20,7008
6535,順藥,9,0,9,兆豐-三重,2024-02-20,7008
2743,山富,8,0,8,兆豐-三重,2024-02-20,7008
8096,擎亞,9,2,7,兆豐-三重,2024-02-20,7008
2356,英業達,13,6,7,兆豐-三重,2024-02-20,7008
3055,蔚華科,8,1,7,兆豐-三重,2024-02-20,7008
8996,高力,7,0,7,兆豐-三重,2024-02-20,7008
00795B,中信美國公債20年,6,0,6,兆豐-三重,2024-02-20,7008
3545,敦泰,11,5,6,兆豐-三重,2024-02-20,7008
6870,騰雲,6,0,6,兆豐-三重,2024-02-20,7008
1528,恩德,61,0,61,兆豐-三重,2024-02-21,7008
2504,國產,60,0,60,兆豐-三重,2024-02-21,7008
2618,長榮航,60,8,52,兆豐-三重,2024-02-21,7008
00937B,群益ESG投等債20,51,0,51,兆豐-三重,2024-02-21,7008
00687B,國泰20年美債,51,0,51,兆豐-三重,2024-02-21,7008
2312,金寶,59,16,43,兆豐-三重,2024-02-21,7008
00878,國泰永續高股息,39,6,33,兆豐-三重,2024-02-21,7008
2882,國泰金,31,0,31,兆豐-三重,2024-02-21,7008
6799,來頡,31,0,31,兆豐-三重,2024-02-21,7008
9105,泰金寶-DR,31,0,31,兆豐-三重,2024-02-21,7008
2491,吉祥全,30,0,30,兆豐-三重,2024-02-21,7008
2883,凱基金,30,0,30,兆豐-三重,2024-02-21,7008
2881,富邦金,30,1,29,兆豐-三重,2024-02-21,7008
2637,慧洋-KY,27,0,27,兆豐-三重,2024-02-21,7008
3055,蔚華科,28,1,27,兆豐-三重,2024-02-21,7008
00927,群益半導體收益,25,0,25,兆豐-三重,2024-02-21,7008
3066,李洲,22,0,22,兆豐-三重,2024-02-21,7008
3041,揚智,32,11,21,兆豐-三重,2024-02-21,7008
00712,復華富時不動產,20,0,20,兆豐-三重,2024-02-21,7008
00688L,國泰20年美債正2,20,0,20,兆豐-三重,2024-02-21,7008
00706L,期元大S＆P日圓正2,20,0,20,兆豐-三重,2024-02-21,7008
2243,宏旭-KY,20,0,20,兆豐-三重,2024-02-21,7008
2609,陽明,25,5,20,兆豐-三重,2024-02-21,7008
3027,盛達,26,6,20,兆豐-三重,2024-02-21,7008
8064,東捷,21,3,18,兆豐-三重,2024-02-21,7008
2303,聯電,21,3,18,兆豐-三重,2024-02-21,7008
6165,浪凡,23,7,16,兆豐-三重,2024-02-21,7008
00891,中信關鍵半導體,15,0,15,兆豐-三重,2024-02-21,7008
2405,輔信,19,4,15,兆豐-三重,2024-02-21,7008
4714,永捷,15,0,15,兆豐-三重,2024-02-21,7008
3583,辛耘,15,1,14,兆豐-三重,2024-02-21,7008
1608,華榮,12,0,12,兆豐-三重,2024-02-21,7008
2382,廣達,20,9,11,兆豐-三重,2024-02-21,7008
3607,谷崧,11,0,11,兆豐-三重,2024-02-21,7008
6282,康舒,19,9,10,兆豐-三重,2024-02-21,7008
2641,正德,20,10,10,兆豐-三重,2024-02-21,7008
3149,正達,10,0,10,兆豐-三重,2024-02-21,7008
4961,天鈺,10,0,10,兆豐-三重,2024-02-21,7008
6535,順藥,10,0,10,兆豐-三重,2024-02-21,7008
6640,均華,10,0,10,兆豐-三重,2024-02-21,7008
8261,富鼎,10,0,10,兆豐-三重,2024-02-21,7008
2892,第一金,10,1,9,兆豐-三重,2024-02-21,7008
3545,敦泰,14,5,9,兆豐-三重,2024-02-21,7008
4915,致伸,9,0,9,兆豐-三重,2024-02-21,7008
8059,凱碩,10,1,9,兆豐-三重,2024-02-21,7008
00679B,元大美債20年,7,0,7,兆豐-三重,2024-02-21,7008
6125,廣運,8,1,7,兆豐-三重,2024-02-21,7008
00720B,元大投資級公司債,7,0,7,兆豐-三重,2024-02-21,7008
1522,堤維西,7,0,7,兆豐-三重,2024-02-21,7008
2506,太設,7,0,7,兆豐-三重,2024-02-21,7008
00919,群益台灣精選高息,381,147,234,兆豐-三重,2024-02-22,7008
00882,中信中國高股息,50,2,48,兆豐-三重,2024-02-22,7008
3231,緯創,98,69,29,兆豐-三重,2024-02-22,7008
1314,中石化,30,3,27,兆豐-三重,2024-02-22,7008
2330,台積電,23,1,22,兆豐-三重,2024-02-22,7008
00878,國泰永續高股息,22,0,22,兆豐-三重,2024-02-22,7008
2405,輔信,21,0,21,兆豐-三重,2024-02-22,7008
2543,皇昌,22,2,20,兆豐-三重,2024-02-22,7008
4147,中裕,20,0,20,兆豐-三重,2024-02-22,7008
9105,泰金寶-DR,20,0,20,兆豐-三重,2024-02-22,7008
2329,華泰,76,57,19,兆豐-三重,2024-02-22,7008
2371,大同,31,13,18,兆豐-三重,2024-02-22,7008
3234,光環,16,0,16,兆豐-三重,2024-02-22,7008
8182,加高,27,11,16,兆豐-三重,2024-02-22,7008
8046,南電,12,0,12,兆豐-三重,2024-02-22,7008
2356,英業達,17,5,12,兆豐-三重,2024-02-22,7008
2617,台航,11,0,11,兆豐-三重,2024-02-22,7008
2355,敬鵬,13,3,10,兆豐-三重,2024-02-22,7008
00687B,國泰20年美債,12,2,10,兆豐-三重,2024-02-22,7008
1409,新纖,10,0,10,兆豐-三重,2024-02-22,7008
1905,華紙,10,0,10,兆豐-三重,2024-02-22,7008
2303,聯電,14,4,10,兆豐-三重,2024-02-22,7008
2390,云辰,10,0,10,兆豐-三重,2024-02-22,7008
2506,太設,10,0,10,兆豐-三重,2024-02-22,7008
3027,盛達,10,0,10,兆豐-三重,2024-02-22,7008
8936,國統,14,4,10,兆豐-三重,2024-02-22,7008
00931B,統一美債20年,9,0,9,兆豐-三重,2024-02-22,7008
4960,誠美材,9,0,9,兆豐-三重,2024-02-22,7008
2832,台產,8,0,8,兆豐-三重,2024-02-22,7008
3663,鑫科,8,0,8,兆豐-三重,2024-02-22,7008
6117,迎廣,8,0,8,兆豐-三重,2024-02-22,7008
00795B,中信美國公債20年,7,0,7,兆豐-三重,2024-02-22,7008
00637L,元大滬深300正2,7,0,7,兆豐-三重,2024-02-22,7008
1514,亞力,14,7,7,兆豐-三重,2024-02-22,7008
4908,前鼎,27,20,7,兆豐-三重,2024-02-22,7008
2486,一詮,12,6,6,兆豐-三重,2024-02-22,7008
3363,上詮,13,7,6,兆豐-三重,2024-02-22,7008
3437,榮創,9,3,6,兆豐-三重,2024-02-22,7008
3689,湧德,10,4,6,兆豐-三重,2024-02-22,7008
3548,兆利,15,10,5,兆豐-三重,2024-02-22,7008
2618,長榮航,13,8,5,兆豐-三重,2024-02-22,7008
00918,大華優利高填息30,15,10,5,兆豐-三重,2024-02-22,7008
1524,耿鼎,22,17,5,兆豐-三重,2024-02-22,7008
2359,所羅門,5,0,5,兆豐-三重,2024-02-22,7008
2457,飛宏,8,3,5,兆豐-三重,2024-02-22,7008
3013,晟銘電,5,0,5,兆豐-三重,2024-02-22,7008
3019,亞光,5,0,5,兆豐-三重,2024-02-22,7008
3056,富華新,5,0,5,兆豐-三重,2024-02-22,7008
3312,弘憶股,5,0,5,兆豐-三重,2024-02-22,7008
3450,聯鈞,19,14,5,兆豐-三重,2024-02-22,7008
2882,國泰金,100,1,99,兆豐-三重,2024-02-23,7008
1314,中石化,70,2,68,兆豐-三重,2024-02-23,7008
2367,燿華,65,0,65,兆豐-三重,2024-02-23,7008
00795B,中信美國公債20年,62,2,60,兆豐-三重,2024-02-23,7008
00687B,國泰20年美債,55,4,51,兆豐-三重,2024-02-23,7008
00937B,群益ESG投等債20,49,0,49,兆豐-三重,2024-02-23,7008
2852,第一保,49,0,49,兆豐-三重,2024-02-23,7008
2329,華泰,78,33,45,兆豐-三重,2024-02-23,7008
6189,豐藝,80,39,41,兆豐-三重,2024-02-23,7008
6207,雷科,40,1,39,兆豐-三重,2024-02-23,7008
1536,和大,46,11,35,兆豐-三重,2024-02-23,7008
2486,一詮,43,10,33,兆豐-三重,2024-02-23,7008
1316,上曜,35,5,30,兆豐-三重,2024-02-23,7008
6134,萬旭,30,0,30,兆豐-三重,2024-02-23,7008
6282,康舒,24,0,24,兆豐-三重,2024-02-23,7008
8064,東捷,26,2,24,兆豐-三重,2024-02-23,7008
00632R,元大台灣50反1,20,0,20,兆豐-三重,2024-02-23,7008
1409,新纖,20,0,20,兆豐-三重,2024-02-23,7008
9105,泰金寶-DR,20,0,20,兆豐-三重,2024-02-23,7008
2891,中信金,22,3,19,兆豐-三重,2024-02-23,7008
2303,聯電,19,0,19,兆豐-三重,2024-02-23,7008
00680L,元大美債20正2,18,0,18,兆豐-三重,2024-02-23,7008
3481,群創,26,8,18,兆豐-三重,2024-02-23,7008
8059,凱碩,17,0,17,兆豐-三重,2024-02-23,7008
1522,堤維西,19,3,16,兆豐-三重,2024-02-23,7008
8176,智捷,16,0,16,兆豐-三重,2024-02-23,7008
1905,華紙,15,0,15,兆豐-三重,2024-02-23,7008
2408,南亞科,15,0,15,兆豐-三重,2024-02-23,7008
3313,斐成,15,0,15,兆豐-三重,2024-02-23,7008
1584,精剛,13,0,13,兆豐-三重,2024-02-23,7008
2421,建準,35,22,13,兆豐-三重,2024-02-23,7008
2101,南港,12,0,12,兆豐-三重,2024-02-23,7008
2355,敬鵬,14,2,12,兆豐-三重,2024-02-23,7008
2506,太設,12,0,12,兆豐-三重,2024-02-23,7008
3607,谷崧,13,1,12,兆豐-三重,2024-02-23,7008
4147,中裕,12,0,12,兆豐-三重,2024-02-23,7008
8105,凌巨,12,0,12,兆豐-三重,2024-02-23,7008
00878,國泰永續高股息,18,7,11,兆豐-三重,2024-02-23,7008
6147,頎邦,12,1,11,兆豐-三重,2024-02-23,7008
6208,日揚,11,0,11,兆豐-三重,2024-02-23,7008
8076,伍豐,11,0,11,兆豐-三重,2024-02-23,7008
00915,凱基優選高股息30,10,0,10,兆豐-三重,2024-02-23,7008
00877,復華中國5G,10,0,10,兆豐-三重,2024-02-23,7008
00688L,國泰20年美債正2,10,0,10,兆豐-三重,2024-02-23,7008
3576,聯合再生,20,10,10,兆豐-三重,2024-02-23,7008
4976,佳凌,10,0,10,兆豐-三重,2024-02-23,7008
3005,神基,9,0,9,兆豐-三重,2024-02-23,7008
3360,尚立,10,1,9,兆豐-三重,2024-02-23,7008
3535,晶彩科,10,1,9,兆豐-三重,2024-02-23,7008
5381,合正,10,1,9,兆豐-三重,2024-02-23,7008
0056,元大高股息,172,1,171,兆豐-三重,2024-02-26,7008
00878,國泰永續高股息,94,4,90,兆豐-三重,2024-02-26,7008
00882,中信中國高股息,55,0,55,兆豐-三重,2024-02-26,7008
1504,東元,37,9,28,兆豐-三重,2024-02-26,7008
3715,定穎投控,27,2,25,兆豐-三重,2024-02-26,7008
6538,倉和,25,0,25,兆豐-三重,2024-02-26,7008
1785,光洋科,23,0,23,兆豐-三重,2024-02-26,7008
2313,華通,28,9,19,兆豐-三重,2024-02-26,7008
00680L,元大美債20正2,20,2,18,兆豐-三重,2024-02-26,7008
6168,宏齊,17,0,17,兆豐-三重,2024-02-26,7008
00688L,國泰20年美債正2,17,2,15,兆豐-三重,2024-02-26,7008
1905,華紙,15,0,15,兆豐-三重,2024-02-26,7008
3041,揚智,16,1,15,兆豐-三重,2024-02-26,7008
00720B,元大投資級公司債,14,0,14,兆豐-三重,2024-02-26,7008
2353,宏��,16,2,14,兆豐-三重,2024-02-26,7008
1809,中釉,16,3,13,兆豐-三重,2024-02-26,7008
1815,富喬,14,1,13,兆豐-三重,2024-02-26,7008
00679B,元大美債20年,12,0,12,兆豐-三重,2024-02-26,7008
2303,聯電,20,8,12,兆豐-三重,2024-02-26,7008
2488,漢平,11,0,11,兆豐-三重,2024-02-26,7008
5381,合正,11,0,11,兆豐-三重,2024-02-26,7008
2329,華泰,19,8,11,兆豐-三重,2024-02-26,7008
00919,群益台灣精選高息,40,29,11,兆豐-三重,2024-02-26,7008
00830,國泰費城半導體,10,0,10,兆豐-三重,2024-02-26,7008
00915,凱基優選高股息30,10,0,10,兆豐-三重,2024-02-26,7008
2417,圓剛,10,0,10,兆豐-三重,2024-02-26,7008
2890,永豐金,11,1,10,兆豐-三重,2024-02-26,7008
2892,第一金,10,0,10,兆豐-三重,2024-02-26,7008
3363,上詮,13,3,10,兆豐-三重,2024-02-26,7008
5009,榮剛,10,0,10,兆豐-三重,2024-02-26,7008
8112,至上,20,10,10,兆豐-三重,2024-02-26,7008
3380,明泰,10,0,10,兆豐-三重,2024-02-26,7008
5347,世界,10,0,10,兆豐-三重,2024-02-26,7008
1605,華新,14,5,9,兆豐-三重,2024-02-26,7008
1717,長興,10,1,9,兆豐-三重,2024-02-26,7008
006208,富邦台50,9,0,9,兆豐-三重,2024-02-26,7008
6274,台燿,12,3,9,兆豐-三重,2024-02-26,7008
2371,大同,15,7,8,兆豐-三重,2024-02-26,7008
2495,普安,12,4,8,兆豐-三重,2024-02-26,7008
2634,漢翔,10,2,8,兆豐-三重,2024-02-26,7008
3706,神達,8,0,8,兆豐-三重,2024-02-26,7008
8299,群聯,8,0,8,兆豐-三重,2024-02-26,7008
8358,金居,13,5,8,兆豐-三重,2024-02-26,7008
3701,大眾控,7,0,7,兆豐-三重,2024-02-26,7008
8011,台通,7,0,7,兆豐-三重,2024-02-26,7008
2449,京元電子,7,0,7,兆豐-三重,2024-02-26,7008
9941,裕融,6,0,6,兆豐-三重,2024-02-26,7008
5871,中租-KY,6,0,6,兆豐-三重,2024-02-26,7008
2609,陽明,17,11,6,兆豐-三重,2024-02-26,7008
3047,訊舟,13,7,6,兆豐-三重,2024-02-26,7008
8096,擎亞,293,21,272,兆豐-三重,2024-02-27,7008
9105,泰金寶-DR,80,0,80,兆豐-三重,2024-02-27,7008
2883,凱基金,56,0,56,兆豐-三重,2024-02-27,7008
00882,中信中國高股息,43,0,43,兆豐-三重,2024-02-27,7008
2329,華泰,70,27,43,兆豐-三重,2024-02-27,7008
2412,中華電,222,180,42,兆豐-三重,2024-02-27,7008
3363,上詮,77,35,42,兆豐-三重,2024-02-27,7008
4960,誠美材,39,4,35,兆豐-三重,2024-02-27,7008
8064,東捷,37,2,35,兆豐-三重,2024-02-27,7008
2408,南亞科,33,0,33,兆豐-三重,2024-02-27,7008
00688L,國泰20年美債正2,25,0,25,兆豐-三重,2024-02-27,7008
1514,亞力,70,45,25,兆豐-三重,2024-02-27,7008
3450,聯鈞,34,9,25,兆豐-三重,2024-02-27,7008
4720,德淵,25,0,25,兆豐-三重,2024-02-27,7008
3712,永崴投控,23,0,23,兆豐-三重,2024-02-27,7008
3037,欣興,29,7,22,兆豐-三重,2024-02-27,7008
00937B,群益ESG投等債20,23,2,21,兆豐-三重,2024-02-27,7008
00632R,元大台灣50反1,20,0,20,兆豐-三重,2024-02-27,7008
00929,復華台灣科技優息,96,76,20,兆豐-三重,2024-02-27,7008
00878,國泰永續高股息,39,19,20,兆豐-三重,2024-02-27,7008
6443,元晶,19,0,19,兆豐-三重,2024-02-27,7008
3055,蔚華科,17,1,16,兆豐-三重,2024-02-27,7008
3715,定穎投控,21,6,15,兆豐-三重,2024-02-27,7008
5519,隆大,15,0,15,兆豐-三重,2024-02-27,7008
3047,訊舟,13,0,13,兆豐-三重,2024-02-27,7008
6789,采鈺,18,6,12,兆豐-三重,2024-02-27,7008
00680L,元大美債20正2,12,0,12,兆豐-三重,2024-02-27,7008
3701,大眾控,11,0,11,兆豐-三重,2024-02-27,7008
00900,富邦特選高股息30,10,0,10,兆豐-三重,2024-02-27,7008
00933B,國泰10Y+金融債,10,0,10,兆豐-三重,2024-02-27,7008
1316,上曜,13,3,10,兆豐-三重,2024-02-27,7008
1522,堤維西,13,3,10,兆豐-三重,2024-02-27,7008
1605,華新,20,10,10,兆豐-三重,2024-02-27,7008
2208,台船,15,5,10,兆豐-三重,2024-02-27,7008
2501,國建,10,0,10,兆豐-三重,2024-02-27,7008
2885,元大金,10,0,10,兆豐-三重,2024-02-27,7008
2888,新光金,10,0,10,兆豐-三重,2024-02-27,7008
3028,增你強,10,0,10,兆豐-三重,2024-02-27,7008
4542,科嶠,11,1,10,兆豐-三重,2024-02-27,7008
5355,佳總,10,0,10,兆豐-三重,2024-02-27,7008
8046,南電,10,0,10,兆豐-三重,2024-02-27,7008
1727,中華化,21,12,9,兆豐-三重,2024-02-27,7008
2367,燿華,9,0,9,兆豐-三重,2024-02-27,7008
6168,宏齊,9,0,9,兆豐-三重,2024-02-27,7008
2243,宏旭-KY,8,0,8,兆豐-三重,2024-02-27,7008
2506,太設,8,0,8,兆豐-三重,2024-02-27,7008
3706,神達,8,0,8,兆豐-三重,2024-02-27,7008
6451,訊芯-KY,10,2,8,兆豐-三重,2024-02-27,7008
2498,宏達電,16,9,7,兆豐-三重,2024-02-27,7008
3163,波若威,13,6,7,兆豐-三重,2024-02-27,7008
00919,群益台灣精選高息,297,187,110,兆豐-三重,2024-02-29,7008
2889,國票金,100,0,100,兆豐-三重,2024-02-29,7008
00937B,群益ESG投等債20,73,5,68,兆豐-三重,2024-02-29,7008
0056,元大高股息,56,0,56,兆豐-三重,2024-02-29,7008
2301,光寶科,56,5,51,兆豐-三重,2024-02-29,7008
1785,光洋科,45,0,45,兆豐-三重,2024-02-29,7008
2903,遠百,31,0,31,兆豐-三重,2024-02-29,7008
00830,國泰費城半導體,30,0,30,兆豐-三重,2024-02-29,7008
2405,輔信,25,1,24,兆豐-三重,2024-02-29,7008
3363,上詮,39,15,24,兆豐-三重,2024-02-29,7008
2329,華泰,45,23,22,兆豐-三重,2024-02-29,7008
2303,聯電,36,15,21,兆豐-三重,2024-02-29,7008
2104,國際中橡,20,3,17,兆豐-三重,2024-02-29,7008
00757,統一FANG+,16,0,16,兆豐-三重,2024-02-29,7008
9919,康那香,16,0,16,兆豐-三重,2024-02-29,7008
2611,志信,15,0,15,兆豐-三重,2024-02-29,7008
5907,大洋-KY,15,0,15,兆豐-三重,2024-02-29,7008
6206,飛捷,15,0,15,兆豐-三重,2024-02-29,7008
3231,緯創,17,3,14,兆豐-三重,2024-02-29,7008
3481,群創,16,2,14,兆豐-三重,2024-02-29,7008
3706,神達,18,5,13,兆豐-三重,2024-02-29,7008
8028,昇陽半導體,13,0,13,兆豐-三重,2024-02-29,7008
00687B,國泰20年美債,12,0,12,兆豐-三重,2024-02-29,7008
00751B,元大AAA至A公司債,12,0,12,兆豐-三重,2024-02-29,7008
5347,世界,12,0,12,兆豐-三重,2024-02-29,7008
6288,聯嘉,13,1,12,兆豐-三重,2024-02-29,7008
8112,至上,14,2,12,兆豐-三重,2024-02-29,7008
1513,中興電,36,25,11,兆豐-三重,2024-02-29,7008
00878,國泰永續高股息,10,0,10,兆豐-三重,2024-02-29,7008
2607,榮運,10,0,10,兆豐-三重,2024-02-29,7008
5009,榮剛,10,0,10,兆豐-三重,2024-02-29,7008
6578,達邦蛋白,10,0,10,兆豐-三重,2024-02-29,7008
9105,泰金寶-DR,10,0,10,兆豐-三重,2024-02-29,7008
3047,訊舟,9,0,9,兆豐-三重,2024-02-29,7008
3483,力致,14,5,9,兆豐-三重,2024-02-29,7008
5351,鈺創,11,2,9,兆豐-三重,2024-02-29,7008
3663,鑫科,9,1,8,兆豐-三重,2024-02-29,7008
8059,凱碩,15,7,8,兆豐-三重,2024-02-29,7008
2340,台亞,7,0,7,兆豐-三重,2024-02-29,7008
2355,敬鵬,10,3,7,兆豐-三重,2024-02-29,7008
2610,華航,8,1,7,兆豐-三重,2024-02-29,7008
3037,欣興,12,5,7,兆豐-三重,2024-02-29,7008
3450,聯鈞,17,10,7,兆豐-三重,2024-02-29,7008
8210,勤誠,8,1,7,兆豐-三重,2024-02-29,7008
00929,復華台灣科技優息,21,14,7,兆豐-三重,2024-02-29,7008
2375,凱美,6,0,6,兆豐-三重,2024-02-29,7008
2377,微星,6,0,6,兆豐-三重,2024-02-29,7008
2476,鉅祥,9,3,6,兆豐-三重,2024-02-29,7008
3260,威剛,7,1,6,兆豐-三重,2024-02-29,7008
3715,定穎投控,6,0,6,兆豐-三重,2024-02-29,7008
00919,群益台灣精選高息,489,220,269,兆豐-三重,2024-03-01,7008
00933B,國泰10Y+金融債,90,0,90,兆豐-三重,2024-03-01,7008
2371,大同,64,20,44,兆豐-三重,2024-03-01,7008
1316,上曜,62,19,43,兆豐-三重,2024-03-01,7008
5608,四維航,40,0,40,兆豐-三重,2024-03-01,7008
00937B,群益ESG投等債20,34,0,34,兆豐-三重,2024-03-01,7008
6257,矽格,35,1,34,兆豐-三重,2024-03-01,7008
2313,華通,32,5,27,兆豐-三重,2024-03-01,7008
4303,信立,41,15,26,兆豐-三重,2024-03-01,7008
3055,蔚華科,114,89,25,兆豐-三重,2024-03-01,7008
3071,協禧,24,0,24,兆豐-三重,2024-03-01,7008
00878,國泰永續高股息,28,5,23,兆豐-三重,2024-03-01,7008
1618,合機,25,2,23,兆豐-三重,2024-03-01,7008
00918,大華優利高填息30,22,0,22,兆豐-三重,2024-03-01,7008
2606,裕民,21,0,21,兆豐-三重,2024-03-01,7008
3518,柏騰,21,0,21,兆豐-三重,2024-03-01,7008
2888,新光金,20,0,20,兆豐-三重,2024-03-01,7008
3372,典範,63,43,20,兆豐-三重,2024-03-01,7008
8105,凌巨,21,2,19,兆豐-三重,2024-03-01,7008
00934,中信成長高股息,17,0,17,兆豐-三重,2024-03-01,7008
8932,智通*,16,0,16,兆豐-三重,2024-03-01,7008
00687B,國泰20年美債,15,0,15,兆豐-三重,2024-03-01,7008
00882,中信中國高股息,15,0,15,兆豐-三重,2024-03-01,7008
2609,陽明,16,3,13,兆豐-三重,2024-03-01,7008
6005,群益證,16,3,13,兆豐-三重,2024-03-01,7008
1513,中興電,45,33,12,兆豐-三重,2024-03-01,7008
6122,擎邦,12,0,12,兆豐-三重,2024-03-01,7008
6125,廣運,31,19,12,兆豐-三重,2024-03-01,7008
2618,長榮航,11,0,11,兆豐-三重,2024-03-01,7008
1612,宏泰,13,2,11,兆豐-三重,2024-03-01,7008
3217,優群,11,0,11,兆豐-三重,2024-03-01,7008
3530,晶相光,12,1,11,兆豐-三重,2024-03-01,7008
3576,聯合再生,11,0,11,兆豐-三重,2024-03-01,7008
2443,昶虹,10,0,10,兆豐-三重,2024-03-01,7008
2506,太設,11,1,10,兆豐-三重,2024-03-01,7008
3580,友威科,10,0,10,兆豐-三重,2024-03-01,7008
5452,佶優,21,11,10,兆豐-三重,2024-03-01,7008
8046,南電,10,0,10,兆豐-三重,2024-03-01,7008
2324,仁寶,16,7,9,兆豐-三重,2024-03-01,7008
2425,承啟,12,3,9,兆豐-三重,2024-03-01,7008
3232,昱捷,9,0,9,兆豐-三重,2024-03-01,7008
1101,台泥,8,0,8,兆豐-三重,2024-03-01,7008
8358,金居,8,0,8,兆豐-三重,2024-03-01,7008
1536,和大,7,0,7,兆豐-三重,2024-03-01,7008
9941,裕融,7,0,7,兆豐-三重,2024-03-01,7008
00891,中信關鍵半導體,6,0,6,兆豐-三重,2024-03-01,7008
2615,萬海,6,0,6,兆豐-三重,2024-03-01,7008
3596,智易,6,0,6,兆豐-三重,2024-03-01,7008
5521,工信,6,0,6,兆豐-三重,2024-03-01,7008
6477,安集,6,0,6,兆豐-三重,2024-03-01,7008
0056,元大高股息,135,10,125,兆豐-三重,2024-03-04,7008
00937B,群益ESG投等債20,123,3,120,兆豐-三重,2024-03-04,7008
2888,新光金,101,0,101,兆豐-三重,2024-03-04,7008
5880,合庫金,66,0,66,兆豐-三重,2024-03-04,7008
2504,國產,50,0,50,兆豐-三重,2024-03-04,7008
3005,神基,51,3,48,兆豐-三重,2024-03-04,7008
2377,微星,51,6,45,兆豐-三重,2024-03-04,7008
2609,陽明,49,5,44,兆豐-三重,2024-03-04,7008
6016,康和證,30,0,30,兆豐-三重,2024-03-04,7008
00632R,元大台灣50反1,27,0,27,兆豐-三重,2024-03-04,7008
3313,斐成,25,0,25,兆豐-三重,2024-03-04,7008
2465,麗臺,23,0,23,兆豐-三重,2024-03-04,7008
4513,福裕,20,0,20,兆豐-三重,2024-03-04,7008
3035,智原,27,8,19,兆豐-三重,2024-03-04,7008
6005,群益證,20,4,16,兆豐-三重,2024-03-04,7008
8046,南電,17,1,16,兆豐-三重,2024-03-04,7008
00637L,元大滬深300正2,15,0,15,兆豐-三重,2024-03-04,7008
2405,輔信,41,26,15,兆豐-三重,2024-03-04,7008
5410,國眾,38,23,15,兆豐-三重,2024-03-04,7008
6695,芯鼎,20,6,14,兆豐-三重,2024-03-04,7008
1609,大亞,19,5,14,兆豐-三重,2024-03-04,7008
2376,技嘉,18,5,13,兆豐-三重,2024-03-04,7008
2892,第一金,13,0,13,兆豐-三重,2024-03-04,7008
6218,豪勉,14,3,11,兆豐-三重,2024-03-04,7008
3169,亞信,10,0,10,兆豐-三重,2024-03-04,7008
00676R,富邦臺灣加權反1,10,0,10,兆豐-三重,2024-03-04,7008
1307,三芳,10,0,10,兆豐-三重,2024-03-04,7008
1314,中石化,10,0,10,兆豐-三重,2024-03-04,7008
1907,永豐餘,10,0,10,兆豐-三重,2024-03-04,7008
2607,榮運,20,10,10,兆豐-三重,2024-03-04,7008
3702,大聯大,10,0,10,兆豐-三重,2024-03-04,7008
4167,松瑞藥,10,0,10,兆豐-三重,2024-03-04,7008
1409,新纖,10,1,9,兆豐-三重,2024-03-04,7008
2421,建準,13,4,9,兆豐-三重,2024-03-04,7008
3533,嘉澤,9,1,8,兆豐-三重,2024-03-04,7008
00688L,國泰20年美債正2,10,2,8,兆豐-三重,2024-03-04,7008
3322,建舜電,8,0,8,兆豐-三重,2024-03-04,7008
5383,金利,8,0,8,兆豐-三重,2024-03-04,7008
8349,�矬�,8,0,8,兆豐-三重,2024-03-04,7008
3006,晶豪科,11,4,7,兆豐-三重,2024-03-04,7008
6139,亞翔,8,1,7,兆豐-三重,2024-03-04,7008
8059,凱碩,6,0,6,兆豐-三重,2024-03-04,7008
00882,中信中國高股息,6,0,6,兆豐-三重,2024-03-04,7008
00713,元大台灣高息低波,6,0,6,兆豐-三重,2024-03-04,7008
5243,乙盛-KY,6,0,6,兆豐-三重,2024-03-04,7008
6830,汎銓,6,0,6,兆豐-三重,2024-03-04,7008
8050,廣積,6,0,6,兆豐-三重,2024-03-04,7008
8431,匯鑽科,6,0,6,兆豐-三重,2024-03-04,7008
8926,台汽電,5,0,5,兆豐-三重,2024-03-04,7008
00918,大華優利高填息30,5,0,5,兆豐-三重,2024-03-04,7008
00919,群益台灣精選高息,96,26,70,兆豐-三重,2024-03-05,7008
2486,一詮,65,3,62,兆豐-三重,2024-03-05,7008
8085,福華,67,8,59,兆豐-三重,2024-03-05,7008
1785,光洋科,54,7,47,兆豐-三重,2024-03-05,7008
2355,敬鵬,38,4,34,兆豐-三重,2024-03-05,7008
00632R,元大台灣50反1,33,0,33,兆豐-三重,2024-03-05,7008
1522,堤維西,31,4,27,兆豐-三重,2024-03-05,7008
3234,光環,22,1,21,兆豐-三重,2024-03-05,7008
4414,如興,20,0,20,兆豐-三重,2024-03-05,7008
3232,昱捷,22,4,18,兆豐-三重,2024-03-05,7008
2303,聯電,25,8,17,兆豐-三重,2024-03-05,7008
00882,中信中國高股息,16,0,16,兆豐-三重,2024-03-05,7008
3071,協禧,16,0,16,兆豐-三重,2024-03-05,7008
9958,世紀鋼,25,9,16,兆豐-三重,2024-03-05,7008
1513,中興電,24,9,15,兆豐-三重,2024-03-05,7008
00688L,國泰20年美債正2,15,0,15,兆豐-三重,2024-03-05,7008
1609,大亞,15,0,15,兆豐-三重,2024-03-05,7008
1905,華紙,21,6,15,兆豐-三重,2024-03-05,7008
2324,仁寶,21,6,15,兆豐-三重,2024-03-05,7008
00687B,國泰20年美債,14,0,14,兆豐-三重,2024-03-05,7008
00712,復華富時不動產,13,0,13,兆豐-三重,2024-03-05,7008
3062,建漢,13,0,13,兆豐-三重,2024-03-05,7008
2605,新興,12,0,12,兆豐-三重,2024-03-05,7008
4939,亞電,12,0,12,兆豐-三重,2024-03-05,7008
6485,點序,12,0,12,兆豐-三重,2024-03-05,7008
00720B,元大投資級公司債,11,0,11,兆豐-三重,2024-03-05,7008
3715,定穎投控,11,0,11,兆豐-三重,2024-03-05,7008
8112,至上,28,17,11,兆豐-三重,2024-03-05,7008
00878,國泰永續高股息,18,7,11,兆豐-三重,2024-03-05,7008
3169,亞信,10,0,10,兆豐-三重,2024-03-05,7008
1907,永豐餘,10,0,10,兆豐-三重,2024-03-05,7008
2601,益航,10,0,10,兆豐-三重,2024-03-05,7008
2606,裕民,10,0,10,兆豐-三重,2024-03-05,7008
6163,華電網,15,5,10,兆豐-三重,2024-03-05,7008
6547,高端疫苗,10,0,10,兆豐-三重,2024-03-05,7008
6742,澤米,10,0,10,兆豐-三重,2024-03-05,7008
6830,汎銓,10,0,10,兆豐-三重,2024-03-05,7008
8097,常珵,10,0,10,兆豐-三重,2024-03-05,7008
00937B,群益ESG投等債20,9,0,9,兆豐-三重,2024-03-05,7008
3217,優群,9,0,9,兆豐-三重,2024-03-05,7008
5907,大洋-KY,12,3,9,兆豐-三重,2024-03-05,7008
2356,英業達,18,10,8,兆豐-三重,2024-03-05,7008
00915,凱基優選高股息30,9,1,8,兆豐-三重,2024-03-05,7008
2329,華泰,12,4,8,兆豐-三重,2024-03-05,7008
2610,華航,9,1,8,兆豐-三重,2024-03-05,7008
4743,合一,8,0,8,兆豐-三重,2024-03-05,7008
5309,系統電,10,2,8,兆豐-三重,2024-03-05,7008
8028,昇陽半導體,8,0,8,兆豐-三重,2024-03-05,7008
8054,安國,10,3,7,兆豐-三重,2024-03-05,7008
3313,斐成,16,9,7,兆豐-三重,2024-03-05,7008
00878,國泰永續高股息,97,16,81,兆豐-三重,2024-03-06,7008
00937B,群益ESG投等債20,109,30,79,兆豐-三重,2024-03-06,7008
00919,群益台灣精選高息,184,116,68,兆豐-三重,2024-03-06,7008
6016,康和證,35,0,35,兆豐-三重,2024-03-06,7008
00688L,國泰20年美債正2,30,0,30,兆豐-三重,2024-03-06,7008
2243,宏旭-KY,26,0,26,兆豐-三重,2024-03-06,7008
5388,中磊,22,0,22,兆豐-三重,2024-03-06,7008
2002,中鋼,21,0,21,兆豐-三重,2024-03-06,7008
00915,凱基優選高股息30,21,0,21,兆豐-三重,2024-03-06,7008
1905,華紙,20,0,20,兆豐-三重,2024-03-06,7008
6138,茂達,20,0,20,兆豐-三重,2024-03-06,7008
6547,高端疫苗,20,0,20,兆豐-三重,2024-03-06,7008
6592,和潤企業,20,0,20,兆豐-三重,2024-03-06,7008
1432,大魯閣,18,0,18,兆豐-三重,2024-03-06,7008
1303,南亞,24,7,17,兆豐-三重,2024-03-06,7008
2915,潤泰全,16,0,16,兆豐-三重,2024-03-06,7008
6163,華電網,26,10,16,兆豐-三重,2024-03-06,7008
4906,正文,19,4,15,兆豐-三重,2024-03-06,7008
6134,萬旭,15,0,15,兆豐-三重,2024-03-06,7008
2408,南亞科,15,0,15,兆豐-三重,2024-03-06,7008
2405,輔信,22,8,14,兆豐-三重,2024-03-06,7008
8011,台通,15,1,14,兆豐-三重,2024-03-06,7008
2356,英業達,18,5,13,兆豐-三重,2024-03-06,7008
1316,上曜,16,3,13,兆豐-三重,2024-03-06,7008
2609,陽明,16,3,13,兆豐-三重,2024-03-06,7008
3231,緯創,19,6,13,兆豐-三重,2024-03-06,7008
9945,潤泰新,12,1,11,兆豐-三重,2024-03-06,7008
1471,首利,22,11,11,兆豐-三重,2024-03-06,7008
8097,常珵,11,0,11,兆豐-三重,2024-03-06,7008
1608,華榮,12,1,11,兆豐-三重,2024-03-06,7008
020031,統一IC設計臺灣N,10,0,10,兆豐-三重,2024-03-06,7008
6560,欣普羅,10,0,10,兆豐-三重,2024-03-06,7008
00712,復華富時不動產,9,0,9,兆豐-三重,2024-03-06,7008
1712,興農,9,0,9,兆豐-三重,2024-03-06,7008
2303,聯電,9,0,9,兆豐-三重,2024-03-06,7008
2352,佳世達,9,0,9,兆豐-三重,2024-03-06,7008
5426,振發,19,10,9,兆豐-三重,2024-03-06,7008
8210,勤誠,11,3,8,兆豐-三重,2024-03-06,7008
3450,聯鈞,10,2,8,兆豐-三重,2024-03-06,7008
3037,欣興,10,3,7,兆豐-三重,2024-03-06,7008
3232,昱捷,26,19,7,兆豐-三重,2024-03-06,7008
4533,協易機,14,7,7,兆豐-三重,2024-03-06,7008
5222,全訊,7,0,7,兆豐-三重,2024-03-06,7008
5498,凱崴,7,0,7,兆豐-三重,2024-03-06,7008
5512,力麒,7,0,7,兆豐-三重,2024-03-06,7008
6150,撼訊,25,18,7,兆豐-三重,2024-03-06,7008
3021,鴻名,6,0,6,兆豐-三重,2024-03-06,7008
4128,中天,6,0,6,兆豐-三重,2024-03-06,7008
6591,動力-KY,20,14,6,兆豐-三重,2024-03-06,7008
2887,台新金,5,0,5,兆豐-三重,2024-03-06,7008
00919,群益台灣精選高息,404,146,258,兆豐-三重,2024-03-07,7008
1531,高林股,100,0,100,兆豐-三重,2024-03-07,7008
2486,一詮,117,20,97,兆豐-三重,2024-03-07,7008
0056,元大高股息,232,174,58,兆豐-三重,2024-03-07,7008
5272,笙科,52,3,49,兆豐-三重,2024-03-07,7008
2504,國產,50,2,48,兆豐-三重,2024-03-07,7008
2883,凱基金,633,591,42,兆豐-三重,2024-03-07,7008
2606,裕民,38,0,38,兆豐-三重,2024-03-07,7008
1785,光洋科,31,1,30,兆豐-三重,2024-03-07,7008
4746,台耀,30,0,30,兆豐-三重,2024-03-07,7008
00915,凱基優選高股息30,26,0,26,兆豐-三重,2024-03-07,7008
2888,新光金,24,0,24,兆豐-三重,2024-03-07,7008
00929,復華台灣科技優息,21,1,20,兆豐-三重,2024-03-07,7008
6016,康和證,20,0,20,兆豐-三重,2024-03-07,7008
3231,緯創,27,7,20,兆豐-三重,2024-03-07,7008
6109,亞元,19,0,19,兆豐-三重,2024-03-07,7008
1522,堤維西,16,0,16,兆豐-三重,2024-03-07,7008
1815,富喬,32,16,16,兆豐-三重,2024-03-07,7008
2454,聯發科,15,0,15,兆豐-三重,2024-03-07,7008
5488,松普,14,0,14,兆豐-三重,2024-03-07,7008
2313,華通,15,2,13,兆豐-三重,2024-03-07,7008
2324,仁寶,17,4,13,兆豐-三重,2024-03-07,7008
00706L,期元大S＆P日圓正2,12,0,12,兆豐-三重,2024-03-07,7008
2612,中航,12,0,12,兆豐-三重,2024-03-07,7008
3346,麗清,12,0,12,兆豐-三重,2024-03-07,7008
3583,辛耘,18,7,11,兆豐-三重,2024-03-07,7008
8210,勤誠,11,1,10,兆豐-三重,2024-03-07,7008
00931B,統一美債20年,10,0,10,兆豐-三重,2024-03-07,7008
00927,群益半導體收益,10,0,10,兆豐-三重,2024-03-07,7008
1460,宏遠,10,0,10,兆豐-三重,2024-03-07,7008
2390,云辰,10,0,10,兆豐-三重,2024-03-07,7008
3324,雙鴻,17,7,10,兆豐-三重,2024-03-07,7008
6118,建達,10,0,10,兆豐-三重,2024-03-07,7008
6695,芯鼎,10,0,10,兆豐-三重,2024-03-07,7008
00882,中信中國高股息,10,1,9,兆豐-三重,2024-03-07,7008
1609,大亞,9,0,9,兆豐-三重,2024-03-07,7008
2506,太設,9,0,9,兆豐-三重,2024-03-07,7008
3450,聯鈞,15,6,9,兆豐-三重,2024-03-07,7008
8011,台通,15,6,9,兆豐-三重,2024-03-07,7008
9958,世紀鋼,9,0,9,兆豐-三重,2024-03-07,7008
6125,廣運,22,13,9,兆豐-三重,2024-03-07,7008
3006,晶豪科,10,1,9,兆豐-三重,2024-03-07,7008
1314,中石化,8,0,8,兆豐-三重,2024-03-07,7008
00679B,元大美債20年,10,2,8,兆豐-三重,2024-03-07,7008
00632R,元大台灣50反1,108,100,8,兆豐-三重,2024-03-07,7008
2408,南亞科,15,7,8,兆豐-三重,2024-03-07,7008
2605,新興,8,0,8,兆豐-三重,2024-03-07,7008
8028,昇陽半導體,9,1,8,兆豐-三重,2024-03-07,7008
8034,榮群,26,18,8,兆豐-三重,2024-03-07,7008
2421,建準,13,6,7,兆豐-三重,2024-03-07,7008
020034,元大IC設計N,100,0,100,兆豐-三重,2024-03-08,7008
00919,群益台灣精選高息,277,180,97,兆豐-三重,2024-03-08,7008
2888,新光金,100,17,83,兆豐-三重,2024-03-08,7008
00632R,元大台灣50反1,74,0,74,兆豐-三重,2024-03-08,7008
2367,燿華,96,43,53,兆豐-三重,2024-03-08,7008
2489,瑞軒,40,0,40,兆豐-三重,2024-03-08,7008
2303,聯電,184,148,36,兆豐-三重,2024-03-08,7008
00923,群益台ESG低碳50,35,0,35,兆豐-三重,2024-03-08,7008
2327,國巨,33,2,31,兆豐-三重,2024-03-08,7008
6284,佳邦,34,5,29,兆豐-三重,2024-03-08,7008
1785,光洋科,27,2,25,兆豐-三重,2024-03-08,7008
6016,康和證,57,32,25,兆豐-三重,2024-03-08,7008
2324,仁寶,32,12,20,兆豐-三重,2024-03-08,7008
6206,飛捷,20,0,20,兆豐-三重,2024-03-08,7008
3021,鴻名,20,0,20,兆豐-三重,2024-03-08,7008
5284,jpp-KY,18,0,18,兆豐-三重,2024-03-08,7008
8358,金居,18,0,18,兆豐-三重,2024-03-08,7008
1513,中興電,25,8,17,兆豐-三重,2024-03-08,7008
8011,台通,47,30,17,兆豐-三重,2024-03-08,7008
1503,士電,19,3,16,兆豐-三重,2024-03-08,7008
5519,隆大,16,0,16,兆豐-三重,2024-03-08,7008
2353,宏��,17,2,15,兆豐-三重,2024-03-08,7008
2449,京元電子,68,53,15,兆豐-三重,2024-03-08,7008
2613,中櫃,15,0,15,兆豐-三重,2024-03-08,7008
2365,昆盈,14,0,14,兆豐-三重,2024-03-08,7008
2356,英業達,24,11,13,兆豐-三重,2024-03-08,7008
9945,潤泰新,12,0,12,兆豐-三重,2024-03-08,7008
2491,吉祥全,12,0,12,兆豐-三重,2024-03-08,7008
2883,凱基金,13,1,12,兆豐-三重,2024-03-08,7008
8349,�矬�,12,0,12,兆豐-三重,2024-03-08,7008
3163,波若威,15,4,11,兆豐-三重,2024-03-08,7008
3583,辛耘,11,0,11,兆豐-三重,2024-03-08,7008
1477,聚陽,10,0,10,兆豐-三重,2024-03-08,7008
2355,敬鵬,10,0,10,兆豐-三重,2024-03-08,7008
2390,云辰,10,0,10,兆豐-三重,2024-03-08,7008
2636,台驊控股,18,8,10,兆豐-三重,2024-03-08,7008
4967,十銓,10,0,10,兆豐-三重,2024-03-08,7008
5521,工信,10,0,10,兆豐-三重,2024-03-08,7008
6806,森崴能源,11,1,10,兆豐-三重,2024-03-08,7008
3376,新日興,10,1,9,兆豐-三重,2024-03-08,7008
1314,中石化,9,0,9,兆豐-三重,2024-03-08,7008
2486,一詮,58,49,9,兆豐-三重,2024-03-08,7008
2606,裕民,10,1,9,兆豐-三重,2024-03-08,7008
8096,擎亞,13,4,9,兆豐-三重,2024-03-08,7008
3169,亞信,8,0,8,兆豐-三重,2024-03-08,7008
1313,聯成,8,0,8,兆豐-三重,2024-03-08,7008
1522,堤維西,8,0,8,兆豐-三重,2024-03-08,7008
2485,兆赫,8,0,8,兆豐-三重,2024-03-08,7008
3056,富華新,8,0,8,兆豐-三重,2024-03-08,7008
3231,緯創,20,12,8,兆豐-三重,2024-03-08,7008
00937B,群益ESG投等債20,381,4,377,兆豐-三重,2024-03-11,7008
6547,高端疫苗,53,0,53,兆豐-三重,2024-03-11,7008
00929,復華台灣科技優息,65,18,47,兆豐-三重,2024-03-11,7008
6275,元山,36,4,32,兆豐-三重,2024-03-11,7008
2303,聯電,34,8,26,兆豐-三重,2024-03-11,7008
1806,冠軍,23,0,23,兆豐-三重,2024-03-11,7008
2342,茂矽,30,10,20,兆豐-三重,2024-03-11,7008
2489,瑞軒,20,0,20,兆豐-三重,2024-03-11,7008
2618,長榮航,27,7,20,兆豐-三重,2024-03-11,7008
1785,光洋科,19,0,19,兆豐-三重,2024-03-11,7008
2356,英業達,23,7,16,兆豐-三重,2024-03-11,7008
2369,菱生,14,1,13,兆豐-三重,2024-03-11,7008
00915,凱基優選高股息30,10,0,10,兆豐-三重,2024-03-11,7008
2355,敬鵬,10,0,10,兆豐-三重,2024-03-11,7008
6116,彩晶,10,0,10,兆豐-三重,2024-03-11,7008
2408,南亞科,11,2,9,兆豐-三重,2024-03-11,7008
2301,光寶科,12,3,9,兆豐-三重,2024-03-11,7008
2329,華泰,13,4,9,兆豐-三重,2024-03-11,7008
3706,神達,10,1,9,兆豐-三重,2024-03-11,7008
6443,元晶,10,1,9,兆豐-三重,2024-03-11,7008
2367,燿華,19,11,8,兆豐-三重,2024-03-11,7008
5907,大洋-KY,8,0,8,兆豐-三重,2024-03-11,7008
6156,松上,8,0,8,兆豐-三重,2024-03-11,7008
1471,首利,9,2,7,兆豐-三重,2024-03-11,7008
2243,宏旭-KY,7,0,7,兆豐-三重,2024-03-11,7008
3062,建漢,10,3,7,兆豐-三重,2024-03-11,7008
3105,穩懋,7,0,7,兆豐-三重,2024-03-11,7008
5347,世界,7,0,7,兆豐-三重,2024-03-11,7008
6806,森崴能源,8,1,7,兆豐-三重,2024-03-11,7008
00687B,國泰20年美債,6,0,6,兆豐-三重,2024-03-11,7008
2330,台積電,27,21,6,兆豐-三重,2024-03-11,7008
3006,晶豪科,6,0,6,兆豐-三重,2024-03-11,7008
00923,群益台ESG低碳50,6,0,6,兆豐-三重,2024-03-11,7008
00935,野村臺灣新科技50,5,0,5,兆豐-三重,2024-03-11,7008
1526,日馳,5,0,5,兆豐-三重,2024-03-11,7008
1905,華紙,5,0,5,兆豐-三重,2024-03-11,7008
2353,宏��,6,1,5,兆豐-三重,2024-03-11,7008
2613,中櫃,5,0,5,兆豐-三重,2024-03-11,7008
3312,弘憶股,5,0,5,兆豐-三重,2024-03-11,7008
6016,康和證,9,4,5,兆豐-三重,2024-03-11,7008
6138,茂達,5,0,5,兆豐-三重,2024-03-11,7008
6147,頎邦,5,0,5,兆豐-三重,2024-03-11,7008
6282,康舒,5,0,5,兆豐-三重,2024-03-11,7008
8105,凌巨,5,0,5,兆豐-三重,2024-03-11,7008
8358,金居,10,5,5,兆豐-三重,2024-03-11,7008
3481,群創,21,16,5,兆豐-三重,2024-03-11,7008
6125,廣運,27,23,4,兆豐-三重,2024-03-11,7008
00656R,國泰中國A50反1,4,0,4,兆豐-三重,2024-03-11,7008
00918,大華優利高填息30,4,0,4,兆豐-三重,2024-03-11,7008
1522,堤維西,4,0,4,兆豐-三重,2024-03-11,7008
3231,緯創,397,9,388,兆豐-三重,2024-03-12,7008
00937B,群益ESG投等債20,342,25,317,兆豐-三重,2024-03-12,7008
0056,元大高股息,171,5,166,兆豐-三重,2024-03-12,7008
2382,廣達,123,8,115,兆豐-三重,2024-03-12,7008
00919,群益台灣精選高息,171,106,65,兆豐-三重,2024-03-12,7008
3266,昇陽,47,0,47,兆豐-三重,2024-03-12,7008
8930,青鋼,258,220,38,兆豐-三重,2024-03-12,7008
3481,群創,29,0,29,兆豐-三重,2024-03-12,7008
6125,廣運,26,5,21,兆豐-三重,2024-03-12,7008
2327,國巨,21,0,21,兆豐-三重,2024-03-12,7008
2344,華邦電,19,0,19,兆豐-三重,2024-03-12,7008
3013,晟銘電,20,1,19,兆豐-三重,2024-03-12,7008
2371,大同,19,2,17,兆豐-三重,2024-03-12,7008
8349,�矬�,17,0,17,兆豐-三重,2024-03-12,7008
2331,精英,15,0,15,兆豐-三重,2024-03-12,7008
5452,佶優,15,0,15,兆豐-三重,2024-03-12,7008
1409,新纖,13,0,13,兆豐-三重,2024-03-12,7008
3016,嘉晶,25,12,13,兆豐-三重,2024-03-12,7008
6742,澤米,13,0,13,兆豐-三重,2024-03-12,7008
00795B,中信美國公債20年,12,0,12,兆豐-三重,2024-03-12,7008
00687B,國泰20年美債,16,5,11,兆豐-三重,2024-03-12,7008
1471,首利,16,5,11,兆豐-三重,2024-03-12,7008
2412,中華電,251,240,11,兆豐-三重,2024-03-12,7008
2330,台積電,11,0,11,兆豐-三重,2024-03-12,7008
1504,東元,23,13,10,兆豐-三重,2024-03-12,7008
2010,春源,10,0,10,兆豐-三重,2024-03-12,7008
2367,燿華,38,28,10,兆豐-三重,2024-03-12,7008
2491,吉祥全,10,0,10,兆豐-三重,2024-03-12,7008
2520,冠德,10,0,10,兆豐-三重,2024-03-12,7008
3062,建漢,28,18,10,兆豐-三重,2024-03-12,7008
6591,動力-KY,10,0,10,兆豐-三重,2024-03-12,7008
8034,榮群,21,11,10,兆豐-三重,2024-03-12,7008
1444,力麗,9,0,9,兆豐-三重,2024-03-12,7008
00933B,國泰10Y+金融債,8,0,8,兆豐-三重,2024-03-12,7008
2354,鴻準,8,0,8,兆豐-三重,2024-03-12,7008
3576,聯合再生,8,0,8,兆豐-三重,2024-03-12,7008
6550,北極星藥業-KY,8,0,8,兆豐-三重,2024-03-12,7008
00679B,元大美債20年,7,0,7,兆豐-三重,2024-03-12,7008
1316,上曜,14,7,7,兆豐-三重,2024-03-12,7008
3712,永崴投控,9,2,7,兆豐-三重,2024-03-12,7008
4960,誠美材,7,0,7,兆豐-三重,2024-03-12,7008
3163,波若威,15,9,6,兆豐-三重,2024-03-12,7008
1326,台化,5,0,5,兆豐-三重,2024-03-12,7008
2358,廷鑫,5,0,5,兆豐-三重,2024-03-12,7008
2363,矽統,5,0,5,兆豐-三重,2024-03-12,7008
3060,銘異,15,10,5,兆豐-三重,2024-03-12,7008
3162,精確,5,0,5,兆豐-三重,2024-03-12,7008
4543,萬在,5,0,5,兆豐-三重,2024-03-12,7008
5272,笙科,5,0,5,兆豐-三重,2024-03-12,7008
5309,系統電,5,0,5,兆豐-三重,2024-03-12,7008
00712,復華富時不動產,317,1,316,兆豐-三重,2024-03-13,7008
6117,迎廣,145,4,141,兆豐-三重,2024-03-13,7008
00931B,統一美債20年,118,0,118,兆豐-三重,2024-03-13,7008
00937B,群益ESG投等債20,111,30,81,兆豐-三重,2024-03-13,7008
00919,群益台灣精選高息,178,108,70,兆豐-三重,2024-03-13,7008
00918,大華優利高填息30,67,10,57,兆豐-三重,2024-03-13,7008
2506,太設,55,0,55,兆豐-三重,2024-03-13,7008
3715,定穎投控,55,0,55,兆豐-三重,2024-03-13,7008
2633,台灣高鐵,50,0,50,兆豐-三重,2024-03-13,7008
00632R,元大台灣50反1,40,0,40,兆豐-三重,2024-03-13,7008
3050,鈺德,43,5,38,兆豐-三重,2024-03-13,7008
8011,台通,57,20,37,兆豐-三重,2024-03-13,7008
1608,華榮,48,13,35,兆豐-三重,2024-03-13,7008
2303,聯電,87,54,33,兆豐-三重,2024-03-13,7008
3266,昇陽,31,0,31,兆豐-三重,2024-03-13,7008
00679B,元大美債20年,28,0,28,兆豐-三重,2024-03-13,7008
2355,敬鵬,26,0,26,兆豐-三重,2024-03-13,7008
3234,光環,23,2,21,兆豐-三重,2024-03-13,7008
3313,斐成,20,0,20,兆豐-三重,2024-03-13,7008
2883,凱基金,25,6,19,兆豐-三重,2024-03-13,7008
1314,中石化,16,0,16,兆豐-三重,2024-03-13,7008
1785,光洋科,16,1,15,兆豐-三重,2024-03-13,7008
2331,精英,21,6,15,兆豐-三重,2024-03-13,7008
2365,昆盈,15,0,15,兆豐-三重,2024-03-13,7008
3338,泰碩,14,0,14,兆豐-三重,2024-03-13,7008
8040,九暘,49,35,14,兆豐-三重,2024-03-13,7008
8358,金居,14,0,14,兆豐-三重,2024-03-13,7008
6139,亞翔,14,1,13,兆豐-三重,2024-03-13,7008
00688L,國泰20年美債正2,12,0,12,兆豐-三重,2024-03-13,7008
8112,至上,12,0,12,兆豐-三重,2024-03-13,7008
2421,建準,14,3,11,兆豐-三重,2024-03-13,7008
3058,立德,11,0,11,兆豐-三重,2024-03-13,7008
5243,乙盛-KY,41,30,11,兆豐-三重,2024-03-13,7008
8096,擎亞,12,1,11,兆豐-三重,2024-03-13,7008
2230,泰茂,11,0,11,兆豐-三重,2024-03-13,7008
1301,台塑,16,6,10,兆豐-三重,2024-03-13,7008
2243,宏旭-KY,10,0,10,兆豐-三重,2024-03-13,7008
2387,精元,10,0,10,兆豐-三重,2024-03-13,7008
2405,輔信,10,0,10,兆豐-三重,2024-03-13,7008
2440,太空梭,10,0,10,兆豐-三重,2024-03-13,7008
3055,蔚華科,10,0,10,兆豐-三重,2024-03-13,7008
3450,聯鈞,13,3,10,兆豐-三重,2024-03-13,7008
4973,廣穎,10,0,10,兆豐-三重,2024-03-13,7008
6592,和潤企業,10,0,10,兆豐-三重,2024-03-13,7008
6112,邁達特,417,408,9,兆豐-三重,2024-03-13,7008
1714,和桐,9,0,9,兆豐-三重,2024-03-13,7008
4743,合一,10,1,9,兆豐-三重,2024-03-13,7008
6416,瑞祺電通,10,1,9,兆豐-三重,2024-03-13,7008
8064,東捷,9,0,9,兆豐-三重,2024-03-13,7008
8936,國統,14,6,8,兆豐-三重,2024-03-13,7008
00931B,統一美債20年,120,0,120,兆豐-三重,2024-03-14,7008
00919,群益台灣精選高息,140,50,90,兆豐-三重,2024-03-14,7008
00937B,群益ESG投等債20,109,20,89,兆豐-三重,2024-03-14,7008
2883,凱基金,98,41,57,兆豐-三重,2024-03-14,7008
00929,復華台灣科技優息,48,8,40,兆豐-三重,2024-03-14,7008
2303,聯電,64,30,34,兆豐-三重,2024-03-14,7008
00918,大華優利高填息30,34,0,34,兆豐-三重,2024-03-14,7008
2618,長榮航,85,52,33,兆豐-三重,2024-03-14,7008
2020,美亞,34,7,27,兆豐-三重,2024-03-14,7008
6806,森崴能源,25,2,23,兆豐-三重,2024-03-14,7008
2330,台積電,40,17,23,兆豐-三重,2024-03-14,7008
3050,鈺德,24,2,22,兆豐-三重,2024-03-14,7008
8011,台通,43,22,21,兆豐-三重,2024-03-14,7008
3521,鴻翊,20,0,20,兆豐-三重,2024-03-14,7008
5498,凱崴,20,0,20,兆豐-三重,2024-03-14,7008
2609,陽明,17,0,17,兆豐-三重,2024-03-14,7008
3324,雙鴻,70,54,16,兆豐-三重,2024-03-14,7008
2367,燿華,20,5,15,兆豐-三重,2024-03-14,7008
00679B,元大美債20年,15,0,15,兆豐-三重,2024-03-14,7008
2354,鴻準,27,14,13,兆豐-三重,2024-03-14,7008
3583,辛耘,15,2,13,兆豐-三重,2024-03-14,7008
6139,亞翔,63,51,12,兆豐-三重,2024-03-14,7008
2836,高雄銀,12,0,12,兆豐-三重,2024-03-14,7008
2506,太設,12,0,12,兆豐-三重,2024-03-14,7008
00688L,國泰20年美債正2,11,0,11,兆豐-三重,2024-03-14,7008
2449,京元電子,13,2,11,兆豐-三重,2024-03-14,7008
2002,中鋼,13,2,11,兆豐-三重,2024-03-14,7008
3231,緯創,24,14,10,兆豐-三重,2024-03-14,7008
1589,永冠-KY,10,0,10,兆豐-三重,2024-03-14,7008
2007,燁興,10,0,10,兆豐-三重,2024-03-14,7008
2610,華航,10,0,10,兆豐-三重,2024-03-14,7008
5452,佶優,10,0,10,兆豐-三重,2024-03-14,7008
8064,東捷,10,0,10,兆豐-三重,2024-03-14,7008
3702,大聯大,9,0,9,兆豐-三重,2024-03-14,7008
1524,耿鼎,20,11,9,兆豐-三重,2024-03-14,7008
3617,碩天,10,1,9,兆豐-三重,2024-03-14,7008
00933B,國泰10Y+金融債,8,0,8,兆豐-三重,2024-03-14,7008
2543,皇昌,8,0,8,兆豐-三重,2024-03-14,7008
3266,昇陽,8,0,8,兆豐-三重,2024-03-14,7008
6026,福邦證,10,2,8,兆豐-三重,2024-03-14,7008
9945,潤泰新,10,2,8,兆豐-三重,2024-03-14,7008
1722,台肥,7,0,7,兆豐-三重,2024-03-14,7008
2313,華通,7,0,7,兆豐-三重,2024-03-14,7008
006208,富邦台50,6,0,6,兆豐-三重,2024-03-14,7008
3322,建舜電,6,0,6,兆豐-三重,2024-03-14,7008
4588,玖鼎電力,8,2,6,兆豐-三重,2024-03-14,7008
4906,正文,7,1,6,兆豐-三重,2024-03-14,7008
8046,南電,6,0,6,兆豐-三重,2024-03-14,7008
3005,神基,28,23,5,兆豐-三重,2024-03-14,7008
00687B,國泰20年美債,5,0,5,兆豐-三重,2024-03-14,7008
00712,復華富時不動產,177,0,177,兆豐-三重,2024-03-15,7008
2883,凱基金,141,4,137,兆豐-三重,2024-03-15,7008
0056,元大高股息,120,14,106,兆豐-三重,2024-03-15,7008
00937B,群益ESG投等債20,80,0,80,兆豐-三重,2024-03-15,7008
00680L,元大美債20正2,40,0,40,兆豐-三重,2024-03-15,7008
3715,定穎投控,33,1,32,兆豐-三重,2024-03-15,7008
2243,宏旭-KY,30,0,30,兆豐-三重,2024-03-15,7008
2607,榮運,30,0,30,兆豐-三重,2024-03-15,7008
00679B,元大美債20年,27,0,27,兆豐-三重,2024-03-15,7008
00923,群益台ESG低碳50,26,0,26,兆豐-三重,2024-03-15,7008
2020,美亞,24,2,22,兆豐-三重,2024-03-15,7008
2889,國票金,21,0,21,兆豐-三重,2024-03-15,7008
1905,華紙,20,0,20,兆豐-三重,2024-03-15,7008
2330,台積電,19,0,19,兆豐-三重,2024-03-15,7008
1605,華新,24,5,19,兆豐-三重,2024-03-15,7008
3266,昇陽,18,0,18,兆豐-三重,2024-03-15,7008
4714,永捷,28,12,16,兆豐-三重,2024-03-15,7008
00878,國泰永續高股息,21,6,15,兆豐-三重,2024-03-15,7008
2356,英業達,25,10,15,兆豐-三重,2024-03-15,7008
2208,台船,16,1,15,兆豐-三重,2024-03-15,7008
2354,鴻準,27,12,15,兆豐-三重,2024-03-15,7008
2743,山富,15,0,15,兆豐-三重,2024-03-15,7008
00688L,國泰20年美債正2,13,0,13,兆豐-三重,2024-03-15,7008
00929,復華台灣科技優息,22,9,13,兆豐-三重,2024-03-15,7008
2344,華邦電,12,0,12,兆豐-三重,2024-03-15,7008
00919,群益台灣精選高息,106,95,11,兆豐-三重,2024-03-15,7008
8147,正淩,11,0,11,兆豐-三重,2024-03-15,7008
00830,國泰費城半導體,11,0,11,兆豐-三重,2024-03-15,7008
6530,創威,11,0,11,兆豐-三重,2024-03-15,7008
00882,中信中國高股息,10,0,10,兆豐-三重,2024-03-15,7008
00881,國泰台灣5G+,10,0,10,兆豐-三重,2024-03-15,7008
00907,永豐優息存股,10,0,10,兆豐-三重,2024-03-15,7008
00687B,國泰20年美債,10,0,10,兆豐-三重,2024-03-15,7008
1503,士電,48,38,10,兆豐-三重,2024-03-15,7008
1608,華榮,10,0,10,兆豐-三重,2024-03-15,7008
2101,南港,10,0,10,兆豐-三重,2024-03-15,7008
2399,映泰,10,0,10,兆豐-三重,2024-03-15,7008
2603,長榮,14,4,10,兆豐-三重,2024-03-15,7008
1565,精華,9,0,9,兆豐-三重,2024-03-15,7008
2618,長榮航,11,2,9,兆豐-三重,2024-03-15,7008
3163,波若威,11,2,9,兆豐-三重,2024-03-15,7008
6186,新潤,9,0,9,兆豐-三重,2024-03-15,7008
8110,華東,9,0,9,兆豐-三重,2024-03-15,7008
8926,台汽電,10,1,9,兆豐-三重,2024-03-15,7008
1609,大亞,8,0,8,兆豐-三重,2024-03-15,7008
6111,大宇資,8,0,8,兆豐-三重,2024-03-15,7008
8011,台通,8,0,8,兆豐-三重,2024-03-15,7008
8046,南電,8,0,8,兆豐-三重,2024-03-15,7008
8936,國統,8,0,8,兆豐-三重,2024-03-15,7008
1722,台肥,7,0,7,兆豐-三重,2024-03-15,7008
00919,群益台灣精選高息,105,15,90,兆豐-三重,2024-03-18,7008
00687B,國泰20年美債,87,1,86,兆豐-三重,2024-03-18,7008
0056,元大高股息,50,0,50,兆豐-三重,2024-03-18,7008
2883,凱基金,52,2,50,兆豐-三重,2024-03-18,7008
2834,臺企銀,48,0,48,兆豐-三重,2024-03-18,7008
8171,天宇,179,135,44,兆豐-三重,2024-03-18,7008
6016,康和證,40,0,40,兆豐-三重,2024-03-18,7008
00679B,元大美債20年,36,0,36,兆豐-三重,2024-03-18,7008
00929,復華台灣科技優息,37,1,36,兆豐-三重,2024-03-18,7008
00937B,群益ESG投等債20,33,0,33,兆豐-三重,2024-03-18,7008
1905,華紙,30,0,30,兆豐-三重,2024-03-18,7008
2506,太設,25,0,25,兆豐-三重,2024-03-18,7008
00795B,中信美國公債20年,24,0,24,兆豐-三重,2024-03-18,7008
2323,中環,22,0,22,兆豐-三重,2024-03-18,7008
3324,雙鴻,25,3,22,兆豐-三重,2024-03-18,7008
2363,矽統,31,10,21,兆豐-三重,2024-03-18,7008
2382,廣達,46,26,20,兆豐-三重,2024-03-18,7008
2607,榮運,20,0,20,兆豐-三重,2024-03-18,7008
2324,仁寶,16,0,16,兆豐-三重,2024-03-18,7008
3715,定穎投控,16,1,15,兆豐-三重,2024-03-18,7008
00720B,元大投資級公司債,14,0,14,兆豐-三重,2024-03-18,7008
8930,青鋼,215,201,14,兆豐-三重,2024-03-18,7008
2367,燿華,20,9,11,兆豐-三重,2024-03-18,7008
3036,文曄,11,0,11,兆豐-三重,2024-03-18,7008
1526,日馳,10,0,10,兆豐-三重,2024-03-18,7008
2303,聯電,20,10,10,兆豐-三重,2024-03-18,7008
3211,順達,10,0,10,兆豐-三重,2024-03-18,7008
3481,群創,15,5,10,兆豐-三重,2024-03-18,7008
6279,胡連,10,0,10,兆豐-三重,2024-03-18,7008
2356,英業達,12,3,9,兆豐-三重,2024-03-18,7008
3540,曜越,11,2,9,兆豐-三重,2024-03-18,7008
3622,洋華,9,0,9,兆豐-三重,2024-03-18,7008
1809,中釉,8,0,8,兆豐-三重,2024-03-18,7008
2328,廣宇,8,0,8,兆豐-三重,2024-03-18,7008
2357,華碩,9,1,8,兆豐-三重,2024-03-18,7008
2618,長榮航,9,1,8,兆豐-三重,2024-03-18,7008
9904,寶成,14,6,8,兆豐-三重,2024-03-18,7008
1609,大亞,12,5,7,兆豐-三重,2024-03-18,7008
6770,力積電,7,0,7,兆豐-三重,2024-03-18,7008
2603,長榮,12,6,6,兆豐-三重,2024-03-18,7008
2882,國泰金,6,0,6,兆豐-三重,2024-03-18,7008
00941,中信上游半導體,11,5,6,兆豐-三重,2024-03-18,7008
1722,台肥,6,0,6,兆豐-三重,2024-03-18,7008
2369,菱生,6,0,6,兆豐-三重,2024-03-18,7008
2885,元大金,6,0,6,兆豐-三重,2024-03-18,7008
00751B,元大AAA至A公司債,5,0,5,兆豐-三重,2024-03-18,7008
1218,泰山,5,0,5,兆豐-三重,2024-03-18,7008
1591,駿吉-KY,5,0,5,兆豐-三重,2024-03-18,7008
1714,和桐,5,0,5,兆豐-三重,2024-03-18,7008
2025,千興,5,0,5,兆豐-三重,2024-03-18,7008
00933B,國泰10Y+金融債,100,0,100,兆豐-三重,2024-03-19,7008
2317,鴻海,90,25,65,兆豐-三重,2024-03-19,7008
020034,元大IC設計N,50,0,50,兆豐-三重,2024-03-19,7008
00680L,元大美債20正2,50,0,50,兆豐-三重,2024-03-19,7008
00751B,元大AAA至A公司債,42,0,42,兆豐-三重,2024-03-19,7008
2371,大同,53,11,42,兆豐-三重,2024-03-19,7008
2367,燿華,51,20,31,兆豐-三重,2024-03-19,7008
3264,欣銓,27,1,26,兆豐-三重,2024-03-19,7008
2888,新光金,25,1,24,兆豐-三重,2024-03-19,7008
00687B,國泰20年美債,33,10,23,兆豐-三重,2024-03-19,7008
2467,志聖,22,1,21,兆豐-三重,2024-03-19,7008
2607,榮運,20,0,20,兆豐-三重,2024-03-19,7008
00919,群益台灣精選高息,186,168,18,兆豐-三重,2024-03-19,7008
00923,群益台ESG低碳50,18,0,18,兆豐-三重,2024-03-19,7008
00830,國泰費城半導體,26,11,15,兆豐-三重,2024-03-19,7008
6742,澤米,15,0,15,兆豐-三重,2024-03-19,7008
2313,華通,18,5,13,兆豐-三重,2024-03-19,7008
0056,元大高股息,14,2,12,兆豐-三重,2024-03-19,7008
00941,中信上游半導體,12,0,12,兆豐-三重,2024-03-19,7008
2834,臺企銀,13,1,12,兆豐-三重,2024-03-19,7008
1229,聯華,11,0,11,兆豐-三重,2024-03-19,7008
3029,零壹,11,0,11,兆豐-三重,2024-03-19,7008
3312,弘憶股,17,6,11,兆豐-三重,2024-03-19,7008
6290,良維,16,5,11,兆豐-三重,2024-03-19,7008
8349,�矬�,11,0,11,兆豐-三重,2024-03-19,7008
00857B,永豐20年美公債,10,0,10,兆豐-三重,2024-03-19,7008
00795B,中信美國公債20年,10,0,10,兆豐-三重,2024-03-19,7008
00688L,國泰20年美債正2,10,0,10,兆豐-三重,2024-03-19,7008
2243,宏旭-KY,10,0,10,兆豐-三重,2024-03-19,7008
2352,佳世達,23,13,10,兆豐-三重,2024-03-19,7008
2382,廣達,12,2,10,兆豐-三重,2024-03-19,7008
6112,邁達特,339,329,10,兆豐-三重,2024-03-19,7008
6182,合晶,10,0,10,兆豐-三重,2024-03-19,7008
6233,旺玖,13,3,10,兆豐-三重,2024-03-19,7008
6591,動力-KY,10,0,10,兆豐-三重,2024-03-19,7008
2330,台積電,9,0,9,兆豐-三重,2024-03-19,7008
2356,英業達,12,3,9,兆豐-三重,2024-03-19,7008
1618,合機,11,2,9,兆豐-三重,2024-03-19,7008
2408,南亞科,9,0,9,兆豐-三重,2024-03-19,7008
3533,嘉澤,11,2,9,兆豐-三重,2024-03-19,7008
1513,中興電,31,22,9,兆豐-三重,2024-03-19,7008
00679B,元大美債20年,8,0,8,兆豐-三重,2024-03-19,7008
3293,鈊象,10,2,8,兆豐-三重,2024-03-19,7008
2885,元大金,8,0,8,兆豐-三重,2024-03-19,7008
3041,揚智,11,3,8,兆豐-三重,2024-03-19,7008
5871,中租-KY,8,0,8,兆豐-三重,2024-03-19,7008
6462,神盾,20,12,8,兆豐-三重,2024-03-19,7008
8059,凱碩,8,0,8,兆豐-三重,2024-03-19,7008
1503,士電,21,14,7,兆豐-三重,2024-03-19,7008
2610,華航,7,0,7,兆豐-三重,2024-03-19,7008
2852,第一保,100,0,100,兆豐-三重,2024-03-20,7008
2412,中華電,150,81,69,兆豐-三重,2024-03-20,7008
3576,聯合再生,76,7,69,兆豐-三重,2024-03-20,7008
2888,新光金,118,50,68,兆豐-三重,2024-03-20,7008
00680L,元大美債20正2,50,0,50,兆豐-三重,2024-03-20,7008
2883,凱基金,60,15,45,兆豐-三重,2024-03-20,7008
3207,耀勝,77,37,40,兆豐-三重,2024-03-20,7008
2498,宏達電,37,3,34,兆豐-三重,2024-03-20,7008
2891,中信金,31,0,31,兆豐-三重,2024-03-20,7008
4533,協易機,31,1,30,兆豐-三重,2024-03-20,7008
00941,中信上游半導體,31,6,25,兆豐-三重,2024-03-20,7008
1513,中興電,50,25,25,兆豐-三重,2024-03-20,7008
2453,凌群,24,0,24,兆豐-三重,2024-03-20,7008
3294,英濟,36,15,21,兆豐-三重,2024-03-20,7008
00830,國泰費城半導體,20,0,20,兆豐-三重,2024-03-20,7008
00927,群益半導體收益,20,0,20,兆豐-三重,2024-03-20,7008
2832,台產,20,0,20,兆豐-三重,2024-03-20,7008
2884,玉山金,19,0,19,兆豐-三重,2024-03-20,7008
2354,鴻準,135,118,17,兆豐-三重,2024-03-20,7008
5443,均豪,38,21,17,兆豐-三重,2024-03-20,7008
9933,中鼎,20,3,17,兆豐-三重,2024-03-20,7008
3022,威強電,17,1,16,兆豐-三重,2024-03-20,7008
3234,光環,16,0,16,兆豐-三重,2024-03-20,7008
2365,昆盈,15,0,15,兆豐-三重,2024-03-20,7008
00679B,元大美債20年,14,0,14,兆豐-三重,2024-03-20,7008
1522,堤維西,22,8,14,兆豐-三重,2024-03-20,7008
2506,太設,13,0,13,兆豐-三重,2024-03-20,7008
3498,陽程,19,6,13,兆豐-三重,2024-03-20,7008
1455,集盛,15,3,12,兆豐-三重,2024-03-20,7008
3037,欣興,18,7,11,兆豐-三重,2024-03-20,7008
4938,和碩,15,4,11,兆豐-三重,2024-03-20,7008
00795B,中信美國公債20年,10,0,10,兆豐-三重,2024-03-20,7008
00751B,元大AAA至A公司債,10,0,10,兆豐-三重,2024-03-20,7008
00882,中信中國高股息,10,0,10,兆豐-三重,2024-03-20,7008
00911,兆豐洲際半導體,10,0,10,兆豐-三重,2024-03-20,7008
1310,台苯,10,0,10,兆豐-三重,2024-03-20,7008
2390,云辰,10,0,10,兆豐-三重,2024-03-20,7008
3038,全台,11,1,10,兆豐-三重,2024-03-20,7008
3266,昇陽,10,0,10,兆豐-三重,2024-03-20,7008
5608,四維航,10,0,10,兆豐-三重,2024-03-20,7008
6275,元山,21,11,10,兆豐-三重,2024-03-20,7008
2002,中鋼,12,2,10,兆豐-三重,2024-03-20,7008
6005,群益證,12,2,10,兆豐-三重,2024-03-20,7008
3481,群創,10,1,9,兆豐-三重,2024-03-20,7008
4735,豪展,9,0,9,兆豐-三重,2024-03-20,7008
6147,頎邦,17,8,9,兆豐-三重,2024-03-20,7008
2049,上銀,10,1,9,兆豐-三重,2024-03-20,7008
1528,恩德,8,0,8,兆豐-三重,2024-03-20,7008
1809,中釉,10,2,8,兆豐-三重,2024-03-20,7008
2208,台船,8,0,8,兆豐-三重,2024-03-20,7008
00939,統一台灣高息動能,193,34,159,兆豐-三重,2024-03-21,7008
1402,遠東新,100,0,100,兆豐-三重,2024-03-21,7008
00933B,國泰10Y+金融債,100,5,95,兆豐-三重,2024-03-21,7008
1314,中石化,60,0,60,兆豐-三重,2024-03-21,7008
00919,群益台灣精選高息,91,44,47,兆豐-三重,2024-03-21,7008
3617,碩天,31,0,31,兆豐-三重,2024-03-21,7008
00632R,元大台灣50反1,30,0,30,兆豐-三重,2024-03-21,7008
00773B,中信優先金融債,30,0,30,兆豐-三重,2024-03-21,7008
3564,其陽,31,1,30,兆豐-三重,2024-03-21,7008
8171,天宇,88,60,28,兆豐-三重,2024-03-21,7008
3576,聯合再生,52,28,24,兆豐-三重,2024-03-21,7008
6770,力積電,23,0,23,兆豐-三重,2024-03-21,7008
8088,品安,22,1,21,兆豐-三重,2024-03-21,7008
2303,聯電,40,22,18,兆豐-三重,2024-03-21,7008
2367,燿華,22,4,18,兆豐-三重,2024-03-21,7008
6116,彩晶,18,0,18,兆豐-三重,2024-03-21,7008
1785,光洋科,22,5,17,兆豐-三重,2024-03-21,7008
2354,鴻準,27,11,16,兆豐-三重,2024-03-21,7008
2884,玉山金,17,2,15,兆豐-三重,2024-03-21,7008
1504,東元,27,13,14,兆豐-三重,2024-03-21,7008
6443,元晶,31,17,14,兆豐-三重,2024-03-21,7008
2607,榮運,13,0,13,兆豐-三重,2024-03-21,7008
3033,威健,13,0,13,兆豐-三重,2024-03-21,7008
00878,國泰永續高股息,18,5,13,兆豐-三重,2024-03-21,7008
2313,華通,15,3,12,兆豐-三重,2024-03-21,7008
00857B,永豐20年美公債,10,0,10,兆豐-三重,2024-03-21,7008
1721,三晃,10,0,10,兆豐-三重,2024-03-21,7008
2230,泰茂,10,0,10,兆豐-三重,2024-03-21,7008
2337,旺宏,10,0,10,兆豐-三重,2024-03-21,7008
2547,日勝生,10,0,10,兆豐-三重,2024-03-21,7008
2613,中櫃,10,0,10,兆豐-三重,2024-03-21,7008
2852,第一保,10,0,10,兆豐-三重,2024-03-21,7008
4735,豪展,10,0,10,兆豐-三重,2024-03-21,7008
8105,凌巨,10,0,10,兆豐-三重,2024-03-21,7008
3481,群創,13,4,9,兆豐-三重,2024-03-21,7008
1217,愛之味,8,0,8,兆豐-三重,2024-03-21,7008
1455,集盛,8,0,8,兆豐-三重,2024-03-21,7008
3372,典範,8,0,8,兆豐-三重,2024-03-21,7008
4979,華星光,8,0,8,兆豐-三重,2024-03-21,7008
8349,�矬�,8,0,8,兆豐-三重,2024-03-21,7008
2323,中環,7,0,7,兆豐-三重,2024-03-21,7008
1605,華新,11,4,7,兆豐-三重,2024-03-21,7008
1608,華榮,7,0,7,兆豐-三重,2024-03-21,7008
2329,華泰,7,0,7,兆豐-三重,2024-03-21,7008
3169,亞信,7,0,7,兆豐-三重,2024-03-21,7008
6120,達運,7,0,7,兆豐-三重,2024-03-21,7008
00929,復華台灣科技優息,27,21,6,兆豐-三重,2024-03-21,7008
3264,欣銓,6,0,6,兆豐-三重,2024-03-21,7008
6235,華孚,8,2,6,兆豐-三重,2024-03-21,7008
6414,樺漢,9,3,6,兆豐-三重,2024-03-21,7008
2801,彰銀,219,0,219,兆豐-三重,2024-03-22,7008
2834,臺企銀,113,0,113,兆豐-三重,2024-03-22,7008
00919,群益台灣精選高息,130,28,102,兆豐-三重,2024-03-22,7008
2367,燿華,99,6,93,兆豐-三重,2024-03-22,7008
00688L,國泰20年美債正2,90,0,90,兆豐-三重,2024-03-22,7008
2888,新光金,62,0,62,兆豐-三重,2024-03-22,7008
2353,宏��,78,24,54,兆豐-三重,2024-03-22,7008
2324,仁寶,57,4,53,兆豐-三重,2024-03-22,7008
3706,神達,144,91,53,兆豐-三重,2024-03-22,7008
1584,精剛,55,5,50,兆豐-三重,2024-03-22,7008
0056,元大高股息,233,189,44,兆豐-三重,2024-03-22,7008
1417,嘉裕,30,0,30,兆豐-三重,2024-03-22,7008
1587,吉茂,30,0,30,兆豐-三重,2024-03-22,7008
1806,冠軍,27,0,27,兆豐-三重,2024-03-22,7008
1785,光洋科,27,2,25,兆豐-三重,2024-03-22,7008
2303,聯電,25,1,24,兆豐-三重,2024-03-22,7008
00939,統一台灣高息動能,67,43,24,兆豐-三重,2024-03-22,7008
1504,東元,44,20,24,兆豐-三重,2024-03-22,7008
2498,宏達電,24,0,24,兆豐-三重,2024-03-22,7008
00941,中信上游半導體,34,11,23,兆豐-三重,2024-03-22,7008
00891,中信關鍵半導體,22,0,22,兆豐-三重,2024-03-22,7008
3498,陽程,20,0,20,兆豐-三重,2024-03-22,7008
6112,邁達特,20,0,20,兆豐-三重,2024-03-22,7008
2883,凱基金,21,2,19,兆豐-三重,2024-03-22,7008
1513,中興電,49,32,17,兆豐-三重,2024-03-22,7008
5469,瀚宇博,17,0,17,兆豐-三重,2024-03-22,7008
3071,協禧,14,0,14,兆豐-三重,2024-03-22,7008
8011,台通,24,10,14,兆豐-三重,2024-03-22,7008
3033,威健,13,0,13,兆豐-三重,2024-03-22,7008
2406,國碩,15,3,12,兆豐-三重,2024-03-22,7008
2618,長榮航,24,12,12,兆豐-三重,2024-03-22,7008
6244,茂迪,14,2,12,兆豐-三重,2024-03-22,7008
8222,寶一,12,0,12,兆豐-三重,2024-03-22,7008
1809,中釉,16,5,11,兆豐-三重,2024-03-22,7008
2482,連宇,11,0,11,兆豐-三重,2024-03-22,7008
00706L,期元大S＆P日圓正2,10,0,10,兆豐-三重,2024-03-22,7008
00632R,元大台灣50反1,11,1,10,兆豐-三重,2024-03-22,7008
1714,和桐,10,0,10,兆豐-三重,2024-03-22,7008
2605,新興,10,0,10,兆豐-三重,2024-03-22,7008
2607,榮運,10,0,10,兆豐-三重,2024-03-22,7008
6138,茂達,10,0,10,兆豐-三重,2024-03-22,7008
5871,中租-KY,9,0,9,兆豐-三重,2024-03-22,7008
00923,群益台ESG低碳50,9,0,9,兆豐-三重,2024-03-22,7008
2344,華邦電,11,2,9,兆豐-三重,2024-03-22,7008
3372,典範,11,2,9,兆豐-三重,2024-03-22,7008
4111,濟生,9,0,9,兆豐-三重,2024-03-22,7008
5371,中光電,10,1,9,兆豐-三重,2024-03-22,7008
8926,台汽電,10,1,9,兆豐-三重,2024-03-22,7008
1477,聚陽,8,0,8,兆豐-三重,2024-03-22,7008
1608,華榮,15,7,8,兆豐-三重,2024-03-22,7008
4938,和碩,203,101,102,兆豐-三重,2024-03-25,7008
6016,康和證,65,0,65,兆豐-三重,2024-03-25,7008
0056,元大高股息,94,41,53,兆豐-三重,2024-03-25,7008
2888,新光金,52,0,52,兆豐-三重,2024-03-25,7008
1584,精剛,50,1,49,兆豐-三重,2024-03-25,7008
2371,大同,57,19,38,兆豐-三重,2024-03-25,7008
1616,億泰,35,0,35,兆豐-三重,2024-03-25,7008
00632R,元大台灣50反1,30,0,30,兆豐-三重,2024-03-25,7008
2834,臺企銀,26,0,26,兆豐-三重,2024-03-25,7008
3708,上緯投控,35,10,25,兆豐-三重,2024-03-25,7008
2498,宏達電,25,2,23,兆豐-三重,2024-03-25,7008
00939,統一台灣高息動能,21,0,21,兆豐-三重,2024-03-25,7008
8085,福華,21,0,21,兆豐-三重,2024-03-25,7008
2324,仁寶,20,0,20,兆豐-三重,2024-03-25,7008
00712,復華富時不動產,18,0,18,兆豐-三重,2024-03-25,7008
2313,華通,23,5,18,兆豐-三重,2024-03-25,7008
3006,晶豪科,26,8,18,兆豐-三重,2024-03-25,7008
3294,英濟,37,20,17,兆豐-三重,2024-03-25,7008
1809,中釉,16,0,16,兆豐-三重,2024-03-25,7008
5202,力新,31,15,16,兆豐-三重,2024-03-25,7008
6806,森崴能源,18,2,16,兆豐-三重,2024-03-25,7008
1786,科妍,87,72,15,兆豐-三重,2024-03-25,7008
2317,鴻海,34,19,15,兆豐-三重,2024-03-25,7008
3055,蔚華科,15,1,14,兆豐-三重,2024-03-25,7008
1785,光洋科,24,11,13,兆豐-三重,2024-03-25,7008
6443,元晶,17,4,13,兆豐-三重,2024-03-25,7008
2230,泰茂,11,0,11,兆豐-三重,2024-03-25,7008
3483,力致,11,0,11,兆豐-三重,2024-03-25,7008
6275,元山,11,0,11,兆豐-三重,2024-03-25,7008
00688L,國泰20年美債正2,10,0,10,兆豐-三重,2024-03-25,7008
00753L,中信中國50正2,10,0,10,兆豐-三重,2024-03-25,7008
1806,冠軍,10,0,10,兆豐-三重,2024-03-25,7008
6202,盛群,10,0,10,兆豐-三重,2024-03-25,7008
8105,凌巨,10,0,10,兆豐-三重,2024-03-25,7008
9933,中鼎,10,0,10,兆豐-三重,2024-03-25,7008
2376,技嘉,14,5,9,兆豐-三重,2024-03-25,7008
1608,華榮,12,3,9,兆豐-三重,2024-03-25,7008
1762,中化生,9,0,9,兆豐-三重,2024-03-25,7008
2356,英業達,149,140,9,兆豐-三重,2024-03-25,7008
3324,雙鴻,10,1,9,兆豐-三重,2024-03-25,7008
2385,群光,8,0,8,兆豐-三重,2024-03-25,7008
3372,典範,8,0,8,兆豐-三重,2024-03-25,7008
4973,廣穎,8,0,8,兆豐-三重,2024-03-25,7008
2409,友達,19,11,8,兆豐-三重,2024-03-25,7008
2417,圓剛,7,0,7,兆豐-三重,2024-03-25,7008
1536,和大,6,0,6,兆豐-三重,2024-03-25,7008
2618,長榮航,12,6,6,兆豐-三重,2024-03-25,7008
9941,裕融,6,0,6,兆豐-三重,2024-03-25,7008
5483,中美晶,6,0,6,兆豐-三重,2024-03-25,7008
00915,凱基優選高股息30,5,0,5,兆豐-三重,2024-03-25,7008
00939,統一台灣高息動能,63,1,62,兆豐-三重,2024-03-26,7008
00632R,元大台灣50反1,90,30,60,兆豐-三重,2024-03-26,7008
2884,玉山金,50,1,49,兆豐-三重,2024-03-26,7008
2313,華通,47,5,42,兆豐-三重,2024-03-26,7008
2356,英業達,44,7,37,兆豐-三重,2024-03-26,7008
3527,聚積,110,82,28,兆豐-三重,2024-03-26,7008
2486,一詮,36,9,27,兆豐-三重,2024-03-26,7008
2359,所羅門,57,34,23,兆豐-三重,2024-03-26,7008
3706,神達,30,8,22,兆豐-三重,2024-03-26,7008
3231,緯創,1324,1303,21,兆豐-三重,2024-03-26,7008
2344,華邦電,41,20,21,兆豐-三重,2024-03-26,7008
1536,和大,20,0,20,兆豐-三重,2024-03-26,7008
2104,國際中橡,20,0,20,兆豐-三重,2024-03-26,7008
3312,弘憶股,22,2,20,兆豐-三重,2024-03-26,7008
5202,力新,20,0,20,兆豐-三重,2024-03-26,7008
1616,億泰,18,0,18,兆豐-三重,2024-03-26,7008
1513,中興電,42,25,17,兆豐-三重,2024-03-26,7008
3481,群創,19,3,16,兆豐-三重,2024-03-26,7008
1524,耿鼎,15,0,15,兆豐-三重,2024-03-26,7008
6125,廣運,46,32,14,兆豐-三重,2024-03-26,7008
6126,信音,14,0,14,兆豐-三重,2024-03-26,7008
2834,臺企銀,13,0,13,兆豐-三重,2024-03-26,7008
3294,英濟,21,8,13,兆豐-三重,2024-03-26,7008
5508,永信建,13,0,13,兆豐-三重,2024-03-26,7008
2329,華泰,14,1,13,兆豐-三重,2024-03-26,7008
00919,群益台灣精選高息,58,47,11,兆豐-三重,2024-03-26,7008
8011,台通,15,4,11,兆豐-三重,2024-03-26,7008
2376,技嘉,11,1,10,兆豐-三重,2024-03-26,7008
4938,和碩,14,4,10,兆豐-三重,2024-03-26,7008
020031,統一IC設計臺灣N,10,0,10,兆豐-三重,2024-03-26,7008
1609,大亞,61,51,10,兆豐-三重,2024-03-26,7008
1806,冠軍,10,0,10,兆豐-三重,2024-03-26,7008
2883,凱基金,21,11,10,兆豐-三重,2024-03-26,7008
3576,聯合再生,14,4,10,兆豐-三重,2024-03-26,7008
5478,智冠,10,0,10,兆豐-三重,2024-03-26,7008
6829,千附精密,10,0,10,兆豐-三重,2024-03-26,7008
1504,東元,30,21,9,兆豐-三重,2024-03-26,7008
2454,聯發科,9,0,9,兆豐-三重,2024-03-26,7008
4979,華星光,9,0,9,兆豐-三重,2024-03-26,7008
1785,光洋科,24,15,9,兆豐-三重,2024-03-26,7008
1514,亞力,97,88,9,兆豐-三重,2024-03-26,7008
2365,昆盈,27,18,9,兆豐-三重,2024-03-26,7008
2845,遠東銀,9,0,9,兆豐-三重,2024-03-26,7008
1108,幸福,8,0,8,兆豐-三重,2024-03-26,7008
00923,群益台ESG低碳50,14,6,8,兆豐-三重,2024-03-26,7008
2609,陽明,8,0,8,兆豐-三重,2024-03-26,7008
2801,彰銀,8,0,8,兆豐-三重,2024-03-26,7008
3005,神基,27,19,8,兆豐-三重,2024-03-26,7008
6742,澤米,8,0,8,兆豐-三重,2024-03-26,7008
2385,群光,9,1,8,兆豐-三重,2024-03-26,7008
0056,元大高股息,474,176,298,兆豐-三重,2024-03-27,7008
00939,統一台灣高息動能,74,12,62,兆豐-三重,2024-03-27,7008
2409,友達,56,0,56,兆豐-三重,2024-03-27,7008
2888,新光金,50,10,40,兆豐-三重,2024-03-27,7008
00937B,群益ESG投等債20,56,30,26,兆豐-三重,2024-03-27,7008
2371,大同,60,35,25,兆豐-三重,2024-03-27,7008
2609,陽明,30,5,25,兆豐-三重,2024-03-27,7008
4915,致伸,32,7,25,兆豐-三重,2024-03-27,7008
00882,中信中國高股息,20,0,20,兆豐-三重,2024-03-27,7008
2023,燁輝,20,0,20,兆豐-三重,2024-03-27,7008
2883,凱基金,28,9,19,兆豐-三重,2024-03-27,7008
3231,緯創,19,3,16,兆豐-三重,2024-03-27,7008
2392,正崴,37,22,15,兆豐-三重,2024-03-27,7008
00931B,統一美債20年,13,0,13,兆豐-三重,2024-03-27,7008
4111,濟生,13,0,13,兆豐-三重,2024-03-27,7008
1513,中興電,116,105,11,兆豐-三重,2024-03-27,7008
1514,亞力,175,164,11,兆豐-三重,2024-03-27,7008
2543,皇昌,11,0,11,兆豐-三重,2024-03-27,7008
00877,復華中國5G,10,0,10,兆豐-三重,2024-03-27,7008
3042,晶技,10,0,10,兆豐-三重,2024-03-27,7008
6133,金橋,10,0,10,兆豐-三重,2024-03-27,7008
6411,晶焱,10,0,10,兆豐-三重,2024-03-27,7008
2367,燿華,15,6,9,兆豐-三重,2024-03-27,7008
6770,力積電,9,0,9,兆豐-三重,2024-03-27,7008
00679B,元大美債20年,8,0,8,兆豐-三重,2024-03-27,7008
1101,台泥,10,2,8,兆豐-三重,2024-03-27,7008
2344,華邦電,8,0,8,兆豐-三重,2024-03-27,7008
2603,長榮,12,4,8,兆豐-三重,2024-03-27,7008
3481,群創,17,9,8,兆豐-三重,2024-03-27,7008
3715,定穎投控,8,0,8,兆豐-三重,2024-03-27,7008
1303,南亞,7,0,7,兆豐-三重,2024-03-27,7008
2611,志信,7,0,7,兆豐-三重,2024-03-27,7008
3005,神基,16,10,6,兆豐-三重,2024-03-27,7008
1301,台塑,6,0,6,兆豐-三重,2024-03-27,7008
3499,環天科,10,4,6,兆豐-三重,2024-03-27,7008
5464,霖宏,6,0,6,兆豐-三重,2024-03-27,7008
1314,中石化,40,35,5,兆豐-三重,2024-03-27,7008
2105,正新,5,0,5,兆豐-三重,2024-03-27,7008
2301,光寶科,10,5,5,兆豐-三重,2024-03-27,7008
2820,華票,5,0,5,兆豐-三重,2024-03-27,7008
3312,弘憶股,5,0,5,兆豐-三重,2024-03-27,7008
3325,旭品,5,0,5,兆豐-三重,2024-03-27,7008
3622,洋華,12,7,5,兆豐-三重,2024-03-27,7008
5523,豐謙,5,0,5,兆豐-三重,2024-03-27,7008
6005,群益證,10,5,5,兆豐-三重,2024-03-27,7008
8112,至上,5,0,5,兆豐-三重,2024-03-27,7008
2388,威盛,5,1,4,兆豐-三重,2024-03-27,7008
2547,日勝生,5,1,4,兆豐-三重,2024-03-27,7008
3105,穩懋,4,0,4,兆豐-三重,2024-03-27,7008
3357,臺慶科,4,0,4,兆豐-三重,2024-03-27,7008
00898,國泰基因免疫革命,100,0,100,兆豐-三重,2024-03-28,7008
3706,神達,58,6,52,兆豐-三重,2024-03-28,7008
2834,臺企銀,41,0,41,兆豐-三重,2024-03-28,7008
00679B,元大美債20年,50,17,33,兆豐-三重,2024-03-28,7008
2515,中工,35,2,33,兆豐-三重,2024-03-28,7008
00882,中信中國高股息,30,0,30,兆豐-三重,2024-03-28,7008
00937B,群益ESG投等債20,29,0,29,兆豐-三重,2024-03-28,7008
3005,神基,91,65,26,兆豐-三重,2024-03-28,7008
3017,奇鋐,29,8,21,兆豐-三重,2024-03-28,7008
1314,中石化,20,0,20,兆豐-三重,2024-03-28,7008
2356,英業達,33,15,18,兆豐-三重,2024-03-28,7008
3576,聯合再生,23,7,16,兆豐-三重,2024-03-28,7008
8046,南電,16,0,16,兆豐-三重,2024-03-28,7008
00923,群益台ESG低碳50,14,0,14,兆豐-三重,2024-03-28,7008
2610,華航,13,0,13,兆豐-三重,2024-03-28,7008
6188,廣明,17,5,12,兆豐-三重,2024-03-28,7008
1608,華榮,18,7,11,兆豐-三重,2024-03-28,7008
020031,統一IC設計臺灣N,10,0,10,兆豐-三重,2024-03-28,7008
2103,台橡,10,0,10,兆豐-三重,2024-03-28,7008
2104,國際中橡,10,0,10,兆豐-三重,2024-03-28,7008
2328,廣宇,17,7,10,兆豐-三重,2024-03-28,7008
2607,榮運,10,0,10,兆豐-三重,2024-03-28,7008
8024,佑華,10,0,10,兆豐-三重,2024-03-28,7008
1609,大亞,13,4,9,兆豐-三重,2024-03-28,7008
5371,中光電,10,1,9,兆豐-三重,2024-03-28,7008
00929,復華台灣科技優息,8,0,8,兆豐-三重,2024-03-28,7008
3372,典範,7,0,7,兆豐-三重,2024-03-28,7008
5202,力新,26,20,6,兆豐-三重,2024-03-28,7008
5464,霖宏,6,0,6,兆豐-三重,2024-03-28,7008
6257,矽格,8,2,6,兆豐-三重,2024-03-28,7008
5483,中美晶,12,6,6,兆豐-三重,2024-03-28,7008
5880,合庫金,7,1,6,兆豐-三重,2024-03-28,7008
1905,華紙,5,0,5,兆豐-三重,2024-03-28,7008
00909,國泰數位支付服務,5,0,5,兆豐-三重,2024-03-28,7008
1310,台苯,5,0,5,兆豐-三重,2024-03-28,7008
1785,光洋科,5,0,5,兆豐-三重,2024-03-28,7008
2482,連宇,5,0,5,兆豐-三重,2024-03-28,7008
2809,京城銀,5,0,5,兆豐-三重,2024-03-28,7008
3062,建漢,16,11,5,兆豐-三重,2024-03-28,7008
3498,陽程,15,10,5,兆豐-三重,2024-03-28,7008
4526,東台,11,6,5,兆豐-三重,2024-03-28,7008
4958,臻鼎-KY,7,2,5,兆豐-三重,2024-03-28,7008
6292,迅德,5,0,5,兆豐-三重,2024-03-28,7008
5347,世界,6,1,5,兆豐-三重,2024-03-28,7008
00922,國泰台灣領袖50,4,0,4,兆豐-三重,2024-03-28,7008
1603,華電,17,13,4,兆豐-三重,2024-03-28,7008
2002,中鋼,5,1,4,兆豐-三重,2024-03-28,7008
2314,台揚,4,0,4,兆豐-三重,2024-03-28,7008
4906,正文,4,0,4,兆豐-三重,2024-03-28,7008
5388,中磊,9,5,4,兆豐-三重,2024-03-28,7008
00937B,群益ESG投等債20,50,7,43,兆豐-三重,2024-03-29,7008
00939,統一台灣高息動能,46,4,42,兆豐-三重,2024-03-29,7008
6126,信音,47,5,42,兆豐-三重,2024-03-29,7008
2367,燿華,42,8,34,兆豐-三重,2024-03-29,7008
00919,群益台灣精選高息,40,8,32,兆豐-三重,2024-03-29,7008
2317,鴻海,56,28,28,兆豐-三重,2024-03-29,7008
00712,復華富時不動產,33,5,28,兆豐-三重,2024-03-29,7008
00931B,統一美債20年,27,0,27,兆豐-三重,2024-03-29,7008
5907,大洋-KY,24,0,24,兆豐-三重,2024-03-29,7008
6275,元山,21,0,21,兆豐-三重,2024-03-29,7008
8110,華東,46,25,21,兆豐-三重,2024-03-29,7008
2392,正崴,22,2,20,兆豐-三重,2024-03-29,7008
2607,榮運,20,0,20,兆豐-三重,2024-03-29,7008
3715,定穎投控,20,0,20,兆豐-三重,2024-03-29,7008
2371,大同,25,8,17,兆豐-三重,2024-03-29,7008
3234,光環,20,3,17,兆豐-三重,2024-03-29,7008
3313,斐成,15,0,15,兆豐-三重,2024-03-29,7008
5202,力新,14,0,14,兆豐-三重,2024-03-29,7008
1785,光洋科,49,36,13,兆豐-三重,2024-03-29,7008
3339,泰谷,21,8,13,兆豐-三重,2024-03-29,7008
2352,佳世達,12,0,12,兆豐-三重,2024-03-29,7008
3481,群創,18,8,10,兆豐-三重,2024-03-29,7008
1447,力鵬,10,0,10,兆豐-三重,2024-03-29,7008
00915,凱基優選高股息30,10,0,10,兆豐-三重,2024-03-29,7008
2243,宏旭-KY,10,0,10,兆豐-三重,2024-03-29,7008
2488,漢平,10,0,10,兆豐-三重,2024-03-29,7008
2543,皇昌,10,0,10,兆豐-三重,2024-03-29,7008
4721,美琪瑪,10,0,10,兆豐-三重,2024-03-29,7008
6125,廣運,17,8,9,兆豐-三重,2024-03-29,7008
1609,大亞,29,20,9,兆豐-三重,2024-03-29,7008
2506,太設,9,0,9,兆豐-三重,2024-03-29,7008
0050,元大台灣50,9,0,9,兆豐-三重,2024-03-29,7008
2453,凌群,8,0,8,兆豐-三重,2024-03-29,7008
6667,信紘科,13,5,8,兆豐-三重,2024-03-29,7008
00929,復華台灣科技優息,8,1,7,兆豐-三重,2024-03-29,7008
2385,群光,30,23,7,兆豐-三重,2024-03-29,7008
00941,中信上游半導體,10,3,7,兆豐-三重,2024-03-29,7008
1591,駿吉-KY,7,0,7,兆豐-三重,2024-03-29,7008
1708,東鹼,7,0,7,兆豐-三重,2024-03-29,7008
2388,威盛,7,0,7,兆豐-三重,2024-03-29,7008
2888,新光金,7,0,7,兆豐-三重,2024-03-29,7008
4526,東台,43,36,7,兆豐-三重,2024-03-29,7008
6129,普誠,7,0,7,兆豐-三重,2024-03-29,7008
6443,元晶,13,6,7,兆豐-三重,2024-03-29,7008
3013,晟銘電,87,81,6,兆豐-三重,2024-03-29,7008
1513,中興電,58,52,6,兆豐-三重,2024-03-29,7008
5512,力麒,6,0,6,兆豐-三重,2024-03-29,7008
8926,台汽電,6,0,6,兆豐-三重,2024-03-29,7008
2376,技嘉,10,4,6,兆豐-三重,2024-03-29,7008
6829,千附精密,5,0,5,兆豐-三重,2024-03-29,7008
00706L,期元大S＆P日圓正2,500,0,500,兆豐-三重,2024-04-01,7008
00940,元大台灣價值高息,415,66,349,兆豐-三重,2024-04-01,7008
2356,英業達,64,21,43,兆豐-三重,2024-04-01,7008
3231,緯創,52,19,33,兆豐-三重,2024-04-01,7008
2382,廣達,38,13,25,兆豐-三重,2024-04-01,7008
3537,堡達,22,0,22,兆豐-三重,2024-04-01,7008
5521,工信,20,2,18,兆豐-三重,2024-04-01,7008
3294,英濟,32,16,16,兆豐-三重,2024-04-01,7008
3339,泰谷,26,10,16,兆豐-三重,2024-04-01,7008
5483,中美晶,16,0,16,兆豐-三重,2024-04-01,7008
4938,和碩,17,2,15,兆豐-三重,2024-04-01,7008
3498,陽程,15,0,15,兆豐-三重,2024-04-01,7008
3083,網龍,14,0,14,兆豐-三重,2024-04-01,7008
8358,金居,14,0,14,兆豐-三重,2024-04-01,7008
2603,長榮,16,4,12,兆豐-三重,2024-04-01,7008
6672,騰輝電子-KY,12,0,12,兆豐-三重,2024-04-01,7008
3013,晟銘電,54,43,11,兆豐-三重,2024-04-01,7008
3711,日月光投控,18,7,11,兆豐-三重,2024-04-01,7008
1504,東元,12,1,11,兆豐-三重,2024-04-01,7008
00927,群益半導體收益,10,0,10,兆豐-三重,2024-04-01,7008
2607,榮運,10,0,10,兆豐-三重,2024-04-01,7008
2705,六福,10,0,10,兆豐-三重,2024-04-01,7008
2884,玉山金,9,0,9,兆豐-三重,2024-04-01,7008
6182,合晶,10,1,9,兆豐-三重,2024-04-01,7008
00687B,國泰20年美債,8,0,8,兆豐-三重,2024-04-01,7008
2439,美律,9,1,8,兆豐-三重,2024-04-01,7008
2301,光寶科,7,0,7,兆豐-三重,2024-04-01,7008
1785,光洋科,76,69,7,兆豐-三重,2024-04-01,7008
00939,統一台灣高息動能,29,22,7,兆豐-三重,2024-04-01,7008
6274,台燿,21,15,6,兆豐-三重,2024-04-01,7008
00795B,中信美國公債20年,6,0,6,兆豐-三重,2024-04-01,7008
2534,宏盛,6,0,6,兆豐-三重,2024-04-01,7008
3234,光環,6,0,6,兆豐-三重,2024-04-01,7008
2891,中信金,8,3,5,兆豐-三重,2024-04-01,7008
2303,聯電,9,4,5,兆豐-三重,2024-04-01,7008
2313,華通,6,1,5,兆豐-三重,2024-04-01,7008
2241,艾姆勒,9,4,5,兆豐-三重,2024-04-01,7008
6113,亞矽,5,0,5,兆豐-三重,2024-04-01,7008
6806,森崴能源,5,0,5,兆豐-三重,2024-04-01,7008
3015,全漢,4,0,4,兆豐-三重,2024-04-01,7008
1304,台聚,4,0,4,兆豐-三重,2024-04-01,7008
1439,雋揚,4,0,4,兆豐-三重,2024-04-01,7008
3325,旭品,6,2,4,兆豐-三重,2024-04-01,7008
3390,旭軟,4,0,4,兆豐-三重,2024-04-01,7008
3491,昇達科,4,0,4,兆豐-三重,2024-04-01,7008
6188,廣明,56,52,4,兆豐-三重,2024-04-01,7008
8054,安國,26,22,4,兆豐-三重,2024-04-01,7008
00900,富邦特選高股息30,3,0,3,兆豐-三重,2024-04-01,7008
4979,華星光,13,10,3,兆豐-三重,2024-04-01,7008
00933B,國泰10Y+金融債,3,0,3,兆豐-三重,2024-04-01,7008
00706L,期元大S＆P日圓正2,500,0,500,兆豐-三重,2024-04-02,7008
0056,元大高股息,496,0,496,兆豐-三重,2024-04-02,7008
00929,復華台灣科技優息,185,0,185,兆豐-三重,2024-04-02,7008
00940,元大台灣價值高息,113,1,112,兆豐-三重,2024-04-02,7008
2515,中工,117,44,73,兆豐-三重,2024-04-02,7008
00665L,富邦�琤肭磪囓�2,50,0,50,兆豐-三重,2024-04-02,7008
00680L,元大美債20正2,50,0,50,兆豐-三重,2024-04-02,7008
8930,青鋼,203,167,36,兆豐-三重,2024-04-02,7008
2618,長榮航,33,3,30,兆豐-三重,2024-04-02,7008
00937B,群益ESG投等債20,26,0,26,兆豐-三重,2024-04-02,7008
00881,國泰台灣5G+,25,2,23,兆豐-三重,2024-04-02,7008
2888,新光金,23,0,23,兆豐-三重,2024-04-02,7008
00927,群益半導體收益,21,0,21,兆豐-三重,2024-04-02,7008
00733,富邦臺灣中小,20,0,20,兆豐-三重,2024-04-02,7008
2353,宏��,27,8,19,兆豐-三重,2024-04-02,7008
00688L,國泰20年美債正2,18,0,18,兆豐-三重,2024-04-02,7008
3231,緯創,37,19,18,兆豐-三重,2024-04-02,7008
3339,泰谷,16,0,16,兆豐-三重,2024-04-02,7008
4909,新復興,21,6,15,兆豐-三重,2024-04-02,7008
2009,第一銅,24,11,13,兆豐-三重,2024-04-02,7008
2344,華邦電,13,1,12,兆豐-三重,2024-04-02,7008
3363,上詮,14,2,12,兆豐-三重,2024-04-02,7008
00632R,元大台灣50反1,50,39,11,兆豐-三重,2024-04-02,7008
2371,大同,22,11,11,兆豐-三重,2024-04-02,7008
2439,美律,12,1,11,兆豐-三重,2024-04-02,7008
2890,永豐金,11,0,11,兆豐-三重,2024-04-02,7008
00918,大華優利高填息30,10,0,10,兆豐-三重,2024-04-02,7008
1609,大亞,15,5,10,兆豐-三重,2024-04-02,7008
2607,榮運,10,0,10,兆豐-三重,2024-04-02,7008
2883,凱基金,10,0,10,兆豐-三重,2024-04-02,7008
2889,國票金,10,0,10,兆豐-三重,2024-04-02,7008
4533,協易機,10,0,10,兆豐-三重,2024-04-02,7008
3706,神達,12,3,9,兆豐-三重,2024-04-02,7008
5907,大洋-KY,9,0,9,兆豐-三重,2024-04-02,7008
6026,福邦證,9,0,9,兆豐-三重,2024-04-02,7008
00679B,元大美債20年,9,0,9,兆豐-三重,2024-04-02,7008
00933B,國泰10Y+金融債,8,0,8,兆豐-三重,2024-04-02,7008
5310,天剛,8,0,8,兆豐-三重,2024-04-02,7008
2206,三陽工業,7,0,7,兆豐-三重,2024-04-02,7008
5371,中光電,9,2,7,兆豐-三重,2024-04-02,7008
00795B,中信美國公債20年,6,0,6,兆豐-三重,2024-04-02,7008
1522,堤維西,10,4,6,兆豐-三重,2024-04-02,7008
2388,威盛,6,0,6,兆豐-三重,2024-04-02,7008
1515,力山,7,2,5,兆豐-三重,2024-04-02,7008
1409,新纖,5,0,5,兆豐-三重,2024-04-02,7008
1314,中石化,5,0,5,兆豐-三重,2024-04-02,7008
1605,華新,5,0,5,兆豐-三重,2024-04-02,7008
2102,泰豐,5,0,5,兆豐-三重,2024-04-02,7008
4108,懷特,5,0,5,兆豐-三重,2024-04-02,7008
4526,東台,5,0,5,兆豐-三重,2024-04-02,7008
00940,元大台灣價值高息,213,22,191,兆豐-三重,2024-04-03,7008
00933B,國泰10Y+金融債,123,1,122,兆豐-三重,2024-04-03,7008
2330,台積電,118,1,117,兆豐-三重,2024-04-03,7008
2382,廣達,62,9,53,兆豐-三重,2024-04-03,7008
00927,群益半導體收益,43,0,43,兆豐-三重,2024-04-03,7008
2618,長榮航,41,1,40,兆豐-三重,2024-04-03,7008
2317,鴻海,53,21,32,兆豐-三重,2024-04-03,7008
2303,聯電,32,1,31,兆豐-三重,2024-04-03,7008
2392,正崴,30,0,30,兆豐-三重,2024-04-03,7008
00937B,群益ESG投等債20,26,0,26,兆豐-三重,2024-04-03,7008
1605,華新,40,17,23,兆豐-三重,2024-04-03,7008
8085,福華,22,0,22,兆豐-三重,2024-04-03,7008
2892,第一金,21,0,21,兆豐-三重,2024-04-03,7008
2610,華航,21,0,21,兆豐-三重,2024-04-03,7008
00687B,國泰20年美債,20,0,20,兆豐-三重,2024-04-03,7008
9105,泰金寶-DR,20,0,20,兆豐-三重,2024-04-03,7008
2515,中工,36,17,19,兆豐-三重,2024-04-03,7008
00919,群益台灣精選高息,17,0,17,兆豐-三重,2024-04-03,7008
1802,台玻,19,2,17,兆豐-三重,2024-04-03,7008
1339,昭輝,15,0,15,兆豐-三重,2024-04-03,7008
6438,迅得,25,10,15,兆豐-三重,2024-04-03,7008
8096,擎亞,14,0,14,兆豐-三重,2024-04-03,7008
2027,大成鋼,15,2,13,兆豐-三重,2024-04-03,7008
2409,友達,15,2,13,兆豐-三重,2024-04-03,7008
00688L,國泰20年美債正2,10,0,10,兆豐-三重,2024-04-03,7008
2002,中鋼,20,10,10,兆豐-三重,2024-04-03,7008
2009,第一銅,13,3,10,兆豐-三重,2024-04-03,7008
2413,環科,10,0,10,兆豐-三重,2024-04-03,7008
3033,威健,10,0,10,兆豐-三重,2024-04-03,7008
2884,玉山金,10,1,9,兆豐-三重,2024-04-03,7008
1524,耿鼎,11,2,9,兆豐-三重,2024-04-03,7008
2453,凌群,9,0,9,兆豐-三重,2024-04-03,7008
8996,高力,9,0,9,兆豐-三重,2024-04-03,7008
5443,均豪,40,32,8,兆豐-三重,2024-04-03,7008
1717,長興,10,2,8,兆豐-三重,2024-04-03,7008
2014,中鴻,29,21,8,兆豐-三重,2024-04-03,7008
5521,工信,8,0,8,兆豐-三重,2024-04-03,7008
6139,亞翔,33,25,8,兆豐-三重,2024-04-03,7008
6188,廣明,14,6,8,兆豐-三重,2024-04-03,7008
2886,兆豐金,7,0,7,兆豐-三重,2024-04-03,7008
00679B,元大美債20年,6,0,6,兆豐-三重,2024-04-03,7008
00795B,中信美國公債20年,6,0,6,兆豐-三重,2024-04-03,7008
2609,陽明,6,0,6,兆豐-三重,2024-04-03,7008
4563,百德,6,0,6,兆豐-三重,2024-04-03,7008
8059,凱碩,6,0,6,兆豐-三重,2024-04-03,7008
1101,台泥,21,16,5,兆豐-三重,2024-04-03,7008
2376,技嘉,5,0,5,兆豐-三重,2024-04-03,7008
00712,復華富時不動產,5,0,5,兆豐-三重,2024-04-03,7008
00878,國泰永續高股息,5,0,5,兆豐-三重,2024-04-03,7008
1455,集盛,5,0,5,兆豐-三重,2024-04-03,7008
0056,元大高股息,207,0,207,兆豐-三重,2024-04-08,7008
00940,元大台灣價值高息,163,13,150,兆豐-三重,2024-04-08,7008
00929,復華台灣科技優息,114,41,73,兆豐-三重,2024-04-08,7008
00919,群益台灣精選高息,109,50,59,兆豐-三重,2024-04-08,7008
00687B,國泰20年美債,47,0,47,兆豐-三重,2024-04-08,7008
8930,青鋼,663,619,44,兆豐-三重,2024-04-08,7008
2356,英業達,31,4,27,兆豐-三重,2024-04-08,7008
6016,康和證,20,0,20,兆豐-三重,2024-04-08,7008
8064,東捷,26,6,20,兆豐-三重,2024-04-08,7008
9955,佳龍,23,3,20,兆豐-三重,2024-04-08,7008
2382,廣達,19,2,17,兆豐-三重,2024-04-08,7008
00688L,國泰20年美債正2,16,0,16,兆豐-三重,2024-04-08,7008
3711,日月光投控,16,0,16,兆豐-三重,2024-04-08,7008
2301,光寶科,17,2,15,兆豐-三重,2024-04-08,7008
2038,海光,28,14,14,兆豐-三重,2024-04-08,7008
2486,一詮,26,12,14,兆豐-三重,2024-04-08,7008
5202,力新,17,3,14,兆豐-三重,2024-04-08,7008
00679B,元大美債20年,13,0,13,兆豐-三重,2024-04-08,7008
00878,國泰永續高股息,11,0,11,兆豐-三重,2024-04-08,7008
00733,富邦臺灣中小,11,0,11,兆豐-三重,2024-04-08,7008
5443,均豪,20,9,11,兆豐-三重,2024-04-08,7008
3704,合勤控,11,0,11,兆豐-三重,2024-04-08,7008
00931B,統一美債20年,10,0,10,兆豐-三重,2024-04-08,7008
00930,永豐ESG低碳高息,10,0,10,兆豐-三重,2024-04-08,7008
1477,聚陽,10,0,10,兆豐-三重,2024-04-08,7008
2405,輔信,10,0,10,兆豐-三重,2024-04-08,7008
2492,華新科,10,0,10,兆豐-三重,2024-04-08,7008
3289,宜特,15,5,10,兆豐-三重,2024-04-08,7008
6695,芯鼎,10,0,10,兆豐-三重,2024-04-08,7008
6829,千附精密,10,0,10,兆豐-三重,2024-04-08,7008
2421,建準,12,3,9,兆豐-三重,2024-04-08,7008
2464,盟立,11,3,8,兆豐-三重,2024-04-08,7008
3338,泰碩,8,0,8,兆豐-三重,2024-04-08,7008
1785,光洋科,22,15,7,兆豐-三重,2024-04-08,7008
3706,神達,7,0,7,兆豐-三重,2024-04-08,7008
2603,長榮,7,0,7,兆豐-三重,2024-04-08,7008
2371,大同,24,18,6,兆豐-三重,2024-04-08,7008
6462,神盾,13,7,6,兆豐-三重,2024-04-08,7008
1471,首利,6,0,6,兆豐-三重,2024-04-08,7008
2439,美律,6,0,6,兆豐-三重,2024-04-08,7008
2472,立隆電,6,0,6,兆豐-三重,2024-04-08,7008
2634,漢翔,9,3,6,兆豐-三重,2024-04-08,7008
3576,聯合再生,9,3,6,兆豐-三重,2024-04-08,7008
3715,定穎投控,8,2,6,兆豐-三重,2024-04-08,7008
6770,力積電,6,0,6,兆豐-三重,2024-04-08,7008
8033,雷虎,7,1,6,兆豐-三重,2024-04-08,7008
2542,興富發,6,0,6,兆豐-三重,2024-04-08,7008
00751B,元大AAA至A公司債,5,0,5,兆豐-三重,2024-04-08,7008
5508,永信建,5,0,5,兆豐-三重,2024-04-08,7008
1815,富喬,6,1,5,兆豐-三重,2024-04-08,7008
00830,國泰費城半導體,228,0,228,兆豐-三重,2024-04-09,7008
0056,元大高股息,200,5,195,兆豐-三重,2024-04-09,7008
1314,中石化,95,2,93,兆豐-三重,2024-04-09,7008
1514,亞力,89,8,81,兆豐-三重,2024-04-09,7008
00940,元大台灣價值高息,84,15,69,兆豐-三重,2024-04-09,7008
00632R,元大台灣50反1,85,30,55,兆豐-三重,2024-04-09,7008
1445,大宇,50,0,50,兆豐-三重,2024-04-09,7008
3548,兆利,50,0,50,兆豐-三重,2024-04-09,7008
3231,緯創,63,17,46,兆豐-三重,2024-04-09,7008
2855,統一證,40,0,40,兆豐-三重,2024-04-09,7008
2317,鴻海,45,14,31,兆豐-三重,2024-04-09,7008
2017,官田鋼,30,0,30,兆豐-三重,2024-04-09,7008
6116,彩晶,36,6,30,兆豐-三重,2024-04-09,7008
00919,群益台灣精選高息,39,9,30,兆豐-三重,2024-04-09,7008
6547,高端疫苗,25,0,25,兆豐-三重,2024-04-09,7008
3266,昇陽,24,0,24,兆豐-三重,2024-04-09,7008
2504,國產,20,1,19,兆豐-三重,2024-04-09,7008
1513,中興電,51,33,18,兆豐-三重,2024-04-09,7008
2515,中工,43,27,16,兆豐-三重,2024-04-09,7008
6188,廣明,23,8,15,兆豐-三重,2024-04-09,7008
5443,均豪,40,27,13,兆豐-三重,2024-04-09,7008
00929,復華台灣科技優息,15,3,12,兆豐-三重,2024-04-09,7008
1603,華電,16,5,11,兆豐-三重,2024-04-09,7008
3260,威剛,15,4,11,兆豐-三重,2024-04-09,7008
3706,神達,12,1,11,兆豐-三重,2024-04-09,7008
5392,能率,11,0,11,兆豐-三重,2024-04-09,7008
6206,飛捷,11,0,11,兆豐-三重,2024-04-09,7008
8039,台虹,11,0,11,兆豐-三重,2024-04-09,7008
020031,統一IC設計臺灣N,10,0,10,兆豐-三重,2024-04-09,7008
3168,眾福科,10,0,10,兆豐-三重,2024-04-09,7008
3306,鼎天,10,0,10,兆豐-三重,2024-04-09,7008
6695,芯鼎,10,0,10,兆豐-三重,2024-04-09,7008
2014,中鴻,30,21,9,兆豐-三重,2024-04-09,7008
2313,華通,11,2,9,兆豐-三重,2024-04-09,7008
3372,典範,8,0,8,兆豐-三重,2024-04-09,7008
00687B,國泰20年美債,8,1,7,兆豐-三重,2024-04-09,7008
00712,復華富時不動產,7,0,7,兆豐-三重,2024-04-09,7008
1582,信錦,7,0,7,兆豐-三重,2024-04-09,7008
6443,元晶,7,0,7,兆豐-三重,2024-04-09,7008
9904,寶成,7,0,7,兆豐-三重,2024-04-09,7008
2382,廣達,19,13,6,兆豐-三重,2024-04-09,7008
8054,安國,18,12,6,兆豐-三重,2024-04-09,7008
3704,合勤控,6,0,6,兆豐-三重,2024-04-09,7008
6005,群益證,6,0,6,兆豐-三重,2024-04-09,7008
6279,胡連,6,0,6,兆豐-三重,2024-04-09,7008
6425,易發,9,3,6,兆豐-三重,2024-04-09,7008
9919,康那香,6,0,6,兆豐-三重,2024-04-09,7008
3265,台星科,5,0,5,兆豐-三重,2024-04-09,7008
00679B,元大美債20年,5,0,5,兆豐-三重,2024-04-09,7008
00688L,國泰20年美債正2,5,0,5,兆豐-三重,2024-04-09,7008
00939,統一台灣高息動能,100,2,98,兆豐-三重,2024-04-10,7008
8110,華東,680,629,51,兆豐-三重,2024-04-10,7008
0056,元大高股息,57,9,48,兆豐-三重,2024-04-10,7008
00877,復華中國5G,35,0,35,兆豐-三重,2024-04-10,7008
00940,元大台灣價值高息,51,20,31,兆豐-三重,2024-04-10,7008
6016,康和證,30,0,30,兆豐-三重,2024-04-10,7008
00680L,元大美債20正2,30,0,30,兆豐-三重,2024-04-10,7008
6443,元晶,40,10,30,兆豐-三重,2024-04-10,7008
00929,復華台灣科技優息,60,31,29,兆豐-三重,2024-04-10,7008
2515,中工,62,39,23,兆豐-三重,2024-04-10,7008
6770,力積電,25,4,21,兆豐-三重,2024-04-10,7008
2317,鴻海,35,15,20,兆豐-三重,2024-04-10,7008
00688L,國泰20年美債正2,20,0,20,兆豐-三重,2024-04-10,7008
2607,榮運,20,0,20,兆豐-三重,2024-04-10,7008
8064,東捷,20,0,20,兆豐-三重,2024-04-10,7008
2382,廣達,30,14,16,兆豐-三重,2024-04-10,7008
1605,華新,19,4,15,兆豐-三重,2024-04-10,7008
2888,新光金,21,6,15,兆豐-三重,2024-04-10,7008
3266,昇陽,15,0,15,兆豐-三重,2024-04-10,7008
8096,擎亞,35,21,14,兆豐-三重,2024-04-10,7008
2618,長榮航,14,2,12,兆豐-三重,2024-04-10,7008
3704,合勤控,17,5,12,兆豐-三重,2024-04-10,7008
5202,力新,12,0,12,兆豐-三重,2024-04-10,7008
8085,福華,11,0,11,兆豐-三重,2024-04-10,7008
1503,士電,31,20,11,兆豐-三重,2024-04-10,7008
2020,美亞,11,0,11,兆豐-三重,2024-04-10,7008
3059,華晶科,13,2,11,兆豐-三重,2024-04-10,7008
4973,廣穎,11,0,11,兆豐-三重,2024-04-10,7008
8028,昇陽半導體,12,1,11,兆豐-三重,2024-04-10,7008
00907,永豐優息存股,10,0,10,兆豐-三重,2024-04-10,7008
1529,樂事綠能,10,0,10,兆豐-三重,2024-04-10,7008
1584,精剛,10,0,10,兆豐-三重,2024-04-10,7008
2433,互盛電,10,0,10,兆豐-三重,2024-04-10,7008
2442,新美齊,10,0,10,兆豐-三重,2024-04-10,7008
2801,彰銀,10,0,10,兆豐-三重,2024-04-10,7008
3041,揚智,10,0,10,兆豐-三重,2024-04-10,7008
4726,永昕,10,0,10,兆豐-三重,2024-04-10,7008
4938,和碩,21,11,10,兆豐-三重,2024-04-10,7008
5519,隆大,10,0,10,兆豐-三重,2024-04-10,7008
1513,中興電,44,35,9,兆豐-三重,2024-04-10,7008
1785,光洋科,14,5,9,兆豐-三重,2024-04-10,7008
2634,漢翔,11,2,9,兆豐-三重,2024-04-10,7008
3324,雙鴻,17,8,9,兆豐-三重,2024-04-10,7008
6189,豐藝,21,12,9,兆豐-三重,2024-04-10,7008
2371,大同,13,4,9,兆豐-三重,2024-04-10,7008
1522,堤維西,9,1,8,兆豐-三重,2024-04-10,7008
3537,堡達,8,0,8,兆豐-三重,2024-04-10,7008
1514,亞力,45,37,8,兆豐-三重,2024-04-10,7008
9945,潤泰新,7,0,7,兆豐-三重,2024-04-10,7008
4958,臻鼎-KY,8,1,7,兆豐-三重,2024-04-10,7008
00933B,國泰10Y+金融債,181,0,181,兆豐-三重,2024-04-11,7008
00706L,期元大S＆P日圓正2,150,0,150,兆豐-三重,2024-04-11,7008
2356,英業達,95,7,88,兆豐-三重,2024-04-11,7008
3481,群創,55,8,47,兆豐-三重,2024-04-11,7008
0056,元大高股息,287,241,46,兆豐-三重,2024-04-11,7008
00687B,國泰20年美債,42,0,42,兆豐-三重,2024-04-11,7008
00712,復華富時不動產,37,0,37,兆豐-三重,2024-04-11,7008
00937B,群益ESG投等債20,30,0,30,兆豐-三重,2024-04-11,7008
2303,聯電,44,19,25,兆豐-三重,2024-04-11,7008
3231,緯創,25,3,22,兆豐-三重,2024-04-11,7008
2607,榮運,51,30,21,兆豐-三重,2024-04-11,7008
2610,華航,29,8,21,兆豐-三重,2024-04-11,7008
2313,華通,19,0,19,兆豐-三重,2024-04-11,7008
1522,堤維西,18,0,18,兆豐-三重,2024-04-11,7008
3036,文曄,45,27,18,兆豐-三重,2024-04-11,7008
5202,力新,16,0,16,兆豐-三重,2024-04-11,7008
00857B,永豐20年美公債,15,0,15,兆豐-三重,2024-04-11,7008
2317,鴻海,77,63,14,兆豐-三重,2024-04-11,7008
00929,復華台灣科技優息,12,0,12,兆豐-三重,2024-04-11,7008
00795B,中信美國公債20年,11,0,11,兆豐-三重,2024-04-11,7008
1460,宏遠,10,0,10,兆豐-三重,2024-04-11,7008
1476,儒鴻,10,0,10,兆豐-三重,2024-04-11,7008
2392,正崴,10,0,10,兆豐-三重,2024-04-11,7008
2482,連宇,10,0,10,兆豐-三重,2024-04-11,7008
2634,漢翔,10,0,10,兆豐-三重,2024-04-11,7008
2705,六福,10,0,10,兆豐-三重,2024-04-11,7008
3483,力致,10,0,10,兆豐-三重,2024-04-11,7008
6275,元山,10,0,10,兆豐-三重,2024-04-11,7008
6742,澤米,10,0,10,兆豐-三重,2024-04-11,7008
6829,千附精密,10,0,10,兆豐-三重,2024-04-11,7008
8926,台汽電,10,0,10,兆豐-三重,2024-04-11,7008
00679B,元大美債20年,9,0,9,兆豐-三重,2024-04-11,7008
1608,華榮,10,1,9,兆豐-三重,2024-04-11,7008
1785,光洋科,29,20,9,兆豐-三重,2024-04-11,7008
00931B,統一美債20年,8,0,8,兆豐-三重,2024-04-11,7008
00673R,期元大S＆P原油反1,8,0,8,兆豐-三重,2024-04-11,7008
3059,華晶科,10,2,8,兆豐-三重,2024-04-11,7008
3450,聯鈞,13,5,8,兆豐-三重,2024-04-11,7008
5371,中光電,11,3,8,兆豐-三重,2024-04-11,7008
2014,中鴻,7,0,7,兆豐-三重,2024-04-11,7008
2409,友達,7,0,7,兆豐-三重,2024-04-11,7008
2464,盟立,22,15,7,兆豐-三重,2024-04-11,7008
2630,亞航,11,4,7,兆豐-三重,2024-04-11,7008
3260,威剛,7,0,7,兆豐-三重,2024-04-11,7008
2002,中鋼,6,0,6,兆豐-三重,2024-04-11,7008
8147,正淩,6,0,6,兆豐-三重,2024-04-11,7008
00881,國泰台灣5G+,6,0,6,兆豐-三重,2024-04-11,7008
00923,群益台ESG低碳50,6,0,6,兆豐-三重,2024-04-11,7008
1455,集盛,10,4,6,兆豐-三重,2024-04-11,7008
2327,國巨,6,0,6,兆豐-三重,2024-04-11,7008
2344,華邦電,144,1,143,兆豐-三重,2024-04-12,7008
00929,復華台灣科技優息,107,0,107,兆豐-三重,2024-04-12,7008
2852,第一保,100,0,100,兆豐-三重,2024-04-12,7008
2618,長榮航,66,0,66,兆豐-三重,2024-04-12,7008
2363,矽統,130,87,43,兆豐-三重,2024-04-12,7008
00937B,群益ESG投等債20,36,0,36,兆豐-三重,2024-04-12,7008
00679B,元大美債20年,33,0,33,兆豐-三重,2024-04-12,7008
2501,國建,34,2,32,兆豐-三重,2024-04-12,7008
2371,大同,109,78,31,兆豐-三重,2024-04-12,7008
00632R,元大台灣50反1,30,0,30,兆豐-三重,2024-04-12,7008
1528,恩德,30,0,30,兆豐-三重,2024-04-12,7008
2607,榮運,30,0,30,兆豐-三重,2024-04-12,7008
2887,台新金,21,0,21,兆豐-三重,2024-04-12,7008
2014,中鴻,20,0,20,兆豐-三重,2024-04-12,7008
2409,友達,20,0,20,兆豐-三重,2024-04-12,7008
2845,遠東銀,20,0,20,兆豐-三重,2024-04-12,7008
2009,第一銅,18,2,16,兆豐-三重,2024-04-12,7008
2374,佳能,27,11,16,兆豐-三重,2024-04-12,7008
2736,富野,16,0,16,兆豐-三重,2024-04-12,7008
5381,合正,20,5,15,兆豐-三重,2024-04-12,7008
8358,金居,19,4,15,兆豐-三重,2024-04-12,7008
2382,廣達,25,11,14,兆豐-三重,2024-04-12,7008
8147,正淩,14,0,14,兆豐-三重,2024-04-12,7008
0056,元大高股息,12,0,12,兆豐-三重,2024-04-12,7008
1605,華新,22,10,12,兆豐-三重,2024-04-12,7008
2537,聯上發,12,0,12,兆豐-三重,2024-04-12,7008
4543,萬在,12,0,12,兆豐-三重,2024-04-12,7008
2457,飛宏,16,5,11,兆豐-三重,2024-04-12,7008
3046,建��,11,0,11,兆豐-三重,2024-04-12,7008
1727,中華化,10,0,10,兆豐-三重,2024-04-12,7008
2380,虹光,10,0,10,兆豐-三重,2024-04-12,7008
2425,承啟,10,0,10,兆豐-三重,2024-04-12,7008
2704,國賓,10,0,10,兆豐-三重,2024-04-12,7008
2888,新光金,10,0,10,兆豐-三重,2024-04-12,7008
4526,東台,15,5,10,兆豐-三重,2024-04-12,7008
6156,松上,10,0,10,兆豐-三重,2024-04-12,7008
8440,綠電,10,0,10,兆豐-三重,2024-04-12,7008
8926,台汽電,10,0,10,兆豐-三重,2024-04-12,7008
2329,華泰,18,9,9,兆豐-三重,2024-04-12,7008
6111,大宇資,9,0,9,兆豐-三重,2024-04-12,7008
2801,彰銀,8,0,8,兆豐-三重,2024-04-12,7008
4533,協易機,32,24,8,兆豐-三重,2024-04-12,7008
5351,鈺創,23,16,7,兆豐-三重,2024-04-12,7008
4906,正文,7,0,7,兆豐-三重,2024-04-12,7008
00878,國泰永續高股息,6,0,6,兆豐-三重,2024-04-12,7008
2317,鴻海,22,16,6,兆豐-三重,2024-04-12,7008
00764B,群益25年美債,6,0,6,兆豐-三重,2024-04-12,7008
1310,台苯,6,0,6,兆豐-三重,2024-04-12,7008
1612,宏泰,6,0,6,兆豐-三重,2024-04-12,7008
2352,佳世達,6,0,6,兆豐-三重,2024-04-12,7008
2867,三商壽,207,20,187,兆豐-三重,2024-04-15,7008
2412,中華電,400,350,50,兆豐-三重,2024-04-15,7008
2618,長榮航,49,0,49,兆豐-三重,2024-04-15,7008
00929,復華台灣科技優息,48,6,42,兆豐-三重,2024-04-15,7008
2543,皇昌,38,0,38,兆豐-三重,2024-04-15,7008
00923,群益台ESG低碳50,38,1,37,兆豐-三重,2024-04-15,7008
00940,元大台灣價值高息,36,1,35,兆豐-三重,2024-04-15,7008
1531,高林股,35,0,35,兆豐-三重,2024-04-15,7008
00878,國泰永續高股息,33,0,33,兆豐-三重,2024-04-15,7008
2303,聯電,32,0,32,兆豐-三重,2024-04-15,7008
1608,華榮,48,17,31,兆豐-三重,2024-04-15,7008
2371,大同,132,103,29,兆豐-三重,2024-04-15,7008
00881,國泰台灣5G+,25,2,23,兆豐-三重,2024-04-15,7008
2374,佳能,26,4,22,兆豐-三重,2024-04-15,7008
2353,宏��,22,0,22,兆豐-三重,2024-04-15,7008
1442,名軒,22,1,21,兆豐-三重,2024-04-15,7008
4533,協易機,39,21,18,兆豐-三重,2024-04-15,7008
3622,洋華,25,8,17,兆豐-三重,2024-04-15,7008
2367,燿華,19,3,16,兆豐-三重,2024-04-15,7008
2115,六暉-KY,15,0,15,兆豐-三重,2024-04-15,7008
4938,和碩,16,1,15,兆豐-三重,2024-04-15,7008
2890,永豐金,14,0,14,兆豐-三重,2024-04-15,7008
5351,鈺創,14,1,13,兆豐-三重,2024-04-15,7008
3324,雙鴻,22,9,13,兆豐-三重,2024-04-15,7008
00941,中信上游半導體,12,0,12,兆豐-三重,2024-04-15,7008
1514,亞力,69,57,12,兆豐-三重,2024-04-15,7008
1503,士電,14,3,11,兆豐-三重,2024-04-15,7008
00772B,中信高評級公司債,11,0,11,兆豐-三重,2024-04-15,7008
6189,豐藝,14,3,11,兆豐-三重,2024-04-15,7008
00679B,元大美債20年,11,1,10,兆豐-三重,2024-04-15,7008
1504,東元,130,120,10,兆豐-三重,2024-04-15,7008
1815,富喬,10,0,10,兆豐-三重,2024-04-15,7008
2067,嘉鋼,10,0,10,兆豐-三重,2024-04-15,7008
2476,鉅祥,10,0,10,兆豐-三重,2024-04-15,7008
2489,瑞軒,10,0,10,兆豐-三重,2024-04-15,7008
2838,聯邦銀,10,0,10,兆豐-三重,2024-04-15,7008
3289,宜特,10,0,10,兆豐-三重,2024-04-15,7008
5521,工信,10,0,10,兆豐-三重,2024-04-15,7008
2317,鴻海,18,9,9,兆豐-三重,2024-04-15,7008
2356,英業達,20,11,9,兆豐-三重,2024-04-15,7008
3372,典範,9,0,9,兆豐-三重,2024-04-15,7008
3537,堡達,9,0,9,兆豐-三重,2024-04-15,7008
6179,亞通,9,0,9,兆豐-三重,2024-04-15,7008
6235,華孚,9,0,9,兆豐-三重,2024-04-15,7008
3017,奇鋐,10,1,9,兆豐-三重,2024-04-15,7008
00927,群益半導體收益,8,0,8,兆豐-三重,2024-04-15,7008
4743,合一,8,0,8,兆豐-三重,2024-04-15,7008
6770,力積電,8,0,8,兆豐-三重,2024-04-15,7008
8046,南電,8,0,8,兆豐-三重,2024-04-15,7008
2330,台積電,8,0,8,兆豐-三重,2024-04-15,7008
00939,統一台灣高息動能,124,5,119,兆豐-三重,2024-04-16,7008
00940,元大台灣價值高息,214,110,104,兆豐-三重,2024-04-16,7008
00919,群益台灣精選高息,129,57,72,兆豐-三重,2024-04-16,7008
00929,復華台灣科技優息,150,81,69,兆豐-三重,2024-04-16,7008
00937B,群益ESG投等債20,59,0,59,兆豐-三重,2024-04-16,7008
00923,群益台ESG低碳50,57,0,57,兆豐-三重,2024-04-16,7008
2303,聯電,64,8,56,兆豐-三重,2024-04-16,7008
2515,中工,61,8,53,兆豐-三重,2024-04-16,7008
2888,新光金,44,0,44,兆豐-三重,2024-04-16,7008
00878,國泰永續高股息,48,8,40,兆豐-三重,2024-04-16,7008
00830,國泰費城半導體,42,5,37,兆豐-三重,2024-04-16,7008
2453,凌群,36,0,36,兆豐-三重,2024-04-16,7008
5371,中光電,44,11,33,兆豐-三重,2024-04-16,7008
3231,緯創,98,69,29,兆豐-三重,2024-04-16,7008
3266,昇陽,29,0,29,兆豐-三重,2024-04-16,7008
6438,迅得,28,0,28,兆豐-三重,2024-04-16,7008
6191,精成科,25,0,25,兆豐-三重,2024-04-16,7008
00930,永豐ESG低碳高息,23,0,23,兆豐-三重,2024-04-16,7008
1609,大亞,85,64,21,兆豐-三重,2024-04-16,7008
2002,中鋼,27,6,21,兆豐-三重,2024-04-16,7008
2618,長榮航,36,15,21,兆豐-三重,2024-04-16,7008
9105,泰金寶-DR,20,0,20,兆豐-三重,2024-04-16,7008
2301,光寶科,25,6,19,兆豐-三重,2024-04-16,7008
2365,昆盈,21,2,19,兆豐-三重,2024-04-16,7008
2884,玉山金,19,0,19,兆豐-三重,2024-04-16,7008
2527,宏璟,18,0,18,兆豐-三重,2024-04-16,7008
2330,台積電,27,9,18,兆豐-三重,2024-04-16,7008
1229,聯華,17,0,17,兆豐-三重,2024-04-16,7008
2371,大同,79,62,17,兆豐-三重,2024-04-16,7008
00881,國泰台灣5G+,18,2,16,兆豐-三重,2024-04-16,7008
1536,和大,18,2,16,兆豐-三重,2024-04-16,7008
1612,宏泰,44,28,16,兆豐-三重,2024-04-16,7008
2392,正崴,16,0,16,兆豐-三重,2024-04-16,7008
2887,台新金,16,0,16,兆豐-三重,2024-04-16,7008
1785,光洋科,35,20,15,兆豐-三重,2024-04-16,7008
2883,凱基金,27,12,15,兆豐-三重,2024-04-16,7008
00922,國泰台灣領袖50,14,0,14,兆豐-三重,2024-04-16,7008
3260,威剛,30,16,14,兆豐-三重,2024-04-16,7008
00712,復華富時不動產,13,0,13,兆豐-三重,2024-04-16,7008
2353,宏��,24,11,13,兆豐-三重,2024-04-16,7008
1504,東元,16,4,12,兆豐-三重,2024-04-16,7008
2890,永豐金,12,0,12,兆豐-三重,2024-04-16,7008
8926,台汽電,27,15,12,兆豐-三重,2024-04-16,7008
2382,廣達,95,84,11,兆豐-三重,2024-04-16,7008
5880,合庫金,11,0,11,兆豐-三重,2024-04-16,7008
3010,華立,11,0,11,兆豐-三重,2024-04-16,7008
5483,中美晶,14,3,11,兆豐-三重,2024-04-16,7008
8028,昇陽半導體,11,0,11,兆豐-三重,2024-04-16,7008
00907,永豐優息存股,10,0,10,兆豐-三重,2024-04-16,7008
00927,群益半導體收益,10,0,10,兆豐-三重,2024-04-16,7008
0056,元大高股息,367,1,366,兆豐-三重,2024-04-17,7008
00940,元大台灣價值高息,205,1,204,兆豐-三重,2024-04-17,7008
00937B,群益ESG投等債20,100,0,100,兆豐-三重,2024-04-17,7008
2867,三商壽,104,13,91,兆豐-三重,2024-04-17,7008
00939,統一台灣高息動能,61,10,51,兆豐-三重,2024-04-17,7008
2515,中工,55,11,44,兆豐-三重,2024-04-17,7008
2501,國建,45,2,43,兆豐-三重,2024-04-17,7008
00929,復華台灣科技優息,50,11,39,兆豐-三重,2024-04-17,7008
00878,國泰永續高股息,27,0,27,兆豐-三重,2024-04-17,7008
2618,長榮航,25,0,25,兆豐-三重,2024-04-17,7008
3481,群創,32,10,22,兆豐-三重,2024-04-17,7008
00712,復華富時不動產,21,0,21,兆豐-三重,2024-04-17,7008
2303,聯電,21,1,20,兆豐-三重,2024-04-17,7008
4109,加捷生醫,20,0,20,兆豐-三重,2024-04-17,7008
2344,華邦電,16,0,16,兆豐-三重,2024-04-17,7008
00687B,國泰20年美債,14,0,14,兆豐-三重,2024-04-17,7008
3231,緯創,30,16,14,兆豐-三重,2024-04-17,7008
2356,英業達,17,3,14,兆豐-三重,2024-04-17,7008
3490,單井,12,0,12,兆豐-三重,2024-04-17,7008
2314,台揚,11,0,11,兆豐-三重,2024-04-17,7008
6005,群益證,11,0,11,兆豐-三重,2024-04-17,7008
2889,國票金,10,0,10,兆豐-三重,2024-04-17,7008
00857B,永豐20年美公債,10,0,10,兆豐-三重,2024-04-17,7008
2002,中鋼,10,0,10,兆豐-三重,2024-04-17,7008
2243,宏旭-KY,10,0,10,兆豐-三重,2024-04-17,7008
3025,星通,10,0,10,兆豐-三重,2024-04-17,7008
3059,華晶科,10,0,10,兆豐-三重,2024-04-17,7008
3712,永崴投控,10,0,10,兆豐-三重,2024-04-17,7008
4726,永昕,10,0,10,兆豐-三重,2024-04-17,7008
5225,東科-KY,10,0,10,兆豐-三重,2024-04-17,7008
6222,上揚,10,0,10,兆豐-三重,2024-04-17,7008
6425,易發,12,2,10,兆豐-三重,2024-04-17,7008
6657,華安,10,0,10,兆豐-三重,2024-04-17,7008
8064,東捷,10,0,10,兆豐-三重,2024-04-17,7008
00720B,元大投資級公司債,9,0,9,兆豐-三重,2024-04-17,7008
00782B,國泰A級公用債,9,0,9,兆豐-三重,2024-04-17,7008
00751B,元大AAA至A公司債,9,0,9,兆豐-三重,2024-04-17,7008
1536,和大,9,0,9,兆豐-三重,2024-04-17,7008
2467,志聖,10,1,9,兆豐-三重,2024-04-17,7008
3339,泰谷,10,1,9,兆豐-三重,2024-04-17,7008
4977,眾達-KY,10,1,9,兆豐-三重,2024-04-17,7008
1449,佳和,8,0,8,兆豐-三重,2024-04-17,7008
2888,新光金,7,0,7,兆豐-三重,2024-04-17,7008
6283,淳安,7,0,7,兆豐-三重,2024-04-17,7008
2414,精技,6,0,6,兆豐-三重,2024-04-17,7008
2464,盟立,6,0,6,兆豐-三重,2024-04-17,7008
2883,凱基金,106,100,6,兆豐-三重,2024-04-17,7008
2886,兆豐金,6,0,6,兆豐-三重,2024-04-17,7008
4532,瑞智,6,0,6,兆豐-三重,2024-04-17,7008
5351,鈺創,6,0,6,兆豐-三重,2024-04-17,7008
00919,群益台灣精選高息,38,0,38,兆豐-三重,2024-04-18,7008
00929,復華台灣科技優息,30,0,30,兆豐-三重,2024-04-18,7008
1785,光洋科,33,5,28,兆豐-三重,2024-04-18,7008
3481,群創,42,19,23,兆豐-三重,2024-04-18,7008
5512,力麒,25,3,22,兆豐-三重,2024-04-18,7008
2511,太子,51,30,21,兆豐-三重,2024-04-18,7008
1609,大亞,46,26,20,兆豐-三重,2024-04-18,7008
2365,昆盈,20,0,20,兆豐-三重,2024-04-18,7008
3052,夆典,20,0,20,兆豐-三重,2024-04-18,7008
1605,華新,77,60,17,兆豐-三重,2024-04-18,7008
9958,世紀鋼,18,1,17,兆豐-三重,2024-04-18,7008
6438,迅得,15,0,15,兆豐-三重,2024-04-18,7008
2392,正崴,20,6,14,兆豐-三重,2024-04-18,7008
2312,金寶,12,0,12,兆豐-三重,2024-04-18,7008
00937B,群益ESG投等債20,17,6,11,兆豐-三重,2024-04-18,7008
6016,康和證,10,0,10,兆豐-三重,2024-04-18,7008
1460,宏遠,10,0,10,兆豐-三重,2024-04-18,7008
00940,元大台灣價值高息,10,0,10,兆豐-三重,2024-04-18,7008
00772B,中信高評級公司債,10,0,10,兆豐-三重,2024-04-18,7008
00712,復華富時不動產,10,0,10,兆豐-三重,2024-04-18,7008
6695,芯鼎,10,0,10,兆豐-三重,2024-04-18,7008
9919,康那香,11,2,9,兆豐-三重,2024-04-18,7008
2883,凱基金,23,15,8,兆豐-三重,2024-04-18,7008
2409,友達,7,0,7,兆豐-三重,2024-04-18,7008
3035,智原,14,7,7,兆豐-三重,2024-04-18,7008
6205,詮欣,7,0,7,兆豐-三重,2024-04-18,7008
00687B,國泰20年美債,6,0,6,兆豐-三重,2024-04-18,7008
00733,富邦臺灣中小,6,0,6,兆豐-三重,2024-04-18,7008
2329,華泰,16,10,6,兆豐-三重,2024-04-18,7008
2867,三商壽,6,0,6,兆豐-三重,2024-04-18,7008
3294,英濟,17,11,6,兆豐-三重,2024-04-18,7008
3324,雙鴻,8,2,6,兆豐-三重,2024-04-18,7008
3702,大聯大,6,0,6,兆豐-三重,2024-04-18,7008
00933B,國泰10Y+金融債,5,0,5,兆豐-三重,2024-04-18,7008
1808,潤隆,5,0,5,兆豐-三重,2024-04-18,7008
2062,橋椿,5,0,5,兆豐-三重,2024-04-18,7008
2204,中華,5,0,5,兆豐-三重,2024-04-18,7008
2486,一詮,9,4,5,兆豐-三重,2024-04-18,7008
2527,宏璟,5,0,5,兆豐-三重,2024-04-18,7008
2537,聯上發,5,0,5,兆豐-三重,2024-04-18,7008
2608,嘉里大榮,5,0,5,兆豐-三重,2024-04-18,7008
2834,臺企銀,5,0,5,兆豐-三重,2024-04-18,7008
3017,奇鋐,17,12,5,兆豐-三重,2024-04-18,7008
4532,瑞智,5,0,5,兆豐-三重,2024-04-18,7008
6118,建達,5,0,5,兆豐-三重,2024-04-18,7008
6829,千附精密,5,0,5,兆豐-三重,2024-04-18,7008
00878,國泰永續高股息,6,2,4,兆豐-三重,2024-04-18,7008
1513,中興電,73,69,4,兆豐-三重,2024-04-18,7008
3707,漢磊,23,19,4,兆豐-三重,2024-04-18,7008
00885,富邦越南,4,0,4,兆豐-三重,2024-04-18,7008
0056,元大高股息,740,321,419,兆豐-三重,2024-04-19,7008
2880,華南金,271,5,266,兆豐-三重,2024-04-19,7008
00929,復華台灣科技優息,253,5,248,兆豐-三重,2024-04-19,7008
00919,群益台灣精選高息,128,21,107,兆豐-三重,2024-04-19,7008
00878,國泰永續高股息,100,0,100,兆豐-三重,2024-04-19,7008
00940,元大台灣價值高息,93,24,69,兆豐-三重,2024-04-19,7008
2801,彰銀,63,0,63,兆豐-三重,2024-04-19,7008
00632R,元大台灣50反1,110,50,60,兆豐-三重,2024-04-19,7008
1609,大亞,183,125,58,兆豐-三重,2024-04-19,7008
2303,聯電,73,30,43,兆豐-三重,2024-04-19,7008
1785,光洋科,68,30,38,兆豐-三重,2024-04-19,7008
2356,英業達,41,5,36,兆豐-三重,2024-04-19,7008
1608,華榮,95,61,34,兆豐-三重,2024-04-19,7008
2888,新光金,34,0,34,兆豐-三重,2024-04-19,7008
3231,緯創,245,216,29,兆豐-三重,2024-04-19,7008
2330,台積電,36,7,29,兆豐-三重,2024-04-19,7008
2515,中工,98,73,25,兆豐-三重,2024-04-19,7008
2344,華邦電,25,2,23,兆豐-三重,2024-04-19,7008
5512,力麒,68,45,23,兆豐-三重,2024-04-19,7008
8930,青鋼,150,128,22,兆豐-三重,2024-04-19,7008
020031,統一IC設計臺灣N,20,0,20,兆豐-三重,2024-04-19,7008
2506,太設,20,0,20,兆豐-三重,2024-04-19,7008
3481,群創,69,50,19,兆豐-三重,2024-04-19,7008
5347,世界,20,2,18,兆豐-三重,2024-04-19,7008
1504,東元,42,26,16,兆豐-三重,2024-04-19,7008
00679B,元大美債20年,17,2,15,兆豐-三重,2024-04-19,7008
1314,中石化,25,10,15,兆豐-三重,2024-04-19,7008
2527,宏璟,15,0,15,兆豐-三重,2024-04-19,7008
3168,眾福科,15,0,15,兆豐-三重,2024-04-19,7008
00923,群益台ESG低碳50,14,0,14,兆豐-三重,2024-04-19,7008
5521,工信,15,2,13,兆豐-三重,2024-04-19,7008
00939,統一台灣高息動能,56,44,12,兆豐-三重,2024-04-19,7008
2891,中信金,12,0,12,兆豐-三重,2024-04-19,7008
6770,力積電,13,2,11,兆豐-三重,2024-04-19,7008
8089,康全電訊,20,9,11,兆豐-三重,2024-04-19,7008
1326,台化,10,0,10,兆豐-三重,2024-04-19,7008
2392,正崴,10,0,10,兆豐-三重,2024-04-19,7008
5880,合庫金,10,0,10,兆豐-三重,2024-04-19,7008
2020,美亞,10,0,10,兆豐-三重,2024-04-19,7008
2511,太子,10,0,10,兆豐-三重,2024-04-19,7008
2883,凱基金,15,5,10,兆豐-三重,2024-04-19,7008
8096,擎亞,10,0,10,兆豐-三重,2024-04-19,7008
00733,富邦臺灣中小,9,0,9,兆豐-三重,2024-04-19,7008
00937B,群益ESG投等債20,19,10,9,兆豐-三重,2024-04-19,7008
1582,信錦,9,0,9,兆豐-三重,2024-04-19,7008
2101,南港,13,4,9,兆豐-三重,2024-04-19,7008
3576,聯合再生,30,21,9,兆豐-三重,2024-04-19,7008
00941,中信上游半導體,8,0,8,兆豐-三重,2024-04-19,7008
2038,海光,8,0,8,兆豐-三重,2024-04-19,7008
2239,英利-KY,8,0,8,兆豐-三重,2024-04-19,7008
2515,中工,127,11,116,兆豐-三重,2024-04-22,7008
00929,復華台灣科技優息,123,25,98,兆豐-三重,2024-04-22,7008
00939,統一台灣高息動能,86,2,84,兆豐-三重,2024-04-22,7008
0056,元大高股息,193,135,58,兆豐-三重,2024-04-22,7008
2547,日勝生,70,30,40,兆豐-三重,2024-04-22,7008
5521,工信,58,19,39,兆豐-三重,2024-04-22,7008
00940,元大台灣價值高息,39,3,36,兆豐-三重,2024-04-22,7008
2382,廣達,37,2,35,兆豐-三重,2024-04-22,7008
2371,大同,219,189,30,兆豐-三重,2024-04-22,7008
1609,大亞,57,28,29,兆豐-三重,2024-04-22,7008
1617,榮星,32,3,29,兆豐-三重,2024-04-22,7008
6182,合晶,20,0,20,兆豐-三重,2024-04-22,7008
9958,世紀鋼,22,2,20,兆豐-三重,2024-04-22,7008
3324,雙鴻,25,6,19,兆豐-三重,2024-04-22,7008
8440,綠電,18,0,18,兆豐-三重,2024-04-22,7008
3231,緯創,20,3,17,兆豐-三重,2024-04-22,7008
00937B,群益ESG投等債20,27,10,17,兆豐-三重,2024-04-22,7008
3481,群創,18,3,15,兆豐-三重,2024-04-22,7008
2303,聯電,32,17,15,兆豐-三重,2024-04-22,7008
5009,榮剛,16,1,15,兆豐-三重,2024-04-22,7008
5515,建國,16,1,15,兆豐-三重,2024-04-22,7008
1616,億泰,14,0,14,兆豐-三重,2024-04-22,7008
1608,華榮,15,1,14,兆豐-三重,2024-04-22,7008
6438,迅得,14,0,14,兆豐-三重,2024-04-22,7008
8089,康全電訊,22,8,14,兆豐-三重,2024-04-22,7008
6578,達邦蛋白,13,0,13,兆豐-三重,2024-04-22,7008
1326,台化,12,0,12,兆豐-三重,2024-04-22,7008
2520,冠德,24,12,12,兆豐-三重,2024-04-22,7008
3686,達能,12,0,12,兆豐-三重,2024-04-22,7008
1513,中興電,113,102,11,兆豐-三重,2024-04-22,7008
00632R,元大台灣50反1,11,0,11,兆豐-三重,2024-04-22,7008
2344,華邦電,13,2,11,兆豐-三重,2024-04-22,7008
8930,青鋼,235,224,11,兆豐-三重,2024-04-22,7008
00712,復華富時不動產,10,0,10,兆豐-三重,2024-04-22,7008
1310,台苯,10,0,10,兆豐-三重,2024-04-22,7008
2103,台橡,10,0,10,兆豐-三重,2024-04-22,7008
2353,宏��,10,0,10,兆豐-三重,2024-04-22,7008
2453,凌群,10,0,10,兆豐-三重,2024-04-22,7008
2883,凱基金,123,113,10,兆豐-三重,2024-04-22,7008
3703,欣陸,13,3,10,兆豐-三重,2024-04-22,7008
3708,上緯投控,20,10,10,兆豐-三重,2024-04-22,7008
4532,瑞智,10,0,10,兆豐-三重,2024-04-22,7008
5222,全訊,15,5,10,兆豐-三重,2024-04-22,7008
5230,雷笛克光學,16,6,10,兆豐-三重,2024-04-22,7008
2413,環科,10,1,9,兆豐-三重,2024-04-22,7008
2630,亞航,11,2,9,兆豐-三重,2024-04-22,7008
2801,彰銀,9,0,9,兆豐-三重,2024-04-22,7008
3622,洋華,12,3,9,兆豐-三重,2024-04-22,7008
00687B,國泰20年美債,9,0,9,兆豐-三重,2024-04-22,7008
2356,英業達,9,1,8,兆豐-三重,2024-04-22,7008
3715,定穎投控,76,10,66,兆豐-三重,2024-04-23,7008
00937B,群益ESG投等債20,64,0,64,兆豐-三重,2024-04-23,7008
2509,全坤建,50,0,50,兆豐-三重,2024-04-23,7008
5512,力麒,51,4,47,兆豐-三重,2024-04-23,7008
1101,台泥,36,7,29,兆豐-三重,2024-04-23,7008
00929,復華台灣科技優息,26,3,23,兆豐-三重,2024-04-23,7008
2206,三陽工業,30,8,22,兆豐-三重,2024-04-23,7008
2409,友達,25,5,20,兆豐-三重,2024-04-23,7008
2515,中工,43,23,20,兆豐-三重,2024-04-23,7008
3059,華晶科,20,0,20,兆豐-三重,2024-04-23,7008
6438,迅得,17,0,17,兆豐-三重,2024-04-23,7008
2453,凌群,16,0,16,兆豐-三重,2024-04-23,7008
00940,元大台灣價值高息,26,11,15,兆豐-三重,2024-04-23,7008
2427,三商電,15,0,15,兆豐-三重,2024-04-23,7008
2363,矽統,42,28,14,兆豐-三重,2024-04-23,7008
3266,昇陽,13,0,13,兆豐-三重,2024-04-23,7008
6615,慧智,13,0,13,兆豐-三重,2024-04-23,7008
6116,彩晶,30,19,11,兆豐-三重,2024-04-23,7008
2399,映泰,10,0,10,兆豐-三重,2024-04-23,7008
3576,聯合再生,10,0,10,兆豐-三重,2024-04-23,7008
1612,宏泰,18,10,8,兆豐-三重,2024-04-23,7008
4960,誠美材,10,2,8,兆豐-三重,2024-04-23,7008
6282,康舒,8,0,8,兆豐-三重,2024-04-23,7008
9945,潤泰新,8,0,8,兆豐-三重,2024-04-23,7008
2208,台船,7,0,7,兆豐-三重,2024-04-23,7008
2367,燿華,7,1,6,兆豐-三重,2024-04-23,7008
2890,永豐金,6,0,6,兆豐-三重,2024-04-23,7008
2371,大同,62,56,6,兆豐-三重,2024-04-23,7008
00919,群益台灣精選高息,5,0,5,兆豐-三重,2024-04-23,7008
2392,正崴,5,0,5,兆豐-三重,2024-04-23,7008
3037,欣興,5,0,5,兆豐-三重,2024-04-23,7008
00893,國泰智能電動車,5,0,5,兆豐-三重,2024-04-23,7008
1785,光洋科,6,1,5,兆豐-三重,2024-04-23,7008
1907,永豐餘,5,0,5,兆豐-三重,2024-04-23,7008
2353,宏��,5,0,5,兆豐-三重,2024-04-23,7008
3003,健和興,5,0,5,兆豐-三重,2024-04-23,7008
3583,辛耘,7,2,5,兆豐-三重,2024-04-23,7008
5324,士開,5,0,5,兆豐-三重,2024-04-23,7008
6120,達運,5,0,5,兆豐-三重,2024-04-23,7008
6176,瑞儀,5,0,5,兆豐-三重,2024-04-23,7008
8054,安國,24,19,5,兆豐-三重,2024-04-23,7008
2301,光寶科,6,2,4,兆豐-三重,2024-04-23,7008
00738U,期元大道瓊白銀,4,0,4,兆豐-三重,2024-04-23,7008
1605,華新,4,0,4,兆豐-三重,2024-04-23,7008
2359,所羅門,7,3,4,兆豐-三重,2024-04-23,7008
8089,康全電訊,6,2,4,兆豐-三重,2024-04-23,7008
00725B,國泰投資級公司債,4,0,4,兆豐-三重,2024-04-23,7008
00878,國泰永續高股息,3,0,3,兆豐-三重,2024-04-23,7008
00720B,元大投資級公司債,3,0,3,兆豐-三重,2024-04-23,7008
2022,聚亨,3,0,3,兆豐-三重,2024-04-23,7008
0056,元大高股息,301,0,301,兆豐-三重,2024-04-24,7008
00929,復華台灣科技優息,115,5,110,兆豐-三重,2024-04-24,7008
2610,華航,113,51,62,兆豐-三重,2024-04-24,7008
00937B,群益ESG投等債20,35,0,35,兆豐-三重,2024-04-24,7008
3481,群創,44,14,30,兆豐-三重,2024-04-24,7008
2887,台新金,20,0,20,兆豐-三重,2024-04-24,7008
5512,力麒,23,3,20,兆豐-三重,2024-04-24,7008
5529,鉅陞,20,0,20,兆豐-三重,2024-04-24,7008
8930,青鋼,255,235,20,兆豐-三重,2024-04-24,7008
9958,世紀鋼,20,0,20,兆豐-三重,2024-04-24,7008
4533,協易機,18,1,17,兆豐-三重,2024-04-24,7008
6125,廣運,25,8,17,兆豐-三重,2024-04-24,7008
2886,兆豐金,18,2,16,兆豐-三重,2024-04-24,7008
2406,國碩,15,0,15,兆豐-三重,2024-04-24,7008
1504,東元,15,3,12,兆豐-三重,2024-04-24,7008
1609,大亞,74,62,12,兆豐-三重,2024-04-24,7008
2374,佳能,36,25,11,兆豐-三重,2024-04-24,7008
00772B,中信高評級公司債,10,0,10,兆豐-三重,2024-04-24,7008
1809,中釉,10,0,10,兆豐-三重,2024-04-24,7008
2464,盟立,12,2,10,兆豐-三重,2024-04-24,7008
2903,遠百,11,1,10,兆豐-三重,2024-04-24,7008
5607,遠雄港,10,0,10,兆豐-三重,2024-04-24,7008
1608,華榮,32,23,9,兆豐-三重,2024-04-24,7008
2409,友達,9,1,8,兆豐-三重,2024-04-24,7008
2606,裕民,8,0,8,兆豐-三重,2024-04-24,7008
3035,智原,10,2,8,兆豐-三重,2024-04-24,7008
4743,合一,7,0,7,兆豐-三重,2024-04-24,7008
00782B,國泰A級公用債,6,0,6,兆豐-三重,2024-04-24,7008
1319,東陽,6,0,6,兆豐-三重,2024-04-24,7008
2453,凌群,6,0,6,兆豐-三重,2024-04-24,7008
2504,國產,6,0,6,兆豐-三重,2024-04-24,7008
3264,欣銓,6,0,6,兆豐-三重,2024-04-24,7008
8926,台汽電,11,5,6,兆豐-三重,2024-04-24,7008
1101,台泥,10,5,5,兆豐-三重,2024-04-24,7008
00795B,中信美國公債20年,5,0,5,兆豐-三重,2024-04-24,7008
2009,第一銅,10,5,5,兆豐-三重,2024-04-24,7008
2013,中鋼構,5,0,5,兆豐-三重,2024-04-24,7008
2897,王道銀行,5,0,5,兆豐-三重,2024-04-24,7008
3003,健和興,5,0,5,兆豐-三重,2024-04-24,7008
3711,日月光投控,5,0,5,兆豐-三重,2024-04-24,7008
5258,虹堡,5,0,5,兆豐-三重,2024-04-24,7008
5523,豐謙,5,0,5,兆豐-三重,2024-04-24,7008
8096,擎亞,5,0,5,兆豐-三重,2024-04-24,7008
2329,華泰,5,0,5,兆豐-三重,2024-04-24,7008
00687B,國泰20年美債,4,0,4,兆豐-三重,2024-04-24,7008
1313,聯成,4,0,4,兆豐-三重,2024-04-24,7008
2427,三商電,4,0,4,兆豐-三重,2024-04-24,7008
2634,漢翔,4,0,4,兆豐-三重,2024-04-24,7008
2890,永豐金,4,0,4,兆豐-三重,2024-04-24,7008
5230,雷笛克光學,7,3,4,兆豐-三重,2024-04-24,7008
00882,中信中國高股息,498,30,468,兆豐-三重,2024-04-25,7008
00752,中信中國50,100,0,100,兆豐-三重,2024-04-25,7008
1101,台泥,39,1,38,兆豐-三重,2024-04-25,7008
2536,宏普,35,0,35,兆豐-三重,2024-04-25,7008
2610,華航,42,12,30,兆豐-三重,2024-04-25,7008
5210,寶碩,25,0,25,兆豐-三重,2024-04-25,7008
00940,元大台灣價值高息,23,0,23,兆豐-三重,2024-04-25,7008
1110,東泥,20,0,20,兆豐-三重,2024-04-25,7008
6177,達麗,20,0,20,兆豐-三重,2024-04-25,7008
6182,合晶,20,0,20,兆豐-三重,2024-04-25,7008
5512,力麒,23,4,19,兆豐-三重,2024-04-25,7008
00878,國泰永續高股息,18,0,18,兆豐-三重,2024-04-25,7008
00937B,群益ESG投等債20,16,0,16,兆豐-三重,2024-04-25,7008
2009,第一銅,15,0,15,兆豐-三重,2024-04-25,7008
00687B,國泰20年美債,14,0,14,兆豐-三重,2024-04-25,7008
2356,英業達,14,0,14,兆豐-三重,2024-04-25,7008
8930,青鋼,105,93,12,兆豐-三重,2024-04-25,7008
00891,中信關鍵半導體,11,0,11,兆豐-三重,2024-04-25,7008
2354,鴻準,12,2,10,兆豐-三重,2024-04-25,7008
3013,晟銘電,22,12,10,兆豐-三重,2024-04-25,7008
00637L,元大滬深300正2,10,0,10,兆豐-三重,2024-04-25,7008
1316,上曜,16,6,10,兆豐-三重,2024-04-25,7008
3287,廣寰科,17,7,10,兆豐-三重,2024-04-25,7008
3294,英濟,10,0,10,兆豐-三重,2024-04-25,7008
5351,鈺創,10,0,10,兆豐-三重,2024-04-25,7008
8390,金益鼎,10,0,10,兆豐-三重,2024-04-25,7008
3231,緯創,18,9,9,兆豐-三重,2024-04-25,7008
2208,台船,9,0,9,兆豐-三重,2024-04-25,7008
2363,矽統,28,19,9,兆豐-三重,2024-04-25,7008
3264,欣銓,10,1,9,兆豐-三重,2024-04-25,7008
1536,和大,8,0,8,兆豐-三重,2024-04-25,7008
0056,元大高股息,229,222,7,兆豐-三重,2024-04-25,7008
2731,雄獅,9,2,7,兆豐-三重,2024-04-25,7008
3703,欣陸,20,13,7,兆豐-三重,2024-04-25,7008
4743,合一,7,0,7,兆豐-三重,2024-04-25,7008
8926,台汽電,12,5,7,兆豐-三重,2024-04-25,7008
00929,復華台灣科技優息,7,0,7,兆豐-三重,2024-04-25,7008
00772B,中信高評級公司債,6,0,6,兆豐-三重,2024-04-25,7008
1612,宏泰,9,3,6,兆豐-三重,2024-04-25,7008
2543,皇昌,6,0,6,兆豐-三重,2024-04-25,7008
5511,德昌,6,0,6,兆豐-三重,2024-04-25,7008
8147,正淩,6,0,6,兆豐-三重,2024-04-25,7008
2886,兆豐金,5,0,5,兆豐-三重,2024-04-25,7008
1608,華榮,155,150,5,兆豐-三重,2024-04-25,7008
1785,光洋科,20,15,5,兆豐-三重,2024-04-25,7008
2023,燁輝,5,0,5,兆豐-三重,2024-04-25,7008
2025,千興,5,0,5,兆豐-三重,2024-04-25,7008
2316,楠梓電,5,0,5,兆豐-三重,2024-04-25,7008
2540,愛山林,5,0,5,兆豐-三重,2024-04-25,7008
3027,盛達,5,0,5,兆豐-三重,2024-04-25,7008
0056,元大高股息,103,2,101,兆豐-三重,2024-04-26,7008
00937B,群益ESG投等債20,75,0,75,兆豐-三重,2024-04-26,7008
2903,遠百,85,17,68,兆豐-三重,2024-04-26,7008
2547,日勝生,52,0,52,兆豐-三重,2024-04-26,7008
1457,宜進,40,0,40,兆豐-三重,2024-04-26,7008
5512,力麒,30,0,30,兆豐-三重,2024-04-26,7008
00929,復華台灣科技優息,24,0,24,兆豐-三重,2024-04-26,7008
1605,華新,23,0,23,兆豐-三重,2024-04-26,7008
2243,宏旭-KY,20,0,20,兆豐-三重,2024-04-26,7008
2887,台新金,16,0,16,兆豐-三重,2024-04-26,7008
3706,神達,18,2,16,兆豐-三重,2024-04-26,7008
1316,上曜,15,0,15,兆豐-三重,2024-04-26,7008
1101,台泥,30,15,15,兆豐-三重,2024-04-26,7008
2371,大同,50,35,15,兆豐-三重,2024-04-26,7008
00940,元大台灣價值高息,15,2,13,兆豐-三重,2024-04-26,7008
1504,東元,14,1,13,兆豐-三重,2024-04-26,7008
1785,光洋科,13,0,13,兆豐-三重,2024-04-26,7008
6217,中探針,13,1,12,兆豐-三重,2024-04-26,7008
5871,中租-KY,11,0,11,兆豐-三重,2024-04-26,7008
00931B,統一美債20年,11,0,11,兆豐-三重,2024-04-26,7008
3576,聯合再生,21,10,11,兆豐-三重,2024-04-26,7008
00632R,元大台灣50反1,10,0,10,兆豐-三重,2024-04-26,7008
2832,台產,10,0,10,兆豐-三重,2024-04-26,7008
3188,鑫龍騰,10,0,10,兆豐-三重,2024-04-26,7008
3666,光耀,10,0,10,兆豐-三重,2024-04-26,7008
6215,和椿,10,0,10,兆豐-三重,2024-04-26,7008
2101,南港,20,12,8,兆豐-三重,2024-04-26,7008
2439,美律,8,0,8,兆豐-三重,2024-04-26,7008
2453,凌群,8,0,8,兆豐-三重,2024-04-26,7008
4716,大立,20,12,8,兆豐-三重,2024-04-26,7008
8234,新漢,11,3,8,兆豐-三重,2024-04-26,7008
8390,金益鼎,8,0,8,兆豐-三重,2024-04-26,7008
1513,中興電,30,23,7,兆豐-三重,2024-04-26,7008
8147,正淩,7,0,7,兆豐-三重,2024-04-26,7008
6207,雷科,37,31,6,兆豐-三重,2024-04-26,7008
8089,康全電訊,34,28,6,兆豐-三重,2024-04-26,7008
2491,吉祥全,6,0,6,兆豐-三重,2024-04-26,7008
2615,萬海,21,15,6,兆豐-三重,2024-04-26,7008
4747,強生,6,0,6,兆豐-三重,2024-04-26,7008
6177,達麗,6,0,6,兆豐-三重,2024-04-26,7008
00772B,中信高評級公司債,5,0,5,兆豐-三重,2024-04-26,7008
1522,堤維西,5,0,5,兆豐-三重,2024-04-26,7008
1529,樂事綠能,5,0,5,兆豐-三重,2024-04-26,7008
2305,全友,5,0,5,兆豐-三重,2024-04-26,7008
2362,藍天,5,0,5,兆豐-三重,2024-04-26,7008
2489,瑞軒,5,0,5,兆豐-三重,2024-04-26,7008
2536,宏普,5,0,5,兆豐-三重,2024-04-26,7008
2537,聯上發,5,0,5,兆豐-三重,2024-04-26,7008
2540,愛山林,5,0,5,兆豐-三重,2024-04-26,7008
3645,達邁,5,0,5,兆豐-三重,2024-04-26,7008
00632R,元大台灣50反1,60,0,60,兆豐-三重,2024-04-29,7008
2601,益航,50,0,50,兆豐-三重,2024-04-29,7008
2618,長榮航,218,177,41,兆豐-三重,2024-04-29,7008
0056,元大高股息,54,18,36,兆豐-三重,2024-04-29,7008
3035,智原,40,6,34,兆豐-三重,2024-04-29,7008
2323,中環,33,6,27,兆豐-三重,2024-04-29,7008
2610,華航,49,24,25,兆豐-三重,2024-04-29,7008
2614,東森,25,0,25,兆豐-三重,2024-04-29,7008
8930,青鋼,77,53,24,兆豐-三重,2024-04-29,7008
2449,京元電子,131,111,20,兆豐-三重,2024-04-29,7008
2330,台積電,43,23,20,兆豐-三重,2024-04-29,7008
2363,矽統,140,121,19,兆豐-三重,2024-04-29,7008
2611,志信,21,5,16,兆豐-三重,2024-04-29,7008
6125,廣運,28,13,15,兆豐-三重,2024-04-29,7008
8932,智通*,15,0,15,兆豐-三重,2024-04-29,7008
1587,吉茂,25,12,13,兆豐-三重,2024-04-29,7008
2464,盟立,14,1,13,兆豐-三重,2024-04-29,7008
2359,所羅門,70,58,12,兆豐-三重,2024-04-29,7008
2371,大同,40,29,11,兆豐-三重,2024-04-29,7008
6770,力積電,14,3,11,兆豐-三重,2024-04-29,7008
3017,奇鋐,12,2,10,兆豐-三重,2024-04-29,7008
00937B,群益ESG投等債20,10,0,10,兆豐-三重,2024-04-29,7008
3346,麗清,10,0,10,兆豐-三重,2024-04-29,7008
8390,金益鼎,10,0,10,兆豐-三重,2024-04-29,7008
1504,東元,8,0,8,兆豐-三重,2024-04-29,7008
3706,神達,8,0,8,兆豐-三重,2024-04-29,7008
4714,永捷,8,0,8,兆豐-三重,2024-04-29,7008
1905,華紙,12,5,7,兆豐-三重,2024-04-29,7008
2887,台新金,8,1,7,兆豐-三重,2024-04-29,7008
6829,千附精密,7,0,7,兆豐-三重,2024-04-29,7008
1532,勤美,6,0,6,兆豐-三重,2024-04-29,7008
2344,華邦電,6,0,6,兆豐-三重,2024-04-29,7008
2609,陽明,40,34,6,兆豐-三重,2024-04-29,7008
3141,晶宏,6,0,6,兆豐-三重,2024-04-29,7008
6605,帝寶,6,0,6,兆豐-三重,2024-04-29,7008
6830,汎銓,6,0,6,兆豐-三重,2024-04-29,7008
8039,台虹,6,0,6,兆豐-三重,2024-04-29,7008
00720B,元大投資級公司債,5,0,5,兆豐-三重,2024-04-29,7008
1618,合機,25,20,5,兆豐-三重,2024-04-29,7008
2009,第一銅,24,19,5,兆豐-三重,2024-04-29,7008
2102,泰豐,5,0,5,兆豐-三重,2024-04-29,7008
2489,瑞軒,5,0,5,兆豐-三重,2024-04-29,7008
2520,冠德,6,1,5,兆豐-三重,2024-04-29,7008
2536,宏普,96,91,5,兆豐-三重,2024-04-29,7008
2903,遠百,5,0,5,兆豐-三重,2024-04-29,7008
3312,弘憶股,5,0,5,兆豐-三重,2024-04-29,7008
5230,雷笛克光學,6,1,5,兆豐-三重,2024-04-29,7008
8076,伍豐,5,0,5,兆豐-三重,2024-04-29,7008
3583,辛耘,11,6,5,兆豐-三重,2024-04-29,7008
8054,安國,4,0,4,兆豐-三重,2024-04-29,7008
00680L,元大美債20正2,100,0,100,兆豐-三重,2024-04-30,7008
2618,長榮航,151,53,98,兆豐-三重,2024-04-30,7008
2330,台積電,79,4,75,兆豐-三重,2024-04-30,7008
2888,新光金,83,10,73,兆豐-三重,2024-04-30,7008
2834,臺企銀,72,0,72,兆豐-三重,2024-04-30,7008
6190,萬泰科,61,1,60,兆豐-三重,2024-04-30,7008
2515,中工,65,16,49,兆豐-三重,2024-04-30,7008
00940,元大台灣價值高息,39,10,29,兆豐-三重,2024-04-30,7008
2371,大同,49,20,29,兆豐-三重,2024-04-30,7008
1314,中石化,229,206,23,兆豐-三重,2024-04-30,7008
1718,中纖,21,0,21,兆豐-三重,2024-04-30,7008
8349,�矬�,20,0,20,兆豐-三重,2024-04-30,7008
00919,群益台灣精選高息,19,0,19,兆豐-三重,2024-04-30,7008
00929,復華台灣科技優息,16,0,16,兆豐-三重,2024-04-30,7008
6143,振曜,18,2,16,兆豐-三重,2024-04-30,7008
2601,益航,15,0,15,兆豐-三重,2024-04-30,7008
2913,農林,28,14,14,兆豐-三重,2024-04-30,7008
8926,台汽電,14,0,14,兆豐-三重,2024-04-30,7008
2109,華豐,14,1,13,兆豐-三重,2024-04-30,7008
5607,遠雄港,12,0,12,兆豐-三重,2024-04-30,7008
2328,廣宇,10,0,10,兆豐-三重,2024-04-30,7008
2453,凌群,10,0,10,兆豐-三重,2024-04-30,7008
3062,建漢,10,0,10,兆豐-三重,2024-04-30,7008
3576,聯合再生,10,0,10,兆豐-三重,2024-04-30,7008
2501,國建,15,6,9,兆豐-三重,2024-04-30,7008
8011,台通,9,0,9,兆豐-三重,2024-04-30,7008
2101,南港,25,17,8,兆豐-三重,2024-04-30,7008
2887,台新金,11,3,8,兆豐-三重,2024-04-30,7008
2449,京元電子,12,5,7,兆豐-三重,2024-04-30,7008
5230,雷笛克光學,21,14,7,兆豐-三重,2024-04-30,7008
5531,鄉林,27,20,7,兆豐-三重,2024-04-30,7008
6139,亞翔,7,0,7,兆豐-三重,2024-04-30,7008
6223,旺矽,8,1,7,兆豐-三重,2024-04-30,7008
2317,鴻海,24,18,6,兆豐-三重,2024-04-30,7008
1522,堤維西,6,0,6,兆豐-三重,2024-04-30,7008
3481,群創,25,19,6,兆豐-三重,2024-04-30,7008
8028,昇陽半導體,7,1,6,兆豐-三重,2024-04-30,7008
8089,康全電訊,40,34,6,兆豐-三重,2024-04-30,7008
1310,台苯,10,5,5,兆豐-三重,2024-04-30,7008
1504,東元,8,3,5,兆豐-三重,2024-04-30,7008
2365,昆盈,5,0,5,兆豐-三重,2024-04-30,7008
2506,太設,5,0,5,兆豐-三重,2024-04-30,7008
2903,遠百,5,0,5,兆豐-三重,2024-04-30,7008
4102,永日,5,0,5,兆豐-三重,2024-04-30,7008
5457,宣德,5,0,5,兆豐-三重,2024-04-30,7008
5464,霖宏,5,0,5,兆豐-三重,2024-04-30,7008
5515,建國,5,0,5,兆豐-三重,2024-04-30,7008
6605,帝寶,5,0,5,兆豐-三重,2024-04-30,7008
6753,龍德造船,5,0,5,兆豐-三重,2024-04-30,7008
00927,群益半導體收益,4,0,4,兆豐-三重,2024-04-30,7008
2820,華票,562,10,552,兆豐-三重,2024-05-02,7008
2801,彰銀,202,0,202,兆豐-三重,2024-05-02,7008
00715L,期街口布蘭特正2,74,0,74,兆豐-三重,2024-05-02,7008
0056,元大高股息,101,30,71,兆豐-三重,2024-05-02,7008
00878,國泰永續高股息,30,0,30,兆豐-三重,2024-05-02,7008
9958,世紀鋼,30,1,29,兆豐-三重,2024-05-02,7008
3049,精金,26,0,26,兆豐-三重,2024-05-02,7008
00937B,群益ESG投等債20,25,0,25,兆豐-三重,2024-05-02,7008
9945,潤泰新,71,49,22,兆豐-三重,2024-05-02,7008
1587,吉茂,22,1,21,兆豐-三重,2024-05-02,7008
00632R,元大台灣50反1,20,0,20,兆豐-三重,2024-05-02,7008
2344,華邦電,20,0,20,兆豐-三重,2024-05-02,7008
3490,單井,20,0,20,兆豐-三重,2024-05-02,7008
6113,亞矽,20,0,20,兆豐-三重,2024-05-02,7008
2515,中工,38,20,18,兆豐-三重,2024-05-02,7008
1314,中石化,76,59,17,兆豐-三重,2024-05-02,7008
00919,群益台灣精選高息,16,0,16,兆豐-三重,2024-05-02,7008
2329,華泰,26,10,16,兆豐-三重,2024-05-02,7008
3058,立德,16,0,16,兆豐-三重,2024-05-02,7008
1609,大亞,31,17,14,兆豐-三重,2024-05-02,7008
3481,群創,100,87,13,兆豐-三重,2024-05-02,7008
2332,友訊,12,0,12,兆豐-三重,2024-05-02,7008
2356,英業達,12,1,11,兆豐-三重,2024-05-02,7008
5371,中光電,15,4,11,兆豐-三重,2024-05-02,7008
6550,北極星藥業-KY,11,0,11,兆豐-三重,2024-05-02,7008
1440,南紡,16,6,10,兆豐-三重,2024-05-02,7008
1529,樂事綠能,10,0,10,兆豐-三重,2024-05-02,7008
2353,宏��,10,0,10,兆豐-三重,2024-05-02,7008
2491,吉祥全,10,0,10,兆豐-三重,2024-05-02,7008
2543,皇昌,10,0,10,兆豐-三重,2024-05-02,7008
3038,全台,10,0,10,兆豐-三重,2024-05-02,7008
6217,中探針,10,0,10,兆豐-三重,2024-05-02,7008
6275,元山,12,2,10,兆豐-三重,2024-05-02,7008
2330,台積電,12,2,10,兆豐-三重,2024-05-02,7008
2401,凌陽,14,5,9,兆豐-三重,2024-05-02,7008
2486,一詮,9,0,9,兆豐-三重,2024-05-02,7008
00881,國泰台灣5G+,9,0,9,兆豐-三重,2024-05-02,7008
00940,元大台灣價值高息,8,0,8,兆豐-三重,2024-05-02,7008
2611,志信,8,0,8,兆豐-三重,2024-05-02,7008
6125,廣運,23,16,7,兆豐-三重,2024-05-02,7008
2501,國建,267,260,7,兆豐-三重,2024-05-02,7008
2363,矽統,67,60,7,兆豐-三重,2024-05-02,7008
00795B,中信美國公債20年,6,0,6,兆豐-三重,2024-05-02,7008
00929,復華台灣科技優息,10,4,6,兆豐-三重,2024-05-02,7008
2527,宏璟,6,0,6,兆豐-三重,2024-05-02,7008
6026,福邦證,6,0,6,兆豐-三重,2024-05-02,7008
6177,達麗,43,37,6,兆豐-三重,2024-05-02,7008
00933B,國泰10Y+金融債,5,0,5,兆豐-三重,2024-05-02,7008
1308,亞聚,5,0,5,兆豐-三重,2024-05-02,7008
3017,奇鋐,19,14,5,兆豐-三重,2024-05-02,7008
8110,華東,120,0,120,兆豐-三重,2024-05-03,7008
0056,元大高股息,122,22,100,兆豐-三重,2024-05-03,7008
2820,華票,76,0,76,兆豐-三重,2024-05-03,7008
4714,永捷,95,25,70,兆豐-三重,2024-05-03,7008
00878,國泰永續高股息,63,4,59,兆豐-三重,2024-05-03,7008
2330,台積電,47,3,44,兆豐-三重,2024-05-03,7008
2705,六福,40,0,40,兆豐-三重,2024-05-03,7008
8930,青鋼,106,72,34,兆豐-三重,2024-05-03,7008
6770,力積電,41,10,31,兆豐-三重,2024-05-03,7008
3231,緯創,33,7,26,兆豐-三重,2024-05-03,7008
00937B,群益ESG投等債20,26,0,26,兆豐-三重,2024-05-03,7008
1314,中石化,32,7,25,兆豐-三重,2024-05-03,7008
2515,中工,44,19,25,兆豐-三重,2024-05-03,7008
5230,雷笛克光學,47,22,25,兆豐-三重,2024-05-03,7008
8064,東捷,25,1,24,兆豐-三重,2024-05-03,7008
2605,新興,21,1,20,兆豐-三重,2024-05-03,7008
6120,達運,19,1,18,兆豐-三重,2024-05-03,7008
2101,南港,19,2,17,兆豐-三重,2024-05-03,7008
4533,協易機,22,5,17,兆豐-三重,2024-05-03,7008
1316,上曜,48,33,15,兆豐-三重,2024-05-03,7008
3546,宇峻,120,106,14,兆豐-三重,2024-05-03,7008
5531,鄉林,60,46,14,兆豐-三重,2024-05-03,7008
5512,力麒,53,40,13,兆豐-三重,2024-05-03,7008
2504,國產,12,0,12,兆豐-三重,2024-05-03,7008
6128,上福,12,0,12,兆豐-三重,2024-05-03,7008
6443,元晶,12,0,12,兆豐-三重,2024-05-03,7008
00891,中信關鍵半導體,12,1,11,兆豐-三重,2024-05-03,7008
1536,和大,11,0,11,兆豐-三重,2024-05-03,7008
00687B,國泰20年美債,10,0,10,兆豐-三重,2024-05-03,7008
00882,中信中國高股息,10,0,10,兆豐-三重,2024-05-03,7008
4909,新復興,10,0,10,兆豐-三重,2024-05-03,7008
5371,中光電,10,0,10,兆豐-三重,2024-05-03,7008
6164,華興,10,0,10,兆豐-三重,2024-05-03,7008
2888,新光金,20,11,9,兆豐-三重,2024-05-03,7008
4306,炎洲,9,0,9,兆豐-三重,2024-05-03,7008
1504,東元,10,2,8,兆豐-三重,2024-05-03,7008
2356,英業達,8,0,8,兆豐-三重,2024-05-03,7008
5607,遠雄港,10,2,8,兆豐-三重,2024-05-03,7008
6125,廣運,19,11,8,兆豐-三重,2024-05-03,7008
6266,泰詠,8,0,8,兆豐-三重,2024-05-03,7008
6284,佳邦,9,1,8,兆豐-三重,2024-05-03,7008
8050,廣積,8,0,8,兆豐-三重,2024-05-03,7008
3037,欣興,7,0,7,兆豐-三重,2024-05-03,7008
3163,波若威,14,7,7,兆豐-三重,2024-05-03,7008
8390,金益鼎,7,0,7,兆豐-三重,2024-05-03,7008
1339,昭輝,9,3,6,兆豐-三重,2024-05-03,7008
1591,駿吉-KY,6,0,6,兆豐-三重,2024-05-03,7008
1815,富喬,8,2,6,兆豐-三重,2024-05-03,7008
2368,金像電,6,0,6,兆豐-三重,2024-05-03,7008
3086,華義,6,0,6,兆豐-三重,2024-05-03,7008
5512,力麒,106,1,105,兆豐-三重,2024-05-06,7008
2888,新光金,256,209,47,兆豐-三重,2024-05-06,7008
00680L,元大美債20正2,40,0,40,兆豐-三重,2024-05-06,7008
5531,鄉林,39,5,34,兆豐-三重,2024-05-06,7008
2538,基泰,66,33,33,兆豐-三重,2024-05-06,7008
2705,六福,30,0,30,兆豐-三重,2024-05-06,7008
00715L,期街口布蘭特正2,23,0,23,兆豐-三重,2024-05-06,7008
2344,華邦電,34,11,23,兆豐-三重,2024-05-06,7008
2834,臺企銀,18,1,17,兆豐-三重,2024-05-06,7008
2449,京元電子,40,28,12,兆豐-三重,2024-05-06,7008
9945,潤泰新,22,12,10,兆豐-三重,2024-05-06,7008
2390,云辰,10,0,10,兆豐-三重,2024-05-06,7008
2897,王道銀行,10,0,10,兆豐-三重,2024-05-06,7008
2913,農林,30,20,10,兆豐-三重,2024-05-06,7008
3645,達邁,10,0,10,兆豐-三重,2024-05-06,7008
6164,華興,10,0,10,兆豐-三重,2024-05-06,7008
6446,藥華藥,10,0,10,兆豐-三重,2024-05-06,7008
9933,中鼎,10,1,9,兆豐-三重,2024-05-06,7008
00940,元大台灣價值高息,9,1,8,兆豐-三重,2024-05-06,7008
2363,矽統,9,1,8,兆豐-三重,2024-05-06,7008
2537,聯上發,9,1,8,兆豐-三重,2024-05-06,7008
00937B,群益ESG投等債20,9,2,7,兆豐-三重,2024-05-06,7008
1591,駿吉-KY,11,4,7,兆豐-三重,2024-05-06,7008
2501,國建,14,7,7,兆豐-三重,2024-05-06,7008
6188,廣明,10,3,7,兆豐-三重,2024-05-06,7008
4303,信立,6,0,6,兆豐-三重,2024-05-06,7008
9958,世紀鋼,7,1,6,兆豐-三重,2024-05-06,7008
00942B,台新美A公司債20+,10,5,5,兆豐-三重,2024-05-06,7008
2352,佳世達,5,0,5,兆豐-三重,2024-05-06,7008
2353,宏��,9,4,5,兆豐-三重,2024-05-06,7008
2409,友達,5,0,5,兆豐-三重,2024-05-06,7008
2453,凌群,5,0,5,兆豐-三重,2024-05-06,7008
2482,連宇,5,0,5,兆豐-三重,2024-05-06,7008
2596,綠意,5,0,5,兆豐-三重,2024-05-06,7008
2607,榮運,5,0,5,兆豐-三重,2024-05-06,7008
3666,光耀,6,1,5,兆豐-三重,2024-05-06,7008
5521,工信,7,2,5,兆豐-三重,2024-05-06,7008
6192,巨路,5,0,5,兆豐-三重,2024-05-06,7008
8150,南茂,5,0,5,兆豐-三重,2024-05-06,7008
8938,明安,5,0,5,兆豐-三重,2024-05-06,7008
1536,和大,4,0,4,兆豐-三重,2024-05-06,7008
2611,志信,4,0,4,兆豐-三重,2024-05-06,7008
2883,凱基金,20,16,4,兆豐-三重,2024-05-06,7008
3312,弘憶股,15,11,4,兆豐-三重,2024-05-06,7008
4510,高鋒,4,0,4,兆豐-三重,2024-05-06,7008
4513,福裕,5,1,4,兆豐-三重,2024-05-06,7008
6173,信昌電,6,2,4,兆豐-三重,2024-05-06,7008
2892,第一金,4,1,3,兆豐-三重,2024-05-06,7008
6274,台燿,11,8,3,兆豐-三重,2024-05-06,7008
6451,訊芯-KY,3,0,3,兆豐-三重,2024-05-06,7008
2618,長榮航,280,136,144,兆豐-三重,2024-05-07,7008
00919,群益台灣精選高息,201,104,97,兆豐-三重,2024-05-07,7008
5531,鄉林,87,12,75,兆豐-三重,2024-05-07,7008
00715L,期街口布蘭特正2,58,3,55,兆豐-三重,2024-05-07,7008
2344,華邦電,44,1,43,兆豐-三重,2024-05-07,7008
00878,國泰永續高股息,43,4,39,兆豐-三重,2024-05-07,7008
2486,一詮,103,67,36,兆豐-三重,2024-05-07,7008
3481,群創,62,26,36,兆豐-三重,2024-05-07,7008
5512,力麒,32,0,32,兆豐-三重,2024-05-07,7008
2834,臺企銀,32,1,31,兆豐-三重,2024-05-07,7008
1108,幸福,30,0,30,兆豐-三重,2024-05-07,7008
2851,中再保,30,0,30,兆豐-三重,2024-05-07,7008
3033,威健,49,23,26,兆豐-三重,2024-05-07,7008
6125,廣運,40,15,25,兆豐-三重,2024-05-07,7008
00929,復華台灣科技優息,24,0,24,兆豐-三重,2024-05-07,7008
5871,中租-KY,22,0,22,兆豐-三重,2024-05-07,7008
1417,嘉裕,20,0,20,兆豐-三重,2024-05-07,7008
6770,力積電,20,1,19,兆豐-三重,2024-05-07,7008
3036,文曄,20,5,15,兆豐-三重,2024-05-07,7008
4503,金雨,14,0,14,兆豐-三重,2024-05-07,7008
5521,工信,16,3,13,兆豐-三重,2024-05-07,7008
1314,中石化,18,6,12,兆豐-三重,2024-05-07,7008
6126,信音,11,0,11,兆豐-三重,2024-05-07,7008
2101,南港,12,2,10,兆豐-三重,2024-05-07,7008
00665L,富邦�琤肭磪囓�2,10,0,10,兆豐-三重,2024-05-07,7008
1303,南亞,10,0,10,兆豐-三重,2024-05-07,7008
2243,宏旭-KY,10,0,10,兆豐-三重,2024-05-07,7008
2527,宏璟,10,0,10,兆豐-三重,2024-05-07,7008
2547,日勝生,10,0,10,兆豐-三重,2024-05-07,7008
2601,益航,10,0,10,兆豐-三重,2024-05-07,7008
2885,元大金,10,0,10,兆豐-三重,2024-05-07,7008
3037,欣興,10,0,10,兆豐-三重,2024-05-07,7008
3498,陽程,10,0,10,兆豐-三重,2024-05-07,7008
3576,聯合再生,10,0,10,兆豐-三重,2024-05-07,7008
4714,永捷,23,13,10,兆豐-三重,2024-05-07,7008
5515,建國,10,0,10,兆豐-三重,2024-05-07,7008
8213,志超,10,0,10,兆豐-三重,2024-05-07,7008
00940,元大台灣價值高息,14,5,9,兆豐-三重,2024-05-07,7008
2351,順德,9,0,9,兆豐-三重,2024-05-07,7008
3013,晟銘電,20,11,9,兆豐-三重,2024-05-07,7008
8096,擎亞,26,17,9,兆豐-三重,2024-05-07,7008
1608,華榮,16,8,8,兆豐-三重,2024-05-07,7008
0050,元大台灣50,10,3,7,兆豐-三重,2024-05-07,7008
00637L,元大滬深300正2,7,0,7,兆豐-三重,2024-05-07,7008
1603,華電,7,0,7,兆豐-三重,2024-05-07,7008
2388,威盛,8,1,7,兆豐-三重,2024-05-07,7008
3260,威剛,24,17,7,兆豐-三重,2024-05-07,7008
3294,英濟,7,0,7,兆豐-三重,2024-05-07,7008
3708,上緯投控,31,24,7,兆豐-三重,2024-05-07,7008
6005,群益證,7,0,7,兆豐-三重,2024-05-07,7008
1314,中石化,86,20,66,兆豐-三重,2024-05-08,7008
0056,元大高股息,156,106,50,兆豐-三重,2024-05-08,7008
00932,兆豐永續高息等權,36,0,36,兆豐-三重,2024-05-08,7008
5871,中租-KY,29,2,27,兆豐-三重,2024-05-08,7008
1608,華榮,75,50,25,兆豐-三重,2024-05-08,7008
8930,青鋼,22,0,22,兆豐-三重,2024-05-08,7008
00665L,富邦�琤肭磪囓�2,20,0,20,兆豐-三重,2024-05-08,7008
00715L,期街口布蘭特正2,20,0,20,兆豐-三重,2024-05-08,7008
2836,高雄銀,20,0,20,兆豐-三重,2024-05-08,7008
2374,佳能,20,3,17,兆豐-三重,2024-05-08,7008
1513,中興電,21,6,15,兆豐-三重,2024-05-08,7008
2317,鴻海,33,18,15,兆豐-三重,2024-05-08,7008
2101,南港,14,1,13,兆豐-三重,2024-05-08,7008
2903,遠百,14,1,13,兆豐-三重,2024-05-08,7008
2915,潤泰全,16,4,12,兆豐-三重,2024-05-08,7008
3450,聯鈞,14,2,12,兆豐-三重,2024-05-08,7008
8906,花王,12,0,12,兆豐-三重,2024-05-08,7008
2834,臺企銀,11,0,11,兆豐-三重,2024-05-08,7008
2515,中工,11,0,11,兆豐-三重,2024-05-08,7008
3058,立德,11,0,11,兆豐-三重,2024-05-08,7008
00877,復華中國5G,10,0,10,兆豐-三重,2024-05-08,7008
00680L,元大美債20正2,10,0,10,兆豐-三重,2024-05-08,7008
2353,宏��,12,2,10,兆豐-三重,2024-05-08,7008
2390,云辰,10,0,10,兆豐-三重,2024-05-08,7008
2485,兆赫,10,0,10,兆豐-三重,2024-05-08,7008
2913,農林,10,0,10,兆豐-三重,2024-05-08,7008
3325,旭品,10,0,10,兆豐-三重,2024-05-08,7008
3372,典範,10,0,10,兆豐-三重,2024-05-08,7008
3663,鑫科,10,0,10,兆豐-三重,2024-05-08,7008
8163,達方,10,0,10,兆豐-三重,2024-05-08,7008
2618,長榮航,138,129,9,兆豐-三重,2024-05-08,7008
2603,長榮,14,6,8,兆豐-三重,2024-05-08,7008
3036,文曄,8,0,8,兆豐-三重,2024-05-08,7008
2543,皇昌,12,4,8,兆豐-三重,2024-05-08,7008
2641,正德,29,21,8,兆豐-三重,2024-05-08,7008
3706,神達,8,0,8,兆豐-三重,2024-05-08,7008
4714,永捷,10,2,8,兆豐-三重,2024-05-08,7008
00940,元大台灣價值高息,27,20,7,兆豐-三重,2024-05-08,7008
2208,台船,7,0,7,兆豐-三重,2024-05-08,7008
5512,力麒,22,15,7,兆豐-三重,2024-05-08,7008
8940,新天地,7,0,7,兆豐-三重,2024-05-08,7008
00733,富邦臺灣中小,6,0,6,兆豐-三重,2024-05-08,7008
4513,福裕,6,0,6,兆豐-三重,2024-05-08,7008
5386,青雲,6,0,6,兆豐-三重,2024-05-08,7008
6449,鈺邦,6,0,6,兆豐-三重,2024-05-08,7008
9945,潤泰新,14,8,6,兆豐-三重,2024-05-08,7008
00687B,國泰20年美債,5,0,5,兆豐-三重,2024-05-08,7008
2002,中鋼,5,0,5,兆豐-三重,2024-05-08,7008
00864B,中信美國公債0-1,5,0,5,兆豐-三重,2024-05-08,7008
2402,毅嘉,5,0,5,兆豐-三重,2024-05-08,7008
1307,三芳,281,0,281,兆豐-三重,2024-05-09,7008
2618,長榮航,181,54,127,兆豐-三重,2024-05-09,7008
00929,復華台灣科技優息,82,8,74,兆豐-三重,2024-05-09,7008
00940,元大台灣價值高息,60,4,56,兆豐-三重,2024-05-09,7008
2367,燿華,44,14,30,兆豐-三重,2024-05-09,7008
2605,新興,34,8,26,兆豐-三重,2024-05-09,7008
6005,群益證,27,2,25,兆豐-三重,2024-05-09,7008
2834,臺企銀,24,0,24,兆豐-三重,2024-05-09,7008
1440,南紡,27,4,23,兆豐-三重,2024-05-09,7008
2476,鉅祥,31,10,21,兆豐-三重,2024-05-09,7008
1447,力鵬,20,0,20,兆豐-三重,2024-05-09,7008
2371,大同,27,7,20,兆豐-三重,2024-05-09,7008
2547,日勝生,20,0,20,兆豐-三重,2024-05-09,7008
8906,花王,20,0,20,兆豐-三重,2024-05-09,7008
1442,名軒,19,0,19,兆豐-三重,2024-05-09,7008
5512,力麒,26,10,16,兆豐-三重,2024-05-09,7008
0050,元大台灣50,15,0,15,兆豐-三重,2024-05-09,7008
2363,矽統,34,19,15,兆豐-三重,2024-05-09,7008
2427,三商電,24,10,14,兆豐-三重,2024-05-09,7008
2542,興富發,14,0,14,兆豐-三重,2024-05-09,7008
2885,元大金,13,0,13,兆豐-三重,2024-05-09,7008
4973,廣穎,14,1,13,兆豐-三重,2024-05-09,7008
2317,鴻海,19,7,12,兆豐-三重,2024-05-09,7008
2888,新光金,229,217,12,兆豐-三重,2024-05-09,7008
5351,鈺創,13,1,12,兆豐-三重,2024-05-09,7008
8112,至上,12,0,12,兆豐-三重,2024-05-09,7008
3260,威剛,48,37,11,兆豐-三重,2024-05-09,7008
1515,力山,13,2,11,兆豐-三重,2024-05-09,7008
1524,耿鼎,11,0,11,兆豐-三重,2024-05-09,7008
5871,中租-KY,10,0,10,兆豐-三重,2024-05-09,7008
6282,康舒,10,0,10,兆豐-三重,2024-05-09,7008
020031,統一IC設計臺灣N,10,0,10,兆豐-三重,2024-05-09,7008
1504,東元,13,3,10,兆豐-三重,2024-05-09,7008
1514,亞力,27,17,10,兆豐-三重,2024-05-09,7008
2243,宏旭-KY,10,0,10,兆豐-三重,2024-05-09,7008
2520,冠德,16,6,10,兆豐-三重,2024-05-09,7008
5392,能率,10,0,10,兆豐-三重,2024-05-09,7008
6187,萬潤,20,10,10,兆豐-三重,2024-05-09,7008
9958,世紀鋼,10,0,10,兆豐-三重,2024-05-09,7008
00885,富邦越南,10,1,9,兆豐-三重,2024-05-09,7008
1314,中石化,9,0,9,兆豐-三重,2024-05-09,7008
1618,合機,29,20,9,兆豐-三重,2024-05-09,7008
2449,京元電子,22,13,9,兆豐-三重,2024-05-09,7008
2201,裕隆,18,10,8,兆豐-三重,2024-05-09,7008
2453,凌群,8,0,8,兆豐-三重,2024-05-09,7008
2009,第一銅,7,0,7,兆豐-三重,2024-05-09,7008
3312,弘憶股,15,8,7,兆豐-三重,2024-05-09,7008
3481,群創,18,11,7,兆豐-三重,2024-05-09,7008
5519,隆大,9,2,7,兆豐-三重,2024-05-09,7008
8936,國統,11,4,7,兆豐-三重,2024-05-09,7008
00929,復華台灣科技優息,162,0,162,兆豐-三重,2024-05-10,7008
2610,華航,208,51,157,兆豐-三重,2024-05-10,7008
1307,三芳,98,0,98,兆豐-三重,2024-05-10,7008
2371,大同,82,13,69,兆豐-三重,2024-05-10,7008
00946,群益科技高息成長,54,14,40,兆豐-三重,2024-05-10,7008
2851,中再保,40,0,40,兆豐-三重,2024-05-10,7008
6116,彩晶,24,0,24,兆豐-三重,2024-05-10,7008
1515,力山,20,0,20,兆豐-三重,2024-05-10,7008
2705,六福,20,0,20,兆豐-三重,2024-05-10,7008
2313,華通,32,13,19,兆豐-三重,2024-05-10,7008
5608,四維航,32,13,19,兆豐-三重,2024-05-10,7008
9958,世紀鋼,20,1,19,兆豐-三重,2024-05-10,7008
2605,新興,23,5,18,兆豐-三重,2024-05-10,7008
00919,群益台灣精選高息,18,0,18,兆豐-三重,2024-05-10,7008
1608,華榮,29,12,17,兆豐-三重,2024-05-10,7008
3038,全台,14,0,14,兆豐-三重,2024-05-10,7008
3390,旭軟,14,0,14,兆豐-三重,2024-05-10,7008
00940,元大台灣價值高息,13,0,13,兆豐-三重,2024-05-10,7008
1514,亞力,90,77,13,兆豐-三重,2024-05-10,7008
2367,燿華,17,5,12,兆豐-三重,2024-05-10,7008
5410,國眾,265,253,12,兆豐-三重,2024-05-10,7008
1524,耿鼎,12,1,11,兆豐-三重,2024-05-10,7008
1762,中化生,11,0,11,兆豐-三重,2024-05-10,7008
6269,台郡,11,0,11,兆豐-三重,2024-05-10,7008
3376,新日興,20,9,11,兆豐-三重,2024-05-10,7008
1529,樂事綠能,10,0,10,兆豐-三重,2024-05-10,7008
2020,美亞,10,0,10,兆豐-三重,2024-05-10,7008
2243,宏旭-KY,10,0,10,兆豐-三重,2024-05-10,7008
2528,皇普,10,0,10,兆豐-三重,2024-05-10,7008
5515,建國,10,0,10,兆豐-三重,2024-05-10,7008
1721,三晃,12,2,10,兆豐-三重,2024-05-10,7008
2637,慧洋-KY,15,6,9,兆豐-三重,2024-05-10,7008
4543,萬在,9,0,9,兆豐-三重,2024-05-10,7008
6111,大宇資,9,0,9,兆豐-三重,2024-05-10,7008
1599,宏佳騰,8,0,8,兆豐-三重,2024-05-10,7008
1785,光洋科,8,0,8,兆豐-三重,2024-05-10,7008
6147,頎邦,11,3,8,兆豐-三重,2024-05-10,7008
6177,達麗,16,8,8,兆豐-三重,2024-05-10,7008
8930,青鋼,8,0,8,兆豐-三重,2024-05-10,7008
0056,元大高股息,7,0,7,兆豐-三重,2024-05-10,7008
2892,第一金,7,0,7,兆豐-三重,2024-05-10,7008
4563,百德,7,0,7,兆豐-三重,2024-05-10,7008
00637L,元大滬深300正2,6,0,6,兆豐-三重,2024-05-10,7008
2363,矽統,16,10,6,兆豐-三重,2024-05-10,7008
4503,金雨,6,0,6,兆豐-三重,2024-05-10,7008
6443,元晶,11,5,6,兆豐-三重,2024-05-10,7008
9945,潤泰新,6,0,6,兆豐-三重,2024-05-10,7008
1582,信錦,5,0,5,兆豐-三重,2024-05-10,7008
1217,愛之味,5,0,5,兆豐-三重,2024-05-10,7008
00915,凱基優選高股息30,5,0,5,兆豐-三重,2024-05-10,7008
2618,長榮航,155,25,130,兆豐-三重,2024-05-13,7008
1307,三芳,102,0,102,兆豐-三重,2024-05-13,7008
2836,高雄銀,130,50,80,兆豐-三重,2024-05-13,7008
00919,群益台灣精選高息,81,2,79,兆豐-三重,2024-05-13,7008
00939,統一台灣高息動能,55,5,50,兆豐-三重,2024-05-13,7008
00937B,群益ESG投等債20,36,0,36,兆豐-三重,2024-05-13,7008
00929,復華台灣科技優息,34,3,31,兆豐-三重,2024-05-13,7008
2891,中信金,24,0,24,兆豐-三重,2024-05-13,7008
1714,和桐,20,0,20,兆豐-三重,2024-05-13,7008
3209,全科,20,0,20,兆豐-三重,2024-05-13,7008
3231,緯創,18,0,18,兆豐-三重,2024-05-13,7008
2356,英業達,19,3,16,兆豐-三重,2024-05-13,7008
8110,華東,16,0,16,兆豐-三重,2024-05-13,7008
00715L,期街口布蘭特正2,20,6,14,兆豐-三重,2024-05-13,7008
5410,國眾,221,207,14,兆豐-三重,2024-05-13,7008
5531,鄉林,15,1,14,兆豐-三重,2024-05-13,7008
2241,艾姆勒,18,5,13,兆豐-三重,2024-05-13,7008
2617,台航,19,6,13,兆豐-三重,2024-05-13,7008
4108,懷特,11,0,11,兆豐-三重,2024-05-13,7008
8358,金居,16,5,11,兆豐-三重,2024-05-13,7008
00927,群益半導體收益,10,0,10,兆豐-三重,2024-05-13,7008
1587,吉茂,15,5,10,兆豐-三重,2024-05-13,7008
2313,華通,10,0,10,兆豐-三重,2024-05-13,7008
3056,富華新,10,0,10,兆豐-三重,2024-05-13,7008
3260,威剛,16,6,10,兆豐-三重,2024-05-13,7008
8367,建新國際,10,0,10,兆豐-三重,2024-05-13,7008
0056,元大高股息,13,3,10,兆豐-三重,2024-05-13,7008
1101,台泥,12,3,9,兆豐-三重,2024-05-13,7008
00687B,國泰20年美債,9,0,9,兆豐-三重,2024-05-13,7008
00632R,元大台灣50反1,30,21,9,兆豐-三重,2024-05-13,7008
3356,奇偶,14,5,9,兆豐-三重,2024-05-13,7008
3546,宇峻,80,71,9,兆豐-三重,2024-05-13,7008
2495,普安,10,2,8,兆豐-三重,2024-05-13,7008
3013,晟銘電,10,2,8,兆豐-三重,2024-05-13,7008
3211,順達,8,0,8,兆豐-三重,2024-05-13,7008
00882,中信中國高股息,15,8,7,兆豐-三重,2024-05-13,7008
1609,大亞,14,7,7,兆豐-三重,2024-05-13,7008
2903,遠百,8,1,7,兆豐-三重,2024-05-13,7008
4967,十銓,29,22,7,兆豐-三重,2024-05-13,7008
6667,信紘科,7,0,7,兆豐-三重,2024-05-13,7008
3483,力致,7,1,6,兆豐-三重,2024-05-13,7008
1614,三洋電,6,0,6,兆豐-三重,2024-05-13,7008
2520,冠德,13,7,6,兆豐-三重,2024-05-13,7008
2890,永豐金,6,0,6,兆豐-三重,2024-05-13,7008
3046,建��,6,0,6,兆豐-三重,2024-05-13,7008
6126,信音,6,0,6,兆豐-三重,2024-05-13,7008
6139,亞翔,7,1,6,兆豐-三重,2024-05-13,7008
2603,長榮,32,27,5,兆豐-三重,2024-05-13,7008
2317,鴻海,7,2,5,兆豐-三重,2024-05-13,7008
00878,國泰永續高股息,5,0,5,兆豐-三重,2024-05-13,7008
1605,華新,101,0,101,兆豐-三重,2024-05-14,7008
00929,復華台灣科技優息,90,1,89,兆豐-三重,2024-05-14,7008
0056,元大高股息,92,3,89,兆豐-三重,2024-05-14,7008
1522,堤維西,72,32,40,兆豐-三重,2024-05-14,7008
3231,緯創,39,2,37,兆豐-三重,2024-05-14,7008
1524,耿鼎,31,0,31,兆豐-三重,2024-05-14,7008
00878,國泰永續高股息,35,7,28,兆豐-三重,2024-05-14,7008
1442,名軒,27,0,27,兆豐-三重,2024-05-14,7008
5410,國眾,342,315,27,兆豐-三重,2024-05-14,7008
00665L,富邦�琤肭磪囓�2,25,0,25,兆豐-三重,2024-05-14,7008
5531,鄉林,23,0,23,兆豐-三重,2024-05-14,7008
00715L,期街口布蘭特正2,20,0,20,兆豐-三重,2024-05-14,7008
1707,葡萄王,20,0,20,兆豐-三重,2024-05-14,7008
2353,宏��,33,14,19,兆豐-三重,2024-05-14,7008
2615,萬海,208,189,19,兆豐-三重,2024-05-14,7008
3363,上詮,22,4,18,兆豐-三重,2024-05-14,7008
2371,大同,43,25,18,兆豐-三重,2024-05-14,7008
2482,連宇,27,11,16,兆豐-三重,2024-05-14,7008
00679B,元大美債20年,15,0,15,兆豐-三重,2024-05-14,7008
3062,建漢,171,156,15,兆豐-三重,2024-05-14,7008
2317,鴻海,26,12,14,兆豐-三重,2024-05-14,7008
00937B,群益ESG投等債20,23,10,13,兆豐-三重,2024-05-14,7008
3211,順達,13,0,13,兆豐-三重,2024-05-14,7008
2606,裕民,14,2,12,兆豐-三重,2024-05-14,7008
3481,群創,22,10,12,兆豐-三重,2024-05-14,7008
9919,康那香,12,0,12,兆豐-三重,2024-05-14,7008
3390,旭軟,13,2,11,兆豐-三重,2024-05-14,7008
8299,群聯,10,0,10,兆豐-三重,2024-05-14,7008
2612,中航,10,0,10,兆豐-三重,2024-05-14,7008
2618,長榮航,20,10,10,兆豐-三重,2024-05-14,7008
3498,陽程,10,0,10,兆豐-三重,2024-05-14,7008
4162,智擎,10,0,10,兆豐-三重,2024-05-14,7008
6215,和椿,18,8,10,兆豐-三重,2024-05-14,7008
6282,康舒,10,0,10,兆豐-三重,2024-05-14,7008
8210,勤誠,10,0,10,兆豐-三重,2024-05-14,7008
2915,潤泰全,16,7,9,兆豐-三重,2024-05-14,7008
2355,敬鵬,9,1,8,兆豐-三重,2024-05-14,7008
6446,藥華藥,10,2,8,兆豐-三重,2024-05-14,7008
1108,幸福,7,0,7,兆豐-三重,2024-05-14,7008
2362,藍天,7,0,7,兆豐-三重,2024-05-14,7008
2852,第一保,143,136,7,兆豐-三重,2024-05-14,7008
1301,台塑,6,0,6,兆豐-三重,2024-05-14,7008
1409,新纖,6,0,6,兆豐-三重,2024-05-14,7008
1785,光洋科,6,0,6,兆豐-三重,2024-05-14,7008
2890,永豐金,6,0,6,兆豐-三重,2024-05-14,7008
3707,漢磊,6,0,6,兆豐-三重,2024-05-14,7008
5351,鈺創,7,1,6,兆豐-三重,2024-05-14,7008
6177,達麗,6,0,6,兆豐-三重,2024-05-14,7008
1229,聯華,5,0,5,兆豐-三重,2024-05-14,7008
1316,上曜,5,0,5,兆豐-三重,2024-05-14,7008
1314,中石化,262,27,235,兆豐-三重,2024-05-15,7008
2356,英業達,153,29,124,兆豐-三重,2024-05-15,7008
00929,復華台灣科技優息,118,35,83,兆豐-三重,2024-05-15,7008
00937B,群益ESG投等債20,77,11,66,兆豐-三重,2024-05-15,7008
00632R,元大台灣50反1,63,0,63,兆豐-三重,2024-05-15,7008
9958,世紀鋼,84,24,60,兆豐-三重,2024-05-15,7008
0056,元大高股息,66,21,45,兆豐-三重,2024-05-15,7008
2208,台船,38,8,30,兆豐-三重,2024-05-15,7008
00919,群益台灣精選高息,45,20,25,兆豐-三重,2024-05-15,7008
6125,廣運,63,45,18,兆豐-三重,2024-05-15,7008
4943,康控-KY,18,0,18,兆豐-三重,2024-05-15,7008
00939,統一台灣高息動能,17,0,17,兆豐-三重,2024-05-15,7008
6716,應廣,17,0,17,兆豐-三重,2024-05-15,7008
2009,第一銅,25,10,15,兆豐-三重,2024-05-15,7008
2406,國碩,15,0,15,兆豐-三重,2024-05-15,7008
2515,中工,15,0,15,兆豐-三重,2024-05-15,7008
9933,中鼎,15,0,15,兆豐-三重,2024-05-15,7008
2303,聯電,20,5,15,兆豐-三重,2024-05-15,7008
2323,中環,15,1,14,兆豐-三重,2024-05-15,7008
2618,長榮航,14,0,14,兆豐-三重,2024-05-15,7008
8906,花王,12,0,12,兆豐-三重,2024-05-15,7008
2374,佳能,26,15,11,兆豐-三重,2024-05-15,7008
2542,興富發,11,0,11,兆豐-三重,2024-05-15,7008
3021,鴻名,11,0,11,兆豐-三重,2024-05-15,7008
6177,達麗,11,0,11,兆豐-三重,2024-05-15,7008
6275,元山,11,0,11,兆豐-三重,2024-05-15,7008
00940,元大台灣價值高息,15,5,10,兆豐-三重,2024-05-15,7008
1609,大亞,13,3,10,兆豐-三重,2024-05-15,7008
1815,富喬,10,0,10,兆豐-三重,2024-05-15,7008
2495,普安,10,0,10,兆豐-三重,2024-05-15,7008
6206,飛捷,10,0,10,兆豐-三重,2024-05-15,7008
2371,大同,20,11,9,兆豐-三重,2024-05-15,7008
5371,中光電,14,5,9,兆豐-三重,2024-05-15,7008
3605,宏致,8,0,8,兆豐-三重,2024-05-15,7008
2603,長榮,13,5,8,兆豐-三重,2024-05-15,7008
2601,益航,7,0,7,兆豐-三重,2024-05-15,7008
2617,台航,17,10,7,兆豐-三重,2024-05-15,7008
3324,雙鴻,8,1,7,兆豐-三重,2024-05-15,7008
8403,盛弘,7,0,7,兆豐-三重,2024-05-15,7008
00878,國泰永續高股息,35,29,6,兆豐-三重,2024-05-15,7008
2486,一詮,12,6,6,兆豐-三重,2024-05-15,7008
2228,劍麟,6,0,6,兆豐-三重,2024-05-15,7008
5469,瀚宇博,6,0,6,兆豐-三重,2024-05-15,7008
6215,和椿,11,5,6,兆豐-三重,2024-05-15,7008
6248,沛波,6,0,6,兆豐-三重,2024-05-15,7008
00712,復華富時不動產,5,0,5,兆豐-三重,2024-05-15,7008
00687B,國泰20年美債,5,0,5,兆豐-三重,2024-05-15,7008
1504,東元,15,10,5,兆豐-三重,2024-05-15,7008
1524,耿鼎,16,11,5,兆豐-三重,2024-05-15,7008
2332,友訊,5,0,5,兆豐-三重,2024-05-15,7008
00632R,元大台灣50反1,169,0,169,兆豐-三重,2024-05-16,7008
00919,群益台灣精選高息,113,2,111,兆豐-三重,2024-05-16,7008
00679B,元大美債20年,51,9,42,兆豐-三重,2024-05-16,7008
4938,和碩,40,1,39,兆豐-三重,2024-05-16,7008
2903,遠百,46,10,36,兆豐-三重,2024-05-16,7008
5512,力麒,33,0,33,兆豐-三重,2024-05-16,7008
3231,緯創,63,31,32,兆豐-三重,2024-05-16,7008
00937B,群益ESG投等債20,32,0,32,兆豐-三重,2024-05-16,7008
2009,第一銅,67,38,29,兆豐-三重,2024-05-16,7008
2367,燿華,62,33,29,兆豐-三重,2024-05-16,7008
00878,國泰永續高股息,30,2,28,兆豐-三重,2024-05-16,7008
00940,元大台灣價值高息,23,0,23,兆豐-三重,2024-05-16,7008
2501,國建,22,0,22,兆豐-三重,2024-05-16,7008
1524,耿鼎,21,0,21,兆豐-三重,2024-05-16,7008
2380,虹光,20,0,20,兆豐-三重,2024-05-16,7008
2440,太空梭,20,0,20,兆豐-三重,2024-05-16,7008
2511,太子,20,0,20,兆豐-三重,2024-05-16,7008
3230,錦明,20,0,20,兆豐-三重,2024-05-16,7008
00637L,元大滬深300正2,19,0,19,兆豐-三重,2024-05-16,7008
2464,盟立,24,6,18,兆豐-三重,2024-05-16,7008
2615,萬海,16,1,15,兆豐-三重,2024-05-16,7008
2382,廣達,24,10,14,兆豐-三重,2024-05-16,7008
5392,能率,15,3,12,兆豐-三重,2024-05-16,7008
1301,台塑,11,0,11,兆豐-三重,2024-05-16,7008
1802,台玻,11,0,11,兆豐-三重,2024-05-16,7008
2534,宏盛,10,0,10,兆豐-三重,2024-05-16,7008
2888,新光金,10,0,10,兆豐-三重,2024-05-16,7008
5284,jpp-KY,10,0,10,兆豐-三重,2024-05-16,7008
6233,旺玖,10,0,10,兆豐-三重,2024-05-16,7008
8906,花王,10,0,10,兆豐-三重,2024-05-16,7008
9958,世紀鋼,25,15,10,兆豐-三重,2024-05-16,7008
2371,大同,16,6,10,兆豐-三重,2024-05-16,7008
2312,金寶,10,1,9,兆豐-三重,2024-05-16,7008
3234,光環,9,0,9,兆豐-三重,2024-05-16,7008
2365,昆盈,9,1,8,兆豐-三重,2024-05-16,7008
3033,威健,8,0,8,兆豐-三重,2024-05-16,7008
3305,昇貿,10,2,8,兆豐-三重,2024-05-16,7008
4943,康控-KY,8,0,8,兆豐-三重,2024-05-16,7008
00687B,國泰20年美債,7,0,7,兆豐-三重,2024-05-16,7008
8064,東捷,17,10,7,兆豐-三重,2024-05-16,7008
6219,富旺,7,0,7,兆豐-三重,2024-05-16,7008
00633L,富邦上証正2,6,0,6,兆豐-三重,2024-05-16,7008
1608,華榮,7,1,6,兆豐-三重,2024-05-16,7008
2465,麗臺,10,4,6,兆豐-三重,2024-05-16,7008
2504,國產,10,4,6,兆豐-三重,2024-05-16,7008
4909,新復興,6,0,6,兆豐-三重,2024-05-16,7008
2359,所羅門,42,37,5,兆豐-三重,2024-05-16,7008
1312,國喬,5,0,5,兆豐-三重,2024-05-16,7008
1587,吉茂,10,5,5,兆豐-三重,2024-05-16,7008
1903,士紙,5,0,5,兆豐-三重,2024-05-16,7008
00929,復華台灣科技優息,88,3,85,兆豐-三重,2024-05-17,7008
00937B,群益ESG投等債20,81,20,61,兆豐-三重,2024-05-17,7008
2610,華航,90,29,61,兆豐-三重,2024-05-17,7008
3060,銘異,59,11,48,兆豐-三重,2024-05-17,7008
2903,遠百,47,0,47,兆豐-三重,2024-05-17,7008
00919,群益台灣精選高息,39,0,39,兆豐-三重,2024-05-17,7008
2374,佳能,126,89,37,兆豐-三重,2024-05-17,7008
1528,恩德,36,0,36,兆豐-三重,2024-05-17,7008
6116,彩晶,30,0,30,兆豐-三重,2024-05-17,7008
3576,聯合再生,50,23,27,兆豐-三重,2024-05-17,7008
1449,佳和,24,0,24,兆豐-三重,2024-05-17,7008
00637L,元大滬深300正2,20,0,20,兆豐-三重,2024-05-17,7008
3530,晶相光,21,1,20,兆豐-三重,2024-05-17,7008
2867,三商壽,26,7,19,兆豐-三重,2024-05-17,7008
1612,宏泰,17,0,17,兆豐-三重,2024-05-17,7008
1815,富喬,38,21,17,兆豐-三重,2024-05-17,7008
2317,鴻海,17,2,15,兆豐-三重,2024-05-17,7008
00712,復華富時不動產,15,0,15,兆豐-三重,2024-05-17,7008
00940,元大台灣價值高息,18,4,14,兆豐-三重,2024-05-17,7008
1584,精剛,14,0,14,兆豐-三重,2024-05-17,7008
3663,鑫科,13,0,13,兆豐-三重,2024-05-17,7008
1309,台達化,12,0,12,兆豐-三重,2024-05-17,7008
3231,緯創,13,1,12,兆豐-三重,2024-05-17,7008
1529,樂事綠能,11,0,11,兆豐-三重,2024-05-17,7008
00891,中信關鍵半導體,10,0,10,兆豐-三重,2024-05-17,7008
1314,中石化,30,20,10,兆豐-三重,2024-05-17,7008
2243,宏旭-KY,10,0,10,兆豐-三重,2024-05-17,7008
2440,太空梭,10,0,10,兆豐-三重,2024-05-17,7008
2834,臺企銀,10,0,10,兆豐-三重,2024-05-17,7008
3162,精確,10,0,10,兆豐-三重,2024-05-17,7008
2609,陽明,19,10,9,兆豐-三重,2024-05-17,7008
2241,艾姆勒,40,31,9,兆豐-三重,2024-05-17,7008
2449,京元電子,9,0,9,兆豐-三重,2024-05-17,7008
2612,中航,9,0,9,兆豐-三重,2024-05-17,7008
4943,康控-KY,9,0,9,兆豐-三重,2024-05-17,7008
6770,力積電,9,0,9,兆豐-三重,2024-05-17,7008
2417,圓剛,9,1,8,兆豐-三重,2024-05-17,7008
2423,固緯,8,0,8,兆豐-三重,2024-05-17,7008
2504,國產,10,2,8,兆豐-三重,2024-05-17,7008
2606,裕民,8,0,8,兆豐-三重,2024-05-17,7008
3017,奇鋐,11,3,8,兆豐-三重,2024-05-17,7008
3706,神達,11,3,8,兆豐-三重,2024-05-17,7008
8936,國統,15,7,8,兆豐-三重,2024-05-17,7008
9904,寶成,8,0,8,兆豐-三重,2024-05-17,7008
6443,元晶,13,5,8,兆豐-三重,2024-05-17,7008
1325,恆大,7,0,7,兆豐-三重,2024-05-17,7008
1455,集盛,7,0,7,兆豐-三重,2024-05-17,7008
2408,南亞科,7,0,7,兆豐-三重,2024-05-17,7008
3694,海華,8,1,7,兆豐-三重,2024-05-17,7008
6605,帝寶,7,0,7,兆豐-三重,2024-05-17,7008
00885,富邦越南,210,0,210,兆豐-三重,2024-05-20,7008
2618,長榮航,279,73,206,兆豐-三重,2024-05-20,7008
00937B,群益ESG投等債20,90,0,90,兆豐-三重,2024-05-20,7008
00919,群益台灣精選高息,251,170,81,兆豐-三重,2024-05-20,7008
00940,元大台灣價值高息,100,34,66,兆豐-三重,2024-05-20,7008
2323,中環,51,1,50,兆豐-三重,2024-05-20,7008
1442,名軒,33,0,33,兆豐-三重,2024-05-20,7008
8403,盛弘,33,0,33,兆豐-三重,2024-05-20,7008
00933B,國泰10Y+金融債,32,0,32,兆豐-三重,2024-05-20,7008
1313,聯成,30,0,30,兆豐-三重,2024-05-20,7008
8071,能率網通,30,0,30,兆豐-三重,2024-05-20,7008
2027,大成鋼,63,34,29,兆豐-三重,2024-05-20,7008
8028,昇陽半導體,33,5,28,兆豐-三重,2024-05-20,7008
2243,宏旭-KY,37,10,27,兆豐-三重,2024-05-20,7008
2834,臺企銀,26,2,24,兆豐-三重,2024-05-20,7008
4906,正文,21,0,21,兆豐-三重,2024-05-20,7008
5410,國眾,132,111,21,兆豐-三重,2024-05-20,7008
5392,能率,34,16,18,兆豐-三重,2024-05-20,7008
3231,緯創,18,1,17,兆豐-三重,2024-05-20,7008
2867,三商壽,21,6,15,兆豐-三重,2024-05-20,7008
3324,雙鴻,14,0,14,兆豐-三重,2024-05-20,7008
2101,南港,19,6,13,兆豐-三重,2024-05-20,7008
00679B,元大美債20年,19,7,12,兆豐-三重,2024-05-20,7008
2881,富邦金,11,0,11,兆豐-三重,2024-05-20,7008
1453,大將,13,2,11,兆豐-三重,2024-05-20,7008
1815,富喬,13,2,11,兆豐-三重,2024-05-20,7008
2014,中鴻,13,2,11,兆豐-三重,2024-05-20,7008
3312,弘憶股,11,0,11,兆豐-三重,2024-05-20,7008
5519,隆大,26,15,11,兆豐-三重,2024-05-20,7008
2359,所羅門,35,25,10,兆豐-三重,2024-05-20,7008
1714,和桐,10,0,10,兆豐-三重,2024-05-20,7008
2442,新美齊,17,7,10,兆豐-三重,2024-05-20,7008
2606,裕民,10,0,10,兆豐-三重,2024-05-20,7008
2637,慧洋-KY,24,14,10,兆豐-三重,2024-05-20,7008
8033,雷虎,13,3,10,兆豐-三重,2024-05-20,7008
2460,建通,10,1,9,兆豐-三重,2024-05-20,7008
6215,和椿,17,8,9,兆豐-三重,2024-05-20,7008
1314,中石化,8,0,8,兆豐-三重,2024-05-20,7008
2329,華泰,11,3,8,兆豐-三重,2024-05-20,7008
3691,碩禾,10,2,8,兆豐-三重,2024-05-20,7008
6177,達麗,15,7,8,兆豐-三重,2024-05-20,7008
2330,台積電,9,2,7,兆豐-三重,2024-05-20,7008
2421,建準,7,0,7,兆豐-三重,2024-05-20,7008
3664,安瑞-KY,6,0,6,兆豐-三重,2024-05-20,7008
5009,榮剛,6,0,6,兆豐-三重,2024-05-20,7008
8936,國統,7,1,6,兆豐-三重,2024-05-20,7008
9945,潤泰新,8,2,6,兆豐-三重,2024-05-20,7008
00929,復華台灣科技優息,13,8,5,兆豐-三重,2024-05-20,7008
6269,台郡,5,0,5,兆豐-三重,2024-05-20,7008
1582,信錦,5,0,5,兆豐-三重,2024-05-20,7008
2618,長榮航,143,0,143,兆豐-三重,2024-05-21,7008
2323,中環,135,0,135,兆豐-三重,2024-05-21,7008
1314,中石化,113,0,113,兆豐-三重,2024-05-21,7008
2883,凱基金,62,0,62,兆豐-三重,2024-05-21,7008
2486,一詮,69,14,55,兆豐-三重,2024-05-21,7008
2915,潤泰全,41,0,41,兆豐-三重,2024-05-21,7008
00878,國泰永續高股息,38,0,38,兆豐-三重,2024-05-21,7008
2867,三商壽,34,0,34,兆豐-三重,2024-05-21,7008
00712,復華富時不動產,33,0,33,兆豐-三重,2024-05-21,7008
2014,中鴻,30,0,30,兆豐-三重,2024-05-21,7008
4533,協易機,43,15,28,兆豐-三重,2024-05-21,7008
1313,聯成,24,0,24,兆豐-三重,2024-05-21,7008
2367,燿華,81,62,19,兆豐-三重,2024-05-21,7008
00679B,元大美債20年,28,10,18,兆豐-三重,2024-05-21,7008
4943,康控-KY,18,0,18,兆豐-三重,2024-05-21,7008
2317,鴻海,17,0,17,兆豐-三重,2024-05-21,7008
6116,彩晶,16,0,16,兆豐-三重,2024-05-21,7008
2409,友達,12,0,12,兆豐-三重,2024-05-21,7008
0056,元大高股息,12,0,12,兆豐-三重,2024-05-21,7008
1612,宏泰,20,9,11,兆豐-三重,2024-05-21,7008
2316,楠梓電,11,0,11,兆豐-三重,2024-05-21,7008
2382,廣達,11,0,11,兆豐-三重,2024-05-21,7008
3481,群創,26,15,11,兆豐-三重,2024-05-21,7008
6177,達麗,11,0,11,兆豐-三重,2024-05-21,7008
1310,台苯,10,0,10,兆豐-三重,2024-05-21,7008
00915,凱基優選高股息30,10,0,10,兆豐-三重,2024-05-21,7008
1442,名軒,10,0,10,兆豐-三重,2024-05-21,7008
1528,恩德,10,0,10,兆豐-三重,2024-05-21,7008
2460,建通,10,0,10,兆豐-三重,2024-05-21,7008
2812,台中銀,10,0,10,兆豐-三重,2024-05-21,7008
2820,華票,10,0,10,兆豐-三重,2024-05-21,7008
3059,華晶科,10,0,10,兆豐-三重,2024-05-21,7008
3234,光環,10,0,10,兆豐-三重,2024-05-21,7008
3305,昇貿,10,0,10,兆豐-三重,2024-05-21,7008
3703,欣陸,10,0,10,兆豐-三重,2024-05-21,7008
4526,東台,10,0,10,兆豐-三重,2024-05-21,7008
4952,凌通,12,2,10,兆豐-三重,2024-05-21,7008
5381,合正,10,0,10,兆豐-三重,2024-05-21,7008
8403,盛弘,10,0,10,兆豐-三重,2024-05-21,7008
9933,中鼎,10,0,10,兆豐-三重,2024-05-21,7008
00929,復華台灣科技優息,9,0,9,兆豐-三重,2024-05-21,7008
1609,大亞,9,0,9,兆豐-三重,2024-05-21,7008
2515,中工,11,2,9,兆豐-三重,2024-05-21,7008
3033,威健,10,1,9,兆豐-三重,2024-05-21,7008
5426,振發,14,5,9,兆豐-三重,2024-05-21,7008
00937B,群益ESG投等債20,8,0,8,兆豐-三重,2024-05-21,7008
3483,力致,12,4,8,兆豐-三重,2024-05-21,7008
4167,松瑞藥,8,0,8,兆豐-三重,2024-05-21,7008
6609,瀧澤科,8,0,8,兆豐-三重,2024-05-21,7008
2421,建準,8,1,7,兆豐-三重,2024-05-21,7008
2618,長榮航,146,6,140,兆豐-三重,2024-05-22,7008
0056,元大高股息,131,7,124,兆豐-三重,2024-05-22,7008
00676R,富邦臺灣加權反1,100,0,100,兆豐-三重,2024-05-22,7008
4533,協易機,64,10,54,兆豐-三重,2024-05-22,7008
6116,彩晶,46,6,40,兆豐-三重,2024-05-22,7008
2367,燿華,152,116,36,兆豐-三重,2024-05-22,7008
00632R,元大台灣50反1,30,0,30,兆豐-三重,2024-05-22,7008
00937B,群益ESG投等債20,30,0,30,兆豐-三重,2024-05-22,7008
2323,中環,30,0,30,兆豐-三重,2024-05-22,7008
3059,華晶科,35,5,30,兆豐-三重,2024-05-22,7008
2014,中鴻,30,10,20,兆豐-三重,2024-05-22,7008
2236,百達-KY,20,0,20,兆豐-三重,2024-05-22,7008
6190,萬泰科,20,0,20,兆豐-三重,2024-05-22,7008
1409,新纖,18,0,18,兆豐-三重,2024-05-22,7008
4938,和碩,21,3,18,兆豐-三重,2024-05-22,7008
2206,三陽工業,17,1,16,兆豐-三重,2024-05-22,7008
3706,神達,33,17,16,兆豐-三重,2024-05-22,7008
5392,能率,34,19,15,兆豐-三重,2024-05-22,7008
6275,元山,15,0,15,兆豐-三重,2024-05-22,7008
2612,中航,14,0,14,兆豐-三重,2024-05-22,7008
1108,幸福,13,0,13,兆豐-三重,2024-05-22,7008
2027,大成鋼,13,0,13,兆豐-三重,2024-05-22,7008
3490,單井,13,0,13,兆豐-三重,2024-05-22,7008
4526,東台,13,0,13,兆豐-三重,2024-05-22,7008
6215,和椿,14,2,12,兆豐-三重,2024-05-22,7008
4943,康控-KY,12,0,12,兆豐-三重,2024-05-22,7008
8110,華東,17,5,12,兆豐-三重,2024-05-22,7008
4543,萬在,24,13,11,兆豐-三重,2024-05-22,7008
6188,廣明,41,31,10,兆豐-三重,2024-05-22,7008
2820,華票,10,0,10,兆豐-三重,2024-05-22,7008
3047,訊舟,19,9,10,兆豐-三重,2024-05-22,7008
3060,銘異,22,12,10,兆豐-三重,2024-05-22,7008
5515,建國,10,0,10,兆豐-三重,2024-05-22,7008
9955,佳龍,16,6,10,兆豐-三重,2024-05-22,7008
00940,元大台灣價值高息,22,13,9,兆豐-三重,2024-05-22,7008
2002,中鋼,9,0,9,兆豐-三重,2024-05-22,7008
5202,力新,9,0,9,兆豐-三重,2024-05-22,7008
6125,廣運,25,17,8,兆豐-三重,2024-05-22,7008
1303,南亞,13,5,8,兆豐-三重,2024-05-22,7008
2243,宏旭-KY,18,10,8,兆豐-三重,2024-05-22,7008
2313,華通,8,0,8,兆豐-三重,2024-05-22,7008
3013,晟銘電,48,40,8,兆豐-三重,2024-05-22,7008
3346,麗清,10,2,8,兆豐-三重,2024-05-22,7008
3645,達邁,10,2,8,兆豐-三重,2024-05-22,7008
8064,東捷,9,1,8,兆豐-三重,2024-05-22,7008
2347,聯強,8,0,8,兆豐-三重,2024-05-22,7008
3036,文曄,7,0,7,兆豐-三重,2024-05-22,7008
1582,信錦,7,0,7,兆豐-三重,2024-05-22,7008
1605,華新,8,1,7,兆豐-三重,2024-05-22,7008
1522,堤維西,6,0,6,兆豐-三重,2024-05-22,7008
2618,長榮航,136,28,108,兆豐-三重,2024-05-23,7008
00676R,富邦臺灣加權反1,100,0,100,兆豐-三重,2024-05-23,7008
2353,宏��,156,81,75,兆豐-三重,2024-05-23,7008
8093,保銳,65,0,65,兆豐-三重,2024-05-23,7008
00665L,富邦�琤肭磪囓�2,60,0,60,兆豐-三重,2024-05-23,7008
00937B,群益ESG投等債20,65,6,59,兆豐-三重,2024-05-23,7008
2883,凱基金,52,0,52,兆豐-三重,2024-05-23,7008
2027,大成鋼,56,5,51,兆豐-三重,2024-05-23,7008
2009,第一銅,48,2,46,兆豐-三重,2024-05-23,7008
2464,盟立,82,41,41,兆豐-三重,2024-05-23,7008
1313,聯成,37,1,36,兆豐-三重,2024-05-23,7008
00632R,元大台灣50反1,35,0,35,兆豐-三重,2024-05-23,7008
1314,中石化,55,20,35,兆豐-三重,2024-05-23,7008
00712,復華富時不動產,30,0,30,兆豐-三重,2024-05-23,7008
2101,南港,29,0,29,兆豐-三重,2024-05-23,7008
2409,友達,22,0,22,兆豐-三重,2024-05-23,7008
00940,元大台灣價值高息,22,0,22,兆豐-三重,2024-05-23,7008
3535,晶彩科,20,0,20,兆豐-三重,2024-05-23,7008
5531,鄉林,20,0,20,兆豐-三重,2024-05-23,7008
00715L,期街口布蘭特正2,19,0,19,兆豐-三重,2024-05-23,7008
6161,捷波,19,0,19,兆豐-三重,2024-05-23,7008
1417,嘉裕,17,0,17,兆豐-三重,2024-05-23,7008
6188,廣明,124,108,16,兆豐-三重,2024-05-23,7008
2888,新光金,27,12,15,兆豐-三重,2024-05-23,7008
2882,國泰金,16,1,15,兆豐-三重,2024-05-23,7008
2515,中工,17,3,14,兆豐-三重,2024-05-23,7008
2374,佳能,15,1,14,兆豐-三重,2024-05-23,7008
1522,堤維西,16,2,14,兆豐-三重,2024-05-23,7008
2356,英業達,15,1,14,兆豐-三重,2024-05-23,7008
6770,力積電,21,7,14,兆豐-三重,2024-05-23,7008
2615,萬海,13,0,13,兆豐-三重,2024-05-23,7008
8054,安國,13,0,13,兆豐-三重,2024-05-23,7008
2359,所羅門,25,12,13,兆豐-三重,2024-05-23,7008
2371,大同,45,33,12,兆豐-三重,2024-05-23,7008
3231,緯創,16,4,12,兆豐-三重,2024-05-23,7008
9105,泰金寶-DR,12,0,12,兆豐-三重,2024-05-23,7008
1310,台苯,11,0,11,兆豐-三重,2024-05-23,7008
2392,正崴,24,13,11,兆豐-三重,2024-05-23,7008
2453,凌群,16,5,11,兆豐-三重,2024-05-23,7008
3376,新日興,16,5,11,兆豐-三重,2024-05-23,7008
2331,精英,10,0,10,兆豐-三重,2024-05-23,7008
2743,山富,10,0,10,兆豐-三重,2024-05-23,7008
3276,宇環,10,0,10,兆豐-三重,2024-05-23,7008
3580,友威科,10,0,10,兆豐-三重,2024-05-23,7008
6209,今國光,12,2,10,兆豐-三重,2024-05-23,7008
8034,榮群,10,0,10,兆豐-三重,2024-05-23,7008
8150,南茂,10,0,10,兆豐-三重,2024-05-23,7008
2324,仁寶,46,37,9,兆豐-三重,2024-05-23,7008
2745,五福,10,1,9,兆豐-三重,2024-05-23,7008
2890,永豐金,10,1,9,兆豐-三重,2024-05-23,7008
00940,元大台灣價值高息,85,0,85,兆豐-三重,2024-05-24,7008
1417,嘉裕,63,0,63,兆豐-三重,2024-05-24,7008
2891,中信金,56,0,56,兆豐-三重,2024-05-24,7008
00919,群益台灣精選高息,155,100,55,兆豐-三重,2024-05-24,7008
6126,信音,47,4,43,兆豐-三重,2024-05-24,7008
00937B,群益ESG投等債20,36,0,36,兆豐-三重,2024-05-24,7008
6770,力積電,36,0,36,兆豐-三重,2024-05-24,7008
2485,兆赫,30,0,30,兆豐-三重,2024-05-24,7008
2892,第一金,32,2,30,兆豐-三重,2024-05-24,7008
2392,正崴,56,33,23,兆豐-三重,2024-05-24,7008
6275,元山,21,0,21,兆豐-三重,2024-05-24,7008
1444,力麗,20,0,20,兆豐-三重,2024-05-24,7008
2460,建通,20,0,20,兆豐-三重,2024-05-24,7008
2883,凱基金,20,0,20,兆豐-三重,2024-05-24,7008
4942,嘉彰,22,2,20,兆豐-三重,2024-05-24,7008
6161,捷波,30,10,20,兆豐-三重,2024-05-24,7008
8213,志超,20,0,20,兆豐-三重,2024-05-24,7008
2367,燿華,28,9,19,兆豐-三重,2024-05-24,7008
00712,復華富時不動產,31,13,18,兆豐-三重,2024-05-24,7008
2009,第一銅,28,12,16,兆豐-三重,2024-05-24,7008
1229,聯華,15,0,15,兆豐-三重,2024-05-24,7008
2834,臺企銀,15,0,15,兆豐-三重,2024-05-24,7008
5340,建榮,17,3,14,兆豐-三重,2024-05-24,7008
2313,華通,13,0,13,兆豐-三重,2024-05-24,7008
6706,惠特,13,0,13,兆豐-三重,2024-05-24,7008
2365,昆盈,159,147,12,兆豐-三重,2024-05-24,7008
1608,華榮,14,2,12,兆豐-三重,2024-05-24,7008
2324,仁寶,37,26,11,兆豐-三重,2024-05-24,7008
8027,鈦昇,13,2,11,兆豐-三重,2024-05-24,7008
00878,國泰永續高股息,11,1,10,兆豐-三重,2024-05-24,7008
2002,中鋼,10,0,10,兆豐-三重,2024-05-24,7008
2014,中鴻,10,0,10,兆豐-三重,2024-05-24,7008
2486,一詮,86,76,10,兆豐-三重,2024-05-24,7008
2618,長榮航,11,1,10,兆豐-三重,2024-05-24,7008
6291,沛亨,10,0,10,兆豐-三重,2024-05-24,7008
2027,大成鋼,9,0,9,兆豐-三重,2024-05-24,7008
4976,佳凌,10,1,9,兆豐-三重,2024-05-24,7008
5392,能率,9,0,9,兆豐-三重,2024-05-24,7008
3015,全漢,8,0,8,兆豐-三重,2024-05-24,7008
2236,百達-KY,7,0,7,兆豐-三重,2024-05-24,7008
2616,山隆,7,0,7,兆豐-三重,2024-05-24,7008
6742,澤米,7,0,7,兆豐-三重,2024-05-24,7008
1536,和大,7,0,7,兆豐-三重,2024-05-24,7008
2880,華南金,6,0,6,兆豐-三重,2024-05-24,7008
3042,晶技,6,0,6,兆豐-三重,2024-05-24,7008
6120,達運,6,0,6,兆豐-三重,2024-05-24,7008
6234,高僑,6,0,6,兆豐-三重,2024-05-24,7008
8028,昇陽半導體,15,9,6,兆豐-三重,2024-05-24,7008
6188,廣明,14,9,5,兆豐-三重,2024-05-24,7008
00632R,元大台灣50反1,5,0,5,兆豐-三重,2024-05-24,7008
9105,泰金寶-DR,308,174,134,兆豐-三重,2024-05-27,7008
3047,訊舟,75,5,70,兆豐-三重,2024-05-27,7008
00937B,群益ESG投等債20,45,0,45,兆豐-三重,2024-05-27,7008
1110,東泥,30,0,30,兆豐-三重,2024-05-27,7008
00632R,元大台灣50反1,26,0,26,兆豐-三重,2024-05-27,7008
2618,長榮航,28,3,25,兆豐-三重,2024-05-27,7008
1785,光洋科,22,0,22,兆豐-三重,2024-05-27,7008
2236,百達-KY,22,0,22,兆豐-三重,2024-05-27,7008
00679B,元大美債20年,21,0,21,兆豐-三重,2024-05-27,7008
3290,東浦,20,0,20,兆豐-三重,2024-05-27,7008
2329,華泰,21,2,19,兆豐-三重,2024-05-27,7008
2369,菱生,21,3,18,兆豐-三重,2024-05-27,7008
00712,復華富時不動產,17,0,17,兆豐-三重,2024-05-27,7008
5498,凱崴,17,0,17,兆豐-三重,2024-05-27,7008
2301,光寶科,35,19,16,兆豐-三重,2024-05-27,7008
1417,嘉裕,15,0,15,兆豐-三重,2024-05-27,7008
2867,三商壽,15,0,15,兆豐-三重,2024-05-27,7008
3234,光環,12,0,12,兆豐-三重,2024-05-27,7008
3055,蔚華科,22,10,12,兆豐-三重,2024-05-27,7008
1316,上曜,11,0,11,兆豐-三重,2024-05-27,7008
8039,台虹,11,0,11,兆豐-三重,2024-05-27,7008
8110,華東,11,0,11,兆豐-三重,2024-05-27,7008
00919,群益台灣精選高息,87,76,11,兆豐-三重,2024-05-27,7008
1229,聯華,10,0,10,兆豐-三重,2024-05-27,7008
1504,東元,10,0,10,兆豐-三重,2024-05-27,7008
1802,台玻,10,0,10,兆豐-三重,2024-05-27,7008
2390,云辰,10,0,10,兆豐-三重,2024-05-27,7008
2515,中工,10,0,10,兆豐-三重,2024-05-27,7008
2880,華南金,11,1,10,兆豐-三重,2024-05-27,7008
3594,磐儀,10,0,10,兆豐-三重,2024-05-27,7008
6117,迎廣,23,13,10,兆豐-三重,2024-05-27,7008
6829,千附精密,10,0,10,兆豐-三重,2024-05-27,7008
8271,宇瞻,10,0,10,兆豐-三重,2024-05-27,7008
9958,世紀鋼,16,8,8,兆豐-三重,2024-05-27,7008
2401,凌陽,24,16,8,兆豐-三重,2024-05-27,7008
2002,中鋼,9,1,8,兆豐-三重,2024-05-27,7008
6125,廣運,13,5,8,兆豐-三重,2024-05-27,7008
2324,仁寶,23,16,7,兆豐-三重,2024-05-27,7008
3062,建漢,7,0,7,兆豐-三重,2024-05-27,7008
3266,昇陽,7,0,7,兆豐-三重,2024-05-27,7008
1103,嘉泥,6,0,6,兆豐-三重,2024-05-27,7008
1608,華榮,6,0,6,兆豐-三重,2024-05-27,7008
2801,彰銀,6,0,6,兆豐-三重,2024-05-27,7008
3013,晟銘電,10,4,6,兆豐-三重,2024-05-27,7008
3163,波若威,7,1,6,兆豐-三重,2024-05-27,7008
3499,環天科,6,0,6,兆豐-三重,2024-05-27,7008
6719,力智,6,0,6,兆豐-三重,2024-05-27,7008
6189,豐藝,8,2,6,兆豐-三重,2024-05-27,7008
5392,能率,5,0,5,兆豐-三重,2024-05-27,7008
00688L,國泰20年美債正2,5,0,5,兆豐-三重,2024-05-27,7008
00919,群益台灣精選高息,151,3,148,兆豐-三重,2024-05-28,7008
3540,曜越,424,390,34,兆豐-三重,2024-05-28,7008
00937B,群益ESG投等債20,34,2,32,兆豐-三重,2024-05-28,7008
2537,聯上發,30,0,30,兆豐-三重,2024-05-28,7008
00650L,復華香港正2,20,0,20,兆豐-三重,2024-05-28,7008
4167,松瑞藥,20,0,20,兆豐-三重,2024-05-28,7008
6016,康和證,20,0,20,兆豐-三重,2024-05-28,7008
6275,元山,25,5,20,兆豐-三重,2024-05-28,7008
00637L,元大滬深300正2,19,0,19,兆豐-三重,2024-05-28,7008
006208,富邦台50,18,0,18,兆豐-三重,2024-05-28,7008
8110,華東,20,2,18,兆豐-三重,2024-05-28,7008
2486,一詮,29,12,17,兆豐-三重,2024-05-28,7008
2891,中信金,17,0,17,兆豐-三重,2024-05-28,7008
5425,台半,31,15,16,兆豐-三重,2024-05-28,7008
2243,宏旭-KY,23,8,15,兆豐-三重,2024-05-28,7008
1815,富喬,41,26,15,兆豐-三重,2024-05-28,7008
2313,華通,15,0,15,兆豐-三重,2024-05-28,7008
2363,矽統,76,62,14,兆豐-三重,2024-05-28,7008
2454,聯發科,17,3,14,兆豐-三重,2024-05-28,7008
4952,凌通,33,19,14,兆豐-三重,2024-05-28,7008
00632R,元大台灣50反1,22,9,13,兆豐-三重,2024-05-28,7008
2382,廣達,16,3,13,兆豐-三重,2024-05-28,7008
9105,泰金寶-DR,17,5,12,兆豐-三重,2024-05-28,7008
2354,鴻準,73,62,11,兆豐-三重,2024-05-28,7008
2460,建通,11,0,11,兆豐-三重,2024-05-28,7008
2845,遠東銀,11,0,11,兆豐-三重,2024-05-28,7008
3035,智原,15,4,11,兆豐-三重,2024-05-28,7008
00877,復華中國5G,10,0,10,兆豐-三重,2024-05-28,7008
2338,光罩,10,0,10,兆豐-三重,2024-05-28,7008
2501,國建,10,0,10,兆豐-三重,2024-05-28,7008
3652,精聯,10,0,10,兆豐-三重,2024-05-28,7008
8147,正淩,15,5,10,兆豐-三重,2024-05-28,7008
2374,佳能,11,2,9,兆豐-三重,2024-05-28,7008
6770,力積電,15,6,9,兆豐-三重,2024-05-28,7008
00946,群益科技高息成長,8,0,8,兆豐-三重,2024-05-28,7008
1417,嘉裕,8,0,8,兆豐-三重,2024-05-28,7008
2014,中鴻,8,0,8,兆豐-三重,2024-05-28,7008
3047,訊舟,13,5,8,兆豐-三重,2024-05-28,7008
5203,訊連,8,0,8,兆豐-三重,2024-05-28,7008
6233,旺玖,8,0,8,兆豐-三重,2024-05-28,7008
6290,良維,8,0,8,兆豐-三重,2024-05-28,7008
2027,大成鋼,7,0,7,兆豐-三重,2024-05-28,7008
2641,正德,173,166,7,兆豐-三重,2024-05-28,7008
5512,力麒,11,4,7,兆豐-三重,2024-05-28,7008
3234,光環,8,2,6,兆豐-三重,2024-05-28,7008
00679B,元大美債20年,6,0,6,兆豐-三重,2024-05-28,7008
00633L,富邦上証正2,6,0,6,兆豐-三重,2024-05-28,7008
2330,台積電,7,1,6,兆豐-三重,2024-05-28,7008
2353,宏��,24,19,5,兆豐-三重,2024-05-28,7008
1409,新纖,5,0,5,兆豐-三重,2024-05-28,7008
00937B,群益ESG投等債20,127,0,127,兆豐-三重,2024-05-29,7008
00752,中信中國50,120,0,120,兆豐-三重,2024-05-29,7008
00946,群益科技高息成長,103,0,103,兆豐-三重,2024-05-29,7008
2883,凱基金,88,0,88,兆豐-三重,2024-05-29,7008
2618,長榮航,65,7,58,兆豐-三重,2024-05-29,7008
2328,廣宇,62,10,52,兆豐-三重,2024-05-29,7008
2363,矽統,52,1,51,兆豐-三重,2024-05-29,7008
2610,華航,45,4,41,兆豐-三重,2024-05-29,7008
3380,明泰,45,6,39,兆豐-三重,2024-05-29,7008
2353,宏��,33,3,30,兆豐-三重,2024-05-29,7008
5469,瀚宇博,32,2,30,兆豐-三重,2024-05-29,7008
00712,復華富時不動產,27,0,27,兆豐-三重,2024-05-29,7008
3710,連展投控,26,0,26,兆豐-三重,2024-05-29,7008
1417,嘉裕,25,0,25,兆豐-三重,2024-05-29,7008
2888,新光金,25,0,25,兆豐-三重,2024-05-29,7008
9907,統一實,25,0,25,兆豐-三重,2024-05-29,7008
3673,TPK-KY,20,0,20,兆豐-三重,2024-05-29,7008
4906,正文,21,1,20,兆豐-三重,2024-05-29,7008
8085,福華,20,0,20,兆豐-三重,2024-05-29,7008
00878,國泰永續高股息,30,10,20,兆豐-三重,2024-05-29,7008
3047,訊舟,32,13,19,兆豐-三重,2024-05-29,7008
6160,欣技,20,1,19,兆豐-三重,2024-05-29,7008
3035,智原,19,2,17,兆豐-三重,2024-05-29,7008
2401,凌陽,22,5,17,兆豐-三重,2024-05-29,7008
2404,漢唐,17,0,17,兆豐-三重,2024-05-29,7008
2596,綠意,132,115,17,兆豐-三重,2024-05-29,7008
1609,大亞,16,0,16,兆豐-三重,2024-05-29,7008
1110,東泥,15,0,15,兆豐-三重,2024-05-29,7008
2301,光寶科,25,10,15,兆豐-三重,2024-05-29,7008
00679B,元大美債20年,13,0,13,兆豐-三重,2024-05-29,7008
6147,頎邦,13,0,13,兆豐-三重,2024-05-29,7008
2886,兆豐金,12,0,12,兆豐-三重,2024-05-29,7008
1524,耿鼎,18,6,12,兆豐-三重,2024-05-29,7008
1710,東聯,12,0,12,兆豐-三重,2024-05-29,7008
2002,中鋼,12,0,12,兆豐-三重,2024-05-29,7008
9105,泰金寶-DR,12,0,12,兆豐-三重,2024-05-29,7008
2603,長榮,23,12,11,兆豐-三重,2024-05-29,7008
2332,友訊,11,0,11,兆豐-三重,2024-05-29,7008
3006,晶豪科,17,6,11,兆豐-三重,2024-05-29,7008
8110,華東,11,0,11,兆豐-三重,2024-05-29,7008
3231,緯創,213,202,11,兆豐-三重,2024-05-29,7008
1310,台苯,10,0,10,兆豐-三重,2024-05-29,7008
1476,儒鴻,10,0,10,兆豐-三重,2024-05-29,7008
2634,漢翔,10,0,10,兆豐-三重,2024-05-29,7008
3498,陽程,10,0,10,兆豐-三重,2024-05-29,7008
3535,晶彩科,15,5,10,兆豐-三重,2024-05-29,7008
5272,笙科,10,0,10,兆豐-三重,2024-05-29,7008
6167,久正,10,0,10,兆豐-三重,2024-05-29,7008
8048,德勝,10,0,10,兆豐-三重,2024-05-29,7008
2023,燁輝,9,0,9,兆豐-三重,2024-05-29,7008
00706L,期元大S＆P日圓正2,150,0,150,兆豐-三重,2024-05-30,7008
00632R,元大台灣50反1,135,0,135,兆豐-三重,2024-05-30,7008
00937B,群益ESG投等債20,93,0,93,兆豐-三重,2024-05-30,7008
1314,中石化,87,0,87,兆豐-三重,2024-05-30,7008
1815,富喬,127,69,58,兆豐-三重,2024-05-30,7008
00665L,富邦�琤肭磪囓�2,53,0,53,兆豐-三重,2024-05-30,7008
00915,凱基優選高股息30,39,0,39,兆豐-三重,2024-05-30,7008
2537,聯上發,45,8,37,兆豐-三重,2024-05-30,7008
3313,斐成,38,1,37,兆豐-三重,2024-05-30,7008
3540,曜越,56,19,37,兆豐-三重,2024-05-30,7008
2605,新興,85,49,36,兆豐-三重,2024-05-30,7008
00919,群益台灣精選高息,216,183,33,兆豐-三重,2024-05-30,7008
4167,松瑞藥,30,0,30,兆豐-三重,2024-05-30,7008
2489,瑞軒,37,8,29,兆豐-三重,2024-05-30,7008
2331,精英,37,8,29,兆豐-三重,2024-05-30,7008
2382,廣達,26,1,25,兆豐-三重,2024-05-30,7008
2014,中鴻,25,0,25,兆豐-三重,2024-05-30,7008
2613,中櫃,33,9,24,兆豐-三重,2024-05-30,7008
6209,今國光,47,24,23,兆豐-三重,2024-05-30,7008
3481,群創,24,2,22,兆豐-三重,2024-05-30,7008
2618,長榮航,43,22,21,兆豐-三重,2024-05-30,7008
2353,宏��,31,11,20,兆豐-三重,2024-05-30,7008
2363,矽統,26,6,20,兆豐-三重,2024-05-30,7008
9105,泰金寶-DR,20,0,20,兆豐-三重,2024-05-30,7008
9907,統一實,20,0,20,兆豐-三重,2024-05-30,7008
2453,凌群,20,2,18,兆豐-三重,2024-05-30,7008
8213,志超,20,2,18,兆豐-三重,2024-05-30,7008
1303,南亞,16,0,16,兆豐-三重,2024-05-30,7008
5498,凱崴,16,0,16,兆豐-三重,2024-05-30,7008
6290,良維,23,7,16,兆豐-三重,2024-05-30,7008
00712,復華富時不動產,15,0,15,兆豐-三重,2024-05-30,7008
6275,元山,15,0,15,兆豐-三重,2024-05-30,7008
6116,彩晶,14,0,14,兆豐-三重,2024-05-30,7008
2027,大成鋼,16,2,14,兆豐-三重,2024-05-30,7008
2317,鴻海,20,6,14,兆豐-三重,2024-05-30,7008
2330,台積電,15,1,14,兆豐-三重,2024-05-30,7008
3580,友威科,13,0,13,兆豐-三重,2024-05-30,7008
6706,惠特,19,7,12,兆豐-三重,2024-05-30,7008
8054,安國,48,36,12,兆豐-三重,2024-05-30,7008
2891,中信金,12,1,11,兆豐-三重,2024-05-30,7008
2352,佳世達,11,0,11,兆豐-三重,2024-05-30,7008
6243,迅杰,11,0,11,兆豐-三重,2024-05-30,7008
3714,富采,10,0,10,兆豐-三重,2024-05-30,7008
00882,中信中國高股息,10,0,10,兆豐-三重,2024-05-30,7008
00715L,期街口布蘭特正2,10,0,10,兆豐-三重,2024-05-30,7008
1444,力麗,10,0,10,兆豐-三重,2024-05-30,7008
2390,云辰,10,0,10,兆豐-三重,2024-05-30,7008
3265,台星科,10,0,10,兆豐-三重,2024-05-30,7008
4726,永昕,10,0,10,兆豐-三重,2024-05-30,7008
2888,新光金,20,10,10,兆豐-三重,2024-05-30,7008
00919,群益台灣精選高息,389,175,214,兆豐-三重,2024-05-31,7008
3312,弘憶股,240,28,212,兆豐-三重,2024-05-31,7008
2609,陽明,118,65,53,兆豐-三重,2024-05-31,7008
3231,緯創,82,32,50,兆豐-三重,2024-05-31,7008
2382,廣達,30,2,28,兆豐-三重,2024-05-31,7008
2883,凱基金,25,0,25,兆豐-三重,2024-05-31,7008
2363,矽統,21,0,21,兆豐-三重,2024-05-31,7008
00852L,國泰美國道瓊正2,20,0,20,兆豐-三重,2024-05-31,7008
1227,佳格,20,0,20,兆豐-三重,2024-05-31,7008
1110,東泥,20,0,20,兆豐-三重,2024-05-31,7008
1473,台南,20,0,20,兆豐-三重,2024-05-31,7008
2106,建大,33,13,20,兆豐-三重,2024-05-31,7008
2390,云辰,20,0,20,兆豐-三重,2024-05-31,7008
6435,大中,20,0,20,兆豐-三重,2024-05-31,7008
3380,明泰,18,0,18,兆豐-三重,2024-05-31,7008
2425,承啟,21,4,17,兆豐-三重,2024-05-31,7008
3037,欣興,18,3,15,兆豐-三重,2024-05-31,7008
00946,群益科技高息成長,15,0,15,兆豐-三重,2024-05-31,7008
2344,華邦電,20,5,15,兆豐-三重,2024-05-31,7008
8210,勤誠,15,0,15,兆豐-三重,2024-05-31,7008
00939,統一台灣高息動能,14,0,14,兆豐-三重,2024-05-31,7008
00923,群益台ESG低碳50,13,0,13,兆豐-三重,2024-05-31,7008
2317,鴻海,26,13,13,兆豐-三重,2024-05-31,7008
00929,復華台灣科技優息,12,0,12,兆豐-三重,2024-05-31,7008
8028,昇陽半導體,13,1,12,兆豐-三重,2024-05-31,7008
8358,金居,12,0,12,兆豐-三重,2024-05-31,7008
1440,南紡,11,0,11,兆豐-三重,2024-05-31,7008
2331,精英,11,0,11,兆豐-三重,2024-05-31,7008
3062,建漢,11,0,11,兆豐-三重,2024-05-31,7008
1310,台苯,10,0,10,兆豐-三重,2024-05-31,7008
1608,華榮,10,0,10,兆豐-三重,2024-05-31,7008
2453,凌群,10,0,10,兆豐-三重,2024-05-31,7008
6215,和椿,12,2,10,兆豐-三重,2024-05-31,7008
4979,華星光,10,1,9,兆豐-三重,2024-05-31,7008
2891,中信金,11,2,9,兆豐-三重,2024-05-31,7008
2615,萬海,20,11,9,兆豐-三重,2024-05-31,7008
3059,華晶科,15,6,9,兆豐-三重,2024-05-31,7008
2313,華通,10,2,8,兆豐-三重,2024-05-31,7008
2402,毅嘉,8,0,8,兆豐-三重,2024-05-31,7008
2427,三商電,11,3,8,兆豐-三重,2024-05-31,7008
2916,滿心,8,0,8,兆豐-三重,2024-05-31,7008
5009,榮剛,8,0,8,兆豐-三重,2024-05-31,7008
8234,新漢,8,0,8,兆豐-三重,2024-05-31,7008
2356,英業達,10,3,7,兆豐-三重,2024-05-31,7008
4513,福裕,15,8,7,兆豐-三重,2024-05-31,7008
6505,台塑化,7,0,7,兆豐-三重,2024-05-31,7008
8040,九暘,7,0,7,兆豐-三重,2024-05-31,7008
8070,長華*,10,3,7,兆豐-三重,2024-05-31,7008
6207,雷科,7,0,7,兆豐-三重,2024-05-31,7008
00937B,群益ESG投等債20,6,0,6,兆豐-三重,2024-05-31,7008
2618,長榮航,171,5,166,兆豐-三重,2024-06-03,7008
2106,建大,60,1,59,兆豐-三重,2024-06-03,7008
0056,元大高股息,92,42,50,兆豐-三重,2024-06-03,7008
8085,福華,40,0,40,兆豐-三重,2024-06-03,7008
00687B,國泰20年美債,30,4,26,兆豐-三重,2024-06-03,7008
6124,業強,260,235,25,兆豐-三重,2024-06-03,7008
3035,智原,21,1,20,兆豐-三重,2024-06-03,7008
2354,鴻準,43,28,15,兆豐-三重,2024-06-03,7008
2605,新興,39,24,15,兆豐-三重,2024-06-03,7008
1303,南亞,16,3,13,兆豐-三重,2024-06-03,7008
8070,長華*,22,10,12,兆豐-三重,2024-06-03,7008
2382,廣達,27,15,12,兆豐-三重,2024-06-03,7008
3231,緯創,12,1,11,兆豐-三重,2024-06-03,7008
1717,長興,11,0,11,兆豐-三重,2024-06-03,7008
6275,元山,12,1,11,兆豐-三重,2024-06-03,7008
00751B,元大AAA至A公司債,10,0,10,兆豐-三重,2024-06-03,7008
1795,美時,10,0,10,兆豐-三重,2024-06-03,7008
2312,金寶,10,0,10,兆豐-三重,2024-06-03,7008
3702,大聯大,10,0,10,兆豐-三重,2024-06-03,7008
4526,東台,10,0,10,兆豐-三重,2024-06-03,7008
5410,國眾,82,72,10,兆豐-三重,2024-06-03,7008
2867,三商壽,10,0,10,兆豐-三重,2024-06-03,7008
2453,凌群,9,0,9,兆豐-三重,2024-06-03,7008
5347,世界,10,1,9,兆豐-三重,2024-06-03,7008
5498,凱崴,10,1,9,兆豐-三重,2024-06-03,7008
8358,金居,10,1,9,兆豐-三重,2024-06-03,7008
1310,台苯,8,0,8,兆豐-三重,2024-06-03,7008
1444,力麗,8,0,8,兆豐-三重,2024-06-03,7008
1218,泰山,7,0,7,兆豐-三重,2024-06-03,7008
2489,瑞軒,9,2,7,兆豐-三重,2024-06-03,7008
3321,同泰,8,1,7,兆豐-三重,2024-06-03,7008
2374,佳能,7,0,7,兆豐-三重,2024-06-03,7008
2317,鴻海,20,14,6,兆豐-三重,2024-06-03,7008
00715L,期街口布蘭特正2,6,0,6,兆豐-三重,2024-06-03,7008
3052,夆典,6,0,6,兆豐-三重,2024-06-03,7008
6209,今國光,7,1,6,兆豐-三重,2024-06-03,7008
6706,惠特,7,1,6,兆豐-三重,2024-06-03,7008
8011,台通,6,0,6,兆豐-三重,2024-06-03,7008
8936,國統,7,1,6,兆豐-三重,2024-06-03,7008
2615,萬海,25,19,6,兆豐-三重,2024-06-03,7008
00712,復華富時不動產,5,0,5,兆豐-三重,2024-06-03,7008
1314,中石化,25,20,5,兆豐-三重,2024-06-03,7008
1316,上曜,11,6,5,兆豐-三重,2024-06-03,7008
1474,弘裕,5,0,5,兆豐-三重,2024-06-03,7008
1515,力山,5,0,5,兆豐-三重,2024-06-03,7008
1587,吉茂,9,4,5,兆豐-三重,2024-06-03,7008
2353,宏��,12,7,5,兆豐-三重,2024-06-03,7008
3338,泰碩,6,1,5,兆豐-三重,2024-06-03,7008
4160,訊聯基因,5,0,5,兆豐-三重,2024-06-03,7008
4726,永昕,5,0,5,兆豐-三重,2024-06-03,7008
00929,復華台灣科技優息,64,0,64,兆豐-三重,2024-06-04,7008
6005,群益證,55,0,55,兆豐-三重,2024-06-04,7008
2888,新光金,64,18,46,兆豐-三重,2024-06-04,7008
00632R,元大台灣50反1,45,0,45,兆豐-三重,2024-06-04,7008
2883,凱基金,40,0,40,兆豐-三重,2024-06-04,7008
2330,台積電,38,0,38,兆豐-三重,2024-06-04,7008
2312,金寶,79,41,38,兆豐-三重,2024-06-04,7008
2354,鴻準,43,8,35,兆豐-三重,2024-06-04,7008
2891,中信金,33,0,33,兆豐-三重,2024-06-04,7008
2344,華邦電,32,0,32,兆豐-三重,2024-06-04,7008
4906,正文,114,84,30,兆豐-三重,2024-06-04,7008
6125,廣運,66,36,30,兆豐-三重,2024-06-04,7008
1708,東鹼,26,0,26,兆豐-三重,2024-06-04,7008
00936,台新永續高息中小,31,6,25,兆豐-三重,2024-06-04,7008
00881,國泰台灣5G+,23,0,23,兆豐-三重,2024-06-04,7008
2331,精英,52,30,22,兆豐-三重,2024-06-04,7008
00715L,期街口布蘭特正2,21,0,21,兆豐-三重,2024-06-04,7008
2243,宏旭-KY,22,1,21,兆豐-三重,2024-06-04,7008
2537,聯上發,26,6,20,兆豐-三重,2024-06-04,7008
0050,元大台灣50,18,0,18,兆豐-三重,2024-06-04,7008
2324,仁寶,27,9,18,兆豐-三重,2024-06-04,7008
4726,永昕,30,12,18,兆豐-三重,2024-06-04,7008
2317,鴻海,25,7,18,兆豐-三重,2024-06-04,7008
00878,國泰永續高股息,22,5,17,兆豐-三重,2024-06-04,7008
3260,威剛,17,2,15,兆豐-三重,2024-06-04,7008
4903,聯光通,15,0,15,兆豐-三重,2024-06-04,7008
2615,萬海,19,5,14,兆豐-三重,2024-06-04,7008
2301,光寶科,13,0,13,兆豐-三重,2024-06-04,7008
3481,群創,20,8,12,兆豐-三重,2024-06-04,7008
6443,元晶,12,0,12,兆豐-三重,2024-06-04,7008
1453,大將,20,9,11,兆豐-三重,2024-06-04,7008
4526,東台,13,2,11,兆豐-三重,2024-06-04,7008
8028,昇陽半導體,11,0,11,兆豐-三重,2024-06-04,7008
8930,青鋼,256,245,11,兆豐-三重,2024-06-04,7008
2303,聯電,11,1,10,兆豐-三重,2024-06-04,7008
00942B,台新美A公司債20+,10,0,10,兆豐-三重,2024-06-04,7008
1201,味全,10,0,10,兆豐-三重,2024-06-04,7008
1301,台塑,10,0,10,兆豐-三重,2024-06-04,7008
1307,三芳,10,0,10,兆豐-三重,2024-06-04,7008
2409,友達,16,6,10,兆豐-三重,2024-06-04,7008
3360,尚立,10,0,10,兆豐-三重,2024-06-04,7008
5410,國眾,10,0,10,兆豐-三重,2024-06-04,7008
5465,富驊,10,0,10,兆豐-三重,2024-06-04,7008
6275,元山,10,0,10,兆豐-三重,2024-06-04,7008
5426,振發,32,22,10,兆豐-三重,2024-06-04,7008
5289,宜鼎,9,0,9,兆豐-三重,2024-06-04,7008
8358,金居,17,8,9,兆豐-三重,2024-06-04,7008
1473,台南,8,0,8,兆豐-三重,2024-06-04,7008
1605,華新,8,0,8,兆豐-三重,2024-06-04,7008
8936,國統,8,1,7,兆豐-三重,2024-06-04,7008
0056,元大高股息,221,122,99,兆豐-三重,2024-06-05,7008
2344,華邦電,69,2,67,兆豐-三重,2024-06-05,7008
00929,復華台灣科技優息,62,0,62,兆豐-三重,2024-06-05,7008
00878,國泰永續高股息,49,0,49,兆豐-三重,2024-06-05,7008
8093,保銳,35,0,35,兆豐-三重,2024-06-05,7008
1108,幸福,30,0,30,兆豐-三重,2024-06-05,7008
6125,廣運,50,25,25,兆豐-三重,2024-06-05,7008
2303,聯電,41,16,25,兆豐-三重,2024-06-05,7008
00936,台新永續高息中小,54,30,24,兆豐-三重,2024-06-05,7008
00940,元大台灣價值高息,24,0,24,兆豐-三重,2024-06-05,7008
6177,達麗,26,4,22,兆豐-三重,2024-06-05,7008
00715L,期街口布蘭特正2,21,0,21,兆豐-三重,2024-06-05,7008
1608,華榮,21,0,21,兆豐-三重,2024-06-05,7008
2515,中工,28,7,21,兆豐-三重,2024-06-05,7008
2888,新光金,40,20,20,兆豐-三重,2024-06-05,7008
00852L,國泰美國道瓊正2,20,0,20,兆豐-三重,2024-06-05,7008
3027,盛達,20,0,20,兆豐-三重,2024-06-05,7008
00712,復華富時不動產,17,0,17,兆豐-三重,2024-06-05,7008
2453,凌群,15,0,15,兆豐-三重,2024-06-05,7008
00881,國泰台灣5G+,14,0,14,兆豐-三重,2024-06-05,7008
1815,富喬,74,60,14,兆豐-三重,2024-06-05,7008
2331,精英,34,20,14,兆豐-三重,2024-06-05,7008
2405,輔信,20,6,14,兆豐-三重,2024-06-05,7008
3231,緯創,15,2,13,兆豐-三重,2024-06-05,7008
3481,群創,23,10,13,兆豐-三重,2024-06-05,7008
2353,宏��,84,72,12,兆豐-三重,2024-06-05,7008
6245,立端,12,0,12,兆豐-三重,2024-06-05,7008
3035,智原,12,1,11,兆豐-三重,2024-06-05,7008
6116,彩晶,11,0,11,兆豐-三重,2024-06-05,7008
6841,長佳智能,11,0,11,兆豐-三重,2024-06-05,7008
3324,雙鴻,13,3,10,兆豐-三重,2024-06-05,7008
2464,盟立,10,0,10,兆豐-三重,2024-06-05,7008
00642U,期元大S＆P石油,10,0,10,兆豐-三重,2024-06-05,7008
2002,中鋼,10,0,10,兆豐-三重,2024-06-05,7008
2014,中鴻,10,0,10,兆豐-三重,2024-06-05,7008
2520,冠德,10,0,10,兆豐-三重,2024-06-05,7008
3022,威強電,10,0,10,兆豐-三重,2024-06-05,7008
3380,明泰,20,10,10,兆豐-三重,2024-06-05,7008
5607,遠雄港,10,0,10,兆豐-三重,2024-06-05,7008
8930,青鋼,197,187,10,兆豐-三重,2024-06-05,7008
1587,吉茂,10,1,9,兆豐-三重,2024-06-05,7008
00919,群益台灣精選高息,9,0,9,兆豐-三重,2024-06-05,7008
1536,和大,8,0,8,兆豐-三重,2024-06-05,7008
3062,建漢,8,0,8,兆豐-三重,2024-06-05,7008
8291,尚茂,8,0,8,兆豐-三重,2024-06-05,7008
3055,蔚華科,9,2,7,兆豐-三重,2024-06-05,7008
2605,新興,47,40,7,兆豐-三重,2024-06-05,7008
3013,晟銘電,14,7,7,兆豐-三重,2024-06-05,7008
3564,其陽,9,2,7,兆豐-三重,2024-06-05,7008
3088,艾訊,7,0,7,兆豐-三重,2024-06-05,7008
00632R,元大台灣50反1,168,0,168,兆豐-三重,2024-06-06,7008
1314,中石化,108,0,108,兆豐-三重,2024-06-06,7008
0056,元大高股息,102,0,102,兆豐-三重,2024-06-06,7008
3030,德律,83,1,82,兆豐-三重,2024-06-06,7008
00919,群益台灣精選高息,104,67,37,兆豐-三重,2024-06-06,7008
6901,鑽石投資,33,0,33,兆豐-三重,2024-06-06,7008
2605,新興,97,65,32,兆豐-三重,2024-06-06,7008
6215,和椿,33,1,32,兆豐-三重,2024-06-06,7008
1108,幸福,30,0,30,兆豐-三重,2024-06-06,7008
8093,保銳,30,0,30,兆豐-三重,2024-06-06,7008
3710,連展投控,25,0,25,兆豐-三重,2024-06-06,7008
5340,建榮,37,15,22,兆豐-三重,2024-06-06,7008
00936,台新永續高息中小,21,0,21,兆豐-三重,2024-06-06,7008
4726,永昕,21,0,21,兆豐-三重,2024-06-06,7008
2369,菱生,20,0,20,兆豐-三重,2024-06-06,7008
2515,中工,21,1,20,兆豐-三重,2024-06-06,7008
2367,燿華,79,60,19,兆豐-三重,2024-06-06,7008
6125,廣運,34,18,16,兆豐-三重,2024-06-06,7008
1815,富喬,27,12,15,兆豐-三重,2024-06-06,7008
2101,南港,21,6,15,兆豐-三重,2024-06-06,7008
8906,花王,15,0,15,兆豐-三重,2024-06-06,7008
3062,建漢,14,1,13,兆豐-三重,2024-06-06,7008
00878,國泰永續高股息,13,1,12,兆豐-三重,2024-06-06,7008
4533,協易機,14,2,12,兆豐-三重,2024-06-06,7008
3202,樺晟,12,1,11,兆豐-三重,2024-06-06,7008
2014,中鴻,10,0,10,兆豐-三重,2024-06-06,7008
1229,聯華,10,0,10,兆豐-三重,2024-06-06,7008
1905,華紙,10,0,10,兆豐-三重,2024-06-06,7008
3024,憶聲,11,1,10,兆豐-三重,2024-06-06,7008
3059,華晶科,10,0,10,兆豐-三重,2024-06-06,7008
3380,明泰,10,0,10,兆豐-三重,2024-06-06,7008
4903,聯光通,10,0,10,兆豐-三重,2024-06-06,7008
5347,世界,16,6,10,兆豐-三重,2024-06-06,7008
8930,青鋼,208,198,10,兆豐-三重,2024-06-06,7008
9105,泰金寶-DR,13,3,10,兆豐-三重,2024-06-06,7008
2637,慧洋-KY,20,11,9,兆豐-三重,2024-06-06,7008
5371,中光電,9,0,9,兆豐-三重,2024-06-06,7008
6706,惠特,19,10,9,兆豐-三重,2024-06-06,7008
2354,鴻準,17,10,7,兆豐-三重,2024-06-06,7008
3564,其陽,22,15,7,兆豐-三重,2024-06-06,7008
2414,精技,7,0,7,兆豐-三重,2024-06-06,7008
8112,至上,11,4,7,兆豐-三重,2024-06-06,7008
3035,智原,12,5,7,兆豐-三重,2024-06-06,7008
3017,奇鋐,8,2,6,兆豐-三重,2024-06-06,7008
2409,友達,12,6,6,兆豐-三重,2024-06-06,7008
2548,華固,6,0,6,兆豐-三重,2024-06-06,7008
3234,光環,6,0,6,兆豐-三重,2024-06-06,7008
3607,谷崧,6,0,6,兆豐-三重,2024-06-06,7008
6269,台郡,6,0,6,兆豐-三重,2024-06-06,7008
4534,慶騰,5,0,5,兆豐-三重,2024-06-06,7008
00919,群益台灣精選高息,152,100,52,兆豐-三重,2024-06-07,7008
2836,高雄銀,50,0,50,兆豐-三重,2024-06-07,7008
2883,凱基金,73,25,48,兆豐-三重,2024-06-07,7008
2330,台積電,35,7,28,兆豐-三重,2024-06-07,7008
3324,雙鴻,33,7,26,兆豐-三重,2024-06-07,7008
3372,典範,35,10,25,兆豐-三重,2024-06-07,7008
2609,陽明,103,79,24,兆豐-三重,2024-06-07,7008
2367,燿華,54,31,23,兆豐-三重,2024-06-07,7008
00940,元大台灣價值高息,22,1,21,兆豐-三重,2024-06-07,7008
1414,東和,20,0,20,兆豐-三重,2024-06-07,7008
2014,中鴻,20,0,20,兆豐-三重,2024-06-07,7008
00929,復華台灣科技優息,17,0,17,兆豐-三重,2024-06-07,7008
3231,緯創,31,17,14,兆豐-三重,2024-06-07,7008
2353,宏��,14,0,14,兆豐-三重,2024-06-07,7008
1108,幸福,11,0,11,兆豐-三重,2024-06-07,7008
2449,京元電子,11,0,11,兆豐-三重,2024-06-07,7008
2548,華固,13,2,11,兆豐-三重,2024-06-07,7008
6125,廣運,33,23,10,兆豐-三重,2024-06-07,7008
1303,南亞,20,10,10,兆豐-三重,2024-06-07,7008
2363,矽統,13,3,10,兆豐-三重,2024-06-07,7008
2402,毅嘉,10,0,10,兆豐-三重,2024-06-07,7008
3024,憶聲,10,0,10,兆豐-三重,2024-06-07,7008
4123,晟德,11,1,10,兆豐-三重,2024-06-07,7008
6164,華興,10,0,10,兆豐-三重,2024-06-07,7008
6435,大中,10,0,10,兆豐-三重,2024-06-07,7008
2382,廣達,9,0,9,兆豐-三重,2024-06-07,7008
2427,三商電,10,1,9,兆豐-三重,2024-06-07,7008
5302,太欣,9,0,9,兆豐-三重,2024-06-07,7008
0050,元大台灣50,9,0,9,兆豐-三重,2024-06-07,7008
2888,新光金,52,44,8,兆豐-三重,2024-06-07,7008
2317,鴻海,17,9,8,兆豐-三重,2024-06-07,7008
00936,台新永續高息中小,8,0,8,兆豐-三重,2024-06-07,7008
2002,中鋼,8,0,8,兆豐-三重,2024-06-07,7008
2520,冠德,8,0,8,兆豐-三重,2024-06-07,7008
2464,盟立,15,8,7,兆豐-三重,2024-06-07,7008
2421,建準,7,0,7,兆豐-三重,2024-06-07,7008
2867,三商壽,12,5,7,兆豐-三重,2024-06-07,7008
4128,中天,7,0,7,兆豐-三重,2024-06-07,7008
4513,福裕,23,16,7,兆豐-三重,2024-06-07,7008
1503,士電,15,8,7,兆豐-三重,2024-06-07,7008
2482,連宇,14,8,6,兆豐-三重,2024-06-07,7008
1522,堤維西,8,3,5,兆豐-三重,2024-06-07,7008
1102,亞泥,5,0,5,兆豐-三重,2024-06-07,7008
00636,國泰中國A50,5,0,5,兆豐-三重,2024-06-07,7008
1529,樂事綠能,5,0,5,兆豐-三重,2024-06-07,7008
2230,泰茂,5,0,5,兆豐-三重,2024-06-07,7008
2328,廣宇,5,0,5,兆豐-三重,2024-06-07,7008
2329,華泰,8,3,5,兆豐-三重,2024-06-07,7008
2615,萬海,50,45,5,兆豐-三重,2024-06-07,7008
3122,笙泉,6,1,5,兆豐-三重,2024-06-07,7008
2515,中工,152,1,151,兆豐-三重,2024-06-11,7008
2609,陽明,421,290,131,兆豐-三重,2024-06-11,7008
00937B,群益ESG投等債20,131,8,123,兆豐-三重,2024-06-11,7008
1815,富喬,115,16,99,兆豐-三重,2024-06-11,7008
2426,鼎元,82,0,82,兆豐-三重,2024-06-11,7008
9105,泰金寶-DR,80,7,73,兆豐-三重,2024-06-11,7008
00929,復華台灣科技優息,66,0,66,兆豐-三重,2024-06-11,7008
4938,和碩,60,2,58,兆豐-三重,2024-06-11,7008
2330,台積電,53,1,52,兆豐-三重,2024-06-11,7008
00936,台新永續高息中小,42,0,42,兆豐-三重,2024-06-11,7008
00918,大華優利高填息30,42,5,37,兆豐-三重,2024-06-11,7008
00927,群益半導體收益,33,0,33,兆豐-三重,2024-06-11,7008
6005,群益證,33,0,33,兆豐-三重,2024-06-11,7008
3481,群創,31,0,31,兆豐-三重,2024-06-11,7008
1218,泰山,30,0,30,兆豐-三重,2024-06-11,7008
1608,華榮,85,60,25,兆豐-三重,2024-06-11,7008
2453,凌群,24,0,24,兆豐-三重,2024-06-11,7008
3047,訊舟,52,28,24,兆豐-三重,2024-06-11,7008
1618,合機,64,41,23,兆豐-三重,2024-06-11,7008
5410,國眾,170,148,22,兆豐-三重,2024-06-11,7008
6155,鈞寶,23,1,22,兆豐-三重,2024-06-11,7008
2506,太設,21,0,21,兆豐-三重,2024-06-11,7008
1229,聯華,20,0,20,兆豐-三重,2024-06-11,7008
2371,大同,43,23,20,兆豐-三重,2024-06-11,7008
5465,富驊,20,0,20,兆豐-三重,2024-06-11,7008
6290,良維,24,4,20,兆豐-三重,2024-06-11,7008
2390,云辰,19,0,19,兆豐-三重,2024-06-11,7008
00878,國泰永續高股息,18,0,18,兆豐-三重,2024-06-11,7008
2367,燿華,79,61,18,兆豐-三重,2024-06-11,7008
00696B,富邦美債20年,15,0,15,兆豐-三重,2024-06-11,7008
2501,國建,15,0,15,兆豐-三重,2024-06-11,7008
2317,鴻海,26,12,14,兆豐-三重,2024-06-11,7008
1802,台玻,14,0,14,兆豐-三重,2024-06-11,7008
2374,佳能,26,12,14,兆豐-三重,2024-06-11,7008
2009,第一銅,15,2,13,兆豐-三重,2024-06-11,7008
3576,聯合再生,13,0,13,兆豐-三重,2024-06-11,7008
4967,十銓,23,10,13,兆豐-三重,2024-06-11,7008
8930,青鋼,46,33,13,兆豐-三重,2024-06-11,7008
2301,光寶科,12,0,12,兆豐-三重,2024-06-11,7008
00688L,國泰20年美債正2,12,0,12,兆豐-三重,2024-06-11,7008
3022,威強電,12,0,12,兆豐-三重,2024-06-11,7008
9945,潤泰新,15,3,12,兆豐-三重,2024-06-11,7008
2615,萬海,38,27,11,兆豐-三重,2024-06-11,7008
4167,松瑞藥,23,12,11,兆豐-三重,2024-06-11,7008
00842B,台新美元銀行債,10,0,10,兆豐-三重,2024-06-11,7008
00687B,國泰20年美債,10,0,10,兆豐-三重,2024-06-11,7008
00740B,富邦全球投等債,10,0,10,兆豐-三重,2024-06-11,7008
00633L,富邦上証正2,10,0,10,兆豐-三重,2024-06-11,7008
1314,中石化,10,0,10,兆豐-三重,2024-06-11,7008
1582,信錦,11,1,10,兆豐-三重,2024-06-11,7008
2883,凱基金,121,46,75,兆豐-三重,2024-06-12,7008
2609,陽明,73,29,44,兆豐-三重,2024-06-12,7008
00919,群益台灣精選高息,46,5,41,兆豐-三重,2024-06-12,7008
2511,太子,40,0,40,兆豐-三重,2024-06-12,7008
3481,群創,45,18,27,兆豐-三重,2024-06-12,7008
2317,鴻海,53,33,20,兆豐-三重,2024-06-12,7008
1414,東和,20,0,20,兆豐-三重,2024-06-12,7008
2515,中工,22,2,20,兆豐-三重,2024-06-12,7008
1514,亞力,19,3,16,兆豐-三重,2024-06-12,7008
2606,裕民,17,1,16,兆豐-三重,2024-06-12,7008
00918,大華優利高填息30,16,0,16,兆豐-三重,2024-06-12,7008
3484,崧騰,15,0,15,兆豐-三重,2024-06-12,7008
2353,宏��,14,0,14,兆豐-三重,2024-06-12,7008
6125,廣運,23,9,14,兆豐-三重,2024-06-12,7008
3231,緯創,23,9,14,兆豐-三重,2024-06-12,7008
00878,國泰永續高股息,12,1,11,兆豐-三重,2024-06-12,7008
1316,上曜,11,0,11,兆豐-三重,2024-06-12,7008
2365,昆盈,16,5,11,兆豐-三重,2024-06-12,7008
6509,聚和,12,1,11,兆豐-三重,2024-06-12,7008
2486,一詮,23,12,11,兆豐-三重,2024-06-12,7008
2382,廣達,10,0,10,兆豐-三重,2024-06-12,7008
1326,台化,10,0,10,兆豐-三重,2024-06-12,7008
1905,華紙,10,0,10,兆豐-三重,2024-06-12,7008
2850,新產,10,0,10,兆豐-三重,2024-06-12,7008
3038,全台,10,0,10,兆豐-三重,2024-06-12,7008
3380,明泰,10,0,10,兆豐-三重,2024-06-12,7008
4526,東台,10,0,10,兆豐-三重,2024-06-12,7008
6163,華電網,10,0,10,兆豐-三重,2024-06-12,7008
2312,金寶,9,0,9,兆豐-三重,2024-06-12,7008
6180,橘子,11,2,9,兆豐-三重,2024-06-12,7008
2603,長榮,27,19,8,兆豐-三重,2024-06-12,7008
2374,佳能,11,3,8,兆豐-三重,2024-06-12,7008
1303,南亞,8,0,8,兆豐-三重,2024-06-12,7008
2356,英業達,9,1,8,兆豐-三重,2024-06-12,7008
2891,中信金,8,0,8,兆豐-三重,2024-06-12,7008
4532,瑞智,8,0,8,兆豐-三重,2024-06-12,7008
5210,寶碩,8,0,8,兆豐-三重,2024-06-12,7008
5519,隆大,28,20,8,兆豐-三重,2024-06-12,7008
2489,瑞軒,8,0,8,兆豐-三重,2024-06-12,7008
2369,菱生,7,0,7,兆豐-三重,2024-06-12,7008
9940,信義,7,0,7,兆豐-三重,2024-06-12,7008
6552,易華電,8,2,6,兆豐-三重,2024-06-12,7008
00712,復華富時不動產,6,0,6,兆豐-三重,2024-06-12,7008
2371,大同,6,0,6,兆豐-三重,2024-06-12,7008
2413,環科,6,0,6,兆豐-三重,2024-06-12,7008
3312,弘憶股,6,0,6,兆豐-三重,2024-06-12,7008
5347,世界,8,3,5,兆豐-三重,2024-06-12,7008
3324,雙鴻,7,2,5,兆豐-三重,2024-06-12,7008
2002,中鋼,7,2,5,兆豐-三重,2024-06-12,7008
1310,台苯,5,0,5,兆豐-三重,2024-06-12,7008
00919,群益台灣精選高息,126,20,106,兆豐-三重,2024-06-13,7008
00676R,富邦臺灣加權反1,50,0,50,兆豐-三重,2024-06-13,7008
5410,國眾,260,226,34,兆豐-三重,2024-06-13,7008
2317,鴻海,155,124,31,兆豐-三重,2024-06-13,7008
1442,名軒,30,0,30,兆豐-三重,2024-06-13,7008
2323,中環,30,0,30,兆豐-三重,2024-06-13,7008
2354,鴻準,29,1,28,兆豐-三重,2024-06-13,7008
3047,訊舟,32,7,25,兆豐-三重,2024-06-13,7008
2002,中鋼,64,42,22,兆豐-三重,2024-06-13,7008
2023,燁輝,20,0,20,兆豐-三重,2024-06-13,7008
2356,英業達,35,15,20,兆豐-三重,2024-06-13,7008
2367,燿華,53,34,19,兆豐-三重,2024-06-13,7008
1522,堤維西,20,2,18,兆豐-三重,2024-06-13,7008
2609,陽明,46,29,17,兆豐-三重,2024-06-13,7008
1444,力麗,15,0,15,兆豐-三重,2024-06-13,7008
9904,寶成,15,0,15,兆豐-三重,2024-06-13,7008
1314,中石化,22,8,14,兆豐-三重,2024-06-13,7008
4967,十銓,27,15,12,兆豐-三重,2024-06-13,7008
1612,宏泰,12,0,12,兆豐-三重,2024-06-13,7008
00632R,元大台灣50反1,40,30,10,兆豐-三重,2024-06-13,7008
2365,昆盈,30,20,10,兆豐-三重,2024-06-13,7008
2506,太設,10,0,10,兆豐-三重,2024-06-13,7008
2834,臺企銀,10,0,10,兆豐-三重,2024-06-13,7008
3360,尚立,10,0,10,兆豐-三重,2024-06-13,7008
3706,神達,10,0,10,兆豐-三重,2024-06-13,7008
5465,富驊,10,0,10,兆豐-三重,2024-06-13,7008
8039,台虹,11,1,10,兆豐-三重,2024-06-13,7008
8044,網家,10,0,10,兆豐-三重,2024-06-13,7008
9933,中鼎,10,0,10,兆豐-三重,2024-06-13,7008
5347,世界,23,13,10,兆豐-三重,2024-06-13,7008
1503,士電,30,21,9,兆豐-三重,2024-06-13,7008
1504,東元,9,0,9,兆豐-三重,2024-06-13,7008
2331,精英,10,1,9,兆豐-三重,2024-06-13,7008
3663,鑫科,11,2,9,兆豐-三重,2024-06-13,7008
6290,良維,40,31,9,兆豐-三重,2024-06-13,7008
6443,元晶,9,0,9,兆豐-三重,2024-06-13,7008
3673,TPK-KY,10,2,8,兆豐-三重,2024-06-13,7008
00878,國泰永續高股息,8,0,8,兆豐-三重,2024-06-13,7008
3090,日電貿,7,0,7,兆豐-三重,2024-06-13,7008
1802,台玻,7,0,7,兆豐-三重,2024-06-13,7008
3363,上詮,12,5,7,兆豐-三重,2024-06-13,7008
3580,友威科,8,1,7,兆豐-三重,2024-06-13,7008
1326,台化,6,0,6,兆豐-三重,2024-06-13,7008
1815,富喬,7,1,6,兆豐-三重,2024-06-13,7008
2421,建準,6,0,6,兆豐-三重,2024-06-13,7008
2476,鉅祥,18,12,6,兆豐-三重,2024-06-13,7008
3484,崧騰,6,0,6,兆豐-三重,2024-06-13,7008
4562,穎漢,12,6,6,兆豐-三重,2024-06-13,7008
00918,大華優利高填息30,6,0,6,兆豐-三重,2024-06-13,7008
1529,樂事綠能,5,0,5,兆豐-三重,2024-06-13,7008
1815,富喬,143,5,138,兆豐-三重,2024-06-14,7008
2476,鉅祥,81,0,81,兆豐-三重,2024-06-14,7008
5905,南仁湖,80,31,49,兆豐-三重,2024-06-14,7008
4906,正文,50,5,45,兆豐-三重,2024-06-14,7008
2353,宏��,45,1,44,兆豐-三重,2024-06-14,7008
9105,泰金寶-DR,111,70,41,兆豐-三重,2024-06-14,7008
2328,廣宇,50,12,38,兆豐-三重,2024-06-14,7008
5347,世界,33,0,33,兆豐-三重,2024-06-14,7008
00632R,元大台灣50反1,31,0,31,兆豐-三重,2024-06-14,7008
2887,台新金,25,0,25,兆豐-三重,2024-06-14,7008
3466,德晉,25,0,25,兆豐-三重,2024-06-14,7008
3035,智原,40,16,24,兆豐-三重,2024-06-14,7008
3663,鑫科,22,0,22,兆豐-三重,2024-06-14,7008
3708,上緯投控,21,0,21,兆豐-三重,2024-06-14,7008
00942B,台新美A公司債20+,30,10,20,兆豐-三重,2024-06-14,7008
2605,新興,40,20,20,兆豐-三重,2024-06-14,7008
2618,長榮航,20,0,20,兆豐-三重,2024-06-14,7008
4960,誠美材,20,0,20,兆豐-三重,2024-06-14,7008
2344,華邦電,19,0,19,兆豐-三重,2024-06-14,7008
1609,大亞,56,37,19,兆豐-三重,2024-06-14,7008
2449,京元電子,24,6,18,兆豐-三重,2024-06-14,7008
2486,一詮,28,10,18,兆豐-三重,2024-06-14,7008
2367,燿華,56,40,16,兆豐-三重,2024-06-14,7008
3652,精聯,15,0,15,兆豐-三重,2024-06-14,7008
5410,國眾,79,64,15,兆豐-三重,2024-06-14,7008
6770,力積電,23,8,15,兆豐-三重,2024-06-14,7008
00795B,中信美國公債20年,15,1,14,兆豐-三重,2024-06-14,7008
3346,麗清,14,0,14,兆豐-三重,2024-06-14,7008
1303,南亞,13,0,13,兆豐-三重,2024-06-14,7008
1785,光洋科,63,50,13,兆豐-三重,2024-06-14,7008
2615,萬海,36,23,13,兆豐-三重,2024-06-14,7008
00927,群益半導體收益,11,0,11,兆豐-三重,2024-06-14,7008
2845,遠東銀,11,0,11,兆豐-三重,2024-06-14,7008
2520,冠德,10,0,10,兆豐-三重,2024-06-14,7008
00642U,期元大S＆P石油,10,0,10,兆豐-三重,2024-06-14,7008
3202,樺晟,11,1,10,兆豐-三重,2024-06-14,7008
4540,全球傳動,10,0,10,兆豐-三重,2024-06-14,7008
8147,正淩,10,0,10,兆豐-三重,2024-06-14,7008
9907,統一實,10,0,10,兆豐-三重,2024-06-14,7008
3231,緯創,12,3,9,兆豐-三重,2024-06-14,7008
2867,三商壽,9,0,9,兆豐-三重,2024-06-14,7008
3576,聯合再生,9,0,9,兆豐-三重,2024-06-14,7008
1584,精剛,13,5,8,兆豐-三重,2024-06-14,7008
1802,台玻,18,10,8,兆豐-三重,2024-06-14,7008
2801,彰銀,8,0,8,兆豐-三重,2024-06-14,7008
3363,上詮,12,4,8,兆豐-三重,2024-06-14,7008
6284,佳邦,9,1,8,兆豐-三重,2024-06-14,7008
2330,台積電,7,0,7,兆豐-三重,2024-06-14,7008
1504,東元,16,9,7,兆豐-三重,2024-06-14,7008
2371,大同,52,45,7,兆豐-三重,2024-06-14,7008
2409,友達,166,30,136,兆豐-三重,2024-06-17,7008
1321,大洋,61,0,61,兆豐-三重,2024-06-17,7008
2537,聯上發,51,1,50,兆豐-三重,2024-06-17,7008
00632R,元大台灣50反1,42,0,42,兆豐-三重,2024-06-17,7008
2515,中工,36,0,36,兆豐-三重,2024-06-17,7008
1618,合機,49,14,35,兆豐-三重,2024-06-17,7008
2888,新光金,30,0,30,兆豐-三重,2024-06-17,7008
6770,力積電,40,10,30,兆豐-三重,2024-06-17,7008
6116,彩晶,27,3,24,兆豐-三重,2024-06-17,7008
2883,凱基金,30,8,22,兆豐-三重,2024-06-17,7008
1445,大宇,21,0,21,兆豐-三重,2024-06-17,7008
00757,統一FANG+,20,0,20,兆豐-三重,2024-06-17,7008
8210,勤誠,20,0,20,兆豐-三重,2024-06-17,7008
00687B,國泰20年美債,21,1,20,兆豐-三重,2024-06-17,7008
6139,亞翔,19,0,19,兆豐-三重,2024-06-17,7008
2329,華泰,23,4,19,兆豐-三重,2024-06-17,7008
2492,華新科,20,1,19,兆豐-三重,2024-06-17,7008
2618,長榮航,23,6,17,兆豐-三重,2024-06-17,7008
1608,華榮,71,55,16,兆豐-三重,2024-06-17,7008
00918,大華優利高填息30,15,0,15,兆豐-三重,2024-06-17,7008
8403,盛弘,96,81,15,兆豐-三重,2024-06-17,7008
911868,同方友友-DR,15,0,15,兆豐-三重,2024-06-17,7008
2371,大同,69,55,14,兆豐-三重,2024-06-17,7008
3376,新日興,27,13,14,兆豐-三重,2024-06-17,7008
2615,萬海,42,28,14,兆豐-三重,2024-06-17,7008
3512,皇龍,14,0,14,兆豐-三重,2024-06-17,7008
2603,長榮,13,0,13,兆豐-三重,2024-06-17,7008
3003,健和興,13,0,13,兆豐-三重,2024-06-17,7008
00936,台新永續高息中小,12,0,12,兆豐-三重,2024-06-17,7008
1609,大亞,33,21,12,兆豐-三重,2024-06-17,7008
2609,陽明,29,17,12,兆豐-三重,2024-06-17,7008
4167,松瑞藥,15,3,12,兆豐-三重,2024-06-17,7008
00937B,群益ESG投等債20,33,22,11,兆豐-三重,2024-06-17,7008
2354,鴻準,17,6,11,兆豐-三重,2024-06-17,7008
5392,能率,11,0,11,兆豐-三重,2024-06-17,7008
2884,玉山金,11,1,10,兆豐-三重,2024-06-17,7008
00948B,中信優息投資級債,10,0,10,兆豐-三重,2024-06-17,7008
00941,中信上游半導體,10,0,10,兆豐-三重,2024-06-17,7008
1905,華紙,12,2,10,兆豐-三重,2024-06-17,7008
2025,千興,13,3,10,兆豐-三重,2024-06-17,7008
3380,明泰,20,10,10,兆豐-三重,2024-06-17,7008
6167,久正,9,0,9,兆豐-三重,2024-06-17,7008
2464,盟立,10,1,9,兆豐-三重,2024-06-17,7008
00919,群益台灣精選高息,9,0,9,兆豐-三重,2024-06-17,7008
00929,復華台灣科技優息,9,0,9,兆豐-三重,2024-06-17,7008
3324,雙鴻,9,1,8,兆豐-三重,2024-06-17,7008
3048,益登,16,8,8,兆豐-三重,2024-06-17,7008
3535,晶彩科,10,2,8,兆豐-三重,2024-06-17,7008
00712,復華富時不動產,17,10,7,兆豐-三重,2024-06-17,7008
8076,伍豐,7,0,7,兆豐-三重,2024-06-17,7008
00929,復華台灣科技優息,99,0,99,兆豐-三重,2024-06-18,7008
5880,合庫金,65,0,65,兆豐-三重,2024-06-18,7008
3376,新日興,46,4,42,兆豐-三重,2024-06-18,7008
00923,群益台ESG低碳50,61,20,41,兆豐-三重,2024-06-18,7008
1785,光洋科,58,25,33,兆豐-三重,2024-06-18,7008
5512,力麒,30,0,30,兆豐-三重,2024-06-18,7008
2515,中工,26,0,26,兆豐-三重,2024-06-18,7008
00918,大華優利高填息30,23,0,23,兆豐-三重,2024-06-18,7008
00632R,元大台灣50反1,23,0,23,兆豐-三重,2024-06-18,7008
2371,大同,44,21,23,兆豐-三重,2024-06-18,7008
2382,廣達,21,0,21,兆豐-三重,2024-06-18,7008
00664R,國泰臺灣加權反1,20,0,20,兆豐-三重,2024-06-18,7008
2329,華泰,20,0,20,兆豐-三重,2024-06-18,7008
2514,龍邦,20,0,20,兆豐-三重,2024-06-18,7008
4562,穎漢,53,33,20,兆豐-三重,2024-06-18,7008
6706,惠特,19,1,18,兆豐-三重,2024-06-18,7008
2406,國碩,16,0,16,兆豐-三重,2024-06-18,7008
9105,泰金寶-DR,16,0,16,兆豐-三重,2024-06-18,7008
00687B,國泰20年美債,15,0,15,兆豐-三重,2024-06-18,7008
2354,鴻準,24,9,15,兆豐-三重,2024-06-18,7008
3062,建漢,17,2,15,兆豐-三重,2024-06-18,7008
3663,鑫科,18,3,15,兆豐-三重,2024-06-18,7008
2482,連宇,14,0,14,兆豐-三重,2024-06-18,7008
4726,永昕,14,0,14,兆豐-三重,2024-06-18,7008
00757,統一FANG+,14,0,14,兆豐-三重,2024-06-18,7008
3047,訊舟,12,1,11,兆豐-三重,2024-06-18,7008
6742,澤米,11,0,11,兆豐-三重,2024-06-18,7008
8150,南茂,11,0,11,兆豐-三重,2024-06-18,7008
2486,一詮,37,26,11,兆豐-三重,2024-06-18,7008
2344,華邦電,25,15,10,兆豐-三重,2024-06-18,7008
2067,嘉鋼,10,0,10,兆豐-三重,2024-06-18,7008
3576,聯合再生,10,0,10,兆豐-三重,2024-06-18,7008
3673,TPK-KY,10,0,10,兆豐-三重,2024-06-18,7008
5515,建國,10,0,10,兆豐-三重,2024-06-18,7008
3017,奇鋐,13,3,10,兆豐-三重,2024-06-18,7008
2317,鴻海,42,33,9,兆豐-三重,2024-06-18,7008
1504,東元,9,0,9,兆豐-三重,2024-06-18,7008
3537,堡達,9,0,9,兆豐-三重,2024-06-18,7008
00936,台新永續高息中小,13,5,8,兆豐-三重,2024-06-18,7008
1313,聯成,8,0,8,兆豐-三重,2024-06-18,7008
3234,光環,8,0,8,兆豐-三重,2024-06-18,7008
5468,凱鈺,8,0,8,兆豐-三重,2024-06-18,7008
2353,宏��,7,0,7,兆豐-三重,2024-06-18,7008
2027,大成鋼,7,0,7,兆豐-三重,2024-06-18,7008
5490,同亨,13,6,7,兆豐-三重,2024-06-18,7008
8096,擎亞,28,21,7,兆豐-三重,2024-06-18,7008
5425,台半,7,0,7,兆豐-三重,2024-06-18,7008
1316,上曜,6,0,6,兆豐-三重,2024-06-18,7008
00946,群益科技高息成長,6,0,6,兆豐-三重,2024-06-18,7008
2367,燿華,6,0,6,兆豐-三重,2024-06-18,7008
0056,元大高股息,301,0,301,兆豐-三重,2024-06-19,7008
2515,中工,56,0,56,兆豐-三重,2024-06-19,7008
6834,天二科技,38,2,36,兆豐-三重,2024-06-19,7008
00947,台新臺灣IC設計,35,0,35,兆豐-三重,2024-06-19,7008
2371,大同,49,15,34,兆豐-三重,2024-06-19,7008
2537,聯上發,31,0,31,兆豐-三重,2024-06-19,7008
6282,康舒,41,10,31,兆豐-三重,2024-06-19,7008
1218,泰山,30,0,30,兆豐-三重,2024-06-19,7008
00712,復華富時不動產,27,0,27,兆豐-三重,2024-06-19,7008
3372,典範,25,0,25,兆豐-三重,2024-06-19,7008
00937B,群益ESG投等債20,21,0,21,兆豐-三重,2024-06-19,7008
3035,智原,24,4,20,兆豐-三重,2024-06-19,7008
3308,聯德,20,0,20,兆豐-三重,2024-06-19,7008
1514,亞力,40,22,18,兆豐-三重,2024-06-19,7008
00919,群益台灣精選高息,20,5,15,兆豐-三重,2024-06-19,7008
00795B,中信美國公債20年,15,0,15,兆豐-三重,2024-06-19,7008
5392,能率,14,0,14,兆豐-三重,2024-06-19,7008
4123,晟德,13,0,13,兆豐-三重,2024-06-19,7008
8050,廣積,15,2,13,兆豐-三重,2024-06-19,7008
2374,佳能,14,2,12,兆豐-三重,2024-06-19,7008
1802,台玻,15,3,12,兆豐-三重,2024-06-19,7008
5474,聰泰,17,5,12,兆豐-三重,2024-06-19,7008
8096,擎亞,29,17,12,兆豐-三重,2024-06-19,7008
00713,元大台灣高息低波,12,0,12,兆豐-三重,2024-06-19,7008
3673,TPK-KY,12,1,11,兆豐-三重,2024-06-19,7008
00882,中信中國高股息,10,0,10,兆豐-三重,2024-06-19,7008
00915,凱基優選高股息30,10,0,10,兆豐-三重,2024-06-19,7008
00942B,台新美A公司債20+,20,10,10,兆豐-三重,2024-06-19,7008
1229,聯華,10,0,10,兆豐-三重,2024-06-19,7008
1325,恆大,10,0,10,兆豐-三重,2024-06-19,7008
1442,名軒,10,0,10,兆豐-三重,2024-06-19,7008
1513,中興電,14,4,10,兆豐-三重,2024-06-19,7008
2392,正崴,20,10,10,兆豐-三重,2024-06-19,7008
3055,蔚華科,14,4,10,兆豐-三重,2024-06-19,7008
3312,弘憶股,10,0,10,兆豐-三重,2024-06-19,7008
4958,臻鼎-KY,13,3,10,兆豐-三重,2024-06-19,7008
00927,群益半導體收益,10,1,9,兆豐-三重,2024-06-19,7008
1319,東陽,12,3,9,兆豐-三重,2024-06-19,7008
2353,宏��,10,1,9,兆豐-三重,2024-06-19,7008
00687B,國泰20年美債,12,4,8,兆豐-三重,2024-06-19,7008
3622,洋華,11,3,8,兆豐-三重,2024-06-19,7008
1618,合機,23,15,8,兆豐-三重,2024-06-19,7008
2344,華邦電,47,39,8,兆豐-三重,2024-06-19,7008
3048,益登,30,23,7,兆豐-三重,2024-06-19,7008
6270,倍微,7,1,6,兆豐-三重,2024-06-19,7008
6462,神盾,6,0,6,兆豐-三重,2024-06-19,7008
6788,華景電,6,0,6,兆豐-三重,2024-06-19,7008
6890,來億-KY,11,5,6,兆豐-三重,2024-06-19,7008
8210,勤誠,6,0,6,兆豐-三重,2024-06-19,7008
3017,奇鋐,6,1,5,兆豐-三重,2024-06-19,7008
2897,王道銀行,500,0,500,兆豐-三重,2024-06-20,7008
0056,元大高股息,166,0,166,兆豐-三重,2024-06-20,7008
2884,玉山金,161,2,159,兆豐-三重,2024-06-20,7008
00936,台新永續高息中小,78,0,78,兆豐-三重,2024-06-20,7008
4526,東台,103,38,65,兆豐-三重,2024-06-20,7008
00676R,富邦臺灣加權反1,50,0,50,兆豐-三重,2024-06-20,7008
3673,TPK-KY,59,10,49,兆豐-三重,2024-06-20,7008
00632R,元大台灣50反1,45,0,45,兆豐-三重,2024-06-20,7008
2353,宏��,62,22,40,兆豐-三重,2024-06-20,7008
00687B,國泰20年美債,39,0,39,兆豐-三重,2024-06-20,7008
3303,岱稜,646,617,29,兆豐-三重,2024-06-20,7008
6770,力積電,42,14,28,兆豐-三重,2024-06-20,7008
00712,復華富時不動產,27,0,27,兆豐-三重,2024-06-20,7008
00927,群益半導體收益,24,0,24,兆豐-三重,2024-06-20,7008
2409,友達,22,0,22,兆豐-三重,2024-06-20,7008
2515,中工,21,0,21,兆豐-三重,2024-06-20,7008
2537,聯上發,20,0,20,兆豐-三重,2024-06-20,7008
00937B,群益ESG投等債20,18,0,18,兆豐-三重,2024-06-20,7008
1608,華榮,17,0,17,兆豐-三重,2024-06-20,7008
2867,三商壽,22,5,17,兆豐-三重,2024-06-20,7008
2449,京元電子,25,10,15,兆豐-三重,2024-06-20,7008
3535,晶彩科,15,2,13,兆豐-三重,2024-06-20,7008
6282,康舒,16,3,13,兆豐-三重,2024-06-20,7008
8050,廣積,15,3,12,兆豐-三重,2024-06-20,7008
00679B,元大美債20年,12,0,12,兆豐-三重,2024-06-20,7008
6834,天二科技,11,0,11,兆豐-三重,2024-06-20,7008
2374,佳能,12,1,11,兆豐-三重,2024-06-20,7008
00947,台新臺灣IC設計,10,0,10,兆豐-三重,2024-06-20,7008
1905,華紙,10,0,10,兆豐-三重,2024-06-20,7008
3615,安可,10,0,10,兆豐-三重,2024-06-20,7008
5351,鈺創,11,1,10,兆豐-三重,2024-06-20,7008
5515,建國,10,0,10,兆豐-三重,2024-06-20,7008
6111,大宇資,11,1,10,兆豐-三重,2024-06-20,7008
8039,台虹,10,0,10,兆豐-三重,2024-06-20,7008
8096,擎亞,11,1,10,兆豐-三重,2024-06-20,7008
00713,元大台灣高息低波,10,0,10,兆豐-三重,2024-06-20,7008
3715,定穎投控,18,9,9,兆豐-三重,2024-06-20,7008
6706,惠特,16,7,9,兆豐-三重,2024-06-20,7008
3537,堡達,9,0,9,兆豐-三重,2024-06-20,7008
00948B,中信優息投資級債,10,2,8,兆豐-三重,2024-06-20,7008
2331,精英,11,3,8,兆豐-三重,2024-06-20,7008
2367,燿華,18,10,8,兆豐-三重,2024-06-20,7008
3047,訊舟,9,1,8,兆豐-三重,2024-06-20,7008
8374,羅昇,21,13,8,兆豐-三重,2024-06-20,7008
00923,群益台ESG低碳50,7,0,7,兆豐-三重,2024-06-20,7008
2329,華泰,13,6,7,兆豐-三重,2024-06-20,7008
5324,士開,7,0,7,兆豐-三重,2024-06-20,7008
8084,巨虹,7,0,7,兆豐-三重,2024-06-20,7008
00915,凱基優選高股息30,6,0,6,兆豐-三重,2024-06-20,7008
1319,東陽,6,0,6,兆豐-三重,2024-06-20,7008
00939,統一台灣高息動能,100,5,95,兆豐-三重,2024-06-21,7008
2888,新光金,120,25,95,兆豐-三重,2024-06-21,7008
00936,台新永續高息中小,74,0,74,兆豐-三重,2024-06-21,7008
6770,力積電,85,12,73,兆豐-三重,2024-06-21,7008
6116,彩晶,72,2,70,兆豐-三重,2024-06-21,7008
00937B,群益ESG投等債20,58,0,58,兆豐-三重,2024-06-21,7008
2637,慧洋-KY,53,0,53,兆豐-三重,2024-06-21,7008
2498,宏達電,57,14,43,兆豐-三重,2024-06-21,7008
2007,燁興,37,0,37,兆豐-三重,2024-06-21,7008
8105,凌巨,44,10,34,兆豐-三重,2024-06-21,7008
3062,建漢,40,9,31,兆豐-三重,2024-06-21,7008
00948B,中信優息投資級債,30,0,30,兆豐-三重,2024-06-21,7008
00632R,元大台灣50反1,26,0,26,兆豐-三重,2024-06-21,7008
1591,駿吉-KY,26,0,26,兆豐-三重,2024-06-21,7008
00923,群益台ESG低碳50,25,0,25,兆豐-三重,2024-06-21,7008
00881,國泰台灣5G+,24,0,24,兆豐-三重,2024-06-21,7008
00933B,國泰10Y+金融債,20,0,20,兆豐-三重,2024-06-21,7008
00878,國泰永續高股息,26,7,19,兆豐-三重,2024-06-21,7008
2392,正崴,26,7,19,兆豐-三重,2024-06-21,7008
2515,中工,19,1,18,兆豐-三重,2024-06-21,7008
00915,凱基優選高股息30,16,0,16,兆豐-三重,2024-06-21,7008
2363,矽統,17,3,14,兆豐-三重,2024-06-21,7008
2314,台揚,14,0,14,兆豐-三重,2024-06-21,7008
00830,國泰費城半導體,15,1,14,兆豐-三重,2024-06-21,7008
2317,鴻海,45,32,13,兆豐-三重,2024-06-21,7008
8210,勤誠,13,0,13,兆豐-三重,2024-06-21,7008
00850,元大臺灣ESG永續,12,0,12,兆豐-三重,2024-06-21,7008
00946,群益科技高息成長,12,0,12,兆豐-三重,2024-06-21,7008
2610,華航,33,21,12,兆豐-三重,2024-06-21,7008
3490,單井,12,0,12,兆豐-三重,2024-06-21,7008
6217,中探針,12,0,12,兆豐-三重,2024-06-21,7008
2201,裕隆,11,0,11,兆豐-三重,2024-06-21,7008
2301,光寶科,12,1,11,兆豐-三重,2024-06-21,7008
2867,三商壽,11,0,11,兆豐-三重,2024-06-21,7008
3163,波若威,22,11,11,兆豐-三重,2024-06-21,7008
3551,世禾,11,0,11,兆豐-三重,2024-06-21,7008
2316,楠梓電,15,5,10,兆豐-三重,2024-06-21,7008
2420,新巨,10,0,10,兆豐-三重,2024-06-21,7008
6841,長佳智能,10,0,10,兆豐-三重,2024-06-21,7008
6901,鑽石投資,10,0,10,兆豐-三重,2024-06-21,7008
8050,廣積,20,10,10,兆豐-三重,2024-06-21,7008
8084,巨虹,10,0,10,兆豐-三重,2024-06-21,7008
00670L,富邦NASDAQ正2,9,0,9,兆豐-三重,2024-06-21,7008
2023,燁輝,12,3,9,兆豐-三重,2024-06-21,7008
5388,中磊,10,1,9,兆豐-三重,2024-06-21,7008
8467,波力-KY,9,0,9,兆豐-三重,2024-06-21,7008
00930,永豐ESG低碳高息,8,0,8,兆豐-三重,2024-06-21,7008
3312,弘憶股,8,0,8,兆豐-三重,2024-06-21,7008
4164,承業醫,8,0,8,兆豐-三重,2024-06-21,7008
4906,正文,20,12,8,兆豐-三重,2024-06-21,7008
8085,福華,101,0,101,兆豐-三重,2024-06-24,7008
3481,群創,207,131,76,兆豐-三重,2024-06-24,7008
00942B,台新美A公司債20+,60,0,60,兆豐-三重,2024-06-24,7008
8105,凌巨,65,9,56,兆豐-三重,2024-06-24,7008
00632R,元大台灣50反1,52,0,52,兆豐-三重,2024-06-24,7008
00940,元大台灣價值高息,51,10,41,兆豐-三重,2024-06-24,7008
2330,台積電,45,6,39,兆豐-三重,2024-06-24,7008
3231,緯創,42,5,37,兆豐-三重,2024-06-24,7008
3376,新日興,35,1,34,兆豐-三重,2024-06-24,7008
3221,台嘉碩,30,0,30,兆豐-三重,2024-06-24,7008
00923,群益台ESG低碳50,29,0,29,兆豐-三重,2024-06-24,7008
00929,復華台灣科技優息,52,23,29,兆豐-三重,2024-06-24,7008
2515,中工,37,11,26,兆豐-三重,2024-06-24,7008
00927,群益半導體收益,23,1,22,兆豐-三重,2024-06-24,7008
00919,群益台灣精選高息,67,45,22,兆豐-三重,2024-06-24,7008
00947,台新臺灣IC設計,21,0,21,兆豐-三重,2024-06-24,7008
4503,金雨,21,0,21,兆豐-三重,2024-06-24,7008
8096,擎亞,21,0,21,兆豐-三重,2024-06-24,7008
00881,國泰台灣5G+,20,0,20,兆豐-三重,2024-06-24,7008
3303,岱稜,291,273,18,兆豐-三重,2024-06-24,7008
2369,菱生,70,53,17,兆豐-三重,2024-06-24,7008
2615,萬海,26,9,17,兆豐-三重,2024-06-24,7008
00915,凱基優選高股息30,18,2,16,兆豐-三重,2024-06-24,7008
00921,兆豐龍頭等權重,15,0,15,兆豐-三重,2024-06-24,7008
2482,連宇,15,0,15,兆豐-三重,2024-06-24,7008
00922,國泰台灣領袖50,14,0,14,兆豐-三重,2024-06-24,7008
8358,金居,13,0,13,兆豐-三重,2024-06-24,7008
1504,東元,12,1,11,兆豐-三重,2024-06-24,7008
2382,廣達,14,3,11,兆豐-三重,2024-06-24,7008
3297,杭特,12,1,11,兆豐-三重,2024-06-24,7008
1503,士電,19,9,10,兆豐-三重,2024-06-24,7008
00850,元大臺灣ESG永續,10,0,10,兆豐-三重,2024-06-24,7008
00935,野村臺灣新科技50,10,0,10,兆豐-三重,2024-06-24,7008
1325,恆大,10,0,10,兆豐-三重,2024-06-24,7008
1524,耿鼎,10,0,10,兆豐-三重,2024-06-24,7008
1536,和大,10,0,10,兆豐-三重,2024-06-24,7008
2324,仁寶,13,3,10,兆豐-三重,2024-06-24,7008
3673,TPK-KY,10,0,10,兆豐-三重,2024-06-24,7008
3686,達能,10,0,10,兆豐-三重,2024-06-24,7008
4906,正文,10,0,10,兆豐-三重,2024-06-24,7008
5468,凱鈺,10,0,10,兆豐-三重,2024-06-24,7008
9105,泰金寶-DR,20,10,10,兆豐-三重,2024-06-24,7008
9934,成霖,10,0,10,兆豐-三重,2024-06-24,7008
1618,合機,39,30,9,兆豐-三重,2024-06-24,7008
3047,訊舟,22,13,9,兆豐-三重,2024-06-24,7008
3265,台星科,11,2,9,兆豐-三重,2024-06-24,7008
3035,智原,21,13,8,兆豐-三重,2024-06-24,7008
00830,國泰費城半導體,8,0,8,兆豐-三重,2024-06-24,7008
00936,台新永續高息中小,13,5,8,兆豐-三重,2024-06-24,7008
1608,華榮,25,17,8,兆豐-三重,2024-06-24,7008
00937B,群益ESG投等債20,770,6,764,兆豐-三重,2024-06-25,7008
00936,台新永續高息中小,51,0,51,兆豐-三重,2024-06-25,7008
911868,同方友友-DR,42,0,42,兆豐-三重,2024-06-25,7008
1584,精剛,196,155,41,兆豐-三重,2024-06-25,7008
2409,友達,139,103,36,兆豐-三重,2024-06-25,7008
3481,群創,106,78,28,兆豐-三重,2024-06-25,7008
2317,鴻海,44,19,25,兆豐-三重,2024-06-25,7008
1102,亞泥,21,0,21,兆豐-三重,2024-06-25,7008
2390,云辰,20,0,20,兆豐-三重,2024-06-25,7008
2605,新興,20,0,20,兆豐-三重,2024-06-25,7008
3663,鑫科,20,0,20,兆豐-三重,2024-06-25,7008
2514,龍邦,20,1,19,兆豐-三重,2024-06-25,7008
6706,惠特,53,34,19,兆豐-三重,2024-06-25,7008
8110,華東,19,0,19,兆豐-三重,2024-06-25,7008
3231,緯創,19,4,15,兆豐-三重,2024-06-25,7008
2453,凌群,15,0,15,兆豐-三重,2024-06-25,7008
00881,國泰台灣5G+,15,0,15,兆豐-三重,2024-06-25,7008
00878,國泰永續高股息,13,0,13,兆豐-三重,2024-06-25,7008
2303,聯電,12,0,12,兆豐-三重,2024-06-25,7008
1217,愛之味,11,0,11,兆豐-三重,2024-06-25,7008
2890,永豐金,10,0,10,兆豐-三重,2024-06-25,7008
00891,中信關鍵半導體,10,0,10,兆豐-三重,2024-06-25,7008
00882,中信中國高股息,10,0,10,兆豐-三重,2024-06-25,7008
00753L,中信中國50正2,10,0,10,兆豐-三重,2024-06-25,7008
00650L,復華香港正2,10,0,10,兆豐-三重,2024-06-25,7008
1477,聚陽,10,0,10,兆豐-三重,2024-06-25,7008
1529,樂事綠能,10,0,10,兆豐-三重,2024-06-25,7008
1802,台玻,10,0,10,兆豐-三重,2024-06-25,7008
2472,立隆電,12,2,10,兆豐-三重,2024-06-25,7008
3037,欣興,11,1,10,兆豐-三重,2024-06-25,7008
8440,綠電,10,0,10,兆豐-三重,2024-06-25,7008
00713,元大台灣高息低波,9,0,9,兆豐-三重,2024-06-25,7008
2537,聯上發,89,80,9,兆豐-三重,2024-06-25,7008
2330,台積電,23,15,8,兆豐-三重,2024-06-25,7008
3191,雲嘉南,8,0,8,兆豐-三重,2024-06-25,7008
6153,嘉聯益,11,3,8,兆豐-三重,2024-06-25,7008
6177,達麗,12,4,8,兆豐-三重,2024-06-25,7008
00915,凱基優選高股息30,7,0,7,兆豐-三重,2024-06-25,7008
1815,富喬,8,1,7,兆豐-三重,2024-06-25,7008
3615,安可,10,3,7,兆豐-三重,2024-06-25,7008
2382,廣達,13,6,7,兆豐-三重,2024-06-25,7008
00919,群益台灣精選高息,11,5,6,兆豐-三重,2024-06-25,7008
0056,元大高股息,6,0,6,兆豐-三重,2024-06-25,7008
2324,仁寶,6,0,6,兆豐-三重,2024-06-25,7008
2486,一詮,8,2,6,兆豐-三重,2024-06-25,7008
4906,正文,6,0,6,兆豐-三重,2024-06-25,7008
6129,普誠,6,0,6,兆豐-三重,2024-06-25,7008
8354,冠好,6,0,6,兆豐-三重,2024-06-25,7008
00923,群益台ESG低碳50,6,0,6,兆豐-三重,2024-06-25,7008
00935,野村臺灣新科技50,5,0,5,兆豐-三重,2024-06-25,7008
00937B,群益ESG投等債20,50,0,50,兆豐-三重,2024-06-26,7008
9105,泰金寶-DR,35,0,35,兆豐-三重,2024-06-26,7008
2409,友達,33,0,33,兆豐-三重,2024-06-26,7008
2883,凱基金,32,2,30,兆豐-三重,2024-06-26,7008
2002,中鋼,24,0,24,兆豐-三重,2024-06-26,7008
2426,鼎元,30,6,24,兆豐-三重,2024-06-26,7008
1417,嘉裕,23,0,23,兆豐-三重,2024-06-26,7008
5392,能率,20,0,20,兆豐-三重,2024-06-26,7008
1785,光洋科,98,79,19,兆豐-三重,2024-06-26,7008
2515,中工,27,10,17,兆豐-三重,2024-06-26,7008
3537,堡達,16,0,16,兆豐-三重,2024-06-26,7008
6770,力積電,23,7,16,兆豐-三重,2024-06-26,7008
1597,直得,15,0,15,兆豐-三重,2024-06-26,7008
2371,大同,34,20,14,兆豐-三重,2024-06-26,7008
2482,連宇,20,6,14,兆豐-三重,2024-06-26,7008
3481,群創,34,20,14,兆豐-三重,2024-06-26,7008
1609,大亞,15,3,12,兆豐-三重,2024-06-26,7008
6806,森崴能源,12,1,11,兆豐-三重,2024-06-26,7008
6841,長佳智能,10,0,10,兆豐-三重,2024-06-26,7008
00948B,中信優息投資級債,10,0,10,兆豐-三重,2024-06-26,7008
1513,中興電,10,0,10,兆豐-三重,2024-06-26,7008
2014,中鴻,10,0,10,兆豐-三重,2024-06-26,7008
2609,陽明,11,1,10,兆豐-三重,2024-06-26,7008
2801,彰銀,10,0,10,兆豐-三重,2024-06-26,7008
2884,玉山金,10,0,10,兆豐-三重,2024-06-26,7008
5515,建國,10,0,10,兆豐-三重,2024-06-26,7008
6229,研通,10,0,10,兆豐-三重,2024-06-26,7008
6598,ABC-KY,10,0,10,兆豐-三重,2024-06-26,7008
6698,旭暉應材,10,0,10,兆豐-三重,2024-06-26,7008
8277,商丞,10,0,10,兆豐-三重,2024-06-26,7008
5009,榮剛,9,0,9,兆豐-三重,2024-06-26,7008
1618,合機,31,22,9,兆豐-三重,2024-06-26,7008
2464,盟立,26,17,9,兆豐-三重,2024-06-26,7008
3260,威剛,8,0,8,兆豐-三重,2024-06-26,7008
1301,台塑,38,30,8,兆豐-三重,2024-06-26,7008
1815,富喬,12,4,8,兆豐-三重,2024-06-26,7008
1905,華紙,10,2,8,兆豐-三重,2024-06-26,7008
2243,宏旭-KY,8,0,8,兆豐-三重,2024-06-26,7008
2313,華通,10,2,8,兆豐-三重,2024-06-26,7008
2888,新光金,8,0,8,兆豐-三重,2024-06-26,7008
8028,昇陽半導體,10,2,8,兆豐-三重,2024-06-26,7008
2236,百達-KY,7,0,7,兆豐-三重,2024-06-26,7008
2301,光寶科,9,2,7,兆豐-三重,2024-06-26,7008
3372,典範,7,0,7,兆豐-三重,2024-06-26,7008
2354,鴻準,10,4,6,兆豐-三重,2024-06-26,7008
2427,三商電,6,0,6,兆豐-三重,2024-06-26,7008
3041,揚智,6,0,6,兆豐-三重,2024-06-26,7008
3289,宜特,28,22,6,兆豐-三重,2024-06-26,7008
3710,連展投控,6,0,6,兆豐-三重,2024-06-26,7008
4942,嘉彰,6,0,6,兆豐-三重,2024-06-26,7008
1314,中石化,118,3,115,兆豐-三重,2024-06-27,7008
00948B,中信優息投資級債,65,0,65,兆豐-三重,2024-06-27,7008
00929,復華台灣科技優息,48,2,46,兆豐-三重,2024-06-27,7008
00937B,群益ESG投等債20,69,27,42,兆豐-三重,2024-06-27,7008
1417,嘉裕,40,0,40,兆豐-三重,2024-06-27,7008
2537,聯上發,40,0,40,兆豐-三重,2024-06-27,7008
00919,群益台灣精選高息,33,0,33,兆豐-三重,2024-06-27,7008
3062,建漢,91,61,30,兆豐-三重,2024-06-27,7008
4906,正文,30,0,30,兆豐-三重,2024-06-27,7008
5512,力麒,30,0,30,兆豐-三重,2024-06-27,7008
3047,訊舟,69,40,29,兆豐-三重,2024-06-27,7008
2882,國泰金,23,0,23,兆豐-三重,2024-06-27,7008
2002,中鋼,27,4,23,兆豐-三重,2024-06-27,7008
3712,永崴投控,79,57,22,兆豐-三重,2024-06-27,7008
00679B,元大美債20年,21,0,21,兆豐-三重,2024-06-27,7008
6182,合晶,21,0,21,兆豐-三重,2024-06-27,7008
2331,精英,20,0,20,兆豐-三重,2024-06-27,7008
6209,今國光,20,1,19,兆豐-三重,2024-06-27,7008
3481,群創,19,2,17,兆豐-三重,2024-06-27,7008
1513,中興電,16,0,16,兆豐-三重,2024-06-27,7008
2243,宏旭-KY,15,0,15,兆豐-三重,2024-06-27,7008
9105,泰金寶-DR,25,10,15,兆豐-三重,2024-06-27,7008
8104,錸寶,14,0,14,兆豐-三重,2024-06-27,7008
00878,國泰永續高股息,16,2,14,兆豐-三重,2024-06-27,7008
2317,鴻海,44,31,13,兆豐-三重,2024-06-27,7008
4739,康普,13,1,12,兆豐-三重,2024-06-27,7008
6139,亞翔,12,0,12,兆豐-三重,2024-06-27,7008
00946,群益科技高息成長,11,0,11,兆豐-三重,2024-06-27,7008
8150,南茂,11,0,11,兆豐-三重,2024-06-27,7008
1514,亞力,69,59,10,兆豐-三重,2024-06-27,7008
2349,錸德,12,2,10,兆豐-三重,2024-06-27,7008
2457,飛宏,10,0,10,兆豐-三重,2024-06-27,7008
3673,TPK-KY,10,0,10,兆豐-三重,2024-06-27,7008
1319,東陽,11,2,9,兆豐-三重,2024-06-27,7008
2352,佳世達,9,0,9,兆豐-三重,2024-06-27,7008
00930,永豐ESG低碳高息,8,0,8,兆豐-三重,2024-06-27,7008
1785,光洋科,113,105,8,兆豐-三重,2024-06-27,7008
2014,中鴻,10,2,8,兆豐-三重,2024-06-27,7008
2884,玉山金,8,0,8,兆豐-三重,2024-06-27,7008
4976,佳凌,12,4,8,兆豐-三重,2024-06-27,7008
8011,台通,10,2,8,兆豐-三重,2024-06-27,7008
00830,國泰費城半導體,7,0,7,兆豐-三重,2024-06-27,7008
00713,元大台灣高息低波,7,0,7,兆豐-三重,2024-06-27,7008
00688L,國泰20年美債正2,7,0,7,兆豐-三重,2024-06-27,7008
2426,鼎元,9,2,7,兆豐-三重,2024-06-27,7008
00923,群益台ESG低碳50,7,0,7,兆豐-三重,2024-06-27,7008
5871,中租-KY,6,0,6,兆豐-三重,2024-06-27,7008
2515,中工,6,0,6,兆豐-三重,2024-06-27,7008
00932,兆豐永續高息等權,6,0,6,兆豐-三重,2024-06-27,7008
00927,群益半導體收益,6,0,6,兆豐-三重,2024-06-27,7008
3576,聯合再生,169,45,124,兆豐-三重,2024-06-28,7008
1611,中電,75,0,75,兆豐-三重,2024-06-28,7008
2406,國碩,74,13,61,兆豐-三重,2024-06-28,7008
2801,彰銀,60,0,60,兆豐-三重,2024-06-28,7008
1417,嘉裕,48,0,48,兆豐-三重,2024-06-28,7008
2882,國泰金,50,2,48,兆豐-三重,2024-06-28,7008
3481,群創,87,53,34,兆豐-三重,2024-06-28,7008
00929,復華台灣科技優息,32,1,31,兆豐-三重,2024-06-28,7008
2329,華泰,30,0,30,兆豐-三重,2024-06-28,7008
6160,欣技,30,0,30,兆豐-三重,2024-06-28,7008
00632R,元大台灣50反1,28,0,28,兆豐-三重,2024-06-28,7008
6477,安集,69,41,28,兆豐-三重,2024-06-28,7008
9958,世紀鋼,63,40,23,兆豐-三重,2024-06-28,7008
1449,佳和,21,1,20,兆豐-三重,2024-06-28,7008
1905,華紙,20,0,20,兆豐-三重,2024-06-28,7008
2607,榮運,20,0,20,兆豐-三重,2024-06-28,7008
3520,華盈,20,0,20,兆豐-三重,2024-06-28,7008
6901,鑽石投資,20,0,20,兆豐-三重,2024-06-28,7008
2454,聯發科,19,0,19,兆豐-三重,2024-06-28,7008
2354,鴻準,21,2,19,兆豐-三重,2024-06-28,7008
2618,長榮航,22,3,19,兆豐-三重,2024-06-28,7008
3047,訊舟,43,24,19,兆豐-三重,2024-06-28,7008
2317,鴻海,78,59,19,兆豐-三重,2024-06-28,7008
3231,緯創,19,2,17,兆豐-三重,2024-06-28,7008
6182,合晶,16,0,16,兆豐-三重,2024-06-28,7008
00878,國泰永續高股息,20,5,15,兆豐-三重,2024-06-28,7008
1605,華新,15,0,15,兆豐-三重,2024-06-28,7008
00946,群益科技高息成長,14,0,14,兆豐-三重,2024-06-28,7008
8222,寶一,14,0,14,兆豐-三重,2024-06-28,7008
00713,元大台灣高息低波,13,0,13,兆豐-三重,2024-06-28,7008
2208,台船,21,9,12,兆豐-三重,2024-06-28,7008
0056,元大高股息,11,0,11,兆豐-三重,2024-06-28,7008
2301,光寶科,12,1,11,兆豐-三重,2024-06-28,7008
1618,合機,11,0,11,兆豐-三重,2024-06-28,7008
2014,中鴻,11,0,11,兆豐-三重,2024-06-28,7008
2303,聯電,26,15,11,兆豐-三重,2024-06-28,7008
2472,立隆電,11,0,11,兆豐-三重,2024-06-28,7008
1101,台泥,11,1,10,兆豐-三重,2024-06-28,7008
3380,明泰,10,0,10,兆豐-三重,2024-06-28,7008
3673,TPK-KY,10,0,10,兆豐-三重,2024-06-28,7008
4109,加捷生醫,10,0,10,兆豐-三重,2024-06-28,7008
9105,泰金寶-DR,10,0,10,兆豐-三重,2024-06-28,7008
00930,永豐ESG低碳高息,9,0,9,兆豐-三重,2024-06-28,7008
2107,厚生,9,0,9,兆豐-三重,2024-06-28,7008
2337,旺宏,35,26,9,兆豐-三重,2024-06-28,7008
2609,陽明,11,2,9,兆豐-三重,2024-06-28,7008
4128,中天,10,1,9,兆豐-三重,2024-06-28,7008
2892,第一金,8,0,8,兆豐-三重,2024-06-28,7008
6244,茂迪,89,81,8,兆豐-三重,2024-06-28,7008
6282,康舒,10,2,8,兆豐-三重,2024-06-28,7008
0056,元大高股息,207,1,206,兆豐-三重,2024-07-01,7008
2883,凱基金,138,12,126,兆豐-三重,2024-07-01,7008
6753,龍德造船,93,1,92,兆豐-三重,2024-07-01,7008
00942B,台新美A公司債20+,91,0,91,兆豐-三重,2024-07-01,7008
912000,晨訊科-DR,70,0,70,兆豐-三重,2024-07-01,7008
00679B,元大美債20年,47,0,47,兆豐-三重,2024-07-01,7008
2888,新光金,100,58,42,兆豐-三重,2024-07-01,7008
00632R,元大台灣50反1,29,0,29,兆豐-三重,2024-07-01,7008
2501,國建,25,0,25,兆豐-三重,2024-07-01,7008
4563,百德,24,0,24,兆豐-三重,2024-07-01,7008
00631L,元大台灣50正2,21,0,21,兆豐-三重,2024-07-01,7008
2371,大同,23,2,21,兆豐-三重,2024-07-01,7008
6127,九豪,21,0,21,兆豐-三重,2024-07-01,7008
00948B,中信優息投資級債,20,0,20,兆豐-三重,2024-07-01,7008
4746,台耀,20,0,20,兆豐-三重,2024-07-01,7008
6163,華電網,20,0,20,兆豐-三重,2024-07-01,7008
2313,華通,21,3,18,兆豐-三重,2024-07-01,7008
6188,廣明,27,10,17,兆豐-三重,2024-07-01,7008
2352,佳世達,71,55,16,兆豐-三重,2024-07-01,7008
2618,長榮航,21,5,16,兆豐-三重,2024-07-01,7008
4109,加捷生醫,14,0,14,兆豐-三重,2024-07-01,7008
00687B,國泰20年美債,14,0,14,兆豐-三重,2024-07-01,7008
2002,中鋼,20,7,13,兆豐-三重,2024-07-01,7008
00720B,元大投資級公司債,13,0,13,兆豐-三重,2024-07-01,7008
00936,台新永續高息中小,12,0,12,兆豐-三重,2024-07-01,7008
00688L,國泰20年美債正2,12,0,12,兆豐-三重,2024-07-01,7008
00930,永豐ESG低碳高息,12,0,12,兆豐-三重,2024-07-01,7008
2454,聯發科,11,0,11,兆豐-三重,2024-07-01,7008
3024,憶聲,11,0,11,兆豐-三重,2024-07-01,7008
1218,泰山,10,0,10,兆豐-三重,2024-07-01,7008
00786B,元大10年IG銀行債,10,0,10,兆豐-三重,2024-07-01,7008
1314,中石化,10,0,10,兆豐-三重,2024-07-01,7008
3205,佰研,10,0,10,兆豐-三重,2024-07-01,7008
6116,彩晶,10,0,10,兆豐-三重,2024-07-01,7008
6166,凌華,10,0,10,兆豐-三重,2024-07-01,7008
8150,南茂,10,0,10,兆豐-三重,2024-07-01,7008
00929,復華台灣科技優息,11,1,10,兆豐-三重,2024-07-01,7008
8105,凌巨,9,0,9,兆豐-三重,2024-07-01,7008
1455,集盛,8,0,8,兆豐-三重,2024-07-01,7008
1584,精剛,189,181,8,兆豐-三重,2024-07-01,7008
1609,大亞,8,0,8,兆豐-三重,2024-07-01,7008
2243,宏旭-KY,8,0,8,兆豐-三重,2024-07-01,7008
2329,華泰,8,0,8,兆豐-三重,2024-07-01,7008
2367,燿華,17,9,8,兆豐-三重,2024-07-01,7008
2836,高雄銀,10,2,8,兆豐-三重,2024-07-01,7008
3066,李洲,10,2,8,兆豐-三重,2024-07-01,7008
3712,永崴投控,14,6,8,兆豐-三重,2024-07-01,7008
1536,和大,7,0,7,兆豐-三重,2024-07-01,7008
6143,振曜,7,0,7,兆豐-三重,2024-07-01,7008
8085,福華,7,0,7,兆豐-三重,2024-07-01,7008
00687B,國泰20年美債,85,0,85,兆豐-三重,2024-07-02,7008
00934,中信成長高股息,91,10,81,兆豐-三重,2024-07-02,7008
9105,泰金寶-DR,75,0,75,兆豐-三重,2024-07-02,7008
00929,復華台灣科技優息,74,0,74,兆豐-三重,2024-07-02,7008
2303,聯電,104,44,60,兆豐-三重,2024-07-02,7008
1584,精剛,199,145,54,兆豐-三重,2024-07-02,7008
00680L,元大美債20正2,50,0,50,兆豐-三重,2024-07-02,7008
00919,群益台灣精選高息,58,12,46,兆豐-三重,2024-07-02,7008
00673R,期元大S＆P原油反1,42,0,42,兆豐-三重,2024-07-02,7008
2537,聯上發,42,1,41,兆豐-三重,2024-07-02,7008
2607,榮運,40,1,39,兆豐-三重,2024-07-02,7008
00679B,元大美債20年,33,0,33,兆豐-三重,2024-07-02,7008
2317,鴻海,72,40,32,兆豐-三重,2024-07-02,7008
00942B,台新美A公司債20+,25,0,25,兆豐-三重,2024-07-02,7008
2236,百達-KY,21,0,21,兆豐-三重,2024-07-02,7008
2615,萬海,25,4,21,兆豐-三重,2024-07-02,7008
1905,華紙,20,0,20,兆豐-三重,2024-07-02,7008
2349,錸德,123,104,19,兆豐-三重,2024-07-02,7008
00937B,群益ESG投等債20,18,0,18,兆豐-三重,2024-07-02,7008
2883,凱基金,21,5,16,兆豐-三重,2024-07-02,7008
2609,陽明,20,5,15,兆豐-三重,2024-07-02,7008
3532,台勝科,15,0,15,兆豐-三重,2024-07-02,7008
3628,盈正,15,0,15,兆豐-三重,2024-07-02,7008
4113,聯上,15,0,15,兆豐-三重,2024-07-02,7008
6706,惠特,40,25,15,兆豐-三重,2024-07-02,7008
3576,聯合再生,75,61,14,兆豐-三重,2024-07-02,7008
6753,龍德造船,16,2,14,兆豐-三重,2024-07-02,7008
6125,廣運,18,5,13,兆豐-三重,2024-07-02,7008
6126,信音,12,0,12,兆豐-三重,2024-07-02,7008
6139,亞翔,21,9,12,兆豐-三重,2024-07-02,7008
3376,新日興,17,5,12,兆豐-三重,2024-07-02,7008
2002,中鋼,11,0,11,兆豐-三重,2024-07-02,7008
3055,蔚華科,11,0,11,兆豐-三重,2024-07-02,7008
3702,大聯大,11,0,11,兆豐-三重,2024-07-02,7008
00878,國泰永續高股息,11,0,11,兆豐-三重,2024-07-02,7008
00793B,群益AAA-A醫療債,10,0,10,兆豐-三重,2024-07-02,7008
00946,群益科技高息成長,10,0,10,兆豐-三重,2024-07-02,7008
1536,和大,10,0,10,兆豐-三重,2024-07-02,7008
2340,台亞,10,0,10,兆豐-三重,2024-07-02,7008
3163,波若威,12,2,10,兆豐-三重,2024-07-02,7008
3356,奇偶,10,0,10,兆豐-三重,2024-07-02,7008
3372,典範,10,0,10,兆豐-三重,2024-07-02,7008
6152,百一,10,0,10,兆豐-三重,2024-07-02,7008
00712,復華富時不動產,9,0,9,兆豐-三重,2024-07-02,7008
00923,群益台ESG低碳50,9,0,9,兆豐-三重,2024-07-02,7008
00930,永豐ESG低碳高息,8,0,8,兆豐-三重,2024-07-02,7008
00830,國泰費城半導體,7,0,7,兆豐-三重,2024-07-02,7008
00939,統一台灣高息動能,11,4,7,兆豐-三重,2024-07-02,7008
1582,信錦,7,0,7,兆豐-三重,2024-07-02,7008
2204,中華,7,0,7,兆豐-三重,2024-07-02,7008
3576,聯合再生,171,31,140,兆豐-三重,2024-07-03,7008
1417,嘉裕,133,0,133,兆豐-三重,2024-07-03,7008
3047,訊舟,93,28,65,兆豐-三重,2024-07-03,7008
5512,力麒,67,3,64,兆豐-三重,2024-07-03,7008
2884,玉山金,55,0,55,兆豐-三重,2024-07-03,7008
6443,元晶,110,61,49,兆豐-三重,2024-07-03,7008
00940,元大台灣價值高息,52,6,46,兆豐-三重,2024-07-03,7008
2303,聯電,93,47,46,兆豐-三重,2024-07-03,7008
2618,長榮航,52,11,41,兆豐-三重,2024-07-03,7008
2406,國碩,35,4,31,兆豐-三重,2024-07-03,7008
3520,華盈,30,0,30,兆豐-三重,2024-07-03,7008
1513,中興電,30,2,28,兆豐-三重,2024-07-03,7008
2537,聯上發,31,3,28,兆豐-三重,2024-07-03,7008
00929,復華台灣科技優息,27,2,25,兆豐-三重,2024-07-03,7008
2607,榮運,23,0,23,兆豐-三重,2024-07-03,7008
3094,聯傑,23,0,23,兆豐-三重,2024-07-03,7008
00919,群益台灣精選高息,27,5,22,兆豐-三重,2024-07-03,7008
9907,統一實,22,0,22,兆豐-三重,2024-07-03,7008
00933B,國泰10Y+金融債,20,0,20,兆豐-三重,2024-07-03,7008
6901,鑽石投資,20,0,20,兆豐-三重,2024-07-03,7008
9105,泰金寶-DR,60,43,17,兆豐-三重,2024-07-03,7008
1529,樂事綠能,15,0,15,兆豐-三重,2024-07-03,7008
1608,華榮,18,3,15,兆豐-三重,2024-07-03,7008
2201,裕隆,15,0,15,兆豐-三重,2024-07-03,7008
3622,洋華,20,5,15,兆豐-三重,2024-07-03,7008
2405,輔信,17,4,13,兆豐-三重,2024-07-03,7008
6477,安集,18,6,12,兆豐-三重,2024-07-03,7008
00934,中信成長高股息,12,0,12,兆豐-三重,2024-07-03,7008
3035,智原,25,13,12,兆豐-三重,2024-07-03,7008
5392,能率,11,0,11,兆豐-三重,2024-07-03,7008
2913,農林,14,3,11,兆豐-三重,2024-07-03,7008
4726,永昕,11,0,11,兆豐-三重,2024-07-03,7008
8016,矽創,12,1,11,兆豐-三重,2024-07-03,7008
1442,名軒,10,0,10,兆豐-三重,2024-07-03,7008
1526,日馳,10,0,10,兆豐-三重,2024-07-03,7008
3490,單井,10,0,10,兆豐-三重,2024-07-03,7008
4707,磐亞,10,0,10,兆豐-三重,2024-07-03,7008
6152,百一,10,0,10,兆豐-三重,2024-07-03,7008
6290,良維,28,18,10,兆豐-三重,2024-07-03,7008
8213,志超,10,0,10,兆豐-三重,2024-07-03,7008
5347,世界,17,7,10,兆豐-三重,2024-07-03,7008
1611,中電,10,1,9,兆豐-三重,2024-07-03,7008
1808,潤隆,10,1,9,兆豐-三重,2024-07-03,7008
5371,中光電,9,0,9,兆豐-三重,2024-07-03,7008
0056,元大高股息,8,0,8,兆豐-三重,2024-07-03,7008
2603,長榮,9,1,8,兆豐-三重,2024-07-03,7008
2402,毅嘉,38,31,7,兆豐-三重,2024-07-03,7008
00753L,中信中國50正2,7,0,7,兆豐-三重,2024-07-03,7008
5498,凱崴,7,0,7,兆豐-三重,2024-07-03,7008
5531,鄉林,7,0,7,兆豐-三重,2024-07-03,7008
0056,元大高股息,202,0,202,兆豐-三重,2024-07-04,7008
2883,凱基金,174,20,154,兆豐-三重,2024-07-04,7008
2618,長榮航,127,65,62,兆豐-三重,2024-07-04,7008
00632R,元大台灣50反1,40,0,40,兆豐-三重,2024-07-04,7008
00937B,群益ESG投等債20,52,16,36,兆豐-三重,2024-07-04,7008
3380,明泰,35,0,35,兆豐-三重,2024-07-04,7008
2412,中華電,32,0,32,兆豐-三重,2024-07-04,7008
2354,鴻準,42,11,31,兆豐-三重,2024-07-04,7008
2605,新興,40,9,31,兆豐-三重,2024-07-04,7008
4906,正文,31,0,31,兆豐-三重,2024-07-04,7008
1584,精剛,48,20,28,兆豐-三重,2024-07-04,7008
3323,加百裕,25,0,25,兆豐-三重,2024-07-04,7008
4526,東台,27,2,25,兆豐-三重,2024-07-04,7008
00929,復華台灣科技優息,30,7,23,兆豐-三重,2024-07-04,7008
6244,茂迪,24,2,22,兆豐-三重,2024-07-04,7008
1417,嘉裕,21,0,21,兆豐-三重,2024-07-04,7008
2317,鴻海,88,67,21,兆豐-三重,2024-07-04,7008
2390,云辰,20,0,20,兆豐-三重,2024-07-04,7008
4720,德淵,20,0,20,兆豐-三重,2024-07-04,7008
8104,錸寶,34,14,20,兆豐-三重,2024-07-04,7008
3047,訊舟,74,55,19,兆豐-三重,2024-07-04,7008
3535,晶彩科,21,2,19,兆豐-三重,2024-07-04,7008
3576,聯合再生,60,41,19,兆豐-三重,2024-07-04,7008
1608,華榮,21,3,18,兆豐-三重,2024-07-04,7008
3520,華盈,20,2,18,兆豐-三重,2024-07-04,7008
5464,霖宏,18,0,18,兆豐-三重,2024-07-04,7008
00919,群益台灣精選高息,22,5,17,兆豐-三重,2024-07-04,7008
1529,樂事綠能,15,0,15,兆豐-三重,2024-07-04,7008
1815,富喬,15,1,14,兆豐-三重,2024-07-04,7008
6153,嘉聯益,16,2,14,兆豐-三重,2024-07-04,7008
2615,萬海,84,70,14,兆豐-三重,2024-07-04,7008
2888,新光金,15,3,12,兆豐-三重,2024-07-04,7008
3591,艾笛森,12,0,12,兆豐-三重,2024-07-04,7008
00881,國泰台灣5G+,14,2,12,兆豐-三重,2024-07-04,7008
2308,台達電,12,1,11,兆豐-三重,2024-07-04,7008
4726,永昕,12,1,11,兆豐-三重,2024-07-04,7008
6443,元晶,22,11,11,兆豐-三重,2024-07-04,7008
00725B,國泰投資級公司債,11,0,11,兆豐-三重,2024-07-04,7008
00927,群益半導體收益,10,0,10,兆豐-三重,2024-07-04,7008
1319,東陽,10,0,10,兆豐-三重,2024-07-04,7008
2421,建準,10,0,10,兆豐-三重,2024-07-04,7008
3049,精金,10,0,10,兆豐-三重,2024-07-04,7008
3615,安可,18,8,10,兆豐-三重,2024-07-04,7008
6129,普誠,10,0,10,兆豐-三重,2024-07-04,7008
8421,旭源,10,0,10,兆豐-三重,2024-07-04,7008
6788,華景電,9,0,9,兆豐-三重,2024-07-04,7008
3338,泰碩,8,0,8,兆豐-三重,2024-07-04,7008
9105,泰金寶-DR,8,0,8,兆豐-三重,2024-07-04,7008
5347,世界,8,0,8,兆豐-三重,2024-07-04,7008
2886,兆豐金,14,6,8,兆豐-三重,2024-07-04,7008
1314,中石化,40,3,37,兆豐-三重,2024-07-05,7008
00632R,元大台灣50反1,31,0,31,兆豐-三重,2024-07-05,7008
1727,中華化,32,1,31,兆豐-三重,2024-07-05,7008
2618,長榮航,105,76,29,兆豐-三重,2024-07-05,7008
2002,中鋼,29,1,28,兆豐-三重,2024-07-05,7008
2476,鉅祥,33,7,26,兆豐-三重,2024-07-05,7008
6126,信音,27,3,24,兆豐-三重,2024-07-05,7008
3390,旭軟,18,0,18,兆豐-三重,2024-07-05,7008
00936,台新永續高息中小,17,0,17,兆豐-三重,2024-07-05,7008
2615,萬海,21,4,17,兆豐-三重,2024-07-05,7008
2371,大同,40,24,16,兆豐-三重,2024-07-05,7008
2883,凱基金,25,9,16,兆豐-三重,2024-07-05,7008
5468,凱鈺,18,2,16,兆豐-三重,2024-07-05,7008
00930,永豐ESG低碳高息,15,0,15,兆豐-三重,2024-07-05,7008
2392,正崴,16,2,14,兆豐-三重,2024-07-05,7008
6443,元晶,18,4,14,兆豐-三重,2024-07-05,7008
00895,富邦未來車,12,0,12,兆豐-三重,2024-07-05,7008
3580,友威科,13,1,12,兆豐-三重,2024-07-05,7008
4526,東台,12,0,12,兆豐-三重,2024-07-05,7008
8112,至上,18,6,12,兆豐-三重,2024-07-05,7008
8930,青鋼,12,0,12,兆豐-三重,2024-07-05,7008
2301,光寶科,11,0,11,兆豐-三重,2024-07-05,7008
00934,中信成長高股息,11,0,11,兆豐-三重,2024-07-05,7008
1326,台化,11,0,11,兆豐-三重,2024-07-05,7008
00636,國泰中國A50,10,0,10,兆豐-三重,2024-07-05,7008
2368,金像電,15,5,10,兆豐-三重,2024-07-05,7008
2606,裕民,10,0,10,兆豐-三重,2024-07-05,7008
3049,精金,10,0,10,兆豐-三重,2024-07-05,7008
3265,台星科,10,0,10,兆豐-三重,2024-07-05,7008
3576,聯合再生,20,10,10,兆豐-三重,2024-07-05,7008
6142,友勁,10,0,10,兆豐-三重,2024-07-05,7008
00919,群益台灣精選高息,10,0,10,兆豐-三重,2024-07-05,7008
2317,鴻海,19,10,9,兆豐-三重,2024-07-05,7008
00937B,群益ESG投等債20,16,7,9,兆豐-三重,2024-07-05,7008
00712,復華富時不動產,9,0,9,兆豐-三重,2024-07-05,7008
2362,藍天,10,1,9,兆豐-三重,2024-07-05,7008
2406,國碩,11,2,9,兆豐-三重,2024-07-05,7008
4108,懷特,9,0,9,兆豐-三重,2024-07-05,7008
6125,廣運,10,1,9,兆豐-三重,2024-07-05,7008
00923,群益台ESG低碳50,10,1,9,兆豐-三重,2024-07-05,7008
00927,群益半導體收益,8,0,8,兆豐-三重,2024-07-05,7008
4534,慶騰,15,7,8,兆豐-三重,2024-07-05,7008
00928,中信上櫃ESG30,7,0,7,兆豐-三重,2024-07-05,7008
1514,亞力,18,11,7,兆豐-三重,2024-07-05,7008
1587,吉茂,7,0,7,兆豐-三重,2024-07-05,7008
1809,中釉,10,3,7,兆豐-三重,2024-07-05,7008
2328,廣宇,9,2,7,兆豐-三重,2024-07-05,7008
2351,順德,7,0,7,兆豐-三重,2024-07-05,7008
6834,天二科技,7,0,7,兆豐-三重,2024-07-05,7008
00687B,國泰20年美債,6,0,6,兆豐-三重,2024-07-05,7008
2834,臺企銀,200,8,192,兆豐-三重,2024-07-08,7008
1718,中纖,150,1,149,兆豐-三重,2024-07-08,7008
00929,復華台灣科技優息,109,9,100,兆豐-三重,2024-07-08,7008
00934,中信成長高股息,86,0,86,兆豐-三重,2024-07-08,7008
1785,光洋科,172,110,62,兆豐-三重,2024-07-08,7008
2313,華通,58,16,42,兆豐-三重,2024-07-08,7008
2317,鴻海,77,35,42,兆豐-三重,2024-07-08,7008
2427,三商電,45,5,40,兆豐-三重,2024-07-08,7008
2609,陽明,35,1,34,兆豐-三重,2024-07-08,7008
00632R,元大台灣50反1,32,0,32,兆豐-三重,2024-07-08,7008
2365,昆盈,84,58,26,兆豐-三重,2024-07-08,7008
3450,聯鈞,29,3,26,兆豐-三重,2024-07-08,7008
4540,全球傳動,26,0,26,兆豐-三重,2024-07-08,7008
00712,復華富時不動產,24,0,24,兆豐-三重,2024-07-08,7008
8050,廣積,24,0,24,兆豐-三重,2024-07-08,7008
2352,佳世達,25,2,23,兆豐-三重,2024-07-08,7008
1314,中石化,23,1,22,兆豐-三重,2024-07-08,7008
2371,大同,42,21,21,兆豐-三重,2024-07-08,7008
6152,百一,21,0,21,兆豐-三重,2024-07-08,7008
3481,群創,36,16,20,兆豐-三重,2024-07-08,7008
1418,東華,27,7,20,兆豐-三重,2024-07-08,7008
3094,聯傑,21,1,20,兆豐-三重,2024-07-08,7008
2402,毅嘉,20,1,19,兆豐-三重,2024-07-08,7008
1815,富喬,24,6,18,兆豐-三重,2024-07-08,7008
911868,同方友友-DR,18,0,18,兆豐-三重,2024-07-08,7008
8210,勤誠,16,0,16,兆豐-三重,2024-07-08,7008
8411,福貞-KY,16,0,16,兆豐-三重,2024-07-08,7008
00927,群益半導體收益,15,0,15,兆豐-三重,2024-07-08,7008
2501,國建,25,10,15,兆豐-三重,2024-07-08,7008
8085,福華,15,0,15,兆豐-三重,2024-07-08,7008
5392,能率,29,15,14,兆豐-三重,2024-07-08,7008
3055,蔚華科,13,0,13,兆豐-三重,2024-07-08,7008
2618,長榮航,28,15,13,兆豐-三重,2024-07-08,7008
6189,豐藝,13,1,12,兆豐-三重,2024-07-08,7008
00928,中信上櫃ESG30,11,0,11,兆豐-三重,2024-07-08,7008
8039,台虹,11,0,11,兆豐-三重,2024-07-08,7008
00725B,國泰投資級公司債,11,0,11,兆豐-三重,2024-07-08,7008
6213,聯茂,15,5,10,兆豐-三重,2024-07-08,7008
00935,野村臺灣新科技50,10,0,10,兆豐-三重,2024-07-08,7008
6202,盛群,10,0,10,兆豐-三重,2024-07-08,7008
6215,和椿,12,2,10,兆豐-三重,2024-07-08,7008
8111,立��,10,0,10,兆豐-三重,2024-07-08,7008
8213,志超,10,0,10,兆豐-三重,2024-07-08,7008
1303,南亞,20,10,10,兆豐-三重,2024-07-08,7008
2406,國碩,10,1,9,兆豐-三重,2024-07-08,7008
2867,三商壽,10,1,9,兆豐-三重,2024-07-08,7008
3045,台灣大,9,0,9,兆豐-三重,2024-07-08,7008
3048,益登,9,0,9,兆豐-三重,2024-07-08,7008
6443,元晶,55,46,9,兆豐-三重,2024-07-08,7008
6462,神盾,8,0,8,兆豐-三重,2024-07-08,7008
2367,燿華,114,57,57,兆豐-三重,2024-07-09,7008
2618,長榮航,60,3,57,兆豐-三重,2024-07-09,7008
00632R,元大台灣50反1,43,0,43,兆豐-三重,2024-07-09,7008
2365,昆盈,154,112,42,兆豐-三重,2024-07-09,7008
1314,中石化,36,0,36,兆豐-三重,2024-07-09,7008
2609,陽明,47,12,35,兆豐-三重,2024-07-09,7008
2834,臺企銀,33,0,33,兆豐-三重,2024-07-09,7008
2317,鴻海,219,195,24,兆豐-三重,2024-07-09,7008
2312,金寶,845,822,23,兆豐-三重,2024-07-09,7008
2369,菱生,24,1,23,兆豐-三重,2024-07-09,7008
00929,復華台灣科技優息,28,6,22,兆豐-三重,2024-07-09,7008
2427,三商電,31,10,21,兆豐-三重,2024-07-09,7008
4976,佳凌,21,0,21,兆豐-三重,2024-07-09,7008
2236,百達-KY,20,0,20,兆豐-三重,2024-07-09,7008
8150,南茂,20,0,20,兆豐-三重,2024-07-09,7008
2362,藍天,18,0,18,兆豐-三重,2024-07-09,7008
1785,光洋科,86,70,16,兆豐-三重,2024-07-09,7008
3481,群創,30,14,16,兆豐-三重,2024-07-09,7008
9105,泰金寶-DR,48,32,16,兆豐-三重,2024-07-09,7008
3229,晟鈦,15,0,15,兆豐-三重,2024-07-09,7008
3305,昇貿,26,12,14,兆豐-三重,2024-07-09,7008
00942B,台新美A公司債20+,72,60,12,兆豐-三重,2024-07-09,7008
2449,京元電子,21,10,11,兆豐-三重,2024-07-09,7008
3710,連展投控,13,2,11,兆豐-三重,2024-07-09,7008
6111,大宇資,11,0,11,兆豐-三重,2024-07-09,7008
2605,新興,41,30,11,兆豐-三重,2024-07-09,7008
1536,和大,14,4,10,兆豐-三重,2024-07-09,7008
00664R,國泰臺灣加權反1,10,0,10,兆豐-三重,2024-07-09,7008
00679B,元大美債20年,10,0,10,兆豐-三重,2024-07-09,7008
1449,佳和,10,0,10,兆豐-三重,2024-07-09,7008
2109,華豐,10,0,10,兆豐-三重,2024-07-09,7008
2353,宏��,30,20,10,兆豐-三重,2024-07-09,7008
3033,威健,10,0,10,兆豐-三重,2024-07-09,7008
3058,立德,10,0,10,兆豐-三重,2024-07-09,7008
4123,晟德,10,0,10,兆豐-三重,2024-07-09,7008
4956,光鋐,10,0,10,兆豐-三重,2024-07-09,7008
5356,協益,12,2,10,兆豐-三重,2024-07-09,7008
5464,霖宏,10,0,10,兆豐-三重,2024-07-09,7008
5469,瀚宇博,10,0,10,兆豐-三重,2024-07-09,7008
5488,松普,10,0,10,兆豐-三重,2024-07-09,7008
5512,力麒,20,10,10,兆豐-三重,2024-07-09,7008
8027,鈦昇,15,5,10,兆豐-三重,2024-07-09,7008
00934,中信成長高股息,9,0,9,兆豐-三重,2024-07-09,7008
1326,台化,9,0,9,兆豐-三重,2024-07-09,7008
3019,亞光,10,1,9,兆豐-三重,2024-07-09,7008
1529,樂事綠能,10,2,8,兆豐-三重,2024-07-09,7008
6706,惠特,37,29,8,兆豐-三重,2024-07-09,7008
2002,中鋼,15,8,7,兆豐-三重,2024-07-09,7008
1301,台塑,7,0,7,兆豐-三重,2024-07-09,7008
3037,欣興,8,1,7,兆豐-三重,2024-07-09,7008
2489,瑞軒,136,9,127,兆豐-三重,2024-07-10,7008
2374,佳能,37,1,36,兆豐-三重,2024-07-10,7008
00632R,元大台灣50反1,34,0,34,兆豐-三重,2024-07-10,7008
4167,松瑞藥,33,0,33,兆豐-三重,2024-07-10,7008
00940,元大台灣價值高息,52,20,32,兆豐-三重,2024-07-10,7008
00725B,國泰投資級公司債,32,0,32,兆豐-三重,2024-07-10,7008
4960,誠美材,31,1,30,兆豐-三重,2024-07-10,7008
2867,三商壽,28,1,27,兆豐-三重,2024-07-10,7008
2464,盟立,39,16,23,兆豐-三重,2024-07-10,7008
4513,福裕,36,13,23,兆豐-三重,2024-07-10,7008
00927,群益半導體收益,34,13,21,兆豐-三重,2024-07-10,7008
2367,燿華,24,3,21,兆豐-三重,2024-07-10,7008
00735,國泰臺韓科技,20,0,20,兆豐-三重,2024-07-10,7008
00944,野村趨勢動能高息,20,0,20,兆豐-三重,2024-07-10,7008
1708,東鹼,20,0,20,兆豐-三重,2024-07-10,7008
2023,燁輝,20,0,20,兆豐-三重,2024-07-10,7008
00946,群益科技高息成長,20,1,19,兆豐-三重,2024-07-10,7008
2002,中鋼,17,0,17,兆豐-三重,2024-07-10,7008
3037,欣興,22,5,17,兆豐-三重,2024-07-10,7008
6152,百一,17,0,17,兆豐-三重,2024-07-10,7008
9105,泰金寶-DR,32,15,17,兆豐-三重,2024-07-10,7008
3537,堡達,20,4,16,兆豐-三重,2024-07-10,7008
2883,凱基金,114,99,15,兆豐-三重,2024-07-10,7008
00679B,元大美債20年,15,0,15,兆豐-三重,2024-07-10,7008
5443,均豪,24,10,14,兆豐-三重,2024-07-10,7008
8210,勤誠,15,1,14,兆豐-三重,2024-07-10,7008
3303,岱稜,145,133,12,兆豐-三重,2024-07-10,7008
5309,系統電,43,31,12,兆豐-三重,2024-07-10,7008
00919,群益台灣精選高息,26,14,12,兆豐-三重,2024-07-10,7008
2615,萬海,18,7,11,兆豐-三重,2024-07-10,7008
3047,訊舟,26,15,11,兆豐-三重,2024-07-10,7008
4123,晟德,11,0,11,兆豐-三重,2024-07-10,7008
6127,九豪,11,0,11,兆豐-三重,2024-07-10,7008
3013,晟銘電,13,3,10,兆豐-三重,2024-07-10,7008
00892,富邦台灣半導體,10,0,10,兆豐-三重,2024-07-10,7008
00950B,凱基A級公司債,10,0,10,兆豐-三重,2024-07-10,7008
1476,儒鴻,10,0,10,兆豐-三重,2024-07-10,7008
1584,精剛,10,0,10,兆豐-三重,2024-07-10,7008
2109,華豐,10,0,10,兆豐-三重,2024-07-10,7008
2451,創見,12,2,10,兆豐-三重,2024-07-10,7008
3019,亞光,13,3,10,兆豐-三重,2024-07-10,7008
3035,智原,10,0,10,兆豐-三重,2024-07-10,7008
3071,協禧,10,0,10,兆豐-三重,2024-07-10,7008
6024,群益期,10,0,10,兆豐-三重,2024-07-10,7008
8171,天宇,10,0,10,兆豐-三重,2024-07-10,7008
8213,志超,10,0,10,兆豐-三重,2024-07-10,7008
2605,新興,10,1,9,兆豐-三重,2024-07-10,7008
1326,台化,9,0,9,兆豐-三重,2024-07-10,7008
2886,兆豐金,10,2,8,兆豐-三重,2024-07-10,7008
1618,合機,69,61,8,兆豐-三重,2024-07-10,7008
1314,中石化,362,200,162,兆豐-三重,2024-07-11,7008
00936,台新永續高息中小,92,0,92,兆豐-三重,2024-07-11,7008
2317,鴻海,89,3,86,兆豐-三重,2024-07-11,7008
00688L,國泰20年美債正2,73,0,73,兆豐-三重,2024-07-11,7008
2618,長榮航,155,102,53,兆豐-三重,2024-07-11,7008
00632R,元大台灣50反1,50,0,50,兆豐-三重,2024-07-11,7008
6153,嘉聯益,42,0,42,兆豐-三重,2024-07-11,7008
00772B,中信高評級公司債,40,0,40,兆豐-三重,2024-07-11,7008
5512,力麒,40,0,40,兆豐-三重,2024-07-11,7008
6706,惠特,70,31,39,兆豐-三重,2024-07-11,7008
1708,東鹼,31,0,31,兆豐-三重,2024-07-11,7008
00882,中信中國高股息,30,0,30,兆豐-三重,2024-07-11,7008
2236,百達-KY,30,0,30,兆豐-三重,2024-07-11,7008
00927,群益半導體收益,44,15,29,兆豐-三重,2024-07-11,7008
00937B,群益ESG投等債20,38,10,28,兆豐-三重,2024-07-11,7008
00919,群益台灣精選高息,24,2,22,兆豐-三重,2024-07-11,7008
00679B,元大美債20年,24,2,22,兆豐-三重,2024-07-11,7008
2404,漢唐,20,0,20,兆豐-三重,2024-07-11,7008
00945B,凱基美國非投等債,20,0,20,兆豐-三重,2024-07-11,7008
1532,勤美,25,5,20,兆豐-三重,2024-07-11,7008
1514,亞力,36,18,18,兆豐-三重,2024-07-11,7008
5465,富驊,16,0,16,兆豐-三重,2024-07-11,7008
1903,士紙,16,1,15,兆豐-三重,2024-07-11,7008
1522,堤維西,15,1,14,兆豐-三重,2024-07-11,7008
3541,西柏,14,0,14,兆豐-三重,2024-07-11,7008
2405,輔信,15,1,14,兆豐-三重,2024-07-11,7008
8383,千附,14,1,13,兆豐-三重,2024-07-11,7008
3094,聯傑,17,5,12,兆豐-三重,2024-07-11,7008
00725B,國泰投資級公司債,12,0,12,兆豐-三重,2024-07-11,7008
1418,東華,11,0,11,兆豐-三重,2024-07-11,7008
2354,鴻準,26,15,11,兆豐-三重,2024-07-11,7008
2362,藍天,11,0,11,兆豐-三重,2024-07-11,7008
1569,濱川,10,0,10,兆豐-三重,2024-07-11,7008
2365,昆盈,61,51,10,兆豐-三重,2024-07-11,7008
2607,榮運,10,0,10,兆豐-三重,2024-07-11,7008
3163,波若威,59,49,10,兆豐-三重,2024-07-11,7008
4207,環泰,10,0,10,兆豐-三重,2024-07-11,7008
4549,桓達,11,1,10,兆豐-三重,2024-07-11,7008
4563,百德,10,0,10,兆豐-三重,2024-07-11,7008
8349,�矬�,10,0,10,兆豐-三重,2024-07-11,7008
6139,亞翔,10,1,9,兆豐-三重,2024-07-11,7008
2801,彰銀,12,3,9,兆豐-三重,2024-07-11,7008
3498,陽程,14,5,9,兆豐-三重,2024-07-11,7008
6228,全譜,9,0,9,兆豐-三重,2024-07-11,7008
2382,廣達,10,2,8,兆豐-三重,2024-07-11,7008
2324,仁寶,10,2,8,兆豐-三重,2024-07-11,7008
1609,大亞,10,3,7,兆豐-三重,2024-07-11,7008
3593,力銘,10,3,7,兆豐-三重,2024-07-11,7008
3703,欣陸,10,3,7,兆豐-三重,2024-07-11,7008
6127,九豪,9,2,7,兆豐-三重,2024-07-11,7008
00937B,群益ESG投等債20,226,2,224,兆豐-三重,2024-07-12,7008
00687B,國泰20年美債,153,6,147,兆豐-三重,2024-07-12,7008
2892,第一金,92,0,92,兆豐-三重,2024-07-12,7008
2330,台積電,92,3,89,兆豐-三重,2024-07-12,7008
00929,復華台灣科技優息,82,0,82,兆豐-三重,2024-07-12,7008
2883,凱基金,81,2,79,兆豐-三重,2024-07-12,7008
2303,聯電,72,0,72,兆豐-三重,2024-07-12,7008
00919,群益台灣精選高息,65,0,65,兆豐-三重,2024-07-12,7008
00934,中信成長高股息,61,0,61,兆豐-三重,2024-07-12,7008
00632R,元大台灣50反1,46,0,46,兆豐-三重,2024-07-12,7008
00735,國泰臺韓科技,43,2,41,兆豐-三重,2024-07-12,7008
00945B,凱基美國非投等債,41,0,41,兆豐-三重,2024-07-12,7008
9105,泰金寶-DR,37,0,37,兆豐-三重,2024-07-12,7008
1304,台聚,50,13,37,兆豐-三重,2024-07-12,7008
2312,金寶,169,137,32,兆豐-三重,2024-07-12,7008
3481,群創,104,73,31,兆豐-三重,2024-07-12,7008
5202,力新,46,17,29,兆豐-三重,2024-07-12,7008
3265,台星科,25,2,23,兆豐-三重,2024-07-12,7008
00881,國泰台灣5G+,28,6,22,兆豐-三重,2024-07-12,7008
1316,上曜,23,2,21,兆豐-三重,2024-07-12,7008
3711,日月光投控,71,50,21,兆豐-三重,2024-07-12,7008
2236,百達-KY,20,0,20,兆豐-三重,2024-07-12,7008
2609,陽明,19,0,19,兆豐-三重,2024-07-12,7008
6228,全譜,20,1,19,兆豐-三重,2024-07-12,7008
2501,國建,18,1,17,兆豐-三重,2024-07-12,7008
0056,元大高股息,17,1,16,兆豐-三重,2024-07-12,7008
3231,緯創,27,12,15,兆豐-三重,2024-07-12,7008
1442,名軒,15,0,15,兆豐-三重,2024-07-12,7008
4563,百德,15,0,15,兆豐-三重,2024-07-12,7008
8210,勤誠,15,0,15,兆豐-三重,2024-07-12,7008
00673R,期元大S＆P原油反1,14,0,14,兆豐-三重,2024-07-12,7008
6191,精成科,13,0,13,兆豐-三重,2024-07-12,7008
00935,野村臺灣新科技50,12,0,12,兆豐-三重,2024-07-12,7008
00891,中信關鍵半導體,11,0,11,兆豐-三重,2024-07-12,7008
00927,群益半導體收益,24,13,11,兆豐-三重,2024-07-12,7008
1312,國喬,11,0,11,兆豐-三重,2024-07-12,7008
1584,精剛,12,1,11,兆豐-三重,2024-07-12,7008
2367,燿華,13,2,11,兆豐-三重,2024-07-12,7008
3013,晟銘電,27,16,11,兆豐-三重,2024-07-12,7008
00940,元大台灣價值高息,20,10,10,兆豐-三重,2024-07-12,7008
00947,台新臺灣IC設計,10,0,10,兆豐-三重,2024-07-12,7008
1519,華城,19,9,10,兆豐-三重,2024-07-12,7008
00942B,台新美A公司債20+,10,0,10,兆豐-三重,2024-07-12,7008
1903,士紙,11,1,10,兆豐-三重,2024-07-12,7008
2323,中環,10,0,10,兆豐-三重,2024-07-12,7008
2354,鴻準,25,15,10,兆豐-三重,2024-07-12,7008
2363,矽統,13,3,10,兆豐-三重,2024-07-12,7008
2377,微星,10,0,10,兆豐-三重,2024-07-12,7008
2412,中華電,20,10,10,兆豐-三重,2024-07-12,7008
3710,連展投控,10,0,10,兆豐-三重,2024-07-12,7008
2888,新光金,116,13,103,兆豐-三重,2024-07-15,7008
2892,第一金,92,0,92,兆豐-三重,2024-07-15,7008
5512,力麒,75,0,75,兆豐-三重,2024-07-15,7008
3290,東浦,70,0,70,兆豐-三重,2024-07-15,7008
2883,凱基金,55,0,55,兆豐-三重,2024-07-15,7008
00679B,元大美債20年,48,0,48,兆豐-三重,2024-07-15,7008
2609,陽明,72,25,47,兆豐-三重,2024-07-15,7008
2317,鴻海,68,23,45,兆豐-三重,2024-07-15,7008
00919,群益台灣精選高息,32,1,31,兆豐-三重,2024-07-15,7008
1304,台聚,32,1,31,兆豐-三重,2024-07-15,7008
00895,富邦未來車,30,0,30,兆豐-三重,2024-07-15,7008
00934,中信成長高股息,29,0,29,兆豐-三重,2024-07-15,7008
2409,友達,29,0,29,兆豐-三重,2024-07-15,7008
2312,金寶,79,51,28,兆豐-三重,2024-07-15,7008
2236,百達-KY,30,3,27,兆豐-三重,2024-07-15,7008
2027,大成鋼,30,4,26,兆豐-三重,2024-07-15,7008
00929,復華台灣科技優息,28,5,23,兆豐-三重,2024-07-15,7008
00915,凱基優選高股息30,23,0,23,兆豐-三重,2024-07-15,7008
2406,國碩,22,0,22,兆豐-三重,2024-07-15,7008
3712,永崴投控,54,32,22,兆豐-三重,2024-07-15,7008
1569,濱川,21,0,21,兆豐-三重,2024-07-15,7008
1108,幸福,21,0,21,兆豐-三重,2024-07-15,7008
6592,和潤企業,21,0,21,兆豐-三重,2024-07-15,7008
2891,中信金,20,0,20,兆豐-三重,2024-07-15,7008
00664R,國泰臺灣加權反1,20,0,20,兆豐-三重,2024-07-15,7008
2489,瑞軒,76,58,18,兆豐-三重,2024-07-15,7008
3710,連展投控,17,0,17,兆豐-三重,2024-07-15,7008
2618,長榮航,32,16,16,兆豐-三重,2024-07-15,7008
1614,三洋電,15,0,15,兆豐-三重,2024-07-15,7008
8021,尖點,17,2,15,兆豐-三重,2024-07-15,7008
2453,凌群,14,0,14,兆豐-三重,2024-07-15,7008
0056,元大高股息,15,2,13,兆豐-三重,2024-07-15,7008
3056,富華新,13,0,13,兆豐-三重,2024-07-15,7008
1608,華榮,153,141,12,兆豐-三重,2024-07-15,7008
2365,昆盈,20,8,12,兆豐-三重,2024-07-15,7008
2457,飛宏,12,0,12,兆豐-三重,2024-07-15,7008
3047,訊舟,12,0,12,兆豐-三重,2024-07-15,7008
3551,世禾,12,0,12,兆豐-三重,2024-07-15,7008
3673,TPK-KY,12,0,12,兆豐-三重,2024-07-15,7008
2867,三商壽,11,0,11,兆豐-三重,2024-07-15,7008
4155,訊映,11,0,11,兆豐-三重,2024-07-15,7008
8105,凌巨,26,15,11,兆豐-三重,2024-07-15,7008
00948B,中信優息投資級債,10,0,10,兆豐-三重,2024-07-15,7008
00947,台新臺灣IC設計,10,0,10,兆豐-三重,2024-07-15,7008
00688L,國泰20年美債正2,10,0,10,兆豐-三重,2024-07-15,7008
2020,美亞,10,0,10,兆豐-三重,2024-07-15,7008
3303,岱稜,51,41,10,兆豐-三重,2024-07-15,7008
3537,堡達,10,0,10,兆豐-三重,2024-07-15,7008
4960,誠美材,10,0,10,兆豐-三重,2024-07-15,7008
6005,群益證,10,0,10,兆豐-三重,2024-07-15,7008
9105,泰金寶-DR,139,40,99,兆豐-三重,2024-07-16,7008
00929,復華台灣科技優息,78,0,78,兆豐-三重,2024-07-16,7008
2324,仁寶,64,0,64,兆豐-三重,2024-07-16,7008
0056,元大高股息,63,0,63,兆豐-三重,2024-07-16,7008
00905,FT臺灣Smart,48,0,48,兆豐-三重,2024-07-16,7008
2515,中工,45,0,45,兆豐-三重,2024-07-16,7008
00632R,元大台灣50反1,38,0,38,兆豐-三重,2024-07-16,7008
4526,東台,36,1,35,兆豐-三重,2024-07-16,7008
2610,華航,31,1,30,兆豐-三重,2024-07-16,7008
3290,東浦,30,0,30,兆豐-三重,2024-07-16,7008
8011,台通,36,10,26,兆豐-三重,2024-07-16,7008
00915,凱基優選高股息30,25,0,25,兆豐-三重,2024-07-16,7008
00937B,群益ESG投等債20,33,10,23,兆豐-三重,2024-07-16,7008
2356,英業達,26,4,22,兆豐-三重,2024-07-16,7008
6125,廣運,22,0,22,兆豐-三重,2024-07-16,7008
00919,群益台灣精選高息,21,0,21,兆豐-三重,2024-07-16,7008
2618,長榮航,36,15,21,兆豐-三重,2024-07-16,7008
1609,大亞,26,6,20,兆豐-三重,2024-07-16,7008
2542,興富發,23,3,20,兆豐-三重,2024-07-16,7008
3060,銘異,20,0,20,兆豐-三重,2024-07-16,7008
2354,鴻準,18,0,18,兆豐-三重,2024-07-16,7008
2301,光寶科,18,1,17,兆豐-三重,2024-07-16,7008
5426,振發,20,3,17,兆豐-三重,2024-07-16,7008
1417,嘉裕,15,0,15,兆豐-三重,2024-07-16,7008
1608,華榮,77,63,14,兆豐-三重,2024-07-16,7008
2392,正崴,19,5,14,兆豐-三重,2024-07-16,7008
6451,訊芯-KY,14,0,14,兆豐-三重,2024-07-16,7008
00934,中信成長高股息,13,0,13,兆豐-三重,2024-07-16,7008
00878,國泰永續高股息,12,0,12,兆豐-三重,2024-07-16,7008
1536,和大,12,0,12,兆豐-三重,2024-07-16,7008
2609,陽明,16,4,12,兆豐-三重,2024-07-16,7008
2892,第一金,13,1,12,兆豐-三重,2024-07-16,7008
5443,均豪,15,3,12,兆豐-三重,2024-07-16,7008
00948B,中信優息投資級債,11,0,11,兆豐-三重,2024-07-16,7008
2101,南港,13,2,11,兆豐-三重,2024-07-16,7008
1513,中興電,63,52,11,兆豐-三重,2024-07-16,7008
6462,神盾,12,2,10,兆豐-三重,2024-07-16,7008
1303,南亞,10,0,10,兆豐-三重,2024-07-16,7008
2109,華豐,10,0,10,兆豐-三重,2024-07-16,7008
2883,凱基金,10,0,10,兆豐-三重,2024-07-16,7008
4533,協易機,10,0,10,兆豐-三重,2024-07-16,7008
4720,德淵,10,0,10,兆豐-三重,2024-07-16,7008
5202,力新,12,2,10,兆豐-三重,2024-07-16,7008
6438,迅得,10,0,10,兆豐-三重,2024-07-16,7008
3481,群創,59,50,9,兆豐-三重,2024-07-16,7008
4109,加捷生醫,26,17,9,兆豐-三重,2024-07-16,7008
00949,復華日本龍頭,8,0,8,兆豐-三重,2024-07-16,7008
1529,樂事綠能,16,8,8,兆豐-三重,2024-07-16,7008
1815,富喬,15,7,8,兆豐-三重,2024-07-16,7008
2332,友訊,8,0,8,兆豐-三重,2024-07-16,7008
00929,復華台灣科技優息,79,7,72,兆豐-三重,2024-07-17,7008
1314,中石化,250,183,67,兆豐-三重,2024-07-17,7008
2359,所羅門,65,11,54,兆豐-三重,2024-07-17,7008
00945B,凱基美國非投等債,50,0,50,兆豐-三重,2024-07-17,7008
2027,大成鋼,50,7,43,兆豐-三重,2024-07-17,7008
00937B,群益ESG投等債20,46,5,41,兆豐-三重,2024-07-17,7008
2537,聯上發,44,4,40,兆豐-三重,2024-07-17,7008
3231,緯創,70,35,35,兆豐-三重,2024-07-17,7008
2528,皇普,39,4,35,兆豐-三重,2024-07-17,7008
2344,華邦電,38,5,33,兆豐-三重,2024-07-17,7008
00919,群益台灣精選高息,32,2,30,兆豐-三重,2024-07-17,7008
4304,勝昱,30,0,30,兆豐-三重,2024-07-17,7008
5475,德宏,30,0,30,兆豐-三重,2024-07-17,7008
1440,南紡,30,1,29,兆豐-三重,2024-07-17,7008
2330,台積電,82,56,26,兆豐-三重,2024-07-17,7008
1806,冠軍,23,0,23,兆豐-三重,2024-07-17,7008
2609,陽明,20,0,20,兆豐-三重,2024-07-17,7008
3707,漢磊,20,0,20,兆豐-三重,2024-07-17,7008
6116,彩晶,20,0,20,兆豐-三重,2024-07-17,7008
00915,凱基優選高股息30,19,0,19,兆豐-三重,2024-07-17,7008
4906,正文,23,4,19,兆豐-三重,2024-07-17,7008
00688L,國泰20年美債正2,17,0,17,兆豐-三重,2024-07-17,7008
2538,基泰,17,0,17,兆豐-三重,2024-07-17,7008
2301,光寶科,17,2,15,兆豐-三重,2024-07-17,7008
6770,力積電,107,93,14,兆豐-三重,2024-07-17,7008
00927,群益半導體收益,14,0,14,兆豐-三重,2024-07-17,7008
00946,群益科技高息成長,14,0,14,兆豐-三重,2024-07-17,7008
00922,國泰台灣領袖50,12,0,12,兆豐-三重,2024-07-17,7008
1569,濱川,21,10,11,兆豐-三重,2024-07-17,7008
2324,仁寶,22,11,11,兆豐-三重,2024-07-17,7008
00724B,群益投資級金融債,10,0,10,兆豐-三重,2024-07-17,7008
1568,倉佑,10,0,10,兆豐-三重,2024-07-17,7008
1584,精剛,11,1,10,兆豐-三重,2024-07-17,7008
2014,中鴻,10,0,10,兆豐-三重,2024-07-17,7008
2436,偉詮電,10,0,10,兆豐-三重,2024-07-17,7008
2449,京元電子,10,1,9,兆豐-三重,2024-07-17,7008
00875,國泰網路資安,9,0,9,兆豐-三重,2024-07-17,7008
1612,宏泰,10,1,9,兆豐-三重,2024-07-17,7008
2332,友訊,11,2,9,兆豐-三重,2024-07-17,7008
2392,正崴,10,1,9,兆豐-三重,2024-07-17,7008
4207,環泰,9,0,9,兆豐-三重,2024-07-17,7008
4533,協易機,11,2,9,兆豐-三重,2024-07-17,7008
9906,欣巴巴,9,0,9,兆豐-三重,2024-07-17,7008
00948B,中信優息投資級債,10,2,8,兆豐-三重,2024-07-17,7008
1709,和益,20,12,8,兆豐-三重,2024-07-17,7008
4919,新唐,8,0,8,兆豐-三重,2024-07-17,7008
00679B,元大美債20年,8,1,7,兆豐-三重,2024-07-17,7008
2363,矽統,7,0,7,兆豐-三重,2024-07-17,7008
3019,亞光,7,0,7,兆豐-三重,2024-07-17,7008
3512,皇龍,7,0,7,兆豐-三重,2024-07-17,7008
00919,群益台灣精選高息,96,0,96,兆豐-三重,2024-07-18,7008
00940,元大台灣價值高息,128,35,93,兆豐-三重,2024-07-18,7008
0056,元大高股息,172,100,72,兆豐-三重,2024-07-18,7008
00632R,元大台灣50反1,80,20,60,兆豐-三重,2024-07-18,7008
2317,鴻海,71,12,59,兆豐-三重,2024-07-18,7008
00929,復華台灣科技優息,56,0,56,兆豐-三重,2024-07-18,7008
2323,中環,50,0,50,兆豐-三重,2024-07-18,7008
00927,群益半導體收益,37,0,37,兆豐-三重,2024-07-18,7008
2618,長榮航,87,50,37,兆豐-三重,2024-07-18,7008
2330,台積電,46,11,35,兆豐-三重,2024-07-18,7008
1417,嘉裕,32,0,32,兆豐-三重,2024-07-18,7008
00878,國泰永續高股息,33,1,32,兆豐-三重,2024-07-18,7008
8936,國統,73,44,29,兆豐-三重,2024-07-18,7008
2356,英業達,24,0,24,兆豐-三重,2024-07-18,7008
2610,華航,23,2,21,兆豐-三重,2024-07-18,7008
2888,新光金,20,0,20,兆豐-三重,2024-07-18,7008
2313,華通,19,0,19,兆豐-三重,2024-07-18,7008
9945,潤泰新,24,6,18,兆豐-三重,2024-07-18,7008
3540,曜越,163,145,18,兆豐-三重,2024-07-18,7008
9105,泰金寶-DR,38,20,18,兆豐-三重,2024-07-18,7008
3231,緯創,27,10,17,兆豐-三重,2024-07-18,7008
2489,瑞軒,28,12,16,兆豐-三重,2024-07-18,7008
1314,中石化,60,44,16,兆豐-三重,2024-07-18,7008
1402,遠東新,16,0,16,兆豐-三重,2024-07-18,7008
3532,台勝科,16,0,16,兆豐-三重,2024-07-18,7008
3706,神達,16,0,16,兆豐-三重,2024-07-18,7008
4909,新復興,43,27,16,兆豐-三重,2024-07-18,7008
2353,宏��,35,20,15,兆豐-三重,2024-07-18,7008
2891,中信金,16,1,15,兆豐-三重,2024-07-18,7008
00931B,統一美債20年,14,0,14,兆豐-三重,2024-07-18,7008
1615,大山,14,0,14,兆豐-三重,2024-07-18,7008
6228,全譜,14,0,14,兆豐-三重,2024-07-18,7008
8105,凌巨,23,9,14,兆豐-三重,2024-07-18,7008
00891,中信關鍵半導體,15,2,13,兆豐-三重,2024-07-18,7008
00937B,群益ESG投等債20,16,4,12,兆豐-三重,2024-07-18,7008
00941,中信上游半導體,12,0,12,兆豐-三重,2024-07-18,7008
1785,光洋科,16,5,11,兆豐-三重,2024-07-18,7008
2303,聯電,72,61,11,兆豐-三重,2024-07-18,7008
2337,旺宏,12,1,11,兆豐-三重,2024-07-18,7008
2867,三商壽,11,0,11,兆豐-三重,2024-07-18,7008
1522,堤維西,10,0,10,兆豐-三重,2024-07-18,7008
1611,中電,21,11,10,兆豐-三重,2024-07-18,7008
2402,毅嘉,11,1,10,兆豐-三重,2024-07-18,7008
5426,振發,10,0,10,兆豐-三重,2024-07-18,7008
8171,天宇,10,0,10,兆豐-三重,2024-07-18,7008
2236,百達-KY,10,1,9,兆豐-三重,2024-07-18,7008
2509,全坤建,10,1,9,兆豐-三重,2024-07-18,7008
3035,智原,12,3,9,兆豐-三重,2024-07-18,7008
8085,福華,9,0,9,兆豐-三重,2024-07-18,7008
00905,FT臺灣Smart,8,0,8,兆豐-三重,2024-07-18,7008
8011,台通,247,114,133,兆豐-三重,2024-07-19,7008
2618,長榮航,206,80,126,兆豐-三重,2024-07-19,7008
2323,中環,120,0,120,兆豐-三重,2024-07-19,7008
00632R,元大台灣50反1,80,0,80,兆豐-三重,2024-07-19,7008
2883,凱基金,87,10,77,兆豐-三重,2024-07-19,7008
00919,群益台灣精選高息,72,7,65,兆豐-三重,2024-07-19,7008
2474,可成,61,1,60,兆豐-三重,2024-07-19,7008
1314,中石化,60,1,59,兆豐-三重,2024-07-19,7008
2330,台積電,68,9,59,兆豐-三重,2024-07-19,7008
2419,仲琦,92,57,35,兆豐-三重,2024-07-19,7008
2607,榮運,33,0,33,兆豐-三重,2024-07-19,7008
2610,華航,33,1,32,兆豐-三重,2024-07-19,7008
00878,國泰永續高股息,31,0,31,兆豐-三重,2024-07-19,7008
3231,緯創,32,5,27,兆豐-三重,2024-07-19,7008
00929,復華台灣科技優息,40,15,25,兆豐-三重,2024-07-19,7008
2365,昆盈,86,61,25,兆豐-三重,2024-07-19,7008
2344,華邦電,24,1,23,兆豐-三重,2024-07-19,7008
3303,岱稜,77,54,23,兆豐-三重,2024-07-19,7008
2884,玉山金,23,2,21,兆豐-三重,2024-07-19,7008
1301,台塑,21,0,21,兆豐-三重,2024-07-19,7008
3325,旭品,21,0,21,兆豐-三重,2024-07-19,7008
9105,泰金寶-DR,20,0,20,兆豐-三重,2024-07-19,7008
0056,元大高股息,121,103,18,兆豐-三重,2024-07-19,7008
2888,新光金,31,14,17,兆豐-三重,2024-07-19,7008
6770,力積電,18,1,17,兆豐-三重,2024-07-19,7008
1504,東元,16,0,16,兆豐-三重,2024-07-19,7008
00940,元大台灣價值高息,47,31,16,兆豐-三重,2024-07-19,7008
2356,英業達,36,20,16,兆豐-三重,2024-07-19,7008
6505,台塑化,16,0,16,兆豐-三重,2024-07-19,7008
2331,精英,15,0,15,兆豐-三重,2024-07-19,7008
3540,曜越,92,77,15,兆豐-三重,2024-07-19,7008
2892,第一金,32,17,15,兆豐-三重,2024-07-19,7008
3211,順達,15,0,15,兆豐-三重,2024-07-19,7008
00881,國泰台灣5G+,15,0,15,兆豐-三重,2024-07-19,7008
2392,正崴,17,3,14,兆豐-三重,2024-07-19,7008
6177,達麗,20,6,14,兆豐-三重,2024-07-19,7008
00927,群益半導體收益,13,0,13,兆豐-三重,2024-07-19,7008
00934,中信成長高股息,13,0,13,兆豐-三重,2024-07-19,7008
2243,宏旭-KY,31,18,13,兆豐-三重,2024-07-19,7008
2352,佳世達,15,2,13,兆豐-三重,2024-07-19,7008
3189,景碩,19,6,13,兆豐-三重,2024-07-19,7008
00915,凱基優選高股息30,12,0,12,兆豐-三重,2024-07-19,7008
00922,國泰台灣領袖50,12,0,12,兆豐-三重,2024-07-19,7008
00928,中信上櫃ESG30,12,0,12,兆豐-三重,2024-07-19,7008
2101,南港,13,1,12,兆豐-三重,2024-07-19,7008
2882,國泰金,18,6,12,兆豐-三重,2024-07-19,7008
2317,鴻海,20,8,12,兆豐-三重,2024-07-19,7008
1709,和益,32,21,11,兆豐-三重,2024-07-19,7008
3715,定穎投控,11,0,11,兆豐-三重,2024-07-19,7008
5521,工信,11,0,11,兆豐-三重,2024-07-19,7008
2323,中環,134,1,133,兆豐-三重,2024-07-22,7008
2618,長榮航,114,11,103,兆豐-三重,2024-07-22,7008
00929,復華台灣科技優息,115,18,97,兆豐-三重,2024-07-22,7008
0056,元大高股息,423,351,72,兆豐-三重,2024-07-22,7008
00946,群益科技高息成長,72,2,70,兆豐-三重,2024-07-22,7008
00919,群益台灣精選高息,59,0,59,兆豐-三重,2024-07-22,7008
00878,國泰永續高股息,56,3,53,兆豐-三重,2024-07-22,7008
2610,華航,47,5,42,兆豐-三重,2024-07-22,7008
5512,力麒,45,4,41,兆豐-三重,2024-07-22,7008
2303,聯電,61,21,40,兆豐-三重,2024-07-22,7008
00940,元大台灣價值高息,42,2,40,兆豐-三重,2024-07-22,7008
2884,玉山金,31,0,31,兆豐-三重,2024-07-22,7008
2489,瑞軒,35,8,27,兆豐-三重,2024-07-22,7008
2888,新光金,27,1,26,兆豐-三重,2024-07-22,7008
3481,群創,281,255,26,兆豐-三重,2024-07-22,7008
00881,國泰台灣5G+,28,3,25,兆豐-三重,2024-07-22,7008
00632R,元大台灣50反1,110,87,23,兆豐-三重,2024-07-22,7008
5213,亞昕,21,0,21,兆豐-三重,2024-07-22,7008
020034,元大IC設計N,20,0,20,兆豐-三重,2024-07-22,7008
2515,中工,20,0,20,兆豐-三重,2024-07-22,7008
2356,英業達,19,3,16,兆豐-三重,2024-07-22,7008
00923,群益台ESG低碳50,19,4,15,兆豐-三重,2024-07-22,7008
1609,大亞,26,11,15,兆豐-三重,2024-07-22,7008
2101,南港,15,0,15,兆豐-三重,2024-07-22,7008
3231,緯創,14,2,12,兆豐-三重,2024-07-22,7008
2329,華泰,12,1,11,兆豐-三重,2024-07-22,7008
8150,南茂,11,0,11,兆豐-三重,2024-07-22,7008
2308,台達電,12,2,10,兆豐-三重,2024-07-22,7008
1313,聯成,10,0,10,兆豐-三重,2024-07-22,7008
1586,和勤,10,0,10,兆豐-三重,2024-07-22,7008
2337,旺宏,10,0,10,兆豐-三重,2024-07-22,7008
3710,連展投控,10,0,10,兆豐-三重,2024-07-22,7008
5351,鈺創,10,0,10,兆豐-三重,2024-07-22,7008
5880,合庫金,10,0,10,兆豐-三重,2024-07-22,7008
6830,汎銓,10,0,10,兆豐-三重,2024-07-22,7008
8011,台通,95,85,10,兆豐-三重,2024-07-22,7008
1513,中興電,19,9,10,兆豐-三重,2024-07-22,7008
2449,京元電子,10,1,9,兆豐-三重,2024-07-22,7008
2352,佳世達,9,0,9,兆豐-三重,2024-07-22,7008
4128,中天,12,3,9,兆豐-三重,2024-07-22,7008
5871,中租-KY,8,0,8,兆豐-三重,2024-07-22,7008
6806,森崴能源,49,41,8,兆豐-三重,2024-07-22,7008
00937B,群益ESG投等債20,36,28,8,兆豐-三重,2024-07-22,7008
2331,精英,16,8,8,兆豐-三重,2024-07-22,7008
5443,均豪,27,19,8,兆豐-三重,2024-07-22,7008
00905,FT臺灣Smart,8,1,7,兆豐-三重,2024-07-22,7008
3037,欣興,8,1,7,兆豐-三重,2024-07-22,7008
00918,大華優利高填息30,7,0,7,兆豐-三重,2024-07-22,7008
3715,定穎投控,9,2,7,兆豐-三重,2024-07-22,7008
2371,大同,10,4,6,兆豐-三重,2024-07-22,7008
2897,王道銀行,106,0,106,兆豐-三重,2024-07-23,7008
2838,聯邦銀,100,0,100,兆豐-三重,2024-07-23,7008
0056,元大高股息,262,185,77,兆豐-三重,2024-07-23,7008
00940,元大台灣價值高息,72,17,55,兆豐-三重,2024-07-23,7008
3481,群創,371,318,53,兆豐-三重,2024-07-23,7008
6431,光麗-KY,33,0,33,兆豐-三重,2024-07-23,7008
6116,彩晶,22,0,22,兆豐-三重,2024-07-23,7008
1314,中石化,20,0,20,兆豐-三重,2024-07-23,7008
4563,百德,20,0,20,兆豐-三重,2024-07-23,7008
00937B,群益ESG投等債20,60,41,19,兆豐-三重,2024-07-23,7008
00757,統一FANG+,19,0,19,兆豐-三重,2024-07-23,7008
2317,鴻海,45,26,19,兆豐-三重,2024-07-23,7008
9945,潤泰新,30,11,19,兆豐-三重,2024-07-23,7008
9958,世紀鋼,30,12,18,兆豐-三重,2024-07-23,7008
5213,亞昕,20,3,17,兆豐-三重,2024-07-23,7008
3163,波若威,20,4,16,兆豐-三重,2024-07-23,7008
3706,神達,16,0,16,兆豐-三重,2024-07-23,7008
5512,力麒,24,8,16,兆豐-三重,2024-07-23,7008
00895,富邦未來車,15,0,15,兆豐-三重,2024-07-23,7008
1453,大將,15,0,15,兆豐-三重,2024-07-23,7008
9105,泰金寶-DR,25,10,15,兆豐-三重,2024-07-23,7008
00948B,中信優息投資級債,12,0,12,兆豐-三重,2024-07-23,7008
2409,友達,16,4,12,兆豐-三重,2024-07-23,7008
2455,全新,14,2,12,兆豐-三重,2024-07-23,7008
2489,瑞軒,12,1,11,兆豐-三重,2024-07-23,7008
3231,緯創,16,5,11,兆豐-三重,2024-07-23,7008
00738U,期元大道瓊白銀,11,0,11,兆豐-三重,2024-07-23,7008
2374,佳能,11,0,11,兆豐-三重,2024-07-23,7008
3663,鑫科,33,22,11,兆豐-三重,2024-07-23,7008
3673,TPK-KY,12,1,11,兆豐-三重,2024-07-23,7008
00929,復華台灣科技優息,15,5,10,兆豐-三重,2024-07-23,7008
020031,統一IC設計臺灣N,10,0,10,兆豐-三重,2024-07-23,7008
00637L,元大滬深300正2,10,0,10,兆豐-三重,2024-07-23,7008
1582,信錦,15,5,10,兆豐-三重,2024-07-23,7008
2356,英業達,10,0,10,兆豐-三重,2024-07-23,7008
2903,遠百,10,0,10,兆豐-三重,2024-07-23,7008
4526,東台,10,0,10,兆豐-三重,2024-07-23,7008
6163,華電網,11,1,10,兆豐-三重,2024-07-23,7008
3580,友威科,10,1,9,兆豐-三重,2024-07-23,7008
8440,綠電,53,44,9,兆豐-三重,2024-07-23,7008
2359,所羅門,28,20,8,兆豐-三重,2024-07-23,7008
2408,南亞科,8,0,8,兆豐-三重,2024-07-23,7008
8374,羅昇,10,2,8,兆豐-三重,2024-07-23,7008
2344,華邦電,9,1,8,兆豐-三重,2024-07-23,7008
2392,正崴,7,0,7,兆豐-三重,2024-07-23,7008
2520,冠德,14,7,7,兆豐-三重,2024-07-23,7008
6706,惠特,7,0,7,兆豐-三重,2024-07-23,7008
00919,群益台灣精選高息,7,0,7,兆豐-三重,2024-07-23,7008
00688L,國泰20年美債正2,6,0,6,兆豐-三重,2024-07-23,7008
00720B,元大投資級公司債,6,0,6,兆豐-三重,2024-07-23,7008
00933B,國泰10Y+金融債,671,0,671,兆豐-三重,2024-07-26,7008
2884,玉山金,78,2,76,兆豐-三重,2024-07-26,7008
00919,群益台灣精選高息,55,0,55,兆豐-三重,2024-07-26,7008
00937B,群益ESG投等債20,62,8,54,兆豐-三重,2024-07-26,7008
00946,群益科技高息成長,52,0,52,兆豐-三重,2024-07-26,7008
2027,大成鋼,52,1,51,兆豐-三重,2024-07-26,7008
00929,復華台灣科技優息,68,20,48,兆豐-三重,2024-07-26,7008
00878,國泰永續高股息,45,3,42,兆豐-三重,2024-07-26,7008
2317,鴻海,41,4,37,兆豐-三重,2024-07-26,7008
6177,達麗,42,7,35,兆豐-三重,2024-07-26,7008
0056,元大高股息,494,460,34,兆豐-三重,2024-07-26,7008
2489,瑞軒,35,3,32,兆豐-三重,2024-07-26,7008
00687B,國泰20年美債,45,13,32,兆豐-三重,2024-07-26,7008
6431,光麗-KY,30,0,30,兆豐-三重,2024-07-26,7008
2330,台積電,32,5,27,兆豐-三重,2024-07-26,7008
3706,神達,26,0,26,兆豐-三重,2024-07-26,7008
00632R,元大台灣50反1,35,10,25,兆豐-三重,2024-07-26,7008
3231,緯創,44,21,23,兆豐-三重,2024-07-26,7008
2382,廣達,22,0,22,兆豐-三重,2024-07-26,7008
00940,元大台灣價值高息,18,0,18,兆豐-三重,2024-07-26,7008
00712,復華富時不動產,18,0,18,兆豐-三重,2024-07-26,7008
2453,凌群,18,0,18,兆豐-三重,2024-07-26,7008
1513,中興電,21,4,17,兆豐-三重,2024-07-26,7008
2324,仁寶,20,3,17,兆豐-三重,2024-07-26,7008
2356,英業達,19,2,17,兆豐-三重,2024-07-26,7008
911868,同方友友-DR,16,0,16,兆豐-三重,2024-07-26,7008
0050,元大台灣50,13,0,13,兆豐-三重,2024-07-26,7008
00923,群益台ESG低碳50,13,0,13,兆豐-三重,2024-07-26,7008
3303,岱稜,88,75,13,兆豐-三重,2024-07-26,7008
3711,日月光投控,12,0,12,兆豐-三重,2024-07-26,7008
00881,國泰台灣5G+,12,0,12,兆豐-三重,2024-07-26,7008
1536,和大,17,6,11,兆豐-三重,2024-07-26,7008
3338,泰碩,11,0,11,兆豐-三重,2024-07-26,7008
2303,聯電,13,3,10,兆豐-三重,2024-07-26,7008
00635U,期元大S＆P黃金,10,0,10,兆豐-三重,2024-07-26,7008
00719B,元大美債1-3,10,0,10,兆豐-三重,2024-07-26,7008
020031,統一IC設計臺灣N,10,0,10,兆豐-三重,2024-07-26,7008
1218,泰山,10,0,10,兆豐-三重,2024-07-26,7008
2885,元大金,10,0,10,兆豐-三重,2024-07-26,7008
3588,通嘉,10,0,10,兆豐-三重,2024-07-26,7008
3645,達邁,10,0,10,兆豐-三重,2024-07-26,7008
6282,康舒,10,0,10,兆豐-三重,2024-07-26,7008
9958,世紀鋼,10,0,10,兆豐-三重,2024-07-26,7008
9906,欣巴巴,10,0,10,兆豐-三重,2024-07-26,7008
2609,陽明,16,6,10,兆豐-三重,2024-07-26,7008
00688L,國泰20年美債正2,9,0,9,兆豐-三重,2024-07-26,7008
1409,新纖,10,1,9,兆豐-三重,2024-07-26,7008
2349,錸德,13,4,9,兆豐-三重,2024-07-26,7008
00936,台新永續高息中小,9,1,8,兆豐-三重,2024-07-26,7008
2355,敬鵬,8,0,8,兆豐-三重,2024-07-26,7008
4967,十銓,104,9,95,兆豐-三重,2024-07-29,7008
1449,佳和,79,8,71,兆豐-三重,2024-07-29,7008
00945B,凱基美國非投等債,50,0,50,兆豐-三重,2024-07-29,7008
00934,中信成長高股息,38,0,38,兆豐-三重,2024-07-29,7008
2888,新光金,39,2,37,兆豐-三重,2024-07-29,7008
6443,元晶,28,0,28,兆豐-三重,2024-07-29,7008
00919,群益台灣精選高息,28,0,28,兆豐-三重,2024-07-29,7008
4927,泰鼎-KY,27,0,27,兆豐-三重,2024-07-29,7008
2453,凌群,23,0,23,兆豐-三重,2024-07-29,7008
2537,聯上發,35,12,23,兆豐-三重,2024-07-29,7008
00947,台新臺灣IC設計,21,0,21,兆豐-三重,2024-07-29,7008
2356,英業達,22,5,17,兆豐-三重,2024-07-29,7008
3663,鑫科,30,14,16,兆豐-三重,2024-07-29,7008
3711,日月光投控,17,3,14,兆豐-三重,2024-07-29,7008
2505,國揚,15,1,14,兆豐-三重,2024-07-29,7008
2371,大同,15,2,13,兆豐-三重,2024-07-29,7008
2206,三陽工業,12,0,12,兆豐-三重,2024-07-29,7008
4167,松瑞藥,12,0,12,兆豐-三重,2024-07-29,7008
00929,復華台灣科技優息,50,39,11,兆豐-三重,2024-07-29,7008
00927,群益半導體收益,11,0,11,兆豐-三重,2024-07-29,7008
1609,大亞,41,30,11,兆豐-三重,2024-07-29,7008
2406,國碩,11,0,11,兆豐-三重,2024-07-29,7008
00751B,元大AAA至A公司債,10,0,10,兆豐-三重,2024-07-29,7008
3535,晶彩科,10,0,10,兆豐-三重,2024-07-29,7008
5381,合正,11,1,10,兆豐-三重,2024-07-29,7008
6598,ABC-KY,10,0,10,兆豐-三重,2024-07-29,7008
8038,長園科,10,0,10,兆豐-三重,2024-07-29,7008
9945,潤泰新,11,1,10,兆豐-三重,2024-07-29,7008
2884,玉山金,10,0,10,兆豐-三重,2024-07-29,7008
1536,和大,11,2,9,兆豐-三重,2024-07-29,7008
1608,華榮,9,0,9,兆豐-三重,2024-07-29,7008
2301,光寶科,8,0,8,兆豐-三重,2024-07-29,7008
1722,台肥,8,0,8,兆豐-三重,2024-07-29,7008
2414,精技,8,0,8,兆豐-三重,2024-07-29,7008
3712,永崴投控,11,3,8,兆豐-三重,2024-07-29,7008
6462,神盾,9,1,8,兆豐-三重,2024-07-29,7008
6488,環球晶,8,0,8,兆豐-三重,2024-07-29,7008
2376,技嘉,7,0,7,兆豐-三重,2024-07-29,7008
2363,矽統,8,1,7,兆豐-三重,2024-07-29,7008
00948B,中信優息投資級債,7,0,7,兆豐-三重,2024-07-29,7008
3576,聯合再生,12,5,7,兆豐-三重,2024-07-29,7008
5475,德宏,7,0,7,兆豐-三重,2024-07-29,7008
1301,台塑,11,5,6,兆豐-三重,2024-07-29,7008
3508,位速,6,0,6,兆豐-三重,2024-07-29,7008
6770,力積電,6,0,6,兆豐-三重,2024-07-29,7008
8028,昇陽半導體,13,7,6,兆豐-三重,2024-07-29,7008
8054,安國,29,23,6,兆豐-三重,2024-07-29,7008
8374,羅昇,6,0,6,兆豐-三重,2024-07-29,7008
2611,志信,5,0,5,兆豐-三重,2024-07-29,7008
2892,第一金,10,5,5,兆豐-三重,2024-07-29,7008
0056,元大高股息,269,1,268,兆豐-三重,2024-07-30,7008
9105,泰金寶-DR,85,20,65,兆豐-三重,2024-07-30,7008
6901,鑽石投資,51,1,50,兆豐-三重,2024-07-30,7008
00735,國泰臺韓科技,30,0,30,兆豐-三重,2024-07-30,7008
00946,群益科技高息成長,29,0,29,兆豐-三重,2024-07-30,7008
00940,元大台灣價值高息,27,5,22,兆豐-三重,2024-07-30,7008
00937B,群益ESG投等債20,22,0,22,兆豐-三重,2024-07-30,7008
3019,亞光,21,0,21,兆豐-三重,2024-07-30,7008
00878,國泰永續高股息,19,0,19,兆豐-三重,2024-07-30,7008
00919,群益台灣精選高息,18,0,18,兆豐-三重,2024-07-30,7008
2453,凌群,16,0,16,兆豐-三重,2024-07-30,7008
6016,康和證,15,0,15,兆豐-三重,2024-07-30,7008
6282,康舒,15,0,15,兆豐-三重,2024-07-30,7008
00929,復華台灣科技優息,30,16,14,兆豐-三重,2024-07-30,7008
00877,復華中國5G,12,0,12,兆豐-三重,2024-07-30,7008
00947,台新臺灣IC設計,12,0,12,兆豐-三重,2024-07-30,7008
2303,聯電,37,25,12,兆豐-三重,2024-07-30,7008
2884,玉山金,16,4,12,兆豐-三重,2024-07-30,7008
2324,仁寶,13,3,10,兆豐-三重,2024-07-30,7008
2464,盟立,33,23,10,兆豐-三重,2024-07-30,7008
2536,宏普,10,0,10,兆豐-三重,2024-07-30,7008
2845,遠東銀,10,0,10,兆豐-三重,2024-07-30,7008
6024,群益期,10,0,10,兆豐-三重,2024-07-30,7008
1503,士電,16,7,9,兆豐-三重,2024-07-30,7008
00637L,元大滬深300正2,9,0,9,兆豐-三重,2024-07-30,7008
3406,玉晶光,10,1,9,兆豐-三重,2024-07-30,7008
2330,台積電,8,1,7,兆豐-三重,2024-07-30,7008
2317,鴻海,29,23,6,兆豐-三重,2024-07-30,7008
2891,中信金,7,1,6,兆豐-三重,2024-07-30,7008
4526,東台,8,2,6,兆豐-三重,2024-07-30,7008
6152,百一,6,0,6,兆豐-三重,2024-07-30,7008
2882,國泰金,8,2,6,兆豐-三重,2024-07-30,7008
2002,中鋼,5,0,5,兆豐-三重,2024-07-30,7008
00936,台新永續高息中小,5,0,5,兆豐-三重,2024-07-30,7008
1314,中石化,5,0,5,兆豐-三重,2024-07-30,7008
1605,華新,5,0,5,兆豐-三重,2024-07-30,7008
2061,風青,10,5,5,兆豐-三重,2024-07-30,7008
2406,國碩,5,0,5,兆豐-三重,2024-07-30,7008
2731,雄獅,5,0,5,兆豐-三重,2024-07-30,7008
2867,三商壽,5,0,5,兆豐-三重,2024-07-30,7008
2892,第一金,10,5,5,兆豐-三重,2024-07-30,7008
3047,訊舟,42,37,5,兆豐-三重,2024-07-30,7008
3093,港建*,5,0,5,兆豐-三重,2024-07-30,7008
4128,中天,5,0,5,兆豐-三重,2024-07-30,7008
4942,嘉彰,5,0,5,兆豐-三重,2024-07-30,7008
5222,全訊,5,0,5,兆豐-三重,2024-07-30,7008
6021,美好證,5,0,5,兆豐-三重,2024-07-30,7008
6138,茂達,5,0,5,兆豐-三重,2024-07-30,7008
9928,中視,5,0,5,兆豐-三重,2024-07-30,7008
2489,瑞軒,10,5,5,兆豐-三重,2024-07-30,7008
2317,鴻海,135,60,75,兆豐-三重,2024-07-31,7008
00945B,凱基美國非投等債,50,0,50,兆豐-三重,2024-07-31,7008
00929,復華台灣科技優息,42,6,36,兆豐-三重,2024-07-31,7008
00688L,國泰20年美債正2,30,0,30,兆豐-三重,2024-07-31,7008
3303,岱稜,140,111,29,兆豐-三重,2024-07-31,7008
2537,聯上發,24,3,21,兆豐-三重,2024-07-31,7008
2412,中華電,40,20,20,兆豐-三重,2024-07-31,7008
3149,正達,20,0,20,兆豐-三重,2024-07-31,7008
00937B,群益ESG投等債20,28,10,18,兆豐-三重,2024-07-31,7008
3163,波若威,29,13,16,兆豐-三重,2024-07-31,7008
2349,錸德,53,39,14,兆豐-三重,2024-07-31,7008
3105,穩懋,17,6,11,兆豐-三重,2024-07-31,7008
00881,國泰台灣5G+,12,1,11,兆豐-三重,2024-07-31,7008
8935,邦泰,11,0,11,兆豐-三重,2024-07-31,7008
00720B,元大投資級公司債,11,0,11,兆豐-三重,2024-07-31,7008
1453,大將,10,0,10,兆豐-三重,2024-07-31,7008
2302,麗正,10,0,10,兆豐-三重,2024-07-31,7008
2442,新美齊,10,0,10,兆豐-三重,2024-07-31,7008
5608,四維航,10,0,10,兆豐-三重,2024-07-31,7008
00878,國泰永續高股息,9,0,9,兆豐-三重,2024-07-31,7008
1609,大亞,17,8,9,兆豐-三重,2024-07-31,7008
2504,國產,11,2,9,兆豐-三重,2024-07-31,7008
3266,昇陽,9,0,9,兆豐-三重,2024-07-31,7008
00951,台新日本半導體,10,2,8,兆豐-三重,2024-07-31,7008
3024,憶聲,10,2,8,兆豐-三重,2024-07-31,7008
8028,昇陽半導體,19,11,8,兆豐-三重,2024-07-31,7008
2365,昆盈,32,25,7,兆豐-三重,2024-07-31,7008
3035,智原,9,2,7,兆豐-三重,2024-07-31,7008
4513,福裕,16,9,7,兆豐-三重,2024-07-31,7008
6282,康舒,10,3,7,兆豐-三重,2024-07-31,7008
6416,瑞祺電通,7,0,7,兆豐-三重,2024-07-31,7008
8011,台通,7,0,7,兆豐-三重,2024-07-31,7008
8064,東捷,47,40,7,兆豐-三重,2024-07-31,7008
8086,宏捷科,18,11,7,兆豐-三重,2024-07-31,7008
3376,新日興,7,1,6,兆豐-三重,2024-07-31,7008
5484,慧友,6,0,6,兆豐-三重,2024-07-31,7008
6257,矽格,6,0,6,兆豐-三重,2024-07-31,7008
8040,九暘,6,0,6,兆豐-三重,2024-07-31,7008
1449,佳和,5,0,5,兆豐-三重,2024-07-31,7008
2472,立隆電,5,0,5,兆豐-三重,2024-07-31,7008
3022,威強電,5,0,5,兆豐-三重,2024-07-31,7008
3591,艾笛森,5,0,5,兆豐-三重,2024-07-31,7008
3691,碩禾,5,0,5,兆豐-三重,2024-07-31,7008
3715,定穎投控,28,23,5,兆豐-三重,2024-07-31,7008
5347,世界,8,3,5,兆豐-三重,2024-07-31,7008
6244,茂迪,5,0,5,兆豐-三重,2024-07-31,7008
6829,千附精密,5,0,5,兆豐-三重,2024-07-31,7008
9935,慶豐富,5,0,5,兆豐-三重,2024-07-31,7008
3481,群創,336,331,5,兆豐-三重,2024-07-31,7008
1795,美時,4,0,4,兆豐-三重,2024-07-31,7008
3481,群創,112,5,107,兆豐-三重,2024-08-01,7008
0056,元大高股息,114,39,75,兆豐-三重,2024-08-01,7008
00945B,凱基美國非投等債,33,0,33,兆豐-三重,2024-08-01,7008
2442,新美齊,30,0,30,兆豐-三重,2024-08-01,7008
5512,力麒,40,10,30,兆豐-三重,2024-08-01,7008
00878,國泰永續高股息,29,1,28,兆豐-三重,2024-08-01,7008
1417,嘉裕,27,0,27,兆豐-三重,2024-08-01,7008
00830,國泰費城半導體,26,0,26,兆豐-三重,2024-08-01,7008
00687B,國泰20年美債,22,0,22,兆豐-三重,2024-08-01,7008
00881,國泰台灣5G+,25,6,19,兆豐-三重,2024-08-01,7008
4563,百德,20,5,15,兆豐-三重,2024-08-01,7008
2454,聯發科,14,0,14,兆豐-三重,2024-08-01,7008
3518,柏騰,14,0,14,兆豐-三重,2024-08-01,7008
1301,台塑,14,1,13,兆豐-三重,2024-08-01,7008
00929,復華台灣科技優息,25,12,13,兆豐-三重,2024-08-01,7008
6603,富強鑫,11,0,11,兆豐-三重,2024-08-01,7008
2349,錸德,32,21,11,兆豐-三重,2024-08-01,7008
6188,廣明,11,0,11,兆豐-三重,2024-08-01,7008
8096,擎亞,13,2,11,兆豐-三重,2024-08-01,7008
00661,元大日經225,10,0,10,兆豐-三重,2024-08-01,7008
8171,天宇,10,0,10,兆豐-三重,2024-08-01,7008
2362,藍天,15,6,9,兆豐-三重,2024-08-01,7008
6215,和椿,10,1,9,兆豐-三重,2024-08-01,7008
00919,群益台灣精選高息,11,2,9,兆豐-三重,2024-08-01,7008
00712,復華富時不動產,8,0,8,兆豐-三重,2024-08-01,7008
1513,中興電,9,1,8,兆豐-三重,2024-08-01,7008
1522,堤維西,11,3,8,兆豐-三重,2024-08-01,7008
2409,友達,23,15,8,兆豐-三重,2024-08-01,7008
2610,華航,9,1,8,兆豐-三重,2024-08-01,7008
2317,鴻海,45,38,7,兆豐-三重,2024-08-01,7008
1802,台玻,8,1,7,兆豐-三重,2024-08-01,7008
5443,均豪,32,26,6,兆豐-三重,2024-08-01,7008
00715L,期街口布蘭特正2,6,0,6,兆豐-三重,2024-08-01,7008
2374,佳能,8,2,6,兆豐-三重,2024-08-01,7008
2889,國票金,6,0,6,兆豐-三重,2024-08-01,7008
6166,凌華,7,1,6,兆豐-三重,2024-08-01,7008
00934,中信成長高股息,5,0,5,兆豐-三重,2024-08-01,7008
1519,華城,7,2,5,兆豐-三重,2024-08-01,7008
3522,御嵿,7,2,5,兆豐-三重,2024-08-01,7008
4167,松瑞藥,5,0,5,兆豐-三重,2024-08-01,7008
4533,協易機,5,0,5,兆豐-三重,2024-08-01,7008
8042,金山電,5,0,5,兆豐-三重,2024-08-01,7008
8070,長華*,5,0,5,兆豐-三重,2024-08-01,7008
00946,群益科技高息成長,4,0,4,兆豐-三重,2024-08-01,7008
2313,華通,7,3,4,兆豐-三重,2024-08-01,7008
2615,萬海,7,3,4,兆豐-三重,2024-08-01,7008
2867,三商壽,6,2,4,兆豐-三重,2024-08-01,7008
2892,第一金,13,9,4,兆豐-三重,2024-08-01,7008
3663,鑫科,46,42,4,兆豐-三重,2024-08-01,7008
5328,華容,4,0,4,兆豐-三重,2024-08-01,7008
00919,群益台灣精選高息,111,0,111,兆豐-三重,2024-08-02,7008
00939,統一台灣高息動能,102,0,102,兆豐-三重,2024-08-02,7008
00940,元大台灣價值高息,97,0,97,兆豐-三重,2024-08-02,7008
00878,國泰永續高股息,76,7,69,兆豐-三重,2024-08-02,7008
00900,富邦特選高股息30,66,0,66,兆豐-三重,2024-08-02,7008
2330,台積電,66,4,62,兆豐-三重,2024-08-02,7008
2002,中鋼,48,0,48,兆豐-三重,2024-08-02,7008
00932,兆豐永續高息等權,43,1,42,兆豐-三重,2024-08-02,7008
6443,元晶,40,0,40,兆豐-三重,2024-08-02,7008
00891,中信關鍵半導體,25,0,25,兆豐-三重,2024-08-02,7008
2402,毅嘉,27,2,25,兆豐-三重,2024-08-02,7008
1101,台泥,23,0,23,兆豐-三重,2024-08-02,7008
2537,聯上發,23,0,23,兆豐-三重,2024-08-02,7008
2605,新興,21,0,21,兆豐-三重,2024-08-02,7008
4563,百德,21,0,21,兆豐-三重,2024-08-02,7008
00637L,元大滬深300正2,20,0,20,兆豐-三重,2024-08-02,7008
020031,統一IC設計臺灣N,20,0,20,兆豐-三重,2024-08-02,7008
2892,第一金,20,0,20,兆豐-三重,2024-08-02,7008
3163,波若威,23,3,20,兆豐-三重,2024-08-02,7008
6177,達麗,26,6,20,兆豐-三重,2024-08-02,7008
9105,泰金寶-DR,20,0,20,兆豐-三重,2024-08-02,7008
00881,國泰台灣5G+,19,0,19,兆豐-三重,2024-08-02,7008
00923,群益台ESG低碳50,19,0,19,兆豐-三重,2024-08-02,7008
2349,錸德,46,27,19,兆豐-三重,2024-08-02,7008
2365,昆盈,89,70,19,兆豐-三重,2024-08-02,7008
3481,群創,58,39,19,兆豐-三重,2024-08-02,7008
2610,華航,18,1,17,兆豐-三重,2024-08-02,7008
6152,百一,17,0,17,兆豐-三重,2024-08-02,7008
00946,群益科技高息成長,16,0,16,兆豐-三重,2024-08-02,7008
2543,皇昌,16,0,16,兆豐-三重,2024-08-02,7008
2891,中信金,17,2,15,兆豐-三重,2024-08-02,7008
2834,臺企銀,15,0,15,兆豐-三重,2024-08-02,7008
00892,富邦台灣半導體,15,0,15,兆豐-三重,2024-08-02,7008
1303,南亞,19,4,15,兆豐-三重,2024-08-02,7008
6548,長科*,15,0,15,兆豐-三重,2024-08-02,7008
1417,嘉裕,14,0,14,兆豐-三重,2024-08-02,7008
3037,欣興,23,10,13,兆豐-三重,2024-08-02,7008
2301,光寶科,14,1,13,兆豐-三重,2024-08-02,7008
2524,京城,16,3,13,兆豐-三重,2024-08-02,7008
00713,元大台灣高息低波,13,0,13,兆豐-三重,2024-08-02,7008
00712,復華富時不動產,12,0,12,兆豐-三重,2024-08-02,7008
2409,友達,27,15,12,兆豐-三重,2024-08-02,7008
2527,宏璟,12,0,12,兆豐-三重,2024-08-02,7008
5522,遠雄,12,0,12,兆豐-三重,2024-08-02,7008
2615,萬海,29,17,12,兆豐-三重,2024-08-02,7008
5443,均豪,53,42,11,兆豐-三重,2024-08-02,7008
00941,中信上游半導體,11,0,11,兆豐-三重,2024-08-02,7008
3518,柏騰,11,0,11,兆豐-三重,2024-08-02,7008
4167,松瑞藥,11,0,11,兆豐-三重,2024-08-02,7008
00690,兆豐藍籌30,10,0,10,兆豐-三重,2024-08-02,7008
2618,長榮航,458,36,422,兆豐-三重,2024-08-05,7008
00940,元大台灣價值高息,258,8,250,兆豐-三重,2024-08-05,7008
2887,台新金,363,173,190,兆豐-三重,2024-08-05,7008
00929,復華台灣科技優息,152,11,141,兆豐-三重,2024-08-05,7008
0056,元大高股息,135,27,108,兆豐-三重,2024-08-05,7008
00669R,國泰美國道瓊反1,100,0,100,兆豐-三重,2024-08-05,7008
00878,國泰永續高股息,123,43,80,兆豐-三重,2024-08-05,7008
00712,復華富時不動產,77,0,77,兆豐-三重,2024-08-05,7008
2884,玉山金,73,4,69,兆豐-三重,2024-08-05,7008
2882,國泰金,72,6,66,兆豐-三重,2024-08-05,7008
1314,中石化,79,15,64,兆豐-三重,2024-08-05,7008
3266,昇陽,54,0,54,兆豐-三重,2024-08-05,7008
8011,台通,55,2,53,兆豐-三重,2024-08-05,7008
00936,台新永續高息中小,51,0,51,兆豐-三重,2024-08-05,7008
2867,三商壽,65,14,51,兆豐-三重,2024-08-05,7008
020031,統一IC設計臺灣N,50,0,50,兆豐-三重,2024-08-05,7008
6182,合晶,62,17,45,兆豐-三重,2024-08-05,7008
9105,泰金寶-DR,43,0,43,兆豐-三重,2024-08-05,7008
2834,臺企銀,93,53,40,兆豐-三重,2024-08-05,7008
2409,友達,43,4,39,兆豐-三重,2024-08-05,7008
3481,群創,193,154,39,兆豐-三重,2024-08-05,7008
2537,聯上發,33,0,33,兆豐-三重,2024-08-05,7008
3673,TPK-KY,33,0,33,兆豐-三重,2024-08-05,7008
5512,力麒,35,5,30,兆豐-三重,2024-08-05,7008
6177,達麗,42,16,26,兆豐-三重,2024-08-05,7008
6016,康和證,25,0,25,兆豐-三重,2024-08-05,7008
00923,群益台ESG低碳50,25,0,25,兆豐-三重,2024-08-05,7008
1536,和大,34,10,24,兆豐-三重,2024-08-05,7008
2453,凌群,22,0,22,兆豐-三重,2024-08-05,7008
6706,惠特,37,15,22,兆豐-三重,2024-08-05,7008
00891,中信關鍵半導體,21,0,21,兆豐-三重,2024-08-05,7008
00881,國泰台灣5G+,20,0,20,兆豐-三重,2024-08-05,7008
2607,榮運,20,0,20,兆豐-三重,2024-08-05,7008
4562,穎漢,23,3,20,兆豐-三重,2024-08-05,7008
1718,中纖,20,1,19,兆豐-三重,2024-08-05,7008
00931B,統一美債20年,31,12,19,兆豐-三重,2024-08-05,7008
2888,新光金,171,152,19,兆豐-三重,2024-08-05,7008
00679B,元大美債20年,20,2,18,兆豐-三重,2024-08-05,7008
2892,第一金,18,0,18,兆豐-三重,2024-08-05,7008
2477,美隆電,17,0,17,兆豐-三重,2024-08-05,7008
2881,富邦金,19,3,16,兆豐-三重,2024-08-05,7008
1218,泰山,16,0,16,兆豐-三重,2024-08-05,7008
3234,光環,16,0,16,兆豐-三重,2024-08-05,7008
3706,神達,19,3,16,兆豐-三重,2024-08-05,7008
00892,富邦台灣半導體,15,0,15,兆豐-三重,2024-08-05,7008
00915,凱基優選高股息30,16,1,15,兆豐-三重,2024-08-05,7008
8096,擎亞,21,6,15,兆豐-三重,2024-08-05,7008
00675L,富邦臺灣加權正2,16,2,14,兆豐-三重,2024-08-05,7008
2883,凱基金,49,35,14,兆豐-三重,2024-08-05,7008
9933,中鼎,13,0,13,兆豐-三重,2024-08-05,7008
2618,長榮航,202,4,198,兆豐-三重,2024-08-06,7008
2834,臺企銀,117,0,117,兆豐-三重,2024-08-06,7008
2365,昆盈,72,20,52,兆豐-三重,2024-08-06,7008
3266,昇陽,48,0,48,兆豐-三重,2024-08-06,7008
00878,國泰永續高股息,49,3,46,兆豐-三重,2024-08-06,7008
2537,聯上發,72,32,40,兆豐-三重,2024-08-06,7008
2317,鴻海,383,343,40,兆豐-三重,2024-08-06,7008
2892,第一金,36,0,36,兆豐-三重,2024-08-06,7008
2887,台新金,36,0,36,兆豐-三重,2024-08-06,7008
00932,兆豐永續高息等權,33,0,33,兆豐-三重,2024-08-06,7008
00687B,國泰20年美債,37,7,30,兆豐-三重,2024-08-06,7008
2501,國建,30,0,30,兆豐-三重,2024-08-06,7008
2603,長榮,29,6,23,兆豐-三重,2024-08-06,7008
6177,達麗,26,4,22,兆豐-三重,2024-08-06,7008
8299,群聯,22,0,22,兆豐-三重,2024-08-06,7008
2485,兆赫,21,0,21,兆豐-三重,2024-08-06,7008
00715L,期街口布蘭特正2,20,0,20,兆豐-三重,2024-08-06,7008
3303,岱稜,371,351,20,兆豐-三重,2024-08-06,7008
5522,遠雄,19,0,19,兆豐-三重,2024-08-06,7008
2489,瑞軒,26,7,19,兆豐-三重,2024-08-06,7008
00942B,台新美A公司債20+,16,0,16,兆豐-三重,2024-08-06,7008
2406,國碩,16,0,16,兆豐-三重,2024-08-06,7008
5907,大洋-KY,16,0,16,兆豐-三重,2024-08-06,7008
3715,定穎投控,31,16,15,兆豐-三重,2024-08-06,7008
6016,康和證,15,0,15,兆豐-三重,2024-08-06,7008
3481,群創,108,95,13,兆豐-三重,2024-08-06,7008
2515,中工,12,0,12,兆豐-三重,2024-08-06,7008
00632R,元大台灣50反1,15,3,12,兆豐-三重,2024-08-06,7008
5515,建國,12,0,12,兆豐-三重,2024-08-06,7008
00830,國泰費城半導體,13,2,11,兆豐-三重,2024-08-06,7008
00945B,凱基美國非投等債,11,0,11,兆豐-三重,2024-08-06,7008
1815,富喬,11,0,11,兆豐-三重,2024-08-06,7008
4533,協易機,13,2,11,兆豐-三重,2024-08-06,7008
2731,雄獅,10,0,10,兆豐-三重,2024-08-06,7008
2633,台灣高鐵,10,0,10,兆豐-三重,2024-08-06,7008
3052,夆典,10,0,10,兆豐-三重,2024-08-06,7008
3645,達邁,10,0,10,兆豐-三重,2024-08-06,7008
4114,健喬,10,0,10,兆豐-三重,2024-08-06,7008
4563,百德,10,0,10,兆豐-三重,2024-08-06,7008
4566,時碩工業,10,0,10,兆豐-三重,2024-08-06,7008
4903,聯光通,10,0,10,兆豐-三重,2024-08-06,7008
5531,鄉林,10,0,10,兆豐-三重,2024-08-06,7008
5905,南仁湖,10,0,10,兆豐-三重,2024-08-06,7008
6443,元晶,16,6,10,兆豐-三重,2024-08-06,7008
8011,台通,18,8,10,兆豐-三重,2024-08-06,7008
8171,天宇,10,0,10,兆豐-三重,2024-08-06,7008
2409,友達,25,15,10,兆豐-三重,2024-08-06,7008
0056,元大高股息,16,7,9,兆豐-三重,2024-08-06,7008
00631L,元大台灣50正2,11,2,9,兆豐-三重,2024-08-06,7008
3305,昇貿,9,0,9,兆豐-三重,2024-08-06,7008
00929,復華台灣科技優息,135,28,107,兆豐-三重,2024-08-07,7008
9105,泰金寶-DR,90,10,80,兆豐-三重,2024-08-07,7008
00940,元大台灣價值高息,57,0,57,兆豐-三重,2024-08-07,7008
1584,精剛,299,268,31,兆豐-三重,2024-08-07,7008
2412,中華電,55,25,30,兆豐-三重,2024-08-07,7008
00688L,國泰20年美債正2,29,0,29,兆豐-三重,2024-08-07,7008
2886,兆豐金,31,5,26,兆豐-三重,2024-08-07,7008
2615,萬海,31,6,25,兆豐-三重,2024-08-07,7008
00712,復華富時不動產,21,0,21,兆豐-三重,2024-08-07,7008
00948B,中信優息投資級債,17,0,17,兆豐-三重,2024-08-07,7008
2812,台中銀,15,0,15,兆豐-三重,2024-08-07,7008
00933B,國泰10Y+金融債,15,2,13,兆豐-三重,2024-08-07,7008
00679B,元大美債20年,16,3,13,兆豐-三重,2024-08-07,7008
2312,金寶,28,15,13,兆豐-三重,2024-08-07,7008
2363,矽統,15,2,13,兆豐-三重,2024-08-07,7008
2409,友達,16,3,13,兆豐-三重,2024-08-07,7008
0056,元大高股息,13,0,13,兆豐-三重,2024-08-07,7008
00877,復華中國5G,11,0,11,兆豐-三重,2024-08-07,7008
00715L,期街口布蘭特正2,11,0,11,兆豐-三重,2024-08-07,7008
1316,上曜,11,0,11,兆豐-三重,2024-08-07,7008
2834,臺企銀,11,0,11,兆豐-三重,2024-08-07,7008
6770,力積電,10,0,10,兆豐-三重,2024-08-07,7008
00942B,台新美A公司債20+,10,0,10,兆豐-三重,2024-08-07,7008
3052,夆典,10,0,10,兆豐-三重,2024-08-07,7008
3019,亞光,27,18,9,兆豐-三重,2024-08-07,7008
00696B,富邦美債20年,10,1,9,兆豐-三重,2024-08-07,7008
00725B,國泰投資級公司債,10,1,9,兆豐-三重,2024-08-07,7008
8076,伍豐,9,0,9,兆豐-三重,2024-08-07,7008
2308,台達電,12,3,9,兆豐-三重,2024-08-07,7008
00919,群益台灣精選高息,12,4,8,兆豐-三重,2024-08-07,7008
2313,華通,18,10,8,兆豐-三重,2024-08-07,7008
2408,南亞科,8,0,8,兆豐-三重,2024-08-07,7008
3024,憶聲,10,2,8,兆豐-三重,2024-08-07,7008
5443,均豪,20,12,8,兆豐-三重,2024-08-07,7008
2062,橋椿,7,0,7,兆豐-三重,2024-08-07,7008
2892,第一金,7,0,7,兆豐-三重,2024-08-07,7008
3481,群創,77,70,7,兆豐-三重,2024-08-07,7008
4763,材料-KY,7,0,7,兆豐-三重,2024-08-07,7008
1301,台塑,11,5,6,兆豐-三重,2024-08-07,7008
4109,加捷生醫,6,0,6,兆豐-三重,2024-08-07,7008
4540,全球傳動,6,0,6,兆豐-三重,2024-08-07,7008
2887,台新金,6,0,6,兆豐-三重,2024-08-07,7008
2542,興富發,7,2,5,兆豐-三重,2024-08-07,7008
2633,台灣高鐵,5,0,5,兆豐-三重,2024-08-07,7008
2880,華南金,5,0,5,兆豐-三重,2024-08-07,7008
5324,士開,5,0,5,兆豐-三重,2024-08-07,7008
6207,雷科,5,0,5,兆豐-三重,2024-08-07,7008
6472,保瑞,10,5,5,兆豐-三重,2024-08-07,7008
2603,長榮,8,3,5,兆豐-三重,2024-08-07,7008
6213,聯茂,35,31,4,兆豐-三重,2024-08-07,7008
1314,中石化,422,65,357,兆豐-三重,2024-08-08,7008
00632R,元大台灣50反1,155,30,125,兆豐-三重,2024-08-08,7008
2371,大同,118,13,105,兆豐-三重,2024-08-08,7008
00948B,中信優息投資級債,104,0,104,兆豐-三重,2024-08-08,7008
2610,華航,100,0,100,兆豐-三重,2024-08-08,7008
00929,復華台灣科技優息,110,16,94,兆豐-三重,2024-08-08,7008
00878,國泰永續高股息,46,0,46,兆豐-三重,2024-08-08,7008
2886,兆豐金,44,0,44,兆豐-三重,2024-08-08,7008
2609,陽明,41,6,35,兆豐-三重,2024-08-08,7008
00687B,國泰20年美債,33,4,29,兆豐-三重,2024-08-08,7008
3712,永崴投控,38,10,28,兆豐-三重,2024-08-08,7008
3481,群創,26,4,22,兆豐-三重,2024-08-08,7008
1440,南紡,20,0,20,兆豐-三重,2024-08-08,7008
2489,瑞軒,57,37,20,兆豐-三重,2024-08-08,7008
3290,東浦,20,0,20,兆豐-三重,2024-08-08,7008
6116,彩晶,20,0,20,兆豐-三重,2024-08-08,7008
00940,元大台灣價值高息,24,5,19,兆豐-三重,2024-08-08,7008
00927,群益半導體收益,21,4,17,兆豐-三重,2024-08-08,7008
2317,鴻海,133,116,17,兆豐-三重,2024-08-08,7008
2353,宏��,45,30,15,兆豐-三重,2024-08-08,7008
00712,復華富時不動產,14,0,14,兆豐-三重,2024-08-08,7008
4566,時碩工業,16,3,13,兆豐-三重,2024-08-08,7008
00942B,台新美A公司債20+,11,0,11,兆豐-三重,2024-08-08,7008
2324,仁寶,10,0,10,兆豐-三重,2024-08-08,7008
2812,台中銀,10,0,10,兆豐-三重,2024-08-08,7008
2888,新光金,21,11,10,兆豐-三重,2024-08-08,7008
4533,協易機,14,4,10,兆豐-三重,2024-08-08,7008
5309,系統電,10,0,10,兆豐-三重,2024-08-08,7008
2892,第一金,12,2,10,兆豐-三重,2024-08-08,7008
2330,台積電,15,5,10,兆豐-三重,2024-08-08,7008
6257,矽格,10,1,9,兆豐-三重,2024-08-08,7008
2382,廣達,12,4,8,兆豐-三重,2024-08-08,7008
8299,群聯,8,0,8,兆豐-三重,2024-08-08,7008
1608,華榮,7,0,7,兆豐-三重,2024-08-08,7008
2062,橋椿,7,0,7,兆豐-三重,2024-08-08,7008
2883,凱基金,7,0,7,兆豐-三重,2024-08-08,7008
00946,群益科技高息成長,6,0,6,兆豐-三重,2024-08-08,7008
1326,台化,6,0,6,兆豐-三重,2024-08-08,7008
2618,長榮航,6,0,6,兆豐-三重,2024-08-08,7008
3048,益登,24,18,6,兆豐-三重,2024-08-08,7008
4763,材料-KY,7,1,6,兆豐-三重,2024-08-08,7008
2615,萬海,18,13,5,兆豐-三重,2024-08-08,7008
6890,來億-KY,6,1,5,兆豐-三重,2024-08-08,7008
8064,東捷,5,0,5,兆豐-三重,2024-08-08,7008
00688L,國泰20年美債正2,5,0,5,兆豐-三重,2024-08-08,7008
00720B,元大投資級公司債,5,0,5,兆豐-三重,2024-08-08,7008
00877,復華中國5G,5,0,5,兆豐-三重,2024-08-08,7008
2882,國泰金,8,3,5,兆豐-三重,2024-08-08,7008
00830,國泰費城半導體,5,0,5,兆豐-三重,2024-08-08,7008
6177,達麗,21,17,4,兆豐-三重,2024-08-08,7008
5871,中租-KY,48,0,48,兆豐-三重,2024-08-09,7008
00937B,群益ESG投等債20,139,95,44,兆豐-三重,2024-08-09,7008
00679B,元大美債20年,45,14,31,兆豐-三重,2024-08-09,7008
2486,一詮,54,26,28,兆豐-三重,2024-08-09,7008
1536,和大,27,4,23,兆豐-三重,2024-08-09,7008
2392,正崴,23,1,22,兆豐-三重,2024-08-09,7008
00632R,元大台灣50反1,75,55,20,兆豐-三重,2024-08-09,7008
00687B,國泰20年美債,20,0,20,兆豐-三重,2024-08-09,7008
1584,精剛,320,300,20,兆豐-三重,2024-08-09,7008
00881,國泰台灣5G+,18,0,18,兆豐-三重,2024-08-09,7008
2353,宏��,18,1,17,兆豐-三重,2024-08-09,7008
2453,凌群,17,0,17,兆豐-三重,2024-08-09,7008
8210,勤誠,16,0,16,兆豐-三重,2024-08-09,7008
00688L,國泰20年美債正2,15,0,15,兆豐-三重,2024-08-09,7008
5364,力麗店,15,0,15,兆豐-三重,2024-08-09,7008
6152,百一,15,0,15,兆豐-三重,2024-08-09,7008
8349,�矬�,15,0,15,兆豐-三重,2024-08-09,7008
2365,昆盈,33,19,14,兆豐-三重,2024-08-09,7008
2349,錸德,14,0,14,兆豐-三重,2024-08-09,7008
00933B,國泰10Y+金融債,13,0,13,兆豐-三重,2024-08-09,7008
00720B,元大投資級公司債,13,0,13,兆豐-三重,2024-08-09,7008
4903,聯光通,13,1,12,兆豐-三重,2024-08-09,7008
2609,陽明,30,19,11,兆豐-三重,2024-08-09,7008
00725B,國泰投資級公司債,10,0,10,兆豐-三重,2024-08-09,7008
00951,台新日本半導體,10,0,10,兆豐-三重,2024-08-09,7008
1447,力鵬,10,0,10,兆豐-三重,2024-08-09,7008
1711,永光,10,0,10,兆豐-三重,2024-08-09,7008
2388,威盛,10,0,10,兆豐-三重,2024-08-09,7008
2812,台中銀,10,0,10,兆豐-三重,2024-08-09,7008
2867,三商壽,10,0,10,兆豐-三重,2024-08-09,7008
6742,澤米,10,0,10,兆豐-三重,2024-08-09,7008
1304,台聚,9,0,9,兆豐-三重,2024-08-09,7008
2337,旺宏,9,0,9,兆豐-三重,2024-08-09,7008
4566,時碩工業,10,1,9,兆豐-三重,2024-08-09,7008
1442,名軒,11,3,8,兆豐-三重,2024-08-09,7008
2313,華通,18,10,8,兆豐-三重,2024-08-09,7008
00942B,台新美A公司債20+,7,0,7,兆豐-三重,2024-08-09,7008
3576,聯合再生,6,0,6,兆豐-三重,2024-08-09,7008
8070,長華*,6,0,6,兆豐-三重,2024-08-09,7008
8938,明安,6,0,6,兆豐-三重,2024-08-09,7008
00757,統一FANG+,5,0,5,兆豐-三重,2024-08-09,7008
00724B,群益投資級金融債,5,0,5,兆豐-三重,2024-08-09,7008
00795B,中信美國公債20年,5,0,5,兆豐-三重,2024-08-09,7008
00690,兆豐藍籌30,5,0,5,兆豐-三重,2024-08-09,7008
2542,興富發,7,2,5,兆豐-三重,2024-08-09,7008
2634,漢翔,5,0,5,兆豐-三重,2024-08-09,7008
3044,健鼎,26,21,5,兆豐-三重,2024-08-09,7008
3228,金麗科,5,0,5,兆豐-三重,2024-08-09,7008
4510,高鋒,5,0,5,兆豐-三重,2024-08-09,7008
4763,材料-KY,6,1,5,兆豐-三重,2024-08-09,7008
2883,凱基金,139,65,74,兆豐-三重,2024-08-12,7008
2317,鴻海,110,58,52,兆豐-三重,2024-08-12,7008
1314,中石化,49,0,49,兆豐-三重,2024-08-12,7008
1597,直得,29,6,23,兆豐-三重,2024-08-12,7008
2888,新光金,41,19,22,兆豐-三重,2024-08-12,7008
1108,幸福,21,0,21,兆豐-三重,2024-08-12,7008
3481,群創,33,12,21,兆豐-三重,2024-08-12,7008
00795B,中信美國公債20年,20,0,20,兆豐-三重,2024-08-12,7008
2511,太子,20,0,20,兆豐-三重,2024-08-12,7008
5213,亞昕,20,0,20,兆豐-三重,2024-08-12,7008
5512,力麒,30,10,20,兆豐-三重,2024-08-12,7008
3522,御嵿,20,1,19,兆豐-三重,2024-08-12,7008
00929,復華台灣科技優息,26,8,18,兆豐-三重,2024-08-12,7008
00919,群益台灣精選高息,17,2,15,兆豐-三重,2024-08-12,7008
3712,永崴投控,45,33,12,兆豐-三重,2024-08-12,7008
5880,合庫金,12,0,12,兆豐-三重,2024-08-12,7008
6538,倉和,12,0,12,兆豐-三重,2024-08-12,7008
1569,濱川,11,0,11,兆豐-三重,2024-08-12,7008
0056,元大高股息,22,12,10,兆豐-三重,2024-08-12,7008
00951,台新日本半導體,10,0,10,兆豐-三重,2024-08-12,7008
00891,中信關鍵半導體,10,0,10,兆豐-三重,2024-08-12,7008
00712,復華富時不動產,10,0,10,兆豐-三重,2024-08-12,7008
1460,宏遠,10,0,10,兆豐-三重,2024-08-12,7008
1815,富喬,10,0,10,兆豐-三重,2024-08-12,7008
2426,鼎元,10,0,10,兆豐-三重,2024-08-12,7008
6026,福邦證,10,0,10,兆豐-三重,2024-08-12,7008
6116,彩晶,10,0,10,兆豐-三重,2024-08-12,7008
6770,力積電,10,0,10,兆豐-三重,2024-08-12,7008
2312,金寶,39,30,9,兆豐-三重,2024-08-12,7008
2880,華南金,9,0,9,兆豐-三重,2024-08-12,7008
3535,晶彩科,9,0,9,兆豐-三重,2024-08-12,7008
4562,穎漢,98,89,9,兆豐-三重,2024-08-12,7008
2453,凌群,8,0,8,兆豐-三重,2024-08-12,7008
2891,中信金,16,8,8,兆豐-三重,2024-08-12,7008
2362,藍天,7,0,7,兆豐-三重,2024-08-12,7008
3518,柏騰,7,0,7,兆豐-三重,2024-08-12,7008
6133,金橋,7,0,7,兆豐-三重,2024-08-12,7008
8374,羅昇,31,24,7,兆豐-三重,2024-08-12,7008
1584,精剛,441,435,6,兆豐-三重,2024-08-12,7008
2458,義隆,6,0,6,兆豐-三重,2024-08-12,7008
4563,百德,13,7,6,兆豐-三重,2024-08-12,7008
8011,台通,69,63,6,兆豐-三重,2024-08-12,7008
6125,廣運,8,2,6,兆豐-三重,2024-08-12,7008
00632R,元大台灣50反1,5,0,5,兆豐-三重,2024-08-12,7008
00687B,國泰20年美債,10,5,5,兆豐-三重,2024-08-12,7008
1609,大亞,16,11,5,兆豐-三重,2024-08-12,7008
2017,官田鋼,5,0,5,兆豐-三重,2024-08-12,7008
3260,威剛,5,0,5,兆豐-三重,2024-08-12,7008
5202,力新,5,0,5,兆豐-三重,2024-08-12,7008
5864,致和證,5,0,5,兆豐-三重,2024-08-12,7008
1314,中石化,188,100,88,兆豐-三重,2024-08-13,7008
2880,華南金,72,10,62,兆豐-三重,2024-08-13,7008
00878,國泰永續高股息,26,1,25,兆豐-三重,2024-08-13,7008
2317,鴻海,68,45,23,兆豐-三重,2024-08-13,7008
00937B,群益ESG投等債20,20,0,20,兆豐-三重,2024-08-13,7008
2891,中信金,24,7,17,兆豐-三重,2024-08-13,7008
4109,加捷生醫,17,0,17,兆豐-三重,2024-08-13,7008
00919,群益台灣精選高息,19,3,16,兆豐-三重,2024-08-13,7008
2886,兆豐金,15,2,13,兆豐-三重,2024-08-13,7008
2243,宏旭-KY,12,0,12,兆豐-三重,2024-08-13,7008
3033,威健,12,0,12,兆豐-三重,2024-08-13,7008
00929,復華台灣科技優息,21,10,11,兆豐-三重,2024-08-13,7008
00679B,元大美債20年,11,0,11,兆豐-三重,2024-08-13,7008
00891,中信關鍵半導體,10,0,10,兆豐-三重,2024-08-13,7008
1440,南紡,11,1,10,兆豐-三重,2024-08-13,7008
2409,友達,13,3,10,兆豐-三重,2024-08-13,7008
2885,元大金,10,0,10,兆豐-三重,2024-08-13,7008
3037,欣興,21,11,10,兆豐-三重,2024-08-13,7008
3576,聯合再生,20,10,10,兆豐-三重,2024-08-13,7008
1513,中興電,24,16,8,兆豐-三重,2024-08-13,7008
2359,所羅門,21,13,8,兆豐-三重,2024-08-13,7008
2365,昆盈,74,66,8,兆豐-三重,2024-08-13,7008
2615,萬海,16,8,8,兆豐-三重,2024-08-13,7008
1339,昭輝,7,0,7,兆豐-三重,2024-08-13,7008
1587,吉茂,7,0,7,兆豐-三重,2024-08-13,7008
3013,晟銘電,22,16,6,兆豐-三重,2024-08-13,7008
00881,國泰台灣5G+,6,0,6,兆豐-三重,2024-08-13,7008
00712,復華富時不動產,6,0,6,兆豐-三重,2024-08-13,7008
2371,大同,50,44,6,兆豐-三重,2024-08-13,7008
2406,國碩,6,0,6,兆豐-三重,2024-08-13,7008
5347,世界,6,0,6,兆豐-三重,2024-08-13,7008
6218,豪勉,6,0,6,兆豐-三重,2024-08-13,7008
8028,昇陽半導體,12,6,6,兆豐-三重,2024-08-13,7008
4566,時碩工業,31,25,6,兆豐-三重,2024-08-13,7008
3324,雙鴻,8,3,5,兆豐-三重,2024-08-13,7008
1218,泰山,5,0,5,兆豐-三重,2024-08-13,7008
00632R,元大台灣50反1,5,0,5,兆豐-三重,2024-08-13,7008
1785,光洋科,46,41,5,兆豐-三重,2024-08-13,7008
2374,佳能,7,2,5,兆豐-三重,2024-08-13,7008
2408,南亞科,5,0,5,兆豐-三重,2024-08-13,7008
2520,冠德,16,11,5,兆豐-三重,2024-08-13,7008
3537,堡達,5,0,5,兆豐-三重,2024-08-13,7008
3715,定穎投控,6,1,5,兆豐-三重,2024-08-13,7008
6275,元山,5,0,5,兆豐-三重,2024-08-13,7008
8011,台通,30,25,5,兆豐-三重,2024-08-13,7008
2834,臺企銀,4,0,4,兆豐-三重,2024-08-13,7008
2382,廣達,6,2,4,兆豐-三重,2024-08-13,7008
00680L,元大美債20正2,4,0,4,兆豐-三重,2024-08-13,7008
00688L,國泰20年美債正2,4,0,4,兆豐-三重,2024-08-13,7008
1409,新纖,4,0,4,兆豐-三重,2024-08-13,7008
5880,合庫金,101,0,101,兆豐-三重,2024-08-14,7008
2243,宏旭-KY,82,2,80,兆豐-三重,2024-08-14,7008
2323,中環,72,0,72,兆豐-三重,2024-08-14,7008
4576,大銀微系統,63,13,50,兆豐-三重,2024-08-14,7008
00929,復華台灣科技優息,25,0,25,兆豐-三重,2024-08-14,7008
5213,亞昕,22,0,22,兆豐-三重,2024-08-14,7008
5386,青雲,20,0,20,兆豐-三重,2024-08-14,7008
4562,穎漢,40,21,19,兆豐-三重,2024-08-14,7008
2356,英業達,24,6,18,兆豐-三重,2024-08-14,7008
00900,富邦特選高股息30,11,0,11,兆豐-三重,2024-08-14,7008
00687B,國泰20年美債,10,0,10,兆豐-三重,2024-08-14,7008
00632R,元大台灣50反1,10,0,10,兆豐-三重,2024-08-14,7008
2014,中鴻,10,0,10,兆豐-三重,2024-08-14,7008
2939,永邑-KY,10,0,10,兆豐-三重,2024-08-14,7008
4306,炎洲,10,0,10,兆豐-三重,2024-08-14,7008
9105,泰金寶-DR,10,0,10,兆豐-三重,2024-08-14,7008
9907,統一實,10,0,10,兆豐-三重,2024-08-14,7008
2615,萬海,26,17,9,兆豐-三重,2024-08-14,7008
3712,永崴投控,23,14,9,兆豐-三重,2024-08-14,7008
3481,群創,14,6,8,兆豐-三重,2024-08-14,7008
00881,國泰台灣5G+,8,0,8,兆豐-三重,2024-08-14,7008
3013,晟銘電,40,32,8,兆豐-三重,2024-08-14,7008
3303,岱稜,10,2,8,兆豐-三重,2024-08-14,7008
00937B,群益ESG投等債20,9,2,7,兆豐-三重,2024-08-14,7008
2363,矽統,10,3,7,兆豐-三重,2024-08-14,7008
2520,冠德,8,1,7,兆豐-三重,2024-08-14,7008
2349,錸德,11,5,6,兆豐-三重,2024-08-14,7008
3163,波若威,24,18,6,兆豐-三重,2024-08-14,7008
00878,國泰永續高股息,8,2,6,兆豐-三重,2024-08-14,7008
00673R,期元大S＆P原油反1,5,0,5,兆豐-三重,2024-08-14,7008
1903,士紙,5,0,5,兆豐-三重,2024-08-14,7008
2312,金寶,25,20,5,兆豐-三重,2024-08-14,7008
2888,新光金,10,5,5,兆豐-三重,2024-08-14,7008
3017,奇鋐,5,0,5,兆豐-三重,2024-08-14,7008
3188,鑫龍騰,16,11,5,兆豐-三重,2024-08-14,7008
4526,東台,32,27,5,兆豐-三重,2024-08-14,7008
6163,華電網,6,1,5,兆豐-三重,2024-08-14,7008
8054,安國,29,24,5,兆豐-三重,2024-08-14,7008
8081,致新,5,0,5,兆豐-三重,2024-08-14,7008
8110,華東,5,0,5,兆豐-三重,2024-08-14,7008
8291,尚茂,5,0,5,兆豐-三重,2024-08-14,7008
3019,亞光,9,4,5,兆豐-三重,2024-08-14,7008
1101,台泥,4,0,4,兆豐-三重,2024-08-14,7008
00731,復華富時高息低波,4,0,4,兆豐-三重,2024-08-14,7008
1809,中釉,4,0,4,兆豐-三重,2024-08-14,7008
2609,陽明,11,7,4,兆豐-三重,2024-08-14,7008
2739,寒舍,5,1,4,兆豐-三重,2024-08-14,7008
4906,正文,4,0,4,兆豐-三重,2024-08-14,7008
8021,尖點,4,0,4,兆豐-三重,2024-08-14,7008
1442,名軒,4,0,4,兆豐-三重,2024-08-14,7008
2834,臺企銀,252,0,252,兆豐-三重,2024-08-15,7008
1417,嘉裕,145,0,145,兆豐-三重,2024-08-15,7008
00948B,中信優息投資級債,100,1,99,兆豐-三重,2024-08-15,7008
2838,聯邦銀,80,0,80,兆豐-三重,2024-08-15,7008
00878,國泰永續高股息,68,3,65,兆豐-三重,2024-08-15,7008
6152,百一,40,0,40,兆豐-三重,2024-08-15,7008
1708,東鹼,31,0,31,兆豐-三重,2024-08-15,7008
3234,光環,30,0,30,兆豐-三重,2024-08-15,7008
2537,聯上發,30,1,29,兆豐-三重,2024-08-15,7008
1584,精剛,421,393,28,兆豐-三重,2024-08-15,7008
1101,台泥,21,0,21,兆豐-三重,2024-08-15,7008
5014,建錩,20,0,20,兆豐-三重,2024-08-15,7008
8107,大億金茂,20,0,20,兆豐-三重,2024-08-15,7008
2062,橋椿,21,3,18,兆豐-三重,2024-08-15,7008
2609,陽明,42,24,18,兆豐-三重,2024-08-15,7008
00951,台新日本半導體,18,1,17,兆豐-三重,2024-08-15,7008
2349,錸德,15,0,15,兆豐-三重,2024-08-15,7008
2886,兆豐金,15,0,15,兆豐-三重,2024-08-15,7008
00881,國泰台灣5G+,13,1,12,兆豐-三重,2024-08-15,7008
6290,良維,26,14,12,兆豐-三重,2024-08-15,7008
8011,台通,25,13,12,兆豐-三重,2024-08-15,7008
2317,鴻海,54,43,11,兆豐-三重,2024-08-15,7008
00933B,國泰10Y+金融債,11,0,11,兆豐-三重,2024-08-15,7008
00757,統一FANG+,11,0,11,兆豐-三重,2024-08-15,7008
1513,中興電,38,29,9,兆豐-三重,2024-08-15,7008
2801,彰銀,9,0,9,兆豐-三重,2024-08-15,7008
4906,正文,10,1,9,兆豐-三重,2024-08-15,7008
6207,雷科,9,0,9,兆豐-三重,2024-08-15,7008
9904,寶成,10,1,9,兆豐-三重,2024-08-15,7008
00929,復華台灣科技優息,15,7,8,兆豐-三重,2024-08-15,7008
1316,上曜,10,2,8,兆豐-三重,2024-08-15,7008
1609,大亞,8,1,7,兆豐-三重,2024-08-15,7008
2890,永豐金,7,0,7,兆豐-三重,2024-08-15,7008
00894,中信小資高價30,6,0,6,兆豐-三重,2024-08-15,7008
1314,中石化,15,9,6,兆豐-三重,2024-08-15,7008
1514,亞力,25,19,6,兆豐-三重,2024-08-15,7008
3583,辛耘,8,2,6,兆豐-三重,2024-08-15,7008
4523,永彰,6,0,6,兆豐-三重,2024-08-15,7008
8040,九暘,5,0,5,兆豐-三重,2024-08-15,7008
00945B,凱基美國非投等債,5,0,5,兆豐-三重,2024-08-15,7008
00696B,富邦美債20年,5,0,5,兆豐-三重,2024-08-15,7008
00900,富邦特選高股息30,5,0,5,兆豐-三重,2024-08-15,7008
2527,宏璟,5,0,5,兆豐-三重,2024-08-15,7008
3036,文曄,5,0,5,兆豐-三重,2024-08-15,7008
3048,益登,5,0,5,兆豐-三重,2024-08-15,7008
9136,巨騰-DR,5,0,5,兆豐-三重,2024-08-15,7008
00923,群益台ESG低碳50,4,0,4,兆豐-三重,2024-08-15,7008
00687B,國泰20年美債,9,5,4,兆豐-三重,2024-08-15,7008
2002,中鋼,134,130,4,兆豐-三重,2024-08-15,7008
2376,技嘉,4,0,4,兆豐-三重,2024-08-15,7008
1417,嘉裕,51,0,51,兆豐-三重,2024-08-16,7008
3390,旭軟,49,0,49,兆豐-三重,2024-08-16,7008
3522,御嵿,42,7,35,兆豐-三重,2024-08-16,7008
3673,TPK-KY,64,38,26,兆豐-三重,2024-08-16,7008
8096,擎亞,65,39,26,兆豐-三重,2024-08-16,7008
2489,瑞軒,26,4,22,兆豐-三重,2024-08-16,7008
2371,大同,24,4,20,兆豐-三重,2024-08-16,7008
2605,新興,20,0,20,兆豐-三重,2024-08-16,7008
2609,陽明,31,11,20,兆豐-三重,2024-08-16,7008
4167,松瑞藥,20,0,20,兆豐-三重,2024-08-16,7008
6152,百一,20,0,20,兆豐-三重,2024-08-16,7008
00687B,國泰20年美債,21,2,19,兆豐-三重,2024-08-16,7008
00927,群益半導體收益,20,2,18,兆豐-三重,2024-08-16,7008
4562,穎漢,104,88,16,兆豐-三重,2024-08-16,7008
2312,金寶,29,15,14,兆豐-三重,2024-08-16,7008
1528,恩德,15,2,13,兆豐-三重,2024-08-16,7008
2002,中鋼,13,0,13,兆豐-三重,2024-08-16,7008
00929,復華台灣科技優息,12,0,12,兆豐-三重,2024-08-16,7008
4540,全球傳動,62,51,11,兆豐-三重,2024-08-16,7008
1584,精剛,183,172,11,兆豐-三重,2024-08-16,7008
2356,英業達,11,1,10,兆豐-三重,2024-08-16,7008
00948B,中信優息投資級債,10,0,10,兆豐-三重,2024-08-16,7008
1612,宏泰,10,0,10,兆豐-三重,2024-08-16,7008
2812,台中銀,10,0,10,兆豐-三重,2024-08-16,7008
6443,元晶,10,0,10,兆豐-三重,2024-08-16,7008
6761,穩得,17,7,10,兆豐-三重,2024-08-16,7008
00679B,元大美債20年,18,8,10,兆豐-三重,2024-08-16,7008
3046,建��,13,4,9,兆豐-三重,2024-08-16,7008
2939,永邑-KY,8,0,8,兆豐-三重,2024-08-16,7008
00696B,富邦美債20年,6,0,6,兆豐-三重,2024-08-16,7008
1522,堤維西,6,0,6,兆豐-三重,2024-08-16,7008
4747,強生,6,0,6,兆豐-三重,2024-08-16,7008
5464,霖宏,6,0,6,兆豐-三重,2024-08-16,7008
6016,康和證,6,0,6,兆豐-三重,2024-08-16,7008
8374,羅昇,34,28,6,兆豐-三重,2024-08-16,7008
8438,昶昕,6,0,6,兆豐-三重,2024-08-16,7008
00945B,凱基美國非投等債,5,0,5,兆豐-三重,2024-08-16,7008
00632R,元大台灣50反1,55,50,5,兆豐-三重,2024-08-16,7008
1718,中纖,5,0,5,兆豐-三重,2024-08-16,7008
5426,振發,5,0,5,兆豐-三重,2024-08-16,7008
5521,工信,5,0,5,兆豐-三重,2024-08-16,7008
6206,飛捷,7,2,5,兆豐-三重,2024-08-16,7008
8150,南茂,5,0,5,兆豐-三重,2024-08-16,7008
2427,三商電,4,0,4,兆豐-三重,2024-08-16,7008
3048,益登,11,7,4,兆豐-三重,2024-08-16,7008
3479,安勤,4,0,4,兆豐-三重,2024-08-16,7008
3576,聯合再生,9,5,4,兆豐-三重,2024-08-16,7008
4129,聯合,4,0,4,兆豐-三重,2024-08-16,7008
8932,智通*,4,0,4,兆豐-三重,2024-08-16,7008
9935,慶豐富,4,0,4,兆豐-三重,2024-08-16,7008
00937B,群益ESG投等債20,71,1,70,兆豐-三重,2024-08-19,7008
00713,元大台灣高息低波,53,0,53,兆豐-三重,2024-08-19,7008
00712,復華富時不動產,38,0,38,兆豐-三重,2024-08-19,7008
3673,TPK-KY,36,0,36,兆豐-三重,2024-08-19,7008
8011,台通,41,5,36,兆豐-三重,2024-08-19,7008
1417,嘉裕,34,0,34,兆豐-三重,2024-08-19,7008
1785,光洋科,57,25,32,兆豐-三重,2024-08-19,7008
1513,中興電,35,7,28,兆豐-三重,2024-08-19,7008
00679B,元大美債20年,28,1,27,兆豐-三重,2024-08-19,7008
2317,鴻海,42,17,25,兆豐-三重,2024-08-19,7008
2883,凱基金,28,3,25,兆豐-三重,2024-08-19,7008
4906,正文,25,0,25,兆豐-三重,2024-08-19,7008
9935,慶豐富,25,0,25,兆豐-三重,2024-08-19,7008
2062,橋椿,24,1,23,兆豐-三重,2024-08-19,7008
2618,長榮航,21,0,21,兆豐-三重,2024-08-19,7008
00773B,中信優先金融債,20,0,20,兆豐-三重,2024-08-19,7008
00687B,國泰20年美債,19,0,19,兆豐-三重,2024-08-19,7008
2313,華通,21,2,19,兆豐-三重,2024-08-19,7008
2002,中鋼,65,48,17,兆豐-三重,2024-08-19,7008
8028,昇陽半導體,32,17,15,兆豐-三重,2024-08-19,7008
2364,倫飛,14,0,14,兆豐-三重,2024-08-19,7008
2371,大同,22,8,14,兆豐-三重,2024-08-19,7008
00919,群益台灣精選高息,12,0,12,兆豐-三重,2024-08-19,7008
2486,一詮,33,21,12,兆豐-三重,2024-08-19,7008
3556,禾瑞亞,22,10,12,兆豐-三重,2024-08-19,7008
5371,中光電,15,3,12,兆豐-三重,2024-08-19,7008
1326,台化,11,0,11,兆豐-三重,2024-08-19,7008
1528,恩德,11,0,11,兆豐-三重,2024-08-19,7008
2382,廣達,11,0,11,兆豐-三重,2024-08-19,7008
1536,和大,10,0,10,兆豐-三重,2024-08-19,7008
00945B,凱基美國非投等債,10,0,10,兆豐-三重,2024-08-19,7008
1447,力鵬,10,0,10,兆豐-三重,2024-08-19,7008
2349,錸德,10,0,10,兆豐-三重,2024-08-19,7008
6139,亞翔,10,0,10,兆豐-三重,2024-08-19,7008
6548,長科*,10,0,10,兆豐-三重,2024-08-19,7008
2939,永邑-KY,8,0,8,兆豐-三重,2024-08-19,7008
3167,大量,17,9,8,兆豐-三重,2024-08-19,7008
0056,元大高股息,8,0,8,兆豐-三重,2024-08-19,7008
1805,寶徠,7,0,7,兆豐-三重,2024-08-19,7008
2344,華邦電,10,3,7,兆豐-三重,2024-08-19,7008
6213,聯茂,9,2,7,兆豐-三重,2024-08-19,7008
2356,英業達,8,2,6,兆豐-三重,2024-08-19,7008
2882,國泰金,6,0,6,兆豐-三重,2024-08-19,7008
3060,銘異,6,0,6,兆豐-三重,2024-08-19,7008
4168,醣聯,6,0,6,兆豐-三重,2024-08-19,7008
00857B,永豐20年美公債,5,0,5,兆豐-三重,2024-08-19,7008
00642U,期元大S＆P石油,5,0,5,兆豐-三重,2024-08-19,7008
00696B,富邦美債20年,5,0,5,兆豐-三重,2024-08-19,7008
2362,藍天,5,0,5,兆豐-三重,2024-08-19,7008
3211,順達,5,0,5,兆豐-三重,2024-08-19,7008
2897,王道銀行,300,0,300,兆豐-三重,2024-08-20,7008
1417,嘉裕,109,0,109,兆豐-三重,2024-08-20,7008
00687B,國泰20年美債,66,0,66,兆豐-三重,2024-08-20,7008
2838,聯邦銀,58,0,58,兆豐-三重,2024-08-20,7008
1314,中石化,56,0,56,兆豐-三重,2024-08-20,7008
00715L,期街口布蘭特正2,51,0,51,兆豐-三重,2024-08-20,7008
00795B,中信美國公債20年,40,0,40,兆豐-三重,2024-08-20,7008
00878,國泰永續高股息,32,0,32,兆豐-三重,2024-08-20,7008
2537,聯上發,34,2,32,兆豐-三重,2024-08-20,7008
2356,英業達,34,5,29,兆豐-三重,2024-08-20,7008
6877,鏵友益,28,0,28,兆豐-三重,2024-08-20,7008
8105,凌巨,22,0,22,兆豐-三重,2024-08-20,7008
00937B,群益ESG投等債20,21,0,21,兆豐-三重,2024-08-20,7008
1321,大洋,21,0,21,兆豐-三重,2024-08-20,7008
4109,加捷生醫,44,23,21,兆豐-三重,2024-08-20,7008
4974,亞泰,67,46,21,兆豐-三重,2024-08-20,7008
4904,遠傳,20,0,20,兆豐-三重,2024-08-20,7008
3312,弘憶股,17,2,15,兆豐-三重,2024-08-20,7008
3607,谷崧,15,0,15,兆豐-三重,2024-08-20,7008
5519,隆大,25,12,13,兆豐-三重,2024-08-20,7008
3455,由田,22,11,11,兆豐-三重,2024-08-20,7008
00679B,元大美債20年,11,0,11,兆豐-三重,2024-08-20,7008
2337,旺宏,11,0,11,兆豐-三重,2024-08-20,7008
2365,昆盈,22,11,11,兆豐-三重,2024-08-20,7008
00720B,元大投資級公司債,10,0,10,兆豐-三重,2024-08-20,7008
00725B,國泰投資級公司債,10,0,10,兆豐-三重,2024-08-20,7008
2887,台新金,10,0,10,兆豐-三重,2024-08-20,7008
00757,統一FANG+,10,0,10,兆豐-三重,2024-08-20,7008
2486,一詮,10,0,10,兆豐-三重,2024-08-20,7008
00719B,元大美債1-3,10,0,10,兆豐-三重,2024-08-20,7008
1597,直得,10,0,10,兆豐-三重,2024-08-20,7008
2543,皇昌,25,15,10,兆豐-三重,2024-08-20,7008
5508,永信建,10,0,10,兆豐-三重,2024-08-20,7008
6177,達麗,28,18,10,兆豐-三重,2024-08-20,7008
6290,良維,11,1,10,兆豐-三重,2024-08-20,7008
00919,群益台灣精選高息,9,0,9,兆豐-三重,2024-08-20,7008
2363,矽統,13,4,9,兆豐-三重,2024-08-20,7008
0056,元大高股息,9,0,9,兆豐-三重,2024-08-20,7008
2442,新美齊,8,0,8,兆豐-三重,2024-08-20,7008
2603,長榮,9,1,8,兆豐-三重,2024-08-20,7008
2520,冠德,8,1,7,兆豐-三重,2024-08-20,7008
2615,萬海,23,16,7,兆豐-三重,2024-08-20,7008
3167,大量,15,8,7,兆豐-三重,2024-08-20,7008
2330,台積電,10,3,7,兆豐-三重,2024-08-20,7008
1608,華榮,8,2,6,兆豐-三重,2024-08-20,7008
2243,宏旭-KY,6,0,6,兆豐-三重,2024-08-20,7008
2362,藍天,6,0,6,兆豐-三重,2024-08-20,7008
00881,國泰台灣5G+,5,0,5,兆豐-三重,2024-08-20,7008
00632R,元大台灣50反1,5,0,5,兆豐-三重,2024-08-20,7008
1326,台化,5,0,5,兆豐-三重,2024-08-20,7008
00922,國泰台灣領袖50,120,0,120,兆豐-三重,2024-08-21,7008
2838,聯邦銀,65,0,65,兆豐-三重,2024-08-21,7008
2891,中信金,56,0,56,兆豐-三重,2024-08-21,7008
3673,TPK-KY,57,6,51,兆豐-三重,2024-08-21,7008
2323,中環,51,1,50,兆豐-三重,2024-08-21,7008
00725B,國泰投資級公司債,40,0,40,兆豐-三重,2024-08-21,7008
00937B,群益ESG投等債20,36,0,36,兆豐-三重,2024-08-21,7008
00632R,元大台灣50反1,31,0,31,兆豐-三重,2024-08-21,7008
00945B,凱基美國非投等債,30,0,30,兆豐-三重,2024-08-21,7008
00715L,期街口布蘭特正2,22,0,22,兆豐-三重,2024-08-21,7008
6285,啟��,20,0,20,兆豐-三重,2024-08-21,7008
2543,皇昌,17,0,17,兆豐-三重,2024-08-21,7008
00919,群益台灣精選高息,17,1,16,兆豐-三重,2024-08-21,7008
00878,國泰永續高股息,16,0,16,兆豐-三重,2024-08-21,7008
1442,名軒,15,0,15,兆豐-三重,2024-08-21,7008
00905,FT臺灣Smart,15,0,15,兆豐-三重,2024-08-21,7008
2419,仲琦,15,0,15,兆豐-三重,2024-08-21,7008
2892,第一金,15,0,15,兆豐-三重,2024-08-21,7008
2317,鴻海,37,22,15,兆豐-三重,2024-08-21,7008
2365,昆盈,16,2,14,兆豐-三重,2024-08-21,7008
2453,凌群,13,0,13,兆豐-三重,2024-08-21,7008
2049,上銀,13,0,13,兆豐-三重,2024-08-21,7008
1326,台化,11,0,11,兆豐-三重,2024-08-21,7008
8299,群聯,11,0,11,兆豐-三重,2024-08-21,7008
00891,中信關鍵半導體,10,0,10,兆豐-三重,2024-08-21,7008
00687B,國泰20年美債,23,13,10,兆豐-三重,2024-08-21,7008
1609,大亞,10,0,10,兆豐-三重,2024-08-21,7008
2417,圓剛,10,0,10,兆豐-三重,2024-08-21,7008
2537,聯上發,30,20,10,兆豐-三重,2024-08-21,7008
5351,鈺創,10,0,10,兆豐-三重,2024-08-21,7008
6877,鏵友益,10,0,10,兆豐-三重,2024-08-21,7008
8054,安國,14,5,9,兆豐-三重,2024-08-21,7008
2409,友達,8,0,8,兆豐-三重,2024-08-21,7008
6156,松上,8,0,8,兆豐-三重,2024-08-21,7008
8150,南茂,8,0,8,兆豐-三重,2024-08-21,7008
2354,鴻準,30,23,7,兆豐-三重,2024-08-21,7008
1785,光洋科,92,85,7,兆豐-三重,2024-08-21,7008
2067,嘉鋼,7,0,7,兆豐-三重,2024-08-21,7008
2476,鉅祥,8,1,7,兆豐-三重,2024-08-21,7008
2312,金寶,50,44,6,兆豐-三重,2024-08-21,7008
2405,輔信,20,14,6,兆豐-三重,2024-08-21,7008
2542,興富發,16,10,6,兆豐-三重,2024-08-21,7008
3294,英濟,6,0,6,兆豐-三重,2024-08-21,7008
0050,元大台灣50,5,0,5,兆豐-三重,2024-08-21,7008
0056,元大高股息,10,5,5,兆豐-三重,2024-08-21,7008
01010T,京城樂富R1,5,0,5,兆豐-三重,2024-08-21,7008
00665L,富邦�琤肭磪囓�2,5,0,5,兆豐-三重,2024-08-21,7008
1316,上曜,5,0,5,兆豐-三重,2024-08-21,7008
2313,華通,5,0,5,兆豐-三重,2024-08-21,7008
2353,宏��,5,0,5,兆豐-三重,2024-08-21,7008
00922,國泰台灣領袖50,120,0,120,兆豐-三重,2024-08-22,7008
1417,嘉裕,55,0,55,兆豐-三重,2024-08-22,7008
2891,中信金,136,94,42,兆豐-三重,2024-08-22,7008
6104,創惟,42,2,40,兆豐-三重,2024-08-22,7008
2349,錸德,70,35,35,兆豐-三重,2024-08-22,7008
2889,國票金,30,0,30,兆豐-三重,2024-08-22,7008
5371,中光電,52,24,28,兆豐-三重,2024-08-22,7008
2317,鴻海,41,13,28,兆豐-三重,2024-08-22,7008
1309,台達化,25,0,25,兆豐-三重,2024-08-22,7008
00679B,元大美債20年,23,0,23,兆豐-三重,2024-08-22,7008
00937B,群益ESG投等債20,33,10,23,兆豐-三重,2024-08-22,7008
9105,泰金寶-DR,20,0,20,兆豐-三重,2024-08-22,7008
6177,達麗,22,3,19,兆豐-三重,2024-08-22,7008
00953B,群益優選非投等債,18,0,18,兆豐-三重,2024-08-22,7008
2890,永豐金,19,2,17,兆豐-三重,2024-08-22,7008
00878,國泰永續高股息,21,4,17,兆豐-三重,2024-08-22,7008
2067,嘉鋼,13,0,13,兆豐-三重,2024-08-22,7008
8096,擎亞,33,21,12,兆豐-三重,2024-08-22,7008
2610,華航,11,0,11,兆豐-三重,2024-08-22,7008
6841,長佳智能,11,0,11,兆豐-三重,2024-08-22,7008
00919,群益台灣精選高息,11,0,11,兆豐-三重,2024-08-22,7008
1522,堤維西,12,2,10,兆豐-三重,2024-08-22,7008
2363,矽統,12,2,10,兆豐-三重,2024-08-22,7008
2376,技嘉,10,0,10,兆豐-三重,2024-08-22,7008
2542,興富發,11,1,10,兆豐-三重,2024-08-22,7008
5309,系統電,14,4,10,兆豐-三重,2024-08-22,7008
9955,佳龍,21,11,10,兆豐-三重,2024-08-22,7008
3167,大量,9,0,9,兆豐-三重,2024-08-22,7008
2453,凌群,9,0,9,兆豐-三重,2024-08-22,7008
3491,昇達科,12,3,9,兆豐-三重,2024-08-22,7008
3712,永崴投控,9,0,9,兆豐-三重,2024-08-22,7008
3163,波若威,14,5,9,兆豐-三重,2024-08-22,7008
2009,第一銅,8,0,8,兆豐-三重,2024-08-22,7008
2359,所羅門,18,10,8,兆豐-三重,2024-08-22,7008
8028,昇陽半導體,31,23,8,兆豐-三重,2024-08-22,7008
8210,勤誠,8,0,8,兆豐-三重,2024-08-22,7008
0056,元大高股息,8,0,8,兆豐-三重,2024-08-22,7008
4974,亞泰,112,105,7,兆豐-三重,2024-08-22,7008
2367,燿華,6,0,6,兆豐-三重,2024-08-22,7008
3715,定穎投控,13,7,6,兆豐-三重,2024-08-22,7008
4303,信立,7,1,6,兆豐-三重,2024-08-22,7008
2501,國建,5,0,5,兆豐-三重,2024-08-22,7008
3313,斐成,5,0,5,兆豐-三重,2024-08-22,7008
3686,達能,5,0,5,兆豐-三重,2024-08-22,7008
5498,凱崴,5,0,5,兆豐-三重,2024-08-22,7008
6605,帝寶,5,0,5,兆豐-三重,2024-08-22,7008
6877,鏵友益,10,5,5,兆豐-三重,2024-08-22,7008
1519,華城,7,3,4,兆豐-三重,2024-08-22,7008
2354,鴻準,9,5,4,兆豐-三重,2024-08-22,7008
2392,正崴,5,1,4,兆豐-三重,2024-08-22,7008
2888,新光金,285,141,144,兆豐-三重,2024-08-23,7008
00922,國泰台灣領袖50,86,0,86,兆豐-三重,2024-08-23,7008
1708,東鹼,84,1,83,兆豐-三重,2024-08-23,7008
1449,佳和,70,1,69,兆豐-三重,2024-08-23,7008
2412,中華電,289,225,64,兆豐-三重,2024-08-23,7008
00632R,元大台灣50反1,54,0,54,兆豐-三重,2024-08-23,7008
1785,光洋科,111,62,49,兆豐-三重,2024-08-23,7008
00937B,群益ESG投等債20,43,0,43,兆豐-三重,2024-08-23,7008
6177,達麗,32,0,32,兆豐-三重,2024-08-23,7008
2349,錸德,33,10,23,兆豐-三重,2024-08-23,7008
00830,國泰費城半導體,21,0,21,兆豐-三重,2024-08-23,7008
1309,台達化,20,0,20,兆豐-三重,2024-08-23,7008
1529,樂事綠能,20,0,20,兆豐-三重,2024-08-23,7008
00751B,元大AAA至A公司債,20,2,18,兆豐-三重,2024-08-23,7008
00687B,國泰20年美債,18,1,17,兆豐-三重,2024-08-23,7008
2062,橋椿,16,1,15,兆豐-三重,2024-08-23,7008
2887,台新金,30,15,15,兆豐-三重,2024-08-23,7008
9935,慶豐富,15,0,15,兆豐-三重,2024-08-23,7008
3530,晶相光,15,1,14,兆豐-三重,2024-08-23,7008
2501,國建,13,0,13,兆豐-三重,2024-08-23,7008
00919,群益台灣精選高息,12,0,12,兆豐-三重,2024-08-23,7008
1409,新纖,14,2,12,兆豐-三重,2024-08-23,7008
1591,駿吉-KY,12,0,12,兆豐-三重,2024-08-23,7008
2543,皇昌,33,21,12,兆豐-三重,2024-08-23,7008
3038,全台,12,0,12,兆豐-三重,2024-08-23,7008
6877,鏵友益,12,0,12,兆豐-三重,2024-08-23,7008
2317,鴻海,12,1,11,兆豐-三重,2024-08-23,7008
5443,均豪,30,19,11,兆豐-三重,2024-08-23,7008
3297,杭特,12,1,11,兆豐-三重,2024-08-23,7008
0056,元大高股息,10,0,10,兆豐-三重,2024-08-23,7008
00891,中信關鍵半導體,10,0,10,兆豐-三重,2024-08-23,7008
2453,凌群,10,0,10,兆豐-三重,2024-08-23,7008
2537,聯上發,40,30,10,兆豐-三重,2024-08-23,7008
3346,麗清,10,0,10,兆豐-三重,2024-08-23,7008
3593,力銘,10,0,10,兆豐-三重,2024-08-23,7008
2890,永豐金,11,2,9,兆豐-三重,2024-08-23,7008
6125,廣運,11,2,9,兆豐-三重,2024-08-23,7008
2208,台船,10,2,8,兆豐-三重,2024-08-23,7008
6266,泰詠,8,0,8,兆豐-三重,2024-08-23,7008
00878,國泰永續高股息,13,5,8,兆豐-三重,2024-08-23,7008
1325,恆大,7,0,7,兆豐-三重,2024-08-23,7008
3686,達能,8,1,7,兆豐-三重,2024-08-23,7008
5905,南仁湖,29,22,7,兆豐-三重,2024-08-23,7008
3374,精材,15,9,6,兆豐-三重,2024-08-23,7008
2009,第一銅,10,4,6,兆豐-三重,2024-08-23,7008
2388,威盛,7,1,6,兆豐-三重,2024-08-23,7008
3171,炎洲流通,6,0,6,兆豐-三重,2024-08-23,7008
6841,長佳智能,6,0,6,兆豐-三重,2024-08-23,7008
8234,新漢,6,0,6,兆豐-三重,2024-08-23,7008
00720B,元大投資級公司債,5,0,5,兆豐-三重,2024-08-23,7008
2888,新光金,1888,161,1727,兆豐-三重,2024-08-26,7008
00937B,群益ESG投等債20,143,5,138,兆豐-三重,2024-08-26,7008
2409,友達,220,105,115,兆豐-三重,2024-08-26,7008
2317,鴻海,67,13,54,兆豐-三重,2024-08-26,7008
00679B,元大美債20年,48,0,48,兆豐-三重,2024-08-26,7008
2801,彰銀,41,0,41,兆豐-三重,2024-08-26,7008
2886,兆豐金,30,0,30,兆豐-三重,2024-08-26,7008
00687B,國泰20年美債,26,0,26,兆豐-三重,2024-08-26,7008
2405,輔信,33,7,26,兆豐-三重,2024-08-26,7008
2891,中信金,28,6,22,兆豐-三重,2024-08-26,7008
00881,國泰台灣5G+,15,0,15,兆豐-三重,2024-08-26,7008
2890,永豐金,15,0,15,兆豐-三重,2024-08-26,7008
1321,大洋,15,0,15,兆豐-三重,2024-08-26,7008
2453,凌群,13,0,13,兆豐-三重,2024-08-26,7008
00878,國泰永續高股息,16,4,12,兆豐-三重,2024-08-26,7008
3615,安可,27,15,12,兆豐-三重,2024-08-26,7008
00919,群益台灣精選高息,24,12,12,兆豐-三重,2024-08-26,7008
00632R,元大台灣50反1,10,0,10,兆豐-三重,2024-08-26,7008
3535,晶彩科,11,1,10,兆豐-三重,2024-08-26,7008
5202,力新,10,0,10,兆豐-三重,2024-08-26,7008
9907,統一實,10,0,10,兆豐-三重,2024-08-26,7008
2498,宏達電,11,2,9,兆豐-三重,2024-08-26,7008
2243,宏旭-KY,8,0,8,兆豐-三重,2024-08-26,7008
5309,系統電,8,0,8,兆豐-三重,2024-08-26,7008
1722,台肥,7,0,7,兆豐-三重,2024-08-26,7008
3374,精材,11,4,7,兆豐-三重,2024-08-26,7008
00927,群益半導體收益,6,0,6,兆豐-三重,2024-08-26,7008
2303,聯電,6,0,6,兆豐-三重,2024-08-26,7008
2313,華通,7,1,6,兆豐-三重,2024-08-26,7008
6177,達麗,10,4,6,兆豐-三重,2024-08-26,7008
8054,安國,19,14,5,兆豐-三重,2024-08-26,7008
00701,國泰股利精選30,5,0,5,兆豐-三重,2024-08-26,7008
00696B,富邦美債20年,5,0,5,兆豐-三重,2024-08-26,7008
1597,直得,5,0,5,兆豐-三重,2024-08-26,7008
2364,倫飛,6,1,5,兆豐-三重,2024-08-26,7008
2542,興富發,5,0,5,兆豐-三重,2024-08-26,7008
4555,氣立,5,0,5,兆豐-三重,2024-08-26,7008
4974,亞泰,207,202,5,兆豐-三重,2024-08-26,7008
6239,力成,5,0,5,兆豐-三重,2024-08-26,7008
3376,新日興,7,3,4,兆豐-三重,2024-08-26,7008
8064,東捷,81,77,4,兆豐-三重,2024-08-26,7008
1447,力鵬,4,0,4,兆豐-三重,2024-08-26,7008
00715L,期街口布蘭特正2,4,0,4,兆豐-三重,2024-08-26,7008
1514,亞力,4,0,4,兆豐-三重,2024-08-26,7008
1609,大亞,4,0,4,兆豐-三重,2024-08-26,7008
2363,矽統,4,0,4,兆豐-三重,2024-08-26,7008
2371,大同,8,4,4,兆豐-三重,2024-08-26,7008
3661,世芯-KY,4,0,4,兆豐-三重,2024-08-26,7008
3712,永崴投控,4,0,4,兆豐-三重,2024-08-26,7008
4533,協易機,4,0,4,兆豐-三重,2024-08-26,7008
3481,群創,87,5,82,兆豐-三重,2024-08-27,7008
00937B,群益ESG投等債20,76,0,76,兆豐-三重,2024-08-27,7008
00687B,國泰20年美債,68,0,68,兆豐-三重,2024-08-27,7008
4927,泰鼎-KY,60,0,60,兆豐-三重,2024-08-27,7008
00679B,元大美債20年,59,4,55,兆豐-三重,2024-08-27,7008
2323,中環,40,1,39,兆豐-三重,2024-08-27,7008
00940,元大台灣價值高息,35,0,35,兆豐-三重,2024-08-27,7008
00919,群益台灣精選高息,30,0,30,兆豐-三重,2024-08-27,7008
2891,中信金,30,0,30,兆豐-三重,2024-08-27,7008
1301,台塑,26,0,26,兆豐-三重,2024-08-27,7008
00878,國泰永續高股息,24,1,23,兆豐-三重,2024-08-27,7008
2867,三商壽,21,1,20,兆豐-三重,2024-08-27,7008
2609,陽明,20,1,19,兆豐-三重,2024-08-27,7008
2330,台積電,14,1,13,兆豐-三重,2024-08-27,7008
00877,復華中國5G,12,0,12,兆豐-三重,2024-08-27,7008
1218,泰山,10,0,10,兆豐-三重,2024-08-27,7008
4916,事欣科,10,0,10,兆豐-三重,2024-08-27,7008
00923,群益台ESG低碳50,9,0,9,兆豐-三重,2024-08-27,7008
2062,橋椿,13,4,9,兆豐-三重,2024-08-27,7008
2537,聯上發,20,11,9,兆豐-三重,2024-08-27,7008
2882,國泰金,14,5,9,兆豐-三重,2024-08-27,7008
5498,凱崴,9,0,9,兆豐-三重,2024-08-27,7008
1722,台肥,8,0,8,兆豐-三重,2024-08-27,7008
1785,光洋科,34,26,8,兆豐-三重,2024-08-27,7008
2208,台船,23,15,8,兆豐-三重,2024-08-27,7008
2236,百達-KY,7,0,7,兆豐-三重,2024-08-27,7008
2356,英業達,7,0,7,兆豐-三重,2024-08-27,7008
2603,長榮,9,2,7,兆豐-三重,2024-08-27,7008
1313,聯成,6,0,6,兆豐-三重,2024-08-27,7008
2405,輔信,21,15,6,兆豐-三重,2024-08-27,7008
3047,訊舟,6,0,6,兆豐-三重,2024-08-27,7008
4513,福裕,10,4,6,兆豐-三重,2024-08-27,7008
0056,元大高股息,6,0,6,兆豐-三重,2024-08-27,7008
00696B,富邦美債20年,5,0,5,兆豐-三重,2024-08-27,7008
00951,台新日本半導體,5,0,5,兆豐-三重,2024-08-27,7008
00948B,中信優息投資級債,5,0,5,兆豐-三重,2024-08-27,7008
00936,台新永續高息中小,5,0,5,兆豐-三重,2024-08-27,7008
00857B,永豐20年美公債,5,0,5,兆豐-三重,2024-08-27,7008
2399,映泰,37,32,5,兆豐-三重,2024-08-27,7008
2423,固緯,5,0,5,兆豐-三重,2024-08-27,7008
2429,銘旺科,5,0,5,兆豐-三重,2024-08-27,7008
2542,興富發,5,0,5,兆豐-三重,2024-08-27,7008
6160,欣技,5,0,5,兆豐-三重,2024-08-27,7008
6275,元山,5,0,5,兆豐-三重,2024-08-27,7008
8354,冠好,5,0,5,兆豐-三重,2024-08-27,7008
8358,金居,5,0,5,兆豐-三重,2024-08-27,7008
2402,毅嘉,6,2,4,兆豐-三重,2024-08-27,7008
2426,鼎元,4,0,4,兆豐-三重,2024-08-27,7008
2836,高雄銀,4,0,4,兆豐-三重,2024-08-27,7008
2845,遠東銀,4,0,4,兆豐-三重,2024-08-27,7008
00959B,大華投等美債15Y+,200,0,200,兆豐-三重,2024-08-28,7008
00676R,富邦臺灣加權反1,100,0,100,兆豐-三重,2024-08-28,7008
2412,中華電,111,40,71,兆豐-三重,2024-08-28,7008
4927,泰鼎-KY,65,0,65,兆豐-三重,2024-08-28,7008
00937B,群益ESG投等債20,60,0,60,兆豐-三重,2024-08-28,7008
2891,中信金,79,19,60,兆豐-三重,2024-08-28,7008
2838,聯邦銀,55,0,55,兆豐-三重,2024-08-28,7008
00679B,元大美債20年,51,2,49,兆豐-三重,2024-08-28,7008
2409,友達,48,4,44,兆豐-三重,2024-08-28,7008
2330,台積電,42,15,27,兆豐-三重,2024-08-28,7008
2834,臺企銀,21,0,21,兆豐-三重,2024-08-28,7008
00641R,富邦日本反1,20,0,20,兆豐-三重,2024-08-28,7008
2007,燁興,20,0,20,兆豐-三重,2024-08-28,7008
1312,國喬,19,0,19,兆豐-三重,2024-08-28,7008
2498,宏達電,19,0,19,兆豐-三重,2024-08-28,7008
6143,振曜,21,3,18,兆豐-三重,2024-08-28,7008
2023,燁輝,22,5,17,兆豐-三重,2024-08-28,7008
2356,英業達,16,0,16,兆豐-三重,2024-08-28,7008
3062,建漢,15,0,15,兆豐-三重,2024-08-28,7008
00670L,富邦NASDAQ正2,13,0,13,兆豐-三重,2024-08-28,7008
1617,榮星,13,0,13,兆豐-三重,2024-08-28,7008
6237,驊訊,13,0,13,兆豐-三重,2024-08-28,7008
8374,羅昇,31,19,12,兆豐-三重,2024-08-28,7008
00881,國泰台灣5G+,11,0,11,兆豐-三重,2024-08-28,7008
00927,群益半導體收益,11,0,11,兆豐-三重,2024-08-28,7008
2426,鼎元,11,0,11,兆豐-三重,2024-08-28,7008
00878,國泰永續高股息,11,0,11,兆豐-三重,2024-08-28,7008
00632R,元大台灣50反1,10,0,10,兆豐-三重,2024-08-28,7008
2464,盟立,24,14,10,兆豐-三重,2024-08-28,7008
3694,海華,10,0,10,兆豐-三重,2024-08-28,7008
3230,錦明,9,0,9,兆豐-三重,2024-08-28,7008
2317,鴻海,33,24,9,兆豐-三重,2024-08-28,7008
1722,台肥,8,0,8,兆豐-三重,2024-08-28,7008
6177,達麗,29,21,8,兆豐-三重,2024-08-28,7008
2609,陽明,8,1,7,兆豐-三重,2024-08-28,7008
3581,博磊,7,0,7,兆豐-三重,2024-08-28,7008
3711,日月光投控,7,0,7,兆豐-三重,2024-08-28,7008
0056,元大高股息,7,0,7,兆豐-三重,2024-08-28,7008
2243,宏旭-KY,6,0,6,兆豐-三重,2024-08-28,7008
2867,三商壽,6,0,6,兆豐-三重,2024-08-28,7008
5426,振發,6,0,6,兆豐-三重,2024-08-28,7008
8064,東捷,90,84,6,兆豐-三重,2024-08-28,7008
2363,矽統,11,5,6,兆豐-三重,2024-08-28,7008
00900,富邦特選高股息30,5,0,5,兆豐-三重,2024-08-28,7008
00922,國泰台灣領袖50,5,0,5,兆豐-三重,2024-08-28,7008
00795B,中信美國公債20年,5,0,5,兆豐-三重,2024-08-28,7008
2367,燿華,8,3,5,兆豐-三重,2024-08-28,7008
2371,大同,6,1,5,兆豐-三重,2024-08-28,7008
2883,凱基金,5,0,5,兆豐-三重,2024-08-28,7008
3376,新日興,7,2,5,兆豐-三重,2024-08-28,7008
00937B,群益ESG投等債20,171,0,171,兆豐-三重,2024-08-29,7008
00679B,元大美債20年,94,0,94,兆豐-三重,2024-08-29,7008
2330,台積電,81,5,76,兆豐-三重,2024-08-29,7008
2412,中華電,275,205,70,兆豐-三重,2024-08-29,7008
00954,中信日本半導體,50,0,50,兆豐-三重,2024-08-29,7008
2891,中信金,51,3,48,兆豐-三重,2024-08-29,7008
2887,台新金,36,0,36,兆豐-三重,2024-08-29,7008
1314,中石化,36,6,30,兆豐-三重,2024-08-29,7008
00919,群益台灣精選高息,23,1,22,兆豐-三重,2024-08-29,7008
2313,華通,34,12,22,兆豐-三重,2024-08-29,7008
2317,鴻海,71,51,20,兆豐-三重,2024-08-29,7008
3518,柏騰,16,0,16,兆豐-三重,2024-08-29,7008
2356,英業達,17,2,15,兆豐-三重,2024-08-29,7008
4510,高鋒,73,58,15,兆豐-三重,2024-08-29,7008
00878,國泰永續高股息,12,0,12,兆豐-三重,2024-08-29,7008
1229,聯華,12,0,12,兆豐-三重,2024-08-29,7008
4904,遠傳,12,0,12,兆豐-三重,2024-08-29,7008
00915,凱基優選高股息30,11,0,11,兆豐-三重,2024-08-29,7008
0056,元大高股息,10,0,10,兆豐-三重,2024-08-29,7008
00927,群益半導體收益,10,0,10,兆豐-三重,2024-08-29,7008
00932,兆豐永續高息等權,10,0,10,兆豐-三重,2024-08-29,7008
2371,大同,10,0,10,兆豐-三重,2024-08-29,7008
2537,聯上發,30,20,10,兆豐-三重,2024-08-29,7008
3149,正達,21,12,9,兆豐-三重,2024-08-29,7008
1722,台肥,8,0,8,兆豐-三重,2024-08-29,7008
5230,雷笛克光學,8,0,8,兆豐-三重,2024-08-29,7008
6237,驊訊,8,0,8,兆豐-三重,2024-08-29,7008
1316,上曜,17,10,7,兆豐-三重,2024-08-29,7008
2303,聯電,8,1,7,兆豐-三重,2024-08-29,7008
3437,榮創,7,0,7,兆豐-三重,2024-08-29,7008
3712,永崴投控,7,0,7,兆豐-三重,2024-08-29,7008
00687B,國泰20年美債,6,0,6,兆豐-三重,2024-08-29,7008
2062,橋椿,11,5,6,兆豐-三重,2024-08-29,7008
3047,訊舟,7,1,6,兆豐-三重,2024-08-29,7008
3231,緯創,7,1,6,兆豐-三重,2024-08-29,7008
5309,系統電,6,0,6,兆豐-三重,2024-08-29,7008
1326,台化,5,0,5,兆豐-三重,2024-08-29,7008
1513,中興電,32,27,5,兆豐-三重,2024-08-29,7008
1540,喬福,139,134,5,兆豐-三重,2024-08-29,7008
2009,第一銅,9,4,5,兆豐-三重,2024-08-29,7008
3550,聯穎,5,0,5,兆豐-三重,2024-08-29,7008
3609,三一東林,5,0,5,兆豐-三重,2024-08-29,7008
4555,氣立,7,2,5,兆豐-三重,2024-08-29,7008
5498,凱崴,5,0,5,兆豐-三重,2024-08-29,7008
5880,合庫金,5,0,5,兆豐-三重,2024-08-29,7008
6125,廣運,5,1,4,兆豐-三重,2024-08-29,7008
3062,建漢,20,16,4,兆豐-三重,2024-08-29,7008
00940,元大台灣價值高息,4,0,4,兆豐-三重,2024-08-29,7008
2845,遠東銀,4,0,4,兆豐-三重,2024-08-29,7008
4746,台耀,4,0,4,兆豐-三重,2024-08-29,7008
2323,中環,66,1,65,兆豐-三重,2024-08-30,7008
00948B,中信優息投資級債,50,0,50,兆豐-三重,2024-08-30,7008
4510,高鋒,90,40,50,兆豐-三重,2024-08-30,7008
2330,台積電,53,3,50,兆豐-三重,2024-08-30,7008
2367,燿華,79,34,45,兆豐-三重,2024-08-30,7008
1711,永光,57,15,42,兆豐-三重,2024-08-30,7008
2888,新光金,40,6,34,兆豐-三重,2024-08-30,7008
4532,瑞智,30,0,30,兆豐-三重,2024-08-30,7008
2027,大成鋼,30,2,28,兆豐-三重,2024-08-30,7008
3481,群創,37,9,28,兆豐-三重,2024-08-30,7008
1540,喬福,54,30,24,兆豐-三重,2024-08-30,7008
5309,系統電,23,0,23,兆豐-三重,2024-08-30,7008
2208,台船,21,0,21,兆豐-三重,2024-08-30,7008
2891,中信金,20,0,20,兆豐-三重,2024-08-30,7008
6209,今國光,20,0,20,兆豐-三重,2024-08-30,7008
2356,英業達,20,2,18,兆豐-三重,2024-08-30,7008
3673,TPK-KY,17,1,16,兆豐-三重,2024-08-30,7008
2365,昆盈,22,7,15,兆豐-三重,2024-08-30,7008
00929,復華台灣科技優息,31,16,15,兆豐-三重,2024-08-30,7008
2425,承啟,17,4,13,兆豐-三重,2024-08-30,7008
3540,曜越,53,40,13,兆豐-三重,2024-08-30,7008
6116,彩晶,13,0,13,兆豐-三重,2024-08-30,7008
8222,寶一,13,0,13,兆豐-三重,2024-08-30,7008
1524,耿鼎,12,0,12,兆豐-三重,2024-08-30,7008
2482,連宇,20,8,12,兆豐-三重,2024-08-30,7008
3013,晟銘電,16,4,12,兆豐-三重,2024-08-30,7008
1513,中興電,25,14,11,兆豐-三重,2024-08-30,7008
4909,新復興,43,32,11,兆豐-三重,2024-08-30,7008
00878,國泰永續高股息,11,0,11,兆豐-三重,2024-08-30,7008
00882,中信中國高股息,10,0,10,兆豐-三重,2024-08-30,7008
1305,華夏,10,0,10,兆豐-三重,2024-08-30,7008
2312,金寶,24,14,10,兆豐-三重,2024-08-30,7008
2442,新美齊,10,0,10,兆豐-三重,2024-08-30,7008
3297,杭特,10,0,10,兆豐-三重,2024-08-30,7008
6435,大中,10,0,10,兆豐-三重,2024-08-30,7008
6715,嘉基,10,0,10,兆豐-三重,2024-08-30,7008
6928,攸泰科技,10,0,10,兆豐-三重,2024-08-30,7008
8374,羅昇,12,2,10,兆豐-三重,2024-08-30,7008
8467,波力-KY,10,0,10,兆豐-三重,2024-08-30,7008
8930,青鋼,10,0,10,兆豐-三重,2024-08-30,7008
3062,建漢,68,59,9,兆豐-三重,2024-08-30,7008
2359,所羅門,11,2,9,兆豐-三重,2024-08-30,7008
2543,皇昌,9,0,9,兆豐-三重,2024-08-30,7008
4526,東台,107,98,9,兆豐-三重,2024-08-30,7008
6153,嘉聯益,12,3,9,兆豐-三重,2024-08-30,7008
6443,元晶,9,0,9,兆豐-三重,2024-08-30,7008
2409,友達,12,4,8,兆豐-三重,2024-08-30,7008
6213,聯茂,14,6,8,兆豐-三重,2024-08-30,7008
4164,承業醫,8,0,8,兆豐-三重,2024-08-30,7008
00881,國泰台灣5G+,11,4,7,兆豐-三重,2024-08-30,7008
00937B,群益ESG投等債20,163,0,163,兆豐-三重,2024-09-02,7008
2610,華航,111,0,111,兆豐-三重,2024-09-02,7008
00931B,統一美債20年,101,0,101,兆豐-三重,2024-09-02,7008
00929,復華台灣科技優息,74,4,70,兆豐-三重,2024-09-02,7008
00948B,中信優息投資級債,40,0,40,兆豐-三重,2024-09-02,7008
4562,穎漢,70,30,40,兆豐-三重,2024-09-02,7008
00679B,元大美債20年,39,0,39,兆豐-三重,2024-09-02,7008
3631,晟楠,36,0,36,兆豐-三重,2024-09-02,7008
2609,陽明,31,1,30,兆豐-三重,2024-09-02,7008
2349,錸德,37,9,28,兆豐-三重,2024-09-02,7008
00922,國泰台灣領袖50,27,0,27,兆豐-三重,2024-09-02,7008
2603,長榮,26,0,26,兆豐-三重,2024-09-02,7008
00687B,國泰20年美債,22,0,22,兆豐-三重,2024-09-02,7008
1303,南亞,31,10,21,兆豐-三重,2024-09-02,7008
2208,台船,21,0,21,兆豐-三重,2024-09-02,7008
2601,益航,20,0,20,兆豐-三重,2024-09-02,7008
3356,奇偶,21,1,20,兆豐-三重,2024-09-02,7008
4576,大銀微系統,18,0,18,兆豐-三重,2024-09-02,7008
1314,中石化,18,1,17,兆豐-三重,2024-09-02,7008
2002,中鋼,150,135,15,兆豐-三重,2024-09-02,7008
8070,長華*,17,2,15,兆豐-三重,2024-09-02,7008
00680L,元大美債20正2,14,0,14,兆豐-三重,2024-09-02,7008
00688L,國泰20年美債正2,14,0,14,兆豐-三重,2024-09-02,7008
2352,佳世達,13,0,13,兆豐-三重,2024-09-02,7008
1536,和大,16,4,12,兆豐-三重,2024-09-02,7008
2317,鴻海,59,47,12,兆豐-三重,2024-09-02,7008
3169,亞信,11,0,11,兆豐-三重,2024-09-02,7008
00706L,期元大S＆P日圓正2,10,0,10,兆豐-三重,2024-09-02,7008
1455,集盛,10,0,10,兆豐-三重,2024-09-02,7008
1718,中纖,10,0,10,兆豐-三重,2024-09-02,7008
2501,國建,10,0,10,兆豐-三重,2024-09-02,7008
6743,安普新,10,0,10,兆豐-三重,2024-09-02,7008
8043,蜜望實,10,0,10,兆豐-三重,2024-09-02,7008
9958,世紀鋼,10,0,10,兆豐-三重,2024-09-02,7008
6706,惠特,55,45,10,兆豐-三重,2024-09-02,7008
2615,萬海,15,6,9,兆豐-三重,2024-09-02,7008
6530,創威,10,1,9,兆豐-三重,2024-09-02,7008
1711,永光,14,5,9,兆豐-三重,2024-09-02,7008
00713,元大台灣高息低波,15,7,8,兆豐-三重,2024-09-02,7008
1532,勤美,8,0,8,兆豐-三重,2024-09-02,7008
2009,第一銅,8,0,8,兆豐-三重,2024-09-02,7008
2891,中信金,21,13,8,兆豐-三重,2024-09-02,7008
2330,台積電,12,4,8,兆豐-三重,2024-09-02,7008
3006,晶豪科,7,0,7,兆豐-三重,2024-09-02,7008
2489,瑞軒,7,0,7,兆豐-三重,2024-09-02,7008
5512,力麒,7,0,7,兆豐-三重,2024-09-02,7008
9906,欣巴巴,7,0,7,兆豐-三重,2024-09-02,7008
00955,中信日本商社,6,0,6,兆豐-三重,2024-09-02,7008
4510,高鋒,49,43,6,兆豐-三重,2024-09-02,7008
5498,凱崴,6,0,6,兆豐-三重,2024-09-02,7008
2888,新光金,1022,17,1005,兆豐-三重,2024-09-03,7008
00937B,群益ESG投等債20,190,0,190,兆豐-三重,2024-09-03,7008
00948B,中信優息投資級債,100,0,100,兆豐-三重,2024-09-03,7008
3303,岱稜,80,0,80,兆豐-三重,2024-09-03,7008
00919,群益台灣精選高息,52,1,51,兆豐-三重,2024-09-03,7008
1314,中石化,36,0,36,兆豐-三重,2024-09-03,7008
1303,南亞,37,5,32,兆豐-三重,2024-09-03,7008
00918,大華優利高填息30,30,0,30,兆豐-三重,2024-09-03,7008
2537,聯上發,30,0,30,兆豐-三重,2024-09-03,7008
6153,嘉聯益,20,0,20,兆豐-三重,2024-09-03,7008
2243,宏旭-KY,20,2,18,兆豐-三重,2024-09-03,7008
6505,台塑化,18,0,18,兆豐-三重,2024-09-03,7008
3163,波若威,16,0,16,兆豐-三重,2024-09-03,7008
00687B,國泰20年美債,15,0,15,兆豐-三重,2024-09-03,7008
2543,皇昌,14,0,14,兆豐-三重,2024-09-03,7008
1815,富喬,14,2,12,兆豐-三重,2024-09-03,7008
2313,華通,59,47,12,兆豐-三重,2024-09-03,7008
2359,所羅門,13,2,11,兆豐-三重,2024-09-03,7008
00953B,群益優選非投等債,11,0,11,兆豐-三重,2024-09-03,7008
00679B,元大美債20年,16,5,11,兆豐-三重,2024-09-03,7008
2482,連宇,12,1,11,兆豐-三重,2024-09-03,7008
2486,一詮,14,3,11,兆豐-三重,2024-09-03,7008
4714,永捷,13,2,11,兆豐-三重,2024-09-03,7008
3037,欣興,10,0,10,兆豐-三重,2024-09-03,7008
3380,明泰,10,0,10,兆豐-三重,2024-09-03,7008
8076,伍豐,15,5,10,兆豐-三重,2024-09-03,7008
3062,建漢,65,56,9,兆豐-三重,2024-09-03,7008
2409,友達,13,4,9,兆豐-三重,2024-09-03,7008
2887,台新金,10,1,9,兆豐-三重,2024-09-03,7008
3711,日月光投控,10,1,9,兆豐-三重,2024-09-03,7008
00632R,元大台灣50反1,10,2,8,兆豐-三重,2024-09-03,7008
3013,晟銘電,9,1,8,兆豐-三重,2024-09-03,7008
3265,台星科,8,0,8,兆豐-三重,2024-09-03,7008
6177,達麗,22,14,8,兆豐-三重,2024-09-03,7008
6209,今國光,8,0,8,兆豐-三重,2024-09-03,7008
6877,鏵友益,8,0,8,兆豐-三重,2024-09-03,7008
2891,中信金,7,0,7,兆豐-三重,2024-09-03,7008
5475,德宏,7,0,7,兆豐-三重,2024-09-03,7008
1609,大亞,6,0,6,兆豐-三重,2024-09-03,7008
2009,第一銅,6,0,6,兆豐-三重,2024-09-03,7008
3693,營邦,8,2,6,兆豐-三重,2024-09-03,7008
6541,泰福-KY,6,0,6,兆豐-三重,2024-09-03,7008
8071,能率網通,6,0,6,兆豐-三重,2024-09-03,7008
2002,中鋼,5,0,5,兆豐-三重,2024-09-03,7008
2603,長榮,7,2,5,兆豐-三重,2024-09-03,7008
00706L,期元大S＆P日圓正2,5,0,5,兆豐-三重,2024-09-03,7008
1444,力麗,5,0,5,兆豐-三重,2024-09-03,7008
2344,華邦電,5,0,5,兆豐-三重,2024-09-03,7008
2351,順德,5,0,5,兆豐-三重,2024-09-03,7008
2609,陽明,8,3,5,兆豐-三重,2024-09-03,7008
00664R,國泰臺灣加權反1,130,0,130,兆豐-三重,2024-09-04,7008
00919,群益台灣精選高息,124,16,108,兆豐-三重,2024-09-04,7008
00878,國泰永續高股息,89,1,88,兆豐-三重,2024-09-04,7008
2501,國建,62,0,62,兆豐-三重,2024-09-04,7008
3062,建漢,58,6,52,兆豐-三重,2024-09-04,7008
0056,元大高股息,47,0,47,兆豐-三重,2024-09-04,7008
00940,元大台灣價值高息,66,22,44,兆豐-三重,2024-09-04,7008
00715L,期街口布蘭特正2,44,0,44,兆豐-三重,2024-09-04,7008
2891,中信金,45,2,43,兆豐-三重,2024-09-04,7008
2330,台積電,47,9,38,兆豐-三重,2024-09-04,7008
2344,華邦電,42,8,34,兆豐-三重,2024-09-04,7008
00795B,中信美國公債20年,31,0,31,兆豐-三重,2024-09-04,7008
00923,群益台ESG低碳50,31,0,31,兆豐-三重,2024-09-04,7008
2453,凌群,29,0,29,兆豐-三重,2024-09-04,7008
1540,喬福,146,122,24,兆豐-三重,2024-09-04,7008
3231,緯創,27,4,23,兆豐-三重,2024-09-04,7008
1312,國喬,22,0,22,兆豐-三重,2024-09-04,7008
4562,穎漢,58,36,22,兆豐-三重,2024-09-04,7008
2371,大同,37,16,21,兆豐-三重,2024-09-04,7008
2324,仁寶,20,0,20,兆豐-三重,2024-09-04,7008
4935,茂林-KY,20,0,20,兆豐-三重,2024-09-04,7008
6177,達麗,20,0,20,兆豐-三重,2024-09-04,7008
00929,復華台灣科技優息,137,118,19,兆豐-三重,2024-09-04,7008
00915,凱基優選高股息30,19,0,19,兆豐-三重,2024-09-04,7008
3712,永崴投控,19,0,19,兆豐-三重,2024-09-04,7008
2886,兆豐金,21,2,19,兆豐-三重,2024-09-04,7008
0050,元大台灣50,19,2,17,兆豐-三重,2024-09-04,7008
00712,復華富時不動產,16,0,16,兆豐-三重,2024-09-04,7008
00927,群益半導體收益,20,5,15,兆豐-三重,2024-09-04,7008
2402,毅嘉,15,0,15,兆豐-三重,2024-09-04,7008
8076,伍豐,15,1,14,兆豐-三重,2024-09-04,7008
2062,橋椿,16,3,13,兆豐-三重,2024-09-04,7008
3037,欣興,13,1,12,兆豐-三重,2024-09-04,7008
1727,中華化,12,0,12,兆豐-三重,2024-09-04,7008
5464,霖宏,12,0,12,兆豐-三重,2024-09-04,7008
9945,潤泰新,12,0,12,兆豐-三重,2024-09-04,7008
00922,國泰台灣領袖50,11,0,11,兆豐-三重,2024-09-04,7008
00713,元大台灣高息低波,12,1,11,兆豐-三重,2024-09-04,7008
00679B,元大美債20年,12,1,11,兆豐-三重,2024-09-04,7008
2883,凱基金,21,10,11,兆豐-三重,2024-09-04,7008
3450,聯鈞,13,2,11,兆豐-三重,2024-09-04,7008
6290,良維,16,5,11,兆豐-三重,2024-09-04,7008
8105,凌巨,36,25,11,兆豐-三重,2024-09-04,7008
2382,廣達,15,4,11,兆豐-三重,2024-09-04,7008
00905,FT臺灣Smart,10,0,10,兆豐-三重,2024-09-04,7008
1608,華榮,10,0,10,兆豐-三重,2024-09-04,7008
2543,皇昌,10,0,10,兆豐-三重,2024-09-04,7008
6188,廣明,10,0,10,兆豐-三重,2024-09-04,7008
6743,安普新,10,0,10,兆豐-三重,2024-09-04,7008
6753,龍德造船,11,1,10,兆豐-三重,2024-09-04,7008
00946,群益科技高息成長,103,0,103,兆豐-三重,2024-09-05,7008
00715L,期街口布蘭特正2,81,0,81,兆豐-三重,2024-09-05,7008
1539,巨庭,69,11,58,兆豐-三重,2024-09-05,7008
00919,群益台灣精選高息,59,2,57,兆豐-三重,2024-09-05,7008
00952,凱基台灣AI50,51,0,51,兆豐-三重,2024-09-05,7008
1785,光洋科,53,5,48,兆豐-三重,2024-09-05,7008
2371,大同,32,2,30,兆豐-三重,2024-09-05,7008
4510,高鋒,109,84,25,兆豐-三重,2024-09-05,7008
2002,中鋼,24,0,24,兆豐-三重,2024-09-05,7008
00878,國泰永續高股息,25,2,23,兆豐-三重,2024-09-05,7008
2402,毅嘉,24,5,19,兆豐-三重,2024-09-05,7008
2888,新光金,29,12,17,兆豐-三重,2024-09-05,7008
8086,宏捷科,17,1,16,兆豐-三重,2024-09-05,7008
2317,鴻海,25,9,16,兆豐-三重,2024-09-05,7008
2344,華邦電,11,0,11,兆豐-三重,2024-09-05,7008
2359,所羅門,11,0,11,兆豐-三重,2024-09-05,7008
2453,凌群,11,0,11,兆豐-三重,2024-09-05,7008
00941,中信上游半導體,11,0,11,兆豐-三重,2024-09-05,7008
00951,台新日本半導體,10,0,10,兆豐-三重,2024-09-05,7008
00942B,台新美A公司債20+,10,0,10,兆豐-三重,2024-09-05,7008
00850,元大臺灣ESG永續,10,0,10,兆豐-三重,2024-09-05,7008
2367,燿華,20,10,10,兆豐-三重,2024-09-05,7008
2887,台新金,10,0,10,兆豐-三重,2024-09-05,7008
3013,晟銘電,13,3,10,兆豐-三重,2024-09-05,7008
1809,中釉,9,0,9,兆豐-三重,2024-09-05,7008
3481,群創,19,10,9,兆豐-三重,2024-09-05,7008
3062,建漢,15,7,8,兆豐-三重,2024-09-05,7008
2330,台積電,17,9,8,兆豐-三重,2024-09-05,7008
2409,友達,8,0,8,兆豐-三重,2024-09-05,7008
3294,英濟,8,0,8,兆豐-三重,2024-09-05,7008
6416,瑞祺電通,8,0,8,兆豐-三重,2024-09-05,7008
8076,伍豐,8,0,8,兆豐-三重,2024-09-05,7008
8374,羅昇,17,9,8,兆豐-三重,2024-09-05,7008
00687B,國泰20年美債,17,10,7,兆豐-三重,2024-09-05,7008
2356,英業達,9,2,7,兆豐-三重,2024-09-05,7008
3406,玉晶光,7,0,7,兆豐-三重,2024-09-05,7008
6877,鏵友益,7,0,7,兆豐-三重,2024-09-05,7008
8926,台汽電,8,1,7,兆豐-三重,2024-09-05,7008
6125,廣運,9,3,6,兆豐-三重,2024-09-05,7008
00712,復華富時不動產,6,0,6,兆豐-三重,2024-09-05,7008
1722,台肥,6,0,6,兆豐-三重,2024-09-05,7008
2009,第一銅,6,0,6,兆豐-三重,2024-09-05,7008
3231,緯創,7,1,6,兆豐-三重,2024-09-05,7008
00918,大華優利高填息30,5,0,5,兆豐-三重,2024-09-05,7008
1529,樂事綠能,5,0,5,兆豐-三重,2024-09-05,7008
1727,中華化,6,1,5,兆豐-三重,2024-09-05,7008
2442,新美齊,5,0,5,兆豐-三重,2024-09-05,7008
2497,怡利電,6,1,5,兆豐-三重,2024-09-05,7008
3498,陽程,5,0,5,兆豐-三重,2024-09-05,7008
3703,欣陸,5,0,5,兆豐-三重,2024-09-05,7008
00664R,國泰臺灣加權反1,104,0,104,兆豐-三重,2024-09-06,7008
00715L,期街口布蘭特正2,35,0,35,兆豐-三重,2024-09-06,7008
6215,和椿,93,61,32,兆豐-三重,2024-09-06,7008
2501,國建,30,0,30,兆豐-三重,2024-09-06,7008
2402,毅嘉,26,0,26,兆豐-三重,2024-09-06,7008
1570,力肯,20,0,20,兆豐-三重,2024-09-06,7008
2618,長榮航,31,15,16,兆豐-三重,2024-09-06,7008
6770,力積電,16,0,16,兆豐-三重,2024-09-06,7008
3607,谷崧,15,0,15,兆豐-三重,2024-09-06,7008
1321,大洋,14,0,14,兆豐-三重,2024-09-06,7008
5234,達興材料,26,12,14,兆豐-三重,2024-09-06,7008
00948B,中信優息投資級債,15,2,13,兆豐-三重,2024-09-06,7008
8070,長華*,13,0,13,兆豐-三重,2024-09-06,7008
1513,中興電,11,0,11,兆豐-三重,2024-09-06,7008
2353,宏��,16,5,11,兆豐-三重,2024-09-06,7008
00929,復華台灣科技優息,16,5,11,兆豐-三重,2024-09-06,7008
2887,台新金,10,0,10,兆豐-三重,2024-09-06,7008
00632R,元大台灣50反1,10,0,10,兆豐-三重,2024-09-06,7008
00943,兆豐電子高息等權,10,0,10,兆豐-三重,2024-09-06,7008
2371,大同,12,2,10,兆豐-三重,2024-09-06,7008
2537,聯上發,10,0,10,兆豐-三重,2024-09-06,7008
2489,瑞軒,10,0,10,兆豐-三重,2024-09-06,7008
6530,創威,9,0,9,兆豐-三重,2024-09-06,7008
00937B,群益ESG投等債20,17,8,9,兆豐-三重,2024-09-06,7008
006208,富邦台50,10,2,8,兆豐-三重,2024-09-06,7008
00680L,元大美債20正2,8,0,8,兆豐-三重,2024-09-06,7008
2834,臺企銀,8,0,8,兆豐-三重,2024-09-06,7008
3437,榮創,19,11,8,兆豐-三重,2024-09-06,7008
00919,群益台灣精選高息,14,7,7,兆豐-三重,2024-09-06,7008
2002,中鋼,54,47,7,兆豐-三重,2024-09-06,7008
00679B,元大美債20年,19,12,7,兆豐-三重,2024-09-06,7008
1524,耿鼎,7,0,7,兆豐-三重,2024-09-06,7008
2062,橋椿,7,0,7,兆豐-三重,2024-09-06,7008
3376,新日興,7,0,7,兆豐-三重,2024-09-06,7008
4968,立積,8,1,7,兆豐-三重,2024-09-06,7008
3062,建漢,42,36,6,兆豐-三重,2024-09-06,7008
2344,華邦電,6,0,6,兆豐-三重,2024-09-06,7008
00933B,國泰10Y+金融債,6,0,6,兆豐-三重,2024-09-06,7008
00877,復華中國5G,5,0,5,兆豐-三重,2024-09-06,7008
1326,台化,5,0,5,兆豐-三重,2024-09-06,7008
1785,光洋科,27,22,5,兆豐-三重,2024-09-06,7008
2017,官田鋼,5,0,5,兆豐-三重,2024-09-06,7008
5258,虹堡,5,0,5,兆豐-三重,2024-09-06,7008
6116,彩晶,5,0,5,兆豐-三重,2024-09-06,7008
6753,龍德造船,5,0,5,兆豐-三重,2024-09-06,7008
00940,元大台灣價值高息,5,1,4,兆豐-三重,2024-09-06,7008
00795B,中信美國公債20年,4,0,4,兆豐-三重,2024-09-06,7008
1605,華新,4,0,4,兆豐-三重,2024-09-06,7008
2376,技嘉,8,4,4,兆豐-三重,2024-09-06,7008
2408,南亞科,5,1,4,兆豐-三重,2024-09-06,7008
2834,臺企銀,107,0,107,兆豐-三重,2024-09-09,7008
00919,群益台灣精選高息,92,6,86,兆豐-三重,2024-09-09,7008
00929,復華台灣科技優息,69,21,48,兆豐-三重,2024-09-09,7008
2330,台積電,47,1,46,兆豐-三重,2024-09-09,7008
8105,凌巨,20,0,20,兆豐-三重,2024-09-09,7008
00878,國泰永續高股息,30,10,20,兆豐-三重,2024-09-09,7008
4510,高鋒,24,5,19,兆豐-三重,2024-09-09,7008
2610,華航,20,2,18,兆豐-三重,2024-09-09,7008
2891,中信金,20,2,18,兆豐-三重,2024-09-09,7008
2317,鴻海,17,2,15,兆豐-三重,2024-09-09,7008
2382,廣達,13,0,13,兆豐-三重,2024-09-09,7008
00959B,大華投等美債15Y+,13,0,13,兆豐-三重,2024-09-09,7008
2883,凱基金,12,0,12,兆豐-三重,2024-09-09,7008
6024,群益期,11,0,11,兆豐-三重,2024-09-09,7008
00881,國泰台灣5G+,10,0,10,兆豐-三重,2024-09-09,7008
1536,和大,12,2,10,兆豐-三重,2024-09-09,7008
00953B,群益優選非投等債,10,0,10,兆豐-三重,2024-09-09,7008
1718,中纖,10,0,10,兆豐-三重,2024-09-09,7008
2543,皇昌,10,0,10,兆豐-三重,2024-09-09,7008
5475,德宏,10,0,10,兆豐-三重,2024-09-09,7008
0056,元大高股息,10,0,10,兆豐-三重,2024-09-09,7008
0050,元大台灣50,9,0,9,兆豐-三重,2024-09-09,7008
00922,國泰台灣領袖50,9,0,9,兆豐-三重,2024-09-09,7008
2885,元大金,17,8,9,兆豐-三重,2024-09-09,7008
3209,全科,9,0,9,兆豐-三重,2024-09-09,7008
00918,大華優利高填息30,8,0,8,兆豐-三重,2024-09-09,7008
00680L,元大美債20正2,7,0,7,兆豐-三重,2024-09-09,7008
00712,復華富時不動產,7,0,7,兆豐-三重,2024-09-09,7008
2356,英業達,8,1,7,兆豐-三重,2024-09-09,7008
2453,凌群,7,0,7,兆豐-三重,2024-09-09,7008
2882,國泰金,11,4,7,兆豐-三重,2024-09-09,7008
8227,巨有科技,7,0,7,兆豐-三重,2024-09-09,7008
2308,台達電,7,0,7,兆豐-三重,2024-09-09,7008
00915,凱基優選高股息30,7,0,7,兆豐-三重,2024-09-09,7008
00951,台新日本半導體,6,0,6,兆豐-三重,2024-09-09,7008
2002,中鋼,6,0,6,兆豐-三重,2024-09-09,7008
4114,健喬,6,0,6,兆豐-三重,2024-09-09,7008
9945,潤泰新,6,0,6,兆豐-三重,2024-09-09,7008
6505,台塑化,5,0,5,兆豐-三重,2024-09-09,7008
00830,國泰費城半導體,5,0,5,兆豐-三重,2024-09-09,7008
00941,中信上游半導體,5,0,5,兆豐-三重,2024-09-09,7008
00935,野村臺灣新科技50,5,0,5,兆豐-三重,2024-09-09,7008
00927,群益半導體收益,5,0,5,兆豐-三重,2024-09-09,7008
00706L,期元大S＆P日圓正2,5,0,5,兆豐-三重,2024-09-09,7008
00882,中信中國高股息,5,0,5,兆豐-三重,2024-09-09,7008
2329,華泰,5,0,5,兆豐-三重,2024-09-09,7008
2618,長榮航,30,25,5,兆豐-三重,2024-09-09,7008
2845,遠東銀,5,0,5,兆豐-三重,2024-09-09,7008
4128,中天,15,10,5,兆豐-三重,2024-09-09,7008
5864,致和證,5,0,5,兆豐-三重,2024-09-09,7008
00937B,群益ESG投等債20,103,0,103,兆豐-三重,2024-09-10,7008
00959B,大華投等美債15Y+,100,0,100,兆豐-三重,2024-09-10,7008
2852,第一保,50,0,50,兆豐-三重,2024-09-10,7008
00922,國泰台灣領袖50,48,0,48,兆豐-三重,2024-09-10,7008
00715L,期街口布蘭特正2,45,0,45,兆豐-三重,2024-09-10,7008
2609,陽明,37,2,35,兆豐-三重,2024-09-10,7008
2402,毅嘉,71,38,33,兆豐-三重,2024-09-10,7008
2330,台積電,31,3,28,兆豐-三重,2024-09-10,7008
00929,復華台灣科技優息,25,0,25,兆豐-三重,2024-09-10,7008
3013,晟銘電,25,1,24,兆豐-三重,2024-09-10,7008
2426,鼎元,29,8,21,兆豐-三重,2024-09-10,7008
4938,和碩,20,0,20,兆豐-三重,2024-09-10,7008
3491,昇達科,19,0,19,兆豐-三重,2024-09-10,7008
2313,華通,20,2,18,兆豐-三重,2024-09-10,7008
3047,訊舟,17,0,17,兆豐-三重,2024-09-10,7008
4513,福裕,24,7,17,兆豐-三重,2024-09-10,7008
6877,鏵友益,16,0,16,兆豐-三重,2024-09-10,7008
2382,廣達,17,2,15,兆豐-三重,2024-09-10,7008
00670L,富邦NASDAQ正2,15,0,15,兆豐-三重,2024-09-10,7008
4927,泰鼎-KY,14,0,14,兆豐-三重,2024-09-10,7008
00919,群益台灣精選高息,13,0,13,兆豐-三重,2024-09-10,7008
1785,光洋科,46,33,13,兆豐-三重,2024-09-10,7008
2344,華邦電,15,3,12,兆豐-三重,2024-09-10,7008
1321,大洋,11,0,11,兆豐-三重,2024-09-10,7008
2453,凌群,11,0,11,兆豐-三重,2024-09-10,7008
2537,聯上發,32,21,11,兆豐-三重,2024-09-10,7008
2542,興富發,11,0,11,兆豐-三重,2024-09-10,7008
1539,巨庭,10,0,10,兆豐-三重,2024-09-10,7008
2618,長榮航,10,0,10,兆豐-三重,2024-09-10,7008
4904,遠傳,10,0,10,兆豐-三重,2024-09-10,7008
00878,國泰永續高股息,10,0,10,兆豐-三重,2024-09-10,7008
6838,台新藥,10,1,9,兆豐-三重,2024-09-10,7008
2317,鴻海,18,9,9,兆豐-三重,2024-09-10,7008
00927,群益半導體收益,9,0,9,兆豐-三重,2024-09-10,7008
4510,高鋒,18,9,9,兆豐-三重,2024-09-10,7008
2610,華航,10,2,8,兆豐-三重,2024-09-10,7008
2316,楠梓電,8,0,8,兆豐-三重,2024-09-10,7008
3508,位速,8,0,8,兆豐-三重,2024-09-10,7008
8040,九暘,9,1,8,兆豐-三重,2024-09-10,7008
1587,吉茂,7,0,7,兆豐-三重,2024-09-10,7008
3481,群創,12,5,7,兆豐-三重,2024-09-10,7008
6116,彩晶,7,0,7,兆豐-三重,2024-09-10,7008
6177,達麗,10,3,7,兆豐-三重,2024-09-10,7008
6282,康舒,7,0,7,兆豐-三重,2024-09-10,7008
0056,元大高股息,8,2,6,兆豐-三重,2024-09-10,7008
00692,富邦公司治理,6,0,6,兆豐-三重,2024-09-10,7008
2356,英業達,7,1,6,兆豐-三重,2024-09-10,7008
2449,京元電子,6,0,6,兆豐-三重,2024-09-10,7008
2882,國泰金,8,2,6,兆豐-三重,2024-09-10,7008
3294,英濟,7,1,6,兆豐-三重,2024-09-10,7008
00715L,期街口布蘭特正2,125,0,125,兆豐-三重,2024-09-11,7008
2834,臺企銀,101,0,101,兆豐-三重,2024-09-11,7008
1708,東鹼,66,0,66,兆豐-三重,2024-09-11,7008
00945B,凱基美國非投等債,50,0,50,兆豐-三重,2024-09-11,7008
8076,伍豐,97,55,42,兆豐-三重,2024-09-11,7008
00878,國泰永續高股息,35,0,35,兆豐-三重,2024-09-11,7008
2889,國票金,30,0,30,兆豐-三重,2024-09-11,7008
00929,復華台灣科技優息,39,12,27,兆豐-三重,2024-09-11,7008
2330,台積電,24,1,23,兆豐-三重,2024-09-11,7008
4909,新復興,32,12,20,兆豐-三重,2024-09-11,7008
6743,安普新,21,2,19,兆豐-三重,2024-09-11,7008
1522,堤維西,20,2,18,兆豐-三重,2024-09-11,7008
3062,建漢,69,51,18,兆豐-三重,2024-09-11,7008
2317,鴻海,25,7,18,兆豐-三重,2024-09-11,7008
2883,凱基金,22,5,17,兆豐-三重,2024-09-11,7008
2413,環科,15,0,15,兆豐-三重,2024-09-11,7008
1584,精剛,14,0,14,兆豐-三重,2024-09-11,7008
1321,大洋,12,0,12,兆豐-三重,2024-09-11,7008
2881,富邦金,12,0,12,兆豐-三重,2024-09-11,7008
00919,群益台灣精選高息,11,0,11,兆豐-三重,2024-09-11,7008
0056,元大高股息,11,1,10,兆豐-三重,2024-09-11,7008
00882,中信中國高股息,10,0,10,兆豐-三重,2024-09-11,7008
4566,時碩工業,15,5,10,兆豐-三重,2024-09-11,7008
8473,山林水,10,0,10,兆豐-三重,2024-09-11,7008
2357,華碩,9,0,9,兆豐-三重,2024-09-11,7008
00943,兆豐電子高息等權,8,0,8,兆豐-三重,2024-09-11,7008
1540,喬福,15,7,8,兆豐-三重,2024-09-11,7008
2444,兆勁,8,0,8,兆豐-三重,2024-09-11,7008
2891,中信金,8,0,8,兆豐-三重,2024-09-11,7008
6177,達麗,10,2,8,兆豐-三重,2024-09-11,7008
1539,巨庭,7,0,7,兆豐-三重,2024-09-11,7008
00881,國泰台灣5G+,6,0,6,兆豐-三重,2024-09-11,7008
2453,凌群,6,0,6,兆豐-三重,2024-09-11,7008
6541,泰福-KY,6,0,6,兆豐-三重,2024-09-11,7008
3481,群創,9,4,5,兆豐-三重,2024-09-11,7008
00637L,元大滬深300正2,5,0,5,兆豐-三重,2024-09-11,7008
1326,台化,5,0,5,兆豐-三重,2024-09-11,7008
2426,鼎元,8,3,5,兆豐-三重,2024-09-11,7008
2887,台新金,5,0,5,兆豐-三重,2024-09-11,7008
3576,聯合再生,5,0,5,兆豐-三重,2024-09-11,7008
3691,碩禾,5,0,5,兆豐-三重,2024-09-11,7008
4726,永昕,5,0,5,兆豐-三重,2024-09-11,7008
6548,長科*,5,0,5,兆豐-三重,2024-09-11,7008
6757,台灣虎航,5,0,5,兆豐-三重,2024-09-11,7008
6770,力積電,6,1,5,兆豐-三重,2024-09-11,7008
2454,聯發科,13,8,5,兆豐-三重,2024-09-11,7008
00915,凱基優選高股息30,5,0,5,兆豐-三重,2024-09-11,7008
1101,台泥,4,0,4,兆豐-三重,2024-09-11,7008
00712,復華富時不動產,4,0,4,兆豐-三重,2024-09-11,7008
1711,永光,4,0,4,兆豐-三重,2024-09-11,7008
1522,堤維西,58,0,58,兆豐-三重,2024-09-12,7008
00664R,國泰臺灣加權反1,55,0,55,兆豐-三重,2024-09-12,7008
2027,大成鋼,50,0,50,兆豐-三重,2024-09-12,7008
2308,台達電,41,2,39,兆豐-三重,2024-09-12,7008
00679B,元大美債20年,33,2,31,兆豐-三重,2024-09-12,7008
9105,泰金寶-DR,30,0,30,兆豐-三重,2024-09-12,7008
00687B,國泰20年美債,37,9,28,兆豐-三重,2024-09-12,7008
2317,鴻海,69,45,24,兆豐-三重,2024-09-12,7008
2891,中信金,23,0,23,兆豐-三重,2024-09-12,7008
00881,國泰台灣5G+,22,0,22,兆豐-三重,2024-09-12,7008
2887,台新金,220,200,20,兆豐-三重,2024-09-12,7008
00878,國泰永續高股息,27,10,17,兆豐-三重,2024-09-12,7008
3706,神達,18,1,17,兆豐-三重,2024-09-12,7008
00919,群益台灣精選高息,26,11,15,兆豐-三重,2024-09-12,7008
00927,群益半導體收益,20,5,15,兆豐-三重,2024-09-12,7008
1584,精剛,12,0,12,兆豐-三重,2024-09-12,7008
2399,映泰,14,3,11,兆豐-三重,2024-09-12,7008
3209,全科,10,0,10,兆豐-三重,2024-09-12,7008
1711,永光,21,12,9,兆豐-三重,2024-09-12,7008
8039,台虹,10,1,9,兆豐-三重,2024-09-12,7008
00933B,國泰10Y+金融債,8,0,8,兆豐-三重,2024-09-12,7008
1587,吉茂,7,0,7,兆豐-三重,2024-09-12,7008
2453,凌群,7,0,7,兆豐-三重,2024-09-12,7008
00915,凱基優選高股息30,7,0,7,兆豐-三重,2024-09-12,7008
2603,長榮,6,0,6,兆豐-三重,2024-09-12,7008
00715L,期街口布蘭特正2,6,0,6,兆豐-三重,2024-09-12,7008
3607,谷崧,6,0,6,兆豐-三重,2024-09-12,7008
0056,元大高股息,6,1,5,兆豐-三重,2024-09-12,7008
00706L,期元大S＆P日圓正2,5,0,5,兆豐-三重,2024-09-12,7008
1210,大成,5,0,5,兆豐-三重,2024-09-12,7008
1314,中石化,5,0,5,兆豐-三重,2024-09-12,7008
1809,中釉,5,0,5,兆豐-三重,2024-09-12,7008
2301,光寶科,5,0,5,兆豐-三重,2024-09-12,7008
2332,友訊,6,1,5,兆豐-三重,2024-09-12,7008
3047,訊舟,5,0,5,兆豐-三重,2024-09-12,7008
5364,力麗店,5,0,5,兆豐-三重,2024-09-12,7008
5443,均豪,9,4,5,兆豐-三重,2024-09-12,7008
8155,博智,5,0,5,兆豐-三重,2024-09-12,7008
2356,英業達,4,0,4,兆豐-三重,2024-09-12,7008
2362,藍天,7,3,4,兆豐-三重,2024-09-12,7008
2364,倫飛,9,5,4,兆豐-三重,2024-09-12,7008
3149,正達,6,2,4,兆豐-三重,2024-09-12,7008
3481,群創,13,9,4,兆豐-三重,2024-09-12,7008
3623,富晶通,4,0,4,兆豐-三重,2024-09-12,7008
3673,TPK-KY,4,0,4,兆豐-三重,2024-09-12,7008
6533,晶心科,4,0,4,兆豐-三重,2024-09-12,7008
6743,安普新,5,1,4,兆豐-三重,2024-09-12,7008
3231,緯創,10,6,4,兆豐-三重,2024-09-12,7008
00725B,國泰投資級公司債,3,0,3,兆豐-三重,2024-09-12,7008
4536,拓凱,3,0,3,兆豐-三重,2024-09-12,7008
2888,新光金,1524,50,1474,兆豐-三重,2024-09-13,7008
8926,台汽電,139,71,68,兆豐-三重,2024-09-13,7008
6274,台燿,52,2,50,兆豐-三重,2024-09-13,7008
2402,毅嘉,45,0,45,兆豐-三重,2024-09-13,7008
0056,元大高股息,38,0,38,兆豐-三重,2024-09-13,7008
00878,國泰永續高股息,35,0,35,兆豐-三重,2024-09-13,7008
00929,復華台灣科技優息,32,0,32,兆豐-三重,2024-09-13,7008
00688L,國泰20年美債正2,80,48,32,兆豐-三重,2024-09-13,7008
3033,威健,31,0,31,兆豐-三重,2024-09-13,7008
00680L,元大美債20正2,30,0,30,兆豐-三重,2024-09-13,7008
2838,聯邦銀,25,0,25,兆豐-三重,2024-09-13,7008
1515,力山,154,130,24,兆豐-三重,2024-09-13,7008
1540,喬福,24,0,24,兆豐-三重,2024-09-13,7008
00919,群益台灣精選高息,23,0,23,兆豐-三重,2024-09-13,7008
6194,育富,24,2,22,兆豐-三重,2024-09-13,7008
00715L,期街口布蘭特正2,21,0,21,兆豐-三重,2024-09-13,7008
3013,晟銘電,27,6,21,兆豐-三重,2024-09-13,7008
00937B,群益ESG投等債20,20,0,20,兆豐-三重,2024-09-13,7008
2890,永豐金,20,0,20,兆豐-三重,2024-09-13,7008
6290,良維,18,0,18,兆豐-三重,2024-09-13,7008
2449,京元電子,16,0,16,兆豐-三重,2024-09-13,7008
00687B,國泰20年美債,15,0,15,兆豐-三重,2024-09-13,7008
2317,鴻海,20,6,14,兆豐-三重,2024-09-13,7008
4510,高鋒,56,44,12,兆豐-三重,2024-09-13,7008
00679B,元大美債20年,11,0,11,兆豐-三重,2024-09-13,7008
00943,兆豐電子高息等權,10,0,10,兆豐-三重,2024-09-13,7008
2347,聯強,10,0,10,兆豐-三重,2024-09-13,7008
8011,台通,10,0,10,兆豐-三重,2024-09-13,7008
3481,群創,12,3,9,兆豐-三重,2024-09-13,7008
1304,台聚,10,1,9,兆豐-三重,2024-09-13,7008
1524,耿鼎,12,3,9,兆豐-三重,2024-09-13,7008
2498,宏達電,10,1,9,兆豐-三重,2024-09-13,7008
3047,訊舟,15,6,9,兆豐-三重,2024-09-13,7008
00670L,富邦NASDAQ正2,7,0,7,兆豐-三重,2024-09-13,7008
2308,台達電,7,0,7,兆豐-三重,2024-09-13,7008
5871,中租-KY,10,3,7,兆豐-三重,2024-09-13,7008
1536,和大,6,0,6,兆豐-三重,2024-09-13,7008
1513,中興電,12,6,6,兆豐-三重,2024-09-13,7008
3338,泰碩,6,0,6,兆豐-三重,2024-09-13,7008
3580,友威科,6,0,6,兆豐-三重,2024-09-13,7008
8039,台虹,7,1,6,兆豐-三重,2024-09-13,7008
00900,富邦特選高股息30,5,0,5,兆豐-三重,2024-09-13,7008
00957B,兆豐US優選投等債,15,10,5,兆豐-三重,2024-09-13,7008
00936,台新永續高息中小,5,0,5,兆豐-三重,2024-09-13,7008
1303,南亞,5,0,5,兆豐-三重,2024-09-13,7008
1326,台化,5,0,5,兆豐-三重,2024-09-13,7008
2359,所羅門,5,0,5,兆豐-三重,2024-09-13,7008
3149,正達,8,3,5,兆豐-三重,2024-09-13,7008
3581,博磊,6,1,5,兆豐-三重,2024-09-13,7008
6270,倍微,5,0,5,兆豐-三重,2024-09-13,7008
2371,大同,164,10,154,兆豐-三重,2024-09-16,7008
2027,大成鋼,50,0,50,兆豐-三重,2024-09-16,7008
3062,建漢,67,17,50,兆豐-三重,2024-09-16,7008
00931B,統一美債20年,51,5,46,兆豐-三重,2024-09-16,7008
0056,元大高股息,35,7,28,兆豐-三重,2024-09-16,7008
00937B,群益ESG投等債20,33,11,22,兆豐-三重,2024-09-16,7008
00878,國泰永續高股息,22,0,22,兆豐-三重,2024-09-16,7008
2317,鴻海,60,41,19,兆豐-三重,2024-09-16,7008
00687B,國泰20年美債,27,11,16,兆豐-三重,2024-09-16,7008
2442,新美齊,15,0,15,兆豐-三重,2024-09-16,7008
3290,東浦,25,10,15,兆豐-三重,2024-09-16,7008
00929,復華台灣科技優息,15,2,13,兆豐-三重,2024-09-16,7008
1522,堤維西,12,0,12,兆豐-三重,2024-09-16,7008
2498,宏達電,12,0,12,兆豐-三重,2024-09-16,7008
8039,台虹,12,0,12,兆豐-三重,2024-09-16,7008
2365,昆盈,17,7,10,兆豐-三重,2024-09-16,7008
2888,新光金,10,0,10,兆豐-三重,2024-09-16,7008
3673,TPK-KY,15,5,10,兆豐-三重,2024-09-16,7008
6743,安普新,10,0,10,兆豐-三重,2024-09-16,7008
00919,群益台灣精選高息,21,11,10,兆豐-三重,2024-09-16,7008
00679B,元大美債20年,9,0,9,兆豐-三重,2024-09-16,7008
2609,陽明,8,0,8,兆豐-三重,2024-09-16,7008
2328,廣宇,8,0,8,兆豐-三重,2024-09-16,7008
4763,材料-KY,8,0,8,兆豐-三重,2024-09-16,7008
1540,喬福,23,16,7,兆豐-三重,2024-09-16,7008
2497,怡利電,16,10,6,兆豐-三重,2024-09-16,7008
4114,健喬,6,0,6,兆豐-三重,2024-09-16,7008
9958,世紀鋼,6,0,6,兆豐-三重,2024-09-16,7008
00957B,兆豐US優選投等債,5,0,5,兆豐-三重,2024-09-16,7008
2033,佳大,5,0,5,兆豐-三重,2024-09-16,7008
2308,台達電,5,0,5,兆豐-三重,2024-09-16,7008
3710,連展投控,5,0,5,兆豐-三重,2024-09-16,7008
4906,正文,5,0,5,兆豐-三重,2024-09-16,7008
5202,力新,5,0,5,兆豐-三重,2024-09-16,7008
5534,長虹,6,1,5,兆豐-三重,2024-09-16,7008
4513,福裕,7,2,5,兆豐-三重,2024-09-16,7008
8096,擎亞,6,1,5,兆豐-三重,2024-09-16,7008
00881,國泰台灣5G+,4,0,4,兆豐-三重,2024-09-16,7008
2886,兆豐金,5,1,4,兆豐-三重,2024-09-16,7008
2603,長榮,4,0,4,兆豐-三重,2024-09-16,7008
3037,欣興,4,0,4,兆豐-三重,2024-09-16,7008
3450,聯鈞,4,0,4,兆豐-三重,2024-09-16,7008
3491,昇達科,4,0,4,兆豐-三重,2024-09-16,7008
3533,嘉澤,4,0,4,兆豐-三重,2024-09-16,7008
4909,新復興,7,3,4,兆豐-三重,2024-09-16,7008
2359,所羅門,7,3,4,兆豐-三重,2024-09-16,7008
00918,大華優利高填息30,3,0,3,兆豐-三重,2024-09-16,7008
2881,富邦金,3,0,3,兆豐-三重,2024-09-16,7008
00882,中信中國高股息,3,0,3,兆豐-三重,2024-09-16,7008
00959B,大華投等美債15Y+,3,0,3,兆豐-三重,2024-09-16,7008
2888,新光金,5132,443,4689,兆豐-三重,2024-09-18,7008
00919,群益台灣精選高息,130,0,130,兆豐-三重,2024-09-18,7008
2887,台新金,264,201,63,兆豐-三重,2024-09-18,7008
3694,海華,271,227,44,兆豐-三重,2024-09-18,7008
3062,建漢,101,67,34,兆豐-三重,2024-09-18,7008
00948B,中信優息投資級債,30,0,30,兆豐-三重,2024-09-18,7008
2390,云辰,30,0,30,兆豐-三重,2024-09-18,7008
5905,南仁湖,31,3,28,兆豐-三重,2024-09-18,7008
00878,國泰永續高股息,28,0,28,兆豐-三重,2024-09-18,7008
3710,連展投控,25,0,25,兆豐-三重,2024-09-18,7008
00918,大華優利高填息30,23,0,23,兆豐-三重,2024-09-18,7008
00946,群益科技高息成長,22,0,22,兆豐-三重,2024-09-18,7008
00957B,兆豐US優選投等債,20,0,20,兆豐-三重,2024-09-18,7008
2243,宏旭-KY,29,11,18,兆豐-三重,2024-09-18,7008
6133,金橋,19,2,17,兆豐-三重,2024-09-18,7008
00857B,永豐20年美公債,16,0,16,兆豐-三重,2024-09-18,7008
00927,群益半導體收益,15,0,15,兆豐-三重,2024-09-18,7008
2330,台積電,24,10,14,兆豐-三重,2024-09-18,7008
2356,英業達,18,5,13,兆豐-三重,2024-09-18,7008
1609,大亞,23,11,12,兆豐-三重,2024-09-18,7008
3550,聯穎,27,15,12,兆豐-三重,2024-09-18,7008
00680L,元大美債20正2,10,0,10,兆豐-三重,2024-09-18,7008
1304,台聚,10,0,10,兆豐-三重,2024-09-18,7008
2347,聯強,10,0,10,兆豐-三重,2024-09-18,7008
2498,宏達電,18,8,10,兆豐-三重,2024-09-18,7008
2537,聯上發,30,20,10,兆豐-三重,2024-09-18,7008
3354,律勝,10,0,10,兆豐-三重,2024-09-18,7008
3356,奇偶,10,0,10,兆豐-三重,2024-09-18,7008
5488,松普,10,0,10,兆豐-三重,2024-09-18,7008
6116,彩晶,10,0,10,兆豐-三重,2024-09-18,7008
3715,定穎投控,11,3,8,兆豐-三重,2024-09-18,7008
1727,中華化,70,62,8,兆豐-三重,2024-09-18,7008
2327,國巨,9,1,8,兆豐-三重,2024-09-18,7008
8932,智通*,8,0,8,兆豐-三重,2024-09-18,7008
00915,凱基優選高股息30,8,0,8,兆豐-三重,2024-09-18,7008
00929,復華台灣科技優息,7,0,7,兆豐-三重,2024-09-18,7008
3008,大立光,7,0,7,兆豐-三重,2024-09-18,7008
00688L,國泰20年美債正2,7,0,7,兆豐-三重,2024-09-18,7008
00940,元大台灣價值高息,6,0,6,兆豐-三重,2024-09-18,7008
00881,國泰台灣5G+,6,0,6,兆豐-三重,2024-09-18,7008
1786,科妍,7,1,6,兆豐-三重,2024-09-18,7008
2017,官田鋼,6,0,6,兆豐-三重,2024-09-18,7008
2308,台達電,6,0,6,兆豐-三重,2024-09-18,7008
2338,光罩,6,0,6,兆豐-三重,2024-09-18,7008
8070,長華*,8,2,6,兆豐-三重,2024-09-18,7008
00933B,國泰10Y+金融債,6,0,6,兆豐-三重,2024-09-18,7008
6425,易發,6,0,6,兆豐-三重,2024-09-18,7008
00713,元大台灣高息低波,5,0,5,兆豐-三重,2024-09-18,7008
9958,世紀鋼,5,0,5,兆豐-三重,2024-09-18,7008
3293,鈊象,5,0,5,兆豐-三重,2024-09-18,7008
2317,鴻海,102,7,95,兆豐-三重,2024-09-19,7008
2867,三商壽,85,1,84,兆豐-三重,2024-09-19,7008
9105,泰金寶-DR,74,0,74,兆豐-三重,2024-09-19,7008
00687B,國泰20年美債,68,5,63,兆豐-三重,2024-09-19,7008
00952,凱基台灣AI50,50,0,50,兆豐-三重,2024-09-19,7008
00931B,統一美債20年,50,0,50,兆豐-三重,2024-09-19,7008
00688L,國泰20年美債正2,32,0,32,兆豐-三重,2024-09-19,7008
5364,力麗店,30,0,30,兆豐-三重,2024-09-19,7008
00637L,元大滬深300正2,25,0,25,兆豐-三重,2024-09-19,7008
00680L,元大美債20正2,34,11,23,兆豐-三重,2024-09-19,7008
00679B,元大美債20年,21,0,21,兆豐-三重,2024-09-19,7008
2537,聯上發,21,0,21,兆豐-三重,2024-09-19,7008
2374,佳能,20,1,19,兆豐-三重,2024-09-19,7008
00919,群益台灣精選高息,18,1,17,兆豐-三重,2024-09-19,7008
6288,聯嘉,21,5,16,兆豐-三重,2024-09-19,7008
00915,凱基優選高股息30,17,1,16,兆豐-三重,2024-09-19,7008
00948B,中信優息投資級債,13,0,13,兆豐-三重,2024-09-19,7008
5475,德宏,13,0,13,兆豐-三重,2024-09-19,7008
4513,福裕,35,23,12,兆豐-三重,2024-09-19,7008
6517,保勝光學,12,0,12,兆豐-三重,2024-09-19,7008
00713,元大台灣高息低波,11,0,11,兆豐-三重,2024-09-19,7008
6928,攸泰科技,11,0,11,兆豐-三重,2024-09-19,7008
00882,中信中國高股息,10,0,10,兆豐-三重,2024-09-19,7008
00933B,國泰10Y+金融債,10,0,10,兆豐-三重,2024-09-19,7008
2359,所羅門,15,5,10,兆豐-三重,2024-09-19,7008
4909,新復興,19,9,10,兆豐-三重,2024-09-19,7008
8473,山林水,10,0,10,兆豐-三重,2024-09-19,7008
1708,東鹼,9,0,9,兆豐-三重,2024-09-19,7008
00632R,元大台灣50反1,10,2,8,兆豐-三重,2024-09-19,7008
1582,信錦,8,0,8,兆豐-三重,2024-09-19,7008
2399,映泰,85,77,8,兆豐-三重,2024-09-19,7008
1721,三晃,9,2,7,兆豐-三重,2024-09-19,7008
2324,仁寶,7,0,7,兆豐-三重,2024-09-19,7008
00958B,永豐ESG銀行債15,6,0,6,兆豐-三重,2024-09-19,7008
1784,訊聯,6,0,6,兆豐-三重,2024-09-19,7008
2603,長榮,9,3,6,兆豐-三重,2024-09-19,7008
3062,建漢,88,82,6,兆豐-三重,2024-09-19,7008
00935,野村臺灣新科技50,5,0,5,兆豐-三重,2024-09-19,7008
00942B,台新美A公司債20+,5,0,5,兆豐-三重,2024-09-19,7008
00929,復華台灣科技優息,5,0,5,兆豐-三重,2024-09-19,7008
2022,聚亨,7,2,5,兆豐-三重,2024-09-19,7008
2236,百達-KY,5,0,5,兆豐-三重,2024-09-19,7008
2344,華邦電,6,1,5,兆豐-三重,2024-09-19,7008
2845,遠東銀,5,0,5,兆豐-三重,2024-09-19,7008
3466,德晉,5,0,5,兆豐-三重,2024-09-19,7008
3710,連展投控,5,0,5,兆豐-三重,2024-09-19,7008
6104,創惟,5,0,5,兆豐-三重,2024-09-19,7008
8932,智通*,5,0,5,兆豐-三重,2024-09-19,7008
1314,中石化,4,0,4,兆豐-三重,2024-09-19,7008
1785,光洋科,19,15,4,兆豐-三重,2024-09-19,7008
00937B,群益ESG投等債20,152,12,140,兆豐-三重,2024-09-20,7008
00919,群益台灣精選高息,82,6,76,兆豐-三重,2024-09-20,7008
00931B,統一美債20年,50,0,50,兆豐-三重,2024-09-20,7008
2888,新光金,63,16,47,兆豐-三重,2024-09-20,7008
8930,青鋼,39,0,39,兆豐-三重,2024-09-20,7008
00632R,元大台灣50反1,55,18,37,兆豐-三重,2024-09-20,7008
2887,台新金,1668,1631,37,兆豐-三重,2024-09-20,7008
00687B,國泰20年美債,30,0,30,兆豐-三重,2024-09-20,7008
00932,兆豐永續高息等權,30,0,30,兆豐-三重,2024-09-20,7008
2542,興富發,31,4,27,兆豐-三重,2024-09-20,7008
3710,連展投控,23,0,23,兆豐-三重,2024-09-20,7008
3390,旭軟,23,0,23,兆豐-三重,2024-09-20,7008
1528,恩德,22,0,22,兆豐-三重,2024-09-20,7008
00940,元大台灣價值高息,21,0,21,兆豐-三重,2024-09-20,7008
2464,盟立,87,66,21,兆豐-三重,2024-09-20,7008
3498,陽程,20,0,20,兆豐-三重,2024-09-20,7008
5519,隆大,20,0,20,兆豐-三重,2024-09-20,7008
2402,毅嘉,19,0,19,兆豐-三重,2024-09-20,7008
4903,聯光通,20,4,16,兆豐-三重,2024-09-20,7008
00670L,富邦NASDAQ正2,15,0,15,兆豐-三重,2024-09-20,7008
00679B,元大美債20年,13,0,13,兆豐-三重,2024-09-20,7008
8222,寶一,13,0,13,兆豐-三重,2024-09-20,7008
00915,凱基優選高股息30,13,0,13,兆豐-三重,2024-09-20,7008
3376,新日興,12,0,12,兆豐-三重,2024-09-20,7008
00943,兆豐電子高息等權,42,30,12,兆豐-三重,2024-09-20,7008
1540,喬福,32,20,12,兆豐-三重,2024-09-20,7008
5475,德宏,15,3,12,兆豐-三重,2024-09-20,7008
6177,達麗,12,0,12,兆豐-三重,2024-09-20,7008
6506,雙邦,12,0,12,兆豐-三重,2024-09-20,7008
1721,三晃,17,6,11,兆豐-三重,2024-09-20,7008
00878,國泰永續高股息,10,0,10,兆豐-三重,2024-09-20,7008
2344,華邦電,11,1,10,兆豐-三重,2024-09-20,7008
3673,TPK-KY,10,0,10,兆豐-三重,2024-09-20,7008
8011,台通,10,0,10,兆豐-三重,2024-09-20,7008
4510,高鋒,28,19,9,兆豐-三重,2024-09-20,7008
5905,南仁湖,9,0,9,兆豐-三重,2024-09-20,7008
6517,保勝光學,9,0,9,兆豐-三重,2024-09-20,7008
5234,達興材料,51,43,8,兆豐-三重,2024-09-20,7008
2399,映泰,56,48,8,兆豐-三重,2024-09-20,7008
3346,麗清,8,0,8,兆豐-三重,2024-09-20,7008
1442,名軒,7,0,7,兆豐-三重,2024-09-20,7008
3231,緯創,7,1,6,兆豐-三重,2024-09-20,7008
4939,亞電,6,0,6,兆豐-三重,2024-09-20,7008
1609,大亞,6,0,6,兆豐-三重,2024-09-20,7008
4113,聯上,6,0,6,兆豐-三重,2024-09-20,7008
4967,十銓,41,35,6,兆豐-三重,2024-09-20,7008
6133,金橋,11,5,6,兆豐-三重,2024-09-20,7008
6715,嘉基,6,0,6,兆豐-三重,2024-09-20,7008
8050,廣積,6,0,6,兆豐-三重,2024-09-20,7008
8936,國統,6,0,6,兆豐-三重,2024-09-20,7008
2888,新光金,1122,27,1095,兆豐-三重,2024-09-23,7008
2845,遠東銀,80,0,80,兆豐-三重,2024-09-23,7008
00687B,國泰20年美債,89,10,79,兆豐-三重,2024-09-23,7008
2867,三商壽,65,0,65,兆豐-三重,2024-09-23,7008
00931B,統一美債20年,50,0,50,兆豐-三重,2024-09-23,7008
00919,群益台灣精選高息,38,0,38,兆豐-三重,2024-09-23,7008
3266,昇陽,31,0,31,兆豐-三重,2024-09-23,7008
4510,高鋒,28,0,28,兆豐-三重,2024-09-23,7008
00929,復華台灣科技優息,28,1,27,兆豐-三重,2024-09-23,7008
3481,群創,26,0,26,兆豐-三重,2024-09-23,7008
3062,建漢,60,34,26,兆豐-三重,2024-09-23,7008
00958B,永豐ESG銀行債15,20,0,20,兆豐-三重,2024-09-23,7008
00632R,元大台灣50反1,20,0,20,兆豐-三重,2024-09-23,7008
2889,國票金,20,0,20,兆豐-三重,2024-09-23,7008
2504,國產,20,1,19,兆豐-三重,2024-09-23,7008
1524,耿鼎,23,5,18,兆豐-三重,2024-09-23,7008
2317,鴻海,21,4,17,兆豐-三重,2024-09-23,7008
3710,連展投控,16,0,16,兆豐-三重,2024-09-23,7008
00937B,群益ESG投等債20,15,0,15,兆豐-三重,2024-09-23,7008
0056,元大高股息,14,0,14,兆豐-三重,2024-09-23,7008
4909,新復興,23,10,13,兆豐-三重,2024-09-23,7008
3167,大量,51,39,12,兆豐-三重,2024-09-23,7008
2408,南亞科,11,0,11,兆豐-三重,2024-09-23,7008
00923,群益台ESG低碳50,11,0,11,兆豐-三重,2024-09-23,7008
2359,所羅門,10,0,10,兆豐-三重,2024-09-23,7008
1569,濱川,15,5,10,兆豐-三重,2024-09-23,7008
2495,普安,11,1,10,兆豐-三重,2024-09-23,7008
3312,弘憶股,10,0,10,兆豐-三重,2024-09-23,7008
3615,安可,10,0,10,兆豐-三重,2024-09-23,7008
5234,達興材料,10,0,10,兆豐-三重,2024-09-23,7008
6257,矽格,10,0,10,兆豐-三重,2024-09-23,7008
9938,百和,10,0,10,兆豐-三重,2024-09-23,7008
4716,大立,9,1,8,兆豐-三重,2024-09-23,7008
2537,聯上發,20,12,8,兆豐-三重,2024-09-23,7008
8039,台虹,8,1,7,兆豐-三重,2024-09-23,7008
5340,建榮,7,0,7,兆豐-三重,2024-09-23,7008
6177,達麗,7,0,7,兆豐-三重,2024-09-23,7008
6589,台康生技,7,0,7,兆豐-三重,2024-09-23,7008
00712,復華富時不動產,7,0,7,兆豐-三重,2024-09-23,7008
2497,怡利電,18,12,6,兆豐-三重,2024-09-23,7008
8111,立��,9,3,6,兆豐-三重,2024-09-23,7008
2101,南港,5,0,5,兆豐-三重,2024-09-23,7008
5443,均豪,5,0,5,兆豐-三重,2024-09-23,7008
1301,台塑,7,2,5,兆豐-三重,2024-09-23,7008
00940,元大台灣價值高息,5,0,5,兆豐-三重,2024-09-23,7008
2002,中鋼,10,5,5,兆豐-三重,2024-09-23,7008
2344,華邦電,53,48,5,兆豐-三重,2024-09-23,7008
2347,聯強,5,0,5,兆豐-三重,2024-09-23,7008
2402,毅嘉,10,5,5,兆豐-三重,2024-09-23,7008
2543,皇昌,5,0,5,兆豐-三重,2024-09-23,7008
00632R,元大台灣50反1,185,0,185,兆豐-三重,2024-09-24,7008
00688L,國泰20年美債正2,100,0,100,兆豐-三重,2024-09-24,7008
1515,力山,333,239,94,兆豐-三重,2024-09-24,7008
1540,喬福,35,0,35,兆豐-三重,2024-09-24,7008
2845,遠東銀,35,0,35,兆豐-三重,2024-09-24,7008
2317,鴻海,96,63,33,兆豐-三重,2024-09-24,7008
2367,燿華,30,0,30,兆豐-三重,2024-09-24,7008
3715,定穎投控,104,77,27,兆豐-三重,2024-09-24,7008
00900,富邦特選高股息30,20,0,20,兆豐-三重,2024-09-24,7008
00882,中信中國高股息,40,20,20,兆豐-三重,2024-09-24,7008
8105,凌巨,20,1,19,兆豐-三重,2024-09-24,7008
00687B,國泰20年美債,23,7,16,兆豐-三重,2024-09-24,7008
1721,三晃,42,26,16,兆豐-三重,2024-09-24,7008
00960,野村全球航運龍頭,24,11,13,兆豐-三重,2024-09-24,7008
4510,高鋒,21,8,13,兆豐-三重,2024-09-24,7008
8431,匯鑽科,13,0,13,兆豐-三重,2024-09-24,7008
1307,三芳,12,0,12,兆豐-三重,2024-09-24,7008
6285,啟��,27,15,12,兆豐-三重,2024-09-24,7008
00713,元大台灣高息低波,11,0,11,兆豐-三重,2024-09-24,7008
2442,新美齊,11,0,11,兆豐-三重,2024-09-24,7008
00943,兆豐電子高息等權,10,0,10,兆豐-三重,2024-09-24,7008
2537,聯上發,10,0,10,兆豐-三重,2024-09-24,7008
3266,昇陽,10,0,10,兆豐-三重,2024-09-24,7008
3481,群創,34,24,10,兆豐-三重,2024-09-24,7008
4562,穎漢,25,15,10,兆豐-三重,2024-09-24,7008
5475,德宏,10,0,10,兆豐-三重,2024-09-24,7008
8906,花王,10,0,10,兆豐-三重,2024-09-24,7008
9938,百和,10,0,10,兆豐-三重,2024-09-24,7008
00720B,元大投資級公司債,10,0,10,兆豐-三重,2024-09-24,7008
00712,復華富時不動產,9,0,9,兆豐-三重,2024-09-24,7008
2605,新興,12,3,9,兆豐-三重,2024-09-24,7008
3019,亞光,9,0,9,兆豐-三重,2024-09-24,7008
5222,全訊,11,2,9,兆豐-三重,2024-09-24,7008
1455,集盛,26,18,8,兆豐-三重,2024-09-24,7008
2891,中信金,14,6,8,兆豐-三重,2024-09-24,7008
3167,大量,24,16,8,兆豐-三重,2024-09-24,7008
6219,富旺,8,0,8,兆豐-三重,2024-09-24,7008
6530,創威,10,2,8,兆豐-三重,2024-09-24,7008
00680L,元大美債20正2,7,0,7,兆豐-三重,2024-09-24,7008
3149,正達,12,5,7,兆豐-三重,2024-09-24,7008
1513,中興電,8,2,6,兆豐-三重,2024-09-24,7008
1784,訊聯,6,0,6,兆豐-三重,2024-09-24,7008
3035,智原,6,0,6,兆豐-三重,2024-09-24,7008
4729,熒茂,6,0,6,兆豐-三重,2024-09-24,7008
6290,良維,10,4,6,兆豐-三重,2024-09-24,7008
8374,羅昇,6,0,6,兆豐-三重,2024-09-24,7008
0056,元大高股息,6,0,6,兆豐-三重,2024-09-24,7008
00929,復華台灣科技優息,5,0,5,兆豐-三重,2024-09-24,7008
00948B,中信優息投資級債,5,0,5,兆豐-三重,2024-09-24,7008
00951,台新日本半導體,5,0,5,兆豐-三重,2024-09-24,7008
00676R,富邦臺灣加權反1,300,0,300,兆豐-三重,2024-09-25,7008
2887,台新金,1748,1549,199,兆豐-三重,2024-09-25,7008
3045,台灣大,128,42,86,兆豐-三重,2024-09-25,7008
3481,群創,66,4,62,兆豐-三重,2024-09-25,7008
2609,陽明,94,40,54,兆豐-三重,2024-09-25,7008
00931B,統一美債20年,50,0,50,兆豐-三重,2024-09-25,7008
3062,建漢,171,136,35,兆豐-三重,2024-09-25,7008
2891,中信金,34,0,34,兆豐-三重,2024-09-25,7008
2915,潤泰全,24,1,23,兆豐-三重,2024-09-25,7008
00641R,富邦日本反1,20,0,20,兆豐-三重,2024-09-25,7008
2367,燿華,50,32,18,兆豐-三重,2024-09-25,7008
1455,集盛,36,19,17,兆豐-三重,2024-09-25,7008
00679B,元大美債20年,15,1,14,兆豐-三重,2024-09-25,7008
6104,創惟,12,0,12,兆豐-三重,2024-09-25,7008
2351,順德,61,50,11,兆豐-三重,2024-09-25,7008
1539,巨庭,11,0,11,兆豐-三重,2024-09-25,7008
1582,信錦,11,0,11,兆豐-三重,2024-09-25,7008
2323,中環,12,1,11,兆豐-三重,2024-09-25,7008
4952,凌通,10,0,10,兆豐-三重,2024-09-25,7008
00687B,國泰20年美債,15,5,10,兆豐-三重,2024-09-25,7008
00632R,元大台灣50反1,10,0,10,兆豐-三重,2024-09-25,7008
2006,東和鋼鐵,10,0,10,兆豐-三重,2024-09-25,7008
2415,錩新,10,0,10,兆豐-三重,2024-09-25,7008
6928,攸泰科技,10,0,10,兆豐-三重,2024-09-25,7008
2605,新興,20,11,9,兆豐-三重,2024-09-25,7008
2613,中櫃,9,0,9,兆豐-三重,2024-09-25,7008
4545,銘鈺,13,4,9,兆豐-三重,2024-09-25,7008
4736,泰博,9,0,9,兆豐-三重,2024-09-25,7008
1307,三芳,8,0,8,兆豐-三重,2024-09-25,7008
2344,華邦電,13,5,8,兆豐-三重,2024-09-25,7008
4513,福裕,8,0,8,兆豐-三重,2024-09-25,7008
00688L,國泰20年美債正2,7,0,7,兆豐-三重,2024-09-25,7008
2486,一詮,7,1,6,兆豐-三重,2024-09-25,7008
3712,永崴投控,6,0,6,兆豐-三重,2024-09-25,7008
3714,富采,6,0,6,兆豐-三重,2024-09-25,7008
4977,眾達-KY,31,25,6,兆豐-三重,2024-09-25,7008
5452,佶優,6,0,6,兆豐-三重,2024-09-25,7008
3711,日月光投控,11,5,6,兆豐-三重,2024-09-25,7008
1609,大亞,6,1,5,兆豐-三重,2024-09-25,7008
3149,正達,10,5,5,兆豐-三重,2024-09-25,7008
00927,群益半導體收益,5,0,5,兆豐-三重,2024-09-25,7008
00637L,元大滬深300正2,14,9,5,兆豐-三重,2024-09-25,7008
1442,名軒,5,0,5,兆豐-三重,2024-09-25,7008
1718,中纖,10,5,5,兆豐-三重,2024-09-25,7008
2618,長榮航,15,10,5,兆豐-三重,2024-09-25,7008
3017,奇鋐,7,2,5,兆豐-三重,2024-09-25,7008
3581,博磊,5,0,5,兆豐-三重,2024-09-25,7008
4137,麗豐-KY,5,0,5,兆豐-三重,2024-09-25,7008
4908,前鼎,5,0,5,兆豐-三重,2024-09-25,7008
5289,宜鼎,5,0,5,兆豐-三重,2024-09-25,7008
00931B,統一美債20年,70,0,70,兆豐-三重,2024-09-26,7008
00933B,國泰10Y+金融債,65,1,64,兆豐-三重,2024-09-26,7008
3715,定穎投控,69,13,56,兆豐-三重,2024-09-26,7008
00687B,國泰20年美債,57,11,46,兆豐-三重,2024-09-26,7008
00937B,群益ESG投等債20,99,53,46,兆豐-三重,2024-09-26,7008
3710,連展投控,31,0,31,兆豐-三重,2024-09-26,7008
8110,華東,32,4,28,兆豐-三重,2024-09-26,7008
2317,鴻海,32,8,24,兆豐-三重,2024-09-26,7008
00679B,元大美債20年,47,25,22,兆豐-三重,2024-09-26,7008
00900,富邦特選高股息30,20,0,20,兆豐-三重,2024-09-26,7008
00895,富邦未來車,20,0,20,兆豐-三重,2024-09-26,7008
3047,訊舟,19,1,18,兆豐-三重,2024-09-26,7008
00957B,兆豐US優選投等債,15,0,15,兆豐-三重,2024-09-26,7008
4977,眾達-KY,15,0,15,兆豐-三重,2024-09-26,7008
2201,裕隆,15,1,14,兆豐-三重,2024-09-26,7008
3605,宏致,15,2,13,兆豐-三重,2024-09-26,7008
5347,世界,12,0,12,兆豐-三重,2024-09-26,7008
8070,長華*,11,0,11,兆豐-三重,2024-09-26,7008
00945B,凱基美國非投等債,10,0,10,兆豐-三重,2024-09-26,7008
00680L,元大美債20正2,10,0,10,兆豐-三重,2024-09-26,7008
00632R,元大台灣50反1,10,0,10,兆豐-三重,2024-09-26,7008
2014,中鴻,10,0,10,兆豐-三重,2024-09-26,7008
2062,橋椿,16,6,10,兆豐-三重,2024-09-26,7008
2393,億光,10,0,10,兆豐-三重,2024-09-26,7008
2482,連宇,10,0,10,兆豐-三重,2024-09-26,7008
3266,昇陽,10,0,10,兆豐-三重,2024-09-26,7008
5484,慧友,10,0,10,兆豐-三重,2024-09-26,7008
6285,啟��,10,0,10,兆豐-三重,2024-09-26,7008
00642U,期元大S＆P石油,10,0,10,兆豐-三重,2024-09-26,7008
00960,野村全球航運龍頭,26,17,9,兆豐-三重,2024-09-26,7008
2349,錸德,9,0,9,兆豐-三重,2024-09-26,7008
6125,廣運,22,13,9,兆豐-三重,2024-09-26,7008
2601,益航,9,0,9,兆豐-三重,2024-09-26,7008
1582,信錦,12,4,8,兆豐-三重,2024-09-26,7008
2009,第一銅,8,0,8,兆豐-三重,2024-09-26,7008
2915,潤泰全,8,0,8,兆豐-三重,2024-09-26,7008
3714,富采,25,17,8,兆豐-三重,2024-09-26,7008
8076,伍豐,8,0,8,兆豐-三重,2024-09-26,7008
2615,萬海,198,190,8,兆豐-三重,2024-09-26,7008
00919,群益台灣精選高息,14,6,8,兆豐-三重,2024-09-26,7008
00948B,中信優息投資級債,12,5,7,兆豐-三重,2024-09-26,7008
2426,鼎元,9,2,7,兆豐-三重,2024-09-26,7008
8054,安國,19,12,7,兆豐-三重,2024-09-26,7008
2603,長榮,84,77,7,兆豐-三重,2024-09-26,7008
00670L,富邦NASDAQ正2,6,0,6,兆豐-三重,2024-09-26,7008
3498,陽程,6,0,6,兆豐-三重,2024-09-26,7008
6616,特昇-KY,6,0,6,兆豐-三重,2024-09-26,7008
6877,鏵友益,6,0,6,兆豐-三重,2024-09-26,7008
8011,台通,6,0,6,兆豐-三重,2024-09-26,7008
2609,陽明,344,338,6,兆豐-三重,2024-09-26,7008
1449,佳和,46,0,46,兆豐-三重,2024-09-27,7008
00687B,國泰20年美債,46,1,45,兆豐-三重,2024-09-27,7008
00933B,國泰10Y+金融債,60,15,45,兆豐-三重,2024-09-27,7008
00937B,群益ESG投等債20,42,0,42,兆豐-三重,2024-09-27,7008
1540,喬福,67,30,37,兆豐-三重,2024-09-27,7008
3710,連展投控,37,0,37,兆豐-三重,2024-09-27,7008
6120,達運,30,0,30,兆豐-三重,2024-09-27,7008
00960,野村全球航運龍頭,28,2,26,兆豐-三重,2024-09-27,7008
2329,華泰,27,5,22,兆豐-三重,2024-09-27,7008
1785,光洋科,42,22,20,兆豐-三重,2024-09-27,7008
00715L,期街口布蘭特正2,16,0,16,兆豐-三重,2024-09-27,7008
2365,昆盈,16,0,16,兆豐-三重,2024-09-27,7008
2736,富野,16,0,16,兆豐-三重,2024-09-27,7008
3564,其陽,17,1,16,兆豐-三重,2024-09-27,7008
00706L,期元大S＆P日圓正2,15,0,15,兆豐-三重,2024-09-27,7008
2402,毅嘉,20,5,15,兆豐-三重,2024-09-27,7008
5289,宜鼎,15,0,15,兆豐-三重,2024-09-27,7008
006208,富邦台50,15,2,13,兆豐-三重,2024-09-27,7008
00679B,元大美債20年,13,0,13,兆豐-三重,2024-09-27,7008
6237,驊訊,13,2,11,兆豐-三重,2024-09-27,7008
3019,亞光,13,3,10,兆豐-三重,2024-09-27,7008
00772B,中信高評級公司債,10,0,10,兆豐-三重,2024-09-27,7008
00697B,元大美債7-10,10,0,10,兆豐-三重,2024-09-27,7008
00642U,期元大S＆P石油,10,0,10,兆豐-三重,2024-09-27,7008
00945B,凱基美國非投等債,10,0,10,兆豐-三重,2024-09-27,7008
00957B,兆豐US優選投等債,10,0,10,兆豐-三重,2024-09-27,7008
1584,精剛,10,0,10,兆豐-三重,2024-09-27,7008
2482,連宇,10,0,10,兆豐-三重,2024-09-27,7008
3163,波若威,35,25,10,兆豐-三重,2024-09-27,7008
6151,晉倫,10,0,10,兆豐-三重,2024-09-27,7008
6548,長科*,10,0,10,兆豐-三重,2024-09-27,7008
8043,蜜望實,10,0,10,兆豐-三重,2024-09-27,7008
3363,上詮,9,0,9,兆豐-三重,2024-09-27,7008
3530,晶相光,9,0,9,兆豐-三重,2024-09-27,7008
1612,宏泰,8,0,8,兆豐-三重,2024-09-27,7008
2363,矽統,26,18,8,兆豐-三重,2024-09-27,7008
6104,創惟,21,13,8,兆豐-三重,2024-09-27,7008
00656R,國泰中國A50反1,7,0,7,兆豐-三重,2024-09-27,7008
00712,復華富時不動產,7,0,7,兆豐-三重,2024-09-27,7008
1608,華榮,10,3,7,兆豐-三重,2024-09-27,7008
2371,大同,11,4,7,兆豐-三重,2024-09-27,7008
3498,陽程,7,0,7,兆豐-三重,2024-09-27,7008
4919,新唐,9,2,7,兆豐-三重,2024-09-27,7008
5371,中光電,7,0,7,兆豐-三重,2024-09-27,7008
3167,大量,9,3,6,兆豐-三重,2024-09-27,7008
5706,鳳凰,6,0,6,兆豐-三重,2024-09-27,7008
6125,廣運,9,3,6,兆豐-三重,2024-09-27,7008
8932,智通*,6,0,6,兆豐-三重,2024-09-27,7008
00688L,國泰20年美債正2,5,0,5,兆豐-三重,2024-09-27,7008
1513,中興電,11,6,5,兆豐-三重,2024-09-27,7008
3715,定穎投控,132,9,123,兆豐-三重,2024-09-30,7008
00937B,群益ESG投等債20,105,3,102,兆豐-三重,2024-09-30,7008
00882,中信中國高股息,60,1,59,兆豐-三重,2024-09-30,7008
00687B,國泰20年美債,54,0,54,兆豐-三重,2024-09-30,7008
00752,中信中國50,50,0,50,兆豐-三重,2024-09-30,7008
2605,新興,46,8,38,兆豐-三重,2024-09-30,7008
2330,台積電,33,2,31,兆豐-三重,2024-09-30,7008
2038,海光,30,1,29,兆豐-三重,2024-09-30,7008
00639,富邦深100,26,0,26,兆豐-三重,2024-09-30,7008
00641R,富邦日本反1,25,0,25,兆豐-三重,2024-09-30,7008
2535,達欣工,25,0,25,兆豐-三重,2024-09-30,7008
00773B,中信優先金融債,20,0,20,兆豐-三重,2024-09-30,7008
2615,萬海,21,1,20,兆豐-三重,2024-09-30,7008
6770,力積電,20,0,20,兆豐-三重,2024-09-30,7008
00948B,中信優息投資級債,16,0,16,兆豐-三重,2024-09-30,7008
1809,中釉,17,1,16,兆豐-三重,2024-09-30,7008
6156,松上,15,0,15,兆豐-三重,2024-09-30,7008
00946,群益科技高息成長,14,0,14,兆豐-三重,2024-09-30,7008
2891,中信金,15,2,13,兆豐-三重,2024-09-30,7008
2349,錸德,12,0,12,兆豐-三重,2024-09-30,7008
00915,凱基優選高股息30,12,0,12,兆豐-三重,2024-09-30,7008
2062,橋椿,11,0,11,兆豐-三重,2024-09-30,7008
2303,聯電,69,58,11,兆豐-三重,2024-09-30,7008
2610,華航,10,0,10,兆豐-三重,2024-09-30,7008
00719B,元大美債1-3,10,0,10,兆豐-三重,2024-09-30,7008
00665L,富邦�琤肭磪囓�2,10,0,10,兆豐-三重,2024-09-30,7008
00637L,元大滬深300正2,42,32,10,兆豐-三重,2024-09-30,7008
00927,群益半導體收益,10,0,10,兆豐-三重,2024-09-30,7008
00953B,群益優選非投等債,10,0,10,兆豐-三重,2024-09-30,7008
2609,陽明,28,18,10,兆豐-三重,2024-09-30,7008
3037,欣興,11,1,10,兆豐-三重,2024-09-30,7008
2002,中鋼,28,19,9,兆豐-三重,2024-09-30,7008
6706,惠特,9,0,9,兆豐-三重,2024-09-30,7008
00772B,中信高評級公司債,20,11,9,兆豐-三重,2024-09-30,7008
2201,裕隆,22,13,9,兆豐-三重,2024-09-30,7008
1569,濱川,10,2,8,兆豐-三重,2024-09-30,7008
2324,仁寶,10,2,8,兆豐-三重,2024-09-30,7008
2356,英業達,11,3,8,兆豐-三重,2024-09-30,7008
2641,正德,10,2,8,兆豐-三重,2024-09-30,7008
4510,高鋒,13,5,8,兆豐-三重,2024-09-30,7008
5484,慧友,10,2,8,兆豐-三重,2024-09-30,7008
2382,廣達,12,4,8,兆豐-三重,2024-09-30,7008
2014,中鴻,24,17,7,兆豐-三重,2024-09-30,7008
4714,永捷,7,0,7,兆豐-三重,2024-09-30,7008
00919,群益台灣精選高息,27,20,7,兆豐-三重,2024-09-30,7008
006206,元大上證50,6,0,6,兆豐-三重,2024-09-30,7008
3019,亞光,6,0,6,兆豐-三重,2024-09-30,7008
3712,永崴投控,10,4,6,兆豐-三重,2024-09-30,7008
6257,矽格,6,0,6,兆豐-三重,2024-09-30,7008
6274,台燿,6,0,6,兆豐-三重,2024-09-30,7008
1314,中石化,1038,5,1033,兆豐-三重,2024-10-01,7008
2897,王道銀行,499,0,499,兆豐-三重,2024-10-01,7008
3715,定穎投控,72,18,54,兆豐-三重,2024-10-01,7008
3481,群創,55,3,52,兆豐-三重,2024-10-01,7008
3576,聯合再生,55,5,50,兆豐-三重,2024-10-01,7008
2002,中鋼,50,1,49,兆豐-三重,2024-10-01,7008
2486,一詮,44,1,43,兆豐-三重,2024-10-01,7008
00665L,富邦�琤肭磪囓�2,40,0,40,兆豐-三重,2024-10-01,7008
00679B,元大美債20年,37,2,35,兆豐-三重,2024-10-01,7008
00687B,國泰20年美債,46,14,32,兆豐-三重,2024-10-01,7008
2801,彰銀,21,0,21,兆豐-三重,2024-10-01,7008
00680L,元大美債20正2,20,0,20,兆豐-三重,2024-10-01,7008
00639,富邦深100,20,0,20,兆豐-三重,2024-10-01,7008
5230,雷笛克光學,20,0,20,兆豐-三重,2024-10-01,7008
00670L,富邦NASDAQ正2,15,0,15,兆豐-三重,2024-10-01,7008
00922,國泰台灣領袖50,15,0,15,兆豐-三重,2024-10-01,7008
00960,野村全球航運龍頭,23,10,13,兆豐-三重,2024-10-01,7008
00919,群益台灣精選高息,18,5,13,兆豐-三重,2024-10-01,7008
0056,元大高股息,13,1,12,兆豐-三重,2024-10-01,7008
00915,凱基優選高股息30,11,0,11,兆豐-三重,2024-10-01,7008
00895,富邦未來車,10,0,10,兆豐-三重,2024-10-01,7008
00632R,元大台灣50反1,10,0,10,兆豐-三重,2024-10-01,7008
2354,鴻準,10,0,10,兆豐-三重,2024-10-01,7008
2408,南亞科,10,0,10,兆豐-三重,2024-10-01,7008
8070,長華*,10,0,10,兆豐-三重,2024-10-01,7008
8210,勤誠,10,0,10,兆豐-三重,2024-10-01,7008
00772B,中信高評級公司債,10,0,10,兆豐-三重,2024-10-01,7008
5871,中租-KY,11,3,8,兆豐-三重,2024-10-01,7008
2356,英業達,10,2,8,兆豐-三重,2024-10-01,7008
4105,東洋,8,0,8,兆豐-三重,2024-10-01,7008
4909,新復興,45,37,8,兆豐-三重,2024-10-01,7008
6177,達麗,8,0,8,兆豐-三重,2024-10-01,7008
2371,大同,25,18,7,兆豐-三重,2024-10-01,7008
3266,昇陽,7,0,7,兆豐-三重,2024-10-01,7008
3622,洋華,29,22,7,兆豐-三重,2024-10-01,7008
4977,眾達-KY,10,3,7,兆豐-三重,2024-10-01,7008
6505,台塑化,8,1,7,兆豐-三重,2024-10-01,7008
2317,鴻海,34,28,6,兆豐-三重,2024-10-01,7008
2482,連宇,6,0,6,兆豐-三重,2024-10-01,7008
4102,永日,6,0,6,兆豐-三重,2024-10-01,7008
6285,啟��,10,5,5,兆豐-三重,2024-10-01,7008
00948B,中信優息投資級債,5,0,5,兆豐-三重,2024-10-01,7008
1522,堤維西,5,0,5,兆豐-三重,2024-10-01,7008
1815,富喬,11,6,5,兆豐-三重,2024-10-01,7008
2444,兆勁,5,0,5,兆豐-三重,2024-10-01,7008
2481,強茂,5,0,5,兆豐-三重,2024-10-01,7008
2748,雲品,26,21,5,兆豐-三重,2024-10-01,7008
6742,澤米,5,0,5,兆豐-三重,2024-10-01,7008
8011,台通,5,0,5,兆豐-三重,2024-10-01,7008
8068,全達,5,0,5,兆豐-三重,2024-10-01,7008
2897,王道銀行,499,0,499,兆豐-三重,2024-10-04,7008
4974,亞泰,133,71,62,兆豐-三重,2024-10-04,7008
2884,玉山金,51,0,51,兆豐-三重,2024-10-04,7008
00655L,國泰中國A50正2,49,0,49,兆豐-三重,2024-10-04,7008
00919,群益台灣精選高息,45,0,45,兆豐-三重,2024-10-04,7008
2618,長榮航,83,41,42,兆豐-三重,2024-10-04,7008
00922,國泰台灣領袖50,35,0,35,兆豐-三重,2024-10-04,7008
00639,富邦深100,35,0,35,兆豐-三重,2024-10-04,7008
2615,萬海,32,0,32,兆豐-三重,2024-10-04,7008
2887,台新金,293,263,30,兆豐-三重,2024-10-04,7008
0056,元大高股息,30,3,27,兆豐-三重,2024-10-04,7008
6770,力積電,26,0,26,兆豐-三重,2024-10-04,7008
00706L,期元大S＆P日圓正2,25,1,24,兆豐-三重,2024-10-04,7008
2367,燿華,24,0,24,兆豐-三重,2024-10-04,7008
00943,兆豐電子高息等權,21,0,21,兆豐-三重,2024-10-04,7008
00878,國泰永續高股息,20,0,20,兆豐-三重,2024-10-04,7008
00688L,國泰20年美債正2,20,0,20,兆豐-三重,2024-10-04,7008
5475,德宏,20,0,20,兆豐-三重,2024-10-04,7008
006206,元大上證50,19,0,19,兆豐-三重,2024-10-04,7008
8070,長華*,19,0,19,兆豐-三重,2024-10-04,7008
00933B,國泰10Y+金融債,20,2,18,兆豐-三重,2024-10-04,7008
2308,台達電,17,0,17,兆豐-三重,2024-10-04,7008
2603,長榮,20,3,17,兆豐-三重,2024-10-04,7008
00940,元大台灣價值高息,25,9,16,兆豐-三重,2024-10-04,7008
2354,鴻準,14,0,14,兆豐-三重,2024-10-04,7008
00713,元大台灣高息低波,14,0,14,兆豐-三重,2024-10-04,7008
4960,誠美材,13,0,13,兆豐-三重,2024-10-04,7008
8926,台汽電,13,0,13,兆豐-三重,2024-10-04,7008
00652,富邦印度,13,0,13,兆豐-三重,2024-10-04,7008
00656R,國泰中國A50反1,12,0,12,兆豐-三重,2024-10-04,7008
2408,南亞科,12,0,12,兆豐-三重,2024-10-04,7008
2609,陽明,24,13,11,兆豐-三重,2024-10-04,7008
2365,昆盈,16,5,11,兆豐-三重,2024-10-04,7008
2501,國建,11,0,11,兆豐-三重,2024-10-04,7008
1442,名軒,10,0,10,兆豐-三重,2024-10-04,7008
2303,聯電,85,75,10,兆豐-三重,2024-10-04,7008
2605,新興,10,0,10,兆豐-三重,2024-10-04,7008
2610,華航,10,0,10,兆豐-三重,2024-10-04,7008
3037,欣興,11,1,10,兆豐-三重,2024-10-04,7008
5351,鈺創,25,15,10,兆豐-三重,2024-10-04,7008
6126,信音,10,0,10,兆豐-三重,2024-10-04,7008
2498,宏達電,41,32,9,兆豐-三重,2024-10-04,7008
2353,宏��,8,0,8,兆豐-三重,2024-10-04,7008
3266,昇陽,8,0,8,兆豐-三重,2024-10-04,7008
00679B,元大美債20年,8,1,7,兆豐-三重,2024-10-04,7008
00918,大華優利高填息30,7,0,7,兆豐-三重,2024-10-04,7008
1303,南亞,7,0,7,兆豐-三重,2024-10-04,7008
2891,中信金,9,3,6,兆豐-三重,2024-10-04,7008
00712,復華富時不動產,6,0,6,兆豐-三重,2024-10-04,7008
1301,台塑,14,8,6,兆豐-三重,2024-10-04,7008
2897,王道銀行,499,70,429,兆豐-三重,2024-10-07,7008
2834,臺企銀,97,0,97,兆豐-三重,2024-10-07,7008
3481,群創,194,150,44,兆豐-三重,2024-10-07,7008
0061,元大寶滬深,71,30,41,兆豐-三重,2024-10-07,7008
00891,中信關鍵半導體,35,0,35,兆豐-三重,2024-10-07,7008
3710,連展投控,40,7,33,兆豐-三重,2024-10-07,7008
2884,玉山金,32,0,32,兆豐-三重,2024-10-07,7008
00922,國泰台灣領袖50,32,0,32,兆豐-三重,2024-10-07,7008
00712,復華富時不動產,29,0,29,兆豐-三重,2024-10-07,7008
2356,英業達,31,2,29,兆豐-三重,2024-10-07,7008
00878,國泰永續高股息,29,2,27,兆豐-三重,2024-10-07,7008
00688L,國泰20年美債正2,21,0,21,兆豐-三重,2024-10-07,7008
00919,群益台灣精選高息,31,10,21,兆豐-三重,2024-10-07,7008
00772B,中信高評級公司債,20,0,20,兆豐-三重,2024-10-07,7008
2605,新興,25,5,20,兆豐-三重,2024-10-07,7008
8213,志超,20,0,20,兆豐-三重,2024-10-07,7008
1314,中石化,119,100,19,兆豐-三重,2024-10-07,7008
00882,中信中國高股息,23,5,18,兆豐-三重,2024-10-07,7008
0056,元大高股息,22,5,17,兆豐-三重,2024-10-07,7008
2354,鴻準,51,34,17,兆豐-三重,2024-10-07,7008
3498,陽程,20,3,17,兆豐-三重,2024-10-07,7008
2892,第一金,12,0,12,兆豐-三重,2024-10-07,7008
00957B,兆豐US優選投等債,11,0,11,兆豐-三重,2024-10-07,7008
2812,台中銀,11,0,11,兆豐-三重,2024-10-07,7008
00632R,元大台灣50反1,10,0,10,兆豐-三重,2024-10-07,7008
00943,兆豐電子高息等權,10,0,10,兆豐-三重,2024-10-07,7008
1455,集盛,10,0,10,兆豐-三重,2024-10-07,7008
1809,中釉,10,0,10,兆豐-三重,2024-10-07,7008
2601,益航,10,0,10,兆豐-三重,2024-10-07,7008
00940,元大台灣價值高息,10,1,9,兆豐-三重,2024-10-07,7008
00795B,中信美國公債20年,9,0,9,兆豐-三重,2024-10-07,7008
1721,三晃,15,6,9,兆豐-三重,2024-10-07,7008
3062,建漢,33,24,9,兆豐-三重,2024-10-07,7008
5351,鈺創,9,0,9,兆豐-三重,2024-10-07,7008
2615,萬海,29,21,8,兆豐-三重,2024-10-07,7008
00665L,富邦�琤肭磪囓�2,8,0,8,兆豐-三重,2024-10-07,7008
2609,陽明,15,8,7,兆豐-三重,2024-10-07,7008
2402,毅嘉,20,13,7,兆豐-三重,2024-10-07,7008
4763,材料-KY,7,0,7,兆豐-三重,2024-10-07,7008
6188,廣明,6,0,6,兆豐-三重,2024-10-07,7008
00930,永豐ESG低碳高息,6,0,6,兆豐-三重,2024-10-07,7008
1815,富喬,12,6,6,兆豐-三重,2024-10-07,7008
2497,怡利電,6,0,6,兆豐-三重,2024-10-07,7008
2618,長榮航,11,5,6,兆豐-三重,2024-10-07,7008
2748,雲品,31,25,6,兆豐-三重,2024-10-07,7008
3537,堡達,6,0,6,兆豐-三重,2024-10-07,7008
00670L,富邦NASDAQ正2,5,0,5,兆豐-三重,2024-10-07,7008
006206,元大上證50,5,0,5,兆豐-三重,2024-10-07,7008
3037,欣興,6,1,5,兆豐-三重,2024-10-07,7008
4909,新復興,45,40,5,兆豐-三重,2024-10-07,7008
1314,中石化,504,0,504,兆豐-三重,2024-10-08,7008
3481,群創,170,0,170,兆豐-三重,2024-10-08,7008
2486,一詮,115,13,102,兆豐-三重,2024-10-08,7008
00937B,群益ESG投等債20,97,0,97,兆豐-三重,2024-10-08,7008
2845,遠東銀,62,0,62,兆豐-三重,2024-10-08,7008
00948B,中信優息投資級債,61,0,61,兆豐-三重,2024-10-08,7008
00687B,國泰20年美債,58,0,58,兆豐-三重,2024-10-08,7008
00772B,中信高評級公司債,50,0,50,兆豐-三重,2024-10-08,7008
00922,國泰台灣領袖50,47,0,47,兆豐-三重,2024-10-08,7008
3710,連展投控,48,2,46,兆豐-三重,2024-10-08,7008
2330,台積電,211,170,41,兆豐-三重,2024-10-08,7008
1442,名軒,35,0,35,兆豐-三重,2024-10-08,7008
2014,中鴻,29,0,29,兆豐-三重,2024-10-08,7008
0056,元大高股息,27,0,27,兆豐-三重,2024-10-08,7008
00919,群益台灣精選高息,24,2,22,兆豐-三重,2024-10-08,7008
3715,定穎投控,33,12,21,兆豐-三重,2024-10-08,7008
2883,凱基金,20,0,20,兆豐-三重,2024-10-08,7008
3499,環天科,20,0,20,兆豐-三重,2024-10-08,7008
00946,群益科技高息成長,19,0,19,兆豐-三重,2024-10-08,7008
00887,永豐中國科技50大,21,8,13,兆豐-三重,2024-10-08,7008
00637L,元大滬深300正2,15,2,13,兆豐-三重,2024-10-08,7008
2367,燿華,13,0,13,兆豐-三重,2024-10-08,7008
00712,復華富時不動產,12,0,12,兆豐-三重,2024-10-08,7008
2615,萬海,37,25,12,兆豐-三重,2024-10-08,7008
00940,元大台灣價值高息,11,0,11,兆豐-三重,2024-10-08,7008
2354,鴻準,11,0,11,兆豐-三重,2024-10-08,7008
2399,映泰,23,12,11,兆豐-三重,2024-10-08,7008
2405,輔信,11,0,11,兆豐-三重,2024-10-08,7008
00878,國泰永續高股息,26,15,11,兆豐-三重,2024-10-08,7008
00713,元大台灣高息低波,10,0,10,兆豐-三重,2024-10-08,7008
2498,宏達電,13,3,10,兆豐-三重,2024-10-08,7008
00673R,期元大S＆P原油反1,10,0,10,兆豐-三重,2024-10-08,7008
00697B,元大美債7-10,10,0,10,兆豐-三重,2024-10-08,7008
00891,中信關鍵半導體,10,0,10,兆豐-三重,2024-10-08,7008
00939,統一台灣高息動能,10,0,10,兆豐-三重,2024-10-08,7008
00957B,兆豐US優選投等債,10,0,10,兆豐-三重,2024-10-08,7008
1455,集盛,10,0,10,兆豐-三重,2024-10-08,7008
1539,巨庭,10,0,10,兆豐-三重,2024-10-08,7008
2324,仁寶,10,0,10,兆豐-三重,2024-10-08,7008
2365,昆盈,10,0,10,兆豐-三重,2024-10-08,7008
2436,偉詮電,11,1,10,兆豐-三重,2024-10-08,7008
3591,艾笛森,12,2,10,兆豐-三重,2024-10-08,7008
1301,台塑,9,0,9,兆豐-三重,2024-10-08,7008
3580,友威科,10,1,9,兆豐-三重,2024-10-08,7008
2009,第一銅,8,0,8,兆豐-三重,2024-10-08,7008
3234,光環,15,7,8,兆豐-三重,2024-10-08,7008
3312,弘憶股,8,0,8,兆豐-三重,2024-10-08,7008
3712,永崴投控,12,4,8,兆豐-三重,2024-10-08,7008
8150,南茂,8,0,8,兆豐-三重,2024-10-08,7008
3149,正達,32,25,7,兆豐-三重,2024-10-08,7008
1314,中石化,519,1,518,兆豐-三重,2024-10-09,7008
00919,群益台灣精選高息,210,5,205,兆豐-三重,2024-10-09,7008
00953B,群益優選非投等債,70,0,70,兆豐-三重,2024-10-09,7008
00957B,兆豐US優選投等債,50,0,50,兆豐-三重,2024-10-09,7008
00882,中信中國高股息,44,3,41,兆豐-三重,2024-10-09,7008
006206,元大上證50,35,0,35,兆豐-三重,2024-10-09,7008
00940,元大台灣價值高息,32,0,32,兆豐-三重,2024-10-09,7008
1718,中纖,30,0,30,兆豐-三重,2024-10-09,7008
2501,國建,30,0,30,兆豐-三重,2024-10-09,7008
8240,華宏,25,0,25,兆豐-三重,2024-10-09,7008
00937B,群益ESG投等債20,23,0,23,兆豐-三重,2024-10-09,7008
00679B,元大美債20年,19,0,19,兆豐-三重,2024-10-09,7008
2399,映泰,46,27,19,兆豐-三重,2024-10-09,7008
6223,旺矽,21,3,18,兆豐-三重,2024-10-09,7008
3437,榮創,17,0,17,兆豐-三重,2024-10-09,7008
3576,聯合再生,16,0,16,兆豐-三重,2024-10-09,7008
00637L,元大滬深300正2,23,8,15,兆豐-三重,2024-10-09,7008
2618,長榮航,18,3,15,兆豐-三重,2024-10-09,7008
3615,安可,15,0,15,兆豐-三重,2024-10-09,7008
6120,達運,15,0,15,兆豐-三重,2024-10-09,7008
00712,復華富時不動產,14,0,14,兆豐-三重,2024-10-09,7008
2603,長榮,13,0,13,兆豐-三重,2024-10-09,7008
6416,瑞祺電通,18,5,13,兆豐-三重,2024-10-09,7008
1312,國喬,12,0,12,兆豐-三重,2024-10-09,7008
2892,第一金,12,0,12,兆豐-三重,2024-10-09,7008
4510,高鋒,17,5,12,兆豐-三重,2024-10-09,7008
00665L,富邦�琤肭磪囓�2,20,9,11,兆豐-三重,2024-10-09,7008
1522,堤維西,11,0,11,兆豐-三重,2024-10-09,7008
2601,益航,21,10,11,兆豐-三重,2024-10-09,7008
2886,兆豐金,10,0,10,兆豐-三重,2024-10-09,7008
2312,金寶,10,0,10,兆豐-三重,2024-10-09,7008
2633,台灣高鐵,10,0,10,兆豐-三重,2024-10-09,7008
8213,志超,10,0,10,兆豐-三重,2024-10-09,7008
9945,潤泰新,10,0,10,兆豐-三重,2024-10-09,7008
3048,益登,13,4,9,兆豐-三重,2024-10-09,7008
9933,中鼎,9,0,9,兆豐-三重,2024-10-09,7008
8028,昇陽半導體,15,7,8,兆豐-三重,2024-10-09,7008
2615,萬海,17,10,7,兆豐-三重,2024-10-09,7008
6133,金橋,11,4,7,兆豐-三重,2024-10-09,7008
6530,創威,48,41,7,兆豐-三重,2024-10-09,7008
8064,東捷,7,0,7,兆豐-三重,2024-10-09,7008
1532,勤美,6,0,6,兆豐-三重,2024-10-09,7008
3605,宏致,10,4,6,兆豐-三重,2024-10-09,7008
1721,三晃,6,0,6,兆豐-三重,2024-10-09,7008
1785,光洋科,46,40,6,兆豐-三重,2024-10-09,7008
2009,第一銅,6,0,6,兆豐-三重,2024-10-09,7008
2351,順德,16,10,6,兆豐-三重,2024-10-09,7008
3712,永崴投控,6,0,6,兆豐-三重,2024-10-09,7008
00878,國泰永續高股息,7,2,5,兆豐-三重,2024-10-09,7008
1808,潤隆,5,0,5,兆豐-三重,2024-10-09,7008
2887,台新金,113,0,113,兆豐-三重,2024-10-11,7008
2303,聯電,53,4,49,兆豐-三重,2024-10-11,7008
2845,遠東銀,23,0,23,兆豐-三重,2024-10-11,7008
00632R,元大台灣50反1,20,0,20,兆豐-三重,2024-10-11,7008
3481,群創,21,2,19,兆豐-三重,2024-10-11,7008
2547,日勝生,18,0,18,兆豐-三重,2024-10-11,7008
3049,精金,18,0,18,兆豐-三重,2024-10-11,7008
1540,喬福,20,3,17,兆豐-三重,2024-10-11,7008
4903,聯光通,69,53,16,兆豐-三重,2024-10-11,7008
2327,國巨,15,0,15,兆豐-三重,2024-10-11,7008
00670L,富邦NASDAQ正2,16,1,15,兆豐-三重,2024-10-11,7008
3149,正達,91,77,14,兆豐-三重,2024-10-11,7008
00680L,元大美債20正2,13,0,13,兆豐-三重,2024-10-11,7008
8070,長華*,13,0,13,兆豐-三重,2024-10-11,7008
00688L,國泰20年美債正2,12,0,12,兆豐-三重,2024-10-11,7008
00637L,元大滬深300正2,11,0,11,兆豐-三重,2024-10-11,7008
4763,材料-KY,12,1,11,兆豐-三重,2024-10-11,7008
00757,統一FANG+,100,90,10,兆豐-三重,2024-10-11,7008
00753L,中信中國50正2,10,0,10,兆豐-三重,2024-10-11,7008
2537,聯上發,10,0,10,兆豐-三重,2024-10-11,7008
2601,益航,11,1,10,兆豐-三重,2024-10-11,7008
3024,憶聲,10,0,10,兆豐-三重,2024-10-11,7008
3576,聯合再生,16,6,10,兆豐-三重,2024-10-11,7008
4991,環宇-KY,10,0,10,兆豐-三重,2024-10-11,7008
5381,合正,10,0,10,兆豐-三重,2024-10-11,7008
00752,中信中國50,10,1,9,兆豐-三重,2024-10-11,7008
00720B,元大投資級公司債,8,0,8,兆豐-三重,2024-10-11,7008
00713,元大台灣高息低波,8,0,8,兆豐-三重,2024-10-11,7008
4772,台特化,7,0,7,兆豐-三重,2024-10-11,7008
3162,精確,17,10,7,兆豐-三重,2024-10-11,7008
3266,昇陽,7,0,7,兆豐-三重,2024-10-11,7008
4743,合一,7,0,7,兆豐-三重,2024-10-11,7008
4909,新復興,45,38,7,兆豐-三重,2024-10-11,7008
1721,三晃,7,1,6,兆豐-三重,2024-10-11,7008
2392,正崴,6,0,6,兆豐-三重,2024-10-11,7008
2609,陽明,18,12,6,兆豐-三重,2024-10-11,7008
3209,全科,6,0,6,兆豐-三重,2024-10-11,7008
4129,聯合,6,0,6,兆豐-三重,2024-10-11,7008
6177,達麗,6,0,6,兆豐-三重,2024-10-11,7008
8111,立��,10,4,6,兆豐-三重,2024-10-11,7008
9933,中鼎,6,0,6,兆豐-三重,2024-10-11,7008
2498,宏達電,5,0,5,兆豐-三重,2024-10-11,7008
3711,日月光投控,5,0,5,兆豐-三重,2024-10-11,7008
00673R,期元大S＆P原油反1,5,0,5,兆豐-三重,2024-10-11,7008
2344,華邦電,5,0,5,兆豐-三重,2024-10-11,7008
2892,第一金,5,0,5,兆豐-三重,2024-10-11,7008
4906,正文,5,0,5,兆豐-三重,2024-10-11,7008
4979,華星光,11,6,5,兆豐-三重,2024-10-11,7008
6658,聯策,5,0,5,兆豐-三重,2024-10-11,7008
6743,安普新,5,0,5,兆豐-三重,2024-10-11,7008
1314,中石化,101,0,101,兆豐-三重,2024-10-14,7008
00931B,統一美債20年,100,0,100,兆豐-三重,2024-10-14,7008
00712,復華富時不動產,62,0,62,兆豐-三重,2024-10-14,7008
00679B,元大美債20年,46,0,46,兆豐-三重,2024-10-14,7008
00922,國泰台灣領袖50,45,0,45,兆豐-三重,2024-10-14,7008
3710,連展投控,35,0,35,兆豐-三重,2024-10-14,7008
0050,元大台灣50,31,0,31,兆豐-三重,2024-10-14,7008
2618,長榮航,25,0,25,兆豐-三重,2024-10-14,7008
2748,雲品,223,199,24,兆豐-三重,2024-10-14,7008
00687B,國泰20年美債,21,0,21,兆豐-三重,2024-10-14,7008
00878,國泰永續高股息,21,1,20,兆豐-三重,2024-10-14,7008
2317,鴻海,44,24,20,兆豐-三重,2024-10-14,7008
2905,三商,20,0,20,兆豐-三重,2024-10-14,7008
8240,華宏,26,6,20,兆豐-三重,2024-10-14,7008
3231,緯創,21,5,16,兆豐-三重,2024-10-14,7008
2887,台新金,565,550,15,兆豐-三重,2024-10-14,7008
2883,凱基金,15,1,14,兆豐-三重,2024-10-14,7008
5230,雷笛克光學,23,10,13,兆豐-三重,2024-10-14,7008
0056,元大高股息,11,0,11,兆豐-三重,2024-10-14,7008
00877,復華中國5G,20,9,11,兆豐-三重,2024-10-14,7008
2426,鼎元,37,26,11,兆豐-三重,2024-10-14,7008
2882,國泰金,10,0,10,兆豐-三重,2024-10-14,7008
00680L,元大美債20正2,10,0,10,兆豐-三重,2024-10-14,7008
1709,和益,10,0,10,兆豐-三重,2024-10-14,7008
2419,仲琦,10,0,10,兆豐-三重,2024-10-14,7008
3605,宏致,11,1,10,兆豐-三重,2024-10-14,7008
6698,旭暉應材,10,0,10,兆豐-三重,2024-10-14,7008
3234,光環,10,0,10,兆豐-三重,2024-10-14,7008
00929,復華台灣科技優息,25,15,10,兆豐-三重,2024-10-14,7008
1802,台玻,8,0,8,兆豐-三重,2024-10-14,7008
8150,南茂,7,0,7,兆豐-三重,2024-10-14,7008
00720B,元大投資級公司債,6,0,6,兆豐-三重,2024-10-14,7008
00940,元大台灣價值高息,10,4,6,兆豐-三重,2024-10-14,7008
00957B,兆豐US優選投等債,6,0,6,兆豐-三重,2024-10-14,7008
3167,大量,34,29,5,兆豐-三重,2024-10-14,7008
00927,群益半導體收益,5,0,5,兆豐-三重,2024-10-14,7008
00637L,元大滬深300正2,5,0,5,兆豐-三重,2024-10-14,7008
1721,三晃,5,0,5,兆豐-三重,2024-10-14,7008
2201,裕隆,25,20,5,兆豐-三重,2024-10-14,7008
2303,聯電,59,54,5,兆豐-三重,2024-10-14,7008
2329,華泰,5,0,5,兆豐-三重,2024-10-14,7008
2353,宏��,5,0,5,兆豐-三重,2024-10-14,7008
2542,興富發,5,0,5,兆豐-三重,2024-10-14,7008
6224,聚鼎,5,0,5,兆豐-三重,2024-10-14,7008
2834,臺企銀,4,0,4,兆豐-三重,2024-10-14,7008
2615,萬海,24,20,4,兆豐-三重,2024-10-14,7008
00633L,富邦上証正2,10,6,4,兆豐-三重,2024-10-14,7008
2344,華邦電,4,0,4,兆豐-三重,2024-10-14,7008
4503,金雨,4,0,4,兆豐-三重,2024-10-14,7008
8033,雷虎,4,0,4,兆豐-三重,2024-10-14,7008
3710,連展投控,137,30,107,兆豐-三重,2024-10-15,7008
00632R,元大台灣50反1,109,30,79,兆豐-三重,2024-10-15,7008
1314,中石化,115,46,69,兆豐-三重,2024-10-15,7008
2905,三商,60,0,60,兆豐-三重,2024-10-15,7008
00687B,國泰20年美債,57,0,57,兆豐-三重,2024-10-15,7008
5234,達興材料,59,3,56,兆豐-三重,2024-10-15,7008
6530,創威,57,36,21,兆豐-三重,2024-10-15,7008
00633L,富邦上証正2,20,0,20,兆豐-三重,2024-10-15,7008
00940,元大台灣價值高息,21,1,20,兆豐-三重,2024-10-15,7008
2426,鼎元,32,12,20,兆豐-三重,2024-10-15,7008
2884,玉山金,20,2,18,兆豐-三重,2024-10-15,7008
1442,名軒,15,0,15,兆豐-三重,2024-10-15,7008
00931B,統一美債20年,14,0,14,兆豐-三重,2024-10-15,7008
2498,宏達電,15,1,14,兆豐-三重,2024-10-15,7008
2062,橋椿,15,2,13,兆豐-三重,2024-10-15,7008
3013,晟銘電,29,17,12,兆豐-三重,2024-10-15,7008
3019,亞光,12,0,12,兆豐-三重,2024-10-15,7008
1539,巨庭,11,0,11,兆豐-三重,2024-10-15,7008
2363,矽統,28,17,11,兆豐-三重,2024-10-15,7008
3163,波若威,53,42,11,兆豐-三重,2024-10-15,7008
3209,全科,11,0,11,兆豐-三重,2024-10-15,7008
8070,長華*,11,0,11,兆豐-三重,2024-10-15,7008
1522,堤維西,10,0,10,兆豐-三重,2024-10-15,7008
1301,台塑,11,1,10,兆豐-三重,2024-10-15,7008
1308,亞聚,10,0,10,兆豐-三重,2024-10-15,7008
1455,集盛,10,0,10,兆豐-三重,2024-10-15,7008
2009,第一銅,10,0,10,兆豐-三重,2024-10-15,7008
2915,潤泰全,10,0,10,兆豐-三重,2024-10-15,7008
5230,雷笛克光學,10,0,10,兆豐-三重,2024-10-15,7008
6176,瑞儀,11,1,10,兆豐-三重,2024-10-15,7008
6525,捷敏-KY,24,14,10,兆豐-三重,2024-10-15,7008
8043,蜜望實,10,0,10,兆豐-三重,2024-10-15,7008
2362,藍天,10,1,9,兆豐-三重,2024-10-15,7008
00887,永豐中國科技50大,9,0,9,兆豐-三重,2024-10-15,7008
2609,陽明,15,7,8,兆豐-三重,2024-10-15,7008
2408,南亞科,8,0,8,兆豐-三重,2024-10-15,7008
3715,定穎投控,18,10,8,兆豐-三重,2024-10-15,7008
5340,建榮,94,86,8,兆豐-三重,2024-10-15,7008
6177,達麗,10,2,8,兆豐-三重,2024-10-15,7008
00877,復華中國5G,7,0,7,兆豐-三重,2024-10-15,7008
00712,復華富時不動產,7,0,7,兆豐-三重,2024-10-15,7008
00918,大華優利高填息30,8,1,7,兆豐-三重,2024-10-15,7008
3605,宏致,17,10,7,兆豐-三重,2024-10-15,7008
6274,台燿,9,2,7,兆豐-三重,2024-10-15,7008
00919,群益台灣精選高息,21,15,6,兆豐-三重,2024-10-15,7008
00720B,元大投資級公司債,6,0,6,兆豐-三重,2024-10-15,7008
00943,兆豐電子高息等權,6,0,6,兆豐-三重,2024-10-15,7008
4503,金雨,6,0,6,兆豐-三重,2024-10-15,7008
1605,華新,5,0,5,兆豐-三重,2024-10-15,7008
8028,昇陽半導體,7,2,5,兆豐-三重,2024-10-15,7008
00933B,國泰10Y+金融債,100,0,100,兆豐-三重,2024-10-16,7008
00919,群益台灣精選高息,63,0,63,兆豐-三重,2024-10-16,7008
2887,台新金,150,100,50,兆豐-三重,2024-10-16,7008
0056,元大高股息,47,1,46,兆豐-三重,2024-10-16,7008
00948B,中信優息投資級債,40,0,40,兆豐-三重,2024-10-16,7008
00922,國泰台灣領袖50,33,0,33,兆豐-三重,2024-10-16,7008
3029,零壹,30,0,30,兆豐-三重,2024-10-16,7008
00680L,元大美債20正2,27,0,27,兆豐-三重,2024-10-16,7008
2330,台積電,156,130,26,兆豐-三重,2024-10-16,7008
00937B,群益ESG投等債20,23,0,23,兆豐-三重,2024-10-16,7008
3149,正達,28,6,22,兆豐-三重,2024-10-16,7008
00753L,中信中國50正2,21,0,21,兆豐-三重,2024-10-16,7008
00887,永豐中國科技50大,18,0,18,兆豐-三重,2024-10-16,7008
1708,東鹼,16,0,16,兆豐-三重,2024-10-16,7008
6869,雲豹能源,15,0,15,兆豐-三重,2024-10-16,7008
3167,大量,47,32,15,兆豐-三重,2024-10-16,7008
1519,華城,15,1,14,兆豐-三重,2024-10-16,7008
1785,光洋科,62,48,14,兆豐-三重,2024-10-16,7008
2313,華通,16,2,14,兆豐-三重,2024-10-16,7008
00713,元大台灣高息低波,13,0,13,兆豐-三重,2024-10-16,7008
00877,復華中國5G,12,0,12,兆豐-三重,2024-10-16,7008
2883,凱基金,11,0,11,兆豐-三重,2024-10-16,7008
2356,英業達,16,5,11,兆豐-三重,2024-10-16,7008
00905,FT臺灣Smart,10,0,10,兆豐-三重,2024-10-16,7008
00688L,國泰20年美債正2,10,0,10,兆豐-三重,2024-10-16,7008
2444,兆勁,10,0,10,兆豐-三重,2024-10-16,7008
2633,台灣高鐵,10,0,10,兆豐-三重,2024-10-16,7008
6164,華興,10,0,10,兆豐-三重,2024-10-16,7008
0050,元大台灣50,39,30,9,兆豐-三重,2024-10-16,7008
2498,宏達電,9,0,9,兆豐-三重,2024-10-16,7008
1307,三芳,9,0,9,兆豐-三重,2024-10-16,7008
2363,矽統,18,9,9,兆豐-三重,2024-10-16,7008
6190,萬泰科,9,0,9,兆豐-三重,2024-10-16,7008
8213,志超,10,1,9,兆豐-三重,2024-10-16,7008
2888,新光金,10,1,9,兆豐-三重,2024-10-16,7008
00915,凱基優選高股息30,9,0,9,兆豐-三重,2024-10-16,7008
3163,波若威,26,17,9,兆豐-三重,2024-10-16,7008
00881,國泰台灣5G+,8,0,8,兆豐-三重,2024-10-16,7008
00960,野村全球航運龍頭,8,0,8,兆豐-三重,2024-10-16,7008
2303,聯電,80,72,8,兆豐-三重,2024-10-16,7008
2367,燿華,11,3,8,兆豐-三重,2024-10-16,7008
4958,臻鼎-KY,10,2,8,兆豐-三重,2024-10-16,7008
00878,國泰永續高股息,7,0,7,兆豐-三重,2024-10-16,7008
00830,國泰費城半導體,7,0,7,兆豐-三重,2024-10-16,7008
2371,大同,7,0,7,兆豐-三重,2024-10-16,7008
3033,威健,17,10,7,兆豐-三重,2024-10-16,7008
3081,聯亞,8,1,7,兆豐-三重,2024-10-16,7008
3266,昇陽,7,0,7,兆豐-三重,2024-10-16,7008
1314,中石化,12,6,6,兆豐-三重,2024-10-16,7008
1540,喬福,6,0,6,兆豐-三重,2024-10-16,7008
2243,宏旭-KY,48,0,48,兆豐-三重,2024-10-17,7008
2845,遠東銀,35,0,35,兆豐-三重,2024-10-17,7008
2317,鴻海,45,18,27,兆豐-三重,2024-10-17,7008
00887,永豐中國科技50大,33,6,27,兆豐-三重,2024-10-17,7008
2330,台積電,108,86,22,兆豐-三重,2024-10-17,7008
00946,群益科技高息成長,20,0,20,兆豐-三重,2024-10-17,7008
2527,宏璟,20,0,20,兆豐-三重,2024-10-17,7008
6290,良維,21,1,20,兆豐-三重,2024-10-17,7008
4977,眾達-KY,20,1,19,兆豐-三重,2024-10-17,7008
00795B,中信美國公債20年,18,0,18,兆豐-三重,2024-10-17,7008
3710,連展投控,20,2,18,兆豐-三重,2024-10-17,7008
00679B,元大美債20年,16,0,16,兆豐-三重,2024-10-17,7008
2399,映泰,77,61,16,兆豐-三重,2024-10-17,7008
8213,志超,16,0,16,兆豐-三重,2024-10-17,7008
8240,華宏,15,0,15,兆豐-三重,2024-10-17,7008
00940,元大台灣價值高息,15,1,14,兆豐-三重,2024-10-17,7008
00922,國泰台灣領袖50,14,0,14,兆豐-三重,2024-10-17,7008
2426,鼎元,79,65,14,兆豐-三重,2024-10-17,7008
3062,建漢,28,15,13,兆豐-三重,2024-10-17,7008
2359,所羅門,14,3,11,兆豐-三重,2024-10-17,7008
3591,艾笛森,11,0,11,兆豐-三重,2024-10-17,7008
1711,永光,10,0,10,兆豐-三重,2024-10-17,7008
1721,三晃,14,4,10,兆豐-三重,2024-10-17,7008
3024,憶聲,10,0,10,兆豐-三重,2024-10-17,7008
5481,新華,30,20,10,兆豐-三重,2024-10-17,7008
5488,松普,10,0,10,兆豐-三重,2024-10-17,7008
6414,樺漢,10,0,10,兆豐-三重,2024-10-17,7008
8011,台通,10,0,10,兆豐-三重,2024-10-17,7008
2618,長榮航,11,1,10,兆豐-三重,2024-10-17,7008
2482,連宇,11,2,9,兆豐-三重,2024-10-17,7008
0050,元大台灣50,39,30,9,兆豐-三重,2024-10-17,7008
2363,矽統,10,2,8,兆豐-三重,2024-10-17,7008
1417,嘉裕,8,0,8,兆豐-三重,2024-10-17,7008
1528,恩德,10,2,8,兆豐-三重,2024-10-17,7008
2449,京元電子,16,8,8,兆豐-三重,2024-10-17,7008
3714,富采,18,10,8,兆豐-三重,2024-10-17,7008
4979,華星光,14,6,8,兆豐-三重,2024-10-17,7008
00927,群益半導體收益,14,7,7,兆豐-三重,2024-10-17,7008
3019,亞光,7,0,7,兆豐-三重,2024-10-17,7008
4909,新復興,13,6,7,兆豐-三重,2024-10-17,7008
6282,康舒,7,0,7,兆豐-三重,2024-10-17,7008
6742,澤米,7,0,7,兆豐-三重,2024-10-17,7008
1785,光洋科,19,13,6,兆豐-三重,2024-10-17,7008
2645,長榮航太,6,0,6,兆豐-三重,2024-10-17,7008
3491,昇達科,6,0,6,兆豐-三重,2024-10-17,7008
6829,千附精密,6,0,6,兆豐-三重,2024-10-17,7008
00878,國泰永續高股息,7,1,6,兆豐-三重,2024-10-17,7008
0056,元大高股息,7,2,5,兆豐-三重,2024-10-17,7008
2515,中工,5,0,5,兆豐-三重,2024-10-17,7008
3167,大量,52,47,5,兆豐-三重,2024-10-17,7008
5880,合庫金,200,0,200,兆豐-三重,2024-10-18,7008
1314,中石化,101,0,101,兆豐-三重,2024-10-18,7008
00931B,統一美債20年,80,0,80,兆豐-三重,2024-10-18,7008
00948B,中信優息投資級債,77,2,75,兆豐-三重,2024-10-18,7008
00632R,元大台灣50反1,69,0,69,兆豐-三重,2024-10-18,7008
2303,聯電,127,59,68,兆豐-三重,2024-10-18,7008
00687B,國泰20年美債,54,0,54,兆豐-三重,2024-10-18,7008
2748,雲品,77,39,38,兆豐-三重,2024-10-18,7008
2330,台積電,113,82,31,兆豐-三重,2024-10-18,7008
2883,凱基金,50,19,31,兆豐-三重,2024-10-18,7008
0050,元大台灣50,37,11,26,兆豐-三重,2024-10-18,7008
6443,元晶,25,0,25,兆豐-三重,2024-10-18,7008
00679B,元大美債20年,24,0,24,兆豐-三重,2024-10-18,7008
2313,華通,23,0,23,兆豐-三重,2024-10-18,7008
2402,毅嘉,26,3,23,兆豐-三重,2024-10-18,7008
00919,群益台灣精選高息,28,7,21,兆豐-三重,2024-10-18,7008
3673,TPK-KY,20,0,20,兆豐-三重,2024-10-18,7008
1785,光洋科,77,57,20,兆豐-三重,2024-10-18,7008
2367,燿華,19,0,19,兆豐-三重,2024-10-18,7008
2453,凌群,19,0,19,兆豐-三重,2024-10-18,7008
1528,恩德,18,0,18,兆豐-三重,2024-10-18,7008
6548,長科*,16,0,16,兆豐-三重,2024-10-18,7008
3576,聯合再生,20,5,15,兆豐-三重,2024-10-18,7008
2482,連宇,14,0,14,兆豐-三重,2024-10-18,7008
00937B,群益ESG投等債20,13,0,13,兆豐-三重,2024-10-18,7008
3008,大立光,11,0,11,兆豐-三重,2024-10-18,7008
6530,創威,19,8,11,兆豐-三重,2024-10-18,7008
2426,鼎元,14,3,11,兆豐-三重,2024-10-18,7008
2845,遠東銀,11,0,11,兆豐-三重,2024-10-18,7008
00637L,元大滬深300正2,10,0,10,兆豐-三重,2024-10-18,7008
00697B,元大美債7-10,10,0,10,兆豐-三重,2024-10-18,7008
00957B,兆豐US優選投等債,10,0,10,兆豐-三重,2024-10-18,7008
1455,集盛,15,5,10,兆豐-三重,2024-10-18,7008
2406,國碩,10,0,10,兆豐-三重,2024-10-18,7008
2867,三商壽,10,0,10,兆豐-三重,2024-10-18,7008
3011,今皓,10,0,10,兆豐-三重,2024-10-18,7008
4562,穎漢,128,118,10,兆豐-三重,2024-10-18,7008
5426,振發,10,0,10,兆豐-三重,2024-10-18,7008
6134,萬旭,10,0,10,兆豐-三重,2024-10-18,7008
3017,奇鋐,16,6,10,兆豐-三重,2024-10-18,7008
00795B,中信美國公債20年,10,0,10,兆豐-三重,2024-10-18,7008
00720B,元大投資級公司債,11,2,9,兆豐-三重,2024-10-18,7008
3149,正達,74,65,9,兆豐-三重,2024-10-18,7008
2312,金寶,16,7,9,兆豐-三重,2024-10-18,7008
9105,泰金寶-DR,9,0,9,兆豐-三重,2024-10-18,7008
3163,波若威,11,2,9,兆豐-三重,2024-10-18,7008
1540,喬福,153,145,8,兆豐-三重,2024-10-18,7008
2527,宏璟,8,0,8,兆豐-三重,2024-10-18,7008
3312,弘憶股,10,2,8,兆豐-三重,2024-10-18,7008
2888,新光金,7,0,7,兆豐-三重,2024-10-18,7008
2883,凱基金,212,20,192,兆豐-三重,2024-10-21,7008
00937B,群益ESG投等債20,56,0,56,兆豐-三重,2024-10-21,7008
2359,所羅門,65,13,52,兆豐-三重,2024-10-21,7008
00919,群益台灣精選高息,37,5,32,兆豐-三重,2024-10-21,7008
2303,聯電,73,46,27,兆豐-三重,2024-10-21,7008
2486,一詮,22,0,22,兆豐-三重,2024-10-21,7008
00905,FT臺灣Smart,21,0,21,兆豐-三重,2024-10-21,7008
00753L,中信中國50正2,20,0,20,兆豐-三重,2024-10-21,7008
006207,復華滬深,20,0,20,兆豐-三重,2024-10-21,7008
2867,三商壽,20,0,20,兆豐-三重,2024-10-21,7008
2886,兆豐金,20,0,20,兆豐-三重,2024-10-21,7008
00679B,元大美債20年,19,0,19,兆豐-三重,2024-10-21,7008
2501,國建,16,0,16,兆豐-三重,2024-10-21,7008
2243,宏旭-KY,15,0,15,兆豐-三重,2024-10-21,7008
00720B,元大投資級公司債,14,0,14,兆豐-三重,2024-10-21,7008
3689,湧德,15,2,13,兆豐-三重,2024-10-21,7008
1314,中石化,13,0,13,兆豐-三重,2024-10-21,7008
00948B,中信優息投資級債,12,0,12,兆豐-三重,2024-10-21,7008
8096,擎亞,12,0,12,兆豐-三重,2024-10-21,7008
00881,國泰台灣5G+,12,1,11,兆豐-三重,2024-10-21,7008
2002,中鋼,11,1,10,兆豐-三重,2024-10-21,7008
00918,大華優利高填息30,10,0,10,兆豐-三重,2024-10-21,7008
2537,聯上發,10,0,10,兆豐-三重,2024-10-21,7008
3094,聯傑,10,0,10,兆豐-三重,2024-10-21,7008
4526,東台,10,0,10,兆豐-三重,2024-10-21,7008
8070,長華*,12,2,10,兆豐-三重,2024-10-21,7008
2495,普安,10,1,9,兆豐-三重,2024-10-21,7008
2891,中信金,9,0,9,兆豐-三重,2024-10-21,7008
3047,訊舟,14,5,9,兆豐-三重,2024-10-21,7008
2882,國泰金,9,0,9,兆豐-三重,2024-10-21,7008
2367,燿華,20,12,8,兆豐-三重,2024-10-21,7008
2618,長榮航,13,5,8,兆豐-三重,2024-10-21,7008
4956,光鋐,8,0,8,兆豐-三重,2024-10-21,7008
00878,國泰永續高股息,7,0,7,兆豐-三重,2024-10-21,7008
00857B,永豐20年美公債,7,0,7,兆豐-三重,2024-10-21,7008
00887,永豐中國科技50大,12,5,7,兆豐-三重,2024-10-21,7008
00696B,富邦美債20年,6,0,6,兆豐-三重,2024-10-21,7008
00713,元大台灣高息低波,6,0,6,兆豐-三重,2024-10-21,7008
00941,中信上游半導體,6,0,6,兆豐-三重,2024-10-21,7008
00950B,凱基A級公司債,5,0,5,兆豐-三重,2024-10-21,7008
1303,南亞,5,0,5,兆豐-三重,2024-10-21,7008
1815,富喬,8,3,5,兆豐-三重,2024-10-21,7008
2892,第一金,5,0,5,兆豐-三重,2024-10-21,7008
3376,新日興,5,0,5,兆豐-三重,2024-10-21,7008
5481,新華,5,0,5,兆豐-三重,2024-10-21,7008
2371,大同,6,2,4,兆豐-三重,2024-10-21,7008
2467,志聖,4,0,4,兆豐-三重,2024-10-21,7008
2498,宏達電,4,0,4,兆豐-三重,2024-10-21,7008
3209,全科,4,0,4,兆豐-三重,2024-10-21,7008
2330,台積電,52,48,4,兆豐-三重,2024-10-21,7008
00919,群益台灣精選高息,145,0,145,兆豐-三重,2024-10-22,7008
00959B,大華投等美債15Y+,102,0,102,兆豐-三重,2024-10-22,7008
00679B,元大美債20年,55,0,55,兆豐-三重,2024-10-22,7008
6609,瀧澤科,58,4,54,兆豐-三重,2024-10-22,7008
00687B,國泰20年美債,53,5,48,兆豐-三重,2024-10-22,7008
00795B,中信美國公債20年,40,0,40,兆豐-三重,2024-10-22,7008
2317,鴻海,143,109,34,兆豐-三重,2024-10-22,7008
2887,台新金,141,110,31,兆豐-三重,2024-10-22,7008
00715L,期街口布蘭特正2,30,0,30,兆豐-三重,2024-10-22,7008
00948B,中信優息投資級債,27,0,27,兆豐-三重,2024-10-22,7008
3047,訊舟,27,0,27,兆豐-三重,2024-10-22,7008
2884,玉山金,16,0,16,兆豐-三重,2024-10-22,7008
00720B,元大投資級公司債,17,2,15,兆豐-三重,2024-10-22,7008
00922,國泰台灣領袖50,15,0,15,兆豐-三重,2024-10-22,7008
1711,永光,15,0,15,兆豐-三重,2024-10-22,7008
9945,潤泰新,15,0,15,兆豐-三重,2024-10-22,7008
1595,川寶,21,8,13,兆豐-三重,2024-10-22,7008
2883,凱基金,13,0,13,兆豐-三重,2024-10-22,7008
3011,今皓,12,0,12,兆豐-三重,2024-10-22,7008
3257,虹冠電,12,0,12,兆豐-三重,2024-10-22,7008
2501,國建,11,0,11,兆豐-三重,2024-10-22,7008
2363,矽統,14,3,11,兆豐-三重,2024-10-22,7008
6285,啟��,20,10,10,兆豐-三重,2024-10-22,7008
00688L,國泰20年美債正2,10,0,10,兆豐-三重,2024-10-22,7008
2809,京城銀,10,0,10,兆豐-三重,2024-10-22,7008
3062,建漢,12,2,10,兆豐-三重,2024-10-22,7008
5222,全訊,10,0,10,兆豐-三重,2024-10-22,7008
5483,中美晶,10,0,10,兆豐-三重,2024-10-22,7008
8111,立��,32,22,10,兆豐-三重,2024-10-22,7008
00950B,凱基A級公司債,9,0,9,兆豐-三重,2024-10-22,7008
2362,藍天,9,0,9,兆豐-三重,2024-10-22,7008
2748,雲品,141,132,9,兆豐-三重,2024-10-22,7008
3356,奇偶,10,1,9,兆豐-三重,2024-10-22,7008
6134,萬旭,9,0,9,兆豐-三重,2024-10-22,7008
2354,鴻準,10,2,8,兆豐-三重,2024-10-22,7008
6658,聯策,18,10,8,兆豐-三重,2024-10-22,7008
2330,台積電,82,74,8,兆豐-三重,2024-10-22,7008
00891,中信關鍵半導體,7,0,7,兆豐-三重,2024-10-22,7008
00887,永豐中國科技50大,7,0,7,兆豐-三重,2024-10-22,7008
00942B,台新美A公司債20+,7,0,7,兆豐-三重,2024-10-22,7008
1776,展宇,7,0,7,兆豐-三重,2024-10-22,7008
6279,胡連,7,0,7,兆豐-三重,2024-10-22,7008
4908,前鼎,12,6,6,兆豐-三重,2024-10-22,7008
1536,和大,6,0,6,兆豐-三重,2024-10-22,7008
1537,廣隆,6,0,6,兆豐-三重,2024-10-22,7008
2327,國巨,6,0,6,兆豐-三重,2024-10-22,7008
3266,昇陽,6,0,6,兆豐-三重,2024-10-22,7008
3689,湧德,6,0,6,兆豐-三重,2024-10-22,7008
00664R,國泰臺灣加權反1,5,0,5,兆豐-三重,2024-10-22,7008
00712,復華富時不動產,10,5,5,兆豐-三重,2024-10-22,7008
1314,中石化,210,10,200,兆豐-三重,2024-10-23,7008
00919,群益台灣精選高息,62,0,62,兆豐-三重,2024-10-23,7008
00688L,國泰20年美債正2,50,0,50,兆豐-三重,2024-10-23,7008
00687B,國泰20年美債,44,0,44,兆豐-三重,2024-10-23,7008
2886,兆豐金,44,2,42,兆豐-三重,2024-10-23,7008
00680L,元大美債20正2,38,0,38,兆豐-三重,2024-10-23,7008
2884,玉山金,35,0,35,兆豐-三重,2024-10-23,7008
00937B,群益ESG投等債20,34,0,34,兆豐-三重,2024-10-23,7008
2369,菱生,37,3,34,兆豐-三重,2024-10-23,7008
00929,復華台灣科技優息,33,0,33,兆豐-三重,2024-10-23,7008
2501,國建,30,0,30,兆豐-三重,2024-10-23,7008
2887,台新金,140,110,30,兆豐-三重,2024-10-23,7008
2883,凱基金,30,1,29,兆豐-三重,2024-10-23,7008
3481,群創,35,11,24,兆豐-三重,2024-10-23,7008
2356,英業達,21,0,21,兆豐-三重,2024-10-23,7008
2062,橋椿,21,0,21,兆豐-三重,2024-10-23,7008
4711,永純,20,0,20,兆豐-三重,2024-10-23,7008
8213,志超,20,0,20,兆豐-三重,2024-10-23,7008
00878,國泰永續高股息,22,3,19,兆豐-三重,2024-10-23,7008
00712,復華富時不動產,19,0,19,兆豐-三重,2024-10-23,7008
6213,聯茂,26,7,19,兆豐-三重,2024-10-23,7008
2303,聯電,59,41,18,兆豐-三重,2024-10-23,7008
9945,潤泰新,18,0,18,兆豐-三重,2024-10-23,7008
00679B,元大美債20年,20,3,17,兆豐-三重,2024-10-23,7008
3011,今皓,12,0,12,兆豐-三重,2024-10-23,7008
6282,康舒,12,0,12,兆豐-三重,2024-10-23,7008
00922,國泰台灣領袖50,12,0,12,兆豐-三重,2024-10-23,7008
2455,全新,12,1,11,兆豐-三重,2024-10-23,7008
00857B,永豐20年美公債,10,0,10,兆豐-三重,2024-10-23,7008
2357,華碩,10,0,10,兆豐-三重,2024-10-23,7008
2615,萬海,10,0,10,兆豐-三重,2024-10-23,7008
3535,晶彩科,14,5,9,兆豐-三重,2024-10-23,7008
2486,一詮,24,16,8,兆豐-三重,2024-10-23,7008
6005,群益證,8,0,8,兆豐-三重,2024-10-23,7008
6198,瑞築,8,0,8,兆豐-三重,2024-10-23,7008
2201,裕隆,52,45,7,兆豐-三重,2024-10-23,7008
2542,興富發,7,0,7,兆豐-三重,2024-10-23,7008
3051,力特,11,4,7,兆豐-三重,2024-10-23,7008
00655L,國泰中國A50正2,6,0,6,兆豐-三重,2024-10-23,7008
1717,長興,6,0,6,兆豐-三重,2024-10-23,7008
2317,鴻海,47,41,6,兆豐-三重,2024-10-23,7008
2426,鼎元,15,9,6,兆豐-三重,2024-10-23,7008
2618,長榮航,11,5,6,兆豐-三重,2024-10-23,7008
4526,東台,6,0,6,兆豐-三重,2024-10-23,7008
6770,力積電,54,48,6,兆豐-三重,2024-10-23,7008
3036,文曄,5,0,5,兆豐-三重,2024-10-23,7008
6405,悅城,11,6,5,兆豐-三重,2024-10-23,7008
00950B,凱基A級公司債,5,0,5,兆豐-三重,2024-10-23,7008
00637L,元大滬深300正2,8,3,5,兆豐-三重,2024-10-23,7008
2313,華通,6,1,5,兆豐-三重,2024-10-23,7008
00953B,群益優選非投等債,150,0,150,兆豐-三重,2024-10-24,7008
2816,旺旺保,50,0,50,兆豐-三重,2024-10-24,7008
00680L,元大美債20正2,50,2,48,兆豐-三重,2024-10-24,7008
00919,群益台灣精選高息,43,0,43,兆豐-三重,2024-10-24,7008
00632R,元大台灣50反1,38,0,38,兆豐-三重,2024-10-24,7008
00687B,國泰20年美債,37,0,37,兆豐-三重,2024-10-24,7008
00929,復華台灣科技優息,34,0,34,兆豐-三重,2024-10-24,7008
2887,台新金,252,220,32,兆豐-三重,2024-10-24,7008
1528,恩德,64,35,29,兆豐-三重,2024-10-24,7008
2356,英業達,30,5,25,兆豐-三重,2024-10-24,7008
8064,東捷,35,13,22,兆豐-三重,2024-10-24,7008
2489,瑞軒,24,4,20,兆豐-三重,2024-10-24,7008
00923,群益台ESG低碳50,20,0,20,兆豐-三重,2024-10-24,7008
2834,臺企銀,20,0,20,兆豐-三重,2024-10-24,7008
8240,華宏,20,0,20,兆豐-三重,2024-10-24,7008
8076,伍豐,19,0,19,兆豐-三重,2024-10-24,7008
3037,欣興,17,0,17,兆豐-三重,2024-10-24,7008
4763,材料-KY,16,0,16,兆豐-三重,2024-10-24,7008
3167,大量,18,2,16,兆豐-三重,2024-10-24,7008
1815,富喬,19,3,16,兆豐-三重,2024-10-24,7008
2501,國建,16,0,16,兆豐-三重,2024-10-24,7008
2748,雲品,96,80,16,兆豐-三重,2024-10-24,7008
0056,元大高股息,15,0,15,兆豐-三重,2024-10-24,7008
00934,中信成長高股息,12,0,12,兆豐-三重,2024-10-24,7008
2609,陽明,20,8,12,兆豐-三重,2024-10-24,7008
2884,玉山金,12,0,12,兆豐-三重,2024-10-24,7008
3689,湧德,12,0,12,兆豐-三重,2024-10-24,7008
4533,協易機,17,6,11,兆豐-三重,2024-10-24,7008
8147,正淩,11,0,11,兆豐-三重,2024-10-24,7008
2330,台積電,95,85,10,兆豐-三重,2024-10-24,7008
6530,創威,12,2,10,兆豐-三重,2024-10-24,7008
9933,中鼎,10,0,10,兆豐-三重,2024-10-24,7008
3017,奇鋐,16,6,10,兆豐-三重,2024-10-24,7008
2062,橋椿,9,0,9,兆豐-三重,2024-10-24,7008
2371,大同,10,1,9,兆豐-三重,2024-10-24,7008
3231,緯創,10,1,9,兆豐-三重,2024-10-24,7008
6451,訊芯-KY,9,0,9,兆豐-三重,2024-10-24,7008
2399,映泰,21,13,8,兆豐-三重,2024-10-24,7008
2455,全新,10,2,8,兆豐-三重,2024-10-24,7008
3605,宏致,8,0,8,兆豐-三重,2024-10-24,7008
2312,金寶,7,0,7,兆豐-三重,2024-10-24,7008
2464,盟立,7,0,7,兆豐-三重,2024-10-24,7008
3481,群創,8,1,7,兆豐-三重,2024-10-24,7008
3661,世芯-KY,7,0,7,兆豐-三重,2024-10-24,7008
3707,漢磊,7,0,7,兆豐-三重,2024-10-24,7008
5234,達興材料,43,36,7,兆豐-三重,2024-10-24,7008
00795B,中信美國公債20年,6,0,6,兆豐-三重,2024-10-24,7008
1321,大洋,6,0,6,兆豐-三重,2024-10-24,7008
2009,第一銅,6,0,6,兆豐-三重,2024-10-24,7008
3062,建漢,8,2,6,兆豐-三重,2024-10-24,7008
2646,星宇航空,309,40,269,兆豐-三重,2024-10-25,7008
00959B,大華投等美債15Y+,120,0,120,兆豐-三重,2024-10-25,7008
00671R,富邦NASDAQ反1,100,0,100,兆豐-三重,2024-10-25,7008
00680L,元大美債20正2,100,0,100,兆豐-三重,2024-10-25,7008
00933B,國泰10Y+金融債,51,0,51,兆豐-三重,2024-10-25,7008
2303,聯電,98,52,46,兆豐-三重,2024-10-25,7008
3390,旭軟,46,0,46,兆豐-三重,2024-10-25,7008
00679B,元大美債20年,35,1,34,兆豐-三重,2024-10-25,7008
2845,遠東銀,32,0,32,兆豐-三重,2024-10-25,7008
00688L,國泰20年美債正2,31,0,31,兆豐-三重,2024-10-25,7008
2816,旺旺保,30,0,30,兆豐-三重,2024-10-25,7008
3290,東浦,40,10,30,兆豐-三重,2024-10-25,7008
2495,普安,43,18,25,兆豐-三重,2024-10-25,7008
00919,群益台灣精選高息,20,0,20,兆豐-三重,2024-10-25,7008
5880,合庫金,20,0,20,兆豐-三重,2024-10-25,7008
2317,鴻海,38,21,17,兆豐-三重,2024-10-25,7008
2351,順德,85,70,15,兆豐-三重,2024-10-25,7008
2883,凱基金,15,0,15,兆豐-三重,2024-10-25,7008
00712,復華富時不動產,14,0,14,兆豐-三重,2024-10-25,7008
8064,東捷,14,0,14,兆豐-三重,2024-10-25,7008
00687B,國泰20年美債,27,13,14,兆豐-三重,2024-10-25,7008
6142,友勁,13,0,13,兆豐-三重,2024-10-25,7008
2344,華邦電,14,2,12,兆豐-三重,2024-10-25,7008
00713,元大台灣高息低波,11,0,11,兆豐-三重,2024-10-25,7008
2329,華泰,15,5,10,兆豐-三重,2024-10-25,7008
00753L,中信中國50正2,10,0,10,兆豐-三重,2024-10-25,7008
1528,恩德,10,0,10,兆豐-三重,2024-10-25,7008
6548,長科*,10,0,10,兆豐-三重,2024-10-25,7008
3167,大量,21,12,9,兆豐-三重,2024-10-25,7008
2426,鼎元,17,9,8,兆豐-三重,2024-10-25,7008
2313,華通,9,2,7,兆豐-三重,2024-10-25,7008
1785,光洋科,27,20,7,兆豐-三重,2024-10-25,7008
00943,兆豐電子高息等權,6,0,6,兆豐-三重,2024-10-25,7008
2482,連宇,10,4,6,兆豐-三重,2024-10-25,7008
3535,晶彩科,6,0,6,兆豐-三重,2024-10-25,7008
6111,大宇資,6,0,6,兆豐-三重,2024-10-25,7008
6266,泰詠,6,0,6,兆豐-三重,2024-10-25,7008
6770,力積電,6,0,6,兆豐-三重,2024-10-25,7008
8105,凌巨,6,0,6,兆豐-三重,2024-10-25,7008
8234,新漢,6,0,6,兆豐-三重,2024-10-25,7008
5371,中光電,6,0,6,兆豐-三重,2024-10-25,7008
1442,名軒,5,0,5,兆豐-三重,2024-10-25,7008
1536,和大,7,2,5,兆豐-三重,2024-10-25,7008
2359,所羅門,5,0,5,兆豐-三重,2024-10-25,7008
2601,益航,5,0,5,兆豐-三重,2024-10-25,7008
5243,乙盛-KY,5,0,5,兆豐-三重,2024-10-25,7008
6143,振曜,5,0,5,兆豐-三重,2024-10-25,7008
6684,安格,5,0,5,兆豐-三重,2024-10-25,7008
2891,中信金,5,0,5,兆豐-三重,2024-10-25,7008
5871,中租-KY,4,0,4,兆豐-三重,2024-10-25,7008
1409,新纖,100,0,100,兆豐-三重,2024-10-28,7008
00632R,元大台灣50反1,41,0,41,兆豐-三重,2024-10-28,7008
00919,群益台灣精選高息,39,0,39,兆豐-三重,2024-10-28,7008
2489,瑞軒,33,1,32,兆豐-三重,2024-10-28,7008
6208,日揚,153,121,32,兆豐-三重,2024-10-28,7008
2356,英業達,35,5,30,兆豐-三重,2024-10-28,7008
9945,潤泰新,25,0,25,兆豐-三重,2024-10-28,7008
2453,凌群,22,0,22,兆豐-三重,2024-10-28,7008
6770,力積電,22,0,22,兆豐-三重,2024-10-28,7008
00795B,中信美國公債20年,21,0,21,兆豐-三重,2024-10-28,7008
3231,緯創,19,0,19,兆豐-三重,2024-10-28,7008
00929,復華台灣科技優息,23,5,18,兆豐-三重,2024-10-28,7008
00751B,元大AAA至A公司債,17,0,17,兆豐-三重,2024-10-28,7008
2883,凱基金,17,0,17,兆豐-三重,2024-10-28,7008
2615,萬海,19,4,15,兆豐-三重,2024-10-28,7008
00679B,元大美債20年,15,3,12,兆豐-三重,2024-10-28,7008
00937B,群益ESG投等債20,12,0,12,兆豐-三重,2024-10-28,7008
2243,宏旭-KY,12,0,12,兆豐-三重,2024-10-28,7008
6143,振曜,11,0,11,兆豐-三重,2024-10-28,7008
6530,創威,12,1,11,兆豐-三重,2024-10-28,7008
00878,國泰永續高股息,21,10,11,兆豐-三重,2024-10-28,7008
2382,廣達,13,3,10,兆豐-三重,2024-10-28,7008
8064,東捷,10,0,10,兆豐-三重,2024-10-28,7008
6425,易發,10,0,10,兆豐-三重,2024-10-28,7008
00642U,期元大S＆P石油,10,0,10,兆豐-三重,2024-10-28,7008
00950B,凱基A級公司債,10,0,10,兆豐-三重,2024-10-28,7008
3540,曜越,50,40,10,兆豐-三重,2024-10-28,7008
6283,淳安,10,0,10,兆豐-三重,2024-10-28,7008
6706,惠特,34,24,10,兆豐-三重,2024-10-28,7008
1449,佳和,12,3,9,兆豐-三重,2024-10-28,7008
2103,台橡,10,1,9,兆豐-三重,2024-10-28,7008
2891,中信金,9,0,9,兆豐-三重,2024-10-28,7008
0056,元大高股息,7,0,7,兆豐-三重,2024-10-28,7008
1709,和益,7,0,7,兆豐-三重,2024-10-28,7008
2890,永豐金,7,0,7,兆豐-三重,2024-10-28,7008
3257,虹冠電,8,1,7,兆豐-三重,2024-10-28,7008
2610,華航,12,6,6,兆豐-三重,2024-10-28,7008
00712,復華富時不動產,6,0,6,兆豐-三重,2024-10-28,7008
00946,群益科技高息成長,6,0,6,兆豐-三重,2024-10-28,7008
1605,華新,6,0,6,兆豐-三重,2024-10-28,7008
2363,矽統,6,0,6,兆豐-三重,2024-10-28,7008
2426,鼎元,37,31,6,兆豐-三重,2024-10-28,7008
3673,TPK-KY,6,0,6,兆豐-三重,2024-10-28,7008
00922,國泰台灣領袖50,6,0,6,兆豐-三重,2024-10-28,7008
2105,正新,5,0,5,兆豐-三重,2024-10-28,7008
00893,國泰智能電動車,5,0,5,兆豐-三重,2024-10-28,7008
00655L,國泰中國A50正2,5,0,5,兆豐-三重,2024-10-28,7008
1536,和大,13,8,5,兆豐-三重,2024-10-28,7008
1582,信錦,5,0,5,兆豐-三重,2024-10-28,7008
2429,銘旺科,5,0,5,兆豐-三重,2024-10-28,7008
1314,中石化,810,0,810,兆豐-三重,2024-10-29,7008
2515,中工,200,0,200,兆豐-三重,2024-10-29,7008
00919,群益台灣精選高息,94,0,94,兆豐-三重,2024-10-29,7008
00642U,期元大S＆P石油,62,0,62,兆豐-三重,2024-10-29,7008
2883,凱基金,62,0,62,兆豐-三重,2024-10-29,7008
1449,佳和,65,6,59,兆豐-三重,2024-10-29,7008
00715L,期街口布蘭特正2,37,0,37,兆豐-三重,2024-10-29,7008
2453,凌群,28,0,28,兆豐-三重,2024-10-29,7008
3715,定穎投控,31,3,28,兆豐-三重,2024-10-29,7008
00878,國泰永續高股息,26,0,26,兆豐-三重,2024-10-29,7008
00929,復華台灣科技優息,23,0,23,兆豐-三重,2024-10-29,7008
2646,星宇航空,22,0,22,兆豐-三重,2024-10-29,7008
3673,TPK-KY,21,0,21,兆豐-三重,2024-10-29,7008
6414,樺漢,31,10,21,兆豐-三重,2024-10-29,7008
00946,群益科技高息成長,20,0,20,兆豐-三重,2024-10-29,7008
00881,國泰台灣5G+,18,1,17,兆豐-三重,2024-10-29,7008
2615,萬海,46,30,16,兆豐-三重,2024-10-29,7008
00940,元大台灣價值高息,16,0,16,兆豐-三重,2024-10-29,7008
0056,元大高股息,15,0,15,兆豐-三重,2024-10-29,7008
6830,汎銓,15,1,14,兆豐-三重,2024-10-29,7008
00922,國泰台灣領袖50,13,0,13,兆豐-三重,2024-10-29,7008
2344,華邦電,14,1,13,兆豐-三重,2024-10-29,7008
2845,遠東銀,13,0,13,兆豐-三重,2024-10-29,7008
2887,台新金,14,1,13,兆豐-三重,2024-10-29,7008
6156,松上,13,0,13,兆豐-三重,2024-10-29,7008
00943,兆豐電子高息等權,11,0,11,兆豐-三重,2024-10-29,7008
3167,大量,21,10,11,兆豐-三重,2024-10-29,7008
1460,宏遠,10,0,10,兆豐-三重,2024-10-29,7008
3296,勝德,10,0,10,兆豐-三重,2024-10-29,7008
6016,康和證,10,0,10,兆豐-三重,2024-10-29,7008
9933,中鼎,10,0,10,兆豐-三重,2024-10-29,7008
00712,復華富時不動產,13,4,9,兆豐-三重,2024-10-29,7008
2354,鴻準,39,30,9,兆豐-三重,2024-10-29,7008
2409,友達,12,3,9,兆豐-三重,2024-10-29,7008
3037,欣興,10,1,9,兆豐-三重,2024-10-29,7008
2330,台積電,85,77,8,兆豐-三重,2024-10-29,7008
0050,元大台灣50,8,0,8,兆豐-三重,2024-10-29,7008
2482,連宇,8,0,8,兆豐-三重,2024-10-29,7008
6177,達麗,8,0,8,兆豐-三重,2024-10-29,7008
00713,元大台灣高息低波,7,0,7,兆豐-三重,2024-10-29,7008
2399,映泰,15,8,7,兆豐-三重,2024-10-29,7008
2501,國建,7,0,7,兆豐-三重,2024-10-29,7008
8011,台通,7,0,7,兆豐-三重,2024-10-29,7008
2303,聯電,135,129,6,兆豐-三重,2024-10-29,7008
9904,寶成,6,0,6,兆豐-三重,2024-10-29,7008
006208,富邦台50,6,0,6,兆豐-三重,2024-10-29,7008
00850,元大臺灣ESG永續,6,0,6,兆豐-三重,2024-10-29,7008
006206,元大上證50,5,0,5,兆豐-三重,2024-10-29,7008
00905,FT臺灣Smart,5,0,5,兆豐-三重,2024-10-29,7008
1522,堤維西,5,0,5,兆豐-三重,2024-10-29,7008
1584,精剛,80,0,80,兆豐-三重,2024-10-30,7008
4707,磐亞,74,0,74,兆豐-三重,2024-10-30,7008
2317,鴻海,88,55,33,兆豐-三重,2024-10-30,7008
00679B,元大美債20年,31,0,31,兆豐-三重,2024-10-30,7008
3035,智原,93,63,30,兆豐-三重,2024-10-30,7008
2489,瑞軒,30,0,30,兆豐-三重,2024-10-30,7008
2331,精英,30,0,30,兆豐-三重,2024-10-30,7008
4167,松瑞藥,30,0,30,兆豐-三重,2024-10-30,7008
1528,恩德,30,4,26,兆豐-三重,2024-10-30,7008
2399,映泰,27,4,23,兆豐-三重,2024-10-30,7008
5202,力新,21,0,21,兆豐-三重,2024-10-30,7008
00642U,期元大S＆P石油,20,0,20,兆豐-三重,2024-10-30,7008
2303,聯電,85,67,18,兆豐-三重,2024-10-30,7008
00687B,國泰20年美債,20,6,14,兆豐-三重,2024-10-30,7008
00919,群益台灣精選高息,14,0,14,兆豐-三重,2024-10-30,7008
3481,群創,15,3,12,兆豐-三重,2024-10-30,7008
3710,連展投控,12,0,12,兆豐-三重,2024-10-30,7008
0056,元大高股息,11,0,11,兆豐-三重,2024-10-30,7008
00882,中信中國高股息,10,0,10,兆豐-三重,2024-10-30,7008
1304,台聚,10,0,10,兆豐-三重,2024-10-30,7008
6202,盛群,10,0,10,兆豐-三重,2024-10-30,7008
00922,國泰台灣領袖50,9,0,9,兆豐-三重,2024-10-30,7008
006206,元大上證50,9,0,9,兆豐-三重,2024-10-30,7008
2425,承啟,9,0,9,兆豐-三重,2024-10-30,7008
2887,台新金,69,60,9,兆豐-三重,2024-10-30,7008
6156,松上,9,0,9,兆豐-三重,2024-10-30,7008
6451,訊芯-KY,8,0,8,兆豐-三重,2024-10-30,7008
3450,聯鈞,9,1,8,兆豐-三重,2024-10-30,7008
2313,華通,8,0,8,兆豐-三重,2024-10-30,7008
2412,中華電,8,0,8,兆豐-三重,2024-10-30,7008
2453,凌群,8,0,8,兆豐-三重,2024-10-30,7008
2482,連宇,8,0,8,兆豐-三重,2024-10-30,7008
3062,建漢,36,28,8,兆豐-三重,2024-10-30,7008
8374,羅昇,8,1,7,兆豐-三重,2024-10-30,7008
3037,欣興,15,9,6,兆豐-三重,2024-10-30,7008
00655L,國泰中國A50正2,10,4,6,兆豐-三重,2024-10-30,7008
00712,復華富時不動產,6,0,6,兆豐-三重,2024-10-30,7008
1449,佳和,31,25,6,兆豐-三重,2024-10-30,7008
2337,旺宏,6,0,6,兆豐-三重,2024-10-30,7008
2344,華邦電,7,1,6,兆豐-三重,2024-10-30,7008
2353,宏��,6,0,6,兆豐-三重,2024-10-30,7008
2388,威盛,15,9,6,兆豐-三重,2024-10-30,7008
2601,益航,6,0,6,兆豐-三重,2024-10-30,7008
00937B,群益ESG投等債20,6,0,6,兆豐-三重,2024-10-30,7008
00887,永豐中國科技50大,5,0,5,兆豐-三重,2024-10-30,7008
2542,興富發,5,0,5,兆豐-三重,2024-10-30,7008
2615,萬海,7,2,5,兆豐-三重,2024-10-30,7008
3033,威健,5,0,5,兆豐-三重,2024-10-30,7008
3520,華盈,5,0,5,兆豐-三重,2024-10-30,7008
4513,福裕,5,0,5,兆豐-三重,2024-10-30,7008
2303,聯電,186,67,119,兆豐-三重,2024-11-01,7008
4707,磐亞,70,0,70,兆豐-三重,2024-11-01,7008
2317,鴻海,107,40,67,兆豐-三重,2024-11-01,7008
00919,群益台灣精選高息,59,0,59,兆豐-三重,2024-11-01,7008
2834,臺企銀,50,0,50,兆豐-三重,2024-11-01,7008
00757,統一FANG+,40,0,40,兆豐-三重,2024-11-01,7008
00929,復華台灣科技優息,32,0,32,兆豐-三重,2024-11-01,7008
2886,兆豐金,30,0,30,兆豐-三重,2024-11-01,7008
4974,亞泰,65,37,28,兆豐-三重,2024-11-01,7008
00933B,國泰10Y+金融債,26,0,26,兆豐-三重,2024-11-01,7008
00887,永豐中國科技50大,20,0,20,兆豐-三重,2024-11-01,7008
00712,復華富時不動產,15,0,15,兆豐-三重,2024-11-01,7008
1614,三洋電,15,0,15,兆豐-三重,2024-11-01,7008
2884,玉山金,16,1,15,兆豐-三重,2024-11-01,7008
00878,國泰永續高股息,15,0,15,兆豐-三重,2024-11-01,7008
4303,信立,18,4,14,兆豐-三重,2024-11-01,7008
0056,元大高股息,14,0,14,兆豐-三重,2024-11-01,7008
2497,怡利電,12,0,12,兆豐-三重,2024-11-01,7008
2887,台新金,12,0,12,兆豐-三重,2024-11-01,7008
00927,群益半導體收益,11,0,11,兆豐-三重,2024-11-01,7008
2409,友達,15,4,11,兆豐-三重,2024-11-01,7008
3710,連展投控,11,0,11,兆豐-三重,2024-11-01,7008
00753L,中信中國50正2,10,0,10,兆豐-三重,2024-11-01,7008
00950B,凱基A級公司債,10,0,10,兆豐-三重,2024-11-01,7008
00957B,兆豐US優選投等債,10,0,10,兆豐-三重,2024-11-01,7008
2537,聯上發,10,0,10,兆豐-三重,2024-11-01,7008
6142,友勁,10,0,10,兆豐-三重,2024-11-01,7008
00713,元大台灣高息低波,10,1,9,兆豐-三重,2024-11-01,7008
00679B,元大美債20年,11,2,9,兆豐-三重,2024-11-01,7008
3033,威健,9,0,9,兆豐-三重,2024-11-01,7008
3266,昇陽,9,0,9,兆豐-三重,2024-11-01,7008
3481,群創,13,4,9,兆豐-三重,2024-11-01,7008
6248,沛波,10,1,9,兆豐-三重,2024-11-01,7008
2891,中信金,10,2,8,兆豐-三重,2024-11-01,7008
00670L,富邦NASDAQ正2,7,0,7,兆豐-三重,2024-11-01,7008
0050,元大台灣50,8,1,7,兆豐-三重,2024-11-01,7008
2354,鴻準,185,178,7,兆豐-三重,2024-11-01,7008
8064,東捷,6,0,6,兆豐-三重,2024-11-01,7008
1325,恆大,6,0,6,兆豐-三重,2024-11-01,7008
6198,瑞築,6,0,6,兆豐-三重,2024-11-01,7008
8906,花王,6,0,6,兆豐-三重,2024-11-01,7008
6271,同欣電,10,5,5,兆豐-三重,2024-11-01,7008
00719B,元大美債1-3,5,0,5,兆豐-三重,2024-11-01,7008
00697B,元大美債7-10,5,0,5,兆豐-三重,2024-11-01,7008
00852L,國泰美國道瓊正2,5,0,5,兆豐-三重,2024-11-01,7008
2337,旺宏,5,0,5,兆豐-三重,2024-11-01,7008
2431,聯昌,5,0,5,兆豐-三重,2024-11-01,7008
2444,兆勁,5,0,5,兆豐-三重,2024-11-01,7008
3062,建漢,13,8,5,兆豐-三重,2024-11-01,7008
8044,網家,8,3,5,兆豐-三重,2024-11-01,7008
2329,華泰,234,35,199,兆豐-三重,2024-11-04,7008
00687B,國泰20年美債,34,0,34,兆豐-三重,2024-11-04,7008
00712,復華富時不動產,30,0,30,兆豐-三重,2024-11-04,7008
00957B,兆豐US優選投等債,30,0,30,兆豐-三重,2024-11-04,7008
1584,精剛,30,0,30,兆豐-三重,2024-11-04,7008
2615,萬海,98,69,29,兆豐-三重,2024-11-04,7008
00937B,群益ESG投等債20,18,0,18,兆豐-三重,2024-11-04,7008
2609,陽明,29,12,17,兆豐-三重,2024-11-04,7008
2883,凱基金,20,3,17,兆豐-三重,2024-11-04,7008
1595,川寶,14,0,14,兆豐-三重,2024-11-04,7008
6533,晶心科,13,0,13,兆豐-三重,2024-11-04,7008
2409,友達,18,5,13,兆豐-三重,2024-11-04,7008
2613,中櫃,18,6,12,兆豐-三重,2024-11-04,7008
0056,元大高股息,12,0,12,兆豐-三重,2024-11-04,7008
00948B,中信優息投資級債,11,0,11,兆豐-三重,2024-11-04,7008
00740B,富邦全球投等債,11,0,11,兆豐-三重,2024-11-04,7008
00761B,國泰A級公司債,10,0,10,兆豐-三重,2024-11-04,7008
00792B,群益A級公司債,10,0,10,兆豐-三重,2024-11-04,7008
00842B,台新美元銀行債,10,0,10,兆豐-三重,2024-11-04,7008
00862B,中信投資級公司債,10,0,10,兆豐-三重,2024-11-04,7008
00950B,凱基A級公司債,10,0,10,兆豐-三重,2024-11-04,7008
1711,永光,20,10,10,兆豐-三重,2024-11-04,7008
6177,達麗,10,0,10,兆豐-三重,2024-11-04,7008
00878,國泰永續高股息,10,0,10,兆豐-三重,2024-11-04,7008
1560,中砂,9,0,9,兆豐-三重,2024-11-04,7008
00929,復華台灣科技優息,19,10,9,兆豐-三重,2024-11-04,7008
2009,第一銅,8,0,8,兆豐-三重,2024-11-04,7008
2453,凌群,8,0,8,兆豐-三重,2024-11-04,7008
3266,昇陽,8,0,8,兆豐-三重,2024-11-04,7008
2611,志信,7,0,7,兆豐-三重,2024-11-04,7008
00936,台新永續高息中小,6,0,6,兆豐-三重,2024-11-04,7008
00795B,中信美國公債20年,6,0,6,兆豐-三重,2024-11-04,7008
2646,星宇航空,12,6,6,兆豐-三重,2024-11-04,7008
3217,優群,8,2,6,兆豐-三重,2024-11-04,7008
3673,TPK-KY,12,6,6,兆豐-三重,2024-11-04,7008
4968,立積,6,0,6,兆豐-三重,2024-11-04,7008
6548,長科*,6,0,6,兆豐-三重,2024-11-04,7008
00756B,群益投等新興公債,5,0,5,兆豐-三重,2024-11-04,7008
1522,堤維西,5,0,5,兆豐-三重,2024-11-04,7008
1815,富喬,5,0,5,兆豐-三重,2024-11-04,7008
2104,國際中橡,5,0,5,兆豐-三重,2024-11-04,7008
2313,華通,5,0,5,兆豐-三重,2024-11-04,7008
2486,一詮,6,1,5,兆豐-三重,2024-11-04,7008
3037,欣興,9,4,5,兆豐-三重,2024-11-04,7008
00881,國泰台灣5G+,5,0,5,兆豐-三重,2024-11-04,7008
00939,統一台灣高息動能,4,0,4,兆豐-三重,2024-11-04,7008
1301,台塑,6,2,4,兆豐-三重,2024-11-04,7008
1536,和大,4,0,4,兆豐-三重,2024-11-04,7008
1612,宏泰,4,0,4,兆豐-三重,2024-11-04,7008
2441,超豐,4,0,4,兆豐-三重,2024-11-04,7008
00665L,富邦�琤肭磪囓�2,56,0,56,兆豐-三重,2024-11-05,7008
00946,群益科技高息成長,52,0,52,兆豐-三重,2024-11-05,7008
1584,精剛,42,0,42,兆豐-三重,2024-11-05,7008
2607,榮運,40,0,40,兆豐-三重,2024-11-05,7008
8070,長華*,34,0,34,兆豐-三重,2024-11-05,7008
2605,新興,30,0,30,兆豐-三重,2024-11-05,7008
2371,大同,28,8,20,兆豐-三重,2024-11-05,7008
00929,復華台灣科技優息,26,6,20,兆豐-三重,2024-11-05,7008
2537,聯上發,15,0,15,兆豐-三重,2024-11-05,7008
6142,友勁,25,10,15,兆豐-三重,2024-11-05,7008
2303,聯電,103,90,13,兆豐-三重,2024-11-05,7008
2390,云辰,13,0,13,兆豐-三重,2024-11-05,7008
4903,聯光通,40,28,12,兆豐-三重,2024-11-05,7008
2367,燿華,10,0,10,兆豐-三重,2024-11-05,7008
3060,銘異,10,0,10,兆豐-三重,2024-11-05,7008
3219,倚強科,10,0,10,兆豐-三重,2024-11-05,7008
3711,日月光投控,11,1,10,兆豐-三重,2024-11-05,7008
6016,康和證,10,0,10,兆豐-三重,2024-11-05,7008
6186,新潤,10,0,10,兆豐-三重,2024-11-05,7008
6275,元山,10,0,10,兆豐-三重,2024-11-05,7008
1475,業旺,10,1,9,兆豐-三重,2024-11-05,7008
6176,瑞儀,9,0,9,兆豐-三重,2024-11-05,7008
00919,群益台灣精選高息,8,0,8,兆豐-三重,2024-11-05,7008
00878,國泰永續高股息,8,0,8,兆豐-三重,2024-11-05,7008
00687B,國泰20年美債,8,0,8,兆豐-三重,2024-11-05,7008
3062,建漢,14,6,8,兆豐-三重,2024-11-05,7008
8044,網家,9,1,8,兆豐-三重,2024-11-05,7008
2834,臺企銀,7,0,7,兆豐-三重,2024-11-05,7008
5443,均豪,7,0,7,兆豐-三重,2024-11-05,7008
6505,台塑化,8,1,7,兆豐-三重,2024-11-05,7008
2354,鴻準,79,72,7,兆豐-三重,2024-11-05,7008
00891,中信關鍵半導體,6,0,6,兆豐-三重,2024-11-05,7008
1528,恩德,8,2,6,兆豐-三重,2024-11-05,7008
3490,單井,6,0,6,兆豐-三重,2024-11-05,7008
4707,磐亞,6,0,6,兆豐-三重,2024-11-05,7008
6274,台燿,6,0,6,兆豐-三重,2024-11-05,7008
2243,宏旭-KY,10,5,5,兆豐-三重,2024-11-05,7008
2324,仁寶,5,0,5,兆豐-三重,2024-11-05,7008
2915,潤泰全,5,0,5,兆豐-三重,2024-11-05,7008
3105,穩懋,5,0,5,兆豐-三重,2024-11-05,7008
3149,正達,5,0,5,兆豐-三重,2024-11-05,7008
4743,合一,5,0,5,兆豐-三重,2024-11-05,7008
4976,佳凌,5,0,5,兆豐-三重,2024-11-05,7008
6530,創威,12,7,5,兆豐-三重,2024-11-05,7008
8147,正淩,5,0,5,兆豐-三重,2024-11-05,7008
9935,慶豐富,5,0,5,兆豐-三重,2024-11-05,7008
2409,友達,12,7,5,兆豐-三重,2024-11-05,7008
00647L,元大S＆P500正2,4,0,4,兆豐-三重,2024-11-05,7008
2329,華泰,9,5,4,兆豐-三重,2024-11-05,7008
2351,順德,4,0,4,兆豐-三重,2024-11-05,7008
00671R,富邦NASDAQ反1,302,0,302,兆豐-三重,2024-11-06,7008
00687B,國泰20年美債,134,6,128,兆豐-三重,2024-11-06,7008
00878,國泰永續高股息,53,11,42,兆豐-三重,2024-11-06,7008
8011,台通,42,5,37,兆豐-三重,2024-11-06,7008
2027,大成鋼,35,0,35,兆豐-三重,2024-11-06,7008
2845,遠東銀,35,0,35,兆豐-三重,2024-11-06,7008
00753L,中信中國50正2,30,0,30,兆豐-三重,2024-11-06,7008
00688L,國泰20年美債正2,28,0,28,兆豐-三重,2024-11-06,7008
2615,萬海,24,1,23,兆豐-三重,2024-11-06,7008
2646,星宇航空,21,0,21,兆豐-三重,2024-11-06,7008
2351,順德,138,118,20,兆豐-三重,2024-11-06,7008
00894,中信小資高價30,20,0,20,兆豐-三重,2024-11-06,7008
00932,兆豐永續高息等權,20,0,20,兆豐-三重,2024-11-06,7008
00950B,凱基A級公司債,20,0,20,兆豐-三重,2024-11-06,7008
2431,聯昌,23,3,20,兆豐-三重,2024-11-06,7008
00637L,元大滬深300正2,20,1,19,兆豐-三重,2024-11-06,7008
00937B,群益ESG投等債20,18,0,18,兆豐-三重,2024-11-06,7008
2390,云辰,17,0,17,兆豐-三重,2024-11-06,7008
00679B,元大美債20年,26,10,16,兆豐-三重,2024-11-06,7008
3673,TPK-KY,15,0,15,兆豐-三重,2024-11-06,7008
3490,單井,20,6,14,兆豐-三重,2024-11-06,7008
00665L,富邦�琤肭磪囓�2,12,0,12,兆豐-三重,2024-11-06,7008
2613,中櫃,12,0,12,兆豐-三重,2024-11-06,7008
2408,南亞科,11,0,11,兆豐-三重,2024-11-06,7008
6589,台康生技,11,0,11,兆豐-三重,2024-11-06,7008
8027,鈦昇,12,1,11,兆豐-三重,2024-11-06,7008
00946,群益科技高息成長,10,0,10,兆豐-三重,2024-11-06,7008
1455,集盛,10,0,10,兆豐-三重,2024-11-06,7008
3260,威剛,11,1,10,兆豐-三重,2024-11-06,7008
3303,岱稜,10,0,10,兆豐-三重,2024-11-06,7008
4167,松瑞藥,10,0,10,兆豐-三重,2024-11-06,7008
4909,新復興,10,0,10,兆豐-三重,2024-11-06,7008
00680L,元大美債20正2,9,0,9,兆豐-三重,2024-11-06,7008
1528,恩德,11,2,9,兆豐-三重,2024-11-06,7008
2312,金寶,108,99,9,兆豐-三重,2024-11-06,7008
2324,仁寶,20,11,9,兆豐-三重,2024-11-06,7008
8249,菱光,38,29,9,兆豐-三重,2024-11-06,7008
4763,材料-KY,8,0,8,兆豐-三重,2024-11-06,7008
3017,奇鋐,11,3,8,兆豐-三重,2024-11-06,7008
3149,正達,8,0,8,兆豐-三重,2024-11-06,7008
5225,東科-KY,8,0,8,兆豐-三重,2024-11-06,7008
8147,正淩,8,0,8,兆豐-三重,2024-11-06,7008
4743,合一,7,0,7,兆豐-三重,2024-11-06,7008
1449,佳和,64,57,7,兆豐-三重,2024-11-06,7008
3710,連展投控,7,0,7,兆豐-三重,2024-11-06,7008
6213,聯茂,7,0,7,兆豐-三重,2024-11-06,7008
00881,國泰台灣5G+,7,0,7,兆豐-三重,2024-11-06,7008
1442,名軒,5,0,5,兆豐-三重,2024-11-06,7008
1522,堤維西,5,0,5,兆豐-三重,2024-11-06,7008
2419,仲琦,5,0,5,兆豐-三重,2024-11-06,7008
00706L,期元大S＆P日圓正2,238,0,238,兆豐-三重,2024-11-07,7008
2888,新光金,200,3,197,兆豐-三重,2024-11-07,7008
2330,台積電,132,27,105,兆豐-三重,2024-11-07,7008
00632R,元大台灣50反1,75,0,75,兆豐-三重,2024-11-07,7008
3013,晟銘電,104,45,59,兆豐-三重,2024-11-07,7008
4909,新復興,58,6,52,兆豐-三重,2024-11-07,7008
1815,富喬,69,25,44,兆豐-三重,2024-11-07,7008
00637L,元大滬深300正2,40,10,30,兆豐-三重,2024-11-07,7008
2615,萬海,25,2,23,兆豐-三重,2024-11-07,7008
4707,磐亞,20,0,20,兆豐-三重,2024-11-07,7008
1101,台泥,15,0,15,兆豐-三重,2024-11-07,7008
2027,大成鋼,21,6,15,兆豐-三重,2024-11-07,7008
2419,仲琦,15,0,15,兆豐-三重,2024-11-07,7008
5438,東友,20,5,15,兆豐-三重,2024-11-07,7008
2353,宏��,13,1,12,兆豐-三重,2024-11-07,7008
2382,廣達,13,2,11,兆豐-三重,2024-11-07,7008
3576,聯合再生,11,0,11,兆豐-三重,2024-11-07,7008
6288,聯嘉,12,1,11,兆豐-三重,2024-11-07,7008
2376,技嘉,11,1,10,兆豐-三重,2024-11-07,7008
00937B,群益ESG投等債20,10,0,10,兆豐-三重,2024-11-07,7008
2359,所羅門,14,4,10,兆豐-三重,2024-11-07,7008
2399,映泰,12,2,10,兆豐-三重,2024-11-07,7008
3312,弘憶股,10,0,10,兆豐-三重,2024-11-07,7008
9105,泰金寶-DR,11,1,10,兆豐-三重,2024-11-07,7008
4526,東台,19,10,9,兆豐-三重,2024-11-07,7008
3552,同致,10,1,9,兆豐-三重,2024-11-07,7008
2467,志聖,8,0,8,兆豐-三重,2024-11-07,7008
2453,凌群,7,0,7,兆豐-三重,2024-11-07,7008
8070,長華*,6,0,6,兆豐-三重,2024-11-07,7008
00940,元大台灣價值高息,5,0,5,兆豐-三重,2024-11-07,7008
1714,和桐,5,0,5,兆豐-三重,2024-11-07,7008
1808,潤隆,5,0,5,兆豐-三重,2024-11-07,7008
2383,台光電,5,0,5,兆豐-三重,2024-11-07,7008
2905,三商,5,0,5,兆豐-三重,2024-11-07,7008
3011,今皓,5,0,5,兆豐-三重,2024-11-07,7008
3490,單井,5,0,5,兆豐-三重,2024-11-07,7008
4770,上品,5,0,5,兆豐-三重,2024-11-07,7008
6282,康舒,45,40,5,兆豐-三重,2024-11-07,7008
6533,晶心科,5,0,5,兆豐-三重,2024-11-07,7008
8150,南茂,10,5,5,兆豐-三重,2024-11-07,7008
00713,元大台灣高息低波,5,0,5,兆豐-三重,2024-11-07,7008
2609,陽明,17,13,4,兆豐-三重,2024-11-07,7008
3545,敦泰,25,21,4,兆豐-三重,2024-11-07,7008
4303,信立,11,7,4,兆豐-三重,2024-11-07,7008
6147,頎邦,4,0,4,兆豐-三重,2024-11-07,7008
6770,力積電,6,2,4,兆豐-三重,2024-11-07,7008
9902,台火,4,0,4,兆豐-三重,2024-11-07,7008
2014,中鴻,15,12,3,兆豐-三重,2024-11-07,7008
3260,威剛,7,4,3,兆豐-三重,2024-11-07,7008
00664R,國泰臺灣加權反1,3,0,3,兆豐-三重,2024-11-07,7008
2506,太設,77,0,77,兆豐-三重,2024-11-08,7008
00632R,元大台灣50反1,63,0,63,兆豐-三重,2024-11-08,7008
3673,TPK-KY,62,0,62,兆豐-三重,2024-11-08,7008
8070,長華*,58,0,58,兆豐-三重,2024-11-08,7008
1584,精剛,50,0,50,兆豐-三重,2024-11-08,7008
2332,友訊,40,1,39,兆豐-三重,2024-11-08,7008
6129,普誠,35,0,35,兆豐-三重,2024-11-08,7008
00878,國泰永續高股息,34,0,34,兆豐-三重,2024-11-08,7008
2605,新興,30,0,30,兆豐-三重,2024-11-08,7008
4938,和碩,30,0,30,兆豐-三重,2024-11-08,7008
6548,長科*,30,0,30,兆豐-三重,2024-11-08,7008
3062,建漢,77,49,28,兆豐-三重,2024-11-08,7008
3710,連展投控,25,0,25,兆豐-三重,2024-11-08,7008
8150,南茂,22,0,22,兆豐-三重,2024-11-08,7008
00945B,凱基美國非投等債,20,0,20,兆豐-三重,2024-11-08,7008
2314,台揚,20,0,20,兆豐-三重,2024-11-08,7008
2537,聯上發,20,0,20,兆豐-三重,2024-11-08,7008
1101,台泥,15,0,15,兆豐-三重,2024-11-08,7008
2351,順德,53,38,15,兆豐-三重,2024-11-08,7008
8011,台通,35,20,15,兆豐-三重,2024-11-08,7008
2317,鴻海,30,17,13,兆豐-三重,2024-11-08,7008
4303,信立,14,1,13,兆豐-三重,2024-11-08,7008
1528,恩德,12,0,12,兆豐-三重,2024-11-08,7008
3260,威剛,11,0,11,兆豐-三重,2024-11-08,7008
4906,正文,11,0,11,兆豐-三重,2024-11-08,7008
00720B,元大投資級公司債,11,0,11,兆豐-三重,2024-11-08,7008
2409,友達,24,13,11,兆豐-三重,2024-11-08,7008
2615,萬海,32,22,10,兆豐-三重,2024-11-08,7008
00894,中信小資高價30,10,0,10,兆豐-三重,2024-11-08,7008
1449,佳和,26,16,10,兆豐-三重,2024-11-08,7008
1455,集盛,10,0,10,兆豐-三重,2024-11-08,7008
2344,華邦電,10,0,10,兆豐-三重,2024-11-08,7008
2427,三商電,10,0,10,兆豐-三重,2024-11-08,7008
3038,全台,10,0,10,兆豐-三重,2024-11-08,7008
4976,佳凌,10,0,10,兆豐-三重,2024-11-08,7008
5438,東友,20,10,10,兆豐-三重,2024-11-08,7008
6142,友勁,10,0,10,兆豐-三重,2024-11-08,7008
6505,台塑化,11,1,10,兆豐-三重,2024-11-08,7008
2363,矽統,9,0,9,兆豐-三重,2024-11-08,7008
2453,凌群,9,0,9,兆豐-三重,2024-11-08,7008
4526,東台,9,0,9,兆豐-三重,2024-11-08,7008
6605,帝寶,8,0,8,兆豐-三重,2024-11-08,7008
2365,昆盈,8,0,8,兆豐-三重,2024-11-08,7008
2303,聯電,18,11,7,兆豐-三重,2024-11-08,7008
2353,宏��,8,1,7,兆豐-三重,2024-11-08,7008
4903,聯光通,15,8,7,兆豐-三重,2024-11-08,7008
2489,瑞軒,7,0,7,兆豐-三重,2024-11-08,7008
6609,瀧澤科,6,0,6,兆豐-三重,2024-11-08,7008
00930,永豐ESG低碳高息,6,0,6,兆豐-三重,2024-11-08,7008
1522,堤維西,6,0,6,兆豐-三重,2024-11-08,7008
2834,臺企銀,72,0,72,兆豐-三重,2024-11-11,7008
3149,正達,86,20,66,兆豐-三重,2024-11-11,7008
00919,群益台灣精選高息,61,0,61,兆豐-三重,2024-11-11,7008
6290,良維,49,0,49,兆豐-三重,2024-11-11,7008
5202,力新,40,0,40,兆豐-三重,2024-11-11,7008
1815,富喬,116,83,33,兆豐-三重,2024-11-11,7008
1584,精剛,25,0,25,兆豐-三重,2024-11-11,7008
2409,友達,28,3,25,兆豐-三重,2024-11-11,7008
2303,聯電,23,0,23,兆豐-三重,2024-11-11,7008
00665L,富邦�琤肭磪囓�2,23,0,23,兆豐-三重,2024-11-11,7008
00753L,中信中國50正2,20,0,20,兆豐-三重,2024-11-11,7008
2390,云辰,20,0,20,兆豐-三重,2024-11-11,7008
0056,元大高股息,18,0,18,兆豐-三重,2024-11-11,7008
00943,兆豐電子高息等權,17,0,17,兆豐-三重,2024-11-11,7008
2354,鴻準,82,67,15,兆豐-三重,2024-11-11,7008
5871,中租-KY,15,1,14,兆豐-三重,2024-11-11,7008
1101,台泥,15,1,14,兆豐-三重,2024-11-11,7008
00907,永豐優息存股,13,0,13,兆豐-三重,2024-11-11,7008
8096,擎亞,13,1,12,兆豐-三重,2024-11-11,7008
1514,亞力,11,0,11,兆豐-三重,2024-11-11,7008
2324,仁寶,11,0,11,兆豐-三重,2024-11-11,7008
2905,三商,11,0,11,兆豐-三重,2024-11-11,7008
3022,威強電,11,0,11,兆豐-三重,2024-11-11,7008
8147,正淩,11,0,11,兆豐-三重,2024-11-11,7008
2537,聯上發,10,0,10,兆豐-三重,2024-11-11,7008
6156,松上,10,0,10,兆豐-三重,2024-11-11,7008
6160,欣技,20,10,10,兆豐-三重,2024-11-11,7008
2382,廣達,10,1,9,兆豐-三重,2024-11-11,7008
3189,景碩,9,0,9,兆豐-三重,2024-11-11,7008
4716,大立,10,1,9,兆豐-三重,2024-11-11,7008
00932,兆豐永續高息等權,8,0,8,兆豐-三重,2024-11-11,7008
2009,第一銅,8,0,8,兆豐-三重,2024-11-11,7008
2609,陽明,25,17,8,兆豐-三重,2024-11-11,7008
3481,群創,8,0,8,兆豐-三重,2024-11-11,7008
6443,元晶,8,0,8,兆豐-三重,2024-11-11,7008
00713,元大台灣高息低波,8,0,8,兆豐-三重,2024-11-11,7008
5243,乙盛-KY,11,4,7,兆豐-三重,2024-11-11,7008
6274,台燿,7,0,7,兆豐-三重,2024-11-11,7008
2449,京元電子,8,2,6,兆豐-三重,2024-11-11,7008
3576,聯合再生,11,5,6,兆豐-三重,2024-11-11,7008
3673,TPK-KY,6,0,6,兆豐-三重,2024-11-11,7008
5457,宣德,6,0,6,兆豐-三重,2024-11-11,7008
3231,緯創,8,3,5,兆豐-三重,2024-11-11,7008
00636,國泰中國A50,5,0,5,兆豐-三重,2024-11-11,7008
00712,復華富時不動產,5,0,5,兆豐-三重,2024-11-11,7008
1455,集盛,5,0,5,兆豐-三重,2024-11-11,7008
1785,光洋科,36,31,5,兆豐-三重,2024-11-11,7008
2489,瑞軒,5,0,5,兆豐-三重,2024-11-11,7008
2882,國泰金,5,0,5,兆豐-三重,2024-11-11,7008
3321,同泰,5,0,5,兆豐-三重,2024-11-11,7008
00943,兆豐電子高息等權,108,0,108,兆豐-三重,2024-11-12,7008
2330,台積電,167,109,58,兆豐-三重,2024-11-12,7008
2883,凱基金,57,1,56,兆豐-三重,2024-11-12,7008
00922,國泰台灣領袖50,49,0,49,兆豐-三重,2024-11-12,7008
00919,群益台灣精選高息,42,0,42,兆豐-三重,2024-11-12,7008
00632R,元大台灣50反1,41,0,41,兆豐-三重,2024-11-12,7008
2313,華通,42,1,41,兆豐-三重,2024-11-12,7008
00878,國泰永續高股息,47,8,39,兆豐-三重,2024-11-12,7008
3481,群創,36,1,35,兆豐-三重,2024-11-12,7008
5871,中租-KY,34,0,34,兆豐-三重,2024-11-12,7008
3231,緯創,41,7,34,兆豐-三重,2024-11-12,7008
5202,力新,30,2,28,兆豐-三重,2024-11-12,7008
2615,萬海,40,13,27,兆豐-三重,2024-11-12,7008
1815,富喬,56,30,26,兆豐-三重,2024-11-12,7008
2382,廣達,24,1,23,兆豐-三重,2024-11-12,7008
2062,橋椿,23,0,23,兆豐-三重,2024-11-12,7008
2344,華邦電,22,0,22,兆豐-三重,2024-11-12,7008
00940,元大台灣價值高息,21,0,21,兆豐-三重,2024-11-12,7008
2317,鴻海,31,10,21,兆豐-三重,2024-11-12,7008
4167,松瑞藥,20,0,20,兆豐-三重,2024-11-12,7008
2609,陽明,63,46,17,兆豐-三重,2024-11-12,7008
2887,台新金,116,100,16,兆豐-三重,2024-11-12,7008
1101,台泥,15,0,15,兆豐-三重,2024-11-12,7008
2905,三商,15,0,15,兆豐-三重,2024-11-12,7008
3062,建漢,24,9,15,兆豐-三重,2024-11-12,7008
2618,長榮航,18,4,14,兆豐-三重,2024-11-12,7008
00679B,元大美債20年,32,18,14,兆豐-三重,2024-11-12,7008
8070,長華*,13,0,13,兆豐-三重,2024-11-12,7008
00915,凱基優選高股息30,12,0,12,兆豐-三重,2024-11-12,7008
0056,元大高股息,19,7,12,兆豐-三重,2024-11-12,7008
1560,中砂,12,0,12,兆豐-三重,2024-11-12,7008
6288,聯嘉,22,10,12,兆豐-三重,2024-11-12,7008
2882,國泰金,11,0,11,兆豐-三重,2024-11-12,7008
3325,旭品,11,0,11,兆豐-三重,2024-11-12,7008
2421,建準,10,0,10,兆豐-三重,2024-11-12,7008
2356,英業達,30,20,10,兆豐-三重,2024-11-12,7008
1312,國喬,10,0,10,兆豐-三重,2024-11-12,7008
1442,名軒,10,0,10,兆豐-三重,2024-11-12,7008
1460,宏遠,10,0,10,兆豐-三重,2024-11-12,7008
1476,儒鴻,10,0,10,兆豐-三重,2024-11-12,7008
2324,仁寶,10,0,10,兆豐-三重,2024-11-12,7008
2329,華泰,10,0,10,兆豐-三重,2024-11-12,7008
2331,精英,10,0,10,兆豐-三重,2024-11-12,7008
2453,凌群,10,0,10,兆豐-三重,2024-11-12,7008
5443,均豪,17,7,10,兆豐-三重,2024-11-12,7008
2303,聯電,12,3,9,兆豐-三重,2024-11-12,7008
3003,健和興,10,2,8,兆豐-三重,2024-11-12,7008
00930,永豐ESG低碳高息,8,0,8,兆豐-三重,2024-11-12,7008
2002,中鋼,58,50,8,兆豐-三重,2024-11-12,7008
00713,元大台灣高息低波,7,0,7,兆豐-三重,2024-11-12,7008
3706,神達,330,117,213,兆豐-三重,2024-11-13,7008
2834,臺企銀,110,0,110,兆豐-三重,2024-11-13,7008
2354,鴻準,120,21,99,兆豐-三重,2024-11-13,7008
2303,聯電,44,3,41,兆豐-三重,2024-11-13,7008
4707,磐亞,30,0,30,兆豐-三重,2024-11-13,7008
2887,台新金,21,0,21,兆豐-三重,2024-11-13,7008
2883,凱基金,17,0,17,兆豐-三重,2024-11-13,7008
2330,台積電,137,120,17,兆豐-三重,2024-11-13,7008
2609,陽明,25,9,16,兆豐-三重,2024-11-13,7008
2882,國泰金,17,2,15,兆豐-三重,2024-11-13,7008
3481,群創,18,4,14,兆豐-三重,2024-11-13,7008
5880,合庫金,12,0,12,兆豐-三重,2024-11-13,7008
0056,元大高股息,15,3,12,兆豐-三重,2024-11-13,7008
1785,光洋科,52,41,11,兆豐-三重,2024-11-13,7008
2646,星宇航空,15,4,11,兆豐-三重,2024-11-13,7008
2745,五福,11,0,11,兆豐-三重,2024-11-13,7008
1524,耿鼎,12,2,10,兆豐-三重,2024-11-13,7008
1569,濱川,18,8,10,兆豐-三重,2024-11-13,7008
1727,中華化,10,0,10,兆豐-三重,2024-11-13,7008
2103,台橡,10,0,10,兆豐-三重,2024-11-13,7008
3047,訊舟,10,0,10,兆豐-三重,2024-11-13,7008
00679B,元大美債20年,16,7,9,兆豐-三重,2024-11-13,7008
2356,英業達,11,2,9,兆豐-三重,2024-11-13,7008
8070,長華*,9,0,9,兆豐-三重,2024-11-13,7008
00687B,國泰20年美債,10,2,8,兆豐-三重,2024-11-13,7008
6288,聯嘉,10,2,8,兆豐-三重,2024-11-13,7008
00712,復華富時不動產,12,5,7,兆豐-三重,2024-11-13,7008
2486,一詮,50,43,7,兆豐-三重,2024-11-13,7008
2615,萬海,22,15,7,兆豐-三重,2024-11-13,7008
3013,晟銘電,10,3,7,兆豐-三重,2024-11-13,7008
3062,建漢,8,1,7,兆豐-三重,2024-11-13,7008
2891,中信金,7,0,7,兆豐-三重,2024-11-13,7008
2351,順德,26,20,6,兆豐-三重,2024-11-13,7008
2371,大同,10,4,6,兆豐-三重,2024-11-13,7008
2489,瑞軒,6,0,6,兆豐-三重,2024-11-13,7008
9945,潤泰新,7,1,6,兆豐-三重,2024-11-13,7008
00915,凱基優選高股息30,5,0,5,兆豐-三重,2024-11-13,7008
2377,微星,5,0,5,兆豐-三重,2024-11-13,7008
00957B,兆豐US優選投等債,5,0,5,兆豐-三重,2024-11-13,7008
1442,名軒,5,0,5,兆豐-三重,2024-11-13,7008
1449,佳和,15,10,5,兆豐-三重,2024-11-13,7008
1802,台玻,5,0,5,兆豐-三重,2024-11-13,7008
2349,錸德,25,20,5,兆豐-三重,2024-11-13,7008
2427,三商電,5,0,5,兆豐-三重,2024-11-13,7008
2493,揚博,5,0,5,兆豐-三重,2024-11-13,7008
5438,東友,6,1,5,兆豐-三重,2024-11-13,7008
6261,久元,5,0,5,兆豐-三重,2024-11-13,7008
6279,胡連,5,0,5,兆豐-三重,2024-11-13,7008
6806,森崴能源,5,0,5,兆豐-三重,2024-11-13,7008
8438,昶昕,5,0,5,兆豐-三重,2024-11-13,7008
6609,瀧澤科,166,17,149,兆豐-三重,2024-11-14,7008
00878,國泰永續高股息,110,0,110,兆豐-三重,2024-11-14,7008
8011,台通,99,0,99,兆豐-三重,2024-11-14,7008
020031,統一IC設計臺灣N,50,0,50,兆豐-三重,2024-11-14,7008
00919,群益台灣精選高息,42,0,42,兆豐-三重,2024-11-14,7008
6005,群益證,36,0,36,兆豐-三重,2024-11-14,7008
2455,全新,26,0,26,兆豐-三重,2024-11-14,7008
00927,群益半導體收益,21,0,21,兆豐-三重,2024-11-14,7008
2610,華航,29,8,21,兆豐-三重,2024-11-14,7008
2356,英業達,22,2,20,兆豐-三重,2024-11-14,7008
00706L,期元大S＆P日圓正2,20,0,20,兆豐-三重,2024-11-14,7008
2453,凌群,20,0,20,兆豐-三重,2024-11-14,7008
2812,台中銀,20,0,20,兆豐-三重,2024-11-14,7008
2605,新興,33,16,17,兆豐-三重,2024-11-14,7008
5202,力新,17,0,17,兆豐-三重,2024-11-14,7008
3231,緯創,20,4,16,兆豐-三重,2024-11-14,7008
6282,康舒,23,7,16,兆豐-三重,2024-11-14,7008
5309,系統電,14,0,14,兆豐-三重,2024-11-14,7008
2887,台新金,13,0,13,兆豐-三重,2024-11-14,7008
3711,日月光投控,13,0,13,兆豐-三重,2024-11-14,7008
2344,華邦電,14,2,12,兆豐-三重,2024-11-14,7008
1314,中石化,12,0,12,兆豐-三重,2024-11-14,7008
2365,昆盈,11,0,11,兆豐-三重,2024-11-14,7008
00713,元大台灣高息低波,10,0,10,兆豐-三重,2024-11-14,7008
00929,復華台灣科技優息,22,12,10,兆豐-三重,2024-11-14,7008
8227,巨有科技,15,5,10,兆豐-三重,2024-11-14,7008
1101,台泥,10,0,10,兆豐-三重,2024-11-14,7008
2477,美隆電,10,0,10,兆豐-三重,2024-11-14,7008
2905,三商,10,0,10,兆豐-三重,2024-11-14,7008
3481,群創,14,4,10,兆豐-三重,2024-11-14,7008
4114,健喬,11,1,10,兆豐-三重,2024-11-14,7008
0056,元大高股息,10,0,10,兆豐-三重,2024-11-14,7008
2317,鴻海,24,15,9,兆豐-三重,2024-11-14,7008
8110,華東,9,0,9,兆豐-三重,2024-11-14,7008
4976,佳凌,10,2,8,兆豐-三重,2024-11-14,7008
6279,胡連,8,0,8,兆豐-三重,2024-11-14,7008
006208,富邦台50,8,0,8,兆豐-三重,2024-11-14,7008
00679B,元大美債20年,8,0,8,兆豐-三重,2024-11-14,7008
00934,中信成長高股息,7,0,7,兆豐-三重,2024-11-14,7008
1569,濱川,17,10,7,兆豐-三重,2024-11-14,7008
2382,廣達,11,4,7,兆豐-三重,2024-11-14,7008
2882,國泰金,9,2,7,兆豐-三重,2024-11-14,7008
9904,寶成,14,7,7,兆豐-三重,2024-11-14,7008
00687B,國泰20年美債,6,0,6,兆豐-三重,2024-11-14,7008
00946,群益科技高息成長,6,0,6,兆豐-三重,2024-11-14,7008
4770,上品,6,0,6,兆豐-三重,2024-11-14,7008
4967,十銓,6,0,6,兆豐-三重,2024-11-14,7008
6116,彩晶,6,0,6,兆豐-三重,2024-11-14,7008
6177,達麗,6,0,6,兆豐-三重,2024-11-14,7008
6770,力積電,6,0,6,兆豐-三重,2024-11-14,7008
2354,鴻準,177,61,116,兆豐-三重,2024-11-15,7008
8011,台通,65,10,55,兆豐-三重,2024-11-15,7008
00878,國泰永續高股息,54,1,53,兆豐-三重,2024-11-15,7008
3045,台灣大,230,180,50,兆豐-三重,2024-11-15,7008
2887,台新金,20,0,20,兆豐-三重,2024-11-15,7008
2002,中鋼,114,100,14,兆豐-三重,2024-11-15,7008
8070,長華*,15,1,14,兆豐-三重,2024-11-15,7008
00670L,富邦NASDAQ正2,13,0,13,兆豐-三重,2024-11-15,7008
4977,眾達-KY,13,1,12,兆豐-三重,2024-11-15,7008
3231,緯創,17,6,11,兆豐-三重,2024-11-15,7008
2382,廣達,32,21,11,兆豐-三重,2024-11-15,7008
00928,中信上櫃ESG30,10,0,10,兆豐-三重,2024-11-15,7008
00882,中信中國高股息,10,0,10,兆豐-三重,2024-11-15,7008
00937B,群益ESG投等債20,10,0,10,兆豐-三重,2024-11-15,7008
2477,美隆電,10,0,10,兆豐-三重,2024-11-15,7008
6016,康和證,10,0,10,兆豐-三重,2024-11-15,7008
1569,濱川,22,13,9,兆豐-三重,2024-11-15,7008
2357,華碩,10,1,9,兆豐-三重,2024-11-15,7008
6558,興能高,9,0,9,兆豐-三重,2024-11-15,7008
00960,野村全球航運龍頭,10,2,8,兆豐-三重,2024-11-15,7008
3013,晟銘電,8,0,8,兆豐-三重,2024-11-15,7008
5340,建榮,8,0,8,兆豐-三重,2024-11-15,7008
3062,建漢,21,14,7,兆豐-三重,2024-11-15,7008
6505,台塑化,7,0,7,兆豐-三重,2024-11-15,7008
00881,國泰台灣5G+,6,0,6,兆豐-三重,2024-11-15,7008
2328,廣宇,7,1,6,兆豐-三重,2024-11-15,7008
5309,系統電,14,8,6,兆豐-三重,2024-11-15,7008
6266,泰詠,6,0,6,兆豐-三重,2024-11-15,7008
00919,群益台灣精選高息,6,0,6,兆豐-三重,2024-11-15,7008
2323,中環,5,0,5,兆豐-三重,2024-11-15,7008
5871,中租-KY,5,0,5,兆豐-三重,2024-11-15,7008
3017,奇鋐,9,4,5,兆豐-三重,2024-11-15,7008
3450,聯鈞,7,2,5,兆豐-三重,2024-11-15,7008
00636,國泰中國A50,5,0,5,兆豐-三重,2024-11-15,7008
00687B,國泰20年美債,5,0,5,兆豐-三重,2024-11-15,7008
1709,和益,5,0,5,兆豐-三重,2024-11-15,7008
2347,聯強,5,0,5,兆豐-三重,2024-11-15,7008
2413,環科,5,0,5,兆豐-三重,2024-11-15,7008
3217,優群,5,0,5,兆豐-三重,2024-11-15,7008
3625,西勝,5,0,5,兆豐-三重,2024-11-15,7008
8261,富鼎,5,0,5,兆豐-三重,2024-11-15,7008
00877,復華中國5G,4,0,4,兆豐-三重,2024-11-15,7008
2449,京元電子,4,0,4,兆豐-三重,2024-11-15,7008
4931,新盛力,25,21,4,兆豐-三重,2024-11-15,7008
5880,合庫金,4,0,4,兆豐-三重,2024-11-15,7008
6261,久元,4,0,4,兆豐-三重,2024-11-15,7008
2404,漢唐,4,0,4,兆豐-三重,2024-11-15,7008
2486,一詮,26,22,4,兆豐-三重,2024-11-15,7008
00713,元大台灣高息低波,3,0,3,兆豐-三重,2024-11-15,7008
1524,耿鼎,12,9,3,兆豐-三重,2024-11-15,7008
2610,華航,105,5,100,兆豐-三重,2024-11-18,7008
2106,建大,61,0,61,兆豐-三重,2024-11-18,7008
00878,國泰永續高股息,42,2,40,兆豐-三重,2024-11-18,7008
1312,國喬,35,0,35,兆豐-三重,2024-11-18,7008
2618,長榮航,76,47,29,兆豐-三重,2024-11-18,7008
00929,復華台灣科技優息,28,1,27,兆豐-三重,2024-11-18,7008
3081,聯亞,26,0,26,兆豐-三重,2024-11-18,7008
020031,統一IC設計臺灣N,25,0,25,兆豐-三重,2024-11-18,7008
3047,訊舟,22,0,22,兆豐-三重,2024-11-18,7008
1815,富喬,102,81,21,兆豐-三重,2024-11-18,7008
00887,永豐中國科技50大,20,0,20,兆豐-三重,2024-11-18,7008
2356,英業達,24,5,19,兆豐-三重,2024-11-18,7008
2453,凌群,17,0,17,兆豐-三重,2024-11-18,7008
00919,群益台灣精選高息,17,0,17,兆豐-三重,2024-11-18,7008
1785,光洋科,95,80,15,兆豐-三重,2024-11-18,7008
2317,鴻海,69,54,15,兆豐-三重,2024-11-18,7008
9904,寶成,19,5,14,兆豐-三重,2024-11-18,7008
00770,國泰北美科技,13,0,13,兆豐-三重,2024-11-18,7008
2324,仁寶,12,0,12,兆豐-三重,2024-11-18,7008
2455,全新,12,0,12,兆豐-三重,2024-11-18,7008
2883,凱基金,12,0,12,兆豐-三重,2024-11-18,7008
3005,神基,11,0,11,兆豐-三重,2024-11-18,7008
6261,久元,11,0,11,兆豐-三重,2024-11-18,7008
00753L,中信中國50正2,10,0,10,兆豐-三重,2024-11-18,7008
1460,宏遠,10,0,10,兆豐-三重,2024-11-18,7008
2331,精英,10,0,10,兆豐-三重,2024-11-18,7008
2365,昆盈,10,0,10,兆豐-三重,2024-11-18,7008
4114,健喬,10,0,10,兆豐-三重,2024-11-18,7008
9907,統一實,10,0,10,兆豐-三重,2024-11-18,7008
00713,元大台灣高息低波,10,1,9,兆豐-三重,2024-11-18,7008
2397,友通,8,0,8,兆豐-三重,2024-11-18,7008
3033,威健,7,0,7,兆豐-三重,2024-11-18,7008
3062,建漢,10,3,7,兆豐-三重,2024-11-18,7008
3710,連展投控,7,0,7,兆豐-三重,2024-11-18,7008
8011,台通,8,1,7,兆豐-三重,2024-11-18,7008
8070,長華*,7,0,7,兆豐-三重,2024-11-18,7008
00937B,群益ESG投等債20,6,0,6,兆豐-三重,2024-11-18,7008
1336,台翰,6,0,6,兆豐-三重,2024-11-18,7008
2014,中鴻,6,0,6,兆豐-三重,2024-11-18,7008
2204,中華,6,0,6,兆豐-三重,2024-11-18,7008
6177,達麗,8,2,6,兆豐-三重,2024-11-18,7008
3231,緯創,8,3,5,兆豐-三重,2024-11-18,7008
2243,宏旭-KY,5,0,5,兆豐-三重,2024-11-18,7008
2312,金寶,22,17,5,兆豐-三重,2024-11-18,7008
2646,星宇航空,5,0,5,兆豐-三重,2024-11-18,7008
2887,台新金,5,0,5,兆豐-三重,2024-11-18,7008
3266,昇陽,5,0,5,兆豐-三重,2024-11-18,7008
3540,曜越,62,57,5,兆豐-三重,2024-11-18,7008
8028,昇陽半導體,5,0,5,兆豐-三重,2024-11-18,7008
8111,立��,5,0,5,兆豐-三重,2024-11-18,7008
2317,鴻海,81,10,71,兆豐-三重,2024-11-19,7008
00946,群益科技高息成長,52,0,52,兆豐-三重,2024-11-19,7008
3540,曜越,272,233,39,兆豐-三重,2024-11-19,7008
9945,潤泰新,32,0,32,兆豐-三重,2024-11-19,7008
00922,國泰台灣領袖50,31,0,31,兆豐-三重,2024-11-19,7008
00878,國泰永續高股息,28,0,28,兆豐-三重,2024-11-19,7008
3092,鴻碩,23,0,23,兆豐-三重,2024-11-19,7008
00715L,期街口布蘭特正2,22,0,22,兆豐-三重,2024-11-19,7008
00887,永豐中國科技50大,20,0,20,兆豐-三重,2024-11-19,7008
4707,磐亞,20,0,20,兆豐-三重,2024-11-19,7008
6153,嘉聯益,20,0,20,兆豐-三重,2024-11-19,7008
3024,憶聲,15,0,15,兆豐-三重,2024-11-19,7008
2324,仁寶,13,0,13,兆豐-三重,2024-11-19,7008
00712,復華富時不動產,12,0,12,兆豐-三重,2024-11-19,7008
00680L,元大美債20正2,10,0,10,兆豐-三重,2024-11-19,7008
2002,中鋼,10,0,10,兆豐-三重,2024-11-19,7008
2382,廣達,11,1,10,兆豐-三重,2024-11-19,7008
6016,康和證,10,0,10,兆豐-三重,2024-11-19,7008
2316,楠梓電,12,2,10,兆豐-三重,2024-11-19,7008
3231,緯創,18,9,9,兆豐-三重,2024-11-19,7008
0056,元大高股息,7,0,7,兆豐-三重,2024-11-19,7008
5864,致和證,7,0,7,兆豐-三重,2024-11-19,7008
6005,群益證,7,0,7,兆豐-三重,2024-11-19,7008
00722B,群益投資級電信債,6,0,6,兆豐-三重,2024-11-19,7008
00932,兆豐永續高息等權,6,0,6,兆豐-三重,2024-11-19,7008
2453,凌群,6,0,6,兆豐-三重,2024-11-19,7008
2486,一詮,9,3,6,兆豐-三重,2024-11-19,7008
3576,聯合再生,10,4,6,兆豐-三重,2024-11-19,7008
5876,上海商銀,5,0,5,兆豐-三重,2024-11-19,7008
4303,信立,6,1,5,兆豐-三重,2024-11-19,7008
4909,新復興,5,0,5,兆豐-三重,2024-11-19,7008
4987,科誠,5,0,5,兆豐-三重,2024-11-19,7008
6505,台塑化,5,0,5,兆豐-三重,2024-11-19,7008
1301,台塑,9,5,4,兆豐-三重,2024-11-19,7008
1519,華城,5,1,4,兆豐-三重,2024-11-19,7008
5014,建錩,4,0,4,兆豐-三重,2024-11-19,7008
8110,華東,4,0,4,兆豐-三重,2024-11-19,7008
00830,國泰費城半導體,4,0,4,兆豐-三重,2024-11-19,7008
6706,惠特,9,6,3,兆豐-三重,2024-11-19,7008
00941,中信上游半導體,3,0,3,兆豐-三重,2024-11-19,7008
1815,富喬,144,141,3,兆豐-三重,2024-11-19,7008
2891,中信金,3,0,3,兆豐-三重,2024-11-19,7008
2929,淘帝-KY,5,2,3,兆豐-三重,2024-11-19,7008
3047,訊舟,3,0,3,兆豐-三重,2024-11-19,7008
4714,永捷,3,0,3,兆豐-三重,2024-11-19,7008
4906,正文,3,0,3,兆豐-三重,2024-11-19,7008
5534,長虹,3,0,3,兆豐-三重,2024-11-19,7008
5871,中租-KY,3,0,3,兆豐-三重,2024-11-19,7008
6182,合晶,3,0,3,兆豐-三重,2024-11-19,7008
911868,同方友友-DR,3,0,3,兆豐-三重,2024-11-19,7008
2354,鴻準,177,30,147,兆豐-三重,2024-11-20,7008
4927,泰鼎-KY,100,0,100,兆豐-三重,2024-11-20,7008
2834,臺企銀,64,0,64,兆豐-三重,2024-11-20,7008
2324,仁寶,41,10,31,兆豐-三重,2024-11-20,7008
4707,磐亞,30,1,29,兆豐-三重,2024-11-20,7008
9945,潤泰新,29,0,29,兆豐-三重,2024-11-20,7008
3706,神達,71,49,22,兆豐-三重,2024-11-20,7008
2605,新興,27,6,21,兆豐-三重,2024-11-20,7008
00922,國泰台灣領袖50,20,0,20,兆豐-三重,2024-11-20,7008
9904,寶成,21,3,18,兆豐-三重,2024-11-20,7008
4909,新復興,17,0,17,兆豐-三重,2024-11-20,7008
2349,錸德,55,39,16,兆豐-三重,2024-11-20,7008
00878,國泰永續高股息,17,2,15,兆豐-三重,2024-11-20,7008
3167,大量,52,38,14,兆豐-三重,2024-11-20,7008
8039,台虹,14,0,14,兆豐-三重,2024-11-20,7008
3019,亞光,15,2,13,兆豐-三重,2024-11-20,7008
5438,東友,18,5,13,兆豐-三重,2024-11-20,7008
2449,京元電子,13,2,11,兆豐-三重,2024-11-20,7008
3211,順達,11,0,11,兆豐-三重,2024-11-20,7008
1102,亞泥,10,0,10,兆豐-三重,2024-11-20,7008
1449,佳和,12,2,10,兆豐-三重,2024-11-20,7008
1476,儒鴻,10,0,10,兆豐-三重,2024-11-20,7008
1532,勤美,10,0,10,兆豐-三重,2024-11-20,7008
3419,譁裕,10,0,10,兆豐-三重,2024-11-20,7008
6282,康舒,17,7,10,兆豐-三重,2024-11-20,7008
8028,昇陽半導體,10,0,10,兆豐-三重,2024-11-20,7008
00919,群益台灣精選高息,10,0,10,兆豐-三重,2024-11-20,7008
3447,展達,18,9,9,兆豐-三重,2024-11-20,7008
2486,一詮,9,0,9,兆豐-三重,2024-11-20,7008
2883,凱基金,9,0,9,兆豐-三重,2024-11-20,7008
4729,熒茂,10,1,9,兆豐-三重,2024-11-20,7008
00680L,元大美債20正2,10,2,8,兆豐-三重,2024-11-20,7008
2412,中華電,108,100,8,兆豐-三重,2024-11-20,7008
4956,光鋐,9,1,8,兆豐-三重,2024-11-20,7008
8032,光菱,54,47,7,兆豐-三重,2024-11-20,7008
8070,長華*,8,1,7,兆豐-三重,2024-11-20,7008
00959B,大華投等美債15Y+,6,0,6,兆豐-三重,2024-11-20,7008
1808,潤隆,6,0,6,兆豐-三重,2024-11-20,7008
2356,英業達,12,6,6,兆豐-三重,2024-11-20,7008
2413,環科,9,3,6,兆豐-三重,2024-11-20,7008
5243,乙盛-KY,6,0,6,兆豐-三重,2024-11-20,7008
6228,全譜,6,0,6,兆豐-三重,2024-11-20,7008
5876,上海商銀,5,0,5,兆豐-三重,2024-11-20,7008
00957B,兆豐US優選投等債,5,0,5,兆豐-三重,2024-11-20,7008
00937B,群益ESG投等債20,5,0,5,兆豐-三重,2024-11-20,7008
00697B,元大美債7-10,5,0,5,兆豐-三重,2024-11-20,7008
2303,聯電,15,10,5,兆豐-三重,2024-11-20,7008
2392,正崴,9,4,5,兆豐-三重,2024-11-20,7008
3209,全科,5,0,5,兆豐-三重,2024-11-20,7008
3715,定穎投控,5,0,5,兆豐-三重,2024-11-20,7008
2303,聯電,124,33,91,兆豐-三重,2024-11-21,7008
00930,永豐ESG低碳高息,91,1,90,兆豐-三重,2024-11-21,7008
2609,陽明,79,31,48,兆豐-三重,2024-11-21,7008
1449,佳和,35,5,30,兆豐-三重,2024-11-21,7008
2605,新興,31,1,30,兆豐-三重,2024-11-21,7008
2349,錸德,43,14,29,兆豐-三重,2024-11-21,7008
8038,長園科,21,0,21,兆豐-三重,2024-11-21,7008
00919,群益台灣精選高息,21,0,21,兆豐-三重,2024-11-21,7008
6609,瀧澤科,15,0,15,兆豐-三重,2024-11-21,7008
0056,元大高股息,16,1,15,兆豐-三重,2024-11-21,7008
00878,國泰永續高股息,14,0,14,兆豐-三重,2024-11-21,7008
2834,臺企銀,12,0,12,兆豐-三重,2024-11-21,7008
2886,兆豐金,11,0,11,兆豐-三重,2024-11-21,7008
1102,亞泥,10,0,10,兆豐-三重,2024-11-21,7008
1616,億泰,10,0,10,兆豐-三重,2024-11-21,7008
2442,新美齊,10,0,10,兆豐-三重,2024-11-21,7008
3092,鴻碩,10,0,10,兆豐-三重,2024-11-21,7008
3447,展達,8,0,8,兆豐-三重,2024-11-21,7008
00960,野村全球航運龍頭,8,0,8,兆豐-三重,2024-11-21,7008
2881,富邦金,8,0,8,兆豐-三重,2024-11-21,7008
2610,華航,12,5,7,兆豐-三重,2024-11-21,7008
9105,泰金寶-DR,47,40,7,兆豐-三重,2024-11-21,7008
1569,濱川,26,20,6,兆豐-三重,2024-11-21,7008
2357,華碩,6,0,6,兆豐-三重,2024-11-21,7008
4303,信立,6,0,6,兆豐-三重,2024-11-21,7008
3481,群創,6,0,6,兆豐-三重,2024-11-21,7008
1611,中電,5,0,5,兆豐-三重,2024-11-21,7008
2208,台船,5,0,5,兆豐-三重,2024-11-21,7008
2347,聯強,5,0,5,兆豐-三重,2024-11-21,7008
4714,永捷,5,0,5,兆豐-三重,2024-11-21,7008
6282,康舒,5,0,5,兆豐-三重,2024-11-21,7008
8906,花王,5,0,5,兆豐-三重,2024-11-21,7008
2330,台積電,200,195,5,兆豐-三重,2024-11-21,7008
5876,上海商銀,4,0,4,兆豐-三重,2024-11-21,7008
00877,復華中國5G,4,0,4,兆豐-三重,2024-11-21,7008
2882,國泰金,4,0,4,兆豐-三重,2024-11-21,7008
4931,新盛力,4,0,4,兆豐-三重,2024-11-21,7008
2354,鴻準,27,24,3,兆豐-三重,2024-11-21,7008
00929,復華台灣科技優息,3,0,3,兆豐-三重,2024-11-21,7008
00761B,國泰A級公司債,3,0,3,兆豐-三重,2024-11-21,7008
00712,復華富時不動產,3,0,3,兆豐-三重,2024-11-21,7008
2405,輔信,7,4,3,兆豐-三重,2024-11-21,7008
2464,盟立,3,0,3,兆豐-三重,2024-11-21,7008
6143,振曜,5,2,3,兆豐-三重,2024-11-21,7008
2889,國票金,5,2,3,兆豐-三重,2024-11-21,7008
00631L,元大台灣50正2,2,0,2,兆豐-三重,2024-11-21,7008
2308,台達電,5,3,2,兆豐-三重,2024-11-21,7008
006208,富邦台50,2,0,2,兆豐-三重,2024-11-21,7008
0050,元大台灣50,2,0,2,兆豐-三重,2024-11-21,7008
3580,友威科,3,1,2,兆豐-三重,2024-11-21,7008
2317,鴻海,104,3,101,兆豐-三重,2024-11-22,7008
5512,力麒,50,0,50,兆豐-三重,2024-11-22,7008
2834,臺企銀,40,0,40,兆豐-三重,2024-11-22,7008
2609,陽明,44,15,29,兆豐-三重,2024-11-22,7008
5243,乙盛-KY,32,3,29,兆豐-三重,2024-11-22,7008
8171,天宇,22,1,21,兆豐-三重,2024-11-22,7008
2356,英業達,20,9,11,兆豐-三重,2024-11-22,7008
00915,凱基優選高股息30,11,0,11,兆豐-三重,2024-11-22,7008
8163,達方,13,2,11,兆豐-三重,2024-11-22,7008
1102,亞泥,10,0,10,兆豐-三重,2024-11-22,7008
00960,野村全球航運龍頭,23,13,10,兆豐-三重,2024-11-22,7008
1806,冠軍,10,0,10,兆豐-三重,2024-11-22,7008
3551,世禾,10,0,10,兆豐-三重,2024-11-22,7008
3576,聯合再生,9,0,9,兆豐-三重,2024-11-22,7008
1582,信錦,8,0,8,兆豐-三重,2024-11-22,7008
00878,國泰永續高股息,7,0,7,兆豐-三重,2024-11-22,7008
5309,系統電,42,35,7,兆豐-三重,2024-11-22,7008
00655L,國泰中國A50正2,6,0,6,兆豐-三重,2024-11-22,7008
00632R,元大台灣50反1,6,0,6,兆豐-三重,2024-11-22,7008
1587,吉茂,6,0,6,兆豐-三重,2024-11-22,7008
2324,仁寶,27,21,6,兆豐-三重,2024-11-22,7008
2547,日勝生,6,0,6,兆豐-三重,2024-11-22,7008
3290,東浦,6,0,6,兆豐-三重,2024-11-22,7008
8028,昇陽半導體,7,1,6,兆豐-三重,2024-11-22,7008
911868,同方友友-DR,6,0,6,兆豐-三重,2024-11-22,7008
9904,寶成,6,0,6,兆豐-三重,2024-11-22,7008
5876,上海商銀,5,0,5,兆豐-三重,2024-11-22,7008
00636,國泰中國A50,5,0,5,兆豐-三重,2024-11-22,7008
00712,復華富時不動產,5,0,5,兆豐-三重,2024-11-22,7008
00937B,群益ESG投等債20,5,0,5,兆豐-三重,2024-11-22,7008
2601,益航,5,0,5,兆豐-三重,2024-11-22,7008
00959B,大華投等美債15Y+,4,0,4,兆豐-三重,2024-11-22,7008
00952,凱基台灣AI50,4,0,4,兆豐-三重,2024-11-22,7008
2359,所羅門,6,2,4,兆豐-三重,2024-11-22,7008
2453,凌群,4,0,4,兆豐-三重,2024-11-22,7008
5328,華容,4,0,4,兆豐-三重,2024-11-22,7008
5706,鳳凰,4,0,4,兆豐-三重,2024-11-22,7008
2363,矽統,3,0,3,兆豐-三重,2024-11-22,7008
1609,大亞,5,2,3,兆豐-三重,2024-11-22,7008
1785,光洋科,3,0,3,兆豐-三重,2024-11-22,7008
2329,華泰,8,5,3,兆豐-三重,2024-11-22,7008
2431,聯昌,3,0,3,兆豐-三重,2024-11-22,7008
2605,新興,3,0,3,兆豐-三重,2024-11-22,7008
2615,萬海,9,6,3,兆豐-三重,2024-11-22,7008
3581,博磊,4,1,3,兆豐-三重,2024-11-22,7008
5202,力新,3,0,3,兆豐-三重,2024-11-22,7008
5534,長虹,3,0,3,兆豐-三重,2024-11-22,7008
6609,瀧澤科,3,0,3,兆豐-三重,2024-11-22,7008
8467,波力-KY,3,0,3,兆豐-三重,2024-11-22,7008
3027,盛達,2,0,2,兆豐-三重,2024-11-22,7008
1314,中石化,1217,0,1217,兆豐-三重,2024-11-25,7008
2371,大同,213,6,207,兆豐-三重,2024-11-25,7008
9105,泰金寶-DR,178,43,135,兆豐-三重,2024-11-25,7008
2888,新光金,110,0,110,兆豐-三重,2024-11-25,7008
2834,臺企銀,55,0,55,兆豐-三重,2024-11-25,7008
2618,長榮航,51,12,39,兆豐-三重,2024-11-25,7008
00887,永豐中國科技50大,30,0,30,兆豐-三重,2024-11-25,7008
1781,合世,30,0,30,兆豐-三重,2024-11-25,7008
2615,萬海,28,6,22,兆豐-三重,2024-11-25,7008
2474,可成,25,5,20,兆豐-三重,2024-11-25,7008
00706L,期元大S＆P日圓正2,20,0,20,兆豐-三重,2024-11-25,7008
2609,陽明,83,63,20,兆豐-三重,2024-11-25,7008
2816,旺旺保,20,0,20,兆豐-三重,2024-11-25,7008
00909,國泰數位支付服務,18,0,18,兆豐-三重,2024-11-25,7008
00919,群益台灣精選高息,20,2,18,兆豐-三重,2024-11-25,7008
8444,綠河-KY,15,0,15,兆豐-三重,2024-11-25,7008
8044,網家,15,1,14,兆豐-三重,2024-11-25,7008
00960,野村全球航運龍頭,10,0,10,兆豐-三重,2024-11-25,7008
1102,亞泥,10,0,10,兆豐-三重,2024-11-25,7008
2444,兆勁,10,0,10,兆豐-三重,2024-11-25,7008
2601,益航,10,0,10,兆豐-三重,2024-11-25,7008
2891,中信金,10,0,10,兆豐-三重,2024-11-25,7008
3047,訊舟,11,1,10,兆豐-三重,2024-11-25,7008
6443,元晶,10,0,10,兆豐-三重,2024-11-25,7008
00877,復華中國5G,9,0,9,兆豐-三重,2024-11-25,7008
00636,國泰中國A50,7,0,7,兆豐-三重,2024-11-25,7008
6282,康舒,16,10,6,兆豐-三重,2024-11-25,7008
5465,富驊,7,1,6,兆豐-三重,2024-11-25,7008
1101,台泥,94,88,6,兆豐-三重,2024-11-25,7008
1528,恩德,7,1,6,兆豐-三重,2024-11-25,7008
2413,環科,6,0,6,兆豐-三重,2024-11-25,7008
6274,台燿,7,1,6,兆豐-三重,2024-11-25,7008
2449,京元電子,8,2,6,兆豐-三重,2024-11-25,7008
1909,榮成,5,0,5,兆豐-三重,2024-11-25,7008
2349,錸德,5,0,5,兆豐-三重,2024-11-25,7008
3049,精金,5,0,5,兆豐-三重,2024-11-25,7008
3317,尼克森,5,0,5,兆豐-三重,2024-11-25,7008
6109,亞元,5,0,5,兆豐-三重,2024-11-25,7008
8261,富鼎,5,0,5,兆豐-三重,2024-11-25,7008
8349,�矬�,5,0,5,兆豐-三重,2024-11-25,7008
1402,遠東新,4,0,4,兆豐-三重,2024-11-25,7008
3481,群創,9,5,4,兆豐-三重,2024-11-25,7008
6873,泓德能源,4,0,4,兆豐-三重,2024-11-25,7008
1815,富喬,31,28,3,兆豐-三重,2024-11-25,7008
00881,國泰台灣5G+,3,0,3,兆豐-三重,2024-11-25,7008
2330,台積電,59,56,3,兆豐-三重,2024-11-25,7008
2367,燿華,5,2,3,兆豐-三重,2024-11-25,7008
00901,永豐智能車供應鏈,3,0,3,兆豐-三重,2024-11-25,7008
00656R,國泰中國A50反1,3,0,3,兆豐-三重,2024-11-25,7008
2603,長榮,3,0,3,兆豐-三重,2024-11-25,7008
1314,中石化,600,108,492,兆豐-三重,2024-11-26,7008
2317,鴻海,313,152,161,兆豐-三重,2024-11-26,7008
2615,萬海,34,0,34,兆豐-三重,2024-11-26,7008
3162,精確,34,6,28,兆豐-三重,2024-11-26,7008
9945,潤泰新,28,0,28,兆豐-三重,2024-11-26,7008
2547,日勝生,26,0,26,兆豐-三重,2024-11-26,7008
2887,台新金,77,56,21,兆豐-三重,2024-11-26,7008
00887,永豐中國科技50大,20,0,20,兆豐-三重,2024-11-26,7008
2834,臺企銀,20,0,20,兆豐-三重,2024-11-26,7008
5309,系統電,31,17,14,兆豐-三重,2024-11-26,7008
9904,寶成,13,0,13,兆豐-三重,2024-11-26,7008
00878,國泰永續高股息,13,1,12,兆豐-三重,2024-11-26,7008
2371,大同,97,86,11,兆豐-三重,2024-11-26,7008
2498,宏達電,15,4,11,兆豐-三重,2024-11-26,7008
1102,亞泥,10,0,10,兆豐-三重,2024-11-26,7008
00852L,國泰美國道瓊正2,10,0,10,兆豐-三重,2024-11-26,7008
2344,華邦電,10,0,10,兆豐-三重,2024-11-26,7008
2515,中工,10,0,10,兆豐-三重,2024-11-26,7008
3706,神達,43,33,10,兆豐-三重,2024-11-26,7008
4513,福裕,10,0,10,兆豐-三重,2024-11-26,7008
6558,興能高,11,1,10,兆豐-三重,2024-11-26,7008
3029,零壹,11,1,10,兆豐-三重,2024-11-26,7008
1785,光洋科,8,0,8,兆豐-三重,2024-11-26,7008
2801,彰銀,10,2,8,兆豐-三重,2024-11-26,7008
3231,緯創,21,13,8,兆豐-三重,2024-11-26,7008
6156,松上,9,1,8,兆豐-三重,2024-11-26,7008
8111,立��,9,1,8,兆豐-三重,2024-11-26,7008
006208,富邦台50,8,0,8,兆豐-三重,2024-11-26,7008
00919,群益台灣精選高息,8,0,8,兆豐-三重,2024-11-26,7008
9105,泰金寶-DR,7,0,7,兆豐-三重,2024-11-26,7008
6609,瀧澤科,12,5,7,兆豐-三重,2024-11-26,7008
2313,華通,9,2,7,兆豐-三重,2024-11-26,7008
2392,正崴,46,40,6,兆豐-三重,2024-11-26,7008
2327,國巨,7,1,6,兆豐-三重,2024-11-26,7008
3017,奇鋐,6,0,6,兆豐-三重,2024-11-26,7008
6118,建達,7,1,6,兆豐-三重,2024-11-26,7008
8033,雷虎,10,4,6,兆豐-三重,2024-11-26,7008
3481,群創,6,1,5,兆豐-三重,2024-11-26,7008
00939,統一台灣高息動能,5,0,5,兆豐-三重,2024-11-26,7008
1402,遠東新,5,0,5,兆豐-三重,2024-11-26,7008
2002,中鋼,5,0,5,兆豐-三重,2024-11-26,7008
2412,中華電,5,0,5,兆豐-三重,2024-11-26,7008
2634,漢翔,6,1,5,兆豐-三重,2024-11-26,7008
3090,日電貿,7,2,5,兆豐-三重,2024-11-26,7008
6213,聯茂,7,2,5,兆豐-三重,2024-11-26,7008
8032,光菱,12,7,5,兆豐-三重,2024-11-26,7008
1802,台玻,48,44,4,兆豐-三重,2024-11-26,7008
2009,第一銅,4,0,4,兆豐-三重,2024-11-26,7008
2359,所羅門,12,8,4,兆豐-三重,2024-11-26,7008
2426,鼎元,13,9,4,兆豐-三重,2024-11-26,7008
2371,大同,2371,37,2334,兆豐-三重,2024-11-27,7008
1314,中石化,900,0,900,兆豐-三重,2024-11-27,7008
0056,元大高股息,71,0,71,兆豐-三重,2024-11-27,7008
2303,聯電,168,105,63,兆豐-三重,2024-11-27,7008
3029,零壹,67,17,50,兆豐-三重,2024-11-27,7008
3231,緯創,52,10,42,兆豐-三重,2024-11-27,7008
00919,群益台灣精選高息,41,0,41,兆豐-三重,2024-11-27,7008
020031,統一IC設計臺灣N,40,0,40,兆豐-三重,2024-11-27,7008
9945,潤泰新,34,0,34,兆豐-三重,2024-11-27,7008
00923,群益台ESG低碳50,33,0,33,兆豐-三重,2024-11-27,7008
1536,和大,58,26,32,兆豐-三重,2024-11-27,7008
2609,陽明,39,8,31,兆豐-三重,2024-11-27,7008
00878,國泰永續高股息,39,8,31,兆豐-三重,2024-11-27,7008
00929,復華台灣科技優息,23,0,23,兆豐-三重,2024-11-27,7008
2603,長榮,30,8,22,兆豐-三重,2024-11-27,7008
2344,華邦電,19,1,18,兆豐-三重,2024-11-27,7008
3706,神達,58,40,18,兆豐-三重,2024-11-27,7008
1785,光洋科,13,0,13,兆豐-三重,2024-11-27,7008
2646,星宇航空,13,0,13,兆豐-三重,2024-11-27,7008
00887,永豐中國科技50大,12,0,12,兆豐-三重,2024-11-27,7008
3712,永崴投控,24,12,12,兆豐-三重,2024-11-27,7008
4977,眾達-KY,16,4,12,兆豐-三重,2024-11-27,7008
6016,康和證,12,0,12,兆豐-三重,2024-11-27,7008
2615,萬海,15,4,11,兆豐-三重,2024-11-27,7008
1815,富喬,36,25,11,兆豐-三重,2024-11-27,7008
5202,力新,11,0,11,兆豐-三重,2024-11-27,7008
2357,華碩,10,0,10,兆豐-三重,2024-11-27,7008
00881,國泰台灣5G+,10,0,10,兆豐-三重,2024-11-27,7008
1455,集盛,10,0,10,兆豐-三重,2024-11-27,7008
2201,裕隆,10,0,10,兆豐-三重,2024-11-27,7008
2801,彰銀,10,0,10,兆豐-三重,2024-11-27,7008
8104,錸寶,11,1,10,兆豐-三重,2024-11-27,7008
2834,臺企銀,9,0,9,兆豐-三重,2024-11-27,7008
006208,富邦台50,9,0,9,兆豐-三重,2024-11-27,7008
00918,大華優利高填息30,9,0,9,兆豐-三重,2024-11-27,7008
2002,中鋼,8,0,8,兆豐-三重,2024-11-27,7008
2888,新光金,9,1,8,兆豐-三重,2024-11-27,7008
0050,元大台灣50,8,0,8,兆豐-三重,2024-11-27,7008
2382,廣達,9,2,7,兆豐-三重,2024-11-27,7008
2453,凌群,7,0,7,兆豐-三重,2024-11-27,7008
2330,台積電,109,102,7,兆豐-三重,2024-11-27,7008
2409,友達,10,3,7,兆豐-三重,2024-11-27,7008
6187,萬潤,6,0,6,兆豐-三重,2024-11-27,7008
00940,元大台灣價值高息,6,0,6,兆豐-三重,2024-11-27,7008
1307,三芳,6,0,6,兆豐-三重,2024-11-27,7008
2882,國泰金,6,0,6,兆豐-三重,2024-11-27,7008
5512,力麒,6,0,6,兆豐-三重,2024-11-27,7008
6414,樺漢,6,0,6,兆豐-三重,2024-11-27,7008
2356,英業達,5,0,5,兆豐-三重,2024-11-27,7008
00946,群益科技高息成長,5,0,5,兆豐-三重,2024-11-27,7008
1504,東元,91,0,91,兆豐-三重,2024-11-28,7008
2834,臺企銀,80,0,80,兆豐-三重,2024-11-28,7008
2371,大同,119,61,58,兆豐-三重,2024-11-28,7008
2313,華通,46,1,45,兆豐-三重,2024-11-28,7008
2474,可成,40,0,40,兆豐-三重,2024-11-28,7008
00919,群益台灣精選高息,31,0,31,兆豐-三重,2024-11-28,7008
00891,中信關鍵半導體,30,0,30,兆豐-三重,2024-11-28,7008
00940,元大台灣價值高息,28,0,28,兆豐-三重,2024-11-28,7008
2344,華邦電,27,0,27,兆豐-三重,2024-11-28,7008
4105,東洋,22,0,22,兆豐-三重,2024-11-28,7008
9945,潤泰新,21,0,21,兆豐-三重,2024-11-28,7008
00929,復華台灣科技優息,16,0,16,兆豐-三重,2024-11-28,7008
2324,仁寶,16,0,16,兆豐-三重,2024-11-28,7008
6153,嘉聯益,16,0,16,兆豐-三重,2024-11-28,7008
00922,國泰台灣領袖50,15,0,15,兆豐-三重,2024-11-28,7008
2317,鴻海,23,7,16,兆豐-三重,2024-11-28,7008
3209,全科,15,0,15,兆豐-三重,2024-11-28,7008
0056,元大高股息,15,0,15,兆豐-三重,2024-11-28,7008
2354,鴻準,92,78,14,兆豐-三重,2024-11-28,7008
4164,承業醫,32,18,14,兆豐-三重,2024-11-28,7008
4510,高鋒,115,101,14,兆豐-三重,2024-11-28,7008
00878,國泰永續高股息,16,3,13,兆豐-三重,2024-11-28,7008
2852,第一保,13,0,13,兆豐-三重,2024-11-28,7008
2915,潤泰全,13,0,13,兆豐-三重,2024-11-28,7008
6213,聯茂,11,0,11,兆豐-三重,2024-11-28,7008
6605,帝寶,11,0,11,兆豐-三重,2024-11-28,7008
00633L,富邦上証正2,10,0,10,兆豐-三重,2024-11-28,7008
2002,中鋼,10,0,10,兆豐-三重,2024-11-28,7008
5864,致和證,10,0,10,兆豐-三重,2024-11-28,7008
5880,合庫金,10,0,10,兆豐-三重,2024-11-28,7008
6142,友勁,10,0,10,兆豐-三重,2024-11-28,7008
8111,立��,17,7,10,兆豐-三重,2024-11-28,7008
2070,精湛,15,6,9,兆豐-三重,2024-11-28,7008
3622,洋華,10,2,8,兆豐-三重,2024-11-28,7008
4162,智擎,8,0,8,兆豐-三重,2024-11-28,7008
2312,金寶,27,20,7,兆豐-三重,2024-11-28,7008
2887,台新金,7,0,7,兆豐-三重,2024-11-28,7008
6156,松上,7,0,7,兆豐-三重,2024-11-28,7008
1815,富喬,48,42,6,兆豐-三重,2024-11-28,7008
2351,順德,14,8,6,兆豐-三重,2024-11-28,7008
5202,力新,6,0,6,兆豐-三重,2024-11-28,7008
6770,力積電,6,0,6,兆豐-三重,2024-11-28,7008
00713,元大台灣高息低波,5,0,5,兆豐-三重,2024-11-28,7008
00888,永豐台灣ESG,5,0,5,兆豐-三重,2024-11-28,7008
1605,華新,5,0,5,兆豐-三重,2024-11-28,7008
1785,光洋科,6,1,5,兆豐-三重,2024-11-28,7008
2303,聯電,32,27,5,兆豐-三重,2024-11-28,7008
2603,長榮,5,0,5,兆豐-三重,2024-11-28,7008
2636,台驊控股,5,0,5,兆豐-三重,2024-11-28,7008
2816,旺旺保,5,0,5,兆豐-三重,2024-11-28,7008
2002,中鋼,23,0,23,兆豐-三重,2024-11-29,7008
00878,國泰永續高股息,23,3,20,兆豐-三重,2024-11-29,7008
2883,凱基金,20,1,19,兆豐-三重,2024-11-29,7008
6186,新潤,18,0,18,兆豐-三重,2024-11-29,7008
2887,台新金,16,0,16,兆豐-三重,2024-11-29,7008
00919,群益台灣精選高息,25,10,15,兆豐-三重,2024-11-29,7008
5481,新華,15,0,15,兆豐-三重,2024-11-29,7008
6257,矽格,12,0,12,兆豐-三重,2024-11-29,7008
1301,台塑,11,0,11,兆豐-三重,2024-11-29,7008
1569,濱川,29,18,11,兆豐-三重,2024-11-29,7008
2330,台積電,212,201,11,兆豐-三重,2024-11-29,7008
0056,元大高股息,11,1,10,兆豐-三重,2024-11-29,7008
2801,彰銀,10,0,10,兆豐-三重,2024-11-29,7008
2838,聯邦銀,10,0,10,兆豐-三重,2024-11-29,7008
6261,久元,10,0,10,兆豐-三重,2024-11-29,7008
00712,復華富時不動產,10,1,9,兆豐-三重,2024-11-29,7008
00943,兆豐電子高息等權,8,0,8,兆豐-三重,2024-11-29,7008
5309,系統電,17,9,8,兆豐-三重,2024-11-29,7008
6180,橘子,9,1,8,兆豐-三重,2024-11-29,7008
00713,元大台灣高息低波,6,0,6,兆豐-三重,2024-11-29,7008
1326,台化,6,0,6,兆豐-三重,2024-11-29,7008
1611,中電,6,0,6,兆豐-三重,2024-11-29,7008
2603,長榮,7,1,6,兆豐-三重,2024-11-29,7008
2618,長榮航,19,13,6,兆豐-三重,2024-11-29,7008
3712,永崴投控,18,12,6,兆豐-三重,2024-11-29,7008
6239,力成,6,0,6,兆豐-三重,2024-11-29,7008
2615,萬海,17,12,5,兆豐-三重,2024-11-29,7008
2881,富邦金,5,0,5,兆豐-三重,2024-11-29,7008
00960,野村全球航運龍頭,5,0,5,兆豐-三重,2024-11-29,7008
00930,永豐ESG低碳高息,5,0,5,兆豐-三重,2024-11-29,7008
1304,台聚,5,0,5,兆豐-三重,2024-11-29,7008
1305,華夏,5,0,5,兆豐-三重,2024-11-29,7008
2351,順德,6,1,5,兆豐-三重,2024-11-29,7008
2412,中華電,105,100,5,兆豐-三重,2024-11-29,7008
2636,台驊控股,5,0,5,兆豐-三重,2024-11-29,7008
2915,潤泰全,5,0,5,兆豐-三重,2024-11-29,7008
3230,錦明,5,0,5,兆豐-三重,2024-11-29,7008
3706,神達,68,63,5,兆豐-三重,2024-11-29,7008
4523,永彰,5,0,5,兆豐-三重,2024-11-29,7008
6026,福邦證,5,0,5,兆豐-三重,2024-11-29,7008
6505,台塑化,5,0,5,兆豐-三重,2024-11-29,7008
9904,寶成,5,0,5,兆豐-三重,2024-11-29,7008
2834,臺企銀,4,0,4,兆豐-三重,2024-11-29,7008
3264,欣銓,4,0,4,兆豐-三重,2024-11-29,7008
00937B,群益ESG投等債20,4,0,4,兆豐-三重,2024-11-29,7008
00929,復華台灣科技優息,4,0,4,兆豐-三重,2024-11-29,7008
2453,凌群,4,0,4,兆豐-三重,2024-11-29,7008
3058,立德,4,0,4,兆豐-三重,2024-11-29,7008
3346,麗清,4,0,4,兆豐-三重,2024-11-29,7008
8070,長華*,4,0,4,兆豐-三重,2024-11-29,7008
2834,臺企銀,50,0,50,兆豐-三重,2024-12-02,7008
2537,聯上發,40,0,40,兆豐-三重,2024-12-02,7008
4106,雃博,20,0,20,兆豐-三重,2024-12-02,7008
1536,和大,26,8,18,兆豐-三重,2024-12-02,7008
1815,富喬,25,9,16,兆豐-三重,2024-12-02,7008
6589,台康生技,15,0,15,兆豐-三重,2024-12-02,7008
6609,瀧澤科,15,0,15,兆豐-三重,2024-12-02,7008
8444,綠河-KY,15,0,15,兆豐-三重,2024-12-02,7008
00919,群益台灣精選高息,37,22,15,兆豐-三重,2024-12-02,7008
00712,復華富時不動產,14,0,14,兆豐-三重,2024-12-02,7008
2351,順德,13,0,13,兆豐-三重,2024-12-02,7008
4123,晟德,11,0,11,兆豐-三重,2024-12-02,7008
3625,西勝,11,0,11,兆豐-三重,2024-12-02,7008
4763,材料-KY,11,0,11,兆豐-三重,2024-12-02,7008
00878,國泰永續高股息,11,1,10,兆豐-三重,2024-12-02,7008
2356,英業達,10,0,10,兆豐-三重,2024-12-02,7008
1447,力鵬,10,0,10,兆豐-三重,2024-12-02,7008
4162,智擎,10,0,10,兆豐-三重,2024-12-02,7008
6175,立敦,10,0,10,兆豐-三重,2024-12-02,7008
2382,廣達,9,0,9,兆豐-三重,2024-12-02,7008
2317,鴻海,12,4,8,兆豐-三重,2024-12-02,7008
00918,大華優利高填息30,8,0,8,兆豐-三重,2024-12-02,7008
2009,第一銅,8,0,8,兆豐-三重,2024-12-02,7008
2371,大同,12,4,8,兆豐-三重,2024-12-02,7008
5328,華容,7,0,7,兆豐-三重,2024-12-02,7008
8033,雷虎,7,0,7,兆豐-三重,2024-12-02,7008
3013,晟銘電,7,1,6,兆豐-三重,2024-12-02,7008
3481,群創,10,4,6,兆豐-三重,2024-12-02,7008
3548,兆利,6,0,6,兆豐-三重,2024-12-02,7008
8028,昇陽半導體,12,6,6,兆豐-三重,2024-12-02,7008
00943,兆豐電子高息等權,9,4,5,兆豐-三重,2024-12-02,7008
1587,吉茂,5,0,5,兆豐-三重,2024-12-02,7008
1591,駿吉-KY,12,7,5,兆豐-三重,2024-12-02,7008
2354,鴻準,52,47,5,兆豐-三重,2024-12-02,7008
2637,慧洋-KY,5,0,5,兆豐-三重,2024-12-02,7008
2809,京城銀,5,0,5,兆豐-三重,2024-12-02,7008
2897,王道銀行,5,0,5,兆豐-三重,2024-12-02,7008
3066,李洲,5,0,5,兆豐-三重,2024-12-02,7008
3090,日電貿,7,2,5,兆豐-三重,2024-12-02,7008
3551,世禾,5,0,5,兆豐-三重,2024-12-02,7008
6962,ITH-KY,5,0,5,兆豐-三重,2024-12-02,7008
8163,達方,6,1,5,兆豐-三重,2024-12-02,7008
8383,千附,5,0,5,兆豐-三重,2024-12-02,7008
3323,加百裕,46,42,4,兆豐-三重,2024-12-02,7008
1101,台泥,10,6,4,兆豐-三重,2024-12-02,7008
2312,金寶,9,5,4,兆豐-三重,2024-12-02,7008
2337,旺宏,5,1,4,兆豐-三重,2024-12-02,7008
3710,連展投控,4,0,4,兆豐-三重,2024-12-02,7008
8046,南電,5,1,4,兆豐-三重,2024-12-02,7008
2014,中鴻,3,0,3,兆豐-三重,2024-12-02,7008
00919,群益台灣精選高息,188,2,186,兆豐-三重,2024-12-03,7008
00918,大華優利高填息30,84,0,84,兆豐-三重,2024-12-03,7008
6589,台康生技,35,0,35,兆豐-三重,2024-12-03,7008
1781,合世,20,0,20,兆豐-三重,2024-12-03,7008
2354,鴻準,24,4,20,兆豐-三重,2024-12-03,7008
2607,榮運,20,0,20,兆豐-三重,2024-12-03,7008
2637,慧洋-KY,20,0,20,兆豐-三重,2024-12-03,7008
2357,華碩,18,0,18,兆豐-三重,2024-12-03,7008
2618,長榮航,36,19,17,兆豐-三重,2024-12-03,7008
2312,金寶,17,4,13,兆豐-三重,2024-12-03,7008
4303,信立,47,35,12,兆豐-三重,2024-12-03,7008
1528,恩德,12,0,12,兆豐-三重,2024-12-03,7008
4164,承業醫,19,7,12,兆豐-三重,2024-12-03,7008
4991,環宇-KY,13,1,12,兆豐-三重,2024-12-03,7008
3013,晟銘電,13,2,11,兆豐-三重,2024-12-03,7008
3209,全科,11,0,11,兆豐-三重,2024-12-03,7008
2317,鴻海,51,40,11,兆豐-三重,2024-12-03,7008
00712,復華富時不動產,10,0,10,兆豐-三重,2024-12-03,7008
3025,星通,12,2,10,兆豐-三重,2024-12-03,7008
5439,高技,16,6,10,兆豐-三重,2024-12-03,7008
6129,普誠,10,0,10,兆豐-三重,2024-12-03,7008
6153,嘉聯益,10,0,10,兆豐-三重,2024-12-03,7008
5531,鄉林,9,0,9,兆豐-三重,2024-12-03,7008
0056,元大高股息,10,1,9,兆豐-三重,2024-12-03,7008
2472,立隆電,10,2,8,兆豐-三重,2024-12-03,7008
2062,橋椿,10,3,7,兆豐-三重,2024-12-03,7008
00915,凱基優選高股息30,6,0,6,兆豐-三重,2024-12-03,7008
1591,駿吉-KY,30,24,6,兆豐-三重,2024-12-03,7008
2023,燁輝,6,0,6,兆豐-三重,2024-12-03,7008
6177,達麗,6,0,6,兆豐-三重,2024-12-03,7008
6735,美達科技,19,13,6,兆豐-三重,2024-12-03,7008
1536,和大,14,8,6,兆豐-三重,2024-12-03,7008
2385,群光,5,0,5,兆豐-三重,2024-12-03,7008
00932,兆豐永續高息等權,5,0,5,兆豐-三重,2024-12-03,7008
1460,宏遠,5,0,5,兆豐-三重,2024-12-03,7008
1605,華新,6,1,5,兆豐-三重,2024-12-03,7008
2834,臺企銀,5,0,5,兆豐-三重,2024-12-03,7008
2890,永豐金,10,5,5,兆豐-三重,2024-12-03,7008
2897,王道銀行,5,0,5,兆豐-三重,2024-12-03,7008
3030,德律,5,0,5,兆豐-三重,2024-12-03,7008
3090,日電貿,7,2,5,兆豐-三重,2024-12-03,7008
4956,光鋐,6,1,5,兆豐-三重,2024-12-03,7008
6288,聯嘉,5,0,5,兆豐-三重,2024-12-03,7008
3324,雙鴻,7,2,5,兆豐-三重,2024-12-03,7008
2382,廣達,8,4,4,兆豐-三重,2024-12-03,7008
2329,華泰,15,11,4,兆豐-三重,2024-12-03,7008
4906,正文,4,0,4,兆豐-三重,2024-12-03,7008
4938,和碩,4,0,4,兆豐-三重,2024-12-03,7008
6962,ITH-KY,4,0,4,兆豐-三重,2024-12-03,7008
8150,南茂,4,0,4,兆豐-三重,2024-12-03,7008
00878,國泰永續高股息,122,11,111,兆豐-三重,2024-12-04,7008
2317,鴻海,108,15,93,兆豐-三重,2024-12-04,7008
4510,高鋒,85,25,60,兆豐-三重,2024-12-04,7008
2618,長榮航,64,9,55,兆豐-三重,2024-12-04,7008
6589,台康生技,52,0,52,兆豐-三重,2024-12-04,7008
00919,群益台灣精選高息,51,2,49,兆豐-三重,2024-12-04,7008
8444,綠河-KY,46,0,46,兆豐-三重,2024-12-04,7008
1591,駿吉-KY,67,34,33,兆豐-三重,2024-12-04,7008
3228,金麗科,24,0,24,兆豐-三重,2024-12-04,7008
2062,橋椿,19,0,19,兆豐-三重,2024-12-04,7008
3050,鈺德,16,0,16,兆豐-三重,2024-12-04,7008
3290,東浦,14,0,14,兆豐-三重,2024-12-04,7008
00712,復華富時不動產,16,3,13,兆豐-三重,2024-12-04,7008
00937B,群益ESG投等債20,13,0,13,兆豐-三重,2024-12-04,7008
8111,立��,12,0,12,兆豐-三重,2024-12-04,7008
2312,金寶,22,11,11,兆豐-三重,2024-12-04,7008
2637,慧洋-KY,16,5,11,兆豐-三重,2024-12-04,7008
00926,凱基全球菁英55,10,0,10,兆豐-三重,2024-12-04,7008
00772B,中信高評級公司債,10,0,10,兆豐-三重,2024-12-04,7008
1476,儒鴻,10,0,10,兆豐-三重,2024-12-04,7008
2332,友訊,10,0,10,兆豐-三重,2024-12-04,7008
2408,南亞科,10,0,10,兆豐-三重,2024-12-04,7008
2444,兆勁,12,2,10,兆豐-三重,2024-12-04,7008
6005,群益證,10,0,10,兆豐-三重,2024-12-04,7008
6117,迎廣,10,0,10,兆豐-三重,2024-12-04,7008
2605,新興,7,0,7,兆豐-三重,2024-12-04,7008
2845,遠東銀,7,0,7,兆豐-三重,2024-12-04,7008
2887,台新金,7,0,7,兆豐-三重,2024-12-04,7008
3622,洋華,7,0,7,兆豐-三重,2024-12-04,7008
4133,亞諾法,7,0,7,兆豐-三重,2024-12-04,7008
2314,台揚,6,0,6,兆豐-三重,2024-12-04,7008
2603,長榮,7,1,6,兆豐-三重,2024-12-04,7008
9105,泰金寶-DR,56,50,6,兆豐-三重,2024-12-04,7008
2357,華碩,6,0,6,兆豐-三重,2024-12-04,7008
3138,耀登,5,0,5,兆豐-三重,2024-12-04,7008
1460,宏遠,5,0,5,兆豐-三重,2024-12-04,7008
00670L,富邦NASDAQ正2,5,0,5,兆豐-三重,2024-12-04,7008
2426,鼎元,13,8,5,兆豐-三重,2024-12-04,7008
2809,京城銀,5,0,5,兆豐-三重,2024-12-04,7008
6530,創威,17,12,5,兆豐-三重,2024-12-04,7008
2344,華邦電,11,6,5,兆豐-三重,2024-12-04,7008
00713,元大台灣高息低波,4,0,4,兆豐-三重,2024-12-04,7008
1301,台塑,13,9,4,兆豐-三重,2024-12-04,7008
1618,合機,4,0,4,兆豐-三重,2024-12-04,7008
2419,仲琦,5,1,4,兆豐-三重,2024-12-04,7008
2929,淘帝-KY,4,0,4,兆豐-三重,2024-12-04,7008
4303,信立,4,0,4,兆豐-三重,2024-12-04,7008
4971,IET-KY,4,0,4,兆豐-三重,2024-12-04,7008
5244,弘凱,9,5,4,兆豐-三重,2024-12-04,7008
6133,金橋,6,2,4,兆豐-三重,2024-12-04,7008
2845,遠東銀,135,0,135,兆豐-三重,2024-12-05,7008
6016,康和證,50,0,50,兆豐-三重,2024-12-05,7008
2392,正崴,53,14,39,兆豐-三重,2024-12-05,7008
8444,綠河-KY,34,0,34,兆豐-三重,2024-12-05,7008
4746,台耀,30,0,30,兆豐-三重,2024-12-05,7008
3712,永崴投控,33,6,27,兆豐-三重,2024-12-05,7008
6274,台燿,30,4,26,兆豐-三重,2024-12-05,7008
00772B,中信高評級公司債,22,0,22,兆豐-三重,2024-12-05,7008
1815,富喬,72,50,22,兆豐-三重,2024-12-05,7008
2371,大同,30,8,22,兆豐-三重,2024-12-05,7008
2312,金寶,35,14,21,兆豐-三重,2024-12-05,7008
2883,凱基金,20,2,18,兆豐-三重,2024-12-05,7008
3323,加百裕,19,3,16,兆豐-三重,2024-12-05,7008
6589,台康生技,15,0,15,兆豐-三重,2024-12-05,7008
9945,潤泰新,14,0,14,兆豐-三重,2024-12-05,7008
4133,亞諾法,13,0,13,兆豐-三重,2024-12-05,7008
5222,全訊,12,0,12,兆豐-三重,2024-12-05,7008
00918,大華優利高填息30,11,0,11,兆豐-三重,2024-12-05,7008
00665L,富邦�琤肭磪囓�2,10,0,10,兆豐-三重,2024-12-05,7008
00922,國泰台灣領袖50,10,0,10,兆豐-三重,2024-12-05,7008
1460,宏遠,10,0,10,兆豐-三重,2024-12-05,7008
6605,帝寶,10,0,10,兆豐-三重,2024-12-05,7008
8096,擎亞,10,0,10,兆豐-三重,2024-12-05,7008
8176,智捷,10,0,10,兆豐-三重,2024-12-05,7008
8215,明基材,10,0,10,兆豐-三重,2024-12-05,7008
2375,凱美,24,15,9,兆豐-三重,2024-12-05,7008
6213,聯茂,12,3,9,兆豐-三重,2024-12-05,7008
2609,陽明,11,3,8,兆豐-三重,2024-12-05,7008
3167,大量,10,2,8,兆豐-三重,2024-12-05,7008
3548,兆利,23,15,8,兆豐-三重,2024-12-05,7008
3376,新日興,7,0,7,兆豐-三重,2024-12-05,7008
00881,國泰台灣5G+,7,0,7,兆豐-三重,2024-12-05,7008
2419,仲琦,6,0,6,兆豐-三重,2024-12-05,7008
3015,全漢,11,5,6,兆豐-三重,2024-12-05,7008
4532,瑞智,6,0,6,兆豐-三重,2024-12-05,7008
2002,中鋼,5,0,5,兆豐-三重,2024-12-05,7008
00932,兆豐永續高息等權,5,0,5,兆豐-三重,2024-12-05,7008
2009,第一銅,6,1,5,兆豐-三重,2024-12-05,7008
3163,波若威,8,3,5,兆豐-三重,2024-12-05,7008
3290,東浦,5,0,5,兆豐-三重,2024-12-05,7008
3317,尼克森,6,1,5,兆豐-三重,2024-12-05,7008
4303,信立,20,15,5,兆豐-三重,2024-12-05,7008
4933,友輝,5,0,5,兆豐-三重,2024-12-05,7008
5347,世界,5,0,5,兆豐-三重,2024-12-05,7008
5439,高技,18,13,5,兆豐-三重,2024-12-05,7008
6177,達麗,5,0,5,兆豐-三重,2024-12-05,7008
6609,瀧澤科,10,5,5,兆豐-三重,2024-12-05,7008
8064,東捷,5,0,5,兆豐-三重,2024-12-05,7008
8070,長華*,10,5,5,兆豐-三重,2024-12-05,7008
6425,易發,24,20,4,兆豐-三重,2024-12-05,7008
2845,遠東銀,134,0,134,兆豐-三重,2024-12-06,7008
00953B,群益優選非投等債,60,0,60,兆豐-三重,2024-12-06,7008
2633,台灣高鐵,50,0,50,兆豐-三重,2024-12-06,7008
2880,華南金,28,0,28,兆豐-三重,2024-12-06,7008
2887,台新金,26,0,26,兆豐-三重,2024-12-06,7008
1809,中釉,25,0,25,兆豐-三重,2024-12-06,7008
00712,復華富時不動產,24,0,24,兆豐-三重,2024-12-06,7008
2354,鴻準,79,58,21,兆豐-三重,2024-12-06,7008
6005,群益證,21,0,21,兆豐-三重,2024-12-06,7008
5438,東友,20,0,20,兆豐-三重,2024-12-06,7008
3293,鈊象,31,12,19,兆豐-三重,2024-12-06,7008
1802,台玻,25,8,17,兆豐-三重,2024-12-06,7008
8176,智捷,25,10,15,兆豐-三重,2024-12-06,7008
5519,隆大,13,0,13,兆豐-三重,2024-12-06,7008
4164,承業醫,12,0,12,兆豐-三重,2024-12-06,7008
4919,新唐,15,3,12,兆豐-三重,2024-12-06,7008
3390,旭軟,11,0,11,兆豐-三重,2024-12-06,7008
6589,台康生技,11,0,11,兆豐-三重,2024-12-06,7008
8028,昇陽半導體,13,3,10,兆豐-三重,2024-12-06,7008
3447,展達,13,3,10,兆豐-三重,2024-12-06,7008
5222,全訊,10,0,10,兆豐-三重,2024-12-06,7008
8930,青鋼,10,0,10,兆豐-三重,2024-12-06,7008
1605,華新,11,2,9,兆豐-三重,2024-12-06,7008
2472,立隆電,10,1,9,兆豐-三重,2024-12-06,7008
3591,艾笛森,10,1,9,兆豐-三重,2024-12-06,7008
2062,橋椿,14,6,8,兆豐-三重,2024-12-06,7008
2442,新美齊,8,0,8,兆豐-三重,2024-12-06,7008
2883,凱基金,65,57,8,兆豐-三重,2024-12-06,7008
6163,華電網,8,0,8,兆豐-三重,2024-12-06,7008
1316,上曜,8,0,8,兆豐-三重,2024-12-06,7008
1339,昭輝,7,0,7,兆豐-三重,2024-12-06,7008
6530,創威,7,0,7,兆豐-三重,2024-12-06,7008
2409,友達,7,0,7,兆豐-三重,2024-12-06,7008
2392,正崴,6,0,6,兆豐-三重,2024-12-06,7008
1217,愛之味,6,0,6,兆豐-三重,2024-12-06,7008
2476,鉅祥,6,0,6,兆豐-三重,2024-12-06,7008
2543,皇昌,6,0,6,兆豐-三重,2024-12-06,7008
9946,三發地產,6,0,6,兆豐-三重,2024-12-06,7008
00830,國泰費城半導體,6,0,6,兆豐-三重,2024-12-06,7008
1460,宏遠,5,0,5,兆豐-三重,2024-12-06,7008
2329,華泰,10,5,5,兆豐-三重,2024-12-06,7008
2332,友訊,5,0,5,兆豐-三重,2024-12-06,7008
2344,華邦電,9,4,5,兆豐-三重,2024-12-06,7008
2501,國建,5,0,5,兆豐-三重,2024-12-06,7008
2736,富野,5,0,5,兆豐-三重,2024-12-06,7008
2867,三商壽,5,0,5,兆豐-三重,2024-12-06,7008
3013,晟銘電,6,1,5,兆豐-三重,2024-12-06,7008
3376,新日興,7,2,5,兆豐-三重,2024-12-06,7008
3537,堡達,5,0,5,兆豐-三重,2024-12-06,7008
4763,材料-KY,5,0,5,兆豐-三重,2024-12-06,7008
2883,凱基金,45,3,42,兆豐-三重,2024-12-09,7008
2392,正崴,41,1,40,兆豐-三重,2024-12-09,7008
00919,群益台灣精選高息,37,0,37,兆豐-三重,2024-12-09,7008
6609,瀧澤科,37,0,37,兆豐-三重,2024-12-09,7008
6016,康和證,30,0,30,兆豐-三重,2024-12-09,7008
00900,富邦特選高股息30,21,0,21,兆豐-三重,2024-12-09,7008
2474,可成,20,0,20,兆豐-三重,2024-12-09,7008
1102,亞泥,20,0,20,兆豐-三重,2024-12-09,7008
00713,元大台灣高息低波,19,0,19,兆豐-三重,2024-12-09,7008
6426,統新,38,20,18,兆豐-三重,2024-12-09,7008
2603,長榮,20,5,15,兆豐-三重,2024-12-09,7008
2615,萬海,18,3,15,兆豐-三重,2024-12-09,7008
2354,鴻準,106,92,14,兆豐-三重,2024-12-09,7008
8011,台通,15,1,14,兆豐-三重,2024-12-09,7008
1303,南亞,18,5,13,兆豐-三重,2024-12-09,7008
00910,第一金太空衛星,12,0,12,兆豐-三重,2024-12-09,7008
00909,國泰數位支付服務,11,0,11,兆豐-三重,2024-12-09,7008
2332,友訊,11,0,11,兆豐-三重,2024-12-09,7008
3710,連展投控,11,0,11,兆豐-三重,2024-12-09,7008
00670L,富邦NASDAQ正2,10,0,10,兆豐-三重,2024-12-09,7008
00715L,期街口布蘭特正2,10,0,10,兆豐-三重,2024-12-09,7008
00953B,群益優選非投等債,10,0,10,兆豐-三重,2024-12-09,7008
2405,輔信,10,0,10,兆豐-三重,2024-12-09,7008
6605,帝寶,10,0,10,兆豐-三重,2024-12-09,7008
8176,智捷,20,10,10,兆豐-三重,2024-12-09,7008
1301,台塑,10,0,10,兆豐-三重,2024-12-09,7008
2809,京城銀,9,0,9,兆豐-三重,2024-12-09,7008
3090,日電貿,11,2,9,兆豐-三重,2024-12-09,7008
4931,新盛力,11,3,8,兆豐-三重,2024-12-09,7008
6770,力積電,8,0,8,兆豐-三重,2024-12-09,7008
2317,鴻海,9,1,8,兆豐-三重,2024-12-09,7008
1217,愛之味,7,0,7,兆豐-三重,2024-12-09,7008
5484,慧友,7,0,7,兆豐-三重,2024-12-09,7008
1815,富喬,10,4,6,兆豐-三重,2024-12-09,7008
1609,大亞,6,0,6,兆豐-三重,2024-12-09,7008
3712,永崴投控,10,4,6,兆豐-三重,2024-12-09,7008
4956,光鋐,6,0,6,兆豐-三重,2024-12-09,7008
6505,台塑化,9,3,6,兆豐-三重,2024-12-09,7008
6558,興能高,8,2,6,兆豐-三重,2024-12-09,7008
3211,順達,7,2,5,兆豐-三重,2024-12-09,7008
5871,中租-KY,5,0,5,兆豐-三重,2024-12-09,7008
00878,國泰永續高股息,6,1,5,兆豐-三重,2024-12-09,7008
00712,復華富時不動產,5,0,5,兆豐-三重,2024-12-09,7008
1312,國喬,5,0,5,兆豐-三重,2024-12-09,7008
1532,勤美,5,0,5,兆豐-三重,2024-12-09,7008
2340,台亞,5,0,5,兆豐-三重,2024-12-09,7008
2745,五福,5,0,5,兆豐-三重,2024-12-09,7008
3138,耀登,5,0,5,兆豐-三重,2024-12-09,7008
3537,堡達,5,0,5,兆豐-三重,2024-12-09,7008
5315,光聯,5,0,5,兆豐-三重,2024-12-09,7008
2618,長榮航,135,18,117,兆豐-三重,2024-12-10,7008
1301,台塑,77,8,69,兆豐-三重,2024-12-10,7008
2317,鴻海,54,9,45,兆豐-三重,2024-12-10,7008
2474,可成,40,0,40,兆豐-三重,2024-12-10,7008
2883,凱基金,150,111,39,兆豐-三重,2024-12-10,7008
3706,神達,77,43,34,兆豐-三重,2024-12-10,7008
1718,中纖,30,0,30,兆豐-三重,2024-12-10,7008
00937B,群益ESG投等債20,26,0,26,兆豐-三重,2024-12-10,7008
2354,鴻準,96,71,25,兆豐-三重,2024-12-10,7008
1316,上曜,20,0,20,兆豐-三重,2024-12-10,7008
2605,新興,20,0,20,兆豐-三重,2024-12-10,7008
2867,三商壽,20,0,20,兆豐-三重,2024-12-10,7008
6531,愛普*,20,0,20,兆豐-三重,2024-12-10,7008
3019,亞光,20,1,19,兆豐-三重,2024-12-10,7008
6609,瀧澤科,18,1,17,兆豐-三重,2024-12-10,7008
5202,力新,22,6,16,兆豐-三重,2024-12-10,7008
00715L,期街口布蘭特正2,15,0,15,兆豐-三重,2024-12-10,7008
6016,康和證,15,0,15,兆豐-三重,2024-12-10,7008
6877,鏵友益,15,0,15,兆豐-三重,2024-12-10,7008
00918,大華優利高填息30,13,0,13,兆豐-三重,2024-12-10,7008
8444,綠河-KY,13,0,13,兆豐-三重,2024-12-10,7008
2303,聯電,32,20,12,兆豐-三重,2024-12-10,7008
00945B,凱基美國非投等債,12,0,12,兆豐-三重,2024-12-10,7008
1524,耿鼎,12,1,11,兆豐-三重,2024-12-10,7008
2610,華航,17,6,11,兆豐-三重,2024-12-10,7008
2392,正崴,10,0,10,兆豐-三重,2024-12-10,7008
00772B,中信高評級公司債,10,0,10,兆豐-三重,2024-12-10,7008
2634,漢翔,10,0,10,兆豐-三重,2024-12-10,7008
2852,第一保,10,0,10,兆豐-三重,2024-12-10,7008
3228,金麗科,10,0,10,兆豐-三重,2024-12-10,7008
4510,高鋒,10,0,10,兆豐-三重,2024-12-10,7008
9105,泰金寶-DR,10,0,10,兆豐-三重,2024-12-10,7008
2449,京元電子,9,0,9,兆豐-三重,2024-12-10,7008
3715,定穎投控,10,2,8,兆豐-三重,2024-12-10,7008
4977,眾達-KY,41,33,8,兆豐-三重,2024-12-10,7008
8011,台通,8,0,8,兆豐-三重,2024-12-10,7008
2363,矽統,23,16,7,兆豐-三重,2024-12-10,7008
4931,新盛力,13,6,7,兆豐-三重,2024-12-10,7008
6695,芯鼎,7,1,6,兆豐-三重,2024-12-10,7008
00878,國泰永續高股息,7,1,6,兆豐-三重,2024-12-10,7008
2897,王道銀行,5,0,5,兆豐-三重,2024-12-10,7008
00919,群益台灣精選高息,21,16,5,兆豐-三重,2024-12-10,7008
1326,台化,5,0,5,兆豐-三重,2024-12-10,7008
2601,益航,5,0,5,兆豐-三重,2024-12-10,7008
3481,群創,6,1,5,兆豐-三重,2024-12-10,7008
3535,晶彩科,5,0,5,兆豐-三重,2024-12-10,7008
4987,科誠,5,0,5,兆豐-三重,2024-12-10,7008
5864,致和證,5,0,5,兆豐-三重,2024-12-10,7008
6133,金橋,6,1,5,兆豐-三重,2024-12-10,7008
6505,台塑化,10,5,5,兆豐-三重,2024-12-10,7008
2412,中華電,106,60,46,兆豐-三重,2024-12-11,7008
2317,鴻海,130,92,38,兆豐-三重,2024-12-11,7008
8444,綠河-KY,36,0,36,兆豐-三重,2024-12-11,7008
00918,大華優利高填息30,27,0,27,兆豐-三重,2024-12-11,7008
2887,台新金,23,0,23,兆豐-三重,2024-12-11,7008
6605,帝寶,23,0,23,兆豐-三重,2024-12-11,7008
2474,可成,21,0,21,兆豐-三重,2024-12-11,7008
1455,集盛,20,0,20,兆豐-三重,2024-12-11,7008
00928,中信上櫃ESG30,15,0,15,兆豐-三重,2024-12-11,7008
00878,國泰永續高股息,14,1,13,兆豐-三重,2024-12-11,7008
00940,元大台灣價值高息,12,0,12,兆豐-三重,2024-12-11,7008
00919,群益台灣精選高息,12,0,12,兆豐-三重,2024-12-11,7008
3231,緯創,11,0,11,兆豐-三重,2024-12-11,7008
2615,萬海,12,1,11,兆豐-三重,2024-12-11,7008
5371,中光電,15,4,11,兆豐-三重,2024-12-11,7008
00715L,期街口布蘭特正2,10,0,10,兆豐-三重,2024-12-11,7008
2401,凌陽,10,0,10,兆豐-三重,2024-12-11,7008
3607,谷崧,20,10,10,兆豐-三重,2024-12-11,7008
3624,光頡,10,0,10,兆豐-三重,2024-12-11,7008
6684,安格,26,16,10,兆豐-三重,2024-12-11,7008
8213,志超,10,0,10,兆豐-三重,2024-12-11,7008
0056,元大高股息,9,0,9,兆豐-三重,2024-12-11,7008
0050,元大台灣50,9,1,8,兆豐-三重,2024-12-11,7008
00937B,群益ESG投等債20,10,2,8,兆豐-三重,2024-12-11,7008
2392,正崴,8,0,8,兆豐-三重,2024-12-11,7008
3706,神達,33,25,8,兆豐-三重,2024-12-11,7008
2354,鴻準,19,11,8,兆豐-三重,2024-12-11,7008
00830,國泰費城半導體,7,0,7,兆豐-三重,2024-12-11,7008
00900,富邦特選高股息30,7,0,7,兆豐-三重,2024-12-11,7008
2236,百達-KY,7,0,7,兆豐-三重,2024-12-11,7008
6505,台塑化,31,25,6,兆豐-三重,2024-12-11,7008
9945,潤泰新,6,0,6,兆豐-三重,2024-12-11,7008
006208,富邦台50,6,0,6,兆豐-三重,2024-12-11,7008
8054,安國,46,41,5,兆豐-三重,2024-12-11,7008
00636,國泰中國A50,5,0,5,兆豐-三重,2024-12-11,7008
00772B,中信高評級公司債,5,0,5,兆豐-三重,2024-12-11,7008
00887,永豐中國科技50大,5,0,5,兆豐-三重,2024-12-11,7008
1444,力麗,5,0,5,兆豐-三重,2024-12-11,7008
1476,儒鴻,5,0,5,兆豐-三重,2024-12-11,7008
1524,耿鼎,5,0,5,兆豐-三重,2024-12-11,7008
1605,華新,5,0,5,兆豐-三重,2024-12-11,7008
1785,光洋科,5,0,5,兆豐-三重,2024-12-11,7008
2344,華邦電,7,2,5,兆豐-三重,2024-12-11,7008
2414,精技,5,0,5,兆豐-三重,2024-12-11,7008
2637,慧洋-KY,5,0,5,兆豐-三重,2024-12-11,7008
3490,單井,11,6,5,兆豐-三重,2024-12-11,7008
3704,合勤控,5,0,5,兆豐-三重,2024-12-11,7008
4933,友輝,5,0,5,兆豐-三重,2024-12-11,7008
4952,凌通,5,0,5,兆豐-三重,2024-12-11,7008
6016,康和證,5,0,5,兆豐-三重,2024-12-11,7008
4510,高鋒,90,22,68,兆豐-三重,2024-12-12,7008
8444,綠河-KY,58,0,58,兆豐-三重,2024-12-12,7008
2303,聯電,127,70,57,兆豐-三重,2024-12-12,7008
6609,瀧澤科,51,0,51,兆豐-三重,2024-12-12,7008
2618,長榮航,52,7,45,兆豐-三重,2024-12-12,7008
3029,零壹,38,1,37,兆豐-三重,2024-12-12,7008
2474,可成,30,0,30,兆豐-三重,2024-12-12,7008
8374,羅昇,54,24,30,兆豐-三重,2024-12-12,7008
2388,威盛,27,0,27,兆豐-三重,2024-12-12,7008
1802,台玻,43,20,23,兆豐-三重,2024-12-12,7008
8070,長華*,20,0,20,兆豐-三重,2024-12-12,7008
2317,鴻海,26,7,19,兆豐-三重,2024-12-12,7008
1301,台塑,20,1,19,兆豐-三重,2024-12-12,7008
00687B,國泰20年美債,16,0,16,兆豐-三重,2024-12-12,7008
2392,正崴,17,1,16,兆豐-三重,2024-12-12,7008
00670L,富邦NASDAQ正2,15,0,15,兆豐-三重,2024-12-12,7008
2609,陽明,32,20,12,兆豐-三重,2024-12-12,7008
00915,凱基優選高股息30,11,0,11,兆豐-三重,2024-12-12,7008
2471,資通,27,16,11,兆豐-三重,2024-12-12,7008
4576,大銀微系統,11,0,11,兆豐-三重,2024-12-12,7008
00713,元大台灣高息低波,10,0,10,兆豐-三重,2024-12-12,7008
00857B,永豐20年美公債,10,0,10,兆豐-三重,2024-12-12,7008
1522,堤維西,10,0,10,兆豐-三重,2024-12-12,7008
2365,昆盈,10,0,10,兆豐-三重,2024-12-12,7008
2406,國碩,10,0,10,兆豐-三重,2024-12-12,7008
2002,中鋼,9,0,9,兆豐-三重,2024-12-12,7008
00679B,元大美債20年,9,0,9,兆豐-三重,2024-12-12,7008
00937B,群益ESG投等債20,9,0,9,兆豐-三重,2024-12-12,7008
6188,廣明,11,2,9,兆豐-三重,2024-12-12,7008
8249,菱光,19,10,9,兆豐-三重,2024-12-12,7008
2329,華泰,12,4,8,兆豐-三重,2024-12-12,7008
3227,原相,10,2,8,兆豐-三重,2024-12-12,7008
2312,金寶,9,1,8,兆豐-三重,2024-12-12,7008
2371,大同,87,80,7,兆豐-三重,2024-12-12,7008
5351,鈺創,7,0,7,兆豐-三重,2024-12-12,7008
3231,緯創,17,10,7,兆豐-三重,2024-12-12,7008
4953,緯軟,14,7,7,兆豐-三重,2024-12-12,7008
00942B,台新美A公司債20+,6,0,6,兆豐-三重,2024-12-12,7008
00680L,元大美債20正2,6,0,6,兆豐-三重,2024-12-12,7008
2328,廣宇,52,46,6,兆豐-三重,2024-12-12,7008
3498,陽程,11,5,6,兆豐-三重,2024-12-12,7008
3576,聯合再生,6,0,6,兆豐-三重,2024-12-12,7008
6589,台康生技,6,0,6,兆豐-三重,2024-12-12,7008
00900,富邦特選高股息30,5,0,5,兆豐-三重,2024-12-12,7008
1476,儒鴻,5,0,5,兆豐-三重,2024-12-12,7008
2243,宏旭-KY,5,0,5,兆豐-三重,2024-12-12,7008
3047,訊舟,5,0,5,兆豐-三重,2024-12-12,7008
3138,耀登,5,0,5,兆豐-三重,2024-12-12,7008
3689,湧德,15,10,5,兆豐-三重,2024-12-12,7008
6806,森崴能源,5,0,5,兆豐-三重,2024-12-12,7008
2303,聯電,131,41,90,兆豐-三重,2024-12-13,7008
00713,元大台灣高息低波,89,0,89,兆豐-三重,2024-12-13,7008
2883,凱基金,32,0,32,兆豐-三重,2024-12-13,7008
3706,神達,49,19,30,兆豐-三重,2024-12-13,7008
2646,星宇航空,30,2,28,兆豐-三重,2024-12-13,7008
2392,正崴,30,3,27,兆豐-三重,2024-12-13,7008
00945B,凱基美國非投等債,23,0,23,兆豐-三重,2024-12-13,7008
3231,緯創,21,0,21,兆豐-三重,2024-12-13,7008
1802,台玻,62,41,21,兆豐-三重,2024-12-13,7008
2474,可成,20,0,20,兆豐-三重,2024-12-13,7008
6016,康和證,20,0,20,兆豐-三重,2024-12-13,7008
2324,仁寶,22,4,18,兆豐-三重,2024-12-13,7008
2002,中鋼,18,0,18,兆豐-三重,2024-12-13,7008
9945,潤泰新,16,0,16,兆豐-三重,2024-12-13,7008
6142,友勁,15,0,15,兆豐-三重,2024-12-13,7008
6609,瀧澤科,15,0,15,兆豐-三重,2024-12-13,7008
2618,長榮航,15,1,14,兆豐-三重,2024-12-13,7008
00937B,群益ESG投等債20,14,0,14,兆豐-三重,2024-12-13,7008
2609,陽明,53,40,13,兆豐-三重,2024-12-13,7008
00915,凱基優選高股息30,13,0,13,兆豐-三重,2024-12-13,7008
3564,其陽,14,2,12,兆豐-三重,2024-12-13,7008
3712,永崴投控,14,2,12,兆豐-三重,2024-12-13,7008
00918,大華優利高填息30,12,1,11,兆豐-三重,2024-12-13,7008
1455,集盛,10,0,10,兆豐-三重,2024-12-13,7008
2009,第一銅,10,0,10,兆豐-三重,2024-12-13,7008
5531,鄉林,10,0,10,兆豐-三重,2024-12-13,7008
6153,嘉聯益,10,0,10,兆豐-三重,2024-12-13,7008
6177,達麗,10,0,10,兆豐-三重,2024-12-13,7008
6770,力積電,10,0,10,兆豐-三重,2024-12-13,7008
2371,大同,29,20,9,兆豐-三重,2024-12-13,7008
2417,圓剛,9,0,9,兆豐-三重,2024-12-13,7008
3537,堡達,9,0,9,兆豐-三重,2024-12-13,7008
5871,中租-KY,9,0,9,兆豐-三重,2024-12-13,7008
2354,鴻準,59,51,8,兆豐-三重,2024-12-13,7008
3540,曜越,44,36,8,兆豐-三重,2024-12-13,7008
1536,和大,7,0,7,兆豐-三重,2024-12-13,7008
3694,海華,7,0,7,兆豐-三重,2024-12-13,7008
00919,群益台灣精選高息,10,4,6,兆豐-三重,2024-12-13,7008
00948B,中信優息投資級債,6,0,6,兆豐-三重,2024-12-13,7008
00680L,元大美債20正2,6,0,6,兆豐-三重,2024-12-13,7008
00959B,大華投等美債15Y+,6,0,6,兆豐-三重,2024-12-13,7008
1301,台塑,7,1,6,兆豐-三重,2024-12-13,7008
2356,英業達,6,0,6,兆豐-三重,2024-12-13,7008
2884,玉山金,6,1,5,兆豐-三重,2024-12-13,7008
00878,國泰永續高股息,5,0,5,兆豐-三重,2024-12-13,7008
00928,中信上櫃ESG30,5,0,5,兆豐-三重,2024-12-13,7008
00887,永豐中國科技50大,5,0,5,兆豐-三重,2024-12-13,7008
00652,富邦印度,5,0,5,兆豐-三重,2024-12-13,7008
00636,國泰中國A50,5,0,5,兆豐-三重,2024-12-13,7008
00958B,永豐ESG銀行債15,5,0,5,兆豐-三重,2024-12-13,7008
00919,群益台灣精選高息,92,5,87,兆豐-三重,2024-12-16,7008
00937B,群益ESG投等債20,68,0,68,兆豐-三重,2024-12-16,7008
2412,中華電,155,115,40,兆豐-三重,2024-12-16,7008
2392,正崴,39,1,38,兆豐-三重,2024-12-16,7008
00922,國泰台灣領袖50,34,0,34,兆豐-三重,2024-12-16,7008
00945B,凱基美國非投等債,30,0,30,兆豐-三重,2024-12-16,7008
2317,鴻海,36,7,29,兆豐-三重,2024-12-16,7008
1802,台玻,41,12,29,兆豐-三重,2024-12-16,7008
00918,大華優利高填息30,21,0,21,兆豐-三重,2024-12-16,7008
2314,台揚,22,1,21,兆豐-三重,2024-12-16,7008
2609,陽明,34,13,21,兆豐-三重,2024-12-16,7008
00713,元大台灣高息低波,20,0,20,兆豐-三重,2024-12-16,7008
4938,和碩,20,0,20,兆豐-三重,2024-12-16,7008
8096,擎亞,15,0,15,兆豐-三重,2024-12-16,7008
2890,永豐金,12,0,12,兆豐-三重,2024-12-16,7008
8150,南茂,11,0,11,兆豐-三重,2024-12-16,7008
00687B,國泰20年美債,11,0,11,兆豐-三重,2024-12-16,7008
3231,緯創,11,1,10,兆豐-三重,2024-12-16,7008
00953B,群益優選非投等債,10,0,10,兆豐-三重,2024-12-16,7008
00679B,元大美債20年,10,0,10,兆豐-三重,2024-12-16,7008
2723,美食-KY,10,0,10,兆豐-三重,2024-12-16,7008
3511,矽瑪,12,2,10,兆豐-三重,2024-12-16,7008
6016,康和證,10,0,10,兆豐-三重,2024-12-16,7008
8011,台通,10,0,10,兆豐-三重,2024-12-16,7008
8097,常珵,10,0,10,兆豐-三重,2024-12-16,7008
9105,泰金寶-DR,10,0,10,兆豐-三重,2024-12-16,7008
2887,台新金,10,0,10,兆豐-三重,2024-12-16,7008
2382,廣達,10,1,9,兆豐-三重,2024-12-16,7008
6156,松上,9,0,9,兆豐-三重,2024-12-16,7008
5871,中租-KY,10,2,8,兆豐-三重,2024-12-16,7008
2371,大同,12,4,8,兆豐-三重,2024-12-16,7008
3540,曜越,256,248,8,兆豐-三重,2024-12-16,7008
3712,永崴投控,12,4,8,兆豐-三重,2024-12-16,7008
00857B,永豐20年美公債,7,0,7,兆豐-三重,2024-12-16,7008
1815,富喬,16,9,7,兆豐-三重,2024-12-16,7008
2486,一詮,7,0,7,兆豐-三重,2024-12-16,7008
2618,長榮航,12,5,7,兆豐-三重,2024-12-16,7008
2449,京元電子,8,1,7,兆豐-三重,2024-12-16,7008
0056,元大高股息,7,0,7,兆豐-三重,2024-12-16,7008
2354,鴻準,7,1,6,兆豐-三重,2024-12-16,7008
1216,統一,6,0,6,兆豐-三重,2024-12-16,7008
2312,金寶,6,0,6,兆豐-三重,2024-12-16,7008
3163,波若威,6,0,6,兆豐-三重,2024-12-16,7008
4931,新盛力,11,5,6,兆豐-三重,2024-12-16,7008
8028,昇陽半導體,6,0,6,兆豐-三重,2024-12-16,7008
00878,國泰永續高股息,6,0,6,兆豐-三重,2024-12-16,7008
00680L,元大美債20正2,6,0,6,兆豐-三重,2024-12-16,7008
1444,力麗,5,0,5,兆豐-三重,2024-12-16,7008
1455,集盛,5,0,5,兆豐-三重,2024-12-16,7008
1460,宏遠,5,0,5,兆豐-三重,2024-12-16,7008
00713,元大台灣高息低波,90,0,90,兆豐-三重,2024-12-17,7008
1708,東鹼,80,0,80,兆豐-三重,2024-12-17,7008
2883,凱基金,72,9,63,兆豐-三重,2024-12-17,7008
00950B,凱基A級公司債,60,0,60,兆豐-三重,2024-12-17,7008
1307,三芳,57,0,57,兆豐-三重,2024-12-17,7008
9945,潤泰新,47,0,47,兆豐-三重,2024-12-17,7008
3029,零壹,54,11,43,兆豐-三重,2024-12-17,7008
00937B,群益ESG投等債20,43,2,41,兆豐-三重,2024-12-17,7008
3715,定穎投控,35,5,30,兆豐-三重,2024-12-17,7008
2317,鴻海,80,53,27,兆豐-三重,2024-12-17,7008
00918,大華優利高填息30,23,0,23,兆豐-三重,2024-12-17,7008
1605,華新,21,0,21,兆豐-三重,2024-12-17,7008
00915,凱基優選高股息30,35,17,18,兆豐-三重,2024-12-17,7008
0056,元大高股息,18,0,18,兆豐-三重,2024-12-17,7008
4763,材料-KY,15,0,15,兆豐-三重,2024-12-17,7008
4714,永捷,13,0,13,兆豐-三重,2024-12-17,7008
3005,神基,19,6,13,兆豐-三重,2024-12-17,7008
2354,鴻準,20,8,12,兆豐-三重,2024-12-17,7008
00878,國泰永續高股息,11,0,11,兆豐-三重,2024-12-17,7008
2834,臺企銀,10,0,10,兆豐-三重,2024-12-17,7008
1101,台泥,10,0,10,兆豐-三重,2024-12-17,7008
6153,嘉聯益,10,0,10,兆豐-三重,2024-12-17,7008
8097,常珵,10,0,10,兆豐-三重,2024-12-17,7008
2409,友達,10,1,9,兆豐-三重,2024-12-17,7008
8096,擎亞,8,0,8,兆豐-三重,2024-12-17,7008
00687B,國泰20年美債,8,0,8,兆豐-三重,2024-12-17,7008
1802,台玻,47,40,7,兆豐-三重,2024-12-17,7008
2002,中鋼,7,0,7,兆豐-三重,2024-12-17,7008
2344,華邦電,14,7,7,兆豐-三重,2024-12-17,7008
5871,中租-KY,7,1,6,兆豐-三重,2024-12-17,7008
2243,宏旭-KY,6,0,6,兆豐-三重,2024-12-17,7008
4577,達航科技,6,0,6,兆豐-三重,2024-12-17,7008
4931,新盛力,8,2,6,兆豐-三重,2024-12-17,7008
2881,富邦金,5,0,5,兆豐-三重,2024-12-17,7008
3481,群創,13,8,5,兆豐-三重,2024-12-17,7008
1460,宏遠,5,0,5,兆豐-三重,2024-12-17,7008
2301,光寶科,5,0,5,兆豐-三重,2024-12-17,7008
2845,遠東銀,5,0,5,兆豐-三重,2024-12-17,7008
2887,台新金,5,0,5,兆豐-三重,2024-12-17,7008
5328,華容,6,1,5,兆豐-三重,2024-12-17,7008
8150,南茂,5,0,5,兆豐-三重,2024-12-17,7008
8227,巨有科技,5,0,5,兆豐-三重,2024-12-17,7008
2486,一詮,15,11,4,兆豐-三重,2024-12-17,7008
1536,和大,11,7,4,兆豐-三重,2024-12-17,7008
00712,復華富時不動產,4,0,4,兆豐-三重,2024-12-17,7008
3059,華晶科,5,1,4,兆豐-三重,2024-12-17,7008
3594,磐儀,5,1,4,兆豐-三重,2024-12-17,7008
4927,泰鼎-KY,4,0,4,兆豐-三重,2024-12-17,7008
6525,捷敏-KY,4,0,4,兆豐-三重,2024-12-17,7008
8032,光菱,6,2,4,兆豐-三重,2024-12-17,7008
1307,三芳,93,0,93,兆豐-三重,2024-12-18,7008
1708,東鹼,70,0,70,兆豐-三重,2024-12-18,7008
1409,新纖,50,0,50,兆豐-三重,2024-12-18,7008
00918,大華優利高填息30,30,2,28,兆豐-三重,2024-12-18,7008
2392,正崴,26,2,24,兆豐-三重,2024-12-18,7008
5481,新華,24,0,24,兆豐-三重,2024-12-18,7008
3715,定穎投控,34,13,21,兆豐-三重,2024-12-18,7008
9945,潤泰新,20,0,20,兆豐-三重,2024-12-18,7008
2883,凱基金,114,100,14,兆豐-三重,2024-12-18,7008
8183,精星,102,89,13,兆豐-三重,2024-12-18,7008
1536,和大,12,0,12,兆豐-三重,2024-12-18,7008
2363,矽統,15,3,12,兆豐-三重,2024-12-18,7008
2892,第一金,12,0,12,兆豐-三重,2024-12-18,7008
00712,復華富時不動產,12,0,12,兆豐-三重,2024-12-18,7008
2609,陽明,25,14,11,兆豐-三重,2024-12-18,7008
3209,全科,11,0,11,兆豐-三重,2024-12-18,7008
1476,儒鴻,10,0,10,兆豐-三重,2024-12-18,7008
00852L,國泰美國道瓊正2,20,10,10,兆豐-三重,2024-12-18,7008
2472,立隆電,10,0,10,兆豐-三重,2024-12-18,7008
2816,旺旺保,10,0,10,兆豐-三重,2024-12-18,7008
6127,九豪,10,0,10,兆豐-三重,2024-12-18,7008
6142,友勁,10,0,10,兆豐-三重,2024-12-18,7008
8444,綠河-KY,10,0,10,兆豐-三重,2024-12-18,7008
6877,鏵友益,9,0,9,兆豐-三重,2024-12-18,7008
2464,盟立,10,2,8,兆豐-三重,2024-12-18,7008
4974,亞泰,8,0,8,兆豐-三重,2024-12-18,7008
6695,芯鼎,9,1,8,兆豐-三重,2024-12-18,7008
00878,國泰永續高股息,9,2,7,兆豐-三重,2024-12-18,7008
2886,兆豐金,8,0,8,兆豐-三重,2024-12-18,7008
1595,川寶,7,0,7,兆豐-三重,2024-12-18,7008
2313,華通,15,8,7,兆豐-三重,2024-12-18,7008
2618,長榮航,9,2,7,兆豐-三重,2024-12-18,7008
2880,華南金,7,0,7,兆豐-三重,2024-12-18,7008
6962,ITH-KY,8,1,7,兆豐-三重,2024-12-18,7008
00757,統一FANG+,6,0,6,兆豐-三重,2024-12-18,7008
8044,網家,11,5,6,兆豐-三重,2024-12-18,7008
8054,安國,37,31,6,兆豐-三重,2024-12-18,7008
1314,中石化,5,0,5,兆豐-三重,2024-12-18,7008
00632R,元大台灣50反1,5,0,5,兆豐-三重,2024-12-18,7008
00959B,大華投等美債15Y+,5,0,5,兆豐-三重,2024-12-18,7008
1785,光洋科,57,52,5,兆豐-三重,2024-12-18,7008
2409,友達,7,2,5,兆豐-三重,2024-12-18,7008
2486,一詮,46,41,5,兆豐-三重,2024-12-18,7008
5880,合庫金,5,0,5,兆豐-三重,2024-12-18,7008
6426,統新,6,1,5,兆豐-三重,2024-12-18,7008
8011,台通,5,0,5,兆豐-三重,2024-12-18,7008
8249,菱光,20,15,5,兆豐-三重,2024-12-18,7008
6274,台燿,6,2,4,兆豐-三重,2024-12-18,7008
00919,群益台灣精選高息,16,12,4,兆豐-三重,2024-12-18,7008
1597,直得,4,0,4,兆豐-三重,2024-12-18,7008
2883,凱基金,86,9,77,兆豐-三重,2024-12-19,7008
2633,台灣高鐵,51,0,51,兆豐-三重,2024-12-19,7008
00712,復華富時不動產,45,5,40,兆豐-三重,2024-12-19,7008
2609,陽明,51,12,39,兆豐-三重,2024-12-19,7008
2845,遠東銀,32,0,32,兆豐-三重,2024-12-19,7008
00679B,元大美債20年,29,0,29,兆豐-三重,2024-12-19,7008
2618,長榮航,28,1,27,兆豐-三重,2024-12-19,7008
2887,台新金,25,0,25,兆豐-三重,2024-12-19,7008
00687B,國泰20年美債,23,0,23,兆豐-三重,2024-12-19,7008
00830,國泰費城半導體,20,0,20,兆豐-三重,2024-12-19,7008
00950B,凱基A級公司債,20,0,20,兆豐-三重,2024-12-19,7008
1102,亞泥,20,0,20,兆豐-三重,2024-12-19,7008
1718,中纖,20,0,20,兆豐-三重,2024-12-19,7008
6016,康和證,20,0,20,兆豐-三重,2024-12-19,7008
4583,台灣精銳,22,3,19,兆豐-三重,2024-12-19,7008
4979,華星光,27,9,18,兆豐-三重,2024-12-19,7008
2834,臺企銀,17,0,17,兆豐-三重,2024-12-19,7008
006208,富邦台50,16,0,16,兆豐-三重,2024-12-19,7008
00878,國泰永續高股息,16,0,16,兆豐-三重,2024-12-19,7008
2409,友達,16,0,16,兆豐-三重,2024-12-19,7008
00918,大華優利高填息30,16,0,16,兆豐-三重,2024-12-19,7008
6558,興能高,25,9,16,兆豐-三重,2024-12-19,7008
2313,華通,15,2,13,兆豐-三重,2024-12-19,7008
00937B,群益ESG投等債20,27,14,13,兆豐-三重,2024-12-19,7008
2886,兆豐金,12,0,12,兆豐-三重,2024-12-19,7008
8044,網家,28,16,12,兆豐-三重,2024-12-19,7008
00757,統一FANG+,10,0,10,兆豐-三重,2024-12-19,7008
1708,東鹼,10,0,10,兆豐-三重,2024-12-19,7008
2812,台中銀,10,0,10,兆豐-三重,2024-12-19,7008
4563,百德,16,6,10,兆豐-三重,2024-12-19,7008
5014,建錩,10,0,10,兆豐-三重,2024-12-19,7008
2371,大同,11,2,9,兆豐-三重,2024-12-19,7008
9945,潤泰新,9,0,9,兆豐-三重,2024-12-19,7008
2330,台積電,285,277,8,兆豐-三重,2024-12-19,7008
3712,永崴投控,10,2,8,兆豐-三重,2024-12-19,7008
4743,合一,8,0,8,兆豐-三重,2024-12-19,7008
2324,仁寶,8,0,8,兆豐-三重,2024-12-19,7008
00957B,兆豐US優選投等債,7,0,7,兆豐-三重,2024-12-19,7008
2392,正崴,7,0,7,兆豐-三重,2024-12-19,7008
4931,新盛力,31,24,7,兆豐-三重,2024-12-19,7008
9904,寶成,7,0,7,兆豐-三重,2024-12-19,7008
2881,富邦金,6,0,6,兆豐-三重,2024-12-19,7008
00662,富邦NASDAQ,6,0,6,兆豐-三重,2024-12-19,7008
2356,英業達,8,2,6,兆豐-三重,2024-12-19,7008
00795B,中信美國公債20年,6,0,6,兆豐-三重,2024-12-19,7008
2607,榮運,6,0,6,兆豐-三重,2024-12-19,7008
2882,國泰金,7,1,6,兆豐-三重,2024-12-19,7008
3266,昇陽,6,0,6,兆豐-三重,2024-12-19,7008
0050,元大台灣50,6,1,5,兆豐-三重,2024-12-19,7008
00680L,元大美債20正2,5,0,5,兆豐-三重,2024-12-19,7008
