Ticker,Name,buy,sell,diff,Branch,Date,Branch_Code
2618,長榮航,20,1,19,致和證券,2023-01-03,7030
2007,燁興,17,1,16,致和證券,2023-01-03,7030
4120,友華,16,0,16,致和證券,2023-01-03,7030
1605,華新,25,11,14,致和證券,2023-01-03,7030
5011,久陽,14,0,14,致和證券,2023-01-03,7030
2609,陽明,17,5,12,致和證券,2023-01-03,7030
1102,亞泥,15,5,10,致和證券,2023-01-03,7030
2380,虹光,10,0,10,致和證券,2023-01-03,7030
1701,中化,11,2,9,致和證券,2023-01-03,7030
2882,國泰金,9,0,9,致和證券,2023-01-03,7030
5009,榮剛,10,1,9,致和證券,2023-01-03,7030
1110,東泥,10,2,8,致和證券,2023-01-03,7030
6117,迎廣,8,0,8,致和證券,2023-01-03,7030
2603,長榮,10,3,7,致和證券,2023-01-03,7030
3346,麗清,7,0,7,致和證券,2023-01-03,7030
2607,榮運,6,0,6,致和證券,2023-01-03,7030
6180,橘子,6,0,6,致和證券,2023-01-03,7030
00878,國泰永續高股息,5,0,5,致和證券,2023-01-03,7030
2236,百達-KY,5,0,5,致和證券,2023-01-03,7030
3265,台星科,5,0,5,致和證券,2023-01-03,7030
4153,鈺緯,5,0,5,致和證券,2023-01-03,7030
5438,東友,7,2,5,致和證券,2023-01-03,7030
5450,南良,5,0,5,致和證券,2023-01-03,7030
8403,盛弘,5,0,5,致和證券,2023-01-03,7030
2317,鴻海,47,43,4,致和證券,2023-01-03,7030
2425,承啟,6,2,4,致和證券,2023-01-03,7030
1529,樂事綠能,6,3,3,致和證券,2023-01-03,7030
1760,寶齡富錦,3,0,3,致和證券,2023-01-03,7030
1752,南光,3,0,3,致和證券,2023-01-03,7030
2890,永豐金,3,0,3,致和證券,2023-01-03,7030
3293,鈊象,3,0,3,致和證券,2023-01-03,7030
8171,天宇,8,5,3,致和證券,2023-01-03,7030
2615,萬海,9,7,2,致和證券,2023-01-03,7030
1720,生達,2,0,2,致和證券,2023-01-03,7030
1104,環泥,2,0,2,致和證券,2023-01-03,7030
00891,中信關鍵半導體,2,0,2,致和證券,2023-01-03,7030
00772B,中信高評級公司債,2,0,2,致和證券,2023-01-03,7030
00751B,元大AAA至A公司債,2,0,2,致和證券,2023-01-03,7030
00680L,元大美債20正2,2,0,2,致和證券,2023-01-03,7030
1447,力鵬,2,0,2,致和證券,2023-01-03,7030
2023,燁輝,2,0,2,致和證券,2023-01-03,7030
2352,佳世達,2,0,2,致和證券,2023-01-03,7030
2888,新光金,10,8,2,致和證券,2023-01-03,7030
3317,尼克森,2,0,2,致和證券,2023-01-03,7030
4564,元翎,2,0,2,致和證券,2023-01-03,7030
4566,時碩工業,2,0,2,致和證券,2023-01-03,7030
4746,台耀,2,0,2,致和證券,2023-01-03,7030
5464,霖宏,4,2,2,致和證券,2023-01-03,7030
6244,茂迪,2,0,2,致和證券,2023-01-03,7030
6443,元晶,2,0,2,致和證券,2023-01-03,7030
3176,基亞,44,0,44,致和證券,2023-01-04,7030
1417,嘉裕,62,30,32,致和證券,2023-01-04,7030
4720,德淵,28,0,28,致和證券,2023-01-04,7030
6118,建達,42,21,21,致和證券,2023-01-04,7030
1210,大成,20,0,20,致和證券,2023-01-04,7030
1701,中化,20,1,19,致和證券,2023-01-04,7030
2609,陽明,20,4,16,致和證券,2023-01-04,7030
6109,亞元,16,0,16,致和證券,2023-01-04,7030
6153,嘉聯益,15,1,14,致和證券,2023-01-04,7030
2603,長榮,14,1,13,致和證券,2023-01-04,7030
00642U,期元大S＆P石油,10,0,10,致和證券,2023-01-04,7030
00632R,元大台灣50反1,10,0,10,致和證券,2023-01-04,7030
4173,久裕,30,20,10,致和證券,2023-01-04,7030
6129,普誠,10,0,10,致和證券,2023-01-04,7030
2834,臺企銀,10,0,10,致和證券,2023-01-04,7030
4968,立積,11,2,9,致和證券,2023-01-04,7030
1513,中興電,31,23,8,致和證券,2023-01-04,7030
2615,萬海,14,7,7,致和證券,2023-01-04,7030
1609,大亞,21,14,7,致和證券,2023-01-04,7030
1432,大魯閣,7,0,7,致和證券,2023-01-04,7030
3189,景碩,7,0,7,致和證券,2023-01-04,7030
8069,元太,10,3,7,致和證券,2023-01-04,7030
2317,鴻海,20,14,6,致和證券,2023-01-04,7030
5009,榮剛,6,0,6,致和證券,2023-01-04,7030
6589,台康生技,5,0,5,致和證券,2023-01-04,7030
3034,聯詠,6,1,5,致和證券,2023-01-04,7030
3209,全科,5,0,5,致和證券,2023-01-04,7030
5907,大洋-KY,5,0,5,致和證券,2023-01-04,7030
6426,統新,5,0,5,致和證券,2023-01-04,7030
6679,鈺太,5,0,5,致和證券,2023-01-04,7030
6712,長聖,5,0,5,致和證券,2023-01-04,7030
2014,中鴻,5,1,4,致和證券,2023-01-04,7030
6116,彩晶,4,0,4,致和證券,2023-01-04,7030
6643,M31,5,1,4,致和證券,2023-01-04,7030
8171,天宇,6,2,4,致和證券,2023-01-04,7030
8255,朋程,5,1,4,致和證券,2023-01-04,7030
1101,台泥,3,0,3,致和證券,2023-01-04,7030
1314,中石化,3,0,3,致和證券,2023-01-04,7030
2017,官田鋼,3,0,3,致和證券,2023-01-04,7030
2303,聯電,10,7,3,致和證券,2023-01-04,7030
2612,中航,3,0,3,致和證券,2023-01-04,7030
2884,玉山金,3,0,3,致和證券,2023-01-04,7030
2913,農林,3,0,3,致和證券,2023-01-04,7030
3443,創意,7,4,3,致和證券,2023-01-04,7030
3479,安勤,3,0,3,致和證券,2023-01-04,7030
3686,達能,4,1,3,致和證券,2023-01-04,7030
5202,力新,3,0,3,致和證券,2023-01-04,7030
2882,國泰金,5,3,2,致和證券,2023-01-04,7030
1752,南光,4,2,2,致和證券,2023-01-04,7030
1524,耿鼎,2,0,2,致和證券,2023-01-04,7030
3176,基亞,47,0,47,致和證券,2023-01-05,7030
3037,欣興,42,1,41,致和證券,2023-01-05,7030
1417,嘉裕,63,30,33,致和證券,2023-01-05,7030
8069,元太,34,11,23,致和證券,2023-01-05,7030
1432,大魯閣,21,0,21,致和證券,2023-01-05,7030
3265,台星科,21,0,21,致和證券,2023-01-05,7030
3545,敦泰,26,5,21,致和證券,2023-01-05,7030
2882A,國泰特,16,0,16,致和證券,2023-01-05,7030
00715L,期街口布蘭特正2,15,0,15,致和證券,2023-01-05,7030
1802,台玻,15,0,15,致和證券,2023-01-05,7030
3362,先進光,15,0,15,致和證券,2023-01-05,7030
6531,愛普*,15,0,15,致和證券,2023-01-05,7030
8255,朋程,15,0,15,致和證券,2023-01-05,7030
1805,寶徠,12,0,12,致和證券,2023-01-05,7030
5905,南仁湖,12,0,12,致和證券,2023-01-05,7030
3188,鑫龍騰,10,0,10,致和證券,2023-01-05,7030
1604,聲寶,8,0,8,致和證券,2023-01-05,7030
1718,中纖,8,0,8,致和證券,2023-01-05,7030
2023,燁輝,8,0,8,致和證券,2023-01-05,7030
2609,陽明,8,1,7,致和證券,2023-01-05,7030
6118,建達,13,7,6,致和證券,2023-01-05,7030
8046,南電,7,1,6,致和證券,2023-01-05,7030
1722,台肥,5,0,5,致和證券,2023-01-05,7030
2338,光罩,6,1,5,致和證券,2023-01-05,7030
2476,鉅祥,5,0,5,致和證券,2023-01-05,7030
3625,西勝,5,0,5,致和證券,2023-01-05,7030
8429,金麗-KY,5,0,5,致和證券,2023-01-05,7030
8440,綠電,5,0,5,致和證券,2023-01-05,7030
1736,喬山,4,0,4,致和證券,2023-01-05,7030
3189,景碩,7,3,4,致和證券,2023-01-05,7030
00680L,元大美債20正2,3,0,3,致和證券,2023-01-05,7030
00665L,富邦�琤肭磪囓�2,3,0,3,致和證券,2023-01-05,7030
00751B,元大AAA至A公司債,3,0,3,致和證券,2023-01-05,7030
2344,華邦電,14,11,3,致和證券,2023-01-05,7030
2498,宏達電,19,16,3,致和證券,2023-01-05,7030
2634,漢翔,36,33,3,致和證券,2023-01-05,7030
2867,三商壽,3,0,3,致和證券,2023-01-05,7030
3346,麗清,5,2,3,致和證券,2023-01-05,7030
5014,建錩,4,1,3,致和證券,2023-01-05,7030
5353,台林,3,0,3,致和證券,2023-01-05,7030
6191,精成科,3,0,3,致和證券,2023-01-05,7030
6274,台燿,3,0,3,致和證券,2023-01-05,7030
6550,北極星藥業-KY,3,0,3,致和證券,2023-01-05,7030
1720,生達,2,0,2,致和證券,2023-01-05,7030
1416,廣豐,2,0,2,致和證券,2023-01-05,7030
0056,元大高股息,2,0,2,致和證券,2023-01-05,7030
00772B,中信高評級公司債,2,0,2,致和證券,2023-01-05,7030
1752,南光,5,3,2,致和證券,2023-01-05,7030
2014,中鴻,2,0,2,致和證券,2023-01-05,7030
2027,大成鋼,2,0,2,致和證券,2023-01-05,7030
5880,合庫金,100,0,100,致和證券,2023-01-06,7030
6547,高端疫苗,22,1,21,致和證券,2023-01-06,7030
3481,群創,27,7,20,致和證券,2023-01-06,7030
4114,健喬,20,0,20,致和證券,2023-01-06,7030
5905,南仁湖,20,0,20,致和證券,2023-01-06,7030
3545,敦泰,20,1,19,致和證券,2023-01-06,7030
6589,台康生技,19,0,19,致和證券,2023-01-06,7030
2323,中環,18,0,18,致和證券,2023-01-06,7030
2498,宏達電,35,17,18,致和證券,2023-01-06,7030
1806,冠軍,17,0,17,致和證券,2023-01-06,7030
3704,合勤控,14,1,13,致和證券,2023-01-06,7030
00753L,中信中國50正2,11,0,11,致和證券,2023-01-06,7030
3176,基亞,11,0,11,致和證券,2023-01-06,7030
3686,達能,11,0,11,致和證券,2023-01-06,7030
4743,合一,12,1,11,致和證券,2023-01-06,7030
1605,華新,38,27,11,致和證券,2023-01-06,7030
1467,南緯,10,0,10,致和證券,2023-01-06,7030
2108,南帝,10,0,10,致和證券,2023-01-06,7030
2614,東森,12,3,9,致和證券,2023-01-06,7030
4968,立積,11,2,9,致和證券,2023-01-06,7030
6139,亞翔,8,0,8,致和證券,2023-01-06,7030
1604,聲寶,6,0,6,致和證券,2023-01-06,7030
1805,寶徠,18,12,6,致和證券,2023-01-06,7030
1722,台肥,5,0,5,致和證券,2023-01-06,7030
2642,宅配通,5,0,5,致和證券,2023-01-06,7030
2883,凱基金,5,0,5,致和證券,2023-01-06,7030
3293,鈊象,5,0,5,致和證券,2023-01-06,7030
1217,愛之味,4,0,4,致和證券,2023-01-06,7030
00720B,元大投資級公司債,4,0,4,致和證券,2023-01-06,7030
2457,飛宏,5,1,4,致和證券,2023-01-06,7030
2481,強茂,4,0,4,致和證券,2023-01-06,7030
3171,炎洲流通,4,0,4,致和證券,2023-01-06,7030
3376,新日興,4,0,4,致和證券,2023-01-06,7030
5864,致和證,4,0,4,致和證券,2023-01-06,7030
2317,鴻海,4,1,3,致和證券,2023-01-06,7030
3081,聯亞,3,0,3,致和證券,2023-01-06,7030
00715L,期街口布蘭特正2,3,0,3,致和證券,2023-01-06,7030
00712,復華富時不動產,3,0,3,致和證券,2023-01-06,7030
2409,友達,3,0,3,致和證券,2023-01-06,7030
2615,萬海,8,5,3,致和證券,2023-01-06,7030
3454,晶睿,3,0,3,致和證券,2023-01-06,7030
5450,南良,3,0,3,致和證券,2023-01-06,7030
5608,四維航,3,0,3,致和證券,2023-01-06,7030
8996,高力,15,12,3,致和證券,2023-01-06,7030
2618,長榮航,3,1,2,致和證券,2023-01-06,7030
2308,台達電,2,0,2,致和證券,2023-01-06,7030
1455,集盛,2,0,2,致和證券,2023-01-06,7030
2027,大成鋼,2,0,2,致和證券,2023-01-06,7030
3022,威強電,2,0,2,致和證券,2023-01-06,7030
3049,精金,2,0,2,致和證券,2023-01-06,7030
6125,廣運,42,0,42,致和證券,2023-01-09,7030
6806,森崴能源,46,6,40,致和證券,2023-01-09,7030
5880,合庫金,40,4,36,致和證券,2023-01-09,7030
2603,長榮,26,0,26,致和證券,2023-01-09,7030
00632R,元大台灣50反1,20,0,20,致和證券,2023-01-09,7030
3022,威強電,17,0,17,致和證券,2023-01-09,7030
2609,陽明,26,10,16,致和證券,2023-01-09,7030
5438,東友,17,2,15,致和證券,2023-01-09,7030
3176,基亞,12,0,12,致和證券,2023-01-09,7030
1701,中化,11,0,11,致和證券,2023-01-09,7030
8069,元太,12,1,11,致和證券,2023-01-09,7030
1528,恩德,10,0,10,致和證券,2023-01-09,7030
1307,三芳,10,0,10,致和證券,2023-01-09,7030
4105,東洋,10,0,10,致和證券,2023-01-09,7030
8289,泰藝,10,0,10,致和證券,2023-01-09,7030
2527,宏璟,9,0,9,致和證券,2023-01-09,7030
4961,天鈺,17,9,8,致和證券,2023-01-09,7030
1101,台泥,10,2,8,致和證券,2023-01-09,7030
2845,遠東銀,10,2,8,致和證券,2023-01-09,7030
3264,欣銓,8,0,8,致和證券,2023-01-09,7030
1604,聲寶,7,0,7,致和證券,2023-01-09,7030
00637L,元大滬深300正2,15,10,5,致和證券,2023-01-09,7030
2349,錸德,5,0,5,致和證券,2023-01-09,7030
6139,亞翔,5,0,5,致和證券,2023-01-09,7030
8110,華東,5,0,5,致和證券,2023-01-09,7030
8299,群聯,5,0,5,致和證券,2023-01-09,7030
8358,金居,5,0,5,致和證券,2023-01-09,7030
1444,力麗,4,0,4,致和證券,2023-01-09,7030
1210,大成,5,1,4,致和證券,2023-01-09,7030
6180,橘子,4,0,4,致和證券,2023-01-09,7030
8936,國統,4,0,4,致和證券,2023-01-09,7030
4927,泰鼎-KY,4,0,4,致和證券,2023-01-09,7030
2317,鴻海,4,1,3,致和證券,2023-01-09,7030
2834,臺企銀,5,2,3,致和證券,2023-01-09,7030
3059,華晶科,3,0,3,致和證券,2023-01-09,7030
8016,矽創,3,0,3,致和證券,2023-01-09,7030
1529,樂事綠能,2,0,2,致和證券,2023-01-09,7030
1104,環泥,2,0,2,致和證券,2023-01-09,7030
00673R,期元大S＆P原油反1,2,0,2,致和證券,2023-01-09,7030
00770,國泰北美科技,2,0,2,致和證券,2023-01-09,7030
1789,神隆,2,0,2,致和證券,2023-01-09,7030
2059,川湖,2,0,2,致和證券,2023-01-09,7030
2431,聯昌,2,0,2,致和證券,2023-01-09,7030
2498,宏達電,17,15,2,致和證券,2023-01-09,7030
3094,聯傑,3,1,2,致和證券,2023-01-09,7030
3163,波若威,2,0,2,致和證券,2023-01-09,7030
3322,建舜電,2,0,2,致和證券,2023-01-09,7030
3362,先進光,2,0,2,致和證券,2023-01-09,7030
3710,連展投控,2,0,2,致和證券,2023-01-09,7030
4541,晟田,2,0,2,致和證券,2023-01-09,7030
2323,中環,32,0,32,致和證券,2023-01-10,7030
3022,威強電,18,0,18,致和證券,2023-01-10,7030
4121,優盛,16,0,16,致和證券,2023-01-10,7030
3356,奇偶,15,0,15,致和證券,2023-01-10,7030
4147,中裕,15,0,15,致和證券,2023-01-10,7030
8255,朋程,15,0,15,致和證券,2023-01-10,7030
3025,星通,14,0,14,致和證券,2023-01-10,7030
3322,建舜電,14,1,13,致和證券,2023-01-10,7030
2609,陽明,38,26,12,致和證券,2023-01-10,7030
5425,台半,14,2,12,致和證券,2023-01-10,7030
1605,華新,25,14,11,致和證券,2023-01-10,7030
2615,萬海,11,1,10,致和證券,2023-01-10,7030
3293,鈊象,11,1,10,致和證券,2023-01-10,7030
3228,金麗科,10,1,9,致和證券,2023-01-10,7030
8069,元太,10,1,9,致和證券,2023-01-10,7030
1789,神隆,10,3,7,致和證券,2023-01-10,7030
2201,裕隆,19,12,7,致和證券,2023-01-10,7030
3189,景碩,7,1,6,致和證券,2023-01-10,7030
4746,台耀,6,0,6,致和證券,2023-01-10,7030
6443,元晶,6,0,6,致和證券,2023-01-10,7030
00710B,復華彭博非投等債,5,0,5,致和證券,2023-01-10,7030
2107,厚生,5,0,5,致和證券,2023-01-10,7030
2607,榮運,5,0,5,致和證券,2023-01-10,7030
3630,新鉅科,5,0,5,致和證券,2023-01-10,7030
6245,立端,10,5,5,致和證券,2023-01-10,7030
6712,長聖,5,0,5,致和證券,2023-01-10,7030
8403,盛弘,5,0,5,致和證券,2023-01-10,7030
1560,中砂,5,1,4,致和證券,2023-01-10,7030
2344,華邦電,5,1,4,致和證券,2023-01-10,7030
3093,港建*,4,0,4,致和證券,2023-01-10,7030
4102,永日,4,0,4,致和證券,2023-01-10,7030
4541,晟田,4,0,4,致和證券,2023-01-10,7030
6494,九齊,4,0,4,致和證券,2023-01-10,7030
1604,聲寶,3,0,3,致和證券,2023-01-10,7030
3176,基亞,3,0,3,致和證券,2023-01-10,7030
3532,台勝科,3,0,3,致和證券,2023-01-10,7030
6727,亞泰金屬,3,0,3,致和證券,2023-01-10,7030
00632R,元大台灣50反1,2,0,2,致和證券,2023-01-10,7030
1909,榮成,2,0,2,致和證券,2023-01-10,7030
1904,正隆,2,0,2,致和證券,2023-01-10,7030
2028,威致,2,0,2,致和證券,2023-01-10,7030
2313,華通,22,20,2,致和證券,2023-01-10,7030
2495,普安,2,0,2,致和證券,2023-01-10,7030
2743,山富,3,1,2,致和證券,2023-01-10,7030
3044,健鼎,2,0,2,致和證券,2023-01-10,7030
3083,網龍,2,0,2,致和證券,2023-01-10,7030
3313,斐成,2,0,2,致和證券,2023-01-10,7030
3419,譁裕,2,0,2,致和證券,2023-01-10,7030
3594,磐儀,2,0,2,致和證券,2023-01-10,7030
3624,光頡,2,0,2,致和證券,2023-01-10,7030
6531,愛普*,63,2,61,致和證券,2023-01-11,7030
5880,合庫金,40,3,37,致和證券,2023-01-11,7030
8046,南電,37,0,37,致和證券,2023-01-11,7030
2637,慧洋-KY,32,0,32,致和證券,2023-01-11,7030
2885,元大金,21,0,21,致和證券,2023-01-11,7030
1605,華新,26,7,19,致和證券,2023-01-11,7030
2543,皇昌,19,2,17,致和證券,2023-01-11,7030
8105,凌巨,18,1,17,致和證券,2023-01-11,7030
6472,保瑞,15,0,15,致和證券,2023-01-11,7030
1529,樂事綠能,15,0,15,致和證券,2023-01-11,7030
2338,光罩,19,8,11,致和證券,2023-01-11,7030
2457,飛宏,11,0,11,致和證券,2023-01-11,7030
00651R,復華香港反1,10,0,10,致和證券,2023-01-11,7030
1560,中砂,11,1,10,致和證券,2023-01-11,7030
2636,台驊控股,10,0,10,致和證券,2023-01-11,7030
3504,揚明光,10,0,10,致和證券,2023-01-11,7030
6150,撼訊,10,0,10,致和證券,2023-01-11,7030
8038,長園科,10,1,9,致和證券,2023-01-11,7030
1584,精剛,9,1,8,致和證券,2023-01-11,7030
1101,台泥,6,0,6,致和證券,2023-01-11,7030
2607,榮運,6,0,6,致和證券,2023-01-11,7030
2867,三商壽,6,0,6,致和證券,2023-01-11,7030
2883,凱基金,6,0,6,致和證券,2023-01-11,7030
3704,合勤控,12,6,6,致和證券,2023-01-11,7030
6271,同欣電,5,0,5,致和證券,2023-01-11,7030
00753L,中信中國50正2,5,0,5,致和證券,2023-01-11,7030
3362,先進光,5,0,5,致和證券,2023-01-11,7030
4171,瑞基,5,0,5,致和證券,2023-01-11,7030
4979,華星光,5,0,5,致和證券,2023-01-11,7030
6163,華電網,5,0,5,致和證券,2023-01-11,7030
6244,茂迪,5,0,5,致和證券,2023-01-11,7030
1229,聯華,4,0,4,致和證券,2023-01-11,7030
2605,新興,4,0,4,致和證券,2023-01-11,7030
8358,金居,4,0,4,致和證券,2023-01-11,7030
3708,上緯投控,4,0,4,致和證券,2023-01-11,7030
3682,亞太電,3,0,3,致和證券,2023-01-11,7030
2208,台船,3,0,3,致和證券,2023-01-11,7030
1218,泰山,3,0,3,致和證券,2023-01-11,7030
2313,華通,30,27,3,致和證券,2023-01-11,7030
3419,譁裕,3,0,3,致和證券,2023-01-11,7030
4903,聯光通,3,0,3,致和證券,2023-01-11,7030
6609,瀧澤科,4,1,3,致和證券,2023-01-11,7030
2201,裕隆,14,12,2,致和證券,2023-01-11,7030
2409,友達,2,0,2,致和證券,2023-01-11,7030
00761B,國泰A級公司債,2,0,2,致和證券,2023-01-11,7030
1217,愛之味,2,0,2,致和證券,2023-01-11,7030
1909,榮成,2,0,2,致和證券,2023-01-11,7030
2007,燁興,2,0,2,致和證券,2023-01-11,7030
2887,台新金,2,0,2,致和證券,2023-01-11,7030
2888,新光金,30,28,2,致和證券,2023-01-11,7030
00753L,中信中國50正2,20,0,20,致和證券,2023-01-12,7030
2834,臺企銀,22,2,20,致和證券,2023-01-12,7030
3576,聯合再生,21,1,20,致和證券,2023-01-12,7030
1806,冠軍,17,0,17,致和證券,2023-01-12,7030
2308,台達電,12,0,12,致和證券,2023-01-12,7030
6712,長聖,12,0,12,致和證券,2023-01-12,7030
00878,國泰永續高股息,11,0,11,致和證券,2023-01-12,7030
1708,東鹼,10,0,10,致和證券,2023-01-12,7030
1560,中砂,10,0,10,致和證券,2023-01-12,7030
3027,盛達,10,0,10,致和證券,2023-01-12,7030
4147,中裕,10,0,10,致和證券,2023-01-12,7030
5425,台半,10,0,10,致和證券,2023-01-12,7030
2603,長榮,12,3,9,致和證券,2023-01-12,7030
5258,虹堡,10,1,9,致和證券,2023-01-12,7030
6122,擎邦,8,0,8,致和證券,2023-01-12,7030
2201,裕隆,14,7,7,致和證券,2023-01-12,7030
1605,華新,31,24,7,致和證券,2023-01-12,7030
2609,陽明,9,2,7,致和證券,2023-01-12,7030
6443,元晶,11,4,7,致和證券,2023-01-12,7030
00882,中信中國高股息,6,0,6,致和證券,2023-01-12,7030
2358,廷鑫,6,0,6,致和證券,2023-01-12,7030
5371,中光電,6,0,6,致和證券,2023-01-12,7030
5516,雙喜,11,5,6,致和證券,2023-01-12,7030
00770,國泰北美科技,5,0,5,致和證券,2023-01-12,7030
2388,威盛,10,5,5,致和證券,2023-01-12,7030
3293,鈊象,5,0,5,致和證券,2023-01-12,7030
3356,奇偶,5,0,5,致和證券,2023-01-12,7030
3707,漢磊,6,1,5,致和證券,2023-01-12,7030
6509,聚和,5,0,5,致和證券,2023-01-12,7030
2313,華通,9,5,4,致和證券,2023-01-12,7030
2317,鴻海,4,0,4,致和證券,2023-01-12,7030
2356,英業達,4,0,4,致和證券,2023-01-12,7030
3141,晶宏,5,1,4,致和證券,2023-01-12,7030
3362,先進光,4,0,4,致和證券,2023-01-12,7030
5347,世界,7,3,4,致和證券,2023-01-12,7030
8069,元太,5,1,4,致和證券,2023-01-12,7030
2607,榮運,3,0,3,致和證券,2023-01-12,7030
6806,森崴能源,6,3,3,致和證券,2023-01-12,7030
2897,王道銀行,3,0,3,致和證券,2023-01-12,7030
4974,亞泰,6,4,2,致和證券,2023-01-12,7030
1795,美時,4,2,2,致和證券,2023-01-12,7030
1513,中興電,3,1,2,致和證券,2023-01-12,7030
1504,東元,2,0,2,致和證券,2023-01-12,7030
1529,樂事綠能,5,3,2,致和證券,2023-01-12,7030
1815,富喬,2,0,2,致和證券,2023-01-12,7030
2405,輔信,3,1,2,致和證券,2023-01-12,7030
4128,中天,3,1,2,致和證券,2023-01-12,7030
4171,瑞基,2,0,2,致和證券,2023-01-12,7030
4564,元翎,2,0,2,致和證券,2023-01-12,7030
5519,隆大,2,0,2,致和證券,2023-01-12,7030
8255,朋程,34,0,34,致和證券,2023-01-13,7030
3265,台星科,30,1,29,致和證券,2023-01-13,7030
00651R,復華香港反1,20,0,20,致和證券,2023-01-13,7030
2892,第一金,20,0,20,致和證券,2023-01-13,7030
5309,系統電,20,0,20,致和證券,2023-01-13,7030
2498,宏達電,32,15,17,致和證券,2023-01-13,7030
3576,聯合再生,12,0,12,致和證券,2023-01-13,7030
4113,聯上,12,0,12,致和證券,2023-01-13,7030
6150,撼訊,22,10,12,致和證券,2023-01-13,7030
1605,華新,23,13,10,致和證券,2023-01-13,7030
3188,鑫龍騰,10,0,10,致和證券,2023-01-13,7030
6235,華孚,10,0,10,致和證券,2023-01-13,7030
8033,雷虎,10,0,10,致和證券,2023-01-13,7030
3022,威強電,10,1,9,致和證券,2023-01-13,7030
8105,凌巨,11,2,9,致和證券,2023-01-13,7030
1529,樂事綠能,7,0,7,致和證券,2023-01-13,7030
3035,智原,9,2,7,致和證券,2023-01-13,7030
3481,群創,6,0,6,致和證券,2023-01-13,7030
3630,新鉅科,6,0,6,致和證券,2023-01-13,7030
5347,世界,7,1,6,致和證券,2023-01-13,7030
8249,菱光,7,1,6,致和證券,2023-01-13,7030
00753L,中信中國50正2,5,0,5,致和證券,2023-01-13,7030
1907,永豐餘,5,0,5,致和證券,2023-01-13,7030
2314,台揚,5,0,5,致和證券,2023-01-13,7030
2867,三商壽,5,0,5,致和證券,2023-01-13,7030
4130,健亞,5,0,5,致和證券,2023-01-13,7030
6104,創惟,5,0,5,致和證券,2023-01-13,7030
6220,岳豐,5,0,5,致和證券,2023-01-13,7030
8928,鉅明,5,0,5,致和證券,2023-01-13,7030
2832,台產,4,0,4,致和證券,2023-01-13,7030
2201,裕隆,6,3,3,致和證券,2023-01-13,7030
1701,中化,3,0,3,致和證券,2023-01-13,7030
1517,利奇,3,0,3,致和證券,2023-01-13,7030
1584,精剛,3,0,3,致和證券,2023-01-13,7030
1314,中石化,3,0,3,致和證券,2023-01-13,7030
2634,漢翔,24,21,3,致和證券,2023-01-13,7030
2641,正德,3,0,3,致和證券,2023-01-13,7030
3189,景碩,6,3,3,致和證券,2023-01-13,7030
3494,誠研,3,0,3,致和證券,2023-01-13,7030
3624,光頡,4,1,3,致和證券,2023-01-13,7030
5471,松翰,3,0,3,致和證券,2023-01-13,7030
6290,良維,3,0,3,致和證券,2023-01-13,7030
6789,采鈺,3,0,3,致和證券,2023-01-13,7030
8261,富鼎,3,0,3,致和證券,2023-01-13,7030
1440,南紡,2,0,2,致和證券,2023-01-13,7030
1104,環泥,2,0,2,致和證券,2023-01-13,7030
00891,中信關鍵半導體,2,0,2,致和證券,2023-01-13,7030
1309,台達化,2,0,2,致和證券,2023-01-13,7030
0050,元大台灣50,2,0,2,致和證券,2023-01-13,7030
1785,光洋科,2,0,2,致和證券,2023-01-13,7030
0056,元大高股息,41,0,41,致和證券,2023-01-16,7030
00632R,元大台灣50反1,30,0,30,致和證券,2023-01-16,7030
00773B,中信優先金融債,20,0,20,致和證券,2023-01-16,7030
00900,富邦特選高股息30,20,0,20,致和證券,2023-01-16,7030
1815,富喬,20,0,20,致和證券,2023-01-16,7030
2610,華航,21,3,18,致和證券,2023-01-16,7030
8105,凌巨,14,1,13,致和證券,2023-01-16,7030
2603,長榮,22,10,12,致和證券,2023-01-16,7030
2611,志信,10,0,10,致和證券,2023-01-16,7030
2882,國泰金,10,0,10,致和證券,2023-01-16,7030
3576,聯合再生,10,0,10,致和證券,2023-01-16,7030
8489,三貝德,10,0,10,致和證券,2023-01-16,7030
2308,台達電,10,1,9,致和證券,2023-01-16,7030
2303,聯電,9,1,8,致和證券,2023-01-16,7030
6741,91APP*-KY,8,1,7,致和證券,2023-01-16,7030
1612,宏泰,5,0,5,致和證券,2023-01-16,7030
2327,國巨,5,0,5,致和證券,2023-01-16,7030
6114,久威,5,0,5,致和證券,2023-01-16,7030
2618,長榮航,5,1,4,致和證券,2023-01-16,7030
2888,新光金,5,1,4,致和證券,2023-01-16,7030
3260,威剛,4,0,4,致和證券,2023-01-16,7030
6541,泰福-KY,4,0,4,致和證券,2023-01-16,7030
2883,凱基金,5,2,3,致和證券,2023-01-16,7030
1760,寶齡富錦,3,0,3,致和證券,2023-01-16,7030
1514,亞力,3,0,3,致和證券,2023-01-16,7030
2812,台中銀,3,0,3,致和證券,2023-01-16,7030
2867,三商壽,3,0,3,致和證券,2023-01-16,7030
5009,榮剛,4,1,3,致和證券,2023-01-16,7030
5438,東友,3,0,3,致和證券,2023-01-16,7030
6770,力積電,17,14,3,致和證券,2023-01-16,7030
2317,鴻海,2,0,2,致和證券,2023-01-16,7030
00761B,國泰A級公司債,2,0,2,致和證券,2023-01-16,7030
00751B,元大AAA至A公司債,2,0,2,致和證券,2023-01-16,7030
00669R,國泰美國道瓊反1,2,0,2,致和證券,2023-01-16,7030
00720B,元大投資級公司債,2,0,2,致和證券,2023-01-16,7030
1701,中化,2,0,2,致和證券,2023-01-16,7030
2358,廷鑫,2,0,2,致和證券,2023-01-16,7030
2609,陽明,4,2,2,致和證券,2023-01-16,7030
2634,漢翔,6,4,2,致和證券,2023-01-16,7030
2906,高林,2,0,2,致和證券,2023-01-16,7030
2929,淘帝-KY,2,0,2,致和證券,2023-01-16,7030
3526,凡甲,3,1,2,致和證券,2023-01-16,7030
3537,堡達,2,0,2,致和證券,2023-01-16,7030
3710,連展投控,2,0,2,致和證券,2023-01-16,7030
4564,元翎,2,0,2,致和證券,2023-01-16,7030
4927,泰鼎-KY,2,0,2,致和證券,2023-01-16,7030
4938,和碩,2,0,2,致和證券,2023-01-16,7030
5871,中租-KY,2,0,2,致和證券,2023-01-16,7030
6023,元大期,2,0,2,致和證券,2023-01-16,7030
6180,橘子,2,0,2,致和證券,2023-01-16,7030
2017,官田鋼,52,2,50,致和證券,2023-01-17,7030
2834,臺企銀,38,2,36,致和證券,2023-01-17,7030
1701,中化,24,0,24,致和證券,2023-01-17,7030
1815,富喬,19,0,19,致和證券,2023-01-17,7030
0050,元大台灣50,12,1,11,致和證券,2023-01-17,7030
2616,山隆,10,0,10,致和證券,2023-01-17,7030
2618,長榮航,20,10,10,致和證券,2023-01-17,7030
3176,基亞,10,0,10,致和證券,2023-01-17,7030
2338,光罩,8,0,8,致和證券,2023-01-17,7030
6541,泰福-KY,7,0,7,致和證券,2023-01-17,7030
00878,國泰永續高股息,6,0,6,致和證券,2023-01-17,7030
1529,樂事綠能,9,4,5,致和證券,2023-01-17,7030
1219,福壽,5,0,5,致和證券,2023-01-17,7030
2009,第一銅,5,0,5,致和證券,2023-01-17,7030
3037,欣興,5,0,5,致和證券,2023-01-17,7030
3059,華晶科,5,0,5,致和證券,2023-01-17,7030
3062,建漢,5,0,5,致和證券,2023-01-17,7030
3090,日電貿,5,0,5,致和證券,2023-01-17,7030
8105,凌巨,5,0,5,致和證券,2023-01-17,7030
8341,日友,4,0,4,致和證券,2023-01-17,7030
1805,寶徠,4,0,4,致和證券,2023-01-17,7030
3704,合勤控,3,0,3,致和證券,2023-01-17,7030
2007,燁興,5,2,3,致和證券,2023-01-17,7030
2408,南亞科,3,0,3,致和證券,2023-01-17,7030
2409,友達,3,0,3,致和證券,2023-01-17,7030
2603,長榮,23,20,3,致和證券,2023-01-17,7030
2610,華航,3,0,3,致和證券,2023-01-17,7030
2883,凱基金,3,0,3,致和證券,2023-01-17,7030
3702,大聯大,3,0,3,致和證券,2023-01-17,7030
5907,大洋-KY,3,0,3,致和證券,2023-01-17,7030
6182,合晶,3,0,3,致和證券,2023-01-17,7030
6695,芯鼎,3,0,3,致和證券,2023-01-17,7030
5009,榮剛,3,0,3,致和證券,2023-01-17,7030
1708,東鹼,2,0,2,致和證券,2023-01-17,7030
1301,台塑,2,0,2,致和證券,2023-01-17,7030
1504,東元,2,0,2,致和證券,2023-01-17,7030
2365,昆盈,2,0,2,致和證券,2023-01-17,7030
2419,仲琦,2,0,2,致和證券,2023-01-17,7030
2601,益航,2,0,2,致和證券,2023-01-17,7030
3049,精金,2,0,2,致和證券,2023-01-17,7030
3294,英濟,2,0,2,致和證券,2023-01-17,7030
3481,群創,2,0,2,致和證券,2023-01-17,7030
3526,凡甲,2,0,2,致和證券,2023-01-17,7030
4102,永日,2,0,2,致和證券,2023-01-17,7030
4979,華星光,3,1,2,致和證券,2023-01-17,7030
6005,群益證,2,0,2,致和證券,2023-01-17,7030
6217,中探針,2,0,2,致和證券,2023-01-17,7030
6806,森崴能源,2,0,2,致和證券,2023-01-17,7030
8069,元太,2,1,1,致和證券,2023-01-17,7030
2454,聯發科,1,0,1,致和證券,2023-01-17,7030
00878,國泰永續高股息,55,9,46,致和證券,2023-01-30,7030
6451,訊芯-KY,39,1,38,致和證券,2023-01-30,7030
2317,鴻海,21,1,20,致和證券,2023-01-30,7030
2017,官田鋼,20,0,20,致和證券,2023-01-30,7030
2641,正德,20,0,20,致和證券,2023-01-30,7030
5309,系統電,13,0,13,致和證券,2023-01-30,7030
2888,新光金,12,0,12,致和證券,2023-01-30,7030
8069,元太,12,1,11,致和證券,2023-01-30,7030
2609,陽明,13,2,11,致和證券,2023-01-30,7030
8429,金麗-KY,18,7,11,致和證券,2023-01-30,7030
00795B,中信美國公債20年,10,0,10,致和證券,2023-01-30,7030
00679B,元大美債20年,10,0,10,致和證券,2023-01-30,7030
1612,宏泰,10,0,10,致和證券,2023-01-30,7030
3293,鈊象,15,5,10,致和證券,2023-01-30,7030
4961,天鈺,11,1,10,致和證券,2023-01-30,7030
5443,均豪,10,0,10,致和證券,2023-01-30,7030
6219,富旺,10,0,10,致和證券,2023-01-30,7030
2353,宏��,8,0,8,致和證券,2023-01-30,7030
2028,威致,8,1,7,致和證券,2023-01-30,7030
2399,映泰,7,0,7,致和證券,2023-01-30,7030
5608,四維航,7,0,7,致和證券,2023-01-30,7030
1584,精剛,6,0,6,致和證券,2023-01-30,7030
2812,台中銀,6,0,6,致和證券,2023-01-30,7030
6188,廣明,6,0,6,致和證券,2023-01-30,7030
8936,國統,6,0,6,致和證券,2023-01-30,7030
1535,中宇,5,0,5,致和證券,2023-01-30,7030
1447,力鵬,5,0,5,致和證券,2023-01-30,7030
00637L,元大滬深300正2,10,5,5,致和證券,2023-01-30,7030
00632R,元大台灣50反1,5,0,5,致和證券,2023-01-30,7030
3624,光頡,5,0,5,致和證券,2023-01-30,7030
4153,鈺緯,5,0,5,致和證券,2023-01-30,7030
4171,瑞基,5,0,5,致和證券,2023-01-30,7030
6160,欣技,5,0,5,致和證券,2023-01-30,7030
1314,中石化,4,0,4,致和證券,2023-01-30,7030
8390,金益鼎,4,0,4,致和證券,2023-01-30,7030
1444,力麗,4,0,4,致和證券,2023-01-30,7030
00713,元大台灣高息低波,4,0,4,致和證券,2023-01-30,7030
2603,長榮,3,0,3,致和證券,2023-01-30,7030
3105,穩懋,5,2,3,致和證券,2023-01-30,7030
1216,統一,3,0,3,致和證券,2023-01-30,7030
00877,復華中國5G,3,0,3,致和證券,2023-01-30,7030
1604,聲寶,3,0,3,致和證券,2023-01-30,7030
2368,金像電,3,0,3,致和證券,2023-01-30,7030
2409,友達,20,17,3,致和證券,2023-01-30,7030
2884,玉山金,3,0,3,致和證券,2023-01-30,7030
3346,麗清,3,0,3,致和證券,2023-01-30,7030
3526,凡甲,4,1,3,致和證券,2023-01-30,7030
6120,達運,3,0,3,致和證券,2023-01-30,7030
6541,泰福-KY,8,5,3,致和證券,2023-01-30,7030
9939,宏全,3,0,3,致和證券,2023-01-30,7030
2633,台灣高鐵,500,0,500,致和證券,2023-01-31,7030
2883,凱基金,182,2,180,致和證券,2023-01-31,7030
8926,台汽電,100,0,100,致和證券,2023-01-31,7030
6116,彩晶,110,52,58,致和證券,2023-01-31,7030
2614,東森,55,6,49,致和證券,2023-01-31,7030
00905,FT臺灣Smart,38,0,38,致和證券,2023-01-31,7030
2323,中環,20,0,20,致和證券,2023-01-31,7030
5309,系統電,20,0,20,致和證券,2023-01-31,7030
0056,元大高股息,16,0,16,致和證券,2023-01-31,7030
3504,揚明光,12,0,12,致和證券,2023-01-31,7030
2890,永豐金,11,0,11,致和證券,2023-01-31,7030
1584,精剛,10,0,10,致和證券,2023-01-31,7030
2885,元大金,10,0,10,致和證券,2023-01-31,7030
2888,新光金,15,5,10,致和證券,2023-01-31,7030
3228,金麗科,10,0,10,致和證券,2023-01-31,7030
4906,正文,10,0,10,致和證券,2023-01-31,7030
5880,合庫金,10,0,10,致和證券,2023-01-31,7030
8213,志超,10,0,10,致和證券,2023-01-31,7030
8429,金麗-KY,10,0,10,致和證券,2023-01-31,7030
2049,上銀,11,1,10,致和證券,2023-01-31,7030
2330,台積電,14,5,9,致和證券,2023-01-31,7030
3380,明泰,10,1,9,致和證券,2023-01-31,7030
5907,大洋-KY,7,0,7,致和證券,2023-01-31,7030
8050,廣積,8,2,6,致和證券,2023-01-31,7030
9934,成霖,6,0,6,致和證券,2023-01-31,7030
5347,世界,8,3,5,致和證券,2023-01-31,7030
00714,群益道瓊美國地產,5,0,5,致和證券,2023-01-31,7030
00679B,元大美債20年,5,0,5,致和證券,2023-01-31,7030
00753L,中信中國50正2,35,30,5,致和證券,2023-01-31,7030
1210,大成,5,0,5,致和證券,2023-01-31,7030
00881,國泰台灣5G+,5,0,5,致和證券,2023-01-31,7030
3293,鈊象,5,0,5,致和證券,2023-01-31,7030
5014,建錩,5,0,5,致和證券,2023-01-31,7030
5351,鈺創,5,0,5,致和證券,2023-01-31,7030
6669,緯穎,5,0,5,致和證券,2023-01-31,7030
2317,鴻海,14,9,5,致和證券,2023-01-31,7030
1477,聚陽,4,0,4,致和證券,2023-01-31,7030
1529,樂事綠能,7,3,4,致和證券,2023-01-31,7030
00893,國泰智能電動車,6,2,4,致和證券,2023-01-31,7030
2324,仁寶,4,0,4,致和證券,2023-01-31,7030
6220,岳豐,5,1,4,致和證券,2023-01-31,7030
1313,聯成,3,0,3,致和證券,2023-01-31,7030
2302,麗正,3,0,3,致和證券,2023-01-31,7030
2312,金寶,3,0,3,致和證券,2023-01-31,7030
2342,茂矽,3,0,3,致和證券,2023-01-31,7030
2376,技嘉,3,0,3,致和證券,2023-01-31,7030
3209,全科,3,0,3,致和證券,2023-01-31,7030
3346,麗清,3,0,3,致和證券,2023-01-31,7030
4160,訊聯基因,3,0,3,致和證券,2023-01-31,7030
4536,拓凱,3,0,3,致和證券,2023-01-31,7030
2633,台灣高鐵,500,1,499,致和證券,2023-02-01,7030
2017,官田鋼,100,0,100,致和證券,2023-02-01,7030
8926,台汽電,100,0,100,致和證券,2023-02-01,7030
2883,凱基金,54,5,49,致和證券,2023-02-01,7030
6834,天二科技,31,0,31,致和證券,2023-02-01,7030
2887,台新金,22,1,21,致和證券,2023-02-01,7030
2913,農林,20,0,20,致和證券,2023-02-01,7030
1514,亞力,16,0,16,致和證券,2023-02-01,7030
1440,南紡,15,0,15,致和證券,2023-02-01,7030
2609,陽明,16,3,13,致和證券,2023-02-01,7030
3207,耀勝,12,0,12,致和證券,2023-02-01,7030
8105,凌巨,11,0,11,致和證券,2023-02-01,7030
1603,華電,10,0,10,致和證券,2023-02-01,7030
5011,久陽,10,0,10,致和證券,2023-02-01,7030
5222,全訊,10,0,10,致和證券,2023-02-01,7030
6150,撼訊,11,1,10,致和證券,2023-02-01,7030
8038,長園科,10,0,10,致和證券,2023-02-01,7030
3141,晶宏,10,1,9,致和證券,2023-02-01,7030
6104,創惟,10,1,9,致和證券,2023-02-01,7030
6244,茂迪,11,2,9,致和證券,2023-02-01,7030
2929,淘帝-KY,9,1,8,致和證券,2023-02-01,7030
8299,群聯,7,0,7,致和證券,2023-02-01,7030
0056,元大高股息,7,0,7,致和證券,2023-02-01,7030
5009,榮剛,14,7,7,致和證券,2023-02-01,7030
9929,秋雨,7,0,7,致和證券,2023-02-01,7030
1101,台泥,7,1,6,致和證券,2023-02-01,7030
1605,華新,40,34,6,致和證券,2023-02-01,7030
1604,聲寶,6,0,6,致和證券,2023-02-01,7030
1752,南光,6,0,6,致和證券,2023-02-01,7030
1216,統一,6,0,6,致和證券,2023-02-01,7030
2890,永豐金,6,0,6,致和證券,2023-02-01,7030
5880,合庫金,6,0,6,致和證券,2023-02-01,7030
1447,力鵬,5,0,5,致和證券,2023-02-01,7030
1336,台翰,5,0,5,致和證券,2023-02-01,7030
1783,和康生,5,0,5,致和證券,2023-02-01,7030
2009,第一銅,19,14,5,致和證券,2023-02-01,7030
2031,新光鋼,5,0,5,致和證券,2023-02-01,7030
2543,皇昌,8,3,5,致和證券,2023-02-01,7030
2897,王道銀行,5,0,5,致和證券,2023-02-01,7030
3046,建��,5,0,5,致和證券,2023-02-01,7030
3481,群創,7,2,5,致和證券,2023-02-01,7030
4153,鈺緯,5,0,5,致和證券,2023-02-01,7030
4960,誠美材,7,2,5,致和證券,2023-02-01,7030
3081,聯亞,10,5,5,致和證券,2023-02-01,7030
2344,華邦電,8,4,4,致和證券,2023-02-01,7030
3532,台勝科,4,0,4,致和證券,2023-02-01,7030
3704,合勤控,6,2,4,致和證券,2023-02-01,7030
4977,眾達-KY,4,0,4,致和證券,2023-02-01,7030
5347,世界,6,2,4,致和證券,2023-02-01,7030
5351,鈺創,5,1,4,致和證券,2023-02-01,7030
2633,台灣高鐵,500,0,500,致和證券,2023-02-02,7030
8926,台汽電,100,0,100,致和證券,2023-02-02,7030
2017,官田鋼,81,0,81,致和證券,2023-02-02,7030
5880,合庫金,60,0,60,致和證券,2023-02-02,7030
3062,建漢,65,21,44,致和證券,2023-02-02,7030
2201,裕隆,42,7,35,致和證券,2023-02-02,7030
6274,台燿,28,0,28,致和證券,2023-02-02,7030
6237,驊訊,23,0,23,致和證券,2023-02-02,7030
6182,合晶,21,0,21,致和證券,2023-02-02,7030
2515,中工,20,0,20,致和證券,2023-02-02,7030
2641,正德,20,0,20,致和證券,2023-02-02,7030
6451,訊芯-KY,17,0,17,致和證券,2023-02-02,7030
2329,華泰,18,4,14,致和證券,2023-02-02,7030
1339,昭輝,13,0,13,致和證券,2023-02-02,7030
1524,耿鼎,13,0,13,致和證券,2023-02-02,7030
2354,鴻準,13,0,13,致和證券,2023-02-02,7030
5258,虹堡,12,1,11,致和證券,2023-02-02,7030
1513,中興電,19,9,10,致和證券,2023-02-02,7030
00715L,期街口布蘭特正2,10,0,10,致和證券,2023-02-02,7030
3504,揚明光,11,1,10,致和證券,2023-02-02,7030
5011,久陽,10,0,10,致和證券,2023-02-02,7030
5388,中磊,10,0,10,致和證券,2023-02-02,7030
6188,廣明,10,0,10,致和證券,2023-02-02,7030
1603,華電,9,0,9,致和證券,2023-02-02,7030
4536,拓凱,10,1,9,致和證券,2023-02-02,7030
6770,力積電,10,2,8,致和證券,2023-02-02,7030
2891,中信金,8,0,8,致和證券,2023-02-02,7030
00632R,元大台灣50反1,7,0,7,致和證券,2023-02-02,7030
2413,環科,7,0,7,致和證券,2023-02-02,7030
2492,華新科,11,4,7,致和證券,2023-02-02,7030
1584,精剛,10,3,7,致和證券,2023-02-02,7030
1101,台泥,12,6,6,致和證券,2023-02-02,7030
2323,中環,9,3,6,致和證券,2023-02-02,7030
2609,陽明,11,5,6,致和證券,2023-02-02,7030
2634,漢翔,6,0,6,致和證券,2023-02-02,7030
2888,新光金,11,5,6,致和證券,2023-02-02,7030
3006,晶豪科,9,3,6,致和證券,2023-02-02,7030
3707,漢磊,12,6,6,致和證券,2023-02-02,7030
5608,四維航,6,0,6,致和證券,2023-02-02,7030
0056,元大高股息,6,1,5,致和證券,2023-02-02,7030
2495,普安,5,0,5,致和證券,2023-02-02,7030
2618,長榮航,8,3,5,致和證券,2023-02-02,7030
2886,兆豐金,8,3,5,致和證券,2023-02-02,7030
2890,永豐金,5,0,5,致和證券,2023-02-02,7030
2892,第一金,5,0,5,致和證券,2023-02-02,7030
3164,景岳,5,0,5,致和證券,2023-02-02,7030
3293,鈊象,5,0,5,致和證券,2023-02-02,7030
4153,鈺緯,5,0,5,致和證券,2023-02-02,7030
6191,精成科,5,0,5,致和證券,2023-02-02,7030
6582,申豐,5,0,5,致和證券,2023-02-02,7030
2633,台灣高鐵,500,0,500,致和證券,2023-02-03,7030
8926,台汽電,100,0,100,致和證券,2023-02-03,7030
2017,官田鋼,62,1,61,致和證券,2023-02-03,7030
3508,位速,32,0,32,致和證券,2023-02-03,7030
1584,精剛,42,13,29,致和證券,2023-02-03,7030
3037,欣興,53,25,28,致和證券,2023-02-03,7030
2323,中環,22,0,22,致和證券,2023-02-03,7030
00900,富邦特選高股息30,21,0,21,致和證券,2023-02-03,7030
5009,榮剛,21,0,21,致和證券,2023-02-03,7030
2515,中工,20,0,20,致和證券,2023-02-03,7030
4804,大略-KY,20,0,20,致和證券,2023-02-03,7030
4960,誠美材,20,0,20,致和證券,2023-02-03,7030
6770,力積電,20,3,17,致和證券,2023-02-03,7030
5258,虹堡,17,3,14,致和證券,2023-02-03,7030
1216,統一,13,0,13,致和證券,2023-02-03,7030
1513,中興電,23,10,13,致和證券,2023-02-03,7030
2030,彰源,12,0,12,致和證券,2023-02-03,7030
2201,裕隆,27,15,12,致和證券,2023-02-03,7030
2014,中鴻,11,0,11,致和證券,2023-02-03,7030
2484,希華,23,12,11,致和證券,2023-02-03,7030
2897,王道銀行,11,0,11,致和證券,2023-02-03,7030
3128,昇銳,10,0,10,致和證券,2023-02-03,7030
3596,智易,10,0,10,致和證券,2023-02-03,7030
4747,強生,15,5,10,致和證券,2023-02-03,7030
2882,國泰金,16,6,10,致和證券,2023-02-03,7030
3265,台星科,10,1,9,致和證券,2023-02-03,7030
4906,正文,9,0,9,致和證券,2023-02-03,7030
1305,華夏,20,12,8,致和證券,2023-02-03,7030
2888,新光金,22,14,8,致和證券,2023-02-03,7030
6117,迎廣,8,0,8,致和證券,2023-02-03,7030
8112,至上,8,0,8,致和證券,2023-02-03,7030
2609,陽明,11,4,7,致和證券,2023-02-03,7030
2027,大成鋼,6,0,6,致和證券,2023-02-03,7030
2409,友達,11,5,6,致和證券,2023-02-03,7030
3504,揚明光,6,0,6,致和證券,2023-02-03,7030
8215,明基材,7,1,6,致和證券,2023-02-03,7030
8289,泰藝,6,0,6,致和證券,2023-02-03,7030
00715L,期街口布蘭特正2,5,0,5,致和證券,2023-02-03,7030
1325,恆大,5,0,5,致和證券,2023-02-03,7030
2344,華邦電,24,19,5,致和證券,2023-02-03,7030
2388,威盛,10,5,5,致和證券,2023-02-03,7030
2614,東森,6,1,5,致和證券,2023-02-03,7030
2634,漢翔,5,0,5,致和證券,2023-02-03,7030
3594,磐儀,5,0,5,致和證券,2023-02-03,7030
4153,鈺緯,5,0,5,致和證券,2023-02-03,7030
6712,長聖,5,0,5,致和證券,2023-02-03,7030
6743,安普新,5,0,5,致和證券,2023-02-03,7030
6768,志強-KY,5,0,5,致和證券,2023-02-03,7030
8088,品安,5,0,5,致和證券,2023-02-03,7030
8299,群聯,5,0,5,致和證券,2023-02-03,7030
8926,台汽電,100,0,100,致和證券,2023-02-06,7030
3532,台勝科,75,0,75,致和證券,2023-02-06,7030
00753L,中信中國50正2,32,0,32,致和證券,2023-02-06,7030
6235,華孚,32,3,29,致和證券,2023-02-06,7030
2603,長榮,27,2,25,致和證券,2023-02-06,7030
4974,亞泰,25,0,25,致和證券,2023-02-06,7030
1101,台泥,24,0,24,致和證券,2023-02-06,7030
6531,愛普*,22,2,20,致和證券,2023-02-06,7030
1605,華新,26,9,17,致和證券,2023-02-06,7030
3576,聯合再生,15,0,15,致和證券,2023-02-06,7030
5880,合庫金,15,0,15,致和證券,2023-02-06,7030
2027,大成鋼,10,0,10,致和證券,2023-02-06,7030
2482,連宇,21,11,10,致和證券,2023-02-06,7030
3669,圓展,10,0,10,致和證券,2023-02-06,7030
3707,漢磊,10,0,10,致和證券,2023-02-06,7030
1336,台翰,8,0,8,致和證券,2023-02-06,7030
5425,台半,7,0,7,致和證券,2023-02-06,7030
00902,中信電池及儲能,7,0,7,致和證券,2023-02-06,7030
3022,威強電,7,0,7,致和證券,2023-02-06,7030
3035,智原,11,4,7,致和證券,2023-02-06,7030
3037,欣興,7,1,6,致和證券,2023-02-06,7030
00878,國泰永續高股息,6,0,6,致和證券,2023-02-06,7030
2337,旺宏,25,19,6,致和證券,2023-02-06,7030
6603,富強鑫,6,0,6,致和證券,2023-02-06,7030
2009,第一銅,5,0,5,致和證券,2023-02-06,7030
3265,台星科,5,0,5,致和證券,2023-02-06,7030
3380,明泰,5,0,5,致和證券,2023-02-06,7030
5011,久陽,5,0,5,致和證券,2023-02-06,7030
00679B,元大美債20年,4,0,4,致和證券,2023-02-06,7030
2344,華邦電,5,1,4,致和證券,2023-02-06,7030
2890,永豐金,4,0,4,致和證券,2023-02-06,7030
4167,松瑞藥,6,2,4,致和證券,2023-02-06,7030
6125,廣運,4,0,4,致和證券,2023-02-06,7030
6274,台燿,4,0,4,致和證券,2023-02-06,7030
2330,台積電,5,2,3,致和證券,2023-02-06,7030
1444,力麗,3,0,3,致和證券,2023-02-06,7030
1612,宏泰,3,0,3,致和證券,2023-02-06,7030
1524,耿鼎,7,4,3,致和證券,2023-02-06,7030
1312,國喬,3,0,3,致和證券,2023-02-06,7030
1785,光洋科,3,0,3,致和證券,2023-02-06,7030
3207,耀勝,3,0,3,致和證券,2023-02-06,7030
9958,世紀鋼,3,0,3,致和證券,2023-02-06,7030
2317,鴻海,10,7,3,致和證券,2023-02-06,7030
2888,新光金,18,15,3,致和證券,2023-02-06,7030
6282,康舒,7,5,2,致和證券,2023-02-06,7030
00918,大華優利高填息30,2,0,2,致和證券,2023-02-06,7030
1701,中化,3,1,2,致和證券,2023-02-06,7030
2002,中鋼,8,6,2,致和證券,2023-02-06,7030
2105,正新,2,0,2,致和證券,2023-02-06,7030
2201,裕隆,10,8,2,致和證券,2023-02-06,7030
8926,台汽電,100,0,100,致和證券,2023-02-07,7030
2017,官田鋼,60,0,60,致和證券,2023-02-07,7030
1417,嘉裕,26,0,26,致和證券,2023-02-07,7030
3481,群創,36,10,26,致和證券,2023-02-07,7030
00713,元大台灣高息低波,20,0,20,致和證券,2023-02-07,7030
00712,復華富時不動產,20,0,20,致和證券,2023-02-07,7030
6806,森崴能源,20,1,19,致和證券,2023-02-07,7030
4114,健喬,19,1,18,致和證券,2023-02-07,7030
2498,宏達電,27,11,16,致和證券,2023-02-07,7030
2834,臺企銀,40,25,15,致和證券,2023-02-07,7030
1605,華新,21,7,14,致和證券,2023-02-07,7030
4747,強生,25,12,13,致和證券,2023-02-07,7030
2890,永豐金,17,5,12,致和證券,2023-02-07,7030
3029,零壹,10,0,10,致和證券,2023-02-07,7030
2330,台積電,10,2,8,致和證券,2023-02-07,7030
1432,大魯閣,13,6,7,致和證券,2023-02-07,7030
6609,瀧澤科,7,0,7,致和證券,2023-02-07,7030
8050,廣積,8,1,7,致和證券,2023-02-07,7030
6188,廣明,6,0,6,致和證券,2023-02-07,7030
1447,力鵬,6,0,6,致和證券,2023-02-07,7030
00780B,國泰A級金融債,6,0,6,致和證券,2023-02-07,7030
2332,友訊,6,0,6,致和證券,2023-02-07,7030
2881,富邦金,6,0,6,致和證券,2023-02-07,7030
5351,鈺創,8,2,6,致和證券,2023-02-07,7030
6139,亞翔,6,0,6,致和證券,2023-02-07,7030
00679B,元大美債20年,5,0,5,致和證券,2023-02-07,7030
2504,國產,11,6,5,致和證券,2023-02-07,7030
2610,華航,10,5,5,致和證券,2023-02-07,7030
3071,協禧,5,0,5,致和證券,2023-02-07,7030
4171,瑞基,5,0,5,致和證券,2023-02-07,7030
6173,信昌電,5,0,5,致和證券,2023-02-07,7030
6538,倉和,5,0,5,致和證券,2023-02-07,7030
6669,緯穎,10,5,5,致和證券,2023-02-07,7030
8390,金益鼎,5,0,5,致和證券,2023-02-07,7030
8928,鉅明,5,0,5,致和證券,2023-02-07,7030
2201,裕隆,22,17,5,致和證券,2023-02-07,7030
1444,力麗,4,0,4,致和證券,2023-02-07,7030
2891,中信金,4,0,4,致和證券,2023-02-07,7030
3006,晶豪科,8,4,4,致和證券,2023-02-07,7030
4162,智擎,4,0,4,致和證券,2023-02-07,7030
2603,長榮,3,0,3,致和證券,2023-02-07,7030
1603,華電,3,0,3,致和證券,2023-02-07,7030
1313,聯成,3,0,3,致和證券,2023-02-07,7030
1101,台泥,3,0,3,致和證券,2023-02-07,7030
00905,FT臺灣Smart,3,0,3,致和證券,2023-02-07,7030
2743,山富,3,0,3,致和證券,2023-02-07,7030
8299,群聯,3,0,3,致和證券,2023-02-07,7030
8942,森鉅,3,0,3,致和證券,2023-02-07,7030
00720B,元大投資級公司債,2,0,2,致和證券,2023-02-07,7030
00715L,期街口布蘭特正2,2,0,2,致和證券,2023-02-07,7030
3532,台勝科,126,0,126,致和證券,2023-02-08,7030
8926,台汽電,100,0,100,致和證券,2023-02-08,7030
2614,東森,51,0,51,致和證券,2023-02-08,7030
2883,凱基金,52,5,47,致和證券,2023-02-08,7030
1605,華新,52,12,40,致和證券,2023-02-08,7030
2017,官田鋼,40,12,28,致和證券,2023-02-08,7030
2610,華航,21,0,21,致和證券,2023-02-08,7030
1528,恩德,20,0,20,致和證券,2023-02-08,7030
2492,華新科,21,1,20,致和證券,2023-02-08,7030
2836,高雄銀,20,0,20,致和證券,2023-02-08,7030
3624,光頡,20,1,19,致和證券,2023-02-08,7030
8046,南電,20,2,18,致和證券,2023-02-08,7030
2498,宏達電,32,16,16,致和證券,2023-02-08,7030
1316,上曜,15,0,15,致和證券,2023-02-08,7030
2009,第一銅,21,6,15,致和證券,2023-02-08,7030
1584,精剛,15,5,10,致和證券,2023-02-08,7030
1440,南紡,10,0,10,致和證券,2023-02-08,7030
1314,中石化,10,0,10,致和證券,2023-02-08,7030
4934,太極,10,0,10,致和證券,2023-02-08,7030
6509,聚和,14,4,10,致和證券,2023-02-08,7030
2888,新光金,10,2,8,致和證券,2023-02-08,7030
4999,鑫禾,8,0,8,致和證券,2023-02-08,7030
3081,聯亞,10,2,8,致和證券,2023-02-08,7030
8183,精星,7,0,7,致和證券,2023-02-08,7030
2367,燿華,8,1,7,致和證券,2023-02-08,7030
2338,光罩,7,1,6,致和證券,2023-02-08,7030
2607,榮運,6,0,6,致和證券,2023-02-08,7030
4543,萬在,6,0,6,致和證券,2023-02-08,7030
5450,南良,6,0,6,致和證券,2023-02-08,7030
6136,富爾特,6,0,6,致和證券,2023-02-08,7030
6461,益得,6,0,6,致和證券,2023-02-08,7030
00632R,元大台灣50反1,5,0,5,致和證券,2023-02-08,7030
1781,合世,5,0,5,致和證券,2023-02-08,7030
1786,科妍,5,0,5,致和證券,2023-02-08,7030
2243,宏旭-KY,5,0,5,致和證券,2023-02-08,7030
2393,億光,5,0,5,致和證券,2023-02-08,7030
2491,吉祥全,5,0,5,致和證券,2023-02-08,7030
2880,華南金,5,0,5,致和證券,2023-02-08,7030
3498,陽程,5,0,5,致和證券,2023-02-08,7030
4104,佳醫,5,0,5,致和證券,2023-02-08,7030
4903,聯光通,5,0,5,致和證券,2023-02-08,7030
5011,久陽,5,0,5,致和證券,2023-02-08,7030
6104,創惟,5,0,5,致和證券,2023-02-08,7030
8150,南茂,5,0,5,致和證券,2023-02-08,7030
2812,台中銀,4,0,4,致和證券,2023-02-08,7030
3512,皇龍,4,0,4,致和證券,2023-02-08,7030
3693,營邦,6,2,4,致和證券,2023-02-08,7030
4128,中天,16,12,4,致和證券,2023-02-08,7030
4430,耀億,4,0,4,致和證券,2023-02-08,7030
5425,台半,7,3,4,致和證券,2023-02-08,7030
8926,台汽電,100,0,100,致和證券,2023-02-09,7030
00878,國泰永續高股息,70,0,70,致和證券,2023-02-09,7030
2388,威盛,28,5,23,致和證券,2023-02-09,7030
2201,裕隆,28,7,21,致和證券,2023-02-09,7030
2017,官田鋼,20,0,20,致和證券,2023-02-09,7030
3481,群創,20,2,18,致和證券,2023-02-09,7030
2409,友達,21,3,18,致和證券,2023-02-09,7030
1535,中宇,15,0,15,致和證券,2023-02-09,7030
1101,台泥,13,0,13,致和證券,2023-02-09,7030
4114,健喬,17,5,12,致和證券,2023-02-09,7030
6166,凌華,11,0,11,致和證券,2023-02-09,7030
8105,凌巨,11,0,11,致和證券,2023-02-09,7030
1440,南紡,10,0,10,致和證券,2023-02-09,7030
1216,統一,10,0,10,致和證券,2023-02-09,7030
00882,中信中國高股息,10,0,10,致和證券,2023-02-09,7030
0056,元大高股息,10,0,10,致和證券,2023-02-09,7030
3228,金麗科,10,0,10,致和證券,2023-02-09,7030
3714,富采,10,0,10,致和證券,2023-02-09,7030
2344,華邦電,85,76,9,致和證券,2023-02-09,7030
3257,虹冠電,9,0,9,致和證券,2023-02-09,7030
8299,群聯,10,1,9,致和證券,2023-02-09,7030
2367,燿華,12,4,8,致和證券,2023-02-09,7030
6443,元晶,9,1,8,致和證券,2023-02-09,7030
1907,永豐餘,7,0,7,致和證券,2023-02-09,7030
3059,華晶科,8,1,7,致和證券,2023-02-09,7030
00713,元大台灣高息低波,6,0,6,致和證券,2023-02-09,7030
2027,大成鋼,8,2,6,致和證券,2023-02-09,7030
2615,萬海,6,0,6,致和證券,2023-02-09,7030
1447,力鵬,5,0,5,致和證券,2023-02-09,7030
2340,台亞,5,0,5,致和證券,2023-02-09,7030
3071,協禧,5,0,5,致和證券,2023-02-09,7030
3673,TPK-KY,5,0,5,致和證券,2023-02-09,7030
4153,鈺緯,5,0,5,致和證券,2023-02-09,7030
4743,合一,5,0,5,致和證券,2023-02-09,7030
4999,鑫禾,5,0,5,致和證券,2023-02-09,7030
5309,系統電,5,0,5,致和證券,2023-02-09,7030
6217,中探針,5,0,5,致和證券,2023-02-09,7030
6220,岳豐,5,0,5,致和證券,2023-02-09,7030
6435,大中,5,0,5,致和證券,2023-02-09,7030
6770,力積電,5,0,5,致和證券,2023-02-09,7030
8255,朋程,6,1,5,致和證券,2023-02-09,7030
2457,飛宏,4,0,4,致和證券,2023-02-09,7030
3548,兆利,4,0,4,致和證券,2023-02-09,7030
6129,普誠,6,2,4,致和證券,2023-02-09,7030
6138,茂達,7,3,4,致和證券,2023-02-09,7030
6531,愛普*,12,8,4,致和證券,2023-02-09,7030
8942,森鉅,4,0,4,致和證券,2023-02-09,7030
00673R,期元大S＆P原油反1,3,0,3,致和證券,2023-02-09,7030
1603,華電,3,0,3,致和證券,2023-02-09,7030
2891,中信金,5,2,3,致和證券,2023-02-09,7030
8926,台汽電,100,0,100,致和證券,2023-02-10,7030
2498,宏達電,45,4,41,致和證券,2023-02-10,7030
1440,南紡,40,2,38,致和證券,2023-02-10,7030
00878,國泰永續高股息,38,0,38,致和證券,2023-02-10,7030
2375,凱美,30,0,30,致和證券,2023-02-10,7030
2610,華航,26,0,26,致和證券,2023-02-10,7030
00671R,富邦NASDAQ反1,25,0,25,致和證券,2023-02-10,7030
2017,官田鋼,20,0,20,致和證券,2023-02-10,7030
2323,中環,20,0,20,致和證券,2023-02-10,7030
4543,萬在,20,0,20,致和證券,2023-02-10,7030
6806,森崴能源,26,6,20,致和證券,2023-02-10,7030
6550,北極星藥業-KY,21,3,18,致和證券,2023-02-10,7030
2891,中信金,16,0,16,致和證券,2023-02-10,7030
6161,捷波,14,0,14,致和證券,2023-02-10,7030
1104,環泥,11,0,11,致和證券,2023-02-10,7030
3006,晶豪科,11,0,11,致和證券,2023-02-10,7030
3037,欣興,12,1,11,致和證券,2023-02-10,7030
3707,漢磊,13,2,11,致和證券,2023-02-10,7030
6235,華孚,14,3,11,致和證券,2023-02-10,7030
1216,統一,10,0,10,致和證券,2023-02-10,7030
1312,國喬,15,5,10,致和證券,2023-02-10,7030
2634,漢翔,20,10,10,致和證券,2023-02-10,7030
3128,昇銳,10,0,10,致和證券,2023-02-10,7030
3594,磐儀,12,2,10,致和證券,2023-02-10,7030
6546,正基,10,0,10,致和證券,2023-02-10,7030
6712,長聖,10,0,10,致和證券,2023-02-10,7030
8473,山林水,10,0,10,致和證券,2023-02-10,7030
2027,大成鋼,9,0,9,致和證券,2023-02-10,7030
2101,南港,9,0,9,致和證券,2023-02-10,7030
2618,長榮航,9,0,9,致和證券,2023-02-10,7030
4977,眾達-KY,10,1,9,致和證券,2023-02-10,7030
1789,神隆,8,0,8,致和證券,2023-02-10,7030
00893,國泰智能電動車,9,1,8,致和證券,2023-02-10,7030
2457,飛宏,11,3,8,致和證券,2023-02-10,7030
4720,德淵,8,0,8,致和證券,2023-02-10,7030
6244,茂迪,8,0,8,致和證券,2023-02-10,7030
6282,康舒,23,16,7,致和證券,2023-02-10,7030
3356,奇偶,7,0,7,致和證券,2023-02-10,7030
1603,華電,6,0,6,致和證券,2023-02-10,7030
1342,八貫,21,15,6,致和證券,2023-02-10,7030
2867,三商壽,6,0,6,致和證券,2023-02-10,7030
2890,永豐金,6,0,6,致和證券,2023-02-10,7030
2892,第一金,6,0,6,致和證券,2023-02-10,7030
3552,同致,6,0,6,致和證券,2023-02-10,7030
6865,偉康科技,6,0,6,致和證券,2023-02-10,7030
8054,安國,6,0,6,致和證券,2023-02-10,7030
8938,明安,6,0,6,致和證券,2023-02-10,7030
00632R,元大台灣50反1,5,0,5,致和證券,2023-02-10,7030
0056,元大高股息,5,0,5,致和證券,2023-02-10,7030
2023,燁輝,5,0,5,致和證券,2023-02-10,7030
8926,台汽電,100,0,100,致和證券,2023-02-13,7030
00878,國泰永續高股息,81,1,80,致和證券,2023-02-13,7030
2017,官田鋼,40,0,40,致和證券,2023-02-13,7030
3362,先進光,30,0,30,致和證券,2023-02-13,7030
2330,台積電,31,1,30,致和證券,2023-02-13,7030
2610,華航,27,2,25,致和證券,2023-02-13,7030
1605,華新,22,1,21,致和證券,2023-02-13,7030
4105,東洋,18,0,18,致和證券,2023-02-13,7030
3499,環天科,15,0,15,致和證券,2023-02-13,7030
2014,中鴻,15,2,13,致和證券,2023-02-13,7030
6806,森崴能源,22,11,11,致和證券,2023-02-13,7030
1514,亞力,10,0,10,致和證券,2023-02-13,7030
2890,永豐金,10,0,10,致和證券,2023-02-13,7030
6220,岳豐,10,0,10,致和證券,2023-02-13,7030
6234,高僑,11,1,10,致和證券,2023-02-13,7030
00679B,元大美債20年,9,0,9,致和證券,2023-02-13,7030
2409,友達,39,30,9,致和證券,2023-02-13,7030
3481,群創,16,7,9,致和證券,2023-02-13,7030
3498,陽程,9,0,9,致和證券,2023-02-13,7030
2201,裕隆,16,7,9,致和證券,2023-02-13,7030
2634,漢翔,9,1,8,致和證券,2023-02-13,7030
00772B,中信高評級公司債,7,0,7,致和證券,2023-02-13,7030
00720B,元大投資級公司債,6,0,6,致和證券,2023-02-13,7030
2504,國產,6,0,6,致和證券,2023-02-13,7030
5450,南良,6,0,6,致和證券,2023-02-13,7030
00907,永豐優息存股,5,0,5,致和證券,2023-02-13,7030
1504,東元,5,0,5,致和證券,2023-02-13,7030
00753L,中信中國50正2,25,20,5,致和證券,2023-02-13,7030
1717,長興,5,0,5,致和證券,2023-02-13,7030
1781,合世,5,0,5,致和證券,2023-02-13,7030
2027,大成鋼,5,0,5,致和證券,2023-02-13,7030
2359,所羅門,5,0,5,致和證券,2023-02-13,7030
2489,瑞軒,5,0,5,致和證券,2023-02-13,7030
2498,宏達電,12,7,5,致和證券,2023-02-13,7030
2889,國票金,5,0,5,致和證券,2023-02-13,7030
3062,建漢,5,0,5,致和證券,2023-02-13,7030
3289,宜特,5,0,5,致和證券,2023-02-13,7030
3346,麗清,5,0,5,致和證券,2023-02-13,7030
3710,連展投控,5,0,5,致和證券,2023-02-13,7030
4919,新唐,7,2,5,致和證券,2023-02-13,7030
4934,太極,5,0,5,致和證券,2023-02-13,7030
6712,長聖,5,0,5,致和證券,2023-02-13,7030
1524,耿鼎,4,0,4,致和證券,2023-02-13,7030
1101,台泥,4,0,4,致和證券,2023-02-13,7030
0056,元大高股息,4,0,4,致和證券,2023-02-13,7030
2375,凱美,6,2,4,致和證券,2023-02-13,7030
5014,建錩,5,1,4,致和證券,2023-02-13,7030
8033,雷虎,5,1,4,致和證券,2023-02-13,7030
8249,菱光,7,3,4,致和證券,2023-02-13,7030
2379,瑞昱,3,0,3,致和證券,2023-02-13,7030
2331,精英,154,0,154,致和證券,2023-02-14,7030
2017,官田鋼,101,0,101,致和證券,2023-02-14,7030
2609,陽明,40,15,25,致和證券,2023-02-14,7030
2027,大成鋼,18,0,18,致和證券,2023-02-14,7030
1605,華新,21,3,18,致和證券,2023-02-14,7030
1539,巨庭,16,0,16,致和證券,2023-02-14,7030
2375,凱美,16,0,16,致和證券,2023-02-14,7030
2882,國泰金,17,1,16,致和證券,2023-02-14,7030
1447,力鵬,20,5,15,致和證券,2023-02-14,7030
0056,元大高股息,11,0,11,致和證券,2023-02-14,7030
2883,凱基金,11,0,11,致和證券,2023-02-14,7030
3710,連展投控,11,0,11,致和證券,2023-02-14,7030
8222,寶一,15,4,11,致和證券,2023-02-14,7030
2344,華邦電,12,2,10,致和證券,2023-02-14,7030
3062,建漢,10,0,10,致和證券,2023-02-14,7030
5478,智冠,10,0,10,致和證券,2023-02-14,7030
6799,來頡,10,0,10,致和證券,2023-02-14,7030
6142,友勁,9,0,9,致和證券,2023-02-14,7030
3305,昇貿,8,0,8,致和證券,2023-02-14,7030
4105,東洋,6,0,6,致和證券,2023-02-14,7030
4114,健喬,6,0,6,致和證券,2023-02-14,7030
2303,聯電,22,16,6,致和證券,2023-02-14,7030
00632R,元大台灣50反1,5,0,5,致和證券,2023-02-14,7030
00780B,國泰A級金融債,5,0,5,致和證券,2023-02-14,7030
2314,台揚,5,0,5,致和證券,2023-02-14,7030
3289,宜特,5,0,5,致和證券,2023-02-14,7030
4977,眾達-KY,5,0,5,致和證券,2023-02-14,7030
5258,虹堡,5,0,5,致和證券,2023-02-14,7030
8215,明基材,5,0,5,致和證券,2023-02-14,7030
1795,美時,7,3,4,致和證券,2023-02-14,7030
00900,富邦特選高股息30,4,0,4,致和證券,2023-02-14,7030
1229,聯華,4,0,4,致和證券,2023-02-14,7030
1455,集盛,4,0,4,致和證券,2023-02-14,7030
2453,凌群,6,2,4,致和證券,2023-02-14,7030
2615,萬海,4,0,4,致和證券,2023-02-14,7030
2929,淘帝-KY,4,0,4,致和證券,2023-02-14,7030
3094,聯傑,5,1,4,致和證券,2023-02-14,7030
8033,雷虎,6,2,4,致和證券,2023-02-14,7030
1437,勤益控,4,1,3,致和證券,2023-02-14,7030
1218,泰山,3,0,3,致和證券,2023-02-14,7030
1314,中石化,3,0,3,致和證券,2023-02-14,7030
2028,威致,3,0,3,致和證券,2023-02-14,7030
2312,金寶,3,0,3,致和證券,2023-02-14,7030
4541,晟田,3,0,3,致和證券,2023-02-14,7030
00633L,富邦上証正2,2,0,2,致和證券,2023-02-14,7030
00673R,期元大S＆P原油反1,2,0,2,致和證券,2023-02-14,7030
1708,東鹼,2,0,2,致和證券,2023-02-14,7030
2413,環科,2,0,2,致和證券,2023-02-14,7030
2497,怡利電,2,0,2,致和證券,2023-02-14,7030
2755,揚秦,2,0,2,致和證券,2023-02-14,7030
2017,官田鋼,104,4,100,致和證券,2023-02-15,7030
9904,寶成,50,0,50,致和證券,2023-02-15,7030
2027,大成鋼,50,5,45,致和證券,2023-02-15,7030
00878,國泰永續高股息,59,17,42,致和證券,2023-02-15,7030
2330,台積電,43,7,36,致和證券,2023-02-15,7030
00888,永豐台灣ESG,25,0,25,致和證券,2023-02-15,7030
5347,世界,23,0,23,致和證券,2023-02-15,7030
5425,台半,31,11,20,致和證券,2023-02-15,7030
6005,群益證,20,0,20,致和證券,2023-02-15,7030
8183,精星,20,1,19,致和證券,2023-02-15,7030
3707,漢磊,18,0,18,致和證券,2023-02-15,7030
2891,中信金,17,0,17,致和證券,2023-02-15,7030
1539,巨庭,16,0,16,致和證券,2023-02-15,7030
2498,宏達電,21,5,16,致和證券,2023-02-15,7030
00753L,中信中國50正2,20,5,15,致和證券,2023-02-15,7030
6269,台郡,15,0,15,致和證券,2023-02-15,7030
9907,統一實,15,0,15,致和證券,2023-02-15,7030
00713,元大台灣高息低波,12,0,12,致和證券,2023-02-15,7030
2388,威盛,24,12,12,致和證券,2023-02-15,7030
2482,連宇,12,0,12,致和證券,2023-02-15,7030
6531,愛普*,13,1,12,致和證券,2023-02-15,7030
2618,長榮航,11,0,11,致和證券,2023-02-15,7030
8421,旭源,11,0,11,致和證券,2023-02-15,7030
0050,元大台灣50,11,0,11,致和證券,2023-02-15,7030
1434,福懋,10,0,10,致和證券,2023-02-15,7030
2867,三商壽,10,0,10,致和證券,2023-02-15,7030
3265,台星科,10,0,10,致和證券,2023-02-15,7030
4747,強生,20,10,10,致和證券,2023-02-15,7030
6120,達運,10,0,10,致和證券,2023-02-15,7030
6770,力積電,15,5,10,致和證券,2023-02-15,7030
1513,中興電,30,20,10,致和證券,2023-02-15,7030
3221,台嘉碩,9,0,9,致和證券,2023-02-15,7030
00780B,國泰A級金融債,8,0,8,致和證券,2023-02-15,7030
2610,華航,16,8,8,致和證券,2023-02-15,7030
5512,力麒,8,0,8,致和證券,2023-02-15,7030
8349,�矬�,7,0,7,致和證券,2023-02-15,7030
2453,凌群,6,0,6,致和證券,2023-02-15,7030
1342,八貫,6,1,5,致和證券,2023-02-15,7030
1611,中電,5,0,5,致和證券,2023-02-15,7030
3264,欣銓,5,0,5,致和證券,2023-02-15,7030
3499,環天科,5,0,5,致和證券,2023-02-15,7030
6282,康舒,5,0,5,致和證券,2023-02-15,7030
6485,點序,5,0,5,致和證券,2023-02-15,7030
2317,鴻海,8,4,4,致和證券,2023-02-15,7030
1702,南僑,4,0,4,致和證券,2023-02-15,7030
1447,力鵬,4,0,4,致和證券,2023-02-15,7030
00881,國泰台灣5G+,4,0,4,致和證券,2023-02-15,7030
00680L,元大美債20正2,4,0,4,致和證券,2023-02-15,7030
6244,茂迪,4,0,4,致和證券,2023-02-15,7030
6283,淳安,4,0,4,致和證券,2023-02-15,7030
2017,官田鋼,60,11,49,致和證券,2023-02-16,7030
6217,中探針,35,0,35,致和證券,2023-02-16,7030
8086,宏捷科,22,0,22,致和證券,2023-02-16,7030
1528,恩德,20,0,20,致和證券,2023-02-16,7030
2208,台船,20,0,20,致和證券,2023-02-16,7030
4114,健喬,22,2,20,致和證券,2023-02-16,7030
2367,燿華,15,0,15,致和證券,2023-02-16,7030
6712,長聖,25,10,15,致和證券,2023-02-16,7030
1539,巨庭,12,0,12,致和證券,2023-02-16,7030
2014,中鴻,13,1,12,致和證券,2023-02-16,7030
4804,大略-KY,12,0,12,致和證券,2023-02-16,7030
6117,迎廣,12,0,12,致和證券,2023-02-16,7030
3357,臺慶科,11,0,11,致和證券,2023-02-16,7030
2610,華航,99,89,10,致和證券,2023-02-16,7030
3013,晟銘電,10,0,10,致和證券,2023-02-16,7030
3564,其陽,11,1,10,致和證券,2023-02-16,7030
5905,南仁湖,10,0,10,致和證券,2023-02-16,7030
6160,欣技,10,0,10,致和證券,2023-02-16,7030
6223,旺矽,10,0,10,致和證券,2023-02-16,7030
8163,達方,10,0,10,致和證券,2023-02-16,7030
00679B,元大美債20年,9,0,9,致和證券,2023-02-16,7030
2887,台新金,9,0,9,致和證券,2023-02-16,7030
3615,安可,8,0,8,致和證券,2023-02-16,7030
4543,萬在,8,0,8,致和證券,2023-02-16,7030
00878,國泰永續高股息,9,1,8,致和證券,2023-02-16,7030
3189,景碩,7,0,7,致和證券,2023-02-16,7030
2614,東森,10,3,7,致和證券,2023-02-16,7030
3624,光頡,9,3,6,致和證券,2023-02-16,7030
4721,美琪瑪,10,4,6,致和證券,2023-02-16,7030
5488,松普,6,0,6,致和證券,2023-02-16,7030
6231,系微,6,0,6,致和證券,2023-02-16,7030
2201,裕隆,21,15,6,致和證券,2023-02-16,7030
2882,國泰金,6,0,6,致和證券,2023-02-16,7030
8222,寶一,5,0,5,致和證券,2023-02-16,7030
1437,勤益控,5,0,5,致和證券,2023-02-16,7030
1432,大魯閣,5,0,5,致和證券,2023-02-16,7030
1611,中電,5,0,5,致和證券,2023-02-16,7030
3224,三顧,5,0,5,致和證券,2023-02-16,7030
4904,遠傳,5,0,5,致和證券,2023-02-16,7030
5469,瀚宇博,5,0,5,致和證券,2023-02-16,7030
8440,綠電,5,0,5,致和證券,2023-02-16,7030
2312,金寶,4,0,4,致和證券,2023-02-16,7030
3049,精金,4,0,4,致和證券,2023-02-16,7030
3094,聯傑,4,0,4,致和證券,2023-02-16,7030
3221,台嘉碩,5,1,4,致和證券,2023-02-16,7030
3362,先進光,4,0,4,致和證券,2023-02-16,7030
3652,精聯,4,0,4,致和證券,2023-02-16,7030
3710,連展投控,10,6,4,致和證券,2023-02-16,7030
5009,榮剛,5,1,4,致和證券,2023-02-16,7030
5475,德宏,4,0,4,致和證券,2023-02-16,7030
2618,長榮航,36,5,31,致和證券,2023-02-17,7030
8942,森鉅,30,0,30,致和證券,2023-02-17,7030
2344,華邦電,31,3,28,致和證券,2023-02-17,7030
1605,華新,60,33,27,致和證券,2023-02-17,7030
2201,裕隆,36,11,25,致和證券,2023-02-17,7030
2722,夏都,24,0,24,致和證券,2023-02-17,7030
0056,元大高股息,22,0,22,致和證券,2023-02-17,7030
2313,華通,30,10,20,致和證券,2023-02-17,7030
2634,漢翔,26,6,20,致和證券,2023-02-17,7030
4114,健喬,23,3,20,致和證券,2023-02-17,7030
2610,華航,79,62,17,致和證券,2023-02-17,7030
1540,喬福,16,0,16,致和證券,2023-02-17,7030
2027,大成鋼,21,5,16,致和證券,2023-02-17,7030
6271,同欣電,13,0,13,致和證券,2023-02-17,7030
6443,元晶,20,9,11,致和證券,2023-02-17,7030
2303,聯電,10,0,10,致和證券,2023-02-17,7030
2743,山富,11,1,10,致和證券,2023-02-17,7030
2855,統一證,10,0,10,致和證券,2023-02-17,7030
3149,正達,10,0,10,致和證券,2023-02-17,7030
3710,連展投控,10,0,10,致和證券,2023-02-17,7030
4804,大略-KY,10,0,10,致和證券,2023-02-17,7030
8021,尖點,10,0,10,致和證券,2023-02-17,7030
2834,臺企銀,9,0,9,致和證券,2023-02-17,7030
2892,第一金,10,1,9,致和證券,2023-02-17,7030
1539,巨庭,8,0,8,致和證券,2023-02-17,7030
2329,華泰,10,2,8,致和證券,2023-02-17,7030
6187,萬潤,8,0,8,致和證券,2023-02-17,7030
2884,玉山金,10,4,6,致和證券,2023-02-17,7030
2330,台積電,7,1,6,致和證券,2023-02-17,7030
3189,景碩,6,1,5,致和證券,2023-02-17,7030
00679B,元大美債20年,5,0,5,致和證券,2023-02-17,7030
00893,國泰智能電動車,5,0,5,致和證券,2023-02-17,7030
2208,台船,5,0,5,致和證券,2023-02-17,7030
2332,友訊,5,0,5,致和證券,2023-02-17,7030
2342,茂矽,5,0,5,致和證券,2023-02-17,7030
2382,廣達,5,0,5,致和證券,2023-02-17,7030
3037,欣興,6,1,5,致和證券,2023-02-17,7030
4564,元翎,5,0,5,致和證券,2023-02-17,7030
4979,華星光,6,1,5,致和證券,2023-02-17,7030
6603,富強鑫,5,0,5,致和證券,2023-02-17,7030
8121,越峰,5,0,5,致和證券,2023-02-17,7030
8358,金居,5,0,5,致和證券,2023-02-17,7030
8421,旭源,5,0,5,致和證券,2023-02-17,7030
00878,國泰永續高股息,4,0,4,致和證券,2023-02-17,7030
00712,復華富時不動產,4,0,4,致和證券,2023-02-17,7030
1455,集盛,4,0,4,致和證券,2023-02-17,7030
2882A,國泰特,4,0,4,致和證券,2023-02-17,7030
3265,台星科,5,1,4,致和證券,2023-02-17,7030
6101,寬魚國際,4,0,4,致和證券,2023-02-17,7030
8383,千附,20,16,4,致和證券,2023-02-17,7030
2017,官田鋼,152,1,151,致和證券,2023-02-20,7030
2722,夏都,107,0,107,致和證券,2023-02-20,7030
2882,國泰金,70,3,67,致和證券,2023-02-20,7030
00905,FT臺灣Smart,50,0,50,致和證券,2023-02-20,7030
2885,元大金,40,0,40,致和證券,2023-02-20,7030
2867,三商壽,28,0,28,致和證券,2023-02-20,7030
1108,幸福,20,0,20,致和證券,2023-02-20,7030
9904,寶成,20,0,20,致和證券,2023-02-20,7030
2375,凱美,20,2,18,致和證券,2023-02-20,7030
2027,大成鋼,17,1,16,致和證券,2023-02-20,7030
4120,友華,14,0,14,致和證券,2023-02-20,7030
2834,臺企銀,13,0,13,致和證券,2023-02-20,7030
4430,耀億,13,0,13,致和證券,2023-02-20,7030
5450,南良,12,0,12,致和證券,2023-02-20,7030
9944,新麗,12,0,12,致和證券,2023-02-20,7030
6005,群益證,11,0,11,致和證券,2023-02-20,7030
6550,北極星藥業-KY,11,0,11,致和證券,2023-02-20,7030
1314,中石化,22,12,10,致和證券,2023-02-20,7030
2323,中環,10,0,10,致和證券,2023-02-20,7030
2492,華新科,10,0,10,致和證券,2023-02-20,7030
2606,裕民,10,0,10,致和證券,2023-02-20,7030
2882A,國泰特,10,0,10,致和證券,2023-02-20,7030
3022,威強電,10,0,10,致和證券,2023-02-20,7030
4114,健喬,10,0,10,致和證券,2023-02-20,7030
5534,長虹,10,0,10,致和證券,2023-02-20,7030
6174,安��,10,0,10,致和證券,2023-02-20,7030
2610,華航,66,57,9,致和證券,2023-02-20,7030
2543,皇昌,9,0,9,致和證券,2023-02-20,7030
4128,中天,11,2,9,致和證券,2023-02-20,7030
1216,統一,8,0,8,致和證券,2023-02-20,7030
4745,合富-KY,8,0,8,致和證券,2023-02-20,7030
3481,群創,34,26,8,致和證券,2023-02-20,7030
6244,茂迪,10,3,7,致和證券,2023-02-20,7030
2206,三陽工業,7,1,6,致和證券,2023-02-20,7030
2707,晶華,6,0,6,致和證券,2023-02-20,7030
3062,建漢,7,1,6,致和證券,2023-02-20,7030
3615,安可,6,0,6,致和證券,2023-02-20,7030
5512,力麒,6,0,6,致和證券,2023-02-20,7030
8076,伍豐,6,0,6,致和證券,2023-02-20,7030
00885,富邦越南,10,5,5,致和證券,2023-02-20,7030
00881,國泰台灣5G+,5,0,5,致和證券,2023-02-20,7030
00902,中信電池及儲能,5,0,5,致和證券,2023-02-20,7030
1301,台塑,5,0,5,致和證券,2023-02-20,7030
1504,東元,5,0,5,致和證券,2023-02-20,7030
1503,士電,6,1,5,致和證券,2023-02-20,7030
1540,喬福,5,0,5,致和證券,2023-02-20,7030
2340,台亞,5,0,5,致和證券,2023-02-20,7030
2481,強茂,5,0,5,致和證券,2023-02-20,7030
2491,吉祥全,5,0,5,致和證券,2023-02-20,7030
6116,彩晶,16,11,5,致和證券,2023-02-20,7030
2331,精英,60,1,59,致和證券,2023-02-21,7030
2891,中信金,56,0,56,致和證券,2023-02-21,7030
2884,玉山金,56,0,56,致和證券,2023-02-21,7030
1605,華新,49,7,42,致和證券,2023-02-21,7030
8942,森鉅,30,0,30,致和證券,2023-02-21,7030
2498,宏達電,46,17,29,致和證券,2023-02-21,7030
1101,台泥,25,0,25,致和證券,2023-02-21,7030
2313,華通,36,15,21,致和證券,2023-02-21,7030
6117,迎廣,20,0,20,致和證券,2023-02-21,7030
8429,金麗-KY,20,0,20,致和證券,2023-02-21,7030
0056,元大高股息,16,0,16,致和證券,2023-02-21,7030
2610,華航,30,15,15,致和證券,2023-02-21,7030
4720,德淵,14,0,14,致和證券,2023-02-21,7030
5703,亞都,12,0,12,致和證券,2023-02-21,7030
8936,國統,12,0,12,致和證券,2023-02-21,7030
2206,三陽工業,11,0,11,致和證券,2023-02-21,7030
00720B,元大投資級公司債,10,0,10,致和證券,2023-02-21,7030
2027,大成鋼,11,1,10,致和證券,2023-02-21,7030
2374,佳能,10,0,10,致和證券,2023-02-21,7030
2890,永豐金,10,0,10,致和證券,2023-02-21,7030
4188,安克,10,0,10,致和證券,2023-02-21,7030
4543,萬在,10,0,10,致和證券,2023-02-21,7030
6136,富爾特,10,0,10,致和證券,2023-02-21,7030
8121,越峰,10,0,10,致和證券,2023-02-21,7030
8383,千附,10,0,10,致和證券,2023-02-21,7030
1434,福懋,9,0,9,致和證券,2023-02-21,7030
2457,飛宏,15,6,9,致和證券,2023-02-21,7030
3169,亞信,11,2,9,致和證券,2023-02-21,7030
2314,台揚,8,0,8,致和證券,2023-02-21,7030
2634,漢翔,9,1,8,致和證券,2023-02-21,7030
2618,長榮航,9,2,7,致和證券,2023-02-21,7030
1314,中石化,6,0,6,致和證券,2023-02-21,7030
5512,力麒,6,0,6,致和證券,2023-02-21,7030
1717,長興,5,0,5,致和證券,2023-02-21,7030
1709,和益,5,0,5,致和證券,2023-02-21,7030
2344,華邦電,6,1,5,致和證券,2023-02-21,7030
2402,毅嘉,5,0,5,致和證券,2023-02-21,7030
2504,國產,5,0,5,致和證券,2023-02-21,7030
2607,榮運,25,20,5,致和證券,2023-02-21,7030
2867,三商壽,5,0,5,致和證券,2023-02-21,7030
2880,華南金,5,0,5,致和證券,2023-02-21,7030
3293,鈊象,5,0,5,致和證券,2023-02-21,7030
4130,健亞,9,4,5,致和證券,2023-02-21,7030
5011,久陽,5,0,5,致和證券,2023-02-21,7030
5469,瀚宇博,5,0,5,致和證券,2023-02-21,7030
6494,九齊,5,0,5,致和證券,2023-02-21,7030
6582,申豐,5,0,5,致和證券,2023-02-21,7030
3515,華擎,4,0,4,致和證券,2023-02-21,7030
4168,醣聯,5,1,4,致和證券,2023-02-21,7030
4739,康普,4,0,4,致和證券,2023-02-21,7030
2888,新光金,241,5,236,致和證券,2023-02-22,7030
2722,夏都,63,1,62,致和證券,2023-02-22,7030
8942,森鉅,58,0,58,致和證券,2023-02-22,7030
00878,國泰永續高股息,37,1,36,致和證券,2023-02-22,7030
6531,愛普*,35,3,32,致和證券,2023-02-22,7030
4977,眾達-KY,31,2,29,致和證券,2023-02-22,7030
1709,和益,29,1,28,致和證券,2023-02-22,7030
2498,宏達電,36,9,27,致和證券,2023-02-22,7030
3705,永信,25,0,25,致和證券,2023-02-22,7030
2618,長榮航,33,10,23,致和證券,2023-02-22,7030
3035,智原,31,9,22,致和證券,2023-02-22,7030
6113,亞矽,20,0,20,致和證券,2023-02-22,7030
2201,裕隆,19,1,18,致和證券,2023-02-22,7030
1229,聯華,15,0,15,致和證券,2023-02-22,7030
00753L,中信中國50正2,25,10,15,致和證券,2023-02-22,7030
0056,元大高股息,15,1,14,致和證券,2023-02-22,7030
3022,威強電,14,2,12,致和證券,2023-02-22,7030
3357,臺慶科,12,0,12,致和證券,2023-02-22,7030
6026,福邦證,11,0,11,致和證券,2023-02-22,7030
00632R,元大台灣50反1,10,0,10,致和證券,2023-02-22,7030
2102,泰豐,10,0,10,致和證券,2023-02-22,7030
2323,中環,10,0,10,致和證券,2023-02-22,7030
3265,台星科,10,0,10,致和證券,2023-02-22,7030
6226,光鼎,10,0,10,致和證券,2023-02-22,7030
6282,康舒,16,6,10,致和證券,2023-02-22,7030
8222,寶一,19,9,10,致和證券,2023-02-22,7030
8383,千附,20,10,10,致和證券,2023-02-22,7030
3707,漢磊,11,1,10,致和證券,2023-02-22,7030
2610,華航,10,1,9,致和證券,2023-02-22,7030
5347,世界,9,0,9,致和證券,2023-02-22,7030
2890,永豐金,9,0,9,致和證券,2023-02-22,7030
2208,台船,30,22,8,致和證券,2023-02-22,7030
3545,敦泰,8,0,8,致和證券,2023-02-22,7030
00712,復華富時不動產,7,0,7,致和證券,2023-02-22,7030
4915,致伸,7,0,7,致和證券,2023-02-22,7030
1110,東泥,7,1,6,致和證券,2023-02-22,7030
3037,欣興,6,0,6,致和證券,2023-02-22,7030
3432,台端,6,0,6,致和證券,2023-02-22,7030
5353,台林,6,0,6,致和證券,2023-02-22,7030
6485,點序,6,0,6,致和證券,2023-02-22,7030
00902,中信電池及儲能,5,0,5,致和證券,2023-02-22,7030
1522,堤維西,5,0,5,致和證券,2023-02-22,7030
1752,南光,5,0,5,致和證券,2023-02-22,7030
2380,虹光,5,0,5,致和證券,2023-02-22,7030
2388,威盛,8,3,5,致和證券,2023-02-22,7030
2402,毅嘉,5,0,5,致和證券,2023-02-22,7030
2481,強茂,5,0,5,致和證券,2023-02-22,7030
2881,富邦金,5,0,5,致和證券,2023-02-22,7030
4945,陞達科技,5,0,5,致和證券,2023-02-22,7030
5905,南仁湖,7,2,5,致和證券,2023-02-22,7030
8942,森鉅,58,0,58,致和證券,2023-02-23,7030
3037,欣興,58,1,57,致和證券,2023-02-23,7030
2007,燁興,30,0,30,致和證券,2023-02-23,7030
00715L,期街口布蘭特正2,28,0,28,致和證券,2023-02-23,7030
2303,聯電,35,11,24,致和證券,2023-02-23,7030
2027,大成鋼,21,0,21,致和證券,2023-02-23,7030
2611,志信,21,0,21,致和證券,2023-02-23,7030
2323,中環,20,0,20,致和證券,2023-02-23,7030
2634,漢翔,20,0,20,致和證券,2023-02-23,7030
2888,新光金,20,0,20,致和證券,2023-02-23,7030
3058,立德,20,0,20,致和證券,2023-02-23,7030
1514,亞力,36,18,18,致和證券,2023-02-23,7030
5450,南良,18,2,16,致和證券,2023-02-23,7030
1314,中石化,20,5,15,致和證券,2023-02-23,7030
6118,建達,15,1,14,致和證券,2023-02-23,7030
00720B,元大投資級公司債,13,0,13,致和證券,2023-02-23,7030
4906,正文,13,0,13,致和證券,2023-02-23,7030
2702,華園,12,0,12,致和證券,2023-02-23,7030
2399,映泰,11,0,11,致和證券,2023-02-23,7030
2812,台中銀,16,5,11,致和證券,2023-02-23,7030
3419,譁裕,11,0,11,致和證券,2023-02-23,7030
1570,力肯,10,0,10,致和證券,2023-02-23,7030
6109,亞元,10,0,10,致和證券,2023-02-23,7030
8105,凌巨,10,0,10,致和證券,2023-02-23,7030
2610,華航,9,0,9,致和證券,2023-02-23,7030
8131,福懋科,9,0,9,致和證券,2023-02-23,7030
3673,TPK-KY,8,0,8,致和證券,2023-02-23,7030
5864,致和證,10,2,8,致和證券,2023-02-23,7030
5905,南仁湖,8,0,8,致和證券,2023-02-23,7030
8234,新漢,9,2,7,致和證券,2023-02-23,7030
2049,上銀,8,1,7,致和證券,2023-02-23,7030
1504,東元,6,0,6,致和證券,2023-02-23,7030
00878,國泰永續高股息,8,2,6,致和證券,2023-02-23,7030
2707,晶華,7,1,6,致和證券,2023-02-23,7030
3432,台端,6,0,6,致和證券,2023-02-23,7030
4430,耀億,6,0,6,致和證券,2023-02-23,7030
5371,中光電,13,7,6,致和證券,2023-02-23,7030
1440,南紡,5,0,5,致和證券,2023-02-23,7030
1218,泰山,5,0,5,致和證券,2023-02-23,7030
1783,和康生,5,0,5,致和證券,2023-02-23,7030
2337,旺宏,10,5,5,致和證券,2023-02-23,7030
2617,台航,5,0,5,致和證券,2023-02-23,7030
3707,漢磊,5,0,5,致和證券,2023-02-23,7030
6116,彩晶,5,0,5,致和證券,2023-02-23,7030
6148,驊宏資,5,0,5,致和證券,2023-02-23,7030
8064,東捷,5,0,5,致和證券,2023-02-23,7030
5871,中租-KY,4,0,4,致和證券,2023-02-23,7030
1522,堤維西,5,1,4,致和證券,2023-02-23,7030
1513,中興電,19,15,4,致和證券,2023-02-23,7030
1609,大亞,7,3,4,致和證券,2023-02-23,7030
2722,夏都,194,1,193,致和證券,2023-02-24,7030
2303,聯電,72,7,65,致和證券,2023-02-24,7030
5512,力麒,54,9,45,致和證券,2023-02-24,7030
2882,國泰金,35,1,34,致和證券,2023-02-24,7030
2027,大成鋼,25,0,25,致和證券,2023-02-24,7030
2388,威盛,28,7,21,致和證券,2023-02-24,7030
00878,國泰永續高股息,30,9,21,致和證券,2023-02-24,7030
4934,太極,20,0,20,致和證券,2023-02-24,7030
2605,新興,29,11,18,致和證券,2023-02-24,7030
3303,岱稜,17,0,17,致和證券,2023-02-24,7030
1447,力鵬,24,9,15,致和證券,2023-02-24,7030
00650L,復華香港正2,15,0,15,致和證券,2023-02-24,7030
0050,元大台灣50,15,0,15,致和證券,2023-02-24,7030
2498,宏達電,30,16,14,致和證券,2023-02-24,7030
3545,敦泰,16,2,14,致和證券,2023-02-24,7030
00637L,元大滬深300正2,13,0,13,致和證券,2023-02-24,7030
6026,福邦證,12,0,12,致和證券,2023-02-24,7030
2317,鴻海,11,0,11,致和證券,2023-02-24,7030
1108,幸福,10,0,10,致和證券,2023-02-24,7030
1219,福壽,10,0,10,致和證券,2023-02-24,7030
00680L,元大美債20正2,10,0,10,致和證券,2023-02-24,7030
2436,偉詮電,11,1,10,致和證券,2023-02-24,7030
2613,中櫃,11,1,10,致和證券,2023-02-24,7030
2701,萬企,10,0,10,致和證券,2023-02-24,7030
3033,威健,10,0,10,致和證券,2023-02-24,7030
3362,先進光,10,0,10,致和證券,2023-02-24,7030
3432,台端,10,0,10,致和證券,2023-02-24,7030
3501,維熹,10,0,10,致和證券,2023-02-24,7030
6117,迎廣,10,0,10,致和證券,2023-02-24,7030
3081,聯亞,10,0,10,致和證券,2023-02-24,7030
2399,映泰,9,0,9,致和證券,2023-02-24,7030
4543,萬在,9,0,9,致和證券,2023-02-24,7030
9945,潤泰新,10,1,9,致和證券,2023-02-24,7030
2208,台船,21,13,8,致和證券,2023-02-24,7030
3014,聯陽,11,3,8,致和證券,2023-02-24,7030
3094,聯傑,9,1,8,致和證券,2023-02-24,7030
3147,大綜,9,1,8,致和證券,2023-02-24,7030
1701,中化,10,3,7,致和證券,2023-02-24,7030
4147,中裕,28,21,7,致和證券,2023-02-24,7030
4960,誠美材,7,0,7,致和證券,2023-02-24,7030
5258,虹堡,15,8,7,致和證券,2023-02-24,7030
5519,隆大,11,4,7,致和證券,2023-02-24,7030
6712,長聖,7,0,7,致和證券,2023-02-24,7030
6188,廣明,6,0,6,致和證券,2023-02-24,7030
00712,復華富時不動產,6,0,6,致和證券,2023-02-24,7030
1314,中石化,6,0,6,致和證券,2023-02-24,7030
2014,中鴻,6,0,6,致和證券,2023-02-24,7030
3163,波若威,6,0,6,致和證券,2023-02-24,7030
3535,晶彩科,9,3,6,致和證券,2023-02-24,7030
4120,友華,6,0,6,致和證券,2023-02-24,7030
2388,威盛,197,2,195,致和證券,2023-03-01,7030
1605,華新,158,6,152,致和證券,2023-03-01,7030
2888,新光金,69,15,54,致和證券,2023-03-01,7030
1219,福壽,51,0,51,致和證券,2023-03-01,7030
2891,中信金,51,0,51,致和證券,2023-03-01,7030
8942,森鉅,41,0,41,致和證券,2023-03-01,7030
2002,中鋼,48,20,28,致和證券,2023-03-01,7030
6669,緯穎,25,0,25,致和證券,2023-03-01,7030
2027,大成鋼,22,0,22,致和證券,2023-03-01,7030
5011,久陽,21,0,21,致和證券,2023-03-01,7030
1528,恩德,20,0,20,致和證券,2023-03-01,7030
1712,興農,20,0,20,致和證券,2023-03-01,7030
6605,帝寶,20,2,18,致和證券,2023-03-01,7030
00712,復華富時不動產,16,0,16,致和證券,2023-03-01,7030
00878,國泰永續高股息,14,0,14,致和證券,2023-03-01,7030
00773B,中信優先金融債,13,0,13,致和證券,2023-03-01,7030
00852L,國泰美國道瓊正2,12,0,12,致和證券,2023-03-01,7030
0056,元大高股息,12,0,12,致和證券,2023-03-01,7030
6125,廣運,12,0,12,致和證券,2023-03-01,7030
6160,欣技,12,0,12,致和證券,2023-03-01,7030
1220,台榮,12,1,11,致和證券,2023-03-01,7030
3706,神達,11,0,11,致和證券,2023-03-01,7030
1101,台泥,12,2,10,致和證券,2023-03-01,7030
1314,中石化,10,0,10,致和證券,2023-03-01,7030
3481,群創,10,0,10,致和證券,2023-03-01,7030
4934,太極,10,0,10,致和證券,2023-03-01,7030
6285,啟��,10,0,10,致和證券,2023-03-01,7030
6443,元晶,10,0,10,致和證券,2023-03-01,7030
3037,欣興,19,10,9,致和證券,2023-03-01,7030
3520,華盈,10,1,9,致和證券,2023-03-01,7030
8050,廣積,12,3,9,致和證券,2023-03-01,7030
1434,福懋,7,0,7,致和證券,2023-03-01,7030
6266,泰詠,7,0,7,致和證券,2023-03-01,7030
1319,東陽,7,1,6,致和證券,2023-03-01,7030
2812,台中銀,6,0,6,致和證券,2023-03-01,7030
4120,友華,6,0,6,致和證券,2023-03-01,7030
5347,世界,6,0,6,致和證券,2023-03-01,7030
6712,長聖,6,0,6,致和證券,2023-03-01,7030
1506,正道,5,0,5,致和證券,2023-03-01,7030
00905,FT臺灣Smart,5,0,5,致和證券,2023-03-01,7030
1210,大成,5,0,5,致和證券,2023-03-01,7030
2017,官田鋼,5,0,5,致和證券,2023-03-01,7030
2601,益航,10,5,5,致和證券,2023-03-01,7030
2617,台航,7,2,5,致和證券,2023-03-01,7030
3264,欣銓,5,0,5,致和證券,2023-03-01,7030
4906,正文,5,0,5,致和證券,2023-03-01,7030
5353,台林,8,3,5,致和證券,2023-03-01,7030
5457,宣德,5,0,5,致和證券,2023-03-01,7030
5536,聖暉*,5,0,5,致和證券,2023-03-01,7030
6708,天擎,5,0,5,致和證券,2023-03-01,7030
2388,威盛,228,3,225,致和證券,2023-03-02,7030
6244,茂迪,52,2,50,致和證券,2023-03-02,7030
3481,群創,62,13,49,致和證券,2023-03-02,7030
1605,華新,42,2,40,致和證券,2023-03-02,7030
6578,達邦蛋白,35,0,35,致和證券,2023-03-02,7030
00878,國泰永續高股息,31,0,31,致和證券,2023-03-02,7030
2834,臺企銀,31,4,27,致和證券,2023-03-02,7030
2601,益航,25,0,25,致和證券,2023-03-02,7030
2303,聯電,31,7,24,致和證券,2023-03-02,7030
1609,大亞,25,5,20,致和證券,2023-03-02,7030
3673,TPK-KY,20,0,20,致和證券,2023-03-02,7030
8096,擎亞,19,0,19,致和證券,2023-03-02,7030
00712,復華富時不動產,18,0,18,致和證券,2023-03-02,7030
3543,州巧,18,0,18,致和證券,2023-03-02,7030
2201,裕隆,23,6,17,致和證券,2023-03-02,7030
2641,正德,16,0,16,致和證券,2023-03-02,7030
2888,新光金,20,5,15,致和證券,2023-03-02,7030
2891,中信金,25,10,15,致和證券,2023-03-02,7030
3265,台星科,15,0,15,致和證券,2023-03-02,7030
4173,久裕,15,0,15,致和證券,2023-03-02,7030
2002,中鋼,13,0,13,致和證券,2023-03-02,7030
2337,旺宏,17,6,11,致和證券,2023-03-02,7030
2498,宏達電,15,4,11,致和證券,2023-03-02,7030
5512,力麒,11,0,11,致和證券,2023-03-02,7030
2543,皇昌,12,2,10,致和證券,2023-03-02,7030
1752,南光,11,2,9,致和證券,2023-03-02,7030
9941,裕融,8,0,8,致和證券,2023-03-02,7030
00637L,元大滬深300正2,8,0,8,致和證券,2023-03-02,7030
2453,凌群,8,0,8,致和證券,2023-03-02,7030
2605,新興,8,1,7,致和證券,2023-03-02,7030
3022,威強電,7,0,7,致和證券,2023-03-02,7030
3094,聯傑,7,0,7,致和證券,2023-03-02,7030
8421,旭源,10,3,7,致和證券,2023-03-02,7030
1781,合世,6,0,6,致和證券,2023-03-02,7030
2402,毅嘉,6,0,6,致和證券,2023-03-02,7030
2429,銘旺科,6,0,6,致和證券,2023-03-02,7030
2701,萬企,6,0,6,致和證券,2023-03-02,7030
2886,兆豐金,6,0,6,致和證券,2023-03-02,7030
3034,聯詠,8,2,6,致和證券,2023-03-02,7030
3373,熱映,6,0,6,致和證券,2023-03-02,7030
3535,晶彩科,6,0,6,致和證券,2023-03-02,7030
4906,正文,7,1,6,致和證券,2023-03-02,7030
4919,新唐,6,0,6,致和證券,2023-03-02,7030
6223,旺矽,6,0,6,致和證券,2023-03-02,7030
6288,聯嘉,6,0,6,致和證券,2023-03-02,7030
1709,和益,5,0,5,致和證券,2023-03-02,7030
1102,亞泥,10,5,5,致和證券,2023-03-02,7030
2104,國際中橡,10,5,5,致和證券,2023-03-02,7030
3169,亞信,10,5,5,致和證券,2023-03-02,7030
4916,事欣科,5,0,5,致和證券,2023-03-02,7030
6116,彩晶,377,31,346,致和證券,2023-03-03,7030
2834,臺企銀,114,3,111,致和證券,2023-03-03,7030
0056,元大高股息,85,0,85,致和證券,2023-03-03,7030
2388,威盛,69,2,67,致和證券,2023-03-03,7030
6117,迎廣,36,0,36,致和證券,2023-03-03,7030
3037,欣興,48,13,35,致和證券,2023-03-03,7030
2641,正德,36,2,34,致和證券,2023-03-03,7030
2883,凱基金,37,3,34,致和證券,2023-03-03,7030
1605,華新,39,10,29,致和證券,2023-03-03,7030
1712,興農,15,0,15,致和證券,2023-03-03,7030
4934,太極,15,0,15,致和證券,2023-03-03,7030
6142,友勁,15,0,15,致和證券,2023-03-03,7030
6578,達邦蛋白,15,0,15,致和證券,2023-03-03,7030
2637,慧洋-KY,15,2,13,致和證券,2023-03-03,7030
6531,愛普*,17,5,12,致和證券,2023-03-03,7030
00878,國泰永續高股息,15,3,12,致和證券,2023-03-03,7030
4747,強生,49,37,12,致和證券,2023-03-03,7030
2845,遠東銀,11,0,11,致和證券,2023-03-03,7030
1815,富喬,10,0,10,致和證券,2023-03-03,7030
4121,優盛,11,1,10,致和證券,2023-03-03,7030
4745,合富-KY,10,0,10,致和證券,2023-03-03,7030
4755,三福化,10,0,10,致和證券,2023-03-03,7030
8096,擎亞,10,0,10,致和證券,2023-03-03,7030
8110,華東,10,0,10,致和證券,2023-03-03,7030
8277,商丞,10,0,10,致和證券,2023-03-03,7030
1219,福壽,9,0,9,致和證券,2023-03-03,7030
2498,宏達電,9,0,9,致和證券,2023-03-03,7030
6220,岳豐,8,0,8,致和證券,2023-03-03,7030
6770,力積電,8,0,8,致和證券,2023-03-03,7030
3236,千如,8,1,7,致和證券,2023-03-03,7030
00637L,元大滬深300正2,6,0,6,致和證券,2023-03-03,7030
1805,寶徠,6,0,6,致和證券,2023-03-03,7030
2890,永豐金,6,0,6,致和證券,2023-03-03,7030
4114,健喬,10,4,6,致和證券,2023-03-03,7030
6223,旺矽,6,0,6,致和證券,2023-03-03,7030
2755,揚秦,5,0,5,致和證券,2023-03-03,7030
00632R,元大台灣50反1,5,0,5,致和證券,2023-03-03,7030
1609,大亞,6,1,5,致和證券,2023-03-03,7030
2355,敬鵬,5,0,5,致和證券,2023-03-03,7030
2891,中信金,5,0,5,致和證券,2023-03-03,7030
3047,訊舟,5,0,5,致和證券,2023-03-03,7030
3221,台嘉碩,5,0,5,致和證券,2023-03-03,7030
3537,堡達,5,0,5,致和證券,2023-03-03,7030
3540,曜越,5,0,5,致和證券,2023-03-03,7030
4107,邦特,5,0,5,致和證券,2023-03-03,7030
5905,南仁湖,5,0,5,致和證券,2023-03-03,7030
6163,華電網,5,0,5,致和證券,2023-03-03,7030
6603,富強鑫,5,0,5,致和證券,2023-03-03,7030
8064,東捷,5,0,5,致和證券,2023-03-03,7030
8171,天宇,5,0,5,致和證券,2023-03-03,7030
2885,元大金,220,1,219,致和證券,2023-03-06,7030
6834,天二科技,98,2,96,致和證券,2023-03-06,7030
1815,富喬,91,0,91,致和證券,2023-03-06,7030
2449,京元電子,52,1,51,致和證券,2023-03-06,7030
6139,亞翔,50,1,49,致和證券,2023-03-06,7030
00878,國泰永續高股息,49,3,46,致和證券,2023-03-06,7030
1517,利奇,29,0,29,致和證券,2023-03-06,7030
8942,森鉅,29,0,29,致和證券,2023-03-06,7030
6579,研揚,26,0,26,致和證券,2023-03-06,7030
1434,福懋,25,0,25,致和證券,2023-03-06,7030
0056,元大高股息,23,2,21,致和證券,2023-03-06,7030
1528,恩德,20,0,20,致和證券,2023-03-06,7030
2891,中信金,21,2,19,致和證券,2023-03-06,7030
1101,台泥,18,0,18,致和證券,2023-03-06,7030
2609,陽明,30,12,18,致和證券,2023-03-06,7030
2332,友訊,20,3,17,致和證券,2023-03-06,7030
4934,太極,16,0,16,致和證券,2023-03-06,7030
8112,至上,16,0,16,致和證券,2023-03-06,7030
1609,大亞,15,0,15,致和證券,2023-03-06,7030
2313,華通,47,32,15,致和證券,2023-03-06,7030
2323,中環,15,0,15,致和證券,2023-03-06,7030
2855,統一證,15,0,15,致和證券,2023-03-06,7030
2049,上銀,15,1,14,致和證券,2023-03-06,7030
4173,久裕,14,0,14,致和證券,2023-03-06,7030
3501,維熹,12,0,12,致和證券,2023-03-06,7030
8105,凌巨,13,1,12,致和證券,2023-03-06,7030
00641R,富邦日本反1,11,0,11,致和證券,2023-03-06,7030
2606,裕民,11,0,11,致和證券,2023-03-06,7030
8358,金居,10,0,10,致和證券,2023-03-06,7030
1437,勤益控,10,0,10,致和證券,2023-03-06,7030
00712,復華富時不動產,10,0,10,致和證券,2023-03-06,7030
2337,旺宏,25,15,10,致和證券,2023-03-06,7030
2387,精元,10,0,10,致和證券,2023-03-06,7030
2618,長榮航,30,20,10,致和證券,2023-03-06,7030
3022,威強電,10,0,10,致和證券,2023-03-06,7030
3047,訊舟,10,0,10,致和證券,2023-03-06,7030
3373,熱映,10,0,10,致和證券,2023-03-06,7030
3432,台端,10,0,10,致和證券,2023-03-06,7030
6292,迅德,10,0,10,致和證券,2023-03-06,7030
3265,台星科,10,1,9,致和證券,2023-03-06,7030
00673R,期元大S＆P原油反1,8,0,8,致和證券,2023-03-06,7030
1219,福壽,8,0,8,致和證券,2023-03-06,7030
8050,廣積,10,2,8,致和證券,2023-03-06,7030
2605,新興,10,3,7,致和證券,2023-03-06,7030
1314,中石化,10,4,6,致和證券,2023-03-06,7030
00632R,元大台灣50反1,6,0,6,致和證券,2023-03-06,7030
1477,聚陽,6,0,6,致和證券,2023-03-06,7030
2812,台中銀,6,0,6,致和證券,2023-03-06,7030
3231,緯創,6,0,6,致和證券,2023-03-06,7030
3543,州巧,6,0,6,致和證券,2023-03-06,7030
2890,永豐金,1003,0,1003,致和證券,2023-03-07,7030
2885,元大金,1000,0,1000,致和證券,2023-03-07,7030
6026,福邦證,31,0,31,致和證券,2023-03-07,7030
9904,寶成,27,0,27,致和證券,2023-03-07,7030
2387,精元,20,0,20,致和證券,2023-03-07,7030
2906,高林,20,1,19,致和證券,2023-03-07,7030
2375,凱美,22,5,17,致和證券,2023-03-07,7030
2527,宏璟,17,0,17,致和證券,2023-03-07,7030
3481,群創,32,16,16,致和證券,2023-03-07,7030
0056,元大高股息,22,7,15,致和證券,2023-03-07,7030
1434,福懋,15,0,15,致和證券,2023-03-07,7030
2618,長榮航,15,0,15,致和證券,2023-03-07,7030
6015,宏遠證,15,0,15,致和證券,2023-03-07,7030
2344,華邦電,17,3,14,致和證券,2023-03-07,7030
3019,亞光,14,0,14,致和證券,2023-03-07,7030
3054,立萬利,14,0,14,致和證券,2023-03-07,7030
5258,虹堡,14,0,14,致和證券,2023-03-07,7030
8050,廣積,20,6,14,致和證券,2023-03-07,7030
1584,精剛,13,0,13,致和證券,2023-03-07,7030
1517,利奇,10,0,10,致和證券,2023-03-07,7030
1342,八貫,10,0,10,致和證券,2023-03-07,7030
2030,彰源,10,0,10,致和證券,2023-03-07,7030
2362,藍天,10,0,10,致和證券,2023-03-07,7030
2484,希華,10,0,10,致和證券,2023-03-07,7030
2834,臺企銀,10,0,10,致和證券,2023-03-07,7030
3710,連展投控,10,0,10,致和證券,2023-03-07,7030
4188,安克,10,0,10,致和證券,2023-03-07,7030
5356,協益,10,0,10,致和證券,2023-03-07,7030
6477,安集,10,0,10,致和證券,2023-03-07,7030
00641R,富邦日本反1,8,0,8,致和證券,2023-03-07,7030
1781,合世,8,0,8,致和證券,2023-03-07,7030
3714,富采,14,6,8,致和證券,2023-03-07,7030
2317,鴻海,24,16,8,致和證券,2023-03-07,7030
1513,中興電,10,3,7,致和證券,2023-03-07,7030
2328,廣宇,8,1,7,致和證券,2023-03-07,7030
00772B,中信高評級公司債,6,0,6,致和證券,2023-03-07,7030
3413,京鼎,6,0,6,致和證券,2023-03-07,7030
3535,晶彩科,6,0,6,致和證券,2023-03-07,7030
6234,高僑,6,0,6,致和證券,2023-03-07,7030
1540,喬福,5,0,5,致和證券,2023-03-07,7030
2354,鴻準,5,0,5,致和證券,2023-03-07,7030
3005,神基,6,1,5,致和證券,2023-03-07,7030
3029,零壹,5,0,5,致和證券,2023-03-07,7030
4945,陞達科技,5,0,5,致和證券,2023-03-07,7030
5512,力麒,5,0,5,致和證券,2023-03-07,7030
6005,群益證,5,0,5,致和證券,2023-03-07,7030
6016,康和證,5,0,5,致和證券,2023-03-07,7030
6142,友勁,10,5,5,致和證券,2023-03-07,7030
6235,華孚,6,1,5,致和證券,2023-03-07,7030
6469,大樹,5,0,5,致和證券,2023-03-07,7030
2885,元大金,1000,0,1000,致和證券,2023-03-08,7030
2890,永豐金,1000,0,1000,致和證券,2023-03-08,7030
9904,寶成,81,0,81,致和證券,2023-03-08,7030
6834,天二科技,57,0,57,致和證券,2023-03-08,7030
2312,金寶,51,0,51,致和證券,2023-03-08,7030
1102,亞泥,36,0,36,致和證券,2023-03-08,7030
00753L,中信中國50正2,35,0,35,致和證券,2023-03-08,7030
1217,愛之味,30,2,28,致和證券,2023-03-08,7030
00632R,元大台灣50反1,55,30,25,致和證券,2023-03-08,7030
3062,建漢,26,2,24,致和證券,2023-03-08,7030
3022,威強電,21,0,21,致和證券,2023-03-08,7030
9907,統一實,21,0,21,致和證券,2023-03-08,7030
1605,華新,27,8,19,致和證券,2023-03-08,7030
1517,利奇,17,0,17,致和證券,2023-03-08,7030
2388,威盛,19,2,17,致和證券,2023-03-08,7030
1434,福懋,15,0,15,致和證券,2023-03-08,7030
2371,大同,15,0,15,致和證券,2023-03-08,7030
1701,中化,15,1,14,致和證券,2023-03-08,7030
2498,宏達電,17,3,14,致和證券,2023-03-08,7030
2634,漢翔,27,13,14,致和證券,2023-03-08,7030
2609,陽明,28,17,11,致和證券,2023-03-08,7030
00637L,元大滬深300正2,11,0,11,致和證券,2023-03-08,7030
3441,聯一光,15,4,11,致和證券,2023-03-08,7030
6125,廣運,15,4,11,致和證券,2023-03-08,7030
00715L,期街口布蘭特正2,10,0,10,致和證券,2023-03-08,7030
2349,錸德,10,0,10,致和證券,2023-03-08,7030
2482,連宇,11,1,10,致和證券,2023-03-08,7030
6116,彩晶,11,1,10,致和證券,2023-03-08,7030
1504,東元,10,1,9,致和證券,2023-03-08,7030
1314,中石化,9,0,9,致和證券,2023-03-08,7030
6751,智聯服務,9,0,9,致和證券,2023-03-08,7030
2201,裕隆,15,7,8,致和證券,2023-03-08,7030
3037,欣興,8,0,8,致和證券,2023-03-08,7030
3491,昇達科,24,16,8,致和證券,2023-03-08,7030
6697,東捷資訊,8,0,8,致和證券,2023-03-08,7030
2049,上銀,8,0,8,致和證券,2023-03-08,7030
4173,久裕,7,0,7,致和證券,2023-03-08,7030
4746,台耀,17,10,7,致和證券,2023-03-08,7030
8050,廣積,8,1,7,致和證券,2023-03-08,7030
1219,福壽,6,0,6,致和證券,2023-03-08,7030
3034,聯詠,6,0,6,致和證券,2023-03-08,7030
4543,萬在,6,0,6,致和證券,2023-03-08,7030
6190,萬泰科,6,0,6,致和證券,2023-03-08,7030
6712,長聖,6,0,6,致和證券,2023-03-08,7030
6282,康舒,12,6,6,致和證券,2023-03-08,7030
0056,元大高股息,5,0,5,致和證券,2023-03-08,7030
00712,復華富時不動產,5,0,5,致和證券,2023-03-08,7030
2369,菱生,5,0,5,致和證券,2023-03-08,7030
2374,佳能,5,0,5,致和證券,2023-03-08,7030
3006,晶豪科,5,0,5,致和證券,2023-03-08,7030
2890,永豐金,1011,0,1011,致和證券,2023-03-09,7030
2885,元大金,1005,0,1005,致和證券,2023-03-09,7030
6834,天二科技,81,0,81,致和證券,2023-03-09,7030
3481,群創,79,3,76,致和證券,2023-03-09,7030
2610,華航,48,12,36,致和證券,2023-03-09,7030
1316,上曜,28,0,28,致和證券,2023-03-09,7030
6142,友勁,25,1,24,致和證券,2023-03-09,7030
8222,寶一,48,25,23,致和證券,2023-03-09,7030
1101,台泥,27,5,22,致和證券,2023-03-09,7030
1409,新纖,20,0,20,致和證券,2023-03-09,7030
1528,恩德,20,0,20,致和證券,2023-03-09,7030
1718,中纖,20,0,20,致和證券,2023-03-09,7030
1815,富喬,20,0,20,致和證券,2023-03-09,7030
3714,富采,20,0,20,致和證券,2023-03-09,7030
6270,倍微,20,0,20,致和證券,2023-03-09,7030
9904,寶成,19,0,19,致和證券,2023-03-09,7030
2834,臺企銀,28,11,17,致和證券,2023-03-09,7030
6290,良維,26,10,16,致和證券,2023-03-09,7030
3002,歐格,14,0,14,致和證券,2023-03-09,7030
5011,久陽,14,0,14,致和證券,2023-03-09,7030
1701,中化,13,0,13,致和證券,2023-03-09,7030
8421,旭源,13,0,13,致和證券,2023-03-09,7030
2352,佳世達,28,16,12,致和證券,2023-03-09,7030
2371,大同,12,0,12,致和證券,2023-03-09,7030
3062,建漢,12,0,12,致和證券,2023-03-09,7030
6269,台郡,12,0,12,致和證券,2023-03-09,7030
2337,旺宏,12,1,11,致和證券,2023-03-09,7030
3673,TPK-KY,16,5,11,致和證券,2023-03-09,7030
6443,元晶,11,0,11,致和證券,2023-03-09,7030
9907,統一實,10,0,10,致和證券,2023-03-09,7030
2368,金像電,10,0,10,致和證券,2023-03-09,7030
1340,勝悅-KY,10,0,10,致和證券,2023-03-09,7030
00641R,富邦日本反1,10,0,10,致和證券,2023-03-09,7030
2374,佳能,12,2,10,致和證券,2023-03-09,7030
2801,彰銀,10,0,10,致和證券,2023-03-09,7030
5478,智冠,10,0,10,致和證券,2023-03-09,7030
6245,立端,11,1,10,致和證券,2023-03-09,7030
8050,廣積,10,0,10,致和證券,2023-03-09,7030
8112,至上,10,0,10,致和證券,2023-03-09,7030
00878,國泰永續高股息,11,2,9,致和證券,2023-03-09,7030
1301,台塑,9,0,9,致和證券,2023-03-09,7030
2049,上銀,10,1,9,致和證券,2023-03-09,7030
2457,飛宏,21,12,9,致和證券,2023-03-09,7030
3209,全科,11,2,9,致和證券,2023-03-09,7030
4188,安克,8,0,8,致和證券,2023-03-09,7030
1513,中興電,12,5,7,致和證券,2023-03-09,7030
2344,華邦電,14,7,7,致和證券,2023-03-09,7030
2891,中信金,7,0,7,致和證券,2023-03-09,7030
3264,欣銓,8,1,7,致和證券,2023-03-09,7030
4536,拓凱,7,0,7,致和證券,2023-03-09,7030
2885,元大金,1189,0,1189,致和證券,2023-03-10,7030
2890,永豐金,1003,0,1003,致和證券,2023-03-10,7030
6834,天二科技,182,0,182,致和證券,2023-03-10,7030
3481,群創,103,4,99,致和證券,2023-03-10,7030
9904,寶成,50,0,50,致和證券,2023-03-10,7030
00878,國泰永續高股息,50,0,50,致和證券,2023-03-10,7030
2884,玉山金,49,1,48,致和證券,2023-03-10,7030
2618,長榮航,50,10,40,致和證券,2023-03-10,7030
1337,再生-KY,30,0,30,致和證券,2023-03-10,7030
0056,元大高股息,30,0,30,致和證券,2023-03-10,7030
2609,陽明,79,50,29,致和證券,2023-03-10,7030
2637,慧洋-KY,35,7,28,致和證券,2023-03-10,7030
3022,威強電,25,0,25,致和證券,2023-03-10,7030
2891,中信金,21,0,21,致和證券,2023-03-10,7030
00713,元大台灣高息低波,20,0,20,致和證券,2023-03-10,7030
2014,中鴻,20,0,20,致和證券,2023-03-10,7030
2104,國際中橡,20,0,20,致和證券,2023-03-10,7030
6026,福邦證,20,0,20,致和證券,2023-03-10,7030
8429,金麗-KY,20,0,20,致和證券,2023-03-10,7030
1440,南紡,19,0,19,致和證券,2023-03-10,7030
2303,聯電,34,15,19,致和證券,2023-03-10,7030
2498,宏達電,22,3,19,致和證券,2023-03-10,7030
2201,裕隆,23,6,17,致和證券,2023-03-10,7030
2610,華航,44,27,17,致和證券,2023-03-10,7030
2375,凱美,17,2,15,致和證券,2023-03-10,7030
6443,元晶,21,7,14,致和證券,2023-03-10,7030
1307,三芳,13,0,13,致和證券,2023-03-10,7030
2887,台新金,13,0,13,致和證券,2023-03-10,7030
5011,久陽,13,0,13,致和證券,2023-03-10,7030
6223,旺矽,13,0,13,致和證券,2023-03-10,7030
6697,東捷資訊,13,0,13,致和證券,2023-03-10,7030
3029,零壹,12,0,12,致和證券,2023-03-10,7030
6770,力積電,18,6,12,致和證券,2023-03-10,7030
1434,福懋,11,0,11,致和證券,2023-03-10,7030
1101,台泥,11,0,11,致和證券,2023-03-10,7030
2634,漢翔,13,2,11,致和證券,2023-03-10,7030
3035,智原,13,2,11,致和證券,2023-03-10,7030
8096,擎亞,11,0,11,致和證券,2023-03-10,7030
5880,合庫金,11,0,11,致和證券,2023-03-10,7030
00715L,期街口布蘭特正2,10,0,10,致和證券,2023-03-10,7030
00753L,中信中國50正2,10,0,10,致和證券,2023-03-10,7030
1312,國喬,15,5,10,致和證券,2023-03-10,7030
2030,彰源,10,0,10,致和證券,2023-03-10,7030
2313,華通,23,13,10,致和證券,2023-03-10,7030
2344,華邦電,14,4,10,致和證券,2023-03-10,7030
2482,連宇,10,0,10,致和證券,2023-03-10,7030
2607,榮運,16,6,10,致和證券,2023-03-10,7030
2882,國泰金,13,3,10,致和證券,2023-03-10,7030
3499,環天科,10,0,10,致和證券,2023-03-10,7030
3712,永崴投控,10,0,10,致和證券,2023-03-10,7030
2890,永豐金,1005,0,1005,致和證券,2023-03-13,7030
00632R,元大台灣50反1,55,0,55,致和證券,2023-03-13,7030
00878,國泰永續高股息,41,0,41,致和證券,2023-03-13,7030
3019,亞光,36,0,36,致和證券,2023-03-13,7030
00712,復華富時不動產,34,0,34,致和證券,2023-03-13,7030
6834,天二科技,33,0,33,致和證券,2023-03-13,7030
2884,玉山金,34,2,32,致和證券,2023-03-13,7030
3260,威剛,20,0,20,致和證券,2023-03-13,7030
0056,元大高股息,27,10,17,致和證券,2023-03-13,7030
2402,毅嘉,17,0,17,致和證券,2023-03-13,7030
00715L,期街口布蘭特正2,16,0,16,致和證券,2023-03-13,7030
1101,台泥,17,1,16,致和證券,2023-03-13,7030
3038,全台,15,0,15,致和證券,2023-03-13,7030
4934,太極,15,0,15,致和證券,2023-03-13,7030
2834,臺企銀,13,0,13,致和證券,2023-03-13,7030
2211,長榮鋼,17,4,13,致和證券,2023-03-13,7030
5011,久陽,12,0,12,致和證券,2023-03-13,7030
6113,亞矽,12,0,12,致和證券,2023-03-13,7030
3162,精確,11,0,11,致和證券,2023-03-13,7030
00923,群益台ESG低碳50,10,0,10,致和證券,2023-03-13,7030
1718,中纖,10,0,10,致和證券,2023-03-13,7030
2440,太空梭,10,0,10,致和證券,2023-03-13,7030
3016,嘉晶,10,0,10,致和證券,2023-03-13,7030
8403,盛弘,10,0,10,致和證券,2023-03-13,7030
2413,環科,12,3,9,致和證券,2023-03-13,7030
2421,建準,9,0,9,致和證券,2023-03-13,7030
1525,江申,10,2,8,致和證券,2023-03-13,7030
2634,漢翔,10,2,8,致和證券,2023-03-13,7030
3022,威強電,8,0,8,致和證券,2023-03-13,7030
3481,群創,8,0,8,致和證券,2023-03-13,7030
2208,台船,7,0,7,致和證券,2023-03-13,7030
2891,中信金,7,0,7,致和證券,2023-03-13,7030
4147,中裕,7,0,7,致和證券,2023-03-13,7030
4543,萬在,7,0,7,致和證券,2023-03-13,7030
2609,陽明,23,16,7,致和證券,2023-03-13,7030
1609,大亞,11,5,6,致和證券,2023-03-13,7030
1434,福懋,6,0,6,致和證券,2023-03-13,7030
2376,技嘉,6,0,6,致和證券,2023-03-13,7030
3058,立德,6,0,6,致和證券,2023-03-13,7030
3264,欣銓,8,2,6,致和證券,2023-03-13,7030
00713,元大台灣高息低波,5,0,5,致和證券,2023-03-13,7030
1611,中電,5,0,5,致和證券,2023-03-13,7030
1440,南紡,5,0,5,致和證券,2023-03-13,7030
1781,合世,5,0,5,致和證券,2023-03-13,7030
1904,正隆,5,0,5,致和證券,2023-03-13,7030
2017,官田鋼,10,5,5,致和證券,2023-03-13,7030
2451,創見,5,0,5,致和證券,2023-03-13,7030
2491,吉祥全,5,0,5,致和證券,2023-03-13,7030
2601,益航,5,0,5,致和證券,2023-03-13,7030
2888,新光金,30,25,5,致和證券,2023-03-13,7030
2890,永豐金,905,0,905,致和證券,2023-03-14,7030
00632R,元大台灣50反1,200,3,197,致和證券,2023-03-14,7030
1605,華新,107,14,93,致和證券,2023-03-14,7030
6834,天二科技,85,0,85,致和證券,2023-03-14,7030
2303,聯電,49,14,35,致和證券,2023-03-14,7030
2515,中工,50,15,35,致和證券,2023-03-14,7030
2618,長榮航,48,13,35,致和證券,2023-03-14,7030
00715L,期街口布蘭特正2,34,0,34,致和證券,2023-03-14,7030
2884,玉山金,43,15,28,致和證券,2023-03-14,7030
2201,裕隆,29,2,27,致和證券,2023-03-14,7030
00878,國泰永續高股息,35,10,25,致和證券,2023-03-14,7030
2610,華航,30,10,20,致和證券,2023-03-14,7030
4916,事欣科,20,0,20,致和證券,2023-03-14,7030
2615,萬海,22,3,19,致和證券,2023-03-14,7030
1316,上曜,21,5,16,致和證券,2023-03-14,7030
2027,大成鋼,33,20,13,致和證券,2023-03-14,7030
2887,台新金,12,0,12,致和證券,2023-03-14,7030
2106,建大,12,0,12,致和證券,2023-03-14,7030
2891,中信金,16,5,11,致和證券,2023-03-14,7030
1434,福懋,11,0,11,致和證券,2023-03-14,7030
2344,華邦電,11,0,11,致和證券,2023-03-14,7030
2427,三商電,10,0,10,致和證券,2023-03-14,7030
2855,統一證,10,0,10,致和證券,2023-03-14,7030
3441,聯一光,10,0,10,致和證券,2023-03-14,7030
3545,敦泰,15,5,10,致和證券,2023-03-14,7030
8050,廣積,10,0,10,致和證券,2023-03-14,7030
8927,北基,10,0,10,致和證券,2023-03-14,7030
0056,元大高股息,14,5,9,致和證券,2023-03-14,7030
1307,三芳,9,0,9,致和證券,2023-03-14,7030
8403,盛弘,10,1,9,致和證券,2023-03-14,7030
2885,元大金,7,0,7,致和證券,2023-03-14,7030
3058,立德,7,0,7,致和證券,2023-03-14,7030
2892,第一金,6,0,6,致和證券,2023-03-14,7030
1752,南光,7,1,6,致和證券,2023-03-14,7030
3035,智原,9,3,6,致和證券,2023-03-14,7030
6275,元山,6,0,6,致和證券,2023-03-14,7030
1707,葡萄王,5,0,5,致和證券,2023-03-14,7030
2889,國票金,5,0,5,致和證券,2023-03-14,7030
1709,和益,5,0,5,致和證券,2023-03-14,7030
1102,亞泥,5,0,5,致和證券,2023-03-14,7030
2359,所羅門,6,1,5,致和證券,2023-03-14,7030
2609,陽明,34,29,5,致和證券,2023-03-14,7030
2641,正德,5,0,5,致和證券,2023-03-14,7030
3481,群創,13,8,5,致和證券,2023-03-14,7030
4747,強生,6,1,5,致和證券,2023-03-14,7030
6470,宇智,5,0,5,致和證券,2023-03-14,7030
9904,寶成,5,0,5,致和證券,2023-03-14,7030
00712,復華富時不動產,5,0,5,致和證券,2023-03-14,7030
2017,官田鋼,56,52,4,致和證券,2023-03-14,7030
1339,昭輝,4,0,4,致和證券,2023-03-14,7030
00632R,元大台灣50反1,50,0,50,致和證券,2023-03-15,7030
00715L,期街口布蘭特正2,33,0,33,致和證券,2023-03-15,7030
2027,大成鋼,31,0,31,致和證券,2023-03-15,7030
6026,福邦證,30,0,30,致和證券,2023-03-15,7030
00878,國泰永續高股息,30,0,30,致和證券,2023-03-15,7030
2609,陽明,42,13,29,致和證券,2023-03-15,7030
3162,精確,36,10,26,致和證券,2023-03-15,7030
2891,中信金,25,0,25,致和證券,2023-03-15,7030
2887,台新金,22,0,22,致和證券,2023-03-15,7030
3481,群創,27,5,22,致和證券,2023-03-15,7030
1447,力鵬,20,0,20,致和證券,2023-03-15,7030
3265,台星科,20,0,20,致和證券,2023-03-15,7030
2883,凱基金,19,0,19,致和證券,2023-03-15,7030
2603,長榮,31,16,15,致和證券,2023-03-15,7030
00642U,期元大S＆P石油,15,0,15,致和證券,2023-03-15,7030
0056,元大高股息,15,0,15,致和證券,2023-03-15,7030
2618,長榮航,23,10,13,致和證券,2023-03-15,7030
3703,欣陸,12,0,12,致和證券,2023-03-15,7030
2880,華南金,12,0,12,致和證券,2023-03-15,7030
1312,國喬,10,0,10,致和證券,2023-03-15,7030
1701,中化,10,0,10,致和證券,2023-03-15,7030
5371,中光電,12,2,10,致和證券,2023-03-15,7030
6126,信音,10,0,10,致和證券,2023-03-15,7030
2211,長榮鋼,9,0,9,致和證券,2023-03-15,7030
00713,元大台灣高息低波,8,0,8,致和證券,2023-03-15,7030
00712,復華富時不動產,7,0,7,致和證券,2023-03-15,7030
2634,漢翔,9,2,7,致和證券,2023-03-15,7030
1605,華新,8,2,6,致和證券,2023-03-15,7030
3630,新鉅科,6,0,6,致和證券,2023-03-15,7030
4114,健喬,6,0,6,致和證券,2023-03-15,7030
4167,松瑞藥,6,0,6,致和證券,2023-03-15,7030
5608,四維航,7,1,6,致和證券,2023-03-15,7030
5880,合庫金,6,0,6,致和證券,2023-03-15,7030
2889,國票金,6,0,6,致和證券,2023-03-15,7030
1314,中石化,7,2,5,致和證券,2023-03-15,7030
1709,和益,5,0,5,致和證券,2023-03-15,7030
1722,台肥,5,0,5,致和證券,2023-03-15,7030
2017,官田鋼,5,0,5,致和證券,2023-03-15,7030
2337,旺宏,10,5,5,致和證券,2023-03-15,7030
2380,虹光,5,0,5,致和證券,2023-03-15,7030
2402,毅嘉,5,0,5,致和證券,2023-03-15,7030
2633,台灣高鐵,5,0,5,致和證券,2023-03-15,7030
2897,王道銀行,5,0,5,致和證券,2023-03-15,7030
3017,奇鋐,5,0,5,致和證券,2023-03-15,7030
3209,全科,5,0,5,致和證券,2023-03-15,7030
3374,精材,5,0,5,致和證券,2023-03-15,7030
3540,曜越,5,0,5,致和證券,2023-03-15,7030
3712,永崴投控,5,0,5,致和證券,2023-03-15,7030
4153,鈺緯,5,0,5,致和證券,2023-03-15,7030
4744,皇將,5,0,5,致和證券,2023-03-15,7030
1101,台泥,104,0,104,致和證券,2023-03-16,7030
2834,臺企銀,94,24,70,致和證券,2023-03-16,7030
00878,國泰永續高股息,68,1,67,致和證券,2023-03-16,7030
2891,中信金,62,1,61,致和證券,2023-03-16,7030
1608,華榮,50,0,50,致和證券,2023-03-16,7030
8936,國統,50,0,50,致和證券,2023-03-16,7030
00715L,期街口布蘭特正2,41,0,41,致和證券,2023-03-16,7030
2313,華通,55,20,35,致和證券,2023-03-16,7030
2457,飛宏,35,8,27,致和證券,2023-03-16,7030
2498,宏達電,31,9,22,致和證券,2023-03-16,7030
2017,官田鋼,21,0,21,致和證券,2023-03-16,7030
2027,大成鋼,28,7,21,致和證券,2023-03-16,7030
1907,永豐餘,20,0,20,致和證券,2023-03-16,7030
2014,中鴻,20,0,20,致和證券,2023-03-16,7030
2641,正德,20,1,19,致和證券,2023-03-16,7030
3499,環天科,19,0,19,致和證券,2023-03-16,7030
2609,陽明,21,5,16,致和證券,2023-03-16,7030
1529,樂事綠能,15,0,15,致和證券,2023-03-16,7030
2201,裕隆,15,1,14,致和證券,2023-03-16,7030
2402,毅嘉,14,1,13,致和證券,2023-03-16,7030
2888,新光金,88,75,13,致和證券,2023-03-16,7030
1815,富喬,18,6,12,致和證券,2023-03-16,7030
5608,四維航,12,0,12,致和證券,2023-03-16,7030
00640L,富邦日本正2,10,0,10,致和證券,2023-03-16,7030
3162,精確,17,7,10,致和證券,2023-03-16,7030
8926,台汽電,10,0,10,致和證券,2023-03-16,7030
8050,廣積,11,2,9,致和證券,2023-03-16,7030
8415,大國鋼,9,0,9,致和證券,2023-03-16,7030
5880,合庫金,8,0,8,致和證券,2023-03-16,7030
2867,三商壽,8,0,8,致和證券,2023-03-16,7030
1528,恩德,7,0,7,致和證券,2023-03-16,7030
1514,亞力,7,0,7,致和證券,2023-03-16,7030
8938,明安,7,0,7,致和證券,2023-03-16,7030
4977,眾達-KY,7,1,6,致和證券,2023-03-16,7030
00679B,元大美債20年,5,0,5,致和證券,2023-03-16,7030
00642U,期元大S＆P石油,5,0,5,致和證券,2023-03-16,7030
1102,亞泥,5,0,5,致和證券,2023-03-16,7030
1722,台肥,5,0,5,致和證券,2023-03-16,7030
2897,王道銀行,5,0,5,致和證券,2023-03-16,7030
3708,上緯投控,5,0,5,致和證券,2023-03-16,7030
3710,連展投控,5,0,5,致和證券,2023-03-16,7030
4915,致伸,5,0,5,致和證券,2023-03-16,7030
6220,岳豐,5,0,5,致和證券,2023-03-16,7030
2603,長榮,10,5,5,致和證券,2023-03-16,7030
2881,富邦金,4,0,4,致和證券,2023-03-16,7030
2545,皇翔,5,1,4,致和證券,2023-03-16,7030
4532,瑞智,4,0,4,致和證券,2023-03-16,7030
5516,雙喜,4,0,4,致和證券,2023-03-16,7030
6142,友勁,5,1,4,致和證券,2023-03-16,7030
6689,伊雲谷,4,0,4,致和證券,2023-03-16,7030
2887,台新金,401,4,397,致和證券,2023-03-17,7030
00632R,元大台灣50反1,50,0,50,致和證券,2023-03-17,7030
2610,華航,57,10,47,致和證券,2023-03-17,7030
00878,國泰永續高股息,27,0,27,致和證券,2023-03-17,7030
1514,亞力,26,1,25,致和證券,2023-03-17,7030
3710,連展投控,20,0,20,致和證券,2023-03-17,7030
8050,廣積,20,0,20,致和證券,2023-03-17,7030
8936,國統,20,0,20,致和證券,2023-03-17,7030
6026,福邦證,18,0,18,致和證券,2023-03-17,7030
3432,台端,16,0,16,致和證券,2023-03-17,7030
2885,元大金,15,0,15,致和證券,2023-03-17,7030
2891,中信金,25,10,15,致和證券,2023-03-17,7030
3576,聯合再生,16,1,15,致和證券,2023-03-17,7030
3264,欣銓,12,0,12,致和證券,2023-03-17,7030
2609,陽明,18,6,12,致和證券,2023-03-17,7030
1504,東元,10,0,10,致和證券,2023-03-17,7030
00715L,期街口布蘭特正2,10,0,10,致和證券,2023-03-17,7030
1785,光洋科,10,0,10,致和證券,2023-03-17,7030
1216,統一,10,0,10,致和證券,2023-03-17,7030
2413,環科,9,0,9,致和證券,2023-03-17,7030
2324,仁寶,8,0,8,致和證券,2023-03-17,7030
2882,國泰金,8,0,8,致和證券,2023-03-17,7030
2603,長榮,10,2,8,致和證券,2023-03-17,7030
00713,元大台灣高息低波,8,0,8,致和證券,2023-03-17,7030
1436,華友聯,7,0,7,致和證券,2023-03-17,7030
2543,皇昌,7,0,7,致和證券,2023-03-17,7030
5478,智冠,7,0,7,致和證券,2023-03-17,7030
5533,皇鼎,7,0,7,致和證券,2023-03-17,7030
6190,萬泰科,6,0,6,致和證券,2023-03-17,7030
00679B,元大美債20年,5,0,5,致和證券,2023-03-17,7030
1314,中石化,10,5,5,致和證券,2023-03-17,7030
1708,東鹼,5,0,5,致和證券,2023-03-17,7030
3630,新鉅科,5,0,5,致和證券,2023-03-17,7030
3682,亞太電,5,0,5,致和證券,2023-03-17,7030
3704,合勤控,5,0,5,致和證券,2023-03-17,7030
4977,眾達-KY,5,0,5,致和證券,2023-03-17,7030
6153,嘉聯益,5,0,5,致和證券,2023-03-17,7030
2360,致茂,4,0,4,致和證券,2023-03-17,7030
8358,金居,4,0,4,致和證券,2023-03-17,7030
9945,潤泰新,4,0,4,致和證券,2023-03-17,7030
2066,世德,3,0,3,致和證券,2023-03-17,7030
6180,橘子,4,1,3,致和證券,2023-03-17,7030
6874,倍力,3,0,3,致和證券,2023-03-17,7030
2615,萬海,3,0,3,致和證券,2023-03-17,7030
3056,富華新,2,0,2,致和證券,2023-03-17,7030
2327,國巨,3,1,2,致和證券,2023-03-17,7030
1519,華城,2,0,2,致和證券,2023-03-17,7030
1319,東陽,2,0,2,致和證券,2023-03-17,7030
1316,上曜,2,0,2,致和證券,2023-03-17,7030
2344,華邦電,3,1,2,致和證券,2023-03-17,7030
9907,統一實,100,0,100,致和證券,2023-03-20,7030
2891,中信金,37,1,36,致和證券,2023-03-20,7030
00753L,中信中國50正2,40,5,35,致和證券,2023-03-20,7030
1605,華新,35,1,34,致和證券,2023-03-20,7030
3501,維熹,29,0,29,致和證券,2023-03-20,7030
5512,力麒,22,0,22,致和證券,2023-03-20,7030
4977,眾達-KY,22,1,21,致和證券,2023-03-20,7030
00900,富邦特選高股息30,20,0,20,致和證券,2023-03-20,7030
00712,復華富時不動產,20,0,20,致和證券,2023-03-20,7030
3047,訊舟,20,1,19,致和證券,2023-03-20,7030
6266,泰詠,12,0,12,致和證券,2023-03-20,7030
1434,福懋,10,0,10,致和證券,2023-03-20,7030
6285,啟��,10,0,10,致和證券,2023-03-20,7030
00715L,期街口布蘭特正2,10,1,9,致和證券,2023-03-20,7030
2201,裕隆,13,4,9,致和證券,2023-03-20,7030
8105,凌巨,10,1,9,致和證券,2023-03-20,7030
5483,中美晶,8,0,8,致和證券,2023-03-20,7030
3093,港建*,9,1,8,致和證券,2023-03-20,7030
8064,東捷,10,2,8,致和證券,2023-03-20,7030
2618,長榮航,8,0,8,致和證券,2023-03-20,7030
1513,中興電,21,14,7,致和證券,2023-03-20,7030
3652,精聯,9,2,7,致和證券,2023-03-20,7030
4105,東洋,8,1,7,致和證券,2023-03-20,7030
2888,新光金,11,5,6,致和證券,2023-03-20,7030
1584,精剛,6,0,6,致和證券,2023-03-20,7030
3587,閎康,6,0,6,致和證券,2023-03-20,7030
9945,潤泰新,11,5,6,致和證券,2023-03-20,7030
00878,國泰永續高股息,5,0,5,致和證券,2023-03-20,7030
1409,新纖,5,0,5,致和證券,2023-03-20,7030
00637L,元大滬深300正2,10,5,5,致和證券,2023-03-20,7030
2610,華航,5,0,5,致和證券,2023-03-20,7030
3002,歐格,8,3,5,致和證券,2023-03-20,7030
3265,台星科,14,9,5,致和證券,2023-03-20,7030
3481,群創,5,0,5,致和證券,2023-03-20,7030
5608,四維航,5,0,5,致和證券,2023-03-20,7030
6168,宏齊,5,0,5,致和證券,2023-03-20,7030
00642U,期元大S＆P石油,4,0,4,致和證券,2023-03-20,7030
2221,大甲,4,0,4,致和證券,2023-03-20,7030
3005,神基,4,0,4,致和證券,2023-03-20,7030
3704,合勤控,4,0,4,致和證券,2023-03-20,7030
4934,太極,4,0,4,致和證券,2023-03-20,7030
4953,緯軟,4,0,4,致和證券,2023-03-20,7030
9921,巨大,4,0,4,致和證券,2023-03-20,7030
00902,中信電池及儲能,3,0,3,致和證券,2023-03-20,7030
2354,鴻準,5,2,3,致和證券,2023-03-20,7030
2377,微星,3,0,3,致和證券,2023-03-20,7030
2379,瑞昱,3,0,3,致和證券,2023-03-20,7030
3169,亞信,3,0,3,致和證券,2023-03-20,7030
4916,事欣科,3,0,3,致和證券,2023-03-20,7030
6190,萬泰科,3,0,3,致和證券,2023-03-20,7030
8926,台汽電,161,15,146,致和證券,2023-03-21,7030
2888,新光金,40,1,39,致和證券,2023-03-21,7030
2371,大同,30,0,30,致和證券,2023-03-21,7030
2409,友達,26,0,26,致和證券,2023-03-21,7030
2388,威盛,32,8,24,致和證券,2023-03-21,7030
3062,建漢,23,0,23,致和證券,2023-03-21,7030
00885,富邦越南,21,0,21,致和證券,2023-03-21,7030
4105,東洋,21,0,21,致和證券,2023-03-21,7030
1527,鑽全,15,0,15,致和證券,2023-03-21,7030
1432,大魯閣,15,0,15,致和證券,2023-03-21,7030
3265,台星科,15,0,15,致和證券,2023-03-21,7030
2402,毅嘉,15,1,14,致和證券,2023-03-21,7030
00640L,富邦日本正2,15,2,13,致和證券,2023-03-21,7030
6231,系微,18,5,13,致和證券,2023-03-21,7030
2834,臺企銀,12,0,12,致和證券,2023-03-21,7030
2609,陽明,13,1,12,致和證券,2023-03-21,7030
1312,國喬,10,0,10,致和證券,2023-03-21,7030
1605,華新,13,3,10,致和證券,2023-03-21,7030
2006,東和鋼鐵,10,0,10,致和證券,2023-03-21,7030
3708,上緯投控,10,0,10,致和證券,2023-03-21,7030
1609,大亞,9,0,9,致和證券,2023-03-21,7030
1513,中興電,28,20,8,致和證券,2023-03-21,7030
2413,環科,10,3,7,致和證券,2023-03-21,7030
2453,凌群,11,4,7,致和證券,2023-03-21,7030
1584,精剛,10,4,6,致和證券,2023-03-21,7030
3706,神達,6,0,6,致和證券,2023-03-21,7030
00679B,元大美債20年,5,0,5,致和證券,2023-03-21,7030
3037,欣興,7,2,5,致和證券,2023-03-21,7030
3264,欣銓,7,2,5,致和證券,2023-03-21,7030
5469,瀚宇博,5,0,5,致和證券,2023-03-21,7030
6160,欣技,6,1,5,致和證券,2023-03-21,7030
6509,聚和,5,0,5,致和證券,2023-03-21,7030
5425,台半,4,0,4,致和證券,2023-03-21,7030
1301,台塑,4,0,4,致和證券,2023-03-21,7030
3691,碩禾,7,3,4,致和證券,2023-03-21,7030
8358,金居,5,1,4,致和證券,2023-03-21,7030
1569,濱川,3,0,3,致和證券,2023-03-21,7030
1440,南紡,3,0,3,致和證券,2023-03-21,7030
00670L,富邦NASDAQ正2,3,0,3,致和證券,2023-03-21,7030
2014,中鴻,4,1,3,致和證券,2023-03-21,7030
2342,茂矽,3,0,3,致和證券,2023-03-21,7030
2397,友通,4,1,3,致和證券,2023-03-21,7030
2468,華經,5,2,3,致和證券,2023-03-21,7030
2481,強茂,3,0,3,致和證券,2023-03-21,7030
3027,盛達,8,5,3,致和證券,2023-03-21,7030
3303,岱稜,3,0,3,致和證券,2023-03-21,7030
3545,敦泰,13,10,3,致和證券,2023-03-21,7030
4934,太極,5,2,3,致和證券,2023-03-21,7030
6122,擎邦,4,1,3,致和證券,2023-03-21,7030
8033,雷虎,4,1,3,致和證券,2023-03-21,7030
8926,台汽電,501,0,501,致和證券,2023-03-22,7030
00679B,元大美債20年,85,0,85,致和證券,2023-03-22,7030
00632R,元大台灣50反1,55,0,55,致和證券,2023-03-22,7030
3162,精確,29,5,24,致和證券,2023-03-22,7030
1528,恩德,21,0,21,致和證券,2023-03-22,7030
2457,飛宏,27,6,21,致和證券,2023-03-22,7030
9910,豐泰,20,0,20,致和證券,2023-03-22,7030
1514,亞力,19,0,19,致和證券,2023-03-22,7030
4306,炎洲,21,2,19,致和證券,2023-03-22,7030
1529,樂事綠能,23,6,17,致和證券,2023-03-22,7030
3501,維熹,15,0,15,致和證券,2023-03-22,7030
5864,致和證,21,6,15,致和證券,2023-03-22,7030
1215,卜蜂,16,3,13,致和證券,2023-03-22,7030
2495,普安,14,1,13,致和證券,2023-03-22,7030
5488,松普,11,0,11,致和證券,2023-03-22,7030
2201,裕隆,23,13,10,致和證券,2023-03-22,7030
2324,仁寶,10,0,10,致和證券,2023-03-22,7030
3596,智易,10,0,10,致和證券,2023-03-22,7030
5608,四維航,10,0,10,致和證券,2023-03-22,7030
1785,光洋科,10,1,9,致和證券,2023-03-22,7030
6776,展�眥篕�,10,1,9,致和證券,2023-03-22,7030
1605,華新,31,23,8,致和證券,2023-03-22,7030
2049,上銀,8,0,8,致和證券,2023-03-22,7030
2359,所羅門,10,2,8,致和證券,2023-03-22,7030
2881,富邦金,10,2,8,致和證券,2023-03-22,7030
3231,緯創,11,3,8,致和證券,2023-03-22,7030
3481,群創,7,0,7,致和證券,2023-03-22,7030
1440,南紡,6,0,6,致和證券,2023-03-22,7030
1789,神隆,6,0,6,致和證券,2023-03-22,7030
3545,敦泰,12,6,6,致和證券,2023-03-22,7030
3715,定穎投控,9,3,6,致和證券,2023-03-22,7030
5371,中光電,20,14,6,致和證券,2023-03-22,7030
2890,永豐金,7,2,5,致和證券,2023-03-22,7030
1524,耿鼎,6,1,5,致和證券,2023-03-22,7030
1618,合機,5,0,5,致和證券,2023-03-22,7030
1609,大亞,5,0,5,致和證券,2023-03-22,7030
00642U,期元大S＆P石油,5,0,5,致和證券,2023-03-22,7030
2888,新光金,7,2,5,致和證券,2023-03-22,7030
3013,晟銘電,5,0,5,致和證券,2023-03-22,7030
3056,富華新,5,0,5,致和證券,2023-03-22,7030
3093,港建*,5,0,5,致和證券,2023-03-22,7030
4915,致伸,5,0,5,致和證券,2023-03-22,7030
5465,富驊,5,0,5,致和證券,2023-03-22,7030
6153,嘉聯益,5,0,5,致和證券,2023-03-22,7030
8064,東捷,5,0,5,致和證券,2023-03-22,7030
8440,綠電,5,0,5,致和證券,2023-03-22,7030
9921,巨大,5,0,5,致和證券,2023-03-22,7030
1402,遠東新,4,0,4,致和證券,2023-03-22,7030
0056,元大高股息,5,1,4,致和證券,2023-03-22,7030
00715L,期街口布蘭特正2,4,0,4,致和證券,2023-03-22,7030
2303,聯電,59,5,54,致和證券,2023-03-23,7030
0056,元大高股息,25,0,25,致和證券,2023-03-23,7030
3545,敦泰,33,8,25,致和證券,2023-03-23,7030
3710,連展投控,30,8,22,致和證券,2023-03-23,7030
2313,華通,35,15,20,致和證券,2023-03-23,7030
00715L,期街口布蘭特正2,18,0,18,致和證券,2023-03-23,7030
5351,鈺創,17,0,17,致和證券,2023-03-23,7030
8383,千附,42,25,17,致和證券,2023-03-23,7030
6834,天二科技,13,0,13,致和證券,2023-03-23,7030
3703,欣陸,12,0,12,致和證券,2023-03-23,7030
6266,泰詠,14,2,12,致和證券,2023-03-23,7030
6288,聯嘉,18,7,11,致和證券,2023-03-23,7030
2359,所羅門,10,0,10,致和證券,2023-03-23,7030
2617,台航,10,0,10,致和證券,2023-03-23,7030
3062,建漢,10,0,10,致和證券,2023-03-23,7030
3360,尚立,10,0,10,致和證券,2023-03-23,7030
6142,友勁,10,0,10,致和證券,2023-03-23,7030
8926,台汽電,10,0,10,致和證券,2023-03-23,7030
2891,中信金,11,2,9,致和證券,2023-03-23,7030
3419,譁裕,10,1,9,致和證券,2023-03-23,7030
6163,華電網,8,0,8,致和證券,2023-03-23,7030
2371,大同,7,0,7,致和證券,2023-03-23,7030
8936,國統,27,20,7,致和證券,2023-03-23,7030
1402,遠東新,6,0,6,致和證券,2023-03-23,7030
1618,合機,6,0,6,致和證券,2023-03-23,7030
3322,建舜電,7,1,6,致和證券,2023-03-23,7030
5512,力麒,6,0,6,致和證券,2023-03-23,7030
5608,四維航,11,5,6,致和證券,2023-03-23,7030
8176,智捷,8,2,6,致和證券,2023-03-23,7030
1789,神隆,5,0,5,致和證券,2023-03-23,7030
00632R,元大台灣50反1,5,0,5,致和證券,2023-03-23,7030
2440,太空梭,5,0,5,致和證券,2023-03-23,7030
2614,東森,5,0,5,致和證券,2023-03-23,7030
2820,華票,5,0,5,致和證券,2023-03-23,7030
3289,宜特,5,0,5,致和證券,2023-03-23,7030
4114,健喬,5,0,5,致和證券,2023-03-23,7030
5210,寶碩,5,0,5,致和證券,2023-03-23,7030
5904,寶雅,5,0,5,致和證券,2023-03-23,7030
3481,群創,6,1,5,致和證券,2023-03-23,7030
1101,台泥,5,1,4,致和證券,2023-03-23,7030
1316,上曜,4,0,4,致和證券,2023-03-23,7030
2504,國產,4,0,4,致和證券,2023-03-23,7030
2645,長榮航太,4,0,4,致和證券,2023-03-23,7030
2881,富邦金,4,0,4,致和證券,2023-03-23,7030
3013,晟銘電,4,0,4,致和證券,2023-03-23,7030
3338,泰碩,7,3,4,致和證券,2023-03-23,7030
3704,合勤控,4,0,4,致和證券,2023-03-23,7030
6538,倉和,4,0,4,致和證券,2023-03-23,7030
6776,展�眥篕�,5,1,4,致和證券,2023-03-23,7030
8358,金居,9,5,4,致和證券,2023-03-23,7030
8926,台汽電,500,0,500,致和證券,2023-03-24,7030
2362,藍天,100,0,100,致和證券,2023-03-24,7030
3081,聯亞,101,3,98,致和證券,2023-03-24,7030
00878,國泰永續高股息,54,1,53,致和證券,2023-03-24,7030
2027,大成鋼,30,0,30,致和證券,2023-03-24,7030
4974,亞泰,28,0,28,致和證券,2023-03-24,7030
3481,群創,25,2,23,致和證券,2023-03-24,7030
6244,茂迪,53,30,23,致和證券,2023-03-24,7030
3189,景碩,20,0,20,致和證券,2023-03-24,7030
1795,美時,20,2,18,致和證券,2023-03-24,7030
3162,精確,16,0,16,致和證券,2023-03-24,7030
3265,台星科,15,0,15,致和證券,2023-03-24,7030
2834,臺企銀,14,0,14,致和證券,2023-03-24,7030
2891,中信金,14,0,14,致和證券,2023-03-24,7030
00632R,元大台灣50反1,12,0,12,致和證券,2023-03-24,7030
6116,彩晶,11,0,11,致和證券,2023-03-24,7030
6160,欣技,11,0,11,致和證券,2023-03-24,7030
1528,恩德,10,0,10,致和證券,2023-03-24,7030
2367,燿華,10,0,10,致和證券,2023-03-24,7030
2820,華票,10,0,10,致和證券,2023-03-24,7030
2883,凱基金,10,0,10,致和證券,2023-03-24,7030
3022,威強電,10,0,10,致和證券,2023-03-24,7030
3031,佰鴻,10,0,10,致和證券,2023-03-24,7030
6603,富強鑫,10,0,10,致和證券,2023-03-24,7030
6770,力積電,11,1,10,致和證券,2023-03-24,7030
8176,智捷,10,0,10,致和證券,2023-03-24,7030
8488,吉源-KY,10,0,10,致和證券,2023-03-24,7030
2371,大同,9,0,9,致和證券,2023-03-24,7030
2634,漢翔,11,2,9,致和證券,2023-03-24,7030
8255,朋程,10,1,9,致和證券,2023-03-24,7030
1529,樂事綠能,8,0,8,致和證券,2023-03-24,7030
2105,正新,18,10,8,致和證券,2023-03-24,7030
2352,佳世達,10,2,8,致和證券,2023-03-24,7030
5469,瀚宇博,10,2,8,致和證券,2023-03-24,7030
5512,力麒,10,2,8,致和證券,2023-03-24,7030
6546,正基,9,1,8,致和證券,2023-03-24,7030
8289,泰藝,8,0,8,致和證券,2023-03-24,7030
2303,聯電,23,16,7,致和證券,2023-03-24,7030
4763,材料-KY,6,0,6,致和證券,2023-03-24,7030
4543,萬在,6,0,6,致和證券,2023-03-24,7030
6108,競國,6,0,6,致和證券,2023-03-24,7030
4953,緯軟,7,2,5,致和證券,2023-03-24,7030
1514,亞力,5,0,5,致和證券,2023-03-24,7030
1527,鑽全,5,0,5,致和證券,2023-03-24,7030
1525,江申,5,0,5,致和證券,2023-03-24,7030
00900,富邦特選高股息30,5,0,5,致和證券,2023-03-24,7030
2002,中鋼,10,5,5,致和證券,2023-03-24,7030
2015,豐興,5,0,5,致和證券,2023-03-24,7030
2106,建大,5,0,5,致和證券,2023-03-24,7030
2206,三陽工業,5,0,5,致和證券,2023-03-24,7030
8926,台汽電,500,0,500,致和證券,2023-03-27,7030
1101,台泥,52,2,50,致和證券,2023-03-27,7030
1605,華新,55,5,50,致和證券,2023-03-27,7030
2371,大同,30,0,30,致和證券,2023-03-27,7030
3081,聯亞,30,0,30,致和證券,2023-03-27,7030
1609,大亞,85,63,22,致和證券,2023-03-27,7030
6279,胡連,20,0,20,致和證券,2023-03-27,7030
3501,維熹,15,0,15,致和證券,2023-03-27,7030
3576,聯合再生,15,0,15,致和證券,2023-03-27,7030
6244,茂迪,33,18,15,致和證券,2023-03-27,7030
3714,富采,19,7,12,致和證券,2023-03-27,7030
5488,松普,11,0,11,致和證券,2023-03-27,7030
00885,富邦越南,10,0,10,致和證券,2023-03-27,7030
2615,萬海,10,0,10,致和證券,2023-03-27,7030
3058,立德,10,0,10,致和證券,2023-03-27,7030
3207,耀勝,10,0,10,致和證券,2023-03-27,7030
6133,金橋,10,0,10,致和證券,2023-03-27,7030
2618,長榮航,10,1,9,致和證券,2023-03-27,7030
5425,台半,10,1,9,致和證券,2023-03-27,7030
6531,愛普*,10,1,9,致和證券,2023-03-27,7030
4105,東洋,8,0,8,致和證券,2023-03-27,7030
8289,泰藝,8,0,8,致和證券,2023-03-27,7030
00637L,元大滬深300正2,7,0,7,致和證券,2023-03-27,7030
2344,華邦電,14,7,7,致和證券,2023-03-27,7030
00922,國泰台灣領袖50,6,0,6,致和證券,2023-03-27,7030
0056,元大高股息,6,0,6,致和證券,2023-03-27,7030
2723,美食-KY,6,0,6,致和證券,2023-03-27,7030
2891,中信金,6,0,6,致和證券,2023-03-27,7030
3037,欣興,7,1,6,致和證券,2023-03-27,7030
2015,豐興,5,0,5,致和證券,2023-03-27,7030
00753L,中信中國50正2,5,0,5,致和證券,2023-03-27,7030
1434,福懋,5,0,5,致和證券,2023-03-27,7030
1513,中興電,9,4,5,致和證券,2023-03-27,7030
2451,創見,5,0,5,致和證券,2023-03-27,7030
2867,三商壽,5,0,5,致和證券,2023-03-27,7030
2886,兆豐金,5,0,5,致和證券,2023-03-27,7030
2888,新光金,10,5,5,致和證券,2023-03-27,7030
3231,緯創,6,1,5,致和證券,2023-03-27,7030
4977,眾達-KY,5,0,5,致和證券,2023-03-27,7030
5519,隆大,6,1,5,致和證券,2023-03-27,7030
5608,四維航,10,5,5,致和證券,2023-03-27,7030
6152,百一,5,0,5,致和證券,2023-03-27,7030
6277,宏正,5,0,5,致和證券,2023-03-27,7030
9907,統一實,5,0,5,致和證券,2023-03-27,7030
1504,東元,12,7,5,致和證券,2023-03-27,7030
1417,嘉裕,7,3,4,致和證券,2023-03-27,7030
1316,上曜,4,0,4,致和證券,2023-03-27,7030
2402,毅嘉,13,9,4,致和證券,2023-03-27,7030
3105,穩懋,5,1,4,致和證券,2023-03-27,7030
3338,泰碩,8,4,4,致和證券,2023-03-27,7030
8926,台汽電,302,0,302,致和證券,2023-03-28,7030
2105,正新,153,0,153,致和證券,2023-03-28,7030
2498,宏達電,38,4,34,致和證券,2023-03-28,7030
00878,國泰永續高股息,30,0,30,致和證券,2023-03-28,7030
6770,力積電,26,0,26,致和證券,2023-03-28,7030
3265,台星科,25,0,25,致和證券,2023-03-28,7030
2618,長榮航,23,0,23,致和證券,2023-03-28,7030
2610,華航,31,10,21,致和證券,2023-03-28,7030
6288,聯嘉,26,5,21,致和證券,2023-03-28,7030
2030,彰源,20,0,20,致和證券,2023-03-28,7030
2890,永豐金,20,0,20,致和證券,2023-03-28,7030
2317,鴻海,17,0,17,致和證券,2023-03-28,7030
1605,華新,30,15,15,致和證券,2023-03-28,7030
2201,裕隆,15,0,15,致和證券,2023-03-28,7030
2337,旺宏,27,12,15,致和證券,2023-03-28,7030
6026,福邦證,15,0,15,致和證券,2023-03-28,7030
8105,凌巨,15,0,15,致和證券,2023-03-28,7030
00679B,元大美債20年,14,0,14,致和證券,2023-03-28,7030
0056,元大高股息,14,1,13,致和證券,2023-03-28,7030
1609,大亞,10,0,10,致和證券,2023-03-28,7030
1584,精剛,18,8,10,致和證券,2023-03-28,7030
3360,尚立,10,0,10,致和證券,2023-03-28,7030
3419,譁裕,10,0,10,致和證券,2023-03-28,7030
3489,森寶,10,0,10,致和證券,2023-03-28,7030
4989,榮科,10,0,10,致和證券,2023-03-28,7030
6142,友勁,10,0,10,致和證券,2023-03-28,7030
6163,華電網,10,0,10,致和證券,2023-03-28,7030
6290,良維,10,0,10,致和證券,2023-03-28,7030
2609,陽明,12,3,9,致和證券,2023-03-28,7030
4915,致伸,9,0,9,致和證券,2023-03-28,7030
2376,技嘉,8,1,7,致和證券,2023-03-28,7030
3047,訊舟,7,0,7,致和證券,2023-03-28,7030
3231,緯創,10,3,7,致和證券,2023-03-28,7030
2340,台亞,6,0,6,致和證券,2023-03-28,7030
2342,茂矽,7,1,6,致和證券,2023-03-28,7030
3035,智原,28,22,6,致和證券,2023-03-28,7030
3115,富榮綱,6,0,6,致和證券,2023-03-28,7030
6176,瑞儀,6,0,6,致和證券,2023-03-28,7030
8088,品安,6,0,6,致和證券,2023-03-28,7030
2388,威盛,9,3,6,致和證券,2023-03-28,7030
00713,元大台灣高息低波,5,0,5,致和證券,2023-03-28,7030
00885,富邦越南,5,0,5,致和證券,2023-03-28,7030
1460,宏遠,5,0,5,致和證券,2023-03-28,7030
3272,東碩,5,0,5,致和證券,2023-03-28,7030
3324,雙鴻,5,0,5,致和證券,2023-03-28,7030
4153,鈺緯,5,0,5,致和證券,2023-03-28,7030
3051,力特,4,0,4,致和證券,2023-03-28,7030
3443,創意,4,0,4,致和證券,2023-03-28,7030
3499,環天科,5,1,4,致和證券,2023-03-28,7030
5371,中光電,4,0,4,致和證券,2023-03-28,7030
2103,台橡,150,0,150,致和證券,2023-03-29,7030
2303,聯電,37,4,33,致和證券,2023-03-29,7030
6220,岳豐,25,0,25,致和證券,2023-03-29,7030
2353,宏��,30,7,23,致和證券,2023-03-29,7030
1717,長興,22,0,22,致和證券,2023-03-29,7030
1815,富喬,19,0,19,致和證券,2023-03-29,7030
3062,建漢,16,0,16,致和證券,2023-03-29,7030
2637,慧洋-KY,14,0,14,致和證券,2023-03-29,7030
3035,智原,17,3,14,致和證券,2023-03-29,7030
9944,新麗,14,0,14,致和證券,2023-03-29,7030
3017,奇鋐,23,11,12,致和證券,2023-03-29,7030
00715L,期街口布蘭特正2,12,0,12,致和證券,2023-03-29,7030
00922,國泰台灣領袖50,12,0,12,致和證券,2023-03-29,7030
5347,世界,11,0,11,致和證券,2023-03-29,7030
3081,聯亞,15,4,11,致和證券,2023-03-29,7030
1907,永豐餘,10,0,10,致和證券,2023-03-29,7030
1906,寶隆,10,0,10,致和證券,2023-03-29,7030
1314,中石化,10,0,10,致和證券,2023-03-29,7030
1584,精剛,11,1,10,致和證券,2023-03-29,7030
6142,友勁,10,0,10,致和證券,2023-03-29,7030
6270,倍微,10,0,10,致和證券,2023-03-29,7030
6770,力積電,10,0,10,致和證券,2023-03-29,7030
8050,廣積,10,0,10,致和證券,2023-03-29,7030
8105,凌巨,10,0,10,致和證券,2023-03-29,7030
1529,樂事綠能,10,1,9,致和證券,2023-03-29,7030
3115,富榮綱,8,0,8,致和證券,2023-03-29,7030
5864,致和證,8,0,8,致和證券,2023-03-29,7030
2371,大同,13,5,8,致和證券,2023-03-29,7030
2329,華泰,6,0,6,致和證券,2023-03-29,7030
2331,精英,8,2,6,致和證券,2023-03-29,7030
2457,飛宏,47,41,6,致和證券,2023-03-29,7030
8046,南電,6,0,6,致和證券,2023-03-29,7030
8938,明安,6,0,6,致和證券,2023-03-29,7030
1504,東元,52,47,5,致和證券,2023-03-29,7030
1785,光洋科,6,1,5,致和證券,2023-03-29,7030
1434,福懋,5,0,5,致和證券,2023-03-29,7030
1612,宏泰,5,0,5,致和證券,2023-03-29,7030
2375,凱美,5,0,5,致和證券,2023-03-29,7030
2543,皇昌,5,0,5,致和證券,2023-03-29,7030
3046,建��,5,0,5,致和證券,2023-03-29,7030
3162,精確,5,0,5,致和證券,2023-03-29,7030
3489,森寶,5,0,5,致和證券,2023-03-29,7030
5608,四維航,5,0,5,致和證券,2023-03-29,7030
6669,緯穎,5,0,5,致和證券,2023-03-29,7030
911608,明輝-DR,5,0,5,致和證券,2023-03-29,7030
2498,宏達電,8,4,4,致和證券,2023-03-29,7030
3149,正達,4,0,4,致和證券,2023-03-29,7030
3252,海灣,4,0,4,致和證券,2023-03-29,7030
3550,聯穎,4,0,4,致和證券,2023-03-29,7030
4720,德淵,4,0,4,致和證券,2023-03-29,7030
2105,正新,150,0,150,致和證券,2023-03-30,7030
2891,中信金,41,0,41,致和證券,2023-03-30,7030
00753L,中信中國50正2,30,5,25,致和證券,2023-03-30,7030
2888,新光金,29,5,24,致和證券,2023-03-30,7030
2880,華南金,20,0,20,致和證券,2023-03-30,7030
4977,眾達-KY,20,0,20,致和證券,2023-03-30,7030
3499,環天科,15,0,15,致和證券,2023-03-30,7030
1101,台泥,13,0,13,致和證券,2023-03-30,7030
2302,麗正,14,1,13,致和證券,2023-03-30,7030
1312,國喬,10,0,10,致和證券,2023-03-30,7030
00641R,富邦日本反1,10,0,10,致和證券,2023-03-30,7030
2066,世德,10,0,10,致和證券,2023-03-30,7030
2374,佳能,10,0,10,致和證券,2023-03-30,7030
3029,零壹,10,0,10,致和證券,2023-03-30,7030
5353,台林,10,0,10,致和證券,2023-03-30,7030
8421,旭源,10,0,10,致和證券,2023-03-30,7030
00648R,元大S＆P500反1,9,0,9,致和證券,2023-03-30,7030
3025,星通,9,0,9,致和證券,2023-03-30,7030
2637,慧洋-KY,8,0,8,致和證券,2023-03-30,7030
2498,宏達電,7,0,7,致和證券,2023-03-30,7030
3706,神達,7,0,7,致和證券,2023-03-30,7030
6244,茂迪,37,30,7,致和證券,2023-03-30,7030
1618,合機,7,0,7,致和證券,2023-03-30,7030
2603,長榮,6,0,6,致和證券,2023-03-30,7030
1815,富喬,7,1,6,致和證券,2023-03-30,7030
1722,台肥,6,0,6,致和證券,2023-03-30,7030
2534,宏盛,6,0,6,致和證券,2023-03-30,7030
2883,凱基金,6,0,6,致和證券,2023-03-30,7030
1605,華新,9,4,5,致和證券,2023-03-30,7030
1603,華電,5,0,5,致和證券,2023-03-30,7030
1432,大魯閣,4,0,4,致和證券,2023-03-30,7030
2342,茂矽,5,1,4,致和證券,2023-03-30,7030
2732,六角,4,0,4,致和證券,2023-03-30,7030
3062,建漢,5,1,4,致和證券,2023-03-30,7030
6719,力智,4,0,4,致和證券,2023-03-30,7030
1795,美時,6,3,3,致和證券,2023-03-30,7030
2340,台亞,3,0,3,致和證券,2023-03-30,7030
2495,普安,5,2,3,致和證券,2023-03-30,7030
3115,富榮綱,3,0,3,致和證券,2023-03-30,7030
4106,雃博,3,0,3,致和證券,2023-03-30,7030
4973,廣穎,3,0,3,致和證券,2023-03-30,7030
6589,台康生技,3,0,3,致和證券,2023-03-30,7030
4114,健喬,2,0,2,致和證券,2023-03-30,7030
3447,展達,2,0,2,致和證券,2023-03-30,7030
00637L,元大滬深300正2,2,0,2,致和證券,2023-03-30,7030
1316,上曜,2,0,2,致和證券,2023-03-30,7030
1326,台化,2,0,2,致和證券,2023-03-30,7030
1733,五鼎,2,0,2,致和證券,2023-03-30,7030
2328,廣宇,2,0,2,致和證券,2023-03-30,7030
2353,宏��,2,0,2,致和證券,2023-03-30,7030
1304,台聚,100,0,100,致和證券,2023-03-31,7030
2375,凱美,50,0,50,致和證券,2023-03-31,7030
3047,訊舟,21,0,21,致和證券,2023-03-31,7030
3499,環天科,20,0,20,致和證券,2023-03-31,7030
1609,大亞,40,22,18,致和證券,2023-03-31,7030
1513,中興電,13,2,11,致和證券,2023-03-31,7030
8110,華東,11,0,11,致和證券,2023-03-31,7030
00641R,富邦日本反1,10,0,10,致和證券,2023-03-31,7030
2201,裕隆,10,0,10,致和證券,2023-03-31,7030
2367,燿華,10,0,10,致和證券,2023-03-31,7030
3029,零壹,10,0,10,致和證券,2023-03-31,7030
3115,富榮綱,10,0,10,致和證券,2023-03-31,7030
00882,中信中國高股息,7,0,7,致和證券,2023-03-31,7030
1605,華新,7,0,7,致和證券,2023-03-31,7030
3481,群創,8,2,6,致和證券,2023-03-31,7030
1527,鑽全,6,0,6,致和證券,2023-03-31,7030
1434,福懋,5,0,5,致和證券,2023-03-31,7030
1785,光洋科,5,0,5,致和證券,2023-03-31,7030
1722,台肥,5,0,5,致和證券,2023-03-31,7030
2618,長榮航,5,0,5,致和證券,2023-03-31,7030
2891,中信金,10,5,5,致和證券,2023-03-31,7030
3033,威健,5,0,5,致和證券,2023-03-31,7030
5315,光聯,5,0,5,致和證券,2023-03-31,7030
2603,長榮,5,1,4,致和證券,2023-03-31,7030
2017,官田鋼,5,1,4,致和證券,2023-03-31,7030
2014,中鴻,4,0,4,致和證券,2023-03-31,7030
00881,國泰台灣5G+,4,0,4,致和證券,2023-03-31,7030
2313,華通,5,1,4,致和證券,2023-03-31,7030
2342,茂矽,4,0,4,致和證券,2023-03-31,7030
3419,譁裕,4,0,4,致和證券,2023-03-31,7030
3715,定穎投控,4,0,4,致和證券,2023-03-31,7030
8086,宏捷科,4,0,4,致和證券,2023-03-31,7030
8937,合騏,4,0,4,致和證券,2023-03-31,7030
00878,國泰永續高股息,4,1,3,致和證券,2023-03-31,7030
00701,國泰股利精選30,3,0,3,致和證券,2023-03-31,7030
1319,東陽,3,0,3,致和證券,2023-03-31,7030
2413,環科,3,0,3,致和證券,2023-03-31,7030
2609,陽明,5,2,3,致和證券,2023-03-31,7030
3049,精金,3,0,3,致和證券,2023-03-31,7030
3521,鴻翊,3,0,3,致和證券,2023-03-31,7030
4916,事欣科,3,0,3,致和證券,2023-03-31,7030
6288,聯嘉,3,0,3,致和證券,2023-03-31,7030
8931,大汽電,3,0,3,致和證券,2023-03-31,7030
1504,東元,6,4,2,致和證券,2023-03-31,7030
1904,正隆,2,0,2,致和證券,2023-03-31,7030
8227,巨有科技,2,0,2,致和證券,2023-03-31,7030
1618,合機,2,0,2,致和證券,2023-03-31,7030
2006,東和鋼鐵,2,0,2,致和證券,2023-03-31,7030
2206,三陽工業,2,0,2,致和證券,2023-03-31,7030
2317,鴻海,3,1,2,致和證券,2023-03-31,7030
2344,華邦電,38,0,38,致和證券,2023-04-06,7030
00878,國泰永續高股息,32,1,31,致和證券,2023-04-06,7030
8401,白紗科,24,0,24,致和證券,2023-04-06,7030
3707,漢磊,21,0,21,致和證券,2023-04-06,7030
00648R,元大S＆P500反1,20,0,20,致和證券,2023-04-06,7030
4706,大恭,20,0,20,致和證券,2023-04-06,7030
2618,長榮航,17,0,17,致和證券,2023-04-06,7030
2201,裕隆,20,4,16,致和證券,2023-04-06,7030
2609,陽明,14,1,13,致和證券,2023-04-06,7030
6108,競國,13,0,13,致和證券,2023-04-06,7030
00902,中信電池及儲能,11,0,11,致和證券,2023-04-06,7030
2402,毅嘉,11,0,11,致和證券,2023-04-06,7030
1781,合世,10,0,10,致和證券,2023-04-06,7030
2302,麗正,10,0,10,致和證券,2023-04-06,7030
2481,強茂,10,0,10,致和證券,2023-04-06,7030
3088,艾訊,10,0,10,致和證券,2023-04-06,7030
3312,弘憶股,10,0,10,致和證券,2023-04-06,7030
8404,百和興業-KY,10,0,10,致和證券,2023-04-06,7030
2482,連宇,11,2,9,致和證券,2023-04-06,7030
3499,環天科,9,0,9,致和證券,2023-04-06,7030
2208,台船,10,2,8,致和證券,2023-04-06,7030
6274,台燿,7,0,7,致和證券,2023-04-06,7030
2471,資通,14,8,6,致和證券,2023-04-06,7030
3430,奇鈦科,20,14,6,致和證券,2023-04-06,7030
4979,華星光,7,1,6,致和證券,2023-04-06,7030
6207,雷科,6,0,6,致和證券,2023-04-06,7030
8072,陞泰,6,0,6,致和證券,2023-04-06,7030
9944,新麗,6,0,6,致和證券,2023-04-06,7030
1568,倉佑,5,0,5,致和證券,2023-04-06,7030
00679B,元大美債20年,5,0,5,致和證券,2023-04-06,7030
00637L,元大滬深300正2,5,0,5,致和證券,2023-04-06,7030
00753L,中信中國50正2,15,10,5,致和證券,2023-04-06,7030
1504,東元,10,5,5,致和證券,2023-04-06,7030
3265,台星科,5,0,5,致和證券,2023-04-06,7030
4111,濟生,5,0,5,致和證券,2023-04-06,7030
6163,華電網,5,0,5,致和證券,2023-04-06,7030
6288,聯嘉,10,5,5,致和證券,2023-04-06,7030
6550,北極星藥業-KY,5,0,5,致和證券,2023-04-06,7030
5512,力麒,10,6,4,致和證券,2023-04-06,7030
1319,東陽,4,0,4,致和證券,2023-04-06,7030
2342,茂矽,5,1,4,致和證券,2023-04-06,7030
2368,金像電,4,0,4,致和證券,2023-04-06,7030
2543,皇昌,6,2,4,致和證券,2023-04-06,7030
3443,創意,4,0,4,致和證券,2023-04-06,7030
3490,單井,6,2,4,致和證券,2023-04-06,7030
6405,悅城,4,0,4,致和證券,2023-04-06,7030
6616,特昇-KY,4,0,4,致和證券,2023-04-06,7030
6770,力積電,11,7,4,致和證券,2023-04-06,7030
8086,宏捷科,4,0,4,致和證券,2023-04-06,7030
8277,商丞,4,0,4,致和證券,2023-04-06,7030
8028,昇陽半導體,25,3,22,致和證券,2023-04-07,7030
1528,恩德,20,0,20,致和證券,2023-04-07,7030
3149,正達,20,0,20,致和證券,2023-04-07,7030
8088,品安,19,0,19,致和證券,2023-04-07,7030
3056,富華新,50,31,19,致和證券,2023-04-07,7030
3051,力特,18,0,18,致和證券,2023-04-07,7030
8936,國統,18,0,18,致和證券,2023-04-07,7030
3032,偉訓,17,0,17,致和證券,2023-04-07,7030
1605,華新,21,6,15,致和證券,2023-04-07,7030
4105,東洋,15,0,15,致和證券,2023-04-07,7030
3162,精確,14,0,14,致和證券,2023-04-07,7030
4974,亞泰,14,1,13,致和證券,2023-04-07,7030
00900,富邦特選高股息30,11,0,11,致和證券,2023-04-07,7030
4979,華星光,11,0,11,致和證券,2023-04-07,7030
8409,商之器,11,0,11,致和證券,2023-04-07,7030
1781,合世,10,0,10,致和證券,2023-04-07,7030
2006,東和鋼鐵,10,0,10,致和證券,2023-04-07,7030
00922,國泰台灣領袖50,10,0,10,致和證券,2023-04-07,7030
2375,凱美,10,0,10,致和證券,2023-04-07,7030
3591,艾笛森,10,0,10,致和證券,2023-04-07,7030
8050,廣積,10,0,10,致和證券,2023-04-07,7030
8403,盛弘,10,0,10,致和證券,2023-04-07,7030
2356,英業達,10,1,9,致和證券,2023-04-07,7030
3236,千如,8,0,8,致和證券,2023-04-07,7030
3252,海灣,8,0,8,致和證券,2023-04-07,7030
3682,亞太電,10,2,8,致和證券,2023-04-07,7030
8404,百和興業-KY,8,0,8,致和證券,2023-04-07,7030
2891,中信金,7,0,7,致和證券,2023-04-07,7030
5608,四維航,29,22,7,致和證券,2023-04-07,7030
2302,麗正,6,0,6,致和證券,2023-04-07,7030
2303,聯電,11,5,6,致和證券,2023-04-07,7030
2314,台揚,6,0,6,致和證券,2023-04-07,7030
2352,佳世達,10,4,6,致和證券,2023-04-07,7030
3715,定穎投控,6,0,6,致和證券,2023-04-07,7030
6405,悅城,6,0,6,致和證券,2023-04-07,7030
8096,擎亞,6,0,6,致和證券,2023-04-07,7030
00753L,中信中國50正2,5,0,5,致和證券,2023-04-07,7030
2329,華泰,5,0,5,致和證券,2023-04-07,7030
2498,宏達電,14,9,5,致和證券,2023-04-07,7030
2867,三商壽,5,0,5,致和證券,2023-04-07,7030
3088,艾訊,5,0,5,致和證券,2023-04-07,7030
3380,明泰,5,0,5,致和證券,2023-04-07,7030
4746,台耀,9,4,5,致和證券,2023-04-07,7030
5315,光聯,5,0,5,致和證券,2023-04-07,7030
6163,華電網,5,0,5,致和證券,2023-04-07,7030
6616,特昇-KY,5,0,5,致和證券,2023-04-07,7030
8150,南茂,5,0,5,致和證券,2023-04-07,7030
3481,群創,5,0,5,致和證券,2023-04-07,7030
6753,龍德造船,4,0,4,致和證券,2023-04-07,7030
2002,中鋼,4,0,4,致和證券,2023-04-07,7030
2867,三商壽,201,9,192,致和證券,2023-04-10,7030
6209,今國光,46,2,44,致和證券,2023-04-10,7030
3357,臺慶科,25,0,25,致和證券,2023-04-10,7030
4968,立積,20,1,19,致和證券,2023-04-10,7030
1605,華新,15,0,15,致和證券,2023-04-10,7030
1108,幸福,15,0,15,致和證券,2023-04-10,7030
8028,昇陽半導體,17,5,12,致和證券,2023-04-10,7030
3162,精確,15,3,12,致和證券,2023-04-10,7030
6223,旺矽,12,0,12,致和證券,2023-04-10,7030
1319,東陽,10,0,10,致和證券,2023-04-10,7030
00773B,中信優先金融債,10,0,10,致和證券,2023-04-10,7030
00772B,中信高評級公司債,10,0,10,致和證券,2023-04-10,7030
00713,元大台灣高息低波,10,0,10,致和證券,2023-04-10,7030
6538,倉和,10,0,10,致和證券,2023-04-10,7030
6698,旭暉應材,10,0,10,致和證券,2023-04-10,7030
3052,夆典,8,0,8,致和證券,2023-04-10,7030
3252,海灣,8,0,8,致和證券,2023-04-10,7030
2609,陽明,15,7,8,致和證券,2023-04-10,7030
2634,漢翔,28,21,7,致和證券,2023-04-10,7030
00896,中信綠能及電動車,7,0,7,致和證券,2023-04-10,7030
2314,台揚,7,0,7,致和證券,2023-04-10,7030
4934,太極,7,0,7,致和證券,2023-04-10,7030
2014,中鴻,6,0,6,致和證券,2023-04-10,7030
3231,緯創,11,5,6,致和證券,2023-04-10,7030
00632R,元大台灣50反1,5,0,5,致和證券,2023-04-10,7030
00902,中信電池及儲能,5,0,5,致和證券,2023-04-10,7030
2401,凌陽,5,0,5,致和證券,2023-04-10,7030
2883,凱基金,5,0,5,致和證券,2023-04-10,7030
3028,增你強,5,0,5,致和證券,2023-04-10,7030
3499,環天科,5,0,5,致和證券,2023-04-10,7030
3521,鴻翊,5,0,5,致和證券,2023-04-10,7030
5465,富驊,10,5,5,致和證券,2023-04-10,7030
5475,德宏,5,0,5,致和證券,2023-04-10,7030
6285,啟��,6,1,5,致和證券,2023-04-10,7030
6712,長聖,5,0,5,致和證券,2023-04-10,7030
9907,統一實,5,0,5,致和證券,2023-04-10,7030
3017,奇鋐,5,0,5,致和證券,2023-04-10,7030
3054,立萬利,4,0,4,致和證券,2023-04-10,7030
3441,聯一光,4,0,4,致和證券,2023-04-10,7030
4119,旭富,4,0,4,致和證券,2023-04-10,7030
5864,致和證,9,5,4,致和證券,2023-04-10,7030
6616,特昇-KY,4,0,4,致和證券,2023-04-10,7030
8086,宏捷科,4,0,4,致和證券,2023-04-10,7030
8930,青鋼,4,0,4,致和證券,2023-04-10,7030
00912,中信臺灣智慧50,3,0,3,致和證券,2023-04-10,7030
2408,南亞科,4,1,3,致和證券,2023-04-10,7030
2516,新建,3,0,3,致和證券,2023-04-10,7030
2543,皇昌,3,0,3,致和證券,2023-04-10,7030
2606,裕民,3,0,3,致和證券,2023-04-10,7030
4153,鈺緯,8,5,3,致和證券,2023-04-10,7030
1608,華榮,50,0,50,致和證券,2023-04-11,7030
6134,萬旭,20,0,20,致和證券,2023-04-11,7030
2515,中工,20,2,18,致和證券,2023-04-11,7030
8050,廣積,17,0,17,致和證券,2023-04-11,7030
3252,海灣,16,0,16,致和證券,2023-04-11,7030
2402,毅嘉,15,0,15,致和證券,2023-04-11,7030
2027,大成鋼,14,0,14,致和證券,2023-04-11,7030
1609,大亞,23,10,13,致和證券,2023-04-11,7030
3162,精確,13,0,13,致和證券,2023-04-11,7030
2471,資通,13,1,12,致和證券,2023-04-11,7030
00687B,國泰20年美債,11,0,11,致和證券,2023-04-11,7030
2615,萬海,11,0,11,致和證券,2023-04-11,7030
6116,彩晶,11,0,11,致和證券,2023-04-11,7030
2890,永豐金,10,0,10,致和證券,2023-04-11,7030
3022,威強電,10,0,10,致和證券,2023-04-11,7030
3265,台星科,10,0,10,致和證券,2023-04-11,7030
4721,美琪瑪,10,0,10,致和證券,2023-04-11,7030
5353,台林,10,0,10,致和證券,2023-04-11,7030
8415,大國鋼,10,0,10,致和證券,2023-04-11,7030
8938,明安,10,0,10,致和證券,2023-04-11,7030
2303,聯電,11,2,9,致和證券,2023-04-11,7030
6288,聯嘉,10,1,9,致和證券,2023-04-11,7030
6770,力積電,14,5,9,致和證券,2023-04-11,7030
2002,中鋼,8,0,8,致和證券,2023-04-11,7030
2208,台船,9,1,8,致和證券,2023-04-11,7030
2897,王道銀行,8,0,8,致和證券,2023-04-11,7030
5243,乙盛-KY,8,0,8,致和證券,2023-04-11,7030
6153,嘉聯益,8,0,8,致和證券,2023-04-11,7030
8488,吉源-KY,8,0,8,致和證券,2023-04-11,7030
1781,合世,7,0,7,致和證券,2023-04-11,7030
6276,安鈦克,7,0,7,致和證券,2023-04-11,7030
6531,愛普*,10,3,7,致和證券,2023-04-11,7030
8234,新漢,7,0,7,致和證券,2023-04-11,7030
3054,立萬利,6,0,6,致和證券,2023-04-11,7030
3115,富榮綱,6,0,6,致和證券,2023-04-11,7030
3322,建舜電,11,5,6,致和證券,2023-04-11,7030
5011,久陽,6,0,6,致和證券,2023-04-11,7030
6649,台生材,6,0,6,致和證券,2023-04-11,7030
1219,福壽,5,0,5,致和證券,2023-04-11,7030
00679B,元大美債20年,5,0,5,致和證券,2023-04-11,7030
1101,台泥,18,13,5,致和證券,2023-04-11,7030
1784,訊聯,5,0,5,致和證券,2023-04-11,7030
2313,華通,5,0,5,致和證券,2023-04-11,7030
2388,威盛,6,1,5,致和證券,2023-04-11,7030
2436,偉詮電,5,0,5,致和證券,2023-04-11,7030
2618,長榮航,7,2,5,致和證券,2023-04-11,7030
2838,聯邦銀,5,0,5,致和證券,2023-04-11,7030
3499,環天科,5,0,5,致和證券,2023-04-11,7030
8046,南電,6,1,5,致和證券,2023-04-11,7030
8277,商丞,5,0,5,致和證券,2023-04-11,7030
2103,台橡,100,0,100,致和證券,2023-04-12,7030
5488,松普,37,0,37,致和證券,2023-04-12,7030
1605,華新,34,2,32,致和證券,2023-04-12,7030
2027,大成鋼,22,0,22,致和證券,2023-04-12,7030
2492,華新科,23,2,21,致和證券,2023-04-12,7030
00673R,期元大S＆P原油反1,20,0,20,致和證券,2023-04-12,7030
2104,國際中橡,20,0,20,致和證券,2023-04-12,7030
2601,益航,20,0,20,致和證券,2023-04-12,7030
3252,海灣,20,0,20,致和證券,2023-04-12,7030
3379,彬台,20,0,20,致和證券,2023-04-12,7030
2471,資通,21,2,19,致和證券,2023-04-12,7030
3432,台端,16,0,16,致和證券,2023-04-12,7030
2368,金像電,12,1,11,致和證券,2023-04-12,7030
00900,富邦特選高股息30,10,0,10,致和證券,2023-04-12,7030
1102,亞泥,10,0,10,致和證券,2023-04-12,7030
2331,精英,10,0,10,致和證券,2023-04-12,7030
2634,漢翔,36,26,10,致和證券,2023-04-12,7030
2889,國票金,10,0,10,致和證券,2023-04-12,7030
4433,興采,10,0,10,致和證券,2023-04-12,7030
5531,鄉林,10,0,10,致和證券,2023-04-12,7030
3038,全台,10,1,9,致和證券,2023-04-12,7030
6234,高僑,12,3,9,致和證券,2023-04-12,7030
6235,華孚,10,1,9,致和證券,2023-04-12,7030
1781,合世,8,0,8,致和證券,2023-04-12,7030
6160,欣技,8,0,8,致和證券,2023-04-12,7030
6616,特昇-KY,8,0,8,致和證券,2023-04-12,7030
8222,寶一,39,31,8,致和證券,2023-04-12,7030
2495,普安,7,0,7,致和證券,2023-04-12,7030
3054,立萬利,7,0,7,致和證券,2023-04-12,7030
6153,嘉聯益,7,0,7,致和證券,2023-04-12,7030
3034,聯詠,6,0,6,致和證券,2023-04-12,7030
00912,中信臺灣智慧50,6,0,6,致和證券,2023-04-12,7030
2427,三商電,6,0,6,致和證券,2023-04-12,7030
2883,凱基金,8,2,6,致和證券,2023-04-12,7030
3029,零壹,6,0,6,致和證券,2023-04-12,7030
3673,TPK-KY,6,0,6,致和證券,2023-04-12,7030
5425,台半,6,0,6,致和證券,2023-04-12,7030
6108,競國,6,0,6,致和證券,2023-04-12,7030
8050,廣積,11,5,6,致和證券,2023-04-12,7030
8404,百和興業-KY,6,0,6,致和證券,2023-04-12,7030
8488,吉源-KY,6,0,6,致和證券,2023-04-12,7030
3037,欣興,6,1,5,致和證券,2023-04-12,7030
1522,堤維西,5,0,5,致和證券,2023-04-12,7030
1504,東元,6,1,5,致和證券,2023-04-12,7030
3438,類比科,5,0,5,致和證券,2023-04-12,7030
4114,健喬,5,0,5,致和證券,2023-04-12,7030
4174,浩鼎,5,0,5,致和證券,2023-04-12,7030
6271,同欣電,5,0,5,致和證券,2023-04-12,7030
6546,正基,5,0,5,致和證券,2023-04-12,7030
6589,台康生技,5,0,5,致和證券,2023-04-12,7030
2105,正新,153,3,150,致和證券,2023-04-13,7030
2515,中工,89,18,71,致和證券,2023-04-13,7030
2801,彰銀,57,0,57,致和證券,2023-04-13,7030
6285,啟��,39,0,39,致和證券,2023-04-13,7030
2208,台船,39,13,26,致和證券,2023-04-13,7030
2388,威盛,25,1,24,致和證券,2023-04-13,7030
2704,國賓,21,0,21,致和證券,2023-04-13,7030
2344,華邦電,28,8,20,致和證券,2023-04-13,7030
00712,復華富時不動產,18,0,18,致和證券,2023-04-13,7030
2331,精英,17,0,17,致和證券,2023-04-13,7030
2027,大成鋼,17,0,17,致和證券,2023-04-13,7030
2897,王道銀行,15,0,15,致和證券,2023-04-13,7030
3265,台星科,15,0,15,致和證券,2023-04-13,7030
2023,燁輝,20,6,14,致和證券,2023-04-13,7030
2402,毅嘉,20,6,14,致和證券,2023-04-13,7030
2492,華新科,15,1,14,致和證券,2023-04-13,7030
4556,旭然,14,0,14,致和證券,2023-04-13,7030
6531,愛普*,15,1,14,致和證券,2023-04-13,7030
2303,聯電,13,0,13,致和證券,2023-04-13,7030
6148,驊宏資,33,20,13,致和證券,2023-04-13,7030
3707,漢磊,13,1,12,致和證券,2023-04-13,7030
3041,揚智,11,0,11,致和證券,2023-04-13,7030
6411,晶焱,11,0,11,致和證券,2023-04-13,7030
3029,零壹,13,3,10,致和證券,2023-04-13,7030
6616,特昇-KY,10,0,10,致和證券,2023-04-13,7030
6669,緯穎,10,0,10,致和證券,2023-04-13,7030
3038,全台,9,0,9,致和證券,2023-04-13,7030
3171,炎洲流通,23,14,9,致和證券,2023-04-13,7030
4541,晟田,10,1,9,致和證券,2023-04-13,7030
4173,久裕,8,0,8,致和證券,2023-04-13,7030
6161,捷波,8,0,8,致和證券,2023-04-13,7030
6274,台燿,8,0,8,致和證券,2023-04-13,7030
00772B,中信高評級公司債,7,0,7,致和證券,2023-04-13,7030
1319,東陽,7,0,7,致和證券,2023-04-13,7030
1605,華新,9,2,7,致和證券,2023-04-13,7030
6163,華電網,7,0,7,致和證券,2023-04-13,7030
6234,高僑,10,3,7,致和證券,2023-04-13,7030
6244,茂迪,7,0,7,致和證券,2023-04-13,7030
8440,綠電,7,0,7,致和證券,2023-04-13,7030
1781,合世,6,0,6,致和證券,2023-04-13,7030
2313,華通,11,5,6,致和證券,2023-04-13,7030
2883,凱基金,10,4,6,致和證券,2023-04-13,7030
5309,系統電,7,1,6,致和證券,2023-04-13,7030
6116,彩晶,6,0,6,致和證券,2023-04-13,7030
8046,南電,16,10,6,致和證券,2023-04-13,7030
1522,堤維西,5,0,5,致和證券,2023-04-13,7030
00648R,元大S＆P500反1,5,0,5,致和證券,2023-04-13,7030
00713,元大台灣高息低波,5,0,5,致和證券,2023-04-13,7030
2312,金寶,5,0,5,致和證券,2023-04-13,7030
2379,瑞昱,5,0,5,致和證券,2023-04-13,7030
6116,彩晶,136,9,127,致和證券,2023-04-14,7030
1217,愛之味,55,0,55,致和證券,2023-04-14,7030
00878,國泰永續高股息,37,1,36,致和證券,2023-04-14,7030
2634,漢翔,42,18,24,致和證券,2023-04-14,7030
8936,國統,24,1,23,致和證券,2023-04-14,7030
2208,台船,27,5,22,致和證券,2023-04-14,7030
8072,陞泰,22,0,22,致和證券,2023-04-14,7030
00712,復華富時不動產,21,0,21,致和證券,2023-04-14,7030
1781,合世,20,0,20,致和證券,2023-04-14,7030
3710,連展投控,20,0,20,致和證券,2023-04-14,7030
3176,基亞,16,0,16,致和證券,2023-04-14,7030
6176,瑞儀,16,0,16,致和證券,2023-04-14,7030
2409,友達,21,6,15,致和證券,2023-04-14,7030
6122,擎邦,30,15,15,致和證券,2023-04-14,7030
2002,中鋼,24,10,14,致和證券,2023-04-14,7030
6770,力積電,12,0,12,致和證券,2023-04-14,7030
1314,中石化,12,1,11,致和證券,2023-04-14,7030
00919,群益台灣精選高息,10,0,10,致和證券,2023-04-14,7030
00753L,中信中國50正2,10,0,10,致和證券,2023-04-14,7030
2303,聯電,20,10,10,致和證券,2023-04-14,7030
2845,遠東銀,10,0,10,致和證券,2023-04-14,7030
3339,泰谷,10,0,10,致和證券,2023-04-14,7030
00773B,中信優先金融債,8,0,8,致和證券,2023-04-14,7030
00772B,中信高評級公司債,8,0,8,致和證券,2023-04-14,7030
1789,神隆,8,0,8,致和證券,2023-04-14,7030
3322,建舜電,8,0,8,致和證券,2023-04-14,7030
6616,特昇-KY,8,0,8,致和證券,2023-04-14,7030
00679B,元大美債20年,7,0,7,致和證券,2023-04-14,7030
2017,官田鋼,108,101,7,致和證券,2023-04-14,7030
3027,盛達,8,1,7,致和證券,2023-04-14,7030
3029,零壹,10,3,7,致和證券,2023-04-14,7030
8222,寶一,10,3,7,致和證券,2023-04-14,7030
1316,上曜,6,0,6,致和證券,2023-04-14,7030
2492,華新科,7,1,6,致和證券,2023-04-14,7030
3373,熱映,6,0,6,致和證券,2023-04-14,7030
5351,鈺創,7,1,6,致和證券,2023-04-14,7030
5469,瀚宇博,11,5,6,致和證券,2023-04-14,7030
2027,大成鋼,10,5,5,致和證券,2023-04-14,7030
3019,亞光,5,0,5,致和證券,2023-04-14,7030
3224,三顧,5,0,5,致和證券,2023-04-14,7030
3317,尼克森,5,0,5,致和證券,2023-04-14,7030
3587,閎康,5,0,5,致和證券,2023-04-14,7030
4121,優盛,5,0,5,致和證券,2023-04-14,7030
4566,時碩工業,5,0,5,致和證券,2023-04-14,7030
4927,泰鼎-KY,5,0,5,致和證券,2023-04-14,7030
6244,茂迪,25,20,5,致和證券,2023-04-14,7030
6509,聚和,6,1,5,致和證券,2023-04-14,7030
8926,台汽電,5,0,5,致和證券,2023-04-14,7030
00912,中信臺灣智慧50,5,0,5,致和證券,2023-04-14,7030
1504,東元,5,1,4,致和證券,2023-04-14,7030
6116,彩晶,210,0,210,致和證券,2023-04-17,7030
2634,漢翔,150,38,112,致和證券,2023-04-17,7030
1734,杏輝,42,0,42,致和證券,2023-04-17,7030
6578,達邦蛋白,31,0,31,致和證券,2023-04-17,7030
2208,台船,49,19,30,致和證券,2023-04-17,7030
5864,致和證,32,3,29,致和證券,2023-04-17,7030
3019,亞光,20,1,19,致和證券,2023-04-17,7030
2882,國泰金,18,0,18,致和證券,2023-04-17,7030
6179,亞通,16,1,15,致和證券,2023-04-17,7030
1605,華新,21,7,14,致和證券,2023-04-17,7030
1513,中興電,20,7,13,致和證券,2023-04-17,7030
8096,擎亞,12,0,12,致和證券,2023-04-17,7030
1781,合世,11,0,11,致和證券,2023-04-17,7030
1701,中化,10,0,10,致和證券,2023-04-17,7030
2369,菱生,10,0,10,致和證券,2023-04-17,7030
2889,國票金,10,0,10,致和證券,2023-04-17,7030
3360,尚立,10,0,10,致和證券,2023-04-17,7030
5243,乙盛-KY,11,1,10,致和證券,2023-04-17,7030
6168,宏齊,10,0,10,致和證券,2023-04-17,7030
2027,大成鋼,15,6,9,致和證券,2023-04-17,7030
2482,連宇,11,2,9,致和證券,2023-04-17,7030
1444,力麗,8,0,8,致和證券,2023-04-17,7030
2543,皇昌,8,0,8,致和證券,2023-04-17,7030
3441,聯一光,10,2,8,致和證券,2023-04-17,7030
2382,廣達,7,0,7,致和證券,2023-04-17,7030
2515,中工,60,53,7,致和證券,2023-04-17,7030
2888,新光金,15,8,7,致和證券,2023-04-17,7030
2002,中鋼,17,11,6,致和證券,2023-04-17,7030
3217,優群,6,0,6,致和證券,2023-04-17,7030
3481,群創,9,3,6,致和證券,2023-04-17,7030
5258,虹堡,8,2,6,致和證券,2023-04-17,7030
1806,冠軍,5,0,5,致和證券,2023-04-17,7030
2337,旺宏,15,10,5,致和證券,2023-04-17,7030
3015,全漢,5,0,5,致和證券,2023-04-17,7030
4153,鈺緯,5,0,5,致和證券,2023-04-17,7030
4540,全球傳動,5,0,5,致和證券,2023-04-17,7030
4746,台耀,5,0,5,致和證券,2023-04-17,7030
5355,佳總,5,0,5,致和證券,2023-04-17,7030
6133,金橋,5,0,5,致和證券,2023-04-17,7030
6689,伊雲谷,5,0,5,致和證券,2023-04-17,7030
00712,復華富時不動產,5,0,5,致和證券,2023-04-17,7030
4968,立積,17,12,5,致和證券,2023-04-17,7030
2457,飛宏,17,13,4,致和證券,2023-04-17,7030
1514,亞力,24,20,4,致和證券,2023-04-17,7030
2312,金寶,4,0,4,致和證券,2023-04-17,7030
2313,華通,10,6,4,致和證券,2023-04-17,7030
2314,台揚,6,2,4,致和證券,2023-04-17,7030
2329,華泰,8,4,4,致和證券,2023-04-17,7030
2630,亞航,4,0,4,致和證券,2023-04-17,7030
3419,譁裕,4,0,4,致和證券,2023-04-17,7030
0056,元大高股息,29,0,29,致和證券,2023-04-18,7030
00712,復華富時不動產,26,0,26,致和證券,2023-04-18,7030
1609,大亞,21,0,21,致和證券,2023-04-18,7030
00679B,元大美債20年,20,0,20,致和證券,2023-04-18,7030
2208,台船,33,13,20,致和證券,2023-04-18,7030
3707,漢磊,20,0,20,致和證券,2023-04-18,7030
3710,連展投控,20,0,20,致和證券,2023-04-18,7030
6167,久正,20,0,20,致和證券,2023-04-18,7030
1529,樂事綠能,22,2,20,致和證券,2023-04-18,7030
3481,群創,20,2,18,致和證券,2023-04-18,7030
1605,華新,18,0,18,致和證券,2023-04-18,7030
3231,緯創,21,5,16,致和證券,2023-04-18,7030
00673R,期元大S＆P原油反1,15,0,15,致和證券,2023-04-18,7030
2610,華航,15,1,14,致和證券,2023-04-18,7030
1101,台泥,20,7,13,致和證券,2023-04-18,7030
1785,光洋科,14,1,13,致和證券,2023-04-18,7030
2634,漢翔,40,29,11,致和證券,2023-04-18,7030
2471,資通,12,1,11,致和證券,2023-04-18,7030
2009,第一銅,10,0,10,致和證券,2023-04-18,7030
2027,大成鋼,11,1,10,致和證券,2023-04-18,7030
2611,志信,20,10,10,致和證券,2023-04-18,7030
4510,高鋒,10,0,10,致和證券,2023-04-18,7030
6160,欣技,10,0,10,致和證券,2023-04-18,7030
6179,亞通,10,0,10,致和證券,2023-04-18,7030
6223,旺矽,11,1,10,致和證券,2023-04-18,7030
1444,力麗,18,9,9,致和證券,2023-04-18,7030
2353,宏��,11,2,9,致和證券,2023-04-18,7030
3015,全漢,9,0,9,致和證券,2023-04-18,7030
2454,聯發科,9,0,9,致和證券,2023-04-18,7030
3029,零壹,10,1,9,致和證券,2023-04-18,7030
2603,長榮,12,4,8,致和證券,2023-04-18,7030
2897,王道銀行,9,1,8,致和證券,2023-04-18,7030
6113,亞矽,8,0,8,致和證券,2023-04-18,7030
8038,長園科,13,5,8,致和證券,2023-04-18,7030
2402,毅嘉,7,0,7,致和證券,2023-04-18,7030
2883,凱基金,10,3,7,致和證券,2023-04-18,7030
2886,兆豐金,8,1,7,致和證券,2023-04-18,7030
3017,奇鋐,7,0,7,致和證券,2023-04-18,7030
5009,榮剛,9,2,7,致和證券,2023-04-18,7030
6190,萬泰科,9,2,7,致和證券,2023-04-18,7030
1584,精剛,7,1,6,致和證券,2023-04-18,7030
3013,晟銘電,7,1,6,致和證券,2023-04-18,7030
3209,全科,6,0,6,致和證券,2023-04-18,7030
00713,元大台灣高息低波,5,0,5,致和證券,2023-04-18,7030
2609,陽明,11,6,5,致和證券,2023-04-18,7030
3025,星通,8,3,5,致和證券,2023-04-18,7030
3265,台星科,5,0,5,致和證券,2023-04-18,7030
3499,環天科,5,0,5,致和證券,2023-04-18,7030
4167,松瑞藥,5,0,5,致和證券,2023-04-18,7030
5315,光聯,5,0,5,致和證券,2023-04-18,7030
4173,久裕,50,0,50,致和證券,2023-04-19,7030
6005,群益證,50,10,40,致和證券,2023-04-19,7030
8096,擎亞,34,0,34,致和證券,2023-04-19,7030
8072,陞泰,33,0,33,致和證券,2023-04-19,7030
2367,燿華,30,0,30,致和證券,2023-04-19,7030
2303,聯電,30,3,27,致和證券,2023-04-19,7030
1101,台泥,26,0,26,致和證券,2023-04-19,7030
2515,中工,27,1,26,致和證券,2023-04-19,7030
3221,台嘉碩,23,0,23,致和證券,2023-04-19,7030
2451,創見,20,0,20,致和證券,2023-04-19,7030
2897,王道銀行,20,0,20,致和證券,2023-04-19,7030
3499,環天科,20,0,20,致和證券,2023-04-19,7030
4979,華星光,93,74,19,致和證券,2023-04-19,7030
2027,大成鋼,18,0,18,致和證券,2023-04-19,7030
6669,緯穎,19,4,15,致和證券,2023-04-19,7030
1781,合世,14,0,14,致和證券,2023-04-19,7030
2344,華邦電,14,0,14,致和證券,2023-04-19,7030
6616,特昇-KY,14,0,14,致和證券,2023-04-19,7030
8222,寶一,19,5,14,致和證券,2023-04-19,7030
3189,景碩,13,0,13,致和證券,2023-04-19,7030
1785,光洋科,14,2,12,致和證券,2023-04-19,7030
3490,單井,12,0,12,致和證券,2023-04-19,7030
2201,裕隆,23,12,11,致和證券,2023-04-19,7030
3022,威強電,10,0,10,致和證券,2023-04-19,7030
1312,國喬,15,5,10,致和證券,2023-04-19,7030
1906,寶隆,10,0,10,致和證券,2023-04-19,7030
3163,波若威,10,0,10,致和證券,2023-04-19,7030
3236,千如,10,0,10,致和證券,2023-04-19,7030
3252,海灣,10,0,10,致和證券,2023-04-19,7030
3322,建舜電,20,10,10,致和證券,2023-04-19,7030
5864,致和證,10,0,10,致和證券,2023-04-19,7030
8930,青鋼,10,0,10,致和證券,2023-04-19,7030
3673,TPK-KY,9,0,9,致和證券,2023-04-19,7030
1584,精剛,10,2,8,致和證券,2023-04-19,7030
2471,資通,18,10,8,致和證券,2023-04-19,7030
6122,擎邦,8,0,8,致和證券,2023-04-19,7030
6190,萬泰科,8,0,8,致和證券,2023-04-19,7030
3481,群創,39,32,7,致和證券,2023-04-19,7030
1722,台肥,7,0,7,致和證券,2023-04-19,7030
2324,仁寶,8,1,7,致和證券,2023-04-19,7030
2491,吉祥全,7,0,7,致和證券,2023-04-19,7030
2498,宏達電,8,1,7,致和證券,2023-04-19,7030
3094,聯傑,7,0,7,致和證券,2023-04-19,7030
006208,富邦台50,6,0,6,致和證券,2023-04-19,7030
2208,台船,10,4,6,致和證券,2023-04-19,7030
3035,智原,6,0,6,致和證券,2023-04-19,7030
3708,上緯投控,6,0,6,致和證券,2023-04-19,7030
1810,和成,6,1,5,致和證券,2023-04-19,7030
1102,亞泥,5,0,5,致和證券,2023-04-19,7030
1309,台達化,5,0,5,致和證券,2023-04-19,7030
00878,國泰永續高股息,44,0,44,致和證券,2023-04-20,7030
6266,泰詠,50,6,44,致和證券,2023-04-20,7030
1608,華榮,33,0,33,致和證券,2023-04-20,7030
2614,東森,30,0,30,致和證券,2023-04-20,7030
4157,太景*-KY,30,0,30,致和證券,2023-04-20,7030
3162,精確,22,0,22,致和證券,2023-04-20,7030
2367,燿華,30,10,20,致和證券,2023-04-20,7030
2867,三商壽,20,0,20,致和證券,2023-04-20,7030
2027,大成鋼,19,0,19,致和證券,2023-04-20,7030
6411,晶焱,19,0,19,致和證券,2023-04-20,7030
3022,威強電,18,0,18,致和證券,2023-04-20,7030
2637,慧洋-KY,16,0,16,致和證券,2023-04-20,7030
8105,凌巨,16,0,16,致和證券,2023-04-20,7030
1513,中興電,25,11,14,致和證券,2023-04-20,7030
2303,聯電,15,1,14,致和證券,2023-04-20,7030
6282,康舒,23,11,12,致和證券,2023-04-20,7030
0056,元大高股息,11,0,11,致和證券,2023-04-20,7030
2498,宏達電,25,14,11,致和證券,2023-04-20,7030
4121,優盛,12,1,11,致和證券,2023-04-20,7030
1609,大亞,11,1,10,致和證券,2023-04-20,7030
1802,台玻,10,0,10,致和證券,2023-04-20,7030
2419,仲琦,10,0,10,致和證券,2023-04-20,7030
3049,精金,10,0,10,致和證券,2023-04-20,7030
3163,波若威,10,0,10,致和證券,2023-04-20,7030
3265,台星科,10,0,10,致和證券,2023-04-20,7030
4510,高鋒,10,0,10,致和證券,2023-04-20,7030
4977,眾達-KY,10,0,10,致和證券,2023-04-20,7030
5315,光聯,10,0,10,致和證券,2023-04-20,7030
5328,華容,10,0,10,致和證券,2023-04-20,7030
6142,友勁,10,0,10,致和證券,2023-04-20,7030
6290,良維,10,0,10,致和證券,2023-04-20,7030
6538,倉和,10,0,10,致和證券,2023-04-20,7030
8409,商之器,10,0,10,致和證券,2023-04-20,7030
1409,新纖,11,2,9,致和證券,2023-04-20,7030
4934,太極,9,0,9,致和證券,2023-04-20,7030
6770,力積電,74,65,9,致和證券,2023-04-20,7030
1110,東泥,8,0,8,致和證券,2023-04-20,7030
2017,官田鋼,10,2,8,致和證券,2023-04-20,7030
6446,藥華藥,10,3,7,致和證券,2023-04-20,7030
2457,飛宏,11,4,7,致和證券,2023-04-20,7030
4119,旭富,7,0,7,致和證券,2023-04-20,7030
6589,台康生技,7,0,7,致和證券,2023-04-20,7030
00713,元大台灣高息低波,7,0,7,致和證券,2023-04-20,7030
1809,中釉,6,0,6,致和證券,2023-04-20,7030
2618,長榮航,6,0,6,致和證券,2023-04-20,7030
4566,時碩工業,6,0,6,致和證券,2023-04-20,7030
5425,台半,6,0,6,致和證券,2023-04-20,7030
6244,茂迪,52,46,6,致和證券,2023-04-20,7030
00893,國泰智能電動車,5,0,5,致和證券,2023-04-20,7030
2314,台揚,16,11,5,致和證券,2023-04-20,7030
2017,官田鋼,31,0,31,致和證券,2023-04-21,7030
00878,國泰永續高股息,25,2,23,致和證券,2023-04-21,7030
2027,大成鋼,22,0,22,致和證券,2023-04-21,7030
6712,長聖,20,0,20,致和證券,2023-04-21,7030
1314,中石化,70,51,19,致和證券,2023-04-21,7030
6443,元晶,18,0,18,致和證券,2023-04-21,7030
6244,茂迪,48,32,16,致和證券,2023-04-21,7030
6411,晶焱,16,0,16,致和證券,2023-04-21,7030
3050,鈺德,15,0,15,致和證券,2023-04-21,7030
3714,富采,16,2,14,致和證券,2023-04-21,7030
5011,久陽,13,0,13,致和證券,2023-04-21,7030
2023,燁輝,13,0,13,致和證券,2023-04-21,7030
1711,永光,14,2,12,致和證券,2023-04-21,7030
2886,兆豐金,10,0,10,致和證券,2023-04-21,7030
3036,文曄,10,0,10,致和證券,2023-04-21,7030
3576,聯合再生,11,1,10,致和證券,2023-04-21,7030
6288,聯嘉,10,0,10,致和證券,2023-04-21,7030
2482,連宇,9,0,9,致和證券,2023-04-21,7030
1785,光洋科,9,0,9,致和證券,2023-04-21,7030
2610,華航,10,1,9,致和證券,2023-04-21,7030
3041,揚智,9,0,9,致和證券,2023-04-21,7030
2002,中鋼,16,7,9,致和證券,2023-04-21,7030
1504,東元,10,2,8,致和證券,2023-04-21,7030
1781,合世,8,0,8,致和證券,2023-04-21,7030
3673,TPK-KY,8,0,8,致和證券,2023-04-21,7030
4119,旭富,8,0,8,致和證券,2023-04-21,7030
6182,合晶,8,0,8,致和證券,2023-04-21,7030
1734,杏輝,9,2,7,致和證券,2023-04-21,7030
2312,金寶,7,0,7,致和證券,2023-04-21,7030
2337,旺宏,16,9,7,致和證券,2023-04-21,7030
2913,農林,8,1,7,致和證券,2023-04-21,7030
5469,瀚宇博,7,0,7,致和證券,2023-04-21,7030
6176,瑞儀,7,0,7,致和證券,2023-04-21,7030
1611,中電,6,0,6,致和證券,2023-04-21,7030
1907,永豐餘,6,0,6,致和證券,2023-04-21,7030
2303,聯電,23,17,6,致和證券,2023-04-21,7030
2630,亞航,6,0,6,致和證券,2023-04-21,7030
3260,威剛,8,2,6,致和證券,2023-04-21,7030
4173,久裕,6,0,6,致和證券,2023-04-21,7030
5243,乙盛-KY,7,1,6,致和證券,2023-04-21,7030
6163,華電網,6,0,6,致和證券,2023-04-21,7030
6205,詮欣,6,0,6,致和證券,2023-04-21,7030
6531,愛普*,6,0,6,致和證券,2023-04-21,7030
6616,特昇-KY,6,0,6,致和證券,2023-04-21,7030
6669,緯穎,6,0,6,致和證券,2023-04-21,7030
8086,宏捷科,6,0,6,致和證券,2023-04-21,7030
8937,合騏,6,0,6,致和證券,2023-04-21,7030
2015,豐興,5,0,5,致和證券,2023-04-21,7030
2314,台揚,8,3,5,致和證券,2023-04-21,7030
2344,華邦電,8,3,5,致和證券,2023-04-21,7030
2303,聯電,46,4,42,致和證券,2023-04-24,7030
1810,和成,34,0,34,致和證券,2023-04-24,7030
2614,東森,30,0,30,致和證券,2023-04-24,7030
2313,華通,56,31,25,致和證券,2023-04-24,7030
2027,大成鋼,23,5,18,致和證券,2023-04-24,7030
3035,智原,22,6,16,致和證券,2023-04-24,7030
3545,敦泰,16,0,16,致和證券,2023-04-24,7030
5425,台半,16,0,16,致和證券,2023-04-24,7030
2855,統一證,15,0,15,致和證券,2023-04-24,7030
2356,英業達,20,7,13,致和證券,2023-04-24,7030
5206,坤悅,13,0,13,致和證券,2023-04-24,7030
5864,致和證,13,0,13,致和證券,2023-04-24,7030
2453,凌群,14,3,11,致和證券,2023-04-24,7030
2543,皇昌,16,5,11,致和證券,2023-04-24,7030
3006,晶豪科,11,0,11,致和證券,2023-04-24,7030
00673R,期元大S＆P原油反1,10,0,10,致和證券,2023-04-24,7030
2002,中鋼,15,5,10,致和證券,2023-04-24,7030
2030,彰源,10,0,10,致和證券,2023-04-24,7030
2352,佳世達,10,0,10,致和證券,2023-04-24,7030
2601,益航,10,0,10,致和證券,2023-04-24,7030
2615,萬海,10,0,10,致和證券,2023-04-24,7030
2618,長榮航,10,0,10,致和證券,2023-04-24,7030
3013,晟銘電,10,0,10,致和證券,2023-04-24,7030
2634,漢翔,42,32,10,致和證券,2023-04-24,7030
2312,金寶,10,1,9,致和證券,2023-04-24,7030
1310,台苯,12,4,8,致和證券,2023-04-24,7030
00712,復華富時不動產,7,0,7,致和證券,2023-04-24,7030
1905,華紙,12,5,7,致和證券,2023-04-24,7030
5483,中美晶,7,0,7,致和證券,2023-04-24,7030
2886,兆豐金,6,0,6,致和證券,2023-04-24,7030
3711,日月光投控,6,0,6,致和證券,2023-04-24,7030
2015,豐興,5,0,5,致和證券,2023-04-24,7030
2913,農林,10,5,5,致和證券,2023-04-24,7030
3228,金麗科,5,0,5,致和證券,2023-04-24,7030
3260,威剛,5,0,5,致和證券,2023-04-24,7030
4541,晟田,5,0,5,致和證券,2023-04-24,7030
8091,翔名,5,0,5,致和證券,2023-04-24,7030
2330,台積電,14,10,4,致和證券,2023-04-24,7030
1522,堤維西,5,1,4,致和證券,2023-04-24,7030
1514,亞力,24,20,4,致和證券,2023-04-24,7030
1504,東元,9,5,4,致和證券,2023-04-24,7030
00633L,富邦上証正2,4,0,4,致和證券,2023-04-24,7030
2353,宏��,4,0,4,致和證券,2023-04-24,7030
2801,彰銀,4,0,4,致和證券,2023-04-24,7030
3413,京鼎,4,0,4,致和證券,2023-04-24,7030
5347,世界,4,0,4,致和證券,2023-04-24,7030
6488,環球晶,4,0,4,致和證券,2023-04-24,7030
1785,光洋科,3,0,3,致和證券,2023-04-24,7030
2014,中鴻,3,0,3,致和證券,2023-04-24,7030
3535,晶彩科,3,0,3,致和證券,2023-04-24,7030
5880,合庫金,60,1,59,致和證券,2023-04-25,7030
00878,國泰永續高股息,41,2,39,致和證券,2023-04-25,7030
2303,聯電,38,6,32,致和證券,2023-04-25,7030
2610,華航,34,3,31,致和證券,2023-04-25,7030
2358,廷鑫,30,0,30,致和證券,2023-04-25,7030
00753L,中信中國50正2,25,0,25,致和證券,2023-04-25,7030
0056,元大高股息,30,6,24,致和證券,2023-04-25,7030
5425,台半,22,1,21,致和證券,2023-04-25,7030
1101,台泥,23,3,20,致和證券,2023-04-25,7030
2455,全新,21,1,20,致和證券,2023-04-25,7030
4977,眾達-KY,20,0,20,致和證券,2023-04-25,7030
2002,中鋼,25,5,20,致和證券,2023-04-25,7030
1721,三晃,23,6,17,致和證券,2023-04-25,7030
8105,凌巨,16,0,16,致和證券,2023-04-25,7030
3062,建漢,15,0,15,致和證券,2023-04-25,7030
3022,威強電,14,0,14,致和證券,2023-04-25,7030
2017,官田鋼,19,6,13,致和證券,2023-04-25,7030
2337,旺宏,39,26,13,致和證券,2023-04-25,7030
2498,宏達電,14,2,12,致和證券,2023-04-25,7030
3707,漢磊,12,0,12,致和證券,2023-04-25,7030
2601,益航,11,0,11,致和證券,2023-04-25,7030
6163,華電網,11,0,11,致和證券,2023-04-25,7030
1603,華電,10,0,10,致和證券,2023-04-25,7030
1312,國喬,20,10,10,致和證券,2023-04-25,7030
00919,群益台灣精選高息,10,0,10,致和證券,2023-04-25,7030
2009,第一銅,10,0,10,致和證券,2023-04-25,7030
3231,緯創,13,3,10,致和證券,2023-04-25,7030
3260,威剛,11,1,10,致和證券,2023-04-25,7030
5488,松普,10,0,10,致和證券,2023-04-25,7030
6531,愛普*,12,3,9,致和證券,2023-04-25,7030
00713,元大台灣高息低波,9,0,9,致和證券,2023-04-25,7030
3032,偉訓,10,1,9,致和證券,2023-04-25,7030
4541,晟田,12,3,9,致和證券,2023-04-25,7030
1904,正隆,14,6,8,致和證券,2023-04-25,7030
3704,合勤控,7,0,7,致和證券,2023-04-25,7030
6269,台郡,7,0,7,致和證券,2023-04-25,7030
1503,士電,11,5,6,致和證券,2023-04-25,7030
1786,科妍,6,0,6,致和證券,2023-04-25,7030
2027,大成鋼,6,0,6,致和證券,2023-04-25,7030
2314,台揚,6,0,6,致和證券,2023-04-25,7030
2449,京元電子,6,0,6,致和證券,2023-04-25,7030
2867,三商壽,6,0,6,致和證券,2023-04-25,7030
3035,智原,6,0,6,致和證券,2023-04-25,7030
5234,達興材料,6,0,6,致和證券,2023-04-25,7030
5426,振發,6,0,6,致和證券,2023-04-25,7030
6443,元晶,7,1,6,致和證券,2023-04-25,7030
8038,長園科,6,0,6,致和證券,2023-04-25,7030
2454,聯發科,6,0,6,致和證券,2023-04-25,7030
2206,三陽工業,7,2,5,致和證券,2023-04-25,7030
00673R,期元大S＆P原油反1,5,0,5,致和證券,2023-04-25,7030
8354,冠好,140,0,140,致和證券,2023-04-26,7030
2027,大成鋼,29,5,24,致和證券,2023-04-26,7030
1340,勝悅-KY,20,0,20,致和證券,2023-04-26,7030
00632R,元大台灣50反1,20,0,20,致和證券,2023-04-26,7030
00712,復華富時不動產,11,0,11,致和證券,2023-04-26,7030
00885,富邦越南,10,0,10,致和證券,2023-04-26,7030
3260,威剛,10,0,10,致和證券,2023-04-26,7030
3686,達能,10,0,10,致和證券,2023-04-26,7030
6226,光鼎,10,0,10,致和證券,2023-04-26,7030
8421,旭源,10,0,10,致和證券,2023-04-26,7030
9944,新麗,10,0,10,致和證券,2023-04-26,7030
2017,官田鋼,9,0,9,致和證券,2023-04-26,7030
3532,台勝科,10,1,9,致和證券,2023-04-26,7030
4119,旭富,9,0,9,致和證券,2023-04-26,7030
4111,濟生,8,0,8,致和證券,2023-04-26,7030
8093,保銳,8,0,8,致和證券,2023-04-26,7030
4526,東台,7,0,7,致和證券,2023-04-26,7030
6712,長聖,7,0,7,致和證券,2023-04-26,7030
0050,元大台灣50,6,0,6,致和證券,2023-04-26,7030
2603,長榮,6,0,6,致和證券,2023-04-26,7030
3006,晶豪科,6,0,6,致和證券,2023-04-26,7030
3264,欣銓,6,0,6,致和證券,2023-04-26,7030
1471,首利,5,0,5,致和證券,2023-04-26,7030
2002,中鋼,15,10,5,致和證券,2023-04-26,7030
2471,資通,21,16,5,致和證券,2023-04-26,7030
4967,十銓,5,0,5,致和證券,2023-04-26,7030
5432,新門,5,0,5,致和證券,2023-04-26,7030
5880,合庫金,5,0,5,致和證券,2023-04-26,7030
6271,同欣電,5,0,5,致和證券,2023-04-26,7030
6461,益得,5,0,5,致和證券,2023-04-26,7030
2610,華航,4,0,4,致和證券,2023-04-26,7030
3035,智原,15,11,4,致和證券,2023-04-26,7030
3062,建漢,4,0,4,致和證券,2023-04-26,7030
6770,力積電,4,0,4,致和證券,2023-04-26,7030
8429,金麗-KY,4,0,4,致和證券,2023-04-26,7030
1513,中興電,3,0,3,致和證券,2023-04-26,7030
1310,台苯,3,0,3,致和證券,2023-04-26,7030
1464,得力,3,0,3,致和證券,2023-04-26,7030
2481,強茂,3,0,3,致和證券,2023-04-26,7030
3051,力特,3,0,3,致和證券,2023-04-26,7030
4968,立積,3,0,3,致和證券,2023-04-26,7030
5438,東友,5,2,3,致和證券,2023-04-26,7030
6244,茂迪,3,0,3,致和證券,2023-04-26,7030
2308,台達電,3,1,2,致和證券,2023-04-26,7030
1711,永光,16,14,2,致和證券,2023-04-26,7030
1529,樂事綠能,2,0,2,致和證券,2023-04-26,7030
1519,華城,2,0,2,致和證券,2023-04-26,7030
00715L,期街口布蘭特正2,2,0,2,致和證券,2023-04-26,7030
00891,中信關鍵半導體,2,0,2,致和證券,2023-04-26,7030
00902,中信電池及儲能,2,0,2,致和證券,2023-04-26,7030
6116,彩晶,293,1,292,致和證券,2023-04-27,7030
1721,三晃,97,65,32,致和證券,2023-04-27,7030
2634,漢翔,52,26,26,致和證券,2023-04-27,7030
2002,中鋼,37,12,25,致和證券,2023-04-27,7030
00715L,期街口布蘭特正2,23,0,23,致和證券,2023-04-27,7030
2609,陽明,23,1,22,致和證券,2023-04-27,7030
1802,台玻,20,0,20,致和證券,2023-04-27,7030
2428,興勤,20,0,20,致和證券,2023-04-27,7030
1905,華紙,24,5,19,致和證券,2023-04-27,7030
3265,台星科,26,11,15,致和證券,2023-04-27,7030
1709,和益,12,1,11,致和證券,2023-04-27,7030
2429,銘旺科,10,0,10,致和證券,2023-04-27,7030
2610,華航,12,2,10,致和證券,2023-04-27,7030
3038,全台,10,0,10,致和證券,2023-04-27,7030
6461,益得,10,0,10,致和證券,2023-04-27,7030
1533,車王電,9,1,8,致和證券,2023-04-27,7030
3071,協禧,7,0,7,致和證券,2023-04-27,7030
2312,金寶,7,1,6,致和證券,2023-04-27,7030
6282,康舒,6,0,6,致和證券,2023-04-27,7030
6712,長聖,6,0,6,致和證券,2023-04-27,7030
00712,復華富時不動產,5,0,5,致和證券,2023-04-27,7030
1717,長興,7,2,5,致和證券,2023-04-27,7030
1312,國喬,5,0,5,致和證券,2023-04-27,7030
1102,亞泥,7,2,5,致和證券,2023-04-27,7030
1810,和成,5,0,5,致和證券,2023-04-27,7030
2015,豐興,5,0,5,致和證券,2023-04-27,7030
2303,聯電,13,8,5,致和證券,2023-04-27,7030
2344,華邦電,8,3,5,致和證券,2023-04-27,7030
2349,錸德,5,0,5,致和證券,2023-04-27,7030
3057,喬鼎,5,0,5,致和證券,2023-04-27,7030
3512,皇龍,5,0,5,致和證券,2023-04-27,7030
5009,榮剛,16,11,5,致和證券,2023-04-27,7030
5608,四維航,5,0,5,致和證券,2023-04-27,7030
1101,台泥,5,1,4,致和證券,2023-04-27,7030
1514,亞力,5,1,4,致和證券,2023-04-27,7030
2402,毅嘉,4,0,4,致和證券,2023-04-27,7030
2471,資通,32,28,4,致和證券,2023-04-27,7030
2630,亞航,4,0,4,致和證券,2023-04-27,7030
5206,坤悅,4,0,4,致和證券,2023-04-27,7030
8222,寶一,4,0,4,致和證券,2023-04-27,7030
1471,首利,3,0,3,致和證券,2023-04-27,7030
1515,力山,3,0,3,致和證券,2023-04-27,7030
2017,官田鋼,15,12,3,致和證券,2023-04-27,7030
2351,順德,3,0,3,致和證券,2023-04-27,7030
2356,英業達,3,0,3,致和證券,2023-04-27,7030
2706,第一店,3,0,3,致和證券,2023-04-27,7030
2890,永豐金,3,0,3,致和證券,2023-04-27,7030
3050,鈺德,3,0,3,致和證券,2023-04-27,7030
4173,久裕,3,0,3,致和證券,2023-04-27,7030
4566,時碩工業,4,1,3,致和證券,2023-04-27,7030
2880,華南金,119,8,111,致和證券,2023-04-28,7030
5864,致和證,62,1,61,致和證券,2023-04-28,7030
2409,友達,76,21,55,致和證券,2023-04-28,7030
3038,全台,50,0,50,致和證券,2023-04-28,7030
6285,啟��,50,0,50,致和證券,2023-04-28,7030
1514,亞力,40,6,34,致和證券,2023-04-28,7030
00715L,期街口布蘭特正2,19,0,19,致和證券,2023-04-28,7030
1101,台泥,23,5,18,致和證券,2023-04-28,7030
6266,泰詠,16,2,14,致和證券,2023-04-28,7030
2002,中鋼,12,0,12,致和證券,2023-04-28,7030
2534,宏盛,12,0,12,致和證券,2023-04-28,7030
0056,元大高股息,11,0,11,致和證券,2023-04-28,7030
3481,群創,11,0,11,致和證券,2023-04-28,7030
2344,華邦電,17,6,11,致和證券,2023-04-28,7030
6213,聯茂,11,0,11,致和證券,2023-04-28,7030
1727,中華化,10,0,10,致和證券,2023-04-28,7030
00878,國泰永續高股息,10,0,10,致和證券,2023-04-28,7030
00902,中信電池及儲能,10,0,10,致和證券,2023-04-28,7030
2022,聚亨,11,1,10,致和證券,2023-04-28,7030
2337,旺宏,14,4,10,致和證券,2023-04-28,7030
6270,倍微,10,0,10,致和證券,2023-04-28,7030
6488,環球晶,10,0,10,致和證券,2023-04-28,7030
3034,聯詠,10,1,9,致和證券,2023-04-28,7030
2208,台船,9,0,9,致和證券,2023-04-28,7030
3532,台勝科,7,0,7,致和證券,2023-04-28,7030
5206,坤悅,7,0,7,致和證券,2023-04-28,7030
2612,中航,6,0,6,致和證券,2023-04-28,7030
3090,日電貿,6,0,6,致和證券,2023-04-28,7030
3105,穩懋,6,1,5,致和證券,2023-04-28,7030
00900,富邦特選高股息30,5,0,5,致和證券,2023-04-28,7030
1102,亞泥,5,0,5,致和證券,2023-04-28,7030
1312,國喬,10,5,5,致和證券,2023-04-28,7030
2461,光群雷,5,0,5,致和證券,2023-04-28,7030
2607,榮運,5,0,5,致和證券,2023-04-28,7030
3057,喬鼎,5,0,5,致和證券,2023-04-28,7030
3059,華晶科,5,0,5,致和證券,2023-04-28,7030
3419,譁裕,10,5,5,致和證券,2023-04-28,7030
4707,磐亞,5,0,5,致和證券,2023-04-28,7030
8933,愛地雅,5,0,5,致和證券,2023-04-28,7030
8936,國統,25,20,5,致和證券,2023-04-28,7030
1504,東元,4,0,4,致和證券,2023-04-28,7030
2885,元大金,5,1,4,致和證券,2023-04-28,7030
4171,瑞基,5,1,4,致和證券,2023-04-28,7030
4706,大恭,4,0,4,致和證券,2023-04-28,7030
8088,品安,4,0,4,致和證券,2023-04-28,7030
1529,樂事綠能,3,0,3,致和證券,2023-04-28,7030
2356,英業達,3,0,3,致和證券,2023-04-28,7030
3004,豐達科,3,0,3,致和證券,2023-04-28,7030
3011,今皓,3,0,3,致和證券,2023-04-28,7030
3035,智原,3,0,3,致和證券,2023-04-28,7030
6116,彩晶,200,10,190,致和證券,2023-05-02,7030
6285,啟��,60,2,58,致和證券,2023-05-02,7030
2362,藍天,50,0,50,致和證券,2023-05-02,7030
2886,兆豐金,50,0,50,致和證券,2023-05-02,7030
1802,台玻,40,0,40,致和證券,2023-05-02,7030
3037,欣興,49,10,39,致和證券,2023-05-02,7030
2471,資通,46,10,36,致和證券,2023-05-02,7030
2603,長榮,32,1,31,致和證券,2023-05-02,7030
6190,萬泰科,25,3,22,致和證券,2023-05-02,7030
6182,合晶,20,0,20,致和證券,2023-05-02,7030
2344,華邦電,27,14,13,致和證券,2023-05-02,7030
3615,安可,12,0,12,致和證券,2023-05-02,7030
6405,悅城,12,0,12,致和證券,2023-05-02,7030
1340,勝悅-KY,10,0,10,致和證券,2023-05-02,7030
00900,富邦特選高股息30,10,0,10,致和證券,2023-05-02,7030
00673R,期元大S＆P原油反1,10,0,10,致和證券,2023-05-02,7030
00720B,元大投資級公司債,10,0,10,致和證券,2023-05-02,7030
3058,立德,10,0,10,致和證券,2023-05-02,7030
3325,旭品,10,0,10,致和證券,2023-05-02,7030
3532,台勝科,10,0,10,致和證券,2023-05-02,7030
4706,大恭,10,0,10,致和證券,2023-05-02,7030
6148,驊宏資,15,5,10,致和證券,2023-05-02,7030
6218,豪勉,10,0,10,致和證券,2023-05-02,7030
6244,茂迪,15,5,10,致和證券,2023-05-02,7030
8121,越峰,12,2,10,致和證券,2023-05-02,7030
8429,金麗-KY,10,0,10,致和證券,2023-05-02,7030
9946,三發地產,10,0,10,致和證券,2023-05-02,7030
00715L,期街口布蘭特正2,8,0,8,致和證券,2023-05-02,7030
3005,神基,8,0,8,致和證券,2023-05-02,7030
4121,優盛,75,67,8,致和證券,2023-05-02,7030
4198,欣大健康,8,0,8,致和證券,2023-05-02,7030
1101,台泥,34,26,8,致和證券,2023-05-02,7030
1513,中興電,11,4,7,致和證券,2023-05-02,7030
1316,上曜,7,0,7,致和證券,2023-05-02,7030
3032,偉訓,7,0,7,致和證券,2023-05-02,7030
1529,樂事綠能,7,1,6,致和證券,2023-05-02,7030
2314,台揚,6,0,6,致和證券,2023-05-02,7030
3265,台星科,6,0,6,致和證券,2023-05-02,7030
4510,高鋒,6,0,6,致和證券,2023-05-02,7030
6509,聚和,6,0,6,致和證券,2023-05-02,7030
8409,商之器,6,0,6,致和證券,2023-05-02,7030
1717,長興,5,0,5,致和證券,2023-05-02,7030
1734,杏輝,5,0,5,致和證券,2023-05-02,7030
2015,豐興,5,0,5,致和證券,2023-05-02,7030
2888,新光金,5,0,5,致和證券,2023-05-02,7030
3338,泰碩,5,0,5,致和證券,2023-05-02,7030
3669,圓展,5,0,5,致和證券,2023-05-02,7030
4906,正文,5,0,5,致和證券,2023-05-02,7030
6461,益得,5,0,5,致和證券,2023-05-02,7030
6527,明達醫,5,0,5,致和證券,2023-05-02,7030
6167,久正,38,2,36,致和證券,2023-05-03,7030
3032,偉訓,32,1,31,致和證券,2023-05-03,7030
1608,華榮,30,0,30,致和證券,2023-05-03,7030
00878,國泰永續高股息,30,0,30,致和證券,2023-05-03,7030
1101,台泥,31,1,30,致和證券,2023-05-03,7030
3481,群創,31,2,29,致和證券,2023-05-03,7030
00715L,期街口布蘭特正2,28,0,28,致和證券,2023-05-03,7030
2402,毅嘉,25,0,25,致和證券,2023-05-03,7030
2882,國泰金,22,0,22,致和證券,2023-05-03,7030
00712,復華富時不動產,22,0,22,致和證券,2023-05-03,7030
2820,華票,20,0,20,致和證券,2023-05-03,7030
3673,TPK-KY,20,0,20,致和證券,2023-05-03,7030
2609,陽明,18,0,18,致和證券,2023-05-03,7030
3338,泰碩,21,3,18,致和證券,2023-05-03,7030
00753L,中信中國50正2,17,0,17,致和證券,2023-05-03,7030
1104,環泥,15,1,14,致和證券,2023-05-03,7030
3252,海灣,14,0,14,致和證券,2023-05-03,7030
2603,長榮,15,2,13,致和證券,2023-05-03,7030
3363,上詮,11,0,11,致和證券,2023-05-03,7030
5864,致和證,11,0,11,致和證券,2023-05-03,7030
1312,國喬,15,5,10,致和證券,2023-05-03,7030
00690,兆豐藍籌30,10,0,10,致和證券,2023-05-03,7030
1781,合世,10,0,10,致和證券,2023-05-03,7030
2359,所羅門,10,0,10,致和證券,2023-05-03,7030
2834,臺企銀,10,0,10,致和證券,2023-05-03,7030
6669,緯穎,10,0,10,致和證券,2023-05-03,7030
3029,零壹,8,0,8,致和證券,2023-05-03,7030
6282,康舒,18,10,8,致和證券,2023-05-03,7030
6148,驊宏資,35,28,7,致和證券,2023-05-03,7030
1734,杏輝,12,6,6,致和證券,2023-05-03,7030
1815,富喬,6,0,6,致和證券,2023-05-03,7030
2337,旺宏,15,9,6,致和證券,2023-05-03,7030
3712,永崴投控,9,3,6,致和證券,2023-05-03,7030
6229,研通,6,0,6,致和證券,2023-05-03,7030
6461,益得,6,0,6,致和證券,2023-05-03,7030
1711,永光,5,0,5,致和證券,2023-05-03,7030
00713,元大台灣高息低波,5,0,5,致和證券,2023-05-03,7030
2317,鴻海,5,0,5,致和證券,2023-05-03,7030
3265,台星科,10,5,5,致和證券,2023-05-03,7030
6160,欣技,5,0,5,致和證券,2023-05-03,7030
6578,達邦蛋白,5,0,5,致和證券,2023-05-03,7030
6770,力積電,5,0,5,致和證券,2023-05-03,7030
6841,長佳智能,5,0,5,致和證券,2023-05-03,7030
1522,堤維西,5,1,4,致和證券,2023-05-03,7030
1338,廣華-KY,4,0,4,致和證券,2023-05-03,7030
3006,晶豪科,4,0,4,致和證券,2023-05-03,7030
3054,立萬利,4,0,4,致和證券,2023-05-03,7030
3115,富榮綱,4,0,4,致和證券,2023-05-03,7030
6405,悅城,4,0,4,致和證券,2023-05-03,7030
6689,伊雲谷,6,2,4,致和證券,2023-05-03,7030
1310,台苯,50,0,50,致和證券,2023-05-04,7030
4953,緯軟,50,0,50,致和證券,2023-05-04,7030
2618,長榮航,50,2,48,致和證券,2023-05-04,7030
00715L,期街口布蘭特正2,35,0,35,致和證券,2023-05-04,7030
00878,國泰永續高股息,26,0,26,致和證券,2023-05-04,7030
1104,環泥,26,1,25,致和證券,2023-05-04,7030
6160,欣技,55,31,24,致和證券,2023-05-04,7030
4121,優盛,91,70,21,致和證券,2023-05-04,7030
2515,中工,20,0,20,致和證券,2023-05-04,7030
2601,益航,20,0,20,致和證券,2023-05-04,7030
1314,中石化,20,2,18,致和證券,2023-05-04,7030
8085,福華,31,15,16,致和證券,2023-05-04,7030
1710,東聯,15,0,15,致和證券,2023-05-04,7030
1514,亞力,17,2,15,致和證券,2023-05-04,7030
6669,緯穎,14,0,14,致和證券,2023-05-04,7030
00900,富邦特選高股息30,10,0,10,致和證券,2023-05-04,7030
1906,寶隆,10,0,10,致和證券,2023-05-04,7030
2017,官田鋼,10,0,10,致和證券,2023-05-04,7030
2201,裕隆,10,0,10,致和證券,2023-05-04,7030
2352,佳世達,10,0,10,致和證券,2023-05-04,7030
2353,宏��,11,1,10,致和證券,2023-05-04,7030
2617,台航,10,0,10,致和證券,2023-05-04,7030
2880,華南金,10,0,10,致和證券,2023-05-04,7030
3202,樺晟,10,0,10,致和證券,2023-05-04,7030
3682,亞太電,10,0,10,致和證券,2023-05-04,7030
5425,台半,20,10,10,致和證券,2023-05-04,7030
5864,致和證,10,0,10,致和證券,2023-05-04,7030
8110,華東,10,0,10,致和證券,2023-05-04,7030
1802,台玻,10,1,9,致和證券,2023-05-04,7030
00712,復華富時不動產,8,0,8,致和證券,2023-05-04,7030
2023,燁輝,8,0,8,致和證券,2023-05-04,7030
2206,三陽工業,34,26,8,致和證券,2023-05-04,7030
3419,譁裕,18,10,8,致和證券,2023-05-04,7030
4541,晟田,8,0,8,致和證券,2023-05-04,7030
6229,研通,8,0,8,致和證券,2023-05-04,7030
2002,中鋼,13,5,8,致和證券,2023-05-04,7030
1229,聯華,7,0,7,致和證券,2023-05-04,7030
2107,厚生,6,0,6,致和證券,2023-05-04,7030
4706,大恭,6,0,6,致和證券,2023-05-04,7030
6163,華電網,6,0,6,致和證券,2023-05-04,7030
4198,欣大健康,6,0,6,致和證券,2023-05-04,7030
2454,聯發科,6,1,5,致和證券,2023-05-04,7030
2603,長榮,5,0,5,致和證券,2023-05-04,7030
1603,華電,5,0,5,致和證券,2023-05-04,7030
1781,合世,8,3,5,致和證券,2023-05-04,7030
2630,亞航,5,0,5,致和證券,2023-05-04,7030
2634,漢翔,6,1,5,致和證券,2023-05-04,7030
2888,新光金,40,35,5,致和證券,2023-05-04,7030
3005,神基,5,0,5,致和證券,2023-05-04,7030
6140,訊達,5,0,5,致和證券,2023-05-04,7030
6244,茂迪,50,4,46,致和證券,2023-05-05,7030
2353,宏��,44,0,44,致和證券,2023-05-05,7030
3545,敦泰,30,0,30,致和證券,2023-05-05,7030
1609,大亞,65,41,24,致和證券,2023-05-05,7030
4168,醣聯,21,0,21,致和證券,2023-05-05,7030
6669,緯穎,20,0,20,致和證券,2023-05-05,7030
5864,致和證,23,4,19,致和證券,2023-05-05,7030
00712,復華富時不動產,16,0,16,致和證券,2023-05-05,7030
8215,明基材,16,0,16,致和證券,2023-05-05,7030
1905,華紙,18,3,15,致和證券,2023-05-05,7030
1504,東元,18,3,15,致和證券,2023-05-05,7030
00715L,期街口布蘭特正2,14,0,14,致和證券,2023-05-05,7030
2609,陽明,14,1,13,致和證券,2023-05-05,7030
2002,中鋼,18,5,13,致和證券,2023-05-05,7030
2314,台揚,17,6,11,致和證券,2023-05-05,7030
2495,普安,11,0,11,致和證券,2023-05-05,7030
6592,和潤企業,12,1,11,致和證券,2023-05-05,7030
4111,濟生,10,0,10,致和證券,2023-05-05,7030
1906,寶隆,10,0,10,致和證券,2023-05-05,7030
8163,達方,10,0,10,致和證券,2023-05-05,7030
6163,華電網,10,1,9,致和證券,2023-05-05,7030
8121,越峰,9,0,9,致和證券,2023-05-05,7030
1802,台玻,20,12,8,致和證券,2023-05-05,7030
6188,廣明,10,2,8,致和證券,2023-05-05,7030
3704,合勤控,7,0,7,致和證券,2023-05-05,7030
2615,萬海,6,0,6,致和證券,2023-05-05,7030
1731,美吾華,6,0,6,致和證券,2023-05-05,7030
1210,大成,6,0,6,致和證券,2023-05-05,7030
5243,乙盛-KY,6,0,6,致和證券,2023-05-05,7030
00642U,期元大S＆P石油,8,3,5,致和證券,2023-05-05,7030
2303,聯電,5,0,5,致和證券,2023-05-05,7030
2425,承啟,5,0,5,致和證券,2023-05-05,7030
2801,彰銀,5,0,5,致和證券,2023-05-05,7030
3441,聯一光,5,0,5,致和證券,2023-05-05,7030
3537,堡達,5,0,5,致和證券,2023-05-05,7030
4529,淳紳,5,0,5,致和證券,2023-05-05,7030
6517,保勝光學,5,0,5,致和證券,2023-05-05,7030
8222,寶一,9,4,5,致和證券,2023-05-05,7030
0056,元大高股息,4,0,4,致和證券,2023-05-05,7030
2105,正新,4,0,4,致和證券,2023-05-05,7030
2755,揚秦,4,0,4,致和證券,2023-05-05,7030
2883,凱基金,4,0,4,致和證券,2023-05-05,7030
5469,瀚宇博,5,1,4,致和證券,2023-05-05,7030
6179,亞通,4,0,4,致和證券,2023-05-05,7030
6191,精成科,5,1,4,致和證券,2023-05-05,7030
1513,中興電,4,1,3,致和證券,2023-05-05,7030
1605,華新,4,1,3,致和證券,2023-05-05,7030
2038,海光,3,0,3,致和證券,2023-05-05,7030
2331,精英,4,1,3,致和證券,2023-05-05,7030
2485,兆赫,3,0,3,致和證券,2023-05-05,7030
2883,凱基金,126,10,116,致和證券,2023-05-08,7030
1605,華新,111,57,54,致和證券,2023-05-08,7030
00715L,期街口布蘭特正2,50,0,50,致和證券,2023-05-08,7030
3545,敦泰,38,0,38,致和證券,2023-05-08,7030
3481,群創,35,1,34,致和證券,2023-05-08,7030
2344,華邦電,24,0,24,致和證券,2023-05-08,7030
2406,國碩,21,0,21,致和證券,2023-05-08,7030
4161,聿新科,18,0,18,致和證券,2023-05-08,7030
1319,東陽,28,12,16,致和證券,2023-05-08,7030
00712,復華富時不動產,13,0,13,致和證券,2023-05-08,7030
5426,振發,12,0,12,致和證券,2023-05-08,7030
3591,艾笛森,12,1,11,致和證券,2023-05-08,7030
2331,精英,10,0,10,致和證券,2023-05-08,7030
2471,資通,26,16,10,致和證券,2023-05-08,7030
3002,歐格,10,0,10,致和證券,2023-05-08,7030
3202,樺晟,40,30,10,致和證券,2023-05-08,7030
3419,譁裕,10,0,10,致和證券,2023-05-08,7030
1802,台玻,9,0,9,致和證券,2023-05-08,7030
1307,三芳,9,0,9,致和證券,2023-05-08,7030
3265,台星科,10,1,9,致和證券,2023-05-08,7030
3078,僑威,8,0,8,致和證券,2023-05-08,7030
6125,廣運,10,2,8,致和證券,2023-05-08,7030
2201,裕隆,8,1,7,致和證券,2023-05-08,7030
4953,緯軟,7,0,7,致和證券,2023-05-08,7030
3038,全台,6,0,6,致和證券,2023-05-08,7030
3520,華盈,6,0,6,致和證券,2023-05-08,7030
8033,雷虎,6,0,6,致和證券,2023-05-08,7030
1101,台泥,6,1,5,致和證券,2023-05-08,7030
1785,光洋科,7,2,5,致和證券,2023-05-08,7030
1326,台化,5,0,5,致和證券,2023-05-08,7030
1456,怡華,5,0,5,致和證券,2023-05-08,7030
1104,環泥,6,1,5,致和證券,2023-05-08,7030
00923,群益台ESG低碳50,5,0,5,致和證券,2023-05-08,7030
3691,碩禾,5,0,5,致和證券,2023-05-08,7030
4927,泰鼎-KY,10,5,5,致和證券,2023-05-08,7030
5315,光聯,5,0,5,致和證券,2023-05-08,7030
6026,福邦證,5,0,5,致和證券,2023-05-08,7030
6191,精成科,5,0,5,致和證券,2023-05-08,7030
8069,元太,26,21,5,致和證券,2023-05-08,7030
00878,國泰永續高股息,11,6,5,致和證券,2023-05-08,7030
3035,智原,4,0,4,致和證券,2023-05-08,7030
3058,立德,5,1,4,致和證券,2023-05-08,7030
3715,定穎投控,51,47,4,致和證券,2023-05-08,7030
6160,欣技,4,0,4,致和證券,2023-05-08,7030
6248,沛波,4,0,4,致和證券,2023-05-08,7030
8940,新天地,4,0,4,致和證券,2023-05-08,7030
2317,鴻海,3,0,3,致和證券,2023-05-08,7030
00679B,元大美債20年,3,0,3,致和證券,2023-05-08,7030
2206,三陽工業,3,0,3,致和證券,2023-05-08,7030
2408,南亞科,3,0,3,致和證券,2023-05-08,7030
3715,定穎投控,246,42,204,致和證券,2023-05-09,7030
2887,台新金,202,1,201,致和證券,2023-05-09,7030
2515,中工,56,0,56,致和證券,2023-05-09,7030
2880,華南金,50,2,48,致和證券,2023-05-09,7030
6116,彩晶,33,5,28,致和證券,2023-05-09,7030
6443,元晶,20,0,20,致和證券,2023-05-09,7030
6578,達邦蛋白,20,0,20,致和證券,2023-05-09,7030
1504,東元,29,12,17,致和證券,2023-05-09,7030
1611,中電,20,3,17,致和證券,2023-05-09,7030
3338,泰碩,19,2,17,致和證券,2023-05-09,7030
3189,景碩,16,0,16,致和證券,2023-05-09,7030
3615,安可,16,0,16,致和證券,2023-05-09,7030
4706,大恭,16,0,16,致和證券,2023-05-09,7030
3265,台星科,15,0,15,致和證券,2023-05-09,7030
1441,大東,14,0,14,致和證券,2023-05-09,7030
6244,茂迪,21,7,14,致和證券,2023-05-09,7030
1525,江申,13,0,13,致和證券,2023-05-09,7030
4119,旭富,12,0,12,致和證券,2023-05-09,7030
1338,廣華-KY,10,0,10,致和證券,2023-05-09,7030
1721,三晃,10,0,10,致和證券,2023-05-09,7030
2482,連宇,10,0,10,致和證券,2023-05-09,7030
5315,光聯,10,0,10,致和證券,2023-05-09,7030
6024,群益期,10,0,10,致和證券,2023-05-09,7030
6188,廣明,10,0,10,致和證券,2023-05-09,7030
9925,新保,10,0,10,致和證券,2023-05-09,7030
8069,元太,11,1,10,致和證券,2023-05-09,7030
1513,中興電,15,5,10,致和證券,2023-05-09,7030
1210,大成,9,0,9,致和證券,2023-05-09,7030
3481,群創,52,44,8,致和證券,2023-05-09,7030
2201,裕隆,8,0,8,致和證券,2023-05-09,7030
8210,勤誠,8,0,8,致和證券,2023-05-09,7030
1909,榮成,10,2,8,致和證券,2023-05-09,7030
2402,毅嘉,42,35,7,致和證券,2023-05-09,7030
3027,盛達,9,2,7,致和證券,2023-05-09,7030
8110,華東,7,0,7,致和證券,2023-05-09,7030
3058,立德,6,0,6,致和證券,2023-05-09,7030
8349,�矬�,6,0,6,致和證券,2023-05-09,7030
1319,東陽,5,0,5,致和證券,2023-05-09,7030
00795B,中信美國公債20年,5,0,5,致和證券,2023-05-09,7030
1440,南紡,5,0,5,致和證券,2023-05-09,7030
2002,中鋼,11,6,5,致和證券,2023-05-09,7030
2009,第一銅,5,0,5,致和證券,2023-05-09,7030
2017,官田鋼,10,5,5,致和證券,2023-05-09,7030
2634,漢翔,8,3,5,致和證券,2023-05-09,7030
3025,星通,5,0,5,致和證券,2023-05-09,7030
4566,時碩工業,5,0,5,致和證券,2023-05-09,7030
4967,十銓,5,0,5,致和證券,2023-05-09,7030
6712,長聖,5,0,5,致和證券,2023-05-09,7030
8415,大國鋼,5,0,5,致和證券,2023-05-09,7030
2882,國泰金,4,0,4,致和證券,2023-05-09,7030
2618,長榮航,135,4,131,致和證券,2023-05-10,7030
00878,國泰永續高股息,55,0,55,致和證券,2023-05-10,7030
3209,全科,41,1,40,致和證券,2023-05-10,7030
00753L,中信中國50正2,30,0,30,致和證券,2023-05-10,7030
2610,華航,25,2,23,致和證券,2023-05-10,7030
1609,大亞,102,80,22,致和證券,2023-05-10,7030
6160,欣技,42,20,22,致和證券,2023-05-10,7030
3707,漢磊,21,0,21,致和證券,2023-05-10,7030
2482,連宇,15,0,15,致和證券,2023-05-10,7030
1802,台玻,11,0,11,致和證券,2023-05-10,7030
2303,聯電,11,0,11,致和證券,2023-05-10,7030
3363,上詮,11,0,11,致和證券,2023-05-10,7030
6770,力積電,11,0,11,致和證券,2023-05-10,7030
6806,森崴能源,11,0,11,致和證券,2023-05-10,7030
2002,中鋼,11,1,10,致和證券,2023-05-10,7030
2106,建大,10,0,10,致和證券,2023-05-10,7030
2801,彰銀,10,0,10,致和證券,2023-05-10,7030
3058,立德,10,0,10,致和證券,2023-05-10,7030
6163,華電網,10,0,10,致和證券,2023-05-10,7030
00633L,富邦上証正2,9,0,9,致和證券,2023-05-10,7030
3002,歐格,17,9,8,致和證券,2023-05-10,7030
8222,寶一,10,2,8,致和證券,2023-05-10,7030
1528,恩德,7,0,7,致和證券,2023-05-10,7030
4706,大恭,7,0,7,致和證券,2023-05-10,7030
6116,彩晶,7,0,7,致和證券,2023-05-10,7030
8938,明安,10,3,7,致和證券,2023-05-10,7030
9939,宏全,6,0,6,致和證券,2023-05-10,7030
2330,台積電,6,0,6,致和證券,2023-05-10,7030
1611,中電,6,0,6,致和證券,2023-05-10,7030
1340,勝悅-KY,6,0,6,致和證券,2023-05-10,7030
3520,華盈,6,0,6,致和證券,2023-05-10,7030
6213,聯茂,6,0,6,致和證券,2023-05-10,7030
8429,金麗-KY,6,0,6,致和證券,2023-05-10,7030
00637L,元大滬深300正2,5,0,5,致和證券,2023-05-10,7030
2344,華邦電,12,7,5,致和證券,2023-05-10,7030
2356,英業達,5,0,5,致和證券,2023-05-10,7030
2387,精元,5,0,5,致和證券,2023-05-10,7030
2617,台航,15,10,5,致和證券,2023-05-10,7030
3013,晟銘電,5,0,5,致和證券,2023-05-10,7030
3059,華晶科,5,0,5,致和證券,2023-05-10,7030
6244,茂迪,7,2,5,致和證券,2023-05-10,7030
6415,矽力*-KY,5,0,5,致和證券,2023-05-10,7030
8096,擎亞,5,0,5,致和證券,2023-05-10,7030
8110,華東,5,0,5,致和證券,2023-05-10,7030
9941,裕融,5,0,5,致和證券,2023-05-10,7030
1503,士電,10,6,4,致和證券,2023-05-10,7030
1605,華新,4,0,4,致和證券,2023-05-10,7030
00690,兆豐藍籌30,4,0,4,致和證券,2023-05-10,7030
2314,台揚,6,2,4,致和證券,2023-05-10,7030
2454,聯發科,5,1,4,致和證券,2023-05-10,7030
3037,欣興,55,3,52,致和證券,2023-05-11,7030
4977,眾達-KY,36,2,34,致和證券,2023-05-11,7030
2610,華航,47,15,32,致和證券,2023-05-11,7030
2201,裕隆,30,3,27,致和證券,2023-05-11,7030
2027,大成鋼,22,0,22,致和證券,2023-05-11,7030
1608,華榮,40,20,20,致和證券,2023-05-11,7030
2515,中工,20,0,20,致和證券,2023-05-11,7030
6285,啟��,20,3,17,致和證券,2023-05-11,7030
2017,官田鋼,15,0,15,致和證券,2023-05-11,7030
1905,華紙,14,1,13,致和證券,2023-05-11,7030
2303,聯電,13,0,13,致和證券,2023-05-11,7030
2409,友達,19,7,12,致和證券,2023-05-11,7030
2609,陽明,15,3,12,致和證券,2023-05-11,7030
3050,鈺德,11,0,11,致和證券,2023-05-11,7030
1727,中華化,10,0,10,致和證券,2023-05-11,7030
1708,東鹼,10,0,10,致和證券,2023-05-11,7030
2402,毅嘉,10,0,10,致和證券,2023-05-11,7030
2801,彰銀,10,0,10,致和證券,2023-05-11,7030
3088,艾訊,10,0,10,致和證券,2023-05-11,7030
5353,台林,10,0,10,致和證券,2023-05-11,7030
8210,勤誠,9,0,9,致和證券,2023-05-11,7030
3712,永崴投控,10,2,8,致和證券,2023-05-11,7030
2313,華通,15,7,8,致和證券,2023-05-11,7030
2883,凱基金,8,0,8,致和證券,2023-05-11,7030
4526,東台,8,0,8,致和證券,2023-05-11,7030
4706,大恭,8,0,8,致和證券,2023-05-11,7030
6163,華電網,8,0,8,致和證券,2023-05-11,7030
6220,岳豐,8,0,8,致和證券,2023-05-11,7030
6770,力積電,12,4,8,致和證券,2023-05-11,7030
1503,士電,12,5,7,致和證券,2023-05-11,7030
3481,群創,6,0,6,致和證券,2023-05-11,7030
1522,堤維西,6,0,6,致和證券,2023-05-11,7030
1514,亞力,17,11,6,致和證券,2023-05-11,7030
1701,中化,6,0,6,致和證券,2023-05-11,7030
1785,光洋科,6,0,6,致和證券,2023-05-11,7030
2481,強茂,6,0,6,致和證券,2023-05-11,7030
1722,台肥,5,0,5,致和證券,2023-05-11,7030
00882,中信中國高股息,5,0,5,致和證券,2023-05-11,7030
1102,亞泥,5,0,5,致和證券,2023-05-11,7030
2015,豐興,5,0,5,致和證券,2023-05-11,7030
2359,所羅門,5,0,5,致和證券,2023-05-11,7030
2881,富邦金,5,0,5,致和證券,2023-05-11,7030
2890,永豐金,5,0,5,致和證券,2023-05-11,7030
3499,環天科,5,0,5,致和證券,2023-05-11,7030
4566,時碩工業,5,0,5,致和證券,2023-05-11,7030
5243,乙盛-KY,5,0,5,致和證券,2023-05-11,7030
6122,擎邦,5,0,5,致和證券,2023-05-11,7030
6126,信音,6,1,5,致和證券,2023-05-11,7030
6234,高僑,5,0,5,致和證券,2023-05-11,7030
6248,沛波,5,0,5,致和證券,2023-05-11,7030
2303,聯電,49,0,49,致和證券,2023-05-12,7030
4706,大恭,32,0,32,致和證券,2023-05-12,7030
1101,台泥,26,0,26,致和證券,2023-05-12,7030
2891,中信金,30,5,25,致和證券,2023-05-12,7030
2634,漢翔,27,4,23,致和證券,2023-05-12,7030
8050,廣積,30,14,16,致和證券,2023-05-12,7030
8933,愛地雅,15,0,15,致和證券,2023-05-12,7030
3058,立德,14,0,14,致和證券,2023-05-12,7030
3576,聯合再生,13,0,13,致和證券,2023-05-12,7030
2317,鴻海,16,5,11,致和證券,2023-05-12,7030
1608,華榮,11,0,11,致和證券,2023-05-12,7030
2027,大成鋼,11,0,11,致和證券,2023-05-12,7030
00878,國泰永續高股息,10,0,10,致和證券,2023-05-12,7030
2883,凱基金,10,0,10,致和證券,2023-05-12,7030
4168,醣聯,10,0,10,致和證券,2023-05-12,7030
5531,鄉林,10,0,10,致和證券,2023-05-12,7030
1742,台蠟,9,0,9,致和證券,2023-05-12,7030
1504,東元,11,3,8,致和證券,2023-05-12,7030
2881,富邦金,6,0,6,致和證券,2023-05-12,7030
6589,台康生技,7,1,6,致和證券,2023-05-12,7030
8940,新天地,6,0,6,致和證券,2023-05-12,7030
2015,豐興,5,0,5,致和證券,2023-05-12,7030
2609,陽明,9,4,5,致和證券,2023-05-12,7030
2610,華航,5,0,5,致和證券,2023-05-12,7030
2801,彰銀,5,0,5,致和證券,2023-05-12,7030
2885,元大金,5,0,5,致和證券,2023-05-12,7030
3038,全台,5,0,5,致和證券,2023-05-12,7030
6446,藥華藥,5,0,5,致和證券,2023-05-12,7030
6538,倉和,5,0,5,致和證券,2023-05-12,7030
6712,長聖,5,0,5,致和證券,2023-05-12,7030
1722,台肥,5,1,4,致和證券,2023-05-12,7030
2002,中鋼,9,5,4,致和證券,2023-05-12,7030
2342,茂矽,5,1,4,致和證券,2023-05-12,7030
2618,長榮航,26,22,4,致和證券,2023-05-12,7030
2330,台積電,3,0,3,致和證券,2023-05-12,7030
2745,五福,3,0,3,致和證券,2023-05-12,7030
2890,永豐金,3,0,3,致和證券,2023-05-12,7030
3481,群創,4,1,3,致和證券,2023-05-12,7030
3499,環天科,3,0,3,致和證券,2023-05-12,7030
3714,富采,3,0,3,致和證券,2023-05-12,7030
5351,鈺創,3,0,3,致和證券,2023-05-12,7030
8099,大世科,3,0,3,致和證券,2023-05-12,7030
2888,新光金,39,36,3,致和證券,2023-05-12,7030
4114,健喬,2,0,2,致和證券,2023-05-12,7030
00713,元大台灣高息低波,2,0,2,致和證券,2023-05-12,7030
00712,復華富時不動產,2,0,2,致和證券,2023-05-12,7030
00772B,中信高評級公司債,2,0,2,致和證券,2023-05-12,7030
1210,大成,2,0,2,致和證券,2023-05-12,7030
1104,環泥,10,8,2,致和證券,2023-05-12,7030
1231,聯華食,2,0,2,致和證券,2023-05-12,7030
6116,彩晶,150,0,150,致和證券,2023-05-15,7030
3037,欣興,53,3,50,致和證券,2023-05-15,7030
1101,台泥,32,3,29,致和證券,2023-05-15,7030
2704,國賓,20,0,20,致和證券,2023-05-15,7030
1314,中石化,20,3,17,致和證券,2023-05-15,7030
00679B,元大美債20年,16,0,16,致和證券,2023-05-15,7030
2201,裕隆,23,7,16,致和證券,2023-05-15,7030
4706,大恭,16,0,16,致和證券,2023-05-15,7030
2344,華邦電,19,4,15,致和證券,2023-05-15,7030
6163,華電網,15,0,15,致和證券,2023-05-15,7030
2303,聯電,16,2,14,致和證券,2023-05-15,7030
2543,皇昌,17,3,14,致和證券,2023-05-15,7030
6214,精誠,14,0,14,致和證券,2023-05-15,7030
1609,大亞,43,31,12,致和證券,2023-05-15,7030
2880,華南金,11,0,11,致和證券,2023-05-15,7030
8038,長園科,11,0,11,致和證券,2023-05-15,7030
00720B,元大投資級公司債,10,0,10,致和證券,2023-05-15,7030
2331,精英,12,2,10,致和證券,2023-05-15,7030
4953,緯軟,10,0,10,致和證券,2023-05-15,7030
1514,亞力,9,0,9,致和證券,2023-05-15,7030
00857B,永豐20年美公債,9,0,9,致和證券,2023-05-15,7030
2033,佳大,9,0,9,致和證券,2023-05-15,7030
5210,寶碩,8,0,8,致和證券,2023-05-15,7030
2890,永豐金,7,0,7,致和證券,2023-05-15,7030
0056,元大高股息,6,0,6,致和證券,2023-05-15,7030
3231,緯創,11,5,6,致和證券,2023-05-15,7030
4526,東台,6,0,6,致和證券,2023-05-15,7030
4566,時碩工業,6,0,6,致和證券,2023-05-15,7030
5426,振發,6,0,6,致和證券,2023-05-15,7030
6194,育富,7,1,6,致和證券,2023-05-15,7030
6229,研通,6,0,6,致和證券,2023-05-15,7030
8222,寶一,6,0,6,致和證券,2023-05-15,7030
2371,大同,18,12,6,致和證券,2023-05-15,7030
1904,正隆,5,0,5,致和證券,2023-05-15,7030
00795B,中信美國公債20年,5,0,5,致和證券,2023-05-15,7030
1522,堤維西,5,0,5,致和證券,2023-05-15,7030
1605,華新,5,0,5,致和證券,2023-05-15,7030
2349,錸德,5,0,5,致和證券,2023-05-15,7030
3325,旭品,5,0,5,致和證券,2023-05-15,7030
3441,聯一光,5,0,5,致和證券,2023-05-15,7030
3708,上緯投控,5,0,5,致和證券,2023-05-15,7030
5315,光聯,5,0,5,致和證券,2023-05-15,7030
6185,幃翔,5,0,5,致和證券,2023-05-15,7030
6443,元晶,7,2,5,致和證券,2023-05-15,7030
6446,藥華藥,5,0,5,致和證券,2023-05-15,7030
8110,華東,5,0,5,致和證券,2023-05-15,7030
3712,永崴投控,4,0,4,致和證券,2023-05-15,7030
2382,廣達,6,2,4,致和證券,2023-05-15,7030
1529,樂事綠能,5,1,4,致和證券,2023-05-15,7030
1307,三芳,4,0,4,致和證券,2023-05-15,7030
2881,富邦金,40,0,40,致和證券,2023-05-16,7030
2387,精元,36,0,36,致和證券,2023-05-16,7030
3265,台星科,26,0,26,致和證券,2023-05-16,7030
6234,高僑,32,10,22,致和證券,2023-05-16,7030
00900,富邦特選高股息30,20,0,20,致和證券,2023-05-16,7030
6712,長聖,24,5,19,致和證券,2023-05-16,7030
3149,正達,17,0,17,致和證券,2023-05-16,7030
1104,環泥,15,0,15,致和證券,2023-05-16,7030
1609,大亞,37,23,14,致和證券,2023-05-16,7030
00679B,元大美債20年,13,0,13,致和證券,2023-05-16,7030
1504,東元,12,0,12,致和證券,2023-05-16,7030
2471,資通,23,11,12,致和證券,2023-05-16,7030
6191,精成科,12,0,12,致和證券,2023-05-16,7030
1441,大東,10,0,10,致和證券,2023-05-16,7030
1503,士電,11,1,10,致和證券,2023-05-16,7030
1342,八貫,10,0,10,致和證券,2023-05-16,7030
2033,佳大,10,0,10,致和證券,2023-05-16,7030
8038,長園科,10,0,10,致和證券,2023-05-16,7030
2834,臺企銀,13,4,9,致和證券,2023-05-16,7030
3508,位速,9,0,9,致和證券,2023-05-16,7030
4908,前鼎,10,1,9,致和證券,2023-05-16,7030
8076,伍豐,25,16,9,致和證券,2023-05-16,7030
2603,長榮,8,0,8,致和證券,2023-05-16,7030
2030,彰源,8,0,8,致和證券,2023-05-16,7030
2317,鴻海,8,0,8,致和證券,2023-05-16,7030
3231,緯創,20,12,8,致和證券,2023-05-16,7030
6788,華景電,7,0,7,致和證券,2023-05-16,7030
00687B,國泰20年美債,6,0,6,致和證券,2023-05-16,7030
1513,中興電,5,0,5,致和證券,2023-05-16,7030
00712,復華富時不動產,5,0,5,致和證券,2023-05-16,7030
00632R,元大台灣50反1,5,0,5,致和證券,2023-05-16,7030
00795B,中信美國公債20年,5,0,5,致和證券,2023-05-16,7030
3038,全台,5,0,5,致和證券,2023-05-16,7030
3062,建漢,10,5,5,致和證券,2023-05-16,7030
4934,太極,5,0,5,致和證券,2023-05-16,7030
6101,寬魚國際,5,0,5,致和證券,2023-05-16,7030
3081,聯亞,4,0,4,致和證券,2023-05-16,7030
6167,久正,4,0,4,致和證券,2023-05-16,7030
8249,菱光,6,2,4,致和證券,2023-05-16,7030
00751B,元大AAA至A公司債,3,0,3,致和證券,2023-05-16,7030
00857B,永豐20年美公債,3,0,3,致和證券,2023-05-16,7030
0056,元大高股息,5,2,3,致和證券,2023-05-16,7030
2329,華泰,5,2,3,致和證券,2023-05-16,7030
2409,友達,5,2,3,致和證券,2023-05-16,7030
6140,訊達,3,0,3,致和證券,2023-05-16,7030
6142,友勁,3,0,3,致和證券,2023-05-16,7030
2734,易飛網,3,0,3,致和證券,2023-05-16,7030
1319,東陽,3,1,2,致和證券,2023-05-16,7030
1316,上曜,2,0,2,致和證券,2023-05-16,7030
00680L,元大美債20正2,2,0,2,致和證券,2023-05-16,7030
3707,漢磊,40,0,40,致和證券,2023-05-17,7030
2836,高雄銀,20,0,20,致和證券,2023-05-17,7030
2369,菱生,20,0,20,致和證券,2023-05-17,7030
2634,漢翔,25,6,19,致和證券,2023-05-17,7030
3252,海灣,16,0,16,致和證券,2023-05-17,7030
1441,大東,15,0,15,致和證券,2023-05-17,7030
2033,佳大,15,0,15,致和證券,2023-05-17,7030
3265,台星科,15,0,15,致和證券,2023-05-17,7030
8429,金麗-KY,14,0,14,致和證券,2023-05-17,7030
6191,精成科,12,0,12,致和證券,2023-05-17,7030
6285,啟��,12,0,12,致和證券,2023-05-17,7030
00751B,元大AAA至A公司債,11,0,11,致和證券,2023-05-17,7030
1711,永光,10,0,10,致和證券,2023-05-17,7030
00900,富邦特選高股息30,10,0,10,致和證券,2023-05-17,7030
1727,中華化,10,0,10,致和證券,2023-05-17,7030
1784,訊聯,12,2,10,致和證券,2023-05-17,7030
2609,陽明,10,0,10,致和證券,2023-05-17,7030
4147,中裕,10,0,10,致和證券,2023-05-17,7030
8046,南電,11,1,10,致和證券,2023-05-17,7030
8096,擎亞,10,0,10,致和證券,2023-05-17,7030
2543,皇昌,9,0,9,致和證券,2023-05-17,7030
00637L,元大滬深300正2,7,0,7,致和證券,2023-05-17,7030
3673,TPK-KY,7,0,7,致和證券,2023-05-17,7030
1608,華榮,8,2,6,致和證券,2023-05-17,7030
2025,千興,6,0,6,致和證券,2023-05-17,7030
4536,拓凱,6,0,6,致和證券,2023-05-17,7030
5469,瀚宇博,6,0,6,致和證券,2023-05-17,7030
00857B,永豐20年美公債,6,0,6,致和證券,2023-05-17,7030
00632R,元大台灣50反1,5,0,5,致和證券,2023-05-17,7030
2303,聯電,10,5,5,致和證券,2023-05-17,7030
2603,長榮,5,0,5,致和證券,2023-05-17,7030
3504,揚明光,11,6,5,致和證券,2023-05-17,7030
3691,碩禾,5,0,5,致和證券,2023-05-17,7030
00687B,國泰20年美債,4,0,4,致和證券,2023-05-17,7030
1605,華新,4,0,4,致和證券,2023-05-17,7030
2208,台船,6,2,4,致和證券,2023-05-17,7030
2887,台新金,4,0,4,致和證券,2023-05-17,7030
3019,亞光,4,0,4,致和證券,2023-05-17,7030
3362,先進光,6,2,4,致和證券,2023-05-17,7030
4974,亞泰,4,0,4,致和證券,2023-05-17,7030
5351,鈺創,4,0,4,致和證券,2023-05-17,7030
8390,金益鼎,4,0,4,致和證券,2023-05-17,7030
1609,大亞,24,21,3,致和證券,2023-05-17,7030
1721,三晃,7,4,3,致和證券,2023-05-17,7030
2402,毅嘉,4,1,3,致和證券,2023-05-17,7030
2449,京元電子,3,0,3,致和證券,2023-05-17,7030
3078,僑威,3,0,3,致和證券,2023-05-17,7030
3704,合勤控,3,0,3,致和證券,2023-05-17,7030
4306,炎洲,3,0,3,致和證券,2023-05-17,7030
4919,新唐,3,0,3,致和證券,2023-05-17,7030
2887,台新金,301,0,301,致和證券,2023-05-18,7030
00753L,中信中國50正2,40,0,40,致和證券,2023-05-18,7030
2888,新光金,31,5,26,致和證券,2023-05-18,7030
00878,國泰永續高股息,28,5,23,致和證券,2023-05-18,7030
6538,倉和,16,0,16,致和證券,2023-05-18,7030
2015,豐興,15,0,15,致和證券,2023-05-18,7030
2634,漢翔,16,2,14,致和證券,2023-05-18,7030
2498,宏達電,15,3,12,致和證券,2023-05-18,7030
2491,吉祥全,13,2,11,致和證券,2023-05-18,7030
1608,華榮,50,40,10,致和證券,2023-05-18,7030
2468,華經,10,0,10,致和證券,2023-05-18,7030
2609,陽明,11,1,10,致和證券,2023-05-18,7030
4974,亞泰,10,0,10,致和證券,2023-05-18,7030
1605,華新,20,11,9,致和證券,2023-05-18,7030
2033,佳大,9,0,9,致和證券,2023-05-18,7030
3022,威強電,11,2,9,致和證券,2023-05-18,7030
3058,立德,10,1,9,致和證券,2023-05-18,7030
8088,品安,10,1,9,致和證券,2023-05-18,7030
8930,青鋼,10,1,9,致和證券,2023-05-18,7030
2543,皇昌,15,7,8,致和證券,2023-05-18,7030
4961,天鈺,8,0,8,致和證券,2023-05-18,7030
5864,致和證,10,2,8,致和證券,2023-05-18,7030
6589,台康生技,8,0,8,致和證券,2023-05-18,7030
5351,鈺創,7,0,7,致和證券,2023-05-18,7030
00632R,元大台灣50反1,6,0,6,致和證券,2023-05-18,7030
1441,大東,6,0,6,致和證券,2023-05-18,7030
2314,台揚,6,0,6,致和證券,2023-05-18,7030
6139,亞翔,6,0,6,致和證券,2023-05-18,7030
2630,亞航,8,2,6,致和證券,2023-05-18,7030
1513,中興電,9,4,5,致和證券,2023-05-18,7030
00772B,中信高評級公司債,5,0,5,致和證券,2023-05-18,7030
00795B,中信美國公債20年,5,0,5,致和證券,2023-05-18,7030
1603,華電,5,0,5,致和證券,2023-05-18,7030
2352,佳世達,5,0,5,致和證券,2023-05-18,7030
2353,宏��,5,0,5,致和證券,2023-05-18,7030
2436,偉詮電,5,0,5,致和證券,2023-05-18,7030
2504,國產,5,0,5,致和證券,2023-05-18,7030
2838,聯邦銀,5,0,5,致和證券,2023-05-18,7030
4906,正文,6,1,5,致和證券,2023-05-18,7030
6446,藥華藥,5,0,5,致和證券,2023-05-18,7030
8222,寶一,10,5,5,致和證券,2023-05-18,7030
2323,中環,10,5,5,致和證券,2023-05-18,7030
2327,國巨,6,2,4,致和證券,2023-05-18,7030
2404,漢唐,4,0,4,致和證券,2023-05-18,7030
6220,岳豐,4,0,4,致和證券,2023-05-18,7030
2206,三陽工業,12,8,4,致和證券,2023-05-18,7030
00773B,中信優先金融債,3,0,3,致和證券,2023-05-18,7030
00751B,元大AAA至A公司債,3,0,3,致和證券,2023-05-18,7030
2409,友達,9,6,3,致和證券,2023-05-18,7030
2439,美律,3,0,3,致和證券,2023-05-18,7030
2887,台新金,100,0,100,致和證券,2023-05-19,7030
00632R,元大台灣50反1,40,0,40,致和證券,2023-05-19,7030
3022,威強電,30,0,30,致和證券,2023-05-19,7030
00753L,中信中國50正2,28,0,28,致和證券,2023-05-19,7030
1441,大東,25,0,25,致和證券,2023-05-19,7030
2014,中鴻,25,0,25,致和證券,2023-05-19,7030
1605,華新,21,1,20,致和證券,2023-05-19,7030
1905,華紙,21,1,20,致和證券,2023-05-19,7030
2834,臺企銀,20,1,19,致和證券,2023-05-19,7030
1609,大亞,27,9,18,致和證券,2023-05-19,7030
5258,虹堡,20,3,17,致和證券,2023-05-19,7030
00878,國泰永續高股息,22,6,16,致和證券,2023-05-19,7030
2303,聯電,46,31,15,致和證券,2023-05-19,7030
8076,伍豐,27,12,15,致和證券,2023-05-19,7030
3252,海灣,14,0,14,致和證券,2023-05-19,7030
2206,三陽工業,21,8,13,致和證券,2023-05-19,7030
3058,立德,23,10,13,致和證券,2023-05-19,7030
2402,毅嘉,12,0,12,致和證券,2023-05-19,7030
2603,長榮,11,0,11,致和證券,2023-05-19,7030
1101,台泥,11,1,10,致和證券,2023-05-19,7030
1312,國喬,15,5,10,致和證券,2023-05-19,7030
2015,豐興,10,0,10,致和證券,2023-05-19,7030
2457,飛宏,12,2,10,致和證券,2023-05-19,7030
2801,彰銀,10,0,10,致和證券,2023-05-19,7030
6245,立端,11,1,10,致和證券,2023-05-19,7030
6538,倉和,10,0,10,致和證券,2023-05-19,7030
9907,統一實,10,0,10,致和證券,2023-05-19,7030
8222,寶一,13,4,9,致和證券,2023-05-19,7030
1519,華城,22,14,8,致和證券,2023-05-19,7030
3029,零壹,16,8,8,致和證券,2023-05-19,7030
1514,亞力,12,5,7,致和證券,2023-05-19,7030
1513,中興電,8,1,7,致和證券,2023-05-19,7030
2427,三商電,6,0,6,致和證券,2023-05-19,7030
3576,聯合再生,36,30,6,致和證券,2023-05-19,7030
4706,大恭,6,0,6,致和證券,2023-05-19,7030
6669,緯穎,10,4,6,致和證券,2023-05-19,7030
00637L,元大滬深300正2,5,0,5,致和證券,2023-05-19,7030
1342,八貫,7,2,5,致和證券,2023-05-19,7030
1608,華榮,5,0,5,致和證券,2023-05-19,7030
2471,資通,6,1,5,致和證券,2023-05-19,7030
2480,敦陽科,5,0,5,致和證券,2023-05-19,7030
2527,宏璟,5,0,5,致和證券,2023-05-19,7030
2736,富野,6,1,5,致和證券,2023-05-19,7030
3035,智原,9,4,5,致和證券,2023-05-19,7030
3703,欣陸,5,0,5,致和證券,2023-05-19,7030
4121,優盛,5,0,5,致和證券,2023-05-19,7030
5225,東科-KY,5,0,5,致和證券,2023-05-19,7030
5324,士開,5,0,5,致和證券,2023-05-19,7030
5347,世界,5,0,5,致和證券,2023-05-19,7030
6146,耕興,5,0,5,致和證券,2023-05-19,7030
3715,定穎投控,100,0,100,致和證券,2023-05-22,7030
2323,中環,66,0,66,致和證券,2023-05-22,7030
2303,聯電,60,0,60,致和證券,2023-05-22,7030
00679B,元大美債20年,43,0,43,致和證券,2023-05-22,7030
3035,智原,31,0,31,致和證券,2023-05-22,7030
2801,彰銀,16,0,16,致和證券,2023-05-22,7030
2498,宏達電,21,5,16,致和證券,2023-05-22,7030
2308,台達電,15,0,15,致和證券,2023-05-22,7030
2427,三商電,21,6,15,致和證券,2023-05-22,7030
00878,國泰永續高股息,13,2,11,致和證券,2023-05-22,7030
2332,友訊,13,2,11,致和證券,2023-05-22,7030
3682,亞太電,11,0,11,致和證券,2023-05-22,7030
00715L,期街口布蘭特正2,10,0,10,致和證券,2023-05-22,7030
2015,豐興,10,0,10,致和證券,2023-05-22,7030
3022,威強電,10,0,10,致和證券,2023-05-22,7030
1611,中電,12,4,8,致和證券,2023-05-22,7030
2033,佳大,8,0,8,致和證券,2023-05-22,7030
8096,擎亞,8,0,8,致和證券,2023-05-22,7030
3081,聯亞,7,0,7,致和證券,2023-05-22,7030
4541,晟田,30,23,7,致和證券,2023-05-22,7030
6531,愛普*,8,1,7,致和證券,2023-05-22,7030
1441,大東,6,0,6,致和證券,2023-05-22,7030
1519,華城,16,10,6,致和證券,2023-05-22,7030
2107,厚生,6,0,6,致和證券,2023-05-22,7030
2382,廣達,6,0,6,致和證券,2023-05-22,7030
3037,欣興,10,4,6,致和證券,2023-05-22,7030
1447,力鵬,5,0,5,致和證券,2023-05-22,7030
1314,中石化,5,0,5,致和證券,2023-05-22,7030
00772B,中信高評級公司債,5,0,5,致和證券,2023-05-22,7030
00712,復華富時不動產,10,5,5,致和證券,2023-05-22,7030
1722,台肥,5,0,5,致和證券,2023-05-22,7030
2337,旺宏,20,15,5,致和證券,2023-05-22,7030
2368,金像電,7,2,5,致和證券,2023-05-22,7030
2491,吉祥全,7,2,5,致和證券,2023-05-22,7030
9946,三發地產,5,0,5,致和證券,2023-05-22,7030
1605,華新,4,0,4,致和證券,2023-05-22,7030
00713,元大台灣高息低波,4,0,4,致和證券,2023-05-22,7030
2356,英業達,4,0,4,致和證券,2023-05-22,7030
3703,欣陸,4,0,4,致和證券,2023-05-22,7030
4960,誠美材,4,0,4,致和證券,2023-05-22,7030
00857B,永豐20年美公債,4,0,4,致和證券,2023-05-22,7030
2883B,凱基金乙特,3,0,3,致和證券,2023-05-22,7030
3016,嘉晶,3,0,3,致和證券,2023-05-22,7030
3029,零壹,4,1,3,致和證券,2023-05-22,7030
3049,精金,3,0,3,致和證券,2023-05-22,7030
6169,昱泉,3,0,3,致和證券,2023-05-22,7030
6233,旺玖,6,3,3,致和證券,2023-05-22,7030
00751B,元大AAA至A公司債,2,0,2,致和證券,2023-05-22,7030
1529,樂事綠能,2,0,2,致和證券,2023-05-22,7030
00773B,中信優先金融債,2,0,2,致和證券,2023-05-22,7030
2331,精英,200,3,197,致和證券,2023-05-23,7030
00878,國泰永續高股息,38,1,37,致和證券,2023-05-23,7030
2634,漢翔,38,3,35,致和證券,2023-05-23,7030
1609,大亞,29,3,26,致和證券,2023-05-23,7030
4541,晟田,31,10,21,致和證券,2023-05-23,7030
1337,再生-KY,20,0,20,致和證券,2023-05-23,7030
2025,千興,20,0,20,致和證券,2023-05-23,7030
2206,三陽工業,16,1,15,致和證券,2023-05-23,7030
00641R,富邦日本反1,15,0,15,致和證券,2023-05-23,7030
2323,中環,25,10,15,致和證券,2023-05-23,7030
3419,譁裕,13,0,13,致和證券,2023-05-23,7030
5464,霖宏,35,23,12,致和證券,2023-05-23,7030
2313,華通,37,26,11,致和證券,2023-05-23,7030
6148,驊宏資,20,9,11,致和證券,2023-05-23,7030
8358,金居,11,0,11,致和證券,2023-05-23,7030
2332,友訊,10,0,10,致和證券,2023-05-23,7030
2801,彰銀,10,0,10,致和證券,2023-05-23,7030
2885,元大金,10,0,10,致和證券,2023-05-23,7030
2618,長榮航,18,9,9,致和證券,2023-05-23,7030
3030,德律,8,0,8,致和證券,2023-05-23,7030
3054,立萬利,8,0,8,致和證券,2023-05-23,7030
6616,特昇-KY,8,0,8,致和證券,2023-05-23,7030
5009,榮剛,17,9,8,致和證券,2023-05-23,7030
2033,佳大,7,0,7,致和證券,2023-05-23,7030
2427,三商電,12,5,7,致和證券,2023-05-23,7030
5324,士開,6,0,6,致和證券,2023-05-23,7030
6446,藥華藥,6,0,6,致和證券,2023-05-23,7030
6531,愛普*,8,2,6,致和證券,2023-05-23,7030
3481,群創,7,1,6,致和證券,2023-05-23,7030
1319,東陽,5,0,5,致和證券,2023-05-23,7030
00916,國泰全球品牌50,5,0,5,致和證券,2023-05-23,7030
1734,杏輝,5,0,5,致和證券,2023-05-23,7030
2105,正新,20,15,5,致和證券,2023-05-23,7030
2328,廣宇,7,2,5,致和證券,2023-05-23,7030
2498,宏達電,20,15,5,致和證券,2023-05-23,7030
2610,華航,12,7,5,致和證券,2023-05-23,7030
3025,星通,5,0,5,致和證券,2023-05-23,7030
3028,增你強,5,0,5,致和證券,2023-05-23,7030
3265,台星科,5,0,5,致和證券,2023-05-23,7030
4120,友華,5,0,5,致和證券,2023-05-23,7030
4510,高鋒,5,0,5,致和證券,2023-05-23,7030
4967,十銓,5,0,5,致和證券,2023-05-23,7030
5225,東科-KY,5,0,5,致和證券,2023-05-23,7030
5284,jpp-KY,5,0,5,致和證券,2023-05-23,7030
5512,力麒,5,0,5,致和證券,2023-05-23,7030
6770,力積電,5,0,5,致和證券,2023-05-23,7030
2603,長榮,4,0,4,致和證券,2023-05-23,7030
00637L,元大滬深300正2,4,0,4,致和證券,2023-05-23,7030
2543,皇昌,7,3,4,致和證券,2023-05-23,7030
3055,蔚華科,4,0,4,致和證券,2023-05-23,7030
2331,精英,201,0,201,致和證券,2023-05-24,7030
2548,華固,40,0,40,致和證券,2023-05-24,7030
2457,飛宏,53,23,30,致和證券,2023-05-24,7030
2017,官田鋼,26,0,26,致和證券,2023-05-24,7030
2812,台中銀,26,0,26,致和證券,2023-05-24,7030
00753L,中信中國50正2,25,0,25,致和證券,2023-05-24,7030
2504,國產,20,0,20,致和證券,2023-05-24,7030
2002,中鋼,23,5,18,致和證券,2023-05-24,7030
2323,中環,20,2,18,致和證券,2023-05-24,7030
2883,凱基金,21,5,16,致和證券,2023-05-24,7030
2634,漢翔,25,9,16,致和證券,2023-05-24,7030
1504,東元,14,0,14,致和證券,2023-05-24,7030
1810,和成,11,0,11,致和證券,2023-05-24,7030
3363,上詮,11,0,11,致和證券,2023-05-24,7030
00712,復華富時不動產,10,0,10,致和證券,2023-05-24,7030
2399,映泰,11,1,10,致和證券,2023-05-24,7030
5907,大洋-KY,10,0,10,致和證券,2023-05-24,7030
00679B,元大美債20年,11,3,8,致和證券,2023-05-24,7030
4541,晟田,10,2,8,致和證券,2023-05-24,7030
2033,佳大,7,0,7,致和證券,2023-05-24,7030
3706,神達,7,0,7,致和證券,2023-05-24,7030
8076,伍豐,19,12,7,致和證券,2023-05-24,7030
8222,寶一,14,7,7,致和證券,2023-05-24,7030
2630,亞航,14,7,7,致和證券,2023-05-24,7030
2352,佳世達,6,0,6,致和證券,2023-05-24,7030
3078,僑威,7,1,6,致和證券,2023-05-24,7030
5009,榮剛,36,30,6,致和證券,2023-05-24,7030
6531,愛普*,14,8,6,致和證券,2023-05-24,7030
1722,台肥,5,0,5,致和證券,2023-05-24,7030
2324,仁寶,5,0,5,致和證券,2023-05-24,7030
2495,普安,5,0,5,致和證券,2023-05-24,7030
3188,鑫龍騰,5,0,5,致和證券,2023-05-24,7030
3202,樺晟,5,0,5,致和證券,2023-05-24,7030
3265,台星科,5,0,5,致和證券,2023-05-24,7030
4532,瑞智,5,0,5,致和證券,2023-05-24,7030
5464,霖宏,46,41,5,致和證券,2023-05-24,7030
6446,藥華藥,5,0,5,致和證券,2023-05-24,7030
1513,中興電,6,2,4,致和證券,2023-05-24,7030
00772B,中信高評級公司債,4,0,4,致和證券,2023-05-24,7030
2382,廣達,4,0,4,致和證券,2023-05-24,7030
2406,國碩,5,1,4,致和證券,2023-05-24,7030
3005,神基,4,0,4,致和證券,2023-05-24,7030
3373,熱映,4,0,4,致和證券,2023-05-24,7030
3380,明泰,4,0,4,致和證券,2023-05-24,7030
3508,位速,4,0,4,致和證券,2023-05-24,7030
3704,合勤控,4,0,4,致和證券,2023-05-24,7030
4128,中天,4,0,4,致和證券,2023-05-24,7030
5519,隆大,4,0,4,致和證券,2023-05-24,7030
5531,鄉林,4,0,4,致和證券,2023-05-24,7030
6140,訊達,4,0,4,致和證券,2023-05-24,7030
1605,華新,50,0,50,致和證券,2023-05-25,7030
1504,東元,53,5,48,致和證券,2023-05-25,7030
3035,智原,30,2,28,致和證券,2023-05-25,7030
8076,伍豐,26,0,26,致和證券,2023-05-25,7030
2603,長榮,26,1,25,致和證券,2023-05-25,7030
2349,錸德,25,0,25,致和證券,2023-05-25,7030
8176,智捷,26,4,22,致和證券,2023-05-25,7030
2515,中工,22,2,20,致和證券,2023-05-25,7030
00632R,元大台灣50反1,20,3,17,致和證券,2023-05-25,7030
00882,中信中國高股息,15,0,15,致和證券,2023-05-25,7030
3363,上詮,15,1,14,致和證券,2023-05-25,7030
8409,商之器,12,0,12,致和證券,2023-05-25,7030
00712,復華富時不動產,11,0,11,致和證券,2023-05-25,7030
2388,威盛,15,4,11,致和證券,2023-05-25,7030
00641R,富邦日本反1,10,0,10,致和證券,2023-05-25,7030
00753L,中信中國50正2,10,0,10,致和證券,2023-05-25,7030
1722,台肥,10,0,10,致和證券,2023-05-25,7030
2504,國產,10,0,10,致和證券,2023-05-25,7030
3041,揚智,10,0,10,致和證券,2023-05-25,7030
5225,東科-KY,10,0,10,致和證券,2023-05-25,7030
6282,康舒,10,0,10,致和證券,2023-05-25,7030
6578,達邦蛋白,10,0,10,致和證券,2023-05-25,7030
00751B,元大AAA至A公司債,9,0,9,致和證券,2023-05-25,7030
3022,威強電,10,1,9,致和證券,2023-05-25,7030
1519,華城,15,7,8,致和證券,2023-05-25,7030
2033,佳大,8,0,8,致和證券,2023-05-25,7030
8028,昇陽半導體,11,3,8,致和證券,2023-05-25,7030
2610,華航,17,10,7,致和證券,2023-05-25,7030
1513,中興電,11,4,7,致和證券,2023-05-25,7030
2014,中鴻,7,0,7,致和證券,2023-05-25,7030
2303,聯電,15,8,7,致和證券,2023-05-25,7030
2701,萬企,7,0,7,致和證券,2023-05-25,7030
2881,富邦金,7,0,7,致和證券,2023-05-25,7030
3703,欣陸,7,0,7,致和證券,2023-05-25,7030
6226,光鼎,8,1,7,致和證券,2023-05-25,7030
2201,裕隆,21,15,6,致和證券,2023-05-25,7030
6111,大宇資,8,2,6,致和證券,2023-05-25,7030
00637L,元大滬深300正2,6,0,6,致和證券,2023-05-25,7030
1609,大亞,11,5,6,致和證券,2023-05-25,7030
2482,連宇,6,0,6,致和證券,2023-05-25,7030
1308,亞聚,5,0,5,致和證券,2023-05-25,7030
1217,愛之味,5,0,5,致和證券,2023-05-25,7030
1102,亞泥,5,0,5,致和證券,2023-05-25,7030
00857B,永豐20年美公債,5,0,5,致和證券,2023-05-25,7030
2328,廣宇,5,0,5,致和證券,2023-05-25,7030
2332,友訊,5,0,5,致和證券,2023-05-25,7030
2425,承啟,22,17,5,致和證券,2023-05-25,7030
2501,國建,5,0,5,致和證券,2023-05-25,7030
3162,精確,10,5,5,致和證券,2023-05-25,7030
3322,建舜電,5,0,5,致和證券,2023-05-25,7030
2323,中環,135,13,122,致和證券,2023-05-26,7030
3715,定穎投控,101,0,101,致和證券,2023-05-26,7030
3013,晟銘電,100,6,94,致和證券,2023-05-26,7030
2356,英業達,105,15,90,致和證券,2023-05-26,7030
5324,士開,52,0,52,致和證券,2023-05-26,7030
1605,華新,32,0,32,致和證券,2023-05-26,7030
1806,冠軍,29,0,29,致和證券,2023-05-26,7030
00904,新光臺灣半導體30,20,0,20,致和證券,2023-05-26,7030
3030,德律,20,0,20,致和證券,2023-05-26,7030
5907,大洋-KY,20,0,20,致和證券,2023-05-26,7030
2409,友達,17,0,17,致和證券,2023-05-26,7030
2382,廣達,23,6,17,致和證券,2023-05-26,7030
2421,建準,21,4,17,致和證券,2023-05-26,7030
8076,伍豐,37,20,17,致和證券,2023-05-26,7030
1609,大亞,18,2,16,致和證券,2023-05-26,7030
3264,欣銓,35,20,15,致和證券,2023-05-26,7030
3481,群創,17,3,14,致和證券,2023-05-26,7030
00715L,期街口布蘭特正2,15,1,14,致和證券,2023-05-26,7030
00679B,元大美債20年,14,0,14,致和證券,2023-05-26,7030
1815,富喬,15,1,14,致和證券,2023-05-26,7030
1722,台肥,15,2,13,致和證券,2023-05-26,7030
2883,凱基金,17,5,12,致和證券,2023-05-26,7030
4564,元翎,14,2,12,致和證券,2023-05-26,7030
5488,松普,12,0,12,致和證券,2023-05-26,7030
5608,四維航,22,10,12,致和證券,2023-05-26,7030
2637,慧洋-KY,11,0,11,致和證券,2023-05-26,7030
2362,藍天,11,0,11,致和證券,2023-05-26,7030
00712,復華富時不動產,11,0,11,致和證券,2023-05-26,7030
00641R,富邦日本反1,10,0,10,致和證券,2023-05-26,7030
00753L,中信中國50正2,10,0,10,致和證券,2023-05-26,7030
4960,誠美材,10,0,10,致和證券,2023-05-26,7030
6578,達邦蛋白,10,0,10,致和證券,2023-05-26,7030
8096,擎亞,10,0,10,致和證券,2023-05-26,7030
4746,台耀,9,0,9,致和證券,2023-05-26,7030
2002,中鋼,13,5,8,致和證券,2023-05-26,7030
2353,宏��,8,0,8,致和證券,2023-05-26,7030
6190,萬泰科,10,2,8,致和證券,2023-05-26,7030
2033,佳大,7,0,7,致和證券,2023-05-26,7030
2332,友訊,9,2,7,致和證券,2023-05-26,7030
2457,飛宏,10,3,7,致和證券,2023-05-26,7030
4532,瑞智,7,0,7,致和證券,2023-05-26,7030
1612,宏泰,6,0,6,致和證券,2023-05-26,7030
2368,金像電,7,1,6,致和證券,2023-05-26,7030
2468,華經,6,0,6,致和證券,2023-05-26,7030
2731,雄獅,6,0,6,致和證券,2023-05-26,7030
6616,特昇-KY,6,0,6,致和證券,2023-05-26,7030
8488,吉源-KY,6,0,6,致和證券,2023-05-26,7030
00751B,元大AAA至A公司債,6,0,6,致和證券,2023-05-26,7030
1504,東元,9,4,5,致和證券,2023-05-26,7030
00857B,永豐20年美公債,5,0,5,致和證券,2023-05-26,7030
6770,力積電,115,0,115,致和證券,2023-05-29,7030
2356,英業達,105,1,104,致和證券,2023-05-29,7030
00632R,元大台灣50反1,50,3,47,致和證券,2023-05-29,7030
2610,華航,60,18,42,致和證券,2023-05-29,7030
1608,華榮,37,3,34,致和證券,2023-05-29,7030
2317,鴻海,41,7,34,致和證券,2023-05-29,7030
0056,元大高股息,26,0,26,致和證券,2023-05-29,7030
1101,台泥,26,0,26,致和證券,2023-05-29,7030
6015,宏遠證,25,0,25,致和證券,2023-05-29,7030
3265,台星科,35,13,22,致和證券,2023-05-29,7030
2371,大同,33,13,20,致和證券,2023-05-29,7030
2701,萬企,20,0,20,致和證券,2023-05-29,7030
2409,友達,21,5,16,致和證券,2023-05-29,7030
3373,熱映,16,0,16,致和證券,2023-05-29,7030
3706,神達,14,0,14,致和證券,2023-05-29,7030
4564,元翎,26,12,14,致和證券,2023-05-29,7030
2491,吉祥全,11,0,11,致和證券,2023-05-29,7030
6125,廣運,19,8,11,致和證券,2023-05-29,7030
1102,亞泥,10,0,10,致和證券,2023-05-29,7030
00878,國泰永續高股息,10,0,10,致和證券,2023-05-29,7030
2027,大成鋼,10,0,10,致和證券,2023-05-29,7030
2614,東森,10,0,10,致和證券,2023-05-29,7030
00902,中信電池及儲能,10,1,9,致和證券,2023-05-29,7030
1711,永光,10,1,9,致和證券,2023-05-29,7030
2637,慧洋-KY,11,2,9,致和證券,2023-05-29,7030
2382,廣達,9,1,8,致和證券,2023-05-29,7030
2323,中環,16,8,8,致和證券,2023-05-29,7030
4747,強生,8,0,8,致和證券,2023-05-29,7030
00713,元大台灣高息低波,7,0,7,致和證券,2023-05-29,7030
00903,富邦元宇宙,6,0,6,致和證券,2023-05-29,7030
00712,復華富時不動產,6,0,6,致和證券,2023-05-29,7030
2033,佳大,6,0,6,致和證券,2023-05-29,7030
3006,晶豪科,6,0,6,致和證券,2023-05-29,7030
00679B,元大美債20年,5,0,5,致和證券,2023-05-29,7030
1722,台肥,5,0,5,致和證券,2023-05-29,7030
2015,豐興,5,0,5,致和證券,2023-05-29,7030
2353,宏��,5,0,5,致和證券,2023-05-29,7030
2489,瑞軒,5,0,5,致和證券,2023-05-29,7030
4157,太景*-KY,5,0,5,致和證券,2023-05-29,7030
4543,萬在,6,1,5,致和證券,2023-05-29,7030
6288,聯嘉,5,0,5,致和證券,2023-05-29,7030
3037,欣興,27,23,4,致和證券,2023-05-29,7030
00772B,中信高評級公司債,4,0,4,致和證券,2023-05-29,7030
2515,中工,4,0,4,致和證券,2023-05-29,7030
3564,其陽,5,1,4,致和證券,2023-05-29,7030
4102,永日,4,0,4,致和證券,2023-05-29,7030
6146,耕興,4,0,4,致和證券,2023-05-29,7030
8429,金麗-KY,4,0,4,致和證券,2023-05-29,7030
2880,華南金,4,0,4,致和證券,2023-05-29,7030
2883,凱基金,4,0,4,致和證券,2023-05-29,7030
2883,凱基金,408,0,408,致和證券,2023-05-30,7030
2228,劍麟,60,0,60,致和證券,2023-05-30,7030
3006,晶豪科,50,0,50,致和證券,2023-05-30,7030
00885,富邦越南,36,0,36,致和證券,2023-05-30,7030
2618,長榮航,90,68,22,致和證券,2023-05-30,7030
1608,華榮,69,50,19,致和證券,2023-05-30,7030
1101,台泥,21,2,19,致和證券,2023-05-30,7030
5864,致和證,20,3,17,致和證券,2023-05-30,7030
2399,映泰,17,1,16,致和證券,2023-05-30,7030
3032,偉訓,16,1,15,致和證券,2023-05-30,7030
4108,懷特,14,0,14,致和證券,2023-05-30,7030
6770,力積電,14,0,14,致和證券,2023-05-30,7030
0056,元大高股息,13,0,13,致和證券,2023-05-30,7030
2367,燿華,12,0,12,致和證券,2023-05-30,7030
2471,資通,14,2,12,致和證券,2023-05-30,7030
3265,台星科,17,5,12,致和證券,2023-05-30,7030
3704,合勤控,17,5,12,致和證券,2023-05-30,7030
5474,聰泰,12,0,12,致和證券,2023-05-30,7030
3231,緯創,15,4,11,致和證券,2023-05-30,7030
00753L,中信中國50正2,10,0,10,致和證券,2023-05-30,7030
3022,威強電,20,10,10,致和證券,2023-05-30,7030
3236,千如,10,0,10,致和證券,2023-05-30,7030
1308,亞聚,9,0,9,致和證券,2023-05-30,7030
3625,西勝,10,1,9,致和證券,2023-05-30,7030
1319,東陽,8,0,8,致和證券,2023-05-30,7030
2327,國巨,10,2,8,致和證券,2023-05-30,7030
2382,廣達,25,18,7,致和證券,2023-05-30,7030
1519,華城,14,7,7,致和證券,2023-05-30,7030
1727,中華化,6,0,6,致和證券,2023-05-30,7030
2634,漢翔,6,0,6,致和證券,2023-05-30,7030
3481,群創,6,0,6,致和證券,2023-05-30,7030
6616,特昇-KY,6,0,6,致和證券,2023-05-30,7030
2344,華邦電,6,0,6,致和證券,2023-05-30,7030
00904,新光臺灣半導體30,5,0,5,致和證券,2023-05-30,7030
00688L,國泰20年美債正2,5,0,5,致和證券,2023-05-30,7030
2033,佳大,5,0,5,致和證券,2023-05-30,7030
2312,金寶,5,0,5,致和證券,2023-05-30,7030
2406,國碩,5,0,5,致和證券,2023-05-30,7030
3028,增你強,5,0,5,致和證券,2023-05-30,7030
3162,精確,10,5,5,致和證券,2023-05-30,7030
6166,凌華,5,0,5,致和證券,2023-05-30,7030
6185,幃翔,5,0,5,致和證券,2023-05-30,7030
8429,金麗-KY,5,0,5,致和證券,2023-05-30,7030
9944,新麗,5,0,5,致和證券,2023-05-30,7030
00887,永豐中國科技50大,4,0,4,致和證券,2023-05-30,7030
00857B,永豐20年美公債,4,0,4,致和證券,2023-05-30,7030
2442,新美齊,4,0,4,致和證券,2023-05-30,7030
2468,華經,4,0,4,致和證券,2023-05-30,7030
3540,曜越,4,0,4,致和證券,2023-05-30,7030
5487,通泰,4,0,4,致和證券,2023-05-30,7030
6770,力積電,202,2,200,致和證券,2023-05-31,7030
6116,彩晶,150,0,150,致和證券,2023-05-31,7030
00715L,期街口布蘭特正2,62,0,62,致和證券,2023-05-31,7030
2382,廣達,63,7,56,致和證券,2023-05-31,7030
1609,大亞,58,6,52,致和證券,2023-05-31,7030
3499,環天科,50,10,40,致和證券,2023-05-31,7030
1101,台泥,43,6,37,致和證券,2023-05-31,7030
8050,廣積,30,3,27,致和證券,2023-05-31,7030
8110,華東,20,0,20,致和證券,2023-05-31,7030
2017,官田鋼,18,0,18,致和證券,2023-05-31,7030
0056,元大高股息,17,0,17,致和證券,2023-05-31,7030
3227,原相,16,0,16,致和證券,2023-05-31,7030
3062,建漢,15,0,15,致和證券,2023-05-31,7030
3706,神達,15,1,14,致和證券,2023-05-31,7030
3017,奇鋐,13,0,13,致和證券,2023-05-31,7030
3041,揚智,12,0,12,致和證券,2023-05-31,7030
00720B,元大投資級公司債,10,0,10,致和證券,2023-05-31,7030
1102,亞泥,10,0,10,致和證券,2023-05-31,7030
1217,愛之味,10,0,10,致和證券,2023-05-31,7030
3363,上詮,10,0,10,致和證券,2023-05-31,7030
4961,天鈺,10,0,10,致和證券,2023-05-31,7030
2457,飛宏,33,24,9,致和證券,2023-05-31,7030
2888,新光金,33,25,8,致和證券,2023-05-31,7030
3373,熱映,8,0,8,致和證券,2023-05-31,7030
2033,佳大,7,0,7,致和證券,2023-05-31,7030
3714,富采,7,0,7,致和證券,2023-05-31,7030
5243,乙盛-KY,46,39,7,致和證券,2023-05-31,7030
5531,鄉林,13,6,7,致和證券,2023-05-31,7030
3037,欣興,11,4,7,致和證券,2023-05-31,7030
00907,永豐優息存股,5,0,5,致和證券,2023-05-31,7030
2015,豐興,5,0,5,致和證券,2023-05-31,7030
2356,英業達,8,3,5,致和證券,2023-05-31,7030
2402,毅嘉,10,5,5,致和證券,2023-05-31,7030
2482,連宇,5,0,5,致和證券,2023-05-31,7030
2630,亞航,11,6,5,致和證券,2023-05-31,7030
2701,萬企,5,0,5,致和證券,2023-05-31,7030
3058,立德,5,0,5,致和證券,2023-05-31,7030
5206,坤悅,5,0,5,致和證券,2023-05-31,7030
2317,鴻海,7,3,4,致和證券,2023-05-31,7030
00904,新光臺灣半導體30,4,0,4,致和證券,2023-05-31,7030
1815,富喬,40,36,4,致和證券,2023-05-31,7030
2736,富野,5,1,4,致和證券,2023-05-31,7030
3322,建舜電,5,1,4,致和證券,2023-05-31,7030
3558,神準,4,0,4,致和證券,2023-05-31,7030
5469,瀚宇博,5,1,4,致和證券,2023-05-31,7030
8076,伍豐,5,1,4,致和證券,2023-05-31,7030
1524,耿鼎,13,10,3,致和證券,2023-05-31,7030
1319,東陽,3,0,3,致和證券,2023-05-31,7030
00882,中信中國高股息,3,0,3,致和證券,2023-05-31,7030
2611,志信,4,1,3,致和證券,2023-05-31,7030
2331,精英,320,13,307,致和證券,2023-06-01,7030
1608,華榮,63,1,62,致和證券,2023-06-01,7030
5864,致和證,116,55,61,致和證券,2023-06-01,7030
00881,國泰台灣5G+,58,0,58,致和證券,2023-06-01,7030
2323,中環,101,48,53,致和證券,2023-06-01,7030
2025,千興,50,0,50,致和證券,2023-06-01,7030
9907,統一實,50,0,50,致和證券,2023-06-01,7030
2303,聯電,46,0,46,致和證券,2023-06-01,7030
2515,中工,53,12,41,致和證券,2023-06-01,7030
00715L,期街口布蘭特正2,29,0,29,致和證券,2023-06-01,7030
00701,國泰股利精選30,27,0,27,致和證券,2023-06-01,7030
00712,復華富時不動產,20,0,20,致和證券,2023-06-01,7030
1609,大亞,17,0,17,致和證券,2023-06-01,7030
8429,金麗-KY,16,0,16,致和證券,2023-06-01,7030
3062,建漢,13,1,12,致和證券,2023-06-01,7030
3481,群創,12,0,12,致和證券,2023-06-01,7030
5907,大洋-KY,12,0,12,致和證券,2023-06-01,7030
8210,勤誠,18,6,12,致和證券,2023-06-01,7030
3006,晶豪科,11,0,11,致和證券,2023-06-01,7030
6269,台郡,11,0,11,致和證券,2023-06-01,7030
1584,精剛,10,0,10,致和證券,2023-06-01,7030
2002,中鋼,10,0,10,致和證券,2023-06-01,7030
2352,佳世達,10,0,10,致和證券,2023-06-01,7030
2353,宏��,11,1,10,致和證券,2023-06-01,7030
2491,吉祥全,12,2,10,致和證券,2023-06-01,7030
2801,彰銀,10,0,10,致和證券,2023-06-01,7030
3115,富榮綱,10,0,10,致和證券,2023-06-01,7030
1904,正隆,9,0,9,致和證券,2023-06-01,7030
3312,弘憶股,10,1,9,致和證券,2023-06-01,7030
8093,保銳,8,0,8,致和證券,2023-06-01,7030
2204,中華,7,1,6,致和證券,2023-06-01,7030
3030,德律,6,0,6,致和證券,2023-06-01,7030
3205,佰研,7,1,6,致和證券,2023-06-01,7030
1785,光洋科,5,0,5,致和證券,2023-06-01,7030
00885,富邦越南,5,0,5,致和證券,2023-06-01,7030
2033,佳大,5,0,5,致和證券,2023-06-01,7030
2337,旺宏,5,0,5,致和證券,2023-06-01,7030
2634,漢翔,5,0,5,致和證券,2023-06-01,7030
3025,星通,11,6,5,致和證券,2023-06-01,7030
3041,揚智,5,0,5,致和證券,2023-06-01,7030
3290,東浦,5,0,5,致和證券,2023-06-01,7030
6122,擎邦,6,1,5,致和證券,2023-06-01,7030
6160,欣技,16,11,5,致和證券,2023-06-01,7030
6288,聯嘉,5,0,5,致和證券,2023-06-01,7030
6411,晶焱,5,0,5,致和證券,2023-06-01,7030
8050,廣積,5,0,5,致和證券,2023-06-01,7030
00713,元大台灣高息低波,4,0,4,致和證券,2023-06-01,7030
2603,長榮,4,0,4,致和證券,2023-06-01,7030
2066,世德,4,0,4,致和證券,2023-06-01,7030
2324,仁寶,5,1,4,致和證券,2023-06-01,7030
3706,神達,108,7,101,致和證券,2023-06-02,7030
4533,協易機,50,0,50,致和證券,2023-06-02,7030
2515,中工,45,0,45,致和證券,2023-06-02,7030
2610,華航,46,18,28,致和證券,2023-06-02,7030
2618,長榮航,56,28,28,致和證券,2023-06-02,7030
2482,連宇,27,4,23,致和證券,2023-06-02,7030
1905,華紙,46,24,22,致和證券,2023-06-02,7030
2025,千興,20,0,20,致和證券,2023-06-02,7030
6531,愛普*,24,4,20,致和證券,2023-06-02,7030
8076,伍豐,26,6,20,致和證券,2023-06-02,7030
00919,群益台灣精選高息,19,0,19,致和證券,2023-06-02,7030
3030,德律,19,0,19,致和證券,2023-06-02,7030
5864,致和證,51,35,16,致和證券,2023-06-02,7030
4119,旭富,15,0,15,致和證券,2023-06-02,7030
8429,金麗-KY,15,0,15,致和證券,2023-06-02,7030
00885,富邦越南,13,0,13,致和證券,2023-06-02,7030
2883,凱基金,43,30,13,致和證券,2023-06-02,7030
2603,長榮,12,0,12,致和證券,2023-06-02,7030
4979,華星光,15,3,12,致和證券,2023-06-02,7030
5474,聰泰,12,0,12,致和證券,2023-06-02,7030
1584,精剛,11,0,11,致和證券,2023-06-02,7030
2399,映泰,11,0,11,致和證券,2023-06-02,7030
3363,上詮,12,1,11,致和證券,2023-06-02,7030
00688L,國泰20年美債正2,10,0,10,致和證券,2023-06-02,7030
2033,佳大,10,0,10,致和證券,2023-06-02,7030
3162,精確,10,0,10,致和證券,2023-06-02,7030
3373,熱映,10,0,10,致和證券,2023-06-02,7030
3591,艾笛森,10,0,10,致和證券,2023-06-02,7030
4541,晟田,10,0,10,致和證券,2023-06-02,7030
6509,聚和,10,0,10,致和證券,2023-06-02,7030
6770,力積電,11,1,10,致和證券,2023-06-02,7030
9907,統一實,10,0,10,致和證券,2023-06-02,7030
2014,中鴻,9,0,9,致和證券,2023-06-02,7030
2236,百達-KY,9,0,9,致和證券,2023-06-02,7030
4934,太極,10,1,9,致和證券,2023-06-02,7030
3306,鼎天,9,1,8,致和證券,2023-06-02,7030
2329,華泰,8,0,8,致和證券,2023-06-02,7030
6190,萬泰科,11,3,8,致和證券,2023-06-02,7030
3661,世芯-KY,8,1,7,致和證券,2023-06-02,7030
2371,大同,9,3,6,致和證券,2023-06-02,7030
8926,台汽電,7,1,6,致和證券,2023-06-02,7030
00795B,中信美國公債20年,5,0,5,致和證券,2023-06-02,7030
00923,群益台ESG低碳50,5,0,5,致和證券,2023-06-02,7030
1314,中石化,5,0,5,致和證券,2023-06-02,7030
1727,中華化,5,0,5,致和證券,2023-06-02,7030
2103,台橡,5,0,5,致和證券,2023-06-02,7030
2314,台揚,5,0,5,致和證券,2023-06-02,7030
2337,旺宏,5,0,5,致和證券,2023-06-02,7030
2393,億光,5,0,5,致和證券,2023-06-02,7030
2404,漢唐,5,0,5,致和證券,2023-06-02,7030
6770,力積電,201,5,196,致和證券,2023-06-05,7030
1314,中石化,183,3,180,致和證券,2023-06-05,7030
2618,長榮航,78,16,62,致和證券,2023-06-05,7030
1216,統一,35,0,35,致和證券,2023-06-05,7030
00919,群益台灣精選高息,33,0,33,致和證券,2023-06-05,7030
1710,東聯,30,0,30,致和證券,2023-06-05,7030
1519,華城,44,16,28,致和證券,2023-06-05,7030
8076,伍豐,30,5,25,致和證券,2023-06-05,7030
2353,宏��,33,11,22,致和證券,2023-06-05,7030
1217,愛之味,20,0,20,致和證券,2023-06-05,7030
2890,永豐金,22,2,20,致和證券,2023-06-05,7030
2033,佳大,19,0,19,致和證券,2023-06-05,7030
00712,復華富時不動產,18,0,18,致和證券,2023-06-05,7030
2404,漢唐,14,0,14,致和證券,2023-06-05,7030
3706,神達,16,3,13,致和證券,2023-06-05,7030
1529,樂事綠能,14,2,12,致和證券,2023-06-05,7030
2303,聯電,20,9,11,致和證券,2023-06-05,7030
2331,精英,14,3,11,致和證券,2023-06-05,7030
3715,定穎投控,26,16,10,致和證券,2023-06-05,7030
00885,富邦越南,10,0,10,致和證券,2023-06-05,7030
2002,中鋼,10,0,10,致和證券,2023-06-05,7030
2449,京元電子,11,1,10,致和證券,2023-06-05,7030
2867,三商壽,10,0,10,致和證券,2023-06-05,7030
3025,星通,10,0,10,致和證券,2023-06-05,7030
3090,日電貿,10,0,10,致和證券,2023-06-05,7030
3543,州巧,10,0,10,致和證券,2023-06-05,7030
4523,永彰,10,0,10,致和證券,2023-06-05,7030
4720,德淵,10,0,10,致和證券,2023-06-05,7030
6125,廣運,13,3,10,致和證券,2023-06-05,7030
6167,久正,11,1,10,致和證券,2023-06-05,7030
6187,萬潤,10,0,10,致和證券,2023-06-05,7030
6531,愛普*,15,5,10,致和證券,2023-06-05,7030
8050,廣積,15,5,10,致和證券,2023-06-05,7030
8935,邦泰,10,0,10,致和證券,2023-06-05,7030
00679B,元大美債20年,9,0,9,致和證券,2023-06-05,7030
2312,金寶,11,2,9,致和證券,2023-06-05,7030
4413,飛寶企業,9,0,9,致和證券,2023-06-05,7030
9939,宏全,9,0,9,致和證券,2023-06-05,7030
1441,大東,8,0,8,致和證券,2023-06-05,7030
2324,仁寶,8,0,8,致和證券,2023-06-05,7030
2338,光罩,8,0,8,致和證券,2023-06-05,7030
2427,三商電,10,2,8,致和證券,2023-06-05,7030
3189,景碩,8,0,8,致和證券,2023-06-05,7030
3652,精聯,8,0,8,致和證券,2023-06-05,7030
1455,集盛,7,0,7,致和證券,2023-06-05,7030
1795,美時,9,2,7,致和證券,2023-06-05,7030
2340,台亞,8,1,7,致和證券,2023-06-05,7030
2382,廣達,8,1,7,致和證券,2023-06-05,7030
2399,映泰,7,0,7,致和證券,2023-06-05,7030
6443,元晶,7,0,7,致和證券,2023-06-05,7030
2885,元大金,2000,2,1998,致和證券,2023-06-06,7030
6834,天二科技,60,0,60,致和證券,2023-06-06,7030
1444,力麗,70,16,54,致和證券,2023-06-06,7030
2801,彰銀,49,0,49,致和證券,2023-06-06,7030
1314,中石化,36,6,30,致和證券,2023-06-06,7030
3265,台星科,33,5,28,致和證券,2023-06-06,7030
6244,茂迪,23,0,23,致和證券,2023-06-06,7030
4977,眾達-KY,21,0,21,致和證券,2023-06-06,7030
3362,先進光,20,0,20,致和證券,2023-06-06,7030
4168,醣聯,20,0,20,致和證券,2023-06-06,7030
8429,金麗-KY,20,0,20,致和證券,2023-06-06,7030
3630,新鉅科,20,2,18,致和證券,2023-06-06,7030
00679B,元大美債20年,17,0,17,致和證券,2023-06-06,7030
3406,玉晶光,17,0,17,致和證券,2023-06-06,7030
4906,正文,17,0,17,致和證券,2023-06-06,7030
00927,群益半導體收益,16,0,16,致和證券,2023-06-06,7030
1905,華紙,28,12,16,致和證券,2023-06-06,7030
2399,映泰,52,36,16,致和證券,2023-06-06,7030
6116,彩晶,423,407,16,致和證券,2023-06-06,7030
2340,台亞,15,0,15,致和證券,2023-06-06,7030
4147,中裕,14,0,14,致和證券,2023-06-06,7030
2498,宏達電,15,2,13,致和證券,2023-06-06,7030
2888,新光金,78,65,13,致和證券,2023-06-06,7030
6142,友勁,12,0,12,致和證券,2023-06-06,7030
2461,光群雷,15,4,11,致和證券,2023-06-06,7030
2610,華航,18,7,11,致和證券,2023-06-06,7030
3363,上詮,11,0,11,致和證券,2023-06-06,7030
6485,點序,11,0,11,致和證券,2023-06-06,7030
1612,宏泰,10,0,10,致和證券,2023-06-06,7030
2489,瑞軒,10,0,10,致和證券,2023-06-06,7030
3202,樺晟,10,0,10,致和證券,2023-06-06,7030
5608,四維航,10,0,10,致和證券,2023-06-06,7030
6261,久元,10,0,10,致和證券,2023-06-06,7030
6282,康舒,23,13,10,致和證券,2023-06-06,7030
6538,倉和,10,0,10,致和證券,2023-06-06,7030
8222,寶一,10,0,10,致和證券,2023-06-06,7030
1605,華新,12,3,9,致和證券,2023-06-06,7030
5386,青雲,9,0,9,致和證券,2023-06-06,7030
6227,茂綸,8,0,8,致和證券,2023-06-06,7030
2323,中環,16,9,7,致和證券,2023-06-06,7030
3564,其陽,7,0,7,致和證券,2023-06-06,7030
3037,欣興,7,1,6,致和證券,2023-06-06,7030
2033,佳大,6,0,6,致和證券,2023-06-06,7030
3661,世芯-KY,7,1,6,致和證券,2023-06-06,7030
4953,緯軟,9,3,6,致和證券,2023-06-06,7030
6285,啟��,6,0,6,致和證券,2023-06-06,7030
2371,大同,8,2,6,致和證券,2023-06-06,7030
0056,元大高股息,5,0,5,致和證券,2023-06-06,7030
1514,亞力,6,1,5,致和證券,2023-06-06,7030
1529,樂事綠能,10,5,5,致和證券,2023-06-06,7030
1444,力麗,64,2,62,致和證券,2023-06-07,7030
9105,泰金寶-DR,50,0,50,致和證券,2023-06-07,7030
3027,盛達,55,20,35,致和證券,2023-06-07,7030
6244,茂迪,35,0,35,致和證券,2023-06-07,7030
1101,台泥,30,5,25,致和證券,2023-06-07,7030
2405,輔信,25,0,25,致和證券,2023-06-07,7030
00772B,中信高評級公司債,20,0,20,致和證券,2023-06-07,7030
0056,元大高股息,20,1,19,致和證券,2023-06-07,7030
2468,華經,18,0,18,致和證券,2023-06-07,7030
3265,台星科,28,10,18,致和證券,2023-06-07,7030
3481,群創,18,0,18,致和證券,2023-06-07,7030
2356,英業達,18,1,17,致和證券,2023-06-07,7030
3532,台勝科,15,0,15,致和證券,2023-06-07,7030
2489,瑞軒,14,0,14,致和證券,2023-06-07,7030
6282,康舒,25,11,14,致和證券,2023-06-07,7030
00919,群益台灣精選高息,13,0,13,致和證券,2023-06-07,7030
3054,立萬利,13,0,13,致和證券,2023-06-07,7030
2323,中環,64,52,12,致和證券,2023-06-07,7030
00927,群益半導體收益,12,0,12,致和證券,2023-06-07,7030
1903,士紙,11,0,11,致和證券,2023-06-07,7030
2014,中鴻,10,0,10,致和證券,2023-06-07,7030
2706,第一店,11,1,10,致和證券,2023-06-07,7030
3115,富榮綱,10,0,10,致和證券,2023-06-07,7030
3162,精確,10,0,10,致和證券,2023-06-07,7030
3038,全台,11,2,9,致和證券,2023-06-07,7030
6538,倉和,10,1,9,致和證券,2023-06-07,7030
8131,福懋科,9,0,9,致和證券,2023-06-07,7030
1905,華紙,10,2,8,致和證券,2023-06-07,7030
2347,聯強,8,0,8,致和證券,2023-06-07,7030
6125,廣運,12,4,8,致和證券,2023-06-07,7030
8011,台通,8,0,8,致和證券,2023-06-07,7030
8234,新漢,8,0,8,致和證券,2023-06-07,7030
2888,新光金,38,31,7,致和證券,2023-06-07,7030
8046,南電,7,0,7,致和證券,2023-06-07,7030
2033,佳大,6,0,6,致和證券,2023-06-07,7030
6214,精誠,6,0,6,致和證券,2023-06-07,7030
6270,倍微,6,0,6,致和證券,2023-06-07,7030
1319,東陽,5,0,5,致和證券,2023-06-07,7030
00712,復華富時不動產,5,0,5,致和證券,2023-06-07,7030
2337,旺宏,10,5,5,致和證券,2023-06-07,7030
2399,映泰,5,0,5,致和證券,2023-06-07,7030
2890,永豐金,5,0,5,致和證券,2023-06-07,7030
3025,星通,5,0,5,致和證券,2023-06-07,7030
3047,訊舟,5,0,5,致和證券,2023-06-07,7030
3661,世芯-KY,8,3,5,致和證券,2023-06-07,7030
4123,晟德,10,5,5,致和證券,2023-06-07,7030
4744,皇將,5,0,5,致和證券,2023-06-07,7030
4960,誠美材,5,0,5,致和證券,2023-06-07,7030
4977,眾達-KY,6,1,5,致和證券,2023-06-07,7030
6239,力成,5,0,5,致和證券,2023-06-07,7030
2885,元大金,2000,0,2000,致和證券,2023-06-08,7030
2353,宏��,103,1,102,致和證券,2023-06-08,7030
1101,台泥,65,3,62,致和證券,2023-06-08,7030
00679B,元大美債20年,57,0,57,致和證券,2023-06-08,7030
1608,華榮,63,9,54,致和證券,2023-06-08,7030
2801,彰銀,32,0,32,致和證券,2023-06-08,7030
8076,伍豐,32,0,32,致和證券,2023-06-08,7030
2618,長榮航,38,17,21,致和證券,2023-06-08,7030
3265,台星科,25,4,21,致和證券,2023-06-08,7030
6531,愛普*,33,12,21,致和證券,2023-06-08,7030
2344,華邦電,22,2,20,致和證券,2023-06-08,7030
2515,中工,20,0,20,致和證券,2023-06-08,7030
3162,精確,20,0,20,致和證券,2023-06-08,7030
2314,台揚,20,2,18,致和證券,2023-06-08,7030
1104,環泥,17,0,17,致和證券,2023-06-08,7030
2337,旺宏,37,20,17,致和證券,2023-06-08,7030
0056,元大高股息,16,0,16,致和證券,2023-06-08,7030
3037,欣興,15,0,15,致和證券,2023-06-08,7030
2201,裕隆,14,0,14,致和證券,2023-06-08,7030
2615,萬海,15,1,14,致和證券,2023-06-08,7030
6578,達邦蛋白,14,0,14,致和證券,2023-06-08,7030
1528,恩德,12,0,12,致和證券,2023-06-08,7030
00919,群益台灣精選高息,12,0,12,致和證券,2023-06-08,7030
1612,宏泰,24,12,12,致和證券,2023-06-08,7030
1605,華新,26,15,11,致和證券,2023-06-08,7030
2014,中鴻,11,0,11,致和證券,2023-06-08,7030
2402,毅嘉,12,1,11,致和證券,2023-06-08,7030
2739,寒舍,11,0,11,致和證券,2023-06-08,7030
8358,金居,11,0,11,致和證券,2023-06-08,7030
00878,國泰永續高股息,36,26,10,致和證券,2023-06-08,7030
1603,華電,10,0,10,致和證券,2023-06-08,7030
1903,士紙,12,2,10,致和證券,2023-06-08,7030
2488,漢平,10,0,10,致和證券,2023-06-08,7030
2491,吉祥全,10,0,10,致和證券,2023-06-08,7030
3128,昇銳,10,0,10,致和證券,2023-06-08,7030
3501,維熹,10,0,10,致和證券,2023-06-08,7030
1591,駿吉-KY,9,0,9,致和證券,2023-06-08,7030
4726,永昕,10,1,9,致和證券,2023-06-08,7030
00772B,中信高評級公司債,8,0,8,致和證券,2023-06-08,7030
1432,大魯閣,8,0,8,致和證券,2023-06-08,7030
1314,中石化,10,2,8,致和證券,2023-06-08,7030
8050,廣積,8,0,8,致和證券,2023-06-08,7030
2327,國巨,7,0,7,致和證券,2023-06-08,7030
1513,中興電,8,1,7,致和證券,2023-06-08,7030
1337,再生-KY,7,0,7,致和證券,2023-06-08,7030
2033,佳大,7,0,7,致和證券,2023-06-08,7030
2371,大同,9,2,7,致和證券,2023-06-08,7030
6285,啟��,9,2,7,致和證券,2023-06-08,7030
2017,官田鋼,6,0,6,致和證券,2023-06-08,7030
2457,飛宏,27,21,6,致和證券,2023-06-08,7030
2610,華航,56,0,56,致和證券,2023-06-09,7030
1605,華新,64,13,51,致和證券,2023-06-09,7030
00929,復華台灣科技優息,49,0,49,致和證券,2023-06-09,7030
3357,臺慶科,44,0,44,致和證券,2023-06-09,7030
2356,英業達,56,16,40,致和證券,2023-06-09,7030
2515,中工,32,0,32,致和證券,2023-06-09,7030
6125,廣運,57,29,28,致和證券,2023-06-09,7030
1217,愛之味,20,0,20,致和證券,2023-06-09,7030
2409,友達,20,0,20,致和證券,2023-06-09,7030
5864,致和證,23,5,18,致和證券,2023-06-09,7030
00715L,期街口布蘭特正2,17,0,17,致和證券,2023-06-09,7030
3481,群創,18,1,17,致和證券,2023-06-09,7030
2888,新光金,39,23,16,致和證券,2023-06-09,7030
1609,大亞,26,11,15,致和證券,2023-06-09,7030
1905,華紙,12,0,12,致和證券,2023-06-09,7030
00712,復華富時不動產,11,0,11,致和證券,2023-06-09,7030
3438,類比科,11,0,11,致和證券,2023-06-09,7030
6188,廣明,12,1,11,致和證券,2023-06-09,7030
00878,國泰永續高股息,20,10,10,致和證券,2023-06-09,7030
1718,中纖,10,0,10,致和證券,2023-06-09,7030
2324,仁寶,11,1,10,致和證券,2023-06-09,7030
3029,零壹,10,0,10,致和證券,2023-06-09,7030
3090,日電貿,10,0,10,致和證券,2023-06-09,7030
3661,世芯-KY,11,1,10,致和證券,2023-06-09,7030
4161,聿新科,10,0,10,致和證券,2023-06-09,7030
4564,元翎,10,0,10,致和證券,2023-06-09,7030
5309,系統電,10,0,10,致和證券,2023-06-09,7030
1101,台泥,16,7,9,致和證券,2023-06-09,7030
1710,東聯,9,0,9,致和證券,2023-06-09,7030
2606,裕民,10,1,9,致和證券,2023-06-09,7030
6285,啟��,9,0,9,致和證券,2023-06-09,7030
8937,合騏,9,0,9,致和證券,2023-06-09,7030
2891,中信金,10,2,8,致和證券,2023-06-09,7030
8421,旭源,8,0,8,致和證券,2023-06-09,7030
6531,愛普*,10,3,7,致和證券,2023-06-09,7030
1504,東元,11,4,7,致和證券,2023-06-09,7030
2371,大同,7,0,7,致和證券,2023-06-09,7030
2498,宏達電,7,0,7,致和證券,2023-06-09,7030
2705,六福,9,2,7,致和證券,2023-06-09,7030
2834,臺企銀,7,0,7,致和證券,2023-06-09,7030
6244,茂迪,7,0,7,致和證券,2023-06-09,7030
6266,泰詠,9,2,7,致和證券,2023-06-09,7030
2033,佳大,6,0,6,致和證券,2023-06-09,7030
2337,旺宏,16,10,6,致和證券,2023-06-09,7030
2425,承啟,25,19,6,致和證券,2023-06-09,7030
3058,立德,6,0,6,致和證券,2023-06-09,7030
3504,揚明光,6,0,6,致和證券,2023-06-09,7030
3511,矽瑪,6,0,6,致和證券,2023-06-09,7030
1513,中興電,10,5,5,致和證券,2023-06-09,7030
1721,三晃,5,0,5,致和證券,2023-06-09,7030
6770,力積電,110,7,103,致和證券,2023-06-12,7030
6125,廣運,88,4,84,致和證券,2023-06-12,7030
00632R,元大台灣50反1,71,0,71,致和證券,2023-06-12,7030
2618,長榮航,64,10,54,致和證券,2023-06-12,7030
3265,台星科,55,5,50,致和證券,2023-06-12,7030
0056,元大高股息,50,11,39,致和證券,2023-06-12,7030
1217,愛之味,40,2,38,致和證券,2023-06-12,7030
1815,富喬,114,76,38,致和證券,2023-06-12,7030
2614,東森,30,0,30,致和證券,2023-06-12,7030
1101,台泥,29,0,29,致和證券,2023-06-12,7030
1524,耿鼎,27,0,27,致和證券,2023-06-12,7030
2312,金寶,26,1,25,致和證券,2023-06-12,7030
2489,瑞軒,24,0,24,致和證券,2023-06-12,7030
2705,六福,23,0,23,致和證券,2023-06-12,7030
00929,復華台灣科技優息,21,0,21,致和證券,2023-06-12,7030
2033,佳大,21,0,21,致和證券,2023-06-12,7030
4157,太景*-KY,23,2,21,致和證券,2023-06-12,7030
2801,彰銀,20,0,20,致和證券,2023-06-12,7030
4532,瑞智,20,0,20,致和證券,2023-06-12,7030
6244,茂迪,20,0,20,致和證券,2023-06-12,7030
3661,世芯-KY,21,2,19,致和證券,2023-06-12,7030
3630,新鉅科,15,0,15,致和證券,2023-06-12,7030
2014,中鴻,14,0,14,致和證券,2023-06-12,7030
2201,裕隆,19,5,14,致和證券,2023-06-12,7030
1605,華新,12,0,12,致和證券,2023-06-12,7030
2385,群光,11,0,11,致和證券,2023-06-12,7030
6443,元晶,11,0,11,致和證券,2023-06-12,7030
8038,長園科,11,0,11,致和證券,2023-06-12,7030
1104,環泥,10,0,10,致和證券,2023-06-12,7030
1319,東陽,10,0,10,致和證券,2023-06-12,7030
1711,永光,10,0,10,致和證券,2023-06-12,7030
2457,飛宏,12,2,10,致和證券,2023-06-12,7030
2606,裕民,11,1,10,致和證券,2023-06-12,7030
3228,金麗科,10,0,10,致和證券,2023-06-12,7030
6122,擎邦,10,0,10,致和證券,2023-06-12,7030
3481,群創,12,3,9,致和證券,2023-06-12,7030
1522,堤維西,14,5,9,致和證券,2023-06-12,7030
1752,南光,11,2,9,致和證券,2023-06-12,7030
2543,皇昌,9,0,9,致和證券,2023-06-12,7030
2888,新光金,88,79,9,致和證券,2023-06-12,7030
6139,亞翔,10,1,9,致和證券,2023-06-12,7030
3033,威健,11,2,9,致和證券,2023-06-12,7030
3541,西柏,8,0,8,致和證券,2023-06-12,7030
9907,統一實,8,0,8,致和證券,2023-06-12,7030
3054,立萬利,7,0,7,致和證券,2023-06-12,7030
3356,奇偶,12,5,7,致和證券,2023-06-12,7030
6163,華電網,7,0,7,致和證券,2023-06-12,7030
3231,緯創,13,7,6,致和證券,2023-06-12,7030
2327,國巨,5,0,5,致和證券,2023-06-12,7030
00712,復華富時不動產,5,0,5,致和證券,2023-06-12,7030
2356,英業達,304,84,220,致和證券,2023-06-13,7030
3231,緯創,206,26,180,致和證券,2023-06-13,7030
00715L,期街口布蘭特正2,144,0,144,致和證券,2023-06-13,7030
2399,映泰,100,40,60,致和證券,2023-06-13,7030
2888,新光金,70,20,50,致和證券,2023-06-13,7030
8358,金居,46,0,46,致和證券,2023-06-13,7030
8076,伍豐,52,15,37,致和證券,2023-06-13,7030
1815,富喬,232,207,25,致和證券,2023-06-13,7030
2332,友訊,25,0,25,致和證券,2023-06-13,7030
1104,環泥,28,5,23,致和證券,2023-06-13,7030
2033,佳大,22,0,22,致和證券,2023-06-13,7030
2323,中環,51,30,21,致和證券,2023-06-13,7030
1802,台玻,20,0,20,致和證券,2023-06-13,7030
00885,富邦越南,30,11,19,致和證券,2023-06-13,7030
0056,元大高股息,34,18,16,致和證券,2023-06-13,7030
3576,聯合再生,16,0,16,致和證券,2023-06-13,7030
00919,群益台灣精選高息,14,0,14,致和證券,2023-06-13,7030
3363,上詮,13,1,12,致和證券,2023-06-13,7030
3545,敦泰,24,12,12,致和證券,2023-06-13,7030
3035,智原,13,2,11,致和證券,2023-06-13,7030
1326,台化,10,0,10,致和證券,2023-06-13,7030
1102,亞泥,10,0,10,致和證券,2023-06-13,7030
00641R,富邦日本反1,10,0,10,致和證券,2023-06-13,7030
1710,東聯,10,0,10,致和證券,2023-06-13,7030
1903,士紙,10,0,10,致和證券,2023-06-13,7030
6187,萬潤,10,0,10,致和證券,2023-06-13,7030
8088,品安,10,0,10,致和證券,2023-06-13,7030
8222,寶一,11,1,10,致和證券,2023-06-13,7030
2705,六福,9,0,9,致和證券,2023-06-13,7030
1785,光洋科,11,3,8,致和證券,2023-06-13,7030
3078,僑威,34,26,8,致和證券,2023-06-13,7030
3055,蔚華科,8,1,7,致和證券,2023-06-13,7030
3710,連展投控,7,0,7,致和證券,2023-06-13,7030
2329,華泰,8,2,6,致和證券,2023-06-13,7030
3030,德律,6,0,6,致和證券,2023-06-13,7030
00712,復華富時不動產,5,0,5,致和證券,2023-06-13,7030
00687B,國泰20年美債,5,0,5,致和證券,2023-06-13,7030
1722,台肥,5,0,5,致和證券,2023-06-13,7030
2009,第一銅,5,0,5,致和證券,2023-06-13,7030
2017,官田鋼,5,0,5,致和證券,2023-06-13,7030
2301,光寶科,6,1,5,致和證券,2023-06-13,7030
2314,台揚,5,0,5,致和證券,2023-06-13,7030
4137,麗豐-KY,5,0,5,致和證券,2023-06-13,7030
4906,正文,5,0,5,致和證券,2023-06-13,7030
4977,眾達-KY,5,0,5,致和證券,2023-06-13,7030
5483,中美晶,7,2,5,致和證券,2023-06-13,7030
6104,創惟,5,0,5,致和證券,2023-06-13,7030
6684,安格,5,0,5,致和證券,2023-06-13,7030
8114,振樺電,5,0,5,致和證券,2023-06-13,7030
3033,威健,6,2,4,致和證券,2023-06-13,7030
2618,長榮航,429,140,289,致和證券,2023-06-14,7030
2356,英業達,95,10,85,致和證券,2023-06-14,7030
0056,元大高股息,71,0,71,致和證券,2023-06-14,7030
8429,金麗-KY,52,0,52,致和證券,2023-06-14,7030
00878,國泰永續高股息,42,0,42,致和證券,2023-06-14,7030
2312,金寶,35,0,35,致和證券,2023-06-14,7030
2801,彰銀,30,0,30,致和證券,2023-06-14,7030
2515,中工,27,0,27,致和證券,2023-06-14,7030
2376,技嘉,20,0,20,致和證券,2023-06-14,7030
8201,無敵,19,0,19,致和證券,2023-06-14,7030
3030,德律,14,0,14,致和證券,2023-06-14,7030
1609,大亞,26,14,12,致和證券,2023-06-14,7030
2331,精英,12,0,12,致和證券,2023-06-14,7030
5488,松普,12,0,12,致和證券,2023-06-14,7030
00712,復華富時不動產,11,0,11,致和證券,2023-06-14,7030
1605,華新,20,10,10,致和證券,2023-06-14,7030
2402,毅嘉,10,0,10,致和證券,2023-06-14,7030
2440,太空梭,10,0,10,致和證券,2023-06-14,7030
4532,瑞智,10,0,10,致和證券,2023-06-14,7030
6288,聯嘉,10,0,10,致和證券,2023-06-14,7030
8349,�矬�,10,0,10,致和證券,2023-06-14,7030
2027,大成鋼,10,1,9,致和證券,2023-06-14,7030
2630,亞航,43,34,9,致和證券,2023-06-14,7030
2885,元大金,9,0,9,致和證券,2023-06-14,7030
4108,懷特,10,1,9,致和證券,2023-06-14,7030
2033,佳大,8,0,8,致和證券,2023-06-14,7030
8114,振樺電,8,0,8,致和證券,2023-06-14,7030
8935,邦泰,8,0,8,致和證券,2023-06-14,7030
1611,中電,9,2,7,致和證券,2023-06-14,7030
2324,仁寶,9,2,7,致和證券,2023-06-14,7030
2382,廣達,17,11,6,致和證券,2023-06-14,7030
1781,合世,6,0,6,致和證券,2023-06-14,7030
2204,中華,6,0,6,致和證券,2023-06-14,7030
2329,華泰,9,3,6,致和證券,2023-06-14,7030
2332,友訊,6,0,6,致和證券,2023-06-14,7030
2390,云辰,6,0,6,致和證券,2023-06-14,7030
3019,亞光,16,10,6,致和證券,2023-06-14,7030
3062,建漢,6,0,6,致和證券,2023-06-14,7030
3141,晶宏,6,0,6,致和證券,2023-06-14,7030
3357,臺慶科,6,0,6,致和證券,2023-06-14,7030
3516,亞帝歐,6,0,6,致和證券,2023-06-14,7030
6596,寬宏藝術,6,0,6,致和證券,2023-06-14,7030
2449,京元電子,12,6,6,致和證券,2023-06-14,7030
2409,友達,6,1,5,致和證券,2023-06-14,7030
1701,中化,5,0,5,致和證券,2023-06-14,7030
1102,亞泥,5,0,5,致和證券,2023-06-14,7030
00673R,期元大S＆P原油反1,5,0,5,致和證券,2023-06-14,7030
00830,國泰費城半導體,5,0,5,致和證券,2023-06-14,7030
00892,富邦台灣半導體,5,0,5,致和證券,2023-06-14,7030
2102,泰豐,5,0,5,致和證券,2023-06-14,7030
2610,華航,666,293,373,致和證券,2023-06-15,7030
2331,精英,201,15,186,致和證券,2023-06-15,7030
1806,冠軍,104,32,72,致和證券,2023-06-15,7030
2888,新光金,49,10,39,致和證券,2023-06-15,7030
00712,復華富時不動產,28,0,28,致和證券,2023-06-15,7030
00715L,期街口布蘭特正2,27,0,27,致和證券,2023-06-15,7030
4533,協易機,31,5,26,致和證券,2023-06-15,7030
2609,陽明,29,4,25,致和證券,2023-06-15,7030
3022,威強電,24,0,24,致和證券,2023-06-15,7030
2401,凌陽,34,11,23,致和證券,2023-06-15,7030
1609,大亞,33,13,20,致和證券,2023-06-15,7030
0056,元大高股息,20,2,18,致和證券,2023-06-15,7030
3322,建舜電,18,0,18,致和證券,2023-06-15,7030
3481,群創,18,5,13,致和證券,2023-06-15,7030
3550,聯穎,13,0,13,致和證券,2023-06-15,7030
8358,金居,13,1,12,致和證券,2023-06-15,7030
1524,耿鼎,11,0,11,致和證券,2023-06-15,7030
6118,建達,12,1,11,致和證券,2023-06-15,7030
2887,台新金,10,0,10,致和證券,2023-06-15,7030
00830,國泰費城半導體,10,0,10,致和證券,2023-06-15,7030
2034,允強,10,0,10,致和證券,2023-06-15,7030
2449,京元電子,10,0,10,致和證券,2023-06-15,7030
3058,立德,10,0,10,致和證券,2023-06-15,7030
4113,聯上,10,0,10,致和證券,2023-06-15,7030
4532,瑞智,10,0,10,致和證券,2023-06-15,7030
6147,頎邦,12,2,10,致和證券,2023-06-15,7030
3034,聯詠,10,1,9,致和證券,2023-06-15,7030
6244,茂迪,15,6,9,致和證券,2023-06-15,7030
1514,亞力,9,1,8,致和證券,2023-06-15,7030
1781,合世,8,0,8,致和證券,2023-06-15,7030
2002,中鋼,8,0,8,致和證券,2023-06-15,7030
8076,伍豐,8,0,8,致和證券,2023-06-15,7030
2033,佳大,7,0,7,致和證券,2023-06-15,7030
2204,中華,6,0,6,致和證券,2023-06-15,7030
2607,榮運,6,0,6,致和證券,2023-06-15,7030
6596,寬宏藝術,6,0,6,致和證券,2023-06-15,7030
00919,群益台灣精選高息,5,0,5,致和證券,2023-06-15,7030
1102,亞泥,5,0,5,致和證券,2023-06-15,7030
1722,台肥,5,0,5,致和證券,2023-06-15,7030
2314,台揚,5,0,5,致和證券,2023-06-15,7030
2390,云辰,5,0,5,致和證券,2023-06-15,7030
2404,漢唐,5,0,5,致和證券,2023-06-15,7030
2408,南亞科,5,0,5,致和證券,2023-06-15,7030
2453,凌群,12,7,5,致和證券,2023-06-15,7030
5516,雙喜,8,3,5,致和證券,2023-06-15,7030
6015,宏遠證,5,0,5,致和證券,2023-06-15,7030
8054,安國,5,0,5,致和證券,2023-06-15,7030
8088,品安,5,0,5,致和證券,2023-06-15,7030
8092,建暐,5,0,5,致和證券,2023-06-15,7030
8163,達方,5,0,5,致和證券,2023-06-15,7030
6116,彩晶,1000,26,974,致和證券,2023-06-16,7030
2371,大同,874,26,848,致和證券,2023-06-16,7030
2495,普安,68,0,68,致和證券,2023-06-16,7030
2382,廣達,72,17,55,致和證券,2023-06-16,7030
3265,台星科,60,25,35,致和證券,2023-06-16,7030
2401,凌陽,38,4,34,致和證券,2023-06-16,7030
2610,華航,162,130,32,致和證券,2023-06-16,7030
5864,致和證,38,9,29,致和證券,2023-06-16,7030
1314,中石化,26,0,26,致和證券,2023-06-16,7030
1722,台肥,25,0,25,致和證券,2023-06-16,7030
2201,裕隆,23,0,23,致和證券,2023-06-16,7030
1524,耿鼎,22,0,22,致和證券,2023-06-16,7030
2374,佳能,20,0,20,致和證券,2023-06-16,7030
2606,裕民,20,0,20,致和證券,2023-06-16,7030
3324,雙鴻,21,1,20,致和證券,2023-06-16,7030
00885,富邦越南,22,6,16,致和證券,2023-06-16,7030
8110,華東,20,5,15,致和證券,2023-06-16,7030
2308,台達電,13,0,13,致和證券,2023-06-16,7030
00878,國泰永續高股息,18,5,13,致和證券,2023-06-16,7030
00919,群益台灣精選高息,13,0,13,致和證券,2023-06-16,7030
2880,華南金,13,0,13,致和證券,2023-06-16,7030
2017,官田鋼,12,0,12,致和證券,2023-06-16,7030
00929,復華台灣科技優息,11,0,11,致和證券,2023-06-16,7030
1319,東陽,11,1,10,致和證券,2023-06-16,7030
2353,宏��,10,0,10,致和證券,2023-06-16,7030
3022,威強電,10,0,10,致和證券,2023-06-16,7030
4142,國光生,10,0,10,致和證券,2023-06-16,7030
5434,崇越,10,0,10,致和證券,2023-06-16,7030
2002,中鋼,20,11,9,致和證券,2023-06-16,7030
2883,凱基金,11,2,9,致和證券,2023-06-16,7030
2886,兆豐金,9,0,9,致和證券,2023-06-16,7030
2913,農林,10,1,9,致和證券,2023-06-16,7030
3443,創意,10,2,8,致和證券,2023-06-16,7030
1611,中電,13,5,8,致和證券,2023-06-16,7030
2027,大成鋼,12,4,8,致和證券,2023-06-16,7030
6245,立端,8,0,8,致和證券,2023-06-16,7030
2317,鴻海,12,5,7,致和證券,2023-06-16,7030
1101,台泥,14,7,7,致和證券,2023-06-16,7030
2104,國際中橡,10,3,7,致和證券,2023-06-16,7030
5483,中美晶,15,8,7,致和證券,2023-06-16,7030
00795B,中信美國公債20年,6,0,6,致和證券,2023-06-16,7030
2543,皇昌,9,3,6,致和證券,2023-06-16,7030
8050,廣積,6,0,6,致和證券,2023-06-16,7030
1104,環泥,5,0,5,致和證券,2023-06-16,7030
00904,新光臺灣半導體30,5,0,5,致和證券,2023-06-16,7030
2105,正新,5,0,5,致和證券,2023-06-16,7030
2453,凌群,5,0,5,致和證券,2023-06-16,7030
2504,國產,5,0,5,致和證券,2023-06-16,7030
2645,長榮航太,5,0,5,致和證券,2023-06-16,7030
5347,世界,5,0,5,致和證券,2023-06-16,7030
2618,長榮航,315,12,303,致和證券,2023-06-19,7030
2312,金寶,121,8,113,致和證券,2023-06-19,7030
6116,彩晶,89,11,78,致和證券,2023-06-19,7030
00885,富邦越南,72,0,72,致和證券,2023-06-19,7030
2104,國際中橡,71,0,71,致和證券,2023-06-19,7030
3231,緯創,55,4,51,致和證券,2023-06-19,7030
3576,聯合再生,50,0,50,致和證券,2023-06-19,7030
1815,富喬,76,27,49,致和證券,2023-06-19,7030
2353,宏��,44,3,41,致和證券,2023-06-19,7030
1217,愛之味,38,2,36,致和證券,2023-06-19,7030
3049,精金,40,5,35,致和證券,2023-06-19,7030
5864,致和證,46,12,34,致和證券,2023-06-19,7030
2103,台橡,32,2,30,致和證券,2023-06-19,7030
4533,協易機,30,1,29,致和證券,2023-06-19,7030
3372,典範,28,0,28,致和證券,2023-06-19,7030
3031,佰鴻,25,0,25,致和證券,2023-06-19,7030
2371,大同,23,2,21,致和證券,2023-06-19,7030
00882,中信中國高股息,18,0,18,致和證券,2023-06-19,7030
2356,英業達,27,9,18,致和證券,2023-06-19,7030
1711,永光,21,4,17,致和證券,2023-06-19,7030
6578,達邦蛋白,14,0,14,致和證券,2023-06-19,7030
2324,仁寶,25,12,13,致和證券,2023-06-19,7030
3265,台星科,38,25,13,致和證券,2023-06-19,7030
00632R,元大台灣50反1,12,0,12,致和證券,2023-06-19,7030
2331,精英,11,0,11,致和證券,2023-06-19,7030
2606,裕民,11,0,11,致和證券,2023-06-19,7030
3022,威強電,11,0,11,致和證券,2023-06-19,7030
2495,普安,10,0,10,致和證券,2023-06-19,7030
2888,新光金,15,5,10,致和證券,2023-06-19,7030
3362,先進光,10,0,10,致和證券,2023-06-19,7030
4131,浩泰,10,0,10,致和證券,2023-06-19,7030
8429,金麗-KY,10,0,10,致和證券,2023-06-19,7030
2882,國泰金,10,1,9,致和證券,2023-06-19,7030
3038,全台,9,0,9,致和證券,2023-06-19,7030
1605,華新,28,20,8,致和證券,2023-06-19,7030
1608,華榮,10,2,8,致和證券,2023-06-19,7030
2033,佳大,7,0,7,致和證券,2023-06-19,7030
2404,漢唐,7,0,7,致和證券,2023-06-19,7030
2609,陽明,10,3,7,致和證券,2023-06-19,7030
1409,新纖,6,0,6,致和證券,2023-06-19,7030
1609,大亞,9,3,6,致和證券,2023-06-19,7030
2105,正新,6,0,6,致和證券,2023-06-19,7030
1722,台肥,5,0,5,致和證券,2023-06-19,7030
2332,友訊,5,0,5,致和證券,2023-06-19,7030
2401,凌陽,7,2,5,致和證券,2023-06-19,7030
3287,廣寰科,6,1,5,致和證券,2023-06-19,7030
5512,力麒,5,0,5,致和證券,2023-06-19,7030
5704,老爺知,5,0,5,致和證券,2023-06-19,7030
8088,品安,5,0,5,致和證券,2023-06-19,7030
2449,京元電子,5,0,5,致和證券,2023-06-19,7030
3576,聯合再生,300,0,300,致和證券,2023-06-20,7030
2331,精英,203,14,189,致和證券,2023-06-20,7030
00664R,國泰臺灣加權反1,100,0,100,致和證券,2023-06-20,7030
2382,廣達,104,12,92,致和證券,2023-06-20,7030
1612,宏泰,71,10,61,致和證券,2023-06-20,7030
2888,新光金,59,5,54,致和證券,2023-06-20,7030
6125,廣運,50,0,50,致和證券,2023-06-20,7030
2618,長榮航,45,0,45,致和證券,2023-06-20,7030
2610,華航,82,38,44,致和證券,2023-06-20,7030
3564,其陽,45,1,44,致和證券,2023-06-20,7030
6244,茂迪,38,3,35,致和證券,2023-06-20,7030
1722,台肥,26,0,26,致和證券,2023-06-20,7030
1710,東聯,20,0,20,致和證券,2023-06-20,7030
2356,英業達,19,2,17,致和證券,2023-06-20,7030
5864,致和證,30,14,16,致和證券,2023-06-20,7030
2409,友達,27,12,15,致和證券,2023-06-20,7030
3380,明泰,14,0,14,致和證券,2023-06-20,7030
2337,旺宏,33,20,13,致和證券,2023-06-20,7030
1815,富喬,21,8,13,致和證券,2023-06-20,7030
8234,新漢,25,12,13,致和證券,2023-06-20,7030
1513,中興電,49,37,12,致和證券,2023-06-20,7030
3363,上詮,13,1,12,致和證券,2023-06-20,7030
8222,寶一,12,0,12,致和證券,2023-06-20,7030
1308,亞聚,10,0,10,致和證券,2023-06-20,7030
2701,萬企,10,0,10,致和證券,2023-06-20,7030
3703,欣陸,10,0,10,致和證券,2023-06-20,7030
4131,浩泰,10,0,10,致和證券,2023-06-20,7030
4906,正文,10,0,10,致和證券,2023-06-20,7030
2634,漢翔,15,7,8,致和證券,2023-06-20,7030
2033,佳大,8,0,8,致和證券,2023-06-20,7030
3056,富華新,9,1,8,致和證券,2023-06-20,7030
3481,群創,24,16,8,致和證券,2023-06-20,7030
1781,合世,6,0,6,致和證券,2023-06-20,7030
2017,官田鋼,7,1,6,致和證券,2023-06-20,7030
2707,晶華,6,0,6,致和證券,2023-06-20,7030
0056,元大高股息,5,0,5,致和證券,2023-06-20,7030
1584,精剛,8,3,5,致和證券,2023-06-20,7030
1201,味全,5,0,5,致和證券,2023-06-20,7030
00892,富邦台灣半導體,5,0,5,致和證券,2023-06-20,7030
2342,茂矽,7,2,5,致和證券,2023-06-20,7030
2404,漢唐,5,0,5,致和證券,2023-06-20,7030
3031,佰鴻,5,0,5,致和證券,2023-06-20,7030
3402,漢科,5,0,5,致和證券,2023-06-20,7030
4128,中天,5,0,5,致和證券,2023-06-20,7030
4532,瑞智,5,0,5,致和證券,2023-06-20,7030
8105,凌巨,5,0,5,致和證券,2023-06-20,7030
8150,南茂,5,0,5,致和證券,2023-06-20,7030
8249,菱光,5,0,5,致和證券,2023-06-20,7030
2454,聯發科,4,0,4,致和證券,2023-06-20,7030
00885,富邦越南,4,0,4,致和證券,2023-06-20,7030
6125,廣運,162,19,143,致和證券,2023-06-21,7030
2605,新興,101,0,101,致和證券,2023-06-21,7030
2323,中環,71,18,53,致和證券,2023-06-21,7030
00753L,中信中國50正2,50,0,50,致和證券,2023-06-21,7030
5512,力麒,40,0,40,致和證券,2023-06-21,7030
6188,廣明,30,0,30,致和證券,2023-06-21,7030
6290,良維,22,0,22,致和證券,2023-06-21,7030
2498,宏達電,21,1,20,致和證券,2023-06-21,7030
2606,裕民,20,0,20,致和證券,2023-06-21,7030
2704,國賓,20,0,20,致和證券,2023-06-21,7030
3265,台星科,30,10,20,致和證券,2023-06-21,7030
1815,富喬,29,13,16,致和證券,2023-06-21,7030
1471,首利,21,8,13,致和證券,2023-06-21,7030
2228,劍麟,13,0,13,致和證券,2023-06-21,7030
3264,欣銓,13,0,13,致和證券,2023-06-21,7030
1103,嘉泥,12,0,12,致和證券,2023-06-21,7030
2017,官田鋼,22,10,12,致和證券,2023-06-21,7030
2033,佳大,12,0,12,致和證券,2023-06-21,7030
1522,堤維西,11,0,11,致和證券,2023-06-21,7030
2634,漢翔,17,6,11,致和證券,2023-06-21,7030
3703,欣陸,11,0,11,致和證券,2023-06-21,7030
4906,正文,11,0,11,致和證券,2023-06-21,7030
3231,緯創,44,34,10,致和證券,2023-06-21,7030
1609,大亞,13,3,10,致和證券,2023-06-21,7030
1608,華榮,10,0,10,致和證券,2023-06-21,7030
2201,裕隆,10,0,10,致和證券,2023-06-21,7030
2374,佳能,10,0,10,致和證券,2023-06-21,7030
2488,漢平,10,0,10,致和證券,2023-06-21,7030
2834,臺企銀,10,0,10,致和證券,2023-06-21,7030
3092,鴻碩,10,0,10,致和證券,2023-06-21,7030
2609,陽明,11,2,9,致和證券,2023-06-21,7030
2388,威盛,7,0,7,致和證券,2023-06-21,7030
3581,博磊,8,1,7,致和證券,2023-06-21,7030
5425,台半,11,4,7,致和證券,2023-06-21,7030
6120,達運,8,1,7,致和證券,2023-06-21,7030
2883,凱基金,6,0,6,致和證券,2023-06-21,7030
3013,晟銘電,6,0,6,致和證券,2023-06-21,7030
6446,藥華藥,6,0,6,致和證券,2023-06-21,7030
1102,亞泥,5,0,5,致和證券,2023-06-21,7030
00892,富邦台灣半導體,5,0,5,致和證券,2023-06-21,7030
1605,華新,11,6,5,致和證券,2023-06-21,7030
1711,永光,10,5,5,致和證券,2023-06-21,7030
1802,台玻,5,0,5,致和證券,2023-06-21,7030
2009,第一銅,5,0,5,致和證券,2023-06-21,7030
2301,光寶科,5,0,5,致和證券,2023-06-21,7030
2340,台亞,37,32,5,致和證券,2023-06-21,7030
2702,華園,6,1,5,致和證券,2023-06-21,7030
2707,晶華,5,0,5,致和證券,2023-06-21,7030
2905,三商,5,0,5,致和證券,2023-06-21,7030
3272,東碩,5,0,5,致和證券,2023-06-21,7030
2371,大同,152,11,141,致和證券,2023-06-26,7030
2331,精英,100,0,100,致和證券,2023-06-26,7030
00664R,國泰臺灣加權反1,50,0,50,致和證券,2023-06-26,7030
2867,三商壽,50,0,50,致和證券,2023-06-26,7030
2323,中環,56,7,49,致和證券,2023-06-26,7030
6125,廣運,88,41,47,致和證券,2023-06-26,7030
2406,國碩,50,3,47,致和證券,2023-06-26,7030
2382,廣達,52,12,40,致和證券,2023-06-26,7030
0056,元大高股息,29,0,29,致和證券,2023-06-26,7030
6531,愛普*,31,3,28,致和證券,2023-06-26,7030
6219,富旺,30,6,24,致和證券,2023-06-26,7030
6120,達運,26,2,24,致和證券,2023-06-26,7030
5483,中美晶,22,0,22,致和證券,2023-06-26,7030
00632R,元大台灣50反1,20,0,20,致和證券,2023-06-26,7030
2706,第一店,21,1,20,致和證券,2023-06-26,7030
2801,彰銀,20,0,20,致和證券,2023-06-26,7030
6282,康舒,16,1,15,致和證券,2023-06-26,7030
9907,統一實,14,0,14,致和證券,2023-06-26,7030
8222,寶一,11,0,11,致和證券,2023-06-26,7030
00720B,元大投資級公司債,10,0,10,致和證券,2023-06-26,7030
2017,官田鋼,15,5,10,致和證券,2023-06-26,7030
2412,中華電,10,0,10,致和證券,2023-06-26,7030
2515,中工,10,0,10,致和證券,2023-06-26,7030
2736,富野,11,1,10,致和證券,2023-06-26,7030
3265,台星科,10,0,10,致和證券,2023-06-26,7030
4532,瑞智,10,0,10,致和證券,2023-06-26,7030
6274,台燿,10,0,10,致和證券,2023-06-26,7030
8488,吉源-KY,10,0,10,致和證券,2023-06-26,7030
4526,東台,10,0,10,致和證券,2023-06-26,7030
1533,車王電,10,1,9,致和證券,2023-06-26,7030
1815,富喬,9,0,9,致和證券,2023-06-26,7030
8201,無敵,9,0,9,致和證券,2023-06-26,7030
2344,華邦電,9,1,8,致和證券,2023-06-26,7030
2609,陽明,8,0,8,致和證券,2023-06-26,7030
2449,京元電子,9,1,8,致和證券,2023-06-26,7030
6244,茂迪,11,3,8,致和證券,2023-06-26,7030
2888,新光金,10,3,7,致和證券,2023-06-26,7030
3231,緯創,8,1,7,致和證券,2023-06-26,7030
3380,明泰,7,0,7,致和證券,2023-06-26,7030
8210,勤誠,10,3,7,致和證券,2023-06-26,7030
1605,華新,11,5,6,致和證券,2023-06-26,7030
00715L,期街口布蘭特正2,6,0,6,致和證券,2023-06-26,7030
1319,東陽,6,0,6,致和證券,2023-06-26,7030
2409,友達,12,6,6,致和證券,2023-06-26,7030
2882,國泰金,7,1,6,致和證券,2023-06-26,7030
3260,威剛,6,0,6,致和證券,2023-06-26,7030
4906,正文,6,0,6,致和證券,2023-06-26,7030
8050,廣積,6,0,6,致和證券,2023-06-26,7030
3356,奇偶,7,1,6,致和證券,2023-06-26,7030
1104,環泥,5,0,5,致和證券,2023-06-26,7030
2356,英業達,212,8,204,致和證券,2023-06-27,7030
2303,聯電,202,1,201,致和證券,2023-06-27,7030
2610,華航,70,7,63,致和證券,2023-06-27,7030
2834,臺企銀,60,0,60,致和證券,2023-06-27,7030
00632R,元大台灣50反1,45,5,40,致和證券,2023-06-27,7030
6274,台燿,37,1,36,致和證券,2023-06-27,7030
1605,華新,33,1,32,致和證券,2023-06-27,7030
2888,新光金,27,1,26,致和證券,2023-06-27,7030
2382,廣達,50,24,26,致和證券,2023-06-27,7030
6188,廣明,23,0,23,致和證券,2023-06-27,7030
4934,太極,26,4,22,致和證券,2023-06-27,7030
3022,威強電,20,0,20,致和證券,2023-06-27,7030
2353,宏��,21,2,19,致和證券,2023-06-27,7030
0056,元大高股息,20,2,18,致和證券,2023-06-27,7030
2340,台亞,23,5,18,致和證券,2023-06-27,7030
2409,友達,30,13,17,致和證券,2023-06-27,7030
2801,彰銀,17,0,17,致和證券,2023-06-27,7030
6770,力積電,21,4,17,致和證券,2023-06-27,7030
3231,緯創,29,12,17,致和證券,2023-06-27,7030
2014,中鴻,16,0,16,致和證券,2023-06-27,7030
3265,台星科,20,6,14,致和證券,2023-06-27,7030
2427,三商電,31,18,13,致和證券,2023-06-27,7030
2388,威盛,11,0,11,致和證券,2023-06-27,7030
00902,中信電池及儲能,10,0,10,致和證券,2023-06-27,7030
1603,華電,10,0,10,致和證券,2023-06-27,7030
1722,台肥,10,0,10,致和證券,2023-06-27,7030
2324,仁寶,10,0,10,致和證券,2023-06-27,7030
2606,裕民,10,0,10,致和證券,2023-06-27,7030
2702,華園,20,10,10,致和證券,2023-06-27,7030
3041,揚智,10,0,10,致和證券,2023-06-27,7030
3380,明泰,10,0,10,致和證券,2023-06-27,7030
1210,大成,10,1,9,致和證券,2023-06-27,7030
2017,官田鋼,12,3,9,致和證券,2023-06-27,7030
1513,中興電,26,18,8,致和證券,2023-06-27,7030
1307,三芳,8,0,8,致和證券,2023-06-27,7030
1609,大亞,23,15,8,致和證券,2023-06-27,7030
6244,茂迪,10,2,8,致和證券,2023-06-27,7030
1313,聯成,8,1,7,致和證券,2023-06-27,7030
2332,友訊,7,0,7,致和證券,2023-06-27,7030
3071,協禧,7,0,7,致和證券,2023-06-27,7030
4128,中天,7,0,7,致和證券,2023-06-27,7030
6122,擎邦,7,0,7,致和證券,2023-06-27,7030
2033,佳大,6,0,6,致和證券,2023-06-27,7030
2104,國際中橡,6,0,6,致和證券,2023-06-27,7030
2543,皇昌,8,2,6,致和證券,2023-06-27,7030
3128,昇銳,7,1,6,致和證券,2023-06-27,7030
4106,雃博,6,0,6,致和證券,2023-06-27,7030
4114,健喬,6,0,6,致和證券,2023-06-27,7030
6176,瑞儀,6,0,6,致和證券,2023-06-27,7030
00892,富邦台灣半導體,5,0,5,致和證券,2023-06-27,7030
3706,神達,101,1,100,致和證券,2023-06-28,7030
00715L,期街口布蘭特正2,86,0,86,致和證券,2023-06-28,7030
3481,群創,64,3,61,致和證券,2023-06-28,7030
2913,農林,35,0,35,致和證券,2023-06-28,7030
2882A,國泰特,30,0,30,致和證券,2023-06-28,7030
6244,茂迪,27,0,27,致和證券,2023-06-28,7030
2409,友達,31,5,26,致和證券,2023-06-28,7030
1444,力麗,25,1,24,致和證券,2023-06-28,7030
2885,元大金,20,0,20,致和證券,2023-06-28,7030
4131,浩泰,20,0,20,致和證券,2023-06-28,7030
1471,首利,20,3,17,致和證券,2023-06-28,7030
6125,廣運,18,3,15,致和證券,2023-06-28,7030
1605,華新,19,5,14,致和證券,2023-06-28,7030
2340,台亞,29,15,14,致和證券,2023-06-28,7030
00882,中信中國高股息,13,0,13,致和證券,2023-06-28,7030
2323,中環,14,2,12,致和證券,2023-06-28,7030
2915,潤泰全,12,0,12,致和證券,2023-06-28,7030
00922,國泰台灣領袖50,11,0,11,致和證券,2023-06-28,7030
3356,奇偶,18,7,11,致和證券,2023-06-28,7030
4906,正文,34,23,11,致和證券,2023-06-28,7030
2033,佳大,10,0,10,致和證券,2023-06-28,7030
2408,南亞科,10,0,10,致和證券,2023-06-28,7030
2702,華園,10,0,10,致和證券,2023-06-28,7030
2801,彰銀,10,0,10,致和證券,2023-06-28,7030
1301,台塑,9,0,9,致和證券,2023-06-28,7030
00919,群益台灣精選高息,8,0,8,致和證券,2023-06-28,7030
2027,大成鋼,8,0,8,致和證券,2023-06-28,7030
1802,台玻,7,0,7,致和證券,2023-06-28,7030
2017,官田鋼,7,0,7,致和證券,2023-06-28,7030
4961,天鈺,7,0,7,致和證券,2023-06-28,7030
8076,伍豐,17,10,7,致和證券,2023-06-28,7030
2606,裕民,6,0,6,致和證券,2023-06-28,7030
2609,陽明,6,0,6,致和證券,2023-06-28,7030
2736,富野,8,2,6,致和證券,2023-06-28,7030
5425,台半,6,0,6,致和證券,2023-06-28,7030
1528,恩德,5,0,5,致和證券,2023-06-28,7030
1513,中興電,13,8,5,致和證券,2023-06-28,7030
1314,中石化,5,0,5,致和證券,2023-06-28,7030
1907,永豐餘,5,0,5,致和證券,2023-06-28,7030
2014,中鴻,6,1,5,致和證券,2023-06-28,7030
2527,宏璟,5,0,5,致和證券,2023-06-28,7030
3025,星通,6,1,5,致和證券,2023-06-28,7030
3058,立德,5,0,5,致和證券,2023-06-28,7030
3532,台勝科,5,0,5,致和證券,2023-06-28,7030
4904,遠傳,5,0,5,致和證券,2023-06-28,7030
2427,三商電,5,1,4,致和證券,2023-06-28,7030
2495,普安,4,0,4,致和證券,2023-06-28,7030
3057,喬鼎,6,2,4,致和證券,2023-06-28,7030
8069,元太,5,2,3,致和證券,2023-06-28,7030
1303,南亞,3,0,3,致和證券,2023-06-28,7030
6182,合晶,28,0,28,致和證券,2023-06-29,7030
3322,建舜電,27,0,27,致和證券,2023-06-29,7030
8034,榮群,25,0,25,致和證券,2023-06-29,7030
3564,其陽,23,0,23,致和證券,2023-06-29,7030
2303,聯電,25,3,22,致和證券,2023-06-29,7030
00929,復華台灣科技優息,20,0,20,致和證券,2023-06-29,7030
2515,中工,20,2,18,致和證券,2023-06-29,7030
2409,友達,16,0,16,致和證券,2023-06-29,7030
8110,華東,21,5,16,致和證券,2023-06-29,7030
1722,台肥,15,0,15,致和證券,2023-06-29,7030
2618,長榮航,32,17,15,致和證券,2023-06-29,7030
4157,太景*-KY,16,2,14,致和證券,2023-06-29,7030
3236,千如,12,0,12,致和證券,2023-06-29,7030
6589,台康生技,16,4,12,致和證券,2023-06-29,7030
1605,華新,31,20,11,致和證券,2023-06-29,7030
00902,中信電池及儲能,11,0,11,致和證券,2023-06-29,7030
2388,威盛,13,2,11,致和證券,2023-06-29,7030
00632R,元大台灣50反1,10,0,10,致和證券,2023-06-29,7030
2702,華園,30,20,10,致和證券,2023-06-29,7030
4934,太極,10,0,10,致和證券,2023-06-29,7030
7402,邑錡,10,0,10,致和證券,2023-06-29,7030
9105,泰金寶-DR,10,0,10,致和證券,2023-06-29,7030
4746,台耀,11,2,9,致和證券,2023-06-29,7030
2033,佳大,8,0,8,致和證券,2023-06-29,7030
3481,群創,9,1,8,致和證券,2023-06-29,7030
2888,新光金,55,48,7,致和證券,2023-06-29,7030
4414,如興,7,0,7,致和證券,2023-06-29,7030
6198,瑞築,7,0,7,致和證券,2023-06-29,7030
2323,中環,6,0,6,致和證券,2023-06-29,7030
2404,漢唐,6,0,6,致和證券,2023-06-29,7030
3380,明泰,20,14,6,致和證券,2023-06-29,7030
4908,前鼎,10,4,6,致和證券,2023-06-29,7030
2317,鴻海,8,3,5,致和證券,2023-06-29,7030
1519,華城,6,1,5,致和證券,2023-06-29,7030
1460,宏遠,5,0,5,致和證券,2023-06-29,7030
1710,東聯,5,0,5,致和證券,2023-06-29,7030
3499,環天科,5,0,5,致和證券,2023-06-29,7030
4113,聯上,5,0,5,致和證券,2023-06-29,7030
4526,東台,10,5,5,致和證券,2023-06-29,7030
6191,精成科,5,0,5,致和證券,2023-06-29,7030
9904,寶成,5,0,5,致和證券,2023-06-29,7030
1528,恩德,6,2,4,致和證券,2023-06-29,7030
2374,佳能,4,0,4,致和證券,2023-06-29,7030
2610,華航,12,8,4,致和證券,2023-06-29,7030
3673,TPK-KY,4,0,4,致和證券,2023-06-29,7030
4108,懷特,4,0,4,致和證券,2023-06-29,7030
5347,世界,4,0,4,致和證券,2023-06-29,7030
6153,嘉聯益,9,5,4,致和證券,2023-06-29,7030
6531,愛普*,7,3,4,致和證券,2023-06-29,7030
6657,華安,5,1,4,致和證券,2023-06-29,7030
1718,中纖,147,0,147,致和證券,2023-06-30,7030
6188,廣明,120,16,104,致和證券,2023-06-30,7030
2515,中工,70,1,69,致和證券,2023-06-30,7030
3564,其陽,57,2,55,致和證券,2023-06-30,7030
2228,劍麟,43,1,42,致和證券,2023-06-30,7030
2344,華邦電,62,22,40,致和證券,2023-06-30,7030
00680L,元大美債20正2,20,0,20,致和證券,2023-06-30,7030
2801,彰銀,17,0,17,致和證券,2023-06-30,7030
4906,正文,30,13,17,致和證券,2023-06-30,7030
3078,僑威,19,3,16,致和證券,2023-06-30,7030
1444,力麗,13,0,13,致和證券,2023-06-30,7030
3034,聯詠,12,0,12,致和證券,2023-06-30,7030
2402,毅嘉,14,2,12,致和證券,2023-06-30,7030
3481,群創,13,2,11,致和證券,2023-06-30,7030
2881,富邦金,10,0,10,致和證券,2023-06-30,7030
2913,農林,10,0,10,致和證券,2023-06-30,7030
3049,精金,10,0,10,致和證券,2023-06-30,7030
3363,上詮,10,0,10,致和證券,2023-06-30,7030
4543,萬在,14,4,10,致和證券,2023-06-30,7030
6191,精成科,10,0,10,致和證券,2023-06-30,7030
8105,凌巨,10,0,10,致和證券,2023-06-30,7030
1605,華新,9,0,9,致和證券,2023-06-30,7030
3715,定穎投控,8,0,8,致和證券,2023-06-30,7030
2457,飛宏,10,3,7,致和證券,2023-06-30,7030
2543,皇昌,10,3,7,致和證券,2023-06-30,7030
4414,如興,7,0,7,致和證券,2023-06-30,7030
8110,華東,12,5,7,致和證券,2023-06-30,7030
2330,台積電,6,0,6,致和證券,2023-06-30,7030
2206,三陽工業,8,2,6,致和證券,2023-06-30,7030
1815,富喬,9,3,6,致和證券,2023-06-30,7030
2314,台揚,6,0,6,致和證券,2023-06-30,7030
3062,建漢,6,0,6,致和證券,2023-06-30,7030
3207,耀勝,8,2,6,致和證券,2023-06-30,7030
5222,全訊,6,0,6,致和證券,2023-06-30,7030
2615,萬海,8,2,6,致和證券,2023-06-30,7030
1432,大魯閣,5,0,5,致和證券,2023-06-30,7030
1108,幸福,5,0,5,致和證券,2023-06-30,7030
1722,台肥,5,0,5,致和證券,2023-06-30,7030
2033,佳大,5,0,5,致和證券,2023-06-30,7030
2308,台達電,5,0,5,致和證券,2023-06-30,7030
2313,華通,15,10,5,致和證券,2023-06-30,7030
2340,台亞,32,27,5,致和證券,2023-06-30,7030
3380,明泰,5,0,5,致和證券,2023-06-30,7030
3491,昇達科,5,0,5,致和證券,2023-06-30,7030
3706,神達,6,1,5,致和證券,2023-06-30,7030
6133,金橋,5,0,5,致和證券,2023-06-30,7030
6446,藥華藥,5,0,5,致和證券,2023-06-30,7030
2371,大同,12,7,5,致和證券,2023-06-30,7030
1201,味全,4,0,4,致和證券,2023-06-30,7030
2329,華泰,16,12,4,致和證券,2023-06-30,7030
2002,中鋼,3300,0,3300,致和證券,2023-07-03,7030
3306,鼎天,47,0,47,致和證券,2023-07-03,7030
2017,官田鋼,41,10,31,致和證券,2023-07-03,7030
2303,聯電,31,2,29,致和證券,2023-07-03,7030
8034,榮群,27,0,27,致和證券,2023-07-03,7030
2618,長榮航,36,12,24,致和證券,2023-07-03,7030
2340,台亞,14,1,13,致和證券,2023-07-03,7030
6188,廣明,23,11,12,致和證券,2023-07-03,7030
2356,英業達,24,13,11,致和證券,2023-07-03,7030
2615,萬海,28,17,11,致和證券,2023-07-03,7030
3090,日電貿,11,0,11,致和證券,2023-07-03,7030
8112,至上,11,0,11,致和證券,2023-07-03,7030
00712,復華富時不動產,10,0,10,致和證券,2023-07-03,7030
1101,台泥,10,0,10,致和證券,2023-07-03,7030
2103,台橡,10,0,10,致和證券,2023-07-03,7030
2323,中環,21,11,10,致和證券,2023-07-03,7030
2887,台新金,10,0,10,致和證券,2023-07-03,7030
4161,聿新科,10,0,10,致和證券,2023-07-03,7030
4510,高鋒,10,0,10,致和證券,2023-07-03,7030
4541,晟田,10,0,10,致和證券,2023-07-03,7030
6139,亞翔,10,0,10,致和證券,2023-07-03,7030
6689,伊雲谷,10,0,10,致和證券,2023-07-03,7030
1304,台聚,10,1,9,致和證券,2023-07-03,7030
1907,永豐餘,10,1,9,致和證券,2023-07-03,7030
2344,華邦電,8,0,8,致和證券,2023-07-03,7030
6117,迎廣,9,1,8,致和證券,2023-07-03,7030
2337,旺宏,21,14,7,致和證券,2023-07-03,7030
5488,松普,10,3,7,致和證券,2023-07-03,7030
8488,吉源-KY,7,0,7,致和證券,2023-07-03,7030
1217,愛之味,7,0,7,致和證券,2023-07-03,7030
1781,合世,6,0,6,致和證券,2023-07-03,7030
2368,金像電,9,3,6,致和證券,2023-07-03,7030
2801,彰銀,6,0,6,致和證券,2023-07-03,7030
3032,偉訓,7,1,6,致和證券,2023-07-03,7030
3703,欣陸,6,0,6,致和證券,2023-07-03,7030
2033,佳大,5,0,5,致和證券,2023-07-03,7030
2211,長榮鋼,5,0,5,致和證券,2023-07-03,7030
2354,鴻準,8,3,5,致和證券,2023-07-03,7030
2355,敬鵬,5,0,5,致和證券,2023-07-03,7030
2382,廣達,14,9,5,致和證券,2023-07-03,7030
2408,南亞科,5,0,5,致和證券,2023-07-03,7030
2905,三商,5,0,5,致和證券,2023-07-03,7030
6191,精成科,5,0,5,致和證券,2023-07-03,7030
2609,陽明,61,57,4,致和證券,2023-07-03,7030
1319,東陽,4,0,4,致和證券,2023-07-03,7030
2468,華經,5,1,4,致和證券,2023-07-03,7030
3207,耀勝,10,6,4,致和證券,2023-07-03,7030
3673,TPK-KY,4,0,4,致和證券,2023-07-03,7030
3711,日月光投控,4,0,4,致和證券,2023-07-03,7030
4961,天鈺,4,0,4,致和證券,2023-07-03,7030
2002,中鋼,1506,0,1506,致和證券,2023-07-04,7030
6116,彩晶,1000,0,1000,致和證券,2023-07-04,7030
2399,映泰,206,2,204,致和證券,2023-07-04,7030
00929,復華台灣科技優息,60,5,55,致和證券,2023-07-04,7030
3306,鼎天,55,0,55,致和證券,2023-07-04,7030
2105,正新,51,0,51,致和證券,2023-07-04,7030
2883,凱基金,43,0,43,致和證券,2023-07-04,7030
9946,三發地產,40,0,40,致和證券,2023-07-04,7030
8488,吉源-KY,34,0,34,致和證券,2023-07-04,7030
2603,長榮,44,12,32,致和證券,2023-07-04,7030
6531,愛普*,29,5,24,致和證券,2023-07-04,7030
2887,台新金,22,2,20,致和證券,2023-07-04,7030
2323,中環,25,6,19,致和證券,2023-07-04,7030
6517,保勝光學,20,2,18,致和證券,2023-07-04,7030
4906,正文,26,9,17,致和證券,2023-07-04,7030
3576,聯合再生,20,4,16,致和證券,2023-07-04,7030
3689,湧德,15,1,14,致和證券,2023-07-04,7030
3380,明泰,17,4,13,致和證券,2023-07-04,7030
2382,廣達,26,13,13,致和證券,2023-07-04,7030
8210,勤誠,14,3,11,致和證券,2023-07-04,7030
2885,元大金,11,0,11,致和證券,2023-07-04,7030
2880,華南金,11,0,11,致和證券,2023-07-04,7030
00780B,國泰A級金融債,10,0,10,致和證券,2023-07-04,7030
00679B,元大美債20年,10,0,10,致和證券,2023-07-04,7030
1710,東聯,10,0,10,致和證券,2023-07-04,7030
2413,環科,12,2,10,致和證券,2023-07-04,7030
1314,中石化,9,0,9,致和證券,2023-07-04,7030
1781,合世,9,0,9,致和證券,2023-07-04,7030
1504,東元,8,0,8,致和證券,2023-07-04,7030
2615,萬海,31,23,8,致和證券,2023-07-04,7030
5536,聖暉*,7,0,7,致和證券,2023-07-04,7030
1301,台塑,6,0,6,致和證券,2023-07-04,7030
1528,恩德,6,0,6,致和證券,2023-07-04,7030
2867,三商壽,6,0,6,致和證券,2023-07-04,7030
3234,光環,6,0,6,致和證券,2023-07-04,7030
3481,群創,8,2,6,致和證券,2023-07-04,7030
3711,日月光投控,6,0,6,致和證券,2023-07-04,7030
8935,邦泰,6,0,6,致和證券,2023-07-04,7030
1513,中興電,6,1,5,致和證券,2023-07-04,7030
1611,中電,5,0,5,致和證券,2023-07-04,7030
00701,國泰股利精選30,5,0,5,致和證券,2023-07-04,7030
00885,富邦越南,5,0,5,致和證券,2023-07-04,7030
1342,八貫,5,0,5,致和證券,2023-07-04,7030
1815,富喬,7,2,5,致和證券,2023-07-04,7030
2033,佳大,5,0,5,致和證券,2023-07-04,7030
2355,敬鵬,5,0,5,致和證券,2023-07-04,7030
2368,金像電,7,2,5,致和證券,2023-07-04,7030
2393,億光,5,0,5,致和證券,2023-07-04,7030
3028,增你強,5,0,5,致和證券,2023-07-04,7030
3115,富榮綱,5,0,5,致和證券,2023-07-04,7030
6770,力積電,207,22,185,致和證券,2023-07-05,7030
3306,鼎天,70,0,70,致和證券,2023-07-05,7030
00929,復華台灣科技優息,54,3,51,致和證券,2023-07-05,7030
6531,愛普*,52,11,41,致和證券,2023-07-05,7030
1608,華榮,53,21,32,致和證券,2023-07-05,7030
2356,英業達,38,6,32,致和證券,2023-07-05,7030
2610,華航,79,49,30,致和證券,2023-07-05,7030
2105,正新,25,0,25,致和證券,2023-07-05,7030
3402,漢科,25,0,25,致和證券,2023-07-05,7030
3406,玉晶光,23,1,22,致和證券,2023-07-05,7030
2889,國票金,22,0,22,致和證券,2023-07-05,7030
2303,聯電,23,2,21,致和證券,2023-07-05,7030
3703,欣陸,21,0,21,致和證券,2023-07-05,7030
2812,台中銀,20,0,20,致和證券,2023-07-05,7030
8110,華東,22,2,20,致和證券,2023-07-05,7030
2363,矽統,17,0,17,致和證券,2023-07-05,7030
2618,長榮航,58,41,17,致和證券,2023-07-05,7030
3380,明泰,16,0,16,致和證券,2023-07-05,7030
2340,台亞,64,48,16,致和證券,2023-07-05,7030
6133,金橋,15,0,15,致和證券,2023-07-05,7030
8488,吉源-KY,15,0,15,致和證券,2023-07-05,7030
2402,毅嘉,24,10,14,致和證券,2023-07-05,7030
2449,京元電子,16,2,14,致和證券,2023-07-05,7030
3047,訊舟,20,6,14,致和證券,2023-07-05,7030
2377,微星,13,0,13,致和證券,2023-07-05,7030
4532,瑞智,17,4,13,致和證券,2023-07-05,7030
1603,華電,17,5,12,致和證券,2023-07-05,7030
1326,台化,11,0,11,致和證券,2023-07-05,7030
1605,華新,11,0,11,致和證券,2023-07-05,7030
1612,宏泰,11,1,10,致和證券,2023-07-05,7030
00713,元大台灣高息低波,10,0,10,致和證券,2023-07-05,7030
1781,合世,11,1,10,致和證券,2023-07-05,7030
2344,華邦電,10,0,10,致和證券,2023-07-05,7030
3499,環天科,10,0,10,致和證券,2023-07-05,7030
3564,其陽,23,13,10,致和證券,2023-07-05,7030
4720,德淵,10,0,10,致和證券,2023-07-05,7030
4960,誠美材,10,0,10,致和證券,2023-07-05,7030
6485,點序,10,0,10,致和證券,2023-07-05,7030
8222,寶一,10,0,10,致和證券,2023-07-05,7030
2427,三商電,12,3,9,致和證券,2023-07-05,7030
6168,宏齊,10,1,9,致和證券,2023-07-05,7030
8049,晶采,9,0,9,致和證券,2023-07-05,7030
3054,立萬利,8,0,8,致和證券,2023-07-05,7030
3373,熱映,8,0,8,致和證券,2023-07-05,7030
4906,正文,12,4,8,致和證券,2023-07-05,7030
2327,國巨,7,0,7,致和證券,2023-07-05,7030
1734,杏輝,6,0,6,致和證券,2023-07-05,7030
2033,佳大,6,0,6,致和證券,2023-07-05,7030
2614,東森,6,0,6,致和證券,2023-07-05,7030
3346,麗清,6,0,6,致和證券,2023-07-05,7030
00664R,國泰臺灣加權反1,100,0,100,致和證券,2023-07-06,7030
1217,愛之味,96,0,96,致和證券,2023-07-06,7030
1710,東聯,50,0,50,致和證券,2023-07-06,7030
2891,中信金,36,1,35,致和證券,2023-07-06,7030
1711,永光,32,1,31,致和證券,2023-07-06,7030
2881,富邦金,31,0,31,致和證券,2023-07-06,7030
1722,台肥,30,2,28,致和證券,2023-07-06,7030
2409,友達,31,6,25,致和證券,2023-07-06,7030
2406,國碩,24,0,24,致和證券,2023-07-06,7030
2303,聯電,36,12,24,致和證券,2023-07-06,7030
3706,神達,27,4,23,致和證券,2023-07-06,7030
00929,復華台灣科技優息,22,0,22,致和證券,2023-07-06,7030
2880,華南金,21,0,21,致和證券,2023-07-06,7030
00680L,元大美債20正2,21,0,21,致和證券,2023-07-06,7030
00632R,元大台灣50反1,20,0,20,致和證券,2023-07-06,7030
1101,台泥,18,0,18,致和證券,2023-07-06,7030
3008,大立光,20,2,18,致和證券,2023-07-06,7030
8429,金麗-KY,38,20,18,致和證券,2023-07-06,7030
2033,佳大,17,0,17,致和證券,2023-07-06,7030
2888,新光金,30,13,17,致和證券,2023-07-06,7030
6517,保勝光學,17,0,17,致和證券,2023-07-06,7030
8935,邦泰,16,0,16,致和證券,2023-07-06,7030
00878,國泰永續高股息,15,0,15,致和證券,2023-07-06,7030
00641R,富邦日本反1,15,0,15,致和證券,2023-07-06,7030
2312,金寶,16,1,15,致和證券,2023-07-06,7030
3406,玉晶光,22,7,15,致和證券,2023-07-06,7030
6477,安集,15,0,15,致和證券,2023-07-06,7030
8110,華東,15,0,15,致和證券,2023-07-06,7030
2382,廣達,15,1,14,致和證券,2023-07-06,7030
2356,英業達,29,15,14,致和證券,2023-07-06,7030
5285,界霖,14,0,14,致和證券,2023-07-06,7030
2330,台積電,13,0,13,致和證券,2023-07-06,7030
1584,精剛,13,0,13,致和證券,2023-07-06,7030
3704,合勤控,13,0,13,致和證券,2023-07-06,7030
3260,威剛,12,0,12,致和證券,2023-07-06,7030
2454,聯發科,13,1,12,致和證券,2023-07-06,7030
2317,鴻海,16,5,11,致和證券,2023-07-06,7030
00712,復華富時不動產,11,0,11,致和證券,2023-07-06,7030
6770,力積電,12,1,11,致和證券,2023-07-06,7030
2376,技嘉,11,1,10,致和證券,2023-07-06,7030
00753L,中信中國50正2,10,0,10,致和證券,2023-07-06,7030
1608,華榮,10,0,10,致和證券,2023-07-06,7030
2323,中環,10,0,10,致和證券,2023-07-06,7030
2889,國票金,10,0,10,致和證券,2023-07-06,7030
3228,金麗科,10,0,10,致和證券,2023-07-06,7030
3231,緯創,20,10,10,致和證券,2023-07-06,7030
6578,達邦蛋白,10,0,10,致和證券,2023-07-06,7030
8092,建暐,16,6,10,致和證券,2023-07-06,7030
1216,統一,9,0,9,致和證券,2023-07-06,7030
2002,中鋼,14,5,9,致和證券,2023-07-06,7030
6188,廣明,66,0,66,致和證券,2023-07-07,7030
2883,凱基金,55,0,55,致和證券,2023-07-07,7030
3481,群創,57,3,54,致和證券,2023-07-07,7030
8429,金麗-KY,54,0,54,致和證券,2023-07-07,7030
2605,新興,51,3,48,致和證券,2023-07-07,7030
1303,南亞,40,0,40,致和證券,2023-07-07,7030
0056,元大高股息,34,2,32,致和證券,2023-07-07,7030
2025,千興,30,0,30,致和證券,2023-07-07,7030
2105,正新,30,0,30,致和證券,2023-07-07,7030
2887,台新金,29,0,29,致和證券,2023-07-07,7030
2610,華航,31,5,26,致和證券,2023-07-07,7030
2377,微星,25,0,25,致和證券,2023-07-07,7030
2888,新光金,45,20,25,致和證券,2023-07-07,7030
2913,農林,25,0,25,致和證券,2023-07-07,7030
1471,首利,20,0,20,致和證券,2023-07-07,7030
3265,台星科,33,14,19,致和證券,2023-07-07,7030
2201,裕隆,18,0,18,致和證券,2023-07-07,7030
2340,台亞,28,12,16,致和證券,2023-07-07,7030
3054,立萬利,18,2,16,致和證券,2023-07-07,7030
00878,國泰永續高股息,15,0,15,致和證券,2023-07-07,7030
2344,華邦電,15,0,15,致和證券,2023-07-07,7030
6531,愛普*,23,8,15,致和證券,2023-07-07,7030
8076,伍豐,31,16,15,致和證券,2023-07-07,7030
2324,仁寶,14,0,14,致和證券,2023-07-07,7030
5474,聰泰,12,0,12,致和證券,2023-07-07,7030
6517,保勝光學,12,0,12,致和證券,2023-07-07,7030
1609,大亞,12,1,11,致和證券,2023-07-07,7030
3047,訊舟,11,0,11,致和證券,2023-07-07,7030
4906,正文,32,21,11,致和證券,2023-07-07,7030
8110,華東,11,0,11,致和證券,2023-07-07,7030
3260,威剛,10,0,10,致和證券,2023-07-07,7030
00780B,國泰A級金融債,10,0,10,致和證券,2023-07-07,7030
00753L,中信中國50正2,30,20,10,致和證券,2023-07-07,7030
4938,和碩,10,0,10,致和證券,2023-07-07,7030
00687B,國泰20年美債,9,0,9,致和證券,2023-07-07,7030
1785,光洋科,14,5,9,致和證券,2023-07-07,7030
2033,佳大,9,0,9,致和證券,2023-07-07,7030
2323,中環,11,2,9,致和證券,2023-07-07,7030
2353,宏��,15,6,9,致和證券,2023-07-07,7030
6770,力積電,9,0,9,致和證券,2023-07-07,7030
00929,復華台灣科技優息,9,1,8,致和證券,2023-07-07,7030
4934,太極,8,0,8,致和證券,2023-07-07,7030
1809,中釉,10,2,8,致和證券,2023-07-07,7030
2834,臺企銀,8,0,8,致和證券,2023-07-07,7030
2801,彰銀,7,0,7,致和證券,2023-07-07,7030
3581,博磊,7,0,7,致和證券,2023-07-07,7030
1722,台肥,16,10,6,致和證券,2023-07-07,7030
2356,英業達,34,28,6,致和證券,2023-07-07,7030
2449,京元電子,11,5,6,致和證券,2023-07-07,7030
6125,廣運,8,3,5,致和證券,2023-07-07,7030
2356,英業達,162,18,144,致和證券,2023-07-10,7030
3019,亞光,62,0,62,致和證券,2023-07-10,7030
5439,高技,55,0,55,致和證券,2023-07-10,7030
00882,中信中國高股息,51,0,51,致和證券,2023-07-10,7030
3078,僑威,55,6,49,致和證券,2023-07-10,7030
2201,裕隆,50,1,49,致和證券,2023-07-10,7030
2303,聯電,49,2,47,致和證券,2023-07-10,7030
6426,統新,45,0,45,致和證券,2023-07-10,7030
6770,力積電,43,0,43,致和證券,2023-07-10,7030
8071,能率網通,40,0,40,致和證券,2023-07-10,7030
8092,建暐,40,0,40,致和證券,2023-07-10,7030
6282,康舒,31,0,31,致和證券,2023-07-10,7030
2883,凱基金,39,10,29,致和證券,2023-07-10,7030
2610,華航,27,1,26,致和證券,2023-07-10,7030
2603,長榮,25,0,25,致和證券,2023-07-10,7030
2017,官田鋼,25,0,25,致和證券,2023-07-10,7030
2419,仲琦,25,2,23,致和證券,2023-07-10,7030
00673R,期元大S＆P原油反1,20,0,20,致和證券,2023-07-10,7030
2312,金寶,21,1,20,致和證券,2023-07-10,7030
8429,金麗-KY,19,0,19,致和證券,2023-07-10,7030
5213,亞昕,18,0,18,致和證券,2023-07-10,7030
8411,福貞-KY,16,0,16,致和證券,2023-07-10,7030
00753L,中信中國50正2,15,0,15,致和證券,2023-07-10,7030
2033,佳大,15,0,15,致和證券,2023-07-10,7030
3380,明泰,18,3,15,致和證券,2023-07-10,7030
3054,立萬利,14,0,14,致和證券,2023-07-10,7030
3260,威剛,11,1,10,致和證券,2023-07-10,7030
020029,元大ESG高股息N,10,0,10,致和證券,2023-07-10,7030
2460,建通,10,0,10,致和證券,2023-07-10,7030
2606,裕民,10,0,10,致和證券,2023-07-10,7030
3163,波若威,10,0,10,致和證券,2023-07-10,7030
2337,旺宏,25,16,9,致和證券,2023-07-10,7030
3162,精確,15,6,9,致和證券,2023-07-10,7030
3265,台星科,25,16,9,致和證券,2023-07-10,7030
8050,廣積,10,1,9,致和證券,2023-07-10,7030
8930,青鋼,10,1,9,致和證券,2023-07-10,7030
1101,台泥,9,0,9,致和證券,2023-07-10,7030
6517,保勝光學,8,0,8,致和證券,2023-07-10,7030
1319,東陽,7,0,7,致和證券,2023-07-10,7030
00712,復華富時不動產,7,0,7,致和證券,2023-07-10,7030
2105,正新,10,3,7,致和證券,2023-07-10,7030
3022,威強電,7,0,7,致和證券,2023-07-10,7030
6477,安集,7,0,7,致和證券,2023-07-10,7030
2498,宏達電,6,0,6,致和證券,2023-07-10,7030
3362,先進光,28,22,6,致和證券,2023-07-10,7030
3521,鴻翊,6,0,6,致和證券,2023-07-10,7030
3576,聯合再生,6,0,6,致和證券,2023-07-10,7030
3704,合勤控,10,4,6,致和證券,2023-07-10,7030
8105,凌巨,6,0,6,致和證券,2023-07-10,7030
2886,兆豐金,6,0,6,致和證券,2023-07-10,7030
2371,大同,217,1,216,致和證券,2023-07-11,7030
2887,台新金,61,2,59,致和證券,2023-07-11,7030
00664R,國泰臺灣加權反1,50,0,50,致和證券,2023-07-11,7030
2605,新興,50,0,50,致和證券,2023-07-11,7030
8429,金麗-KY,50,0,50,致和證券,2023-07-11,7030
2457,飛宏,64,25,39,致和證券,2023-07-11,7030
2888,新光金,54,22,32,致和證券,2023-07-11,7030
3322,建舜電,30,0,30,致和證券,2023-07-11,7030
00692,富邦公司治理,25,0,25,致和證券,2023-07-11,7030
1734,杏輝,20,0,20,致和證券,2023-07-11,7030
2882A,國泰特,20,0,20,致和證券,2023-07-11,7030
3260,威剛,22,2,20,致和證券,2023-07-11,7030
6219,富旺,20,0,20,致和證券,2023-07-11,7030
2033,佳大,19,0,19,致和證券,2023-07-11,7030
2201,裕隆,22,4,18,致和證券,2023-07-11,7030
4174,浩鼎,18,0,18,致和證券,2023-07-11,7030
2883,凱基金,17,0,17,致和證券,2023-07-11,7030
2340,台亞,99,83,16,致和證券,2023-07-11,7030
3026,禾伸堂,16,0,16,致和證券,2023-07-11,7030
8488,吉源-KY,35,20,15,致和證券,2023-07-11,7030
2468,華經,13,0,13,致和證券,2023-07-11,7030
3357,臺慶科,13,0,13,致和證券,2023-07-11,7030
1608,華榮,12,0,12,致和證券,2023-07-11,7030
2324,仁寶,11,0,11,致和證券,2023-07-11,7030
2618,長榮航,64,53,11,致和證券,2023-07-11,7030
1314,中石化,10,0,10,致和證券,2023-07-11,7030
1210,大成,10,0,10,致和證券,2023-07-11,7030
1540,喬福,18,8,10,致和證券,2023-07-11,7030
2103,台橡,10,0,10,致和證券,2023-07-11,7030
2425,承啟,10,0,10,致和證券,2023-07-11,7030
2482,連宇,10,0,10,致和證券,2023-07-11,7030
3373,熱映,10,0,10,致和證券,2023-07-11,7030
3645,達邁,10,0,10,致和證券,2023-07-11,7030
2404,漢唐,10,1,9,致和證券,2023-07-11,7030
3532,台勝科,10,1,9,致和證券,2023-07-11,7030
2543,皇昌,41,33,8,致和證券,2023-07-11,7030
3054,立萬利,8,0,8,致和證券,2023-07-11,7030
6207,雷科,8,0,8,致和證券,2023-07-11,7030
6426,統新,7,0,7,致和證券,2023-07-11,7030
1440,南紡,6,0,6,致和證券,2023-07-11,7030
3058,立德,6,0,6,致和證券,2023-07-11,7030
3207,耀勝,6,0,6,致和證券,2023-07-11,7030
4526,東台,6,0,6,致和證券,2023-07-11,7030
6120,達運,9,3,6,致和證券,2023-07-11,7030
3325,旭品,7,1,6,致和證券,2023-07-11,7030
1736,喬山,5,0,5,致和證券,2023-07-11,7030
1785,光洋科,9,4,5,致和證券,2023-07-11,7030
2030,彰源,5,0,5,致和證券,2023-07-11,7030
2820,華票,5,0,5,致和證券,2023-07-11,7030
3032,偉訓,5,0,5,致和證券,2023-07-11,7030
2834,臺企銀,102,0,102,致和證券,2023-07-12,7030
2812,台中銀,80,0,80,致和證券,2023-07-12,7030
8076,伍豐,30,0,30,致和證券,2023-07-12,7030
6426,統新,28,1,27,致和證券,2023-07-12,7030
1513,中興電,25,3,22,致和證券,2023-07-12,7030
2323,中環,32,11,21,致和證券,2023-07-12,7030
6148,驊宏資,21,0,21,致和證券,2023-07-12,7030
2609,陽明,32,12,20,致和證券,2023-07-12,7030
8071,能率網通,21,2,19,致和證券,2023-07-12,7030
3037,欣興,19,0,19,致和證券,2023-07-12,7030
2610,華航,39,23,16,致和證券,2023-07-12,7030
00687B,國泰20年美債,15,0,15,致和證券,2023-07-12,7030
00905,FT臺灣Smart,15,0,15,致和證券,2023-07-12,7030
2344,華邦電,42,27,15,致和證券,2023-07-12,7030
3265,台星科,28,13,15,致和證券,2023-07-12,7030
2033,佳大,14,0,14,致和證券,2023-07-12,7030
2481,強茂,29,15,14,致和證券,2023-07-12,7030
2406,國碩,15,2,13,致和證券,2023-07-12,7030
1722,台肥,10,0,10,致和證券,2023-07-12,7030
2312,金寶,26,16,10,致和證券,2023-07-12,7030
3062,建漢,20,10,10,致和證券,2023-07-12,7030
3114,好德,10,0,10,致和證券,2023-07-12,7030
6517,保勝光學,10,0,10,致和證券,2023-07-12,7030
1101,台泥,9,0,9,致和證券,2023-07-12,7030
00673R,期元大S＆P原油反1,9,0,9,致和證券,2023-07-12,7030
2328,廣宇,16,7,9,致和證券,2023-07-12,7030
2419,仲琦,13,4,9,致和證券,2023-07-12,7030
6005,群益證,10,1,9,致和證券,2023-07-12,7030
00712,復華富時不動產,8,0,8,致和證券,2023-07-12,7030
3260,威剛,10,2,8,致和證券,2023-07-12,7030
3380,明泰,8,0,8,致和證券,2023-07-12,7030
2882,國泰金,7,0,7,致和證券,2023-07-12,7030
2603,長榮,10,3,7,致和證券,2023-07-12,7030
1618,合機,17,11,6,致和證券,2023-07-12,7030
2342,茂矽,6,0,6,致和證券,2023-07-12,7030
2404,漢唐,6,0,6,致和證券,2023-07-12,7030
3481,群創,6,0,6,致和證券,2023-07-12,7030
1701,中化,5,0,5,致和證券,2023-07-12,7030
2017,官田鋼,5,0,5,致和證券,2023-07-12,7030
2498,宏達電,12,7,5,致和證券,2023-07-12,7030
3577,泓格,5,0,5,致和證券,2023-07-12,7030
5347,世界,10,5,5,致和證券,2023-07-12,7030
5516,雙喜,12,7,5,致和證券,2023-07-12,7030
6533,晶心科,5,0,5,致和證券,2023-07-12,7030
8050,廣積,5,0,5,致和證券,2023-07-12,7030
8299,群聯,5,0,5,致和證券,2023-07-12,7030
2206,三陽工業,4,0,4,致和證券,2023-07-12,7030
1504,東元,4,0,4,致和證券,2023-07-12,7030
1308,亞聚,4,0,4,致和證券,2023-07-12,7030
1781,合世,4,0,4,致和證券,2023-07-12,7030
1718,中纖,150,2,148,致和證券,2023-07-13,7030
4533,協易機,136,29,107,致和證券,2023-07-13,7030
2887,台新金,66,0,66,致和證券,2023-07-13,7030
2618,長榮航,82,24,58,致和證券,2023-07-13,7030
2834,臺企銀,50,0,50,致和證券,2023-07-13,7030
2884,玉山金,46,3,43,致和證券,2023-07-13,7030
2603,長榮,45,11,34,致和證券,2023-07-13,7030
2610,華航,47,14,33,致和證券,2023-07-13,7030
2405,輔信,31,0,31,致和證券,2023-07-13,7030
00687B,國泰20年美債,30,0,30,致和證券,2023-07-13,7030
2105,正新,29,0,29,致和證券,2023-07-13,7030
6426,統新,28,0,28,致和證券,2023-07-13,7030
2030,彰源,26,0,26,致和證券,2023-07-13,7030
2354,鴻準,22,0,22,致和證券,2023-07-13,7030
00904,新光臺灣半導體30,20,0,20,致和證券,2023-07-13,7030
1609,大亞,23,4,19,致和證券,2023-07-13,7030
6517,保勝光學,18,0,18,致和證券,2023-07-13,7030
1101,台泥,17,0,17,致和證券,2023-07-13,7030
2609,陽明,36,19,17,致和證券,2023-07-13,7030
1402,遠東新,16,0,16,致和證券,2023-07-13,7030
2201,裕隆,21,5,16,致和證券,2023-07-13,7030
5443,均豪,16,0,16,致和證券,2023-07-13,7030
00930,永豐ESG低碳高息,14,0,14,致和證券,2023-07-13,7030
4526,東台,14,0,14,致和證券,2023-07-13,7030
5011,久陽,14,0,14,致和證券,2023-07-13,7030
00900,富邦特選高股息30,12,0,12,致和證券,2023-07-13,7030
4743,合一,12,0,12,致和證券,2023-07-13,7030
1618,合機,11,0,11,致和證券,2023-07-13,7030
2425,承啟,32,21,11,致和證券,2023-07-13,7030
4906,正文,14,3,11,致和證券,2023-07-13,7030
00632R,元大台灣50反1,10,0,10,致和證券,2023-07-13,7030
00919,群益台灣精選高息,10,0,10,致和證券,2023-07-13,7030
1734,杏輝,10,0,10,致和證券,2023-07-13,7030
2905,三商,10,0,10,致和證券,2023-07-13,7030
4931,新盛力,10,0,10,致和證券,2023-07-13,7030
6220,岳豐,10,0,10,致和證券,2023-07-13,7030
8048,德勝,10,0,10,致和證券,2023-07-13,7030
2312,金寶,13,4,9,致和證券,2023-07-13,7030
2369,菱生,11,2,9,致和證券,2023-07-13,7030
2033,佳大,8,0,8,致和證券,2023-07-13,7030
3115,富榮綱,8,0,8,致和證券,2023-07-13,7030
5483,中美晶,18,10,8,致和證券,2023-07-13,7030
00673R,期元大S＆P原油反1,7,0,7,致和證券,2023-07-13,7030
1802,台玻,7,0,7,致和證券,2023-07-13,7030
2303,聯電,8,1,7,致和證券,2023-07-13,7030
2406,國碩,7,0,7,致和證券,2023-07-13,7030
3265,台星科,30,23,7,致和證券,2023-07-13,7030
8176,智捷,7,0,7,致和證券,2023-07-13,7030
1591,駿吉-KY,6,0,6,致和證券,2023-07-13,7030
2614,東森,6,0,6,致和證券,2023-07-13,7030
2356,英業達,231,27,204,致和證券,2023-07-14,7030
2382,廣達,160,12,148,致和證券,2023-07-14,7030
3306,鼎天,98,0,98,致和證券,2023-07-14,7030
00922,國泰台灣領袖50,80,0,80,致和證券,2023-07-14,7030
6188,廣明,73,14,59,致和證券,2023-07-14,7030
2342,茂矽,50,0,50,致和證券,2023-07-14,7030
3324,雙鴻,51,1,50,致和證券,2023-07-14,7030
6531,愛普*,54,8,46,致和證券,2023-07-14,7030
1904,正隆,30,0,30,致和證券,2023-07-14,7030
1605,華新,25,0,25,致和證券,2023-07-14,7030
2609,陽明,34,10,24,致和證券,2023-07-14,7030
00679B,元大美債20年,23,3,20,致和證券,2023-07-14,7030
00930,永豐ESG低碳高息,20,0,20,致和證券,2023-07-14,7030
2436,偉詮電,24,4,20,致和證券,2023-07-14,7030
00919,群益台灣精選高息,20,0,20,致和證券,2023-07-14,7030
1504,東元,16,0,16,致和證券,2023-07-14,7030
00673R,期元大S＆P原油反1,20,5,15,致和證券,2023-07-14,7030
2329,華泰,30,15,15,致和證券,2023-07-14,7030
2355,敬鵬,14,0,14,致和證券,2023-07-14,7030
00720B,元大投資級公司債,12,0,12,致和證券,2023-07-14,7030
2405,輔信,14,2,12,致和證券,2023-07-14,7030
00632R,元大台灣50反1,11,0,11,致和證券,2023-07-14,7030
3038,全台,11,0,11,致和證券,2023-07-14,7030
8069,元太,11,0,11,致和證券,2023-07-14,7030
00715L,期街口布蘭特正2,10,0,10,致和證券,2023-07-14,7030
2543,皇昌,10,0,10,致和證券,2023-07-14,7030
3357,臺慶科,10,0,10,致和證券,2023-07-14,7030
3363,上詮,11,1,10,致和證券,2023-07-14,7030
2498,宏達電,14,5,9,致和證券,2023-07-14,7030
3260,威剛,10,1,9,致和證券,2023-07-14,7030
1529,樂事綠能,38,30,8,致和證券,2023-07-14,7030
3013,晟銘電,10,2,8,致和證券,2023-07-14,7030
2867,三商壽,7,0,7,致和證券,2023-07-14,7030
3706,神達,9,2,7,致和證券,2023-07-14,7030
3715,定穎投控,28,21,7,致和證券,2023-07-14,7030
4906,正文,8,1,7,致和證券,2023-07-14,7030
5371,中光電,8,1,7,致和證券,2023-07-14,7030
8049,晶采,8,1,7,致和證券,2023-07-14,7030
3380,明泰,15,9,6,致和證券,2023-07-14,7030
6190,萬泰科,8,2,6,致和證券,2023-07-14,7030
6548,長科*,6,0,6,致和證券,2023-07-14,7030
4532,瑞智,8,2,6,致和證券,2023-07-14,7030
1102,亞泥,5,0,5,致和證券,2023-07-14,7030
1611,中電,6,1,5,致和證券,2023-07-14,7030
2033,佳大,5,0,5,致和證券,2023-07-14,7030
2301,光寶科,11,6,5,致和證券,2023-07-14,7030
2324,仁寶,8,3,5,致和證券,2023-07-14,7030
2412,中華電,5,0,5,致和證券,2023-07-14,7030
3236,千如,5,0,5,致和證券,2023-07-14,7030
4538,大詠城,5,0,5,致和證券,2023-07-14,7030
3362,先進光,103,10,93,致和證券,2023-07-17,7030
6531,愛普*,79,2,77,致和證券,2023-07-17,7030
4938,和碩,106,32,74,致和證券,2023-07-17,7030
00632R,元大台灣50反1,55,0,55,致和證券,2023-07-17,7030
2312,金寶,48,4,44,致和證券,2023-07-17,7030
8028,昇陽半導體,44,0,44,致和證券,2023-07-17,7030
2323,中環,57,25,32,致和證券,2023-07-17,7030
2883,凱基金,31,5,26,致和證券,2023-07-17,7030
3481,群創,31,6,25,致和證券,2023-07-17,7030
3694,海華,25,0,25,致和證券,2023-07-17,7030
2002,中鋼,25,2,23,致和證券,2023-07-17,7030
3703,欣陸,22,0,22,致和證券,2023-07-17,7030
00673R,期元大S＆P原油反1,20,0,20,致和證券,2023-07-17,7030
00905,FT臺灣Smart,23,3,20,致和證券,2023-07-17,7030
2820,華票,20,0,20,致和證券,2023-07-17,7030
4994,傳奇,20,0,20,致和證券,2023-07-17,7030
3380,明泰,18,0,18,致和證券,2023-07-17,7030
3035,智原,18,1,17,致和證券,2023-07-17,7030
2324,仁寶,24,8,16,致和證券,2023-07-17,7030
2888,新光金,62,47,15,致和證券,2023-07-17,7030
3029,零壹,15,0,15,致和證券,2023-07-17,7030
6207,雷科,23,8,15,致和證券,2023-07-17,7030
3419,譁裕,14,0,14,致和證券,2023-07-17,7030
8411,福貞-KY,14,0,14,致和證券,2023-07-17,7030
1722,台肥,21,8,13,致和證券,2023-07-17,7030
8050,廣積,13,0,13,致和證券,2023-07-17,7030
00882,中信中國高股息,12,0,12,致和證券,2023-07-17,7030
2017,官田鋼,11,0,11,致和證券,2023-07-17,7030
2337,旺宏,21,10,11,致和證券,2023-07-17,7030
6533,晶心科,11,0,11,致和證券,2023-07-17,7030
2201,裕隆,10,0,10,致和證券,2023-07-17,7030
2382,廣達,17,7,10,致和證券,2023-07-17,7030
3231,緯創,15,5,10,致和證券,2023-07-17,7030
8059,凱碩,12,2,10,致和證券,2023-07-17,7030
8103,瀚荃,10,0,10,致和證券,2023-07-17,7030
1402,遠東新,9,0,9,致和證券,2023-07-17,7030
1611,中電,10,2,8,致和證券,2023-07-17,7030
2457,飛宏,22,14,8,致和證券,2023-07-17,7030
1513,中興電,18,11,7,致和證券,2023-07-17,7030
00929,復華台灣科技優息,7,0,7,致和證券,2023-07-17,7030
2399,映泰,7,0,7,致和證券,2023-07-17,7030
3032,偉訓,7,0,7,致和證券,2023-07-17,7030
2359,所羅門,8,1,7,致和證券,2023-07-17,7030
2634,漢翔,6,0,6,致和證券,2023-07-17,7030
1101,台泥,6,0,6,致和證券,2023-07-17,7030
1336,台翰,6,0,6,致和證券,2023-07-17,7030
2436,偉詮電,6,0,6,致和證券,2023-07-17,7030
2328,廣宇,7,2,5,致和證券,2023-07-17,7030
1781,合世,5,0,5,致和證券,2023-07-17,7030
1802,台玻,5,0,5,致和證券,2023-07-17,7030
2324,仁寶,91,7,84,致和證券,2023-07-18,7030
1609,大亞,60,18,42,致和證券,2023-07-18,7030
2312,金寶,89,52,37,致和證券,2023-07-18,7030
8076,伍豐,32,3,29,致和證券,2023-07-18,7030
2352,佳世達,54,26,28,致和證券,2023-07-18,7030
8028,昇陽半導體,27,0,27,致和證券,2023-07-18,7030
2201,裕隆,22,0,22,致和證券,2023-07-18,7030
00882,中信中國高股息,22,0,22,致和證券,2023-07-18,7030
1722,台肥,20,0,20,致和證券,2023-07-18,7030
2033,佳大,20,0,20,致和證券,2023-07-18,7030
2515,中工,20,0,20,致和證券,2023-07-18,7030
2617,台航,20,0,20,致和證券,2023-07-18,7030
00895,富邦未來車,20,1,19,致和證券,2023-07-18,7030
5425,台半,20,1,19,致和證券,2023-07-18,7030
1514,亞力,18,1,17,致和證券,2023-07-18,7030
1524,耿鼎,17,0,17,致和證券,2023-07-18,7030
2610,華航,22,6,16,致和證券,2023-07-18,7030
1605,華新,14,0,14,致和證券,2023-07-18,7030
2883,凱基金,13,1,12,致和證券,2023-07-18,7030
2002,中鋼,13,2,11,致和證券,2023-07-18,7030
2328,廣宇,16,5,11,致和證券,2023-07-18,7030
2340,台亞,15,4,11,致和證券,2023-07-18,7030
3265,台星科,27,16,11,致和證券,2023-07-18,7030
5469,瀚宇博,11,0,11,致和證券,2023-07-18,7030
6116,彩晶,14,3,11,致和證券,2023-07-18,7030
6191,精成科,11,0,11,致和證券,2023-07-18,7030
6282,康舒,57,47,10,致和證券,2023-07-18,7030
1522,堤維西,10,0,10,致和證券,2023-07-18,7030
5353,台林,10,0,10,致和證券,2023-07-18,7030
5488,松普,10,0,10,致和證券,2023-07-18,7030
8059,凱碩,12,2,10,致和證券,2023-07-18,7030
2634,漢翔,12,3,9,致和證券,2023-07-18,7030
6517,保勝光學,9,0,9,致和證券,2023-07-18,7030
3706,神達,41,32,9,致和證券,2023-07-18,7030
2449,京元電子,13,5,8,致和證券,2023-07-18,7030
1313,聯成,10,2,8,致和證券,2023-07-18,7030
2399,映泰,18,10,8,致和證券,2023-07-18,7030
2915,潤泰全,8,0,8,致和證券,2023-07-18,7030
3163,波若威,11,3,8,致和證券,2023-07-18,7030
4967,十銓,8,0,8,致和證券,2023-07-18,7030
5465,富驊,8,0,8,致和證券,2023-07-18,7030
2313,華通,37,30,7,致和證券,2023-07-18,7030
2882,國泰金,8,1,7,致和證券,2023-07-18,7030
3029,零壹,8,1,7,致和證券,2023-07-18,7030
6477,安集,7,0,7,致和證券,2023-07-18,7030
3081,聯亞,7,0,7,致和證券,2023-07-18,7030
4931,新盛力,6,0,6,致和證券,2023-07-18,7030
2329,華泰,32,26,6,致和證券,2023-07-18,7030
6150,撼訊,6,0,6,致和證券,2023-07-18,7030
6770,力積電,6,0,6,致和證券,2023-07-18,7030
4533,協易機,156,2,154,致和證券,2023-07-19,7030
2324,仁寶,182,80,102,致和證券,2023-07-19,7030
2031,新光鋼,100,1,99,致和證券,2023-07-19,7030
2618,長榮航,69,1,68,致和證券,2023-07-19,7030
00753L,中信中國50正2,50,0,50,致和證券,2023-07-19,7030
00664R,國泰臺灣加權反1,50,0,50,致和證券,2023-07-19,7030
2605,新興,50,1,49,致和證券,2023-07-19,7030
3022,威強電,41,0,41,致和證券,2023-07-19,7030
2208,台船,30,0,30,致和證券,2023-07-19,7030
5469,瀚宇博,29,0,29,致和證券,2023-07-19,7030
3265,台星科,63,37,26,致和證券,2023-07-19,7030
1319,東陽,18,0,18,致和證券,2023-07-19,7030
3706,神達,60,42,18,致和證券,2023-07-19,7030
2603,長榮,17,0,17,致和證券,2023-07-19,7030
2340,台亞,38,23,15,致和證券,2023-07-19,7030
3499,環天科,15,0,15,致和證券,2023-07-19,7030
2371,大同,25,12,13,致和證券,2023-07-19,7030
6282,康舒,22,10,12,致和證券,2023-07-19,7030
6589,台康生技,12,0,12,致和證券,2023-07-19,7030
00882,中信中國高股息,12,0,12,致和證券,2023-07-19,7030
00712,復華富時不動產,12,1,11,致和證券,2023-07-19,7030
1609,大亞,22,11,11,致和證券,2023-07-19,7030
8076,伍豐,11,0,11,致和證券,2023-07-19,7030
8201,無敵,12,1,11,致和證券,2023-07-19,7030
00930,永豐ESG低碳高息,10,0,10,致和證券,2023-07-19,7030
2614,東森,10,0,10,致和證券,2023-07-19,7030
2834,臺企銀,10,0,10,致和證券,2023-07-19,7030
2884,玉山金,10,0,10,致和證券,2023-07-19,7030
4157,太景*-KY,10,0,10,致和證券,2023-07-19,7030
5324,士開,10,0,10,致和證券,2023-07-19,7030
6220,岳豐,10,0,10,致和證券,2023-07-19,7030
6288,聯嘉,11,1,10,致和證券,2023-07-19,7030
6799,來頡,10,0,10,致和證券,2023-07-19,7030
8429,金麗-KY,10,0,10,致和證券,2023-07-19,7030
8930,青鋼,10,0,10,致和證券,2023-07-19,7030
9921,巨大,10,0,10,致和證券,2023-07-19,7030
1504,東元,9,0,9,致和證券,2023-07-19,7030
2316,楠梓電,10,2,8,致和證券,2023-07-19,7030
2337,旺宏,25,17,8,致和證券,2023-07-19,7030
6191,精成科,18,10,8,致和證券,2023-07-19,7030
4123,晟德,15,7,8,致和證券,2023-07-19,7030
4566,時碩工業,7,0,7,致和證券,2023-07-19,7030
8046,南電,14,7,7,致和證券,2023-07-19,7030
2033,佳大,6,0,6,致和證券,2023-07-19,7030
2301,光寶科,10,4,6,致和證券,2023-07-19,7030
2481,強茂,7,1,6,致和證券,2023-07-19,7030
4114,健喬,11,5,6,致和證券,2023-07-19,7030
5009,榮剛,6,1,5,致和證券,2023-07-19,7030
8255,朋程,5,0,5,致和證券,2023-07-19,7030
00673R,期元大S＆P原油反1,5,0,5,致和證券,2023-07-19,7030
6220,岳豐,132,0,132,致和證券,2023-07-20,7030
3037,欣興,91,11,80,致和證券,2023-07-20,7030
2303,聯電,61,0,61,致和證券,2023-07-20,7030
2883,凱基金,43,0,43,致和證券,2023-07-20,7030
2461,光群雷,45,9,36,致和證券,2023-07-20,7030
3057,喬鼎,35,0,35,致和證券,2023-07-20,7030
2324,仁寶,32,10,22,致和證券,2023-07-20,7030
00929,復華台灣科技優息,20,0,20,致和證券,2023-07-20,7030
1815,富喬,25,6,19,致和證券,2023-07-20,7030
2312,金寶,22,4,18,致和證券,2023-07-20,7030
2206,三陽工業,20,3,17,致和證券,2023-07-20,7030
2609,陽明,34,18,16,致和證券,2023-07-20,7030
8411,福貞-KY,14,0,14,致和證券,2023-07-20,7030
4938,和碩,14,1,13,致和證券,2023-07-20,7030
2344,華邦電,12,0,12,致和證券,2023-07-20,7030
2492,華新科,11,0,11,致和證券,2023-07-20,7030
3481,群創,13,2,11,致和證券,2023-07-20,7030
2543,皇昌,18,8,10,致和證券,2023-07-20,7030
3032,偉訓,11,1,10,致和證券,2023-07-20,7030
3706,神達,16,6,10,致和證券,2023-07-20,7030
8121,越峰,10,0,10,致和證券,2023-07-20,7030
8150,南茂,11,1,10,致和證券,2023-07-20,7030
8201,無敵,9,0,9,致和證券,2023-07-20,7030
1529,樂事綠能,9,1,8,致和證券,2023-07-20,7030
3305,昇貿,9,1,8,致和證券,2023-07-20,7030
6120,達運,8,0,8,致和證券,2023-07-20,7030
6405,悅城,8,0,8,致和證券,2023-07-20,7030
00900,富邦特選高股息30,10,2,8,致和證券,2023-07-20,7030
1503,士電,28,21,7,致和證券,2023-07-20,7030
3013,晟銘電,13,6,7,致和證券,2023-07-20,7030
5474,聰泰,7,0,7,致和證券,2023-07-20,7030
6191,精成科,20,13,7,致和證券,2023-07-20,7030
1789,神隆,6,0,6,致和證券,2023-07-20,7030
2033,佳大,6,0,6,致和證券,2023-07-20,7030
2201,裕隆,6,0,6,致和證券,2023-07-20,7030
2449,京元電子,6,0,6,致和證券,2023-07-20,7030
2913,農林,6,0,6,致和證券,2023-07-20,7030
5469,瀚宇博,6,0,6,致和證券,2023-07-20,7030
5465,富驊,5,0,5,致和證券,2023-07-20,7030
1471,首利,5,0,5,致和證券,2023-07-20,7030
00893,國泰智能電動車,5,0,5,致和證券,2023-07-20,7030
2353,宏��,32,27,5,致和證券,2023-07-20,7030
2495,普安,5,0,5,致和證券,2023-07-20,7030
3059,華晶科,5,0,5,致和證券,2023-07-20,7030
3287,廣寰科,5,0,5,致和證券,2023-07-20,7030
6517,保勝光學,5,0,5,致和證券,2023-07-20,7030
2482,連宇,4,0,4,致和證券,2023-07-20,7030
6282,康舒,13,9,4,致和證券,2023-07-20,7030
1110,東泥,4,0,4,致和證券,2023-07-20,7030
3260,威剛,4,0,4,致和證券,2023-07-20,7030
6220,岳豐,56,0,56,致和證券,2023-07-21,7030
6274,台燿,53,0,53,致和證券,2023-07-21,7030
3044,健鼎,50,0,50,致和證券,2023-07-21,7030
4533,協易機,51,1,50,致和證券,2023-07-21,7030
6139,亞翔,50,0,50,致和證券,2023-07-21,7030
2303,聯電,44,13,31,致和證券,2023-07-21,7030
2312,金寶,44,15,29,致和證券,2023-07-21,7030
6205,詮欣,25,0,25,致和證券,2023-07-21,7030
1609,大亞,36,14,22,致和證券,2023-07-21,7030
3037,欣興,25,3,22,致和證券,2023-07-21,7030
1102,亞泥,21,0,21,致和證券,2023-07-21,7030
6443,元晶,21,0,21,致和證券,2023-07-21,7030
00900,富邦特選高股息30,20,0,20,致和證券,2023-07-21,7030
3057,喬鼎,20,0,20,致和證券,2023-07-21,7030
00929,復華台灣科技優息,18,0,18,致和證券,2023-07-21,7030
4977,眾達-KY,16,0,16,致和證券,2023-07-21,7030
1513,中興電,70,54,16,致和證券,2023-07-21,7030
2610,華航,53,38,15,致和證券,2023-07-21,7030
00930,永豐ESG低碳高息,13,0,13,致和證券,2023-07-21,7030
6657,華安,15,2,13,致和證券,2023-07-21,7030
2382,廣達,37,25,12,致和證券,2023-07-21,7030
1727,中華化,28,18,10,致和證券,2023-07-21,7030
1217,愛之味,14,4,10,致和證券,2023-07-21,7030
00712,復華富時不動產,10,0,10,致和證券,2023-07-21,7030
1904,正隆,10,0,10,致和證券,2023-07-21,7030
3532,台勝科,10,0,10,致和證券,2023-07-21,7030
6214,精誠,10,0,10,致和證券,2023-07-21,7030
6218,豪勉,10,0,10,致和證券,2023-07-21,7030
6446,藥華藥,11,1,10,致和證券,2023-07-21,7030
8076,伍豐,10,0,10,致和證券,2023-07-21,7030
1795,美時,13,4,9,致和證券,2023-07-21,7030
2371,大同,15,6,9,致和證券,2023-07-21,7030
3265,台星科,29,20,9,致和證券,2023-07-21,7030
5009,榮剛,9,0,9,致和證券,2023-07-21,7030
2330,台積電,10,1,9,致和證券,2023-07-21,7030
2405,輔信,10,2,8,致和證券,2023-07-21,7030
8222,寶一,12,4,8,致和證券,2023-07-21,7030
2206,三陽工業,16,9,7,致和證券,2023-07-21,7030
00927,群益半導體收益,7,0,7,致和證券,2023-07-21,7030
1815,富喬,8,1,7,致和證券,2023-07-21,7030
2834,臺企銀,7,0,7,致和證券,2023-07-21,7030
8048,德勝,17,10,7,致和證券,2023-07-21,7030
3022,威強電,6,0,6,致和證券,2023-07-21,7030
4532,瑞智,11,5,6,致和證券,2023-07-21,7030
1532,勤美,5,0,5,致和證券,2023-07-21,7030
1905,華紙,7,2,5,致和證券,2023-07-21,7030
2033,佳大,5,0,5,致和證券,2023-07-21,7030
2067,嘉鋼,5,0,5,致和證券,2023-07-21,7030
2324,仁寶,9,4,5,致和證券,2023-07-21,7030
2352,佳世達,17,12,5,致和證券,2023-07-21,7030
2834,臺企銀,84,0,84,致和證券,2023-07-24,7030
2382,廣達,86,25,61,致和證券,2023-07-24,7030
00929,復華台灣科技優息,57,0,57,致和證券,2023-07-24,7030
00753L,中信中國50正2,50,0,50,致和證券,2023-07-24,7030
2414,精技,50,0,50,致和證券,2023-07-24,7030
3265,台星科,60,28,32,致和證券,2023-07-24,7030
00673R,期元大S＆P原油反1,25,0,25,致和證券,2023-07-24,7030
2329,華泰,41,19,22,致和證券,2023-07-24,7030
3060,銘異,22,0,22,致和證券,2023-07-24,7030
1609,大亞,23,3,20,致和證券,2023-07-24,7030
5452,佶優,20,0,20,致和證券,2023-07-24,7030
1303,南亞,19,0,19,致和證券,2023-07-24,7030
2461,光群雷,24,7,17,致和證券,2023-07-24,7030
3702,大聯大,15,0,15,致和證券,2023-07-24,7030
6220,岳豐,15,0,15,致和證券,2023-07-24,7030
2603,長榮,16,2,14,致和證券,2023-07-24,7030
2618,長榮航,37,23,14,致和證券,2023-07-24,7030
2027,大成鋼,13,0,13,致和證券,2023-07-24,7030
4532,瑞智,16,4,12,致和證券,2023-07-24,7030
00712,復華富時不動產,12,0,12,致和證券,2023-07-24,7030
1102,亞泥,12,0,12,致和證券,2023-07-24,7030
3035,智原,15,4,11,致和證券,2023-07-24,7030
00930,永豐ESG低碳高息,12,1,11,致和證券,2023-07-24,7030
2201,裕隆,11,0,11,致和證券,2023-07-24,7030
2543,皇昌,16,5,11,致和證券,2023-07-24,7030
4746,台耀,11,0,11,致和證券,2023-07-24,7030
1605,華新,22,12,10,致和證券,2023-07-24,7030
2491,吉祥全,10,0,10,致和證券,2023-07-24,7030
2515,中工,10,0,10,致和證券,2023-07-24,7030
3022,威強電,10,0,10,致和證券,2023-07-24,7030
3260,威剛,10,0,10,致和證券,2023-07-24,7030
3357,臺慶科,10,0,10,致和證券,2023-07-24,7030
2421,建準,12,2,10,致和證券,2023-07-24,7030
1737,臺鹽,9,0,9,致和證券,2023-07-24,7030
1785,光洋科,14,5,9,致和證券,2023-07-24,7030
6282,康舒,10,1,9,致和證券,2023-07-24,7030
2014,中鴻,11,3,8,致和證券,2023-07-24,7030
6126,信音,8,0,8,致和證券,2023-07-24,7030
4977,眾達-KY,7,0,7,致和證券,2023-07-24,7030
1710,東聯,7,0,7,致和證券,2023-07-24,7030
2033,佳大,7,0,7,致和證券,2023-07-24,7030
2206,三陽工業,11,4,7,致和證券,2023-07-24,7030
2340,台亞,39,32,7,致和證券,2023-07-24,7030
2352,佳世達,7,0,7,致和證券,2023-07-24,7030
3689,湧德,7,0,7,致和證券,2023-07-24,7030
5469,瀚宇博,7,0,7,致和證券,2023-07-24,7030
1504,東元,8,2,6,致和證券,2023-07-24,7030
1319,東陽,6,0,6,致和證券,2023-07-24,7030
1752,南光,11,5,6,致和證券,2023-07-24,7030
1815,富喬,10,4,6,致和證券,2023-07-24,7030
3044,健鼎,148,1,147,致和證券,2023-07-25,7030
1101,台泥,49,5,44,致和證券,2023-07-25,7030
6220,岳豐,39,0,39,致和證券,2023-07-25,7030
00632R,元大台灣50反1,31,0,31,致和證券,2023-07-25,7030
6449,鈺邦,30,0,30,致和證券,2023-07-25,7030
1609,大亞,41,19,22,致和證券,2023-07-25,7030
3049,精金,22,0,22,致和證券,2023-07-25,7030
5351,鈺創,25,3,22,致和證券,2023-07-25,7030
1312,國喬,15,0,15,致和證券,2023-07-25,7030
1513,中興電,16,2,14,致和證券,2023-07-25,7030
00929,復華台灣科技優息,15,1,14,致和證券,2023-07-25,7030
00878,國泰永續高股息,21,9,12,致和證券,2023-07-25,7030
2312,金寶,24,12,12,致和證券,2023-07-25,7030
2883,凱基金,12,0,12,致和證券,2023-07-25,7030
3702,大聯大,12,0,12,致和證券,2023-07-25,7030
5425,台半,11,0,11,致和證券,2023-07-25,7030
00673R,期元大S＆P原油反1,10,0,10,致和證券,2023-07-25,7030
2033,佳大,10,0,10,致和證券,2023-07-25,7030
3228,金麗科,10,0,10,致和證券,2023-07-25,7030
5324,士開,10,0,10,致和證券,2023-07-25,7030
2382,廣達,29,20,9,致和證券,2023-07-25,7030
2303,聯電,10,1,9,致和證券,2023-07-25,7030
3501,維熹,9,0,9,致和證券,2023-07-25,7030
2328,廣宇,8,0,8,致和證券,2023-07-25,7030
2002,中鋼,32,25,7,致和證券,2023-07-25,7030
3231,緯創,15,8,7,致和證券,2023-07-25,7030
6257,矽格,7,0,7,致和證券,2023-07-25,7030
1907,永豐餘,7,0,7,致和證券,2023-07-25,7030
2609,陽明,6,0,6,致和證券,2023-07-25,7030
1301,台塑,6,0,6,致和證券,2023-07-25,7030
6125,廣運,8,2,6,致和證券,2023-07-25,7030
2376,技嘉,7,2,5,致和證券,2023-07-25,7030
1314,中石化,5,0,5,致和證券,2023-07-25,7030
1440,南紡,5,0,5,致和證券,2023-07-25,7030
2007,燁興,5,0,5,致和證券,2023-07-25,7030
2014,中鴻,5,0,5,致和證券,2023-07-25,7030
2354,鴻準,6,1,5,致和證券,2023-07-25,7030
2404,漢唐,5,0,5,致和證券,2023-07-25,7030
2736,富野,5,0,5,致和證券,2023-07-25,7030
3209,全科,5,0,5,致和證券,2023-07-25,7030
3596,智易,9,4,5,致和證券,2023-07-25,7030
4707,磐亞,5,0,5,致和證券,2023-07-25,7030
6235,華孚,9,4,5,致和證券,2023-07-25,7030
6279,胡連,5,0,5,致和證券,2023-07-25,7030
9933,中鼎,5,0,5,致和證券,2023-07-25,7030
2301,光寶科,5,0,5,致和證券,2023-07-25,7030
0056,元大高股息,4,0,4,致和證券,2023-07-25,7030
1618,合機,36,32,4,致和證券,2023-07-25,7030
3013,晟銘電,8,4,4,致和證券,2023-07-25,7030
3017,奇鋐,10,6,4,致和證券,2023-07-25,7030
2887,台新金,196,0,196,致和證券,2023-07-26,7030
2014,中鴻,200,6,194,致和證券,2023-07-26,7030
1504,東元,85,29,56,致和證券,2023-07-26,7030
2880,華南金,50,0,50,致和證券,2023-07-26,7030
00679B,元大美債20年,30,0,30,致和證券,2023-07-26,7030
3362,先進光,29,0,29,致和證券,2023-07-26,7030
2371,大同,40,13,27,致和證券,2023-07-26,7030
3265,台星科,61,35,26,致和證券,2023-07-26,7030
6220,岳豐,26,0,26,致和證券,2023-07-26,7030
00673R,期元大S＆P原油反1,25,0,25,致和證券,2023-07-26,7030
2033,佳大,24,0,24,致和證券,2023-07-26,7030
6443,元晶,24,1,23,致和證券,2023-07-26,7030
2201,裕隆,23,1,22,致和證券,2023-07-26,7030
2425,承啟,43,21,22,致和證券,2023-07-26,7030
1618,合機,24,2,22,致和證券,2023-07-26,7030
3236,千如,20,0,20,致和證券,2023-07-26,7030
3380,明泰,20,1,19,致和證券,2023-07-26,7030
6517,保勝光學,18,0,18,致和證券,2023-07-26,7030
2344,華邦電,17,1,16,致和證券,2023-07-26,7030
1308,亞聚,14,0,14,致和證券,2023-07-26,7030
2303,聯電,13,0,13,致和證券,2023-07-26,7030
3059,華晶科,16,4,12,致和證券,2023-07-26,7030
1609,大亞,13,1,12,致和證券,2023-07-26,7030
2883,凱基金,12,0,12,致和證券,2023-07-26,7030
6112,邁達特,12,0,12,致和證券,2023-07-26,7030
1217,愛之味,13,2,11,致和證券,2023-07-26,7030
2377,微星,20,9,11,致和證券,2023-07-26,7030
2610,華航,12,1,11,致和證券,2023-07-26,7030
4533,協易機,41,30,11,致和證券,2023-07-26,7030
2392,正崴,10,0,10,致和證券,2023-07-26,7030
2363,矽統,10,0,10,致和證券,2023-07-26,7030
2634,漢翔,10,0,10,致和證券,2023-07-26,7030
3228,金麗科,10,0,10,致和證券,2023-07-26,7030
3630,新鉅科,10,0,10,致和證券,2023-07-26,7030
6446,藥華藥,10,0,10,致和證券,2023-07-26,7030
1471,首利,10,1,9,致和證券,2023-07-26,7030
1815,富喬,11,2,9,致和證券,2023-07-26,7030
2323,中環,12,3,9,致和證券,2023-07-26,7030
3450,聯鈞,10,1,9,致和證券,2023-07-26,7030
4726,永昕,11,2,9,致和證券,2023-07-26,7030
4532,瑞智,8,0,8,致和證券,2023-07-26,7030
00891,中信關鍵半導體,8,0,8,致和證券,2023-07-26,7030
2337,旺宏,38,30,8,致和證券,2023-07-26,7030
5469,瀚宇博,10,2,8,致和證券,2023-07-26,7030
6117,迎廣,9,1,8,致和證券,2023-07-26,7030
2313,華通,20,13,7,致和證券,2023-07-26,7030
2327,國巨,6,0,6,致和證券,2023-07-26,7030
00929,復華台灣科技優息,24,18,6,致和證券,2023-07-26,7030
1903,士紙,6,0,6,致和證券,2023-07-26,7030
2457,飛宏,7,1,6,致和證券,2023-07-26,7030
6182,合晶,183,1,182,致和證券,2023-07-27,7030
2014,中鴻,104,0,104,致和證券,2023-07-27,7030
3532,台勝科,65,0,65,致和證券,2023-07-27,7030
3481,群創,94,38,56,致和證券,2023-07-27,7030
2887,台新金,56,7,49,致和證券,2023-07-27,7030
8093,保銳,25,0,25,致和證券,2023-07-27,7030
2888,新光金,107,85,22,致和證券,2023-07-27,7030
5880,合庫金,22,0,22,致和證券,2023-07-27,7030
2033,佳大,20,0,20,致和證券,2023-07-27,7030
1909,榮成,20,1,19,致和證券,2023-07-27,7030
2356,英業達,20,1,19,致和證券,2023-07-27,7030
1612,宏泰,19,1,18,致和證券,2023-07-27,7030
1609,大亞,24,7,17,致和證券,2023-07-27,7030
2363,矽統,17,0,17,致和證券,2023-07-27,7030
6770,力積電,15,1,14,致和證券,2023-07-27,7030
2340,台亞,13,2,11,致和證券,2023-07-27,7030
3022,威強電,11,0,11,致和證券,2023-07-27,7030
3260,威剛,12,1,11,致和證券,2023-07-27,7030
00882,中信中國高股息,11,0,11,致和證券,2023-07-27,7030
1217,愛之味,10,0,10,致和證券,2023-07-27,7030
2317,鴻海,18,8,10,致和證券,2023-07-27,7030
2617,台航,10,0,10,致和證券,2023-07-27,7030
3025,星通,10,0,10,致和證券,2023-07-27,7030
3379,彬台,10,0,10,致和證券,2023-07-27,7030
3607,谷崧,10,0,10,致和證券,2023-07-27,7030
5425,台半,10,0,10,致和證券,2023-07-27,7030
2353,宏��,11,2,9,致和證券,2023-07-27,7030
8234,新漢,10,1,9,致和證券,2023-07-27,7030
2812,台中銀,8,0,8,致和證券,2023-07-27,7030
5351,鈺創,8,0,8,致和證券,2023-07-27,7030
1504,東元,28,21,7,致和證券,2023-07-27,7030
1907,永豐餘,9,2,7,致和證券,2023-07-27,7030
6125,廣運,15,8,7,致和證券,2023-07-27,7030
3037,欣興,7,1,6,致和證券,2023-07-27,7030
1710,東聯,6,0,6,致和證券,2023-07-27,7030
3231,緯創,9,3,6,致和證券,2023-07-27,7030
5426,振發,6,0,6,致和證券,2023-07-27,7030
00885,富邦越南,5,0,5,致和證券,2023-07-27,7030
1409,新纖,5,0,5,致和證券,2023-07-27,7030
2313,華通,15,10,5,致和證券,2023-07-27,7030
2421,建準,18,13,5,致和證券,2023-07-27,7030
2482,連宇,5,0,5,致和證券,2023-07-27,7030
3205,佰研,5,0,5,致和證券,2023-07-27,7030
5386,青雲,6,1,5,致和證券,2023-07-27,7030
5410,國眾,5,0,5,致和證券,2023-07-27,7030
5452,佶優,7,2,5,致和證券,2023-07-27,7030
6861,睿生光電,5,0,5,致和證券,2023-07-27,7030
9914,美利達,5,0,5,致和證券,2023-07-27,7030
2884,玉山金,5,0,5,致和證券,2023-07-27,7030
3583,辛耘,7,3,4,致和證券,2023-07-27,7030
2014,中鴻,207,14,193,致和證券,2023-07-28,7030
2618,長榮航,168,17,151,致和證券,2023-07-28,7030
6188,廣明,85,9,76,致和證券,2023-07-28,7030
2888,新光金,86,22,64,致和證券,2023-07-28,7030
4533,協易機,43,11,32,致和證券,2023-07-28,7030
2356,英業達,37,7,30,致和證券,2023-07-28,7030
5011,久陽,30,0,30,致和證券,2023-07-28,7030
2382,廣達,56,27,29,致和證券,2023-07-28,7030
1609,大亞,29,3,26,致和證券,2023-07-28,7030
00902,中信電池及儲能,25,0,25,致和證券,2023-07-28,7030
2887,台新金,21,0,21,致和證券,2023-07-28,7030
2027,大成鋼,25,6,19,致和證券,2023-07-28,7030
6443,元晶,20,1,19,致和證券,2023-07-28,7030
1612,宏泰,20,2,18,致和證券,2023-07-28,7030
1905,華紙,22,4,18,致和證券,2023-07-28,7030
2610,華航,29,13,16,致和證券,2023-07-28,7030
3060,銘異,15,0,15,致和證券,2023-07-28,7030
8050,廣積,16,1,15,致和證券,2023-07-28,7030
1305,華夏,12,0,12,致和證券,2023-07-28,7030
2401,凌陽,12,0,12,致和證券,2023-07-28,7030
2337,旺宏,19,8,11,致和證券,2023-07-28,7030
2369,菱生,19,9,10,致和證券,2023-07-28,7030
2609,陽明,24,14,10,致和證券,2023-07-28,7030
2913,農林,13,3,10,致和證券,2023-07-28,7030
6220,岳豐,10,0,10,致和證券,2023-07-28,7030
8088,品安,10,0,10,致和證券,2023-07-28,7030
00929,復華台灣科技優息,10,1,9,致和證券,2023-07-28,7030
2363,矽統,11,2,9,致和證券,2023-07-28,7030
9951,皇田,9,0,9,致和證券,2023-07-28,7030
6426,統新,8,0,8,致和證券,2023-07-28,7030
3231,緯創,18,11,7,致和證券,2023-07-28,7030
1504,東元,29,22,7,致和證券,2023-07-28,7030
2033,佳大,7,0,7,致和證券,2023-07-28,7030
2303,聯電,19,12,7,致和證券,2023-07-28,7030
2427,三商電,20,13,7,致和證券,2023-07-28,7030
2453,凌群,7,0,7,致和證券,2023-07-28,7030
3706,神達,7,0,7,致和證券,2023-07-28,7030
6117,迎廣,14,7,7,致和證券,2023-07-28,7030
2457,飛宏,6,0,6,致和證券,2023-07-28,7030
3022,威強電,6,0,6,致和證券,2023-07-28,7030
3032,偉訓,6,0,6,致和證券,2023-07-28,7030
4934,太極,6,0,6,致和證券,2023-07-28,7030
5452,佶優,6,0,6,致和證券,2023-07-28,7030
6148,驊宏資,6,0,6,致和證券,2023-07-28,7030
8415,大國鋼,6,0,6,致和證券,2023-07-28,7030
5258,虹堡,7,1,6,致和證券,2023-07-28,7030
1710,東聯,5,0,5,致和證券,2023-07-28,7030
1603,華電,5,0,5,致和證券,2023-07-28,7030
00888,永豐台灣ESG,5,0,5,致和證券,2023-07-28,7030
2010,春源,5,0,5,致和證券,2023-07-28,7030
2014,中鴻,150,0,150,致和證券,2023-07-31,7030
2888,新光金,142,21,121,致和證券,2023-07-31,7030
6220,岳豐,65,0,65,致和證券,2023-07-31,7030
1815,富喬,109,46,63,致和證券,2023-07-31,7030
5880,合庫金,60,0,60,致和證券,2023-07-31,7030
6770,力積電,50,0,50,致和證券,2023-07-31,7030
00679B,元大美債20年,51,5,46,致和證券,2023-07-31,7030
6188,廣明,57,12,45,致和證券,2023-07-31,7030
3265,台星科,60,16,44,致和證券,2023-07-31,7030
2303,聯電,44,2,42,致和證券,2023-07-31,7030
3231,緯創,39,1,38,致和證券,2023-07-31,7030
00878,國泰永續高股息,39,2,37,致和證券,2023-07-31,7030
2356,英業達,65,32,33,致和證券,2023-07-31,7030
2363,矽統,30,1,29,致和證券,2023-07-31,7030
2323,中環,31,4,27,致和證券,2023-07-31,7030
2353,宏��,27,2,25,致和證券,2023-07-31,7030
2382,廣達,39,14,25,致和證券,2023-07-31,7030
2409,友達,27,5,22,致和證券,2023-07-31,7030
5011,久陽,20,0,20,致和證券,2023-07-31,7030
2329,華泰,35,18,17,致和證券,2023-07-31,7030
1305,華夏,16,0,16,致和證券,2023-07-31,7030
2882,國泰金,17,1,16,致和證券,2023-07-31,7030
1612,宏泰,25,10,15,致和證券,2023-07-31,7030
1802,台玻,23,9,14,致和證券,2023-07-31,7030
4938,和碩,12,0,12,致和證券,2023-07-31,7030
2033,佳大,12,0,12,致和證券,2023-07-31,7030
6161,捷波,12,0,12,致和證券,2023-07-31,7030
2609,陽明,20,9,11,致和證券,2023-07-31,7030
2891,中信金,11,0,11,致和證券,2023-07-31,7030
6282,康舒,21,10,11,致和證券,2023-07-31,7030
6269,台郡,11,1,10,致和證券,2023-07-31,7030
3419,譁裕,10,0,10,致和證券,2023-07-31,7030
4908,前鼎,10,0,10,致和證券,2023-07-31,7030
6005,群益證,10,0,10,致和證券,2023-07-31,7030
6266,泰詠,10,0,10,致和證券,2023-07-31,7030
2324,仁寶,11,2,9,致和證券,2023-07-31,7030
3481,群創,59,50,9,致和證券,2023-07-31,7030
6143,振曜,9,0,9,致和證券,2023-07-31,7030
3163,波若威,8,0,8,致和證券,2023-07-31,7030
6194,育富,8,0,8,致和證券,2023-07-31,7030
1609,大亞,18,11,7,致和證券,2023-07-31,7030
2449,京元電子,7,0,7,致和證券,2023-07-31,7030
4114,健喬,7,0,7,致和證券,2023-07-31,7030
4569,六方科-KY,7,0,7,致和證券,2023-07-31,7030
6202,盛群,7,0,7,致和證券,2023-07-31,7030
8050,廣積,10,3,7,致和證券,2023-07-31,7030
00665L,富邦�琤肭磪囓�2,6,0,6,致和證券,2023-07-31,7030
1789,神隆,6,0,6,致和證券,2023-07-31,7030
2337,旺宏,11,5,6,致和證券,2023-07-31,7030
2352,佳世達,7,1,6,致和證券,2023-07-31,7030
2382,廣達,81,16,65,致和證券,2023-08-01,7030
00753L,中信中國50正2,32,0,32,致和證券,2023-08-01,7030
00923,群益台ESG低碳50,26,0,26,致和證券,2023-08-01,7030
2344,華邦電,26,0,26,致和證券,2023-08-01,7030
2023,燁輝,25,0,25,致和證券,2023-08-01,7030
2312,金寶,25,5,20,致和證券,2023-08-01,7030
2363,矽統,40,21,19,致和證券,2023-08-01,7030
2401,凌陽,22,4,18,致和證券,2023-08-01,7030
00929,復華台灣科技優息,17,0,17,致和證券,2023-08-01,7030
00687B,國泰20年美債,15,0,15,致和證券,2023-08-01,7030
00751B,元大AAA至A公司債,15,0,15,致和證券,2023-08-01,7030
2015,豐興,15,0,15,致和證券,2023-08-01,7030
9938,百和,15,0,15,致和證券,2023-08-01,7030
1815,富喬,29,15,14,致和證券,2023-08-01,7030
2891,中信金,14,0,14,致和證券,2023-08-01,7030
00720B,元大投資級公司債,13,0,13,致和證券,2023-08-01,7030
2618,長榮航,13,0,13,致和證券,2023-08-01,7030
2329,華泰,17,5,12,致和證券,2023-08-01,7030
6147,頎邦,12,0,12,致和證券,2023-08-01,7030
00885,富邦越南,11,0,11,致和證券,2023-08-01,7030
1108,幸福,10,0,10,致和證券,2023-08-01,7030
2498,宏達電,10,0,10,致和證券,2023-08-01,7030
6005,群益證,10,0,10,致和證券,2023-08-01,7030
6234,高僑,10,0,10,致和證券,2023-08-01,7030
2324,仁寶,12,3,9,致和證券,2023-08-01,7030
2888,新光金,35,26,9,致和證券,2023-08-01,7030
3540,曜越,9,0,9,致和證券,2023-08-01,7030
3055,蔚華科,8,0,8,致和證券,2023-08-01,7030
6125,廣運,11,4,7,致和證券,2023-08-01,7030
3324,雙鴻,7,0,7,致和證券,2023-08-01,7030
1305,華夏,6,0,6,致和證券,2023-08-01,7030
1313,聯成,12,6,6,致和證券,2023-08-01,7030
2201,裕隆,6,0,6,致和證券,2023-08-01,7030
2457,飛宏,7,1,6,致和證券,2023-08-01,7030
3032,偉訓,6,0,6,致和證券,2023-08-01,7030
3596,智易,6,0,6,致和證券,2023-08-01,7030
3706,神達,11,5,6,致和證券,2023-08-01,7030
4438,廣越,6,0,6,致和證券,2023-08-01,7030
6126,信音,10,4,6,致和證券,2023-08-01,7030
6148,驊宏資,7,1,6,致和證券,2023-08-01,7030
3105,穩懋,5,0,5,致和證券,2023-08-01,7030
1471,首利,5,0,5,致和證券,2023-08-01,7030
2033,佳大,5,0,5,致和證券,2023-08-01,7030
2328,廣宇,5,0,5,致和證券,2023-08-01,7030
2408,南亞科,5,0,5,致和證券,2023-08-01,7030
3264,欣銓,5,0,5,致和證券,2023-08-01,7030
4934,太極,5,0,5,致和證券,2023-08-01,7030
8358,金居,5,0,5,致和證券,2023-08-01,7030
1905,華紙,8,4,4,致和證券,2023-08-01,7030
3583,辛耘,6,2,4,致和證券,2023-08-01,7030
2382,廣達,81,11,70,致和證券,2023-08-02,7030
2033,佳大,50,0,50,致和證券,2023-08-02,7030
2888,新光金,64,23,41,致和證券,2023-08-02,7030
2618,長榮航,64,24,40,致和證券,2023-08-02,7030
00878,國泰永續高股息,73,33,40,致和證券,2023-08-02,7030
1217,愛之味,36,0,36,致和證券,2023-08-02,7030
00900,富邦特選高股息30,37,1,36,致和證券,2023-08-02,7030
0056,元大高股息,39,3,36,致和證券,2023-08-02,7030
6531,愛普*,39,4,35,致和證券,2023-08-02,7030
3078,僑威,30,0,30,致和證券,2023-08-02,7030
6125,廣運,33,6,27,致和證券,2023-08-02,7030
2014,中鴻,32,7,25,致和證券,2023-08-02,7030
00753L,中信中國50正2,23,0,23,致和證券,2023-08-02,7030
00680L,元大美債20正2,23,0,23,致和證券,2023-08-02,7030
3231,緯創,28,6,22,致和證券,2023-08-02,7030
6188,廣明,41,19,22,致和證券,2023-08-02,7030
2324,仁寶,22,1,21,致和證券,2023-08-02,7030
2371,大同,20,0,20,致和證券,2023-08-02,7030
2610,華航,22,2,20,致和證券,2023-08-02,7030
6841,長佳智能,21,1,20,致和證券,2023-08-02,7030
6191,精成科,22,4,18,致和證券,2023-08-02,7030
00929,復華台灣科技優息,17,0,17,致和證券,2023-08-02,7030
00712,復華富時不動產,17,0,17,致和證券,2023-08-02,7030
2353,宏��,24,8,16,致和證券,2023-08-02,7030
00902,中信電池及儲能,16,0,16,致和證券,2023-08-02,7030
3265,台星科,31,15,16,致和證券,2023-08-02,7030
9955,佳龍,16,0,16,致和證券,2023-08-02,7030
00923,群益台ESG低碳50,14,0,14,致和證券,2023-08-02,7030
1305,華夏,22,8,14,致和證券,2023-08-02,7030
2543,皇昌,22,8,14,致和證券,2023-08-02,7030
2891,中信金,14,0,14,致和證券,2023-08-02,7030
3029,零壹,14,0,14,致和證券,2023-08-02,7030
3481,群創,13,0,13,致和證券,2023-08-02,7030
00881,國泰台灣5G+,13,0,13,致和證券,2023-08-02,7030
2409,友達,15,3,12,致和證券,2023-08-02,7030
8110,華東,12,0,12,致和證券,2023-08-02,7030
2368,金像電,20,8,12,致和證券,2023-08-02,7030
2612,中航,11,0,11,致和證券,2023-08-02,7030
3228,金麗科,10,0,10,致和證券,2023-08-02,7030
3252,海灣,10,0,10,致和證券,2023-08-02,7030
4934,太極,10,0,10,致和證券,2023-08-02,7030
6005,群益證,10,0,10,致和證券,2023-08-02,7030
6269,台郡,10,0,10,致和證券,2023-08-02,7030
2330,台積電,9,0,9,致和證券,2023-08-02,7030
00850,元大臺灣ESG永續,9,0,9,致和證券,2023-08-02,7030
4919,新唐,9,0,9,致和證券,2023-08-02,7030
2317,鴻海,8,0,8,致和證券,2023-08-02,7030
8299,群聯,8,0,8,致和證券,2023-08-02,7030
2002,中鋼,13,6,7,致和證券,2023-08-02,7030
2425,承啟,7,0,7,致和證券,2023-08-02,7030
2014,中鴻,241,20,221,致和證券,2023-08-04,7030
6220,岳豐,85,0,85,致和證券,2023-08-04,7030
2891,中信金,70,0,70,致和證券,2023-08-04,7030
2344,華邦電,64,5,59,致和證券,2023-08-04,7030
1785,光洋科,44,6,38,致和證券,2023-08-04,7030
00929,復華台灣科技優息,34,0,34,致和證券,2023-08-04,7030
00772B,中信高評級公司債,30,0,30,致和證券,2023-08-04,7030
2890,永豐金,30,3,27,致和證券,2023-08-04,7030
00679B,元大美債20年,25,0,25,致和證券,2023-08-04,7030
6443,元晶,24,0,24,致和證券,2023-08-04,7030
3231,緯創,62,39,23,致和證券,2023-08-04,7030
8215,明基材,25,2,23,致和證券,2023-08-04,7030
00720B,元大投資級公司債,21,0,21,致和證券,2023-08-04,7030
00673R,期元大S＆P原油反1,20,0,20,致和證券,2023-08-04,7030
1617,榮星,20,0,20,致和證券,2023-08-04,7030
2367,燿華,20,0,20,致和證券,2023-08-04,7030
00712,復華富時不動產,19,0,19,致和證券,2023-08-04,7030
1609,大亞,33,14,19,致和證券,2023-08-04,7030
00751B,元大AAA至A公司債,18,0,18,致和證券,2023-08-04,7030
2618,長榮航,37,21,16,致和證券,2023-08-04,7030
2888,新光金,35,21,14,致和證券,2023-08-04,7030
00687B,國泰20年美債,13,0,13,致和證券,2023-08-04,7030
2356,英業達,34,22,12,致和證券,2023-08-04,7030
2382,廣達,20,9,11,致和證券,2023-08-04,7030
2892,第一金,13,2,11,致和證券,2023-08-04,7030
6841,長佳智能,11,0,11,致和證券,2023-08-04,7030
1210,大成,11,1,10,致和證券,2023-08-04,7030
1305,華夏,20,10,10,致和證券,2023-08-04,7030
1216,統一,10,0,10,致和證券,2023-08-04,7030
2312,金寶,14,4,10,致和證券,2023-08-04,7030
3508,位速,10,0,10,致和證券,2023-08-04,7030
6612,奈米醫材,10,0,10,致和證券,2023-08-04,7030
2609,陽明,9,0,9,致和證券,2023-08-04,7030
1709,和益,7,0,7,致和證券,2023-08-04,7030
1608,華榮,7,1,6,致和證券,2023-08-04,7030
00850,元大臺灣ESG永續,6,0,6,致和證券,2023-08-04,7030
00923,群益台ESG低碳50,6,0,6,致和證券,2023-08-04,7030
6191,精成科,9,3,6,致和證券,2023-08-04,7030
00907,永豐優息存股,5,0,5,致和證券,2023-08-04,7030
00891,中信關鍵半導體,5,0,5,致和證券,2023-08-04,7030
2033,佳大,5,0,5,致和證券,2023-08-04,7030
2303,聯電,13,8,5,致和證券,2023-08-04,7030
2399,映泰,5,0,5,致和證券,2023-08-04,7030
2485,兆赫,5,0,5,致和證券,2023-08-04,7030
2610,華航,5,0,5,致和證券,2023-08-04,7030
3176,基亞,5,0,5,致和證券,2023-08-04,7030
3363,上詮,5,0,5,致和證券,2023-08-04,7030
5347,世界,5,0,5,致和證券,2023-08-04,7030
1108,幸福,5,1,4,致和證券,2023-08-04,7030
2421,建準,5,1,4,致和證券,2023-08-04,7030
6220,岳豐,583,0,583,致和證券,2023-08-07,7030
2891,中信金,74,0,74,致和證券,2023-08-07,7030
00931B,統一美債20年,55,0,55,致和證券,2023-08-07,7030
5465,富驊,54,0,54,致和證券,2023-08-07,7030
6274,台燿,59,7,52,致和證券,2023-08-07,7030
2352,佳世達,41,2,39,致和證券,2023-08-07,7030
6139,亞翔,30,0,30,致和證券,2023-08-07,7030
3078,僑威,40,17,23,致和證券,2023-08-07,7030
00902,中信電池及儲能,20,0,20,致和證券,2023-08-07,7030
2880,華南金,20,0,20,致和證券,2023-08-07,7030
1609,大亞,21,2,19,致和證券,2023-08-07,7030
2027,大成鋼,19,1,18,致和證券,2023-08-07,7030
00929,復華台灣科技優息,17,0,17,致和證券,2023-08-07,7030
2884,玉山金,15,0,15,致和證券,2023-08-07,7030
3236,千如,15,0,15,致和證券,2023-08-07,7030
2890,永豐金,22,8,14,致和證券,2023-08-07,7030
2356,英業達,39,27,12,致和證券,2023-08-07,7030
00907,永豐優息存股,12,0,12,致和證券,2023-08-07,7030
2603,長榮,13,1,12,致和證券,2023-08-07,7030
6187,萬潤,12,0,12,致和證券,2023-08-07,7030
1802,台玻,15,4,11,致和證券,2023-08-07,7030
2009,第一銅,12,1,11,致和證券,2023-08-07,7030
2419,仲琦,11,0,11,致和證券,2023-08-07,7030
1432,大魯閣,10,0,10,致和證券,2023-08-07,7030
00753L,中信中國50正2,10,0,10,致和證券,2023-08-07,7030
3532,台勝科,10,0,10,致和證券,2023-08-07,7030
2388,威盛,18,9,9,致和證券,2023-08-07,7030
2913,農林,9,0,9,致和證券,2023-08-07,7030
2014,中鴻,19,11,8,致和證券,2023-08-07,7030
2392,正崴,8,0,8,致和證券,2023-08-07,7030
5371,中光電,14,6,8,致和證券,2023-08-07,7030
5864,致和證,8,0,8,致和證券,2023-08-07,7030
6188,廣明,14,6,8,致和證券,2023-08-07,7030
2033,佳大,7,0,7,致和證券,2023-08-07,7030
2610,華航,27,20,7,致和證券,2023-08-07,7030
2303,聯電,8,2,6,致和證券,2023-08-07,7030
2514,龍邦,6,0,6,致和證券,2023-08-07,7030
3581,博磊,7,1,6,致和證券,2023-08-07,7030
3624,光頡,7,1,6,致和證券,2023-08-07,7030
5452,佶優,7,1,6,致和證券,2023-08-07,7030
6125,廣運,14,9,5,致和證券,2023-08-07,7030
00673R,期元大S＆P原油反1,5,0,5,致和證券,2023-08-07,7030
00891,中信關鍵半導體,5,0,5,致和證券,2023-08-07,7030
1504,東元,5,0,5,致和證券,2023-08-07,7030
1612,宏泰,5,0,5,致和證券,2023-08-07,7030
1815,富喬,9,4,5,致和證券,2023-08-07,7030
2820,華票,5,0,5,致和證券,2023-08-07,7030
3264,欣銓,8,3,5,致和證券,2023-08-07,7030
3306,鼎天,5,0,5,致和證券,2023-08-07,7030
5225,東科-KY,7,2,5,致和證券,2023-08-07,7030
6220,岳豐,276,0,276,致和證券,2023-08-08,7030
2801,彰銀,80,0,80,致和證券,2023-08-08,7030
1609,大亞,59,7,52,致和證券,2023-08-08,7030
6139,亞翔,51,0,51,致和證券,2023-08-08,7030
6285,啟��,53,2,51,致和證券,2023-08-08,7030
2382,廣達,65,17,48,致和證券,2023-08-08,7030
2303,聯電,53,8,45,致和證券,2023-08-08,7030
00929,復華台灣科技優息,44,0,44,致和證券,2023-08-08,7030
00900,富邦特選高股息30,43,1,42,致和證券,2023-08-08,7030
00878,國泰永續高股息,39,0,39,致和證券,2023-08-08,7030
2356,英業達,58,27,31,致和證券,2023-08-08,7030
3265,台星科,46,15,31,致和證券,2023-08-08,7030
3032,偉訓,30,1,29,致和證券,2023-08-08,7030
2913,農林,57,29,28,致和證券,2023-08-08,7030
00888,永豐台灣ESG,28,0,28,致和證券,2023-08-08,7030
2204,中華,22,0,22,致和證券,2023-08-08,7030
1532,勤美,20,0,20,致和證券,2023-08-08,7030
6517,保勝光學,20,0,20,致和證券,2023-08-08,7030
5864,致和證,43,27,16,致和證券,2023-08-08,7030
00753L,中信中國50正2,15,0,15,致和證券,2023-08-08,7030
4532,瑞智,15,1,14,致和證券,2023-08-08,7030
2409,友達,20,7,13,致和證券,2023-08-08,7030
00931B,統一美債20年,13,0,13,致和證券,2023-08-08,7030
6234,高僑,12,0,12,致和證券,2023-08-08,7030
8488,吉源-KY,12,0,12,致和證券,2023-08-08,7030
4906,正文,11,0,11,致和證券,2023-08-08,7030
1217,愛之味,10,0,10,致和證券,2023-08-08,7030
5011,久陽,10,0,10,致和證券,2023-08-08,7030
5347,世界,10,0,10,致和證券,2023-08-08,7030
8092,建暐,10,0,10,致和證券,2023-08-08,7030
3231,緯創,44,35,9,致和證券,2023-08-08,7030
1605,華新,20,11,9,致和證券,2023-08-08,7030
6125,廣運,19,11,8,致和證券,2023-08-08,7030
6531,愛普*,7,0,7,致和證券,2023-08-08,7030
00891,中信關鍵半導體,7,0,7,致和證券,2023-08-08,7030
2002,中鋼,15,8,7,致和證券,2023-08-08,7030
2313,華通,31,25,6,致和證券,2023-08-08,7030
2401,凌陽,9,3,6,致和證券,2023-08-08,7030
3022,威強電,6,0,6,致和證券,2023-08-08,7030
3034,聯詠,7,1,6,致和證券,2023-08-08,7030
3711,日月光投控,6,0,6,致和證券,2023-08-08,7030
5392,能率,6,0,6,致和證券,2023-08-08,7030
00857B,永豐20年美公債,5,0,5,致和證券,2023-08-08,7030
00713,元大台灣高息低波,5,0,5,致和證券,2023-08-08,7030
2301,光寶科,6,1,5,致和證券,2023-08-08,7030
2367,燿華,5,0,5,致和證券,2023-08-08,7030
2615,萬海,5,0,5,致和證券,2023-08-08,7030
3029,零壹,8,3,5,致和證券,2023-08-08,7030
3564,其陽,8,3,5,致和證券,2023-08-08,7030
6147,頎邦,5,0,5,致和證券,2023-08-08,7030
6220,岳豐,192,0,192,致和證券,2023-08-09,7030
2888,新光金,106,0,106,致和證券,2023-08-09,7030
1217,愛之味,100,4,96,致和證券,2023-08-09,7030
2801,彰銀,54,0,54,致和證券,2023-08-09,7030
2885,元大金,52,0,52,致和證券,2023-08-09,7030
00878,國泰永續高股息,47,0,47,致和證券,2023-08-09,7030
5011,久陽,39,0,39,致和證券,2023-08-09,7030
4720,德淵,28,0,28,致和證券,2023-08-09,7030
00900,富邦特選高股息30,28,1,27,致和證券,2023-08-09,7030
1210,大成,28,2,26,致和證券,2023-08-09,7030
00751B,元大AAA至A公司債,20,0,20,致和證券,2023-08-09,7030
2204,中華,20,0,20,致和證券,2023-08-09,7030
00679B,元大美債20年,18,0,18,致和證券,2023-08-09,7030
1219,福壽,15,0,15,致和證券,2023-08-09,7030
2405,輔信,20,5,15,致和證券,2023-08-09,7030
1504,東元,14,0,14,致和證券,2023-08-09,7030
2206,三陽工業,12,0,12,致和證券,2023-08-09,7030
2023,燁輝,10,0,10,致和證券,2023-08-09,7030
2881,富邦金,10,0,10,致和證券,2023-08-09,7030
2891,中信金,10,0,10,致和證券,2023-08-09,7030
6205,詮欣,8,0,8,致和證券,2023-08-09,7030
2027,大成鋼,8,1,7,致和證券,2023-08-09,7030
3231,緯創,17,10,7,致和證券,2023-08-09,7030
1609,大亞,21,14,7,致和證券,2023-08-09,7030
1514,亞力,7,0,7,致和證券,2023-08-09,7030
1815,富喬,22,15,7,致和證券,2023-08-09,7030
3265,台星科,12,5,7,致和證券,2023-08-09,7030
6204,艾華,7,0,7,致和證券,2023-08-09,7030
2015,豐興,6,0,6,致和證券,2023-08-09,7030
2033,佳大,6,0,6,致和證券,2023-08-09,7030
2344,華邦電,8,2,6,致和證券,2023-08-09,7030
3115,富榮綱,6,0,6,致和證券,2023-08-09,7030
4968,立積,6,0,6,致和證券,2023-08-09,7030
5483,中美晶,6,0,6,致和證券,2023-08-09,7030
8121,越峰,6,0,6,致和證券,2023-08-09,7030
2637,慧洋-KY,5,0,5,致和證券,2023-08-09,7030
3006,晶豪科,5,0,5,致和證券,2023-08-09,7030
3264,欣銓,5,0,5,致和證券,2023-08-09,7030
3362,先進光,6,1,5,致和證券,2023-08-09,7030
5009,榮剛,6,1,5,致和證券,2023-08-09,7030
5351,鈺創,5,0,5,致和證券,2023-08-09,7030
6147,頎邦,5,0,5,致和證券,2023-08-09,7030
6194,育富,9,4,5,致和證券,2023-08-09,7030
6477,安集,5,0,5,致和證券,2023-08-09,7030
6517,保勝光學,5,0,5,致和證券,2023-08-09,7030
6799,來頡,5,0,5,致和證券,2023-08-09,7030
00929,復華台灣科技優息,4,0,4,致和證券,2023-08-09,7030
00923,群益台ESG低碳50,4,0,4,致和證券,2023-08-09,7030
1783,和康生,4,0,4,致和證券,2023-08-09,7030
1789,神隆,5,1,4,致和證券,2023-08-09,7030
6220,岳豐,229,0,229,致和證券,2023-08-10,7030
2014,中鴻,200,0,200,致和證券,2023-08-10,7030
6770,力積電,101,0,101,致和證券,2023-08-10,7030
2888,新光金,103,12,91,致和證券,2023-08-10,7030
2017,官田鋼,87,10,77,致和證券,2023-08-10,7030
00931B,統一美債20年,49,0,49,致和證券,2023-08-10,7030
2323,中環,58,10,48,致和證券,2023-08-10,7030
0056,元大高股息,46,3,43,致和證券,2023-08-10,7030
00929,復華台灣科技優息,39,0,39,致和證券,2023-08-10,7030
5011,久陽,30,0,30,致和證券,2023-08-10,7030
2324,仁寶,20,1,19,致和證券,2023-08-10,7030
1609,大亞,26,9,17,致和證券,2023-08-10,7030
1440,南紡,17,0,17,致和證券,2023-08-10,7030
2303,聯電,20,3,17,致和證券,2023-08-10,7030
2883,凱基金,20,3,17,致和證券,2023-08-10,7030
1219,福壽,15,0,15,致和證券,2023-08-10,7030
00881,國泰台灣5G+,13,0,13,致和證券,2023-08-10,7030
3265,台星科,23,10,13,致和證券,2023-08-10,7030
3231,緯創,24,12,12,致和證券,2023-08-10,7030
4130,健亞,12,0,12,致和證券,2023-08-10,7030
1513,中興電,13,2,11,致和證券,2023-08-10,7030
3362,先進光,12,2,10,致和證券,2023-08-10,7030
00930,永豐ESG低碳高息,10,0,10,致和證券,2023-08-10,7030
00753L,中信中國50正2,10,0,10,致和證券,2023-08-10,7030
1603,華電,10,0,10,致和證券,2023-08-10,7030
1815,富喬,13,3,10,致和證券,2023-08-10,7030
2367,燿華,10,0,10,致和證券,2023-08-10,7030
2913,農林,20,10,10,致和證券,2023-08-10,7030
3022,威強電,10,0,10,致和證券,2023-08-10,7030
4526,東台,10,0,10,致和證券,2023-08-10,7030
5469,瀚宇博,10,0,10,致和證券,2023-08-10,7030
1605,華新,9,0,9,致和證券,2023-08-10,7030
00712,復華富時不動產,8,0,8,致和證券,2023-08-10,7030
2618,長榮航,10,2,8,致和證券,2023-08-10,7030
6244,茂迪,8,0,8,致和證券,2023-08-10,7030
2329,華泰,8,1,7,致和證券,2023-08-10,7030
2344,華邦電,8,1,7,致和證券,2023-08-10,7030
2401,凌陽,7,0,7,致和證券,2023-08-10,7030
3021,鴻名,7,0,7,致和證券,2023-08-10,7030
3037,欣興,9,2,7,致和證券,2023-08-10,7030
6116,彩晶,10,3,7,致和證券,2023-08-10,7030
2382,廣達,57,50,7,致和證券,2023-08-10,7030
00923,群益台ESG低碳50,6,0,6,致和證券,2023-08-10,7030
00900,富邦特選高股息30,6,0,6,致和證券,2023-08-10,7030
1612,宏泰,6,0,6,致和證券,2023-08-10,7030
2340,台亞,6,0,6,致和證券,2023-08-10,7030
2353,宏��,6,0,6,致和證券,2023-08-10,7030
2362,藍天,6,0,6,致和證券,2023-08-10,7030
3032,偉訓,6,0,6,致和證券,2023-08-10,7030
4938,和碩,6,0,6,致和證券,2023-08-10,7030
2014,中鴻,200,2,198,致和證券,2023-08-11,7030
6220,岳豐,126,0,126,致和證券,2023-08-11,7030
1605,華新,81,30,51,致和證券,2023-08-11,7030
5009,榮剛,44,0,44,致和證券,2023-08-11,7030
00900,富邦特選高股息30,36,0,36,致和證券,2023-08-11,7030
2883,凱基金,36,10,26,致和證券,2023-08-11,7030
2409,友達,39,15,24,致和證券,2023-08-11,7030
5011,久陽,20,0,20,致和證券,2023-08-11,7030
6443,元晶,20,0,20,致和證券,2023-08-11,7030
8488,吉源-KY,20,0,20,致和證券,2023-08-11,7030
3533,嘉澤,15,0,15,致和證券,2023-08-11,7030
3236,千如,13,0,13,致和證券,2023-08-11,7030
2027,大成鋼,15,3,12,致和證券,2023-08-11,7030
00929,復華台灣科技優息,13,1,12,致和證券,2023-08-11,7030
1905,華紙,12,0,12,致和證券,2023-08-11,7030
4934,太極,11,0,11,致和證券,2023-08-11,7030
2356,英業達,29,19,10,致和證券,2023-08-11,7030
6125,廣運,10,0,10,致和證券,2023-08-11,7030
2337,旺宏,20,10,10,致和證券,2023-08-11,7030
3252,海灣,10,0,10,致和證券,2023-08-11,7030
6120,達運,10,0,10,致和證券,2023-08-11,7030
2603,長榮,10,1,9,致和證券,2023-08-11,7030
8476,台境*,9,0,9,致和證券,2023-08-11,7030
1904,正隆,10,2,8,致和證券,2023-08-11,7030
2634,漢翔,11,3,8,致和證券,2023-08-11,7030
2317,鴻海,8,0,8,致和證券,2023-08-11,7030
2457,飛宏,9,2,7,致和證券,2023-08-11,7030
2363,矽統,19,13,6,致和證券,2023-08-11,7030
2406,國碩,6,0,6,致和證券,2023-08-11,7030
8390,金益鼎,6,0,6,致和證券,2023-08-11,7030
8455,大拓-KY,6,0,6,致和證券,2023-08-11,7030
3581,博磊,6,1,5,致和證券,2023-08-11,7030
0056,元大高股息,5,0,5,致和證券,2023-08-11,7030
00715L,期街口布蘭特正2,5,0,5,致和證券,2023-08-11,7030
00885,富邦越南,5,0,5,致和證券,2023-08-11,7030
1210,大成,5,0,5,致和證券,2023-08-11,7030
00931B,統一美債20年,5,0,5,致和證券,2023-08-11,7030
2002,中鋼,10,5,5,致和證券,2023-08-11,7030
2015,豐興,5,0,5,致和證券,2023-08-11,7030
2838,聯邦銀,5,0,5,致和證券,2023-08-11,7030
3324,雙鴻,5,0,5,致和證券,2023-08-11,7030
4526,東台,5,0,5,致和證券,2023-08-11,7030
4532,瑞智,5,0,5,致和證券,2023-08-11,7030
5871,中租-KY,10,5,5,致和證券,2023-08-11,7030
6153,嘉聯益,5,0,5,致和證券,2023-08-11,7030
6712,長聖,10,5,5,致和證券,2023-08-11,7030
8121,越峰,5,0,5,致和證券,2023-08-11,7030
8403,盛弘,7,2,5,致和證券,2023-08-11,7030
2731,雄獅,4,0,4,致和證券,2023-08-11,7030
1216,統一,4,0,4,致和證券,2023-08-11,7030
5403,中菲,105,0,105,致和證券,2023-08-14,7030
2888,新光金,72,11,61,致和證券,2023-08-14,7030
3078,僑威,77,19,58,致和證券,2023-08-14,7030
00664R,國泰臺灣加權反1,50,0,50,致和證券,2023-08-14,7030
5011,久陽,49,0,49,致和證券,2023-08-14,7030
00753L,中信中國50正2,57,10,47,致和證券,2023-08-14,7030
00929,復華台灣科技優息,45,0,45,致和證券,2023-08-14,7030
2382,廣達,55,14,41,致和證券,2023-08-14,7030
6220,岳豐,34,0,34,致和證券,2023-08-14,7030
00751B,元大AAA至A公司債,30,0,30,致和證券,2023-08-14,7030
2033,佳大,28,0,28,致和證券,2023-08-14,7030
00900,富邦特選高股息30,27,0,27,致和證券,2023-08-14,7030
00923,群益台ESG低碳50,26,0,26,致和證券,2023-08-14,7030
2352,佳世達,25,0,25,致和證券,2023-08-14,7030
2363,矽統,39,14,25,致和證券,2023-08-14,7030
2891,中信金,29,6,23,致和證券,2023-08-14,7030
00881,國泰台灣5G+,25,5,20,致和證券,2023-08-14,7030
1609,大亞,23,3,20,致和證券,2023-08-14,7030
2855,統一證,20,0,20,致和證券,2023-08-14,7030
5009,榮剛,18,0,18,致和證券,2023-08-14,7030
1785,光洋科,17,0,17,致和證券,2023-08-14,7030
6153,嘉聯益,16,0,16,致和證券,2023-08-14,7030
3231,緯創,31,16,15,致和證券,2023-08-14,7030
2023,燁輝,15,0,15,致和證券,2023-08-14,7030
8488,吉源-KY,15,0,15,致和證券,2023-08-14,7030
2610,華航,15,1,14,致和證券,2023-08-14,7030
4953,緯軟,20,6,14,致和證券,2023-08-14,7030
4743,合一,14,2,12,致和證券,2023-08-14,7030
6446,藥華藥,12,0,12,致和證券,2023-08-14,7030
2201,裕隆,31,20,11,致和證券,2023-08-14,7030
3265,台星科,11,0,11,致和證券,2023-08-14,7030
4168,醣聯,11,0,11,致和證券,2023-08-14,7030
1312,國喬,30,20,10,致和證券,2023-08-14,7030
00902,中信電池及儲能,10,0,10,致和證券,2023-08-14,7030
2332,友訊,10,0,10,致和證券,2023-08-14,7030
4526,東台,10,0,10,致和證券,2023-08-14,7030
8033,雷虎,10,0,10,致和證券,2023-08-14,7030
4130,健亞,9,0,9,致和證券,2023-08-14,7030
00878,國泰永續高股息,13,5,8,致和證券,2023-08-14,7030
1540,喬福,8,0,8,致和證券,2023-08-14,7030
3236,千如,8,0,8,致和證券,2023-08-14,7030
4532,瑞智,8,0,8,致和證券,2023-08-14,7030
5880,合庫金,7,0,7,致和證券,2023-08-14,7030
2371,大同,8,1,7,致和證券,2023-08-14,7030
5608,四維航,7,0,7,致和證券,2023-08-14,7030
6282,康舒,17,10,7,致和證券,2023-08-14,7030
6806,森崴能源,6,0,6,致和證券,2023-08-14,7030
3706,神達,14,8,6,致和證券,2023-08-14,7030
0056,元大高股息,8,2,6,致和證券,2023-08-14,7030
1514,亞力,6,0,6,致和證券,2023-08-14,7030
2014,中鴻,100,2,98,致和證券,2023-08-15,7030
00929,復華台灣科技優息,49,0,49,致和證券,2023-08-15,7030
6220,岳豐,44,0,44,致和證券,2023-08-15,7030
2891,中信金,44,1,43,致和證券,2023-08-15,7030
2329,華泰,34,9,25,致和證券,2023-08-15,7030
2883,凱基金,22,0,22,致和證券,2023-08-15,7030
5009,榮剛,23,1,22,致和證券,2023-08-15,7030
3236,千如,20,0,20,致和證券,2023-08-15,7030
3054,立萬利,16,0,16,致和證券,2023-08-15,7030
3189,景碩,13,0,13,致和證券,2023-08-15,7030
6122,擎邦,13,2,11,致和證券,2023-08-15,7030
00930,永豐ESG低碳高息,11,0,11,致和證券,2023-08-15,7030
00931B,統一美債20年,10,0,10,致和證券,2023-08-15,7030
00907,永豐優息存股,10,0,10,致和證券,2023-08-15,7030
2107,厚生,10,0,10,致和證券,2023-08-15,7030
2603,長榮,10,0,10,致和證券,2023-08-15,7030
2617,台航,10,0,10,致和證券,2023-08-15,7030
2834,臺企銀,10,0,10,致和證券,2023-08-15,7030
3499,環天科,10,0,10,致和證券,2023-08-15,7030
3576,聯合再生,10,0,10,致和證券,2023-08-15,7030
8110,華東,10,0,10,致和證券,2023-08-15,7030
00900,富邦特選高股息30,9,0,9,致和證券,2023-08-15,7030
2344,華邦電,10,1,9,致和證券,2023-08-15,7030
2618,長榮航,13,4,9,致和證券,2023-08-15,7030
2913,農林,11,2,9,致和證券,2023-08-15,7030
1471,首利,10,2,8,致和證券,2023-08-15,7030
2890,永豐金,8,0,8,致和證券,2023-08-15,7030
2892,第一金,8,0,8,致和證券,2023-08-15,7030
2033,佳大,7,0,7,致和證券,2023-08-15,7030
2352,佳世達,7,0,7,致和證券,2023-08-15,7030
2362,藍天,7,0,7,致和證券,2023-08-15,7030
9933,中鼎,7,0,7,致和證券,2023-08-15,7030
00923,群益台ESG低碳50,7,0,7,致和證券,2023-08-15,7030
00712,復華富時不動產,5,0,5,致和證券,2023-08-15,7030
1603,華電,5,0,5,致和證券,2023-08-15,7030
1102,亞泥,5,0,5,致和證券,2023-08-15,7030
1326,台化,5,0,5,致和證券,2023-08-15,7030
2027,大成鋼,5,0,5,致和證券,2023-08-15,7030
2303,聯電,5,0,5,致和證券,2023-08-15,7030
2337,旺宏,10,5,5,致和證券,2023-08-15,7030
2374,佳能,5,0,5,致和證券,2023-08-15,7030
2607,榮運,6,1,5,致和證券,2023-08-15,7030
3362,先進光,7,2,5,致和證券,2023-08-15,7030
3715,定穎投控,7,2,5,致和證券,2023-08-15,7030
4566,時碩工業,5,0,5,致和證券,2023-08-15,7030
6139,亞翔,5,0,5,致和證券,2023-08-15,7030
6194,育富,11,6,5,致和證券,2023-08-15,7030
3481,群創,5,0,5,致和證券,2023-08-15,7030
2392,正崴,4,0,4,致和證券,2023-08-15,7030
2317,鴻海,11,8,3,致和證券,2023-08-15,7030
2329,華泰,240,10,230,致和證券,2023-08-16,7030
2303,聯電,73,0,73,致和證券,2023-08-16,7030
6220,岳豐,63,0,63,致和證券,2023-08-16,7030
00664R,國泰臺灣加權反1,50,0,50,致和證券,2023-08-16,7030
00929,復華台灣科技優息,42,0,42,致和證券,2023-08-16,7030
2323,中環,41,1,40,致和證券,2023-08-16,7030
2027,大成鋼,29,0,29,致和證券,2023-08-16,7030
2201,裕隆,26,1,25,致和證券,2023-08-16,7030
00878,國泰永續高股息,24,0,24,致和證券,2023-08-16,7030
2610,華航,43,20,23,致和證券,2023-08-16,7030
2603,長榮,33,11,22,致和證券,2023-08-16,7030
8488,吉源-KY,18,0,18,致和證券,2023-08-16,7030
00923,群益台ESG低碳50,16,0,16,致和證券,2023-08-16,7030
2363,矽統,30,15,15,致和證券,2023-08-16,7030
2409,友達,28,15,13,致和證券,2023-08-16,7030
00679B,元大美債20年,11,0,11,致和證券,2023-08-16,7030
2891,中信金,12,1,11,致和證券,2023-08-16,7030
2317,鴻海,10,0,10,致和證券,2023-08-16,7030
3236,千如,10,0,10,致和證券,2023-08-16,7030
6669,緯穎,10,0,10,致和證券,2023-08-16,7030
2324,仁寶,28,19,9,致和證券,2023-08-16,7030
9951,皇田,9,0,9,致和證券,2023-08-16,7030
2344,華邦電,13,5,8,致和證券,2023-08-16,7030
2887,台新金,8,0,8,致和證券,2023-08-16,7030
3189,景碩,8,0,8,致和證券,2023-08-16,7030
3481,群創,8,0,8,致和證券,2023-08-16,7030
8110,華東,8,0,8,致和證券,2023-08-16,7030
1301,台塑,7,0,7,致和證券,2023-08-16,7030
2881,富邦金,7,0,7,致和證券,2023-08-16,7030
2002,中鋼,12,5,7,致和證券,2023-08-16,7030
2033,佳大,7,0,7,致和證券,2023-08-16,7030
3306,鼎天,8,1,7,致和證券,2023-08-16,7030
2301,光寶科,13,6,7,致和證券,2023-08-16,7030
00900,富邦特選高股息30,8,1,7,致和證券,2023-08-16,7030
00712,復華富時不動產,27,22,5,致和證券,2023-08-16,7030
1402,遠東新,5,0,5,致和證券,2023-08-16,7030
1304,台聚,5,0,5,致和證券,2023-08-16,7030
1612,宏泰,5,0,5,致和證券,2023-08-16,7030
2449,京元電子,6,1,5,致和證券,2023-08-16,7030
2886,兆豐金,5,0,5,致和證券,2023-08-16,7030
3583,辛耘,10,5,5,致和證券,2023-08-16,7030
6169,昱泉,5,0,5,致和證券,2023-08-16,7030
8937,合騏,5,0,5,致和證券,2023-08-16,7030
3706,神達,7,2,5,致和證券,2023-08-16,7030
6806,森崴能源,4,0,4,致和證券,2023-08-16,7030
2015,豐興,5,1,4,致和證券,2023-08-16,7030
00895,富邦未來車,4,0,4,致和證券,2023-08-16,7030
00931B,統一美債20年,5,1,4,致和證券,2023-08-16,7030
00907,永豐優息存股,4,0,4,致和證券,2023-08-16,7030
2812,台中銀,4,0,4,致和證券,2023-08-16,7030
2834,臺企銀,100,0,100,致和證券,2023-08-17,7030
00664R,國泰臺灣加權反1,50,0,50,致和證券,2023-08-17,7030
2444,兆勁,33,0,33,致和證券,2023-08-17,7030
4720,德淵,30,0,30,致和證券,2023-08-17,7030
2883,凱基金,25,0,25,致和證券,2023-08-17,7030
2399,映泰,22,0,22,致和證券,2023-08-17,7030
2885,元大金,22,0,22,致和證券,2023-08-17,7030
3311,閎暉,22,0,22,致和證券,2023-08-17,7030
00632R,元大台灣50反1,21,0,21,致和證券,2023-08-17,7030
00753L,中信中國50正2,30,10,20,致和證券,2023-08-17,7030
2208,台船,20,0,20,致和證券,2023-08-17,7030
6188,廣明,45,25,20,致和證券,2023-08-17,7030
2303,聯電,36,20,16,致和證券,2023-08-17,7030
1210,大成,15,0,15,致和證券,2023-08-17,7030
2617,台航,15,0,15,致和證券,2023-08-17,7030
00923,群益台ESG低碳50,13,0,13,致和證券,2023-08-17,7030
00712,復華富時不動產,13,0,13,致和證券,2023-08-17,7030
2002,中鋼,23,10,13,致和證券,2023-08-17,7030
1440,南紡,15,2,13,致和證券,2023-08-17,7030
3231,緯創,45,32,13,致和證券,2023-08-17,7030
2888,新光金,22,10,12,致和證券,2023-08-17,7030
6191,精成科,13,2,11,致和證券,2023-08-17,7030
00772B,中信高評級公司債,10,0,10,致和證券,2023-08-17,7030
2374,佳能,10,0,10,致和證券,2023-08-17,7030
2855,統一證,10,0,10,致和證券,2023-08-17,7030
6770,力積電,10,0,10,致和證券,2023-08-17,7030
8488,吉源-KY,10,0,10,致和證券,2023-08-17,7030
2449,京元電子,11,2,9,致和證券,2023-08-17,7030
2891,中信金,10,1,9,致和證券,2023-08-17,7030
2356,英業達,34,26,8,致和證券,2023-08-17,7030
2887,台新金,8,0,8,致和證券,2023-08-17,7030
3284,太普高,8,0,8,致和證券,2023-08-17,7030
2892,第一金,7,0,7,致和證券,2023-08-17,7030
2204,中華,7,0,7,致和證券,2023-08-17,7030
3081,聯亞,7,0,7,致和證券,2023-08-17,7030
5880,合庫金,7,0,7,致和證券,2023-08-17,7030
00929,復華台灣科技優息,6,0,6,致和證券,2023-08-17,7030
2913,農林,7,1,6,致和證券,2023-08-17,7030
4908,前鼎,6,0,6,致和證券,2023-08-17,7030
1326,台化,5,0,5,致和證券,2023-08-17,7030
1314,中石化,7,2,5,致和證券,2023-08-17,7030
1905,華紙,6,1,5,致和證券,2023-08-17,7030
2345,智邦,5,0,5,致和證券,2023-08-17,7030
2537,聯上發,5,0,5,致和證券,2023-08-17,7030
2736,富野,5,0,5,致和證券,2023-08-17,7030
2812,台中銀,5,0,5,致和證券,2023-08-17,7030
3228,金麗科,5,0,5,致和證券,2023-08-17,7030
6220,岳豐,5,0,5,致和證券,2023-08-17,7030
2388,威盛,14,10,4,致和證券,2023-08-17,7030
1513,中興電,5,1,4,致和證券,2023-08-17,7030
00664R,國泰臺灣加權反1,100,0,100,致和證券,2023-08-18,7030
0056,元大高股息,102,2,100,致和證券,2023-08-18,7030
2888,新光金,200,133,67,致和證券,2023-08-18,7030
2887,台新金,52,0,52,致和證券,2023-08-18,7030
2382,廣達,124,74,50,致和證券,2023-08-18,7030
1210,大成,50,1,49,致和證券,2023-08-18,7030
2324,仁寶,54,7,47,致和證券,2023-08-18,7030
3362,先進光,37,3,34,致和證券,2023-08-18,7030
00753L,中信中國50正2,30,0,30,致和證券,2023-08-18,7030
3587,閎康,30,0,30,致和證券,2023-08-18,7030
3231,緯創,52,22,30,致和證券,2023-08-18,7030
2201,裕隆,27,0,27,致和證券,2023-08-18,7030
2323,中環,27,1,26,致和證券,2023-08-18,7030
2402,毅嘉,34,8,26,致和證券,2023-08-18,7030
2329,華泰,112,88,24,致和證券,2023-08-18,7030
2426,鼎元,22,0,22,致和證券,2023-08-18,7030
00632R,元大台灣50反1,20,0,20,致和證券,2023-08-18,7030
4720,德淵,20,0,20,致和證券,2023-08-18,7030
00712,復華富時不動產,19,0,19,致和證券,2023-08-18,7030
2885,元大金,21,3,18,致和證券,2023-08-18,7030
00929,復華台灣科技優息,16,0,16,致和證券,2023-08-18,7030
2027,大成鋼,16,0,16,致和證券,2023-08-18,7030
2425,承啟,39,23,16,致和證券,2023-08-18,7030
3483,力致,18,3,15,致和證券,2023-08-18,7030
00878,國泰永續高股息,21,7,14,致和證券,2023-08-18,7030
4974,亞泰,14,0,14,致和證券,2023-08-18,7030
2618,長榮航,21,10,11,致和證券,2023-08-18,7030
4960,誠美材,12,1,11,致和證券,2023-08-18,7030
8092,建暐,11,0,11,致和證券,2023-08-18,7030
1514,亞力,15,5,10,致和證券,2023-08-18,7030
6265,方土昶,10,0,10,致和證券,2023-08-18,7030
6276,安鈦克,10,0,10,致和證券,2023-08-18,7030
6578,達邦蛋白,10,0,10,致和證券,2023-08-18,7030
9934,成霖,11,1,10,致和證券,2023-08-18,7030
2344,華邦電,10,1,9,致和證券,2023-08-18,7030
2352,佳世達,12,3,9,致和證券,2023-08-18,7030
2374,佳能,12,3,9,致和證券,2023-08-18,7030
3163,波若威,26,17,9,致和證券,2023-08-18,7030
5469,瀚宇博,10,1,9,致和證券,2023-08-18,7030
6220,岳豐,9,0,9,致和證券,2023-08-18,7030
1536,和大,8,0,8,致和證券,2023-08-18,7030
2313,華通,34,26,8,致和證券,2023-08-18,7030
3057,喬鼎,8,0,8,致和證券,2023-08-18,7030
3583,辛耘,16,8,8,致和證券,2023-08-18,7030
6182,合晶,9,1,8,致和證券,2023-08-18,7030
2353,宏��,7,0,7,致和證券,2023-08-18,7030
2484,希華,11,4,7,致和證券,2023-08-18,7030
2609,陽明,41,34,7,致和證券,2023-08-18,7030
3706,神達,22,15,7,致和證券,2023-08-18,7030
6125,廣運,11,4,7,致和證券,2023-08-18,7030
2208,台船,84,0,84,致和證券,2023-08-21,7030
2303,聯電,26,0,26,致和證券,2023-08-21,7030
3706,神達,28,4,24,致和證券,2023-08-21,7030
3311,閎暉,26,3,23,致和證券,2023-08-21,7030
00753L,中信中國50正2,22,0,22,致和證券,2023-08-21,7030
00929,復華台灣科技優息,21,0,21,致和證券,2023-08-21,7030
4953,緯軟,20,0,20,致和證券,2023-08-21,7030
0056,元大高股息,20,1,19,致和證券,2023-08-21,7030
5608,四維航,18,0,18,致和證券,2023-08-21,7030
2485,兆赫,16,1,15,致和證券,2023-08-21,7030
2615,萬海,13,0,13,致和證券,2023-08-21,7030
2324,仁寶,25,13,12,致和證券,2023-08-21,7030
8092,建暐,11,0,11,致和證券,2023-08-21,7030
00751B,元大AAA至A公司債,10,0,10,致和證券,2023-08-21,7030
2603,長榮,12,2,10,致和證券,2023-08-21,7030
3043,科風,10,0,10,致和證券,2023-08-21,7030
4155,訊映,10,0,10,致和證券,2023-08-21,7030
3231,緯創,16,7,9,致和證券,2023-08-21,7030
1802,台玻,9,0,9,致和證券,2023-08-21,7030
2033,佳大,9,0,9,致和證券,2023-08-21,7030
2356,英業達,40,31,9,致和證券,2023-08-21,7030
1536,和大,8,0,8,致和證券,2023-08-21,7030
3284,太普高,10,2,8,致和證券,2023-08-21,7030
6147,頎邦,8,0,8,致和證券,2023-08-21,7030
8093,保銳,8,0,8,致和證券,2023-08-21,7030
2402,毅嘉,6,0,6,致和證券,2023-08-21,7030
2610,華航,9,3,6,致和證券,2023-08-21,7030
4938,和碩,6,0,6,致和證券,2023-08-21,7030
00772B,中信高評級公司債,5,0,5,致和證券,2023-08-21,7030
00687B,國泰20年美債,5,0,5,致和證券,2023-08-21,7030
00642U,期元大S＆P石油,5,0,5,致和證券,2023-08-21,7030
2009,第一銅,5,0,5,致和證券,2023-08-21,7030
2347,聯強,5,0,5,致和證券,2023-08-21,7030
2612,中航,25,20,5,致和證券,2023-08-21,7030
2834,臺企銀,5,0,5,致和證券,2023-08-21,7030
2838,聯邦銀,5,0,5,致和證券,2023-08-21,7030
6282,康舒,5,0,5,致和證券,2023-08-21,7030
6414,樺漢,5,0,5,致和證券,2023-08-21,7030
00665L,富邦�琤肭磪囓�2,4,0,4,致和證券,2023-08-21,7030
2886,兆豐金,4,0,4,致和證券,2023-08-21,7030
2888,新光金,10,6,4,致和證券,2023-08-21,7030
4908,前鼎,4,0,4,致和證券,2023-08-21,7030
00881,國泰台灣5G+,3,0,3,致和證券,2023-08-21,7030
2382,廣達,59,56,3,致和證券,2023-08-21,7030
00885,富邦越南,5,2,3,致和證券,2023-08-21,7030
1568,倉佑,3,0,3,致和證券,2023-08-21,7030
2364,倫飛,3,0,3,致和證券,2023-08-21,7030
2371,大同,3,0,3,致和證券,2023-08-21,7030
2880,華南金,3,0,3,致和證券,2023-08-21,7030
2883,凱基金,3,0,3,致和證券,2023-08-21,7030
6116,彩晶,1002,0,1002,致和證券,2023-08-22,7030
2344,華邦電,51,2,49,致和證券,2023-08-22,7030
2468,華經,34,0,34,致和證券,2023-08-22,7030
6244,茂迪,31,0,31,致和證券,2023-08-22,7030
1605,華新,25,0,25,致和證券,2023-08-22,7030
00929,復華台灣科技優息,25,0,25,致和證券,2023-08-22,7030
3374,精材,25,0,25,致和證券,2023-08-22,7030
6517,保勝光學,25,0,25,致和證券,2023-08-22,7030
6220,岳豐,25,1,24,致和證券,2023-08-22,7030
1301,台塑,23,0,23,致和證券,2023-08-22,7030
2838,聯邦銀,23,0,23,致和證券,2023-08-22,7030
2329,華泰,28,6,22,致和證券,2023-08-22,7030
3576,聯合再生,21,0,21,致和證券,2023-08-22,7030
2201,裕隆,20,0,20,致和證券,2023-08-22,7030
2426,鼎元,20,0,20,致和證券,2023-08-22,7030
2332,友訊,22,4,18,致和證券,2023-08-22,7030
2363,矽統,52,37,15,致和證券,2023-08-22,7030
2017,官田鋼,15,0,15,致和證券,2023-08-22,7030
2617,台航,15,0,15,致和證券,2023-08-22,7030
2303,聯電,24,9,15,致和證券,2023-08-22,7030
6125,廣運,18,6,12,致和證券,2023-08-22,7030
2356,英業達,39,27,12,致和證券,2023-08-22,7030
2891,中信金,12,0,12,致和證券,2023-08-22,7030
1609,大亞,11,0,11,致和證券,2023-08-22,7030
3714,富采,11,0,11,致和證券,2023-08-22,7030
3706,神達,12,2,10,致和證券,2023-08-22,7030
00772B,中信高評級公司債,10,0,10,致和證券,2023-08-22,7030
00885,富邦越南,10,0,10,致和證券,2023-08-22,7030
2409,友達,10,0,10,致和證券,2023-08-22,7030
5243,乙盛-KY,10,0,10,致和證券,2023-08-22,7030
6177,達麗,10,0,10,致和證券,2023-08-22,7030
3564,其陽,11,2,9,致和證券,2023-08-22,7030
2382,廣達,27,18,9,致和證券,2023-08-22,7030
00895,富邦未來車,8,0,8,致和證券,2023-08-22,7030
1612,宏泰,10,2,8,致和證券,2023-08-22,7030
2324,仁寶,22,14,8,致和證券,2023-08-22,7030
3014,聯陽,8,0,8,致和證券,2023-08-22,7030
3163,波若威,22,14,8,致和證券,2023-08-22,7030
6122,擎邦,9,1,8,致和證券,2023-08-22,7030
6167,久正,8,0,8,致和證券,2023-08-22,7030
2881,富邦金,7,0,7,致和證券,2023-08-22,7030
3231,緯創,28,21,7,致和證券,2023-08-22,7030
1815,富喬,6,0,6,致和證券,2023-08-22,7030
6143,振曜,6,0,6,致和證券,2023-08-22,7030
3380,明泰,5,0,5,致和證券,2023-08-22,7030
3078,僑威,5,0,5,致和證券,2023-08-22,7030
2328,廣宇,5,0,5,致和證券,2023-08-22,7030
2915,潤泰全,5,0,5,致和證券,2023-08-22,7030
5608,四維航,5,0,5,致和證券,2023-08-22,7030
8050,廣積,5,0,5,致和證券,2023-08-22,7030
2887,台新金,100,2,98,致和證券,2023-08-23,7030
5009,榮剛,53,0,53,致和證券,2023-08-23,7030
2618,長榮航,51,1,50,致和證券,2023-08-23,7030
6220,岳豐,48,0,48,致和證券,2023-08-23,7030
6770,力積電,46,0,46,致和證券,2023-08-23,7030
4720,德淵,34,0,34,致和證券,2023-08-23,7030
2323,中環,40,10,30,致和證券,2023-08-23,7030
00753L,中信中國50正2,25,5,20,致和證券,2023-08-23,7030
2884,玉山金,20,0,20,致和證券,2023-08-23,7030
4906,正文,36,16,20,致和證券,2023-08-23,7030
2538,基泰,20,2,18,致和證券,2023-08-23,7030
2426,鼎元,16,0,16,致和證券,2023-08-23,7030
00673R,期元大S＆P原油反1,15,0,15,致和證券,2023-08-23,7030
2634,漢翔,32,17,15,致和證券,2023-08-23,7030
1810,和成,10,0,10,致和證券,2023-08-23,7030
2324,仁寶,13,3,10,致和證券,2023-08-23,7030
2484,希華,10,0,10,致和證券,2023-08-23,7030
3057,喬鼎,10,0,10,致和證券,2023-08-23,7030
6661,威健生技,10,0,10,致和證券,2023-08-23,7030
8927,北基,10,0,10,致和證券,2023-08-23,7030
2312,金寶,9,0,9,致和證券,2023-08-23,7030
00712,復華富時不動產,8,0,8,致和證券,2023-08-23,7030
3071,協禧,8,0,8,致和證券,2023-08-23,7030
5487,通泰,8,0,8,致和證券,2023-08-23,7030
3380,明泰,8,0,8,致和證券,2023-08-23,7030
1301,台塑,7,0,7,致和證券,2023-08-23,7030
2382,廣達,10,3,7,致和證券,2023-08-23,7030
2406,國碩,7,0,7,致和證券,2023-08-23,7030
1802,台玻,6,0,6,致和證券,2023-08-23,7030
2303,聯電,6,0,6,致和證券,2023-08-23,7030
2374,佳能,9,3,6,致和證券,2023-08-23,7030
2834,臺企銀,6,0,6,致和證券,2023-08-23,7030
3013,晟銘電,16,10,6,致和證券,2023-08-23,7030
3284,太普高,6,0,6,致和證券,2023-08-23,7030
4173,久裕,6,0,6,致和證券,2023-08-23,7030
6282,康舒,8,2,6,致和證券,2023-08-23,7030
8488,吉源-KY,6,0,6,致和證券,2023-08-23,7030
1707,葡萄王,5,0,5,致和證券,2023-08-23,7030
0050,元大台灣50,5,0,5,致和證券,2023-08-23,7030
2367,燿華,10,5,5,致和證券,2023-08-23,7030
2617,台航,5,0,5,致和證券,2023-08-23,7030
2736,富野,5,0,5,致和證券,2023-08-23,7030
2891,中信金,5,0,5,致和證券,2023-08-23,7030
3583,辛耘,11,6,5,致和證券,2023-08-23,7030
5871,中租-KY,5,0,5,致和證券,2023-08-23,7030
6142,友勁,5,0,5,致和證券,2023-08-23,7030
6244,茂迪,5,0,5,致和證券,2023-08-23,7030
6288,聯嘉,5,0,5,致和證券,2023-08-23,7030
6669,緯穎,5,0,5,致和證券,2023-08-23,7030
1316,上曜,4,0,4,致和證券,2023-08-23,7030
6220,岳豐,132,0,132,致和證券,2023-08-24,7030
6168,宏齊,42,7,35,致和證券,2023-08-24,7030
2884,玉山金,33,0,33,致和證券,2023-08-24,7030
2615,萬海,31,0,31,致和證券,2023-08-24,7030
3231,緯創,61,30,31,致和證券,2023-08-24,7030
6257,矽格,30,2,28,致和證券,2023-08-24,7030
2618,長榮航,27,1,26,致和證券,2023-08-24,7030
2882,國泰金,26,0,26,致和證券,2023-08-24,7030
2356,英業達,93,69,24,致和證券,2023-08-24,7030
2885,元大金,20,0,20,致和證券,2023-08-24,7030
3308,聯德,20,3,17,致和證券,2023-08-24,7030
5009,榮剛,17,0,17,致和證券,2023-08-24,7030
2324,仁寶,19,3,16,致和證券,2023-08-24,7030
6274,台燿,17,2,15,致和證券,2023-08-24,7030
2421,建準,18,4,14,致和證券,2023-08-24,7030
2609,陽明,15,1,14,致和證券,2023-08-24,7030
2891,中信金,16,3,13,致和證券,2023-08-24,7030
00929,復華台灣科技優息,13,1,12,致和證券,2023-08-24,7030
2201,裕隆,11,0,11,致和證券,2023-08-24,7030
3483,力致,12,2,10,致和證券,2023-08-24,7030
2880,華南金,9,0,9,致和證券,2023-08-24,7030
2363,矽統,38,30,8,致和證券,2023-08-24,7030
2344,華邦電,8,0,8,致和證券,2023-08-24,7030
2015,豐興,10,2,8,致和證券,2023-08-24,7030
3622,洋華,8,0,8,致和證券,2023-08-24,7030
00712,復華富時不動產,7,0,7,致和證券,2023-08-24,7030
1101,台泥,7,0,7,致和證券,2023-08-24,7030
2419,仲琦,8,1,7,致和證券,2023-08-24,7030
2913,農林,7,0,7,致和證券,2023-08-24,7030
4960,誠美材,9,2,7,致和證券,2023-08-24,7030
6245,立端,7,0,7,致和證券,2023-08-24,7030
8488,吉源-KY,7,0,7,致和證券,2023-08-24,7030
1219,福壽,6,0,6,致和證券,2023-08-24,7030
2332,友訊,15,9,6,致和證券,2023-08-24,7030
2449,京元電子,19,13,6,致和證券,2023-08-24,7030
0050,元大台灣50,5,0,5,致和證券,2023-08-24,7030
00753L,中信中國50正2,5,0,5,致和證券,2023-08-24,7030
2314,台揚,5,0,5,致和證券,2023-08-24,7030
3047,訊舟,5,0,5,致和證券,2023-08-24,7030
3094,聯傑,7,2,5,致和證券,2023-08-24,7030
3680,家登,5,0,5,致和證券,2023-08-24,7030
4306,炎洲,5,0,5,致和證券,2023-08-24,7030
4543,萬在,7,2,5,致和證券,2023-08-24,7030
6219,富旺,26,21,5,致和證券,2023-08-24,7030
6411,晶焱,5,0,5,致和證券,2023-08-24,7030
1722,台肥,5,1,4,致和證券,2023-08-24,7030
3693,營邦,5,1,4,致和證券,2023-08-24,7030
4974,亞泰,4,0,4,致和證券,2023-08-24,7030
2317,鴻海,20,16,4,致和證券,2023-08-24,7030
2883,凱基金,4,1,3,致和證券,2023-08-24,7030
0056,元大高股息,54,0,54,致和證券,2023-08-25,7030
3231,緯創,63,9,54,致和證券,2023-08-25,7030
6220,岳豐,52,1,51,致和證券,2023-08-25,7030
2382,廣達,45,3,42,致和證券,2023-08-25,7030
2303,聯電,40,0,40,致和證券,2023-08-25,7030
2369,菱生,30,0,30,致和證券,2023-08-25,7030
5426,振發,30,0,30,致和證券,2023-08-25,7030
2884,玉山金,24,0,24,致和證券,2023-08-25,7030
5347,世界,23,0,23,致和證券,2023-08-25,7030
2606,裕民,22,0,22,致和證券,2023-08-25,7030
4938,和碩,23,2,21,致和證券,2023-08-25,7030
1809,中釉,15,0,15,致和證券,2023-08-25,7030
6578,達邦蛋白,13,0,13,致和證券,2023-08-25,7030
2356,英業達,49,37,12,致和證券,2023-08-25,7030
3057,喬鼎,12,0,12,致和證券,2023-08-25,7030
2353,宏��,13,2,11,致和證券,2023-08-25,7030
6168,宏齊,14,3,11,致和證券,2023-08-25,7030
2409,友達,16,5,11,致和證券,2023-08-25,7030
00753L,中信中國50正2,10,0,10,致和證券,2023-08-25,7030
00751B,元大AAA至A公司債,10,0,10,致和證券,2023-08-25,7030
00720B,元大投資級公司債,10,0,10,致和證券,2023-08-25,7030
2027,大成鋼,10,0,10,致和證券,2023-08-25,7030
3265,台星科,30,20,10,致和證券,2023-08-25,7030
2317,鴻海,10,1,9,致和證券,2023-08-25,7030
9951,皇田,9,0,9,致和證券,2023-08-25,7030
3652,精聯,8,0,8,致和證券,2023-08-25,7030
8092,建暐,8,0,8,致和證券,2023-08-25,7030
2330,台積電,8,1,7,致和證券,2023-08-25,7030
2377,微星,34,27,7,致和證券,2023-08-25,7030
2610,華航,36,29,7,致和證券,2023-08-25,7030
2634,漢翔,31,24,7,致和證券,2023-08-25,7030
00878,國泰永續高股息,6,0,6,致和證券,2023-08-25,7030
00830,國泰費城半導體,6,0,6,致和證券,2023-08-25,7030
4916,事欣科,6,0,6,致和證券,2023-08-25,7030
6282,康舒,9,3,6,致和證券,2023-08-25,7030
00881,國泰台灣5G+,5,0,5,致和證券,2023-08-25,7030
3037,欣興,5,0,5,致和證券,2023-08-25,7030
6285,啟��,6,1,5,致和證券,2023-08-25,7030
1217,愛之味,5,0,5,致和證券,2023-08-25,7030
00929,復華台灣科技優息,5,0,5,致和證券,2023-08-25,7030
2605,新興,5,0,5,致和證券,2023-08-25,7030
2883,凱基金,5,0,5,致和證券,2023-08-25,7030
3094,聯傑,8,3,5,致和證券,2023-08-25,7030
4904,遠傳,5,0,5,致和證券,2023-08-25,7030
6799,來頡,5,0,5,致和證券,2023-08-25,7030
8403,盛弘,5,0,5,致和證券,2023-08-25,7030
2812,台中銀,4,0,4,致和證券,2023-08-25,7030
1110,東泥,8,4,4,致和證券,2023-08-25,7030
1101,台泥,7,3,4,致和證券,2023-08-25,7030
2485,兆赫,37,33,4,致和證券,2023-08-25,7030
6116,彩晶,100,1,99,致和證券,2023-08-28,7030
2888,新光金,110,14,96,致和證券,2023-08-28,7030
6220,岳豐,69,0,69,致和證券,2023-08-28,7030
0056,元大高股息,50,0,50,致和證券,2023-08-28,7030
2887,台新金,51,2,49,致和證券,2023-08-28,7030
00929,復華台灣科技優息,40,0,40,致和證券,2023-08-28,7030
3481,群創,39,3,36,致和證券,2023-08-28,7030
3622,洋華,32,0,32,致和證券,2023-08-28,7030
2834,臺企銀,38,10,28,致和證券,2023-08-28,7030
3652,精聯,22,0,22,致和證券,2023-08-28,7030
2356,英業達,41,20,21,致和證券,2023-08-28,7030
3265,台星科,20,0,20,致和證券,2023-08-28,7030
2201,裕隆,16,0,16,致和證券,2023-08-28,7030
3308,聯德,15,0,15,致和證券,2023-08-28,7030
4564,元翎,15,0,15,致和證券,2023-08-28,7030
2363,矽統,23,9,14,致和證券,2023-08-28,7030
5009,榮剛,17,4,13,致和證券,2023-08-28,7030
2404,漢唐,11,0,11,致和證券,2023-08-28,7030
4532,瑞智,11,0,11,致和證券,2023-08-28,7030
3231,緯創,30,20,10,致和證券,2023-08-28,7030
2105,正新,10,0,10,致和證券,2023-08-28,7030
00692,富邦公司治理,10,0,10,致和證券,2023-08-28,7030
2388,威盛,12,2,10,致和證券,2023-08-28,7030
3037,欣興,11,1,10,致和證券,2023-08-28,7030
4909,新復興,10,0,10,致和證券,2023-08-28,7030
6276,安鈦克,10,0,10,致和證券,2023-08-28,7030
8289,泰藝,10,0,10,致和證券,2023-08-28,7030
00712,復華富時不動產,9,0,9,致和證券,2023-08-28,7030
6156,松上,9,0,9,致和證券,2023-08-28,7030
2421,建準,10,2,8,致和證券,2023-08-28,7030
4974,亞泰,8,0,8,致和證券,2023-08-28,7030
2614,東森,8,2,6,致和證券,2023-08-28,7030
2605,新興,6,0,6,致和證券,2023-08-28,7030
3022,威強電,6,0,6,致和證券,2023-08-28,7030
3078,僑威,7,1,6,致和證券,2023-08-28,7030
8033,雷虎,8,2,6,致和證券,2023-08-28,7030
1815,富喬,5,0,5,致和證券,2023-08-28,7030
2402,毅嘉,6,1,5,致和證券,2023-08-28,7030
2485,兆赫,6,1,5,致和證券,2023-08-28,7030
2838,聯邦銀,5,0,5,致和證券,2023-08-28,7030
3059,華晶科,5,0,5,致和證券,2023-08-28,7030
3062,建漢,8,3,5,致和證券,2023-08-28,7030
4526,東台,5,0,5,致和證券,2023-08-28,7030
6770,力積電,10,5,5,致和證券,2023-08-28,7030
2543,皇昌,17,13,4,致和證券,2023-08-28,7030
3498,陽程,4,0,4,致和證券,2023-08-28,7030
6126,信音,12,8,4,致和證券,2023-08-28,7030
6245,立端,4,0,4,致和證券,2023-08-28,7030
6616,特昇-KY,4,0,4,致和證券,2023-08-28,7030
8032,光菱,4,0,4,致和證券,2023-08-28,7030
6203,海韻電,50,0,50,致和證券,2023-08-29,7030
6220,岳豐,43,0,43,致和證券,2023-08-29,7030
2618,長榮航,43,10,33,致和證券,2023-08-29,7030
2363,矽統,39,11,28,致和證券,2023-08-29,7030
2317,鴻海,20,2,18,致和證券,2023-08-29,7030
4938,和碩,15,1,14,致和證券,2023-08-29,7030
3231,緯創,35,24,11,致和證券,2023-08-29,7030
1445,大宇,11,0,11,致和證券,2023-08-29,7030
4916,事欣科,11,0,11,致和證券,2023-08-29,7030
2882,國泰金,11,1,10,致和證券,2023-08-29,7030
5011,久陽,10,0,10,致和證券,2023-08-29,7030
6191,精成科,10,0,10,致和證券,2023-08-29,7030
3703,欣陸,9,0,9,致和證券,2023-08-29,7030
2449,京元電子,11,3,8,致和證券,2023-08-29,7030
2615,萬海,10,2,8,致和證券,2023-08-29,7030
2002,中鋼,13,6,7,致和證券,2023-08-29,7030
2485,兆赫,16,9,7,致和證券,2023-08-29,7030
4944,兆遠,7,0,7,致和證券,2023-08-29,7030
2404,漢唐,5,0,5,致和證券,2023-08-29,7030
2610,華航,38,33,5,致和證券,2023-08-29,7030
2913,農林,5,0,5,致和證券,2023-08-29,7030
3508,位速,5,0,5,致和證券,2023-08-29,7030
4121,優盛,5,0,5,致和證券,2023-08-29,7030
5243,乙盛-KY,5,0,5,致和證券,2023-08-29,7030
8064,東捷,5,0,5,致和證券,2023-08-29,7030
2634,漢翔,8,4,4,致和證券,2023-08-29,7030
6126,信音,4,0,4,致和證券,2023-08-29,7030
8050,廣積,4,0,4,致和證券,2023-08-29,7030
3481,群創,4,1,3,致和證券,2023-08-29,7030
5880,合庫金,3,0,3,致和證券,2023-08-29,7030
2103,台橡,3,0,3,致和證券,2023-08-29,7030
2303,聯電,5,2,3,致和證券,2023-08-29,7030
2409,友達,3,0,3,致和證券,2023-08-29,7030
2630,亞航,24,21,3,致和證券,2023-08-29,7030
3711,日月光投控,6,3,3,致和證券,2023-08-29,7030
5371,中光電,5,2,3,致和證券,2023-08-29,7030
5488,松普,3,0,3,致和證券,2023-08-29,7030
5871,中租-KY,3,0,3,致和證券,2023-08-29,7030
6244,茂迪,3,0,3,致和證券,2023-08-29,7030
6517,保勝光學,5,2,3,致和證券,2023-08-29,7030
2027,大成鋼,2,0,2,致和證券,2023-08-29,7030
2884,玉山金,3,1,2,致和證券,2023-08-29,7030
1709,和益,2,0,2,致和證券,2023-08-29,7030
1504,東元,2,0,2,致和證券,2023-08-29,7030
2388,威盛,2,0,2,致和證券,2023-08-29,7030
2484,希華,2,0,2,致和證券,2023-08-29,7030
2601,益航,2,0,2,致和證券,2023-08-29,7030
3257,虹冠電,2,0,2,致和證券,2023-08-29,7030
3308,聯德,2,0,2,致和證券,2023-08-29,7030
3535,晶彩科,2,0,2,致和證券,2023-08-29,7030
6220,岳豐,121,0,121,致和證券,2023-08-30,7030
00929,復華台灣科技優息,122,2,120,致和證券,2023-08-30,7030
6203,海韻電,50,0,50,致和證券,2023-08-30,7030
2002,中鋼,29,0,29,致和證券,2023-08-30,7030
4915,致伸,20,0,20,致和證券,2023-08-30,7030
2344,華邦電,15,0,15,致和證券,2023-08-30,7030
2324,仁寶,15,1,14,致和證券,2023-08-30,7030
3481,群創,13,0,13,致和證券,2023-08-30,7030
2618,長榮航,27,15,12,致和證券,2023-08-30,7030
3047,訊舟,12,0,12,致和證券,2023-08-30,7030
4977,眾達-KY,11,0,11,致和證券,2023-08-30,7030
8488,吉源-KY,11,0,11,致和證券,2023-08-30,7030
2880,華南金,10,0,10,致和證券,2023-08-30,7030
1611,中電,10,0,10,致和證券,2023-08-30,7030
2323,中環,11,1,10,致和證券,2023-08-30,7030
2409,友達,30,20,10,致和證券,2023-08-30,7030
8016,矽創,10,0,10,致和證券,2023-08-30,7030
00907,永豐優息存股,7,0,7,致和證券,2023-08-30,7030
0050,元大台灣50,7,0,7,致和證券,2023-08-30,7030
2834,臺企銀,7,0,7,致和證券,2023-08-30,7030
8936,國統,7,0,7,致和證券,2023-08-30,7030
2495,普安,6,0,6,致和證券,2023-08-30,7030
3029,零壹,7,1,6,致和證券,2023-08-30,7030
3715,定穎投控,9,3,6,致和證券,2023-08-30,7030
6168,宏齊,11,5,6,致和證券,2023-08-30,7030
1524,耿鼎,5,0,5,致和證券,2023-08-30,7030
00712,復華富時不動產,10,5,5,致和證券,2023-08-30,7030
2537,聯上發,5,0,5,致和證券,2023-08-30,7030
2610,華航,28,23,5,致和證券,2023-08-30,7030
2838,聯邦銀,5,0,5,致和證券,2023-08-30,7030
3071,協禧,6,1,5,致和證券,2023-08-30,7030
3081,聯亞,5,0,5,致和證券,2023-08-30,7030
3406,玉晶光,5,0,5,致和證券,2023-08-30,7030
5608,四維航,5,0,5,致和證券,2023-08-30,7030
5871,中租-KY,5,0,5,致和證券,2023-08-30,7030
6191,精成科,5,0,5,致和證券,2023-08-30,7030
2355,敬鵬,4,0,4,致和證券,2023-08-30,7030
8050,廣積,4,0,4,致和證券,2023-08-30,7030
1722,台肥,4,1,3,致和證券,2023-08-30,7030
2630,亞航,23,20,3,致和證券,2023-08-30,7030
3033,威健,3,0,3,致和證券,2023-08-30,7030
3105,穩懋,3,0,3,致和證券,2023-08-30,7030
3339,泰谷,3,0,3,致和證券,2023-08-30,7030
3596,智易,3,0,3,致和證券,2023-08-30,7030
5351,鈺創,4,1,3,致和證券,2023-08-30,7030
6104,創惟,3,0,3,致和證券,2023-08-30,7030
6147,頎邦,3,0,3,致和證券,2023-08-30,7030
6547,高端疫苗,3,0,3,致和證券,2023-08-30,7030
9906,欣巴巴,3,0,3,致和證券,2023-08-30,7030
00900,富邦特選高股息30,2,0,2,致和證券,2023-08-30,7030
6220,岳豐,59,0,59,致和證券,2023-08-31,7030
2303,聯電,47,3,44,致和證券,2023-08-31,7030
2337,旺宏,64,28,36,致和證券,2023-08-31,7030
00929,復華台灣科技優息,36,0,36,致和證券,2023-08-31,7030
6770,力積電,30,1,29,致和證券,2023-08-31,7030
2892,第一金,26,0,26,致和證券,2023-08-31,7030
2880,華南金,24,0,24,致和證券,2023-08-31,7030
00878,國泰永續高股息,23,0,23,致和證券,2023-08-31,7030
00753L,中信中國50正2,23,0,23,致和證券,2023-08-31,7030
2606,裕民,20,0,20,致和證券,2023-08-31,7030
2722,夏都,20,0,20,致和證券,2023-08-31,7030
6141,柏承,20,0,20,致和證券,2023-08-31,7030
4938,和碩,19,0,19,致和證券,2023-08-31,7030
2324,仁寶,21,5,16,致和證券,2023-08-31,7030
3284,太普高,16,0,16,致和證券,2023-08-31,7030
00692,富邦公司治理,14,0,14,致和證券,2023-08-31,7030
2002,中鋼,11,0,11,致和證券,2023-08-31,7030
2450,神腦,10,0,10,致和證券,2023-08-31,7030
2705,六福,10,0,10,致和證券,2023-08-31,7030
3047,訊舟,10,0,10,致和證券,2023-08-31,7030
3710,連展投控,10,0,10,致和證券,2023-08-31,7030
3163,波若威,10,1,9,致和證券,2023-08-31,7030
6147,頎邦,13,4,9,致和證券,2023-08-31,7030
0056,元大高股息,9,0,9,致和證券,2023-08-31,7030
6547,高端疫苗,11,2,9,致和證券,2023-08-31,7030
00881,國泰台灣5G+,10,2,8,致和證券,2023-08-31,7030
2353,宏��,12,4,8,致和證券,2023-08-31,7030
2436,偉詮電,8,1,7,致和證券,2023-08-31,7030
1802,台玻,9,3,6,致和證券,2023-08-31,7030
3265,台星科,6,0,6,致和證券,2023-08-31,7030
3711,日月光投控,11,5,6,致和證券,2023-08-31,7030
00679B,元大美債20年,5,0,5,致和證券,2023-08-31,7030
00907,永豐優息存股,5,0,5,致和證券,2023-08-31,7030
2323,中環,5,0,5,致和證券,2023-08-31,7030
2390,云辰,9,4,5,致和證券,2023-08-31,7030
2820,華票,5,0,5,致和證券,2023-08-31,7030
2890,永豐金,5,0,5,致和證券,2023-08-31,7030
3081,聯亞,5,0,5,致和證券,2023-08-31,7030
3338,泰碩,5,0,5,致和證券,2023-08-31,7030
6153,嘉聯益,5,0,5,致和證券,2023-08-31,7030
6531,愛普*,7,2,5,致和證券,2023-08-31,7030
6799,來頡,5,0,5,致和證券,2023-08-31,7030
4743,合一,4,0,4,致和證券,2023-08-31,7030
00900,富邦特選高股息30,4,0,4,致和證券,2023-08-31,7030
2355,敬鵬,7,3,4,致和證券,2023-08-31,7030
2409,友達,4,0,4,致和證券,2023-08-31,7030
2618,長榮航,27,23,4,致和證券,2023-08-31,7030
2801,彰銀,4,0,4,致和證券,2023-08-31,7030
3013,晟銘電,4,0,4,致和證券,2023-08-31,7030
6488,環球晶,4,0,4,致和證券,2023-08-31,7030
00919,群益台灣精選高息,68,1,67,致和證券,2023-09-01,7030
00929,復華台灣科技優息,63,0,63,致和證券,2023-09-01,7030
3231,緯創,49,16,33,致和證券,2023-09-01,7030
2485,兆赫,55,27,28,致和證券,2023-09-01,7030
2356,英業達,38,11,27,致和證券,2023-09-01,7030
2610,華航,39,13,26,致和證券,2023-09-01,7030
2002,中鋼,25,0,25,致和證券,2023-09-01,7030
3265,台星科,20,0,20,致和證券,2023-09-01,7030
6147,頎邦,17,0,17,致和證券,2023-09-01,7030
6578,達邦蛋白,17,0,17,致和證券,2023-09-01,7030
6547,高端疫苗,21,5,16,致和證券,2023-09-01,7030
1101,台泥,15,0,15,致和證券,2023-09-01,7030
00878,國泰永續高股息,14,0,14,致和證券,2023-09-01,7030
00932,兆豐永續高息等權,14,0,14,致和證券,2023-09-01,7030
2329,華泰,26,13,13,致和證券,2023-09-01,7030
2376,技嘉,14,2,12,致和證券,2023-09-01,7030
6117,迎廣,12,0,12,致和證券,2023-09-01,7030
1402,遠東新,11,0,11,致和證券,2023-09-01,7030
6188,廣明,11,0,11,致和證券,2023-09-01,7030
00673R,期元大S＆P原油反1,10,0,10,致和證券,2023-09-01,7030
6841,長佳智能,9,0,9,致和證券,2023-09-01,7030
3308,聯德,8,1,7,致和證券,2023-09-01,7030
4938,和碩,8,1,7,致和證券,2023-09-01,7030
3481,群創,7,1,6,致和證券,2023-09-01,7030
1319,東陽,6,0,6,致和證券,2023-09-01,7030
2888,新光金,17,11,6,致和證券,2023-09-01,7030
3234,光環,6,0,6,致和證券,2023-09-01,7030
4967,十銓,5,0,5,致和證券,2023-09-01,7030
6285,啟��,5,0,5,致和證券,2023-09-01,7030
1504,東元,5,0,5,致和證券,2023-09-01,7030
2812,台中銀,5,0,5,致和證券,2023-09-01,7030
2891,中信金,5,0,5,致和證券,2023-09-01,7030
3094,聯傑,6,1,5,致和證券,2023-09-01,7030
4188,安克,5,0,5,致和證券,2023-09-01,7030
6168,宏齊,5,0,5,致和證券,2023-09-01,7030
5871,中租-KY,5,0,5,致和證券,2023-09-01,7030
6274,台燿,8,4,4,致和證券,2023-09-01,7030
1524,耿鼎,7,3,4,致和證券,2023-09-01,7030
1805,寶徠,4,0,4,致和證券,2023-09-01,7030
3034,聯詠,4,0,4,致和證券,2023-09-01,7030
6126,信音,6,2,4,致和證券,2023-09-01,7030
00897,富邦基因免疫生技,3,0,3,致和證券,2023-09-01,7030
1312,國喬,3,0,3,致和證券,2023-09-01,7030
00921,兆豐龍頭等權重,3,0,3,致和證券,2023-09-01,7030
1605,華新,4,1,3,致和證券,2023-09-01,7030
1721,三晃,4,1,3,致和證券,2023-09-01,7030
2033,佳大,3,0,3,致和證券,2023-09-01,7030
2303,聯電,4,1,3,致和證券,2023-09-01,7030
2355,敬鵬,5,2,3,致和證券,2023-09-01,7030
3090,日電貿,3,0,3,致和證券,2023-09-01,7030
2371,大同,35,0,35,致和證券,2023-09-04,7030
2331,精英,18,0,18,致和證券,2023-09-04,7030
3322,建舜電,15,0,15,致和證券,2023-09-04,7030
6220,岳豐,15,0,15,致和證券,2023-09-04,7030
2330,台積電,16,2,14,致和證券,2023-09-04,7030
2323,中環,22,10,12,致和證券,2023-09-04,7030
5381,合正,12,0,12,致和證券,2023-09-04,7030
2402,毅嘉,40,28,12,致和證券,2023-09-04,7030
1609,大亞,10,0,10,致和證券,2023-09-04,7030
3499,環天科,10,0,10,致和證券,2023-09-04,7030
9938,百和,10,0,10,致和證券,2023-09-04,7030
2303,聯電,21,12,9,致和證券,2023-09-04,7030
2033,佳大,8,0,8,致和證券,2023-09-04,7030
2913,農林,8,0,8,致和證券,2023-09-04,7030
3308,聯德,11,3,8,致和證券,2023-09-04,7030
3325,旭品,8,0,8,致和證券,2023-09-04,7030
3652,精聯,8,0,8,致和證券,2023-09-04,7030
6111,大宇資,8,0,8,致和證券,2023-09-04,7030
1514,亞力,7,0,7,致和證券,2023-09-04,7030
2363,矽統,27,20,7,致和證券,2023-09-04,7030
2409,友達,22,15,7,致和證券,2023-09-04,7030
4967,十銓,7,0,7,致和證券,2023-09-04,7030
6276,安鈦克,7,0,7,致和證券,2023-09-04,7030
8222,寶一,7,0,7,致和證券,2023-09-04,7030
1591,駿吉-KY,11,5,6,致和證券,2023-09-04,7030
2369,菱生,6,0,6,致和證券,2023-09-04,7030
5328,華容,6,0,6,致和證券,2023-09-04,7030
3481,群創,8,2,6,致和證券,2023-09-04,7030
2376,技嘉,7,2,5,致和證券,2023-09-04,7030
00673R,期元大S＆P原油反1,5,0,5,致和證券,2023-09-04,7030
00915,凱基優選高股息30,5,0,5,致和證券,2023-09-04,7030
00929,復華台灣科技優息,7,2,5,致和證券,2023-09-04,7030
2038,海光,5,0,5,致和證券,2023-09-04,7030
2354,鴻準,6,1,5,致和證券,2023-09-04,7030
2374,佳能,5,0,5,致和證券,2023-09-04,7030
3285,微端,5,0,5,致和證券,2023-09-04,7030
4934,太極,5,0,5,致和證券,2023-09-04,7030
5864,致和證,5,0,5,致和證券,2023-09-04,7030
6799,來頡,5,0,5,致和證券,2023-09-04,7030
8213,志超,5,0,5,致和證券,2023-09-04,7030
1504,東元,4,0,4,致和證券,2023-09-04,7030
2317,鴻海,4,0,4,致和證券,2023-09-04,7030
6117,迎廣,4,0,4,致和證券,2023-09-04,7030
6125,廣運,5,1,4,致和證券,2023-09-04,7030
6411,晶焱,4,0,4,致和證券,2023-09-04,7030
2201,裕隆,9,6,3,致和證券,2023-09-04,7030
5483,中美晶,4,1,3,致和證券,2023-09-04,7030
1762,中化生,3,0,3,致和證券,2023-09-04,7030
2488,漢平,3,0,3,致和證券,2023-09-04,7030
5347,世界,3,0,3,致和證券,2023-09-04,7030
1210,大成,50,0,50,致和證券,2023-09-05,7030
2303,聯電,58,11,47,致和證券,2023-09-05,7030
00929,復華台灣科技優息,49,5,44,致和證券,2023-09-05,7030
00918,大華優利高填息30,20,0,20,致和證券,2023-09-05,7030
3264,欣銓,20,0,20,致和證券,2023-09-05,7030
00673R,期元大S＆P原油反1,15,0,15,致和證券,2023-09-05,7030
2312,金寶,15,0,15,致和證券,2023-09-05,7030
1402,遠東新,12,0,12,致和證券,2023-09-05,7030
2634,漢翔,30,19,11,致和證券,2023-09-05,7030
1514,亞力,10,0,10,致和證券,2023-09-05,7030
00712,復華富時不動產,10,0,10,致和證券,2023-09-05,7030
1308,亞聚,10,0,10,致和證券,2023-09-05,7030
3711,日月光投控,15,5,10,致和證券,2023-09-05,7030
6220,岳豐,10,0,10,致和證券,2023-09-05,7030
00923,群益台ESG低碳50,10,1,9,致和證券,2023-09-05,7030
2633,台灣高鐵,9,1,8,致和證券,2023-09-05,7030
3622,洋華,17,10,7,致和證券,2023-09-05,7030
00915,凱基優選高股息30,6,0,6,致和證券,2023-09-05,7030
2332,友訊,6,0,6,致和證券,2023-09-05,7030
2355,敬鵬,7,1,6,致和證券,2023-09-05,7030
6443,元晶,6,0,6,致和證券,2023-09-05,7030
2027,大成鋼,5,0,5,致和證券,2023-09-05,7030
00753L,中信中國50正2,5,0,5,致和證券,2023-09-05,7030
1727,中華化,5,0,5,致和證券,2023-09-05,7030
1802,台玻,6,1,5,致和證券,2023-09-05,7030
2002,中鋼,10,5,5,致和證券,2023-09-05,7030
2344,華邦電,12,7,5,致和證券,2023-09-05,7030
5871,中租-KY,5,0,5,致和證券,2023-09-05,7030
6217,中探針,5,0,5,致和證券,2023-09-05,7030
6219,富旺,29,24,5,致和證券,2023-09-05,7030
8040,九暘,5,0,5,致和證券,2023-09-05,7030
1309,台達化,4,0,4,致和證券,2023-09-05,7030
00932,兆豐永續高息等權,4,0,4,致和證券,2023-09-05,7030
2033,佳大,4,0,4,致和證券,2023-09-05,7030
2324,仁寶,5,1,4,致和證券,2023-09-05,7030
2885,元大金,4,0,4,致和證券,2023-09-05,7030
4147,中裕,5,1,4,致和證券,2023-09-05,7030
5009,榮剛,4,0,4,致和證券,2023-09-05,7030
5439,高技,5,1,4,致和證券,2023-09-05,7030
5483,中美晶,5,1,4,致和證券,2023-09-05,7030
6235,華孚,4,0,4,致和證券,2023-09-05,7030
00907,永豐優息存股,4,0,4,致和證券,2023-09-05,7030
00919,群益台灣精選高息,9,6,3,致和證券,2023-09-05,7030
2301,光寶科,4,1,3,致和證券,2023-09-05,7030
3228,金麗科,3,0,3,致和證券,2023-09-05,7030
3234,光環,3,0,3,致和證券,2023-09-05,7030
3363,上詮,5,2,3,致和證券,2023-09-05,7030
4721,美琪瑪,3,0,3,致和證券,2023-09-05,7030
6158,禾昌,3,0,3,致和證券,2023-09-05,7030
6533,晶心科,3,0,3,致和證券,2023-09-05,7030
00923,群益台ESG低碳50,71,1,70,致和證券,2023-09-06,7030
00929,復華台灣科技優息,76,7,69,致和證券,2023-09-06,7030
00919,群益台灣精選高息,66,0,66,致和證券,2023-09-06,7030
3532,台勝科,39,0,39,致和證券,2023-09-06,7030
2405,輔信,35,0,35,致和證券,2023-09-06,7030
00753L,中信中國50正2,30,0,30,致和證券,2023-09-06,7030
2382,廣達,35,9,26,致和證券,2023-09-06,7030
2891,中信金,25,0,25,致和證券,2023-09-06,7030
2880,華南金,23,0,23,致和證券,2023-09-06,7030
3481,群創,39,22,17,致和證券,2023-09-06,7030
2033,佳大,16,0,16,致和證券,2023-09-06,7030
00712,復華富時不動產,15,0,15,致和證券,2023-09-06,7030
2303,聯電,21,7,14,致和證券,2023-09-06,7030
2363,矽統,44,31,13,致和證券,2023-09-06,7030
2409,友達,23,10,13,致和證券,2023-09-06,7030
2615,萬海,11,0,11,致和證券,2023-09-06,7030
3149,正達,12,1,11,致和證券,2023-09-06,7030
4974,亞泰,11,0,11,致和證券,2023-09-06,7030
5381,合正,31,20,11,致和證券,2023-09-06,7030
6188,廣明,22,11,11,致和證券,2023-09-06,7030
2017,官田鋼,10,0,10,致和證券,2023-09-06,7030
2816,旺旺保,10,0,10,致和證券,2023-09-06,7030
6616,特昇-KY,10,0,10,致和證券,2023-09-06,7030
00932,兆豐永續高息等權,9,0,9,致和證券,2023-09-06,7030
00915,凱基優選高股息30,9,0,9,致和證券,2023-09-06,7030
2015,豐興,10,2,8,致和證券,2023-09-06,7030
2401,凌陽,21,13,8,致和證券,2023-09-06,7030
2886,兆豐金,8,0,8,致和證券,2023-09-06,7030
6274,台燿,15,7,8,致和證券,2023-09-06,7030
6186,新潤,7,0,7,致和證券,2023-09-06,7030
6411,晶焱,7,0,7,致和證券,2023-09-06,7030
8455,大拓-KY,7,0,7,致和證券,2023-09-06,7030
2883,凱基金,7,1,6,致和證券,2023-09-06,7030
2514,龍邦,10,4,6,致和證券,2023-09-06,7030
2887,台新金,6,0,6,致和證券,2023-09-06,7030
3043,科風,6,0,6,致和證券,2023-09-06,7030
3406,玉晶光,6,0,6,致和證券,2023-09-06,7030
8046,南電,6,0,6,致和證券,2023-09-06,7030
8358,金居,10,4,6,致和證券,2023-09-06,7030
1618,合機,25,20,5,致和證券,2023-09-06,7030
2009,第一銅,5,0,5,致和證券,2023-09-06,7030
2323,中環,5,0,5,致和證券,2023-09-06,7030
2618,長榮航,25,20,5,致和證券,2023-09-06,7030
2915,潤泰全,5,0,5,致和證券,2023-09-06,7030
3013,晟銘電,7,2,5,致和證券,2023-09-06,7030
4139,馬光-KY,5,0,5,致和證券,2023-09-06,7030
4532,瑞智,5,0,5,致和證券,2023-09-06,7030
6125,廣運,6,1,5,致和證券,2023-09-06,7030
6278,台表科,5,0,5,致和證券,2023-09-06,7030
8403,盛弘,5,0,5,致和證券,2023-09-06,7030
00929,復華台灣科技優息,199,6,193,致和證券,2023-09-07,7030
00664R,國泰臺灣加權反1,50,0,50,致和證券,2023-09-07,7030
00919,群益台灣精選高息,44,1,43,致和證券,2023-09-07,7030
3322,建舜電,31,0,31,致和證券,2023-09-07,7030
2303,聯電,30,1,29,致和證券,2023-09-07,7030
00753L,中信中國50正2,25,0,25,致和證券,2023-09-07,7030
1618,合機,55,30,25,致和證券,2023-09-07,7030
2615,萬海,20,0,20,致和證券,2023-09-07,7030
3265,台星科,36,16,20,致和證券,2023-09-07,7030
2328,廣宇,19,2,17,致和證券,2023-09-07,7030
3231,緯創,13,0,13,致和證券,2023-09-07,7030
6799,來頡,13,0,13,致和證券,2023-09-07,7030
9945,潤泰新,13,0,13,致和證券,2023-09-07,7030
2913,農林,12,0,12,致和證券,2023-09-07,7030
3704,合勤控,25,13,12,致和證券,2023-09-07,7030
8068,全達,12,0,12,致和證券,2023-09-07,7030
2881,富邦金,11,0,11,致和證券,2023-09-07,7030
1522,堤維西,10,0,10,致和證券,2023-09-07,7030
00713,元大台灣高息低波,10,0,10,致和證券,2023-09-07,7030
00932,兆豐永續高息等權,10,0,10,致和證券,2023-09-07,7030
00922,國泰台灣領袖50,10,0,10,致和證券,2023-09-07,7030
2409,友達,58,48,10,致和證券,2023-09-07,7030
3703,欣陸,10,0,10,致和證券,2023-09-07,7030
1101,台泥,9,0,9,致和證券,2023-09-07,7030
2358,廷鑫,10,1,9,致和證券,2023-09-07,7030
00900,富邦特選高股息30,16,8,8,致和證券,2023-09-07,7030
2514,龍邦,18,10,8,致和證券,2023-09-07,7030
2880,華南金,8,0,8,致和證券,2023-09-07,7030
3622,洋華,11,3,8,致和證券,2023-09-07,7030
1324,地球,7,0,7,致和證券,2023-09-07,7030
5347,世界,7,0,7,致和證券,2023-09-07,7030
6186,新潤,7,0,7,致和證券,2023-09-07,7030
2027,大成鋼,7,0,7,致和證券,2023-09-07,7030
00915,凱基優選高股息30,6,0,6,致和證券,2023-09-07,7030
2033,佳大,6,0,6,致和證券,2023-09-07,7030
2324,仁寶,7,1,6,致和證券,2023-09-07,7030
2883,凱基金,6,0,6,致和證券,2023-09-07,7030
4909,新復興,6,0,6,致和證券,2023-09-07,7030
5871,中租-KY,5,0,5,致和證券,2023-09-07,7030
1110,東泥,6,1,5,致和證券,2023-09-07,7030
00902,中信電池及儲能,5,0,5,致和證券,2023-09-07,7030
00712,復華富時不動產,5,0,5,致和證券,2023-09-07,7030
00679B,元大美債20年,5,0,5,致和證券,2023-09-07,7030
2009,第一銅,5,0,5,致和證券,2023-09-07,7030
2486,一詮,5,0,5,致和證券,2023-09-07,7030
2915,潤泰全,5,0,5,致和證券,2023-09-07,7030
3149,正達,5,0,5,致和證券,2023-09-07,7030
4510,高鋒,9,4,5,致和證券,2023-09-07,7030
5243,乙盛-KY,5,0,5,致和證券,2023-09-07,7030
8112,至上,6,1,5,致和證券,2023-09-07,7030
2888,新光金,130,10,120,致和證券,2023-09-08,7030
3481,群創,56,2,54,致和證券,2023-09-08,7030
6220,岳豐,44,0,44,致和證券,2023-09-08,7030
00919,群益台灣精選高息,26,1,25,致和證券,2023-09-08,7030
2440,太空梭,23,0,23,致和證券,2023-09-08,7030
2883,凱基金,23,0,23,致和證券,2023-09-08,7030
4533,協易機,25,2,23,致和證券,2023-09-08,7030
4934,太極,23,0,23,致和證券,2023-09-08,7030
3532,台勝科,20,0,20,致和證券,2023-09-08,7030
3284,太普高,18,0,18,致和證券,2023-09-08,7030
00918,大華優利高填息30,15,0,15,致和證券,2023-09-08,7030
1603,華電,13,0,13,致和證券,2023-09-08,7030
5469,瀚宇博,14,1,13,致和證券,2023-09-08,7030
2344,華邦電,12,0,12,致和證券,2023-09-08,7030
2376,技嘉,11,0,11,致和證券,2023-09-08,7030
2603,長榮,11,0,11,致和證券,2023-09-08,7030
6770,力積電,11,0,11,致和證券,2023-09-08,7030
00931B,統一美債20年,10,0,10,致和證券,2023-09-08,7030
4564,元翎,10,0,10,致和證券,2023-09-08,7030
6117,迎廣,10,0,10,致和證券,2023-09-08,7030
6167,久正,10,0,10,致和證券,2023-09-08,7030
9105,泰金寶-DR,10,0,10,致和證券,2023-09-08,7030
2356,英業達,17,8,9,致和證券,2023-09-08,7030
3711,日月光投控,9,0,9,致和證券,2023-09-08,7030
2329,華泰,10,2,8,致和證券,2023-09-08,7030
2363,矽統,24,16,8,致和證券,2023-09-08,7030
3622,洋華,8,0,8,致和證券,2023-09-08,7030
1809,中釉,7,0,7,致和證券,2023-09-08,7030
6125,廣運,11,4,7,致和證券,2023-09-08,7030
1216,統一,6,0,6,致和證券,2023-09-08,7030
00900,富邦特選高股息30,6,0,6,致和證券,2023-09-08,7030
2340,台亞,6,0,6,致和證券,2023-09-08,7030
2882,國泰金,6,0,6,致和證券,2023-09-08,7030
2913,農林,6,0,6,致和證券,2023-09-08,7030
3022,威強電,6,0,6,致和證券,2023-09-08,7030
5434,崇越,6,0,6,致和證券,2023-09-08,7030
5487,通泰,6,0,6,致和證券,2023-09-08,7030
6188,廣明,12,6,6,致和證券,2023-09-08,7030
00915,凱基優選高股息30,5,0,5,致和證券,2023-09-08,7030
1471,首利,5,0,5,致和證券,2023-09-08,7030
1605,華新,5,0,5,致和證券,2023-09-08,7030
1736,喬山,5,0,5,致和證券,2023-09-08,7030
2105,正新,5,0,5,致和證券,2023-09-08,7030
2353,宏��,5,0,5,致和證券,2023-09-08,7030
6616,特昇-KY,5,0,5,致和證券,2023-09-08,7030
2330,台積電,5,0,5,致和證券,2023-09-08,7030
1514,亞力,5,1,4,致和證券,2023-09-08,7030
2316,楠梓電,8,4,4,致和證券,2023-09-08,7030
3260,威剛,5,1,4,致和證券,2023-09-08,7030
9933,中鼎,4,0,4,致和證券,2023-09-08,7030
6220,岳豐,93,0,93,致和證券,2023-09-11,7030
00923,群益台ESG低碳50,80,0,80,致和證券,2023-09-11,7030
00929,復華台灣科技優息,75,0,75,致和證券,2023-09-11,7030
00919,群益台灣精選高息,63,0,63,致和證券,2023-09-11,7030
00878,國泰永續高股息,68,6,62,致和證券,2023-09-11,7030
2105,正新,54,2,52,致和證券,2023-09-11,7030
00664R,國泰臺灣加權反1,50,0,50,致和證券,2023-09-11,7030
3265,台星科,37,1,36,致和證券,2023-09-11,7030
00931B,統一美債20年,30,0,30,致和證券,2023-09-11,7030
00712,復華富時不動產,30,0,30,致和證券,2023-09-11,7030
2891,中信金,30,0,30,致和證券,2023-09-11,7030
3623,富晶通,30,0,30,致和證券,2023-09-11,7030
3231,緯創,29,8,21,致和證券,2023-09-11,7030
2618,長榮航,36,18,18,致和證券,2023-09-11,7030
2913,農林,23,6,17,致和證券,2023-09-11,7030
4934,太極,17,0,17,致和證券,2023-09-11,7030
6125,廣運,24,7,17,致和證券,2023-09-11,7030
2419,仲琦,12,0,12,致和證券,2023-09-11,7030
6126,信音,12,0,12,致和證券,2023-09-11,7030
2324,仁寶,12,1,11,致和證券,2023-09-11,7030
2603,長榮,10,0,10,致和證券,2023-09-11,7030
2606,裕民,10,0,10,致和證券,2023-09-11,7030
3293,鈊象,10,0,10,致和證券,2023-09-11,7030
5227,立凱-KY,10,0,10,致和證券,2023-09-11,7030
6139,亞翔,12,2,10,致和證券,2023-09-11,7030
9907,統一實,10,0,10,致和證券,2023-09-11,7030
4938,和碩,10,1,9,致和證券,2023-09-11,7030
3022,威強電,9,0,9,致和證券,2023-09-11,7030
1815,富喬,16,8,8,致和證券,2023-09-11,7030
2312,金寶,9,1,8,致和證券,2023-09-11,7030
2401,凌陽,8,0,8,致和證券,2023-09-11,7030
3588,通嘉,10,2,8,致和證券,2023-09-11,7030
1618,合機,7,0,7,致和證券,2023-09-11,7030
1809,中釉,8,1,7,致和證券,2023-09-11,7030
2358,廷鑫,7,0,7,致和證券,2023-09-11,7030
3481,群創,17,10,7,致和證券,2023-09-11,7030
2382,廣達,15,9,6,致和證券,2023-09-11,7030
1609,大亞,6,0,6,致和證券,2023-09-11,7030
1316,上曜,6,0,6,致和證券,2023-09-11,7030
3711,日月光投控,6,0,6,致和證券,2023-09-11,7030
6117,迎廣,6,0,6,致和證券,2023-09-11,7030
6770,力積電,6,0,6,致和證券,2023-09-11,7030
8068,全達,8,2,6,致和證券,2023-09-11,7030
1504,東元,5,0,5,致和證券,2023-09-11,7030
2313,華通,15,10,5,致和證券,2023-09-11,7030
2485,兆赫,7,2,5,致和證券,2023-09-11,7030
2605,新興,5,0,5,致和證券,2023-09-11,7030
2887,台新金,5,0,5,致和證券,2023-09-11,7030
2890,永豐金,5,0,5,致和證券,2023-09-11,7030
4953,緯軟,5,0,5,致和證券,2023-09-11,7030
6220,岳豐,61,3,58,致和證券,2023-09-12,7030
00878,國泰永續高股息,44,2,42,致和證券,2023-09-12,7030
2618,長榮航,61,38,23,致和證券,2023-09-12,7030
2884,玉山金,21,0,21,致和證券,2023-09-12,7030
2025,千興,20,0,20,致和證券,2023-09-12,7030
1316,上曜,17,0,17,致和證券,2023-09-12,7030
00751B,元大AAA至A公司債,17,0,17,致和證券,2023-09-12,7030
2405,輔信,19,2,17,致和證券,2023-09-12,7030
0056,元大高股息,17,2,15,致和證券,2023-09-12,7030
1609,大亞,14,0,14,致和證券,2023-09-12,7030
6245,立端,14,0,14,致和證券,2023-09-12,7030
00753L,中信中國50正2,23,10,13,致和證券,2023-09-12,7030
3306,鼎天,13,0,13,致和證券,2023-09-12,7030
1101,台泥,12,0,12,致和證券,2023-09-12,7030
2002,中鋼,12,0,12,致和證券,2023-09-12,7030
2356,英業達,17,5,12,致和證券,2023-09-12,7030
6282,康舒,15,4,11,致和證券,2023-09-12,7030
00929,復華台灣科技優息,41,30,11,致和證券,2023-09-12,7030
5258,虹堡,12,2,10,致和證券,2023-09-12,7030
5425,台半,12,2,10,致和證券,2023-09-12,7030
2634,漢翔,10,1,9,致和證券,2023-09-12,7030
2105,正新,8,0,8,致和證券,2023-09-12,7030
2312,金寶,11,3,8,致和證券,2023-09-12,7030
2409,友達,8,1,7,致和證券,2023-09-12,7030
2367,燿華,7,1,6,致和證券,2023-09-12,7030
1612,宏泰,5,0,5,致和證券,2023-09-12,7030
2388,威盛,7,2,5,致和證券,2023-09-12,7030
2402,毅嘉,6,1,5,致和證券,2023-09-12,7030
2485,兆赫,10,5,5,致和證券,2023-09-12,7030
3013,晟銘電,6,1,5,致和證券,2023-09-12,7030
3450,聯鈞,5,0,5,致和證券,2023-09-12,7030
6153,嘉聯益,5,0,5,致和證券,2023-09-12,7030
6244,茂迪,5,0,5,致和證券,2023-09-12,7030
6477,安集,5,0,5,致和證券,2023-09-12,7030
2457,飛宏,5,1,4,致和證券,2023-09-12,7030
2206,三陽工業,7,3,4,致和證券,2023-09-12,7030
3380,明泰,4,0,4,致和證券,2023-09-12,7030
6120,達運,4,0,4,致和證券,2023-09-12,7030
6443,元晶,4,0,4,致和證券,2023-09-12,7030
2603,長榮,5,1,4,致和證券,2023-09-12,7030
00932,兆豐永續高息等權,3,0,3,致和證券,2023-09-12,7030
00673R,期元大S＆P原油反1,3,0,3,致和證券,2023-09-12,7030
1815,富喬,16,13,3,致和證券,2023-09-12,7030
2495,普安,3,0,3,致和證券,2023-09-12,7030
3066,李洲,3,0,3,致和證券,2023-09-12,7030
3576,聯合再生,3,0,3,致和證券,2023-09-12,7030
3596,智易,3,0,3,致和證券,2023-09-12,7030
4534,慶騰,3,0,3,致和證券,2023-09-12,7030
6616,特昇-KY,3,0,3,致和證券,2023-09-12,7030
6661,威健生技,3,0,3,致和證券,2023-09-12,7030
00919,群益台灣精選高息,48,0,48,致和證券,2023-09-13,7030
8105,凌巨,40,0,40,致和證券,2023-09-13,7030
6220,岳豐,34,0,34,致和證券,2023-09-13,7030
2610,華航,58,31,27,致和證券,2023-09-13,7030
3322,建舜電,27,0,27,致和證券,2023-09-13,7030
2025,千興,25,0,25,致和證券,2023-09-13,7030
00929,復華台灣科技優息,22,0,22,致和證券,2023-09-13,7030
3078,僑威,20,1,19,致和證券,2023-09-13,7030
1806,冠軍,17,0,17,致和證券,2023-09-13,7030
00753L,中信中國50正2,17,0,17,致和證券,2023-09-13,7030
00931B,統一美債20年,15,0,15,致和證券,2023-09-13,7030
3711,日月光投控,15,0,15,致和證券,2023-09-13,7030
4438,廣越,11,0,11,致和證券,2023-09-13,7030
00900,富邦特選高股息30,10,0,10,致和證券,2023-09-13,7030
2352,佳世達,10,0,10,致和證券,2023-09-13,7030
2892,第一金,10,0,10,致和證券,2023-09-13,7030
1524,耿鼎,24,16,8,致和證券,2023-09-13,7030
2033,佳大,7,0,7,致和證券,2023-09-13,7030
2457,飛宏,7,0,7,致和證券,2023-09-13,7030
3037,欣興,6,0,6,致和證券,2023-09-13,7030
2419,仲琦,6,0,6,致和證券,2023-09-13,7030
5009,榮剛,6,0,6,致和證券,2023-09-13,7030
6219,富旺,29,23,6,致和證券,2023-09-13,7030
00881,國泰台灣5G+,5,0,5,致和證券,2023-09-13,7030
2374,佳能,5,0,5,致和證券,2023-09-13,7030
2605,新興,5,0,5,致和證券,2023-09-13,7030
2618,長榮航,35,30,5,致和證券,2023-09-13,7030
2630,亞航,37,32,5,致和證券,2023-09-13,7030
3234,光環,5,0,5,致和證券,2023-09-13,7030
3231,緯創,15,11,4,致和證券,2023-09-13,7030
1101,台泥,17,13,4,致和證券,2023-09-13,7030
1339,昭輝,5,1,4,致和證券,2023-09-13,7030
2105,正新,5,1,4,致和證券,2023-09-13,7030
6278,台表科,4,0,4,致和證券,2023-09-13,7030
6488,環球晶,4,0,4,致和證券,2023-09-13,7030
1210,大成,3,0,3,致和證券,2023-09-13,7030
2340,台亞,3,0,3,致和證券,2023-09-13,7030
2353,宏��,3,0,3,致和證券,2023-09-13,7030
2401,凌陽,4,1,3,致和證券,2023-09-13,7030
3013,晟銘電,3,0,3,致和證券,2023-09-13,7030
3209,全科,4,1,3,致和證券,2023-09-13,7030
4566,時碩工業,3,0,3,致和證券,2023-09-13,7030
5215,科嘉-KY,3,0,3,致和證券,2023-09-13,7030
5371,中光電,5,2,3,致和證券,2023-09-13,7030
6167,久正,3,0,3,致和證券,2023-09-13,7030
8121,越峰,3,0,3,致和證券,2023-09-13,7030
1513,中興電,3,0,3,致和證券,2023-09-13,7030
6125,廣運,2,0,2,致和證券,2023-09-13,7030
00923,群益台ESG低碳50,2,0,2,致和證券,2023-09-13,7030
1707,葡萄王,2,0,2,致和證券,2023-09-13,7030
4720,德淵,94,0,94,致和證券,2023-09-14,7030
00632R,元大台灣50反1,34,0,34,致和證券,2023-09-14,7030
9938,百和,30,0,30,致和證券,2023-09-14,7030
00753L,中信中國50正2,20,0,20,致和證券,2023-09-14,7030
2105,正新,19,1,18,致和證券,2023-09-14,7030
2641,正德,19,1,18,致和證券,2023-09-14,7030
4915,致伸,17,1,16,致和證券,2023-09-14,7030
00929,復華台灣科技優息,25,12,13,致和證券,2023-09-14,7030
6229,研通,12,0,12,致和證券,2023-09-14,7030
8093,保銳,12,0,12,致和證券,2023-09-14,7030
00902,中信電池及儲能,10,0,10,致和證券,2023-09-14,7030
3011,今皓,10,0,10,致和證券,2023-09-14,7030
3057,喬鼎,10,0,10,致和證券,2023-09-14,7030
2353,宏��,9,1,8,致和證券,2023-09-14,7030
6275,元山,8,0,8,致和證券,2023-09-14,7030
3645,達邁,7,0,7,致和證券,2023-09-14,7030
2645,長榮航太,6,0,6,致和證券,2023-09-14,7030
8478,東哥遊艇,11,5,6,致和證券,2023-09-14,7030
2002,中鋼,5,0,5,致和證券,2023-09-14,7030
2017,官田鋼,5,0,5,致和證券,2023-09-14,7030
2332,友訊,5,0,5,致和證券,2023-09-14,7030
3043,科風,5,0,5,致和證券,2023-09-14,7030
3264,欣銓,5,0,5,致和證券,2023-09-14,7030
4561,健椿,6,1,5,致和證券,2023-09-14,7030
5864,致和證,5,0,5,致和證券,2023-09-14,7030
2376,技嘉,6,1,5,致和證券,2023-09-14,7030
2204,中華,5,0,5,致和證券,2023-09-14,7030
1776,展宇,4,0,4,致和證券,2023-09-14,7030
1584,精剛,4,0,4,致和證券,2023-09-14,7030
2354,鴻準,10,6,4,致和證券,2023-09-14,7030
2367,燿華,4,0,4,致和證券,2023-09-14,7030
3682,亞太電,4,0,4,致和證券,2023-09-14,7030
4534,慶騰,4,0,4,致和證券,2023-09-14,7030
1319,東陽,10,7,3,致和證券,2023-09-14,7030
2015,豐興,5,2,3,致和證券,2023-09-14,7030
3078,僑威,3,0,3,致和證券,2023-09-14,7030
3305,昇貿,3,0,3,致和證券,2023-09-14,7030
3512,皇龍,3,0,3,致和證券,2023-09-14,7030
5351,鈺創,3,0,3,致和證券,2023-09-14,7030
5487,通泰,3,0,3,致和證券,2023-09-14,7030
6170,統振,3,0,3,致和證券,2023-09-14,7030
8069,元太,2,0,2,致和證券,2023-09-14,7030
00921,兆豐龍頭等權重,2,0,2,致和證券,2023-09-14,7030
00679B,元大美債20年,2,0,2,致和證券,2023-09-14,7030
00795B,中信美國公債20年,2,0,2,致和證券,2023-09-14,7030
00724B,群益投資級金融債,2,0,2,致和證券,2023-09-14,7030
2033,佳大,2,0,2,致和證券,2023-09-14,7030
2303,聯電,24,22,2,致和證券,2023-09-14,7030
2421,建準,2,0,2,致和證券,2023-09-14,7030
2851,中再保,2,0,2,致和證券,2023-09-14,7030
00929,復華台灣科技優息,162,0,162,致和證券,2023-09-15,7030
2891,中信金,67,0,67,致和證券,2023-09-15,7030
00919,群益台灣精選高息,62,0,62,致和證券,2023-09-15,7030
6220,岳豐,59,0,59,致和證券,2023-09-15,7030
00882,中信中國高股息,50,0,50,致和證券,2023-09-15,7030
4720,德淵,46,0,46,致和證券,2023-09-15,7030
9942,茂順,30,0,30,致和證券,2023-09-15,7030
2303,聯電,26,3,23,致和證券,2023-09-15,7030
8222,寶一,21,0,21,致和證券,2023-09-15,7030
00931B,統一美債20年,20,0,20,致和證券,2023-09-15,7030
2610,華航,58,39,19,致和證券,2023-09-15,7030
2331,精英,16,0,16,致和證券,2023-09-15,7030
00915,凱基優選高股息30,13,0,13,致和證券,2023-09-15,7030
2002,中鋼,16,5,11,致和證券,2023-09-15,7030
2883,凱基金,10,0,10,致和證券,2023-09-15,7030
3042,晶技,10,0,10,致和證券,2023-09-15,7030
6830,汎銓,10,0,10,致和證券,2023-09-15,7030
2634,漢翔,9,0,9,致和證券,2023-09-15,7030
3058,立德,10,1,9,致和證券,2023-09-15,7030
3163,波若威,42,33,9,致和證券,2023-09-15,7030
6126,信音,10,1,9,致和證券,2023-09-15,7030
2633,台灣高鐵,11,2,9,致和證券,2023-09-15,7030
2033,佳大,8,0,8,致和證券,2023-09-15,7030
3704,合勤控,13,5,8,致和證券,2023-09-15,7030
8488,吉源-KY,8,0,8,致和證券,2023-09-15,7030
1609,大亞,10,3,7,致和證券,2023-09-15,7030
2204,中華,7,0,7,致和證券,2023-09-15,7030
2316,楠梓電,8,1,7,致和證券,2023-09-15,7030
2332,友訊,7,0,7,致和證券,2023-09-15,7030
2356,英業達,25,18,7,致和證券,2023-09-15,7030
4532,瑞智,7,0,7,致和證券,2023-09-15,7030
2402,毅嘉,6,0,6,致和證券,2023-09-15,7030
2405,輔信,10,4,6,致和證券,2023-09-15,7030
5864,致和證,6,0,6,致和證券,2023-09-15,7030
2312,金寶,5,0,5,致和證券,2023-09-15,7030
2352,佳世達,7,2,5,致和證券,2023-09-15,7030
2399,映泰,5,0,5,致和證券,2023-09-15,7030
2486,一詮,10,5,5,致和證券,2023-09-15,7030
2537,聯上發,5,0,5,致和證券,2023-09-15,7030
2732,六角,5,0,5,致和證券,2023-09-15,7030
3032,偉訓,5,0,5,致和證券,2023-09-15,7030
5381,合正,5,0,5,致和證券,2023-09-15,7030
6275,元山,5,0,5,致和證券,2023-09-15,7030
3231,緯創,13,8,5,致和證券,2023-09-15,7030
2884,玉山金,5,0,5,致和證券,2023-09-15,7030
2317,鴻海,4,0,4,致和證券,2023-09-15,7030
2485,兆赫,6,2,4,致和證券,2023-09-15,7030
2542,興富發,4,0,4,致和證券,2023-09-15,7030
2606,裕民,7,3,4,致和證券,2023-09-15,7030
2637,慧洋-KY,18,14,4,致和證券,2023-09-15,7030
00929,復華台灣科技優息,130,0,130,致和證券,2023-09-18,7030
00919,群益台灣精選高息,43,2,41,致和證券,2023-09-18,7030
2303,聯電,33,0,33,致和證券,2023-09-18,7030
2356,英業達,23,0,23,致和證券,2023-09-18,7030
2363,矽統,46,25,21,致和證券,2023-09-18,7030
1609,大亞,20,0,20,致和證券,2023-09-18,7030
00680L,元大美債20正2,20,0,20,致和證券,2023-09-18,7030
2637,慧洋-KY,20,0,20,致和證券,2023-09-18,7030
5498,凱崴,20,0,20,致和證券,2023-09-18,7030
2382,廣達,17,2,15,致和證券,2023-09-18,7030
6220,岳豐,13,0,13,致和證券,2023-09-18,7030
2603,長榮,12,0,12,致和證券,2023-09-18,7030
2027,大成鋼,12,1,11,致和證券,2023-09-18,7030
00722B,群益投資級電信債,10,0,10,致和證券,2023-09-18,7030
00753L,中信中國50正2,40,30,10,致和證券,2023-09-18,7030
00857B,永豐20年美公債,10,0,10,致和證券,2023-09-18,7030
1611,中電,10,0,10,致和證券,2023-09-18,7030
2002,中鋼,11,1,10,致和證券,2023-09-18,7030
2323,中環,30,20,10,致和證券,2023-09-18,7030
2331,精英,20,10,10,致和證券,2023-09-18,7030
2330,台積電,11,2,9,致和證券,2023-09-18,7030
2344,華邦電,9,0,9,致和證券,2023-09-18,7030
5210,寶碩,9,0,9,致和證券,2023-09-18,7030
2033,佳大,8,0,8,致和證券,2023-09-18,7030
2402,毅嘉,7,1,6,致和證券,2023-09-18,7030
2427,三商電,16,10,6,致和證券,2023-09-18,7030
2605,新興,7,1,6,致和證券,2023-09-18,7030
6117,迎廣,7,1,6,致和證券,2023-09-18,7030
1591,駿吉-KY,5,0,5,致和證券,2023-09-18,7030
00891,中信關鍵半導體,5,0,5,致和證券,2023-09-18,7030
00795B,中信美國公債20年,5,0,5,致和證券,2023-09-18,7030
2405,輔信,5,0,5,致和證券,2023-09-18,7030
2419,仲琦,5,0,5,致和證券,2023-09-18,7030
2425,承啟,5,0,5,致和證券,2023-09-18,7030
3711,日月光投控,5,0,5,致和證券,2023-09-18,7030
6218,豪勉,5,0,5,致和證券,2023-09-18,7030
6278,台表科,5,0,5,致和證券,2023-09-18,7030
00751B,元大AAA至A公司債,4,0,4,致和證券,2023-09-18,7030
1605,華新,5,1,4,致和證券,2023-09-18,7030
2618,長榮航,25,21,4,致和證券,2023-09-18,7030
6266,泰詠,4,0,4,致和證券,2023-09-18,7030
1444,力麗,3,0,3,致和證券,2023-09-18,7030
2105,正新,3,0,3,致和證券,2023-09-18,7030
2352,佳世達,3,0,3,致和證券,2023-09-18,7030
2368,金像電,3,0,3,致和證券,2023-09-18,7030
2516,新建,3,0,3,致和證券,2023-09-18,7030
2641,正德,4,1,3,致和證券,2023-09-18,7030
2812,台中銀,3,0,3,致和證券,2023-09-18,7030
3025,星通,5,2,3,致和證券,2023-09-18,7030
3481,群創,3,0,3,致和證券,2023-09-18,7030
2367,燿華,58,7,51,致和證券,2023-09-19,7030
00753L,中信中國50正2,50,0,50,致和證券,2023-09-19,7030
00929,復華台灣科技優息,47,16,31,致和證券,2023-09-19,7030
2356,英業達,27,6,21,致和證券,2023-09-19,7030
3057,喬鼎,20,0,20,致和證券,2023-09-19,7030
4953,緯軟,20,0,20,致和證券,2023-09-19,7030
9942,茂順,20,0,20,致和證券,2023-09-19,7030
1529,樂事綠能,19,2,17,致和證券,2023-09-19,7030
1522,堤維西,22,6,16,致和證券,2023-09-19,7030
00919,群益台灣精選高息,15,0,15,致和證券,2023-09-19,7030
2515,中工,15,0,15,致和證券,2023-09-19,7030
8222,寶一,15,0,15,致和證券,2023-09-19,7030
1802,台玻,14,1,13,致和證券,2023-09-19,7030
2332,友訊,13,0,13,致和證券,2023-09-19,7030
1231,聯華食,12,0,12,致和證券,2023-09-19,7030
2313,華通,42,30,12,致和證券,2023-09-19,7030
6122,擎邦,12,0,12,致和證券,2023-09-19,7030
6229,研通,12,0,12,致和證券,2023-09-19,7030
2206,三陽工業,11,0,11,致和證券,2023-09-19,7030
1524,耿鼎,15,5,10,致和證券,2023-09-19,7030
1314,中石化,10,0,10,致和證券,2023-09-19,7030
00932,兆豐永續高息等權,10,0,10,致和證券,2023-09-19,7030
2033,佳大,10,0,10,致和證券,2023-09-19,7030
2392,正崴,10,0,10,致和證券,2023-09-19,7030
3056,富華新,10,0,10,致和證券,2023-09-19,7030
3231,緯創,19,9,10,致和證券,2023-09-19,7030
6477,安集,10,0,10,致和證券,2023-09-19,7030
8933,愛地雅,10,0,10,致和證券,2023-09-19,7030
6901,鑽石投資,11,3,8,致和證券,2023-09-19,7030
00877,復華中國5G,8,0,8,致和證券,2023-09-19,7030
3704,合勤控,8,0,8,致和證券,2023-09-19,7030
6274,台燿,12,4,8,致和證券,2023-09-19,7030
2610,華航,21,14,7,致和證券,2023-09-19,7030
6841,長佳智能,7,0,7,致和證券,2023-09-19,7030
2449,京元電子,8,1,7,致和證券,2023-09-19,7030
4532,瑞智,6,0,6,致和證券,2023-09-19,7030
4915,致伸,6,0,6,致和證券,2023-09-19,7030
8488,吉源-KY,6,0,6,致和證券,2023-09-19,7030
2025,千興,5,0,5,致和證券,2023-09-19,7030
2331,精英,15,10,5,致和證券,2023-09-19,7030
2618,長榮航,35,30,5,致和證券,2023-09-19,7030
3305,昇貿,5,0,5,致和證券,2023-09-19,7030
3324,雙鴻,5,0,5,致和證券,2023-09-19,7030
3645,達邁,5,0,5,致和證券,2023-09-19,7030
8034,榮群,6,1,5,致和證券,2023-09-19,7030
2330,台積電,4,0,4,致和證券,2023-09-19,7030
2634,漢翔,9,5,4,致和證券,2023-09-19,7030
2002,中鋼,12,8,4,致和證券,2023-09-19,7030
2015,豐興,5,1,4,致和證券,2023-09-19,7030
2885,元大金,7,3,4,致和證券,2023-09-19,7030
00929,復華台灣科技優息,149,33,116,致和證券,2023-09-20,7030
2641,正德,40,3,37,致和證券,2023-09-20,7030
1608,華榮,30,0,30,致和證券,2023-09-20,7030
6278,台表科,25,0,25,致和證券,2023-09-20,7030
2409,友達,29,6,23,致和證券,2023-09-20,7030
2105,正新,22,0,22,致和證券,2023-09-20,7030
2303,聯電,35,15,20,致和證券,2023-09-20,7030
2352,佳世達,18,0,18,致和證券,2023-09-20,7030
3481,群創,25,8,17,致和證券,2023-09-20,7030
00931B,統一美債20年,15,0,15,致和證券,2023-09-20,7030
2606,裕民,15,0,15,致和證券,2023-09-20,7030
6841,長佳智能,16,2,14,致和證券,2023-09-20,7030
0056,元大高股息,13,0,13,致和證券,2023-09-20,7030
2344,華邦電,16,4,12,致和證券,2023-09-20,7030
2605,新興,16,4,12,致和證券,2023-09-20,7030
3163,波若威,17,6,11,致和證券,2023-09-20,7030
00919,群益台灣精選高息,10,0,10,致和證券,2023-09-20,7030
00722B,群益投資級電信債,10,0,10,致和證券,2023-09-20,7030
00753L,中信中國50正2,10,0,10,致和證券,2023-09-20,7030
2354,鴻準,11,1,10,致和證券,2023-09-20,7030
3311,閎暉,10,0,10,致和證券,2023-09-20,7030
3545,敦泰,11,1,10,致和證券,2023-09-20,7030
8110,華東,10,0,10,致和證券,2023-09-20,7030
3706,神達,14,5,9,致和證券,2023-09-20,7030
3264,欣銓,8,0,8,致和證券,2023-09-20,7030
3037,欣興,9,1,8,致和證券,2023-09-20,7030
00881,國泰台灣5G+,7,0,7,致和證券,2023-09-20,7030
3715,定穎投控,14,7,7,致和證券,2023-09-20,7030
6120,達運,7,0,7,致和證券,2023-09-20,7030
1802,台玻,6,0,6,致和證券,2023-09-20,7030
2332,友訊,8,2,6,致和證券,2023-09-20,7030
2353,宏��,7,1,6,致和證券,2023-09-20,7030
2392,正崴,6,0,6,致和證券,2023-09-20,7030
3363,上詮,6,0,6,致和證券,2023-09-20,7030
4908,前鼎,21,15,6,致和證券,2023-09-20,7030
3034,聯詠,6,0,6,致和證券,2023-09-20,7030
1528,恩德,5,0,5,致和證券,2023-09-20,7030
2017,官田鋼,5,0,5,致和證券,2023-09-20,7030
2492,華新科,5,0,5,致和證券,2023-09-20,7030
2612,中航,6,1,5,致和證券,2023-09-20,7030
5608,四維航,5,0,5,致和證券,2023-09-20,7030
6153,嘉聯益,5,0,5,致和證券,2023-09-20,7030
6257,矽格,5,0,5,致和證券,2023-09-20,7030
9921,巨大,5,0,5,致和證券,2023-09-20,7030
9933,中鼎,5,0,5,致和證券,2023-09-20,7030
00932,兆豐永續高息等權,4,0,4,致和證券,2023-09-20,7030
2208,台船,35,31,4,致和證券,2023-09-20,7030
2883,凱基金,13,9,4,致和證券,2023-09-20,7030
3059,華晶科,5,1,4,致和證券,2023-09-20,7030
5213,亞昕,4,0,4,致和證券,2023-09-20,7030
1409,新纖,100,0,100,致和證券,2023-09-21,7030
2891,中信金,36,0,36,致和證券,2023-09-21,7030
2882,國泰金,27,0,27,致和證券,2023-09-21,7030
3265,台星科,35,10,25,致和證券,2023-09-21,7030
3711,日月光投控,25,0,25,致和證券,2023-09-21,7030
1524,耿鼎,30,6,24,致和證券,2023-09-21,7030
00878,國泰永續高股息,23,0,23,致和證券,2023-09-21,7030
00753L,中信中國50正2,26,10,16,致和證券,2023-09-21,7030
1612,宏泰,15,0,15,致和證券,2023-09-21,7030
2610,華航,16,2,14,致和證券,2023-09-21,7030
2881,富邦金,12,0,12,致和證券,2023-09-21,7030
2888,新光金,30,18,12,致和證券,2023-09-21,7030
00932,兆豐永續高息等權,11,0,11,致和證券,2023-09-21,7030
00919,群益台灣精選高息,11,0,11,致和證券,2023-09-21,7030
4534,慶騰,11,0,11,致和證券,2023-09-21,7030
4743,合一,11,0,11,致和證券,2023-09-21,7030
5880,合庫金,11,0,11,致和證券,2023-09-21,7030
1522,堤維西,32,22,10,致和證券,2023-09-21,7030
00881,國泰台灣5G+,10,0,10,致和證券,2023-09-21,7030
2419,仲琦,10,0,10,致和證券,2023-09-21,7030
2834,臺企銀,10,0,10,致和證券,2023-09-21,7030
2855,統一證,10,0,10,致和證券,2023-09-21,7030
3545,敦泰,10,0,10,致和證券,2023-09-21,7030
0056,元大高股息,9,0,9,致和證券,2023-09-21,7030
00900,富邦特選高股息30,9,0,9,致和證券,2023-09-21,7030
1809,中釉,10,1,9,致和證券,2023-09-21,7030
2913,農林,9,0,9,致和證券,2023-09-21,7030
2344,華邦電,10,2,8,致和證券,2023-09-21,7030
2421,建準,8,0,8,致和證券,2023-09-21,7030
4944,兆遠,8,0,8,致和證券,2023-09-21,7030
1609,大亞,7,0,7,致和證券,2023-09-21,7030
2388,威盛,14,7,7,致和證券,2023-09-21,7030
2482,連宇,7,0,7,致和證券,2023-09-21,7030
2634,漢翔,13,6,7,致和證券,2023-09-21,7030
3022,威強電,7,0,7,致和證券,2023-09-21,7030
2618,長榮航,36,30,6,致和證券,2023-09-21,7030
2880,華南金,6,0,6,致和證券,2023-09-21,7030
6220,岳豐,6,0,6,致和證券,2023-09-21,7030
8488,吉源-KY,6,0,6,致和證券,2023-09-21,7030
2884,玉山金,5,0,5,致和證券,2023-09-21,7030
2449,京元電子,8,3,5,致和證券,2023-09-21,7030
00885,富邦越南,5,0,5,致和證券,2023-09-21,7030
1229,聯華,5,0,5,致和證券,2023-09-21,7030
1611,中電,5,0,5,致和證券,2023-09-21,7030
2015,豐興,5,0,5,致和證券,2023-09-21,7030
2313,華通,41,36,5,致和證券,2023-09-21,7030
2332,友訊,6,1,5,致和證券,2023-09-21,7030
3059,華晶科,5,0,5,致和證券,2023-09-21,7030
4533,協易機,5,0,5,致和證券,2023-09-21,7030
5211,蒙恬,5,0,5,致和證券,2023-09-21,7030
2367,燿華,52,1,51,致和證券,2023-09-22,7030
00931B,統一美債20年,37,0,37,致和證券,2023-09-22,7030
00712,復華富時不動產,27,0,27,致和證券,2023-09-22,7030
00878,國泰永續高股息,43,19,24,致和證券,2023-09-22,7030
00929,復華台灣科技優息,25,4,21,致和證券,2023-09-22,7030
2881,富邦金,20,0,20,致和證券,2023-09-22,7030
3260,威剛,20,2,18,致和證券,2023-09-22,7030
00885,富邦越南,17,0,17,致和證券,2023-09-22,7030
1101,台泥,10,0,10,致和證券,2023-09-22,7030
00687B,國泰20年美債,10,0,10,致和證券,2023-09-22,7030
2344,華邦電,12,2,10,致和證券,2023-09-22,7030
2337,旺宏,30,20,10,致和證券,2023-09-22,7030
2330,台積電,9,0,9,致和證券,2023-09-22,7030
3231,緯創,14,6,8,致和證券,2023-09-22,7030
3499,環天科,10,2,8,致和證券,2023-09-22,7030
8112,至上,10,2,8,致和證券,2023-09-22,7030
00919,群益台灣精選高息,7,0,7,致和證券,2023-09-22,7030
1714,和桐,7,0,7,致和證券,2023-09-22,7030
00679B,元大美債20年,8,1,7,致和證券,2023-09-22,7030
2883,凱基金,6,0,6,致和證券,2023-09-22,7030
5432,新門,6,0,6,致和證券,2023-09-22,7030
5483,中美晶,6,0,6,致和證券,2023-09-22,7030
9921,巨大,6,0,6,致和證券,2023-09-22,7030
00722B,群益投資級電信債,5,0,5,致和證券,2023-09-22,7030
00772B,中信高評級公司債,5,0,5,致和證券,2023-09-22,7030
1339,昭輝,5,0,5,致和證券,2023-09-22,7030
1805,寶徠,5,0,5,致和證券,2023-09-22,7030
2365,昆盈,5,0,5,致和證券,2023-09-22,7030
2405,輔信,5,0,5,致和證券,2023-09-22,7030
2634,漢翔,7,2,5,致和證券,2023-09-22,7030
3047,訊舟,5,0,5,致和證券,2023-09-22,7030
3711,日月光投控,5,0,5,致和證券,2023-09-22,7030
4934,太極,5,0,5,致和證券,2023-09-22,7030
8131,福懋科,5,0,5,致和證券,2023-09-22,7030
9904,寶成,5,0,5,致和證券,2023-09-22,7030
1444,力麗,5,0,5,致和證券,2023-09-22,7030
6414,樺漢,4,0,4,致和證券,2023-09-22,7030
00921,兆豐龍頭等權重,4,0,4,致和證券,2023-09-22,7030
8488,吉源-KY,4,0,4,致和證券,2023-09-22,7030
00795B,中信美國公債20年,3,0,3,致和證券,2023-09-22,7030
00751B,元大AAA至A公司債,3,0,3,致和證券,2023-09-22,7030
1210,大成,3,0,3,致和證券,2023-09-22,7030
1301,台塑,3,0,3,致和證券,2023-09-22,7030
2014,中鴻,3,0,3,致和證券,2023-09-22,7030
2816,旺旺保,3,0,3,致和證券,2023-09-22,7030
2888,新光金,10,7,3,致和證券,2023-09-22,7030
1216,統一,2,0,2,致和證券,2023-09-22,7030
1785,光洋科,2,0,2,致和證券,2023-09-22,7030
1584,精剛,3,1,2,致和證券,2023-09-22,7030
1513,中興電,4,2,2,致和證券,2023-09-22,7030
1524,耿鼎,30,2,28,致和證券,2023-09-25,7030
3033,威健,20,0,20,致和證券,2023-09-25,7030
00929,復華台灣科技優息,29,11,18,致和證券,2023-09-25,7030
1101,台泥,18,1,17,致和證券,2023-09-25,7030
2641,正德,16,0,16,致和證券,2023-09-25,7030
2884,玉山金,20,5,15,致和證券,2023-09-25,7030
2618,長榮航,59,46,13,致和證券,2023-09-25,7030
3057,喬鼎,10,0,10,致和證券,2023-09-25,7030
2603,長榮,10,0,10,致和證券,2023-09-25,7030
4743,合一,10,1,9,致和證券,2023-09-25,7030
1210,大成,12,4,8,致和證券,2023-09-25,7030
2882,國泰金,10,2,8,致和證券,2023-09-25,7030
00878,國泰永續高股息,8,0,8,致和證券,2023-09-25,7030
3013,晟銘電,10,3,7,致和證券,2023-09-25,7030
2344,華邦電,6,0,6,致和證券,2023-09-25,7030
3322,建舜電,19,13,6,致和證券,2023-09-25,7030
00753L,中信中國50正2,20,15,5,致和證券,2023-09-25,7030
2402,毅嘉,5,0,5,致和證券,2023-09-25,7030
2425,承啟,5,0,5,致和證券,2023-09-25,7030
2606,裕民,5,0,5,致和證券,2023-09-25,7030
2610,華航,6,1,5,致和證券,2023-09-25,7030
2615,萬海,5,0,5,致和證券,2023-09-25,7030
00919,群益台灣精選高息,5,0,5,致和證券,2023-09-25,7030
2105,正新,4,0,4,致和證券,2023-09-25,7030
2303,聯電,20,16,4,致和證券,2023-09-25,7030
2457,飛宏,4,0,4,致和證券,2023-09-25,7030
5483,中美晶,4,0,4,致和證券,2023-09-25,7030
6219,富旺,14,10,4,致和證券,2023-09-25,7030
6719,力智,4,0,4,致和證券,2023-09-25,7030
00882,中信中國高股息,3,0,3,致和證券,2023-09-25,7030
1810,和成,3,0,3,致和證券,2023-09-25,7030
2883,凱基金,3,0,3,致和證券,2023-09-25,7030
3231,緯創,14,11,3,致和證券,2023-09-25,7030
3308,聯德,14,11,3,致和證券,2023-09-25,7030
3664,安瑞-KY,3,0,3,致和證券,2023-09-25,7030
4402,郡都開發,3,0,3,致和證券,2023-09-25,7030
6168,宏齊,3,0,3,致和證券,2023-09-25,7030
6220,岳豐,5,2,3,致和證券,2023-09-25,7030
6275,元山,3,0,3,致和證券,2023-09-25,7030
8109,博大,3,0,3,致和證券,2023-09-25,7030
3037,欣興,9,6,3,致和證券,2023-09-25,7030
6244,茂迪,3,1,2,致和證券,2023-09-25,7030
1809,中釉,2,0,2,致和證券,2023-09-25,7030
1721,三晃,2,0,2,致和證券,2023-09-25,7030
1560,中砂,2,0,2,致和證券,2023-09-25,7030
2031,新光鋼,2,0,2,致和證券,2023-09-25,7030
2316,楠梓電,2,0,2,致和證券,2023-09-25,7030
2329,華泰,3,1,2,致和證券,2023-09-25,7030
2340,台亞,2,0,2,致和證券,2023-09-25,7030
3014,聯陽,2,0,2,致和證券,2023-09-25,7030
00664R,國泰臺灣加權反1,100,0,100,致和證券,2023-09-26,7030
2303,聯電,86,4,82,致和證券,2023-09-26,7030
2421,建準,53,2,51,致和證券,2023-09-26,7030
2892,第一金,33,0,33,致和證券,2023-09-26,7030
1815,富喬,63,30,33,致和證券,2023-09-26,7030
2382,廣達,34,3,31,致和證券,2023-09-26,7030
00679B,元大美債20年,25,0,25,致和證券,2023-09-26,7030
3711,日月光投控,22,1,21,致和證券,2023-09-26,7030
3033,威健,20,0,20,致和證券,2023-09-26,7030
2880,華南金,16,0,16,致和證券,2023-09-26,7030
6220,岳豐,14,0,14,致和證券,2023-09-26,7030
00712,復華富時不動產,14,2,12,致和證券,2023-09-26,7030
2337,旺宏,25,13,12,致和證券,2023-09-26,7030
3035,智原,14,3,11,致和證券,2023-09-26,7030
3231,緯創,18,7,11,致和證券,2023-09-26,7030
6117,迎廣,11,0,11,致和證券,2023-09-26,7030
1101,台泥,10,0,10,致和證券,2023-09-26,7030
1504,東元,11,1,10,致和證券,2023-09-26,7030
00929,復華台灣科技優息,18,8,10,致和證券,2023-09-26,7030
00722B,群益投資級電信債,10,0,10,致和證券,2023-09-26,7030
2010,春源,10,0,10,致和證券,2023-09-26,7030
2405,輔信,10,0,10,致和證券,2023-09-26,7030
2515,中工,10,0,10,致和證券,2023-09-26,7030
3236,千如,10,0,10,致和證券,2023-09-26,7030
3284,太普高,10,0,10,致和證券,2023-09-26,7030
6188,廣明,10,0,10,致和證券,2023-09-26,7030
8086,宏捷科,10,0,10,致和證券,2023-09-26,7030
2634,漢翔,14,4,10,致和證券,2023-09-26,7030
2330,台積電,8,0,8,致和證券,2023-09-26,7030
2363,矽統,23,16,7,致和證券,2023-09-26,7030
3265,台星科,18,11,7,致和證券,2023-09-26,7030
6212,理銘,7,0,7,致和證券,2023-09-26,7030
00795B,中信美國公債20年,6,0,6,致和證券,2023-09-26,7030
1210,大成,6,0,6,致和證券,2023-09-26,7030
3034,聯詠,6,0,6,致和證券,2023-09-26,7030
5880,合庫金,5,0,5,致和證券,2023-09-26,7030
1503,士電,5,0,5,致和證券,2023-09-26,7030
00923,群益台ESG低碳50,5,0,5,致和證券,2023-09-26,7030
1714,和桐,5,0,5,致和證券,2023-09-26,7030
2324,仁寶,5,0,5,致和證券,2023-09-26,7030
3325,旭品,5,0,5,致和證券,2023-09-26,7030
4906,正文,35,30,5,致和證券,2023-09-26,7030
6153,嘉聯益,5,0,5,致和證券,2023-09-26,7030
00683L,期元大美元指正2,4,0,4,致和證券,2023-09-26,7030
00878,國泰永續高股息,5,1,4,致和證券,2023-09-26,7030
2352,佳世達,4,0,4,致和證券,2023-09-26,7030
2816,旺旺保,4,0,4,致和證券,2023-09-26,7030
3005,神基,6,2,4,致和證券,2023-09-26,7030
3406,玉晶光,5,1,4,致和證券,2023-09-26,7030
5211,蒙恬,4,0,4,致和證券,2023-09-26,7030
2892,第一金,44,0,44,致和證券,2023-09-27,7030
2883,凱基金,38,0,38,致和證券,2023-09-27,7030
2027,大成鋼,20,0,20,致和證券,2023-09-27,7030
00664R,國泰臺灣加權反1,20,0,20,致和證券,2023-09-27,7030
00753L,中信中國50正2,20,0,20,致和證券,2023-09-27,7030
2812,台中銀,17,0,17,致和證券,2023-09-27,7030
6220,岳豐,15,0,15,致和證券,2023-09-27,7030
00919,群益台灣精選高息,14,0,14,致和證券,2023-09-27,7030
2888,新光金,13,0,13,致和證券,2023-09-27,7030
2002,中鋼,45,33,12,致和證券,2023-09-27,7030
00902,中信電池及儲能,11,0,11,致和證券,2023-09-27,7030
1101,台泥,17,7,10,致和證券,2023-09-27,7030
00900,富邦特選高股息30,10,0,10,致和證券,2023-09-27,7030
2482,連宇,10,0,10,致和證券,2023-09-27,7030
3033,威健,10,0,10,致和證券,2023-09-27,7030
4147,中裕,10,0,10,致和證券,2023-09-27,7030
2419,仲琦,9,0,9,致和證券,2023-09-27,7030
3265,台星科,20,11,9,致和證券,2023-09-27,7030
2303,聯電,8,0,8,致和證券,2023-09-27,7030
2880,華南金,7,0,7,致和證券,2023-09-27,7030
6282,康舒,8,1,7,致和證券,2023-09-27,7030
00720B,元大投資級公司債,7,1,6,致和證券,2023-09-27,7030
00712,復華富時不動產,6,0,6,致和證券,2023-09-27,7030
2641,正德,6,0,6,致和證券,2023-09-27,7030
3363,上詮,6,0,6,致和證券,2023-09-27,7030
8420,明揚,7,1,6,致和證券,2023-09-27,7030
2206,三陽工業,5,0,5,致和證券,2023-09-27,7030
00687B,國泰20年美債,5,0,5,致和證券,2023-09-27,7030
2363,矽統,7,2,5,致和證券,2023-09-27,7030
2365,昆盈,5,0,5,致和證券,2023-09-27,7030
3037,欣興,15,10,5,致和證券,2023-09-27,7030
3264,欣銓,5,0,5,致和證券,2023-09-27,7030
3322,建舜電,5,0,5,致和證券,2023-09-27,7030
4533,協易機,5,0,5,致和證券,2023-09-27,7030
1612,宏泰,9,5,4,致和證券,2023-09-27,7030
1605,華新,5,1,4,致和證券,2023-09-27,7030
1802,台玻,5,1,4,致和證券,2023-09-27,7030
2105,正新,4,0,4,致和證券,2023-09-27,7030
2405,輔信,4,0,4,致和證券,2023-09-27,7030
3714,富采,5,1,4,致和證券,2023-09-27,7030
4161,聿新科,4,0,4,致和證券,2023-09-27,7030
5475,德宏,4,0,4,致和證券,2023-09-27,7030
6223,旺矽,4,0,4,致和證券,2023-09-27,7030
6806,森崴能源,5,1,4,致和證券,2023-09-27,7030
0050,元大台灣50,4,0,4,致和證券,2023-09-27,7030
00932,兆豐永續高息等權,3,0,3,致和證券,2023-09-27,7030
2228,劍麟,3,0,3,致和證券,2023-09-27,7030
2369,菱生,3,0,3,致和證券,2023-09-27,7030
2408,南亞科,3,0,3,致和證券,2023-09-27,7030
2409,友達,8,5,3,致和證券,2023-09-27,7030
3231,緯創,107,14,93,致和證券,2023-09-28,7030
2344,華邦電,70,0,70,致和證券,2023-09-28,7030
2618,長榮航,89,20,69,致和證券,2023-09-28,7030
00929,復華台灣科技優息,41,0,41,致和證券,2023-09-28,7030
2834,臺企銀,30,0,30,致和證券,2023-09-28,7030
4572,駐龍,21,0,21,致和證券,2023-09-28,7030
2722,夏都,20,0,20,致和證券,2023-09-28,7030
6282,康舒,20,0,20,致和證券,2023-09-28,7030
00712,復華富時不動產,17,0,17,致和證券,2023-09-28,7030
2353,宏��,15,0,15,致和證券,2023-09-28,7030
3265,台星科,15,1,14,致和證券,2023-09-28,7030
00753L,中信中國50正2,21,10,11,致和證券,2023-09-28,7030
4743,合一,11,0,11,致和證券,2023-09-28,7030
3035,智原,12,2,10,致和證券,2023-09-28,7030
00683L,期元大美元指正2,10,0,10,致和證券,2023-09-28,7030
2913,農林,10,0,10,致和證券,2023-09-28,7030
5465,富驊,10,0,10,致和證券,2023-09-28,7030
5871,中租-KY,10,0,10,致和證券,2023-09-28,7030
8255,朋程,10,0,10,致和證券,2023-09-28,7030
8401,白紗科,10,0,10,致和證券,2023-09-28,7030
00679B,元大美債20年,9,0,9,致和證券,2023-09-28,7030
2421,建準,30,21,9,致和證券,2023-09-28,7030
2354,鴻準,9,0,9,致和證券,2023-09-28,7030
2332,友訊,8,0,8,致和證券,2023-09-28,7030
2408,南亞科,8,0,8,致和證券,2023-09-28,7030
3630,新鉅科,10,2,8,致和證券,2023-09-28,7030
1809,中釉,6,0,6,致和證券,2023-09-28,7030
2208,台船,36,30,6,致和證券,2023-09-28,7030
2449,京元電子,19,13,6,致和證券,2023-09-28,7030
2610,華航,26,20,6,致和證券,2023-09-28,7030
4720,德淵,6,0,6,致和證券,2023-09-28,7030
3260,威剛,6,1,5,致和證券,2023-09-28,7030
1326,台化,5,0,5,致和證券,2023-09-28,7030
2349,錸德,5,0,5,致和證券,2023-09-28,7030
3030,德律,5,0,5,致和證券,2023-09-28,7030
8033,雷虎,5,0,5,致和證券,2023-09-28,7030
1785,光洋科,5,1,4,致和證券,2023-09-28,7030
2313,華通,19,15,4,致和證券,2023-09-28,7030
3034,聯詠,4,0,4,致和證券,2023-09-28,7030
6213,聯茂,5,1,4,致和證券,2023-09-28,7030
6220,岳豐,4,0,4,致和證券,2023-09-28,7030
6488,環球晶,3,0,3,致和證券,2023-09-28,7030
2376,技嘉,16,13,3,致和證券,2023-09-28,7030
1101,台泥,3,0,3,致和證券,2023-09-28,7030
1506,正道,3,0,3,致和證券,2023-09-28,7030
0050,元大台灣50,3,0,3,致和證券,2023-09-28,7030
00898,國泰基因免疫革命,3,0,3,致和證券,2023-09-28,7030
2316,楠梓電,5,2,3,致和證券,2023-09-28,7030
2388,威盛,9,6,3,致和證券,2023-09-28,7030
3122,笙泉,13,10,3,致和證券,2023-09-28,7030
2323,中環,28,1,27,致和證券,2023-10-02,7030
2405,輔信,25,2,23,致和證券,2023-10-02,7030
1312,國喬,20,0,20,致和證券,2023-10-02,7030
2363,矽統,27,7,20,致和證券,2023-10-02,7030
2603,長榮,19,0,19,致和證券,2023-10-02,7030
2025,千興,20,2,18,致和證券,2023-10-02,7030
2485,兆赫,15,0,15,致和證券,2023-10-02,7030
2641,正德,15,0,15,致和證券,2023-10-02,7030
3706,神達,28,15,13,致和證券,2023-10-02,7030
6167,久正,13,0,13,致和證券,2023-10-02,7030
2105,正新,12,0,12,致和證券,2023-10-02,7030
6271,同欣電,12,0,12,致和證券,2023-10-02,7030
2033,佳大,11,0,11,致和證券,2023-10-02,7030
2618,長榮航,32,21,11,致和證券,2023-10-02,7030
3056,富華新,10,0,10,致和證券,2023-10-02,7030
1591,駿吉-KY,10,0,10,致和證券,2023-10-02,7030
00932,兆豐永續高息等權,10,0,10,致和證券,2023-10-02,7030
1506,正道,7,0,7,致和證券,2023-10-02,7030
00772B,中信高評級公司債,7,0,7,致和證券,2023-10-02,7030
9928,中視,7,0,7,致和證券,2023-10-02,7030
2457,飛宏,14,7,7,致和證券,2023-10-02,7030
1785,光洋科,6,0,6,致和證券,2023-10-02,7030
2344,華邦電,6,0,6,致和證券,2023-10-02,7030
2354,鴻準,6,0,6,致和證券,2023-10-02,7030
2402,毅嘉,28,22,6,致和證券,2023-10-02,7030
3380,明泰,6,0,6,致和證券,2023-10-02,7030
6128,上福,6,0,6,致和證券,2023-10-02,7030
6220,岳豐,6,0,6,致和證券,2023-10-02,7030
2316,楠梓電,6,0,6,致和證券,2023-10-02,7030
2440,太空梭,5,0,5,致和證券,2023-10-02,7030
3047,訊舟,5,0,5,致和證券,2023-10-02,7030
3081,聯亞,5,0,5,致和證券,2023-10-02,7030
4121,優盛,5,0,5,致和證券,2023-10-02,7030
4961,天鈺,6,1,5,致和證券,2023-10-02,7030
8390,金益鼎,5,0,5,致和證券,2023-10-02,7030
8401,白紗科,5,0,5,致和證券,2023-10-02,7030
9921,巨大,5,0,5,致和證券,2023-10-02,7030
2367,燿華,60,56,4,致和證券,2023-10-02,7030
2374,佳能,6,2,4,致和證券,2023-10-02,7030
3105,穩懋,4,0,4,致和證券,2023-10-02,7030
8072,陞泰,4,0,4,致和證券,2023-10-02,7030
8937,合騏,6,2,4,致和證券,2023-10-02,7030
00712,復華富時不動產,5,2,3,致和證券,2023-10-02,7030
2208,台船,3,0,3,致和證券,2023-10-02,7030
2314,台揚,3,0,3,致和證券,2023-10-02,7030
8050,廣積,3,0,3,致和證券,2023-10-02,7030
2337,旺宏,18,15,3,致和證券,2023-10-02,7030
00751B,元大AAA至A公司債,2,0,2,致和證券,2023-10-02,7030
00773B,中信優先金融債,2,0,2,致和證券,2023-10-02,7030
1319,東陽,4,2,2,致和證券,2023-10-02,7030
3078,僑威,61,6,55,致和證券,2023-10-03,7030
00664R,國泰臺灣加權反1,50,0,50,致和證券,2023-10-03,7030
00753L,中信中國50正2,40,0,40,致和證券,2023-10-03,7030
3265,台星科,37,6,31,致和證券,2023-10-03,7030
00712,復華富時不動產,30,0,30,致和證券,2023-10-03,7030
3013,晟銘電,27,3,24,致和證券,2023-10-03,7030
1529,樂事綠能,22,0,22,致和證券,2023-10-03,7030
00931B,統一美債20年,22,0,22,致和證券,2023-10-03,7030
00929,復華台灣科技優息,29,8,21,致和證券,2023-10-03,7030
1514,亞力,23,3,20,致和證券,2023-10-03,7030
00932,兆豐永續高息等權,20,0,20,致和證券,2023-10-03,7030
2603,長榮,19,0,19,致和證券,2023-10-03,7030
2888,新光金,29,10,19,致和證券,2023-10-03,7030
5009,榮剛,18,0,18,致和證券,2023-10-03,7030
6220,岳豐,18,1,17,致和證券,2023-10-03,7030
00878,國泰永續高股息,16,0,16,致和證券,2023-10-03,7030
2002,中鋼,20,5,15,致和證券,2023-10-03,7030
3481,群創,15,0,15,致和證券,2023-10-03,7030
2017,官田鋼,14,0,14,致和證券,2023-10-03,7030
2409,友達,12,1,11,致和證券,2023-10-03,7030
1605,華新,13,2,11,致和證券,2023-10-03,7030
2025,千興,11,0,11,致和證券,2023-10-03,7030
2882,國泰金,10,0,10,致和證券,2023-10-03,7030
2365,昆盈,10,0,10,致和證券,2023-10-03,7030
3011,今皓,10,0,10,致和證券,2023-10-03,7030
4961,天鈺,10,0,10,致和證券,2023-10-03,7030
6531,愛普*,15,5,10,致和證券,2023-10-03,7030
9945,潤泰新,10,0,10,致和證券,2023-10-03,7030
2356,英業達,17,8,9,致和證券,2023-10-03,7030
8390,金益鼎,9,0,9,致和證券,2023-10-03,7030
2881,富邦金,8,0,8,致和證券,2023-10-03,7030
3231,緯創,13,5,8,致和證券,2023-10-03,7030
00922,國泰台灣領袖50,7,0,7,致和證券,2023-10-03,7030
00720B,元大投資級公司債,7,0,7,致和證券,2023-10-03,7030
2402,毅嘉,8,1,7,致和證券,2023-10-03,7030
2015,豐興,6,0,6,致和證券,2023-10-03,7030
2317,鴻海,6,0,6,致和證券,2023-10-03,7030
2329,華泰,12,6,6,致和證券,2023-10-03,7030
2363,矽統,9,3,6,致和證券,2023-10-03,7030
2605,新興,6,0,6,致和證券,2023-10-03,7030
3035,智原,7,1,6,致和證券,2023-10-03,7030
5488,松普,6,0,6,致和證券,2023-10-03,7030
00772B,中信高評級公司債,5,0,5,致和證券,2023-10-03,7030
2504,國產,5,0,5,致和證券,2023-10-03,7030
2641,正德,5,0,5,致和證券,2023-10-03,7030
3450,聯鈞,12,7,5,致和證券,2023-10-03,7030
2885,元大金,4,0,4,致和證券,2023-10-03,7030
2458,義隆,4,0,4,致和證券,2023-10-03,7030
2313,華通,52,48,4,致和證券,2023-10-03,7030
2367,燿華,4,0,4,致和證券,2023-10-03,7030
2356,英業達,187,11,176,致和證券,2023-10-04,7030
0056,元大高股息,41,0,41,致和證券,2023-10-04,7030
3481,群創,36,2,34,致和證券,2023-10-04,7030
2618,長榮航,74,41,33,致和證券,2023-10-04,7030
2303,聯電,31,1,30,致和證券,2023-10-04,7030
00929,復華台灣科技優息,29,0,29,致和證券,2023-10-04,7030
00712,復華富時不動產,26,0,26,致和證券,2023-10-04,7030
3322,建舜電,28,2,26,致和證券,2023-10-04,7030
00720B,元大投資級公司債,24,0,24,致和證券,2023-10-04,7030
2884,玉山金,23,1,22,致和證券,2023-10-04,7030
2017,官田鋼,20,0,20,致和證券,2023-10-04,7030
2891,中信金,18,0,18,致和證券,2023-10-04,7030
2002,中鋼,37,19,18,致和證券,2023-10-04,7030
4977,眾達-KY,20,2,18,致和證券,2023-10-04,7030
00679B,元大美債20年,17,0,17,致和證券,2023-10-04,7030
2888,新光金,25,10,15,致和證券,2023-10-04,7030
00931B,統一美債20年,13,0,13,致和證券,2023-10-04,7030
6451,訊芯-KY,19,6,13,致和證券,2023-10-04,7030
00878,國泰永續高股息,12,0,12,致和證券,2023-10-04,7030
00922,國泰台灣領袖50,11,0,11,致和證券,2023-10-04,7030
1802,台玻,10,0,10,致和證券,2023-10-04,7030
2025,千興,10,0,10,致和證券,2023-10-04,7030
3011,今皓,10,0,10,致和證券,2023-10-04,7030
3508,位速,10,0,10,致和證券,2023-10-04,7030
1609,大亞,10,1,9,致和證券,2023-10-04,7030
1605,華新,30,21,9,致和證券,2023-10-04,7030
1104,環泥,9,0,9,致和證券,2023-10-04,7030
2353,宏��,9,0,9,致和證券,2023-10-04,7030
2880,華南金,9,0,9,致和證券,2023-10-04,7030
2610,華航,29,21,8,致和證券,2023-10-04,7030
2883,凱基金,8,0,8,致和證券,2023-10-04,7030
3045,台灣大,8,0,8,致和證券,2023-10-04,7030
3630,新鉅科,8,0,8,致和證券,2023-10-04,7030
5880,合庫金,8,0,8,致和證券,2023-10-04,7030
00885,富邦越南,7,0,7,致和證券,2023-10-04,7030
1301,台塑,7,0,7,致和證券,2023-10-04,7030
3006,晶豪科,9,2,7,致和證券,2023-10-04,7030
1210,大成,6,0,6,致和證券,2023-10-04,7030
2881,富邦金,5,0,5,致和證券,2023-10-04,7030
2317,鴻海,5,0,5,致和證券,2023-10-04,7030
00687B,國泰20年美債,5,0,5,致和證券,2023-10-04,7030
1612,宏泰,5,0,5,致和證券,2023-10-04,7030
2033,佳大,5,0,5,致和證券,2023-10-04,7030
2365,昆盈,5,0,5,致和證券,2023-10-04,7030
2886,兆豐金,5,0,5,致和證券,2023-10-04,7030
3047,訊舟,5,0,5,致和證券,2023-10-04,7030
3276,宇環,7,2,5,致和證券,2023-10-04,7030
3363,上詮,5,0,5,致和證券,2023-10-04,7030
5515,建國,5,0,5,致和證券,2023-10-04,7030
2885,元大金,5,0,5,致和證券,2023-10-04,7030
00712,復華富時不動產,33,0,33,致和證券,2023-10-05,7030
2883,凱基金,23,0,23,致和證券,2023-10-05,7030
3265,台星科,32,11,21,致和證券,2023-10-05,7030
6156,松上,19,0,19,致和證券,2023-10-05,7030
3231,緯創,20,2,18,致和證券,2023-10-05,7030
2354,鴻準,19,1,18,致和證券,2023-10-05,7030
4961,天鈺,15,0,15,致和證券,2023-10-05,7030
00673R,期元大S＆P原油反1,13,0,13,致和證券,2023-10-05,7030
8255,朋程,12,0,12,致和證券,2023-10-05,7030
00679B,元大美債20年,10,0,10,致和證券,2023-10-05,7030
2440,太空梭,10,0,10,致和證券,2023-10-05,7030
2867,三商壽,10,0,10,致和證券,2023-10-05,7030
3715,定穎投控,15,6,9,致和證券,2023-10-05,7030
3450,聯鈞,15,7,8,致和證券,2023-10-05,7030
6125,廣運,10,2,8,致和證券,2023-10-05,7030
9928,中視,11,3,8,致和證券,2023-10-05,7030
1101,台泥,8,1,7,致和證券,2023-10-05,7030
2355,敬鵬,7,0,7,致和證券,2023-10-05,7030
2367,燿華,7,0,7,致和證券,2023-10-05,7030
5272,笙科,10,3,7,致和證券,2023-10-05,7030
2388,威盛,9,3,6,致和證券,2023-10-05,7030
3032,偉訓,6,0,6,致和證券,2023-10-05,7030
3036,文曄,7,1,6,致和證券,2023-10-05,7030
3037,欣興,7,1,6,致和證券,2023-10-05,7030
3260,威剛,8,2,6,致和證券,2023-10-05,7030
5488,松普,21,15,6,致和證券,2023-10-05,7030
00929,復華台灣科技優息,5,0,5,致和證券,2023-10-05,7030
1319,東陽,8,3,5,致和證券,2023-10-05,7030
4106,雃博,5,0,5,致和證券,2023-10-05,7030
4130,健亞,5,0,5,致和證券,2023-10-05,7030
6288,聯嘉,25,20,5,致和證券,2023-10-05,7030
6531,愛普*,7,2,5,致和證券,2023-10-05,7030
9946,三發地產,5,0,5,致和證券,2023-10-05,7030
2033,佳大,4,0,4,致和證券,2023-10-05,7030
0050,元大台灣50,4,0,4,致和證券,2023-10-05,7030
2316,楠梓電,4,0,4,致和證券,2023-10-05,7030
2374,佳能,4,0,4,致和證券,2023-10-05,7030
2417,圓剛,4,0,4,致和證券,2023-10-05,7030
4974,亞泰,4,0,4,致和證券,2023-10-05,7030
5519,隆大,4,0,4,致和證券,2023-10-05,7030
8105,凌巨,4,0,4,致和證券,2023-10-05,7030
1605,華新,3,0,3,致和證券,2023-10-05,7030
00706L,期元大S＆P日圓正2,3,0,3,致和證券,2023-10-05,7030
1301,台塑,3,0,3,致和證券,2023-10-05,7030
2324,仁寶,3,0,3,致和證券,2023-10-05,7030
2390,云辰,4,1,3,致和證券,2023-10-05,7030
2881,富邦金,3,0,3,致和證券,2023-10-05,7030
3071,協禧,3,0,3,致和證券,2023-10-05,7030
3664,安瑞-KY,3,0,3,致和證券,2023-10-05,7030
3706,神達,6,3,3,致和證券,2023-10-05,7030
3481,群創,83,3,80,致和證券,2023-10-06,7030
2017,官田鋼,60,0,60,致和證券,2023-10-06,7030
2618,長榮航,74,34,40,致和證券,2023-10-06,7030
2363,矽統,71,46,25,致和證券,2023-10-06,7030
2409,友達,29,7,22,致和證券,2023-10-06,7030
00712,復華富時不動產,21,0,21,致和證券,2023-10-06,7030
1806,冠軍,20,0,20,致和證券,2023-10-06,7030
2885,元大金,16,0,16,致和證券,2023-10-06,7030
2025,千興,15,0,15,致和證券,2023-10-06,7030
6799,來頡,15,0,15,致和證券,2023-10-06,7030
9927,泰銘,12,0,12,致和證券,2023-10-06,7030
1504,東元,15,4,11,致和證券,2023-10-06,7030
2498,宏達電,13,2,11,致和證券,2023-10-06,7030
6282,康舒,11,0,11,致和證券,2023-10-06,7030
00637L,元大滬深300正2,10,0,10,致和證券,2023-10-06,7030
00929,復華台灣科技優息,10,0,10,致和證券,2023-10-06,7030
2417,圓剛,12,2,10,致和證券,2023-10-06,7030
3363,上詮,14,4,10,致和證券,2023-10-06,7030
8093,保銳,9,0,9,致和證券,2023-10-06,7030
3669,圓展,8,0,8,致和證券,2023-10-06,7030
8112,至上,11,3,8,致和證券,2023-10-06,7030
1609,大亞,7,0,7,致和證券,2023-10-06,7030
2603,長榮,7,0,7,致和證券,2023-10-06,7030
3022,威強電,7,0,7,致和證券,2023-10-06,7030
1101,台泥,6,0,6,致和證券,2023-10-06,7030
3051,力特,7,1,6,致和證券,2023-10-06,7030
3325,旭品,9,3,6,致和證券,2023-10-06,7030
00772B,中信高評級公司債,5,0,5,致和證券,2023-10-06,7030
00891,中信關鍵半導體,5,0,5,致和證券,2023-10-06,7030
2340,台亞,5,0,5,致和證券,2023-10-06,7030
2367,燿華,5,0,5,致和證券,2023-10-06,7030
2537,聯上發,5,0,5,致和證券,2023-10-06,7030
2610,華航,6,1,5,致和證券,2023-10-06,7030
3034,聯詠,5,0,5,致和證券,2023-10-06,7030
3324,雙鴻,5,0,5,致和證券,2023-10-06,7030
4961,天鈺,5,0,5,致和證券,2023-10-06,7030
6156,松上,7,2,5,致和證券,2023-10-06,7030
6451,訊芯-KY,10,5,5,致和證券,2023-10-06,7030
8937,合騏,5,0,5,致和證券,2023-10-06,7030
2457,飛宏,4,0,4,致和證券,2023-10-06,7030
2838,聯邦銀,4,0,4,致和證券,2023-10-06,7030
4534,慶騰,5,1,4,致和證券,2023-10-06,7030
00897,富邦基因免疫生技,3,0,3,致和證券,2023-10-06,7030
00740B,富邦全球投等債,3,0,3,致和證券,2023-10-06,7030
2033,佳大,3,0,3,致和證券,2023-10-06,7030
2316,楠梓電,3,0,3,致和證券,2023-10-06,7030
2371,大同,3,0,3,致和證券,2023-10-06,7030
2421,建準,3,0,3,致和證券,2023-10-06,7030
2913,農林,3,0,3,致和證券,2023-10-06,7030
3535,晶彩科,6,3,3,致和證券,2023-10-06,7030
2356,英業達,229,75,154,致和證券,2023-10-11,7030
0056,元大高股息,101,0,101,致和證券,2023-10-11,7030
2618,長榮航,85,21,64,致和證券,2023-10-11,7030
00664R,國泰臺灣加權反1,50,0,50,致和證券,2023-10-11,7030
3231,緯創,64,21,43,致和證券,2023-10-11,7030
6220,岳豐,41,2,39,致和證券,2023-10-11,7030
1612,宏泰,38,0,38,致和證券,2023-10-11,7030
00715L,期街口布蘭特正2,30,0,30,致和證券,2023-10-11,7030
2605,新興,30,0,30,致和證券,2023-10-11,7030
2409,友達,30,2,28,致和證券,2023-10-11,7030
6770,力積電,30,2,28,致和證券,2023-10-11,7030
2705,六福,24,0,24,致和證券,2023-10-11,7030
3265,台星科,26,6,20,致和證券,2023-10-11,7030
4961,天鈺,20,0,20,致和證券,2023-10-11,7030
9933,中鼎,18,0,18,致和證券,2023-10-11,7030
4532,瑞智,17,0,17,致和證券,2023-10-11,7030
2603,長榮,24,8,16,致和證券,2023-10-11,7030
1609,大亞,16,0,16,致和證券,2023-10-11,7030
5426,振發,16,0,16,致和證券,2023-10-11,7030
6799,來頡,15,0,15,致和證券,2023-10-11,7030
8105,凌巨,12,0,12,致和證券,2023-10-11,7030
2382,廣達,13,3,10,致和證券,2023-10-11,7030
00712,復華富時不動產,10,0,10,致和證券,2023-10-11,7030
00632R,元大台灣50反1,10,0,10,致和證券,2023-10-11,7030
2025,千興,10,0,10,致和證券,2023-10-11,7030
2340,台亞,10,0,10,致和證券,2023-10-11,7030
3022,威強電,10,0,10,致和證券,2023-10-11,7030
3276,宇環,31,21,10,致和證券,2023-10-11,7030
4306,炎洲,10,0,10,致和證券,2023-10-11,7030
6005,群益證,10,0,10,致和證券,2023-10-11,7030
8390,金益鼎,10,0,10,致和證券,2023-10-11,7030
9955,佳龍,10,0,10,致和證券,2023-10-11,7030
2352,佳世達,20,11,9,致和證券,2023-10-11,7030
2033,佳大,8,0,8,致和證券,2023-10-11,7030
3706,神達,9,1,8,致和證券,2023-10-11,7030
2634,漢翔,9,2,7,致和證券,2023-10-11,7030
2867,三商壽,7,0,7,致和證券,2023-10-11,7030
4977,眾達-KY,7,0,7,致和證券,2023-10-11,7030
6120,達運,7,0,7,致和證券,2023-10-11,7030
1529,樂事綠能,12,6,6,致和證券,2023-10-11,7030
2610,華航,26,20,6,致和證券,2023-10-11,7030
3308,聯德,6,0,6,致和證券,2023-10-11,7030
3013,晟銘電,9,3,6,致和證券,2023-10-11,7030
00751B,元大AAA至A公司債,5,0,5,致和證券,2023-10-11,7030
1504,東元,5,0,5,致和證券,2023-10-11,7030
1815,富喬,6,1,5,致和證券,2023-10-11,7030
2349,錸德,5,0,5,致和證券,2023-10-11,7030
2453,凌群,5,0,5,致和證券,2023-10-11,7030
3032,偉訓,5,0,5,致和證券,2023-10-11,7030
4974,亞泰,5,0,5,致和證券,2023-10-11,7030
2705,六福,40,0,40,致和證券,2023-10-12,7030
6220,岳豐,25,1,24,致和證券,2023-10-12,7030
2449,京元電子,16,1,15,致和證券,2023-10-12,7030
2352,佳世達,14,0,14,致和證券,2023-10-12,7030
4934,太極,13,0,13,致和證券,2023-10-12,7030
2002,中鋼,13,0,13,致和證券,2023-10-12,7030
2014,中鴻,10,0,10,致和證券,2023-10-12,7030
1806,冠軍,10,0,10,致和證券,2023-10-12,7030
1324,地球,10,0,10,致和證券,2023-10-12,7030
00708L,期元大S＆P黃金正2,10,0,10,致和證券,2023-10-12,7030
4572,駐龍,10,0,10,致和證券,2023-10-12,7030
00712,復華富時不動產,11,3,8,致和證券,2023-10-12,7030
4939,亞電,10,2,8,致和證券,2023-10-12,7030
6706,惠特,8,0,8,致和證券,2023-10-12,7030
1522,堤維西,7,0,7,致和證券,2023-10-12,7030
8033,雷虎,7,0,7,致和證券,2023-10-12,7030
00929,復華台灣科技優息,6,0,6,致和證券,2023-10-12,7030
2356,英業達,9,3,6,致和證券,2023-10-12,7030
2428,興勤,7,1,6,致和證券,2023-10-12,7030
2486,一詮,8,2,6,致和證券,2023-10-12,7030
4714,永捷,6,0,6,致和證券,2023-10-12,7030
5213,亞昕,6,0,6,致和證券,2023-10-12,7030
1802,台玻,5,0,5,致和證券,2023-10-12,7030
1339,昭輝,5,0,5,致和證券,2023-10-12,7030
1609,大亞,5,0,5,致和證券,2023-10-12,7030
1714,和桐,5,0,5,致和證券,2023-10-12,7030
2303,聯電,12,7,5,致和證券,2023-10-12,7030
2314,台揚,5,0,5,致和證券,2023-10-12,7030
2340,台亞,5,0,5,致和證券,2023-10-12,7030
2376,技嘉,9,4,5,致和證券,2023-10-12,7030
3041,揚智,5,0,5,致和證券,2023-10-12,7030
4966,譜瑞-KY,5,0,5,致和證券,2023-10-12,7030
6278,台表科,5,0,5,致和證券,2023-10-12,7030
2337,旺宏,14,10,4,致和證券,2023-10-12,7030
4906,正文,5,1,4,致和證券,2023-10-12,7030
8390,金益鼎,4,0,4,致和證券,2023-10-12,7030
1603,華電,8,5,3,致和證券,2023-10-12,7030
2401,凌陽,4,1,3,致和證券,2023-10-12,7030
6126,信音,3,0,3,致和證券,2023-10-12,7030
6156,松上,10,7,3,致和證券,2023-10-12,7030
6168,宏齊,3,0,3,致和證券,2023-10-12,7030
6245,立端,3,0,3,致和證券,2023-10-12,7030
1326,台化,2,0,2,致和證券,2023-10-12,7030
2206,三陽工業,2,0,2,致和證券,2023-10-12,7030
2390,云辰,2,0,2,致和證券,2023-10-12,7030
2453,凌群,2,0,2,致和證券,2023-10-12,7030
2515,中工,2,0,2,致和證券,2023-10-12,7030
2609,陽明,2,0,2,致和證券,2023-10-12,7030
3022,威強電,2,0,2,致和證券,2023-10-12,7030
3034,聯詠,5,3,2,致和證券,2023-10-12,7030
1101,台泥,62,1,61,致和證券,2023-10-13,7030
3231,緯創,49,6,43,致和證券,2023-10-13,7030
00753L,中信中國50正2,25,0,25,致和證券,2023-10-13,7030
5488,松普,30,7,23,致和證券,2023-10-13,7030
00929,復華台灣科技優息,17,0,17,致和證券,2023-10-13,7030
3025,星通,41,26,15,致和證券,2023-10-13,7030
3041,揚智,15,0,15,致和證券,2023-10-13,7030
2002,中鋼,14,0,14,致和證券,2023-10-13,7030
0056,元大高股息,12,0,12,致和證券,2023-10-13,7030
2427,三商電,12,0,12,致和證券,2023-10-13,7030
2615,萬海,12,0,12,致和證券,2023-10-13,7030
3035,智原,12,1,11,致和證券,2023-10-13,7030
2382,廣達,15,5,10,致和證券,2023-10-13,7030
2014,中鴻,10,0,10,致和證券,2023-10-13,7030
6126,信音,13,3,10,致和證券,2023-10-13,7030
2344,華邦電,12,3,9,致和證券,2023-10-13,7030
3265,台星科,16,7,9,致和證券,2023-10-13,7030
4572,駐龍,9,0,9,致和證券,2023-10-13,7030
2340,台亞,8,0,8,致和證券,2023-10-13,7030
8050,廣積,8,0,8,致和證券,2023-10-13,7030
1524,耿鼎,7,0,7,致和證券,2023-10-13,7030
00878,國泰永續高股息,8,1,7,致和證券,2023-10-13,7030
2356,英業達,13,6,7,致和證券,2023-10-13,7030
3324,雙鴻,7,0,7,致和證券,2023-10-13,7030
6578,達邦蛋白,7,0,7,致和證券,2023-10-13,7030
00720B,元大投資級公司債,7,0,7,致和證券,2023-10-13,7030
2303,聯電,19,13,6,致和證券,2023-10-13,7030
1324,地球,6,0,6,致和證券,2023-10-13,7030
3078,僑威,14,8,6,致和證券,2023-10-13,7030
3567,逸昌,6,0,6,致和證券,2023-10-13,7030
00932,兆豐永續高息等權,5,0,5,致和證券,2023-10-13,7030
00888,永豐台灣ESG,5,0,5,致和證券,2023-10-13,7030
2033,佳大,5,0,5,致和證券,2023-10-13,7030
2349,錸德,5,0,5,致和證券,2023-10-13,7030
2888,新光金,10,5,5,致和證券,2023-10-13,7030
3032,偉訓,5,0,5,致和證券,2023-10-13,7030
4934,太極,5,0,5,致和證券,2023-10-13,7030
1609,大亞,8,4,4,致和證券,2023-10-13,7030
1781,合世,4,0,4,致和證券,2023-10-13,7030
1802,台玻,4,0,4,致和證券,2023-10-13,7030
2301,光寶科,4,0,4,致和證券,2023-10-13,7030
2376,技嘉,8,4,4,致和證券,2023-10-13,7030
3013,晟銘電,5,1,4,致和證券,2023-10-13,7030
5213,亞昕,4,0,4,致和證券,2023-10-13,7030
6202,盛群,4,0,4,致和證券,2023-10-13,7030
6284,佳邦,14,10,4,致和證券,2023-10-13,7030
8390,金益鼎,4,0,4,致和證券,2023-10-13,7030
2329,華泰,4,1,3,致和證券,2023-10-13,7030
2353,宏��,3,0,3,致和證券,2023-10-13,7030
2371,大同,3,0,3,致和證券,2023-10-13,7030
2888,新光金,205,5,200,致和證券,2023-10-16,7030
2344,華邦電,60,3,57,致和證券,2023-10-16,7030
6770,力積電,60,18,42,致和證券,2023-10-16,7030
00712,復華富時不動產,37,0,37,致和證券,2023-10-16,7030
5519,隆大,62,28,34,致和證券,2023-10-16,7030
1609,大亞,30,0,30,致和證券,2023-10-16,7030
00929,復華台灣科技優息,26,0,26,致和證券,2023-10-16,7030
2618,長榮航,46,21,25,致和證券,2023-10-16,7030
2515,中工,24,10,14,致和證券,2023-10-16,7030
00922,國泰台灣領袖50,13,0,13,致和證券,2023-10-16,7030
2363,矽統,29,16,13,致和證券,2023-10-16,7030
4532,瑞智,13,0,13,致和證券,2023-10-16,7030
2033,佳大,12,0,12,致和證券,2023-10-16,7030
2329,華泰,14,3,11,致和證券,2023-10-16,7030
00715L,期街口布蘭特正2,10,0,10,致和證券,2023-10-16,7030
2355,敬鵬,10,0,10,致和證券,2023-10-16,7030
2855,統一證,10,0,10,致和證券,2023-10-16,7030
6220,岳豐,9,0,9,致和證券,2023-10-16,7030
1605,華新,9,1,8,致和證券,2023-10-16,7030
1802,台玻,8,0,8,致和證券,2023-10-16,7030
2845,遠東銀,8,0,8,致和證券,2023-10-16,7030
3236,千如,10,2,8,致和證券,2023-10-16,7030
3231,緯創,11,4,7,致和證券,2023-10-16,7030
3011,今皓,7,0,7,致和證券,2023-10-16,7030
3025,星通,8,1,7,致和證券,2023-10-16,7030
3265,台星科,10,3,7,致和證券,2023-10-16,7030
3363,上詮,22,15,7,致和證券,2023-10-16,7030
4572,駐龍,7,0,7,致和證券,2023-10-16,7030
6120,達運,7,0,7,致和證券,2023-10-16,7030
00720B,元大投資級公司債,7,0,7,致和證券,2023-10-16,7030
2603,長榮,6,0,6,致和證券,2023-10-16,7030
2609,陽明,6,0,6,致和證券,2023-10-16,7030
3022,威強電,6,0,6,致和證券,2023-10-16,7030
3078,僑威,6,0,6,致和證券,2023-10-16,7030
3264,欣銓,6,0,6,致和證券,2023-10-16,7030
00751B,元大AAA至A公司債,5,0,5,致和證券,2023-10-16,7030
00878,國泰永續高股息,5,0,5,致和證券,2023-10-16,7030
1612,宏泰,5,0,5,致和證券,2023-10-16,7030
1785,光洋科,12,7,5,致和證券,2023-10-16,7030
3176,基亞,5,0,5,致和證券,2023-10-16,7030
3526,凡甲,5,0,5,致和證券,2023-10-16,7030
3706,神達,10,5,5,致和證券,2023-10-16,7030
4973,廣穎,5,0,5,致和證券,2023-10-16,7030
6276,安鈦克,5,0,5,致和證券,2023-10-16,7030
8938,明安,5,0,5,致和證券,2023-10-16,7030
1781,合世,4,0,4,致和證券,2023-10-16,7030
1220,台榮,6,2,4,致和證券,2023-10-16,7030
2634,漢翔,6,2,4,致和證券,2023-10-16,7030
3308,聯德,7,3,4,致和證券,2023-10-16,7030
4908,前鼎,6,2,4,致和證券,2023-10-16,7030
020039,元大加權N,100,0,100,致和證券,2023-10-17,7030
2382,廣達,64,13,51,致和證券,2023-10-17,7030
1608,華榮,31,0,31,致和證券,2023-10-17,7030
00664R,國泰臺灣加權反1,30,0,30,致和證券,2023-10-17,7030
3481,群創,58,30,28,致和證券,2023-10-17,7030
3041,揚智,20,0,20,致和證券,2023-10-17,7030
2002,中鋼,23,5,18,致和證券,2023-10-17,7030
00929,復華台灣科技優息,16,0,16,致和證券,2023-10-17,7030
0056,元大高股息,14,0,14,致和證券,2023-10-17,7030
3231,緯創,25,11,14,致和證券,2023-10-17,7030
3025,星通,12,0,12,致和證券,2023-10-17,7030
6578,達邦蛋白,12,0,12,致和證券,2023-10-17,7030
2449,京元電子,14,3,11,致和證券,2023-10-17,7030
00720B,元大投資級公司債,10,0,10,致和證券,2023-10-17,7030
00715L,期街口布蘭特正2,10,0,10,致和證券,2023-10-17,7030
00712,復華富時不動產,10,0,10,致和證券,2023-10-17,7030
2485,兆赫,10,0,10,致和證券,2023-10-17,7030
2838,聯邦銀,10,0,10,致和證券,2023-10-17,7030
3032,偉訓,10,0,10,致和證券,2023-10-17,7030
4961,天鈺,10,0,10,致和證券,2023-10-17,7030
1101,台泥,10,0,10,致和證券,2023-10-17,7030
1605,華新,10,1,9,致和證券,2023-10-17,7030
2344,華邦電,14,5,9,致和證券,2023-10-17,7030
2356,英業達,20,11,9,致和證券,2023-10-17,7030
2425,承啟,25,16,9,致和證券,2023-10-17,7030
4572,駐龍,9,0,9,致和證券,2023-10-17,7030
2201,裕隆,8,0,8,致和證券,2023-10-17,7030
1815,富喬,7,0,7,致和證券,2023-10-17,7030
2883,凱基金,7,0,7,致和證券,2023-10-17,7030
8054,安國,7,0,7,致和證券,2023-10-17,7030
4960,誠美材,10,3,7,致和證券,2023-10-17,7030
1781,合世,6,0,6,致和證券,2023-10-17,7030
3002,歐格,12,6,6,致和證券,2023-10-17,7030
2637,慧洋-KY,5,0,5,致和證券,2023-10-17,7030
1522,堤維西,5,0,5,致和證券,2023-10-17,7030
2033,佳大,5,0,5,致和證券,2023-10-17,7030
2363,矽統,32,27,5,致和證券,2023-10-17,7030
2374,佳能,5,0,5,致和證券,2023-10-17,7030
2867,三商壽,5,0,5,致和證券,2023-10-17,7030
3029,零壹,5,0,5,致和證券,2023-10-17,7030
3042,晶技,5,0,5,致和證券,2023-10-17,7030
3363,上詮,7,2,5,致和證券,2023-10-17,7030
3406,玉晶光,5,0,5,致和證券,2023-10-17,7030
4532,瑞智,5,0,5,致和證券,2023-10-17,7030
4908,前鼎,16,11,5,致和證券,2023-10-17,7030
8937,合騏,5,0,5,致和證券,2023-10-17,7030
3034,聯詠,4,0,4,致和證券,2023-10-17,7030
00673R,期元大S＆P原油反1,4,0,4,致和證券,2023-10-17,7030
2313,華通,13,9,4,致和證券,2023-10-17,7030
2371,大同,5,1,4,致和證券,2023-10-17,7030
00929,復華台灣科技優息,93,5,88,致和證券,2023-10-18,7030
2344,華邦電,61,0,61,致和證券,2023-10-18,7030
2618,長榮航,60,12,48,致和證券,2023-10-18,7030
1101,台泥,31,0,31,致和證券,2023-10-18,7030
2208,台船,30,0,30,致和證券,2023-10-18,7030
0056,元大高股息,26,0,26,致和證券,2023-10-18,7030
8210,勤誠,26,0,26,致和證券,2023-10-18,7030
1528,恩德,20,0,20,致和證券,2023-10-18,7030
3265,台星科,20,1,19,致和證券,2023-10-18,7030
00922,國泰台灣領袖50,18,0,18,致和證券,2023-10-18,7030
2002,中鋼,28,10,18,致和證券,2023-10-18,7030
6578,達邦蛋白,17,0,17,致和證券,2023-10-18,7030
5488,松普,16,0,16,致和證券,2023-10-18,7030
2449,京元電子,19,3,16,致和證券,2023-10-18,7030
00878,國泰永續高股息,14,0,14,致和證券,2023-10-18,7030
2401,凌陽,16,5,11,致和證券,2023-10-18,7030
5512,力麒,11,0,11,致和證券,2023-10-18,7030
6485,點序,11,0,11,致和證券,2023-10-18,7030
00919,群益台灣精選高息,13,3,10,致和證券,2023-10-18,7030
2201,裕隆,10,0,10,致和證券,2023-10-18,7030
4961,天鈺,20,10,10,致和證券,2023-10-18,7030
00712,復華富時不動產,10,0,10,致和證券,2023-10-18,7030
2636,台驊控股,10,0,10,致和證券,2023-10-18,7030
2641,正德,10,0,10,致和證券,2023-10-18,7030
4977,眾達-KY,12,2,10,致和證券,2023-10-18,7030
2027,大成鋼,10,1,9,致和證券,2023-10-18,7030
6168,宏齊,11,2,9,致和證券,2023-10-18,7030
3022,威強電,8,0,8,致和證券,2023-10-18,7030
1229,聯華,7,0,7,致和證券,2023-10-18,7030
2354,鴻準,7,0,7,致和證券,2023-10-18,7030
2359,所羅門,7,0,7,致和證券,2023-10-18,7030
3305,昇貿,7,0,7,致和證券,2023-10-18,7030
2352,佳世達,6,0,6,致和證券,2023-10-18,7030
3032,偉訓,6,0,6,致和證券,2023-10-18,7030
4572,駐龍,6,0,6,致和證券,2023-10-18,7030
5351,鈺創,6,0,6,致和證券,2023-10-18,7030
1504,東元,5,0,5,致和證券,2023-10-18,7030
1514,亞力,5,0,5,致和證券,2023-10-18,7030
00722B,群益投資級電信債,5,0,5,致和證券,2023-10-18,7030
00642U,期元大S＆P石油,10,5,5,致和證券,2023-10-18,7030
2017,官田鋼,5,0,5,致和證券,2023-10-18,7030
2892,第一金,5,0,5,致和證券,2023-10-18,7030
3025,星通,6,1,5,致和證券,2023-10-18,7030
6770,力積電,11,6,5,致和證券,2023-10-18,7030
1802,台玻,6,2,4,致和證券,2023-10-18,7030
2329,華泰,5,1,4,致和證券,2023-10-18,7030
2610,華航,27,23,4,致和證券,2023-10-18,7030
3284,太普高,4,0,4,致和證券,2023-10-18,7030
9928,中視,6,2,4,致和證券,2023-10-18,7030
00757,統一FANG+,3,0,3,致和證券,2023-10-18,7030
3231,緯創,198,20,178,致和證券,2023-10-19,7030
6182,合晶,69,0,69,致和證券,2023-10-19,7030
2891,中信金,50,0,50,致和證券,2023-10-19,7030
1101,台泥,42,0,42,致和證券,2023-10-19,7030
3532,台勝科,40,0,40,致和證券,2023-10-19,7030
2409,友達,51,15,36,致和證券,2023-10-19,7030
00933B,國泰10Y+金融債,31,0,31,致和證券,2023-10-19,7030
00753L,中信中國50正2,30,0,30,致和證券,2023-10-19,7030
0056,元大高股息,29,0,29,致和證券,2023-10-19,7030
00929,復華台灣科技優息,37,10,27,致和證券,2023-10-19,7030
00878,國泰永續高股息,23,0,23,致和證券,2023-10-19,7030
2312,金寶,20,0,20,致和證券,2023-10-19,7030
3094,聯傑,20,1,19,致和證券,2023-10-19,7030
2888,新光金,21,5,16,致和證券,2023-10-19,7030
2388,威盛,23,9,14,致和證券,2023-10-19,7030
8054,安國,14,1,13,致和證券,2023-10-19,7030
00712,復華富時不動產,13,0,13,致和證券,2023-10-19,7030
00720B,元大投資級公司債,12,0,12,致和證券,2023-10-19,7030
2892,第一金,12,0,12,致和證券,2023-10-19,7030
6213,聯茂,12,0,12,致和證券,2023-10-19,7030
8210,勤誠,15,4,11,致和證券,2023-10-19,7030
00895,富邦未來車,10,0,10,致和證券,2023-10-19,7030
00687B,國泰20年美債,10,0,10,致和證券,2023-10-19,7030
1612,宏泰,10,0,10,致和證券,2023-10-19,7030
8390,金益鼎,10,0,10,致和證券,2023-10-19,7030
9904,寶成,10,0,10,致和證券,2023-10-19,7030
2816,旺旺保,11,2,9,致和證券,2023-10-19,7030
00679B,元大美債20年,9,0,9,致和證券,2023-10-19,7030
3032,偉訓,9,0,9,致和證券,2023-10-19,7030
1802,台玻,7,0,7,致和證券,2023-10-19,7030
1815,富喬,9,2,7,致和證券,2023-10-19,7030
3481,群創,7,0,7,致和證券,2023-10-19,7030
6156,松上,7,0,7,致和證券,2023-10-19,7030
2313,華通,17,11,6,致和證券,2023-10-19,7030
3030,德律,6,0,6,致和證券,2023-10-19,7030
9928,中視,6,0,6,致和證券,2023-10-19,7030
1806,冠軍,5,0,5,致和證券,2023-10-19,7030
2369,菱生,5,0,5,致和證券,2023-10-19,7030
2457,飛宏,5,0,5,致和證券,2023-10-19,7030
3236,千如,5,0,5,致和證券,2023-10-19,7030
3284,太普高,5,0,5,致和證券,2023-10-19,7030
3526,凡甲,5,0,5,致和證券,2023-10-19,7030
5355,佳總,5,0,5,致和證券,2023-10-19,7030
1314,中石化,5,1,4,致和證券,2023-10-19,7030
2317,鴻海,7,3,4,致和證券,2023-10-19,7030
2376,技嘉,5,1,4,致和證券,2023-10-19,7030
2441,超豐,4,0,4,致和證券,2023-10-19,7030
4534,慶騰,5,1,4,致和證券,2023-10-19,7030
4572,駐龍,4,0,4,致和證券,2023-10-19,7030
8937,合騏,4,0,4,致和證券,2023-10-19,7030
00712,復華富時不動產,71,0,71,致和證券,2023-10-20,7030
2349,錸德,60,0,60,致和證券,2023-10-20,7030
2303,聯電,76,32,44,致和證券,2023-10-20,7030
00929,復華台灣科技優息,39,1,38,致和證券,2023-10-20,7030
3284,太普高,28,0,28,致和證券,2023-10-20,7030
6125,廣運,27,0,27,致和證券,2023-10-20,7030
2880,華南金,25,0,25,致和證券,2023-10-20,7030
00878,國泰永續高股息,24,1,23,致和證券,2023-10-20,7030
2323,中環,20,0,20,致和證券,2023-10-20,7030
3338,泰碩,20,0,20,致和證券,2023-10-20,7030
2002,中鋼,26,10,16,致和證券,2023-10-20,7030
4977,眾達-KY,16,0,16,致和證券,2023-10-20,7030
6770,力積電,61,45,16,致和證券,2023-10-20,7030
2104,國際中橡,15,0,15,致和證券,2023-10-20,7030
2883,凱基金,15,0,15,致和證券,2023-10-20,7030
0056,元大高股息,15,1,14,致和證券,2023-10-20,7030
5488,松普,14,0,14,致和證券,2023-10-20,7030
3006,晶豪科,17,4,13,致和證券,2023-10-20,7030
00933B,國泰10Y+金融債,11,0,11,致和證券,2023-10-20,7030
00679B,元大美債20年,11,0,11,致和證券,2023-10-20,7030
2344,華邦電,10,0,10,致和證券,2023-10-20,7030
3532,台勝科,10,0,10,致和證券,2023-10-20,7030
1605,華新,9,0,9,致和證券,2023-10-20,7030
1815,富喬,15,6,9,致和證券,2023-10-20,7030
6148,驊宏資,8,0,8,致和證券,2023-10-20,7030
1314,中石化,7,0,7,致和證券,2023-10-20,7030
2356,英業達,13,6,7,致和證券,2023-10-20,7030
2449,京元電子,33,26,7,致和證券,2023-10-20,7030
2017,官田鋼,10,4,6,致和證券,2023-10-20,7030
2363,矽統,7,1,6,致和證券,2023-10-20,7030
3025,星通,22,16,6,致和證券,2023-10-20,7030
6494,九齊,8,2,6,致和證券,2023-10-20,7030
9950,萬國通,9,3,6,致和證券,2023-10-20,7030
1514,亞力,5,0,5,致和證券,2023-10-20,7030
00893,國泰智能電動車,5,0,5,致和證券,2023-10-20,7030
2485,兆赫,6,1,5,致和證券,2023-10-20,7030
2882,國泰金,6,1,5,致和證券,2023-10-20,7030
2886,兆豐金,5,0,5,致和證券,2023-10-20,7030
2887,台新金,5,0,5,致和證券,2023-10-20,7030
2888,新光金,25,20,5,致和證券,2023-10-20,7030
3268,海德威,5,0,5,致和證券,2023-10-20,7030
4939,亞電,5,0,5,致和證券,2023-10-20,7030
4944,兆遠,5,0,5,致和證券,2023-10-20,7030
5351,鈺創,5,0,5,致和證券,2023-10-20,7030
2317,鴻海,7,3,4,致和證券,2023-10-20,7030
1584,精剛,4,0,4,致和證券,2023-10-20,7030
00751B,元大AAA至A公司債,4,0,4,致和證券,2023-10-20,7030
2468,華經,4,0,4,致和證券,2023-10-20,7030
3479,安勤,4,0,4,致和證券,2023-10-20,7030
4552,力達-KY,4,0,4,致和證券,2023-10-20,7030
2331,精英,200,0,200,致和證券,2023-10-23,7030
00929,復華台灣科技優息,93,3,90,致和證券,2023-10-23,7030
3481,群創,42,0,42,致和證券,2023-10-23,7030
00712,復華富時不動產,27,1,26,致和證券,2023-10-23,7030
2402,毅嘉,26,1,25,致和證券,2023-10-23,7030
4961,天鈺,20,0,20,致和證券,2023-10-23,7030
00878,國泰永續高股息,20,1,19,致和證券,2023-10-23,7030
0056,元大高股息,15,1,14,致和證券,2023-10-23,7030
2460,建通,14,0,14,致和證券,2023-10-23,7030
3051,力特,14,0,14,致和證券,2023-10-23,7030
2201,裕隆,13,0,13,致和證券,2023-10-23,7030
4714,永捷,15,2,13,致和證券,2023-10-23,7030
2891,中信金,16,5,11,致和證券,2023-10-23,7030
2515,中工,10,0,10,致和證券,2023-10-23,7030
3034,聯詠,10,0,10,致和證券,2023-10-23,7030
00881,國泰台灣5G+,8,0,8,致和證券,2023-10-23,7030
9928,中視,13,5,8,致和證券,2023-10-23,7030
2317,鴻海,49,41,8,致和證券,2023-10-23,7030
2376,技嘉,9,2,7,致和證券,2023-10-23,7030
1101,台泥,7,0,7,致和證券,2023-10-23,7030
2027,大成鋼,7,0,7,致和證券,2023-10-23,7030
00687B,國泰20年美債,6,0,6,致和證券,2023-10-23,7030
2610,華航,26,20,6,致和證券,2023-10-23,7030
2882,國泰金,6,0,6,致和證券,2023-10-23,7030
2883,凱基金,7,1,6,致和證券,2023-10-23,7030
6186,新潤,6,0,6,致和證券,2023-10-23,7030
00931B,統一美債20年,5,0,5,致和證券,2023-10-23,7030
2033,佳大,5,0,5,致和證券,2023-10-23,7030
2605,新興,5,0,5,致和證券,2023-10-23,7030
2913,農林,5,0,5,致和證券,2023-10-23,7030
3013,晟銘電,5,0,5,致和證券,2023-10-23,7030
5009,榮剛,5,0,5,致和證券,2023-10-23,7030
6125,廣運,5,0,5,致和證券,2023-10-23,7030
2618,長榮航,15,10,5,致和證券,2023-10-23,7030
00919,群益台灣精選高息,5,1,4,致和證券,2023-10-23,7030
1305,華夏,4,0,4,致和證券,2023-10-23,7030
2002,中鋼,4,0,4,致和證券,2023-10-23,7030
2356,英業達,4,0,4,致和證券,2023-10-23,7030
2399,映泰,10,6,4,致和證券,2023-10-23,7030
3205,佰研,4,0,4,致和證券,2023-10-23,7030
1584,精剛,3,0,3,致和證券,2023-10-23,7030
2323,中環,3,0,3,致和證券,2023-10-23,7030
2388,威盛,5,2,3,致和證券,2023-10-23,7030
3231,緯創,50,47,3,致和證券,2023-10-23,7030
4128,中天,3,0,3,致和證券,2023-10-23,7030
5225,東科-KY,7,4,3,致和證券,2023-10-23,7030
5348,正能量智能,3,0,3,致和證券,2023-10-23,7030
5355,佳總,3,0,3,致和證券,2023-10-23,7030
6248,沛波,3,0,3,致和證券,2023-10-23,7030
00679B,元大美債20年,2,0,2,致和證券,2023-10-23,7030
4720,德淵,57,0,57,致和證券,2023-10-24,7030
3481,群創,50,20,30,致和證券,2023-10-24,7030
2344,華邦電,14,0,14,致和證券,2023-10-24,7030
6202,盛群,14,0,14,致和證券,2023-10-24,7030
00712,復華富時不動產,13,0,13,致和證券,2023-10-24,7030
2457,飛宏,15,3,12,致和證券,2023-10-24,7030
3380,明泰,13,1,12,致和證券,2023-10-24,7030
2352,佳世達,12,2,10,致和證券,2023-10-24,7030
6278,台表科,10,0,10,致和證券,2023-10-24,7030
1785,光洋科,8,0,8,致和證券,2023-10-24,7030
00929,復華台灣科技優息,8,0,8,致和證券,2023-10-24,7030
00895,富邦未來車,10,2,8,致和證券,2023-10-24,7030
00919,群益台灣精選高息,7,0,7,致和證券,2023-10-24,7030
1504,東元,6,0,6,致和證券,2023-10-24,7030
2014,中鴻,6,0,6,致和證券,2023-10-24,7030
2705,六福,6,0,6,致和證券,2023-10-24,7030
1605,華新,5,0,5,致和證券,2023-10-24,7030
1815,富喬,8,3,5,致和證券,2023-10-24,7030
00933B,國泰10Y+金融債,5,0,5,致和證券,2023-10-24,7030
0056,元大高股息,6,1,5,致和證券,2023-10-24,7030
2206,三陽工業,10,5,5,致和證券,2023-10-24,7030
2462,良得電,5,0,5,致和證券,2023-10-24,7030
3034,聯詠,5,0,5,致和證券,2023-10-24,7030
3163,波若威,5,0,5,致和證券,2023-10-24,7030
3711,日月光投控,5,0,5,致和證券,2023-10-24,7030
5009,榮剛,5,0,5,致和證券,2023-10-24,7030
8455,大拓-KY,5,0,5,致和證券,2023-10-24,7030
9928,中視,5,0,5,致和證券,2023-10-24,7030
2330,台積電,4,0,4,致和證券,2023-10-24,7030
1528,恩德,4,0,4,致和證券,2023-10-24,7030
00795B,中信美國公債20年,4,0,4,致和證券,2023-10-24,7030
2017,官田鋼,5,1,4,致和證券,2023-10-24,7030
2834,臺企銀,4,0,4,致和證券,2023-10-24,7030
2880,華南金,4,0,4,致和證券,2023-10-24,7030
4714,永捷,4,0,4,致和證券,2023-10-24,7030
5487,通泰,4,0,4,致和證券,2023-10-24,7030
6122,擎邦,4,0,4,致和證券,2023-10-24,7030
8488,吉源-KY,4,0,4,致和證券,2023-10-24,7030
9919,康那香,4,0,4,致和證券,2023-10-24,7030
00923,群益台ESG低碳50,3,0,3,致和證券,2023-10-24,7030
2201,裕隆,3,0,3,致和證券,2023-10-24,7030
2308,台達電,3,0,3,致和證券,2023-10-24,7030
2324,仁寶,5,2,3,致和證券,2023-10-24,7030
2408,南亞科,3,0,3,致和證券,2023-10-24,7030
2498,宏達電,3,0,3,致和證券,2023-10-24,7030
2915,潤泰全,3,0,3,致和證券,2023-10-24,7030
4130,健亞,3,0,3,致和證券,2023-10-24,7030
4979,華星光,5,2,3,致和證券,2023-10-24,7030
5321,美而快,3,0,3,致和證券,2023-10-24,7030
6156,松上,10,7,3,致和證券,2023-10-24,7030
00712,復華富時不動產,57,0,57,致和證券,2023-10-25,7030
2705,六福,60,4,56,致和證券,2023-10-25,7030
6197,佳必琪,50,2,48,致和證券,2023-10-25,7030
1618,合機,45,0,45,致和證券,2023-10-25,7030
00664R,國泰臺灣加權反1,30,0,30,致和證券,2023-10-25,7030
00931B,統一美債20年,30,0,30,致和證券,2023-10-25,7030
2337,旺宏,32,11,21,致和證券,2023-10-25,7030
1702,南僑,20,0,20,致和證券,2023-10-25,7030
00929,復華台灣科技優息,20,0,20,致和證券,2023-10-25,7030
00922,國泰台灣領袖50,20,0,20,致和證券,2023-10-25,7030
2323,中環,20,0,20,致和證券,2023-10-25,7030
00878,國泰永續高股息,18,0,18,致和證券,2023-10-25,7030
6147,頎邦,17,0,17,致和證券,2023-10-25,7030
1806,冠軍,15,0,15,致和證券,2023-10-25,7030
2637,慧洋-KY,15,0,15,致和證券,2023-10-25,7030
2331,精英,18,4,14,致和證券,2023-10-25,7030
1514,亞力,25,12,13,致和證券,2023-10-25,7030
3025,星通,14,1,13,致和證券,2023-10-25,7030
2888,新光金,18,6,12,致和證券,2023-10-25,7030
3231,緯創,24,12,12,致和證券,2023-10-25,7030
2610,華航,31,20,11,致和證券,2023-10-25,7030
6245,立端,11,0,11,致和證券,2023-10-25,7030
1504,東元,10,0,10,致和證券,2023-10-25,7030
00933B,國泰10Y+金融債,10,0,10,致和證券,2023-10-25,7030
00919,群益台灣精選高息,10,0,10,致和證券,2023-10-25,7030
2317,鴻海,11,1,10,致和證券,2023-10-25,7030
2355,敬鵬,10,0,10,致和證券,2023-10-25,7030
2845,遠東銀,10,0,10,致和證券,2023-10-25,7030
2033,佳大,9,0,9,致和證券,2023-10-25,7030
0056,元大高股息,8,0,8,致和證券,2023-10-25,7030
2915,潤泰全,8,0,8,致和證券,2023-10-25,7030
1809,中釉,7,0,7,致和證券,2023-10-25,7030
2356,英業達,13,6,7,致和證券,2023-10-25,7030
2462,良得電,7,0,7,致和證券,2023-10-25,7030
6114,久威,6,0,6,致和證券,2023-10-25,7030
6695,芯鼎,9,3,6,致和證券,2023-10-25,7030
00893,國泰智能電動車,5,0,5,致和證券,2023-10-25,7030
2027,大成鋼,5,0,5,致和證券,2023-10-25,7030
2820,華票,5,0,5,致和證券,2023-10-25,7030
2887,台新金,5,0,5,致和證券,2023-10-25,7030
2891,中信金,5,0,5,致和證券,2023-10-25,7030
3290,東浦,5,0,5,致和證券,2023-10-25,7030
8299,群聯,5,0,5,致和證券,2023-10-25,7030
00897,富邦基因免疫生技,4,0,4,致和證券,2023-10-25,7030
00751B,元大AAA至A公司債,4,0,4,致和證券,2023-10-25,7030
3535,晶彩科,5,1,4,致和證券,2023-10-25,7030
9945,潤泰新,5,1,4,致和證券,2023-10-25,7030
2206,三陽工業,4,0,4,致和證券,2023-10-25,7030
4533,協易機,3,0,3,致和證券,2023-10-25,7030
5490,同亨,3,0,3,致和證券,2023-10-25,7030
2331,精英,90,0,90,致和證券,2023-10-26,7030
2382,廣達,90,3,87,致和證券,2023-10-26,7030
2883,凱基金,86,0,86,致和證券,2023-10-26,7030
2610,華航,78,12,66,致和證券,2023-10-26,7030
1101,台泥,43,1,42,致和證券,2023-10-26,7030
00929,復華台灣科技優息,46,5,41,致和證券,2023-10-26,7030
2834,臺企銀,36,1,35,致和證券,2023-10-26,7030
6188,廣明,59,26,33,致和證券,2023-10-26,7030
3265,台星科,32,0,32,致和證券,2023-10-26,7030
2801,彰銀,30,0,30,致和證券,2023-10-26,7030
6125,廣運,30,1,29,致和證券,2023-10-26,7030
00712,復華富時不動產,26,0,26,致和證券,2023-10-26,7030
1806,冠軍,20,0,20,致和證券,2023-10-26,7030
3276,宇環,20,0,20,致和證券,2023-10-26,7030
00885,富邦越南,18,0,18,致和證券,2023-10-26,7030
2303,聯電,28,11,17,致和證券,2023-10-26,7030
2330,台積電,17,0,17,致和證券,2023-10-26,7030
2313,華通,40,26,14,致和證券,2023-10-26,7030
1721,三晃,17,4,13,致和證券,2023-10-26,7030
2408,南亞科,12,0,12,致和證券,2023-10-26,7030
2419,仲琦,12,0,12,致和證券,2023-10-26,7030
2427,三商電,14,2,12,致和證券,2023-10-26,7030
2449,京元電子,12,0,12,致和證券,2023-10-26,7030
4977,眾達-KY,12,0,12,致和證券,2023-10-26,7030
00922,國泰台灣領袖50,11,0,11,致和證券,2023-10-26,7030
2201,裕隆,11,0,11,致和證券,2023-10-26,7030
2329,華泰,13,2,11,致和證券,2023-10-26,7030
2344,華邦電,29,18,11,致和證券,2023-10-26,7030
2401,凌陽,13,2,11,致和證券,2023-10-26,7030
3508,位速,11,0,11,致和證券,2023-10-26,7030
3260,威剛,11,1,10,致和證券,2023-10-26,7030
1339,昭輝,10,0,10,致和證券,2023-10-26,7030
00931B,統一美債20年,10,0,10,致和證券,2023-10-26,7030
00927,群益半導體收益,10,0,10,致和證券,2023-10-26,7030
00891,中信關鍵半導體,10,0,10,致和證券,2023-10-26,7030
00878,國泰永續高股息,10,0,10,致和證券,2023-10-26,7030
8105,凌巨,10,0,10,致和證券,2023-10-26,7030
0056,元大高股息,9,0,9,致和證券,2023-10-26,7030
00881,國泰台灣5G+,8,0,8,致和證券,2023-10-26,7030
2352,佳世達,8,0,8,致和證券,2023-10-26,7030
3094,聯傑,7,0,7,致和證券,2023-10-26,7030
5285,界霖,7,0,7,致和證券,2023-10-26,7030
00923,群益台ESG低碳50,6,0,6,致和證券,2023-10-26,7030
2033,佳大,6,0,6,致和證券,2023-10-26,7030
2605,新興,6,0,6,致和證券,2023-10-26,7030
3054,立萬利,6,0,6,致和證券,2023-10-26,7030
3306,鼎天,6,0,6,致和證券,2023-10-26,7030
9105,泰金寶-DR,6,0,6,致和證券,2023-10-26,7030
2317,鴻海,6,1,5,致和證券,2023-10-26,7030
1609,大亞,5,0,5,致和證券,2023-10-26,7030
2382,廣達,293,2,291,致和證券,2023-10-27,7030
2610,華航,81,2,79,致和證券,2023-10-27,7030
2421,建準,52,1,51,致和證券,2023-10-27,7030
2618,長榮航,51,2,49,致和證券,2023-10-27,7030
3231,緯創,65,33,32,致和證券,2023-10-27,7030
2801,彰銀,30,0,30,致和證券,2023-10-27,7030
00712,復華富時不動產,27,0,27,致和證券,2023-10-27,7030
00929,復華台灣科技優息,24,0,24,致和證券,2023-10-27,7030
2482,連宇,20,0,20,致和證券,2023-10-27,7030
2641,正德,20,0,20,致和證券,2023-10-27,7030
3006,晶豪科,21,1,20,致和證券,2023-10-27,7030
2408,南亞科,18,0,18,致和證券,2023-10-27,7030
4966,譜瑞-KY,15,0,15,致和證券,2023-10-27,7030
00931B,統一美債20年,10,0,10,致和證券,2023-10-27,7030
1612,宏泰,10,0,10,致和證券,2023-10-27,7030
1806,冠軍,10,0,10,致和證券,2023-10-27,7030
2462,良得電,10,0,10,致和證券,2023-10-27,7030
3236,千如,10,0,10,致和證券,2023-10-27,7030
5469,瀚宇博,10,0,10,致和證券,2023-10-27,7030
3661,世芯-KY,10,0,10,致和證券,2023-10-27,7030
2303,聯電,25,18,7,致和證券,2023-10-27,7030
00878,國泰永續高股息,8,1,7,致和證券,2023-10-27,7030
8390,金益鼎,7,0,7,致和證券,2023-10-27,7030
2344,華邦電,12,6,6,致和證券,2023-10-27,7030
3265,台星科,21,15,6,致和證券,2023-10-27,7030
3322,建舜電,6,0,6,致和證券,2023-10-27,7030
6442,光聖,9,3,6,致和證券,2023-10-27,7030
2363,矽統,5,0,5,致和證券,2023-10-27,7030
2419,仲琦,5,0,5,致和證券,2023-10-27,7030
2420,新巨,5,0,5,致和證券,2023-10-27,7030
2537,聯上發,5,0,5,致和證券,2023-10-27,7030
3011,今皓,5,0,5,致和證券,2023-10-27,7030
3149,正達,5,0,5,致和證券,2023-10-27,7030
3339,泰谷,5,0,5,致和證券,2023-10-27,7030
3380,明泰,5,0,5,致和證券,2023-10-27,7030
3706,神達,7,2,5,致和證券,2023-10-27,7030
4977,眾達-KY,5,0,5,致和證券,2023-10-27,7030
4908,前鼎,14,9,5,致和證券,2023-10-27,7030
2454,聯發科,4,0,4,致和證券,2023-10-27,7030
2330,台積電,4,0,4,致和證券,2023-10-27,7030
2605,新興,5,1,4,致和證券,2023-10-27,7030
2816,旺旺保,4,0,4,致和證券,2023-10-27,7030
3054,立萬利,4,0,4,致和證券,2023-10-27,7030
3078,僑威,6,2,4,致和證券,2023-10-27,7030
3264,欣銓,16,12,4,致和證券,2023-10-27,7030
3531,先益,4,0,4,致和證券,2023-10-27,7030
5258,虹堡,10,6,4,致和證券,2023-10-27,7030
6125,廣運,5,1,4,致和證券,2023-10-27,7030
00881,國泰台灣5G+,3,0,3,致和證券,2023-10-27,7030
2027,大成鋼,3,0,3,致和證券,2023-10-27,7030
3176,基亞,262,4,258,致和證券,2023-10-30,7030
2883,凱基金,109,1,108,致和證券,2023-10-30,7030
2610,華航,52,1,51,致和證券,2023-10-30,7030
3032,偉訓,50,0,50,致和證券,2023-10-30,7030
2349,錸德,40,0,40,致和證券,2023-10-30,7030
2705,六福,30,0,30,致和證券,2023-10-30,7030
9105,泰金寶-DR,23,0,23,致和證券,2023-10-30,7030
2317,鴻海,27,4,23,致和證券,2023-10-30,7030
2801,彰銀,20,0,20,致和證券,2023-10-30,7030
2891,中信金,20,0,20,致和證券,2023-10-30,7030
1806,冠軍,18,0,18,致和證券,2023-10-30,7030
2303,聯電,25,9,16,致和證券,2023-10-30,7030
1609,大亞,15,0,15,致和證券,2023-10-30,7030
2461,光群雷,15,0,15,致和證券,2023-10-30,7030
00795B,中信美國公債20年,12,0,12,致和證券,2023-10-30,7030
2880,華南金,10,0,10,致和證券,2023-10-30,7030
2462,良得電,10,0,10,致和證券,2023-10-30,7030
3265,台星科,20,10,10,致和證券,2023-10-30,7030
4720,德淵,10,0,10,致和證券,2023-10-30,7030
2301,光寶科,9,0,9,致和證券,2023-10-30,7030
6657,華安,10,1,9,致和證券,2023-10-30,7030
2323,中環,7,0,7,致和證券,2023-10-30,7030
2618,長榮航,32,25,7,致和證券,2023-10-30,7030
3231,緯創,61,54,7,致和證券,2023-10-30,7030
00712,復華富時不動產,7,0,7,致和證券,2023-10-30,7030
2356,英業達,8,2,6,致和證券,2023-10-30,7030
2408,南亞科,7,1,6,致和證券,2023-10-30,7030
2886,兆豐金,5,0,5,致和證券,2023-10-30,7030
00722B,群益投資級電信債,5,0,5,致和證券,2023-10-30,7030
1303,南亞,5,0,5,致和證券,2023-10-30,7030
2312,金寶,5,0,5,致和證券,2023-10-30,7030
2344,華邦電,5,0,5,致和證券,2023-10-30,7030
2402,毅嘉,5,0,5,致和證券,2023-10-30,7030
4532,瑞智,5,0,5,致和證券,2023-10-30,7030
4966,譜瑞-KY,5,0,5,致和證券,2023-10-30,7030
5871,中租-KY,5,0,5,致和證券,2023-10-30,7030
8068,全達,5,0,5,致和證券,2023-10-30,7030
1301,台塑,4,0,4,致和證券,2023-10-30,7030
1773,勝一,4,0,4,致和證券,2023-10-30,7030
4306,炎洲,4,0,4,致和證券,2023-10-30,7030
5516,雙喜,6,2,4,致和證券,2023-10-30,7030
6456,GIS-KY,4,0,4,致和證券,2023-10-30,7030
6589,台康生技,4,0,4,致和證券,2023-10-30,7030
00929,復華台灣科技優息,3,0,3,致和證券,2023-10-30,7030
2313,華通,6,3,3,致和證券,2023-10-30,7030
2357,華碩,3,0,3,致和證券,2023-10-30,7030
2838,聯邦銀,3,0,3,致和證券,2023-10-30,7030
2915,潤泰全,3,0,3,致和證券,2023-10-30,7030
3669,圓展,3,0,3,致和證券,2023-10-30,7030
4160,訊聯基因,3,0,3,致和證券,2023-10-30,7030
3176,基亞,131,0,131,致和證券,2023-10-31,7030
2303,聯電,51,3,48,致和證券,2023-10-31,7030
00929,復華台灣科技優息,46,0,46,致和證券,2023-10-31,7030
0056,元大高股息,41,0,41,致和證券,2023-10-31,7030
5347,世界,21,0,21,致和證券,2023-10-31,7030
2382,廣達,21,1,20,致和證券,2023-10-31,7030
2025,千興,31,11,20,致和證券,2023-10-31,7030
4977,眾達-KY,16,0,16,致和證券,2023-10-31,7030
3265,台星科,20,5,15,致和證券,2023-10-31,7030
2363,矽統,18,4,14,致和證券,2023-10-31,7030
3094,聯傑,18,4,14,致和證券,2023-10-31,7030
2367,燿華,14,1,13,致和證券,2023-10-31,7030
2344,華邦電,12,0,12,致和證券,2023-10-31,7030
3025,星通,12,0,12,致和證券,2023-10-31,7030
1609,大亞,14,3,11,致和證券,2023-10-31,7030
1605,華新,11,0,11,致和證券,2023-10-31,7030
2882,國泰金,10,0,10,致和證券,2023-10-31,7030
3056,富華新,10,0,10,致和證券,2023-10-31,7030
3236,千如,10,0,10,致和證券,2023-10-31,7030
4532,瑞智,10,0,10,致和證券,2023-10-31,7030
4961,天鈺,11,1,10,致和證券,2023-10-31,7030
2722,夏都,9,0,9,致和證券,2023-10-31,7030
00712,復華富時不動產,9,0,9,致和證券,2023-10-31,7030
2618,長榮航,32,24,8,致和證券,2023-10-31,7030
6125,廣運,10,3,7,致和證券,2023-10-31,7030
3081,聯亞,6,0,6,致和證券,2023-10-31,7030
1524,耿鼎,23,17,6,致和證券,2023-10-31,7030
4960,誠美材,6,0,6,致和證券,2023-10-31,7030
6216,居易,12,6,6,致和證券,2023-10-31,7030
2892,第一金,5,0,5,致和證券,2023-10-31,7030
1319,東陽,5,0,5,致和證券,2023-10-31,7030
00715L,期街口布蘭特正2,5,0,5,致和證券,2023-10-31,7030
2329,華泰,5,0,5,致和證券,2023-10-31,7030
2331,精英,5,0,5,致和證券,2023-10-31,7030
2356,英業達,8,3,5,致和證券,2023-10-31,7030
2427,三商電,20,15,5,致和證券,2023-10-31,7030
3013,晟銘電,5,0,5,致和證券,2023-10-31,7030
3189,景碩,5,0,5,致和證券,2023-10-31,7030
3545,敦泰,17,12,5,致和證券,2023-10-31,7030
3622,洋華,5,0,5,致和證券,2023-10-31,7030
5465,富驊,5,0,5,致和證券,2023-10-31,7030
6418,詠昇,5,0,5,致和證券,2023-10-31,7030
9941,裕融,5,0,5,致和證券,2023-10-31,7030
00923,群益台ESG低碳50,4,0,4,致和證券,2023-10-31,7030
2066,世德,4,0,4,致和證券,2023-10-31,7030
2313,華通,37,33,4,致和證券,2023-10-31,7030
2424,隴華,4,0,4,致和證券,2023-10-31,7030
2883,凱基金,4,0,4,致和證券,2023-10-31,7030
3035,智原,6,2,4,致和證券,2023-10-31,7030
3062,建漢,5,1,4,致和證券,2023-10-31,7030
2344,華邦電,109,12,97,致和證券,2023-11-01,7030
00878,國泰永續高股息,32,2,30,致和證券,2023-11-01,7030
00712,復華富時不動產,25,0,25,致和證券,2023-11-01,7030
3176,基亞,25,0,25,致和證券,2023-11-01,7030
00935,野村臺灣新科技50,23,0,23,致和證券,2023-11-01,7030
00929,復華台灣科技優息,20,0,20,致和證券,2023-11-01,7030
2405,輔信,20,0,20,致和證券,2023-11-01,7030
2834,臺企銀,20,0,20,致和證券,2023-11-01,7030
2888,新光金,18,0,18,致和證券,2023-11-01,7030
00934,中信成長高股息,14,0,14,致和證券,2023-11-01,7030
2881,富邦金,14,0,14,致和證券,2023-11-01,7030
1514,亞力,12,0,12,致和證券,2023-11-01,7030
2337,旺宏,16,5,11,致和證券,2023-11-01,7030
4167,松瑞藥,11,0,11,致和證券,2023-11-01,7030
00637L,元大滬深300正2,20,10,10,致和證券,2023-11-01,7030
1702,南僑,10,0,10,致和證券,2023-11-01,7030
2367,燿華,11,2,9,致和證券,2023-11-01,7030
4915,致伸,10,1,9,致和證券,2023-11-01,7030
2317,鴻海,10,2,8,致和證券,2023-11-01,7030
5469,瀚宇博,8,0,8,致和證券,2023-11-01,7030
6156,松上,8,0,8,致和證券,2023-11-01,7030
2002,中鋼,7,0,7,致和證券,2023-11-01,7030
2419,仲琦,7,0,7,致和證券,2023-11-01,7030
2816,旺旺保,7,0,7,致和證券,2023-11-01,7030
3062,建漢,7,0,7,致和證券,2023-11-01,7030
6220,岳豐,7,0,7,致和證券,2023-11-01,7030
2363,矽統,10,4,6,致和證券,2023-11-01,7030
8455,大拓-KY,6,0,6,致和證券,2023-11-01,7030
1524,耿鼎,7,2,5,致和證券,2023-11-01,7030
1609,大亞,5,0,5,致和證券,2023-11-01,7030
2349,錸德,5,0,5,致和證券,2023-11-01,7030
2354,鴻準,5,0,5,致和證券,2023-11-01,7030
2358,廷鑫,5,0,5,致和證券,2023-11-01,7030
2449,京元電子,5,0,5,致和證券,2023-11-01,7030
3022,威強電,5,0,5,致和證券,2023-11-01,7030
3276,宇環,5,0,5,致和證券,2023-11-01,7030
3617,碩天,5,0,5,致和證券,2023-11-01,7030
4966,譜瑞-KY,5,0,5,致和證券,2023-11-01,7030
5871,中租-KY,5,0,5,致和證券,2023-11-01,7030
5905,南仁湖,5,0,5,致和證券,2023-11-01,7030
6148,驊宏資,5,0,5,致和證券,2023-11-01,7030
00679B,元大美債20年,4,0,4,致和證券,2023-11-01,7030
2408,南亞科,4,0,4,致和證券,2023-11-01,7030
2409,友達,34,30,4,致和證券,2023-11-01,7030
2891,中信金,4,0,4,致和證券,2023-11-01,7030
1301,台塑,4,1,3,致和證券,2023-11-01,7030
3032,偉訓,5,2,3,致和證券,2023-11-01,7030
4188,安克,3,0,3,致和證券,2023-11-01,7030
4946,辣椒,3,0,3,致和證券,2023-11-01,7030
4960,誠美材,3,0,3,致和證券,2023-11-01,7030
00878,國泰永續高股息,65,0,65,致和證券,2023-11-02,7030
00679B,元大美債20年,50,0,50,致和證券,2023-11-02,7030
1584,精剛,34,0,34,致和證券,2023-11-02,7030
2883,凱基金,29,0,29,致和證券,2023-11-02,7030
00753L,中信中國50正2,20,0,20,致和證券,2023-11-02,7030
00632R,元大台灣50反1,20,0,20,致和證券,2023-11-02,7030
00885,富邦越南,20,0,20,致和證券,2023-11-02,7030
3284,太普高,16,0,16,致和證券,2023-11-02,7030
1702,南僑,12,0,12,致和證券,2023-11-02,7030
00934,中信成長高股息,12,0,12,致和證券,2023-11-02,7030
1312,國喬,10,0,10,致和證券,2023-11-02,7030
2002,中鋼,10,0,10,致和證券,2023-11-02,7030
9105,泰金寶-DR,10,0,10,致和證券,2023-11-02,7030
2337,旺宏,17,9,8,致和證券,2023-11-02,7030
1301,台塑,6,0,6,致和證券,2023-11-02,7030
2630,亞航,7,1,6,致和證券,2023-11-02,7030
3362,先進光,6,0,6,致和證券,2023-11-02,7030
8455,大拓-KY,6,0,6,致和證券,2023-11-02,7030
2301,光寶科,8,2,6,致和證券,2023-11-02,7030
2364,倫飛,13,8,5,致和證券,2023-11-02,7030
4572,駐龍,5,0,5,致和證券,2023-11-02,7030
6282,康舒,5,0,5,致和證券,2023-11-02,7030
6477,安集,5,0,5,致和證券,2023-11-02,7030
2017,官田鋼,5,0,5,致和證券,2023-11-02,7030
3041,揚智,4,0,4,致和證券,2023-11-02,7030
3265,台星科,4,0,4,致和證券,2023-11-02,7030
3592,瑞鼎,4,0,4,致和證券,2023-11-02,7030
6155,鈞寶,5,1,4,致和證券,2023-11-02,7030
6160,欣技,4,0,4,致和證券,2023-11-02,7030
1319,東陽,15,11,4,致和證券,2023-11-02,7030
6235,華孚,4,1,3,致和證券,2023-11-02,7030
2913,農林,3,0,3,致和證券,2023-11-02,7030
3703,欣陸,3,0,3,致和證券,2023-11-02,7030
3710,連展投控,3,0,3,致和證券,2023-11-02,7030
6589,台康生技,3,0,3,致和證券,2023-11-02,7030
00935,野村臺灣新科技50,2,0,2,致和證券,2023-11-02,7030
00919,群益台灣精選高息,2,0,2,致和證券,2023-11-02,7030
1314,中石化,2,0,2,致和證券,2023-11-02,7030
1460,宏遠,2,0,2,致和證券,2023-11-02,7030
2033,佳大,2,0,2,致和證券,2023-11-02,7030
2204,中華,2,0,2,致和證券,2023-11-02,7030
2329,華泰,5,3,2,致和證券,2023-11-02,7030
2356,英業達,3,1,2,致和證券,2023-11-02,7030
2406,國碩,2,0,2,致和證券,2023-11-02,7030
3060,銘異,2,0,2,致和證券,2023-11-02,7030
3094,聯傑,5,3,2,致和證券,2023-11-02,7030
3176,基亞,21,19,2,致和證券,2023-11-02,7030
3346,麗清,2,0,2,致和證券,2023-11-02,7030
3483,力致,2,0,2,致和證券,2023-11-02,7030
3704,合勤控,3,1,2,致和證券,2023-11-02,7030
00632R,元大台灣50反1,40,0,40,致和證券,2023-11-03,7030
3231,緯創,53,17,36,致和證券,2023-11-03,7030
1467,南緯,35,0,35,致和證券,2023-11-03,7030
2743,山富,30,0,30,致和證券,2023-11-03,7030
2363,矽統,53,27,26,致和證券,2023-11-03,7030
4961,天鈺,27,5,22,致和證券,2023-11-03,7030
00935,野村臺灣新科技50,21,0,21,致和證券,2023-11-03,7030
00919,群益台灣精選高息,21,0,21,致和證券,2023-11-03,7030
1609,大亞,20,0,20,致和證券,2023-11-03,7030
2614,東森,20,1,19,致和證券,2023-11-03,7030
2353,宏��,19,1,18,致和證券,2023-11-03,7030
4938,和碩,15,0,15,致和證券,2023-11-03,7030
3362,先進光,14,1,13,致和證券,2023-11-03,7030
2468,華經,11,0,11,致和證券,2023-11-03,7030
6104,創惟,11,0,11,致和證券,2023-11-03,7030
00885,富邦越南,20,10,10,致和證券,2023-11-03,7030
2337,旺宏,20,10,10,致和證券,2023-11-03,7030
3689,湧德,10,0,10,致和證券,2023-11-03,7030
6727,亞泰金屬,10,0,10,致和證券,2023-11-03,7030
6770,力積電,30,20,10,致和證券,2023-11-03,7030
3588,通嘉,9,0,9,致和證券,2023-11-03,7030
1752,南光,8,0,8,致和證券,2023-11-03,7030
00712,復華富時不動產,7,0,7,致和證券,2023-11-03,7030
1721,三晃,9,3,6,致和證券,2023-11-03,7030
2409,友達,11,5,6,致和證券,2023-11-03,7030
3041,揚智,7,1,6,致和證券,2023-11-03,7030
2376,技嘉,17,12,5,致和證券,2023-11-03,7030
2458,義隆,5,0,5,致和證券,2023-11-03,7030
1789,神隆,5,0,5,致和證券,2023-11-03,7030
00687B,國泰20年美債,5,0,5,致和證券,2023-11-03,7030
00722B,群益投資級電信債,5,0,5,致和證券,2023-11-03,7030
1504,東元,5,0,5,致和證券,2023-11-03,7030
1529,樂事綠能,5,0,5,致和證券,2023-11-03,7030
2033,佳大,5,0,5,致和證券,2023-11-03,7030
2313,華通,19,14,5,致和證券,2023-11-03,7030
3011,今皓,5,0,5,致和證券,2023-11-03,7030
3062,建漢,5,0,5,致和證券,2023-11-03,7030
4543,萬在,5,0,5,致和證券,2023-11-03,7030
6156,松上,8,3,5,致和證券,2023-11-03,7030
8163,達方,6,1,5,致和證券,2023-11-03,7030
9914,美利達,5,0,5,致和證券,2023-11-03,7030
1524,耿鼎,9,5,4,致和證券,2023-11-03,7030
00720B,元大投資級公司債,4,0,4,致和證券,2023-11-03,7030
5457,宣德,4,0,4,致和證券,2023-11-03,7030
8930,青鋼,4,0,4,致和證券,2023-11-03,7030
1605,華新,3,0,3,致和證券,2023-11-03,7030
00642U,期元大S＆P石油,3,0,3,致和證券,2023-11-03,7030
2014,中鴻,3,0,3,致和證券,2023-11-03,7030
3163,波若威,3,0,3,致和證券,2023-11-03,7030
3213,茂訊,4,1,3,致和證券,2023-11-03,7030
6443,元晶,91,0,91,致和證券,2023-11-06,7030
3362,先進光,90,0,90,致和證券,2023-11-06,7030
2618,長榮航,42,20,22,致和證券,2023-11-06,7030
00632R,元大台灣50反1,20,0,20,致和證券,2023-11-06,7030
3176,基亞,19,4,15,致和證券,2023-11-06,7030
3234,光環,15,0,15,致和證券,2023-11-06,7030
00885,富邦越南,15,1,14,致和證券,2023-11-06,7030
2002,中鋼,12,1,11,致和證券,2023-11-06,7030
6125,廣運,12,1,11,致和證券,2023-11-06,7030
2408,南亞科,10,0,10,致和證券,2023-11-06,7030
1609,大亞,10,0,10,致和證券,2023-11-06,7030
00679B,元大美債20年,10,0,10,致和證券,2023-11-06,7030
3481,群創,11,1,10,致和證券,2023-11-06,7030
3605,宏致,10,0,10,致和證券,2023-11-06,7030
6104,創惟,10,0,10,致和證券,2023-11-06,7030
2427,三商電,10,1,9,致和證券,2023-11-06,7030
3499,環天科,9,0,9,致和證券,2023-11-06,7030
2390,云辰,8,0,8,致和證券,2023-11-06,7030
2634,漢翔,8,0,8,致和證券,2023-11-06,7030
3276,宇環,7,0,7,致和證券,2023-11-06,7030
2303,聯電,23,17,6,致和證券,2023-11-06,7030
6770,力積電,13,7,6,致和證券,2023-11-06,7030
8088,品安,7,1,6,致和證券,2023-11-06,7030
9907,統一實,6,0,6,致和證券,2023-11-06,7030
1215,卜蜂,5,0,5,致和證券,2023-11-06,7030
2033,佳大,5,0,5,致和證券,2023-11-06,7030
2364,倫飛,10,5,5,致和證券,2023-11-06,7030
2609,陽明,15,10,5,致和證券,2023-11-06,7030
2612,中航,5,0,5,致和證券,2023-11-06,7030
2736,富野,5,0,5,致和證券,2023-11-06,7030
5608,四維航,5,0,5,致和證券,2023-11-06,7030
6139,亞翔,6,1,5,致和證券,2023-11-06,7030
6576,逸達,5,0,5,致和證券,2023-11-06,7030
8390,金益鼎,5,0,5,致和證券,2023-11-06,7030
6182,合晶,5,0,5,致和證券,2023-11-06,7030
8163,達方,8,4,4,致和證券,2023-11-06,7030
2401,凌陽,4,0,4,致和證券,2023-11-06,7030
3596,智易,4,0,4,致和證券,2023-11-06,7030
5353,台林,4,0,4,致和證券,2023-11-06,7030
2388,威盛,11,8,3,致和證券,2023-11-06,7030
1504,東元,3,0,3,致和證券,2023-11-06,7030
1101,台泥,3,0,3,致和證券,2023-11-06,7030
00878,國泰永續高股息,6,3,3,致和證券,2023-11-06,7030
00706L,期元大S＆P日圓正2,3,0,3,致和證券,2023-11-06,7030
3321,同泰,3,0,3,致和證券,2023-11-06,7030
3535,晶彩科,6,3,3,致和證券,2023-11-06,7030
3588,通嘉,3,0,3,致和證券,2023-11-06,7030
4960,誠美材,3,0,3,致和證券,2023-11-06,7030
4967,十銓,5,2,3,致和證券,2023-11-06,7030
6451,訊芯-KY,13,10,3,致和證券,2023-11-06,7030
3362,先進光,50,0,50,致和證券,2023-11-07,7030
2634,漢翔,41,0,41,致和證券,2023-11-07,7030
2618,長榮航,57,35,22,致和證券,2023-11-07,7030
1584,精剛,21,0,21,致和證券,2023-11-07,7030
2002,中鋼,32,11,21,致和證券,2023-11-07,7030
1216,統一,19,0,19,致和證券,2023-11-07,7030
6125,廣運,17,0,17,致和證券,2023-11-07,7030
4961,天鈺,13,0,13,致和證券,2023-11-07,7030
4167,松瑞藥,15,4,11,致和證券,2023-11-07,7030
1339,昭輝,10,0,10,致和證券,2023-11-07,7030
1528,恩德,10,0,10,致和證券,2023-11-07,7030
2015,豐興,10,0,10,致和證券,2023-11-07,7030
2331,精英,10,0,10,致和證券,2023-11-07,7030
2337,旺宏,20,10,10,致和證券,2023-11-07,7030
2867,三商壽,10,0,10,致和證券,2023-11-07,7030
9919,康那香,10,0,10,致和證券,2023-11-07,7030
2439,美律,11,2,9,致和證券,2023-11-07,7030
00878,國泰永續高股息,11,3,8,致和證券,2023-11-07,7030
2303,聯電,13,5,8,致和證券,2023-11-07,7030
1521,大億,6,0,6,致和證券,2023-11-07,7030
4572,駐龍,6,0,6,致和證券,2023-11-07,7030
8930,青鋼,6,0,6,致和證券,2023-11-07,7030
1815,富喬,22,16,6,致和證券,2023-11-07,7030
3105,穩懋,16,11,5,致和證券,2023-11-07,7030
00919,群益台灣精選高息,5,0,5,致和證券,2023-11-07,7030
2913,農林,5,0,5,致和證券,2023-11-07,7030
3317,尼克森,5,0,5,致和證券,2023-11-07,7030
3380,明泰,5,0,5,致和證券,2023-11-07,7030
3441,聯一光,5,0,5,致和證券,2023-11-07,7030
5206,坤悅,5,0,5,致和證券,2023-11-07,7030
6188,廣明,5,0,5,致和證券,2023-11-07,7030
6901,鑽石投資,9,4,5,致和證券,2023-11-07,7030
8390,金益鼎,5,0,5,致和證券,2023-11-07,7030
2816,旺旺保,11,6,5,致和證券,2023-11-07,7030
2743,山富,4,0,4,致和證券,2023-11-07,7030
00712,復華富時不動產,4,0,4,致和證券,2023-11-07,7030
2736,富野,4,0,4,致和證券,2023-11-07,7030
5353,台林,4,0,4,致和證券,2023-11-07,7030
9933,中鼎,4,0,4,致和證券,2023-11-07,7030
3228,金麗科,3,0,3,致和證券,2023-11-07,7030
1785,光洋科,4,1,3,致和證券,2023-11-07,7030
2607,榮運,3,0,3,致和證券,2023-11-07,7030
2705,六福,4,1,3,致和證券,2023-11-07,7030
2888,新光金,8,5,3,致和證券,2023-11-07,7030
3054,立萬利,3,0,3,致和證券,2023-11-07,7030
3669,圓展,6,3,3,致和證券,2023-11-07,7030
6122,擎邦,3,0,3,致和證券,2023-11-07,7030
6278,台表科,3,0,3,致和證券,2023-11-07,7030
8432,東生華,4,1,3,致和證券,2023-11-07,7030
8455,大拓-KY,3,0,3,致和證券,2023-11-07,7030
00936,台新永續高息中小,101,0,101,致和證券,2023-11-08,7030
4128,中天,100,7,93,致和證券,2023-11-08,7030
3362,先進光,60,0,60,致和證券,2023-11-08,7030
2303,聯電,55,5,50,致和證券,2023-11-08,7030
6603,富強鑫,60,10,50,致和證券,2023-11-08,7030
2363,矽統,64,15,49,致和證券,2023-11-08,7030
2618,長榮航,57,15,42,致和證券,2023-11-08,7030
2883,凱基金,30,0,30,致和證券,2023-11-08,7030
00715L,期街口布蘭特正2,24,7,17,致和證券,2023-11-08,7030
00929,復華台灣科技優息,20,5,15,致和證券,2023-11-08,7030
1609,大亞,14,0,14,致和證券,2023-11-08,7030
6841,長佳智能,14,0,14,致和證券,2023-11-08,7030
3322,建舜電,13,0,13,致和證券,2023-11-08,7030
8110,華東,13,0,13,致和證券,2023-11-08,7030
2002,中鋼,30,18,12,致和證券,2023-11-08,7030
2607,榮運,12,0,12,致和證券,2023-11-08,7030
2816,旺旺保,12,0,12,致和證券,2023-11-08,7030
00753L,中信中國50正2,30,20,10,致和證券,2023-11-08,7030
2891,中信金,11,2,9,致和證券,2023-11-08,7030
4977,眾達-KY,9,0,9,致和證券,2023-11-08,7030
4707,磐亞,8,0,8,致和證券,2023-11-08,7030
1815,富喬,34,28,6,致和證券,2023-11-08,7030
2371,大同,6,0,6,致和證券,2023-11-08,7030
3622,洋華,9,3,6,致和證券,2023-11-08,7030
2603,長榮,5,0,5,致和證券,2023-11-08,7030
00919,群益台灣精選高息,5,0,5,致和證券,2023-11-08,7030
00687B,國泰20年美債,5,0,5,致和證券,2023-11-08,7030
00885,富邦越南,5,0,5,致和證券,2023-11-08,7030
1440,南紡,5,0,5,致和證券,2023-11-08,7030
1605,華新,6,1,5,致和證券,2023-11-08,7030
2515,中工,5,0,5,致和證券,2023-11-08,7030
2634,漢翔,16,11,5,致和證券,2023-11-08,7030
2739,寒舍,5,0,5,致和證券,2023-11-08,7030
3234,光環,5,0,5,致和證券,2023-11-08,7030
3680,家登,5,0,5,致和證券,2023-11-08,7030
5425,台半,5,0,5,致和證券,2023-11-08,7030
8390,金益鼎,5,0,5,致和證券,2023-11-08,7030
1789,神隆,4,0,4,致和證券,2023-11-08,7030
2388,威盛,7,3,4,致和證券,2023-11-08,7030
4119,旭富,4,0,4,致和證券,2023-11-08,7030
8070,長華*,4,0,4,致和證券,2023-11-08,7030
1785,光洋科,3,0,3,致和證券,2023-11-08,7030
00720B,元大投資級公司債,3,0,3,致和證券,2023-11-08,7030
1409,新纖,3,0,3,致和證券,2023-11-08,7030
2033,佳大,3,0,3,致和證券,2023-11-08,7030
2421,建準,3,0,3,致和證券,2023-11-08,7030
2495,普安,4,1,3,致和證券,2023-11-08,7030
2732,六角,3,0,3,致和證券,2023-11-08,7030
3317,尼克森,3,0,3,致和證券,2023-11-08,7030
3406,玉晶光,3,0,3,致和證券,2023-11-08,7030
3176,基亞,183,1,182,致和證券,2023-11-09,7030
6603,富強鑫,51,0,51,致和證券,2023-11-09,7030
00715L,期街口布蘭特正2,37,1,36,致和證券,2023-11-09,7030
6125,廣運,31,3,28,致和證券,2023-11-09,7030
2002,中鋼,32,6,26,致和證券,2023-11-09,7030
2356,英業達,41,16,25,致和證券,2023-11-09,7030
2369,菱生,21,0,21,致和證券,2023-11-09,7030
2801,彰銀,21,0,21,致和證券,2023-11-09,7030
1714,和桐,20,0,20,致和證券,2023-11-09,7030
00757,統一FANG+,18,0,18,致和證券,2023-11-09,7030
3013,晟銘電,13,0,13,致和證券,2023-11-09,7030
1815,富喬,18,7,11,致和證券,2023-11-09,7030
2313,華通,26,15,11,致和證券,2023-11-09,7030
00929,復華台灣科技優息,12,2,10,致和證券,2023-11-09,7030
00687B,國泰20年美債,10,0,10,致和證券,2023-11-09,7030
2337,旺宏,25,15,10,致和證券,2023-11-09,7030
2385,群光,15,5,10,致和證券,2023-11-09,7030
2492,華新科,15,5,10,致和證券,2023-11-09,7030
3094,聯傑,12,4,8,致和證券,2023-11-09,7030
2538,基泰,7,0,7,致和證券,2023-11-09,7030
2618,長榮航,33,26,7,致和證券,2023-11-09,7030
1216,統一,6,0,6,致和證券,2023-11-09,7030
3704,合勤控,7,1,6,致和證券,2023-11-09,7030
5206,坤悅,6,0,6,致和證券,2023-11-09,7030
9907,統一實,6,0,6,致和證券,2023-11-09,7030
00632R,元大台灣50反1,5,0,5,致和證券,2023-11-09,7030
00919,群益台灣精選高息,5,0,5,致和證券,2023-11-09,7030
2025,千興,5,0,5,致和證券,2023-11-09,7030
2033,佳大,5,0,5,致和證券,2023-11-09,7030
2402,毅嘉,5,0,5,致和證券,2023-11-09,7030
2607,榮運,5,0,5,致和證券,2023-11-09,7030
2610,華航,10,5,5,致和證券,2023-11-09,7030
2736,富野,5,0,5,致和證券,2023-11-09,7030
2888,新光金,5,0,5,致和證券,2023-11-09,7030
3265,台星科,5,0,5,致和證券,2023-11-09,7030
4977,眾達-KY,5,0,5,致和證券,2023-11-09,7030
6278,台表科,5,0,5,致和證券,2023-11-09,7030
8240,華宏,5,0,5,致和證券,2023-11-09,7030
2363,矽統,31,27,4,致和證券,2023-11-09,7030
1101,台泥,4,0,4,致和證券,2023-11-09,7030
1609,大亞,4,0,4,致和證券,2023-11-09,7030
2408,南亞科,4,0,4,致和證券,2023-11-09,7030
2816,旺旺保,4,0,4,致和證券,2023-11-09,7030
3041,揚智,4,0,4,致和證券,2023-11-09,7030
4105,東洋,4,0,4,致和證券,2023-11-09,7030
4306,炎洲,4,0,4,致和證券,2023-11-09,7030
4906,正文,4,0,4,致和證券,2023-11-09,7030
6244,茂迪,4,0,4,致和證券,2023-11-09,7030
8043,蜜望實,5,1,4,致和證券,2023-11-09,7030
8163,達方,7,3,4,致和證券,2023-11-09,7030
3362,先進光,60,0,60,致和證券,2023-11-10,7030
2890,永豐金,50,0,50,致和證券,2023-11-10,7030
2353,宏��,34,0,34,致和證券,2023-11-10,7030
2201,裕隆,32,0,32,致和證券,2023-11-10,7030
00929,復華台灣科技優息,32,3,29,致和證券,2023-11-10,7030
00878,國泰永續高股息,26,0,26,致和證券,2023-11-10,7030
2888,新光金,24,0,24,致和證券,2023-11-10,7030
2801,彰銀,21,0,21,致和證券,2023-11-10,7030
1528,恩德,20,0,20,致和證券,2023-11-10,7030
5880,合庫金,20,0,20,致和證券,2023-11-10,7030
3041,揚智,18,1,17,致和證券,2023-11-10,7030
4129,聯合,17,0,17,致和證券,2023-11-10,7030
5519,隆大,19,2,17,致和證券,2023-11-10,7030
2607,榮運,15,0,15,致和證券,2023-11-10,7030
3141,晶宏,15,0,15,致和證券,2023-11-10,7030
5871,中租-KY,15,0,15,致和證券,2023-11-10,7030
0056,元大高股息,13,0,13,致和證券,2023-11-10,7030
2363,矽統,40,28,12,致和證券,2023-11-10,7030
3231,緯創,42,30,12,致和證券,2023-11-10,7030
1210,大成,10,0,10,致和證券,2023-11-10,7030
1216,統一,10,0,10,致和證券,2023-11-10,7030
1402,遠東新,10,0,10,致和證券,2023-11-10,7030
00679B,元大美債20年,10,0,10,致和證券,2023-11-10,7030
00919,群益台灣精選高息,11,1,10,致和證券,2023-11-10,7030
2337,旺宏,15,5,10,致和證券,2023-11-10,7030
2886,兆豐金,10,0,10,致和證券,2023-11-10,7030
2892,第一金,10,0,10,致和證券,2023-11-10,7030
2913,農林,10,0,10,致和證券,2023-11-10,7030
3265,台星科,10,0,10,致和證券,2023-11-10,7030
2408,南亞科,10,1,9,致和證券,2023-11-10,7030
2538,基泰,8,0,8,致和證券,2023-11-10,7030
2883,凱基金,8,0,8,致和證券,2023-11-10,7030
3236,千如,10,2,8,致和證券,2023-11-10,7030
3176,基亞,7,0,7,致和證券,2023-11-10,7030
3025,星通,6,0,6,致和證券,2023-11-10,7030
4572,駐龍,6,0,6,致和證券,2023-11-10,7030
2882,國泰金,6,0,6,致和證券,2023-11-10,7030
00935,野村臺灣新科技50,5,0,5,致和證券,2023-11-10,7030
0050,元大台灣50,5,0,5,致和證券,2023-11-10,7030
00722B,群益投資級電信債,5,0,5,致和證券,2023-11-10,7030
4532,瑞智,5,0,5,致和證券,2023-11-10,7030
4961,天鈺,5,0,5,致和證券,2023-11-10,7030
5351,鈺創,5,0,5,致和證券,2023-11-10,7030
5608,四維航,5,0,5,致和證券,2023-11-10,7030
6188,廣明,7,2,5,致和證券,2023-11-10,7030
8033,雷虎,5,0,5,致和證券,2023-11-10,7030
1447,力鵬,4,0,4,致和證券,2023-11-10,7030
1514,亞力,20,16,4,致和證券,2023-11-10,7030
00757,統一FANG+,4,0,4,致和證券,2023-11-10,7030
1815,富喬,18,14,4,致和證券,2023-11-10,7030
2323,中環,50,0,50,致和證券,2023-11-13,7030
2017,官田鋼,31,0,31,致和證券,2023-11-13,7030
2382,廣達,49,19,30,致和證券,2023-11-13,7030
6156,松上,22,0,22,致和證券,2023-11-13,7030
2801,彰銀,20,0,20,致和證券,2023-11-13,7030
3050,鈺德,16,0,16,致和證券,2023-11-13,7030
4129,聯合,14,0,14,致和證券,2023-11-13,7030
6005,群益證,12,0,12,致和證券,2023-11-13,7030
2313,華通,37,26,11,致和證券,2023-11-13,7030
6770,力積電,15,4,11,致和證券,2023-11-13,7030
00720B,元大投資級公司債,10,0,10,致和證券,2023-11-13,7030
1522,堤維西,10,0,10,致和證券,2023-11-13,7030
3032,偉訓,10,0,10,致和證券,2023-11-13,7030
6167,久正,10,0,10,致和證券,2023-11-13,7030
1815,富喬,14,6,8,致和證券,2023-11-13,7030
6901,鑽石投資,12,5,7,致和證券,2023-11-13,7030
1584,精剛,7,0,7,致和證券,2023-11-13,7030
4306,炎洲,7,0,7,致和證券,2023-11-13,7030
00878,國泰永續高股息,6,0,6,致和證券,2023-11-13,7030
00712,復華富時不動產,6,0,6,致和證券,2023-11-13,7030
00679B,元大美債20年,6,0,6,致和證券,2023-11-13,7030
2331,精英,16,10,6,致和證券,2023-11-13,7030
2402,毅嘉,6,0,6,致和證券,2023-11-13,7030
2618,長榮航,41,35,6,致和證券,2023-11-13,7030
5230,雷笛克光學,7,1,6,致和證券,2023-11-13,7030
1609,大亞,5,0,5,致和證券,2023-11-13,7030
1101,台泥,5,0,5,致和證券,2023-11-13,7030
1808,潤隆,6,1,5,致和證券,2023-11-13,7030
2377,微星,5,0,5,致和證券,2023-11-13,7030
2820,華票,5,0,5,致和證券,2023-11-13,7030
3703,欣陸,5,0,5,致和證券,2023-11-13,7030
4536,拓凱,5,0,5,致和證券,2023-11-13,7030
4930,燦星網,6,1,5,致和證券,2023-11-13,7030
5353,台林,5,0,5,致和證券,2023-11-13,7030
8163,達方,5,0,5,致和證券,2023-11-13,7030
4142,國光生,4,0,4,致和證券,2023-11-13,7030
5213,亞昕,6,2,4,致和證券,2023-11-13,7030
6657,華安,4,0,4,致和證券,2023-11-13,7030
8215,明基材,4,0,4,致和證券,2023-11-13,7030
8488,吉源-KY,4,0,4,致和證券,2023-11-13,7030
9933,中鼎,4,0,4,致和證券,2023-11-13,7030
00632R,元大台灣50反1,3,0,3,致和證券,2023-11-13,7030
1447,力鵬,3,0,3,致和證券,2023-11-13,7030
1752,南光,3,0,3,致和證券,2023-11-13,7030
2301,光寶科,5,2,3,致和證券,2023-11-13,7030
3071,協禧,3,0,3,致和證券,2023-11-13,7030
4105,東洋,3,0,3,致和證券,2023-11-13,7030
8422,可寧衛,3,0,3,致和證券,2023-11-13,7030
1524,耿鼎,6,4,2,致和證券,2023-11-13,7030
1460,宏遠,2,0,2,致和證券,2023-11-13,7030
00936,台新永續高息中小,100,0,100,致和證券,2023-11-14,7030
6901,鑽石投資,28,0,28,致和證券,2023-11-14,7030
3231,緯創,36,9,27,致和證券,2023-11-14,7030
00929,復華台灣科技優息,30,6,24,致和證券,2023-11-14,7030
3512,皇龍,23,0,23,致和證券,2023-11-14,7030
00679B,元大美債20年,20,0,20,致和證券,2023-11-14,7030
2801,彰銀,20,0,20,致和證券,2023-11-14,7030
2427,三商電,23,4,19,致和證券,2023-11-14,7030
1504,東元,14,0,14,致和證券,2023-11-14,7030
6122,擎邦,14,0,14,致和證券,2023-11-14,7030
2460,建通,13,0,13,致和證券,2023-11-14,7030
6589,台康生技,13,0,13,致和證券,2023-11-14,7030
1210,大成,12,0,12,致和證券,2023-11-14,7030
00878,國泰永續高股息,12,0,12,致和證券,2023-11-14,7030
2356,英業達,29,18,11,致和證券,2023-11-14,7030
3406,玉晶光,10,0,10,致和證券,2023-11-14,7030
00632R,元大台灣50反1,10,0,10,致和證券,2023-11-14,7030
00903,富邦元宇宙,10,0,10,致和證券,2023-11-14,7030
2332,友訊,10,0,10,致和證券,2023-11-14,7030
2462,良得電,10,0,10,致和證券,2023-11-14,7030
2609,陽明,15,5,10,致和證券,2023-11-14,7030
2880,華南金,10,0,10,致和證券,2023-11-14,7030
3703,欣陸,10,0,10,致和證券,2023-11-14,7030
5512,力麒,10,0,10,致和證券,2023-11-14,7030
8046,南電,10,0,10,致和證券,2023-11-14,7030
8927,北基,10,0,10,致和證券,2023-11-14,7030
6125,廣運,10,0,10,致和證券,2023-11-14,7030
1568,倉佑,13,4,9,致和證券,2023-11-14,7030
00919,群益台灣精選高息,13,4,9,致和證券,2023-11-14,7030
2486,一詮,10,1,9,致和證券,2023-11-14,7030
2618,長榮航,10,2,8,致和證券,2023-11-14,7030
2705,六福,8,0,8,致和證券,2023-11-14,7030
00882,中信中國高股息,7,0,7,致和證券,2023-11-14,7030
2369,菱生,7,0,7,致和證券,2023-11-14,7030
5452,佶優,9,2,7,致和證券,2023-11-14,7030
6278,台表科,6,0,6,致和證券,2023-11-14,7030
2313,華通,30,24,6,致和證券,2023-11-14,7030
2352,佳世達,6,0,6,致和證券,2023-11-14,7030
2484,希華,6,0,6,致和證券,2023-11-14,7030
6282,康舒,6,0,6,致和證券,2023-11-14,7030
8054,安國,8,2,6,致和證券,2023-11-14,7030
2884,玉山金,5,0,5,致和證券,2023-11-14,7030
1721,三晃,10,5,5,致和證券,2023-11-14,7030
1522,堤維西,6,1,5,致和證券,2023-11-14,7030
00692,富邦公司治理,5,0,5,致和證券,2023-11-14,7030
00907,永豐優息存股,5,0,5,致和證券,2023-11-14,7030
3265,台星科,10,5,5,致和證券,2023-11-14,7030
3306,鼎天,5,0,5,致和證券,2023-11-14,7030
4572,駐龍,5,0,5,致和證券,2023-11-14,7030
5243,乙盛-KY,5,0,5,致和證券,2023-11-14,7030
5521,工信,419,0,419,致和證券,2023-11-15,7030
00900,富邦特選高股息30,85,2,83,致和證券,2023-11-15,7030
3362,先進光,40,2,38,致和證券,2023-11-15,7030
2376,技嘉,31,0,31,致和證券,2023-11-15,7030
2405,輔信,24,0,24,致和證券,2023-11-15,7030
6770,力積電,26,3,23,致和證券,2023-11-15,7030
2356,英業達,40,18,22,致和證券,2023-11-15,7030
2887,台新金,20,0,20,致和證券,2023-11-15,7030
3236,千如,20,0,20,致和證券,2023-11-15,7030
2449,京元電子,17,0,17,致和證券,2023-11-15,7030
00679B,元大美債20年,17,0,17,致和證券,2023-11-15,7030
3605,宏致,15,0,15,致和證券,2023-11-15,7030
5871,中租-KY,20,8,12,致和證券,2023-11-15,7030
3704,合勤控,12,1,11,致和證券,2023-11-15,7030
1612,宏泰,10,0,10,致和證券,2023-11-15,7030
1702,南僑,10,0,10,致和證券,2023-11-15,7030
00882,中信中國高股息,10,0,10,致和證券,2023-11-15,7030
00936,台新永續高息中小,10,0,10,致和證券,2023-11-15,7030
3276,宇環,14,4,10,致和證券,2023-11-15,7030
6283,淳安,10,0,10,致和證券,2023-11-15,7030
6901,鑽石投資,9,0,9,致和證券,2023-11-15,7030
2332,友訊,8,0,8,致和證券,2023-11-15,7030
2801,彰銀,11,3,8,致和證券,2023-11-15,7030
1815,富喬,21,14,7,致和證券,2023-11-15,7030
2374,佳能,7,0,7,致和證券,2023-11-15,7030
2402,毅嘉,9,2,7,致和證券,2023-11-15,7030
2002,中鋼,7,1,6,致和證券,2023-11-15,7030
2017,官田鋼,10,4,6,致和證券,2023-11-15,7030
8422,可寧衛,6,0,6,致和證券,2023-11-15,7030
3035,智原,10,5,5,致和證券,2023-11-15,7030
00632R,元大台灣50反1,5,0,5,致和證券,2023-11-15,7030
2359,所羅門,5,0,5,致和證券,2023-11-15,7030
2393,億光,5,0,5,致和證券,2023-11-15,7030
2607,榮運,7,2,5,致和證券,2023-11-15,7030
2834,臺企銀,5,0,5,致和證券,2023-11-15,7030
8403,盛弘,5,0,5,致和證券,2023-11-15,7030
2317,鴻海,5,1,4,致和證券,2023-11-15,7030
2328,廣宇,4,0,4,致和證券,2023-11-15,7030
2353,宏��,8,4,4,致和證券,2023-11-15,7030
2610,華航,18,14,4,致和證券,2023-11-15,7030
2634,漢翔,9,5,4,致和證券,2023-11-15,7030
3706,神達,4,0,4,致和證券,2023-11-15,7030
6005,群益證,4,0,4,致和證券,2023-11-15,7030
1447,力鵬,4,1,3,致和證券,2023-11-15,7030
1217,愛之味,3,0,3,致和證券,2023-11-15,7030
2020,美亞,3,0,3,致和證券,2023-11-15,7030
3078,僑威,3,0,3,致和證券,2023-11-15,7030
3406,玉晶光,3,0,3,致和證券,2023-11-15,7030
3483,力致,3,0,3,致和證券,2023-11-15,7030
4188,安克,3,0,3,致和證券,2023-11-15,7030
00882,中信中國高股息,50,5,45,致和證券,2023-11-16,7030
0056,元大高股息,27,0,27,致和證券,2023-11-16,7030
6790,永豐實,25,0,25,致和證券,2023-11-16,7030
6589,台康生技,20,0,20,致和證券,2023-11-16,7030
9919,康那香,20,0,20,致和證券,2023-11-16,7030
1605,華新,21,3,18,致和證券,2023-11-16,7030
2352,佳世達,24,8,16,致和證券,2023-11-16,7030
2610,華航,46,30,16,致和證券,2023-11-16,7030
4977,眾達-KY,16,0,16,致和證券,2023-11-16,7030
5512,力麒,15,0,15,致和證券,2023-11-16,7030
6661,威健生技,15,0,15,致和證券,2023-11-16,7030
2913,農林,13,0,13,致和證券,2023-11-16,7030
2405,輔信,12,0,12,致和證券,2023-11-16,7030
2371,大同,12,1,11,致和證券,2023-11-16,7030
2883,凱基金,20,9,11,致和證券,2023-11-16,7030
00902,中信電池及儲能,10,0,10,致和證券,2023-11-16,7030
00715L,期街口布蘭特正2,10,0,10,致和證券,2023-11-16,7030
2105,正新,10,0,10,致和證券,2023-11-16,7030
2421,建準,10,0,10,致和證券,2023-11-16,7030
2607,榮運,10,0,10,致和證券,2023-11-16,7030
3372,典範,10,0,10,致和證券,2023-11-16,7030
4533,協易機,10,0,10,致和證券,2023-11-16,7030
4953,緯軟,10,0,10,致和證券,2023-11-16,7030
9935,慶豐富,10,0,10,致和證券,2023-11-16,7030
3062,建漢,10,1,9,致和證券,2023-11-16,7030
8455,大拓-KY,9,0,9,致和證券,2023-11-16,7030
2329,華泰,32,24,8,致和證券,2023-11-16,7030
3362,先進光,8,0,8,致和證券,2023-11-16,7030
5324,士開,8,0,8,致和證券,2023-11-16,7030
2206,三陽工業,9,1,8,致和證券,2023-11-16,7030
2359,所羅門,7,0,7,致和證券,2023-11-16,7030
1101,台泥,6,0,6,致和證券,2023-11-16,7030
2363,矽統,38,32,6,致和證券,2023-11-16,7030
3252,海灣,6,0,6,致和證券,2023-11-16,7030
1447,力鵬,5,0,5,致和證券,2023-11-16,7030
2332,友訊,5,0,5,致和證券,2023-11-16,7030
2382,廣達,11,6,5,致和證券,2023-11-16,7030
2537,聯上發,5,0,5,致和證券,2023-11-16,7030
2745,五福,5,0,5,致和證券,2023-11-16,7030
2801,彰銀,6,1,5,致和證券,2023-11-16,7030
3666,光耀,5,0,5,致和證券,2023-11-16,7030
4129,聯合,5,0,5,致和證券,2023-11-16,7030
6213,聯茂,5,0,5,致和證券,2023-11-16,7030
6290,良維,5,0,5,致和證券,2023-11-16,7030
6432,今展科,5,0,5,致和證券,2023-11-16,7030
2344,華邦電,9,4,5,致和證券,2023-11-16,7030
00936,台新永續高息中小,4,0,4,致和證券,2023-11-16,7030
00679B,元大美債20年,4,0,4,致和證券,2023-11-16,7030
2409,友達,6,2,4,致和證券,2023-11-16,7030
3515,華擎,4,0,4,致和證券,2023-11-16,7030
2888,新光金,406,0,406,致和證券,2023-11-17,7030
6589,台康生技,56,0,56,致和證券,2023-11-17,7030
3362,先進光,40,1,39,致和證券,2023-11-17,7030
3231,緯創,37,13,24,致和證券,2023-11-17,7030
0056,元大高股息,24,2,22,致和證券,2023-11-17,7030
00753L,中信中國50正2,20,0,20,致和證券,2023-11-17,7030
00715L,期街口布蘭特正2,25,5,20,致和證券,2023-11-17,7030
3675,德微,20,0,20,致和證券,2023-11-17,7030
1432,大魯閣,20,1,19,致和證券,2023-11-17,7030
3265,台星科,20,5,15,致和證券,2023-11-17,7030
6220,岳豐,15,0,15,致和證券,2023-11-17,7030
2605,新興,35,21,14,致和證券,2023-11-17,7030
2301,光寶科,12,0,12,致和證券,2023-11-17,7030
1308,亞聚,10,0,10,致和證券,2023-11-17,7030
2890,永豐金,10,0,10,致和證券,2023-11-17,7030
3028,增你強,10,0,10,致和證券,2023-11-17,7030
3038,全台,10,0,10,致和證券,2023-11-17,7030
4938,和碩,12,2,10,致和證券,2023-11-17,7030
5905,南仁湖,10,0,10,致和證券,2023-11-17,7030
6167,久正,10,0,10,致和證券,2023-11-17,7030
2352,佳世達,9,0,9,致和證券,2023-11-17,7030
2363,矽統,44,35,9,致和證券,2023-11-17,7030
6770,力積電,12,3,9,致和證券,2023-11-17,7030
6270,倍微,7,0,7,致和證券,2023-11-17,7030
6531,愛普*,11,4,7,致和證券,2023-11-17,7030
2328,廣宇,6,0,6,致和證券,2023-11-17,7030
2387,精元,6,0,6,致和證券,2023-11-17,7030
5009,榮剛,16,10,6,致和證券,2023-11-17,7030
5457,宣德,6,0,6,致和證券,2023-11-17,7030
6790,永豐實,6,0,6,致和證券,2023-11-17,7030
1312,國喬,5,0,5,致和證券,2023-11-17,7030
2201,裕隆,5,0,5,致和證券,2023-11-17,7030
2355,敬鵬,27,22,5,致和證券,2023-11-17,7030
2462,良得電,5,0,5,致和證券,2023-11-17,7030
2481,強茂,5,0,5,致和證券,2023-11-17,7030
3017,奇鋐,9,4,5,致和證券,2023-11-17,7030
8034,榮群,7,2,5,致和證券,2023-11-17,7030
2886,兆豐金,4,0,4,致和證券,2023-11-17,7030
6186,新潤,4,0,4,致和證券,2023-11-17,7030
6661,威健生技,4,0,4,致和證券,2023-11-17,7030
1612,宏泰,3,0,3,致和證券,2023-11-17,7030
1609,大亞,4,1,3,致和證券,2023-11-17,7030
1504,東元,3,0,3,致和證券,2023-11-17,7030
1515,力山,4,1,3,致和證券,2023-11-17,7030
1455,集盛,3,0,3,致和證券,2023-11-17,7030
1217,愛之味,3,0,3,致和證券,2023-11-17,7030
2488,漢平,3,0,3,致和證券,2023-11-17,7030
2511,太子,3,0,3,致和證券,2023-11-17,7030
2634,漢翔,5,2,3,致和證券,2023-11-17,7030
2637,慧洋-KY,3,0,3,致和證券,2023-11-17,7030
2017,官田鋼,300,2,298,致和證券,2023-11-20,7030
3576,聯合再生,104,2,102,致和證券,2023-11-20,7030
00936,台新永續高息中小,50,0,50,致和證券,2023-11-20,7030
00680L,元大美債20正2,50,0,50,致和證券,2023-11-20,7030
2888,新光金,59,10,49,致和證券,2023-11-20,7030
3265,台星科,20,0,20,致和證券,2023-11-20,7030
2201,裕隆,17,1,16,致和證券,2023-11-20,7030
2344,華邦電,16,1,15,致和證券,2023-11-20,7030
2516,新建,24,10,14,致和證券,2023-11-20,7030
3176,基亞,14,0,14,致和證券,2023-11-20,7030
6220,岳豐,14,0,14,致和證券,2023-11-20,7030
0056,元大高股息,14,1,13,致和證券,2023-11-20,7030
3043,科風,13,0,13,致和證券,2023-11-20,7030
2801,彰銀,20,8,12,致和證券,2023-11-20,7030
2915,潤泰全,12,0,12,致和證券,2023-11-20,7030
00919,群益台灣精選高息,12,1,11,致和證券,2023-11-20,7030
2641,正德,11,0,11,致和證券,2023-11-20,7030
3013,晟銘電,15,4,11,致和證券,2023-11-20,7030
00934,中信成長高股息,10,0,10,致和證券,2023-11-20,7030
3675,德微,10,0,10,致和證券,2023-11-20,7030
2356,英業達,19,10,9,致和證券,2023-11-20,7030
2705,六福,30,21,9,致和證券,2023-11-20,7030
2312,金寶,11,3,8,致和證券,2023-11-20,7030
2610,華航,12,4,8,致和證券,2023-11-20,7030
6168,宏齊,10,3,7,致和證券,2023-11-20,7030
00878,國泰永續高股息,6,0,6,致和證券,2023-11-20,7030
2105,正新,6,0,6,致和證券,2023-11-20,7030
2303,聯電,17,11,6,致和證券,2023-11-20,7030
2603,長榮,6,0,6,致和證券,2023-11-20,7030
3711,日月光投控,6,0,6,致和證券,2023-11-20,7030
9928,中視,6,0,6,致和證券,2023-11-20,7030
9945,潤泰新,6,0,6,致和證券,2023-11-20,7030
1339,昭輝,10,5,5,致和證券,2023-11-20,7030
00679B,元大美債20年,5,0,5,致和證券,2023-11-20,7030
3680,家登,5,0,5,致和證券,2023-11-20,7030
4938,和碩,5,0,5,致和證券,2023-11-20,7030
00929,復華台灣科技優息,11,6,5,致和證券,2023-11-20,7030
1522,堤維西,4,0,4,致和證券,2023-11-20,7030
1101,台泥,4,0,4,致和證券,2023-11-20,7030
2033,佳大,4,0,4,致和證券,2023-11-20,7030
2722,夏都,4,0,4,致和證券,2023-11-20,7030
3380,明泰,6,2,4,致和證券,2023-11-20,7030
6488,環球晶,4,0,4,致和證券,2023-11-20,7030
1598,岱宇,3,0,3,致和證券,2023-11-20,7030
1568,倉佑,3,0,3,致和證券,2023-11-20,7030
3432,台端,3,0,3,致和證券,2023-11-20,7030
5864,致和證,3,0,3,致和證券,2023-11-20,7030
6108,競國,5,2,3,致和證券,2023-11-20,7030
6127,九豪,8,5,3,致和證券,2023-11-20,7030
6531,愛普*,3,0,3,致和證券,2023-11-20,7030
00929,復華台灣科技優息,116,2,114,致和證券,2023-11-21,7030
6139,亞翔,52,2,50,致和證券,2023-11-21,7030
6285,啟��,50,3,47,致和證券,2023-11-21,7030
2867,三商壽,50,12,38,致和證券,2023-11-21,7030
2367,燿華,68,35,33,致和證券,2023-11-21,7030
2401,凌陽,26,2,24,致和證券,2023-11-21,7030
3047,訊舟,30,9,21,致和證券,2023-11-21,7030
2636,台驊控股,16,0,16,致和證券,2023-11-21,7030
6220,岳豐,16,0,16,致和證券,2023-11-21,7030
6191,精成科,18,5,13,致和證券,2023-11-21,7030
1101,台泥,13,2,11,致和證券,2023-11-21,7030
00712,復華富時不動產,11,0,11,致和證券,2023-11-21,7030
00922,國泰台灣領袖50,10,0,10,致和證券,2023-11-21,7030
00931B,統一美債20年,10,0,10,致和證券,2023-11-21,7030
1815,富喬,16,6,10,致和證券,2023-11-21,7030
2014,中鴻,10,0,10,致和證券,2023-11-21,7030
3532,台勝科,10,0,10,致和證券,2023-11-21,7030
5512,力麒,10,0,10,致和證券,2023-11-21,7030
6005,群益證,10,0,10,致和證券,2023-11-21,7030
2303,聯電,20,11,9,致和證券,2023-11-21,7030
2883,凱基金,20,11,9,致和證券,2023-11-21,7030
3141,晶宏,10,1,9,致和證券,2023-11-21,7030
1312,國喬,7,0,7,致和證券,2023-11-21,7030
3704,合勤控,7,0,7,致和證券,2023-11-21,7030
6233,旺玖,8,1,7,致和證券,2023-11-21,7030
2344,華邦電,8,1,7,致和證券,2023-11-21,7030
3276,宇環,6,0,6,致和證券,2023-11-21,7030
3535,晶彩科,6,0,6,致和證券,2023-11-21,7030
3675,德微,6,0,6,致和證券,2023-11-21,7030
00679B,元大美債20年,5,0,5,致和證券,2023-11-21,7030
00632R,元大台灣50反1,5,0,5,致和證券,2023-11-21,7030
00692,富邦公司治理,5,0,5,致和證券,2023-11-21,7030
2390,云辰,5,0,5,致和證券,2023-11-21,7030
2436,偉詮電,6,1,5,致和證券,2023-11-21,7030
3023,信邦,5,0,5,致和證券,2023-11-21,7030
3504,揚明光,7,2,5,致和證券,2023-11-21,7030
3512,皇龍,7,2,5,致和證券,2023-11-21,7030
3706,神達,5,0,5,致和證券,2023-11-21,7030
3715,定穎投控,8,3,5,致和證券,2023-11-21,7030
6188,廣明,5,0,5,致和證券,2023-11-21,7030
8488,吉源-KY,5,0,5,致和證券,2023-11-21,7030
9933,中鼎,5,0,5,致和證券,2023-11-21,7030
1314,中石化,4,0,4,致和證券,2023-11-21,7030
1447,力鵬,4,0,4,致和證券,2023-11-21,7030
1810,和成,4,0,4,致和證券,2023-11-21,7030
2033,佳大,4,0,4,致和證券,2023-11-21,7030
2427,三商電,4,0,4,致和證券,2023-11-21,7030
2645,長榮航太,4,0,4,致和證券,2023-11-21,7030
3652,精聯,4,0,4,致和證券,2023-11-21,7030
5519,隆大,4,0,4,致和證券,2023-11-21,7030
5521,工信,494,0,494,致和證券,2023-11-22,7030
00934,中信成長高股息,110,0,110,致和證券,2023-11-22,7030
3231,緯創,72,7,65,致和證券,2023-11-22,7030
1101,台泥,36,1,35,致和證券,2023-11-22,7030
2356,英業達,40,8,32,致和證券,2023-11-22,7030
6220,岳豐,28,0,28,致和證券,2023-11-22,7030
6125,廣運,29,4,25,致和證券,2023-11-22,7030
3325,旭品,32,10,22,致和證券,2023-11-22,7030
3576,聯合再生,22,0,22,致和證券,2023-11-22,7030
00706L,期元大S＆P日圓正2,20,0,20,致和證券,2023-11-22,7030
2801,彰銀,20,0,20,致和證券,2023-11-22,7030
2883,凱基金,21,1,20,致和證券,2023-11-22,7030
6005,群益證,20,0,20,致和證券,2023-11-22,7030
00929,復華台灣科技優息,18,0,18,致和證券,2023-11-22,7030
00919,群益台灣精選高息,17,0,17,致和證券,2023-11-22,7030
6770,力積電,14,0,14,致和證券,2023-11-22,7030
4938,和碩,12,0,12,致和證券,2023-11-22,7030
2363,矽統,38,27,11,致和證券,2023-11-22,7030
00679B,元大美債20年,10,0,10,致和證券,2023-11-22,7030
00687B,國泰20年美債,10,0,10,致和證券,2023-11-22,7030
1514,亞力,10,0,10,致和證券,2023-11-22,7030
2365,昆盈,10,0,10,致和證券,2023-11-22,7030
3056,富華新,10,0,10,致和證券,2023-11-22,7030
3062,建漢,10,0,10,致和證券,2023-11-22,7030
2352,佳世達,9,0,9,致和證券,2023-11-22,7030
6191,精成科,10,1,9,致和證券,2023-11-22,7030
2353,宏��,12,4,8,致和證券,2023-11-22,7030
3260,威剛,8,0,8,致和證券,2023-11-22,7030
4961,天鈺,13,5,8,致和證券,2023-11-22,7030
8358,金居,8,0,8,致和證券,2023-11-22,7030
2201,裕隆,7,0,7,致和證券,2023-11-22,7030
3706,神達,6,0,6,致和證券,2023-11-22,7030
6488,環球晶,6,0,6,致和證券,2023-11-22,7030
2317,鴻海,6,1,5,致和證券,2023-11-22,7030
2014,中鴻,5,0,5,致和證券,2023-11-22,7030
1217,愛之味,5,0,5,致和證券,2023-11-22,7030
2340,台亞,5,0,5,致和證券,2023-11-22,7030
2501,國建,5,0,5,致和證券,2023-11-22,7030
2636,台驊控股,5,0,5,致和證券,2023-11-22,7030
2701,萬企,5,0,5,致和證券,2023-11-22,7030
2748,雲品,6,1,5,致和證券,2023-11-22,7030
3014,聯陽,5,0,5,致和證券,2023-11-22,7030
3017,奇鋐,5,0,5,致和證券,2023-11-22,7030
4188,安克,5,0,5,致和證券,2023-11-22,7030
5302,太欣,5,0,5,致和證券,2023-11-22,7030
2344,華邦電,6,1,5,致和證券,2023-11-22,7030
2834,臺企銀,5,0,5,致和證券,2023-11-22,7030
3438,類比科,5,1,4,致和證券,2023-11-22,7030
4979,華星光,4,0,4,致和證券,2023-11-22,7030
2330,台積電,4,0,4,致和證券,2023-11-22,7030
2017,官田鋼,522,29,493,致和證券,2023-11-23,7030
3265,台星科,40,5,35,致和證券,2023-11-23,7030
00929,復華台灣科技優息,31,0,31,致和證券,2023-11-23,7030
6282,康舒,40,10,30,致和證券,2023-11-23,7030
00706L,期元大S＆P日圓正2,20,0,20,致和證券,2023-11-23,7030
3141,晶宏,20,1,19,致和證券,2023-11-23,7030
6168,宏齊,21,2,19,致和證券,2023-11-23,7030
8093,保銳,18,0,18,致和證券,2023-11-23,7030
2603,長榮,15,0,15,致和證券,2023-11-23,7030
2891,中信金,25,10,15,致和證券,2023-11-23,7030
6220,岳豐,15,0,15,致和證券,2023-11-23,7030
0056,元大高股息,13,0,13,致和證券,2023-11-23,7030
2468,華經,15,2,13,致和證券,2023-11-23,7030
2889,國票金,13,0,13,致和證券,2023-11-23,7030
2892,第一金,15,2,13,致和證券,2023-11-23,7030
00720B,元大投資級公司債,11,0,11,致和證券,2023-11-23,7030
2344,華邦電,12,1,11,致和證券,2023-11-23,7030
3025,星通,11,0,11,致和證券,2023-11-23,7030
6456,GIS-KY,12,1,11,致和證券,2023-11-23,7030
1609,大亞,10,0,10,致和證券,2023-11-23,7030
6153,嘉聯益,10,0,10,致和證券,2023-11-23,7030
3231,緯創,12,3,9,致和證券,2023-11-23,7030
2610,華航,11,2,9,致和證券,2023-11-23,7030
3652,精聯,9,0,9,致和證券,2023-11-23,7030
00919,群益台灣精選高息,18,10,8,致和證券,2023-11-23,7030
6169,昱泉,8,0,8,致和證券,2023-11-23,7030
6237,驊訊,10,2,8,致和證券,2023-11-23,7030
4961,天鈺,7,0,7,致和證券,2023-11-23,7030
6139,亞翔,9,2,7,致和證券,2023-11-23,7030
6271,同欣電,12,5,7,致和證券,2023-11-23,7030
00688L,國泰20年美債正2,6,0,6,致和證券,2023-11-23,7030
2338,光罩,6,0,6,致和證券,2023-11-23,7030
2476,鉅祥,6,0,6,致和證券,2023-11-23,7030
2482,連宇,8,2,6,致和證券,2023-11-23,7030
2883,凱基金,11,5,6,致和證券,2023-11-23,7030
2890,永豐金,6,0,6,致和證券,2023-11-23,7030
2906,高林,8,2,6,致和證券,2023-11-23,7030
3078,僑威,18,12,6,致和證券,2023-11-23,7030
6160,欣技,6,0,6,致和證券,2023-11-23,7030
8227,巨有科技,6,0,6,致和證券,2023-11-23,7030
6485,點序,10,4,6,致和證券,2023-11-23,7030
1218,泰山,5,0,5,致和證券,2023-11-23,7030
2329,華泰,6,1,5,致和證券,2023-11-23,7030
2365,昆盈,5,0,5,致和證券,2023-11-23,7030
2516,新建,7,2,5,致和證券,2023-11-23,7030
2886,兆豐金,5,0,5,致和證券,2023-11-23,7030
3149,正達,6,1,5,致和證券,2023-11-23,7030
3558,神準,5,0,5,致和證券,2023-11-23,7030
5515,建國,5,0,5,致和證券,2023-11-23,7030
6275,元山,8,3,5,致和證券,2023-11-23,7030
2888,新光金,160,0,160,致和證券,2023-11-24,7030
6443,元晶,60,0,60,致和證券,2023-11-24,7030
2017,官田鋼,50,0,50,致和證券,2023-11-24,7030
2486,一詮,32,1,31,致和證券,2023-11-24,7030
1611,中電,20,0,20,致和證券,2023-11-24,7030
1809,中釉,20,0,20,致和證券,2023-11-24,7030
2891,中信金,21,1,20,致和證券,2023-11-24,7030
3265,台星科,25,5,20,致和證券,2023-11-24,7030
5272,笙科,20,0,20,致和證券,2023-11-24,7030
5426,振發,17,0,17,致和證券,2023-11-24,7030
6220,岳豐,14,0,14,致和證券,2023-11-24,7030
6125,廣運,19,6,13,致和證券,2023-11-24,7030
3094,聯傑,22,10,12,致和證券,2023-11-24,7030
0056,元大高股息,11,0,11,致和證券,2023-11-24,7030
00720B,元大投資級公司債,10,0,10,致和證券,2023-11-24,7030
2356,英業達,10,0,10,致和證券,2023-11-24,7030
2367,燿華,12,2,10,致和證券,2023-11-24,7030
2615,萬海,10,0,10,致和證券,2023-11-24,7030
2867,三商壽,10,0,10,致和證券,2023-11-24,7030
3202,樺晟,10,0,10,致和證券,2023-11-24,7030
2382,廣達,9,0,9,致和證券,2023-11-24,7030
6841,長佳智能,9,0,9,致和證券,2023-11-24,7030
6901,鑽石投資,10,1,9,致和證券,2023-11-24,7030
5521,工信,10,2,8,致和證券,2023-11-24,7030
2353,宏��,12,5,7,致和證券,2023-11-24,7030
6235,華孚,6,0,6,致和證券,2023-11-24,7030
5009,榮剛,6,0,6,致和證券,2023-11-24,7030
6829,千附精密,6,0,6,致和證券,2023-11-24,7030
2457,飛宏,12,6,6,致和證券,2023-11-24,7030
1216,統一,6,1,5,致和證券,2023-11-24,7030
2637,慧洋-KY,5,0,5,致和證券,2023-11-24,7030
2838,聯邦銀,5,0,5,致和證券,2023-11-24,7030
3014,聯陽,5,0,5,致和證券,2023-11-24,7030
4915,致伸,5,0,5,致和證券,2023-11-24,7030
5515,建國,5,0,5,致和證券,2023-11-24,7030
6108,競國,10,5,5,致和證券,2023-11-24,7030
6191,精成科,5,0,5,致和證券,2023-11-24,7030
2033,佳大,4,0,4,致和證券,2023-11-24,7030
2317,鴻海,4,0,4,致和證券,2023-11-24,7030
2329,華泰,5,1,4,致和證券,2023-11-24,7030
3006,晶豪科,5,1,4,致和證券,2023-11-24,7030
5328,華容,4,0,4,致和證券,2023-11-24,7030
5351,鈺創,9,5,4,致和證券,2023-11-24,7030
6790,永豐實,4,0,4,致和證券,2023-11-24,7030
00878,國泰永續高股息,3,0,3,致和證券,2023-11-24,7030
1603,華電,3,0,3,致和證券,2023-11-24,7030
00751B,元大AAA至A公司債,3,0,3,致和證券,2023-11-24,7030
00679B,元大美債20年,3,0,3,致和證券,2023-11-24,7030
1217,愛之味,3,0,3,致和證券,2023-11-24,7030
1319,東陽,3,0,3,致和證券,2023-11-24,7030
00929,復華台灣科技優息,50,0,50,致和證券,2023-11-27,7030
00679B,元大美債20年,42,0,42,致和證券,2023-11-27,7030
00891,中信關鍵半導體,40,0,40,致和證券,2023-11-27,7030
3260,威剛,39,1,38,致和證券,2023-11-27,7030
1584,精剛,30,0,30,致和證券,2023-11-27,7030
2331,精英,30,1,29,致和證券,2023-11-27,7030
00931B,統一美債20年,22,0,22,致和證券,2023-11-27,7030
2382,廣達,25,4,21,致和證券,2023-11-27,7030
1432,大魯閣,20,0,20,致和證券,2023-11-27,7030
3231,緯創,51,33,18,致和證券,2023-11-27,7030
2468,華經,18,0,18,致和證券,2023-11-27,7030
6770,力積電,18,0,18,致和證券,2023-11-27,7030
00878,國泰永續高股息,15,0,15,致和證券,2023-11-27,7030
3265,台星科,15,0,15,致和證券,2023-11-27,7030
2344,華邦電,17,3,14,致和證券,2023-11-27,7030
2358,廷鑫,14,0,14,致和證券,2023-11-27,7030
6125,廣運,16,2,14,致和證券,2023-11-27,7030
2367,燿華,13,0,13,致和證券,2023-11-27,7030
2355,敬鵬,12,0,12,致和證券,2023-11-27,7030
6220,岳豐,12,0,12,致和證券,2023-11-27,7030
3252,海灣,11,0,11,致和證券,2023-11-27,7030
00753L,中信中國50正2,10,0,10,致和證券,2023-11-27,7030
00715L,期街口布蘭特正2,10,0,10,致和證券,2023-11-27,7030
5706,鳳凰,10,0,10,致和證券,2023-11-27,7030
6126,信音,10,0,10,致和證券,2023-11-27,7030
2634,漢翔,10,1,9,致和證券,2023-11-27,7030
2883,凱基金,9,0,9,致和證券,2023-11-27,7030
8996,高力,10,1,9,致和證券,2023-11-27,7030
1815,富喬,21,14,7,致和證券,2023-11-27,7030
0056,元大高股息,6,0,6,致和證券,2023-11-27,7030
2201,裕隆,6,0,6,致和證券,2023-11-27,7030
2412,中華電,6,0,6,致和證券,2023-11-27,7030
4306,炎洲,6,0,6,致和證券,2023-11-27,7030
5009,榮剛,6,0,6,致和證券,2023-11-27,7030
8072,陞泰,6,0,6,致和證券,2023-11-27,7030
8093,保銳,6,0,6,致和證券,2023-11-27,7030
2353,宏��,8,3,5,致和證券,2023-11-27,7030
00936,台新永續高息中小,5,0,5,致和證券,2023-11-27,7030
00712,復華富時不動產,5,0,5,致和證券,2023-11-27,7030
00898,國泰基因免疫革命,5,0,5,致和證券,2023-11-27,7030
00897,富邦基因免疫生技,5,0,5,致和證券,2023-11-27,7030
00881,國泰台灣5G+,5,0,5,致和證券,2023-11-27,7030
2014,中鴻,5,0,5,致和證券,2023-11-27,7030
2023,燁輝,5,0,5,致和證券,2023-11-27,7030
2211,長榮鋼,5,0,5,致和證券,2023-11-27,7030
2641,正德,5,0,5,致和證券,2023-11-27,7030
3078,僑威,7,2,5,致和證券,2023-11-27,7030
3535,晶彩科,5,0,5,致和證券,2023-11-27,7030
6122,擎邦,5,0,5,致和證券,2023-11-27,7030
8110,華東,5,0,5,致和證券,2023-11-27,7030
2303,聯電,150,20,130,致和證券,2023-11-28,7030
2002,中鋼,154,85,69,致和證券,2023-11-28,7030
2618,長榮航,27,0,27,致和證券,2023-11-28,7030
2883,凱基金,31,6,25,致和證券,2023-11-28,7030
2017,官田鋼,20,0,20,致和證券,2023-11-28,7030
2705,六福,19,0,19,致和證券,2023-11-28,7030
6173,信昌電,20,1,19,致和證券,2023-11-28,7030
3508,位速,11,0,11,致和證券,2023-11-28,7030
3260,威剛,11,1,10,致和證券,2023-11-28,7030
4743,合一,12,2,10,致和證券,2023-11-28,7030
8070,長華*,10,0,10,致和證券,2023-11-28,7030
8927,北基,10,0,10,致和證券,2023-11-28,7030
4120,友華,9,0,9,致和證券,2023-11-28,7030
00687B,國泰20年美債,8,0,8,致和證券,2023-11-28,7030
3231,緯創,10,2,8,致和證券,2023-11-28,7030
6589,台康生技,8,0,8,致和證券,2023-11-28,7030
1795,美時,7,1,6,致和證券,2023-11-28,7030
2382,廣達,7,1,6,致和證券,2023-11-28,7030
6275,元山,5,0,5,致和證券,2023-11-28,7030
1514,亞力,13,8,5,致和證券,2023-11-28,7030
2601,益航,5,0,5,致和證券,2023-11-28,7030
2867,三商壽,5,0,5,致和證券,2023-11-28,7030
4961,天鈺,5,0,5,致和證券,2023-11-28,7030
6274,台燿,9,4,5,致和證券,2023-11-28,7030
6578,達邦蛋白,5,0,5,致和證券,2023-11-28,7030
2617,台航,34,30,4,致和證券,2023-11-28,7030
3545,敦泰,6,2,4,致和證券,2023-11-28,7030
8093,保銳,4,0,4,致和證券,2023-11-28,7030
9919,康那香,4,0,4,致和證券,2023-11-28,7030
5347,世界,6,3,3,致和證券,2023-11-28,7030
1732,毛寶,3,0,3,致和證券,2023-11-28,7030
1529,樂事綠能,3,0,3,致和證券,2023-11-28,7030
2355,敬鵬,25,22,3,致和證券,2023-11-28,7030
2371,大同,3,0,3,致和證券,2023-11-28,7030
2472,立隆電,4,1,3,致和證券,2023-11-28,7030
2612,中航,5,2,3,致和證券,2023-11-28,7030
4188,安克,3,0,3,致和證券,2023-11-28,7030
4973,廣穎,3,0,3,致和證券,2023-11-28,7030
8024,佑華,3,0,3,致和證券,2023-11-28,7030
8401,白紗科,3,0,3,致和證券,2023-11-28,7030
0056,元大高股息,7,5,2,致和證券,2023-11-28,7030
00632R,元大台灣50反1,2,0,2,致和證券,2023-11-28,7030
1701,中化,2,0,2,致和證券,2023-11-28,7030
1752,南光,2,0,2,致和證券,2023-11-28,7030
2033,佳大,2,0,2,致和證券,2023-11-28,7030
2401,凌陽,7,5,2,致和證券,2023-11-28,7030
2405,輔信,2,0,2,致和證券,2023-11-28,7030
2515,中工,2,0,2,致和證券,2023-11-28,7030
2542,興富發,2,0,2,致和證券,2023-11-28,7030
2614,東森,2,0,2,致和證券,2023-11-28,7030
3056,富華新,54,0,54,致和證券,2023-11-29,7030
1101,台泥,41,1,40,致和證券,2023-11-29,7030
00929,復華台灣科技優息,34,4,30,致和證券,2023-11-29,7030
3047,訊舟,30,5,25,致和證券,2023-11-29,7030
2883,凱基金,28,7,21,致和證券,2023-11-29,7030
00905,FT臺灣Smart,20,0,20,致和證券,2023-11-29,7030
2017,官田鋼,20,0,20,致和證券,2023-11-29,7030
2511,太子,20,0,20,致和證券,2023-11-29,7030
2605,新興,16,0,16,致和證券,2023-11-29,7030
2369,菱生,19,4,15,致和證券,2023-11-29,7030
9919,康那香,17,3,14,致和證券,2023-11-29,7030
3231,緯創,35,22,13,致和證券,2023-11-29,7030
2867,三商壽,12,0,12,致和證券,2023-11-29,7030
6770,力積電,15,4,11,致和證券,2023-11-29,7030
5512,力麒,10,0,10,致和證券,2023-11-29,7030
2317,鴻海,9,0,9,致和證券,2023-11-29,7030
2014,中鴻,10,2,8,致和證券,2023-11-29,7030
2383,台光電,8,0,8,致和證券,2023-11-29,7030
2449,京元電子,8,0,8,致和證券,2023-11-29,7030
2603,長榮,8,0,8,致和證券,2023-11-29,7030
6578,達邦蛋白,8,0,8,致和證券,2023-11-29,7030
8488,吉源-KY,8,0,8,致和證券,2023-11-29,7030
1514,亞力,7,0,7,致和證券,2023-11-29,7030
00915,凱基優選高股息30,8,1,7,致和證券,2023-11-29,7030
6443,元晶,7,0,7,致和證券,2023-11-29,7030
1802,台玻,6,0,6,致和證券,2023-11-29,7030
1815,富喬,18,12,6,致和證券,2023-11-29,7030
2211,長榮鋼,6,0,6,致和證券,2023-11-29,7030
2352,佳世達,6,0,6,致和證券,2023-11-29,7030
2356,英業達,7,1,6,致和證券,2023-11-29,7030
2610,華航,6,0,6,致和證券,2023-11-29,7030
3055,蔚華科,6,0,6,致和證券,2023-11-29,7030
6799,來頡,11,5,6,致和證券,2023-11-29,7030
0056,元大高股息,10,5,5,致和證券,2023-11-29,7030
00688L,國泰20年美債正2,5,0,5,致和證券,2023-11-29,7030
00712,復華富時不動產,5,0,5,致和證券,2023-11-29,7030
1605,華新,5,0,5,致和證券,2023-11-29,7030
4763,材料-KY,5,0,5,致和證券,2023-11-29,7030
4952,凌通,5,0,5,致和證券,2023-11-29,7030
5871,中租-KY,5,0,5,致和證券,2023-11-29,7030
6156,松上,5,0,5,致和證券,2023-11-29,7030
6494,九齊,5,0,5,致和證券,2023-11-29,7030
1513,中興電,8,4,4,致和證券,2023-11-29,7030
2033,佳大,4,0,4,致和證券,2023-11-29,7030
2377,微星,5,1,4,致和證券,2023-11-29,7030
2401,凌陽,17,13,4,致和證券,2023-11-29,7030
2516,新建,4,0,4,致和證券,2023-11-29,7030
4714,永捷,5,1,4,致和證券,2023-11-29,7030
6161,捷波,5,1,4,致和證券,2023-11-29,7030
6243,迅杰,5,1,4,致和證券,2023-11-29,7030
5521,工信,201,5,196,致和證券,2023-11-30,7030
2017,官田鋼,50,0,50,致和證券,2023-11-30,7030
00706L,期元大S＆P日圓正2,40,0,40,致和證券,2023-11-30,7030
2883,凱基金,41,6,35,致和證券,2023-11-30,7030
2002,中鋼,87,52,35,致和證券,2023-11-30,7030
3231,緯創,44,10,34,致和證券,2023-11-30,7030
1449,佳和,30,0,30,致和證券,2023-11-30,7030
2834,臺企銀,23,2,21,致和證券,2023-11-30,7030
2618,長榮航,42,22,20,致和證券,2023-11-30,7030
1101,台泥,33,16,17,致和證券,2023-11-30,7030
00931B,統一美債20年,15,0,15,致和證券,2023-11-30,7030
2201,裕隆,15,0,15,致和證券,2023-11-30,7030
4938,和碩,13,0,13,致和證券,2023-11-30,7030
2913,農林,12,0,12,致和證券,2023-11-30,7030
2457,飛宏,11,0,11,致和證券,2023-11-30,7030
6235,華孚,11,0,11,致和證券,2023-11-30,7030
00688L,國泰20年美債正2,10,0,10,致和證券,2023-11-30,7030
2601,益航,10,0,10,致和證券,2023-11-30,7030
3032,偉訓,10,0,10,致和證券,2023-11-30,7030
3372,典範,10,0,10,致和證券,2023-11-30,7030
1616,億泰,10,1,9,致和證券,2023-11-30,7030
00915,凱基優選高股息30,9,0,9,致和證券,2023-11-30,7030
3652,精聯,9,0,9,致和證券,2023-11-30,7030
2314,台揚,7,0,7,致和證券,2023-11-30,7030
2329,華泰,42,35,7,致和證券,2023-11-30,7030
3013,晟銘電,26,19,7,致和證券,2023-11-30,7030
4908,前鼎,8,1,7,致和證券,2023-11-30,7030
1513,中興電,11,5,6,致和證券,2023-11-30,7030
2313,華通,39,33,6,致和證券,2023-11-30,7030
3257,虹冠電,6,0,6,致和證券,2023-11-30,7030
4720,德淵,6,0,6,致和證券,2023-11-30,7030
9919,康那香,14,8,6,致和證券,2023-11-30,7030
00919,群益台灣精選高息,5,0,5,致和證券,2023-11-30,7030
2358,廷鑫,5,0,5,致和證券,2023-11-30,7030
2360,致茂,5,0,5,致和證券,2023-11-30,7030
2363,矽統,14,9,5,致和證券,2023-11-30,7030
2393,億光,5,0,5,致和證券,2023-11-30,7030
2607,榮運,5,0,5,致和證券,2023-11-30,7030
3047,訊舟,7,2,5,致和證券,2023-11-30,7030
3264,欣銓,7,2,5,致和證券,2023-11-30,7030
4739,康普,6,1,5,致和證券,2023-11-30,7030
4741,泓瀚,5,0,5,致和證券,2023-11-30,7030
1752,南光,4,0,4,致和證券,2023-11-30,7030
00687B,國泰20年美債,4,0,4,致和證券,2023-11-30,7030
00662,富邦NASDAQ,4,0,4,致和證券,2023-11-30,7030
2402,毅嘉,6,2,4,致和證券,2023-11-30,7030
2409,友達,9,5,4,致和證券,2023-11-30,7030
2488,漢平,4,0,4,致和證券,2023-11-30,7030
4105,東洋,4,0,4,致和證券,2023-11-30,7030
4915,致伸,4,0,4,致和證券,2023-11-30,7030
00878,國泰永續高股息,113,0,113,致和證券,2023-12-01,7030
00919,群益台灣精選高息,41,5,36,致和證券,2023-12-01,7030
00850,元大臺灣ESG永續,30,0,30,致和證券,2023-12-01,7030
00900,富邦特選高股息30,30,0,30,致和證券,2023-12-01,7030
2317,鴻海,23,0,23,致和證券,2023-12-01,7030
1701,中化,41,21,20,致和證券,2023-12-01,7030
00934,中信成長高股息,20,0,20,致和證券,2023-12-01,7030
1101,台泥,20,1,19,致和證券,2023-12-01,7030
2601,益航,20,1,19,致和證券,2023-12-01,7030
3056,富華新,16,0,16,致和證券,2023-12-01,7030
2332,友訊,15,0,15,致和證券,2023-12-01,7030
2360,致茂,20,5,15,致和證券,2023-12-01,7030
00929,復華台灣科技優息,21,7,14,致和證券,2023-12-01,7030
3450,聯鈞,15,1,14,致和證券,2023-12-01,7030
2449,京元電子,15,1,14,致和證券,2023-12-01,7030
2618,長榮航,14,3,11,致和證券,2023-12-01,7030
2362,藍天,10,0,10,致和證券,2023-12-01,7030
2891,中信金,10,0,10,致和證券,2023-12-01,7030
3567,逸昌,10,0,10,致和證券,2023-12-01,7030
4714,永捷,10,0,10,致和證券,2023-12-01,7030
5328,華容,36,26,10,致和證券,2023-12-01,7030
6233,旺玖,16,6,10,致和證券,2023-12-01,7030
00931B,統一美債20年,10,1,9,致和證券,2023-12-01,7030
00715L,期街口布蘭特正2,9,0,9,致和證券,2023-12-01,7030
2324,仁寶,9,0,9,致和證券,2023-12-01,7030
2356,英業達,16,7,9,致和證券,2023-12-01,7030
2888,新光金,14,5,9,致和證券,2023-12-01,7030
1582,信錦,26,18,8,致和證券,2023-12-01,7030
2705,六福,8,0,8,致和證券,2023-12-01,7030
3706,神達,20,12,8,致和證券,2023-12-01,7030
2887,台新金,7,0,7,致和證券,2023-12-01,7030
1785,光洋科,6,0,6,致和證券,2023-12-01,7030
00712,復華富時不動產,6,0,6,致和證券,2023-12-01,7030
00706L,期元大S＆P日圓正2,6,0,6,致和證券,2023-12-01,7030
6125,廣運,9,3,6,致和證券,2023-12-01,7030
8093,保銳,16,10,6,致和證券,2023-12-01,7030
1815,富喬,20,15,5,致和證券,2023-12-01,7030
3707,漢磊,5,0,5,致和證券,2023-12-01,7030
6770,力積電,5,0,5,致和證券,2023-12-01,7030
1591,駿吉-KY,5,1,4,致和證券,2023-12-01,7030
1338,廣華-KY,5,1,4,致和證券,2023-12-01,7030
1314,中石化,4,0,4,致和證券,2023-12-01,7030
2369,菱生,15,11,4,致和證券,2023-12-01,7030
2637,慧洋-KY,4,0,4,致和證券,2023-12-01,7030
3017,奇鋐,4,0,4,致和證券,2023-12-01,7030
4979,華星光,5,1,4,致和證券,2023-12-01,7030
6485,點序,5,1,4,致和證券,2023-12-01,7030
1605,華新,3,0,3,致和證券,2023-12-01,7030
2105,正新,3,0,3,致和證券,2023-12-01,7030
2457,飛宏,3,0,3,致和證券,2023-12-01,7030
2330,台積電,349,1,348,致和證券,2023-12-04,7030
1727,中華化,54,1,53,致和證券,2023-12-04,7030
2891,中信金,52,1,51,致和證券,2023-12-04,7030
00715L,期街口布蘭特正2,40,0,40,致和證券,2023-12-04,7030
3532,台勝科,35,0,35,致和證券,2023-12-04,7030
3056,富華新,30,0,30,致和證券,2023-12-04,7030
00919,群益台灣精選高息,27,0,27,致和證券,2023-12-04,7030
2618,長榮航,45,20,25,致和證券,2023-12-04,7030
3231,緯創,26,3,23,致和證券,2023-12-04,7030
1605,華新,34,12,22,致和證券,2023-12-04,7030
1449,佳和,20,0,20,致和證券,2023-12-04,7030
0056,元大高股息,20,0,20,致和證券,2023-12-04,7030
1568,倉佑,20,0,20,致和證券,2023-12-04,7030
1584,精剛,20,0,20,致和證券,2023-12-04,7030
1905,華紙,20,0,20,致和證券,2023-12-04,7030
6235,華孚,21,2,19,致和證券,2023-12-04,7030
4114,健喬,17,1,16,致和證券,2023-12-04,7030
00923,群益台ESG低碳50,15,0,15,致和證券,2023-12-04,7030
3176,基亞,16,1,15,致和證券,2023-12-04,7030
00929,復華台灣科技優息,38,24,14,致和證券,2023-12-04,7030
2637,慧洋-KY,20,7,13,致和證券,2023-12-04,7030
00753L,中信中國50正2,12,0,12,致和證券,2023-12-04,7030
4533,協易機,13,1,12,致和證券,2023-12-04,7030
6504,南六,12,0,12,致和證券,2023-12-04,7030
6841,長佳智能,12,0,12,致和證券,2023-12-04,7030
2402,毅嘉,11,0,11,致和證券,2023-12-04,7030
3363,上詮,11,0,11,致和證券,2023-12-04,7030
1504,東元,10,0,10,致和證券,2023-12-04,7030
00720B,元大投資級公司債,10,0,10,致和證券,2023-12-04,7030
00918,大華優利高填息30,10,0,10,致和證券,2023-12-04,7030
1616,億泰,10,0,10,致和證券,2023-12-04,7030
1732,毛寶,10,0,10,致和證券,2023-12-04,7030
2369,菱生,12,2,10,致和證券,2023-12-04,7030
4736,泰博,10,0,10,致和證券,2023-12-04,7030
8086,宏捷科,12,2,10,致和證券,2023-12-04,7030
2329,華泰,36,27,9,致和證券,2023-12-04,7030
1609,大亞,8,0,8,致和證券,2023-12-04,7030
1101,台泥,8,0,8,致和證券,2023-12-04,7030
2017,官田鋼,105,98,7,致和證券,2023-12-04,7030
4157,太景*-KY,7,0,7,致和證券,2023-12-04,7030
5328,華容,21,14,7,致和證券,2023-12-04,7030
8926,台汽電,7,0,7,致和證券,2023-12-04,7030
00936,台新永續高息中小,6,0,6,致和證券,2023-12-04,7030
2105,正新,6,0,6,致和證券,2023-12-04,7030
2201,裕隆,6,0,6,致和證券,2023-12-04,7030
4763,材料-KY,8,2,6,致和證券,2023-12-04,7030
5608,四維航,11,5,6,致和證券,2023-12-04,7030
6257,矽格,8,2,6,致和證券,2023-12-04,7030
6259,百徽,6,0,6,致和證券,2023-12-04,7030
6282,康舒,6,1,5,致和證券,2023-12-04,7030
00937B,群益ESG投等債20,100,0,100,致和證券,2023-12-05,7030
2601,益航,81,10,71,致和證券,2023-12-05,7030
00929,復華台灣科技優息,63,0,63,致和證券,2023-12-05,7030
00919,群益台灣精選高息,55,0,55,致和證券,2023-12-05,7030
2330,台積電,54,0,54,致和證券,2023-12-05,7030
00878,國泰永續高股息,47,0,47,致和證券,2023-12-05,7030
0056,元大高股息,40,0,40,致和證券,2023-12-05,7030
3176,基亞,34,0,34,致和證券,2023-12-05,7030
2353,宏��,31,0,31,致和證券,2023-12-05,7030
1449,佳和,30,0,30,致和證券,2023-12-05,7030
6125,廣運,31,2,29,致和證券,2023-12-05,7030
3605,宏致,26,0,26,致和證券,2023-12-05,7030
3006,晶豪科,21,0,21,致和證券,2023-12-05,7030
00753L,中信中國50正2,20,0,20,致和證券,2023-12-05,7030
00706L,期元大S＆P日圓正2,20,0,20,致和證券,2023-12-05,7030
2474,可成,20,0,20,致和證券,2023-12-05,7030
2801,彰銀,20,0,20,致和證券,2023-12-05,7030
8093,保銳,20,0,20,致和證券,2023-12-05,7030
8421,旭源,31,11,20,致和證券,2023-12-05,7030
3260,威剛,28,9,19,致和證券,2023-12-05,7030
2498,宏達電,17,0,17,致和證券,2023-12-05,7030
6141,柏承,16,0,16,致和證券,2023-12-05,7030
2618,長榮航,20,5,15,致和證券,2023-12-05,7030
00918,大華優利高填息30,14,0,14,致和證券,2023-12-05,7030
1785,光洋科,14,0,14,致和證券,2023-12-05,7030
00679B,元大美債20年,23,11,12,致和證券,2023-12-05,7030
2344,華邦電,22,10,12,致和證券,2023-12-05,7030
2313,華通,34,23,11,致和證券,2023-12-05,7030
5469,瀚宇博,11,0,11,致和證券,2023-12-05,7030
3231,緯創,21,10,11,致和證券,2023-12-05,7030
3706,神達,10,0,10,致和證券,2023-12-05,7030
8050,廣積,10,0,10,致和證券,2023-12-05,7030
2886,兆豐金,9,0,9,致和證券,2023-12-05,7030
2891,中信金,9,0,9,致和證券,2023-12-05,7030
3276,宇環,39,30,9,致和證券,2023-12-05,7030
3363,上詮,10,1,9,致和證券,2023-12-05,7030
4114,健喬,10,1,9,致和證券,2023-12-05,7030
5347,世界,9,0,9,致和證券,2023-12-05,7030
1504,東元,8,0,8,致和證券,2023-12-05,7030
2017,官田鋼,30,22,8,致和證券,2023-12-05,7030
2881,富邦金,8,0,8,致和證券,2023-12-05,7030
3022,威強電,7,0,7,致和證券,2023-12-05,7030
4532,瑞智,7,0,7,致和證券,2023-12-05,7030
00715L,期街口布蘭特正2,6,0,6,致和證券,2023-12-05,7030
1584,精剛,6,0,6,致和證券,2023-12-05,7030
1612,宏泰,7,1,6,致和證券,2023-12-05,7030
2329,華泰,24,18,6,致和證券,2023-12-05,7030
5519,隆大,6,0,6,致和證券,2023-12-05,7030
3481,群創,7,1,6,致和證券,2023-12-05,7030
00713,元大台灣高息低波,5,0,5,致和證券,2023-12-05,7030
2002,中鋼,3440,7,3433,致和證券,2023-12-06,7030
2017,官田鋼,150,0,150,致和證券,2023-12-06,7030
1608,華榮,30,1,29,致和證券,2023-12-06,7030
00918,大華優利高填息30,27,0,27,致和證券,2023-12-06,7030
00720B,元大投資級公司債,20,0,20,致和證券,2023-12-06,7030
3652,精聯,16,0,16,致和證券,2023-12-06,7030
2332,友訊,15,0,15,致和證券,2023-12-06,7030
1513,中興電,16,2,14,致和證券,2023-12-06,7030
2405,輔信,14,0,14,致和證券,2023-12-06,7030
3360,尚立,14,0,14,致和證券,2023-12-06,7030
2313,華通,35,23,12,致和證券,2023-12-06,7030
3481,群創,13,2,11,致和證券,2023-12-06,7030
00931B,統一美債20年,10,0,10,致和證券,2023-12-06,7030
00715L,期街口布蘭特正2,10,0,10,致和證券,2023-12-06,7030
2303,聯電,10,0,10,致和證券,2023-12-06,7030
2344,華邦電,10,0,10,致和證券,2023-12-06,7030
2367,燿華,29,19,10,致和證券,2023-12-06,7030
2603,長榮,10,0,10,致和證券,2023-12-06,7030
6235,華孚,11,1,10,致和證券,2023-12-06,7030
00650L,復華香港正2,9,0,9,致和證券,2023-12-06,7030
8488,吉源-KY,8,0,8,致和證券,2023-12-06,7030
1519,華城,8,1,7,致和證券,2023-12-06,7030
1101,台泥,7,0,7,致和證券,2023-12-06,7030
2317,鴻海,7,0,7,致和證券,2023-12-06,7030
2329,華泰,10,4,6,致和證券,2023-12-06,7030
6770,力積電,7,1,6,致和證券,2023-12-06,7030
8183,精星,5,0,5,致和證券,2023-12-06,7030
00919,群益台灣精選高息,5,0,5,致和證券,2023-12-06,7030
00632R,元大台灣50反1,5,0,5,致和證券,2023-12-06,7030
2314,台揚,5,0,5,致和證券,2023-12-06,7030
2457,飛宏,5,0,5,致和證券,2023-12-06,7030
3284,太普高,5,0,5,致和證券,2023-12-06,7030
4906,正文,5,0,5,致和證券,2023-12-06,7030
6117,迎廣,6,1,5,致和證券,2023-12-06,7030
1522,堤維西,26,21,5,致和證券,2023-12-06,7030
3231,緯創,31,27,4,致和證券,2023-12-06,7030
00712,復華富時不動產,4,0,4,致和證券,2023-12-06,7030
1515,力山,4,0,4,致和證券,2023-12-06,7030
2371,大同,5,1,4,致和證券,2023-12-06,7030
2468,華經,4,0,4,致和證券,2023-12-06,7030
2641,正德,8,4,4,致和證券,2023-12-06,7030
2722,夏都,4,0,4,致和證券,2023-12-06,7030
6141,柏承,4,0,4,致和證券,2023-12-06,7030
6615,慧智,4,0,4,致和證券,2023-12-06,7030
8936,國統,5,1,4,致和證券,2023-12-06,7030
4105,東洋,3,0,3,致和證券,2023-12-06,7030
1514,亞力,13,10,3,致和證券,2023-12-06,7030
00934,中信成長高股息,3,0,3,致和證券,2023-12-06,7030
1752,南光,3,0,3,致和證券,2023-12-06,7030
3257,虹冠電,3,0,3,致和證券,2023-12-06,7030
00937B,群益ESG投等債20,92,1,91,致和證券,2023-12-07,7030
8110,華東,55,0,55,致和證券,2023-12-07,7030
00919,群益台灣精選高息,53,0,53,致和證券,2023-12-07,7030
3306,鼎天,44,0,44,致和證券,2023-12-07,7030
3265,台星科,30,5,25,致和證券,2023-12-07,7030
2883,凱基金,20,0,20,致和證券,2023-12-07,7030
3260,威剛,24,5,19,致和證券,2023-12-07,7030
2618,長榮航,28,10,18,致和證券,2023-12-07,7030
00680L,元大美債20正2,15,0,15,致和證券,2023-12-07,7030
2641,正德,17,3,14,致和證券,2023-12-07,7030
00918,大華優利高填息30,13,0,13,致和證券,2023-12-07,7030
00687B,國泰20年美債,13,0,13,致和證券,2023-12-07,7030
9938,百和,13,0,13,致和證券,2023-12-07,7030
00715L,期街口布蘭特正2,12,0,12,致和證券,2023-12-07,7030
2611,志信,12,0,12,致和證券,2023-12-07,7030
3088,艾訊,11,0,11,致和證券,2023-12-07,7030
5009,榮剛,11,0,11,致和證券,2023-12-07,7030
00773B,中信優先金融債,11,0,11,致和證券,2023-12-07,7030
6689,伊雲谷,10,0,10,致和證券,2023-12-07,7030
00915,凱基優選高股息30,10,0,10,致和證券,2023-12-07,7030
1789,神隆,10,0,10,致和證券,2023-12-07,7030
2033,佳大,10,0,10,致和證券,2023-12-07,7030
2890,永豐金,10,0,10,致和證券,2023-12-07,7030
3617,碩天,10,0,10,致和證券,2023-12-07,7030
4534,慶騰,10,0,10,致和證券,2023-12-07,7030
6150,撼訊,10,0,10,致和證券,2023-12-07,7030
8093,保銳,10,0,10,致和證券,2023-12-07,7030
2337,旺宏,10,1,9,致和證券,2023-12-07,7030
2889,國票金,9,0,9,致和證券,2023-12-07,7030
3630,新鉅科,9,0,9,致和證券,2023-12-07,7030
3264,欣銓,8,0,8,致和證券,2023-12-07,7030
1618,合機,9,2,7,致和證券,2023-12-07,7030
2317,鴻海,7,0,7,致和證券,2023-12-07,7030
2367,燿華,15,8,7,致和證券,2023-12-07,7030
2882,國泰金,7,0,7,致和證券,2023-12-07,7030
6488,環球晶,7,0,7,致和證券,2023-12-07,7030
00679B,元大美債20年,6,0,6,致和證券,2023-12-07,7030
2349,錸德,6,0,6,致和證券,2023-12-07,7030
3013,晟銘電,28,22,6,致和證券,2023-12-07,7030
4167,松瑞藥,20,14,6,致和證券,2023-12-07,7030
4967,十銓,7,1,6,致和證券,2023-12-07,7030
00688L,國泰20年美債正2,5,0,5,致和證券,2023-12-07,7030
1608,華榮,6,1,5,致和證券,2023-12-07,7030
1616,億泰,7,2,5,致和證券,2023-12-07,7030
2002,中鋼,86,81,5,致和證券,2023-12-07,7030
2468,華經,5,0,5,致和證券,2023-12-07,7030
2915,潤泰全,5,0,5,致和證券,2023-12-07,7030
3019,亞光,5,0,5,致和證券,2023-12-07,7030
6207,雷科,5,0,5,致和證券,2023-12-07,7030
9907,統一實,5,0,5,致和證券,2023-12-07,7030
2609,陽明,62,1,61,致和證券,2023-12-08,7030
00918,大華優利高填息30,40,0,40,致和證券,2023-12-08,7030
00937B,群益ESG投等債20,38,1,37,致和證券,2023-12-08,7030
3176,基亞,34,0,34,致和證券,2023-12-08,7030
2834,臺企銀,25,0,25,致和證券,2023-12-08,7030
3231,緯創,41,18,23,致和證券,2023-12-08,7030
8463,潤泰材,23,0,23,致和證券,2023-12-08,7030
00715L,期街口布蘭特正2,21,0,21,致和證券,2023-12-08,7030
3013,晟銘電,24,3,21,致和證券,2023-12-08,7030
2516,新建,20,0,20,致和證券,2023-12-08,7030
2314,台揚,24,6,18,致和證券,2023-12-08,7030
00687B,國泰20年美債,17,0,17,致和證券,2023-12-08,7030
2605,新興,34,17,17,致和證券,2023-12-08,7030
2329,華泰,31,17,14,致和證券,2023-12-08,7030
3346,麗清,12,0,12,致和證券,2023-12-08,7030
2705,六福,11,0,11,致和證券,2023-12-08,7030
6443,元晶,11,0,11,致和證券,2023-12-08,7030
00680L,元大美債20正2,10,0,10,致和證券,2023-12-08,7030
00915,凱基優選高股息30,10,0,10,致和證券,2023-12-08,7030
2890,永豐金,10,0,10,致和證券,2023-12-08,7030
5512,力麒,10,0,10,致和證券,2023-12-08,7030
6197,佳必琪,10,0,10,致和證券,2023-12-08,7030
2610,華航,15,6,9,致和證券,2023-12-08,7030
4961,天鈺,10,1,9,致和證券,2023-12-08,7030
5607,遠雄港,9,0,9,致和證券,2023-12-08,7030
00929,復華台灣科技優息,10,1,9,致和證券,2023-12-08,7030
1785,光洋科,9,1,8,致和證券,2023-12-08,7030
3041,揚智,14,6,8,致和證券,2023-12-08,7030
8088,品安,10,2,8,致和證券,2023-12-08,7030
2606,裕民,8,1,7,致和證券,2023-12-08,7030
3390,旭軟,7,0,7,致和證券,2023-12-08,7030
2886,兆豐金,6,0,6,致和證券,2023-12-08,7030
3437,榮創,6,0,6,致和證券,2023-12-08,7030
1216,統一,5,0,5,致和證券,2023-12-08,7030
1584,精剛,20,15,5,致和證券,2023-12-08,7030
2340,台亞,5,0,5,致和證券,2023-12-08,7030
2359,所羅門,6,1,5,致和證券,2023-12-08,7030
2867,三商壽,5,0,5,致和證券,2023-12-08,7030
2915,潤泰全,5,0,5,致和證券,2023-12-08,7030
3022,威強電,5,0,5,致和證券,2023-12-08,7030
4722,國精化,5,0,5,致和證券,2023-12-08,7030
5469,瀚宇博,5,0,5,致和證券,2023-12-08,7030
5608,四維航,6,1,5,致和證券,2023-12-08,7030
6841,長佳智能,5,0,5,致和證券,2023-12-08,7030
8121,越峰,5,0,5,致和證券,2023-12-08,7030
4306,炎洲,5,0,5,致和證券,2023-12-08,7030
2376,技嘉,18,14,4,致和證券,2023-12-08,7030
1514,亞力,10,6,4,致和證券,2023-12-08,7030
1504,東元,7,3,4,致和證券,2023-12-08,7030
00905,FT臺灣Smart,4,0,4,致和證券,2023-12-08,7030
2618,長榮航,122,10,112,致和證券,2023-12-11,7030
1584,精剛,107,26,81,致和證券,2023-12-11,7030
2331,精英,40,0,40,致和證券,2023-12-11,7030
1312,國喬,40,10,30,致和證券,2023-12-11,7030
8096,擎亞,33,4,29,致和證券,2023-12-11,7030
2605,新興,37,12,25,致和證券,2023-12-11,7030
2883,凱基金,26,1,25,致和證券,2023-12-11,7030
2405,輔信,22,1,21,致和證券,2023-12-11,7030
6173,信昌電,21,0,21,致和證券,2023-12-11,7030
00680L,元大美債20正2,20,0,20,致和證券,2023-12-11,7030
4916,事欣科,20,0,20,致和證券,2023-12-11,7030
3236,千如,19,0,19,致和證券,2023-12-11,7030
6616,特昇-KY,18,0,18,致和證券,2023-12-11,7030
2457,飛宏,17,0,17,致和證券,2023-12-11,7030
1449,佳和,14,0,14,致和證券,2023-12-11,7030
3041,揚智,14,0,14,致和證券,2023-12-11,7030
3264,欣銓,16,2,14,致和證券,2023-12-11,7030
00929,復華台灣科技優息,14,1,13,致和證券,2023-12-11,7030
00918,大華優利高填息30,12,0,12,致和證券,2023-12-11,7030
00715L,期街口布蘭特正2,12,0,12,致和證券,2023-12-11,7030
2913,農林,12,0,12,致和證券,2023-12-11,7030
3013,晟銘電,16,4,12,致和證券,2023-12-11,7030
6191,精成科,12,0,12,致和證券,2023-12-11,7030
3032,偉訓,11,0,11,致和證券,2023-12-11,7030
5353,台林,11,0,11,致和證券,2023-12-11,7030
00753L,中信中國50正2,10,0,10,致和證券,2023-12-11,7030
2025,千興,10,0,10,致和證券,2023-12-11,7030
2474,可成,10,0,10,致和證券,2023-12-11,7030
3022,威強電,10,0,10,致和證券,2023-12-11,7030
4534,慶騰,10,0,10,致和證券,2023-12-11,7030
5871,中租-KY,10,0,10,致和證券,2023-12-11,7030
2363,矽統,12,3,9,致和證券,2023-12-11,7030
00919,群益台灣精選高息,8,0,8,致和證券,2023-12-11,7030
00713,元大台灣高息低波,8,0,8,致和證券,2023-12-11,7030
2417,圓剛,8,0,8,致和證券,2023-12-11,7030
2367,燿華,10,3,7,致和證券,2023-12-11,7030
2033,佳大,6,0,6,致和證券,2023-12-11,7030
2882,國泰金,6,0,6,致和證券,2023-12-11,7030
00720B,元大投資級公司債,7,2,5,致和證券,2023-12-11,7030
2376,技嘉,8,3,5,致和證券,2023-12-11,7030
3118,進階,5,0,5,致和證券,2023-12-11,7030
3162,精確,5,0,5,致和證券,2023-12-11,7030
4561,健椿,5,0,5,致和證券,2023-12-11,7030
4566,時碩工業,5,0,5,致和證券,2023-12-11,7030
4906,正文,5,0,5,致和證券,2023-12-11,7030
5519,隆大,12,7,5,致和證券,2023-12-11,7030
2834,臺企銀,5,0,5,致和證券,2023-12-11,7030
2409,友達,6,1,5,致和證券,2023-12-11,7030
1101,台泥,4,0,4,致和證券,2023-12-11,7030
1515,力山,5,1,4,致和證券,2023-12-11,7030
2331,精英,212,10,202,致和證券,2023-12-12,7030
00918,大華優利高填息30,52,2,50,致和證券,2023-12-12,7030
5864,致和證,50,12,38,致和證券,2023-12-12,7030
2609,陽明,41,6,35,致和證券,2023-12-12,7030
1609,大亞,32,0,32,致和證券,2023-12-12,7030
3260,威剛,50,19,31,致和證券,2023-12-12,7030
3231,緯創,37,12,25,致和證券,2023-12-12,7030
2618,長榮航,36,11,25,致和證券,2023-12-12,7030
00679B,元大美債20年,24,0,24,致和證券,2023-12-12,7030
5328,華容,20,0,20,致和證券,2023-12-12,7030
1810,和成,17,0,17,致和證券,2023-12-12,7030
2882,國泰金,16,0,16,致和證券,2023-12-12,7030
3041,揚智,17,1,16,致和證券,2023-12-12,7030
6125,廣運,22,6,16,致和證券,2023-12-12,7030
2516,新建,19,4,15,致和證券,2023-12-12,7030
4908,前鼎,16,1,15,致和證券,2023-12-12,7030
00919,群益台灣精選高息,53,40,13,致和證券,2023-12-12,7030
2615,萬海,15,2,13,致和證券,2023-12-12,7030
4167,松瑞藥,42,30,12,致和證券,2023-12-12,7030
00878,國泰永續高股息,11,0,11,致和證券,2023-12-12,7030
4961,天鈺,10,0,10,致和證券,2023-12-12,7030
1568,倉佑,22,12,10,致和證券,2023-12-12,7030
2025,千興,10,0,10,致和證券,2023-12-12,7030
2027,大成鋼,10,0,10,致和證券,2023-12-12,7030
2405,輔信,15,5,10,致和證券,2023-12-12,7030
3022,威強電,10,0,10,致和證券,2023-12-12,7030
6443,元晶,10,0,10,致和證券,2023-12-12,7030
8011,台通,10,0,10,致和證券,2023-12-12,7030
2425,承啟,9,0,9,致和證券,2023-12-12,7030
2705,六福,9,0,9,致和證券,2023-12-12,7030
3362,先進光,9,0,9,致和證券,2023-12-12,7030
3363,上詮,9,0,9,致和證券,2023-12-12,7030
2887,台新金,7,0,7,致和證券,2023-12-12,7030
2915,潤泰全,7,0,7,致和證券,2023-12-12,7030
6191,精成科,7,0,7,致和證券,2023-12-12,7030
00936,台新永續高息中小,6,0,6,致和證券,2023-12-12,7030
1612,宏泰,15,9,6,致和證券,2023-12-12,7030
2033,佳大,6,0,6,致和證券,2023-12-12,7030
2367,燿華,28,22,6,致和證券,2023-12-12,7030
5351,鈺創,13,7,6,致和證券,2023-12-12,7030
3540,曜越,5,0,5,致和證券,2023-12-12,7030
00715L,期街口布蘭特正2,5,0,5,致和證券,2023-12-12,7030
1467,南緯,5,0,5,致和證券,2023-12-12,7030
1591,駿吉-KY,10,5,5,致和證券,2023-12-12,7030
2308,台達電,5,0,5,致和證券,2023-12-12,7030
2340,台亞,5,0,5,致和證券,2023-12-12,7030
3092,鴻碩,5,0,5,致和證券,2023-12-12,7030
3265,台星科,10,5,5,致和證券,2023-12-12,7030
3322,建舜電,5,0,5,致和證券,2023-12-12,7030
3516,亞帝歐,5,0,5,致和證券,2023-12-12,7030
2201,裕隆,44,0,44,致和證券,2023-12-13,7030
2634,漢翔,30,3,27,致和證券,2023-12-13,7030
2609,陽明,81,55,26,致和證券,2023-12-13,7030
00918,大華優利高填息30,25,0,25,致和證券,2023-12-13,7030
00715L,期街口布蘭特正2,21,0,21,致和證券,2023-12-13,7030
2516,新建,29,8,21,致和證券,2023-12-13,7030
2323,中環,20,0,20,致和證券,2023-12-13,7030
2867,三商壽,20,0,20,致和證券,2023-12-13,7030
2002,中鋼,105,87,18,致和證券,2023-12-13,7030
2641,正德,20,4,16,致和證券,2023-12-13,7030
5871,中租-KY,15,0,15,致和證券,2023-12-13,7030
00919,群益台灣精選高息,16,1,15,致和證券,2023-12-13,7030
00929,復華台灣科技優息,20,5,15,致和證券,2023-12-13,7030
1608,華榮,31,20,11,致和證券,2023-12-13,7030
2367,燿華,14,3,11,致和證券,2023-12-13,7030
1308,亞聚,10,0,10,致和證券,2023-12-13,7030
2331,精英,10,0,10,致和證券,2023-12-13,7030
2363,矽統,14,4,10,致和證券,2023-12-13,7030
2337,旺宏,15,6,9,致和證券,2023-12-13,7030
2618,長榮航,29,20,9,致和證券,2023-12-13,7030
2105,正新,8,0,8,致和證券,2023-12-13,7030
00687B,國泰20年美債,7,0,7,致和證券,2023-12-13,7030
3234,光環,7,0,7,致和證券,2023-12-13,7030
00937B,群益ESG投等債20,6,0,6,致和證券,2023-12-13,7030
1339,昭輝,6,0,6,致和證券,2023-12-13,7030
1584,精剛,17,11,6,致和證券,2023-12-13,7030
2360,致茂,6,0,6,致和證券,2023-12-13,7030
2495,普安,6,0,6,致和證券,2023-12-13,7030
2484,希華,5,0,5,致和證券,2023-12-13,7030
2515,中工,15,10,5,致和證券,2023-12-13,7030
3022,威強電,5,0,5,致和證券,2023-12-13,7030
3236,千如,5,0,5,致和證券,2023-12-13,7030
6108,競國,5,0,5,致和證券,2023-12-13,7030
6245,立端,5,0,5,致和證券,2023-12-13,7030
8201,無敵,5,0,5,致和證券,2023-12-13,7030
9907,統一實,5,0,5,致和證券,2023-12-13,7030
1609,大亞,8,3,5,致和證券,2023-12-13,7030
3035,智原,7,3,4,致和證券,2023-12-13,7030
1524,耿鼎,25,21,4,致和證券,2023-12-13,7030
2884,玉山金,5,1,4,致和證券,2023-12-13,7030
2327,國巨,4,1,3,致和證券,2023-12-13,7030
1101,台泥,4,1,3,致和證券,2023-12-13,7030
00720B,元大投資級公司債,3,0,3,致和證券,2023-12-13,7030
1810,和成,3,0,3,致和證券,2023-12-13,7030
2453,凌群,3,0,3,致和證券,2023-12-13,7030
2472,立隆電,4,1,3,致和證券,2023-12-13,7030
2707,晶華,3,0,3,致和證券,2023-12-13,7030
3013,晟銘電,7,4,3,致和證券,2023-12-13,7030
3623,富晶通,3,0,3,致和證券,2023-12-13,7030
3715,定穎投控,15,12,3,致和證券,2023-12-13,7030
3362,先進光,130,10,120,致和證券,2023-12-14,7030
00922,國泰台灣領袖50,50,0,50,致和證券,2023-12-14,7030
5347,世界,30,1,29,致和證券,2023-12-14,7030
2382,廣達,51,22,29,致和證券,2023-12-14,7030
2329,華泰,38,14,24,致和證券,2023-12-14,7030
6443,元晶,42,20,22,致和證券,2023-12-14,7030
00919,群益台灣精選高息,31,11,20,致和證券,2023-12-14,7030
00679B,元大美債20年,18,0,18,致和證券,2023-12-14,7030
2427,三商電,18,0,18,致和證券,2023-12-14,7030
3346,麗清,19,2,17,致和證券,2023-12-14,7030
6770,力積電,37,20,17,致和證券,2023-12-14,7030
2387,精元,15,0,15,致和證券,2023-12-14,7030
3176,基亞,14,0,14,致和證券,2023-12-14,7030
00936,台新永續高息中小,13,0,13,致和證券,2023-12-14,7030
00934,中信成長高股息,13,0,13,致和證券,2023-12-14,7030
2457,飛宏,16,3,13,致和證券,2023-12-14,7030
2641,正德,23,10,13,致和證券,2023-12-14,7030
2885,元大金,11,0,11,致和證券,2023-12-14,7030
4939,亞電,11,0,11,致和證券,2023-12-14,7030
5426,振發,11,0,11,致和證券,2023-12-14,7030
9955,佳龍,11,0,11,致和證券,2023-12-14,7030
00680L,元大美債20正2,10,0,10,致和證券,2023-12-14,7030
1514,亞力,11,1,10,致和證券,2023-12-14,7030
1608,華榮,10,0,10,致和證券,2023-12-14,7030
2017,官田鋼,10,0,10,致和證券,2023-12-14,7030
3252,海灣,10,0,10,致和證券,2023-12-14,7030
3587,閎康,10,0,10,致和證券,2023-12-14,7030
1529,樂事綠能,9,0,9,致和證券,2023-12-14,7030
2337,旺宏,16,7,9,致和證券,2023-12-14,7030
1609,大亞,8,0,8,致和證券,2023-12-14,7030
2374,佳能,8,0,8,致和證券,2023-12-14,7030
2838A,聯邦銀甲特,9,1,8,致和證券,2023-12-14,7030
2324,仁寶,7,0,7,致和證券,2023-12-14,7030
2402,毅嘉,12,5,7,致和證券,2023-12-14,7030
00931B,統一美債20年,6,0,6,致和證券,2023-12-14,7030
1449,佳和,6,0,6,致和證券,2023-12-14,7030
2637,慧洋-KY,6,0,6,致和證券,2023-12-14,7030
3308,聯德,8,2,6,致和證券,2023-12-14,7030
6488,環球晶,6,0,6,致和證券,2023-12-14,7030
8093,保銳,6,0,6,致和證券,2023-12-14,7030
00882,中信中國高股息,6,0,6,致和證券,2023-12-14,7030
3035,智原,5,0,5,致和證券,2023-12-14,7030
00636,國泰中國A50,5,0,5,致和證券,2023-12-14,7030
00918,大華優利高填息30,5,0,5,致和證券,2023-12-14,7030
1584,精剛,28,23,5,致和證券,2023-12-14,7030
1615,大山,5,0,5,致和證券,2023-12-14,7030
1727,中華化,5,0,5,致和證券,2023-12-14,7030
2033,佳大,5,0,5,致和證券,2023-12-14,7030
2340,台亞,5,0,5,致和證券,2023-12-14,7030
3094,聯傑,7,2,5,致和證券,2023-12-14,7030
2356,英業達,102,50,52,致和證券,2023-12-15,7030
6015,宏遠證,50,0,50,致和證券,2023-12-15,7030
3362,先進光,41,0,41,致和證券,2023-12-15,7030
2363,矽統,70,34,36,致和證券,2023-12-15,7030
2201,裕隆,30,0,30,致和證券,2023-12-15,7030
00712,復華富時不動產,36,7,29,致和證券,2023-12-15,7030
2405,輔信,22,0,22,致和證券,2023-12-15,7030
6235,華孚,22,0,22,致和證券,2023-12-15,7030
3176,基亞,21,0,21,致和證券,2023-12-15,7030
00919,群益台灣精選高息,26,6,20,致和證券,2023-12-15,7030
00929,復華台灣科技優息,55,36,19,致和證券,2023-12-15,7030
3346,麗清,18,0,18,致和證券,2023-12-15,7030
1514,亞力,26,10,16,致和證券,2023-12-15,7030
2891,中信金,22,6,16,致和證券,2023-12-15,7030
3231,緯創,17,1,16,致和證券,2023-12-15,7030
00918,大華優利高填息30,14,0,14,致和證券,2023-12-15,7030
00680L,元大美債20正2,12,1,11,致和證券,2023-12-15,7030
00679B,元大美債20年,11,0,11,致和證券,2023-12-15,7030
6770,力積電,11,0,11,致和證券,2023-12-15,7030
00900,富邦特選高股息30,10,0,10,致和證券,2023-12-15,7030
00636,國泰中國A50,10,0,10,致和證券,2023-12-15,7030
00915,凱基優選高股息30,10,0,10,致和證券,2023-12-15,7030
1718,中纖,10,0,10,致和證券,2023-12-15,7030
2029,盛餘,10,0,10,致和證券,2023-12-15,7030
3032,偉訓,10,0,10,致和證券,2023-12-15,7030
3540,曜越,10,0,10,致和證券,2023-12-15,7030
4561,健椿,10,0,10,致和證券,2023-12-15,7030
4906,正文,10,0,10,致和證券,2023-12-15,7030
4916,事欣科,10,0,10,致和證券,2023-12-15,7030
6026,福邦證,10,0,10,致和證券,2023-12-15,7030
00934,中信成長高股息,11,2,9,致和證券,2023-12-15,7030
3088,艾訊,10,1,9,致和證券,2023-12-15,7030
5272,笙科,10,1,9,致和證券,2023-12-15,7030
3623,富晶通,8,0,8,致和證券,2023-12-15,7030
1308,亞聚,8,0,8,致和證券,2023-12-15,7030
2387,精元,7,0,7,致和證券,2023-12-15,7030
2401,凌陽,7,0,7,致和證券,2023-12-15,7030
2515,中工,18,11,7,致和證券,2023-12-15,7030
2516,新建,7,0,7,致和證券,2023-12-15,7030
3051,力特,10,3,7,致和證券,2023-12-15,7030
5608,四維航,7,0,7,致和證券,2023-12-15,7030
2412,中華電,6,0,6,致和證券,2023-12-15,7030
2888,新光金,10,4,6,致和證券,2023-12-15,7030
3703,欣陸,7,1,6,致和證券,2023-12-15,7030
2881,富邦金,6,0,6,致和證券,2023-12-15,7030
8096,擎亞,8,2,6,致和證券,2023-12-15,7030
3025,星通,5,0,5,致和證券,2023-12-15,7030
2009,第一銅,5,0,5,致和證券,2023-12-15,7030
2402,毅嘉,5,0,5,致和證券,2023-12-15,7030
3128,昇銳,5,0,5,致和證券,2023-12-15,7030
2033,佳大,300,0,300,致和證券,2023-12-18,7030
00687B,國泰20年美債,184,0,184,致和證券,2023-12-18,7030
2618,長榮航,113,35,78,致和證券,2023-12-18,7030
2356,英業達,51,4,47,致和證券,2023-12-18,7030
6191,精成科,45,3,42,致和證券,2023-12-18,7030
2017,官田鋼,52,16,36,致和證券,2023-12-18,7030
3176,基亞,33,0,33,致和證券,2023-12-18,7030
2331,精英,31,0,31,致和證券,2023-12-18,7030
2427,三商電,31,0,31,致和證券,2023-12-18,7030
00919,群益台灣精選高息,34,5,29,致和證券,2023-12-18,7030
1584,精剛,32,10,22,致和證券,2023-12-18,7030
00679B,元大美債20年,21,0,21,致和證券,2023-12-18,7030
00715L,期街口布蘭特正2,20,0,20,致和證券,2023-12-18,7030
2609,陽明,77,58,19,致和證券,2023-12-18,7030
00680L,元大美債20正2,20,2,18,致和證券,2023-12-18,7030
2303,聯電,22,4,18,致和證券,2023-12-18,7030
00931B,統一美債20年,17,0,17,致和證券,2023-12-18,7030
3022,威強電,16,0,16,致和證券,2023-12-18,7030
2516,新建,15,0,15,致和證券,2023-12-18,7030
1529,樂事綠能,11,0,11,致和證券,2023-12-18,7030
6770,力積電,13,2,11,致和證券,2023-12-18,7030
2367,燿華,15,5,10,致和證券,2023-12-18,7030
3265,台星科,11,1,10,致和證券,2023-12-18,7030
5272,笙科,10,0,10,致和證券,2023-12-18,7030
2887,台新金,9,0,9,致和證券,2023-12-18,7030
5521,工信,14,5,9,致和證券,2023-12-18,7030
00937B,群益ESG投等債20,8,0,8,致和證券,2023-12-18,7030
00881,國泰台灣5G+,8,0,8,致和證券,2023-12-18,7030
2031,新光鋼,23,15,8,致和證券,2023-12-18,7030
8271,宇瞻,8,0,8,致和證券,2023-12-18,7030
6233,旺玖,7,0,7,致和證券,2023-12-18,7030
00751B,元大AAA至A公司債,6,0,6,致和證券,2023-12-18,7030
1524,耿鼎,6,0,6,致和證券,2023-12-18,7030
1734,杏輝,6,0,6,致和證券,2023-12-18,7030
2405,輔信,6,0,6,致和證券,2023-12-18,7030
2436,偉詮電,6,0,6,致和證券,2023-12-18,7030
3701,大眾控,6,0,6,致和證券,2023-12-18,7030
4931,新盛力,6,0,6,致和證券,2023-12-18,7030
1319,東陽,5,0,5,致和證券,2023-12-18,7030
00696B,富邦美債20年,5,0,5,致和證券,2023-12-18,7030
2201,裕隆,5,0,5,致和證券,2023-12-18,7030
2449,京元電子,5,0,5,致和證券,2023-12-18,7030
3105,穩懋,9,4,5,致和證券,2023-12-18,7030
3236,千如,5,0,5,致和證券,2023-12-18,7030
4532,瑞智,5,0,5,致和證券,2023-12-18,7030
00885,富邦越南,4,0,4,致和證券,2023-12-18,7030
2206,三陽工業,5,1,4,致和證券,2023-12-18,7030
2382,廣達,5,1,4,致和證券,2023-12-18,7030
2408,南亞科,5,1,4,致和證券,2023-12-18,7030
2812,台中銀,5,1,4,致和證券,2023-12-18,7030
2033,佳大,320,0,320,致和證券,2023-12-19,7030
00929,復華台灣科技優息,97,5,92,致和證券,2023-12-19,7030
6139,亞翔,51,0,51,致和證券,2023-12-19,7030
2885,元大金,40,0,40,致和證券,2023-12-19,7030
2356,英業達,49,16,33,致和證券,2023-12-19,7030
3162,精確,31,0,31,致和證券,2023-12-19,7030
2002,中鋼,40,13,27,致和證券,2023-12-19,7030
2801,彰銀,25,0,25,致和證券,2023-12-19,7030
2344,華邦電,20,1,19,致和證券,2023-12-19,7030
00715L,期街口布蘭特正2,15,0,15,致和證券,2023-12-19,7030
6125,廣運,15,0,15,致和證券,2023-12-19,7030
2892,第一金,16,2,14,致和證券,2023-12-19,7030
2007,燁興,13,0,13,致和證券,2023-12-19,7030
1584,精剛,34,22,12,致和證券,2023-12-19,7030
2402,毅嘉,12,0,12,致和證券,2023-12-19,7030
2618,長榮航,38,26,12,致和證券,2023-12-19,7030
4532,瑞智,12,0,12,致和證券,2023-12-19,7030
6770,力積電,12,0,12,致和證券,2023-12-19,7030
6661,威健生技,11,0,11,致和證券,2023-12-19,7030
00919,群益台灣精選高息,20,10,10,致和證券,2023-12-19,7030
4743,合一,10,0,10,致和證券,2023-12-19,7030
1529,樂事綠能,10,0,10,致和證券,2023-12-19,7030
00680L,元大美債20正2,10,0,10,致和證券,2023-12-19,7030
1815,富喬,11,1,10,致和證券,2023-12-19,7030
2405,輔信,11,1,10,致和證券,2023-12-19,7030
6148,驊宏資,10,0,10,致和證券,2023-12-19,7030
6485,點序,10,0,10,致和證券,2023-12-19,7030
5272,笙科,9,0,9,致和證券,2023-12-19,7030
2387,精元,11,2,9,致和證券,2023-12-19,7030
2610,華航,25,17,8,致和證券,2023-12-19,7030
5512,力麒,10,2,8,致和證券,2023-12-19,7030
00937B,群益ESG投等債20,11,4,7,致和證券,2023-12-19,7030
00934,中信成長高股息,7,0,7,致和證券,2023-12-19,7030
00679B,元大美債20年,7,0,7,致和證券,2023-12-19,7030
2038,海光,7,0,7,致和證券,2023-12-19,7030
2884,玉山金,7,0,7,致和證券,2023-12-19,7030
1513,中興電,6,0,6,致和證券,2023-12-19,7030
4130,健亞,6,0,6,致和證券,2023-12-19,7030
4915,致伸,6,0,6,致和證券,2023-12-19,7030
8215,明基材,6,0,6,致和證券,2023-12-19,7030
00696B,富邦美債20年,5,0,5,致和證券,2023-12-19,7030
1609,大亞,5,0,5,致和證券,2023-12-19,7030
2201,裕隆,5,0,5,致和證券,2023-12-19,7030
2324,仁寶,6,1,5,致和證券,2023-12-19,7030
2355,敬鵬,5,0,5,致和證券,2023-12-19,7030
2409,友達,10,5,5,致和證券,2023-12-19,7030
2615,萬海,14,9,5,致和證券,2023-12-19,7030
2816,旺旺保,5,0,5,致和證券,2023-12-19,7030
2890,永豐金,5,0,5,致和證券,2023-12-19,7030
2891,中信金,5,0,5,致和證券,2023-12-19,7030
2033,佳大,936,0,936,致和證券,2023-12-20,7030
2017,官田鋼,83,0,83,致和證券,2023-12-20,7030
2888,新光金,49,5,44,致和證券,2023-12-20,7030
2303,聯電,41,2,39,致和證券,2023-12-20,7030
3260,威剛,64,26,38,致和證券,2023-12-20,7030
5347,世界,31,0,31,致和證券,2023-12-20,7030
1314,中石化,30,0,30,致和證券,2023-12-20,7030
00679B,元大美債20年,31,1,30,致和證券,2023-12-20,7030
2887,台新金,24,0,24,致和證券,2023-12-20,7030
6616,特昇-KY,18,0,18,致和證券,2023-12-20,7030
5488,松普,15,0,15,致和證券,2023-12-20,7030
2618,長榮航,34,20,14,致和證券,2023-12-20,7030
2882,國泰金,13,0,13,致和證券,2023-12-20,7030
6615,慧智,12,0,12,致和證券,2023-12-20,7030
2388,威盛,12,1,11,致和證券,2023-12-20,7030
6770,力積電,11,0,11,致和證券,2023-12-20,7030
00919,群益台灣精選高息,11,0,11,致和證券,2023-12-20,7030
00680L,元大美債20正2,10,0,10,致和證券,2023-12-20,7030
8068,全達,10,0,10,致和證券,2023-12-20,7030
9105,泰金寶-DR,80,70,10,致和證券,2023-12-20,7030
3252,海灣,8,0,8,致和證券,2023-12-20,7030
6160,欣技,8,0,8,致和證券,2023-12-20,7030
6191,精成科,8,0,8,致和證券,2023-12-20,7030
6661,威健生技,8,0,8,致和證券,2023-12-20,7030
2891,中信金,8,1,7,致和證券,2023-12-20,7030
4741,泓瀚,6,0,6,致和證券,2023-12-20,7030
3035,智原,5,0,5,致和證券,2023-12-20,7030
1612,宏泰,5,0,5,致和證券,2023-12-20,7030
1522,堤維西,5,0,5,致和證券,2023-12-20,7030
2314,台揚,5,0,5,致和證券,2023-12-20,7030
2376,技嘉,9,4,5,致和證券,2023-12-20,7030
2472,立隆電,5,0,5,致和證券,2023-12-20,7030
2516,新建,5,0,5,致和證券,2023-12-20,7030
2816,旺旺保,5,0,5,致和證券,2023-12-20,7030
2820,華票,5,0,5,致和證券,2023-12-20,7030
3162,精確,5,0,5,致和證券,2023-12-20,7030
3521,鴻翊,5,0,5,致和證券,2023-12-20,7030
00885,富邦越南,4,0,4,致和證券,2023-12-20,7030
1905,華紙,8,4,4,致和證券,2023-12-20,7030
4931,新盛力,4,0,4,致和證券,2023-12-20,7030
8411,福貞-KY,4,0,4,致和證券,2023-12-20,7030
2031,新光鋼,6,3,3,致和證券,2023-12-20,7030
1708,東鹼,3,0,3,致和證券,2023-12-20,7030
2022,聚亨,3,0,3,致和證券,2023-12-20,7030
2355,敬鵬,3,0,3,致和證券,2023-12-20,7030
2363,矽統,7,4,3,致和證券,2023-12-20,7030
2434,統懋,3,0,3,致和證券,2023-12-20,7030
2637,慧洋-KY,3,0,3,致和證券,2023-12-20,7030
2812,台中銀,3,0,3,致和證券,2023-12-20,7030
3006,晶豪科,4,1,3,致和證券,2023-12-20,7030
3260,威剛,118,0,118,致和證券,2023-12-21,7030
2049,上銀,83,0,83,致和證券,2023-12-21,7030
2615,萬海,88,27,61,致和證券,2023-12-21,7030
00919,群益台灣精選高息,44,0,44,致和證券,2023-12-21,7030
1314,中石化,43,2,41,致和證券,2023-12-21,7030
00929,復華台灣科技優息,30,0,30,致和證券,2023-12-21,7030
4108,懷特,26,1,25,致和證券,2023-12-21,7030
3176,基亞,24,0,24,致和證券,2023-12-21,7030
2641,正德,22,1,21,致和證券,2023-12-21,7030
00935,野村臺灣新科技50,20,0,20,致和證券,2023-12-21,7030
2630,亞航,20,0,20,致和證券,2023-12-21,7030
2887,台新金,20,3,17,致和證券,2023-12-21,7030
2705,六福,16,0,16,致和證券,2023-12-21,7030
5880,合庫金,16,0,16,致和證券,2023-12-21,7030
2020,美亞,15,0,15,致和證券,2023-12-21,7030
00878,國泰永續高股息,13,0,13,致和證券,2023-12-21,7030
2330,台積電,10,0,10,致和證券,2023-12-21,7030
2323,中環,10,0,10,致和證券,2023-12-21,7030
2434,統懋,10,0,10,致和證券,2023-12-21,7030
6125,廣運,15,5,10,致和證券,2023-12-21,7030
3265,台星科,29,20,9,致和證券,2023-12-21,7030
00877,復華中國5G,8,0,8,致和證券,2023-12-21,7030
6191,精成科,8,0,8,致和證券,2023-12-21,7030
3034,聯詠,7,0,7,致和證券,2023-12-21,7030
2030,彰源,7,0,7,致和證券,2023-12-21,7030
2449,京元電子,7,0,7,致和證券,2023-12-21,7030
5498,凱崴,7,0,7,致和證券,2023-12-21,7030
2607,榮運,6,0,6,致和證券,2023-12-21,7030
00687B,國泰20年美債,6,0,6,致和證券,2023-12-21,7030
2363,矽統,11,5,6,致和證券,2023-12-21,7030
4120,友華,6,0,6,致和證券,2023-12-21,7030
6661,威健生技,6,0,6,致和證券,2023-12-21,7030
9919,康那香,6,0,6,致和證券,2023-12-21,7030
1319,東陽,5,0,5,致和證券,2023-12-21,7030
1504,東元,5,0,5,致和證券,2023-12-21,7030
00900,富邦特選高股息30,5,0,5,致和證券,2023-12-21,7030
00679B,元大美債20年,5,0,5,致和證券,2023-12-21,7030
00934,中信成長高股息,5,0,5,致和證券,2023-12-21,7030
1727,中華化,5,0,5,致和證券,2023-12-21,7030
2303,聯電,20,15,5,致和證券,2023-12-21,7030
2324,仁寶,54,49,5,致和證券,2023-12-21,7030
2331,精英,29,24,5,致和證券,2023-12-21,7030
2618,長榮航,28,23,5,致和證券,2023-12-21,7030
4743,合一,6,1,5,致和證券,2023-12-21,7030
6244,茂迪,5,0,5,致和證券,2023-12-21,7030
8996,高力,5,0,5,致和證券,2023-12-21,7030
9935,慶豐富,5,0,5,致和證券,2023-12-21,7030
00937B,群益ESG投等債20,4,0,4,致和證券,2023-12-21,7030
0061,元大寶滬深,4,0,4,致和證券,2023-12-21,7030
1815,富喬,4,0,4,致和證券,2023-12-21,7030
2356,英業達,251,49,202,致和證券,2023-12-22,7030
00664R,國泰臺灣加權反1,200,0,200,致和證券,2023-12-22,7030
2025,千興,55,0,55,致和證券,2023-12-22,7030
1618,合機,27,0,27,致和證券,2023-12-22,7030
00712,復華富時不動產,22,0,22,致和證券,2023-12-22,7030
2610,華航,24,6,18,致和證券,2023-12-22,7030
3265,台星科,17,0,17,致和證券,2023-12-22,7030
4120,友華,16,0,16,致和證券,2023-12-22,7030
2434,統懋,15,0,15,致和證券,2023-12-22,7030
2344,華邦電,38,24,14,致和證券,2023-12-22,7030
4931,新盛力,14,0,14,致和證券,2023-12-22,7030
0056,元大高股息,12,0,12,致和證券,2023-12-22,7030
2449,京元電子,12,0,12,致和證券,2023-12-22,7030
4906,正文,12,0,12,致和證券,2023-12-22,7030
2014,中鴻,11,0,11,致和證券,2023-12-22,7030
2201,裕隆,28,17,11,致和證券,2023-12-22,7030
00753L,中信中國50正2,25,15,10,致和證券,2023-12-22,7030
00680L,元大美債20正2,10,0,10,致和證券,2023-12-22,7030
00929,復華台灣科技優息,10,0,10,致和證券,2023-12-22,7030
00919,群益台灣精選高息,10,0,10,致和證券,2023-12-22,7030
3576,聯合再生,10,0,10,致和證券,2023-12-22,7030
4171,瑞基,10,0,10,致和證券,2023-12-22,7030
1314,中石化,9,0,9,致和證券,2023-12-22,7030
3231,緯創,16,7,9,致和證券,2023-12-22,7030
2324,仁寶,27,20,7,致和證券,2023-12-22,7030
2331,精英,12,5,7,致和證券,2023-12-22,7030
1584,精剛,5,0,5,致和證券,2023-12-22,7030
00935,野村臺灣新科技50,5,0,5,致和證券,2023-12-22,7030
00934,中信成長高股息,5,0,5,致和證券,2023-12-22,7030
1319,東陽,5,0,5,致和證券,2023-12-22,7030
1727,中華化,5,0,5,致和證券,2023-12-22,7030
1785,光洋科,5,0,5,致和證券,2023-12-22,7030
2338,光罩,5,0,5,致和證券,2023-12-22,7030
2367,燿華,5,0,5,致和證券,2023-12-22,7030
3704,合勤控,5,0,5,致和證券,2023-12-22,7030
5009,榮剛,8,3,5,致和證券,2023-12-22,7030
8050,廣積,5,0,5,致和證券,2023-12-22,7030
1514,亞力,4,0,4,致和證券,2023-12-22,7030
2317,鴻海,5,1,4,致和證券,2023-12-22,7030
2327,國巨,4,0,4,致和證券,2023-12-22,7030
2515,中工,4,0,4,致和證券,2023-12-22,7030
3122,笙泉,4,0,4,致和證券,2023-12-22,7030
6168,宏齊,4,0,4,致和證券,2023-12-22,7030
6664,群翊,4,0,4,致和證券,2023-12-22,7030
2408,南亞科,8,4,4,致和證券,2023-12-22,7030
2204,中華,3,0,3,致和證券,2023-12-22,7030
1308,亞聚,3,0,3,致和證券,2023-12-22,7030
1522,堤維西,3,0,3,致和證券,2023-12-22,7030
1339,昭輝,3,0,3,致和證券,2023-12-22,7030
00679B,元大美債20年,3,0,3,致和證券,2023-12-22,7030
2882,國泰金,102,0,102,致和證券,2023-12-25,7030
3105,穩懋,92,1,91,致和證券,2023-12-25,7030
2888,新光金,50,1,49,致和證券,2023-12-25,7030
2609,陽明,73,29,44,致和證券,2023-12-25,7030
00919,群益台灣精選高息,33,0,33,致和證券,2023-12-25,7030
2885,元大金,30,0,30,致和證券,2023-12-25,7030
2408,南亞科,26,0,26,致和證券,2023-12-25,7030
00680L,元大美債20正2,21,0,21,致和證券,2023-12-25,7030
9904,寶成,21,0,21,致和證券,2023-12-25,7030
1521,大億,20,0,20,致和證券,2023-12-25,7030
1314,中石化,21,2,19,致和證券,2023-12-25,7030
00929,復華台灣科技優息,18,0,18,致和證券,2023-12-25,7030
2449,京元電子,19,1,18,致和證券,2023-12-25,7030
4108,懷特,14,0,14,致和證券,2023-12-25,7030
3265,台星科,13,0,13,致和證券,2023-12-25,7030
8110,華東,13,0,13,致和證券,2023-12-25,7030
00679B,元大美債20年,11,0,11,致和證券,2023-12-25,7030
2421,建準,16,5,11,致和證券,2023-12-25,7030
5488,松普,10,0,10,致和證券,2023-12-25,7030
6026,福邦證,10,0,10,致和證券,2023-12-25,7030
4167,松瑞藥,10,0,10,致和證券,2023-12-25,7030
2023,燁輝,14,5,9,致和證券,2023-12-25,7030
2607,榮運,33,24,9,致和證券,2023-12-25,7030
8050,廣積,9,0,9,致和證券,2023-12-25,7030
2359,所羅門,8,0,8,致和證券,2023-12-25,7030
2605,新興,9,1,8,致和證券,2023-12-25,7030
6168,宏齊,8,0,8,致和證券,2023-12-25,7030
6191,精成科,8,0,8,致和證券,2023-12-25,7030
1517,利奇,7,0,7,致和證券,2023-12-25,7030
2314,台揚,7,0,7,致和證券,2023-12-25,7030
2356,英業達,53,46,7,致和證券,2023-12-25,7030
2615,萬海,9,2,7,致和證券,2023-12-25,7030
00687B,國泰20年美債,5,0,5,致和證券,2023-12-25,7030
2020,美亞,5,0,5,致和證券,2023-12-25,7030
2913,農林,5,0,5,致和證券,2023-12-25,7030
3014,聯陽,5,0,5,致和證券,2023-12-25,7030
3024,憶聲,5,0,5,致和證券,2023-12-25,7030
3346,麗清,5,0,5,致和證券,2023-12-25,7030
3437,榮創,5,0,5,致和證券,2023-12-25,7030
6125,廣運,6,1,5,致和證券,2023-12-25,7030
6841,長佳智能,5,0,5,致和證券,2023-12-25,7030
2312,金寶,7,2,5,致和證券,2023-12-25,7030
2014,中鴻,4,0,4,致和證券,2023-12-25,7030
2204,中華,4,0,4,致和證券,2023-12-25,7030
2434,統懋,4,0,4,致和證券,2023-12-25,7030
2883,凱基金,4,0,4,致和證券,2023-12-25,7030
3706,神達,5,1,4,致和證券,2023-12-25,7030
4741,泓瀚,4,0,4,致和證券,2023-12-25,7030
5521,工信,5,1,4,致和證券,2023-12-25,7030
6194,育富,5,1,4,致和證券,2023-12-25,7030
00936,台新永續高息中小,180,5,175,致和證券,2023-12-26,7030
3362,先進光,45,0,45,致和證券,2023-12-26,7030
2867,三商壽,30,0,30,致和證券,2023-12-26,7030
2356,英業達,84,55,29,致和證券,2023-12-26,7030
5488,松普,26,0,26,致和證券,2023-12-26,7030
3019,亞光,22,0,22,致和證券,2023-12-26,7030
2382,廣達,23,2,21,致和證券,2023-12-26,7030
2834,臺企銀,20,0,20,致和證券,2023-12-26,7030
2201,裕隆,18,1,17,致和證券,2023-12-26,7030
00919,群益台灣精選高息,20,6,14,致和證券,2023-12-26,7030
2014,中鴻,11,0,11,致和證券,2023-12-26,7030
2369,菱生,11,0,11,致和證券,2023-12-26,7030
2421,建準,11,1,10,致和證券,2023-12-26,7030
2634,漢翔,10,0,10,致和證券,2023-12-26,7030
3293,鈊象,10,0,10,致和證券,2023-12-26,7030
3540,曜越,10,0,10,致和證券,2023-12-26,7030
6191,精成科,10,0,10,致和證券,2023-12-26,7030
6661,威健生技,10,0,10,致和證券,2023-12-26,7030
9105,泰金寶-DR,10,0,10,致和證券,2023-12-26,7030
00929,復華台灣科技優息,11,2,9,致和證券,2023-12-26,7030
00882,中信中國高股息,8,0,8,致和證券,2023-12-26,7030
3231,緯創,16,8,8,致和證券,2023-12-26,7030
6168,宏齊,10,2,8,致和證券,2023-12-26,7030
3014,聯陽,7,0,7,致和證券,2023-12-26,7030
8110,華東,7,0,7,致和證券,2023-12-26,7030
00662,富邦NASDAQ,6,0,6,致和證券,2023-12-26,7030
2331,精英,31,25,6,致和證券,2023-12-26,7030
00937B,群益ESG投等債20,6,0,6,致和證券,2023-12-26,7030
1455,集盛,5,0,5,致和證券,2023-12-26,7030
1517,利奇,5,0,5,致和證券,2023-12-26,7030
1584,精剛,5,0,5,致和證券,2023-12-26,7030
00935,野村臺灣新科技50,5,0,5,致和證券,2023-12-26,7030
00752,中信中國50,5,0,5,致和證券,2023-12-26,7030
2362,藍天,5,0,5,致和證券,2023-12-26,7030
2363,矽統,13,8,5,致和證券,2023-12-26,7030
2434,統懋,5,0,5,致和證券,2023-12-26,7030
3118,進階,5,0,5,致和證券,2023-12-26,7030
3675,德微,5,0,5,致和證券,2023-12-26,7030
3712,永崴投控,5,0,5,致和證券,2023-12-26,7030
6576,逸達,5,0,5,致和證券,2023-12-26,7030
8064,東捷,5,0,5,致和證券,2023-12-26,7030
00877,復華中國5G,4,0,4,致和證券,2023-12-26,7030
1536,和大,4,0,4,致和證券,2023-12-26,7030
2359,所羅門,4,0,4,致和證券,2023-12-26,7030
2498,宏達電,5,1,4,致和證券,2023-12-26,7030
4532,瑞智,4,0,4,致和證券,2023-12-26,7030
5521,工信,4,0,4,致和證券,2023-12-26,7030
6533,晶心科,5,1,4,致和證券,2023-12-26,7030
6756,威鋒電子,8,4,4,致和證券,2023-12-26,7030
1524,耿鼎,3,0,3,致和證券,2023-12-26,7030
00664R,國泰臺灣加權反1,200,0,200,致和證券,2023-12-27,7030
2605,新興,152,0,152,致和證券,2023-12-27,7030
2618,長榮航,110,22,88,致和證券,2023-12-27,7030
2705,六福,76,0,76,致和證券,2023-12-27,7030
2332,友訊,62,0,62,致和證券,2023-12-27,7030
00937B,群益ESG投等債20,49,0,49,致和證券,2023-12-27,7030
2352,佳世達,55,14,41,致和證券,2023-12-27,7030
4108,懷特,28,0,28,致和證券,2023-12-27,7030
1521,大億,26,0,26,致和證券,2023-12-27,7030
2888,新光金,27,3,24,致和證券,2023-12-27,7030
3481,群創,31,10,21,致和證券,2023-12-27,7030
2369,菱生,23,3,20,致和證券,2023-12-27,7030
00662,富邦NASDAQ,16,0,16,致和證券,2023-12-27,7030
3265,台星科,20,4,16,致和證券,2023-12-27,7030
2344,華邦電,58,43,15,致和證券,2023-12-27,7030
2363,矽統,25,12,13,致和證券,2023-12-27,7030
2449,京元電子,13,1,12,致和證券,2023-12-27,7030
8110,華東,13,1,12,致和證券,2023-12-27,7030
00934,中信成長高股息,11,0,11,致和證券,2023-12-27,7030
2421,建準,11,0,11,致和證券,2023-12-27,7030
1611,中電,10,0,10,致和證券,2023-12-27,7030
1609,大亞,10,0,10,致和證券,2023-12-27,7030
1308,亞聚,11,1,10,致和證券,2023-12-27,7030
1314,中石化,10,0,10,致和證券,2023-12-27,7030
00931B,統一美債20年,10,0,10,致和證券,2023-12-27,7030
2883,凱基金,11,1,10,致和證券,2023-12-27,7030
3512,皇龍,10,0,10,致和證券,2023-12-27,7030
00680L,元大美債20正2,10,2,8,致和證券,2023-12-27,7030
2014,中鴻,8,0,8,致和證券,2023-12-27,7030
2312,金寶,12,4,8,致和證券,2023-12-27,7030
4120,友華,8,0,8,致和證券,2023-12-27,7030
6270,倍微,8,1,7,致和證券,2023-12-27,7030
8411,福貞-KY,7,0,7,致和證券,2023-12-27,7030
00929,復華台灣科技優息,8,2,6,致和證券,2023-12-27,7030
2313,華通,16,10,6,致和證券,2023-12-27,7030
2468,華經,6,0,6,致和證券,2023-12-27,7030
2634,漢翔,8,2,6,致和證券,2023-12-27,7030
2913,農林,10,5,5,致和證券,2023-12-27,7030
1524,耿鼎,5,0,5,致和證券,2023-12-27,7030
2017,官田鋼,5,0,5,致和證券,2023-12-27,7030
5608,四維航,15,10,5,致和證券,2023-12-27,7030
6125,廣運,5,0,5,致和證券,2023-12-27,7030
8926,台汽電,5,0,5,致和證券,2023-12-27,7030
2355,敬鵬,4,0,4,致和證券,2023-12-27,7030
2405,輔信,15,11,4,致和證券,2023-12-27,7030
2610,華航,10,6,4,致和證券,2023-12-27,7030
2801,彰銀,4,0,4,致和證券,2023-12-27,7030
3362,先進光,4,0,4,致和證券,2023-12-27,7030
3491,昇達科,4,0,4,致和證券,2023-12-27,7030
6282,康舒,5,1,4,致和證券,2023-12-27,7030
2352,佳世達,228,0,228,致和證券,2023-12-28,7030
2332,友訊,130,0,130,致和證券,2023-12-28,7030
2498,宏達電,127,2,125,致和證券,2023-12-28,7030
00919,群益台灣精選高息,52,0,52,致和證券,2023-12-28,7030
2607,榮運,42,0,42,致和證券,2023-12-28,7030
00931B,統一美債20年,30,0,30,致和證券,2023-12-28,7030
2405,輔信,35,5,30,致和證券,2023-12-28,7030
00937B,群益ESG投等債20,25,0,25,致和證券,2023-12-28,7030
00715L,期街口布蘭特正2,25,0,25,致和證券,2023-12-28,7030
00679B,元大美債20年,21,0,21,致和證券,2023-12-28,7030
3265,台星科,21,0,21,致和證券,2023-12-28,7030
00882,中信中國高股息,20,0,20,致和證券,2023-12-28,7030
6550,北極星藥業-KY,20,0,20,致和證券,2023-12-28,7030
2324,仁寶,18,2,16,致和證券,2023-12-28,7030
2017,官田鋼,15,0,15,致和證券,2023-12-28,7030
2025,千興,15,0,15,致和證券,2023-12-28,7030
3338,泰碩,12,0,12,致和證券,2023-12-28,7030
8110,華東,12,0,12,致和證券,2023-12-28,7030
2365,昆盈,22,11,11,致和證券,2023-12-28,7030
2421,建準,12,1,11,致和證券,2023-12-28,7030
8930,青鋼,13,2,11,致和證券,2023-12-28,7030
00680L,元大美債20正2,10,0,10,致和證券,2023-12-28,7030
1514,亞力,16,6,10,致和證券,2023-12-28,7030
1210,大成,10,0,10,致和證券,2023-12-28,7030
2356,英業達,80,71,9,致和證券,2023-12-28,7030
1521,大億,9,0,9,致和證券,2023-12-28,7030
3231,緯創,22,13,9,致和證券,2023-12-28,7030
2705,六福,8,0,8,致和證券,2023-12-28,7030
4120,友華,8,0,8,致和證券,2023-12-28,7030
6191,精成科,8,0,8,致和證券,2023-12-28,7030
00934,中信成長高股息,7,0,7,致和證券,2023-12-28,7030
6182,合晶,7,0,7,致和證券,2023-12-28,7030
2363,矽統,12,6,6,致和證券,2023-12-28,7030
2314,台揚,6,0,6,致和證券,2023-12-28,7030
2362,藍天,8,2,6,致和證券,2023-12-28,7030
3704,合勤控,6,0,6,致和證券,2023-12-28,7030
6148,驊宏資,6,0,6,致和證券,2023-12-28,7030
8411,福貞-KY,6,0,6,致和證券,2023-12-28,7030
2603,長榮,7,2,5,致和證券,2023-12-28,7030
6276,安鈦克,5,0,5,致和證券,2023-12-28,7030
00665L,富邦�琤肭磪囓�2,5,0,5,致和證券,2023-12-28,7030
2010,春源,5,0,5,致和證券,2023-12-28,7030
2457,飛宏,5,0,5,致和證券,2023-12-28,7030
2883,凱基金,5,0,5,致和證券,2023-12-28,7030
3035,智原,5,0,5,致和證券,2023-12-28,7030
3260,威剛,5,0,5,致和證券,2023-12-28,7030
3303,岱稜,5,0,5,致和證券,2023-12-28,7030
4961,天鈺,5,0,5,致和證券,2023-12-28,7030
4966,譜瑞-KY,5,0,5,致和證券,2023-12-28,7030
1718,中纖,4,0,4,致和證券,2023-12-28,7030
00937B,群益ESG投等債20,285,8,277,致和證券,2023-12-29,7030
00919,群益台灣精選高息,69,0,69,致和證券,2023-12-29,7030
2356,英業達,93,64,29,致和證券,2023-12-29,7030
4108,懷特,21,0,21,致和證券,2023-12-29,7030
00929,復華台灣科技優息,20,0,20,致和證券,2023-12-29,7030
5328,華容,20,0,20,致和證券,2023-12-29,7030
00680L,元大美債20正2,20,2,18,致和證券,2023-12-29,7030
2014,中鴻,18,0,18,致和證券,2023-12-29,7030
6168,宏齊,16,0,16,致和證券,2023-12-29,7030
3265,台星科,25,10,15,致和證券,2023-12-29,7030
2201,裕隆,16,2,14,致和證券,2023-12-29,7030
2468,華經,12,0,12,致和證券,2023-12-29,7030
3260,威剛,20,8,12,致和證券,2023-12-29,7030
5521,工信,39,27,12,致和證券,2023-12-29,7030
2421,建準,11,0,11,致和證券,2023-12-29,7030
00715L,期街口布蘭特正2,10,0,10,致和證券,2023-12-29,7030
00882,中信中國高股息,10,0,10,致和證券,2023-12-29,7030
00902,中信電池及儲能,10,0,10,致和證券,2023-12-29,7030
1210,大成,10,0,10,致和證券,2023-12-29,7030
2344,華邦電,41,31,10,致和證券,2023-12-29,7030
2888,新光金,15,5,10,致和證券,2023-12-29,7030
3284,太普高,10,0,10,致和證券,2023-12-29,7030
3704,合勤控,10,0,10,致和證券,2023-12-29,7030
4120,友華,10,0,10,致和證券,2023-12-29,7030
6169,昱泉,10,0,10,致和證券,2023-12-29,7030
6550,北極星藥業-KY,10,0,10,致和證券,2023-12-29,7030
3025,星通,9,0,9,致和證券,2023-12-29,7030
1609,大亞,7,1,6,致和證券,2023-12-29,7030
2025,千興,6,0,6,致和證券,2023-12-29,7030
2426,鼎元,6,0,6,致和證券,2023-12-29,7030
4979,華星光,9,3,6,致和證券,2023-12-29,7030
4961,天鈺,10,5,5,致和證券,2023-12-29,7030
1301,台塑,5,0,5,致和證券,2023-12-29,7030
1514,亞力,7,2,5,致和證券,2023-12-29,7030
2038,海光,5,0,5,致和證券,2023-12-29,7030
2367,燿華,5,0,5,致和證券,2023-12-29,7030
2405,輔信,5,0,5,致和證券,2023-12-29,7030
6152,百一,5,0,5,致和證券,2023-12-29,7030
6538,倉和,5,0,5,致和證券,2023-12-29,7030
1438,三地開發,4,0,4,致和證券,2023-12-29,7030
2340,台亞,5,1,4,致和證券,2023-12-29,7030
3041,揚智,4,0,4,致和證券,2023-12-29,7030
6204,艾華,4,0,4,致和證券,2023-12-29,7030
6470,宇智,4,0,4,致和證券,2023-12-29,7030
6661,威健生技,4,0,4,致和證券,2023-12-29,7030
6770,力積電,6,2,4,致和證券,2023-12-29,7030
8940,新天地,4,0,4,致和證券,2023-12-29,7030
2376,技嘉,6,2,4,致和證券,2023-12-29,7030
1536,和大,3,0,3,致和證券,2023-12-29,7030
1806,冠軍,4,1,3,致和證券,2023-12-29,7030
2356,英業達,81,19,62,致和證券,2024-01-02,7030
00929,復華台灣科技優息,63,4,59,致和證券,2024-01-02,7030
00919,群益台灣精選高息,43,0,43,致和證券,2024-01-02,7030
2017,官田鋼,50,15,35,致和證券,2024-01-02,7030
00937B,群益ESG投等債20,34,1,33,致和證券,2024-01-02,7030
2303,聯電,43,11,32,致和證券,2024-01-02,7030
00680L,元大美債20正2,30,0,30,致和證券,2024-01-02,7030
2705,六福,30,0,30,致和證券,2024-01-02,7030
2883,凱基金,30,2,28,致和證券,2024-01-02,7030
1314,中石化,30,3,27,致和證券,2024-01-02,7030
3231,緯創,54,31,23,致和證券,2024-01-02,7030
6770,力積電,20,2,18,致和證券,2024-01-02,7030
9904,寶成,18,0,18,致和證券,2024-01-02,7030
1718,中纖,16,0,16,致和證券,2024-01-02,7030
00878,國泰永續高股息,15,3,12,致和證券,2024-01-02,7030
1702,南僑,12,0,12,致和證券,2024-01-02,7030
2501,國建,13,2,11,致和證券,2024-01-02,7030
3704,合勤控,11,0,11,致和證券,2024-01-02,7030
00902,中信電池及儲能,10,0,10,致和證券,2024-01-02,7030
2025,千興,10,0,10,致和證券,2024-01-02,7030
3540,曜越,10,0,10,致和證券,2024-01-02,7030
5512,力麒,10,0,10,致和證券,2024-01-02,7030
6550,北極星藥業-KY,10,0,10,致和證券,2024-01-02,7030
8933,愛地雅,10,0,10,致和證券,2024-01-02,7030
00712,復華富時不動產,9,0,9,致和證券,2024-01-02,7030
2355,敬鵬,10,1,9,致和證券,2024-01-02,7030
00934,中信成長高股息,8,0,8,致和證券,2024-01-02,7030
00933B,國泰10Y+金融債,8,0,8,致和證券,2024-01-02,7030
2014,中鴻,8,0,8,致和證券,2024-01-02,7030
2352,佳世達,17,10,7,致和證券,2024-01-02,7030
2405,輔信,17,10,7,致和證券,2024-01-02,7030
4942,嘉彰,7,0,7,致和證券,2024-01-02,7030
1319,東陽,6,0,6,致和證券,2024-01-02,7030
1515,力山,6,0,6,致和證券,2024-01-02,7030
2383,台光電,7,1,6,致和證券,2024-01-02,7030
2605,新興,7,1,6,致和證券,2024-01-02,7030
9945,潤泰新,11,5,6,致和證券,2024-01-02,7030
00891,中信關鍵半導體,5,0,5,致和證券,2024-01-02,7030
2515,中工,8,3,5,致和證券,2024-01-02,7030
00897,富邦基因免疫生技,10,6,4,致和證券,2024-01-02,7030
2331,精英,7,3,4,致和證券,2024-01-02,7030
3006,晶豪科,4,0,4,致和證券,2024-01-02,7030
4120,友華,4,0,4,致和證券,2024-01-02,7030
6179,亞通,4,0,4,致和證券,2024-01-02,7030
6415,矽力*-KY,4,0,4,致和證券,2024-01-02,7030
2609,陽明,42,39,3,致和證券,2024-01-02,7030
6276,安鈦克,5,2,3,致和證券,2024-01-02,7030
0056,元大高股息,3,0,3,致和證券,2024-01-02,7030
2359,所羅門,3,0,3,致和證券,2024-01-02,7030
2367,燿華,3,0,3,致和證券,2024-01-02,7030
2303,聯電,54,0,54,致和證券,2024-01-03,7030
00715L,期街口布蘭特正2,48,0,48,致和證券,2024-01-03,7030
2017,官田鋼,40,0,40,致和證券,2024-01-03,7030
2705,六福,36,0,36,致和證券,2024-01-03,7030
5488,松普,33,0,33,致和證券,2024-01-03,7030
00882,中信中國高股息,30,0,30,致和證券,2024-01-03,7030
3481,群創,31,1,30,致和證券,2024-01-03,7030
3230,錦明,20,0,20,致和證券,2024-01-03,7030
2201,裕隆,18,0,18,致和證券,2024-01-03,7030
1101,台泥,17,0,17,致和證券,2024-01-03,7030
00881,國泰台灣5G+,17,0,17,致和證券,2024-01-03,7030
2324,仁寶,18,1,17,致和證券,2024-01-03,7030
0056,元大高股息,16,0,16,致和證券,2024-01-03,7030
6770,力積電,19,3,16,致和證券,2024-01-03,7030
2353,宏��,35,22,13,致和證券,2024-01-03,7030
00927,群益半導體收益,13,0,13,致和證券,2024-01-03,7030
00931B,統一美債20年,13,0,13,致和證券,2024-01-03,7030
1701,中化,13,0,13,致和證券,2024-01-03,7030
2362,藍天,16,3,13,致和證券,2024-01-03,7030
2882,國泰金,12,0,12,致和證券,2024-01-03,7030
00878,國泰永續高股息,12,0,12,致和證券,2024-01-03,7030
00937B,群益ESG投等債20,21,10,11,致和證券,2024-01-03,7030
00934,中信成長高股息,11,0,11,致和證券,2024-01-03,7030
00915,凱基優選高股息30,11,0,11,致和證券,2024-01-03,7030
6485,點序,11,0,11,致和證券,2024-01-03,7030
2323,中環,10,0,10,致和證券,2024-01-03,7030
2883,凱基金,10,0,10,致和證券,2024-01-03,7030
9105,泰金寶-DR,10,0,10,致和證券,2024-01-03,7030
9934,成霖,10,0,10,致和證券,2024-01-03,7030
2603,長榮,16,6,10,致和證券,2024-01-03,7030
1605,華新,8,0,8,致和證券,2024-01-03,7030
00877,復華中國5G,8,0,8,致和證券,2024-01-03,7030
2634,漢翔,8,0,8,致和證券,2024-01-03,7030
4931,新盛力,8,0,8,致和證券,2024-01-03,7030
1612,宏泰,7,0,7,致和證券,2024-01-03,7030
00929,復華台灣科技優息,67,61,6,致和證券,2024-01-03,7030
2610,華航,39,33,6,致和證券,2024-01-03,7030
6550,北極星藥業-KY,6,0,6,致和證券,2024-01-03,7030
2330,台積電,5,0,5,致和證券,2024-01-03,7030
1314,中石化,5,0,5,致和證券,2024-01-03,7030
00885,富邦越南,5,0,5,致和證券,2024-01-03,7030
1326,台化,5,0,5,致和證券,2024-01-03,7030
1618,合機,6,1,5,致和證券,2024-01-03,7030
2885,元大金,7,2,5,致和證券,2024-01-03,7030
2886,兆豐金,5,0,5,致和證券,2024-01-03,7030
3017,奇鋐,8,3,5,致和證券,2024-01-03,7030
3265,台星科,5,0,5,致和證券,2024-01-03,7030
3694,海華,5,0,5,致和證券,2024-01-03,7030
5880,合庫金,5,0,5,致和證券,2024-01-03,7030
6125,廣運,5,0,5,致和證券,2024-01-03,7030
6257,矽格,76,0,76,致和證券,2024-01-04,7030
2610,華航,58,2,56,致和證券,2024-01-04,7030
2009,第一銅,40,5,35,致和證券,2024-01-04,7030
00929,復華台灣科技優息,70,41,29,致和證券,2024-01-04,7030
00712,復華富時不動產,21,0,21,致和證券,2024-01-04,7030
5328,華容,20,0,20,致和證券,2024-01-04,7030
8049,晶采,30,10,20,致和證券,2024-01-04,7030
6235,華孚,21,2,19,致和證券,2024-01-04,7030
6125,廣運,18,1,17,致和證券,2024-01-04,7030
00919,群益台灣精選高息,20,4,16,致和證券,2024-01-04,7030
3623,富晶通,16,0,16,致和證券,2024-01-04,7030
6276,安鈦克,14,0,14,致和證券,2024-01-04,7030
3694,海華,15,1,14,致和證券,2024-01-04,7030
3704,合勤控,15,2,13,致和證券,2024-01-04,7030
5608,四維航,13,1,12,致和證券,2024-01-04,7030
1466,聚隆,31,20,11,致和證券,2024-01-04,7030
00934,中信成長高股息,11,0,11,致和證券,2024-01-04,7030
00937B,群益ESG投等債20,10,0,10,致和證券,2024-01-04,7030
2025,千興,10,0,10,致和證券,2024-01-04,7030
2705,六福,10,0,10,致和證券,2024-01-04,7030
2882,國泰金,10,0,10,致和證券,2024-01-04,7030
3230,錦明,10,0,10,致和證券,2024-01-04,7030
6194,育富,10,0,10,致和證券,2024-01-04,7030
8046,南電,10,0,10,致和證券,2024-01-04,7030
8110,華東,10,0,10,致和證券,2024-01-04,7030
9105,泰金寶-DR,10,0,10,致和證券,2024-01-04,7030
3252,海灣,9,0,9,致和證券,2024-01-04,7030
5450,南良,11,2,9,致和證券,2024-01-04,7030
00770,國泰北美科技,8,0,8,致和證券,2024-01-04,7030
2324,仁寶,16,8,8,致和證券,2024-01-04,7030
2387,精元,8,0,8,致和證券,2024-01-04,7030
1101,台泥,7,0,7,致和證券,2024-01-04,7030
3265,台星科,7,0,7,致和證券,2024-01-04,7030
00933B,國泰10Y+金融債,6,0,6,致和證券,2024-01-04,7030
2344,華邦電,6,0,6,致和證券,2024-01-04,7030
2367,燿華,6,0,6,致和證券,2024-01-04,7030
2352,佳世達,12,7,5,致和證券,2024-01-04,7030
1216,統一,5,0,5,致和證券,2024-01-04,7030
00891,中信關鍵半導體,5,0,5,致和證券,2024-01-04,7030
1102,亞泥,5,0,5,致和證券,2024-01-04,7030
2206,三陽工業,9,4,5,致和證券,2024-01-04,7030
2303,聯電,13,8,5,致和證券,2024-01-04,7030
2331,精英,44,39,5,致和證券,2024-01-04,7030
2481,強茂,5,0,5,致和證券,2024-01-04,7030
3041,揚智,5,0,5,致和證券,2024-01-04,7030
3264,欣銓,5,0,5,致和證券,2024-01-04,7030
3499,環天科,5,0,5,致和證券,2024-01-04,7030
6275,元山,5,0,5,致和證券,2024-01-04,7030
8255,朋程,5,0,5,致和證券,2024-01-04,7030
2353,宏��,20,16,4,致和證券,2024-01-04,7030
2308,台達電,300,0,300,致和證券,2024-01-05,7030
00929,復華台灣科技優息,111,3,108,致和證券,2024-01-05,7030
5488,松普,40,1,39,致和證券,2024-01-05,7030
2618,長榮航,42,4,38,致和證券,2024-01-05,7030
2356,英業達,75,39,36,致和證券,2024-01-05,7030
6257,矽格,30,0,30,致和證券,2024-01-05,7030
9904,寶成,29,0,29,致和證券,2024-01-05,7030
00680L,元大美債20正2,20,0,20,致和證券,2024-01-05,7030
9103,美德醫療-DR,20,0,20,致和證券,2024-01-05,7030
00919,群益台灣精選高息,19,0,19,致和證券,2024-01-05,7030
2834,臺企銀,17,0,17,致和證券,2024-01-05,7030
2352,佳世達,24,11,13,致和證券,2024-01-05,7030
2492,華新科,12,0,12,致和證券,2024-01-05,7030
4938,和碩,13,1,12,致和證券,2024-01-05,7030
2434,統懋,11,0,11,致和證券,2024-01-05,7030
00712,復華富時不動產,10,0,10,致和證券,2024-01-05,7030
2313,華通,20,10,10,致和證券,2024-01-05,7030
2337,旺宏,16,6,10,致和證券,2024-01-05,7030
2369,菱生,10,0,10,致和證券,2024-01-05,7030
3231,緯創,17,7,10,致和證券,2024-01-05,7030
5392,能率,10,0,10,致和證券,2024-01-05,7030
2025,千興,10,1,9,致和證券,2024-01-05,7030
2449,京元電子,10,1,9,致和證券,2024-01-05,7030
3041,揚智,9,0,9,致和證券,2024-01-05,7030
5450,南良,10,1,9,致和證券,2024-01-05,7030
1325,恆大,8,0,8,致和證券,2024-01-05,7030
2606,裕民,13,5,8,致和證券,2024-01-05,7030
2327,國巨,7,0,7,致和證券,2024-01-05,7030
2344,華邦電,8,2,6,致和證券,2024-01-05,7030
1721,三晃,6,0,6,致和證券,2024-01-05,7030
2324,仁寶,16,10,6,致和證券,2024-01-05,7030
3264,欣銓,6,0,6,致和證券,2024-01-05,7030
8110,華東,6,0,6,致和證券,2024-01-05,7030
3034,聯詠,6,0,6,致和證券,2024-01-05,7030
1609,大亞,5,0,5,致和證券,2024-01-05,7030
00931B,統一美債20年,5,0,5,致和證券,2024-01-05,7030
00673R,期元大S＆P原油反1,5,0,5,致和證券,2024-01-05,7030
2031,新光鋼,5,0,5,致和證券,2024-01-05,7030
2038,海光,5,0,5,致和證券,2024-01-05,7030
2633,台灣高鐵,5,0,5,致和證券,2024-01-05,7030
3617,碩天,5,0,5,致和證券,2024-01-05,7030
8349,�矬�,5,0,5,致和證券,2024-01-05,7030
2206,三陽工業,9,5,4,致和證券,2024-01-05,7030
00877,復華中國5G,4,0,4,致和證券,2024-01-05,7030
2323,中環,4,0,4,致和證券,2024-01-05,7030
3516,亞帝歐,4,0,4,致和證券,2024-01-05,7030
3037,欣興,4,0,4,致和證券,2024-01-05,7030
2353,宏��,11,8,3,致和證券,2024-01-05,7030
1524,耿鼎,3,0,3,致和證券,2024-01-05,7030
00679B,元大美債20年,3,0,3,致和證券,2024-01-05,7030
2331,精英,104,2,102,致和證券,2024-01-08,7030
00929,復華台灣科技優息,85,2,83,致和證券,2024-01-08,7030
00632R,元大台灣50反1,50,0,50,致和證券,2024-01-08,7030
9103,美德醫療-DR,40,0,40,致和證券,2024-01-08,7030
2303,聯電,34,2,32,致和證券,2024-01-08,7030
00937B,群益ESG投等債20,27,0,27,致和證券,2024-01-08,7030
00931B,統一美債20年,21,0,21,致和證券,2024-01-08,7030
3265,台星科,21,0,21,致和證券,2024-01-08,7030
3046,建��,20,2,18,致和證券,2024-01-08,7030
00753L,中信中國50正2,17,0,17,致和證券,2024-01-08,7030
3362,先進光,16,0,16,致和證券,2024-01-08,7030
2506,太設,15,0,15,致和證券,2024-01-08,7030
00919,群益台灣精選高息,33,20,13,致和證券,2024-01-08,7030
6276,安鈦克,12,0,12,致和證券,2024-01-08,7030
00680L,元大美債20正2,12,0,12,致和證券,2024-01-08,7030
00715L,期街口布蘭特正2,11,0,11,致和證券,2024-01-08,7030
1584,精剛,28,17,11,致和證券,2024-01-08,7030
2605,新興,13,2,11,致和證券,2024-01-08,7030
2884,玉山金,11,0,11,致和證券,2024-01-08,7030
5608,四維航,21,10,11,致和證券,2024-01-08,7030
0056,元大高股息,10,0,10,致和證券,2024-01-08,7030
2002,中鋼,10,0,10,致和證券,2024-01-08,7030
2405,輔信,11,1,10,致和證券,2024-01-08,7030
2615,萬海,10,0,10,致和證券,2024-01-08,7030
3230,錦明,10,0,10,致和證券,2024-01-08,7030
6191,精成科,10,0,10,致和證券,2024-01-08,7030
00933B,國泰10Y+金融債,9,0,9,致和證券,2024-01-08,7030
2888,新光金,10,1,9,致和證券,2024-01-08,7030
3006,晶豪科,9,0,9,致和證券,2024-01-08,7030
3260,威剛,11,2,9,致和證券,2024-01-08,7030
6684,安格,11,2,9,致和證券,2024-01-08,7030
2353,宏��,71,62,9,致和證券,2024-01-08,7030
2317,鴻海,7,0,7,致和證券,2024-01-08,7030
2352,佳世達,11,4,7,致和證券,2024-01-08,7030
2618,長榮航,32,25,7,致和證券,2024-01-08,7030
3231,緯創,51,44,7,致和證券,2024-01-08,7030
1524,耿鼎,6,0,6,致和證券,2024-01-08,7030
2489,瑞軒,7,1,6,致和證券,2024-01-08,7030
9906,欣巴巴,7,1,6,致和證券,2024-01-08,7030
1409,新纖,5,0,5,致和證券,2024-01-08,7030
1718,中纖,5,0,5,致和證券,2024-01-08,7030
1514,亞力,16,11,5,致和證券,2024-01-08,7030
00927,群益半導體收益,5,0,5,致和證券,2024-01-08,7030
1795,美時,8,3,5,致和證券,2024-01-08,7030
2032,新鋼,5,0,5,致和證券,2024-01-08,7030
2449,京元電子,5,0,5,致和證券,2024-01-08,7030
2609,陽明,17,12,5,致和證券,2024-01-08,7030
6168,宏齊,6,1,5,致和證券,2024-01-08,7030
6186,新潤,5,0,5,致和證券,2024-01-08,7030
9951,皇田,5,0,5,致和證券,2024-01-08,7030
3362,先進光,109,0,109,致和證券,2024-01-09,7030
2356,英業達,114,16,98,致和證券,2024-01-09,7030
00919,群益台灣精選高息,51,0,51,致和證券,2024-01-09,7030
00680L,元大美債20正2,51,0,51,致和證券,2024-01-09,7030
00664R,國泰臺灣加權反1,50,0,50,致和證券,2024-01-09,7030
2609,陽明,53,15,38,致和證券,2024-01-09,7030
2634,漢翔,44,11,33,致和證券,2024-01-09,7030
6220,岳豐,30,0,30,致和證券,2024-01-09,7030
00715L,期街口布蘭特正2,28,0,28,致和證券,2024-01-09,7030
2618,長榮航,62,36,26,致和證券,2024-01-09,7030
3260,威剛,31,5,26,致和證券,2024-01-09,7030
00929,復華台灣科技優息,22,0,22,致和證券,2024-01-09,7030
00927,群益半導體收益,20,0,20,致和證券,2024-01-09,7030
1603,華電,17,0,17,致和證券,2024-01-09,7030
2641,正德,17,0,17,致和證券,2024-01-09,7030
2344,華邦電,17,2,15,致和證券,2024-01-09,7030
2402,毅嘉,15,0,15,致和證券,2024-01-09,7030
2014,中鴻,14,0,14,致和證券,2024-01-09,7030
1301,台塑,12,0,12,致和證券,2024-01-09,7030
3022,威強電,11,0,11,致和證券,2024-01-09,7030
3041,揚智,11,0,11,致和證券,2024-01-09,7030
3231,緯創,40,30,10,致和證券,2024-01-09,7030
00891,中信關鍵半導體,10,0,10,致和證券,2024-01-09,7030
2324,仁寶,22,12,10,致和證券,2024-01-09,7030
2331,精英,12,2,10,致和證券,2024-01-09,7030
2883,凱基金,10,0,10,致和證券,2024-01-09,7030
6125,廣運,10,0,10,致和證券,2024-01-09,7030
6443,元晶,10,0,10,致和證券,2024-01-09,7030
2421,建準,9,0,9,致和證券,2024-01-09,7030
2888,新光金,15,6,9,致和證券,2024-01-09,7030
1605,華新,7,0,7,致和證券,2024-01-09,7030
2303,聯電,11,4,7,致和證券,2024-01-09,7030
2705,六福,7,0,7,致和證券,2024-01-09,7030
8411,福貞-KY,7,0,7,致和證券,2024-01-09,7030
2405,輔信,7,1,6,致和證券,2024-01-09,7030
3234,光環,6,0,6,致和證券,2024-01-09,7030
4916,事欣科,6,0,6,致和證券,2024-01-09,7030
4977,眾達-KY,6,0,6,致和證券,2024-01-09,7030
5353,台林,6,0,6,致和證券,2024-01-09,7030
5519,隆大,14,8,6,致和證券,2024-01-09,7030
2308,台達電,5,0,5,致和證券,2024-01-09,7030
00931B,統一美債20年,5,0,5,致和證券,2024-01-09,7030
2329,華泰,8,3,5,致和證券,2024-01-09,7030
2477,美隆電,5,0,5,致和證券,2024-01-09,7030
6756,威鋒電子,5,0,5,致和證券,2024-01-09,7030
1609,大亞,5,1,4,致和證券,2024-01-09,7030
2353,宏��,16,12,4,致和證券,2024-01-09,7030
2612,中航,5,1,4,致和證券,2024-01-09,7030
3406,玉晶光,4,0,4,致和證券,2024-01-09,7030
3564,其陽,4,0,4,致和證券,2024-01-09,7030
00632R,元大台灣50反1,100,0,100,致和證券,2024-01-10,7030
2609,陽明,56,25,31,致和證券,2024-01-10,7030
6220,岳豐,29,1,28,致和證券,2024-01-10,7030
00919,群益台灣精選高息,24,0,24,致和證券,2024-01-10,7030
00930,永豐ESG低碳高息,20,0,20,致和證券,2024-01-10,7030
3006,晶豪科,20,0,20,致和證券,2024-01-10,7030
2405,輔信,21,3,18,致和證券,2024-01-10,7030
2885,元大金,16,0,16,致和證券,2024-01-10,7030
6148,驊宏資,15,0,15,致和證券,2024-01-10,7030
3252,海灣,14,0,14,致和證券,2024-01-10,7030
00929,復華台灣科技優息,13,0,13,致和證券,2024-01-10,7030
3059,華晶科,13,0,13,致和證券,2024-01-10,7030
1608,華榮,52,40,12,致和證券,2024-01-10,7030
5272,笙科,11,0,11,致和證券,2024-01-10,7030
00688L,國泰20年美債正2,10,0,10,致和證券,2024-01-10,7030
2801,彰銀,10,0,10,致和證券,2024-01-10,7030
2883,凱基金,10,0,10,致和證券,2024-01-10,7030
3230,錦明,10,0,10,致和證券,2024-01-10,7030
3362,先進光,10,0,10,致和證券,2024-01-10,7030
5353,台林,10,0,10,致和證券,2024-01-10,7030
2301,光寶科,9,0,9,致和證券,2024-01-10,7030
2362,藍天,12,3,9,致和證券,2024-01-10,7030
2344,華邦電,11,3,8,致和證券,2024-01-10,7030
3022,威強電,8,0,8,致和證券,2024-01-10,7030
3049,精金,8,0,8,致和證券,2024-01-10,7030
3260,威剛,9,1,8,致和證券,2024-01-10,7030
4716,大立,8,0,8,致和證券,2024-01-10,7030
1514,亞力,11,4,7,致和證券,2024-01-10,7030
1815,富喬,7,0,7,致和證券,2024-01-10,7030
2324,仁寶,17,10,7,致和證券,2024-01-10,7030
2356,英業達,47,40,7,致和證券,2024-01-10,7030
2611,志信,10,3,7,致和證券,2024-01-10,7030
00878,國泰永續高股息,6,0,6,致和證券,2024-01-10,7030
00927,群益半導體收益,6,0,6,致和證券,2024-01-10,7030
2012,春雨,6,0,6,致和證券,2024-01-10,7030
2705,六福,6,0,6,致和證券,2024-01-10,7030
8109,博大,6,0,6,致和證券,2024-01-10,7030
00918,大華優利高填息30,5,0,5,致和證券,2024-01-10,7030
2206,三陽工業,5,0,5,致和證券,2024-01-10,7030
2312,金寶,6,1,5,致和證券,2024-01-10,7030
2371,大同,86,81,5,致和證券,2024-01-10,7030
2427,三商電,5,0,5,致和證券,2024-01-10,7030
2460,建通,5,0,5,致和證券,2024-01-10,7030
2515,中工,10,5,5,致和證券,2024-01-10,7030
2597,潤弘,5,0,5,致和證券,2024-01-10,7030
2882,國泰金,5,0,5,致和證券,2024-01-10,7030
5608,四維航,5,0,5,致和證券,2024-01-10,7030
6139,亞翔,5,0,5,致和證券,2024-01-10,7030
6248,沛波,5,0,5,致和證券,2024-01-10,7030
2327,國巨,4,0,4,致和證券,2024-01-10,7030
00664R,國泰臺灣加權反1,50,0,50,致和證券,2024-01-11,7030
00929,復華台灣科技優息,46,1,45,致和證券,2024-01-11,7030
3362,先進光,30,0,30,致和證券,2024-01-11,7030
2017,官田鋼,23,0,23,致和證券,2024-01-11,7030
2449,京元電子,24,1,23,致和證券,2024-01-11,7030
3264,欣銓,23,3,20,致和證券,2024-01-11,7030
2331,精英,26,8,18,致和證券,2024-01-11,7030
6276,安鈦克,18,0,18,致和證券,2024-01-11,7030
2610,華航,38,21,17,致和證券,2024-01-11,7030
6164,華興,16,0,16,致和證券,2024-01-11,7030
6120,達運,17,3,14,致和證券,2024-01-11,7030
2353,宏��,33,20,13,致和證券,2024-01-11,7030
2834,臺企銀,13,0,13,致和證券,2024-01-11,7030
2883,凱基金,13,0,13,致和證券,2024-01-11,7030
6152,百一,12,0,12,致和證券,2024-01-11,7030
2423,固緯,11,0,11,致和證券,2024-01-11,7030
2634,漢翔,11,0,11,致和證券,2024-01-11,7030
6257,矽格,11,0,11,致和證券,2024-01-11,7030
00715L,期街口布蘭特正2,10,0,10,致和證券,2024-01-11,7030
00688L,國泰20年美債正2,10,0,10,致和證券,2024-01-11,7030
00935,野村臺灣新科技50,10,0,10,致和證券,2024-01-11,7030
3006,晶豪科,10,0,10,致和證券,2024-01-11,7030
3260,威剛,26,16,10,致和證券,2024-01-11,7030
6167,久正,10,0,10,致和證券,2024-01-11,7030
6275,元山,10,0,10,致和證券,2024-01-11,7030
6770,力積電,10,0,10,致和證券,2024-01-11,7030
9105,泰金寶-DR,10,0,10,致和證券,2024-01-11,7030
2408,南亞科,10,1,9,致和證券,2024-01-11,7030
2303,聯電,9,0,9,致和證券,2024-01-11,7030
00919,群益台灣精選高息,9,0,9,致和證券,2024-01-11,7030
2498,宏達電,12,4,8,致和證券,2024-01-11,7030
2605,新興,8,0,8,致和證券,2024-01-11,7030
2324,仁寶,14,7,7,致和證券,2024-01-11,7030
6148,驊宏資,7,0,7,致和證券,2024-01-11,7030
1440,南紡,6,0,6,致和證券,2024-01-11,7030
2038,海光,6,0,6,致和證券,2024-01-11,7030
2317,鴻海,6,0,6,致和證券,2024-01-11,7030
2344,華邦電,7,1,6,致和證券,2024-01-11,7030
5398,慕康生醫,6,0,6,致和證券,2024-01-11,7030
6462,神盾,10,4,6,致和證券,2024-01-11,7030
8421,旭源,14,8,6,致和證券,2024-01-11,7030
1795,美時,6,1,5,致和證券,2024-01-11,7030
1101,台泥,5,0,5,致和證券,2024-01-11,7030
00706L,期元大S＆P日圓正2,5,0,5,致和證券,2024-01-11,7030
00679B,元大美債20年,5,0,5,致和證券,2024-01-11,7030
2516,新建,7,2,5,致和證券,2024-01-11,7030
2816,旺旺保,5,0,5,致和證券,2024-01-11,7030
3062,建漢,5,0,5,致和證券,2024-01-11,7030
6142,友勁,5,0,5,致和證券,2024-01-11,7030
0056,元大高股息,4,0,4,致和證券,2024-01-11,7030
00929,復華台灣科技優息,51,0,51,致和證券,2024-01-12,7030
00927,群益半導體收益,32,0,32,致和證券,2024-01-12,7030
2208,台船,31,1,30,致和證券,2024-01-12,7030
2331,精英,21,0,21,致和證券,2024-01-12,7030
4908,前鼎,21,0,21,致和證券,2024-01-12,7030
6770,力積電,21,0,21,致和證券,2024-01-12,7030
2031,新光鋼,20,0,20,致和證券,2024-01-12,7030
4108,懷特,20,0,20,致和證券,2024-01-12,7030
2376,技嘉,20,1,19,致和證券,2024-01-12,7030
3265,台星科,20,2,18,致和證券,2024-01-12,7030
2340,台亞,15,0,15,致和證券,2024-01-12,7030
4743,合一,16,1,15,致和證券,2024-01-12,7030
4121,優盛,14,0,14,致和證券,2024-01-12,7030
1909,榮成,12,0,12,致和證券,2024-01-12,7030
00919,群益台灣精選高息,11,0,11,致和證券,2024-01-12,7030
6148,驊宏資,12,1,11,致和證券,2024-01-12,7030
2492,華新科,10,0,10,致和證券,2024-01-12,7030
2610,華航,11,1,10,致和證券,2024-01-12,7030
4720,德淵,10,0,10,致和證券,2024-01-12,7030
2515,中工,9,0,9,致和證券,2024-01-12,7030
3372,典範,9,0,9,致和證券,2024-01-12,7030
2362,藍天,12,4,8,致和證券,2024-01-12,7030
2637,慧洋-KY,9,1,8,致和證券,2024-01-12,7030
2883,凱基金,11,3,8,致和證券,2024-01-12,7030
3373,熱映,8,0,8,致和證券,2024-01-12,7030
8071,能率網通,8,0,8,致和證券,2024-01-12,7030
1310,台苯,8,0,8,致和證券,2024-01-12,7030
2329,華泰,10,3,7,致和證券,2024-01-12,7030
8931,大汽電,7,0,7,致和證券,2024-01-12,7030
2401,凌陽,6,0,6,致和證券,2024-01-12,7030
6213,聯茂,6,0,6,致和證券,2024-01-12,7030
00679B,元大美債20年,5,0,5,致和證券,2024-01-12,7030
1568,倉佑,5,0,5,致和證券,2024-01-12,7030
2449,京元電子,6,1,5,致和證券,2024-01-12,7030
6756,威鋒電子,5,0,5,致和證券,2024-01-12,7030
8927,北基,5,0,5,致和證券,2024-01-12,7030
2324,仁寶,8,3,5,致和證券,2024-01-12,7030
3680,家登,4,0,4,致和證券,2024-01-12,7030
4909,新復興,4,0,4,致和證券,2024-01-12,7030
6169,昱泉,4,0,4,致和證券,2024-01-12,7030
2357,華碩,3,0,3,致和證券,2024-01-12,7030
1319,東陽,3,0,3,致和證券,2024-01-12,7030
00904,新光臺灣半導體30,3,0,3,致和證券,2024-01-12,7030
1605,華新,3,0,3,致和證券,2024-01-12,7030
2423,固緯,3,0,3,致和證券,2024-01-12,7030
2888,新光金,10,7,3,致和證券,2024-01-12,7030
5328,華容,3,0,3,致和證券,2024-01-12,7030
6186,新潤,3,0,3,致和證券,2024-01-12,7030
8105,凌巨,3,0,3,致和證券,2024-01-12,7030
8299,群聯,3,0,3,致和證券,2024-01-12,7030
2705,六福,160,0,160,致和證券,2024-01-15,7030
2634,漢翔,145,20,125,致和證券,2024-01-15,7030
2356,英業達,77,36,41,致和證券,2024-01-15,7030
2312,金寶,40,2,38,致和證券,2024-01-15,7030
00935,野村臺灣新科技50,34,0,34,致和證券,2024-01-15,7030
3231,緯創,72,41,31,致和證券,2024-01-15,7030
2883,凱基金,30,0,30,致和證券,2024-01-15,7030
00680L,元大美債20正2,23,0,23,致和證券,2024-01-15,7030
00715L,期街口布蘭特正2,21,1,20,致和證券,2024-01-15,7030
2406,國碩,17,1,16,致和證券,2024-01-15,7030
00688L,國泰20年美債正2,14,0,14,致和證券,2024-01-15,7030
00929,復華台灣科技優息,14,0,14,致和證券,2024-01-15,7030
2887,台新金,12,0,12,致和證券,2024-01-15,7030
6125,廣運,22,10,12,致和證券,2024-01-15,7030
00902,中信電池及儲能,10,0,10,致和證券,2024-01-15,7030
00918,大華優利高填息30,10,0,10,致和證券,2024-01-15,7030
3703,欣陸,10,0,10,致和證券,2024-01-15,7030
4743,合一,11,1,10,致和證券,2024-01-15,7030
2017,官田鋼,20,11,9,致和證券,2024-01-15,7030
2329,華泰,10,1,9,致和證券,2024-01-15,7030
3252,海灣,8,0,8,致和證券,2024-01-15,7030
3373,熱映,8,0,8,致和證券,2024-01-15,7030
6770,力積電,8,1,7,致和證券,2024-01-15,7030
2882,國泰金,7,0,7,致和證券,2024-01-15,7030
6186,新潤,7,0,7,致和證券,2024-01-15,7030
00770,國泰北美科技,7,1,6,致和證券,2024-01-15,7030
5009,榮剛,7,1,6,致和證券,2024-01-15,7030
00937B,群益ESG投等債20,5,0,5,致和證券,2024-01-15,7030
1584,精剛,5,0,5,致和證券,2024-01-15,7030
1781,合世,5,0,5,致和證券,2024-01-15,7030
2332,友訊,5,0,5,致和證券,2024-01-15,7030
2401,凌陽,15,10,5,致和證券,2024-01-15,7030
2913,農林,4,0,4,致和證券,2024-01-15,7030
6615,慧智,4,0,4,致和證券,2024-01-15,7030
00919,群益台灣精選高息,3,0,3,致和證券,2024-01-15,7030
1815,富喬,4,1,3,致和證券,2024-01-15,7030
2027,大成鋼,3,0,3,致和證券,2024-01-15,7030
2402,毅嘉,3,0,3,致和證券,2024-01-15,7030
2618,長榮航,45,42,3,致和證券,2024-01-15,7030
3712,永崴投控,4,1,3,致和證券,2024-01-15,7030
8086,宏捷科,3,0,3,致和證券,2024-01-15,7030
8110,華東,3,0,3,致和證券,2024-01-15,7030
8201,無敵,3,0,3,致和證券,2024-01-15,7030
8940,新天地,3,0,3,致和證券,2024-01-15,7030
9928,中視,3,0,3,致和證券,2024-01-15,7030
1301,台塑,3,1,2,致和證券,2024-01-15,7030
0056,元大高股息,2,0,2,致和證券,2024-01-15,7030
00733,富邦臺灣中小,2,0,2,致和證券,2024-01-15,7030
00900,富邦特選高股息30,2,0,2,致和證券,2024-01-15,7030
00888,永豐台灣ESG,2,0,2,致和證券,2024-01-15,7030
0056,元大高股息,61,0,61,致和證券,2024-01-16,7030
2618,長榮航,62,5,57,致和證券,2024-01-16,7030
00830,國泰費城半導體,40,0,40,致和證券,2024-01-16,7030
00927,群益半導體收益,38,3,35,致和證券,2024-01-16,7030
2882,國泰金,33,0,33,致和證券,2024-01-16,7030
00904,新光臺灣半導體30,32,1,31,致和證券,2024-01-16,7030
1301,台塑,31,1,30,致和證券,2024-01-16,7030
2883,凱基金,28,0,28,致和證券,2024-01-16,7030
00712,復華富時不動產,26,0,26,致和證券,2024-01-16,7030
6257,矽格,23,1,22,致和證券,2024-01-16,7030
00680L,元大美債20正2,20,0,20,致和證券,2024-01-16,7030
1909,榮成,20,0,20,致和證券,2024-01-16,7030
3479,安勤,20,0,20,致和證券,2024-01-16,7030
4720,德淵,20,0,20,致和證券,2024-01-16,7030
6770,力積電,23,3,20,致和證券,2024-01-16,7030
00929,復華台灣科技優息,20,1,19,致和證券,2024-01-16,7030
00935,野村臺灣新科技50,16,0,16,致和證券,2024-01-16,7030
2880,華南金,15,0,15,致和證券,2024-01-16,7030
3025,星通,17,3,14,致和證券,2024-01-16,7030
00881,國泰台灣5G+,14,0,14,致和證券,2024-01-16,7030
1603,華電,13,0,13,致和證券,2024-01-16,7030
2354,鴻準,13,0,13,致和證券,2024-01-16,7030
1314,中石化,11,0,11,致和證券,2024-01-16,7030
00918,大華優利高填息30,11,0,11,致和證券,2024-01-16,7030
2352,佳世達,11,0,11,致和證券,2024-01-16,7030
2838,聯邦銀,11,0,11,致和證券,2024-01-16,7030
3260,威剛,11,0,11,致和證券,2024-01-16,7030
3712,永崴投控,11,0,11,致和證券,2024-01-16,7030
6219,富旺,11,0,11,致和證券,2024-01-16,7030
1308,亞聚,10,0,10,致和證券,2024-01-16,7030
00931B,統一美債20年,10,0,10,致和證券,2024-01-16,7030
1584,精剛,10,0,10,致和證券,2024-01-16,7030
2025,千興,10,0,10,致和證券,2024-01-16,7030
3703,欣陸,10,0,10,致和證券,2024-01-16,7030
5009,榮剛,10,0,10,致和證券,2024-01-16,7030
6235,華孚,10,0,10,致和證券,2024-01-16,7030
9105,泰金寶-DR,10,0,10,致和證券,2024-01-16,7030
2867,三商壽,10,1,9,致和證券,2024-01-16,7030
00878,國泰永續高股息,8,0,8,致和證券,2024-01-16,7030
2353,宏��,9,1,8,致和證券,2024-01-16,7030
1326,台化,8,0,8,致和證券,2024-01-16,7030
2312,金寶,14,6,8,致和證券,2024-01-16,7030
5880,合庫金,7,0,7,致和證券,2024-01-16,7030
00919,群益台灣精選高息,7,0,7,致和證券,2024-01-16,7030
2637,慧洋-KY,7,0,7,致和證券,2024-01-16,7030
4532,瑞智,7,0,7,致和證券,2024-01-16,7030
9945,潤泰新,7,0,7,致和證券,2024-01-16,7030
2892,第一金,7,0,7,致和證券,2024-01-16,7030
2356,英業達,21,15,6,致和證券,2024-01-16,7030
2915,潤泰全,6,0,6,致和證券,2024-01-16,7030
2356,英業達,164,38,126,致和證券,2024-01-17,7030
2303,聯電,123,1,122,致和證券,2024-01-17,7030
3362,先進光,80,0,80,致和證券,2024-01-17,7030
0056,元大高股息,59,0,59,致和證券,2024-01-17,7030
00753L,中信中國50正2,50,0,50,致和證券,2024-01-17,7030
2845,遠東銀,40,0,40,致和證券,2024-01-17,7030
00929,復華台灣科技優息,39,0,39,致和證券,2024-01-17,7030
00919,群益台灣精選高息,32,2,30,致和證券,2024-01-17,7030
5880,合庫金,20,0,20,致和證券,2024-01-17,7030
00882,中信中國高股息,20,0,20,致和證券,2024-01-17,7030
2887,台新金,20,0,20,致和證券,2024-01-17,7030
3357,臺慶科,20,0,20,致和證券,2024-01-17,7030
4532,瑞智,20,0,20,致和證券,2024-01-17,7030
5347,世界,20,0,20,致和證券,2024-01-17,7030
6695,芯鼎,23,6,17,致和證券,2024-01-17,7030
2634,漢翔,22,7,15,致和證券,2024-01-17,7030
2883,凱基金,15,0,15,致和證券,2024-01-17,7030
3049,精金,15,0,15,致和證券,2024-01-17,7030
3041,揚智,14,0,14,致和證券,2024-01-17,7030
9945,潤泰新,14,0,14,致和證券,2024-01-17,7030
2882,國泰金,13,0,13,致和證券,2024-01-17,7030
2609,陽明,23,12,11,致和證券,2024-01-17,7030
2838,聯邦銀,11,0,11,致和證券,2024-01-17,7030
6239,力成,11,0,11,致和證券,2024-01-17,7030
6257,矽格,11,0,11,致和證券,2024-01-17,7030
00878,國泰永續高股息,10,0,10,致和證券,2024-01-17,7030
1308,亞聚,10,0,10,致和證券,2024-01-17,7030
1718,中纖,10,0,10,致和證券,2024-01-17,7030
2344,華邦電,10,0,10,致和證券,2024-01-17,7030
2618,長榮航,34,24,10,致和證券,2024-01-17,7030
2892,第一金,10,0,10,致和證券,2024-01-17,7030
3479,安勤,10,0,10,致和證券,2024-01-17,7030
5272,笙科,10,0,10,致和證券,2024-01-17,7030
2002,中鋼,18,10,8,致和證券,2024-01-17,7030
00770,國泰北美科技,8,0,8,致和證券,2024-01-17,7030
8931,大汽電,8,0,8,致和證券,2024-01-17,7030
2317,鴻海,7,0,7,致和證券,2024-01-17,7030
1301,台塑,9,2,7,致和證券,2024-01-17,7030
2880,華南金,7,0,7,致和證券,2024-01-17,7030
9907,統一實,7,0,7,致和證券,2024-01-17,7030
2885,元大金,7,0,7,致和證券,2024-01-17,7030
3025,星通,8,2,6,致和證券,2024-01-17,7030
2208,台船,7,1,6,致和證券,2024-01-17,7030
1102,亞泥,6,0,6,致和證券,2024-01-17,7030
1605,華新,6,0,6,致和證券,2024-01-17,7030
2408,南亞科,6,0,6,致和證券,2024-01-17,7030
6806,森崴能源,6,0,6,致和證券,2024-01-17,7030
2498,宏達電,5,0,5,致和證券,2024-01-17,7030
00679B,元大美債20年,5,0,5,致和證券,2024-01-17,7030
00706L,期元大S＆P日圓正2,5,0,5,致和證券,2024-01-17,7030
2887,台新金,223,0,223,致和證券,2024-01-18,7030
00664R,國泰臺灣加權反1,50,0,50,致和證券,2024-01-18,7030
6139,亞翔,51,2,49,致和證券,2024-01-18,7030
00929,復華台灣科技優息,43,0,43,致和證券,2024-01-18,7030
00680L,元大美債20正2,40,0,40,致和證券,2024-01-18,7030
2382,廣達,43,9,34,致和證券,2024-01-18,7030
2892,第一金,22,0,22,致和證券,2024-01-18,7030
5521,工信,21,1,20,致和證券,2024-01-18,7030
9105,泰金寶-DR,20,0,20,致和證券,2024-01-18,7030
2324,仁寶,34,15,19,致和證券,2024-01-18,7030
3231,緯創,32,13,19,致和證券,2024-01-18,7030
00919,群益台灣精選高息,17,0,17,致和證券,2024-01-18,7030
2515,中工,15,0,15,致和證券,2024-01-18,7030
2201,裕隆,12,0,12,致和證券,2024-01-18,7030
2809,京城銀,12,0,12,致和證券,2024-01-18,7030
00712,復華富時不動產,10,0,10,致和證券,2024-01-18,7030
1216,統一,10,0,10,致和證券,2024-01-18,7030
1909,榮成,10,0,10,致和證券,2024-01-18,7030
2025,千興,10,0,10,致和證券,2024-01-18,7030
4130,健亞,10,0,10,致和證券,2024-01-18,7030
5864,致和證,16,6,10,致和證券,2024-01-18,7030
3702,大聯大,28,18,10,致和證券,2024-01-18,7030
3033,威健,11,2,9,致和證券,2024-01-18,7030
2356,英業達,60,52,8,致和證券,2024-01-18,7030
5425,台半,7,0,7,致和證券,2024-01-18,7030
2308,台達電,6,0,6,致和證券,2024-01-18,7030
1301,台塑,6,0,6,致和證券,2024-01-18,7030
1528,恩德,6,0,6,致和證券,2024-01-18,7030
1905,華紙,6,0,6,致和證券,2024-01-18,7030
2457,飛宏,6,0,6,致和證券,2024-01-18,7030
2867,三商壽,6,0,6,致和證券,2024-01-18,7030
4906,正文,6,0,6,致和證券,2024-01-18,7030
3694,海華,5,0,5,致和證券,2024-01-18,7030
1609,大亞,5,0,5,致和證券,2024-01-18,7030
2354,鴻準,5,0,5,致和證券,2024-01-18,7030
2369,菱生,5,0,5,致和證券,2024-01-18,7030
2405,輔信,6,1,5,致和證券,2024-01-18,7030
3017,奇鋐,10,5,5,致和證券,2024-01-18,7030
3567,逸昌,5,0,5,致和證券,2024-01-18,7030
4960,誠美材,15,10,5,致和證券,2024-01-18,7030
5328,華容,15,10,5,致和證券,2024-01-18,7030
5426,振發,6,1,5,致和證券,2024-01-18,7030
6213,聯茂,5,0,5,致和證券,2024-01-18,7030
6257,矽格,5,0,5,致和證券,2024-01-18,7030
6770,力積電,9,4,5,致和證券,2024-01-18,7030
6806,森崴能源,5,0,5,致和證券,2024-01-18,7030
5880,合庫金,5,0,5,致和證券,2024-01-18,7030
0056,元大高股息,5,0,5,致和證券,2024-01-18,7030
2313,華通,34,30,4,致和證券,2024-01-18,7030
2880,華南金,4,0,4,致和證券,2024-01-18,7030
00632R,元大台灣50反1,100,0,100,致和證券,2024-01-19,7030
00904,新光臺灣半導體30,80,0,80,致和證券,2024-01-19,7030
00931B,統一美債20年,36,0,36,致和證券,2024-01-19,7030
00933B,國泰10Y+金融債,31,0,31,致和證券,2024-01-19,7030
6790,永豐實,30,0,30,致和證券,2024-01-19,7030
1609,大亞,32,3,29,致和證券,2024-01-19,7030
00900,富邦特選高股息30,21,0,21,致和證券,2024-01-19,7030
00680L,元大美債20正2,20,0,20,致和證券,2024-01-19,7030
2033,佳大,20,0,20,致和證券,2024-01-19,7030
2618,長榮航,22,5,17,致和證券,2024-01-19,7030
2610,華航,16,0,16,致和證券,2024-01-19,7030
2498,宏達電,11,0,11,致和證券,2024-01-19,7030
6770,力積電,11,0,11,致和證券,2024-01-19,7030
00772B,中信高評級公司債,10,0,10,致和證券,2024-01-19,7030
1326,台化,10,0,10,致和證券,2024-01-19,7030
1616,億泰,10,0,10,致和證券,2024-01-19,7030
2603,長榮,20,10,10,致和證券,2024-01-19,7030
2855,統一證,10,0,10,致和證券,2024-01-19,7030
3362,先進光,10,0,10,致和證券,2024-01-19,7030
5011,久陽,10,0,10,致和證券,2024-01-19,7030
6120,達運,20,10,10,致和證券,2024-01-19,7030
6257,矽格,10,0,10,致和證券,2024-01-19,7030
6485,點序,10,0,10,致和證券,2024-01-19,7030
1529,樂事綠能,9,0,9,致和證券,2024-01-19,7030
1815,富喬,10,1,9,致和證券,2024-01-19,7030
2002,中鋼,14,5,9,致和證券,2024-01-19,7030
4960,誠美材,9,0,9,致和證券,2024-01-19,7030
00712,復華富時不動產,8,0,8,致和證券,2024-01-19,7030
3380,明泰,8,0,8,致和證券,2024-01-19,7030
3706,神達,9,1,8,致和證券,2024-01-19,7030
2881,富邦金,7,0,7,致和證券,2024-01-19,7030
00679B,元大美債20年,7,0,7,致和證券,2024-01-19,7030
2027,大成鋼,7,0,7,致和證券,2024-01-19,7030
2377,微星,7,0,7,致和證券,2024-01-19,7030
5864,致和證,10,3,7,致和證券,2024-01-19,7030
00919,群益台灣精選高息,6,0,6,致和證券,2024-01-19,7030
6756,威鋒電子,6,0,6,致和證券,2024-01-19,7030
00882,中信中國高股息,5,0,5,致和證券,2024-01-19,7030
00937B,群益ESG投等債20,5,0,5,致和證券,2024-01-19,7030
1618,合機,5,0,5,致和證券,2024-01-19,7030
1781,合世,5,0,5,致和證券,2024-01-19,7030
2025,千興,5,0,5,致和證券,2024-01-19,7030
2204,中華,5,0,5,致和證券,2024-01-19,7030
2352,佳世達,5,0,5,致和證券,2024-01-19,7030
2409,友達,18,13,5,致和證券,2024-01-19,7030
6127,九豪,5,0,5,致和證券,2024-01-19,7030
8411,福貞-KY,5,0,5,致和證券,2024-01-19,7030
2882,國泰金,5,0,5,致和證券,2024-01-19,7030
1301,台塑,4,0,4,致和證券,2024-01-19,7030
1560,中砂,4,0,4,致和證券,2024-01-19,7030
00919,群益台灣精選高息,70,0,70,致和證券,2024-01-22,7030
2618,長榮航,116,64,52,致和證券,2024-01-22,7030
2515,中工,50,0,50,致和證券,2024-01-22,7030
2025,千興,25,0,25,致和證券,2024-01-22,7030
2883,凱基金,23,0,23,致和證券,2024-01-22,7030
00680L,元大美債20正2,20,0,20,致和證券,2024-01-22,7030
5011,久陽,20,0,20,致和證券,2024-01-22,7030
6005,群益證,20,0,20,致和證券,2024-01-22,7030
2892,第一金,20,2,18,致和證券,2024-01-22,7030
1301,台塑,17,0,17,致和證券,2024-01-22,7030
3520,華盈,17,0,17,致和證券,2024-01-22,7030
00930,永豐ESG低碳高息,16,0,16,致和證券,2024-01-22,7030
1605,華新,16,2,14,致和證券,2024-01-22,7030
3704,合勤控,15,1,14,致和證券,2024-01-22,7030
2409,友達,18,5,13,致和證券,2024-01-22,7030
2363,矽統,38,26,12,致和證券,2024-01-22,7030
4720,德淵,12,0,12,致和證券,2024-01-22,7030
00715L,期街口布蘭特正2,11,0,11,致和證券,2024-01-22,7030
00929,復華台灣科技優息,13,2,11,致和證券,2024-01-22,7030
1101,台泥,10,0,10,致和證券,2024-01-22,7030
00900,富邦特選高股息30,10,0,10,致和證券,2024-01-22,7030
1618,合機,11,1,10,致和證券,2024-01-22,7030
2440,太空梭,10,0,10,致和證券,2024-01-22,7030
2884,玉山金,10,0,10,致和證券,2024-01-22,7030
2316,楠梓電,9,0,9,致和證券,2024-01-22,7030
00896,中信綠能及電動車,8,0,8,致和證券,2024-01-22,7030
00923,群益台ESG低碳50,7,0,7,致和證券,2024-01-22,7030
00882,中信中國高股息,7,0,7,致和證券,2024-01-22,7030
5009,榮剛,7,0,7,致和證券,2024-01-22,7030
2838,聯邦銀,6,0,6,致和證券,2024-01-22,7030
00937B,群益ESG投等債20,5,0,5,致和證券,2024-01-22,7030
4966,譜瑞-KY,5,0,5,致和證券,2024-01-22,7030
6719,力智,5,0,5,致和證券,2024-01-22,7030
6806,森崴能源,5,0,5,致和證券,2024-01-22,7030
2201,裕隆,4,0,4,致和證券,2024-01-22,7030
2313,華通,19,15,4,致和證券,2024-01-22,7030
2327,國巨,4,0,4,致和證券,2024-01-22,7030
6223,旺矽,5,1,4,致和證券,2024-01-22,7030
2353,宏��,82,79,3,致和證券,2024-01-22,7030
2880,華南金,3,0,3,致和證券,2024-01-22,7030
3090,日電貿,3,0,3,致和證券,2024-01-22,7030
3264,欣銓,3,0,3,致和證券,2024-01-22,7030
3325,旭品,3,0,3,致和證券,2024-01-22,7030
5521,工信,4,1,3,致和證券,2024-01-22,7030
8027,鈦昇,3,0,3,致和證券,2024-01-22,7030
8210,勤誠,10,7,3,致和證券,2024-01-22,7030
8454,富邦媒,3,0,3,致和證券,2024-01-22,7030
00757,統一FANG+,2,0,2,致和證券,2024-01-22,7030
00933B,國泰10Y+金融債,2,0,2,致和證券,2024-01-22,7030
1568,倉佑,2,0,2,致和證券,2024-01-22,7030
2331,精英,375,0,375,致和證券,2024-01-23,7030
2017,官田鋼,100,0,100,致和證券,2024-01-23,7030
2449,京元電子,60,1,59,致和證券,2024-01-23,7030
1101,台泥,20,1,19,致和證券,2024-01-23,7030
3706,神達,19,3,16,致和證券,2024-01-23,7030
2352,佳世達,16,0,16,致和證券,2024-01-23,7030
2461,光群雷,15,0,15,致和證券,2024-01-23,7030
00679B,元大美債20年,12,0,12,致和證券,2024-01-23,7030
2610,華航,36,25,11,致和證券,2024-01-23,7030
00882,中信中國高股息,10,0,10,致和證券,2024-01-23,7030
00680L,元大美債20正2,10,0,10,致和證券,2024-01-23,7030
00673R,期元大S＆P原油反1,10,0,10,致和證券,2024-01-23,7030
006205,富邦上証,10,0,10,致和證券,2024-01-23,7030
00904,新光臺灣半導體30,10,0,10,致和證券,2024-01-23,7030
00929,復華台灣科技優息,11,3,8,致和證券,2024-01-23,7030
4720,德淵,18,10,8,致和證券,2024-01-23,7030
8488,吉源-KY,8,0,8,致和證券,2024-01-23,7030
1795,美時,7,0,7,致和證券,2024-01-23,7030
2609,陽明,7,1,6,致和證券,2024-01-23,7030
2820,華票,6,0,6,致和證券,2024-01-23,7030
6125,廣運,6,0,6,致和證券,2024-01-23,7030
2340,台亞,5,0,5,致和證券,2024-01-23,7030
3346,麗清,5,0,5,致和證券,2024-01-23,7030
3675,德微,5,0,5,致和證券,2024-01-23,7030
3715,定穎投控,5,0,5,致和證券,2024-01-23,7030
5351,鈺創,5,0,5,致和證券,2024-01-23,7030
00919,群益台灣精選高息,4,0,4,致和證券,2024-01-23,7030
2329,華泰,10,6,4,致和證券,2024-01-23,7030
2459,敦吉,4,0,4,致和證券,2024-01-23,7030
3373,熱映,4,0,4,致和證券,2024-01-23,7030
5519,隆大,6,2,4,致和證券,2024-01-23,7030
6113,亞矽,4,0,4,致和證券,2024-01-23,7030
0050,元大台灣50,5,1,4,致和證券,2024-01-23,7030
00712,復華富時不動產,3,0,3,致和證券,2024-01-23,7030
3227,原相,3,0,3,致和證券,2024-01-23,7030
3264,欣銓,3,0,3,致和證券,2024-01-23,7030
6116,彩晶,20,17,3,致和證券,2024-01-23,7030
6719,力智,3,0,3,致和證券,2024-01-23,7030
00753L,中信中國50正2,2,0,2,致和證券,2024-01-23,7030
1449,佳和,2,0,2,致和證券,2024-01-23,7030
2208,台船,3,1,2,致和證券,2024-01-23,7030
2364,倫飛,4,2,2,致和證券,2024-01-23,7030
2511,太子,2,0,2,致和證券,2024-01-23,7030
2615,萬海,2,0,2,致和證券,2024-01-23,7030
2816,旺旺保,2,0,2,致和證券,2024-01-23,7030
2897,王道銀行,2,0,2,致和證券,2024-01-23,7030
3037,欣興,2,0,2,致和證券,2024-01-23,7030
3520,華盈,2,0,2,致和證券,2024-01-23,7030
4735,豪展,2,0,2,致和證券,2024-01-23,7030
6120,達運,23,21,2,致和證券,2024-01-23,7030
2331,精英,500,3,497,致和證券,2024-01-24,7030
2356,英業達,113,55,58,致和證券,2024-01-24,7030
00632R,元大台灣50反1,52,0,52,致和證券,2024-01-24,7030
00680L,元大美債20正2,32,0,32,致和證券,2024-01-24,7030
1101,台泥,31,2,29,致和證券,2024-01-24,7030
3231,緯創,49,21,28,致和證券,2024-01-24,7030
00712,復華富時不動產,32,10,22,致和證券,2024-01-24,7030
3481,群創,33,11,22,致和證券,2024-01-24,7030
00637L,元大滬深300正2,20,0,20,致和證券,2024-01-24,7030
3419,譁裕,20,0,20,致和證券,2024-01-24,7030
6186,新潤,20,0,20,致和證券,2024-01-24,7030
2610,華航,21,3,18,致和證券,2024-01-24,7030
9907,統一實,21,3,18,致和證券,2024-01-24,7030
3260,威剛,38,22,16,致和證券,2024-01-24,7030
2618,長榮航,30,16,14,致和證券,2024-01-24,7030
00937B,群益ESG投等債20,13,0,13,致和證券,2024-01-24,7030
00919,群益台灣精選高息,12,0,12,致和證券,2024-01-24,7030
6125,廣運,13,2,11,致和證券,2024-01-24,7030
2344,華邦電,22,11,11,致和證券,2024-01-24,7030
2385,群光,10,0,10,致和證券,2024-01-24,7030
2440,太空梭,10,0,10,致和證券,2024-01-24,7030
2834,臺企銀,10,0,10,致和證券,2024-01-24,7030
3376,新日興,10,0,10,致和證券,2024-01-24,7030
3710,連展投控,10,0,10,致和證券,2024-01-24,7030
6276,安鈦克,10,0,10,致和證券,2024-01-24,7030
2434,統懋,9,0,9,致和證券,2024-01-24,7030
3189,景碩,8,0,8,致和證券,2024-01-24,7030
6257,矽格,9,1,8,致和證券,2024-01-24,7030
00882,中信中國高股息,7,0,7,致和證券,2024-01-24,7030
5608,四維航,7,0,7,致和證券,2024-01-24,7030
6140,訊達,7,0,7,致和證券,2024-01-24,7030
6531,愛普*,13,6,7,致和證券,2024-01-24,7030
00679B,元大美債20年,5,0,5,致和證券,2024-01-24,7030
00706L,期元大S＆P日圓正2,5,0,5,致和證券,2024-01-24,7030
00918,大華優利高填息30,5,0,5,致和證券,2024-01-24,7030
2329,華泰,8,3,5,致和證券,2024-01-24,7030
2374,佳能,6,1,5,致和證券,2024-01-24,7030
3512,皇龍,5,0,5,致和證券,2024-01-24,7030
3540,曜越,5,0,5,致和證券,2024-01-24,7030
3617,碩天,5,0,5,致和證券,2024-01-24,7030
3704,合勤控,5,0,5,致和證券,2024-01-24,7030
6116,彩晶,15,10,5,致和證券,2024-01-24,7030
6154,順發,5,0,5,致和證券,2024-01-24,7030
8489,三貝德,5,0,5,致和證券,2024-01-24,7030
00929,復華台灣科技優息,4,0,4,致和證券,2024-01-24,7030
2405,輔信,5,1,4,致和證券,2024-01-24,7030
3029,零壹,4,0,4,致和證券,2024-01-24,7030
3373,熱映,4,0,4,致和證券,2024-01-24,7030
4938,和碩,7,3,4,致和證券,2024-01-24,7030
8054,安國,4,1,3,致和證券,2024-01-24,7030
2017,官田鋼,110,0,110,致和證券,2024-01-25,7030
2609,陽明,52,0,52,致和證券,2024-01-25,7030
2356,英業達,108,77,31,致和證券,2024-01-25,7030
00882,中信中國高股息,28,0,28,致和證券,2024-01-25,7030
00679B,元大美債20年,23,0,23,致和證券,2024-01-25,7030
2033,佳大,20,0,20,致和證券,2024-01-25,7030
6265,方土昶,20,0,20,致和證券,2024-01-25,7030
00929,復華台灣科技優息,18,2,16,致和證券,2024-01-25,7030
8110,華東,23,8,15,致和證券,2024-01-25,7030
3373,熱映,12,0,12,致和證券,2024-01-25,7030
2484,希華,11,0,11,致和證券,2024-01-25,7030
2363,矽統,10,0,10,致和證券,2024-01-25,7030
3512,皇龍,10,0,10,致和證券,2024-01-25,7030
2382,廣達,13,5,8,致和證券,2024-01-25,7030
00687B,國泰20年美債,10,3,7,致和證券,2024-01-25,7030
2337,旺宏,12,5,7,致和證券,2024-01-25,7030
2883,凱基金,8,1,7,致和證券,2024-01-25,7030
3706,神達,17,10,7,致和證券,2024-01-25,7030
00712,復華富時不動產,6,0,6,致和證券,2024-01-25,7030
2101,南港,6,0,6,致和證券,2024-01-25,7030
5272,笙科,6,0,6,致和證券,2024-01-25,7030
6138,茂達,7,1,6,致和證券,2024-01-25,7030
00751B,元大AAA至A公司債,5,0,5,致和證券,2024-01-25,7030
1102,亞泥,5,0,5,致和證券,2024-01-25,7030
2317,鴻海,11,6,5,致和證券,2024-01-25,7030
2332,友訊,5,0,5,致和證券,2024-01-25,7030
2344,華邦電,16,11,5,致和證券,2024-01-25,7030
2399,映泰,5,0,5,致和證券,2024-01-25,7030
2855,統一證,5,0,5,致和證券,2024-01-25,7030
3011,今皓,5,0,5,致和證券,2024-01-25,7030
3027,盛達,5,0,5,致和證券,2024-01-25,7030
3437,榮創,5,0,5,致和證券,2024-01-25,7030
5009,榮剛,5,0,5,致和證券,2024-01-25,7030
6109,亞元,5,0,5,致和證券,2024-01-25,7030
6257,矽格,13,8,5,致和證券,2024-01-25,7030
1101,台泥,7,3,4,致和證券,2024-01-25,7030
2353,宏��,5,1,4,致和證券,2024-01-25,7030
3169,亞信,4,0,4,致和證券,2024-01-25,7030
6124,業強,4,0,4,致和證券,2024-01-25,7030
6742,澤米,4,0,4,致和證券,2024-01-25,7030
2308,台達電,3,0,3,致和證券,2024-01-25,7030
6111,大宇資,3,0,3,致和證券,2024-01-25,7030
00937B,群益ESG投等債20,3,0,3,致和證券,2024-01-25,7030
1795,美時,5,2,3,致和證券,2024-01-25,7030
2010,春源,3,0,3,致和證券,2024-01-25,7030
2390,云辰,3,0,3,致和證券,2024-01-25,7030
2467,志聖,3,0,3,致和證券,2024-01-25,7030
2615,萬海,3,0,3,致和證券,2024-01-25,7030
3029,零壹,3,0,3,致和證券,2024-01-25,7030
3047,訊舟,5,2,3,致和證券,2024-01-25,7030
2356,英業達,109,43,66,致和證券,2024-01-26,7030
2618,長榮航,87,40,47,致和證券,2024-01-26,7030
2303,聯電,58,21,37,致和證券,2024-01-26,7030
00637L,元大滬深300正2,30,0,30,致和證券,2024-01-26,7030
2369,菱生,21,0,21,致和證券,2024-01-26,7030
8093,保銳,20,0,20,致和證券,2024-01-26,7030
6257,矽格,16,0,16,致和證券,2024-01-26,7030
00673R,期元大S＆P原油反1,21,5,16,致和證券,2024-01-26,7030
00929,復華台灣科技優息,15,0,15,致和證券,2024-01-26,7030
2324,仁寶,20,6,14,致和證券,2024-01-26,7030
9105,泰金寶-DR,70,56,14,致和證券,2024-01-26,7030
3360,尚立,17,3,14,致和證券,2024-01-26,7030
2033,佳大,13,0,13,致和證券,2024-01-26,7030
2201,裕隆,12,0,12,致和證券,2024-01-26,7030
00919,群益台灣精選高息,15,3,12,致和證券,2024-01-26,7030
8488,吉源-KY,11,0,11,致和證券,2024-01-26,7030
8349,�矬�,9,0,9,致和證券,2024-01-26,7030
2329,華泰,25,17,8,致和證券,2024-01-26,7030
8477,創業家,8,0,8,致和證券,2024-01-26,7030
2353,宏��,12,5,7,致和證券,2024-01-26,7030
3354,律勝,7,0,7,致和證券,2024-01-26,7030
6770,力積電,7,0,7,致和證券,2024-01-26,7030
1101,台泥,20,13,7,致和證券,2024-01-26,7030
2492,華新科,6,0,6,致和證券,2024-01-26,7030
4938,和碩,7,1,6,致和證券,2024-01-26,7030
6265,方土昶,6,0,6,致和證券,2024-01-26,7030
2010,春源,5,0,5,致和證券,2024-01-26,7030
00918,大華優利高填息30,5,0,5,致和證券,2024-01-26,7030
2609,陽明,15,10,5,致和證券,2024-01-26,7030
3380,明泰,6,1,5,致和證券,2024-01-26,7030
5211,蒙恬,5,0,5,致和證券,2024-01-26,7030
6015,宏遠證,5,0,5,致和證券,2024-01-26,7030
6148,驊宏資,5,0,5,致和證券,2024-01-26,7030
6219,富旺,5,0,5,致和證券,2024-01-26,7030
6806,森崴能源,5,0,5,致和證券,2024-01-26,7030
1326,台化,4,0,4,致和證券,2024-01-26,7030
2388,威盛,4,0,4,致和證券,2024-01-26,7030
2457,飛宏,4,0,4,致和證券,2024-01-26,7030
2882,國泰金,4,0,4,致和證券,2024-01-26,7030
4956,光鋐,7,3,4,致和證券,2024-01-26,7030
8066,來思達,4,0,4,致和證券,2024-01-26,7030
3694,海華,5,1,4,致和證券,2024-01-26,7030
2101,南港,3,0,3,致和證券,2024-01-26,7030
00904,新光臺灣半導體30,3,0,3,致和證券,2024-01-26,7030
1708,東鹼,3,0,3,致和證券,2024-01-26,7030
2313,華通,18,15,3,致和證券,2024-01-26,7030
2431,聯昌,3,0,3,致和證券,2024-01-26,7030
3211,順達,3,0,3,致和證券,2024-01-26,7030
3373,熱映,3,0,3,致和證券,2024-01-26,7030
3715,定穎投控,3,0,3,致和證券,2024-01-26,7030
2344,華邦電,72,0,72,致和證券,2024-01-29,7030
00687B,國泰20年美債,55,0,55,致和證券,2024-01-29,7030
9105,泰金寶-DR,38,0,38,致和證券,2024-01-29,7030
2603,長榮,26,0,26,致和證券,2024-01-29,7030
6257,矽格,27,1,26,致和證券,2024-01-29,7030
2303,聯電,30,9,21,致和證券,2024-01-29,7030
2409,友達,36,15,21,致和證券,2024-01-29,7030
3622,洋華,21,0,21,致和證券,2024-01-29,7030
00937B,群益ESG投等債20,20,0,20,致和證券,2024-01-29,7030
8093,保銳,20,0,20,致和證券,2024-01-29,7030
1609,大亞,15,0,15,致和證券,2024-01-29,7030
3354,律勝,12,0,12,致和證券,2024-01-29,7030
2323,中環,10,0,10,致和證券,2024-01-29,7030
8076,伍豐,10,0,10,致和證券,2024-01-29,7030
00929,復華台灣科技優息,8,0,8,致和證券,2024-01-29,7030
2337,旺宏,28,20,8,致和證券,2024-01-29,7030
00877,復華中國5G,7,0,7,致和證券,2024-01-29,7030
2882,國泰金,6,0,6,致和證券,2024-01-29,7030
00830,國泰費城半導體,5,0,5,致和證券,2024-01-29,7030
00931B,統一美債20年,5,0,5,致和證券,2024-01-29,7030
2317,鴻海,5,0,5,致和證券,2024-01-29,7030
2881,富邦金,6,1,5,致和證券,2024-01-29,7030
4934,太極,5,0,5,致和證券,2024-01-29,7030
8011,台通,5,0,5,致和證券,2024-01-29,7030
1307,三芳,4,0,4,致和證券,2024-01-29,7030
2352,佳世達,6,2,4,致和證券,2024-01-29,7030
2610,華航,35,31,4,致和證券,2024-01-29,7030
4162,智擎,4,0,4,致和證券,2024-01-29,7030
00679B,元大美債20年,4,0,4,致和證券,2024-01-29,7030
2101,南港,3,0,3,致和證券,2024-01-29,7030
2002,中鋼,5,2,3,致和證券,2024-01-29,7030
1784,訊聯,3,0,3,致和證券,2024-01-29,7030
00933B,國泰10Y+金融債,3,0,3,致和證券,2024-01-29,7030
00632R,元大台灣50反1,3,0,3,致和證券,2024-01-29,7030
00764B,群益25年美債,3,0,3,致和證券,2024-01-29,7030
2543,皇昌,3,0,3,致和證券,2024-01-29,7030
3211,順達,3,0,3,致和證券,2024-01-29,7030
3540,曜越,3,0,3,致和證券,2024-01-29,7030
3712,永崴投控,3,0,3,致和證券,2024-01-29,7030
5450,南良,3,0,3,致和證券,2024-01-29,7030
6154,順發,3,0,3,致和證券,2024-01-29,7030
6742,澤米,3,0,3,致和證券,2024-01-29,7030
8064,東捷,3,0,3,致和證券,2024-01-29,7030
8227,巨有科技,3,0,3,致和證券,2024-01-29,7030
00795B,中信美國公債20年,2,0,2,致和證券,2024-01-29,7030
00857B,永豐20年美公債,2,0,2,致和證券,2024-01-29,7030
00712,復華富時不動產,2,0,2,致和證券,2024-01-29,7030
1309,台達化,2,0,2,致和證券,2024-01-29,7030
2007,燁興,2,0,2,致和證券,2024-01-29,7030
2211,長榮鋼,12,10,2,致和證券,2024-01-29,7030
00632R,元大台灣50反1,102,0,102,致和證券,2024-01-30,7030
2609,陽明,58,18,40,致和證券,2024-01-30,7030
6257,矽格,40,0,40,致和證券,2024-01-30,7030
00715L,期街口布蘭特正2,36,0,36,致和證券,2024-01-30,7030
1101,台泥,32,8,24,致和證券,2024-01-30,7030
1529,樂事綠能,25,5,20,致和證券,2024-01-30,7030
2610,華航,42,22,20,致和證券,2024-01-30,7030
5871,中租-KY,13,0,13,致和證券,2024-01-30,7030
2883,凱基金,12,1,11,致和證券,2024-01-30,7030
1785,光洋科,11,0,11,致和證券,2024-01-30,7030
3360,尚立,14,4,10,致和證券,2024-01-30,7030
00733,富邦臺灣中小,10,0,10,致和證券,2024-01-30,7030
00927,群益半導體收益,10,0,10,致和證券,2024-01-30,7030
1231,聯華食,10,0,10,致和證券,2024-01-30,7030
00680L,元大美債20正2,10,0,10,致和證券,2024-01-30,7030
00722B,群益投資級電信債,10,0,10,致和證券,2024-01-30,7030
00753L,中信中國50正2,10,0,10,致和證券,2024-01-30,7030
2023,燁輝,10,0,10,致和證券,2024-01-30,7030
2025,千興,10,0,10,致和證券,2024-01-30,7030
2312,金寶,10,0,10,致和證券,2024-01-30,7030
6239,力成,10,0,10,致和證券,2024-01-30,7030
8076,伍豐,10,0,10,致和證券,2024-01-30,7030
2618,長榮航,8,0,8,致和證券,2024-01-30,7030
5272,笙科,8,0,8,致和證券,2024-01-30,7030
1605,華新,7,0,7,致和證券,2024-01-30,7030
2324,仁寶,7,0,7,致和證券,2024-01-30,7030
2363,矽統,10,3,7,致和證券,2024-01-30,7030
3535,晶彩科,7,0,7,致和證券,2024-01-30,7030
4967,十銓,7,0,7,致和證券,2024-01-30,7030
9105,泰金寶-DR,7,0,7,致和證券,2024-01-30,7030
1795,美時,7,1,6,致和證券,2024-01-30,7030
00751B,元大AAA至A公司債,5,0,5,致和證券,2024-01-30,7030
2201,裕隆,6,1,5,致和證券,2024-01-30,7030
2376,技嘉,10,5,5,致和證券,2024-01-30,7030
2421,建準,11,6,5,致和證券,2024-01-30,7030
2431,聯昌,5,0,5,致和證券,2024-01-30,7030
2809,京城銀,5,0,5,致和證券,2024-01-30,7030
3706,神達,12,7,5,致和證券,2024-01-30,7030
4968,立積,5,0,5,致和證券,2024-01-30,7030
6120,達運,11,6,5,致和證券,2024-01-30,7030
2308,台達電,4,0,4,致和證券,2024-01-30,7030
2313,華通,9,5,4,致和證券,2024-01-30,7030
2337,旺宏,25,21,4,致和證券,2024-01-30,7030
2882,國泰金,4,0,4,致和證券,2024-01-30,7030
4183,福永生技,4,0,4,致和證券,2024-01-30,7030
8096,擎亞,4,0,4,致和證券,2024-01-30,7030
8931,大汽電,4,0,4,致和證券,2024-01-30,7030
00882,中信中國高股息,3,0,3,致和證券,2024-01-30,7030
00878,國泰永續高股息,3,0,3,致和證券,2024-01-30,7030
006205,富邦上証,3,0,3,致和證券,2024-01-30,7030
2356,英業達,136,17,119,致和證券,2024-01-31,7030
2382,廣達,56,5,51,致和證券,2024-01-31,7030
6139,亞翔,51,6,45,致和證券,2024-01-31,7030
2609,陽明,43,0,43,致和證券,2024-01-31,7030
2017,官田鋼,42,0,42,致和證券,2024-01-31,7030
4720,德淵,36,0,36,致和證券,2024-01-31,7030
00687B,國泰20年美債,31,1,30,致和證券,2024-01-31,7030
3231,緯創,35,7,28,致和證券,2024-01-31,7030
3520,華盈,15,0,15,致和證券,2024-01-31,7030
6770,力積電,13,1,12,致和證券,2024-01-31,7030
8488,吉源-KY,12,0,12,致和證券,2024-01-31,7030
2492,華新科,10,0,10,致和證券,2024-01-31,7030
1229,聯華,10,0,10,致和證券,2024-01-31,7030
3360,尚立,16,6,10,致和證券,2024-01-31,7030
6120,達運,10,0,10,致和證券,2024-01-31,7030
3694,海華,9,0,9,致和證券,2024-01-31,7030
2603,長榮,18,10,8,致和證券,2024-01-31,7030
2330,台積電,7,0,7,致和證券,2024-01-31,7030
4938,和碩,6,0,6,致和證券,2024-01-31,7030
00878,國泰永續高股息,6,0,6,致和證券,2024-01-31,7030
3376,新日興,6,1,5,致和證券,2024-01-31,7030
00918,大華優利高填息30,5,0,5,致和證券,2024-01-31,7030
00772B,中信高評級公司債,5,0,5,致和證券,2024-01-31,7030
00680L,元大美債20正2,5,0,5,致和證券,2024-01-31,7030
00679B,元大美債20年,5,0,5,致和證券,2024-01-31,7030
2033,佳大,5,0,5,致和證券,2024-01-31,7030
2303,聯電,6,1,5,致和證券,2024-01-31,7030
2313,華通,23,18,5,致和證券,2024-01-31,7030
2402,毅嘉,5,0,5,致和證券,2024-01-31,7030
3032,偉訓,5,0,5,致和證券,2024-01-31,7030
3059,華晶科,10,5,5,致和證券,2024-01-31,7030
5011,久陽,5,0,5,致和證券,2024-01-31,7030
5450,南良,5,0,5,致和證券,2024-01-31,7030
6270,倍微,5,0,5,致和證券,2024-01-31,7030
6789,采鈺,7,2,5,致和證券,2024-01-31,7030
8071,能率網通,5,0,5,致和證券,2024-01-31,7030
2308,台達電,4,0,4,致和證券,2024-01-31,7030
3481,群創,6,2,4,致和證券,2024-01-31,7030
006205,富邦上証,4,0,4,致和證券,2024-01-31,7030
00720B,元大投資級公司債,4,0,4,致和證券,2024-01-31,7030
2369,菱生,17,13,4,致和證券,2024-01-31,7030
2419,仲琦,4,0,4,致和證券,2024-01-31,7030
3035,智原,3,0,3,致和證券,2024-01-31,7030
2353,宏��,5,2,3,致和證券,2024-01-31,7030
00881,國泰台灣5G+,3,0,3,致和證券,2024-01-31,7030
00877,復華中國5G,3,0,3,致和證券,2024-01-31,7030
00712,復華富時不動產,3,0,3,致和證券,2024-01-31,7030
1504,東元,5,2,3,致和證券,2024-01-31,7030
2101,南港,3,0,3,致和證券,2024-01-31,7030
2301,光寶科,4,1,3,致和證券,2024-01-31,7030
6139,亞翔,64,10,54,致和證券,2024-02-01,7030
2409,友達,61,21,40,致和證券,2024-02-01,7030
00712,復華富時不動產,27,0,27,致和證券,2024-02-01,7030
00688L,國泰20年美債正2,18,0,18,致和證券,2024-02-01,7030
00919,群益台灣精選高息,15,1,14,致和證券,2024-02-01,7030
3033,威健,16,4,12,致和證券,2024-02-01,7030
00715L,期街口布蘭特正2,11,0,11,致和證券,2024-02-01,7030
00882,中信中國高股息,10,0,10,致和證券,2024-02-01,7030
3294,英濟,10,0,10,致和證券,2024-02-01,7030
4961,天鈺,10,0,10,致和證券,2024-02-01,7030
6182,合晶,10,0,10,致和證券,2024-02-01,7030
6443,元晶,10,0,10,致和證券,2024-02-01,7030
00937B,群益ESG投等債20,10,1,9,致和證券,2024-02-01,7030
2363,矽統,11,2,9,致和證券,2024-02-01,7030
1314,中石化,7,0,7,致和證券,2024-02-01,7030
3481,群創,7,0,7,致和證券,2024-02-01,7030
8042,金山電,6,0,6,致和證券,2024-02-01,7030
2603,長榮,10,4,6,致和證券,2024-02-01,7030
00878,國泰永續高股息,5,0,5,致和證券,2024-02-01,7030
00934,中信成長高股息,5,0,5,致和證券,2024-02-01,7030
00665L,富邦�琤肭磪囓�2,5,0,5,致和證券,2024-02-01,7030
00680L,元大美債20正2,5,0,5,致和證券,2024-02-01,7030
2033,佳大,5,0,5,致和證券,2024-02-01,7030
2421,建準,9,4,5,致和證券,2024-02-01,7030
2887,台新金,7,2,5,致和證券,2024-02-01,7030
3035,智原,6,1,5,致和證券,2024-02-01,7030
3050,鈺德,5,0,5,致和證券,2024-02-01,7030
3231,緯創,14,9,5,致和證券,2024-02-01,7030
3548,兆利,9,4,5,致和證券,2024-02-01,7030
6243,迅杰,10,5,5,致和證券,2024-02-01,7030
6275,元山,5,0,5,致和證券,2024-02-01,7030
6841,長佳智能,5,0,5,致和證券,2024-02-01,7030
6282,康舒,7,2,5,致和證券,2024-02-01,7030
00713,元大台灣高息低波,4,0,4,致和證券,2024-02-01,7030
2025,千興,4,0,4,致和證券,2024-02-01,7030
2634,漢翔,8,4,4,致和證券,2024-02-01,7030
3360,尚立,6,2,4,致和證券,2024-02-01,7030
3499,環天科,4,0,4,致和證券,2024-02-01,7030
4432,銘旺實,4,0,4,致和證券,2024-02-01,7030
5488,松普,4,0,4,致和證券,2024-02-01,7030
2303,聯電,3,0,3,致和證券,2024-02-01,7030
2352,佳世達,3,0,3,致和證券,2024-02-01,7030
2481,強茂,3,0,3,致和證券,2024-02-01,7030
3105,穩懋,3,0,3,致和證券,2024-02-01,7030
4908,前鼎,5,2,3,致和證券,2024-02-01,7030
5251,天鉞電,3,0,3,致和證券,2024-02-01,7030
5356,協益,3,0,3,致和證券,2024-02-01,7030
6684,安格,4,1,3,致和證券,2024-02-01,7030
2454,聯發科,6,3,3,致和證券,2024-02-01,7030
2486,一詮,22,20,2,致和證券,2024-02-01,7030
00715L,期街口布蘭特正2,61,0,61,致和證券,2024-02-02,7030
2609,陽明,52,7,45,致和證券,2024-02-02,7030
2324,仁寶,43,0,43,致和證券,2024-02-02,7030
2603,長榮,40,1,39,致和證券,2024-02-02,7030
2303,聯電,40,4,36,致和證券,2024-02-02,7030
2597,潤弘,30,0,30,致和證券,2024-02-02,7030
00712,復華富時不動產,29,0,29,致和證券,2024-02-02,7030
2033,佳大,27,0,27,致和證券,2024-02-02,7030
6154,順發,22,0,22,致和證券,2024-02-02,7030
1528,恩德,22,6,16,致和證券,2024-02-02,7030
2201,裕隆,16,0,16,致和證券,2024-02-02,7030
2023,燁輝,14,0,14,致和證券,2024-02-02,7030
6770,力積電,13,0,13,致和證券,2024-02-02,7030
3693,營邦,11,0,11,致和證券,2024-02-02,7030
3265,台星科,10,0,10,致和證券,2024-02-02,7030
6167,久正,10,0,10,致和證券,2024-02-02,7030
00937B,群益ESG投等債20,9,0,9,致和證券,2024-02-02,7030
2353,宏��,17,8,9,致和證券,2024-02-02,7030
2634,漢翔,43,34,9,致和證券,2024-02-02,7030
3704,合勤控,9,0,9,致和證券,2024-02-02,7030
2408,南亞科,8,0,8,致和證券,2024-02-02,7030
4532,瑞智,8,0,8,致和證券,2024-02-02,7030
5512,力麒,8,0,8,致和證券,2024-02-02,7030
2017,官田鋼,7,0,7,致和證券,2024-02-02,7030
2369,菱生,7,0,7,致和證券,2024-02-02,7030
3041,揚智,13,6,7,致和證券,2024-02-02,7030
8488,吉源-KY,7,0,7,致和證券,2024-02-02,7030
1795,美時,6,0,6,致和證券,2024-02-02,7030
1584,精剛,6,0,6,致和證券,2024-02-02,7030
5519,隆大,6,0,6,致和證券,2024-02-02,7030
6160,欣技,6,0,6,致和證券,2024-02-02,7030
00687B,國泰20年美債,6,1,5,致和證券,2024-02-02,7030
1702,南僑,5,0,5,致和證券,2024-02-02,7030
1815,富喬,5,0,5,致和證券,2024-02-02,7030
2344,華邦電,12,7,5,致和證券,2024-02-02,7030
3032,偉訓,7,2,5,致和證券,2024-02-02,7030
3047,訊舟,5,0,5,致和證券,2024-02-02,7030
6148,驊宏資,5,0,5,致和證券,2024-02-02,7030
6442,光聖,11,6,5,致和證券,2024-02-02,7030
8034,榮群,5,0,5,致和證券,2024-02-02,7030
2027,大成鋼,4,0,4,致和證券,2024-02-02,7030
2038,海光,5,1,4,致和證券,2024-02-02,7030
5356,協益,5,1,4,致和證券,2024-02-02,7030
1785,光洋科,3,0,3,致和證券,2024-02-02,7030
00933B,國泰10Y+金融債,3,0,3,致和證券,2024-02-02,7030
2101,南港,3,0,3,致和證券,2024-02-02,7030
2317,鴻海,4,1,3,致和證券,2024-02-02,7030
2355,敬鵬,3,0,3,致和證券,2024-02-02,7030
2812,台中銀,3,0,3,致和證券,2024-02-02,7030
2891,中信金,3,0,3,致和證券,2024-02-02,7030
2330,台積電,100,10,90,致和證券,2024-02-05,7030
9907,統一實,77,0,77,致和證券,2024-02-05,7030
00882,中信中國高股息,46,0,46,致和證券,2024-02-05,7030
2025,千興,47,4,43,致和證券,2024-02-05,7030
00680L,元大美債20正2,30,0,30,致和證券,2024-02-05,7030
6770,力積電,25,0,25,致和證券,2024-02-05,7030
00679B,元大美債20年,22,0,22,致和證券,2024-02-05,7030
00715L,期街口布蘭特正2,20,0,20,致和證券,2024-02-05,7030
1529,樂事綠能,20,0,20,致和證券,2024-02-05,7030
2607,榮運,20,0,20,致和證券,2024-02-05,7030
2886,兆豐金,20,0,20,致和證券,2024-02-05,7030
0056,元大高股息,20,1,19,致和證券,2024-02-05,7030
2382,廣達,22,4,18,致和證券,2024-02-05,7030
00712,復華富時不動產,19,3,16,致和證券,2024-02-05,7030
2427,三商電,16,0,16,致和證券,2024-02-05,7030
00919,群益台灣精選高息,14,0,14,致和證券,2024-02-05,7030
2884,玉山金,14,0,14,致和證券,2024-02-05,7030
3622,洋華,14,0,14,致和證券,2024-02-05,7030
5880,合庫金,13,0,13,致和證券,2024-02-05,7030
8930,青鋼,13,0,13,致和證券,2024-02-05,7030
00878,國泰永續高股息,12,0,12,致和證券,2024-02-05,7030
00929,復華台灣科技優息,13,2,11,致和證券,2024-02-05,7030
2303,聯電,15,4,11,致和證券,2024-02-05,7030
2610,華航,33,22,11,致和證券,2024-02-05,7030
5608,四維航,11,0,11,致和證券,2024-02-05,7030
1605,華新,10,0,10,致和證券,2024-02-05,7030
2033,佳大,10,0,10,致和證券,2024-02-05,7030
4961,天鈺,10,0,10,致和證券,2024-02-05,7030
6005,群益證,10,0,10,致和證券,2024-02-05,7030
6799,來頡,10,0,10,致和證券,2024-02-05,7030
3481,群創,8,0,8,致和證券,2024-02-05,7030
3535,晶彩科,10,3,7,致和證券,2024-02-05,7030
1341,富林-KY,6,0,6,致和證券,2024-02-05,7030
00937B,群益ESG投等債20,6,0,6,致和證券,2024-02-05,7030
1528,恩德,7,1,6,致和證券,2024-02-05,7030
2027,大成鋼,6,0,6,致和證券,2024-02-05,7030
2421,建準,19,13,6,致和證券,2024-02-05,7030
2609,陽明,6,0,6,致和證券,2024-02-05,7030
3035,智原,6,0,6,致和證券,2024-02-05,7030
5009,榮剛,6,0,6,致和證券,2024-02-05,7030
5228,鈺鎧,6,0,6,致和證券,2024-02-05,7030
8358,金居,6,0,6,致和證券,2024-02-05,7030
00687B,國泰20年美債,5,0,5,致和證券,2024-02-05,7030
00853B,統一美債10年Aa-,5,0,5,致和證券,2024-02-05,7030
1609,大亞,5,0,5,致和證券,2024-02-05,7030
1752,南光,5,0,5,致和證券,2024-02-05,7030
2462,良得電,5,0,5,致和證券,2024-02-05,7030
2618,長榮航,8,3,5,致和證券,2024-02-05,7030
2883,凱基金,5,0,5,致和證券,2024-02-05,7030
3380,明泰,5,0,5,致和證券,2024-02-05,7030
00937B,群益ESG投等債20,124,0,124,致和證券,2024-02-15,7030
3481,群創,113,20,93,致和證券,2024-02-15,7030
2618,長榮航,101,10,91,致和證券,2024-02-15,7030
2330,台積電,105,33,72,致和證券,2024-02-15,7030
00680L,元大美債20正2,52,0,52,致和證券,2024-02-15,7030
2610,華航,51,16,35,致和證券,2024-02-15,7030
2705,六福,28,0,28,致和證券,2024-02-15,7030
00712,復華富時不動產,28,0,28,致和證券,2024-02-15,7030
2408,南亞科,28,1,27,致和證券,2024-02-15,7030
1529,樂事綠能,26,0,26,致和證券,2024-02-15,7030
2883,凱基金,40,15,25,致和證券,2024-02-15,7030
2382,廣達,84,60,24,致和證券,2024-02-15,7030
2027,大成鋼,21,0,21,致和證券,2024-02-15,7030
2313,華通,32,15,17,致和證券,2024-02-15,7030
4938,和碩,16,0,16,致和證券,2024-02-15,7030
6282,康舒,16,0,16,致和證券,2024-02-15,7030
5880,合庫金,15,0,15,致和證券,2024-02-15,7030
00931B,統一美債20年,15,0,15,致和證券,2024-02-15,7030
00933B,國泰10Y+金融債,14,0,14,致和證券,2024-02-15,7030
6266,泰詠,14,0,14,致和證券,2024-02-15,7030
2603,長榮,15,2,13,致和證券,2024-02-15,7030
5864,致和證,13,0,13,致和證券,2024-02-15,7030
00688L,國泰20年美債正2,12,0,12,致和證券,2024-02-15,7030
6770,力積電,14,2,12,致和證券,2024-02-15,7030
2801,彰銀,12,1,11,致和證券,2024-02-15,7030
1503,士電,10,0,10,致和證券,2024-02-15,7030
2025,千興,10,0,10,致和證券,2024-02-15,7030
2882,國泰金,10,0,10,致和證券,2024-02-15,7030
3028,增你強,12,2,10,致和證券,2024-02-15,7030
3090,日電貿,10,0,10,致和證券,2024-02-15,7030
6005,群益證,10,0,10,致和證券,2024-02-15,7030
6535,順藥,10,0,10,致和證券,2024-02-15,7030
6589,台康生技,10,0,10,致和證券,2024-02-15,7030
6695,芯鼎,20,10,10,致和證券,2024-02-15,7030
3499,環天科,9,0,9,致和證券,2024-02-15,7030
6116,彩晶,20,11,9,致和證券,2024-02-15,7030
3712,永崴投控,9,1,8,致和證券,2024-02-15,7030
00687B,國泰20年美債,8,0,8,致和證券,2024-02-15,7030
3032,偉訓,10,2,8,致和證券,2024-02-15,7030
3049,精金,8,0,8,致和證券,2024-02-15,7030
8110,華東,7,0,7,致和證券,2024-02-15,7030
00637L,元大滬深300正2,6,0,6,致和證券,2024-02-15,7030
4432,銘旺實,6,0,6,致和證券,2024-02-15,7030
8163,達方,6,0,6,致和證券,2024-02-15,7030
00673R,期元大S＆P原油反1,6,0,6,致和證券,2024-02-15,7030
00857B,永豐20年美公債,5,0,5,致和證券,2024-02-15,7030
00706L,期元大S＆P日圓正2,5,0,5,致和證券,2024-02-15,7030
2033,佳大,5,0,5,致和證券,2024-02-15,7030
2363,矽統,7,2,5,致和證券,2024-02-15,7030
2855,統一證,5,0,5,致和證券,2024-02-15,7030
00632R,元大台灣50反1,100,0,100,致和證券,2024-02-16,7030
2834,臺企銀,58,0,58,致和證券,2024-02-16,7030
00712,復華富時不動產,45,0,45,致和證券,2024-02-16,7030
2515,中工,37,0,37,致和證券,2024-02-16,7030
3481,群創,35,1,34,致和證券,2024-02-16,7030
00919,群益台灣精選高息,33,1,32,致和證券,2024-02-16,7030
00722B,群益投資級電信債,30,0,30,致和證券,2024-02-16,7030
2025,千興,30,0,30,致和證券,2024-02-16,7030
5443,均豪,30,1,29,致和證券,2024-02-16,7030
2888,新光金,61,37,24,致和證券,2024-02-16,7030
00673R,期元大S＆P原油反1,22,0,22,致和證券,2024-02-16,7030
00680L,元大美債20正2,21,0,21,致和證券,2024-02-16,7030
6274,台燿,21,0,21,致和證券,2024-02-16,7030
2603,長榮,30,11,19,致和證券,2024-02-16,7030
2303,聯電,16,0,16,致和證券,2024-02-16,7030
2883,凱基金,16,1,15,致和證券,2024-02-16,7030
00679B,元大美債20年,15,0,15,致和證券,2024-02-16,7030
5011,久陽,15,0,15,致和證券,2024-02-16,7030
00931B,統一美債20年,14,0,14,致和證券,2024-02-16,7030
3013,晟銘電,16,2,14,致和證券,2024-02-16,7030
1584,精剛,12,0,12,致和證券,2024-02-16,7030
2382,廣達,16,5,11,致和證券,2024-02-16,7030
00637L,元大滬深300正2,11,0,11,致和證券,2024-02-16,7030
3715,定穎投控,13,2,11,致和證券,2024-02-16,7030
1342,八貫,10,0,10,致和證券,2024-02-16,7030
00933B,國泰10Y+金融債,10,0,10,致和證券,2024-02-16,7030
00751B,元大AAA至A公司債,10,0,10,致和證券,2024-02-16,7030
2457,飛宏,12,2,10,致和證券,2024-02-16,7030
2486,一詮,11,3,8,致和證券,2024-02-16,7030
2867,三商壽,9,1,8,致和證券,2024-02-16,7030
6154,順發,8,0,8,致和證券,2024-02-16,7030
6191,精成科,8,0,8,致和證券,2024-02-16,7030
3036,文曄,9,1,8,致和證券,2024-02-16,7030
00904,新光臺灣半導體30,9,2,7,致和證券,2024-02-16,7030
00882,中信中國高股息,7,0,7,致和證券,2024-02-16,7030
2365,昆盈,15,8,7,致和證券,2024-02-16,7030
2371,大同,7,0,7,致和證券,2024-02-16,7030
3032,偉訓,7,0,7,致和證券,2024-02-16,7030
3535,晶彩科,7,0,7,致和證券,2024-02-16,7030
2408,南亞科,6,0,6,致和證券,2024-02-16,7030
00937B,群益ESG投等債20,6,0,6,致和證券,2024-02-16,7030
2882,國泰金,8,2,6,致和證券,2024-02-16,7030
3017,奇鋐,6,0,6,致和證券,2024-02-16,7030
6491,晶碩,6,0,6,致和證券,2024-02-16,7030
2887,台新金,5,0,5,致和證券,2024-02-16,7030
1528,恩德,5,0,5,致和證券,2024-02-16,7030
1708,東鹼,5,0,5,致和證券,2024-02-16,7030
2340,台亞,5,0,5,致和證券,2024-02-16,7030
2401,凌陽,5,0,5,致和證券,2024-02-16,7030
2417,圓剛,5,0,5,致和證券,2024-02-16,7030
2883,凱基金,308,21,287,致和證券,2024-02-19,7030
2834,臺企銀,100,0,100,致和證券,2024-02-19,7030
2356,英業達,102,32,70,致和證券,2024-02-19,7030
00878,國泰永續高股息,66,10,56,致和證券,2024-02-19,7030
00680L,元大美債20正2,50,0,50,致和證券,2024-02-19,7030
4114,健喬,39,0,39,致和證券,2024-02-19,7030
5443,均豪,43,4,39,致和證券,2024-02-19,7030
2349,錸德,30,0,30,致和證券,2024-02-19,7030
00753L,中信中國50正2,22,0,22,致和證券,2024-02-19,7030
3607,谷崧,21,0,21,致和證券,2024-02-19,7030
6197,佳必琪,20,0,20,致和證券,2024-02-19,7030
2353,宏��,27,8,19,致和證券,2024-02-19,7030
00715L,期街口布蘭特正2,15,0,15,致和證券,2024-02-19,7030
1611,中電,15,0,15,致和證券,2024-02-19,7030
2515,中工,17,2,15,致和證券,2024-02-19,7030
2303,聯電,14,0,14,致和證券,2024-02-19,7030
2329,華泰,21,7,14,致和證券,2024-02-19,7030
6141,柏承,14,0,14,致和證券,2024-02-19,7030
6615,慧智,14,0,14,致和證券,2024-02-19,7030
00933B,國泰10Y+金融債,11,0,11,致和證券,2024-02-19,7030
2449,京元電子,14,3,11,致和證券,2024-02-19,7030
00712,復華富時不動產,10,0,10,致和證券,2024-02-19,7030
00679B,元大美債20年,10,0,10,致和證券,2024-02-19,7030
1612,宏泰,10,0,10,致和證券,2024-02-19,7030
2365,昆盈,37,27,10,致和證券,2024-02-19,7030
3694,海華,10,1,9,致和證券,2024-02-19,7030
3189,景碩,10,2,8,致和證券,2024-02-19,7030
3715,定穎投控,8,0,8,致和證券,2024-02-19,7030
5009,榮剛,8,0,8,致和證券,2024-02-19,7030
1514,亞力,15,8,7,致和證券,2024-02-19,7030
3035,智原,12,5,7,致和證券,2024-02-19,7030
6015,宏遠證,7,0,7,致和證券,2024-02-19,7030
8024,佑華,7,0,7,致和證券,2024-02-19,7030
1513,中興電,10,4,6,致和證券,2024-02-19,7030
1444,力麗,6,0,6,致和證券,2024-02-19,7030
1582,信錦,6,0,6,致和證券,2024-02-19,7030
1781,合世,10,4,6,致和證券,2024-02-19,7030
2886,兆豐金,6,0,6,致和證券,2024-02-19,7030
6672,騰輝電子-KY,6,0,6,致和證券,2024-02-19,7030
2382,廣達,9,4,5,致和證券,2024-02-19,7030
1219,福壽,5,0,5,致和證券,2024-02-19,7030
00919,群益台灣精選高息,6,1,5,致和證券,2024-02-19,7030
00934,中信成長高股息,5,0,5,致和證券,2024-02-19,7030
1713,國化,5,0,5,致和證券,2024-02-19,7030
2101,南港,5,0,5,致和證券,2024-02-19,7030
2371,大同,5,0,5,致和證券,2024-02-19,7030
2462,良得電,5,0,5,致和證券,2024-02-19,7030
2845,遠東銀,5,0,5,致和證券,2024-02-19,7030
3058,立德,5,0,5,致和證券,2024-02-19,7030
5425,台半,5,0,5,致和證券,2024-02-19,7030
2025,千興,889,4,885,致和證券,2024-02-20,7030
2017,官田鋼,170,2,168,致和證券,2024-02-20,7030
6257,矽格,122,0,122,致和證券,2024-02-20,7030
1815,富喬,94,6,88,致和證券,2024-02-20,7030
00919,群益台灣精選高息,80,20,60,致和證券,2024-02-20,7030
00712,復華富時不動產,56,0,56,致和證券,2024-02-20,7030
5009,榮剛,22,0,22,致和證券,2024-02-20,7030
00927,群益半導體收益,21,0,21,致和證券,2024-02-20,7030
3231,緯創,33,14,19,致和證券,2024-02-20,7030
00929,復華台灣科技優息,28,10,18,致和證券,2024-02-20,7030
3704,合勤控,18,0,18,致和證券,2024-02-20,7030
5608,四維航,14,0,14,致和證券,2024-02-20,7030
2332,友訊,14,1,13,致和證券,2024-02-20,7030
2618,長榮航,21,8,13,致和證券,2024-02-20,7030
00891,中信關鍵半導體,10,0,10,致和證券,2024-02-20,7030
6108,競國,10,0,10,致和證券,2024-02-20,7030
9105,泰金寶-DR,10,0,10,致和證券,2024-02-20,7030
4162,智擎,9,0,9,致和證券,2024-02-20,7030
6126,信音,9,0,9,致和證券,2024-02-20,7030
6139,亞翔,10,1,9,致和證券,2024-02-20,7030
6125,廣運,19,11,8,致和證券,2024-02-20,7030
2367,燿華,9,1,8,致和證券,2024-02-20,7030
2812,台中銀,8,0,8,致和證券,2024-02-20,7030
3481,群創,8,0,8,致和證券,2024-02-20,7030
6142,友勁,8,0,8,致和證券,2024-02-20,7030
8093,保銳,8,0,8,致和證券,2024-02-20,7030
00933B,國泰10Y+金融債,7,0,7,致和證券,2024-02-20,7030
1514,亞力,11,4,7,致和證券,2024-02-20,7030
2450,神腦,10,3,7,致和證券,2024-02-20,7030
2382,廣達,7,1,6,致和證券,2024-02-20,7030
1314,中石化,6,0,6,致和證券,2024-02-20,7030
1522,堤維西,8,2,6,致和證券,2024-02-20,7030
2369,菱生,7,1,6,致和證券,2024-02-20,7030
3715,定穎投控,6,0,6,致和證券,2024-02-20,7030
6684,安格,7,1,6,致和證券,2024-02-20,7030
1444,力麗,5,0,5,致和證券,2024-02-20,7030
00713,元大台灣高息低波,5,0,5,致和證券,2024-02-20,7030
00931B,統一美債20年,5,0,5,致和證券,2024-02-20,7030
00903,富邦元宇宙,5,0,5,致和證券,2024-02-20,7030
00642U,期元大S＆P石油,5,0,5,致和證券,2024-02-20,7030
2201,裕隆,5,0,5,致和證券,2024-02-20,7030
2633,台灣高鐵,6,1,5,致和證券,2024-02-20,7030
3038,全台,5,0,5,致和證券,2024-02-20,7030
3312,弘憶股,5,0,5,致和證券,2024-02-20,7030
5202,力新,5,0,5,致和證券,2024-02-20,7030
5309,系統電,5,0,5,致和證券,2024-02-20,7030
6141,柏承,5,0,5,致和證券,2024-02-20,7030
6179,亞通,5,0,5,致和證券,2024-02-20,7030
6770,力積電,5,0,5,致和證券,2024-02-20,7030
00888,永豐台灣ESG,4,0,4,致和證券,2024-02-20,7030
2303,聯電,91,0,91,致和證券,2024-02-21,7030
3437,榮創,82,0,82,致和證券,2024-02-21,7030
2017,官田鋼,70,0,70,致和證券,2024-02-21,7030
00712,復華富時不動產,68,0,68,致和證券,2024-02-21,7030
00929,復華台灣科技優息,76,18,58,致和證券,2024-02-21,7030
3231,緯創,41,6,35,致和證券,2024-02-21,7030
8059,凱碩,35,0,35,致和證券,2024-02-21,7030
2025,千興,36,2,34,致和證券,2024-02-21,7030
5487,通泰,34,0,34,致和證券,2024-02-21,7030
6531,愛普*,29,0,29,致和證券,2024-02-21,7030
2406,國碩,26,0,26,致和證券,2024-02-21,7030
00937B,群益ESG投等債20,26,2,24,致和證券,2024-02-21,7030
2489,瑞軒,46,24,22,致和證券,2024-02-21,7030
3035,智原,24,2,22,致和證券,2024-02-21,7030
2352,佳世達,20,0,20,致和證券,2024-02-21,7030
2609,陽明,37,18,19,致和證券,2024-02-21,7030
1717,長興,19,1,18,致和證券,2024-02-21,7030
6164,華興,16,0,16,致和證券,2024-02-21,7030
00919,群益台灣精選高息,28,13,15,致和證券,2024-02-21,7030
00933B,國泰10Y+金融債,15,0,15,致和證券,2024-02-21,7030
2356,英業達,31,16,15,致和證券,2024-02-21,7030
3535,晶彩科,12,0,12,致和證券,2024-02-21,7030
2382,廣達,14,4,10,致和證券,2024-02-21,7030
2033,佳大,10,0,10,致和證券,2024-02-21,7030
6133,金橋,10,0,10,致和證券,2024-02-21,7030
6578,達邦蛋白,10,0,10,致和證券,2024-02-21,7030
00637L,元大滬深300正2,10,1,9,致和證券,2024-02-21,7030
6806,森崴能源,9,2,7,致和證券,2024-02-21,7030
8064,東捷,8,1,7,致和證券,2024-02-21,7030
2330,台積電,7,1,6,致和證券,2024-02-21,7030
6548,長科*,6,0,6,致和證券,2024-02-21,7030
1314,中石化,8,3,5,致和證券,2024-02-21,7030
00650L,復華香港正2,5,0,5,致和證券,2024-02-21,7030
00751B,元大AAA至A公司債,5,0,5,致和證券,2024-02-21,7030
00753L,中信中國50正2,12,7,5,致和證券,2024-02-21,7030
6154,順發,5,0,5,致和證券,2024-02-21,7030
6265,方土昶,5,0,5,致和證券,2024-02-21,7030
6282,康舒,5,0,5,致和證券,2024-02-21,7030
6509,聚和,5,0,5,致和證券,2024-02-21,7030
8936,國統,26,21,5,致和證券,2024-02-21,7030
8942,森鉅,5,0,5,致和證券,2024-02-21,7030
00882,中信中國高股息,5,1,4,致和證券,2024-02-21,7030
1806,冠軍,5,1,4,致和證券,2024-02-21,7030
3057,喬鼎,4,0,4,致和證券,2024-02-21,7030
3607,谷崧,9,5,4,致和證券,2024-02-21,7030
6139,亞翔,5,1,4,致和證券,2024-02-21,7030
6661,威健生技,4,0,4,致和證券,2024-02-21,7030
8110,華東,6,2,4,致和證券,2024-02-21,7030
8411,福貞-KY,4,0,4,致和證券,2024-02-21,7030
00878,國泰永續高股息,3,0,3,致和證券,2024-02-21,7030
2356,英業達,121,45,76,致和證券,2024-02-22,7030
00919,群益台灣精選高息,80,20,60,致和證券,2024-02-22,7030
00753L,中信中國50正2,42,0,42,致和證券,2024-02-22,7030
6257,矽格,35,2,33,致和證券,2024-02-22,7030
2617,台航,29,0,29,致和證券,2024-02-22,7030
00712,復華富時不動產,21,0,21,致和證券,2024-02-22,7030
8936,國統,20,0,20,致和證券,2024-02-22,7030
3062,建漢,21,2,19,致和證券,2024-02-22,7030
2025,千興,93,76,17,致和證券,2024-02-22,7030
5443,均豪,29,12,17,致和證券,2024-02-22,7030
6668,中揚光,17,2,15,致和證券,2024-02-22,7030
3054,立萬利,14,0,14,致和證券,2024-02-22,7030
3231,緯創,27,13,14,致和證券,2024-02-22,7030
9945,潤泰新,15,1,14,致和證券,2024-02-22,7030
00687B,國泰20年美債,13,0,13,致和證券,2024-02-22,7030
4909,新復興,15,2,13,致和證券,2024-02-22,7030
5228,鈺鎧,12,0,12,致和證券,2024-02-22,7030
1514,亞力,20,9,11,致和證券,2024-02-22,7030
00637L,元大滬深300正2,12,1,11,致和證券,2024-02-22,7030
2801,彰銀,11,0,11,致和證券,2024-02-22,7030
00882,中信中國高股息,10,0,10,致和證券,2024-02-22,7030
2208,台船,10,0,10,致和證券,2024-02-22,7030
2211,長榮鋼,10,0,10,致和證券,2024-02-22,7030
2329,華泰,49,39,10,致和證券,2024-02-22,7030
2388,威盛,10,0,10,致和證券,2024-02-22,7030
2484,希華,13,3,10,致和證券,2024-02-22,7030
2913,農林,10,0,10,致和證券,2024-02-22,7030
6005,群益證,10,0,10,致和證券,2024-02-22,7030
6799,來頡,10,0,10,致和證券,2024-02-22,7030
9105,泰金寶-DR,10,0,10,致和證券,2024-02-22,7030
2303,聯電,10,1,9,致和證券,2024-02-22,7030
3481,群創,13,4,9,致和證券,2024-02-22,7030
5355,佳總,9,0,9,致和證券,2024-02-22,7030
00930,永豐ESG低碳高息,8,0,8,致和證券,2024-02-22,7030
2033,佳大,8,0,8,致和證券,2024-02-22,7030
2201,裕隆,9,1,8,致和證券,2024-02-22,7030
2883,凱基金,14,6,8,致和證券,2024-02-22,7030
6770,力積電,8,0,8,致和證券,2024-02-22,7030
3013,晟銘電,10,3,7,致和證券,2024-02-22,7030
6139,亞翔,7,0,7,致和證券,2024-02-22,7030
2002,中鋼,7,1,6,致和證券,2024-02-22,7030
00655L,國泰中國A50正2,6,0,6,致和證券,2024-02-22,7030
2317,鴻海,6,0,6,致和證券,2024-02-22,7030
2353,宏��,23,17,6,致和證券,2024-02-22,7030
2367,燿華,14,8,6,致和證券,2024-02-22,7030
2634,漢翔,16,10,6,致和證券,2024-02-22,7030
6126,信音,18,12,6,致和證券,2024-02-22,7030
6168,宏齊,6,0,6,致和證券,2024-02-22,7030
6174,安��,8,2,6,致和證券,2024-02-22,7030
8163,達方,6,0,6,致和證券,2024-02-22,7030
2610,華航,110,7,103,致和證券,2024-02-23,7030
6531,愛普*,90,0,90,致和證券,2024-02-23,7030
2460,建通,37,0,37,致和證券,2024-02-23,7030
1536,和大,38,3,35,致和證券,2024-02-23,7030
3362,先進光,30,0,30,致和證券,2024-02-23,7030
2329,華泰,47,22,25,致和證券,2024-02-23,7030
2303,聯電,21,0,21,致和證券,2024-02-23,7030
2352,佳世達,25,4,21,致和證券,2024-02-23,7030
8930,青鋼,20,0,20,致和證券,2024-02-23,7030
2605,新興,20,1,19,致和證券,2024-02-23,7030
4953,緯軟,18,0,18,致和證券,2024-02-23,7030
00753L,中信中國50正2,30,13,17,致和證券,2024-02-23,7030
00679B,元大美債20年,17,0,17,致和證券,2024-02-23,7030
6116,彩晶,17,0,17,致和證券,2024-02-23,7030
00632R,元大台灣50反1,15,0,15,致和證券,2024-02-23,7030
3694,海華,15,0,15,致和證券,2024-02-23,7030
6189,豐藝,21,7,14,致和證券,2024-02-23,7030
6276,安鈦克,13,0,13,致和證券,2024-02-23,7030
6141,柏承,12,0,12,致和證券,2024-02-23,7030
00878,國泰永續高股息,12,1,11,致和證券,2024-02-23,7030
4147,中裕,11,0,11,致和證券,2024-02-23,7030
5469,瀚宇博,11,0,11,致和證券,2024-02-23,7030
6282,康舒,11,0,11,致和證券,2024-02-23,7030
0056,元大高股息,10,0,10,致和證券,2024-02-23,7030
2633,台灣高鐵,10,0,10,致和證券,2024-02-23,7030
2634,漢翔,10,0,10,致和證券,2024-02-23,7030
3013,晟銘電,11,1,10,致和證券,2024-02-23,7030
3059,華晶科,10,0,10,致和證券,2024-02-23,7030
3231,緯創,36,26,10,致和證券,2024-02-23,7030
6120,達運,10,0,10,致和證券,2024-02-23,7030
6509,聚和,10,0,10,致和證券,2024-02-23,7030
8064,東捷,14,5,9,致和證券,2024-02-23,7030
8096,擎亞,11,2,9,致和證券,2024-02-23,7030
1605,華新,8,0,8,致和證券,2024-02-23,7030
2324,仁寶,11,3,8,致和證券,2024-02-23,7030
2884,玉山金,8,0,8,致和證券,2024-02-23,7030
6470,宇智,8,0,8,致和證券,2024-02-23,7030
2376,技嘉,13,6,7,致和證券,2024-02-23,7030
2617,台航,10,3,7,致和證券,2024-02-23,7030
3576,聯合再生,7,0,7,致和證券,2024-02-23,7030
3712,永崴投控,8,1,7,致和證券,2024-02-23,7030
00687B,國泰20年美債,6,0,6,致和證券,2024-02-23,7030
1314,中石化,6,0,6,致和證券,2024-02-23,7030
2880,華南金,6,0,6,致和證券,2024-02-23,7030
3325,旭品,6,0,6,致和證券,2024-02-23,7030
3689,湧德,8,2,6,致和證券,2024-02-23,7030
4968,立積,9,3,6,致和證券,2024-02-23,7030
5228,鈺鎧,6,0,6,致和證券,2024-02-23,7030
5355,佳總,8,2,6,致和證券,2024-02-23,7030
5487,通泰,6,0,6,致和證券,2024-02-23,7030
00933B,國泰10Y+金融債,85,0,85,致和證券,2024-02-26,7030
00934,中信成長高股息,50,0,50,致和證券,2024-02-26,7030
2303,聯電,50,10,40,致和證券,2024-02-26,7030
2460,建通,40,0,40,致和證券,2024-02-26,7030
3231,緯創,35,8,27,致和證券,2024-02-26,7030
00929,復華台灣科技優息,28,3,25,致和證券,2024-02-26,7030
00900,富邦特選高股息30,30,8,22,致和證券,2024-02-26,7030
2405,輔信,25,5,20,致和證券,2024-02-26,7030
2495,普安,20,0,20,致和證券,2024-02-26,7030
3437,榮創,20,0,20,致和證券,2024-02-26,7030
6443,元晶,20,0,20,致和證券,2024-02-26,7030
6578,達邦蛋白,20,1,19,致和證券,2024-02-26,7030
8093,保銳,17,0,17,致和證券,2024-02-26,7030
1717,長興,18,3,15,致和證券,2024-02-26,7030
3047,訊舟,15,0,15,致和證券,2024-02-26,7030
3362,先進光,15,0,15,致和證券,2024-02-26,7030
6167,久正,15,0,15,致和證券,2024-02-26,7030
2356,英業達,36,22,14,致和證券,2024-02-26,7030
2353,宏��,19,6,13,致和證券,2024-02-26,7030
2201,裕隆,12,0,12,致和證券,2024-02-26,7030
6770,力積電,11,0,11,致和證券,2024-02-26,7030
8091,翔名,10,0,10,致和證券,2024-02-26,7030
00712,復華富時不動產,10,0,10,致和證券,2024-02-26,7030
00918,大華優利高填息30,10,0,10,致和證券,2024-02-26,7030
2324,仁寶,16,6,10,致和證券,2024-02-26,7030
2812,台中銀,10,0,10,致和證券,2024-02-26,7030
2884,玉山金,10,0,10,致和證券,2024-02-26,7030
3289,宜特,10,0,10,致和證券,2024-02-26,7030
8488,吉源-KY,10,0,10,致和證券,2024-02-26,7030
2371,大同,14,5,9,致和證券,2024-02-26,7030
2515,中工,10,1,9,致和證券,2024-02-26,7030
2382,廣達,10,1,9,致和證券,2024-02-26,7030
6217,中探針,10,1,9,致和證券,2024-02-26,7030
00937B,群益ESG投等債20,11,3,8,致和證券,2024-02-26,7030
6166,凌華,18,10,8,致和證券,2024-02-26,7030
1611,中電,7,0,7,致和證券,2024-02-26,7030
2329,華泰,15,8,7,致和證券,2024-02-26,7030
2331,精英,7,0,7,致和證券,2024-02-26,7030
2449,京元電子,10,3,7,致和證券,2024-02-26,7030
2880,華南金,7,0,7,致和證券,2024-02-26,7030
2887,台新金,9,2,7,致和證券,2024-02-26,7030
3049,精金,7,0,7,致和證券,2024-02-26,7030
3712,永崴投控,14,7,7,致和證券,2024-02-26,7030
6233,旺玖,8,1,7,致和證券,2024-02-26,7030
0056,元大高股息,8,2,6,致和證券,2024-02-26,7030
5009,榮剛,6,0,6,致和證券,2024-02-26,7030
6282,康舒,6,0,6,致和證券,2024-02-26,7030
00772B,中信高評級公司債,5,0,5,致和證券,2024-02-26,7030
00715L,期街口布蘭特正2,5,0,5,致和證券,2024-02-26,7030
00915,凱基優選高股息30,5,0,5,致和證券,2024-02-26,7030
00679B,元大美債20年,50,0,50,致和證券,2024-02-27,7030
2356,英業達,83,35,48,致和證券,2024-02-27,7030
00878,國泰永續高股息,63,20,43,致和證券,2024-02-27,7030
4707,磐亞,40,0,40,致和證券,2024-02-27,7030
00712,復華富時不動產,39,0,39,致和證券,2024-02-27,7030
3712,永崴投控,38,3,35,致和證券,2024-02-27,7030
2812,台中銀,33,0,33,致和證券,2024-02-27,7030
2033,佳大,30,0,30,致和證券,2024-02-27,7030
8059,凱碩,35,8,27,致和證券,2024-02-27,7030
2027,大成鋼,23,0,23,致和證券,2024-02-27,7030
00937B,群益ESG投等債20,19,0,19,致和證券,2024-02-27,7030
6443,元晶,19,0,19,致和證券,2024-02-27,7030
00919,群益台灣精選高息,39,25,14,致和證券,2024-02-27,7030
1303,南亞,11,0,11,致和證券,2024-02-27,7030
00933B,國泰10Y+金融債,10,0,10,致和證券,2024-02-27,7030
4919,新唐,10,0,10,致和證券,2024-02-27,7030
5225,東科-KY,12,2,10,致和證券,2024-02-27,7030
6276,安鈦克,10,0,10,致和證券,2024-02-27,7030
2329,華泰,11,2,9,致和證券,2024-02-27,7030
2405,輔信,13,4,9,致和證券,2024-02-27,7030
2880,華南金,10,2,8,致和證券,2024-02-27,7030
00687B,國泰20年美債,8,0,8,致和證券,2024-02-27,7030
3535,晶彩科,8,0,8,致和證券,2024-02-27,7030
3583,辛耘,9,2,7,致和證券,2024-02-27,7030
00915,凱基優選高股息30,7,0,7,致和證券,2024-02-27,7030
1316,上曜,7,0,7,致和證券,2024-02-27,7030
1524,耿鼎,14,8,6,致和證券,2024-02-27,7030
1301,台塑,6,0,6,致和證券,2024-02-27,7030
1721,三晃,6,0,6,致和證券,2024-02-27,7030
3032,偉訓,7,1,6,致和證券,2024-02-27,7030
3041,揚智,6,0,6,致和證券,2024-02-27,7030
3481,群創,26,20,6,致和證券,2024-02-27,7030
6274,台燿,6,0,6,致和證券,2024-02-27,7030
6509,聚和,6,0,6,致和證券,2024-02-27,7030
8150,南茂,6,0,6,致和證券,2024-02-27,7030
00772B,中信高評級公司債,5,0,5,致和證券,2024-02-27,7030
2002,中鋼,13,8,5,致和證券,2024-02-27,7030
2025,千興,20,15,5,致和證券,2024-02-27,7030
2383,台光電,5,0,5,致和證券,2024-02-27,7030
2498,宏達電,6,1,5,致和證券,2024-02-27,7030
2609,陽明,5,0,5,致和證券,2024-02-27,7030
2615,萬海,10,5,5,致和證券,2024-02-27,7030
3362,先進光,5,0,5,致和證券,2024-02-27,7030
4722,國精化,5,0,5,致和證券,2024-02-27,7030
6182,合晶,5,0,5,致和證券,2024-02-27,7030
6531,愛普*,5,0,5,致和證券,2024-02-27,7030
6550,北極星藥業-KY,5,0,5,致和證券,2024-02-27,7030
6806,森崴能源,20,15,5,致和證券,2024-02-27,7030
6829,千附精密,5,0,5,致和證券,2024-02-27,7030
3037,欣興,33,28,5,致和證券,2024-02-27,7030
00688L,國泰20年美債正2,100,0,100,致和證券,2024-02-29,7030
00931B,統一美債20年,50,0,50,致和證券,2024-02-29,7030
4543,萬在,50,1,49,致和證券,2024-02-29,7030
00712,復華富時不動產,50,2,48,致和證券,2024-02-29,7030
2615,萬海,43,15,28,致和證券,2024-02-29,7030
6668,中揚光,25,0,25,致和證券,2024-02-29,7030
2382,廣達,26,2,24,致和證券,2024-02-29,7030
2017,官田鋼,20,0,20,致和證券,2024-02-29,7030
2515,中工,20,0,20,致和證券,2024-02-29,7030
2511,太子,16,0,16,致和證券,2024-02-29,7030
4961,天鈺,16,0,16,致和證券,2024-02-29,7030
6127,九豪,17,1,16,致和證券,2024-02-29,7030
6443,元晶,24,8,16,致和證券,2024-02-29,7030
2353,宏��,23,10,13,致和證券,2024-02-29,7030
6282,康舒,18,5,13,致和證券,2024-02-29,7030
1101,台泥,14,2,12,致和證券,2024-02-29,7030
00935,野村臺灣新科技50,10,0,10,致和證券,2024-02-29,7030
1611,中電,10,0,10,致和證券,2024-02-29,7030
8096,擎亞,11,1,10,致和證券,2024-02-29,7030
00878,國泰永續高股息,10,0,10,致和證券,2024-02-29,7030
8936,國統,9,0,9,致和證券,2024-02-29,7030
3413,京鼎,10,2,8,致和證券,2024-02-29,7030
6830,汎銓,8,0,8,致和證券,2024-02-29,7030
0056,元大高股息,7,0,7,致和證券,2024-02-29,7030
2436,偉詮電,7,0,7,致和證券,2024-02-29,7030
3708,上緯投控,8,1,7,致和證券,2024-02-29,7030
5452,佶優,7,0,7,致和證券,2024-02-29,7030
6191,精成科,7,0,7,致和證券,2024-02-29,7030
1517,利奇,6,0,6,致和證券,2024-02-29,7030
2324,仁寶,20,14,6,致和證券,2024-02-29,7030
2449,京元電子,9,3,6,致和證券,2024-02-29,7030
3047,訊舟,6,0,6,致和證券,2024-02-29,7030
3535,晶彩科,12,6,6,致和證券,2024-02-29,7030
00933B,國泰10Y+金融債,5,0,5,致和證券,2024-02-29,7030
00679B,元大美債20年,5,0,5,致和證券,2024-02-29,7030
00753L,中信中國50正2,5,0,5,致和證券,2024-02-29,7030
2312,金寶,5,0,5,致和證券,2024-02-29,7030
2332,友訊,5,0,5,致和證券,2024-02-29,7030
2367,燿華,6,1,5,致和證券,2024-02-29,7030
2421,建準,7,2,5,致和證券,2024-02-29,7030
2915,潤泰全,5,0,5,致和證券,2024-02-29,7030
3032,偉訓,5,0,5,致和證券,2024-02-29,7030
3060,銘異,5,0,5,致和證券,2024-02-29,7030
6276,安鈦克,5,0,5,致和證券,2024-02-29,7030
6509,聚和,5,0,5,致和證券,2024-02-29,7030
2467,志聖,5,1,4,致和證券,2024-02-29,7030
2809,京城銀,4,0,4,致和證券,2024-02-29,7030
3105,穩懋,4,0,4,致和證券,2024-02-29,7030
3607,谷崧,5,1,4,致和證券,2024-02-29,7030
4540,全球傳動,4,0,4,致和證券,2024-02-29,7030
00919,群益台灣精選高息,149,3,146,致和證券,2024-03-01,7030
00918,大華優利高填息30,42,5,37,致和證券,2024-03-01,7030
00632R,元大台灣50反1,40,5,35,致和證券,2024-03-01,7030
00929,復華台灣科技優息,39,6,33,致和證券,2024-03-01,7030
6257,矽格,26,0,26,致和證券,2024-03-01,7030
2491,吉祥全,19,0,19,致和證券,2024-03-01,7030
00878,國泰永續高股息,18,1,17,致和證券,2024-03-01,7030
5871,中租-KY,15,0,15,致和證券,2024-03-01,7030
1504,東元,15,1,14,致和證券,2024-03-01,7030
2705,六福,14,0,14,致和證券,2024-03-01,7030
1513,中興電,26,12,14,致和證券,2024-03-01,7030
4526,東台,13,0,13,致和證券,2024-03-01,7030
6443,元晶,13,0,13,致和證券,2024-03-01,7030
6125,廣運,28,15,13,致和證券,2024-03-01,7030
00915,凱基優選高股息30,12,0,12,致和證券,2024-03-01,7030
2002,中鋼,36,25,11,致和證券,2024-03-01,7030
6141,柏承,17,6,11,致和證券,2024-03-01,7030
1316,上曜,23,13,10,致和證券,2024-03-01,7030
00688L,國泰20年美債正2,10,0,10,致和證券,2024-03-01,7030
00933B,國泰10Y+金融債,10,0,10,致和證券,2024-03-01,7030
2033,佳大,10,0,10,致和證券,2024-03-01,7030
2460,建通,11,1,10,致和證券,2024-03-01,7030
2609,陽明,51,41,10,致和證券,2024-03-01,7030
3481,群創,28,18,10,致和證券,2024-03-01,7030
3710,連展投控,10,0,10,致和證券,2024-03-01,7030
6770,力積電,10,0,10,致和證券,2024-03-01,7030
2329,華泰,18,9,9,致和證券,2024-03-01,7030
2611,志信,9,0,9,致和證券,2024-03-01,7030
6139,亞翔,11,2,9,致和證券,2024-03-01,7030
2367,燿華,15,7,8,致和證券,2024-03-01,7030
6275,元山,8,1,7,致和證券,2024-03-01,7030
1540,喬福,7,0,7,致和證券,2024-03-01,7030
2409,友達,27,20,7,致和證券,2024-03-01,7030
3535,晶彩科,7,0,7,致和證券,2024-03-01,7030
6901,鑽石投資,9,2,7,致和證券,2024-03-01,7030
00697B,元大美債7-10,6,0,6,致和證券,2024-03-01,7030
3054,立萬利,6,0,6,致和證券,2024-03-01,7030
3715,定穎投控,6,0,6,致和證券,2024-03-01,7030
5452,佶優,8,2,6,致和證券,2024-03-01,7030
6126,信音,6,0,6,致和證券,2024-03-01,7030
6179,亞通,36,30,6,致和證券,2024-03-01,7030
6592,和潤企業,6,0,6,致和證券,2024-03-01,7030
3017,奇鋐,10,4,6,致和證券,2024-03-01,7030
00937B,群益ESG投等債20,5,0,5,致和證券,2024-03-01,7030
00679B,元大美債20年,5,0,5,致和證券,2024-03-01,7030
2369,菱生,5,0,5,致和證券,2024-03-01,7030
2371,大同,17,12,5,致和證券,2024-03-01,7030
2891,中信金,5,0,5,致和證券,2024-03-01,7030
3059,華晶科,5,0,5,致和證券,2024-03-01,7030
3356,奇偶,6,1,5,致和證券,2024-03-01,7030
2025,千興,643,8,635,致和證券,2024-03-04,7030
2017,官田鋼,80,0,80,致和證券,2024-03-04,7030
3231,緯創,76,21,55,致和證券,2024-03-04,7030
00918,大華優利高填息30,39,0,39,致和證券,2024-03-04,7030
8093,保銳,39,0,39,致和證券,2024-03-04,7030
3041,揚智,31,0,31,致和證券,2024-03-04,7030
6550,北極星藥業-KY,28,0,28,致和證券,2024-03-04,7030
1301,台塑,26,0,26,致和證券,2024-03-04,7030
5009,榮剛,25,0,25,致和證券,2024-03-04,7030
2457,飛宏,25,3,22,致和證券,2024-03-04,7030
4908,前鼎,29,8,21,致和證券,2024-03-04,7030
00720B,元大投資級公司債,20,0,20,致和證券,2024-03-04,7030
2605,新興,20,0,20,致和證券,2024-03-04,7030
5425,台半,20,0,20,致和證券,2024-03-04,7030
5864,致和證,21,1,20,致和證券,2024-03-04,7030
3437,榮創,20,2,18,致和證券,2024-03-04,7030
1611,中電,16,0,16,致和證券,2024-03-04,7030
00712,復華富時不動產,15,0,15,致和證券,2024-03-04,7030
2882,國泰金,14,0,14,致和證券,2024-03-04,7030
00919,群益台灣精選高息,26,13,13,致和證券,2024-03-04,7030
3540,曜越,13,0,13,致和證券,2024-03-04,7030
4961,天鈺,25,12,13,致和證券,2024-03-04,7030
8401,白紗科,13,0,13,致和證券,2024-03-04,7030
2371,大同,18,6,12,致和證券,2024-03-04,7030
4934,太極,11,0,11,致和證券,2024-03-04,7030
6118,建達,11,0,11,致和證券,2024-03-04,7030
1608,華榮,30,20,10,致和證券,2024-03-04,7030
2002,中鋼,24,14,10,致和證券,2024-03-04,7030
5285,界霖,10,0,10,致和證券,2024-03-04,7030
5464,霖宏,10,0,10,致和證券,2024-03-04,7030
6901,鑽石投資,10,0,10,致和證券,2024-03-04,7030
8059,凱碩,75,65,10,致和證券,2024-03-04,7030
9105,泰金寶-DR,10,0,10,致和證券,2024-03-04,7030
1513,中興電,13,4,9,致和證券,2024-03-04,7030
3535,晶彩科,16,7,9,致和證券,2024-03-04,7030
5347,世界,9,0,9,致和證券,2024-03-04,7030
3508,位速,8,0,8,致和證券,2024-03-04,7030
3712,永崴投控,13,5,8,致和證券,2024-03-04,7030
4968,立積,9,1,8,致和證券,2024-03-04,7030
6276,安鈦克,8,0,8,致和證券,2024-03-04,7030
1717,長興,7,0,7,致和證券,2024-03-04,7030
2356,英業達,48,42,6,致和證券,2024-03-04,7030
2369,菱生,6,0,6,致和證券,2024-03-04,7030
5871,中租-KY,6,0,6,致和證券,2024-03-04,7030
8043,蜜望實,6,0,6,致和證券,2024-03-04,7030
00795B,中信美國公債20年,5,0,5,致和證券,2024-03-04,7030
1326,台化,5,0,5,致和證券,2024-03-04,7030
1314,中石化,5,0,5,致和證券,2024-03-04,7030
1524,耿鼎,6,1,5,致和證券,2024-03-04,7030
1605,華新,6,1,5,致和證券,2024-03-04,7030
2897,王道銀行,73,0,73,致和證券,2024-03-05,7030
2609,陽明,51,1,50,致和證券,2024-03-05,7030
1409,新纖,60,13,47,致和證券,2024-03-05,7030
8105,凌巨,32,0,32,致和證券,2024-03-05,7030
6770,力積電,32,4,28,致和證券,2024-03-05,7030
6133,金橋,26,0,26,致和證券,2024-03-05,7030
2303,聯電,25,0,25,致和證券,2024-03-05,7030
00712,復華富時不動產,23,0,23,致和證券,2024-03-05,7030
00937B,群益ESG投等債20,22,0,22,致和證券,2024-03-05,7030
00919,群益台灣精選高息,20,0,20,致和證券,2024-03-05,7030
3712,永崴投控,25,6,19,致和證券,2024-03-05,7030
6550,北極星藥業-KY,17,1,16,致和證券,2024-03-05,7030
8227,巨有科技,14,0,14,致和證券,2024-03-05,7030
8488,吉源-KY,14,0,14,致和證券,2024-03-05,7030
2033,佳大,11,0,11,致和證券,2024-03-05,7030
2887,台新金,11,0,11,致和證券,2024-03-05,7030
2888,新光金,21,10,11,致和證券,2024-03-05,7030
00918,大華優利高填息30,10,0,10,致和證券,2024-03-05,7030
2421,建準,11,1,10,致和證券,2024-03-05,7030
2883,凱基金,72,62,10,致和證券,2024-03-05,7030
3390,旭軟,10,0,10,致和證券,2024-03-05,7030
9941,裕融,11,1,10,致和證券,2024-03-05,7030
2329,華泰,14,5,9,致和證券,2024-03-05,7030
2354,鴻準,11,2,9,致和證券,2024-03-05,7030
3041,揚智,8,0,8,致和證券,2024-03-05,7030
00679B,元大美債20年,8,0,8,致和證券,2024-03-05,7030
3035,智原,11,4,7,致和證券,2024-03-05,7030
1513,中興電,15,8,7,致和證券,2024-03-05,7030
1605,華新,7,0,7,致和證券,2024-03-05,7030
1609,大亞,12,5,7,致和證券,2024-03-05,7030
1808,潤隆,7,0,7,致和證券,2024-03-05,7030
2020,美亞,7,0,7,致和證券,2024-03-05,7030
6829,千附精密,7,0,7,致和證券,2024-03-05,7030
2017,官田鋼,6,0,6,致和證券,2024-03-05,7030
2208,台船,6,0,6,致和證券,2024-03-05,7030
2316,楠梓電,9,3,6,致和證券,2024-03-05,7030
3234,光環,8,2,6,致和證券,2024-03-05,7030
3535,晶彩科,9,3,6,致和證券,2024-03-05,7030
6160,欣技,6,0,6,致和證券,2024-03-05,7030
2327,國巨,5,0,5,致和證券,2024-03-05,7030
00673R,期元大S＆P原油反1,5,0,5,致和證券,2024-03-05,7030
00891,中信關鍵半導體,5,0,5,致和證券,2024-03-05,7030
1535,中宇,5,0,5,致和證券,2024-03-05,7030
2308,台達電,5,0,5,致和證券,2024-03-05,7030
2489,瑞軒,5,0,5,致和證券,2024-03-05,7030
2903,遠百,5,0,5,致和證券,2024-03-05,7030
3029,零壹,6,1,5,致和證券,2024-03-05,7030
3032,偉訓,7,2,5,致和證券,2024-03-05,7030
3038,全台,5,0,5,致和證券,2024-03-05,7030
3178,公準,5,0,5,致和證券,2024-03-05,7030
2308,台達電,230,3,227,致和證券,2024-03-06,7030
3481,群創,63,6,57,致和證券,2024-03-06,7030
6531,愛普*,53,6,47,致和證券,2024-03-06,7030
00753L,中信中國50正2,30,0,30,致和證券,2024-03-06,7030
2033,佳大,20,0,20,致和證券,2024-03-06,7030
4129,聯合,20,0,20,致和證券,2024-03-06,7030
6770,力積電,20,2,18,致和證券,2024-03-06,7030
00918,大華優利高填息30,17,0,17,致和證券,2024-03-06,7030
2356,英業達,24,8,16,致和證券,2024-03-06,7030
2408,南亞科,16,0,16,致和證券,2024-03-06,7030
00706L,期元大S＆P日圓正2,15,0,15,致和證券,2024-03-06,7030
3059,華晶科,13,0,13,致和證券,2024-03-06,7030
3265,台星科,14,2,12,致和證券,2024-03-06,7030
5328,華容,14,2,12,致和證券,2024-03-06,7030
6548,長科*,16,4,12,致和證券,2024-03-06,7030
00937B,群益ESG投等債20,11,0,11,致和證券,2024-03-06,7030
6443,元晶,11,0,11,致和證券,2024-03-06,7030
8163,達方,13,2,11,致和證券,2024-03-06,7030
1449,佳和,10,0,10,致和證券,2024-03-06,7030
2515,中工,12,2,10,致和證券,2024-03-06,7030
3041,揚智,10,0,10,致和證券,2024-03-06,7030
2834,臺企銀,9,0,9,致和證券,2024-03-06,7030
2867,三商壽,9,0,9,致和證券,2024-03-06,7030
5439,高技,14,5,9,致和證券,2024-03-06,7030
6275,元山,12,3,9,致和證券,2024-03-06,7030
8048,德勝,9,0,9,致和證券,2024-03-06,7030
3062,建漢,10,1,9,致和證券,2024-03-06,7030
2705,六福,8,0,8,致和證券,2024-03-06,7030
3714,富采,8,0,8,致和證券,2024-03-06,7030
00900,富邦特選高股息30,7,0,7,致和證券,2024-03-06,7030
2610,華航,27,20,7,致和證券,2024-03-06,7030
4953,緯軟,7,0,7,致和證券,2024-03-06,7030
8488,吉源-KY,7,0,7,致和證券,2024-03-06,7030
00904,新光臺灣半導體30,6,0,6,致和證券,2024-03-06,7030
2104,國際中橡,6,0,6,致和證券,2024-03-06,7030
2329,華泰,8,2,6,致和證券,2024-03-06,7030
2383,台光電,6,0,6,致和證券,2024-03-06,7030
3037,欣興,6,0,6,致和證券,2024-03-06,7030
6235,華孚,6,0,6,致和證券,2024-03-06,7030
3231,緯創,14,9,5,致和證券,2024-03-06,7030
1582,信錦,5,0,5,致和證券,2024-03-06,7030
2365,昆盈,5,0,5,致和證券,2024-03-06,7030
3437,榮創,5,0,5,致和證券,2024-03-06,7030
5465,富驊,5,0,5,致和證券,2024-03-06,7030
6160,欣技,5,0,5,致和證券,2024-03-06,7030
6163,華電網,14,9,5,致和證券,2024-03-06,7030
4306,炎洲,8,4,4,致和證券,2024-03-06,7030
00655L,國泰中國A50正2,4,0,4,致和證券,2024-03-06,7030
0056,元大高股息,4,0,4,致和證券,2024-03-06,7030
2007,燁興,4,0,4,致和證券,2024-03-06,7030
2352,佳世達,257,1,256,致和證券,2024-03-07,7030
2356,英業達,149,28,121,致和證券,2024-03-07,7030
00937B,群益ESG投等債20,79,0,79,致和證券,2024-03-07,7030
00919,群益台灣精選高息,79,4,75,致和證券,2024-03-07,7030
6156,松上,50,0,50,致和證券,2024-03-07,7030
1815,富喬,38,5,33,致和證券,2024-03-07,7030
5515,建國,31,0,31,致和證券,2024-03-07,7030
2367,燿華,47,18,29,致和證券,2024-03-07,7030
2816,旺旺保,30,4,26,致和證券,2024-03-07,7030
8034,榮群,28,2,26,致和證券,2024-03-07,7030
2344,華邦電,34,9,25,致和證券,2024-03-07,7030
6163,華電網,32,9,23,致和證券,2024-03-07,7030
4961,天鈺,22,0,22,致和證券,2024-03-07,7030
3231,緯創,34,12,22,致和證券,2024-03-07,7030
4566,時碩工業,21,0,21,致和證券,2024-03-07,7030
1301,台塑,20,2,18,致和證券,2024-03-07,7030
2324,仁寶,21,3,18,致和證券,2024-03-07,7030
2405,輔信,19,1,18,致和證券,2024-03-07,7030
4707,磐亞,18,0,18,致和證券,2024-03-07,7030
2313,華通,27,11,16,致和證券,2024-03-07,7030
8050,廣積,15,0,15,致和證券,2024-03-07,7030
2511,太子,14,0,14,致和證券,2024-03-07,7030
4743,合一,14,0,14,致和證券,2024-03-07,7030
6117,迎廣,15,2,13,致和證券,2024-03-07,7030
00922,國泰台灣領袖50,13,1,12,致和證券,2024-03-07,7030
8110,華東,53,41,12,致和證券,2024-03-07,7030
3022,威強電,11,0,11,致和證券,2024-03-07,7030
2201,裕隆,10,0,10,致和證券,2024-03-07,7030
3033,威健,11,1,10,致和證券,2024-03-07,7030
3059,華晶科,10,0,10,致和證券,2024-03-07,7030
6120,達運,10,0,10,致和證券,2024-03-07,7030
8936,國統,10,0,10,致和證券,2024-03-07,7030
00921,兆豐龍頭等權重,10,0,10,致和證券,2024-03-07,7030
1717,長興,11,3,8,致和證券,2024-03-07,7030
2867,三商壽,11,3,8,致和證券,2024-03-07,7030
4128,中天,8,0,8,致和證券,2024-03-07,7030
5488,松普,9,1,8,致和證券,2024-03-07,7030
6126,信音,10,2,8,致和證券,2024-03-07,7030
00933B,國泰10Y+金融債,7,0,7,致和證券,2024-03-07,7030
1513,中興電,12,5,7,致和證券,2024-03-07,7030
1582,信錦,22,15,7,致和證券,2024-03-07,7030
2419,仲琦,8,1,7,致和證券,2024-03-07,7030
2913,農林,7,0,7,致和證券,2024-03-07,7030
3032,偉訓,12,5,7,致和證券,2024-03-07,7030
5521,工信,10,3,7,致和證券,2024-03-07,7030
6274,台燿,9,2,7,致和證券,2024-03-07,7030
00632R,元大台灣50反1,6,0,6,致和證券,2024-03-07,7030
0056,元大高股息,14,8,6,致和證券,2024-03-07,7030
2002,中鋼,16,10,6,致和證券,2024-03-07,7030
3535,晶彩科,6,0,6,致和證券,2024-03-07,7030
2883,凱基金,61,2,59,致和證券,2024-03-08,7030
3231,緯創,63,13,50,致和證券,2024-03-08,7030
2308,台達電,52,9,43,致和證券,2024-03-08,7030
00915,凱基優選高股息30,41,5,36,致和證券,2024-03-08,7030
6276,安鈦克,34,1,33,致和證券,2024-03-08,7030
00632R,元大台灣50反1,28,2,26,致和證券,2024-03-08,7030
1582,信錦,26,0,26,致和證券,2024-03-08,7030
8110,華東,25,3,22,致和證券,2024-03-08,7030
4552,力達-KY,21,0,21,致和證券,2024-03-08,7030
00673R,期元大S＆P原油反1,20,0,20,致和證券,2024-03-08,7030
2356,英業達,118,98,20,致和證券,2024-03-08,7030
4707,磐亞,20,0,20,致和證券,2024-03-08,7030
6257,矽格,23,6,17,致和證券,2024-03-08,7030
8227,巨有科技,15,0,15,致和證券,2024-03-08,7030
3712,永崴投控,16,2,14,致和證券,2024-03-08,7030
6120,達運,14,1,13,致和證券,2024-03-08,7030
6525,捷敏-KY,12,0,12,致和證券,2024-03-08,7030
3006,晶豪科,12,1,11,致和證券,2024-03-08,7030
2401,凌陽,10,0,10,致和證券,2024-03-08,7030
2408,南亞科,10,0,10,致和證券,2024-03-08,7030
3260,威剛,10,0,10,致和證券,2024-03-08,7030
3362,先進光,10,0,10,致和證券,2024-03-08,7030
4566,時碩工業,10,0,10,致和證券,2024-03-08,7030
5864,致和證,15,5,10,致和證券,2024-03-08,7030
6712,長聖,10,0,10,致和證券,2024-03-08,7030
6841,長佳智能,10,0,10,致和證券,2024-03-08,7030
1210,大成,9,0,9,致和證券,2024-03-08,7030
1513,中興電,20,11,9,致和證券,2024-03-08,7030
1605,華新,9,0,9,致和證券,2024-03-08,7030
5450,南良,9,0,9,致和證券,2024-03-08,7030
6191,精成科,9,0,9,致和證券,2024-03-08,7030
6550,北極星藥業-KY,10,1,9,致和證券,2024-03-08,7030
2027,大成鋼,8,0,8,致和證券,2024-03-08,7030
2641,正德,8,0,8,致和證券,2024-03-08,7030
6182,合晶,10,2,8,致和證券,2024-03-08,7030
2023,燁輝,7,0,7,致和證券,2024-03-08,7030
2352,佳世達,13,6,7,致和證券,2024-03-08,7030
2511,太子,7,0,7,致和證券,2024-03-08,7030
2888,新光金,11,4,7,致和證券,2024-03-08,7030
6141,柏承,7,0,7,致和證券,2024-03-08,7030
2317,鴻海,6,0,6,致和證券,2024-03-08,7030
1303,南亞,8,2,6,致和證券,2024-03-08,7030
00923,群益台ESG低碳50,6,0,6,致和證券,2024-03-08,7030
2457,飛宏,7,1,6,致和證券,2024-03-08,7030
3227,原相,6,0,6,致和證券,2024-03-08,7030
3481,群創,28,22,6,致和證券,2024-03-08,7030
4155,訊映,6,0,6,致和證券,2024-03-08,7030
3338,泰碩,8,2,6,致和證券,2024-03-08,7030
2204,中華,5,0,5,致和證券,2024-03-08,7030
00907,永豐優息存股,5,0,5,致和證券,2024-03-08,7030
00934,中信成長高股息,185,10,175,致和證券,2024-03-11,7030
2303,聯電,174,19,155,致和證券,2024-03-11,7030
3231,緯創,125,43,82,致和證券,2024-03-11,7030
2883,凱基金,120,63,57,致和證券,2024-03-11,7030
2025,千興,30,0,30,致和證券,2024-03-11,7030
3712,永崴投控,29,1,28,致和證券,2024-03-11,7030
2887,台新金,27,0,27,致和證券,2024-03-11,7030
2367,燿華,55,34,21,致和證券,2024-03-11,7030
8488,吉源-KY,21,0,21,致和證券,2024-03-11,7030
1229,聯華,18,0,18,致和證券,2024-03-11,7030
6275,元山,20,2,18,致和證券,2024-03-11,7030
00915,凱基優選高股息30,32,15,17,致和證券,2024-03-11,7030
3022,威強電,16,0,16,致和證券,2024-03-11,7030
00918,大華優利高填息30,14,0,14,致和證券,2024-03-11,7030
00937B,群益ESG投等債20,14,0,14,致和證券,2024-03-11,7030
006208,富邦台50,14,0,14,致和證券,2024-03-11,7030
2329,華泰,17,3,14,致和證券,2024-03-11,7030
5009,榮剛,14,0,14,致和證券,2024-03-11,7030
3707,漢磊,22,9,13,致和證券,2024-03-11,7030
00679B,元大美債20年,13,0,13,致和證券,2024-03-11,7030
2324,仁寶,12,0,12,致和證券,2024-03-11,7030
3059,華晶科,11,0,11,致和證券,2024-03-11,7030
3362,先進光,13,2,11,致和證券,2024-03-11,7030
1308,亞聚,10,0,10,致和證券,2024-03-11,7030
00882,中信中國高股息,10,0,10,致和證券,2024-03-11,7030
2301,光寶科,11,1,10,致和證券,2024-03-11,7030
8110,華東,9,0,9,致和證券,2024-03-11,7030
2330,台積電,10,1,9,致和證券,2024-03-11,7030
1802,台玻,7,0,7,致和證券,2024-03-11,7030
2308,台達電,8,1,7,致和證券,2024-03-11,7030
2344,華邦電,15,8,7,致和證券,2024-03-11,7030
8163,達方,7,0,7,致和證券,2024-03-11,7030
2449,京元電子,8,2,6,致和證券,2024-03-11,7030
00885,富邦越南,22,16,6,致和證券,2024-03-11,7030
2618,長榮航,10,4,6,致和證券,2024-03-11,7030
3406,玉晶光,6,0,6,致和證券,2024-03-11,7030
3576,聯合再生,8,2,6,致和證券,2024-03-11,7030
3711,日月光投控,6,0,6,致和證券,2024-03-11,7030
00935,野村臺灣新科技50,5,0,5,致和證券,2024-03-11,7030
00892,富邦台灣半導體,5,0,5,致和證券,2024-03-11,7030
1231,聯華食,5,0,5,致和證券,2024-03-11,7030
1444,力麗,5,0,5,致和證券,2024-03-11,7030
1432,大魯閣,5,0,5,致和證券,2024-03-11,7030
3218,大學光,5,0,5,致和證券,2024-03-11,7030
3338,泰碩,8,3,5,致和證券,2024-03-11,7030
4906,正文,5,0,5,致和證券,2024-03-11,7030
5210,寶碩,5,0,5,致和證券,2024-03-11,7030
5515,建國,5,0,5,致和證券,2024-03-11,7030
6265,方土昶,5,0,5,致和證券,2024-03-11,7030
6491,晶碩,5,0,5,致和證券,2024-03-11,7030
1815,富喬,51,1,50,致和證券,2024-03-12,7030
2408,南亞科,47,0,47,致和證券,2024-03-12,7030
5347,世界,70,29,41,致和證券,2024-03-12,7030
3481,群創,39,2,37,致和證券,2024-03-12,7030
1582,信錦,54,30,24,致和證券,2024-03-12,7030
2888,新光金,25,3,22,致和證券,2024-03-12,7030
00934,中信成長高股息,21,0,21,致和證券,2024-03-12,7030
4979,華星光,20,0,20,致和證券,2024-03-12,7030
6244,茂迪,20,0,20,致和證券,2024-03-12,7030
6443,元晶,20,0,20,致和證券,2024-03-12,7030
5864,致和證,20,1,19,致和證券,2024-03-12,7030
3712,永崴投控,23,5,18,致和證券,2024-03-12,7030
2313,華通,25,8,17,致和證券,2024-03-12,7030
8091,翔名,15,0,15,致和證券,2024-03-12,7030
00706L,期元大S＆P日圓正2,14,0,14,致和證券,2024-03-12,7030
6661,威健生技,14,0,14,致和證券,2024-03-12,7030
1514,亞力,16,4,12,致和證券,2024-03-12,7030
8042,金山電,12,0,12,致和證券,2024-03-12,7030
3169,亞信,11,0,11,致和證券,2024-03-12,7030
3617,碩天,11,0,11,致和證券,2024-03-12,7030
00715L,期街口布蘭特正2,10,0,10,致和證券,2024-03-12,7030
00882,中信中國高股息,10,0,10,致和證券,2024-03-12,7030
3499,環天科,10,0,10,致和證券,2024-03-12,7030
6153,嘉聯益,10,0,10,致和證券,2024-03-12,7030
6288,聯嘉,11,1,10,致和證券,2024-03-12,7030
8066,來思達,10,0,10,致和證券,2024-03-12,7030
00937B,群益ESG投等債20,11,2,9,致和證券,2024-03-12,7030
2301,光寶科,10,1,9,致和證券,2024-03-12,7030
2851,中再保,9,0,9,致和證券,2024-03-12,7030
2383,台光電,10,2,8,致和證券,2024-03-12,7030
2498,宏達電,10,2,8,致和證券,2024-03-12,7030
6163,華電網,8,0,8,致和證券,2024-03-12,7030
5515,建國,7,0,7,致和證券,2024-03-12,7030
6550,北極星藥業-KY,7,0,7,致和證券,2024-03-12,7030
3060,銘異,7,1,6,致和證券,2024-03-12,7030
4953,緯軟,6,0,6,致和證券,2024-03-12,7030
8411,福貞-KY,6,0,6,致和證券,2024-03-12,7030
1301,台塑,6,1,5,致和證券,2024-03-12,7030
00904,新光臺灣半導體30,5,0,5,致和證券,2024-03-12,7030
00918,大華優利高填息30,7,2,5,致和證券,2024-03-12,7030
00687B,國泰20年美債,5,0,5,致和證券,2024-03-12,7030
00679B,元大美債20年,5,0,5,致和證券,2024-03-12,7030
00857B,永豐20年美公債,5,0,5,致和證券,2024-03-12,7030
2027,大成鋼,5,0,5,致和證券,2024-03-12,7030
3537,堡達,5,0,5,致和證券,2024-03-12,7030
3707,漢磊,6,1,5,致和證券,2024-03-12,7030
4906,正文,5,0,5,致和證券,2024-03-12,7030
5356,協益,5,0,5,致和證券,2024-03-12,7030
5608,四維航,5,0,5,致和證券,2024-03-12,7030
6129,普誠,5,0,5,致和證券,2024-03-12,7030
9904,寶成,48,5,43,致和證券,2024-03-13,7030
3231,緯創,52,10,42,致和證券,2024-03-13,7030
3362,先進光,42,0,42,致和證券,2024-03-13,7030
3707,漢磊,40,0,40,致和證券,2024-03-13,7030
1609,大亞,42,10,32,致和證券,2024-03-13,7030
2888,新光金,37,6,31,致和證券,2024-03-13,7030
00933B,國泰10Y+金融債,34,10,24,致和證券,2024-03-13,7030
2892,第一金,22,0,22,致和證券,2024-03-13,7030
4566,時碩工業,22,0,22,致和證券,2024-03-13,7030
2201,裕隆,22,0,22,致和證券,2024-03-13,7030
2208,台船,21,0,21,致和證券,2024-03-13,7030
1582,信錦,35,15,20,致和證券,2024-03-13,7030
00937B,群益ESG投等債20,19,2,17,致和證券,2024-03-13,7030
8059,凱碩,15,0,15,致和證券,2024-03-13,7030
2329,華泰,16,2,14,致和證券,2024-03-13,7030
2337,旺宏,39,25,14,致和證券,2024-03-13,7030
00918,大華優利高填息30,28,15,13,致和證券,2024-03-13,7030
2323,中環,15,2,13,致和證券,2024-03-13,7030
2324,仁寶,13,0,13,致和證券,2024-03-13,7030
3022,威強電,13,0,13,致和證券,2024-03-13,7030
2313,華通,60,48,12,致和證券,2024-03-13,7030
8110,華東,13,1,12,致和證券,2024-03-13,7030
00687B,國泰20年美債,12,1,11,致和證券,2024-03-13,7030
3105,穩懋,11,0,11,致和證券,2024-03-13,7030
00915,凱基優選高股息30,17,6,11,致和證券,2024-03-13,7030
00679B,元大美債20年,11,0,11,致和證券,2024-03-13,7030
3062,建漢,11,0,11,致和證券,2024-03-13,7030
1460,宏遠,10,0,10,致和證券,2024-03-13,7030
00893,國泰智能電動車,10,0,10,致和證券,2024-03-13,7030
00891,中信關鍵半導體,10,0,10,致和證券,2024-03-13,7030
00664R,國泰臺灣加權反1,10,0,10,致和證券,2024-03-13,7030
2344,華邦電,10,0,10,致和證券,2024-03-13,7030
3437,榮創,10,0,10,致和證券,2024-03-13,7030
4934,太極,10,0,10,致和證券,2024-03-13,7030
6167,久正,10,0,10,致和證券,2024-03-13,7030
6265,方土昶,10,0,10,致和證券,2024-03-13,7030
00753L,中信中國50正2,11,2,9,致和證券,2024-03-13,7030
6275,元山,11,2,9,致和證券,2024-03-13,7030
2449,京元電子,25,16,9,致和證券,2024-03-13,7030
2618,長榮航,21,12,9,致和證券,2024-03-13,7030
5355,佳總,9,0,9,致和證券,2024-03-13,7030
6667,信紘科,10,1,9,致和證券,2024-03-13,7030
8011,台通,11,2,9,致和證券,2024-03-13,7030
2301,光寶科,9,1,8,致和證券,2024-03-13,7030
2408,南亞科,8,0,8,致和證券,2024-03-13,7030
2607,榮運,8,0,8,致和證券,2024-03-13,7030
3535,晶彩科,11,3,8,致和證券,2024-03-13,7030
3715,定穎投控,18,10,8,致和證券,2024-03-13,7030
1513,中興電,24,16,8,致和證券,2024-03-13,7030
00919,群益台灣精選高息,20,13,7,致和證券,2024-03-13,7030
2356,英業達,108,18,90,致和證券,2024-03-14,7030
2883,凱基金,122,34,88,致和證券,2024-03-14,7030
2618,長榮航,75,2,73,致和證券,2024-03-14,7030
2354,鴻準,53,6,47,致和證券,2024-03-14,7030
5880,合庫金,40,3,37,致和證券,2024-03-14,7030
2834,臺企銀,49,23,26,致和證券,2024-03-14,7030
2836,高雄銀,25,0,25,致和證券,2024-03-14,7030
2609,陽明,42,21,21,致和證券,2024-03-14,7030
2889,國票金,26,5,21,致和證券,2024-03-14,7030
6257,矽格,22,1,21,致和證券,2024-03-14,7030
3265,台星科,20,0,20,致和證券,2024-03-14,7030
2020,美亞,18,1,17,致和證券,2024-03-14,7030
6005,群益證,54,37,17,致和證券,2024-03-14,7030
3362,先進光,16,0,16,致和證券,2024-03-14,7030
00918,大華優利高填息30,13,0,13,致和證券,2024-03-14,7030
00679B,元大美債20年,12,0,12,致和證券,2024-03-14,7030
6120,達運,12,0,12,致和證券,2024-03-14,7030
00687B,國泰20年美債,11,0,11,致和證券,2024-03-14,7030
2892,第一金,11,0,11,致和證券,2024-03-14,7030
00664R,國泰臺灣加權反1,20,10,10,致和證券,2024-03-14,7030
00934,中信成長高股息,10,0,10,致和證券,2024-03-14,7030
00927,群益半導體收益,10,0,10,致和證券,2024-03-14,7030
2337,旺宏,25,15,10,致和證券,2024-03-14,7030
2401,凌陽,10,0,10,致和證券,2024-03-14,7030
8390,金益鼎,10,0,10,致和證券,2024-03-14,7030
2303,聯電,9,0,9,致和證券,2024-03-14,7030
2344,華邦電,16,7,9,致和證券,2024-03-14,7030
2405,輔信,10,1,9,致和證券,2024-03-14,7030
3322,建舜電,10,1,9,致和證券,2024-03-14,7030
6276,安鈦克,10,1,9,致和證券,2024-03-14,7030
2017,官田鋼,8,0,8,致和證券,2024-03-14,7030
2025,千興,18,10,8,致和證券,2024-03-14,7030
3231,緯創,17,9,8,致和證券,2024-03-14,7030
6147,頎邦,10,2,8,致和證券,2024-03-14,7030
2382,廣達,21,13,8,致和證券,2024-03-14,7030
1316,上曜,42,35,7,致和證券,2024-03-14,7030
00915,凱基優選高股息30,9,2,7,致和證券,2024-03-14,7030
006208,富邦台50,6,0,6,致和證券,2024-03-14,7030
4532,瑞智,6,0,6,致和證券,2024-03-14,7030
8059,凱碩,6,0,6,致和證券,2024-03-14,7030
2603,長榮,22,17,5,致和證券,2024-03-14,7030
00936,台新永續高息中小,5,0,5,致和證券,2024-03-14,7030
00935,野村臺灣新科技50,7,2,5,致和證券,2024-03-14,7030
00892,富邦台灣半導體,5,0,5,致和證券,2024-03-14,7030
00891,中信關鍵半導體,6,1,5,致和證券,2024-03-14,7030
1514,亞力,9,4,5,致和證券,2024-03-14,7030
1609,大亞,70,65,5,致和證券,2024-03-14,7030
2408,南亞科,6,1,5,致和證券,2024-03-14,7030
2905,三商,5,0,5,致和證券,2024-03-14,7030
3050,鈺德,5,0,5,致和證券,2024-03-14,7030
2834,臺企銀,171,7,164,致和證券,2024-03-15,7030
2356,英業達,175,52,123,致和證券,2024-03-15,7030
1789,神隆,95,0,95,致和證券,2024-03-15,7030
2618,長榮航,92,11,81,致和證券,2024-03-15,7030
00919,群益台灣精選高息,93,22,71,致和證券,2024-03-15,7030
2337,旺宏,70,5,65,致和證券,2024-03-15,7030
3062,建漢,39,3,36,致和證券,2024-03-15,7030
00941,中信上游半導體,34,0,34,致和證券,2024-03-15,7030
00687B,國泰20年美債,25,0,25,致和證券,2024-03-15,7030
1815,富喬,25,0,25,致和證券,2024-03-15,7030
00679B,元大美債20年,23,0,23,致和證券,2024-03-15,7030
8105,凌巨,21,0,21,致和證券,2024-03-15,7030
2603,長榮,27,7,20,致和證券,2024-03-15,7030
00664R,國泰臺灣加權反1,40,20,20,致和證券,2024-03-15,7030
6275,元山,20,1,19,致和證券,2024-03-15,7030
2344,華邦電,17,0,17,致和證券,2024-03-15,7030
00918,大華優利高填息30,17,0,17,致和證券,2024-03-15,7030
2303,聯電,21,5,16,致和證券,2024-03-15,7030
2363,矽統,16,0,16,致和證券,2024-03-15,7030
3265,台星科,16,1,15,致和證券,2024-03-15,7030
00712,復華富時不動產,14,0,14,致和證券,2024-03-15,7030
1513,中興電,27,14,13,致和證券,2024-03-15,7030
4532,瑞智,13,0,13,致和證券,2024-03-15,7030
2020,美亞,12,0,12,致和證券,2024-03-15,7030
2371,大同,16,4,12,致和證券,2024-03-15,7030
2889,國票金,12,0,12,致和證券,2024-03-15,7030
2845,遠東銀,11,0,11,致和證券,2024-03-15,7030
2330,台積電,11,0,11,致和證券,2024-03-15,7030
1217,愛之味,10,0,10,致和證券,2024-03-15,7030
2609,陽明,13,3,10,致和證券,2024-03-15,7030
2641,正德,10,0,10,致和證券,2024-03-15,7030
2838,聯邦銀,10,0,10,致和證券,2024-03-15,7030
3712,永崴投控,12,2,10,致和證券,2024-03-15,7030
5452,佶優,10,0,10,致和證券,2024-03-15,7030
6438,迅得,10,0,10,致和證券,2024-03-15,7030
8093,保銳,10,0,10,致和證券,2024-03-15,7030
4714,永捷,14,5,9,致和證券,2024-03-15,7030
2323,中環,20,11,9,致和證券,2024-03-15,7030
2607,榮運,9,0,9,致和證券,2024-03-15,7030
3230,錦明,9,0,9,致和證券,2024-03-15,7030
1210,大成,10,2,8,致和證券,2024-03-15,7030
1303,南亞,8,0,8,致和證券,2024-03-15,7030
00937B,群益ESG投等債20,14,6,8,致和證券,2024-03-15,7030
2352,佳世達,8,0,8,致和證券,2024-03-15,7030
2324,仁寶,10,3,7,致和證券,2024-03-15,7030
2489,瑞軒,7,0,7,致和證券,2024-03-15,7030
1314,中石化,6,0,6,致和證券,2024-03-15,7030
00795B,中信美國公債20年,6,0,6,致和證券,2024-03-15,7030
1615,大山,5,0,5,致和證券,2024-03-15,7030
2002,中鋼,10,5,5,致和證券,2024-03-15,7030
00712,復華富時不動產,181,1,180,致和證券,2024-03-18,7030
2834,臺企銀,150,11,139,致和證券,2024-03-18,7030
2812,台中銀,41,0,41,致和證券,2024-03-18,7030
00680L,元大美債20正2,30,0,30,致和證券,2024-03-18,7030
1905,華紙,23,0,23,致和證券,2024-03-18,7030
2889,國票金,21,0,21,致和證券,2024-03-18,7030
4966,譜瑞-KY,20,0,20,致和證券,2024-03-18,7030
00720B,元大投資級公司債,16,0,16,致和證券,2024-03-18,7030
00632R,元大台灣50反1,12,0,12,致和證券,2024-03-18,7030
00915,凱基優選高股息30,12,0,12,致和證券,2024-03-18,7030
2025,千興,12,0,12,致和證券,2024-03-18,7030
00941,中信上游半導體,12,1,11,致和證券,2024-03-18,7030
2324,仁寶,11,0,11,致和證券,2024-03-18,7030
2603,長榮,21,10,11,致和證券,2024-03-18,7030
2609,陽明,13,2,11,致和證券,2024-03-18,7030
3231,緯創,23,12,11,致和證券,2024-03-18,7030
1217,愛之味,10,0,10,致和證券,2024-03-18,7030
00919,群益台灣精選高息,25,15,10,致和證券,2024-03-18,7030
2002,中鋼,25,15,10,致和證券,2024-03-18,7030
2348,海悅,10,0,10,致和證券,2024-03-18,7030
3437,榮創,10,0,10,致和證券,2024-03-18,7030
5284,jpp-KY,11,1,10,致和證券,2024-03-18,7030
5864,致和證,10,0,10,致和證券,2024-03-18,7030
0056,元大高股息,9,0,9,致和證券,2024-03-18,7030
2515,中工,20,12,8,致和證券,2024-03-18,7030
3062,建漢,8,0,8,致和證券,2024-03-18,7030
3481,群創,10,2,8,致和證券,2024-03-18,7030
6841,長佳智能,10,2,8,致和證券,2024-03-18,7030
2014,中鴻,8,1,7,致和證券,2024-03-18,7030
2408,南亞科,7,0,7,致和證券,2024-03-18,7030
2474,可成,7,0,7,致和證券,2024-03-18,7030
4906,正文,7,0,7,致和證券,2024-03-18,7030
9927,泰銘,7,0,7,致和證券,2024-03-18,7030
2801,彰銀,6,0,6,致和證券,2024-03-18,7030
6128,上福,6,0,6,致和證券,2024-03-18,7030
2354,鴻準,10,4,6,致和證券,2024-03-18,7030
00751B,元大AAA至A公司債,5,0,5,致和證券,2024-03-18,7030
2029,盛餘,5,0,5,致和證券,2024-03-18,7030
2449,京元電子,7,2,5,致和證券,2024-03-18,7030
2617,台航,5,0,5,致和證券,2024-03-18,7030
4960,誠美材,5,0,5,致和證券,2024-03-18,7030
6125,廣運,17,12,5,致和證券,2024-03-18,7030
6126,信音,7,2,5,致和證券,2024-03-18,7030
6294,智基,5,0,5,致和證券,2024-03-18,7030
6684,安格,5,0,5,致和證券,2024-03-18,7030
00885,富邦越南,4,0,4,致和證券,2024-03-18,7030
00933B,國泰10Y+金融債,4,0,4,致和證券,2024-03-18,7030
00687B,國泰20年美債,6,2,4,致和證券,2024-03-18,7030
2405,輔信,4,0,4,致和證券,2024-03-18,7030
2880,華南金,10,6,4,致和證券,2024-03-18,7030
00688L,國泰20年美債正2,100,0,100,致和證券,2024-03-19,7030
2308,台達電,100,7,93,致和證券,2024-03-19,7030
00712,復華富時不動產,90,0,90,致和證券,2024-03-19,7030
2354,鴻準,45,8,37,致和證券,2024-03-19,7030
2356,英業達,127,102,25,致和證券,2024-03-19,7030
2323,中環,65,43,22,致和證券,2024-03-19,7030
0056,元大高股息,20,0,20,致和證券,2024-03-19,7030
1582,信錦,30,10,20,致和證券,2024-03-19,7030
8028,昇陽半導體,17,0,17,致和證券,2024-03-19,7030
2353,宏��,25,9,16,致和證券,2024-03-19,7030
2033,佳大,15,0,15,致和證券,2024-03-19,7030
2618,長榮航,34,20,14,致和證券,2024-03-19,7030
00687B,國泰20年美債,13,0,13,致和證券,2024-03-19,7030
2408,南亞科,12,0,12,致和證券,2024-03-19,7030
00680L,元大美債20正2,12,0,12,致和證券,2024-03-19,7030
1702,南僑,11,0,11,致和證券,2024-03-19,7030
3005,神基,15,5,10,致和證券,2024-03-19,7030
2344,華邦電,10,0,10,致和證券,2024-03-19,7030
3011,今皓,10,0,10,致和證券,2024-03-19,7030
3013,晟銘電,10,0,10,致和證券,2024-03-19,7030
3501,維熹,10,0,10,致和證券,2024-03-19,7030
1603,華電,10,1,9,致和證券,2024-03-19,7030
00937B,群益ESG投等債20,8,0,8,致和證券,2024-03-19,7030
00679B,元大美債20年,9,1,8,致和證券,2024-03-19,7030
2002,中鋼,9,1,8,致和證券,2024-03-19,7030
2367,燿華,10,2,8,致和證券,2024-03-19,7030
4707,磐亞,8,0,8,致和證券,2024-03-19,7030
6128,上福,8,0,8,致和證券,2024-03-19,7030
00772B,中信高評級公司債,7,0,7,致和證券,2024-03-19,7030
1301,台塑,7,0,7,致和證券,2024-03-19,7030
00927,群益半導體收益,7,0,7,致和證券,2024-03-19,7030
2369,菱生,7,0,7,致和證券,2024-03-19,7030
00936,台新永續高息中小,6,0,6,致和證券,2024-03-19,7030
1802,台玻,6,0,6,致和證券,2024-03-19,7030
2201,裕隆,6,0,6,致和證券,2024-03-19,7030
2329,華泰,13,7,6,致和證券,2024-03-19,7030
2915,潤泰全,6,0,6,致和證券,2024-03-19,7030
3017,奇鋐,6,0,6,致和證券,2024-03-19,7030
00752,中信中國50,5,0,5,致和證券,2024-03-19,7030
00891,中信關鍵半導體,5,0,5,致和證券,2024-03-19,7030
00941,中信上游半導體,5,0,5,致和證券,2024-03-19,7030
2009,第一銅,5,0,5,致和證券,2024-03-19,7030
2449,京元電子,7,2,5,致和證券,2024-03-19,7030
2486,一詮,7,2,5,致和證券,2024-03-19,7030
3025,星通,5,0,5,致和證券,2024-03-19,7030
3576,聯合再生,5,0,5,致和證券,2024-03-19,7030
4503,金雨,7,2,5,致和證券,2024-03-19,7030
8088,品安,5,0,5,致和證券,2024-03-19,7030
2020,美亞,4,0,4,致和證券,2024-03-19,7030
2363,矽統,5,1,4,致和證券,2024-03-19,7030
2801,彰銀,1100,0,1100,致和證券,2024-03-20,7030
00939,統一台灣高息動能,474,115,359,致和證券,2024-03-20,7030
2834,臺企銀,135,0,135,致和證券,2024-03-20,7030
2356,英業達,172,57,115,致和證券,2024-03-20,7030
2887,台新金,101,2,99,致和證券,2024-03-20,7030
00919,群益台灣精選高息,77,6,71,致和證券,2024-03-20,7030
2382,廣達,99,59,40,致和證券,2024-03-20,7030
00673R,期元大S＆P原油反1,40,0,40,致和證券,2024-03-20,7030
2344,華邦電,37,7,30,致和證券,2024-03-20,7030
2618,長榮航,30,0,30,致和證券,2024-03-20,7030
9945,潤泰新,30,1,29,致和證券,2024-03-20,7030
1609,大亞,28,0,28,致和證券,2024-03-20,7030
1521,大億,26,0,26,致和證券,2024-03-20,7030
2103,台橡,25,0,25,致和證券,2024-03-20,7030
3062,建漢,21,3,18,致和證券,2024-03-20,7030
2603,長榮,30,12,18,致和證券,2024-03-20,7030
3231,緯創,32,16,16,致和證券,2024-03-20,7030
1101,台泥,24,9,15,致和證券,2024-03-20,7030
2002,中鋼,20,5,15,致和證券,2024-03-20,7030
2208,台船,14,0,14,致和證券,2024-03-20,7030
2884,玉山金,14,0,14,致和證券,2024-03-20,7030
4938,和碩,31,18,13,致和證券,2024-03-20,7030
1702,南僑,12,0,12,致和證券,2024-03-20,7030
3481,群創,51,40,11,致和證券,2024-03-20,7030
00795B,中信美國公債20年,10,0,10,致和證券,2024-03-20,7030
1712,興農,20,10,10,致和證券,2024-03-20,7030
2374,佳能,15,5,10,致和證券,2024-03-20,7030
4174,浩鼎,10,0,10,致和證券,2024-03-20,7030
00918,大華優利高填息30,20,11,9,致和證券,2024-03-20,7030
2362,藍天,11,2,9,致和證券,2024-03-20,7030
2367,燿華,11,2,9,致和證券,2024-03-20,7030
2610,華航,9,0,9,致和證券,2024-03-20,7030
2449,京元電子,19,10,9,致和證券,2024-03-20,7030
5483,中美晶,9,2,7,致和證券,2024-03-20,7030
00941,中信上游半導體,7,0,7,致和證券,2024-03-20,7030
1582,信錦,27,20,7,致和證券,2024-03-20,7030
5371,中光電,7,0,7,致和證券,2024-03-20,7030
1513,中興電,7,1,6,致和證券,2024-03-20,7030
1603,華電,6,0,6,致和證券,2024-03-20,7030
1808,潤隆,6,0,6,致和證券,2024-03-20,7030
2020,美亞,6,0,6,致和證券,2024-03-20,7030
2313,華通,27,21,6,致和證券,2024-03-20,7030
2882,國泰金,6,0,6,致和證券,2024-03-20,7030
4129,聯合,6,0,6,致和證券,2024-03-20,7030
8110,華東,6,0,6,致和證券,2024-03-20,7030
9904,寶成,6,0,6,致和證券,2024-03-20,7030
9950,萬國通,6,0,6,致和證券,2024-03-20,7030
1752,南光,5,0,5,致和證券,2024-03-20,7030
2033,佳大,5,0,5,致和證券,2024-03-20,7030
3011,今皓,5,0,5,致和證券,2024-03-20,7030
2801,彰銀,1200,0,1200,致和證券,2024-03-21,7030
2328,廣宇,73,0,73,致和證券,2024-03-21,7030
00939,統一台灣高息動能,107,39,68,致和證券,2024-03-21,7030
00632R,元大台灣50反1,55,0,55,致和證券,2024-03-21,7030
00937B,群益ESG投等債20,53,15,38,致和證券,2024-03-21,7030
2605,新興,30,0,30,致和證券,2024-03-21,7030
00919,群益台灣精選高息,48,22,26,致和證券,2024-03-21,7030
1217,愛之味,20,0,20,致和證券,2024-03-21,7030
2548,華固,21,2,19,致和證券,2024-03-21,7030
2618,長榮航,41,22,19,致和證券,2024-03-21,7030
00679B,元大美債20年,17,0,17,致和證券,2024-03-21,7030
1808,潤隆,17,0,17,致和證券,2024-03-21,7030
00933B,國泰10Y+金融債,15,0,15,致和證券,2024-03-21,7030
2312,金寶,21,6,15,致和證券,2024-03-21,7030
2303,聯電,18,4,14,致和證券,2024-03-21,7030
2451,創見,14,1,13,致和證券,2024-03-21,7030
6235,華孚,14,1,13,致和證券,2024-03-21,7030
4438,廣越,12,0,12,致和證券,2024-03-21,7030
2103,台橡,11,0,11,致和證券,2024-03-21,7030
6257,矽格,13,2,11,致和證券,2024-03-21,7030
00680L,元大美債20正2,10,0,10,致和證券,2024-03-21,7030
1101,台泥,10,0,10,致和證券,2024-03-21,7030
1582,信錦,15,5,10,致和證券,2024-03-21,7030
2834,臺企銀,10,0,10,致和證券,2024-03-21,7030
2867,三商壽,10,0,10,致和證券,2024-03-21,7030
3322,建舜電,20,10,10,致和證券,2024-03-21,7030
3390,旭軟,11,1,10,致和證券,2024-03-21,7030
6113,亞矽,10,0,10,致和證券,2024-03-21,7030
8390,金益鼎,10,0,10,致和證券,2024-03-21,7030
9105,泰金寶-DR,10,0,10,致和證券,2024-03-21,7030
9907,統一實,10,0,10,致和證券,2024-03-21,7030
3105,穩懋,9,0,9,致和證券,2024-03-21,7030
6285,啟��,11,2,9,致和證券,2024-03-21,7030
2405,輔信,10,2,8,致和證券,2024-03-21,7030
5515,建國,10,2,8,致和證券,2024-03-21,7030
3576,聯合再生,8,1,7,致和證券,2024-03-21,7030
00929,復華台灣科技優息,14,7,7,致和證券,2024-03-21,7030
2371,大同,8,1,7,致和證券,2024-03-21,7030
1702,南僑,6,0,6,致和證券,2024-03-21,7030
00915,凱基優選高股息30,5,0,5,致和證券,2024-03-21,7030
2007,燁興,5,0,5,致和證券,2024-03-21,7030
2457,飛宏,5,0,5,致和證券,2024-03-21,7030
3028,增你強,5,0,5,致和證券,2024-03-21,7030
3062,建漢,6,1,5,致和證券,2024-03-21,7030
3437,榮創,5,0,5,致和證券,2024-03-21,7030
4958,臻鼎-KY,5,0,5,致和證券,2024-03-21,7030
6770,力積電,25,20,5,致和證券,2024-03-21,7030
9927,泰銘,5,0,5,致和證券,2024-03-21,7030
00687B,國泰20年美債,4,0,4,致和證券,2024-03-21,7030
1444,力麗,5,1,4,致和證券,2024-03-21,7030
2801,彰銀,1200,0,1200,致和證券,2024-03-22,7030
9907,統一實,119,0,119,致和證券,2024-03-22,7030
2330,台積電,72,1,71,致和證券,2024-03-22,7030
3362,先進光,65,1,64,致和證券,2024-03-22,7030
00919,群益台灣精選高息,77,25,52,致和證券,2024-03-22,7030
00939,統一台灣高息動能,50,7,43,致和證券,2024-03-22,7030
2451,創見,44,2,42,致和證券,2024-03-22,7030
00941,中信上游半導體,39,0,39,致和證券,2024-03-22,7030
2353,宏��,79,45,34,致和證券,2024-03-22,7030
1616,億泰,30,1,29,致和證券,2024-03-22,7030
2025,千興,26,0,26,致和證券,2024-03-22,7030
6443,元晶,43,17,26,致和證券,2024-03-22,7030
2354,鴻準,27,4,23,致和證券,2024-03-22,7030
00753L,中信中國50正2,20,0,20,致和證券,2024-03-22,7030
00632R,元大台灣50反1,20,0,20,致和證券,2024-03-22,7030
1605,華新,24,6,18,致和證券,2024-03-22,7030
2352,佳世達,25,7,18,致和證券,2024-03-22,7030
2630,亞航,18,0,18,致和證券,2024-03-22,7030
3481,群創,25,8,17,致和證券,2024-03-22,7030
2002,中鋼,17,1,16,致和證券,2024-03-22,7030
00679B,元大美債20年,15,0,15,致和證券,2024-03-22,7030
6180,橘子,15,0,15,致和證券,2024-03-22,7030
6116,彩晶,14,0,14,致和證券,2024-03-22,7030
1101,台泥,12,0,12,致和證券,2024-03-22,7030
3706,神達,25,14,11,致和證券,2024-03-22,7030
2409,友達,12,1,11,致和證券,2024-03-22,7030
2882,國泰金,12,1,11,致和證券,2024-03-22,7030
4420,光明,10,0,10,致和證券,2024-03-22,7030
8390,金益鼎,10,0,10,致和證券,2024-03-22,7030
2065,世豐,10,0,10,致和證券,2024-03-22,7030
2303,聯電,38,28,10,致和證券,2024-03-22,7030
2103,台橡,9,0,9,致和證券,2024-03-22,7030
1504,東元,16,8,8,致和證券,2024-03-22,7030
3042,晶技,8,0,8,致和證券,2024-03-22,7030
3264,欣銓,8,0,8,致和證券,2024-03-22,7030
3516,亞帝歐,8,0,8,致和證券,2024-03-22,7030
6488,環球晶,8,0,8,致和證券,2024-03-22,7030
1785,光洋科,42,35,7,致和證券,2024-03-22,7030
2888,新光金,20,13,7,致和證券,2024-03-22,7030
4979,華星光,7,0,7,致和證券,2024-03-22,7030
5519,隆大,9,2,7,致和證券,2024-03-22,7030
6727,亞泰金屬,7,0,7,致和證券,2024-03-22,7030
8936,國統,7,0,7,致和證券,2024-03-22,7030
2022,聚亨,6,0,6,致和證券,2024-03-22,7030
2376,技嘉,12,6,6,致和證券,2024-03-22,7030
2405,輔信,9,3,6,致和證券,2024-03-22,7030
6257,矽格,8,2,6,致和證券,2024-03-22,7030
8271,宇瞻,6,0,6,致和證券,2024-03-22,7030
00891,中信關鍵半導體,5,0,5,致和證券,2024-03-22,7030
00795B,中信美國公債20年,5,0,5,致和證券,2024-03-22,7030
8390,金益鼎,204,0,204,致和證券,2024-03-25,7030
2025,千興,140,0,140,致和證券,2024-03-25,7030
00650L,復華香港正2,85,0,85,致和證券,2024-03-25,7030
1609,大亞,156,76,80,致和證券,2024-03-25,7030
00632R,元大台灣50反1,85,20,65,致和證券,2024-03-25,7030
00941,中信上游半導體,63,6,57,致和證券,2024-03-25,7030
2382,廣達,52,1,51,致和證券,2024-03-25,7030
5864,致和證,41,0,41,致和證券,2024-03-25,7030
00933B,國泰10Y+金融債,35,0,35,致和證券,2024-03-25,7030
2356,英業達,74,39,35,致和證券,2024-03-25,7030
2812,台中銀,30,0,30,致和證券,2024-03-25,7030
00937B,群益ESG投等債20,39,10,29,致和證券,2024-03-25,7030
2352,佳世達,29,0,29,致和證券,2024-03-25,7030
2323,中環,25,2,23,致和證券,2024-03-25,7030
2883,凱基金,49,27,22,致和證券,2024-03-25,7030
3576,聯合再生,20,0,20,致和證券,2024-03-25,7030
3583,辛耘,24,4,20,致和證券,2024-03-25,7030
6509,聚和,20,0,20,致和證券,2024-03-25,7030
2330,台積電,20,1,19,致和證券,2024-03-25,7030
00918,大華優利高填息30,22,4,18,致和證券,2024-03-25,7030
6244,茂迪,18,0,18,致和證券,2024-03-25,7030
2630,亞航,16,0,16,致和證券,2024-03-25,7030
3044,健鼎,15,1,14,致和證券,2024-03-25,7030
5469,瀚宇博,14,0,14,致和證券,2024-03-25,7030
1504,東元,13,0,13,致和證券,2024-03-25,7030
3322,建舜電,10,0,10,致和證券,2024-03-25,7030
8064,東捷,10,0,10,致和證券,2024-03-25,7030
9927,泰銘,9,0,9,致和證券,2024-03-25,7030
2603,長榮,10,1,9,致和證券,2024-03-25,7030
2464,盟立,9,1,8,致和證券,2024-03-25,7030
1785,光洋科,25,17,8,致和證券,2024-03-25,7030
2641,正德,10,2,8,致和證券,2024-03-25,7030
6215,和椿,8,0,8,致和證券,2024-03-25,7030
2634,漢翔,9,1,8,致和證券,2024-03-25,7030
00679B,元大美債20年,7,0,7,致和證券,2024-03-25,7030
2002,中鋼,19,12,7,致和證券,2024-03-25,7030
4908,前鼎,7,0,7,致和證券,2024-03-25,7030
1513,中興電,20,13,7,致和證券,2024-03-25,7030
1104,環泥,6,0,6,致和證券,2024-03-25,7030
6443,元晶,6,0,6,致和證券,2024-03-25,7030
2880,華南金,5,0,5,致和證券,2024-03-25,7030
8936,國統,5,0,5,致和證券,2024-03-25,7030
3017,奇鋐,5,0,5,致和證券,2024-03-25,7030
1342,八貫,5,0,5,致和證券,2024-03-25,7030
2337,旺宏,25,20,5,致和證券,2024-03-25,7030
2449,京元電子,6,1,5,致和證券,2024-03-25,7030
3380,明泰,5,0,5,致和證券,2024-03-25,7030
6561,是方,5,0,5,致和證券,2024-03-25,7030
8150,南茂,5,0,5,致和證券,2024-03-25,7030
8464,億豐,5,0,5,致和證券,2024-03-25,7030
2356,英業達,144,38,106,致和證券,2024-03-26,7030
00939,統一台灣高息動能,59,26,33,致和證券,2024-03-26,7030
1304,台聚,30,0,30,致和證券,2024-03-26,7030
00930,永豐ESG低碳高息,22,0,22,致和證券,2024-03-26,7030
6257,矽格,22,0,22,致和證券,2024-03-26,7030
2371,大同,86,64,22,致和證券,2024-03-26,7030
1611,中電,29,8,21,致和證券,2024-03-26,7030
2017,官田鋼,20,0,20,致和證券,2024-03-26,7030
2025,千興,20,0,20,致和證券,2024-03-26,7030
00679B,元大美債20年,18,0,18,致和證券,2024-03-26,7030
6442,光聖,19,2,17,致和證券,2024-03-26,7030
1725,元禎,17,1,16,致和證券,2024-03-26,7030
00632R,元大台灣50反1,24,10,14,致和證券,2024-03-26,7030
2344,華邦電,17,4,13,致和證券,2024-03-26,7030
2323,中環,13,0,13,致和證券,2024-03-26,7030
2367,燿華,14,1,13,致和證券,2024-03-26,7030
1504,東元,18,6,12,致和證券,2024-03-26,7030
1785,光洋科,20,8,12,致和證券,2024-03-26,7030
2354,鴻準,12,0,12,致和證券,2024-03-26,7030
3022,威強電,12,0,12,致和證券,2024-03-26,7030
4714,永捷,12,0,12,致和證券,2024-03-26,7030
6770,力積電,17,5,12,致和證券,2024-03-26,7030
1303,南亞,11,0,11,致和證券,2024-03-26,7030
00882,中信中國高股息,10,0,10,致和證券,2024-03-26,7030
00931B,統一美債20年,10,0,10,致和證券,2024-03-26,7030
2489,瑞軒,10,0,10,致和證券,2024-03-26,7030
2886,兆豐金,10,0,10,致和證券,2024-03-26,7030
3257,虹冠電,10,0,10,致和證券,2024-03-26,7030
4420,光明,10,0,10,致和證券,2024-03-26,7030
4934,太極,10,0,10,致和證券,2024-03-26,7030
6235,華孚,11,1,10,致和證券,2024-03-26,7030
2605,新興,11,2,9,致和證券,2024-03-26,7030
4979,華星光,9,0,9,致和證券,2024-03-26,7030
3312,弘憶股,8,0,8,致和證券,2024-03-26,7030
2329,華泰,8,0,8,致和證券,2024-03-26,7030
4906,正文,8,0,8,致和證券,2024-03-26,7030
6188,廣明,8,0,8,致和證券,2024-03-26,7030
2634,漢翔,7,0,7,致和證券,2024-03-26,7030
6179,亞通,12,5,7,致和證券,2024-03-26,7030
6488,環球晶,6,0,6,致和證券,2024-03-26,7030
1584,精剛,23,17,6,致和證券,2024-03-26,7030
2637,慧洋-KY,6,0,6,致和證券,2024-03-26,7030
3059,華晶科,6,0,6,致和證券,2024-03-26,7030
8930,青鋼,6,0,6,致和證券,2024-03-26,7030
6275,元山,5,0,5,致和證券,2024-03-26,7030
5871,中租-KY,5,0,5,致和證券,2024-03-26,7030
1530,亞崴,5,0,5,致和證券,2024-03-26,7030
1582,信錦,24,19,5,致和證券,2024-03-26,7030
1587,吉茂,8,3,5,致和證券,2024-03-26,7030
2020,美亞,10,5,5,致和證券,2024-03-26,7030
5864,致和證,108,0,108,致和證券,2024-03-27,7030
3362,先進光,80,0,80,致和證券,2024-03-27,7030
00673R,期元大S＆P原油反1,60,0,60,致和證券,2024-03-27,7030
2367,燿華,46,2,44,致和證券,2024-03-27,7030
00857B,永豐20年美公債,40,0,40,致和證券,2024-03-27,7030
2025,千興,36,0,36,致和證券,2024-03-27,7030
6220,岳豐,33,0,33,致和證券,2024-03-27,7030
2888,新光金,32,0,32,致和證券,2024-03-27,7030
6770,力積電,22,0,22,致和證券,2024-03-27,7030
2605,新興,22,0,22,致和證券,2024-03-27,7030
1316,上曜,105,84,21,致和證券,2024-03-27,7030
2913,農林,18,0,18,致和證券,2024-03-27,7030
2371,大同,41,26,15,致和證券,2024-03-27,7030
2324,仁寶,20,5,15,致和證券,2024-03-27,7030
2515,中工,21,7,14,致和證券,2024-03-27,7030
2417,圓剛,11,0,11,致和證券,2024-03-27,7030
2330,台積電,11,1,10,致和證券,2024-03-27,7030
00927,群益半導體收益,10,0,10,致和證券,2024-03-27,7030
00939,統一台灣高息動能,70,60,10,致和證券,2024-03-27,7030
2017,官田鋼,10,0,10,致和證券,2024-03-27,7030
2323,中環,11,1,10,致和證券,2024-03-27,7030
2358,廷鑫,10,0,10,致和證券,2024-03-27,7030
2440,太空梭,10,0,10,致和證券,2024-03-27,7030
5227,立凱-KY,10,0,10,致和證券,2024-03-27,7030
6016,康和證,10,0,10,致和證券,2024-03-27,7030
1522,堤維西,9,0,9,致和證券,2024-03-27,7030
3545,敦泰,13,4,9,致和證券,2024-03-27,7030
4979,華星光,11,2,9,致和證券,2024-03-27,7030
2303,聯電,10,2,8,致和證券,2024-03-27,7030
2353,宏��,13,5,8,致和證券,2024-03-27,7030
2464,盟立,14,6,8,致和證券,2024-03-27,7030
2609,陽明,28,20,8,致和證券,2024-03-27,7030
3005,神基,7,0,7,致和證券,2024-03-27,7030
8093,保銳,6,0,6,致和證券,2024-03-27,7030
8488,吉源-KY,6,0,6,致和證券,2024-03-27,7030
00712,復華富時不動產,5,0,5,致和證券,2024-03-27,7030
1727,中華化,5,0,5,致和證券,2024-03-27,7030
2402,毅嘉,5,0,5,致和證券,2024-03-27,7030
3047,訊舟,5,0,5,致和證券,2024-03-27,7030
3694,海華,6,1,5,致和證券,2024-03-27,7030
5534,長虹,5,0,5,致和證券,2024-03-27,7030
2344,華邦電,8,3,5,致和證券,2024-03-27,7030
1504,東元,6,2,4,致和證券,2024-03-27,7030
2301,光寶科,4,0,4,致和證券,2024-03-27,7030
2365,昆盈,4,0,4,致和證券,2024-03-27,7030
2887,台新金,4,0,4,致和證券,2024-03-27,7030
6186,新潤,4,0,4,致和證券,2024-03-27,7030
6806,森崴能源,14,10,4,致和證券,2024-03-27,7030
8110,華東,4,0,4,致和證券,2024-03-27,7030
1513,中興電,7,3,4,致和證券,2024-03-27,7030
2002,中鋼,100,1,99,致和證券,2024-03-28,7030
3062,建漢,112,13,99,致和證券,2024-03-28,7030
00632R,元大台灣50反1,90,0,90,致和證券,2024-03-28,7030
2356,英業達,114,63,51,致和證券,2024-03-28,7030
2883,凱基金,48,0,48,致和證券,2024-03-28,7030
2025,千興,44,1,43,致和證券,2024-03-28,7030
6220,岳豐,29,0,29,致和證券,2024-03-28,7030
5864,致和證,27,0,27,致和證券,2024-03-28,7030
2017,官田鋼,25,0,25,致和證券,2024-03-28,7030
6770,力積電,26,4,22,致和證券,2024-03-28,7030
1609,大亞,47,26,21,致和證券,2024-03-28,7030
00673R,期元大S＆P原油反1,20,0,20,致和證券,2024-03-28,7030
4906,正文,23,3,20,致和證券,2024-03-28,7030
4720,德淵,17,0,17,致和證券,2024-03-28,7030
2301,光寶科,17,1,16,致和證券,2024-03-28,7030
2515,中工,23,7,16,致和證券,2024-03-28,7030
2615,萬海,21,5,16,致和證券,2024-03-28,7030
6186,新潤,15,0,15,致和證券,2024-03-28,7030
2337,旺宏,24,10,14,致和證券,2024-03-28,7030
2609,陽明,28,14,14,致和證券,2024-03-28,7030
00927,群益半導體收益,12,0,12,致和證券,2024-03-28,7030
2367,燿華,24,12,12,致和證券,2024-03-28,7030
1308,亞聚,10,0,10,致和證券,2024-03-28,7030
1304,台聚,10,0,10,致和證券,2024-03-28,7030
00706L,期元大S＆P日圓正2,10,0,10,致和證券,2024-03-28,7030
00680L,元大美債20正2,10,0,10,致和證券,2024-03-28,7030
2610,華航,10,0,10,致和證券,2024-03-28,7030
4961,天鈺,10,0,10,致和證券,2024-03-28,7030
2889,國票金,9,0,9,致和證券,2024-03-28,7030
00857B,永豐20年美公債,7,0,7,致和證券,2024-03-28,7030
1618,合機,7,0,7,致和證券,2024-03-28,7030
3694,海華,7,0,7,致和證券,2024-03-28,7030
4716,大立,10,3,7,致和證券,2024-03-28,7030
6128,上福,7,0,7,致和證券,2024-03-28,7030
8227,巨有科技,8,1,7,致和證券,2024-03-28,7030
3005,神基,7,0,7,致和證券,2024-03-28,7030
00919,群益台灣精選高息,11,4,7,致和證券,2024-03-28,7030
1522,堤維西,8,2,6,致和證券,2024-03-28,7030
1301,台塑,6,0,6,致和證券,2024-03-28,7030
3252,海灣,6,0,6,致和證券,2024-03-28,7030
3706,神達,40,34,6,致和證券,2024-03-28,7030
4714,永捷,9,3,6,致和證券,2024-03-28,7030
6005,群益證,6,0,6,致和證券,2024-03-28,7030
8488,吉源-KY,6,0,6,致和證券,2024-03-28,7030
5284,jpp-KY,7,1,6,致和證券,2024-03-28,7030
00679B,元大美債20年,5,0,5,致和證券,2024-03-28,7030
2630,亞航,10,5,5,致和證券,2024-03-28,7030
4306,炎洲,5,0,5,致和證券,2024-03-28,7030
6532,瑞耘,5,0,5,致和證券,2024-03-28,7030
8064,東捷,5,0,5,致和證券,2024-03-28,7030
5864,致和證,70,0,70,致和證券,2024-03-29,7030
4707,磐亞,31,0,31,致和證券,2024-03-29,7030
2017,官田鋼,30,5,25,致和證券,2024-03-29,7030
1217,愛之味,20,0,20,致和證券,2024-03-29,7030
6589,台康生技,20,0,20,致和證券,2024-03-29,7030
00857B,永豐20年美公債,15,0,15,致和證券,2024-03-29,7030
2634,漢翔,17,3,14,致和證券,2024-03-29,7030
2025,千興,33,20,13,致和證券,2024-03-29,7030
4138,曜亞,14,1,13,致和證券,2024-03-29,7030
1584,精剛,12,0,12,致和證券,2024-03-29,7030
5515,建國,14,2,12,致和證券,2024-03-29,7030
2329,華泰,14,3,11,致和證券,2024-03-29,7030
3693,營邦,11,0,11,致和證券,2024-03-29,7030
00706L,期元大S＆P日圓正2,10,0,10,致和證券,2024-03-29,7030
1608,華榮,14,4,10,致和證券,2024-03-29,7030
2033,佳大,10,0,10,致和證券,2024-03-29,7030
2388,威盛,10,0,10,致和證券,2024-03-29,7030
3252,海灣,10,0,10,致和證券,2024-03-29,7030
4934,太極,10,0,10,致和證券,2024-03-29,7030
2352,佳世達,11,2,9,致和證券,2024-03-29,7030
2324,仁寶,9,0,9,致和證券,2024-03-29,7030
1609,大亞,47,40,7,致和證券,2024-03-29,7030
1504,東元,9,2,7,致和證券,2024-03-29,7030
1101,台泥,8,1,7,致和證券,2024-03-29,7030
2337,旺宏,12,5,7,致和證券,2024-03-29,7030
3380,明泰,7,0,7,致和證券,2024-03-29,7030
3576,聯合再生,9,2,7,致和證券,2024-03-29,7030
1785,光洋科,14,8,6,致和證券,2024-03-29,7030
2328,廣宇,11,5,6,致和證券,2024-03-29,7030
2637,慧洋-KY,6,0,6,致和證券,2024-03-29,7030
2408,南亞科,8,2,6,致和證券,2024-03-29,7030
2367,燿華,13,8,5,致和證券,2024-03-29,7030
2369,菱生,5,0,5,致和證券,2024-03-29,7030
2392,正崴,5,0,5,致和證券,2024-03-29,7030
2455,全新,5,0,5,致和證券,2024-03-29,7030
2468,華經,8,3,5,致和證券,2024-03-29,7030
2489,瑞軒,5,0,5,致和證券,2024-03-29,7030
3011,今皓,5,0,5,致和證券,2024-03-29,7030
3406,玉晶光,5,0,5,致和證券,2024-03-29,7030
3706,神達,10,5,5,致和證券,2024-03-29,7030
6578,達邦蛋白,5,0,5,致和證券,2024-03-29,7030
8044,網家,5,0,5,致和證券,2024-03-29,7030
8215,明基材,5,0,5,致和證券,2024-03-29,7030
2317,鴻海,28,24,4,致和證券,2024-03-29,7030
00939,統一台灣高息動能,4,0,4,致和證券,2024-03-29,7030
1444,力麗,4,0,4,致和證券,2024-03-29,7030
0050,元大台灣50,4,0,4,致和證券,2024-03-29,7030
2421,建準,21,17,4,致和證券,2024-03-29,7030
4714,永捷,7,3,4,致和證券,2024-03-29,7030
5309,系統電,4,0,4,致和證券,2024-03-29,7030
00940,元大台灣價值高息,449,15,434,致和證券,2024-04-01,7030
2356,英業達,93,24,69,致和證券,2024-04-01,7030
2834,臺企銀,55,0,55,致和證券,2024-04-01,7030
5864,致和證,63,12,51,致和證券,2024-04-01,7030
00931B,統一美債20年,30,0,30,致和證券,2024-04-01,7030
1582,信錦,38,13,25,致和證券,2024-04-01,7030
2353,宏��,25,0,25,致和證券,2024-04-01,7030
3052,夆典,20,0,20,致和證券,2024-04-01,7030
3062,建漢,40,20,20,致和證券,2024-04-01,7030
4720,德淵,20,1,19,致和證券,2024-04-01,7030
1301,台塑,38,22,16,致和證券,2024-04-01,7030
00679B,元大美債20年,15,0,15,致和證券,2024-04-01,7030
3231,緯創,33,18,15,致和證券,2024-04-01,7030
6220,岳豐,15,0,15,致和證券,2024-04-01,7030
2630,亞航,14,0,14,致和證券,2024-04-01,7030
1316,上曜,25,13,12,致和證券,2024-04-01,7030
00929,復華台灣科技優息,11,0,11,致和證券,2024-04-01,7030
2408,南亞科,12,1,11,致和證券,2024-04-01,7030
2515,中工,11,0,11,致和證券,2024-04-01,7030
00706L,期元大S＆P日圓正2,10,0,10,致和證券,2024-04-01,7030
2349,錸德,10,0,10,致和證券,2024-04-01,7030
3221,台嘉碩,10,0,10,致和證券,2024-04-01,7030
4934,太極,10,0,10,致和證券,2024-04-01,7030
2354,鴻準,29,19,10,致和證券,2024-04-01,7030
2882,國泰金,9,0,9,致和證券,2024-04-01,7030
00919,群益台灣精選高息,9,0,9,致和證券,2024-04-01,7030
1504,東元,13,5,8,致和證券,2024-04-01,7030
2352,佳世達,10,2,8,致和證券,2024-04-01,7030
2603,長榮,8,0,8,致和證券,2024-04-01,7030
4938,和碩,19,12,7,致和證券,2024-04-01,7030
8255,朋程,7,0,7,致和證券,2024-04-01,7030
1806,冠軍,6,0,6,致和證券,2024-04-01,7030
6169,昱泉,6,0,6,致和證券,2024-04-01,7030
6207,雷科,9,3,6,致和證券,2024-04-01,7030
1609,大亞,16,11,5,致和證券,2024-04-01,7030
2317,鴻海,19,14,5,致和證券,2024-04-01,7030
00939,統一台灣高息動能,5,0,5,致和證券,2024-04-01,7030
00937B,群益ESG投等債20,5,0,5,致和證券,2024-04-01,7030
1808,潤隆,5,0,5,致和證券,2024-04-01,7030
2368,金像電,5,0,5,致和證券,2024-04-01,7030
2417,圓剛,5,0,5,致和證券,2024-04-01,7030
3265,台星科,5,0,5,致和證券,2024-04-01,7030
3339,泰谷,6,1,5,致和證券,2024-04-01,7030
3704,合勤控,5,0,5,致和證券,2024-04-01,7030
6213,聯茂,11,6,5,致和證券,2024-04-01,7030
8110,華東,5,0,5,致和證券,2024-04-01,7030
2328,廣宇,4,0,4,致和證券,2024-04-01,7030
2382,廣達,17,13,4,致和證券,2024-04-01,7030
3034,聯詠,4,0,4,致和證券,2024-04-01,7030
00687B,國泰20年美債,4,0,4,致和證券,2024-04-01,7030
00940,元大台灣價值高息,142,3,139,致和證券,2024-04-02,7030
00929,復華台灣科技優息,86,8,78,致和證券,2024-04-02,7030
2834,臺企銀,99,31,68,致和證券,2024-04-02,7030
5864,致和證,38,4,34,致和證券,2024-04-02,7030
00679B,元大美債20年,29,0,29,致和證券,2024-04-02,7030
2618,長榮航,50,22,28,致和證券,2024-04-02,7030
8033,雷虎,29,1,28,致和證券,2024-04-02,7030
1582,信錦,32,5,27,致和證券,2024-04-02,7030
2017,官田鋼,23,0,23,致和證券,2024-04-02,7030
00931B,統一美債20年,20,0,20,致和證券,2024-04-02,7030
3339,泰谷,20,0,20,致和證券,2024-04-02,7030
1301,台塑,16,0,16,致和證券,2024-04-02,7030
00941,中信上游半導體,16,0,16,致和證券,2024-04-02,7030
2301,光寶科,16,0,16,致和證券,2024-04-02,7030
5521,工信,19,3,16,致和證券,2024-04-02,7030
6168,宏齊,16,0,16,致和證券,2024-04-02,7030
2025,千興,30,15,15,致和證券,2024-04-02,7030
00878,國泰永續高股息,13,0,13,致和證券,2024-04-02,7030
8215,明基材,13,0,13,致和證券,2024-04-02,7030
00937B,群益ESG投等債20,12,0,12,致和證券,2024-04-02,7030
00733,富邦臺灣中小,12,0,12,致和證券,2024-04-02,7030
2630,亞航,12,0,12,致和證券,2024-04-02,7030
6488,環球晶,11,0,11,致和證券,2024-04-02,7030
00715L,期街口布蘭特正2,10,0,10,致和證券,2024-04-02,7030
2408,南亞科,39,29,10,致和證券,2024-04-02,7030
4720,德淵,10,0,10,致和證券,2024-04-02,7030
5284,jpp-KY,10,0,10,致和證券,2024-04-02,7030
5443,均豪,22,12,10,致和證券,2024-04-02,7030
00919,群益台灣精選高息,10,0,10,致和證券,2024-04-02,7030
2020,美亞,10,1,9,致和證券,2024-04-02,7030
2486,一詮,14,5,9,致和證券,2024-04-02,7030
5434,崇越,11,2,9,致和證券,2024-04-02,7030
6005,群益證,9,0,9,致和證券,2024-04-02,7030
00632R,元大台灣50反1,8,0,8,致和證券,2024-04-02,7030
2603,長榮,11,3,8,致和證券,2024-04-02,7030
5392,能率,8,0,8,致和證券,2024-04-02,7030
6220,岳豐,8,0,8,致和證券,2024-04-02,7030
8093,保銳,8,0,8,致和證券,2024-04-02,7030
6179,亞通,7,0,7,致和證券,2024-04-02,7030
2634,漢翔,11,5,6,致和證券,2024-04-02,7030
2888,新光金,18,12,6,致和證券,2024-04-02,7030
3354,律勝,6,0,6,致和證券,2024-04-02,7030
4714,永捷,27,21,6,致和證券,2024-04-02,7030
00795B,中信美國公債20年,5,0,5,致和證券,2024-04-02,7030
2323,中環,6,1,5,致和證券,2024-04-02,7030
2637,慧洋-KY,5,0,5,致和證券,2024-04-02,7030
8042,金山電,5,0,5,致和證券,2024-04-02,7030
8044,網家,5,0,5,致和證券,2024-04-02,7030
8213,志超,5,0,5,致和證券,2024-04-02,7030
2884,玉山金,4,0,4,致和證券,2024-04-02,7030
00937B,群益ESG投等債20,120,0,120,致和證券,2024-04-03,7030
00940,元大台灣價值高息,112,4,108,致和證券,2024-04-03,7030
1582,信錦,105,23,82,致和證券,2024-04-03,7030
00931B,統一美債20年,80,0,80,致和證券,2024-04-03,7030
2618,長榮航,43,0,43,致和證券,2024-04-03,7030
00929,復華台灣科技優息,39,0,39,致和證券,2024-04-03,7030
5864,致和證,59,20,39,致和證券,2024-04-03,7030
5443,均豪,50,13,37,致和證券,2024-04-03,7030
2382,廣達,39,6,33,致和證券,2024-04-03,7030
00941,中信上游半導體,31,0,31,致和證券,2024-04-03,7030
6179,亞通,32,1,31,致和證券,2024-04-03,7030
00679B,元大美債20年,30,0,30,致和證券,2024-04-03,7030
00919,群益台灣精選高息,38,10,28,致和證券,2024-04-03,7030
2412,中華電,25,0,25,致和證券,2024-04-03,7030
2317,鴻海,23,5,18,致和證券,2024-04-03,7030
1815,富喬,22,6,16,致和證券,2024-04-03,7030
2489,瑞軒,15,0,15,致和證券,2024-04-03,7030
3481,群創,14,0,14,致和證券,2024-04-03,7030
2301,光寶科,14,1,13,致和證券,2024-04-03,7030
2374,佳能,13,1,12,致和證券,2024-04-03,7030
6220,岳豐,12,0,12,致和證券,2024-04-03,7030
2888,新光金,12,0,12,致和證券,2024-04-03,7030
1524,耿鼎,13,2,11,致和證券,2024-04-03,7030
1316,上曜,20,10,10,致和證券,2024-04-03,7030
1301,台塑,10,0,10,致和證券,2024-04-03,7030
3540,曜越,10,0,10,致和證券,2024-04-03,7030
5225,東科-KY,10,0,10,致和證券,2024-04-03,7030
5347,世界,10,0,10,致和證券,2024-04-03,7030
5880,合庫金,10,0,10,致和證券,2024-04-03,7030
00939,統一台灣高息動能,9,0,9,致和證券,2024-04-03,7030
1605,華新,9,0,9,致和證券,2024-04-03,7030
2609,陽明,9,0,9,致和證券,2024-04-03,7030
6770,力積電,8,0,8,致和證券,2024-04-03,7030
8210,勤誠,11,3,8,致和證券,2024-04-03,7030
1717,長興,7,0,7,致和證券,2024-04-03,7030
00632R,元大台灣50反1,6,0,6,致和證券,2024-04-03,7030
2634,漢翔,7,1,6,致和證券,2024-04-03,7030
2834,臺企銀,6,0,6,致和證券,2024-04-03,7030
6257,矽格,6,0,6,致和證券,2024-04-03,7030
2371,大同,14,8,6,致和證券,2024-04-03,7030
1326,台化,5,0,5,致和證券,2024-04-03,7030
00725B,國泰投資級公司債,5,0,5,致和證券,2024-04-03,7030
00923,群益台ESG低碳50,5,0,5,致和證券,2024-04-03,7030
1785,光洋科,8,3,5,致和證券,2024-04-03,7030
1909,榮成,5,0,5,致和證券,2024-04-03,7030
2610,華航,5,0,5,致和證券,2024-04-03,7030
2845,遠東銀,5,0,5,致和證券,2024-04-03,7030
3081,聯亞,5,0,5,致和證券,2024-04-03,7030
6234,高僑,5,0,5,致和證券,2024-04-03,7030
6578,達邦蛋白,5,0,5,致和證券,2024-04-03,7030
2002,中鋼,4006,97,3909,致和證券,2024-04-08,7030
3231,緯創,115,23,92,致和證券,2024-04-08,7030
00929,復華台灣科技優息,71,0,71,致和證券,2024-04-08,7030
2017,官田鋼,50,2,48,致和證券,2024-04-08,7030
2356,英業達,66,23,43,致和證券,2024-04-08,7030
2025,千興,34,0,34,致和證券,2024-04-08,7030
4966,譜瑞-KY,34,1,33,致和證券,2024-04-08,7030
2618,長榮航,39,7,32,致和證券,2024-04-08,7030
00680L,元大美債20正2,30,0,30,致和證券,2024-04-08,7030
3052,夆典,30,0,30,致和證券,2024-04-08,7030
00940,元大台灣價值高息,46,21,25,致和證券,2024-04-08,7030
2491,吉祥全,20,0,20,致和證券,2024-04-08,7030
6220,岳豐,20,0,20,致和證券,2024-04-08,7030
00712,復華富時不動產,20,1,19,致和證券,2024-04-08,7030
00679B,元大美債20年,18,0,18,致和證券,2024-04-08,7030
3081,聯亞,17,0,17,致和證券,2024-04-08,7030
6015,宏遠證,13,0,13,致和證券,2024-04-08,7030
5905,南仁湖,12,0,12,致和證券,2024-04-08,7030
8930,青鋼,11,0,11,致和證券,2024-04-08,7030
1316,上曜,30,20,10,致和證券,2024-04-08,7030
00891,中信關鍵半導體,10,0,10,致和證券,2024-04-08,7030
1101,台泥,18,8,10,致和證券,2024-04-08,7030
6432,今展科,10,0,10,致和證券,2024-04-08,7030
6120,達運,14,5,9,致和證券,2024-04-08,7030
6166,凌華,10,1,9,致和證券,2024-04-08,7030
3022,威強電,8,0,8,致和證券,2024-04-08,7030
3062,建漢,8,0,8,致和證券,2024-04-08,7030
4722,國精化,8,0,8,致和證券,2024-04-08,7030
4953,緯軟,8,0,8,致和證券,2024-04-08,7030
4979,華星光,7,0,7,致和證券,2024-04-08,7030
00919,群益台灣精選高息,7,1,6,致和證券,2024-04-08,7030
00937B,群益ESG投等債20,6,0,6,致和證券,2024-04-08,7030
2014,中鴻,7,1,6,致和證券,2024-04-08,7030
2406,國碩,60,54,6,致和證券,2024-04-08,7030
6180,橘子,10,4,6,致和證券,2024-04-08,7030
6829,千附精密,6,0,6,致和證券,2024-04-08,7030
8033,雷虎,6,0,6,致和證券,2024-04-08,7030
00632R,元大台灣50反1,5,0,5,致和證券,2024-04-08,7030
1109,信大,5,0,5,致和證券,2024-04-08,7030
1104,環泥,5,0,5,致和證券,2024-04-08,7030
1582,信錦,15,10,5,致和證券,2024-04-08,7030
1815,富喬,5,0,5,致和證券,2024-04-08,7030
2355,敬鵬,5,0,5,致和證券,2024-04-08,7030
2408,南亞科,13,8,5,致和證券,2024-04-08,7030
2888,新光金,10,5,5,致和證券,2024-04-08,7030
3276,宇環,5,0,5,致和證券,2024-04-08,7030
3558,神準,5,0,5,致和證券,2024-04-08,7030
3605,宏致,5,0,5,致和證券,2024-04-08,7030
4306,炎洲,6,1,5,致和證券,2024-04-08,7030
4763,材料-KY,8,3,5,致和證券,2024-04-08,7030
00632R,元大台灣50反1,130,40,90,致和證券,2024-04-09,7030
3231,緯創,50,11,39,致和證券,2024-04-09,7030
2356,英業達,78,43,35,致和證券,2024-04-09,7030
00929,復華台灣科技優息,34,1,33,致和證券,2024-04-09,7030
00940,元大台灣價值高息,35,10,25,致和證券,2024-04-09,7030
2329,華泰,26,3,23,致和證券,2024-04-09,7030
1815,富喬,17,5,12,致和證券,2024-04-09,7030
2010,春源,12,0,12,致和證券,2024-04-09,7030
5228,鈺鎧,12,0,12,致和證券,2024-04-09,7030
6163,華電網,22,10,12,致和證券,2024-04-09,7030
1301,台塑,11,0,11,致和證券,2024-04-09,7030
00939,統一台灣高息動能,11,0,11,致和證券,2024-04-09,7030
2888,新光金,22,11,11,致和證券,2024-04-09,7030
1314,中石化,20,10,10,致和證券,2024-04-09,7030
1101,台泥,19,9,10,致和證券,2024-04-09,7030
2492,華新科,10,1,9,致和證券,2024-04-09,7030
8227,巨有科技,10,1,9,致和證券,2024-04-09,7030
2066,世德,9,1,8,致和證券,2024-04-09,7030
2374,佳能,9,1,8,致和證券,2024-04-09,7030
1587,吉茂,7,0,7,致和證券,2024-04-09,7030
2867,三商壽,10,3,7,致和證券,2024-04-09,7030
6005,群益證,7,0,7,致和證券,2024-04-09,7030
2038,海光,7,0,7,致和證券,2024-04-09,7030
2382,廣達,11,5,6,致和證券,2024-04-09,7030
1582,信錦,12,6,6,致和證券,2024-04-09,7030
4105,東洋,6,0,6,致和證券,2024-04-09,7030
5465,富驊,10,4,6,致和證券,2024-04-09,7030
6189,豐藝,8,2,6,致和證券,2024-04-09,7030
6283,淳安,6,0,6,致和證券,2024-04-09,7030
1525,江申,5,0,5,致和證券,2024-04-09,7030
00937B,群益ESG投等債20,5,0,5,致和證券,2024-04-09,7030
2032,新鋼,8,3,5,致和證券,2024-04-09,7030
2630,亞航,5,0,5,致和證券,2024-04-09,7030
2641,正德,5,0,5,致和證券,2024-04-09,7030
2722,夏都,5,0,5,致和證券,2024-04-09,7030
2913,農林,5,0,5,致和證券,2024-04-09,7030
3264,欣銓,5,0,5,致和證券,2024-04-09,7030
4168,醣聯,5,0,5,致和證券,2024-04-09,7030
2834,臺企銀,5,1,4,致和證券,2024-04-09,7030
3583,辛耘,4,0,4,致和證券,2024-04-09,7030
00923,群益台ESG低碳50,4,0,4,致和證券,2024-04-09,7030
2028,威致,12,8,4,致和證券,2024-04-09,7030
2885,元大金,8,4,4,致和證券,2024-04-09,7030
4303,信立,19,15,4,致和證券,2024-04-09,7030
5864,致和證,10,6,4,致和證券,2024-04-09,7030
6615,慧智,4,0,4,致和證券,2024-04-09,7030
2851,中再保,4,0,4,致和證券,2024-04-09,7030
2515,中工,23,20,3,致和證券,2024-04-09,7030
6207,雷科,5,2,3,致和證券,2024-04-09,7030
1773,勝一,3,0,3,致和證券,2024-04-09,7030
6770,力積電,133,4,129,致和證券,2024-04-10,7030
2888,新光金,79,24,55,致和證券,2024-04-10,7030
00940,元大台灣價值高息,52,3,49,致和證券,2024-04-10,7030
00919,群益台灣精選高息,37,0,37,致和證券,2024-04-10,7030
2363,矽統,53,22,31,致和證券,2024-04-10,7030
2337,旺宏,30,5,25,致和證券,2024-04-10,7030
5864,致和證,20,0,20,致和證券,2024-04-10,7030
3481,群創,19,1,18,致和證券,2024-04-10,7030
00939,統一台灣高息動能,16,0,16,致和證券,2024-04-10,7030
2371,大同,27,11,16,致和證券,2024-04-10,7030
00712,復華富時不動產,15,0,15,致和證券,2024-04-10,7030
2634,漢翔,45,31,14,致和證券,2024-04-10,7030
2002,中鋼,25,12,13,致和證券,2024-04-10,7030
2356,英業達,61,48,13,致和證券,2024-04-10,7030
4961,天鈺,12,0,12,致和證券,2024-04-10,7030
2317,鴻海,16,6,10,致和證券,2024-04-10,7030
00715L,期街口布蘭特正2,10,0,10,致和證券,2024-04-10,7030
2383,台光電,10,0,10,致和證券,2024-04-10,7030
4438,廣越,10,0,10,致和證券,2024-04-10,7030
6615,慧智,10,0,10,致和證券,2024-04-10,7030
1513,中興電,16,6,10,致和證券,2024-04-10,7030
1584,精剛,70,61,9,致和證券,2024-04-10,7030
1785,光洋科,9,0,9,致和證券,2024-04-10,7030
2330,台積電,9,1,8,致和證券,2024-04-10,7030
3206,志豐,8,0,8,致和證券,2024-04-10,7030
2323,中環,7,0,7,致和證券,2024-04-10,7030
2355,敬鵬,7,0,7,致和證券,2024-04-10,7030
2520,冠德,7,0,7,致和證券,2024-04-10,7030
006208,富邦台50,7,0,7,致和證券,2024-04-10,7030
6443,元晶,7,1,6,致和證券,2024-04-10,7030
2382,廣達,13,7,6,致和證券,2024-04-10,7030
4556,旭然,6,0,6,致和證券,2024-04-10,7030
5228,鈺鎧,6,0,6,致和證券,2024-04-10,7030
6154,順發,6,0,6,致和證券,2024-04-10,7030
6169,昱泉,6,0,6,致和證券,2024-04-10,7030
6191,精成科,6,0,6,致和證券,2024-04-10,7030
8047,星雲,6,0,6,致和證券,2024-04-10,7030
1717,長興,7,1,6,致和證券,2024-04-10,7030
3231,緯創,15,10,5,致和證券,2024-04-10,7030
1503,士電,6,1,5,致和證券,2024-04-10,7030
2845,遠東銀,5,0,5,致和證券,2024-04-10,7030
1316,上曜,5,0,5,致和證券,2024-04-10,7030
1314,中石化,10,5,5,致和證券,2024-04-10,7030
1301,台塑,20,15,5,致和證券,2024-04-10,7030
2014,中鴻,7,2,5,致和證券,2024-04-10,7030
2023,燁輝,5,0,5,致和證券,2024-04-10,7030
2376,技嘉,5,0,5,致和證券,2024-04-10,7030
2885,元大金,5,0,5,致和證券,2024-04-10,7030
3013,晟銘電,7,2,5,致和證券,2024-04-10,7030
3362,先進光,5,0,5,致和證券,2024-04-10,7030
00632R,元大台灣50反1,115,0,115,致和證券,2024-04-11,7030
2376,技嘉,103,1,102,致和證券,2024-04-11,7030
4532,瑞智,100,0,100,致和證券,2024-04-11,7030
3481,群創,99,10,89,致和證券,2024-04-11,7030
1474,弘裕,58,0,58,致和證券,2024-04-11,7030
1785,光洋科,42,4,38,致和證券,2024-04-11,7030
00712,復華富時不動產,37,0,37,致和證券,2024-04-11,7030
2634,漢翔,38,7,31,致和證券,2024-04-11,7030
00931B,統一美債20年,26,0,26,致和證券,2024-04-11,7030
00919,群益台灣精選高息,25,0,25,致和證券,2024-04-11,7030
1605,華新,36,11,25,致和證券,2024-04-11,7030
2888,新光金,30,7,23,致和證券,2024-04-11,7030
00679B,元大美債20年,22,0,22,致和證券,2024-04-11,7030
3532,台勝科,19,1,18,致和證券,2024-04-11,7030
2313,華通,28,11,17,致和證券,2024-04-11,7030
1301,台塑,15,0,15,致和證券,2024-04-11,7030
2344,華邦電,22,7,15,致和證券,2024-04-11,7030
00927,群益半導體收益,13,0,13,致和證券,2024-04-11,7030
2356,英業達,116,104,12,致和證券,2024-04-11,7030
00940,元大台灣價值高息,14,2,12,致和證券,2024-04-11,7030
2488,漢平,12,0,12,致和證券,2024-04-11,7030
3499,環天科,13,1,12,致和證券,2024-04-11,7030
3576,聯合再生,18,6,12,致和證券,2024-04-11,7030
8488,吉源-KY,12,0,12,致和證券,2024-04-11,7030
2354,鴻準,13,1,12,致和證券,2024-04-11,7030
1316,上曜,11,0,11,致和證券,2024-04-11,7030
2002,中鋼,21,10,11,致和證券,2024-04-11,7030
2501,國建,16,5,11,致和證券,2024-04-11,7030
00937B,群益ESG投等債20,10,0,10,致和證券,2024-04-11,7030
00929,復華台灣科技優息,10,0,10,致和證券,2024-04-11,7030
1582,信錦,15,5,10,致和證券,2024-04-11,7030
1609,大亞,23,13,10,致和證券,2024-04-11,7030
2349,錸德,10,0,10,致和證券,2024-04-11,7030
2881,富邦金,12,2,10,致和證券,2024-04-11,7030
3059,華晶科,11,1,10,致和證券,2024-04-11,7030
3437,榮創,10,0,10,致和證券,2024-04-11,7030
5009,榮剛,12,2,10,致和證券,2024-04-11,7030
6667,信紘科,10,0,10,致和證券,2024-04-11,7030
1314,中石化,10,0,10,致和證券,2024-04-11,7030
2885,元大金,9,0,9,致和證券,2024-04-11,7030
00933B,國泰10Y+金融債,8,0,8,致和證券,2024-04-11,7030
1603,華電,8,0,8,致和證券,2024-04-11,7030
2352,佳世達,8,0,8,致和證券,2024-04-11,7030
3615,安可,10,2,8,致和證券,2024-04-11,7030
2834,臺企銀,7,0,7,致和證券,2024-04-11,7030
4746,台耀,9,2,7,致和證券,2024-04-11,7030
6167,久正,7,0,7,致和證券,2024-04-11,7030
6169,昱泉,7,0,7,致和證券,2024-04-11,7030
6770,力積電,10,3,7,致和證券,2024-04-11,7030
5880,合庫金,6,0,6,致和證券,2024-04-11,7030
00940,元大台灣價值高息,201,0,201,致和證券,2024-04-12,7030
00933B,國泰10Y+金融債,55,0,55,致和證券,2024-04-12,7030
00929,復華台灣科技優息,52,0,52,致和證券,2024-04-12,7030
1303,南亞,40,0,40,致和證券,2024-04-12,7030
2880,華南金,32,0,32,致和證券,2024-04-12,7030
00680L,元大美債20正2,30,0,30,致和證券,2024-04-12,7030
2356,英業達,39,13,26,致和證券,2024-04-12,7030
00919,群益台灣精選高息,29,5,24,致和證券,2024-04-12,7030
2353,宏��,63,40,23,致和證券,2024-04-12,7030
3287,廣寰科,23,0,23,致和證券,2024-04-12,7030
6116,彩晶,20,0,20,致和證券,2024-04-12,7030
8105,凌巨,21,1,20,致和證券,2024-04-12,7030
2313,華通,26,7,19,致和證券,2024-04-12,7030
6282,康舒,20,1,19,致和證券,2024-04-12,7030
5410,國眾,18,0,18,致和證券,2024-04-12,7030
5512,力麒,20,2,18,致和證券,2024-04-12,7030
00937B,群益ESG投等債20,17,0,17,致和證券,2024-04-12,7030
00720B,元大投資級公司債,17,0,17,致和證券,2024-04-12,7030
00722B,群益投資級電信債,15,0,15,致和證券,2024-04-12,7030
6163,華電網,15,0,15,致和證券,2024-04-12,7030
00687B,國泰20年美債,14,0,14,致和證券,2024-04-12,7030
2382,廣達,20,6,14,致和證券,2024-04-12,7030
2887,台新金,13,0,13,致和證券,2024-04-12,7030
00931B,統一美債20年,12,0,12,致和證券,2024-04-12,7030
2409,友達,17,5,12,致和證券,2024-04-12,7030
4746,台耀,12,0,12,致和證券,2024-04-12,7030
2365,昆盈,21,10,11,致和證券,2024-04-12,7030
2371,大同,47,36,11,致和證券,2024-04-12,7030
2812,台中銀,15,4,11,致和證券,2024-04-12,7030
00936,台新永續高息中小,10,0,10,致和證券,2024-04-12,7030
00878,國泰永續高股息,10,0,10,致和證券,2024-04-12,7030
2006,東和鋼鐵,10,0,10,致和證券,2024-04-12,7030
2031,新光鋼,10,0,10,致和證券,2024-04-12,7030
2344,華邦電,11,1,10,致和證券,2024-04-12,7030
3027,盛達,11,1,10,致和證券,2024-04-12,7030
5351,鈺創,25,15,10,致和證券,2024-04-12,7030
6270,倍微,20,10,10,致和證券,2024-04-12,7030
8096,擎亞,32,22,10,致和證券,2024-04-12,7030
3481,群創,32,23,9,致和證券,2024-04-12,7030
1611,中電,9,0,9,致和證券,2024-04-12,7030
2329,華泰,11,2,9,致和證券,2024-04-12,7030
2332,友訊,9,0,9,致和證券,2024-04-12,7030
2883,凱基金,14,5,9,致和證券,2024-04-12,7030
3706,神達,11,2,9,致和證券,2024-04-12,7030
1605,華新,13,5,8,致和證券,2024-04-12,7030
2427,三商電,8,0,8,致和證券,2024-04-12,7030
3515,華擎,10,2,8,致和證券,2024-04-12,7030
4526,東台,13,5,8,致和證券,2024-04-12,7030
6191,精成科,8,1,7,致和證券,2024-04-12,7030
8227,巨有科技,11,4,7,致和證券,2024-04-12,7030
2883,凱基金,225,0,225,致和證券,2024-04-15,7030
00929,復華台灣科技優息,83,1,82,致和證券,2024-04-15,7030
2367,燿華,97,40,57,致和證券,2024-04-15,7030
00940,元大台灣價值高息,56,2,54,致和證券,2024-04-15,7030
2356,英業達,59,6,53,致和證券,2024-04-15,7030
2371,大同,117,70,47,致和證券,2024-04-15,7030
0056,元大高股息,37,0,37,致和證券,2024-04-15,7030
1608,華榮,41,6,35,致和證券,2024-04-15,7030
00919,群益台灣精選高息,44,10,34,致和證券,2024-04-15,7030
6443,元晶,41,12,29,致和證券,2024-04-15,7030
1504,東元,54,26,28,致和證券,2024-04-15,7030
3265,台星科,27,0,27,致和證券,2024-04-15,7030
5864,致和證,22,0,22,致和證券,2024-04-15,7030
2645,長榮航太,21,0,21,致和證券,2024-04-15,7030
5439,高技,20,0,20,致和證券,2024-04-15,7030
1513,中興電,23,6,17,致和證券,2024-04-15,7030
00939,統一台灣高息動能,22,5,17,致和證券,2024-04-15,7030
4130,健亞,15,0,15,致和證券,2024-04-15,7030
2376,技嘉,16,2,14,致和證券,2024-04-15,7030
00715L,期街口布蘭特正2,14,1,13,致和證券,2024-04-15,7030
00878,國泰永續高股息,12,0,12,致和證券,2024-04-15,7030
3362,先進光,11,0,11,致和證券,2024-04-15,7030
00927,群益半導體收益,11,0,11,致和證券,2024-04-15,7030
2887,台新金,10,0,10,致和證券,2024-04-15,7030
1304,台聚,10,0,10,致和證券,2024-04-15,7030
1582,信錦,21,11,10,致和證券,2024-04-15,7030
3260,威剛,13,3,10,致和證券,2024-04-15,7030
6163,華電網,10,0,10,致和證券,2024-04-15,7030
6425,易發,10,0,10,致和證券,2024-04-15,7030
8210,勤誠,14,4,10,致和證券,2024-04-15,7030
3037,欣興,10,1,9,致和證券,2024-04-15,7030
2540,愛山林,9,0,9,致和證券,2024-04-15,7030
2033,佳大,8,0,8,致和證券,2024-04-15,7030
1524,耿鼎,7,0,7,致和證券,2024-04-15,7030
2303,聯電,11,4,7,致和證券,2024-04-15,7030
3294,英濟,7,0,7,致和證券,2024-04-15,7030
6770,力積電,11,4,7,致和證券,2024-04-15,7030
2353,宏��,19,13,6,致和證券,2024-04-15,7030
00923,群益台ESG低碳50,6,0,6,致和證券,2024-04-15,7030
1101,台泥,14,8,6,致和證券,2024-04-15,7030
1503,士電,10,4,6,致和證券,2024-04-15,7030
2408,南亞科,6,0,6,致和證券,2024-04-15,7030
3276,宇環,6,0,6,致和證券,2024-04-15,7030
3711,日月光投控,6,0,6,致和證券,2024-04-15,7030
2038,海光,6,0,6,致和證券,2024-04-15,7030
2892,第一金,5,0,5,致和證券,2024-04-15,7030
1514,亞力,21,16,5,致和證券,2024-04-15,7030
00933B,國泰10Y+金融債,5,0,5,致和證券,2024-04-15,7030
00725B,國泰投資級公司債,5,0,5,致和證券,2024-04-15,7030
00712,復華富時不動產,5,0,5,致和證券,2024-04-15,7030
00929,復華台灣科技優息,241,1,240,致和證券,2024-04-16,7030
00940,元大台灣價值高息,274,58,216,致和證券,2024-04-16,7030
3362,先進光,106,0,106,致和證券,2024-04-16,7030
1529,樂事綠能,100,1,99,致和證券,2024-04-16,7030
2356,英業達,109,36,73,致和證券,2024-04-16,7030
2303,聯電,50,0,50,致和證券,2024-04-16,7030
2883,凱基金,81,36,45,致和證券,2024-04-16,7030
5880,合庫金,45,0,45,致和證券,2024-04-16,7030
00939,統一台灣高息動能,42,0,42,致和證券,2024-04-16,7030
00919,群益台灣精選高息,75,35,40,致和證券,2024-04-16,7030
2634,漢翔,44,5,39,致和證券,2024-04-16,7030
0056,元大高股息,58,25,33,致和證券,2024-04-16,7030
1582,信錦,33,0,33,致和證券,2024-04-16,7030
00878,國泰永續高股息,34,3,31,致和證券,2024-04-16,7030
1101,台泥,40,10,30,致和證券,2024-04-16,7030
3481,群創,31,2,29,致和證券,2024-04-16,7030
2382,廣達,31,3,28,致和證券,2024-04-16,7030
2880,華南金,31,6,25,致和證券,2024-04-16,7030
00927,群益半導體收益,24,0,24,致和證券,2024-04-16,7030
2409,友達,34,10,24,致和證券,2024-04-16,7030
2405,輔信,25,2,23,致和證券,2024-04-16,7030
1609,大亞,88,65,23,致和證券,2024-04-16,7030
2408,南亞科,24,2,22,致和證券,2024-04-16,7030
00937B,群益ESG投等債20,25,4,21,致和證券,2024-04-16,7030
2884,玉山金,20,0,20,致和證券,2024-04-16,7030
00753L,中信中國50正2,20,0,20,致和證券,2024-04-16,7030
3022,威強電,20,0,20,致和證券,2024-04-16,7030
00712,復華富時不動產,18,0,18,致和證券,2024-04-16,7030
2353,宏��,20,4,16,致和證券,2024-04-16,7030
9934,成霖,16,0,16,致和證券,2024-04-16,7030
00679B,元大美債20年,15,0,15,致和證券,2024-04-16,7030
2834,臺企銀,15,0,15,致和證券,2024-04-16,7030
3041,揚智,15,0,15,致和證券,2024-04-16,7030
3231,緯創,39,24,15,致和證券,2024-04-16,7030
2301,光寶科,14,0,14,致和證券,2024-04-16,7030
8488,吉源-KY,16,2,14,致和證券,2024-04-16,7030
2367,燿華,16,3,13,致和證券,2024-04-16,7030
6163,華電網,13,0,13,致和證券,2024-04-16,7030
1605,華新,13,1,12,致和證券,2024-04-16,7030
2020,美亞,12,0,12,致和證券,2024-04-16,7030
5009,榮剛,50,38,12,致和證券,2024-04-16,7030
3260,威剛,15,4,11,致和證券,2024-04-16,7030
2317,鴻海,24,14,10,致和證券,2024-04-16,7030
0050,元大台灣50,10,0,10,致和證券,2024-04-16,7030
00706L,期元大S＆P日圓正2,10,0,10,致和證券,2024-04-16,7030
2645,長榮航太,10,0,10,致和證券,2024-04-16,7030
2885,元大金,11,1,10,致和證券,2024-04-16,7030
3033,威健,10,0,10,致和證券,2024-04-16,7030
4138,曜亞,10,0,10,致和證券,2024-04-16,7030
4438,廣越,10,0,10,致和證券,2024-04-16,7030
2017,官田鋼,201,0,201,致和證券,2024-04-17,7030
2618,長榮航,97,6,91,致和證券,2024-04-17,7030
00664R,國泰臺灣加權反1,50,0,50,致和證券,2024-04-17,7030
0056,元大高股息,54,7,47,致和證券,2024-04-17,7030
00940,元大台灣價值高息,47,6,41,致和證券,2024-04-17,7030
00929,復華台灣科技優息,39,0,39,致和證券,2024-04-17,7030
2408,南亞科,37,0,37,致和證券,2024-04-17,7030
00937B,群益ESG投等債20,30,0,30,致和證券,2024-04-17,7030
3062,建漢,30,0,30,致和證券,2024-04-17,7030
00712,復華富時不動產,22,0,22,致和證券,2024-04-17,7030
1605,華新,39,19,20,致和證券,2024-04-17,7030
00680L,元大美債20正2,20,0,20,致和證券,2024-04-17,7030
2888,新光金,20,0,20,致和證券,2024-04-17,7030
00933B,國泰10Y+金融債,15,0,15,致和證券,2024-04-17,7030
2834,臺企銀,33,20,13,致和證券,2024-04-17,7030
2630,亞航,13,1,12,致和證券,2024-04-17,7030
8488,吉源-KY,12,0,12,致和證券,2024-04-17,7030
2101,南港,12,1,11,致和證券,2024-04-17,7030
3706,神達,12,1,11,致和證券,2024-04-17,7030
1615,大山,10,0,10,致和證券,2024-04-17,7030
2354,鴻準,10,0,10,致和證券,2024-04-17,7030
6128,上福,10,0,10,致和證券,2024-04-17,7030
2353,宏��,17,8,9,致和證券,2024-04-17,7030
2317,鴻海,16,7,9,致和證券,2024-04-17,7030
2501,國建,11,2,9,致和證券,2024-04-17,7030
3231,緯創,32,24,8,致和證券,2024-04-17,7030
00679B,元大美債20年,8,0,8,致和證券,2024-04-17,7030
2344,華邦電,10,2,8,致和證券,2024-04-17,7030
3027,盛達,30,22,8,致和證券,2024-04-17,7030
2002,中鋼,8,1,7,致和證券,2024-04-17,7030
00905,FT臺灣Smart,6,0,6,致和證券,2024-04-17,7030
00878,國泰永續高股息,6,0,6,致和證券,2024-04-17,7030
2303,聯電,12,6,6,致和證券,2024-04-17,7030
2883,凱基金,8,2,6,致和證券,2024-04-17,7030
6126,信音,6,0,6,致和證券,2024-04-17,7030
6163,華電網,6,0,6,致和證券,2024-04-17,7030
1514,亞力,8,3,5,致和證券,2024-04-17,7030
00751B,元大AAA至A公司債,5,0,5,致和證券,2024-04-17,7030
2328,廣宇,6,1,5,致和證券,2024-04-17,7030
2610,華航,10,5,5,致和證券,2024-04-17,7030
2884,玉山金,5,0,5,致和證券,2024-04-17,7030
3312,弘憶股,6,1,5,致和證券,2024-04-17,7030
3481,群創,8,3,5,致和證券,2024-04-17,7030
3563,牧德,5,0,5,致和證券,2024-04-17,7030
4138,曜亞,5,0,5,致和證券,2024-04-17,7030
6443,元晶,5,0,5,致和證券,2024-04-17,7030
8403,盛弘,5,0,5,致和證券,2024-04-17,7030
9934,成霖,5,0,5,致和證券,2024-04-17,7030
00687B,國泰20年美債,4,0,4,致和證券,2024-04-17,7030
1301,台塑,4,0,4,致和證券,2024-04-17,7030
2867,三商壽,530,2,528,致和證券,2024-04-18,7030
1604,聲寶,65,0,65,致和證券,2024-04-18,7030
2017,官田鋼,61,0,61,致和證券,2024-04-18,7030
2371,大同,113,60,53,致和證券,2024-04-18,7030
3481,群創,65,16,49,致和證券,2024-04-18,7030
2515,中工,50,12,38,致和證券,2024-04-18,7030
5512,力麒,27,0,27,致和證券,2024-04-18,7030
00940,元大台灣價值高息,26,0,26,致和證券,2024-04-18,7030
2356,英業達,41,20,21,致和證券,2024-04-18,7030
2603,長榮,22,1,21,致和證券,2024-04-18,7030
2883,凱基金,23,2,21,致和證券,2024-04-18,7030
2409,友達,35,15,20,致和證券,2024-04-18,7030
2540,愛山林,20,0,20,致和證券,2024-04-18,7030
1504,東元,35,16,19,致和證券,2024-04-18,7030
2014,中鴻,22,8,14,致和證券,2024-04-18,7030
8093,保銳,14,0,14,致和證券,2024-04-18,7030
0056,元大高股息,11,0,11,致和證券,2024-04-18,7030
5347,世界,11,0,11,致和證券,2024-04-18,7030
00715L,期街口布蘭特正2,10,0,10,致和證券,2024-04-18,7030
2369,菱生,10,0,10,致和證券,2024-04-18,7030
2889,國票金,10,0,10,致和證券,2024-04-18,7030
8271,宇瞻,10,0,10,致和證券,2024-04-18,7030
3260,威剛,11,2,9,致和證券,2024-04-18,7030
00941,中信上游半導體,9,0,9,致和證券,2024-04-18,7030
4961,天鈺,10,1,9,致和證券,2024-04-18,7030
00909,國泰數位支付服務,8,0,8,致和證券,2024-04-18,7030
1785,光洋科,9,1,8,致和證券,2024-04-18,7030
2329,華泰,10,2,8,致和證券,2024-04-18,7030
2457,飛宏,13,5,8,致和證券,2024-04-18,7030
2027,大成鋼,9,1,8,致和證券,2024-04-18,7030
2382,廣達,9,2,7,致和證券,2024-04-18,7030
2511,太子,7,0,7,致和證券,2024-04-18,7030
8926,台汽電,7,0,7,致和證券,2024-04-18,7030
00919,群益台灣精選高息,9,2,7,致和證券,2024-04-18,7030
1301,台塑,6,0,6,致和證券,2024-04-18,7030
00857B,永豐20年美公債,6,0,6,致和證券,2024-04-18,7030
2101,南港,7,1,6,致和證券,2024-04-18,7030
2354,鴻準,6,0,6,致和證券,2024-04-18,7030
3059,華晶科,6,0,6,致和證券,2024-04-18,7030
4303,信立,8,2,6,致和證券,2024-04-18,7030
1529,樂事綠能,7,2,5,致和證券,2024-04-18,7030
1326,台化,5,0,5,致和證券,2024-04-18,7030
1609,大亞,30,25,5,致和證券,2024-04-18,7030
2002,中鋼,9,4,5,致和證券,2024-04-18,7030
2109,華豐,5,0,5,致和證券,2024-04-18,7030
2301,光寶科,10,5,5,致和證券,2024-04-18,7030
2303,聯電,5,0,5,致和證券,2024-04-18,7030
2402,毅嘉,5,0,5,致和證券,2024-04-18,7030
2610,華航,13,8,5,致和證券,2024-04-18,7030
3050,鈺德,5,0,5,致和證券,2024-04-18,7030
1609,大亞,456,40,416,致和證券,2024-04-19,7030
2017,官田鋼,150,21,129,致和證券,2024-04-19,7030
00929,復華台灣科技優息,117,1,116,致和證券,2024-04-19,7030
00940,元大台灣價值高息,105,1,104,致和證券,2024-04-19,7030
2515,中工,171,109,62,致和證券,2024-04-19,7030
0056,元大高股息,61,8,53,致和證券,2024-04-19,7030
5011,久陽,51,0,51,致和證券,2024-04-19,7030
2356,英業達,123,79,44,致和證券,2024-04-19,7030
2511,太子,50,7,43,致和證券,2024-04-19,7030
5521,工信,46,3,43,致和證券,2024-04-19,7030
2885,元大金,43,1,42,致和證券,2024-04-19,7030
2303,聯電,46,4,42,致和證券,2024-04-19,7030
00878,國泰永續高股息,39,0,39,致和證券,2024-04-19,7030
3260,威剛,46,13,33,致和證券,2024-04-19,7030
00919,群益台灣精選高息,43,10,33,致和證券,2024-04-19,7030
2330,台積電,37,6,31,致和證券,2024-04-19,7030
6180,橘子,30,0,30,致和證券,2024-04-19,7030
1604,聲寶,27,0,27,致和證券,2024-04-19,7030
5512,力麒,27,1,26,致和證券,2024-04-19,7030
3231,緯創,64,39,25,致和證券,2024-04-19,7030
6770,力積電,25,0,25,致和證券,2024-04-19,7030
2834,臺企銀,24,0,24,致和證券,2024-04-19,7030
1582,信錦,23,1,22,致和證券,2024-04-19,7030
3481,群創,25,5,20,致和證券,2024-04-19,7030
00664R,國泰臺灣加權反1,20,0,20,致和證券,2024-04-19,7030
2427,三商電,22,3,19,致和證券,2024-04-19,7030
00939,統一台灣高息動能,18,0,18,致和證券,2024-04-19,7030
00712,復華富時不動產,15,0,15,致和證券,2024-04-19,7030
3037,欣興,16,1,15,致和證券,2024-04-19,7030
00918,大華優利高填息30,14,0,14,致和證券,2024-04-19,7030
2201,裕隆,13,0,13,致和證券,2024-04-19,7030
1608,華榮,40,28,12,致和證券,2024-04-19,7030
2451,創見,13,2,11,致和證券,2024-04-19,7030
2520,冠德,10,0,10,致和證券,2024-04-19,7030
3227,原相,10,0,10,致和證券,2024-04-19,7030
6425,易發,10,0,10,致和證券,2024-04-19,7030
6488,環球晶,10,0,10,致和證券,2024-04-19,7030
4588,玖鼎電力,10,0,10,致和證券,2024-04-19,7030
6531,愛普*,11,2,9,致和證券,2024-04-19,7030
2038,海光,10,1,9,致和證券,2024-04-19,7030
2405,輔信,9,0,9,致和證券,2024-04-19,7030
2374,佳能,10,2,8,致和證券,2024-04-19,7030
2408,南亞科,17,10,7,致和證券,2024-04-19,7030
2331,精英,8,1,7,致和證券,2024-04-19,7030
2355,敬鵬,7,0,7,致和證券,2024-04-19,7030
2367,燿華,16,9,7,致和證券,2024-04-19,7030
2608,嘉里大榮,7,0,7,致和證券,2024-04-19,7030
2610,華航,7,0,7,致和證券,2024-04-19,7030
2887,台新金,12,5,7,致和證券,2024-04-19,7030
6150,撼訊,7,0,7,致和證券,2024-04-19,7030
00929,復華台灣科技優息,91,3,88,致和證券,2024-04-22,7030
00632R,元大台灣50反1,51,0,51,致和證券,2024-04-22,7030
1301,台塑,50,0,50,致和證券,2024-04-22,7030
2356,英業達,64,19,45,致和證券,2024-04-22,7030
2371,大同,126,90,36,致和證券,2024-04-22,7030
00940,元大台灣價值高息,40,4,36,致和證券,2024-04-22,7030
1608,華榮,35,1,34,致和證券,2024-04-22,7030
00937B,群益ESG投等債20,30,0,30,致和證券,2024-04-22,7030
6442,光聖,29,0,29,致和證券,2024-04-22,7030
00939,統一台灣高息動能,29,0,29,致和證券,2024-04-22,7030
0056,元大高股息,25,0,25,致和證券,2024-04-22,7030
5512,力麒,28,4,24,致和證券,2024-04-22,7030
00679B,元大美債20年,23,0,23,致和證券,2024-04-22,7030
3011,今皓,21,0,21,致和證券,2024-04-22,7030
1609,大亞,85,65,20,致和證券,2024-04-22,7030
2208,台船,20,0,20,致和證券,2024-04-22,7030
3576,聯合再生,20,0,20,致和證券,2024-04-22,7030
6443,元晶,20,0,20,致和證券,2024-04-22,7030
1785,光洋科,23,3,20,致和證券,2024-04-22,7030
00878,國泰永續高股息,25,5,20,致和證券,2024-04-22,7030
6125,廣運,62,44,18,致和證券,2024-04-22,7030
00715L,期街口布蘭特正2,15,0,15,致和證券,2024-04-22,7030
1582,信錦,15,0,15,致和證券,2024-04-22,7030
2608,嘉里大榮,15,0,15,致和證券,2024-04-22,7030
5534,長虹,15,0,15,致和證券,2024-04-22,7030
3231,緯創,38,25,13,致和證券,2024-04-22,7030
00931B,統一美債20年,10,0,10,致和證券,2024-04-22,7030
00891,中信關鍵半導體,10,0,10,致和證券,2024-04-22,7030
00882,中信中國高股息,10,0,10,致和證券,2024-04-22,7030
2331,精英,11,1,10,致和證券,2024-04-22,7030
2851,中再保,10,0,10,致和證券,2024-04-22,7030
3276,宇環,10,0,10,致和證券,2024-04-22,7030
6177,達麗,10,0,10,致和證券,2024-04-22,7030
9103,美德醫療-DR,10,0,10,致和證券,2024-04-22,7030
2101,南港,14,5,9,致和證券,2024-04-22,7030
00919,群益台灣精選高息,14,6,8,致和證券,2024-04-22,7030
2409,友達,8,0,8,致和證券,2024-04-22,7030
3354,律勝,8,0,8,致和證券,2024-04-22,7030
2405,輔信,9,1,8,致和證券,2024-04-22,7030
6531,愛普*,9,2,7,致和證券,2024-04-22,7030
00830,國泰費城半導體,7,0,7,致和證券,2024-04-22,7030
2501,國建,8,1,7,致和證券,2024-04-22,7030
8463,潤泰材,8,1,7,致和證券,2024-04-22,7030
8936,國統,10,3,7,致和證券,2024-04-22,7030
2634,漢翔,6,0,6,致和證券,2024-04-22,7030
3481,群創,21,15,6,致和證券,2024-04-22,7030
4721,美琪瑪,6,0,6,致和證券,2024-04-22,7030
5222,全訊,6,0,6,致和證券,2024-04-22,7030
5519,隆大,14,8,6,致和證券,2024-04-22,7030
6188,廣明,6,0,6,致和證券,2024-04-22,7030
3062,建漢,62,0,62,致和證券,2024-04-23,7030
1440,南紡,45,9,36,致和證券,2024-04-23,7030
00940,元大台灣價值高息,34,0,34,致和證券,2024-04-23,7030
1316,上曜,39,10,29,致和證券,2024-04-23,7030
5228,鈺鎧,28,0,28,致和證券,2024-04-23,7030
2371,大同,65,38,27,致和證券,2024-04-23,7030
2889,國票金,25,0,25,致和證券,2024-04-23,7030
2809,京城銀,22,0,22,致和證券,2024-04-23,7030
5905,南仁湖,20,0,20,致和證券,2024-04-23,7030
2888,新光金,20,5,15,致和證券,2024-04-23,7030
3011,今皓,15,0,15,致和證券,2024-04-23,7030
6239,力成,15,0,15,致和證券,2024-04-23,7030
2547,日勝生,13,1,12,致和證券,2024-04-23,7030
00939,統一台灣高息動能,11,1,10,致和證券,2024-04-23,7030
3021,鴻名,10,0,10,致和證券,2024-04-23,7030
3052,夆典,10,0,10,致和證券,2024-04-23,7030
3437,榮創,10,0,10,致和證券,2024-04-23,7030
4979,華星光,10,0,10,致和證券,2024-04-23,7030
5522,遠雄,10,0,10,致和證券,2024-04-23,7030
8488,吉源-KY,10,0,10,致和證券,2024-04-23,7030
1514,亞力,11,2,9,致和證券,2024-04-23,7030
2101,南港,11,2,9,致和證券,2024-04-23,7030
2887,台新金,10,2,8,致和證券,2024-04-23,7030
1785,光洋科,8,0,8,致和證券,2024-04-23,7030
3362,先進光,8,0,8,致和證券,2024-04-23,7030
3710,連展投控,8,0,8,致和證券,2024-04-23,7030
5512,力麒,18,10,8,致和證券,2024-04-23,7030
2303,聯電,9,2,7,致和證券,2024-04-23,7030
2880,華南金,8,1,7,致和證券,2024-04-23,7030
6770,力積電,8,2,6,致和證券,2024-04-23,7030
1528,恩德,6,0,6,致和證券,2024-04-23,7030
2344,華邦電,11,5,6,致和證券,2024-04-23,7030
3703,欣陸,6,0,6,致和證券,2024-04-23,7030
5347,世界,11,5,6,致和證券,2024-04-23,7030
8033,雷虎,6,0,6,致和證券,2024-04-23,7030
2376,技嘉,7,2,5,致和證券,2024-04-23,7030
00712,復華富時不動產,6,1,5,致和證券,2024-04-23,7030
2402,毅嘉,5,0,5,致和證券,2024-04-23,7030
3706,神達,13,8,5,致和證券,2024-04-23,7030
4588,玖鼎電力,5,0,5,致和證券,2024-04-23,7030
6167,久正,5,0,5,致和證券,2024-04-23,7030
6177,達麗,5,0,5,致和證券,2024-04-23,7030
8463,潤泰材,6,1,5,致和證券,2024-04-23,7030
2855,統一證,4,0,4,致和證券,2024-04-23,7030
3022,威強電,4,0,4,致和證券,2024-04-23,7030
3141,晶宏,4,0,4,致和證券,2024-04-23,7030
4432,銘旺實,4,0,4,致和證券,2024-04-23,7030
4722,國精化,4,0,4,致和證券,2024-04-23,7030
8421,旭源,4,0,4,致和證券,2024-04-23,7030
8936,國統,4,0,4,致和證券,2024-04-23,7030
2017,官田鋼,125,0,125,致和證券,2024-04-24,7030
00664R,國泰臺灣加權反1,100,0,100,致和證券,2024-04-24,7030
3325,旭品,70,0,70,致和證券,2024-04-24,7030
2816,旺旺保,46,0,46,致和證券,2024-04-24,7030
2367,燿華,31,1,30,致和證券,2024-04-24,7030
5864,致和證,17,0,17,致和證券,2024-04-24,7030
2409,友達,36,20,16,致和證券,2024-04-24,7030
6169,昱泉,12,0,12,致和證券,2024-04-24,7030
8488,吉源-KY,12,0,12,致和證券,2024-04-24,7030
1314,中石化,10,0,10,致和證券,2024-04-24,7030
3711,日月光投控,11,1,10,致和證券,2024-04-24,7030
2332,友訊,9,0,9,致和證券,2024-04-24,7030
1608,華榮,9,1,8,致和證券,2024-04-24,7030
3059,華晶科,7,0,7,致和證券,2024-04-24,7030
00931B,統一美債20年,6,0,6,致和證券,2024-04-24,7030
3218,大學光,6,0,6,致和證券,2024-04-24,7030
3686,達能,6,0,6,致和證券,2024-04-24,7030
4306,炎洲,12,6,6,致和證券,2024-04-24,7030
5009,榮剛,7,1,6,致和證券,2024-04-24,7030
6207,雷科,11,5,6,致和證券,2024-04-24,7030
6209,今國光,6,0,6,致和證券,2024-04-24,7030
6661,威健生技,6,0,6,致和證券,2024-04-24,7030
1229,聯華,5,0,5,致和證券,2024-04-24,7030
1304,台聚,5,0,5,致和證券,2024-04-24,7030
00891,中信關鍵半導體,5,0,5,致和證券,2024-04-24,7030
00940,元大台灣價值高息,15,10,5,致和證券,2024-04-24,7030
1102,亞泥,5,0,5,致和證券,2024-04-24,7030
00712,復華富時不動產,5,0,5,致和證券,2024-04-24,7030
2489,瑞軒,5,0,5,致和證券,2024-04-24,7030
2536,宏普,5,0,5,致和證券,2024-04-24,7030
3265,台星科,6,1,5,致和證券,2024-04-24,7030
5511,德昌,5,0,5,致和證券,2024-04-24,7030
6177,達麗,5,0,5,致和證券,2024-04-24,7030
1445,大宇,4,0,4,致和證券,2024-04-24,7030
2331,精英,5,1,4,致和證券,2024-04-24,7030
2515,中工,13,9,4,致和證券,2024-04-24,7030
2608,嘉里大榮,4,0,4,致和證券,2024-04-24,7030
3706,神達,4,0,4,致和證券,2024-04-24,7030
5222,全訊,5,1,4,致和證券,2024-04-24,7030
6505,台塑化,4,0,4,致和證券,2024-04-24,7030
00857B,永豐20年美公債,3,0,3,致和證券,2024-04-24,7030
2101,南港,25,22,3,致和證券,2024-04-24,7030
2324,仁寶,5,2,3,致和證券,2024-04-24,7030
2337,旺宏,3,0,3,致和證券,2024-04-24,7030
2405,輔信,5,2,3,致和證券,2024-04-24,7030
2809,京城銀,5,2,3,致和證券,2024-04-24,7030
3015,全漢,3,0,3,致和證券,2024-04-24,7030
5519,隆大,5,2,3,致和證券,2024-04-24,7030
6275,元山,3,0,3,致和證券,2024-04-24,7030
8105,凌巨,3,0,3,致和證券,2024-04-24,7030
1582,信錦,46,0,46,致和證券,2024-04-25,7030
3325,旭品,33,0,33,致和證券,2024-04-25,7030
2610,華航,37,5,32,致和證券,2024-04-25,7030
5864,致和證,30,2,28,致和證券,2024-04-25,7030
2511,太子,30,3,27,致和證券,2024-04-25,7030
2409,友達,71,47,24,致和證券,2024-04-25,7030
2515,中工,36,18,18,致和證券,2024-04-25,7030
9907,統一實,20,2,18,致和證券,2024-04-25,7030
2885,元大金,15,0,15,致和證券,2024-04-25,7030
00679B,元大美債20年,12,0,12,致和證券,2024-04-25,7030
00857B,永豐20年美公債,12,0,12,致和證券,2024-04-25,7030
2201,裕隆,12,0,12,致和證券,2024-04-25,7030
00937B,群益ESG投等債20,11,0,11,致和證券,2024-04-25,7030
00687B,國泰20年美債,10,0,10,致和證券,2024-04-25,7030
00896,中信綠能及電動車,10,0,10,致和證券,2024-04-25,7030
2025,千興,10,0,10,致和證券,2024-04-25,7030
2834,臺企銀,10,0,10,致和證券,2024-04-25,7030
3058,立德,10,0,10,致和證券,2024-04-25,7030
6015,宏遠證,10,0,10,致和證券,2024-04-25,7030
8110,華東,10,0,10,致和證券,2024-04-25,7030
1301,台塑,9,0,9,致和證券,2024-04-25,7030
2615,萬海,10,1,9,致和證券,2024-04-25,7030
00878,國泰永續高股息,9,0,9,致和證券,2024-04-25,7030
2890,永豐金,8,0,8,致和證券,2024-04-25,7030
00929,復華台灣科技優息,23,15,8,致和證券,2024-04-25,7030
1605,華新,9,2,7,致和證券,2024-04-25,7030
2408,南亞科,14,7,7,致和證券,2024-04-25,7030
2881,富邦金,7,0,7,致和證券,2024-04-25,7030
3622,洋華,7,0,7,致和證券,2024-04-25,7030
5347,世界,12,5,7,致和證券,2024-04-25,7030
00940,元大台灣價值高息,7,0,7,致和證券,2024-04-25,7030
2382,廣達,15,9,6,致和證券,2024-04-25,7030
3062,建漢,6,0,6,致和證券,2024-04-25,7030
3362,先進光,6,0,6,致和證券,2024-04-25,7030
5225,東科-KY,6,0,6,致和證券,2024-04-25,7030
6209,今國光,6,0,6,致和證券,2024-04-25,7030
0056,元大高股息,5,0,5,致和證券,2024-04-25,7030
00939,統一台灣高息動能,5,0,5,致和證券,2024-04-25,7030
1785,光洋科,6,1,5,致和證券,2024-04-25,7030
2303,聯電,6,1,5,致和證券,2024-04-25,7030
2317,鴻海,12,7,5,致和證券,2024-04-25,7030
2607,榮運,5,0,5,致和證券,2024-04-25,7030
2618,長榮航,32,27,5,致和證券,2024-04-25,7030
3481,群創,32,27,5,致和證券,2024-04-25,7030
3715,定穎投控,5,0,5,致和證券,2024-04-25,7030
4566,時碩工業,5,0,5,致和證券,2024-04-25,7030
5009,榮剛,5,0,5,致和證券,2024-04-25,7030
6223,旺矽,7,2,5,致和證券,2024-04-25,7030
8255,朋程,5,0,5,致和證券,2024-04-25,7030
2884,玉山金,5,1,4,致和證券,2024-04-25,7030
1609,大亞,284,29,255,致和證券,2024-04-26,7030
2618,長榮航,232,59,173,致和證券,2024-04-26,7030
2888,新光金,100,1,99,致和證券,2024-04-26,7030
3052,夆典,50,0,50,致和證券,2024-04-26,7030
2349,錸德,29,0,29,致和證券,2024-04-26,7030
3374,精材,29,0,29,致和證券,2024-04-26,7030
2323,中環,52,25,27,致和證券,2024-04-26,7030
2371,大同,64,39,25,致和證券,2024-04-26,7030
2027,大成鋼,25,0,25,致和證券,2024-04-26,7030
1314,中石化,35,13,22,致和證券,2024-04-26,7030
6442,光聖,20,0,20,致和證券,2024-04-26,7030
6578,達邦蛋白,20,1,19,致和證券,2024-04-26,7030
00937B,群益ESG投等債20,17,0,17,致和證券,2024-04-26,7030
2367,燿華,21,5,16,致和證券,2024-04-26,7030
2597,潤弘,15,0,15,致和證券,2024-04-26,7030
4306,炎洲,15,0,15,致和證券,2024-04-26,7030
6177,達麗,17,2,15,致和證券,2024-04-26,7030
1316,上曜,33,20,13,致和證券,2024-04-26,7030
3622,洋華,13,0,13,致和證券,2024-04-26,7030
00933B,國泰10Y+金融債,12,0,12,致和證券,2024-04-26,7030
2405,輔信,12,0,12,致和證券,2024-04-26,7030
3338,泰碩,13,1,12,致和證券,2024-04-26,7030
6139,亞翔,15,4,11,致和證券,2024-04-26,7030
1440,南紡,32,22,10,致和證券,2024-04-26,7030
00632R,元大台灣50反1,10,0,10,致和證券,2024-04-26,7030
1612,宏泰,10,0,10,致和證券,2024-04-26,7030
3711,日月光投控,9,0,9,致和證券,2024-04-26,7030
3231,緯創,15,6,9,致和證券,2024-04-26,7030
1617,榮星,9,0,9,致和證券,2024-04-26,7030
6282,康舒,10,1,9,致和證券,2024-04-26,7030
5871,中租-KY,8,0,8,致和證券,2024-04-26,7030
00929,復華台灣科技優息,10,2,8,致和證券,2024-04-26,7030
5531,鄉林,8,0,8,致和證券,2024-04-26,7030
3706,神達,21,14,7,致和證券,2024-04-26,7030
1723,中碳,6,0,6,致和證券,2024-04-26,7030
2002,中鋼,6,0,6,致和證券,2024-04-26,7030
2506,太設,10,4,6,致和證券,2024-04-26,7030
3037,欣興,7,1,6,致和證券,2024-04-26,7030
3535,晶彩科,6,0,6,致和證券,2024-04-26,7030
5388,中磊,6,0,6,致和證券,2024-04-26,7030
1104,環泥,5,0,5,致和證券,2024-04-26,7030
2017,官田鋼,5,0,5,致和證券,2024-04-26,7030
2208,台船,5,0,5,致和證券,2024-04-26,7030
2816,旺旺保,5,0,5,致和證券,2024-04-26,7030
3141,晶宏,5,0,5,致和證券,2024-04-26,7030
3228,金麗科,5,0,5,致和證券,2024-04-26,7030
3380,明泰,5,0,5,致和證券,2024-04-26,7030
5439,高技,5,0,5,致和證券,2024-04-26,7030
6126,信音,5,0,5,致和證券,2024-04-26,7030
6167,久正,5,0,5,致和證券,2024-04-26,7030
2883,凱基金,405,17,388,致和證券,2024-04-29,7030
9907,統一實,110,20,90,致和證券,2024-04-29,7030
2323,中環,76,7,69,致和證券,2024-04-29,7030
00929,復華台灣科技優息,55,2,53,致和證券,2024-04-29,7030
1582,信錦,61,10,51,致和證券,2024-04-29,7030
2409,友達,50,1,49,致和證券,2024-04-29,7030
2014,中鴻,40,5,35,致和證券,2024-04-29,7030
1316,上曜,33,5,28,致和證券,2024-04-29,7030
1528,恩德,20,0,20,致和證券,2024-04-29,7030
2610,華航,23,3,20,致和證券,2024-04-29,7030
6215,和椿,22,3,19,致和證券,2024-04-29,7030
2887,台新金,16,0,16,致和證券,2024-04-29,7030
9945,潤泰新,21,5,16,致和證券,2024-04-29,7030
3105,穩懋,15,0,15,致和證券,2024-04-29,7030
00650L,復華香港正2,25,10,15,致和證券,2024-04-29,7030
2022,聚亨,15,0,15,致和證券,2024-04-29,7030
3481,群創,43,28,15,致和證券,2024-04-29,7030
2641,正德,16,2,14,致和證券,2024-04-29,7030
2009,第一銅,27,14,13,致和證券,2024-04-29,7030
2506,太設,12,0,12,致和證券,2024-04-29,7030
5512,力麒,22,10,12,致和證券,2024-04-29,7030
1216,統一,10,0,10,致和證券,2024-04-29,7030
00706L,期元大S＆P日圓正2,10,0,10,致和證券,2024-04-29,7030
2546,根基,10,0,10,致和證券,2024-04-29,7030
3322,建舜電,10,0,10,致和證券,2024-04-29,7030
6169,昱泉,10,0,10,致和證券,2024-04-29,7030
6209,今國光,10,0,10,致和證券,2024-04-29,7030
1473,台南,9,0,9,致和證券,2024-04-29,7030
00665L,富邦�琤肭磪囓�2,10,1,9,致和證券,2024-04-29,7030
2367,燿華,9,0,9,致和證券,2024-04-29,7030
2834,臺企銀,35,26,9,致和證券,2024-04-29,7030
3231,緯創,11,2,9,致和證券,2024-04-29,7030
1907,永豐餘,8,0,8,致和證券,2024-04-29,7030
2359,所羅門,17,9,8,致和證券,2024-04-29,7030
00715L,期街口布蘭特正2,7,0,7,致和證券,2024-04-29,7030
1702,南僑,7,0,7,致和證券,2024-04-29,7030
1609,大亞,23,17,6,致和證券,2024-04-29,7030
2449,京元電子,14,8,6,致和證券,2024-04-29,7030
3665,貿聯-KY,6,0,6,致和證券,2024-04-29,7030
1612,宏泰,5,0,5,致和證券,2024-04-29,7030
2109,華豐,5,0,5,致和證券,2024-04-29,7030
2329,華泰,7,2,5,致和證券,2024-04-29,7030
3052,夆典,5,0,5,致和證券,2024-04-29,7030
6578,達邦蛋白,5,0,5,致和證券,2024-04-29,7030
6589,台康生技,6,1,5,致和證券,2024-04-29,7030
00919,群益台灣精選高息,4,0,4,致和證券,2024-04-29,7030
1785,光洋科,12,8,4,致和證券,2024-04-29,7030
2362,藍天,4,0,4,致和證券,2024-04-29,7030
2368,金像電,7,3,4,致和證券,2024-04-29,7030
4714,永捷,5,1,4,致和證券,2024-04-29,7030
2867,三商壽,505,0,505,致和證券,2024-04-30,7030
1314,中石化,82,16,66,致和證券,2024-04-30,7030
00632R,元大台灣50反1,30,0,30,致和證券,2024-04-30,7030
2546,根基,28,0,28,致和證券,2024-04-30,7030
2303,聯電,25,2,23,致和證券,2024-04-30,7030
00939,統一台灣高息動能,25,3,22,致和證券,2024-04-30,7030
00753L,中信中國50正2,20,0,20,致和證券,2024-04-30,7030
8463,潤泰材,22,2,20,致和證券,2024-04-30,7030
6269,台郡,19,1,18,致和證券,2024-04-30,7030
1733,五鼎,17,0,17,致和證券,2024-04-30,7030
2101,南港,57,40,17,致和證券,2024-04-30,7030
2201,裕隆,14,0,14,致和證券,2024-04-30,7030
2607,榮運,14,0,14,致和證券,2024-04-30,7030
1609,大亞,128,115,13,致和證券,2024-04-30,7030
5347,世界,21,9,12,致和證券,2024-04-30,7030
3231,緯創,12,0,12,致和證券,2024-04-30,7030
00940,元大台灣價值高息,21,9,12,致和證券,2024-04-30,7030
3052,夆典,12,0,12,致和證券,2024-04-30,7030
4953,緯軟,12,0,12,致和證券,2024-04-30,7030
2618,長榮航,22,11,11,致和證券,2024-04-30,7030
2363,矽統,24,13,11,致和證券,2024-04-30,7030
2354,鴻準,14,3,11,致和證券,2024-04-30,7030
2501,國建,13,2,11,致和證券,2024-04-30,7030
00882,中信中國高股息,10,0,10,致和證券,2024-04-30,7030
00637L,元大滬深300正2,10,0,10,致和證券,2024-04-30,7030
2017,官田鋼,10,0,10,致和證券,2024-04-30,7030
2511,太子,10,0,10,致和證券,2024-04-30,7030
3037,欣興,10,0,10,致和證券,2024-04-30,7030
2610,華航,14,4,10,致和證券,2024-04-30,7030
5225,東科-KY,9,0,9,致和證券,2024-04-30,7030
2356,英業達,8,0,8,致和證券,2024-04-30,7030
4303,信立,16,8,8,致和證券,2024-04-30,7030
5324,士開,8,0,8,致和證券,2024-04-30,7030
6167,久正,8,0,8,致和證券,2024-04-30,7030
1444,力麗,7,0,7,致和證券,2024-04-30,7030
6169,昱泉,7,0,7,致和證券,2024-04-30,7030
8110,華東,7,0,7,致和證券,2024-04-30,7030
1316,上曜,51,45,6,致和證券,2024-04-30,7030
3483,力致,8,2,6,致和證券,2024-04-30,7030
4532,瑞智,6,0,6,致和證券,2024-04-30,7030
5392,能率,6,0,6,致和證券,2024-04-30,7030
6589,台康生技,6,0,6,致和證券,2024-04-30,7030
8088,品安,6,0,6,致和證券,2024-04-30,7030
1815,富喬,6,0,6,致和證券,2024-04-30,7030
1568,倉佑,6,1,5,致和證券,2024-04-30,7030
00679B,元大美債20年,5,0,5,致和證券,2024-04-30,7030
2324,仁寶,5,0,5,致和證券,2024-04-30,7030
2362,藍天,5,0,5,致和證券,2024-04-30,7030
2509,全坤建,5,0,5,致和證券,2024-04-30,7030
2912,統一超,5,0,5,致和證券,2024-04-30,7030
2867,三商壽,1000,5,995,致和證券,2024-05-02,7030
1314,中石化,487,34,453,致和證券,2024-05-02,7030
2888,新光金,226,28,198,致和證券,2024-05-02,7030
2834,臺企銀,105,0,105,致和證券,2024-05-02,7030
00632R,元大台灣50反1,50,0,50,致和證券,2024-05-02,7030
00878,國泰永續高股息,38,1,37,致和證券,2024-05-02,7030
2515,中工,35,0,35,致和證券,2024-05-02,7030
2891,中信金,42,7,35,致和證券,2024-05-02,7030
3481,群創,53,21,32,致和證券,2024-05-02,7030
2371,大同,41,15,26,致和證券,2024-05-02,7030
2409,友達,55,37,18,致和證券,2024-05-02,7030
4526,東台,18,1,17,致和證券,2024-05-02,7030
1733,五鼎,16,0,16,致和證券,2024-05-02,7030
00929,復華台灣科技優息,15,0,15,致和證券,2024-05-02,7030
6125,廣運,19,4,15,致和證券,2024-05-02,7030
1612,宏泰,16,3,13,致和證券,2024-05-02,7030
2330,台積電,12,0,12,致和證券,2024-05-02,7030
00715L,期街口布蘭特正2,12,0,12,致和證券,2024-05-02,7030
3037,欣興,12,0,12,致和證券,2024-05-02,7030
3105,穩懋,12,0,12,致和證券,2024-05-02,7030
2401,凌陽,12,1,11,致和證券,2024-05-02,7030
6276,安鈦克,11,0,11,致和證券,2024-05-02,7030
2354,鴻準,11,1,10,致和證券,2024-05-02,7030
3339,泰谷,10,0,10,致和證券,2024-05-02,7030
4157,太景*-KY,10,0,10,致和證券,2024-05-02,7030
2615,萬海,9,0,9,致和證券,2024-05-02,7030
00690,兆豐藍籌30,8,0,8,致和證券,2024-05-02,7030
1785,光洋科,9,1,8,致和證券,2024-05-02,7030
2363,矽統,15,8,7,致和證券,2024-05-02,7030
3622,洋華,7,0,7,致和證券,2024-05-02,7030
6223,旺矽,7,0,7,致和證券,2024-05-02,7030
1609,大亞,27,21,6,致和證券,2024-05-02,7030
1504,東元,6,0,6,致和證券,2024-05-02,7030
1605,華新,7,1,6,致和證券,2024-05-02,7030
2376,技嘉,6,0,6,致和證券,2024-05-02,7030
3438,類比科,6,0,6,致和證券,2024-05-02,7030
6116,彩晶,6,0,6,致和證券,2024-05-02,7030
6177,達麗,8,2,6,致和證券,2024-05-02,7030
00939,統一台灣高息動能,5,0,5,致和證券,2024-05-02,7030
2303,聯電,5,0,5,致和證券,2024-05-02,7030
3083,網龍,5,0,5,致和證券,2024-05-02,7030
3338,泰碩,8,3,5,致和證券,2024-05-02,7030
4906,正文,5,0,5,致和證券,2024-05-02,7030
6209,今國光,5,0,5,致和證券,2024-05-02,7030
8476,台境*,5,0,5,致和證券,2024-05-02,7030
0056,元大高股息,4,0,4,致和證券,2024-05-02,7030
3711,日月光投控,4,0,4,致和證券,2024-05-02,7030
1460,宏遠,4,0,4,致和證券,2024-05-02,7030
2509,全坤建,5,1,4,致和證券,2024-05-02,7030
2511,太子,5,1,4,致和證券,2024-05-02,7030
2883,凱基金,111,0,111,致和證券,2024-05-03,7030
6026,福邦證,100,0,100,致和證券,2024-05-03,7030
00664R,國泰臺灣加權反1,30,0,30,致和證券,2024-05-03,7030
3231,緯創,45,19,26,致和證券,2024-05-03,7030
2363,矽統,50,25,25,致和證券,2024-05-03,7030
00632R,元大台灣50反1,25,0,25,致和證券,2024-05-03,7030
1316,上曜,59,34,25,致和證券,2024-05-03,7030
8064,東捷,33,9,24,致和證券,2024-05-03,7030
2610,華航,35,12,23,致和證券,2024-05-03,7030
9945,潤泰新,24,1,23,致和證券,2024-05-03,7030
1608,華榮,31,8,23,致和證券,2024-05-03,7030
1440,南紡,33,11,22,致和證券,2024-05-03,7030
2887,台新金,23,3,20,致和證券,2024-05-03,7030
3706,神達,20,0,20,致和證券,2024-05-03,7030
2371,大同,73,56,17,致和證券,2024-05-03,7030
1582,信錦,41,26,15,致和證券,2024-05-03,7030
3622,洋華,14,0,14,致和證券,2024-05-03,7030
00933B,國泰10Y+金融債,12,0,12,致和證券,2024-05-03,7030
5009,榮剛,17,5,12,致和證券,2024-05-03,7030
1605,華新,12,1,11,致和證券,2024-05-03,7030
2705,六福,11,0,11,致和證券,2024-05-03,7030
4588,玖鼎電力,10,0,10,致和證券,2024-05-03,7030
8049,晶采,10,0,10,致和證券,2024-05-03,7030
1514,亞力,12,3,9,致和證券,2024-05-03,7030
2492,華新科,10,1,9,致和證券,2024-05-03,7030
5531,鄉林,8,0,8,致和證券,2024-05-03,7030
6712,長聖,8,0,8,致和證券,2024-05-03,7030
5230,雷笛克光學,7,0,7,致和證券,2024-05-03,7030
1612,宏泰,6,0,6,致和證券,2024-05-03,7030
2356,英業達,6,0,6,致和證券,2024-05-03,7030
2520,冠德,8,2,6,致和證券,2024-05-03,7030
3037,欣興,6,0,6,致和證券,2024-05-03,7030
3360,尚立,6,0,6,致和證券,2024-05-03,7030
3373,熱映,6,0,6,致和證券,2024-05-03,7030
6150,撼訊,6,0,6,致和證券,2024-05-03,7030
8054,安國,6,1,5,致和證券,2024-05-03,7030
00687B,國泰20年美債,5,0,5,致和證券,2024-05-03,7030
1103,嘉泥,5,0,5,致和證券,2024-05-03,7030
2355,敬鵬,5,0,5,致和證券,2024-05-03,7030
2617,台航,5,0,5,致和證券,2024-05-03,7030
3515,華擎,5,0,5,致和證券,2024-05-03,7030
6005,群益證,13,8,5,致和證券,2024-05-03,7030
6139,亞翔,16,11,5,致和證券,2024-05-03,7030
8488,吉源-KY,5,0,5,致和證券,2024-05-03,7030
9935,慶豐富,5,0,5,致和證券,2024-05-03,7030
00937B,群益ESG投等債20,11,7,4,致和證券,2024-05-03,7030
1785,光洋科,8,4,4,致和證券,2024-05-03,7030
2301,光寶科,5,1,4,致和證券,2024-05-03,7030
6661,威健生技,4,0,4,致和證券,2024-05-03,7030
1444,力麗,3,0,3,致和證券,2024-05-03,7030
2845,遠東銀,150,0,150,致和證券,2024-05-06,7030
2461,光群雷,60,0,60,致和證券,2024-05-06,7030
00929,復華台灣科技優息,42,0,42,致和證券,2024-05-06,7030
1314,中石化,50,20,30,致和證券,2024-05-06,7030
1605,華新,26,1,25,致和證券,2024-05-06,7030
3054,立萬利,21,0,21,致和證券,2024-05-06,7030
1316,上曜,27,9,18,致和證券,2024-05-06,7030
2449,京元電子,39,21,18,致和證券,2024-05-06,7030
00878,國泰永續高股息,18,1,17,致和證券,2024-05-06,7030
3362,先進光,17,0,17,致和證券,2024-05-06,7030
2538,基泰,16,0,16,致和證券,2024-05-06,7030
2809,京城銀,16,1,15,致和證券,2024-05-06,7030
1808,潤隆,12,0,12,致和證券,2024-05-06,7030
4142,國光生,12,0,12,致和證券,2024-05-06,7030
8488,吉源-KY,12,0,12,致和證券,2024-05-06,7030
3105,穩懋,11,0,11,致和證券,2024-05-06,7030
8936,國統,11,0,11,致和證券,2024-05-06,7030
00715L,期街口布蘭特正2,10,0,10,致和證券,2024-05-06,7030
1603,華電,10,0,10,致和證券,2024-05-06,7030
2883,凱基金,10,0,10,致和證券,2024-05-06,7030
3360,尚立,10,0,10,致和證券,2024-05-06,7030
4588,玖鼎電力,10,0,10,致和證券,2024-05-06,7030
1618,合機,10,1,9,致和證券,2024-05-06,7030
00915,凱基優選高股息30,8,0,8,致和證券,2024-05-06,7030
4303,信立,10,2,8,致和證券,2024-05-06,7030
8927,北基,8,0,8,致和證券,2024-05-06,7030
00931B,統一美債20年,10,3,7,致和證券,2024-05-06,7030
2356,英業達,7,0,7,致和證券,2024-05-06,7030
3540,曜越,7,0,7,致和證券,2024-05-06,7030
3211,順達,6,0,6,致和證券,2024-05-06,7030
8044,網家,6,0,6,致和證券,2024-05-06,7030
00795B,中信美國公債20年,5,0,5,致和證券,2024-05-06,7030
00650L,復華香港正2,10,5,5,致和證券,2024-05-06,7030
1102,亞泥,5,0,5,致和證券,2024-05-06,7030
2371,大同,21,16,5,致和證券,2024-05-06,7030
2491,吉祥全,5,0,5,致和證券,2024-05-06,7030
2634,漢翔,5,0,5,致和證券,2024-05-06,7030
3515,華擎,5,0,5,致和證券,2024-05-06,7030
4155,訊映,5,0,5,致和證券,2024-05-06,7030
4716,大立,5,0,5,致和證券,2024-05-06,7030
5512,力麒,10,5,5,致和證券,2024-05-06,7030
6916,華凌,5,0,5,致和證券,2024-05-06,7030
9945,潤泰新,8,3,5,致和證券,2024-05-06,7030
2352,佳世達,8,4,4,致和證券,2024-05-06,7030
2363,矽統,6,2,4,致和證券,2024-05-06,7030
2906,高林,4,0,4,致和證券,2024-05-06,7030
8215,明基材,4,0,4,致和證券,2024-05-06,7030
9933,中鼎,4,0,4,致和證券,2024-05-06,7030
1309,台達化,3,0,3,致和證券,2024-05-06,7030
00940,元大台灣價值高息,3,0,3,致和證券,2024-05-06,7030
2801,彰銀,2500,0,2500,致和證券,2024-05-07,7030
2002,中鋼,1813,1,1812,致和證券,2024-05-07,7030
2308,台達電,150,0,150,致和證券,2024-05-07,7030
2883,凱基金,104,0,104,致和證券,2024-05-07,7030
2330,台積電,50,5,45,致和證券,2024-05-07,7030
2884,玉山金,28,0,28,致和證券,2024-05-07,7030
8927,北基,27,0,27,致和證券,2024-05-07,7030
5009,榮剛,25,1,24,致和證券,2024-05-07,7030
2834,臺企銀,22,0,22,致和證券,2024-05-07,7030
3037,欣興,21,1,20,致和證券,2024-05-07,7030
1316,上曜,27,9,18,致和證券,2024-05-07,7030
2888,新光金,18,0,18,致和證券,2024-05-07,7030
00929,復華台灣科技優息,18,1,17,致和證券,2024-05-07,7030
5519,隆大,18,1,17,致和證券,2024-05-07,7030
2362,藍天,16,0,16,致和證券,2024-05-07,7030
3033,威健,24,8,16,致和證券,2024-05-07,7030
2634,漢翔,24,10,14,致和證券,2024-05-07,7030
2408,南亞科,49,37,12,致和證券,2024-05-07,7030
00679B,元大美債20年,12,0,12,致和證券,2024-05-07,7030
2363,矽統,13,2,11,致和證券,2024-05-07,7030
2383,台光電,11,0,11,致和證券,2024-05-07,7030
2511,太子,11,0,11,致和證券,2024-05-07,7030
3706,神達,11,0,11,致和證券,2024-05-07,7030
5202,力新,11,0,11,致和證券,2024-05-07,7030
9945,潤泰新,11,0,11,致和證券,2024-05-07,7030
3013,晟銘電,53,42,11,致和證券,2024-05-07,7030
00650L,復華香港正2,10,0,10,致和證券,2024-05-07,7030
2324,仁寶,10,0,10,致和證券,2024-05-07,7030
2546,根基,10,0,10,致和證券,2024-05-07,7030
3338,泰碩,12,2,10,致和證券,2024-05-07,7030
5512,力麒,10,0,10,致和證券,2024-05-07,7030
8088,品安,11,1,10,致和證券,2024-05-07,7030
2641,正德,9,0,9,致和證券,2024-05-07,7030
5531,鄉林,11,2,9,致和證券,2024-05-07,7030
8044,網家,9,0,9,致和證券,2024-05-07,7030
8112,至上,10,1,9,致和證券,2024-05-07,7030
1231,聯華食,8,0,8,致和證券,2024-05-07,7030
1808,潤隆,8,0,8,致和證券,2024-05-07,7030
2464,盟立,15,7,8,致和證券,2024-05-07,7030
2520,冠德,12,4,8,致和證券,2024-05-07,7030
6126,信音,8,0,8,致和證券,2024-05-07,7030
1101,台泥,7,0,7,致和證券,2024-05-07,7030
8215,明基材,7,0,7,致和證券,2024-05-07,7030
6531,愛普*,6,0,6,致和證券,2024-05-07,7030
00937B,群益ESG投等債20,6,0,6,致和證券,2024-05-07,7030
1615,大山,6,0,6,致和證券,2024-05-07,7030
3360,尚立,6,0,6,致和證券,2024-05-07,7030
3466,德晉,6,0,6,致和證券,2024-05-07,7030
6139,亞翔,7,1,6,致和證券,2024-05-07,7030
3231,緯創,10,4,6,致和證券,2024-05-07,7030
00940,元大台灣價值高息,201,2,199,致和證券,2024-05-08,7030
00929,復華台灣科技優息,101,0,101,致和證券,2024-05-08,7030
1609,大亞,84,26,58,致和證券,2024-05-08,7030
00688L,國泰20年美債正2,40,0,40,致和證券,2024-05-08,7030
1608,華榮,35,1,34,致和證券,2024-05-08,7030
2834,臺企銀,41,10,31,致和證券,2024-05-08,7030
2634,漢翔,33,7,26,致和證券,2024-05-08,7030
2637,慧洋-KY,25,4,21,致和證券,2024-05-08,7030
4588,玖鼎電力,21,0,21,致和證券,2024-05-08,7030
3059,華晶科,20,1,19,致和證券,2024-05-08,7030
1702,南僑,15,0,15,致和證券,2024-05-08,7030
8927,北基,15,0,15,致和證券,2024-05-08,7030
00679B,元大美債20年,12,0,12,致和證券,2024-05-08,7030
2913,農林,22,10,12,致和證券,2024-05-08,7030
3481,群創,32,20,12,致和證券,2024-05-08,7030
2603,長榮,11,0,11,致和證券,2024-05-08,7030
00945B,凱基美國非投等債,11,0,11,致和證券,2024-05-08,7030
00939,統一台灣高息動能,12,1,11,致和證券,2024-05-08,7030
00878,國泰永續高股息,11,0,11,致和證券,2024-05-08,7030
2204,中華,21,10,11,致和證券,2024-05-08,7030
2538,基泰,11,0,11,致和證券,2024-05-08,7030
4938,和碩,11,0,11,致和證券,2024-05-08,7030
6269,台郡,10,0,10,致和證券,2024-05-08,7030
00632R,元大台灣50反1,10,0,10,致和證券,2024-05-08,7030
00715L,期街口布蘭特正2,10,0,10,致和證券,2024-05-08,7030
2520,冠德,11,1,10,致和證券,2024-05-08,7030
4562,穎漢,9,0,9,致和證券,2024-05-08,7030
3036,文曄,9,1,8,致和證券,2024-05-08,7030
2365,昆盈,10,2,8,致和證券,2024-05-08,7030
2426,鼎元,8,0,8,致和證券,2024-05-08,7030
3306,鼎天,10,2,8,致和證券,2024-05-08,7030
8488,吉源-KY,8,0,8,致和證券,2024-05-08,7030
2331,精英,10,3,7,致和證券,2024-05-08,7030
00932,兆豐永續高息等權,6,0,6,致和證券,2024-05-08,7030
00882,中信中國高股息,5,0,5,致和證券,2024-05-08,7030
00941,中信上游半導體,5,0,5,致和證券,2024-05-08,7030
1326,台化,5,0,5,致和證券,2024-05-08,7030
1616,億泰,5,0,5,致和證券,2024-05-08,7030
1618,合機,16,11,5,致和證券,2024-05-08,7030
1713,國化,5,0,5,致和證券,2024-05-08,7030
3211,順達,5,0,5,致和證券,2024-05-08,7030
4716,大立,5,0,5,致和證券,2024-05-08,7030
6282,康舒,6,1,5,致和證券,2024-05-08,7030
8940,新天地,6,1,5,致和證券,2024-05-08,7030
2851,中再保,5,0,5,致和證券,2024-05-08,7030
2374,佳能,4,0,4,致和證券,2024-05-08,7030
1504,東元,9,5,4,致和證券,2024-05-08,7030
1587,吉茂,8,4,4,致和證券,2024-05-08,7030
3054,立萬利,4,0,4,致和證券,2024-05-08,7030
3540,曜越,4,0,4,致和證券,2024-05-08,7030
00664R,國泰臺灣加權反1,150,0,150,致和證券,2024-05-09,7030
2888,新光金,141,22,119,致和證券,2024-05-09,7030
2834,臺企銀,73,1,72,致和證券,2024-05-09,7030
00929,復華台灣科技優息,56,0,56,致和證券,2024-05-09,7030
2408,南亞科,21,0,21,致和證券,2024-05-09,7030
2020,美亞,20,0,20,致和證券,2024-05-09,7030
2601,益航,30,10,20,致和證券,2024-05-09,7030
6015,宏遠證,20,0,20,致和證券,2024-05-09,7030
00946,群益科技高息成長,19,0,19,致和證券,2024-05-09,7030
00937B,群益ESG投等債20,17,0,17,致和證券,2024-05-09,7030
5347,世界,16,0,16,致和證券,2024-05-09,7030
8112,至上,16,0,16,致和證券,2024-05-09,7030
8488,吉源-KY,16,0,16,致和證券,2024-05-09,7030
9904,寶成,16,1,15,致和證券,2024-05-09,7030
2002,中鋼,15,1,14,致和證券,2024-05-09,7030
2367,燿華,19,5,14,致和證券,2024-05-09,7030
2880,華南金,12,0,12,致和證券,2024-05-09,7030
2885,元大金,21,9,12,致和證券,2024-05-09,7030
2317,鴻海,30,19,11,致和證券,2024-05-09,7030
3041,揚智,17,6,11,致和證券,2024-05-09,7030
00632R,元大台灣50反1,10,0,10,致和證券,2024-05-09,7030
2017,官田鋼,10,0,10,致和證券,2024-05-09,7030
2538,基泰,10,0,10,致和證券,2024-05-09,7030
2548,華固,10,0,10,致和證券,2024-05-09,7030
4716,大立,10,0,10,致和證券,2024-05-09,7030
5880,合庫金,10,0,10,致和證券,2024-05-09,7030
3231,緯創,18,9,9,致和證券,2024-05-09,7030
2371,大同,58,49,9,致和證券,2024-05-09,7030
2427,三商電,10,1,9,致和證券,2024-05-09,7030
2501,國建,10,1,9,致和證券,2024-05-09,7030
6531,愛普*,8,0,8,致和證券,2024-05-09,7030
1815,富喬,34,26,8,致和證券,2024-05-09,7030
00915,凱基優選高股息30,7,0,7,致和證券,2024-05-09,7030
1314,中石化,31,24,7,致和證券,2024-05-09,7030
2383,台光電,7,0,7,致和證券,2024-05-09,7030
2520,冠德,7,0,7,致和證券,2024-05-09,7030
2610,華航,7,0,7,致和證券,2024-05-09,7030
3029,零壹,7,0,7,致和證券,2024-05-09,7030
5009,榮剛,15,8,7,致和證券,2024-05-09,7030
3036,文曄,15,9,6,致和證券,2024-05-09,7030
1515,力山,6,0,6,致和證券,2024-05-09,7030
1605,華新,7,1,6,致和證券,2024-05-09,7030
2204,中華,21,15,6,致和證券,2024-05-09,7030
2504,國產,6,0,6,致和證券,2024-05-09,7030
2704,國賓,6,0,6,致和證券,2024-05-09,7030
1582,信錦,5,0,5,致和證券,2024-05-09,7030
2363,矽統,9,4,5,致和證券,2024-05-09,7030
2374,佳能,5,0,5,致和證券,2024-05-09,7030
2376,技嘉,6,1,5,致和證券,2024-05-09,7030
2481,強茂,5,0,5,致和證券,2024-05-09,7030
00929,復華台灣科技優息,54,0,54,致和證券,2024-05-10,7030
2363,矽統,42,5,37,致和證券,2024-05-10,7030
00632R,元大台灣50反1,35,0,35,致和證券,2024-05-10,7030
00946,群益科技高息成長,32,0,32,致和證券,2024-05-10,7030
3362,先進光,29,0,29,致和證券,2024-05-10,7030
2371,大同,53,27,26,致和證券,2024-05-10,7030
8150,南茂,23,0,23,致和證券,2024-05-10,7030
00857B,永豐20年美公債,20,0,20,致和證券,2024-05-10,7030
2617,台航,20,0,20,致和證券,2024-05-10,7030
2888,新光金,19,0,19,致和證券,2024-05-10,7030
3054,立萬利,18,0,18,致和證券,2024-05-10,7030
4916,事欣科,17,0,17,致和證券,2024-05-10,7030
8112,至上,17,0,17,致和證券,2024-05-10,7030
2409,友達,58,42,16,致和證券,2024-05-10,7030
6661,威健生技,16,0,16,致和證券,2024-05-10,7030
1609,大亞,29,14,15,致和證券,2024-05-10,7030
1582,信錦,20,5,15,致和證券,2024-05-10,7030
8488,吉源-KY,14,0,14,致和證券,2024-05-10,7030
2201,裕隆,19,6,13,致和證券,2024-05-10,7030
1614,三洋電,12,0,12,致和證券,2024-05-10,7030
3710,連展投控,12,0,12,致和證券,2024-05-10,7030
2313,華通,12,1,11,致和證券,2024-05-10,7030
2323,中環,15,4,11,致和證券,2024-05-10,7030
2383,台光電,22,11,11,致和證券,2024-05-10,7030
5531,鄉林,11,0,11,致和證券,2024-05-10,7030
2511,太子,11,0,11,致和證券,2024-05-10,7030
2008,高興昌,10,0,10,致和證券,2024-05-10,7030
1605,華新,10,1,9,致和證券,2024-05-10,7030
3356,奇偶,9,0,9,致和證券,2024-05-10,7030
3576,聯合再生,9,0,9,致和證券,2024-05-10,7030
4977,眾達-KY,8,0,8,致和證券,2024-05-10,7030
6212,理銘,8,0,8,致和證券,2024-05-10,7030
9907,統一實,10,2,8,致和證券,2024-05-10,7030
8227,巨有科技,7,0,7,致和證券,2024-05-10,7030
2062,橋椿,7,0,7,致和證券,2024-05-10,7030
2501,國建,7,0,7,致和證券,2024-05-10,7030
3481,群創,7,0,7,致和證券,2024-05-10,7030
3013,晟銘電,11,5,6,致和證券,2024-05-10,7030
2705,六福,6,0,6,致和證券,2024-05-10,7030
6147,頎邦,6,0,6,致和證券,2024-05-10,7030
8072,陞泰,6,0,6,致和證券,2024-05-10,7030
8215,明基材,6,0,6,致和證券,2024-05-10,7030
00936,台新永續高息中小,5,0,5,致和證券,2024-05-10,7030
2204,中華,15,10,5,致和證券,2024-05-10,7030
2332,友訊,5,0,5,致和證券,2024-05-10,7030
2537,聯上發,10,5,5,致和證券,2024-05-10,7030
2538,基泰,5,0,5,致和證券,2024-05-10,7030
2801,彰銀,5,0,5,致和證券,2024-05-10,7030
3265,台星科,5,0,5,致和證券,2024-05-10,7030
6116,彩晶,5,0,5,致和證券,2024-05-10,7030
2867,三商壽,471,0,471,致和證券,2024-05-13,7030
00929,復華台灣科技優息,236,0,236,致和證券,2024-05-13,7030
3362,先進光,42,0,42,致和證券,2024-05-13,7030
2208,台船,40,0,40,致和證券,2024-05-13,7030
2461,光群雷,40,0,40,致和證券,2024-05-13,7030
1314,中石化,51,12,39,致和證券,2024-05-13,7030
1582,信錦,32,10,22,致和證券,2024-05-13,7030
2615,萬海,24,3,21,致和證券,2024-05-13,7030
00922,國泰台灣領袖50,20,0,20,致和證券,2024-05-13,7030
6727,亞泰金屬,20,0,20,致和證券,2024-05-13,7030
2634,漢翔,18,1,17,致和證券,2024-05-13,7030
3047,訊舟,20,6,14,致和證券,2024-05-13,7030
3036,文曄,14,1,13,致和證券,2024-05-13,7030
00715L,期街口布蘭特正2,14,2,12,致和證券,2024-05-13,7030
2891,中信金,12,0,12,致和證券,2024-05-13,7030
2618,長榮航,34,23,11,致和證券,2024-05-13,7030
2816,旺旺保,11,0,11,致和證券,2024-05-13,7030
4961,天鈺,11,0,11,致和證券,2024-05-13,7030
2371,大同,20,10,10,致和證券,2024-05-13,7030
1342,八貫,10,0,10,致和證券,2024-05-13,7030
00679B,元大美債20年,10,0,10,致和證券,2024-05-13,7030
00632R,元大台灣50反1,10,0,10,致和證券,2024-05-13,7030
00932,兆豐永續高息等權,10,0,10,致和證券,2024-05-13,7030
2883B,凱基金乙特,10,0,10,致和證券,2024-05-13,7030
2905,三商,10,0,10,致和證券,2024-05-13,7030
4526,東台,12,2,10,致和證券,2024-05-13,7030
6215,和椿,10,0,10,致和證券,2024-05-13,7030
9958,世紀鋼,10,0,10,致和證券,2024-05-13,7030
3260,威剛,19,10,9,致和證券,2024-05-13,7030
1101,台泥,15,6,9,致和證券,2024-05-13,7030
5222,全訊,9,0,9,致和證券,2024-05-13,7030
00937B,群益ESG投等債20,7,0,7,致和證券,2024-05-13,7030
2356,英業達,27,20,7,致和證券,2024-05-13,7030
1513,中興電,18,12,6,致和證券,2024-05-13,7030
2367,燿華,25,19,6,致和證券,2024-05-13,7030
2467,志聖,6,0,6,致和證券,2024-05-13,7030
3356,奇偶,6,0,6,致和證券,2024-05-13,7030
2317,鴻海,13,7,6,致和證券,2024-05-13,7030
00940,元大台灣價值高息,6,1,5,致和證券,2024-05-13,7030
2104,國際中橡,5,0,5,致和證券,2024-05-13,7030
2705,六福,5,0,5,致和證券,2024-05-13,7030
3016,嘉晶,5,0,5,致和證券,2024-05-13,7030
3054,立萬利,5,0,5,致和證券,2024-05-13,7030
3059,華晶科,10,5,5,致和證券,2024-05-13,7030
6223,旺矽,5,0,5,致和證券,2024-05-13,7030
1504,東元,5,1,4,致和證券,2024-05-13,7030
1608,華榮,6,2,4,致和證券,2024-05-13,7030
2344,華邦電,6,2,4,致和證券,2024-05-13,7030
2354,鴻準,4,0,4,致和證券,2024-05-13,7030
3037,欣興,4,0,4,致和證券,2024-05-13,7030
2883,凱基金,123,3,120,致和證券,2024-05-14,7030
00946,群益科技高息成長,100,0,100,致和證券,2024-05-14,7030
6695,芯鼎,38,2,36,致和證券,2024-05-14,7030
1582,信錦,36,10,26,致和證券,2024-05-14,7030
5880,合庫金,21,0,21,致和證券,2024-05-14,7030
1314,中石化,20,0,20,致和證券,2024-05-14,7030
3231,緯創,22,2,20,致和證券,2024-05-14,7030
2204,中華,24,8,16,致和證券,2024-05-14,7030
3362,先進光,14,0,14,致和證券,2024-05-14,7030
0056,元大高股息,15,2,13,致和證券,2024-05-14,7030
00929,復華台灣科技優息,13,0,13,致和證券,2024-05-14,7030
1614,三洋電,13,0,13,致和證券,2024-05-14,7030
2374,佳能,29,16,13,致和證券,2024-05-14,7030
5864,致和證,13,0,13,致和證券,2024-05-14,7030
1312,國喬,12,0,12,致和證券,2024-05-14,7030
2371,大同,23,11,12,致和證券,2024-05-14,7030
2890,永豐金,12,0,12,致和證券,2024-05-14,7030
9945,潤泰新,12,0,12,致和證券,2024-05-14,7030
2348,海悅,11,0,11,致和證券,2024-05-14,7030
3037,欣興,11,1,10,致和證券,2024-05-14,7030
00665L,富邦�琤肭磪囓�2,10,0,10,致和證券,2024-05-14,7030
00632R,元大台灣50反1,10,0,10,致和證券,2024-05-14,7030
00932,兆豐永續高息等權,10,0,10,致和證券,2024-05-14,7030
1101,台泥,11,2,9,致和證券,2024-05-14,7030
00878,國泰永續高股息,9,0,9,致和證券,2024-05-14,7030
1815,富喬,12,3,9,致和證券,2024-05-14,7030
5206,坤悅,9,0,9,致和證券,2024-05-14,7030
8488,吉源-KY,10,1,9,致和證券,2024-05-14,7030
2915,潤泰全,8,1,7,致和證券,2024-05-14,7030
2201,裕隆,6,0,6,致和證券,2024-05-14,7030
2618,長榮航,15,9,6,致和證券,2024-05-14,7030
3033,威健,6,0,6,致和證券,2024-05-14,7030
3276,宇環,6,0,6,致和證券,2024-05-14,7030
00733,富邦臺灣中小,5,0,5,致和證券,2024-05-14,7030
1342,八貫,5,0,5,致和證券,2024-05-14,7030
1326,台化,5,0,5,致和證券,2024-05-14,7030
2025,千興,5,0,5,致和證券,2024-05-14,7030
2344,華邦電,5,0,5,致和證券,2024-05-14,7030
2349,錸德,5,0,5,致和證券,2024-05-14,7030
3481,群創,11,6,5,致和證券,2024-05-14,7030
5515,建國,5,0,5,致和證券,2024-05-14,7030
6120,達運,5,0,5,致和證券,2024-05-14,7030
8299,群聯,5,0,5,致和證券,2024-05-14,7030
1612,宏泰,8,4,4,致和證券,2024-05-14,7030
2459,敦吉,4,0,4,致和證券,2024-05-14,7030
2867,三商壽,4,0,4,致和證券,2024-05-14,7030
2882,國泰金,6,2,4,致和證券,2024-05-14,7030
2885,元大金,4,0,4,致和證券,2024-05-14,7030
3013,晟銘電,4,0,4,致和證券,2024-05-14,7030
3049,精金,4,0,4,致和證券,2024-05-14,7030
2888,新光金,52,1,51,致和證券,2024-05-15,7030
2356,英業達,59,9,50,致和證券,2024-05-15,7030
2884,玉山金,50,0,50,致和證券,2024-05-15,7030
2867,三商壽,40,0,40,致和證券,2024-05-15,7030
3576,聯合再生,30,3,27,致和證券,2024-05-15,7030
1909,榮成,20,0,20,致和證券,2024-05-15,7030
3481,群創,22,2,20,致和證券,2024-05-15,7030
3501,維熹,18,0,18,致和證券,2024-05-15,7030
9907,統一實,16,1,15,致和證券,2024-05-15,7030
2324,仁寶,19,6,13,致和證券,2024-05-15,7030
00929,復華台灣科技優息,12,0,12,致和證券,2024-05-15,7030
2449,京元電子,12,0,12,致和證券,2024-05-15,7030
2609,陽明,32,20,12,致和證券,2024-05-15,7030
6125,廣運,28,16,12,致和證券,2024-05-15,7030
00937B,群益ESG投等債20,14,3,11,致和證券,2024-05-15,7030
3540,曜越,11,0,11,致和證券,2024-05-15,7030
1314,中石化,20,10,10,致和證券,2024-05-15,7030
00753L,中信中國50正2,10,0,10,致和證券,2024-05-15,7030
1815,富喬,10,0,10,致和證券,2024-05-15,7030
2801,彰銀,10,0,10,致和證券,2024-05-15,7030
3033,威健,14,4,10,致和證券,2024-05-15,7030
3287,廣寰科,10,0,10,致和證券,2024-05-15,7030
4588,玖鼎電力,10,0,10,致和證券,2024-05-15,7030
0056,元大高股息,13,3,10,致和證券,2024-05-15,7030
1514,亞力,9,0,9,致和證券,2024-05-15,7030
2607,榮運,8,0,8,致和證券,2024-05-15,7030
6770,力積電,8,0,8,致和證券,2024-05-15,7030
00713,元大台灣高息低波,7,0,7,致和證券,2024-05-15,7030
2641,正德,17,10,7,致和證券,2024-05-15,7030
2891,中信金,11,4,7,致和證券,2024-05-15,7030
2313,華通,6,0,6,致和證券,2024-05-15,7030
3360,尚立,6,0,6,致和證券,2024-05-15,7030
3362,先進光,6,0,6,致和證券,2024-05-15,7030
5871,中租-KY,11,5,6,致和證券,2024-05-15,7030
6207,雷科,8,2,6,致和證券,2024-05-15,7030
00882,中信中國高股息,5,0,5,致和證券,2024-05-15,7030
1611,中電,5,0,5,致和證券,2024-05-15,7030
2002,中鋼,5,0,5,致和證券,2024-05-15,7030
2208,台船,7,2,5,致和證券,2024-05-15,7030
2312,金寶,11,6,5,致和證券,2024-05-15,7030
2645,長榮航太,5,0,5,致和證券,2024-05-15,7030
3062,建漢,5,0,5,致和證券,2024-05-15,7030
3490,單井,5,0,5,致和證券,2024-05-15,7030
3686,達能,5,0,5,致和證券,2024-05-15,7030
3694,海華,5,0,5,致和證券,2024-05-15,7030
3701,大眾控,5,0,5,致和證券,2024-05-15,7030
5469,瀚宇博,6,1,5,致和證券,2024-05-15,7030
6179,亞通,5,0,5,致和證券,2024-05-15,7030
6223,旺矽,7,2,5,致和證券,2024-05-15,7030
1609,大亞,16,11,5,致和證券,2024-05-15,7030
1609,大亞,539,22,517,致和證券,2024-05-16,7030
00664R,國泰臺灣加權反1,130,0,130,致和證券,2024-05-16,7030
3231,緯創,60,2,58,致和證券,2024-05-16,7030
00680L,元大美債20正2,51,0,51,致和證券,2024-05-16,7030
2025,千興,30,0,30,致和證券,2024-05-16,7030
4973,廣穎,30,0,30,致和證券,2024-05-16,7030
2332,友訊,26,0,26,致和證券,2024-05-16,7030
2204,中華,21,0,21,致和證券,2024-05-16,7030
6153,嘉聯益,20,0,20,致和證券,2024-05-16,7030
4563,百德,18,0,18,致和證券,2024-05-16,7030
00946,群益科技高息成長,17,0,17,致和證券,2024-05-16,7030
2618,長榮航,22,6,16,致和證券,2024-05-16,7030
00878,國泰永續高股息,17,1,16,致和證券,2024-05-16,7030
1444,力麗,20,5,15,致和證券,2024-05-16,7030
8071,能率網通,14,0,14,致和證券,2024-05-16,7030
2201,裕隆,12,0,12,致和證券,2024-05-16,7030
9904,寶成,13,1,12,致和證券,2024-05-16,7030
1582,信錦,16,5,11,致和證券,2024-05-16,7030
1568,倉佑,10,0,10,致和證券,2024-05-16,7030
2006,東和鋼鐵,10,0,10,致和證券,2024-05-16,7030
8033,雷虎,10,0,10,致和證券,2024-05-16,7030
2365,昆盈,13,4,9,致和證券,2024-05-16,7030
8455,大拓-KY,9,0,9,致和證券,2024-05-16,7030
2882,國泰金,8,0,8,致和證券,2024-05-16,7030
4967,十銓,8,0,8,致和證券,2024-05-16,7030
5905,南仁湖,8,0,8,致和證券,2024-05-16,7030
2329,華泰,8,1,7,致和證券,2024-05-16,7030
2501,國建,7,0,7,致和證券,2024-05-16,7030
3714,富采,8,1,7,致和證券,2024-05-16,7030
5228,鈺鎧,7,0,7,致和證券,2024-05-16,7030
00679B,元大美債20年,6,0,6,致和證券,2024-05-16,7030
2408,南亞科,11,5,6,致和證券,2024-05-16,7030
6150,撼訊,9,3,6,致和證券,2024-05-16,7030
6727,亞泰金屬,6,0,6,致和證券,2024-05-16,7030
1409,新纖,5,0,5,致和證券,2024-05-16,7030
00933B,國泰10Y+金融債,5,0,5,致和證券,2024-05-16,7030
00885,富邦越南,5,0,5,致和證券,2024-05-16,7030
00720B,元大投資級公司債,5,0,5,致和證券,2024-05-16,7030
1591,駿吉-KY,10,5,5,致和證券,2024-05-16,7030
1784,訊聯,6,1,5,致和證券,2024-05-16,7030
1808,潤隆,5,0,5,致和證券,2024-05-16,7030
2352,佳世達,5,0,5,致和證券,2024-05-16,7030
2515,中工,38,33,5,致和證券,2024-05-16,7030
2903,遠百,5,0,5,致和證券,2024-05-16,7030
3050,鈺德,5,0,5,致和證券,2024-05-16,7030
3122,笙泉,5,0,5,致和證券,2024-05-16,7030
3490,單井,5,0,5,致和證券,2024-05-16,7030
5009,榮剛,6,1,5,致和證券,2024-05-16,7030
8299,群聯,5,0,5,致和證券,2024-05-16,7030
9935,慶豐富,10,5,5,致和證券,2024-05-16,7030
2331,精英,288,3,285,致和證券,2024-05-17,7030
00929,復華台灣科技優息,82,22,60,致和證券,2024-05-17,7030
00632R,元大台灣50反1,60,0,60,致和證券,2024-05-17,7030
2637,慧洋-KY,51,0,51,致和證券,2024-05-17,7030
6239,力成,50,0,50,致和證券,2024-05-17,7030
2489,瑞軒,72,30,42,致和證券,2024-05-17,7030
1733,五鼎,35,0,35,致和證券,2024-05-17,7030
3059,華晶科,49,15,34,致和證券,2024-05-17,7030
3362,先進光,36,3,33,致和證券,2024-05-17,7030
2409,友達,30,0,30,致和證券,2024-05-17,7030
2356,英業達,32,3,29,致和證券,2024-05-17,7030
2303,聯電,26,4,22,致和證券,2024-05-17,7030
4120,友華,21,0,21,致和證券,2024-05-17,7030
2002,中鋼,24,5,19,致和證券,2024-05-17,7030
2352,佳世達,18,0,18,致和證券,2024-05-17,7030
1785,光洋科,18,1,17,致和證券,2024-05-17,7030
2408,南亞科,26,10,16,致和證券,2024-05-17,7030
2349,錸德,20,4,16,致和證券,2024-05-17,7030
00712,復華富時不動產,15,0,15,致和證券,2024-05-17,7030
2204,中華,20,5,15,致和證券,2024-05-17,7030
2367,燿華,28,15,13,致和證券,2024-05-17,7030
8488,吉源-KY,13,0,13,致和證券,2024-05-17,7030
2101,南港,25,14,11,致和證券,2024-05-17,7030
2006,東和鋼鐵,10,0,10,致和證券,2024-05-17,7030
2401,凌陽,11,1,10,致和證券,2024-05-17,7030
6425,易發,10,0,10,致和證券,2024-05-17,7030
8927,北基,10,0,10,致和證券,2024-05-17,7030
2317,鴻海,12,3,9,致和證券,2024-05-17,7030
2301,光寶科,9,0,9,致和證券,2024-05-17,7030
2611,志信,11,2,9,致和證券,2024-05-17,7030
3535,晶彩科,15,6,9,致和證券,2024-05-17,7030
2323,中環,8,0,8,致和證券,2024-05-17,7030
6770,力積電,29,21,8,致和證券,2024-05-17,7030
4906,正文,7,0,7,致和證券,2024-05-17,7030
2324,仁寶,10,3,7,致和證券,2024-05-17,7030
1524,耿鼎,6,0,6,致和證券,2024-05-17,7030
3481,群創,6,0,6,致和證券,2024-05-17,7030
00937B,群益ESG投等債20,5,0,5,致和證券,2024-05-17,7030
2066,世德,5,0,5,致和證券,2024-05-17,7030
2801,彰銀,5,0,5,致和證券,2024-05-17,7030
3062,建漢,5,0,5,致和證券,2024-05-17,7030
3265,台星科,7,2,5,致和證券,2024-05-17,7030
3413,京鼎,5,0,5,致和證券,2024-05-17,7030
3622,洋華,5,0,5,致和證券,2024-05-17,7030
5531,鄉林,5,0,5,致和證券,2024-05-17,7030
6275,元山,5,0,5,致和證券,2024-05-17,7030
8104,錸寶,5,0,5,致和證券,2024-05-17,7030
1717,長興,5,1,4,致和證券,2024-05-17,7030
2020,美亞,4,0,4,致和證券,2024-05-17,7030
2745,五福,5,1,4,致和證券,2024-05-17,7030
1210,大成,100,0,100,致和證券,2024-05-20,7030
00857B,永豐20年美公債,51,0,51,致和證券,2024-05-20,7030
2349,錸德,40,2,38,致和證券,2024-05-20,7030
3362,先進光,34,0,34,致和證券,2024-05-20,7030
3260,威剛,30,1,29,致和證券,2024-05-20,7030
00712,復華富時不動產,33,5,28,致和證券,2024-05-20,7030
00929,復華台灣科技優息,44,17,27,致和證券,2024-05-20,7030
9928,中視,27,0,27,致和證券,2024-05-20,7030
00885,富邦越南,25,0,25,致和證券,2024-05-20,7030
2489,瑞軒,30,13,17,致和證券,2024-05-20,7030
2204,中華,16,0,16,致和證券,2024-05-20,7030
00937B,群益ESG投等債20,23,8,15,致和證券,2024-05-20,7030
6770,力積電,35,21,14,致和證券,2024-05-20,7030
1504,東元,12,0,12,致和證券,2024-05-20,7030
3037,欣興,12,0,12,致和證券,2024-05-20,7030
4120,友華,12,0,12,致和證券,2024-05-20,7030
8070,長華*,11,0,11,致和證券,2024-05-20,7030
00632R,元大台灣50反1,10,0,10,致和證券,2024-05-20,7030
2634,漢翔,20,10,10,致和證券,2024-05-20,7030
6425,易發,10,0,10,致和證券,2024-05-20,7030
6509,聚和,14,4,10,致和證券,2024-05-20,7030
6547,高端疫苗,10,0,10,致和證券,2024-05-20,7030
1609,大亞,135,127,8,致和證券,2024-05-20,7030
2356,英業達,20,12,8,致和證券,2024-05-20,7030
6834,天二科技,8,0,8,致和證券,2024-05-20,7030
8421,旭源,8,0,8,致和證券,2024-05-20,7030
2317,鴻海,12,4,8,致和證券,2024-05-20,7030
2329,華泰,9,2,7,致和證券,2024-05-20,7030
2618,長榮航,14,7,7,致和證券,2024-05-20,7030
3230,錦明,7,0,7,致和證券,2024-05-20,7030
6180,橘子,7,0,7,致和證券,2024-05-20,7030
2467,志聖,9,2,7,致和證券,2024-05-20,7030
00940,元大台灣價值高息,10,4,6,致和證券,2024-05-20,7030
3022,威強電,6,0,6,致和證券,2024-05-20,7030
3033,威健,6,0,6,致和證券,2024-05-20,7030
3490,單井,6,0,6,致和證券,2024-05-20,7030
3714,富采,7,1,6,致和證券,2024-05-20,7030
6117,迎廣,16,10,6,致和證券,2024-05-20,7030
6727,亞泰金屬,6,0,6,致和證券,2024-05-20,7030
9935,慶豐富,8,2,6,致和證券,2024-05-20,7030
5222,全訊,6,0,6,致和證券,2024-05-20,7030
00891,中信關鍵半導體,5,0,5,致和證券,2024-05-20,7030
00679B,元大美債20年,5,0,5,致和證券,2024-05-20,7030
1582,信錦,13,8,5,致和證券,2024-05-20,7030
1626,艾美特-KY,5,0,5,致和證券,2024-05-20,7030
1785,光洋科,9,4,5,致和證券,2024-05-20,7030
2367,燿華,34,29,5,致和證券,2024-05-20,7030
4526,東台,8,3,5,致和證券,2024-05-20,7030
5392,能率,5,0,5,致和證券,2024-05-20,7030
6207,雷科,5,0,5,致和證券,2024-05-20,7030
2834,臺企銀,111,0,111,致和證券,2024-05-21,7030
1210,大成,100,0,100,致和證券,2024-05-21,7030
2409,友達,38,0,38,致和證券,2024-05-21,7030
5864,致和證,33,1,32,致和證券,2024-05-21,7030
2867,三商壽,59,32,27,致和證券,2024-05-21,7030
2027,大成鋼,33,9,24,致和證券,2024-05-21,7030
2349,錸德,20,0,20,致和證券,2024-05-21,7030
00909,國泰數位支付服務,18,0,18,致和證券,2024-05-21,7030
00632R,元大台灣50反1,17,0,17,致和證券,2024-05-21,7030
00929,復華台灣科技優息,27,11,16,致和證券,2024-05-21,7030
2634,漢翔,16,1,15,致和證券,2024-05-21,7030
3501,維熹,15,0,15,致和證券,2024-05-21,7030
2312,金寶,18,4,14,致和證券,2024-05-21,7030
6153,嘉聯益,29,15,14,致和證券,2024-05-21,7030
2323,中環,33,20,13,致和證券,2024-05-21,7030
5392,能率,17,4,13,致和證券,2024-05-21,7030
6443,元晶,15,2,13,致和證券,2024-05-21,7030
00941,中信上游半導體,12,0,12,致和證券,2024-05-21,7030
4977,眾達-KY,12,0,12,致和證券,2024-05-21,7030
3036,文曄,13,2,11,致和證券,2024-05-21,7030
1504,東元,11,0,11,致和證券,2024-05-21,7030
6770,力積電,35,24,11,致和證券,2024-05-21,7030
1308,亞聚,10,0,10,致和證券,2024-05-21,7030
00665L,富邦�琤肭磪囓�2,10,0,10,致和證券,2024-05-21,7030
00712,復華富時不動產,10,0,10,致和證券,2024-05-21,7030
3483,力致,15,5,10,致和證券,2024-05-21,7030
4906,正文,11,1,10,致和證券,2024-05-21,7030
4961,天鈺,10,0,10,致和證券,2024-05-21,7030
3535,晶彩科,11,2,9,致和證券,2024-05-21,7030
2371,大同,28,20,8,致和證券,2024-05-21,7030
00878,國泰永續高股息,7,0,7,致和證券,2024-05-21,7030
4533,協易機,9,2,7,致和證券,2024-05-21,7030
00857B,永豐20年美公債,6,0,6,致和證券,2024-05-21,7030
2201,裕隆,6,0,6,致和證券,2024-05-21,7030
2357,華碩,6,0,6,致和證券,2024-05-21,7030
3049,精金,6,0,6,致和證券,2024-05-21,7030
6129,普誠,6,0,6,致和證券,2024-05-21,7030
9945,潤泰新,9,3,6,致和證券,2024-05-21,7030
5871,中租-KY,6,1,5,致和證券,2024-05-21,7030
1444,力麗,5,0,5,致和證券,2024-05-21,7030
00733,富邦臺灣中小,5,0,5,致和證券,2024-05-21,7030
00933B,國泰10Y+金融債,5,0,5,致和證券,2024-05-21,7030
2104,國際中橡,5,0,5,致和證券,2024-05-21,7030
2607,榮運,5,0,5,致和證券,2024-05-21,7030
2611,志信,5,0,5,致和證券,2024-05-21,7030
2801,彰銀,5,0,5,致和證券,2024-05-21,7030
2845,遠東銀,5,0,5,致和證券,2024-05-21,7030
3033,威健,6,1,5,致和證券,2024-05-21,7030
3622,洋華,5,0,5,致和證券,2024-05-21,7030
4526,東台,5,0,5,致和證券,2024-05-21,7030
6116,彩晶,114,11,103,致和證券,2024-05-22,7030
1210,大成,100,0,100,致和證券,2024-05-22,7030
2376,技嘉,40,5,35,致和證券,2024-05-22,7030
2369,菱生,33,3,30,致和證券,2024-05-22,7030
00943,兆豐電子高息等權,25,0,25,致和證券,2024-05-22,7030
00632R,元大台灣50反1,25,0,25,致和證券,2024-05-22,7030
2816,旺旺保,22,0,22,致和證券,2024-05-22,7030
00715L,期街口布蘭特正2,20,0,20,致和證券,2024-05-22,7030
00680L,元大美債20正2,20,0,20,致和證券,2024-05-22,7030
2634,漢翔,25,6,19,致和證券,2024-05-22,7030
2417,圓剛,16,0,16,致和證券,2024-05-22,7030
5351,鈺創,22,6,16,致和證券,2024-05-22,7030
5392,能率,20,4,16,致和證券,2024-05-22,7030
1608,華榮,16,1,15,致和證券,2024-05-22,7030
4976,佳凌,16,1,15,致和證券,2024-05-22,7030
6113,亞矽,15,0,15,致和證券,2024-05-22,7030
2329,華泰,16,2,14,致和證券,2024-05-22,7030
9928,中視,14,0,14,致和證券,2024-05-22,7030
6443,元晶,25,11,14,致和證券,2024-05-22,7030
4533,協易機,20,6,14,致和證券,2024-05-22,7030
2887,台新金,14,1,13,致和證券,2024-05-22,7030
2890,永豐金,23,10,13,致和證券,2024-05-22,7030
5009,榮剛,13,0,13,致和證券,2024-05-22,7030
2354,鴻準,19,7,12,致和證券,2024-05-22,7030
2515,中工,14,3,11,致和證券,2024-05-22,7030
3706,神達,34,23,11,致和證券,2024-05-22,7030
2884,玉山金,10,0,10,致和證券,2024-05-22,7030
2913,農林,15,5,10,致和證券,2024-05-22,7030
3437,榮創,10,0,10,致和證券,2024-05-22,7030
4961,天鈺,10,0,10,致和證券,2024-05-22,7030
6136,富爾特,10,0,10,致和證券,2024-05-22,7030
2337,旺宏,10,1,9,致和證券,2024-05-22,7030
3450,聯鈞,10,1,9,致和證券,2024-05-22,7030
6207,雷科,15,6,9,致和證券,2024-05-22,7030
9945,潤泰新,9,0,9,致和證券,2024-05-22,7030
2206,三陽工業,9,1,8,致和證券,2024-05-22,7030
2367,燿華,16,8,8,致和證券,2024-05-22,7030
6125,廣運,15,8,7,致和證券,2024-05-22,7030
6509,聚和,9,2,7,致和證券,2024-05-22,7030
8048,德勝,7,0,7,致和證券,2024-05-22,7030
2313,華通,6,0,6,致和證券,2024-05-22,7030
2355,敬鵬,6,0,6,致和證券,2024-05-22,7030
3325,旭品,6,0,6,致和證券,2024-05-22,7030
1303,南亞,6,1,5,致和證券,2024-05-22,7030
2630,亞航,5,0,5,致和證券,2024-05-22,7030
2109,華豐,5,0,5,致和證券,2024-05-22,7030
2235,謚源,5,0,5,致和證券,2024-05-22,7030
2362,藍天,5,0,5,致和證券,2024-05-22,7030
3062,建漢,5,0,5,致和證券,2024-05-22,7030
3305,昇貿,8,3,5,致和證券,2024-05-22,7030
00940,元大台灣價值高息,101,1,100,致和證券,2024-05-23,7030
1210,大成,100,0,100,致和證券,2024-05-23,7030
00885,富邦越南,40,0,40,致和證券,2024-05-23,7030
1802,台玻,38,0,38,致和證券,2024-05-23,7030
8234,新漢,35,0,35,致和證券,2024-05-23,7030
3059,華晶科,37,3,34,致和證券,2024-05-23,7030
00680L,元大美債20正2,30,0,30,致和證券,2024-05-23,7030
9928,中視,40,10,30,致和證券,2024-05-23,7030
1582,信錦,25,0,25,致和證券,2024-05-23,7030
1529,樂事綠能,23,0,23,致和證券,2024-05-23,7030
2834,臺企銀,23,0,23,致和證券,2024-05-23,7030
4120,友華,23,0,23,致和證券,2024-05-23,7030
1609,大亞,26,4,22,致和證券,2024-05-23,7030
00632R,元大台灣50反1,20,0,20,致和證券,2024-05-23,7030
00753L,中信中國50正2,20,0,20,致和證券,2024-05-23,7030
2206,三陽工業,23,3,20,致和證券,2024-05-23,7030
2316,楠梓電,20,0,20,致和證券,2024-05-23,7030
2705,六福,20,0,20,致和證券,2024-05-23,7030
2356,英業達,18,0,18,致和證券,2024-05-23,7030
6120,達運,18,0,18,致和證券,2024-05-23,7030
2020,美亞,14,0,14,致和證券,2024-05-23,7030
2401,凌陽,18,4,14,致和證券,2024-05-23,7030
00712,復華富時不動產,16,5,11,致和證券,2024-05-23,7030
2409,友達,21,10,11,致和證券,2024-05-23,7030
6150,撼訊,11,0,11,致和證券,2024-05-23,7030
6477,安集,11,0,11,致和證券,2024-05-23,7030
00929,復華台灣科技優息,13,3,10,致和證券,2024-05-23,7030
00930,永豐ESG低碳高息,10,0,10,致和證券,2024-05-23,7030
1517,利奇,10,0,10,致和證券,2024-05-23,7030
2449,京元電子,10,0,10,致和證券,2024-05-23,7030
2607,榮運,10,0,10,致和證券,2024-05-23,7030
3265,台星科,10,0,10,致和證券,2024-05-23,7030
4960,誠美材,10,0,10,致和證券,2024-05-23,7030
9945,潤泰新,9,0,9,致和證券,2024-05-23,7030
5871,中租-KY,8,0,8,致和證券,2024-05-23,7030
2363,矽統,9,1,8,致和證券,2024-05-23,7030
3022,威強電,8,0,8,致和證券,2024-05-23,7030
3625,西勝,8,0,8,致和證券,2024-05-23,7030
1516,川飛,9,2,7,致和證券,2024-05-23,7030
2314,台揚,7,0,7,致和證券,2024-05-23,7030
5443,均豪,7,0,7,致和證券,2024-05-23,7030
6113,亞矽,8,1,7,致和證券,2024-05-23,7030
6147,頎邦,7,0,7,致和證券,2024-05-23,7030
8488,吉源-KY,7,0,7,致和證券,2024-05-23,7030
00715L,期街口布蘭特正2,6,0,6,致和證券,2024-05-23,7030
1608,華榮,8,2,6,致和證券,2024-05-23,7030
2324,仁寶,14,8,6,致和證券,2024-05-23,7030
2353,宏��,58,52,6,致和證券,2024-05-23,7030
2617,台航,6,0,6,致和證券,2024-05-23,7030
3706,神達,8,2,6,致和證券,2024-05-23,7030
1609,大亞,542,21,521,致和證券,2024-05-24,7030
00712,復華富時不動產,66,0,66,致和證券,2024-05-24,7030
00940,元大台灣價值高息,110,60,50,致和證券,2024-05-24,7030
2610,華航,61,25,36,致和證券,2024-05-24,7030
00715L,期街口布蘭特正2,35,3,32,致和證券,2024-05-24,7030
00937B,群益ESG投等債20,22,0,22,致和證券,2024-05-24,7030
3481,群創,32,10,22,致和證券,2024-05-24,7030
2637,慧洋-KY,20,0,20,致和證券,2024-05-24,7030
6770,力積電,39,21,18,致和證券,2024-05-24,7030
2365,昆盈,21,4,17,致和證券,2024-05-24,7030
2634,漢翔,23,6,17,致和證券,2024-05-24,7030
00929,復華台灣科技優息,13,0,13,致和證券,2024-05-24,7030
4714,永捷,13,0,13,致和證券,2024-05-24,7030
00885,富邦越南,12,0,12,致和證券,2024-05-24,7030
2892,第一金,12,0,12,致和證券,2024-05-24,7030
2467,志聖,11,0,11,致和證券,2024-05-24,7030
6271,同欣電,11,0,11,致和證券,2024-05-24,7030
2303,聯電,35,24,11,致和證券,2024-05-24,7030
1529,樂事綠能,11,1,10,致和證券,2024-05-24,7030
1582,信錦,15,5,10,致和證券,2024-05-24,7030
00679B,元大美債20年,10,0,10,致和證券,2024-05-24,7030
2010,春源,10,0,10,致和證券,2024-05-24,7030
2329,華泰,10,0,10,致和證券,2024-05-24,7030
2495,普安,10,0,10,致和證券,2024-05-24,7030
3052,夆典,10,0,10,致和證券,2024-05-24,7030
3202,樺晟,10,0,10,致和證券,2024-05-24,7030
6133,金橋,10,0,10,致和證券,2024-05-24,7030
8050,廣積,12,2,10,致和證券,2024-05-24,7030
2615,萬海,13,4,9,致和證券,2024-05-24,7030
3294,英濟,9,0,9,致和證券,2024-05-24,7030
3706,神達,32,23,9,致和證券,2024-05-24,7030
5871,中租-KY,10,1,9,致和證券,2024-05-24,7030
6163,華電網,9,0,9,致和證券,2024-05-24,7030
9928,中視,9,0,9,致和證券,2024-05-24,7030
3419,譁裕,8,0,8,致和證券,2024-05-24,7030
8390,金益鼎,8,0,8,致和證券,2024-05-24,7030
00933B,國泰10Y+金融債,7,0,7,致和證券,2024-05-24,7030
1815,富喬,32,25,7,致和證券,2024-05-24,7030
2352,佳世達,7,0,7,致和證券,2024-05-24,7030
4906,正文,7,0,7,致和證券,2024-05-24,7030
00919,群益台灣精選高息,11,5,6,致和證券,2024-05-24,7030
2002,中鋼,8,2,6,致和證券,2024-05-24,7030
2867,三商壽,6,0,6,致和證券,2024-05-24,7030
8215,明基材,6,0,6,致和證券,2024-05-24,7030
2354,鴻準,6,1,5,致和證券,2024-05-24,7030
2888,新光金,10,5,5,致和證券,2024-05-24,7030
4142,國光生,5,0,5,致和證券,2024-05-24,7030
4960,誠美材,5,0,5,致和證券,2024-05-24,7030
6244,茂迪,5,0,5,致和證券,2024-05-24,7030
6790,永豐實,5,0,5,致和證券,2024-05-24,7030
00940,元大台灣價值高息,84,14,70,致和證券,2024-05-27,7030
00632R,元大台灣50反1,60,0,60,致和證券,2024-05-27,7030
2367,燿華,93,33,60,致和證券,2024-05-27,7030
1101,台泥,40,2,38,致和證券,2024-05-27,7030
00946,群益科技高息成長,31,0,31,致和證券,2024-05-27,7030
2363,矽統,43,18,25,致和證券,2024-05-27,7030
2615,萬海,27,5,22,致和證券,2024-05-27,7030
1584,精剛,21,0,21,致和證券,2024-05-27,7030
6153,嘉聯益,20,0,20,致和證券,2024-05-27,7030
9928,中視,18,0,18,致和證券,2024-05-27,7030
2002,中鋼,17,1,16,致和證券,2024-05-27,7030
9105,泰金寶-DR,15,0,15,致和證券,2024-05-27,7030
00937B,群益ESG投等債20,13,0,13,致和證券,2024-05-27,7030
2883,凱基金,15,2,13,致和證券,2024-05-27,7030
00933B,國泰10Y+金融債,11,0,11,致和證券,2024-05-27,7030
2034,允強,11,0,11,致和證券,2024-05-27,7030
2614,東森,10,0,10,致和證券,2024-05-27,7030
8070,長華*,10,0,10,致和證券,2024-05-27,7030
00679B,元大美債20年,11,2,9,致和證券,2024-05-27,7030
2352,佳世達,9,0,9,致和證券,2024-05-27,7030
2609,陽明,18,10,8,致和證券,2024-05-27,7030
2634,漢翔,11,3,8,致和證券,2024-05-27,7030
00885,富邦越南,7,0,7,致和證券,2024-05-27,7030
2409,友達,14,7,7,致和證券,2024-05-27,7030
3047,訊舟,37,30,7,致和證券,2024-05-27,7030
6230,尼得科超眾,7,0,7,致和證券,2024-05-27,7030
1522,堤維西,6,0,6,致和證券,2024-05-27,7030
00882,中信中國高股息,6,0,6,致和證券,2024-05-27,7030
2401,凌陽,9,3,6,致和證券,2024-05-27,7030
3033,威健,8,2,6,致和證券,2024-05-27,7030
1314,中石化,5,0,5,致和證券,2024-05-27,7030
1796,金穎生技,5,0,5,致和證券,2024-05-27,7030
2323,中環,5,0,5,致和證券,2024-05-27,7030
2371,大同,17,12,5,致和證券,2024-05-27,7030
2428,興勤,5,0,5,致和證券,2024-05-27,7030
2478,大毅,5,0,5,致和證券,2024-05-27,7030
2515,中工,5,0,5,致和證券,2024-05-27,7030
2538,基泰,5,0,5,致和證券,2024-05-27,7030
3162,精確,5,0,5,致和證券,2024-05-27,7030
6163,華電網,5,0,5,致和證券,2024-05-27,7030
6207,雷科,22,17,5,致和證券,2024-05-27,7030
6214,精誠,5,0,5,致和證券,2024-05-27,7030
8403,盛弘,5,0,5,致和證券,2024-05-27,7030
9945,潤泰新,5,0,5,致和證券,2024-05-27,7030
2022,聚亨,5,0,5,致和證券,2024-05-27,7030
2516,新建,4,0,4,致和證券,2024-05-27,7030
2596,綠意,4,0,4,致和證券,2024-05-27,7030
2812,台中銀,4,0,4,致和證券,2024-05-27,7030
3338,泰碩,8,4,4,致和證券,2024-05-27,7030
3710,連展投控,4,0,4,致和證券,2024-05-27,7030
2882,國泰金,50,9,41,致和證券,2024-05-28,7030
2344,華邦電,52,14,38,致和證券,2024-05-28,7030
2618,長榮航,39,1,38,致和證券,2024-05-28,7030
00632R,元大台灣50反1,30,0,30,致和證券,2024-05-28,7030
00946,群益科技高息成長,30,0,30,致和證券,2024-05-28,7030
4157,太景*-KY,30,0,30,致和證券,2024-05-28,7030
00937B,群益ESG投等債20,25,4,21,致和證券,2024-05-28,7030
5512,力麒,18,0,18,致和證券,2024-05-28,7030
5608,四維航,18,4,14,致和證券,2024-05-28,7030
00933B,國泰10Y+金融債,13,0,13,致和證券,2024-05-28,7030
2891,中信金,15,2,13,致和證券,2024-05-28,7030
3062,建漢,12,0,12,致和證券,2024-05-28,7030
6578,達邦蛋白,12,0,12,致和證券,2024-05-28,7030
3499,環天科,11,0,11,致和證券,2024-05-28,7030
6661,威健生技,11,0,11,致和證券,2024-05-28,7030
1210,大成,10,0,10,致和證券,2024-05-28,7030
0056,元大高股息,15,5,10,致和證券,2024-05-28,7030
2383,台光電,12,2,10,致和證券,2024-05-28,7030
3178,公準,10,0,10,致和證券,2024-05-28,7030
9928,中視,26,17,9,致和證券,2024-05-28,7030
2363,矽統,16,7,9,致和證券,2024-05-28,7030
1513,中興電,26,18,8,致和證券,2024-05-28,7030
1453,大將,8,0,8,致和證券,2024-05-28,7030
2405,輔信,15,7,8,致和證券,2024-05-28,7030
2867,三商壽,22,14,8,致和證券,2024-05-28,7030
3202,樺晟,10,2,8,致和證券,2024-05-28,7030
5243,乙盛-KY,8,0,8,致和證券,2024-05-28,7030
1609,大亞,20,13,7,致和證券,2024-05-28,7030
2353,宏��,14,7,7,致和證券,2024-05-28,7030
3054,立萬利,7,0,7,致和證券,2024-05-28,7030
3712,永崴投控,8,1,7,致和證券,2024-05-28,7030
2888,新光金,6,0,6,致和證券,2024-05-28,7030
5471,松翰,6,0,6,致和證券,2024-05-28,7030
6223,旺矽,7,1,6,致和證券,2024-05-28,7030
2349,錸德,10,5,5,致和證券,2024-05-28,7030
00712,復華富時不動產,5,0,5,致和證券,2024-05-28,7030
00642U,期元大S＆P石油,5,0,5,致和證券,2024-05-28,7030
2464,盟立,13,8,5,致和證券,2024-05-28,7030
2634,漢翔,9,4,5,致和證券,2024-05-28,7030
3163,波若威,5,0,5,致和證券,2024-05-28,7030
3481,群創,7,2,5,致和證券,2024-05-28,7030
8076,伍豐,5,0,5,致和證券,2024-05-28,7030
9907,統一實,8,3,5,致和證券,2024-05-28,7030
9935,慶豐富,5,0,5,致和證券,2024-05-28,7030
2317,鴻海,8,4,4,致和證券,2024-05-28,7030
00940,元大台灣價值高息,4,0,4,致和證券,2024-05-28,7030
00720B,元大投資級公司債,4,0,4,致和證券,2024-05-28,7030
00882,中信中國高股息,4,0,4,致和證券,2024-05-28,7030
2308,台達電,4,0,4,致和證券,2024-05-28,7030
2609,陽明,15,11,4,致和證券,2024-05-28,7030
1314,中石化,120,0,120,致和證券,2024-05-29,7030
2888,新光金,135,35,100,致和證券,2024-05-29,7030
00940,元大台灣價值高息,100,5,95,致和證券,2024-05-29,7030
00679B,元大美債20年,80,3,77,致和證券,2024-05-29,7030
2376,技嘉,58,4,54,致和證券,2024-05-29,7030
00664R,國泰臺灣加權反1,50,0,50,致和證券,2024-05-29,7030
00937B,群益ESG投等債20,45,0,45,致和證券,2024-05-29,7030
3062,建漢,98,55,43,致和證券,2024-05-29,7030
3231,緯創,40,4,36,致和證券,2024-05-29,7030
2489,瑞軒,70,35,35,致和證券,2024-05-29,7030
00753L,中信中國50正2,30,0,30,致和證券,2024-05-29,7030
2883,凱基金,29,0,29,致和證券,2024-05-29,7030
6153,嘉聯益,30,3,27,致和證券,2024-05-29,7030
2409,友達,32,6,26,致和證券,2024-05-29,7030
2618,長榮航,26,1,25,致和證券,2024-05-29,7030
2367,燿華,46,23,23,致和證券,2024-05-29,7030
2419,仲琦,24,2,22,致和證券,2024-05-29,7030
1529,樂事綠能,20,0,20,致和證券,2024-05-29,7030
3535,晶彩科,21,1,20,致和證券,2024-05-29,7030
00878,國泰永續高股息,19,0,19,致和證券,2024-05-29,7030
3481,群創,45,27,18,致和證券,2024-05-29,7030
00933B,國泰10Y+金融債,18,0,18,致和證券,2024-05-29,7030
3380,明泰,21,5,16,致和證券,2024-05-29,7030
9928,中視,22,6,16,致和證券,2024-05-29,7030
1584,精剛,15,0,15,致和證券,2024-05-29,7030
00882,中信中國高股息,14,0,14,致和證券,2024-05-29,7030
2303,聯電,28,14,14,致和證券,2024-05-29,7030
3499,環天科,13,0,13,致和證券,2024-05-29,7030
00676R,富邦臺灣加權反1,12,0,12,致和證券,2024-05-29,7030
2337,旺宏,12,0,12,致和證券,2024-05-29,7030
2353,宏��,14,3,11,致和證券,2024-05-29,7030
00687B,國泰20年美債,11,0,11,致和證券,2024-05-29,7030
1582,信錦,21,10,11,致和證券,2024-05-29,7030
2881,富邦金,11,0,11,致和證券,2024-05-29,7030
4526,東台,15,4,11,致和證券,2024-05-29,7030
8044,網家,11,0,11,致和證券,2024-05-29,7030
2891,中信金,12,1,11,致和證券,2024-05-29,7030
1210,大成,10,0,10,致和證券,2024-05-29,7030
2302,麗正,10,0,10,致和證券,2024-05-29,7030
3041,揚智,10,0,10,致和證券,2024-05-29,7030
6133,金橋,11,1,10,致和證券,2024-05-29,7030
6438,迅得,10,0,10,致和證券,2024-05-29,7030
3048,益登,11,2,9,致和證券,2024-05-29,7030
6166,凌華,10,1,9,致和證券,2024-05-29,7030
2880,華南金,8,0,8,致和證券,2024-05-29,7030
2421,建準,8,0,8,致和證券,2024-05-29,7030
2601,益航,10,2,8,致和證券,2024-05-29,7030
2610,華航,51,43,8,致和證券,2024-05-29,7030
2882,國泰金,8,0,8,致和證券,2024-05-29,7030
2886,兆豐金,7,0,7,致和證券,2024-05-29,7030
00712,復華富時不動產,131,0,131,致和證券,2024-05-30,7030
00679B,元大美債20年,73,1,72,致和證券,2024-05-30,7030
00885,富邦越南,70,0,70,致和證券,2024-05-30,7030
1733,五鼎,60,0,60,致和證券,2024-05-30,7030
1815,富喬,75,23,52,致和證券,2024-05-30,7030
1303,南亞,50,0,50,致和證券,2024-05-30,7030
00929,復華台灣科技優息,48,5,43,致和證券,2024-05-30,7030
00940,元大台灣價值高息,35,0,35,致和證券,2024-05-30,7030
00937B,群益ESG投等債20,26,1,25,致和證券,2024-05-30,7030
1785,光洋科,51,26,25,致和證券,2024-05-30,7030
3265,台星科,25,0,25,致和證券,2024-05-30,7030
2834,臺企銀,65,43,22,致和證券,2024-05-30,7030
1802,台玻,20,0,20,致和證券,2024-05-30,7030
2002,中鋼,17,0,17,致和證券,2024-05-30,7030
8488,吉源-KY,17,0,17,致和證券,2024-05-30,7030
1536,和大,17,1,16,致和證券,2024-05-30,7030
6117,迎廣,20,5,15,致和證券,2024-05-30,7030
2801,彰銀,15,0,15,致和證券,2024-05-30,7030
3037,欣興,15,0,15,致和證券,2024-05-30,7030
4533,協易機,34,20,14,致和證券,2024-05-30,7030
2328,廣宇,16,2,14,致和證券,2024-05-30,7030
3481,群創,24,11,13,致和證券,2024-05-30,7030
2405,輔信,23,10,13,致和證券,2024-05-30,7030
2891,中信金,12,0,12,致和證券,2024-05-30,7030
00632R,元大台灣50反1,11,0,11,致和證券,2024-05-30,7030
0056,元大高股息,11,0,11,致和證券,2024-05-30,7030
4526,東台,15,4,11,致和證券,2024-05-30,7030
6116,彩晶,21,10,11,致和證券,2024-05-30,7030
2382,廣達,12,2,10,致和證券,2024-05-30,7030
00857B,永豐20年美公債,10,0,10,致和證券,2024-05-30,7030
00895,富邦未來車,10,0,10,致和證券,2024-05-30,7030
1210,大成,10,0,10,致和證券,2024-05-30,7030
2324,仁寶,10,0,10,致和證券,2024-05-30,7030
2408,南亞科,10,0,10,致和證券,2024-05-30,7030
2705,六福,10,0,10,致和證券,2024-05-30,7030
2890,永豐金,10,0,10,致和證券,2024-05-30,7030
2897,王道銀行,10,0,10,致和證券,2024-05-30,7030
3036,文曄,12,2,10,致和證券,2024-05-30,7030
3625,西勝,10,0,10,致和證券,2024-05-30,7030
6026,福邦證,10,0,10,致和證券,2024-05-30,7030
6163,華電網,10,0,10,致和證券,2024-05-30,7030
8291,尚茂,10,0,10,致和證券,2024-05-30,7030
2201,裕隆,9,0,9,致和證券,2024-05-30,7030
2356,英業達,10,1,9,致和證券,2024-05-30,7030
5009,榮剛,9,0,9,致和證券,2024-05-30,7030
00939,統一台灣高息動能,8,0,8,致和證券,2024-05-30,7030
8071,能率網通,8,0,8,致和證券,2024-05-30,7030
00915,凱基優選高股息30,7,0,7,致和證券,2024-05-30,7030
1605,華新,7,0,7,致和證券,2024-05-30,7030
2314,台揚,7,0,7,致和證券,2024-05-30,7030
2489,瑞軒,109,0,109,致和證券,2024-05-31,7030
00929,復華台灣科技優息,63,0,63,致和證券,2024-05-31,7030
1785,光洋科,63,3,60,致和證券,2024-05-31,7030
2609,陽明,82,51,31,致和證券,2024-05-31,7030
3037,欣興,32,1,31,致和證券,2024-05-31,7030
1444,力麗,30,0,30,致和證券,2024-05-31,7030
2409,友達,30,0,30,致和證券,2024-05-31,7030
2474,可成,30,1,29,致和證券,2024-05-31,7030
2317,鴻海,29,2,27,致和證券,2024-05-31,7030
2548,華固,22,0,22,致和證券,2024-05-31,7030
3231,緯創,25,5,20,致和證券,2024-05-31,7030
2303,聯電,25,5,20,致和證券,2024-05-31,7030
1210,大成,20,0,20,致和證券,2024-05-31,7030
8291,尚茂,20,0,20,致和證券,2024-05-31,7030
9928,中視,26,9,17,致和證券,2024-05-31,7030
00940,元大台灣價值高息,17,1,16,致和證券,2024-05-31,7030
6770,力積電,49,33,16,致和證券,2024-05-31,7030
8488,吉源-KY,16,0,16,致和證券,2024-05-31,7030
00715L,期街口布蘭特正2,15,0,15,致和證券,2024-05-31,7030
1802,台玻,29,14,15,致和證券,2024-05-31,7030
3265,台星科,15,0,15,致和證券,2024-05-31,7030
2017,官田鋼,14,0,14,致和證券,2024-05-31,7030
00712,復華富時不動產,12,0,12,致和證券,2024-05-31,7030
2610,華航,24,12,12,致和證券,2024-05-31,7030
00936,台新永續高息中小,11,0,11,致和證券,2024-05-31,7030
1584,精剛,11,0,11,致和證券,2024-05-31,7030
2014,中鴻,13,2,11,致和證券,2024-05-31,7030
2330,台積電,11,0,11,致和證券,2024-05-31,7030
00664R,國泰臺灣加權反1,10,0,10,致和證券,2024-05-31,7030
2883B,凱基金乙特,10,0,10,致和證券,2024-05-31,7030
6187,萬潤,10,0,10,致和證券,2024-05-31,7030
2027,大成鋼,9,0,9,致和證券,2024-05-31,7030
2353,宏��,13,4,9,致和證券,2024-05-31,7030
5347,世界,11,2,9,致和證券,2024-05-31,7030
6150,撼訊,9,0,9,致和證券,2024-05-31,7030
6176,瑞儀,8,0,8,致和證券,2024-05-31,7030
00919,群益台灣精選高息,7,0,7,致和證券,2024-05-31,7030
1445,大宇,7,0,7,致和證券,2024-05-31,7030
00937B,群益ESG投等債20,10,3,7,致和證券,2024-05-31,7030
2324,仁寶,11,4,7,致和證券,2024-05-31,7030
2464,盟立,21,14,7,致和證券,2024-05-31,7030
3028,增你強,7,0,7,致和證券,2024-05-31,7030
3034,聯詠,7,0,7,致和證券,2024-05-31,7030
3338,泰碩,8,1,7,致和證券,2024-05-31,7030
4968,立積,7,0,7,致和證券,2024-05-31,7030
5228,鈺鎧,7,0,7,致和證券,2024-05-31,7030
8477,創業家,7,0,7,致和證券,2024-05-31,7030
2382,廣達,7,0,7,致和證券,2024-05-31,7030
2401,凌陽,29,23,6,致和證券,2024-05-31,7030
2405,輔信,16,10,6,致和證券,2024-05-31,7030
2618,長榮航,132,3,129,致和證券,2024-06-03,7030
00929,復華台灣科技優息,75,17,58,致和證券,2024-06-03,7030
1785,光洋科,44,0,44,致和證券,2024-06-03,7030
3481,群創,44,0,44,致和證券,2024-06-03,7030
2888,新光金,102,74,28,致和證券,2024-06-03,7030
00919,群益台灣精選高息,27,0,27,致和證券,2024-06-03,7030
6220,岳豐,25,0,25,致和證券,2024-06-03,7030
2324,仁寶,27,3,24,致和證券,2024-06-03,7030
1529,樂事綠能,20,0,20,致和證券,2024-06-03,7030
00664R,國泰臺灣加權反1,20,0,20,致和證券,2024-06-03,7030
00650L,復華香港正2,20,0,20,致和證券,2024-06-03,7030
2014,中鴻,20,0,20,致和證券,2024-06-03,7030
2637,慧洋-KY,20,0,20,致和證券,2024-06-03,7030
3354,律勝,20,0,20,致和證券,2024-06-03,7030
2201,裕隆,18,0,18,致和證券,2024-06-03,7030
3062,建漢,17,0,17,致和證券,2024-06-03,7030
4722,國精化,16,0,16,致和證券,2024-06-03,7030
8488,吉源-KY,15,0,15,致和證券,2024-06-03,7030
2303,聯電,18,4,14,致和證券,2024-06-03,7030
00918,大華優利高填息30,13,0,13,致和證券,2024-06-03,7030
1584,精剛,13,0,13,致和證券,2024-06-03,7030
3041,揚智,13,0,13,致和證券,2024-06-03,7030
9928,中視,23,10,13,致和證券,2024-06-03,7030
2356,英業達,16,4,12,致和證券,2024-06-03,7030
8936,國統,12,0,12,致和證券,2024-06-03,7030
1609,大亞,16,5,11,致和證券,2024-06-03,7030
2382,廣達,16,5,11,致和證券,2024-06-03,7030
2408,南亞科,11,0,11,致和證券,2024-06-03,7030
6698,旭暉應材,12,1,11,致和證券,2024-06-03,7030
1314,中石化,20,10,10,致和證券,2024-06-03,7030
1210,大成,10,0,10,致和證券,2024-06-03,7030
2020,美亞,10,0,10,致和證券,2024-06-03,7030
2313,華通,10,0,10,致和證券,2024-06-03,7030
2495,普安,10,0,10,致和證券,2024-06-03,7030
3437,榮創,10,0,10,致和證券,2024-06-03,7030
3712,永崴投控,10,0,10,致和證券,2024-06-03,7030
4157,太景*-KY,10,0,10,致和證券,2024-06-03,7030
5488,松普,10,0,10,致和證券,2024-06-03,7030
6770,力積電,11,1,10,致和證券,2024-06-03,7030
2449,京元電子,10,1,9,致和證券,2024-06-03,7030
2353,宏��,19,10,9,致和證券,2024-06-03,7030
6177,達麗,9,0,9,致和證券,2024-06-03,7030
00715L,期街口布蘭特正2,8,0,8,致和證券,2024-06-03,7030
00830,國泰費城半導體,8,0,8,致和證券,2024-06-03,7030
2354,鴻準,16,8,8,致和證券,2024-06-03,7030
2363,矽統,21,13,8,致和證券,2024-06-03,7030
2412,中華電,8,0,8,致和證券,2024-06-03,7030
6552,易華電,8,0,8,致和證券,2024-06-03,7030
8227,巨有科技,8,0,8,致和證券,2024-06-03,7030
2337,旺宏,7,0,7,致和證券,2024-06-03,7030
2537,聯上發,246,8,238,致和證券,2024-06-04,7030
2489,瑞軒,206,28,178,致和證券,2024-06-04,7030
00929,復華台灣科技優息,69,0,69,致和證券,2024-06-04,7030
6163,華電網,65,1,64,致和證券,2024-06-04,7030
00753L,中信中國50正2,55,0,55,致和證券,2024-06-04,7030
3362,先進光,49,0,49,致和證券,2024-06-04,7030
00919,群益台灣精選高息,42,0,42,致和證券,2024-06-04,7030
00918,大華優利高填息30,37,0,37,致和證券,2024-06-04,7030
00715L,期街口布蘭特正2,33,0,33,致和證券,2024-06-04,7030
2344,華邦電,31,0,31,致和證券,2024-06-04,7030
2312,金寶,48,19,29,致和證券,2024-06-04,7030
1802,台玻,32,7,25,致和證券,2024-06-04,7030
2317,鴻海,25,2,23,致和證券,2024-06-04,7030
3062,建漢,22,0,22,致和證券,2024-06-04,7030
00650L,復華香港正2,20,0,20,致和證券,2024-06-04,7030
1301,台塑,20,0,20,致和證券,2024-06-04,7030
1444,力麗,20,0,20,致和證券,2024-06-04,7030
3354,律勝,22,2,20,致和證券,2024-06-04,7030
6220,岳豐,20,0,20,致和證券,2024-06-04,7030
2324,仁寶,28,9,19,致和證券,2024-06-04,7030
1605,華新,17,1,16,致和證券,2024-06-04,7030
2618,長榮航,17,2,15,致和證券,2024-06-04,7030
1325,恆大,14,0,14,致和證券,2024-06-04,7030
00936,台新永續高息中小,14,0,14,致和證券,2024-06-04,7030
2354,鴻準,21,7,14,致和證券,2024-06-04,7030
6770,力積電,34,20,14,致和證券,2024-06-04,7030
00679B,元大美債20年,20,7,13,致和證券,2024-06-04,7030
4967,十銓,27,14,13,致和證券,2024-06-04,7030
2328,廣宇,13,0,13,致和證券,2024-06-04,7030
2363,矽統,16,4,12,致和證券,2024-06-04,7030
2603,長榮,12,0,12,致和證券,2024-06-04,7030
3224,三顧,12,0,12,致和證券,2024-06-04,7030
5228,鈺鎧,12,0,12,致和證券,2024-06-04,7030
6169,昱泉,12,0,12,致和證券,2024-06-04,7030
8488,吉源-KY,12,0,12,致和證券,2024-06-04,7030
2303,聯電,12,1,11,致和證券,2024-06-04,7030
1210,大成,10,0,10,致和證券,2024-06-04,7030
1710,東聯,10,0,10,致和證券,2024-06-04,7030
2204,中華,15,5,10,致和證券,2024-06-04,7030
2834,臺企銀,10,0,10,致和證券,2024-06-04,7030
3265,台星科,15,5,10,致和證券,2024-06-04,7030
3548,兆利,11,1,10,致和證券,2024-06-04,7030
8070,長華*,10,0,10,致和證券,2024-06-04,7030
00713,元大台灣高息低波,8,0,8,致和證券,2024-06-04,7030
2382,廣達,9,1,8,致和證券,2024-06-04,7030
6188,廣明,9,1,8,致和證券,2024-06-04,7030
2356,英業達,10,3,7,致和證券,2024-06-04,7030
2405,輔信,8,1,7,致和證券,2024-06-04,7030
2465,麗臺,7,0,7,致和證券,2024-06-04,7030
8234,新漢,25,18,7,致和證券,2024-06-04,7030
2489,瑞軒,149,21,128,致和證券,2024-06-05,7030
2201,裕隆,66,0,66,致和證券,2024-06-05,7030
2474,可成,60,0,60,致和證券,2024-06-05,7030
00753L,中信中國50正2,50,0,50,致和證券,2024-06-05,7030
1608,華榮,32,0,32,致和證券,2024-06-05,7030
2425,承啟,32,0,32,致和證券,2024-06-05,7030
2888,新光金,37,5,32,致和證券,2024-06-05,7030
00632R,元大台灣50反1,30,0,30,致和證券,2024-06-05,7030
1802,台玻,32,2,30,致和證券,2024-06-05,7030
2834,臺企銀,30,0,30,致和證券,2024-06-05,7030
3374,精材,30,0,30,致和證券,2024-06-05,7030
1785,光洋科,28,4,24,致和證券,2024-06-05,7030
3202,樺晟,25,1,24,致和證券,2024-06-05,7030
00712,復華富時不動產,22,0,22,致和證券,2024-06-05,7030
1325,恆大,22,0,22,致和證券,2024-06-05,7030
1584,精剛,22,0,22,致和證券,2024-06-05,7030
2204,中華,22,0,22,致和證券,2024-06-05,7030
00936,台新永續高息中小,21,0,21,致和證券,2024-06-05,7030
3481,群創,24,5,19,致和證券,2024-06-05,7030
2331,精英,58,43,15,致和證券,2024-06-05,7030
00929,復華台灣科技優息,14,0,14,致和證券,2024-06-05,7030
3231,緯創,15,2,13,致和證券,2024-06-05,7030
6220,岳豐,13,0,13,致和證券,2024-06-05,7030
00919,群益台灣精選高息,12,0,12,致和證券,2024-06-05,7030
1609,大亞,18,6,12,致和證券,2024-06-05,7030
00878,國泰永續高股息,11,0,11,致和證券,2024-06-05,7030
3379,彬台,11,0,11,致和證券,2024-06-05,7030
4714,永捷,12,1,11,致和證券,2024-06-05,7030
5009,榮剛,16,5,11,致和證券,2024-06-05,7030
2353,宏��,15,5,10,致和證券,2024-06-05,7030
1446,宏和,10,0,10,致和證券,2024-06-05,7030
1303,南亞,11,1,10,致和證券,2024-06-05,7030
1210,大成,10,0,10,致和證券,2024-06-05,7030
0056,元大高股息,10,0,10,致和證券,2024-06-05,7030
00915,凱基優選高股息30,10,0,10,致和證券,2024-06-05,7030
1710,東聯,10,0,10,致和證券,2024-06-05,7030
2356,英業達,13,3,10,致和證券,2024-06-05,7030
2495,普安,10,0,10,致和證券,2024-06-05,7030
2610,華航,10,0,10,致和證券,2024-06-05,7030
3311,閎暉,10,0,10,致和證券,2024-06-05,7030
6215,和椿,10,0,10,致和證券,2024-06-05,7030
8291,尚茂,10,0,10,致和證券,2024-06-05,7030
8477,創業家,10,0,10,致和證券,2024-06-05,7030
2101,南港,11,2,9,致和證券,2024-06-05,7030
3714,富采,9,0,9,致和證券,2024-06-05,7030
6661,威健生技,9,0,9,致和證券,2024-06-05,7030
9946,三發地產,9,0,9,致和證券,2024-06-05,7030
2303,聯電,14,7,7,致和證券,2024-06-05,7030
2891,中信金,8,1,7,致和證券,2024-06-05,7030
5519,隆大,11,4,7,致和證券,2024-06-05,7030
00929,復華台灣科技優息,240,0,240,致和證券,2024-06-06,7030
2356,英業達,211,2,209,致和證券,2024-06-06,7030
00632R,元大台灣50反1,140,0,140,致和證券,2024-06-06,7030
6163,華電網,94,22,72,致和證券,2024-06-06,7030
2884,玉山金,60,1,59,致和證券,2024-06-06,7030
2888,新光金,38,0,38,致和證券,2024-06-06,7030
00753L,中信中國50正2,35,0,35,致和證券,2024-06-06,7030
5347,世界,48,17,31,致和證券,2024-06-06,7030
3054,立萬利,26,0,26,致和證券,2024-06-06,7030
5302,太欣,24,2,22,致和證券,2024-06-06,7030
4961,天鈺,20,0,20,致和證券,2024-06-06,7030
00940,元大台灣價值高息,18,1,17,致和證券,2024-06-06,7030
3710,連展投控,16,0,16,致和證券,2024-06-06,7030
1529,樂事綠能,15,0,15,致和證券,2024-06-06,7030
00936,台新永續高息中小,14,0,14,致和證券,2024-06-06,7030
2867,三商壽,20,6,14,致和證券,2024-06-06,7030
00679B,元大美債20年,13,0,13,致和證券,2024-06-06,7030
00937B,群益ESG投等債20,32,19,13,致和證券,2024-06-06,7030
6661,威健生技,14,1,13,致和證券,2024-06-06,7030
5009,榮剛,12,0,12,致和證券,2024-06-06,7030
1447,力鵬,10,0,10,致和證券,2024-06-06,7030
1446,宏和,10,0,10,致和證券,2024-06-06,7030
00888,永豐台灣ESG,10,0,10,致和證券,2024-06-06,7030
1210,大成,10,0,10,致和證券,2024-06-06,7030
00939,統一台灣高息動能,10,0,10,致和證券,2024-06-06,7030
1612,宏泰,11,1,10,致和證券,2024-06-06,7030
2547,日勝生,10,0,10,致和證券,2024-06-06,7030
5484,慧友,10,0,10,致和證券,2024-06-06,7030
1591,駿吉-KY,9,0,9,致和證券,2024-06-06,7030
2354,鴻準,23,14,9,致和證券,2024-06-06,7030
2328,廣宇,12,4,8,致和證券,2024-06-06,7030
3224,三顧,8,0,8,致和證券,2024-06-06,7030
6259,百徽,8,0,8,致和證券,2024-06-06,7030
00909,國泰數位支付服務,7,0,7,致和證券,2024-06-06,7030
2201,裕隆,7,0,7,致和證券,2024-06-06,7030
3311,閎暉,7,0,7,致和證券,2024-06-06,7030
3714,富采,7,0,7,致和證券,2024-06-06,7030
6531,愛普*,9,2,7,致和證券,2024-06-06,7030
6552,易華電,7,0,7,致和證券,2024-06-06,7030
00687B,國泰20年美債,6,0,6,致和證券,2024-06-06,7030
1522,堤維西,6,0,6,致和證券,2024-06-06,7030
2349,錸德,6,0,6,致和證券,2024-06-06,7030
2367,燿華,23,17,6,致和證券,2024-06-06,7030
2427,三商電,13,7,6,致和證券,2024-06-06,7030
8277,商丞,6,0,6,致和證券,2024-06-06,7030
2317,鴻海,18,13,5,致和證券,2024-06-06,7030
3231,緯創,15,9,6,致和證券,2024-06-06,7030
00942B,台新美A公司債20+,5,0,5,致和證券,2024-06-06,7030
1582,信錦,16,11,5,致和證券,2024-06-06,7030
1605,華新,5,0,5,致和證券,2024-06-06,7030
5864,致和證,72,3,69,致和證券,2024-06-07,7030
00929,復華台灣科技優息,81,21,60,致和證券,2024-06-07,7030
4532,瑞智,50,0,50,致和證券,2024-06-07,7030
1101,台泥,49,0,49,致和證券,2024-06-07,7030
6443,元晶,81,32,49,致和證券,2024-06-07,7030
6153,嘉聯益,50,10,40,致和證券,2024-06-07,7030
3231,緯創,43,4,39,致和證券,2024-06-07,7030
00687B,國泰20年美債,33,0,33,致和證券,2024-06-07,7030
00936,台新永續高息中小,32,0,32,致和證券,2024-06-07,7030
00712,復華富時不動產,30,0,30,致和證券,2024-06-07,7030
00909,國泰數位支付服務,28,0,28,致和證券,2024-06-07,7030
00919,群益台灣精選高息,24,0,24,致和證券,2024-06-07,7030
0056,元大高股息,22,0,22,致和證券,2024-06-07,7030
2313,華通,24,3,21,致和證券,2024-06-07,7030
2495,普安,20,0,20,致和證券,2024-06-07,7030
3362,先進光,20,0,20,致和證券,2024-06-07,7030
2610,華航,20,1,19,致和證券,2024-06-07,7030
2331,精英,36,21,15,致和證券,2024-06-07,7030
2363,矽統,18,4,14,致和證券,2024-06-07,7030
6661,威健生技,14,0,14,致和證券,2024-06-07,7030
2511,太子,16,3,13,致和證券,2024-06-07,7030
2615,萬海,21,9,12,致和證券,2024-06-07,7030
2356,英業達,14,2,12,致和證券,2024-06-07,7030
2312,金寶,38,26,12,致和證券,2024-06-07,7030
2801,彰銀,11,0,11,致和證券,2024-06-07,7030
1210,大成,10,0,10,致和證券,2024-06-07,7030
1303,南亞,14,4,10,致和證券,2024-06-07,7030
00679B,元大美債20年,10,0,10,致和證券,2024-06-07,7030
6015,宏遠證,10,0,10,致和證券,2024-06-07,7030
6259,百徽,10,0,10,致和證券,2024-06-07,7030
3054,立萬利,9,0,9,致和證券,2024-06-07,7030
3260,威剛,10,1,9,致和證券,2024-06-07,7030
5228,鈺鎧,9,0,9,致和證券,2024-06-07,7030
8042,金山電,9,0,9,致和證券,2024-06-07,7030
8488,吉源-KY,8,0,8,致和證券,2024-06-07,7030
00795B,中信美國公債20年,10,3,7,致和證券,2024-06-07,7030
2605,新興,7,0,7,致和證券,2024-06-07,7030
3311,閎暉,12,5,7,致和證券,2024-06-07,7030
9105,泰金寶-DR,10,3,7,致和證券,2024-06-07,7030
4114,健喬,7,0,7,致和證券,2024-06-07,7030
2376,技嘉,6,0,6,致和證券,2024-06-07,7030
2883,凱基金,51,45,6,致和證券,2024-06-07,7030
3122,笙泉,7,1,6,致和證券,2024-06-07,7030
3481,群創,15,9,6,致和證券,2024-06-07,7030
6207,雷科,14,8,6,致和證券,2024-06-07,7030
2371,大同,11,5,6,致和證券,2024-06-07,7030
00918,大華優利高填息30,5,0,5,致和證券,2024-06-07,7030
00642U,期元大S＆P石油,5,0,5,致和證券,2024-06-07,7030
2025,千興,5,0,5,致和證券,2024-06-07,7030
2345,智邦,5,0,5,致和證券,2024-06-07,7030
2356,英業達,374,11,363,致和證券,2024-06-11,7030
2609,陽明,127,32,95,致和證券,2024-06-11,7030
1301,台塑,71,0,71,致和證券,2024-06-11,7030
2888,新光金,152,81,71,致和證券,2024-06-11,7030
1608,華榮,64,2,62,致和證券,2024-06-11,7030
00664R,國泰臺灣加權反1,60,0,60,致和證券,2024-06-11,7030
2801,彰銀,53,0,53,致和證券,2024-06-11,7030
00918,大華優利高填息30,53,0,53,致和證券,2024-06-11,7030
00919,群益台灣精選高息,51,1,50,致和證券,2024-06-11,7030
1802,台玻,50,0,50,致和證券,2024-06-11,7030
2603,長榮,48,2,46,致和證券,2024-06-11,7030
00679B,元大美債20年,44,0,44,致和證券,2024-06-11,7030
2890,永豐金,36,0,36,致和證券,2024-06-11,7030
00936,台新永續高息中小,32,0,32,致和證券,2024-06-11,7030
2313,華通,30,0,30,致和證券,2024-06-11,7030
6806,森崴能源,30,0,30,致和證券,2024-06-11,7030
3022,威強電,29,0,29,致和證券,2024-06-11,7030
3260,威剛,26,0,26,致和證券,2024-06-11,7030
00929,復華台灣科技優息,24,0,24,致和證券,2024-06-11,7030
2637,慧洋-KY,32,8,24,致和證券,2024-06-11,7030
2867,三商壽,30,6,24,致和證券,2024-06-11,7030
2020,美亞,23,0,23,致和證券,2024-06-11,7030
2425,承啟,22,0,22,致和證券,2024-06-11,7030
3023,信邦,20,0,20,致和證券,2024-06-11,7030
2352,佳世達,20,1,19,致和證券,2024-06-11,7030
8455,大拓-KY,19,0,19,致和證券,2024-06-11,7030
9928,中視,19,1,18,致和證券,2024-06-11,7030
2206,三陽工業,17,0,17,致和證券,2024-06-11,7030
5302,太欣,19,2,17,致和證券,2024-06-11,7030
8488,吉源-KY,17,0,17,致和證券,2024-06-11,7030
3481,群創,16,0,16,致和證券,2024-06-11,7030
1513,中興電,17,1,16,致和證券,2024-06-11,7030
2369,菱生,15,0,15,致和證券,2024-06-11,7030
3231,緯創,27,12,15,致和證券,2024-06-11,7030
3372,典範,15,0,15,致和證券,2024-06-11,7030
2515,中工,15,0,15,致和證券,2024-06-11,7030
2882,國泰金,22,9,13,致和證券,2024-06-11,7030
3054,立萬利,12,0,12,致和證券,2024-06-11,7030
2301,光寶科,11,0,11,致和證券,2024-06-11,7030
00937B,群益ESG投等債20,11,0,11,致和證券,2024-06-11,7030
00882,中信中國高股息,11,0,11,致和證券,2024-06-11,7030
2613,中櫃,22,11,11,致和證券,2024-06-11,7030
4526,東台,11,0,11,致和證券,2024-06-11,7030
1446,宏和,10,0,10,致和證券,2024-06-11,7030
1455,集盛,10,0,10,致和證券,2024-06-11,7030
00915,凱基優選高股息30,10,0,10,致和證券,2024-06-11,7030
1210,大成,10,0,10,致和證券,2024-06-11,7030
2511,太子,17,7,10,致和證券,2024-06-11,7030
2905,三商,10,0,10,致和證券,2024-06-11,7030
3011,今皓,10,0,10,致和證券,2024-06-11,7030
2356,英業達,180,16,164,致和證券,2024-06-12,7030
2607,榮運,77,0,77,致和證券,2024-06-12,7030
2883,凱基金,120,52,68,致和證券,2024-06-12,7030
2890,永豐金,57,0,57,致和證券,2024-06-12,7030
00632R,元大台灣50反1,50,0,50,致和證券,2024-06-12,7030
00712,復華富時不動產,35,0,35,致和證券,2024-06-12,7030
2609,陽明,51,16,35,致和證券,2024-06-12,7030
00948B,中信優息投資級債,30,0,30,致和證券,2024-06-12,7030
3011,今皓,30,0,30,致和證券,2024-06-12,7030
2637,慧洋-KY,30,4,26,致和證券,2024-06-12,7030
1301,台塑,25,0,25,致和證券,2024-06-12,7030
3260,威剛,25,1,24,致和證券,2024-06-12,7030
2610,華航,23,0,23,致和證券,2024-06-12,7030
00878,國泰永續高股息,22,0,22,致和證券,2024-06-12,7030
2201,裕隆,22,0,22,致和證券,2024-06-12,7030
2344,華邦電,18,0,18,致和證券,2024-06-12,7030
2867,三商壽,47,29,18,致和證券,2024-06-12,7030
2355,敬鵬,17,0,17,致和證券,2024-06-12,7030
9928,中視,17,0,17,致和證券,2024-06-12,7030
00918,大華優利高填息30,16,0,16,致和證券,2024-06-12,7030
3054,立萬利,16,0,16,致和證券,2024-06-12,7030
8488,吉源-KY,16,0,16,致和證券,2024-06-12,7030
2353,宏��,19,4,15,致和證券,2024-06-12,7030
2515,中工,14,0,14,致和證券,2024-06-12,7030
3231,緯創,18,5,13,致和證券,2024-06-12,7030
00936,台新永續高息中小,15,2,13,致和證券,2024-06-12,7030
1522,堤維西,13,1,12,致和證券,2024-06-12,7030
0056,元大高股息,21,9,12,致和證券,2024-06-12,7030
2002,中鋼,12,0,12,致和證券,2024-06-12,7030
6005,群益證,13,1,12,致和證券,2024-06-12,7030
2885,元大金,11,0,11,致和證券,2024-06-12,7030
00679B,元大美債20年,11,0,11,致和證券,2024-06-12,7030
1210,大成,11,0,11,致和證券,2024-06-12,7030
00927,群益半導體收益,10,0,10,致和證券,2024-06-12,7030
2379,瑞昱,10,0,10,致和證券,2024-06-12,7030
2489,瑞軒,10,0,10,致和證券,2024-06-12,7030
2891,中信金,10,0,10,致和證券,2024-06-12,7030
8110,華東,10,0,10,致和證券,2024-06-12,7030
9904,寶成,10,0,10,致和證券,2024-06-12,7030
00919,群益台灣精選高息,9,0,9,致和證券,2024-06-12,7030
2241,艾姆勒,18,9,9,致和證券,2024-06-12,7030
3592,瑞鼎,10,1,9,致和證券,2024-06-12,7030
6125,廣運,12,3,9,致和證券,2024-06-12,7030
6770,力積電,31,22,9,致和證券,2024-06-12,7030
2615,萬海,26,17,9,致和證券,2024-06-12,7030
4960,誠美材,12,3,9,致和證券,2024-06-12,7030
3017,奇鋐,12,4,8,致和證券,2024-06-12,7030
8042,金山電,7,0,7,致和證券,2024-06-12,7030
9945,潤泰新,9,2,7,致和證券,2024-06-12,7030
00947,台新臺灣IC設計,6,0,6,致和證券,2024-06-12,7030
2017,官田鋼,200,100,100,致和證券,2024-06-13,7030
2323,中環,59,0,59,致和證券,2024-06-13,7030
00937B,群益ESG投等債20,51,0,51,致和證券,2024-06-13,7030
00936,台新永續高息中小,40,0,40,致和證券,2024-06-13,7030
1314,中石化,40,0,40,致和證券,2024-06-13,7030
1444,力麗,30,0,30,致和證券,2024-06-13,7030
2009,第一銅,27,0,27,致和證券,2024-06-13,7030
1802,台玻,26,0,26,致和證券,2024-06-13,7030
4967,十銓,31,5,26,致和證券,2024-06-13,7030
8455,大拓-KY,20,0,20,致和證券,2024-06-13,7030
2427,三商電,19,2,17,致和證券,2024-06-13,7030
00929,復華台灣科技優息,19,2,17,致和證券,2024-06-13,7030
5009,榮剛,16,5,11,致和證券,2024-06-13,7030
1210,大成,10,0,10,致和證券,2024-06-13,7030
00882,中信中國高股息,10,0,10,致和證券,2024-06-13,7030
2101,南港,10,0,10,致和證券,2024-06-13,7030
2365,昆盈,11,1,10,致和證券,2024-06-13,7030
3122,笙泉,10,0,10,致和證券,2024-06-13,7030
6661,威健生技,10,0,10,致和證券,2024-06-13,7030
6290,良維,8,0,8,致和證券,2024-06-13,7030
1609,大亞,25,19,6,致和證券,2024-06-13,7030
2201,裕隆,6,0,6,致和證券,2024-06-13,7030
3036,文曄,7,1,6,致和證券,2024-06-13,7030
3580,友威科,6,0,6,致和證券,2024-06-13,7030
6674,鋐寶科技,6,0,6,致和證券,2024-06-13,7030
2883,凱基金,20,15,5,致和證券,2024-06-13,7030
2615,萬海,16,11,5,致和證券,2024-06-13,7030
1304,台聚,5,0,5,致和證券,2024-06-13,7030
00753L,中信中國50正2,5,0,5,致和證券,2024-06-13,7030
00715L,期街口布蘭特正2,5,0,5,致和證券,2024-06-13,7030
00927,群益半導體收益,5,0,5,致和證券,2024-06-13,7030
1101,台泥,6,1,5,致和證券,2024-06-13,7030
00948B,中信優息投資級債,5,0,5,致和證券,2024-06-13,7030
00946,群益科技高息成長,5,0,5,致和證券,2024-06-13,7030
1612,宏泰,5,0,5,致和證券,2024-06-13,7030
1709,和益,5,0,5,致和證券,2024-06-13,7030
2023,燁輝,5,0,5,致和證券,2024-06-13,7030
2348,海悅,5,0,5,致和證券,2024-06-13,7030
2359,所羅門,10,5,5,致和證券,2024-06-13,7030
2383,台光電,6,1,5,致和證券,2024-06-13,7030
2401,凌陽,8,3,5,致和證券,2024-06-13,7030
2405,輔信,7,2,5,致和證券,2024-06-13,7030
3264,欣銓,5,0,5,致和證券,2024-06-13,7030
3484,崧騰,5,0,5,致和證券,2024-06-13,7030
4720,德淵,5,0,5,致和證券,2024-06-13,7030
4952,凌通,5,0,5,致和證券,2024-06-13,7030
5493,三聯,5,0,5,致和證券,2024-06-13,7030
6126,信音,5,0,5,致和證券,2024-06-13,7030
8299,群聯,5,1,4,致和證券,2024-06-13,7030
00933B,國泰10Y+金融債,4,0,4,致和證券,2024-06-13,7030
2537,聯上發,320,0,320,致和證券,2024-06-14,7030
2312,金寶,285,26,259,致和證券,2024-06-14,7030
00712,復華富時不動產,77,10,67,致和證券,2024-06-14,7030
00929,復華台灣科技優息,46,1,45,致和證券,2024-06-14,7030
1802,台玻,30,0,30,致和證券,2024-06-14,7030
2883,凱基金,59,29,30,致和證券,2024-06-14,7030
00936,台新永續高息中小,26,0,26,致和證券,2024-06-14,7030
6661,威健生技,25,0,25,致和證券,2024-06-14,7030
00937B,群益ESG投等債20,23,0,23,致和證券,2024-06-14,7030
00919,群益台灣精選高息,22,0,22,致和證券,2024-06-14,7030
5347,世界,26,6,20,致和證券,2024-06-14,7030
2371,大同,34,15,19,致和證券,2024-06-14,7030
00918,大華優利高填息30,22,5,17,致和證券,2024-06-14,7030
8488,吉源-KY,16,0,16,致和證券,2024-06-14,7030
00930,永豐ESG低碳高息,15,0,15,致和證券,2024-06-14,7030
2913,農林,15,0,15,致和證券,2024-06-14,7030
6163,華電網,42,27,15,致和證券,2024-06-14,7030
8455,大拓-KY,15,0,15,致和證券,2024-06-14,7030
1608,華榮,31,18,13,致和證券,2024-06-14,7030
00940,元大台灣價值高息,15,4,11,致和證券,2024-06-14,7030
2379,瑞昱,11,0,11,致和證券,2024-06-14,7030
2427,三商電,11,0,11,致和證券,2024-06-14,7030
5880,合庫金,11,0,11,致和證券,2024-06-14,7030
00679B,元大美債20年,10,0,10,致和證券,2024-06-14,7030
00902,中信電池及儲能,10,0,10,致和證券,2024-06-14,7030
1210,大成,10,0,10,致和證券,2024-06-14,7030
4157,太景*-KY,10,0,10,致和證券,2024-06-14,7030
2611,志信,10,0,10,致和證券,2024-06-14,7030
3048,益登,19,11,8,致和證券,2024-06-14,7030
2353,宏��,10,2,8,致和證券,2024-06-14,7030
2838A,聯邦銀甲特,8,0,8,致和證券,2024-06-14,7030
2101,南港,7,0,7,致和證券,2024-06-14,7030
2330,台積電,6,0,6,致和證券,2024-06-14,7030
2027,大成鋼,8,2,6,致和證券,2024-06-14,7030
2634,漢翔,6,0,6,致和證券,2024-06-14,7030
3252,海灣,6,0,6,致和證券,2024-06-14,7030
3483,力致,10,4,6,致和證券,2024-06-14,7030
9928,中視,18,12,6,致和證券,2024-06-14,7030
1432,大魯閣,5,0,5,致和證券,2024-06-14,7030
1313,聯成,5,0,5,致和證券,2024-06-14,7030
1524,耿鼎,5,0,5,致和證券,2024-06-14,7030
1582,信錦,5,0,5,致和證券,2024-06-14,7030
1815,富喬,27,22,5,致和證券,2024-06-14,7030
2345,智邦,5,0,5,致和證券,2024-06-14,7030
2363,矽統,7,2,5,致和證券,2024-06-14,7030
2374,佳能,5,0,5,致和證券,2024-06-14,7030
3265,台星科,5,0,5,致和證券,2024-06-14,7030
3419,譁裕,5,0,5,致和證券,2024-06-14,7030
6492,生華科,5,0,5,致和證券,2024-06-14,7030
8390,金益鼎,5,0,5,致和證券,2024-06-14,7030
2537,聯上發,290,0,290,致和證券,2024-06-17,7030
2312,金寶,220,7,213,致和證券,2024-06-17,7030
1303,南亞,81,0,81,致和證券,2024-06-17,7030
1609,大亞,87,14,73,致和證券,2024-06-17,7030
00885,富邦越南,60,0,60,致和證券,2024-06-17,7030
00664R,國泰臺灣加權反1,50,0,50,致和證券,2024-06-17,7030
00712,復華富時不動產,40,0,40,致和證券,2024-06-17,7030
3708,上緯投控,30,0,30,致和證券,2024-06-17,7030
6163,華電網,30,0,30,致和證券,2024-06-17,7030
2867,三商壽,25,0,25,致和證券,2024-06-17,7030
4128,中天,25,0,25,致和證券,2024-06-17,7030
3059,華晶科,24,0,24,致和證券,2024-06-17,7030
3362,先進光,23,0,23,致和證券,2024-06-17,7030
00688L,國泰20年美債正2,20,0,20,致和證券,2024-06-17,7030
3229,晟鈦,20,0,20,致和證券,2024-06-17,7030
3419,譁裕,20,0,20,致和證券,2024-06-17,7030
2609,陽明,25,5,20,致和證券,2024-06-17,7030
00937B,群益ESG投等債20,19,0,19,致和證券,2024-06-17,7030
5309,系統電,15,0,15,致和證券,2024-06-17,7030
8422,可寧衛,15,0,15,致和證券,2024-06-17,7030
3202,樺晟,17,3,14,致和證券,2024-06-17,7030
8021,尖點,14,0,14,致和證券,2024-06-17,7030
2314,台揚,13,0,13,致和證券,2024-06-17,7030
2371,大同,40,27,13,致和證券,2024-06-17,7030
3260,威剛,13,0,13,致和證券,2024-06-17,7030
00687B,國泰20年美債,13,1,12,致和證券,2024-06-17,7030
2618,長榮航,12,0,12,致和證券,2024-06-17,7030
5443,均豪,12,0,12,致和證券,2024-06-17,7030
1608,華榮,13,2,11,致和證券,2024-06-17,7030
1301,台塑,11,0,11,致和證券,2024-06-17,7030
00915,凱基優選高股息30,10,0,10,致和證券,2024-06-17,7030
00680L,元大美債20正2,10,0,10,致和證券,2024-06-17,7030
1563,巧新,10,0,10,致和證券,2024-06-17,7030
1584,精剛,14,4,10,致和證券,2024-06-17,7030
4588,玖鼎電力,10,0,10,致和證券,2024-06-17,7030
6790,永豐實,10,0,10,致和證券,2024-06-17,7030
8240,華宏,10,0,10,致和證券,2024-06-17,7030
0056,元大高股息,9,0,9,致和證券,2024-06-17,7030
1210,大成,10,1,9,致和證券,2024-06-17,7030
00929,復華台灣科技優息,16,7,9,致和證券,2024-06-17,7030
2014,中鴻,10,2,8,致和證券,2024-06-17,7030
2348,海悅,8,0,8,致和證券,2024-06-17,7030
3029,零壹,8,0,8,致和證券,2024-06-17,7030
1513,中興電,20,13,7,致和證券,2024-06-17,7030
4979,華星光,7,0,7,致和證券,2024-06-17,7030
00919,群益台灣精選高息,6,0,6,致和證券,2024-06-17,7030
2101,南港,6,0,6,致和證券,2024-06-17,7030
6269,台郡,6,0,6,致和證券,2024-06-17,7030
8066,來思達,6,0,6,致和證券,2024-06-17,7030
00922,國泰台灣領袖50,5,0,5,致和證券,2024-06-17,7030
00712,復華富時不動產,95,0,95,致和證券,2024-06-18,7030
00680L,元大美債20正2,70,0,70,致和證券,2024-06-18,7030
00929,復華台灣科技優息,74,10,64,致和證券,2024-06-18,7030
1802,台玻,50,3,47,致和證券,2024-06-18,7030
2883,凱基金,47,0,47,致和證券,2024-06-18,7030
00632R,元大台灣50反1,46,0,46,致和證券,2024-06-18,7030
2537,聯上發,40,0,40,致和證券,2024-06-18,7030
00878,國泰永續高股息,43,5,38,致和證券,2024-06-18,7030
6770,力積電,72,34,38,致和證券,2024-06-18,7030
00918,大華優利高填息30,32,0,32,致和證券,2024-06-18,7030
2353,宏��,69,42,27,致和證券,2024-06-18,7030
8403,盛弘,25,0,25,致和證券,2024-06-18,7030
00713,元大台灣高息低波,25,0,25,致和證券,2024-06-18,7030
2603,長榮,23,0,23,致和證券,2024-06-18,7030
00939,統一台灣高息動能,22,0,22,致和證券,2024-06-18,7030
00936,台新永續高息中小,22,1,21,致和證券,2024-06-18,7030
00919,群益台灣精選高息,22,1,21,致和證券,2024-06-18,7030
2355,敬鵬,25,5,20,致和證券,2024-06-18,7030
00941,中信上游半導體,15,0,15,致和證券,2024-06-18,7030
8011,台通,13,0,13,致和證券,2024-06-18,7030
9103,美德醫療-DR,16,3,13,致和證券,2024-06-18,7030
2031,新光鋼,11,0,11,致和證券,2024-06-18,7030
4934,太極,11,0,11,致和證券,2024-06-18,7030
00885,富邦越南,10,0,10,致和證券,2024-06-18,7030
00753L,中信中國50正2,10,0,10,致和證券,2024-06-18,7030
00946,群益科技高息成長,10,0,10,致和證券,2024-06-18,7030
1210,大成,10,0,10,致和證券,2024-06-18,7030
2369,菱生,15,5,10,致和證券,2024-06-18,7030
2371,大同,20,10,10,致和證券,2024-06-18,7030
2548,華固,10,0,10,致和證券,2024-06-18,7030
3234,光環,10,0,10,致和證券,2024-06-18,7030
4121,優盛,10,0,10,致和證券,2024-06-18,7030
4961,天鈺,15,5,10,致和證券,2024-06-18,7030
5340,建榮,10,0,10,致和證券,2024-06-18,7030
5426,振發,10,0,10,致和證券,2024-06-18,7030
6695,芯鼎,10,0,10,致和證券,2024-06-18,7030
1504,東元,10,1,9,致和證券,2024-06-18,7030
5439,高技,10,1,9,致和證券,2024-06-18,7030
6661,威健生技,9,0,9,致和證券,2024-06-18,7030
4566,時碩工業,11,2,9,致和證券,2024-06-18,7030
2025,千興,10,2,8,致和證券,2024-06-18,7030
1582,信錦,12,5,7,致和證券,2024-06-18,7030
1609,大亞,7,0,7,致和證券,2024-06-18,7030
2615,萬海,11,4,7,致和證券,2024-06-18,7030
3011,今皓,6,0,6,致和證券,2024-06-18,7030
5880,合庫金,10,4,6,致和證券,2024-06-18,7030
00940,元大台灣價值高息,5,0,5,致和證券,2024-06-18,7030
0056,元大高股息,5,0,5,致和證券,2024-06-18,7030
1611,中電,5,0,5,致和證券,2024-06-18,7030
2352,佳世達,6,1,5,致和證券,2024-06-18,7030
00632R,元大台灣50反1,89,0,89,致和證券,2024-06-19,7030
2023,燁輝,60,0,60,致和證券,2024-06-19,7030
4532,瑞智,43,0,43,致和證券,2024-06-19,7030
00885,富邦越南,40,0,40,致和證券,2024-06-19,7030
1802,台玻,33,0,33,致和證券,2024-06-19,7030
6770,力積電,53,24,29,致和證券,2024-06-19,7030
8455,大拓-KY,28,1,27,致和證券,2024-06-19,7030
00650L,復華香港正2,25,0,25,致和證券,2024-06-19,7030
9105,泰金寶-DR,26,1,25,致和證券,2024-06-19,7030
00915,凱基優選高股息30,24,0,24,致和證券,2024-06-19,7030
00936,台新永續高息中小,24,0,24,致和證券,2024-06-19,7030
00918,大華優利高填息30,21,0,21,致和證券,2024-06-19,7030
1815,富喬,55,34,21,致和證券,2024-06-19,7030
1806,冠軍,20,0,20,致和證券,2024-06-19,7030
00680L,元大美債20正2,30,13,17,致和證券,2024-06-19,7030
2419,仲琦,16,0,16,致和證券,2024-06-19,7030
1609,大亞,24,9,15,致和證券,2024-06-19,7030
3673,TPK-KY,15,0,15,致和證券,2024-06-19,7030
1210,大成,14,0,14,致和證券,2024-06-19,7030
00929,復華台灣科技優息,15,2,13,致和證券,2024-06-19,7030
2101,南港,13,0,13,致和證券,2024-06-19,7030
2801,彰銀,13,0,13,致和證券,2024-06-19,7030
4939,亞電,13,0,13,致和證券,2024-06-19,7030
3013,晟銘電,13,1,12,致和證券,2024-06-19,7030
3128,昇銳,12,0,12,致和證券,2024-06-19,7030
2883,凱基金,11,0,11,致和證券,2024-06-19,7030
3287,廣寰科,11,0,11,致和證券,2024-06-19,7030
4967,十銓,14,3,11,致和證券,2024-06-19,7030
00947,台新臺灣IC設計,10,0,10,致和證券,2024-06-19,7030
2867,三商壽,10,0,10,致和證券,2024-06-19,7030
6139,亞翔,10,0,10,致和證券,2024-06-19,7030
6547,高端疫苗,10,0,10,致和證券,2024-06-19,7030
9921,巨大,10,0,10,致和證券,2024-06-19,7030
3362,先進光,9,0,9,致和證券,2024-06-19,7030
2363,矽統,12,3,9,致和證券,2024-06-19,7030
6188,廣明,9,0,9,致和證券,2024-06-19,7030
3062,建漢,21,13,8,致和證券,2024-06-19,7030
3625,西勝,8,0,8,致和證券,2024-06-19,7030
00923,群益台ESG低碳50,10,3,7,致和證券,2024-06-19,7030
1504,東元,7,0,7,致和證券,2024-06-19,7030
1618,合機,7,0,7,致和證券,2024-06-19,7030
2374,佳能,17,10,7,致和證券,2024-06-19,7030
2409,友達,7,0,7,致和證券,2024-06-19,7030
3466,德晉,7,0,7,致和證券,2024-06-19,7030
5512,力麒,7,0,7,致和證券,2024-06-19,7030
2317,鴻海,18,11,7,致和證券,2024-06-19,7030
2303,聯電,7,1,6,致和證券,2024-06-19,7030
2027,大成鋼,6,0,6,致和證券,2024-06-19,7030
3481,群創,6,0,6,致和證券,2024-06-19,7030
3483,力致,6,0,6,致和證券,2024-06-19,7030
00919,群益台灣精選高息,183,1,182,致和證券,2024-06-20,7030
2537,聯上發,61,0,61,致和證券,2024-06-20,7030
2344,華邦電,72,13,59,致和證券,2024-06-20,7030
00940,元大台灣價值高息,53,0,53,致和證券,2024-06-20,7030
2801,彰銀,50,0,50,致和證券,2024-06-20,7030
3356,奇偶,50,0,50,致和證券,2024-06-20,7030
00632R,元大台灣50反1,50,7,43,致和證券,2024-06-20,7030
00918,大華優利高填息30,43,11,32,致和證券,2024-06-20,7030
8455,大拓-KY,30,0,30,致和證券,2024-06-20,7030
00937B,群益ESG投等債20,88,60,28,致和證券,2024-06-20,7030
1802,台玻,30,3,27,致和證券,2024-06-20,7030
6204,艾華,28,2,26,致和證券,2024-06-20,7030
2330,台積電,26,1,25,致和證券,2024-06-20,7030
3308,聯德,24,0,24,致和證券,2024-06-20,7030
1609,大亞,22,0,22,致和證券,2024-06-20,7030
1909,榮成,22,0,22,致和證券,2024-06-20,7030
6661,威健生技,22,0,22,致和證券,2024-06-20,7030
2061,風青,22,1,21,致和證券,2024-06-20,7030
00915,凱基優選高股息30,20,0,20,致和證券,2024-06-20,7030
00680L,元大美債20正2,20,0,20,致和證券,2024-06-20,7030
4157,太景*-KY,20,0,20,致和證券,2024-06-20,7030
6443,元晶,20,0,20,致和證券,2024-06-20,7030
2352,佳世達,21,4,17,致和證券,2024-06-20,7030
4142,國光生,15,0,15,致和證券,2024-06-20,7030
00948B,中信優息投資級債,13,0,13,致和證券,2024-06-20,7030
2340,台亞,12,0,12,致和證券,2024-06-20,7030
00712,復華富時不動產,20,9,11,致和證券,2024-06-20,7030
1316,上曜,10,0,10,致和證券,2024-06-20,7030
1210,大成,10,0,10,致和證券,2024-06-20,7030
00900,富邦特選高股息30,10,0,10,致和證券,2024-06-20,7030
1605,華新,10,0,10,致和證券,2024-06-20,7030
1718,中纖,10,0,10,致和證券,2024-06-20,7030
2002,中鋼,11,1,10,致和證券,2024-06-20,7030
2101,南港,10,0,10,致和證券,2024-06-20,7030
2420,新巨,10,0,10,致和證券,2024-06-20,7030
6589,台康生技,10,0,10,致和證券,2024-06-20,7030
1582,信錦,15,6,9,致和證券,2024-06-20,7030
3013,晟銘電,9,0,9,致和證券,2024-06-20,7030
5512,力麒,10,1,9,致和證券,2024-06-20,7030
00891,中信關鍵半導體,8,0,8,致和證券,2024-06-20,7030
2348,海悅,8,0,8,致和證券,2024-06-20,7030
3252,海灣,8,0,8,致和證券,2024-06-20,7030
3268,海德威,8,0,8,致和證券,2024-06-20,7030
6153,嘉聯益,8,0,8,致和證券,2024-06-20,7030
6235,華孚,11,3,8,致和證券,2024-06-20,7030
6282,康舒,10,2,8,致和證券,2024-06-20,7030
2367,燿華,17,10,7,致和證券,2024-06-20,7030
2498,宏達電,7,0,7,致和證券,2024-06-20,7030
3711,日月光投控,7,0,7,致和證券,2024-06-20,7030
4909,新復興,8,1,7,致和證券,2024-06-20,7030
00936,台新永續高息中小,156,0,156,致和證券,2024-06-21,7030
2537,聯上發,140,0,140,致和證券,2024-06-21,7030
2834,臺企銀,102,0,102,致和證券,2024-06-21,7030
00753L,中信中國50正2,100,0,100,致和證券,2024-06-21,7030
00885,富邦越南,47,0,47,致和證券,2024-06-21,7030
00919,群益台灣精選高息,39,0,39,致和證券,2024-06-21,7030
1582,信錦,50,15,35,致和證券,2024-06-21,7030
00712,復華富時不動產,29,0,29,致和證券,2024-06-21,7030
2371,大同,32,6,26,致和證券,2024-06-21,7030
2301,光寶科,24,0,24,致和證券,2024-06-21,7030
2888,新光金,92,69,23,致和證券,2024-06-21,7030
00937B,群益ESG投等債20,22,0,22,致和證券,2024-06-21,7030
00946,群益科技高息成長,20,0,20,致和證券,2024-06-21,7030
00929,復華台灣科技優息,19,0,19,致和證券,2024-06-21,7030
2615,萬海,39,21,18,致和證券,2024-06-21,7030
6492,生華科,19,1,18,致和證券,2024-06-21,7030
1529,樂事綠能,14,1,13,致和證券,2024-06-21,7030
1608,華榮,13,0,13,致和證券,2024-06-21,7030
3438,類比科,15,2,13,致和證券,2024-06-21,7030
2317,鴻海,24,13,11,致和證券,2024-06-21,7030
1210,大成,11,0,11,致和證券,2024-06-21,7030
2354,鴻準,12,1,11,致和證券,2024-06-21,7030
2365,昆盈,15,4,11,致和證券,2024-06-21,7030
5864,致和證,12,1,11,致和證券,2024-06-21,7030
6113,亞矽,11,0,11,致和證券,2024-06-21,7030
8033,雷虎,11,0,11,致和證券,2024-06-21,7030
1304,台聚,10,0,10,致和證券,2024-06-21,7030
00688L,國泰20年美債正2,10,0,10,致和證券,2024-06-21,7030
1802,台玻,11,1,10,致和證券,2024-06-21,7030
2204,中華,10,0,10,致和證券,2024-06-21,7030
3054,立萬利,10,0,10,致和證券,2024-06-21,7030
4967,十銓,12,2,10,致和證券,2024-06-21,7030
6215,和椿,10,0,10,致和證券,2024-06-21,7030
9907,統一實,10,0,10,致和證券,2024-06-21,7030
1101,台泥,17,8,9,致和證券,2024-06-21,7030
2883,凱基金,10,1,9,致和證券,2024-06-21,7030
2634,漢翔,8,0,8,致和證券,2024-06-21,7030
4714,永捷,9,1,8,致和證券,2024-06-21,7030
8488,吉源-KY,8,0,8,致和證券,2024-06-21,7030
00948B,中信優息投資級債,7,0,7,致和證券,2024-06-21,7030
2401,凌陽,8,1,7,致和證券,2024-06-21,7030
6182,合晶,7,0,7,致和證券,2024-06-21,7030
8070,長華*,7,0,7,致和證券,2024-06-21,7030
2356,英業達,7,1,6,致和證券,2024-06-21,7030
2489,瑞軒,15,9,6,致和證券,2024-06-21,7030
2548,華固,7,1,6,致和證券,2024-06-21,7030
3122,笙泉,6,0,6,致和證券,2024-06-21,7030
6166,凌華,6,0,6,致和證券,2024-06-21,7030
8110,華東,7,1,6,致和證券,2024-06-21,7030
3711,日月光投控,5,0,5,致和證券,2024-06-21,7030
00929,復華台灣科技優息,60,0,60,致和證券,2024-06-24,7030
2356,英業達,53,6,47,致和證券,2024-06-24,7030
00946,群益科技高息成長,35,0,35,致和證券,2024-06-24,7030
2023,燁輝,30,0,30,致和證券,2024-06-24,7030
2408,南亞科,25,0,25,致和證券,2024-06-24,7030
1314,中石化,31,7,24,致和證券,2024-06-24,7030
6770,力積電,54,31,23,致和證券,2024-06-24,7030
00919,群益台灣精選高息,25,2,23,致和證券,2024-06-24,7030
2353,宏��,22,0,22,致和證券,2024-06-24,7030
00712,復華富時不動產,21,0,21,致和證券,2024-06-24,7030
2344,華邦電,19,1,18,致和證券,2024-06-24,7030
3231,緯創,25,7,18,致和證券,2024-06-24,7030
1101,台泥,22,5,17,致和證券,2024-06-24,7030
1301,台塑,17,0,17,致和證券,2024-06-24,7030
2464,盟立,33,16,17,致和證券,2024-06-24,7030
2609,陽明,22,5,17,致和證券,2024-06-24,7030
5864,致和證,17,0,17,致和證券,2024-06-24,7030
2382,廣達,23,7,16,致和證券,2024-06-24,7030
4967,十銓,17,3,14,致和證券,2024-06-24,7030
3047,訊舟,14,1,13,致和證券,2024-06-24,7030
2330,台積電,13,0,13,致和證券,2024-06-24,7030
00940,元大台灣價值高息,22,10,12,致和證券,2024-06-24,7030
6477,安集,12,0,12,致和證券,2024-06-24,7030
2347,聯強,11,0,11,致和證券,2024-06-24,7030
1529,樂事綠能,11,0,11,致和證券,2024-06-24,7030
4306,炎洲,11,0,11,致和證券,2024-06-24,7030
1210,大成,10,0,10,致和證券,2024-06-24,7030
1582,信錦,65,55,10,致和證券,2024-06-24,7030
2337,旺宏,10,0,10,致和證券,2024-06-24,7030
3576,聯合再生,10,0,10,致和證券,2024-06-24,7030
4906,正文,10,0,10,致和證券,2024-06-24,7030
5222,全訊,10,0,10,致和證券,2024-06-24,7030
9921,巨大,10,0,10,致和證券,2024-06-24,7030
2331,精英,10,1,9,致和證券,2024-06-24,7030
2409,友達,9,0,9,致和證券,2024-06-24,7030
2611,志信,9,0,9,致和證券,2024-06-24,7030
5347,世界,19,10,9,致和證券,2024-06-24,7030
3035,智原,8,0,8,致和證券,2024-06-24,7030
2369,菱生,15,7,8,致和證券,2024-06-24,7030
4168,醣聯,8,0,8,致和證券,2024-06-24,7030
4722,國精化,8,0,8,致和證券,2024-06-24,7030
00936,台新永續高息中小,7,0,7,致和證券,2024-06-24,7030
8076,伍豐,10,3,7,致和證券,2024-06-24,7030
00878,國泰永續高股息,6,0,6,致和證券,2024-06-24,7030
2436,偉詮電,6,0,6,致和證券,2024-06-24,7030
2607,榮運,6,0,6,致和證券,2024-06-24,7030
3356,奇偶,6,0,6,致和證券,2024-06-24,7030
1460,宏遠,5,0,5,致和證券,2024-06-24,7030
00853B,統一美債10年Aa-,5,0,5,致和證券,2024-06-24,7030
00706L,期元大S＆P日圓正2,5,0,5,致和證券,2024-06-24,7030
2834,臺企銀,120,0,120,致和證券,2024-06-25,7030
5864,致和證,76,1,75,致和證券,2024-06-25,7030
2409,友達,60,15,45,致和證券,2024-06-25,7030
4306,炎洲,41,0,41,致和證券,2024-06-25,7030
1582,信錦,42,5,37,致和證券,2024-06-25,7030
3481,群創,62,25,37,致和證券,2024-06-25,7030
1709,和益,30,0,30,致和證券,2024-06-25,7030
8488,吉源-KY,23,0,23,致和證券,2024-06-25,7030
00885,富邦越南,22,0,22,致和證券,2024-06-25,7030
9928,中視,40,20,20,致和證券,2024-06-25,7030
6176,瑞儀,17,0,17,致和證券,2024-06-25,7030
3673,TPK-KY,16,1,15,致和證券,2024-06-25,7030
4934,太極,15,0,15,致和證券,2024-06-25,7030
2406,國碩,15,0,15,致和證券,2024-06-25,7030
3037,欣興,14,0,14,致和證券,2024-06-25,7030
2363,矽統,14,1,13,致和證券,2024-06-25,7030
00940,元大台灣價值高息,13,1,12,致和證券,2024-06-25,7030
00939,統一台灣高息動能,15,3,12,致和證券,2024-06-25,7030
1101,台泥,16,4,12,致和證券,2024-06-25,7030
00923,群益台ESG低碳50,11,0,11,致和證券,2024-06-25,7030
1815,富喬,31,20,11,致和證券,2024-06-25,7030
2374,佳能,13,2,11,致和證券,2024-06-25,7030
3041,揚智,11,0,11,致和證券,2024-06-25,7030
4967,十銓,11,0,11,致和證券,2024-06-25,7030
2330,台積電,11,1,10,致和證券,2024-06-25,7030
00680L,元大美債20正2,10,0,10,致和證券,2024-06-25,7030
1210,大成,10,0,10,致和證券,2024-06-25,7030
2324,仁寶,11,1,10,致和證券,2024-06-25,7030
2615,萬海,24,14,10,致和證券,2024-06-25,7030
2883,凱基金,17,7,10,致和證券,2024-06-25,7030
6120,達運,10,0,10,致和證券,2024-06-25,7030
8024,佑華,10,0,10,致和證券,2024-06-25,7030
3231,緯創,14,5,9,致和證券,2024-06-25,7030
2408,南亞科,9,0,9,致和證券,2024-06-25,7030
3234,光環,10,1,9,致和證券,2024-06-25,7030
4526,東台,16,7,9,致和證券,2024-06-25,7030
4532,瑞智,10,1,9,致和證券,2024-06-25,7030
00919,群益台灣精選高息,17,8,9,致和證券,2024-06-25,7030
3372,典範,8,0,8,致和證券,2024-06-25,7030
00830,國泰費城半導體,7,0,7,致和證券,2024-06-25,7030
8064,東捷,8,1,7,致和證券,2024-06-25,7030
2472,立隆電,7,1,6,致和證券,2024-06-25,7030
4168,醣聯,8,2,6,致和證券,2024-06-25,7030
5228,鈺鎧,6,0,6,致和證券,2024-06-25,7030
8046,南電,6,0,6,致和證券,2024-06-25,7030
1449,佳和,5,0,5,致和證券,2024-06-25,7030
00904,新光臺灣半導體30,5,0,5,致和證券,2024-06-25,7030
1611,中電,10,5,5,致和證券,2024-06-25,7030
2312,金寶,6,1,5,致和證券,2024-06-25,7030
2345,智邦,5,0,5,致和證券,2024-06-25,7030
1609,大亞,112,10,102,致和證券,2024-06-26,7030
2834,臺企銀,52,0,52,致和證券,2024-06-26,7030
2489,瑞軒,32,0,32,致和證券,2024-06-26,7030
2891,中信金,34,2,32,致和證券,2024-06-26,7030
00712,復華富時不動產,30,0,30,致和證券,2024-06-26,7030
5009,榮剛,29,0,29,致和證券,2024-06-26,7030
2374,佳能,29,3,26,致和證券,2024-06-26,7030
5864,致和證,25,0,25,致和證券,2024-06-26,7030
9105,泰金寶-DR,22,1,21,致和證券,2024-06-26,7030
00939,統一台灣高息動能,20,0,20,致和證券,2024-06-26,7030
2204,中華,20,0,20,致和證券,2024-06-26,7030
1909,榮成,17,0,17,致和證券,2024-06-26,7030
2892,第一金,16,0,16,致和證券,2024-06-26,7030
8028,昇陽半導體,18,3,15,致和證券,2024-06-26,7030
2317,鴻海,27,13,14,致和證券,2024-06-26,7030
2607,榮運,13,0,13,致和證券,2024-06-26,7030
8044,網家,13,0,13,致和證券,2024-06-26,7030
6770,力積電,33,21,12,致和證券,2024-06-26,7030
2884,玉山金,11,0,11,致和證券,2024-06-26,7030
3481,群創,55,44,11,致和證券,2024-06-26,7030
2615,萬海,14,4,10,致和證券,2024-06-26,7030
00680L,元大美債20正2,10,0,10,致和證券,2024-06-26,7030
1210,大成,10,0,10,致和證券,2024-06-26,7030
00948B,中信優息投資級債,10,0,10,致和證券,2024-06-26,7030
3231,緯創,13,3,10,致和證券,2024-06-26,7030
6257,矽格,10,0,10,致和證券,2024-06-26,7030
8926,台汽電,10,0,10,致和證券,2024-06-26,7030
1907,永豐餘,11,2,9,致和證券,2024-06-26,7030
5220,萬達光電,9,0,9,致和證券,2024-06-26,7030
3540,曜越,11,2,9,致和證券,2024-06-26,7030
2009,第一銅,8,0,8,致和證券,2024-06-26,7030
2355,敬鵬,8,0,8,致和證券,2024-06-26,7030
4714,永捷,8,0,8,致和證券,2024-06-26,7030
1101,台泥,8,1,7,致和證券,2024-06-26,7030
2515,中工,10,3,7,致和證券,2024-06-26,7030
3499,環天科,7,0,7,致和證券,2024-06-26,7030
3372,典範,6,0,6,致和證券,2024-06-26,7030
5284,jpp-KY,6,0,6,致和證券,2024-06-26,7030
00940,元大台灣價值高息,5,0,5,致和證券,2024-06-26,7030
00706L,期元大S＆P日圓正2,5,0,5,致和證券,2024-06-26,7030
00753L,中信中國50正2,5,0,5,致和證券,2024-06-26,7030
00642U,期元大S＆P石油,5,0,5,致和證券,2024-06-26,7030
00911,兆豐洲際半導體,5,0,5,致和證券,2024-06-26,7030
1815,富喬,38,33,5,致和證券,2024-06-26,7030
2002,中鋼,6,1,5,致和證券,2024-06-26,7030
2351,順德,5,0,5,致和證券,2024-06-26,7030
2409,友達,5,0,5,致和證券,2024-06-26,7030
2412,中華電,5,0,5,致和證券,2024-06-26,7030
3033,威健,5,0,5,致和證券,2024-06-26,7030
3178,公準,5,0,5,致和證券,2024-06-26,7030
00937B,群益ESG投等債20,87,0,87,致和證券,2024-06-27,7030
1909,榮成,70,0,70,致和證券,2024-06-27,7030
00936,台新永續高息中小,51,0,51,致和證券,2024-06-27,7030
1802,台玻,37,0,37,致和證券,2024-06-27,7030
6770,力積電,51,17,34,致和證券,2024-06-27,7030
2885,元大金,31,0,31,致和證券,2024-06-27,7030
00929,復華台灣科技優息,27,0,27,致和證券,2024-06-27,7030
00712,復華富時不動產,25,0,25,致和證券,2024-06-27,7030
1605,華新,26,3,23,致和證券,2024-06-27,7030
3128,昇銳,23,0,23,致和證券,2024-06-27,7030
00948B,中信優息投資級債,21,0,21,致和證券,2024-06-27,7030
2023,燁輝,21,0,21,致和證券,2024-06-27,7030
00680L,元大美債20正2,20,0,20,致和證券,2024-06-27,7030
4167,松瑞藥,20,3,17,致和證券,2024-06-27,7030
3499,環天科,17,0,17,致和證券,2024-06-27,7030
2888,新光金,16,0,16,致和證券,2024-06-27,7030
5009,榮剛,15,0,15,致和證券,2024-06-27,7030
1815,富喬,26,12,14,致和證券,2024-06-27,7030
1709,和益,15,2,13,致和證券,2024-06-27,7030
4714,永捷,13,0,13,致和證券,2024-06-27,7030
2883,凱基金,12,0,12,致和證券,2024-06-27,7030
5210,寶碩,12,0,12,致和證券,2024-06-27,7030
1210,大成,11,0,11,致和證券,2024-06-27,7030
0056,元大高股息,11,0,11,致和證券,2024-06-27,7030
2906,高林,11,0,11,致和證券,2024-06-27,7030
8103,瀚荃,11,0,11,致和證券,2024-06-27,7030
5488,松普,10,0,10,致和證券,2024-06-27,7030
00753L,中信中國50正2,10,0,10,致和證券,2024-06-27,7030
00706L,期元大S＆P日圓正2,10,0,10,致和證券,2024-06-27,7030
1540,喬福,10,0,10,致和證券,2024-06-27,7030
2337,旺宏,10,0,10,致和證券,2024-06-27,7030
2417,圓剛,10,0,10,致和證券,2024-06-27,7030
3014,聯陽,10,0,10,致和證券,2024-06-27,7030
5522,遠雄,10,0,10,致和證券,2024-06-27,7030
6026,福邦證,10,0,10,致和證券,2024-06-27,7030
6712,長聖,10,0,10,致和證券,2024-06-27,7030
8455,大拓-KY,10,0,10,致和證券,2024-06-27,7030
2882,國泰金,11,2,9,致和證券,2024-06-27,7030
5864,致和證,9,0,9,致和證券,2024-06-27,7030
1609,大亞,52,44,8,致和證券,2024-06-27,7030
2331,精英,9,1,8,致和證券,2024-06-27,7030
4722,國精化,8,0,8,致和證券,2024-06-27,7030
5220,萬達光電,8,0,8,致和證券,2024-06-27,7030
5469,瀚宇博,8,0,8,致和證券,2024-06-27,7030
6139,亞翔,11,3,8,致和證券,2024-06-27,7030
6415,矽力*-KY,8,0,8,致和證券,2024-06-27,7030
8488,吉源-KY,8,0,8,致和證券,2024-06-27,7030
2241,艾姆勒,7,0,7,致和證券,2024-06-27,7030
2354,鴻準,8,1,7,致和證券,2024-06-27,7030
2376,技嘉,7,0,7,致和證券,2024-06-27,7030
3576,聯合再生,154,8,146,致和證券,2024-06-28,7030
00720B,元大投資級公司債,100,0,100,致和證券,2024-06-28,7030
2537,聯上發,80,0,80,致和證券,2024-06-28,7030
00937B,群益ESG投等債20,71,0,71,致和證券,2024-06-28,7030
00936,台新永續高息中小,61,0,61,致和證券,2024-06-28,7030
00664R,國泰臺灣加權反1,60,0,60,致和證券,2024-06-28,7030
9105,泰金寶-DR,55,7,48,致和證券,2024-06-28,7030
2023,燁輝,30,0,30,致和證券,2024-06-28,7030
2888,新光金,28,4,24,致和證券,2024-06-28,7030
00712,復華富時不動產,22,0,22,致和證券,2024-06-28,7030
3006,晶豪科,21,0,21,致和證券,2024-06-28,7030
6244,茂迪,32,12,20,致和證券,2024-06-28,7030
6209,今國光,18,0,18,致和證券,2024-06-28,7030
2352,佳世達,22,5,17,致和證券,2024-06-28,7030
2323,中環,21,5,16,致和證券,2024-06-28,7030
5220,萬達光電,16,0,16,致和證券,2024-06-28,7030
8488,吉源-KY,14,0,14,致和證券,2024-06-28,7030
00687B,國泰20年美債,13,0,13,致和證券,2024-06-28,7030
2892,第一金,13,0,13,致和證券,2024-06-28,7030
2618,長榮航,19,7,12,致和證券,2024-06-28,7030
3231,緯創,13,1,12,致和證券,2024-06-28,7030
2208,台船,11,0,11,致和證券,2024-06-28,7030
3481,群創,24,13,11,致和證券,2024-06-28,7030
6770,力積電,10,0,10,致和證券,2024-06-28,7030
2420,新巨,10,0,10,致和證券,2024-06-28,7030
3706,神達,10,0,10,致和證券,2024-06-28,7030
4406,新昕纖,10,0,10,致和證券,2024-06-28,7030
5443,均豪,13,3,10,致和證券,2024-06-28,7030
6269,台郡,10,0,10,致和證券,2024-06-28,7030
2368,金像電,16,7,9,致和證券,2024-06-28,7030
6190,萬泰科,10,1,9,致和證券,2024-06-28,7030
1210,大成,10,2,8,致和證券,2024-06-28,7030
2485,兆赫,7,0,7,致和證券,2024-06-28,7030
2609,陽明,13,6,7,致和證券,2024-06-28,7030
00933B,國泰10Y+金融債,6,0,6,致和證券,2024-06-28,7030
2883,凱基金,6,0,6,致和證券,2024-06-28,7030
4919,新唐,6,0,6,致和證券,2024-06-28,7030
5488,松普,6,0,6,致和證券,2024-06-28,7030
6223,旺矽,8,2,6,致和證券,2024-06-28,7030
8064,東捷,8,2,6,致和證券,2024-06-28,7030
8066,來思達,6,0,6,致和證券,2024-06-28,7030
9928,中視,6,0,6,致和證券,2024-06-28,7030
00706L,期元大S＆P日圓正2,5,0,5,致和證券,2024-06-28,7030
1905,華紙,5,0,5,致和證券,2024-06-28,7030
2103,台橡,5,0,5,致和證券,2024-06-28,7030
2363,矽統,9,4,5,致和證券,2024-06-28,7030
2601,益航,5,0,5,致和證券,2024-06-28,7030
2838A,聯邦銀甲特,5,0,5,致和證券,2024-06-28,7030
3530,晶相光,5,0,5,致和證券,2024-06-28,7030
4967,十銓,7,2,5,致和證券,2024-06-28,7030
2883,凱基金,143,3,140,致和證券,2024-07-01,7030
1101,台泥,125,1,124,致和證券,2024-07-01,7030
00929,復華台灣科技優息,116,0,116,致和證券,2024-07-01,7030
6116,彩晶,108,0,108,致和證券,2024-07-01,7030
2888,新光金,171,64,107,致和證券,2024-07-01,7030
9105,泰金寶-DR,78,3,75,致和證券,2024-07-01,7030
00936,台新永續高息中小,55,0,55,致和證券,2024-07-01,7030
00949,復華日本龍頭,41,0,41,致和證券,2024-07-01,7030
00937B,群益ESG投等債20,35,0,35,致和證券,2024-07-01,7030
3576,聯合再生,38,5,33,致和證券,2024-07-01,7030
1314,中石化,30,0,30,致和證券,2024-07-01,7030
8103,瀚荃,30,0,30,致和證券,2024-07-01,7030
00680L,元大美債20正2,27,0,27,致和證券,2024-07-01,7030
5864,致和證,22,0,22,致和證券,2024-07-01,7030
6770,力積電,46,24,22,致和證券,2024-07-01,7030
6163,華電網,20,1,19,致和證券,2024-07-01,7030
00948B,中信優息投資級債,18,0,18,致和證券,2024-07-01,7030
5344,立衛,17,0,17,致和證券,2024-07-01,7030
4526,東台,16,0,16,致和證券,2024-07-01,7030
5488,松普,16,0,16,致和證券,2024-07-01,7030
2337,旺宏,25,10,15,致和證券,2024-07-01,7030
2371,大同,19,4,15,致和證券,2024-07-01,7030
2323,中環,22,8,14,致和證券,2024-07-01,7030
3623,富晶通,13,0,13,致和證券,2024-07-01,7030
2615,萬海,24,11,13,致和證券,2024-07-01,7030
1609,大亞,14,2,12,致和證券,2024-07-01,7030
2365,昆盈,23,11,12,致和證券,2024-07-01,7030
2614,東森,12,0,12,致和證券,2024-07-01,7030
2313,華通,14,3,11,致和證券,2024-07-01,7030
00931B,統一美債20年,11,0,11,致和證券,2024-07-01,7030
2537,聯上發,42,31,11,致和證券,2024-07-01,7030
3615,安可,11,0,11,致和證券,2024-07-01,7030
6443,元晶,12,1,11,致和證券,2024-07-01,7030
8455,大拓-KY,11,0,11,致和證券,2024-07-01,7030
00902,中信電池及儲能,10,0,10,致和證券,2024-07-01,7030
1210,大成,10,0,10,致和證券,2024-07-01,7030
2025,千興,10,0,10,致和證券,2024-07-01,7030
2031,新光鋼,10,0,10,致和證券,2024-07-01,7030
2472,立隆電,10,0,10,致和證券,2024-07-01,7030
2886,兆豐金,10,0,10,致和證券,2024-07-01,7030
3252,海灣,10,0,10,致和證券,2024-07-01,7030
5498,凱崴,10,0,10,致和證券,2024-07-01,7030
6516,勤崴國際,10,0,10,致和證券,2024-07-01,7030
8076,伍豐,13,3,10,致和證券,2024-07-01,7030
8105,凌巨,11,1,10,致和證券,2024-07-01,7030
00940,元大台灣價值高息,10,1,9,致和證券,2024-07-01,7030
2820,華票,9,0,9,致和證券,2024-07-01,7030
4934,太極,10,1,9,致和證券,2024-07-01,7030
8066,來思達,9,0,9,致和證券,2024-07-01,7030
2609,陽明,39,31,8,致和證券,2024-07-01,7030
00934,中信成長高股息,385,0,385,致和證券,2024-07-02,7030
2303,聯電,76,2,74,致和證券,2024-07-02,7030
1101,台泥,77,3,74,致和證券,2024-07-02,7030
2537,聯上發,60,0,60,致和證券,2024-07-02,7030
00712,復華富時不動產,46,6,40,致和證券,2024-07-02,7030
5864,致和證,40,0,40,致和證券,2024-07-02,7030
2406,國碩,37,0,37,致和證券,2024-07-02,7030
00940,元大台灣價值高息,38,3,35,致和證券,2024-07-02,7030
2913,農林,32,5,27,致和證券,2024-07-02,7030
6770,力積電,50,23,27,致和證券,2024-07-02,7030
2329,華泰,26,0,26,致和證券,2024-07-02,7030
6517,保勝光學,22,0,22,致和證券,2024-07-02,7030
0056,元大高股息,21,0,21,致和證券,2024-07-02,7030
2408,南亞科,20,0,20,致和證券,2024-07-02,7030
2515,中工,20,0,20,致和證券,2024-07-02,7030
6603,富強鑫,20,0,20,致和證券,2024-07-02,7030
8455,大拓-KY,17,0,17,致和證券,2024-07-02,7030
1612,宏泰,16,0,16,致和證券,2024-07-02,7030
6176,瑞儀,16,2,14,致和證券,2024-07-02,7030
00687B,國泰20年美債,13,0,13,致和證券,2024-07-02,7030
00679B,元大美債20年,13,0,13,致和證券,2024-07-02,7030
00933B,國泰10Y+金融債,13,0,13,致和證券,2024-07-02,7030
2201,裕隆,14,1,13,致和證券,2024-07-02,7030
6285,啟��,13,0,13,致和證券,2024-07-02,7030
3711,日月光投控,12,0,12,致和證券,2024-07-02,7030
00949,復華日本龍頭,12,0,12,致和證券,2024-07-02,7030
2511,太子,12,0,12,致和證券,2024-07-02,7030
2880,華南金,12,0,12,致和證券,2024-07-02,7030
2451,創見,12,1,11,致和證券,2024-07-02,7030
3372,典範,11,0,11,致和證券,2024-07-02,7030
4534,慶騰,11,0,11,致和證券,2024-07-02,7030
00948B,中信優息投資級債,10,0,10,致和證券,2024-07-02,7030
00946,群益科技高息成長,10,0,10,致和證券,2024-07-02,7030
00937B,群益ESG投等債20,10,0,10,致和證券,2024-07-02,7030
00932,兆豐永續高息等權,10,0,10,致和證券,2024-07-02,7030
2354,鴻準,13,3,10,致和證券,2024-07-02,7030
2834,臺企銀,10,0,10,致和證券,2024-07-02,7030
3011,今皓,10,0,10,致和證券,2024-07-02,7030
4967,十銓,11,1,10,致和證券,2024-07-02,7030
6431,光麗-KY,10,0,10,致和證券,2024-07-02,7030
2317,鴻海,31,22,9,致和證券,2024-07-02,7030
2331,精英,11,2,9,致和證券,2024-07-02,7030
3535,晶彩科,9,0,9,致和證券,2024-07-02,7030
2449,京元電子,10,2,8,致和證券,2024-07-02,7030
00858,永豐美國500大,8,0,8,致和證券,2024-07-02,7030
00931B,統一美債20年,8,0,8,致和證券,2024-07-02,7030
2352,佳世達,13,5,8,致和證券,2024-07-02,7030
5498,凱崴,8,0,8,致和證券,2024-07-02,7030
6516,勤崴國際,8,0,8,致和證券,2024-07-02,7030
8440,綠電,9,1,8,致和證券,2024-07-02,7030
2002,中鋼,1548,2,1546,致和證券,2024-07-03,7030
00934,中信成長高股息,120,0,120,致和證券,2024-07-03,7030
00940,元大台灣價值高息,71,0,71,致和證券,2024-07-03,7030
3163,波若威,66,0,66,致和證券,2024-07-03,7030
1802,台玻,40,1,39,致和證券,2024-07-03,7030
3576,聯合再生,56,24,32,致和證券,2024-07-03,7030
2474,可成,41,10,31,致和證券,2024-07-03,7030
00680L,元大美債20正2,30,0,30,致和證券,2024-07-03,7030
6509,聚和,29,0,29,致和證券,2024-07-03,7030
6770,力積電,30,1,29,致和證券,2024-07-03,7030
2867,三商壽,41,17,24,致和證券,2024-07-03,7030
1303,南亞,25,1,24,致和證券,2024-07-03,7030
2332,友訊,23,4,19,致和證券,2024-07-03,7030
1101,台泥,15,0,15,致和證券,2024-07-03,7030
2344,華邦電,17,2,15,致和證券,2024-07-03,7030
4306,炎洲,16,2,14,致和證券,2024-07-03,7030
1609,大亞,18,5,13,致和證券,2024-07-03,7030
2402,毅嘉,19,6,13,致和證券,2024-07-03,7030
8044,網家,13,0,13,致和證券,2024-07-03,7030
6441,廣錠,12,0,12,致和證券,2024-07-03,7030
1796,金穎生技,11,0,11,致和證券,2024-07-03,7030
2303,聯電,21,10,11,致和證券,2024-07-03,7030
6658,聯策,11,0,11,致和證券,2024-07-03,7030
1210,大成,10,0,10,致和證券,2024-07-03,7030
00928,中信上櫃ESG30,10,0,10,致和證券,2024-07-03,7030
4157,太景*-KY,10,0,10,致和證券,2024-07-03,7030
4961,天鈺,10,0,10,致和證券,2024-07-03,7030
5243,乙盛-KY,11,1,10,致和證券,2024-07-03,7030
8488,吉源-KY,10,0,10,致和證券,2024-07-03,7030
9902,台火,10,0,10,致和證券,2024-07-03,7030
3673,TPK-KY,12,3,9,致和證券,2024-07-03,7030
3060,銘異,8,0,8,致和證券,2024-07-03,7030
3402,漢科,18,10,8,致和證券,2024-07-03,7030
6282,康舒,9,1,8,致和證券,2024-07-03,7030
5880,合庫金,10,3,7,致和證券,2024-07-03,7030
0050,元大台灣50,7,0,7,致和證券,2024-07-03,7030
3011,今皓,7,0,7,致和證券,2024-07-03,7030
3312,弘憶股,7,0,7,致和證券,2024-07-03,7030
3686,達能,7,0,7,致和證券,2024-07-03,7030
9105,泰金寶-DR,14,7,7,致和證券,2024-07-03,7030
1446,宏和,6,0,6,致和證券,2024-07-03,7030
2356,英業達,7,1,6,致和證券,2024-07-03,7030
3265,台星科,6,0,6,致和證券,2024-07-03,7030
8110,華東,6,0,6,致和證券,2024-07-03,7030
3034,聯詠,5,0,5,致和證券,2024-07-03,7030
1514,亞力,5,0,5,致和證券,2024-07-03,7030
0056,元大高股息,5,0,5,致和證券,2024-07-03,7030
00720B,元大投資級公司債,5,0,5,致和證券,2024-07-03,7030
00795B,中信美國公債20年,5,0,5,致和證券,2024-07-03,7030
2337,旺宏,18,13,5,致和證券,2024-07-03,7030
00632R,元大台灣50反1,105,0,105,致和證券,2024-07-04,7030
4532,瑞智,95,0,95,致和證券,2024-07-04,7030
3362,先進光,71,0,71,致和證券,2024-07-04,7030
4157,太景*-KY,60,0,60,致和證券,2024-07-04,7030
2867,三商壽,67,15,52,致和證券,2024-07-04,7030
00712,復華富時不動產,50,0,50,致和證券,2024-07-04,7030
2888,新光金,70,27,43,致和證券,2024-07-04,7030
2324,仁寶,40,0,40,致和證券,2024-07-04,7030
5347,世界,35,1,34,致和證券,2024-07-04,7030
9955,佳龍,32,0,32,致和證券,2024-07-04,7030
2323,中環,41,11,30,致和證券,2024-07-04,7030
4120,友華,26,0,26,致和證券,2024-07-04,7030
4906,正文,31,10,21,致和證券,2024-07-04,7030
1312,國喬,20,0,20,致和證券,2024-07-04,7030
2609,陽明,18,0,18,致和證券,2024-07-04,7030
3490,單井,18,0,18,致和證券,2024-07-04,7030
1815,富喬,27,10,17,致和證券,2024-07-04,7030
2344,華邦電,16,0,16,致和證券,2024-07-04,7030
9904,寶成,15,0,15,致和證券,2024-07-04,7030
6443,元晶,21,7,14,致和證券,2024-07-04,7030
00934,中信成長高股息,22,10,12,致和證券,2024-07-04,7030
2340,台亞,12,0,12,致和證券,2024-07-04,7030
2603,長榮,12,0,12,致和證券,2024-07-04,7030
1611,中電,12,1,11,致和證券,2024-07-04,7030
2303,聯電,34,23,11,致和證券,2024-07-04,7030
2474,可成,11,0,11,致和證券,2024-07-04,7030
2615,萬海,12,1,11,致和證券,2024-07-04,7030
9105,泰金寶-DR,13,2,11,致和證券,2024-07-04,7030
00679B,元大美債20年,11,1,10,致和證券,2024-07-04,7030
1210,大成,10,0,10,致和證券,2024-07-04,7030
2913,農林,24,14,10,致和證券,2024-07-04,7030
4961,天鈺,10,0,10,致和證券,2024-07-04,7030
5450,南良,10,0,10,致和證券,2024-07-04,7030
6147,頎邦,10,0,10,致和證券,2024-07-04,7030
2204,中華,10,0,10,致和證券,2024-07-04,7030
2376,技嘉,9,0,9,致和證券,2024-07-04,7030
4533,協易機,10,1,9,致和證券,2024-07-04,7030
5392,能率,9,0,9,致和證券,2024-07-04,7030
2449,京元電子,14,6,8,致和證券,2024-07-04,7030
6275,元山,8,0,8,致和證券,2024-07-04,7030
4167,松瑞藥,7,0,7,致和證券,2024-07-04,7030
6127,九豪,7,0,7,致和證券,2024-07-04,7030
2482,連宇,7,0,7,致和證券,2024-07-04,7030
2489,瑞軒,18,11,7,致和證券,2024-07-04,7030
2611,志信,7,0,7,致和證券,2024-07-04,7030
2801,彰銀,7,0,7,致和證券,2024-07-04,7030
3050,鈺德,12,5,7,致和證券,2024-07-04,7030
4503,金雨,7,0,7,致和證券,2024-07-04,7030
5230,雷笛克光學,7,0,7,致和證券,2024-07-04,7030
5443,均豪,8,2,6,致和證券,2024-07-04,7030
2633,台灣高鐵,980,10,970,致和證券,2024-07-05,7030
4960,誠美材,516,0,516,致和證券,2024-07-05,7030
00919,群益台灣精選高息,110,1,109,致和證券,2024-07-05,7030
2308,台達電,78,3,75,致和證券,2024-07-05,7030
2023,燁輝,70,0,70,致和證券,2024-07-05,7030
9928,中視,40,0,40,致和證券,2024-07-05,7030
6126,信音,40,2,38,致和證券,2024-07-05,7030
2330,台積電,34,0,34,致和證券,2024-07-05,7030
00940,元大台灣價值高息,35,2,33,致和證券,2024-07-05,7030
2601,益航,30,0,30,致和證券,2024-07-05,7030
5880,合庫金,30,0,30,致和證券,2024-07-05,7030
2324,仁寶,27,0,27,致和證券,2024-07-05,7030
2316,楠梓電,25,0,25,致和證券,2024-07-05,7030
9945,潤泰新,25,0,25,致和證券,2024-07-05,7030
2201,裕隆,22,0,22,致和證券,2024-07-05,7030
1513,中興電,33,13,20,致和證券,2024-07-05,7030
1815,富喬,22,2,20,致和證券,2024-07-05,7030
2618,長榮航,19,0,19,致和證券,2024-07-05,7030
1608,華榮,18,3,15,致和證券,2024-07-05,7030
3607,谷崧,20,5,15,致和證券,2024-07-05,7030
00725B,國泰投資級公司債,14,0,14,致和證券,2024-07-05,7030
2344,華邦電,19,5,14,致和證券,2024-07-05,7030
2614,東森,14,0,14,致和證券,2024-07-05,7030
2376,技嘉,15,3,12,致和證券,2024-07-05,7030
1514,亞力,14,3,11,致和證券,2024-07-05,7030
2402,毅嘉,21,10,11,致和證券,2024-07-05,7030
3265,台星科,11,0,11,致和證券,2024-07-05,7030
9105,泰金寶-DR,13,2,11,致和證券,2024-07-05,7030
2303,聯電,13,2,11,致和證券,2024-07-05,7030
5347,世界,16,6,10,致和證券,2024-07-05,7030
00937B,群益ESG投等債20,10,0,10,致和證券,2024-07-05,7030
1210,大成,10,0,10,致和證券,2024-07-05,7030
1104,環泥,10,0,10,致和證券,2024-07-05,7030
1714,和桐,10,0,10,致和證券,2024-07-05,7030
3322,建舜電,10,0,10,致和證券,2024-07-05,7030
1587,吉茂,9,0,9,致和證券,2024-07-05,7030
3037,欣興,9,0,9,致和證券,2024-07-05,7030
2323,中環,14,6,8,致和證券,2024-07-05,7030
2329,華泰,10,2,8,致和證券,2024-07-05,7030
2637,慧洋-KY,8,0,8,致和證券,2024-07-05,7030
2891,中信金,13,5,8,致和證券,2024-07-05,7030
00679B,元大美債20年,7,0,7,致和證券,2024-07-05,7030
3047,訊舟,30,23,7,致和證券,2024-07-05,7030
3689,湧德,7,0,7,致和證券,2024-07-05,7030
8076,伍豐,9,2,7,致和證券,2024-07-05,7030
2610,華航,9,3,6,致和證券,2024-07-05,7030
6698,旭暉應材,6,0,6,致和證券,2024-07-05,7030
1609,大亞,11,5,6,致和證券,2024-07-05,7030
2498,宏達電,7,1,6,致和證券,2024-07-05,7030
3050,鈺德,7,1,6,致和證券,2024-07-05,7030
5880,合庫金,60,0,60,致和證券,2024-07-08,7030
00712,復華富時不動產,50,0,50,致和證券,2024-07-08,7030
1582,信錦,47,5,42,致和證券,2024-07-08,7030
2883,凱基金,43,6,37,致和證券,2024-07-08,7030
00919,群益台灣精選高息,36,0,36,致和證券,2024-07-08,7030
2354,鴻準,52,17,35,致和證券,2024-07-08,7030
00939,統一台灣高息動能,31,0,31,致和證券,2024-07-08,7030
00946,群益科技高息成長,30,0,30,致和證券,2024-07-08,7030
1802,台玻,30,0,30,致和證券,2024-07-08,7030
4157,太景*-KY,30,0,30,致和證券,2024-07-08,7030
00934,中信成長高股息,23,0,23,致和證券,2024-07-08,7030
6443,元晶,29,6,23,致和證券,2024-07-08,7030
9928,中視,23,0,23,致和證券,2024-07-08,7030
1785,光洋科,47,25,22,致和證券,2024-07-08,7030
6153,嘉聯益,22,1,21,致和證券,2024-07-08,7030
00927,群益半導體收益,22,1,21,致和證券,2024-07-08,7030
2427,三商電,22,1,21,致和證券,2024-07-08,7030
8064,東捷,27,7,20,致和證券,2024-07-08,7030
2451,創見,20,0,20,致和證券,2024-07-08,7030
3607,谷崧,20,0,20,致和證券,2024-07-08,7030
8028,昇陽半導體,23,4,19,致和證券,2024-07-08,7030
3481,群創,33,15,18,致和證券,2024-07-08,7030
1609,大亞,24,6,18,致和證券,2024-07-08,7030
9105,泰金寶-DR,30,12,18,致和證券,2024-07-08,7030
2365,昆盈,29,12,17,致和證券,2024-07-08,7030
3287,廣寰科,17,0,17,致和證券,2024-07-08,7030
5328,華容,18,1,17,致和證券,2024-07-08,7030
3710,連展投控,20,4,16,致和證券,2024-07-08,7030
00949,復華日本龍頭,14,0,14,致和證券,2024-07-08,7030
5347,世界,17,3,14,致和證券,2024-07-08,7030
6213,聯茂,16,3,13,致和證券,2024-07-08,7030
2457,飛宏,14,1,13,致和證券,2024-07-08,7030
2344,華邦電,14,3,11,致和證券,2024-07-08,7030
1210,大成,10,0,10,致和證券,2024-07-08,7030
1809,中釉,10,0,10,致和證券,2024-07-08,7030
3264,欣銓,10,0,10,致和證券,2024-07-08,7030
4934,太極,10,0,10,致和證券,2024-07-08,7030
8403,盛弘,10,0,10,致和證券,2024-07-08,7030
8455,大拓-KY,10,0,10,致和證券,2024-07-08,7030
2025,千興,9,0,9,致和證券,2024-07-08,7030
00735,國泰臺韓科技,7,0,7,致和證券,2024-07-08,7030
3062,建漢,8,1,7,致和證券,2024-07-08,7030
3163,波若威,11,4,7,致和證券,2024-07-08,7030
3252,海灣,7,0,7,致和證券,2024-07-08,7030
2353,宏��,9,3,6,致和證券,2024-07-08,7030
2606,裕民,6,0,6,致和證券,2024-07-08,7030
2612,中航,6,0,6,致和證券,2024-07-08,7030
3048,益登,10,4,6,致和證券,2024-07-08,7030
3202,樺晟,20,14,6,致和證券,2024-07-08,7030
3379,彬台,6,0,6,致和證券,2024-07-08,7030
4960,誠美材,283,13,270,致和證券,2024-07-09,7030
00940,元大台灣價值高息,127,6,121,致和證券,2024-07-09,7030
2888,新光金,164,68,96,致和證券,2024-07-09,7030
9105,泰金寶-DR,112,20,92,致和證券,2024-07-09,7030
00933B,國泰10Y+金融債,85,0,85,致和證券,2024-07-09,7030
00905,FT臺灣Smart,70,0,70,致和證券,2024-07-09,7030
2801,彰銀,50,0,50,致和證券,2024-07-09,7030
2312,金寶,69,23,46,致和證券,2024-07-09,7030
1301,台塑,31,0,31,致和證券,2024-07-09,7030
2317,鴻海,46,16,30,致和證券,2024-07-09,7030
8105,凌巨,35,8,27,致和證券,2024-07-09,7030
2367,燿華,44,19,25,致和證券,2024-07-09,7030
6153,嘉聯益,26,7,19,致和證券,2024-07-09,7030
2913,農林,26,8,18,致和證券,2024-07-09,7030
3050,鈺德,25,7,18,致和證券,2024-07-09,7030
2353,宏��,24,8,16,致和證券,2024-07-09,7030
4909,新復興,16,0,16,致和證券,2024-07-09,7030
1582,信錦,20,5,15,致和證券,2024-07-09,7030
2405,輔信,26,11,15,致和證券,2024-07-09,7030
2834,臺企銀,31,17,14,致和證券,2024-07-09,7030
3481,群創,18,4,14,致和證券,2024-07-09,7030
5452,佶優,13,0,13,致和證券,2024-07-09,7030
3060,銘異,32,20,12,致和證券,2024-07-09,7030
3231,緯創,15,3,12,致和證券,2024-07-09,7030
1536,和大,16,4,12,致和證券,2024-07-09,7030
2354,鴻準,25,14,11,致和證券,2024-07-09,7030
4938,和碩,11,0,11,致和證券,2024-07-09,7030
1210,大成,10,0,10,致和證券,2024-07-09,7030
00934,中信成長高股息,10,0,10,致和證券,2024-07-09,7030
00901,永豐智能車供應鏈,10,0,10,致和證券,2024-07-09,7030
2023,燁輝,10,0,10,致和證券,2024-07-09,7030
2451,創見,10,0,10,致和證券,2024-07-09,7030
2547,日勝生,10,0,10,致和證券,2024-07-09,7030
2641,正德,10,0,10,致和證券,2024-07-09,7030
2883B,凱基金乙特,10,0,10,致和證券,2024-07-09,7030
4157,太景*-KY,10,0,10,致和證券,2024-07-09,7030
6120,達運,12,2,10,致和證券,2024-07-09,7030
6712,長聖,10,0,10,致和證券,2024-07-09,7030
2374,佳能,11,2,9,致和證券,2024-07-09,7030
3036,文曄,9,0,9,致和證券,2024-07-09,7030
1605,華新,8,0,8,致和證券,2024-07-09,7030
2356,英業達,10,2,8,致和證券,2024-07-09,7030
2449,京元電子,25,17,8,致和證券,2024-07-09,7030
5347,世界,18,10,8,致和證券,2024-07-09,7030
2603,長榮,8,1,7,致和證券,2024-07-09,7030
3707,漢磊,7,0,7,致和證券,2024-07-09,7030
9928,中視,17,10,7,致和證券,2024-07-09,7030
2365,昆盈,20,14,6,致和證券,2024-07-09,7030
8473,山林水,6,0,6,致和證券,2024-07-09,7030
3047,訊舟,10,4,6,致和證券,2024-07-09,7030
00940,元大台灣價值高息,308,3,305,致和證券,2024-07-10,7030
2025,千興,300,0,300,致和證券,2024-07-10,7030
2312,金寶,134,16,118,致和證券,2024-07-10,7030
2834,臺企銀,102,0,102,致和證券,2024-07-10,7030
2489,瑞軒,87,13,74,致和證券,2024-07-10,7030
00712,復華富時不動產,32,0,32,致和證券,2024-07-10,7030
4120,友華,31,0,31,致和證券,2024-07-10,7030
6126,信音,32,4,28,致和證券,2024-07-10,7030
2371,大同,24,3,21,致和證券,2024-07-10,7030
5309,系統電,26,6,20,致和證券,2024-07-10,7030
00950B,凱基A級公司債,18,0,18,致和證券,2024-07-10,7030
2301,光寶科,16,2,14,致和證券,2024-07-10,7030
2537,聯上發,15,2,13,致和證券,2024-07-10,7030
2603,長榮,15,2,13,致和證券,2024-07-10,7030
2897,王道銀行,13,0,13,致和證券,2024-07-10,7030
1785,光洋科,17,5,12,致和證券,2024-07-10,7030
00927,群益半導體收益,11,0,11,致和證券,2024-07-10,7030
3260,威剛,12,1,11,致和證券,2024-07-10,7030
2611,志信,10,0,10,致和證券,2024-07-10,7030
1618,合機,11,1,10,致和證券,2024-07-10,7030
1909,榮成,10,0,10,致和證券,2024-07-10,7030
2337,旺宏,10,0,10,致和證券,2024-07-10,7030
2367,燿華,14,4,10,致和證券,2024-07-10,7030
1504,東元,10,1,9,致和證券,2024-07-10,7030
2101,南港,9,0,9,致和證券,2024-07-10,7030
2392,正崴,22,13,9,致和證券,2024-07-10,7030
2408,南亞科,10,1,9,致和證券,2024-07-10,7030
00929,復華台灣科技優息,8,0,8,致和證券,2024-07-10,7030
2884,玉山金,18,10,8,致和證券,2024-07-10,7030
6456,GIS-KY,11,3,8,致和證券,2024-07-10,7030
6477,安集,7,0,7,致和證券,2024-07-10,7030
2330,台積電,8,1,7,致和證券,2024-07-10,7030
4904,遠傳,6,0,6,致和證券,2024-07-10,7030
1326,台化,6,0,6,致和證券,2024-07-10,7030
2405,輔信,8,2,6,致和證券,2024-07-10,7030
2615,萬海,12,6,6,致和證券,2024-07-10,7030
3016,嘉晶,6,0,6,致和證券,2024-07-10,7030
6177,達麗,6,0,6,致和證券,2024-07-10,7030
00725B,國泰投資級公司債,5,0,5,致和證券,2024-07-10,7030
3498,陽程,5,0,5,致和證券,2024-07-10,7030
2845,遠東銀,5,0,5,致和證券,2024-07-10,7030
3231,緯創,5,0,5,致和證券,2024-07-10,7030
5222,全訊,5,0,5,致和證券,2024-07-10,7030
5347,世界,5,0,5,致和證券,2024-07-10,7030
6153,嘉聯益,5,0,5,致和證券,2024-07-10,7030
6244,茂迪,6,1,5,致和證券,2024-07-10,7030
6658,聯策,6,1,5,致和證券,2024-07-10,7030
2359,所羅門,13,9,4,致和證券,2024-07-10,7030
3712,永崴投控,4,0,4,致和證券,2024-07-10,7030
3050,鈺德,5,1,4,致和證券,2024-07-10,7030
2025,千興,303,0,303,致和證券,2024-07-11,7030
00632R,元大台灣50反1,140,0,140,致和證券,2024-07-11,7030
1528,恩德,101,1,100,致和證券,2024-07-11,7030
3481,群創,76,5,71,致和證券,2024-07-11,7030
9105,泰金寶-DR,101,51,50,致和證券,2024-07-11,7030
1314,中石化,42,0,42,致和證券,2024-07-11,7030
1802,台玻,30,0,30,致和證券,2024-07-11,7030
2888,新光金,38,15,23,致和證券,2024-07-11,7030
8488,吉源-KY,22,0,22,致和證券,2024-07-11,7030
2354,鴻準,23,2,21,致和證券,2024-07-11,7030
4526,東台,22,1,21,致和證券,2024-07-11,7030
00895,富邦未來車,20,0,20,致和證券,2024-07-11,7030
1605,華新,20,0,20,致和證券,2024-07-11,7030
6120,達運,19,1,18,致和證券,2024-07-11,7030
3231,緯創,16,0,16,致和證券,2024-07-11,7030
00943,兆豐電子高息等權,15,0,15,致和證券,2024-07-11,7030
8044,網家,14,0,14,致和證券,2024-07-11,7030
00936,台新永續高息中小,12,0,12,致和證券,2024-07-11,7030
2362,藍天,15,3,12,致和證券,2024-07-11,7030
2408,南亞科,42,30,12,致和證券,2024-07-11,7030
00950B,凱基A級公司債,11,0,11,致和證券,2024-07-11,7030
00945B,凱基美國非投等債,11,0,11,致和證券,2024-07-11,7030
5871,中租-KY,16,5,11,致和證券,2024-07-11,7030
4722,國精化,10,0,10,致和證券,2024-07-11,7030
1795,美時,10,0,10,致和證券,2024-07-11,7030
00687B,國泰20年美債,10,0,10,致和證券,2024-07-11,7030
1301,台塑,9,0,9,致和證券,2024-07-11,7030
2867,三商壽,50,41,9,致和證券,2024-07-11,7030
4167,松瑞藥,10,1,9,致和證券,2024-07-11,7030
1514,亞力,18,9,9,致和證券,2024-07-11,7030
00882,中信中國高股息,8,0,8,致和證券,2024-07-11,7030
2405,輔信,12,4,8,致和證券,2024-07-11,7030
4974,亞泰,8,0,8,致和證券,2024-07-11,7030
5228,鈺鎧,8,0,8,致和證券,2024-07-11,7030
3346,麗清,7,0,7,致和證券,2024-07-11,7030
1785,光洋科,13,6,7,致和證券,2024-07-11,7030
2367,燿華,12,5,7,致和證券,2024-07-11,7030
2402,毅嘉,10,3,7,致和證券,2024-07-11,7030
6532,瑞耘,7,0,7,致和證券,2024-07-11,7030
2603,長榮,7,0,7,致和證券,2024-07-11,7030
00679B,元大美債20年,6,0,6,致和證券,2024-07-11,7030
1582,信錦,13,7,6,致和證券,2024-07-11,7030
2630,亞航,6,0,6,致和證券,2024-07-11,7030
3047,訊舟,11,5,6,致和證券,2024-07-11,7030
3694,海華,6,0,6,致和證券,2024-07-11,7030
00878,國泰永續高股息,5,0,5,致和證券,2024-07-11,7030
0056,元大高股息,5,0,5,致和證券,2024-07-11,7030
1303,南亞,5,0,5,致和證券,2024-07-11,7030
1618,合機,6,1,5,致和證券,2024-07-11,7030
2228,劍麟,5,0,5,致和證券,2024-07-11,7030
00688L,國泰20年美債正2,96,0,96,致和證券,2024-07-12,7030
00919,群益台灣精選高息,86,1,85,致和證券,2024-07-12,7030
6116,彩晶,84,7,77,致和證券,2024-07-12,7030
2312,金寶,82,18,64,致和證券,2024-07-12,7030
1326,台化,55,0,55,致和證券,2024-07-12,7030
2303,聯電,43,5,38,致和證券,2024-07-12,7030
00934,中信成長高股息,31,0,31,致和證券,2024-07-12,7030
6516,勤崴國際,29,0,29,致和證券,2024-07-12,7030
00882,中信中國高股息,30,4,26,致和證券,2024-07-12,7030
1301,台塑,26,1,25,致和證券,2024-07-12,7030
2317,鴻海,33,8,25,致和證券,2024-07-12,7030
2408,南亞科,24,0,24,致和證券,2024-07-12,7030
00927,群益半導體收益,23,0,23,致和證券,2024-07-12,7030
00929,復華台灣科技優息,28,6,22,致和證券,2024-07-12,7030
1718,中纖,22,1,21,致和證券,2024-07-12,7030
00895,富邦未來車,20,0,20,致和證券,2024-07-12,7030
5234,達興材料,20,0,20,致和證券,2024-07-12,7030
6127,九豪,21,1,20,致和證券,2024-07-12,7030
00904,新光臺灣半導體30,18,0,18,致和證券,2024-07-12,7030
00939,統一台灣高息動能,18,0,18,致和證券,2024-07-12,7030
2313,華通,19,3,16,致和證券,2024-07-12,7030
006208,富邦台50,16,0,16,致和證券,2024-07-12,7030
8488,吉源-KY,16,0,16,致和證券,2024-07-12,7030
2367,燿華,24,9,15,致和證券,2024-07-12,7030
6139,亞翔,15,0,15,致和證券,2024-07-12,7030
6126,信音,15,2,13,致和證券,2024-07-12,7030
6770,力積電,16,3,13,致和證券,2024-07-12,7030
2330,台積電,13,1,12,致和證券,2024-07-12,7030
1504,東元,11,0,11,致和證券,2024-07-12,7030
00946,群益科技高息成長,11,0,11,致和證券,2024-07-12,7030
00740B,富邦全球投等債,10,0,10,致和證券,2024-07-12,7030
2634,漢翔,10,0,10,致和證券,2024-07-12,7030
3050,鈺德,10,0,10,致和證券,2024-07-12,7030
3673,TPK-KY,10,0,10,致和證券,2024-07-12,7030
5272,笙科,31,21,10,致和證券,2024-07-12,7030
6573,虹揚-KY,10,0,10,致和證券,2024-07-12,7030
8150,南茂,10,0,10,致和證券,2024-07-12,7030
1569,濱川,10,1,9,致和證券,2024-07-12,7030
2374,佳能,11,2,9,致和證券,2024-07-12,7030
2618,長榮航,9,0,9,致和證券,2024-07-12,7030
3224,三顧,10,1,9,致和證券,2024-07-12,7030
1303,南亞,11,3,8,致和證券,2024-07-12,7030
5347,世界,13,5,8,致和證券,2024-07-12,7030
8110,華東,8,0,8,致和證券,2024-07-12,7030
2301,光寶科,10,2,8,致和證券,2024-07-12,7030
3711,日月光投控,9,2,7,致和證券,2024-07-12,7030
3054,立萬利,7,0,7,致和證券,2024-07-12,7030
6443,元晶,13,6,7,致和證券,2024-07-12,7030
3346,麗清,7,1,6,致和證券,2024-07-12,7030
1316,上曜,20,14,6,致和證券,2024-07-12,7030
2025,千興,300,0,300,致和證券,2024-07-15,7030
2867,三商壽,115,3,112,致和證券,2024-07-15,7030
00937B,群益ESG投等債20,104,0,104,致和證券,2024-07-15,7030
2883,凱基金,101,13,88,致和證券,2024-07-15,7030
2489,瑞軒,94,18,76,致和證券,2024-07-15,7030
2891,中信金,56,2,54,致和證券,2024-07-15,7030
2356,英業達,124,72,52,致和證券,2024-07-15,7030
8011,台通,52,2,50,致和證券,2024-07-15,7030
00923,群益台ESG低碳50,50,2,48,致和證券,2024-07-15,7030
00934,中信成長高股息,56,13,43,致和證券,2024-07-15,7030
2332,友訊,40,2,38,致和證券,2024-07-15,7030
2888,新光金,69,36,33,致和證券,2024-07-15,7030
2409,友達,28,2,26,致和證券,2024-07-15,7030
6770,力積電,26,0,26,致和證券,2024-07-15,7030
00882,中信中國高股息,24,0,24,致和證券,2024-07-15,7030
00679B,元大美債20年,22,0,22,致和證券,2024-07-15,7030
1608,華榮,26,4,22,致和證券,2024-07-15,7030
2408,南亞科,21,0,21,致和證券,2024-07-15,7030
2889,國票金,21,0,21,致和證券,2024-07-15,7030
2367,燿華,19,1,18,致和證券,2024-07-15,7030
8044,網家,18,0,18,致和證券,2024-07-15,7030
3265,台星科,20,5,15,致和證券,2024-07-15,7030
6120,達運,15,0,15,致和證券,2024-07-15,7030
2354,鴻準,15,1,14,致和證券,2024-07-15,7030
2535,達欣工,14,1,13,致和證券,2024-07-15,7030
2548,華固,13,0,13,致和證券,2024-07-15,7030
6163,華電網,12,0,12,致和證券,2024-07-15,7030
8358,金居,11,0,11,致和證券,2024-07-15,7030
00945B,凱基美國非投等債,10,0,10,致和證券,2024-07-15,7030
1314,中石化,10,0,10,致和證券,2024-07-15,7030
00929,復華台灣科技優息,10,0,10,致和證券,2024-07-15,7030
00927,群益半導體收益,10,0,10,致和證券,2024-07-15,7030
2468,華經,10,0,10,致和證券,2024-07-15,7030
2801,彰銀,10,0,10,致和證券,2024-07-15,7030
2845,遠東銀,10,0,10,致和證券,2024-07-15,7030
6147,頎邦,10,0,10,致和證券,2024-07-15,7030
6743,安普新,10,0,10,致和證券,2024-07-15,7030
5272,笙科,10,1,9,致和證券,2024-07-15,7030
1316,上曜,25,16,9,致和證券,2024-07-15,7030
2434,統懋,9,0,9,致和證券,2024-07-15,7030
6116,彩晶,9,0,9,致和證券,2024-07-15,7030
9105,泰金寶-DR,14,5,9,致和證券,2024-07-15,7030
2376,技嘉,9,1,8,致和證券,2024-07-15,7030
2634,漢翔,8,0,8,致和證券,2024-07-15,7030
8105,凌巨,38,30,8,致和證券,2024-07-15,7030
8488,吉源-KY,8,0,8,致和證券,2024-07-15,7030
2014,中鴻,8,1,7,致和證券,2024-07-15,7030
2352,佳世達,8,1,7,致和證券,2024-07-15,7030
2401,凌陽,12,5,7,致和證券,2024-07-15,7030
2405,輔信,8,1,7,致和證券,2024-07-15,7030
2025,千興,300,0,300,致和證券,2024-07-16,7030
4960,誠美材,141,3,138,致和證券,2024-07-16,7030
00937B,群益ESG投等債20,80,0,80,致和證券,2024-07-16,7030
00929,復華台灣科技優息,58,1,57,致和證券,2024-07-16,7030
00712,復華富時不動產,55,0,55,致和證券,2024-07-16,7030
0056,元大高股息,55,0,55,致和證券,2024-07-16,7030
00725B,國泰投資級公司債,50,0,50,致和證券,2024-07-16,7030
2208,台船,50,0,50,致和證券,2024-07-16,7030
4526,東台,45,0,45,致和證券,2024-07-16,7030
2328,廣宇,32,0,32,致和證券,2024-07-16,7030
00945B,凱基美國非投等債,31,0,31,致和證券,2024-07-16,7030
2408,南亞科,22,0,22,致和證券,2024-07-16,7030
5531,鄉林,22,0,22,致和證券,2024-07-16,7030
3576,聯合再生,20,0,20,致和證券,2024-07-16,7030
1101,台泥,20,1,19,致和證券,2024-07-16,7030
6712,長聖,19,0,19,致和證券,2024-07-16,7030
2312,金寶,38,20,18,致和證券,2024-07-16,7030
8044,網家,24,6,18,致和證券,2024-07-16,7030
2615,萬海,23,7,16,致和證券,2024-07-16,7030
8488,吉源-KY,16,0,16,致和證券,2024-07-16,7030
00934,中信成長高股息,15,0,15,致和證券,2024-07-16,7030
2548,華固,14,0,14,致和證券,2024-07-16,7030
9105,泰金寶-DR,15,2,13,致和證券,2024-07-16,7030
3036,文曄,12,0,12,致和證券,2024-07-16,7030
2515,中工,13,1,12,致和證券,2024-07-16,7030
00949,復華日本龍頭,11,0,11,致和證券,2024-07-16,7030
2340,台亞,11,0,11,致和證券,2024-07-16,7030
6209,今國光,11,0,11,致和證券,2024-07-16,7030
00895,富邦未來車,10,0,10,致和證券,2024-07-16,7030
00882,中信中國高股息,10,0,10,致和證券,2024-07-16,7030
2331,精英,10,0,10,致和證券,2024-07-16,7030
2547,日勝生,10,0,10,致和證券,2024-07-16,7030
4534,慶騰,10,0,10,致和證券,2024-07-16,7030
4934,太極,10,0,10,致和證券,2024-07-16,7030
6126,信音,10,0,10,致和證券,2024-07-16,7030
6127,九豪,12,2,10,致和證券,2024-07-16,7030
8096,擎亞,11,1,10,致和證券,2024-07-16,7030
1513,中興電,18,10,8,致和證券,2024-07-16,7030
2867,三商壽,8,0,8,致和證券,2024-07-16,7030
4974,亞泰,8,0,8,致和證券,2024-07-16,7030
00680L,元大美債20正2,7,0,7,致和證券,2024-07-16,7030
2356,英業達,11,4,7,致和證券,2024-07-16,7030
3011,今皓,7,0,7,致和證券,2024-07-16,7030
6443,元晶,48,41,7,致和證券,2024-07-16,7030
2367,燿華,10,4,6,致和證券,2024-07-16,7030
1608,華榮,6,0,6,致和證券,2024-07-16,7030
2618,長榮航,6,0,6,致和證券,2024-07-16,7030
4979,華星光,6,0,6,致和證券,2024-07-16,7030
2603,長榮,6,1,5,致和證券,2024-07-16,7030
2881,富邦金,5,0,5,致和證券,2024-07-16,7030
2025,千興,313,0,313,致和證券,2024-07-17,7030
00712,復華富時不動產,260,12,248,致和證券,2024-07-17,7030
00937B,群益ESG投等債20,72,0,72,致和證券,2024-07-17,7030
0056,元大高股息,71,15,56,致和證券,2024-07-17,7030
6116,彩晶,63,7,56,致和證券,2024-07-17,7030
00948B,中信優息投資級債,51,0,51,致和證券,2024-07-17,7030
1608,華榮,39,5,34,致和證券,2024-07-17,7030
1301,台塑,33,1,32,致和證券,2024-07-17,7030
1319,東陽,31,0,31,致和證券,2024-07-17,7030
00725B,國泰投資級公司債,30,0,30,致和證券,2024-07-17,7030
3265,台星科,38,10,28,致和證券,2024-07-17,7030
8455,大拓-KY,23,0,23,致和證券,2024-07-17,7030
4729,熒茂,20,0,20,致和證券,2024-07-17,7030
2409,友達,22,3,19,致和證券,2024-07-17,7030
8488,吉源-KY,17,0,17,致和證券,2024-07-17,7030
00934,中信成長高股息,16,0,16,致和證券,2024-07-17,7030
4906,正文,26,10,16,致和證券,2024-07-17,7030
2352,佳世達,15,0,15,致和證券,2024-07-17,7030
8011,台通,26,11,15,致和證券,2024-07-17,7030
006208,富邦台50,14,0,14,致和證券,2024-07-17,7030
4566,時碩工業,16,3,13,致和證券,2024-07-17,7030
2382,廣達,13,0,13,致和證券,2024-07-17,7030
2489,瑞軒,17,5,12,致和證券,2024-07-17,7030
3508,位速,12,0,12,致和證券,2024-07-17,7030
2537,聯上發,92,80,12,致和證券,2024-07-17,7030
2408,南亞科,11,0,11,致和證券,2024-07-17,7030
5309,系統電,11,0,11,致和證券,2024-07-17,7030
5880,合庫金,11,0,11,致和證券,2024-07-17,7030
2427,三商電,10,0,10,致和證券,2024-07-17,7030
2547,日勝生,10,0,10,致和證券,2024-07-17,7030
3054,立萬利,10,0,10,致和證券,2024-07-17,7030
6173,信昌電,11,1,10,致和證券,2024-07-17,7030
2543,皇昌,46,37,9,致和證券,2024-07-17,7030
3704,合勤控,9,0,9,致和證券,2024-07-17,7030
5426,振發,29,20,9,致和證券,2024-07-17,7030
00936,台新永續高息中小,8,0,8,致和證券,2024-07-17,7030
3294,英濟,9,1,8,致和證券,2024-07-17,7030
8437,大地-KY,8,0,8,致和證券,2024-07-17,7030
3231,緯創,17,9,8,致和證券,2024-07-17,7030
00927,群益半導體收益,7,0,7,致和證券,2024-07-17,7030
2312,金寶,9,3,6,致和證券,2024-07-17,7030
2845,遠東銀,6,0,6,致和證券,2024-07-17,7030
00919,群益台灣精選高息,5,0,5,致和證券,2024-07-17,7030
00905,FT臺灣Smart,5,0,5,致和證券,2024-07-17,7030
00904,新光臺灣半導體30,5,0,5,致和證券,2024-07-17,7030
1568,倉佑,5,0,5,致和證券,2024-07-17,7030
2340,台亞,5,0,5,致和證券,2024-07-17,7030
6152,百一,5,0,5,致和證券,2024-07-17,7030
6283,淳安,6,1,5,致和證券,2024-07-17,7030
6603,富強鑫,5,0,5,致和證券,2024-07-17,7030
2025,千興,2301,25,2276,致和證券,2024-07-18,7030
00940,元大台灣價值高息,75,0,75,致和證券,2024-07-18,7030
00680L,元大美債20正2,52,0,52,致和證券,2024-07-18,7030
00929,復華台灣科技優息,84,33,51,致和證券,2024-07-18,7030
9105,泰金寶-DR,42,1,41,致和證券,2024-07-18,7030
1709,和益,50,12,38,致和證券,2024-07-18,7030
00919,群益台灣精選高息,28,0,28,致和證券,2024-07-18,7030
1301,台塑,39,12,27,致和證券,2024-07-18,7030
00927,群益半導體收益,33,6,27,致和證券,2024-07-18,7030
9955,佳龍,27,1,26,致和證券,2024-07-18,7030
0056,元大高股息,21,0,21,致和證券,2024-07-18,7030
8011,台通,24,3,21,致和證券,2024-07-18,7030
2014,中鴻,22,2,20,致和證券,2024-07-18,7030
2867,三商壽,20,0,20,致和證券,2024-07-18,7030
3265,台星科,27,7,20,致和證券,2024-07-18,7030
2204,中華,45,26,19,致和證券,2024-07-18,7030
6264,富裔,19,0,19,致和證券,2024-07-18,7030
1605,華新,20,2,18,致和證券,2024-07-18,7030
2356,英業達,19,1,18,致和證券,2024-07-18,7030
5488,松普,18,0,18,致和證券,2024-07-18,7030
2421,建準,17,0,17,致和證券,2024-07-18,7030
2891,中信金,22,5,17,致和證券,2024-07-18,7030
8437,大地-KY,16,0,16,致和證券,2024-07-18,7030
00936,台新永續高息中小,15,0,15,致和證券,2024-07-18,7030
2538,基泰,15,0,15,致和證券,2024-07-18,7030
5880,合庫金,15,0,15,致和證券,2024-07-18,7030
6142,友勁,15,0,15,致和證券,2024-07-18,7030
8105,凌巨,74,59,15,致和證券,2024-07-18,7030
8455,大拓-KY,15,0,15,致和證券,2024-07-18,7030
2367,燿華,15,1,14,致和證券,2024-07-18,7030
2408,南亞科,16,2,14,致和證券,2024-07-18,7030
3013,晟銘電,18,4,14,致和證券,2024-07-18,7030
3580,友威科,14,0,14,致和證券,2024-07-18,7030
00918,大華優利高填息30,13,0,13,致和證券,2024-07-18,7030
2489,瑞軒,13,0,13,致和證券,2024-07-18,7030
3048,益登,14,1,13,致和證券,2024-07-18,7030
3481,群創,18,6,12,致和證券,2024-07-18,7030
6770,力積電,47,35,12,致和證券,2024-07-18,7030
8488,吉源-KY,12,0,12,致和證券,2024-07-18,7030
1402,遠東新,11,0,11,致和證券,2024-07-18,7030
5272,笙科,11,0,11,致和證券,2024-07-18,7030
6213,聯茂,11,0,11,致和證券,2024-07-18,7030
6215,和椿,11,0,11,致和證券,2024-07-18,7030
00946,群益科技高息成長,11,0,11,致和證券,2024-07-18,7030
2317,鴻海,25,15,10,致和證券,2024-07-18,7030
00932,兆豐永續高息等權,10,0,10,致和證券,2024-07-18,7030
00941,中信上游半導體,10,0,10,致和證券,2024-07-18,7030
1810,和成,10,0,10,致和證券,2024-07-18,7030
2634,漢翔,20,10,10,致和證券,2024-07-18,7030
2834,臺企銀,10,0,10,致和證券,2024-07-18,7030
2025,千興,313,0,313,致和證券,2024-07-19,7030
2834,臺企銀,223,14,209,致和證券,2024-07-19,7030
00929,復華台灣科技優息,97,21,76,致和證券,2024-07-19,7030
6126,信音,75,3,72,致和證券,2024-07-19,7030
2801,彰銀,50,0,50,致和證券,2024-07-19,7030
5011,久陽,50,0,50,致和證券,2024-07-19,7030
2888,新光金,47,8,39,致和證券,2024-07-19,7030
2474,可成,39,2,37,致和證券,2024-07-19,7030
00919,群益台灣精選高息,36,0,36,致和證券,2024-07-19,7030
2845,遠東銀,35,0,35,致和證券,2024-07-19,7030
00680L,元大美債20正2,30,0,30,致和證券,2024-07-19,7030
2023,燁輝,30,0,30,致和證券,2024-07-19,7030
00934,中信成長高股息,27,0,27,致和證券,2024-07-19,7030
3265,台星科,35,10,25,致和證券,2024-07-19,7030
0056,元大高股息,29,4,25,致和證券,2024-07-19,7030
9945,潤泰新,29,6,23,致和證券,2024-07-19,7030
00946,群益科技高息成長,22,0,22,致和證券,2024-07-19,7030
5871,中租-KY,20,0,20,致和證券,2024-07-19,7030
1582,信錦,40,20,20,致和證券,2024-07-19,7030
00878,國泰永續高股息,23,4,19,致和證券,2024-07-19,7030
2312,金寶,30,11,19,致和證券,2024-07-19,7030
2481,強茂,17,0,17,致和證券,2024-07-19,7030
3481,群創,20,4,16,致和證券,2024-07-19,7030
2330,台積電,26,10,16,致和證券,2024-07-19,7030
1605,華新,15,0,15,致和證券,2024-07-19,7030
2812,台中銀,15,0,15,致和證券,2024-07-19,7030
2867,三商壽,15,0,15,致和證券,2024-07-19,7030
6120,達運,15,0,15,致和證券,2024-07-19,7030
3037,欣興,18,3,15,致和證券,2024-07-19,7030
2883,凱基金,15,2,13,致和證券,2024-07-19,7030
6163,華電網,29,16,13,致和證券,2024-07-19,7030
1609,大亞,29,17,12,致和證券,2024-07-19,7030
2303,聯電,12,0,12,致和證券,2024-07-19,7030
4306,炎洲,12,0,12,致和證券,2024-07-19,7030
8044,網家,12,0,12,致和證券,2024-07-19,7030
2376,技嘉,12,1,11,致和證券,2024-07-19,7030
6290,良維,11,0,11,致和證券,2024-07-19,7030
00905,FT臺灣Smart,10,0,10,致和證券,2024-07-19,7030
2537,聯上發,12,2,10,致和證券,2024-07-19,7030
00932,兆豐永續高息等權,10,0,10,致和證券,2024-07-19,7030
2201,裕隆,15,5,10,致和證券,2024-07-19,7030
2355,敬鵬,10,0,10,致和證券,2024-07-19,7030
2547,日勝生,11,1,10,致和證券,2024-07-19,7030
2610,華航,10,0,10,致和證券,2024-07-19,7030
5864,致和證,10,0,10,致和證券,2024-07-19,7030
6712,長聖,10,0,10,致和證券,2024-07-19,7030
2409,友達,11,2,9,致和證券,2024-07-19,7030
2892,第一金,11,2,9,致和證券,2024-07-19,7030
2324,仁寶,13,5,8,致和證券,2024-07-19,7030
2891,中信金,8,0,8,致和證券,2024-07-19,7030
1584,精剛,501,0,501,致和證券,2024-07-22,7030
2025,千興,450,0,450,致和證券,2024-07-22,7030
3481,群創,108,1,107,致和證券,2024-07-22,7030
2027,大成鋼,143,38,105,致和證券,2024-07-22,7030
5011,久陽,80,0,80,致和證券,2024-07-22,7030
00940,元大台灣價值高息,64,0,64,致和證券,2024-07-22,7030
00929,復華台灣科技優息,101,61,40,致和證券,2024-07-22,7030
00933B,國泰10Y+金融債,35,0,35,致和證券,2024-07-22,7030
2515,中工,34,0,34,致和證券,2024-07-22,7030
00878,國泰永續高股息,32,1,31,致和證券,2024-07-22,7030
1609,大亞,55,26,29,致和證券,2024-07-22,7030
0056,元大高股息,44,16,28,致和證券,2024-07-22,7030
5228,鈺鎧,26,0,26,致和證券,2024-07-22,7030
3231,緯創,30,5,25,致和證券,2024-07-22,7030
2382,廣達,28,8,20,致和證券,2024-07-22,7030
2332,友訊,20,0,20,致和證券,2024-07-22,7030
00934,中信成長高股息,18,0,18,致和證券,2024-07-22,7030
4120,友華,18,0,18,致和證券,2024-07-22,7030
5876,上海商銀,17,0,17,致和證券,2024-07-22,7030
3714,富采,18,2,16,致和證券,2024-07-22,7030
00932,兆豐永續高息等權,15,0,15,致和證券,2024-07-22,7030
1608,華榮,13,0,13,致和證券,2024-07-22,7030
2352,佳世達,13,0,13,致和證券,2024-07-22,7030
2369,菱生,15,2,13,致和證券,2024-07-22,7030
1582,信錦,17,5,12,致和證券,2024-07-22,7030
2204,中華,13,1,12,致和證券,2024-07-22,7030
2323,中環,12,0,12,致和證券,2024-07-22,7030
2481,強茂,12,0,12,致和證券,2024-07-22,7030
4906,正文,20,8,12,致和證券,2024-07-22,7030
3036,文曄,11,0,11,致和證券,2024-07-22,7030
00919,群益台灣精選高息,20,10,10,致和證券,2024-07-22,7030
1795,美時,11,1,10,致和證券,2024-07-22,7030
1316,上曜,11,1,10,致和證券,2024-07-22,7030
2101,南港,10,0,10,致和證券,2024-07-22,7030
2845,遠東銀,10,0,10,致和證券,2024-07-22,7030
3694,海華,10,0,10,致和證券,2024-07-22,7030
4722,國精化,10,0,10,致和證券,2024-07-22,7030
5302,太欣,10,0,10,致和證券,2024-07-22,7030
8383,千附,10,0,10,致和證券,2024-07-22,7030
3362,先進光,11,1,10,致和證券,2024-07-22,7030
2201,裕隆,35,26,9,致和證券,2024-07-22,7030
2324,仁寶,11,2,9,致和證券,2024-07-22,7030
2303,聯電,29,20,9,致和證券,2024-07-22,7030
1314,中石化,10,2,8,致和證券,2024-07-22,7030
2365,昆盈,16,8,8,致和證券,2024-07-22,7030
2887,台新金,8,0,8,致和證券,2024-07-22,7030
4306,炎洲,8,0,8,致和證券,2024-07-22,7030
2408,南亞科,13,6,7,致和證券,2024-07-22,7030
2610,華航,7,0,7,致和證券,2024-07-22,7030
2881,富邦金,9,2,7,致和證券,2024-07-22,7030
2025,千興,759,0,759,致和證券,2024-07-23,7030
1802,台玻,210,0,210,致和證券,2024-07-23,7030
2888,新光金,119,25,94,致和證券,2024-07-23,7030
2030,彰源,60,0,60,致和證券,2024-07-23,7030
9105,泰金寶-DR,43,2,41,致和證券,2024-07-23,7030
2409,友達,42,3,39,致和證券,2024-07-23,7030
3481,群創,35,3,32,致和證券,2024-07-23,7030
2349,錸德,30,0,30,致和證券,2024-07-23,7030
00680L,元大美債20正2,25,0,25,致和證券,2024-07-23,7030
3686,達能,24,0,24,致和證券,2024-07-23,7030
2408,南亞科,23,1,22,致和證券,2024-07-23,7030
4120,友華,20,0,20,致和證券,2024-07-23,7030
00919,群益台灣精選高息,15,0,15,致和證券,2024-07-23,7030
3041,揚智,15,0,15,致和證券,2024-07-23,7030
3501,維熹,24,10,14,致和證券,2024-07-23,7030
2455,全新,12,0,12,致和證券,2024-07-23,7030
00929,復華台灣科技優息,27,16,11,致和證券,2024-07-23,7030
2884,玉山金,11,0,11,致和證券,2024-07-23,7030
3234,光環,11,0,11,致和證券,2024-07-23,7030
1504,東元,10,0,10,致和證券,2024-07-23,7030
00930,永豐ESG低碳高息,10,0,10,致和證券,2024-07-23,7030
00891,中信關鍵半導體,10,0,10,致和證券,2024-07-23,7030
2845,遠東銀,10,0,10,致和證券,2024-07-23,7030
8473,山林水,20,10,10,致和證券,2024-07-23,7030
4128,中天,12,3,9,致和證券,2024-07-23,7030
4109,加捷生醫,10,2,8,致和證券,2024-07-23,7030
4967,十銓,8,1,7,致和證券,2024-07-23,7030
2464,盟立,18,11,7,致和證券,2024-07-23,7030
8105,凌巨,11,4,7,致和證券,2024-07-23,7030
00904,新光臺灣半導體30,6,0,6,致和證券,2024-07-23,7030
2489,瑞軒,6,0,6,致和證券,2024-07-23,7030
3623,富晶通,6,0,6,致和證券,2024-07-23,7030
6669,緯穎,6,0,6,致和證券,2024-07-23,7030
8488,吉源-KY,6,0,6,致和證券,2024-07-23,7030
00878,國泰永續高股息,5,0,5,致和證券,2024-07-23,7030
8374,羅昇,6,1,5,致和證券,2024-07-23,7030
00932,兆豐永續高息等權,5,0,5,致和證券,2024-07-23,7030
2323,中環,5,0,5,致和證券,2024-07-23,7030
2501,國建,24,19,5,致和證券,2024-07-23,7030
3035,智原,8,3,5,致和證券,2024-07-23,7030
3047,訊舟,6,1,5,致和證券,2024-07-23,7030
3049,精金,5,0,5,致和證券,2024-07-23,7030
3714,富采,5,0,5,致和證券,2024-07-23,7030
5347,世界,6,1,5,致和證券,2024-07-23,7030
5426,振發,5,0,5,致和證券,2024-07-23,7030
8440,綠電,5,0,5,致和證券,2024-07-23,7030
2891,中信金,8,3,5,致和證券,2024-07-23,7030
2354,鴻準,5,1,4,致和證券,2024-07-23,7030
3231,緯創,21,17,4,致和證券,2024-07-23,7030
3663,鑫科,4,0,4,致和證券,2024-07-23,7030
2025,千興,450,0,450,致和證券,2024-07-26,7030
00939,統一台灣高息動能,183,0,183,致和證券,2024-07-26,7030
1609,大亞,66,10,56,致和證券,2024-07-26,7030
00929,復華台灣科技優息,51,5,46,致和證券,2024-07-26,7030
2303,聯電,38,5,33,致和證券,2024-07-26,7030
00882,中信中國高股息,25,0,25,致和證券,2024-07-26,7030
2349,錸德,23,1,22,致和證券,2024-07-26,7030
00940,元大台灣價值高息,44,25,19,致和證券,2024-07-26,7030
9933,中鼎,20,1,19,致和證券,2024-07-26,7030
2344,華邦電,19,1,18,致和證券,2024-07-26,7030
2887,台新金,17,0,17,致和證券,2024-07-26,7030
6186,新潤,17,0,17,致和證券,2024-07-26,7030
2330,台積電,19,2,17,致和證券,2024-07-26,7030
8488,吉源-KY,16,0,16,致和證券,2024-07-26,7030
0056,元大高股息,17,2,15,致和證券,2024-07-26,7030
00919,群益台灣精選高息,15,0,15,致和證券,2024-07-26,7030
00891,中信關鍵半導體,14,0,14,致和證券,2024-07-26,7030
00927,群益半導體收益,14,0,14,致和證券,2024-07-26,7030
2634,漢翔,16,2,14,致和證券,2024-07-26,7030
3711,日月光投控,13,0,13,致和證券,2024-07-26,7030
2201,裕隆,13,0,13,致和證券,2024-07-26,7030
2884,玉山金,13,0,13,致和證券,2024-07-26,7030
3362,先進光,12,0,12,致和證券,2024-07-26,7030
5228,鈺鎧,12,0,12,致和證券,2024-07-26,7030
5864,致和證,12,0,12,致和證券,2024-07-26,7030
8455,大拓-KY,12,0,12,致和證券,2024-07-26,7030
1101,台泥,13,2,11,致和證券,2024-07-26,7030
00934,中信成長高股息,11,0,11,致和證券,2024-07-26,7030
2317,鴻海,17,7,10,致和證券,2024-07-26,7030
00902,中信電池及儲能,10,0,10,致和證券,2024-07-26,7030
1342,八貫,10,0,10,致和證券,2024-07-26,7030
1471,首利,10,0,10,致和證券,2024-07-26,7030
5519,隆大,25,15,10,致和證券,2024-07-26,7030
6139,亞翔,10,0,10,致和證券,2024-07-26,7030
2382,廣達,10,0,10,致和證券,2024-07-26,7030
2408,南亞科,13,4,9,致和證券,2024-07-26,7030
2888,新光金,13,4,9,致和證券,2024-07-26,7030
9946,三發地產,9,0,9,致和證券,2024-07-26,7030
4726,永昕,9,1,8,致和證券,2024-07-26,7030
00937B,群益ESG投等債20,8,0,8,致和證券,2024-07-26,7030
1325,恆大,8,0,8,致和證券,2024-07-26,7030
6150,撼訊,8,0,8,致和證券,2024-07-26,7030
00878,國泰永續高股息,9,2,7,致和證券,2024-07-26,7030
2356,英業達,14,7,7,致和證券,2024-07-26,7030
3265,台星科,12,5,7,致和證券,2024-07-26,7030
4128,中天,7,0,7,致和證券,2024-07-26,7030
3231,緯創,8,2,6,致和證券,2024-07-26,7030
00904,新光臺灣半導體30,6,0,6,致和證券,2024-07-26,7030
2618,長榮航,7,1,6,致和證券,2024-07-26,7030
6829,千附精密,6,0,6,致和證券,2024-07-26,7030
2025,千興,455,0,455,致和證券,2024-07-29,7030
00946,群益科技高息成長,111,0,111,致和證券,2024-07-29,7030
1529,樂事綠能,103,0,103,致和證券,2024-07-29,7030
00929,復華台灣科技優息,76,0,76,致和證券,2024-07-29,7030
9105,泰金寶-DR,65,3,62,致和證券,2024-07-29,7030
2537,聯上發,57,2,55,致和證券,2024-07-29,7030
2382,廣達,51,0,51,致和證券,2024-07-29,7030
6220,岳豐,50,0,50,致和證券,2024-07-29,7030
2312,金寶,50,17,33,致和證券,2024-07-29,7030
3362,先進光,28,0,28,致和證券,2024-07-29,7030
00878,國泰永續高股息,26,0,26,致和證券,2024-07-29,7030
00937B,群益ESG投等債20,26,0,26,致和證券,2024-07-29,7030
2597,潤弘,23,0,23,致和證券,2024-07-29,7030
6443,元晶,20,0,20,致和證券,2024-07-29,7030
2538,基泰,18,0,18,致和證券,2024-07-29,7030
3481,群創,16,0,16,致和證券,2024-07-29,7030
3501,維熹,16,0,16,致和證券,2024-07-29,7030
2316,楠梓電,14,0,14,致和證券,2024-07-29,7030
6215,和椿,13,0,13,致和證券,2024-07-29,7030
1304,台聚,12,0,12,致和證券,2024-07-29,7030
8936,國統,12,0,12,致和證券,2024-07-29,7030
3037,欣興,14,3,11,致和證券,2024-07-29,7030
00919,群益台灣精選高息,11,0,11,致和證券,2024-07-29,7030
1325,恆大,10,0,10,致和證券,2024-07-29,7030
1409,新纖,10,0,10,致和證券,2024-07-29,7030
1611,中電,10,0,10,致和證券,2024-07-29,7030
2355,敬鵬,10,0,10,致和證券,2024-07-29,7030
2897,王道銀行,10,0,10,致和證券,2024-07-29,7030
3022,威強電,14,4,10,致和證券,2024-07-29,7030
4961,天鈺,10,0,10,致和證券,2024-07-29,7030
5263,智崴,10,0,10,致和證券,2024-07-29,7030
5521,工信,10,0,10,致和證券,2024-07-29,7030
2324,仁寶,11,1,10,致和證券,2024-07-29,7030
1314,中石化,16,7,9,致和證券,2024-07-29,7030
2409,友達,9,0,9,致和證券,2024-07-29,7030
5364,力麗店,10,1,9,致和證券,2024-07-29,7030
3231,緯創,10,3,7,致和證券,2024-07-29,7030
2884,玉山金,7,0,7,致和證券,2024-07-29,7030
1608,華榮,7,0,7,致和證券,2024-07-29,7030
2356,英業達,10,3,7,致和證券,2024-07-29,7030
2886,兆豐金,7,0,7,致和證券,2024-07-29,7030
3035,智原,7,0,7,致和證券,2024-07-29,7030
1609,大亞,11,5,6,致和證券,2024-07-29,7030
00915,凱基優選高股息30,6,0,6,致和證券,2024-07-29,7030
1612,宏泰,6,0,6,致和證券,2024-07-29,7030
2313,華通,6,0,6,致和證券,2024-07-29,7030
2434,統懋,6,0,6,致和證券,2024-07-29,7030
2515,中工,7,1,6,致和證券,2024-07-29,7030
3530,晶相光,6,0,6,致和證券,2024-07-29,7030
3594,磐儀,6,0,6,致和證券,2024-07-29,7030
2025,千興,450,5,445,致和證券,2024-07-30,7030
1584,精剛,142,0,142,致和證券,2024-07-30,7030
00857B,永豐20年美公債,100,0,100,致和證券,2024-07-30,7030
1529,樂事綠能,84,0,84,致和證券,2024-07-30,7030
5864,致和證,62,0,62,致和證券,2024-07-30,7030
00929,復華台灣科技優息,60,1,59,致和證券,2024-07-30,7030
3037,欣興,57,1,56,致和證券,2024-07-30,7030
2303,聯電,50,0,50,致和證券,2024-07-30,7030
00940,元大台灣價值高息,31,0,31,致和證券,2024-07-30,7030
00632R,元大台灣50反1,30,0,30,致和證券,2024-07-30,7030
00676R,富邦臺灣加權反1,20,0,20,致和證券,2024-07-30,7030
2722,夏都,30,10,20,致和證券,2024-07-30,7030
3047,訊舟,16,1,15,致和證券,2024-07-30,7030
3362,先進光,15,0,15,致和證券,2024-07-30,7030
6220,岳豐,15,0,15,致和證券,2024-07-30,7030
2634,漢翔,20,6,14,致和證券,2024-07-30,7030
3022,威強電,14,0,14,致和證券,2024-07-30,7030
00878,國泰永續高股息,21,8,13,致和證券,2024-07-30,7030
2344,華邦電,17,4,13,致和證券,2024-07-30,7030
2337,旺宏,16,4,12,致和證券,2024-07-30,7030
0056,元大高股息,11,0,11,致和證券,2024-07-30,7030
3706,神達,12,1,11,致和證券,2024-07-30,7030
2349,錸德,62,52,10,致和證券,2024-07-30,7030
00637L,元大滬深300正2,10,0,10,致和證券,2024-07-30,7030
00930,永豐ESG低碳高息,10,0,10,致和證券,2024-07-30,7030
5521,工信,10,0,10,致和證券,2024-07-30,7030
6120,達運,10,0,10,致和證券,2024-07-30,7030
4120,友華,9,0,9,致和證券,2024-07-30,7030
1216,統一,7,0,7,致和證券,2024-07-30,7030
2419,仲琦,7,0,7,致和證券,2024-07-30,7030
6829,千附精密,7,0,7,致和證券,2024-07-30,7030
2884,玉山金,6,0,6,致和證券,2024-07-30,7030
3034,聯詠,6,0,6,致和證券,2024-07-30,7030
1536,和大,6,0,6,致和證券,2024-07-30,7030
2316,楠梓電,8,2,6,致和證券,2024-07-30,7030
6477,安集,6,0,6,致和證券,2024-07-30,7030
6589,台康生技,6,0,6,致和證券,2024-07-30,7030
2317,鴻海,19,14,5,致和證券,2024-07-30,7030
00715L,期街口布蘭特正2,5,0,5,致和證券,2024-07-30,7030
2356,英業達,5,0,5,致和證券,2024-07-30,7030
2449,京元電子,5,0,5,致和證券,2024-07-30,7030
3011,今皓,5,0,5,致和證券,2024-07-30,7030
4564,元翎,7,2,5,致和證券,2024-07-30,7030
5469,瀚宇博,5,0,5,致和證券,2024-07-30,7030
2891,中信金,5,0,5,致和證券,2024-07-30,7030
2408,南亞科,4,0,4,致和證券,2024-07-30,7030
00919,群益台灣精選高息,6,2,4,致和證券,2024-07-30,7030
1101,台泥,4,0,4,致和證券,2024-07-30,7030
2352,佳世達,4,0,4,致和證券,2024-07-30,7030
3189,景碩,5,1,4,致和證券,2024-07-30,7030
2025,千興,450,0,450,致和證券,2024-07-31,7030
2409,友達,53,0,53,致和證券,2024-07-31,7030
2883,凱基金,32,1,31,致和證券,2024-07-31,7030
4960,誠美材,30,0,30,致和證券,2024-07-31,7030
2905,三商,25,0,25,致和證券,2024-07-31,7030
00937B,群益ESG投等債20,23,0,23,致和證券,2024-07-31,7030
00929,復華台灣科技優息,21,0,21,致和證券,2024-07-31,7030
00933B,國泰10Y+金融債,12,0,12,致和證券,2024-07-31,7030
3376,新日興,12,0,12,致和證券,2024-07-31,7030
1608,華榮,11,0,11,致和證券,2024-07-31,7030
5228,鈺鎧,11,0,11,致和證券,2024-07-31,7030
6016,康和證,11,0,11,致和證券,2024-07-31,7030
8455,大拓-KY,11,0,11,致和證券,2024-07-31,7030
00946,群益科技高息成長,10,0,10,致和證券,2024-07-31,7030
1446,宏和,10,0,10,致和證券,2024-07-31,7030
00935,野村臺灣新科技50,10,0,10,致和證券,2024-07-31,7030
00725B,國泰投資級公司債,10,0,10,致和證券,2024-07-31,7030
1582,信錦,15,5,10,致和證券,2024-07-31,7030
2455,全新,10,0,10,致和證券,2024-07-31,7030
2520,冠德,10,0,10,致和證券,2024-07-31,7030
2890,永豐金,10,0,10,致和證券,2024-07-31,7030
3036,文曄,10,0,10,致和證券,2024-07-31,7030
3499,環天科,10,0,10,致和證券,2024-07-31,7030
1609,大亞,8,0,8,致和證券,2024-07-31,7030
00679B,元大美債20年,8,0,8,致和證券,2024-07-31,7030
2610,華航,9,1,8,致和證券,2024-07-31,7030
2867,三商壽,8,0,8,致和證券,2024-07-31,7030
9945,潤泰新,7,0,7,致和證券,2024-07-31,7030
1514,亞力,6,0,6,致和證券,2024-07-31,7030
2303,聯電,6,0,6,致和證券,2024-07-31,7030
4714,永捷,6,0,6,致和證券,2024-07-31,7030
3211,順達,5,0,5,致和證券,2024-07-31,7030
3665,貿聯-KY,5,0,5,致和證券,2024-07-31,7030
5347,世界,17,12,5,致和證券,2024-07-31,7030
6829,千附精密,5,0,5,致和證券,2024-07-31,7030
4510,高鋒,7,2,5,致和證券,2024-07-31,7030
00878,國泰永續高股息,6,2,4,致和證券,2024-07-31,7030
2408,南亞科,4,0,4,致和證券,2024-07-31,7030
2442,新美齊,5,1,4,致和證券,2024-07-31,7030
3515,華擎,4,0,4,致和證券,2024-07-31,7030
6116,彩晶,4,0,4,致和證券,2024-07-31,7030
6147,頎邦,4,0,4,致和證券,2024-07-31,7030
2382,廣達,6,2,4,致和證券,2024-07-31,7030
2615,萬海,5,2,3,致和證券,2024-07-31,7030
00687B,國泰20年美債,3,0,3,致和證券,2024-07-31,7030
1795,美時,3,0,3,致和證券,2024-07-31,7030
2344,華邦電,3,0,3,致和證券,2024-07-31,7030
2348,海悅,3,0,3,致和證券,2024-07-31,7030
2419,仲琦,3,0,3,致和證券,2024-07-31,7030
2537,聯上發,3,0,3,致和證券,2024-07-31,7030
2025,千興,450,3,447,致和證券,2024-08-01,7030
2888,新光金,204,8,196,致和證券,2024-08-01,7030
8358,金居,96,0,96,致和證券,2024-08-01,7030
2884,玉山金,42,0,42,致和證券,2024-08-01,7030
1802,台玻,30,0,30,致和證券,2024-08-01,7030
2383,台光電,30,2,28,致和證券,2024-08-01,7030
2206,三陽工業,20,0,20,致和證券,2024-08-01,7030
3052,夆典,20,0,20,致和證券,2024-08-01,7030
3078,僑威,20,0,20,致和證券,2024-08-01,7030
2612,中航,18,0,18,致和證券,2024-08-01,7030
4120,友華,18,0,18,致和證券,2024-08-01,7030
00937B,群益ESG投等債20,17,0,17,致和證券,2024-08-01,7030
00690,兆豐藍籌30,16,0,16,致和證券,2024-08-01,7030
4306,炎洲,18,2,16,致和證券,2024-08-01,7030
2449,京元電子,17,2,15,致和證券,2024-08-01,7030
3054,立萬利,14,0,14,致和證券,2024-08-01,7030
00722B,群益投資級電信債,12,0,12,致和證券,2024-08-01,7030
2344,華邦電,13,1,12,致和證券,2024-08-01,7030
6127,九豪,12,0,12,致和證券,2024-08-01,7030
00909,國泰數位支付服務,11,0,11,致和證券,2024-08-01,7030
6163,華電網,11,0,11,致和證券,2024-08-01,7030
2022,聚亨,10,0,10,致和證券,2024-08-01,7030
2402,毅嘉,10,0,10,致和證券,2024-08-01,7030
2409,友達,12,2,10,致和證券,2024-08-01,7030
3535,晶彩科,15,5,10,致和證券,2024-08-01,7030
8038,長園科,10,0,10,致和證券,2024-08-01,7030
1216,統一,8,0,8,致和證券,2024-08-01,7030
1470,大統新創,8,0,8,致和證券,2024-08-01,7030
1471,首利,7,0,7,致和證券,2024-08-01,7030
00933B,國泰10Y+金融債,7,0,7,致和證券,2024-08-01,7030
00923,群益台ESG低碳50,7,0,7,致和證券,2024-08-01,7030
00712,復華富時不動產,6,0,6,致和證券,2024-08-01,7030
2515,中工,8,2,6,致和證券,2024-08-01,7030
5876,上海商銀,6,0,6,致和證券,2024-08-01,7030
9935,慶豐富,6,0,6,致和證券,2024-08-01,7030
2812,台中銀,5,0,5,致和證券,2024-08-01,7030
3035,智原,5,0,5,致和證券,2024-08-01,7030
3037,欣興,8,3,5,致和證券,2024-08-01,7030
1210,大成,5,0,5,致和證券,2024-08-01,7030
00637L,元大滬深300正2,5,0,5,致和證券,2024-08-01,7030
2324,仁寶,5,0,5,致和證券,2024-08-01,7030
2329,華泰,5,0,5,致和證券,2024-08-01,7030
2408,南亞科,6,1,5,致和證券,2024-08-01,7030
2542,興富發,7,2,5,致和證券,2024-08-01,7030
2855,統一證,5,0,5,致和證券,2024-08-01,7030
3714,富采,5,0,5,致和證券,2024-08-01,7030
6139,亞翔,5,0,5,致和證券,2024-08-01,7030
6285,啟��,5,0,5,致和證券,2024-08-01,7030
6509,聚和,5,0,5,致和證券,2024-08-01,7030
2317,鴻海,10,6,4,致和證券,2024-08-01,7030
2025,千興,829,0,829,致和證券,2024-08-02,7030
00929,復華台灣科技優息,286,0,286,致和證券,2024-08-02,7030
2537,聯上發,212,0,212,致和證券,2024-08-02,7030
2834,臺企銀,211,10,201,致和證券,2024-08-02,7030
00878,國泰永續高股息,77,2,75,致和證券,2024-08-02,7030
8358,金居,62,0,62,致和證券,2024-08-02,7030
1609,大亞,83,24,59,致和證券,2024-08-02,7030
3037,欣興,58,0,58,致和證券,2024-08-02,7030
00940,元大台灣價值高息,58,5,53,致和證券,2024-08-02,7030
00932,兆豐永續高息等權,53,0,53,致和證券,2024-08-02,7030
2317,鴻海,59,12,47,致和證券,2024-08-02,7030
1582,信錦,46,0,46,致和證券,2024-08-02,7030
00664R,國泰臺灣加權反1,45,0,45,致和證券,2024-08-02,7030
8478,東哥遊艇,46,1,45,致和證券,2024-08-02,7030
1528,恩德,43,10,33,致和證券,2024-08-02,7030
1529,樂事綠能,32,1,31,致和證券,2024-08-02,7030
5864,致和證,40,13,27,致和證券,2024-08-02,7030
3580,友威科,24,0,24,致和證券,2024-08-02,7030
9945,潤泰新,24,0,24,致和證券,2024-08-02,7030
2330,台積電,24,2,22,致和證券,2024-08-02,7030
3041,揚智,21,0,21,致和證券,2024-08-02,7030
5309,系統電,22,1,21,致和證券,2024-08-02,7030
3022,威強電,20,0,20,致和證券,2024-08-02,7030
6214,精誠,20,0,20,致和證券,2024-08-02,7030
2027,大成鋼,20,2,18,致和證券,2024-08-02,7030
00919,群益台灣精選高息,16,0,16,致和證券,2024-08-02,7030
5519,隆大,32,16,16,致和證券,2024-08-02,7030
2337,旺宏,29,14,15,致和證券,2024-08-02,7030
5364,力麗店,15,0,15,致和證券,2024-08-02,7030
00891,中信關鍵半導體,15,0,15,致和證券,2024-08-02,7030
00690,兆豐藍籌30,14,0,14,致和證券,2024-08-02,7030
00679B,元大美債20年,25,11,14,致和證券,2024-08-02,7030
2201,裕隆,14,0,14,致和證券,2024-08-02,7030
2365,昆盈,40,26,14,致和證券,2024-08-02,7030
2405,輔信,14,0,14,致和證券,2024-08-02,7030
00949,復華日本龍頭,13,0,13,致和證券,2024-08-02,7030
8071,能率網通,14,1,13,致和證券,2024-08-02,7030
2542,興富發,14,1,13,致和證券,2024-08-02,7030
00712,復華富時不動產,12,0,12,致和證券,2024-08-02,7030
1325,恆大,12,0,12,致和證券,2024-08-02,7030
4906,正文,12,0,12,致和證券,2024-08-02,7030
0056,元大高股息,17,5,12,致和證券,2024-08-02,7030
2382,廣達,16,5,11,致和證券,2024-08-02,7030
2891,中信金,12,1,11,致和證券,2024-08-02,7030
3362,先進光,20,9,11,致和證券,2024-08-02,7030
8011,台通,12,1,11,致和證券,2024-08-02,7030
5443,均豪,14,4,10,致和證券,2024-08-02,7030
00933B,國泰10Y+金融債,10,0,10,致和證券,2024-08-02,7030
00935,野村臺灣新科技50,10,0,10,致和證券,2024-08-02,7030
00795B,中信美國公債20年,10,0,10,致和證券,2024-08-02,7030
2025,千興,471,0,471,致和證券,2024-08-05,7030
2834,臺企銀,168,0,168,致和證券,2024-08-05,7030
00929,復華台灣科技優息,160,3,157,致和證券,2024-08-05,7030
2409,友達,142,5,137,致和證券,2024-08-05,7030
1314,中石化,135,0,135,致和證券,2024-08-05,7030
1609,大亞,94,16,78,致和證券,2024-08-05,7030
00940,元大台灣價值高息,77,11,66,致和證券,2024-08-05,7030
00878,國泰永續高股息,64,5,59,致和證券,2024-08-05,7030
2208,台船,51,0,51,致和證券,2024-08-05,7030
3037,欣興,56,5,51,致和證券,2024-08-05,7030
00632R,元大台灣50反1,93,45,48,致和證券,2024-08-05,7030
2017,官田鋼,49,10,39,致和證券,2024-08-05,7030
2351,順德,37,1,36,致和證券,2024-08-05,7030
2538,基泰,35,0,35,致和證券,2024-08-05,7030
2349,錸德,32,0,32,致和證券,2024-08-05,7030
5011,久陽,32,0,32,致和證券,2024-08-05,7030
5864,致和證,29,0,29,致和證券,2024-08-05,7030
2317,鴻海,48,20,28,致和證券,2024-08-05,7030
0056,元大高股息,27,0,27,致和證券,2024-08-05,7030
4130,健亞,25,0,25,致和證券,2024-08-05,7030
3481,群創,51,26,25,致和證券,2024-08-05,7030
2330,台積電,33,8,25,致和證券,2024-08-05,7030
2515,中工,24,0,24,致和證券,2024-08-05,7030
3022,威強電,24,0,24,致和證券,2024-08-05,7030
8488,吉源-KY,24,0,24,致和證券,2024-08-05,7030
1529,樂事綠能,23,0,23,致和證券,2024-08-05,7030
2369,菱生,22,0,22,致和證券,2024-08-05,7030
00932,兆豐永續高息等權,21,0,21,致和證券,2024-08-05,7030
6220,岳豐,21,0,21,致和證券,2024-08-05,7030
2537,聯上發,20,0,20,致和證券,2024-08-05,7030
3362,先進光,20,0,20,致和證券,2024-08-05,7030
00687B,國泰20年美債,18,1,17,致和證券,2024-08-05,7030
1101,台泥,17,0,17,致和證券,2024-08-05,7030
2845,遠東銀,16,0,16,致和證券,2024-08-05,7030
2603,長榮,18,3,15,致和證券,2024-08-05,7030
00936,台新永續高息中小,14,0,14,致和證券,2024-08-05,7030
00946,群益科技高息成長,15,1,14,致和證券,2024-08-05,7030
1584,精剛,14,0,14,致和證券,2024-08-05,7030
2867,三商壽,14,0,14,致和證券,2024-08-05,7030
2883,凱基金,14,0,14,致和證券,2024-08-05,7030
00688L,國泰20年美債正2,22,10,12,致和證券,2024-08-05,7030
2027,大成鋼,19,7,12,致和證券,2024-08-05,7030
2301,光寶科,14,2,12,致和證券,2024-08-05,7030
2449,京元電子,33,21,12,致和證券,2024-08-05,7030
00945B,凱基美國非投等債,11,0,11,致和證券,2024-08-05,7030
2353,宏��,14,3,11,致和證券,2024-08-05,7030
2884,玉山金,12,2,10,致和證券,2024-08-05,7030
00939,統一台灣高息動能,10,0,10,致和證券,2024-08-05,7030
00795B,中信美國公債20年,10,0,10,致和證券,2024-08-05,7030
2014,中鴻,11,1,10,致和證券,2024-08-05,7030
2025,千興,450,0,450,致和證券,2024-08-06,7030
00712,復華富時不動產,119,0,119,致和證券,2024-08-06,7030
2834,臺企銀,72,12,60,致和證券,2024-08-06,7030
00940,元大台灣價值高息,69,11,58,致和證券,2024-08-06,7030
2891,中信金,54,3,51,致和證券,2024-08-06,7030
3022,威強電,48,0,48,致和證券,2024-08-06,7030
00929,復華台灣科技優息,51,5,46,致和證券,2024-08-06,7030
2889,國票金,41,0,41,致和證券,2024-08-06,7030
1529,樂事綠能,40,2,38,致和證券,2024-08-06,7030
3037,欣興,41,4,37,致和證券,2024-08-06,7030
00680L,元大美債20正2,50,20,30,致和證券,2024-08-06,7030
2851,中再保,30,0,30,致和證券,2024-08-06,7030
2481,強茂,30,1,29,致和證券,2024-08-06,7030
3047,訊舟,28,0,28,致和證券,2024-08-06,7030
2317,鴻海,66,40,26,致和證券,2024-08-06,7030
00690,兆豐藍籌30,25,0,25,致和證券,2024-08-06,7030
3362,先進光,24,0,24,致和證券,2024-08-06,7030
8064,東捷,37,13,24,致和證券,2024-08-06,7030
3227,原相,23,0,23,致和證券,2024-08-06,7030
2637,慧洋-KY,20,0,20,致和證券,2024-08-06,7030
5011,久陽,20,0,20,致和證券,2024-08-06,7030
2887,台新金,19,0,19,致和證券,2024-08-06,7030
6770,力積電,30,11,19,致和證券,2024-08-06,7030
3481,群創,19,4,15,致和證券,2024-08-06,7030
3231,緯創,17,2,15,致和證券,2024-08-06,7030
1609,大亞,25,11,14,致和證券,2024-08-06,7030
2408,南亞科,16,2,14,致和證券,2024-08-06,7030
5864,致和證,20,7,13,致和證券,2024-08-06,7030
00878,國泰永續高股息,17,4,13,致和證券,2024-08-06,7030
6220,岳豐,11,0,11,致和證券,2024-08-06,7030
3081,聯亞,10,0,10,致和證券,2024-08-06,7030
00753L,中信中國50正2,10,0,10,致和證券,2024-08-06,7030
00637L,元大滬深300正2,10,0,10,致和證券,2024-08-06,7030
00632R,元大台灣50反1,50,40,10,致和證券,2024-08-06,7030
2409,友達,23,13,10,致和證券,2024-08-06,7030
2511,太子,10,0,10,致和證券,2024-08-06,7030
4938,和碩,15,5,10,致和證券,2024-08-06,7030
5880,合庫金,10,0,10,致和證券,2024-08-06,7030
8104,錸寶,10,0,10,致和證券,2024-08-06,7030
2337,旺宏,14,5,9,致和證券,2024-08-06,7030
3287,廣寰科,9,0,9,致和證券,2024-08-06,7030
3305,昇貿,8,0,8,致和證券,2024-08-06,7030
1815,富喬,7,0,7,致和證券,2024-08-06,7030
2547,日勝生,10,3,7,致和證券,2024-08-06,7030
00944,野村趨勢動能高息,6,0,6,致和證券,2024-08-06,7030
00937B,群益ESG投等債20,10,4,6,致和證券,2024-08-06,7030
2323,中環,6,0,6,致和證券,2024-08-06,7030
4155,訊映,6,0,6,致和證券,2024-08-06,7030
6698,旭暉應材,6,0,6,致和證券,2024-08-06,7030
8112,至上,6,0,6,致和證券,2024-08-06,7030
2025,千興,450,0,450,致和證券,2024-08-07,7030
2356,英業達,212,9,203,致和證券,2024-08-07,7030
00632R,元大台灣50反1,220,60,160,致和證券,2024-08-07,7030
2331,精英,100,5,95,致和證券,2024-08-07,7030
00936,台新永續高息中小,77,0,77,致和證券,2024-08-07,7030
00922,國泰台灣領袖50,70,0,70,致和證券,2024-08-07,7030
2834,臺企銀,79,18,61,致和證券,2024-08-07,7030
2888,新光金,90,34,56,致和證券,2024-08-07,7030
00680L,元大美債20正2,35,0,35,致和證券,2024-08-07,7030
8488,吉源-KY,30,0,30,致和證券,2024-08-07,7030
4120,友華,27,0,27,致和證券,2024-08-07,7030
6806,森崴能源,24,0,24,致和證券,2024-08-07,7030
2344,華邦電,26,4,22,致和證券,2024-08-07,7030
2409,友達,26,4,22,致和證券,2024-08-07,7030
1802,台玻,20,0,20,致和證券,2024-08-07,7030
3054,立萬利,18,0,18,致和證券,2024-08-07,7030
00881,國泰台灣5G+,17,0,17,致和證券,2024-08-07,7030
9105,泰金寶-DR,18,1,17,致和證券,2024-08-07,7030
00937B,群益ESG投等債20,18,2,16,致和證券,2024-08-07,7030
5228,鈺鎧,14,0,14,致和證券,2024-08-07,7030
2886,兆豐金,13,1,12,致和證券,2024-08-07,7030
00715L,期街口布蘭特正2,12,0,12,致和證券,2024-08-07,7030
00878,國泰永續高股息,13,1,12,致和證券,2024-08-07,7030
2867,三商壽,12,0,12,致和證券,2024-08-07,7030
1444,力麗,10,0,10,致和證券,2024-08-07,7030
00900,富邦特選高股息30,10,0,10,致和證券,2024-08-07,7030
4133,亞諾法,10,0,10,致和證券,2024-08-07,7030
4716,大立,10,0,10,致和證券,2024-08-07,7030
2382,廣達,12,4,8,致和證券,2024-08-07,7030
2637,慧洋-KY,10,3,7,致和證券,2024-08-07,7030
2371,大同,12,5,7,致和證券,2024-08-07,7030
00940,元大台灣價值高息,6,0,6,致和證券,2024-08-07,7030
2349,錸德,11,5,6,致和證券,2024-08-07,7030
3163,波若威,8,2,6,致和證券,2024-08-07,7030
8105,凌巨,56,50,6,致和證券,2024-08-07,7030
9945,潤泰新,7,1,6,致和證券,2024-08-07,7030
6213,聯茂,7,1,6,致和證券,2024-08-07,7030
1316,上曜,8,2,6,致和證券,2024-08-07,7030
2451,創見,5,0,5,致和證券,2024-08-07,7030
3005,神基,5,0,5,致和證券,2024-08-07,7030
3665,貿聯-KY,7,2,5,致和證券,2024-08-07,7030
3711,日月光投控,9,4,5,致和證券,2024-08-07,7030
00706L,期元大S＆P日圓正2,5,1,4,致和證券,2024-08-07,7030
1540,喬福,8,4,4,致和證券,2024-08-07,7030
2408,南亞科,6,2,4,致和證券,2024-08-07,7030
5309,系統電,4,0,4,致和證券,2024-08-07,7030
6770,力積電,10,6,4,致和證券,2024-08-07,7030
5871,中租-KY,3,0,3,致和證券,2024-08-07,7030
1586,和勤,3,0,3,致和證券,2024-08-07,7030
2236,百達-KY,3,0,3,致和證券,2024-08-07,7030
00900,富邦特選高股息30,120,0,120,致和證券,2024-08-08,7030
00919,群益台灣精選高息,101,0,101,致和證券,2024-08-08,7030
00878,國泰永續高股息,64,3,61,致和證券,2024-08-08,7030
00929,復華台灣科技優息,33,1,32,致和證券,2024-08-08,7030
00720B,元大投資級公司債,20,0,20,致和證券,2024-08-08,7030
00751B,元大AAA至A公司債,20,0,20,致和證券,2024-08-08,7030
4534,慶騰,20,0,20,致和證券,2024-08-08,7030
3047,訊舟,51,33,18,致和證券,2024-08-08,7030
00940,元大台灣價值高息,16,0,16,致和證券,2024-08-08,7030
00937B,群益ESG投等債20,20,4,16,致和證券,2024-08-08,7030
2834,臺企銀,15,0,15,致和證券,2024-08-08,7030
5864,致和證,15,0,15,致和證券,2024-08-08,7030
8028,昇陽半導體,16,1,15,致和證券,2024-08-08,7030
2511,太子,14,0,14,致和證券,2024-08-08,7030
0056,元大高股息,13,0,13,致和證券,2024-08-08,7030
2609,陽明,17,4,13,致和證券,2024-08-08,7030
2303,聯電,11,0,11,致和證券,2024-08-08,7030
2382,廣達,15,5,10,致和證券,2024-08-08,7030
00686R,群益臺灣加權反1,10,0,10,致和證券,2024-08-08,7030
2509,全坤建,10,0,10,致和證券,2024-08-08,7030
2610,華航,10,0,10,致和證券,2024-08-08,7030
2317,鴻海,42,33,9,致和證券,2024-08-08,7030
1540,喬福,31,22,9,致和證券,2024-08-08,7030
2892,第一金,9,0,9,致和證券,2024-08-08,7030
4919,新唐,9,0,9,致和證券,2024-08-08,7030
3711,日月光投控,8,0,8,致和證券,2024-08-08,7030
1582,信錦,16,10,6,致和證券,2024-08-08,7030
2324,仁寶,6,0,6,致和證券,2024-08-08,7030
5230,雷笛克光學,6,0,6,致和證券,2024-08-08,7030
2330,台積電,6,0,6,致和證券,2024-08-08,7030
0050,元大台灣50,5,0,5,致和證券,2024-08-08,7030
2489,瑞軒,6,1,5,致和證券,2024-08-08,7030
1326,台化,5,0,5,致和證券,2024-08-08,7030
00679B,元大美債20年,5,0,5,致和證券,2024-08-08,7030
2451,創見,15,10,5,致和證券,2024-08-08,7030
2845,遠東銀,5,0,5,致和證券,2024-08-08,7030
2883,凱基金,5,0,5,致和證券,2024-08-08,7030
2888,新光金,6,1,5,致和證券,2024-08-08,7030
3048,益登,6,1,5,致和證券,2024-08-08,7030
3265,台星科,10,5,5,致和證券,2024-08-08,7030
3372,典範,5,0,5,致和證券,2024-08-08,7030
2363,矽統,4,0,4,致和證券,2024-08-08,7030
6488,環球晶,4,0,4,致和證券,2024-08-08,7030
00881,國泰台灣5G+,8,4,4,致和證券,2024-08-08,7030
2371,大同,4,0,4,致和證券,2024-08-08,7030
2464,盟立,5,1,4,致和證券,2024-08-08,7030
2618,長榮航,4,0,4,致和證券,2024-08-08,7030
2886,兆豐金,14,10,4,致和證券,2024-08-08,7030
3356,奇偶,6,2,4,致和證券,2024-08-08,7030
3481,群創,9,5,4,致和證券,2024-08-08,7030
2025,千興,450,0,450,致和證券,2024-08-09,7030
00632R,元大台灣50反1,355,0,355,致和證券,2024-08-09,7030
00929,復華台灣科技優息,139,10,129,致和證券,2024-08-09,7030
00679B,元大美債20年,127,8,119,致和證券,2024-08-09,7030
00664R,國泰臺灣加權反1,90,0,90,致和證券,2024-08-09,7030
00680L,元大美債20正2,55,0,55,致和證券,2024-08-09,7030
00940,元大台灣價值高息,45,7,38,致和證券,2024-08-09,7030
2609,陽明,48,17,31,致和證券,2024-08-09,7030
9105,泰金寶-DR,43,21,22,致和證券,2024-08-09,7030
00687B,國泰20年美債,21,0,21,致和證券,2024-08-09,7030
2027,大成鋼,22,1,21,致和證券,2024-08-09,7030
2376,技嘉,23,5,18,致和證券,2024-08-09,7030
2489,瑞軒,18,1,17,致和證券,2024-08-09,7030
2355,敬鵬,15,0,15,致和證券,2024-08-09,7030
3498,陽程,15,0,15,致和證券,2024-08-09,7030
3167,大量,14,0,14,致和證券,2024-08-09,7030
00891,中信關鍵半導體,13,0,13,致和證券,2024-08-09,7030
00878,國泰永續高股息,15,2,13,致和證券,2024-08-09,7030
00937B,群益ESG投等債20,12,0,12,致和證券,2024-08-09,7030
2323,中環,12,0,12,致和證券,2024-08-09,7030
1781,合世,10,0,10,致和證券,2024-08-09,7030
1817,凱撒衛,10,0,10,致和證券,2024-08-09,7030
2610,華航,10,0,10,致和證券,2024-08-09,7030
4566,時碩工業,10,0,10,致和證券,2024-08-09,7030
4979,華星光,10,0,10,致和證券,2024-08-09,7030
5452,佶優,10,0,10,致和證券,2024-08-09,7030
2530,華建,10,1,9,致和證券,2024-08-09,7030
3231,緯創,13,4,9,致和證券,2024-08-09,7030
2062,橋椿,10,2,8,致和證券,2024-08-09,7030
00948B,中信優息投資級債,8,0,8,致和證券,2024-08-09,7030
2409,友達,10,2,8,致和證券,2024-08-09,7030
6488,環球晶,10,2,8,致和證券,2024-08-09,7030
2353,宏��,10,3,7,致和證券,2024-08-09,7030
6414,樺漢,7,0,7,致和證券,2024-08-09,7030
2542,興富發,7,1,6,致和證券,2024-08-09,7030
8930,青鋼,6,0,6,致和證券,2024-08-09,7030
1471,首利,5,0,5,致和證券,2024-08-09,7030
1524,耿鼎,5,0,5,致和證券,2024-08-09,7030
3706,神達,10,5,5,致和證券,2024-08-09,7030
6175,立敦,5,0,5,致和證券,2024-08-09,7030
6207,雷科,5,0,5,致和證券,2024-08-09,7030
9921,巨大,5,0,5,致和證券,2024-08-09,7030
0056,元大高股息,4,0,4,致和證券,2024-08-09,7030
2439,美律,4,0,4,致和證券,2024-08-09,7030
3054,立萬利,4,0,4,致和證券,2024-08-09,7030
1503,士電,3,0,3,致和證券,2024-08-09,7030
1472,三洋實業,3,0,3,致和證券,2024-08-09,7030
00936,台新永續高息中小,3,0,3,致和證券,2024-08-09,7030
2365,昆盈,18,15,3,致和證券,2024-08-09,7030
2374,佳能,3,0,3,致和證券,2024-08-09,7030
2025,千興,450,0,450,致和證券,2024-08-12,7030
00936,台新永續高息中小,105,0,105,致和證券,2024-08-12,7030
00940,元大台灣價值高息,102,0,102,致和證券,2024-08-12,7030
00679B,元大美債20年,87,0,87,致和證券,2024-08-12,7030
2884,玉山金,81,4,77,致和證券,2024-08-12,7030
2891,中信金,41,0,41,致和證券,2024-08-12,7030
6163,華電網,28,0,28,致和證券,2024-08-12,7030
00937B,群益ESG投等債20,30,10,20,致和證券,2024-08-12,7030
2618,長榮航,22,4,18,致和證券,2024-08-12,7030
5364,力麗店,16,0,16,致和證券,2024-08-12,7030
2409,友達,14,1,13,致和證券,2024-08-12,7030
4906,正文,26,13,13,致和證券,2024-08-12,7030
00878,國泰永續高股息,12,0,12,致和證券,2024-08-12,7030
2637,慧洋-KY,11,0,11,致和證券,2024-08-12,7030
2883,凱基金,13,2,11,致和證券,2024-08-12,7030
00919,群益台灣精選高息,10,0,10,致和證券,2024-08-12,7030
2530,華建,10,0,10,致和證券,2024-08-12,7030
1608,華榮,9,0,9,致和證券,2024-08-12,7030
2474,可成,9,0,9,致和證券,2024-08-12,7030
8455,大拓-KY,8,0,8,致和證券,2024-08-12,7030
2845,遠東銀,10,3,7,致和證券,2024-08-12,7030
2880,華南金,8,1,7,致和證券,2024-08-12,7030
00932,兆豐永續高息等權,6,0,6,致和證券,2024-08-12,7030
6215,和椿,6,0,6,致和證券,2024-08-12,7030
2356,英業達,10,5,5,致和證券,2024-08-12,7030
2511,太子,5,0,5,致和證券,2024-08-12,7030
3050,鈺德,5,0,5,致和證券,2024-08-12,7030
3293,鈊象,5,0,5,致和證券,2024-08-12,7030
3501,維熹,5,0,5,致和證券,2024-08-12,7030
4109,加捷生醫,5,0,5,致和證券,2024-08-12,7030
2376,技嘉,5,0,5,致和證券,2024-08-12,7030
2464,盟立,7,3,4,致和證券,2024-08-12,7030
00898,國泰基因免疫革命,3,0,3,致和證券,2024-08-12,7030
2332,友訊,3,0,3,致和證券,2024-08-12,7030
2349,錸德,3,0,3,致和證券,2024-08-12,7030
2634,漢翔,5,2,3,致和證券,2024-08-12,7030
3017,奇鋐,4,1,3,致和證券,2024-08-12,7030
8034,榮群,3,0,3,致和證券,2024-08-12,7030
8054,安國,4,1,3,致和證券,2024-08-12,7030
9907,統一實,4,1,3,致和證券,2024-08-12,7030
0050,元大台灣50,5,2,3,致和證券,2024-08-12,7030
8374,羅昇,6,4,2,致和證券,2024-08-12,7030
00688L,國泰20年美債正2,2,0,2,致和證券,2024-08-12,7030
00949,復華日本龍頭,2,0,2,致和證券,2024-08-12,7030
1605,華新,2,0,2,致和證券,2024-08-12,7030
1530,亞崴,2,0,2,致和證券,2024-08-12,7030
2061,風青,2,0,2,致和證券,2024-08-12,7030
2066,世德,2,0,2,致和證券,2024-08-12,7030
2348,海悅,2,0,2,致和證券,2024-08-12,7030
2362,藍天,2,0,2,致和證券,2024-08-12,7030
2025,千興,450,0,450,致和證券,2024-08-13,7030
2883,凱基金,100,0,100,致和證券,2024-08-13,7030
00632R,元大台灣50反1,90,0,90,致和證券,2024-08-13,7030
00878,國泰永續高股息,56,0,56,致和證券,2024-08-13,7030
00937B,群益ESG投等債20,51,0,51,致和證券,2024-08-13,7030
2208,台船,61,10,51,致和證券,2024-08-13,7030
2880,華南金,45,0,45,致和證券,2024-08-13,7030
00919,群益台灣精選高息,43,0,43,致和證券,2024-08-13,7030
9907,統一實,30,2,28,致和證券,2024-08-13,7030
2609,陽明,64,38,26,致和證券,2024-08-13,7030
2886,兆豐金,23,0,23,致和證券,2024-08-13,7030
00881,國泰台灣5G+,20,0,20,致和證券,2024-08-13,7030
2017,官田鋼,20,0,20,致和證券,2024-08-13,7030
2630,亞航,20,0,20,致和證券,2024-08-13,7030
3501,維熹,17,0,17,致和證券,2024-08-13,7030
00907,永豐優息存股,16,0,16,致和證券,2024-08-13,7030
1513,中興電,17,3,14,致和證券,2024-08-13,7030
00687B,國泰20年美債,14,1,13,致和證券,2024-08-13,7030
1584,精剛,28,15,13,致和證券,2024-08-13,7030
5880,合庫金,16,4,12,致和證券,2024-08-13,7030
00712,復華富時不動產,10,0,10,致和證券,2024-08-13,7030
1314,中石化,10,0,10,致和證券,2024-08-13,7030
00940,元大台灣價值高息,10,0,10,致和證券,2024-08-13,7030
2801,彰銀,10,0,10,致和證券,2024-08-13,7030
4102,永日,10,0,10,致和證券,2024-08-13,7030
4157,太景*-KY,10,0,10,致和證券,2024-08-13,7030
6220,岳豐,10,0,10,致和證券,2024-08-13,7030
00932,兆豐永續高息等權,9,0,9,致和證券,2024-08-13,7030
2362,藍天,8,0,8,致和證券,2024-08-13,7030
4576,大銀微系統,13,5,8,致和證券,2024-08-13,7030
8104,錸寶,8,0,8,致和證券,2024-08-13,7030
2031,新光鋼,7,0,7,致和證券,2024-08-13,7030
3605,宏致,7,0,7,致和證券,2024-08-13,7030
1301,台塑,7,1,6,致和證券,2024-08-13,7030
5871,中租-KY,6,0,6,致和證券,2024-08-13,7030
6163,華電網,6,0,6,致和證券,2024-08-13,7030
6877,鏵友益,6,0,6,致和證券,2024-08-13,7030
2615,萬海,7,2,5,致和證券,2024-08-13,7030
00680L,元大美債20正2,5,0,5,致和證券,2024-08-13,7030
00676R,富邦臺灣加權反1,50,45,5,致和證券,2024-08-13,7030
00772B,中信高評級公司債,5,0,5,致和證券,2024-08-13,7030
1702,南僑,5,0,5,致和證券,2024-08-13,7030
2348,海悅,5,0,5,致和證券,2024-08-13,7030
2867,三商壽,5,0,5,致和證券,2024-08-13,7030
9945,潤泰新,5,0,5,致和證券,2024-08-13,7030
3293,鈊象,5,0,5,致和證券,2024-08-13,7030
00905,FT臺灣Smart,4,0,4,致和證券,2024-08-13,7030
1708,東鹼,4,0,4,致和證券,2024-08-13,7030
1909,榮成,4,0,4,致和證券,2024-08-13,7030
2353,宏��,4,0,4,致和證券,2024-08-13,7030
2025,千興,450,0,450,致和證券,2024-08-14,7030
00929,復華台灣科技優息,74,4,70,致和證券,2024-08-14,7030
1609,大亞,59,14,45,致和證券,2024-08-14,7030
00907,永豐優息存股,40,0,40,致和證券,2024-08-14,7030
2615,萬海,30,0,30,致和證券,2024-08-14,7030
00937B,群益ESG投等債20,20,0,20,致和證券,2024-08-14,7030
2367,燿華,19,0,19,致和證券,2024-08-14,7030
2888,新光金,27,12,15,致和證券,2024-08-14,7030
2609,陽明,43,29,14,致和證券,2024-08-14,7030
8064,東捷,22,8,14,致和證券,2024-08-14,7030
00881,國泰台灣5G+,13,0,13,致和證券,2024-08-14,7030
4534,慶騰,13,0,13,致和證券,2024-08-14,7030
00679B,元大美債20年,12,0,12,致和證券,2024-08-14,7030
5228,鈺鎧,12,0,12,致和證券,2024-08-14,7030
6414,樺漢,10,0,10,致和證券,2024-08-14,7030
00686R,群益臺灣加權反1,10,0,10,致和證券,2024-08-14,7030
9935,慶豐富,9,0,9,致和證券,2024-08-14,7030
1101,台泥,8,0,8,致和證券,2024-08-14,7030
2356,英業達,14,6,8,致和證券,2024-08-14,7030
2352,佳世達,8,1,7,致和證券,2024-08-14,7030
8150,南茂,6,0,6,致和證券,2024-08-14,7030
2014,中鴻,7,1,6,致和證券,2024-08-14,7030
4562,穎漢,12,6,6,致和證券,2024-08-14,7030
6188,廣明,8,2,6,致和證券,2024-08-14,7030
00878,國泰永續高股息,12,7,5,致和證券,2024-08-14,7030
2349,錸德,7,2,5,致和證券,2024-08-14,7030
2363,矽統,7,2,5,致和證券,2024-08-14,7030
2732,六角,5,0,5,致和證券,2024-08-14,7030
2880,華南金,6,1,5,致和證券,2024-08-14,7030
3209,全科,5,0,5,致和證券,2024-08-14,7030
3673,TPK-KY,5,0,5,致和證券,2024-08-14,7030
4541,晟田,5,0,5,致和證券,2024-08-14,7030
4916,事欣科,5,0,5,致和證券,2024-08-14,7030
6126,信音,7,2,5,致和證券,2024-08-14,7030
2344,華邦電,5,1,4,致和證券,2024-08-14,7030
3189,景碩,4,0,4,致和證券,2024-08-14,7030
3303,岱稜,4,0,4,致和證券,2024-08-14,7030
4102,永日,4,0,4,致和證券,2024-08-14,7030
8069,元太,4,0,4,致和證券,2024-08-14,7030
8104,錸寶,4,0,4,致和證券,2024-08-14,7030
2070,精湛,3,0,3,致和證券,2024-08-14,7030
2488,漢平,3,0,3,致和證券,2024-08-14,7030
2498,宏達電,5,2,3,致和證券,2024-08-14,7030
3605,宏致,3,0,3,致和證券,2024-08-14,7030
4555,氣立,3,0,3,致和證券,2024-08-14,7030
4906,正文,6,3,3,致和證券,2024-08-14,7030
5452,佶優,3,0,3,致和證券,2024-08-14,7030
6147,頎邦,3,0,3,致和證券,2024-08-14,7030
6615,慧智,3,0,3,致和證券,2024-08-14,7030
8299,群聯,3,0,3,致和證券,2024-08-14,7030
2025,千興,450,0,450,致和證券,2024-08-15,7030
00664R,國泰臺灣加權反1,110,0,110,致和證券,2024-08-15,7030
00900,富邦特選高股息30,22,0,22,致和證券,2024-08-15,7030
00937B,群益ESG投等債20,20,0,20,致和證券,2024-08-15,7030
00679B,元大美債20年,20,0,20,致和證券,2024-08-15,7030
2891,中信金,20,0,20,致和證券,2024-08-15,7030
3362,先進光,18,0,18,致和證券,2024-08-15,7030
2530,華建,15,0,15,致和證券,2024-08-15,7030
2327,國巨,14,0,14,致和證券,2024-08-15,7030
00878,國泰永續高股息,14,1,13,致和證券,2024-08-15,7030
2317,鴻海,20,7,13,致和證券,2024-08-15,7030
8455,大拓-KY,13,0,13,致和證券,2024-08-15,7030
2892,第一金,12,0,12,致和證券,2024-08-15,7030
2886,兆豐金,11,0,11,致和證券,2024-08-15,7030
3284,太普高,11,0,11,致和證券,2024-08-15,7030
1582,信錦,35,25,10,致和證券,2024-08-15,7030
1314,中石化,12,2,10,致和證券,2024-08-15,7030
00907,永豐優息存股,10,0,10,致和證券,2024-08-15,7030
2022,聚亨,10,0,10,致和證券,2024-08-15,7030
2206,三陽工業,10,0,10,致和證券,2024-08-15,7030
2337,旺宏,11,1,10,致和證券,2024-08-15,7030
2451,創見,10,0,10,致和證券,2024-08-15,7030
2601,益航,10,0,10,致和證券,2024-08-15,7030
3592,瑞鼎,10,0,10,致和證券,2024-08-15,7030
6838,台新藥,10,1,9,致和證券,2024-08-15,7030
2359,所羅門,16,8,8,致和證券,2024-08-15,7030
00688L,國泰20年美債正2,10,2,8,致和證券,2024-08-15,7030
2362,藍天,8,0,8,致和證券,2024-08-15,7030
3535,晶彩科,7,0,7,致和證券,2024-08-15,7030
3711,日月光投控,7,0,7,致和證券,2024-08-15,7030
4540,全球傳動,9,2,7,致和證券,2024-08-15,7030
5871,中租-KY,22,15,7,致和證券,2024-08-15,7030
8150,南茂,7,0,7,致和證券,2024-08-15,7030
6285,啟��,6,0,6,致和證券,2024-08-15,7030
2597,潤弘,6,0,6,致和證券,2024-08-15,7030
2027,大成鋼,6,0,6,致和證券,2024-08-15,7030
00881,國泰台灣5G+,5,0,5,致和證券,2024-08-15,7030
00932,兆豐永續高息等權,5,0,5,致和證券,2024-08-15,7030
00680L,元大美債20正2,5,0,5,致和證券,2024-08-15,7030
2331,精英,5,0,5,致和證券,2024-08-15,7030
2349,錸德,6,1,5,致和證券,2024-08-15,7030
2801,彰銀,5,0,5,致和證券,2024-08-15,7030
3663,鑫科,5,0,5,致和證券,2024-08-15,7030
4968,立積,5,0,5,致和證券,2024-08-15,7030
6270,倍微,5,0,5,致和證券,2024-08-15,7030
9945,潤泰新,14,9,5,致和證券,2024-08-15,7030
00687B,國泰20年美債,6,1,5,致和證券,2024-08-15,7030
6215,和椿,4,0,4,致和證券,2024-08-15,7030
1319,東陽,4,0,4,致和證券,2024-08-15,7030
3022,威強電,4,0,4,致和證券,2024-08-15,7030
2025,千興,450,0,450,致和證券,2024-08-16,7030
00937B,群益ESG投等債20,80,0,80,致和證券,2024-08-16,7030
00900,富邦特選高股息30,85,8,77,致和證券,2024-08-16,7030
00945B,凱基美國非投等債,50,0,50,致和證券,2024-08-16,7030
00687B,國泰20年美債,35,0,35,致和證券,2024-08-16,7030
00940,元大台灣價值高息,35,1,34,致和證券,2024-08-16,7030
00878,國泰永續高股息,37,4,33,致和證券,2024-08-16,7030
2022,聚亨,25,0,25,致和證券,2024-08-16,7030
4534,慶騰,21,0,21,致和證券,2024-08-16,7030
00632R,元大台灣50反1,20,0,20,致和證券,2024-08-16,7030
00712,復華富時不動產,20,0,20,致和證券,2024-08-16,7030
6163,華電網,20,0,20,致和證券,2024-08-16,7030
00934,中信成長高股息,18,0,18,致和證券,2024-08-16,7030
3607,谷崧,16,0,16,致和證券,2024-08-16,7030
2406,國碩,24,10,14,致和證券,2024-08-16,7030
8150,南茂,12,0,12,致和證券,2024-08-16,7030
3231,緯創,11,0,11,致和證券,2024-08-16,7030
4938,和碩,11,0,11,致和證券,2024-08-16,7030
1446,宏和,10,0,10,致和證券,2024-08-16,7030
1442,名軒,10,0,10,致和證券,2024-08-16,7030
2542,興富發,10,0,10,致和證券,2024-08-16,7030
3592,瑞鼎,10,0,10,致和證券,2024-08-16,7030
4967,十銓,11,1,10,致和證券,2024-08-16,7030
0050,元大台灣50,10,1,9,致和證券,2024-08-16,7030
2323,中環,21,13,8,致和證券,2024-08-16,7030
2637,慧洋-KY,10,2,8,致和證券,2024-08-16,7030
5371,中光電,19,11,8,致和證券,2024-08-16,7030
00679B,元大美債20年,7,0,7,致和證券,2024-08-16,7030
2349,錸德,27,20,7,致和證券,2024-08-16,7030
3078,僑威,7,0,7,致和證券,2024-08-16,7030
2449,京元電子,8,2,6,致和證券,2024-08-16,7030
3227,原相,6,0,6,致和證券,2024-08-16,7030
6215,和椿,15,9,6,致和證券,2024-08-16,7030
6538,倉和,6,0,6,致和證券,2024-08-16,7030
8096,擎亞,22,16,6,致和證券,2024-08-16,7030
1416,廣豐,5,0,5,致和證券,2024-08-16,7030
00680L,元大美債20正2,5,0,5,致和證券,2024-08-16,7030
00706L,期元大S＆P日圓正2,5,0,5,致和證券,2024-08-16,7030
2101,南港,5,0,5,致和證券,2024-08-16,7030
2356,英業達,16,11,5,致和證券,2024-08-16,7030
3034,聯詠,5,0,5,致和證券,2024-08-16,7030
3516,亞帝歐,5,0,5,致和證券,2024-08-16,7030
1584,精剛,4,0,4,致和證券,2024-08-16,7030
2597,潤弘,4,0,4,致和證券,2024-08-16,7030
2915,潤泰全,4,0,4,致和證券,2024-08-16,7030
3024,憶聲,4,0,4,致和證券,2024-08-16,7030
3605,宏致,4,0,4,致和證券,2024-08-16,7030
3147,大綜,3,0,3,致和證券,2024-08-16,7030
5364,力麗店,3,0,3,致和證券,2024-08-16,7030
6505,台塑化,3,0,3,致和證券,2024-08-16,7030
00940,元大台灣價值高息,90,1,89,致和證券,2024-08-19,7030
2208,台船,70,0,70,致和證券,2024-08-19,7030
00632R,元大台灣50反1,50,0,50,致和證券,2024-08-19,7030
2888,新光金,102,59,43,致和證券,2024-08-19,7030
3356,奇偶,43,1,42,致和證券,2024-08-19,7030
2609,陽明,43,4,39,致和證券,2024-08-19,7030
00929,復華台灣科技優息,36,3,33,致和證券,2024-08-19,7030
2886,兆豐金,21,0,21,致和證券,2024-08-19,7030
1416,廣豐,20,0,20,致和證券,2024-08-19,7030
2354,鴻準,20,0,20,致和證券,2024-08-19,7030
2615,萬海,44,28,16,致和證券,2024-08-19,7030
6188,廣明,19,3,16,致和證券,2024-08-19,7030
2020,美亞,15,0,15,致和證券,2024-08-19,7030
2362,藍天,12,0,12,致和證券,2024-08-19,7030
6220,岳豐,12,0,12,致和證券,2024-08-19,7030
6661,威健生技,12,0,12,致和證券,2024-08-19,7030
8488,吉源-KY,12,0,12,致和證券,2024-08-19,7030
9907,統一實,12,0,12,致和證券,2024-08-19,7030
00945B,凱基美國非投等債,11,0,11,致和證券,2024-08-19,7030
2371,大同,15,4,11,致和證券,2024-08-19,7030
6838,台新藥,10,0,10,致和證券,2024-08-19,7030
3231,緯創,8,0,8,致和證券,2024-08-19,7030
9921,巨大,8,0,8,致和證券,2024-08-19,7030
00937B,群益ESG投等債20,7,0,7,致和證券,2024-08-19,7030
6160,欣技,7,0,7,致和證券,2024-08-19,7030
1584,精剛,42,36,6,致和證券,2024-08-19,7030
1815,富喬,6,0,6,致和證券,2024-08-19,7030
2243,宏旭-KY,6,0,6,致和證券,2024-08-19,7030
2474,可成,6,0,6,致和證券,2024-08-19,7030
2634,漢翔,6,0,6,致和證券,2024-08-19,7030
6156,松上,6,0,6,致和證券,2024-08-19,7030
2884,玉山金,5,0,5,致和證券,2024-08-19,7030
00715L,期街口布蘭特正2,5,0,5,致和證券,2024-08-19,7030
2359,所羅門,18,13,5,致和證券,2024-08-19,7030
2504,國產,5,0,5,致和證券,2024-08-19,7030
2530,華建,5,0,5,致和證券,2024-08-19,7030
3645,達邁,7,2,5,致和證券,2024-08-19,7030
3673,TPK-KY,5,0,5,致和證券,2024-08-19,7030
4102,永日,5,0,5,致和證券,2024-08-19,7030
6148,驊宏資,5,0,5,致和證券,2024-08-19,7030
6770,力積電,6,1,5,致和證券,2024-08-19,7030
1609,大亞,66,62,4,致和證券,2024-08-19,7030
2365,昆盈,8,4,4,致和證券,2024-08-19,7030
2537,聯上發,5,1,4,致和證券,2024-08-19,7030
3054,立萬利,4,0,4,致和證券,2024-08-19,7030
3062,建漢,9,5,4,致和證券,2024-08-19,7030
3252,海灣,4,0,4,致和證券,2024-08-19,7030
8931,大汽電,4,0,4,致和證券,2024-08-19,7030
9945,潤泰新,5,1,4,致和證券,2024-08-19,7030
00687B,國泰20年美債,3,0,3,致和證券,2024-08-19,7030
2888,新光金,329,67,262,致和證券,2024-08-20,7030
2025,千興,200,0,200,致和證券,2024-08-20,7030
00940,元大台灣價值高息,101,3,98,致和證券,2024-08-20,7030
00878,國泰永續高股息,40,0,40,致和證券,2024-08-20,7030
3149,正達,35,0,35,致和證券,2024-08-20,7030
2883,凱基金,17,0,17,致和證券,2024-08-20,7030
2323,中環,20,5,15,致和證券,2024-08-20,7030
4534,慶騰,15,0,15,致和證券,2024-08-20,7030
00715L,期街口布蘭特正2,13,0,13,致和證券,2024-08-20,7030
5364,力麗店,13,0,13,致和證券,2024-08-20,7030
6661,威健生技,13,0,13,致和證券,2024-08-20,7030
9945,潤泰新,13,0,13,致和證券,2024-08-20,7030
3303,岱稜,14,1,13,致和證券,2024-08-20,7030
2881,富邦金,15,2,13,致和證券,2024-08-20,7030
00687B,國泰20年美債,11,0,11,致和證券,2024-08-20,7030
00679B,元大美債20年,11,0,11,致和證券,2024-08-20,7030
00937B,群益ESG投等債20,10,0,10,致和證券,2024-08-20,7030
00903,富邦元宇宙,10,0,10,致和證券,2024-08-20,7030
2367,燿華,10,0,10,致和證券,2024-08-20,7030
4561,健椿,20,10,10,致和證券,2024-08-20,7030
6220,岳豐,10,0,10,致和證券,2024-08-20,7030
6712,長聖,10,0,10,致和證券,2024-08-20,7030
8249,菱光,10,0,10,致和證券,2024-08-20,7030
2376,技嘉,10,1,9,致和證券,2024-08-20,7030
00919,群益台灣精選高息,9,0,9,致和證券,2024-08-20,7030
1711,永光,9,0,9,致和證券,2024-08-20,7030
3078,僑威,9,0,9,致和證券,2024-08-20,7030
5871,中租-KY,9,0,9,致和證券,2024-08-20,7030
00751B,元大AAA至A公司債,8,0,8,致和證券,2024-08-20,7030
1301,台塑,8,0,8,致和證券,2024-08-20,7030
00900,富邦特選高股息30,8,0,8,致和證券,2024-08-20,7030
2062,橋椿,11,3,8,致和證券,2024-08-20,7030
2101,南港,18,10,8,致和證券,2024-08-20,7030
2520,冠德,15,7,8,致和證券,2024-08-20,7030
2301,光寶科,7,0,7,致和證券,2024-08-20,7030
8931,大汽電,11,4,7,致和證券,2024-08-20,7030
1326,台化,6,0,6,致和證券,2024-08-20,7030
2317,鴻海,10,4,6,致和證券,2024-08-20,7030
2371,大同,9,3,6,致和證券,2024-08-20,7030
2383,台光電,7,1,6,致和證券,2024-08-20,7030
2425,承啟,6,0,6,致和證券,2024-08-20,7030
3231,緯創,6,0,6,致和證券,2024-08-20,7030
6213,聯茂,6,0,6,致和證券,2024-08-20,7030
6266,泰詠,6,0,6,致和證券,2024-08-20,7030
8066,來思達,6,0,6,致和證券,2024-08-20,7030
2374,佳能,19,14,5,致和證券,2024-08-20,7030
2330,台積電,6,1,5,致和證券,2024-08-20,7030
1540,喬福,5,0,5,致和證券,2024-08-20,7030
1446,宏和,5,0,5,致和證券,2024-08-20,7030
00941,中信上游半導體,5,0,5,致和證券,2024-08-20,7030
2025,千興,350,0,350,致和證券,2024-08-21,7030
2891,中信金,91,0,91,致和證券,2024-08-21,7030
00929,復華台灣科技優息,103,18,85,致和證券,2024-08-21,7030
1609,大亞,78,14,64,致和證券,2024-08-21,7030
2323,中環,43,1,42,致和證券,2024-08-21,7030
4906,正文,37,6,31,致和證券,2024-08-21,7030
6615,慧智,31,0,31,致和證券,2024-08-21,7030
00687B,國泰20年美債,20,0,20,致和證券,2024-08-21,7030
2317,鴻海,21,4,17,致和證券,2024-08-21,7030
2356,英業達,17,1,16,致和證券,2024-08-21,7030
2883,凱基金,21,5,16,致和證券,2024-08-21,7030
2349,錸德,21,8,13,致和證券,2024-08-21,7030
00715L,期街口布蘭特正2,12,0,12,致和證券,2024-08-21,7030
6188,廣明,13,1,12,致和證券,2024-08-21,7030
8440,綠電,13,1,12,致和證券,2024-08-21,7030
2481,強茂,11,0,11,致和證券,2024-08-21,7030
2312,金寶,13,3,10,致和證券,2024-08-21,7030
5263,智崴,10,0,10,致和證券,2024-08-21,7030
2449,京元電子,15,6,9,致和證券,2024-08-21,7030
6661,威健生技,9,0,9,致和證券,2024-08-21,7030
2474,可成,20,12,8,致和證券,2024-08-21,7030
8104,錸寶,13,5,8,致和證券,2024-08-21,7030
00953B,群益優選非投等債,7,0,7,致和證券,2024-08-21,7030
2365,昆盈,10,4,6,致和證券,2024-08-21,7030
2524,京城,7,1,6,致和證券,2024-08-21,7030
2890,永豐金,6,0,6,致和證券,2024-08-21,7030
8421,旭源,11,5,6,致和證券,2024-08-21,7030
4967,十銓,7,2,5,致和證券,2024-08-21,7030
00637L,元大滬深300正2,5,0,5,致和證券,2024-08-21,7030
00940,元大台灣價值高息,7,2,5,致和證券,2024-08-21,7030
2329,華泰,5,0,5,致和證券,2024-08-21,7030
2421,建準,5,0,5,致和證券,2024-08-21,7030
2547,日勝生,5,0,5,致和證券,2024-08-21,7030
3073,天方能源,5,0,5,致和證券,2024-08-21,7030
3209,全科,5,0,5,致和證券,2024-08-21,7030
3607,谷崧,15,10,5,致和證券,2024-08-21,7030
3704,合勤控,5,0,5,致和證券,2024-08-21,7030
4109,加捷生醫,5,0,5,致和證券,2024-08-21,7030
6290,良維,5,0,5,致和證券,2024-08-21,7030
2337,旺宏,5,1,4,致和證券,2024-08-21,7030
2409,友達,8,4,4,致和證券,2024-08-21,7030
3580,友威科,13,9,4,致和證券,2024-08-21,7030
4973,廣穎,4,0,4,致和證券,2024-08-21,7030
5905,南仁湖,5,1,4,致和證券,2024-08-21,7030
6462,神盾,5,1,4,致和證券,2024-08-21,7030
6606,建德工業,4,0,4,致和證券,2024-08-21,7030
8021,尖點,5,1,4,致和證券,2024-08-21,7030
9907,統一實,4,0,4,致和證券,2024-08-21,7030
2376,技嘉,3,0,3,致和證券,2024-08-21,7030
8299,群聯,3,0,3,致和證券,2024-08-21,7030
00664R,國泰臺灣加權反1,100,0,100,致和證券,2024-08-22,7030
00680L,元大美債20正2,60,0,60,致和證券,2024-08-22,7030
2349,錸德,81,38,43,致和證券,2024-08-22,7030
1584,精剛,57,20,37,致和證券,2024-08-22,7030
2891,中信金,39,5,34,致和證券,2024-08-22,7030
00715L,期街口布蘭特正2,30,0,30,致和證券,2024-08-22,7030
00919,群益台灣精選高息,26,1,25,致和證券,2024-08-22,7030
6661,威健生技,24,0,24,致和證券,2024-08-22,7030
00878,國泰永續高股息,22,0,22,致和證券,2024-08-22,7030
2323,中環,24,3,21,致和證券,2024-08-22,7030
00929,復華台灣科技優息,20,2,18,致和證券,2024-08-22,7030
2301,光寶科,15,0,15,致和證券,2024-08-22,7030
1785,光洋科,29,16,13,致和證券,2024-08-22,7030
1513,中興電,15,3,12,致和證券,2024-08-22,7030
5871,中租-KY,11,0,11,致和證券,2024-08-22,7030
2449,京元電子,36,25,11,致和證券,2024-08-22,7030
5426,振發,11,0,11,致和證券,2024-08-22,7030
2022,聚亨,10,0,10,致和證券,2024-08-22,7030
2208,台船,10,0,10,致和證券,2024-08-22,7030
2431,聯昌,10,0,10,致和證券,2024-08-22,7030
2610,華航,10,0,10,致和證券,2024-08-22,7030
6156,松上,11,1,10,致和證券,2024-08-22,7030
2881,富邦金,11,2,9,致和證券,2024-08-22,7030
3054,立萬利,9,0,9,致和證券,2024-08-22,7030
2356,英業達,11,3,8,致和證券,2024-08-22,7030
3490,單井,8,0,8,致和證券,2024-08-22,7030
9921,巨大,8,0,8,致和證券,2024-08-22,7030
2317,鴻海,13,5,8,致和證券,2024-08-22,7030
2062,橋椿,7,0,7,致和證券,2024-08-22,7030
3483,力致,13,6,7,致和證券,2024-08-22,7030
1570,力肯,6,0,6,致和證券,2024-08-22,7030
00751B,元大AAA至A公司債,6,0,6,致和證券,2024-08-22,7030
2201,裕隆,6,0,6,致和證券,2024-08-22,7030
3011,今皓,6,0,6,致和證券,2024-08-22,7030
3312,弘憶股,8,2,6,致和證券,2024-08-22,7030
3580,友威科,6,0,6,致和證券,2024-08-22,7030
8488,吉源-KY,6,0,6,致和證券,2024-08-22,7030
2884,玉山金,5,0,5,致和證券,2024-08-22,7030
6215,和椿,7,2,5,致和證券,2024-08-22,7030
00953B,群益優選非投等債,5,0,5,致和證券,2024-08-22,7030
00936,台新永續高息中小,5,0,5,致和證券,2024-08-22,7030
00907,永豐優息存股,5,0,5,致和證券,2024-08-22,7030
1582,信錦,22,17,5,致和證券,2024-08-22,7030
2014,中鴻,5,0,5,致和證券,2024-08-22,7030
2363,矽統,6,1,5,致和證券,2024-08-22,7030
2882,國泰金,5,0,5,致和證券,2024-08-22,7030
2905,三商,5,0,5,致和證券,2024-08-22,7030
3711,日月光投控,5,0,5,致和證券,2024-08-22,7030
4402,郡都開發,5,0,5,致和證券,2024-08-22,7030
5371,中光電,5,0,5,致和證券,2024-08-22,7030
00712,復華富時不動產,60,0,60,致和證券,2024-08-23,7030
2349,錸德,97,43,54,致和證券,2024-08-23,7030
00687B,國泰20年美債,43,0,43,致和證券,2024-08-23,7030
2002,中鋼,40,0,40,致和證券,2024-08-23,7030
2489,瑞軒,32,1,31,致和證券,2024-08-23,7030
2409,友達,27,6,21,致和證券,2024-08-23,7030
00931B,統一美債20年,20,0,20,致和證券,2024-08-23,7030
3022,威強電,20,0,20,致和證券,2024-08-23,7030
3520,華盈,20,0,20,致和證券,2024-08-23,7030
9105,泰金寶-DR,23,4,19,致和證券,2024-08-23,7030
3189,景碩,16,3,13,致和證券,2024-08-23,7030
6695,芯鼎,12,0,12,致和證券,2024-08-23,7030
4576,大銀微系統,17,5,12,致和證券,2024-08-23,7030
1314,中石化,36,25,11,致和證券,2024-08-23,7030
1721,三晃,14,3,11,致和證券,2024-08-23,7030
00706L,期元大S＆P日圓正2,10,0,10,致和證券,2024-08-23,7030
3054,立萬利,9,0,9,致和證券,2024-08-23,7030
5309,系統電,12,3,9,致和證券,2024-08-23,7030
00953B,群益優選非投等債,8,0,8,致和證券,2024-08-23,7030
2816,旺旺保,8,0,8,致和證券,2024-08-23,7030
2883,凱基金,8,0,8,致和證券,2024-08-23,7030
2317,鴻海,15,8,7,致和證券,2024-08-23,7030
3035,智原,7,0,7,致和證券,2024-08-23,7030
1584,精剛,40,33,7,致和證券,2024-08-23,7030
1409,新纖,6,0,6,致和證券,2024-08-23,7030
1326,台化,6,0,6,致和證券,2024-08-23,7030
2891,中信金,26,20,6,致和證券,2024-08-23,7030
3227,原相,6,0,6,致和證券,2024-08-23,7030
3287,廣寰科,6,0,6,致和證券,2024-08-23,7030
4157,太景*-KY,6,0,6,致和證券,2024-08-23,7030
00940,元大台灣價值高息,5,0,5,致和證券,2024-08-23,7030
00680L,元大美債20正2,5,0,5,致和證券,2024-08-23,7030
2382,廣達,5,0,5,致和證券,2024-08-23,7030
2530,華建,5,0,5,致和證券,2024-08-23,7030
3615,安可,9,4,5,致和證券,2024-08-23,7030
3707,漢磊,7,2,5,致和證券,2024-08-23,7030
4526,東台,5,0,5,致和證券,2024-08-23,7030
8227,巨有科技,4,0,4,致和證券,2024-08-23,7030
1708,東鹼,6,2,4,致和證券,2024-08-23,7030
00679B,元大美債20年,4,0,4,致和證券,2024-08-23,7030
0056,元大高股息,4,0,4,致和證券,2024-08-23,7030
1717,長興,6,2,4,致和證券,2024-08-23,7030
2303,聯電,5,1,4,致和證券,2024-08-23,7030
2431,聯昌,4,0,4,致和證券,2024-08-23,7030
5230,雷笛克光學,4,0,4,致和證券,2024-08-23,7030
8390,金益鼎,4,0,4,致和證券,2024-08-23,7030
4909,新復興,4,1,3,致和證券,2024-08-23,7030
1513,中興電,4,1,3,致和證券,2024-08-23,7030
1597,直得,3,0,3,致和證券,2024-08-23,7030
1718,中纖,3,0,3,致和證券,2024-08-23,7030
2356,英業達,452,1,451,致和證券,2024-08-26,7030
00712,復華富時不動產,100,0,100,致和證券,2024-08-26,7030
2888,新光金,228,142,86,致和證券,2024-08-26,7030
2409,友達,95,17,78,致和證券,2024-08-26,7030
1312,國喬,40,0,40,致和證券,2024-08-26,7030
00940,元大台灣價值高息,32,4,28,致和證券,2024-08-26,7030
6220,岳豐,27,1,26,致和證券,2024-08-26,7030
00687B,國泰20年美債,23,0,23,致和證券,2024-08-26,7030
3390,旭軟,22,0,22,致和證券,2024-08-26,7030
2891,中信金,20,3,17,致和證券,2024-08-26,7030
00934,中信成長高股息,16,0,16,致和證券,2024-08-26,7030
3003,健和興,13,0,13,致和證券,2024-08-26,7030
2365,昆盈,14,2,12,致和證券,2024-08-26,7030
1513,中興電,12,0,12,致和證券,2024-08-26,7030
2832,台產,10,0,10,致和證券,2024-08-26,7030
4967,十銓,10,0,10,致和證券,2024-08-26,7030
6215,和椿,10,0,10,致和證券,2024-08-26,7030
2312,金寶,31,22,9,致和證券,2024-08-26,7030
2885,元大金,9,0,9,致和證券,2024-08-26,7030
3645,達邁,9,0,9,致和證券,2024-08-26,7030
00953B,群益優選非投等債,8,0,8,致和證券,2024-08-26,7030
1711,永光,11,3,8,致和證券,2024-08-26,7030
4909,新復興,8,0,8,致和證券,2024-08-26,7030
6208,日揚,11,3,8,致和證券,2024-08-26,7030
0050,元大台灣50,9,2,7,致和證券,2024-08-26,7030
00919,群益台灣精選高息,7,0,7,致和證券,2024-08-26,7030
2323,中環,7,0,7,致和證券,2024-08-26,7030
1528,恩德,6,0,6,致和證券,2024-08-26,7030
4102,永日,6,0,6,致和證券,2024-08-26,7030
8043,蜜望實,7,1,6,致和證券,2024-08-26,7030
9935,慶豐富,6,0,6,致和證券,2024-08-26,7030
1796,金穎生技,5,0,5,致和證券,2024-08-26,7030
3673,TPK-KY,5,0,5,致和證券,2024-08-26,7030
4576,大銀微系統,15,10,5,致和證券,2024-08-26,7030
8455,大拓-KY,5,0,5,致和證券,2024-08-26,7030
9955,佳龍,16,11,5,致和證券,2024-08-26,7030
1584,精剛,19,15,4,致和證券,2024-08-26,7030
1785,光洋科,7,3,4,致和證券,2024-08-26,7030
2331,精英,5,1,4,致和證券,2024-08-26,7030
2449,京元電子,6,2,4,致和證券,2024-08-26,7030
2486,一詮,5,1,4,致和證券,2024-08-26,7030
2939,永邑-KY,4,0,4,致和證券,2024-08-26,7030
5452,佶優,4,0,4,致和證券,2024-08-26,7030
6477,安集,4,0,4,致和證券,2024-08-26,7030
6661,威健生技,4,0,4,致和證券,2024-08-26,7030
8028,昇陽半導體,12,8,4,致和證券,2024-08-26,7030
8234,新漢,4,0,4,致和證券,2024-08-26,7030
1609,大亞,24,21,3,致和證券,2024-08-26,7030
1721,三晃,6,3,3,致和證券,2024-08-26,7030
1477,聚陽,3,0,3,致和證券,2024-08-26,7030
6163,華電網,39,0,39,致和證券,2024-08-27,7030
00680L,元大美債20正2,35,0,35,致和證券,2024-08-27,7030
00919,群益台灣精選高息,29,0,29,致和證券,2024-08-27,7030
2609,陽明,30,1,29,致和證券,2024-08-27,7030
2891,中信金,30,2,28,致和證券,2024-08-27,7030
00878,國泰永續高股息,21,0,21,致和證券,2024-08-27,7030
2002,中鋼,21,0,21,致和證券,2024-08-27,7030
3149,正達,17,0,17,致和證券,2024-08-27,7030
00931B,統一美債20年,15,0,15,致和證券,2024-08-27,7030
00929,復華台灣科技優息,25,10,15,致和證券,2024-08-27,7030
2402,毅嘉,17,2,15,致和證券,2024-08-27,7030
3293,鈊象,11,0,11,致和證券,2024-08-27,7030
1721,三晃,20,10,10,致和證券,2024-08-27,7030
00679B,元大美債20年,10,0,10,致和證券,2024-08-27,7030
2208,台船,20,10,10,致和證券,2024-08-27,7030
2880,華南金,10,0,10,致和證券,2024-08-27,7030
4561,健椿,19,9,10,致和證券,2024-08-27,7030
6488,環球晶,10,0,10,致和證券,2024-08-27,7030
6753,龍德造船,11,1,10,致和證券,2024-08-27,7030
00715L,期街口布蘭特正2,9,0,9,致和證券,2024-08-27,7030
2303,聯電,10,2,8,致和證券,2024-08-27,7030
2449,京元電子,12,5,7,致和證券,2024-08-27,7030
2474,可成,12,5,7,致和證券,2024-08-27,7030
2610,華航,7,0,7,致和證券,2024-08-27,7030
2867,三商壽,12,5,7,致和證券,2024-08-27,7030
2405,輔信,38,32,6,致和證券,2024-08-27,7030
2615,萬海,27,21,6,致和證券,2024-08-27,7030
2883,凱基金,6,0,6,致和證券,2024-08-27,7030
3050,鈺德,6,0,6,致和證券,2024-08-27,7030
9105,泰金寶-DR,14,8,6,致和證券,2024-08-27,7030
00953B,群益優選非投等債,5,0,5,致和證券,2024-08-27,7030
2356,英業達,10,5,5,致和證券,2024-08-27,7030
2547,日勝生,5,0,5,致和證券,2024-08-27,7030
3260,威剛,6,1,5,致和證券,2024-08-27,7030
4534,慶騰,5,0,5,致和證券,2024-08-27,7030
6148,驊宏資,5,0,5,致和證券,2024-08-27,7030
6531,愛普*,5,0,5,致和證券,2024-08-27,7030
2337,旺宏,4,0,4,致和證券,2024-08-27,7030
3663,鑫科,4,0,4,致和證券,2024-08-27,7030
2887,台新金,4,0,4,致和證券,2024-08-27,7030
00830,國泰費城半導體,3,0,3,致和證券,2024-08-27,7030
00687B,國泰20年美債,3,0,3,致和證券,2024-08-27,7030
1584,精剛,3,0,3,致和證券,2024-08-27,7030
2206,三陽工業,3,0,3,致和證券,2024-08-27,7030
2344,華邦電,4,1,3,致和證券,2024-08-27,7030
2363,矽統,3,0,3,致和證券,2024-08-27,7030
2364,倫飛,3,0,3,致和證券,2024-08-27,7030
2399,映泰,9,6,3,致和證券,2024-08-27,7030
3033,威健,3,0,3,致和證券,2024-08-27,7030
3073,天方能源,3,0,3,致和證券,2024-08-27,7030
2888,新光金,169,50,119,致和證券,2024-08-28,7030
2208,台船,100,2,98,致和證券,2024-08-28,7030
2409,友達,47,0,47,致和證券,2024-08-28,7030
2505,國揚,30,0,30,致和證券,2024-08-28,7030
4120,友華,29,1,28,致和證券,2024-08-28,7030
00680L,元大美債20正2,25,0,25,致和證券,2024-08-28,7030
00919,群益台灣精選高息,22,0,22,致和證券,2024-08-28,7030
2002,中鋼,20,0,20,致和證券,2024-08-28,7030
00929,復華台灣科技優息,21,3,18,致和證券,2024-08-28,7030
8111,立��,16,0,16,致和證券,2024-08-28,7030
3003,健和興,15,0,15,致和證券,2024-08-28,7030
8455,大拓-KY,16,1,15,致和證券,2024-08-28,7030
4576,大銀微系統,14,0,14,致和證券,2024-08-28,7030
6443,元晶,16,2,14,致和證券,2024-08-28,7030
1584,精剛,12,0,12,致和證券,2024-08-28,7030
2392,正崴,13,2,11,致和證券,2024-08-28,7030
6163,華電網,11,0,11,致和證券,2024-08-28,7030
00715L,期街口布蘭特正2,10,0,10,致和證券,2024-08-28,7030
2323,中環,11,1,10,致和證券,2024-08-28,7030
2331,精英,10,0,10,致和證券,2024-08-28,7030
2408,南亞科,10,0,10,致和證券,2024-08-28,7030
3349,寶德,10,0,10,致和證券,2024-08-28,7030
6661,威健生技,10,0,10,致和證券,2024-08-28,7030
00936,台新永續高息中小,10,0,10,致和證券,2024-08-28,7030
2482,連宇,8,0,8,致和證券,2024-08-28,7030
5263,智崴,8,0,8,致和證券,2024-08-28,7030
3481,群創,21,13,8,致和證券,2024-08-28,7030
2301,光寶科,7,0,7,致和證券,2024-08-28,7030
8011,台通,10,3,7,致和證券,2024-08-28,7030
2228,劍麟,6,0,6,致和證券,2024-08-28,7030
1582,信錦,11,6,5,致和證券,2024-08-28,7030
00882,中信中國高股息,5,0,5,致和證券,2024-08-28,7030
00878,國泰永續高股息,5,0,5,致和證券,2024-08-28,7030
00939,統一台灣高息動能,5,0,5,致和證券,2024-08-28,7030
2101,南港,5,0,5,致和證券,2024-08-28,7030
2351,順德,5,0,5,致和證券,2024-08-28,7030
3034,聯詠,5,0,5,致和證券,2024-08-28,7030
4909,新復興,5,0,5,致和證券,2024-08-28,7030
8064,東捷,45,40,5,致和證券,2024-08-28,7030
1301,台塑,4,0,4,致和證券,2024-08-28,7030
2365,昆盈,6,2,4,致和證券,2024-08-28,7030
6207,雷科,5,1,4,致和證券,2024-08-28,7030
6215,和椿,4,0,4,致和證券,2024-08-28,7030
8028,昇陽半導體,5,1,4,致和證券,2024-08-28,7030
8942,森鉅,4,0,4,致和證券,2024-08-28,7030
9935,慶豐富,4,0,4,致和證券,2024-08-28,7030
00898,國泰基因免疫革命,3,0,3,致和證券,2024-08-28,7030
2609,陽明,4,1,3,致和證券,2024-08-28,7030
4903,聯光通,3,0,3,致和證券,2024-08-28,7030
4960,誠美材,3,0,3,致和證券,2024-08-28,7030
2891,中信金,97,1,96,致和證券,2024-08-29,7030
2356,英業達,57,6,51,致和證券,2024-08-29,7030
2834,臺企銀,37,0,37,致和證券,2024-08-29,7030
2101,南港,33,2,31,致和證券,2024-08-29,7030
00680L,元大美債20正2,25,0,25,致和證券,2024-08-29,7030
1721,三晃,31,11,20,致和證券,2024-08-29,7030
3673,TPK-KY,15,0,15,致和證券,2024-08-29,7030
2887,台新金,16,2,14,致和證券,2024-08-29,7030
2816,旺旺保,14,0,14,致和證券,2024-08-29,7030
4120,友華,13,0,13,致和證券,2024-08-29,7030
1528,恩德,15,3,12,致和證券,2024-08-29,7030
2313,華通,23,12,11,致和證券,2024-08-29,7030
1316,上曜,12,2,10,致和證券,2024-08-29,7030
3054,立萬利,11,1,10,致和證券,2024-08-29,7030
2867,三商壽,10,1,9,致和證券,2024-08-29,7030
4526,東台,43,34,9,致和證券,2024-08-29,7030
6531,愛普*,10,1,9,致和證券,2024-08-29,7030
8096,擎亞,9,0,9,致和證券,2024-08-29,7030
00877,復華中國5G,8,0,8,致和證券,2024-08-29,7030
2330,台積電,7,0,7,致和證券,2024-08-29,7030
1773,勝一,6,0,6,致和證券,2024-08-29,7030
2801,彰銀,6,0,6,致和證券,2024-08-29,7030
2939,永邑-KY,6,0,6,致和證券,2024-08-29,7030
00929,復華台灣科技優息,10,5,5,致和證券,2024-08-29,7030
1540,喬福,16,11,5,致和證券,2024-08-29,7030
00895,富邦未來車,5,0,5,致和證券,2024-08-29,7030
00881,國泰台灣5G+,5,0,5,致和證券,2024-08-29,7030
00830,國泰費城半導體,5,0,5,致和證券,2024-08-29,7030
2382,廣達,9,4,5,致和證券,2024-08-29,7030
2482,連宇,5,0,5,致和證券,2024-08-29,7030
3048,益登,5,0,5,致和證券,2024-08-29,7030
3224,三顧,5,0,5,致和證券,2024-08-29,7030
3380,明泰,7,2,5,致和證券,2024-08-29,7030
3515,華擎,5,0,5,致和證券,2024-08-29,7030
9904,寶成,5,0,5,致和證券,2024-08-29,7030
3231,緯創,4,0,4,致和證券,2024-08-29,7030
3349,寶德,4,0,4,致和證券,2024-08-29,7030
4919,新唐,4,0,4,致和證券,2024-08-29,7030
8066,來思達,4,0,4,致和證券,2024-08-29,7030
8488,吉源-KY,4,0,4,致和證券,2024-08-29,7030
0056,元大高股息,4,0,4,致和證券,2024-08-29,7030
6472,保瑞,3,0,3,致和證券,2024-08-29,7030
00953B,群益優選非投等債,3,0,3,致和證券,2024-08-29,7030
00939,統一台灣高息動能,5,2,3,致和證券,2024-08-29,7030
1608,華榮,3,0,3,致和證券,2024-08-29,7030
1785,光洋科,6,3,3,致和證券,2024-08-29,7030
2351,順德,3,0,3,致和證券,2024-08-29,7030
2455,全新,3,0,3,致和證券,2024-08-29,7030
2511,太子,3,0,3,致和證券,2024-08-29,7030
2515,中工,3,0,3,致和證券,2024-08-29,7030
2002,中鋼,43,0,43,致和證券,2024-08-30,7030
2408,南亞科,38,0,38,致和證券,2024-08-30,7030
2891,中信金,30,0,30,致和證券,2024-08-30,7030
1101,台泥,24,1,23,致和證券,2024-08-30,7030
1472,三洋實業,19,0,19,致和證券,2024-08-30,7030
3481,群創,23,6,17,致和證券,2024-08-30,7030
2367,燿華,24,7,17,致和證券,2024-08-30,7030
2312,金寶,22,6,16,致和證券,2024-08-30,7030
3048,益登,16,0,16,致和證券,2024-08-30,7030
1584,精剛,32,17,15,致和證券,2024-08-30,7030
2419,仲琦,15,0,15,致和證券,2024-08-30,7030
3535,晶彩科,13,1,12,致和證券,2024-08-30,7030
3580,友威科,13,1,12,致和證券,2024-08-30,7030
5364,力麗店,12,0,12,致和證券,2024-08-30,7030
6698,旭暉應材,12,0,12,致和證券,2024-08-30,7030
00919,群益台灣精選高息,12,0,12,致和證券,2024-08-30,7030
2365,昆盈,11,0,11,致和證券,2024-08-30,7030
00679B,元大美債20年,10,0,10,致和證券,2024-08-30,7030
2354,鴻準,11,1,10,致和證券,2024-08-30,7030
3265,台星科,10,0,10,致和證券,2024-08-30,7030
4120,友華,11,1,10,致和證券,2024-08-30,7030
8121,越峰,10,0,10,致和證券,2024-08-30,7030
00878,國泰永續高股息,10,1,9,致和證券,2024-08-30,7030
1721,三晃,10,1,9,致和證券,2024-08-30,7030
3019,亞光,11,2,9,致和證券,2024-08-30,7030
1711,永光,24,16,8,致和證券,2024-08-30,7030
8358,金居,9,1,8,致和證券,2024-08-30,7030
2363,矽統,7,0,7,致和證券,2024-08-30,7030
1727,中華化,6,0,6,致和證券,2024-08-30,7030
2324,仁寶,6,0,6,致和證券,2024-08-30,7030
6596,寬宏藝術,6,0,6,致和證券,2024-08-30,7030
1603,華電,5,0,5,致和證券,2024-08-30,7030
2206,三陽工業,5,0,5,致和證券,2024-08-30,7030
2313,華通,16,11,5,致和證券,2024-08-30,7030
4916,事欣科,5,0,5,致和證券,2024-08-30,7030
6133,金橋,5,0,5,致和證券,2024-08-30,7030
6153,嘉聯益,5,0,5,致和證券,2024-08-30,7030
2409,友達,5,1,4,致和證券,2024-08-30,7030
6603,富強鑫,5,1,4,致和證券,2024-08-30,7030
4967,十銓,5,1,4,致和證券,2024-08-30,7030
2867,三商壽,4,0,4,致和證券,2024-08-30,7030
1708,東鹼,5,2,3,致和證券,2024-08-30,7030
1618,合機,5,2,3,致和證券,2024-08-30,7030
1504,東元,3,0,3,致和證券,2024-08-30,7030
00959B,大華投等美債15Y+,3,0,3,致和證券,2024-08-30,7030
00730,富邦臺灣優質高息,3,0,3,致和證券,2024-08-30,7030
1722,台肥,3,0,3,致和證券,2024-08-30,7030
2340,台亞,4,1,3,致和證券,2024-08-30,7030
3042,晶技,5,2,3,致和證券,2024-08-30,7030
4420,光明,3,0,3,致和證券,2024-08-30,7030
00715L,期街口布蘭特正2,95,0,95,致和證券,2024-09-02,7030
00680L,元大美債20正2,25,0,25,致和證券,2024-09-02,7030
00934,中信成長高股息,24,0,24,致和證券,2024-09-02,7030
8488,吉源-KY,22,0,22,致和證券,2024-09-02,7030
1472,三洋實業,20,0,20,致和證券,2024-09-02,7030
6163,華電網,20,1,19,致和證券,2024-09-02,7030
2376,技嘉,17,0,17,致和證券,2024-09-02,7030
8011,台通,20,4,16,致和證券,2024-09-02,7030
1569,濱川,13,0,13,致和證券,2024-09-02,7030
00919,群益台灣精選高息,12,0,12,致和證券,2024-09-02,7030
5328,華容,12,0,12,致和證券,2024-09-02,7030
5364,力麗店,12,0,12,致和證券,2024-09-02,7030
1609,大亞,11,0,11,致和證券,2024-09-02,7030
2615,萬海,19,8,11,致和證券,2024-09-02,7030
1815,富喬,11,1,10,致和證券,2024-09-02,7030
2530,華建,10,0,10,致和證券,2024-09-02,7030
2618,長榮航,10,0,10,致和證券,2024-09-02,7030
3231,緯創,12,2,10,致和證券,2024-09-02,7030
6415,矽力*-KY,12,2,10,致和證券,2024-09-02,7030
2352,佳世達,15,7,8,致和證券,2024-09-02,7030
2547,日勝生,8,0,8,致和證券,2024-09-02,7030
3645,達邁,10,2,8,致和證券,2024-09-02,7030
5519,隆大,9,1,8,致和證券,2024-09-02,7030
00679B,元大美債20年,7,0,7,致和證券,2024-09-02,7030
1618,合機,7,0,7,致和證券,2024-09-02,7030
3390,旭軟,7,0,7,致和證券,2024-09-02,7030
3481,群創,14,7,7,致和證券,2024-09-02,7030
4908,前鼎,7,0,7,致和證券,2024-09-02,7030
3260,威剛,7,1,6,致和證券,2024-09-02,7030
6278,台表科,11,5,6,致和證券,2024-09-02,7030
00959B,大華投等美債15Y+,5,0,5,致和證券,2024-09-02,7030
00937B,群益ESG投等債20,5,0,5,致和證券,2024-09-02,7030
2028,威致,5,0,5,致和證券,2024-09-02,7030
3356,奇偶,5,0,5,致和證券,2024-09-02,7030
3520,華盈,5,0,5,致和證券,2024-09-02,7030
6875,國邑*,5,0,5,致和證券,2024-09-02,7030
1471,首利,4,0,4,致和證券,2024-09-02,7030
1773,勝一,4,0,4,致和證券,2024-09-02,7030
2312,金寶,26,22,4,致和證券,2024-09-02,7030
2367,燿華,11,7,4,致和證券,2024-09-02,7030
2402,毅嘉,6,2,4,致和證券,2024-09-02,7030
2409,友達,7,3,4,致和證券,2024-09-02,7030
3054,立萬利,4,0,4,致和證券,2024-09-02,7030
3591,艾笛森,4,0,4,致和證券,2024-09-02,7030
4714,永捷,14,10,4,致和證券,2024-09-02,7030
4987,科誠,4,0,4,致和證券,2024-09-02,7030
00857B,永豐20年美公債,3,0,3,致和證券,2024-09-02,7030
00720B,元大投資級公司債,3,0,3,致和證券,2024-09-02,7030
2103,台橡,3,0,3,致和證券,2024-09-02,7030
2323,中環,3,0,3,致和證券,2024-09-02,7030
00919,群益台灣精選高息,77,3,74,致和證券,2024-09-03,7030
00943,兆豐電子高息等權,70,0,70,致和證券,2024-09-03,7030
00934,中信成長高股息,30,0,30,致和證券,2024-09-03,7030
00878,國泰永續高股息,24,0,24,致和證券,2024-09-03,7030
1582,信錦,26,5,21,致和證券,2024-09-03,7030
2883,凱基金,20,0,20,致和證券,2024-09-03,7030
6505,台塑化,20,0,20,致和證券,2024-09-03,7030
2419,仲琦,20,0,20,致和證券,2024-09-03,7030
00931B,統一美債20年,15,0,15,致和證券,2024-09-03,7030
00679B,元大美債20年,22,8,14,致和證券,2024-09-03,7030
00929,復華台灣科技優息,14,1,13,致和證券,2024-09-03,7030
1609,大亞,13,0,13,致和證券,2024-09-03,7030
1316,上曜,18,5,13,致和證券,2024-09-03,7030
4526,東台,15,2,13,致和證券,2024-09-03,7030
2301,光寶科,12,0,12,致和證券,2024-09-03,7030
2408,南亞科,12,0,12,致和證券,2024-09-03,7030
2867,三商壽,12,0,12,致和證券,2024-09-03,7030
4576,大銀微系統,17,5,12,致和證券,2024-09-03,7030
6615,慧智,12,0,12,致和證券,2024-09-03,7030
00688L,國泰20年美債正2,11,0,11,致和證券,2024-09-03,7030
00918,大華優利高填息30,10,0,10,致和證券,2024-09-03,7030
2402,毅嘉,10,0,10,致和證券,2024-09-03,7030
3265,台星科,11,1,10,致和證券,2024-09-03,7030
3390,旭軟,11,1,10,致和證券,2024-09-03,7030
5220,萬達光電,10,0,10,致和證券,2024-09-03,7030
8064,東捷,20,10,10,致和證券,2024-09-03,7030
8121,越峰,10,0,10,致和證券,2024-09-03,7030
8249,菱光,10,0,10,致和證券,2024-09-03,7030
2312,金寶,29,20,9,致和證券,2024-09-03,7030
1785,光洋科,9,1,8,致和證券,2024-09-03,7030
2356,英業達,8,0,8,致和證券,2024-09-03,7030
3297,杭特,8,0,8,致和證券,2024-09-03,7030
8038,長園科,8,0,8,致和證券,2024-09-03,7030
2206,三陽工業,7,0,7,致和證券,2024-09-03,7030
1815,富喬,6,0,6,致和證券,2024-09-03,7030
2337,旺宏,6,0,6,致和證券,2024-09-03,7030
2367,燿華,9,3,6,致和證券,2024-09-03,7030
2515,中工,10,4,6,致和證券,2024-09-03,7030
3716,中化控股,6,0,6,致和證券,2024-09-03,7030
8488,吉源-KY,6,0,6,致和證券,2024-09-03,7030
2313,華通,8,3,5,致和證券,2024-09-03,7030
2353,宏��,5,0,5,致和證券,2024-09-03,7030
2485,兆赫,7,2,5,致和證券,2024-09-03,7030
2530,華建,5,0,5,致和證券,2024-09-03,7030
3054,立萬利,5,0,5,致和證券,2024-09-03,7030
3149,正達,6,1,5,致和證券,2024-09-03,7030
4121,優盛,5,0,5,致和證券,2024-09-03,7030
5364,力麗店,5,0,5,致和證券,2024-09-03,7030
6116,彩晶,5,0,5,致和證券,2024-09-03,7030
6213,聯茂,7,2,5,致和證券,2024-09-03,7030
00878,國泰永續高股息,145,1,144,致和證券,2024-09-04,7030
00650L,復華香港正2,80,0,80,致和證券,2024-09-04,7030
2883,凱基金,52,0,52,致和證券,2024-09-04,7030
00715L,期街口布蘭特正2,48,0,48,致和證券,2024-09-04,7030
00918,大華優利高填息30,44,0,44,致和證券,2024-09-04,7030
00940,元大台灣價值高息,42,0,42,致和證券,2024-09-04,7030
2367,燿華,52,11,41,致和證券,2024-09-04,7030
2867,三商壽,52,15,37,致和證券,2024-09-04,7030
00929,復華台灣科技優息,44,9,35,致和證券,2024-09-04,7030
2891,中信金,40,7,33,致和證券,2024-09-04,7030
00687B,國泰20年美債,32,0,32,致和證券,2024-09-04,7030
5864,致和證,30,0,30,致和證券,2024-09-04,7030
2880,華南金,25,0,25,致和證券,2024-09-04,7030
00919,群益台灣精選高息,25,3,22,致和證券,2024-09-04,7030
3481,群創,30,9,21,致和證券,2024-09-04,7030
2890,永豐金,20,0,20,致和證券,2024-09-04,7030
4157,太景*-KY,20,0,20,致和證券,2024-09-04,7030
00830,國泰費城半導體,17,0,17,致和證券,2024-09-04,7030
00934,中信成長高股息,16,0,16,致和證券,2024-09-04,7030
2330,台積電,18,3,15,致和證券,2024-09-04,7030
3017,奇鋐,14,0,14,致和證券,2024-09-04,7030
1785,光洋科,31,17,14,致和證券,2024-09-04,7030
00946,群益科技高息成長,14,0,14,致和證券,2024-09-04,7030
1815,富喬,14,1,13,致和證券,2024-09-04,7030
2303,聯電,20,7,13,致和證券,2024-09-04,7030
6531,愛普*,17,4,13,致和證券,2024-09-04,7030
8931,大汽電,13,0,13,致和證券,2024-09-04,7030
2382,廣達,17,4,13,致和證券,2024-09-04,7030
6213,聯茂,13,1,12,致和證券,2024-09-04,7030
1582,信錦,22,10,12,致和證券,2024-09-04,7030
2610,華航,13,1,12,致和證券,2024-09-04,7030
4909,新復興,13,1,12,致和證券,2024-09-04,7030
2834,臺企銀,11,0,11,致和證券,2024-09-04,7030
0056,元大高股息,11,0,11,致和證券,2024-09-04,7030
1326,台化,11,0,11,致和證券,2024-09-04,7030
2344,華邦電,11,0,11,致和證券,2024-09-04,7030
4510,高鋒,34,23,11,致和證券,2024-09-04,7030
1314,中石化,10,0,10,致和證券,2024-09-04,7030
1529,樂事綠能,10,0,10,致和證券,2024-09-04,7030
2369,菱生,10,0,10,致和證券,2024-09-04,7030
4562,穎漢,10,0,10,致和證券,2024-09-04,7030
4722,國精化,10,0,10,致和證券,2024-09-04,7030
6220,岳豐,10,0,10,致和證券,2024-09-04,7030
6615,慧智,10,0,10,致和證券,2024-09-04,7030
8046,南電,10,0,10,致和證券,2024-09-04,7030
1514,亞力,10,1,9,致和證券,2024-09-04,7030
00915,凱基優選高股息30,9,0,9,致和證券,2024-09-04,7030
3047,訊舟,10,1,9,致和證券,2024-09-04,7030
1301,台塑,9,1,8,致和證券,2024-09-04,7030
3376,新日興,8,0,8,致和證券,2024-09-04,7030
00919,群益台灣精選高息,135,20,115,致和證券,2024-09-05,7030
00952,凱基台灣AI50,104,0,104,致和證券,2024-09-05,7030
2485,兆赫,54,2,52,致和證券,2024-09-05,7030
00946,群益科技高息成長,50,0,50,致和證券,2024-09-05,7030
2885,元大金,60,21,39,致和證券,2024-09-05,7030
2317,鴻海,37,8,29,致和證券,2024-09-05,7030
00953B,群益優選非投等債,25,0,25,致和證券,2024-09-05,7030
1529,樂事綠能,20,0,20,致和證券,2024-09-05,7030
2344,華邦電,23,4,19,致和證券,2024-09-05,7030
2408,南亞科,19,0,19,致和證券,2024-09-05,7030
6505,台塑化,22,3,19,致和證券,2024-09-05,7030
2367,燿華,20,2,18,致和證券,2024-09-05,7030
1472,三洋實業,14,0,14,致和證券,2024-09-05,7030
1314,中石化,14,0,14,致和證券,2024-09-05,7030
1540,喬福,39,27,12,致和證券,2024-09-05,7030
2618,長榮航,22,10,12,致和證券,2024-09-05,7030
2891,中信金,17,5,12,致和證券,2024-09-05,7030
00943,兆豐電子高息等權,10,0,10,致和證券,2024-09-05,7030
00918,大華優利高填息30,10,0,10,致和證券,2024-09-05,7030
00725B,國泰投資級公司債,10,0,10,致和證券,2024-09-05,7030
00632R,元大台灣50反1,10,0,10,致和證券,2024-09-05,7030
1611,中電,10,0,10,致和證券,2024-09-05,7030
2444,兆勁,10,0,10,致和證券,2024-09-05,7030
3022,威強電,10,0,10,致和證券,2024-09-05,7030
3645,達邁,10,0,10,致和證券,2024-09-05,7030
8121,越峰,10,0,10,致和證券,2024-09-05,7030
2027,大成鋼,9,0,9,致和證券,2024-09-05,7030
00687B,國泰20年美債,9,0,9,致和證券,2024-09-05,7030
1609,大亞,48,40,8,致和證券,2024-09-05,7030
00715L,期街口布蘭特正2,7,0,7,致和證券,2024-09-05,7030
5871,中租-KY,7,0,7,致和證券,2024-09-05,7030
3035,智原,6,0,6,致和證券,2024-09-05,7030
3037,欣興,9,3,6,致和證券,2024-09-05,7030
1513,中興電,6,0,6,致和證券,2024-09-05,7030
1449,佳和,6,0,6,致和證券,2024-09-05,7030
2312,金寶,27,21,6,致和證券,2024-09-05,7030
2365,昆盈,19,13,6,致和證券,2024-09-05,7030
2820,華票,6,0,6,致和證券,2024-09-05,7030
00932,兆豐永續高息等權,5,0,5,致和證券,2024-09-05,7030
00948B,中信優息投資級債,5,0,5,致和證券,2024-09-05,7030
1785,光洋科,11,6,5,致和證券,2024-09-05,7030
2352,佳世達,6,1,5,致和證券,2024-09-05,7030
2845,遠東銀,5,0,5,致和證券,2024-09-05,7030
3050,鈺德,5,0,5,致和證券,2024-09-05,7030
3535,晶彩科,5,0,5,致和證券,2024-09-05,7030
4909,新復興,11,6,5,致和證券,2024-09-05,7030
5230,雷笛克光學,5,0,5,致和證券,2024-09-05,7030
5364,力麗店,5,0,5,致和證券,2024-09-05,7030
6278,台表科,10,5,5,致和證券,2024-09-05,7030
6488,環球晶,6,1,5,致和證券,2024-09-05,7030
2017,官田鋼,60,0,60,致和證券,2024-09-06,7030
1582,信錦,45,10,35,致和證券,2024-09-06,7030
8011,台通,42,11,31,致和證券,2024-09-06,7030
1310,台苯,30,0,30,致和證券,2024-09-06,7030
1802,台玻,30,0,30,致和證券,2024-09-06,7030
00632R,元大台灣50反1,20,0,20,致和證券,2024-09-06,7030
2033,佳大,20,0,20,致和證券,2024-09-06,7030
2537,聯上發,20,0,20,致和證券,2024-09-06,7030
2867,三商壽,20,0,20,致和證券,2024-09-06,7030
00751B,元大AAA至A公司債,17,0,17,致和證券,2024-09-06,7030
00929,復華台灣科技優息,26,10,16,致和證券,2024-09-06,7030
1529,樂事綠能,15,0,15,致和證券,2024-09-06,7030
1815,富喬,18,3,15,致和證券,2024-09-06,7030
3293,鈊象,15,0,15,致和證券,2024-09-06,7030
2891,中信金,18,3,15,致和證券,2024-09-06,7030
00945B,凱基美國非投等債,12,0,12,致和證券,2024-09-06,7030
2367,燿華,14,3,11,致和證券,2024-09-06,7030
3580,友威科,16,7,9,致和證券,2024-09-06,7030
6215,和椿,24,15,9,致和證券,2024-09-06,7030
8028,昇陽半導體,25,16,9,致和證券,2024-09-06,7030
00919,群益台灣精選高息,8,1,7,致和證券,2024-09-06,7030
2002,中鋼,7,0,7,致和證券,2024-09-06,7030
2610,華航,7,0,7,致和證券,2024-09-06,7030
3017,奇鋐,8,1,7,致和證券,2024-09-06,7030
2426,鼎元,6,0,6,致和證券,2024-09-06,7030
3481,群創,9,3,6,致和證券,2024-09-06,7030
1605,華新,5,0,5,致和證券,2024-09-06,7030
00948B,中信優息投資級債,5,0,5,致和證券,2024-09-06,7030
2022,聚亨,5,0,5,致和證券,2024-09-06,7030
2312,金寶,7,2,5,致和證券,2024-09-06,7030
2547,日勝生,5,0,5,致和證券,2024-09-06,7030
2880,華南金,5,0,5,致和證券,2024-09-06,7030
6216,居易,6,1,5,致和證券,2024-09-06,7030
8021,尖點,5,0,5,致和證券,2024-09-06,7030
8936,國統,5,0,5,致和證券,2024-09-06,7030
9935,慶豐富,5,0,5,致和證券,2024-09-06,7030
3054,立萬利,4,0,4,致和證券,2024-09-06,7030
00918,大華優利高填息30,4,0,4,致和證券,2024-09-06,7030
00741B,富邦全球非投等債,4,0,4,致和證券,2024-09-06,7030
1314,中石化,4,0,4,致和證券,2024-09-06,7030
2313,華通,7,3,4,致和證券,2024-09-06,7030
5228,鈺鎧,4,0,4,致和證券,2024-09-06,7030
2884,玉山金,3,0,3,致和證券,2024-09-06,7030
2027,大成鋼,3,0,3,致和證券,2024-09-06,7030
2402,毅嘉,3,0,3,致和證券,2024-09-06,7030
2409,友達,26,23,3,致和證券,2024-09-06,7030
2832,台產,3,0,3,致和證券,2024-09-06,7030
2892,第一金,3,0,3,致和證券,2024-09-06,7030
5309,系統電,3,0,3,致和證券,2024-09-06,7030
6877,鏵友益,3,0,3,致和證券,2024-09-06,7030
00936,台新永續高息中小,100,0,100,致和證券,2024-09-09,7030
2891,中信金,72,0,72,致和證券,2024-09-09,7030
00929,復華台灣科技優息,65,0,65,致和證券,2024-09-09,7030
2881,富邦金,32,0,32,致和證券,2024-09-09,7030
3037,欣興,30,0,30,致和證券,2024-09-09,7030
8039,台虹,30,0,30,致和證券,2024-09-09,7030
2885,元大金,23,0,23,致和證券,2024-09-09,7030
00680L,元大美債20正2,20,0,20,致和證券,2024-09-09,7030
1101,台泥,22,3,19,致和證券,2024-09-09,7030
00919,群益台灣精選高息,17,0,17,致和證券,2024-09-09,7030
00940,元大台灣價值高息,22,5,17,致和證券,2024-09-09,7030
00878,國泰永續高股息,16,0,16,致和證券,2024-09-09,7030
2317,鴻海,17,3,14,致和證券,2024-09-09,7030
2017,官田鋼,12,0,12,致和證券,2024-09-09,7030
6770,力積電,13,1,12,致和證券,2024-09-09,7030
1529,樂事綠能,11,0,11,致和證券,2024-09-09,7030
2615,萬海,11,0,11,致和證券,2024-09-09,7030
0056,元大高股息,10,0,10,致和證券,2024-09-09,7030
2022,聚亨,10,0,10,致和證券,2024-09-09,7030
2537,聯上發,10,0,10,致和證券,2024-09-09,7030
6136,富爾特,10,0,10,致和證券,2024-09-09,7030
6606,建德工業,10,0,10,致和證券,2024-09-09,7030
2201,裕隆,9,0,9,致和證券,2024-09-09,7030
6215,和椿,10,1,9,致和證券,2024-09-09,7030
2330,台積電,10,1,9,致和證券,2024-09-09,7030
00900,富邦特選高股息30,8,0,8,致和證券,2024-09-09,7030
3231,緯創,16,8,8,致和證券,2024-09-09,7030
8076,伍豐,9,1,8,致和證券,2024-09-09,7030
00915,凱基優選高股息30,7,0,7,致和證券,2024-09-09,7030
00881,國泰台灣5G+,7,0,7,致和證券,2024-09-09,7030
2464,盟立,25,18,7,致和證券,2024-09-09,7030
2609,陽明,8,1,7,致和證券,2024-09-09,7030
3349,寶德,7,0,7,致和證券,2024-09-09,7030
5347,世界,12,5,7,致和證券,2024-09-09,7030
00877,復華中國5G,6,0,6,致和證券,2024-09-09,7030
2520,冠德,6,0,6,致和證券,2024-09-09,7030
6829,千附精密,6,0,6,致和證券,2024-09-09,7030
2376,技嘉,5,0,5,致和證券,2024-09-09,7030
5443,均豪,5,0,5,致和證券,2024-09-09,7030
00720B,元大投資級公司債,5,0,5,致和證券,2024-09-09,7030
00951,台新日本半導體,5,0,5,致和證券,2024-09-09,7030
1301,台塑,5,0,5,致和證券,2024-09-09,7030
2474,可成,5,0,5,致和證券,2024-09-09,7030
3564,其陽,5,0,5,致和證券,2024-09-09,7030
6152,百一,5,0,5,致和證券,2024-09-09,7030
6415,矽力*-KY,8,3,5,致和證券,2024-09-09,7030
2382,廣達,6,2,4,致和證券,2024-09-09,7030
1718,中纖,4,0,4,致和證券,2024-09-09,7030
4102,永日,4,0,4,致和證券,2024-09-09,7030
6698,旭暉應材,4,0,4,致和證券,2024-09-09,7030
3481,群創,42,9,33,致和證券,2024-09-10,7030
00915,凱基優選高股息30,31,0,31,致和證券,2024-09-10,7030
2038,海光,30,0,30,致和證券,2024-09-10,7030
8039,台虹,30,0,30,致和證券,2024-09-10,7030
9105,泰金寶-DR,29,1,28,致和證券,2024-09-10,7030
1529,樂事綠能,28,2,26,致和證券,2024-09-10,7030
00940,元大台灣價值高息,30,5,25,致和證券,2024-09-10,7030
1584,精剛,31,10,21,致和證券,2024-09-10,7030
2610,華航,21,0,21,致和證券,2024-09-10,7030
2537,聯上發,20,0,20,致和證券,2024-09-10,7030
00878,國泰永續高股息,19,0,19,致和證券,2024-09-10,7030
00929,復華台灣科技優息,19,0,19,致和證券,2024-09-10,7030
2317,鴻海,23,6,17,致和證券,2024-09-10,7030
3163,波若威,19,3,16,致和證券,2024-09-10,7030
6661,威健生技,16,0,16,致和證券,2024-09-10,7030
5347,世界,26,11,15,致和證券,2024-09-10,7030
6505,台塑化,17,2,15,致和證券,2024-09-10,7030
0056,元大高股息,17,5,12,致和證券,2024-09-10,7030
00932,兆豐永續高息等權,11,0,11,致和證券,2024-09-10,7030
2301,光寶科,12,1,11,致和證券,2024-09-10,7030
4961,天鈺,11,0,11,致和證券,2024-09-10,7030
6278,台表科,11,0,11,致和證券,2024-09-10,7030
00953B,群益優選非投等債,10,0,10,致和證券,2024-09-10,7030
00948B,中信優息投資級債,10,0,10,致和證券,2024-09-10,7030
00688L,國泰20年美債正2,10,0,10,致和證券,2024-09-10,7030
00715L,期街口布蘭特正2,10,0,10,致和證券,2024-09-10,7030
00637L,元大滬深300正2,10,0,10,致和證券,2024-09-10,7030
00753L,中信中國50正2,10,0,10,致和證券,2024-09-10,7030
2303,聯電,10,0,10,致和證券,2024-09-10,7030
2883,凱基金,10,0,10,致和證券,2024-09-10,7030
3265,台星科,15,5,10,致和證券,2024-09-10,7030
2382,廣達,10,2,8,致和證券,2024-09-10,7030
2492,華新科,8,0,8,致和證券,2024-09-10,7030
8277,商丞,8,0,8,致和證券,2024-09-10,7030
00919,群益台灣精選高息,7,0,7,致和證券,2024-09-10,7030
2313,華通,7,0,7,致和證券,2024-09-10,7030
2344,華邦電,8,1,7,致和證券,2024-09-10,7030
2881,富邦金,7,0,7,致和證券,2024-09-10,7030
2002,中鋼,6,0,6,致和證券,2024-09-10,7030
2464,盟立,15,9,6,致和證券,2024-09-10,7030
2547,日勝生,6,0,6,致和證券,2024-09-10,7030
8096,擎亞,5,0,5,致和證券,2024-09-10,7030
1711,永光,5,0,5,致和證券,2024-09-10,7030
2530,華建,5,0,5,致和證券,2024-09-10,7030
3189,景碩,5,0,5,致和證券,2024-09-10,7030
4510,高鋒,5,0,5,致和證券,2024-09-10,7030
1540,喬福,5,1,4,致和證券,2024-09-10,7030
2405,輔信,8,4,4,致和證券,2024-09-10,7030
3029,零壹,4,0,4,致和證券,2024-09-10,7030
3047,訊舟,8,4,4,致和證券,2024-09-10,7030
00680L,元大美債20正2,253,0,253,致和證券,2024-09-11,7030
2834,臺企銀,102,1,101,致和證券,2024-09-11,7030
2367,燿華,55,1,54,致和證券,2024-09-11,7030
00715L,期街口布蘭特正2,49,0,49,致和證券,2024-09-11,7030
00929,復華台灣科技優息,33,0,33,致和證券,2024-09-11,7030
00687B,國泰20年美債,23,0,23,致和證券,2024-09-11,7030
3189,景碩,21,1,20,致和證券,2024-09-11,7030
6216,居易,30,10,20,致和證券,2024-09-11,7030
00679B,元大美債20年,16,0,16,致和證券,2024-09-11,7030
2419,仲琦,15,0,15,致和證券,2024-09-11,7030
6278,台表科,20,5,15,致和證券,2024-09-11,7030
2887,台新金,14,0,14,致和證券,2024-09-11,7030
3362,先進光,15,1,14,致和證券,2024-09-11,7030
2399,映泰,19,6,13,致和證券,2024-09-11,7030
2891,中信金,12,0,12,致和證券,2024-09-11,7030
4714,永捷,12,0,12,致和證券,2024-09-11,7030
00878,國泰永續高股息,12,0,12,致和證券,2024-09-11,7030
4566,時碩工業,11,0,11,致和證券,2024-09-11,7030
1529,樂事綠能,10,0,10,致和證券,2024-09-11,7030
00953B,群益優選非投等債,10,0,10,致和證券,2024-09-11,7030
00882,中信中國高股息,10,0,10,致和證券,2024-09-11,7030
2010,春源,10,0,10,致和證券,2024-09-11,7030
2208,台船,12,2,10,致和證券,2024-09-11,7030
2883,凱基金,10,0,10,致和證券,2024-09-11,7030
3048,益登,10,0,10,致和證券,2024-09-11,7030
00881,國泰台灣5G+,9,0,9,致和證券,2024-09-11,7030
9945,潤泰新,8,0,8,致和證券,2024-09-11,7030
2101,南港,9,2,7,致和證券,2024-09-11,7030
2617,台航,8,1,7,致和證券,2024-09-11,7030
3707,漢磊,9,2,7,致和證券,2024-09-11,7030
8927,北基,6,0,6,致和證券,2024-09-11,7030
1609,大亞,7,1,6,致和證券,2024-09-11,7030
1103,嘉泥,5,0,5,致和證券,2024-09-11,7030
2618,長榮航,5,0,5,致和證券,2024-09-11,7030
4707,磐亞,5,0,5,致和證券,2024-09-11,7030
5228,鈺鎧,5,0,5,致和證券,2024-09-11,7030
5871,中租-KY,10,5,5,致和證券,2024-09-11,7030
6120,達運,5,0,5,致和證券,2024-09-11,7030
6282,康舒,5,0,5,致和證券,2024-09-11,7030
6770,力積電,5,0,5,致和證券,2024-09-11,7030
8040,九暘,5,0,5,致和證券,2024-09-11,7030
9935,慶豐富,5,0,5,致和證券,2024-09-11,7030
1307,三芳,4,0,4,致和證券,2024-09-11,7030
2520,冠德,4,0,4,致和證券,2024-09-11,7030
2851,中再保,4,0,4,致和證券,2024-09-11,7030
8488,吉源-KY,4,0,4,致和證券,2024-09-11,7030
6139,亞翔,3,0,3,致和證券,2024-09-11,7030
4903,聯光通,3,0,3,致和證券,2024-09-11,7030
1584,精剛,8,5,3,致和證券,2024-09-11,7030
2610,華航,3,0,3,致和證券,2024-09-11,7030
00632R,元大台灣50反1,215,0,215,致和證券,2024-09-12,7030
2891,中信金,136,0,136,致和證券,2024-09-12,7030
6152,百一,81,2,79,致和證券,2024-09-12,7030
8927,北基,40,0,40,致和證券,2024-09-12,7030
1326,台化,35,0,35,致和證券,2024-09-12,7030
2485,兆赫,30,0,30,致和證券,2024-09-12,7030
3481,群創,27,3,24,致和證券,2024-09-12,7030
3189,景碩,25,4,21,致和證券,2024-09-12,7030
1584,精剛,38,22,16,致和證券,2024-09-12,7030
6005,群益證,15,0,15,致和證券,2024-09-12,7030
1472,三洋實業,14,0,14,致和證券,2024-09-12,7030
00919,群益台灣精選高息,11,0,11,致和證券,2024-09-12,7030
00686R,群益臺灣加權反1,10,0,10,致和證券,2024-09-12,7030
2208,台船,10,0,10,致和證券,2024-09-12,7030
8064,東捷,18,10,8,致和證券,2024-09-12,7030
00929,復華台灣科技優息,10,2,8,致和證券,2024-09-12,7030
2399,映泰,8,1,7,致和證券,2024-09-12,7030
00679B,元大美債20年,6,0,6,致和證券,2024-09-12,7030
00795B,中信美國公債20年,5,0,5,致和證券,2024-09-12,7030
1303,南亞,5,0,5,致和證券,2024-09-12,7030
1713,國化,5,0,5,致和證券,2024-09-12,7030
2351,順德,5,0,5,致和證券,2024-09-12,7030
2883,凱基金,5,0,5,致和證券,2024-09-12,7030
3707,漢磊,6,1,5,致和證券,2024-09-12,7030
6125,廣運,6,1,5,致和證券,2024-09-12,7030
9935,慶豐富,5,0,5,致和證券,2024-09-12,7030
5443,均豪,16,12,4,致和證券,2024-09-12,7030
2851,中再保,4,0,4,致和證券,2024-09-12,7030
6531,愛普*,4,0,4,致和證券,2024-09-12,7030
9921,巨大,4,0,4,致和證券,2024-09-12,7030
2881,富邦金,4,0,4,致和證券,2024-09-12,7030
2364,倫飛,3,0,3,致和證券,2024-09-12,7030
2887,台新金,3,0,3,致和證券,2024-09-12,7030
3034,聯詠,3,0,3,致和證券,2024-09-12,7030
3141,晶宏,3,0,3,致和證券,2024-09-12,7030
6770,力積電,3,0,3,致和證券,2024-09-12,7030
9951,皇田,3,0,3,致和證券,2024-09-12,7030
1524,耿鼎,2,0,2,致和證券,2024-09-12,7030
1301,台塑,3,1,2,致和證券,2024-09-12,7030
1314,中石化,2,0,2,致和證券,2024-09-12,7030
00957B,兆豐US優選投等債,2,0,2,致和證券,2024-09-12,7030
1608,華榮,2,0,2,致和證券,2024-09-12,7030
2014,中鴻,2,0,2,致和證券,2024-09-12,7030
2101,南港,2,0,2,致和證券,2024-09-12,7030
2353,宏��,3,1,2,致和證券,2024-09-12,7030
2408,南亞科,3,1,2,致和證券,2024-09-12,7030
2431,聯昌,2,0,2,致和證券,2024-09-12,7030
2489,瑞軒,2,0,2,致和證券,2024-09-12,7030
2945,三商家購,2,0,2,致和證券,2024-09-12,7030
3042,晶技,2,0,2,致和證券,2024-09-12,7030
00929,復華台灣科技優息,111,0,111,致和證券,2024-09-13,7030
00919,群益台灣精選高息,58,0,58,致和證券,2024-09-13,7030
2356,英業達,36,2,34,致和證券,2024-09-13,7030
00687B,國泰20年美債,33,0,33,致和證券,2024-09-13,7030
8039,台虹,22,1,21,致和證券,2024-09-13,7030
2208,台船,20,0,20,致和證券,2024-09-13,7030
2485,兆赫,20,0,20,致和證券,2024-09-13,7030
1326,台化,19,1,18,致和證券,2024-09-13,7030
2464,盟立,24,9,15,致和證券,2024-09-13,7030
2511,太子,14,0,14,致和證券,2024-09-13,7030
5347,世界,14,0,14,致和證券,2024-09-13,7030
00918,大華優利高填息30,12,0,12,致和證券,2024-09-13,7030
00688L,國泰20年美債正2,10,0,10,致和證券,2024-09-13,7030
2332,友訊,12,2,10,致和證券,2024-09-13,7030
3711,日月光投控,10,0,10,致和證券,2024-09-13,7030
8277,商丞,10,0,10,致和證券,2024-09-13,7030
2408,南亞科,9,1,8,致和證券,2024-09-13,7030
8927,北基,8,0,8,致和證券,2024-09-13,7030
00679B,元大美債20年,7,0,7,致和證券,2024-09-13,7030
8076,伍豐,7,0,7,致和證券,2024-09-13,7030
00915,凱基優選高股息30,6,0,6,致和證券,2024-09-13,7030
1316,上曜,10,5,5,致和證券,2024-09-13,7030
1582,信錦,5,0,5,致和證券,2024-09-13,7030
00680L,元大美債20正2,5,0,5,致和證券,2024-09-13,7030
2340,台亞,5,0,5,致和證券,2024-09-13,7030
2344,華邦電,6,1,5,致和證券,2024-09-13,7030
2426,鼎元,10,5,5,致和證券,2024-09-13,7030
3265,台星科,6,1,5,致和證券,2024-09-13,7030
6191,精成科,5,0,5,致和證券,2024-09-13,7030
8011,台通,8,3,5,致和證券,2024-09-13,7030
8299,群聯,5,0,5,致和證券,2024-09-13,7030
2834,臺企銀,16,12,4,致和證券,2024-09-13,7030
2002,中鋼,6,2,4,致和證券,2024-09-13,7030
2497,怡利電,25,21,4,致和證券,2024-09-13,7030
4979,華星光,11,7,4,致和證券,2024-09-13,7030
6269,台郡,4,0,4,致和證券,2024-09-13,7030
1721,三晃,3,0,3,致和證券,2024-09-13,7030
1101,台泥,3,0,3,致和證券,2024-09-13,7030
2605,新興,3,0,3,致和證券,2024-09-13,7030
3049,精金,3,0,3,致和證券,2024-09-13,7030
3141,晶宏,3,0,3,致和證券,2024-09-13,7030
3149,正達,3,0,3,致和證券,2024-09-13,7030
4566,時碩工業,3,0,3,致和證券,2024-09-13,7030
6415,矽力*-KY,7,4,3,致和證券,2024-09-13,7030
8070,長華*,5,2,3,致和證券,2024-09-13,7030
8096,擎亞,3,0,3,致和證券,2024-09-13,7030
3481,群創,2,0,2,致和證券,2024-09-13,7030
8374,羅昇,3,1,2,致和證券,2024-09-13,7030
2888,新光金,20,18,2,致和證券,2024-09-13,7030
1471,首利,2,0,2,致和證券,2024-09-13,7030
00632R,元大台灣50反1,200,0,200,致和證券,2024-09-16,7030
00918,大華優利高填息30,82,0,82,致和證券,2024-09-16,7030
00687B,國泰20年美債,61,0,61,致和證券,2024-09-16,7030
2834,臺企銀,60,2,58,致和證券,2024-09-16,7030
6153,嘉聯益,35,0,35,致和證券,2024-09-16,7030
2349,錸德,31,3,28,致和證券,2024-09-16,7030
5443,均豪,28,3,25,致和證券,2024-09-16,7030
2816,旺旺保,21,0,21,致和證券,2024-09-16,7030
00919,群益台灣精選高息,20,0,20,致和證券,2024-09-16,7030
1301,台塑,21,1,20,致和證券,2024-09-16,7030
2399,映泰,24,5,19,致和證券,2024-09-16,7030
00715L,期街口布蘭特正2,16,0,16,致和證券,2024-09-16,7030
00915,凱基優選高股息30,14,0,14,致和證券,2024-09-16,7030
2371,大同,16,3,13,致和證券,2024-09-16,7030
00929,復華台灣科技優息,12,0,12,致和證券,2024-09-16,7030
2002,中鋼,13,1,12,致和證券,2024-09-16,7030
8096,擎亞,12,0,12,致和證券,2024-09-16,7030
1326,台化,11,0,11,致和證券,2024-09-16,7030
8039,台虹,11,0,11,致和證券,2024-09-16,7030
1582,信錦,24,14,10,致和證券,2024-09-16,7030
2388,威盛,10,0,10,致和證券,2024-09-16,7030
2889,國票金,10,0,10,致和證券,2024-09-16,7030
2890,永豐金,10,0,10,致和證券,2024-09-16,7030
6239,力成,10,0,10,致和證券,2024-09-16,7030
8201,無敵,10,0,10,致和證券,2024-09-16,7030
3048,益登,10,1,9,致和證券,2024-09-16,7030
2014,中鴻,10,2,8,致和證券,2024-09-16,7030
8438,昶昕,8,0,8,致和證券,2024-09-16,7030
00939,統一台灣高息動能,7,0,7,致和證券,2024-09-16,7030
3645,達邁,7,0,7,致和證券,2024-09-16,7030
1309,台達化,6,0,6,致和證券,2024-09-16,7030
1773,勝一,5,0,5,致和證券,2024-09-16,7030
2201,裕隆,5,0,5,致和證券,2024-09-16,7030
2615,萬海,5,0,5,致和證券,2024-09-16,7030
5876,上海商銀,5,0,5,致和證券,2024-09-16,7030
9945,潤泰新,5,0,5,致和證券,2024-09-16,7030
1605,華新,6,2,4,致和證券,2024-09-16,7030
2374,佳能,13,9,4,致和證券,2024-09-16,7030
4540,全球傳動,4,0,4,致和證券,2024-09-16,7030
6603,富強鑫,4,0,4,致和證券,2024-09-16,7030
1522,堤維西,3,0,3,致和證券,2024-09-16,7030
2362,藍天,4,1,3,致和證券,2024-09-16,7030
2908,特力,3,0,3,致和證券,2024-09-16,7030
3047,訊舟,4,1,3,致和證券,2024-09-16,7030
3050,鈺德,3,0,3,致和證券,2024-09-16,7030
3501,維熹,3,0,3,致和證券,2024-09-16,7030
3715,定穎投控,3,0,3,致和證券,2024-09-16,7030
6246,臺龍,3,0,3,致和證券,2024-09-16,7030
8488,吉源-KY,3,0,3,致和證券,2024-09-16,7030
3231,緯創,6,4,2,致和證券,2024-09-16,7030
2888,新光金,234,12,222,致和證券,2024-09-18,7030
2816,旺旺保,50,0,50,致和證券,2024-09-18,7030
2349,錸德,61,12,49,致和證券,2024-09-18,7030
1721,三晃,50,1,49,致和證券,2024-09-18,7030
00929,復華台灣科技優息,43,0,43,致和證券,2024-09-18,7030
3550,聯穎,44,1,43,致和證券,2024-09-18,7030
2002,中鋼,25,0,25,致和證券,2024-09-18,7030
00919,群益台灣精選高息,35,11,24,致和證券,2024-09-18,7030
3024,憶聲,23,0,23,致和證券,2024-09-18,7030
2317,鴻海,24,2,22,致和證券,2024-09-18,7030
2887,台新金,21,0,21,致和證券,2024-09-18,7030
3481,群創,28,8,20,致和證券,2024-09-18,7030
00918,大華優利高填息30,17,0,17,致和證券,2024-09-18,7030
2409,友達,15,0,15,致和證券,2024-09-18,7030
00878,國泰永續高股息,15,0,15,致和證券,2024-09-18,7030
3265,台星科,21,6,15,致和證券,2024-09-18,7030
00885,富邦越南,15,2,13,致和證券,2024-09-18,7030
5880,合庫金,13,0,13,致和證券,2024-09-18,7030
3034,聯詠,11,0,11,致和證券,2024-09-18,7030
3706,神達,11,0,11,致和證券,2024-09-18,7030
3501,維熹,10,0,10,致和證券,2024-09-18,7030
8039,台虹,12,2,10,致和證券,2024-09-18,7030
8927,北基,10,0,10,致和證券,2024-09-18,7030
6239,力成,10,0,10,致和證券,2024-09-18,7030
00713,元大台灣高息低波,11,2,9,致和證券,2024-09-18,7030
2408,南亞科,8,0,8,致和證券,2024-09-18,7030
8044,網家,8,0,8,致和證券,2024-09-18,7030
2303,聯電,7,0,7,致和證券,2024-09-18,7030
0056,元大高股息,6,0,6,致和證券,2024-09-18,7030
2313,華通,6,0,6,致和證券,2024-09-18,7030
2356,英業達,8,2,6,致和證券,2024-09-18,7030
1717,長興,6,0,6,致和證券,2024-09-18,7030
2301,光寶科,6,0,6,致和證券,2024-09-18,7030
4909,新復興,7,1,6,致和證券,2024-09-18,7030
00712,復華富時不動產,15,10,5,致和證券,2024-09-18,7030
2014,中鴻,5,0,5,致和證券,2024-09-18,7030
2324,仁寶,5,0,5,致和證券,2024-09-18,7030
2455,全新,5,0,5,致和證券,2024-09-18,7030
3362,先進光,5,0,5,致和證券,2024-09-18,7030
4931,新盛力,5,0,5,致和證券,2024-09-18,7030
4961,天鈺,10,5,5,致和證券,2024-09-18,7030
4974,亞泰,5,0,5,致和證券,2024-09-18,7030
5315,光聯,5,0,5,致和證券,2024-09-18,7030
6274,台燿,7,2,5,致和證券,2024-09-18,7030
6829,千附精密,5,0,5,致和證券,2024-09-18,7030
3711,日月光投控,9,5,4,致和證券,2024-09-18,7030
2425,承啟,5,1,4,致和證券,2024-09-18,7030
3073,天方能源,4,0,4,致和證券,2024-09-18,7030
3349,寶德,4,0,4,致和證券,2024-09-18,7030
3707,漢磊,17,13,4,致和證券,2024-09-18,7030
1802,台玻,40,0,40,致和證券,2024-09-19,7030
2891,中信金,38,1,37,致和證券,2024-09-19,7030
2002,中鋼,29,0,29,致和證券,2024-09-19,7030
3049,精金,48,23,25,致和證券,2024-09-19,7030
00680L,元大美債20正2,60,40,20,致和證券,2024-09-19,7030
8927,北基,20,0,20,致和證券,2024-09-19,7030
00919,群益台灣精選高息,18,0,18,致和證券,2024-09-19,7030
00931B,統一美債20年,18,0,18,致和證券,2024-09-19,7030
00929,復華台灣科技優息,17,1,16,致和證券,2024-09-19,7030
00918,大華優利高填息30,16,0,16,致和證券,2024-09-19,7030
3711,日月光投控,16,1,15,致和證券,2024-09-19,7030
2426,鼎元,15,2,13,致和證券,2024-09-19,7030
6288,聯嘉,15,2,13,致和證券,2024-09-19,7030
1514,亞力,10,0,10,致和證券,2024-09-19,7030
00632R,元大台灣50反1,10,0,10,致和證券,2024-09-19,7030
4906,正文,10,0,10,致和證券,2024-09-19,7030
2317,鴻海,9,0,9,致和證券,2024-09-19,7030
1314,中石化,10,3,7,致和證券,2024-09-19,7030
00679B,元大美債20年,7,0,7,致和證券,2024-09-19,7030
00857B,永豐20年美公債,7,0,7,致和證券,2024-09-19,7030
00937B,群益ESG投等債20,6,0,6,致和證券,2024-09-19,7030
1785,光洋科,13,8,5,致和證券,2024-09-19,7030
00915,凱基優選高股息30,5,0,5,致和證券,2024-09-19,7030
3231,緯創,6,1,5,致和證券,2024-09-19,7030
1301,台塑,6,1,5,致和證券,2024-09-19,7030
00958B,永豐ESG銀行債15,5,0,5,致和證券,2024-09-19,7030
00688L,國泰20年美債正2,5,0,5,致和證券,2024-09-19,7030
2349,錸德,11,6,5,致和證券,2024-09-19,7030
2911,麗嬰房,5,0,5,致和證券,2024-09-19,7030
4562,穎漢,7,2,5,致和證券,2024-09-19,7030
2363,矽統,6,1,5,致和證券,2024-09-19,7030
2101,南港,5,0,5,致和證券,2024-09-19,7030
00900,富邦特選高股息30,4,0,4,致和證券,2024-09-19,7030
1711,永光,9,5,4,致和證券,2024-09-19,7030
2313,華通,6,2,4,致和證券,2024-09-19,7030
2356,英業達,6,2,4,致和證券,2024-09-19,7030
6661,威健生技,4,0,4,致和證券,2024-09-19,7030
6805,富世達,4,0,4,致和證券,2024-09-19,7030
8931,大汽電,4,0,4,致和證券,2024-09-19,7030
2303,聯電,4,0,4,致和證券,2024-09-19,7030
00764B,群益25年美債,3,0,3,致和證券,2024-09-19,7030
1529,樂事綠能,3,0,3,致和證券,2024-09-19,7030
2353,宏��,6,3,3,致和證券,2024-09-19,7030
2399,映泰,25,22,3,致和證券,2024-09-19,7030
2816,旺旺保,3,0,3,致和證券,2024-09-19,7030
6215,和椿,4,1,3,致和證券,2024-09-19,7030
4563,百德,13,10,3,致和證券,2024-09-19,7030
2382,廣達,3,1,2,致和證券,2024-09-19,7030
2888,新光金,43,41,2,致和證券,2024-09-19,7030
00713,元大台灣高息低波,2,0,2,致和證券,2024-09-19,7030
00937B,群益ESG投等債20,50,10,40,致和證券,2024-09-20,7030
2816,旺旺保,33,0,33,致和證券,2024-09-20,7030
8110,華東,30,0,30,致和證券,2024-09-20,7030
2537,聯上發,30,1,29,致和證券,2024-09-20,7030
5905,南仁湖,28,0,28,致和證券,2024-09-20,7030
00958B,永豐ESG銀行債15,26,0,26,致和證券,2024-09-20,7030
3303,岱稜,20,0,20,致和證券,2024-09-20,7030
4510,高鋒,20,0,20,致和證券,2024-09-20,7030
2883,凱基金,20,0,20,致和證券,2024-09-20,7030
3550,聯穎,18,0,18,致和證券,2024-09-20,7030
9945,潤泰新,15,0,15,致和證券,2024-09-20,7030
2062,橋椿,15,1,14,致和證券,2024-09-20,7030
8421,旭源,14,0,14,致和證券,2024-09-20,7030
2371,大同,12,0,12,致和證券,2024-09-20,7030
4526,東台,19,7,12,致和證券,2024-09-20,7030
2301,光寶科,12,1,11,致和證券,2024-09-20,7030
5519,隆大,13,2,11,致和證券,2024-09-20,7030
1446,宏和,10,0,10,致和證券,2024-09-20,7030
1584,精剛,10,0,10,致和證券,2024-09-20,7030
2312,金寶,12,2,10,致和證券,2024-09-20,7030
2485,兆赫,10,0,10,致和證券,2024-09-20,7030
3265,台星科,16,6,10,致和證券,2024-09-20,7030
6829,千附精密,10,0,10,致和證券,2024-09-20,7030
8201,無敵,10,0,10,致和證券,2024-09-20,7030
2356,英業達,10,1,9,致和證券,2024-09-20,7030
1609,大亞,16,7,9,致和證券,2024-09-20,7030
00918,大華優利高填息30,8,0,8,致和證券,2024-09-20,7030
3230,錦明,15,7,8,致和證券,2024-09-20,7030
2520,冠德,7,0,7,致和證券,2024-09-20,7030
2504,國產,7,0,7,致和證券,2024-09-20,7030
2399,映泰,25,18,7,致和證券,2024-09-20,7030
6290,良維,7,0,7,致和證券,2024-09-20,7030
00915,凱基優選高股息30,6,0,6,致和證券,2024-09-20,7030
3597,映興,6,0,6,致和證券,2024-09-20,7030
4137,麗豐-KY,6,0,6,致和證券,2024-09-20,7030
6140,訊達,7,1,6,致和證券,2024-09-20,7030
6616,特昇-KY,6,0,6,致和證券,2024-09-20,7030
6661,威健生技,6,0,6,致和證券,2024-09-20,7030
8044,網家,6,0,6,致和證券,2024-09-20,7030
1472,三洋實業,5,0,5,致和證券,2024-09-20,7030
2332,友訊,5,0,5,致和證券,2024-09-20,7030
2911,麗嬰房,5,0,5,致和證券,2024-09-20,7030
4402,郡都開發,5,0,5,致和證券,2024-09-20,7030
4909,新復興,9,4,5,致和證券,2024-09-20,7030
4976,佳凌,5,0,5,致和證券,2024-09-20,7030
6230,尼得科超眾,5,0,5,致和證券,2024-09-20,7030
6491,晶碩,5,0,5,致和證券,2024-09-20,7030
8067,志旭,5,0,5,致和證券,2024-09-20,7030
00688L,國泰20年美債正2,4,0,4,致和證券,2024-09-20,7030
2887,台新金,4,0,4,致和證券,2024-09-20,7030
1584,精剛,205,0,205,致和證券,2024-09-23,7030
2888,新光金,78,10,68,致和證券,2024-09-23,7030
00632R,元大台灣50反1,60,0,60,致和證券,2024-09-23,7030
00680L,元大美債20正2,30,0,30,致和證券,2024-09-23,7030
3047,訊舟,30,0,30,致和證券,2024-09-23,7030
1472,三洋實業,29,0,29,致和證券,2024-09-23,7030
00929,復華台灣科技優息,24,0,24,致和證券,2024-09-23,7030
00919,群益台灣精選高息,25,3,22,致和證券,2024-09-23,7030
4722,國精化,24,5,19,致和證券,2024-09-23,7030
00696B,富邦美債20年,15,0,15,致和證券,2024-09-23,7030
3535,晶彩科,14,0,14,致和證券,2024-09-23,7030
2002,中鋼,13,0,13,致和證券,2024-09-23,7030
2409,友達,13,0,13,致和證券,2024-09-23,7030
3048,益登,13,0,13,致和證券,2024-09-23,7030
1314,中石化,14,1,13,致和證券,2024-09-23,7030
2408,南亞科,12,0,12,致和證券,2024-09-23,7030
8039,台虹,12,0,12,致和證券,2024-09-23,7030
1727,中華化,12,1,11,致和證券,2024-09-23,7030
00712,復華富時不動產,10,0,10,致和證券,2024-09-23,7030
00931B,統一美債20年,10,0,10,致和證券,2024-09-23,7030
2495,普安,10,0,10,致和證券,2024-09-23,7030
2537,聯上發,10,0,10,致和證券,2024-09-23,7030
2630,亞航,12,2,10,致和證券,2024-09-23,7030
3714,富采,16,6,10,致和證券,2024-09-23,7030
4931,新盛力,10,0,10,致和證券,2024-09-23,7030
1217,愛之味,10,0,10,致和證券,2024-09-23,7030
5871,中租-KY,10,0,10,致和證券,2024-09-23,7030
1711,永光,12,3,9,致和證券,2024-09-23,7030
4746,台耀,11,2,9,致和證券,2024-09-23,7030
2497,怡利電,23,14,9,致和證券,2024-09-23,7030
4909,新復興,15,7,8,致和證券,2024-09-23,7030
2618,長榮航,10,2,8,致和證券,2024-09-23,7030
00958B,永豐ESG銀行債15,7,0,7,致和證券,2024-09-23,7030
00687B,國泰20年美債,6,0,6,致和證券,2024-09-23,7030
5228,鈺鎧,6,0,6,致和證券,2024-09-23,7030
8070,長華*,13,7,6,致和證券,2024-09-23,7030
00948B,中信優息投資級債,5,0,5,致和證券,2024-09-23,7030
00724B,群益投資級金融債,5,0,5,致和證券,2024-09-23,7030
2347,聯強,5,0,5,致和證券,2024-09-23,7030
2401,凌陽,5,0,5,致和證券,2024-09-23,7030
2883,凱基金,8,3,5,致和證券,2024-09-23,7030
3211,順達,5,0,5,致和證券,2024-09-23,7030
3349,寶德,5,0,5,致和證券,2024-09-23,7030
3455,由田,5,0,5,致和證券,2024-09-23,7030
5515,建國,5,0,5,致和證券,2024-09-23,7030
8027,鈦昇,5,0,5,致和證券,2024-09-23,7030
3163,波若威,5,0,5,致和證券,2024-09-23,7030
1326,台化,4,0,4,致和證券,2024-09-23,7030
00688L,國泰20年美債正2,4,0,4,致和證券,2024-09-23,7030
1785,光洋科,8,4,4,致和證券,2024-09-23,7030
2356,英業達,200,8,192,致和證券,2024-09-24,7030
2888,新光金,73,0,73,致和證券,2024-09-24,7030
00632R,元大台灣50反1,45,1,44,致和證券,2024-09-24,7030
3605,宏致,36,1,35,致和證券,2024-09-24,7030
2402,毅嘉,32,0,32,致和證券,2024-09-24,7030
00679B,元大美債20年,24,3,21,致和證券,2024-09-24,7030
00687B,國泰20年美債,22,2,20,致和證券,2024-09-24,7030
2337,旺宏,16,0,16,致和證券,2024-09-24,7030
2611,志信,16,0,16,致和證券,2024-09-24,7030
5483,中美晶,13,0,13,致和證券,2024-09-24,7030
8044,網家,11,0,11,致和證券,2024-09-24,7030
1582,信錦,10,0,10,致和證券,2024-09-24,7030
1725,元禎,10,0,10,致和證券,2024-09-24,7030
1314,中石化,10,0,10,致和證券,2024-09-24,7030
00931B,統一美債20年,10,0,10,致和證券,2024-09-24,7030
2002,中鋼,10,0,10,致和證券,2024-09-24,7030
2344,華邦電,10,1,9,致和證券,2024-09-24,7030
4979,華星光,9,1,8,致和證券,2024-09-24,7030
2014,中鴻,10,2,8,致和證券,2024-09-24,7030
00919,群益台灣精選高息,8,1,7,致和證券,2024-09-24,7030
8076,伍豐,7,0,7,致和證券,2024-09-24,7030
2383,台光電,6,0,6,致和證券,2024-09-24,7030
3011,今皓,6,0,6,致和證券,2024-09-24,7030
3349,寶德,6,0,6,致和證券,2024-09-24,7030
3481,群創,10,4,6,致和證券,2024-09-24,7030
00918,大華優利高填息30,5,0,5,致和證券,2024-09-24,7030
00940,元大台灣價值高息,5,0,5,致和證券,2024-09-24,7030
00960,野村全球航運龍頭,5,0,5,致和證券,2024-09-24,7030
1815,富喬,5,0,5,致和證券,2024-09-24,7030
2385,群光,5,0,5,致和證券,2024-09-24,7030
2426,鼎元,5,0,5,致和證券,2024-09-24,7030
2605,新興,6,1,5,致和證券,2024-09-24,7030
6134,萬旭,5,0,5,致和證券,2024-09-24,7030
6844,諾貝兒,5,0,5,致和證券,2024-09-24,7030
8121,越峰,5,0,5,致和證券,2024-09-24,7030
9921,巨大,5,0,5,致和證券,2024-09-24,7030
00958B,永豐ESG銀行債15,4,0,4,致和證券,2024-09-24,7030
2201,裕隆,5,1,4,致和證券,2024-09-24,7030
2537,聯上發,4,0,4,致和證券,2024-09-24,7030
5388,中磊,4,0,4,致和證券,2024-09-24,7030
5443,均豪,5,1,4,致和證券,2024-09-24,7030
6649,台生材,4,0,4,致和證券,2024-09-24,7030
8070,長華*,5,1,4,致和證券,2024-09-24,7030
00857B,永豐20年美公債,3,0,3,致和證券,2024-09-24,7030
00915,凱基優選高股息30,3,0,3,致和證券,2024-09-24,7030
00927,群益半導體收益,3,0,3,致和證券,2024-09-24,7030
1799,易威,3,0,3,致和證券,2024-09-24,7030
2637,慧洋-KY,4,1,3,致和證券,2024-09-24,7030
2883,凱基金,3,0,3,致和證券,2024-09-24,7030
2890,永豐金,3,0,3,致和證券,2024-09-24,7030
00632R,元大台灣50反1,88,0,88,致和證券,2024-09-25,7030
00929,復華台灣科技優息,62,8,54,致和證券,2024-09-25,7030
1582,信錦,38,0,38,致和證券,2024-09-25,7030
1802,台玻,30,0,30,致和證券,2024-09-25,7030
2401,凌陽,28,0,28,致和證券,2024-09-25,7030
3047,訊舟,34,7,27,致和證券,2024-09-25,7030
6668,中揚光,27,0,27,致和證券,2024-09-25,7030
00679B,元大美債20年,22,0,22,致和證券,2024-09-25,7030
1725,元禎,20,0,20,致和證券,2024-09-25,7030
2605,新興,18,1,17,致和證券,2024-09-25,7030
8431,匯鑽科,17,0,17,致和證券,2024-09-25,7030
3062,建漢,16,0,16,致和證券,2024-09-25,7030
2816,旺旺保,14,0,14,致和證券,2024-09-25,7030
2888,新光金,14,3,11,致和證券,2024-09-25,7030
00891,中信關鍵半導體,8,0,8,致和證券,2024-09-25,7030
1785,光洋科,15,7,8,致和證券,2024-09-25,7030
8044,網家,8,0,8,致和證券,2024-09-25,7030
2388,威盛,8,1,7,致和證券,2024-09-25,7030
2634,漢翔,7,0,7,致和證券,2024-09-25,7030
2344,華邦電,11,5,6,致和證券,2024-09-25,7030
2464,盟立,10,4,6,致和證券,2024-09-25,7030
1471,首利,5,0,5,致和證券,2024-09-25,7030
1434,福懋,5,0,5,致和證券,2024-09-25,7030
2002,中鋼,5,0,5,致和證券,2024-09-25,7030
2314,台揚,5,0,5,致和證券,2024-09-25,7030
2838A,聯邦銀甲特,5,0,5,致和證券,2024-09-25,7030
3550,聯穎,6,1,5,致和證券,2024-09-25,7030
3673,TPK-KY,8,3,5,致和證券,2024-09-25,7030
4155,訊映,5,0,5,致和證券,2024-09-25,7030
1319,東陽,4,0,4,致和證券,2024-09-25,7030
1721,三晃,4,0,4,致和證券,2024-09-25,7030
2371,大同,5,1,4,致和證券,2024-09-25,7030
2399,映泰,6,2,4,致和證券,2024-09-25,7030
2426,鼎元,5,1,4,致和證券,2024-09-25,7030
4139,馬光-KY,8,4,4,致和證券,2024-09-25,7030
6415,矽力*-KY,6,2,4,致和證券,2024-09-25,7030
6443,元晶,6,2,4,致和證券,2024-09-25,7030
8455,大拓-KY,4,0,4,致和證券,2024-09-25,7030
6143,振曜,3,0,3,致和證券,2024-09-25,7030
1709,和益,3,0,3,致和證券,2024-09-25,7030
1711,永光,3,0,3,致和證券,2024-09-25,7030
2880,華南金,3,0,3,致和證券,2024-09-25,7030
3021,鴻名,6,3,3,致和證券,2024-09-25,7030
3708,上緯投控,3,0,3,致和證券,2024-09-25,7030
4714,永捷,3,0,3,致和證券,2024-09-25,7030
4938,和碩,3,0,3,致和證券,2024-09-25,7030
5347,世界,5,2,3,致和證券,2024-09-25,7030
6207,雷科,3,0,3,致和證券,2024-09-25,7030
6506,雙邦,3,0,3,致和證券,2024-09-25,7030
6743,安普新,3,0,3,致和證券,2024-09-25,7030
2337,旺宏,500,3,497,致和證券,2024-09-26,7030
00715L,期街口布蘭特正2,43,0,43,致和證券,2024-09-26,7030
1725,元禎,29,0,29,致和證券,2024-09-26,7030
8431,匯鑽科,25,0,25,致和證券,2024-09-26,7030
2457,飛宏,20,1,19,致和證券,2024-09-26,7030
4510,高鋒,50,31,19,致和證券,2024-09-26,7030
1905,華紙,20,2,18,致和證券,2024-09-26,7030
8027,鈦昇,18,0,18,致和證券,2024-09-26,7030
2891,中信金,17,1,16,致和證券,2024-09-26,7030
1472,三洋實業,14,0,14,致和證券,2024-09-26,7030
2323,中環,13,0,13,致和證券,2024-09-26,7030
6215,和椿,13,0,13,致和證券,2024-09-26,7030
00960,野村全球航運龍頭,25,13,12,致和證券,2024-09-26,7030
3605,宏致,13,1,12,致和證券,2024-09-26,7030
4155,訊映,12,0,12,致和證券,2024-09-26,7030
6616,特昇-KY,12,0,12,致和證券,2024-09-26,7030
1314,中石化,12,0,12,致和證券,2024-09-26,7030
00680L,元大美債20正2,10,0,10,致和證券,2024-09-26,7030
2332,友訊,10,0,10,致和證券,2024-09-26,7030
2816,旺旺保,10,0,10,致和證券,2024-09-26,7030
3673,TPK-KY,10,0,10,致和證券,2024-09-26,7030
1434,福懋,9,0,9,致和證券,2024-09-26,7030
4503,金雨,9,0,9,致和證券,2024-09-26,7030
3481,群創,58,49,9,致和證券,2024-09-26,7030
1603,華電,8,0,8,致和證券,2024-09-26,7030
3231,緯創,9,1,8,致和證券,2024-09-26,7030
3530,晶相光,8,0,8,致和證券,2024-09-26,7030
5425,台半,8,0,8,致和證券,2024-09-26,7030
1815,富喬,9,2,7,致和證券,2024-09-26,7030
2888,新光金,16,9,7,致和證券,2024-09-26,7030
3019,亞光,9,2,7,致和證券,2024-09-26,7030
3264,欣銓,7,0,7,致和證券,2024-09-26,7030
3588,通嘉,8,1,7,致和證券,2024-09-26,7030
8927,北基,7,0,7,致和證券,2024-09-26,7030
9921,巨大,7,0,7,致和證券,2024-09-26,7030
2609,陽明,38,31,7,致和證券,2024-09-26,7030
3013,晟銘電,7,1,6,致和證券,2024-09-26,7030
8067,志旭,6,0,6,致和證券,2024-09-26,7030
2371,大同,7,1,6,致和證券,2024-09-26,7030
1808,潤隆,7,2,5,致和證券,2024-09-26,7030
006208,富邦台50,5,0,5,致和證券,2024-09-26,7030
00945B,凱基美國非投等債,5,0,5,致和證券,2024-09-26,7030
2204,中華,5,0,5,致和證券,2024-09-26,7030
2302,麗正,5,0,5,致和證券,2024-09-26,7030
3227,原相,12,7,5,致和證券,2024-09-26,7030
4931,新盛力,5,0,5,致和證券,2024-09-26,7030
6274,台燿,7,2,5,致和證券,2024-09-26,7030
8039,台虹,5,0,5,致和證券,2024-09-26,7030
8121,越峰,5,0,5,致和證券,2024-09-26,7030
9105,泰金寶-DR,6,1,5,致和證券,2024-09-26,7030
2014,中鴻,307,5,302,致和證券,2024-09-27,7030
00687B,國泰20年美債,53,0,53,致和證券,2024-09-27,7030
2002,中鋼,93,45,48,致和證券,2024-09-27,7030
2867,三商壽,25,0,25,致和證券,2024-09-27,7030
00715L,期街口布蘭特正2,23,0,23,致和證券,2024-09-27,7030
00945B,凱基美國非投等債,18,0,18,致和證券,2024-09-27,7030
2201,裕隆,17,0,17,致和證券,2024-09-27,7030
3293,鈊象,17,1,16,致和證券,2024-09-27,7030
3362,先進光,15,0,15,致和證券,2024-09-27,7030
3163,波若威,16,1,15,致和證券,2024-09-27,7030
2344,華邦電,20,6,14,致和證券,2024-09-27,7030
2888,新光金,14,0,14,致和證券,2024-09-27,7030
1472,三洋實業,13,0,13,致和證券,2024-09-27,7030
00712,復華富時不動產,13,0,13,致和證券,2024-09-27,7030
2408,南亞科,45,32,13,致和證券,2024-09-27,7030
3605,宏致,12,0,12,致和證券,2024-09-27,7030
00720B,元大投資級公司債,10,0,10,致和證券,2024-09-27,7030
1582,信錦,30,20,10,致和證券,2024-09-27,7030
1609,大亞,25,15,10,致和證券,2024-09-27,7030
2801,彰銀,10,0,10,致和證券,2024-09-27,7030
2816,旺旺保,10,0,10,致和證券,2024-09-27,7030
3308,聯德,10,0,10,致和證券,2024-09-27,7030
6140,訊達,10,0,10,致和證券,2024-09-27,7030
2618,長榮航,10,1,9,致和證券,2024-09-27,7030
2891,中信金,21,12,9,致和證券,2024-09-27,7030
3037,欣興,14,5,9,致和證券,2024-09-27,7030
8431,匯鑽科,9,0,9,致和證券,2024-09-27,7030
2883,凱基金,8,0,8,致和證券,2024-09-27,7030
3434,哲固,8,0,8,致和證券,2024-09-27,7030
6457,紘康,11,3,8,致和證券,2024-09-27,7030
6958,日盛台駿,8,0,8,致和證券,2024-09-27,7030
4909,新復興,11,4,7,致和證券,2024-09-27,7030
00919,群益台灣精選高息,6,0,6,致和證券,2024-09-27,7030
1711,永光,8,2,6,致和證券,2024-09-27,7030
9958,世紀鋼,6,0,6,致和證券,2024-09-27,7030
00918,大華優利高填息30,6,0,6,致和證券,2024-09-27,7030
2495,普安,5,0,5,致和證券,2024-09-27,7030
2615,萬海,24,19,5,致和證券,2024-09-27,7030
00679B,元大美債20年,5,0,5,致和證券,2024-09-27,7030
00878,國泰永續高股息,5,0,5,致和證券,2024-09-27,7030
00960,野村全球航運龍頭,7,2,5,致和證券,2024-09-27,7030
1612,宏泰,5,0,5,致和證券,2024-09-27,7030
2023,燁輝,5,0,5,致和證券,2024-09-27,7030
2049,上銀,5,0,5,致和證券,2024-09-27,7030
2362,藍天,5,0,5,致和證券,2024-09-27,7030
2911,麗嬰房,5,0,5,致和證券,2024-09-27,7030
3019,亞光,6,1,5,致和證券,2024-09-27,7030
3492,長盛,5,0,5,致和證券,2024-09-27,7030
5426,振發,5,0,5,致和證券,2024-09-27,7030
6829,千附精密,5,0,5,致和證券,2024-09-27,7030
2313,華通,104,0,104,致和證券,2024-09-30,7030
2002,中鋼,76,8,68,致和證券,2024-09-30,7030
00878,國泰永續高股息,44,0,44,致和證券,2024-09-30,7030
2867,三商壽,40,0,40,致和證券,2024-09-30,7030
2609,陽明,51,15,36,致和證券,2024-09-30,7030
00945B,凱基美國非投等債,33,0,33,致和證券,2024-09-30,7030
2888,新光金,38,7,31,致和證券,2024-09-30,7030
00919,群益台灣精選高息,32,1,31,致和證券,2024-09-30,7030
1582,信錦,37,10,27,致和證券,2024-09-30,7030
00940,元大台灣價值高息,26,0,26,致和證券,2024-09-30,7030
00687B,國泰20年美債,43,18,25,致和證券,2024-09-30,7030
00960,野村全球航運龍頭,29,5,24,致和證券,2024-09-30,7030
00929,復華台灣科技優息,24,3,21,致和證券,2024-09-30,7030
6213,聯茂,20,0,20,致和證券,2024-09-30,7030
1909,榮成,17,0,17,致和證券,2024-09-30,7030
6215,和椿,16,0,16,致和證券,2024-09-30,7030
1101,台泥,16,1,15,致和證券,2024-09-30,7030
2356,英業達,15,1,14,致和證券,2024-09-30,7030
2834,臺企銀,17,3,14,致和證券,2024-09-30,7030
2330,台積電,14,1,13,致和證券,2024-09-30,7030
6276,安鈦克,13,0,13,致和證券,2024-09-30,7030
1304,台聚,11,0,11,致和證券,2024-09-30,7030
0056,元大高股息,11,0,11,致和證券,2024-09-30,7030
8039,台虹,11,0,11,致和證券,2024-09-30,7030
00688L,國泰20年美債正2,10,0,10,致和證券,2024-09-30,7030
2017,官田鋼,10,0,10,致和證券,2024-09-30,7030
2331,精英,10,0,10,致和證券,2024-09-30,7030
6248,沛波,10,0,10,致和證券,2024-09-30,7030
6457,紘康,11,1,10,致和證券,2024-09-30,7030
9105,泰金寶-DR,16,6,10,致和證券,2024-09-30,7030
9907,統一實,10,0,10,致和證券,2024-09-30,7030
00931B,統一美債20年,10,1,9,致和證券,2024-09-30,7030
00665L,富邦�琤肭磪囓�2,10,1,9,致和證券,2024-09-30,7030
6233,旺玖,8,0,8,致和證券,2024-09-30,7030
1464,得力,7,0,7,致和證券,2024-09-30,7030
4989,榮科,8,1,7,致和證券,2024-09-30,7030
8436,大江,7,0,7,致和證券,2024-09-30,7030
2489,瑞軒,8,2,6,致和證券,2024-09-30,7030
2618,長榮航,7,1,6,致和證券,2024-09-30,7030
3037,欣興,6,0,6,致和證券,2024-09-30,7030
3231,緯創,6,0,6,致和證券,2024-09-30,7030
3605,宏致,6,0,6,致和證券,2024-09-30,7030
3711,日月光投控,7,1,6,致和證券,2024-09-30,7030
8431,匯鑽科,6,0,6,致和證券,2024-09-30,7030
5871,中租-KY,9,3,6,致和證券,2024-09-30,7030
006208,富邦台50,5,0,5,致和證券,2024-09-30,7030
1702,南僑,5,0,5,致和證券,2024-09-30,7030
2049,上銀,5,0,5,致和證券,2024-09-30,7030
2301,光寶科,5,0,5,致和證券,2024-09-30,7030
2352,佳世達,5,0,5,致和證券,2024-09-30,7030
00918,大華優利高填息30,55,0,55,致和證券,2024-10-01,7030
2002,中鋼,54,4,50,致和證券,2024-10-01,7030
00687B,國泰20年美債,40,0,40,致和證券,2024-10-01,7030
3550,聯穎,41,1,40,致和證券,2024-10-01,7030
2344,華邦電,20,1,19,致和證券,2024-10-01,7030
00922,國泰台灣領袖50,18,0,18,致和證券,2024-10-01,7030
00919,群益台灣精選高息,16,0,16,致和證券,2024-10-01,7030
2929,淘帝-KY,48,33,15,致和證券,2024-10-01,7030
8299,群聯,14,0,14,致和證券,2024-10-01,7030
00753L,中信中國50正2,20,8,12,致和證券,2024-10-01,7030
4563,百德,12,0,12,致和證券,2024-10-01,7030
00688L,國泰20年美債正2,10,0,10,致和證券,2024-10-01,7030
2399,映泰,21,11,10,致和證券,2024-10-01,7030
2834,臺企銀,10,0,10,致和證券,2024-10-01,7030
2836,高雄銀,10,0,10,致和證券,2024-10-01,7030
4931,新盛力,10,0,10,致和證券,2024-10-01,7030
5225,東科-KY,10,0,10,致和證券,2024-10-01,7030
00923,群益台ESG低碳50,9,0,9,致和證券,2024-10-01,7030
2337,旺宏,8,0,8,致和證券,2024-10-01,7030
2888,新光金,7,0,7,致和證券,2024-10-01,7030
2367,燿華,9,2,7,致和證券,2024-10-01,7030
0056,元大高股息,8,2,6,致和證券,2024-10-01,7030
3434,哲固,6,0,6,致和證券,2024-10-01,7030
6517,保勝光學,6,0,6,致和證券,2024-10-01,7030
8044,網家,6,0,6,致和證券,2024-10-01,7030
9907,統一實,6,0,6,致和證券,2024-10-01,7030
1582,信錦,15,10,5,致和證券,2024-10-01,7030
1909,榮成,5,0,5,致和證券,2024-10-01,7030
2228,劍麟,5,0,5,致和證券,2024-10-01,7030
3016,嘉晶,5,0,5,致和證券,2024-10-01,7030
3094,聯傑,5,0,5,致和證券,2024-10-01,7030
3227,原相,5,0,5,致和證券,2024-10-01,7030
5488,松普,5,0,5,致和證券,2024-10-01,7030
5498,凱崴,5,0,5,致和證券,2024-10-01,7030
6116,彩晶,5,0,5,致和證券,2024-10-01,7030
6134,萬旭,5,0,5,致和證券,2024-10-01,7030
8455,大拓-KY,5,0,5,致和證券,2024-10-01,7030
9921,巨大,5,0,5,致和證券,2024-10-01,7030
2801,彰銀,4,0,4,致和證券,2024-10-01,7030
1101,台泥,5,1,4,致和證券,2024-10-01,7030
2355,敬鵬,4,0,4,致和證券,2024-10-01,7030
3149,正達,4,0,4,致和證券,2024-10-01,7030
3645,達邁,4,0,4,致和證券,2024-10-01,7030
4979,華星光,16,12,4,致和證券,2024-10-01,7030
6278,台表科,5,1,4,致和證券,2024-10-01,7030
00680L,元大美債20正2,3,0,3,致和證券,2024-10-01,7030
1773,勝一,3,0,3,致和證券,2024-10-01,7030
1785,光洋科,8,5,3,致和證券,2024-10-01,7030
2017,官田鋼,3,0,3,致和證券,2024-10-01,7030
2201,裕隆,3,0,3,致和證券,2024-10-01,7030
8150,南茂,203,0,203,致和證券,2024-10-04,7030
2609,陽明,74,13,61,致和證券,2024-10-04,7030
00919,群益台灣精選高息,50,0,50,致和證券,2024-10-04,7030
0056,元大高股息,46,0,46,致和證券,2024-10-04,7030
3047,訊舟,41,0,41,致和證券,2024-10-04,7030
8044,網家,22,0,22,致和證券,2024-10-04,7030
1582,信錦,21,0,21,致和證券,2024-10-04,7030
2834,臺企銀,20,0,20,致和證券,2024-10-04,7030
00915,凱基優選高股息30,18,0,18,致和證券,2024-10-04,7030
4526,東台,18,0,18,致和證券,2024-10-04,7030
3037,欣興,17,1,16,致和證券,2024-10-04,7030
00918,大華優利高填息30,15,0,15,致和證券,2024-10-04,7030
1785,光洋科,23,8,15,致和證券,2024-10-04,7030
2344,華邦電,35,20,15,致和證券,2024-10-04,7030
00878,國泰永續高股息,14,0,14,致和證券,2024-10-04,7030
00929,復華台灣科技優息,38,26,12,致和證券,2024-10-04,7030
00680L,元大美債20正2,10,0,10,致和證券,2024-10-04,7030
2537,聯上發,10,0,10,致和證券,2024-10-04,7030
1802,台玻,8,0,8,致和證券,2024-10-04,7030
2303,聯電,21,13,8,致和證券,2024-10-04,7030
5347,世界,13,5,8,致和證券,2024-10-04,7030
2301,光寶科,9,2,7,致和證券,2024-10-04,7030
3481,群創,23,16,7,致和證券,2024-10-04,7030
2382,廣達,6,0,6,致和證券,2024-10-04,7030
1513,中興電,7,1,6,致和證券,2024-10-04,7030
2014,中鴻,8,2,6,致和證券,2024-10-04,7030
3265,台星科,14,8,6,致和證券,2024-10-04,7030
3362,先進光,6,0,6,致和證券,2024-10-04,7030
5603,陸海,6,0,6,致和證券,2024-10-04,7030
8227,巨有科技,6,0,6,致和證券,2024-10-04,7030
9907,統一實,6,0,6,致和證券,2024-10-04,7030
00922,國泰台灣領袖50,5,0,5,致和證券,2024-10-04,7030
1301,台塑,5,0,5,致和證券,2024-10-04,7030
2313,華通,5,0,5,致和證券,2024-10-04,7030
2915,潤泰全,5,0,5,致和證券,2024-10-04,7030
3376,新日興,6,1,5,致和證券,2024-10-04,7030
4931,新盛力,5,0,5,致和證券,2024-10-04,7030
5014,建錩,5,0,5,致和證券,2024-10-04,7030
5351,鈺創,6,1,5,致和證券,2024-10-04,7030
6189,豐藝,5,0,5,致和證券,2024-10-04,7030
6191,精成科,5,0,5,致和證券,2024-10-04,7030
1442,名軒,6,2,4,致和證券,2024-10-04,7030
1609,大亞,4,0,4,致和證券,2024-10-04,7030
2353,宏��,4,0,4,致和證券,2024-10-04,7030
2388,威盛,5,1,4,致和證券,2024-10-04,7030
2540,愛山林,4,0,4,致和證券,2024-10-04,7030
2610,華航,4,0,4,致和證券,2024-10-04,7030
3645,達邁,4,0,4,致和證券,2024-10-04,7030
4906,正文,4,0,4,致和證券,2024-10-04,7030
4908,前鼎,4,0,4,致和證券,2024-10-04,7030
00951,台新日本半導體,106,0,106,致和證券,2024-10-07,7030
2406,國碩,142,40,102,致和證券,2024-10-07,7030
00882,中信中國高股息,95,17,78,致和證券,2024-10-07,7030
1314,中石化,82,10,72,致和證券,2024-10-07,7030
2834,臺企銀,52,1,51,致和證券,2024-10-07,7030
00680L,元大美債20正2,30,0,30,致和證券,2024-10-07,7030
6743,安普新,30,0,30,致和證券,2024-10-07,7030
3550,聯穎,50,22,28,致和證券,2024-10-07,7030
2601,益航,32,7,25,致和證券,2024-10-07,7030
00878,國泰永續高股息,25,1,24,致和證券,2024-10-07,7030
3437,榮創,26,4,22,致和證券,2024-10-07,7030
00919,群益台灣精選高息,14,0,14,致和證券,2024-10-07,7030
3049,精金,26,12,14,致和證券,2024-10-07,7030
5907,大洋-KY,18,5,13,致和證券,2024-10-07,7030
9105,泰金寶-DR,12,0,12,致和證券,2024-10-07,7030
2449,京元電子,11,1,10,致和證券,2024-10-07,7030
00922,國泰台灣領袖50,10,0,10,致和證券,2024-10-07,7030
020033,統一�琤肮黕篾,10,0,10,致和證券,2024-10-07,7030
1531,高林股,10,0,10,致和證券,2024-10-07,7030
2344,華邦電,10,0,10,致和證券,2024-10-07,7030
3024,憶聲,10,0,10,致和證券,2024-10-07,7030
3041,揚智,10,0,10,致和證券,2024-10-07,7030
3592,瑞鼎,10,0,10,致和證券,2024-10-07,7030
8455,大拓-KY,10,0,10,致和證券,2024-10-07,7030
2615,萬海,9,0,9,致和證券,2024-10-07,7030
3050,鈺德,8,0,8,致和證券,2024-10-07,7030
8044,網家,8,0,8,致和證券,2024-10-07,7030
1319,東陽,7,0,7,致和證券,2024-10-07,7030
1216,統一,7,0,7,致和證券,2024-10-07,7030
2303,聯電,7,0,7,致和證券,2024-10-07,7030
2317,鴻海,13,6,7,致和證券,2024-10-07,7030
3062,建漢,9,2,7,致和證券,2024-10-07,7030
6661,威健生技,7,0,7,致和證券,2024-10-07,7030
5347,世界,16,10,6,致和證券,2024-10-07,7030
5443,均豪,6,0,6,致和證券,2024-10-07,7030
6163,華電網,6,0,6,致和證券,2024-10-07,7030
6218,豪勉,7,1,6,致和證券,2024-10-07,7030
6531,愛普*,6,0,6,致和證券,2024-10-07,7030
8066,來思達,6,0,6,致和證券,2024-10-07,7030
1605,華新,5,0,5,致和證券,2024-10-07,7030
1909,榮成,6,1,5,致和證券,2024-10-07,7030
2313,華通,15,10,5,致和證券,2024-10-07,7030
2337,旺宏,5,0,5,致和證券,2024-10-07,7030
2371,大同,11,6,5,致和證券,2024-10-07,7030
2867,三商壽,5,0,5,致和證券,2024-10-07,7030
4974,亞泰,5,0,5,致和證券,2024-10-07,7030
6770,力積電,7,2,5,致和證券,2024-10-07,7030
8111,立��,6,1,5,致和證券,2024-10-07,7030
2408,南亞科,25,21,4,致和證券,2024-10-07,7030
8404,百和興業-KY,4,0,4,致和證券,2024-10-07,7030
2892,第一金,92,12,80,致和證券,2024-10-08,7030
00919,群益台灣精選高息,36,0,36,致和證券,2024-10-08,7030
2002,中鋼,22,0,22,致和證券,2024-10-08,7030
00673R,期元大S＆P原油反1,20,0,20,致和證券,2024-10-08,7030
4513,福裕,20,0,20,致和證券,2024-10-08,7030
2312,金寶,19,0,19,致和證券,2024-10-08,7030
3481,群創,19,0,19,致和證券,2024-10-08,7030
1314,中石化,26,8,18,致和證券,2024-10-08,7030
2317,鴻海,16,0,16,致和證券,2024-10-08,7030
2401,凌陽,16,0,16,致和證券,2024-10-08,7030
00933B,國泰10Y+金融債,20,5,15,致和證券,2024-10-08,7030
00922,國泰台灣領袖50,13,0,13,致和證券,2024-10-08,7030
2356,英業達,14,1,13,致和證券,2024-10-08,7030
00687B,國泰20年美債,12,0,12,致和證券,2024-10-08,7030
2014,中鴻,44,32,12,致和證券,2024-10-08,7030
00753L,中信中國50正2,26,15,11,致和證券,2024-10-08,7030
1301,台塑,10,0,10,致和證券,2024-10-08,7030
00752,中信中國50,10,0,10,致和證券,2024-10-08,7030
1789,神隆,10,0,10,致和證券,2024-10-08,7030
2610,華航,10,0,10,致和證券,2024-10-08,7030
2834,臺企銀,10,0,10,致和證券,2024-10-08,7030
2836,高雄銀,10,0,10,致和證券,2024-10-08,7030
3362,先進光,10,0,10,致和證券,2024-10-08,7030
3434,哲固,10,0,10,致和證券,2024-10-08,7030
6457,紘康,10,0,10,致和證券,2024-10-08,7030
8488,吉源-KY,10,0,10,致和證券,2024-10-08,7030
4903,聯光通,15,7,8,致和證券,2024-10-08,7030
5014,建錩,8,0,8,致和證券,2024-10-08,7030
6191,精成科,8,0,8,致和證券,2024-10-08,7030
6661,威健生技,8,0,8,致和證券,2024-10-08,7030
8455,大拓-KY,8,0,8,致和證券,2024-10-08,7030
1909,榮成,7,0,7,致和證券,2024-10-08,7030
2368,金像電,7,0,7,致和證券,2024-10-08,7030
4938,和碩,7,0,7,致和證券,2024-10-08,7030
8011,台通,9,2,7,致和證券,2024-10-08,7030
8039,台虹,7,0,7,致和證券,2024-10-08,7030
3037,欣興,8,2,6,致和證券,2024-10-08,7030
1464,得力,6,0,6,致和證券,2024-10-08,7030
8066,來思達,6,0,6,致和證券,2024-10-08,7030
2363,矽統,32,27,5,致和證券,2024-10-08,7030
00686R,群益臺灣加權反1,5,0,5,致和證券,2024-10-08,7030
1472,三洋實業,5,0,5,致和證券,2024-10-08,7030
2007,燁興,5,0,5,致和證券,2024-10-08,7030
2206,三陽工業,5,0,5,致和證券,2024-10-08,7030
2344,華邦電,5,0,5,致和證券,2024-10-08,7030
2455,全新,7,2,5,致和證券,2024-10-08,7030
2547,日勝生,5,0,5,致和證券,2024-10-08,7030
3016,嘉晶,5,0,5,致和證券,2024-10-08,7030
3234,光環,8,3,5,致和證券,2024-10-08,7030
3406,玉晶光,5,0,5,致和證券,2024-10-08,7030
00637L,元大滬深300正2,36,0,36,致和證券,2024-10-09,7030
00687B,國泰20年美債,35,0,35,致和證券,2024-10-09,7030
3037,欣興,34,4,30,致和證券,2024-10-09,7030
2601,益航,28,1,27,致和證券,2024-10-09,7030
1314,中石化,26,0,26,致和證券,2024-10-09,7030
2498,宏達電,20,0,20,致和證券,2024-10-09,7030
4513,福裕,20,0,20,致和證券,2024-10-09,7030
00753L,中信中國50正2,16,0,16,致和證券,2024-10-09,7030
0056,元大高股息,15,0,15,致和證券,2024-10-09,7030
2609,陽明,15,1,14,致和證券,2024-10-09,7030
1472,三洋實業,14,0,14,致和證券,2024-10-09,7030
2427,三商電,14,0,14,致和證券,2024-10-09,7030
4526,東台,14,1,13,致和證券,2024-10-09,7030
00679B,元大美債20年,13,0,13,致和證券,2024-10-09,7030
6457,紘康,13,0,13,致和證券,2024-10-09,7030
4722,國精化,12,0,12,致和證券,2024-10-09,7030
3019,亞光,12,1,11,致和證券,2024-10-09,7030
1802,台玻,15,5,10,致和證券,2024-10-09,7030
2371,大同,13,3,10,致和證券,2024-10-09,7030
1609,大亞,10,0,10,致和證券,2024-10-09,7030
00639,富邦深100,12,3,9,致和證券,2024-10-09,7030
1909,榮成,10,1,9,致和證券,2024-10-09,7030
3306,鼎天,9,0,9,致和證券,2024-10-09,7030
6615,慧智,9,0,9,致和證券,2024-10-09,7030
00902,中信電池及儲能,33,25,8,致和證券,2024-10-09,7030
1605,華新,8,0,8,致和證券,2024-10-09,7030
2014,中鴻,14,6,8,致和證券,2024-10-09,7030
1582,信錦,7,0,7,致和證券,2024-10-09,7030
2228,劍麟,7,0,7,致和證券,2024-10-09,7030
3048,益登,17,10,7,致和證券,2024-10-09,7030
6191,精成科,7,0,7,致和證券,2024-10-09,7030
00887,永豐中國科技50大,6,0,6,致和證券,2024-10-09,7030
5347,世界,17,11,6,致和證券,2024-10-09,7030
6215,和椿,6,0,6,致和證券,2024-10-09,7030
6829,千附精密,6,0,6,致和證券,2024-10-09,7030
00712,復華富時不動產,5,0,5,致和證券,2024-10-09,7030
2323,中環,5,0,5,致和證券,2024-10-09,7030
3060,銘異,9,4,5,致和證券,2024-10-09,7030
3265,台星科,5,0,5,致和證券,2024-10-09,7030
4931,新盛力,5,0,5,致和證券,2024-10-09,7030
6126,信音,5,0,5,致和證券,2024-10-09,7030
6276,安鈦克,5,0,5,致和證券,2024-10-09,7030
8070,長華*,6,1,5,致和證券,2024-10-09,7030
8121,越峰,5,0,5,致和證券,2024-10-09,7030
6739,竹陞科技,5,0,5,致和證券,2024-10-09,7030
2002,中鋼,4,0,4,致和證券,2024-10-09,7030
2426,鼎元,4,0,4,致和證券,2024-10-09,7030
3530,晶相光,4,0,4,致和證券,2024-10-09,7030
3663,鑫科,4,0,4,致和證券,2024-10-09,7030
3705,永信,4,0,4,致和證券,2024-10-09,7030
00919,群益台灣精選高息,50,0,50,致和證券,2024-10-11,7030
00753L,中信中國50正2,50,10,40,致和證券,2024-10-11,7030
2344,華邦電,30,0,30,致和證券,2024-10-11,7030
00933B,國泰10Y+金融債,25,0,25,致和證券,2024-10-11,7030
2888,新光金,24,0,24,致和證券,2024-10-11,7030
2637,慧洋-KY,23,0,23,致和證券,2024-10-11,7030
4967,十銓,23,2,21,致和證券,2024-10-11,7030
4513,福裕,20,0,20,致和證券,2024-10-11,7030
1609,大亞,18,0,18,致和證券,2024-10-11,7030
3231,緯創,38,22,16,致和證券,2024-10-11,7030
3060,銘異,18,3,15,致和證券,2024-10-11,7030
3265,台星科,16,1,15,致和證券,2024-10-11,7030
6743,安普新,15,0,15,致和證券,2024-10-11,7030
2363,矽統,30,15,15,致和證券,2024-10-11,7030
1314,中石化,15,3,12,致和證券,2024-10-11,7030
2388,威盛,16,4,12,致和證券,2024-10-11,7030
8044,網家,12,0,12,致和證券,2024-10-11,7030
2489,瑞軒,11,0,11,致和證券,2024-10-11,7030
00637L,元大滬深300正2,20,10,10,致和證券,2024-10-11,7030
00680L,元大美債20正2,10,0,10,致和證券,2024-10-11,7030
00878,國泰永續高股息,12,2,10,致和證券,2024-10-11,7030
00918,大華優利高填息30,10,0,10,致和證券,2024-10-11,7030
1464,得力,10,0,10,致和證券,2024-10-11,7030
1785,光洋科,14,4,10,致和證券,2024-10-11,7030
6216,居易,10,0,10,致和證券,2024-10-11,7030
3019,亞光,14,5,9,致和證券,2024-10-11,7030
2618,長榮航,10,2,8,致和證券,2024-10-11,7030
3306,鼎天,10,2,8,致和證券,2024-10-11,7030
3349,寶德,8,0,8,致和證券,2024-10-11,7030
3705,永信,8,0,8,致和證券,2024-10-11,7030
6661,威健生技,8,0,8,致和證券,2024-10-11,7030
1472,三洋實業,7,0,7,致和證券,2024-10-11,7030
00902,中信電池及儲能,12,6,6,致和證券,2024-10-11,7030
2014,中鴻,6,0,6,致和證券,2024-10-11,7030
2027,大成鋼,6,0,6,致和證券,2024-10-11,7030
2353,宏��,10,4,6,致和證券,2024-10-11,7030
2356,英業達,14,8,6,致和證券,2024-10-11,7030
5347,世界,11,5,6,致和證券,2024-10-11,7030
00712,復華富時不動產,5,0,5,致和證券,2024-10-11,7030
1702,南僑,5,0,5,致和證券,2024-10-11,7030
2340,台亞,5,0,5,致和證券,2024-10-11,7030
2383,台光電,5,0,5,致和證券,2024-10-11,7030
3501,維熹,5,0,5,致和證券,2024-10-11,7030
5452,佶優,5,0,5,致和證券,2024-10-11,7030
6163,華電網,5,0,5,致和證券,2024-10-11,7030
1308,亞聚,4,0,4,致和證券,2024-10-11,7030
1304,台聚,4,0,4,致和證券,2024-10-11,7030
3149,正達,7,3,4,致和證券,2024-10-11,7030
8034,榮群,4,0,4,致和證券,2024-10-11,7030
8240,華宏,4,0,4,致和證券,2024-10-11,7030
6220,岳豐,248,0,248,致和證券,2024-10-14,7030
00923,群益台ESG低碳50,44,0,44,致和證券,2024-10-14,7030
9105,泰金寶-DR,33,11,22,致和證券,2024-10-14,7030
00887,永豐中國科技50大,25,6,19,致和證券,2024-10-14,7030
2883,凱基金,18,0,18,致和證券,2024-10-14,7030
8431,匯鑽科,17,0,17,致和證券,2024-10-14,7030
2537,聯上發,15,0,15,致和證券,2024-10-14,7030
4967,十銓,15,0,15,致和證券,2024-10-14,7030
2511,太子,14,0,14,致和證券,2024-10-14,7030
2888,新光金,15,1,14,致和證券,2024-10-14,7030
3349,寶德,14,0,14,致和證券,2024-10-14,7030
1472,三洋實業,13,0,13,致和證券,2024-10-14,7030
3162,精確,12,0,12,致和證券,2024-10-14,7030
2603,長榮,12,1,11,致和證券,2024-10-14,7030
3694,海華,11,0,11,致和證券,2024-10-14,7030
0056,元大高股息,10,0,10,致和證券,2024-10-14,7030
00951,台新日本半導體,10,0,10,致和證券,2024-10-14,7030
2312,金寶,30,20,10,致和證券,2024-10-14,7030
3591,艾笛森,12,2,10,致和證券,2024-10-14,7030
4402,郡都開發,10,0,10,致和證券,2024-10-14,7030
4526,東台,10,0,10,致和證券,2024-10-14,7030
6152,百一,10,0,10,致和證券,2024-10-14,7030
6168,宏齊,10,0,10,致和證券,2024-10-14,7030
8455,大拓-KY,10,0,10,致和證券,2024-10-14,7030
8039,台虹,10,0,10,致和證券,2024-10-14,7030
4909,新復興,9,0,9,致和證券,2024-10-14,7030
00753L,中信中國50正2,9,0,9,致和證券,2024-10-14,7030
5014,建錩,10,1,9,致和證券,2024-10-14,7030
2399,映泰,18,10,8,致和證券,2024-10-14,7030
6405,悅城,8,0,8,致和證券,2024-10-14,7030
00687B,國泰20年美債,7,0,7,致和證券,2024-10-14,7030
3163,波若威,8,1,7,致和證券,2024-10-14,7030
2344,華邦電,6,0,6,致和證券,2024-10-14,7030
2615,萬海,6,0,6,致和證券,2024-10-14,7030
3481,群創,5,0,5,致和證券,2024-10-14,7030
00922,國泰台灣領袖50,5,0,5,致和證券,2024-10-14,7030
2332,友訊,5,0,5,致和證券,2024-10-14,7030
2383,台光電,5,0,5,致和證券,2024-10-14,7030
2610,華航,5,0,5,致和證券,2024-10-14,7030
6224,聚鼎,7,2,5,致和證券,2024-10-14,7030
6278,台表科,5,0,5,致和證券,2024-10-14,7030
8076,伍豐,5,0,5,致和證券,2024-10-14,7030
1314,中石化,4,0,4,致和證券,2024-10-14,7030
00943,兆豐電子高息等權,4,0,4,致和證券,2024-10-14,7030
00715L,期街口布蘭特正2,4,0,4,致和證券,2024-10-14,7030
1776,展宇,4,0,4,致和證券,2024-10-14,7030
3373,熱映,4,0,4,致和證券,2024-10-14,7030
6530,創威,16,12,4,致和證券,2024-10-14,7030
6616,特昇-KY,4,0,4,致和證券,2024-10-14,7030
6642,富致,4,0,4,致和證券,2024-10-14,7030
00715L,期街口布蘭特正2,154,0,154,致和證券,2024-10-15,7030
3047,訊舟,31,1,30,致和證券,2024-10-15,7030
8011,台通,29,3,26,致和證券,2024-10-15,7030
00887,永豐中國科技50大,25,0,25,致和證券,2024-10-15,7030
00952,凱基台灣AI50,20,0,20,致和證券,2024-10-15,7030
1529,樂事綠能,20,0,20,致和證券,2024-10-15,7030
1802,台玻,20,0,20,致和證券,2024-10-15,7030
2312,金寶,50,30,20,致和證券,2024-10-15,7030
2615,萬海,26,6,20,致和證券,2024-10-15,7030
00961,FT臺灣永續高息,18,0,18,致和證券,2024-10-15,7030
1314,中石化,21,3,18,致和證券,2024-10-15,7030
3623,富晶通,18,0,18,致和證券,2024-10-15,7030
1815,富喬,19,4,15,致和證券,2024-10-15,7030
2241,艾姆勒,17,2,15,致和證券,2024-10-15,7030
3349,寶德,14,0,14,致和證券,2024-10-15,7030
2601,益航,13,0,13,致和證券,2024-10-15,7030
3231,緯創,23,10,13,致和證券,2024-10-15,7030
8028,昇陽半導體,26,13,13,致和證券,2024-10-15,7030
3481,群創,41,30,11,致和證券,2024-10-15,7030
4979,華星光,26,15,11,致和證券,2024-10-15,7030
00895,富邦未來車,10,0,10,致和證券,2024-10-15,7030
2618,長榮航,10,0,10,致和證券,2024-10-15,7030
3062,建漢,29,19,10,致和證券,2024-10-15,7030
3501,維熹,10,0,10,致和證券,2024-10-15,7030
6136,富爾特,10,0,10,致和證券,2024-10-15,7030
1316,上曜,8,0,8,致和證券,2024-10-15,7030
2887,台新金,13,5,8,致和證券,2024-10-15,7030
1301,台塑,17,10,7,致和證券,2024-10-15,7030
6156,松上,8,1,7,致和證券,2024-10-15,7030
00753L,中信中國50正2,10,4,6,致和證券,2024-10-15,7030
3149,正達,7,1,6,致和證券,2024-10-15,7030
6134,萬旭,6,0,6,致和證券,2024-10-15,7030
00919,群益台灣精選高息,5,0,5,致和證券,2024-10-15,7030
00764B,群益25年美債,5,0,5,致和證券,2024-10-15,7030
00725B,國泰投資級公司債,5,0,5,致和證券,2024-10-15,7030
2399,映泰,15,10,5,致和證券,2024-10-15,7030
3265,台星科,10,5,5,致和證券,2024-10-15,7030
4927,泰鼎-KY,5,0,5,致和證券,2024-10-15,7030
6108,競國,5,0,5,致和證券,2024-10-15,7030
6743,安普新,5,0,5,致和證券,2024-10-15,7030
1319,東陽,5,1,4,致和證券,2024-10-15,7030
2537,聯上發,7,3,4,致和證券,2024-10-15,7030
2834,臺企銀,4,0,4,致和證券,2024-10-15,7030
3498,陽程,8,4,4,致和證券,2024-10-15,7030
1447,力鵬,3,0,3,致和證券,2024-10-15,7030
00902,中信電池及儲能,8,5,3,致和證券,2024-10-15,7030
00687B,國泰20年美債,3,0,3,致和證券,2024-10-15,7030
1584,精剛,3,0,3,致和證券,2024-10-15,7030
3163,波若威,12,9,3,致和證券,2024-10-15,7030
3287,廣寰科,3,0,3,致和證券,2024-10-15,7030
2834,臺企銀,271,0,271,致和證券,2024-10-16,7030
1304,台聚,35,0,35,致和證券,2024-10-16,7030
2409,友達,27,0,27,致和證券,2024-10-16,7030
00715L,期街口布蘭特正2,26,2,24,致和證券,2024-10-16,7030
2601,益航,20,0,20,致和證券,2024-10-16,7030
1472,三洋實業,19,0,19,致和證券,2024-10-16,7030
6266,泰詠,20,1,19,致和證券,2024-10-16,7030
2891,中信金,18,0,18,致和證券,2024-10-16,7030
00887,永豐中國科技50大,17,0,17,致和證券,2024-10-16,7030
2002,中鋼,17,0,17,致和證券,2024-10-16,7030
2498,宏達電,13,0,13,致和證券,2024-10-16,7030
1785,光洋科,22,10,12,致和證券,2024-10-16,7030
00688L,國泰20年美債正2,11,0,11,致和證券,2024-10-16,7030
6770,力積電,11,0,11,致和證券,2024-10-16,7030
00960,野村全球航運龍頭,10,0,10,致和證券,2024-10-16,7030
1529,樂事綠能,10,0,10,致和證券,2024-10-16,7030
1584,精剛,10,0,10,致和證券,2024-10-16,7030
3228,金麗科,10,0,10,致和證券,2024-10-16,7030
2887,台新金,9,0,9,致和證券,2024-10-16,7030
2349,錸德,12,3,9,致和證券,2024-10-16,7030
2882,國泰金,10,1,9,致和證券,2024-10-16,7030
4919,新唐,10,1,9,致和證券,2024-10-16,7030
4968,立積,9,0,9,致和證券,2024-10-16,7030
6116,彩晶,9,0,9,致和證券,2024-10-16,7030
2439,美律,8,0,8,致和證券,2024-10-16,7030
0056,元大高股息,8,0,8,致和證券,2024-10-16,7030
8431,匯鑽科,7,0,7,致和證券,2024-10-16,7030
0050,元大台灣50,6,0,6,致和證券,2024-10-16,7030
2303,聯電,6,0,6,致和證券,2024-10-16,7030
2408,南亞科,19,13,6,致和證券,2024-10-16,7030
3013,晟銘電,12,6,6,致和證券,2024-10-16,7030
00725B,國泰投資級公司債,5,0,5,致和證券,2024-10-16,7030
1446,宏和,5,0,5,致和證券,2024-10-16,7030
1587,吉茂,5,0,5,致和證券,2024-10-16,7030
2014,中鴻,19,14,5,致和證券,2024-10-16,7030
2027,大成鋼,5,0,5,致和證券,2024-10-16,7030
2323,中環,5,0,5,致和證券,2024-10-16,7030
2610,華航,5,0,5,致和證券,2024-10-16,7030
2883,凱基金,5,0,5,致和證券,2024-10-16,7030
2885,元大金,5,0,5,致和證券,2024-10-16,7030
3014,聯陽,5,0,5,致和證券,2024-10-16,7030
3227,原相,6,1,5,致和證券,2024-10-16,7030
3230,錦明,5,0,5,致和證券,2024-10-16,7030
3499,環天科,5,0,5,致和證券,2024-10-16,7030
3615,安可,5,0,5,致和證券,2024-10-16,7030
4402,郡都開發,5,0,5,致和證券,2024-10-16,7030
6570,維田,5,0,5,致和證券,2024-10-16,7030
9914,美利達,5,0,5,致和證券,2024-10-16,7030
00918,大華優利高填息30,4,0,4,致和證券,2024-10-16,7030
1301,台塑,4,0,4,致和證券,2024-10-16,7030
00919,群益台灣精選高息,35,2,33,致和證券,2024-10-17,7030
6257,矽格,24,0,24,致和證券,2024-10-17,7030
3481,群創,45,25,20,致和證券,2024-10-17,7030
00637L,元大滬深300正2,15,0,15,致和證券,2024-10-17,7030
2201,裕隆,15,0,15,致和證券,2024-10-17,7030
1314,中石化,17,3,14,致和證券,2024-10-17,7030
00887,永豐中國科技50大,14,0,14,致和證券,2024-10-17,7030
0056,元大高股息,14,0,14,致和證券,2024-10-17,7030
00669R,國泰美國道瓊反1,10,0,10,致和證券,2024-10-17,7030
00753L,中信中國50正2,10,0,10,致和證券,2024-10-17,7030
3265,台星科,16,6,10,致和證券,2024-10-17,7030
4157,太景*-KY,10,0,10,致和證券,2024-10-17,7030
1472,三洋實業,9,0,9,致和證券,2024-10-17,7030
1702,南僑,10,1,9,致和證券,2024-10-17,7030
2303,聯電,9,0,9,致和證券,2024-10-17,7030
6958,日盛台駿,9,0,9,致和證券,2024-10-17,7030
1528,恩德,30,22,8,致和證券,2024-10-17,7030
1603,華電,8,0,8,致和證券,2024-10-17,7030
3673,TPK-KY,8,0,8,致和證券,2024-10-17,7030
8488,吉源-KY,8,0,8,致和證券,2024-10-17,7030
00915,凱基優選高股息30,7,0,7,致和證券,2024-10-17,7030
2371,大同,10,3,7,致和證券,2024-10-17,7030
2399,映泰,24,17,7,致和證券,2024-10-17,7030
6616,特昇-KY,7,0,7,致和證券,2024-10-17,7030
1504,東元,6,0,6,致和證券,2024-10-17,7030
3605,宏致,6,0,6,致和證券,2024-10-17,7030
6829,千附精密,6,0,6,致和證券,2024-10-17,7030
1464,得力,5,0,5,致和證券,2024-10-17,7030
1582,信錦,5,0,5,致和證券,2024-10-17,7030
2355,敬鵬,5,0,5,致和證券,2024-10-17,7030
2363,矽統,13,8,5,致和證券,2024-10-17,7030
2408,南亞科,6,1,5,致和證券,2024-10-17,7030
2601,益航,5,0,5,致和證券,2024-10-17,7030
3499,環天科,5,0,5,致和證券,2024-10-17,7030
4147,中裕,5,0,5,致和證券,2024-10-17,7030
4979,華星光,15,10,5,致和證券,2024-10-17,7030
6136,富爾特,5,0,5,致和證券,2024-10-17,7030
6592,和潤企業,5,0,5,致和證券,2024-10-17,7030
9105,泰金寶-DR,8,3,5,致和證券,2024-10-17,7030
9955,佳龍,5,0,5,致和證券,2024-10-17,7030
1442,名軒,4,0,4,致和證券,2024-10-17,7030
1540,喬福,15,11,4,致和證券,2024-10-17,7030
3530,晶相光,4,0,4,致和證券,2024-10-17,7030
3645,達邁,4,0,4,致和證券,2024-10-17,7030
6405,悅城,5,1,4,致和證券,2024-10-17,7030
6488,環球晶,4,0,4,致和證券,2024-10-17,7030
8431,匯鑽科,4,0,4,致和證券,2024-10-17,7030
00927,群益半導體收益,5,2,3,致和證券,2024-10-17,7030
00922,國泰台灣領袖50,3,0,3,致和證券,2024-10-17,7030
1722,台肥,3,0,3,致和證券,2024-10-17,7030
2303,聯電,43,0,43,致和證券,2024-10-18,7030
5347,世界,43,10,33,致和證券,2024-10-18,7030
8076,伍豐,31,0,31,致和證券,2024-10-18,7030
4562,穎漢,27,4,23,致和證券,2024-10-18,7030
00961,FT臺灣永續高息,20,0,20,致和證券,2024-10-18,7030
5484,慧友,16,0,16,致和證券,2024-10-18,7030
3041,揚智,16,0,16,致和證券,2024-10-18,7030
3049,精金,13,0,13,致和證券,2024-10-18,7030
3499,環天科,12,0,12,致和證券,2024-10-18,7030
5426,振發,12,0,12,致和證券,2024-10-18,7030
6770,力積電,24,12,12,致和證券,2024-10-18,7030
2495,普安,12,0,12,致和證券,2024-10-18,7030
3163,波若威,13,1,12,致和證券,2024-10-18,7030
00933B,國泰10Y+金融債,10,0,10,致和證券,2024-10-18,7030
1702,南僑,10,0,10,致和證券,2024-10-18,7030
3265,台星科,15,5,10,致和證券,2024-10-18,7030
2489,瑞軒,10,1,9,致和證券,2024-10-18,7030
2367,燿華,11,2,9,致和證券,2024-10-18,7030
2399,映泰,15,6,9,致和證券,2024-10-18,7030
8150,南茂,8,0,8,致和證券,2024-10-18,7030
00688L,國泰20年美債正2,7,0,7,致和證券,2024-10-18,7030
00687B,國泰20年美債,7,0,7,致和證券,2024-10-18,7030
8455,大拓-KY,7,0,7,致和證券,2024-10-18,7030
0056,元大高股息,6,0,6,致和證券,2024-10-18,7030
00680L,元大美債20正2,6,0,6,致和證券,2024-10-18,7030
1721,三晃,7,1,6,致和證券,2024-10-18,7030
1785,光洋科,6,0,6,致和證券,2024-10-18,7030
2455,全新,6,0,6,致和證券,2024-10-18,7030
8171,天宇,6,0,6,致和證券,2024-10-18,7030
3450,聯鈞,6,0,6,致和證券,2024-10-18,7030
1528,恩德,15,10,5,致和證券,2024-10-18,7030
00936,台新永續高息中小,5,0,5,致和證券,2024-10-18,7030
1471,首利,5,0,5,致和證券,2024-10-18,7030
1529,樂事綠能,5,0,5,致和證券,2024-10-18,7030
1540,喬福,35,30,5,致和證券,2024-10-18,7030
2324,仁寶,10,5,5,致和證券,2024-10-18,7030
2402,毅嘉,6,1,5,致和證券,2024-10-18,7030
2887,台新金,40,35,5,致和證券,2024-10-18,7030
3406,玉晶光,5,0,5,致和證券,2024-10-18,7030
3615,安可,45,40,5,致和證券,2024-10-18,7030
3645,達邁,5,0,5,致和證券,2024-10-18,7030
6152,百一,5,0,5,致和證券,2024-10-18,7030
8039,台虹,5,0,5,致和證券,2024-10-18,7030
2374,佳能,12,8,4,致和證券,2024-10-18,7030
2609,陽明,7,3,4,致和證券,2024-10-18,7030
3037,欣興,4,0,4,致和證券,2024-10-18,7030
3312,弘憶股,14,10,4,致和證券,2024-10-18,7030
3711,日月光投控,8,4,4,致和證券,2024-10-18,7030
6806,森崴能源,4,0,4,致和證券,2024-10-18,7030
8054,安國,4,0,4,致和證券,2024-10-18,7030
2020,美亞,25,0,25,致和證券,2024-10-21,7030
00882,中信中國高股息,21,0,21,致和證券,2024-10-21,7030
00905,FT臺灣Smart,22,1,21,致和證券,2024-10-21,7030
2887,台新金,21,0,21,致和證券,2024-10-21,7030
00940,元大台灣價值高息,20,0,20,致和證券,2024-10-21,7030
3501,維熹,17,0,17,致和證券,2024-10-21,7030
2883,凱基金,12,0,12,致和證券,2024-10-21,7030
2303,聯電,12,0,12,致和證券,2024-10-21,7030
006208,富邦台50,11,0,11,致和證券,2024-10-21,7030
1314,中石化,11,1,10,致和證券,2024-10-21,7030
4174,浩鼎,10,0,10,致和證券,2024-10-21,7030
5488,松普,10,0,10,致和證券,2024-10-21,7030
6165,浪凡,11,1,10,致和證券,2024-10-21,7030
8103,瀚荃,10,0,10,致和證券,2024-10-21,7030
00937B,群益ESG投等債20,8,0,8,致和證券,2024-10-21,7030
3515,華擎,8,0,8,致和證券,2024-10-21,7030
2201,裕隆,7,0,7,致和證券,2024-10-21,7030
2615,萬海,8,1,7,致和證券,2024-10-21,7030
2601,益航,6,0,6,致和證券,2024-10-21,7030
5364,力麗店,6,0,6,致和證券,2024-10-21,7030
6215,和椿,7,1,6,致和證券,2024-10-21,7030
6670,復盛應用,6,0,6,致和證券,2024-10-21,7030
00753L,中信中國50正2,15,10,5,致和證券,2024-10-21,7030
00637L,元大滬深300正2,5,0,5,致和證券,2024-10-21,7030
1440,南紡,5,0,5,致和證券,2024-10-21,7030
2014,中鴻,5,0,5,致和證券,2024-10-21,7030
2722,夏都,5,0,5,致和證券,2024-10-21,7030
4906,正文,5,0,5,致和證券,2024-10-21,7030
6136,富爾特,5,0,5,致和證券,2024-10-21,7030
6191,精成科,5,0,5,致和證券,2024-10-21,7030
9105,泰金寶-DR,35,30,5,致和證券,2024-10-21,7030
1477,聚陽,4,0,4,致和證券,2024-10-21,7030
00687B,國泰20年美債,4,0,4,致和證券,2024-10-21,7030
2374,佳能,8,4,4,致和證券,2024-10-21,7030
3149,正達,4,0,4,致和證券,2024-10-21,7030
4562,穎漢,4,0,4,致和證券,2024-10-21,7030
4157,太景*-KY,4,0,4,致和證券,2024-10-21,7030
2888,新光金,6,2,4,致和證券,2024-10-21,7030
00961,FT臺灣永續高息,3,0,3,致和證券,2024-10-21,7030
0056,元大高股息,3,0,3,致和證券,2024-10-21,7030
2353,宏��,5,2,3,致和證券,2024-10-21,7030
3062,建漢,12,9,3,致和證券,2024-10-21,7030
4540,全球傳動,3,0,3,致和證券,2024-10-21,7030
6126,信音,4,1,3,致和證券,2024-10-21,7030
6142,友勁,3,0,3,致和證券,2024-10-21,7030
6143,振曜,3,0,3,致和證券,2024-10-21,7030
8028,昇陽半導體,3,0,3,致和證券,2024-10-21,7030
9955,佳龍,3,0,3,致和證券,2024-10-21,7030
6451,訊芯-KY,2,0,2,致和證券,2024-10-21,7030
1464,得力,2,0,2,致和證券,2024-10-21,7030
2002,中鋼,164,20,144,致和證券,2024-10-22,7030
2834,臺企銀,100,0,100,致和證券,2024-10-22,7030
5315,光聯,100,0,100,致和證券,2024-10-22,7030
2014,中鴻,103,4,99,致和證券,2024-10-22,7030
2007,燁興,50,0,50,致和證券,2024-10-22,7030
2883,凱基金,28,0,28,致和證券,2024-10-22,7030
4540,全球傳動,31,3,28,致和證券,2024-10-22,7030
00937B,群益ESG投等債20,23,0,23,致和證券,2024-10-22,7030
2363,矽統,26,4,22,致和證券,2024-10-22,7030
00712,復華富時不動產,22,0,22,致和證券,2024-10-22,7030
5434,崇越,21,2,19,致和證券,2024-10-22,7030
3615,安可,72,55,17,致和證券,2024-10-22,7030
8039,台虹,16,0,16,致和證券,2024-10-22,7030
00680L,元大美債20正2,14,0,14,致和證券,2024-10-22,7030
2845,遠東銀,13,0,13,致和證券,2024-10-22,7030
00687B,國泰20年美債,12,0,12,致和證券,2024-10-22,7030
2356,英業達,15,3,12,致和證券,2024-10-22,7030
2313,華通,22,12,10,致和證券,2024-10-22,7030
2637,慧洋-KY,10,0,10,致和證券,2024-10-22,7030
3550,聯穎,11,1,10,致和證券,2024-10-22,7030
4157,太景*-KY,10,0,10,致和證券,2024-10-22,7030
2330,台積電,9,0,9,致和證券,2024-10-22,7030
00688L,國泰20年美債正2,9,0,9,致和證券,2024-10-22,7030
3290,東浦,8,0,8,致和證券,2024-10-22,7030
2303,聯電,7,1,6,致和證券,2024-10-22,7030
2399,映泰,15,9,6,致和證券,2024-10-22,7030
3265,台星科,6,0,6,致和證券,2024-10-22,7030
6126,信音,6,0,6,致和證券,2024-10-22,7030
1603,華電,5,0,5,致和證券,2024-10-22,7030
1536,和大,5,0,5,致和證券,2024-10-22,7030
1529,樂事綠能,5,0,5,致和證券,2024-10-22,7030
2101,南港,5,0,5,致和證券,2024-10-22,7030
2374,佳能,6,1,5,致和證券,2024-10-22,7030
2464,盟立,6,1,5,致和證券,2024-10-22,7030
3149,正達,9,4,5,致和證券,2024-10-22,7030
3230,錦明,5,0,5,致和證券,2024-10-22,7030
3354,律勝,6,1,5,致和證券,2024-10-22,7030
3376,新日興,5,0,5,致和證券,2024-10-22,7030
4303,信立,5,0,5,致和證券,2024-10-22,7030
5364,力麗店,5,0,5,致和證券,2024-10-22,7030
6609,瀧澤科,5,0,5,致和證券,2024-10-22,7030
8011,台通,5,0,5,致和證券,2024-10-22,7030
8171,天宇,5,0,5,致和證券,2024-10-22,7030
00753L,中信中國50正2,4,0,4,致和證券,2024-10-22,7030
1524,耿鼎,4,0,4,致和證券,2024-10-22,7030
1519,華城,4,0,4,致和證券,2024-10-22,7030
2332,友訊,6,2,4,致和證券,2024-10-22,7030
2449,京元電子,12,8,4,致和證券,2024-10-22,7030
2809,京城銀,5,1,4,致和證券,2024-10-22,7030
2890,永豐金,4,0,4,致和證券,2024-10-22,7030
00680L,元大美債20正2,30,0,30,致和證券,2024-10-23,7030
2419,仲琦,28,0,28,致和證券,2024-10-23,7030
2303,聯電,28,1,27,致和證券,2024-10-23,7030
6244,茂迪,20,0,20,致和證券,2024-10-23,7030
2344,華邦電,20,1,19,致和證券,2024-10-23,7030
2356,英業達,22,3,19,致和證券,2024-10-23,7030
00937B,群益ESG投等債20,16,0,16,致和證券,2024-10-23,7030
2369,菱生,17,1,16,致和證券,2024-10-23,7030
0056,元大高股息,12,0,12,致和證券,2024-10-23,7030
00687B,國泰20年美債,12,0,12,致和證券,2024-10-23,7030
3663,鑫科,13,2,11,致和證券,2024-10-23,7030
4906,正文,10,0,10,致和證券,2024-10-23,7030
4908,前鼎,21,11,10,致和證券,2024-10-23,7030
5905,南仁湖,10,0,10,致和證券,2024-10-23,7030
2314,台揚,8,0,8,致和證券,2024-10-23,7030
3264,欣銓,7,0,7,致和證券,2024-10-23,7030
00712,復華富時不動產,6,0,6,致和證券,2024-10-23,7030
00878,國泰永續高股息,6,0,6,致和證券,2024-10-23,7030
00922,國泰台灣領袖50,6,0,6,致和證券,2024-10-23,7030
2327,國巨,6,0,6,致和證券,2024-10-23,7030
2609,陽明,8,2,6,致和證券,2024-10-23,7030
3231,緯創,6,0,6,致和證券,2024-10-23,7030
00915,凱基優選高股息30,5,0,5,致和證券,2024-10-23,7030
00753L,中信中國50正2,5,0,5,致和證券,2024-10-23,7030
00725B,國泰投資級公司債,5,0,5,致和證券,2024-10-23,7030
00931B,統一美債20年,5,0,5,致和證券,2024-10-23,7030
1587,吉茂,5,0,5,致和證券,2024-10-23,7030
1711,永光,5,0,5,致和證券,2024-10-23,7030
1802,台玻,22,17,5,致和證券,2024-10-23,7030
2101,南港,5,0,5,致和證券,2024-10-23,7030
2340,台亞,5,0,5,致和證券,2024-10-23,7030
2365,昆盈,5,0,5,致和證券,2024-10-23,7030
2399,映泰,17,12,5,致和證券,2024-10-23,7030
2497,怡利電,5,0,5,致和證券,2024-10-23,7030
2883,凱基金,5,0,5,致和證券,2024-10-23,7030
3189,景碩,5,0,5,致和證券,2024-10-23,7030
3380,明泰,5,0,5,致和證券,2024-10-23,7030
3532,台勝科,5,0,5,致和證券,2024-10-23,7030
4949,有成精密,5,0,5,致和證券,2024-10-23,7030
5284,jpp-KY,5,0,5,致和證券,2024-10-23,7030
6491,晶碩,5,0,5,致和證券,2024-10-23,7030
1514,亞力,8,3,5,致和證券,2024-10-23,7030
1531,高林股,4,0,4,致和證券,2024-10-23,7030
1314,中石化,4,0,4,致和證券,2024-10-23,7030
00959B,大華投等美債15Y+,4,0,4,致和證券,2024-10-23,7030
1789,神隆,4,0,4,致和證券,2024-10-23,7030
3349,寶德,4,0,4,致和證券,2024-10-23,7030
4133,亞諾法,4,0,4,致和證券,2024-10-23,7030
6741,91APP*-KY,4,0,4,致和證券,2024-10-23,7030
6877,鏵友益,4,0,4,致和證券,2024-10-23,7030
5315,光聯,101,1,100,致和證券,2024-10-24,7030
1524,耿鼎,111,14,97,致和證券,2024-10-24,7030
6220,岳豐,80,30,50,致和證券,2024-10-24,7030
2489,瑞軒,45,0,45,致和證券,2024-10-24,7030
1440,南紡,40,0,40,致和證券,2024-10-24,7030
1301,台塑,37,5,32,致和證券,2024-10-24,7030
3011,今皓,32,2,30,致和證券,2024-10-24,7030
1802,台玻,46,21,25,致和證券,2024-10-24,7030
00887,永豐中國科技50大,22,0,22,致和證券,2024-10-24,7030
2323,中環,20,0,20,致和證券,2024-10-24,7030
3265,台星科,25,5,20,致和證券,2024-10-24,7030
5202,力新,21,2,19,致和證券,2024-10-24,7030
3481,群創,29,13,16,致和證券,2024-10-24,7030
2405,輔信,22,7,15,致和證券,2024-10-24,7030
3024,憶聲,15,0,15,致和證券,2024-10-24,7030
00919,群益台灣精選高息,13,0,13,致和證券,2024-10-24,7030
3550,聯穎,13,0,13,致和證券,2024-10-24,7030
3591,艾笛森,13,0,13,致和證券,2024-10-24,7030
2363,矽統,13,1,12,致和證券,2024-10-24,7030
1472,三洋實業,12,0,12,致和證券,2024-10-24,7030
1785,光洋科,16,6,10,致和證券,2024-10-24,7030
2374,佳能,13,3,10,致和證券,2024-10-24,7030
2601,益航,10,0,10,致和證券,2024-10-24,7030
2615,萬海,20,10,10,致和證券,2024-10-24,7030
2883,凱基金,10,0,10,致和證券,2024-10-24,7030
3576,聯合再生,10,0,10,致和證券,2024-10-24,7030
6213,聯茂,10,0,10,致和證券,2024-10-24,7030
2367,燿華,9,0,9,致和證券,2024-10-24,7030
2884,玉山金,9,0,9,致和證券,2024-10-24,7030
2890,永豐金,10,1,9,致和證券,2024-10-24,7030
1528,恩德,14,6,8,致和證券,2024-10-24,7030
8111,立��,8,0,8,致和證券,2024-10-24,7030
2498,宏達電,7,0,7,致和證券,2024-10-24,7030
2027,大成鋼,6,0,6,致和證券,2024-10-24,7030
8064,東捷,46,40,6,致和證券,2024-10-24,7030
00878,國泰永續高股息,6,0,6,致和證券,2024-10-24,7030
2009,第一銅,6,0,6,致和證券,2024-10-24,7030
2365,昆盈,8,2,6,致和證券,2024-10-24,7030
2809,京城銀,6,0,6,致和證券,2024-10-24,7030
3023,信邦,6,0,6,致和證券,2024-10-24,7030
3059,華晶科,6,0,6,致和證券,2024-10-24,7030
1536,和大,6,1,5,致和證券,2024-10-24,7030
1101,台泥,6,1,5,致和證券,2024-10-24,7030
00960,野村全球航運龍頭,5,0,5,致和證券,2024-10-24,7030
00946,群益科技高息成長,5,0,5,致和證券,2024-10-24,7030
00938,凱基優選30,5,0,5,致和證券,2024-10-24,7030
00927,群益半導體收益,5,0,5,致和證券,2024-10-24,7030
1718,中纖,5,0,5,致和證券,2024-10-24,7030
2834,臺企銀,5,0,5,致和證券,2024-10-24,7030
2867,三商壽,5,0,5,致和證券,2024-10-24,7030
2646,星宇航空,116,15,101,致和證券,2024-10-25,7030
00715L,期街口布蘭特正2,35,0,35,致和證券,2024-10-25,7030
2312,金寶,42,10,32,致和證券,2024-10-25,7030
00712,復華富時不動產,22,0,22,致和證券,2024-10-25,7030
3265,台星科,25,5,20,致和證券,2024-10-25,7030
6282,康舒,20,0,20,致和證券,2024-10-25,7030
3481,群創,28,9,19,致和證券,2024-10-25,7030
00878,國泰永續高股息,31,12,19,致和證券,2024-10-25,7030
2618,長榮航,20,4,16,致和證券,2024-10-25,7030
2884,玉山金,16,0,16,致和證券,2024-10-25,7030
2344,華邦電,14,0,14,致和證券,2024-10-25,7030
2014,中鴻,20,7,13,致和證券,2024-10-25,7030
3029,零壹,12,0,12,致和證券,2024-10-25,7030
00945B,凱基美國非投等債,12,0,12,致和證券,2024-10-25,7030
2809,京城銀,12,0,12,致和證券,2024-10-25,7030
1909,榮成,11,0,11,致和證券,2024-10-25,7030
2303,聯電,11,0,11,致和證券,2024-10-25,7030
3062,建漢,10,0,10,致和證券,2024-10-25,7030
6958,日盛台駿,7,0,7,致和證券,2024-10-25,7030
00902,中信電池及儲能,10,4,6,致和證券,2024-10-25,7030
3605,宏致,6,0,6,致和證券,2024-10-25,7030
4949,有成精密,6,0,6,致和證券,2024-10-25,7030
6546,正基,6,0,6,致和證券,2024-10-25,7030
6589,台康生技,7,1,6,致和證券,2024-10-25,7030
1529,樂事綠能,5,0,5,致和證券,2024-10-25,7030
00669R,國泰美國道瓊反1,5,0,5,致和證券,2024-10-25,7030
2374,佳能,8,3,5,致和證券,2024-10-25,7030
3060,銘異,5,0,5,致和證券,2024-10-25,7030
3149,正達,5,0,5,致和證券,2024-10-25,7030
6213,聯茂,5,0,5,致和證券,2024-10-25,7030
6505,台塑化,5,0,5,致和證券,2024-10-25,7030
8039,台虹,5,0,5,致和證券,2024-10-25,7030
1312,國喬,4,0,4,致和證券,2024-10-25,7030
1447,力鵬,4,0,4,致和證券,2024-10-25,7030
2363,矽統,4,0,4,致和證券,2024-10-25,7030
2455,全新,4,0,4,致和證券,2024-10-25,7030
3466,德晉,4,0,4,致和證券,2024-10-25,7030
3710,連展投控,4,0,4,致和證券,2024-10-25,7030
6116,彩晶,6,2,4,致和證券,2024-10-25,7030
6246,臺龍,9,5,4,致和證券,2024-10-25,7030
6615,慧智,8,4,4,致和證券,2024-10-25,7030
6901,鑽石投資,4,0,4,致和證券,2024-10-25,7030
2489,瑞軒,3,0,3,致和證券,2024-10-25,7030
1319,東陽,4,1,3,致和證券,2024-10-25,7030
1605,華新,3,0,3,致和證券,2024-10-25,7030
1796,金穎生技,3,0,3,致和證券,2024-10-25,7030
2360,致茂,3,0,3,致和證券,2024-10-25,7030
2439,美律,4,1,3,致和證券,2024-10-25,7030
2610,華航,15,12,3,致和證券,2024-10-25,7030
2883,凱基金,5,2,3,致和證券,2024-10-25,7030
00680L,元大美債20正2,31,0,31,致和證券,2024-10-28,7030
1529,樂事綠能,22,0,22,致和證券,2024-10-28,7030
6770,力積電,21,3,18,致和證券,2024-10-28,7030
9105,泰金寶-DR,15,0,15,致和證券,2024-10-28,7030
1785,光洋科,13,0,13,致和證券,2024-10-28,7030
2409,友達,13,0,13,致和證券,2024-10-28,7030
6285,啟��,13,0,13,致和證券,2024-10-28,7030
00712,復華富時不動產,12,0,12,致和證券,2024-10-28,7030
2615,萬海,30,19,11,致和證券,2024-10-28,7030
2891,中信金,11,0,11,致和證券,2024-10-28,7030
4174,浩鼎,11,0,11,致和證券,2024-10-28,7030
4919,新唐,11,0,11,致和證券,2024-10-28,7030
3013,晟銘電,12,2,10,致和證券,2024-10-28,7030
00945B,凱基美國非投等債,10,0,10,致和證券,2024-10-28,7030
00795B,中信美國公債20年,10,0,10,致和證券,2024-10-28,7030
2329,華泰,10,0,10,致和證券,2024-10-28,7030
2885,元大金,10,0,10,致和證券,2024-10-28,7030
3362,先進光,10,0,10,致和證券,2024-10-28,7030
3605,宏致,10,0,10,致和證券,2024-10-28,7030
4526,東台,10,0,10,致和證券,2024-10-28,7030
6220,岳豐,10,0,10,致和證券,2024-10-28,7030
6739,竹陞科技,9,0,9,致和證券,2024-10-28,7030
6742,澤米,8,0,8,致和證券,2024-10-28,7030
0050,元大台灣50,7,0,7,致和證券,2024-10-28,7030
1802,台玻,29,23,6,致和證券,2024-10-28,7030
2354,鴻準,26,20,6,致和證券,2024-10-28,7030
2413,環科,6,0,6,致和證券,2024-10-28,7030
2426,鼎元,6,0,6,致和證券,2024-10-28,7030
2884,玉山金,6,0,6,致和證券,2024-10-28,7030
3349,寶德,6,0,6,致和證券,2024-10-28,7030
6104,創惟,7,1,6,致和證券,2024-10-28,7030
2609,陽明,21,15,6,致和證券,2024-10-28,7030
00637L,元大滬深300正2,5,0,5,致和證券,2024-10-28,7030
2352,佳世達,5,0,5,致和證券,2024-10-28,7030
2646,星宇航空,19,14,5,致和證券,2024-10-28,7030
3062,建漢,6,1,5,致和證券,2024-10-28,7030
3257,虹冠電,5,0,5,致和證券,2024-10-28,7030
3437,榮創,5,0,5,致和證券,2024-10-28,7030
5876,上海商銀,5,0,5,致和證券,2024-10-28,7030
6164,華興,5,0,5,致和證券,2024-10-28,7030
6923,中台,5,0,5,致和證券,2024-10-28,7030
8021,尖點,5,0,5,致和證券,2024-10-28,7030
1301,台塑,8,4,4,致和證券,2024-10-28,7030
00937B,群益ESG投等債20,4,0,4,致和證券,2024-10-28,7030
00679B,元大美債20年,4,0,4,致和證券,2024-10-28,7030
006208,富邦台50,4,0,4,致和證券,2024-10-28,7030
2103,台橡,5,1,4,致和證券,2024-10-28,7030
3413,京鼎,4,0,4,致和證券,2024-10-28,7030
4974,亞泰,4,0,4,致和證券,2024-10-28,7030
5202,力新,7,3,4,致和證券,2024-10-28,7030
2883,凱基金,69,0,69,致和證券,2024-10-29,7030
5011,久陽,59,0,59,致和證券,2024-10-29,7030
0056,元大高股息,46,0,46,致和證券,2024-10-29,7030
00919,群益台灣精選高息,49,6,43,致和證券,2024-10-29,7030
3265,台星科,39,0,39,致和證券,2024-10-29,7030
00929,復華台灣科技優息,33,0,33,致和證券,2024-10-29,7030
00715L,期街口布蘭特正2,31,0,31,致和證券,2024-10-29,7030
3037,欣興,30,0,30,致和證券,2024-10-29,7030
1529,樂事綠能,30,2,28,致和證券,2024-10-29,7030
2303,聯電,59,34,25,致和證券,2024-10-29,7030
2017,官田鋼,20,0,20,致和證券,2024-10-29,7030
2317,鴻海,30,11,19,致和證券,2024-10-29,7030
2382,廣達,23,5,18,致和證券,2024-10-29,7030
2610,華航,18,1,17,致和證券,2024-10-29,7030
2344,華邦電,18,2,16,致和證券,2024-10-29,7030
6215,和椿,16,0,16,致和證券,2024-10-29,7030
4961,天鈺,15,0,15,致和證券,2024-10-29,7030
00712,復華富時不動產,13,0,13,致和證券,2024-10-29,7030
3019,亞光,13,0,13,致和證券,2024-10-29,7030
8107,大億金茂,23,10,13,致和證券,2024-10-29,7030
2449,京元電子,13,1,12,致和證券,2024-10-29,7030
1229,聯華,11,0,11,致和證券,2024-10-29,7030
1447,力鵬,11,0,11,致和證券,2024-10-29,7030
2363,矽統,16,5,11,致和證券,2024-10-29,7030
2498,宏達電,11,0,11,致和證券,2024-10-29,7030
9105,泰金寶-DR,21,10,11,致和證券,2024-10-29,7030
1582,信錦,15,5,10,致和證券,2024-10-29,7030
1702,南僑,10,0,10,致和證券,2024-10-29,7030
3499,環天科,10,0,10,致和證券,2024-10-29,7030
6120,達運,10,0,10,致和證券,2024-10-29,7030
6220,岳豐,10,0,10,致和證券,2024-10-29,7030
6283,淳安,10,0,10,致和證券,2024-10-29,7030
6285,啟��,11,1,10,致和證券,2024-10-29,7030
2330,台積電,12,3,9,致和證券,2024-10-29,7030
1785,光洋科,9,0,9,致和證券,2024-10-29,7030
3715,定穎投控,8,0,8,致和證券,2024-10-29,7030
00878,國泰永續高股息,7,0,7,致和證券,2024-10-29,7030
2614,東森,7,0,7,致和證券,2024-10-29,7030
2888,新光金,9,2,7,致和證券,2024-10-29,7030
6191,精成科,7,0,7,致和證券,2024-10-29,7030
00675L,富邦臺灣加權正2,6,0,6,致和證券,2024-10-29,7030
1440,南紡,6,0,6,致和證券,2024-10-29,7030
6142,友勁,6,0,6,致和證券,2024-10-29,7030
2495,普安,10,5,5,致和證券,2024-10-29,7030
3357,臺慶科,5,0,5,致和證券,2024-10-29,7030
00934,中信成長高股息,5,0,5,致和證券,2024-10-29,7030
1301,台塑,5,0,5,致和證券,2024-10-29,7030
1504,東元,5,0,5,致和證券,2024-10-29,7030
2618,長榮航,5,0,5,致和證券,2024-10-29,7030
3092,鴻碩,5,0,5,致和證券,2024-10-29,7030
00632R,元大台灣50反1,150,0,150,致和證券,2024-10-30,7030
2303,聯電,36,0,36,致和證券,2024-10-30,7030
00943,兆豐電子高息等權,30,0,30,致和證券,2024-10-30,7030
3037,欣興,41,11,30,致和證券,2024-10-30,7030
2498,宏達電,21,0,21,致和證券,2024-10-30,7030
2888,新光金,21,0,21,致和證券,2024-10-30,7030
3550,聯穎,21,0,21,致和證券,2024-10-30,7030
5011,久陽,21,0,21,致和證券,2024-10-30,7030
00905,FT臺灣Smart,20,0,20,致和證券,2024-10-30,7030
5438,東友,18,0,18,致和證券,2024-10-30,7030
2327,國巨,15,0,15,致和證券,2024-10-30,7030
00919,群益台灣精選高息,15,0,15,致和證券,2024-10-30,7030
00712,復華富時不動產,14,0,14,致和證券,2024-10-30,7030
3011,今皓,13,1,12,致和證券,2024-10-30,7030
2646,星宇航空,12,0,12,致和證券,2024-10-30,7030
1528,恩德,14,3,11,致和證券,2024-10-30,7030
3265,台星科,21,10,11,致和證券,2024-10-30,7030
3308,聯德,11,0,11,致和證券,2024-10-30,7030
6142,友勁,11,0,11,致和證券,2024-10-30,7030
2317,鴻海,16,6,10,致和證券,2024-10-30,7030
00680L,元大美債20正2,10,0,10,致和證券,2024-10-30,7030
00688L,國泰20年美債正2,10,0,10,致和證券,2024-10-30,7030
2017,官田鋼,10,0,10,致和證券,2024-10-30,7030
6278,台表科,10,0,10,致和證券,2024-10-30,7030
2337,旺宏,8,1,7,致和證券,2024-10-30,7030
4566,時碩工業,16,9,7,致和證券,2024-10-30,7030
2436,偉詮電,6,0,6,致和證券,2024-10-30,7030
4532,瑞智,6,0,6,致和證券,2024-10-30,7030
4977,眾達-KY,16,10,6,致和證券,2024-10-30,7030
6208,日揚,8,2,6,致和證券,2024-10-30,7030
00715L,期街口布蘭特正2,5,0,5,致和證券,2024-10-30,7030
00887,永豐中國科技50大,5,0,5,致和證券,2024-10-30,7030
2601,益航,5,0,5,致和證券,2024-10-30,7030
2642,宅配通,5,0,5,致和證券,2024-10-30,7030
3035,智原,10,5,5,致和證券,2024-10-30,7030
3564,其陽,5,0,5,致和證券,2024-10-30,7030
4968,立積,5,0,5,致和證券,2024-10-30,7030
6164,華興,5,0,5,致和證券,2024-10-30,7030
6257,矽格,5,0,5,致和證券,2024-10-30,7030
6284,佳邦,5,0,5,致和證券,2024-10-30,7030
6431,光麗-KY,5,0,5,致和證券,2024-10-30,7030
2344,華邦電,26,22,4,致和證券,2024-10-30,7030
0056,元大高股息,3,0,3,致和證券,2024-10-30,7030
2313,華通,3,0,3,致和證券,2024-10-30,7030
2405,輔信,3,0,3,致和證券,2024-10-30,7030
2409,友達,5,2,3,致和證券,2024-10-30,7030
2883,凱基金,3,0,3,致和證券,2024-10-30,7030
3047,訊舟,7,4,3,致和證券,2024-10-30,7030
3049,精金,3,0,3,致和證券,2024-10-30,7030
3059,華晶科,3,0,3,致和證券,2024-10-30,7030
2892,第一金,51,1,50,致和證券,2024-11-01,7030
00712,復華富時不動產,36,0,36,致和證券,2024-11-01,7030
3481,群創,38,16,22,致和證券,2024-11-01,7030
2344,華邦電,23,1,22,致和證券,2024-11-01,7030
2816,旺旺保,22,0,22,致和證券,2024-11-01,7030
2891,中信金,19,0,19,致和證券,2024-11-01,7030
2317,鴻海,20,4,16,致和證券,2024-11-01,7030
5347,世界,29,16,13,致和證券,2024-11-01,7030
2498,宏達電,12,0,12,致和證券,2024-11-01,7030
00933B,國泰10Y+金融債,10,0,10,致和證券,2024-11-01,7030
00686R,群益臺灣加權反1,10,0,10,致和證券,2024-11-01,7030
2017,官田鋼,10,0,10,致和證券,2024-11-01,7030
4743,合一,10,0,10,致和證券,2024-11-01,7030
3011,今皓,9,0,9,致和證券,2024-11-01,7030
3686,達能,9,0,9,致和證券,2024-11-01,7030
4956,光鋐,10,1,9,致和證券,2024-11-01,7030
00830,國泰費城半導體,8,0,8,致和證券,2024-11-01,7030
2327,國巨,7,0,7,致和證券,2024-11-01,7030
0050,元大台灣50,7,0,7,致和證券,2024-11-01,7030
2886,兆豐金,6,0,6,致和證券,2024-11-01,7030
2881,富邦金,6,0,6,致和證券,2024-11-01,7030
2330,台積電,5,0,5,致和證券,2024-11-01,7030
6216,居易,13,8,5,致和證券,2024-11-01,7030
00918,大華優利高填息30,5,0,5,致和證券,2024-11-01,7030
00909,國泰數位支付服務,5,0,5,致和證券,2024-11-01,7030
2337,旺宏,5,0,5,致和證券,2024-11-01,7030
2880,華南金,5,0,5,致和證券,2024-11-01,7030
2890,永豐金,5,0,5,致和證券,2024-11-01,7030
3265,台星科,5,0,5,致和證券,2024-11-01,7030
3357,臺慶科,5,0,5,致和證券,2024-11-01,7030
3362,先進光,5,0,5,致和證券,2024-11-01,7030
3551,世禾,7,2,5,致和證券,2024-11-01,7030
3711,日月光投控,5,1,4,致和證券,2024-11-01,7030
00757,統一FANG+,4,0,4,致和證券,2024-11-01,7030
2204,中華,4,0,4,致和證券,2024-11-01,7030
2409,友達,4,0,4,致和證券,2024-11-01,7030
2431,聯昌,5,1,4,致和證券,2024-11-01,7030
2834,臺企銀,4,0,4,致和證券,2024-11-01,7030
6742,澤米,4,0,4,致和證券,2024-11-01,7030
8390,金益鼎,4,0,4,致和證券,2024-11-01,7030
2382,廣達,4,1,3,致和證券,2024-11-01,7030
4968,立積,3,0,3,致和證券,2024-11-01,7030
00945B,凱基美國非投等債,5,2,3,致和證券,2024-11-01,7030
00878,國泰永續高股息,3,0,3,致和證券,2024-11-01,7030
1785,光洋科,28,25,3,致和證券,2024-11-01,7030
2883,凱基金,3,0,3,致和證券,2024-11-01,7030
3605,宏致,3,0,3,致和證券,2024-11-01,7030
5011,久陽,5,2,3,致和證券,2024-11-01,7030
5364,力麗店,3,0,3,致和證券,2024-11-01,7030
6274,台燿,3,0,3,致和證券,2024-11-01,7030
00943,兆豐電子高息等權,60,0,60,致和證券,2024-11-04,7030
2609,陽明,50,8,42,致和證券,2024-11-04,7030
00712,復華富時不動產,37,0,37,致和證券,2024-11-04,7030
2646,星宇航空,27,0,27,致和證券,2024-11-04,7030
5347,世界,30,5,25,致和證券,2024-11-04,7030
00878,國泰永續高股息,27,4,23,致和證券,2024-11-04,7030
3019,亞光,35,13,22,致和證券,2024-11-04,7030
2834,臺企銀,20,0,20,致和證券,2024-11-04,7030
5011,久陽,20,1,19,致和證券,2024-11-04,7030
2303,聯電,21,4,17,致和證券,2024-11-04,7030
6220,岳豐,18,1,17,致和證券,2024-11-04,7030
5880,合庫金,13,0,13,致和證券,2024-11-04,7030
3711,日月光投控,11,0,11,致和證券,2024-11-04,7030
2613,中櫃,24,13,11,致和證券,2024-11-04,7030
4526,東台,11,0,11,致和證券,2024-11-04,7030
00885,富邦越南,10,0,10,致和證券,2024-11-04,7030
2880,華南金,10,0,10,致和證券,2024-11-04,7030
2890,永豐金,10,0,10,致和證券,2024-11-04,7030
4807,日成-KY,10,0,10,致和證券,2024-11-04,7030
00929,復華台灣科技優息,20,10,10,致和證券,2024-11-04,7030
2615,萬海,30,21,9,致和證券,2024-11-04,7030
00937B,群益ESG投等債20,8,0,8,致和證券,2024-11-04,7030
2356,英業達,11,3,8,致和證券,2024-11-04,7030
2409,友達,8,0,8,致和證券,2024-11-04,7030
2610,華航,22,14,8,致和證券,2024-11-04,7030
2883,凱基金,10,2,8,致和證券,2024-11-04,7030
2888,新光金,7,0,7,致和證券,2024-11-04,7030
1301,台塑,6,0,6,致和證券,2024-11-04,7030
00945B,凱基美國非投等債,6,0,6,致和證券,2024-11-04,7030
2392,正崴,6,0,6,致和證券,2024-11-04,7030
3308,聯德,6,0,6,致和證券,2024-11-04,7030
6278,台表科,6,0,6,致和證券,2024-11-04,7030
1529,樂事綠能,5,0,5,致和證券,2024-11-04,7030
2017,官田鋼,5,0,5,致和證券,2024-11-04,7030
2314,台揚,5,0,5,致和證券,2024-11-04,7030
2383,台光電,5,0,5,致和證券,2024-11-04,7030
2887,台新金,6,1,5,致和證券,2024-11-04,7030
3016,嘉晶,5,0,5,致和證券,2024-11-04,7030
4540,全球傳動,5,0,5,致和證券,2024-11-04,7030
4961,天鈺,5,0,5,致和證券,2024-11-04,7030
6133,金橋,6,1,5,致和證券,2024-11-04,7030
6170,統振,5,0,5,致和證券,2024-11-04,7030
8046,南電,5,0,5,致和證券,2024-11-04,7030
8039,台虹,5,0,5,致和證券,2024-11-04,7030
00725B,國泰投資級公司債,5,0,5,致和證券,2024-11-04,7030
00900,富邦特選高股息30,4,0,4,致和證券,2024-11-04,7030
3481,群創,5,1,4,致和證券,2024-11-04,7030
8034,榮群,4,0,4,致和證券,2024-11-04,7030
2642,宅配通,4,1,3,致和證券,2024-11-04,7030
3324,雙鴻,3,0,3,致和證券,2024-11-04,7030
9105,泰金寶-DR,160,1,159,致和證券,2024-11-05,7030
8043,蜜望實,91,1,90,致和證券,2024-11-05,7030
2329,華泰,25,0,25,致和證券,2024-11-05,7030
2371,大同,25,0,25,致和證券,2024-11-05,7030
00930,永豐ESG低碳高息,20,0,20,致和證券,2024-11-05,7030
6415,矽力*-KY,18,2,16,致和證券,2024-11-05,7030
3011,今皓,15,0,15,致和證券,2024-11-05,7030
5011,久陽,15,0,15,致和證券,2024-11-05,7030
6530,創威,22,9,13,致和證券,2024-11-05,7030
00929,復華台灣科技優息,18,6,12,致和證券,2024-11-05,7030
2888,新光金,12,0,12,致和證券,2024-11-05,7030
6274,台燿,13,1,12,致和證券,2024-11-05,7030
8111,立��,11,0,11,致和證券,2024-11-05,7030
2027,大成鋼,10,0,10,致和證券,2024-11-05,7030
2436,偉詮電,10,0,10,致和證券,2024-11-05,7030
3005,神基,10,0,10,致和證券,2024-11-05,7030
3049,精金,10,0,10,致和證券,2024-11-05,7030
6770,力積電,12,3,9,致和證券,2024-11-05,7030
00900,富邦特選高股息30,8,1,7,致和證券,2024-11-05,7030
6712,長聖,6,0,6,致和證券,2024-11-05,7030
2884,玉山金,5,0,5,致和證券,2024-11-05,7030
00712,復華富時不動產,5,0,5,致和證券,2024-11-05,7030
2337,旺宏,6,1,5,致和證券,2024-11-05,7030
2353,宏��,5,0,5,致和證券,2024-11-05,7030
3265,台星科,5,0,5,致和證券,2024-11-05,7030
4934,太極,5,0,5,致和證券,2024-11-05,7030
3711,日月光投控,4,0,4,致和證券,2024-11-05,7030
2327,國巨,4,0,4,致和證券,2024-11-05,7030
1303,南亞,4,0,4,致和證券,2024-11-05,7030
00885,富邦越南,5,1,4,致和證券,2024-11-05,7030
6789,采鈺,14,10,4,致和證券,2024-11-05,7030
8390,金益鼎,4,0,4,致和證券,2024-11-05,7030
2328,廣宇,5,1,4,致和證券,2024-11-05,7030
006208,富邦台50,3,0,3,致和證券,2024-11-05,7030
00679B,元大美債20年,3,0,3,致和證券,2024-11-05,7030
2427,三商電,3,0,3,致和證券,2024-11-05,7030
3380,明泰,3,0,3,致和證券,2024-11-05,7030
3530,晶相光,3,0,3,致和證券,2024-11-05,7030
4966,譜瑞-KY,3,0,3,致和證券,2024-11-05,7030
6134,萬旭,3,0,3,致和證券,2024-11-05,7030
8086,宏捷科,3,0,3,致和證券,2024-11-05,7030
8176,智捷,3,0,3,致和證券,2024-11-05,7030
5474,聰泰,2,0,2,致和證券,2024-11-05,7030
1528,恩德,7,5,2,致和證券,2024-11-05,7030
00932,兆豐永續高息等權,2,0,2,致和證券,2024-11-05,7030
1721,三晃,2,0,2,致和證券,2024-11-05,7030
2061,風青,2,0,2,致和證券,2024-11-05,7030
2312,金寶,11,9,2,致和證券,2024-11-05,7030
2331,精英,2,0,2,致和證券,2024-11-05,7030
2362,藍天,2,0,2,致和證券,2024-11-05,7030
00930,永豐ESG低碳高息,95,0,95,致和證券,2024-11-06,7030
9907,統一實,44,0,44,致和證券,2024-11-06,7030
3105,穩懋,41,0,41,致和證券,2024-11-06,7030
00929,復華台灣科技優息,31,0,31,致和證券,2024-11-06,7030
5011,久陽,25,0,25,致和證券,2024-11-06,7030
4526,東台,28,10,18,致和證券,2024-11-06,7030
3481,群創,18,1,17,致和證券,2024-11-06,7030
6220,岳豐,15,0,15,致和證券,2024-11-06,7030
3048,益登,13,0,13,致和證券,2024-11-06,7030
4919,新唐,13,0,13,致和證券,2024-11-06,7030
2062,橋椿,12,0,12,致和證券,2024-11-06,7030
00680L,元大美債20正2,11,0,11,致和證券,2024-11-06,7030
00679B,元大美債20年,11,0,11,致和證券,2024-11-06,7030
2344,華邦電,13,2,11,致和證券,2024-11-06,7030
8070,長華*,11,0,11,致和證券,2024-11-06,7030
2303,聯電,35,25,10,致和證券,2024-11-06,7030
00960,野村全球航運龍頭,10,0,10,致和證券,2024-11-06,7030
2408,南亞科,15,5,10,致和證券,2024-11-06,7030
3011,今皓,10,0,10,致和證券,2024-11-06,7030
2618,長榮航,10,1,9,致和證券,2024-11-06,7030
6109,亞元,9,0,9,致和證券,2024-11-06,7030
2027,大成鋼,8,0,8,致和證券,2024-11-06,7030
2609,陽明,19,11,8,致和證券,2024-11-06,7030
5871,中租-KY,21,13,8,致和證券,2024-11-06,7030
2317,鴻海,18,10,8,致和證券,2024-11-06,7030
5864,致和證,7,0,7,致和證券,2024-11-06,7030
2601,益航,7,0,7,致和證券,2024-11-06,7030
6216,居易,8,1,7,致和證券,2024-11-06,7030
00937B,群益ESG投等債20,6,0,6,致和證券,2024-11-06,7030
2409,友達,6,0,6,致和證券,2024-11-06,7030
8039,台虹,6,0,6,致和證券,2024-11-06,7030
8432,東生華,6,0,6,致和證券,2024-11-06,7030
2327,國巨,7,2,5,致和證券,2024-11-06,7030
1303,南亞,5,0,5,致和證券,2024-11-06,7030
00887,永豐中國科技50大,5,0,5,致和證券,2024-11-06,7030
2014,中鴻,5,0,5,致和證券,2024-11-06,7030
5284,jpp-KY,5,0,5,致和證券,2024-11-06,7030
5309,系統電,5,0,5,致和證券,2024-11-06,7030
8110,華東,5,0,5,致和證券,2024-11-06,7030
8249,菱光,8,4,4,致和證券,2024-11-06,7030
1789,神隆,4,0,4,致和證券,2024-11-06,7030
2634,漢翔,5,1,4,致和證券,2024-11-06,7030
2890,永豐金,4,0,4,致和證券,2024-11-06,7030
3167,大量,5,1,4,致和證券,2024-11-06,7030
3211,順達,4,0,4,致和證券,2024-11-06,7030
3441,聯一光,8,4,4,致和證券,2024-11-06,7030
4763,材料-KY,6,2,4,致和證券,2024-11-06,7030
6116,彩晶,5,1,4,致和證券,2024-11-06,7030
6838,台新藥,4,0,4,致和證券,2024-11-06,7030
8261,富鼎,15,11,4,致和證券,2024-11-06,7030
2312,金寶,173,21,152,致和證券,2024-11-07,7030
00632R,元大台灣50反1,52,0,52,致和證券,2024-11-07,7030
5011,久陽,40,0,40,致和證券,2024-11-07,7030
1301,台塑,39,3,36,致和證券,2024-11-07,7030
00878,國泰永續高股息,25,0,25,致和證券,2024-11-07,7030
4510,高鋒,20,0,20,致和證券,2024-11-07,7030
9907,統一實,19,0,19,致和證券,2024-11-07,7030
2314,台揚,20,3,17,致和證券,2024-11-07,7030
2816,旺旺保,15,0,15,致和證券,2024-11-07,7030
2615,萬海,26,12,14,致和證券,2024-11-07,7030
6116,彩晶,20,6,14,致和證券,2024-11-07,7030
00905,FT臺灣Smart,11,0,11,致和證券,2024-11-07,7030
3715,定穎投控,11,0,11,致和證券,2024-11-07,7030
6443,元晶,11,0,11,致和證券,2024-11-07,7030
2337,旺宏,20,10,10,致和證券,2024-11-07,7030
2888,新光金,20,10,10,致和證券,2024-11-07,7030
3499,環天科,10,0,10,致和證券,2024-11-07,7030
1504,東元,9,0,9,致和證券,2024-11-07,7030
2374,佳能,10,1,9,致和證券,2024-11-07,7030
6415,矽力*-KY,10,1,9,致和證券,2024-11-07,7030
3413,京鼎,6,0,6,致和證券,2024-11-07,7030
1536,和大,9,3,6,致和證券,2024-11-07,7030
2426,鼎元,6,0,6,致和證券,2024-11-07,7030
5443,均豪,8,2,6,致和證券,2024-11-07,7030
1905,華紙,5,0,5,致和證券,2024-11-07,7030
2303,聯電,36,31,5,致和證券,2024-11-07,7030
2892,第一金,5,0,5,致和證券,2024-11-07,7030
3049,精金,7,2,5,致和證券,2024-11-07,7030
3078,僑威,5,0,5,致和證券,2024-11-07,7030
3357,臺慶科,5,0,5,致和證券,2024-11-07,7030
4142,國光生,5,0,5,致和證券,2024-11-07,7030
5284,jpp-KY,5,0,5,致和證券,2024-11-07,7030
1449,佳和,6,2,4,致和證券,2024-11-07,7030
2328,廣宇,11,7,4,致和證券,2024-11-07,7030
2399,映泰,9,5,4,致和證券,2024-11-07,7030
3006,晶豪科,7,3,4,致和證券,2024-11-07,7030
3034,聯詠,5,1,4,致和證券,2024-11-07,7030
3062,建漢,11,7,4,致和證券,2024-11-07,7030
6288,聯嘉,7,3,4,致和證券,2024-11-07,7030
6488,環球晶,6,2,4,致和證券,2024-11-07,7030
8044,網家,4,0,4,致和證券,2024-11-07,7030
8938,明安,4,0,4,致和證券,2024-11-07,7030
3231,緯創,23,20,3,致和證券,2024-11-07,7030
6197,佳必琪,3,0,3,致和證券,2024-11-07,7030
1314,中石化,3,0,3,致和證券,2024-11-07,7030
2367,燿華,3,0,3,致和證券,2024-11-07,7030
2371,大同,3,0,3,致和證券,2024-11-07,7030
2607,榮運,3,0,3,致和證券,2024-11-07,7030
2887,台新金,3,0,3,致和證券,2024-11-07,7030
5202,力新,3,0,3,致和證券,2024-11-07,7030
2027,大成鋼,502,8,494,致和證券,2024-11-08,7030
00943,兆豐電子高息等權,180,0,180,致和證券,2024-11-08,7030
2489,瑞軒,156,0,156,致和證券,2024-11-08,7030
6257,矽格,82,0,82,致和證券,2024-11-08,7030
2892,第一金,34,0,34,致和證券,2024-11-08,7030
5011,久陽,30,0,30,致和證券,2024-11-08,7030
3362,先進光,25,0,25,致和證券,2024-11-08,7030
3036,文曄,24,0,24,致和證券,2024-11-08,7030
2303,聯電,39,17,22,致和證券,2024-11-08,7030
1529,樂事綠能,20,0,20,致和證券,2024-11-08,7030
2356,英業達,37,19,18,致和證券,2024-11-08,7030
1584,精剛,17,0,17,致和證券,2024-11-08,7030
2376,技嘉,17,0,17,致和證券,2024-11-08,7030
2482,連宇,17,0,17,致和證券,2024-11-08,7030
2392,正崴,27,12,15,致和證券,2024-11-08,7030
3024,憶聲,15,0,15,致和證券,2024-11-08,7030
8039,台虹,13,0,13,致和證券,2024-11-08,7030
2201,裕隆,12,0,12,致和證券,2024-11-08,7030
2436,偉詮電,11,0,11,致和證券,2024-11-08,7030
6278,台表科,11,0,11,致和證券,2024-11-08,7030
8011,台通,14,3,11,致和證券,2024-11-08,7030
2337,旺宏,40,30,10,致和證券,2024-11-08,7030
2344,華邦電,10,0,10,致和證券,2024-11-08,7030
3062,建漢,14,4,10,致和證券,2024-11-08,7030
3710,連展投控,10,0,10,致和證券,2024-11-08,7030
4807,日成-KY,10,0,10,致和證券,2024-11-08,7030
2388,威盛,30,21,9,致和證券,2024-11-08,7030
3227,原相,8,0,8,致和證券,2024-11-08,7030
00929,復華台灣科技優息,7,0,7,致和證券,2024-11-08,7030
2353,宏��,7,0,7,致和證券,2024-11-08,7030
3530,晶相光,7,0,7,致和證券,2024-11-08,7030
3694,海華,7,0,7,致和證券,2024-11-08,7030
6505,台塑化,8,1,7,致和證券,2024-11-08,7030
2408,南亞科,26,20,6,致和證券,2024-11-08,7030
2836,高雄銀,6,0,6,致和證券,2024-11-08,7030
8930,青鋼,6,0,6,致和證券,2024-11-08,7030
00712,復華富時不動產,5,0,5,致和證券,2024-11-08,7030
1582,信錦,5,0,5,致和證券,2024-11-08,7030
1536,和大,6,1,5,致和證券,2024-11-08,7030
1531,高林股,10,5,5,致和證券,2024-11-08,7030
1603,華電,5,0,5,致和證券,2024-11-08,7030
2034,允強,5,0,5,致和證券,2024-11-08,7030
3691,碩禾,5,0,5,致和證券,2024-11-08,7030
5608,四維航,5,0,5,致和證券,2024-11-08,7030
6133,金橋,5,0,5,致和證券,2024-11-08,7030
2495,普安,6,1,5,致和證券,2024-11-08,7030
1609,大亞,4,0,4,致和證券,2024-11-08,7030
1319,東陽,4,0,4,致和證券,2024-11-08,7030
2887,台新金,5,1,4,致和證券,2024-11-08,7030
3011,今皓,5,1,4,致和證券,2024-11-08,7030
2027,大成鋼,200,2,198,致和證券,2024-11-11,7030
1326,台化,60,0,60,致和證券,2024-11-11,7030
3231,緯創,51,5,46,致和證券,2024-11-11,7030
2834,臺企銀,30,0,30,致和證券,2024-11-11,7030
2457,飛宏,30,2,28,致和證券,2024-11-11,7030
2610,華航,26,5,21,致和證券,2024-11-11,7030
1303,南亞,20,0,20,致和證券,2024-11-11,7030
2884,玉山金,15,0,15,致和證券,2024-11-11,7030
3303,岱稜,15,0,15,致和證券,2024-11-11,7030
5011,久陽,15,0,15,致和證券,2024-11-11,7030
2337,旺宏,14,0,14,致和證券,2024-11-11,7030
00878,國泰永續高股息,11,0,11,致和證券,2024-11-11,7030
2891,中信金,12,1,11,致和證券,2024-11-11,7030
2615,萬海,37,27,10,致和證券,2024-11-11,7030
00960,野村全球航運龍頭,10,0,10,致和證券,2024-11-11,7030
2885,元大金,10,0,10,致和證券,2024-11-11,7030
2888,新光金,10,0,10,致和證券,2024-11-11,7030
2890,永豐金,10,0,10,致和證券,2024-11-11,7030
5426,振發,12,2,10,致和證券,2024-11-11,7030
6215,和椿,10,0,10,致和證券,2024-11-11,7030
3228,金麗科,10,0,10,致和證券,2024-11-11,7030
2312,金寶,11,2,9,致和證券,2024-11-11,7030
3011,今皓,9,0,9,致和證券,2024-11-11,7030
9907,統一實,9,0,9,致和證券,2024-11-11,7030
3362,先進光,8,0,8,致和證券,2024-11-11,7030
3037,欣興,7,0,7,致和證券,2024-11-11,7030
3701,大眾控,10,3,7,致和證券,2024-11-11,7030
6191,精成科,7,0,7,致和證券,2024-11-11,7030
00715L,期街口布蘭特正2,6,0,6,致和證券,2024-11-11,7030
2609,陽明,13,7,6,致和證券,2024-11-11,7030
3022,威強電,6,0,6,致和證券,2024-11-11,7030
3062,建漢,23,17,6,致和證券,2024-11-11,7030
4906,正文,6,0,6,致和證券,2024-11-11,7030
6285,啟��,6,0,6,致和證券,2024-11-11,7030
6742,澤米,6,0,6,致和證券,2024-11-11,7030
3149,正達,12,7,5,致和證券,2024-11-11,7030
1605,華新,7,2,5,致和證券,2024-11-11,7030
00932,兆豐永續高息等權,5,0,5,致和證券,2024-11-11,7030
00909,國泰數位支付服務,5,0,5,致和證券,2024-11-11,7030
2352,佳世達,5,0,5,致和證券,2024-11-11,7030
3437,榮創,5,0,5,致和證券,2024-11-11,7030
5371,中光電,5,0,5,致和證券,2024-11-11,7030
8050,廣積,5,0,5,致和證券,2024-11-11,7030
8936,國統,5,0,5,致和證券,2024-11-11,7030
3264,欣銓,4,0,4,致和證券,2024-11-11,7030
3645,達邁,4,0,4,致和證券,2024-11-11,7030
3714,富采,4,0,4,致和證券,2024-11-11,7030
6116,彩晶,4,0,4,致和證券,2024-11-11,7030
6224,聚鼎,4,0,4,致和證券,2024-11-11,7030
00919,群益台灣精選高息,4,1,3,致和證券,2024-11-11,7030
3362,先進光,42,0,42,致和證券,2024-11-12,7030
2605,新興,38,1,37,致和證券,2024-11-12,7030
1101,台泥,36,1,35,致和證券,2024-11-12,7030
9907,統一實,35,0,35,致和證券,2024-11-12,7030
00715L,期街口布蘭特正2,26,0,26,致和證券,2024-11-12,7030
00919,群益台灣精選高息,24,0,24,致和證券,2024-11-12,7030
2362,藍天,25,2,23,致和證券,2024-11-12,7030
4157,太景*-KY,21,0,21,致和證券,2024-11-12,7030
6278,台表科,26,5,21,致和證券,2024-11-12,7030
6770,力積電,21,0,21,致和證券,2024-11-12,7030
00940,元大台灣價值高息,20,0,20,致和證券,2024-11-12,7030
00687B,國泰20年美債,20,0,20,致和證券,2024-11-12,7030
3037,欣興,21,1,20,致和證券,2024-11-12,7030
2392,正崴,21,3,18,致和證券,2024-11-12,7030
2883,凱基金,18,0,18,致和證券,2024-11-12,7030
3303,岱稜,16,0,16,致和證券,2024-11-12,7030
6877,鏵友益,22,6,16,致和證券,2024-11-12,7030
0056,元大高股息,16,1,15,致和證券,2024-11-12,7030
2201,裕隆,15,0,15,致和證券,2024-11-12,7030
2420,新巨,15,0,15,致和證券,2024-11-12,7030
4743,合一,15,0,15,致和證券,2024-11-12,7030
5871,中租-KY,25,10,15,致和證券,2024-11-12,7030
00929,復華台灣科技優息,14,0,14,致和證券,2024-11-12,7030
2328,廣宇,22,8,14,致和證券,2024-11-12,7030
2884,玉山金,13,0,13,致和證券,2024-11-12,7030
5347,世界,13,0,13,致和證券,2024-11-12,7030
2641,正德,16,4,12,致和證券,2024-11-12,7030
2834,臺企銀,12,0,12,致和證券,2024-11-12,7030
2887,台新金,12,0,12,致和證券,2024-11-12,7030
5014,建錩,12,0,12,致和證券,2024-11-12,7030
5009,榮剛,12,1,11,致和證券,2024-11-12,7030
2449,京元電子,13,3,10,致和證券,2024-11-12,7030
2498,宏達電,10,0,10,致和證券,2024-11-12,7030
2885,元大金,10,0,10,致和證券,2024-11-12,7030
3231,緯創,14,4,10,致和證券,2024-11-12,7030
3290,東浦,10,0,10,致和證券,2024-11-12,7030
4915,致伸,10,0,10,致和證券,2024-11-12,7030
5011,久陽,10,0,10,致和證券,2024-11-12,7030
2317,鴻海,17,7,10,致和證券,2024-11-12,7030
00922,國泰台灣領袖50,9,0,9,致和證券,2024-11-12,7030
2382,廣達,9,0,9,致和證券,2024-11-12,7030
2609,陽明,82,73,9,致和證券,2024-11-12,7030
3711,日月光投控,9,0,9,致和證券,2024-11-12,7030
1326,台化,9,0,9,致和證券,2024-11-12,7030
2332,友訊,14,5,9,致和證券,2024-11-12,7030
2353,宏��,9,0,9,致和證券,2024-11-12,7030
2836,高雄銀,9,0,9,致和證券,2024-11-12,7030
3265,台星科,9,0,9,致和證券,2024-11-12,7030
2615,萬海,32,24,8,致和證券,2024-11-12,7030
1301,台塑,12,4,8,致和證券,2024-11-12,7030
3362,先進光,77,0,77,致和證券,2024-11-13,7030
00650L,復華香港正2,65,0,65,致和證券,2024-11-13,7030
00919,群益台灣精選高息,44,6,38,致和證券,2024-11-13,7030
0056,元大高股息,37,1,36,致和證券,2024-11-13,7030
2324,仁寶,61,28,33,致和證券,2024-11-13,7030
2312,金寶,57,29,28,致和證券,2024-11-13,7030
2646,星宇航空,30,12,18,致和證券,2024-11-13,7030
2101,南港,17,0,17,致和證券,2024-11-13,7030
2303,聯電,16,0,16,致和證券,2024-11-13,7030
3706,神達,27,11,16,致和證券,2024-11-13,7030
2344,華邦電,19,5,14,致和證券,2024-11-13,7030
6770,力積電,28,14,14,致和證券,2024-11-13,7030
3303,岱稜,12,0,12,致和證券,2024-11-13,7030
5230,雷笛克光學,12,0,12,致和證券,2024-11-13,7030
1472,三洋實業,11,0,11,致和證券,2024-11-13,7030
3047,訊舟,12,1,11,致和證券,2024-11-13,7030
5263,智崴,11,0,11,致和證券,2024-11-13,7030
6215,和椿,11,0,11,致和證券,2024-11-13,7030
2388,威盛,11,0,11,致和證券,2024-11-13,7030
2891,中信金,11,0,11,致和證券,2024-11-13,7030
00646,元大S＆P500,10,0,10,致和證券,2024-11-13,7030
2332,友訊,10,0,10,致和證券,2024-11-13,7030
2884,玉山金,10,0,10,致和證券,2024-11-13,7030
3003,健和興,15,5,10,致和證券,2024-11-13,7030
8064,東捷,20,10,10,致和證券,2024-11-13,7030
5347,世界,20,10,10,致和證券,2024-11-13,7030
4979,華星光,22,13,9,致和證券,2024-11-13,7030
00915,凱基優選高股息30,8,0,8,致和證券,2024-11-13,7030
2027,大成鋼,8,0,8,致和證券,2024-11-13,7030
2888,新光金,8,0,8,致和證券,2024-11-13,7030
2330,台積電,8,1,7,致和證券,2024-11-13,7030
2204,中華,7,0,7,致和證券,2024-11-13,7030
2409,友達,7,0,7,致和證券,2024-11-13,7030
2605,新興,7,0,7,致和證券,2024-11-13,7030
2615,萬海,7,0,7,致和證券,2024-11-13,7030
2892,第一金,7,0,7,致和證券,2024-11-13,7030
3673,TPK-KY,7,0,7,致和證券,2024-11-13,7030
00950B,凱基A級公司債,6,0,6,致和證券,2024-11-13,7030
00712,復華富時不動產,6,0,6,致和證券,2024-11-13,7030
2316,楠梓電,6,0,6,致和證券,2024-11-13,7030
3023,信邦,6,0,6,致和證券,2024-11-13,7030
6207,雷科,6,0,6,致和證券,2024-11-13,7030
6712,長聖,6,0,6,致和證券,2024-11-13,7030
8028,昇陽半導體,8,2,6,致和證券,2024-11-13,7030
2317,鴻海,11,5,6,致和證券,2024-11-13,7030
6282,康舒,10,5,5,致和證券,2024-11-13,7030
00878,國泰永續高股息,25,20,5,致和證券,2024-11-13,7030
1446,宏和,5,0,5,致和證券,2024-11-13,7030
00930,永豐ESG低碳高息,5,0,5,致和證券,2024-11-13,7030
4142,國光生,5,0,5,致和證券,2024-11-13,7030
8150,南茂,197,0,197,致和證券,2024-11-14,7030
00878,國泰永續高股息,67,1,66,致和證券,2024-11-14,7030
2027,大成鋼,53,0,53,致和證券,2024-11-14,7030
0056,元大高股息,49,0,49,致和證券,2024-11-14,7030
3362,先進光,32,0,32,致和證券,2024-11-14,7030
2017,官田鋼,30,0,30,致和證券,2024-11-14,7030
2885,元大金,26,1,25,致和證券,2024-11-14,7030
2427,三商電,21,0,21,致和證券,2024-11-14,7030
3481,群創,21,0,21,致和證券,2024-11-14,7030
2323,中環,20,0,20,致和證券,2024-11-14,7030
5011,久陽,20,0,20,致和證券,2024-11-14,7030
1584,精剛,15,0,15,致和證券,2024-11-14,7030
2888,新光金,14,0,14,致和證券,2024-11-14,7030
2303,聯電,29,16,13,致和證券,2024-11-14,7030
2891,中信金,16,3,13,致和證券,2024-11-14,7030
1472,三洋實業,12,0,12,致和證券,2024-11-14,7030
00922,國泰台灣領袖50,11,0,11,致和證券,2024-11-14,7030
2880,華南金,11,0,11,致和證券,2024-11-14,7030
6505,台塑化,11,0,11,致和證券,2024-11-14,7030
8064,東捷,11,0,11,致和證券,2024-11-14,7030
1210,大成,10,0,10,致和證券,2024-11-14,7030
2884,玉山金,10,0,10,致和證券,2024-11-14,7030
5398,慕康生醫,10,0,10,致和證券,2024-11-14,7030
8105,凌巨,10,0,10,致和證券,2024-11-14,7030
8404,百和興業-KY,9,0,9,致和證券,2024-11-14,7030
1605,華新,8,0,8,致和證券,2024-11-14,7030
2374,佳能,7,0,7,致和證券,2024-11-14,7030
9904,寶成,18,11,7,致和證券,2024-11-14,7030
2317,鴻海,9,2,7,致和證券,2024-11-14,7030
00706L,期元大S＆P日圓正2,6,0,6,致和證券,2024-11-14,7030
00915,凱基優選高股息30,7,1,6,致和證券,2024-11-14,7030
2353,宏��,6,0,6,致和證券,2024-11-14,7030
2369,菱生,6,0,6,致和證券,2024-11-14,7030
3015,全漢,7,1,6,致和證券,2024-11-14,7030
3024,憶聲,6,0,6,致和證券,2024-11-14,7030
3520,華盈,6,0,6,致和證券,2024-11-14,7030
5515,建國,6,0,6,致和證券,2024-11-14,7030
6282,康舒,6,0,6,致和證券,2024-11-14,7030
1609,大亞,5,0,5,致和證券,2024-11-14,7030
1773,勝一,5,0,5,致和證券,2024-11-14,7030
00881,國泰台灣5G+,5,0,5,致和證券,2024-11-14,7030
2329,華泰,5,0,5,致和證券,2024-11-14,7030
2743,山富,5,0,5,致和證券,2024-11-14,7030
3033,威健,8,3,5,致和證券,2024-11-14,7030
3062,建漢,6,1,5,致和證券,2024-11-14,7030
3149,正達,6,1,5,致和證券,2024-11-14,7030
5009,榮剛,5,0,5,致和證券,2024-11-14,7030
6005,群益證,5,0,5,致和證券,2024-11-14,7030
6278,台表科,30,25,5,致和證券,2024-11-14,7030
8121,越峰,5,0,5,致和證券,2024-11-14,7030
00878,國泰永續高股息,32,0,32,致和證券,2024-11-15,7030
2317,鴻海,44,13,31,致和證券,2024-11-15,7030
2382,廣達,24,1,23,致和證券,2024-11-15,7030
3605,宏致,20,1,19,致和證券,2024-11-15,7030
3706,神達,22,7,15,致和證券,2024-11-15,7030
2392,正崴,24,10,14,致和證券,2024-11-15,7030
8403,盛弘,12,0,12,致和證券,2024-11-15,7030
2344,華邦電,11,0,11,致和證券,2024-11-15,7030
9945,潤泰新,11,0,11,致和證券,2024-11-15,7030
6509,聚和,10,0,10,致和證券,2024-11-15,7030
2363,矽統,10,0,10,致和證券,2024-11-15,7030
4513,福裕,10,0,10,致和證券,2024-11-15,7030
6278,台表科,10,0,10,致和證券,2024-11-15,7030
2890,永豐金,10,1,9,致和證券,2024-11-15,7030
3231,緯創,11,3,8,致和證券,2024-11-15,7030
4908,前鼎,8,0,8,致和證券,2024-11-15,7030
3036,文曄,8,1,7,致和證券,2024-11-15,7030
3013,晟銘電,7,1,6,致和證券,2024-11-15,7030
1447,力鵬,7,2,5,致和證券,2024-11-15,7030
00712,復華富時不動產,5,0,5,致和證券,2024-11-15,7030
00632R,元大台灣50反1,5,0,5,致和證券,2024-11-15,7030
1314,中石化,7,2,5,致和證券,2024-11-15,7030
2324,仁寶,17,12,5,致和證券,2024-11-15,7030
3297,杭特,5,0,5,致和證券,2024-11-15,7030
3515,華擎,5,0,5,致和證券,2024-11-15,7030
3607,谷崧,5,0,5,致和證券,2024-11-15,7030
4142,國光生,5,0,5,致和證券,2024-11-15,7030
5011,久陽,5,0,5,致和證券,2024-11-15,7030
1325,恆大,4,0,4,致和證券,2024-11-15,7030
2426,鼎元,4,0,4,致和證券,2024-11-15,7030
3450,聯鈞,12,8,4,致和證券,2024-11-15,7030
3712,永崴投控,4,0,4,致和證券,2024-11-15,7030
6153,嘉聯益,4,0,4,致和證券,2024-11-15,7030
7708,全家餐飲,4,0,4,致和證券,2024-11-15,7030
0056,元大高股息,3,0,3,致和證券,2024-11-15,7030
2327,國巨,3,0,3,致和證券,2024-11-15,7030
00930,永豐ESG低碳高息,3,0,3,致和證券,2024-11-15,7030
1524,耿鼎,7,4,3,致和證券,2024-11-15,7030
2062,橋椿,3,0,3,致和證券,2024-11-15,7030
2301,光寶科,3,0,3,致和證券,2024-11-15,7030
2340,台亞,3,0,3,致和證券,2024-11-15,7030
6276,安鈦克,3,0,3,致和證券,2024-11-15,7030
8042,金山電,3,0,3,致和證券,2024-11-15,7030
2449,京元電子,4,1,3,致和證券,2024-11-15,7030
2377,微星,2,0,2,致和證券,2024-11-15,7030
6446,藥華藥,2,0,2,致和證券,2024-11-15,7030
1515,力山,2,0,2,致和證券,2024-11-15,7030
00631L,元大台灣50正2,2,0,2,致和證券,2024-11-15,7030
00919,群益台灣精選高息,2,0,2,致和證券,2024-11-15,7030
00929,復華台灣科技優息,3,1,2,致和證券,2024-11-15,7030
00878,國泰永續高股息,61,1,60,致和證券,2024-11-18,7030
00929,復華台灣科技優息,49,0,49,致和證券,2024-11-18,7030
3037,欣興,49,2,47,致和證券,2024-11-18,7030
2312,金寶,42,18,24,致和證券,2024-11-18,7030
8927,北基,21,0,21,致和證券,2024-11-18,7030
2888,新光金,22,2,20,致和證券,2024-11-18,7030
8033,雷虎,20,0,20,致和證券,2024-11-18,7030
2489,瑞軒,20,1,19,致和證券,2024-11-18,7030
1785,光洋科,19,0,19,致和證券,2024-11-18,7030
0056,元大高股息,18,0,18,致和證券,2024-11-18,7030
6278,台表科,15,0,15,致和證券,2024-11-18,7030
1605,華新,12,0,12,致和證券,2024-11-18,7030
2349,錸德,13,1,12,致和證券,2024-11-18,7030
2881,富邦金,12,0,12,致和證券,2024-11-18,7030
00919,群益台灣精選高息,11,1,10,致和證券,2024-11-18,7030
00887,永豐中國科技50大,10,0,10,致和證券,2024-11-18,7030
00885,富邦越南,10,0,10,致和證券,2024-11-18,7030
00937B,群益ESG投等債20,10,0,10,致和證券,2024-11-18,7030
2845,遠東銀,10,0,10,致和證券,2024-11-18,7030
3019,亞光,15,5,10,致和證券,2024-11-18,7030
6186,新潤,10,0,10,致和證券,2024-11-18,7030
6202,盛群,11,2,9,致和證券,2024-11-18,7030
2017,官田鋼,18,10,8,致和證券,2024-11-18,7030
3303,岱稜,9,1,8,致和證券,2024-11-18,7030
2354,鴻準,22,15,7,致和證券,2024-11-18,7030
3050,鈺德,8,1,7,致和證券,2024-11-18,7030
4915,致伸,7,0,7,致和證券,2024-11-18,7030
9933,中鼎,7,0,7,致和證券,2024-11-18,7030
1319,東陽,6,0,6,致和證券,2024-11-18,7030
3481,群創,6,0,6,致和證券,2024-11-18,7030
3691,碩禾,6,0,6,致和證券,2024-11-18,7030
3711,日月光投控,7,1,6,致和證券,2024-11-18,7030
4961,天鈺,6,0,6,致和證券,2024-11-18,7030
8064,東捷,6,0,6,致和證券,2024-11-18,7030
9928,中視,6,0,6,致和證券,2024-11-18,7030
1475,業旺,5,0,5,致和證券,2024-11-18,7030
1471,首利,5,0,5,致和證券,2024-11-18,7030
1609,大亞,5,0,5,致和證券,2024-11-18,7030
1721,三晃,5,0,5,致和證券,2024-11-18,7030
3092,鴻碩,5,0,5,致和證券,2024-11-18,7030
3265,台星科,8,3,5,致和證券,2024-11-18,7030
4147,中裕,5,0,5,致和證券,2024-11-18,7030
4526,東台,5,0,5,致和證券,2024-11-18,7030
5011,久陽,5,0,5,致和證券,2024-11-18,7030
5519,隆大,5,0,5,致和證券,2024-11-18,7030
6126,信音,5,0,5,致和證券,2024-11-18,7030
8110,華東,5,0,5,致和證券,2024-11-18,7030
6669,緯穎,5,0,5,致和證券,2024-11-18,7030
2317,鴻海,9,4,5,致和證券,2024-11-18,7030
3231,緯創,10,6,4,致和證券,2024-11-18,7030
2641,正德,100,0,100,致和證券,2024-11-19,7030
2344,華邦電,89,6,83,致和證券,2024-11-19,7030
3706,神達,115,48,67,致和證券,2024-11-19,7030
9105,泰金寶-DR,49,8,41,致和證券,2024-11-19,7030
5608,四維航,35,0,35,致和證券,2024-11-19,7030
2208,台船,30,1,29,致和證券,2024-11-19,7030
3209,全科,21,1,20,致和證券,2024-11-19,7030
2884,玉山金,40,20,20,致和證券,2024-11-19,7030
1472,三洋實業,17,0,17,致和證券,2024-11-19,7030
00960,野村全球航運龍頭,15,0,15,致和證券,2024-11-19,7030
3481,群創,18,3,15,致和證券,2024-11-19,7030
6126,信音,13,1,12,致和證券,2024-11-19,7030
3231,緯創,16,5,11,致和證券,2024-11-19,7030
1702,南僑,10,0,10,致和證券,2024-11-19,7030
2353,宏��,10,0,10,致和證券,2024-11-19,7030
006208,富邦台50,9,0,9,致和證券,2024-11-19,7030
00919,群益台灣精選高息,10,1,9,致和證券,2024-11-19,7030
1301,台塑,9,0,9,致和證券,2024-11-19,7030
3024,憶聲,13,4,9,致和證券,2024-11-19,7030
2356,英業達,12,4,8,致和證券,2024-11-19,7030
5880,合庫金,10,2,8,致和證券,2024-11-19,7030
4743,合一,6,0,6,致和證券,2024-11-19,7030
1447,力鵬,5,0,5,致和證券,2024-11-19,7030
2324,仁寶,12,7,5,致和證券,2024-11-19,7030
2368,金像電,5,0,5,致和證券,2024-11-19,7030
4979,華星光,7,2,5,致和證券,2024-11-19,7030
1475,業旺,4,0,4,致和證券,2024-11-19,7030
1802,台玻,5,1,4,致和證券,2024-11-19,7030
2485,兆赫,4,0,4,致和證券,2024-11-19,7030
2614,東森,4,0,4,致和證券,2024-11-19,7030
4915,致伸,4,0,4,致和證券,2024-11-19,7030
5864,致和證,5,1,4,致和證券,2024-11-19,7030
2382,廣達,4,1,3,致和證券,2024-11-19,7030
00930,永豐ESG低碳高息,3,0,3,致和證券,2024-11-19,7030
1815,富喬,3,0,3,致和證券,2024-11-19,7030
2206,三陽工業,3,0,3,致和證券,2024-11-19,7030
2399,映泰,3,0,3,致和證券,2024-11-19,7030
3006,晶豪科,3,0,3,致和證券,2024-11-19,7030
3019,亞光,11,8,3,致和證券,2024-11-19,7030
3090,日電貿,5,2,3,致和證券,2024-11-19,7030
3521,鴻翊,3,0,3,致和證券,2024-11-19,7030
5309,系統電,4,1,3,致和證券,2024-11-19,7030
2027,大成鋼,3,1,2,致和證券,2024-11-19,7030
1796,金穎生技,2,0,2,致和證券,2024-11-19,7030
00936,台新永續高息中小,2,0,2,致和證券,2024-11-19,7030
1442,名軒,2,0,2,致和證券,2024-11-19,7030
1102,亞泥,2,0,2,致和證券,2024-11-19,7030
00946,群益科技高息成長,2,0,2,致和證券,2024-11-19,7030
2062,橋椿,2,0,2,致和證券,2024-11-19,7030
2302,麗正,2,0,2,致和證券,2024-11-19,7030
2354,鴻準,64,8,56,致和證券,2024-11-20,7030
3706,神達,63,25,38,致和證券,2024-11-20,7030
2314,台揚,31,5,26,致和證券,2024-11-20,7030
00712,復華富時不動產,20,0,20,致和證券,2024-11-20,7030
00680L,元大美債20正2,20,0,20,致和證券,2024-11-20,7030
2349,錸德,26,9,17,致和證券,2024-11-20,7030
2834,臺企銀,20,5,15,致和證券,2024-11-20,7030
006208,富邦台50,12,0,12,致和證券,2024-11-20,7030
1472,三洋實業,12,0,12,致和證券,2024-11-20,7030
9945,潤泰新,12,0,12,致和證券,2024-11-20,7030
1314,中石化,11,0,11,致和證券,2024-11-20,7030
6282,康舒,14,3,11,致和證券,2024-11-20,7030
00932,兆豐永續高息等權,10,0,10,致和證券,2024-11-20,7030
1611,中電,10,0,10,致和證券,2024-11-20,7030
2327,國巨,10,0,10,致和證券,2024-11-20,7030
2888,新光金,10,0,10,致和證券,2024-11-20,7030
00922,國泰台灣領袖50,9,0,9,致和證券,2024-11-20,7030
4142,國光生,8,0,8,致和證券,2024-11-20,7030
5347,世界,27,19,8,致和證券,2024-11-20,7030
2324,仁寶,8,1,7,致和證券,2024-11-20,7030
2332,友訊,10,3,7,致和證券,2024-11-20,7030
2409,友達,7,0,7,致和證券,2024-11-20,7030
8421,旭源,7,0,7,致和證券,2024-11-20,7030
2449,京元電子,6,0,6,致和證券,2024-11-20,7030
1475,業旺,6,0,6,致和證券,2024-11-20,7030
2605,新興,7,1,6,致和證券,2024-11-20,7030
2722,夏都,6,0,6,致和證券,2024-11-20,7030
3006,晶豪科,6,0,6,致和證券,2024-11-20,7030
3669,圓展,6,0,6,致和證券,2024-11-20,7030
00938,凱基優選30,5,0,5,致和證券,2024-11-20,7030
00885,富邦越南,5,0,5,致和證券,2024-11-20,7030
00950B,凱基A級公司債,5,0,5,致和證券,2024-11-20,7030
2312,金寶,8,3,5,致和證券,2024-11-20,7030
3024,憶聲,6,1,5,致和證券,2024-11-20,7030
5328,華容,5,0,5,致和證券,2024-11-20,7030
6661,威健生技,5,0,5,致和證券,2024-11-20,7030
8039,台虹,5,0,5,致和證券,2024-11-20,7030
2330,台積電,6,1,5,致和證券,2024-11-20,7030
1301,台塑,7,3,4,致和證券,2024-11-20,7030
1447,力鵬,5,1,4,致和證券,2024-11-20,7030
2356,英業達,10,6,4,致和證券,2024-11-20,7030
3710,連展投控,4,0,4,致和證券,2024-11-20,7030
6916,華凌,4,0,4,致和證券,2024-11-20,7030
8042,金山電,4,0,4,致和證券,2024-11-20,7030
1815,富喬,8,4,4,致和證券,2024-11-20,7030
0056,元大高股息,3,0,3,致和證券,2024-11-20,7030
1477,聚陽,3,0,3,致和證券,2024-11-20,7030
00936,台新永續高息中小,3,0,3,致和證券,2024-11-20,7030
1584,精剛,3,0,3,致和證券,2024-11-20,7030
2206,三陽工業,3,0,3,致和證券,2024-11-20,7030
2883,凱基金,210,0,210,致和證券,2024-11-21,7030
2303,聯電,109,2,107,致和證券,2024-11-21,7030
3047,訊舟,30,0,30,致和證券,2024-11-21,7030
00937B,群益ESG投等債20,20,0,20,致和證券,2024-11-21,7030
00929,復華台灣科技優息,18,0,18,致和證券,2024-11-21,7030
00878,國泰永續高股息,15,0,15,致和證券,2024-11-21,7030
3011,今皓,13,0,13,致和證券,2024-11-21,7030
1301,台塑,12,0,12,致和證券,2024-11-21,7030
00919,群益台灣精選高息,22,10,12,致和證券,2024-11-21,7030
6207,雷科,12,0,12,致和證券,2024-11-21,7030
2017,官田鋼,10,0,10,致和證券,2024-11-21,7030
2444,兆勁,9,0,9,致和證券,2024-11-21,7030
2201,裕隆,8,0,8,致和證券,2024-11-21,7030
6589,台康生技,8,0,8,致和證券,2024-11-21,7030
3481,群創,9,1,8,致和證券,2024-11-21,7030
006208,富邦台50,6,0,6,致和證券,2024-11-21,7030
1472,三洋實業,6,0,6,致和證券,2024-11-21,7030
3054,立萬利,6,0,6,致和證券,2024-11-21,7030
1444,力麗,5,0,5,致和證券,2024-11-21,7030
00665L,富邦�琤肭磪囓�2,5,0,5,致和證券,2024-11-21,7030
2206,三陽工業,5,0,5,致和證券,2024-11-21,7030
2349,錸德,12,7,5,致和證券,2024-11-21,7030
2353,宏��,5,0,5,致和證券,2024-11-21,7030
2486,一詮,5,0,5,致和證券,2024-11-21,7030
3037,欣興,6,1,5,致和證券,2024-11-21,7030
4129,聯合,5,0,5,致和證券,2024-11-21,7030
8104,錸寶,7,2,5,致和證券,2024-11-21,7030
2354,鴻準,55,50,5,致和證券,2024-11-21,7030
3211,順達,4,0,4,致和證券,2024-11-21,7030
4746,台耀,4,0,4,致和證券,2024-11-21,7030
5880,合庫金,4,0,4,致和證券,2024-11-21,7030
6166,凌華,4,0,4,致和證券,2024-11-21,7030
6415,矽力*-KY,4,0,4,致和證券,2024-11-21,7030
8039,台虹,5,1,4,致和證券,2024-11-21,7030
9928,中視,4,0,4,致和證券,2024-11-21,7030
0056,元大高股息,3,0,3,致和證券,2024-11-21,7030
00918,大華優利高填息30,3,0,3,致和證券,2024-11-21,7030
00881,國泰台灣5G+,3,0,3,致和證券,2024-11-21,7030
2308,台達電,4,1,3,致和證券,2024-11-21,7030
2352,佳世達,3,0,3,致和證券,2024-11-21,7030
2605,新興,3,0,3,致和證券,2024-11-21,7030
2610,華航,3,0,3,致和證券,2024-11-21,7030
2913,農林,3,0,3,致和證券,2024-11-21,7030
3019,亞光,5,2,3,致和證券,2024-11-21,7030
3711,日月光投控,3,0,3,致和證券,2024-11-21,7030
4915,致伸,3,0,3,致和證券,2024-11-21,7030
6283,淳安,6,3,3,致和證券,2024-11-21,7030
2317,鴻海,14,11,3,致和證券,2024-11-21,7030
2890,永豐金,2,0,2,致和證券,2024-11-21,7030
1455,集盛,2,0,2,致和證券,2024-11-21,7030
9105,泰金寶-DR,113,64,49,致和證券,2024-11-22,7030
2722,夏都,44,0,44,致和證券,2024-11-22,7030
00753L,中信中國50正2,20,0,20,致和證券,2024-11-22,7030
2880,華南金,20,0,20,致和證券,2024-11-22,7030
3706,神達,49,31,18,致和證券,2024-11-22,7030
2324,仁寶,31,14,17,致和證券,2024-11-22,7030
6163,華電網,15,0,15,致和證券,2024-11-22,7030
8104,錸寶,14,2,12,致和證券,2024-11-22,7030
3290,東浦,14,3,11,致和證券,2024-11-22,7030
6558,興能高,14,3,11,致和證券,2024-11-22,7030
2331,精英,11,1,10,致和證券,2024-11-22,7030
2365,昆盈,10,0,10,致和證券,2024-11-22,7030
3036,文曄,10,0,10,致和證券,2024-11-22,7030
2485,兆赫,10,1,9,致和證券,2024-11-22,7030
00712,復華富時不動產,8,0,8,致和證券,2024-11-22,7030
2344,華邦電,10,2,8,致和證券,2024-11-22,7030
2615,萬海,18,10,8,致和證券,2024-11-22,7030
3054,立萬利,7,0,7,致和證券,2024-11-22,7030
4526,東台,7,0,7,致和證券,2024-11-22,7030
6274,台燿,8,1,7,致和證券,2024-11-22,7030
00632R,元大台灣50反1,6,0,6,致和證券,2024-11-22,7030
2027,大成鋼,15,9,6,致和證券,2024-11-22,7030
2618,長榮航,8,2,6,致和證券,2024-11-22,7030
8039,台虹,6,0,6,致和證券,2024-11-22,7030
1472,三洋實業,5,0,5,致和證券,2024-11-22,7030
2206,三陽工業,5,0,5,致和證券,2024-11-22,7030
3049,精金,5,0,5,致和證券,2024-11-22,7030
3268,海德威,5,0,5,致和證券,2024-11-22,7030
5864,致和證,14,9,5,致和證券,2024-11-22,7030
6187,萬潤,5,0,5,致和證券,2024-11-22,7030
1301,台塑,5,1,4,致和證券,2024-11-22,7030
3019,亞光,6,2,4,致和證券,2024-11-22,7030
6661,威健生技,4,0,4,致和證券,2024-11-22,7030
8066,來思達,4,0,4,致和證券,2024-11-22,7030
2404,漢唐,3,0,3,致和證券,2024-11-22,7030
2444,兆勁,3,0,3,致和證券,2024-11-22,7030
2609,陽明,9,6,3,致和證券,2024-11-22,7030
2888,新光金,3,0,3,致和證券,2024-11-22,7030
3406,玉晶光,3,0,3,致和證券,2024-11-22,7030
3709,鑫聯大投控,3,0,3,致和證券,2024-11-22,7030
4916,事欣科,3,0,3,致和證券,2024-11-22,7030
6209,今國光,3,0,3,致和證券,2024-11-22,7030
8032,光菱,4,1,3,致和證券,2024-11-22,7030
6156,松上,4,2,2,致和證券,2024-11-22,7030
1528,恩德,2,0,2,致和證券,2024-11-22,7030
1319,東陽,2,0,2,致和證券,2024-11-22,7030
00679B,元大美債20年,2,0,2,致和證券,2024-11-22,7030
1799,易威,2,0,2,致和證券,2024-11-22,7030
2353,宏��,2,0,2,致和證券,2024-11-22,7030
2408,南亞科,2,0,2,致和證券,2024-11-22,7030
2722,夏都,201,0,201,致和證券,2024-11-25,7030
2618,長榮航,51,5,46,致和證券,2024-11-25,7030
2356,英業達,52,7,45,致和證券,2024-11-25,7030
3036,文曄,32,0,32,致和證券,2024-11-25,7030
1303,南亞,31,0,31,致和證券,2024-11-25,7030
2312,金寶,68,44,24,致和證券,2024-11-25,7030
2485,兆赫,24,0,24,致和證券,2024-11-25,7030
1472,三洋實業,20,0,20,致和證券,2024-11-25,7030
9105,泰金寶-DR,102,86,16,致和證券,2024-11-25,7030
0056,元大高股息,15,0,15,致和證券,2024-11-25,7030
2337,旺宏,45,30,15,致和證券,2024-11-25,7030
3050,鈺德,15,0,15,致和證券,2024-11-25,7030
00919,群益台灣精選高息,20,6,14,致和證券,2024-11-25,7030
2330,台積電,12,1,11,致和證券,2024-11-25,7030
00930,永豐ESG低碳高息,10,0,10,致和證券,2024-11-25,7030
5443,均豪,10,0,10,致和證券,2024-11-25,7030
2371,大同,14,4,10,致和證券,2024-11-25,7030
6163,華電網,10,1,9,致和證券,2024-11-25,7030
1101,台泥,10,2,8,致和證券,2024-11-25,7030
2609,陽明,12,5,7,致和證券,2024-11-25,7030
4966,譜瑞-KY,10,3,7,致和證券,2024-11-25,7030
2353,宏��,12,6,6,致和證券,2024-11-25,7030
3048,益登,6,0,6,致和證券,2024-11-25,7030
5876,上海商銀,30,24,6,致和證券,2024-11-25,7030
4979,華星光,10,5,5,致和證券,2024-11-25,7030
00937B,群益ESG投等債20,5,0,5,致和證券,2024-11-25,7030
1524,耿鼎,28,23,5,致和證券,2024-11-25,7030
2034,允強,6,1,5,致和證券,2024-11-25,7030
2615,萬海,6,1,5,致和證券,2024-11-25,7030
3032,偉訓,5,0,5,致和證券,2024-11-25,7030
5871,中租-KY,5,0,5,致和證券,2024-11-25,7030
6191,精成科,5,0,5,致和證券,2024-11-25,7030
8028,昇陽半導體,7,2,5,致和證券,2024-11-25,7030
2204,中華,4,0,4,致和證券,2024-11-25,7030
3022,威強電,4,0,4,致和證券,2024-11-25,7030
2892,第一金,4,0,4,致和證券,2024-11-25,7030
2332,友訊,5,2,3,致和證券,2024-11-25,7030
2449,京元電子,3,0,3,致和證券,2024-11-25,7030
1504,東元,3,0,3,致和證券,2024-11-25,7030
006208,富邦台50,3,0,3,致和證券,2024-11-25,7030
2103,台橡,3,0,3,致和證券,2024-11-25,7030
2327,國巨,3,0,3,致和證券,2024-11-25,7030
2427,三商電,3,0,3,致和證券,2024-11-25,7030
2885,元大金,3,0,3,致和證券,2024-11-25,7030
3027,盛達,6,3,3,致和證券,2024-11-25,7030
3521,鴻翊,3,0,3,致和證券,2024-11-25,7030
6288,聯嘉,3,0,3,致和證券,2024-11-25,7030
6438,迅得,4,1,3,致和證券,2024-11-25,7030
8358,金居,3,0,3,致和證券,2024-11-25,7030
9904,寶成,3,0,3,致和證券,2024-11-25,7030
2356,英業達,57,12,45,致和證券,2024-11-26,7030
1472,三洋實業,42,0,42,致和證券,2024-11-26,7030
6118,建達,34,1,33,致和證券,2024-11-26,7030
2317,鴻海,51,21,30,致和證券,2024-11-26,7030
00937B,群益ESG投等債20,25,0,25,致和證券,2024-11-26,7030
1584,精剛,24,0,24,致和證券,2024-11-26,7030
2722,夏都,23,0,23,致和證券,2024-11-26,7030
1314,中石化,21,1,20,致和證券,2024-11-26,7030
2883,凱基金,20,2,18,致和證券,2024-11-26,7030
2303,聯電,15,2,13,致和證券,2024-11-26,7030
0056,元大高股息,12,0,12,致和證券,2024-11-26,7030
8038,長園科,12,0,12,致和證券,2024-11-26,7030
2312,金寶,27,17,10,致和證券,2024-11-26,7030
00680L,元大美債20正2,26,16,10,致和證券,2024-11-26,7030
00715L,期街口布蘭特正2,10,0,10,致和證券,2024-11-26,7030
00940,元大台灣價值高息,10,0,10,致和證券,2024-11-26,7030
2106,建大,10,0,10,致和證券,2024-11-26,7030
4157,太景*-KY,10,0,10,致和證券,2024-11-26,7030
4966,譜瑞-KY,10,0,10,致和證券,2024-11-26,7030
8076,伍豐,10,0,10,致和證券,2024-11-26,7030
00919,群益台灣精選高息,20,10,10,致和證券,2024-11-26,7030
1325,恆大,8,0,8,致和證券,2024-11-26,7030
4915,致伸,8,0,8,致和證券,2024-11-26,7030
4142,國光生,7,0,7,致和證券,2024-11-26,7030
1540,喬福,10,3,7,致和證券,2024-11-26,7030
2426,鼎元,8,1,7,致和證券,2024-11-26,7030
3036,文曄,7,0,7,致和證券,2024-11-26,7030
2609,陽明,8,2,6,致和證券,2024-11-26,7030
00878,國泰永續高股息,6,0,6,致和證券,2024-11-26,7030
6661,威健生技,6,0,6,致和證券,2024-11-26,7030
1522,堤維西,5,0,5,致和證券,2024-11-26,7030
1432,大魯閣,5,0,5,致和證券,2024-11-26,7030
1504,東元,5,0,5,致和證券,2024-11-26,7030
00712,復華富時不動產,5,0,5,致和證券,2024-11-26,7030
2408,南亞科,15,10,5,致和證券,2024-11-26,7030
5425,台半,5,0,5,致和證券,2024-11-26,7030
6104,創惟,6,1,5,致和證券,2024-11-26,7030
6126,信音,5,0,5,致和證券,2024-11-26,7030
8039,台虹,5,0,5,致和證券,2024-11-26,7030
8069,元太,5,0,5,致和證券,2024-11-26,7030
8163,達方,5,0,5,致和證券,2024-11-26,7030
2337,旺宏,4,0,4,致和證券,2024-11-26,7030
2618,長榮航,15,11,4,致和證券,2024-11-26,7030
3231,緯創,11,7,4,致和證券,2024-11-26,7030
3252,海灣,4,0,4,致和證券,2024-11-26,7030
6516,勤崴國際,4,0,4,致和證券,2024-11-26,7030
6615,慧智,4,0,4,致和證券,2024-11-26,7030
8942,森鉅,4,0,4,致和證券,2024-11-26,7030
9105,泰金寶-DR,66,62,4,致和證券,2024-11-26,7030
2330,台積電,4,0,4,致和證券,2024-11-26,7030
3231,緯創,50,2,48,致和證券,2024-11-27,7030
3047,訊舟,40,2,38,致和證券,2024-11-27,7030
0056,元大高股息,33,0,33,致和證券,2024-11-27,7030
3037,欣興,29,0,29,致和證券,2024-11-27,7030
2317,鴻海,29,3,26,致和證券,2024-11-27,7030
3019,亞光,25,0,25,致和證券,2024-11-27,7030
00919,群益台灣精選高息,24,0,24,致和證券,2024-11-27,7030
1514,亞力,22,0,22,致和證券,2024-11-27,7030
2303,聯電,32,10,22,致和證券,2024-11-27,7030
3419,譁裕,21,0,21,致和證券,2024-11-27,7030
00878,國泰永續高股息,19,2,17,致和證券,2024-11-27,7030
3706,神達,48,31,17,致和證券,2024-11-27,7030
2834,臺企銀,17,0,17,致和證券,2024-11-27,7030
2002,中鋼,15,0,15,致和證券,2024-11-27,7030
8064,東捷,28,14,14,致和證券,2024-11-27,7030
9105,泰金寶-DR,70,56,14,致和證券,2024-11-27,7030
1475,業旺,13,0,13,致和證券,2024-11-27,7030
2027,大成鋼,11,0,11,致和證券,2024-11-27,7030
6742,澤米,11,0,11,致和證券,2024-11-27,7030
2603,長榮,12,2,10,致和證券,2024-11-27,7030
00937B,群益ESG投等債20,10,0,10,致和證券,2024-11-27,7030
2344,華邦電,10,0,10,致和證券,2024-11-27,7030
2722,夏都,10,0,10,致和證券,2024-11-27,7030
3011,今皓,10,0,10,致和證券,2024-11-27,7030
3034,聯詠,10,0,10,致和證券,2024-11-27,7030
3615,安可,10,0,10,致和證券,2024-11-27,7030
4966,譜瑞-KY,10,0,10,致和證券,2024-11-27,7030
6154,順發,10,0,10,致和證券,2024-11-27,7030
1536,和大,16,7,9,致和證券,2024-11-27,7030
1815,富喬,31,22,9,致和證券,2024-11-27,7030
2440,太空梭,8,0,8,致和證券,2024-11-27,7030
8104,錸寶,8,0,8,致和證券,2024-11-27,7030
3035,智原,7,0,7,致和證券,2024-11-27,7030
3605,宏致,7,0,7,致和證券,2024-11-27,7030
6739,竹陞科技,7,0,7,致和證券,2024-11-27,7030
8358,金居,7,0,7,致和證券,2024-11-27,7030
2382,廣達,8,1,7,致和證券,2024-11-27,7030
00918,大華優利高填息30,6,0,6,致和證券,2024-11-27,7030
00929,復華台灣科技優息,6,0,6,致和證券,2024-11-27,7030
2354,鴻準,35,29,6,致和證券,2024-11-27,7030
2356,英業達,9,3,6,致和證券,2024-11-27,7030
2426,鼎元,11,5,6,致和證券,2024-11-27,7030
3308,聯德,6,0,6,致和證券,2024-11-27,7030
3372,典範,6,0,6,致和證券,2024-11-27,7030
4142,國光生,6,0,6,致和證券,2024-11-27,7030
00940,元大台灣價值高息,5,0,5,致和證券,2024-11-27,7030
00881,國泰台灣5G+,5,0,5,致和證券,2024-11-27,7030
1773,勝一,5,0,5,致和證券,2024-11-27,7030
1785,光洋科,14,9,5,致和證券,2024-11-27,7030
2352,佳世達,5,0,5,致和證券,2024-11-27,7030
2312,金寶,154,28,126,致和證券,2024-11-28,7030
2344,華邦電,109,0,109,致和證券,2024-11-28,7030
00715L,期街口布蘭特正2,43,0,43,致和證券,2024-11-28,7030
00878,國泰永續高股息,34,1,33,致和證券,2024-11-28,7030
00919,群益台灣精選高息,27,0,27,致和證券,2024-11-28,7030
00687B,國泰20年美債,25,0,25,致和證券,2024-11-28,7030
3048,益登,25,0,25,致和證券,2024-11-28,7030
3706,神達,220,196,24,致和證券,2024-11-28,7030
1815,富喬,47,26,21,致和證券,2024-11-28,7030
1475,業旺,21,0,21,致和證券,2024-11-28,7030
2888,新光金,21,0,21,致和證券,2024-11-28,7030
1711,永光,20,0,20,致和證券,2024-11-28,7030
00940,元大台灣價值高息,18,0,18,致和證券,2024-11-28,7030
00929,復華台灣科技優息,16,0,16,致和證券,2024-11-28,7030
2327,國巨,17,1,16,致和證券,2024-11-28,7030
3419,譁裕,15,1,14,致和證券,2024-11-28,7030
0056,元大高股息,13,0,13,致和證券,2024-11-28,7030
2332,友訊,19,7,12,致和證券,2024-11-28,7030
00922,國泰台灣領袖50,12,0,12,致和證券,2024-11-28,7030
2722,夏都,11,0,11,致和證券,2024-11-28,7030
00669R,國泰美國道瓊反1,10,0,10,致和證券,2024-11-28,7030
1326,台化,10,0,10,致和證券,2024-11-28,7030
2356,英業達,12,2,10,致和證券,2024-11-28,7030
6187,萬潤,10,0,10,致和證券,2024-11-28,7030
6770,力積電,10,0,10,致和證券,2024-11-28,7030
3591,艾笛森,10,0,10,致和證券,2024-11-28,7030
4510,高鋒,12,2,10,致和證券,2024-11-28,7030
2615,萬海,18,10,8,致和證券,2024-11-28,7030
6153,嘉聯益,7,0,7,致和證券,2024-11-28,7030
2301,光寶科,6,0,6,致和證券,2024-11-28,7030
3022,威強電,6,0,6,致和證券,2024-11-28,7030
4513,福裕,6,0,6,致和證券,2024-11-28,7030
4526,東台,9,3,6,致和證券,2024-11-28,7030
1513,中興電,5,0,5,致和證券,2024-11-28,7030
00912,中信臺灣智慧50,5,0,5,致和證券,2024-11-28,7030
2062,橋椿,5,0,5,致和證券,2024-11-28,7030
2324,仁寶,10,5,5,致和證券,2024-11-28,7030
2609,陽明,11,6,5,致和證券,2024-11-28,7030
3625,西勝,5,0,5,致和證券,2024-11-28,7030
00934,中信成長高股息,4,0,4,致和證券,2024-11-28,7030
1301,台塑,6,2,4,致和證券,2024-11-28,7030
1402,遠東新,3,0,3,致和證券,2024-11-28,7030
2409,友達,3,0,3,致和證券,2024-11-28,7030
3037,欣興,3,0,3,致和證券,2024-11-28,7030
00946,群益科技高息成長,3,0,3,致和證券,2024-11-28,7030
1339,昭輝,3,0,3,致和證券,2024-11-28,7030
1303,南亞,3,0,3,致和證券,2024-11-28,7030
2352,佳世達,3,0,3,致和證券,2024-11-28,7030
2367,燿華,5,2,3,致和證券,2024-11-28,7030
2426,鼎元,5,2,3,致和證券,2024-11-28,7030
6118,建達,22,0,22,致和證券,2024-11-29,7030
00919,群益台灣精選高息,21,0,21,致和證券,2024-11-29,7030
1301,台塑,19,0,19,致和證券,2024-11-29,7030
3706,神達,113,96,17,致和證券,2024-11-29,7030
2884,玉山金,17,0,17,致和證券,2024-11-29,7030
1611,中電,10,0,10,致和證券,2024-11-29,7030
3419,譁裕,11,1,10,致和證券,2024-11-29,7030
6712,長聖,10,0,10,致和證券,2024-11-29,7030
2312,金寶,16,7,9,致和證券,2024-11-29,7030
1326,台化,8,0,8,致和證券,2024-11-29,7030
00715L,期街口布蘭特正2,8,0,8,致和證券,2024-11-29,7030
2002,中鋼,8,0,8,致和證券,2024-11-29,7030
2609,陽明,22,15,7,致和證券,2024-11-29,7030
1605,華新,7,0,7,致和證券,2024-11-29,7030
00882,中信中國高股息,7,0,7,致和證券,2024-11-29,7030
3714,富采,7,0,7,致和證券,2024-11-29,7030
5880,合庫金,7,0,7,致和證券,2024-11-29,7030
5309,系統電,9,2,7,致和證券,2024-11-29,7030
4562,穎漢,6,0,6,致和證券,2024-11-29,7030
6770,力積電,6,0,6,致和證券,2024-11-29,7030
00950B,凱基A級公司債,5,0,5,致和證券,2024-11-29,7030
0056,元大高股息,7,2,5,致和證券,2024-11-29,7030
2324,仁寶,10,5,5,致和證券,2024-11-29,7030
2344,華邦電,5,0,5,致和證券,2024-11-29,7030
3413,京鼎,5,0,5,致和證券,2024-11-29,7030
4510,高鋒,8,3,5,致和證券,2024-11-29,7030
9955,佳龍,5,0,5,致和證券,2024-11-29,7030
1402,遠東新,5,1,4,致和證券,2024-11-29,7030
00878,國泰永續高股息,5,1,4,致和證券,2024-11-29,7030
1597,直得,4,0,4,致和證券,2024-11-29,7030
2204,中華,5,1,4,致和證券,2024-11-29,7030
2881,富邦金,6,2,4,致和證券,2024-11-29,7030
3031,佰鴻,6,2,4,致和證券,2024-11-29,7030
5009,榮剛,4,0,4,致和證券,2024-11-29,7030
6530,創威,5,1,4,致和證券,2024-11-29,7030
2330,台積電,5,2,3,致和證券,2024-11-29,7030
2405,輔信,4,1,3,致和證券,2024-11-29,7030
3090,日電貿,6,3,3,致和證券,2024-11-29,7030
4142,國光生,3,0,3,致和證券,2024-11-29,7030
6282,康舒,4,1,3,致和證券,2024-11-29,7030
5871,中租-KY,17,15,2,致和證券,2024-11-29,7030
1789,神隆,2,0,2,致和證券,2024-11-29,7030
1532,勤美,2,0,2,致和證券,2024-11-29,7030
00955,中信日本商社,2,0,2,致和證券,2024-11-29,7030
00881,國泰台灣5G+,2,0,2,致和證券,2024-11-29,7030
00934,中信成長高股息,2,0,2,致和證券,2024-11-29,7030
2105,正新,2,0,2,致和證券,2024-11-29,7030
2228,劍麟,2,0,2,致和證券,2024-11-29,7030
2356,英業達,20,18,2,致和證券,2024-11-29,7030
2474,可成,2,0,2,致和證券,2024-11-29,7030
2330,台積電,468,13,455,致和證券,2024-12-02,7030
00918,大華優利高填息30,80,0,80,致和證券,2024-12-02,7030
2881,富邦金,40,0,40,致和證券,2024-12-02,7030
3231,緯創,42,2,40,致和證券,2024-12-02,7030
2834,臺企銀,25,0,25,致和證券,2024-12-02,7030
1316,上曜,25,3,22,致和證券,2024-12-02,7030
6118,建達,19,0,19,致和證券,2024-12-02,7030
00878,國泰永續高股息,18,1,17,致和證券,2024-12-02,7030
5371,中光電,31,17,14,致和證券,2024-12-02,7030
6117,迎廣,15,3,12,致和證券,2024-12-02,7030
5309,系統電,14,3,11,致和證券,2024-12-02,7030
00712,復華富時不動產,10,0,10,致和證券,2024-12-02,7030
1402,遠東新,11,1,10,致和證券,2024-12-02,7030
2312,金寶,148,138,10,致和證券,2024-12-02,7030
3380,明泰,10,0,10,致和證券,2024-12-02,7030
2356,英業達,11,1,10,致和證券,2024-12-02,7030
2609,陽明,10,1,9,致和證券,2024-12-02,7030
1536,和大,10,1,9,致和證券,2024-12-02,7030
2314,台揚,7,0,7,致和證券,2024-12-02,7030
8039,台虹,7,0,7,致和證券,2024-12-02,7030
1101,台泥,7,1,6,致和證券,2024-12-02,7030
4919,新唐,6,0,6,致和證券,2024-12-02,7030
5009,榮剛,8,2,6,致和證券,2024-12-02,7030
00960,野村全球航運龍頭,5,0,5,致和證券,2024-12-02,7030
1524,耿鼎,20,15,5,致和證券,2024-12-02,7030
2610,華航,13,8,5,致和證券,2024-12-02,7030
5328,華容,7,2,5,致和證券,2024-12-02,7030
6187,萬潤,5,0,5,致和證券,2024-12-02,7030
6415,矽力*-KY,5,0,5,致和證券,2024-12-02,7030
6530,創威,7,2,5,致和證券,2024-12-02,7030
6558,興能高,10,5,5,致和證券,2024-12-02,7030
6667,信紘科,5,0,5,致和證券,2024-12-02,7030
8076,伍豐,5,0,5,致和證券,2024-12-02,7030
006208,富邦台50,4,0,4,致和證券,2024-12-02,7030
2317,鴻海,5,1,4,致和證券,2024-12-02,7030
1815,富喬,19,15,4,致和證券,2024-12-02,7030
2419,仲琦,5,1,4,致和證券,2024-12-02,7030
6609,瀧澤科,4,0,4,致和證券,2024-12-02,7030
6962,ITH-KY,5,1,4,致和證券,2024-12-02,7030
3481,群創,6,3,3,致和證券,2024-12-02,7030
1522,堤維西,3,0,3,致和證券,2024-12-02,7030
2634,漢翔,6,3,3,致和證券,2024-12-02,7030
4931,新盛力,5,2,3,致和證券,2024-12-02,7030
8038,長園科,3,0,3,致和證券,2024-12-02,7030
8171,天宇,6,3,3,致和證券,2024-12-02,7030
8929,富堡,7,4,3,致和證券,2024-12-02,7030
2886,兆豐金,3,0,3,致和證券,2024-12-02,7030
1708,東鹼,2,0,2,致和證券,2024-12-02,7030
00757,統一FANG+,2,0,2,致和證券,2024-12-02,7030
2328,廣宇,2,0,2,致和證券,2024-12-02,7030
00919,群益台灣精選高息,61,0,61,致和證券,2024-12-03,7030
00953B,群益優選非投等債,50,0,50,致和證券,2024-12-03,7030
00918,大華優利高填息30,46,0,46,致和證券,2024-12-03,7030
00960,野村全球航運龍頭,20,0,20,致和證券,2024-12-03,7030
00687B,國泰20年美債,20,0,20,致和證券,2024-12-03,7030
4526,東台,15,0,15,致和證券,2024-12-03,7030
0056,元大高股息,12,0,12,致和證券,2024-12-03,7030
2017,官田鋼,10,0,10,致和證券,2024-12-03,7030
8032,光菱,10,0,10,致和證券,2024-12-03,7030
8111,立��,10,0,10,致和證券,2024-12-03,7030
2204,中華,10,1,9,致和證券,2024-12-03,7030
1301,台塑,8,0,8,致和證券,2024-12-03,7030
1605,華新,7,0,7,致和證券,2024-12-03,7030
4915,致伸,10,3,7,致和證券,2024-12-03,7030
5009,榮剛,8,1,7,致和證券,2024-12-03,7030
2408,南亞科,26,20,6,致和證券,2024-12-03,7030
4939,亞電,8,2,6,致和證券,2024-12-03,7030
1531,高林股,6,1,5,致和證券,2024-12-03,7030
00946,群益科技高息成長,5,0,5,致和證券,2024-12-03,7030
00878,國泰永續高股息,11,6,5,致和證券,2024-12-03,7030
1776,展宇,5,0,5,致和證券,2024-12-03,7030
6431,光麗-KY,5,0,5,致和證券,2024-12-03,7030
6505,台塑化,5,0,5,致和證券,2024-12-03,7030
1471,首利,4,0,4,致和證券,2024-12-03,7030
2329,華泰,4,0,4,致和證券,2024-12-03,7030
5309,系統電,20,16,4,致和證券,2024-12-03,7030
2317,鴻海,6,2,4,致和證券,2024-12-03,7030
3035,智原,5,1,4,致和證券,2024-12-03,7030
1101,台泥,3,0,3,致和證券,2024-12-03,7030
2352,佳世達,3,0,3,致和證券,2024-12-03,7030
2801,彰銀,3,0,3,致和證券,2024-12-03,7030
3303,岱稜,3,0,3,致和證券,2024-12-03,7030
4927,泰鼎-KY,3,0,3,致和證券,2024-12-03,7030
6117,迎廣,4,1,3,致和證券,2024-12-03,7030
6208,日揚,3,0,3,致和證券,2024-12-03,7030
6176,瑞儀,2,0,2,致和證券,2024-12-03,7030
1319,東陽,2,0,2,致和證券,2024-12-03,7030
1449,佳和,4,2,2,致和證券,2024-12-03,7030
00936,台新永續高息中小,2,0,2,致和證券,2024-12-03,7030
1796,金穎生技,2,0,2,致和證券,2024-12-03,7030
2337,旺宏,2,0,2,致和證券,2024-12-03,7030
2457,飛宏,2,0,2,致和證券,2024-12-03,7030
2464,盟立,2,0,2,致和證券,2024-12-03,7030
2467,志聖,2,0,2,致和證券,2024-12-03,7030
2615,萬海,15,13,2,致和證券,2024-12-03,7030
2630,亞航,2,0,2,致和證券,2024-12-03,7030
2892,第一金,2,0,2,致和證券,2024-12-03,7030
2945,三商家購,2,0,2,致和證券,2024-12-03,7030
3057,喬鼎,2,0,2,致和證券,2024-12-03,7030
3090,日電貿,3,1,2,致和證券,2024-12-03,7030
00918,大華優利高填息30,91,3,88,致和證券,2024-12-04,7030
00919,群益台灣精選高息,71,0,71,致和證券,2024-12-04,7030
00947,台新臺灣IC設計,70,1,69,致和證券,2024-12-04,7030
2449,京元電子,36,0,36,致和證券,2024-12-04,7030
2344,華邦電,31,10,21,致和證券,2024-12-04,7030
1449,佳和,20,0,20,致和證券,2024-12-04,7030
3706,神達,52,32,20,致和證券,2024-12-04,7030
2408,南亞科,39,20,19,致和證券,2024-12-04,7030
2337,旺宏,22,8,14,致和證券,2024-12-04,7030
2615,萬海,13,1,12,致和證券,2024-12-04,7030
6962,ITH-KY,12,0,12,致和證券,2024-12-04,7030
3078,僑威,11,0,11,致和證券,2024-12-04,7030
6235,華孚,10,0,10,致和證券,2024-12-04,7030
2062,橋椿,13,4,9,致和證券,2024-12-04,7030
6134,萬旭,8,0,8,致和證券,2024-12-04,7030
3019,亞光,21,14,7,致和證券,2024-12-04,7030
1477,聚陽,6,0,6,致和證券,2024-12-04,7030
00712,復華富時不動產,6,0,6,致和證券,2024-12-04,7030
3029,零壹,8,2,6,致和證券,2024-12-04,7030
4513,福裕,6,0,6,致和證券,2024-12-04,7030
4729,熒茂,6,0,6,致和證券,2024-12-04,7030
00915,凱基優選高股息30,5,0,5,致和證券,2024-12-04,7030
00665L,富邦�琤肭磪囓�2,5,0,5,致和證券,2024-12-04,7030
2002,中鋼,7,2,5,致和證券,2024-12-04,7030
2891,中信金,5,0,5,致和證券,2024-12-04,7030
3071,協禧,5,0,5,致和證券,2024-12-04,7030
3605,宏致,4,0,4,致和證券,2024-12-04,7030
5484,慧友,4,0,4,致和證券,2024-12-04,7030
6201,亞弘電,4,0,4,致和證券,2024-12-04,7030
8011,台通,5,1,4,致和證券,2024-12-04,7030
8103,瀚荃,4,0,4,致和證券,2024-12-04,7030
8163,達方,4,0,4,致和證券,2024-12-04,7030
1303,南亞,3,0,3,致和證券,2024-12-04,7030
00948B,中信優息投資級債,3,0,3,致和證券,2024-12-04,7030
3707,漢磊,3,0,3,致和證券,2024-12-04,7030
4915,致伸,3,0,3,致和證券,2024-12-04,7030
5009,榮剛,7,4,3,致和證券,2024-12-04,7030
5871,中租-KY,8,5,3,致和證券,2024-12-04,7030
6207,雷科,3,0,3,致和證券,2024-12-04,7030
6216,居易,4,1,3,致和證券,2024-12-04,7030
8110,華東,3,0,3,致和證券,2024-12-04,7030
8936,國統,3,0,3,致和證券,2024-12-04,7030
2353,宏��,2,0,2,致和證券,2024-12-04,7030
3324,雙鴻,3,1,2,致和證券,2024-12-04,7030
00936,台新永續高息中小,2,0,2,致和證券,2024-12-04,7030
00959B,大華投等美債15Y+,2,0,2,致和證券,2024-12-04,7030
1218,泰山,2,0,2,致和證券,2024-12-04,7030
1314,中石化,2,0,2,致和證券,2024-12-04,7030
1522,堤維西,4,2,2,致和證券,2024-12-04,7030
1785,光洋科,2,0,2,致和證券,2024-12-04,7030
0056,元大高股息,81,0,81,致和證券,2024-12-05,7030
00715L,期街口布蘭特正2,58,0,58,致和證券,2024-12-05,7030
00918,大華優利高填息30,30,0,30,致和證券,2024-12-05,7030
4119,旭富,30,0,30,致和證券,2024-12-05,7030
1815,富喬,39,11,28,致和證券,2024-12-05,7030
5905,南仁湖,20,0,20,致和證券,2024-12-05,7030
2371,大同,17,1,16,致和證券,2024-12-05,7030
5457,宣德,15,1,14,致和證券,2024-12-05,7030
2027,大成鋼,13,0,13,致和證券,2024-12-05,7030
1303,南亞,13,0,13,致和證券,2024-12-05,7030
2609,陽明,15,3,12,致和證券,2024-12-05,7030
2444,兆勁,12,1,11,致和證券,2024-12-05,7030
2201,裕隆,10,0,10,致和證券,2024-12-05,7030
2022,聚亨,10,0,10,致和證券,2024-12-05,7030
2323,中環,10,0,10,致和證券,2024-12-05,7030
2392,正崴,12,2,10,致和證券,2024-12-05,7030
2399,映泰,12,2,10,致和證券,2024-12-05,7030
3090,日電貿,12,2,10,致和證券,2024-12-05,7030
4973,廣穎,10,0,10,致和證券,2024-12-05,7030
8032,光菱,10,0,10,致和證券,2024-12-05,7030
1449,佳和,15,6,9,致和證券,2024-12-05,7030
3071,協禧,9,0,9,致和證券,2024-12-05,7030
8171,天宇,13,4,9,致和證券,2024-12-05,7030
1785,光洋科,10,2,8,致和證券,2024-12-05,7030
00878,國泰永續高股息,12,5,7,致和證券,2024-12-05,7030
00712,復華富時不動產,7,0,7,致和證券,2024-12-05,7030
2070,精湛,7,0,7,致和證券,2024-12-05,7030
00936,台新永續高息中小,6,0,6,致和證券,2024-12-05,7030
00662,富邦NASDAQ,6,0,6,致和證券,2024-12-05,7030
00919,群益台灣精選高息,6,0,6,致和證券,2024-12-05,7030
2303,聯電,8,2,6,致和證券,2024-12-05,7030
3015,全漢,6,0,6,致和證券,2024-12-05,7030
3078,僑威,6,0,6,致和證券,2024-12-05,7030
6153,嘉聯益,6,0,6,致和證券,2024-12-05,7030
00915,凱基優選高股息30,5,0,5,致和證券,2024-12-05,7030
1312,國喬,5,0,5,致和證券,2024-12-05,7030
2406,國碩,5,0,5,致和證券,2024-12-05,7030
2486,一詮,10,5,5,致和證券,2024-12-05,7030
3019,亞光,8,3,5,致和證券,2024-12-05,7030
3231,緯創,11,6,5,致和證券,2024-12-05,7030
8011,台通,11,6,5,致和證券,2024-12-05,7030
8038,長園科,5,0,5,致和證券,2024-12-05,7030
8076,伍豐,5,0,5,致和證券,2024-12-05,7030
3211,順達,10,6,4,致和證券,2024-12-05,7030
1314,中石化,5,1,4,致和證券,2024-12-05,7030
2312,金寶,33,29,4,致和證券,2024-12-05,7030
2329,華泰,4,0,4,致和證券,2024-12-05,7030
2457,飛宏,5,1,4,致和證券,2024-12-05,7030
2478,大毅,4,0,4,致和證券,2024-12-05,7030
3024,憶聲,6,2,4,致和證券,2024-12-05,7030
1605,華新,37,0,37,致和證券,2024-12-06,7030
00962,台新AI優息動能,34,0,34,致和證券,2024-12-06,7030
00960,野村全球航運龍頭,25,0,25,致和證券,2024-12-06,7030
00715L,期街口布蘭特正2,23,0,23,致和證券,2024-12-06,7030
1449,佳和,22,1,21,致和證券,2024-12-06,7030
2354,鴻準,65,44,21,致和證券,2024-12-06,7030
00933B,國泰10Y+金融債,20,0,20,致和證券,2024-12-06,7030
3317,尼克森,22,2,20,致和證券,2024-12-06,7030
2884,玉山金,20,3,17,致和證券,2024-12-06,7030
00919,群益台灣精選高息,18,3,15,致和證券,2024-12-06,7030
3019,亞光,12,0,12,致和證券,2024-12-06,7030
6958,日盛台駿,12,0,12,致和證券,2024-12-06,7030
8415,大國鋼,10,0,10,致和證券,2024-12-06,7030
8927,北基,10,0,10,致和證券,2024-12-06,7030
9105,泰金寶-DR,16,6,10,致和證券,2024-12-06,7030
3323,加百裕,10,0,10,致和證券,2024-12-06,7030
3625,西勝,7,0,7,致和證券,2024-12-06,7030
6288,聯嘉,7,0,7,致和證券,2024-12-06,7030
1402,遠東新,6,0,6,致和證券,2024-12-06,7030
2312,金寶,43,37,6,致和證券,2024-12-06,7030
5465,富驊,6,0,6,致和證券,2024-12-06,7030
2062,橋椿,8,3,5,致和證券,2024-12-06,7030
2344,華邦電,10,5,5,致和證券,2024-12-06,7030
5484,慧友,5,0,5,致和證券,2024-12-06,7030
6126,信音,5,0,5,致和證券,2024-12-06,7030
8111,立��,5,0,5,致和證券,2024-12-06,7030
8213,志超,5,0,5,致和證券,2024-12-06,7030
2303,聯電,4,0,4,致和證券,2024-12-06,7030
1319,東陽,4,0,4,致和證券,2024-12-06,7030
2449,京元電子,4,0,4,致和證券,2024-12-06,7030
3605,宏致,4,0,4,致和證券,2024-12-06,7030
4927,泰鼎-KY,4,0,4,致和證券,2024-12-06,7030
6271,同欣電,4,0,4,致和證券,2024-12-06,7030
1219,福壽,3,0,3,致和證券,2024-12-06,7030
2353,宏��,3,0,3,致和證券,2024-12-06,7030
2427,三商電,4,1,3,致和證券,2024-12-06,7030
3059,華晶科,3,0,3,致和證券,2024-12-06,7030
4142,國光生,3,0,3,致和證券,2024-12-06,7030
4915,致伸,3,0,3,致和證券,2024-12-06,7030
6134,萬旭,3,0,3,致和證券,2024-12-06,7030
6670,復盛應用,3,0,3,致和證券,2024-12-06,7030
2330,台積電,2,0,2,致和證券,2024-12-06,7030
1314,中石化,2,0,2,致和證券,2024-12-06,7030
1711,永光,2,0,2,致和證券,2024-12-06,7030
1795,美時,2,0,2,致和證券,2024-12-06,7030
2204,中華,3,1,2,致和證券,2024-12-06,7030
2327,國巨,2,0,2,致和證券,2024-12-06,7030
2405,輔信,11,9,2,致和證券,2024-12-06,7030
2891,中信金,2,0,2,致和證券,2024-12-06,7030
3005,神基,2,0,2,致和證券,2024-12-06,7030
2356,英業達,200,1,199,致和證券,2024-12-09,7030
2344,華邦電,101,0,101,致和證券,2024-12-09,7030
00953B,群益優選非投等債,50,0,50,致和證券,2024-12-09,7030
6015,宏遠證,50,0,50,致和證券,2024-12-09,7030
00947,台新臺灣IC設計,20,0,20,致和證券,2024-12-09,7030
2537,聯上發,20,0,20,致和證券,2024-12-09,7030
5864,致和證,23,4,19,致和證券,2024-12-09,7030
00915,凱基優選高股息30,17,0,17,致和證券,2024-12-09,7030
5871,中租-KY,17,0,17,致和證券,2024-12-09,7030
3706,神達,23,7,16,致和證券,2024-12-09,7030
5309,系統電,19,3,16,致和證券,2024-12-09,7030
0056,元大高股息,16,0,16,致和證券,2024-12-09,7030
00960,野村全球航運龍頭,15,0,15,致和證券,2024-12-09,7030
2449,京元電子,14,2,12,致和證券,2024-12-09,7030
2409,友達,11,0,11,致和證券,2024-12-09,7030
3029,零壹,14,4,10,致和證券,2024-12-09,7030
00952,凱基台灣AI50,10,0,10,致和證券,2024-12-09,7030
1303,南亞,12,2,10,致和證券,2024-12-09,7030
2352,佳世達,10,0,10,致和證券,2024-12-09,7030
3056,富華新,10,0,10,致和證券,2024-12-09,7030
5328,華容,10,0,10,致和證券,2024-12-09,7030
8213,志超,10,0,10,致和證券,2024-12-09,7030
8104,錸寶,10,0,10,致和證券,2024-12-09,7030
1909,榮成,10,1,9,致和證券,2024-12-09,7030
2405,輔信,10,1,9,致和證券,2024-12-09,7030
2646,星宇航空,9,0,9,致和證券,2024-12-09,7030
00715L,期街口布蘭特正2,8,0,8,致和證券,2024-12-09,7030
1708,東鹼,9,1,8,致和證券,2024-12-09,7030
3481,群創,10,2,8,致和證券,2024-12-09,7030
1475,業旺,7,0,7,致和證券,2024-12-09,7030
00940,元大台灣價值高息,10,3,7,致和證券,2024-12-09,7030
2408,南亞科,7,0,7,致和證券,2024-12-09,7030
2611,志信,7,0,7,致和證券,2024-12-09,7030
00713,元大台灣高息低波,6,0,6,致和證券,2024-12-09,7030
2426,鼎元,6,0,6,致和證券,2024-12-09,7030
2472,立隆電,6,0,6,致和證券,2024-12-09,7030
3257,虹冠電,6,0,6,致和證券,2024-12-09,7030
2317,鴻海,10,5,5,致和證券,2024-12-09,7030
5880,合庫金,5,0,5,致和證券,2024-12-09,7030
1310,台苯,5,0,5,致和證券,2024-12-09,7030
2476,鉅祥,10,5,5,致和證券,2024-12-09,7030
3260,威剛,5,0,5,致和證券,2024-12-09,7030
3576,聯合再生,5,0,5,致和證券,2024-12-09,7030
4128,中天,5,0,5,致和證券,2024-12-09,7030
8163,達方,5,0,5,致和證券,2024-12-09,7030
1219,福壽,4,0,4,致和證券,2024-12-09,7030
1608,華榮,4,0,4,致和證券,2024-12-09,7030
2347,聯強,4,0,4,致和證券,2024-12-09,7030
2542,興富發,4,0,4,致和證券,2024-12-09,7030
4919,新唐,4,0,4,致和證券,2024-12-09,7030
2618,長榮航,107,10,97,致和證券,2024-12-10,7030
1303,南亞,61,3,58,致和證券,2024-12-10,7030
00918,大華優利高填息30,55,0,55,致和證券,2024-12-10,7030
2356,英業達,54,4,50,致和證券,2024-12-10,7030
5328,華容,23,3,20,致和證券,2024-12-10,7030
1815,富喬,34,15,19,致和證券,2024-12-10,7030
1449,佳和,22,5,17,致和證券,2024-12-10,7030
2609,陽明,33,17,16,致和證券,2024-12-10,7030
0056,元大高股息,14,0,14,致和證券,2024-12-10,7030
2883,凱基金,14,0,14,致和證券,2024-12-10,7030
00919,群益台灣精選高息,13,0,13,致和證券,2024-12-10,7030
5880,合庫金,15,2,13,致和證券,2024-12-10,7030
2449,京元電子,14,3,11,致和證券,2024-12-10,7030
00922,國泰台灣領袖50,10,0,10,致和證券,2024-12-10,7030
00882,中信中國高股息,10,0,10,致和證券,2024-12-10,7030
2354,鴻準,20,10,10,致和證券,2024-12-10,7030
2547,日勝生,11,1,10,致和證券,2024-12-10,7030
2884,玉山金,10,0,10,致和證券,2024-12-10,7030
8032,光菱,21,11,10,致和證券,2024-12-10,7030
8076,伍豐,10,0,10,致和證券,2024-12-10,7030
8111,立��,10,0,10,致和證券,2024-12-10,7030
2317,鴻海,11,2,9,致和證券,2024-12-10,7030
5347,世界,15,7,8,致和證券,2024-12-10,7030
2362,藍天,8,1,7,致和證券,2024-12-10,7030
4938,和碩,7,0,7,致和證券,2024-12-10,7030
00753L,中信中國50正2,26,20,6,致和證券,2024-12-10,7030
8054,安國,15,10,5,致和證券,2024-12-10,7030
1444,力麗,5,0,5,致和證券,2024-12-10,7030
1402,遠東新,5,0,5,致和證券,2024-12-10,7030
00637L,元大滬深300正2,5,0,5,致和證券,2024-12-10,7030
1802,台玻,5,0,5,致和證券,2024-12-10,7030
2338,光罩,5,0,5,致和證券,2024-12-10,7030
2353,宏��,7,2,5,致和證券,2024-12-10,7030
2440,太空梭,5,0,5,致和證券,2024-12-10,7030
3265,台星科,5,0,5,致和證券,2024-12-10,7030
4114,健喬,5,0,5,致和證券,2024-12-10,7030
8074,鉅橡,5,0,5,致和證券,2024-12-10,7030
2615,萬海,19,14,5,致和證券,2024-12-10,7030
00662,富邦NASDAQ,4,0,4,致和證券,2024-12-10,7030
00960,野村全球航運龍頭,4,0,4,致和證券,2024-12-10,7030
2017,官田鋼,4,0,4,致和證券,2024-12-10,7030
2316,楠梓電,4,0,4,致和證券,2024-12-10,7030
2515,中工,4,0,4,致和證券,2024-12-10,7030
2891,中信金,4,0,4,致和證券,2024-12-10,7030
3481,群創,6,2,4,致和證券,2024-12-10,7030
4967,十銓,5,1,4,致和證券,2024-12-10,7030
6877,鏵友益,4,0,4,致和證券,2024-12-10,7030
8940,新天地,4,0,4,致和證券,2024-12-10,7030
00965,元大航太防衛科技,4,0,4,致和證券,2024-12-10,7030
00915,凱基優選高股息30,3,0,3,致和證券,2024-12-10,7030
00664R,國泰臺灣加權反1,200,0,200,致和證券,2024-12-11,7030
1449,佳和,50,0,50,致和證券,2024-12-11,7030
2323,中環,20,0,20,致和證券,2024-12-11,7030
00907,永豐優息存股,20,0,20,致和證券,2024-12-11,7030
2317,鴻海,26,7,19,致和證券,2024-12-11,7030
00918,大華優利高填息30,19,0,19,致和證券,2024-12-11,7030
00919,群益台灣精選高息,17,0,17,致和證券,2024-12-11,7030
3032,偉訓,22,7,15,致和證券,2024-12-11,7030
5864,致和證,15,0,15,致和證券,2024-12-11,7030
0056,元大高股息,14,0,14,致和證券,2024-12-11,7030
1219,福壽,13,0,13,致和證券,2024-12-11,7030
2201,裕隆,11,0,11,致和證券,2024-12-11,7030
00940,元大台灣價值高息,11,0,11,致和證券,2024-12-11,7030
2002,中鋼,11,0,11,致和證券,2024-12-11,7030
2017,官田鋼,11,0,11,致和證券,2024-12-11,7030
4562,穎漢,11,0,11,致和證券,2024-12-11,7030
6462,神盾,13,2,11,致和證券,2024-12-11,7030
5871,中租-KY,10,0,10,致和證券,2024-12-11,7030
3481,群創,10,0,10,致和證券,2024-12-11,7030
3024,憶聲,10,1,9,致和證券,2024-12-11,7030
3231,緯創,7,0,7,致和證券,2024-12-11,7030
4979,華星光,13,6,7,致和證券,2024-12-11,7030
5425,台半,7,0,7,致和證券,2024-12-11,7030
2892,第一金,6,0,6,致和證券,2024-12-11,7030
2547,日勝生,6,0,6,致和證券,2024-12-11,7030
3022,威強電,6,0,6,致和證券,2024-12-11,7030
8110,華東,6,0,6,致和證券,2024-12-11,7030
00960,野村全球航運龍頭,5,0,5,致和證券,2024-12-11,7030
1773,勝一,5,0,5,致和證券,2024-12-11,7030
1802,台玻,7,2,5,致和證券,2024-12-11,7030
2303,聯電,6,1,5,致和證券,2024-12-11,7030
2332,友訊,11,6,5,致和證券,2024-12-11,7030
2426,鼎元,5,0,5,致和證券,2024-12-11,7030
2495,普安,5,0,5,致和證券,2024-12-11,7030
2605,新興,5,0,5,致和證券,2024-12-11,7030
3515,華擎,5,0,5,致和證券,2024-12-11,7030
4142,國光生,5,0,5,致和證券,2024-12-11,7030
4960,誠美材,5,0,5,致和證券,2024-12-11,7030
6415,矽力*-KY,13,8,5,致和證券,2024-12-11,7030
8028,昇陽半導體,5,0,5,致和證券,2024-12-11,7030
8112,至上,5,0,5,致和證券,2024-12-11,7030
00937B,群益ESG投等債20,8,4,4,致和證券,2024-12-11,7030
2637,慧洋-KY,4,0,4,致和證券,2024-12-11,7030
3078,僑威,5,1,4,致和證券,2024-12-11,7030
3455,由田,4,0,4,致和證券,2024-12-11,7030
6191,精成科,5,1,4,致和證券,2024-12-11,7030
6443,元晶,4,0,4,致和證券,2024-12-11,7030
6589,台康生技,6,2,4,致和證券,2024-12-11,7030
8050,廣積,5,1,4,致和證券,2024-12-11,7030
4931,新盛力,8,4,4,致和證券,2024-12-11,7030
00918,大華優利高填息30,47,0,47,致和證券,2024-12-12,7030
00915,凱基優選高股息30,26,0,26,致和證券,2024-12-12,7030
2618,長榮航,23,2,21,致和證券,2024-12-12,7030
00905,FT臺灣Smart,20,0,20,致和證券,2024-12-12,7030
6118,建達,30,11,19,致和證券,2024-12-12,7030
2615,萬海,16,0,16,致和證券,2024-12-12,7030
1301,台塑,14,0,14,致和證券,2024-12-12,7030
2609,陽明,18,5,13,致和證券,2024-12-12,7030
2312,金寶,47,34,13,致和證券,2024-12-12,7030
2449,京元電子,12,0,12,致和證券,2024-12-12,7030
6661,威健生技,12,0,12,致和證券,2024-12-12,7030
1303,南亞,11,0,11,致和證券,2024-12-12,7030
2317,鴻海,13,2,11,致和證券,2024-12-12,7030
1217,愛之味,10,0,10,致和證券,2024-12-12,7030
00685L,群益臺灣加權正2,10,0,10,致和證券,2024-12-12,7030
4157,太景*-KY,10,0,10,致和證券,2024-12-12,7030
4513,福裕,10,0,10,致和證券,2024-12-12,7030
5309,系統電,10,0,10,致和證券,2024-12-12,7030
1522,堤維西,16,7,9,致和證券,2024-12-12,7030
2337,旺宏,10,1,9,致和證券,2024-12-12,7030
5328,華容,10,1,9,致和證券,2024-12-12,7030
1540,喬福,11,3,8,致和證券,2024-12-12,7030
2477,美隆電,8,0,8,致和證券,2024-12-12,7030
8249,菱光,8,0,8,致和證券,2024-12-12,7030
2303,聯電,8,1,7,致和證券,2024-12-12,7030
2314,台揚,7,1,6,致和證券,2024-12-12,7030
2520,冠德,6,0,6,致和證券,2024-12-12,7030
6187,萬潤,6,0,6,致和證券,2024-12-12,7030
2367,燿華,5,0,5,致和證券,2024-12-12,7030
00673R,期元大S＆P原油反1,5,0,5,致和證券,2024-12-12,7030
00960,野村全球航運龍頭,5,0,5,致和證券,2024-12-12,7030
2017,官田鋼,5,0,5,致和證券,2024-12-12,7030
2637,慧洋-KY,5,0,5,致和證券,2024-12-12,7030
3013,晟銘電,8,3,5,致和證券,2024-12-12,7030
3058,立德,5,0,5,致和證券,2024-12-12,7030
3092,鴻碩,5,0,5,致和證券,2024-12-12,7030
3265,台星科,10,5,5,致和證券,2024-12-12,7030
1402,遠東新,4,0,4,致和證券,2024-12-12,7030
1325,恆大,4,0,4,致和證券,2024-12-12,7030
1584,精剛,4,0,4,致和證券,2024-12-12,7030
2399,映泰,5,1,4,致和證券,2024-12-12,7030
2429,銘旺科,4,0,4,致和證券,2024-12-12,7030
4142,國光生,4,0,4,致和證券,2024-12-12,7030
6615,慧智,4,0,4,致和證券,2024-12-12,7030
8011,台通,4,0,4,致和證券,2024-12-12,7030
8066,來思達,4,0,4,致和證券,2024-12-12,7030
8163,達方,4,0,4,致和證券,2024-12-12,7030
00968B,元大優息投等債,3,0,3,致和證券,2024-12-12,7030
00679B,元大美債20年,3,0,3,致和證券,2024-12-12,7030
1815,富喬,43,40,3,致和證券,2024-12-12,7030
1605,華新,34,0,34,致和證券,2024-12-13,7030
5864,致和證,30,0,30,致和證券,2024-12-13,7030
6108,競國,28,0,28,致和證券,2024-12-13,7030
00679B,元大美債20年,26,0,26,致和證券,2024-12-13,7030
1711,永光,21,0,21,致和證券,2024-12-13,7030
5263,智崴,20,0,20,致和證券,2024-12-13,7030
2027,大成鋼,21,2,19,致和證券,2024-12-13,7030
3706,神達,34,16,18,致和證券,2024-12-13,7030
00915,凱基優選高股息30,17,0,17,致和證券,2024-12-13,7030
0056,元大高股息,13,0,13,致和證券,2024-12-13,7030
00918,大華優利高填息30,13,0,13,致和證券,2024-12-13,7030
1475,業旺,11,0,11,致和證券,2024-12-13,7030
2002,中鋼,11,0,11,致和證券,2024-12-13,7030
2884,玉山金,11,0,11,致和證券,2024-12-13,7030
5328,華容,12,1,11,致和證券,2024-12-13,7030
00919,群益台灣精選高息,10,0,10,致和證券,2024-12-13,7030
1402,遠東新,10,0,10,致和證券,2024-12-13,7030
1611,中電,10,0,10,致和證券,2024-12-13,7030
00753L,中信中國50正2,10,0,10,致和證券,2024-12-13,7030
1301,台塑,10,0,10,致和證券,2024-12-13,7030
2634,漢翔,10,0,10,致和證券,2024-12-13,7030
2834,臺企銀,10,0,10,致和證券,2024-12-13,7030
3265,台星科,15,5,10,致和證券,2024-12-13,7030
6177,達麗,10,0,10,致和證券,2024-12-13,7030
2317,鴻海,15,5,10,致和證券,2024-12-13,7030
1326,台化,12,4,8,致和證券,2024-12-13,7030
2603,長榮,8,0,8,致和證券,2024-12-13,7030
3481,群創,8,0,8,致和證券,2024-12-13,7030
2324,仁寶,7,0,7,致和證券,2024-12-13,7030
2354,鴻準,13,6,7,致和證券,2024-12-13,7030
3231,緯創,10,3,7,致和證券,2024-12-13,7030
3591,艾笛森,6,0,6,致和證券,2024-12-13,7030
4526,東台,6,0,6,致和證券,2024-12-13,7030
8104,錸寶,6,0,6,致和證券,2024-12-13,7030
1303,南亞,5,0,5,致和證券,2024-12-13,7030
1314,中石化,6,1,5,致和證券,2024-12-13,7030
2887,台新金,5,0,5,致和證券,2024-12-13,7030
3032,偉訓,5,0,5,致和證券,2024-12-13,7030
4142,國光生,5,0,5,致和證券,2024-12-13,7030
5009,榮剛,5,0,5,致和證券,2024-12-13,7030
2353,宏��,5,0,5,致和證券,2024-12-13,7030
2597,潤弘,4,0,4,致和證券,2024-12-13,7030
2880,華南金,4,0,4,致和證券,2024-12-13,7030
3078,僑威,4,0,4,致和證券,2024-12-13,7030
3211,順達,7,3,4,致和證券,2024-12-13,7030
6516,勤崴國際,4,0,4,致和證券,2024-12-13,7030
6615,慧智,4,0,4,致和證券,2024-12-13,7030
6643,M31,4,0,4,致和證券,2024-12-13,7030
4540,全球傳動,5,2,3,致和證券,2024-12-13,7030
6488,環球晶,3,0,3,致和證券,2024-12-13,7030
2025,千興,739,0,739,致和證券,2024-12-16,7030
00664R,國泰臺灣加權反1,250,0,250,致和證券,2024-12-16,7030
00918,大華優利高填息30,60,0,60,致和證券,2024-12-16,7030
0056,元大高股息,34,0,34,致和證券,2024-12-16,7030
2609,陽明,54,29,25,致和證券,2024-12-16,7030
2317,鴻海,21,1,20,致和證券,2024-12-16,7030
4157,太景*-KY,20,0,20,致和證券,2024-12-16,7030
3037,欣興,18,0,18,致和證券,2024-12-16,7030
00948B,中信優息投資級債,18,0,18,致和證券,2024-12-16,7030
6108,競國,18,0,18,致和證券,2024-12-16,7030
2449,京元電子,19,4,15,致和證券,2024-12-16,7030
00915,凱基優選高股息30,15,0,15,致和證券,2024-12-16,7030
00919,群益台灣精選高息,15,0,15,致和證券,2024-12-16,7030
6885,全福生技,15,0,15,致和證券,2024-12-16,7030
2354,鴻準,18,3,15,致和證券,2024-12-16,7030
2027,大成鋼,14,2,12,致和證券,2024-12-16,7030
5009,榮剛,11,0,11,致和證券,2024-12-16,7030
00930,永豐ESG低碳高息,10,0,10,致和證券,2024-12-16,7030
1460,宏遠,10,0,10,致和證券,2024-12-16,7030
2440,太空梭,10,0,10,致和證券,2024-12-16,7030
5871,中租-KY,10,0,10,致和證券,2024-12-16,7030
2915,潤泰全,8,0,8,致和證券,2024-12-16,7030
6516,勤崴國際,8,0,8,致和證券,2024-12-16,7030
6661,威健生技,8,0,8,致和證券,2024-12-16,7030
2323,中環,10,4,6,致和證券,2024-12-16,7030
00679B,元大美債20年,6,0,6,致和證券,2024-12-16,7030
00713,元大台灣高息低波,6,0,6,致和證券,2024-12-16,7030
2313,華通,8,2,6,致和證券,2024-12-16,7030
2324,仁寶,6,0,6,致和證券,2024-12-16,7030
2887,台新金,6,0,6,致和證券,2024-12-16,7030
3022,威強電,6,0,6,致和證券,2024-12-16,7030
3231,緯創,13,7,6,致和證券,2024-12-16,7030
5880,合庫金,6,0,6,致和證券,2024-12-16,7030
8066,來思達,6,0,6,致和證券,2024-12-16,7030
1475,業旺,5,0,5,致和證券,2024-12-16,7030
2362,藍天,5,0,5,致和證券,2024-12-16,7030
2371,大同,5,0,5,致和證券,2024-12-16,7030
3094,聯傑,5,0,5,致和證券,2024-12-16,7030
3694,海華,6,1,5,致和證券,2024-12-16,7030
6470,宇智,5,0,5,致和證券,2024-12-16,7030
8024,佑華,5,0,5,致和證券,2024-12-16,7030
8110,華東,5,0,5,致和證券,2024-12-16,7030
1609,大亞,4,0,4,致和證券,2024-12-16,7030
00687B,國泰20年美債,4,0,4,致和證券,2024-12-16,7030
2353,宏��,10,6,4,致和證券,2024-12-16,7030
3308,聯德,4,0,4,致和證券,2024-12-16,7030
3481,群創,7,3,4,致和證券,2024-12-16,7030
3716,中化控股,4,0,4,致和證券,2024-12-16,7030
8488,吉源-KY,4,0,4,致和證券,2024-12-16,7030
1304,台聚,3,0,3,致和證券,2024-12-16,7030
2025,千興,100,0,100,致和證券,2024-12-17,7030
2382,廣達,49,0,49,致和證券,2024-12-17,7030
6661,威健生技,34,0,34,致和證券,2024-12-17,7030
6244,茂迪,71,38,33,致和證券,2024-12-17,7030
8066,來思達,30,0,30,致和證券,2024-12-17,7030
2547,日勝生,29,5,24,致和證券,2024-12-17,7030
2464,盟立,22,1,21,致和證券,2024-12-17,7030
00885,富邦越南,20,0,20,致和證券,2024-12-17,7030
2845,遠東銀,20,0,20,致和證券,2024-12-17,7030
3231,緯創,17,0,17,致和證券,2024-12-17,7030
0056,元大高股息,16,0,16,致和證券,2024-12-17,7030
2314,台揚,27,13,14,致和證券,2024-12-17,7030
2303,聯電,51,38,13,致和證券,2024-12-17,7030
2344,華邦電,15,3,12,致和證券,2024-12-17,7030
5009,榮剛,12,0,12,致和證券,2024-12-17,7030
00918,大華優利高填息30,11,0,11,致和證券,2024-12-17,7030
00937B,群益ESG投等債20,21,10,11,致和證券,2024-12-17,7030
6962,ITH-KY,11,0,11,致和證券,2024-12-17,7030
00933B,國泰10Y+金融債,10,0,10,致和證券,2024-12-17,7030
1597,直得,15,5,10,致和證券,2024-12-17,7030
1326,台化,14,4,10,致和證券,2024-12-17,7030
00679B,元大美債20年,10,0,10,致和證券,2024-12-17,7030
00706L,期元大S＆P日圓正2,10,0,10,致和證券,2024-12-17,7030
00685L,群益臺灣加權正2,10,0,10,致和證券,2024-12-17,7030
2258,鴻華先進-創,10,0,10,致和證券,2024-12-17,7030
2408,南亞科,10,0,10,致和證券,2024-12-17,7030
2618,長榮航,15,5,10,致和證券,2024-12-17,7030
6770,力積電,13,3,10,致和證券,2024-12-17,7030
8249,菱光,10,0,10,致和證券,2024-12-17,7030
2374,佳能,15,6,9,致和證券,2024-12-17,7030
2834,臺企銀,9,0,9,致和證券,2024-12-17,7030
4510,高鋒,10,1,9,致和證券,2024-12-17,7030
00713,元大台灣高息低波,8,0,8,致和證券,2024-12-17,7030
00680L,元大美債20正2,8,0,8,致和證券,2024-12-17,7030
2880,華南金,8,0,8,致和證券,2024-12-17,7030
3713,新晶投控,8,0,8,致和證券,2024-12-17,7030
6215,和椿,9,2,7,致和證券,2024-12-17,7030
2324,仁寶,6,0,6,致和證券,2024-12-17,7030
3252,海灣,6,0,6,致和證券,2024-12-17,7030
2892,第一金,5,0,5,致和證券,2024-12-17,7030
1460,宏遠,5,0,5,致和證券,2024-12-17,7030
006208,富邦台50,5,0,5,致和證券,2024-12-17,7030
00948B,中信優息投資級債,5,0,5,致和證券,2024-12-17,7030
2855,統一證,5,0,5,致和證券,2024-12-17,7030
3455,由田,6,1,5,致和證券,2024-12-17,7030
3481,群創,5,0,5,致和證券,2024-12-17,7030
3706,神達,12,7,5,致和證券,2024-12-17,7030
6712,長聖,5,0,5,致和證券,2024-12-17,7030
8111,立��,9,4,5,致和證券,2024-12-17,7030
1210,大成,5,0,5,致和證券,2024-12-17,7030
2025,千興,100,0,100,致和證券,2024-12-18,7030
1326,台化,97,4,93,致和證券,2024-12-18,7030
1303,南亞,72,1,71,致和證券,2024-12-18,7030
2884,玉山金,42,0,42,致和證券,2024-12-18,7030
00712,復華富時不動產,35,0,35,致和證券,2024-12-18,7030
3605,宏致,29,0,29,致和證券,2024-12-18,7030
1597,直得,42,16,26,致和證券,2024-12-18,7030
00922,國泰台灣領袖50,25,0,25,致和證券,2024-12-18,7030
00937B,群益ESG投等債20,20,0,20,致和證券,2024-12-18,7030
00918,大華優利高填息30,17,0,17,致和證券,2024-12-18,7030
3499,環天科,15,0,15,致和證券,2024-12-18,7030
1314,中石化,11,0,11,致和證券,2024-12-18,7030
00947,台新臺灣IC設計,10,0,10,致和證券,2024-12-18,7030
2349,錸德,11,1,10,致和證券,2024-12-18,7030
5521,工信,10,0,10,致和證券,2024-12-18,7030
2354,鴻準,12,3,9,致和證券,2024-12-18,7030
5484,慧友,8,0,8,致和證券,2024-12-18,7030
1605,華新,7,0,7,致和證券,2024-12-18,7030
3673,TPK-KY,6,0,6,致和證券,2024-12-18,7030
3713,新晶投控,6,0,6,致和證券,2024-12-18,7030
00933B,國泰10Y+金融債,5,0,5,致和證券,2024-12-18,7030
00968B,元大優息投等債,5,0,5,致和證券,2024-12-18,7030
2515,中工,5,0,5,致和證券,2024-12-18,7030
3037,欣興,5,0,5,致和證券,2024-12-18,7030
3041,揚智,7,2,5,致和證券,2024-12-18,7030
3515,華擎,5,0,5,致和證券,2024-12-18,7030
3705,永信,5,0,5,致和證券,2024-12-18,7030
8111,立��,5,0,5,致和證券,2024-12-18,7030
9933,中鼎,5,0,5,致和證券,2024-12-18,7030
00679B,元大美債20年,4,0,4,致和證券,2024-12-18,7030
4562,穎漢,4,0,4,致和證券,2024-12-18,7030
6271,同欣電,4,0,4,致和證券,2024-12-18,7030
8081,致新,4,0,4,致和證券,2024-12-18,7030
8374,羅昇,6,2,4,致和證券,2024-12-18,7030
4563,百德,14,10,4,致和證券,2024-12-18,7030
3231,緯創,4,1,3,致和證券,2024-12-18,7030
4979,華星光,10,7,3,致和證券,2024-12-18,7030
2062,橋椿,5,2,3,致和證券,2024-12-18,7030
2332,友訊,3,0,3,致和證券,2024-12-18,7030
2609,陽明,5,2,3,致和證券,2024-12-18,7030
2618,長榮航,6,3,3,致和證券,2024-12-18,7030
2801,彰銀,3,0,3,致和證券,2024-12-18,7030
2836,高雄銀,3,0,3,致和證券,2024-12-18,7030
2880,華南金,4,1,3,致和證券,2024-12-18,7030
3322,建舜電,3,0,3,致和證券,2024-12-18,7030
4927,泰鼎-KY,3,0,3,致和證券,2024-12-18,7030
5009,榮剛,3,0,3,致和證券,2024-12-18,7030
8110,華東,3,0,3,致和證券,2024-12-18,7030
0056,元大高股息,2,0,2,致和證券,2024-12-18,7030
1312,國喬,2,0,2,致和證券,2024-12-18,7030
2025,千興,150,0,150,致和證券,2024-12-19,7030
00948B,中信優息投資級債,60,0,60,致和證券,2024-12-19,7030
6188,廣明,50,3,47,致和證券,2024-12-19,7030
00712,復華富時不動產,29,0,29,致和證券,2024-12-19,7030
00918,大華優利高填息30,26,0,26,致和證券,2024-12-19,7030
5864,致和證,39,13,26,致和證券,2024-12-19,7030
1605,華新,25,1,24,致和證券,2024-12-19,7030
2354,鴻準,29,5,24,致和證券,2024-12-19,7030
6885,全福生技,20,0,20,致和證券,2024-12-19,7030
00878,國泰永續高股息,18,0,18,致和證券,2024-12-19,7030
2836,高雄銀,18,0,18,致和證券,2024-12-19,7030
2609,陽明,16,0,16,致和證券,2024-12-19,7030
0056,元大高股息,13,0,13,致和證券,2024-12-19,7030
00937B,群益ESG投等債20,13,0,13,致和證券,2024-12-19,7030
1301,台塑,12,0,12,致和證券,2024-12-19,7030
2801,彰銀,12,0,12,致和證券,2024-12-19,7030
2845,遠東銀,12,0,12,致和證券,2024-12-19,7030
2834,臺企銀,11,0,11,致和證券,2024-12-19,7030
2303,聯電,13,2,11,致和證券,2024-12-19,7030
4979,華星光,11,1,10,致和證券,2024-12-19,7030
2324,仁寶,10,0,10,致和證券,2024-12-19,7030
2615,萬海,10,0,10,致和證券,2024-12-19,7030
3062,建漢,10,0,10,致和證券,2024-12-19,7030
3499,環天科,10,0,10,致和證券,2024-12-19,7030
2317,鴻海,17,7,10,致和證券,2024-12-19,7030
3481,群創,11,2,9,致和證券,2024-12-19,7030
9950,萬國通,10,1,9,致和證券,2024-12-19,7030
9934,成霖,8,0,8,致和證券,2024-12-19,7030
1528,恩德,7,0,7,致和證券,2024-12-19,7030
00679B,元大美債20年,7,0,7,致和證券,2024-12-19,7030
2880,華南金,7,0,7,致和證券,2024-12-19,7030
3252,海灣,7,0,7,致和證券,2024-12-19,7030
6116,彩晶,22,15,7,致和證券,2024-12-19,7030
6120,達運,7,0,7,致和證券,2024-12-19,7030
8249,菱光,7,0,7,致和證券,2024-12-19,7030
4571,鈞興-KY,6,0,6,致和證券,2024-12-19,7030
2887,台新金,5,0,5,致和證券,2024-12-19,7030
00915,凱基優選高股息30,5,0,5,致和證券,2024-12-19,7030
1210,大成,5,0,5,致和證券,2024-12-19,7030
1504,東元,5,0,5,致和證券,2024-12-19,7030
1326,台化,6,1,5,致和證券,2024-12-19,7030
1303,南亞,5,0,5,致和證券,2024-12-19,7030
2356,英業達,5,0,5,致和證券,2024-12-19,7030
2369,菱生,5,0,5,致和證券,2024-12-19,7030
2736,富野,11,6,5,致和證券,2024-12-19,7030
3260,威剛,5,0,5,致和證券,2024-12-19,7030
3605,宏致,7,2,5,致和證券,2024-12-19,7030
4967,十銓,12,7,5,致和證券,2024-12-19,7030
6215,和椿,21,16,5,致和證券,2024-12-19,7030
6278,台表科,5,0,5,致和證券,2024-12-19,7030
