Ticker,Name,buy,sell,diff,Branch,Date,Branch_Code
2609,陽明,80,18,62,國票-北投,2023-01-03,7792
6116,彩晶,53,0,53,國票-北投,2023-01-03,7792
2867,三商壽,49,6,43,國票-北投,2023-01-03,7792
2409,友達,40,1,39,國票-北投,2023-01-03,7792
3481,群創,47,10,37,國票-北投,2023-01-03,7792
3380,明泰,27,0,27,國票-北投,2023-01-03,7792
1605,華新,72,49,23,國票-北投,2023-01-03,7792
2399,映泰,23,1,22,國票-北投,2023-01-03,7792
2353,宏��,20,1,19,國票-北投,2023-01-03,7792
00878,國泰永續高股息,14,0,14,國票-北投,2023-01-03,7792
1609,大亞,16,3,13,國票-北投,2023-01-03,7792
2317,鴻海,10,1,9,國票-北投,2023-01-03,7792
1701,中化,11,2,9,國票-北投,2023-01-03,7792
2929,淘帝-KY,9,0,9,國票-北投,2023-01-03,7792
2618,長榮航,10,3,7,國票-北投,2023-01-03,7792
3231,緯創,9,2,7,國票-北投,2023-01-03,7792
2882,國泰金,6,0,6,國票-北投,2023-01-03,7792
00673R,期元大S＆P原油反1,5,0,5,國票-北投,2023-01-03,7792
1305,華夏,5,0,5,國票-北投,2023-01-03,7792
1810,和成,8,3,5,國票-北投,2023-01-03,7792
4162,智擎,6,1,5,國票-北投,2023-01-03,7792
8916,光隆,5,0,5,國票-北投,2023-01-03,7792
2023,燁輝,4,0,4,國票-北投,2023-01-03,7792
2303,聯電,7,3,4,國票-北投,2023-01-03,7792
2615,萬海,8,4,4,國票-北投,2023-01-03,7792
2887,台新金,4,0,4,國票-北投,2023-01-03,7792
2892,第一金,4,0,4,國票-北投,2023-01-03,7792
6111,大宇資,10,6,4,國票-北投,2023-01-03,7792
6118,建達,27,23,4,國票-北投,2023-01-03,7792
0050,元大台灣50,3,0,3,國票-北投,2023-01-03,7792
00679B,元大美債20年,3,0,3,國票-北投,2023-01-03,7792
1560,中砂,3,0,3,國票-北投,2023-01-03,7792
2603,長榮,3,0,3,國票-北投,2023-01-03,7792
3037,欣興,3,0,3,國票-北投,2023-01-03,7792
4114,健喬,13,10,3,國票-北投,2023-01-03,7792
4987,科誠,3,0,3,國票-北投,2023-01-03,7792
6180,橘子,3,0,3,國票-北投,2023-01-03,7792
8454,富邦媒,3,0,3,國票-北投,2023-01-03,7792
2330,台積電,4,1,3,國票-北投,2023-01-03,7792
1529,樂事綠能,3,1,2,國票-北投,2023-01-03,7792
00712,復華富時不動產,2,0,2,國票-北投,2023-01-03,7792
1477,聚陽,2,0,2,國票-北投,2023-01-03,7792
2030,彰源,2,0,2,國票-北投,2023-01-03,7792
2455,全新,2,0,2,國票-北投,2023-01-03,7792
2616,山隆,2,0,2,國票-北投,2023-01-03,7792
3083,網龍,3,1,2,國票-北投,2023-01-03,7792
3577,泓格,2,0,2,國票-北投,2023-01-03,7792
3669,圓展,2,0,2,國票-北投,2023-01-03,7792
4148,全宇生技-KY,3,1,2,國票-北投,2023-01-03,7792
4736,泰博,2,0,2,國票-北投,2023-01-03,7792
3380,明泰,45,28,17,國票-北投,2023-01-04,7792
2498,宏達電,21,9,12,國票-北投,2023-01-04,7792
2406,國碩,12,1,11,國票-北投,2023-01-04,7792
6244,茂迪,13,2,11,國票-北投,2023-01-04,7792
8933,愛地雅,10,0,10,國票-北投,2023-01-04,7792
6118,建達,34,26,8,國票-北投,2023-01-04,7792
00715L,期街口布蘭特正2,7,0,7,國票-北投,2023-01-04,7792
2317,鴻海,5,0,5,國票-北投,2023-01-04,7792
1609,大亞,13,8,5,國票-北投,2023-01-04,7792
00885,富邦越南,5,0,5,國票-北投,2023-01-04,7792
2609,陽明,7,2,5,國票-北投,2023-01-04,7792
3030,德律,5,0,5,國票-北投,2023-01-04,7792
3587,閎康,5,0,5,國票-北投,2023-01-04,7792
1519,華城,17,13,4,國票-北投,2023-01-04,7792
4167,松瑞藥,5,1,4,國票-北投,2023-01-04,7792
6111,大宇資,5,1,4,國票-北投,2023-01-04,7792
6517,保勝光學,4,0,4,國票-北投,2023-01-04,7792
8046,南電,5,1,4,國票-北投,2023-01-04,7792
0056,元大高股息,5,1,4,國票-北投,2023-01-04,7792
0050,元大台灣50,3,0,3,國票-北投,2023-01-04,7792
00752,中信中國50,3,0,3,國票-北投,2023-01-04,7792
00720B,元大投資級公司債,3,0,3,國票-北投,2023-01-04,7792
1584,精剛,3,0,3,國票-北投,2023-01-04,7792
2603,長榮,3,0,3,國票-北投,2023-01-04,7792
3693,營邦,3,0,3,國票-北投,2023-01-04,7792
4153,鈺緯,3,0,3,國票-北投,2023-01-04,7792
5014,建錩,3,0,3,國票-北投,2023-01-04,7792
6129,普誠,3,0,3,國票-北投,2023-01-04,7792
6589,台康生技,5,2,3,國票-北投,2023-01-04,7792
6741,91APP*-KY,4,1,3,國票-北投,2023-01-04,7792
2884,玉山金,4,2,2,國票-北投,2023-01-04,7792
2009,第一銅,2,0,2,國票-北投,2023-01-04,7792
1308,亞聚,2,0,2,國票-北投,2023-01-04,7792
1304,台聚,2,0,2,國票-北投,2023-01-04,7792
00688L,國泰20年美債正2,2,0,2,國票-北投,2023-01-04,7792
00893,國泰智能電動車,2,0,2,國票-北投,2023-01-04,7792
00637L,元大滬深300正2,2,0,2,國票-北投,2023-01-04,7792
2330,台積電,2,0,2,國票-北投,2023-01-04,7792
2615,萬海,2,0,2,國票-北投,2023-01-04,7792
2616,山隆,2,0,2,國票-北投,2023-01-04,7792
2851,中再保,2,0,2,國票-北投,2023-01-04,7792
3228,金麗科,2,0,2,國票-北投,2023-01-04,7792
3504,揚明光,2,0,2,國票-北投,2023-01-04,7792
3545,敦泰,6,4,2,國票-北投,2023-01-04,7792
8171,天宇,3,1,2,國票-北投,2023-01-04,7792
9105,泰金寶-DR,2,0,2,國票-北投,2023-01-04,7792
00850,元大臺灣ESG永續,1,0,1,國票-北投,2023-01-04,7792
00902,中信電池及儲能,1,0,1,國票-北投,2023-01-04,7792
1101,台泥,1,0,1,國票-北投,2023-01-04,7792
1702,南僑,1,0,1,國票-北投,2023-01-04,7792
1722,台肥,100,0,100,國票-北投,2023-01-05,7792
00728,第一金工業30,20,0,20,國票-北投,2023-01-05,7792
2610,華航,23,3,20,國票-北投,2023-01-05,7792
6244,茂迪,20,3,17,國票-北投,2023-01-05,7792
6282,康舒,20,3,17,國票-北投,2023-01-05,7792
1529,樂事綠能,19,6,13,國票-北投,2023-01-05,7792
2495,普安,13,0,13,國票-北投,2023-01-05,7792
2614,東森,16,3,13,國票-北投,2023-01-05,7792
4114,健喬,15,2,13,國票-北投,2023-01-05,7792
1605,華新,25,14,11,國票-北投,2023-01-05,7792
00715L,期街口布蘭特正2,26,15,11,國票-北投,2023-01-05,7792
3041,揚智,10,0,10,國票-北投,2023-01-05,7792
3006,晶豪科,11,2,9,國票-北投,2023-01-05,7792
2409,友達,8,0,8,國票-北投,2023-01-05,7792
4961,天鈺,11,3,8,國票-北投,2023-01-05,7792
6443,元晶,8,0,8,國票-北投,2023-01-05,7792
2419,仲琦,7,0,7,國票-北投,2023-01-05,7792
2618,長榮航,9,2,7,國票-北投,2023-01-05,7792
3228,金麗科,7,0,7,國票-北投,2023-01-05,7792
1513,中興電,6,0,6,國票-北投,2023-01-05,7792
5009,榮剛,6,0,6,國票-北投,2023-01-05,7792
00772B,中信高評級公司債,5,0,5,國票-北投,2023-01-05,7792
00720B,元大投資級公司債,5,0,5,國票-北投,2023-01-05,7792
2236,百達-KY,5,0,5,國票-北投,2023-01-05,7792
3630,新鉅科,5,0,5,國票-北投,2023-01-05,7792
4707,磐亞,5,0,5,國票-北投,2023-01-05,7792
5299,杰力,5,0,5,國票-北投,2023-01-05,7792
6245,立端,5,0,5,國票-北投,2023-01-05,7792
8996,高力,10,5,5,國票-北投,2023-01-05,7792
2368,金像電,4,0,4,國票-北投,2023-01-05,7792
2609,陽明,6,2,4,國票-北投,2023-01-05,7792
1522,堤維西,3,0,3,國票-北投,2023-01-05,7792
00642U,期元大S＆P石油,3,0,3,國票-北投,2023-01-05,7792
00752,中信中國50,3,0,3,國票-北投,2023-01-05,7792
1701,中化,5,2,3,國票-北投,2023-01-05,7792
2030,彰源,3,0,3,國票-北投,2023-01-05,7792
2353,宏��,3,0,3,國票-北投,2023-01-05,7792
2637,慧洋-KY,3,0,3,國票-北投,2023-01-05,7792
3017,奇鋐,3,0,3,國票-北投,2023-01-05,7792
3546,宇峻,3,0,3,國票-北投,2023-01-05,7792
3687,歐買尬,3,0,3,國票-北投,2023-01-05,7792
4153,鈺緯,4,1,3,國票-北投,2023-01-05,7792
4162,智擎,5,2,3,國票-北投,2023-01-05,7792
6477,安集,3,0,3,國票-北投,2023-01-05,7792
9958,世紀鋼,3,0,3,國票-北投,2023-01-05,7792
2023,燁輝,2,0,2,國票-北投,2023-01-05,7792
1718,中纖,4,2,2,國票-北投,2023-01-05,7792
1736,喬山,2,0,2,國票-北投,2023-01-05,7792
2317,鴻海,5,3,2,國票-北投,2023-01-05,7792
2338,光罩,2,0,2,國票-北投,2023-01-05,7792
2409,友達,79,4,75,國票-北投,2023-01-06,7792
006205,富邦上証,50,0,50,國票-北投,2023-01-06,7792
6116,彩晶,53,6,47,國票-北投,2023-01-06,7792
00632R,元大台灣50反1,46,0,46,國票-北投,2023-01-06,7792
6282,康舒,32,0,32,國票-北投,2023-01-06,7792
1519,華城,105,82,23,國票-北投,2023-01-06,7792
00720B,元大投資級公司債,18,0,18,國票-北投,2023-01-06,7792
3704,合勤控,14,3,11,國票-北投,2023-01-06,7792
1618,合機,10,0,10,國票-北投,2023-01-06,7792
3265,台星科,10,0,10,國票-北投,2023-01-06,7792
5475,德宏,10,0,10,國票-北投,2023-01-06,7792
5905,南仁湖,10,0,10,國票-北投,2023-01-06,7792
1701,中化,10,2,8,國票-北投,2023-01-06,7792
00878,國泰永續高股息,7,0,7,國票-北投,2023-01-06,7792
1467,南緯,5,0,5,國票-北投,2023-01-06,7792
00664R,國泰臺灣加權反1,5,0,5,國票-北投,2023-01-06,7792
2206,三陽工業,5,0,5,國票-北投,2023-01-06,7792
2303,聯電,12,7,5,國票-北投,2023-01-06,7792
2371,大同,5,0,5,國票-北投,2023-01-06,7792
2634,漢翔,6,1,5,國票-北投,2023-01-06,7792
2884,玉山金,5,0,5,國票-北投,2023-01-06,7792
4916,事欣科,5,0,5,國票-北投,2023-01-06,7792
9921,巨大,5,0,5,國票-北投,2023-01-06,7792
2636,台驊控股,4,0,4,國票-北投,2023-01-06,7792
6274,台燿,8,4,4,國票-北投,2023-01-06,7792
6176,瑞儀,3,0,3,國票-北投,2023-01-06,7792
6806,森崴能源,3,0,3,國票-北投,2023-01-06,7792
2007,燁興,3,0,3,國票-北投,2023-01-06,7792
00670L,富邦NASDAQ正2,3,0,3,國票-北投,2023-01-06,7792
2317,鴻海,3,0,3,國票-北投,2023-01-06,7792
2609,陽明,5,2,3,國票-北投,2023-01-06,7792
3037,欣興,6,3,3,國票-北投,2023-01-06,7792
4105,東洋,3,0,3,國票-北投,2023-01-06,7792
4129,聯合,3,0,3,國票-北投,2023-01-06,7792
6118,建達,9,6,3,國票-北投,2023-01-06,7792
6153,嘉聯益,3,0,3,國票-北投,2023-01-06,7792
6235,華孚,4,1,3,國票-北投,2023-01-06,7792
6279,胡連,3,0,3,國票-北投,2023-01-06,7792
6741,91APP*-KY,3,0,3,國票-北投,2023-01-06,7792
2308,台達電,2,0,2,國票-北投,2023-01-06,7792
00679B,元大美債20年,2,0,2,國票-北投,2023-01-06,7792
1795,美時,3,1,2,國票-北投,2023-01-06,7792
2497,怡利電,2,0,2,國票-北投,2023-01-06,7792
2606,裕民,2,0,2,國票-北投,2023-01-06,7792
3443,創意,8,6,2,國票-北投,2023-01-06,7792
3515,華擎,2,0,2,國票-北投,2023-01-06,7792
3588,通嘉,2,0,2,國票-北投,2023-01-06,7792
4130,健亞,2,0,2,國票-北投,2023-01-06,7792
6217,中探針,2,0,2,國票-北投,2023-01-06,7792
6781,AES-KY,3,1,2,國票-北投,2023-01-06,7792
2498,宏達電,123,16,107,國票-北投,2023-01-09,7792
2312,金寶,100,0,100,國票-北投,2023-01-09,7792
00878,國泰永續高股息,41,4,37,國票-北投,2023-01-09,7792
2603,長榮,37,1,36,國票-北投,2023-01-09,7792
2409,友達,38,2,36,國票-北投,2023-01-09,7792
0056,元大高股息,41,6,35,國票-北投,2023-01-09,7792
00713,元大台灣高息低波,30,0,30,國票-北投,2023-01-09,7792
00637L,元大滬深300正2,22,3,19,國票-北投,2023-01-09,7792
3236,千如,16,0,16,國票-北投,2023-01-09,7792
00664R,國泰臺灣加權反1,15,0,15,國票-北投,2023-01-09,7792
5351,鈺創,23,11,12,國票-北投,2023-01-09,7792
5388,中磊,13,1,12,國票-北投,2023-01-09,7792
2345,智邦,11,0,11,國票-北投,2023-01-09,7792
5425,台半,13,3,10,國票-北投,2023-01-09,7792
6578,達邦蛋白,10,0,10,國票-北投,2023-01-09,7792
00632R,元大台灣50反1,19,10,9,國票-北投,2023-01-09,7792
8476,台境*,7,0,7,國票-北投,2023-01-09,7792
6118,建達,13,6,7,國票-北投,2023-01-09,7792
6195,詩肯,7,0,7,國票-北投,2023-01-09,7792
2368,金像電,7,1,6,國票-北投,2023-01-09,7792
3046,建��,6,0,6,國票-北投,2023-01-09,7792
6153,嘉聯益,9,3,6,國票-北投,2023-01-09,7792
6561,是方,6,0,6,國票-北投,2023-01-09,7792
00720B,元大投資級公司債,5,0,5,國票-北投,2023-01-09,7792
1605,華新,41,36,5,國票-北投,2023-01-09,7792
1319,東陽,8,3,5,國票-北投,2023-01-09,7792
2034,允強,5,0,5,國票-北投,2023-01-09,7792
2609,陽明,10,5,5,國票-北投,2023-01-09,7792
3037,欣興,11,6,5,國票-北投,2023-01-09,7792
5434,崇越,5,0,5,國票-北投,2023-01-09,7792
6133,金橋,5,0,5,國票-北投,2023-01-09,7792
8277,商丞,5,0,5,國票-北投,2023-01-09,7792
1513,中興電,11,6,5,國票-北投,2023-01-09,7792
2030,彰源,4,0,4,國票-北投,2023-01-09,7792
8996,高力,4,0,4,國票-北投,2023-01-09,7792
1708,東鹼,3,0,3,國票-北投,2023-01-09,7792
1529,樂事綠能,3,0,3,國票-北投,2023-01-09,7792
2228,劍麟,3,0,3,國票-北投,2023-01-09,7792
2480,敦陽科,3,0,3,國票-北投,2023-01-09,7792
3260,威剛,8,5,3,國票-北投,2023-01-09,7792
3289,宜特,5,2,3,國票-北投,2023-01-09,7792
4961,天鈺,4,1,3,國票-北投,2023-01-09,7792
6182,合晶,4,1,3,國票-北投,2023-01-09,7792
6279,胡連,3,0,3,國票-北投,2023-01-09,7792
6435,大中,3,0,3,國票-北投,2023-01-09,7792
8091,翔名,3,0,3,國票-北投,2023-01-09,7792
1503,士電,2,0,2,國票-北投,2023-01-09,7792
1516,川飛,2,0,2,國票-北投,2023-01-09,7792
1752,南光,2,0,2,國票-北投,2023-01-09,7792
2723,美食-KY,2,0,2,國票-北投,2023-01-09,7792
00878,國泰永續高股息,103,9,94,國票-北投,2023-01-10,7792
00713,元大台灣高息低波,70,0,70,國票-北投,2023-01-10,7792
8105,凌巨,65,17,48,國票-北投,2023-01-10,7792
2498,宏達電,52,11,41,國票-北投,2023-01-10,7792
2419,仲琦,29,0,29,國票-北投,2023-01-10,7792
2495,普安,19,0,19,國票-北投,2023-01-10,7792
0056,元大高股息,21,3,18,國票-北投,2023-01-10,7792
1701,中化,13,0,13,國票-北投,2023-01-10,7792
00632R,元大台灣50反1,13,0,13,國票-北投,2023-01-10,7792
4114,健喬,12,0,12,國票-北投,2023-01-10,7792
1314,中石化,11,0,11,國票-北投,2023-01-10,7792
2845,遠東銀,10,0,10,國票-北投,2023-01-10,7792
4167,松瑞藥,10,0,10,國票-北投,2023-01-10,7792
3704,合勤控,21,13,8,國票-北投,2023-01-10,7792
2413,環科,11,4,7,國票-北投,2023-01-10,7792
1503,士電,6,0,6,國票-北投,2023-01-10,7792
1785,光洋科,5,0,5,國票-北投,2023-01-10,7792
2889,國票金,5,0,5,國票-北投,2023-01-10,7792
3027,盛達,5,0,5,國票-北投,2023-01-10,7792
6274,台燿,7,2,5,國票-北投,2023-01-10,7792
8171,天宇,5,0,5,國票-北投,2023-01-10,7792
3714,富采,5,0,5,國票-北投,2023-01-10,7792
6176,瑞儀,4,0,4,國票-北投,2023-01-10,7792
1524,耿鼎,5,1,4,國票-北投,2023-01-10,7792
2916,滿心,4,0,4,國票-北投,2023-01-10,7792
3041,揚智,10,6,4,國票-北投,2023-01-10,7792
3293,鈊象,4,0,4,國票-北投,2023-01-10,7792
6443,元晶,6,2,4,國票-北投,2023-01-10,7792
00637L,元大滬深300正2,3,0,3,國票-北投,2023-01-10,7792
1514,亞力,4,1,3,國票-北投,2023-01-10,7792
1810,和成,3,0,3,國票-北投,2023-01-10,7792
2383,台光電,6,3,3,國票-北投,2023-01-10,7792
5425,台半,3,0,3,國票-北投,2023-01-10,7792
5907,大洋-KY,3,0,3,國票-北投,2023-01-10,7792
6245,立端,3,0,3,國票-北投,2023-01-10,7792
8476,台境*,3,0,3,國票-北投,2023-01-10,7792
1723,中碳,2,0,2,國票-北投,2023-01-10,7792
1605,華新,21,19,2,國票-北投,2023-01-10,7792
2363,矽統,2,0,2,國票-北投,2023-01-10,7792
2421,建準,4,2,2,國票-北投,2023-01-10,7792
2444,兆勁,2,0,2,國票-北投,2023-01-10,7792
2606,裕民,2,0,2,國票-北投,2023-01-10,7792
2642,宅配通,2,0,2,國票-北投,2023-01-10,7792
3046,建��,2,0,2,國票-北投,2023-01-10,7792
3322,建舜電,2,0,2,國票-北投,2023-01-10,7792
3481,群創,2,0,2,國票-北投,2023-01-10,7792
4566,時碩工業,2,0,2,國票-北投,2023-01-10,7792
5388,中磊,2,0,2,國票-北投,2023-01-10,7792
6129,普誠,2,0,2,國票-北投,2023-01-10,7792
6290,良維,2,0,2,國票-北投,2023-01-10,7792
00632R,元大台灣50反1,202,0,202,國票-北投,2023-01-11,7792
1909,榮成,120,6,114,國票-北投,2023-01-11,7792
2419,仲琦,41,0,41,國票-北投,2023-01-11,7792
2007,燁興,30,0,30,國票-北投,2023-01-11,7792
3236,千如,13,0,13,國票-北投,2023-01-11,7792
2032,新鋼,12,0,12,國票-北投,2023-01-11,7792
2236,百達-KY,10,0,10,國票-北投,2023-01-11,7792
4989,榮科,10,0,10,國票-北投,2023-01-11,7792
6163,華電網,10,0,10,國票-北投,2023-01-11,7792
1560,中砂,10,1,9,國票-北投,2023-01-11,7792
6186,新潤,8,0,8,國票-北投,2023-01-11,7792
1733,五鼎,7,0,7,國票-北投,2023-01-11,7792
00752,中信中國50,6,0,6,國票-北投,2023-01-11,7792
3704,合勤控,6,0,6,國票-北投,2023-01-11,7792
00878,國泰永續高股息,11,5,6,國票-北投,2023-01-11,7792
2367,燿華,5,0,5,國票-北投,2023-01-11,7792
1701,中化,6,1,5,國票-北投,2023-01-11,7792
3141,晶宏,6,1,5,國票-北投,2023-01-11,7792
6111,大宇資,5,0,5,國票-北投,2023-01-11,7792
8110,華東,5,0,5,國票-北投,2023-01-11,7792
8933,愛地雅,5,0,5,國票-北投,2023-01-11,7792
9921,巨大,5,0,5,國票-北投,2023-01-11,7792
2881,富邦金,5,1,4,國票-北投,2023-01-11,7792
00761B,國泰A級公司債,4,0,4,國票-北投,2023-01-11,7792
00725B,國泰投資級公司債,4,0,4,國票-北投,2023-01-11,7792
1503,士電,4,0,4,國票-北投,2023-01-11,7792
2609,陽明,6,2,4,國票-北投,2023-01-11,7792
2634,漢翔,10,6,4,國票-北投,2023-01-11,7792
2883,凱基金,4,0,4,國票-北投,2023-01-11,7792
3419,譁裕,5,1,4,國票-北投,2023-01-11,7792
6118,建達,4,0,4,國票-北投,2023-01-11,7792
9960,邁達康,4,0,4,國票-北投,2023-01-11,7792
2641,正德,3,0,3,國票-北投,2023-01-11,7792
2888,新光金,4,1,3,國票-北投,2023-01-11,7792
3147,大綜,3,0,3,國票-北投,2023-01-11,7792
4129,聯合,3,0,3,國票-北投,2023-01-11,7792
5015,華祺,3,0,3,國票-北投,2023-01-11,7792
6442,光聖,3,0,3,國票-北投,2023-01-11,7792
6547,高端疫苗,3,0,3,國票-北投,2023-01-11,7792
1605,華新,6,4,2,國票-北投,2023-01-11,7792
1519,華城,2,0,2,國票-北投,2023-01-11,7792
1760,寶齡富錦,2,0,2,國票-北投,2023-01-11,7792
1718,中纖,4,2,2,國票-北投,2023-01-11,7792
2038,海光,2,0,2,國票-北投,2023-01-11,7792
2103,台橡,2,0,2,國票-北投,2023-01-11,7792
2344,華邦電,4,2,2,國票-北投,2023-01-11,7792
2359,所羅門,2,0,2,國票-北投,2023-01-11,7792
2455,全新,2,0,2,國票-北投,2023-01-11,7792
2731,雄獅,2,0,2,國票-北投,2023-01-11,7792
2748,雲品,2,0,2,國票-北投,2023-01-11,7792
1909,榮成,192,0,192,國票-北投,2023-01-12,7792
2358,廷鑫,70,6,64,國票-北投,2023-01-12,7792
2388,威盛,50,0,50,國票-北投,2023-01-12,7792
2347,聯強,49,0,49,國票-北投,2023-01-12,7792
1560,中砂,32,0,32,國票-北投,2023-01-12,7792
6245,立端,24,1,23,國票-北投,2023-01-12,7792
2603,長榮,21,1,20,國票-北投,2023-01-12,7792
2867,三商壽,20,0,20,國票-北投,2023-01-12,7792
3481,群創,18,0,18,國票-北投,2023-01-12,7792
00878,國泰永續高股息,16,0,16,國票-北投,2023-01-12,7792
00882,中信中國高股息,15,0,15,國票-北投,2023-01-12,7792
0056,元大高股息,13,1,12,國票-北投,2023-01-12,7792
2007,燁興,15,5,10,國票-北投,2023-01-12,7792
1609,大亞,10,0,10,國票-北投,2023-01-12,7792
1467,南緯,10,0,10,國票-北投,2023-01-12,7792
2492,華新科,20,10,10,國票-北投,2023-01-12,7792
2615,萬海,10,0,10,國票-北投,2023-01-12,7792
2886,兆豐金,10,0,10,國票-北投,2023-01-12,7792
3041,揚智,10,0,10,國票-北投,2023-01-12,7792
3290,東浦,10,0,10,國票-北投,2023-01-12,7792
6220,岳豐,10,0,10,國票-北投,2023-01-12,7792
6223,旺矽,10,0,10,國票-北投,2023-01-12,7792
00772B,中信高評級公司債,10,1,9,國票-北投,2023-01-12,7792
2014,中鴻,15,7,8,國票-北投,2023-01-12,7792
4919,新唐,7,0,7,國票-北投,2023-01-12,7792
6111,大宇資,6,0,6,國票-北投,2023-01-12,7792
00673R,期元大S＆P原油反1,5,0,5,國票-北投,2023-01-12,7792
1442,名軒,5,0,5,國票-北投,2023-01-12,7792
2201,裕隆,10,5,5,國票-北投,2023-01-12,7792
2480,敦陽科,5,0,5,國票-北投,2023-01-12,7792
2609,陽明,10,5,5,國票-北投,2023-01-12,7792
2633,台灣高鐵,5,0,5,國票-北投,2023-01-12,7792
2888,新光金,5,0,5,國票-北投,2023-01-12,7792
2929,淘帝-KY,5,0,5,國票-北投,2023-01-12,7792
3289,宜特,6,1,5,國票-北投,2023-01-12,7792
8111,立��,5,0,5,國票-北投,2023-01-12,7792
2880,華南金,5,0,5,國票-北投,2023-01-12,7792
1718,中纖,4,0,4,國票-北投,2023-01-12,7792
2368,金像電,4,0,4,國票-北投,2023-01-12,7792
3128,昇銳,4,0,4,國票-北投,2023-01-12,7792
4114,健喬,6,2,4,國票-北投,2023-01-12,7792
4743,合一,6,2,4,國票-北投,2023-01-12,7792
6116,彩晶,4,0,4,國票-北投,2023-01-12,7792
6441,廣錠,4,0,4,國票-北投,2023-01-12,7792
8403,盛弘,6,2,4,國票-北投,2023-01-12,7792
1314,中石化,3,0,3,國票-北投,2023-01-12,7792
2313,華通,4,1,3,國票-北投,2023-01-12,7792
2344,華邦電,3,0,3,國票-北投,2023-01-12,7792
2468,華經,5,2,3,國票-北投,2023-01-12,7792
2498,宏達電,8,5,3,國票-北投,2023-01-12,7792
2027,大成鋼,106,1,105,國票-北投,2023-01-13,7792
1909,榮成,84,0,84,國票-北投,2023-01-13,7792
3481,群創,83,8,75,國票-北投,2023-01-13,7792
2409,友達,60,1,59,國票-北投,2023-01-13,7792
1605,華新,57,5,52,國票-北投,2023-01-13,7792
1701,中化,37,0,37,國票-北投,2023-01-13,7792
00720B,元大投資級公司債,30,0,30,國票-北投,2023-01-13,7792
1718,中纖,16,0,16,國票-北投,2023-01-13,7792
2009,第一銅,16,1,15,國票-北投,2023-01-13,7792
0056,元大高股息,14,1,13,國票-北投,2023-01-13,7792
1785,光洋科,10,0,10,國票-北投,2023-01-13,7792
00891,中信關鍵半導體,11,1,10,國票-北投,2023-01-13,7792
00664R,國泰臺灣加權反1,10,0,10,國票-北投,2023-01-13,7792
2492,華新科,10,0,10,國票-北投,2023-01-13,7792
2867,三商壽,10,0,10,國票-北投,2023-01-13,7792
4746,台耀,10,0,10,國票-北投,2023-01-13,7792
1101,台泥,19,11,8,國票-北投,2023-01-13,7792
2312,金寶,9,1,8,國票-北投,2023-01-13,7792
6689,伊雲谷,11,3,8,國票-北投,2023-01-13,7792
2303,聯電,14,6,8,國票-北投,2023-01-13,7792
5347,世界,7,0,7,國票-北投,2023-01-13,7792
9962,有益,7,0,7,國票-北投,2023-01-13,7792
00632R,元大台灣50反1,6,0,6,國票-北投,2023-01-13,7792
4541,晟田,6,0,6,國票-北投,2023-01-13,7792
1301,台塑,5,0,5,國票-北投,2023-01-13,7792
2236,百達-KY,5,0,5,國票-北投,2023-01-13,7792
3047,訊舟,5,0,5,國票-北投,2023-01-13,7792
3587,閎康,5,0,5,國票-北投,2023-01-13,7792
4968,立積,5,0,5,國票-北投,2023-01-13,7792
9941,裕融,5,0,5,國票-北投,2023-01-13,7792
00878,國泰永續高股息,7,2,5,國票-北投,2023-01-13,7792
1560,中砂,4,0,4,國票-北投,2023-01-13,7792
1611,中電,4,0,4,國票-北投,2023-01-13,7792
2812,台中銀,4,0,4,國票-北投,2023-01-13,7792
3141,晶宏,4,0,4,國票-北投,2023-01-13,7792
6111,大宇資,6,2,4,國票-北投,2023-01-13,7792
00713,元大台灣高息低波,3,0,3,國票-北投,2023-01-13,7792
00885,富邦越南,3,0,3,國票-北投,2023-01-13,7792
00679B,元大美債20年,3,0,3,國票-北投,2023-01-13,7792
2038,海光,3,0,3,國票-北投,2023-01-13,7792
2358,廷鑫,6,3,3,國票-北投,2023-01-13,7792
3013,晟銘電,3,0,3,國票-北投,2023-01-13,7792
3576,聯合再生,3,0,3,國票-北投,2023-01-13,7792
4114,健喬,5,2,3,國票-北投,2023-01-13,7792
4747,強生,3,0,3,國票-北投,2023-01-13,7792
4919,新唐,3,0,3,國票-北投,2023-01-13,7792
6118,建達,7,4,3,國票-北投,2023-01-13,7792
6672,騰輝電子-KY,3,0,3,國票-北投,2023-01-13,7792
6829,千附精密,3,0,3,國票-北投,2023-01-13,7792
8069,元太,6,3,3,國票-北投,2023-01-13,7792
1909,榮成,48,0,48,國票-北投,2023-01-16,7792
2002,中鋼,38,2,36,國票-北投,2023-01-16,7792
3264,欣銓,30,0,30,國票-北投,2023-01-16,7792
2707,晶華,15,0,15,國票-北投,2023-01-16,7792
2882,國泰金,14,0,14,國票-北投,2023-01-16,7792
6770,力積電,14,0,14,國票-北投,2023-01-16,7792
00679B,元大美債20年,14,1,13,國票-北投,2023-01-16,7792
8926,台汽電,12,0,12,國票-北投,2023-01-16,7792
1101,台泥,28,16,12,國票-北投,2023-01-16,7792
2211,長榮鋼,10,0,10,國票-北投,2023-01-16,7792
1516,川飛,10,0,10,國票-北投,2023-01-16,7792
00772B,中信高評級公司債,10,0,10,國票-北投,2023-01-16,7792
2748,雲品,10,0,10,國票-北投,2023-01-16,7792
4123,晟德,10,0,10,國票-北投,2023-01-16,7792
6188,廣明,10,0,10,國票-北投,2023-01-16,7792
2888,新光金,9,0,9,國票-北投,2023-01-16,7792
00632R,元大台灣50反1,8,0,8,國票-北投,2023-01-16,7792
00720B,元大投資級公司債,7,0,7,國票-北投,2023-01-16,7792
2388,威盛,5,0,5,國票-北投,2023-01-16,7792
1524,耿鼎,5,0,5,國票-北投,2023-01-16,7792
00757,統一FANG+,5,0,5,國票-北投,2023-01-16,7792
00664R,國泰臺灣加權反1,5,0,5,國票-北投,2023-01-16,7792
2399,映泰,5,0,5,國票-北投,2023-01-16,7792
4167,松瑞藥,5,0,5,國票-北投,2023-01-16,7792
5263,智崴,5,0,5,國票-北投,2023-01-16,7792
6217,中探針,5,0,5,國票-北投,2023-01-16,7792
8996,高力,8,3,5,國票-北投,2023-01-16,7792
2425,承啟,4,0,4,國票-北投,2023-01-16,7792
5014,建錩,4,0,4,國票-北投,2023-01-16,7792
2027,大成鋼,8,5,3,國票-北投,2023-01-16,7792
2033,佳大,3,0,3,國票-北投,2023-01-16,7792
2618,長榮航,3,0,3,國票-北投,2023-01-16,7792
8111,立��,3,0,3,國票-北投,2023-01-16,7792
00652,富邦印度,2,0,2,國票-北投,2023-01-16,7792
00669R,國泰美國道瓊反1,2,0,2,國票-北投,2023-01-16,7792
2312,金寶,2,0,2,國票-北投,2023-01-16,7792
2468,華經,2,0,2,國票-北投,2023-01-16,7792
2723,美食-KY,3,1,2,國票-北投,2023-01-16,7792
2887,台新金,2,0,2,國票-北投,2023-01-16,7792
3680,家登,3,1,2,國票-北投,2023-01-16,7792
4111,濟生,2,0,2,國票-北投,2023-01-16,7792
4306,炎洲,2,0,2,國票-北投,2023-01-16,7792
4915,致伸,2,0,2,國票-北投,2023-01-16,7792
6104,創惟,2,0,2,國票-北投,2023-01-16,7792
6278,台表科,2,0,2,國票-北投,2023-01-16,7792
9962,有益,2,0,2,國票-北投,2023-01-16,7792
2317,鴻海,3,1,2,國票-北投,2023-01-16,7792
2030,彰源,1,0,1,國票-北投,2023-01-16,7792
2069,運錩,1,0,1,國票-北投,2023-01-16,7792
2014,中鴻,1,0,1,國票-北投,2023-01-16,7792
5009,榮剛,103,6,97,國票-北投,2023-01-17,7792
2303,聯電,141,46,95,國票-北投,2023-01-17,7792
2014,中鴻,90,12,78,國票-北投,2023-01-17,7792
5608,四維航,42,1,41,國票-北投,2023-01-17,7792
9904,寶成,37,0,37,國票-北投,2023-01-17,7792
1109,信大,24,0,24,國票-北投,2023-01-17,7792
2419,仲琦,20,0,20,國票-北投,2023-01-17,7792
2867,三商壽,20,0,20,國票-北投,2023-01-17,7792
2884,玉山金,17,0,17,國票-北投,2023-01-17,7792
2812,台中銀,17,0,17,國票-北投,2023-01-17,7792
2707,晶華,17,1,16,國票-北投,2023-01-17,7792
00664R,國泰臺灣加權反1,10,0,10,國票-北投,2023-01-17,7792
2007,燁興,10,0,10,國票-北投,2023-01-17,7792
2352,佳世達,10,0,10,國票-北投,2023-01-17,7792
3013,晟銘電,10,0,10,國票-北投,2023-01-17,7792
2880,華南金,10,1,9,國票-北投,2023-01-17,7792
2049,上銀,10,1,9,國票-北投,2023-01-17,7792
2882,國泰金,11,2,9,國票-北投,2023-01-17,7792
00752,中信中國50,8,0,8,國票-北投,2023-01-17,7792
1560,中砂,9,1,8,國票-北投,2023-01-17,7792
1589,永冠-KY,7,0,7,國票-北投,2023-01-17,7792
1513,中興電,6,0,6,國票-北投,2023-01-17,7792
4114,健喬,7,1,6,國票-北投,2023-01-17,7792
2603,長榮,7,1,6,國票-北投,2023-01-17,7792
2342,茂矽,5,0,5,國票-北投,2023-01-17,7792
2402,毅嘉,5,0,5,國票-北投,2023-01-17,7792
4927,泰鼎-KY,5,0,5,國票-北投,2023-01-17,7792
6279,胡連,5,0,5,國票-北投,2023-01-17,7792
9919,康那香,5,0,5,國票-北投,2023-01-17,7792
1524,耿鼎,4,0,4,國票-北投,2023-01-17,7792
2313,華通,4,0,4,國票-北投,2023-01-17,7792
5215,科嘉-KY,4,0,4,國票-北投,2023-01-17,7792
5263,智崴,4,0,4,國票-北投,2023-01-17,7792
5880,合庫金,4,0,4,國票-北投,2023-01-17,7792
6547,高端疫苗,4,0,4,國票-北投,2023-01-17,7792
2009,第一銅,4,1,3,國票-北投,2023-01-17,7792
00772B,中信高評級公司債,3,0,3,國票-北投,2023-01-17,7792
2887,台新金,10,7,3,國票-北投,2023-01-17,7792
3027,盛達,5,2,3,國票-北投,2023-01-17,7792
4167,松瑞藥,3,0,3,國票-北投,2023-01-17,7792
6153,嘉聯益,3,0,3,國票-北投,2023-01-17,7792
6180,橘子,4,1,3,國票-北投,2023-01-17,7792
6274,台燿,3,0,3,國票-北投,2023-01-17,7792
00679B,元大美債20年,2,0,2,國票-北投,2023-01-17,7792
00637L,元大滬深300正2,2,0,2,國票-北投,2023-01-17,7792
2439,美律,2,0,2,國票-北投,2023-01-17,7792
2515,中工,2,0,2,國票-北投,2023-01-17,7792
4974,亞泰,2,0,2,國票-北投,2023-01-17,7792
6235,華孚,2,0,2,國票-北投,2023-01-17,7792
6782,視陽,2,0,2,國票-北投,2023-01-17,7792
1909,榮成,336,8,328,國票-北投,2023-01-30,7792
2308,台達電,93,1,92,國票-北投,2023-01-30,7792
3207,耀勝,90,0,90,國票-北投,2023-01-30,7792
3035,智原,49,1,48,國票-北投,2023-01-30,7792
2317,鴻海,34,0,34,國票-北投,2023-01-30,7792
2401,凌陽,25,0,25,國票-北投,2023-01-30,7792
00632R,元大台灣50反1,23,3,20,國票-北投,2023-01-30,7792
2419,仲琦,20,0,20,國票-北投,2023-01-30,7792
1513,中興電,15,0,15,國票-北投,2023-01-30,7792
6182,合晶,18,4,14,國票-北投,2023-01-30,7792
6129,普誠,13,0,13,國票-北投,2023-01-30,7792
2431,聯昌,12,0,12,國票-北投,2023-01-30,7792
00720B,元大投資級公司債,10,0,10,國票-北投,2023-01-30,7792
2498,宏達電,10,1,9,國票-北投,2023-01-30,7792
6282,康舒,25,16,9,國票-北投,2023-01-30,7792
1612,宏泰,10,2,8,國票-北投,2023-01-30,7792
1304,台聚,8,0,8,國票-北投,2023-01-30,7792
3305,昇貿,9,1,8,國票-北投,2023-01-30,7792
2481,強茂,9,2,7,國票-北投,2023-01-30,7792
2610,華航,10,3,7,國票-北投,2023-01-30,7792
6411,晶焱,6,0,6,國票-北投,2023-01-30,7792
8261,富鼎,8,2,6,國票-北投,2023-01-30,7792
00664R,國泰臺灣加權反1,5,0,5,國票-北投,2023-01-30,7792
6277,宏正,5,0,5,國票-北投,2023-01-30,7792
2444,兆勁,4,0,4,國票-北投,2023-01-30,7792
2609,陽明,6,2,4,國票-北投,2023-01-30,7792
4114,健喬,5,1,4,國票-北投,2023-01-30,7792
4763,材料-KY,6,2,4,國票-北投,2023-01-30,7792
00907,永豐優息存股,3,0,3,國票-北投,2023-01-30,7792
00757,統一FANG+,3,0,3,國票-北投,2023-01-30,7792
2313,華通,5,2,3,國票-北投,2023-01-30,7792
2504,國產,3,0,3,國票-北投,2023-01-30,7792
2607,榮運,3,0,3,國票-北投,2023-01-30,7792
2892,第一金,3,0,3,國票-北投,2023-01-30,7792
3583,辛耘,3,0,3,國票-北投,2023-01-30,7792
6217,中探針,3,0,3,國票-北投,2023-01-30,7792
00697B,元大美債7-10,2,0,2,國票-北投,2023-01-30,7792
1216,統一,4,2,2,國票-北投,2023-01-30,7792
1477,聚陽,4,2,2,國票-北投,2023-01-30,7792
1309,台達化,2,0,2,國票-北投,2023-01-30,7792
2014,中鴻,2,0,2,國票-北投,2023-01-30,7792
2352,佳世達,2,0,2,國票-北投,2023-01-30,7792
2363,矽統,2,0,2,國票-北投,2023-01-30,7792
2616,山隆,2,0,2,國票-北投,2023-01-30,7792
2812,台中銀,2,0,2,國票-北投,2023-01-30,7792
3141,晶宏,3,1,2,國票-北投,2023-01-30,7792
3290,東浦,2,0,2,國票-北投,2023-01-30,7792
3454,晶睿,5,3,2,國票-北投,2023-01-30,7792
3494,誠研,2,0,2,國票-北投,2023-01-30,7792
3558,神準,3,1,2,國票-北投,2023-01-30,7792
1909,榮成,144,1,143,國票-北投,2023-01-31,7792
2330,台積電,61,1,60,國票-北投,2023-01-31,7792
2409,友達,41,8,33,國票-北投,2023-01-31,7792
2308,台達電,32,0,32,國票-北投,2023-01-31,7792
2419,仲琦,32,0,32,國票-北投,2023-01-31,7792
00679B,元大美債20年,30,0,30,國票-北投,2023-01-31,7792
2641,正德,30,0,30,國票-北投,2023-01-31,7792
3207,耀勝,32,4,28,國票-北投,2023-01-31,7792
2324,仁寶,25,0,25,國票-北投,2023-01-31,7792
2406,國碩,25,0,25,國票-北投,2023-01-31,7792
00878,國泰永續高股息,23,0,23,國票-北投,2023-01-31,7792
4114,健喬,25,6,19,國票-北投,2023-01-31,7792
2880,華南金,18,0,18,國票-北投,2023-01-31,7792
2892,第一金,17,0,17,國票-北投,2023-01-31,7792
3035,智原,17,0,17,國票-北投,2023-01-31,7792
00905,FT臺灣Smart,16,0,16,國票-北投,2023-01-31,7792
2485,兆赫,15,0,15,國票-北投,2023-01-31,7792
2883,凱基金,15,0,15,國票-北投,2023-01-31,7792
2002,中鋼,15,1,14,國票-北投,2023-01-31,7792
4746,台耀,12,0,12,國票-北投,2023-01-31,7792
0056,元大高股息,22,10,12,國票-北投,2023-01-31,7792
1514,亞力,11,0,11,國票-北投,2023-01-31,7792
00632R,元大台灣50反1,10,0,10,國票-北投,2023-01-31,7792
2236,百達-KY,10,0,10,國票-北投,2023-01-31,7792
2498,宏達電,13,3,10,國票-北投,2023-01-31,7792
4142,國光生,40,30,10,國票-北投,2023-01-31,7792
6116,彩晶,30,20,10,國票-北投,2023-01-31,7792
6244,茂迪,10,0,10,國票-北投,2023-01-31,7792
2027,大成鋼,12,3,9,國票-北投,2023-01-31,7792
2886,兆豐金,9,0,9,國票-北投,2023-01-31,7792
3545,敦泰,11,2,9,國票-北投,2023-01-31,7792
6689,伊雲谷,10,1,9,國票-北投,2023-01-31,7792
1612,宏泰,8,0,8,國票-北投,2023-01-31,7792
1605,華新,33,25,8,國票-北投,2023-01-31,7792
2888,新光金,7,0,7,國票-北投,2023-01-31,7792
2412,中華電,7,0,7,國票-北投,2023-01-31,7792
1504,東元,6,0,6,國票-北投,2023-01-31,7792
2444,兆勁,10,4,6,國票-北投,2023-01-31,7792
4919,新唐,11,5,6,國票-北投,2023-01-31,7792
6443,元晶,9,3,6,國票-北投,2023-01-31,7792
0050,元大台灣50,5,0,5,國票-北投,2023-01-31,7792
00772B,中信高評級公司債,5,0,5,國票-北投,2023-01-31,7792
2340,台亞,5,0,5,國票-北投,2023-01-31,7792
2369,菱生,5,0,5,國票-北投,2023-01-31,7792
3305,昇貿,6,1,5,國票-北投,2023-01-31,7792
4174,浩鼎,5,0,5,國票-北投,2023-01-31,7792
4545,銘鈺,5,0,5,國票-北投,2023-01-31,7792
5009,榮剛,5,0,5,國票-北投,2023-01-31,7792
6239,力成,20,15,5,國票-北投,2023-01-31,7792
6477,安集,5,0,5,國票-北投,2023-01-31,7792
1909,榮成,72,0,72,國票-北投,2023-02-01,7792
2883,凱基金,28,0,28,國票-北投,2023-02-01,7792
2419,仲琦,22,0,22,國票-北投,2023-02-01,7792
8261,富鼎,24,2,22,國票-北投,2023-02-01,7792
2618,長榮航,28,9,19,國票-北投,2023-02-01,7792
6244,茂迪,15,0,15,國票-北投,2023-02-01,7792
2449,京元電子,12,0,12,國票-北投,2023-02-01,7792
5351,鈺創,14,2,12,國票-北投,2023-02-01,7792
00878,國泰永續高股息,12,0,12,國票-北投,2023-02-01,7792
2369,菱生,11,0,11,國票-北投,2023-02-01,7792
2929,淘帝-KY,15,4,11,國票-北投,2023-02-01,7792
1568,倉佑,10,0,10,國票-北投,2023-02-01,7792
2104,國際中橡,10,0,10,國票-北投,2023-02-01,7792
4541,晟田,10,0,10,國票-北投,2023-02-01,7792
00720B,元大投資級公司債,9,0,9,國票-北投,2023-02-01,7792
2880,華南金,10,2,8,國票-北投,2023-02-01,7792
1524,耿鼎,8,0,8,國票-北投,2023-02-01,7792
2748,雲品,12,4,8,國票-北投,2023-02-01,7792
3481,群創,8,0,8,國票-北投,2023-02-01,7792
00751B,元大AAA至A公司債,7,0,7,國票-北投,2023-02-01,7792
4977,眾達-KY,7,0,7,國票-北投,2023-02-01,7792
5321,美而快,7,0,7,國票-北投,2023-02-01,7792
2412,中華電,7,0,7,國票-北投,2023-02-01,7792
2014,中鴻,6,0,6,國票-北投,2023-02-01,7792
1301,台塑,6,0,6,國票-北投,2023-02-01,7792
00680L,元大美債20正2,5,0,5,國票-北投,2023-02-01,7792
00673R,期元大S＆P原油反1,5,0,5,國票-北投,2023-02-01,7792
2049,上銀,5,0,5,國票-北投,2023-02-01,7792
2201,裕隆,15,10,5,國票-北投,2023-02-01,7792
2328,廣宇,10,5,5,國票-北投,2023-02-01,7792
2489,瑞軒,5,0,5,國票-北投,2023-02-01,7792
4128,中天,5,0,5,國票-北投,2023-02-01,7792
5234,達興材料,5,0,5,國票-北投,2023-02-01,7792
5880,合庫金,5,0,5,國票-北投,2023-02-01,7792
0056,元大高股息,5,0,5,國票-北投,2023-02-01,7792
3515,華擎,5,1,4,國票-北投,2023-02-01,7792
00637L,元大滬深300正2,4,0,4,國票-北投,2023-02-01,7792
2431,聯昌,4,0,4,國票-北投,2023-02-01,7792
2465,麗臺,4,0,4,國票-北投,2023-02-01,7792
3035,智原,5,1,4,國票-北投,2023-02-01,7792
3105,穩懋,10,6,4,國票-北投,2023-02-01,7792
4743,合一,5,1,4,國票-北投,2023-02-01,7792
4755,三福化,5,1,4,國票-北投,2023-02-01,7792
5471,松翰,4,0,4,國票-北投,2023-02-01,7792
8105,凌巨,5,1,4,國票-北投,2023-02-01,7792
9962,有益,4,0,4,國票-北投,2023-02-01,7792
1216,統一,4,0,4,國票-北投,2023-02-01,7792
2891,中信金,3,0,3,國票-北投,2023-02-01,7792
2236,百達-KY,3,0,3,國票-北投,2023-02-01,7792
2351,順德,16,13,3,國票-北投,2023-02-01,7792
2609,陽明,103,4,99,國票-北投,2023-02-02,7792
1909,榮成,36,0,36,國票-北投,2023-02-02,7792
3710,連展投控,30,0,30,國票-北投,2023-02-02,7792
6175,立敦,36,9,27,國票-北投,2023-02-02,7792
2312,金寶,30,5,25,國票-北投,2023-02-02,7792
5371,中光電,25,0,25,國票-北投,2023-02-02,7792
00632R,元大台灣50反1,22,0,22,國票-北投,2023-02-02,7792
1101,台泥,20,0,20,國票-北投,2023-02-02,7792
2363,矽統,21,1,20,國票-北投,2023-02-02,7792
6142,友勁,20,0,20,國票-北投,2023-02-02,7792
2303,聯電,51,31,20,國票-北投,2023-02-02,7792
2891,中信金,18,0,18,國票-北投,2023-02-02,7792
6111,大宇資,26,8,18,國票-北投,2023-02-02,7792
2634,漢翔,18,1,17,國票-北投,2023-02-02,7792
8261,富鼎,20,3,17,國票-北投,2023-02-02,7792
6443,元晶,22,6,16,國票-北投,2023-02-02,7792
1609,大亞,23,7,16,國票-北投,2023-02-02,7792
8069,元太,21,6,15,國票-北投,2023-02-02,7792
8087,麗升能源,15,0,15,國票-北投,2023-02-02,7792
2201,裕隆,31,16,15,國票-北投,2023-02-02,7792
2618,長榮航,12,0,12,國票-北投,2023-02-02,7792
3305,昇貿,13,1,12,國票-北投,2023-02-02,7792
00773B,中信優先金融債,11,0,11,國票-北投,2023-02-02,7792
1611,中電,21,10,11,國票-北投,2023-02-02,7792
6770,力積電,17,6,11,國票-北投,2023-02-02,7792
1513,中興電,11,1,10,國票-北投,2023-02-02,7792
00725B,國泰投資級公司債,10,0,10,國票-北投,2023-02-02,7792
2314,台揚,12,2,10,國票-北投,2023-02-02,7792
4157,太景*-KY,10,0,10,國票-北投,2023-02-02,7792
6546,正基,10,0,10,國票-北投,2023-02-02,7792
9105,泰金寶-DR,11,1,10,國票-北投,2023-02-02,7792
2317,鴻海,18,9,9,國票-北投,2023-02-02,7792
00637L,元大滬深300正2,13,5,8,國票-北投,2023-02-02,7792
00715L,期街口布蘭特正2,8,0,8,國票-北投,2023-02-02,7792
6104,創惟,9,1,8,國票-北投,2023-02-02,7792
8040,九暘,8,0,8,國票-北投,2023-02-02,7792
2449,京元電子,8,1,7,國票-北投,2023-02-02,7792
4541,晟田,7,0,7,國票-北投,2023-02-02,7792
2358,廷鑫,6,0,6,國票-北投,2023-02-02,7792
2413,環科,6,0,6,國票-北投,2023-02-02,7792
6806,森崴能源,7,1,6,國票-北投,2023-02-02,7792
8222,寶一,6,0,6,國票-北投,2023-02-02,7792
1504,東元,5,0,5,國票-北投,2023-02-02,7792
00882,中信中國高股息,5,0,5,國票-北投,2023-02-02,7792
00664R,國泰臺灣加權反1,5,0,5,國票-北投,2023-02-02,7792
2230,泰茂,5,0,5,國票-北投,2023-02-02,7792
2328,廣宇,5,0,5,國票-北投,2023-02-02,7792
3707,漢磊,5,0,5,國票-北投,2023-02-02,7792
4534,慶騰,5,0,5,國票-北投,2023-02-02,7792
4961,天鈺,6,1,5,國票-北投,2023-02-02,7792
1909,榮成,210,0,210,國票-北投,2023-02-03,7792
6548,長科*,40,1,39,國票-北投,2023-02-03,7792
2867,三商壽,27,3,24,國票-北投,2023-02-03,7792
2634,漢翔,25,2,23,國票-北投,2023-02-03,7792
00679B,元大美債20年,21,0,21,國票-北投,2023-02-03,7792
1789,神隆,25,4,21,國票-北投,2023-02-03,7792
2498,宏達電,30,9,21,國票-北投,2023-02-03,7792
00632R,元大台灣50反1,20,2,18,國票-北投,2023-02-03,7792
6118,建達,26,8,18,國票-北投,2023-02-03,7792
8261,富鼎,18,2,16,國票-北投,2023-02-03,7792
1514,亞力,13,0,13,國票-北投,2023-02-03,7792
00878,國泰永續高股息,40,27,13,國票-北投,2023-02-03,7792
0056,元大高股息,13,0,13,國票-北投,2023-02-03,7792
2317,鴻海,12,0,12,國票-北投,2023-02-03,7792
2484,希華,20,8,12,國票-北投,2023-02-03,7792
2031,新光鋼,10,0,10,國票-北投,2023-02-03,7792
00725B,國泰投資級公司債,9,0,9,國票-北投,2023-02-03,7792
2431,聯昌,9,0,9,國票-北投,2023-02-03,7792
2891,中信金,7,0,7,國票-北投,2023-02-03,7792
00715L,期街口布蘭特正2,7,0,7,國票-北投,2023-02-03,7792
2618,長榮航,7,0,7,國票-北投,2023-02-03,7792
2929,淘帝-KY,17,10,7,國票-北投,2023-02-03,7792
6770,力積電,10,3,7,國票-北投,2023-02-03,7792
8049,晶采,7,0,7,國票-北投,2023-02-03,7792
2009,第一銅,6,0,6,國票-北投,2023-02-03,7792
5608,四維航,6,0,6,國票-北投,2023-02-03,7792
8906,花王,6,0,6,國票-北投,2023-02-03,7792
2888,新光金,5,0,5,國票-北投,2023-02-03,7792
1584,精剛,10,5,5,國票-北投,2023-02-03,7792
2049,上銀,5,0,5,國票-北投,2023-02-03,7792
2419,仲琦,15,10,5,國票-北投,2023-02-03,7792
3046,建��,5,0,5,國票-北投,2023-02-03,7792
3441,聯一光,5,0,5,國票-北投,2023-02-03,7792
5344,立衛,5,0,5,國票-北投,2023-02-03,7792
6163,華電網,10,5,5,國票-北投,2023-02-03,7792
3006,晶豪科,5,1,4,國票-北投,2023-02-03,7792
00637L,元大滬深300正2,16,12,4,國票-北投,2023-02-03,7792
2337,旺宏,5,1,4,國票-北投,2023-02-03,7792
2344,華邦電,7,3,4,國票-北投,2023-02-03,7792
2444,兆勁,4,0,4,國票-北投,2023-02-03,7792
2449,京元電子,7,3,4,國票-北投,2023-02-03,7792
2748,雲品,7,3,4,國票-北投,2023-02-03,7792
3162,精確,4,0,4,國票-北投,2023-02-03,7792
3374,精材,4,0,4,國票-北投,2023-02-03,7792
4747,強生,4,0,4,國票-北投,2023-02-03,7792
4768,晶呈科技,6,2,4,國票-北投,2023-02-03,7792
6278,台表科,5,1,4,國票-北投,2023-02-03,7792
6829,千附精密,4,0,4,國票-北投,2023-02-03,7792
8215,明基材,5,1,4,國票-北投,2023-02-03,7792
0050,元大台灣50,3,0,3,國票-北投,2023-02-03,7792
1909,榮成,138,0,138,國票-北投,2023-02-06,7792
3481,群創,50,0,50,國票-北投,2023-02-06,7792
00878,國泰永續高股息,46,0,46,國票-北投,2023-02-06,7792
2369,菱生,35,0,35,國票-北投,2023-02-06,7792
8076,伍豐,24,0,24,國票-北投,2023-02-06,7792
1336,台翰,21,0,21,國票-北投,2023-02-06,7792
2492,華新科,20,3,17,國票-北投,2023-02-06,7792
2603,長榮,17,1,16,國票-北投,2023-02-06,7792
2609,陽明,29,13,16,國票-北投,2023-02-06,7792
1342,八貫,17,3,14,國票-北投,2023-02-06,7792
6118,建達,15,1,14,國票-北投,2023-02-06,7792
2317,鴻海,26,12,14,國票-北投,2023-02-06,7792
2882,國泰金,16,3,13,國票-北投,2023-02-06,7792
4906,正文,13,0,13,國票-北投,2023-02-06,7792
3037,欣興,13,1,12,國票-北投,2023-02-06,7792
2392,正崴,18,6,12,國票-北投,2023-02-06,7792
6282,康舒,12,0,12,國票-北投,2023-02-06,7792
6104,創惟,11,0,11,國票-北投,2023-02-06,7792
00655L,國泰中國A50正2,10,0,10,國票-北投,2023-02-06,7792
2031,新光鋼,10,0,10,國票-北投,2023-02-06,7792
2436,偉詮電,10,0,10,國票-北投,2023-02-06,7792
3693,營邦,10,0,10,國票-北投,2023-02-06,7792
5009,榮剛,10,0,10,國票-北投,2023-02-06,7792
6005,群益證,10,0,10,國票-北投,2023-02-06,7792
6116,彩晶,10,0,10,國票-北投,2023-02-06,7792
6196,帆宣,9,0,9,國票-北投,2023-02-06,7792
00715L,期街口布蘭特正2,8,0,8,國票-北投,2023-02-06,7792
00679B,元大美債20年,8,0,8,國票-北投,2023-02-06,7792
3162,精確,8,0,8,國票-北投,2023-02-06,7792
6456,GIS-KY,8,0,8,國票-北投,2023-02-06,7792
1605,華新,16,9,7,國票-北投,2023-02-06,7792
2201,裕隆,13,6,7,國票-北投,2023-02-06,7792
3588,通嘉,7,0,7,國票-北投,2023-02-06,7792
2401,凌陽,10,4,6,國票-北投,2023-02-06,7792
2441,超豐,6,0,6,國票-北投,2023-02-06,7792
2468,華經,6,0,6,國票-北投,2023-02-06,7792
5263,智崴,6,0,6,國票-北投,2023-02-06,7792
5880,合庫金,6,0,6,國票-北投,2023-02-06,7792
2330,台積電,8,2,6,國票-北投,2023-02-06,7792
1101,台泥,5,0,5,國票-北投,2023-02-06,7792
1789,神隆,6,1,5,國票-北投,2023-02-06,7792
2329,華泰,5,0,5,國票-北投,2023-02-06,7792
2342,茂矽,5,0,5,國票-北投,2023-02-06,7792
2354,鴻準,5,0,5,國票-北投,2023-02-06,7792
5234,達興材料,5,0,5,國票-北投,2023-02-06,7792
6175,立敦,5,0,5,國票-北投,2023-02-06,7792
6227,茂綸,5,0,5,國票-北投,2023-02-06,7792
6443,元晶,5,0,5,國票-北投,2023-02-06,7792
6796,晉弘,5,0,5,國票-北投,2023-02-06,7792
00751B,元大AAA至A公司債,4,0,4,國票-北投,2023-02-06,7792
1513,中興電,60,0,60,國票-北投,2023-02-07,7792
3481,群創,60,0,60,國票-北投,2023-02-07,7792
5425,台半,55,1,54,國票-北投,2023-02-07,7792
2748,雲品,55,2,53,國票-北投,2023-02-07,7792
4906,正文,40,0,40,國票-北投,2023-02-07,7792
2618,長榮航,27,1,26,國票-北投,2023-02-07,7792
5464,霖宏,27,2,25,國票-北投,2023-02-07,7792
00679B,元大美債20年,22,0,22,國票-北投,2023-02-07,7792
3711,日月光投控,21,0,21,國票-北投,2023-02-07,7792
8076,伍豐,20,0,20,國票-北投,2023-02-07,7792
1417,嘉裕,20,6,14,國票-北投,2023-02-07,7792
2385,群光,15,1,14,國票-北投,2023-02-07,7792
2317,鴻海,13,0,13,國票-北投,2023-02-07,7792
6111,大宇資,14,1,13,國票-北投,2023-02-07,7792
1909,榮成,12,0,12,國票-北投,2023-02-07,7792
2610,華航,12,0,12,國票-北投,2023-02-07,7792
2330,台積電,12,1,11,國票-北投,2023-02-07,7792
00680L,元大美債20正2,11,0,11,國票-北投,2023-02-07,7792
2201,裕隆,13,2,11,國票-北投,2023-02-07,7792
1711,永光,10,0,10,國票-北投,2023-02-07,7792
1605,華新,24,14,10,國票-北投,2023-02-07,7792
1522,堤維西,10,0,10,國票-北投,2023-02-07,7792
00751B,元大AAA至A公司債,10,0,10,國票-北投,2023-02-07,7792
2402,毅嘉,10,0,10,國票-北投,2023-02-07,7792
3042,晶技,10,0,10,國票-北投,2023-02-07,7792
8940,新天地,10,0,10,國票-北投,2023-02-07,7792
9928,中視,10,0,10,國票-北投,2023-02-07,7792
2344,華邦電,9,0,9,國票-北投,2023-02-07,7792
3443,創意,10,1,9,國票-北投,2023-02-07,7792
2368,金像電,7,0,7,國票-北投,2023-02-07,7792
2409,友達,10,3,7,國票-北投,2023-02-07,7792
3362,先進光,7,0,7,國票-北投,2023-02-07,7792
6441,廣錠,7,1,6,國票-北投,2023-02-07,7792
00720B,元大投資級公司債,5,0,5,國票-北投,2023-02-07,7792
00885,富邦越南,5,0,5,國票-北投,2023-02-07,7792
3189,景碩,5,0,5,國票-北投,2023-02-07,7792
4768,晶呈科技,5,0,5,國票-北投,2023-02-07,7792
4945,陞達科技,5,0,5,國票-北投,2023-02-07,7792
5009,榮剛,5,0,5,國票-北投,2023-02-07,7792
6245,立端,5,0,5,國票-北投,2023-02-07,7792
8069,元太,5,0,5,國票-北投,2023-02-07,7792
00712,復華富時不動產,4,0,4,國票-北投,2023-02-07,7792
1810,和成,5,1,4,國票-北投,2023-02-07,7792
1708,東鹼,4,0,4,國票-北投,2023-02-07,7792
2328,廣宇,4,0,4,國票-北投,2023-02-07,7792
2455,全新,4,0,4,國票-北投,2023-02-07,7792
3047,訊舟,4,0,4,國票-北投,2023-02-07,7792
3545,敦泰,10,6,4,國票-北投,2023-02-07,7792
6789,采鈺,4,0,4,國票-北投,2023-02-07,7792
1701,中化,3,0,3,國票-北投,2023-02-07,7792
3481,群創,232,64,168,國票-北投,2023-02-08,7792
2498,宏達電,161,7,154,國票-北投,2023-02-08,7792
1216,統一,100,0,100,國票-北投,2023-02-08,7792
4906,正文,60,1,59,國票-北投,2023-02-08,7792
6244,茂迪,40,1,39,國票-北投,2023-02-08,7792
2867,三商壽,33,0,33,國票-北投,2023-02-08,7792
2406,國碩,30,0,30,國票-北投,2023-02-08,7792
2609,陽明,30,0,30,國票-北投,2023-02-08,7792
00632R,元大台灣50反1,26,0,26,國票-北投,2023-02-08,7792
1104,環泥,25,0,25,國票-北投,2023-02-08,7792
1605,華新,38,18,20,國票-北投,2023-02-08,7792
2030,彰源,20,0,20,國票-北投,2023-02-08,7792
3406,玉晶光,21,1,20,國票-北投,2023-02-08,7792
2401,凌陽,30,11,19,國票-北投,2023-02-08,7792
6118,建達,20,1,19,國票-北投,2023-02-08,7792
6182,合晶,17,1,16,國票-北投,2023-02-08,7792
8420,明揚,15,0,15,國票-北投,2023-02-08,7792
4114,健喬,45,31,14,國票-北投,2023-02-08,7792
3228,金麗科,13,0,13,國票-北投,2023-02-08,7792
4130,健亞,13,0,13,國票-北投,2023-02-08,7792
2610,華航,12,0,12,國票-北投,2023-02-08,7792
4979,華星光,13,1,12,國票-北投,2023-02-08,7792
2412,中華電,11,0,11,國票-北投,2023-02-08,7792
2419,仲琦,11,0,11,國票-北投,2023-02-08,7792
00664R,國泰臺灣加權反1,10,0,10,國票-北投,2023-02-08,7792
2359,所羅門,10,0,10,國票-北投,2023-02-08,7792
2392,正崴,28,18,10,國票-北投,2023-02-08,7792
3022,威強電,10,0,10,國票-北投,2023-02-08,7792
3714,富采,10,0,10,國票-北投,2023-02-08,7792
4167,松瑞藥,10,0,10,國票-北投,2023-02-08,7792
5353,台林,10,0,10,國票-北投,2023-02-08,7792
8076,伍豐,10,0,10,國票-北投,2023-02-08,7792
2363,矽統,10,1,9,國票-北投,2023-02-08,7792
00878,國泰永續高股息,11,2,9,國票-北投,2023-02-08,7792
1752,南光,9,1,8,國票-北投,2023-02-08,7792
4746,台耀,8,0,8,國票-北投,2023-02-08,7792
4768,晶呈科技,8,0,8,國票-北投,2023-02-08,7792
5351,鈺創,11,3,8,國票-北投,2023-02-08,7792
6509,聚和,46,38,8,國票-北投,2023-02-08,7792
2303,聯電,22,15,7,國票-北投,2023-02-08,7792
00679B,元大美債20年,7,0,7,國票-北投,2023-02-08,7792
2340,台亞,7,0,7,國票-北投,2023-02-08,7792
2388,威盛,13,6,7,國票-北投,2023-02-08,7792
2618,長榮航,16,9,7,國票-北投,2023-02-08,7792
2929,淘帝-KY,9,2,7,國票-北投,2023-02-08,7792
6625,必應,9,2,7,國票-北投,2023-02-08,7792
1303,南亞,6,0,6,國票-北投,2023-02-08,7792
8171,天宇,27,21,6,國票-北投,2023-02-08,7792
1810,和成,6,0,6,國票-北投,2023-02-08,7792
00673R,期元大S＆P原油反1,5,0,5,國票-北投,2023-02-08,7792
00632R,元大台灣50反1,100,0,100,國票-北投,2023-02-09,7792
2484,希華,71,20,51,國票-北投,2023-02-09,7792
2367,燿華,32,0,32,國票-北投,2023-02-09,7792
1810,和成,45,18,27,國票-北投,2023-02-09,7792
1506,正道,19,0,19,國票-北投,2023-02-09,7792
2231,為升,16,0,16,國票-北投,2023-02-09,7792
00725B,國泰投資級公司債,15,0,15,國票-北投,2023-02-09,7792
2887,台新金,15,1,14,國票-北投,2023-02-09,7792
00878,國泰永續高股息,14,0,14,國票-北投,2023-02-09,7792
1909,榮成,13,0,13,國票-北投,2023-02-09,7792
8358,金居,13,0,13,國票-北投,2023-02-09,7792
2359,所羅門,12,0,12,國票-北投,2023-02-09,7792
2358,廷鑫,10,0,10,國票-北投,2023-02-09,7792
6163,華電網,10,0,10,國票-北投,2023-02-09,7792
6244,茂迪,10,0,10,國票-北投,2023-02-09,7792
8940,新天地,10,0,10,國票-北投,2023-02-09,7792
2338,光罩,9,0,9,國票-北投,2023-02-09,7792
2344,華邦電,11,2,9,國票-北投,2023-02-09,7792
3711,日月光投控,10,1,9,國票-北投,2023-02-09,7792
5309,系統電,8,0,8,國票-北投,2023-02-09,7792
2618,長榮航,10,2,8,國票-北投,2023-02-09,7792
3054,立萬利,8,0,8,國票-北投,2023-02-09,7792
4162,智擎,10,2,8,國票-北投,2023-02-09,7792
4746,台耀,17,9,8,國票-北投,2023-02-09,7792
6196,帆宣,9,1,8,國票-北投,2023-02-09,7792
1609,大亞,13,6,7,國票-北投,2023-02-09,7792
00679B,元大美債20年,7,0,7,國票-北投,2023-02-09,7792
00720B,元大投資級公司債,7,0,7,國票-北投,2023-02-09,7792
5351,鈺創,7,0,7,國票-北投,2023-02-09,7792
6282,康舒,16,10,6,國票-北投,2023-02-09,7792
00900,富邦特選高股息30,6,0,6,國票-北投,2023-02-09,7792
1519,華城,11,5,6,國票-北投,2023-02-09,7792
2368,金像電,6,0,6,國票-北投,2023-02-09,7792
2867,三商壽,6,0,6,國票-北投,2023-02-09,7792
4923,力士,6,0,6,國票-北投,2023-02-09,7792
1514,亞力,5,0,5,國票-北投,2023-02-09,7792
2030,彰源,5,0,5,國票-北投,2023-02-09,7792
2236,百達-KY,5,0,5,國票-北投,2023-02-09,7792
2607,榮運,10,5,5,國票-北投,2023-02-09,7792
3406,玉晶光,5,0,5,國票-北投,2023-02-09,7792
4961,天鈺,5,0,5,國票-北投,2023-02-09,7792
6865,偉康科技,5,0,5,國票-北投,2023-02-09,7792
2327,國巨,5,1,4,國票-北投,2023-02-09,7792
00780B,國泰A級金融債,4,0,4,國票-北投,2023-02-09,7792
00680L,元大美債20正2,4,0,4,國票-北投,2023-02-09,7792
3479,安勤,7,3,4,國票-北投,2023-02-09,7792
3587,閎康,4,0,4,國票-北投,2023-02-09,7792
3588,通嘉,6,2,4,國票-北投,2023-02-09,7792
4768,晶呈科技,4,0,4,國票-北投,2023-02-09,7792
6213,聯茂,4,0,4,國票-北投,2023-02-09,7792
2748,雲品,132,3,129,國票-北投,2023-02-10,7792
2419,仲琦,40,0,40,國票-北投,2023-02-10,7792
2369,菱生,39,5,34,國票-北投,2023-02-10,7792
2618,長榮航,35,2,33,國票-北投,2023-02-10,7792
1783,和康生,29,0,29,國票-北投,2023-02-10,7792
2867,三商壽,27,0,27,國票-北投,2023-02-10,7792
1104,環泥,25,0,25,國票-北投,2023-02-10,7792
1909,榮成,24,0,24,國票-北投,2023-02-10,7792
6142,友勁,24,0,24,國票-北投,2023-02-10,7792
00878,國泰永續高股息,23,0,23,國票-北投,2023-02-10,7792
3594,磐儀,32,12,20,國票-北投,2023-02-10,7792
2344,華邦電,19,0,19,國票-北投,2023-02-10,7792
2929,淘帝-KY,19,2,17,國票-北投,2023-02-10,7792
2610,華航,16,0,16,國票-北投,2023-02-10,7792
2101,南港,22,8,14,國票-北投,2023-02-10,7792
00679B,元大美債20年,13,0,13,國票-北投,2023-02-10,7792
1605,華新,27,15,12,國票-北投,2023-02-10,7792
2609,陽明,16,5,11,國票-北投,2023-02-10,7792
5464,霖宏,14,3,11,國票-北投,2023-02-10,7792
6104,創惟,11,0,11,國票-北投,2023-02-10,7792
1503,士電,10,0,10,國票-北投,2023-02-10,7792
1101,台泥,10,0,10,國票-北投,2023-02-10,7792
00680L,元大美債20正2,10,0,10,國票-北投,2023-02-10,7792
2413,環科,10,0,10,國票-北投,2023-02-10,7792
3162,精確,18,8,10,國票-北投,2023-02-10,7792
3265,台星科,10,0,10,國票-北投,2023-02-10,7792
5009,榮剛,10,0,10,國票-北投,2023-02-10,7792
2498,宏達電,16,7,9,國票-北投,2023-02-10,7792
0056,元大高股息,11,2,9,國票-北投,2023-02-10,7792
2409,友達,10,2,8,國票-北投,2023-02-10,7792
00720B,元大投資級公司債,8,0,8,國票-北投,2023-02-10,7792
6116,彩晶,8,0,8,國票-北投,2023-02-10,7792
9962,有益,8,0,8,國票-北投,2023-02-10,7792
00725B,國泰投資級公司債,7,0,7,國票-北投,2023-02-10,7792
2897,王道銀行,7,0,7,國票-北投,2023-02-10,7792
2009,第一銅,6,0,6,國票-北投,2023-02-10,7792
2465,麗臺,6,0,6,國票-北投,2023-02-10,7792
4979,華星光,8,2,6,國票-北投,2023-02-10,7792
6770,力積電,6,0,6,國票-北投,2023-02-10,7792
1437,勤益控,5,0,5,國票-北投,2023-02-10,7792
1504,東元,5,0,5,國票-北投,2023-02-10,7792
2002,中鋼,5,0,5,國票-北投,2023-02-10,7792
2007,燁興,5,0,5,國票-北投,2023-02-10,7792
2034,允強,5,0,5,國票-北投,2023-02-10,7792
2067,嘉鋼,5,0,5,國票-北投,2023-02-10,7792
2329,華泰,5,0,5,國票-北投,2023-02-10,7792
2331,精英,5,0,5,國票-北投,2023-02-10,7792
2745,五福,5,0,5,國票-北投,2023-02-10,7792
3406,玉晶光,5,0,5,國票-北投,2023-02-10,7792
3715,定穎投控,5,0,5,國票-北投,2023-02-10,7792
2748,雲品,120,0,120,國票-北投,2023-02-13,7792
2330,台積電,64,6,58,國票-北投,2023-02-13,7792
2402,毅嘉,33,0,33,國票-北投,2023-02-13,7792
1605,華新,33,5,28,國票-北投,2023-02-13,7792
1909,榮成,18,0,18,國票-北投,2023-02-13,7792
6227,茂綸,15,0,15,國票-北投,2023-02-13,7792
00679B,元大美債20年,14,0,14,國票-北投,2023-02-13,7792
2303,聯電,18,5,13,國票-北投,2023-02-13,7792
3432,台端,13,0,13,國票-北投,2023-02-13,7792
2618,長榮航,12,0,12,國票-北投,2023-02-13,7792
3481,群創,14,2,12,國票-北投,2023-02-13,7792
00878,國泰永續高股息,11,0,11,國票-北投,2023-02-13,7792
2332,友訊,13,2,11,國票-北投,2023-02-13,7792
2034,允強,10,0,10,國票-北投,2023-02-13,7792
2399,映泰,11,1,10,國票-北投,2023-02-13,7792
2634,漢翔,10,1,9,國票-北投,2023-02-13,7792
00885,富邦越南,8,0,8,國票-北投,2023-02-13,7792
2453,凌群,12,4,8,國票-北投,2023-02-13,7792
2609,陽明,12,4,8,國票-北投,2023-02-13,7792
5234,達興材料,8,0,8,國票-北投,2023-02-13,7792
1783,和康生,11,4,7,國票-北投,2023-02-13,7792
6806,森崴能源,11,4,7,國票-北投,2023-02-13,7792
00893,國泰智能電動車,6,0,6,國票-北投,2023-02-13,7792
2331,精英,6,0,6,國票-北投,2023-02-13,7792
4919,新唐,10,4,6,國票-北投,2023-02-13,7792
1519,華城,46,41,5,國票-北投,2023-02-13,7792
1102,亞泥,5,0,5,國票-北投,2023-02-13,7792
00780B,國泰A級金融債,5,0,5,國票-北投,2023-02-13,7792
00680L,元大美債20正2,5,0,5,國票-北投,2023-02-13,7792
2884,玉山金,5,0,5,國票-北投,2023-02-13,7792
3406,玉晶光,5,0,5,國票-北投,2023-02-13,7792
3675,德微,8,3,5,國票-北投,2023-02-13,7792
4977,眾達-KY,7,2,5,國票-北投,2023-02-13,7792
6531,愛普*,5,0,5,國票-北投,2023-02-13,7792
8033,雷虎,5,0,5,國票-北投,2023-02-13,7792
0056,元大高股息,4,0,4,國票-北投,2023-02-13,7792
2201,裕隆,5,1,4,國票-北投,2023-02-13,7792
1795,美時,7,3,4,國票-北投,2023-02-13,7792
2441,超豐,4,0,4,國票-北投,2023-02-13,7792
3520,華盈,4,0,4,國票-北投,2023-02-13,7792
4114,健喬,27,23,4,國票-北投,2023-02-13,7792
4909,新復興,4,0,4,國票-北投,2023-02-13,7792
5536,聖暉*,4,0,4,國票-北投,2023-02-13,7792
6129,普誠,4,0,4,國票-北投,2023-02-13,7792
6438,迅得,4,0,4,國票-北投,2023-02-13,7792
8478,東哥遊艇,4,0,4,國票-北投,2023-02-13,7792
2009,第一銅,3,0,3,國票-北投,2023-02-13,7792
00720B,元大投資級公司債,3,0,3,國票-北投,2023-02-13,7792
2413,環科,3,0,3,國票-北投,2023-02-13,7792
2605,新興,4,1,3,國票-北投,2023-02-13,7792
5425,台半,188,0,188,國票-北投,2023-02-14,7792
2027,大成鋼,101,0,101,國票-北投,2023-02-14,7792
2402,毅嘉,47,0,47,國票-北投,2023-02-14,7792
5009,榮剛,26,0,26,國票-北投,2023-02-14,7792
2883,凱基金,20,6,14,國票-北投,2023-02-14,7792
4114,健喬,16,3,13,國票-北投,2023-02-14,7792
00679B,元大美債20年,11,0,11,國票-北投,2023-02-14,7792
2388,威盛,12,1,11,國票-北投,2023-02-14,7792
6175,立敦,11,0,11,國票-北投,2023-02-14,7792
00673R,期元大S＆P原油反1,10,0,10,國票-北投,2023-02-14,7792
1752,南光,11,1,10,國票-北投,2023-02-14,7792
1522,堤維西,10,1,9,國票-北投,2023-02-14,7792
00720B,元大投資級公司債,9,0,9,國票-北投,2023-02-14,7792
2888,新光金,8,0,8,國票-北投,2023-02-14,7792
5309,系統電,8,0,8,國票-北投,2023-02-14,7792
00891,中信關鍵半導體,10,2,8,國票-北投,2023-02-14,7792
00637L,元大滬深300正2,12,5,7,國票-北投,2023-02-14,7792
2344,華邦電,20,13,7,國票-北投,2023-02-14,7792
3346,麗清,8,1,7,國票-北投,2023-02-14,7792
1909,榮成,6,0,6,國票-北投,2023-02-14,7792
00918,大華優利高填息30,5,0,5,國票-北投,2023-02-14,7792
1609,大亞,5,0,5,國票-北投,2023-02-14,7792
2236,百達-KY,5,0,5,國票-北投,2023-02-14,7792
2359,所羅門,5,0,5,國票-北投,2023-02-14,7792
3042,晶技,5,0,5,國票-北投,2023-02-14,7792
3693,營邦,5,0,5,國票-北投,2023-02-14,7792
4541,晟田,5,0,5,國票-北投,2023-02-14,7792
8996,高力,5,0,5,國票-北投,2023-02-14,7792
3711,日月光投控,4,0,4,國票-北投,2023-02-14,7792
1536,和大,4,0,4,國票-北投,2023-02-14,7792
1326,台化,5,1,4,國票-北投,2023-02-14,7792
2014,中鴻,4,0,4,國票-北投,2023-02-14,7792
2206,三陽工業,4,0,4,國票-北投,2023-02-14,7792
4979,華星光,4,0,4,國票-北投,2023-02-14,7792
6133,金橋,4,0,4,國票-北投,2023-02-14,7792
6799,來頡,4,0,4,國票-北投,2023-02-14,7792
8222,寶一,4,0,4,國票-北投,2023-02-14,7792
00636,國泰中國A50,3,0,3,國票-北投,2023-02-14,7792
1802,台玻,3,0,3,國票-北投,2023-02-14,7792
2034,允強,3,0,3,國票-北投,2023-02-14,7792
2419,仲琦,3,0,3,國票-北投,2023-02-14,7792
2453,凌群,12,9,3,國票-北投,2023-02-14,7792
3305,昇貿,5,2,3,國票-北投,2023-02-14,7792
6585,鼎基,3,0,3,國票-北投,2023-02-14,7792
8033,雷虎,3,0,3,國票-北投,2023-02-14,7792
8476,台境*,4,2,2,國票-北投,2023-02-14,7792
1529,樂事綠能,2,0,2,國票-北投,2023-02-14,7792
00633L,富邦上証正2,2,0,2,國票-北投,2023-02-14,7792
00680L,元大美債20正2,2,0,2,國票-北投,2023-02-14,7792
00907,永豐優息存股,2,0,2,國票-北投,2023-02-14,7792
1609,大亞,244,14,230,國票-北投,2023-02-15,7792
8222,寶一,67,3,64,國票-北投,2023-02-15,7792
00878,國泰永續高股息,47,0,47,國票-北投,2023-02-15,7792
5009,榮剛,45,0,45,國票-北投,2023-02-15,7792
2867,三商壽,38,0,38,國票-北投,2023-02-15,7792
5703,亞都,35,0,35,國票-北投,2023-02-15,7792
6142,友勁,31,0,31,國票-北投,2023-02-15,7792
8076,伍豐,24,0,24,國票-北投,2023-02-15,7792
2328,廣宇,18,0,18,國票-北投,2023-02-15,7792
6443,元晶,16,0,16,國票-北投,2023-02-15,7792
2882,國泰金,15,0,15,國票-北投,2023-02-15,7792
3078,僑威,18,4,14,國票-北投,2023-02-15,7792
2388,威盛,13,0,13,國票-北投,2023-02-15,7792
1504,東元,14,2,12,國票-北投,2023-02-15,7792
2330,台積電,16,5,11,國票-北投,2023-02-15,7792
2206,三陽工業,14,3,11,國票-北投,2023-02-15,7792
8940,新天地,14,3,11,國票-北投,2023-02-15,7792
1432,大魯閣,10,0,10,國票-北投,2023-02-15,7792
2371,大同,10,0,10,國票-北投,2023-02-15,7792
2492,華新科,10,0,10,國票-北投,2023-02-15,7792
3706,神達,10,0,10,國票-北投,2023-02-15,7792
6129,普誠,10,0,10,國票-北投,2023-02-15,7792
6278,台表科,10,0,10,國票-北投,2023-02-15,7792
8936,國統,8,0,8,國票-北投,2023-02-15,7792
2743,山富,10,3,7,國票-北投,2023-02-15,7792
2419,仲琦,7,1,6,國票-北投,2023-02-15,7792
2929,淘帝-KY,20,14,6,國票-北投,2023-02-15,7792
3587,閎康,6,0,6,國票-北投,2023-02-15,7792
6411,晶焱,6,0,6,國票-北投,2023-02-15,7792
6712,長聖,7,1,6,國票-北投,2023-02-15,7792
2324,仁寶,5,0,5,國票-北投,2023-02-15,7792
2605,新興,5,0,5,國票-北投,2023-02-15,7792
2618,長榮航,6,1,5,國票-北投,2023-02-15,7792
2745,五福,5,0,5,國票-北投,2023-02-15,7792
3605,宏致,5,0,5,國票-北投,2023-02-15,7792
6244,茂迪,5,0,5,國票-北投,2023-02-15,7792
8033,雷虎,7,2,5,國票-北投,2023-02-15,7792
3594,磐儀,4,0,4,國票-北投,2023-02-15,7792
1301,台塑,4,0,4,國票-北投,2023-02-15,7792
1342,八貫,25,21,4,國票-北投,2023-02-15,7792
2067,嘉鋼,4,0,4,國票-北投,2023-02-15,7792
3702,大聯大,4,0,4,國票-北投,2023-02-15,7792
6101,寬魚國際,4,0,4,國票-北投,2023-02-15,7792
6438,迅得,4,0,4,國票-北投,2023-02-15,7792
0050,元大台灣50,3,0,3,國票-北投,2023-02-15,7792
00892,富邦台灣半導體,3,0,3,國票-北投,2023-02-15,7792
2376,技嘉,3,0,3,國票-北投,2023-02-15,7792
2481,強茂,3,0,3,國票-北投,2023-02-15,7792
2723,美食-KY,4,1,3,國票-北投,2023-02-15,7792
1503,士電,3,0,3,國票-北投,2023-02-15,7792
2402,毅嘉,120,40,80,國票-北投,2023-02-16,7792
00632R,元大台灣50反1,62,0,62,國票-北投,2023-02-16,7792
5425,台半,57,9,48,國票-北投,2023-02-16,7792
00878,國泰永續高股息,42,3,39,國票-北投,2023-02-16,7792
00664R,國泰臺灣加權反1,20,0,20,國票-北投,2023-02-16,7792
0056,元大高股息,21,1,20,國票-北投,2023-02-16,7792
00680L,元大美債20正2,15,0,15,國票-北投,2023-02-16,7792
6806,森崴能源,14,0,14,國票-北投,2023-02-16,7792
00679B,元大美債20年,13,0,13,國票-北投,2023-02-16,7792
1909,榮成,12,0,12,國票-北投,2023-02-16,7792
5243,乙盛-KY,12,0,12,國票-北投,2023-02-16,7792
1611,中電,10,0,10,國票-北投,2023-02-16,7792
1312,國喬,10,0,10,國票-北投,2023-02-16,7792
2419,仲琦,10,0,10,國票-北投,2023-02-16,7792
3162,精確,10,0,10,國票-北投,2023-02-16,7792
6118,建達,16,6,10,國票-北投,2023-02-16,7792
9105,泰金寶-DR,10,0,10,國票-北投,2023-02-16,7792
5009,榮剛,8,0,8,國票-北投,2023-02-16,7792
00720B,元大投資級公司債,7,0,7,國票-北投,2023-02-16,7792
4763,材料-KY,7,0,7,國票-北投,2023-02-16,7792
6282,康舒,7,0,7,國票-北投,2023-02-16,7792
00757,統一FANG+,6,0,6,國票-北投,2023-02-16,7792
2009,第一銅,7,1,6,國票-北投,2023-02-16,7792
2615,萬海,6,0,6,國票-北投,2023-02-16,7792
4142,國光生,6,0,6,國票-北投,2023-02-16,7792
8421,旭源,6,0,6,國票-北投,2023-02-16,7792
1752,南光,6,1,5,國票-北投,2023-02-16,7792
1301,台塑,5,0,5,國票-北投,2023-02-16,7792
00780B,國泰A級金融債,5,0,5,國票-北投,2023-02-16,7792
2329,華泰,5,0,5,國票-北投,2023-02-16,7792
2754,亞洲藏壽司,6,1,5,國票-北投,2023-02-16,7792
4534,慶騰,5,0,5,國票-北投,2023-02-16,7792
6492,生華科,5,0,5,國票-北投,2023-02-16,7792
8234,新漢,5,0,5,國票-北投,2023-02-16,7792
2317,鴻海,7,3,4,國票-北投,2023-02-16,7792
00652,富邦印度,4,0,4,國票-北投,2023-02-16,7792
2481,強茂,4,0,4,國票-北投,2023-02-16,7792
2609,陽明,5,1,4,國票-北投,2023-02-16,7792
5371,中光電,10,6,4,國票-北投,2023-02-16,7792
6411,晶焱,6,2,4,國票-北投,2023-02-16,7792
1504,東元,3,0,3,國票-北投,2023-02-16,7792
1524,耿鼎,5,2,3,國票-北投,2023-02-16,7792
00900,富邦特選高股息30,3,0,3,國票-北投,2023-02-16,7792
3078,僑威,3,0,3,國票-北投,2023-02-16,7792
3705,永信,3,0,3,國票-北投,2023-02-16,7792
4739,康普,3,0,3,國票-北投,2023-02-16,7792
5703,亞都,3,0,3,國票-北投,2023-02-16,7792
6239,力成,3,0,3,國票-北投,2023-02-16,7792
3564,其陽,2,0,2,國票-北投,2023-02-16,7792
00907,永豐優息存股,2,0,2,國票-北投,2023-02-16,7792
6282,康舒,63,1,62,國票-北投,2023-02-17,7792
2615,萬海,52,0,52,國票-北投,2023-02-17,7792
6770,力積電,50,0,50,國票-北投,2023-02-17,7792
5364,力麗店,23,0,23,國票-北投,2023-02-17,7792
2867,三商壽,21,0,21,國票-北投,2023-02-17,7792
2337,旺宏,20,0,20,國票-北投,2023-02-17,7792
2385,群光,20,0,20,國票-北投,2023-02-17,7792
2492,華新科,23,3,20,國票-北投,2023-02-17,7792
3492,長盛,20,0,20,國票-北投,2023-02-17,7792
2618,長榮航,29,12,17,國票-北投,2023-02-17,7792
2330,台積電,14,0,14,國票-北投,2023-02-17,7792
2610,華航,34,20,14,國票-北投,2023-02-17,7792
2888,新光金,13,0,13,國票-北投,2023-02-17,7792
3073,天方能源,13,0,13,國票-北投,2023-02-17,7792
1467,南緯,10,0,10,國票-北投,2023-02-17,7792
8349,�矬�,10,0,10,國票-北投,2023-02-17,7792
4114,健喬,10,1,9,國票-北投,2023-02-17,7792
6118,建達,9,0,9,國票-北投,2023-02-17,7792
00878,國泰永續高股息,11,2,9,國票-北投,2023-02-17,7792
00680L,元大美債20正2,10,2,8,國票-北投,2023-02-17,7792
1584,精剛,8,1,7,國票-北投,2023-02-17,7792
00679B,元大美債20年,9,2,7,國票-北投,2023-02-17,7792
2441,超豐,7,0,7,國票-北投,2023-02-17,7792
6443,元晶,7,0,7,國票-北投,2023-02-17,7792
8358,金居,21,14,7,國票-北投,2023-02-17,7792
00772B,中信高評級公司債,6,0,6,國票-北投,2023-02-17,7792
2471,資通,10,4,6,國票-北投,2023-02-17,7792
3661,世芯-KY,7,1,6,國票-北投,2023-02-17,7792
3711,日月光投控,6,0,6,國票-北投,2023-02-17,7792
1314,中石化,5,0,5,國票-北投,2023-02-17,7792
1218,泰山,5,0,5,國票-北投,2023-02-17,7792
00633L,富邦上証正2,6,1,5,國票-北投,2023-02-17,7792
2328,廣宇,5,0,5,國票-北投,2023-02-17,7792
2809,京城銀,5,0,5,國票-北投,2023-02-17,7792
3406,玉晶光,5,0,5,國票-北投,2023-02-17,7792
4746,台耀,5,0,5,國票-北投,2023-02-17,7792
5371,中光電,11,6,5,國票-北投,2023-02-17,7792
00757,統一FANG+,4,0,4,國票-北投,2023-02-17,7792
00751B,元大AAA至A公司債,4,0,4,國票-北投,2023-02-17,7792
00900,富邦特選高股息30,4,0,4,國票-北投,2023-02-17,7792
2331,精英,4,0,4,國票-北投,2023-02-17,7792
2376,技嘉,4,0,4,國票-北投,2023-02-17,7792
2705,六福,4,0,4,國票-北投,2023-02-17,7792
2884,玉山金,4,0,4,國票-北投,2023-02-17,7792
4977,眾達-KY,4,0,4,國票-北投,2023-02-17,7792
6239,力成,4,0,4,國票-北投,2023-02-17,7792
8261,富鼎,4,0,4,國票-北投,2023-02-17,7792
00891,中信關鍵半導體,3,0,3,國票-北投,2023-02-17,7792
2314,台揚,3,0,3,國票-北投,2023-02-17,7792
2504,國產,3,0,3,國票-北投,2023-02-17,7792
2610,華航,180,32,148,國票-北投,2023-02-20,7792
3030,德律,90,0,90,國票-北投,2023-02-20,7792
1909,榮成,60,0,60,國票-北投,2023-02-20,7792
4536,拓凱,60,2,58,國票-北投,2023-02-20,7792
2867,三商壽,30,0,30,國票-北投,2023-02-20,7792
4543,萬在,30,0,30,國票-北投,2023-02-20,7792
3380,明泰,22,0,22,國票-北投,2023-02-20,7792
4960,誠美材,25,3,22,國票-北投,2023-02-20,7792
3128,昇銳,20,0,20,國票-北投,2023-02-20,7792
2324,仁寶,20,1,19,國票-北投,2023-02-20,7792
4114,健喬,25,6,19,國票-北投,2023-02-20,7792
1605,華新,41,23,18,國票-北投,2023-02-20,7792
3224,三顧,17,0,17,國票-北投,2023-02-20,7792
2002,中鋼,20,4,16,國票-北投,2023-02-20,7792
2032,新鋼,15,0,15,國票-北投,2023-02-20,7792
3234,光環,15,0,15,國票-北投,2023-02-20,7792
8222,寶一,15,0,15,國票-北投,2023-02-20,7792
1504,東元,15,3,12,國票-北投,2023-02-20,7792
2419,仲琦,13,1,12,國票-北投,2023-02-20,7792
2881,富邦金,12,0,12,國票-北投,2023-02-20,7792
00772B,中信高評級公司債,11,0,11,國票-北投,2023-02-20,7792
00632R,元大台灣50反1,14,3,11,國票-北投,2023-02-20,7792
3062,建漢,11,0,11,國票-北投,2023-02-20,7792
1611,中電,10,0,10,國票-北投,2023-02-20,7792
2890,永豐金,10,0,10,國票-北投,2023-02-20,7792
4533,協易機,10,0,10,國票-北投,2023-02-20,7792
8033,雷虎,10,0,10,國票-北投,2023-02-20,7792
2371,大同,10,0,10,國票-北投,2023-02-20,7792
2478,大毅,10,1,9,國票-北投,2023-02-20,7792
00878,國泰永續高股息,14,5,9,國票-北投,2023-02-20,7792
2453,凌群,7,0,7,國票-北投,2023-02-20,7792
2455,全新,7,0,7,國票-北投,2023-02-20,7792
4142,國光生,7,0,7,國票-北投,2023-02-20,7792
4164,承業醫,9,2,7,國票-北投,2023-02-20,7792
6235,華孚,8,1,7,國票-北投,2023-02-20,7792
00900,富邦特選高股息30,6,0,6,國票-北投,2023-02-20,7792
8358,金居,16,10,6,國票-北投,2023-02-20,7792
00715L,期街口布蘭特正2,7,1,6,國票-北投,2023-02-20,7792
2049,上銀,7,1,6,國票-北投,2023-02-20,7792
2498,宏達電,14,8,6,國票-北投,2023-02-20,7792
3454,晶睿,12,6,6,國票-北投,2023-02-20,7792
6111,大宇資,8,2,6,國票-北投,2023-02-20,7792
6741,91APP*-KY,9,3,6,國票-北投,2023-02-20,7792
9941,裕融,6,0,6,國票-北投,2023-02-20,7792
1216,統一,5,0,5,國票-北投,2023-02-20,7792
1760,寶齡富錦,5,0,5,國票-北投,2023-02-20,7792
2017,官田鋼,5,0,5,國票-北投,2023-02-20,7792
2892,第一金,5,0,5,國票-北投,2023-02-20,7792
2906,高林,5,0,5,國票-北投,2023-02-20,7792
3576,聯合再生,5,0,5,國票-北投,2023-02-20,7792
1909,榮成,132,0,132,國票-北投,2023-02-21,7792
2409,友達,102,0,102,國票-北投,2023-02-21,7792
2495,普安,100,0,100,國票-北投,2023-02-21,7792
2014,中鴻,60,1,59,國票-北投,2023-02-21,7792
2634,漢翔,53,1,52,國票-北投,2023-02-21,7792
2402,毅嘉,50,0,50,國票-北投,2023-02-21,7792
2317,鴻海,48,2,46,國票-北投,2023-02-21,7792
3481,群創,57,12,45,國票-北投,2023-02-21,7792
2609,陽明,60,25,35,國票-北投,2023-02-21,7792
3714,富采,30,0,30,國票-北投,2023-02-21,7792
4536,拓凱,30,0,30,國票-北投,2023-02-21,7792
2618,長榮航,21,0,21,國票-北投,2023-02-21,7792
5512,力麒,20,0,20,國票-北投,2023-02-21,7792
1437,勤益控,20,1,19,國票-北投,2023-02-21,7792
2009,第一銅,20,1,19,國票-北投,2023-02-21,7792
1584,精剛,17,0,17,國票-北投,2023-02-21,7792
00725B,國泰投資級公司債,17,0,17,國票-北投,2023-02-21,7792
1522,堤維西,13,0,13,國票-北投,2023-02-21,7792
2481,強茂,12,0,12,國票-北投,2023-02-21,7792
2867,三商壽,24,12,12,國票-北投,2023-02-21,7792
6237,驊訊,12,0,12,國票-北投,2023-02-21,7792
8936,國統,13,1,12,國票-北投,2023-02-21,7792
2883,凱基金,20,9,11,國票-北投,2023-02-21,7792
8105,凌巨,12,1,11,國票-北投,2023-02-21,7792
2032,新鋼,10,0,10,國票-北投,2023-02-21,7792
3059,華晶科,10,0,10,國票-北投,2023-02-21,7792
9933,中鼎,10,0,10,國票-北投,2023-02-21,7792
8358,金居,9,0,9,國票-北投,2023-02-21,7792
1609,大亞,12,3,9,國票-北投,2023-02-21,7792
1810,和成,13,5,8,國票-北投,2023-02-21,7792
3710,連展投控,11,3,8,國票-北投,2023-02-21,7792
5009,榮剛,8,0,8,國票-北投,2023-02-21,7792
5285,界霖,8,0,8,國票-北投,2023-02-21,7792
6756,威鋒電子,9,2,7,國票-北投,2023-02-21,7792
1342,八貫,13,7,6,國票-北投,2023-02-21,7792
1752,南光,6,0,6,國票-北投,2023-02-21,7792
2206,三陽工業,10,4,6,國票-北投,2023-02-21,7792
8436,大江,8,2,6,國票-北投,2023-02-21,7792
2027,大成鋼,5,0,5,國票-北投,2023-02-21,7792
2884,玉山金,31,26,5,國票-北投,2023-02-21,7792
1783,和康生,6,1,5,國票-北投,2023-02-21,7792
1718,中纖,5,0,5,國票-北投,2023-02-21,7792
1102,亞泥,5,0,5,國票-北投,2023-02-21,7792
2329,華泰,5,0,5,國票-北投,2023-02-21,7792
2369,菱生,5,0,5,國票-北投,2023-02-21,7792
2610,華航,16,11,5,國票-北投,2023-02-21,7792
2637,慧洋-KY,5,0,5,國票-北投,2023-02-21,7792
2906,高林,5,0,5,國票-北投,2023-02-21,7792
3037,欣興,5,0,5,國票-北投,2023-02-21,7792
3693,營邦,7,2,5,國票-北投,2023-02-21,7792
5425,台半,89,1,88,國票-北投,2023-02-22,7792
2402,毅嘉,40,0,40,國票-北投,2023-02-22,7792
00878,國泰永續高股息,23,0,23,國票-北投,2023-02-22,7792
1528,恩德,20,0,20,國票-北投,2023-02-22,7792
6509,聚和,19,1,18,國票-北投,2023-02-22,7792
3419,譁裕,15,0,15,國票-北投,2023-02-22,7792
1909,榮成,13,0,13,國票-北投,2023-02-22,7792
4528,江興鍛,13,0,13,國票-北投,2023-02-22,7792
1722,台肥,20,8,12,國票-北投,2023-02-22,7792
2425,承啟,12,0,12,國票-北投,2023-02-22,7792
3037,欣興,12,0,12,國票-北投,2023-02-22,7792
3049,精金,13,1,12,國票-北投,2023-02-22,7792
2834,臺企銀,11,0,11,國票-北投,2023-02-22,7792
2739,寒舍,10,0,10,國票-北投,2023-02-22,7792
3078,僑威,10,0,10,國票-北投,2023-02-22,7792
3714,富采,10,0,10,國票-北投,2023-02-22,7792
4979,華星光,10,0,10,國票-北投,2023-02-22,7792
6188,廣明,10,0,10,國票-北投,2023-02-22,7792
00725B,國泰投資級公司債,9,0,9,國票-北投,2023-02-22,7792
2338,光罩,10,1,9,國票-北投,2023-02-22,7792
5608,四維航,14,5,9,國票-北投,2023-02-22,7792
00893,國泰智能電動車,7,0,7,國票-北投,2023-02-22,7792
3362,先進光,8,1,7,國票-北投,2023-02-22,7792
1522,堤維西,11,5,6,國票-北投,2023-02-22,7792
2478,大毅,6,0,6,國票-北投,2023-02-22,7792
2702,華園,6,0,6,國票-北投,2023-02-22,7792
6168,宏齊,6,0,6,國票-北投,2023-02-22,7792
3594,磐儀,5,0,5,國票-北投,2023-02-22,7792
0050,元大台灣50,5,0,5,國票-北投,2023-02-22,7792
3558,神準,6,1,5,國票-北投,2023-02-22,7792
00852L,國泰美國道瓊正2,5,0,5,國票-北投,2023-02-22,7792
2010,春源,5,0,5,國票-北投,2023-02-22,7792
2887,台新金,5,0,5,國票-北投,2023-02-22,7792
3029,零壹,7,2,5,國票-北投,2023-02-22,7792
4129,聯合,5,0,5,國票-北投,2023-02-22,7792
4576,大銀微系統,5,0,5,國票-北投,2023-02-22,7792
6104,創惟,5,0,5,國票-北投,2023-02-22,7792
6116,彩晶,5,0,5,國票-北投,2023-02-22,7792
6244,茂迪,5,0,5,國票-北投,2023-02-22,7792
6643,M31,6,1,5,國票-北投,2023-02-22,7792
0056,元大高股息,8,3,5,國票-北投,2023-02-22,7792
6789,采鈺,4,0,4,國票-北投,2023-02-22,7792
6756,威鋒電子,4,0,4,國票-北投,2023-02-22,7792
3545,敦泰,5,1,4,國票-北投,2023-02-22,7792
3693,營邦,4,0,4,國票-北投,2023-02-22,7792
5483,中美晶,4,0,4,國票-北投,2023-02-22,7792
6129,普誠,4,0,4,國票-北投,2023-02-22,7792
8433,弘帆,4,0,4,國票-北投,2023-02-22,7792
2330,台積電,3,0,3,國票-北投,2023-02-22,7792
3035,智原,15,12,3,國票-北投,2023-02-22,7792
00632R,元大台灣50反1,60,0,60,國票-北投,2023-02-23,7792
8076,伍豐,35,1,34,國票-北投,2023-02-23,7792
2392,正崴,25,0,25,國票-北投,2023-02-23,7792
3094,聯傑,26,1,25,國票-北投,2023-02-23,7792
8358,金居,43,21,22,國票-北投,2023-02-23,7792
00664R,國泰臺灣加權反1,20,0,20,國票-北投,2023-02-23,7792
4973,廣穎,22,4,18,國票-北投,2023-02-23,7792
00885,富邦越南,16,0,16,國票-北投,2023-02-23,7792
2743,山富,15,0,15,國票-北投,2023-02-23,7792
8936,國統,17,3,14,國票-北投,2023-02-23,7792
6111,大宇資,13,0,13,國票-北投,2023-02-23,7792
1513,中興電,15,3,12,國票-北投,2023-02-23,7792
00725B,國泰投資級公司債,11,0,11,國票-北投,2023-02-23,7792
5243,乙盛-KY,11,0,11,國票-北投,2023-02-23,7792
1608,華榮,10,0,10,國票-北投,2023-02-23,7792
00637L,元大滬深300正2,15,5,10,國票-北投,2023-02-23,7792
1909,榮成,12,2,10,國票-北投,2023-02-23,7792
2601,益航,10,0,10,國票-北投,2023-02-23,7792
3419,譁裕,10,0,10,國票-北投,2023-02-23,7792
2409,友達,9,0,9,國票-北投,2023-02-23,7792
5347,世界,12,3,9,國票-北投,2023-02-23,7792
00715L,期街口布蘭特正2,8,0,8,國票-北投,2023-02-23,7792
1783,和康生,9,1,8,國票-北投,2023-02-23,7792
2329,華泰,8,0,8,國票-北投,2023-02-23,7792
2355,敬鵬,7,0,7,國票-北投,2023-02-23,7792
4528,江興鍛,7,0,7,國票-北投,2023-02-23,7792
8436,大江,8,1,7,國票-北投,2023-02-23,7792
1752,南光,8,2,6,國票-北投,2023-02-23,7792
2303,聯電,7,1,6,國票-北投,2023-02-23,7792
2471,資通,18,12,6,國票-北投,2023-02-23,7792
3508,位速,6,0,6,國票-北投,2023-02-23,7792
5478,智冠,6,0,6,國票-北投,2023-02-23,7792
6220,岳豐,10,4,6,國票-北投,2023-02-23,7792
2834,臺企銀,8,2,6,國票-北投,2023-02-23,7792
2308,台達電,5,0,5,國票-北投,2023-02-23,7792
1611,中電,5,0,5,國票-北投,2023-02-23,7792
2363,矽統,5,0,5,國票-北投,2023-02-23,7792
2748,雲品,6,1,5,國票-北投,2023-02-23,7792
2882,國泰金,5,0,5,國票-北投,2023-02-23,7792
3234,光環,5,0,5,國票-北投,2023-02-23,7792
3264,欣銓,5,0,5,國票-北投,2023-02-23,7792
3406,玉晶光,5,0,5,國票-北投,2023-02-23,7792
3587,閎康,5,0,5,國票-北投,2023-02-23,7792
6116,彩晶,5,0,5,國票-北投,2023-02-23,7792
8112,至上,5,0,5,國票-北投,2023-02-23,7792
8155,博智,6,1,5,國票-北投,2023-02-23,7792
8183,精星,5,0,5,國票-北投,2023-02-23,7792
9945,潤泰新,5,0,5,國票-北投,2023-02-23,7792
00751B,元大AAA至A公司債,4,0,4,國票-北投,2023-02-23,7792
1810,和成,4,0,4,國票-北投,2023-02-23,7792
2739,寒舍,218,0,218,國票-北投,2023-02-24,7792
2610,華航,63,1,62,國票-北投,2023-02-24,7792
2425,承啟,44,6,38,國票-北投,2023-02-24,7792
1783,和康生,30,0,30,國票-北投,2023-02-24,7792
5457,宣德,30,1,29,國票-北投,2023-02-24,7792
0056,元大高股息,34,5,29,國票-北投,2023-02-24,7792
00632R,元大台灣50反1,23,0,23,國票-北投,2023-02-24,7792
3038,全台,20,0,20,國票-北投,2023-02-24,7792
1909,榮成,24,5,19,國票-北投,2023-02-24,7792
2609,陽明,57,38,19,國票-北投,2023-02-24,7792
6223,旺矽,19,0,19,國票-北投,2023-02-24,7792
00637L,元大滬深300正2,20,5,15,國票-北投,2023-02-24,7792
2344,華邦電,14,1,13,國票-北投,2023-02-24,7792
1342,八貫,22,12,10,國票-北投,2023-02-24,7792
00753L,中信中國50正2,10,0,10,國票-北投,2023-02-24,7792
2402,毅嘉,12,2,10,國票-北投,2023-02-24,7792
3714,富采,10,0,10,國票-北投,2023-02-24,7792
6188,廣明,10,0,10,國票-北投,2023-02-24,7792
9945,潤泰新,10,0,10,國票-北投,2023-02-24,7792
2367,燿華,20,11,9,國票-北投,2023-02-24,7792
6547,高端疫苗,9,0,9,國票-北投,2023-02-24,7792
1605,華新,57,49,8,國票-北投,2023-02-24,7792
2208,台船,10,2,8,國票-北投,2023-02-24,7792
2002,中鋼,7,0,7,國票-北投,2023-02-24,7792
2017,官田鋼,7,0,7,國票-北投,2023-02-24,7792
2355,敬鵬,7,0,7,國票-北投,2023-02-24,7792
2612,中航,7,0,7,國票-北投,2023-02-24,7792
2618,長榮航,7,0,7,國票-北投,2023-02-24,7792
2641,正德,8,1,7,國票-北投,2023-02-24,7792
6116,彩晶,7,0,7,國票-北投,2023-02-24,7792
8234,新漢,9,2,7,國票-北投,2023-02-24,7792
2867,三商壽,6,0,6,國票-北投,2023-02-24,7792
4164,承業醫,6,0,6,國票-北投,2023-02-24,7792
4743,合一,21,15,6,國票-北投,2023-02-24,7792
8210,勤誠,6,0,6,國票-北投,2023-02-24,7792
8222,寶一,6,0,6,國票-北投,2023-02-24,7792
00731,復華富時高息低波,5,0,5,國票-北投,2023-02-24,7792
2363,矽統,5,0,5,國票-北投,2023-02-24,7792
2611,志信,5,0,5,國票-北投,2023-02-24,7792
3682,亞太電,5,0,5,國票-北投,2023-02-24,7792
4528,江興鍛,5,0,5,國票-北投,2023-02-24,7792
4979,華星光,5,0,5,國票-北投,2023-02-24,7792
5234,達興材料,5,0,5,國票-北投,2023-02-24,7792
5388,中磊,5,0,5,國票-北投,2023-02-24,7792
6129,普誠,5,0,5,國票-北投,2023-02-24,7792
6770,力積電,11,6,5,國票-北投,2023-02-24,7792
8033,雷虎,15,10,5,國票-北投,2023-02-24,7792
1701,中化,4,0,4,國票-北投,2023-02-24,7792
1477,聚陽,4,0,4,國票-北投,2023-02-24,7792
2375,凱美,4,0,4,國票-北投,2023-02-24,7792
1605,華新,246,76,170,國票-北投,2023-03-01,7792
1909,榮成,72,0,72,國票-北投,2023-03-01,7792
2002,中鋼,34,0,34,國票-北投,2023-03-01,7792
2402,毅嘉,85,55,30,國票-北投,2023-03-01,7792
3006,晶豪科,32,2,30,國票-北投,2023-03-01,7792
2618,長榮航,27,0,27,國票-北投,2023-03-01,7792
1442,名軒,26,0,26,國票-北投,2023-03-01,7792
2030,彰源,22,0,22,國票-北投,2023-03-01,7792
2492,華新科,20,0,20,國票-北投,2023-03-01,7792
2504,國產,20,0,20,國票-北投,2023-03-01,7792
00878,國泰永續高股息,18,0,18,國票-北投,2023-03-01,7792
5009,榮剛,16,0,16,國票-北投,2023-03-01,7792
2637,慧洋-KY,16,1,15,國票-北投,2023-03-01,7792
0056,元大高股息,15,0,15,國票-北投,2023-03-01,7792
8033,雷虎,13,1,12,國票-北投,2023-03-01,7792
1303,南亞,12,1,11,國票-北投,2023-03-01,7792
2344,華邦電,11,0,11,國票-北投,2023-03-01,7792
4432,銘旺實,11,0,11,國票-北投,2023-03-01,7792
2419,仲琦,10,0,10,國票-北投,2023-03-01,7792
2867,三商壽,10,0,10,國票-北投,2023-03-01,7792
2881,富邦金,10,0,10,國票-北投,2023-03-01,7792
3088,艾訊,12,2,10,國票-北投,2023-03-01,7792
6111,大宇資,10,0,10,國票-北投,2023-03-01,7792
3481,群創,9,0,9,國票-北投,2023-03-01,7792
2641,正德,10,1,9,國票-北投,2023-03-01,7792
3026,禾伸堂,8,0,8,國票-北投,2023-03-01,7792
5608,四維航,16,8,8,國票-北投,2023-03-01,7792
2208,台船,7,0,7,國票-北投,2023-03-01,7792
2884,玉山金,7,0,7,國票-北投,2023-03-01,7792
2888,新光金,6,0,6,國票-北投,2023-03-01,7792
00752,中信中國50,6,0,6,國票-北投,2023-03-01,7792
2634,漢翔,7,1,6,國票-北投,2023-03-01,7792
6841,長佳智能,6,0,6,國票-北投,2023-03-01,7792
8936,國統,6,0,6,國票-北投,2023-03-01,7792
2609,陽明,9,4,5,國票-北投,2023-03-01,7792
00852L,國泰美國道瓊正2,5,0,5,國票-北投,2023-03-01,7792
00900,富邦特選高股息30,5,0,5,國票-北投,2023-03-01,7792
2010,春源,5,0,5,國票-北投,2023-03-01,7792
2441,超豐,5,0,5,國票-北投,2023-03-01,7792
2506,太設,5,0,5,國票-北投,2023-03-01,7792
2610,華航,5,0,5,國票-北投,2023-03-01,7792
2889,國票金,5,0,5,國票-北投,2023-03-01,7792
4147,中裕,5,0,5,國票-北投,2023-03-01,7792
6197,佳必琪,5,0,5,國票-北投,2023-03-01,7792
6235,華孚,6,1,5,國票-北投,2023-03-01,7792
9921,巨大,5,0,5,國票-北投,2023-03-01,7792
1217,愛之味,4,0,4,國票-北投,2023-03-01,7792
2408,南亞科,4,0,4,國票-北投,2023-03-01,7792
2812,台中銀,5,1,4,國票-北投,2023-03-01,7792
6697,東捷資訊,4,0,4,國票-北投,2023-03-01,7792
5608,四維航,203,21,182,國票-北投,2023-03-02,7792
2027,大成鋼,127,0,127,國票-北投,2023-03-02,7792
6182,合晶,28,0,28,國票-北投,2023-03-02,7792
00885,富邦越南,23,1,22,國票-北投,2023-03-02,7792
00632R,元大台灣50反1,20,0,20,國票-北投,2023-03-02,7792
4746,台耀,23,5,18,國票-北投,2023-03-02,7792
00712,復華富時不動產,16,0,16,國票-北投,2023-03-02,7792
00680L,元大美債20正2,15,0,15,國票-北投,2023-03-02,7792
1513,中興電,15,1,14,國票-北投,2023-03-02,7792
2634,漢翔,15,2,13,國票-北投,2023-03-02,7792
5512,力麒,14,1,13,國票-北投,2023-03-02,7792
1909,榮成,12,0,12,國票-北投,2023-03-02,7792
3680,家登,12,0,12,國票-北投,2023-03-02,7792
2812,台中銀,11,0,11,國票-北投,2023-03-02,7792
2641,正德,25,14,11,國票-北投,2023-03-02,7792
2007,燁興,10,0,10,國票-北投,2023-03-02,7792
2371,大同,10,0,10,國票-北投,2023-03-02,7792
2504,國產,11,1,10,國票-北投,2023-03-02,7792
5351,鈺創,10,0,10,國票-北投,2023-03-02,7792
6244,茂迪,10,0,10,國票-北投,2023-03-02,7792
9962,有益,16,6,10,國票-北投,2023-03-02,7792
2492,華新科,11,2,9,國票-北投,2023-03-02,7792
2201,裕隆,7,0,7,國票-北投,2023-03-02,7792
2495,普安,17,10,7,國票-北投,2023-03-02,7792
2453,凌群,6,1,5,國票-北投,2023-03-02,7792
00752,中信中國50,5,0,5,國票-北投,2023-03-02,7792
1342,八貫,19,14,5,國票-北投,2023-03-02,7792
2303,聯電,9,4,5,國票-北投,2023-03-02,7792
2885,元大金,5,0,5,國票-北投,2023-03-02,7792
2915,潤泰全,5,0,5,國票-北投,2023-03-02,7792
3037,欣興,11,6,5,國票-北投,2023-03-02,7792
3419,譁裕,11,6,5,國票-北投,2023-03-02,7792
3711,日月光投控,5,0,5,國票-北投,2023-03-02,7792
4804,大略-KY,5,0,5,國票-北投,2023-03-02,7792
4927,泰鼎-KY,6,1,5,國票-北投,2023-03-02,7792
4977,眾達-KY,5,0,5,國票-北投,2023-03-02,7792
5309,系統電,5,0,5,國票-北投,2023-03-02,7792
5371,中光電,5,0,5,國票-北投,2023-03-02,7792
5388,中磊,5,0,5,國票-北投,2023-03-02,7792
6129,普誠,5,0,5,國票-北投,2023-03-02,7792
6672,騰輝電子-KY,5,0,5,國票-北投,2023-03-02,7792
2834,臺企銀,4,0,4,國票-北投,2023-03-02,7792
1432,大魯閣,4,0,4,國票-北投,2023-03-02,7792
00772B,中信高評級公司債,4,0,4,國票-北投,2023-03-02,7792
2376,技嘉,5,1,4,國票-北投,2023-03-02,7792
2413,環科,4,0,4,國票-北投,2023-03-02,7792
2736,富野,4,0,4,國票-北投,2023-03-02,7792
5347,世界,5,1,4,國票-北投,2023-03-02,7792
6170,統振,4,0,4,國票-北投,2023-03-02,7792
6443,元晶,5,1,4,國票-北投,2023-03-02,7792
2637,慧洋-KY,50,1,49,國票-北投,2023-03-03,7792
3715,定穎投控,30,0,30,國票-北投,2023-03-03,7792
00632R,元大台灣50反1,24,0,24,國票-北投,2023-03-03,7792
1909,榮成,24,0,24,國票-北投,2023-03-03,7792
1605,華新,83,60,23,國票-北投,2023-03-03,7792
00679B,元大美債20年,20,0,20,國票-北投,2023-03-03,7792
2913,農林,20,0,20,國票-北投,2023-03-03,7792
1742,台蠟,19,0,19,國票-北投,2023-03-03,7792
8112,至上,14,0,14,國票-北投,2023-03-03,7792
3661,世芯-KY,17,4,13,國票-北投,2023-03-03,7792
2892,第一金,13,0,13,國票-北投,2023-03-03,7792
8171,天宇,14,2,12,國票-北投,2023-03-03,7792
2884,玉山金,12,0,12,國票-北投,2023-03-03,7792
2388,威盛,17,6,11,國票-北投,2023-03-03,7792
8105,凌巨,11,0,11,國票-北投,2023-03-03,7792
2337,旺宏,10,0,10,國票-北投,2023-03-03,7792
2504,國產,10,0,10,國票-北投,2023-03-03,7792
2601,益航,10,0,10,國票-北投,2023-03-03,7792
5009,榮剛,10,0,10,國票-北投,2023-03-03,7792
6282,康舒,21,11,10,國票-北投,2023-03-03,7792
3265,台星科,10,1,9,國票-北投,2023-03-03,7792
1477,聚陽,8,0,8,國票-北投,2023-03-03,7792
00712,復華富時不動產,8,0,8,國票-北投,2023-03-03,7792
1752,南光,32,24,8,國票-北投,2023-03-03,7792
6129,普誠,8,0,8,國票-北投,2023-03-03,7792
00882,中信中國高股息,7,0,7,國票-北投,2023-03-03,7792
2597,潤弘,7,0,7,國票-北投,2023-03-03,7792
2606,裕民,11,4,7,國票-北投,2023-03-03,7792
5234,達興材料,7,0,7,國票-北投,2023-03-03,7792
1714,和桐,6,0,6,國票-北投,2023-03-03,7792
3038,全台,6,0,6,國票-北投,2023-03-03,7792
3141,晶宏,10,4,6,國票-北投,2023-03-03,7792
4528,江興鍛,6,0,6,國票-北投,2023-03-03,7792
6170,統振,6,0,6,國票-北投,2023-03-03,7792
2034,允強,5,0,5,國票-北投,2023-03-03,7792
4747,強生,5,0,5,國票-北投,2023-03-03,7792
8033,雷虎,7,2,5,國票-北投,2023-03-03,7792
1101,台泥,4,0,4,國票-北投,2023-03-03,7792
1417,嘉裕,4,0,4,國票-北投,2023-03-03,7792
00637L,元大滬深300正2,6,2,4,國票-北投,2023-03-03,7792
2007,燁興,5,1,4,國票-北投,2023-03-03,7792
3705,永信,4,0,4,國票-北投,2023-03-03,7792
4915,致伸,7,3,4,國票-北投,2023-03-03,7792
6245,立端,8,4,4,國票-北投,2023-03-03,7792
6669,緯穎,4,0,4,國票-北投,2023-03-03,7792
2027,大成鋼,3,0,3,國票-北投,2023-03-03,7792
4167,松瑞藥,8,5,3,國票-北投,2023-03-03,7792
5483,中美晶,3,0,3,國票-北投,2023-03-03,7792
6118,建達,4,1,3,國票-北投,2023-03-03,7792
8996,高力,3,0,3,國票-北投,2023-03-03,7792
4906,正文,200,0,200,國票-北投,2023-03-06,7792
2641,正德,174,2,172,國票-北投,2023-03-06,7792
6770,力積電,152,27,125,國票-北投,2023-03-06,7792
00632R,元大台灣50反1,124,0,124,國票-北投,2023-03-06,7792
00712,復華富時不動產,52,0,52,國票-北投,2023-03-06,7792
1909,榮成,45,0,45,國票-北投,2023-03-06,7792
6125,廣運,36,1,35,國票-北投,2023-03-06,7792
6152,百一,30,0,30,國票-北投,2023-03-06,7792
00878,國泰永續高股息,26,0,26,國票-北投,2023-03-06,7792
3047,訊舟,33,11,22,國票-北投,2023-03-06,7792
8076,伍豐,25,3,22,國票-北投,2023-03-06,7792
2323,中環,20,0,20,國票-北投,2023-03-06,7792
2328,廣宇,20,0,20,國票-北投,2023-03-06,7792
2392,正崴,20,0,20,國票-北投,2023-03-06,7792
3715,定穎投控,20,0,20,國票-北投,2023-03-06,7792
1708,東鹼,20,2,18,國票-北投,2023-03-06,7792
2444,兆勁,18,2,16,國票-北投,2023-03-06,7792
1536,和大,15,0,15,國票-北投,2023-03-06,7792
2014,中鴻,17,2,15,國票-北投,2023-03-06,7792
2419,仲琦,20,5,15,國票-北投,2023-03-06,7792
6278,台表科,14,0,14,國票-北投,2023-03-06,7792
1217,愛之味,12,0,12,國票-北投,2023-03-06,7792
3038,全台,12,0,12,國票-北投,2023-03-06,7792
6689,伊雲谷,11,0,11,國票-北投,2023-03-06,7792
2344,華邦電,14,3,11,國票-北投,2023-03-06,7792
2405,輔信,11,0,11,國票-北投,2023-03-06,7792
00664R,國泰臺灣加權反1,10,0,10,國票-北投,2023-03-06,7792
6140,訊達,10,0,10,國票-北投,2023-03-06,7792
6288,聯嘉,11,1,10,國票-北投,2023-03-06,7792
8927,北基,10,0,10,國票-北投,2023-03-06,7792
2884,玉山金,10,1,9,國票-北投,2023-03-06,7792
2605,新興,10,1,9,國票-北投,2023-03-06,7792
3682,亞太電,10,1,9,國票-北投,2023-03-06,7792
4528,江興鍛,9,0,9,國票-北投,2023-03-06,7792
3652,精聯,8,0,8,國票-北投,2023-03-06,7792
6163,華電網,10,2,8,國票-北投,2023-03-06,7792
1752,南光,8,1,7,國票-北投,2023-03-06,7792
8112,至上,11,4,7,國票-北投,2023-03-06,7792
3088,艾訊,6,0,6,國票-北投,2023-03-06,7792
3661,世芯-KY,8,2,6,國票-北投,2023-03-06,7792
9962,有益,6,0,6,國票-北投,2023-03-06,7792
1539,巨庭,7,2,5,國票-北投,2023-03-06,7792
00652,富邦印度,7,2,5,國票-北投,2023-03-06,7792
2484,希華,5,0,5,國票-北投,2023-03-06,7792
2707,晶華,5,0,5,國票-北投,2023-03-06,7792
2748,雲品,5,0,5,國票-北投,2023-03-06,7792
5227,立凱-KY,5,0,5,國票-北投,2023-03-06,7792
6113,亞矽,6,1,5,國票-北投,2023-03-06,7792
6116,彩晶,19,14,5,國票-北投,2023-03-06,7792
6118,建達,7,2,5,國票-北投,2023-03-06,7792
6026,福邦證,1726,0,1726,國票-北投,2023-03-07,7792
8176,智捷,40,0,40,國票-北投,2023-03-07,7792
2495,普安,30,1,29,國票-北投,2023-03-07,7792
3715,定穎投控,59,30,29,國票-北投,2023-03-07,7792
6175,立敦,40,19,21,國票-北投,2023-03-07,7792
1539,巨庭,21,0,21,國票-北投,2023-03-07,7792
2352,佳世達,20,0,20,國票-北投,2023-03-07,7792
2530,華建,20,0,20,國票-北投,2023-03-07,7792
3682,亞太電,20,0,20,國票-北投,2023-03-07,7792
6152,百一,20,0,20,國票-北投,2023-03-07,7792
1909,榮成,16,0,16,國票-北投,2023-03-07,7792
3481,群創,17,3,14,國票-北投,2023-03-07,7792
4528,江興鍛,14,0,14,國票-北投,2023-03-07,7792
00632R,元大台灣50反1,13,0,13,國票-北投,2023-03-07,7792
2449,京元電子,13,2,11,國票-北投,2023-03-07,7792
2634,漢翔,11,0,11,國票-北投,2023-03-07,7792
3443,創意,16,5,11,國票-北投,2023-03-07,7792
2338,光罩,11,0,11,國票-北投,2023-03-07,7792
1528,恩德,10,0,10,國票-北投,2023-03-07,7792
00673R,期元大S＆P原油反1,10,0,10,國票-北投,2023-03-07,7792
00664R,國泰臺灣加權反1,10,0,10,國票-北投,2023-03-07,7792
1784,訊聯,10,0,10,國票-北投,2023-03-07,7792
3576,聯合再生,10,0,10,國票-北投,2023-03-07,7792
8927,北基,10,0,10,國票-北投,2023-03-07,7792
00637L,元大滬深300正2,18,9,9,國票-北投,2023-03-07,7792
2419,仲琦,29,20,9,國票-北投,2023-03-07,7792
2618,長榮航,9,0,9,國票-北投,2023-03-07,7792
00882,中信中國高股息,10,2,8,國票-北投,2023-03-07,7792
5009,榮剛,19,12,7,國票-北投,2023-03-07,7792
2344,華邦電,6,0,6,國票-北投,2023-03-07,7792
2354,鴻準,6,0,6,國票-北投,2023-03-07,7792
3362,先進光,12,6,6,國票-北投,2023-03-07,7792
4915,致伸,6,0,6,國票-北投,2023-03-07,7792
5512,力麒,7,1,6,國票-北投,2023-03-07,7792
3707,漢磊,6,0,6,國票-北投,2023-03-07,7792
00900,富邦特選高股息30,10,4,6,國票-北投,2023-03-07,7792
2481,強茂,12,6,6,國票-北投,2023-03-07,7792
1742,台蠟,5,0,5,國票-北投,2023-03-07,7792
2027,大成鋼,7,2,5,國票-北投,2023-03-07,7792
2243,宏旭-KY,5,0,5,國票-北投,2023-03-07,7792
2834,臺企銀,5,0,5,國票-北投,2023-03-07,7792
3141,晶宏,5,0,5,國票-北投,2023-03-07,7792
4747,強生,5,0,5,國票-北投,2023-03-07,7792
6111,大宇資,5,0,5,國票-北投,2023-03-07,7792
2105,正新,4,0,4,國票-北投,2023-03-07,7792
2208,台船,4,0,4,國票-北投,2023-03-07,7792
2498,宏達電,6,2,4,國票-北投,2023-03-07,7792
3432,台端,4,0,4,國票-北投,2023-03-07,7792
4931,新盛力,6,2,4,國票-北投,2023-03-07,7792
4977,眾達-KY,4,0,4,國票-北投,2023-03-07,7792
2104,國際中橡,200,0,200,國票-北投,2023-03-08,7792
3481,群創,62,1,61,國票-北投,2023-03-08,7792
3682,亞太電,45,0,45,國票-北投,2023-03-08,7792
2402,毅嘉,40,0,40,國票-北投,2023-03-08,7792
2601,益航,40,0,40,國票-北投,2023-03-08,7792
3576,聯合再生,39,0,39,國票-北投,2023-03-08,7792
1605,華新,140,108,32,國票-北投,2023-03-08,7792
3033,威健,30,0,30,國票-北投,2023-03-08,7792
9907,統一實,22,0,22,國票-北投,2023-03-08,7792
1718,中纖,20,0,20,國票-北投,2023-03-08,7792
2481,強茂,21,2,19,國票-北投,2023-03-08,7792
1504,東元,19,4,15,國票-北投,2023-03-08,7792
2495,普安,17,2,15,國票-北投,2023-03-08,7792
00878,國泰永續高股息,19,4,15,國票-北投,2023-03-08,7792
1909,榮成,12,0,12,國票-北投,2023-03-08,7792
3013,晟銘電,12,0,12,國票-北投,2023-03-08,7792
3362,先進光,20,8,12,國票-北投,2023-03-08,7792
00637L,元大滬深300正2,11,0,11,國票-北投,2023-03-08,7792
4528,江興鍛,11,0,11,國票-北投,2023-03-08,7792
2892,第一金,10,0,10,國票-北投,2023-03-08,7792
00715L,期街口布蘭特正2,10,0,10,國票-北投,2023-03-08,7792
00753L,中信中國50正2,10,0,10,國票-北投,2023-03-08,7792
2353,宏��,10,0,10,國票-北投,2023-03-08,7792
2405,輔信,10,0,10,國票-北投,2023-03-08,7792
2618,長榮航,12,2,10,國票-北投,2023-03-08,7792
3042,晶技,10,0,10,國票-北投,2023-03-08,7792
3703,欣陸,10,0,10,國票-北投,2023-03-08,7792
4306,炎洲,10,0,10,國票-北投,2023-03-08,7792
6531,愛普*,10,0,10,國票-北投,2023-03-08,7792
2610,華航,10,1,9,國票-北投,2023-03-08,7792
2344,華邦電,10,1,9,國票-北投,2023-03-08,7792
2314,台揚,10,2,8,國票-北投,2023-03-08,7792
3673,TPK-KY,8,0,8,國票-北投,2023-03-08,7792
6196,帆宣,8,0,8,國票-北投,2023-03-08,7792
6234,高僑,25,17,8,國票-北投,2023-03-08,7792
6235,華孚,30,22,8,國票-北投,2023-03-08,7792
2834,臺企銀,7,0,7,國票-北投,2023-03-08,7792
2884,玉山金,7,0,7,國票-北投,2023-03-08,7792
9933,中鼎,7,0,7,國票-北投,2023-03-08,7792
00725B,國泰投資級公司債,6,0,6,國票-北投,2023-03-08,7792
1217,愛之味,6,0,6,國票-北投,2023-03-08,7792
3017,奇鋐,6,0,6,國票-北投,2023-03-08,7792
6278,台表科,7,1,6,國票-北投,2023-03-08,7792
6282,康舒,17,11,6,國票-北投,2023-03-08,7792
8114,振樺電,6,0,6,國票-北投,2023-03-08,7792
8171,天宇,6,0,6,國票-北投,2023-03-08,7792
8215,明基材,7,1,6,國票-北投,2023-03-08,7792
1558,伸興,5,0,5,國票-北投,2023-03-08,7792
1513,中興電,17,12,5,國票-北投,2023-03-08,7792
1319,東陽,5,0,5,國票-北投,2023-03-08,7792
2104,國際中橡,100,1,99,國票-北投,2023-03-09,7792
2609,陽明,61,1,60,國票-北投,2023-03-09,7792
2492,華新科,43,0,43,國票-北投,2023-03-09,7792
1605,華新,39,6,33,國票-北投,2023-03-09,7792
4526,東台,33,0,33,國票-北投,2023-03-09,7792
2352,佳世達,33,2,31,國票-北投,2023-03-09,7792
6142,友勁,30,0,30,國票-北投,2023-03-09,7792
3481,群創,29,0,29,國票-北投,2023-03-09,7792
0056,元大高股息,26,0,26,國票-北投,2023-03-09,7792
5009,榮剛,52,26,26,國票-北投,2023-03-09,7792
1909,榮成,25,0,25,國票-北投,2023-03-09,7792
1718,中纖,35,12,23,國票-北投,2023-03-09,7792
4157,太景*-KY,22,0,22,國票-北投,2023-03-09,7792
2883,凱基金,41,20,21,國票-北投,2023-03-09,7792
2606,裕民,20,0,20,國票-北投,2023-03-09,7792
2419,仲琦,17,0,17,國票-北投,2023-03-09,7792
3128,昇銳,19,2,17,國票-北投,2023-03-09,7792
2409,友達,16,0,16,國票-北投,2023-03-09,7792
00878,國泰永續高股息,15,0,15,國票-北投,2023-03-09,7792
3088,艾訊,14,0,14,國票-北投,2023-03-09,7792
2243,宏旭-KY,13,0,13,國票-北投,2023-03-09,7792
2484,希華,15,2,13,國票-北投,2023-03-09,7792
8069,元太,12,0,12,國票-北投,2023-03-09,7792
2330,台積電,12,1,11,國票-北投,2023-03-09,7792
2002,中鋼,12,1,11,國票-北投,2023-03-09,7792
1513,中興電,17,7,10,國票-北投,2023-03-09,7792
2495,普安,10,0,10,國票-北投,2023-03-09,7792
2615,萬海,10,0,10,國票-北投,2023-03-09,7792
3022,威強電,10,0,10,國票-北投,2023-03-09,7792
6104,創惟,10,0,10,國票-北投,2023-03-09,7792
6163,華電網,10,0,10,國票-北投,2023-03-09,7792
6266,泰詠,11,2,9,國票-北投,2023-03-09,7792
6282,康舒,14,5,9,國票-北投,2023-03-09,7792
1524,耿鼎,8,0,8,國票-北投,2023-03-09,7792
3017,奇鋐,8,0,8,國票-北投,2023-03-09,7792
4979,華星光,9,1,8,國票-北投,2023-03-09,7792
5425,台半,9,1,8,國票-北投,2023-03-09,7792
9933,中鼎,8,1,7,國票-北投,2023-03-09,7792
00882,中信中國高股息,7,0,7,國票-北投,2023-03-09,7792
00637L,元大滬深300正2,24,17,7,國票-北投,2023-03-09,7792
1303,南亞,7,0,7,國票-北投,2023-03-09,7792
2610,華航,33,26,7,國票-北投,2023-03-09,7792
2618,長榮航,24,17,7,國票-北投,2023-03-09,7792
3680,家登,7,0,7,國票-北投,2023-03-09,7792
6235,華孚,7,0,7,國票-北投,2023-03-09,7792
6285,啟��,9,2,7,國票-北投,2023-03-09,7792
6609,瀧澤科,7,0,7,國票-北投,2023-03-09,7792
6770,力積電,56,50,6,國票-北投,2023-03-09,7792
1595,川寶,6,0,6,國票-北投,2023-03-09,7792
00751B,元大AAA至A公司債,6,0,6,國票-北投,2023-03-09,7792
6026,福邦證,274,0,274,國票-北投,2023-03-10,7792
2498,宏達電,104,0,104,國票-北投,2023-03-10,7792
2104,國際中橡,100,0,100,國票-北投,2023-03-10,7792
2609,陽明,166,78,88,國票-北投,2023-03-10,7792
6116,彩晶,67,0,67,國票-北投,2023-03-10,7792
1217,愛之味,54,0,54,國票-北投,2023-03-10,7792
1584,精剛,34,2,32,國票-北投,2023-03-10,7792
6168,宏齊,31,5,26,國票-北投,2023-03-10,7792
1524,耿鼎,31,6,25,國票-北投,2023-03-10,7792
2607,榮運,21,0,21,國票-北投,2023-03-10,7792
3017,奇鋐,21,1,20,國票-北投,2023-03-10,7792
5009,榮剛,28,8,20,國票-北投,2023-03-10,7792
8171,天宇,22,2,20,國票-北投,2023-03-10,7792
2641,正德,23,4,19,國票-北投,2023-03-10,7792
00713,元大台灣高息低波,20,2,18,國票-北投,2023-03-10,7792
00878,國泰永續高股息,18,0,18,國票-北投,2023-03-10,7792
2610,華航,30,13,17,國票-北投,2023-03-10,7792
2618,長榮航,17,0,17,國票-北投,2023-03-10,7792
00637L,元大滬深300正2,28,12,16,國票-北投,2023-03-10,7792
2208,台船,16,1,15,國票-北投,2023-03-10,7792
2881,富邦金,14,0,14,國票-北投,2023-03-10,7792
4528,江興鍛,14,0,14,國票-北投,2023-03-10,7792
3055,蔚華科,14,1,13,國票-北投,2023-03-10,7792
6442,光聖,13,0,13,國票-北投,2023-03-10,7792
2888,新光金,12,0,12,國票-北投,2023-03-10,7792
6129,普誠,18,6,12,國票-北投,2023-03-10,7792
3707,漢磊,12,0,12,國票-北投,2023-03-10,7792
2303,聯電,11,0,11,國票-北投,2023-03-10,7792
2887,台新金,11,0,11,國票-北投,2023-03-10,7792
6234,高僑,11,0,11,國票-北投,2023-03-10,7792
1326,台化,10,0,10,國票-北投,2023-03-10,7792
00753L,中信中國50正2,10,0,10,國票-北投,2023-03-10,7792
1440,南紡,10,0,10,國票-北投,2023-03-10,7792
1907,永豐餘,10,0,10,國票-北投,2023-03-10,7792
3346,麗清,10,0,10,國票-北投,2023-03-10,7792
3714,富采,10,0,10,國票-北投,2023-03-10,7792
6227,茂綸,10,0,10,國票-北投,2023-03-10,7792
6531,愛普*,12,2,10,國票-北投,2023-03-10,7792
8927,北基,10,0,10,國票-北投,2023-03-10,7792
9907,統一實,10,0,10,國票-北投,2023-03-10,7792
1519,華城,13,4,9,國票-北投,2023-03-10,7792
1539,巨庭,9,0,9,國票-北投,2023-03-10,7792
4142,國光生,39,30,9,國票-北投,2023-03-10,7792
0056,元大高股息,9,0,9,國票-北投,2023-03-10,7792
2330,台積電,10,2,8,國票-北投,2023-03-10,7792
2891,中信金,8,0,8,國票-北投,2023-03-10,7792
2884,玉山金,8,0,8,國票-北投,2023-03-10,7792
2243,宏旭-KY,8,0,8,國票-北投,2023-03-10,7792
2344,華邦電,8,0,8,國票-北投,2023-03-10,7792
8383,千附,8,0,8,國票-北投,2023-03-10,7792
6168,宏齊,74,0,74,國票-北投,2023-03-13,7792
3481,群創,60,3,57,國票-北投,2023-03-13,7792
00878,國泰永續高股息,63,8,55,國票-北投,2023-03-13,7792
6770,力積電,50,0,50,國票-北投,2023-03-13,7792
2867,三商壽,36,0,36,國票-北投,2023-03-13,7792
2312,金寶,52,20,32,國票-北投,2023-03-13,7792
2323,中環,30,0,30,國票-北投,2023-03-13,7792
00713,元大台灣高息低波,29,0,29,國票-北投,2023-03-13,7792
6246,臺龍,27,0,27,國票-北投,2023-03-13,7792
00720B,元大投資級公司債,21,0,21,國票-北投,2023-03-13,7792
5009,榮剛,24,5,19,國票-北投,2023-03-13,7792
1909,榮成,18,0,18,國票-北投,2023-03-13,7792
2882,國泰金,15,0,15,國票-北投,2023-03-13,7792
2884,玉山金,14,0,14,國票-北投,2023-03-13,7792
00772B,中信高評級公司債,13,0,13,國票-北投,2023-03-13,7792
2328,廣宇,13,0,13,國票-北投,2023-03-13,7792
5258,虹堡,11,0,11,國票-北投,2023-03-13,7792
1339,昭輝,10,0,10,國票-北投,2023-03-13,7792
1714,和桐,10,0,10,國票-北投,2023-03-13,7792
2007,燁興,10,0,10,國票-北投,2023-03-13,7792
2023,燁輝,10,0,10,國票-北投,2023-03-13,7792
2103,台橡,10,0,10,國票-北投,2023-03-13,7792
2504,國產,10,0,10,國票-北投,2023-03-13,7792
2836,高雄銀,10,0,10,國票-北投,2023-03-13,7792
3024,憶聲,10,0,10,國票-北投,2023-03-13,7792
3402,漢科,12,2,10,國票-北投,2023-03-13,7792
3715,定穎投控,10,0,10,國票-北投,2023-03-13,7792
6488,環球晶,11,1,10,國票-北投,2023-03-13,7792
2402,毅嘉,10,1,9,國票-北投,2023-03-13,7792
4536,拓凱,9,0,9,國票-北投,2023-03-13,7792
2634,漢翔,9,1,8,國票-北投,2023-03-13,7792
3533,嘉澤,9,1,8,國票-北投,2023-03-13,7792
4528,江興鍛,8,0,8,國票-北投,2023-03-13,7792
1504,東元,17,10,7,國票-北投,2023-03-13,7792
4157,太景*-KY,10,3,7,國票-北投,2023-03-13,7792
1605,華新,17,11,6,國票-北投,2023-03-13,7792
2331,精英,6,0,6,國票-北投,2023-03-13,7792
2812,台中銀,6,0,6,國票-北投,2023-03-13,7792
3006,晶豪科,6,0,6,國票-北投,2023-03-13,7792
3532,台勝科,6,0,6,國票-北投,2023-03-13,7792
3607,谷崧,6,0,6,國票-北投,2023-03-13,7792
4545,銘鈺,6,0,6,國票-北投,2023-03-13,7792
6841,長佳智能,5,0,5,國票-北投,2023-03-13,7792
1584,精剛,5,0,5,國票-北投,2023-03-13,7792
1514,亞力,5,0,5,國票-北投,2023-03-13,7792
1618,合機,5,0,5,國票-北投,2023-03-13,7792
1326,台化,5,0,5,國票-北投,2023-03-13,7792
2337,旺宏,5,0,5,國票-北投,2023-03-13,7792
2375,凱美,5,0,5,國票-北投,2023-03-13,7792
3013,晟銘電,5,0,5,國票-北投,2023-03-13,7792
1909,榮成,57,0,57,國票-北投,2023-03-14,7792
2331,精英,40,0,40,國票-北投,2023-03-14,7792
00878,國泰永續高股息,36,0,36,國票-北投,2023-03-14,7792
2609,陽明,43,19,24,國票-北投,2023-03-14,7792
00632R,元大台灣50反1,28,6,22,國票-北投,2023-03-14,7792
2409,友達,22,0,22,國票-北投,2023-03-14,7792
6182,合晶,22,0,22,國票-北投,2023-03-14,7792
00720B,元大投資級公司債,21,0,21,國票-北投,2023-03-14,7792
2884,玉山金,20,0,20,國票-北投,2023-03-14,7792
2421,建準,20,0,20,國票-北投,2023-03-14,7792
2881,富邦金,19,0,19,國票-北投,2023-03-14,7792
2303,聯電,25,7,18,國票-北投,2023-03-14,7792
2615,萬海,63,45,18,國票-北投,2023-03-14,7792
2027,大成鋼,45,28,17,國票-北投,2023-03-14,7792
1503,士電,17,2,15,國票-北投,2023-03-14,7792
2007,燁興,15,0,15,國票-北投,2023-03-14,7792
2618,長榮航,29,15,14,國票-北投,2023-03-14,7792
00654R,富邦印度反1,13,0,13,國票-北投,2023-03-14,7792
8028,昇陽半導體,12,0,12,國票-北投,2023-03-14,7792
2748,雲品,11,0,11,國票-北投,2023-03-14,7792
3017,奇鋐,11,0,11,國票-北投,2023-03-14,7792
3481,群創,20,10,10,國票-北投,2023-03-14,7792
00715L,期街口布蘭特正2,15,5,10,國票-北投,2023-03-14,7792
2427,三商電,10,0,10,國票-北投,2023-03-14,7792
3128,昇銳,10,0,10,國票-北投,2023-03-14,7792
3419,譁裕,10,0,10,國票-北投,2023-03-14,7792
6116,彩晶,10,0,10,國票-北投,2023-03-14,7792
6168,宏齊,10,0,10,國票-北投,2023-03-14,7792
6531,愛普*,10,0,10,國票-北投,2023-03-14,7792
2867,三商壽,9,0,9,國票-北投,2023-03-14,7792
1477,聚陽,9,0,9,國票-北投,2023-03-14,7792
1609,大亞,11,3,8,國票-北投,2023-03-14,7792
3046,建��,12,4,8,國票-北投,2023-03-14,7792
2882,國泰金,7,0,7,國票-北投,2023-03-14,7792
00893,國泰智能電動車,7,0,7,國票-北投,2023-03-14,7792
8069,元太,7,1,6,國票-北投,2023-03-14,7792
2888,新光金,6,0,6,國票-北投,2023-03-14,7792
00712,復華富時不動產,6,0,6,國票-北投,2023-03-14,7792
2880,華南金,6,0,6,國票-北投,2023-03-14,7792
4128,中天,6,0,6,國票-北投,2023-03-14,7792
4545,銘鈺,7,1,6,國票-北投,2023-03-14,7792
5880,合庫金,6,0,6,國票-北投,2023-03-14,7792
6488,環球晶,6,0,6,國票-北投,2023-03-14,7792
1326,台化,5,0,5,國票-北投,2023-03-14,7792
1316,上曜,5,0,5,國票-北投,2023-03-14,7792
00673R,期元大S＆P原油反1,10,5,5,國票-北投,2023-03-14,7792
2009,第一銅,5,0,5,國票-北投,2023-03-14,7792
2023,燁輝,5,0,5,國票-北投,2023-03-14,7792
2439,美律,5,0,5,國票-北投,2023-03-14,7792
2471,資通,5,0,5,國票-北投,2023-03-14,7792
2889,國票金,119,18,101,國票-北投,2023-03-15,7792
00878,國泰永續高股息,32,0,32,國票-北投,2023-03-15,7792
2884,玉山金,30,0,30,國票-北投,2023-03-15,7792
2603,長榮,52,23,29,國票-北投,2023-03-15,7792
2610,華航,29,1,28,國票-北投,2023-03-15,7792
6152,百一,40,13,27,國票-北投,2023-03-15,7792
2484,希華,23,0,23,國票-北投,2023-03-15,7792
00720B,元大投資級公司債,21,0,21,國票-北投,2023-03-15,7792
2375,凱美,15,0,15,國票-北投,2023-03-15,7792
6246,臺龍,15,0,15,國票-北投,2023-03-15,7792
2883,凱基金,18,5,13,國票-北投,2023-03-15,7792
2317,鴻海,14,2,12,國票-北投,2023-03-15,7792
4961,天鈺,12,0,12,國票-北投,2023-03-15,7792
5243,乙盛-KY,12,0,12,國票-北投,2023-03-15,7792
2312,金寶,31,20,11,國票-北投,2023-03-15,7792
2419,仲琦,11,0,11,國票-北投,2023-03-15,7792
6257,矽格,11,0,11,國票-北投,2023-03-15,7792
2402,毅嘉,14,4,10,國票-北投,2023-03-15,7792
00715L,期街口布蘭特正2,9,0,9,國票-北投,2023-03-15,7792
8033,雷虎,11,2,9,國票-北投,2023-03-15,7792
2482,連宇,9,1,8,國票-北投,2023-03-15,7792
1722,台肥,7,0,7,國票-北投,2023-03-15,7792
2881,富邦金,7,0,7,國票-北投,2023-03-15,7792
2607,榮運,6,0,6,國票-北投,2023-03-15,7792
2615,萬海,10,4,6,國票-北投,2023-03-15,7792
2880,華南金,6,0,6,國票-北投,2023-03-15,7792
3045,台灣大,6,0,6,國票-北投,2023-03-15,7792
6109,亞元,6,0,6,國票-北投,2023-03-15,7792
9945,潤泰新,6,0,6,國票-北投,2023-03-15,7792
6266,泰詠,5,0,5,國票-北投,2023-03-15,7792
6789,采鈺,5,0,5,國票-北投,2023-03-15,7792
00680L,元大美債20正2,5,0,5,國票-北投,2023-03-15,7792
1734,杏輝,5,0,5,國票-北投,2023-03-15,7792
2032,新鋼,5,0,5,國票-北投,2023-03-15,7792
2201,裕隆,7,2,5,國票-北投,2023-03-15,7792
2464,盟立,5,0,5,國票-北投,2023-03-15,7792
2506,太設,5,0,5,國票-北投,2023-03-15,7792
2641,正德,7,2,5,國票-北投,2023-03-15,7792
5512,力麒,5,0,5,國票-北投,2023-03-15,7792
5880,合庫金,5,0,5,國票-北投,2023-03-15,7792
6282,康舒,16,11,5,國票-北投,2023-03-15,7792
6488,環球晶,5,0,5,國票-北投,2023-03-15,7792
8926,台汽電,6,1,5,國票-北投,2023-03-15,7792
2017,官田鋼,4,0,4,國票-北投,2023-03-15,7792
1342,八貫,5,1,4,國票-北投,2023-03-15,7792
00637L,元大滬深300正2,10,6,4,國票-北投,2023-03-15,7792
2618,長榮航,11,7,4,國票-北投,2023-03-15,7792
3481,群創,4,0,4,國票-北投,2023-03-15,7792
8289,泰藝,4,0,4,國票-北投,2023-03-15,7792
9955,佳龍,5,1,4,國票-北投,2023-03-15,7792
00632R,元大台灣50反1,148,9,139,國票-北投,2023-03-16,7792
9962,有益,83,0,83,國票-北投,2023-03-16,7792
2609,陽明,116,38,78,國票-北投,2023-03-16,7792
2104,國際中橡,66,0,66,國票-北投,2023-03-16,7792
1909,榮成,64,0,64,國票-北投,2023-03-16,7792
6163,華電網,67,16,51,國票-北投,2023-03-16,7792
2419,仲琦,50,0,50,國票-北投,2023-03-16,7792
3673,TPK-KY,50,0,50,國票-北投,2023-03-16,7792
2603,長榮,53,7,46,國票-北投,2023-03-16,7792
6770,力積電,50,5,45,國票-北投,2023-03-16,7792
00715L,期街口布蘭特正2,44,0,44,國票-北投,2023-03-16,7792
6244,茂迪,33,4,29,國票-北投,2023-03-16,7792
1584,精剛,24,0,24,國票-北投,2023-03-16,7792
3042,晶技,24,0,24,國票-北投,2023-03-16,7792
6531,愛普*,22,0,22,國票-北投,2023-03-16,7792
2891,中信金,18,0,18,國票-北投,2023-03-16,7792
2027,大成鋼,15,0,15,國票-北投,2023-03-16,7792
2834,臺企銀,219,205,14,國票-北投,2023-03-16,7792
6246,臺龍,14,0,14,國票-北投,2023-03-16,7792
5009,榮剛,23,10,13,國票-北投,2023-03-16,7792
2884,玉山金,15,5,10,國票-北投,2023-03-16,7792
00680L,元大美債20正2,10,0,10,國票-北投,2023-03-16,7792
2344,華邦電,10,0,10,國票-北投,2023-03-16,7792
3712,永崴投控,10,0,10,國票-北投,2023-03-16,7792
4961,天鈺,10,0,10,國票-北投,2023-03-16,7792
5608,四維航,10,0,10,國票-北投,2023-03-16,7792
6227,茂綸,10,0,10,國票-北投,2023-03-16,7792
0056,元大高股息,15,5,10,國票-北投,2023-03-16,7792
2413,環科,9,0,9,國票-北投,2023-03-16,7792
6443,元晶,9,0,9,國票-北投,2023-03-16,7792
2427,三商電,7,0,7,國票-北投,2023-03-16,7792
2457,飛宏,130,123,7,國票-北投,2023-03-16,7792
2504,國產,7,0,7,國票-北投,2023-03-16,7792
3037,欣興,10,3,7,國票-北投,2023-03-16,7792
2610,華航,9,3,6,國票-北投,2023-03-16,7792
2634,漢翔,7,1,6,國票-北投,2023-03-16,7792
3520,華盈,6,0,6,國票-北投,2023-03-16,7792
00712,復華富時不動產,5,0,5,國票-北投,2023-03-16,7792
1808,潤隆,5,0,5,國票-北投,2023-03-16,7792
2538,基泰,5,0,5,國票-北投,2023-03-16,7792
2618,長榮航,5,0,5,國票-北投,2023-03-16,7792
4153,鈺緯,5,0,5,國票-北投,2023-03-16,7792
4534,慶騰,8,3,5,國票-北投,2023-03-16,7792
6438,迅得,5,0,5,國票-北投,2023-03-16,7792
6643,M31,5,0,5,國票-北投,2023-03-16,7792
6841,長佳智能,5,0,5,國票-北投,2023-03-16,7792
8033,雷虎,10,5,5,國票-北投,2023-03-16,7792
8110,華東,5,0,5,國票-北投,2023-03-16,7792
2888,新光金,4,0,4,國票-北投,2023-03-16,7792
2812,台中銀,4,0,4,國票-北投,2023-03-16,7792
00632R,元大台灣50反1,103,0,103,國票-北投,2023-03-17,7792
1104,環泥,100,0,100,國票-北投,2023-03-17,7792
2498,宏達電,52,3,49,國票-北投,2023-03-17,7792
2337,旺宏,47,0,47,國票-北投,2023-03-17,7792
6163,華電網,47,6,41,國票-北投,2023-03-17,7792
2419,仲琦,85,45,40,國票-北投,2023-03-17,7792
6843,進典,40,0,40,國票-北投,2023-03-17,7792
5243,乙盛-KY,33,0,33,國票-北投,2023-03-17,7792
2601,益航,30,0,30,國票-北投,2023-03-17,7792
4526,東台,27,0,27,國票-北投,2023-03-17,7792
00878,國泰永續高股息,27,0,27,國票-北投,2023-03-17,7792
1513,中興電,22,2,20,國票-北投,2023-03-17,7792
2609,陽明,38,18,20,國票-北投,2023-03-17,7792
2495,普安,16,1,15,國票-北投,2023-03-17,7792
5009,榮剛,15,1,14,國票-北投,2023-03-17,7792
2888,新光金,13,0,13,國票-北投,2023-03-17,7792
3236,千如,12,0,12,國票-北投,2023-03-17,7792
1519,華城,11,1,10,國票-北投,2023-03-17,7792
2481,強茂,10,0,10,國票-北投,2023-03-17,7792
2834,臺企銀,10,0,10,國票-北投,2023-03-17,7792
2892,第一金,10,0,10,國票-北投,2023-03-17,7792
3024,憶聲,10,0,10,國票-北投,2023-03-17,7792
3231,緯創,16,6,10,國票-北投,2023-03-17,7792
2399,映泰,11,2,9,國票-北投,2023-03-17,7792
6182,合晶,31,23,8,國票-北投,2023-03-17,7792
1522,堤維西,10,3,7,國票-北投,2023-03-17,7792
1101,台泥,7,0,7,國票-北投,2023-03-17,7792
2344,華邦電,10,3,7,國票-北投,2023-03-17,7792
2884,玉山金,7,0,7,國票-北投,2023-03-17,7792
2603,長榮,15,8,7,國票-北投,2023-03-17,7792
5258,虹堡,6,0,6,國票-北投,2023-03-17,7792
5483,中美晶,7,1,6,國票-北投,2023-03-17,7792
6235,華孚,11,5,6,國票-北投,2023-03-17,7792
2889,國票金,9,3,6,國票-北投,2023-03-17,7792
1909,榮成,5,0,5,國票-北投,2023-03-17,7792
00712,復華富時不動產,5,0,5,國票-北投,2023-03-17,7792
1339,昭輝,5,0,5,國票-北投,2023-03-17,7792
2208,台船,5,0,5,國票-北投,2023-03-17,7792
2610,華航,7,2,5,國票-北投,2023-03-17,7792
3189,景碩,5,0,5,國票-北投,2023-03-17,7792
3450,聯鈞,5,0,5,國票-北投,2023-03-17,7792
1504,東元,10,5,5,國票-北投,2023-03-17,7792
2606,裕民,8,4,4,國票-北投,2023-03-17,7792
0056,元大高股息,4,0,4,國票-北投,2023-03-17,7792
1524,耿鼎,6,3,3,國票-北投,2023-03-17,7792
2002,中鋼,5,2,3,國票-北投,2023-03-17,7792
2406,國碩,3,0,3,國票-北投,2023-03-17,7792
2883,凱基金,3,0,3,國票-北投,2023-03-17,7792
3028,增你強,3,0,3,國票-北投,2023-03-17,7792
4938,和碩,3,0,3,國票-北投,2023-03-17,7792
2882,國泰金,56,0,56,國票-北投,2023-03-20,7792
00878,國泰永續高股息,57,5,52,國票-北投,2023-03-20,7792
2498,宏達電,32,2,30,國票-北投,2023-03-20,7792
5465,富驊,28,0,28,國票-北投,2023-03-20,7792
00637L,元大滬深300正2,34,10,24,國票-北投,2023-03-20,7792
1611,中電,21,0,21,國票-北投,2023-03-20,7792
5512,力麒,18,0,18,國票-北投,2023-03-20,7792
00885,富邦越南,16,0,16,國票-北投,2023-03-20,7792
2464,盟立,14,0,14,國票-北投,2023-03-20,7792
4919,新唐,15,1,14,國票-北投,2023-03-20,7792
1314,中石化,13,0,13,國票-北投,2023-03-20,7792
6443,元晶,22,10,12,國票-北投,2023-03-20,7792
6715,嘉基,13,2,11,國票-北投,2023-03-20,7792
2881,富邦金,10,0,10,國票-北投,2023-03-20,7792
2330,台積電,10,0,10,國票-北投,2023-03-20,7792
2883,凱基金,10,0,10,國票-北投,2023-03-20,7792
2890,永豐金,10,0,10,國票-北投,2023-03-20,7792
3033,威健,10,0,10,國票-北投,2023-03-20,7792
5488,松普,10,0,10,國票-北投,2023-03-20,7792
6282,康舒,20,10,10,國票-北投,2023-03-20,7792
8926,台汽電,11,1,10,國票-北投,2023-03-20,7792
1304,台聚,12,2,10,國票-北投,2023-03-20,7792
2413,環科,9,0,9,國票-北投,2023-03-20,7792
4987,科誠,7,0,7,國票-北投,2023-03-20,7792
2603,長榮,12,6,6,國票-北投,2023-03-20,7792
00888,永豐台灣ESG,6,0,6,國票-北投,2023-03-20,7792
3056,富華新,6,0,6,國票-北投,2023-03-20,7792
6274,台燿,6,0,6,國票-北投,2023-03-20,7792
1504,東元,6,0,6,國票-北投,2023-03-20,7792
2884,玉山金,5,0,5,國票-北投,2023-03-20,7792
1605,華新,60,55,5,國票-北投,2023-03-20,7792
2406,國碩,15,10,5,國票-北投,2023-03-20,7792
3011,今皓,5,0,5,國票-北投,2023-03-20,7792
3029,零壹,10,5,5,國票-北投,2023-03-20,7792
3293,鈊象,5,0,5,國票-北投,2023-03-20,7792
3691,碩禾,5,0,5,國票-北投,2023-03-20,7792
4130,健亞,5,0,5,國票-北投,2023-03-20,7792
5353,台林,5,0,5,國票-北投,2023-03-20,7792
6770,力積電,5,0,5,國票-北投,2023-03-20,7792
9941,裕融,5,0,5,國票-北投,2023-03-20,7792
3533,嘉澤,5,0,5,國票-北投,2023-03-20,7792
9945,潤泰新,8,4,4,國票-北投,2023-03-20,7792
5483,中美晶,4,0,4,國票-北投,2023-03-20,7792
00715L,期街口布蘭特正2,4,0,4,國票-北投,2023-03-20,7792
2454,聯發科,4,0,4,國票-北投,2023-03-20,7792
2834,臺企銀,5,1,4,國票-北投,2023-03-20,7792
4526,東台,4,0,4,國票-北投,2023-03-20,7792
6179,亞通,4,0,4,國票-北投,2023-03-20,7792
2888,新光金,5,2,3,國票-北投,2023-03-20,7792
8358,金居,3,0,3,國票-北投,2023-03-20,7792
2641,正德,150,0,150,國票-北投,2023-03-21,7792
2344,華邦電,61,3,58,國票-北投,2023-03-21,7792
6223,旺矽,54,1,53,國票-北投,2023-03-21,7792
6770,力積電,50,0,50,國票-北投,2023-03-21,7792
00632R,元大台灣50反1,36,0,36,國票-北投,2023-03-21,7792
2303,聯電,25,0,25,國票-北投,2023-03-21,7792
3027,盛達,23,1,22,國票-北投,2023-03-21,7792
4526,東台,22,0,22,國票-北投,2023-03-21,7792
4543,萬在,24,2,22,國票-北投,2023-03-21,7792
6235,華孚,53,31,22,國票-北投,2023-03-21,7792
6531,愛普*,21,1,20,國票-北投,2023-03-21,7792
00885,富邦越南,15,1,14,國票-北投,2023-03-21,7792
2406,國碩,14,0,14,國票-北投,2023-03-21,7792
2609,陽明,14,1,13,國票-北投,2023-03-21,7792
1909,榮成,12,0,12,國票-北投,2023-03-21,7792
00878,國泰永續高股息,25,13,12,國票-北投,2023-03-21,7792
1319,東陽,10,0,10,國票-北投,2023-03-21,7792
3163,波若威,10,0,10,國票-北投,2023-03-21,7792
3712,永崴投控,10,0,10,國票-北投,2023-03-21,7792
5425,台半,9,1,8,國票-北投,2023-03-21,7792
2409,友達,12,5,7,國票-北投,2023-03-21,7792
2603,長榮,6,0,6,國票-北投,2023-03-21,7792
1513,中興電,12,6,6,國票-北投,2023-03-21,7792
2330,台積電,6,0,6,國票-北投,2023-03-21,7792
2453,凌群,24,18,6,國票-北投,2023-03-21,7792
3189,景碩,6,0,6,國票-北投,2023-03-21,7792
3552,同致,6,0,6,國票-北投,2023-03-21,7792
6244,茂迪,29,23,6,國票-北投,2023-03-21,7792
2352,佳世達,5,0,5,國票-北投,2023-03-21,7792
2392,正崴,5,0,5,國票-北投,2023-03-21,7792
2834,臺企銀,6,1,5,國票-北投,2023-03-21,7792
2892,第一金,5,0,5,國票-北投,2023-03-21,7792
3017,奇鋐,6,1,5,國票-北投,2023-03-21,7792
5603,陸海,5,0,5,國票-北投,2023-03-21,7792
2388,威盛,7,3,4,國票-北投,2023-03-21,7792
2618,長榮航,4,0,4,國票-北投,2023-03-21,7792
4934,太極,4,0,4,國票-北投,2023-03-21,7792
5211,蒙恬,5,1,4,國票-北投,2023-03-21,7792
6129,普誠,6,2,4,國票-北投,2023-03-21,7792
6753,龍德造船,4,0,4,國票-北投,2023-03-21,7792
9929,秋雨,4,0,4,國票-北投,2023-03-21,7792
9962,有益,4,0,4,國票-北投,2023-03-21,7792
4770,上品,3,0,3,國票-北投,2023-03-21,7792
2103,台橡,3,0,3,國票-北投,2023-03-21,7792
2375,凱美,4,1,3,國票-北投,2023-03-21,7792
2515,中工,3,0,3,國票-北投,2023-03-21,7792
3094,聯傑,6,3,3,國票-北投,2023-03-21,7792
3362,先進光,4,1,3,國票-北投,2023-03-21,7792
3693,營邦,3,0,3,國票-北投,2023-03-21,7792
4564,元翎,4,1,3,國票-北投,2023-03-21,7792
00632R,元大台灣50反1,262,0,262,國票-北投,2023-03-22,7792
2312,金寶,153,1,152,國票-北投,2023-03-22,7792
1609,大亞,99,1,98,國票-北投,2023-03-22,7792
1584,精剛,72,0,72,國票-北投,2023-03-22,7792
6235,華孚,58,0,58,國票-北投,2023-03-22,7792
3481,群創,53,0,53,國票-北投,2023-03-22,7792
2007,燁興,50,0,50,國票-北投,2023-03-22,7792
1503,士電,35,1,34,國票-北投,2023-03-22,7792
1909,榮成,30,0,30,國票-北投,2023-03-22,7792
3714,富采,46,21,25,國票-北投,2023-03-22,7792
5009,榮剛,24,0,24,國票-北投,2023-03-22,7792
00720B,元大投資級公司債,20,0,20,國票-北投,2023-03-22,7792
3715,定穎投控,21,2,19,國票-北投,2023-03-22,7792
3013,晟銘電,18,2,16,國票-北投,2023-03-22,7792
2453,凌群,26,12,14,國票-北投,2023-03-22,7792
6214,精誠,14,0,14,國票-北投,2023-03-22,7792
9929,秋雨,13,0,13,國票-北投,2023-03-22,7792
3027,盛達,16,4,12,國票-北投,2023-03-22,7792
3209,全科,10,0,10,國票-北投,2023-03-22,7792
00664R,國泰臺灣加權反1,10,0,10,國票-北投,2023-03-22,7792
2618,長榮航,12,2,10,國票-北投,2023-03-22,7792
3624,光頡,11,1,10,國票-北投,2023-03-22,7792
4114,健喬,10,0,10,國票-北投,2023-03-22,7792
4804,大略-KY,10,0,10,國票-北投,2023-03-22,7792
4977,眾達-KY,10,0,10,國票-北投,2023-03-22,7792
4746,台耀,10,1,9,國票-北投,2023-03-22,7792
3552,同致,7,0,7,國票-北投,2023-03-22,7792
2449,京元電子,6,0,6,國票-北投,2023-03-22,7792
1504,東元,13,7,6,國票-北投,2023-03-22,7792
1529,樂事綠能,22,17,5,國票-北投,2023-03-22,7792
00680L,元大美債20正2,5,0,5,國票-北投,2023-03-22,7792
2206,三陽工業,5,0,5,國票-北投,2023-03-22,7792
2406,國碩,5,0,5,國票-北投,2023-03-22,7792
2481,強茂,9,4,5,國票-北投,2023-03-22,7792
2495,普安,7,2,5,國票-北投,2023-03-22,7792
7402,邑錡,5,0,5,國票-北投,2023-03-22,7792
2302,麗正,13,9,4,國票-北投,2023-03-22,7792
3047,訊舟,11,7,4,國票-北投,2023-03-22,7792
4558,寶緯,4,0,4,國票-北投,2023-03-22,7792
5871A,中租-KY甲特,4,0,4,國票-北投,2023-03-22,7792
6160,欣技,4,0,4,國票-北投,2023-03-22,7792
2014,中鴻,4,1,3,國票-北投,2023-03-22,7792
2457,飛宏,7,4,3,國票-北投,2023-03-22,7792
2606,裕民,4,1,3,國票-北投,2023-03-22,7792
3338,泰碩,3,0,3,國票-北投,2023-03-22,7792
4534,慶騰,6,3,3,國票-北投,2023-03-22,7792
6509,聚和,43,40,3,國票-北投,2023-03-22,7792
6547,高端疫苗,3,0,3,國票-北投,2023-03-22,7792
6672,騰輝電子-KY,3,0,3,國票-北投,2023-03-22,7792
8936,國統,3,0,3,國票-北投,2023-03-22,7792
00632R,元大台灣50反1,225,0,225,國票-北投,2023-03-23,7792
3231,緯創,203,62,141,國票-北投,2023-03-23,7792
9962,有益,102,0,102,國票-北投,2023-03-23,7792
5465,富驊,94,0,94,國票-北投,2023-03-23,7792
2887,台新金,50,2,48,國票-北投,2023-03-23,7792
3037,欣興,44,10,34,國票-北投,2023-03-23,7792
3481,群創,17,0,17,國票-北投,2023-03-23,7792
3038,全台,20,5,15,國票-北投,2023-03-23,7792
2352,佳世達,13,0,13,國票-北投,2023-03-23,7792
3711,日月光投控,21,8,13,國票-北投,2023-03-23,7792
5457,宣德,18,5,13,國票-北投,2023-03-23,7792
2867,三商壽,12,0,12,國票-北投,2023-03-23,7792
3710,連展投控,13,1,12,國票-北投,2023-03-23,7792
3062,建漢,11,0,11,國票-北投,2023-03-23,7792
6164,華興,11,0,11,國票-北投,2023-03-23,7792
2609,陽明,22,12,10,國票-北投,2023-03-23,7792
00900,富邦特選高股息30,10,0,10,國票-北投,2023-03-23,7792
00664R,國泰臺灣加權反1,10,0,10,國票-北投,2023-03-23,7792
2009,第一銅,10,0,10,國票-北投,2023-03-23,7792
2314,台揚,10,0,10,國票-北投,2023-03-23,7792
4510,高鋒,10,0,10,國票-北投,2023-03-23,7792
8996,高力,25,16,9,國票-北投,2023-03-23,7792
2606,裕民,21,12,9,國票-北投,2023-03-23,7792
2312,金寶,10,2,8,國票-北投,2023-03-23,7792
3322,建舜電,15,7,8,國票-北投,2023-03-23,7792
9929,秋雨,7,0,7,國票-北投,2023-03-23,7792
2002,中鋼,7,1,6,國票-北投,2023-03-23,7792
2457,飛宏,7,1,6,國票-北投,2023-03-23,7792
3025,星通,6,0,6,國票-北投,2023-03-23,7792
3306,鼎天,6,0,6,國票-北投,2023-03-23,7792
4526,東台,6,0,6,國票-北投,2023-03-23,7792
6679,鈺太,5,0,5,國票-北投,2023-03-23,7792
2027,大成鋼,5,0,5,國票-北投,2023-03-23,7792
1527,鑽全,5,0,5,國票-北投,2023-03-23,7792
1232,大統益,5,0,5,國票-北投,2023-03-23,7792
2605,新興,5,0,5,國票-北投,2023-03-23,7792
2637,慧洋-KY,5,0,5,國票-北投,2023-03-23,7792
3707,漢磊,5,0,5,國票-北投,2023-03-23,7792
5871A,中租-KY甲特,5,0,5,國票-北投,2023-03-23,7792
6244,茂迪,9,4,5,國票-北投,2023-03-23,7792
6609,瀧澤科,5,0,5,國票-北投,2023-03-23,7792
6767,台微醫,5,0,5,國票-北投,2023-03-23,7792
8476,台境*,5,0,5,國票-北投,2023-03-23,7792
9958,世紀鋼,5,0,5,國票-北投,2023-03-23,7792
2303,聯電,6,2,4,國票-北投,2023-03-23,7792
00637L,元大滬深300正2,6,2,4,國票-北投,2023-03-23,7792
3479,安勤,6,2,4,國票-北投,2023-03-23,7792
3533,嘉澤,5,1,4,國票-北投,2023-03-23,7792
5009,榮剛,5,1,4,國票-北投,2023-03-23,7792
3017,奇鋐,4,1,3,國票-北投,2023-03-23,7792
00632R,元大台灣50反1,115,0,115,國票-北投,2023-03-24,7792
6282,康舒,61,0,61,國票-北投,2023-03-24,7792
2105,正新,53,2,51,國票-北投,2023-03-24,7792
2106,建大,37,0,37,國票-北投,2023-03-24,7792
6244,茂迪,40,11,29,國票-北投,2023-03-24,7792
2406,國碩,30,1,29,國票-北投,2023-03-24,7792
1909,榮成,25,0,25,國票-北投,2023-03-24,7792
2402,毅嘉,28,4,24,國票-北投,2023-03-24,7792
6443,元晶,22,2,20,國票-北投,2023-03-24,7792
6767,台微醫,20,0,20,國票-北投,2023-03-24,7792
2609,陽明,14,0,14,國票-北投,2023-03-24,7792
3545,敦泰,12,0,12,國票-北投,2023-03-24,7792
5465,富驊,12,0,12,國票-北投,2023-03-24,7792
8931,大汽電,11,0,11,國票-北投,2023-03-24,7792
1522,堤維西,10,0,10,國票-北投,2023-03-24,7792
2009,第一銅,10,0,10,國票-北投,2023-03-24,7792
2007,燁興,10,0,10,國票-北投,2023-03-24,7792
3059,華晶科,10,0,10,國票-北投,2023-03-24,7792
3324,雙鴻,10,0,10,國票-北投,2023-03-24,7792
6191,精成科,10,0,10,國票-北投,2023-03-24,7792
6288,聯嘉,12,2,10,國票-北投,2023-03-24,7792
2208,台船,11,2,9,國票-北投,2023-03-24,7792
2367,燿華,10,1,9,國票-北投,2023-03-24,7792
3552,同致,10,1,9,國票-北投,2023-03-24,7792
4739,康普,10,1,9,國票-北投,2023-03-24,7792
4950,牧東,9,0,9,國票-北投,2023-03-24,7792
2481,強茂,8,0,8,國票-北投,2023-03-24,7792
5009,榮剛,8,0,8,國票-北投,2023-03-24,7792
6122,擎邦,8,0,8,國票-北投,2023-03-24,7792
2408,南亞科,8,1,7,國票-北投,2023-03-24,7792
3481,群創,7,0,7,國票-北投,2023-03-24,7792
8996,高力,18,11,7,國票-北投,2023-03-24,7792
2482,連宇,6,0,6,國票-北投,2023-03-24,7792
2867,三商壽,6,0,6,國票-北投,2023-03-24,7792
3017,奇鋐,7,1,6,國票-北投,2023-03-24,7792
3406,玉晶光,6,0,6,國票-北投,2023-03-24,7792
6235,華孚,6,0,6,國票-北投,2023-03-24,7792
6243,迅杰,6,0,6,國票-北投,2023-03-24,7792
7402,邑錡,6,0,6,國票-北投,2023-03-24,7792
8105,凌巨,6,0,6,國票-北投,2023-03-24,7792
1783,和康生,5,0,5,國票-北投,2023-03-24,7792
2342,茂矽,5,0,5,國票-北投,2023-03-24,7792
2349,錸德,5,0,5,國票-北投,2023-03-24,7792
2359,所羅門,5,0,5,國票-北投,2023-03-24,7792
3027,盛達,7,2,5,國票-北投,2023-03-24,7792
3038,全台,10,5,5,國票-北投,2023-03-24,7792
3362,先進光,5,0,5,國票-北投,2023-03-24,7792
3499,環天科,7,2,5,國票-北投,2023-03-24,7792
5475,德宏,5,0,5,國票-北投,2023-03-24,7792
2382,廣達,5,1,4,國票-北投,2023-03-24,7792
2402,毅嘉,55,2,53,國票-北投,2023-03-27,7792
6606,建德工業,20,0,20,國票-北投,2023-03-27,7792
2890,永豐金,20,0,20,國票-北投,2023-03-27,7792
6244,茂迪,23,5,18,國票-北投,2023-03-27,7792
1605,華新,97,82,15,國票-北投,2023-03-27,7792
6163,華電網,17,2,15,國票-北投,2023-03-27,7792
2312,金寶,14,0,14,國票-北投,2023-03-27,7792
2105,正新,13,0,13,國票-北投,2023-03-27,7792
1301,台塑,12,0,12,國票-北投,2023-03-27,7792
2317,鴻海,11,0,11,國票-北投,2023-03-27,7792
2002,中鋼,11,0,11,國票-北投,2023-03-27,7792
4528,江興鍛,11,0,11,國票-北投,2023-03-27,7792
3105,穩懋,11,1,10,國票-北投,2023-03-27,7792
3260,威剛,11,1,10,國票-北投,2023-03-27,7792
6188,廣明,10,0,10,國票-北投,2023-03-27,7792
8110,華東,10,0,10,國票-北投,2023-03-27,7792
8215,明基材,10,0,10,國票-北投,2023-03-27,7792
9934,成霖,10,0,10,國票-北投,2023-03-27,7792
00637L,元大滬深300正2,8,0,8,國票-北投,2023-03-27,7792
3481,群創,8,0,8,國票-北投,2023-03-27,7792
6168,宏齊,12,4,8,國票-北投,2023-03-27,7792
6270,倍微,8,0,8,國票-北投,2023-03-27,7792
2634,漢翔,11,3,8,國票-北投,2023-03-27,7792
3441,聯一光,8,1,7,國票-北投,2023-03-27,7792
5015,華祺,7,0,7,國票-北投,2023-03-27,7792
1909,榮成,6,0,6,國票-北投,2023-03-27,7792
2867,三商壽,6,0,6,國票-北投,2023-03-27,7792
1783,和康生,5,0,5,國票-北投,2023-03-27,7792
00680L,元大美債20正2,5,0,5,國票-北投,2023-03-27,7792
00882,中信中國高股息,5,0,5,國票-北投,2023-03-27,7792
00773B,中信優先金融債,5,0,5,國票-北投,2023-03-27,7792
2359,所羅門,5,0,5,國票-北投,2023-03-27,7792
2392,正崴,5,0,5,國票-北投,2023-03-27,7792
2406,國碩,6,1,5,國票-北投,2023-03-27,7792
3360,尚立,5,0,5,國票-北投,2023-03-27,7792
5011,久陽,5,0,5,國票-北投,2023-03-27,7792
5351,鈺創,5,0,5,國票-北投,2023-03-27,7792
5475,德宏,5,0,5,國票-北投,2023-03-27,7792
6175,立敦,5,0,5,國票-北投,2023-03-27,7792
6213,聯茂,6,1,5,國票-北投,2023-03-27,7792
6643,M31,5,0,5,國票-北投,2023-03-27,7792
3035,智原,10,6,4,國票-北投,2023-03-27,7792
2603,長榮,6,2,4,國票-北投,2023-03-27,7792
1319,東陽,4,0,4,國票-北投,2023-03-27,7792
2303,聯電,5,1,4,國票-北投,2023-03-27,7792
2495,普安,6,2,4,國票-北投,2023-03-27,7792
3576,聯合再生,4,0,4,國票-北投,2023-03-27,7792
1795,美時,5,2,3,國票-北投,2023-03-27,7792
1101,台泥,3,0,3,國票-北投,2023-03-27,7792
1409,新纖,3,0,3,國票-北投,2023-03-27,7792
2409,友達,174,8,166,國票-北投,2023-03-28,7792
2464,盟立,87,0,87,國票-北投,2023-03-28,7792
6274,台燿,60,1,59,國票-北投,2023-03-28,7792
2007,燁興,40,0,40,國票-北投,2023-03-28,7792
1605,華新,36,13,23,國票-北投,2023-03-28,7792
00720B,元大投資級公司債,22,0,22,國票-北投,2023-03-28,7792
3025,星通,24,2,22,國票-北投,2023-03-28,7792
3081,聯亞,21,0,21,國票-北投,2023-03-28,7792
2313,華通,20,2,18,國票-北投,2023-03-28,7792
2369,菱生,16,0,16,國票-北投,2023-03-28,7792
2009,第一銅,15,0,15,國票-北投,2023-03-28,7792
8110,華東,14,0,14,國票-北投,2023-03-28,7792
4526,東台,13,0,13,國票-北投,2023-03-28,7792
3037,欣興,15,3,12,國票-北投,2023-03-28,7792
1909,榮成,12,0,12,國票-北投,2023-03-28,7792
2484,希華,12,0,12,國票-北投,2023-03-28,7792
00772B,中信高評級公司債,11,0,11,國票-北投,2023-03-28,7792
2441,超豐,11,0,11,國票-北投,2023-03-28,7792
8028,昇陽半導體,11,0,11,國票-北投,2023-03-28,7792
2406,國碩,20,10,10,國票-北投,2023-03-28,7792
2495,普安,10,0,10,國票-北投,2023-03-28,7792
3322,建舜電,10,0,10,國票-北投,2023-03-28,7792
6163,華電網,10,0,10,國票-北投,2023-03-28,7792
6205,詮欣,15,5,10,國票-北投,2023-03-28,7792
6164,華興,9,0,9,國票-北投,2023-03-28,7792
9935,慶豐富,9,0,9,國票-北投,2023-03-28,7792
00680L,元大美債20正2,8,0,8,國票-北投,2023-03-28,7792
2340,台亞,7,0,7,國票-北投,2023-03-28,7792
4528,江興鍛,8,1,7,國票-北投,2023-03-28,7792
4545,銘鈺,7,0,7,國票-北投,2023-03-28,7792
6235,華孚,18,11,7,國票-北投,2023-03-28,7792
00679B,元大美債20年,6,0,6,國票-北投,2023-03-28,7792
3088,艾訊,6,0,6,國票-北投,2023-03-28,7792
3362,先進光,6,0,6,國票-北投,2023-03-28,7792
4953,緯軟,6,0,6,國票-北投,2023-03-28,7792
6182,合晶,6,0,6,國票-北投,2023-03-28,7792
8046,南電,7,1,6,國票-北投,2023-03-28,7792
1319,東陽,5,0,5,國票-北投,2023-03-28,7792
1101,台泥,6,1,5,國票-北投,2023-03-28,7792
2371,大同,5,0,5,國票-北投,2023-03-28,7792
2382,廣達,6,1,5,國票-北投,2023-03-28,7792
2609,陽明,7,2,5,國票-北投,2023-03-28,7792
3227,原相,5,0,5,國票-北投,2023-03-28,7792
3652,精聯,5,0,5,國票-北投,2023-03-28,7792
3675,德微,5,0,5,國票-北投,2023-03-28,7792
3715,定穎投控,12,7,5,國票-北投,2023-03-28,7792
5009,榮剛,5,0,5,國票-北投,2023-03-28,7792
5302,太欣,5,0,5,國票-北投,2023-03-28,7792
5353,台林,5,0,5,國票-北投,2023-03-28,7792
6443,元晶,7,2,5,國票-北投,2023-03-28,7792
6168,宏齊,81,1,80,國票-北投,2023-03-29,7792
3231,緯創,106,57,49,國票-北投,2023-03-29,7792
3017,奇鋐,61,19,42,國票-北投,2023-03-29,7792
3324,雙鴻,40,0,40,國票-北投,2023-03-29,7792
2312,金寶,35,0,35,國票-北投,2023-03-29,7792
1909,榮成,30,0,30,國票-北投,2023-03-29,7792
2419,仲琦,14,1,13,國票-北投,2023-03-29,7792
2610,華航,26,13,13,國票-北投,2023-03-29,7792
2641,正德,12,0,12,國票-北投,2023-03-29,7792
00922,國泰台灣領袖50,10,0,10,國票-北投,2023-03-29,7792
1708,東鹼,10,0,10,國票-北投,2023-03-29,7792
2406,國碩,10,0,10,國票-北投,2023-03-29,7792
6188,廣明,10,0,10,國票-北投,2023-03-29,7792
6223,旺矽,9,0,9,國票-北投,2023-03-29,7792
3025,星通,8,0,8,國票-北投,2023-03-29,7792
6164,華興,8,0,8,國票-北投,2023-03-29,7792
1504,東元,8,1,7,國票-北投,2023-03-29,7792
4545,銘鈺,8,1,7,國票-北投,2023-03-29,7792
8028,昇陽半導體,7,0,7,國票-北投,2023-03-29,7792
2106,建大,6,0,6,國票-北投,2023-03-29,7792
2609,陽明,12,6,6,國票-北投,2023-03-29,7792
2342,茂矽,8,2,6,國票-北投,2023-03-29,7792
2105,正新,6,1,5,國票-北投,2023-03-29,7792
1540,喬福,5,0,5,國票-北投,2023-03-29,7792
1539,巨庭,5,0,5,國票-北投,2023-03-29,7792
1762,中化生,5,0,5,國票-北投,2023-03-29,7792
2368,金像電,7,2,5,國票-北投,2023-03-29,7792
2371,大同,5,0,5,國票-北投,2023-03-29,7792
2412,中華電,5,0,5,國票-北投,2023-03-29,7792
2891,中信金,6,1,5,國票-北投,2023-03-29,7792
3272,東碩,5,0,5,國票-北投,2023-03-29,7792
3715,定穎投控,13,8,5,國票-北投,2023-03-29,7792
5211,蒙恬,5,0,5,國票-北投,2023-03-29,7792
6147,頎邦,5,0,5,國票-北投,2023-03-29,7792
6155,鈞寶,5,0,5,國票-北投,2023-03-29,7792
6770,力積電,5,0,5,國票-北投,2023-03-29,7792
8289,泰藝,5,0,5,國票-北投,2023-03-29,7792
2484,希華,10,6,4,國票-北投,2023-03-29,7792
00679B,元大美債20年,4,0,4,國票-北投,2023-03-29,7792
5465,富驊,4,0,4,國票-北投,2023-03-29,7792
6116,彩晶,4,0,4,國票-北投,2023-03-29,7792
8938,明安,4,0,4,國票-北投,2023-03-29,7792
1101,台泥,3,0,3,國票-北投,2023-03-29,7792
2408,南亞科,3,0,3,國票-北投,2023-03-29,7792
2449,京元電子,3,0,3,國票-北投,2023-03-29,7792
3035,智原,5,2,3,國票-北投,2023-03-29,7792
3520,華盈,3,0,3,國票-北投,2023-03-29,7792
5285,界霖,3,0,3,國票-北投,2023-03-29,7792
6139,亞翔,3,0,3,國票-北投,2023-03-29,7792
6438,迅得,3,0,3,國票-北投,2023-03-29,7792
3231,緯創,172,27,145,國票-北投,2023-03-30,7792
00878,國泰永續高股息,101,13,88,國票-北投,2023-03-30,7792
2609,陽明,63,1,62,國票-北投,2023-03-30,7792
5512,力麒,50,0,50,國票-北投,2023-03-30,7792
5450,南良,30,0,30,國票-北投,2023-03-30,7792
1909,榮成,24,0,24,國票-北投,2023-03-30,7792
2603,長榮,25,2,23,國票-北投,2023-03-30,7792
3576,聯合再生,20,0,20,國票-北投,2023-03-30,7792
8105,凌巨,19,0,19,國票-北投,2023-03-30,7792
2883,凱基金,14,0,14,國票-北投,2023-03-30,7792
6133,金橋,15,1,14,國票-北投,2023-03-30,7792
2027,大成鋼,11,0,11,國票-北投,2023-03-30,7792
2886,兆豐金,11,0,11,國票-北投,2023-03-30,7792
6509,聚和,11,0,11,國票-北投,2023-03-30,7792
2882,國泰金,10,0,10,國票-北投,2023-03-30,7792
3707,漢磊,10,0,10,國票-北投,2023-03-30,7792
2610,華航,9,0,9,國票-北投,2023-03-30,7792
2889,國票金,8,0,8,國票-北投,2023-03-30,7792
00632R,元大台灣50反1,8,0,8,國票-北投,2023-03-30,7792
6672,騰輝電子-KY,11,3,8,國票-北投,2023-03-30,7792
2409,友達,7,0,7,國票-北投,2023-03-30,7792
2331,精英,8,2,6,國票-北投,2023-03-30,7792
6213,聯茂,6,0,6,國票-北投,2023-03-30,7792
00715L,期街口布蘭特正2,5,0,5,國票-北投,2023-03-30,7792
2308,台達電,5,0,5,國票-北投,2023-03-30,7792
4960,誠美材,5,0,5,國票-北投,2023-03-30,7792
5465,富驊,5,0,5,國票-北投,2023-03-30,7792
6246,臺龍,5,0,5,國票-北投,2023-03-30,7792
4743,合一,5,0,5,國票-北投,2023-03-30,7792
2426,鼎元,5,1,4,國票-北投,2023-03-30,7792
3025,星通,5,1,4,國票-北投,2023-03-30,7792
3260,威剛,4,0,4,國票-北投,2023-03-30,7792
3481,群創,6,2,4,國票-北投,2023-03-30,7792
5203,訊連,7,3,4,國票-北投,2023-03-30,7792
8215,明基材,5,1,4,國票-北投,2023-03-30,7792
1907,永豐餘,3,0,3,國票-北投,2023-03-30,7792
1810,和成,3,0,3,國票-北投,2023-03-30,7792
2427,三商電,3,0,3,國票-北投,2023-03-30,7792
2867,三商壽,3,0,3,國票-北投,2023-03-30,7792
5243,乙盛-KY,3,0,3,國票-北投,2023-03-30,7792
6235,華孚,4,1,3,國票-北投,2023-03-30,7792
6244,茂迪,5,2,3,國票-北投,2023-03-30,7792
1722,台肥,2,0,2,國票-北投,2023-03-30,7792
1795,美時,4,2,2,國票-北投,2023-03-30,7792
2317,鴻海,2,0,2,國票-北投,2023-03-30,7792
2481,強茂,2,0,2,國票-北投,2023-03-30,7792
2534,宏盛,2,0,2,國票-北投,2023-03-30,7792
2611,志信,2,0,2,國票-北投,2023-03-30,7792
2618,長榮航,2,0,2,國票-北投,2023-03-30,7792
3011,今皓,2,0,2,國票-北投,2023-03-30,7792
3231,緯創,416,13,403,國票-北投,2023-03-31,7792
1909,榮成,24,0,24,國票-北投,2023-03-31,7792
6168,宏齊,15,0,15,國票-北投,2023-03-31,7792
2867,三商壽,15,1,14,國票-北投,2023-03-31,7792
2027,大成鋼,12,0,12,國票-北投,2023-03-31,7792
4526,東台,11,0,11,國票-北投,2023-03-31,7792
2425,承啟,10,0,10,國票-北投,2023-03-31,7792
4157,太景*-KY,10,0,10,國票-北投,2023-03-31,7792
5258,虹堡,10,1,9,國票-北投,2023-03-31,7792
6279,胡連,10,1,9,國票-北投,2023-03-31,7792
00632R,元大台灣50反1,24,16,8,國票-北投,2023-03-31,7792
2331,精英,10,2,8,國票-北投,2023-03-31,7792
0056,元大高股息,9,1,8,國票-北投,2023-03-31,7792
2457,飛宏,15,8,7,國票-北投,2023-03-31,7792
2634,漢翔,7,0,7,國票-北投,2023-03-31,7792
3017,奇鋐,6,0,6,國票-北投,2023-03-31,7792
3163,波若威,6,0,6,國票-北投,2023-03-31,7792
8171,天宇,6,0,6,國票-北投,2023-03-31,7792
1776,展宇,8,3,5,國票-北投,2023-03-31,7792
1531,高林股,5,0,5,國票-北投,2023-03-31,7792
2312,金寶,6,1,5,國票-北投,2023-03-31,7792
2357,華碩,5,0,5,國票-北投,2023-03-31,7792
3042,晶技,5,0,5,國票-北投,2023-03-31,7792
3207,耀勝,5,0,5,國票-北投,2023-03-31,7792
4130,健亞,5,0,5,國票-北投,2023-03-31,7792
5009,榮剛,5,0,5,國票-北投,2023-03-31,7792
5515,建國,5,0,5,國票-北投,2023-03-31,7792
6282,康舒,5,0,5,國票-北投,2023-03-31,7792
2327,國巨,5,0,5,國票-北投,2023-03-31,7792
2201,裕隆,6,2,4,國票-北投,2023-03-31,7792
00772B,中信高評級公司債,4,0,4,國票-北投,2023-03-31,7792
4923,力士,4,0,4,國票-北投,2023-03-31,7792
6121,新普,4,0,4,國票-北投,2023-03-31,7792
6175,立敦,4,0,4,國票-北投,2023-03-31,7792
6246,臺龍,4,0,4,國票-北投,2023-03-31,7792
8358,金居,5,1,4,國票-北投,2023-03-31,7792
2603,長榮,3,0,3,國票-北投,2023-03-31,7792
3552,同致,3,0,3,國票-北投,2023-03-31,7792
3005,神基,4,1,3,國票-北投,2023-03-31,7792
1215,卜蜂,3,0,3,國票-北投,2023-03-31,7792
00885,富邦越南,3,0,3,國票-北投,2023-03-31,7792
2618,長榮航,4,1,3,國票-北投,2023-03-31,7792
3006,晶豪科,9,6,3,國票-北投,2023-03-31,7792
3029,零壹,3,0,3,國票-北投,2023-03-31,7792
3031,佰鴻,3,0,3,國票-北投,2023-03-31,7792
3081,聯亞,3,0,3,國票-北投,2023-03-31,7792
3447,展達,3,0,3,國票-北投,2023-03-31,7792
6139,亞翔,12,9,3,國票-北投,2023-03-31,7792
6194,育富,4,1,3,國票-北投,2023-03-31,7792
6446,藥華藥,3,0,3,國票-北投,2023-03-31,7792
2402,毅嘉,62,6,56,國票-北投,2023-04-06,7792
2883,凱基金,52,4,48,國票-北投,2023-04-06,7792
4111,濟生,46,1,45,國票-北投,2023-04-06,7792
6152,百一,34,0,34,國票-北投,2023-04-06,7792
00885,富邦越南,30,0,30,國票-北投,2023-04-06,7792
2302,麗正,30,0,30,國票-北投,2023-04-06,7792
3290,東浦,30,0,30,國票-北投,2023-04-06,7792
00673R,期元大S＆P原油反1,22,0,22,國票-北投,2023-04-06,7792
2317,鴻海,21,0,21,國票-北投,2023-04-06,7792
3017,奇鋐,35,15,20,國票-北投,2023-04-06,7792
3715,定穎投控,30,10,20,國票-北投,2023-04-06,7792
4526,東台,20,0,20,國票-北投,2023-04-06,7792
00637L,元大滬深300正2,15,0,15,國票-北投,2023-04-06,7792
3430,奇鈦科,14,0,14,國票-北投,2023-04-06,7792
3056,富華新,15,3,12,國票-北投,2023-04-06,7792
1514,亞力,10,0,10,國票-北投,2023-04-06,7792
2354,鴻準,10,0,10,國票-北投,2023-04-06,7792
2867,三商壽,10,0,10,國票-北投,2023-04-06,7792
3707,漢磊,10,0,10,國票-北投,2023-04-06,7792
5315,光聯,10,0,10,國票-北投,2023-04-06,7792
2344,華邦電,26,17,9,國票-北投,2023-04-06,7792
6223,旺矽,9,0,9,國票-北投,2023-04-06,7792
1220,台榮,8,0,8,國票-北投,2023-04-06,7792
2027,大成鋼,10,2,8,國票-北投,2023-04-06,7792
3037,欣興,10,2,8,國票-北投,2023-04-06,7792
4924,欣厚-KY,8,0,8,國票-北投,2023-04-06,7792
0056,元大高股息,8,0,8,國票-北投,2023-04-06,7792
00893,國泰智能電動車,7,0,7,國票-北投,2023-04-06,7792
4162,智擎,10,3,7,國票-北投,2023-04-06,7792
2618,長榮航,6,0,6,國票-北投,2023-04-06,7792
2885,元大金,6,0,6,國票-北投,2023-04-06,7792
6643,M31,6,0,6,國票-北投,2023-04-06,7792
1219,福壽,7,2,5,國票-北投,2023-04-06,7792
2308,台達電,5,0,5,國票-北投,2023-04-06,7792
2406,國碩,5,0,5,國票-北投,2023-04-06,7792
2609,陽明,7,2,5,國票-北投,2023-04-06,7792
3293,鈊象,5,0,5,國票-北投,2023-04-06,7792
3372,典範,5,0,5,國票-北投,2023-04-06,7792
3705,永信,5,0,5,國票-北投,2023-04-06,7792
8050,廣積,6,1,5,國票-北投,2023-04-06,7792
8150,南茂,5,0,5,國票-北投,2023-04-06,7792
8069,元太,6,2,4,國票-北投,2023-04-06,7792
2610,華航,6,2,4,國票-北投,2023-04-06,7792
4953,緯軟,5,1,4,國票-北投,2023-04-06,7792
6180,橘子,4,0,4,國票-北投,2023-04-06,7792
6499,益安,4,0,4,國票-北投,2023-04-06,7792
1560,中砂,4,1,3,國票-北投,2023-04-06,7792
2241,艾姆勒,3,0,3,國票-北投,2023-04-06,7792
2457,飛宏,16,13,3,國票-北投,2023-04-06,7792
3665,貿聯-KY,3,0,3,國票-北投,2023-04-06,7792
2867,三商壽,43,0,43,國票-北投,2023-04-07,7792
5465,富驊,42,0,42,國票-北投,2023-04-07,7792
1314,中石化,30,0,30,國票-北投,2023-04-07,7792
3033,威健,30,3,27,國票-北投,2023-04-07,7792
3038,全台,30,5,25,國票-北投,2023-04-07,7792
5469,瀚宇博,25,0,25,國票-北投,2023-04-07,7792
0056,元大高股息,25,0,25,國票-北投,2023-04-07,7792
8383,千附,26,5,21,國票-北投,2023-04-07,7792
2498,宏達電,20,0,20,國票-北投,2023-04-07,7792
4526,東台,18,0,18,國票-北投,2023-04-07,7792
1513,中興電,27,11,16,國票-北投,2023-04-07,7792
2317,鴻海,12,0,12,國票-北投,2023-04-07,7792
6770,力積電,12,0,12,國票-北投,2023-04-07,7792
4934,太極,11,0,11,國票-北投,2023-04-07,7792
8271,宇瞻,11,0,11,國票-北投,2023-04-07,7792
2067,嘉鋼,10,0,10,國票-北投,2023-04-07,7792
2208,台船,13,3,10,國票-北投,2023-04-07,7792
4157,太景*-KY,10,0,10,國票-北投,2023-04-07,7792
8390,金益鼎,10,0,10,國票-北投,2023-04-07,7792
6235,華孚,22,14,8,國票-北投,2023-04-07,7792
2884,玉山金,8,1,7,國票-北投,2023-04-07,7792
6156,松上,7,0,7,國票-北投,2023-04-07,7792
4528,江興鍛,6,0,6,國票-北投,2023-04-07,7792
4979,華星光,12,6,6,國票-北投,2023-04-07,7792
8227,巨有科技,7,1,6,國票-北投,2023-04-07,7792
3005,神基,5,0,5,國票-北投,2023-04-07,7792
3207,耀勝,5,0,5,國票-北投,2023-04-07,7792
6133,金橋,5,0,5,國票-北投,2023-04-07,7792
9939,宏全,5,0,5,國票-北投,2023-04-07,7792
1611,中電,5,1,4,國票-北投,2023-04-07,7792
2345,智邦,5,1,4,國票-北投,2023-04-07,7792
2641,正德,5,1,4,國票-北投,2023-04-07,7792
2820,華票,4,0,4,國票-北投,2023-04-07,7792
3189,景碩,4,0,4,國票-北投,2023-04-07,7792
5009,榮剛,5,1,4,國票-北投,2023-04-07,7792
6278,台表科,5,1,4,國票-北投,2023-04-07,7792
6605,帝寶,4,0,4,國票-北投,2023-04-07,7792
2002,中鋼,4,0,4,國票-北投,2023-04-07,7792
00751B,元大AAA至A公司債,3,0,3,國票-北投,2023-04-07,7792
1301,台塑,3,0,3,國票-北投,2023-04-07,7792
1504,東元,5,2,3,國票-北投,2023-04-07,7792
2303,聯電,3,0,3,國票-北投,2023-04-07,7792
2367,燿華,3,0,3,國票-北投,2023-04-07,7792
2409,友達,3,0,3,國票-北投,2023-04-07,7792
3402,漢科,3,0,3,國票-北投,2023-04-07,7792
4111,濟生,5,2,3,國票-北投,2023-04-07,7792
6122,擎邦,3,0,3,國票-北投,2023-04-07,7792
6245,立端,3,0,3,國票-北投,2023-04-07,7792
6499,益安,3,0,3,國票-北投,2023-04-07,7792
4967,十銓,4,1,3,國票-北投,2023-04-07,7792
1416,廣豐,270,0,270,國票-北投,2023-04-10,7792
2027,大成鋼,56,0,56,國票-北投,2023-04-10,7792
2883,凱基金,52,2,50,國票-北投,2023-04-10,7792
3363,上詮,50,0,50,國票-北投,2023-04-10,7792
3481,群創,50,1,49,國票-北投,2023-04-10,7792
8215,明基材,40,0,40,國票-北投,2023-04-10,7792
1909,榮成,24,0,24,國票-北投,2023-04-10,7792
5009,榮剛,25,5,20,國票-北投,2023-04-10,7792
3354,律勝,17,0,17,國票-北投,2023-04-10,7792
1609,大亞,16,1,15,國票-北投,2023-04-10,7792
3714,富采,15,1,14,國票-北投,2023-04-10,7792
8028,昇陽半導體,14,0,14,國票-北投,2023-04-10,7792
4526,東台,13,0,13,國票-北投,2023-04-10,7792
2637,慧洋-KY,12,0,12,國票-北投,2023-04-10,7792
6235,華孚,20,8,12,國票-北投,2023-04-10,7792
3002,歐格,10,0,10,國票-北投,2023-04-10,7792
3013,晟銘電,10,0,10,國票-北投,2023-04-10,7792
6477,安集,10,0,10,國票-北投,2023-04-10,7792
2820,華票,9,0,9,國票-北投,2023-04-10,7792
2889,國票金,9,0,9,國票-北投,2023-04-10,7792
6147,頎邦,10,3,7,國票-北投,2023-04-10,7792
2492,華新科,11,4,7,國票-北投,2023-04-10,7792
2344,華邦電,22,15,7,國票-北投,2023-04-10,7792
1752,南光,6,0,6,國票-北投,2023-04-10,7792
00679B,元大美債20年,6,0,6,國票-北投,2023-04-10,7792
4528,江興鍛,6,0,6,國票-北投,2023-04-10,7792
1104,環泥,5,0,5,國票-北投,2023-04-10,7792
00673R,期元大S＆P原油反1,5,0,5,國票-北投,2023-04-10,7792
2342,茂矽,5,0,5,國票-北投,2023-04-10,7792
2423,固緯,5,0,5,國票-北投,2023-04-10,7792
6182,合晶,6,1,5,國票-北投,2023-04-10,7792
1795,美時,4,0,4,國票-北投,2023-04-10,7792
2208,台船,12,8,4,國票-北投,2023-04-10,7792
2367,燿華,5,1,4,國票-北投,2023-04-10,7792
2535,達欣工,4,0,4,國票-北投,2023-04-10,7792
2606,裕民,6,2,4,國票-北投,2023-04-10,7792
3025,星通,19,15,4,國票-北投,2023-04-10,7792
00637L,元大滬深300正2,12,9,3,國票-北投,2023-04-10,7792
00888,永豐台灣ESG,3,0,3,國票-北投,2023-04-10,7792
00751B,元大AAA至A公司債,3,0,3,國票-北投,2023-04-10,7792
2454,聯發科,3,0,3,國票-北投,2023-04-10,7792
3090,日電貿,3,0,3,國票-北投,2023-04-10,7792
3479,安勤,5,2,3,國票-北投,2023-04-10,7792
5203,訊連,3,0,3,國票-北投,2023-04-10,7792
6140,訊達,3,0,3,國票-北投,2023-04-10,7792
8936,國統,3,0,3,國票-北投,2023-04-10,7792
9917,中保科,3,0,3,國票-北投,2023-04-10,7792
3556,禾瑞亞,3,0,3,國票-北投,2023-04-10,7792
00720B,元大投資級公司債,2,0,2,國票-北投,2023-04-10,7792
00912,中信臺灣智慧50,2,0,2,國票-北投,2023-04-10,7792
1416,廣豐,172,0,172,國票-北投,2023-04-11,7792
2887,台新金,113,0,113,國票-北投,2023-04-11,7792
2610,華航,80,1,79,國票-北投,2023-04-11,7792
2027,大成鋼,54,0,54,國票-北投,2023-04-11,7792
2409,友達,51,0,51,國票-北投,2023-04-11,7792
6163,華電網,33,2,31,國票-北投,2023-04-11,7792
6197,佳必琪,30,0,30,國票-北投,2023-04-11,7792
4526,東台,29,0,29,國票-北投,2023-04-11,7792
1909,榮成,24,2,22,國票-北投,2023-04-11,7792
2303,聯電,20,0,20,國票-北投,2023-04-11,7792
8155,博智,20,1,19,國票-北投,2023-04-11,7792
6194,育富,18,0,18,國票-北投,2023-04-11,7792
4540,全球傳動,14,0,14,國票-北投,2023-04-11,7792
5465,富驊,29,15,14,國票-北投,2023-04-11,7792
2206,三陽工業,17,4,13,國票-北投,2023-04-11,7792
4971,IET-KY,11,0,11,國票-北投,2023-04-11,7792
6245,立端,11,0,11,國票-北投,2023-04-11,7792
6290,良維,11,0,11,國票-北投,2023-04-11,7792
1785,光洋科,10,0,10,國票-北投,2023-04-11,7792
4528,江興鍛,10,0,10,國票-北投,2023-04-11,7792
5426,振發,10,0,10,國票-北投,2023-04-11,7792
6185,幃翔,10,0,10,國票-北投,2023-04-11,7792
2495,普安,9,0,9,國票-北投,2023-04-11,7792
3025,星通,20,11,9,國票-北投,2023-04-11,7792
2634,漢翔,10,2,8,國票-北投,2023-04-11,7792
3533,嘉澤,9,1,8,國票-北投,2023-04-11,7792
5353,台林,8,0,8,國票-北投,2023-04-11,7792
9935,慶豐富,8,0,8,國票-北投,2023-04-11,7792
1504,東元,18,11,7,國票-北投,2023-04-11,7792
1503,士電,10,3,7,國票-北投,2023-04-11,7792
00632R,元大台灣50反1,9,2,7,國票-北投,2023-04-11,7792
3035,智原,7,1,6,國票-北投,2023-04-11,7792
00679B,元大美債20年,7,1,6,國票-北投,2023-04-11,7792
1513,中興電,15,9,6,國票-北投,2023-04-11,7792
3402,漢科,6,0,6,國票-北投,2023-04-11,7792
4111,濟生,6,0,6,國票-北投,2023-04-11,7792
6209,今國光,8,2,6,國票-北投,2023-04-11,7792
8234,新漢,6,0,6,國票-北投,2023-04-11,7792
1605,華新,12,7,5,國票-北投,2023-04-11,7792
1532,勤美,5,0,5,國票-北投,2023-04-11,7792
00680L,元大美債20正2,5,0,5,國票-北投,2023-04-11,7792
00637L,元大滬深300正2,15,10,5,國票-北投,2023-04-11,7792
2329,華泰,5,0,5,國票-北投,2023-04-11,7792
2471,資通,7,2,5,國票-北投,2023-04-11,7792
2611,志信,5,0,5,國票-北投,2023-04-11,7792
3006,晶豪科,9,4,5,國票-北投,2023-04-11,7792
6158,禾昌,5,0,5,國票-北投,2023-04-11,7792
8028,昇陽半導體,5,0,5,國票-北投,2023-04-11,7792
9802,鈺齊-KY,5,0,5,國票-北投,2023-04-11,7792
9921,巨大,5,0,5,國票-北投,2023-04-11,7792
2344,華邦電,151,3,148,國票-北投,2023-04-12,7792
2609,陽明,53,3,50,國票-北投,2023-04-12,7792
2883,凱基金,57,15,42,國票-北投,2023-04-12,7792
1909,榮成,24,0,24,國票-北投,2023-04-12,7792
2308,台達電,21,1,20,國票-北投,2023-04-12,7792
6770,力積電,19,0,19,國票-北投,2023-04-12,7792
5314,世紀,16,0,16,國票-北投,2023-04-12,7792
4155,訊映,15,0,15,國票-北投,2023-04-12,7792
4526,東台,15,0,15,國票-北投,2023-04-12,7792
1605,華新,21,7,14,國票-北投,2023-04-12,7792
00637L,元大滬深300正2,11,0,11,國票-北投,2023-04-12,7792
6443,元晶,12,1,11,國票-北投,2023-04-12,7792
3015,全漢,10,0,10,國票-北投,2023-04-12,7792
3430,奇鈦科,10,0,10,國票-北投,2023-04-12,7792
4164,承業醫,11,1,10,國票-北投,2023-04-12,7792
4903,聯光通,10,0,10,國票-北投,2023-04-12,7792
4973,廣穎,10,0,10,國票-北投,2023-04-12,7792
6279,胡連,11,1,10,國票-北投,2023-04-12,7792
8150,南茂,11,1,10,國票-北投,2023-04-12,7792
00712,復華富時不動產,9,0,9,國票-北投,2023-04-12,7792
2457,飛宏,25,16,9,國票-北投,2023-04-12,7792
8277,商丞,9,0,9,國票-北投,2023-04-12,7792
1504,東元,21,13,8,國票-北投,2023-04-12,7792
2495,普安,10,2,8,國票-北投,2023-04-12,7792
5425,台半,9,1,8,國票-北投,2023-04-12,7792
4960,誠美材,10,2,8,國票-北投,2023-04-12,7792
00633L,富邦上証正2,7,0,7,國票-北投,2023-04-12,7792
1802,台玻,7,0,7,國票-北投,2023-04-12,7792
2353,宏��,16,9,7,國票-北投,2023-04-12,7792
2401,凌陽,7,0,7,國票-北投,2023-04-12,7792
1524,耿鼎,6,0,6,國票-北投,2023-04-12,7792
1503,士電,11,5,6,國票-北投,2023-04-12,7792
2634,漢翔,16,10,6,國票-北投,2023-04-12,7792
3380,明泰,6,0,6,國票-北投,2023-04-12,7792
3714,富采,6,0,6,國票-北投,2023-04-12,7792
4971,IET-KY,6,0,6,國票-北投,2023-04-12,7792
6153,嘉聯益,6,0,6,國票-北投,2023-04-12,7792
2330,台積電,18,13,5,國票-北投,2023-04-12,7792
2834,臺企銀,5,0,5,國票-北投,2023-04-12,7792
00680L,元大美債20正2,5,0,5,國票-北投,2023-04-12,7792
1339,昭輝,5,0,5,國票-北投,2023-04-12,7792
1532,勤美,5,0,5,國票-北投,2023-04-12,7792
00673R,期元大S＆P原油反1,5,0,5,國票-北投,2023-04-12,7792
2371,大同,5,0,5,國票-北投,2023-04-12,7792
2906,高林,5,0,5,國票-北投,2023-04-12,7792
3217,優群,6,1,5,國票-北投,2023-04-12,7792
3224,三顧,5,0,5,國票-北投,2023-04-12,7792
3520,華盈,5,0,5,國票-北投,2023-04-12,7792
4528,江興鍛,5,0,5,國票-北投,2023-04-12,7792
6282,康舒,9,4,5,國票-北投,2023-04-12,7792
1416,廣豐,1000,0,1000,國票-北投,2023-04-13,7792
3231,緯創,207,10,197,國票-北投,2023-04-13,7792
3141,晶宏,60,0,60,國票-北投,2023-04-13,7792
2609,陽明,50,5,45,國票-北投,2023-04-13,7792
1522,堤維西,39,0,39,國票-北投,2023-04-13,7792
6163,華電網,54,25,29,國票-北投,2023-04-13,7792
5009,榮剛,28,0,28,國票-北投,2023-04-13,7792
1909,榮成,24,0,24,國票-北投,2023-04-13,7792
3714,富采,24,1,23,國票-北投,2023-04-13,7792
6244,茂迪,22,0,22,國票-北投,2023-04-13,7792
8105,凌巨,20,0,20,國票-北投,2023-04-13,7792
2324,仁寶,15,0,15,國票-北投,2023-04-13,7792
2344,華邦電,15,0,15,國票-北投,2023-04-13,7792
3228,金麗科,14,0,14,國票-北投,2023-04-13,7792
00712,復華富時不動產,13,0,13,國票-北投,2023-04-13,7792
2367,燿華,16,3,13,國票-北投,2023-04-13,7792
6152,百一,13,0,13,國票-北投,2023-04-13,7792
2206,三陽工業,13,1,12,國票-北投,2023-04-13,7792
2471,資通,12,0,12,國票-北投,2023-04-13,7792
2492,華新科,17,5,12,國票-北投,2023-04-13,7792
5465,富驊,25,13,12,國票-北投,2023-04-13,7792
6122,擎邦,13,1,12,國票-北投,2023-04-13,7792
1736,喬山,11,0,11,國票-北投,2023-04-13,7792
2615,萬海,11,0,11,國票-北投,2023-04-13,7792
3576,聯合再生,33,22,11,國票-北投,2023-04-13,7792
2409,友達,14,4,10,國票-北投,2023-04-13,7792
3002,歐格,10,0,10,國票-北投,2023-04-13,7792
3052,夆典,10,0,10,國票-北投,2023-04-13,7792
3169,亞信,12,2,10,國票-北投,2023-04-13,7792
3481,群創,20,10,10,國票-北投,2023-04-13,7792
1504,東元,15,6,9,國票-北投,2023-04-13,7792
2330,台積電,10,1,9,國票-北投,2023-04-13,7792
4526,東台,9,0,9,國票-北投,2023-04-13,7792
3711,日月光投控,8,0,8,國票-北投,2023-04-13,7792
00680L,元大美債20正2,8,0,8,國票-北投,2023-04-13,7792
00687B,國泰20年美債,6,0,6,國票-北投,2023-04-13,7792
2408,南亞科,6,0,6,國票-北投,2023-04-13,7792
6182,合晶,7,1,6,國票-北投,2023-04-13,7792
6282,康舒,6,0,6,國票-北投,2023-04-13,7792
8081,致新,6,0,6,國票-北投,2023-04-13,7792
1101,台泥,7,2,5,國票-北投,2023-04-13,7792
00673R,期元大S＆P原油反1,5,0,5,國票-北投,2023-04-13,7792
2030,彰源,5,0,5,國票-北投,2023-04-13,7792
2067,嘉鋼,5,0,5,國票-北投,2023-04-13,7792
2104,國際中橡,5,0,5,國票-北投,2023-04-13,7792
2305,全友,5,0,5,國票-北投,2023-04-13,7792
2427,三商電,5,0,5,國票-北投,2023-04-13,7792
2543,皇昌,5,0,5,國票-北投,2023-04-13,7792
3056,富華新,5,0,5,國票-北投,2023-04-13,7792
3707,漢磊,5,0,5,國票-北投,2023-04-13,7792
2609,陽明,161,10,151,國票-北投,2023-04-14,7792
4526,東台,62,0,62,國票-北投,2023-04-14,7792
2359,所羅門,52,11,41,國票-北投,2023-04-14,7792
00712,復華富時不動產,20,0,20,國票-北投,2023-04-14,7792
6244,茂迪,21,1,20,國票-北投,2023-04-14,7792
1504,東元,52,33,19,國票-北投,2023-04-14,7792
2208,台船,34,16,18,國票-北投,2023-04-14,7792
00637L,元大滬深300正2,30,13,17,國票-北投,2023-04-14,7792
2368,金像電,18,2,16,國票-北投,2023-04-14,7792
2634,漢翔,37,22,15,國票-北投,2023-04-14,7792
2382,廣達,13,0,13,國票-北投,2023-04-14,7792
6217,中探針,18,6,12,國票-北投,2023-04-14,7792
3006,晶豪科,12,1,11,國票-北投,2023-04-14,7792
3684,榮昌,11,0,11,國票-北投,2023-04-14,7792
4915,致伸,11,0,11,國票-北投,2023-04-14,7792
00679B,元大美債20年,10,0,10,國票-北投,2023-04-14,7792
00664R,國泰臺灣加權反1,10,0,10,國票-北投,2023-04-14,7792
2331,精英,10,0,10,國票-北投,2023-04-14,7792
3029,零壹,10,0,10,國票-北投,2023-04-14,7792
5347,世界,10,0,10,國票-北投,2023-04-14,7792
6290,良維,10,0,10,國票-北投,2023-04-14,7792
2482,連宇,9,0,9,國票-北投,2023-04-14,7792
6531,愛普*,10,1,9,國票-北投,2023-04-14,7792
2329,華泰,9,1,8,國票-北投,2023-04-14,7792
4541,晟田,8,0,8,國票-北投,2023-04-14,7792
8081,致新,8,0,8,國票-北投,2023-04-14,7792
1529,樂事綠能,24,17,7,國票-北投,2023-04-14,7792
2303,聯電,8,1,7,國票-北投,2023-04-14,7792
5234,達興材料,7,0,7,國票-北投,2023-04-14,7792
8171,天宇,11,4,7,國票-北投,2023-04-14,7792
2408,南亞科,6,0,6,國票-北投,2023-04-14,7792
00912,中信臺灣智慧50,5,0,5,國票-北投,2023-04-14,7792
00857B,永豐20年美公債,5,0,5,國票-北投,2023-04-14,7792
00680L,元大美債20正2,5,0,5,國票-北投,2023-04-14,7792
1536,和大,5,0,5,國票-北投,2023-04-14,7792
1815,富喬,5,0,5,國票-北投,2023-04-14,7792
2002,中鋼,5,0,5,國票-北投,2023-04-14,7792
2337,旺宏,5,0,5,國票-北投,2023-04-14,7792
2353,宏��,6,1,5,國票-北投,2023-04-14,7792
2413,環科,20,15,5,國票-北投,2023-04-14,7792
2495,普安,5,0,5,國票-北投,2023-04-14,7792
3037,欣興,6,1,5,國票-北投,2023-04-14,7792
3236,千如,5,0,5,國票-北投,2023-04-14,7792
6197,佳必琪,5,0,5,國票-北投,2023-04-14,7792
6782,視陽,6,1,5,國票-北投,2023-04-14,7792
8390,金益鼎,5,0,5,國票-北投,2023-04-14,7792
8936,國統,5,0,5,國票-北投,2023-04-14,7792
1605,華新,41,36,5,國票-北投,2023-04-14,7792
1519,華城,6,2,4,國票-北投,2023-04-14,7792
1905,華紙,4,0,4,國票-北投,2023-04-14,7792
1905,華紙,95,4,91,國票-北投,2023-04-17,7792
3481,群創,80,1,79,國票-北投,2023-04-17,7792
1513,中興電,58,5,53,國票-北投,2023-04-17,7792
8112,至上,50,0,50,國票-北投,2023-04-17,7792
1504,東元,68,21,47,國票-北投,2023-04-17,7792
3169,亞信,42,1,41,國票-北投,2023-04-17,7792
2630,亞航,37,2,35,國票-北投,2023-04-17,7792
3047,訊舟,30,0,30,國票-北投,2023-04-17,7792
2610,華航,25,3,22,國票-北投,2023-04-17,7792
2329,華泰,25,6,19,國票-北投,2023-04-17,7792
2482,連宇,18,0,18,國票-北投,2023-04-17,7792
6190,萬泰科,23,5,18,國票-北投,2023-04-17,7792
3141,晶宏,20,4,16,國票-北投,2023-04-17,7792
8927,北基,16,0,16,國票-北投,2023-04-17,7792
2359,所羅門,15,0,15,國票-北投,2023-04-17,7792
2515,中工,15,0,15,國票-北投,2023-04-17,7792
2884,玉山金,14,0,14,國票-北投,2023-04-17,7792
4526,東台,14,0,14,國票-北投,2023-04-17,7792
8105,凌巨,13,0,13,國票-北投,2023-04-17,7792
00679B,元大美債20年,11,0,11,國票-北投,2023-04-17,7792
6197,佳必琪,11,0,11,國票-北投,2023-04-17,7792
1589,永冠-KY,10,0,10,國票-北投,2023-04-17,7792
00753L,中信中國50正2,10,0,10,國票-北投,2023-04-17,7792
3673,TPK-KY,10,0,10,國票-北投,2023-04-17,7792
4576,大銀微系統,10,0,10,國票-北投,2023-04-17,7792
6285,啟��,10,0,10,國票-北投,2023-04-17,7792
00712,復華富時不動產,9,0,9,國票-北投,2023-04-17,7792
00680L,元大美債20正2,9,0,9,國票-北投,2023-04-17,7792
2368,金像電,9,0,9,國票-北投,2023-04-17,7792
6789,采鈺,10,1,9,國票-北投,2023-04-17,7792
2880,華南金,9,1,8,國票-北投,2023-04-17,7792
2330,台積電,10,2,8,國票-北投,2023-04-17,7792
2481,強茂,10,2,8,國票-北投,2023-04-17,7792
2492,華新科,9,1,8,國票-北投,2023-04-17,7792
2206,三陽工業,33,26,7,國票-北投,2023-04-17,7792
2236,百達-KY,7,0,7,國票-北投,2023-04-17,7792
1503,士電,10,4,6,國票-北投,2023-04-17,7792
2486,一詮,6,0,6,國票-北投,2023-04-17,7792
8059,凱碩,6,0,6,國票-北投,2023-04-17,7792
1617,榮星,5,0,5,國票-北投,2023-04-17,7792
00912,中信臺灣智慧50,5,0,5,國票-北投,2023-04-17,7792
00923,群益台ESG低碳50,5,0,5,國票-北投,2023-04-17,7792
1605,華新,23,18,5,國票-北投,2023-04-17,7792
1416,廣豐,5,0,5,國票-北投,2023-04-17,7792
2449,京元電子,5,0,5,國票-北投,2023-04-17,7792
3354,律勝,5,0,5,國票-北投,2023-04-17,7792
6547,高端疫苗,5,0,5,國票-北投,2023-04-17,7792
6570,維田,10,5,5,國票-北投,2023-04-17,7792
6585,鼎基,5,0,5,國票-北投,2023-04-17,7792
8383,千附,6,1,5,國票-北投,2023-04-17,7792
2498,宏達電,51,0,51,國票-北投,2023-04-18,7792
2359,所羅門,40,1,39,國票-北投,2023-04-18,7792
2313,華通,31,2,29,國票-北投,2023-04-18,7792
2382,廣達,26,0,26,國票-北投,2023-04-18,7792
4909,新復興,25,0,25,國票-北投,2023-04-18,7792
3025,星通,19,1,18,國票-北投,2023-04-18,7792
6770,力積電,16,0,16,國票-北投,2023-04-18,7792
00900,富邦特選高股息30,15,0,15,國票-北投,2023-04-18,7792
3003,健和興,15,0,15,國票-北投,2023-04-18,7792
8927,北基,16,1,15,國票-北投,2023-04-18,7792
00679B,元大美債20年,14,0,14,國票-北投,2023-04-18,7792
6160,欣技,15,1,14,國票-北投,2023-04-18,7792
00912,中信臺灣智慧50,13,0,13,國票-北投,2023-04-18,7792
1905,華紙,14,1,13,國票-北投,2023-04-18,7792
4924,欣厚-KY,13,0,13,國票-北投,2023-04-18,7792
5425,台半,13,0,13,國票-北投,2023-04-18,7792
1909,榮成,12,0,12,國票-北投,2023-04-18,7792
2401,凌陽,12,0,12,國票-北投,2023-04-18,7792
3663,鑫科,12,0,12,國票-北投,2023-04-18,7792
2471,資通,11,0,11,國票-北投,2023-04-18,7792
3046,建��,12,1,11,國票-北投,2023-04-18,7792
6209,今國光,12,1,11,國票-北投,2023-04-18,7792
3015,全漢,10,0,10,國票-北投,2023-04-18,7792
2009,第一銅,10,0,10,國票-北投,2023-04-18,7792
2303,聯電,10,0,10,國票-北投,2023-04-18,7792
2634,漢翔,32,22,10,國票-北投,2023-04-18,7792
3006,晶豪科,10,0,10,國票-北投,2023-04-18,7792
6244,茂迪,46,36,10,國票-北投,2023-04-18,7792
8171,天宇,10,0,10,國票-北投,2023-04-18,7792
9945,潤泰新,10,0,10,國票-北投,2023-04-18,7792
0056,元大高股息,10,0,10,國票-北投,2023-04-18,7792
00878,國泰永續高股息,10,0,10,國票-北投,2023-04-18,7792
3305,昇貿,9,0,9,國票-北投,2023-04-18,7792
5285,界霖,9,0,9,國票-北投,2023-04-18,7792
00891,中信關鍵半導體,8,0,8,國票-北投,2023-04-18,7792
2457,飛宏,34,26,8,國票-北投,2023-04-18,7792
2929,淘帝-KY,9,1,8,國票-北投,2023-04-18,7792
6245,立端,10,2,8,國票-北投,2023-04-18,7792
6753,龍德造船,8,0,8,國票-北投,2023-04-18,7792
8926,台汽電,11,3,8,國票-北投,2023-04-18,7792
2201,裕隆,13,5,8,國票-北投,2023-04-18,7792
1522,堤維西,20,13,7,國票-北投,2023-04-18,7792
2344,華邦電,7,0,7,國票-北投,2023-04-18,7792
2515,中工,10,3,7,國票-北投,2023-04-18,7792
3005,神基,7,0,7,國票-北投,2023-04-18,7792
3058,立德,7,0,7,國票-北投,2023-04-18,7792
6168,宏齊,10,3,7,國票-北投,2023-04-18,7792
6282,康舒,13,6,7,國票-北投,2023-04-18,7792
6829,千附精密,23,16,7,國票-北投,2023-04-18,7792
7402,邑錡,7,0,7,國票-北投,2023-04-18,7792
1416,廣豐,554,0,554,國票-北投,2023-04-19,7792
00715L,期街口布蘭特正2,223,0,223,國票-北投,2023-04-19,7792
2002,中鋼,200,0,200,國票-北投,2023-04-19,7792
3481,群創,216,43,173,國票-北投,2023-04-19,7792
3715,定穎投控,52,0,52,國票-北投,2023-04-19,7792
2313,華通,45,0,45,國票-北投,2023-04-19,7792
2328,廣宇,39,0,39,國票-北投,2023-04-19,7792
00637L,元大滬深300正2,30,5,25,國票-北投,2023-04-19,7792
2634,漢翔,31,6,25,國票-北投,2023-04-19,7792
2498,宏達電,23,0,23,國票-北投,2023-04-19,7792
1605,華新,26,5,21,國票-北投,2023-04-19,7792
1611,中電,30,10,20,國票-北投,2023-04-19,7792
2419,仲琦,20,0,20,國票-北投,2023-04-19,7792
2929,淘帝-KY,16,0,16,國票-北投,2023-04-19,7792
5309,系統電,15,0,15,國票-北投,2023-04-19,7792
6175,立敦,15,0,15,國票-北投,2023-04-19,7792
6443,元晶,15,3,12,國票-北投,2023-04-19,7792
2303,聯電,10,0,10,國票-北投,2023-04-19,7792
2486,一詮,10,0,10,國票-北投,2023-04-19,7792
2609,陽明,15,5,10,國票-北投,2023-04-19,7792
2915,潤泰全,10,0,10,國票-北投,2023-04-19,7792
3228,金麗科,10,0,10,國票-北投,2023-04-19,7792
3265,台星科,10,0,10,國票-北投,2023-04-19,7792
3673,TPK-KY,13,3,10,國票-北投,2023-04-19,7792
6197,佳必琪,10,0,10,國票-北投,2023-04-19,7792
6290,良維,11,1,10,國票-北投,2023-04-19,7792
6531,愛普*,10,0,10,國票-北投,2023-04-19,7792
1810,和成,14,6,8,國票-北投,2023-04-19,7792
3037,欣興,8,0,8,國票-北投,2023-04-19,7792
00679B,元大美債20年,7,0,7,國票-北投,2023-04-19,7792
3078,僑威,10,3,7,國票-北投,2023-04-19,7792
4540,全球傳動,7,0,7,國票-北投,2023-04-19,7792
6163,華電網,12,5,7,國票-北投,2023-04-19,7792
6753,龍德造船,7,0,7,國票-北投,2023-04-19,7792
2812,台中銀,6,0,6,國票-北投,2023-04-19,7792
2884,玉山金,6,0,6,國票-北投,2023-04-19,7792
3663,鑫科,6,0,6,國票-北投,2023-04-19,7792
3707,漢磊,10,4,6,國票-北投,2023-04-19,7792
4961,天鈺,6,0,6,國票-北投,2023-04-19,7792
5285,界霖,6,0,6,國票-北投,2023-04-19,7792
8033,雷虎,7,1,6,國票-北投,2023-04-19,7792
2330,台積電,6,0,6,國票-北投,2023-04-19,7792
00882,中信中國高股息,5,0,5,國票-北投,2023-04-19,7792
1717,長興,5,0,5,國票-北投,2023-04-19,7792
1905,華紙,5,0,5,國票-北投,2023-04-19,7792
2338,光罩,5,0,5,國票-北投,2023-04-19,7792
4971,IET-KY,5,0,5,國票-北投,2023-04-19,7792
6155,鈞寶,5,0,5,國票-北投,2023-04-19,7792
6205,詮欣,5,0,5,國票-北投,2023-04-19,7792
8086,宏捷科,9,4,5,國票-北投,2023-04-19,7792
2609,陽明,134,5,129,國票-北投,2023-04-20,7792
3481,群創,60,5,55,國票-北投,2023-04-20,7792
5512,力麒,50,1,49,國票-北投,2023-04-20,7792
3230,錦明,48,0,48,國票-北投,2023-04-20,7792
2314,台揚,47,0,47,國票-北投,2023-04-20,7792
2498,宏達電,33,1,32,國票-北投,2023-04-20,7792
2324,仁寶,32,1,31,國票-北投,2023-04-20,7792
6142,友勁,30,0,30,國票-北投,2023-04-20,7792
6234,高僑,27,0,27,國票-北投,2023-04-20,7792
2929,淘帝-KY,24,2,22,國票-北投,2023-04-20,7792
2913,農林,20,0,20,國票-北投,2023-04-20,7792
1504,東元,38,20,18,國票-北投,2023-04-20,7792
2515,中工,25,7,18,國票-北投,2023-04-20,7792
1519,華城,16,0,16,國票-北投,2023-04-20,7792
6782,視陽,16,0,16,國票-北投,2023-04-20,7792
9929,秋雨,14,0,14,國票-北投,2023-04-20,7792
6811,宏�硌穈T,14,1,13,國票-北投,2023-04-20,7792
2888,新光金,12,0,12,國票-北投,2023-04-20,7792
00637L,元大滬深300正2,11,0,11,國票-北投,2023-04-20,7792
2329,華泰,10,0,10,國票-北投,2023-04-20,7792
3029,零壹,14,4,10,國票-北投,2023-04-20,7792
3413,京鼎,10,0,10,國票-北投,2023-04-20,7792
4906,正文,10,0,10,國票-北投,2023-04-20,7792
5309,系統電,12,2,10,國票-北投,2023-04-20,7792
5531,鄉林,10,0,10,國票-北投,2023-04-20,7792
6477,安集,10,0,10,國票-北投,2023-04-20,7792
8358,金居,9,0,9,國票-北投,2023-04-20,7792
6770,力積電,60,52,8,國票-北投,2023-04-20,7792
1802,台玻,8,0,8,國票-北投,2023-04-20,7792
3006,晶豪科,8,0,8,國票-北投,2023-04-20,7792
3711,日月光投控,8,0,8,國票-北投,2023-04-20,7792
6218,豪勉,8,0,8,國票-北投,2023-04-20,7792
8069,元太,7,0,7,國票-北投,2023-04-20,7792
1605,華新,8,1,7,國票-北投,2023-04-20,7792
1714,和桐,7,0,7,國票-北投,2023-04-20,7792
2484,希華,12,5,7,國票-北投,2023-04-20,7792
6160,欣技,9,2,7,國票-北投,2023-04-20,7792
6753,龍德造船,9,2,7,國票-北投,2023-04-20,7792
8222,寶一,9,2,7,國票-北投,2023-04-20,7792
1609,大亞,6,0,6,國票-北投,2023-04-20,7792
2351,順德,6,0,6,國票-北投,2023-04-20,7792
2603,長榮,9,3,6,國票-北投,2023-04-20,7792
5465,富驊,9,3,6,國票-北投,2023-04-20,7792
2327,國巨,6,0,6,國票-北投,2023-04-20,7792
1608,華榮,5,0,5,國票-北投,2023-04-20,7792
1906,寶隆,5,0,5,國票-北投,2023-04-20,7792
2067,嘉鋼,5,0,5,國票-北投,2023-04-20,7792
2206,三陽工業,6,1,5,國票-北投,2023-04-20,7792
2457,飛宏,13,8,5,國票-北投,2023-04-20,7792
2468,華經,5,0,5,國票-北投,2023-04-20,7792
3037,欣興,452,5,447,國票-北投,2023-04-21,7792
2303,聯電,100,0,100,國票-北投,2023-04-21,7792
2913,農林,62,14,48,國票-北投,2023-04-21,7792
1101,台泥,56,17,39,國票-北投,2023-04-21,7792
3230,錦明,28,0,28,國票-北投,2023-04-21,7792
0056,元大高股息,24,0,24,國票-北投,2023-04-21,7792
2031,新光鋼,34,11,23,國票-北投,2023-04-21,7792
3169,亞信,21,0,21,國票-北投,2023-04-21,7792
1906,寶隆,25,5,20,國票-北投,2023-04-21,7792
3450,聯鈞,17,0,17,國票-北投,2023-04-21,7792
1711,永光,18,4,14,國票-北投,2023-04-21,7792
2409,友達,19,5,14,國票-北投,2023-04-21,7792
2351,順德,13,0,13,國票-北投,2023-04-21,7792
3711,日月光投控,13,0,13,國票-北投,2023-04-21,7792
4931,新盛力,18,6,12,國票-北投,2023-04-21,7792
5425,台半,14,2,12,國票-北投,2023-04-21,7792
6160,欣技,11,0,11,國票-北投,2023-04-21,7792
6244,茂迪,12,1,11,國票-北投,2023-04-21,7792
8171,天宇,13,2,11,國票-北投,2023-04-21,7792
5351,鈺創,10,0,10,國票-北投,2023-04-21,7792
1522,堤維西,10,0,10,國票-北投,2023-04-21,7792
00753L,中信中國50正2,10,0,10,國票-北投,2023-04-21,7792
1434,福懋,10,0,10,國票-北投,2023-04-21,7792
2313,華通,10,0,10,國票-北投,2023-04-21,7792
2329,華泰,10,0,10,國票-北投,2023-04-21,7792
2436,偉詮電,10,0,10,國票-北投,2023-04-21,7792
2641,正德,10,0,10,國票-北投,2023-04-21,7792
6163,華電網,22,12,10,國票-北投,2023-04-21,7792
00900,富邦特選高股息30,8,0,8,國票-北投,2023-04-21,7792
00888,永豐台灣ESG,8,0,8,國票-北投,2023-04-21,7792
2208,台船,11,3,8,國票-北投,2023-04-21,7792
2382,廣達,8,0,8,國票-北投,2023-04-21,7792
2022,聚亨,7,0,7,國票-北投,2023-04-21,7792
2344,華邦電,7,0,7,國票-北投,2023-04-21,7792
2406,國碩,7,0,7,國票-北投,2023-04-21,7792
2609,陽明,7,0,7,國票-北投,2023-04-21,7792
3038,全台,7,0,7,國票-北投,2023-04-21,7792
3047,訊舟,7,0,7,國票-北投,2023-04-21,7792
6152,百一,7,0,7,國票-北投,2023-04-21,7792
6234,高僑,15,9,6,國票-北投,2023-04-21,7792
3704,合勤控,5,0,5,國票-北投,2023-04-21,7792
2603,長榮,5,0,5,國票-北投,2023-04-21,7792
00674R,期元大S＆P黃金反1,5,0,5,國票-北投,2023-04-21,7792
1432,大魯閣,5,0,5,國票-北投,2023-04-21,7792
2002,中鋼,5,0,5,國票-北投,2023-04-21,7792
2485,兆赫,5,0,5,國票-北投,2023-04-21,7792
2884,玉山金,5,0,5,國票-北投,2023-04-21,7792
2929,淘帝-KY,5,0,5,國票-北投,2023-04-21,7792
3059,華晶科,5,0,5,國票-北投,2023-04-21,7792
6129,普誠,5,0,5,國票-北投,2023-04-21,7792
2634,漢翔,49,13,36,國票-北投,2023-04-24,7792
3006,晶豪科,28,0,28,國票-北投,2023-04-24,7792
1528,恩德,20,0,20,國票-北投,2023-04-24,7792
8390,金益鼎,20,0,20,國票-北投,2023-04-24,7792
2504,國產,20,4,16,國票-北投,2023-04-24,7792
2031,新光鋼,15,0,15,國票-北投,2023-04-24,7792
2313,華通,13,1,12,國票-北投,2023-04-24,7792
6160,欣技,12,0,12,國票-北投,2023-04-24,7792
00679B,元大美債20年,11,0,11,國票-北投,2023-04-24,7792
1305,華夏,10,0,10,國票-北投,2023-04-24,7792
1905,華紙,31,21,10,國票-北投,2023-04-24,7792
2014,中鴻,10,0,10,國票-北投,2023-04-24,7792
2337,旺宏,10,0,10,國票-北投,2023-04-24,7792
2484,希華,10,0,10,國票-北投,2023-04-24,7792
3416,融程電,10,0,10,國票-北投,2023-04-24,7792
5309,系統電,10,0,10,國票-北投,2023-04-24,7792
6163,華電網,11,1,10,國票-北投,2023-04-24,7792
00637L,元大滬深300正2,9,0,9,國票-北投,2023-04-24,7792
3450,聯鈞,8,0,8,國票-北投,2023-04-24,7792
5009,榮剛,10,2,8,國票-北投,2023-04-24,7792
2303,聯電,12,5,7,國票-北投,2023-04-24,7792
2027,大成鋼,7,0,7,國票-北投,2023-04-24,7792
2351,順德,7,0,7,國票-北投,2023-04-24,7792
3094,聯傑,7,0,7,國票-北投,2023-04-24,7792
1605,華新,9,3,6,國票-北投,2023-04-24,7792
1710,東聯,6,0,6,國票-北投,2023-04-24,7792
5301,寶得利,6,0,6,國票-北投,2023-04-24,7792
6153,嘉聯益,6,0,6,國票-北投,2023-04-24,7792
9929,秋雨,6,0,6,國票-北投,2023-04-24,7792
00715L,期街口布蘭特正2,5,0,5,國票-北投,2023-04-24,7792
2423,固緯,5,0,5,國票-北投,2023-04-24,7792
3481,群創,5,0,5,國票-北投,2023-04-24,7792
3545,敦泰,5,0,5,國票-北投,2023-04-24,7792
4406,新昕纖,5,0,5,國票-北投,2023-04-24,7792
6152,百一,5,0,5,國票-北投,2023-04-24,7792
9935,慶豐富,5,0,5,國票-北投,2023-04-24,7792
0056,元大高股息,4,0,4,國票-北投,2023-04-24,7792
2206,三陽工業,7,3,4,國票-北投,2023-04-24,7792
2609,陽明,8,4,4,國票-北投,2023-04-24,7792
3017,奇鋐,4,0,4,國票-北投,2023-04-24,7792
6116,彩晶,4,0,4,國票-北投,2023-04-24,7792
6443,元晶,10,6,4,國票-北投,2023-04-24,7792
2330,台積電,3,0,3,國票-北投,2023-04-24,7792
1809,中釉,3,0,3,國票-北投,2023-04-24,7792
1711,永光,11,8,3,國票-北投,2023-04-24,7792
00696B,富邦美債20年,3,0,3,國票-北投,2023-04-24,7792
00761B,國泰A級公司債,3,0,3,國票-北投,2023-04-24,7792
2409,友達,3,0,3,國票-北投,2023-04-24,7792
3005,神基,3,0,3,國票-北投,2023-04-24,7792
3016,嘉晶,3,0,3,國票-北投,2023-04-24,7792
3189,景碩,1035,13,1022,國票-北投,2023-04-25,7792
00715L,期街口布蘭特正2,231,42,189,國票-北投,2023-04-25,7792
2603,長榮,42,1,41,國票-北投,2023-04-25,7792
2206,三陽工業,51,19,32,國票-北投,2023-04-25,7792
3363,上詮,30,0,30,國票-北投,2023-04-25,7792
6235,華孚,23,0,23,國票-北投,2023-04-25,7792
6174,安��,20,0,20,國票-北投,2023-04-25,7792
00891,中信關鍵半導體,17,0,17,國票-北投,2023-04-25,7792
3038,全台,27,10,17,國票-北投,2023-04-25,7792
5351,鈺創,17,0,17,國票-北投,2023-04-25,7792
6282,康舒,25,8,17,國票-北投,2023-04-25,7792
5009,榮剛,17,1,16,國票-北投,2023-04-25,7792
1909,榮成,15,0,15,國票-北投,2023-04-25,7792
0056,元大高股息,14,0,14,國票-北投,2023-04-25,7792
1101,台泥,13,2,11,國票-北投,2023-04-25,7792
1810,和成,11,0,11,國票-北投,2023-04-25,7792
2641,正德,11,0,11,國票-北投,2023-04-25,7792
3006,晶豪科,10,0,10,國票-北投,2023-04-25,7792
2303,聯電,10,0,10,國票-北投,2023-04-25,7792
00882,中信中國高股息,10,0,10,國票-北投,2023-04-25,7792
2436,偉詮電,10,0,10,國票-北投,2023-04-25,7792
4721,美琪瑪,10,0,10,國票-北投,2023-04-25,7792
8171,天宇,10,0,10,國票-北投,2023-04-25,7792
1605,華新,9,0,9,國票-北投,2023-04-25,7792
1519,華城,13,4,9,國票-北投,2023-04-25,7792
2515,中工,9,0,9,國票-北投,2023-04-25,7792
00900,富邦特選高股息30,8,0,8,國票-北投,2023-04-25,7792
2009,第一銅,8,0,8,國票-北投,2023-04-25,7792
2609,陽明,15,7,8,國票-北投,2023-04-25,7792
6164,華興,8,0,8,國票-北投,2023-04-25,7792
2330,台積電,10,3,7,國票-北投,2023-04-25,7792
3035,智原,8,1,7,國票-北投,2023-04-25,7792
5353,台林,7,0,7,國票-北投,2023-04-25,7792
5465,富驊,7,0,7,國票-北投,2023-04-25,7792
1513,中興電,9,3,6,國票-北投,2023-04-25,7792
00679B,元大美債20年,7,1,6,國票-北投,2023-04-25,7792
1503,士電,6,0,6,國票-北投,2023-04-25,7792
1616,億泰,6,0,6,國票-北投,2023-04-25,7792
2002,中鋼,6,0,6,國票-北投,2023-04-25,7792
2929,淘帝-KY,6,0,6,國票-北投,2023-04-25,7792
3037,欣興,8,2,6,國票-北投,2023-04-25,7792
3231,緯創,11,5,6,國票-北投,2023-04-25,7792
6770,力積電,6,0,6,國票-北投,2023-04-25,7792
1416,廣豐,5,0,5,國票-北投,2023-04-25,7792
1229,聯華,6,1,5,國票-北投,2023-04-25,7792
00857B,永豐20年美公債,5,0,5,國票-北投,2023-04-25,7792
1611,中電,8,3,5,國票-北投,2023-04-25,7792
1710,東聯,10,5,5,國票-北投,2023-04-25,7792
1711,永光,7,2,5,國票-北投,2023-04-25,7792
1721,三晃,5,0,5,國票-北投,2023-04-25,7792
1310,台苯,146,32,114,國票-北投,2023-04-26,7792
00715L,期街口布蘭特正2,37,0,37,國票-北投,2023-04-26,7792
3038,全台,28,0,28,國票-北投,2023-04-26,7792
2913,農林,23,0,23,國票-北投,2023-04-26,7792
2392,正崴,22,0,22,國票-北投,2023-04-26,7792
1711,永光,32,11,21,國票-北投,2023-04-26,7792
2344,華邦電,21,0,21,國票-北投,2023-04-26,7792
2610,華航,20,0,20,國票-北投,2023-04-26,7792
6244,茂迪,20,0,20,國票-北投,2023-04-26,7792
5243,乙盛-KY,14,0,14,國票-北投,2023-04-26,7792
2867,三商壽,12,0,12,國票-北投,2023-04-26,7792
1710,東聯,18,7,11,國票-北投,2023-04-26,7792
2484,希華,11,0,11,國票-北投,2023-04-26,7792
4130,健亞,11,0,11,國票-北投,2023-04-26,7792
00680L,元大美債20正2,10,0,10,國票-北投,2023-04-26,7792
2351,順德,12,2,10,國票-北投,2023-04-26,7792
2609,陽明,12,2,10,國票-北投,2023-04-26,7792
6160,欣技,10,0,10,國票-北投,2023-04-26,7792
2201,裕隆,11,2,9,國票-北投,2023-04-26,7792
2618,長榮航,8,0,8,國票-北投,2023-04-26,7792
3006,晶豪科,8,0,8,國票-北投,2023-04-26,7792
3071,協禧,8,0,8,國票-北投,2023-04-26,7792
4741,泓瀚,8,0,8,國票-北投,2023-04-26,7792
00878,國泰永續高股息,14,6,8,國票-北投,2023-04-26,7792
1503,士電,12,5,7,國票-北投,2023-04-26,7792
2002,中鋼,7,0,7,國票-北投,2023-04-26,7792
6282,康舒,7,0,7,國票-北投,2023-04-26,7792
6829,千附精密,23,16,7,國票-北投,2023-04-26,7792
2317,鴻海,8,1,7,國票-北投,2023-04-26,7792
3035,智原,8,2,6,國票-北投,2023-04-26,7792
1513,中興電,11,5,6,國票-北投,2023-04-26,7792
6153,嘉聯益,6,0,6,國票-北投,2023-04-26,7792
2409,友達,6,0,6,國票-北投,2023-04-26,7792
1108,幸福,8,3,5,國票-北投,2023-04-26,7792
1810,和成,5,0,5,國票-北投,2023-04-26,7792
2206,三陽工業,10,5,5,國票-北投,2023-04-26,7792
2449,京元電子,5,0,5,國票-北投,2023-04-26,7792
3047,訊舟,5,0,5,國票-北投,2023-04-26,7792
3207,耀勝,5,0,5,國票-北投,2023-04-26,7792
3624,光頡,7,2,5,國票-北投,2023-04-26,7792
9935,慶豐富,5,0,5,國票-北投,2023-04-26,7792
2634,漢翔,15,11,4,國票-北投,2023-04-26,7792
4133,亞諾法,4,0,4,國票-北投,2023-04-26,7792
2454,聯發科,3,0,3,國票-北投,2023-04-26,7792
2603,長榮,3,0,3,國票-北投,2023-04-26,7792
1560,中砂,3,0,3,國票-北投,2023-04-26,7792
00885,富邦越南,3,0,3,國票-北投,2023-04-26,7792
00712,復華富時不動產,3,0,3,國票-北投,2023-04-26,7792
2303,聯電,3,0,3,國票-北投,2023-04-26,7792
2329,華泰,3,0,3,國票-北投,2023-04-26,7792
3189,景碩,273,0,273,國票-北投,2023-04-27,7792
3363,上詮,100,15,85,國票-北投,2023-04-27,7792
3481,群創,77,0,77,國票-北投,2023-04-27,7792
3038,全台,67,17,50,國票-北投,2023-04-27,7792
2603,長榮,37,0,37,國票-北投,2023-04-27,7792
1909,榮成,37,5,32,國票-北投,2023-04-27,7792
3265,台星科,48,18,30,國票-北投,2023-04-27,7792
1710,東聯,32,6,26,國票-北投,2023-04-27,7792
1721,三晃,33,10,23,國票-北投,2023-04-27,7792
3047,訊舟,18,0,18,國票-北投,2023-04-27,7792
1717,長興,20,5,15,國票-北投,2023-04-27,7792
2344,華邦電,23,8,15,國票-北投,2023-04-27,7792
3162,精確,15,0,15,國票-北投,2023-04-27,7792
2634,漢翔,31,19,12,國票-北投,2023-04-27,7792
1609,大亞,12,1,11,國票-北投,2023-04-27,7792
4977,眾達-KY,11,0,11,國票-北投,2023-04-27,7792
00712,復華富時不動產,10,0,10,國票-北投,2023-04-27,7792
1709,和益,10,0,10,國票-北投,2023-04-27,7792
1718,中纖,10,0,10,國票-北投,2023-04-27,7792
1310,台苯,30,20,10,國票-北投,2023-04-27,7792
00715L,期街口布蘭特正2,10,0,10,國票-北投,2023-04-27,7792
2014,中鴻,10,0,10,國票-北投,2023-04-27,7792
2609,陽明,18,8,10,國票-北投,2023-04-27,7792
1907,永豐餘,30,21,9,國票-北投,2023-04-27,7792
2330,台積電,9,0,9,國票-北投,2023-04-27,7792
2002,中鋼,9,1,8,國票-北投,2023-04-27,7792
2352,佳世達,11,3,8,國票-北投,2023-04-27,7792
00687B,國泰20年美債,7,0,7,國票-北投,2023-04-27,7792
00680L,元大美債20正2,7,0,7,國票-北投,2023-04-27,7792
2457,飛宏,8,1,7,國票-北投,2023-04-27,7792
1316,上曜,7,1,6,國票-北投,2023-04-27,7792
00857B,永豐20年美公債,5,0,5,國票-北投,2023-04-27,7792
1464,得力,5,0,5,國票-北投,2023-04-27,7792
1904,正隆,5,0,5,國票-北投,2023-04-27,7792
2337,旺宏,5,0,5,國票-北投,2023-04-27,7792
2441,超豐,5,0,5,國票-北投,2023-04-27,7792
3705,永信,5,0,5,國票-北投,2023-04-27,7792
8033,雷虎,5,0,5,國票-北投,2023-04-27,7792
8215,明基材,5,0,5,國票-北投,2023-04-27,7792
1605,華新,4,0,4,國票-北投,2023-04-27,7792
3027,盛達,4,0,4,國票-北投,2023-04-27,7792
6412,群電,4,0,4,國票-北投,2023-04-27,7792
6443,元晶,4,0,4,國票-北投,2023-04-27,7792
1727,中華化,3,0,3,國票-北投,2023-04-27,7792
1611,中電,3,0,3,國票-北投,2023-04-27,7792
00713,元大台灣高息低波,3,0,3,國票-北投,2023-04-27,7792
00751B,元大AAA至A公司債,3,0,3,國票-北投,2023-04-27,7792
2067,嘉鋼,3,0,3,國票-北投,2023-04-27,7792
2405,輔信,3,0,3,國票-北投,2023-04-27,7792
2618,長榮航,7,4,3,國票-北投,2023-04-27,7792
8011,台通,61,0,61,國票-北投,2023-04-28,7792
1909,榮成,43,0,43,國票-北投,2023-04-28,7792
2609,陽明,29,3,26,國票-北投,2023-04-28,7792
4123,晟德,25,0,25,國票-北投,2023-04-28,7792
4702,中美實,25,0,25,國票-北投,2023-04-28,7792
5475,德宏,20,0,20,國票-北投,2023-04-28,7792
1310,台苯,17,0,17,國票-北投,2023-04-28,7792
2344,華邦電,38,21,17,國票-北投,2023-04-28,7792
1721,三晃,20,5,15,國票-北投,2023-04-28,7792
3704,合勤控,16,1,15,國票-北投,2023-04-28,7792
2409,友達,16,2,14,國票-北投,2023-04-28,7792
6770,力積電,14,0,14,國票-北投,2023-04-28,7792
6288,聯嘉,15,2,13,國票-北投,2023-04-28,7792
3230,錦明,12,0,12,國票-北投,2023-04-28,7792
2342,茂矽,10,0,10,國票-北投,2023-04-28,7792
2392,正崴,10,0,10,國票-北投,2023-04-28,7792
2497,怡利電,10,0,10,國票-北投,2023-04-28,7792
2890,永豐金,11,1,10,國票-北投,2023-04-28,7792
5009,榮剛,11,1,10,國票-北投,2023-04-28,7792
6197,佳必琪,10,0,10,國票-北投,2023-04-28,7792
8222,寶一,11,1,10,國票-北投,2023-04-28,7792
8403,盛弘,25,16,9,國票-北投,2023-04-28,7792
1605,華新,14,6,8,國票-北投,2023-04-28,7792
3049,精金,8,0,8,國票-北投,2023-04-28,7792
00680L,元大美債20正2,7,0,7,國票-北投,2023-04-28,7792
2630,亞航,8,1,7,國票-北投,2023-04-28,7792
5243,乙盛-KY,6,0,6,國票-北投,2023-04-28,7792
6245,立端,6,0,6,國票-北投,2023-04-28,7792
2880,華南金,5,0,5,國票-北投,2023-04-28,7792
1101,台泥,5,0,5,國票-北投,2023-04-28,7792
1714,和桐,5,0,5,國票-北投,2023-04-28,7792
2402,毅嘉,11,6,5,國票-北投,2023-04-28,7792
2897,王道銀行,10,5,5,國票-北投,2023-04-28,7792
3324,雙鴻,11,6,5,國票-北投,2023-04-28,7792
3673,TPK-KY,5,0,5,國票-北投,2023-04-28,7792
4128,中天,5,0,5,國票-北投,2023-04-28,7792
6266,泰詠,27,22,5,國票-北投,2023-04-28,7792
8215,明基材,5,0,5,國票-北投,2023-04-28,7792
9934,成霖,5,0,5,國票-北投,2023-04-28,7792
1216,統一,4,0,4,國票-北投,2023-04-28,7792
00687B,國泰20年美債,4,0,4,國票-北投,2023-04-28,7792
1802,台玻,4,0,4,國票-北投,2023-04-28,7792
2495,普安,5,1,4,國票-北投,2023-04-28,7792
1519,華城,9,6,3,國票-北投,2023-04-28,7792
00679B,元大美債20年,3,0,3,國票-北投,2023-04-28,7792
1720,生達,3,0,3,國票-北投,2023-04-28,7792
1905,華紙,11,8,3,國票-北投,2023-04-28,7792
2204,中華,3,0,3,國票-北投,2023-04-28,7792
2208,台船,6,3,3,國票-北投,2023-04-28,7792
2364,倫飛,3,0,3,國票-北投,2023-04-28,7792
5880,合庫金,80,0,80,國票-北投,2023-05-02,7792
3038,全台,100,42,58,國票-北投,2023-05-02,7792
1611,中電,31,0,31,國票-北投,2023-05-02,7792
2609,陽明,30,0,30,國票-北投,2023-05-02,7792
1909,榮成,29,0,29,國票-北投,2023-05-02,7792
2892,第一金,20,1,19,國票-北投,2023-05-02,7792
3230,錦明,17,0,17,國票-北投,2023-05-02,7792
3205,佰研,16,0,16,國票-北投,2023-05-02,7792
2022,聚亨,15,1,14,國票-北投,2023-05-02,7792
6175,立敦,18,4,14,國票-北投,2023-05-02,7792
6282,康舒,23,9,14,國票-北投,2023-05-02,7792
00632R,元大台灣50反1,35,25,10,國票-北投,2023-05-02,7792
3202,樺晟,10,0,10,國票-北投,2023-05-02,7792
3576,聯合再生,10,0,10,國票-北投,2023-05-02,7792
8996,高力,10,0,10,國票-北投,2023-05-02,7792
2634,漢翔,17,8,9,國票-北投,2023-05-02,7792
2913,農林,11,2,9,國票-北投,2023-05-02,7792
6443,元晶,8,0,8,國票-北投,2023-05-02,7792
2603,長榮,7,0,7,國票-北投,2023-05-02,7792
2890,永豐金,11,4,7,國票-北投,2023-05-02,7792
3479,安勤,6,0,6,國票-北投,2023-05-02,7792
5876,上海商銀,6,0,6,國票-北投,2023-05-02,7792
00680L,元大美債20正2,5,0,5,國票-北投,2023-05-02,7792
00679B,元大美債20年,5,0,5,國票-北投,2023-05-02,7792
1802,台玻,5,0,5,國票-北投,2023-05-02,7792
2104,國際中橡,5,0,5,國票-北投,2023-05-02,7792
2356,英業達,5,0,5,國票-北投,2023-05-02,7792
4108,懷特,6,1,5,國票-北投,2023-05-02,7792
1905,華紙,20,15,5,國票-北投,2023-05-02,7792
1513,中興電,5,1,4,國票-北投,2023-05-02,7792
2344,華邦電,5,1,4,國票-北投,2023-05-02,7792
3450,聯鈞,4,0,4,國票-北投,2023-05-02,7792
4541,晟田,6,2,4,國票-北投,2023-05-02,7792
6185,幃翔,4,0,4,國票-北投,2023-05-02,7792
0056,元大高股息,5,1,4,國票-北投,2023-05-02,7792
00751B,元大AAA至A公司債,3,0,3,國票-北投,2023-05-02,7792
00687B,國泰20年美債,3,0,3,國票-北投,2023-05-02,7792
2014,中鴻,3,0,3,國票-北投,2023-05-02,7792
2371,大同,5,2,3,國票-北投,2023-05-02,7792
2482,連宇,3,0,3,國票-北投,2023-05-02,7792
3289,宜特,4,1,3,國票-北投,2023-05-02,7792
3624,光頡,3,0,3,國票-北投,2023-05-02,7792
5258,虹堡,3,0,3,國票-北投,2023-05-02,7792
6275,元山,3,0,3,國票-北投,2023-05-02,7792
6535,順藥,5,2,3,國票-北投,2023-05-02,7792
6741,91APP*-KY,4,1,3,國票-北投,2023-05-02,7792
8033,雷虎,3,0,3,國票-北投,2023-05-02,7792
8227,巨有科技,4,1,3,國票-北投,2023-05-02,7792
6811,宏�硌穈T,4,1,3,國票-北投,2023-05-02,7792
8069,元太,7,4,3,國票-北投,2023-05-02,7792
3037,欣興,300,7,293,國票-北投,2023-05-03,7792
8076,伍豐,95,0,95,國票-北投,2023-05-03,7792
2913,農林,26,3,23,國票-北投,2023-05-03,7792
1909,榮成,24,2,22,國票-北投,2023-05-03,7792
2603,長榮,22,1,21,國票-北投,2023-05-03,7792
00712,復華富時不動產,21,0,21,國票-北投,2023-05-03,7792
6282,康舒,21,1,20,國票-北投,2023-05-03,7792
1101,台泥,17,0,17,國票-北投,2023-05-03,7792
00878,國泰永續高股息,24,8,16,國票-北投,2023-05-03,7792
6167,久正,16,0,16,國票-北投,2023-05-03,7792
2890,永豐金,15,0,15,國票-北投,2023-05-03,7792
5465,富驊,14,0,14,國票-北投,2023-05-03,7792
1711,永光,13,0,13,國票-北投,2023-05-03,7792
2530,華建,12,0,12,國票-北投,2023-05-03,7792
6153,嘉聯益,12,0,12,國票-北投,2023-05-03,7792
2867,三商壽,11,0,11,國票-北投,2023-05-03,7792
00632R,元大台灣50反1,10,0,10,國票-北投,2023-05-03,7792
2022,聚亨,10,0,10,國票-北投,2023-05-03,7792
3715,定穎投控,10,0,10,國票-北投,2023-05-03,7792
5258,虹堡,10,0,10,國票-北投,2023-05-03,7792
8996,高力,11,1,10,國票-北投,2023-05-03,7792
2009,第一銅,10,1,9,國票-北投,2023-05-03,7792
3147,大綜,10,1,9,國票-北投,2023-05-03,7792
3231,緯創,10,1,9,國票-北投,2023-05-03,7792
2428,興勤,16,8,8,國票-北投,2023-05-03,7792
2615,萬海,8,0,8,國票-北投,2023-05-03,7792
3481,群創,11,3,8,國票-北投,2023-05-03,7792
00715L,期街口布蘭特正2,7,0,7,國票-北投,2023-05-03,7792
1514,亞力,7,0,7,國票-北投,2023-05-03,7792
1776,展宇,6,0,6,國票-北投,2023-05-03,7792
6753,龍德造船,7,1,6,國票-北投,2023-05-03,7792
6782,視陽,8,2,6,國票-北投,2023-05-03,7792
8121,越峰,7,2,5,國票-北投,2023-05-03,7792
1519,華城,6,1,5,國票-北投,2023-05-03,7792
2498,宏達電,5,0,5,國票-北投,2023-05-03,7792
4968,立積,6,1,5,國票-北投,2023-05-03,7792
6112,邁達特,7,2,5,國票-北投,2023-05-03,7792
6412,群電,5,0,5,國票-北投,2023-05-03,7792
6672,騰輝電子-KY,5,0,5,國票-北投,2023-05-03,7792
8105,凌巨,5,0,5,國票-北投,2023-05-03,7792
9939,宏全,5,0,5,國票-北投,2023-05-03,7792
3236,千如,5,1,4,國票-北投,2023-05-03,7792
2471,資通,10,6,4,國票-北投,2023-05-03,7792
1904,正隆,4,0,4,國票-北投,2023-05-03,7792
3189,景碩,4,0,4,國票-北投,2023-05-03,7792
6118,建達,4,0,4,國票-北投,2023-05-03,7792
6274,台燿,5,1,4,國票-北投,2023-05-03,7792
6535,順藥,4,0,4,國票-北投,2023-05-03,7792
8289,泰藝,4,0,4,國票-北投,2023-05-03,7792
1504,東元,4,1,3,國票-北投,2023-05-03,7792
2888,新光金,1600,0,1600,國票-北投,2023-05-04,7792
3231,緯創,216,19,197,國票-北投,2023-05-04,7792
2603,長榮,152,4,148,國票-北投,2023-05-04,7792
3005,神基,30,10,20,國票-北投,2023-05-04,7792
6282,康舒,22,2,20,國票-北投,2023-05-04,7792
00679B,元大美債20年,20,2,18,國票-北投,2023-05-04,7792
3049,精金,17,0,17,國票-北投,2023-05-04,7792
2489,瑞軒,26,10,16,國票-北投,2023-05-04,7792
2610,華航,12,0,12,國票-北投,2023-05-04,7792
1905,華紙,17,6,11,國票-北投,2023-05-04,7792
6209,今國光,11,0,11,國票-北投,2023-05-04,7792
2834,臺企銀,10,0,10,國票-北投,2023-05-04,7792
2371,大同,10,0,10,國票-北投,2023-05-04,7792
3576,聯合再生,10,0,10,國票-北投,2023-05-04,7792
3702,大聯大,10,0,10,國票-北投,2023-05-04,7792
3715,定穎投控,12,2,10,國票-北投,2023-05-04,7792
5009,榮剛,10,0,10,國票-北投,2023-05-04,7792
5465,富驊,10,0,10,國票-北投,2023-05-04,7792
8033,雷虎,10,0,10,國票-北投,2023-05-04,7792
3006,晶豪科,10,0,10,國票-北投,2023-05-04,7792
2457,飛宏,12,4,8,國票-北投,2023-05-04,7792
6829,千附精密,12,4,8,國票-北投,2023-05-04,7792
2634,漢翔,12,5,7,國票-北投,2023-05-04,7792
3419,譁裕,10,3,7,國票-北投,2023-05-04,7792
8046,南電,7,0,7,國票-北投,2023-05-04,7792
1711,永光,14,8,6,國票-北投,2023-05-04,7792
3707,漢磊,6,0,6,國票-北投,2023-05-04,7792
3711,日月光投控,6,0,6,國票-北投,2023-05-04,7792
6148,驊宏資,13,7,6,國票-北投,2023-05-04,7792
1802,台玻,5,0,5,國票-北投,2023-05-04,7792
2409,友達,5,0,5,國票-北投,2023-05-04,7792
3019,亞光,5,0,5,國票-北投,2023-05-04,7792
3205,佰研,5,0,5,國票-北投,2023-05-04,7792
5222,全訊,7,2,5,國票-北投,2023-05-04,7792
6182,合晶,5,0,5,國票-北投,2023-05-04,7792
6234,高僑,5,0,5,國票-北投,2023-05-04,7792
6244,茂迪,5,0,5,國票-北投,2023-05-04,7792
6719,力智,5,0,5,國票-北投,2023-05-04,7792
6741,91APP*-KY,10,5,5,國票-北投,2023-05-04,7792
9945,潤泰新,5,0,5,國票-北投,2023-05-04,7792
00715L,期街口布蘭特正2,4,0,4,國票-北投,2023-05-04,7792
1907,永豐餘,5,1,4,國票-北投,2023-05-04,7792
2233,宇隆,4,0,4,國票-北投,2023-05-04,7792
2342,茂矽,5,1,4,國票-北投,2023-05-04,7792
2402,毅嘉,4,0,4,國票-北投,2023-05-04,7792
6274,台燿,26,22,4,國票-北投,2023-05-04,7792
9934,成霖,4,0,4,國票-北投,2023-05-04,7792
2609,陽明,5,2,3,國票-北投,2023-05-04,7792
00687B,國泰20年美債,3,0,3,國票-北投,2023-05-04,7792
1210,大成,3,0,3,國票-北投,2023-05-04,7792
6456,GIS-KY,278,0,278,國票-北投,2023-05-05,7792
2002,中鋼,63,0,63,國票-北投,2023-05-05,7792
6223,旺矽,38,0,38,國票-北投,2023-05-05,7792
1907,永豐餘,36,0,36,國票-北投,2023-05-05,7792
5009,榮剛,31,1,30,國票-北投,2023-05-05,7792
00878,國泰永續高股息,23,1,22,國票-北投,2023-05-05,7792
2492,華新科,20,1,19,國票-北投,2023-05-05,7792
3005,神基,24,8,16,國票-北投,2023-05-05,7792
1608,華榮,15,0,15,國票-北投,2023-05-05,7792
2303,聯電,15,0,15,國票-北投,2023-05-05,7792
2353,宏��,24,11,13,國票-北投,2023-05-05,7792
2413,環科,13,0,13,國票-北投,2023-05-05,7792
3230,錦明,12,0,12,國票-北投,2023-05-05,7792
4906,正文,12,0,12,國票-北投,2023-05-05,7792
0056,元大高股息,12,0,12,國票-北投,2023-05-05,7792
00715L,期街口布蘭特正2,11,0,11,國票-北投,2023-05-05,7792
2104,國際中橡,10,0,10,國票-北投,2023-05-05,7792
2605,新興,10,0,10,國票-北投,2023-05-05,7792
8390,金益鼎,11,1,10,國票-北投,2023-05-05,7792
4114,健喬,23,14,9,國票-北投,2023-05-05,7792
3362,先進光,17,8,9,國票-北投,2023-05-05,7792
4746,台耀,13,4,9,國票-北投,2023-05-05,7792
9929,秋雨,9,0,9,國票-北投,2023-05-05,7792
1513,中興電,8,0,8,國票-北投,2023-05-05,7792
2329,華泰,8,0,8,國票-北投,2023-05-05,7792
1504,東元,13,6,7,國票-北投,2023-05-05,7792
2457,飛宏,15,8,7,國票-北投,2023-05-05,7792
2890,永豐金,10,3,7,國票-北投,2023-05-05,7792
5465,富驊,7,0,7,國票-北投,2023-05-05,7792
8215,明基材,7,0,7,國票-北投,2023-05-05,7792
4123,晟德,6,0,6,國票-北投,2023-05-05,7792
1616,億泰,6,0,6,國票-北投,2023-05-05,7792
1752,南光,6,0,6,國票-北投,2023-05-05,7792
1909,榮成,6,0,6,國票-北投,2023-05-05,7792
6218,豪勉,6,0,6,國票-北投,2023-05-05,7792
00680L,元大美債20正2,5,0,5,國票-北投,2023-05-05,7792
1734,杏輝,5,0,5,國票-北投,2023-05-05,7792
2030,彰源,5,0,5,國票-北投,2023-05-05,7792
2478,大毅,5,0,5,國票-北投,2023-05-05,7792
3006,晶豪科,5,0,5,國票-北投,2023-05-05,7792
3008,大立光,5,0,5,國票-北投,2023-05-05,7792
3049,精金,5,0,5,國票-北投,2023-05-05,7792
3231,緯創,6,1,5,國票-北投,2023-05-05,7792
3702,大聯大,5,0,5,國票-北投,2023-05-05,7792
6127,九豪,5,0,5,國票-北投,2023-05-05,7792
6160,欣技,10,5,5,國票-北投,2023-05-05,7792
9945,潤泰新,5,0,5,國票-北投,2023-05-05,7792
1605,華新,12,8,4,國票-北投,2023-05-05,7792
2358,廷鑫,6,2,4,國票-北投,2023-05-05,7792
3163,波若威,4,0,4,國票-北投,2023-05-05,7792
6026,福邦證,499,0,499,國票-北投,2023-05-08,7792
00715L,期街口布蘭特正2,181,13,168,國票-北投,2023-05-08,7792
2353,宏��,75,18,57,國票-北投,2023-05-08,7792
1909,榮成,38,1,37,國票-北投,2023-05-08,7792
00679B,元大美債20年,26,0,26,國票-北投,2023-05-08,7792
00632R,元大台灣50反1,24,0,24,國票-北投,2023-05-08,7792
2022,聚亨,20,0,20,國票-北投,2023-05-08,7792
2371,大同,26,6,20,國票-北投,2023-05-08,7792
6125,廣運,48,31,17,國票-北投,2023-05-08,7792
3037,欣興,30,14,16,國票-北投,2023-05-08,7792
3049,精金,15,0,15,國票-北投,2023-05-08,7792
3032,偉訓,13,0,13,國票-北投,2023-05-08,7792
2402,毅嘉,14,2,12,國票-北投,2023-05-08,7792
1605,華新,68,57,11,國票-北投,2023-05-08,7792
3005,神基,11,0,11,國票-北投,2023-05-08,7792
00664R,國泰臺灣加權反1,10,0,10,國票-北投,2023-05-08,7792
2352,佳世達,10,0,10,國票-北投,2023-05-08,7792
3051,力特,10,0,10,國票-北投,2023-05-08,7792
4906,正文,10,0,10,國票-北投,2023-05-08,7792
6643,M31,10,0,10,國票-北投,2023-05-08,7792
8403,盛弘,15,5,10,國票-北投,2023-05-08,7792
2605,新興,9,0,9,國票-北投,2023-05-08,7792
3545,敦泰,7,0,7,國票-北投,2023-05-08,7792
1513,中興電,9,2,7,國票-北投,2023-05-08,7792
2408,南亞科,6,0,6,國票-北投,2023-05-08,7792
3236,千如,10,4,6,國票-北投,2023-05-08,7792
3703,欣陸,6,0,6,國票-北投,2023-05-08,7792
4927,泰鼎-KY,6,0,6,國票-北投,2023-05-08,7792
6116,彩晶,6,0,6,國票-北投,2023-05-08,7792
8081,致新,6,0,6,國票-北投,2023-05-08,7792
8155,博智,6,0,6,國票-北投,2023-05-08,7792
1514,亞力,8,3,5,國票-北投,2023-05-08,7792
2888,新光金,5,0,5,國票-北投,2023-05-08,7792
3376,新日興,5,0,5,國票-北投,2023-05-08,7792
3481,群創,5,0,5,國票-北投,2023-05-08,7792
3710,連展投控,5,0,5,國票-北投,2023-05-08,7792
4510,高鋒,5,0,5,國票-北投,2023-05-08,7792
6120,達運,5,0,5,國票-北投,2023-05-08,7792
6160,欣技,5,0,5,國票-北投,2023-05-08,7792
00878,國泰永續高股息,12,7,5,國票-北投,2023-05-08,7792
1722,台肥,4,0,4,國票-北投,2023-05-08,7792
4161,聿新科,6,2,4,國票-北投,2023-05-08,7792
4924,欣厚-KY,4,0,4,國票-北投,2023-05-08,7792
5438,東友,4,0,4,國票-北投,2023-05-08,7792
6205,詮欣,5,1,4,國票-北投,2023-05-08,7792
8227,巨有科技,4,0,4,國票-北投,2023-05-08,7792
8390,金益鼎,3,0,3,國票-北投,2023-05-08,7792
1444,力麗,3,0,3,國票-北投,2023-05-08,7792
1810,和成,3,0,3,國票-北投,2023-05-08,7792
2009,第一銅,3,0,3,國票-北投,2023-05-08,7792
2887,台新金,61,6,55,國票-北投,2023-05-09,7792
3013,晟銘電,56,4,52,國票-北投,2023-05-09,7792
3038,全台,50,0,50,國票-北投,2023-05-09,7792
6223,旺矽,47,0,47,國票-北投,2023-05-09,7792
2890,永豐金,37,0,37,國票-北投,2023-05-09,7792
3715,定穎投控,41,9,32,國票-北投,2023-05-09,7792
3049,精金,33,4,29,國票-北投,2023-05-09,7792
2603,長榮,27,1,26,國票-北投,2023-05-09,7792
2342,茂矽,21,0,21,國票-北投,2023-05-09,7792
2610,華航,25,4,21,國票-北投,2023-05-09,7792
6465,威潤,15,0,15,國票-北投,2023-05-09,7792
1605,華新,20,7,13,國票-北投,2023-05-09,7792
3504,揚明光,11,0,11,國票-北投,2023-05-09,7792
9933,中鼎,11,0,11,國票-北投,2023-05-09,7792
1608,華榮,10,0,10,國票-北投,2023-05-09,7792
2482,連宇,10,0,10,國票-北投,2023-05-09,7792
4707,磐亞,10,0,10,國票-北投,2023-05-09,7792
1101,台泥,9,0,9,國票-北投,2023-05-09,7792
2371,大同,9,0,9,國票-北投,2023-05-09,7792
3481,群創,24,15,9,國票-北投,2023-05-09,7792
5425,台半,9,0,9,國票-北投,2023-05-09,7792
5465,富驊,9,0,9,國票-北投,2023-05-09,7792
1513,中興電,13,5,8,國票-北投,2023-05-09,7792
3189,景碩,8,0,8,國票-北投,2023-05-09,7792
2609,陽明,9,2,7,國票-北投,2023-05-09,7792
6148,驊宏資,7,0,7,國票-北投,2023-05-09,7792
6829,千附精密,10,3,7,國票-北投,2023-05-09,7792
1218,泰山,6,0,6,國票-北投,2023-05-09,7792
00720B,元大投資級公司債,6,0,6,國票-北投,2023-05-09,7792
2484,希華,6,0,6,國票-北投,2023-05-09,7792
3047,訊舟,6,0,6,國票-北投,2023-05-09,7792
3362,先進光,6,0,6,國票-北投,2023-05-09,7792
6274,台燿,8,2,6,國票-北投,2023-05-09,7792
8081,致新,6,0,6,國票-北投,2023-05-09,7792
00679B,元大美債20年,5,0,5,國票-北投,2023-05-09,7792
1104,環泥,5,0,5,國票-北投,2023-05-09,7792
1909,榮成,5,0,5,國票-北投,2023-05-09,7792
2009,第一銅,5,0,5,國票-北投,2023-05-09,7792
2338,光罩,5,0,5,國票-北投,2023-05-09,7792
2471,資通,10,5,5,國票-北投,2023-05-09,7792
2607,榮運,5,0,5,國票-北投,2023-05-09,7792
3710,連展投控,5,0,5,國票-北投,2023-05-09,7792
5469,瀚宇博,5,0,5,國票-北投,2023-05-09,7792
8222,寶一,5,0,5,國票-北投,2023-05-09,7792
8478,東哥遊艇,8,3,5,國票-北投,2023-05-09,7792
1722,台肥,4,0,4,國票-北投,2023-05-09,7792
1708,東鹼,4,0,4,國票-北投,2023-05-09,7792
1504,東元,18,14,4,國票-北投,2023-05-09,7792
1783,和康生,5,1,4,國票-北投,2023-05-09,7792
2067,嘉鋼,4,0,4,國票-北投,2023-05-09,7792
1513,中興電,350,10,340,國票-北投,2023-05-10,7792
00882,中信中國高股息,40,0,40,國票-北投,2023-05-10,7792
8076,伍豐,33,0,33,國票-北投,2023-05-10,7792
3038,全台,70,41,29,國票-北投,2023-05-10,7792
00637L,元大滬深300正2,25,0,25,國票-北投,2023-05-10,7792
3376,新日興,21,0,21,國票-北投,2023-05-10,7792
2104,國際中橡,20,0,20,國票-北投,2023-05-10,7792
2331,精英,20,0,20,國票-北投,2023-05-10,7792
6788,華景電,15,0,15,國票-北投,2023-05-10,7792
3346,麗清,13,0,13,國票-北投,2023-05-10,7792
3548,兆利,13,0,13,國票-北投,2023-05-10,7792
1909,榮成,12,0,12,國票-北投,2023-05-10,7792
3230,錦明,12,0,12,國票-北投,2023-05-10,7792
3013,晟銘電,97,86,11,國票-北投,2023-05-10,7792
3231,緯創,10,0,10,國票-北投,2023-05-10,7792
3518,柏騰,10,0,10,國票-北投,2023-05-10,7792
6282,康舒,11,1,10,國票-北投,2023-05-10,7792
3533,嘉澤,9,0,9,國票-北投,2023-05-10,7792
00878,國泰永續高股息,19,10,9,國票-北投,2023-05-10,7792
1605,華新,16,8,8,國票-北投,2023-05-10,7792
3005,神基,6,0,6,國票-北投,2023-05-10,7792
6147,頎邦,6,0,6,國票-北投,2023-05-10,7792
8155,博智,6,0,6,國票-北投,2023-05-10,7792
8215,明基材,6,0,6,國票-北投,2023-05-10,7792
1608,華榮,5,0,5,國票-北投,2023-05-10,7792
1514,亞力,5,0,5,國票-北投,2023-05-10,7792
00680L,元大美債20正2,5,0,5,國票-北投,2023-05-10,7792
2342,茂矽,5,0,5,國票-北投,2023-05-10,7792
2409,友達,6,1,5,國票-北投,2023-05-10,7792
3701,大眾控,5,0,5,國票-北投,2023-05-10,7792
0050,元大台灣50,4,0,4,國票-北投,2023-05-10,7792
2449,京元電子,4,0,4,國票-北投,2023-05-10,7792
2458,義隆,4,0,4,國票-北投,2023-05-10,7792
3047,訊舟,4,0,4,國票-北投,2023-05-10,7792
3048,益登,4,0,4,國票-北投,2023-05-10,7792
3508,位速,4,0,4,國票-北投,2023-05-10,7792
5258,虹堡,4,0,4,國票-北投,2023-05-10,7792
6133,金橋,4,0,4,國票-北投,2023-05-10,7792
6235,華孚,5,1,4,國票-北投,2023-05-10,7792
00713,元大台灣高息低波,3,0,3,國票-北投,2023-05-10,7792
1611,中電,3,0,3,國票-北投,2023-05-10,7792
2014,中鴻,3,0,3,國票-北投,2023-05-10,7792
2408,南亞科,3,0,3,國票-北投,2023-05-10,7792
2606,裕民,5,2,3,國票-北投,2023-05-10,7792
3202,樺晟,14,11,3,國票-北投,2023-05-10,7792
3209,全科,5,2,3,國票-北投,2023-05-10,7792
3406,玉晶光,3,0,3,國票-北投,2023-05-10,7792
6223,旺矽,3,0,3,國票-北投,2023-05-10,7792
6227,茂綸,3,0,3,國票-北投,2023-05-10,7792
6274,台燿,3,0,3,國票-北投,2023-05-10,7792
2887,台新金,100,0,100,國票-北投,2023-05-11,7792
1909,榮成,66,0,66,國票-北投,2023-05-11,7792
2610,華航,35,2,33,國票-北投,2023-05-11,7792
3038,全台,35,10,25,國票-北投,2023-05-11,7792
3049,精金,25,0,25,國票-北投,2023-05-11,7792
6218,豪勉,25,0,25,國票-北投,2023-05-11,7792
1907,永豐餘,22,0,22,國票-北投,2023-05-11,7792
3230,錦明,22,0,22,國票-北投,2023-05-11,7792
2402,毅嘉,20,0,20,國票-北投,2023-05-11,7792
1718,中纖,15,0,15,國票-北投,2023-05-11,7792
2030,彰源,15,0,15,國票-北投,2023-05-11,7792
4744,皇將,16,3,13,國票-北投,2023-05-11,7792
6235,華孚,17,5,12,國票-北投,2023-05-11,7792
6770,力積電,12,0,12,國票-北投,2023-05-11,7792
0056,元大高股息,12,0,12,國票-北投,2023-05-11,7792
3372,典範,10,0,10,國票-北投,2023-05-11,7792
3518,柏騰,10,0,10,國票-北投,2023-05-11,7792
8110,華東,10,0,10,國票-北投,2023-05-11,7792
3054,立萬利,9,0,9,國票-北投,2023-05-11,7792
3416,融程電,9,0,9,國票-北投,2023-05-11,7792
1584,精剛,11,3,8,國票-北投,2023-05-11,7792
2022,聚亨,10,2,8,國票-北投,2023-05-11,7792
3533,嘉澤,8,0,8,國票-北投,2023-05-11,7792
6285,啟��,58,51,7,國票-北投,2023-05-11,7792
8155,博智,7,0,7,國票-北投,2023-05-11,7792
8403,盛弘,7,0,7,國票-北投,2023-05-11,7792
1609,大亞,6,0,6,國票-北投,2023-05-11,7792
1103,嘉泥,6,0,6,國票-北投,2023-05-11,7792
6456,GIS-KY,6,0,6,國票-北投,2023-05-11,7792
6753,龍德造船,6,0,6,國票-北投,2023-05-11,7792
00680L,元大美債20正2,5,0,5,國票-北投,2023-05-11,7792
1752,南光,5,0,5,國票-北投,2023-05-11,7792
1776,展宇,5,0,5,國票-北投,2023-05-11,7792
2206,三陽工業,10,5,5,國票-北投,2023-05-11,7792
2303,聯電,5,0,5,國票-北投,2023-05-11,7792
2344,華邦電,10,5,5,國票-北投,2023-05-11,7792
2405,輔信,5,0,5,國票-北投,2023-05-11,7792
2605,新興,5,0,5,國票-北投,2023-05-11,7792
3047,訊舟,5,0,5,國票-北投,2023-05-11,7792
4503,金雨,6,1,5,國票-北投,2023-05-11,7792
6155,鈞寶,5,0,5,國票-北投,2023-05-11,7792
6197,佳必琪,5,0,5,國票-北投,2023-05-11,7792
6829,千附精密,10,5,5,國票-北投,2023-05-11,7792
9907,統一實,6,1,5,國票-北投,2023-05-11,7792
9939,宏全,5,0,5,國票-北投,2023-05-11,7792
1598,岱宇,4,0,4,國票-北投,2023-05-11,7792
1905,華紙,8,4,4,國票-北投,2023-05-11,7792
2312,金寶,4,0,4,國票-北投,2023-05-11,7792
2421,建準,4,0,4,國票-北投,2023-05-11,7792
2498,宏達電,4,0,4,國票-北投,2023-05-11,7792
00878,國泰永續高股息,62,5,57,國票-北投,2023-05-12,7792
2031,新光鋼,53,0,53,國票-北投,2023-05-12,7792
2104,國際中橡,34,0,34,國票-北投,2023-05-12,7792
2303,聯電,33,0,33,國票-北投,2023-05-12,7792
1909,榮成,30,0,30,國票-北投,2023-05-12,7792
2484,希華,25,0,25,國票-北投,2023-05-12,7792
2406,國碩,21,0,21,國票-北投,2023-05-12,7792
2887,台新金,21,1,20,國票-北投,2023-05-12,7792
3019,亞光,19,0,19,國票-北投,2023-05-12,7792
2743,山富,20,4,16,國票-北投,2023-05-12,7792
3376,新日興,21,5,16,國票-北投,2023-05-12,7792
1742,台蠟,15,0,15,國票-北投,2023-05-12,7792
00713,元大台灣高息低波,13,0,13,國票-北投,2023-05-12,7792
6175,立敦,12,0,12,國票-北投,2023-05-12,7792
2331,精英,11,0,11,國票-北投,2023-05-12,7792
6125,廣運,11,0,11,國票-北投,2023-05-12,7792
0056,元大高股息,11,0,11,國票-北投,2023-05-12,7792
1101,台泥,11,1,10,國票-北投,2023-05-12,7792
1721,三晃,10,0,10,國票-北投,2023-05-12,7792
3049,精金,10,0,10,國票-北投,2023-05-12,7792
2409,友達,11,2,9,國票-北投,2023-05-12,7792
4906,正文,10,1,9,國票-北投,2023-05-12,7792
00637L,元大滬深300正2,18,10,8,國票-北投,2023-05-12,7792
6217,中探針,8,0,8,國票-北投,2023-05-12,7792
1714,和桐,7,0,7,國票-北投,2023-05-12,7792
2634,漢翔,10,3,7,國票-北投,2023-05-12,7792
1605,華新,8,2,6,國票-北投,2023-05-12,7792
3481,群創,6,0,6,國票-北投,2023-05-12,7792
6788,華景電,5,0,5,國票-北投,2023-05-12,7792
00715L,期街口布蘭特正2,5,0,5,國票-北投,2023-05-12,7792
1218,泰山,35,30,5,國票-北投,2023-05-12,7792
1102,亞泥,5,0,5,國票-北投,2023-05-12,7792
00882,中信中國高股息,5,0,5,國票-北投,2023-05-12,7792
2883,凱基金,5,0,5,國票-北投,2023-05-12,7792
4147,中裕,6,1,5,國票-北投,2023-05-12,7792
6129,普誠,5,0,5,國票-北投,2023-05-12,7792
6243,迅杰,5,0,5,國票-北投,2023-05-12,7792
2027,大成鋼,4,0,4,國票-北投,2023-05-12,7792
2606,裕民,4,0,4,國票-北投,2023-05-12,7792
3533,嘉澤,4,0,4,國票-北投,2023-05-12,7792
3714,富采,4,0,4,國票-北投,2023-05-12,7792
4908,前鼎,4,0,4,國票-北投,2023-05-12,7792
6789,采鈺,4,0,4,國票-北投,2023-05-12,7792
1504,東元,7,4,3,國票-北投,2023-05-12,7792
1727,中華化,3,0,3,國票-北投,2023-05-12,7792
3189,景碩,3,0,3,國票-北投,2023-05-12,7792
4148,全宇生技-KY,3,0,3,國票-北投,2023-05-12,7792
4743,合一,4,1,3,國票-北投,2023-05-12,7792
6285,啟��,5,2,3,國票-北投,2023-05-12,7792
4114,健喬,4,1,3,國票-北投,2023-05-12,7792
1909,榮成,96,0,96,國票-北投,2023-05-15,7792
6223,旺矽,35,0,35,國票-北投,2023-05-15,7792
8076,伍豐,45,11,34,國票-北投,2023-05-15,7792
2342,茂矽,32,0,32,國票-北投,2023-05-15,7792
3038,全台,32,2,30,國票-北投,2023-05-15,7792
8410,森田,20,0,20,國票-北投,2023-05-15,7792
3231,緯創,18,1,17,國票-北投,2023-05-15,7792
3025,星通,16,0,16,國票-北投,2023-05-15,7792
2634,漢翔,17,2,15,國票-北投,2023-05-15,7792
3518,柏騰,18,6,12,國票-北投,2023-05-15,7792
2303,聯電,12,1,11,國票-北投,2023-05-15,7792
00725B,國泰投資級公司債,11,0,11,國票-北投,2023-05-15,7792
4138,曜亞,11,0,11,國票-北投,2023-05-15,7792
00878,國泰永續高股息,14,3,11,國票-北投,2023-05-15,7792
2010,春源,10,0,10,國票-北投,2023-05-15,7792
1609,大亞,21,11,10,國票-北投,2023-05-15,7792
00680L,元大美債20正2,10,0,10,國票-北投,2023-05-15,7792
00679B,元大美債20年,10,0,10,國票-北投,2023-05-15,7792
2344,華邦電,10,0,10,國票-北投,2023-05-15,7792
2745,五福,10,0,10,國票-北投,2023-05-15,7792
3062,建漢,10,0,10,國票-北投,2023-05-15,7792
3432,台端,10,0,10,國票-北投,2023-05-15,7792
3576,聯合再生,11,1,10,國票-北投,2023-05-15,7792
3615,安可,10,0,10,國票-北投,2023-05-15,7792
4906,正文,10,0,10,國票-北投,2023-05-15,7792
00715L,期街口布蘭特正2,9,0,9,國票-北投,2023-05-15,7792
2324,仁寶,10,1,9,國票-北投,2023-05-15,7792
3049,精金,9,0,9,國票-北投,2023-05-15,7792
5871,中租-KY,8,1,7,國票-北投,2023-05-15,7792
3005,神基,7,0,7,國票-北投,2023-05-15,7792
1504,東元,22,16,6,國票-北投,2023-05-15,7792
3054,立萬利,6,0,6,國票-北投,2023-05-15,7792
4121,優盛,6,0,6,國票-北投,2023-05-15,7792
6163,華電網,6,0,6,國票-北投,2023-05-15,7792
6214,精誠,6,0,6,國票-北投,2023-05-15,7792
1215,卜蜂,5,0,5,國票-北投,2023-05-15,7792
00637L,元大滬深300正2,5,0,5,國票-北投,2023-05-15,7792
2489,瑞軒,5,0,5,國票-北投,2023-05-15,7792
6218,豪勉,5,0,5,國票-北投,2023-05-15,7792
8121,越峰,5,0,5,國票-北投,2023-05-15,7792
2603,長榮,5,0,5,國票-北投,2023-05-15,7792
2105,正新,4,0,4,國票-北投,2023-05-15,7792
2515,中工,4,0,4,國票-北投,2023-05-15,7792
2606,裕民,10,6,4,國票-北投,2023-05-15,7792
2610,華航,6,2,4,國票-北投,2023-05-15,7792
3189,景碩,4,0,4,國票-北投,2023-05-15,7792
4123,晟德,5,1,4,國票-北投,2023-05-15,7792
4155,訊映,4,0,4,國票-北投,2023-05-15,7792
6235,華孚,20,16,4,國票-北投,2023-05-15,7792
8011,台通,15,11,4,國票-北投,2023-05-15,7792
00878,國泰永續高股息,127,35,92,國票-北投,2023-05-16,7792
1609,大亞,49,12,37,國票-北投,2023-05-16,7792
6246,臺龍,30,0,30,國票-北投,2023-05-16,7792
00680L,元大美債20正2,15,0,15,國票-北投,2023-05-16,7792
3081,聯亞,13,0,13,國票-北投,2023-05-16,7792
1101,台泥,12,0,12,國票-北投,2023-05-16,7792
4906,正文,12,0,12,國票-北投,2023-05-16,7792
1708,東鹼,11,0,11,國票-北投,2023-05-16,7792
00664R,國泰臺灣加權反1,10,0,10,國票-北投,2023-05-16,7792
2478,大毅,10,0,10,國票-北投,2023-05-16,7792
2736,富野,11,1,10,國票-北投,2023-05-16,7792
3615,安可,10,0,10,國票-北投,2023-05-16,7792
00632R,元大台灣50反1,9,0,9,國票-北投,2023-05-16,7792
2603,長榮,9,0,9,國票-北投,2023-05-16,7792
3231,緯創,14,5,9,國票-北投,2023-05-16,7792
1504,東元,13,5,8,國票-北投,2023-05-16,7792
2734,易飛網,8,0,8,國票-北投,2023-05-16,7792
1909,榮成,6,0,6,國票-北投,2023-05-16,7792
2633,台灣高鐵,7,1,6,國票-北投,2023-05-16,7792
3357,臺慶科,6,0,6,國票-北投,2023-05-16,7792
00904,新光臺灣半導體30,5,0,5,國票-北投,2023-05-16,7792
1528,恩德,5,0,5,國票-北投,2023-05-16,7792
2364,倫飛,13,8,5,國票-北投,2023-05-16,7792
5469,瀚宇博,5,0,5,國票-北投,2023-05-16,7792
6234,高僑,5,0,5,國票-北投,2023-05-16,7792
0056,元大高股息,6,1,5,國票-北投,2023-05-16,7792
1783,和康生,4,0,4,國票-北投,2023-05-16,7792
2618,長榮航,13,9,4,國票-北投,2023-05-16,7792
4908,前鼎,4,0,4,國票-北投,2023-05-16,7792
6133,金橋,4,0,4,國票-北投,2023-05-16,7792
1709,和益,3,0,3,國票-北投,2023-05-16,7792
1305,華夏,3,0,3,國票-北投,2023-05-16,7792
00888,永豐台灣ESG,3,0,3,國票-北投,2023-05-16,7792
00885,富邦越南,3,0,3,國票-北投,2023-05-16,7792
2027,大成鋼,3,0,3,國票-北投,2023-05-16,7792
2105,正新,5,2,3,國票-北投,2023-05-16,7792
2421,建準,3,0,3,國票-北投,2023-05-16,7792
2834,臺企銀,3,0,3,國票-北投,2023-05-16,7792
3715,定穎投控,12,9,3,國票-北投,2023-05-16,7792
4763,材料-KY,3,0,3,國票-北投,2023-05-16,7792
5203,訊連,3,0,3,國票-北投,2023-05-16,7792
2317,鴻海,2,0,2,國票-北投,2023-05-16,7792
00761B,國泰A級公司債,2,0,2,國票-北投,2023-05-16,7792
2303,聯電,2,0,2,國票-北投,2023-05-16,7792
2329,華泰,3,1,2,國票-北投,2023-05-16,7792
2356,英業達,2,0,2,國票-北投,2023-05-16,7792
3010,華立,2,0,2,國票-北投,2023-05-16,7792
3260,威剛,2,0,2,國票-北投,2023-05-16,7792
3265,台星科,2,0,2,國票-北投,2023-05-16,7792
3362,先進光,7,5,2,國票-北投,2023-05-16,7792
00878,國泰永續高股息,262,13,249,國票-北投,2023-05-17,7792
00632R,元大台灣50反1,161,26,135,國票-北投,2023-05-17,7792
1905,華紙,100,1,99,國票-北投,2023-05-17,7792
3715,定穎投控,85,23,62,國票-北投,2023-05-17,7792
9962,有益,53,1,52,國票-北投,2023-05-17,7792
6142,友勁,30,0,30,國票-北投,2023-05-17,7792
2328,廣宇,29,0,29,國票-北投,2023-05-17,7792
2201,裕隆,43,15,28,國票-北投,2023-05-17,7792
1609,大亞,50,24,26,國票-北投,2023-05-17,7792
4702,中美實,25,0,25,國票-北投,2023-05-17,7792
2736,富野,20,0,20,國票-北投,2023-05-17,7792
2706,第一店,15,0,15,國票-北投,2023-05-17,7792
6246,臺龍,12,0,12,國票-北投,2023-05-17,7792
00885,富邦越南,11,0,11,國票-北投,2023-05-17,7792
2457,飛宏,20,9,11,國票-北投,2023-05-17,7792
00664R,國泰臺灣加權反1,10,0,10,國票-北投,2023-05-17,7792
1717,長興,10,0,10,國票-北投,2023-05-17,7792
3264,欣銓,10,0,10,國票-北投,2023-05-17,7792
3711,日月光投控,15,5,10,國票-北投,2023-05-17,7792
8403,盛弘,10,0,10,國票-北投,2023-05-17,7792
00637L,元大滬深300正2,8,0,8,國票-北投,2023-05-17,7792
6282,康舒,9,1,8,國票-北投,2023-05-17,7792
1513,中興電,13,6,7,國票-北投,2023-05-17,7792
5227,立凱-KY,6,0,6,國票-北投,2023-05-17,7792
6148,驊宏資,6,0,6,國票-北投,2023-05-17,7792
3704,合勤控,8,3,5,國票-北投,2023-05-17,7792
3034,聯詠,5,0,5,國票-北投,2023-05-17,7792
00712,復華富時不動產,5,0,5,國票-北投,2023-05-17,7792
1612,宏泰,5,0,5,國票-北投,2023-05-17,7792
4155,訊映,5,0,5,國票-北投,2023-05-17,7792
6274,台燿,5,0,5,國票-北投,2023-05-17,7792
6806,森崴能源,5,0,5,國票-北投,2023-05-17,7792
8112,至上,5,0,5,國票-北投,2023-05-17,7792
2402,毅嘉,5,1,4,國票-北投,2023-05-17,7792
3673,TPK-KY,14,10,4,國票-北投,2023-05-17,7792
6285,啟��,5,1,4,國票-北投,2023-05-17,7792
9928,中視,4,0,4,國票-北投,2023-05-17,7792
1524,耿鼎,3,0,3,國票-北投,2023-05-17,7792
00715L,期街口布蘭特正2,3,0,3,國票-北投,2023-05-17,7792
2317,鴻海,3,0,3,國票-北投,2023-05-17,7792
2603,長榮,3,0,3,國票-北投,2023-05-17,7792
3290,東浦,3,0,3,國票-北投,2023-05-17,7792
3294,英濟,3,0,3,國票-北投,2023-05-17,7792
3376,新日興,3,0,3,國票-北投,2023-05-17,7792
3567,逸昌,3,0,3,國票-北投,2023-05-17,7792
4958,臻鼎-KY,3,0,3,國票-北投,2023-05-17,7792
6160,欣技,4,1,3,國票-北投,2023-05-17,7792
6535,順藥,3,0,3,國票-北投,2023-05-17,7792
6593,台灣銘板,3,0,3,國票-北投,2023-05-17,7792
6829,千附精密,5,2,3,國票-北投,2023-05-17,7792
00632R,元大台灣50反1,125,0,125,國票-北投,2023-05-18,7792
6282,康舒,62,28,34,國票-北投,2023-05-18,7792
5531,鄉林,30,0,30,國票-北投,2023-05-18,7792
2332,友訊,25,0,25,國票-北投,2023-05-18,7792
2457,飛宏,35,10,25,國票-北投,2023-05-18,7792
6509,聚和,20,0,20,國票-北投,2023-05-18,7792
3715,定穎投控,90,71,19,國票-北投,2023-05-18,7792
6770,力積電,20,2,18,國票-北投,2023-05-18,7792
3567,逸昌,17,0,17,國票-北投,2023-05-18,7792
6112,邁達特,23,7,16,國票-北投,2023-05-18,7792
3230,錦明,12,0,12,國票-北投,2023-05-18,7792
3673,TPK-KY,12,0,12,國票-北投,2023-05-18,7792
1584,精剛,12,1,11,國票-北投,2023-05-18,7792
2409,友達,12,1,11,國票-北投,2023-05-18,7792
00664R,國泰臺灣加權反1,10,0,10,國票-北投,2023-05-18,7792
2489,瑞軒,10,0,10,國票-北投,2023-05-18,7792
2734,易飛網,15,5,10,國票-北投,2023-05-18,7792
3052,夆典,10,0,10,國票-北投,2023-05-18,7792
3260,威剛,11,1,10,國票-北投,2023-05-18,7792
3362,先進光,24,14,10,國票-北投,2023-05-18,7792
3504,揚明光,10,0,10,國票-北投,2023-05-18,7792
4138,曜亞,10,0,10,國票-北投,2023-05-18,7792
6257,矽格,10,0,10,國票-北投,2023-05-18,7792
4906,正文,11,2,9,國票-北投,2023-05-18,7792
6163,華電網,21,13,8,國票-北投,2023-05-18,7792
1319,東陽,5,0,5,國票-北投,2023-05-18,7792
1907,永豐餘,5,0,5,國票-北投,2023-05-18,7792
6227,茂綸,5,0,5,國票-北投,2023-05-18,7792
6274,台燿,5,0,5,國票-北投,2023-05-18,7792
6672,騰輝電子-KY,5,0,5,國票-北投,2023-05-18,7792
6741,91APP*-KY,10,5,5,國票-北投,2023-05-18,7792
8926,台汽電,5,0,5,國票-北投,2023-05-18,7792
00642U,期元大S＆P石油,4,0,4,國票-北投,2023-05-18,7792
3290,東浦,4,0,4,國票-北投,2023-05-18,7792
3558,神準,5,1,4,國票-北投,2023-05-18,7792
5227,立凱-KY,5,1,4,國票-北投,2023-05-18,7792
2891,中信金,10,7,3,國票-北投,2023-05-18,7792
8069,元太,5,2,3,國票-北投,2023-05-18,7792
00633L,富邦上証正2,3,0,3,國票-北投,2023-05-18,7792
00751B,元大AAA至A公司債,3,0,3,國票-北投,2023-05-18,7792
3209,全科,3,0,3,國票-北投,2023-05-18,7792
3372,典範,3,0,3,國票-北投,2023-05-18,7792
6592,和潤企業,3,0,3,國票-北投,2023-05-18,7792
6596,寬宏藝術,3,0,3,國票-北投,2023-05-18,7792
6874,倍力,4,1,3,國票-北投,2023-05-18,7792
8028,昇陽半導體,3,0,3,國票-北投,2023-05-18,7792
9110,越南控-DR,3,0,3,國票-北投,2023-05-18,7792
2630,亞航,4,1,3,國票-北投,2023-05-18,7792
00904,新光臺灣半導體30,2,0,2,國票-北投,2023-05-18,7792
1218,泰山,2,0,2,國票-北投,2023-05-18,7792
2618,長榮航,310,112,198,國票-北投,2023-05-19,7792
3037,欣興,101,1,100,國票-北投,2023-05-19,7792
2610,華航,160,70,90,國票-北投,2023-05-19,7792
2409,友達,25,0,25,國票-北投,2023-05-19,7792
1471,首利,20,0,20,國票-北投,2023-05-19,7792
2883,凱基金,20,2,18,國票-北投,2023-05-19,7792
00632R,元大台灣50反1,17,0,17,國票-北投,2023-05-19,7792
1609,大亞,19,5,14,國票-北投,2023-05-19,7792
5009,榮剛,14,0,14,國票-北投,2023-05-19,7792
00679B,元大美債20年,15,2,13,國票-北投,2023-05-19,7792
3576,聯合再生,12,0,12,國票-北投,2023-05-19,7792
3673,TPK-KY,15,3,12,國票-北投,2023-05-19,7792
2457,飛宏,14,3,11,國票-北投,2023-05-19,7792
6770,力積電,111,100,11,國票-北投,2023-05-19,7792
1513,中興電,18,8,10,國票-北投,2023-05-19,7792
1503,士電,19,9,10,國票-北投,2023-05-19,7792
2352,佳世達,10,0,10,國票-北投,2023-05-19,7792
4533,協易機,10,0,10,國票-北投,2023-05-19,7792
6288,聯嘉,10,0,10,國票-北投,2023-05-19,7792
8111,立��,10,0,10,國票-北投,2023-05-19,7792
00907,永豐優息存股,9,0,9,國票-北投,2023-05-19,7792
6163,華電網,20,11,9,國票-北投,2023-05-19,7792
1709,和益,8,0,8,國票-北投,2023-05-19,7792
3047,訊舟,9,1,8,國票-北投,2023-05-19,7792
6244,茂迪,10,2,8,國票-北投,2023-05-19,7792
2481,強茂,7,0,7,國票-北投,2023-05-19,7792
4138,曜亞,7,0,7,國票-北投,2023-05-19,7792
3706,神達,12,5,7,國票-北投,2023-05-19,7792
1310,台苯,6,0,6,國票-北投,2023-05-19,7792
1504,東元,19,13,6,國票-北投,2023-05-19,7792
2206,三陽工業,14,8,6,國票-北投,2023-05-19,7792
2489,瑞軒,6,0,6,國票-北投,2023-05-19,7792
3013,晟銘電,6,0,6,國票-北投,2023-05-19,7792
1752,南光,8,3,5,國票-北投,2023-05-19,7792
1514,亞力,5,0,5,國票-北投,2023-05-19,7792
00885,富邦越南,5,0,5,國票-北投,2023-05-19,7792
2402,毅嘉,5,0,5,國票-北投,2023-05-19,7792
2745,五福,5,0,5,國票-北投,2023-05-19,7792
3236,千如,5,0,5,國票-北投,2023-05-19,7792
6235,華孚,8,3,5,國票-北投,2023-05-19,7792
6672,騰輝電子-KY,7,2,5,國票-北投,2023-05-19,7792
2468,華經,5,1,4,國票-北投,2023-05-19,7792
2501,國建,4,0,4,國票-北投,2023-05-19,7792
2887,台新金,4,0,4,國票-北投,2023-05-19,7792
3029,零壹,9,5,4,國票-北投,2023-05-19,7792
3290,東浦,4,0,4,國票-北投,2023-05-19,7792
3704,合勤控,4,0,4,國票-北投,2023-05-19,7792
4967,十銓,4,0,4,國票-北投,2023-05-19,7792
6005,群益證,4,0,4,國票-北投,2023-05-19,7792
6741,91APP*-KY,7,3,4,國票-北投,2023-05-19,7792
3037,欣興,55,6,49,國票-北投,2023-05-22,7792
2303,聯電,48,0,48,國票-北投,2023-05-22,7792
1718,中纖,35,0,35,國票-北投,2023-05-22,7792
8046,南電,34,1,33,國票-北投,2023-05-22,7792
3017,奇鋐,31,0,31,國票-北投,2023-05-22,7792
2344,華邦電,31,1,30,國票-北投,2023-05-22,7792
00772B,中信高評級公司債,20,0,20,國票-北投,2023-05-22,7792
1471,首利,18,0,18,國票-北投,2023-05-22,7792
2745,五福,23,5,18,國票-北投,2023-05-22,7792
6190,萬泰科,17,1,16,國票-北投,2023-05-22,7792
2439,美律,15,0,15,國票-北投,2023-05-22,7792
2734,易飛網,15,0,15,國票-北投,2023-05-22,7792
5009,榮剛,20,7,13,國票-北投,2023-05-22,7792
00715L,期街口布蘭特正2,11,0,11,國票-北投,2023-05-22,7792
1529,樂事綠能,11,1,10,國票-北投,2023-05-22,7792
2331,精英,10,0,10,國票-北投,2023-05-22,7792
2464,盟立,10,0,10,國票-北投,2023-05-22,7792
00679B,元大美債20年,8,0,8,國票-北投,2023-05-22,7792
2409,友達,10,2,8,國票-北投,2023-05-22,7792
2913,農林,6,0,6,國票-北投,2023-05-22,7792
3706,神達,7,1,6,國票-北投,2023-05-22,7792
1517,利奇,10,5,5,國票-北投,2023-05-22,7792
1504,東元,25,20,5,國票-北投,2023-05-22,7792
00680L,元大美債20正2,5,0,5,國票-北投,2023-05-22,7792
00712,復華富時不動產,5,0,5,國票-北投,2023-05-22,7792
2301,光寶科,5,0,5,國票-北投,2023-05-22,7792
2633,台灣高鐵,5,0,5,國票-北投,2023-05-22,7792
3231,緯創,22,17,5,國票-北投,2023-05-22,7792
3306,鼎天,9,4,5,國票-北投,2023-05-22,7792
5609,中菲行,5,0,5,國票-北投,2023-05-22,7792
6753,龍德造船,5,0,5,國票-北投,2023-05-22,7792
8028,昇陽半導體,5,0,5,國票-北投,2023-05-22,7792
8926,台汽電,10,5,5,國票-北投,2023-05-22,7792
00878,國泰永續高股息,7,2,5,國票-北投,2023-05-22,7792
2382,廣達,4,0,4,國票-北投,2023-05-22,7792
00882,中信中國高股息,4,0,4,國票-北投,2023-05-22,7792
2332,友訊,9,5,4,國票-北投,2023-05-22,7792
2352,佳世達,10,6,4,國票-北投,2023-05-22,7792
3029,零壹,4,0,4,國票-北投,2023-05-22,7792
8222,寶一,12,8,4,國票-北投,2023-05-22,7792
1503,士電,8,5,3,國票-北投,2023-05-22,7792
00900,富邦特選高股息30,3,0,3,國票-北投,2023-05-22,7792
2313,華通,4,1,3,國票-北投,2023-05-22,7792
2376,技嘉,3,0,3,國票-北投,2023-05-22,7792
2408,南亞科,3,0,3,國票-北投,2023-05-22,7792
3094,聯傑,3,0,3,國票-北投,2023-05-22,7792
3675,德微,4,1,3,國票-北投,2023-05-22,7792
6229,研通,5,2,3,國票-北投,2023-05-22,7792
1110,東泥,2,0,2,國票-北投,2023-05-22,7792
00888,永豐台灣ESG,2,0,2,國票-北投,2023-05-22,7792
5425,台半,50,0,50,國票-北投,2023-05-23,7792
3037,欣興,53,4,49,國票-北投,2023-05-23,7792
00687B,國泰20年美債,41,0,41,國票-北投,2023-05-23,7792
2442,新美齊,32,0,32,國票-北投,2023-05-23,7792
1219,福壽,30,0,30,國票-北投,2023-05-23,7792
3022,威強電,30,0,30,國票-北投,2023-05-23,7792
6550,北極星藥業-KY,30,0,30,國票-北投,2023-05-23,7792
2734,易飛網,30,5,25,國票-北投,2023-05-23,7792
2303,聯電,24,4,20,國票-北投,2023-05-23,7792
2380,虹光,20,0,20,國票-北投,2023-05-23,7792
1905,華紙,28,13,15,國票-北投,2023-05-23,7792
1514,亞力,24,10,14,國票-北投,2023-05-23,7792
3481,群創,15,2,13,國票-北投,2023-05-23,7792
1528,恩德,11,0,11,國票-北投,2023-05-23,7792
1455,集盛,11,0,11,國票-北投,2023-05-23,7792
3025,星通,11,0,11,國票-北投,2023-05-23,7792
2705,六福,10,0,10,國票-北投,2023-05-23,7792
2834,臺企銀,10,0,10,國票-北投,2023-05-23,7792
3138,耀登,10,0,10,國票-北投,2023-05-23,7792
6282,康舒,24,14,10,國票-北投,2023-05-23,7792
1904,正隆,9,0,9,國票-北投,2023-05-23,7792
2368,金像電,11,2,9,國票-北投,2023-05-23,7792
6235,華孚,18,10,8,國票-北投,2023-05-23,7792
6697,東捷資訊,10,2,8,國票-北投,2023-05-23,7792
8358,金居,8,0,8,國票-北投,2023-05-23,7792
00680L,元大美債20正2,7,0,7,國票-北投,2023-05-23,7792
3706,神達,7,0,7,國票-北投,2023-05-23,7792
6257,矽格,7,0,7,國票-北投,2023-05-23,7792
9958,世紀鋼,7,0,7,國票-北投,2023-05-23,7792
2409,友達,7,0,7,國票-北投,2023-05-23,7792
00882,中信中國高股息,6,0,6,國票-北投,2023-05-23,7792
1417,嘉裕,6,0,6,國票-北投,2023-05-23,7792
00885,富邦越南,5,0,5,國票-北投,2023-05-23,7792
2399,映泰,5,0,5,國票-北投,2023-05-23,7792
2427,三商電,5,0,5,國票-北投,2023-05-23,7792
3038,全台,10,5,5,國票-北投,2023-05-23,7792
8011,台通,5,0,5,國票-北投,2023-05-23,7792
8099,大世科,11,6,5,國票-北投,2023-05-23,7792
00637L,元大滬深300正2,4,0,4,國票-北投,2023-05-23,7792
2324,仁寶,11,7,4,國票-北投,2023-05-23,7792
2382,廣達,6,2,4,國票-北投,2023-05-23,7792
2481,強茂,4,0,4,國票-北投,2023-05-23,7792
6438,迅得,4,0,4,國票-北投,2023-05-23,7792
2317,鴻海,3,0,3,國票-北投,2023-05-23,7792
00713,元大台灣高息低波,3,0,3,國票-北投,2023-05-23,7792
2363,矽統,3,0,3,國票-北投,2023-05-23,7792
2498,宏達電,3,0,3,國票-北投,2023-05-23,7792
2610,華航,58,55,3,國票-北投,2023-05-23,7792
3362,先進光,6,3,3,國票-北投,2023-05-23,7792
5388,中磊,3,0,3,國票-北投,2023-05-23,7792
00878,國泰永續高股息,70,8,62,國票-北投,2023-05-24,7792
2485,兆赫,47,0,47,國票-北投,2023-05-24,7792
3037,欣興,51,6,45,國票-北投,2023-05-24,7792
2610,華航,32,1,31,國票-北投,2023-05-24,7792
2328,廣宇,26,0,26,國票-北投,2023-05-24,7792
5371,中光電,25,0,25,國票-北投,2023-05-24,7792
2382,廣達,22,1,21,國票-北投,2023-05-24,7792
00882,中信中國高股息,20,0,20,國票-北投,2023-05-24,7792
6164,華興,20,0,20,國票-北投,2023-05-24,7792
6194,育富,20,0,20,國票-北投,2023-05-24,7792
6550,北極星藥業-KY,20,0,20,國票-北投,2023-05-24,7792
1609,大亞,21,1,20,國票-北投,2023-05-24,7792
2371,大同,16,2,14,國票-北投,2023-05-24,7792
1905,華紙,22,9,13,國票-北投,2023-05-24,7792
2634,漢翔,20,8,12,國票-北投,2023-05-24,7792
5512,力麒,13,1,12,國票-北投,2023-05-24,7792
00679B,元大美債20年,11,0,11,國票-北投,2023-05-24,7792
2368,金像電,11,0,11,國票-北投,2023-05-24,7792
3231,緯創,52,41,11,國票-北投,2023-05-24,7792
2454,聯發科,10,0,10,國票-北投,2023-05-24,7792
3207,耀勝,11,1,10,國票-北投,2023-05-24,7792
3325,旭品,10,0,10,國票-北投,2023-05-24,7792
8358,金居,10,0,10,國票-北投,2023-05-24,7792
3596,智易,8,0,8,國票-北投,2023-05-24,7792
1104,環泥,7,0,7,國票-北投,2023-05-24,7792
1504,東元,9,3,6,國票-北投,2023-05-24,7792
2481,強茂,6,0,6,國票-北投,2023-05-24,7792
2719,燦星旅,6,0,6,國票-北投,2023-05-24,7792
4121,優盛,6,0,6,國票-北投,2023-05-24,7792
1802,台玻,5,0,5,國票-北投,2023-05-24,7792
3022,威強電,36,31,5,國票-北投,2023-05-24,7792
3702,大聯大,5,0,5,國票-北投,2023-05-24,7792
3706,神達,5,0,5,國票-北投,2023-05-24,7792
4162,智擎,5,0,5,國票-北投,2023-05-24,7792
5227,立凱-KY,5,0,5,國票-北投,2023-05-24,7792
6138,茂達,5,0,5,國票-北投,2023-05-24,7792
6155,鈞寶,5,0,5,國票-北投,2023-05-24,7792
6163,華電網,10,5,5,國票-北投,2023-05-24,7792
2399,映泰,19,15,4,國票-北投,2023-05-24,7792
3205,佰研,10,6,4,國票-北投,2023-05-24,7792
3701,大眾控,5,1,4,國票-北投,2023-05-24,7792
6223,旺矽,4,0,4,國票-北投,2023-05-24,7792
9962,有益,4,0,4,國票-北投,2023-05-24,7792
5880,合庫金,3,0,3,國票-北投,2023-05-24,7792
0050,元大台灣50,3,0,3,國票-北投,2023-05-24,7792
1513,中興電,4,1,3,國票-北投,2023-05-24,7792
1101,台泥,3,0,3,國票-北投,2023-05-24,7792
00637L,元大滬深300正2,3,0,3,國票-北投,2023-05-24,7792
1783,和康生,3,0,3,國票-北投,2023-05-24,7792
1809,中釉,7,4,3,國票-北投,2023-05-24,7792
9962,有益,47,0,47,國票-北投,2023-05-25,7792
3265,台星科,109,66,43,國票-北投,2023-05-25,7792
6164,華興,29,1,28,國票-北投,2023-05-25,7792
2883,凱基金,26,0,26,國票-北投,2023-05-25,7792
3419,譁裕,25,5,20,國票-北投,2023-05-25,7792
00637L,元大滬深300正2,19,0,19,國票-北投,2023-05-25,7792
00764B,群益25年美債,18,0,18,國票-北投,2023-05-25,7792
2618,長榮航,36,18,18,國票-北投,2023-05-25,7792
2323,中環,18,1,17,國票-北投,2023-05-25,7792
1504,東元,23,7,16,國票-北投,2023-05-25,7792
2332,友訊,17,1,16,國票-北投,2023-05-25,7792
3205,佰研,15,0,15,國票-北投,2023-05-25,7792
1513,中興電,15,1,14,國票-北投,2023-05-25,7792
2734,易飛網,15,3,12,國票-北投,2023-05-25,7792
8358,金居,41,30,11,國票-北投,2023-05-25,7792
00664R,國泰臺灣加權反1,10,0,10,國票-北投,2023-05-25,7792
2736,富野,17,7,10,國票-北投,2023-05-25,7792
3706,神達,10,0,10,國票-北投,2023-05-25,7792
6550,北極星藥業-KY,10,0,10,國票-北投,2023-05-25,7792
8420,明揚,10,0,10,國票-北投,2023-05-25,7792
00882,中信中國高股息,9,0,9,國票-北投,2023-05-25,7792
2303,聯電,9,0,9,國票-北投,2023-05-25,7792
2399,映泰,10,1,9,國票-北投,2023-05-25,7792
8222,寶一,10,1,9,國票-北投,2023-05-25,7792
2603,長榮,9,1,8,國票-北投,2023-05-25,7792
1785,光洋科,11,3,8,國票-北投,2023-05-25,7792
2377,微星,10,2,8,國票-北投,2023-05-25,7792
2611,志信,8,0,8,國票-北投,2023-05-25,7792
3022,威強電,17,10,7,國票-北投,2023-05-25,7792
6753,龍德造船,7,0,7,國票-北投,2023-05-25,7792
1605,華新,6,0,6,國票-北投,2023-05-25,7792
00725B,國泰投資級公司債,6,0,6,國票-北投,2023-05-25,7792
00722B,群益投資級電信債,6,0,6,國票-北投,2023-05-25,7792
2328,廣宇,6,0,6,國票-北投,2023-05-25,7792
2344,華邦電,18,12,6,國票-北投,2023-05-25,7792
2609,陽明,8,2,6,國票-北投,2023-05-25,7792
6835,圓裕,7,1,6,國票-北投,2023-05-25,7792
1325,恆大,5,0,5,國票-北投,2023-05-25,7792
1210,大成,5,0,5,國票-北投,2023-05-25,7792
00852L,國泰美國道瓊正2,5,0,5,國票-北投,2023-05-25,7792
1752,南光,5,0,5,國票-北投,2023-05-25,7792
3138,耀登,5,0,5,國票-北投,2023-05-25,7792
3357,臺慶科,5,0,5,國票-北投,2023-05-25,7792
4966,譜瑞-KY,5,0,5,國票-北投,2023-05-25,7792
5351,鈺創,5,0,5,國票-北投,2023-05-25,7792
6457,紘康,5,0,5,國票-北投,2023-05-25,7792
6829,千附精密,5,0,5,國票-北投,2023-05-25,7792
00712,復華富時不動產,4,0,4,國票-北投,2023-05-25,7792
2204,中華,9,5,4,國票-北投,2023-05-25,7792
6741,91APP*-KY,4,0,4,國票-北投,2023-05-25,7792
2888,新光金,1606,0,1606,國票-北投,2023-05-26,7792
2610,華航,68,8,60,國票-北投,2023-05-26,7792
3049,精金,40,0,40,國票-北投,2023-05-26,7792
2323,中環,59,28,31,國票-北投,2023-05-26,7792
1909,榮成,30,0,30,國票-北投,2023-05-26,7792
3481,群創,30,0,30,國票-北投,2023-05-26,7792
2457,飛宏,29,3,26,國票-北投,2023-05-26,7792
6282,康舒,25,1,24,國票-北投,2023-05-26,7792
1718,中纖,22,0,22,國票-北投,2023-05-26,7792
00632R,元大台灣50反1,21,0,21,國票-北投,2023-05-26,7792
5347,世界,22,1,21,國票-北投,2023-05-26,7792
3059,華晶科,20,0,20,國票-北投,2023-05-26,7792
6125,廣運,17,2,15,國票-北投,2023-05-26,7792
6789,采鈺,15,0,15,國票-北投,2023-05-26,7792
2317,鴻海,12,0,12,國票-北投,2023-05-26,7792
020028,元大特選電動車N,10,0,10,國票-北投,2023-05-26,7792
00664R,國泰臺灣加權反1,10,0,10,國票-北投,2023-05-26,7792
1760,寶齡富錦,10,0,10,國票-北投,2023-05-26,7792
2441,超豐,10,0,10,國票-北投,2023-05-26,7792
3504,揚明光,10,0,10,國票-北投,2023-05-26,7792
6443,元晶,10,0,10,國票-北投,2023-05-26,7792
1460,宏遠,10,1,9,國票-北投,2023-05-26,7792
2605,新興,9,0,9,國票-北投,2023-05-26,7792
6190,萬泰科,12,3,9,國票-北投,2023-05-26,7792
2609,陽明,10,2,8,國票-北投,2023-05-26,7792
2736,富野,24,17,7,國票-北投,2023-05-26,7792
6153,嘉聯益,6,0,6,國票-北投,2023-05-26,7792
1504,東元,8,3,5,國票-北投,2023-05-26,7792
00715L,期街口布蘭特正2,5,0,5,國票-北投,2023-05-26,7792
1708,東鹼,5,0,5,國票-北投,2023-05-26,7792
2034,允強,5,0,5,國票-北投,2023-05-26,7792
2375,凱美,5,0,5,國票-北投,2023-05-26,7792
2929,淘帝-KY,5,0,5,國票-北投,2023-05-26,7792
3138,耀登,5,0,5,國票-北投,2023-05-26,7792
3673,TPK-KY,5,0,5,國票-北投,2023-05-26,7792
5443,均豪,6,1,5,國票-北投,2023-05-26,7792
6185,幃翔,5,0,5,國票-北投,2023-05-26,7792
6606,建德工業,5,0,5,國票-北投,2023-05-26,7792
8277,商丞,5,0,5,國票-北投,2023-05-26,7792
8926,台汽電,5,0,5,國票-北投,2023-05-26,7792
00878,國泰永續高股息,11,6,5,國票-北投,2023-05-26,7792
00642U,期元大S＆P石油,4,0,4,國票-北投,2023-05-26,7792
1752,南光,4,0,4,國票-北投,2023-05-26,7792
2425,承啟,11,7,4,國票-北投,2023-05-26,7792
2606,裕民,5,1,4,國票-北投,2023-05-26,7792
4746,台耀,4,0,4,國票-北投,2023-05-26,7792
6118,建達,7,3,4,國票-北投,2023-05-26,7792
6164,華興,4,0,4,國票-北投,2023-05-26,7792
6288,聯嘉,4,0,4,國票-北投,2023-05-26,7792
6488,環球晶,4,0,4,國票-北投,2023-05-26,7792
2328,廣宇,47,2,45,國票-北投,2023-05-29,7792
2201,裕隆,40,10,30,國票-北投,2023-05-29,7792
5608,四維航,30,0,30,國票-北投,2023-05-29,7792
2392,正崴,23,0,23,國票-北投,2023-05-29,7792
2371,大同,21,1,20,國票-北投,2023-05-29,7792
6770,力積電,17,0,17,國票-北投,2023-05-29,7792
00679B,元大美債20年,14,0,14,國票-北投,2023-05-29,7792
2323,中環,14,0,14,國票-北投,2023-05-29,7792
3013,晟銘電,22,11,11,國票-北投,2023-05-29,7792
1319,東陽,10,0,10,國票-北投,2023-05-29,7792
1460,宏遠,10,0,10,國票-北投,2023-05-29,7792
00712,復華富時不動產,10,0,10,國票-北投,2023-05-29,7792
00764B,群益25年美債,10,0,10,國票-北投,2023-05-29,7792
0056,元大高股息,18,8,10,國票-北投,2023-05-29,7792
2353,宏��,11,1,10,國票-北投,2023-05-29,7792
3049,精金,10,0,10,國票-北投,2023-05-29,7792
8183,精星,10,0,10,國票-北投,2023-05-29,7792
2002,中鋼,10,0,10,國票-北投,2023-05-29,7792
00637L,元大滬深300正2,15,6,9,國票-北投,2023-05-29,7792
2425,承啟,24,17,7,國票-北投,2023-05-29,7792
00632R,元大台灣50反1,7,0,7,國票-北投,2023-05-29,7792
1514,亞力,7,1,6,國票-北投,2023-05-29,7792
4960,誠美材,6,0,6,國票-北投,2023-05-29,7792
6246,臺龍,6,0,6,國票-北投,2023-05-29,7792
1589,永冠-KY,5,0,5,國票-北投,2023-05-29,7792
1608,華榮,6,1,5,國票-北投,2023-05-29,7792
2436,偉詮電,5,0,5,國票-北投,2023-05-29,7792
2441,超豐,10,5,5,國票-北投,2023-05-29,7792
4564,元翎,8,3,5,國票-北投,2023-05-29,7792
8277,商丞,5,0,5,國票-北投,2023-05-29,7792
3231,緯創,38,33,5,國票-北投,2023-05-29,7792
2324,仁寶,6,2,4,國票-北投,2023-05-29,7792
1609,大亞,5,1,4,國票-北投,2023-05-29,7792
5443,均豪,5,1,4,國票-北投,2023-05-29,7792
6118,建達,12,8,4,國票-北投,2023-05-29,7792
6667,信紘科,4,0,4,國票-北投,2023-05-29,7792
00902,中信電池及儲能,3,0,3,國票-北投,2023-05-29,7792
1618,合機,3,0,3,國票-北投,2023-05-29,7792
2495,普安,3,0,3,國票-北投,2023-05-29,7792
2498,宏達電,3,0,3,國票-北投,2023-05-29,7792
2548,華固,3,0,3,國票-北投,2023-05-29,7792
2609,陽明,6,3,3,國票-北投,2023-05-29,7792
2637,慧洋-KY,5,2,3,國票-北投,2023-05-29,7792
3406,玉晶光,3,0,3,國票-北投,2023-05-29,7792
6244,茂迪,10,7,3,國票-北投,2023-05-29,7792
6569,醫揚,3,0,3,國票-北投,2023-05-29,7792
6584,南俊國際,3,0,3,國票-北投,2023-05-29,7792
1513,中興電,3,1,2,國票-北投,2023-05-29,7792
00720B,元大投資級公司債,2,0,2,國票-北投,2023-05-29,7792
00725B,國泰投資級公司債,2,0,2,國票-北投,2023-05-29,7792
2002,中鋼,201,0,201,國票-北投,2023-05-30,7792
2610,華航,135,45,90,國票-北投,2023-05-30,7792
6191,精成科,80,0,80,國票-北投,2023-05-30,7792
5498,凱崴,67,0,67,國票-北投,2023-05-30,7792
3037,欣興,53,2,51,國票-北投,2023-05-30,7792
2388,威盛,50,0,50,國票-北投,2023-05-30,7792
3041,揚智,29,0,29,國票-北投,2023-05-30,7792
3005,神基,27,0,27,國票-北投,2023-05-30,7792
00878,國泰永續高股息,33,7,26,國票-北投,2023-05-30,7792
2328,廣宇,23,1,22,國票-北投,2023-05-30,7792
3706,神達,21,0,21,國票-北投,2023-05-30,7792
2331,精英,21,1,20,國票-北投,2023-05-30,7792
2204,中華,28,9,19,國票-北投,2023-05-30,7792
2834,臺企銀,15,0,15,國票-北投,2023-05-30,7792
8105,凌巨,14,0,14,國票-北投,2023-05-30,7792
00882,中信中國高股息,13,0,13,國票-北投,2023-05-30,7792
0056,元大高股息,13,0,13,國票-北投,2023-05-30,7792
6125,廣運,13,0,13,國票-北投,2023-05-30,7792
00715L,期街口布蘭特正2,12,0,12,國票-北投,2023-05-30,7792
2399,映泰,13,1,12,國票-北投,2023-05-30,7792
3380,明泰,12,0,12,國票-北投,2023-05-30,7792
2356,英業達,22,10,12,國票-北投,2023-05-30,7792
3323,加百裕,13,2,11,國票-北投,2023-05-30,7792
1524,耿鼎,11,1,10,國票-北投,2023-05-30,7792
00637L,元大滬深300正2,13,3,10,國票-北投,2023-05-30,7792
1762,中化生,10,0,10,國票-北投,2023-05-30,7792
1609,大亞,11,1,10,國票-北投,2023-05-30,7792
6129,普誠,10,0,10,國票-北投,2023-05-30,7792
3704,合勤控,13,3,10,國票-北投,2023-05-30,7792
2498,宏達電,9,0,9,國票-北投,2023-05-30,7792
6245,立端,10,2,8,國票-北投,2023-05-30,7792
2344,華邦電,24,17,7,國票-北投,2023-05-30,7792
3202,樺晟,7,0,7,國票-北投,2023-05-30,7792
1909,榮成,6,0,6,國票-北投,2023-05-30,7792
2457,飛宏,12,6,6,國票-北投,2023-05-30,7792
3357,臺慶科,6,0,6,國票-北投,2023-05-30,7792
3363,上詮,8,2,6,國票-北投,2023-05-30,7792
6111,大宇資,6,0,6,國票-北投,2023-05-30,7792
1532,勤美,5,0,5,國票-北投,2023-05-30,7792
00632R,元大台灣50反1,5,0,5,國票-北投,2023-05-30,7792
00679B,元大美債20年,5,0,5,國票-北投,2023-05-30,7792
2317,鴻海,15,10,5,國票-北投,2023-05-30,7792
2353,宏��,5,0,5,國票-北投,2023-05-30,7792
3046,建��,5,0,5,國票-北投,2023-05-30,7792
3260,威剛,5,0,5,國票-北投,2023-05-30,7792
4714,永捷,5,0,5,國票-北投,2023-05-30,7792
4746,台耀,5,0,5,國票-北投,2023-05-30,7792
4979,華星光,7,2,5,國票-北投,2023-05-30,7792
5355,佳總,5,0,5,國票-北投,2023-05-30,7792
6570,維田,5,0,5,國票-北投,2023-05-30,7792
2356,英業達,73,5,68,國票-北投,2023-05-31,7792
1519,華城,64,6,58,國票-北投,2023-05-31,7792
1210,大成,55,0,55,國票-北投,2023-05-31,7792
3706,神達,33,0,33,國票-北投,2023-05-31,7792
3025,星通,36,4,32,國票-北投,2023-05-31,7792
00715L,期街口布蘭特正2,28,0,28,國票-北投,2023-05-31,7792
00751B,元大AAA至A公司債,20,0,20,國票-北投,2023-05-31,7792
6125,廣運,20,0,20,國票-北投,2023-05-31,7792
1905,華紙,20,1,19,國票-北投,2023-05-31,7792
3265,台星科,19,1,18,國票-北投,2023-05-31,7792
2457,飛宏,37,21,16,國票-北投,2023-05-31,7792
00637L,元大滬深300正2,15,0,15,國票-北投,2023-05-31,7792
3031,佰鴻,21,6,15,國票-北投,2023-05-31,7792
3231,緯創,14,2,12,國票-北投,2023-05-31,7792
1718,中纖,11,0,11,國票-北投,2023-05-31,7792
4908,前鼎,11,0,11,國票-北投,2023-05-31,7792
0050,元大台灣50,11,1,10,國票-北投,2023-05-31,7792
1101,台泥,11,1,10,國票-北投,2023-05-31,7792
1504,東元,13,3,10,國票-北投,2023-05-31,7792
00706L,期元大S＆P日圓正2,10,0,10,國票-北投,2023-05-31,7792
2441,超豐,10,0,10,國票-北投,2023-05-31,7792
2349,錸德,10,0,10,國票-北投,2023-05-31,7792
6111,大宇資,9,0,9,國票-北投,2023-05-31,7792
2618,長榮航,44,36,8,國票-北投,2023-05-31,7792
3533,嘉澤,8,1,7,國票-北投,2023-05-31,7792
2359,所羅門,7,0,7,國票-北投,2023-05-31,7792
3675,德微,10,3,7,國票-北投,2023-05-31,7792
4746,台耀,7,0,7,國票-北投,2023-05-31,7792
00632R,元大台灣50反1,6,0,6,國票-北投,2023-05-31,7792
2201,裕隆,7,1,6,國票-北投,2023-05-31,7792
3059,華晶科,6,0,6,國票-北投,2023-05-31,7792
00882,中信中國高股息,5,0,5,國票-北投,2023-05-31,7792
00642U,期元大S＆P石油,5,0,5,國票-北投,2023-05-31,7792
0056,元大高股息,8,3,5,國票-北投,2023-05-31,7792
2208,台船,5,0,5,國票-北投,2023-05-31,7792
4121,優盛,5,0,5,國票-北投,2023-05-31,7792
6101,寬魚國際,5,0,5,國票-北投,2023-05-31,7792
6753,龍德造船,5,0,5,國票-北投,2023-05-31,7792
6829,千附精密,5,0,5,國票-北投,2023-05-31,7792
8183,精星,5,0,5,國票-北投,2023-05-31,7792
2421,建準,4,0,4,國票-北投,2023-05-31,7792
2734,易飛網,5,1,4,國票-北投,2023-05-31,7792
4168,醣聯,4,0,4,國票-北投,2023-05-31,7792
4967,十銓,9,5,4,國票-北投,2023-05-31,7792
5386,青雲,4,0,4,國票-北投,2023-05-31,7792
6643,M31,4,0,4,國票-北投,2023-05-31,7792
8088,品安,11,7,4,國票-北投,2023-05-31,7792
1514,亞力,16,13,3,國票-北投,2023-05-31,7792
2461,光群雷,3,0,3,國票-北投,2023-05-31,7792
3003,健和興,3,0,3,國票-北投,2023-05-31,7792
3715,定穎投控,70,0,70,國票-北投,2023-06-01,7792
2371,大同,62,8,54,國票-北投,2023-06-01,7792
2888,新光金,50,0,50,國票-北投,2023-06-01,7792
2303,聯電,35,3,32,國票-北投,2023-06-01,7792
6282,康舒,44,15,29,國票-北投,2023-06-01,7792
2365,昆盈,26,0,26,國票-北投,2023-06-01,7792
00715L,期街口布蘭特正2,23,0,23,國票-北投,2023-06-01,7792
3707,漢磊,18,0,18,國票-北投,2023-06-01,7792
2329,華泰,21,6,15,國票-北投,2023-06-01,7792
4973,廣穎,16,1,15,國票-北投,2023-06-01,7792
6125,廣運,14,0,14,國票-北投,2023-06-01,7792
2323,中環,50,38,12,國票-北投,2023-06-01,7792
6789,采鈺,15,3,12,國票-北投,2023-06-01,7792
3380,明泰,18,7,11,國票-北投,2023-06-01,7792
1608,華榮,11,0,11,國票-北投,2023-06-01,7792
1568,倉佑,10,0,10,國票-北投,2023-06-01,7792
2313,華通,10,0,10,國票-北投,2023-06-01,7792
8171,天宇,10,0,10,國票-北投,2023-06-01,7792
00764B,群益25年美債,9,0,9,國票-北投,2023-06-01,7792
2399,映泰,10,1,9,國票-北投,2023-06-01,7792
8940,新天地,8,0,8,國票-北投,2023-06-01,7792
2356,英業達,9,3,6,國票-北投,2023-06-01,7792
2495,普安,7,1,6,國票-北投,2023-06-01,7792
2514,龍邦,6,0,6,國票-北投,2023-06-01,7792
4746,台耀,6,0,6,國票-北投,2023-06-01,7792
4927,泰鼎-KY,6,0,6,國票-北投,2023-06-01,7792
5706,鳳凰,8,2,6,國票-北投,2023-06-01,7792
8933,愛地雅,6,0,6,國票-北投,2023-06-01,7792
1605,華新,10,5,5,國票-北投,2023-06-01,7792
1101,台泥,5,0,5,國票-北投,2023-06-01,7792
2382,廣達,5,0,5,國票-北投,2023-06-01,7792
2449,京元電子,5,0,5,國票-北投,2023-06-01,7792
3630,新鉅科,5,0,5,國票-北投,2023-06-01,7792
6134,萬旭,5,0,5,國票-北投,2023-06-01,7792
8046,南電,5,0,5,國票-北投,2023-06-01,7792
8099,大世科,7,2,5,國票-北投,2023-06-01,7792
1503,士電,8,3,5,國票-北投,2023-06-01,7792
0050,元大台灣50,4,0,4,國票-北投,2023-06-01,7792
2618,長榮航,46,42,4,國票-北投,2023-06-01,7792
3450,聯鈞,4,0,4,國票-北投,2023-06-01,7792
3483,力致,4,0,4,國票-北投,2023-06-01,7792
6288,聯嘉,4,0,4,國票-北投,2023-06-01,7792
6821,聯寶,5,1,4,國票-北投,2023-06-01,7792
00713,元大台灣高息低波,4,0,4,國票-北投,2023-06-01,7792
2609,陽明,6,2,4,國票-北投,2023-06-01,7792
0056,元大高股息,8,5,3,國票-北投,2023-06-01,7792
1752,南光,3,0,3,國票-北投,2023-06-01,7792
2442,新美齊,3,0,3,國票-北投,2023-06-01,7792
2515,中工,4,1,3,國票-北投,2023-06-01,7792
2892,第一金,3,0,3,國票-北投,2023-06-01,7792
2610,華航,169,68,101,國票-北投,2023-06-02,7792
00882,中信中國高股息,53,0,53,國票-北投,2023-06-02,7792
2915,潤泰全,50,0,50,國票-北投,2023-06-02,7792
3017,奇鋐,64,15,49,國票-北投,2023-06-02,7792
2331,精英,59,11,48,國票-北投,2023-06-02,7792
2329,華泰,40,0,40,國票-北投,2023-06-02,7792
00632R,元大台灣50反1,22,1,21,國票-北投,2023-06-02,7792
2482,連宇,21,1,20,國票-北投,2023-06-02,7792
3323,加百裕,20,0,20,國票-北投,2023-06-02,7792
5498,凱崴,52,33,19,國票-北投,2023-06-02,7792
2481,強茂,15,0,15,國票-北投,2023-06-02,7792
2371,大同,14,1,13,國票-北投,2023-06-02,7792
8088,品安,15,2,13,國票-北投,2023-06-02,7792
00919,群益台灣精選高息,12,0,12,國票-北投,2023-06-02,7792
2356,英業達,35,23,12,國票-北投,2023-06-02,7792
4967,十銓,18,6,12,國票-北投,2023-06-02,7792
2538,基泰,11,0,11,國票-北投,2023-06-02,7792
00679B,元大美債20年,10,0,10,國票-北投,2023-06-02,7792
00664R,國泰臺灣加權反1,10,0,10,國票-北投,2023-06-02,7792
2363,矽統,10,0,10,國票-北投,2023-06-02,7792
2838,聯邦銀,10,0,10,國票-北投,2023-06-02,7792
3025,星通,13,3,10,國票-北投,2023-06-02,7792
4543,萬在,11,1,10,國票-北投,2023-06-02,7792
1432,大魯閣,10,0,10,國票-北投,2023-06-02,7792
1608,華榮,9,0,9,國票-北投,2023-06-02,7792
1905,華紙,35,26,9,國票-北投,2023-06-02,7792
2328,廣宇,11,2,9,國票-北投,2023-06-02,7792
2484,希華,49,40,9,國票-北投,2023-06-02,7792
3011,今皓,9,0,9,國票-北投,2023-06-02,7792
3450,聯鈞,9,0,9,國票-北投,2023-06-02,7792
4979,華星光,21,13,8,國票-北投,2023-06-02,7792
6829,千附精密,8,0,8,國票-北投,2023-06-02,7792
2745,五福,6,0,6,國票-北投,2023-06-02,7792
8222,寶一,7,1,6,國票-北投,2023-06-02,7792
1734,杏輝,15,10,5,國票-北投,2023-06-02,7792
1785,光洋科,5,0,5,國票-北投,2023-06-02,7792
2034,允強,5,0,5,國票-北投,2023-06-02,7792
2368,金像電,6,1,5,國票-北投,2023-06-02,7792
3078,僑威,5,0,5,國票-北投,2023-06-02,7792
3363,上詮,8,3,5,國票-北投,2023-06-02,7792
3605,宏致,5,0,5,國票-北投,2023-06-02,7792
5009,榮剛,5,0,5,國票-北投,2023-06-02,7792
6133,金橋,5,0,5,國票-北投,2023-06-02,7792
8277,商丞,5,0,5,國票-北投,2023-06-02,7792
3013,晟銘電,18,14,4,國票-北投,2023-06-02,7792
6112,邁達特,7,2,5,國票-北投,2023-06-02,7792
2637,慧洋-KY,4,0,4,國票-北投,2023-06-02,7792
2489,瑞軒,37,33,4,國票-北投,2023-06-02,7792
00900,富邦特選高股息30,5,1,4,國票-北投,2023-06-02,7792
2303,聯電,11,7,4,國票-北投,2023-06-02,7792
3645,達邁,124,0,124,國票-北投,2023-06-05,7792
2610,華航,103,20,83,國票-北投,2023-06-05,7792
2618,長榮航,87,21,66,國票-北投,2023-06-05,7792
00921,兆豐龍頭等權重,60,0,60,國票-北投,2023-06-05,7792
8112,至上,50,0,50,國票-北投,2023-06-05,7792
2331,精英,37,0,37,國票-北投,2023-06-05,7792
3630,新鉅科,32,0,32,國票-北投,2023-06-05,7792
2915,潤泰全,31,0,31,國票-北投,2023-06-05,7792
1101,台泥,32,2,30,國票-北投,2023-06-05,7792
2634,漢翔,38,12,26,國票-北投,2023-06-05,7792
00882,中信中國高股息,27,5,22,國票-北投,2023-06-05,7792
1815,富喬,20,1,19,國票-北投,2023-06-05,7792
2353,宏��,22,3,19,國票-北投,2023-06-05,7792
3380,明泰,18,0,18,國票-北投,2023-06-05,7792
2409,友達,31,14,17,國票-北投,2023-06-05,7792
2745,五福,17,0,17,國票-北投,2023-06-05,7792
2312,金寶,15,0,15,國票-北投,2023-06-05,7792
2369,菱生,15,0,15,國票-北投,2023-06-05,7792
00637L,元大滬深300正2,19,5,14,國票-北投,2023-06-05,7792
6505,台塑化,14,0,14,國票-北投,2023-06-05,7792
2515,中工,17,4,13,國票-北投,2023-06-05,7792
3260,威剛,13,0,13,國票-北投,2023-06-05,7792
1584,精剛,15,3,12,國票-北投,2023-06-05,7792
1514,亞力,14,3,11,國票-北投,2023-06-05,7792
2313,華通,10,0,10,國票-北投,2023-06-05,7792
2489,瑞軒,11,1,10,國票-北投,2023-06-05,7792
3050,鈺德,10,0,10,國票-北投,2023-06-05,7792
3083,網龍,10,0,10,國票-北投,2023-06-05,7792
1714,和桐,9,0,9,國票-北投,2023-06-05,7792
2323,中環,23,14,9,國票-北投,2023-06-05,7792
3356,奇偶,8,0,8,國票-北投,2023-06-05,7792
2344,華邦電,9,1,8,國票-北投,2023-06-05,7792
2603,長榮,8,1,7,國票-北投,2023-06-05,7792
3047,訊舟,7,0,7,國票-北投,2023-06-05,7792
4746,台耀,7,0,7,國票-北投,2023-06-05,7792
2449,京元電子,6,0,6,國票-北投,2023-06-05,7792
00680L,元大美債20正2,6,0,6,國票-北投,2023-06-05,7792
6104,創惟,6,0,6,國票-北投,2023-06-05,7792
6111,大宇資,7,1,6,國票-北投,2023-06-05,7792
6282,康舒,13,7,6,國票-北投,2023-06-05,7792
8926,台汽電,6,0,6,國票-北投,2023-06-05,7792
00713,元大台灣高息低波,5,0,5,國票-北投,2023-06-05,7792
00764B,群益25年美債,5,0,5,國票-北投,2023-06-05,7792
2324,仁寶,5,0,5,國票-北投,2023-06-05,7792
2337,旺宏,5,0,5,國票-北投,2023-06-05,7792
2436,偉詮電,5,0,5,國票-北投,2023-06-05,7792
2464,盟立,5,0,5,國票-北投,2023-06-05,7792
2498,宏達電,11,6,5,國票-北投,2023-06-05,7792
3090,日電貿,5,0,5,國票-北投,2023-06-05,7792
4916,事欣科,7,2,5,國票-北投,2023-06-05,7792
00632R,元大台灣50反1,110,0,110,國票-北投,2023-06-06,7792
2303,聯電,106,2,104,國票-北投,2023-06-06,7792
1609,大亞,120,73,47,國票-北投,2023-06-06,7792
00712,復華富時不動產,42,0,42,國票-北投,2023-06-06,7792
8105,凌巨,65,26,39,國票-北投,2023-06-06,7792
6116,彩晶,35,0,35,國票-北投,2023-06-06,7792
1815,富喬,30,0,30,國票-北投,2023-06-06,7792
8110,華東,27,2,25,國票-北投,2023-06-06,7792
4931,新盛力,25,1,24,國票-北投,2023-06-06,7792
2834,臺企銀,21,0,21,國票-北投,2023-06-06,7792
3707,漢磊,21,0,21,國票-北投,2023-06-06,7792
1714,和桐,20,0,20,國票-北投,2023-06-06,7792
2313,華通,21,1,20,國票-北投,2023-06-06,7792
3022,威強電,20,0,20,國票-北投,2023-06-06,7792
2371,大同,22,3,19,國票-北投,2023-06-06,7792
5465,富驊,18,0,18,國票-北投,2023-06-06,7792
2402,毅嘉,17,0,17,國票-北投,2023-06-06,7792
2492,華新科,17,0,17,國票-北投,2023-06-06,7792
2888,新光金,1634,1617,17,國票-北投,2023-06-06,7792
4960,誠美材,17,0,17,國票-北投,2023-06-06,7792
2353,宏��,16,0,16,國票-北投,2023-06-06,7792
8088,品安,16,0,16,國票-北投,2023-06-06,7792
2481,強茂,14,0,14,國票-北投,2023-06-06,7792
00919,群益台灣精選高息,13,0,13,國票-北投,2023-06-06,7792
1905,華紙,17,4,13,國票-北投,2023-06-06,7792
2753,八方雲集,15,2,13,國票-北投,2023-06-06,7792
3264,欣銓,13,0,13,國票-北投,2023-06-06,7792
3306,鼎天,13,0,13,國票-北投,2023-06-06,7792
6223,旺矽,13,1,12,國票-北投,2023-06-06,7792
1907,永豐餘,12,1,11,國票-北投,2023-06-06,7792
2392,正崴,11,0,11,國票-北投,2023-06-06,7792
4533,協易機,14,3,11,國票-北投,2023-06-06,7792
00715L,期街口布蘭特正2,10,0,10,國票-北投,2023-06-06,7792
2399,映泰,10,0,10,國票-北投,2023-06-06,7792
2419,仲琦,10,0,10,國票-北投,2023-06-06,7792
3006,晶豪科,10,0,10,國票-北投,2023-06-06,7792
6577,勁豐,12,3,9,國票-北投,2023-06-06,7792
6125,廣運,8,1,7,國票-北投,2023-06-06,7792
00878,國泰永續高股息,7,0,7,國票-北投,2023-06-06,7792
1618,合機,6,0,6,國票-北投,2023-06-06,7792
1903,士紙,6,0,6,國票-北投,2023-06-06,7792
2425,承啟,8,2,6,國票-北投,2023-06-06,7792
6129,普誠,6,0,6,國票-北投,2023-06-06,7792
6456,GIS-KY,6,0,6,國票-北投,2023-06-06,7792
6829,千附精密,6,0,6,國票-北投,2023-06-06,7792
1603,華電,6,1,5,國票-北投,2023-06-06,7792
1734,杏輝,5,0,5,國票-北投,2023-06-06,7792
2301,光寶科,6,1,5,國票-北投,2023-06-06,7792
3380,明泰,5,0,5,國票-北投,2023-06-06,7792
3630,新鉅科,5,0,5,國票-北投,2023-06-06,7792
2312,金寶,74,4,70,國票-北投,2023-06-07,7792
00632R,元大台灣50反1,61,5,56,國票-北投,2023-06-07,7792
2485,兆赫,52,0,52,國票-北投,2023-06-07,7792
6270,倍微,51,1,50,國票-北投,2023-06-07,7792
3260,威剛,40,1,39,國票-北投,2023-06-07,7792
6125,廣運,36,5,31,國票-北投,2023-06-07,7792
1905,華紙,25,1,24,國票-北投,2023-06-07,7792
2489,瑞軒,24,0,24,國票-北投,2023-06-07,7792
2399,映泰,23,1,22,國票-北投,2023-06-07,7792
1609,大亞,80,59,21,國票-北投,2023-06-07,7792
2014,中鴻,21,0,21,國票-北投,2023-06-07,7792
00676R,富邦臺灣加權反1,20,0,20,國票-北投,2023-06-07,7792
2208,台船,20,0,20,國票-北投,2023-06-07,7792
5243,乙盛-KY,20,0,20,國票-北投,2023-06-07,7792
2353,宏��,30,13,17,國票-北投,2023-06-07,7792
3036,文曄,15,0,15,國票-北投,2023-06-07,7792
3481,群創,16,1,15,國票-北投,2023-06-07,7792
2401,凌陽,17,3,14,國票-北投,2023-06-07,7792
2484,希華,14,0,14,國票-北投,2023-06-07,7792
2356,英業達,13,2,11,國票-北投,2023-06-07,7792
3450,聯鈞,11,0,11,國票-北投,2023-06-07,7792
3576,聯合再生,11,0,11,國票-北投,2023-06-07,7792
1584,精剛,10,0,10,國票-北投,2023-06-07,7792
00712,復華富時不動產,10,0,10,國票-北投,2023-06-07,7792
3022,威強電,30,20,10,國票-北投,2023-06-07,7792
4533,協易機,10,0,10,國票-北投,2023-06-07,7792
6282,康舒,16,6,10,國票-北投,2023-06-07,7792
8403,盛弘,10,0,10,國票-北投,2023-06-07,7792
2402,毅嘉,11,2,9,國票-北投,2023-06-07,7792
4161,聿新科,9,0,9,國票-北投,2023-06-07,7792
6111,大宇資,9,0,9,國票-北投,2023-06-07,7792
00637L,元大滬深300正2,11,3,8,國票-北投,2023-06-07,7792
2337,旺宏,10,2,8,國票-北投,2023-06-07,7792
2409,友達,8,0,8,國票-北投,2023-06-07,7792
2497,怡利電,8,0,8,國票-北投,2023-06-07,7792
2888,新光金,14,6,8,國票-北投,2023-06-07,7792
1514,亞力,8,1,7,國票-北投,2023-06-07,7792
2457,飛宏,19,12,7,國票-北投,2023-06-07,7792
2705,六福,7,0,7,國票-北投,2023-06-07,7792
3003,健和興,12,5,7,國票-北投,2023-06-07,7792
5443,均豪,18,11,7,國票-北投,2023-06-07,7792
3630,新鉅科,7,1,6,國票-北投,2023-06-07,7792
4977,眾達-KY,6,0,6,國票-北投,2023-06-07,7792
3231,緯創,28,23,5,國票-北投,2023-06-07,7792
1802,台玻,5,0,5,國票-北投,2023-06-07,7792
1815,富喬,10,5,5,國票-北投,2023-06-07,7792
2027,大成鋼,5,0,5,國票-北投,2023-06-07,7792
2365,昆盈,10,5,5,國票-北投,2023-06-07,7792
2371,大同,5,0,5,國票-北投,2023-06-07,7792
2504,國產,5,0,5,國票-北投,2023-06-07,7792
00919,群益台灣精選高息,145,0,145,國票-北投,2023-06-08,7792
00878,國泰永續高股息,62,0,62,國票-北投,2023-06-08,7792
2402,毅嘉,52,1,51,國票-北投,2023-06-08,7792
2705,六福,49,6,43,國票-北投,2023-06-08,7792
00679B,元大美債20年,28,0,28,國票-北投,2023-06-08,7792
3037,欣興,27,2,25,國票-北投,2023-06-08,7792
2492,華新科,24,0,24,國票-北投,2023-06-08,7792
6005,群益證,25,2,23,國票-北投,2023-06-08,7792
3049,精金,22,0,22,國票-北投,2023-06-08,7792
6282,康舒,21,1,20,國票-北投,2023-06-08,7792
1504,東元,21,1,20,國票-北投,2023-06-08,7792
1609,大亞,57,37,20,國票-北投,2023-06-08,7792
2344,華邦電,22,3,19,國票-北投,2023-06-08,7792
3005,神基,20,1,19,國票-北投,2023-06-08,7792
3450,聯鈞,18,0,18,國票-北投,2023-06-08,7792
3231,緯創,21,6,15,國票-北投,2023-06-08,7792
0056,元大高股息,19,5,14,國票-北投,2023-06-08,7792
6116,彩晶,14,0,14,國票-北投,2023-06-08,7792
1605,華新,14,1,13,國票-北投,2023-06-08,7792
2352,佳世達,15,2,13,國票-北投,2023-06-08,7792
00637L,元大滬深300正2,15,3,12,國票-北投,2023-06-08,7792
2030,彰源,12,0,12,國票-北投,2023-06-08,7792
5009,榮剛,12,0,12,國票-北投,2023-06-08,7792
00713,元大台灣高息低波,11,0,11,國票-北投,2023-06-08,7792
1513,中興電,13,2,11,國票-北投,2023-06-08,7792
3006,晶豪科,11,0,11,國票-北投,2023-06-08,7792
6223,旺矽,11,0,11,國票-北投,2023-06-08,7792
1905,華紙,10,0,10,國票-北投,2023-06-08,7792
2022,聚亨,10,0,10,國票-北投,2023-06-08,7792
3071,協禧,10,0,10,國票-北投,2023-06-08,7792
3706,神達,10,0,10,國票-北投,2023-06-08,7792
6129,普誠,10,0,10,國票-北投,2023-06-08,7792
8110,華東,10,0,10,國票-北投,2023-06-08,7792
3055,蔚華科,9,0,9,國票-北投,2023-06-08,7792
3673,TPK-KY,14,5,9,國票-北投,2023-06-08,7792
1608,華榮,8,0,8,國票-北投,2023-06-08,7792
1503,士電,10,3,7,國票-北投,2023-06-08,7792
00680L,元大美債20正2,6,0,6,國票-北投,2023-06-08,7792
2883,凱基金,10,4,6,國票-北投,2023-06-08,7792
6274,台燿,7,1,6,國票-北投,2023-06-08,7792
6776,展�眥篕�,6,0,6,國票-北投,2023-06-08,7792
2537,聯上發,5,0,5,國票-北投,2023-06-08,7792
2610,華航,13,8,5,國票-北投,2023-06-08,7792
4108,懷特,5,0,5,國票-北投,2023-06-08,7792
5465,富驊,10,5,5,國票-北投,2023-06-08,7792
6509,聚和,5,0,5,國票-北投,2023-06-08,7792
6770,力積電,6,1,5,國票-北投,2023-06-08,7792
6829,千附精密,5,0,5,國票-北投,2023-06-08,7792
8027,鈦昇,5,0,5,國票-北投,2023-06-08,7792
2323,中環,5,1,4,國票-北投,2023-06-08,7792
1416,廣豐,1000,0,1000,國票-北投,2023-06-09,7792
2498,宏達電,52,0,52,國票-北投,2023-06-09,7792
8076,伍豐,28,0,28,國票-北投,2023-06-09,7792
1612,宏泰,22,0,22,國票-北投,2023-06-09,7792
3013,晟銘電,19,0,19,國票-北投,2023-06-09,7792
6163,華電網,15,0,15,國票-北投,2023-06-09,7792
6282,康舒,19,4,15,國票-北投,2023-06-09,7792
00715L,期街口布蘭特正2,14,0,14,國票-北投,2023-06-09,7792
4157,太景*-KY,13,0,13,國票-北投,2023-06-09,7792
1605,華新,13,1,12,國票-北投,2023-06-09,7792
8046,南電,12,0,12,國票-北投,2023-06-09,7792
6223,旺矽,12,0,12,國票-北投,2023-06-09,7792
8222,寶一,14,2,12,國票-北投,2023-06-09,7792
1504,東元,29,19,10,國票-北投,2023-06-09,7792
2034,允強,10,0,10,國票-北投,2023-06-09,7792
2402,毅嘉,30,20,10,國票-北投,2023-06-09,7792
3071,協禧,10,0,10,國票-北投,2023-06-09,7792
3323,加百裕,10,0,10,國票-北投,2023-06-09,7792
5880,合庫金,10,0,10,國票-北投,2023-06-09,7792
6477,安集,10,0,10,國票-北投,2023-06-09,7792
8112,至上,9,0,9,國票-北投,2023-06-09,7792
00919,群益台灣精選高息,11,2,9,國票-北投,2023-06-09,7792
1815,富喬,21,13,8,國票-北投,2023-06-09,7792
3047,訊舟,8,0,8,國票-北投,2023-06-09,7792
6266,泰詠,8,0,8,國票-北投,2023-06-09,7792
3380,明泰,7,0,7,國票-北投,2023-06-09,7792
4960,誠美材,7,0,7,國票-北投,2023-06-09,7792
1584,精剛,6,0,6,國票-北投,2023-06-09,7792
6191,精成科,6,0,6,國票-北投,2023-06-09,7792
1560,中砂,6,1,5,國票-北投,2023-06-09,7792
1432,大魯閣,5,0,5,國票-北投,2023-06-09,7792
00878,國泰永續高股息,11,6,5,國票-北投,2023-06-09,7792
1802,台玻,5,0,5,國票-北投,2023-06-09,7792
2204,中華,6,1,5,國票-北投,2023-06-09,7792
3005,神基,5,0,5,國票-北投,2023-06-09,7792
4155,訊映,5,0,5,國票-北投,2023-06-09,7792
4930,燦星網,5,0,5,國票-北投,2023-06-09,7792
6175,立敦,5,0,5,國票-北投,2023-06-09,7792
8277,商丞,5,0,5,國票-北投,2023-06-09,7792
8358,金居,7,2,5,國票-北投,2023-06-09,7792
00642U,期元大S＆P石油,5,0,5,國票-北投,2023-06-09,7792
3498,陽程,4,0,4,國票-北投,2023-06-09,7792
9960,邁達康,4,0,4,國票-北投,2023-06-09,7792
1608,華榮,4,1,3,國票-北投,2023-06-09,7792
1533,車王電,3,0,3,國票-北投,2023-06-09,7792
00632R,元大台灣50反1,5,2,3,國票-北投,2023-06-09,7792
2031,新光鋼,3,0,3,國票-北投,2023-06-09,7792
2609,陽明,3,0,3,國票-北投,2023-06-09,7792
2630,亞航,9,6,3,國票-北投,2023-06-09,7792
2731,雄獅,3,0,3,國票-北投,2023-06-09,7792
6239,力成,140,0,140,國票-北投,2023-06-12,7792
00720B,元大投資級公司債,45,0,45,國票-北投,2023-06-12,7792
2610,華航,44,7,37,國票-北投,2023-06-12,7792
00751B,元大AAA至A公司債,30,0,30,國票-北投,2023-06-12,7792
3518,柏騰,35,5,30,國票-北投,2023-06-12,7792
6266,泰詠,25,0,25,國票-北投,2023-06-12,7792
2328,廣宇,25,0,25,國票-北投,2023-06-12,7792
3380,明泰,28,4,24,國票-北投,2023-06-12,7792
6125,廣運,27,3,24,國票-北投,2023-06-12,7792
00632R,元大台灣50反1,24,2,22,國票-北投,2023-06-12,7792
2371,大同,25,3,22,國票-北投,2023-06-12,7792
6188,廣明,21,0,21,國票-北投,2023-06-12,7792
1909,榮成,20,0,20,國票-北投,2023-06-12,7792
1504,東元,21,4,17,國票-北投,2023-06-12,7792
8110,華東,17,0,17,國票-北投,2023-06-12,7792
2356,英業達,29,12,17,國票-北投,2023-06-12,7792
00715L,期街口布蘭特正2,19,3,16,國票-北投,2023-06-12,7792
00919,群益台灣精選高息,15,0,15,國票-北投,2023-06-12,7792
0056,元大高股息,13,0,13,國票-北投,2023-06-12,7792
2492,華新科,13,0,13,國票-北投,2023-06-12,7792
1815,富喬,12,0,12,國票-北投,2023-06-12,7792
1612,宏泰,11,0,11,國票-北投,2023-06-12,7792
2022,聚亨,11,0,11,國票-北投,2023-06-12,7792
2337,旺宏,12,1,11,國票-北投,2023-06-12,7792
2353,宏��,13,2,11,國票-北投,2023-06-12,7792
2427,三商電,11,1,10,國票-北投,2023-06-12,7792
00712,復華富時不動產,10,0,10,國票-北投,2023-06-12,7792
1734,杏輝,11,1,10,國票-北投,2023-06-12,7792
2605,新興,10,0,10,國票-北投,2023-06-12,7792
3504,揚明光,10,0,10,國票-北投,2023-06-12,7792
5234,達興材料,10,0,10,國票-北投,2023-06-12,7792
5243,乙盛-KY,10,0,10,國票-北投,2023-06-12,7792
5498,凱崴,10,0,10,國票-北投,2023-06-12,7792
6126,信音,10,0,10,國票-北投,2023-06-12,7792
6767,台微醫,10,0,10,國票-北投,2023-06-12,7792
8930,青鋼,10,0,10,國票-北投,2023-06-12,7792
4533,協易機,10,1,9,國票-北投,2023-06-12,7792
1714,和桐,8,0,8,國票-北投,2023-06-12,7792
6122,擎邦,11,3,8,國票-北投,2023-06-12,7792
2340,台亞,7,0,7,國票-北投,2023-06-12,7792
2442,新美齊,7,0,7,國票-北投,2023-06-12,7792
00929,復華台灣科技優息,6,0,6,國票-北投,2023-06-12,7792
1905,華紙,6,0,6,國票-北投,2023-06-12,7792
2399,映泰,15,9,6,國票-北投,2023-06-12,7792
5465,富驊,7,1,6,國票-北投,2023-06-12,7792
6214,精誠,6,0,6,國票-北投,2023-06-12,7792
6531,愛普*,7,1,6,國票-北投,2023-06-12,7792
2204,中華,11,6,5,國票-北投,2023-06-12,7792
2314,台揚,5,0,5,國票-北投,2023-06-12,7792
3715,定穎投控,5,0,5,國票-北投,2023-06-12,7792
00632R,元大台灣50反1,143,1,142,國票-北投,2023-06-13,7792
00751B,元大AAA至A公司債,60,0,60,國票-北投,2023-06-13,7792
3252,海灣,62,2,60,國票-北投,2023-06-13,7792
1714,和桐,50,0,50,國票-北投,2023-06-13,7792
3481,群創,50,0,50,國票-北投,2023-06-13,7792
2382,廣達,55,7,48,國票-北投,2023-06-13,7792
2888,新光金,45,0,45,國票-北投,2023-06-13,7792
00720B,元大投資級公司債,45,1,44,國票-北投,2023-06-13,7792
00715L,期街口布蘭特正2,43,4,39,國票-北投,2023-06-13,7792
6605,帝寶,40,2,38,國票-北投,2023-06-13,7792
3260,威剛,36,2,34,國票-北投,2023-06-13,7792
2867,三商壽,30,0,30,國票-北投,2023-06-13,7792
5340,建榮,30,0,30,國票-北投,2023-06-13,7792
0056,元大高股息,37,11,26,國票-北投,2023-06-13,7792
3029,零壹,26,0,26,國票-北投,2023-06-13,7792
2883B,凱基金乙特,20,0,20,國票-北投,2023-06-13,7792
3715,定穎投控,25,5,20,國票-北投,2023-06-13,7792
00676R,富邦臺灣加權反1,15,0,15,國票-北投,2023-06-13,7792
2409,友達,22,8,14,國票-北投,2023-06-13,7792
3707,漢磊,14,0,14,國票-北投,2023-06-13,7792
1909,榮成,13,0,13,國票-北投,2023-06-13,7792
2515,中工,14,2,12,國票-北投,2023-06-13,7792
3518,柏騰,11,0,11,國票-北投,2023-06-13,7792
00664R,國泰臺灣加權反1,10,0,10,國票-北投,2023-06-13,7792
2312,金寶,10,0,10,國票-北投,2023-06-13,7792
2402,毅嘉,61,51,10,國票-北投,2023-06-13,7792
2484,希華,10,0,10,國票-北投,2023-06-13,7792
2705,六福,14,4,10,國票-北投,2023-06-13,7792
2903,遠百,10,0,10,國票-北投,2023-06-13,7792
3705,永信,10,0,10,國票-北投,2023-06-13,7792
6175,立敦,10,0,10,國票-北投,2023-06-13,7792
6194,育富,14,4,10,國票-北投,2023-06-13,7792
6438,迅得,10,0,10,國票-北投,2023-06-13,7792
2353,宏��,12,3,9,國票-北投,2023-06-13,7792
3231,緯創,15,6,9,國票-北投,2023-06-13,7792
3576,聯合再生,10,1,9,國票-北投,2023-06-13,7792
2206,三陽工業,11,3,8,國票-北投,2023-06-13,7792
2323,中環,10,2,8,國票-北投,2023-06-13,7792
2352,佳世達,17,9,8,國票-北投,2023-06-13,7792
2489,瑞軒,10,2,8,國票-北投,2023-06-13,7792
2634,漢翔,10,2,8,國票-北投,2023-06-13,7792
2897,王道銀行,7,0,7,國票-北投,2023-06-13,7792
6288,聯嘉,8,1,7,國票-北投,2023-06-13,7792
8110,華東,7,0,7,國票-北投,2023-06-13,7792
2034,允強,7,1,6,國票-北投,2023-06-13,7792
2301,光寶科,6,0,6,國票-北投,2023-06-13,7792
4741,泓瀚,6,0,6,國票-北投,2023-06-13,7792
8112,至上,6,0,6,國票-北投,2023-06-13,7792
00679B,元大美債20年,6,1,5,國票-北投,2023-06-13,7792
1611,中電,5,0,5,國票-北投,2023-06-13,7792
8028,昇陽半導體,186,2,184,國票-北投,2023-06-14,7792
3207,耀勝,73,0,73,國票-北投,2023-06-14,7792
00751B,元大AAA至A公司債,68,0,68,國票-北投,2023-06-14,7792
00637L,元大滬深300正2,113,52,61,國票-北投,2023-06-14,7792
1513,中興電,67,10,57,國票-北投,2023-06-14,7792
1609,大亞,63,26,37,國票-北投,2023-06-14,7792
00720B,元大投資級公司債,32,0,32,國票-北投,2023-06-14,7792
8088,品安,31,6,25,國票-北投,2023-06-14,7792
2324,仁寶,24,0,24,國票-北投,2023-06-14,7792
2705,六福,17,1,16,國票-北投,2023-06-14,7792
00919,群益台灣精選高息,15,0,15,國票-北投,2023-06-14,7792
1752,南光,15,0,15,國票-北投,2023-06-14,7792
1522,堤維西,22,7,15,國票-北投,2023-06-14,7792
4157,太景*-KY,20,5,15,國票-北投,2023-06-14,7792
6182,合晶,13,1,12,國票-北投,2023-06-14,7792
2801,彰銀,12,0,12,國票-北投,2023-06-14,7792
3019,亞光,14,3,11,國票-北投,2023-06-14,7792
2330,台積電,13,2,11,國票-北投,2023-06-14,7792
2484,希華,11,0,11,國票-北投,2023-06-14,7792
2891,中信金,11,0,11,國票-北投,2023-06-14,7792
3498,陽程,12,1,11,國票-北投,2023-06-14,7792
4510,高鋒,18,7,11,國票-北投,2023-06-14,7792
4977,眾達-KY,11,0,11,國票-北投,2023-06-14,7792
9933,中鼎,11,0,11,國票-北投,2023-06-14,7792
00632R,元大台灣50反1,10,0,10,國票-北投,2023-06-14,7792
2331,精英,10,0,10,國票-北投,2023-06-14,7792
2402,毅嘉,50,40,10,國票-北投,2023-06-14,7792
3504,揚明光,10,0,10,國票-北投,2023-06-14,7792
3701,大眾控,10,0,10,國票-北投,2023-06-14,7792
2888,新光金,29,20,9,國票-北投,2023-06-14,7792
2359,所羅門,8,0,8,國票-北投,2023-06-14,7792
2745,五福,8,0,8,國票-北投,2023-06-14,7792
5465,富驊,9,1,8,國票-北投,2023-06-14,7792
6288,聯嘉,9,1,8,國票-北投,2023-06-14,7792
8076,伍豐,17,9,8,國票-北投,2023-06-14,7792
2208,台船,10,3,7,國票-北投,2023-06-14,7792
3588,通嘉,7,0,7,國票-北投,2023-06-14,7792
5258,虹堡,8,1,7,國票-北投,2023-06-14,7792
6753,龍德造船,7,0,7,國票-北投,2023-06-14,7792
1560,中砂,11,5,6,國票-北投,2023-06-14,7792
2317,鴻海,6,0,6,國票-北投,2023-06-14,7792
3047,訊舟,6,0,6,國票-北投,2023-06-14,7792
3450,聯鈞,6,0,6,國票-北投,2023-06-14,7792
6138,茂達,6,0,6,國票-北投,2023-06-14,7792
2062,橋椿,5,0,5,國票-北投,2023-06-14,7792
2328,廣宇,5,0,5,國票-北投,2023-06-14,7792
2353,宏��,5,0,5,國票-北投,2023-06-14,7792
2405,輔信,6,1,5,國票-北投,2023-06-14,7792
3434,哲固,5,0,5,國票-北投,2023-06-14,7792
4931,新盛力,5,0,5,國票-北投,2023-06-14,7792
6239,力成,141,0,141,國票-北投,2023-06-15,7792
2399,映泰,54,4,50,國票-北投,2023-06-15,7792
2352,佳世達,35,0,35,國票-北投,2023-06-15,7792
00632R,元大台灣50反1,42,10,32,國票-北投,2023-06-15,7792
2402,毅嘉,80,50,30,國票-北投,2023-06-15,7792
00919,群益台灣精選高息,28,0,28,國票-北投,2023-06-15,7792
3252,海灣,28,0,28,國票-北投,2023-06-15,7792
3707,漢磊,23,2,21,國票-北投,2023-06-15,7792
2883B,凱基金乙特,20,0,20,國票-北投,2023-06-15,7792
2317,鴻海,18,0,18,國票-北投,2023-06-15,7792
1909,榮成,15,0,15,國票-北投,2023-06-15,7792
2002,中鋼,16,1,15,國票-北投,2023-06-15,7792
2331,精英,24,10,14,國票-北投,2023-06-15,7792
6182,合晶,14,1,13,國票-北投,2023-06-15,7792
3346,麗清,15,2,13,國票-北投,2023-06-15,7792
1605,華新,13,1,12,國票-北投,2023-06-15,7792
2515,中工,12,0,12,國票-北投,2023-06-15,7792
6101,寬魚國際,12,0,12,國票-北投,2023-06-15,7792
00712,復華富時不動產,11,0,11,國票-北投,2023-06-15,7792
1611,中電,32,21,11,國票-北投,2023-06-15,7792
2201,裕隆,12,1,11,國票-北投,2023-06-15,7792
3163,波若威,14,3,11,國票-北投,2023-06-15,7792
1319,東陽,11,1,10,國票-北投,2023-06-15,7792
2609,陽明,21,11,10,國票-北投,2023-06-15,7792
3312,弘憶股,10,0,10,國票-北投,2023-06-15,7792
4916,事欣科,10,0,10,國票-北投,2023-06-15,7792
2405,輔信,9,0,9,國票-北投,2023-06-15,7792
3374,精材,9,0,9,國票-北投,2023-06-15,7792
2344,華邦電,11,3,8,國票-北投,2023-06-15,7792
2618,長榮航,88,80,8,國票-北投,2023-06-15,7792
8028,昇陽半導體,7,0,7,國票-北投,2023-06-15,7792
2363,矽統,6,0,6,國票-北投,2023-06-15,7792
2880,華南金,6,0,6,國票-北投,2023-06-15,7792
4950,牧東,6,0,6,國票-北投,2023-06-15,7792
8110,華東,17,11,6,國票-北投,2023-06-15,7792
8277,商丞,7,1,6,國票-北投,2023-06-15,7792
2328,廣宇,5,0,5,國票-北投,2023-06-15,7792
00676R,富邦臺灣加權反1,5,0,5,國票-北投,2023-06-15,7792
1103,嘉泥,5,0,5,國票-北投,2023-06-15,7792
1531,高林股,5,0,5,國票-北投,2023-06-15,7792
1528,恩德,5,0,5,國票-北投,2023-06-15,7792
1752,南光,5,0,5,國票-北投,2023-06-15,7792
2401,凌陽,40,35,5,國票-北投,2023-06-15,7792
2633,台灣高鐵,5,0,5,國票-北投,2023-06-15,7792
3003,健和興,5,0,5,國票-北投,2023-06-15,7792
3706,神達,65,60,5,國票-北投,2023-06-15,7792
5014,建錩,5,0,5,國票-北投,2023-06-15,7792
5222,全訊,5,0,5,國票-北投,2023-06-15,7792
6179,亞通,5,0,5,國票-北投,2023-06-15,7792
6213,聯茂,5,0,5,國票-北投,2023-06-15,7792
2617,台航,70,0,70,國票-北投,2023-06-16,7792
2537,聯上發,50,0,50,國票-北投,2023-06-16,7792
00715L,期街口布蘭特正2,80,33,47,國票-北投,2023-06-16,7792
6147,頎邦,45,0,45,國票-北投,2023-06-16,7792
3207,耀勝,99,58,41,國票-北投,2023-06-16,7792
2888,新光金,51,15,36,國票-北投,2023-06-16,7792
3481,群創,33,1,32,國票-北投,2023-06-16,7792
2399,映泰,30,0,30,國票-北投,2023-06-16,7792
4973,廣穎,30,0,30,國票-北投,2023-06-16,7792
6244,茂迪,31,2,29,國票-北投,2023-06-16,7792
1815,富喬,24,0,24,國票-北投,2023-06-16,7792
8930,青鋼,23,0,23,國票-北投,2023-06-16,7792
3202,樺晟,20,0,20,國票-北投,2023-06-16,7792
8105,凌巨,20,0,20,國票-北投,2023-06-16,7792
1504,東元,43,24,19,國票-北投,2023-06-16,7792
2301,光寶科,19,0,19,國票-北投,2023-06-16,7792
5426,振發,22,5,17,國票-北投,2023-06-16,7792
2504,國產,15,0,15,國票-北投,2023-06-16,7792
4906,正文,17,2,15,國票-北投,2023-06-16,7792
3231,緯創,51,37,14,國票-北投,2023-06-16,7792
3707,漢磊,12,0,12,國票-北投,2023-06-16,7792
6188,廣明,12,0,12,國票-北投,2023-06-16,7792
1742,台蠟,11,0,11,國票-北投,2023-06-16,7792
2892,第一金,11,0,11,國票-北投,2023-06-16,7792
4904,遠傳,11,0,11,國票-北投,2023-06-16,7792
3706,神達,34,24,10,國票-北投,2023-06-16,7792
6179,亞通,10,0,10,國票-北投,2023-06-16,7792
00712,復華富時不動產,10,0,10,國票-北投,2023-06-16,7792
1734,杏輝,10,0,10,國票-北投,2023-06-16,7792
2371,大同,19,9,10,國票-北投,2023-06-16,7792
2492,華新科,10,0,10,國票-北投,2023-06-16,7792
2881,富邦金,10,0,10,國票-北投,2023-06-16,7792
3047,訊舟,10,0,10,國票-北投,2023-06-16,7792
3189,景碩,10,0,10,國票-北投,2023-06-16,7792
3228,金麗科,10,0,10,國票-北投,2023-06-16,7792
3264,欣銓,11,1,10,國票-北投,2023-06-16,7792
6101,寬魚國際,19,9,10,國票-北投,2023-06-16,7792
6231,系微,10,0,10,國票-北投,2023-06-16,7792
1314,中石化,10,1,9,國票-北投,2023-06-16,7792
2323,中環,14,5,9,國票-北投,2023-06-16,7792
3450,聯鈞,9,0,9,國票-北投,2023-06-16,7792
4510,高鋒,18,9,9,國票-北投,2023-06-16,7792
6125,廣運,11,2,9,國票-北投,2023-06-16,7792
00919,群益台灣精選高息,23,14,9,國票-北投,2023-06-16,7792
8215,明基材,10,2,8,國票-北投,2023-06-16,7792
1519,華城,19,12,7,國票-北投,2023-06-16,7792
2382,廣達,12,5,7,國票-北投,2023-06-16,7792
2883,凱基金,7,0,7,國票-北投,2023-06-16,7792
2404,漢唐,6,0,6,國票-北投,2023-06-16,7792
00632R,元大台灣50反1,6,0,6,國票-北投,2023-06-16,7792
3035,智原,61,1,60,國票-北投,2023-06-19,7792
2485,兆赫,49,0,49,國票-北投,2023-06-19,7792
00878,國泰永續高股息,68,22,46,國票-北投,2023-06-19,7792
0056,元大高股息,35,1,34,國票-北投,2023-06-19,7792
2002,中鋼,60,27,33,國票-北投,2023-06-19,7792
2328,廣宇,29,0,29,國票-北投,2023-06-19,7792
2392,正崴,24,0,24,國票-北投,2023-06-19,7792
2913,農林,25,1,24,國票-北投,2023-06-19,7792
3207,耀勝,33,11,22,國票-北投,2023-06-19,7792
2353,宏��,20,0,20,國票-北投,2023-06-19,7792
2888,新光金,20,0,20,國票-北投,2023-06-19,7792
3260,威剛,20,0,20,國票-北投,2023-06-19,7792
1101,台泥,20,0,20,國票-北投,2023-06-19,7792
00713,元大台灣高息低波,19,0,19,國票-北投,2023-06-19,7792
1802,台玻,25,6,19,國票-北投,2023-06-19,7792
3005,神基,15,0,15,國票-北投,2023-06-19,7792
2324,仁寶,22,8,14,國票-北投,2023-06-19,7792
2014,中鴻,15,1,14,國票-北投,2023-06-19,7792
2457,飛宏,34,20,14,國票-北投,2023-06-19,7792
1605,華新,28,15,13,國票-北投,2023-06-19,7792
00637L,元大滬深300正2,16,3,13,國票-北投,2023-06-19,7792
6116,彩晶,30,17,13,國票-北投,2023-06-19,7792
2356,英業達,32,20,12,國票-北投,2023-06-19,7792
2609,陽明,16,4,12,國票-北投,2023-06-19,7792
6120,達運,14,2,12,國票-北投,2023-06-19,7792
00885,富邦越南,10,0,10,國票-北投,2023-06-19,7792
3071,協禧,11,1,10,國票-北投,2023-06-19,7792
3252,海灣,35,25,10,國票-北投,2023-06-19,7792
3287,廣寰科,10,0,10,國票-北投,2023-06-19,7792
5234,達興材料,10,0,10,國票-北投,2023-06-19,7792
6244,茂迪,10,0,10,國票-北投,2023-06-19,7792
3706,神達,24,15,9,國票-北投,2023-06-19,7792
6147,頎邦,7,0,7,國票-北投,2023-06-19,7792
2312,金寶,9,2,7,國票-北投,2023-06-19,7792
3231,緯創,18,11,7,國票-北投,2023-06-19,7792
6188,廣明,10,3,7,國票-北投,2023-06-19,7792
6525,捷敏-KY,6,0,6,國票-北投,2023-06-19,7792
1529,樂事綠能,10,5,5,國票-北投,2023-06-19,7792
1416,廣豐,5,0,5,國票-北投,2023-06-19,7792
1909,榮成,5,0,5,國票-北投,2023-06-19,7792
2884,玉山金,5,0,5,國票-北投,2023-06-19,7792
4931,新盛力,5,0,5,國票-北投,2023-06-19,7792
4973,廣穎,6,1,5,國票-北投,2023-06-19,7792
2027,大成鋼,5,1,4,國票-北投,2023-06-19,7792
2916,滿心,4,0,4,國票-北投,2023-06-19,7792
1609,大亞,7,3,4,國票-北投,2023-06-19,7792
1301,台塑,4,0,4,國票-北投,2023-06-19,7792
1514,亞力,7,3,4,國票-北投,2023-06-19,7792
2449,京元電子,4,0,4,國票-北投,2023-06-19,7792
2515,中工,4,0,4,國票-北投,2023-06-19,7792
1528,恩德,53,0,53,國票-北投,2023-06-20,7792
1909,榮成,50,10,40,國票-北投,2023-06-20,7792
2014,中鴻,37,0,37,國票-北投,2023-06-20,7792
00632R,元大台灣50反1,34,1,33,國票-北投,2023-06-20,7792
1504,東元,40,8,32,國票-北投,2023-06-20,7792
00751B,元大AAA至A公司債,30,0,30,國票-北投,2023-06-20,7792
6443,元晶,24,0,24,國票-北投,2023-06-20,7792
00712,復華富時不動產,22,0,22,國票-北投,2023-06-20,7792
3006,晶豪科,21,0,21,國票-北投,2023-06-20,7792
3038,全台,21,0,21,國票-北投,2023-06-20,7792
8358,金居,25,9,16,國票-北投,2023-06-20,7792
2891,中信金,15,0,15,國票-北投,2023-06-20,7792
5234,達興材料,15,0,15,國票-北投,2023-06-20,7792
6188,廣明,14,0,14,國票-北投,2023-06-20,7792
1402,遠東新,12,0,12,國票-北投,2023-06-20,7792
3207,耀勝,12,1,11,國票-北投,2023-06-20,7792
3706,神達,13,2,11,國票-北投,2023-06-20,7792
4904,遠傳,11,0,11,國票-北投,2023-06-20,7792
2323,中環,16,6,10,國票-北投,2023-06-20,7792
4974,亞泰,10,0,10,國票-北投,2023-06-20,7792
6194,育富,10,0,10,國票-北投,2023-06-20,7792
8105,凌巨,10,0,10,國票-北投,2023-06-20,7792
2409,友達,15,6,9,國票-北投,2023-06-20,7792
3363,上詮,11,2,9,國票-北投,2023-06-20,7792
8277,商丞,9,0,9,國票-北投,2023-06-20,7792
00680L,元大美債20正2,8,0,8,國票-北投,2023-06-20,7792
00885,富邦越南,8,0,8,國票-北投,2023-06-20,7792
2449,京元電子,10,2,8,國票-北投,2023-06-20,7792
2538,基泰,8,0,8,國票-北投,2023-06-20,7792
2356,英業達,22,15,7,國票-北投,2023-06-20,7792
2206,三陽工業,7,1,6,國票-北投,2023-06-20,7792
3260,威剛,10,4,6,國票-北投,2023-06-20,7792
6290,良維,11,6,5,國票-北投,2023-06-20,7792
1409,新纖,5,0,5,國票-北投,2023-06-20,7792
1103,嘉泥,6,1,5,國票-北投,2023-06-20,7792
1210,大成,5,0,5,國票-北投,2023-06-20,7792
1304,台聚,5,0,5,國票-北投,2023-06-20,7792
2450,神腦,5,0,5,國票-北投,2023-06-20,7792
2603,長榮,5,0,5,國票-北投,2023-06-20,7792
2705,六福,23,18,5,國票-北投,2023-06-20,7792
2739,寒舍,5,0,5,國票-北投,2023-06-20,7792
3056,富華新,5,0,5,國票-北投,2023-06-20,7792
3088,艾訊,7,2,5,國票-北投,2023-06-20,7792
3596,智易,5,0,5,國票-北投,2023-06-20,7792
4108,懷特,5,0,5,國票-北投,2023-06-20,7792
8028,昇陽半導體,5,0,5,國票-北投,2023-06-20,7792
2454,聯發科,6,1,5,國票-北投,2023-06-20,7792
00878,國泰永續高股息,14,10,4,國票-北投,2023-06-20,7792
1319,東陽,5,1,4,國票-北投,2023-06-20,7792
00720B,元大投資級公司債,4,0,4,國票-北投,2023-06-20,7792
2888,新光金,55,0,55,國票-北投,2023-06-21,7792
9941,裕融,40,0,40,國票-北投,2023-06-21,7792
6282,康舒,37,0,37,國票-北投,2023-06-21,7792
6443,元晶,23,0,23,國票-北投,2023-06-21,7792
2402,毅嘉,21,0,21,國票-北投,2023-06-21,7792
2705,六福,27,7,20,國票-北投,2023-06-21,7792
3071,協禧,20,0,20,國票-北投,2023-06-21,7792
3049,精金,22,4,18,國票-北投,2023-06-21,7792
2603,長榮,20,4,16,國票-北投,2023-06-21,7792
2618,長榮航,36,20,16,國票-北投,2023-06-21,7792
1605,華新,15,0,15,國票-北投,2023-06-21,7792
2371,大同,29,14,15,國票-北投,2023-06-21,7792
2353,宏��,27,14,13,國票-北投,2023-06-21,7792
3706,神達,14,1,13,國票-北投,2023-06-21,7792
1717,長興,11,0,11,國票-北投,2023-06-21,7792
4979,華星光,18,7,11,國票-北投,2023-06-21,7792
1589,永冠-KY,10,0,10,國票-北投,2023-06-21,7792
2324,仁寶,11,1,10,國票-北投,2023-06-21,7792
2891,中信金,10,0,10,國票-北投,2023-06-21,7792
3038,全台,30,20,10,國票-北投,2023-06-21,7792
3363,上詮,10,0,10,國票-北投,2023-06-21,7792
5488,松普,10,0,10,國票-北投,2023-06-21,7792
5905,南仁湖,10,0,10,國票-北投,2023-06-21,7792
8076,伍豐,10,0,10,國票-北投,2023-06-21,7792
8033,雷虎,11,1,10,國票-北投,2023-06-21,7792
3207,耀勝,19,10,9,國票-北投,2023-06-21,7792
4927,泰鼎-KY,9,0,9,國票-北投,2023-06-21,7792
3035,智原,11,3,8,國票-北投,2023-06-21,7792
1527,鑽全,8,0,8,國票-北投,2023-06-21,7792
1727,中華化,12,4,8,國票-北投,2023-06-21,7792
3202,樺晟,10,2,8,國票-北投,2023-06-21,7792
4916,事欣科,16,9,7,國票-北投,2023-06-21,7792
2484,希華,6,0,6,國票-北投,2023-06-21,7792
5426,振發,11,5,6,國票-北投,2023-06-21,7792
00674R,期元大S＆P黃金反1,5,0,5,國票-北投,2023-06-21,7792
2014,中鴻,5,0,5,國票-北投,2023-06-21,7792
2337,旺宏,5,0,5,國票-北投,2023-06-21,7792
3356,奇偶,5,0,5,國票-北投,2023-06-21,7792
4127,天良,5,0,5,國票-北投,2023-06-21,7792
4755,三福化,5,0,5,國票-北投,2023-06-21,7792
5328,華容,5,0,5,國票-北投,2023-06-21,7792
5425,台半,10,5,5,國票-北投,2023-06-21,7792
6190,萬泰科,5,0,5,國票-北投,2023-06-21,7792
6285,啟��,5,0,5,國票-北投,2023-06-21,7792
9962,有益,5,0,5,國票-北投,2023-06-21,7792
2884,玉山金,5,0,5,國票-北投,2023-06-21,7792
2634,漢翔,29,25,4,國票-北投,2023-06-21,7792
00631L,元大台灣50正2,4,0,4,國票-北投,2023-06-21,7792
00896,中信綠能及電動車,4,0,4,國票-北投,2023-06-21,7792
2362,藍天,4,0,4,國票-北投,2023-06-21,7792
2610,華航,227,77,150,國票-北投,2023-06-26,7792
00632R,元大台灣50反1,103,0,103,國票-北投,2023-06-26,7792
2402,毅嘉,44,0,44,國票-北投,2023-06-26,7792
2485,兆赫,35,0,35,國票-北投,2023-06-26,7792
2913,農林,32,1,31,國票-北投,2023-06-26,7792
2002,中鋼,50,20,30,國票-北投,2023-06-26,7792
00637L,元大滬深300正2,36,10,26,國票-北投,2023-06-26,7792
6125,廣運,56,30,26,國票-北投,2023-06-26,7792
6120,達運,26,3,23,國票-北投,2023-06-26,7792
1402,遠東新,20,0,20,國票-北投,2023-06-26,7792
6244,茂迪,20,0,20,國票-北投,2023-06-26,7792
00687B,國泰20年美債,19,0,19,國票-北投,2023-06-26,7792
2392,正崴,19,1,18,國票-北投,2023-06-26,7792
3207,耀勝,18,0,18,國票-北投,2023-06-26,7792
2328,廣宇,17,0,17,國票-北投,2023-06-26,7792
2745,五福,17,0,17,國票-北投,2023-06-26,7792
3189,景碩,17,0,17,國票-北投,2023-06-26,7792
1609,大亞,15,0,15,國票-北投,2023-06-26,7792
2618,長榮航,30,16,14,國票-北投,2023-06-26,7792
0056,元大高股息,20,7,13,國票-北投,2023-06-26,7792
2382,廣達,22,9,13,國票-北投,2023-06-26,7792
8222,寶一,13,0,13,國票-北投,2023-06-26,7792
00878,國泰永續高股息,21,9,12,國票-北投,2023-06-26,7792
2353,宏��,13,1,12,國票-北投,2023-06-26,7792
2481,強茂,12,0,12,國票-北投,2023-06-26,7792
2609,陽明,13,2,11,國票-北投,2023-06-26,7792
3006,晶豪科,11,0,11,國票-北投,2023-06-26,7792
3056,富華新,11,0,11,國票-北投,2023-06-26,7792
3481,群創,26,15,11,國票-北投,2023-06-26,7792
1904,正隆,17,7,10,國票-北投,2023-06-26,7792
00679B,元大美債20年,10,0,10,國票-北投,2023-06-26,7792
00715L,期街口布蘭特正2,10,0,10,國票-北投,2023-06-26,7792
2201,裕隆,10,0,10,國票-北投,2023-06-26,7792
2313,華通,10,0,10,國票-北投,2023-06-26,7792
2409,友達,15,5,10,國票-北投,2023-06-26,7792
3022,威強電,11,1,10,國票-北投,2023-06-26,7792
3628,盈正,10,0,10,國票-北投,2023-06-26,7792
4931,新盛力,10,0,10,國票-北投,2023-06-26,7792
6116,彩晶,10,0,10,國票-北投,2023-06-26,7792
2888,新光金,20,10,10,國票-北投,2023-06-26,7792
3707,漢磊,9,0,9,國票-北投,2023-06-26,7792
1533,車王電,8,0,8,國票-北投,2023-06-26,7792
1605,華新,10,3,7,國票-北投,2023-06-26,7792
2707,晶華,7,0,7,國票-北投,2023-06-26,7792
4746,台耀,10,3,7,國票-北投,2023-06-26,7792
2330,台積電,7,0,7,國票-北投,2023-06-26,7792
1471,首利,6,0,6,國票-北投,2023-06-26,7792
2303,聯電,9,3,6,國票-北投,2023-06-26,7792
4138,曜亞,6,0,6,國票-北投,2023-06-26,7792
00696B,富邦美債20年,5,0,5,國票-北投,2023-06-26,7792
2888,新光金,1602,0,1602,國票-北投,2023-06-27,7792
2618,長榮航,138,24,114,國票-北投,2023-06-27,7792
1471,首利,67,0,67,國票-北投,2023-06-27,7792
2303,聯電,62,1,61,國票-北投,2023-06-27,7792
2617,台航,50,0,50,國票-北投,2023-06-27,7792
2317,鴻海,39,9,30,國票-北投,2023-06-27,7792
00751B,元大AAA至A公司債,30,0,30,國票-北投,2023-06-27,7792
00720B,元大投資級公司債,30,0,30,國票-北投,2023-06-27,7792
00919,群益台灣精選高息,29,0,29,國票-北投,2023-06-27,7792
2610,華航,72,43,29,國票-北投,2023-06-27,7792
2353,宏��,28,0,28,國票-北投,2023-06-27,7792
3022,威強電,25,0,25,國票-北投,2023-06-27,7792
3481,群創,31,7,24,國票-北投,2023-06-27,7792
3706,神達,22,2,20,國票-北投,2023-06-27,7792
1817,凱撒衛,19,0,19,國票-北投,2023-06-27,7792
2427,三商電,21,3,18,國票-北投,2023-06-27,7792
2067,嘉鋼,15,0,15,國票-北投,2023-06-27,7792
1608,華榮,15,3,12,國票-北投,2023-06-27,7792
2332,友訊,13,1,12,國票-北投,2023-06-27,7792
3189,景碩,11,0,11,國票-北投,2023-06-27,7792
3628,盈正,11,0,11,國票-北投,2023-06-27,7792
4106,雃博,11,0,11,國票-北投,2023-06-27,7792
6203,海韻電,11,0,11,國票-北投,2023-06-27,7792
6244,茂迪,11,0,11,國票-北投,2023-06-27,7792
0050,元大台灣50,10,0,10,國票-北投,2023-06-27,7792
6770,力積電,12,2,10,國票-北投,2023-06-27,7792
00687B,國泰20年美債,11,1,10,國票-北投,2023-06-27,7792
2314,台揚,10,0,10,國票-北投,2023-06-27,7792
3037,欣興,15,5,10,國票-北投,2023-06-27,7792
3122,笙泉,11,1,10,國票-北投,2023-06-27,7792
3264,欣銓,10,0,10,國票-北投,2023-06-27,7792
3715,定穎投控,10,0,10,國票-北投,2023-06-27,7792
6147,頎邦,10,0,10,國票-北投,2023-06-27,7792
6165,浪凡,10,0,10,國票-北投,2023-06-27,7792
2323,中環,18,9,9,國票-北投,2023-06-27,7792
00878,國泰永續高股息,15,6,9,國票-北投,2023-06-27,7792
1717,長興,9,0,9,國票-北投,2023-06-27,7792
2515,中工,9,0,9,國票-北投,2023-06-27,7792
5465,富驊,9,0,9,國票-北投,2023-06-27,7792
1605,華新,8,0,8,國票-北投,2023-06-27,7792
2014,中鴻,10,2,8,國票-北投,2023-06-27,7792
2409,友達,8,0,8,國票-北投,2023-06-27,7792
6125,廣運,8,0,8,國票-北投,2023-06-27,7792
8926,台汽電,8,0,8,國票-北投,2023-06-27,7792
2344,華邦電,7,0,7,國票-北投,2023-06-27,7792
2412,中華電,7,0,7,國票-北投,2023-06-27,7792
3362,先進光,10,3,7,國票-北投,2023-06-27,7792
3380,明泰,7,0,7,國票-北投,2023-06-27,7792
4543,萬在,7,0,7,國票-北投,2023-06-27,7792
4973,廣穎,10,3,7,國票-北投,2023-06-27,7792
00720B,元大投資級公司債,139,0,139,國票-北投,2023-06-28,7792
2603,長榮,98,0,98,國票-北投,2023-06-28,7792
00632R,元大台灣50反1,53,0,53,國票-北投,2023-06-28,7792
1598,岱宇,50,0,50,國票-北投,2023-06-28,7792
6244,茂迪,48,1,47,國票-北投,2023-06-28,7792
1605,華新,32,2,30,國票-北投,2023-06-28,7792
6116,彩晶,30,0,30,國票-北投,2023-06-28,7792
2323,中環,26,2,24,國票-北投,2023-06-28,7792
1907,永豐餘,22,0,22,國票-北投,2023-06-28,7792
3580,友威科,21,0,21,國票-北投,2023-06-28,7792
6182,合晶,21,1,20,國票-北投,2023-06-28,7792
3252,海灣,21,1,20,國票-北投,2023-06-28,7792
4950,牧東,18,0,18,國票-北投,2023-06-28,7792
6147,頎邦,18,0,18,國票-北投,2023-06-28,7792
00751B,元大AAA至A公司債,17,0,17,國票-北投,2023-06-28,7792
00715L,期街口布蘭特正2,17,0,17,國票-北投,2023-06-28,7792
2888,新光金,16,0,16,國票-北投,2023-06-28,7792
2427,三商電,16,0,16,國票-北投,2023-06-28,7792
2014,中鴻,15,0,15,國票-北投,2023-06-28,7792
2409,友達,12,0,12,國票-北投,2023-06-28,7792
1732,毛寶,10,0,10,國票-北投,2023-06-28,7792
8105,凌巨,10,0,10,國票-北投,2023-06-28,7792
8150,南茂,10,0,10,國票-北投,2023-06-28,7792
2484,希華,9,0,9,國票-北投,2023-06-28,7792
3231,緯創,21,12,9,國票-北投,2023-06-28,7792
4908,前鼎,10,2,8,國票-北投,2023-06-28,7792
2317,鴻海,11,4,7,國票-北投,2023-06-28,7792
3205,佰研,15,8,7,國票-北投,2023-06-28,7792
1513,中興電,6,0,6,國票-北投,2023-06-28,7792
5465,富驊,6,0,6,國票-北投,2023-06-28,7792
2885,元大金,5,0,5,國票-北投,2023-06-28,7792
1777,生泰,5,0,5,國票-北投,2023-06-28,7792
2634,漢翔,10,5,5,國票-北投,2023-06-28,7792
3036,文曄,5,0,5,國票-北投,2023-06-28,7792
6188,廣明,5,0,5,國票-北投,2023-06-28,7792
8088,品安,5,0,5,國票-北投,2023-06-28,7792
8215,明基材,5,0,5,國票-北投,2023-06-28,7792
3037,欣興,6,2,4,國票-北投,2023-06-28,7792
1504,東元,8,4,4,國票-北投,2023-06-28,7792
00637L,元大滬深300正2,12,8,4,國票-北投,2023-06-28,7792
2376,技嘉,4,0,4,國票-北投,2023-06-28,7792
3028,增你強,4,0,4,國票-北投,2023-06-28,7792
4142,國光生,4,0,4,國票-北投,2023-06-28,7792
8034,榮群,5,1,4,國票-北投,2023-06-28,7792
00877,復華中國5G,3,0,3,國票-北投,2023-06-28,7792
2303,聯電,3,0,3,國票-北投,2023-06-28,7792
2329,華泰,3,0,3,國票-北投,2023-06-28,7792
2417,圓剛,3,0,3,國票-北投,2023-06-28,7792
3025,星通,7,4,3,國票-北投,2023-06-28,7792
3033,威健,3,0,3,國票-北投,2023-06-28,7792
2504,國產,80,0,80,國票-北投,2023-06-29,7792
2014,中鴻,35,0,35,國票-北投,2023-06-29,7792
2610,華航,18,0,18,國票-北投,2023-06-29,7792
1605,華新,20,4,16,國票-北投,2023-06-29,7792
1714,和桐,15,0,15,國票-北投,2023-06-29,7792
00772B,中信高評級公司債,13,0,13,國票-北投,2023-06-29,7792
4960,誠美材,13,0,13,國票-北投,2023-06-29,7792
2618,長榮航,13,2,11,國票-北投,2023-06-29,7792
2883,凱基金,12,1,11,國票-北投,2023-06-29,7792
8171,天宇,11,0,11,國票-北投,2023-06-29,7792
2022,聚亨,10,0,10,國票-北投,2023-06-29,7792
2332,友訊,10,0,10,國票-北投,2023-06-29,7792
3207,耀勝,14,4,10,國票-北投,2023-06-29,7792
3252,海灣,10,0,10,國票-北投,2023-06-29,7792
8222,寶一,10,1,9,國票-北投,2023-06-29,7792
2323,中環,11,3,8,國票-北投,2023-06-29,7792
3011,今皓,9,1,8,國票-北投,2023-06-29,7792
4746,台耀,8,0,8,國票-北投,2023-06-29,7792
2324,仁寶,12,4,8,國票-北投,2023-06-29,7792
00919,群益台灣精選高息,7,0,7,國票-北投,2023-06-29,7792
2441,超豐,7,0,7,國票-北投,2023-06-29,7792
3406,玉晶光,7,0,7,國票-北投,2023-06-29,7792
4414,如興,7,0,7,國票-北投,2023-06-29,7792
5426,振發,7,0,7,國票-北投,2023-06-29,7792
2409,友達,9,3,6,國票-北投,2023-06-29,7792
2317,鴻海,14,8,6,國票-北投,2023-06-29,7792
1471,首利,6,0,6,國票-北投,2023-06-29,7792
8403,盛弘,11,5,6,國票-北投,2023-06-29,7792
2603,長榮,126,121,5,國票-北投,2023-06-29,7792
2059,川湖,5,0,5,國票-北投,2023-06-29,7792
1504,東元,6,1,5,國票-北投,2023-06-29,7792
1301,台塑,5,0,5,國票-北投,2023-06-29,7792
1589,永冠-KY,11,6,5,國票-北投,2023-06-29,7792
1736,喬山,5,0,5,國票-北投,2023-06-29,7792
2449,京元電子,8,3,5,國票-北投,2023-06-29,7792
2484,希華,5,0,5,國票-北投,2023-06-29,7792
3022,威強電,7,2,5,國票-北投,2023-06-29,7792
3714,富采,5,0,5,國票-北投,2023-06-29,7792
5234,達興材料,5,0,5,國票-北投,2023-06-29,7792
5243,乙盛-KY,5,0,5,國票-北投,2023-06-29,7792
5386,青雲,5,0,5,國票-北投,2023-06-29,7792
2888,新光金,4,0,4,國票-北投,2023-06-29,7792
1727,中華化,4,0,4,國票-北投,2023-06-29,7792
00712,復華富時不動產,4,0,4,國票-北投,2023-06-29,7792
2359,所羅門,4,0,4,國票-北投,2023-06-29,7792
3703,欣陸,4,0,4,國票-北投,2023-06-29,7792
4157,太景*-KY,29,25,4,國票-北投,2023-06-29,7792
6672,騰輝電子-KY,4,0,4,國票-北投,2023-06-29,7792
6282,康舒,4,0,4,國票-北投,2023-06-29,7792
7402,邑錡,12,9,3,國票-北投,2023-06-29,7792
2002,中鋼,203,0,203,國票-北投,2023-06-30,7792
2603,長榮,91,31,60,國票-北投,2023-06-30,7792
2705,六福,55,0,55,國票-北投,2023-06-30,7792
2344,華邦電,47,0,47,國票-北投,2023-06-30,7792
1605,華新,66,27,39,國票-北投,2023-06-30,7792
2303,聯電,33,1,32,國票-北投,2023-06-30,7792
1519,華城,31,0,31,國票-北投,2023-06-30,7792
6605,帝寶,30,0,30,國票-北投,2023-06-30,7792
3252,海灣,25,0,25,國票-北投,2023-06-30,7792
2356,英業達,24,5,19,國票-北投,2023-06-30,7792
2610,華航,18,0,18,國票-北投,2023-06-30,7792
00720B,元大投資級公司債,15,0,15,國票-北投,2023-06-30,7792
00751B,元大AAA至A公司債,15,0,15,國票-北投,2023-06-30,7792
4164,承業醫,15,0,15,國票-北投,2023-06-30,7792
00885,富邦越南,13,0,13,國票-北投,2023-06-30,7792
2409,友達,12,0,12,國票-北投,2023-06-30,7792
3306,鼎天,14,3,11,國票-北投,2023-06-30,7792
4168,醣聯,15,4,11,國票-北投,2023-06-30,7792
6285,啟��,11,0,11,國票-北投,2023-06-30,7792
2014,中鴻,10,0,10,國票-北投,2023-06-30,7792
2357,華碩,10,0,10,國票-北投,2023-06-30,7792
2882,國泰金,10,0,10,國票-北投,2023-06-30,7792
3055,蔚華科,20,10,10,國票-北投,2023-06-30,7792
4155,訊映,10,0,10,國票-北投,2023-06-30,7792
6188,廣明,10,0,10,國票-北投,2023-06-30,7792
1234,黑松,10,2,8,國票-北投,2023-06-30,7792
2419,仲琦,18,10,8,國票-北投,2023-06-30,7792
2883,凱基金,8,0,8,國票-北投,2023-06-30,7792
3356,奇偶,15,7,8,國票-北投,2023-06-30,7792
6116,彩晶,8,0,8,國票-北投,2023-06-30,7792
2330,台積電,7,0,7,國票-北投,2023-06-30,7792
00680L,元大美債20正2,7,0,7,國票-北投,2023-06-30,7792
2454,聯發科,7,0,7,國票-北投,2023-06-30,7792
3481,群創,11,4,7,國票-北投,2023-06-30,7792
3707,漢磊,7,0,7,國票-北投,2023-06-30,7792
2353,宏��,6,0,6,國票-北投,2023-06-30,7792
3093,港建*,6,0,6,國票-北投,2023-06-30,7792
3374,精材,6,0,6,國票-北投,2023-06-30,7792
2347,聯強,5,0,5,國票-北投,2023-06-30,7792
00922,國泰台灣領袖50,5,0,5,國票-北投,2023-06-30,7792
3005,神基,7,2,5,國票-北投,2023-06-30,7792
2317,鴻海,5,1,4,國票-北投,2023-06-30,7792
00878,國泰永續高股息,4,0,4,國票-北投,2023-06-30,7792
00679B,元大美債20年,4,0,4,國票-北投,2023-06-30,7792
00919,群益台灣精選高息,4,0,4,國票-北投,2023-06-30,7792
1514,亞力,4,0,4,國票-北投,2023-06-30,7792
3325,旭品,5,1,4,國票-北投,2023-06-30,7792
5234,達興材料,4,0,4,國票-北投,2023-06-30,7792
1727,中華化,3,0,3,國票-北投,2023-06-30,7792
1319,東陽,3,0,3,國票-北投,2023-06-30,7792
2610,華航,385,0,385,國票-北投,2023-07-03,7792
2353,宏��,104,5,99,國票-北投,2023-07-03,7792
2356,英業達,65,15,50,國票-北投,2023-07-03,7792
3207,耀勝,36,3,33,國票-北投,2023-07-03,7792
2485,兆赫,32,1,31,國票-北投,2023-07-03,7792
4121,優盛,30,0,30,國票-北投,2023-07-03,7792
1519,華城,29,0,29,國票-北投,2023-07-03,7792
2303,聯電,30,2,28,國票-北投,2023-07-03,7792
2609,陽明,96,71,25,國票-北投,2023-07-03,7792
1605,華新,40,16,24,國票-北投,2023-07-03,7792
2449,京元電子,27,3,24,國票-北投,2023-07-03,7792
3706,神達,32,10,22,國票-北投,2023-07-03,7792
2328,廣宇,21,0,21,國票-北投,2023-07-03,7792
1314,中石化,20,0,20,國票-北投,2023-07-03,7792
2618,長榮航,32,12,20,國票-北投,2023-07-03,7792
2457,飛宏,17,0,17,國票-北投,2023-07-03,7792
2313,華通,16,0,16,國票-北投,2023-07-03,7792
1446,宏和,15,0,15,國票-北投,2023-07-03,7792
2363,矽統,15,0,15,國票-北投,2023-07-03,7792
3264,欣銓,16,1,15,國票-北投,2023-07-03,7792
2392,正崴,15,2,13,國票-北投,2023-07-03,7792
8028,昇陽半導體,13,0,13,國票-北投,2023-07-03,7792
3481,群創,13,1,12,國票-北投,2023-07-03,7792
2409,友達,12,0,12,國票-北投,2023-07-03,7792
6165,浪凡,12,0,12,國票-北投,2023-07-03,7792
3045,台灣大,11,0,11,國票-北投,2023-07-03,7792
00664R,國泰臺灣加權反1,10,0,10,國票-北投,2023-07-03,7792
1504,東元,22,12,10,國票-北投,2023-07-03,7792
1789,神隆,10,0,10,國票-北投,2023-07-03,7792
1795,美時,12,2,10,國票-北投,2023-07-03,7792
2324,仁寶,11,1,10,國票-北投,2023-07-03,7792
2615,萬海,11,2,9,國票-北投,2023-07-03,7792
2206,三陽工業,9,1,8,國票-北投,2023-07-03,7792
1611,中電,21,13,8,國票-北投,2023-07-03,7792
3128,昇銳,8,0,8,國票-北投,2023-07-03,7792
4746,台耀,12,4,8,國票-北投,2023-07-03,7792
5425,台半,10,2,8,國票-北投,2023-07-03,7792
1301,台塑,7,0,7,國票-北投,2023-07-03,7792
6153,嘉聯益,7,0,7,國票-北投,2023-07-03,7792
8222,寶一,9,2,7,國票-北投,2023-07-03,7792
2888,新光金,7,0,7,國票-北投,2023-07-03,7792
2745,五福,6,0,6,國票-北投,2023-07-03,7792
00764B,群益25年美債,5,0,5,國票-北投,2023-07-03,7792
1326,台化,5,0,5,國票-北投,2023-07-03,7792
2030,彰源,5,0,5,國票-北投,2023-07-03,7792
2371,大同,24,19,5,國票-北投,2023-07-03,7792
2734,易飛網,5,0,5,國票-北投,2023-07-03,7792
3078,僑威,6,1,5,國票-北投,2023-07-03,7792
4157,太景*-KY,5,0,5,國票-北投,2023-07-03,7792
4164,承業醫,5,0,5,國票-北投,2023-07-03,7792
8028,昇陽半導體,80,0,80,國票-北投,2023-07-04,7792
3025,星通,55,2,53,國票-北投,2023-07-04,7792
2603,長榮,86,42,44,國票-北投,2023-07-04,7792
2409,友達,35,0,35,國票-北投,2023-07-04,7792
2888,新光金,29,0,29,國票-北投,2023-07-04,7792
3481,群創,25,2,23,國票-北投,2023-07-04,7792
00637L,元大滬深300正2,20,0,20,國票-北投,2023-07-04,7792
1301,台塑,18,0,18,國票-北投,2023-07-04,7792
1605,華新,18,2,16,國票-北投,2023-07-04,7792
2105,正新,15,0,15,國票-北投,2023-07-04,7792
4906,正文,13,1,12,國票-北投,2023-07-04,7792
6116,彩晶,22,10,12,國票-北投,2023-07-04,7792
00772B,中信高評級公司債,10,0,10,國票-北投,2023-07-04,7792
1815,富喬,10,0,10,國票-北投,2023-07-04,7792
2441,超豐,10,0,10,國票-北投,2023-07-04,7792
2634,漢翔,11,1,10,國票-北投,2023-07-04,7792
4155,訊映,12,2,10,國票-北投,2023-07-04,7792
2609,陽明,31,22,9,國票-北投,2023-07-04,7792
2204,中華,10,1,9,國票-北投,2023-07-04,7792
2745,五福,9,0,9,國票-北投,2023-07-04,7792
2883,凱基金,9,0,9,國票-北投,2023-07-04,7792
3236,千如,9,0,9,國票-北投,2023-07-04,7792
5469,瀚宇博,9,0,9,國票-北投,2023-07-04,7792
3163,波若威,10,2,8,國票-北投,2023-07-04,7792
3704,合勤控,19,11,8,國票-北投,2023-07-04,7792
6120,達運,8,0,8,國票-北投,2023-07-04,7792
2317,鴻海,12,6,6,國票-北投,2023-07-04,7792
2030,彰源,6,0,6,國票-北投,2023-07-04,7792
2337,旺宏,6,0,6,國票-北投,2023-07-04,7792
2457,飛宏,10,4,6,國票-北投,2023-07-04,7792
6112,邁達特,6,0,6,國票-北投,2023-07-04,7792
6288,聯嘉,9,3,6,國票-北投,2023-07-04,7792
2611,志信,6,0,6,國票-北投,2023-07-04,7792
2610,華航,11,6,5,國票-北投,2023-07-04,7792
2734,易飛網,5,0,5,國票-北投,2023-07-04,7792
3003,健和興,15,10,5,國票-北投,2023-07-04,7792
4977,眾達-KY,5,0,5,國票-北投,2023-07-04,7792
6126,信音,5,0,5,國票-北投,2023-07-04,7792
6129,普誠,5,0,5,國票-北投,2023-07-04,7792
6209,今國光,5,0,5,國票-北投,2023-07-04,7792
6770,力積電,10,6,4,國票-北投,2023-07-04,7792
1589,永冠-KY,5,1,4,國票-北投,2023-07-04,7792
1522,堤維西,5,1,4,國票-北投,2023-07-04,7792
2206,三陽工業,5,1,4,國票-北投,2023-07-04,7792
2329,華泰,21,17,4,國票-北投,2023-07-04,7792
2444,兆勁,4,0,4,國票-北投,2023-07-04,7792
2449,京元電子,10,6,4,國票-北投,2023-07-04,7792
2748,雲品,7,3,4,國票-北投,2023-07-04,7792
2882,國泰金,4,0,4,國票-北投,2023-07-04,7792
3090,日電貿,4,0,4,國票-北投,2023-07-04,7792
1216,統一,100,0,100,國票-北投,2023-07-05,7792
8155,博智,85,0,85,國票-北投,2023-07-05,7792
5880,合庫金,35,0,35,國票-北投,2023-07-05,7792
2890,永豐金,32,0,32,國票-北投,2023-07-05,7792
4906,正文,30,0,30,國票-北投,2023-07-05,7792
1519,華城,29,0,29,國票-北投,2023-07-05,7792
6244,茂迪,30,1,29,國票-北投,2023-07-05,7792
8028,昇陽半導體,27,0,27,國票-北投,2023-07-05,7792
3025,星通,21,0,21,國票-北投,2023-07-05,7792
5234,達興材料,21,0,21,國票-北投,2023-07-05,7792
2340,台亞,32,12,20,國票-北投,2023-07-05,7792
2427,三商電,21,1,20,國票-北投,2023-07-05,7792
2484,希華,20,0,20,國票-北投,2023-07-05,7792
2834,臺企銀,20,0,20,國票-北投,2023-07-05,7792
00637L,元大滬深300正2,22,4,18,國票-北投,2023-07-05,7792
2342,茂矽,18,0,18,國票-北投,2023-07-05,7792
2402,毅嘉,56,38,18,國票-北投,2023-07-05,7792
2457,飛宏,29,12,17,國票-北投,2023-07-05,7792
3231,緯創,38,21,17,國票-北投,2023-07-05,7792
2313,華通,17,1,16,國票-北投,2023-07-05,7792
8050,廣積,17,1,16,國票-北投,2023-07-05,7792
00751B,元大AAA至A公司債,15,0,15,國票-北投,2023-07-05,7792
1101,台泥,14,0,14,國票-北投,2023-07-05,7792
6770,力積電,23,9,14,國票-北投,2023-07-05,7792
3317,尼克森,12,0,12,國票-北投,2023-07-05,7792
1611,中電,30,19,11,國票-北投,2023-07-05,7792
1522,堤維西,11,0,11,國票-北投,2023-07-05,7792
00929,復華台灣科技優息,12,1,11,國票-北投,2023-07-05,7792
2105,正新,11,0,11,國票-北投,2023-07-05,7792
2498,宏達電,11,0,11,國票-北投,2023-07-05,7792
2880,華南金,11,0,11,國票-北投,2023-07-05,7792
8277,商丞,11,0,11,國票-北投,2023-07-05,7792
00772B,中信高評級公司債,10,0,10,國票-北投,2023-07-05,7792
1326,台化,10,0,10,國票-北投,2023-07-05,7792
2812,台中銀,10,0,10,國票-北投,2023-07-05,7792
3013,晟銘電,19,9,10,國票-北投,2023-07-05,7792
3567,逸昌,10,0,10,國票-北投,2023-07-05,7792
3706,神達,22,12,10,國票-北投,2023-07-05,7792
4960,誠美材,10,0,10,國票-北投,2023-07-05,7792
8086,宏捷科,22,12,10,國票-北投,2023-07-05,7792
2331,精英,11,2,9,國票-北投,2023-07-05,7792
2369,菱生,17,8,9,國票-北投,2023-07-05,7792
1513,中興電,10,2,8,國票-北投,2023-07-05,7792
2885,元大金,8,0,8,國票-北投,2023-07-05,7792
2002,中鋼,7,0,7,國票-北投,2023-07-05,7792
3017,奇鋐,7,0,7,國票-北投,2023-07-05,7792
3372,典範,21,14,7,國票-北投,2023-07-05,7792
3450,聯鈞,8,1,7,國票-北投,2023-07-05,7792
3518,柏騰,7,0,7,國票-北投,2023-07-05,7792
5425,台半,9,2,7,國票-北投,2023-07-05,7792
2409,友達,265,0,265,國票-北投,2023-07-06,7792
2002,中鋼,211,0,211,國票-北投,2023-07-06,7792
00632R,元大台灣50反1,100,6,94,國票-北投,2023-07-06,7792
6873,泓德能源,40,0,40,國票-北投,2023-07-06,7792
3481,群創,32,6,26,國票-北投,2023-07-06,7792
8215,明基材,24,2,22,國票-北投,2023-07-06,7792
1301,台塑,21,0,21,國票-北投,2023-07-06,7792
00720B,元大投資級公司債,16,0,16,國票-北投,2023-07-06,7792
1446,宏和,16,0,16,國票-北投,2023-07-06,7792
1402,遠東新,15,0,15,國票-北投,2023-07-06,7792
2356,英業達,22,7,15,國票-北投,2023-07-06,7792
2330,台積電,14,0,14,國票-北投,2023-07-06,7792
4566,時碩工業,15,2,13,國票-北投,2023-07-06,7792
3037,欣興,11,0,11,國票-北投,2023-07-06,7792
2317,鴻海,19,8,11,國票-北投,2023-07-06,7792
2884,玉山金,11,0,11,國票-北投,2023-07-06,7792
6443,元晶,11,0,11,國票-北投,2023-07-06,7792
2885,元大金,11,0,11,國票-北投,2023-07-06,7792
2882,國泰金,11,1,10,國票-北投,2023-07-06,7792
6112,邁達特,10,0,10,國票-北投,2023-07-06,7792
1101,台泥,10,0,10,國票-北投,2023-07-06,7792
00772B,中信高評級公司債,10,0,10,國票-北投,2023-07-06,7792
1718,中纖,10,0,10,國票-北投,2023-07-06,7792
2067,嘉鋼,10,0,10,國票-北投,2023-07-06,7792
3059,華晶科,20,10,10,國票-北投,2023-07-06,7792
3325,旭品,10,0,10,國票-北投,2023-07-06,7792
0050,元大台灣50,10,0,10,國票-北投,2023-07-06,7792
2313,華通,11,2,9,國票-北投,2023-07-06,7792
2634,漢翔,9,0,9,國票-北投,2023-07-06,7792
3015,全漢,9,0,9,國票-北投,2023-07-06,7792
1471,首利,8,0,8,國票-北投,2023-07-06,7792
6770,力積電,8,0,8,國票-北投,2023-07-06,7792
2812,台中銀,10,3,7,國票-北投,2023-07-06,7792
1102,亞泥,7,0,7,國票-北投,2023-07-06,7792
00929,復華台灣科技優息,7,0,7,國票-北投,2023-07-06,7792
00680L,元大美債20正2,7,0,7,國票-北投,2023-07-06,7792
2801,彰銀,7,0,7,國票-北投,2023-07-06,7792
00637L,元大滬深300正2,17,11,6,國票-北投,2023-07-06,7792
1303,南亞,6,0,6,國票-北投,2023-07-06,7792
2399,映泰,6,0,6,國票-北投,2023-07-06,7792
2457,飛宏,7,1,6,國票-北投,2023-07-06,7792
4108,懷特,6,0,6,國票-北投,2023-07-06,7792
6133,金橋,6,0,6,國票-北投,2023-07-06,7792
6220,岳豐,6,0,6,國票-北投,2023-07-06,7792
9962,有益,6,0,6,國票-北投,2023-07-06,7792
2323,中環,8,3,5,國票-北投,2023-07-06,7792
2347,聯強,5,0,5,國票-北投,2023-07-06,7792
1513,中興電,6,1,5,國票-北投,2023-07-06,7792
00919,群益台灣精選高息,5,0,5,國票-北投,2023-07-06,7792
00927,群益半導體收益,5,0,5,國票-北投,2023-07-06,7792
2002,中鋼,48,0,48,國票-北投,2023-07-07,7792
00720B,元大投資級公司債,36,0,36,國票-北投,2023-07-07,7792
2323,中環,30,2,28,國票-北投,2023-07-07,7792
2421,建準,26,1,25,國票-北投,2023-07-07,7792
2356,英業達,34,10,24,國票-北投,2023-07-07,7792
1301,台塑,22,0,22,國票-北投,2023-07-07,7792
3205,佰研,20,0,20,國票-北投,2023-07-07,7792
9945,潤泰新,19,0,19,國票-北投,2023-07-07,7792
2888,新光金,17,0,17,國票-北投,2023-07-07,7792
2603,長榮,19,3,16,國票-北投,2023-07-07,7792
2371,大同,21,6,15,國票-北投,2023-07-07,7792
2820,華票,15,0,15,國票-北投,2023-07-07,7792
2889,國票金,15,0,15,國票-北投,2023-07-07,7792
3054,立萬利,15,0,15,國票-北投,2023-07-07,7792
1519,華城,13,0,13,國票-北投,2023-07-07,7792
2609,陽明,38,25,13,國票-北投,2023-07-07,7792
2881,富邦金,16,3,13,國票-北投,2023-07-07,7792
2882,國泰金,12,0,12,國票-北投,2023-07-07,7792
2455,全新,12,0,12,國票-北投,2023-07-07,7792
3576,聯合再生,13,1,12,國票-北投,2023-07-07,7792
0050,元大台灣50,11,0,11,國票-北投,2023-07-07,7792
2745,五福,13,2,11,國票-北投,2023-07-07,7792
4532,瑞智,15,4,11,國票-北投,2023-07-07,7792
4931,新盛力,11,0,11,國票-北投,2023-07-07,7792
2382,廣達,21,10,11,國票-北投,2023-07-07,7792
2634,漢翔,12,2,10,國票-北投,2023-07-07,7792
1714,和桐,10,0,10,國票-北投,2023-07-07,7792
2388,威盛,10,0,10,國票-北投,2023-07-07,7792
4155,訊映,10,0,10,國票-北投,2023-07-07,7792
6282,康舒,14,4,10,國票-北投,2023-07-07,7792
1513,中興電,10,1,9,國票-北投,2023-07-07,7792
3706,神達,10,1,9,國票-北投,2023-07-07,7792
3037,欣興,8,0,8,國票-北投,2023-07-07,7792
00772B,中信高評級公司債,10,2,8,國票-北投,2023-07-07,7792
2439,美律,8,0,8,國票-北投,2023-07-07,7792
3450,聯鈞,8,0,8,國票-北投,2023-07-07,7792
2330,台積電,8,0,8,國票-北投,2023-07-07,7792
2206,三陽工業,7,0,7,國票-北投,2023-07-07,7792
3501,維熹,7,0,7,國票-北投,2023-07-07,7792
3231,緯創,32,26,6,國票-北投,2023-07-07,7792
2637,慧洋-KY,6,0,6,國票-北投,2023-07-07,7792
00900,富邦特選高股息30,6,0,6,國票-北投,2023-07-07,7792
3005,神基,6,0,6,國票-北投,2023-07-07,7792
4746,台耀,13,7,6,國票-北投,2023-07-07,7792
5347,世界,7,1,6,國票-北投,2023-07-07,7792
6138,茂達,6,0,6,國票-北投,2023-07-07,7792
1587,吉茂,5,0,5,國票-北投,2023-07-07,7792
00724B,群益投資級金融債,5,0,5,國票-北投,2023-07-07,7792
00687B,國泰20年美債,5,0,5,國票-北投,2023-07-07,7792
1504,東元,5,0,5,國票-北投,2023-07-07,7792
00632R,元大台灣50反1,100,0,100,國票-北投,2023-07-10,7792
00929,復華台灣科技優息,50,0,50,國票-北投,2023-07-10,7792
2408,南亞科,50,0,50,國票-北投,2023-07-10,7792
1504,東元,53,5,48,國票-北投,2023-07-10,7792
2883,凱基金,42,0,42,國票-北投,2023-07-10,7792
1611,中電,40,0,40,國票-北投,2023-07-10,7792
3521,鴻翊,30,0,30,國票-北投,2023-07-10,7792
2882,國泰金,30,1,29,國票-北投,2023-07-10,7792
2067,嘉鋼,20,0,20,國票-北投,2023-07-10,7792
00878,國泰永續高股息,17,1,16,國票-北投,2023-07-10,7792
00751B,元大AAA至A公司債,15,0,15,國票-北投,2023-07-10,7792
5439,高技,14,0,14,國票-北投,2023-07-10,7792
8163,達方,13,0,13,國票-北投,2023-07-10,7792
3706,神達,12,0,12,國票-北投,2023-07-10,7792
4938,和碩,11,0,11,國票-北投,2023-07-10,7792
1808,潤隆,10,0,10,國票-北投,2023-07-10,7792
2371,大同,11,1,10,國票-北投,2023-07-10,7792
2820,華票,10,0,10,國票-北投,2023-07-10,7792
2891,中信金,10,0,10,國票-北投,2023-07-10,7792
4987,科誠,13,3,10,國票-北投,2023-07-10,7792
8930,青鋼,10,0,10,國票-北投,2023-07-10,7792
1217,愛之味,10,1,9,國票-北投,2023-07-10,7792
3005,神基,9,0,9,國票-北投,2023-07-10,7792
1471,首利,8,1,7,國票-北投,2023-07-10,7792
00637L,元大滬深300正2,25,18,7,國票-北投,2023-07-10,7792
9958,世紀鋼,7,0,7,國票-北投,2023-07-10,7792
00679B,元大美債20年,6,0,6,國票-北投,2023-07-10,7792
00720B,元大投資級公司債,6,0,6,國票-北投,2023-07-10,7792
2368,金像電,7,1,6,國票-北投,2023-07-10,7792
4931,新盛力,7,1,6,國票-北投,2023-07-10,7792
6116,彩晶,6,0,6,國票-北投,2023-07-10,7792
4908,前鼎,7,1,6,國票-北投,2023-07-10,7792
1904,正隆,5,0,5,國票-北投,2023-07-10,7792
00680L,元大美債20正2,5,0,5,國票-北投,2023-07-10,7792
0056,元大高股息,5,0,5,國票-北投,2023-07-10,7792
1909,榮成,5,0,5,國票-北投,2023-07-10,7792
3138,耀登,5,0,5,國票-北投,2023-07-10,7792
3432,台端,5,0,5,國票-北投,2023-07-10,7792
3528,安馳,5,0,5,國票-北投,2023-07-10,7792
3545,敦泰,5,0,5,國票-北投,2023-07-10,7792
4566,時碩工業,5,0,5,國票-北投,2023-07-10,7792
4915,致伸,5,0,5,國票-北投,2023-07-10,7792
6190,萬泰科,5,0,5,國票-北投,2023-07-10,7792
6284,佳邦,5,0,5,國票-北投,2023-07-10,7792
6288,聯嘉,11,6,5,國票-北投,2023-07-10,7792
2206,三陽工業,5,1,4,國票-北投,2023-07-10,7792
2332,友訊,4,0,4,國票-北投,2023-07-10,7792
2388,威盛,4,0,4,國票-北投,2023-07-10,7792
2609,陽明,10,6,4,國票-北投,2023-07-10,7792
2615,萬海,4,0,4,國票-北投,2023-07-10,7792
2402,毅嘉,60,0,60,國票-北投,2023-07-11,7792
00632R,元大台灣50反1,53,0,53,國票-北投,2023-07-11,7792
2882,國泰金,51,1,50,國票-北投,2023-07-11,7792
1522,堤維西,51,3,48,國票-北投,2023-07-11,7792
2356,英業達,57,14,43,國票-北投,2023-07-11,7792
3207,耀勝,37,0,37,國票-北投,2023-07-11,7792
2323,中環,49,12,37,國票-北投,2023-07-11,7792
1504,東元,23,1,22,國票-北投,2023-07-11,7792
2204,中華,22,0,22,國票-北投,2023-07-11,7792
5009,榮剛,21,0,21,國票-北投,2023-07-11,7792
3521,鴻翊,20,0,20,國票-北投,2023-07-11,7792
3024,憶聲,20,3,17,國票-北投,2023-07-11,7792
2419,仲琦,26,11,15,國票-北投,2023-07-11,7792
3432,台端,15,0,15,國票-北投,2023-07-11,7792
6111,大宇資,14,0,14,國票-北投,2023-07-11,7792
2312,金寶,13,1,12,國票-北投,2023-07-11,7792
5347,世界,12,0,12,國票-北投,2023-07-11,7792
6282,康舒,13,1,12,國票-北投,2023-07-11,7792
1529,樂事綠能,11,0,11,國票-北投,2023-07-11,7792
1905,華紙,12,1,11,國票-北投,2023-07-11,7792
2324,仁寶,12,1,11,國票-北投,2023-07-11,7792
4130,健亞,11,0,11,國票-北投,2023-07-11,7792
1909,榮成,10,0,10,國票-北投,2023-07-11,7792
2067,嘉鋼,10,0,10,國票-北投,2023-07-11,7792
2484,希華,10,0,10,國票-北投,2023-07-11,7792
2610,華航,39,29,10,國票-北投,2023-07-11,7792
6120,達運,16,6,10,國票-北投,2023-07-11,7792
6588,東典光電,10,0,10,國票-北投,2023-07-11,7792
9958,世紀鋼,9,0,9,國票-北投,2023-07-11,7792
2603,長榮,11,3,8,國票-北投,2023-07-11,7792
5465,富驊,8,0,8,國票-北投,2023-07-11,7792
6182,合晶,7,0,7,國票-北投,2023-07-11,7792
2328,廣宇,7,1,6,國票-北投,2023-07-11,7792
1609,大亞,13,7,6,國票-北投,2023-07-11,7792
2516,新建,6,0,6,國票-北投,2023-07-11,7792
3025,星通,6,0,6,國票-北投,2023-07-11,7792
4162,智擎,8,2,6,國票-北投,2023-07-11,7792
4526,東台,6,0,6,國票-北投,2023-07-11,7792
00920,富邦ESG綠色電力,5,0,5,國票-北投,2023-07-11,7792
1808,潤隆,5,0,5,國票-北投,2023-07-11,7792
2337,旺宏,5,0,5,國票-北投,2023-07-11,7792
3013,晟銘電,6,1,5,國票-北投,2023-07-11,7792
3374,精材,6,1,5,國票-北投,2023-07-11,7792
3518,柏騰,5,0,5,國票-北投,2023-07-11,7792
5209,新鼎,5,0,5,國票-北投,2023-07-11,7792
6625,必應,5,0,5,國票-北投,2023-07-11,7792
8930,青鋼,5,0,5,國票-北投,2023-07-11,7792
9907,統一實,5,0,5,國票-北投,2023-07-11,7792
9929,秋雨,5,0,5,國票-北投,2023-07-11,7792
2486,一詮,4,0,4,國票-北投,2023-07-11,7792
1909,榮成,55,0,55,國票-北投,2023-07-12,7792
2329,華泰,44,0,44,國票-北投,2023-07-12,7792
4746,台耀,37,1,36,國票-北投,2023-07-12,7792
6605,帝寶,36,0,36,國票-北投,2023-07-12,7792
6592,和潤企業,32,5,27,國票-北投,2023-07-12,7792
2332,友訊,26,1,25,國票-北投,2023-07-12,7792
4527,方土霖,25,2,23,國票-北投,2023-07-12,7792
00632R,元大台灣50反1,22,0,22,國票-北投,2023-07-12,7792
6120,達運,26,6,20,國票-北投,2023-07-12,7792
2603,長榮,36,18,18,國票-北投,2023-07-12,7792
2481,強茂,26,8,18,國票-北投,2023-07-12,7792
2618,長榮航,32,14,18,國票-北投,2023-07-12,7792
2610,華航,36,20,16,國票-北投,2023-07-12,7792
2312,金寶,21,5,16,國票-北投,2023-07-12,7792
2067,嘉鋼,15,0,15,國票-北投,2023-07-12,7792
2401,凌陽,13,0,13,國票-北投,2023-07-12,7792
2457,飛宏,17,4,13,國票-北投,2023-07-12,7792
2356,英業達,47,34,13,國票-北投,2023-07-12,7792
2745,五福,12,0,12,國票-北投,2023-07-12,7792
3037,欣興,13,1,12,國票-北投,2023-07-12,7792
3715,定穎投控,11,0,11,國票-北投,2023-07-12,7792
5439,高技,15,5,10,國票-北投,2023-07-12,7792
2408,南亞科,10,0,10,國票-北投,2023-07-12,7792
6175,立敦,10,0,10,國票-北投,2023-07-12,7792
6190,萬泰科,10,0,10,國票-北投,2023-07-12,7792
2328,廣宇,13,4,9,國票-北投,2023-07-12,7792
2303,聯電,13,5,8,國票-北投,2023-07-12,7792
2465,麗臺,8,0,8,國票-北投,2023-07-12,7792
3025,星通,10,2,8,國票-北投,2023-07-12,7792
2419,仲琦,9,2,7,國票-北投,2023-07-12,7792
4142,國光生,8,1,7,國票-北投,2023-07-12,7792
5425,台半,22,15,7,國票-北投,2023-07-12,7792
6111,大宇資,21,14,7,國票-北投,2023-07-12,7792
6282,康舒,10,3,7,國票-北投,2023-07-12,7792
2206,三陽工業,7,1,6,國票-北投,2023-07-12,7792
1785,光洋科,6,0,6,國票-北投,2023-07-12,7792
2409,友達,7,1,6,國票-北投,2023-07-12,7792
6788,華景電,6,0,6,國票-北投,2023-07-12,7792
1808,潤隆,5,0,5,國票-北投,2023-07-12,7792
2617,台航,5,0,5,國票-北投,2023-07-12,7792
3049,精金,5,0,5,國票-北投,2023-07-12,7792
3114,好德,7,2,5,國票-北投,2023-07-12,7792
3138,耀登,5,0,5,國票-北投,2023-07-12,7792
3362,先進光,5,0,5,國票-北投,2023-07-12,7792
3450,聯鈞,5,0,5,國票-北投,2023-07-12,7792
5426,振發,5,0,5,國票-北投,2023-07-12,7792
6164,華興,5,0,5,國票-北投,2023-07-12,7792
9958,世紀鋼,5,0,5,國票-北投,2023-07-12,7792
1101,台泥,5,0,5,國票-北投,2023-07-12,7792
1701,中化,4,0,4,國票-北投,2023-07-12,7792
1326,台化,50,0,50,國票-北投,2023-07-13,7792
2618,長榮航,44,1,43,國票-北投,2023-07-13,7792
2344,華邦電,72,31,41,國票-北投,2023-07-13,7792
6282,康舒,66,29,37,國票-北投,2023-07-13,7792
00632R,元大台灣50反1,37,3,34,國票-北投,2023-07-13,7792
1618,合機,35,5,30,國票-北投,2023-07-13,7792
2067,嘉鋼,25,0,25,國票-北投,2023-07-13,7792
2371,大同,28,4,24,國票-北投,2023-07-13,7792
2455,全新,26,2,24,國票-北投,2023-07-13,7792
2498,宏達電,23,0,23,國票-北投,2023-07-13,7792
1513,中興電,26,4,22,國票-北投,2023-07-13,7792
1714,和桐,20,0,20,國票-北投,2023-07-13,7792
3521,鴻翊,20,0,20,國票-北投,2023-07-13,7792
3707,漢磊,20,0,20,國票-北投,2023-07-13,7792
1471,首利,30,11,19,國票-北投,2023-07-13,7792
1609,大亞,21,2,19,國票-北投,2023-07-13,7792
8050,廣積,19,1,18,國票-北投,2023-07-13,7792
1503,士電,17,0,17,國票-北投,2023-07-13,7792
1718,中纖,17,0,17,國票-北投,2023-07-13,7792
2323,中環,30,13,17,國票-北投,2023-07-13,7792
2340,台亞,20,3,17,國票-北投,2023-07-13,7792
5469,瀚宇博,15,0,15,國票-北投,2023-07-13,7792
00922,國泰台灣領袖50,14,0,14,國票-北投,2023-07-13,7792
3189,景碩,16,4,12,國票-北投,2023-07-13,7792
2353,宏��,22,11,11,國票-北投,2023-07-13,7792
00664R,國泰臺灣加權反1,10,0,10,國票-北投,2023-07-13,7792
1711,永光,10,0,10,國票-北投,2023-07-13,7792
2337,旺宏,11,1,10,國票-北投,2023-07-13,7792
2369,菱生,10,0,10,國票-北投,2023-07-13,7792
2427,三商電,10,0,10,國票-北投,2023-07-13,7792
3306,鼎天,13,3,10,國票-北投,2023-07-13,7792
4583,台灣精銳,11,1,10,國票-北投,2023-07-13,7792
6116,彩晶,10,0,10,國票-北投,2023-07-13,7792
8171,天宇,10,0,10,國票-北投,2023-07-13,7792
8358,金居,10,0,10,國票-北投,2023-07-13,7792
1605,華新,12,3,9,國票-北投,2023-07-13,7792
2481,強茂,9,0,9,國票-北投,2023-07-13,7792
3207,耀勝,10,1,9,國票-北投,2023-07-13,7792
4906,正文,16,8,8,國票-北投,2023-07-13,7792
5410,國眾,7,0,7,國票-北投,2023-07-13,7792
8021,尖點,7,0,7,國票-北投,2023-07-13,7792
3374,精材,7,0,7,國票-北投,2023-07-13,7792
2603,長榮,12,6,6,國票-北投,2023-07-13,7792
2303,聯電,10,4,6,國票-北投,2023-07-13,7792
2891,中信金,6,0,6,國票-北投,2023-07-13,7792
4532,瑞智,8,2,6,國票-北投,2023-07-13,7792
6190,萬泰科,14,8,6,國票-北投,2023-07-13,7792
6182,合晶,5,0,5,國票-北投,2023-07-13,7792
3231,緯創,39,34,5,國票-北投,2023-07-13,7792
1477,聚陽,5,0,5,國票-北投,2023-07-13,7792
2610,華航,125,9,116,國票-北投,2023-07-14,7792
2323,中環,101,12,89,國票-北投,2023-07-14,7792
2402,毅嘉,80,1,79,國票-北投,2023-07-14,7792
2006,東和鋼鐵,50,0,50,國票-北投,2023-07-14,7792
2618,長榮航,37,6,31,國票-北投,2023-07-14,7792
3521,鴻翊,30,0,30,國票-北投,2023-07-14,7792
2329,華泰,69,41,28,國票-北投,2023-07-14,7792
00929,復華台灣科技優息,16,1,15,國票-北投,2023-07-14,7792
00673R,期元大S＆P原油反1,15,0,15,國票-北投,2023-07-14,7792
2382,廣達,47,32,15,國票-北投,2023-07-14,7792
2328,廣宇,16,2,14,國票-北投,2023-07-14,7792
2455,全新,13,1,12,國票-北投,2023-07-14,7792
2633,台灣高鐵,12,0,12,國票-北投,2023-07-14,7792
3033,威健,13,2,11,國票-北投,2023-07-14,7792
00664R,國泰臺灣加權反1,10,0,10,國票-北投,2023-07-14,7792
1722,台肥,10,0,10,國票-北投,2023-07-14,7792
1504,東元,22,12,10,國票-北投,2023-07-14,7792
2705,六福,30,20,10,國票-北投,2023-07-14,7792
2745,五福,26,16,10,國票-北投,2023-07-14,7792
2812,台中銀,10,0,10,國票-北投,2023-07-14,7792
3207,耀勝,10,0,10,國票-北投,2023-07-14,7792
3576,聯合再生,10,0,10,國票-北投,2023-07-14,7792
4744,皇將,10,0,10,國票-北投,2023-07-14,7792
6175,立敦,10,0,10,國票-北投,2023-07-14,7792
6443,元晶,10,0,10,國票-北投,2023-07-14,7792
6579,研揚,10,0,10,國票-北投,2023-07-14,7792
1808,潤隆,9,0,9,國票-北投,2023-07-14,7792
2312,金寶,14,5,9,國票-北投,2023-07-14,7792
1605,華新,10,2,8,國票-北投,2023-07-14,7792
2371,大同,23,15,8,國票-北投,2023-07-14,7792
1905,華紙,10,3,7,國票-北投,2023-07-14,7792
2409,友達,11,4,7,國票-北投,2023-07-14,7792
2301,光寶科,24,17,7,國票-北投,2023-07-14,7792
2367,燿華,6,0,6,國票-北投,2023-07-14,7792
2634,漢翔,7,1,6,國票-北投,2023-07-14,7792
8933,愛地雅,5,0,5,國票-北投,2023-07-14,7792
00701,國泰股利精選30,5,0,5,國票-北投,2023-07-14,7792
1434,福懋,5,0,5,國票-北投,2023-07-14,7792
2484,希華,5,0,5,國票-北投,2023-07-14,7792
2609,陽明,11,6,5,國票-北投,2023-07-14,7792
3016,嘉晶,5,0,5,國票-北投,2023-07-14,7792
3049,精金,5,0,5,國票-北投,2023-07-14,7792
3499,環天科,5,0,5,國票-北投,2023-07-14,7792
3704,合勤控,8,3,5,國票-北投,2023-07-14,7792
4916,事欣科,5,0,5,國票-北投,2023-07-14,7792
6190,萬泰科,7,2,5,國票-北投,2023-07-14,7792
6235,華孚,18,13,5,國票-北投,2023-07-14,7792
3293,鈊象,5,0,5,國票-北投,2023-07-14,7792
1536,和大,4,0,4,國票-北投,2023-07-14,7792
1609,大亞,5,1,4,國票-北投,2023-07-14,7792
2888,新光金,1600,41,1559,國票-北投,2023-07-17,7792
3481,群創,104,46,58,國票-北投,2023-07-17,7792
2324,仁寶,58,13,45,國票-北投,2023-07-17,7792
3231,緯創,42,0,42,國票-北投,2023-07-17,7792
2382,廣達,64,24,40,國票-北投,2023-07-17,7792
2006,東和鋼鐵,31,0,31,國票-北投,2023-07-17,7792
2316,楠梓電,30,0,30,國票-北投,2023-07-17,7792
6605,帝寶,30,0,30,國票-北投,2023-07-17,7792
00929,復華台灣科技優息,25,0,25,國票-北投,2023-07-17,7792
6111,大宇資,25,0,25,國票-北投,2023-07-17,7792
2481,強茂,37,12,25,國票-北投,2023-07-17,7792
2371,大同,31,11,20,國票-北投,2023-07-17,7792
8222,寶一,21,1,20,國票-北投,2023-07-17,7792
2498,宏達電,19,0,19,國票-北投,2023-07-17,7792
2610,華航,36,22,14,國票-北投,2023-07-17,7792
2355,敬鵬,15,1,14,國票-北投,2023-07-17,7792
2388,威盛,22,8,14,國票-北投,2023-07-17,7792
2812,台中銀,13,0,13,國票-北投,2023-07-17,7792
1444,力麗,10,0,10,國票-北投,2023-07-17,7792
2030,彰源,10,0,10,國票-北投,2023-07-17,7792
2515,中工,10,0,10,國票-北投,2023-07-17,7792
3207,耀勝,10,0,10,國票-北投,2023-07-17,7792
3567,逸昌,10,0,10,國票-北投,2023-07-17,7792
3037,欣興,10,1,9,國票-北投,2023-07-17,7792
3071,協禧,10,1,9,國票-北投,2023-07-17,7792
8050,廣積,13,4,9,國票-北投,2023-07-17,7792
3017,奇鋐,16,8,8,國票-北投,2023-07-17,7792
6470,宇智,8,0,8,國票-北投,2023-07-17,7792
00637L,元大滬深300正2,10,3,7,國票-北投,2023-07-17,7792
2492,華新科,8,1,7,國票-北投,2023-07-17,7792
4919,新唐,7,0,7,國票-北投,2023-07-17,7792
6203,海韻電,9,2,7,國票-北投,2023-07-17,7792
1802,台玻,6,0,6,國票-北投,2023-07-17,7792
3006,晶豪科,6,0,6,國票-北投,2023-07-17,7792
4934,太極,6,0,6,國票-北投,2023-07-17,7792
2312,金寶,30,25,5,國票-北投,2023-07-17,7792
00882,中信中國高股息,5,0,5,國票-北投,2023-07-17,7792
00795B,中信美國公債20年,5,0,5,國票-北投,2023-07-17,7792
1217,愛之味,5,0,5,國票-北投,2023-07-17,7792
1402,遠東新,5,0,5,國票-北投,2023-07-17,7792
1503,士電,5,0,5,國票-北投,2023-07-17,7792
1808,潤隆,5,0,5,國票-北投,2023-07-17,7792
2314,台揚,8,3,5,國票-北投,2023-07-17,7792
2328,廣宇,7,2,5,國票-北投,2023-07-17,7792
2867,三商壽,5,0,5,國票-北投,2023-07-17,7792
2892,第一金,5,0,5,國票-北投,2023-07-17,7792
3036,文曄,5,0,5,國票-北投,2023-07-17,7792
5386,青雲,5,0,5,國票-北投,2023-07-17,7792
1513,中興電,14,10,4,國票-北投,2023-07-17,7792
1231,聯華食,4,0,4,國票-北投,2023-07-17,7792
00929,復華台灣科技優息,455,0,455,國票-北投,2023-07-18,7792
6187,萬潤,53,0,53,國票-北投,2023-07-18,7792
2356,英業達,79,41,38,國票-北投,2023-07-18,7792
1609,大亞,39,3,36,國票-北投,2023-07-18,7792
2453,凌群,31,0,31,國票-北投,2023-07-18,7792
1522,堤維西,30,0,30,國票-北投,2023-07-18,7792
2610,華航,44,14,30,國票-北投,2023-07-18,7792
2402,毅嘉,31,2,29,國票-北投,2023-07-18,7792
3025,星通,42,15,27,國票-北投,2023-07-18,7792
2352,佳世達,38,13,25,國票-北投,2023-07-18,7792
5009,榮剛,24,1,23,國票-北投,2023-07-18,7792
2371,大同,35,13,22,國票-北投,2023-07-18,7792
2486,一詮,22,0,22,國票-北投,2023-07-18,7792
5469,瀚宇博,23,1,22,國票-北投,2023-07-18,7792
3521,鴻翊,20,0,20,國票-北投,2023-07-18,7792
4960,誠美材,20,0,20,國票-北投,2023-07-18,7792
6182,合晶,20,1,19,國票-北投,2023-07-18,7792
2303,聯電,18,2,16,國票-北投,2023-07-18,7792
2481,強茂,60,44,16,國票-北投,2023-07-18,7792
8171,天宇,16,0,16,國票-北投,2023-07-18,7792
6442,光聖,15,0,15,國票-北投,2023-07-18,7792
4938,和碩,58,44,14,國票-北投,2023-07-18,7792
1514,亞力,15,4,11,國票-北投,2023-07-18,7792
1808,潤隆,11,0,11,國票-北投,2023-07-18,7792
6282,康舒,28,17,11,國票-北投,2023-07-18,7792
1909,榮成,10,0,10,國票-北投,2023-07-18,7792
2301,光寶科,13,3,10,國票-北投,2023-07-18,7792
3049,精金,10,0,10,國票-北投,2023-07-18,7792
5465,富驊,10,0,10,國票-北投,2023-07-18,7792
6120,達運,10,0,10,國票-北投,2023-07-18,7792
6188,廣明,22,12,10,國票-北投,2023-07-18,7792
8358,金居,10,0,10,國票-北投,2023-07-18,7792
2449,京元電子,13,3,10,國票-北投,2023-07-18,7792
00882,中信中國高股息,9,0,9,國票-北投,2023-07-18,7792
8936,國統,9,0,9,國票-北投,2023-07-18,7792
2515,中工,8,0,8,國票-北投,2023-07-18,7792
2368,金像電,9,2,7,國票-北投,2023-07-18,7792
3712,永崴投控,7,0,7,國票-北投,2023-07-18,7792
3227,原相,6,0,6,國票-北投,2023-07-18,7792
1402,遠東新,6,0,6,國票-北投,2023-07-18,7792
2374,佳能,10,4,6,國票-北投,2023-07-18,7792
3703,欣陸,6,0,6,國票-北投,2023-07-18,7792
0056,元大高股息,24,18,6,國票-北投,2023-07-18,7792
2425,承啟,8,2,6,國票-北投,2023-07-18,7792
00735,國泰臺韓科技,5,0,5,國票-北投,2023-07-18,7792
1313,聯成,8,3,5,國票-北投,2023-07-18,7792
00927,群益半導體收益,5,0,5,國票-北投,2023-07-18,7792
2027,大成鋼,5,0,5,國票-北投,2023-07-18,7792
2812,台中銀,5,0,5,國票-北投,2023-07-18,7792
3016,嘉晶,5,0,5,國票-北投,2023-07-18,7792
3037,欣興,208,11,197,國票-北投,2023-07-19,7792
2603,長榮,106,0,106,國票-北投,2023-07-19,7792
2610,華航,44,1,43,國票-北投,2023-07-19,7792
2399,映泰,40,0,40,國票-北投,2023-07-19,7792
4919,新唐,36,2,34,國票-北投,2023-07-19,7792
2515,中工,36,2,34,國票-北投,2023-07-19,7792
8050,廣積,33,1,32,國票-北投,2023-07-19,7792
3038,全台,20,0,20,國票-北投,2023-07-19,7792
2382,廣達,27,8,19,國票-北投,2023-07-19,7792
2324,仁寶,23,5,18,國票-北投,2023-07-19,7792
0056,元大高股息,23,6,17,國票-北投,2023-07-19,7792
2356,英業達,82,65,17,國票-北投,2023-07-19,7792
1513,中興電,16,1,15,國票-北投,2023-07-19,7792
2618,長榮航,24,9,15,國票-北投,2023-07-19,7792
00929,復華台灣科技優息,12,0,12,國票-北投,2023-07-19,7792
5469,瀚宇博,15,3,12,國票-北投,2023-07-19,7792
2617,台航,11,0,11,國票-北投,2023-07-19,7792
4906,正文,11,0,11,國票-北投,2023-07-19,7792
6188,廣明,13,3,10,國票-北投,2023-07-19,7792
00878,國泰永續高股息,15,5,10,國票-北投,2023-07-19,7792
1701,中化,10,0,10,國票-北投,2023-07-19,7792
1909,榮成,10,0,10,國票-北投,2023-07-19,7792
3252,海灣,10,0,10,國票-北投,2023-07-19,7792
3518,柏騰,25,15,10,國票-北投,2023-07-19,7792
5222,全訊,10,0,10,國票-北投,2023-07-19,7792
1608,華榮,10,0,10,國票-北投,2023-07-19,7792
1217,愛之味,11,2,9,國票-北投,2023-07-19,7792
2412,中華電,10,1,9,國票-北投,2023-07-19,7792
2481,強茂,13,4,9,國票-北投,2023-07-19,7792
3071,協禧,12,3,9,國票-北投,2023-07-19,7792
3305,昇貿,9,0,9,國票-北投,2023-07-19,7792
2303,聯電,12,4,8,國票-北投,2023-07-19,7792
4938,和碩,12,4,8,國票-北投,2023-07-19,7792
1808,潤隆,8,0,8,國票-北投,2023-07-19,7792
2461,光群雷,12,4,8,國票-北投,2023-07-19,7792
4123,晟德,40,32,8,國票-北投,2023-07-19,7792
1584,精剛,8,1,7,國票-北投,2023-07-19,7792
2312,金寶,36,29,7,國票-北投,2023-07-19,7792
6235,華孚,13,6,7,國票-北投,2023-07-19,7792
00712,復華富時不動產,6,0,6,國票-北投,2023-07-19,7792
2301,光寶科,11,5,6,國票-北投,2023-07-19,7792
2313,華通,7,1,6,國票-北投,2023-07-19,7792
2354,鴻準,6,0,6,國票-北投,2023-07-19,7792
2883,凱基金,6,0,6,國票-北投,2023-07-19,7792
3189,景碩,6,0,6,國票-北投,2023-07-19,7792
6197,佳必琪,11,5,6,國票-北投,2023-07-19,7792
2353,宏��,25,19,6,國票-北投,2023-07-19,7792
3036,文曄,5,0,5,國票-北投,2023-07-19,7792
3049,精金,5,0,5,國票-北投,2023-07-19,7792
3338,泰碩,6,1,5,國票-北投,2023-07-19,7792
1326,台化,50,0,50,國票-北投,2023-07-20,7792
3038,全台,48,11,37,國票-北投,2023-07-20,7792
00900,富邦特選高股息30,30,6,24,國票-北投,2023-07-20,7792
4123,晟德,33,9,24,國票-北投,2023-07-20,7792
6112,邁達特,23,0,23,國票-北投,2023-07-20,7792
5347,世界,20,0,20,國票-北投,2023-07-20,7792
6282,康舒,18,1,17,國票-北投,2023-07-20,7792
1102,亞泥,16,0,16,國票-北投,2023-07-20,7792
1789,神隆,15,0,15,國票-北投,2023-07-20,7792
2303,聯電,19,5,14,國票-北投,2023-07-20,7792
2351,順德,12,0,12,國票-北投,2023-07-20,7792
6104,創惟,13,1,12,國票-北投,2023-07-20,7792
8033,雷虎,13,1,12,國票-北投,2023-07-20,7792
3706,神達,22,11,11,國票-北投,2023-07-20,7792
5706,鳳凰,16,5,11,國票-北投,2023-07-20,7792
8071,能率網通,12,1,11,國票-北投,2023-07-20,7792
3005,神基,11,0,11,國票-北投,2023-07-20,7792
00772B,中信高評級公司債,10,0,10,國票-北投,2023-07-20,7792
2329,華泰,14,4,10,國票-北投,2023-07-20,7792
6217,中探針,44,34,10,國票-北投,2023-07-20,7792
8050,廣積,12,2,10,國票-北投,2023-07-20,7792
2405,輔信,14,5,9,國票-北投,2023-07-20,7792
3037,欣興,7,0,7,國票-北投,2023-07-20,7792
4938,和碩,9,2,7,國票-北投,2023-07-20,7792
6244,茂迪,10,3,7,國票-北投,2023-07-20,7792
2337,旺宏,6,0,6,國票-北投,2023-07-20,7792
2881,富邦金,6,0,6,國票-北投,2023-07-20,7792
3663,鑫科,6,0,6,國票-北投,2023-07-20,7792
4746,台耀,5,0,5,國票-北投,2023-07-20,7792
00712,復華富時不動產,5,0,5,國票-北投,2023-07-20,7792
00795B,中信美國公債20年,5,0,5,國票-北投,2023-07-20,7792
1734,杏輝,5,0,5,國票-北投,2023-07-20,7792
2705,六福,40,35,5,國票-北投,2023-07-20,7792
3071,協禧,7,2,5,國票-北投,2023-07-20,7792
3105,穩懋,5,0,5,國票-北投,2023-07-20,7792
3264,欣銓,8,3,5,國票-北投,2023-07-20,7792
8409,商之器,5,0,5,國票-北投,2023-07-20,7792
1618,合機,4,0,4,國票-北投,2023-07-20,7792
1503,士電,5,1,4,國票-北投,2023-07-20,7792
1471,首利,4,0,4,國票-北投,2023-07-20,7792
2201,裕隆,29,25,4,國票-北投,2023-07-20,7792
2488,漢平,4,0,4,國票-北投,2023-07-20,7792
3036,文曄,4,0,4,國票-北投,2023-07-20,7792
4142,國光生,4,0,4,國票-北投,2023-07-20,7792
6285,啟��,4,0,4,國票-北投,2023-07-20,7792
1210,大成,4,0,4,國票-北投,2023-07-20,7792
3362,先進光,14,10,4,國票-北投,2023-07-20,7792
3231,緯創,4,1,3,國票-北投,2023-07-20,7792
3227,原相,3,0,3,國票-北投,2023-07-20,7792
00919,群益台灣精選高息,3,0,3,國票-北投,2023-07-20,7792
6116,彩晶,103,0,103,國票-北投,2023-07-21,7792
8064,東捷,44,0,44,國票-北投,2023-07-21,7792
1514,亞力,26,2,24,國票-北投,2023-07-21,7792
2303,聯電,23,1,22,國票-北投,2023-07-21,7792
8222,寶一,23,1,22,國票-北投,2023-07-21,7792
3025,星通,21,1,20,國票-北投,2023-07-21,7792
2027,大成鋼,19,0,19,國票-北投,2023-07-21,7792
2312,金寶,17,0,17,國票-北投,2023-07-21,7792
1736,喬山,18,3,15,國票-北投,2023-07-21,7792
4906,正文,15,0,15,國票-北投,2023-07-21,7792
2330,台積電,25,10,15,國票-北投,2023-07-21,7792
1513,中興電,21,8,13,國票-北投,2023-07-21,7792
3038,全台,17,4,13,國票-北投,2023-07-21,7792
2392,正崴,12,0,12,國票-北投,2023-07-21,7792
2515,中工,12,0,12,國票-北投,2023-07-21,7792
2887,台新金,11,0,11,國票-北投,2023-07-21,7792
4164,承業醫,11,0,11,國票-北投,2023-07-21,7792
2736,富野,10,0,10,國票-北投,2023-07-21,7792
3055,蔚華科,11,1,10,國票-北投,2023-07-21,7792
1727,中華化,14,5,9,國票-北投,2023-07-21,7792
6112,邁達特,28,19,9,國票-北投,2023-07-21,7792
3051,力特,9,0,9,國票-北投,2023-07-21,7792
0050,元大台灣50,8,0,8,國票-北投,2023-07-21,7792
1909,榮成,7,0,7,國票-北投,2023-07-21,7792
2317,鴻海,8,1,7,國票-北投,2023-07-21,7792
2354,鴻準,7,0,7,國票-北投,2023-07-21,7792
2734,易飛網,8,1,7,國票-北投,2023-07-21,7792
2351,順德,6,0,6,國票-北投,2023-07-21,7792
3376,新日興,6,0,6,國票-北投,2023-07-21,7792
2382,廣達,26,21,5,國票-北投,2023-07-21,7792
1102,亞泥,5,0,5,國票-北投,2023-07-21,7792
00637L,元大滬深300正2,8,3,5,國票-北投,2023-07-21,7792
00795B,中信美國公債20年,5,0,5,國票-北投,2023-07-21,7792
1789,神隆,5,0,5,國票-北投,2023-07-21,7792
2067,嘉鋼,5,0,5,國票-北投,2023-07-21,7792
2301,光寶科,22,17,5,國票-北投,2023-07-21,7792
3049,精金,5,0,5,國票-北投,2023-07-21,7792
3357,臺慶科,5,0,5,國票-北投,2023-07-21,7792
4967,十銓,5,0,5,國票-北投,2023-07-21,7792
5425,台半,5,0,5,國票-北投,2023-07-21,7792
6282,康舒,8,3,5,國票-北投,2023-07-21,7792
6530,創威,6,1,5,國票-北投,2023-07-21,7792
2637,慧洋-KY,4,0,4,國票-北投,2023-07-21,7792
00929,復華台灣科技優息,4,0,4,國票-北投,2023-07-21,7792
3189,景碩,4,0,4,國票-北投,2023-07-21,7792
3305,昇貿,5,1,4,國票-北投,2023-07-21,7792
2324,仁寶,12,9,3,國票-北投,2023-07-21,7792
4938,和碩,7,4,3,國票-北投,2023-07-21,7792
8046,南電,4,1,3,國票-北投,2023-07-21,7792
2454,聯發科,3,0,3,國票-北投,2023-07-21,7792
2610,華航,44,1,43,國票-北投,2023-07-24,7792
6112,邁達特,37,0,37,國票-北投,2023-07-24,7792
2453,凌群,32,0,32,國票-北投,2023-07-24,7792
2014,中鴻,21,1,20,國票-北投,2023-07-24,7792
2419,仲琦,18,0,18,國票-北投,2023-07-24,7792
3264,欣銓,17,0,17,國票-北投,2023-07-24,7792
3025,星通,20,5,15,國票-北投,2023-07-24,7792
2340,台亞,21,8,13,國票-北投,2023-07-24,7792
2461,光群雷,14,1,13,國票-北投,2023-07-24,7792
2002,中鋼,12,0,12,國票-北投,2023-07-24,7792
3105,穩懋,13,1,12,國票-北投,2023-07-24,7792
2352,佳世達,11,0,11,國票-北投,2023-07-24,7792
1504,東元,24,13,11,國票-北投,2023-07-24,7792
2303,聯電,11,0,11,國票-北投,2023-07-24,7792
2353,宏��,36,25,11,國票-北投,2023-07-24,7792
3017,奇鋐,13,2,11,國票-北投,2023-07-24,7792
1904,正隆,10,0,10,國票-北投,2023-07-24,7792
5452,佶優,10,0,10,國票-北投,2023-07-24,7792
6111,大宇資,10,0,10,國票-北投,2023-07-24,7792
8171,天宇,10,0,10,國票-北投,2023-07-24,7792
3207,耀勝,10,1,9,國票-北投,2023-07-24,7792
3481,群創,21,12,9,國票-北投,2023-07-24,7792
2887,台新金,8,0,8,國票-北投,2023-07-24,7792
1612,宏泰,7,0,7,國票-北投,2023-07-24,7792
2301,光寶科,27,20,7,國票-北投,2023-07-24,7792
2357,華碩,11,4,7,國票-北投,2023-07-24,7792
2630,亞航,7,0,7,國票-北投,2023-07-24,7792
3362,先進光,8,2,6,國票-北投,2023-07-24,7792
2891,中信金,7,1,6,國票-北投,2023-07-24,7792
4916,事欣科,8,2,6,國票-北投,2023-07-24,7792
8064,東捷,6,0,6,國票-北投,2023-07-24,7792
2406,國碩,5,0,5,國票-北投,2023-07-24,7792
1560,中砂,5,0,5,國票-北投,2023-07-24,7792
2603,長榮,6,1,5,國票-北投,2023-07-24,7792
1752,南光,5,0,5,國票-北投,2023-07-24,7792
1218,泰山,5,0,5,國票-北投,2023-07-24,7792
2239,英利-KY,5,0,5,國票-北投,2023-07-24,7792
2538,基泰,5,0,5,國票-北投,2023-07-24,7792
3013,晟銘電,17,12,5,國票-北投,2023-07-24,7792
3114,好德,5,0,5,國票-北投,2023-07-24,7792
4306,炎洲,5,0,5,國票-北投,2023-07-24,7792
5258,虹堡,5,0,5,國票-北投,2023-07-24,7792
6129,普誠,5,0,5,國票-北投,2023-07-24,7792
6158,禾昌,5,0,5,國票-北投,2023-07-24,7792
6592,和潤企業,5,0,5,國票-北投,2023-07-24,7792
8028,昇陽半導體,10,5,5,國票-北投,2023-07-24,7792
2637,慧洋-KY,4,0,4,國票-北投,2023-07-24,7792
2317,鴻海,4,0,4,國票-北投,2023-07-24,7792
2421,建準,11,7,4,國票-北投,2023-07-24,7792
2889,國票金,4,0,4,國票-北投,2023-07-24,7792
3037,欣興,62,6,56,國票-北投,2023-07-25,7792
2888,新光金,50,15,35,國票-北投,2023-07-25,7792
5347,世界,32,0,32,國票-北投,2023-07-25,7792
2382,廣達,46,20,26,國票-北投,2023-07-25,7792
2610,華航,41,19,22,國票-北投,2023-07-25,7792
00772B,中信高評級公司債,20,0,20,國票-北投,2023-07-25,7792
00687B,國泰20年美債,20,0,20,國票-北投,2023-07-25,7792
2609,陽明,18,1,17,國票-北投,2023-07-25,7792
2301,光寶科,30,14,16,國票-北投,2023-07-25,7792
1605,華新,14,0,14,國票-北投,2023-07-25,7792
2449,京元電子,13,1,12,國票-北投,2023-07-25,7792
3450,聯鈞,19,8,11,國票-北投,2023-07-25,7792
6120,達運,11,0,11,國票-北投,2023-07-25,7792
00673R,期元大S＆P原油反1,10,0,10,國票-北投,2023-07-25,7792
2736,富野,10,0,10,國票-北投,2023-07-25,7792
3706,神達,12,2,10,國票-北投,2023-07-25,7792
3707,漢磊,10,0,10,國票-北投,2023-07-25,7792
4916,事欣科,10,0,10,國票-北投,2023-07-25,7792
8150,南茂,10,0,10,國票-北投,2023-07-25,7792
00632R,元大台灣50反1,9,0,9,國票-北投,2023-07-25,7792
1101,台泥,10,1,9,國票-北投,2023-07-25,7792
2425,承啟,11,2,9,國票-北投,2023-07-25,7792
2618,長榮航,12,3,9,國票-北投,2023-07-25,7792
1513,中興電,14,6,8,國票-北投,2023-07-25,7792
1612,宏泰,12,5,7,國票-北投,2023-07-25,7792
3596,智易,7,0,7,國票-北投,2023-07-25,7792
2634,漢翔,9,3,6,國票-北投,2023-07-25,7792
1301,台塑,6,0,6,國票-北投,2023-07-25,7792
1503,士電,6,0,6,國票-北投,2023-07-25,7792
00929,復華台灣科技優息,11,5,6,國票-北投,2023-07-25,7792
1905,華紙,9,3,6,國票-北投,2023-07-25,7792
2402,毅嘉,16,10,6,國票-北投,2023-07-25,7792
3338,泰碩,13,7,6,國票-北投,2023-07-25,7792
5386,青雲,6,0,6,國票-北投,2023-07-25,7792
2355,敬鵬,6,0,6,國票-北投,2023-07-25,7792
5483,中美晶,6,0,6,國票-北投,2023-07-25,7792
00680L,元大美債20正2,6,1,5,國票-北投,2023-07-25,7792
1909,榮成,5,0,5,國票-北投,2023-07-25,7792
2347,聯強,5,0,5,國票-北投,2023-07-25,7792
2376,技嘉,13,8,5,國票-北投,2023-07-25,7792
2406,國碩,5,0,5,國票-北投,2023-07-25,7792
2838,聯邦銀,5,0,5,國票-北投,2023-07-25,7792
5309,系統電,5,0,5,國票-北投,2023-07-25,7792
6112,邁達特,6,1,5,國票-北投,2023-07-25,7792
6414,樺漢,5,0,5,國票-北投,2023-07-25,7792
6182,合晶,4,0,4,國票-北投,2023-07-25,7792
2303,聯電,14,10,4,國票-北投,2023-07-25,7792
2419,仲琦,6,2,4,國票-北投,2023-07-25,7792
2745,五福,4,0,4,國票-北投,2023-07-25,7792
3014,聯陽,4,0,4,國票-北投,2023-07-25,7792
00929,復華台灣科技優息,163,6,157,國票-北投,2023-07-26,7792
1210,大成,100,0,100,國票-北投,2023-07-26,7792
1504,東元,50,13,37,國票-北投,2023-07-26,7792
2329,華泰,65,28,37,國票-北投,2023-07-26,7792
2465,麗臺,35,0,35,國票-北投,2023-07-26,7792
2913,農林,31,0,31,國票-北投,2023-07-26,7792
6166,凌華,30,1,29,國票-北投,2023-07-26,7792
2402,毅嘉,33,7,26,國票-北投,2023-07-26,7792
2371,大同,25,0,25,國票-北投,2023-07-26,7792
6290,良維,27,6,21,國票-北投,2023-07-26,7792
00687B,國泰20年美債,20,0,20,國票-北投,2023-07-26,7792
6188,廣明,27,9,18,國票-北投,2023-07-26,7792
2354,鴻準,16,0,16,國票-北投,2023-07-26,7792
8064,東捷,16,0,16,國票-北投,2023-07-26,7792
3689,湧德,14,0,14,國票-北投,2023-07-26,7792
6112,邁達特,20,6,14,國票-北投,2023-07-26,7792
1618,合機,17,3,14,國票-北投,2023-07-26,7792
2303,聯電,12,0,12,國票-北投,2023-07-26,7792
1217,愛之味,12,0,12,國票-北投,2023-07-26,7792
3706,神達,12,0,12,國票-北投,2023-07-26,7792
2887,台新金,12,0,12,國票-北投,2023-07-26,7792
00900,富邦特選高股息30,11,0,11,國票-北投,2023-07-26,7792
2884,玉山金,10,0,10,國票-北投,2023-07-26,7792
1522,堤維西,10,0,10,國票-北投,2023-07-26,7792
2331,精英,10,0,10,國票-北投,2023-07-26,7792
2886,兆豐金,10,0,10,國票-北投,2023-07-26,7792
3027,盛達,10,0,10,國票-北投,2023-07-26,7792
3284,太普高,10,0,10,國票-北投,2023-07-26,7792
3290,東浦,10,0,10,國票-北投,2023-07-26,7792
5351,鈺創,10,0,10,國票-北投,2023-07-26,7792
8105,凌巨,10,0,10,國票-北投,2023-07-26,7792
2618,長榮航,9,0,9,國票-北投,2023-07-26,7792
00922,國泰台灣領袖50,8,0,8,國票-北投,2023-07-26,7792
4744,皇將,8,0,8,國票-北投,2023-07-26,7792
6841,長佳智能,12,5,7,國票-北投,2023-07-26,7792
2067,嘉鋼,7,0,7,國票-北投,2023-07-26,7792
3450,聯鈞,13,6,7,國票-北投,2023-07-26,7792
6218,豪勉,7,0,7,國票-北投,2023-07-26,7792
8234,新漢,7,0,7,國票-北投,2023-07-26,7792
8358,金居,16,9,7,國票-北投,2023-07-26,7792
5425,台半,6,0,6,國票-北投,2023-07-26,7792
5706,鳳凰,7,1,6,國票-北投,2023-07-26,7792
1513,中興電,5,0,5,國票-北投,2023-07-26,7792
3702,大聯大,6,1,5,國票-北投,2023-07-26,7792
6125,廣運,5,0,5,國票-北投,2023-07-26,7792
00637L,元大滬深300正2,8,3,5,國票-北投,2023-07-26,7792
1587,吉茂,5,0,5,國票-北投,2023-07-26,7792
1734,杏輝,5,0,5,國票-北投,2023-07-26,7792
1789,神隆,5,0,5,國票-北投,2023-07-26,7792
1815,富喬,5,0,5,國票-北投,2023-07-26,7792
2888,新光金,124,15,109,國票-北投,2023-07-27,7792
2353,宏��,82,11,71,國票-北投,2023-07-27,7792
2603,長榮,56,1,55,國票-北投,2023-07-27,7792
6257,矽格,40,0,40,國票-北投,2023-07-27,7792
1710,東聯,32,0,32,國票-北投,2023-07-27,7792
6116,彩晶,35,3,32,國票-北投,2023-07-27,7792
00713,元大台灣高息低波,20,0,20,國票-北投,2023-07-27,7792
3024,憶聲,20,0,20,國票-北投,2023-07-27,7792
3059,華晶科,20,0,20,國票-北投,2023-07-27,7792
3205,佰研,17,0,17,國票-北投,2023-07-27,7792
6747,亨泰光,15,0,15,國票-北投,2023-07-27,7792
8109,博大,15,1,14,國票-北投,2023-07-27,7792
1905,華紙,22,9,13,國票-北投,2023-07-27,7792
8028,昇陽半導體,14,1,13,國票-北投,2023-07-27,7792
1815,富喬,13,1,12,國票-北投,2023-07-27,7792
3006,晶豪科,12,0,12,國票-北投,2023-07-27,7792
1587,吉茂,11,0,11,國票-北投,2023-07-27,7792
2002,中鋼,15,4,11,國票-北投,2023-07-27,7792
00712,復華富時不動產,10,0,10,國票-北投,2023-07-27,7792
00687B,國泰20年美債,10,0,10,國票-北投,2023-07-27,7792
1432,大魯閣,10,0,10,國票-北投,2023-07-27,7792
1736,喬山,13,3,10,國票-北投,2023-07-27,7792
4532,瑞智,13,3,10,國票-北投,2023-07-27,7792
3081,聯亞,9,0,9,國票-北投,2023-07-27,7792
4906,正文,9,0,9,國票-北投,2023-07-27,7792
2303,聯電,10,1,9,國票-北投,2023-07-27,7792
3189,景碩,8,0,8,國票-北投,2023-07-27,7792
6672,騰輝電子-KY,8,0,8,國票-北投,2023-07-27,7792
8064,東捷,8,0,8,國票-北投,2023-07-27,7792
6015,宏遠證,7,0,7,國票-北投,2023-07-27,7792
3305,昇貿,7,1,6,國票-北投,2023-07-27,7792
1514,亞力,6,0,6,國票-北投,2023-07-27,7792
2324,仁寶,7,1,6,國票-北投,2023-07-27,7792
3532,台勝科,6,0,6,國票-北投,2023-07-27,7792
4967,十銓,6,0,6,國票-北投,2023-07-27,7792
6609,瀧澤科,6,0,6,國票-北投,2023-07-27,7792
1210,大成,5,0,5,國票-北投,2023-07-27,7792
00673R,期元大S＆P原油反1,5,0,5,國票-北投,2023-07-27,7792
2359,所羅門,16,11,5,國票-北投,2023-07-27,7792
2399,映泰,5,0,5,國票-北投,2023-07-27,7792
2601,益航,5,0,5,國票-北投,2023-07-27,7792
2745,五福,5,0,5,國票-北投,2023-07-27,7792
3231,緯創,6,1,5,國票-北投,2023-07-27,7792
3265,台星科,7,2,5,國票-北投,2023-07-27,7792
3706,神達,7,2,5,國票-北投,2023-07-27,7792
6205,詮欣,5,0,5,國票-北投,2023-07-27,7792
6426,統新,5,0,5,國票-北投,2023-07-27,7792
8433,弘帆,5,0,5,國票-北投,2023-07-27,7792
1560,中砂,10,6,4,國票-北投,2023-07-27,7792
00633L,富邦上証正2,4,0,4,國票-北投,2023-07-27,7792
2002,中鋼,204,0,204,國票-北投,2023-07-28,7792
1815,富喬,106,21,85,國票-北投,2023-07-28,7792
00679B,元大美債20年,80,0,80,國票-北投,2023-07-28,7792
1802,台玻,42,0,42,國票-北投,2023-07-28,7792
2303,聯電,39,12,27,國票-北投,2023-07-28,7792
2610,華航,24,0,24,國票-北投,2023-07-28,7792
1905,華紙,86,62,24,國票-北投,2023-07-28,7792
00687B,國泰20年美債,21,0,21,國票-北投,2023-07-28,7792
1504,東元,22,1,21,國票-北投,2023-07-28,7792
1319,東陽,18,2,16,國票-北投,2023-07-28,7792
2356,英業達,21,6,15,國票-北投,2023-07-28,7792
3231,緯創,47,33,14,國票-北投,2023-07-28,7792
2605,新興,15,1,14,國票-北投,2023-07-28,7792
020033,統一�琤肮黕篾,12,0,12,國票-北投,2023-07-28,7792
3625,西勝,11,0,11,國票-北投,2023-07-28,7792
8064,東捷,11,0,11,國票-北投,2023-07-28,7792
1907,永豐餘,10,0,10,國票-北投,2023-07-28,7792
2428,興勤,10,0,10,國票-北投,2023-07-28,7792
2885,元大金,10,0,10,國票-北投,2023-07-28,7792
4105,東洋,10,0,10,國票-北投,2023-07-28,7792
4973,廣穎,12,3,9,國票-北投,2023-07-28,7792
6282,康舒,29,20,9,國票-北投,2023-07-28,7792
6117,迎廣,8,0,8,國票-北投,2023-07-28,7792
1587,吉茂,7,0,7,國票-北投,2023-07-28,7792
1736,喬山,7,0,7,國票-北投,2023-07-28,7792
5871,中租-KY,7,0,7,國票-北投,2023-07-28,7792
6161,捷波,8,1,7,國票-北投,2023-07-28,7792
2612,中航,7,0,7,國票-北投,2023-07-28,7792
2421,建準,6,0,6,國票-北投,2023-07-28,7792
1522,堤維西,6,0,6,國票-北投,2023-07-28,7792
2067,嘉鋼,6,0,6,國票-北投,2023-07-28,7792
2376,技嘉,14,8,6,國票-北投,2023-07-28,7792
3071,協禧,6,0,6,國票-北投,2023-07-28,7792
3105,穩懋,6,0,6,國票-北投,2023-07-28,7792
8021,尖點,6,0,6,國票-北投,2023-07-28,7792
00673R,期元大S＆P原油反1,5,0,5,國票-北投,2023-07-28,7792
2618,長榮航,5,0,5,國票-北投,2023-07-28,7792
3564,其陽,5,0,5,國票-北投,2023-07-28,7792
4164,承業醫,5,0,5,國票-北投,2023-07-28,7792
4741,泓瀚,5,0,5,國票-北投,2023-07-28,7792
5425,台半,5,0,5,國票-北投,2023-07-28,7792
6120,達運,5,0,5,國票-北投,2023-07-28,7792
6150,撼訊,5,0,5,國票-北投,2023-07-28,7792
2609,陽明,11,7,4,國票-北投,2023-07-28,7792
2352,佳世達,4,0,4,國票-北投,2023-07-28,7792
1527,鑽全,4,0,4,國票-北投,2023-07-28,7792
00633L,富邦上証正2,4,0,4,國票-北投,2023-07-28,7792
00902,中信電池及儲能,4,0,4,國票-北投,2023-07-28,7792
1618,合機,4,0,4,國票-北投,2023-07-28,7792
1721,三晃,4,0,4,國票-北投,2023-07-28,7792
2888,新光金,1626,40,1586,國票-北投,2023-07-31,7792
2303,聯電,122,0,122,國票-北投,2023-07-31,7792
3588,通嘉,100,1,99,國票-北投,2023-07-31,7792
6191,精成科,50,0,50,國票-北投,2023-07-31,7792
6412,群電,49,0,49,國票-北投,2023-07-31,7792
1587,吉茂,45,0,45,國票-北投,2023-07-31,7792
2329,華泰,46,9,37,國票-北投,2023-07-31,7792
00878,國泰永續高股息,43,8,35,國票-北投,2023-07-31,7792
6156,松上,33,0,33,國票-北投,2023-07-31,7792
5340,建榮,30,0,30,國票-北投,2023-07-31,7792
2618,長榮航,30,1,29,國票-北投,2023-07-31,7792
2409,友達,30,3,27,國票-北投,2023-07-31,7792
2610,華航,43,16,27,國票-北投,2023-07-31,7792
3025,星通,29,6,23,國票-北投,2023-07-31,7792
00929,復華台灣科技優息,22,0,22,國票-北投,2023-07-31,7792
6239,力成,21,0,21,國票-北投,2023-07-31,7792
2371,大同,21,1,20,國票-北投,2023-07-31,7792
2890,永豐金,20,0,20,國票-北投,2023-07-31,7792
6111,大宇資,20,0,20,國票-北投,2023-07-31,7792
1504,東元,19,1,18,國票-北投,2023-07-31,7792
2027,大成鋼,16,0,16,國票-北投,2023-07-31,7792
2367,燿華,16,0,16,國票-北投,2023-07-31,7792
2317,鴻海,15,0,15,國票-北投,2023-07-31,7792
2374,佳能,15,0,15,國票-北投,2023-07-31,7792
00679B,元大美債20年,13,0,13,國票-北投,2023-07-31,7792
2382,廣達,28,16,12,國票-北投,2023-07-31,7792
3231,緯創,19,8,11,國票-北投,2023-07-31,7792
3338,泰碩,11,0,11,國票-北投,2023-07-31,7792
3481,群創,11,0,11,國票-北投,2023-07-31,7792
4919,新唐,16,5,11,國票-北投,2023-07-31,7792
2369,菱生,11,1,10,國票-北投,2023-07-31,7792
2465,麗臺,10,0,10,國票-北投,2023-07-31,7792
2484,希華,14,4,10,國票-北投,2023-07-31,7792
3016,嘉晶,10,0,10,國票-北投,2023-07-31,7792
3163,波若威,19,9,10,國票-北投,2023-07-31,7792
6152,百一,10,0,10,國票-北投,2023-07-31,7792
6579,研揚,10,0,10,國票-北投,2023-07-31,7792
2882,國泰金,10,0,10,國票-北投,2023-07-31,7792
6182,合晶,9,0,9,國票-北投,2023-07-31,7792
2301,光寶科,26,17,9,國票-北投,2023-07-31,7792
00900,富邦特選高股息30,12,3,9,國票-北投,2023-07-31,7792
2356,英業達,26,17,9,國票-北投,2023-07-31,7792
2609,陽明,13,4,9,國票-北投,2023-07-31,7792
3450,聯鈞,9,0,9,國票-北投,2023-07-31,7792
2891,中信金,10,2,8,國票-北投,2023-07-31,7792
6285,啟��,8,0,8,國票-北投,2023-07-31,7792
2615,萬海,7,0,7,國票-北投,2023-07-31,7792
4744,皇將,7,0,7,國票-北投,2023-07-31,7792
1527,鑽全,6,0,6,國票-北投,2023-07-31,7792
1808,潤隆,6,0,6,國票-北投,2023-07-31,7792
00637L,元大滬深300正2,46,8,38,國票-北投,2023-08-01,7792
3704,合勤控,27,4,23,國票-北投,2023-08-01,7792
00923,群益台ESG低碳50,21,0,21,國票-北投,2023-08-01,7792
5443,均豪,18,1,17,國票-北投,2023-08-01,7792
2882,國泰金,20,3,17,國票-北投,2023-08-01,7792
2312,金寶,16,1,15,國票-北投,2023-08-01,7792
2634,漢翔,16,1,15,國票-北投,2023-08-01,7792
6156,松上,17,2,15,國票-北投,2023-08-01,7792
8068,全達,12,1,11,國票-北投,2023-08-01,7792
2884,玉山金,10,0,10,國票-北投,2023-08-01,7792
1514,亞力,10,0,10,國票-北投,2023-08-01,7792
2436,偉詮電,10,0,10,國票-北投,2023-08-01,7792
2442,新美齊,10,0,10,國票-北投,2023-08-01,7792
4967,十銓,10,0,10,國票-北投,2023-08-01,7792
6191,精成科,10,0,10,國票-北投,2023-08-01,7792
2886,兆豐金,10,0,10,國票-北投,2023-08-01,7792
3105,穩懋,11,2,9,國票-北投,2023-08-01,7792
2449,京元電子,9,0,9,國票-北投,2023-08-01,7792
3037,欣興,8,0,8,國票-北投,2023-08-01,7792
1815,富喬,10,2,8,國票-北投,2023-08-01,7792
2344,華邦電,9,1,8,國票-北投,2023-08-01,7792
2618,長榮航,15,7,8,國票-北投,2023-08-01,7792
4916,事欣科,8,0,8,國票-北投,2023-08-01,7792
2461,光群雷,11,4,7,國票-北投,2023-08-01,7792
2426,鼎元,7,0,7,國票-北投,2023-08-01,7792
2913,農林,68,61,7,國票-北投,2023-08-01,7792
3346,麗清,7,0,7,國票-北投,2023-08-01,7792
6125,廣運,7,0,7,國票-北投,2023-08-01,7792
6412,群電,8,1,7,國票-北投,2023-08-01,7792
2382,廣達,41,34,7,國票-北投,2023-08-01,7792
1905,華紙,6,0,6,國票-北投,2023-08-01,7792
2484,希華,6,0,6,國票-北投,2023-08-01,7792
3029,零壹,8,2,6,國票-北投,2023-08-01,7792
3221,台嘉碩,6,0,6,國票-北投,2023-08-01,7792
8033,雷虎,8,2,6,國票-北投,2023-08-01,7792
6188,廣明,11,6,5,國票-北投,2023-08-01,7792
2301,光寶科,24,19,5,國票-北投,2023-08-01,7792
00772B,中信高評級公司債,5,0,5,國票-北投,2023-08-01,7792
00673R,期元大S＆P原油反1,5,0,5,國票-北投,2023-08-01,7792
1736,喬山,5,0,5,國票-北投,2023-08-01,7792
2888,新光金,9,4,5,國票-北投,2023-08-01,7792
6234,高僑,6,1,5,國票-北投,2023-08-01,7792
6625,必應,5,0,5,國票-北投,2023-08-01,7792
6841,長佳智能,5,0,5,國票-北投,2023-08-01,7792
9921,巨大,5,0,5,國票-北投,2023-08-01,7792
2637,慧洋-KY,6,1,5,國票-北投,2023-08-01,7792
2481,強茂,5,1,4,國票-北投,2023-08-01,7792
3257,虹冠電,5,1,4,國票-北投,2023-08-01,7792
3711,日月光投控,5,1,4,國票-北投,2023-08-01,7792
6155,鈞寶,5,1,4,國票-北投,2023-08-01,7792
2002,中鋼,132,0,132,國票-北投,2023-08-02,7792
1314,中石化,137,5,132,國票-北投,2023-08-02,7792
2032,新鋼,58,0,58,國票-北投,2023-08-02,7792
00878,國泰永續高股息,71,15,56,國票-北投,2023-08-02,7792
1605,華新,88,34,54,國票-北投,2023-08-02,7792
1513,中興電,53,3,50,國票-北投,2023-08-02,7792
2618,長榮航,46,5,41,國票-北投,2023-08-02,7792
00923,群益台ESG低碳50,32,0,32,國票-北投,2023-08-02,7792
1616,億泰,33,1,32,國票-北投,2023-08-02,7792
00922,國泰台灣領袖50,30,0,30,國票-北投,2023-08-02,7792
6166,凌華,30,0,30,國票-北投,2023-08-02,7792
2301,光寶科,39,10,29,國票-北投,2023-08-02,7792
00900,富邦特選高股息30,31,3,28,國票-北投,2023-08-02,7792
1905,華紙,56,31,25,國票-北投,2023-08-02,7792
2382,廣達,53,28,25,國票-北投,2023-08-02,7792
3481,群創,26,2,24,國票-北投,2023-08-02,7792
3231,緯創,33,9,24,國票-北投,2023-08-02,7792
2402,毅嘉,46,23,23,國票-北投,2023-08-02,7792
2038,海光,20,0,20,國票-北投,2023-08-02,7792
2801,彰銀,19,0,19,國票-北投,2023-08-02,7792
6117,迎廣,19,1,18,國票-北投,2023-08-02,7792
00687B,國泰20年美債,17,0,17,國票-北投,2023-08-02,7792
2067,嘉鋼,17,0,17,國票-北投,2023-08-02,7792
3711,日月光投控,16,0,16,國票-北投,2023-08-02,7792
00637L,元大滬深300正2,15,0,15,國票-北投,2023-08-02,7792
0056,元大高股息,14,0,14,國票-北投,2023-08-02,7792
00713,元大台灣高息低波,13,0,13,國票-北投,2023-08-02,7792
00772B,中信高評級公司債,12,0,12,國票-北投,2023-08-02,7792
2891,中信金,12,0,12,國票-北投,2023-08-02,7792
2461,光群雷,13,2,11,國票-北投,2023-08-02,7792
1319,東陽,11,0,11,國票-北投,2023-08-02,7792
00720B,元大投資級公司債,11,0,11,國票-北投,2023-08-02,7792
2428,興勤,12,1,11,國票-北投,2023-08-02,7792
1810,和成,10,0,10,國票-北投,2023-08-02,7792
2355,敬鵬,10,0,10,國票-北投,2023-08-02,7792
2356,英業達,21,11,10,國票-北投,2023-08-02,7792
2427,三商電,10,0,10,國票-北投,2023-08-02,7792
2538,基泰,10,0,10,國票-北投,2023-08-02,7792
2880,華南金,10,0,10,國票-北投,2023-08-02,7792
4538,大詠城,10,0,10,國票-北投,2023-08-02,7792
6274,台燿,11,1,10,國票-北投,2023-08-02,7792
8155,博智,10,0,10,國票-北投,2023-08-02,7792
00885,富邦越南,9,0,9,國票-北投,2023-08-02,7792
2108,南帝,11,2,9,國票-北投,2023-08-02,7792
3625,西勝,9,0,9,國票-北投,2023-08-02,7792
9962,有益,9,0,9,國票-北投,2023-08-02,7792
1722,台肥,8,0,8,國票-北投,2023-08-02,7792
2241,艾姆勒,8,0,8,國票-北投,2023-08-02,7792
2317,鴻海,9,1,8,國票-北投,2023-08-02,7792
00679B,元大美債20年,7,0,7,國票-北投,2023-08-02,7792
00929,復華台灣科技優息,453,0,453,國票-北投,2023-08-04,7792
00923,群益台ESG低碳50,84,0,84,國票-北投,2023-08-04,7792
00687B,國泰20年美債,62,0,62,國票-北投,2023-08-04,7792
1210,大成,58,4,54,國票-北投,2023-08-04,7792
2498,宏達電,50,3,47,國票-北投,2023-08-04,7792
2504,國產,40,0,40,國票-北投,2023-08-04,7792
3576,聯合再生,31,0,31,國票-北投,2023-08-04,7792
2356,英業達,35,5,30,國票-北投,2023-08-04,7792
00679B,元大美債20年,22,0,22,國票-北投,2023-08-04,7792
1609,大亞,24,2,22,國票-北投,2023-08-04,7792
00862B,中信投資級公司債,20,0,20,國票-北投,2023-08-04,7792
2344,華邦電,28,10,18,國票-北投,2023-08-04,7792
2027,大成鋼,16,0,16,國票-北投,2023-08-04,7792
3231,緯創,59,44,15,國票-北投,2023-08-04,7792
8050,廣積,14,0,14,國票-北投,2023-08-04,7792
8215,明基材,14,1,13,國票-北投,2023-08-04,7792
00900,富邦特選高股息30,12,0,12,國票-北投,2023-08-04,7792
00878,國泰永續高股息,24,12,12,國票-北投,2023-08-04,7792
2009,第一銅,12,0,12,國票-北投,2023-08-04,7792
2610,華航,13,2,11,國票-北投,2023-08-04,7792
4746,台耀,11,0,11,國票-北投,2023-08-04,7792
4906,正文,11,0,11,國票-北投,2023-08-04,7792
8064,東捷,11,0,11,國票-北投,2023-08-04,7792
2402,毅嘉,10,0,10,國票-北投,2023-08-04,7792
2609,陽明,21,11,10,國票-北投,2023-08-04,7792
3013,晟銘電,10,0,10,國票-北投,2023-08-04,7792
3380,明泰,10,0,10,國票-北投,2023-08-04,7792
6142,友勁,10,0,10,國票-北投,2023-08-04,7792
0056,元大高股息,10,1,9,國票-北投,2023-08-04,7792
2634,漢翔,10,1,9,國票-北投,2023-08-04,7792
2880,華南金,9,0,9,國票-北投,2023-08-04,7792
4744,皇將,9,0,9,國票-北投,2023-08-04,7792
00680L,元大美債20正2,8,0,8,國票-北投,2023-08-04,7792
1527,鑽全,7,0,7,國票-北投,2023-08-04,7792
6104,創惟,7,0,7,國票-北投,2023-08-04,7792
1608,華榮,6,0,6,國票-北投,2023-08-04,7792
1612,宏泰,7,1,6,國票-北投,2023-08-04,7792
00764B,群益25年美債,6,0,6,國票-北投,2023-08-04,7792
00751B,元大AAA至A公司債,6,0,6,國票-北投,2023-08-04,7792
00720B,元大投資級公司債,6,0,6,國票-北投,2023-08-04,7792
00930,永豐ESG低碳高息,6,0,6,國票-北投,2023-08-04,7792
1785,光洋科,8,2,6,國票-北投,2023-08-04,7792
2442,新美齊,5,0,5,國票-北投,2023-08-04,7792
3005,神基,6,1,5,國票-北投,2023-08-04,7792
8046,南電,5,0,5,國票-北投,2023-08-04,7792
8048,德勝,5,0,5,國票-北投,2023-08-04,7792
2330,台積電,7,3,4,國票-北投,2023-08-04,7792
00904,新光臺灣半導體30,4,0,4,國票-北投,2023-08-04,7792
00891,中信關鍵半導體,4,0,4,國票-北投,2023-08-04,7792
1611,中電,4,0,4,國票-北投,2023-08-04,7792
2610,華航,48,4,44,國票-北投,2023-08-07,7792
00720B,元大投資級公司債,35,0,35,國票-北投,2023-08-07,7792
2618,長榮航,32,2,30,國票-北投,2023-08-07,7792
2706,第一店,30,0,30,國票-北投,2023-08-07,7792
1210,大成,26,1,25,國票-北投,2023-08-07,7792
00637L,元大滬深300正2,22,0,22,國票-北投,2023-08-07,7792
2014,中鴻,22,1,21,國票-北投,2023-08-07,7792
1504,東元,20,0,20,國票-北投,2023-08-07,7792
2504,國產,20,0,20,國票-北投,2023-08-07,7792
2329,華泰,22,5,17,國票-北投,2023-08-07,7792
5452,佶優,17,0,17,國票-北投,2023-08-07,7792
2104,國際中橡,15,0,15,國票-北投,2023-08-07,7792
2888,新光金,20,5,15,國票-北投,2023-08-07,7792
3706,神達,21,8,13,國票-北投,2023-08-07,7792
4919,新唐,12,0,12,國票-北投,2023-08-07,7792
4746,台耀,11,0,11,國票-北投,2023-08-07,7792
2409,友達,15,5,10,國票-北投,2023-08-07,7792
2317,鴻海,19,9,10,國票-北投,2023-08-07,7792
2328,廣宇,10,0,10,國票-北投,2023-08-07,7792
2913,農林,19,10,9,國票-北投,2023-08-07,7792
3567,逸昌,9,0,9,國票-北投,2023-08-07,7792
2630,亞航,7,0,7,國票-北投,2023-08-07,7792
3029,零壹,8,1,7,國票-北投,2023-08-07,7792
5371,中光電,7,0,7,國票-北投,2023-08-07,7792
6257,矽格,7,0,7,國票-北投,2023-08-07,7792
00632R,元大台灣50反1,6,0,6,國票-北投,2023-08-07,7792
00751B,元大AAA至A公司債,6,0,6,國票-北投,2023-08-07,7792
1609,大亞,10,4,6,國票-北投,2023-08-07,7792
1808,潤隆,6,0,6,國票-北投,2023-08-07,7792
4967,十銓,6,0,6,國票-北投,2023-08-07,7792
1608,華榮,5,0,5,國票-北投,2023-08-07,7792
1584,精剛,5,0,5,國票-北投,2023-08-07,7792
00673R,期元大S＆P原油反1,5,0,5,國票-北投,2023-08-07,7792
1909,榮成,5,0,5,國票-北投,2023-08-07,7792
2405,輔信,8,3,5,國票-北投,2023-08-07,7792
2633,台灣高鐵,5,0,5,國票-北投,2023-08-07,7792
2637,慧洋-KY,5,0,5,國票-北投,2023-08-07,7792
2891,中信金,5,0,5,國票-北投,2023-08-07,7792
6213,聯茂,5,0,5,國票-北投,2023-08-07,7792
8277,商丞,5,0,5,國票-北投,2023-08-07,7792
3305,昇貿,7,3,4,國票-北投,2023-08-07,7792
9945,潤泰新,4,0,4,國票-北投,2023-08-07,7792
00923,群益台ESG低碳50,4,0,4,國票-北投,2023-08-07,7792
1569,濱川,4,0,4,國票-北投,2023-08-07,7792
3189,景碩,4,0,4,國票-北投,2023-08-07,7792
3209,全科,4,0,4,國票-北投,2023-08-07,7792
6282,康舒,10,6,4,國票-北投,2023-08-07,7792
6288,聯嘉,4,0,4,國票-北投,2023-08-07,7792
2892,第一金,4,0,4,國票-北投,2023-08-07,7792
2603,長榮,5,2,3,國票-北投,2023-08-07,7792
00632R,元大台灣50反1,100,19,81,國票-北投,2023-08-08,7792
5880,合庫金,64,0,64,國票-北投,2023-08-08,7792
2356,英業達,86,26,60,國票-北投,2023-08-08,7792
9962,有益,57,0,57,國票-北投,2023-08-08,7792
2634,漢翔,71,20,51,國票-北投,2023-08-08,7792
00900,富邦特選高股息30,40,0,40,國票-北投,2023-08-08,7792
2303,聯電,35,0,35,國票-北投,2023-08-08,7792
2883B,凱基金乙特,30,0,30,國票-北投,2023-08-08,7792
1210,大成,28,0,28,國票-北投,2023-08-08,7792
6282,康舒,27,1,26,國票-北投,2023-08-08,7792
2382,廣達,43,17,26,國票-北投,2023-08-08,7792
1809,中釉,22,1,21,國票-北投,2023-08-08,7792
1101,台泥,20,0,20,國票-北投,2023-08-08,7792
2890,永豐金,18,0,18,國票-北投,2023-08-08,7792
3231,緯創,52,36,16,國票-北投,2023-08-08,7792
00929,復華台灣科技優息,15,0,15,國票-北投,2023-08-08,7792
2504,國產,20,5,15,國票-北投,2023-08-08,7792
2882,國泰金,15,1,14,國票-北投,2023-08-08,7792
6188,廣明,19,6,13,國票-北投,2023-08-08,7792
2409,友達,12,0,12,國票-北投,2023-08-08,7792
2812,台中銀,11,0,11,國票-北投,2023-08-08,7792
2211,長榮鋼,11,0,11,國票-北投,2023-08-08,7792
3006,晶豪科,11,0,11,國票-北投,2023-08-08,7792
1909,榮成,10,0,10,國票-北投,2023-08-08,7792
2601,益航,10,0,10,國票-北投,2023-08-08,7792
2867,三商壽,10,0,10,國票-北投,2023-08-08,7792
3706,神達,41,31,10,國票-北投,2023-08-08,7792
2344,華邦電,10,1,9,國票-北投,2023-08-08,7792
2419,仲琦,12,4,8,國票-北投,2023-08-08,7792
1442,名軒,7,0,7,國票-北投,2023-08-08,7792
2104,國際中橡,7,0,7,國票-北投,2023-08-08,7792
3205,佰研,7,0,7,國票-北投,2023-08-08,7792
5483,中美晶,7,0,7,國票-北投,2023-08-08,7792
2301,光寶科,11,5,6,國票-北投,2023-08-08,7792
3362,先進光,9,3,6,國票-北投,2023-08-08,7792
3376,新日興,6,0,6,國票-北投,2023-08-08,7792
8087,麗升能源,6,0,6,國票-北投,2023-08-08,7792
1504,東元,7,2,5,國票-北投,2023-08-08,7792
00751B,元大AAA至A公司債,5,0,5,國票-北投,2023-08-08,7792
00720B,元大投資級公司債,5,0,5,國票-北投,2023-08-08,7792
00878,國泰永續高股息,5,0,5,國票-北投,2023-08-08,7792
1584,精剛,5,0,5,國票-北投,2023-08-08,7792
1717,長興,5,0,5,國票-北投,2023-08-08,7792
2067,嘉鋼,5,0,5,國票-北投,2023-08-08,7792
3051,力特,5,0,5,國票-北投,2023-08-08,7792
3447,展達,6,1,5,國票-北投,2023-08-08,7792
4958,臻鼎-KY,5,0,5,國票-北投,2023-08-08,7792
5864,致和證,5,0,5,國票-北投,2023-08-08,7792
6548,長科*,5,0,5,國票-北投,2023-08-08,7792
2458,義隆,5,1,4,國票-北投,2023-08-08,7792
6605,帝寶,215,30,185,國票-北投,2023-08-09,7792
1442,名軒,70,0,70,國票-北投,2023-08-09,7792
2888,新光金,52,0,52,國票-北投,2023-08-09,7792
00929,復華台灣科技優息,27,0,27,國票-北投,2023-08-09,7792
2382,廣達,41,14,27,國票-北投,2023-08-09,7792
00900,富邦特選高股息30,19,0,19,國票-北投,2023-08-09,7792
6117,迎廣,19,0,19,國票-北投,2023-08-09,7792
1504,東元,20,3,17,國票-北投,2023-08-09,7792
6531,愛普*,14,0,14,國票-北投,2023-08-09,7792
00878,國泰永續高股息,24,10,14,國票-北投,2023-08-09,7792
2481,強茂,15,2,13,國票-北投,2023-08-09,7792
2313,華通,12,0,12,國票-北投,2023-08-09,7792
2328,廣宇,12,0,12,國票-北投,2023-08-09,7792
1514,亞力,11,0,11,國票-北投,2023-08-09,7792
3481,群創,19,8,11,國票-北投,2023-08-09,7792
1909,榮成,10,0,10,國票-北投,2023-08-09,7792
2419,仲琦,10,0,10,國票-北投,2023-08-09,7792
2855,統一證,10,0,10,國票-北投,2023-08-09,7792
2883B,凱基金乙特,10,0,10,國票-北投,2023-08-09,7792
5388,中磊,10,0,10,國票-北投,2023-08-09,7792
2887,台新金,10,1,9,國票-北投,2023-08-09,7792
3051,力特,9,0,9,國票-北投,2023-08-09,7792
6153,嘉聯益,9,0,9,國票-北投,2023-08-09,7792
2303,聯電,8,0,8,國票-北投,2023-08-09,7792
2363,矽統,12,4,8,國票-北投,2023-08-09,7792
3231,緯創,30,23,7,國票-北投,2023-08-09,7792
00931B,統一美債20年,7,0,7,國票-北投,2023-08-09,7792
2882,國泰金,11,4,7,國票-北投,2023-08-09,7792
2913,農林,7,0,7,國票-北投,2023-08-09,7792
2352,佳世達,6,0,6,國票-北投,2023-08-09,7792
00923,群益台ESG低碳50,6,0,6,國票-北投,2023-08-09,7792
5222,全訊,6,0,6,國票-北投,2023-08-09,7792
6269,台郡,6,0,6,國票-北投,2023-08-09,7792
1605,華新,5,0,5,國票-北投,2023-08-09,7792
1513,中興電,5,0,5,國票-北投,2023-08-09,7792
00927,群益半導體收益,5,0,5,國票-北投,2023-08-09,7792
1102,亞泥,5,0,5,國票-北投,2023-08-09,7792
2465,麗臺,5,0,5,國票-北投,2023-08-09,7792
3049,精金,5,0,5,國票-北投,2023-08-09,7792
5371,中光電,15,10,5,國票-北投,2023-08-09,7792
6155,鈞寶,5,0,5,國票-北投,2023-08-09,7792
8110,華東,5,0,5,國票-北投,2023-08-09,7792
00904,新光臺灣半導體30,4,0,4,國票-北投,2023-08-09,7792
2241,艾姆勒,5,1,4,國票-北投,2023-08-09,7792
2329,華泰,11,7,4,國票-北投,2023-08-09,7792
2345,智邦,4,0,4,國票-北投,2023-08-09,7792
3006,晶豪科,4,0,4,國票-北投,2023-08-09,7792
3703,欣陸,4,0,4,國票-北投,2023-08-09,7792
5452,佶優,4,0,4,國票-北投,2023-08-09,7792
6274,台燿,4,0,4,國票-北投,2023-08-09,7792
00929,復華台灣科技優息,447,0,447,國票-北投,2023-08-10,7792
2888,新光金,213,14,199,國票-北投,2023-08-10,7792
2002,中鋼,102,0,102,國票-北投,2023-08-10,7792
00632R,元大台灣50反1,100,32,68,國票-北投,2023-08-10,7792
2402,毅嘉,40,0,40,國票-北投,2023-08-10,7792
2312,金寶,33,1,32,國票-北投,2023-08-10,7792
2382,廣達,39,12,27,國票-北投,2023-08-10,7792
00900,富邦特選高股息30,26,2,24,國票-北投,2023-08-10,7792
2913,農林,45,21,24,國票-北投,2023-08-10,7792
3518,柏騰,20,0,20,國票-北投,2023-08-10,7792
2610,華航,33,14,19,國票-北投,2023-08-10,7792
3047,訊舟,19,0,19,國票-北投,2023-08-10,7792
1519,華城,18,0,18,國票-北投,2023-08-10,7792
2206,三陽工業,18,0,18,國票-北投,2023-08-10,7792
1605,華新,20,4,16,國票-北投,2023-08-10,7792
1609,大亞,16,0,16,國票-北投,2023-08-10,7792
1909,榮成,15,0,15,國票-北投,2023-08-10,7792
6446,藥華藥,15,0,15,國票-北投,2023-08-10,7792
3231,緯創,33,19,14,國票-北投,2023-08-10,7792
00862B,中信投資級公司債,14,0,14,國票-北投,2023-08-10,7792
2409,友達,14,0,14,國票-北投,2023-08-10,7792
00878,國泰永續高股息,12,0,12,國票-北投,2023-08-10,7792
00637L,元大滬深300正2,12,0,12,國票-北投,2023-08-10,7792
2405,輔信,14,2,12,國票-北投,2023-08-10,7792
6282,康舒,27,15,12,國票-北投,2023-08-10,7792
1528,恩德,10,0,10,國票-北投,2023-08-10,7792
00673R,期元大S＆P原油反1,10,0,10,國票-北投,2023-08-10,7792
1445,大宇,10,0,10,國票-北投,2023-08-10,7792
1789,神隆,10,0,10,國票-北投,2023-08-10,7792
2236,百達-KY,10,0,10,國票-北投,2023-08-10,7792
2399,映泰,10,0,10,國票-北投,2023-08-10,7792
2882,國泰金,15,5,10,國票-北投,2023-08-10,7792
3049,精金,10,0,10,國票-北投,2023-08-10,7792
6285,啟��,11,1,10,國票-北投,2023-08-10,7792
2455,全新,10,0,10,國票-北投,2023-08-10,7792
5483,中美晶,11,2,9,國票-北投,2023-08-10,7792
6569,醫揚,9,0,9,國票-北投,2023-08-10,7792
2030,彰源,8,0,8,國票-北投,2023-08-10,7792
2356,英業達,9,1,8,國票-北投,2023-08-10,7792
3013,晟銘電,12,4,8,國票-北投,2023-08-10,7792
00891,中信關鍵半導體,7,0,7,國票-北投,2023-08-10,7792
1477,聚陽,8,1,7,國票-北投,2023-08-10,7792
3209,全科,10,3,7,國票-北投,2023-08-10,7792
2376,技嘉,7,1,6,國票-北投,2023-08-10,7792
1560,中砂,6,0,6,國票-北投,2023-08-10,7792
1709,和益,6,0,6,國票-北投,2023-08-10,7792
1808,潤隆,6,0,6,國票-北投,2023-08-10,7792
2368,金像電,7,1,6,國票-北投,2023-08-10,7792
2609,陽明,7,1,6,國票-北投,2023-08-10,7792
3051,力特,6,0,6,國票-北投,2023-08-10,7792
2888,新光金,111,10,101,國票-北投,2023-08-11,7792
2449,京元電子,22,1,21,國票-北投,2023-08-11,7792
1909,榮成,20,0,20,國票-北投,2023-08-11,7792
2618,長榮航,40,20,20,國票-北投,2023-08-11,7792
2913,農林,38,18,20,國票-北投,2023-08-11,7792
00931B,統一美債20年,19,0,19,國票-北投,2023-08-11,7792
00929,復華台灣科技優息,21,2,19,國票-北投,2023-08-11,7792
1802,台玻,18,1,17,國票-北投,2023-08-11,7792
00900,富邦特選高股息30,16,0,16,國票-北投,2023-08-11,7792
2356,英業達,26,11,15,國票-北投,2023-08-11,7792
3052,夆典,15,0,15,國票-北投,2023-08-11,7792
2363,矽統,39,25,14,國票-北投,2023-08-11,7792
00632R,元大台灣50反1,20,6,14,國票-北投,2023-08-11,7792
2882,國泰金,24,10,14,國票-北投,2023-08-11,7792
3363,上詮,14,1,13,國票-北投,2023-08-11,7792
3231,緯創,28,16,12,國票-北投,2023-08-11,7792
5443,均豪,11,0,11,國票-北投,2023-08-11,7792
1714,和桐,10,0,10,國票-北投,2023-08-11,7792
2027,大成鋼,10,0,10,國票-北投,2023-08-11,7792
3207,耀勝,10,0,10,國票-北投,2023-08-11,7792
3264,欣銓,10,0,10,國票-北投,2023-08-11,7792
3033,威健,10,1,9,國票-北投,2023-08-11,7792
1605,華新,7,0,7,國票-北投,2023-08-11,7792
00637L,元大滬深300正2,15,8,7,國票-北投,2023-08-11,7792
3450,聯鈞,7,0,7,國票-北投,2023-08-11,7792
4924,欣厚-KY,7,0,7,國票-北投,2023-08-11,7792
8110,華東,7,0,7,國票-北投,2023-08-11,7792
2353,宏��,6,0,6,國票-北投,2023-08-11,7792
3047,訊舟,6,0,6,國票-北投,2023-08-11,7792
6116,彩晶,6,0,6,國票-北投,2023-08-11,7792
1528,恩德,5,0,5,國票-北投,2023-08-11,7792
00706L,期元大S＆P日圓正2,5,0,5,國票-北投,2023-08-11,7792
00751B,元大AAA至A公司債,5,0,5,國票-北投,2023-08-11,7792
00722B,群益投資級電信債,5,0,5,國票-北投,2023-08-11,7792
00720B,元大投資級公司債,5,0,5,國票-北投,2023-08-11,7792
00782B,國泰A級公用債,5,0,5,國票-北投,2023-08-11,7792
2312,金寶,5,0,5,國票-北投,2023-08-11,7792
3049,精金,5,0,5,國票-北投,2023-08-11,7792
6589,台康生技,5,0,5,國票-北投,2023-08-11,7792
3037,欣興,4,0,4,國票-北投,2023-08-11,7792
2317,鴻海,9,5,4,國票-北投,2023-08-11,7792
2402,毅嘉,45,41,4,國票-北投,2023-08-11,7792
2801,彰銀,4,0,4,國票-北投,2023-08-11,7792
2886,兆豐金,4,0,4,國票-北投,2023-08-11,7792
3032,偉訓,4,0,4,國票-北投,2023-08-11,7792
3533,嘉澤,4,0,4,國票-北投,2023-08-11,7792
6153,嘉聯益,4,0,4,國票-北投,2023-08-11,7792
6235,華孚,5,1,4,國票-北投,2023-08-11,7792
6282,康舒,10,6,4,國票-北投,2023-08-11,7792
3693,營邦,3,0,3,國票-北投,2023-08-11,7792
8027,鈦昇,115,0,115,國票-北投,2023-08-14,7792
2610,華航,78,6,72,國票-北投,2023-08-14,7792
8358,金居,70,0,70,國票-北投,2023-08-14,7792
3231,緯創,91,27,64,國票-北投,2023-08-14,7792
00929,復華台灣科技優息,60,0,60,國票-北投,2023-08-14,7792
6187,萬潤,51,0,51,國票-北投,2023-08-14,7792
2618,長榮航,50,2,48,國票-北投,2023-08-14,7792
1909,榮成,34,0,34,國票-北投,2023-08-14,7792
00900,富邦特選高股息30,33,0,33,國票-北投,2023-08-14,7792
3049,精金,25,0,25,國票-北投,2023-08-14,7792
2323,中環,23,1,22,國票-北投,2023-08-14,7792
3006,晶豪科,21,0,21,國票-北投,2023-08-14,7792
3443,創意,21,1,20,國票-北投,2023-08-14,7792
2706,第一店,20,0,20,國票-北投,2023-08-14,7792
2883,凱基金,20,0,20,國票-北投,2023-08-14,7792
3518,柏騰,20,0,20,國票-北投,2023-08-14,7792
2388,威盛,20,1,19,國票-北投,2023-08-14,7792
2027,大成鋼,16,0,16,國票-北投,2023-08-14,7792
2402,毅嘉,18,2,16,國票-北投,2023-08-14,7792
1605,華新,15,0,15,國票-北投,2023-08-14,7792
1301,台塑,14,0,14,國票-北投,2023-08-14,7792
4916,事欣科,14,0,14,國票-北投,2023-08-14,7792
6282,康舒,20,6,14,國票-北投,2023-08-14,7792
2881,富邦金,15,1,14,國票-北投,2023-08-14,7792
00878,國泰永續高股息,13,0,13,國票-北投,2023-08-14,7792
00923,群益台ESG低碳50,12,0,12,國票-北投,2023-08-14,7792
1504,東元,21,10,11,國票-北投,2023-08-14,7792
1609,大亞,10,0,10,國票-北投,2023-08-14,7792
2449,京元電子,10,0,10,國票-北投,2023-08-14,7792
2605,新興,10,0,10,國票-北投,2023-08-14,7792
2734,易飛網,10,0,10,國票-北投,2023-08-14,7792
3078,僑威,12,2,10,國票-北投,2023-08-14,7792
3504,揚明光,10,0,10,國票-北投,2023-08-14,7792
8426,紅木-KY,20,10,10,國票-北投,2023-08-14,7792
0050,元大台灣50,27,18,9,國票-北投,2023-08-14,7792
3703,欣陸,9,0,9,國票-北投,2023-08-14,7792
6535,順藥,9,0,9,國票-北投,2023-08-14,7792
4123,晟德,9,0,9,國票-北投,2023-08-14,7792
1709,和益,8,0,8,國票-北投,2023-08-14,7792
4138,曜亞,8,0,8,國票-北投,2023-08-14,7792
4114,健喬,8,1,7,國票-北投,2023-08-14,7792
2355,敬鵬,7,0,7,國票-北投,2023-08-14,7792
6753,龍德造船,7,0,7,國票-北投,2023-08-14,7792
2324,仁寶,24,17,7,國票-北投,2023-08-14,7792
1513,中興電,9,3,6,國票-北投,2023-08-14,7792
3707,漢磊,6,0,6,國票-北投,2023-08-14,7792
00637L,元大滬深300正2,11,5,6,國票-北投,2023-08-14,7792
3483,力致,6,1,5,國票-北投,2023-08-14,7792
00633L,富邦上証正2,5,0,5,國票-北投,2023-08-14,7792
00751B,元大AAA至A公司債,5,0,5,國票-北投,2023-08-14,7792
00632R,元大台灣50反1,150,0,150,國票-北投,2023-08-15,7792
2888,新光金,120,0,120,國票-北投,2023-08-15,7792
2323,中環,51,2,49,國票-北投,2023-08-15,7792
00878,國泰永續高股息,52,4,48,國票-北投,2023-08-15,7792
4306,炎洲,40,0,40,國票-北投,2023-08-15,7792
0056,元大高股息,34,1,33,國票-北投,2023-08-15,7792
3481,群創,32,0,32,國票-北投,2023-08-15,7792
2388,威盛,31,1,30,國票-北投,2023-08-15,7792
00679B,元大美債20年,25,0,25,國票-北投,2023-08-15,7792
2317,鴻海,23,0,23,國票-北投,2023-08-15,7792
1815,富喬,20,0,20,國票-北投,2023-08-15,7792
4919,新唐,15,1,14,國票-北投,2023-08-15,7792
00900,富邦特選高股息30,15,1,14,國票-北投,2023-08-15,7792
5426,振發,15,2,13,國票-北投,2023-08-15,7792
2002,中鋼,11,0,11,國票-北投,2023-08-15,7792
6187,萬潤,11,0,11,國票-北投,2023-08-15,7792
2316,楠梓電,11,1,10,國票-北投,2023-08-15,7792
3043,科風,12,2,10,國票-北投,2023-08-15,7792
3704,合勤控,10,0,10,國票-北投,2023-08-15,7792
6579,研揚,9,0,9,國票-北投,2023-08-15,7792
1477,聚陽,7,0,7,國票-北投,2023-08-15,7792
00929,復華台灣科技優息,7,0,7,國票-北投,2023-08-15,7792
2618,長榮航,18,11,7,國票-北投,2023-08-15,7792
00923,群益台ESG低碳50,6,0,6,國票-北投,2023-08-15,7792
2883,凱基金,6,0,6,國票-北投,2023-08-15,7792
4904,遠傳,6,0,6,國票-北投,2023-08-15,7792
00905,FT臺灣Smart,5,0,5,國票-北投,2023-08-15,7792
1802,台玻,12,7,5,國票-北投,2023-08-15,7792
2834,臺企銀,5,0,5,國票-北投,2023-08-15,7792
3483,力致,5,0,5,國票-北投,2023-08-15,7792
3711,日月光投控,5,0,5,國票-北投,2023-08-15,7792
5315,光聯,5,0,5,國票-北投,2023-08-15,7792
1605,華新,8,4,4,國票-北投,2023-08-15,7792
00888,永豐台灣ESG,4,0,4,國票-北投,2023-08-15,7792
00881,國泰台灣5G+,4,0,4,國票-北投,2023-08-15,7792
2547,日勝生,4,0,4,國票-北投,2023-08-15,7792
5452,佶優,4,0,4,國票-北投,2023-08-15,7792
6609,瀧澤科,4,0,4,國票-北投,2023-08-15,7792
8358,金居,6,2,4,國票-北投,2023-08-15,7792
00696B,富邦美債20年,3,0,3,國票-北投,2023-08-15,7792
2458,義隆,3,0,3,國票-北投,2023-08-15,7792
2486,一詮,3,0,3,國票-北投,2023-08-15,7792
2609,陽明,4,1,3,國票-北投,2023-08-15,7792
3163,波若威,5,2,3,國票-北投,2023-08-15,7792
3306,鼎天,4,1,3,國票-北投,2023-08-15,7792
6128,上福,3,0,3,國票-北投,2023-08-15,7792
6446,藥華藥,3,0,3,國票-北投,2023-08-15,7792
8027,鈦昇,3,0,3,國票-北投,2023-08-15,7792
3231,緯創,21,18,3,國票-北投,2023-08-15,7792
2891,中信金,2,0,2,國票-北投,2023-08-15,7792
6187,萬潤,66,3,63,國票-北投,2023-08-16,7792
2303,聯電,42,1,41,國票-北投,2023-08-16,7792
2409,友達,25,0,25,國票-北投,2023-08-16,7792
00923,群益台ESG低碳50,21,0,21,國票-北投,2023-08-16,7792
1301,台塑,20,0,20,國票-北投,2023-08-16,7792
6275,元山,16,0,16,國票-北投,2023-08-16,7792
1909,榮成,15,0,15,國票-北投,2023-08-16,7792
2883,凱基金,14,0,14,國票-北投,2023-08-16,7792
1519,華城,18,5,13,國票-北投,2023-08-16,7792
2014,中鴻,13,0,13,國票-北投,2023-08-16,7792
1802,台玻,12,0,12,國票-北投,2023-08-16,7792
2392,正崴,12,0,12,國票-北投,2023-08-16,7792
00878,國泰永續高股息,14,2,12,國票-北投,2023-08-16,7792
6664,群翊,11,0,11,國票-北投,2023-08-16,7792
3481,群創,11,0,11,國票-北投,2023-08-16,7792
2002,中鋼,11,1,10,國票-北投,2023-08-16,7792
2067,嘉鋼,10,0,10,國票-北投,2023-08-16,7792
3047,訊舟,10,0,10,國票-北投,2023-08-16,7792
6217,中探針,11,1,10,國票-北投,2023-08-16,7792
4919,新唐,9,0,9,國票-北投,2023-08-16,7792
00900,富邦特選高股息30,9,0,9,國票-北投,2023-08-16,7792
00929,復華台灣科技優息,10,2,8,國票-北投,2023-08-16,7792
2363,矽統,8,0,8,國票-北投,2023-08-16,7792
2369,菱生,8,0,8,國票-北投,2023-08-16,7792
2834,臺企銀,8,0,8,國票-北投,2023-08-16,7792
3706,神達,33,25,8,國票-北投,2023-08-16,7792
2891,中信金,7,0,7,國票-北投,2023-08-16,7792
00712,復華富時不動產,7,0,7,國票-北投,2023-08-16,7792
3036,文曄,7,0,7,國票-北投,2023-08-16,7792
00751B,元大AAA至A公司債,6,0,6,國票-北投,2023-08-16,7792
1809,中釉,6,0,6,國票-北投,2023-08-16,7792
2027,大成鋼,6,0,6,國票-北投,2023-08-16,7792
2547,日勝生,6,0,6,國票-北投,2023-08-16,7792
8024,佑華,6,0,6,國票-北投,2023-08-16,7792
8358,金居,19,14,5,國票-北投,2023-08-16,7792
00706L,期元大S＆P日圓正2,5,0,5,國票-北投,2023-08-16,7792
00720B,元大投資級公司債,5,0,5,國票-北投,2023-08-16,7792
2329,華泰,25,20,5,國票-北投,2023-08-16,7792
3013,晟銘電,5,0,5,國票-北投,2023-08-16,7792
3027,盛達,5,0,5,國票-北投,2023-08-16,7792
3049,精金,7,2,5,國票-北投,2023-08-16,7792
6116,彩晶,5,0,5,國票-北投,2023-08-16,7792
6548,長科*,5,0,5,國票-北投,2023-08-16,7792
2884,玉山金,4,0,4,國票-北投,2023-08-16,7792
1445,大宇,4,0,4,國票-北投,2023-08-16,7792
2316,楠梓電,4,0,4,國票-北投,2023-08-16,7792
3169,亞信,4,0,4,國票-北投,2023-08-16,7792
3236,千如,4,0,4,國票-北投,2023-08-16,7792
5371,中光電,6,2,4,國票-北投,2023-08-16,7792
8069,元太,3,0,3,國票-北投,2023-08-16,7792
5340,建榮,225,0,225,國票-北投,2023-08-17,7792
2885,元大金,130,6,124,國票-北投,2023-08-17,7792
6112,邁達特,33,1,32,國票-北投,2023-08-17,7792
3231,緯創,80,49,31,國票-北投,2023-08-17,7792
2303,聯電,31,0,31,國票-北投,2023-08-17,7792
00720B,元大投資級公司債,20,0,20,國票-北投,2023-08-17,7792
2323,中環,20,2,18,國票-北投,2023-08-17,7792
2634,漢翔,15,0,15,國票-北投,2023-08-17,7792
2337,旺宏,14,0,14,國票-北投,2023-08-17,7792
2820,華票,12,0,12,國票-北投,2023-08-17,7792
00878,國泰永續高股息,13,2,11,國票-北投,2023-08-17,7792
2206,三陽工業,11,0,11,國票-北投,2023-08-17,7792
4162,智擎,11,0,11,國票-北投,2023-08-17,7792
1301,台塑,10,0,10,國票-北投,2023-08-17,7792
1611,中電,10,0,10,國票-北投,2023-08-17,7792
2067,嘉鋼,10,0,10,國票-北投,2023-08-17,7792
2344,華邦電,12,3,9,國票-北投,2023-08-17,7792
1326,台化,10,1,9,國票-北投,2023-08-17,7792
8429,金麗-KY,9,0,9,國票-北投,2023-08-17,7792
2324,仁寶,36,27,9,國票-北投,2023-08-17,7792
2610,華航,10,2,8,國票-北投,2023-08-17,7792
2883,凱基金,8,0,8,國票-北投,2023-08-17,7792
3043,科風,9,2,7,國票-北投,2023-08-17,7792
2002,中鋼,7,1,6,國票-北投,2023-08-17,7792
00679B,元大美債20年,6,0,6,國票-北投,2023-08-17,7792
2376,技嘉,7,1,6,國票-北投,2023-08-17,7792
2891,中信金,6,0,6,國票-北投,2023-08-17,7792
3056,富華新,6,0,6,國票-北投,2023-08-17,7792
6274,台燿,6,0,6,國票-北投,2023-08-17,7792
00751B,元大AAA至A公司債,5,0,5,國票-北投,2023-08-17,7792
00923,群益台ESG低碳50,5,0,5,國票-北投,2023-08-17,7792
2462,良得電,10,5,5,國票-北投,2023-08-17,7792
3290,東浦,5,0,5,國票-北投,2023-08-17,7792
5371,中光電,6,1,5,國票-北投,2023-08-17,7792
9921,巨大,5,0,5,國票-北投,2023-08-17,7792
6770,力積電,5,1,4,國票-北投,2023-08-17,7792
1445,大宇,4,0,4,國票-北投,2023-08-17,7792
1240,茂生農經,4,0,4,國票-北投,2023-08-17,7792
1101,台泥,5,1,4,國票-北投,2023-08-17,7792
1605,華新,11,7,4,國票-北投,2023-08-17,7792
2369,菱生,4,0,4,國票-北投,2023-08-17,7792
2745,五福,4,0,4,國票-北投,2023-08-17,7792
2801,彰銀,4,0,4,國票-北投,2023-08-17,7792
3689,湧德,18,14,4,國票-北投,2023-08-17,7792
6187,萬潤,9,5,4,國票-北投,2023-08-17,7792
8926,台汽電,4,0,4,國票-北投,2023-08-17,7792
2880,華南金,3,0,3,國票-北投,2023-08-17,7792
3105,穩懋,5,2,3,國票-北投,2023-08-17,7792
00712,復華富時不動產,3,0,3,國票-北投,2023-08-17,7792
00900,富邦特選高股息30,3,0,3,國票-北投,2023-08-17,7792
3231,緯創,170,78,92,國票-北投,2023-08-18,7792
5009,榮剛,55,0,55,國票-北投,2023-08-18,7792
2329,華泰,44,16,28,國票-北投,2023-08-18,7792
3362,先進光,37,16,21,國票-北投,2023-08-18,7792
8027,鈦昇,19,0,19,國票-北投,2023-08-18,7792
2105,正新,18,0,18,國票-北投,2023-08-18,7792
2618,長榮航,17,0,17,國票-北投,2023-08-18,7792
2301,光寶科,18,2,16,國票-北投,2023-08-18,7792
2344,華邦電,15,0,15,國票-北投,2023-08-18,7792
00878,國泰永續高股息,14,0,14,國票-北投,2023-08-18,7792
1605,華新,24,12,12,國票-北投,2023-08-18,7792
2376,技嘉,17,6,11,國票-北投,2023-08-18,7792
2891,中信金,13,2,11,國票-北投,2023-08-18,7792
6531,愛普*,11,0,11,國票-北投,2023-08-18,7792
00720B,元大投資級公司債,11,1,10,國票-北投,2023-08-18,7792
2419,仲琦,10,0,10,國票-北投,2023-08-18,7792
2601,益航,10,0,10,國票-北投,2023-08-18,7792
3413,京鼎,10,0,10,國票-北投,2023-08-18,7792
6187,萬潤,10,0,10,國票-北投,2023-08-18,7792
2324,仁寶,16,7,9,國票-北投,2023-08-18,7792
2382,廣達,34,26,8,國票-北投,2023-08-18,7792
2363,矽統,21,13,8,國票-北投,2023-08-18,7792
1504,東元,40,32,8,國票-北投,2023-08-18,7792
1708,東鹼,10,2,8,國票-北投,2023-08-18,7792
3037,欣興,9,1,8,國票-北投,2023-08-18,7792
00751B,元大AAA至A公司債,7,0,7,國票-北投,2023-08-18,7792
2405,輔信,7,0,7,國票-北投,2023-08-18,7792
2457,飛宏,10,3,7,國票-北投,2023-08-18,7792
3515,華擎,7,0,7,國票-北投,2023-08-18,7792
6163,華電網,9,2,7,國票-北投,2023-08-18,7792
9945,潤泰新,9,2,7,國票-北投,2023-08-18,7792
00885,富邦越南,8,2,6,國票-北投,2023-08-18,7792
1477,聚陽,6,0,6,國票-北投,2023-08-18,7792
1785,光洋科,6,0,6,國票-北投,2023-08-18,7792
1904,正隆,6,0,6,國票-北投,2023-08-18,7792
2402,毅嘉,6,0,6,國票-北投,2023-08-18,7792
2409,友達,6,0,6,國票-北投,2023-08-18,7792
6188,廣明,11,5,6,國票-北投,2023-08-18,7792
3706,神達,27,21,6,國票-北投,2023-08-18,7792
1503,士電,5,0,5,國票-北投,2023-08-18,7792
00712,復華富時不動產,5,0,5,國票-北投,2023-08-18,7792
1303,南亞,5,0,5,國票-北投,2023-08-18,7792
2356,英業達,18,13,5,國票-北投,2023-08-18,7792
3027,盛達,5,0,5,國票-北投,2023-08-18,7792
3356,奇偶,5,0,5,國票-北投,2023-08-18,7792
3673,TPK-KY,5,0,5,國票-北投,2023-08-18,7792
3715,定穎投控,12,7,5,國票-北投,2023-08-18,7792
4953,緯軟,5,0,5,國票-北投,2023-08-18,7792
5234,達興材料,5,0,5,國票-北投,2023-08-18,7792
5465,富驊,5,0,5,國票-北投,2023-08-18,7792
2888,新光金,108,0,108,國票-北投,2023-08-21,7792
00632R,元大台灣50反1,102,0,102,國票-北投,2023-08-21,7792
3715,定穎投控,43,5,38,國票-北投,2023-08-21,7792
2313,華通,15,0,15,國票-北投,2023-08-21,7792
2104,國際中橡,13,0,13,國票-北投,2023-08-21,7792
5234,達興材料,12,0,12,國票-北投,2023-08-21,7792
00882,中信中國高股息,11,0,11,國票-北投,2023-08-21,7792
2606,裕民,16,5,11,國票-北投,2023-08-21,7792
2610,華航,10,0,10,國票-北投,2023-08-21,7792
4906,正文,28,18,10,國票-北投,2023-08-21,7792
9929,秋雨,10,0,10,國票-北投,2023-08-21,7792
9942,茂順,10,0,10,國票-北投,2023-08-21,7792
2317,鴻海,10,0,10,國票-北投,2023-08-21,7792
1444,力麗,10,1,9,國票-北投,2023-08-21,7792
2355,敬鵬,9,0,9,國票-北投,2023-08-21,7792
2883,凱基金,8,0,8,國票-北投,2023-08-21,7792
4543,萬在,9,1,8,國票-北投,2023-08-21,7792
3689,湧德,22,15,7,國票-北投,2023-08-21,7792
3231,緯創,52,45,7,國票-北投,2023-08-21,7792
00913,兆豐台灣晶圓製造,6,0,6,國票-北投,2023-08-21,7792
00720B,元大投資級公司債,6,0,6,國票-北投,2023-08-21,7792
2441,超豐,7,1,6,國票-北投,2023-08-21,7792
1603,華電,5,0,5,國票-北投,2023-08-21,7792
1609,大亞,5,0,5,國票-北投,2023-08-21,7792
00751B,元大AAA至A公司債,5,0,5,國票-北投,2023-08-21,7792
00680L,元大美債20正2,5,0,5,國票-北投,2023-08-21,7792
00637L,元大滬深300正2,12,7,5,國票-北投,2023-08-21,7792
1101,台泥,5,0,5,國票-北投,2023-08-21,7792
2324,仁寶,11,6,5,國票-北投,2023-08-21,7792
2538,基泰,5,0,5,國票-北投,2023-08-21,7792
2611,志信,5,0,5,國票-北投,2023-08-21,7792
4977,眾達-KY,5,0,5,國票-北投,2023-08-21,7792
6282,康舒,5,0,5,國票-北投,2023-08-21,7792
1504,東元,35,31,4,國票-北投,2023-08-21,7792
2393,億光,4,0,4,國票-北投,2023-08-21,7792
3037,欣興,5,1,4,國票-北投,2023-08-21,7792
3363,上詮,6,2,4,國票-北投,2023-08-21,7792
9902,台火,4,0,4,國票-北投,2023-08-21,7792
3105,穩懋,3,0,3,國票-北投,2023-08-21,7792
1809,中釉,3,0,3,國票-北投,2023-08-21,7792
1802,台玻,3,0,3,國票-北投,2023-08-21,7792
00885,富邦越南,6,3,3,國票-北投,2023-08-21,7792
00696B,富邦美債20年,3,0,3,國票-北投,2023-08-21,7792
2402,毅嘉,3,0,3,國票-北投,2023-08-21,7792
2409,友達,5,2,3,國票-北投,2023-08-21,7792
2457,飛宏,3,0,3,國票-北投,2023-08-21,7792
2884,玉山金,3,0,3,國票-北投,2023-08-21,7792
6139,亞翔,5,2,3,國票-北投,2023-08-21,7792
3017,奇鋐,3,0,3,國票-北投,2023-08-21,7792
0050,元大台灣50,3,0,3,國票-北投,2023-08-21,7792
2603,長榮,101,0,101,國票-北投,2023-08-22,7792
2356,英業達,42,6,36,國票-北投,2023-08-22,7792
2402,毅嘉,35,2,33,國票-北投,2023-08-22,7792
4906,正文,29,1,28,國票-北投,2023-08-22,7792
2401,凌陽,22,1,21,國票-北投,2023-08-22,7792
00632R,元大台灣50反1,20,0,20,國票-北投,2023-08-22,7792
2897,王道銀行,20,0,20,國票-北投,2023-08-22,7792
5309,系統電,17,0,17,國票-北投,2023-08-22,7792
2329,華泰,18,3,15,國票-北投,2023-08-22,7792
00637L,元大滬深300正2,16,3,13,國票-北投,2023-08-22,7792
6282,康舒,19,6,13,國票-北投,2023-08-22,7792
00923,群益台ESG低碳50,11,0,11,國票-北投,2023-08-22,7792
3380,明泰,11,0,11,國票-北投,2023-08-22,7792
00720B,元大投資級公司債,10,0,10,國票-北投,2023-08-22,7792
2363,矽統,33,23,10,國票-北投,2023-08-22,7792
2392,正崴,10,0,10,國票-北投,2023-08-22,7792
2399,映泰,10,0,10,國票-北投,2023-08-22,7792
2618,長榮航,15,5,10,國票-北投,2023-08-22,7792
3027,盛達,10,0,10,國票-北投,2023-08-22,7792
6116,彩晶,10,0,10,國票-北投,2023-08-22,7792
1605,華新,12,3,9,國票-北投,2023-08-22,7792
6257,矽格,9,0,9,國票-北投,2023-08-22,7792
2883,凱基金,8,0,8,國票-北投,2023-08-22,7792
4744,皇將,8,0,8,國票-北投,2023-08-22,7792
6213,聯茂,11,3,8,國票-北投,2023-08-22,7792
2538,基泰,7,0,7,國票-北投,2023-08-22,7792
9962,有益,7,0,7,國票-北投,2023-08-22,7792
3078,僑威,6,0,6,國票-北投,2023-08-22,7792
1609,大亞,6,0,6,國票-北投,2023-08-22,7792
2421,建準,6,0,6,國票-北投,2023-08-22,7792
2611,志信,6,0,6,國票-北投,2023-08-22,7792
4138,曜亞,6,0,6,國票-北投,2023-08-22,7792
1513,中興電,10,5,5,國票-北投,2023-08-22,7792
00712,復華富時不動產,5,0,5,國票-北投,2023-08-22,7792
00751B,元大AAA至A公司債,5,0,5,國票-北投,2023-08-22,7792
1312,國喬,5,0,5,國票-北投,2023-08-22,7792
1595,川寶,5,0,5,國票-北投,2023-08-22,7792
1528,恩德,5,0,5,國票-北投,2023-08-22,7792
2062,橋椿,5,0,5,國票-北投,2023-08-22,7792
2337,旺宏,6,1,5,國票-北投,2023-08-22,7792
2610,華航,10,5,5,國票-北投,2023-08-22,7792
3025,星通,7,2,5,國票-北投,2023-08-22,7792
3042,晶技,5,0,5,國票-北投,2023-08-22,7792
3045,台灣大,5,0,5,國票-北投,2023-08-22,7792
3338,泰碩,15,10,5,國票-北投,2023-08-22,7792
3706,神達,6,1,5,國票-北投,2023-08-22,7792
4174,浩鼎,5,0,5,國票-北投,2023-08-22,7792
4979,華星光,6,1,5,國票-北投,2023-08-22,7792
1504,東元,6,2,4,國票-北投,2023-08-22,7792
2324,仁寶,16,12,4,國票-北投,2023-08-22,7792
00632R,元大台灣50反1,59,0,59,國票-北投,2023-08-23,7792
00929,復華台灣科技優息,31,0,31,國票-北投,2023-08-23,7792
2313,華通,30,0,30,國票-北投,2023-08-23,7792
3518,柏騰,20,0,20,國票-北投,2023-08-23,7792
2618,長榮航,20,5,15,國票-北投,2023-08-23,7792
2329,華泰,28,13,15,國票-北投,2023-08-23,7792
2605,新興,13,0,13,國票-北投,2023-08-23,7792
3689,湧德,12,0,12,國票-北投,2023-08-23,7792
4138,曜亞,12,0,12,國票-北投,2023-08-23,7792
3163,波若威,12,1,11,國票-北投,2023-08-23,7792
6285,啟��,16,5,11,國票-北投,2023-08-23,7792
1605,華新,10,0,10,國票-北投,2023-08-23,7792
1584,精剛,10,0,10,國票-北投,2023-08-23,7792
3325,旭品,20,10,10,國票-北投,2023-08-23,7792
4746,台耀,11,1,10,國票-北投,2023-08-23,7792
5452,佶優,12,2,10,國票-北投,2023-08-23,7792
2332,友訊,17,8,9,國票-北投,2023-08-23,7792
6142,友勁,9,0,9,國票-北投,2023-08-23,7792
6282,康舒,27,18,9,國票-北投,2023-08-23,7792
3704,合勤控,8,0,8,國票-北投,2023-08-23,7792
3706,神達,25,18,7,國票-北投,2023-08-23,7792
1444,力麗,6,0,6,國票-北投,2023-08-23,7792
2314,台揚,6,0,6,國票-北投,2023-08-23,7792
5439,高技,7,1,6,國票-北投,2023-08-23,7792
1101,台泥,5,0,5,國票-北投,2023-08-23,7792
2049,上銀,5,0,5,國票-北投,2023-08-23,7792
1417,嘉裕,5,0,5,國票-北投,2023-08-23,7792
2301,光寶科,6,1,5,國票-北投,2023-08-23,7792
2392,正崴,5,0,5,國票-北投,2023-08-23,7792
2484,希華,5,0,5,國票-北投,2023-08-23,7792
3025,星通,5,0,5,國票-北投,2023-08-23,7792
3027,盛達,5,0,5,國票-北投,2023-08-23,7792
3264,欣銓,6,1,5,國票-北投,2023-08-23,7792
3324,雙鴻,5,0,5,國票-北投,2023-08-23,7792
6167,久正,10,5,5,國票-北投,2023-08-23,7792
2067,嘉鋼,4,0,4,國票-北投,2023-08-23,7792
2630,亞航,4,0,4,國票-北投,2023-08-23,7792
3042,晶技,6,2,4,國票-北投,2023-08-23,7792
6213,聯茂,9,5,4,國票-北投,2023-08-23,7792
8074,鉅橡,4,0,4,國票-北投,2023-08-23,7792
2617,台航,3,0,3,國票-北投,2023-08-23,7792
2913,農林,6,3,3,國票-北投,2023-08-23,7792
3055,蔚華科,3,0,3,國票-北投,2023-08-23,7792
4147,中裕,3,0,3,國票-北投,2023-08-23,7792
6122,擎邦,3,0,3,國票-北投,2023-08-23,7792
6218,豪勉,4,1,3,國票-北投,2023-08-23,7792
6257,矽格,4,1,3,國票-北投,2023-08-23,7792
6288,聯嘉,3,0,3,國票-北投,2023-08-23,7792
8358,金居,3,0,3,國票-北投,2023-08-23,7792
3051,力特,2,0,2,國票-北投,2023-08-23,7792
3078,僑威,57,1,56,國票-北投,2023-08-24,7792
00923,群益台ESG低碳50,50,0,50,國票-北投,2023-08-24,7792
2353,宏��,50,1,49,國票-北投,2023-08-24,7792
3094,聯傑,47,0,47,國票-北投,2023-08-24,7792
2363,矽統,170,127,43,國票-北投,2023-08-24,7792
2323,中環,50,20,30,國票-北投,2023-08-24,7792
3518,柏騰,30,0,30,國票-北投,2023-08-24,7792
6167,久正,29,0,29,國票-北投,2023-08-24,7792
00929,復華台灣科技優息,32,5,27,國票-北投,2023-08-24,7792
3231,緯創,93,69,24,國票-北投,2023-08-24,7792
1584,精剛,24,3,21,國票-北投,2023-08-24,7792
2419,仲琦,18,1,17,國票-北投,2023-08-24,7792
00632R,元大台灣50反1,16,0,16,國票-北投,2023-08-24,7792
2356,英業達,30,17,13,國票-北投,2023-08-24,7792
3617,碩天,13,0,13,國票-北投,2023-08-24,7792
2880,華南金,12,0,12,國票-北投,2023-08-24,7792
2884,玉山金,11,0,11,國票-北投,2023-08-24,7792
2618,長榮航,15,4,11,國票-北投,2023-08-24,7792
2359,所羅門,12,1,11,國票-北投,2023-08-24,7792
00830,國泰費城半導體,10,0,10,國票-北投,2023-08-24,7792
2324,仁寶,14,4,10,國票-北投,2023-08-24,7792
2913,農林,9,0,9,國票-北投,2023-08-24,7792
1471,首利,8,0,8,國票-北投,2023-08-24,7792
2610,華航,11,3,8,國票-北投,2023-08-24,7792
6284,佳邦,8,0,8,國票-北投,2023-08-24,7792
2637,慧洋-KY,8,1,7,國票-北投,2023-08-24,7792
1301,台塑,6,0,6,國票-北投,2023-08-24,7792
2883,凱基金,6,0,6,國票-北投,2023-08-24,7792
1609,大亞,5,0,5,國票-北投,2023-08-24,7792
1809,中釉,5,0,5,國票-北投,2023-08-24,7792
1215,卜蜂,5,0,5,國票-北投,2023-08-24,7792
2462,良得電,5,0,5,國票-北投,2023-08-24,7792
3363,上詮,5,0,5,國票-北投,2023-08-24,7792
3540,曜越,5,0,5,國票-北投,2023-08-24,7792
4147,中裕,5,0,5,國票-北投,2023-08-24,7792
4919,新唐,5,0,5,國票-北投,2023-08-24,7792
6126,信音,5,0,5,國票-北投,2023-08-24,7792
6227,茂綸,5,0,5,國票-北投,2023-08-24,7792
5388,中磊,5,0,5,國票-北投,2023-08-24,7792
3051,力特,4,0,4,國票-北投,2023-08-24,7792
2206,三陽工業,4,0,4,國票-北投,2023-08-24,7792
2301,光寶科,15,11,4,國票-北投,2023-08-24,7792
2329,華泰,31,27,4,國票-北投,2023-08-24,7792
3163,波若威,11,7,4,國票-北投,2023-08-24,7792
3380,明泰,24,20,4,國票-北投,2023-08-24,7792
4138,曜亞,4,0,4,國票-北投,2023-08-24,7792
4979,華星光,5,1,4,國票-北投,2023-08-24,7792
1417,嘉裕,3,0,3,國票-北投,2023-08-24,7792
1539,巨庭,3,0,3,國票-北投,2023-08-24,7792
2002,中鋼,3,0,3,國票-北投,2023-08-24,7792
3231,緯創,77,9,68,國票-北投,2023-08-25,7792
3711,日月光投控,55,2,53,國票-北投,2023-08-25,7792
2886,兆豐金,21,0,21,國票-北投,2023-08-25,7792
2363,矽統,132,114,18,國票-北投,2023-08-25,7792
00929,復華台灣科技優息,16,0,16,國票-北投,2023-08-25,7792
2324,仁寶,18,3,15,國票-北投,2023-08-25,7792
8150,南茂,15,0,15,國票-北投,2023-08-25,7792
2330,台積電,14,0,14,國票-北投,2023-08-25,7792
00878,國泰永續高股息,14,0,14,國票-北投,2023-08-25,7792
2376,技嘉,16,4,12,國票-北投,2023-08-25,7792
3363,上詮,12,0,12,國票-北投,2023-08-25,7792
4909,新復興,12,0,12,國票-北投,2023-08-25,7792
1101,台泥,10,0,10,國票-北投,2023-08-25,7792
2374,佳能,10,0,10,國票-北投,2023-08-25,7792
3006,晶豪科,10,0,10,國票-北投,2023-08-25,7792
3049,精金,10,0,10,國票-北投,2023-08-25,7792
3252,海灣,13,3,10,國票-北投,2023-08-25,7792
9934,成霖,10,0,10,國票-北投,2023-08-25,7792
3037,欣興,24,15,9,國票-北投,2023-08-25,7792
4543,萬在,10,1,9,國票-北投,2023-08-25,7792
00877,復華中國5G,8,0,8,國票-北投,2023-08-25,7792
2388,威盛,15,7,8,國票-北投,2023-08-25,7792
00895,富邦未來車,7,0,7,國票-北投,2023-08-25,7792
2344,華邦電,7,0,7,國票-北投,2023-08-25,7792
4147,中裕,7,0,7,國票-北投,2023-08-25,7792
4979,華星光,10,3,7,國票-北投,2023-08-25,7792
2382,廣達,27,21,6,國票-北投,2023-08-25,7792
00900,富邦特選高股息30,6,0,6,國票-北投,2023-08-25,7792
1808,潤隆,6,0,6,國票-北投,2023-08-25,7792
2492,華新科,6,0,6,國票-北投,2023-08-25,7792
2731,雄獅,6,0,6,國票-北投,2023-08-25,7792
8358,金居,6,0,6,國票-北投,2023-08-25,7792
2303,聯電,6,1,5,國票-北投,2023-08-25,7792
00712,復華富時不動產,5,0,5,國票-北投,2023-08-25,7792
1708,東鹼,5,0,5,國票-北投,2023-08-25,7792
2369,菱生,12,7,5,國票-北投,2023-08-25,7792
2880,華南金,5,0,5,國票-北投,2023-08-25,7792
6411,晶焱,5,0,5,國票-北投,2023-08-25,7792
1701,中化,4,0,4,國票-北投,2023-08-25,7792
1216,統一,4,0,4,國票-北投,2023-08-25,7792
00881,國泰台灣5G+,4,0,4,國票-北投,2023-08-25,7792
2610,華航,15,11,4,國票-北投,2023-08-25,7792
2891,中信金,4,0,4,國票-北投,2023-08-25,7792
3324,雙鴻,4,0,4,國票-北投,2023-08-25,7792
3531,先益,4,0,4,國票-北投,2023-08-25,7792
3715,定穎投控,7,3,4,國票-北投,2023-08-25,7792
4934,太極,4,0,4,國票-北投,2023-08-25,7792
6213,聯茂,4,0,4,國票-北投,2023-08-25,7792
6443,元晶,4,0,4,國票-北投,2023-08-25,7792
3017,奇鋐,6,2,4,國票-北投,2023-08-25,7792
2324,仁寶,50,1,49,國票-北投,2023-08-28,7792
6244,茂迪,40,0,40,國票-北投,2023-08-28,7792
2353,宏��,40,2,38,國票-北投,2023-08-28,7792
2303,聯電,74,38,36,國票-北投,2023-08-28,7792
2312,金寶,30,0,30,國票-北投,2023-08-28,7792
00715L,期街口布蘭特正2,30,0,30,國票-北投,2023-08-28,7792
3025,星通,30,1,29,國票-北投,2023-08-28,7792
3078,僑威,20,0,20,國票-北投,2023-08-28,7792
3518,柏騰,20,0,20,國票-北投,2023-08-28,7792
6168,宏齊,31,13,18,國票-北投,2023-08-28,7792
2618,長榮航,19,1,18,國票-北投,2023-08-28,7792
00929,復華台灣科技優息,16,0,16,國票-北投,2023-08-28,7792
00878,國泰永續高股息,17,5,12,國票-北投,2023-08-28,7792
1737,臺鹽,12,1,11,國票-北投,2023-08-28,7792
5309,系統電,11,0,11,國票-北投,2023-08-28,7792
2317,鴻海,12,1,11,國票-北投,2023-08-28,7792
2409,友達,10,0,10,國票-北投,2023-08-28,7792
2419,仲琦,10,0,10,國票-北投,2023-08-28,7792
2465,麗臺,10,0,10,國票-北投,2023-08-28,7792
1303,南亞,10,0,10,國票-北投,2023-08-28,7792
00637L,元大滬深300正2,22,13,9,國票-北投,2023-08-28,7792
2301,光寶科,9,0,9,國票-北投,2023-08-28,7792
2609,陽明,8,0,8,國票-北投,2023-08-28,7792
4909,新復興,8,0,8,國票-北投,2023-08-28,7792
6194,育富,8,0,8,國票-北投,2023-08-28,7792
2323,中環,7,0,7,國票-北投,2023-08-28,7792
2388,威盛,7,0,7,國票-北投,2023-08-28,7792
6282,康舒,7,1,6,國票-北投,2023-08-28,7792
1808,潤隆,6,0,6,國票-北投,2023-08-28,7792
3231,緯創,38,32,6,國票-北投,2023-08-28,7792
3380,明泰,6,0,6,國票-北投,2023-08-28,7792
6163,華電網,6,0,6,國票-北投,2023-08-28,7792
1785,光洋科,5,0,5,國票-北投,2023-08-28,7792
00919,群益台灣精選高息,5,0,5,國票-北投,2023-08-28,7792
1612,宏泰,5,0,5,國票-北投,2023-08-28,7792
1709,和益,5,0,5,國票-北投,2023-08-28,7792
1584,精剛,9,4,5,國票-北投,2023-08-28,7792
2739,寒舍,5,0,5,國票-北投,2023-08-28,7792
3056,富華新,5,0,5,國票-北投,2023-08-28,7792
3617,碩天,5,0,5,國票-北投,2023-08-28,7792
3715,定穎投控,6,1,5,國票-北投,2023-08-28,7792
5521,工信,5,0,5,國票-北投,2023-08-28,7792
1513,中興電,4,0,4,國票-北投,2023-08-28,7792
2337,旺宏,5,1,4,國票-北投,2023-08-28,7792
3324,雙鴻,4,0,4,國票-北投,2023-08-28,7792
3479,安勤,4,0,4,國票-北投,2023-08-28,7792
5371,中光電,5,1,4,國票-北投,2023-08-28,7792
6271,同欣電,4,0,4,國票-北投,2023-08-28,7792
2882,國泰金,6,2,4,國票-北投,2023-08-28,7792
1402,遠東新,3,0,3,國票-北投,2023-08-28,7792
00929,復華台灣科技優息,411,0,411,國票-北投,2023-08-29,7792
3706,神達,60,1,59,國票-北投,2023-08-29,7792
2363,矽統,99,40,59,國票-北投,2023-08-29,7792
4906,正文,45,1,44,國票-北投,2023-08-29,7792
2637,慧洋-KY,30,1,29,國票-北投,2023-08-29,7792
6770,力積電,28,0,28,國票-北投,2023-08-29,7792
2634,漢翔,27,1,26,國票-北投,2023-08-29,7792
2002,中鋼,20,0,20,國票-北投,2023-08-29,7792
2409,友達,20,0,20,國票-北投,2023-08-29,7792
2888,新光金,20,0,20,國票-北投,2023-08-29,7792
6244,茂迪,20,0,20,國票-北投,2023-08-29,7792
2317,鴻海,25,7,18,國票-北投,2023-08-29,7792
1584,精剛,19,1,18,國票-北投,2023-08-29,7792
2355,敬鵬,19,4,15,國票-北投,2023-08-29,7792
4916,事欣科,16,1,15,國票-北投,2023-08-29,7792
2504,國產,13,0,13,國票-北投,2023-08-29,7792
1101,台泥,12,0,12,國票-北投,2023-08-29,7792
4909,新復興,12,0,12,國票-北投,2023-08-29,7792
2301,光寶科,11,0,11,國票-北投,2023-08-29,7792
3090,日電貿,11,0,11,國票-北投,2023-08-29,7792
5443,均豪,11,0,11,國票-北投,2023-08-29,7792
00632R,元大台灣50反1,10,0,10,國票-北投,2023-08-29,7792
2401,凌陽,10,0,10,國票-北投,2023-08-29,7792
4138,曜亞,10,0,10,國票-北投,2023-08-29,7792
5388,中磊,13,5,8,國票-北投,2023-08-29,7792
6257,矽格,7,0,7,國票-北投,2023-08-29,7792
2618,長榮航,6,0,6,國票-北投,2023-08-29,7792
1445,大宇,5,0,5,國票-北投,2023-08-29,7792
1603,華電,5,0,5,國票-北投,2023-08-29,7792
00676R,富邦臺灣加權反1,5,0,5,國票-北投,2023-08-29,7792
00664R,國泰臺灣加權反1,5,0,5,國票-北投,2023-08-29,7792
2356,英業達,14,9,5,國票-北投,2023-08-29,7792
6829,千附精密,7,2,5,國票-北投,2023-08-29,7792
8033,雷虎,5,0,5,國票-北投,2023-08-29,7792
2605,新興,5,1,4,國票-北投,2023-08-29,7792
6672,騰輝電子-KY,4,0,4,國票-北投,2023-08-29,7792
2887,台新金,3,0,3,國票-北投,2023-08-29,7792
2603,長榮,3,0,3,國票-北投,2023-08-29,7792
6176,瑞儀,3,0,3,國票-北投,2023-08-29,7792
1301,台塑,3,0,3,國票-北投,2023-08-29,7792
3481,群創,3,0,3,國票-北投,2023-08-29,7792
1604,聲寶,2,0,2,國票-北投,2023-08-29,7792
1464,得力,2,0,2,國票-北投,2023-08-29,7792
1227,佳格,2,0,2,國票-北投,2023-08-29,7792
0056,元大高股息,2,0,2,國票-北投,2023-08-29,7792
1810,和成,5,3,2,國票-北投,2023-08-29,7792
2369,菱生,2,0,2,國票-北投,2023-08-29,7792
2425,承啟,2,0,2,國票-北投,2023-08-29,7792
2449,京元電子,3,1,2,國票-北投,2023-08-29,7792
3015,全漢,2,0,2,國票-北投,2023-08-29,7792
2630,亞航,61,1,60,國票-北投,2023-08-30,7792
2388,威盛,51,3,48,國票-北投,2023-08-30,7792
2352,佳世達,36,0,36,國票-北投,2023-08-30,7792
2618,長榮航,37,3,34,國票-北投,2023-08-30,7792
00919,群益台灣精選高息,30,0,30,國票-北投,2023-08-30,7792
3078,僑威,30,0,30,國票-北投,2023-08-30,7792
2485,兆赫,24,4,20,國票-北投,2023-08-30,7792
2885,元大金,20,0,20,國票-北投,2023-08-30,7792
6191,精成科,20,0,20,國票-北投,2023-08-30,7792
3013,晟銘電,21,2,19,國票-北投,2023-08-30,7792
2425,承啟,15,0,15,國票-北投,2023-08-30,7792
2891,中信金,15,0,15,國票-北投,2023-08-30,7792
00637L,元大滬深300正2,19,6,13,國票-北投,2023-08-30,7792
3231,緯創,26,16,10,國票-北投,2023-08-30,7792
00673R,期元大S＆P原油反1,10,0,10,國票-北投,2023-08-30,7792
3042,晶技,10,0,10,國票-北投,2023-08-30,7792
4142,國光生,10,0,10,國票-北投,2023-08-30,7792
2344,華邦電,11,2,9,國票-北投,2023-08-30,7792
6285,啟��,21,12,9,國票-北投,2023-08-30,7792
2610,華航,11,3,8,國票-北投,2023-08-30,7792
00632R,元大台灣50反1,8,0,8,國票-北投,2023-08-30,7792
5009,榮剛,8,0,8,國票-北投,2023-08-30,7792
2301,光寶科,8,1,7,國票-北投,2023-08-30,7792
2329,華泰,19,12,7,國票-北投,2023-08-30,7792
3617,碩天,7,0,7,國票-北投,2023-08-30,7792
6672,騰輝電子-KY,6,0,6,國票-北投,2023-08-30,7792
00751B,元大AAA至A公司債,5,0,5,國票-北投,2023-08-30,7792
2353,宏��,5,0,5,國票-北投,2023-08-30,7792
3163,波若威,11,6,5,國票-北投,2023-08-30,7792
1477,聚陽,4,0,4,國票-北投,2023-08-30,7792
2392,正崴,4,0,4,國票-北投,2023-08-30,7792
6117,迎廣,4,0,4,國票-北投,2023-08-30,7792
2317,鴻海,5,2,3,國票-北投,2023-08-30,7792
00878,國泰永續高股息,5,2,3,國票-北投,2023-08-30,7792
2421,建準,3,0,3,國票-北投,2023-08-30,7792
3624,光頡,3,0,3,國票-北投,2023-08-30,7792
4967,十銓,3,0,3,國票-北投,2023-08-30,7792
5340,建榮,3,0,3,國票-北投,2023-08-30,7792
5511,德昌,3,0,3,國票-北投,2023-08-30,7792
6719,力智,3,0,3,國票-北投,2023-08-30,7792
2382,廣達,10,7,3,國票-北投,2023-08-30,7792
6274,台燿,4,2,2,國票-北投,2023-08-30,7792
3704,合勤控,2,0,2,國票-北投,2023-08-30,7792
00881,國泰台灣5G+,2,0,2,國票-北投,2023-08-30,7792
00687B,國泰20年美債,2,0,2,國票-北投,2023-08-30,7792
00680L,元大美債20正2,2,0,2,國票-北投,2023-08-30,7792
2002,中鋼,2,0,2,國票-北投,2023-08-30,7792
2323,中環,2,0,2,國票-北投,2023-08-30,7792
2504,國產,2,0,2,國票-北投,2023-08-30,7792
2609,陽明,3,1,2,國票-北投,2023-08-30,7792
2313,華通,161,1,160,國票-北投,2023-08-31,7792
2888,新光金,101,0,101,國票-北投,2023-08-31,7792
2206,三陽工業,30,0,30,國票-北投,2023-08-31,7792
6770,力積電,31,1,30,國票-北投,2023-08-31,7792
2610,華航,29,0,29,國票-北投,2023-08-31,7792
4906,正文,20,4,16,國票-北投,2023-08-31,7792
2891,中信金,21,7,14,國票-北投,2023-08-31,7792
6547,高端疫苗,16,2,14,國票-北投,2023-08-31,7792
2312,金寶,12,0,12,國票-北投,2023-08-31,7792
3706,神達,18,6,12,國票-北投,2023-08-31,7792
0050,元大台灣50,11,0,11,國票-北投,2023-08-31,7792
2002,中鋼,11,0,11,國票-北投,2023-08-31,7792
3548,兆利,11,0,11,國票-北投,2023-08-31,7792
2027,大成鋼,10,0,10,國票-北投,2023-08-31,7792
00919,群益台灣精選高息,10,0,10,國票-北投,2023-08-31,7792
2442,新美齊,10,0,10,國票-北投,2023-08-31,7792
3481,群創,22,12,10,國票-北投,2023-08-31,7792
2330,台積電,9,1,8,國票-北投,2023-08-31,7792
2332,友訊,10,2,8,國票-北投,2023-08-31,7792
2383,台光電,11,3,8,國票-北投,2023-08-31,7792
1802,台玻,11,4,7,國票-北投,2023-08-31,7792
3051,力特,9,2,7,國票-北投,2023-08-31,7792
3617,碩天,7,0,7,國票-北投,2023-08-31,7792
5309,系統電,7,0,7,國票-北投,2023-08-31,7792
6188,廣明,6,0,6,國票-北投,2023-08-31,7792
1101,台泥,8,2,6,國票-北投,2023-08-31,7792
2324,仁寶,15,9,6,國票-北投,2023-08-31,7792
2834,臺企銀,6,0,6,國票-北投,2023-08-31,7792
1471,首利,5,0,5,國票-北投,2023-08-31,7792
00673R,期元大S＆P原油反1,5,0,5,國票-北投,2023-08-31,7792
2455,全新,6,1,5,國票-北投,2023-08-31,7792
4916,事欣科,5,0,5,國票-北投,2023-08-31,7792
6754,匯僑設計,5,0,5,國票-北投,2023-08-31,7792
8936,國統,5,0,5,國票-北投,2023-08-31,7792
00637L,元大滬深300正2,4,0,4,國票-北投,2023-08-31,7792
2820,華票,4,0,4,國票-北投,2023-08-31,7792
6104,創惟,4,0,4,國票-北投,2023-08-31,7792
6271,同欣電,4,0,4,國票-北投,2023-08-31,7792
8222,寶一,12,8,4,國票-北投,2023-08-31,7792
1216,統一,3,0,3,國票-北投,2023-08-31,7792
3014,聯陽,4,1,3,國票-北投,2023-08-31,7792
3264,欣銓,3,0,3,國票-北投,2023-08-31,7792
3380,明泰,3,0,3,國票-北投,2023-08-31,7792
6719,力智,3,0,3,國票-北投,2023-08-31,7792
8086,宏捷科,4,1,3,國票-北投,2023-08-31,7792
8088,品安,14,11,3,國票-北投,2023-08-31,7792
1609,大亞,2,0,2,國票-北投,2023-08-31,7792
00772B,中信高評級公司債,2,0,2,國票-北投,2023-08-31,7792
2250,IKKA-KY,2,0,2,國票-北投,2023-08-31,7792
2301,光寶科,2,0,2,國票-北投,2023-08-31,7792
1326,台化,50,0,50,國票-北投,2023-09-01,7792
3231,緯創,68,39,29,國票-北投,2023-09-01,7792
8150,南茂,28,0,28,國票-北投,2023-09-01,7792
4909,新復興,23,1,22,國票-北投,2023-09-01,7792
4960,誠美材,22,0,22,國票-北投,2023-09-01,7792
2382,廣達,33,11,22,國票-北投,2023-09-01,7792
00929,復華台灣科技優息,20,0,20,國票-北投,2023-09-01,7792
00673R,期元大S＆P原油反1,20,0,20,國票-北投,2023-09-01,7792
2313,華通,17,1,16,國票-北投,2023-09-01,7792
2356,英業達,24,12,12,國票-北投,2023-09-01,7792
2497,怡利電,12,0,12,國票-北投,2023-09-01,7792
2634,漢翔,17,5,12,國票-北投,2023-09-01,7792
2363,矽統,49,38,11,國票-北投,2023-09-01,7792
00878,國泰永續高股息,11,0,11,國票-北投,2023-09-01,7792
1522,堤維西,13,2,11,國票-北投,2023-09-01,7792
9942,茂順,11,0,11,國票-北投,2023-09-01,7792
1603,華電,10,0,10,國票-北投,2023-09-01,7792
1444,力麗,10,0,10,國票-北投,2023-09-01,7792
6111,大宇資,10,0,10,國票-北投,2023-09-01,7792
6163,華電網,10,0,10,國票-北投,2023-09-01,7792
1513,中興電,11,2,9,國票-北投,2023-09-01,7792
6282,康舒,12,3,9,國票-北投,2023-09-01,7792
2610,華航,16,8,8,國票-北投,2023-09-01,7792
3325,旭品,8,0,8,國票-北投,2023-09-01,7792
2492,華新科,13,7,6,國票-北投,2023-09-01,7792
2329,華泰,11,5,6,國票-北投,2023-09-01,7792
2485,兆赫,108,102,6,國票-北投,2023-09-01,7792
3011,今皓,6,0,6,國票-北投,2023-09-01,7792
3094,聯傑,6,0,6,國票-北投,2023-09-01,7792
2645,長榮航太,5,0,5,國票-北投,2023-09-01,7792
00919,群益台灣精選高息,10,5,5,國票-北投,2023-09-01,7792
2206,三陽工業,6,1,5,國票-北投,2023-09-01,7792
2367,燿華,5,0,5,國票-北投,2023-09-01,7792
2428,興勤,5,0,5,國票-北投,2023-09-01,7792
4945,陞達科技,5,0,5,國票-北投,2023-09-01,7792
5284,jpp-KY,5,0,5,國票-北投,2023-09-01,7792
5465,富驊,5,0,5,國票-北投,2023-09-01,7792
8183,精星,6,1,5,國票-北投,2023-09-01,7792
8358,金居,7,2,5,國票-北投,2023-09-01,7792
2330,台積電,5,0,5,國票-北投,2023-09-01,7792
1101,台泥,8,4,4,國票-北投,2023-09-01,7792
1504,東元,4,0,4,國票-北投,2023-09-01,7792
1519,華城,6,2,4,國票-北投,2023-09-01,7792
2337,旺宏,10,6,4,國票-北投,2023-09-01,7792
2368,金像電,5,1,4,國票-北投,2023-09-01,7792
3163,波若威,6,2,4,國票-北投,2023-09-01,7792
3545,敦泰,4,0,4,國票-北投,2023-09-01,7792
4746,台耀,6,2,4,國票-北投,2023-09-01,7792
6213,聯茂,6,2,4,國票-北投,2023-09-01,7792
1605,華新,3,0,3,國票-北投,2023-09-01,7792
006205,富邦上証,100,0,100,國票-北投,2023-09-04,7792
3588,通嘉,86,36,50,國票-北投,2023-09-04,7792
2363,矽統,98,56,42,國票-北投,2023-09-04,7792
2371,大同,47,7,40,國票-北投,2023-09-04,7792
5009,榮剛,46,8,38,國票-北投,2023-09-04,7792
2313,華通,28,1,27,國票-北投,2023-09-04,7792
00751B,元大AAA至A公司債,25,0,25,國票-北投,2023-09-04,7792
00720B,元大投資級公司債,25,0,25,國票-北投,2023-09-04,7792
00919,群益台灣精選高息,25,0,25,國票-北投,2023-09-04,7792
2331,精英,22,2,20,國票-北投,2023-09-04,7792
2497,怡利電,17,1,16,國票-北投,2023-09-04,7792
2201,裕隆,20,6,14,國票-北投,2023-09-04,7792
4909,新復興,14,1,13,國票-北投,2023-09-04,7792
4945,陞達科技,13,0,13,國票-北投,2023-09-04,7792
2027,大成鋼,14,1,13,國票-北投,2023-09-04,7792
020033,統一�琤肮黕篾,12,0,12,國票-北投,2023-09-04,7792
2409,友達,12,0,12,國票-北投,2023-09-04,7792
00673R,期元大S＆P原油反1,10,0,10,國票-北投,2023-09-04,7792
2801,彰銀,10,0,10,國票-北投,2023-09-04,7792
5443,均豪,18,8,10,國票-北投,2023-09-04,7792
6127,九豪,10,0,10,國票-北投,2023-09-04,7792
8105,凌巨,10,0,10,國票-北投,2023-09-04,7792
2002,中鋼,10,1,9,國票-北投,2023-09-04,7792
1905,華紙,10,1,9,國票-北投,2023-09-04,7792
2303,聯電,14,6,8,國票-北投,2023-09-04,7792
2498,宏達電,8,0,8,國票-北投,2023-09-04,7792
3231,緯創,17,10,7,國票-北投,2023-09-04,7792
5381,合正,8,1,7,國票-北投,2023-09-04,7792
6719,力智,7,0,7,國票-北投,2023-09-04,7792
1802,台玻,7,1,6,國票-北投,2023-09-04,7792
2301,光寶科,7,1,6,國票-北投,2023-09-04,7792
8358,金居,7,1,6,國票-北投,2023-09-04,7792
2329,華泰,7,2,5,國票-北投,2023-09-04,7792
2610,華航,10,5,5,國票-北投,2023-09-04,7792
3056,富華新,5,0,5,國票-北投,2023-09-04,7792
3622,洋華,6,1,5,國票-北投,2023-09-04,7792
3706,神達,5,0,5,國票-北投,2023-09-04,7792
3715,定穎投控,6,1,5,國票-北投,2023-09-04,7792
4906,正文,10,5,5,國票-北投,2023-09-04,7792
5227,立凱-KY,5,0,5,國票-北投,2023-09-04,7792
8222,寶一,5,0,5,國票-北投,2023-09-04,7792
6188,廣明,6,2,4,國票-北投,2023-09-04,7792
00679B,元大美債20年,4,0,4,國票-北投,2023-09-04,7792
3290,東浦,4,0,4,國票-北投,2023-09-04,7792
3673,TPK-KY,4,0,4,國票-北投,2023-09-04,7792
6213,聯茂,5,1,4,國票-北投,2023-09-04,7792
8088,品安,5,1,4,國票-北投,2023-09-04,7792
2344,華邦電,5,1,4,國票-北投,2023-09-04,7792
020022,元大電動車N,3,0,3,國票-北投,2023-09-04,7792
2323,中環,3,0,3,國票-北投,2023-09-04,7792
3481,群創,60,1,59,國票-北投,2023-09-05,7792
2313,華通,82,40,42,國票-北投,2023-09-05,7792
00919,群益台灣精選高息,39,0,39,國票-北投,2023-09-05,7792
2618,長榮航,27,0,27,國票-北投,2023-09-05,7792
2363,矽統,121,99,22,國票-北投,2023-09-05,7792
00637L,元大滬深300正2,25,5,20,國票-北投,2023-09-05,7792
2323,中環,20,0,20,國票-北投,2023-09-05,7792
2887,台新金,20,0,20,國票-北投,2023-09-05,7792
4945,陞達科技,16,0,16,國票-北投,2023-09-05,7792
3231,緯創,23,9,14,國票-北投,2023-09-05,7792
00929,復華台灣科技優息,34,20,14,國票-北投,2023-09-05,7792
2881,富邦金,12,0,12,國票-北投,2023-09-05,7792
00878,國泰永續高股息,12,0,12,國票-北投,2023-09-05,7792
2497,怡利電,12,0,12,國票-北投,2023-09-05,7792
4952,凌通,12,0,12,國票-北投,2023-09-05,7792
2337,旺宏,16,6,10,國票-北投,2023-09-05,7792
2634,漢翔,11,2,9,國票-北投,2023-09-05,7792
2208,台船,8,0,8,國票-北投,2023-09-05,7792
2468,華經,8,0,8,國票-北投,2023-09-05,7792
2382,廣達,18,12,6,國票-北投,2023-09-05,7792
2421,建準,6,0,6,國票-北投,2023-09-05,7792
3051,力特,7,1,6,國票-北投,2023-09-05,7792
3545,敦泰,11,5,6,國票-北投,2023-09-05,7792
4909,新復興,6,0,6,國票-北投,2023-09-05,7792
6213,聯茂,8,2,6,國票-北投,2023-09-05,7792
1795,美時,5,0,5,國票-北投,2023-09-05,7792
00931B,統一美債20年,5,0,5,國票-北投,2023-09-05,7792
00772B,中信高評級公司債,5,0,5,國票-北投,2023-09-05,7792
00712,復華富時不動產,5,0,5,國票-北投,2023-09-05,7792
00687B,國泰20年美債,5,0,5,國票-北投,2023-09-05,7792
2371,大同,15,10,5,國票-北投,2023-09-05,7792
2605,新興,5,0,5,國票-北投,2023-09-05,7792
2801,彰銀,5,0,5,國票-北投,2023-09-05,7792
00679B,元大美債20年,4,0,4,國票-北投,2023-09-05,7792
2206,三陽工業,4,0,4,國票-北投,2023-09-05,7792
2332,友訊,4,0,4,國票-北投,2023-09-05,7792
2402,毅嘉,5,1,4,國票-北投,2023-09-05,7792
3105,穩懋,4,0,4,國票-北投,2023-09-05,7792
3567,逸昌,6,2,4,國票-北投,2023-09-05,7792
4162,智擎,4,0,4,國票-北投,2023-09-05,7792
4944,兆遠,4,0,4,國票-北投,2023-09-05,7792
6235,華孚,11,7,4,國票-北投,2023-09-05,7792
6188,廣明,4,1,3,國票-北投,2023-09-05,7792
1905,華紙,3,0,3,國票-北投,2023-09-05,7792
2356,英業達,9,6,3,國票-北投,2023-09-05,7792
2884,玉山金,3,0,3,國票-北投,2023-09-05,7792
3257,虹冠電,6,3,3,國票-北投,2023-09-05,7792
4147,中裕,7,4,3,國票-北投,2023-09-05,7792
4919,新唐,4,1,3,國票-北投,2023-09-05,7792
6271,同欣電,6,3,3,國票-北投,2023-09-05,7792
2353,宏��,72,3,69,國票-北投,2023-09-06,7792
2618,長榮航,68,11,57,國票-北投,2023-09-06,7792
00929,復華台灣科技優息,54,1,53,國票-北投,2023-09-06,7792
4973,廣穎,30,0,30,國票-北投,2023-09-06,7792
00919,群益台灣精選高息,28,0,28,國票-北投,2023-09-06,7792
2409,友達,23,0,23,國票-北投,2023-09-06,7792
4909,新復興,23,0,23,國票-北投,2023-09-06,7792
3025,星通,22,1,21,國票-北投,2023-09-06,7792
2367,燿華,20,0,20,國票-北投,2023-09-06,7792
2457,飛宏,26,6,20,國票-北投,2023-09-06,7792
8064,東捷,20,0,20,國票-北投,2023-09-06,7792
00915,凱基優選高股息30,19,0,19,國票-北投,2023-09-06,7792
3051,力特,19,0,19,國票-北投,2023-09-06,7792
1802,台玻,18,2,16,國票-北投,2023-09-06,7792
2002,中鋼,13,0,13,國票-北投,2023-09-06,7792
3481,群創,13,0,13,國票-北投,2023-09-06,7792
00637L,元大滬深300正2,13,2,11,國票-北投,2023-09-06,7792
4533,協易機,14,3,11,國票-北投,2023-09-06,7792
00888,永豐台灣ESG,10,0,10,國票-北投,2023-09-06,7792
1219,福壽,10,0,10,國票-北投,2023-09-06,7792
00918,大華優利高填息30,10,0,10,國票-北投,2023-09-06,7792
2352,佳世達,10,0,10,國票-北投,2023-09-06,7792
2605,新興,10,0,10,國票-北投,2023-09-06,7792
2885,元大金,10,0,10,國票-北投,2023-09-06,7792
3617,碩天,10,0,10,國票-北投,2023-09-06,7792
3706,神達,10,0,10,國票-北投,2023-09-06,7792
4945,陞達科技,10,0,10,國票-北投,2023-09-06,7792
6191,精成科,10,0,10,國票-北投,2023-09-06,7792
00932,兆豐永續高息等權,11,2,9,國票-北投,2023-09-06,7792
2610,華航,12,3,9,國票-北投,2023-09-06,7792
5381,合正,16,7,9,國票-北投,2023-09-06,7792
8358,金居,16,8,8,國票-北投,2023-09-06,7792
00900,富邦特選高股息30,8,0,8,國票-北投,2023-09-06,7792
2303,聯電,9,2,7,國票-北投,2023-09-06,7792
2027,大成鋼,7,0,7,國票-北投,2023-09-06,7792
2376,技嘉,12,6,6,國票-北投,2023-09-06,7792
00751B,元大AAA至A公司債,6,0,6,國票-北投,2023-09-06,7792
00720B,元大投資級公司債,6,0,6,國票-北投,2023-09-06,7792
2332,友訊,10,4,6,國票-北投,2023-09-06,7792
2356,英業達,9,3,6,國票-北投,2023-09-06,7792
2401,凌陽,9,3,6,國票-北投,2023-09-06,7792
2402,毅嘉,27,21,6,國票-北投,2023-09-06,7792
2538,基泰,6,0,6,國票-北投,2023-09-06,7792
8112,至上,18,12,6,國票-北投,2023-09-06,7792
00931B,統一美債20年,5,0,5,國票-北投,2023-09-06,7792
00673R,期元大S＆P原油反1,5,0,5,國票-北投,2023-09-06,7792
2485,兆赫,5,0,5,國票-北投,2023-09-06,7792
2614,東森,5,0,5,國票-北投,2023-09-06,7792
3059,華晶科,5,0,5,國票-北投,2023-09-06,7792
3081,聯亞,7,2,5,國票-北投,2023-09-06,7792
00929,復華台灣科技優息,99,0,99,國票-北投,2023-09-07,7792
3588,通嘉,91,1,90,國票-北投,2023-09-07,7792
4906,正文,77,1,76,國票-北投,2023-09-07,7792
00919,群益台灣精選高息,48,0,48,國票-北投,2023-09-07,7792
2344,華邦電,42,1,41,國票-北投,2023-09-07,7792
2354,鴻準,35,0,35,國票-北投,2023-09-07,7792
2610,華航,32,0,32,國票-北投,2023-09-07,7792
2313,華通,54,24,30,國票-北投,2023-09-07,7792
2332,友訊,27,0,27,國票-北投,2023-09-07,7792
00751B,元大AAA至A公司債,24,0,24,國票-北投,2023-09-07,7792
00720B,元大投資級公司債,24,0,24,國票-北投,2023-09-07,7792
00673R,期元大S＆P原油反1,22,0,22,國票-北投,2023-09-07,7792
00722B,群益投資級電信債,20,0,20,國票-北投,2023-09-07,7792
2409,友達,20,0,20,國票-北投,2023-09-07,7792
00878,國泰永續高股息,14,0,14,國票-北投,2023-09-07,7792
2337,旺宏,34,20,14,國票-北投,2023-09-07,7792
2303,聯電,13,0,13,國票-北投,2023-09-07,7792
4909,新復興,15,2,13,國票-北投,2023-09-07,7792
8064,東捷,12,0,12,國票-北投,2023-09-07,7792
3481,群創,11,0,11,國票-北投,2023-09-07,7792
1527,鑽全,10,0,10,國票-北投,2023-09-07,7792
1618,合機,12,2,10,國票-北投,2023-09-07,7792
00725B,國泰投資級公司債,10,0,10,國票-北投,2023-09-07,7792
2401,凌陽,15,5,10,國票-北投,2023-09-07,7792
2408,南亞科,11,1,10,國票-北投,2023-09-07,7792
2449,京元電子,14,4,10,國票-北投,2023-09-07,7792
2324,仁寶,9,0,9,國票-北投,2023-09-07,7792
2630,亞航,10,1,9,國票-北投,2023-09-07,7792
4904,遠傳,9,0,9,國票-北投,2023-09-07,7792
5381,合正,10,1,9,國票-北投,2023-09-07,7792
6203,海韻電,11,2,9,國票-北投,2023-09-07,7792
3704,合勤控,13,4,9,國票-北投,2023-09-07,7792
4123,晟德,8,0,8,國票-北投,2023-09-07,7792
3311,閎暉,8,0,8,國票-北投,2023-09-07,7792
3025,星通,10,3,7,國票-北投,2023-09-07,7792
2884,玉山金,7,1,6,國票-北投,2023-09-07,7792
00902,中信電池及儲能,6,0,6,國票-北投,2023-09-07,7792
00900,富邦特選高股息30,6,0,6,國票-北投,2023-09-07,7792
1108,幸福,6,0,6,國票-北投,2023-09-07,7792
2883,凱基金,6,0,6,國票-北投,2023-09-07,7792
3260,威剛,16,10,6,國票-北投,2023-09-07,7792
3265,台星科,6,0,6,國票-北投,2023-09-07,7792
3617,碩天,10,4,6,國票-北投,2023-09-07,7792
8358,金居,8,2,6,國票-北投,2023-09-07,7792
2489,瑞軒,6,1,5,國票-北投,2023-09-07,7792
00715L,期街口布蘭特正2,5,0,5,國票-北投,2023-09-07,7792
1802,台玻,5,0,5,國票-北投,2023-09-07,7792
2355,敬鵬,18,13,5,國票-北投,2023-09-07,7792
2359,所羅門,5,0,5,國票-北投,2023-09-07,7792
2382,廣達,27,22,5,國票-北投,2023-09-07,7792
3711,日月光投控,70,0,70,國票-北投,2023-09-08,7792
2002,中鋼,51,0,51,國票-北投,2023-09-08,7792
2353,宏��,61,17,44,國票-北投,2023-09-08,7792
00932,兆豐永續高息等權,20,0,20,國票-北投,2023-09-08,7792
2402,毅嘉,32,12,20,國票-北投,2023-09-08,7792
2883B,凱基金乙特,20,0,20,國票-北投,2023-09-08,7792
3094,聯傑,20,0,20,國票-北投,2023-09-08,7792
6148,驊宏資,13,0,13,國票-北投,2023-09-08,7792
2382,廣達,28,15,13,國票-北投,2023-09-08,7792
2313,華通,13,1,12,國票-北投,2023-09-08,7792
00919,群益台灣精選高息,13,1,12,國票-北投,2023-09-08,7792
1714,和桐,10,0,10,國票-北投,2023-09-08,7792
8930,青鋼,10,0,10,國票-北投,2023-09-08,7792
9928,中視,10,0,10,國票-北投,2023-09-08,7792
2618,長榮航,10,1,9,國票-北投,2023-09-08,7792
3043,科風,8,0,8,國票-北投,2023-09-08,7792
4909,新復興,8,0,8,國票-北投,2023-09-08,7792
00929,復華台灣科技優息,19,12,7,國票-北投,2023-09-08,7792
3260,威剛,7,0,7,國票-北投,2023-09-08,7792
0056,元大高股息,8,1,7,國票-北投,2023-09-08,7792
1432,大魯閣,6,0,6,國票-北投,2023-09-08,7792
2303,聯電,6,0,6,國票-北投,2023-09-08,7792
3047,訊舟,6,0,6,國票-北投,2023-09-08,7792
5299,杰力,6,0,6,國票-北投,2023-09-08,7792
5386,青雲,7,1,6,國票-北投,2023-09-08,7792
8358,金居,7,1,6,國票-北投,2023-09-08,7792
0050,元大台灣50,5,0,5,國票-北投,2023-09-08,7792
1305,華夏,5,0,5,國票-北投,2023-09-08,7792
2485,兆赫,5,0,5,國票-北投,2023-09-08,7792
2504,國產,5,0,5,國票-北投,2023-09-08,7792
3704,合勤控,18,13,5,國票-北投,2023-09-08,7792
8341,日友,5,0,5,國票-北投,2023-09-08,7792
5381,合正,7,2,5,國票-北投,2023-09-08,7792
2330,台積電,4,0,4,國票-北投,2023-09-08,7792
3515,華擎,4,0,4,國票-北投,2023-09-08,7792
2301,光寶科,6,2,4,國票-北投,2023-09-08,7792
2329,華泰,9,5,4,國票-北投,2023-09-08,7792
2377,微星,4,0,4,國票-北投,2023-09-08,7792
2451,創見,4,0,4,國票-北投,2023-09-08,7792
2457,飛宏,5,1,4,國票-北投,2023-09-08,7792
2603,長榮,10,6,4,國票-北投,2023-09-08,7792
2820,華票,4,0,4,國票-北投,2023-09-08,7792
3338,泰碩,4,0,4,國票-北投,2023-09-08,7792
3362,先進光,6,2,4,國票-北投,2023-09-08,7792
4746,台耀,4,0,4,國票-北投,2023-09-08,7792
6733,博晟生醫,4,0,4,國票-北投,2023-09-08,7792
8234,新漢,4,0,4,國票-北投,2023-09-08,7792
1504,東元,5,2,3,國票-北投,2023-09-08,7792
00922,國泰台灣領袖50,3,0,3,國票-北投,2023-09-08,7792
2324,仁寶,3,0,3,國票-北投,2023-09-08,7792
00929,復華台灣科技優息,52,0,52,國票-北投,2023-09-11,7792
2352,佳世達,41,6,35,國票-北投,2023-09-11,7792
2382,廣達,60,26,34,國票-北投,2023-09-11,7792
2353,宏��,33,0,33,國票-北投,2023-09-11,7792
5309,系統電,29,0,29,國票-北投,2023-09-11,7792
2312,金寶,28,2,26,國票-北投,2023-09-11,7792
2409,友達,25,0,25,國票-北投,2023-09-11,7792
2363,矽統,133,114,19,國票-北投,2023-09-11,7792
00878,國泰永續高股息,25,6,19,國票-北投,2023-09-11,7792
00919,群益台灣精選高息,18,0,18,國票-北投,2023-09-11,7792
1618,合機,18,1,17,國票-北投,2023-09-11,7792
2313,華通,39,22,17,國票-北投,2023-09-11,7792
2330,台積電,15,0,15,國票-北投,2023-09-11,7792
2358,廷鑫,15,0,15,國票-北投,2023-09-11,7792
2374,佳能,15,0,15,國票-北投,2023-09-11,7792
3324,雙鴻,15,0,15,國票-北投,2023-09-11,7792
4529,淳紳,15,0,15,國票-北投,2023-09-11,7792
00720B,元大投資級公司債,14,0,14,國票-北投,2023-09-11,7792
00751B,元大AAA至A公司債,13,0,13,國票-北投,2023-09-11,7792
2301,光寶科,14,1,13,國票-北投,2023-09-11,7792
4746,台耀,14,1,13,國票-北投,2023-09-11,7792
8222,寶一,14,1,13,國票-北投,2023-09-11,7792
2329,華泰,12,0,12,國票-北投,2023-09-11,7792
3094,聯傑,11,0,11,國票-北投,2023-09-11,7792
3576,聯合再生,11,0,11,國票-北投,2023-09-11,7792
1605,華新,10,0,10,國票-北投,2023-09-11,7792
00900,富邦特選高股息30,10,0,10,國票-北投,2023-09-11,7792
00673R,期元大S＆P原油反1,10,0,10,國票-北投,2023-09-11,7792
2881,富邦金,10,0,10,國票-北投,2023-09-11,7792
3025,星通,12,2,10,國票-北投,2023-09-11,7792
5301,寶得利,10,0,10,國票-北投,2023-09-11,7792
2324,仁寶,13,4,9,國票-北投,2023-09-11,7792
9958,世紀鋼,11,2,9,國票-北投,2023-09-11,7792
3231,緯創,27,19,8,國票-北投,2023-09-11,7792
0056,元大高股息,8,0,8,國票-北投,2023-09-11,7792
00712,復華富時不動產,8,0,8,國票-北投,2023-09-11,7792
1802,台玻,8,0,8,國票-北投,2023-09-11,7792
2002,中鋼,7,0,7,國票-北投,2023-09-11,7792
2204,中華,7,0,7,國票-北投,2023-09-11,7792
1513,中興電,6,0,6,國票-北投,2023-09-11,7792
1785,光洋科,6,0,6,國票-北投,2023-09-11,7792
2888,新光金,6,0,6,國票-北投,2023-09-11,7792
5880,合庫金,6,0,6,國票-北投,2023-09-11,7792
6285,啟��,6,0,6,國票-北投,2023-09-11,7792
9962,有益,6,0,6,國票-北投,2023-09-11,7792
2618,長榮航,5,0,5,國票-北投,2023-09-11,7792
00680L,元大美債20正2,5,0,5,國票-北投,2023-09-11,7792
2340,台亞,5,0,5,國票-北投,2023-09-11,7792
2481,強茂,5,0,5,國票-北投,2023-09-11,7792
2885,元大金,5,0,5,國票-北投,2023-09-11,7792
2313,華通,67,24,43,國票-北投,2023-09-12,7792
8033,雷虎,40,0,40,國票-北投,2023-09-12,7792
6443,元晶,25,0,25,國票-北投,2023-09-12,7792
5309,系統電,24,0,24,國票-北投,2023-09-12,7792
6244,茂迪,22,0,22,國票-北投,2023-09-12,7792
00919,群益台灣精選高息,22,1,21,國票-北投,2023-09-12,7792
6770,力積電,21,0,21,國票-北投,2023-09-12,7792
00673R,期元大S＆P原油反1,20,0,20,國票-北投,2023-09-12,7792
2485,兆赫,22,2,20,國票-北投,2023-09-12,7792
3042,晶技,22,2,20,國票-北投,2023-09-12,7792
2356,英業達,22,3,19,國票-北投,2023-09-12,7792
00929,復華台灣科技優息,32,15,17,國票-北投,2023-09-12,7792
3078,僑威,16,0,16,國票-北投,2023-09-12,7792
6605,帝寶,15,0,15,國票-北投,2023-09-12,7792
2538,基泰,28,13,15,國票-北投,2023-09-12,7792
2206,三陽工業,14,0,14,國票-北投,2023-09-12,7792
2634,漢翔,19,5,14,國票-北投,2023-09-12,7792
00751B,元大AAA至A公司債,13,0,13,國票-北投,2023-09-12,7792
00720B,元大投資級公司債,13,0,13,國票-北投,2023-09-12,7792
4909,新復興,11,0,11,國票-北投,2023-09-12,7792
00680L,元大美債20正2,10,0,10,國票-北投,2023-09-12,7792
6282,康舒,9,0,9,國票-北投,2023-09-12,7792
00712,復華富時不動產,8,0,8,國票-北投,2023-09-12,7792
00900,富邦特選高股息30,10,2,8,國票-北投,2023-09-12,7792
00632R,元大台灣50反1,11,4,7,國票-北投,2023-09-12,7792
2883,凱基金,7,0,7,國票-北投,2023-09-12,7792
6120,達運,8,1,7,國票-北投,2023-09-12,7792
2376,技嘉,29,23,6,國票-北投,2023-09-12,7792
00931B,統一美債20年,6,0,6,國票-北投,2023-09-12,7792
2867,三商壽,6,0,6,國票-北投,2023-09-12,7792
1467,南緯,5,0,5,國票-北投,2023-09-12,7792
1515,力山,7,2,5,國票-北投,2023-09-12,7792
2891,中信金,5,0,5,國票-北投,2023-09-12,7792
6117,迎廣,5,0,5,國票-北投,2023-09-12,7792
8930,青鋼,5,0,5,國票-北投,2023-09-12,7792
1477,聚陽,4,0,4,國票-北投,2023-09-12,7792
1524,耿鼎,5,1,4,國票-北投,2023-09-12,7792
00637L,元大滬深300正2,4,0,4,國票-北投,2023-09-12,7792
2388,威盛,10,6,4,國票-北投,2023-09-12,7792
2405,輔信,4,0,4,國票-北投,2023-09-12,7792
2409,友達,4,0,4,國票-北投,2023-09-12,7792
2419,仲琦,10,6,4,國票-北投,2023-09-12,7792
3013,晟銘電,4,0,4,國票-北投,2023-09-12,7792
3029,零壹,4,0,4,國票-北投,2023-09-12,7792
3035,智原,7,3,4,國票-北投,2023-09-12,7792
2330,台積電,5,2,3,國票-北投,2023-09-12,7792
00679B,元大美債20年,3,0,3,國票-北投,2023-09-12,7792
00893,國泰智能電動車,3,0,3,國票-北投,2023-09-12,7792
2002,中鋼,3,0,3,國票-北投,2023-09-12,7792
1584,精剛,3,0,3,國票-北投,2023-09-12,7792
1522,堤維西,52,3,49,國票-北投,2023-09-13,7792
00900,富邦特選高股息30,46,0,46,國票-北投,2023-09-13,7792
2356,英業達,34,0,34,國票-北投,2023-09-13,7792
2406,國碩,30,0,30,國票-北投,2023-09-13,7792
6244,茂迪,30,0,30,國票-北投,2023-09-13,7792
2371,大同,21,0,21,國票-北投,2023-09-13,7792
3231,緯創,29,8,21,國票-北投,2023-09-13,7792
00673R,期元大S＆P原油反1,20,0,20,國票-北投,2023-09-13,7792
1432,大魯閣,15,0,15,國票-北投,2023-09-13,7792
00751B,元大AAA至A公司債,13,0,13,國票-北投,2023-09-13,7792
00720B,元大投資級公司債,13,0,13,國票-北投,2023-09-13,7792
5309,系統電,13,0,13,國票-北投,2023-09-13,7792
00919,群益台灣精選高息,13,1,12,國票-北投,2023-09-13,7792
1524,耿鼎,18,7,11,國票-北投,2023-09-13,7792
1319,東陽,34,23,11,國票-北投,2023-09-13,7792
2605,新興,11,0,11,國票-北投,2023-09-13,7792
3260,威剛,11,0,11,國票-北投,2023-09-13,7792
00637L,元大滬深300正2,9,0,9,國票-北投,2023-09-13,7792
1101,台泥,8,0,8,國票-北投,2023-09-13,7792
00929,復華台灣科技優息,20,13,7,國票-北投,2023-09-13,7792
2313,華通,16,9,7,國票-北投,2023-09-13,7792
2236,百達-KY,6,0,6,國票-北投,2023-09-13,7792
2301,光寶科,9,3,6,國票-北投,2023-09-13,7792
3090,日電貿,6,0,6,國票-北投,2023-09-13,7792
1307,三芳,5,0,5,國票-北投,2023-09-13,7792
00918,大華優利高填息30,5,0,5,國票-北投,2023-09-13,7792
00882,中信中國高股息,5,0,5,國票-北投,2023-09-13,7792
1802,台玻,5,0,5,國票-北投,2023-09-13,7792
2352,佳世達,16,11,5,國票-北投,2023-09-13,7792
2363,矽統,37,32,5,國票-北投,2023-09-13,7792
2634,漢翔,6,1,5,國票-北投,2023-09-13,7792
3047,訊舟,5,0,5,國票-北投,2023-09-13,7792
3380,明泰,6,1,5,國票-北投,2023-09-13,7792
1584,精剛,5,1,4,國票-北投,2023-09-13,7792
1568,倉佑,6,2,4,國票-北投,2023-09-13,7792
00633L,富邦上証正2,4,0,4,國票-北投,2023-09-13,7792
2032,新鋼,4,0,4,國票-北投,2023-09-13,7792
2419,仲琦,4,0,4,國票-北投,2023-09-13,7792
3189,景碩,6,2,4,國票-北投,2023-09-13,7792
3479,安勤,4,0,4,國票-北投,2023-09-13,7792
6120,達運,7,3,4,國票-北投,2023-09-13,7792
2025,千興,3,0,3,國票-北投,2023-09-13,7792
2312,金寶,3,0,3,國票-北投,2023-09-13,7792
2324,仁寶,3,0,3,國票-北投,2023-09-13,7792
2387,精元,4,1,3,國票-北投,2023-09-13,7792
2405,輔信,5,2,3,國票-北投,2023-09-13,7792
2436,偉詮電,3,0,3,國票-北投,2023-09-13,7792
2618,長榮航,3,0,3,國票-北投,2023-09-13,7792
3006,晶豪科,4,1,3,國票-北投,2023-09-13,7792
3019,亞光,3,0,3,國票-北投,2023-09-13,7792
00929,復華台灣科技優息,128,11,117,國票-北投,2023-09-14,7792
3706,神達,92,20,72,國票-北投,2023-09-14,7792
8088,品安,34,2,32,國票-北投,2023-09-14,7792
2323,中環,30,0,30,國票-北投,2023-09-14,7792
3049,精金,30,0,30,國票-北投,2023-09-14,7792
00632R,元大台灣50反1,27,0,27,國票-北投,2023-09-14,7792
00918,大華優利高填息30,21,0,21,國票-北投,2023-09-14,7792
00919,群益台灣精選高息,19,5,14,國票-北投,2023-09-14,7792
2002,中鋼,13,0,13,國票-北投,2023-09-14,7792
2609,陽明,14,3,11,國票-北投,2023-09-14,7792
2201,裕隆,11,1,10,國票-北投,2023-09-14,7792
2317,鴻海,11,1,10,國票-北投,2023-09-14,7792
2401,凌陽,10,0,10,國票-北投,2023-09-14,7792
5222,全訊,10,0,10,國票-北投,2023-09-14,7792
4906,正文,10,1,9,國票-北投,2023-09-14,7792
3090,日電貿,8,0,8,國票-北投,2023-09-14,7792
2425,承啟,7,0,7,國票-北投,2023-09-14,7792
2634,漢翔,7,0,7,國票-北投,2023-09-14,7792
3356,奇偶,7,0,7,國票-北投,2023-09-14,7792
6288,聯嘉,7,0,7,國票-北投,2023-09-14,7792
2382,廣達,13,7,6,國票-北投,2023-09-14,7792
00885,富邦越南,6,0,6,國票-北投,2023-09-14,7792
2891,中信金,10,4,6,國票-北投,2023-09-14,7792
2206,三陽工業,5,0,5,國票-北投,2023-09-14,7792
2301,光寶科,6,1,5,國票-北投,2023-09-14,7792
2417,圓剛,5,0,5,國票-北投,2023-09-14,7792
2419,仲琦,5,0,5,國票-北投,2023-09-14,7792
2497,怡利電,5,0,5,國票-北投,2023-09-14,7792
3624,光頡,5,0,5,國票-北投,2023-09-14,7792
8034,榮群,6,1,5,國票-北投,2023-09-14,7792
8222,寶一,7,2,5,國票-北投,2023-09-14,7792
1752,南光,4,0,4,國票-北投,2023-09-14,7792
2436,偉詮電,5,1,4,國票-北投,2023-09-14,7792
4746,台耀,7,3,4,國票-北投,2023-09-14,7792
6282,康舒,6,2,4,國票-北投,2023-09-14,7792
8215,明基材,5,1,4,國票-北投,2023-09-14,7792
9927,泰銘,4,0,4,國票-北投,2023-09-14,7792
00900,富邦特選高股息30,5,2,3,國票-北投,2023-09-14,7792
2228,劍麟,4,1,3,國票-北投,2023-09-14,7792
2618,長榮航,3,0,3,國票-北投,2023-09-14,7792
2897,王道銀行,3,0,3,國票-北投,2023-09-14,7792
3059,華晶科,3,0,3,國票-北投,2023-09-14,7792
3227,原相,3,0,3,國票-北投,2023-09-14,7792
3338,泰碩,3,0,3,國票-北投,2023-09-14,7792
3545,敦泰,5,2,3,國票-北投,2023-09-14,7792
4123,晟德,3,0,3,國票-北投,2023-09-14,7792
4919,新唐,4,1,3,國票-北投,2023-09-14,7792
5483,中美晶,3,0,3,國票-北投,2023-09-14,7792
6197,佳必琪,3,0,3,國票-北投,2023-09-14,7792
8996,高力,3,0,3,國票-北投,2023-09-14,7792
00919,群益台灣精選高息,120,10,110,國票-北投,2023-09-15,7792
5608,四維航,86,0,86,國票-北投,2023-09-15,7792
00929,復華台灣科技優息,78,9,69,國票-北投,2023-09-15,7792
2374,佳能,50,0,50,國票-北投,2023-09-15,7792
3715,定穎投控,74,27,47,國票-北投,2023-09-15,7792
2301,光寶科,60,18,42,國票-北投,2023-09-15,7792
3049,精金,32,0,32,國票-北投,2023-09-15,7792
2002,中鋼,31,0,31,國票-北投,2023-09-15,7792
2359,所羅門,30,0,30,國票-北投,2023-09-15,7792
2303,聯電,40,11,29,國票-北投,2023-09-15,7792
00878,國泰永續高股息,26,0,26,國票-北投,2023-09-15,7792
00673R,期元大S＆P原油反1,26,0,26,國票-北投,2023-09-15,7792
3481,群創,22,0,22,國票-北投,2023-09-15,7792
2634,漢翔,22,1,21,國票-北投,2023-09-15,7792
6168,宏齊,21,0,21,國票-北投,2023-09-15,7792
2353,宏��,24,5,19,國票-北投,2023-09-15,7792
2486,一詮,34,15,19,國票-北投,2023-09-15,7792
2641,正德,23,4,19,國票-北投,2023-09-15,7792
3033,威健,19,0,19,國票-北投,2023-09-15,7792
1316,上曜,15,1,14,國票-北投,2023-09-15,7792
00932,兆豐永續高息等權,12,0,12,國票-北投,2023-09-15,7792
5309,系統電,12,0,12,國票-北投,2023-09-15,7792
2324,仁寶,11,0,11,國票-北投,2023-09-15,7792
1524,耿鼎,10,0,10,國票-北投,2023-09-15,7792
1616,億泰,10,0,10,國票-北投,2023-09-15,7792
2355,敬鵬,10,0,10,國票-北投,2023-09-15,7792
2485,兆赫,10,0,10,國票-北投,2023-09-15,7792
2610,華航,11,1,10,國票-北投,2023-09-15,7792
2609,陽明,33,25,8,國票-北投,2023-09-15,7792
1802,台玻,7,0,7,國票-北投,2023-09-15,7792
2356,英業達,14,7,7,國票-北投,2023-09-15,7792
3231,緯創,8,2,6,國票-北投,2023-09-15,7792
2104,國際中橡,6,0,6,國票-北投,2023-09-15,7792
2612,中航,13,7,6,國票-北投,2023-09-15,7792
3276,宇環,6,0,6,國票-北投,2023-09-15,7792
2314,台揚,5,0,5,國票-北投,2023-09-15,7792
2317,鴻海,5,0,5,國票-北投,2023-09-15,7792
2606,裕民,17,12,5,國票-北投,2023-09-15,7792
3189,景碩,5,0,5,國票-北投,2023-09-15,7792
4746,台耀,5,0,5,國票-北投,2023-09-15,7792
6269,台郡,5,0,5,國票-北投,2023-09-15,7792
8068,全達,5,0,5,國票-北投,2023-09-15,7792
2354,鴻準,7,3,4,國票-北投,2023-09-15,7792
2357,華碩,5,1,4,國票-北投,2023-09-15,7792
2376,技嘉,12,8,4,國票-北投,2023-09-15,7792
2425,承啟,7,3,4,國票-北投,2023-09-15,7792
6188,廣明,4,0,4,國票-北投,2023-09-15,7792
00772B,中信高評級公司債,3,0,3,國票-北投,2023-09-15,7792
2020,美亞,3,0,3,國票-北投,2023-09-15,7792
2206,三陽工業,3,0,3,國票-北投,2023-09-15,7792
00680L,元大美債20正2,100,0,100,國票-北投,2023-09-18,7792
00712,復華富時不動產,100,13,87,國票-北投,2023-09-18,7792
2363,矽統,117,50,67,國票-北投,2023-09-18,7792
3006,晶豪科,65,1,64,國票-北投,2023-09-18,7792
2353,宏��,50,0,50,國票-北投,2023-09-18,7792
2317,鴻海,29,0,29,國票-北投,2023-09-18,7792
3231,緯創,33,5,28,國票-北投,2023-09-18,7792
2330,台積電,27,0,27,國票-北投,2023-09-18,7792
1815,富喬,41,14,27,國票-北投,2023-09-18,7792
00751B,元大AAA至A公司債,25,0,25,國票-北投,2023-09-18,7792
1101,台泥,21,0,21,國票-北投,2023-09-18,7792
1409,新纖,20,0,20,國票-北投,2023-09-18,7792
3380,明泰,20,0,20,國票-北投,2023-09-18,7792
00878,國泰永續高股息,22,2,20,國票-北投,2023-09-18,7792
1522,堤維西,19,1,18,國票-北投,2023-09-18,7792
2301,光寶科,16,0,16,國票-北投,2023-09-18,7792
5309,系統電,15,0,15,國票-北投,2023-09-18,7792
00720B,元大投資級公司債,13,0,13,國票-北投,2023-09-18,7792
2457,飛宏,13,0,13,國票-北投,2023-09-18,7792
00679B,元大美債20年,12,0,12,國票-北投,2023-09-18,7792
6116,彩晶,12,0,12,國票-北投,2023-09-18,7792
2382,廣達,13,2,11,國票-北投,2023-09-18,7792
2402,毅嘉,11,0,11,國票-北投,2023-09-18,7792
2610,華航,11,0,11,國票-北投,2023-09-18,7792
2406,國碩,10,0,10,國票-北投,2023-09-18,7792
00919,群益台灣精選高息,49,39,10,國票-北投,2023-09-18,7792
1709,和益,10,0,10,國票-北投,2023-09-18,7792
2352,佳世達,10,0,10,國票-北投,2023-09-18,7792
2605,新興,21,11,10,國票-北投,2023-09-18,7792
3711,日月光投控,10,0,10,國票-北投,2023-09-18,7792
6138,茂達,10,0,10,國票-北投,2023-09-18,7792
7402,邑錡,10,0,10,國票-北投,2023-09-18,7792
4979,華星光,10,2,8,國票-北投,2023-09-18,7792
1514,亞力,9,1,8,國票-北投,2023-09-18,7792
8942,森鉅,8,0,8,國票-北投,2023-09-18,7792
00772B,中信高評級公司債,7,0,7,國票-北投,2023-09-18,7792
2027,大成鋼,8,2,6,國票-北投,2023-09-18,7792
2201,裕隆,6,0,6,國票-北投,2023-09-18,7792
3017,奇鋐,9,3,6,國票-北投,2023-09-18,7792
8358,金居,6,1,5,國票-北投,2023-09-18,7792
00931B,統一美債20年,5,0,5,國票-北投,2023-09-18,7792
00888,永豐台灣ESG,5,0,5,國票-北投,2023-09-18,7792
1339,昭輝,5,0,5,國票-北投,2023-09-18,7792
2002,中鋼,5,0,5,國票-北投,2023-09-18,7792
2371,大同,5,0,5,國票-北投,2023-09-18,7792
2441,超豐,5,0,5,國票-北投,2023-09-18,7792
2481,強茂,5,0,5,國票-北投,2023-09-18,7792
2634,漢翔,12,7,5,國票-北投,2023-09-18,7792
6117,迎廣,5,0,5,國票-北投,2023-09-18,7792
6190,萬泰科,5,0,5,國票-北投,2023-09-18,7792
00929,復華台灣科技優息,475,5,470,國票-北投,2023-09-19,7792
1815,富喬,249,45,204,國票-北投,2023-09-19,7792
2618,長榮航,114,0,114,國票-北投,2023-09-19,7792
00919,群益台灣精選高息,52,20,32,國票-北投,2023-09-19,7792
1101,台泥,21,0,21,國票-北投,2023-09-19,7792
3006,晶豪科,20,0,20,國票-北投,2023-09-19,7792
3706,神達,24,4,20,國票-北投,2023-09-19,7792
8105,凌巨,19,0,19,國票-北投,2023-09-19,7792
2888,新光金,20,2,18,國票-北投,2023-09-19,7792
3231,緯創,73,60,13,國票-北投,2023-09-19,7792
2331,精英,12,0,12,國票-北投,2023-09-19,7792
2425,承啟,12,1,11,國票-北投,2023-09-19,7792
2356,英業達,14,4,10,國票-北投,2023-09-19,7792
2406,國碩,10,0,10,國票-北投,2023-09-19,7792
6116,彩晶,9,0,9,國票-北投,2023-09-19,7792
6257,矽格,11,2,9,國票-北投,2023-09-19,7792
1802,台玻,25,17,8,國票-北投,2023-09-19,7792
2402,毅嘉,10,2,8,國票-北投,2023-09-19,7792
2330,台積電,8,0,8,國票-北投,2023-09-19,7792
3481,群創,8,0,8,國票-北投,2023-09-19,7792
00673R,期元大S＆P原油反1,7,0,7,國票-北投,2023-09-19,7792
2606,裕民,15,8,7,國票-北投,2023-09-19,7792
4979,華星光,10,4,6,國票-北投,2023-09-19,7792
6191,精成科,6,0,6,國票-北投,2023-09-19,7792
4532,瑞智,5,0,5,國票-北投,2023-09-19,7792
2610,華航,5,0,5,國票-北投,2023-09-19,7792
1560,中砂,5,0,5,國票-北投,2023-09-19,7792
00921,兆豐龍頭等權重,5,0,5,國票-北投,2023-09-19,7792
1702,南僑,5,0,5,國票-北投,2023-09-19,7792
2312,金寶,5,0,5,國票-北投,2023-09-19,7792
2329,華泰,6,1,5,國票-北投,2023-09-19,7792
2353,宏��,22,17,5,國票-北投,2023-09-19,7792
2417,圓剛,5,0,5,國票-北投,2023-09-19,7792
2441,超豐,5,0,5,國票-北投,2023-09-19,7792
3518,柏騰,5,0,5,國票-北投,2023-09-19,7792
6173,信昌電,6,1,5,國票-北投,2023-09-19,7792
6235,華孚,5,0,5,國票-北投,2023-09-19,7792
1609,大亞,10,5,5,國票-北投,2023-09-19,7792
00891,中信關鍵半導體,4,0,4,國票-北投,2023-09-19,7792
2369,菱生,4,0,4,國票-北投,2023-09-19,7792
2401,凌陽,4,0,4,國票-北投,2023-09-19,7792
3059,華晶科,4,0,4,國票-北投,2023-09-19,7792
3356,奇偶,4,0,4,國票-北投,2023-09-19,7792
5371,中光電,15,11,4,國票-北投,2023-09-19,7792
8054,安國,4,0,4,國票-北投,2023-09-19,7792
1905,華紙,3,0,3,國票-北投,2023-09-19,7792
1409,新纖,3,0,3,國票-北投,2023-09-19,7792
00923,群益台ESG低碳50,3,0,3,國票-北投,2023-09-19,7792
00878,國泰永續高股息,6,3,3,國票-北投,2023-09-19,7792
2344,華邦電,13,10,3,國票-北投,2023-09-19,7792
00632R,元大台灣50反1,203,0,203,國票-北投,2023-09-20,7792
3711,日月光投控,65,0,65,國票-北投,2023-09-20,7792
00929,復華台灣科技優息,56,6,50,國票-北投,2023-09-20,7792
1522,堤維西,62,17,45,國票-北投,2023-09-20,7792
2606,裕民,46,6,40,國票-北投,2023-09-20,7792
1815,富喬,26,0,26,國票-北投,2023-09-20,7792
00919,群益台灣精選高息,25,0,25,國票-北投,2023-09-20,7792
2330,台積電,25,0,25,國票-北投,2023-09-20,7792
2888,新光金,23,0,23,國票-北投,2023-09-20,7792
2313,華通,46,25,21,國票-北投,2023-09-20,7792
00751B,元大AAA至A公司債,20,0,20,國票-北投,2023-09-20,7792
1802,台玻,18,0,18,國票-北投,2023-09-20,7792
00720B,元大投資級公司債,13,0,13,國票-北投,2023-09-20,7792
2201,裕隆,13,0,13,國票-北投,2023-09-20,7792
2354,鴻準,14,2,12,國票-北投,2023-09-20,7792
5309,系統電,12,0,12,國票-北投,2023-09-20,7792
2102,泰豐,10,0,10,國票-北投,2023-09-20,7792
2891,中信金,10,0,10,國票-北投,2023-09-20,7792
3230,錦明,10,0,10,國票-北投,2023-09-20,7792
6153,嘉聯益,10,0,10,國票-北投,2023-09-20,7792
2382,廣達,25,16,9,國票-北投,2023-09-20,7792
4306,炎洲,10,1,9,國票-北投,2023-09-20,7792
2886,兆豐金,10,1,9,國票-北投,2023-09-20,7792
6182,合晶,9,1,8,國票-北投,2023-09-20,7792
2617,台航,10,2,8,國票-北投,2023-09-20,7792
2641,正德,17,9,8,國票-北投,2023-09-20,7792
3481,群創,7,0,7,國票-北投,2023-09-20,7792
2312,金寶,6,0,6,國票-北投,2023-09-20,7792
2340,台亞,6,0,6,國票-北投,2023-09-20,7792
2449,京元電子,11,5,6,國票-北投,2023-09-20,7792
2609,陽明,11,5,6,國票-北投,2023-09-20,7792
3706,神達,11,5,6,國票-北投,2023-09-20,7792
4953,緯軟,6,0,6,國票-北投,2023-09-20,7792
6147,頎邦,6,0,6,國票-北投,2023-09-20,7792
6271,同欣電,6,0,6,國票-北投,2023-09-20,7792
8234,新漢,6,0,6,國票-北投,2023-09-20,7792
8277,商丞,6,0,6,國票-北投,2023-09-20,7792
00878,國泰永續高股息,6,1,5,國票-北投,2023-09-20,7792
1905,華紙,5,0,5,國票-北投,2023-09-20,7792
2344,華邦電,5,0,5,國票-北投,2023-09-20,7792
2460,建通,5,0,5,國票-北投,2023-09-20,7792
2612,中航,10,5,5,國票-北投,2023-09-20,7792
3013,晟銘電,7,2,5,國票-北投,2023-09-20,7792
5880,合庫金,5,1,4,國票-北投,2023-09-20,7792
1514,亞力,4,0,4,國票-北投,2023-09-20,7792
00923,群益台ESG低碳50,4,0,4,國票-北投,2023-09-20,7792
2820,華票,4,0,4,國票-北投,2023-09-20,7792
2883,凱基金,10,6,4,國票-北投,2023-09-20,7792
3037,欣興,4,0,4,國票-北投,2023-09-20,7792
00891,中信關鍵半導體,3,0,3,國票-北投,2023-09-20,7792
2402,毅嘉,44,0,44,國票-北投,2023-09-21,7792
6168,宏齊,32,0,32,國票-北投,2023-09-21,7792
3588,通嘉,30,0,30,國票-北投,2023-09-21,7792
00932,兆豐永續高息等權,28,0,28,國票-北投,2023-09-21,7792
1522,堤維西,22,2,20,國票-北投,2023-09-21,7792
3380,明泰,20,0,20,國票-北投,2023-09-21,7792
2885,元大金,20,1,19,國票-北投,2023-09-21,7792
3481,群創,19,0,19,國票-北投,2023-09-21,7792
2330,台積電,16,1,15,國票-北投,2023-09-21,7792
2884,玉山金,12,0,12,國票-北投,2023-09-21,7792
5880,合庫金,12,0,12,國票-北投,2023-09-21,7792
00751B,元大AAA至A公司債,11,0,11,國票-北投,2023-09-21,7792
2406,國碩,10,0,10,國票-北投,2023-09-21,7792
1810,和成,10,0,10,國票-北投,2023-09-21,7792
2637,慧洋-KY,10,0,10,國票-北投,2023-09-21,7792
2605,新興,10,1,9,國票-北投,2023-09-21,7792
8064,東捷,9,0,9,國票-北投,2023-09-21,7792
2376,技嘉,22,14,8,國票-北投,2023-09-21,7792
00878,國泰永續高股息,9,1,8,國票-北投,2023-09-21,7792
2363,矽統,10,2,8,國票-北投,2023-09-21,7792
0050,元大台灣50,7,0,7,國票-北投,2023-09-21,7792
3617,碩天,7,0,7,國票-北投,2023-09-21,7792
8068,全達,7,0,7,國票-北投,2023-09-21,7792
00923,群益台ESG低碳50,6,0,6,國票-北投,2023-09-21,7792
2303,聯電,7,1,6,國票-北投,2023-09-21,7792
2468,華經,18,12,6,國票-北投,2023-09-21,7792
00902,中信電池及儲能,5,0,5,國票-北投,2023-09-21,7792
1528,恩德,5,0,5,國票-北投,2023-09-21,7792
2002,中鋼,5,0,5,國票-北投,2023-09-21,7792
2392,正崴,5,0,5,國票-北投,2023-09-21,7792
2399,映泰,5,0,5,國票-北投,2023-09-21,7792
2603,長榮,6,1,5,國票-北投,2023-09-21,7792
3163,波若威,5,0,5,國票-北投,2023-09-21,7792
3518,柏騰,5,0,5,國票-北投,2023-09-21,7792
5328,華容,5,0,5,國票-北投,2023-09-21,7792
6227,茂綸,5,0,5,國票-北投,2023-09-21,7792
3231,緯創,11,7,4,國票-北投,2023-09-21,7792
2449,京元電子,7,3,4,國票-北投,2023-09-21,7792
2609,陽明,5,1,4,國票-北投,2023-09-21,7792
2618,長榮航,9,5,4,國票-北投,2023-09-21,7792
2820,華票,4,0,4,國票-北投,2023-09-21,7792
2890,永豐金,4,0,4,國票-北投,2023-09-21,7792
3078,僑威,4,0,4,國票-北投,2023-09-21,7792
3105,穩懋,4,0,4,國票-北投,2023-09-21,7792
0056,元大高股息,3,0,3,國票-北投,2023-09-21,7792
1216,統一,3,0,3,國票-北投,2023-09-21,7792
00891,中信關鍵半導體,3,0,3,國票-北投,2023-09-21,7792
00696B,富邦美債20年,3,0,3,國票-北投,2023-09-21,7792
2324,仁寶,3,0,3,國票-北投,2023-09-21,7792
2610,華航,9,6,3,國票-北投,2023-09-21,7792
00864B,中信美國公債0-1,150,0,150,國票-北投,2023-09-22,7792
00632R,元大台灣50反1,100,0,100,國票-北投,2023-09-22,7792
00680L,元大美債20正2,56,0,56,國票-北投,2023-09-22,7792
00720B,元大投資級公司債,53,0,53,國票-北投,2023-09-22,7792
2618,長榮航,33,0,33,國票-北投,2023-09-22,7792
00679B,元大美債20年,32,0,32,國票-北投,2023-09-22,7792
1444,力麗,32,2,30,國票-北投,2023-09-22,7792
2402,毅嘉,56,31,25,國票-北投,2023-09-22,7792
2382,廣達,33,8,25,國票-北投,2023-09-22,7792
3715,定穎投控,52,28,24,國票-北投,2023-09-22,7792
3017,奇鋐,27,6,21,國票-北投,2023-09-22,7792
2388,威盛,21,1,20,國票-北投,2023-09-22,7792
1101,台泥,20,0,20,國票-北投,2023-09-22,7792
00919,群益台灣精選高息,19,0,19,國票-北投,2023-09-22,7792
00885,富邦越南,15,0,15,國票-北投,2023-09-22,7792
2317,鴻海,11,0,11,國票-北投,2023-09-22,7792
00929,復華台灣科技優息,18,7,11,國票-北投,2023-09-22,7792
2801,彰銀,11,0,11,國票-北投,2023-09-22,7792
00751B,元大AAA至A公司債,10,0,10,國票-北投,2023-09-22,7792
00921,兆豐龍頭等權重,10,0,10,國票-北投,2023-09-22,7792
2406,國碩,10,0,10,國票-北投,2023-09-22,7792
2303,聯電,8,0,8,國票-北投,2023-09-22,7792
2329,華泰,11,3,8,國票-北投,2023-09-22,7792
1308,亞聚,7,0,7,國票-北投,2023-09-22,7792
2367,燿華,13,6,7,國票-北投,2023-09-22,7792
5309,系統電,7,0,7,國票-北投,2023-09-22,7792
00931B,統一美債20年,6,0,6,國票-北投,2023-09-22,7792
2885,元大金,6,0,6,國票-北投,2023-09-22,7792
4909,新復興,6,0,6,國票-北投,2023-09-22,7792
00772B,中信高評級公司債,5,0,5,國票-北投,2023-09-22,7792
00687B,國泰20年美債,5,0,5,國票-北投,2023-09-22,7792
00932,兆豐永續高息等權,5,0,5,國票-北投,2023-09-22,7792
1301,台塑,5,0,5,國票-北投,2023-09-22,7792
1605,華新,5,0,5,國票-北投,2023-09-22,7792
1903,士紙,5,0,5,國票-北投,2023-09-22,7792
2401,凌陽,5,0,5,國票-北投,2023-09-22,7792
2610,華航,10,5,5,國票-北投,2023-09-22,7792
3290,東浦,5,0,5,國票-北投,2023-09-22,7792
5314,世紀,5,0,5,國票-北投,2023-09-22,7792
6442,光聖,6,1,5,國票-北投,2023-09-22,7792
6485,點序,5,0,5,國票-北投,2023-09-22,7792
6625,必應,5,0,5,國票-北投,2023-09-22,7792
2376,技嘉,21,17,4,國票-北投,2023-09-22,7792
2330,台積電,5,0,5,國票-北投,2023-09-22,7792
1108,幸福,5,1,4,國票-北投,2023-09-22,7792
1536,和大,4,0,4,國票-北投,2023-09-22,7792
2358,廷鑫,4,0,4,國票-北投,2023-09-22,7792
2449,京元電子,34,30,4,國票-北投,2023-09-22,7792
2634,漢翔,5,1,4,國票-北投,2023-09-22,7792
4908,前鼎,12,8,4,國票-北投,2023-09-22,7792
00864B,中信美國公債0-1,150,0,150,國票-北投,2023-09-25,7792
1519,華城,41,0,41,國票-北投,2023-09-25,7792
6282,康舒,32,2,30,國票-北投,2023-09-25,7792
2353,宏��,28,0,28,國票-北投,2023-09-25,7792
2313,華通,20,0,20,國票-北投,2023-09-25,7792
2618,長榮航,23,3,20,國票-北投,2023-09-25,7792
00679B,元大美債20年,19,0,19,國票-北投,2023-09-25,7792
2303,聯電,19,0,19,國票-北投,2023-09-25,7792
5009,榮剛,18,0,18,國票-北投,2023-09-25,7792
2471,資通,12,0,12,國票-北投,2023-09-25,7792
2382,廣達,23,12,11,國票-北投,2023-09-25,7792
2316,楠梓電,11,1,10,國票-北投,2023-09-25,7792
00929,復華台灣科技優息,10,0,10,國票-北投,2023-09-25,7792
2486,一詮,10,0,10,國票-北投,2023-09-25,7792
3042,晶技,10,0,10,國票-北投,2023-09-25,7792
2449,京元電子,15,6,9,國票-北投,2023-09-25,7792
2634,漢翔,10,1,9,國票-北投,2023-09-25,7792
3013,晟銘電,15,6,9,國票-北投,2023-09-25,7792
1101,台泥,7,0,7,國票-北投,2023-09-25,7792
3044,健鼎,7,0,7,國票-北投,2023-09-25,7792
9960,邁達康,7,0,7,國票-北投,2023-09-25,7792
2201,裕隆,8,2,6,國票-北投,2023-09-25,7792
1785,光洋科,6,0,6,國票-北投,2023-09-25,7792
2887,台新金,5,0,5,國票-北投,2023-09-25,7792
00637L,元大滬深300正2,15,10,5,國票-北投,2023-09-25,7792
1595,川寶,5,0,5,國票-北投,2023-09-25,7792
2354,鴻準,6,1,5,國票-北投,2023-09-25,7792
2367,燿華,6,1,5,國票-北投,2023-09-25,7792
4566,時碩工業,5,0,5,國票-北投,2023-09-25,7792
1609,大亞,5,0,5,國票-北投,2023-09-25,7792
1815,富喬,9,4,5,國票-北投,2023-09-25,7792
2330,台積電,5,1,4,國票-北投,2023-09-25,7792
2812,台中銀,4,0,4,國票-北投,2023-09-25,7792
2891,中信金,4,0,4,國票-北投,2023-09-25,7792
3036,文曄,11,7,4,國票-北投,2023-09-25,7792
6108,競國,4,0,4,國票-北投,2023-09-25,7792
6191,精成科,15,11,4,國票-北投,2023-09-25,7792
1717,長興,3,0,3,國票-北投,2023-09-25,7792
2301,光寶科,4,1,3,國票-北投,2023-09-25,7792
1504,東元,12,9,3,國票-北投,2023-09-25,7792
2352,佳世達,3,0,3,國票-北投,2023-09-25,7792
2355,敬鵬,3,0,3,國票-北投,2023-09-25,7792
2417,圓剛,3,0,3,國票-北投,2023-09-25,7792
2419,仲琦,3,0,3,國票-北投,2023-09-25,7792
2630,亞航,3,0,3,國票-北投,2023-09-25,7792
2888,新光金,3,0,3,國票-北投,2023-09-25,7792
3264,欣銓,3,0,3,國票-北投,2023-09-25,7792
4105,東洋,6,3,3,國票-北投,2023-09-25,7792
6770,力積電,3,0,3,國票-北投,2023-09-25,7792
00902,中信電池及儲能,2,0,2,國票-北投,2023-09-25,7792
00720B,元大投資級公司債,58,0,58,國票-北投,2023-09-26,7792
2880,華南金,54,0,54,國票-北投,2023-09-26,7792
00929,復華台灣科技優息,43,2,41,國票-北投,2023-09-26,7792
00864B,中信美國公債0-1,31,0,31,國票-北投,2023-09-26,7792
2538,基泰,44,14,30,國票-北投,2023-09-26,7792
2313,華通,26,1,25,國票-北投,2023-09-26,7792
2801,彰銀,20,0,20,國票-北投,2023-09-26,7792
8105,凌巨,18,0,18,國票-北投,2023-09-26,7792
00679B,元大美債20年,17,0,17,國票-北投,2023-09-26,7792
00885,富邦越南,14,0,14,國票-北投,2023-09-26,7792
1303,南亞,13,0,13,國票-北投,2023-09-26,7792
1522,堤維西,57,44,13,國票-北投,2023-09-26,7792
2303,聯電,13,0,13,國票-北投,2023-09-26,7792
1101,台泥,12,0,12,國票-北投,2023-09-26,7792
0056,元大高股息,12,0,12,國票-北投,2023-09-26,7792
00919,群益台灣精選高息,12,0,12,國票-北投,2023-09-26,7792
2363,矽統,31,19,12,國票-北投,2023-09-26,7792
2820,華票,12,0,12,國票-北投,2023-09-26,7792
00905,FT臺灣Smart,11,0,11,國票-北投,2023-09-26,7792
6806,森崴能源,12,1,11,國票-北投,2023-09-26,7792
2330,台積電,11,0,11,國票-北投,2023-09-26,7792
00881,國泰台灣5G+,10,0,10,國票-北投,2023-09-26,7792
00637L,元大滬深300正2,10,0,10,國票-北投,2023-09-26,7792
00918,大華優利高填息30,10,0,10,國票-北投,2023-09-26,7792
00915,凱基優選高股息30,10,0,10,國票-北投,2023-09-26,7792
1301,台塑,10,0,10,國票-北投,2023-09-26,7792
2324,仁寶,15,5,10,國票-北投,2023-09-26,7792
2882,國泰金,10,0,10,國票-北投,2023-09-26,7792
3325,旭品,10,0,10,國票-北投,2023-09-26,7792
3481,群創,9,0,9,國票-北投,2023-09-26,7792
2609,陽明,13,5,8,國票-北投,2023-09-26,7792
1339,昭輝,21,14,7,國票-北投,2023-09-26,7792
3518,柏騰,7,0,7,國票-北投,2023-09-26,7792
4566,時碩工業,8,1,7,國票-北投,2023-09-26,7792
2382,廣達,19,13,6,國票-北投,2023-09-26,7792
3047,訊舟,6,0,6,國票-北投,2023-09-26,7792
4931,新盛力,6,0,6,國票-北投,2023-09-26,7792
8210,勤誠,6,0,6,國票-北投,2023-09-26,7792
5880,合庫金,6,0,6,國票-北投,2023-09-26,7792
1503,士電,5,0,5,國票-北投,2023-09-26,7792
00900,富邦特選高股息30,5,0,5,國票-北投,2023-09-26,7792
1618,合機,5,0,5,國票-北投,2023-09-26,7792
2355,敬鵬,6,1,5,國票-北投,2023-09-26,7792
2883,凱基金,5,0,5,國票-北投,2023-09-26,7792
2890,永豐金,5,0,5,國票-北投,2023-09-26,7792
5465,富驊,5,0,5,國票-北投,2023-09-26,7792
5498,凱崴,5,0,5,國票-北投,2023-09-26,7792
6168,宏齊,5,0,5,國票-北投,2023-09-26,7792
8112,至上,6,1,5,國票-北投,2023-09-26,7792
8390,金益鼎,5,0,5,國票-北投,2023-09-26,7792
2402,毅嘉,63,2,61,國票-北投,2023-09-27,7792
2323,中環,50,0,50,國票-北投,2023-09-27,7792
2637,慧洋-KY,61,11,50,國票-北投,2023-09-27,7792
00864B,中信美國公債0-1,29,0,29,國票-北投,2023-09-27,7792
00637L,元大滬深300正2,35,15,20,國票-北投,2023-09-27,7792
00673R,期元大S＆P原油反1,20,0,20,國票-北投,2023-09-27,7792
00929,復華台灣科技優息,28,9,19,國票-北投,2023-09-27,7792
2605,新興,24,8,16,國票-北投,2023-09-27,7792
1605,華新,14,0,14,國票-北投,2023-09-27,7792
00878,國泰永續高股息,12,0,12,國票-北投,2023-09-27,7792
2609,陽明,11,1,10,國票-北投,2023-09-27,7792
2504,國產,10,0,10,國票-北投,2023-09-27,7792
2611,志信,10,0,10,國票-北投,2023-09-27,7792
3035,智原,12,2,10,國票-北投,2023-09-27,7792
6531,愛普*,10,0,10,國票-北投,2023-09-27,7792
2355,敬鵬,11,3,8,國票-北投,2023-09-27,7792
8105,凌巨,8,0,8,國票-北投,2023-09-27,7792
9960,邁達康,8,0,8,國票-北投,2023-09-27,7792
2820,華票,8,0,8,國票-北投,2023-09-27,7792
1609,大亞,9,3,6,國票-北投,2023-09-27,7792
2337,旺宏,7,1,6,國票-北投,2023-09-27,7792
2892,第一金,5,0,5,國票-北投,2023-09-27,7792
1595,川寶,5,0,5,國票-北投,2023-09-27,7792
00923,群益台ESG低碳50,5,0,5,國票-北投,2023-09-27,7792
00900,富邦特選高股息30,5,0,5,國票-北投,2023-09-27,7792
5309,系統電,5,0,5,國票-北投,2023-09-27,7792
5381,合正,5,0,5,國票-北投,2023-09-27,7792
8341,日友,5,0,5,國票-北投,2023-09-27,7792
2002,中鋼,9,4,5,國票-北投,2023-09-27,7792
00885,富邦越南,4,0,4,國票-北投,2023-09-27,7792
2610,華航,4,0,4,國票-北投,2023-09-27,7792
2634,漢翔,4,0,4,國票-北投,2023-09-27,7792
3006,晶豪科,4,0,4,國票-北投,2023-09-27,7792
3481,群創,4,0,4,國票-北投,2023-09-27,7792
3715,定穎投控,7,3,4,國票-北投,2023-09-27,7792
4923,力士,4,0,4,國票-北投,2023-09-27,7792
2317,鴻海,4,0,4,國票-北投,2023-09-27,7792
1584,精剛,7,4,3,國票-北投,2023-09-27,7792
2303,聯電,7,4,3,國票-北投,2023-09-27,7792
2329,華泰,8,5,3,國票-北投,2023-09-27,7792
2453,凌群,5,2,3,國票-北投,2023-09-27,7792
3213,茂訊,3,0,3,國票-北投,2023-09-27,7792
3545,敦泰,4,1,3,國票-北投,2023-09-27,7792
3709,鑫聯大投控,3,0,3,國票-北投,2023-09-27,7792
8107,大億金茂,3,0,3,國票-北投,2023-09-27,7792
2330,台積電,2,0,2,國票-北投,2023-09-27,7792
00932,兆豐永續高息等權,2,0,2,國票-北投,2023-09-27,7792
1409,新纖,2,0,2,國票-北投,2023-09-27,7792
00720B,元大投資級公司債,2,0,2,國票-北投,2023-09-27,7792
00712,復華富時不動產,2,0,2,國票-北投,2023-09-27,7792
2313,華通,113,12,101,國票-北投,2023-09-28,7792
00680L,元大美債20正2,100,0,100,國票-北投,2023-09-28,7792
2880,華南金,50,0,50,國票-北投,2023-09-28,7792
2323,中環,30,0,30,國票-北投,2023-09-28,7792
3231,緯創,48,21,27,國票-北投,2023-09-28,7792
2344,華邦電,31,10,21,國票-北投,2023-09-28,7792
2883,凱基金,20,0,20,國票-北投,2023-09-28,7792
2363,矽統,48,29,19,國票-北投,2023-09-28,7792
00673R,期元大S＆P原油反1,18,0,18,國票-北投,2023-09-28,7792
00929,復華台灣科技優息,18,0,18,國票-北投,2023-09-28,7792
2408,南亞科,14,0,14,國票-北投,2023-09-28,7792
2468,華經,12,0,12,國票-北投,2023-09-28,7792
1326,台化,11,0,11,國票-北投,2023-09-28,7792
2801,彰銀,11,0,11,國票-北投,2023-09-28,7792
3481,群創,11,0,11,國票-北投,2023-09-28,7792
6282,康舒,12,1,11,國票-北投,2023-09-28,7792
00751B,元大AAA至A公司債,10,0,10,國票-北投,2023-09-28,7792
2436,偉詮電,10,0,10,國票-北投,2023-09-28,7792
8150,南茂,10,0,10,國票-北投,2023-09-28,7792
2330,台積電,10,1,9,國票-北投,2023-09-28,7792
2014,中鴻,10,2,8,國票-北投,2023-09-28,7792
5426,振發,10,2,8,國票-北投,2023-09-28,7792
2884,玉山金,7,0,7,國票-北投,2023-09-28,7792
2610,華航,7,0,7,國票-北投,2023-09-28,7792
6274,台燿,10,3,7,國票-北投,2023-09-28,7792
2324,仁寶,6,0,6,國票-北投,2023-09-28,7792
00712,復華富時不動產,6,0,6,國票-北投,2023-09-28,7792
00878,國泰永續高股息,6,0,6,國票-北投,2023-09-28,7792
1471,首利,6,0,6,國票-北投,2023-09-28,7792
2356,英業達,7,1,6,國票-北投,2023-09-28,7792
2449,京元電子,7,1,6,國票-北投,2023-09-28,7792
3711,日月光投控,6,0,6,國票-北投,2023-09-28,7792
8048,德勝,6,0,6,國票-北投,2023-09-28,7792
2421,建準,5,0,5,國票-北投,2023-09-28,7792
1611,中電,5,0,5,國票-北投,2023-09-28,7792
1605,華新,5,0,5,國票-北投,2023-09-28,7792
1301,台塑,5,0,5,國票-北投,2023-09-28,7792
00902,中信電池及儲能,5,0,5,國票-北投,2023-09-28,7792
2615,萬海,5,0,5,國票-北投,2023-09-28,7792
6244,茂迪,20,15,5,國票-北投,2023-09-28,7792
00720B,元大投資級公司債,4,0,4,國票-北投,2023-09-28,7792
2367,燿華,6,2,4,國票-北投,2023-09-28,7792
00696B,富邦美債20年,3,0,3,國票-北投,2023-09-28,7792
00919,群益台灣精選高息,3,0,3,國票-北投,2023-09-28,7792
1324,地球,6,3,3,國票-北投,2023-09-28,7792
2355,敬鵬,3,0,3,國票-北投,2023-09-28,7792
5483,中美晶,3,0,3,國票-北投,2023-09-28,7792
8358,金居,3,0,3,國票-北投,2023-09-28,7792
1815,富喬,8,5,3,國票-北投,2023-09-28,7792
2317,鴻海,5,3,2,國票-北投,2023-09-28,7792
00680L,元大美債20正2,350,0,350,國票-北投,2023-10-02,7792
1609,大亞,53,2,51,國票-北投,2023-10-02,7792
2880,華南金,50,0,50,國票-北投,2023-10-02,7792
2363,矽統,33,7,26,國票-北投,2023-10-02,7792
2409,友達,20,0,20,國票-北投,2023-10-02,7792
3042,晶技,20,0,20,國票-北投,2023-10-02,7792
6438,迅得,20,0,20,國票-北投,2023-10-02,7792
2353,宏��,20,2,18,國票-北投,2023-10-02,7792
5309,系統電,16,0,16,國票-北投,2023-10-02,7792
3630,新鉅科,15,0,15,國票-北投,2023-10-02,7792
00929,復華台灣科技優息,15,1,14,國票-北投,2023-10-02,7792
2356,英業達,36,23,13,國票-北投,2023-10-02,7792
2340,台亞,13,0,13,國票-北投,2023-10-02,7792
3450,聯鈞,25,12,13,國票-北投,2023-10-02,7792
1802,台玻,15,3,12,國票-北投,2023-10-02,7792
2301,光寶科,11,1,10,國票-北投,2023-10-02,7792
00878,國泰永續高股息,9,0,9,國票-北投,2023-10-02,7792
6188,廣明,20,11,9,國票-北投,2023-10-02,7792
2405,輔信,10,2,8,國票-北投,2023-10-02,7792
2425,承啟,8,0,8,國票-北投,2023-10-02,7792
6269,台郡,7,0,7,國票-北投,2023-10-02,7792
2603,長榮,6,0,6,國票-北投,2023-10-02,7792
1618,合機,5,0,5,國票-北投,2023-10-02,7792
1603,華電,5,0,5,國票-北投,2023-10-02,7792
00720B,元大投資級公司債,5,0,5,國票-北投,2023-10-02,7792
2351,順德,6,1,5,國票-北投,2023-10-02,7792
3033,威健,6,1,5,國票-北投,2023-10-02,7792
5258,虹堡,5,0,5,國票-北投,2023-10-02,7792
2610,華航,5,1,4,國票-北投,2023-10-02,7792
3481,群創,4,0,4,國票-北投,2023-10-02,7792
00679B,元大美債20年,4,0,4,國票-北投,2023-10-02,7792
1102,亞泥,4,0,4,國票-北投,2023-10-02,7792
4919,新唐,5,1,4,國票-北投,2023-10-02,7792
4967,十銓,4,0,4,國票-北投,2023-10-02,7792
4979,華星光,5,1,4,國票-北投,2023-10-02,7792
1301,台塑,4,1,3,國票-北投,2023-10-02,7792
2204,中華,3,0,3,國票-北投,2023-10-02,7792
2206,三陽工業,8,5,3,國票-北投,2023-10-02,7792
2605,新興,3,0,3,國票-北投,2023-10-02,7792
3715,定穎投控,6,3,3,國票-北投,2023-10-02,7792
6147,頎邦,3,0,3,國票-北投,2023-10-02,7792
6213,聯茂,7,4,3,國票-北投,2023-10-02,7792
6271,同欣電,3,0,3,國票-北投,2023-10-02,7792
6442,光聖,3,0,3,國票-北投,2023-10-02,7792
9919,康那香,5,2,3,國票-北投,2023-10-02,7792
9938,百和,3,0,3,國票-北投,2023-10-02,7792
00772B,中信高評級公司債,2,0,2,國票-北投,2023-10-02,7792
1524,耿鼎,2,0,2,國票-北投,2023-10-02,7792
1303,南亞,2,0,2,國票-北投,2023-10-02,7792
00931B,統一美債20年,2,0,2,國票-北投,2023-10-02,7792
2605,新興,55,0,55,國票-北投,2023-10-03,7792
1609,大亞,32,2,30,國票-北投,2023-10-03,7792
00680L,元大美債20正2,25,0,25,國票-北投,2023-10-03,7792
1605,華新,23,0,23,國票-北投,2023-10-03,7792
2313,華通,24,1,23,國票-北投,2023-10-03,7792
00751B,元大AAA至A公司債,20,0,20,國票-北投,2023-10-03,7792
3704,合勤控,19,0,19,國票-北投,2023-10-03,7792
8930,青鋼,18,0,18,國票-北投,2023-10-03,7792
3481,群創,19,2,17,國票-北投,2023-10-03,7792
2329,華泰,21,5,16,國票-北投,2023-10-03,7792
2351,順德,17,1,16,國票-北投,2023-10-03,7792
2409,友達,33,19,14,國票-北投,2023-10-03,7792
3325,旭品,59,45,14,國票-北投,2023-10-03,7792
1409,新纖,13,0,13,國票-北投,2023-10-03,7792
2356,英業達,16,3,13,國票-北投,2023-10-03,7792
00922,國泰台灣領袖50,12,0,12,國票-北投,2023-10-03,7792
2603,長榮,12,0,12,國票-北投,2023-10-03,7792
5309,系統電,12,0,12,國票-北投,2023-10-03,7792
1326,台化,11,0,11,國票-北投,2023-10-03,7792
2312,金寶,11,0,11,國票-北投,2023-10-03,7792
2449,京元電子,11,0,11,國票-北投,2023-10-03,7792
1101,台泥,10,0,10,國票-北投,2023-10-03,7792
2332,友訊,11,1,10,國票-北投,2023-10-03,7792
2442,新美齊,10,0,10,國票-北投,2023-10-03,7792
3055,蔚華科,10,0,10,國票-北投,2023-10-03,7792
3630,新鉅科,10,0,10,國票-北投,2023-10-03,7792
6443,元晶,10,0,10,國票-北投,2023-10-03,7792
8210,勤誠,10,0,10,國票-北投,2023-10-03,7792
2538,基泰,42,33,9,國票-北投,2023-10-03,7792
2727,王品,10,1,9,國票-北投,2023-10-03,7792
8936,國統,10,1,9,國票-北投,2023-10-03,7792
3025,星通,8,0,8,國票-北投,2023-10-03,7792
2382,廣達,15,7,8,國票-北投,2023-10-03,7792
2885,元大金,7,0,7,國票-北投,2023-10-03,7792
1503,士電,7,0,7,國票-北投,2023-10-03,7792
3617,碩天,7,0,7,國票-北投,2023-10-03,7792
00712,復華富時不動產,6,0,6,國票-北投,2023-10-03,7792
00720B,元大投資級公司債,6,0,6,國票-北投,2023-10-03,7792
00885,富邦越南,6,0,6,國票-北投,2023-10-03,7792
2002,中鋼,6,0,6,國票-北投,2023-10-03,7792
3105,穩懋,6,0,6,國票-北投,2023-10-03,7792
3163,波若威,11,5,6,國票-北投,2023-10-03,7792
8076,伍豐,6,0,6,國票-北投,2023-10-03,7792
1584,精剛,5,0,5,國票-北投,2023-10-03,7792
00931B,統一美債20年,5,0,5,國票-北投,2023-10-03,7792
2486,一詮,5,0,5,國票-北投,2023-10-03,7792
2610,華航,5,0,5,國票-北投,2023-10-03,7792
3092,鴻碩,5,0,5,國票-北投,2023-10-03,7792
3669,圓展,7,2,5,國票-北投,2023-10-03,7792
5465,富驊,5,0,5,國票-北投,2023-10-03,7792
00680L,元大美債20正2,661,10,651,國票-北投,2023-10-04,7792
00751B,元大AAA至A公司債,100,0,100,國票-北投,2023-10-04,7792
2880,華南金,60,0,60,國票-北投,2023-10-04,7792
1101,台泥,40,0,40,國票-北投,2023-10-04,7792
2883,凱基金,32,2,30,國票-北投,2023-10-04,7792
00712,復華富時不動產,21,0,21,國票-北投,2023-10-04,7792
2303,聯電,17,1,16,國票-北投,2023-10-04,7792
00679B,元大美債20年,14,0,14,國票-北投,2023-10-04,7792
00885,富邦越南,13,0,13,國票-北投,2023-10-04,7792
2409,友達,13,2,11,國票-北投,2023-10-04,7792
3006,晶豪科,12,1,11,國票-北投,2023-10-04,7792
3704,合勤控,11,0,11,國票-北投,2023-10-04,7792
00637L,元大滬深300正2,40,30,10,國票-北投,2023-10-04,7792
2538,基泰,10,0,10,國票-北投,2023-10-04,7792
3014,聯陽,10,0,10,國票-北投,2023-10-04,7792
6288,聯嘉,18,8,10,國票-北投,2023-10-04,7792
8277,商丞,10,0,10,國票-北投,2023-10-04,7792
2891,中信金,8,0,8,國票-北投,2023-10-04,7792
1605,華新,8,0,8,國票-北投,2023-10-04,7792
2618,長榮航,10,2,8,國票-北投,2023-10-04,7792
2820,華票,8,0,8,國票-北投,2023-10-04,7792
2330,台積電,8,0,8,國票-北投,2023-10-04,7792
2317,鴻海,8,1,7,國票-北投,2023-10-04,7792
2353,宏��,7,0,7,國票-北投,2023-10-04,7792
2884,玉山金,7,0,7,國票-北投,2023-10-04,7792
00772B,中信高評級公司債,6,0,6,國票-北投,2023-10-04,7792
3231,緯創,14,8,6,國票-北投,2023-10-04,7792
00931B,統一美債20年,6,0,6,國票-北投,2023-10-04,7792
1584,精剛,6,0,6,國票-北投,2023-10-04,7792
2351,順德,6,0,6,國票-北投,2023-10-04,7792
2882,國泰金,6,0,6,國票-北投,2023-10-04,7792
3025,星通,6,0,6,國票-北投,2023-10-04,7792
3033,威健,6,0,6,國票-北投,2023-10-04,7792
4744,皇將,9,3,6,國票-北投,2023-10-04,7792
5309,系統電,6,0,6,國票-北投,2023-10-04,7792
6153,嘉聯益,6,0,6,國票-北投,2023-10-04,7792
2201,裕隆,5,0,5,國票-北投,2023-10-04,7792
0056,元大高股息,5,0,5,國票-北投,2023-10-04,7792
2406,國碩,5,0,5,國票-北投,2023-10-04,7792
00932,兆豐永續高息等權,5,0,5,國票-北投,2023-10-04,7792
00900,富邦特選高股息30,5,0,5,國票-北投,2023-10-04,7792
00720B,元大投資級公司債,5,0,5,國票-北投,2023-10-04,7792
1815,富喬,5,0,5,國票-北投,2023-10-04,7792
2314,台揚,5,0,5,國票-北投,2023-10-04,7792
2356,英業達,6,1,5,國票-北投,2023-10-04,7792
2605,新興,6,1,5,國票-北投,2023-10-04,7792
2838,聯邦銀,5,0,5,國票-北投,2023-10-04,7792
3044,健鼎,5,0,5,國票-北投,2023-10-04,7792
3092,鴻碩,5,0,5,國票-北投,2023-10-04,7792
6152,百一,5,0,5,國票-北投,2023-10-04,7792
2337,旺宏,55,3,52,國票-北投,2023-10-05,7792
2538,基泰,92,56,36,國票-北投,2023-10-05,7792
2409,友達,38,5,33,國票-北投,2023-10-05,7792
1529,樂事綠能,30,0,30,國票-北投,2023-10-05,7792
5309,系統電,23,0,23,國票-北投,2023-10-05,7792
3231,緯創,21,4,17,國票-北投,2023-10-05,7792
3260,威剛,17,0,17,國票-北投,2023-10-05,7792
3044,健鼎,12,0,12,國票-北投,2023-10-05,7792
3380,明泰,11,0,11,國票-北投,2023-10-05,7792
2417,圓剛,13,4,9,國票-北投,2023-10-05,7792
1609,大亞,8,0,8,國票-北投,2023-10-05,7792
00632R,元大台灣50反1,8,0,8,國票-北投,2023-10-05,7792
2367,燿華,9,1,8,國票-北投,2023-10-05,7792
2891,中信金,7,0,7,國票-北投,2023-10-05,7792
3037,欣興,7,0,7,國票-北投,2023-10-05,7792
3704,合勤控,9,2,7,國票-北投,2023-10-05,7792
2382,廣達,23,17,6,國票-北投,2023-10-05,7792
2603,長榮,6,0,6,國票-北投,2023-10-05,7792
2634,漢翔,8,2,6,國票-北投,2023-10-05,7792
5465,富驊,6,0,6,國票-北投,2023-10-05,7792
2618,長榮航,34,29,5,國票-北投,2023-10-05,7792
00931B,統一美債20年,5,0,5,國票-北投,2023-10-05,7792
00725B,國泰投資級公司債,5,0,5,國票-北投,2023-10-05,7792
00715L,期街口布蘭特正2,5,0,5,國票-北投,2023-10-05,7792
2888,新光金,5,0,5,國票-北投,2023-10-05,7792
3059,華晶科,6,1,5,國票-北投,2023-10-05,7792
3163,波若威,8,3,5,國票-北投,2023-10-05,7792
3322,建舜電,5,0,5,國票-北投,2023-10-05,7792
3702,大聯大,5,0,5,國票-北投,2023-10-05,7792
4919,新唐,4,0,4,國票-北投,2023-10-05,7792
00683L,期元大美元指正2,4,0,4,國票-北投,2023-10-05,7792
2606,裕民,4,0,4,國票-北投,2023-10-05,7792
2820,華票,4,0,4,國票-北投,2023-10-05,7792
3036,文曄,15,11,4,國票-北投,2023-10-05,7792
3576,聯合再生,4,0,4,國票-北投,2023-10-05,7792
6186,新潤,4,0,4,國票-北投,2023-10-05,7792
1603,華電,3,0,3,國票-北投,2023-10-05,7792
1305,華夏,3,0,3,國票-北投,2023-10-05,7792
2027,大成鋼,3,0,3,國票-北投,2023-10-05,7792
3005,神基,3,0,3,國票-北投,2023-10-05,7792
3042,晶技,3,0,3,國票-北投,2023-10-05,7792
3078,僑威,5,2,3,國票-北投,2023-10-05,7792
3362,先進光,8,5,3,國票-北投,2023-10-05,7792
6806,森崴能源,5,2,3,國票-北投,2023-10-05,7792
8093,保銳,3,0,3,國票-北投,2023-10-05,7792
8271,宇瞻,6,3,3,國票-北投,2023-10-05,7792
00664R,國泰臺灣加權反1,2,0,2,國票-北投,2023-10-05,7792
00877,復華中國5G,2,0,2,國票-北投,2023-10-05,7792
00909,國泰數位支付服務,2,0,2,國票-北投,2023-10-05,7792
1515,力山,2,0,2,國票-北投,2023-10-05,7792
00929,復華台灣科技優息,44,0,44,國票-北投,2023-10-06,7792
2206,三陽工業,40,0,40,國票-北投,2023-10-06,7792
2374,佳能,40,0,40,國票-北投,2023-10-06,7792
8076,伍豐,31,0,31,國票-北投,2023-10-06,7792
3704,合勤控,26,1,25,國票-北投,2023-10-06,7792
2409,友達,22,1,21,國票-北投,2023-10-06,7792
3481,群創,21,0,21,國票-北投,2023-10-06,7792
6770,力積電,20,0,20,國票-北投,2023-10-06,7792
8150,南茂,16,0,16,國票-北投,2023-10-06,7792
2354,鴻準,14,1,13,國票-北投,2023-10-06,7792
2486,一詮,12,1,11,國票-北投,2023-10-06,7792
00888,永豐台灣ESG,10,0,10,國票-北投,2023-10-06,7792
2601,益航,10,0,10,國票-北投,2023-10-06,7792
2611,志信,10,0,10,國票-北投,2023-10-06,7792
1101,台泥,10,1,9,國票-北投,2023-10-06,7792
2363,矽統,17,8,9,國票-北投,2023-10-06,7792
3276,宇環,10,1,9,國票-北投,2023-10-06,7792
2882,國泰金,8,0,8,國票-北投,2023-10-06,7792
00919,群益台灣精選高息,8,0,8,國票-北投,2023-10-06,7792
00673R,期元大S＆P原油反1,10,3,7,國票-北投,2023-10-06,7792
3531,先益,6,0,6,國票-北投,2023-10-06,7792
6153,嘉聯益,6,0,6,國票-北投,2023-10-06,7792
1529,樂事綠能,5,0,5,國票-北投,2023-10-06,7792
00931B,統一美債20年,5,0,5,國票-北投,2023-10-06,7792
00687B,國泰20年美債,5,0,5,國票-北投,2023-10-06,7792
00751B,元大AAA至A公司債,5,0,5,國票-北投,2023-10-06,7792
00725B,國泰投資級公司債,5,0,5,國票-北投,2023-10-06,7792
1609,大亞,5,0,5,國票-北投,2023-10-06,7792
2329,華泰,13,8,5,國票-北投,2023-10-06,7792
4744,皇將,5,0,5,國票-北投,2023-10-06,7792
5309,系統電,5,0,5,國票-北投,2023-10-06,7792
5880,合庫金,5,0,5,國票-北投,2023-10-06,7792
6285,啟��,5,0,5,國票-北投,2023-10-06,7792
6530,創威,5,0,5,國票-北投,2023-10-06,7792
00885,富邦越南,4,0,4,國票-北投,2023-10-06,7792
2303,聯電,4,0,4,國票-北投,2023-10-06,7792
2417,圓剛,5,1,4,國票-北投,2023-10-06,7792
2382,廣達,15,12,3,國票-北投,2023-10-06,7792
1603,華電,3,0,3,國票-北投,2023-10-06,7792
2301,光寶科,3,0,3,國票-北投,2023-10-06,7792
2471,資通,3,0,3,國票-北投,2023-10-06,7792
3669,圓展,9,6,3,國票-北投,2023-10-06,7792
5608,四維航,3,0,3,國票-北投,2023-10-06,7792
6122,擎邦,4,1,3,國票-北投,2023-10-06,7792
6194,育富,3,0,3,國票-北投,2023-10-06,7792
6274,台燿,70,67,3,國票-北投,2023-10-06,7792
8093,保銳,3,0,3,國票-北投,2023-10-06,7792
00878,國泰永續高股息,3,0,3,國票-北投,2023-10-06,7792
00679B,元大美債20年,2,0,2,國票-北投,2023-10-06,7792
2542,興富發,2,0,2,國票-北投,2023-10-06,7792
3231,緯創,61,12,49,國票-北投,2023-10-11,7792
2542,興富發,40,0,40,國票-北投,2023-10-11,7792
5388,中磊,20,0,20,國票-北投,2023-10-11,7792
1101,台泥,20,0,20,國票-北投,2023-10-11,7792
2353,宏��,40,20,20,國票-北投,2023-10-11,7792
3704,合勤控,27,7,20,國票-北投,2023-10-11,7792
1714,和桐,20,5,15,國票-北投,2023-10-11,7792
9105,泰金寶-DR,15,0,15,國票-北投,2023-10-11,7792
4142,國光生,13,0,13,國票-北投,2023-10-11,7792
00637L,元大滬深300正2,12,0,12,國票-北投,2023-10-11,7792
8069,元太,11,1,10,國票-北投,2023-10-11,7792
2332,友訊,10,0,10,國票-北投,2023-10-11,7792
2465,麗臺,10,0,10,國票-北投,2023-10-11,7792
3028,增你強,10,0,10,國票-北投,2023-10-11,7792
3596,智易,10,0,10,國票-北投,2023-10-11,7792
5426,振發,11,1,10,國票-北投,2023-10-11,7792
6411,晶焱,9,0,9,國票-北投,2023-10-11,7792
2345,智邦,10,1,9,國票-北投,2023-10-11,7792
3051,力特,8,0,8,國票-北投,2023-10-11,7792
2002,中鋼,9,2,7,國票-北投,2023-10-11,7792
3163,波若威,7,0,7,國票-北投,2023-10-11,7792
00931B,統一美債20年,6,0,6,國票-北投,2023-10-11,7792
1305,華夏,6,0,6,國票-北投,2023-10-11,7792
2603,長榮,5,0,5,國票-北投,2023-10-11,7792
1609,大亞,5,0,5,國票-北投,2023-10-11,7792
00680L,元大美債20正2,5,0,5,國票-北投,2023-10-11,7792
1720,生達,5,0,5,國票-北投,2023-10-11,7792
2329,華泰,20,15,5,國票-北投,2023-10-11,7792
3083,網龍,5,0,5,國票-北投,2023-10-11,7792
3518,柏騰,5,0,5,國票-北投,2023-10-11,7792
4532,瑞智,5,0,5,國票-北投,2023-10-11,7792
4542,科嶠,5,0,5,國票-北投,2023-10-11,7792
5215,科嘉-KY,5,0,5,國票-北投,2023-10-11,7792
6167,久正,5,0,5,國票-北投,2023-10-11,7792
8096,擎亞,5,0,5,國票-北投,2023-10-11,7792
9902,台火,5,0,5,國票-北投,2023-10-11,7792
00919,群益台灣精選高息,5,0,5,國票-北投,2023-10-11,7792
2637,慧洋-KY,4,0,4,國票-北投,2023-10-11,7792
6284,佳邦,9,5,4,國票-北投,2023-10-11,7792
3715,定穎投控,56,52,4,國票-北投,2023-10-11,7792
2609,陽明,4,0,4,國票-北投,2023-10-11,7792
2382,廣達,15,11,4,國票-北投,2023-10-11,7792
2105,正新,5,1,4,國票-北投,2023-10-11,7792
2355,敬鵬,4,0,4,國票-北投,2023-10-11,7792
2468,華經,5,1,4,國票-北投,2023-10-11,7792
3617,碩天,4,0,4,國票-北投,2023-10-11,7792
6116,彩晶,5,1,4,國票-北投,2023-10-11,7792
2206,三陽工業,6,2,4,國票-北投,2023-10-11,7792
00878,國泰永續高股息,5,1,4,國票-北投,2023-10-11,7792
1504,東元,3,0,3,國票-北投,2023-10-11,7792
2542,興富發,26,0,26,國票-北投,2023-10-12,7792
2324,仁寶,20,0,20,國票-北投,2023-10-12,7792
2353,宏��,40,20,20,國票-北投,2023-10-12,7792
2201,裕隆,26,11,15,國票-北投,2023-10-12,7792
2303,聯電,19,4,15,國票-北投,2023-10-12,7792
2382,廣達,15,2,13,國票-北投,2023-10-12,7792
00905,FT臺灣Smart,12,0,12,國票-北投,2023-10-12,7792
1101,台泥,20,9,11,國票-北投,2023-10-12,7792
2356,英業達,22,11,11,國票-北投,2023-10-12,7792
2408,南亞科,11,0,11,國票-北投,2023-10-12,7792
00687B,國泰20年美債,10,0,10,國票-北投,2023-10-12,7792
1584,精剛,11,1,10,國票-北投,2023-10-12,7792
8213,志超,10,0,10,國票-北投,2023-10-12,7792
1609,大亞,9,0,9,國票-北投,2023-10-12,7792
1524,耿鼎,10,1,9,國票-北投,2023-10-12,7792
00929,復華台灣科技優息,8,0,8,國票-北投,2023-10-12,7792
1319,東陽,8,0,8,國票-北投,2023-10-12,7792
00631L,元大台灣50正2,8,0,8,國票-北投,2023-10-12,7792
6547,高端疫苗,8,0,8,國票-北投,2023-10-12,7792
00632R,元大台灣50反1,6,0,6,國票-北投,2023-10-12,7792
1514,亞力,6,0,6,國票-北投,2023-10-12,7792
2634,漢翔,9,3,6,國票-北投,2023-10-12,7792
2374,佳能,5,0,5,國票-北投,2023-10-12,7792
2606,裕民,5,0,5,國票-北投,2023-10-12,7792
2630,亞航,5,0,5,國票-北投,2023-10-12,7792
6548,長科*,5,0,5,國票-北投,2023-10-12,7792
8930,青鋼,5,0,5,國票-北投,2023-10-12,7792
2313,華通,19,15,4,國票-北投,2023-10-12,7792
2355,敬鵬,4,0,4,國票-北投,2023-10-12,7792
2891,中信金,10,6,4,國票-北投,2023-10-12,7792
3450,聯鈞,4,0,4,國票-北投,2023-10-12,7792
3709,鑫聯大投控,4,0,4,國票-北投,2023-10-12,7792
6187,萬潤,4,0,4,國票-北投,2023-10-12,7792
6288,聯嘉,4,0,4,國票-北投,2023-10-12,7792
2455,全新,3,0,3,國票-北投,2023-10-12,7792
2468,華經,3,0,3,國票-北投,2023-10-12,7792
3380,明泰,3,0,3,國票-北投,2023-10-12,7792
3617,碩天,3,1,2,國票-北投,2023-10-12,7792
1303,南亞,2,0,2,國票-北投,2023-10-12,7792
1477,聚陽,2,0,2,國票-北投,2023-10-12,7792
00664R,國泰臺灣加權反1,2,0,2,國票-北投,2023-10-12,7792
00712,復華富時不動產,2,0,2,國票-北投,2023-10-12,7792
00891,中信關鍵半導體,2,0,2,國票-北投,2023-10-12,7792
1324,地球,4,2,2,國票-北投,2023-10-12,7792
1809,中釉,2,0,2,國票-北投,2023-10-12,7792
1909,榮成,2,0,2,國票-北投,2023-10-12,7792
2208,台船,2,0,2,國票-北投,2023-10-12,7792
2338,光罩,4,2,2,國票-北投,2023-10-12,7792
3209,全科,2,0,2,國票-北投,2023-10-12,7792
3325,旭品,13,11,2,國票-北投,2023-10-12,7792
00680L,元大美債20正2,1507,0,1507,國票-北投,2023-10-13,7792
3583,辛耘,72,1,71,國票-北投,2023-10-13,7792
00637L,元大滬深300正2,55,10,45,國票-北投,2023-10-13,7792
3231,緯創,35,6,29,國票-北投,2023-10-13,7792
6191,精成科,25,0,25,國票-北投,2023-10-13,7792
1101,台泥,24,2,22,國票-北投,2023-10-13,7792
5880,合庫金,22,0,22,國票-北投,2023-10-13,7792
2344,華邦電,22,1,21,國票-北投,2023-10-13,7792
0056,元大高股息,20,0,20,國票-北投,2023-10-13,7792
3090,日電貿,20,0,20,國票-北投,2023-10-13,7792
1905,華紙,22,3,19,國票-北投,2023-10-13,7792
00878,國泰永續高股息,17,1,16,國票-北投,2023-10-13,7792
00751B,元大AAA至A公司債,15,0,15,國票-北投,2023-10-13,7792
2313,華通,15,0,15,國票-北投,2023-10-13,7792
3078,僑威,19,5,14,國票-北投,2023-10-13,7792
2382,廣達,28,15,13,國票-北投,2023-10-13,7792
2376,技嘉,13,0,13,國票-北投,2023-10-13,7792
4967,十銓,17,5,12,國票-北投,2023-10-13,7792
00713,元大台灣高息低波,10,0,10,國票-北投,2023-10-13,7792
3094,聯傑,10,0,10,國票-北投,2023-10-13,7792
6412,群電,10,0,10,國票-北投,2023-10-13,7792
3704,合勤控,10,1,9,國票-北投,2023-10-13,7792
00720B,元大投資級公司債,8,0,8,國票-北投,2023-10-13,7792
2301,光寶科,8,0,8,國票-北投,2023-10-13,7792
2888,新光金,8,0,8,國票-北投,2023-10-13,7792
1603,華電,11,4,7,國票-北投,2023-10-13,7792
2002,中鋼,7,0,7,國票-北投,2023-10-13,7792
2329,華泰,11,4,7,國票-北投,2023-10-13,7792
1513,中興電,6,0,6,國票-北投,2023-10-13,7792
1560,中砂,6,0,6,國票-北投,2023-10-13,7792
2353,宏��,11,5,6,國票-北投,2023-10-13,7792
00725B,國泰投資級公司債,5,0,5,國票-北投,2023-10-13,7792
00788B,元大10年IG電能債,5,0,5,國票-北投,2023-10-13,7792
00786B,元大10年IG銀行債,5,0,5,國票-北投,2023-10-13,7792
2610,華航,8,3,5,國票-北投,2023-10-13,7792
6216,居易,6,1,5,國票-北投,2023-10-13,7792
9928,中視,5,0,5,國票-北投,2023-10-13,7792
2340,台亞,4,0,4,國票-北投,2023-10-13,7792
2449,京元電子,5,1,4,國票-北投,2023-10-13,7792
2465,麗臺,4,0,4,國票-北投,2023-10-13,7792
2618,長榮航,6,2,4,國票-北投,2023-10-13,7792
3036,文曄,4,0,4,國票-北投,2023-10-13,7792
3715,定穎投控,48,44,4,國票-北投,2023-10-13,7792
6112,邁達特,5,1,4,國票-北投,2023-10-13,7792
8088,品安,4,0,4,國票-北投,2023-10-13,7792
8996,高力,5,1,4,國票-北投,2023-10-13,7792
1303,南亞,4,0,4,國票-北投,2023-10-13,7792
00919,群益台灣精選高息,6,2,4,國票-北投,2023-10-13,7792
6188,廣明,3,0,3,國票-北投,2023-10-13,7792
1609,大亞,3,0,3,國票-北投,2023-10-13,7792
2353,宏��,51,0,51,國票-北投,2023-10-16,7792
00929,復華台灣科技優息,46,0,46,國票-北投,2023-10-16,7792
2344,華邦電,31,0,31,國票-北投,2023-10-16,7792
2388,威盛,32,1,31,國票-北投,2023-10-16,7792
3025,星通,52,22,30,國票-北投,2023-10-16,7792
3521,鴻翊,30,0,30,國票-北投,2023-10-16,7792
2330,台積電,30,0,30,國票-北投,2023-10-16,7792
1314,中石化,39,11,28,國票-北投,2023-10-16,7792
0056,元大高股息,24,0,24,國票-北投,2023-10-16,7792
1605,華新,20,0,20,國票-北投,2023-10-16,7792
00922,國泰台灣領袖50,20,0,20,國票-北投,2023-10-16,7792
2367,燿華,15,0,15,國票-北投,2023-10-16,7792
00637L,元大滬深300正2,14,0,14,國票-北投,2023-10-16,7792
2317,鴻海,14,0,14,國票-北投,2023-10-16,7792
3163,波若威,15,2,13,國票-北投,2023-10-16,7792
6531,愛普*,11,0,11,國票-北投,2023-10-16,7792
6288,聯嘉,11,0,11,國票-北投,2023-10-16,7792
1560,中砂,10,0,10,國票-北投,2023-10-16,7792
8936,國統,10,0,10,國票-北投,2023-10-16,7792
2618,長榮航,14,5,9,國票-北投,2023-10-16,7792
5880,合庫金,9,0,9,國票-北投,2023-10-16,7792
6770,力積電,9,1,8,國票-北投,2023-10-16,7792
3034,聯詠,8,1,7,國票-北投,2023-10-16,7792
2515,中工,28,21,7,國票-北投,2023-10-16,7792
3094,聯傑,7,0,7,國票-北投,2023-10-16,7792
3231,緯創,17,10,7,國票-北投,2023-10-16,7792
4142,國光生,7,0,7,國票-北投,2023-10-16,7792
4960,誠美材,10,3,7,國票-北投,2023-10-16,7792
6668,中揚光,7,0,7,國票-北投,2023-10-16,7792
00633L,富邦上証正2,6,0,6,國票-北投,2023-10-16,7792
3704,合勤控,6,0,6,國票-北投,2023-10-16,7792
6451,訊芯-KY,6,0,6,國票-北投,2023-10-16,7792
1528,恩德,5,0,5,國票-北投,2023-10-16,7792
1527,鑽全,5,0,5,國票-北投,2023-10-16,7792
00687B,國泰20年美債,5,0,5,國票-北投,2023-10-16,7792
00738U,期元大道瓊白銀,5,0,5,國票-北投,2023-10-16,7792
2303,聯電,11,6,5,國票-北投,2023-10-16,7792
2374,佳能,5,0,5,國票-北投,2023-10-16,7792
2376,技嘉,6,1,5,國票-北投,2023-10-16,7792
2486,一詮,5,0,5,國票-北投,2023-10-16,7792
2542,興富發,5,0,5,國票-北投,2023-10-16,7792
3052,夆典,5,0,5,國票-北投,2023-10-16,7792
6155,鈞寶,5,0,5,國票-北投,2023-10-16,7792
6227,茂綸,5,0,5,國票-北投,2023-10-16,7792
8222,寶一,7,2,5,國票-北投,2023-10-16,7792
00919,群益台灣精選高息,5,0,5,國票-北投,2023-10-16,7792
2468,華經,4,0,4,國票-北投,2023-10-16,7792
6285,啟��,5,1,4,國票-北投,2023-10-16,7792
2382,廣達,9,6,3,國票-北投,2023-10-16,7792
1477,聚陽,4,1,3,國票-北投,2023-10-16,7792
2498,宏達電,100,0,100,國票-北投,2023-10-17,7792
2374,佳能,60,0,60,國票-北投,2023-10-17,7792
00929,復華台灣科技優息,28,0,28,國票-北投,2023-10-17,7792
00922,國泰台灣領袖50,28,0,28,國票-北投,2023-10-17,7792
0056,元大高股息,25,0,25,國票-北投,2023-10-17,7792
2618,長榮航,23,0,23,國票-北投,2023-10-17,7792
6142,友勁,20,0,20,國票-北投,2023-10-17,7792
2105,正新,20,1,19,國票-北投,2023-10-17,7792
1609,大亞,15,0,15,國票-北投,2023-10-17,7792
00720B,元大投資級公司債,15,0,15,國票-北投,2023-10-17,7792
6770,力積電,15,2,13,國票-北投,2023-10-17,7792
00919,群益台灣精選高息,13,0,13,國票-北投,2023-10-17,7792
1605,華新,11,0,11,國票-北投,2023-10-17,7792
00918,大華優利高填息30,10,0,10,國票-北投,2023-10-17,7792
00915,凱基優選高股息30,10,0,10,國票-北投,2023-10-17,7792
2409,友達,10,0,10,國票-北投,2023-10-17,7792
2419,仲琦,10,0,10,國票-北投,2023-10-17,7792
3380,明泰,10,0,10,國票-北投,2023-10-17,7792
2206,三陽工業,11,2,9,國票-北投,2023-10-17,7792
2610,華航,9,0,9,國票-北投,2023-10-17,7792
1314,中石化,12,4,8,國票-北投,2023-10-17,7792
2368,金像電,9,1,8,國票-北投,2023-10-17,7792
3078,僑威,11,3,8,國票-北投,2023-10-17,7792
2363,矽統,90,84,6,國票-北投,2023-10-17,7792
00751B,元大AAA至A公司債,6,0,6,國票-北投,2023-10-17,7792
1718,中纖,6,0,6,國票-北投,2023-10-17,7792
2402,毅嘉,6,0,6,國票-北投,2023-10-17,7792
3518,柏騰,6,0,6,國票-北投,2023-10-17,7792
5469,瀚宇博,6,0,6,國票-北投,2023-10-17,7792
3376,新日興,7,1,6,國票-北投,2023-10-17,7792
2356,英業達,7,2,5,國票-北投,2023-10-17,7792
2369,菱生,5,0,5,國票-北投,2023-10-17,7792
2888,新光金,5,0,5,國票-北投,2023-10-17,7792
3083,網龍,5,0,5,國票-北投,2023-10-17,7792
3702,大聯大,5,0,5,國票-北投,2023-10-17,7792
8936,國統,5,0,5,國票-北投,2023-10-17,7792
1815,富喬,5,1,4,國票-北投,2023-10-17,7792
00679B,元大美債20年,4,0,4,國票-北投,2023-10-17,7792
00738U,期元大道瓊白銀,4,0,4,國票-北投,2023-10-17,7792
020039,元大加權N,4,0,4,國票-北投,2023-10-17,7792
2606,裕民,5,1,4,國票-北投,2023-10-17,7792
2883,凱基金,4,0,4,國票-北投,2023-10-17,7792
3346,麗清,4,0,4,國票-北投,2023-10-17,7792
3484,崧騰,4,0,4,國票-北投,2023-10-17,7792
4142,國光生,4,0,4,國票-北投,2023-10-17,7792
2891,中信金,3,0,3,國票-北投,2023-10-17,7792
2301,光寶科,8,5,3,國票-北投,2023-10-17,7792
2330,台積電,4,1,3,國票-北投,2023-10-17,7792
00878,國泰永續高股息,3,0,3,國票-北投,2023-10-17,7792
2352,佳世達,2,0,2,國票-北投,2023-10-17,7792
0056,元大高股息,59,3,56,國票-北投,2023-10-18,7792
00929,復華台灣科技優息,43,0,43,國票-北投,2023-10-18,7792
3006,晶豪科,44,3,41,國票-北投,2023-10-18,7792
6168,宏齊,65,26,39,國票-北投,2023-10-18,7792
00922,國泰台灣領袖50,32,0,32,國票-北投,2023-10-18,7792
1714,和桐,30,0,30,國票-北投,2023-10-18,7792
2002,中鋼,27,2,25,國票-北投,2023-10-18,7792
3715,定穎投控,56,33,23,國票-北投,2023-10-18,7792
00751B,元大AAA至A公司債,22,0,22,國票-北投,2023-10-18,7792
3025,星通,24,3,21,國票-北投,2023-10-18,7792
2369,菱生,34,16,18,國票-北投,2023-10-18,7792
00919,群益台灣精選高息,23,5,18,國票-北投,2023-10-18,7792
2388,威盛,23,9,14,國票-北投,2023-10-18,7792
00720B,元大投資級公司債,14,0,14,國票-北投,2023-10-18,7792
00679B,元大美債20年,13,0,13,國票-北投,2023-10-18,7792
2382,廣達,16,4,12,國票-北投,2023-10-18,7792
2323,中環,11,0,11,國票-北投,2023-10-18,7792
3041,揚智,14,3,11,國票-北投,2023-10-18,7792
2353,宏��,11,1,10,國票-北投,2023-10-18,7792
3322,建舜電,10,0,10,國票-北投,2023-10-18,7792
1101,台泥,9,0,9,國票-北投,2023-10-18,7792
1210,大成,9,0,9,國票-北投,2023-10-18,7792
00878,國泰永續高股息,10,2,8,國票-北投,2023-10-18,7792
2201,裕隆,9,2,7,國票-北投,2023-10-18,7792
1102,亞泥,7,0,7,國票-北投,2023-10-18,7792
2344,華邦電,17,10,7,國票-北投,2023-10-18,7792
3588,通嘉,10,3,7,國票-北投,2023-10-18,7792
00885,富邦越南,6,0,6,國票-北投,2023-10-18,7792
1584,精剛,6,0,6,國票-北投,2023-10-18,7792
2313,華通,6,0,6,國票-北投,2023-10-18,7792
3380,明泰,6,0,6,國票-北投,2023-10-18,7792
4979,華星光,7,1,6,國票-北投,2023-10-18,7792
8215,明基材,6,0,6,國票-北投,2023-10-18,7792
00772B,中信高評級公司債,5,0,5,國票-北投,2023-10-18,7792
00905,FT臺灣Smart,5,0,5,國票-北投,2023-10-18,7792
00900,富邦特選高股息30,5,0,5,國票-北投,2023-10-18,7792
00898,國泰基因免疫革命,5,0,5,國票-北投,2023-10-18,7792
00738U,期元大道瓊白銀,5,0,5,國票-北投,2023-10-18,7792
00712,復華富時不動產,5,0,5,國票-北投,2023-10-18,7792
1560,中砂,6,1,5,國票-北投,2023-10-18,7792
1609,大亞,5,0,5,國票-北投,2023-10-18,7792
2345,智邦,5,0,5,國票-北投,2023-10-18,7792
2367,燿華,5,0,5,國票-北投,2023-10-18,7792
2374,佳能,5,0,5,國票-北投,2023-10-18,7792
2392,正崴,5,0,5,國票-北投,2023-10-18,7792
2457,飛宏,5,0,5,國票-北投,2023-10-18,7792
2707,晶華,5,0,5,國票-北投,2023-10-18,7792
3272,東碩,5,0,5,國票-北投,2023-10-18,7792
3518,柏騰,5,0,5,國票-北投,2023-10-18,7792
3596,智易,5,0,5,國票-北投,2023-10-18,7792
1324,地球,81,0,81,國票-北投,2023-10-19,7792
00929,復華台灣科技優息,66,15,51,國票-北投,2023-10-19,7792
00720B,元大投資級公司債,45,0,45,國票-北投,2023-10-19,7792
5521,工信,31,1,30,國票-北投,2023-10-19,7792
00933B,國泰10Y+金融債,28,0,28,國票-北投,2023-10-19,7792
00922,國泰台灣領袖50,25,0,25,國票-北投,2023-10-19,7792
00751B,元大AAA至A公司債,25,0,25,國票-北投,2023-10-19,7792
2303,聯電,68,46,22,國票-北投,2023-10-19,7792
00932,兆豐永續高息等權,20,0,20,國票-北投,2023-10-19,7792
2312,金寶,20,0,20,國票-北投,2023-10-19,7792
2885,元大金,20,0,20,國票-北投,2023-10-19,7792
6168,宏齊,42,22,20,國票-北投,2023-10-19,7792
00637L,元大滬深300正2,74,55,19,國票-北投,2023-10-19,7792
2344,華邦電,20,9,11,國票-北投,2023-10-19,7792
00679B,元大美債20年,11,1,10,國票-北投,2023-10-19,7792
2465,麗臺,10,0,10,國票-北投,2023-10-19,7792
3163,波若威,11,1,10,國票-北投,2023-10-19,7792
3257,虹冠電,10,0,10,國票-北投,2023-10-19,7792
3484,崧騰,10,0,10,國票-北投,2023-10-19,7792
4906,正文,10,0,10,國票-北投,2023-10-19,7792
5426,振發,10,0,10,國票-北投,2023-10-19,7792
0056,元大高股息,9,0,9,國票-北投,2023-10-19,7792
00712,復華富時不動產,9,0,9,國票-北投,2023-10-19,7792
3432,台端,8,0,8,國票-北投,2023-10-19,7792
00687B,國泰20年美債,7,0,7,國票-北投,2023-10-19,7792
6179,亞通,7,0,7,國票-北投,2023-10-19,7792
1303,南亞,6,0,6,國票-北投,2023-10-19,7792
00680L,元大美債20正2,6,0,6,國票-北投,2023-10-19,7792
2201,裕隆,6,0,6,國票-北投,2023-10-19,7792
2354,鴻準,6,0,6,國票-北投,2023-10-19,7792
3450,聯鈞,7,1,6,國票-北投,2023-10-19,7792
3231,緯創,25,20,5,國票-北投,2023-10-19,7792
1595,川寶,5,0,5,國票-北投,2023-10-19,7792
1528,恩德,5,0,5,國票-北投,2023-10-19,7792
00898,國泰基因免疫革命,5,0,5,國票-北投,2023-10-19,7792
00633L,富邦上証正2,5,0,5,國票-北投,2023-10-19,7792
1305,華夏,5,0,5,國票-北投,2023-10-19,7792
00725B,國泰投資級公司債,5,0,5,國票-北投,2023-10-19,7792
2356,英業達,6,1,5,國票-北投,2023-10-19,7792
2538,基泰,5,0,5,國票-北投,2023-10-19,7792
2610,華航,8,3,5,國票-北投,2023-10-19,7792
2905,三商,5,0,5,國票-北投,2023-10-19,7792
3481,群創,5,0,5,國票-北投,2023-10-19,7792
3630,新鉅科,5,0,5,國票-北投,2023-10-19,7792
6156,松上,5,0,5,國票-北投,2023-10-19,7792
6668,中揚光,5,0,5,國票-北投,2023-10-19,7792
2388,威盛,6,1,5,國票-北投,2023-10-19,7792
2317,鴻海,14,10,4,國票-北投,2023-10-19,7792
6526,達發,4,0,4,國票-北投,2023-10-19,7792
2002,中鋼,4,0,4,國票-北投,2023-10-19,7792
2498,宏達電,50,5,45,國票-北投,2023-10-20,7792
6179,亞通,43,0,43,國票-北投,2023-10-20,7792
00712,復華富時不動產,31,0,31,國票-北投,2023-10-20,7792
2357,華碩,22,1,21,國票-北投,2023-10-20,7792
1785,光洋科,27,6,21,國票-北投,2023-10-20,7792
6282,康舒,21,0,21,國票-北投,2023-10-20,7792
3041,揚智,31,13,18,國票-北投,2023-10-20,7792
2303,聯電,29,12,17,國票-北投,2023-10-20,7792
2369,菱生,54,37,17,國票-北投,2023-10-20,7792
2401,凌陽,17,0,17,國票-北投,2023-10-20,7792
00929,復華台灣科技優息,15,0,15,國票-北投,2023-10-20,7792
00673R,期元大S＆P原油反1,15,0,15,國票-北投,2023-10-20,7792
2344,華邦電,11,0,11,國票-北投,2023-10-20,7792
6770,力積電,17,6,11,國票-北投,2023-10-20,7792
00751B,元大AAA至A公司債,10,0,10,國票-北投,2023-10-20,7792
6606,建德工業,10,0,10,國票-北投,2023-10-20,7792
00895,富邦未來車,8,0,8,國票-北投,2023-10-20,7792
0056,元大高股息,11,4,7,國票-北投,2023-10-20,7792
00931B,統一美債20年,7,0,7,國票-北投,2023-10-20,7792
8390,金益鼎,7,0,7,國票-北投,2023-10-20,7792
1314,中石化,6,0,6,國票-北投,2023-10-20,7792
6235,華孚,6,0,6,國票-北投,2023-10-20,7792
1101,台泥,5,0,5,國票-北投,2023-10-20,7792
1528,恩德,5,0,5,國票-北投,2023-10-20,7792
00898,國泰基因免疫革命,5,0,5,國票-北投,2023-10-20,7792
00738U,期元大道瓊白銀,5,0,5,國票-北投,2023-10-20,7792
2015,豐興,5,0,5,國票-北投,2023-10-20,7792
2338,光罩,5,0,5,國票-北投,2023-10-20,7792
3017,奇鋐,7,2,5,國票-北投,2023-10-20,7792
6227,茂綸,7,2,5,國票-北投,2023-10-20,7792
6625,必應,5,0,5,國票-北投,2023-10-20,7792
2204,中華,5,0,5,國票-北投,2023-10-20,7792
00772B,中信高評級公司債,4,0,4,國票-北投,2023-10-20,7792
00637L,元大滬深300正2,34,30,4,國票-北投,2023-10-20,7792
00885,富邦越南,4,0,4,國票-北投,2023-10-20,7792
00932,兆豐永續高息等權,4,0,4,國票-北投,2023-10-20,7792
2354,鴻準,5,1,4,國票-北投,2023-10-20,7792
2367,燿華,14,10,4,國票-北投,2023-10-20,7792
2905,三商,4,0,4,國票-北投,2023-10-20,7792
6605,帝寶,4,0,4,國票-北投,2023-10-20,7792
2313,華通,3,0,3,國票-北投,2023-10-20,7792
00900,富邦特選高股息30,3,0,3,國票-北投,2023-10-20,7792
00893,國泰智能電動車,3,0,3,國票-北投,2023-10-20,7792
1605,華新,3,0,3,國票-北投,2023-10-20,7792
2329,華泰,5,2,3,國票-北投,2023-10-20,7792
2337,旺宏,3,0,3,國票-北投,2023-10-20,7792
2356,英業達,9,6,3,國票-北投,2023-10-20,7792
2377,微星,4,1,3,國票-北投,2023-10-20,7792
2516,新建,3,0,3,國票-北投,2023-10-20,7792
2630,亞航,3,0,3,國票-北投,2023-10-20,7792
00680L,元大美債20正2,1076,0,1076,國票-北投,2023-10-23,7792
00712,復華富時不動產,39,0,39,國票-北投,2023-10-23,7792
00929,復華台灣科技優息,39,0,39,國票-北投,2023-10-23,7792
2317,鴻海,28,7,21,國票-北投,2023-10-23,7792
2884,玉山金,20,0,20,國票-北投,2023-10-23,7792
2886,兆豐金,20,0,20,國票-北投,2023-10-23,7792
5521,工信,20,0,20,國票-北投,2023-10-23,7792
2356,英業達,19,2,17,國票-北投,2023-10-23,7792
8110,華東,20,5,15,國票-北投,2023-10-23,7792
2402,毅嘉,14,1,13,國票-北投,2023-10-23,7792
00919,群益台灣精選高息,13,0,13,國票-北投,2023-10-23,7792
00637L,元大滬深300正2,20,10,10,國票-北投,2023-10-23,7792
2015,豐興,10,0,10,國票-北投,2023-10-23,7792
2330,台積電,10,0,10,國票-北投,2023-10-23,7792
2352,佳世達,10,0,10,國票-北投,2023-10-23,7792
2481,強茂,10,0,10,國票-北投,2023-10-23,7792
2610,華航,13,3,10,國票-北投,2023-10-23,7792
2615,萬海,10,0,10,國票-北投,2023-10-23,7792
3257,虹冠電,10,0,10,國票-北投,2023-10-23,7792
3481,群創,10,0,10,國票-北投,2023-10-23,7792
5426,振發,11,1,10,國票-北投,2023-10-23,7792
3260,威剛,11,2,9,國票-北投,2023-10-23,7792
2606,裕民,8,1,7,國票-北投,2023-10-23,7792
1301,台塑,6,0,6,國票-北投,2023-10-23,7792
3051,力特,9,3,6,國票-北投,2023-10-23,7792
6535,順藥,6,0,6,國票-北投,2023-10-23,7792
6589,台康生技,6,0,6,國票-北投,2023-10-23,7792
00878,國泰永續高股息,6,0,6,國票-北投,2023-10-23,7792
0056,元大高股息,7,2,5,國票-北投,2023-10-23,7792
2881,富邦金,5,0,5,國票-北投,2023-10-23,7792
00900,富邦特選高股息30,6,1,5,國票-北投,2023-10-23,7792
00857B,永豐20年美公債,5,0,5,國票-北投,2023-10-23,7792
00725B,國泰投資級公司債,5,0,5,國票-北投,2023-10-23,7792
1560,中砂,5,0,5,國票-北投,2023-10-23,7792
2332,友訊,5,0,5,國票-北投,2023-10-23,7792
2338,光罩,5,0,5,國票-北投,2023-10-23,7792
2363,矽統,6,1,5,國票-北投,2023-10-23,7792
2801,彰銀,5,0,5,國票-北投,2023-10-23,7792
2888,新光金,5,0,5,國票-北投,2023-10-23,7792
2891,中信金,5,0,5,國票-北投,2023-10-23,7792
3025,星通,5,0,5,國票-北投,2023-10-23,7792
3163,波若威,5,0,5,國票-北投,2023-10-23,7792
6668,中揚光,5,0,5,國票-北投,2023-10-23,7792
3094,聯傑,5,1,4,國票-北投,2023-10-23,7792
5498,凱崴,4,0,4,國票-北投,2023-10-23,7792
6158,禾昌,4,0,4,國票-北投,2023-10-23,7792
6770,力積電,4,0,4,國票-北投,2023-10-23,7792
1605,華新,3,0,3,國票-北投,2023-10-23,7792
1524,耿鼎,3,0,3,國票-北投,2023-10-23,7792
00738U,期元大道瓊白銀,3,0,3,國票-北投,2023-10-23,7792
00929,復華台灣科技優息,468,1,467,國票-北投,2023-10-24,7792
2603,長榮,242,0,242,國票-北投,2023-10-24,7792
2317,鴻海,88,10,78,國票-北投,2023-10-24,7792
2369,菱生,76,2,74,國票-北投,2023-10-24,7792
6168,宏齊,51,4,47,國票-北投,2023-10-24,7792
3704,合勤控,28,4,24,國票-北投,2023-10-24,7792
00878,國泰永續高股息,16,0,16,國票-北投,2023-10-24,7792
2382,廣達,27,12,15,國票-北投,2023-10-24,7792
00712,復華富時不動產,12,0,12,國票-北投,2023-10-24,7792
2834,臺企銀,11,0,11,國票-北投,2023-10-24,7792
2891,中信金,12,1,11,國票-北投,2023-10-24,7792
3257,虹冠電,10,0,10,國票-北投,2023-10-24,7792
2618,長榮航,10,1,9,國票-北投,2023-10-24,7792
3715,定穎投控,127,118,9,國票-北投,2023-10-24,7792
1314,中石化,10,2,8,國票-北投,2023-10-24,7792
2303,聯電,12,5,7,國票-北投,2023-10-24,7792
00633L,富邦上証正2,7,0,7,國票-北投,2023-10-24,7792
8150,南茂,7,0,7,國票-北投,2023-10-24,7792
1721,三晃,6,0,6,國票-北投,2023-10-24,7792
00637L,元大滬深300正2,8,2,6,國票-北投,2023-10-24,7792
2401,凌陽,6,0,6,國票-北投,2023-10-24,7792
2883,凱基金,7,1,6,國票-北投,2023-10-24,7792
3041,揚智,10,4,6,國票-北投,2023-10-24,7792
5234,達興材料,6,0,6,國票-北投,2023-10-24,7792
8936,國統,6,0,6,國票-北投,2023-10-24,7792
1101,台泥,5,0,5,國票-北投,2023-10-24,7792
1785,光洋科,6,1,5,國票-北投,2023-10-24,7792
2388,威盛,6,1,5,國票-北投,2023-10-24,7792
2408,南亞科,5,0,5,國票-北投,2023-10-24,7792
3645,達邁,5,0,5,國票-北投,2023-10-24,7792
4958,臻鼎-KY,5,0,5,國票-北投,2023-10-24,7792
6451,訊芯-KY,5,0,5,國票-北投,2023-10-24,7792
8110,華東,20,15,5,國票-北投,2023-10-24,7792
00679B,元大美債20年,5,0,5,國票-北投,2023-10-24,7792
2607,榮運,12,8,4,國票-北投,2023-10-24,7792
4919,新唐,5,1,4,國票-北投,2023-10-24,7792
00696B,富邦美債20年,3,0,3,國票-北投,2023-10-24,7792
2301,光寶科,4,1,3,國票-北投,2023-10-24,7792
2337,旺宏,3,0,3,國票-北投,2023-10-24,7792
5871,中租-KY,3,0,3,國票-北投,2023-10-24,7792
6196,帆宣,3,0,3,國票-北投,2023-10-24,7792
6276,安鈦克,3,0,3,國票-北投,2023-10-24,7792
6672,騰輝電子-KY,3,0,3,國票-北投,2023-10-24,7792
8926,台汽電,3,0,3,國票-北投,2023-10-24,7792
6443,元晶,2,0,2,國票-北投,2023-10-24,7792
2201,裕隆,2,0,2,國票-北投,2023-10-24,7792
2204,中華,2,0,2,國票-北投,2023-10-24,7792
1301,台塑,2,0,2,國票-北投,2023-10-24,7792
00720B,元大投資級公司債,2,0,2,國票-北投,2023-10-24,7792
00895,富邦未來車,2,0,2,國票-北投,2023-10-24,7792
00919,群益台灣精選高息,106,0,106,國票-北投,2023-10-25,7792
2603,長榮,58,0,58,國票-北投,2023-10-25,7792
6176,瑞儀,32,0,32,國票-北投,2023-10-25,7792
0056,元大高股息,30,0,30,國票-北投,2023-10-25,7792
2382,廣達,39,14,25,國票-北投,2023-10-25,7792
2371,大同,24,0,24,國票-北投,2023-10-25,7792
2406,國碩,20,0,20,國票-北投,2023-10-25,7792
6443,元晶,20,0,20,國票-北投,2023-10-25,7792
8110,華東,20,2,18,國票-北投,2023-10-25,7792
3025,星通,15,1,14,國票-北投,2023-10-25,7792
2344,華邦電,13,0,13,國票-北投,2023-10-25,7792
2607,榮運,11,0,11,國票-北投,2023-10-25,7792
5351,鈺創,15,4,11,國票-北投,2023-10-25,7792
2399,映泰,10,0,10,國票-北投,2023-10-25,7792
2436,偉詮電,10,0,10,國票-北投,2023-10-25,7792
2913,農林,10,1,9,國票-北投,2023-10-25,7792
3362,先進光,9,1,8,國票-北投,2023-10-25,7792
2409,友達,16,9,7,國票-北投,2023-10-25,7792
3231,緯創,19,12,7,國票-北投,2023-10-25,7792
00687B,國泰20年美債,6,0,6,國票-北投,2023-10-25,7792
3017,奇鋐,8,2,6,國票-北投,2023-10-25,7792
5234,達興材料,6,0,6,國票-北投,2023-10-25,7792
5386,青雲,10,4,6,國票-北投,2023-10-25,7792
8936,國統,16,10,6,國票-北投,2023-10-25,7792
1618,合機,6,1,5,國票-北投,2023-10-25,7792
1605,華新,10,5,5,國票-北投,2023-10-25,7792
2363,矽統,7,2,5,國票-北投,2023-10-25,7792
2376,技嘉,6,1,5,國票-北投,2023-10-25,7792
2897,王道銀行,5,0,5,國票-北投,2023-10-25,7792
2468,華經,6,2,4,國票-北投,2023-10-25,7792
3013,晟銘電,9,5,4,國票-北投,2023-10-25,7792
4979,華星光,4,0,4,國票-北投,2023-10-25,7792
6237,驊訊,9,5,4,國票-北投,2023-10-25,7792
6125,廣運,3,0,3,國票-北投,2023-10-25,7792
2884,玉山金,3,0,3,國票-北投,2023-10-25,7792
1453,大將,3,0,3,國票-北投,2023-10-25,7792
1514,亞力,8,5,3,國票-北投,2023-10-25,7792
2637,慧洋-KY,3,0,3,國票-北投,2023-10-25,7792
3035,智原,4,1,3,國票-北投,2023-10-25,7792
3042,晶技,3,0,3,國票-北投,2023-10-25,7792
3701,大眾控,4,1,3,國票-北投,2023-10-25,7792
4148,全宇生技-KY,3,0,3,國票-北投,2023-10-25,7792
6117,迎廣,5,2,3,國票-北投,2023-10-25,7792
8390,金益鼎,3,0,3,國票-北投,2023-10-25,7792
00878,國泰永續高股息,3,0,3,國票-北投,2023-10-25,7792
1524,耿鼎,8,6,2,國票-北投,2023-10-25,7792
00902,中信電池及儲能,2,0,2,國票-北投,2023-10-25,7792
1584,精剛,2,0,2,國票-北投,2023-10-25,7792
1301,台塑,2,0,2,國票-北投,2023-10-25,7792
00738U,期元大道瓊白銀,2,0,2,國票-北投,2023-10-25,7792
00680L,元大美債20正2,1500,0,1500,國票-北投,2023-10-26,7792
1785,光洋科,40,0,40,國票-北投,2023-10-26,7792
00919,群益台灣精選高息,39,0,39,國票-北投,2023-10-26,7792
6117,迎廣,64,31,33,國票-北投,2023-10-26,7792
2303,聯電,31,3,28,國票-北投,2023-10-26,7792
2634,漢翔,25,1,24,國票-北投,2023-10-26,7792
00918,大華優利高填息30,20,0,20,國票-北投,2023-10-26,7792
00915,凱基優選高股息30,20,0,20,國票-北投,2023-10-26,7792
00712,復華富時不動產,18,0,18,國票-北投,2023-10-26,7792
2313,華通,15,1,14,國票-北投,2023-10-26,7792
2607,榮運,13,0,13,國票-北投,2023-10-26,7792
1326,台化,11,0,11,國票-北投,2023-10-26,7792
2884,玉山金,11,0,11,國票-北投,2023-10-26,7792
00878,國泰永續高股息,11,0,11,國票-北投,2023-10-26,7792
0056,元大高股息,10,0,10,國票-北投,2023-10-26,7792
2103,台橡,10,0,10,國票-北投,2023-10-26,7792
2409,友達,10,0,10,國票-北投,2023-10-26,7792
2880,華南金,10,0,10,國票-北投,2023-10-26,7792
5302,太欣,10,0,10,國票-北投,2023-10-26,7792
6202,盛群,10,0,10,國票-北投,2023-10-26,7792
8936,國統,10,0,10,國票-北投,2023-10-26,7792
00893,國泰智能電動車,8,0,8,國票-北投,2023-10-26,7792
00929,復華台灣科技優息,78,70,8,國票-北投,2023-10-26,7792
2401,凌陽,13,5,8,國票-北投,2023-10-26,7792
2458,義隆,7,0,7,國票-北投,2023-10-26,7792
3055,蔚華科,8,1,7,國票-北投,2023-10-26,7792
4746,台耀,7,0,7,國票-北投,2023-10-26,7792
1314,中石化,6,0,6,國票-北投,2023-10-26,7792
3290,東浦,6,0,6,國票-北投,2023-10-26,7792
3481,群創,6,0,6,國票-北投,2023-10-26,7792
8358,金居,7,1,6,國票-北投,2023-10-26,7792
1612,宏泰,5,0,5,國票-北投,2023-10-26,7792
2014,中鴻,5,0,5,國票-北投,2023-10-26,7792
2233,宇隆,7,2,5,國票-北投,2023-10-26,7792
2405,輔信,7,2,5,國票-北投,2023-10-26,7792
2433,互盛電,5,0,5,國票-北投,2023-10-26,7792
2465,麗臺,6,1,5,國票-北投,2023-10-26,7792
5469,瀚宇博,5,0,5,國票-北投,2023-10-26,7792
6194,育富,5,0,5,國票-北投,2023-10-26,7792
8390,金益鼎,5,0,5,國票-北投,2023-10-26,7792
2376,技嘉,8,4,4,國票-北投,2023-10-26,7792
2344,華邦電,14,10,4,國票-北投,2023-10-26,7792
00895,富邦未來車,4,0,4,國票-北投,2023-10-26,7792
00687B,國泰20年美債,4,0,4,國票-北投,2023-10-26,7792
00637L,元大滬深300正2,4,0,4,國票-北投,2023-10-26,7792
1718,中纖,4,0,4,國票-北投,2023-10-26,7792
2888,新光金,4,0,4,國票-北投,2023-10-26,7792
3037,欣興,5,1,4,國票-北投,2023-10-26,7792
3231,緯創,13,9,4,國票-北投,2023-10-26,7792
5309,系統電,4,0,4,國票-北投,2023-10-26,7792
3189,景碩,31,0,31,國票-北投,2023-10-27,7792
1584,精剛,28,0,28,國票-北投,2023-10-27,7792
00885,富邦越南,20,0,20,國票-北投,2023-10-27,7792
6244,茂迪,20,0,20,國票-北投,2023-10-27,7792
6257,矽格,20,0,20,國票-北投,2023-10-27,7792
2344,華邦電,13,0,13,國票-北投,2023-10-27,7792
2409,友達,13,1,12,國票-北投,2023-10-27,7792
2449,京元電子,12,0,12,國票-北投,2023-10-27,7792
3715,定穎投控,25,13,12,國票-北投,2023-10-27,7792
00632R,元大台灣50反1,10,0,10,國票-北投,2023-10-27,7792
2312,金寶,10,0,10,國票-北投,2023-10-27,7792
2323,中環,10,0,10,國票-北投,2023-10-27,7792
3062,建漢,10,0,10,國票-北投,2023-10-27,7792
3711,日月光投控,10,0,10,國票-北投,2023-10-27,7792
5009,榮剛,10,0,10,國票-北投,2023-10-27,7792
6237,驊訊,21,11,10,國票-北投,2023-10-27,7792
6589,台康生技,12,2,10,國票-北投,2023-10-27,7792
1477,聚陽,9,0,9,國票-北投,2023-10-27,7792
2002,中鋼,9,0,9,國票-北投,2023-10-27,7792
2607,榮運,10,1,9,國票-北投,2023-10-27,7792
2330,台積電,7,0,7,國票-北投,2023-10-27,7792
2329,華泰,7,0,7,國票-北投,2023-10-27,7792
8358,金居,7,0,7,國票-北投,2023-10-27,7792
2308,台達電,6,0,6,國票-北投,2023-10-27,7792
0056,元大高股息,6,0,6,國票-北投,2023-10-27,7792
2201,裕隆,6,0,6,國票-北投,2023-10-27,7792
2233,宇隆,13,7,6,國票-北投,2023-10-27,7792
2356,英業達,6,0,6,國票-北投,2023-10-27,7792
4105,東洋,13,7,6,國票-北投,2023-10-27,7792
8936,國統,14,8,6,國票-北投,2023-10-27,7792
2317,鴻海,7,2,5,國票-北投,2023-10-27,7792
3481,群創,10,5,5,國票-北投,2023-10-27,7792
1301,台塑,5,0,5,國票-北投,2023-10-27,7792
00923,群益台ESG低碳50,5,0,5,國票-北投,2023-10-27,7792
2388,威盛,18,13,5,國票-北投,2023-10-27,7792
2460,建通,10,5,5,國票-北投,2023-10-27,7792
2486,一詮,5,0,5,國票-北投,2023-10-27,7792
2634,漢翔,5,0,5,國票-北投,2023-10-27,7792
8112,至上,5,0,5,國票-北投,2023-10-27,7792
2441,超豐,5,0,5,國票-北投,2023-10-27,7792
2303,聯電,9,5,4,國票-北投,2023-10-27,7792
3363,上詮,4,0,4,國票-北投,2023-10-27,7792
3078,僑威,6,2,4,國票-北投,2023-10-27,7792
2363,矽統,9,6,3,國票-北投,2023-10-27,7792
2352,佳世達,3,0,3,國票-北投,2023-10-27,7792
2603,長榮,4,1,3,國票-北投,2023-10-27,7792
2340,台亞,3,0,3,國票-北投,2023-10-27,7792
3176,基亞,3,0,3,國票-北投,2023-10-27,7792
4102,永日,3,0,3,國票-北投,2023-10-27,7792
5272,笙科,4,1,3,國票-北投,2023-10-27,7792
2891,中信金,70,0,70,國票-北投,2023-10-30,7792
9105,泰金寶-DR,45,0,45,國票-北投,2023-10-30,7792
2317,鴻海,37,1,36,國票-北投,2023-10-30,7792
4960,誠美材,35,0,35,國票-北投,2023-10-30,7792
6274,台燿,31,2,29,國票-北投,2023-10-30,7792
1785,光洋科,21,0,21,國票-北投,2023-10-30,7792
2601,益航,20,0,20,國票-北投,2023-10-30,7792
8103,瀚荃,17,0,17,國票-北投,2023-10-30,7792
2374,佳能,20,5,15,國票-北投,2023-10-30,7792
3715,定穎投控,37,23,14,國票-北投,2023-10-30,7792
6168,宏齊,28,14,14,國票-北投,2023-10-30,7792
00712,復華富時不動產,14,0,14,國票-北投,2023-10-30,7792
1101,台泥,12,0,12,國票-北投,2023-10-30,7792
2390,云辰,18,8,10,國票-北投,2023-10-30,7792
6443,元晶,13,3,10,國票-北投,2023-10-30,7792
6569,醫揚,10,0,10,國票-北投,2023-10-30,7792
2485,兆赫,9,1,8,國票-北投,2023-10-30,7792
2607,榮運,8,0,8,國票-北投,2023-10-30,7792
2618,長榮航,8,0,8,國票-北投,2023-10-30,7792
2897,王道銀行,8,0,8,國票-北投,2023-10-30,7792
3094,聯傑,8,0,8,國票-北投,2023-10-30,7792
2419,仲琦,7,0,7,國票-北投,2023-10-30,7792
00751B,元大AAA至A公司債,6,0,6,國票-北投,2023-10-30,7792
2610,華航,6,0,6,國票-北投,2023-10-30,7792
4747,強生,6,0,6,國票-北投,2023-10-30,7792
3231,緯創,7,1,6,國票-北投,2023-10-30,7792
1303,南亞,5,0,5,國票-北投,2023-10-30,7792
2886,兆豐金,5,0,5,國票-北投,2023-10-30,7792
3481,群創,5,0,5,國票-北投,2023-10-30,7792
4164,承業醫,5,0,5,國票-北投,2023-10-30,7792
2883,凱基金,4,0,4,國票-北投,2023-10-30,7792
00772B,中信高評級公司債,4,0,4,國票-北投,2023-10-30,7792
2887,台新金,4,0,4,國票-北投,2023-10-30,7792
3025,星通,4,0,4,國票-北投,2023-10-30,7792
1216,統一,3,0,3,國票-北投,2023-10-30,7792
2354,鴻準,3,0,3,國票-北投,2023-10-30,7792
3006,晶豪科,3,0,3,國票-北投,2023-10-30,7792
6589,台康生技,3,0,3,國票-北投,2023-10-30,7792
3228,金麗科,3,0,3,國票-北投,2023-10-30,7792
00919,群益台灣精選高息,5,2,3,國票-北投,2023-10-30,7792
2885,元大金,2,0,2,國票-北投,2023-10-30,7792
1513,中興電,2,0,2,國票-北投,2023-10-30,7792
1795,美時,5,3,2,國票-北投,2023-10-30,7792
00885,富邦越南,2,0,2,國票-北投,2023-10-30,7792
1524,耿鼎,7,5,2,國票-北投,2023-10-30,7792
2337,旺宏,2,0,2,國票-北投,2023-10-30,7792
2345,智邦,2,0,2,國票-北投,2023-10-30,7792
2368,金像電,2,0,2,國票-北投,2023-10-30,7792
2515,中工,5,3,2,國票-北投,2023-10-30,7792
2838,聯邦銀,2,0,2,國票-北投,2023-10-30,7792
2344,華邦電,52,0,52,國票-北投,2023-10-31,7792
2301,光寶科,48,0,48,國票-北投,2023-10-31,7792
2498,宏達電,21,0,21,國票-北投,2023-10-31,7792
3006,晶豪科,23,3,20,國票-北投,2023-10-31,7792
6244,茂迪,20,0,20,國票-北投,2023-10-31,7792
6668,中揚光,20,0,20,國票-北投,2023-10-31,7792
4960,誠美材,23,6,17,國票-北投,2023-10-31,7792
3576,聯合再生,16,0,16,國票-北投,2023-10-31,7792
2002,中鋼,15,0,15,國票-北投,2023-10-31,7792
00637L,元大滬深300正2,24,10,14,國票-北投,2023-10-31,7792
00878,國泰永續高股息,24,10,14,國票-北投,2023-10-31,7792
2419,仲琦,13,0,13,國票-北投,2023-10-31,7792
8054,安國,16,4,12,國票-北投,2023-10-31,7792
2382,廣達,12,1,11,國票-北投,2023-10-31,7792
2401,凌陽,11,0,11,國票-北投,2023-10-31,7792
8150,南茂,11,0,11,國票-北投,2023-10-31,7792
2409,友達,10,0,10,國票-北投,2023-10-31,7792
2436,偉詮電,10,0,10,國票-北投,2023-10-31,7792
2634,漢翔,10,0,10,國票-北投,2023-10-31,7792
8936,國統,10,0,10,國票-北投,2023-10-31,7792
2388,威盛,9,0,9,國票-北投,2023-10-31,7792
2610,華航,12,4,8,國票-北投,2023-10-31,7792
3025,星通,8,0,8,國票-北投,2023-10-31,7792
9928,中視,8,0,8,國票-北投,2023-10-31,7792
00919,群益台灣精選高息,8,0,8,國票-北投,2023-10-31,7792
2330,台積電,9,2,7,國票-北投,2023-10-31,7792
00885,富邦越南,7,0,7,國票-北投,2023-10-31,7792
8930,青鋼,7,0,7,國票-北投,2023-10-31,7792
0056,元大高股息,6,0,6,國票-北投,2023-10-31,7792
2243,宏旭-KY,6,0,6,國票-北投,2023-10-31,7792
2605,新興,6,0,6,國票-北投,2023-10-31,7792
3260,威剛,9,3,6,國票-北投,2023-10-31,7792
2887,台新金,5,0,5,國票-北投,2023-10-31,7792
00893,國泰智能電動車,5,0,5,國票-北投,2023-10-31,7792
2340,台亞,5,0,5,國票-北投,2023-10-31,7792
2383,台光電,5,0,5,國票-北投,2023-10-31,7792
2449,京元電子,5,0,5,國票-北投,2023-10-31,7792
2607,榮運,8,3,5,國票-北投,2023-10-31,7792
5388,中磊,5,0,5,國票-北投,2023-10-31,7792
6799,來頡,5,0,5,國票-北投,2023-10-31,7792
9105,泰金寶-DR,15,10,5,國票-北投,2023-10-31,7792
6282,康舒,4,0,4,國票-北投,2023-10-31,7792
00929,復華台灣科技優息,4,0,4,國票-北投,2023-10-31,7792
00922,國泰台灣領袖50,4,0,4,國票-北投,2023-10-31,7792
2337,旺宏,4,0,4,國票-北投,2023-10-31,7792
2363,矽統,5,1,4,國票-北投,2023-10-31,7792
2425,承啟,4,0,4,國票-北投,2023-10-31,7792
2485,兆赫,5,1,4,國票-北投,2023-10-31,7792
5425,台半,4,0,4,國票-北投,2023-10-31,7792
6441,廣錠,4,0,4,國票-北投,2023-10-31,7792
00680L,元大美債20正2,600,0,600,國票-北投,2023-11-01,7792
2618,長榮航,301,12,289,國票-北投,2023-11-01,7792
00878,國泰永續高股息,22,0,22,國票-北投,2023-11-01,7792
2610,華航,18,3,15,國票-北投,2023-11-01,7792
3715,定穎投控,28,14,14,國票-北投,2023-11-01,7792
00885,富邦越南,13,0,13,國票-北投,2023-11-01,7792
0056,元大高股息,12,0,12,國票-北投,2023-11-01,7792
00929,復華台灣科技優息,12,0,12,國票-北投,2023-11-01,7792
2457,飛宏,12,1,11,國票-北投,2023-11-01,7792
2369,菱生,11,1,10,國票-北投,2023-11-01,7792
5521,工信,10,0,10,國票-北投,2023-11-01,7792
5469,瀚宇博,8,1,7,國票-北投,2023-11-01,7792
00772B,中信高評級公司債,6,0,6,國票-北投,2023-11-01,7792
2405,輔信,6,0,6,國票-北投,2023-11-01,7792
3189,景碩,6,0,6,國票-北投,2023-11-01,7792
00720B,元大投資級公司債,5,0,5,國票-北投,2023-11-01,7792
2308,台達電,5,0,5,國票-北投,2023-11-01,7792
00706L,期元大S＆P日圓正2,5,0,5,國票-北投,2023-11-01,7792
00935,野村臺灣新科技50,5,0,5,國票-北投,2023-11-01,7792
2313,華通,7,2,5,國票-北投,2023-11-01,7792
2329,華泰,9,4,5,國票-北投,2023-11-01,7792
2363,矽統,6,1,5,國票-北投,2023-11-01,7792
2417,圓剛,5,0,5,國票-北投,2023-11-01,7792
2603,長榮,5,0,5,國票-北投,2023-11-01,7792
2605,新興,5,0,5,國票-北投,2023-11-01,7792
4162,智擎,6,1,5,國票-北投,2023-11-01,7792
6227,茂綸,5,0,5,國票-北投,2023-11-01,7792
6668,中揚光,5,0,5,國票-北投,2023-11-01,7792
2441,超豐,5,0,5,國票-北投,2023-11-01,7792
2330,台積電,6,1,5,國票-北投,2023-11-01,7792
2727,王品,5,0,5,國票-北投,2023-11-01,7792
2303,聯電,16,12,4,國票-北投,2023-11-01,7792
2442,新美齊,4,0,4,國票-北投,2023-11-01,7792
3372,典範,5,1,4,國票-北投,2023-11-01,7792
2317,鴻海,4,1,3,國票-北投,2023-11-01,7792
1471,首利,3,0,3,國票-北投,2023-11-01,7792
00679B,元大美債20年,3,0,3,國票-北投,2023-11-01,7792
2323,中環,3,0,3,國票-北投,2023-11-01,7792
2364,倫飛,3,0,3,國票-北投,2023-11-01,7792
2390,云辰,4,1,3,國票-北投,2023-11-01,7792
3205,佰研,3,0,3,國票-北投,2023-11-01,7792
3701,大眾控,3,0,3,國票-北投,2023-11-01,7792
4953,緯軟,3,0,3,國票-北投,2023-11-01,7792
6117,迎廣,16,13,3,國票-北投,2023-11-01,7792
6732,昇佳電子,3,0,3,國票-北投,2023-11-01,7792
6530,創威,2,0,2,國票-北投,2023-11-01,7792
0050,元大台灣50,2,0,2,國票-北投,2023-11-01,7792
3231,緯創,15,13,2,國票-北投,2023-11-01,7792
1303,南亞,2,0,2,國票-北投,2023-11-01,7792
1101,台泥,4,2,2,國票-北投,2023-11-01,7792
00680L,元大美債20正2,205,5,200,國票-北投,2023-11-02,7792
9105,泰金寶-DR,43,0,43,國票-北投,2023-11-02,7792
3049,精金,30,0,30,國票-北投,2023-11-02,7792
6244,茂迪,30,0,30,國票-北投,2023-11-02,7792
2883B,凱基金乙特,28,0,28,國票-北投,2023-11-02,7792
8054,安國,32,6,26,國票-北投,2023-11-02,7792
3481,群創,19,3,16,國票-北投,2023-11-02,7792
6668,中揚光,12,0,12,國票-北投,2023-11-02,7792
4960,誠美材,11,0,11,國票-北投,2023-11-02,7792
1455,集盛,10,0,10,國票-北投,2023-11-02,7792
2543,皇昌,10,0,10,國票-北投,2023-11-02,7792
4167,松瑞藥,10,0,10,國票-北投,2023-11-02,7792
5426,振發,11,1,10,國票-北投,2023-11-02,7792
6841,長佳智能,10,0,10,國票-北投,2023-11-02,7792
2337,旺宏,12,3,9,國票-北投,2023-11-02,7792
2610,華航,16,8,8,國票-北投,2023-11-02,7792
3260,威剛,12,5,7,國票-北投,2023-11-02,7792
00632R,元大台灣50反1,6,0,6,國票-北投,2023-11-02,7792
3122,笙泉,21,15,6,國票-北投,2023-11-02,7792
6526,達發,6,0,6,國票-北投,2023-11-02,7792
00715L,期街口布蘭特正2,11,6,5,國票-北投,2023-11-02,7792
1560,中砂,7,2,5,國票-北投,2023-11-02,7792
2006,東和鋼鐵,5,0,5,國票-北投,2023-11-02,7792
3715,定穎投控,12,7,5,國票-北投,2023-11-02,7792
4164,承業醫,5,0,5,國票-北投,2023-11-02,7792
4188,安克,5,0,5,國票-北投,2023-11-02,7792
8112,至上,5,0,5,國票-北投,2023-11-02,7792
2352,佳世達,4,0,4,國票-北投,2023-11-02,7792
3005,神基,4,0,4,國票-北投,2023-11-02,7792
3686,達能,4,0,4,國票-北投,2023-11-02,7792
4162,智擎,5,1,4,國票-北投,2023-11-02,7792
6585,鼎基,5,1,4,國票-北投,2023-11-02,7792
1503,士電,3,0,3,國票-北投,2023-11-02,7792
00712,復華富時不動產,3,0,3,國票-北投,2023-11-02,7792
1319,東陽,3,0,3,國票-北投,2023-11-02,7792
2884,玉山金,3,0,3,國票-北投,2023-11-02,7792
3450,聯鈞,4,1,3,國票-北投,2023-11-02,7792
6492,生華科,3,0,3,國票-北投,2023-11-02,7792
6672,騰輝電子-KY,3,0,3,國票-北投,2023-11-02,7792
5880,合庫金,3,0,3,國票-北投,2023-11-02,7792
00921,兆豐龍頭等權重,2,0,2,國票-北投,2023-11-02,7792
00932,兆豐永續高息等權,2,0,2,國票-北投,2023-11-02,7792
00931B,統一美債20年,2,0,2,國票-北投,2023-11-02,7792
1434,福懋,2,0,2,國票-北投,2023-11-02,7792
1524,耿鼎,5,3,2,國票-北投,2023-11-02,7792
2457,飛宏,3,1,2,國票-北投,2023-11-02,7792
2883,凱基金,2,0,2,國票-北投,2023-11-02,7792
2905,三商,2,0,2,國票-北投,2023-11-02,7792
3026,禾伸堂,2,0,2,國票-北投,2023-11-02,7792
3041,揚智,3,1,2,國票-北投,2023-11-02,7792
00680L,元大美債20正2,501,5,496,國票-北投,2023-11-03,7792
1524,耿鼎,54,4,50,國票-北投,2023-11-03,7792
6191,精成科,46,0,46,國票-北投,2023-11-03,7792
2883,凱基金,50,7,43,國票-北投,2023-11-03,7792
1815,富喬,65,31,34,國票-北投,2023-11-03,7792
2367,燿華,27,1,26,國票-北投,2023-11-03,7792
4542,科嶠,20,0,20,國票-北投,2023-11-03,7792
2363,矽統,324,305,19,國票-北投,2023-11-03,7792
2002,中鋼,15,0,15,國票-北投,2023-11-03,7792
8076,伍豐,15,0,15,國票-北投,2023-11-03,7792
2201,裕隆,11,0,11,國票-北投,2023-11-03,7792
2313,華通,29,19,10,國票-北投,2023-11-03,7792
3036A,文曄甲特,9,0,9,國票-北投,2023-11-03,7792
6668,中揚光,9,0,9,國票-北投,2023-11-03,7792
6223,旺矽,9,2,7,國票-北投,2023-11-03,7792
3094,聯傑,13,7,6,國票-北投,2023-11-03,7792
1477,聚陽,5,0,5,國票-北投,2023-11-03,7792
1305,華夏,5,0,5,國票-北投,2023-11-03,7792
2409,友達,7,2,5,國票-北投,2023-11-03,7792
2498,宏達電,11,6,5,國票-北投,2023-11-03,7792
3052,夆典,5,0,5,國票-北投,2023-11-03,7792
8046,南電,5,0,5,國票-北投,2023-11-03,7792
8150,南茂,5,0,5,國票-北投,2023-11-03,7792
8390,金益鼎,5,0,5,國票-北投,2023-11-03,7792
8930,青鋼,5,0,5,國票-北投,2023-11-03,7792
2308,台達電,5,0,5,國票-北投,2023-11-03,7792
2382,廣達,7,3,4,國票-北投,2023-11-03,7792
2458,義隆,5,1,4,國票-北投,2023-11-03,7792
3078,僑威,6,2,4,國票-北投,2023-11-03,7792
3231,緯創,9,5,4,國票-北投,2023-11-03,7792
3338,泰碩,4,0,4,國票-北投,2023-11-03,7792
6477,安集,4,0,4,國票-北投,2023-11-03,7792
00632R,元大台灣50反1,3,0,3,國票-北投,2023-11-03,7792
3014,聯陽,3,0,3,國票-北投,2023-11-03,7792
3176,基亞,3,0,3,國票-北投,2023-11-03,7792
6235,華孚,4,1,3,國票-北投,2023-11-03,7792
6274,台燿,23,20,3,國票-北投,2023-11-03,7792
8432,東生華,4,1,3,國票-北投,2023-11-03,7792
9919,康那香,3,0,3,國票-北投,2023-11-03,7792
00878,國泰永續高股息,2,0,2,國票-北投,2023-11-03,7792
1584,精剛,15,13,2,國票-北投,2023-11-03,7792
1535,中宇,2,0,2,國票-北投,2023-11-03,7792
00713,元大台灣高息低波,2,0,2,國票-北投,2023-11-03,7792
1409,新纖,2,0,2,國票-北投,2023-11-03,7792
2329,華泰,5,3,2,國票-北投,2023-11-03,7792
2390,云辰,3,1,2,國票-北投,2023-11-03,7792
2399,映泰,2,0,2,國票-北投,2023-11-03,7792
2467,志聖,2,0,2,國票-北投,2023-11-03,7792
2743,山富,7,5,2,國票-北投,2023-11-03,7792
3169,亞信,2,0,2,國票-北投,2023-11-03,7792
00680L,元大美債20正2,602,5,597,國票-北投,2023-11-06,7792
6770,力積電,61,3,58,國票-北投,2023-11-06,7792
2353,宏��,40,0,40,國票-北投,2023-11-06,7792
1721,三晃,37,2,35,國票-北投,2023-11-06,7792
2363,矽統,43,19,24,國票-北投,2023-11-06,7792
00878,國泰永續高股息,22,0,22,國票-北投,2023-11-06,7792
00922,國泰台灣領袖50,22,0,22,國票-北投,2023-11-06,7792
00864B,中信美國公債0-1,20,0,20,國票-北投,2023-11-06,7792
1802,台玻,20,0,20,國票-北投,2023-11-06,7792
2332,友訊,19,1,18,國票-北投,2023-11-06,7792
00929,復華台灣科技優息,24,8,16,國票-北投,2023-11-06,7792
3036A,文曄甲特,14,0,14,國票-北投,2023-11-06,7792
00712,復華富時不動產,13,0,13,國票-北投,2023-11-06,7792
2610,華航,18,6,12,國票-北投,2023-11-06,7792
4157,太景*-KY,11,0,11,國票-北投,2023-11-06,7792
1459,聯發,10,0,10,國票-北投,2023-11-06,7792
3541,西柏,12,2,10,國票-北投,2023-11-06,7792
5521,工信,10,0,10,國票-北投,2023-11-06,7792
6202,盛群,11,1,10,國票-北投,2023-11-06,7792
8103,瀚荃,10,0,10,國票-北投,2023-11-06,7792
2618,長榮航,21,13,8,國票-北投,2023-11-06,7792
6182,合晶,12,5,7,國票-北投,2023-11-06,7792
2204,中華,10,3,7,國票-北投,2023-11-06,7792
00715L,期街口布蘭特正2,16,10,6,國票-北投,2023-11-06,7792
1785,光洋科,6,0,6,國票-北投,2023-11-06,7792
3260,威剛,7,1,6,國票-北投,2023-11-06,7792
8163,達方,9,3,6,國票-北投,2023-11-06,7792
2303,聯電,11,6,5,國票-北投,2023-11-06,7792
2484,希華,5,0,5,國票-北投,2023-11-06,7792
2605,新興,5,0,5,國票-北投,2023-11-06,7792
3041,揚智,5,0,5,國票-北投,2023-11-06,7792
6257,矽格,5,0,5,國票-北投,2023-11-06,7792
6593,台灣銘板,5,0,5,國票-北投,2023-11-06,7792
8112,至上,5,0,5,國票-北投,2023-11-06,7792
00772B,中信高評級公司債,4,0,4,國票-北投,2023-11-06,7792
00738U,期元大道瓊白銀,4,0,4,國票-北投,2023-11-06,7792
3022,威強電,4,0,4,國票-北投,2023-11-06,7792
3033,威健,6,2,4,國票-北投,2023-11-06,7792
3704,合勤控,7,3,4,國票-北投,2023-11-06,7792
4961,天鈺,4,0,4,國票-北投,2023-11-06,7792
5483,中美晶,4,0,4,國票-北投,2023-11-06,7792
1522,堤維西,3,0,3,國票-北投,2023-11-06,7792
00933B,國泰10Y+金融債,3,0,3,國票-北投,2023-11-06,7792
00676R,富邦臺灣加權反1,3,0,3,國票-北投,2023-11-06,7792
1752,南光,3,0,3,國票-北投,2023-11-06,7792
2313,華通,5,2,3,國票-北投,2023-11-06,7792
3311,閎暉,3,0,3,國票-北投,2023-11-06,7792
6243,迅杰,5,2,3,國票-北投,2023-11-06,7792
00687B,國泰20年美債,2,0,2,國票-北投,2023-11-06,7792
2211,長榮鋼,2,0,2,國票-北投,2023-11-06,7792
00680L,元大美債20正2,205,0,205,國票-北投,2023-11-07,7792
6179,亞通,50,0,50,國票-北投,2023-11-07,7792
2374,佳能,40,5,35,國票-北投,2023-11-07,7792
1449,佳和,25,0,25,國票-北投,2023-11-07,7792
2634,漢翔,24,4,20,國票-北投,2023-11-07,7792
4116,明基醫,20,1,19,國票-北投,2023-11-07,7792
6191,精成科,20,1,19,國票-北投,2023-11-07,7792
6282,康舒,20,2,18,國票-北投,2023-11-07,7792
2206,三陽工業,16,1,15,國票-北投,2023-11-07,7792
00878,國泰永續高股息,19,5,14,國票-北投,2023-11-07,7792
2618,長榮航,17,4,13,國票-北投,2023-11-07,7792
3036A,文曄甲特,12,0,12,國票-北投,2023-11-07,7792
00929,復華台灣科技優息,12,1,11,國票-北投,2023-11-07,7792
1815,富喬,19,9,10,國票-北投,2023-11-07,7792
2324,仁寶,10,0,10,國票-北投,2023-11-07,7792
2355,敬鵬,11,1,10,國票-北投,2023-11-07,7792
2486,一詮,10,0,10,國票-北投,2023-11-07,7792
3024,憶聲,10,0,10,國票-北投,2023-11-07,7792
6163,華電網,10,0,10,國票-北投,2023-11-07,7792
8110,華東,10,0,10,國票-北投,2023-11-07,7792
9911,櫻花,10,0,10,國票-北投,2023-11-07,7792
1305,華夏,8,0,8,國票-北投,2023-11-07,7792
6593,台灣銘板,8,0,8,國票-北投,2023-11-07,7792
2515,中工,20,13,7,國票-北投,2023-11-07,7792
00679B,元大美債20年,6,0,6,國票-北投,2023-11-07,7792
1795,美時,9,3,6,國票-北投,2023-11-07,7792
2303,聯電,10,4,6,國票-北投,2023-11-07,7792
2719,燦星旅,6,0,6,國票-北投,2023-11-07,7792
2889,國票金,6,0,6,國票-北投,2023-11-07,7792
6538,倉和,6,0,6,國票-北投,2023-11-07,7792
00637L,元大滬深300正2,5,0,5,國票-北投,2023-11-07,7792
2457,飛宏,5,0,5,國票-北投,2023-11-07,7792
3363,上詮,5,0,5,國票-北投,2023-11-07,7792
5284,jpp-KY,5,0,5,國票-北投,2023-11-07,7792
6168,宏齊,5,0,5,國票-北投,2023-11-07,7792
2344,華邦電,5,1,4,國票-北投,2023-11-07,7792
00712,復華富時不動產,4,0,4,國票-北投,2023-11-07,7792
2409,友達,4,0,4,國票-北投,2023-11-07,7792
3481,群創,24,20,4,國票-北投,2023-11-07,7792
4108,懷特,5,1,4,國票-北投,2023-11-07,7792
4538,大詠城,4,0,4,國票-北投,2023-11-07,7792
6202,盛群,5,1,4,國票-北投,2023-11-07,7792
6658,聯策,4,0,4,國票-北投,2023-11-07,7792
3105,穩懋,5,2,3,國票-北投,2023-11-07,7792
00632R,元大台灣50反1,3,0,3,國票-北投,2023-11-07,7792
2421,建準,10,7,3,國票-北投,2023-11-07,7792
2492,華新科,4,1,3,國票-北投,2023-11-07,7792
3169,亞信,3,0,3,國票-北投,2023-11-07,7792
3231,緯創,20,17,3,國票-北投,2023-11-07,7792
4162,智擎,3,0,3,國票-北投,2023-11-07,7792
8936,國統,41,0,41,國票-北投,2023-11-08,7792
3062,建漢,35,0,35,國票-北投,2023-11-08,7792
3694,海華,35,0,35,國票-北投,2023-11-08,7792
2332,友訊,31,0,31,國票-北投,2023-11-08,7792
2406,國碩,30,0,30,國票-北投,2023-11-08,7792
8110,華東,34,4,30,國票-北投,2023-11-08,7792
1815,富喬,34,8,26,國票-北投,2023-11-08,7792
6282,康舒,21,1,20,國票-北投,2023-11-08,7792
2388,威盛,17,1,16,國票-北投,2023-11-08,7792
5426,振發,15,0,15,國票-北投,2023-11-08,7792
6191,精成科,20,5,15,國票-北投,2023-11-08,7792
3231,緯創,41,28,13,國票-北投,2023-11-08,7792
1605,華新,11,0,11,國票-北投,2023-11-08,7792
00632R,元大台灣50反1,11,0,11,國票-北投,2023-11-08,7792
00715L,期街口布蘭特正2,10,0,10,國票-北投,2023-11-08,7792
5483,中美晶,10,0,10,國票-北投,2023-11-08,7792
3013,晟銘電,20,11,9,國票-北投,2023-11-08,7792
4138,曜亞,9,0,9,國票-北投,2023-11-08,7792
2206,三陽工業,8,0,8,國票-北投,2023-11-08,7792
3036A,文曄甲特,8,0,8,國票-北投,2023-11-08,7792
2609,陽明,10,3,7,國票-北投,2023-11-08,7792
00664R,國泰臺灣加權反1,7,0,7,國票-北投,2023-11-08,7792
2462,良得電,13,6,7,國票-北投,2023-11-08,7792
6202,盛群,7,0,7,國票-北投,2023-11-08,7792
6901,鑽石投資,8,1,7,國票-北投,2023-11-08,7792
6274,台燿,8,2,6,國票-北投,2023-11-08,7792
8088,品安,7,1,6,國票-北投,2023-11-08,7792
2303,聯電,5,0,5,國票-北投,2023-11-08,7792
00936,台新永續高息中小,5,0,5,國票-北投,2023-11-08,7792
00637L,元大滬深300正2,5,0,5,國票-北投,2023-11-08,7792
2401,凌陽,6,1,5,國票-北投,2023-11-08,7792
2743,山富,8,3,5,國票-北投,2023-11-08,7792
3051,力特,6,1,5,國票-北投,2023-11-08,7792
4533,協易機,5,0,5,國票-北投,2023-11-08,7792
6290,良維,6,1,5,國票-北投,2023-11-08,7792
9105,泰金寶-DR,10,5,5,國票-北投,2023-11-08,7792
2607,榮運,4,0,4,國票-北投,2023-11-08,7792
3264,欣銓,4,0,4,國票-北投,2023-11-08,7792
3545,敦泰,10,6,4,國票-北投,2023-11-08,7792
3548,兆利,14,10,4,國票-北投,2023-11-08,7792
6668,中揚光,4,0,4,國票-北投,2023-11-08,7792
6806,森崴能源,4,0,4,國票-北投,2023-11-08,7792
8054,安國,3,0,3,國票-北投,2023-11-08,7792
2376,技嘉,3,0,3,國票-北投,2023-11-08,7792
2484,希華,3,0,3,國票-北投,2023-11-08,7792
3006,晶豪科,3,0,3,國票-北投,2023-11-08,7792
3704,合勤控,6,3,3,國票-北投,2023-11-08,7792
4961,天鈺,3,0,3,國票-北投,2023-11-08,7792
6117,迎廣,19,16,3,國票-北投,2023-11-08,7792
8033,雷虎,3,0,3,國票-北投,2023-11-08,7792
00680L,元大美債20正2,301,5,296,國票-北投,2023-11-09,7792
00936,台新永續高息中小,36,0,36,國票-北投,2023-11-09,7792
2329,華泰,64,38,26,國票-北投,2023-11-09,7792
00922,國泰台灣領袖50,22,0,22,國票-北投,2023-11-09,7792
2353,宏��,21,0,21,國票-北投,2023-11-09,7792
2462,良得電,20,0,20,國票-北投,2023-11-09,7792
0056,元大高股息,18,0,18,國票-北投,2023-11-09,7792
00929,復華台灣科技優息,17,0,17,國票-北投,2023-11-09,7792
2610,華航,20,3,17,國票-北投,2023-11-09,7792
2363,矽統,30,13,17,國票-北投,2023-11-09,7792
5607,遠雄港,15,0,15,國票-北投,2023-11-09,7792
2453,凌群,12,0,12,國票-北投,2023-11-09,7792
00715L,期街口布蘭特正2,12,0,12,國票-北投,2023-11-09,7792
1314,中石化,12,0,12,國票-北投,2023-11-09,7792
2332,友訊,13,1,12,國票-北投,2023-11-09,7792
3325,旭品,12,0,12,國票-北投,2023-11-09,7792
1504,東元,11,0,11,國票-北投,2023-11-09,7792
2360,致茂,11,0,11,國票-北投,2023-11-09,7792
2486,一詮,11,0,11,國票-北投,2023-11-09,7792
1101,台泥,10,0,10,國票-北投,2023-11-09,7792
2376,技嘉,15,5,10,國票-北投,2023-11-09,7792
3041,揚智,13,3,10,國票-北投,2023-11-09,7792
3306,鼎天,10,0,10,國票-北投,2023-11-09,7792
8150,南茂,10,0,10,國票-北投,2023-11-09,7792
1524,耿鼎,17,9,8,國票-北投,2023-11-09,7792
00900,富邦特選高股息30,8,0,8,國票-北投,2023-11-09,7792
2457,飛宏,10,2,8,國票-北投,2023-11-09,7792
3013,晟銘電,11,3,8,國票-北投,2023-11-09,7792
2498,宏達電,7,0,7,國票-北投,2023-11-09,7792
4128,中天,7,0,7,國票-北投,2023-11-09,7792
3714,富采,6,0,6,國票-北投,2023-11-09,7792
00933B,國泰10Y+金融債,6,0,6,國票-北投,2023-11-09,7792
2897,王道銀行,6,0,6,國票-北投,2023-11-09,7792
5347,世界,7,1,6,國票-北投,2023-11-09,7792
2460,建通,5,0,5,國票-北投,2023-11-09,7792
3105,穩懋,5,0,5,國票-北投,2023-11-09,7792
4167,松瑞藥,5,0,5,國票-北投,2023-11-09,7792
4576,大銀微系統,5,0,5,國票-北投,2023-11-09,7792
1513,中興電,4,0,4,國票-北投,2023-11-09,7792
2515,中工,4,0,4,國票-北投,2023-11-09,7792
3014,聯陽,9,5,4,國票-北投,2023-11-09,7792
4138,曜亞,4,0,4,國票-北投,2023-11-09,7792
6223,旺矽,5,1,4,國票-北投,2023-11-09,7792
6290,良維,4,0,4,國票-北投,2023-11-09,7792
6668,中揚光,4,0,4,國票-北投,2023-11-09,7792
2427,三商電,5,1,4,國票-北投,2023-11-09,7792
1503,士電,4,1,3,國票-北投,2023-11-09,7792
00713,元大台灣高息低波,4,1,3,國票-北投,2023-11-09,7792
2331,精英,5,2,3,國票-北投,2023-11-09,7792
3163,波若威,3,0,3,國票-北投,2023-11-09,7792
00680L,元大美債20正2,400,0,400,國票-北投,2023-11-10,7792
2363,矽統,47,22,25,國票-北投,2023-11-10,7792
6244,茂迪,20,0,20,國票-北投,2023-11-10,7792
0056,元大高股息,19,0,19,國票-北投,2023-11-10,7792
00878,國泰永續高股息,18,0,18,國票-北投,2023-11-10,7792
1524,耿鼎,18,2,16,國票-北投,2023-11-10,7792
2618,長榮航,15,0,15,國票-北投,2023-11-10,7792
2330,台積電,17,3,14,國票-北投,2023-11-10,7792
4533,協易機,17,3,14,國票-北投,2023-11-10,7792
1815,富喬,17,4,13,國票-北投,2023-11-10,7792
2409,友達,13,1,12,國票-北投,2023-11-10,7792
3260,威剛,13,1,12,國票-北投,2023-11-10,7792
00679B,元大美債20年,11,0,11,國票-北投,2023-11-10,7792
2832,台產,10,0,10,國票-北投,2023-11-10,7792
2610,華航,10,1,9,國票-北投,2023-11-10,7792
3231,緯創,20,11,9,國票-北投,2023-11-10,7792
5009,榮剛,9,0,9,國票-北投,2023-11-10,7792
9955,佳龍,9,1,8,國票-北投,2023-11-10,7792
00637L,元大滬深300正2,7,0,7,國票-北投,2023-11-10,7792
6530,創威,7,0,7,國票-北投,2023-11-10,7792
00900,富邦特選高股息30,6,0,6,國票-北投,2023-11-10,7792
3025,星通,8,2,6,國票-北投,2023-11-10,7792
3704,合勤控,7,1,6,國票-北投,2023-11-10,7792
00687B,國泰20年美債,5,0,5,國票-北投,2023-11-10,7792
2637,慧洋-KY,5,0,5,國票-北投,2023-11-10,7792
2454,聯發科,5,0,5,國票-北投,2023-11-10,7792
1609,大亞,5,0,5,國票-北投,2023-11-10,7792
1307,三芳,5,0,5,國票-北投,2023-11-10,7792
00751B,元大AAA至A公司債,5,0,5,國票-北投,2023-11-10,7792
2388,威盛,7,2,5,國票-北投,2023-11-10,7792
2462,良得電,5,0,5,國票-北投,2023-11-10,7792
5351,鈺創,5,0,5,國票-北投,2023-11-10,7792
6438,迅得,5,0,5,國票-北投,2023-11-10,7792
6668,中揚光,5,0,5,國票-北投,2023-11-10,7792
00720B,元大投資級公司債,4,0,4,國票-北投,2023-11-10,7792
2303,聯電,5,1,4,國票-北投,2023-11-10,7792
2376,技嘉,9,5,4,國票-北投,2023-11-10,7792
4916,事欣科,4,0,4,國票-北投,2023-11-10,7792
6901,鑽石投資,10,6,4,國票-北投,2023-11-10,7792
1714,和桐,3,0,3,國票-北投,2023-11-10,7792
2301,光寶科,6,3,3,國票-北投,2023-11-10,7792
2382,廣達,8,5,3,國票-北投,2023-11-10,7792
2606,裕民,6,3,3,國票-北投,2023-11-10,7792
3041,揚智,4,1,3,國票-北投,2023-11-10,7792
3105,穩懋,6,3,3,國票-北投,2023-11-10,7792
3645,達邁,3,0,3,國票-北投,2023-11-10,7792
4123,晟德,3,0,3,國票-北投,2023-11-10,7792
5258,虹堡,3,0,3,國票-北投,2023-11-10,7792
5309,系統電,3,0,3,國票-北投,2023-11-10,7792
8033,雷虎,3,0,3,國票-北投,2023-11-10,7792
2369,菱生,73,4,69,國票-北投,2023-11-13,7792
1504,東元,50,2,48,國票-北投,2023-11-13,7792
2382,廣達,85,59,26,國票-北投,2023-11-13,7792
4306,炎洲,25,0,25,國票-北投,2023-11-13,7792
2515,中工,24,0,24,國票-北投,2023-11-13,7792
2504,國產,15,0,15,國票-北投,2023-11-13,7792
1437,勤益控,14,0,14,國票-北投,2023-11-13,7792
6531,愛普*,15,2,13,國票-北投,2023-11-13,7792
2376,技嘉,15,4,11,國票-北投,2023-11-13,7792
2610,華航,12,1,11,國票-北投,2023-11-13,7792
5521,工信,10,0,10,國票-北投,2023-11-13,7792
2609,陽明,9,0,9,國票-北投,2023-11-13,7792
2618,長榮航,9,0,9,國票-北投,2023-11-13,7792
00936,台新永續高息中小,8,0,8,國票-北投,2023-11-13,7792
00878,國泰永續高股息,8,0,8,國票-北投,2023-11-13,7792
8930,青鋼,8,0,8,國票-北投,2023-11-13,7792
2637,慧洋-KY,7,0,7,國票-北投,2023-11-13,7792
00637L,元大滬深300正2,7,0,7,國票-北投,2023-11-13,7792
4128,中天,7,0,7,國票-北投,2023-11-13,7792
8358,金居,8,1,7,國票-北投,2023-11-13,7792
00720B,元大投資級公司債,6,0,6,國票-北投,2023-11-13,7792
4138,曜亞,6,0,6,國票-北投,2023-11-13,7792
4960,誠美材,6,0,6,國票-北投,2023-11-13,7792
1307,三芳,5,0,5,國票-北投,2023-11-13,7792
00751B,元大AAA至A公司債,5,0,5,國票-北投,2023-11-13,7792
1605,華新,5,0,5,國票-北投,2023-11-13,7792
2462,良得電,5,0,5,國票-北投,2023-11-13,7792
2607,榮運,11,6,5,國票-北投,2023-11-13,7792
2707,晶華,5,0,5,國票-北投,2023-11-13,7792
2889,國票金,5,0,5,國票-北投,2023-11-13,7792
3094,聯傑,8,3,5,國票-北投,2023-11-13,7792
2352,佳世達,4,0,4,國票-北投,2023-11-13,7792
6290,良維,4,0,4,國票-北投,2023-11-13,7792
6470,宇智,4,0,4,國票-北投,2023-11-13,7792
1513,中興電,3,0,3,國票-北投,2023-11-13,7792
00679B,元大美債20年,3,0,3,國票-北投,2023-11-13,7792
1608,華榮,3,0,3,國票-北投,2023-11-13,7792
1909,榮成,3,0,3,國票-北投,2023-11-13,7792
4743,合一,3,0,3,國票-北投,2023-11-13,7792
6589,台康生技,3,0,3,國票-北投,2023-11-13,7792
6472,保瑞,2,0,2,國票-北投,2023-11-13,7792
00632R,元大台灣50反1,2,0,2,國票-北投,2023-11-13,7792
1314,中石化,12,10,2,國票-北投,2023-11-13,7792
00931B,統一美債20年,2,0,2,國票-北投,2023-11-13,7792
1618,合機,2,0,2,國票-北投,2023-11-13,7792
2345,智邦,3,1,2,國票-北投,2023-11-13,7792
2374,佳能,10,8,2,國票-北投,2023-11-13,7792
2408,南亞科,2,0,2,國票-北投,2023-11-13,7792
2905,三商,2,0,2,國票-北投,2023-11-13,7792
3036,文曄,2,0,2,國票-北投,2023-11-13,7792
2603,長榮,307,8,299,國票-北投,2023-11-14,7792
2369,菱生,91,2,89,國票-北投,2023-11-14,7792
2408,南亞科,60,7,53,國票-北投,2023-11-14,7792
6176,瑞儀,40,0,40,國票-北投,2023-11-14,7792
3032,偉訓,30,1,29,國票-北投,2023-11-14,7792
6271,同欣電,20,0,20,國票-北投,2023-11-14,7792
6770,力積電,15,0,15,國票-北投,2023-11-14,7792
1589,永冠-KY,13,0,13,國票-北投,2023-11-14,7792
3450,聯鈞,14,1,13,國票-北投,2023-11-14,7792
6282,康舒,13,0,13,國票-北投,2023-11-14,7792
00878,國泰永續高股息,14,2,12,國票-北投,2023-11-14,7792
2308,台達電,10,0,10,國票-北投,2023-11-14,7792
2399,映泰,10,0,10,國票-北投,2023-11-14,7792
2485,兆赫,11,1,10,國票-北投,2023-11-14,7792
6613,朋億*,10,0,10,國票-北投,2023-11-14,7792
9942,茂順,10,0,10,國票-北投,2023-11-14,7792
00929,復華台灣科技優息,9,0,9,國票-北投,2023-11-14,7792
4967,十銓,10,1,9,國票-北投,2023-11-14,7792
6625,必應,9,0,9,國票-北投,2023-11-14,7792
2312,金寶,9,1,8,國票-北投,2023-11-14,7792
3051,力特,8,0,8,國票-北投,2023-11-14,7792
3260,威剛,13,5,8,國票-北投,2023-11-14,7792
3231,緯創,21,14,7,國票-北投,2023-11-14,7792
00720B,元大投資級公司債,7,0,7,國票-北投,2023-11-14,7792
8048,德勝,8,1,7,國票-北投,2023-11-14,7792
6223,旺矽,6,0,6,國票-北投,2023-11-14,7792
00679B,元大美債20年,5,0,5,國票-北投,2023-11-14,7792
00637L,元大滬深300正2,15,10,5,國票-北投,2023-11-14,7792
2402,毅嘉,6,1,5,國票-北投,2023-11-14,7792
2462,良得電,5,0,5,國票-北投,2023-11-14,7792
2850,新產,5,0,5,國票-北投,2023-11-14,7792
4164,承業醫,5,0,5,國票-北投,2023-11-14,7792
6156,松上,5,0,5,國票-北投,2023-11-14,7792
8112,至上,5,0,5,國票-北投,2023-11-14,7792
2356,英業達,5,1,4,國票-北投,2023-11-14,7792
2515,中工,4,0,4,國票-北投,2023-11-14,7792
2606,裕民,4,0,4,國票-北投,2023-11-14,7792
2636,台驊控股,4,0,4,國票-北投,2023-11-14,7792
3013,晟銘電,4,0,4,國票-北投,2023-11-14,7792
3693,營邦,4,0,4,國票-北投,2023-11-14,7792
4960,誠美材,4,0,4,國票-北投,2023-11-14,7792
6274,台燿,22,18,4,國票-北投,2023-11-14,7792
6799,來頡,4,0,4,國票-北投,2023-11-14,7792
8033,雷虎,5,1,4,國票-北投,2023-11-14,7792
2382,廣達,12,9,3,國票-北投,2023-11-14,7792
00632R,元大台灣50反1,3,0,3,國票-北投,2023-11-14,7792
1217,愛之味,3,0,3,國票-北投,2023-11-14,7792
2605,新興,4,1,3,國票-北投,2023-11-14,7792
2609,陽明,7,4,3,國票-北投,2023-11-14,7792
2816,旺旺保,3,0,3,國票-北投,2023-11-14,7792
2369,菱生,48,5,43,國票-北投,2023-11-15,7792
2634,漢翔,24,0,24,國票-北投,2023-11-15,7792
00864B,中信美國公債0-1,20,0,20,國票-北投,2023-11-15,7792
2408,南亞科,22,2,20,國票-北投,2023-11-15,7792
2607,榮運,20,0,20,國票-北投,2023-11-15,7792
2504,國產,15,0,15,國票-北投,2023-11-15,7792
00664R,國泰臺灣加權反1,12,0,12,國票-北投,2023-11-15,7792
00850,元大臺灣ESG永續,11,0,11,國票-北投,2023-11-15,7792
3706,神達,14,3,11,國票-北投,2023-11-15,7792
3062,建漢,10,0,10,國票-北投,2023-11-15,7792
8044,網家,10,0,10,國票-北投,2023-11-15,7792
5009,榮剛,9,0,9,國票-北投,2023-11-15,7792
2371,大同,8,1,7,國票-北投,2023-11-15,7792
1471,首利,7,0,7,國票-北投,2023-11-15,7792
2363,矽統,27,20,7,國票-北投,2023-11-15,7792
2609,陽明,7,0,7,國票-北投,2023-11-15,7792
4973,廣穎,6,0,6,國票-北投,2023-11-15,7792
2337,旺宏,6,0,6,國票-北投,2023-11-15,7792
00878,國泰永續高股息,13,7,6,國票-北投,2023-11-15,7792
2454,聯發科,5,0,5,國票-北投,2023-11-15,7792
2329,華泰,19,14,5,國票-北投,2023-11-15,7792
2425,承啟,7,2,5,國票-北投,2023-11-15,7792
2498,宏達電,10,5,5,國票-北投,2023-11-15,7792
3147,大綜,7,2,5,國票-北投,2023-11-15,7792
3276,宇環,8,3,5,國票-北投,2023-11-15,7792
3450,聯鈞,11,6,5,國票-北投,2023-11-15,7792
3680,家登,5,0,5,國票-北投,2023-11-15,7792
00929,復華台灣科技優息,9,5,4,國票-北投,2023-11-15,7792
2303,聯電,6,2,4,國票-北投,2023-11-15,7792
4915,致伸,5,1,4,國票-北投,2023-11-15,7792
2888,新光金,4,1,3,國票-北投,2023-11-15,7792
1477,聚陽,3,0,3,國票-北投,2023-11-15,7792
00900,富邦特選高股息30,5,2,3,國票-北投,2023-11-15,7792
1815,富喬,6,3,3,國票-北投,2023-11-15,7792
2355,敬鵬,5,2,3,國票-北投,2023-11-15,7792
3023,信邦,3,0,3,國票-北投,2023-11-15,7792
3025,星通,3,0,3,國票-北投,2023-11-15,7792
3483,力致,3,0,3,國票-北投,2023-11-15,7792
3532,台勝科,3,0,3,國票-北投,2023-11-15,7792
4979,華星光,3,0,3,國票-北投,2023-11-15,7792
6138,茂達,3,0,3,國票-北投,2023-11-15,7792
6668,中揚光,3,0,3,國票-北投,2023-11-15,7792
6901,鑽石投資,4,1,3,國票-北投,2023-11-15,7792
8936,國統,3,0,3,國票-北投,2023-11-15,7792
00919,群益台灣精選高息,3,0,3,國票-北投,2023-11-15,7792
5388,中磊,2,0,2,國票-北投,2023-11-15,7792
00679B,元大美債20年,2,0,2,國票-北投,2023-11-15,7792
00687B,國泰20年美債,2,0,2,國票-北投,2023-11-15,7792
00669R,國泰美國道瓊反1,2,0,2,國票-北投,2023-11-15,7792
1319,東陽,2,0,2,國票-北投,2023-11-15,7792
6168,宏齊,51,0,51,國票-北投,2023-11-16,7792
2351,順德,30,1,29,國票-北投,2023-11-16,7792
00637L,元大滬深300正2,37,9,28,國票-北投,2023-11-16,7792
5426,振發,25,0,25,國票-北投,2023-11-16,7792
2607,榮運,22,0,22,國票-北投,2023-11-16,7792
00900,富邦特選高股息30,20,0,20,國票-北投,2023-11-16,7792
00864B,中信美國公債0-1,20,0,20,國票-北投,2023-11-16,7792
8046,南電,20,0,20,國票-北投,2023-11-16,7792
8936,國統,20,0,20,國票-北投,2023-11-16,7792
00878,國泰永續高股息,39,20,19,國票-北投,2023-11-16,7792
2417,圓剛,24,6,18,國票-北投,2023-11-16,7792
2421,建準,18,1,17,國票-北投,2023-11-16,7792
2344,華邦電,38,21,17,國票-北投,2023-11-16,7792
3036,文曄,14,0,14,國票-北投,2023-11-16,7792
5521,工信,13,0,13,國票-北投,2023-11-16,7792
00715L,期街口布蘭特正2,22,10,12,國票-北投,2023-11-16,7792
1101,台泥,12,0,12,國票-北投,2023-11-16,7792
2027,大成鋼,12,1,11,國票-北投,2023-11-16,7792
2801,彰銀,10,0,10,國票-北投,2023-11-16,7792
2002,中鋼,10,0,10,國票-北投,2023-11-16,7792
00931B,統一美債20年,10,0,10,國票-北投,2023-11-16,7792
2402,毅嘉,21,11,10,國票-北投,2023-11-16,7792
2465,麗臺,10,0,10,國票-北投,2023-11-16,7792
6213,聯茂,10,0,10,國票-北投,2023-11-16,7792
2313,華通,12,2,10,國票-北投,2023-11-16,7792
00679B,元大美債20年,12,3,9,國票-北投,2023-11-16,7792
2401,凌陽,10,1,9,國票-北投,2023-11-16,7792
2329,華泰,51,43,8,國票-北投,2023-11-16,7792
3025,星通,8,0,8,國票-北投,2023-11-16,7792
00929,復華台灣科技優息,9,2,7,國票-北投,2023-11-16,7792
2883,凱基金,7,0,7,國票-北投,2023-11-16,7792
6550,北極星藥業-KY,7,0,7,國票-北投,2023-11-16,7792
00680L,元大美債20正2,6,0,6,國票-北投,2023-11-16,7792
3362,先進光,10,4,6,國票-北投,2023-11-16,7792
4958,臻鼎-KY,6,0,6,國票-北投,2023-11-16,7792
5512,力麒,7,1,6,國票-北投,2023-11-16,7792
00857B,永豐20年美公債,5,0,5,國票-北投,2023-11-16,7792
2387,精元,5,0,5,國票-北投,2023-11-16,7792
2408,南亞科,5,0,5,國票-北投,2023-11-16,7792
2419,仲琦,5,0,5,國票-北投,2023-11-16,7792
3260,威剛,6,1,5,國票-北投,2023-11-16,7792
4164,承業醫,7,2,5,國票-北投,2023-11-16,7792
8358,金居,5,0,5,國票-北投,2023-11-16,7792
00687B,國泰20年美債,4,0,4,國票-北投,2023-11-16,7792
1589,永冠-KY,4,0,4,國票-北投,2023-11-16,7792
2204,中華,6,2,4,國票-北投,2023-11-16,7792
2371,大同,15,11,4,國票-北投,2023-11-16,7792
2453,凌群,4,0,4,國票-北投,2023-11-16,7792
6125,廣運,4,0,4,國票-北投,2023-11-16,7792
1568,倉佑,3,0,3,國票-北投,2023-11-16,7792
6416,瑞祺電通,100,0,100,國票-北投,2023-11-17,7792
5880,合庫金,44,0,44,國票-北投,2023-11-17,7792
00637L,元大滬深300正2,33,0,33,國票-北投,2023-11-17,7792
00864B,中信美國公債0-1,20,0,20,國票-北投,2023-11-17,7792
00688L,國泰20年美債正2,20,0,20,國票-北投,2023-11-17,7792
2356,英業達,23,4,19,國票-北投,2023-11-17,7792
6412,群電,15,0,15,國票-北投,2023-11-17,7792
00715L,期街口布蘭特正2,14,0,14,國票-北投,2023-11-17,7792
2610,華航,17,3,14,國票-北投,2023-11-17,7792
3260,威剛,16,2,14,國票-北投,2023-11-17,7792
6108,競國,13,0,13,國票-北投,2023-11-17,7792
2313,華通,31,18,13,國票-北投,2023-11-17,7792
2706,第一店,12,0,12,國票-北投,2023-11-17,7792
2884,玉山金,11,0,11,國票-北投,2023-11-17,7792
1515,力山,11,0,11,國票-北投,2023-11-17,7792
2702,華園,11,0,11,國票-北投,2023-11-17,7792
00753L,中信中國50正2,10,0,10,國票-北投,2023-11-17,7792
2367,燿華,10,0,10,國票-北投,2023-11-17,7792
2371,大同,12,2,10,國票-北投,2023-11-17,7792
6116,彩晶,10,0,10,國票-北投,2023-11-17,7792
2312,金寶,9,0,9,國票-北投,2023-11-17,7792
6770,力積電,10,1,9,國票-北投,2023-11-17,7792
4979,華星光,13,5,8,國票-北投,2023-11-17,7792
6276,安鈦克,9,1,8,國票-北投,2023-11-17,7792
00929,復華台灣科技優息,8,1,7,國票-北投,2023-11-17,7792
2462,良得電,7,0,7,國票-北投,2023-11-17,7792
2618,長榮航,28,21,7,國票-北投,2023-11-17,7792
3051,力特,7,0,7,國票-北投,2023-11-17,7792
2301,光寶科,6,0,6,國票-北投,2023-11-17,7792
00738U,期元大道瓊白銀,5,0,5,國票-北投,2023-11-17,7792
00885,富邦越南,5,0,5,國票-北投,2023-11-17,7792
2362,藍天,5,0,5,國票-北投,2023-11-17,7792
2405,輔信,7,2,5,國票-北投,2023-11-17,7792
2427,三商電,6,1,5,國票-北投,2023-11-17,7792
3169,亞信,5,0,5,國票-北投,2023-11-17,7792
5328,華容,5,0,5,國票-北投,2023-11-17,7792
3228,金麗科,6,1,5,國票-北投,2023-11-17,7792
1319,東陽,4,0,4,國票-北投,2023-11-17,7792
00712,復華富時不動產,4,0,4,國票-北投,2023-11-17,7792
2376,技嘉,7,3,4,國票-北投,2023-11-17,7792
2609,陽明,5,1,4,國票-北投,2023-11-17,7792
3025,星通,5,1,4,國票-北投,2023-11-17,7792
4770,上品,4,0,4,國票-北投,2023-11-17,7792
6606,建德工業,4,0,4,國票-北投,2023-11-17,7792
6672,騰輝電子-KY,4,0,4,國票-北投,2023-11-17,7792
00679B,元大美債20年,3,0,3,國票-北投,2023-11-17,7792
2369,菱生,9,6,3,國票-北投,2023-11-17,7792
3032,偉訓,3,0,3,國票-北投,2023-11-17,7792
3036,文曄,3,0,3,國票-北投,2023-11-17,7792
3122,笙泉,4,1,3,國票-北投,2023-11-17,7792
00929,復華台灣科技優息,459,17,442,國票-北投,2023-11-20,7792
1504,東元,36,3,33,國票-北投,2023-11-20,7792
3032,偉訓,35,2,33,國票-北投,2023-11-20,7792
2504,國產,30,0,30,國票-北投,2023-11-20,7792
3714,富采,20,0,20,國票-北投,2023-11-20,7792
4938,和碩,20,3,17,國票-北投,2023-11-20,7792
6672,騰輝電子-KY,17,0,17,國票-北投,2023-11-20,7792
2468,華經,15,0,15,國票-北投,2023-11-20,7792
2402,毅嘉,21,7,14,國票-北投,2023-11-20,7792
8105,凌巨,11,0,11,國票-北投,2023-11-20,7792
1324,地球,10,0,10,國票-北投,2023-11-20,7792
4714,永捷,10,0,10,國票-北投,2023-11-20,7792
6245,立端,10,0,10,國票-北投,2023-11-20,7792
3491,昇達科,9,0,9,國票-北投,2023-11-20,7792
2303,聯電,20,12,8,國票-北投,2023-11-20,7792
4919,新唐,9,1,8,國票-北投,2023-11-20,7792
2618,長榮航,8,1,7,國票-北投,2023-11-20,7792
2801,彰銀,7,0,7,國票-北投,2023-11-20,7792
2330,台積電,16,10,6,國票-北投,2023-11-20,7792
2317,鴻海,6,0,6,國票-北投,2023-11-20,7792
2417,圓剛,12,6,6,國票-北投,2023-11-20,7792
5355,佳總,6,0,6,國票-北投,2023-11-20,7792
6589,台康生技,6,0,6,國票-北投,2023-11-20,7792
1605,華新,5,0,5,國票-北投,2023-11-20,7792
1522,堤維西,5,0,5,國票-北投,2023-11-20,7792
00864B,中信美國公債0-1,5,0,5,國票-北投,2023-11-20,7792
00857B,永豐20年美公債,5,0,5,國票-北投,2023-11-20,7792
2401,凌陽,20,15,5,國票-北投,2023-11-20,7792
2464,盟立,5,0,5,國票-北投,2023-11-20,7792
2888,新光金,5,0,5,國票-北投,2023-11-20,7792
3694,海華,5,0,5,國票-北投,2023-11-20,7792
2486,一詮,4,0,4,國票-北投,2023-11-20,7792
3094,聯傑,6,2,4,國票-北投,2023-11-20,7792
6125,廣運,7,4,3,國票-北投,2023-11-20,7792
00712,復華富時不動產,3,0,3,國票-北投,2023-11-20,7792
00637L,元大滬深300正2,5,2,3,國票-北投,2023-11-20,7792
2419,仲琦,4,1,3,國票-北投,2023-11-20,7792
2748,雲品,4,1,3,國票-北投,2023-11-20,7792
2834,臺企銀,3,0,3,國票-北投,2023-11-20,7792
3023,信邦,3,0,3,國票-北投,2023-11-20,7792
3163,波若威,3,0,3,國票-北投,2023-11-20,7792
3260,威剛,5,2,3,國票-北投,2023-11-20,7792
3587,閎康,3,0,3,國票-北投,2023-11-20,7792
6139,亞翔,13,10,3,國票-北投,2023-11-20,7792
6271,同欣電,3,0,3,國票-北投,2023-11-20,7792
6531,愛普*,3,0,3,國票-北投,2023-11-20,7792
6789,采鈺,3,0,3,國票-北投,2023-11-20,7792
8054,安國,3,0,3,國票-北投,2023-11-20,7792
00919,群益台灣精選高息,3,0,3,國票-北投,2023-11-20,7792
1402,遠東新,2,0,2,國票-北投,2023-11-20,7792
3711,日月光投控,50,2,48,國票-北投,2023-11-21,7792
6191,精成科,40,0,40,國票-北投,2023-11-21,7792
2329,華泰,39,4,35,國票-北投,2023-11-21,7792
3706,神達,26,3,23,國票-北投,2023-11-21,7792
6531,愛普*,20,0,20,國票-北投,2023-11-21,7792
3041,揚智,29,10,19,國票-北投,2023-11-21,7792
00632R,元大台灣50反1,17,0,17,國票-北投,2023-11-21,7792
2204,中華,16,0,16,國票-北投,2023-11-21,7792
00864B,中信美國公債0-1,15,0,15,國票-北投,2023-11-21,7792
00720B,元大投資級公司債,12,0,12,國票-北投,2023-11-21,7792
00929,復華台灣科技優息,11,0,11,國票-北投,2023-11-21,7792
2465,麗臺,11,0,11,國票-北投,2023-11-21,7792
3094,聯傑,12,1,11,國票-北投,2023-11-21,7792
5452,佶優,11,0,11,國票-北投,2023-11-21,7792
2405,輔信,22,12,10,國票-北投,2023-11-21,7792
5426,振發,10,0,10,國票-北投,2023-11-21,7792
00665L,富邦�琤肭磪囓�2,7,0,7,國票-北投,2023-11-21,7792
2303,聯電,11,4,7,國票-北投,2023-11-21,7792
2376,技嘉,15,9,6,國票-北投,2023-11-21,7792
1515,力山,6,0,6,國票-北投,2023-11-21,7792
00664R,國泰臺灣加權反1,6,0,6,國票-北投,2023-11-21,7792
1524,耿鼎,6,0,6,國票-北投,2023-11-21,7792
1589,永冠-KY,6,0,6,國票-北投,2023-11-21,7792
1598,岱宇,6,0,6,國票-北投,2023-11-21,7792
2344,華邦電,9,3,6,國票-北投,2023-11-21,7792
2356,英業達,35,29,6,國票-北投,2023-11-21,7792
5465,富驊,8,2,6,國票-北投,2023-11-21,7792
6138,茂達,7,1,6,國票-北投,2023-11-21,7792
8936,國統,8,2,6,國票-北投,2023-11-21,7792
00679B,元大美債20年,5,0,5,國票-北投,2023-11-21,7792
1785,光洋科,5,0,5,國票-北投,2023-11-21,7792
2355,敬鵬,9,4,5,國票-北投,2023-11-21,7792
2374,佳能,5,0,5,國票-北投,2023-11-21,7792
2421,建準,7,2,5,國票-北投,2023-11-21,7792
2462,良得電,8,3,5,國票-北投,2023-11-21,7792
2634,漢翔,13,8,5,國票-北投,2023-11-21,7792
3147,大綜,7,2,5,國票-北投,2023-11-21,7792
3518,柏騰,5,0,5,國票-北投,2023-11-21,7792
4306,炎洲,5,0,5,國票-北投,2023-11-21,7792
4414,如興,5,0,5,國票-北投,2023-11-21,7792
5309,系統電,5,0,5,國票-北投,2023-11-21,7792
6202,盛群,5,0,5,國票-北投,2023-11-21,7792
6442,光聖,5,0,5,國票-北投,2023-11-21,7792
00885,富邦越南,4,0,4,國票-北投,2023-11-21,7792
1708,東鹼,4,0,4,國票-北投,2023-11-21,7792
2449,京元電子,4,0,4,國票-北投,2023-11-21,7792
2748,雲品,5,1,4,國票-北投,2023-11-21,7792
3025,星通,9,5,4,國票-北投,2023-11-21,7792
3322,建舜電,9,5,4,國票-北投,2023-11-21,7792
3512,皇龍,5,1,4,國票-北投,2023-11-21,7792
1722,台肥,135,0,135,國票-北投,2023-11-22,7792
6282,康舒,70,22,48,國票-北投,2023-11-22,7792
3231,緯創,50,3,47,國票-北投,2023-11-22,7792
2436,偉詮電,70,26,44,國票-北投,2023-11-22,7792
2610,華航,33,0,33,國票-北投,2023-11-22,7792
2820,華票,30,0,30,國票-北投,2023-11-22,7792
00637L,元大滬深300正2,54,28,26,國票-北投,2023-11-22,7792
4909,新復興,21,3,18,國票-北投,2023-11-22,7792
2330,台積電,17,0,17,國票-北投,2023-11-22,7792
2353,宏��,16,0,16,國票-北投,2023-11-22,7792
2329,華泰,16,3,13,國票-北投,2023-11-22,7792
6116,彩晶,13,0,13,國票-北投,2023-11-22,7792
2888,新光金,12,0,12,國票-北投,2023-11-22,7792
6284,佳邦,11,0,11,國票-北投,2023-11-22,7792
3515,華擎,12,1,11,國票-北投,2023-11-22,7792
5351,鈺創,20,9,11,國票-北投,2023-11-22,7792
2356,英業達,16,6,10,國票-北投,2023-11-22,7792
00751B,元大AAA至A公司債,10,0,10,國票-北投,2023-11-22,7792
2324,仁寶,10,0,10,國票-北投,2023-11-22,7792
5302,太欣,10,0,10,國票-北投,2023-11-22,7792
6129,普誠,10,0,10,國票-北投,2023-11-22,7792
2357,華碩,8,0,8,國票-北投,2023-11-22,7792
0056,元大高股息,7,0,7,國票-北投,2023-11-22,7792
5512,力麒,8,1,7,國票-北投,2023-11-22,7792
2883,凱基金,12,6,6,國票-北投,2023-11-22,7792
5443,均豪,7,1,6,國票-北投,2023-11-22,7792
1434,福懋,5,0,5,國票-北投,2023-11-22,7792
00687B,國泰20年美債,5,0,5,國票-北投,2023-11-22,7792
00857B,永豐20年美公債,5,0,5,國票-北投,2023-11-22,7792
3372,典範,12,7,5,國票-北投,2023-11-22,7792
4770,上品,5,0,5,國票-北投,2023-11-22,7792
6442,光聖,7,2,5,國票-北投,2023-11-22,7792
020039,元大加權N,4,0,4,國票-北投,2023-11-22,7792
00935,野村臺灣新科技50,4,0,4,國票-北投,2023-11-22,7792
2105,正新,5,1,4,國票-北投,2023-11-22,7792
2303,聯電,8,4,4,國票-北投,2023-11-22,7792
2376,技嘉,11,7,4,國票-北投,2023-11-22,7792
2462,良得電,4,0,4,國票-北投,2023-11-22,7792
2705,六福,6,2,4,國票-北投,2023-11-22,7792
3706,神達,5,1,4,國票-北投,2023-11-22,7792
4960,誠美材,4,0,4,國票-北投,2023-11-22,7792
4979,華星光,5,1,4,國票-北投,2023-11-22,7792
8163,達方,4,0,4,國票-北投,2023-11-22,7792
00931B,統一美債20年,3,0,3,國票-北投,2023-11-22,7792
00929,復華台灣科技優息,6,3,3,國票-北投,2023-11-22,7792
1101,台泥,3,0,3,國票-北投,2023-11-22,7792
1785,光洋科,10,7,3,國票-北投,2023-11-22,7792
2301,光寶科,20,17,3,國票-北投,2023-11-22,7792
2402,毅嘉,4,1,3,國票-北投,2023-11-22,7792
2405,輔信,19,16,3,國票-北投,2023-11-22,7792
00929,復華台灣科技優息,110,2,108,國票-北投,2023-11-23,7792
6282,康舒,65,15,50,國票-北投,2023-11-23,7792
3231,緯創,29,1,28,國票-北投,2023-11-23,7792
8183,精星,28,2,26,國票-北投,2023-11-23,7792
2363,矽統,44,24,20,國票-北投,2023-11-23,7792
3041,揚智,24,4,20,國票-北投,2023-11-23,7792
00637L,元大滬深300正2,51,32,19,國票-北投,2023-11-23,7792
3228,金麗科,20,1,19,國票-北投,2023-11-23,7792
6237,驊訊,34,15,19,國票-北投,2023-11-23,7792
2382,廣達,20,2,18,國票-北投,2023-11-23,7792
00919,群益台灣精選高息,19,1,18,國票-北投,2023-11-23,7792
2436,偉詮電,21,4,17,國票-北投,2023-11-23,7792
4960,誠美材,17,0,17,國票-北投,2023-11-23,7792
2344,華邦電,11,0,11,國票-北投,2023-11-23,7792
2357,華碩,12,1,11,國票-北投,2023-11-23,7792
6138,茂達,11,0,11,國票-北投,2023-11-23,7792
00878,國泰永續高股息,11,0,11,國票-北投,2023-11-23,7792
3374,精材,10,0,10,國票-北投,2023-11-23,7792
6139,亞翔,11,1,10,國票-北投,2023-11-23,7792
2380,虹光,10,0,10,國票-北投,2023-11-23,7792
2468,華經,11,1,10,國票-北投,2023-11-23,7792
3025,星通,11,1,10,國票-北投,2023-11-23,7792
4157,太景*-KY,10,0,10,國票-北投,2023-11-23,7792
5425,台半,10,0,10,國票-北投,2023-11-23,7792
8048,德勝,10,0,10,國票-北投,2023-11-23,7792
2369,菱生,10,1,9,國票-北投,2023-11-23,7792
3715,定穎投控,16,7,9,國票-北投,2023-11-23,7792
2330,台積電,7,0,7,國票-北投,2023-11-23,7792
2405,輔信,7,0,7,國票-北投,2023-11-23,7792
3078,僑威,17,10,7,國票-北投,2023-11-23,7792
3704,合勤控,7,0,7,國票-北投,2023-11-23,7792
4909,新復興,7,0,7,國票-北投,2023-11-23,7792
4967,十銓,6,0,6,國票-北投,2023-11-23,7792
6117,迎廣,10,4,6,國票-北投,2023-11-23,7792
6129,普誠,7,1,6,國票-北投,2023-11-23,7792
6462,神盾,9,3,6,國票-北投,2023-11-23,7792
8916,光隆,6,0,6,國票-北投,2023-11-23,7792
6530,創威,6,0,6,國票-北投,2023-11-23,7792
1616,億泰,5,0,5,國票-北投,2023-11-23,7792
00923,群益台ESG低碳50,5,0,5,國票-北投,2023-11-23,7792
00905,FT臺灣Smart,5,0,5,國票-北投,2023-11-23,7792
2439,美律,7,2,5,國票-北投,2023-11-23,7792
2449,京元電子,10,5,5,國票-北投,2023-11-23,7792
2504,國產,5,0,5,國票-北投,2023-11-23,7792
2816,旺旺保,5,0,5,國票-北投,2023-11-23,7792
2882,國泰金,5,0,5,國票-北投,2023-11-23,7792
6290,良維,5,0,5,國票-北投,2023-11-23,7792
6531,愛普*,5,0,5,國票-北投,2023-11-23,7792
6585,鼎基,5,0,5,國票-北投,2023-11-23,7792
8450,霹靂,5,0,5,國票-北投,2023-11-23,7792
1519,華城,41,1,40,國票-北投,2023-11-24,7792
00637L,元大滬深300正2,21,1,20,國票-北投,2023-11-24,7792
2605,新興,20,0,20,國票-北投,2023-11-24,7792
4188,安克,20,1,19,國票-北投,2023-11-24,7792
2618,長榮航,17,1,16,國票-北投,2023-11-24,7792
6282,康舒,22,7,15,國票-北投,2023-11-24,7792
1504,東元,14,2,12,國票-北投,2023-11-24,7792
2610,華航,12,0,12,國票-北投,2023-11-24,7792
6104,創惟,14,2,12,國票-北投,2023-11-24,7792
2356,英業達,11,0,11,國票-北投,2023-11-24,7792
00720B,元大投資級公司債,10,0,10,國票-北投,2023-11-24,7792
00936,台新永續高息中小,10,0,10,國票-北投,2023-11-24,7792
2484,希華,10,0,10,國票-北投,2023-11-24,7792
2734,易飛網,10,0,10,國票-北投,2023-11-24,7792
6756,威鋒電子,10,0,10,國票-北投,2023-11-24,7792
1342,八貫,10,2,8,國票-北投,2023-11-24,7792
1609,大亞,10,2,8,國票-北投,2023-11-24,7792
2363,矽統,11,3,8,國票-北投,2023-11-24,7792
2748,雲品,9,1,8,國票-北投,2023-11-24,7792
1603,華電,7,0,7,國票-北投,2023-11-24,7792
3147,大綜,7,0,7,國票-北投,2023-11-24,7792
6191,精成科,42,35,7,國票-北投,2023-11-24,7792
6668,中揚光,7,0,7,國票-北投,2023-11-24,7792
00679B,元大美債20年,6,0,6,國票-北投,2023-11-24,7792
2408,南亞科,6,0,6,國票-北投,2023-11-24,7792
2515,中工,6,0,6,國票-北投,2023-11-24,7792
1515,力山,5,0,5,國票-北投,2023-11-24,7792
1101,台泥,5,0,5,國票-北投,2023-11-24,7792
00857B,永豐20年美公債,5,0,5,國票-北投,2023-11-24,7792
00680L,元大美債20正2,5,0,5,國票-北投,2023-11-24,7792
2498,宏達電,5,0,5,國票-北投,2023-11-24,7792
2731,雄獅,5,0,5,國票-北投,2023-11-24,7792
3078,僑威,7,2,5,國票-北投,2023-11-24,7792
3587,閎康,5,0,5,國票-北投,2023-11-24,7792
3701,大眾控,5,0,5,國票-北投,2023-11-24,7792
6161,捷波,5,0,5,國票-北投,2023-11-24,7792
6284,佳邦,6,1,5,國票-北投,2023-11-24,7792
2330,台積電,4,0,4,國票-北投,2023-11-24,7792
00687B,國泰20年美債,4,0,4,國票-北投,2023-11-24,7792
1795,美時,4,0,4,國票-北投,2023-11-24,7792
2390,云辰,4,0,4,國票-北投,2023-11-24,7792
2421,建準,4,0,4,國票-北投,2023-11-24,7792
2883,凱基金,6,2,4,國票-北投,2023-11-24,7792
3036,文曄,4,0,4,國票-北投,2023-11-24,7792
3706,神達,4,0,4,國票-北投,2023-11-24,7792
6116,彩晶,27,23,4,國票-北投,2023-11-24,7792
8183,精星,5,1,4,國票-北投,2023-11-24,7792
00878,國泰永續高股息,4,0,4,國票-北投,2023-11-24,7792
2002,中鋼,3,0,3,國票-北投,2023-11-24,7792
00697B,元大美債7-10,3,0,3,國票-北投,2023-11-24,7792
00878,國泰永續高股息,218,0,218,國票-北投,2023-11-27,7792
00929,復華台灣科技優息,67,4,63,國票-北投,2023-11-27,7792
6830,汎銓,54,0,54,國票-北投,2023-11-27,7792
00637L,元大滬深300正2,83,31,52,國票-北投,2023-11-27,7792
4909,新復興,23,0,23,國票-北投,2023-11-27,7792
2538,基泰,20,0,20,國票-北投,2023-11-27,7792
6282,康舒,21,2,19,國票-北投,2023-11-27,7792
3231,緯創,17,1,16,國票-北投,2023-11-27,7792
00919,群益台灣精選高息,16,1,15,國票-北投,2023-11-27,7792
0056,元大高股息,10,0,10,國票-北投,2023-11-27,7792
00715L,期街口布蘭特正2,10,0,10,國票-北投,2023-11-27,7792
2356,英業達,12,2,10,國票-北投,2023-11-27,7792
5222,全訊,11,1,10,國票-北投,2023-11-27,7792
5426,振發,10,0,10,國票-北投,2023-11-27,7792
6244,茂迪,10,0,10,國票-北投,2023-11-27,7792
6901,鑽石投資,11,1,10,國票-北投,2023-11-27,7792
2382,廣達,10,0,10,國票-北投,2023-11-27,7792
2405,輔信,24,15,9,國票-北投,2023-11-27,7792
4167,松瑞藥,11,2,9,國票-北投,2023-11-27,7792
2352,佳世達,10,2,8,國票-北投,2023-11-27,7792
2427,三商電,8,0,8,國票-北投,2023-11-27,7792
2801,彰銀,7,0,7,國票-北投,2023-11-27,7792
2610,華航,7,0,7,國票-北投,2023-11-27,7792
2883,凱基金,9,2,7,國票-北投,2023-11-27,7792
4142,國光生,7,0,7,國票-北投,2023-11-27,7792
4906,正文,7,0,7,國票-北投,2023-11-27,7792
1603,華電,6,0,6,國票-北投,2023-11-27,7792
2609,陽明,6,0,6,國票-北投,2023-11-27,7792
2010,春源,5,0,5,國票-北投,2023-11-27,7792
2303,聯電,5,0,5,國票-北投,2023-11-27,7792
2409,友達,5,0,5,國票-北投,2023-11-27,7792
2886,兆豐金,5,0,5,國票-北投,2023-11-27,7792
3047,訊舟,5,0,5,國票-北投,2023-11-27,7792
4714,永捷,5,0,5,國票-北投,2023-11-27,7792
6245,立端,5,0,5,國票-北投,2023-11-27,7792
3693,營邦,5,0,5,國票-北投,2023-11-27,7792
1701,中化,5,1,4,國票-北投,2023-11-27,7792
2369,菱生,6,2,4,國票-北投,2023-11-27,7792
3437,榮創,9,5,4,國票-北投,2023-11-27,7792
6127,九豪,8,4,4,國票-北投,2023-11-27,7792
6415,矽力*-KY,5,1,4,國票-北投,2023-11-27,7792
00687B,國泰20年美債,3,0,3,國票-北投,2023-11-27,7792
6530,創威,3,0,3,國票-北投,2023-11-27,7792
1519,華城,5,2,3,國票-北投,2023-11-27,7792
1503,士電,5,2,3,國票-北投,2023-11-27,7792
2402,毅嘉,3,0,3,國票-北投,2023-11-27,7792
2498,宏達電,11,8,3,國票-北投,2023-11-27,7792
2630,亞航,5,2,3,國票-北投,2023-11-27,7792
2634,漢翔,6,3,3,國票-北投,2023-11-27,7792
3017,奇鋐,5,2,3,國票-北投,2023-11-27,7792
1513,中興電,81,9,72,國票-北投,2023-11-28,7792
00919,群益台灣精選高息,28,0,28,國票-北投,2023-11-28,7792
00885,富邦越南,21,0,21,國票-北投,2023-11-28,7792
6191,精成科,40,20,20,國票-北投,2023-11-28,7792
2363,矽統,27,12,15,國票-北投,2023-11-28,7792
2330,台積電,14,0,14,國票-北投,2023-11-28,7792
8150,南茂,13,0,13,國票-北投,2023-11-28,7792
2323,中環,12,0,12,國票-北投,2023-11-28,7792
6282,康舒,11,0,11,國票-北投,2023-11-28,7792
2412,中華電,10,0,10,國票-北投,2023-11-28,7792
2353,宏��,30,20,10,國票-北投,2023-11-28,7792
2838,聯邦銀,10,0,10,國票-北投,2023-11-28,7792
8046,南電,9,0,9,國票-北投,2023-11-28,7792
2606,裕民,19,11,8,國票-北投,2023-11-28,7792
2382,廣達,22,14,8,國票-北投,2023-11-28,7792
00637L,元大滬深300正2,42,35,7,國票-北投,2023-11-28,7792
2630,亞航,7,0,7,國票-北投,2023-11-28,7792
3147,大綜,7,0,7,國票-北投,2023-11-28,7792
1785,光洋科,6,0,6,國票-北投,2023-11-28,7792
4114,健喬,14,8,6,國票-北投,2023-11-28,7792
4909,新復興,6,0,6,國票-北投,2023-11-28,7792
2317,鴻海,10,4,6,國票-北投,2023-11-28,7792
1732,毛寶,8,3,5,國票-北投,2023-11-28,7792
00664R,國泰臺灣加權反1,5,0,5,國票-北投,2023-11-28,7792
00922,國泰台灣領袖50,5,0,5,國票-北投,2023-11-28,7792
2356,英業達,7,2,5,國票-北投,2023-11-28,7792
3373,熱映,5,0,5,國票-北投,2023-11-28,7792
3702,大聯大,5,0,5,國票-北投,2023-11-28,7792
4162,智擎,5,0,5,國票-北投,2023-11-28,7792
4164,承業醫,5,0,5,國票-北投,2023-11-28,7792
2303,聯電,4,0,4,國票-北投,2023-11-28,7792
5347,世界,4,0,4,國票-北投,2023-11-28,7792
1503,士電,4,0,4,國票-北投,2023-11-28,7792
2472,立隆電,6,2,4,國票-北投,2023-11-28,7792
3491,昇達科,4,0,4,國票-北投,2023-11-28,7792
3587,閎康,4,0,4,國票-北投,2023-11-28,7792
4919,新唐,8,4,4,國票-北投,2023-11-28,7792
4961,天鈺,4,0,4,國票-北投,2023-11-28,7792
5351,鈺創,6,2,4,國票-北投,2023-11-28,7792
00907,永豐優息存股,3,0,3,國票-北投,2023-11-28,7792
1504,東元,4,1,3,國票-北投,2023-11-28,7792
2316,楠梓電,3,0,3,國票-北投,2023-11-28,7792
2618,長榮航,5,2,3,國票-北投,2023-11-28,7792
3036,文曄,3,0,3,國票-北投,2023-11-28,7792
3588,通嘉,4,1,3,國票-北投,2023-11-28,7792
4128,中天,3,0,3,國票-北投,2023-11-28,7792
6196,帆宣,3,0,3,國票-北投,2023-11-28,7792
6451,訊芯-KY,3,0,3,國票-北投,2023-11-28,7792
8358,金居,3,0,3,國票-北投,2023-11-28,7792
9919,康那香,7,4,3,國票-北投,2023-11-28,7792
2485,兆赫,49,1,48,國票-北投,2023-11-29,7792
00637L,元大滬深300正2,60,20,40,國票-北投,2023-11-29,7792
4973,廣穎,26,1,25,國票-北投,2023-11-29,7792
4909,新復興,22,0,22,國票-北投,2023-11-29,7792
2618,長榮航,27,10,17,國票-北投,2023-11-29,7792
1603,華電,15,0,15,國票-北投,2023-11-29,7792
2812,台中銀,15,0,15,國票-北投,2023-11-29,7792
9919,康那香,15,0,15,國票-北投,2023-11-29,7792
2801,彰銀,12,0,12,國票-北投,2023-11-29,7792
2303,聯電,14,2,12,國票-北投,2023-11-29,7792
5471,松翰,12,0,12,國票-北投,2023-11-29,7792
00885,富邦越南,11,0,11,國票-北投,2023-11-29,7792
3036,文曄,12,1,11,國票-北投,2023-11-29,7792
00712,復華富時不動產,10,0,10,國票-北投,2023-11-29,7792
2607,榮運,10,0,10,國票-北投,2023-11-29,7792
4121,優盛,10,0,10,國票-北投,2023-11-29,7792
4906,正文,10,0,10,國票-北投,2023-11-29,7792
3105,穩懋,10,1,9,國票-北投,2023-11-29,7792
1513,中興電,10,1,9,國票-北投,2023-11-29,7792
3706,神達,41,32,9,國票-北投,2023-11-29,7792
6129,普誠,12,3,9,國票-北投,2023-11-29,7792
8261,富鼎,10,1,9,國票-北投,2023-11-29,7792
2472,立隆電,11,2,9,國票-北投,2023-11-29,7792
8054,安國,10,2,8,國票-北投,2023-11-29,7792
2419,仲琦,10,2,8,國票-北投,2023-11-29,7792
3372,典範,14,6,8,國票-北投,2023-11-29,7792
2610,華航,7,0,7,國票-北投,2023-11-29,7792
3051,力特,7,0,7,國票-北投,2023-11-29,7792
3450,聯鈞,7,0,7,國票-北投,2023-11-29,7792
1503,士電,6,0,6,國票-北投,2023-11-29,7792
2888,新光金,11,5,6,國票-北投,2023-11-29,7792
3624,光頡,9,3,6,國票-北投,2023-11-29,7792
9962,有益,6,0,6,國票-北投,2023-11-29,7792
1584,精剛,5,0,5,國票-北投,2023-11-29,7792
00882,中信中國高股息,5,0,5,國票-北投,2023-11-29,7792
00864B,中信美國公債0-1,5,0,5,國票-北投,2023-11-29,7792
1605,華新,5,0,5,國票-北投,2023-11-29,7792
2250,IKKA-KY,5,0,5,國票-北投,2023-11-29,7792
2317,鴻海,5,0,5,國票-北投,2023-11-29,7792
2538,基泰,5,0,5,國票-北投,2023-11-29,7792
6209,今國光,5,0,5,國票-北投,2023-11-29,7792
6770,力積電,5,0,5,國票-北投,2023-11-29,7792
9921,巨大,5,0,5,國票-北投,2023-11-29,7792
1102,亞泥,5,0,5,國票-北投,2023-11-29,7792
2330,台積電,4,0,4,國票-北投,2023-11-29,7792
2067,嘉鋼,4,0,4,國票-北投,2023-11-29,7792
2355,敬鵬,5,1,4,國票-北投,2023-11-29,7792
2457,飛宏,35,31,4,國票-北投,2023-11-29,7792
6282,康舒,4,0,4,國票-北投,2023-11-29,7792
3231,緯創,11,7,4,國票-北投,2023-11-29,7792
6168,宏齊,80,20,60,國票-北投,2023-11-30,7792
2408,南亞科,50,2,48,國票-北投,2023-11-30,7792
3231,緯創,48,2,46,國票-北投,2023-11-30,7792
2344,華邦電,48,10,38,國票-北投,2023-11-30,7792
5351,鈺創,33,1,32,國票-北投,2023-11-30,7792
2388,威盛,33,2,31,國票-北投,2023-11-30,7792
6531,愛普*,30,0,30,國票-北投,2023-11-30,7792
8183,精星,32,2,30,國票-北投,2023-11-30,7792
4909,新復興,24,0,24,國票-北投,2023-11-30,7792
2313,華通,33,12,21,國票-北投,2023-11-30,7792
4906,正文,21,0,21,國票-北投,2023-11-30,7792
8215,明基材,21,0,21,國票-北投,2023-11-30,7792
1591,駿吉-KY,20,0,20,國票-北投,2023-11-30,7792
2353,宏��,43,23,20,國票-北投,2023-11-30,7792
00919,群益台灣精選高息,19,0,19,國票-北投,2023-11-30,7792
2883,凱基金,22,5,17,國票-北投,2023-11-30,7792
2641,正德,15,0,15,國票-北投,2023-11-30,7792
3265,台星科,13,0,13,國票-北投,2023-11-30,7792
3715,定穎投控,18,5,13,國票-北投,2023-11-30,7792
2607,榮運,12,0,12,國票-北投,2023-11-30,7792
8358,金居,11,0,11,國票-北投,2023-11-30,7792
00857B,永豐20年美公債,10,0,10,國票-北投,2023-11-30,7792
1785,光洋科,10,0,10,國票-北投,2023-11-30,7792
2867,三商壽,10,0,10,國票-北投,2023-11-30,7792
2888,新光金,10,0,10,國票-北投,2023-11-30,7792
3059,華晶科,12,2,10,國票-北投,2023-11-30,7792
5521,工信,10,0,10,國票-北投,2023-11-30,7792
6220,岳豐,10,0,10,國票-北投,2023-11-30,7792
6412,群電,10,0,10,國票-北投,2023-11-30,7792
8086,宏捷科,24,14,10,國票-北投,2023-11-30,7792
9962,有益,9,0,9,國票-北投,2023-11-30,7792
00929,復華台灣科技優息,14,5,9,國票-北投,2023-11-30,7792
6625,必應,8,0,8,國票-北投,2023-11-30,7792
5213,亞昕,8,0,8,國票-北投,2023-11-30,7792
1301,台塑,7,0,7,國票-北投,2023-11-30,7792
2329,華泰,56,49,7,國票-北投,2023-11-30,7792
2340,台亞,8,1,7,國票-北投,2023-11-30,7792
2359,所羅門,10,3,7,國票-北投,2023-11-30,7792
2820,華票,7,0,7,國票-北投,2023-11-30,7792
6160,欣技,7,0,7,國票-北投,2023-11-30,7792
0056,元大高股息,6,0,6,國票-北投,2023-11-30,7792
1477,聚陽,6,0,6,國票-北投,2023-11-30,7792
2345,智邦,6,0,6,國票-北投,2023-11-30,7792
2481,強茂,7,1,6,國票-北投,2023-11-30,7792
3013,晟銘電,11,5,6,國票-北投,2023-11-30,7792
3545,敦泰,8,2,6,國票-北投,2023-11-30,7792
8261,富鼎,10,4,6,國票-北投,2023-11-30,7792
1584,精剛,5,0,5,國票-北投,2023-11-30,7792
1605,華新,5,0,5,國票-北投,2023-11-30,7792
00934,中信成長高股息,5,0,5,國票-北投,2023-11-30,7792
2344,華邦電,86,2,84,國票-北投,2023-12-01,7792
00637L,元大滬深300正2,50,15,35,國票-北投,2023-12-01,7792
6443,元晶,30,2,28,國票-北投,2023-12-01,7792
2888,新光金,27,0,27,國票-北投,2023-12-01,7792
5222,全訊,21,0,21,國票-北投,2023-12-01,7792
6129,普誠,20,0,20,國票-北投,2023-12-01,7792
8076,伍豐,20,0,20,國票-北投,2023-12-01,7792
1513,中興電,22,4,18,國票-北投,2023-12-01,7792
2353,宏��,38,22,16,國票-北投,2023-12-01,7792
2367,燿華,31,15,16,國票-北投,2023-12-01,7792
2317,鴻海,16,0,16,國票-北投,2023-12-01,7792
4533,協易機,15,0,15,國票-北投,2023-12-01,7792
3706,神達,17,3,14,國票-北投,2023-12-01,7792
00687B,國泰20年美債,13,0,13,國票-北投,2023-12-01,7792
1301,台塑,11,0,11,國票-北投,2023-12-01,7792
6284,佳邦,11,0,11,國票-北投,2023-12-01,7792
2382,廣達,12,2,10,國票-北投,2023-12-01,7792
00857B,永豐20年美公債,10,0,10,國票-北投,2023-12-01,7792
1789,神隆,10,0,10,國票-北投,2023-12-01,7792
2427,三商電,10,0,10,國票-北投,2023-12-01,7792
4909,新復興,12,2,10,國票-北投,2023-12-01,7792
5309,系統電,10,0,10,國票-北投,2023-12-01,7792
6237,驊訊,18,8,10,國票-北投,2023-12-01,7792
3105,穩懋,10,0,10,國票-北投,2023-12-01,7792
1325,恆大,11,2,9,國票-北投,2023-12-01,7792
2889,國票金,10,1,9,國票-北投,2023-12-01,7792
1609,大亞,10,2,8,國票-北投,2023-12-01,7792
3017,奇鋐,8,0,8,國票-北投,2023-12-01,7792
3038,全台,8,0,8,國票-北投,2023-12-01,7792
2409,友達,10,3,7,國票-北投,2023-12-01,7792
6561,是方,7,0,7,國票-北投,2023-12-01,7792
2376,技嘉,6,0,6,國票-北投,2023-12-01,7792
2630,亞航,6,0,6,國票-北投,2023-12-01,7792
2883,凱基金,13,7,6,國票-北投,2023-12-01,7792
6282,康舒,6,0,6,國票-北投,2023-12-01,7792
1752,南光,5,0,5,國票-北投,2023-12-01,7792
1409,新纖,5,0,5,國票-北投,2023-12-01,7792
00715L,期街口布蘭特正2,5,0,5,國票-北投,2023-12-01,7792
00679B,元大美債20年,5,0,5,國票-北投,2023-12-01,7792
00878,國泰永續高股息,5,0,5,國票-北投,2023-12-01,7792
1611,中電,5,0,5,國票-北投,2023-12-01,7792
1529,樂事綠能,7,2,5,國票-北投,2023-12-01,7792
2408,南亞科,5,0,5,國票-北投,2023-12-01,7792
2498,宏達電,5,0,5,國票-北投,2023-12-01,7792
2516,新建,5,0,5,國票-北投,2023-12-01,7792
3481,群創,5,0,5,國票-北投,2023-12-01,7792
6271,同欣電,5,0,5,國票-北投,2023-12-01,7792
8038,長園科,5,0,5,國票-北投,2023-12-01,7792
8222,寶一,5,0,5,國票-北投,2023-12-01,7792
1605,華新,4,0,4,國票-北投,2023-12-01,7792
1718,中纖,183,0,183,國票-北投,2023-12-04,7792
4909,新復興,109,3,106,國票-北投,2023-12-04,7792
9919,康那香,65,0,65,國票-北投,2023-12-04,7792
2610,華航,41,1,40,國票-北投,2023-12-04,7792
1101,台泥,34,0,34,國票-北投,2023-12-04,7792
2399,映泰,31,0,31,國票-北投,2023-12-04,7792
2355,敬鵬,32,2,30,國票-北投,2023-12-04,7792
3706,神達,29,2,27,國票-北投,2023-12-04,7792
00637L,元大滬深300正2,25,5,20,國票-北投,2023-12-04,7792
3481,群創,30,11,19,國票-北投,2023-12-04,7792
00712,復華富時不動產,16,0,16,國票-北投,2023-12-04,7792
2618,長榮航,21,5,16,國票-北投,2023-12-04,7792
00715L,期街口布蘭特正2,16,2,14,國票-北投,2023-12-04,7792
4973,廣穎,12,0,12,國票-北投,2023-12-04,7792
6669,緯穎,12,0,12,國票-北投,2023-12-04,7792
5465,富驊,11,0,11,國票-北投,2023-12-04,7792
00933B,國泰10Y+金融債,10,0,10,國票-北投,2023-12-04,7792
2105,正新,10,0,10,國票-北投,2023-12-04,7792
2888,新光金,10,0,10,國票-北投,2023-12-04,7792
2617,台航,20,11,9,國票-北投,2023-12-04,7792
5452,佶優,10,1,9,國票-北投,2023-12-04,7792
00756B,群益投等新興公債,8,0,8,國票-北投,2023-12-04,7792
1605,華新,9,1,8,國票-北投,2023-12-04,7792
3041,揚智,10,2,8,國票-北投,2023-12-04,7792
2637,慧洋-KY,35,27,8,國票-北投,2023-12-04,7792
1708,東鹼,10,3,7,國票-北投,2023-12-04,7792
1734,杏輝,7,0,7,國票-北投,2023-12-04,7792
6180,橘子,7,0,7,國票-北投,2023-12-04,7792
00919,群益台灣精選高息,14,7,7,國票-北投,2023-12-04,7792
1905,華紙,6,0,6,國票-北投,2023-12-04,7792
2332,友訊,6,0,6,國票-北投,2023-12-04,7792
2353,宏��,6,0,6,國票-北投,2023-12-04,7792
2421,建準,6,0,6,國票-北投,2023-12-04,7792
3483,力致,6,0,6,國票-北投,2023-12-04,7792
5381,合正,6,0,6,國票-北投,2023-12-04,7792
6485,點序,6,0,6,國票-北投,2023-12-04,7792
3715,定穎投控,6,1,5,國票-北投,2023-12-04,7792
6643,M31,5,0,5,國票-北投,2023-12-04,7792
1504,東元,5,0,5,國票-北投,2023-12-04,7792
00915,凱基優選高股息30,5,0,5,國票-北投,2023-12-04,7792
2428,興勤,5,0,5,國票-北投,2023-12-04,7792
2886,兆豐金,5,0,5,國票-北投,2023-12-04,7792
3006,晶豪科,5,0,5,國票-北投,2023-12-04,7792
3317,尼克森,5,0,5,國票-北投,2023-12-04,7792
3615,安可,5,0,5,國票-北投,2023-12-04,7792
4533,協易機,6,1,5,國票-北投,2023-12-04,7792
6125,廣運,10,5,5,國票-北投,2023-12-04,7792
8096,擎亞,5,0,5,國票-北投,2023-12-04,7792
8440,綠電,5,0,5,國票-北投,2023-12-04,7792
00891,中信關鍵半導體,5,0,5,國票-北投,2023-12-04,7792
00937B,群益ESG投等債20,132,77,55,國票-北投,2023-12-05,7792
2412,中華電,50,1,49,國票-北投,2023-12-05,7792
1605,華新,36,0,36,國票-北投,2023-12-05,7792
2891,中信金,33,1,32,國票-北投,2023-12-05,7792
2349,錸德,30,0,30,國票-北投,2023-12-05,7792
5351,鈺創,30,2,28,國票-北投,2023-12-05,7792
5202,力新,27,0,27,國票-北投,2023-12-05,7792
4909,新復興,27,1,26,國票-北投,2023-12-05,7792
2356,英業達,27,2,25,國票-北投,2023-12-05,7792
3260,威剛,25,0,25,國票-北投,2023-12-05,7792
00915,凱基優選高股息30,23,0,23,國票-北投,2023-12-05,7792
3231,緯創,24,2,22,國票-北投,2023-12-05,7792
5608,四維航,25,3,22,國票-北投,2023-12-05,7792
6168,宏齊,27,5,22,國票-北投,2023-12-05,7792
3704,合勤控,22,1,21,國票-北投,2023-12-05,7792
2820,華票,20,0,20,國票-北投,2023-12-05,7792
00919,群益台灣精選高息,21,1,20,國票-北投,2023-12-05,7792
5465,富驊,25,10,15,國票-北投,2023-12-05,7792
5521,工信,15,0,15,國票-北投,2023-12-05,7792
1616,億泰,17,3,14,國票-北投,2023-12-05,7792
2601,益航,21,8,13,國票-北投,2023-12-05,7792
2641,正德,32,21,11,國票-北投,2023-12-05,7792
00878,國泰永續高股息,11,0,11,國票-北投,2023-12-05,7792
2887,台新金,10,0,10,國票-北投,2023-12-05,7792
3138,耀登,10,0,10,國票-北投,2023-12-05,7792
00905,FT臺灣Smart,9,0,9,國票-北投,2023-12-05,7792
2399,映泰,13,4,9,國票-北投,2023-12-05,7792
1752,南光,9,1,8,國票-北投,2023-12-05,7792
1720,生達,7,0,7,國票-北投,2023-12-05,7792
2363,矽統,8,1,7,國票-北投,2023-12-05,7792
3402,漢科,7,0,7,國票-北投,2023-12-05,7792
3533,嘉澤,7,0,7,國票-北投,2023-12-05,7792
2605,新興,34,28,6,國票-北投,2023-12-05,7792
3050,鈺德,11,5,6,國票-北投,2023-12-05,7792
3051,力特,6,0,6,國票-北投,2023-12-05,7792
6245,立端,6,0,6,國票-北投,2023-12-05,7792
2330,台積電,5,0,5,國票-北投,2023-12-05,7792
2382,廣達,13,8,5,國票-北投,2023-12-05,7792
2606,裕民,21,16,5,國票-北投,2023-12-05,7792
1504,東元,7,2,5,國票-北投,2023-12-05,7792
1785,光洋科,5,0,5,國票-北投,2023-12-05,7792
2211,長榮鋼,5,0,5,國票-北投,2023-12-05,7792
2355,敬鵬,12,7,5,國票-北投,2023-12-05,7792
2388,威盛,5,0,5,國票-北投,2023-12-05,7792
2476,鉅祥,5,0,5,國票-北投,2023-12-05,7792
2618,長榮航,8,3,5,國票-北投,2023-12-05,7792
2882,國泰金,5,0,5,國票-北投,2023-12-05,7792
2884,玉山金,5,0,5,國票-北投,2023-12-05,7792
3380,明泰,8,3,5,國票-北投,2023-12-05,7792
4138,曜亞,5,0,5,國票-北投,2023-12-05,7792
1503,士電,105,9,96,國票-北投,2023-12-06,7792
2344,華邦電,76,5,71,國票-北投,2023-12-06,7792
3450,聯鈞,46,6,40,國票-北投,2023-12-06,7792
00637L,元大滬深300正2,63,25,38,國票-北投,2023-12-06,7792
3050,鈺德,33,2,31,國票-北投,2023-12-06,7792
00687B,國泰20年美債,29,0,29,國票-北投,2023-12-06,7792
1605,華新,25,0,25,國票-北投,2023-12-06,7792
3260,威剛,31,6,25,國票-北投,2023-12-06,7792
2313,華通,21,1,20,國票-北投,2023-12-06,7792
2323,中環,17,0,17,國票-北投,2023-12-06,7792
3588,通嘉,25,8,17,國票-北投,2023-12-06,7792
1717,長興,14,0,14,國票-北投,2023-12-06,7792
2367,燿華,15,3,12,國票-北投,2023-12-06,7792
6485,點序,12,0,12,國票-北投,2023-12-06,7792
2610,華航,11,0,11,國票-北投,2023-12-06,7792
2641,正德,11,0,11,國票-北投,2023-12-06,7792
1460,宏遠,10,0,10,國票-北投,2023-12-06,7792
00922,國泰台灣領袖50,10,0,10,國票-北投,2023-12-06,7792
00633L,富邦上証正2,10,0,10,國票-北投,2023-12-06,7792
1718,中纖,10,0,10,國票-北投,2023-12-06,7792
3013,晟銘電,18,8,10,國票-北投,2023-12-06,7792
3019,亞光,10,0,10,國票-北投,2023-12-06,7792
3518,柏騰,10,0,10,國票-北投,2023-12-06,7792
2324,仁寶,10,1,9,國票-北投,2023-12-06,7792
2488,漢平,9,0,9,國票-北投,2023-12-06,7792
2329,華泰,15,7,8,國票-北投,2023-12-06,7792
2453,凌群,8,0,8,國票-北投,2023-12-06,7792
00715L,期街口布蘭特正2,7,0,7,國票-北投,2023-12-06,7792
1513,中興電,23,16,7,國票-北投,2023-12-06,7792
2481,強茂,6,0,6,國票-北投,2023-12-06,7792
2888,新光金,6,0,6,國票-北投,2023-12-06,7792
4924,欣厚-KY,6,0,6,國票-北投,2023-12-06,7792
1515,力山,5,0,5,國票-北投,2023-12-06,7792
00931B,統一美債20年,5,0,5,國票-北投,2023-12-06,7792
00688L,國泰20年美債正2,5,0,5,國票-北投,2023-12-06,7792
2308,台達電,5,0,5,國票-北投,2023-12-06,7792
2428,興勤,5,0,5,國票-北投,2023-12-06,7792
2498,宏達電,5,0,5,國票-北投,2023-12-06,7792
2516,新建,5,0,5,國票-北投,2023-12-06,7792
3533,嘉澤,6,1,5,國票-北投,2023-12-06,7792
4164,承業醫,5,0,5,國票-北投,2023-12-06,7792
4533,協易機,5,0,5,國票-北投,2023-12-06,7792
6108,競國,5,0,5,國票-北投,2023-12-06,7792
6284,佳邦,5,0,5,國票-北投,2023-12-06,7792
8088,品安,5,0,5,國票-北投,2023-12-06,7792
8261,富鼎,5,0,5,國票-北投,2023-12-06,7792
5347,世界,4,0,4,國票-北投,2023-12-06,7792
00877,復華中國5G,4,0,4,國票-北投,2023-12-06,7792
2605,新興,16,12,4,國票-北投,2023-12-06,7792
3715,定穎投控,13,9,4,國票-北投,2023-12-06,7792
00919,群益台灣精選高息,63,0,63,國票-北投,2023-12-07,7792
2605,新興,36,0,36,國票-北投,2023-12-07,7792
00923,群益台ESG低碳50,30,0,30,國票-北投,2023-12-07,7792
2009,第一銅,30,0,30,國票-北投,2023-12-07,7792
3518,柏騰,29,0,29,國票-北投,2023-12-07,7792
00637L,元大滬深300正2,45,20,25,國票-北投,2023-12-07,7792
2344,華邦電,68,45,23,國票-北投,2023-12-07,7792
1101,台泥,20,0,20,國票-北投,2023-12-07,7792
00687B,國泰20年美債,16,0,16,國票-北投,2023-12-07,7792
6274,台燿,16,0,16,國票-北投,2023-12-07,7792
1504,東元,19,4,15,國票-北投,2023-12-07,7792
1319,東陽,16,1,15,國票-北投,2023-12-07,7792
00929,復華台灣科技優息,15,2,13,國票-北投,2023-12-07,7792
1612,宏泰,13,0,13,國票-北投,2023-12-07,7792
2530,華建,13,0,13,國票-北投,2023-12-07,7792
2609,陽明,13,0,13,國票-北投,2023-12-07,7792
6806,森崴能源,14,1,13,國票-北投,2023-12-07,7792
3059,華晶科,12,0,12,國票-北投,2023-12-07,7792
4967,十銓,16,4,12,國票-北投,2023-12-07,7792
5210,寶碩,12,0,12,國票-北投,2023-12-07,7792
6152,百一,12,0,12,國票-北投,2023-12-07,7792
8150,南茂,13,1,12,國票-北投,2023-12-07,7792
6770,力積電,12,0,12,國票-北投,2023-12-07,7792
2204,中華,12,0,12,國票-北投,2023-12-07,7792
2834,臺企銀,10,0,10,國票-北投,2023-12-07,7792
1324,地球,10,0,10,國票-北投,2023-12-07,7792
1313,聯成,10,0,10,國票-北投,2023-12-07,7792
1718,中纖,10,0,10,國票-北投,2023-12-07,7792
2890,永豐金,10,0,10,國票-北投,2023-12-07,7792
5521,工信,10,0,10,國票-北投,2023-12-07,7792
2329,華泰,15,6,9,國票-北投,2023-12-07,7792
3019,亞光,8,0,8,國票-北投,2023-12-07,7792
00885,富邦越南,7,0,7,國票-北投,2023-12-07,7792
2353,宏��,7,0,7,國票-北投,2023-12-07,7792
2365,昆盈,8,1,7,國票-北投,2023-12-07,7792
2408,南亞科,7,0,7,國票-北投,2023-12-07,7792
3260,威剛,13,6,7,國票-北投,2023-12-07,7792
4552,力達-KY,7,0,7,國票-北投,2023-12-07,7792
6150,撼訊,15,8,7,國票-北投,2023-12-07,7792
1785,光洋科,6,0,6,國票-北投,2023-12-07,7792
2498,宏達電,17,11,6,國票-北投,2023-12-07,7792
3178,公準,6,0,6,國票-北投,2023-12-07,7792
3402,漢科,20,14,6,國票-北投,2023-12-07,7792
6235,華孚,6,0,6,國票-北投,2023-12-07,7792
6485,點序,6,0,6,國票-北投,2023-12-07,7792
6643,M31,6,0,6,國票-北投,2023-12-07,7792
8222,寶一,6,0,6,國票-北投,2023-12-07,7792
00918,大華優利高填息30,5,0,5,國票-北投,2023-12-07,7792
1611,中電,7,2,5,國票-北投,2023-12-07,7792
1815,富喬,5,0,5,國票-北投,2023-12-07,7792
00878,國泰永續高股息,478,1,477,國票-北投,2023-12-08,7792
2618,長榮航,323,59,264,國票-北投,2023-12-08,7792
00937B,群益ESG投等債20,78,1,77,國票-北投,2023-12-08,7792
00919,群益台灣精選高息,59,2,57,國票-北投,2023-12-08,7792
2363,矽統,29,0,29,國票-北投,2023-12-08,7792
3032,偉訓,31,6,25,國票-北投,2023-12-08,7792
00680L,元大美債20正2,22,0,22,國票-北投,2023-12-08,7792
1815,富喬,34,15,19,國票-北投,2023-12-08,7792
2486,一詮,14,1,13,國票-北投,2023-12-08,7792
00712,復華富時不動產,11,0,11,國票-北投,2023-12-08,7792
3231,緯創,13,3,10,國票-北投,2023-12-08,7792
3481,群創,10,0,10,國票-北投,2023-12-08,7792
1718,中纖,10,0,10,國票-北投,2023-12-08,7792
2329,華泰,38,28,10,國票-北投,2023-12-08,7792
2367,燿華,10,0,10,國票-北投,2023-12-08,7792
2890,永豐金,10,0,10,國票-北投,2023-12-08,7792
3390,旭軟,10,0,10,國票-北投,2023-12-08,7792
3704,合勤控,10,0,10,國票-北投,2023-12-08,7792
4939,亞電,10,0,10,國票-北投,2023-12-08,7792
8222,寶一,10,0,10,國票-北投,2023-12-08,7792
2605,新興,46,37,9,國票-北投,2023-12-08,7792
2317,鴻海,8,0,8,國票-北投,2023-12-08,7792
2617,台航,8,0,8,國票-北投,2023-12-08,7792
2461,光群雷,6,0,6,國票-北投,2023-12-08,7792
1301,台塑,5,0,5,國票-北投,2023-12-08,7792
2472,立隆電,5,0,5,國票-北投,2023-12-08,7792
2888,新光金,5,0,5,國票-北投,2023-12-08,7792
5425,台半,5,0,5,國票-北投,2023-12-08,7792
5471,松翰,5,0,5,國票-北投,2023-12-08,7792
5521,工信,15,10,5,國票-北投,2023-12-08,7792
8215,明基材,5,0,5,國票-北投,2023-12-08,7792
9928,中視,5,0,5,國票-北投,2023-12-08,7792
00882,中信中國高股息,4,0,4,國票-北投,2023-12-08,7792
2520,冠德,4,0,4,國票-北投,2023-12-08,7792
3013,晟銘電,6,2,4,國票-北投,2023-12-08,7792
6101,寬魚國際,4,0,4,國票-北投,2023-12-08,7792
6245,立端,5,1,4,國票-北投,2023-12-08,7792
8261,富鼎,15,11,4,國票-北投,2023-12-08,7792
1216,統一,3,0,3,國票-北投,2023-12-08,7792
00751B,元大AAA至A公司債,3,0,3,國票-北投,2023-12-08,7792
00715L,期街口布蘭特正2,38,35,3,國票-北投,2023-12-08,7792
1609,大亞,5,2,3,國票-北投,2023-12-08,7792
1618,合機,11,8,3,國票-北投,2023-12-08,7792
2314,台揚,3,0,3,國票-北投,2023-12-08,7792
2413,環科,5,2,3,國票-北投,2023-12-08,7792
2748,雲品,3,0,3,國票-北投,2023-12-08,7792
2882,國泰金,4,1,3,國票-北投,2023-12-08,7792
3669,圓展,3,0,3,國票-北投,2023-12-08,7792
6233,旺玖,8,5,3,國票-北投,2023-12-08,7792
6442,光聖,3,0,3,國票-北投,2023-12-08,7792
6282,康舒,103,2,101,國票-北投,2023-12-11,7792
00937B,群益ESG投等債20,58,0,58,國票-北投,2023-12-11,7792
2891,中信金,51,1,50,國票-北投,2023-12-11,7792
3711,日月光投控,50,0,50,國票-北投,2023-12-11,7792
3543,州巧,40,0,40,國票-北投,2023-12-11,7792
4909,新復興,34,6,28,國票-北投,2023-12-11,7792
3450,聯鈞,75,50,25,國票-北投,2023-12-11,7792
3704,合勤控,37,12,25,國票-北投,2023-12-11,7792
6015,宏遠證,20,0,20,國票-北投,2023-12-11,7792
1584,精剛,20,1,19,國票-北投,2023-12-11,7792
00680L,元大美債20正2,15,0,15,國票-北投,2023-12-11,7792
2399,映泰,16,1,15,國票-北投,2023-12-11,7792
00882,中信中國高股息,13,0,13,國票-北投,2023-12-11,7792
2605,新興,17,4,13,國票-北投,2023-12-11,7792
1101,台泥,12,0,12,國票-北投,2023-12-11,7792
2615,萬海,21,9,12,國票-北投,2023-12-11,7792
2801,彰銀,12,0,12,國票-北投,2023-12-11,7792
6285,啟��,15,3,12,國票-北投,2023-12-11,7792
4906,正文,11,0,11,國票-北投,2023-12-11,7792
2356,英業達,12,1,11,國票-北投,2023-12-11,7792
2884,玉山金,11,1,10,國票-北投,2023-12-11,7792
1466,聚隆,10,0,10,國票-北投,2023-12-11,7792
2388,威盛,19,9,10,國票-北投,2023-12-11,7792
2897,王道銀行,10,0,10,國票-北投,2023-12-11,7792
3402,漢科,10,0,10,國票-北投,2023-12-11,7792
3374,精材,9,0,9,國票-北投,2023-12-11,7792
3078,僑威,9,1,8,國票-北投,2023-12-11,7792
4162,智擎,8,0,8,國票-北投,2023-12-11,7792
00931B,統一美債20年,7,0,7,國票-北投,2023-12-11,7792
2402,毅嘉,9,2,7,國票-北投,2023-12-11,7792
4958,臻鼎-KY,7,0,7,國票-北投,2023-12-11,7792
2002,中鋼,6,0,6,國票-北投,2023-12-11,7792
2354,鴻準,6,0,6,國票-北投,2023-12-11,7792
2618,長榮航,6,0,6,國票-北投,2023-12-11,7792
3518,柏騰,6,0,6,國票-北投,2023-12-11,7792
00919,群益台灣精選高息,7,1,6,國票-北投,2023-12-11,7792
2488,漢平,5,0,5,國票-北投,2023-12-11,7792
1528,恩德,5,0,5,國票-北投,2023-12-11,7792
1319,東陽,6,1,5,國票-北投,2023-12-11,7792
00929,復華台灣科技優息,13,8,5,國票-北投,2023-12-11,7792
2317,鴻海,6,1,5,國票-北投,2023-12-11,7792
2609,陽明,13,8,5,國票-北投,2023-12-11,7792
3051,力特,5,0,5,國票-北投,2023-12-11,7792
3479,安勤,5,0,5,國票-北投,2023-12-11,7792
3607,谷崧,5,0,5,國票-北投,2023-12-11,7792
6120,達運,5,0,5,國票-北投,2023-12-11,7792
6504,南六,5,0,5,國票-北投,2023-12-11,7792
9924,福興,5,0,5,國票-北投,2023-12-11,7792
2530,華建,4,0,4,國票-北投,2023-12-11,7792
2883,凱基金,5,1,4,國票-北投,2023-12-11,7792
00929,復華台灣科技優息,232,6,226,國票-北投,2023-12-12,7792
8011,台通,180,1,179,國票-北投,2023-12-12,7792
6168,宏齊,44,1,43,國票-北投,2023-12-12,7792
3019,亞光,51,17,34,國票-北投,2023-12-12,7792
2641,正德,34,1,33,國票-北投,2023-12-12,7792
3481,群創,37,5,32,國票-北投,2023-12-12,7792
2436,偉詮電,31,0,31,國票-北投,2023-12-12,7792
9105,泰金寶-DR,25,0,25,國票-北投,2023-12-12,7792
00919,群益台灣精選高息,34,9,25,國票-北投,2023-12-12,7792
4909,新復興,26,2,24,國票-北投,2023-12-12,7792
5521,工信,35,12,23,國票-北投,2023-12-12,7792
00937B,群益ESG投等債20,25,3,22,國票-北投,2023-12-12,7792
1324,地球,21,0,21,國票-北投,2023-12-12,7792
2406,國碩,20,0,20,國票-北投,2023-12-12,7792
2820,華票,20,0,20,國票-北投,2023-12-12,7792
5351,鈺創,20,2,18,國票-北投,2023-12-12,7792
2618,長榮航,17,0,17,國票-北投,2023-12-12,7792
4908,前鼎,16,0,16,國票-北投,2023-12-12,7792
2888,新光金,19,4,15,國票-北投,2023-12-12,7792
3260,威剛,12,0,12,國票-北投,2023-12-12,7792
8096,擎亞,13,1,12,國票-北投,2023-12-12,7792
1301,台塑,11,0,11,國票-北投,2023-12-12,7792
00751B,元大AAA至A公司債,10,0,10,國票-北投,2023-12-12,7792
00632R,元大台灣50反1,10,0,10,國票-北投,2023-12-12,7792
2885,元大金,10,0,10,國票-北投,2023-12-12,7792
3138,耀登,10,0,10,國票-北投,2023-12-12,7792
3231,緯創,11,1,10,國票-北投,2023-12-12,7792
2002,中鋼,10,1,9,國票-北投,2023-12-12,7792
3032,偉訓,8,0,8,國票-北投,2023-12-12,7792
3025,星通,8,1,7,國票-北投,2023-12-12,7792
2409,友達,7,0,7,國票-北投,2023-12-12,7792
2615,萬海,12,5,7,國票-北投,2023-12-12,7792
6561,是方,7,0,7,國票-北投,2023-12-12,7792
2419,仲琦,18,11,7,國票-北投,2023-12-12,7792
2383,台光電,6,0,6,國票-北投,2023-12-12,7792
2449,京元電子,10,4,6,國票-北投,2023-12-12,7792
3622,洋華,7,1,6,國票-北投,2023-12-12,7792
4533,協易機,6,0,6,國票-北投,2023-12-12,7792
6485,點序,6,0,6,國票-北投,2023-12-12,7792
8213,志超,6,0,6,國票-北投,2023-12-12,7792
2382,廣達,7,2,5,國票-北投,2023-12-12,7792
1514,亞力,11,6,5,國票-北投,2023-12-12,7792
2105,正新,5,0,5,國票-北投,2023-12-12,7792
2360,致茂,5,0,5,國票-北投,2023-12-12,7792
4958,臻鼎-KY,5,0,5,國票-北投,2023-12-12,7792
4967,十銓,6,1,5,國票-北投,2023-12-12,7792
8996,高力,5,0,5,國票-北投,2023-12-12,7792
1603,華電,7,2,5,國票-北投,2023-12-12,7792
1503,士電,4,0,4,國票-北投,2023-12-12,7792
00679B,元大美債20年,5,1,4,國票-北投,2023-12-12,7792
2002,中鋼,96,5,91,國票-北投,2023-12-13,7792
00919,群益台灣精選高息,59,2,57,國票-北投,2023-12-13,7792
00637L,元大滬深300正2,57,25,32,國票-北投,2023-12-13,7792
2515,中工,88,57,31,國票-北投,2023-12-13,7792
6168,宏齊,49,23,26,國票-北投,2023-12-13,7792
1815,富喬,27,4,23,國票-北投,2023-12-13,7792
3287,廣寰科,19,0,19,國票-北投,2023-12-13,7792
00918,大華優利高填息30,15,0,15,國票-北投,2023-12-13,7792
3231,緯創,31,16,15,國票-北投,2023-12-13,7792
5309,系統電,15,0,15,國票-北投,2023-12-13,7792
00937B,群益ESG投等債20,14,0,14,國票-北投,2023-12-13,7792
2376,技嘉,22,9,13,國票-北投,2023-12-13,7792
1584,精剛,12,0,12,國票-北投,2023-12-13,7792
3047,訊舟,12,0,12,國票-北投,2023-12-13,7792
6139,亞翔,20,10,10,國票-北投,2023-12-13,7792
00687B,國泰20年美債,20,10,10,國票-北投,2023-12-13,7792
00715L,期街口布蘭特正2,10,0,10,國票-北投,2023-12-13,7792
2609,陽明,10,0,10,國票-北投,2023-12-13,7792
3105,穩懋,10,0,10,國票-北投,2023-12-13,7792
4702,中美實,10,0,10,國票-北投,2023-12-13,7792
5328,華容,10,0,10,國票-北投,2023-12-13,7792
3706,神達,20,10,10,國票-北投,2023-12-13,7792
00915,凱基優選高股息30,9,0,9,國票-北投,2023-12-13,7792
2338,光罩,10,1,9,國票-北投,2023-12-13,7792
3362,先進光,15,7,8,國票-北投,2023-12-13,7792
3711,日月光投控,10,2,8,國票-北投,2023-12-13,7792
00933B,國泰10Y+金融債,7,0,7,國票-北投,2023-12-13,7792
3481,群創,11,5,6,國票-北投,2023-12-13,7792
1708,東鹼,6,0,6,國票-北投,2023-12-13,7792
2495,普安,6,0,6,國票-北投,2023-12-13,7792
3050,鈺德,6,0,6,國票-北投,2023-12-13,7792
3380,明泰,7,1,6,國票-北投,2023-12-13,7792
4167,松瑞藥,6,0,6,國票-北投,2023-12-13,7792
6282,康舒,6,0,6,國票-北投,2023-12-13,7792
1319,東陽,10,5,5,國票-北投,2023-12-13,7792
00857B,永豐20年美公債,5,0,5,國票-北投,2023-12-13,7792
1612,宏泰,5,0,5,國票-北投,2023-12-13,7792
2393,億光,5,0,5,國票-北投,2023-12-13,7792
2464,盟立,5,0,5,國票-北投,2023-12-13,7792
3041,揚智,15,10,5,國票-北投,2023-12-13,7792
3078,僑威,5,0,5,國票-北投,2023-12-13,7792
3234,光環,5,0,5,國票-北投,2023-12-13,7792
6516,勤崴國際,5,0,5,國票-北投,2023-12-13,7792
6668,中揚光,7,2,5,國票-北投,2023-12-13,7792
8358,金居,5,0,5,國票-北投,2023-12-13,7792
3017,奇鋐,6,1,5,國票-北投,2023-12-13,7792
00633L,富邦上証正2,4,0,4,國票-北投,2023-12-13,7792
2425,承啟,8,4,4,國票-北投,2023-12-13,7792
2891,中信金,10,6,4,國票-北投,2023-12-13,7792
3036,文曄,5,1,4,國票-北投,2023-12-13,7792
00632R,元大台灣50反1,235,0,235,國票-北投,2023-12-14,7792
6282,康舒,103,0,103,國票-北投,2023-12-14,7792
2605,新興,100,35,65,國票-北投,2023-12-14,7792
00919,群益台灣精選高息,68,11,57,國票-北投,2023-12-14,7792
3706,神達,51,1,50,國票-北投,2023-12-14,7792
3362,先進光,34,6,28,國票-北投,2023-12-14,7792
2883,凱基金,26,3,23,國票-北投,2023-12-14,7792
6770,力積電,23,1,22,國票-北投,2023-12-14,7792
2313,華通,112,91,21,國票-北投,2023-12-14,7792
2436,偉詮電,15,0,15,國票-北投,2023-12-14,7792
2610,華航,25,10,15,國票-北投,2023-12-14,7792
3380,明泰,13,0,13,國票-北投,2023-12-14,7792
2329,華泰,15,3,12,國票-北投,2023-12-14,7792
00664R,國泰臺灣加權反1,10,0,10,國票-北投,2023-12-14,7792
00901,永豐智能車供應鏈,10,0,10,國票-北投,2023-12-14,7792
2358,廷鑫,10,0,10,國票-北投,2023-12-14,7792
2374,佳能,40,30,10,國票-北投,2023-12-14,7792
2387,精元,12,2,10,國票-北投,2023-12-14,7792
2481,強茂,12,2,10,國票-北投,2023-12-14,7792
3045,台灣大,10,0,10,國票-北投,2023-12-14,7792
8163,達方,10,0,10,國票-北投,2023-12-14,7792
2615,萬海,13,3,10,國票-北投,2023-12-14,7792
1314,中石化,15,6,9,國票-北投,2023-12-14,7792
00888,永豐台灣ESG,10,1,9,國票-北投,2023-12-14,7792
3715,定穎投控,12,3,9,國票-北投,2023-12-14,7792
3231,緯創,24,16,8,國票-北投,2023-12-14,7792
3094,聯傑,10,2,8,國票-北投,2023-12-14,7792
6805,富世達,7,0,7,國票-北投,2023-12-14,7792
1513,中興電,7,0,7,國票-北投,2023-12-14,7792
2344,華邦電,12,5,7,國票-北投,2023-12-14,7792
2425,承啟,7,0,7,國票-北投,2023-12-14,7792
1514,亞力,10,4,6,國票-北投,2023-12-14,7792
2367,燿華,13,7,6,國票-北投,2023-12-14,7792
2419,仲琦,9,3,6,國票-北投,2023-12-14,7792
3518,柏騰,6,0,6,國票-北投,2023-12-14,7792
5515,建國,6,0,6,國票-北投,2023-12-14,7792
00929,復華台灣科技優息,11,6,5,國票-北投,2023-12-14,7792
4933,友輝,5,0,5,國票-北投,2023-12-14,7792
6561,是方,5,0,5,國票-北投,2023-12-14,7792
8034,榮群,5,0,5,國票-北投,2023-12-14,7792
8112,至上,5,0,5,國票-北投,2023-12-14,7792
9105,泰金寶-DR,5,0,5,國票-北投,2023-12-14,7792
00900,富邦特選高股息30,6,1,5,國票-北投,2023-12-14,7792
00891,中信關鍵半導體,4,0,4,國票-北投,2023-12-14,7792
1227,佳格,4,0,4,國票-北投,2023-12-14,7792
2365,昆盈,9,5,4,國票-北投,2023-12-14,7792
2472,立隆電,12,9,3,國票-北投,2023-12-14,7792
2609,陽明,3,0,3,國票-北投,2023-12-14,7792
2634,漢翔,3,0,3,國票-北投,2023-12-14,7792
2702,華園,3,0,3,國票-北投,2023-12-14,7792
2402,毅嘉,74,8,66,國票-北投,2023-12-15,7792
00919,群益台灣精選高息,75,18,57,國票-北投,2023-12-15,7792
2363,矽統,117,73,44,國票-北投,2023-12-15,7792
6485,點序,40,0,40,國票-北投,2023-12-15,7792
9919,康那香,40,0,40,國票-北投,2023-12-15,7792
2374,佳能,50,12,38,國票-北投,2023-12-15,7792
2356,英業達,110,74,36,國票-北投,2023-12-15,7792
00637L,元大滬深300正2,86,56,30,國票-北投,2023-12-15,7792
00918,大華優利高填息30,28,0,28,國票-北投,2023-12-15,7792
00929,復華台灣科技優息,37,12,25,國票-北投,2023-12-15,7792
6257,矽格,23,1,22,國票-北投,2023-12-15,7792
1101,台泥,20,0,20,國票-北投,2023-12-15,7792
00915,凱基優選高股息30,20,0,20,國票-北投,2023-12-15,7792
5351,鈺創,22,2,20,國票-北投,2023-12-15,7792
8255,朋程,20,0,20,國票-北投,2023-12-15,7792
00900,富邦特選高股息30,18,1,17,國票-北投,2023-12-15,7792
1314,中石化,15,0,15,國票-北投,2023-12-15,7792
1517,利奇,15,0,15,國票-北投,2023-12-15,7792
3041,揚智,24,9,15,國票-北投,2023-12-15,7792
2615,萬海,17,3,14,國票-北投,2023-12-15,7792
5521,工信,15,1,14,國票-北投,2023-12-15,7792
2436,偉詮電,13,0,13,國票-北投,2023-12-15,7792
8112,至上,14,1,13,國票-北投,2023-12-15,7792
2387,精元,11,0,11,國票-北投,2023-12-15,7792
2618,長榮航,21,10,11,國票-北投,2023-12-15,7792
3715,定穎投控,12,2,10,國票-北投,2023-12-15,7792
1466,聚隆,10,0,10,國票-北投,2023-12-15,7792
00706L,期元大S＆P日圓正2,10,0,10,國票-北投,2023-12-15,7792
3362,先進光,11,1,10,國票-北投,2023-12-15,7792
4119,旭富,10,0,10,國票-北投,2023-12-15,7792
4919,新唐,10,0,10,國票-北投,2023-12-15,7792
5880,合庫金,10,0,10,國票-北投,2023-12-15,7792
9904,寶成,10,0,10,國票-北投,2023-12-15,7792
2382,廣達,10,1,9,國票-北投,2023-12-15,7792
6668,中揚光,9,0,9,國票-北投,2023-12-15,7792
8936,國統,12,3,9,國票-北投,2023-12-15,7792
9940,信義,9,0,9,國票-北投,2023-12-15,7792
00937B,群益ESG投等債20,35,27,8,國票-北投,2023-12-15,7792
4909,新復興,8,0,8,國票-北投,2023-12-15,7792
2401,凌陽,7,0,7,國票-北投,2023-12-15,7792
1503,士電,10,4,6,國票-北投,2023-12-15,7792
3518,柏騰,6,0,6,國票-北投,2023-12-15,7792
4138,曜亞,6,0,6,國票-北投,2023-12-15,7792
5608,四維航,6,0,6,國票-北投,2023-12-15,7792
1447,力鵬,5,0,5,國票-北投,2023-12-15,7792
00923,群益台ESG低碳50,5,0,5,國票-北投,2023-12-15,7792
2476,鉅祥,5,0,5,國票-北投,2023-12-15,7792
3437,榮創,11,6,5,國票-北投,2023-12-15,7792
3587,閎康,5,0,5,國票-北投,2023-12-15,7792
4164,承業醫,5,0,5,國票-北投,2023-12-15,7792
2609,陽明,717,52,665,國票-北投,2023-12-18,7792
9105,泰金寶-DR,80,2,78,國票-北投,2023-12-18,7792
00937B,群益ESG投等債20,40,0,40,國票-北投,2023-12-18,7792
2618,長榮航,36,0,36,國票-北投,2023-12-18,7792
3260,威剛,32,0,32,國票-北投,2023-12-18,7792
2356,英業達,36,5,31,國票-北投,2023-12-18,7792
2820,華票,26,0,26,國票-北投,2023-12-18,7792
2485,兆赫,25,0,25,國票-北投,2023-12-18,7792
9962,有益,23,0,23,國票-北投,2023-12-18,7792
00795B,中信美國公債20年,20,0,20,國票-北投,2023-12-18,7792
2834,臺企銀,20,0,20,國票-北投,2023-12-18,7792
3715,定穎投控,20,0,20,國票-北投,2023-12-18,7792
6485,點序,20,0,20,國票-北投,2023-12-18,7792
6830,汎銓,20,0,20,國票-北投,2023-12-18,7792
3105,穩懋,20,1,19,國票-北投,2023-12-18,7792
4167,松瑞藥,20,1,19,國票-北投,2023-12-18,7792
00929,復華台灣科技優息,24,5,19,國票-北投,2023-12-18,7792
6561,是方,19,1,18,國票-北投,2023-12-18,7792
00933B,國泰10Y+金融債,17,0,17,國票-北投,2023-12-18,7792
2882,國泰金,16,0,16,國票-北投,2023-12-18,7792
00637L,元大滬深300正2,35,20,15,國票-北投,2023-12-18,7792
5425,台半,16,1,15,國票-北投,2023-12-18,7792
6274,台燿,15,1,14,國票-北投,2023-12-18,7792
5351,鈺創,13,0,13,國票-北投,2023-12-18,7792
2204,中華,12,0,12,國票-北投,2023-12-18,7792
2913,農林,11,0,11,國票-北投,2023-12-18,7792
3094,聯傑,11,0,11,國票-北投,2023-12-18,7792
6284,佳邦,11,0,11,國票-北投,2023-12-18,7792
2605,新興,10,0,10,國票-北投,2023-12-18,7792
3587,閎康,10,0,10,國票-北投,2023-12-18,7792
00712,復華富時不動產,8,0,8,國票-北投,2023-12-18,7792
4766,南寶,8,0,8,國票-北投,2023-12-18,7792
1503,士電,8,1,7,國票-北投,2023-12-18,7792
2023,燁輝,8,1,7,國票-北投,2023-12-18,7792
2637,慧洋-KY,7,0,7,國票-北投,2023-12-18,7792
6742,澤米,7,0,7,國票-北投,2023-12-18,7792
00919,群益台灣精選高息,21,14,7,國票-北投,2023-12-18,7792
00934,中信成長高股息,6,0,6,國票-北投,2023-12-18,7792
1584,精剛,6,0,6,國票-北投,2023-12-18,7792
3051,力特,6,0,6,國票-北投,2023-12-18,7792
3217,優群,6,0,6,國票-北投,2023-12-18,7792
3518,柏騰,6,0,6,國票-北投,2023-12-18,7792
4931,新盛力,6,0,6,國票-北投,2023-12-18,7792
5608,四維航,7,1,6,國票-北投,2023-12-18,7792
6182,合晶,7,1,6,國票-北投,2023-12-18,7792
3017,奇鋐,5,0,5,國票-北投,2023-12-18,7792
00679B,元大美債20年,5,0,5,國票-北投,2023-12-18,7792
2476,鉅祥,5,0,5,國票-北投,2023-12-18,7792
5469,瀚宇博,11,6,5,國票-北投,2023-12-18,7792
5521,工信,11,6,5,國票-北投,2023-12-18,7792
9919,康那香,31,0,31,國票-北投,2023-12-19,7792
00885,富邦越南,31,0,31,國票-北投,2023-12-19,7792
00929,復華台灣科技優息,29,0,29,國票-北投,2023-12-19,7792
2615,萬海,44,19,25,國票-北投,2023-12-19,7792
00919,群益台灣精選高息,36,12,24,國票-北投,2023-12-19,7792
3260,威剛,26,2,24,國票-北投,2023-12-19,7792
2356,英業達,36,14,22,國票-北投,2023-12-19,7792
00679B,元大美債20年,21,0,21,國票-北投,2023-12-19,7792
3543,州巧,20,0,20,國票-北投,2023-12-19,7792
4157,太景*-KY,20,0,20,國票-北投,2023-12-19,7792
8076,伍豐,18,0,18,國票-北投,2023-12-19,7792
2409,友達,14,0,14,國票-北投,2023-12-19,7792
3518,柏騰,12,0,12,國票-北投,2023-12-19,7792
2634,漢翔,21,10,11,國票-北投,2023-12-19,7792
00931B,統一美債20年,11,0,11,國票-北投,2023-12-19,7792
3264,欣銓,11,0,11,國票-北投,2023-12-19,7792
6485,點序,11,0,11,國票-北投,2023-12-19,7792
3715,定穎投控,25,15,10,國票-北投,2023-12-19,7792
1609,大亞,10,0,10,國票-北投,2023-12-19,7792
00921,兆豐龍頭等權重,10,0,10,國票-北投,2023-12-19,7792
4167,松瑞藥,16,6,10,國票-北投,2023-12-19,7792
2002,中鋼,15,6,9,國票-北投,2023-12-19,7792
2031,新光鋼,21,12,9,國票-北投,2023-12-19,7792
2891,中信金,10,1,9,國票-北投,2023-12-19,7792
6561,是方,9,0,9,國票-北投,2023-12-19,7792
2324,仁寶,10,2,8,國票-北投,2023-12-19,7792
2367,燿華,8,0,8,國票-北投,2023-12-19,7792
4915,致伸,8,0,8,國票-北投,2023-12-19,7792
2382,廣達,23,16,7,國票-北投,2023-12-19,7792
00637L,元大滬深300正2,17,10,7,國票-北投,2023-12-19,7792
1513,中興電,8,1,7,國票-北投,2023-12-19,7792
2344,華邦電,7,0,7,國票-北投,2023-12-19,7792
5426,振發,7,1,6,國票-北投,2023-12-19,7792
5469,瀚宇博,6,0,6,國票-北投,2023-12-19,7792
6156,松上,10,4,6,國票-北投,2023-12-19,7792
1503,士電,6,1,5,國票-北投,2023-12-19,7792
2014,中鴻,21,16,5,國票-北投,2023-12-19,7792
2028,威致,5,0,5,國票-北投,2023-12-19,7792
2308,台達電,5,0,5,國票-北投,2023-12-19,7792
4164,承業醫,5,0,5,國票-北投,2023-12-19,7792
8112,至上,6,1,5,國票-北投,2023-12-19,7792
3105,穩懋,5,1,4,國票-北投,2023-12-19,7792
6285,啟��,4,0,4,國票-北投,2023-12-19,7792
2329,華泰,4,0,4,國票-北投,2023-12-19,7792
2376,技嘉,14,10,4,國票-北投,2023-12-19,7792
3362,先進光,13,9,4,國票-北投,2023-12-19,7792
4919,新唐,4,0,4,國票-北投,2023-12-19,7792
5347,世界,4,0,4,國票-北投,2023-12-19,7792
5608,四維航,4,0,4,國票-北投,2023-12-19,7792
8150,南茂,4,0,4,國票-北投,2023-12-19,7792
00937B,群益ESG投等債20,50,0,50,國票-北投,2023-12-20,7792
2069,運錩,40,0,40,國票-北投,2023-12-20,7792
2891,中信金,34,0,34,國票-北投,2023-12-20,7792
2610,華航,24,0,24,國票-北投,2023-12-20,7792
2038,海光,20,1,19,國票-北投,2023-12-20,7792
6168,宏齊,20,2,18,國票-北投,2023-12-20,7792
5521,工信,20,3,17,國票-北投,2023-12-20,7792
2356,英業達,137,121,16,國票-北投,2023-12-20,7792
2344,華邦電,21,6,15,國票-北投,2023-12-20,7792
4119,旭富,15,0,15,國票-北投,2023-12-20,7792
2419,仲琦,14,0,14,國票-北投,2023-12-20,7792
00919,群益台灣精選高息,14,0,14,國票-北投,2023-12-20,7792
8112,至上,13,0,13,國票-北投,2023-12-20,7792
2303,聯電,14,1,13,國票-北投,2023-12-20,7792
2007,燁興,12,0,12,國票-北投,2023-12-20,7792
3289,宜特,11,0,11,國票-北投,2023-12-20,7792
2739,寒舍,10,0,10,國票-北投,2023-12-20,7792
3047,訊舟,14,4,10,國票-北投,2023-12-20,7792
5328,華容,10,0,10,國票-北投,2023-12-20,7792
2369,菱生,10,1,9,國票-北投,2023-12-20,7792
2607,榮運,8,0,8,國票-北投,2023-12-20,7792
4958,臻鼎-KY,7,0,7,國票-北投,2023-12-20,7792
2329,華泰,7,1,6,國票-北投,2023-12-20,7792
2368,金像電,6,0,6,國票-北投,2023-12-20,7792
2609,陽明,41,35,6,國票-北投,2023-12-20,7792
6182,合晶,5,0,5,國票-北投,2023-12-20,7792
1504,東元,5,0,5,國票-北投,2023-12-20,7792
00688L,國泰20年美債正2,5,0,5,國票-北投,2023-12-20,7792
2454,聯發科,5,0,5,國票-北投,2023-12-20,7792
2834,臺企銀,5,0,5,國票-北投,2023-12-20,7792
4138,曜亞,5,0,5,國票-北投,2023-12-20,7792
8024,佑華,5,0,5,國票-北投,2023-12-20,7792
8932,智通*,5,0,5,國票-北投,2023-12-20,7792
1513,中興電,4,0,4,國票-北投,2023-12-20,7792
2023,燁輝,4,0,4,國票-北投,2023-12-20,7792
2387,精元,4,0,4,國票-北投,2023-12-20,7792
2543,皇昌,5,1,4,國票-北投,2023-12-20,7792
3035,智原,4,0,4,國票-北投,2023-12-20,7792
6257,矽格,4,0,4,國票-北投,2023-12-20,7792
6625,必應,4,0,4,國票-北投,2023-12-20,7792
8926,台汽電,4,0,4,國票-北投,2023-12-20,7792
2530,華建,4,0,4,國票-北投,2023-12-20,7792
2882,國泰金,3,0,3,國票-北投,2023-12-20,7792
00642U,期元大S＆P石油,3,0,3,國票-北投,2023-12-20,7792
2606,裕民,3,0,3,國票-北投,2023-12-20,7792
2753,八方雲集,3,0,3,國票-北投,2023-12-20,7792
3078,僑威,3,0,3,國票-北投,2023-12-20,7792
3521,鴻翊,3,0,3,國票-北投,2023-12-20,7792
6207,雷科,3,0,3,國票-北投,2023-12-20,7792
6243,迅杰,3,0,3,國票-北投,2023-12-20,7792
2515,中工,318,45,273,國票-北投,2023-12-21,7792
2609,陽明,356,127,229,國票-北投,2023-12-21,7792
2641,正德,203,11,192,國票-北投,2023-12-21,7792
4114,健喬,109,1,108,國票-北投,2023-12-21,7792
9105,泰金寶-DR,97,0,97,國票-北投,2023-12-21,7792
00937B,群益ESG投等債20,64,0,64,國票-北投,2023-12-21,7792
00919,群益台灣精選高息,27,0,27,國票-北投,2023-12-21,7792
5521,工信,30,4,26,國票-北投,2023-12-21,7792
6168,宏齊,22,0,22,國票-北投,2023-12-21,7792
3518,柏騰,18,0,18,國票-北投,2023-12-21,7792
2201,裕隆,17,0,17,國票-北投,2023-12-21,7792
2353,宏��,27,12,15,國票-北投,2023-12-21,7792
5512,力麒,15,0,15,國票-北投,2023-12-21,7792
6282,康舒,12,0,12,國票-北投,2023-12-21,7792
6443,元晶,12,0,12,國票-北投,2023-12-21,7792
2891,中信金,10,0,10,國票-北投,2023-12-21,7792
3402,漢科,10,0,10,國票-北投,2023-12-21,7792
5328,華容,10,0,10,國票-北投,2023-12-21,7792
2330,台積電,9,0,9,國票-北投,2023-12-21,7792
2303,聯電,9,1,8,國票-北投,2023-12-21,7792
2820,華票,8,0,8,國票-北投,2023-12-21,7792
3704,合勤控,8,0,8,國票-北投,2023-12-21,7792
1752,南光,6,0,6,國票-北投,2023-12-21,7792
2331,精英,6,0,6,國票-北投,2023-12-21,7792
2506,太設,6,0,6,國票-北投,2023-12-21,7792
2634,漢翔,10,4,6,國票-北投,2023-12-21,7792
6770,力積電,6,0,6,國票-北投,2023-12-21,7792
1732,毛寶,8,3,5,國票-北投,2023-12-21,7792
1504,東元,5,0,5,國票-北投,2023-12-21,7792
2457,飛宏,6,1,5,國票-北投,2023-12-21,7792
2642,宅配通,5,0,5,國票-北投,2023-12-21,7792
2888,新光金,5,0,5,國票-北投,2023-12-21,7792
5426,振發,5,0,5,國票-北投,2023-12-21,7792
5864,致和證,5,0,5,國票-北投,2023-12-21,7792
6561,是方,5,0,5,國票-北投,2023-12-21,7792
9927,泰銘,5,0,5,國票-北投,2023-12-21,7792
00929,復華台灣科技優息,4,0,4,國票-北投,2023-12-21,7792
00877,復華中國5G,4,0,4,國票-北投,2023-12-21,7792
2355,敬鵬,9,5,4,國票-北投,2023-12-21,7792
2419,仲琦,4,0,4,國票-北投,2023-12-21,7792
3105,穩懋,5,1,4,國票-北投,2023-12-21,7792
3264,欣銓,4,0,4,國票-北投,2023-12-21,7792
8088,品安,4,0,4,國票-北投,2023-12-21,7792
00934,中信成長高股息,3,0,3,國票-北投,2023-12-21,7792
2312,金寶,3,0,3,國票-北投,2023-12-21,7792
2316,楠梓電,4,1,3,國票-北投,2023-12-21,7792
3005,神基,5,2,3,國票-北投,2023-12-21,7792
3035,智原,7,4,3,國票-北投,2023-12-21,7792
3045,台灣大,3,0,3,國票-北投,2023-12-21,7792
3234,光環,3,0,3,國票-北投,2023-12-21,7792
9105,泰金寶-DR,310,2,308,國票-北投,2023-12-22,7792
1216,統一,100,0,100,國票-北投,2023-12-22,7792
2603,長榮,100,2,98,國票-北投,2023-12-22,7792
2882,國泰金,72,0,72,國票-北投,2023-12-22,7792
3094,聯傑,52,10,42,國票-北投,2023-12-22,7792
00919,群益台灣精選高息,21,0,21,國票-北投,2023-12-22,7792
00937B,群益ESG投等債20,20,0,20,國票-北投,2023-12-22,7792
2465,麗臺,20,0,20,國票-北投,2023-12-22,7792
3257,虹冠電,20,0,20,國票-北投,2023-12-22,7792
5469,瀚宇博,20,0,20,國票-北投,2023-12-22,7792
9904,寶成,20,0,20,國票-北投,2023-12-22,7792
2820,華票,18,0,18,國票-北投,2023-12-22,7792
2344,華邦電,115,98,17,國票-北投,2023-12-22,7792
2607,榮運,15,0,15,國票-北投,2023-12-22,7792
5426,振發,14,0,14,國票-北投,2023-12-22,7792
1504,東元,12,0,12,國票-北投,2023-12-22,7792
1326,台化,11,0,11,國票-北投,2023-12-22,7792
2201,裕隆,10,0,10,國票-北投,2023-12-22,7792
1314,中石化,10,0,10,國票-北投,2023-12-22,7792
1718,中纖,10,0,10,國票-北投,2023-12-22,7792
2032,新鋼,10,0,10,國票-北投,2023-12-22,7792
2338,光罩,10,0,10,國票-北投,2023-12-22,7792
6139,亞翔,31,21,10,國票-北投,2023-12-22,7792
7402,邑錡,10,0,10,國票-北投,2023-12-22,7792
6284,佳邦,9,0,9,國票-北投,2023-12-22,7792
1584,精剛,8,0,8,國票-北投,2023-12-22,7792
2615,萬海,19,11,8,國票-北投,2023-12-22,7792
00878,國泰永續高股息,8,0,8,國票-北投,2023-12-22,7792
00929,復華台灣科技優息,7,0,7,國票-北投,2023-12-22,7792
00679B,元大美債20年,7,0,7,國票-北投,2023-12-22,7792
2313,華通,9,2,7,國票-北投,2023-12-22,7792
2337,旺宏,9,2,7,國票-北投,2023-12-22,7792
3017,奇鋐,7,0,7,國票-北投,2023-12-22,7792
1722,台肥,6,0,6,國票-北投,2023-12-22,7792
2641,正德,7,1,6,國票-北投,2023-12-22,7792
4138,曜亞,6,0,6,國票-北投,2023-12-22,7792
4931,新盛力,6,0,6,國票-北投,2023-12-22,7792
6684,安格,6,0,6,國票-北投,2023-12-22,7792
8215,明基材,6,0,6,國票-北投,2023-12-22,7792
1605,華新,5,0,5,國票-北投,2023-12-22,7792
1618,合機,5,0,5,國票-北投,2023-12-22,7792
1402,遠東新,5,0,5,國票-北投,2023-12-22,7792
00680L,元大美債20正2,5,0,5,國票-北投,2023-12-22,7792
0056,元大高股息,10,5,5,國票-北投,2023-12-22,7792
2449,京元電子,5,0,5,國票-北投,2023-12-22,7792
3006,晶豪科,8,3,5,國票-北投,2023-12-22,7792
3260,威剛,6,1,5,國票-北投,2023-12-22,7792
3373,熱映,5,0,5,國票-北投,2023-12-22,7792
4909,新復興,6,1,5,國票-北投,2023-12-22,7792
8421,旭源,5,0,5,國票-北投,2023-12-22,7792
00680L,元大美債20正2,601,0,601,國票-北投,2023-12-25,7792
2603,長榮,302,1,301,國票-北投,2023-12-25,7792
9105,泰金寶-DR,60,0,60,國票-北投,2023-12-25,7792
2356,英業達,81,54,27,國票-北投,2023-12-25,7792
3706,神達,27,1,26,國票-北投,2023-12-25,7792
2324,仁寶,30,6,24,國票-北投,2023-12-25,7792
00919,群益台灣精選高息,44,22,22,國票-北投,2023-12-25,7792
3264,欣銓,18,0,18,國票-北投,2023-12-25,7792
2472,立隆電,15,0,15,國票-北投,2023-12-25,7792
4402,郡都開發,15,0,15,國票-北投,2023-12-25,7792
00637L,元大滬深300正2,23,9,14,國票-北投,2023-12-25,7792
2618,長榮航,14,0,14,國票-北投,2023-12-25,7792
3362,先進光,16,2,14,國票-北投,2023-12-25,7792
3481,群創,13,0,13,國票-北投,2023-12-25,7792
4909,新復興,12,0,12,國票-北投,2023-12-25,7792
6168,宏齊,12,0,12,國票-北投,2023-12-25,7792
1718,中纖,10,0,10,國票-北投,2023-12-25,7792
00934,中信成長高股息,10,0,10,國票-北投,2023-12-25,7792
3645,達邁,10,0,10,國票-北投,2023-12-25,7792
2408,南亞科,10,1,9,國票-北投,2023-12-25,7792
2002,中鋼,8,0,8,國票-北投,2023-12-25,7792
2014,中鴻,15,7,8,國票-北投,2023-12-25,7792
6169,昱泉,8,0,8,國票-北投,2023-12-25,7792
2317,鴻海,10,2,8,國票-北投,2023-12-25,7792
2371,大同,11,3,8,國票-北投,2023-12-25,7792
2615,萬海,8,1,7,國票-北投,2023-12-25,7792
00937B,群益ESG投等債20,6,0,6,國票-北投,2023-12-25,7792
0056,元大高股息,7,1,6,國票-北投,2023-12-25,7792
2515,中工,6,0,6,國票-北投,2023-12-25,7792
2634,漢翔,6,0,6,國票-北投,2023-12-25,7792
3083,網龍,6,0,6,國票-北投,2023-12-25,7792
6442,光聖,6,0,6,國票-北投,2023-12-25,7792
8277,商丞,6,0,6,國票-北投,2023-12-25,7792
00772B,中信高評級公司債,5,0,5,國票-北投,2023-12-25,7792
2022,聚亨,6,1,5,國票-北投,2023-12-25,7792
2329,華泰,8,3,5,國票-北投,2023-12-25,7792
2355,敬鵬,5,0,5,國票-北投,2023-12-25,7792
2892,第一金,5,0,5,國票-北投,2023-12-25,7792
6109,亞元,5,0,5,國票-北投,2023-12-25,7792
6140,訊達,5,0,5,國票-北投,2023-12-25,7792
6531,愛普*,5,0,5,國票-北投,2023-12-25,7792
8059,凱碩,11,6,5,國票-北投,2023-12-25,7792
9904,寶成,5,0,5,國票-北投,2023-12-25,7792
1219,福壽,4,0,4,國票-北投,2023-12-25,7792
1515,力山,4,0,4,國票-北投,2023-12-25,7792
1905,華紙,7,3,4,國票-北投,2023-12-25,7792
2425,承啟,4,0,4,國票-北投,2023-12-25,7792
5511,德昌,4,0,4,國票-北投,2023-12-25,7792
6282,康舒,4,0,4,國票-北投,2023-12-25,7792
2606,裕民,4,1,3,國票-北投,2023-12-25,7792
00680L,元大美債20正2,400,0,400,國票-北投,2023-12-26,7792
1524,耿鼎,120,0,120,國票-北投,2023-12-26,7792
2603,長榮,100,0,100,國票-北投,2023-12-26,7792
00929,復華台灣科技優息,56,0,56,國票-北投,2023-12-26,7792
00637L,元大滬深300正2,50,0,50,國票-北投,2023-12-26,7792
9105,泰金寶-DR,40,0,40,國票-北投,2023-12-26,7792
6290,良維,40,1,39,國票-北投,2023-12-26,7792
5521,工信,38,15,23,國票-北投,2023-12-26,7792
3481,群創,34,18,16,國票-北投,2023-12-26,7792
00937B,群益ESG投等債20,14,2,12,國票-北投,2023-12-26,7792
00934,中信成長高股息,11,0,11,國票-北投,2023-12-26,7792
8105,凌巨,11,0,11,國票-北投,2023-12-26,7792
00935,野村臺灣新科技50,10,0,10,國票-北投,2023-12-26,7792
1815,富喬,10,0,10,國票-北投,2023-12-26,7792
9919,康那香,11,1,10,國票-北投,2023-12-26,7792
6168,宏齊,33,25,8,國票-北投,2023-12-26,7792
2312,金寶,10,3,7,國票-北投,2023-12-26,7792
3532,台勝科,7,0,7,國票-北投,2023-12-26,7792
8112,至上,7,0,7,國票-北投,2023-12-26,7792
2449,京元電子,11,4,7,國票-北投,2023-12-26,7792
2618,長榮航,6,0,6,國票-北投,2023-12-26,7792
2353,宏��,58,53,5,國票-北投,2023-12-26,7792
00877,復華中國5G,5,0,5,國票-北投,2023-12-26,7792
00679B,元大美債20年,5,0,5,國票-北投,2023-12-26,7792
1806,冠軍,5,0,5,國票-北投,2023-12-26,7792
2201,裕隆,5,0,5,國票-北投,2023-12-26,7792
2323,中環,5,0,5,國票-北投,2023-12-26,7792
2607,榮運,5,0,5,國票-北投,2023-12-26,7792
4958,臻鼎-KY,5,0,5,國票-北投,2023-12-26,7792
6138,茂達,5,0,5,國票-北投,2023-12-26,7792
6270,倍微,5,0,5,國票-北投,2023-12-26,7792
1519,華城,5,1,4,國票-北投,2023-12-26,7792
2613,中櫃,4,0,4,國票-北投,2023-12-26,7792
3041,揚智,5,1,4,國票-北投,2023-12-26,7792
8222,寶一,10,6,4,國票-北投,2023-12-26,7792
1513,中興電,3,0,3,國票-北投,2023-12-26,7792
2371,大同,3,0,3,國票-北投,2023-12-26,7792
2388,威盛,12,9,3,國票-北投,2023-12-26,7792
2405,輔信,14,11,3,國票-北投,2023-12-26,7792
2610,華航,5,2,3,國票-北投,2023-12-26,7792
2834,臺企銀,3,0,3,國票-北投,2023-12-26,7792
3675,德微,11,8,3,國票-北投,2023-12-26,7792
5425,台半,4,1,3,國票-北投,2023-12-26,7792
5478,智冠,3,0,3,國票-北投,2023-12-26,7792
6584,南俊國際,3,0,3,國票-北投,2023-12-26,7792
6799,來頡,4,1,3,國票-北投,2023-12-26,7792
2014,中鴻,2,0,2,國票-北投,2023-12-26,7792
2204,中華,2,0,2,國票-北投,2023-12-26,7792
2376,技嘉,6,4,2,國票-北投,2023-12-26,7792
2476,鉅祥,2,0,2,國票-北投,2023-12-26,7792
00680L,元大美債20正2,700,0,700,國票-北投,2023-12-27,7792
2006,東和鋼鐵,100,0,100,國票-北投,2023-12-27,7792
00937B,群益ESG投等債20,62,0,62,國票-北投,2023-12-27,7792
2356,英業達,49,18,31,國票-北投,2023-12-27,7792
00632R,元大台灣50反1,30,0,30,國票-北投,2023-12-27,7792
00919,群益台灣精選高息,29,0,29,國票-北投,2023-12-27,7792
2388,威盛,33,6,27,國票-北投,2023-12-27,7792
2610,華航,25,0,25,國票-北投,2023-12-27,7792
00687B,國泰20年美債,23,0,23,國票-北投,2023-12-27,7792
00637L,元大滬深300正2,80,60,20,國票-北投,2023-12-27,7792
3376,新日興,21,3,18,國票-北投,2023-12-27,7792
1723,中碳,15,0,15,國票-北投,2023-12-27,7792
2816,旺旺保,15,0,15,國票-北投,2023-12-27,7792
2409,友達,17,3,14,國票-北投,2023-12-27,7792
2038,海光,13,0,13,國票-北投,2023-12-27,7792
2338,光罩,12,0,12,國票-北投,2023-12-27,7792
1714,和桐,11,0,11,國票-北投,2023-12-27,7792
3706,神達,12,1,11,國票-北投,2023-12-27,7792
5347,世界,16,5,11,國票-北投,2023-12-27,7792
1522,堤維西,10,0,10,國票-北投,2023-12-27,7792
00933B,國泰10Y+金融債,10,0,10,國票-北投,2023-12-27,7792
2915,潤泰全,10,0,10,國票-北投,2023-12-27,7792
6139,亞翔,20,10,10,國票-北投,2023-12-27,7792
2618,長榮航,10,1,9,國票-北投,2023-12-27,7792
00772B,中信高評級公司債,8,0,8,國票-北投,2023-12-27,7792
2371,大同,10,2,8,國票-北投,2023-12-27,7792
3481,群創,12,4,8,國票-北投,2023-12-27,7792
4909,新復興,8,0,8,國票-北投,2023-12-27,7792
6504,南六,8,0,8,國票-北投,2023-12-27,7792
2421,建準,8,1,7,國票-北投,2023-12-27,7792
5425,台半,7,0,7,國票-北投,2023-12-27,7792
00929,復華台灣科技優息,10,4,6,國票-北投,2023-12-27,7792
1605,華新,10,4,6,國票-北投,2023-12-27,7792
2369,菱生,8,2,6,國票-北投,2023-12-27,7792
2515,中工,8,2,6,國票-北投,2023-12-27,7792
5521,工信,6,0,6,國票-北投,2023-12-27,7792
6770,力積電,10,4,6,國票-北投,2023-12-27,7792
6805,富世達,8,2,6,國票-北投,2023-12-27,7792
6182,合晶,8,3,5,國票-北投,2023-12-27,7792
1524,耿鼎,5,0,5,國票-北投,2023-12-27,7792
00795B,中信美國公債20年,5,0,5,國票-北投,2023-12-27,7792
2317,鴻海,5,0,5,國票-北投,2023-12-27,7792
2329,華泰,6,1,5,國票-北投,2023-12-27,7792
3290,東浦,5,0,5,國票-北投,2023-12-27,7792
3380,明泰,5,0,5,國票-北投,2023-12-27,7792
4402,郡都開發,5,0,5,國票-北投,2023-12-27,7792
5410,國眾,7,2,5,國票-北投,2023-12-27,7792
5426,振發,5,0,5,國票-北投,2023-12-27,7792
6152,百一,5,0,5,國票-北投,2023-12-27,7792
8255,朋程,5,0,5,國票-北投,2023-12-27,7792
1609,大亞,52,7,45,國票-北投,2023-12-28,7792
00937B,群益ESG投等債20,49,10,39,國票-北投,2023-12-28,7792
00919,群益台灣精選高息,41,14,27,國票-北投,2023-12-28,7792
00929,復華台灣科技優息,16,0,16,國票-北投,2023-12-28,7792
4909,新復興,16,0,16,國票-北投,2023-12-28,7792
4906,正文,15,0,15,國票-北投,2023-12-28,7792
2882,國泰金,15,1,14,國票-北投,2023-12-28,7792
6168,宏齊,38,25,13,國票-北投,2023-12-28,7792
00712,復華富時不動產,11,0,11,國票-北投,2023-12-28,7792
2022,聚亨,10,0,10,國票-北投,2023-12-28,7792
2329,華泰,12,2,10,國票-北投,2023-12-28,7792
2888,新光金,10,0,10,國票-北投,2023-12-28,7792
3706,神達,36,26,10,國票-北投,2023-12-28,7792
6152,百一,10,0,10,國票-北投,2023-12-28,7792
3481,群創,9,0,9,國票-北投,2023-12-28,7792
6284,佳邦,9,0,9,國票-北投,2023-12-28,7792
6789,采鈺,8,0,8,國票-北投,2023-12-28,7792
1714,和桐,7,0,7,國票-北投,2023-12-28,7792
2618,長榮航,10,3,7,國票-北投,2023-12-28,7792
6237,驊訊,7,0,7,國票-北投,2023-12-28,7792
8112,至上,7,0,7,國票-北投,2023-12-28,7792
2408,南亞科,6,0,6,國票-北投,2023-12-28,7792
3105,穩懋,6,0,6,國票-北投,2023-12-28,7792
4138,曜亞,6,0,6,國票-北投,2023-12-28,7792
00878,國泰永續高股息,11,5,6,國票-北投,2023-12-28,7792
2889,國票金,5,0,5,國票-北投,2023-12-28,7792
00864B,中信美國公債0-1,5,0,5,國票-北投,2023-12-28,7792
00632R,元大台灣50反1,5,0,5,國票-北投,2023-12-28,7792
1466,聚隆,5,0,5,國票-北投,2023-12-28,7792
1718,中纖,5,0,5,國票-北投,2023-12-28,7792
2206,三陽工業,5,0,5,國票-北投,2023-12-28,7792
3051,力特,5,0,5,國票-北投,2023-12-28,7792
4402,郡都開發,5,0,5,國票-北投,2023-12-28,7792
4746,台耀,6,1,5,國票-北投,2023-12-28,7792
4958,臻鼎-KY,5,0,5,國票-北投,2023-12-28,7792
5511,德昌,5,0,5,國票-北投,2023-12-28,7792
5521,工信,5,0,5,國票-北投,2023-12-28,7792
6231,系微,8,3,5,國票-北投,2023-12-28,7792
4979,華星光,6,1,5,國票-北投,2023-12-28,7792
2031,新光鋼,4,0,4,國票-北投,2023-12-28,7792
2337,旺宏,4,0,4,國票-北投,2023-12-28,7792
3006,晶豪科,10,6,4,國票-北投,2023-12-28,7792
3078,僑威,7,3,4,國票-北投,2023-12-28,7792
3545,敦泰,4,0,4,國票-北投,2023-12-28,7792
4526,東台,4,0,4,國票-北投,2023-12-28,7792
6695,芯鼎,4,0,4,國票-北投,2023-12-28,7792
8096,擎亞,13,9,4,國票-北投,2023-12-28,7792
00905,FT臺灣Smart,3,0,3,國票-北投,2023-12-28,7792
00891,中信關鍵半導體,3,0,3,國票-北投,2023-12-28,7792
2314,台揚,3,0,3,國票-北投,2023-12-28,7792
1513,中興電,115,3,112,國票-北投,2023-12-29,7792
2903,遠百,100,0,100,國票-北投,2023-12-29,7792
1519,華城,56,2,54,國票-北投,2023-12-29,7792
3260,威剛,55,6,49,國票-北投,2023-12-29,7792
00929,復華台灣科技優息,48,1,47,國票-北投,2023-12-29,7792
00679B,元大美債20年,37,0,37,國票-北投,2023-12-29,7792
2402,毅嘉,35,0,35,國票-北投,2023-12-29,7792
00937B,群益ESG投等債20,30,0,30,國票-北投,2023-12-29,7792
2331,精英,27,1,26,國票-北投,2023-12-29,7792
3006,晶豪科,33,9,24,國票-北投,2023-12-29,7792
2353,宏��,86,64,22,國票-北投,2023-12-29,7792
1609,大亞,23,2,21,國票-北投,2023-12-29,7792
4906,正文,20,0,20,國票-北投,2023-12-29,7792
2317,鴻海,31,11,20,國票-北投,2023-12-29,7792
5426,振發,15,0,15,國票-北投,2023-12-29,7792
00919,群益台灣精選高息,16,1,15,國票-北投,2023-12-29,7792
2609,陽明,16,2,14,國票-北投,2023-12-29,7792
2515,中工,12,0,12,國票-北投,2023-12-29,7792
2882,國泰金,11,0,11,國票-北投,2023-12-29,7792
2891,中信金,16,5,11,國票-北投,2023-12-29,7792
00933B,國泰10Y+金融債,25,15,10,國票-北投,2023-12-29,7792
0056,元大高股息,15,5,10,國票-北投,2023-12-29,7792
1718,中纖,10,0,10,國票-北投,2023-12-29,7792
2610,華航,12,2,10,國票-北投,2023-12-29,7792
3033,威健,10,0,10,國票-北投,2023-12-29,7792
3228,金麗科,10,0,10,國票-北投,2023-12-29,7792
3380,明泰,10,0,10,國票-北投,2023-12-29,7792
5469,瀚宇博,24,14,10,國票-北投,2023-12-29,7792
6873,泓德能源,10,0,10,國票-北投,2023-12-29,7792
2890,永豐金,10,1,9,國票-北投,2023-12-29,7792
4909,新復興,9,0,9,國票-北投,2023-12-29,7792
5347,世界,9,0,9,國票-北投,2023-12-29,7792
1514,亞力,9,1,8,國票-北投,2023-12-29,7792
1815,富喬,8,0,8,國票-北投,2023-12-29,7792
2915,潤泰全,8,0,8,國票-北投,2023-12-29,7792
4919,新唐,9,2,7,國票-北投,2023-12-29,7792
6282,康舒,7,0,7,國票-北投,2023-12-29,7792
3548,兆利,15,9,6,國票-北投,2023-12-29,7792
2329,華泰,6,0,6,國票-北投,2023-12-29,7792
4958,臻鼎-KY,6,0,6,國票-北投,2023-12-29,7792
00850,元大臺灣ESG永續,5,0,5,國票-北投,2023-12-29,7792
2355,敬鵬,5,0,5,國票-北投,2023-12-29,7792
2363,矽統,5,0,5,國票-北投,2023-12-29,7792
2465,麗臺,5,0,5,國票-北投,2023-12-29,7792
3264,欣銓,5,0,5,國票-北投,2023-12-29,7792
3287,廣寰科,5,0,5,國票-北投,2023-12-29,7792
4510,高鋒,5,0,5,國票-北投,2023-12-29,7792
5704,老爺知,5,0,5,國票-北投,2023-12-29,7792
6231,系微,5,0,5,國票-北投,2023-12-29,7792
8477,創業家,5,0,5,國票-北投,2023-12-29,7792
00715L,期街口布蘭特正2,85,10,75,國票-北投,2024-01-02,7792
00937B,群益ESG投等債20,51,0,51,國票-北投,2024-01-02,7792
00637L,元大滬深300正2,45,0,45,國票-北投,2024-01-02,7792
3231,緯創,36,8,28,國票-北投,2024-01-02,7792
00892,富邦台灣半導體,30,2,28,國票-北投,2024-01-02,7792
3260,威剛,24,1,23,國票-北投,2024-01-02,7792
9904,寶成,20,0,20,國票-北投,2024-01-02,7792
00680L,元大美債20正2,29,10,19,國票-北投,2024-01-02,7792
2356,英業達,33,17,16,國票-北投,2024-01-02,7792
4909,新復興,16,0,16,國票-北投,2024-01-02,7792
00919,群益台灣精選高息,19,3,16,國票-北投,2024-01-02,7792
2382,廣達,25,10,15,國票-北投,2024-01-02,7792
4402,郡都開發,15,0,15,國票-北投,2024-01-02,7792
2915,潤泰全,14,0,14,國票-北投,2024-01-02,7792
2324,仁寶,17,4,13,國票-北投,2024-01-02,7792
5521,工信,19,6,13,國票-北投,2024-01-02,7792
00934,中信成長高股息,12,0,12,國票-北投,2024-01-02,7792
2338,光罩,12,0,12,國票-北投,2024-01-02,7792
6139,亞翔,27,15,12,國票-北投,2024-01-02,7792
1609,大亞,11,0,11,國票-北投,2024-01-02,7792
2313,華通,11,0,11,國票-北投,2024-01-02,7792
2883,凱基金,11,0,11,國票-北投,2024-01-02,7792
2371,大同,10,0,10,國票-北投,2024-01-02,7792
2641,正德,13,4,9,國票-北投,2024-01-02,7792
3481,群創,13,4,9,國票-北投,2024-01-02,7792
2376,技嘉,14,6,8,國票-北投,2024-01-02,7792
00633L,富邦上証正2,8,0,8,國票-北投,2024-01-02,7792
3037,欣興,7,0,7,國票-北投,2024-01-02,7792
3694,海華,7,0,7,國票-北投,2024-01-02,7792
6625,必應,7,0,7,國票-北投,2024-01-02,7792
00751B,元大AAA至A公司債,6,0,6,國票-北投,2024-01-02,7792
1776,展宇,6,0,6,國票-北投,2024-01-02,7792
2352,佳世達,9,3,6,國票-北投,2024-01-02,7792
3715,定穎投控,10,4,6,國票-北投,2024-01-02,7792
5478,智冠,6,0,6,國票-北投,2024-01-02,7792
6117,迎廣,6,0,6,國票-北投,2024-01-02,7792
6138,茂達,6,0,6,國票-北投,2024-01-02,7792
8028,昇陽半導體,6,0,6,國票-北投,2024-01-02,7792
00891,中信關鍵半導體,6,0,6,國票-北投,2024-01-02,7792
00933B,國泰10Y+金融債,5,0,5,國票-北投,2024-01-02,7792
1718,中纖,5,0,5,國票-北投,2024-01-02,7792
1802,台玻,5,0,5,國票-北投,2024-01-02,7792
2607,榮運,5,0,5,國票-北投,2024-01-02,7792
3017,奇鋐,6,1,5,國票-北投,2024-01-02,7792
3033,威健,5,0,5,國票-北投,2024-01-02,7792
3228,金麗科,5,0,5,國票-北投,2024-01-02,7792
6111,大宇資,5,0,5,國票-北投,2024-01-02,7792
6770,力積電,5,0,5,國票-北投,2024-01-02,7792
2472,立隆電,5,1,4,國票-北投,2024-01-02,7792
2615,萬海,6,2,4,國票-北投,2024-01-02,7792
2303,聯電,59,3,56,國票-北投,2024-01-03,7792
2324,仁寶,62,10,52,國票-北投,2024-01-03,7792
00650L,復華香港正2,50,0,50,國票-北投,2024-01-03,7792
00929,復華台灣科技優息,45,0,45,國票-北投,2024-01-03,7792
9105,泰金寶-DR,42,0,42,國票-北投,2024-01-03,7792
00937B,群益ESG投等債20,39,0,39,國票-北投,2024-01-03,7792
2331,精英,48,17,31,國票-北投,2024-01-03,7792
00919,群益台灣精選高息,30,1,29,國票-北投,2024-01-03,7792
5498,凱崴,28,0,28,國票-北投,2024-01-03,7792
2537,聯上發,23,0,23,國票-北投,2024-01-03,7792
00923,群益台ESG低碳50,21,0,21,國票-北投,2024-01-03,7792
6244,茂迪,20,0,20,國票-北投,2024-01-03,7792
2353,宏��,21,2,19,國票-北投,2024-01-03,7792
00934,中信成長高股息,17,0,17,國票-北投,2024-01-03,7792
00720B,元大投資級公司債,24,9,15,國票-北投,2024-01-03,7792
2330,台積電,12,0,12,國票-北投,2024-01-03,7792
00927,群益半導體收益,10,0,10,國票-北投,2024-01-03,7792
2344,華邦電,10,0,10,國票-北投,2024-01-03,7792
2472,立隆電,10,0,10,國票-北投,2024-01-03,7792
1101,台泥,10,1,9,國票-北投,2024-01-03,7792
3706,神達,10,1,9,國票-北投,2024-01-03,7792
3715,定穎投控,20,11,9,國票-北投,2024-01-03,7792
6224,聚鼎,9,0,9,國票-北投,2024-01-03,7792
1609,大亞,21,13,8,國票-北投,2024-01-03,7792
3481,群創,8,0,8,國票-北投,2024-01-03,7792
6695,芯鼎,9,1,8,國票-北投,2024-01-03,7792
8054,安國,9,1,8,國票-北投,2024-01-03,7792
00900,富邦特選高股息30,7,0,7,國票-北投,2024-01-03,7792
2610,華航,10,3,7,國票-北投,2024-01-03,7792
3518,柏騰,7,0,7,國票-北投,2024-01-03,7792
2201,裕隆,6,0,6,國票-北投,2024-01-03,7792
2208,台船,6,0,6,國票-北投,2024-01-03,7792
4906,正文,6,0,6,國票-北投,2024-01-03,7792
5309,系統電,6,0,6,國票-北投,2024-01-03,7792
5426,振發,6,0,6,國票-北投,2024-01-03,7792
6233,旺玖,8,2,6,國票-北投,2024-01-03,7792
3390,旭軟,9,4,5,國票-北投,2024-01-03,7792
00933B,國泰10Y+金融債,5,0,5,國票-北投,2024-01-03,7792
00751B,元大AAA至A公司債,10,5,5,國票-北投,2024-01-03,7792
1504,東元,8,3,5,國票-北投,2024-01-03,7792
2377,微星,6,1,5,國票-北投,2024-01-03,7792
2399,映泰,5,0,5,國票-北投,2024-01-03,7792
2618,長榮航,13,8,5,國票-北投,2024-01-03,7792
3051,力特,5,0,5,國票-北投,2024-01-03,7792
3206,志豐,5,0,5,國票-北投,2024-01-03,7792
3264,欣銓,5,0,5,國票-北投,2024-01-03,7792
4138,曜亞,5,0,5,國票-北投,2024-01-03,7792
6138,茂達,5,0,5,國票-北投,2024-01-03,7792
00878,國泰永續高股息,5,0,5,國票-北投,2024-01-03,7792
2382,廣達,10,6,4,國票-北投,2024-01-03,7792
00929,復華台灣科技優息,71,0,71,國票-北投,2024-01-04,7792
00751B,元大AAA至A公司債,41,0,41,國票-北投,2024-01-04,7792
3260,威剛,33,3,30,國票-北投,2024-01-04,7792
00937B,群益ESG投等債20,27,0,27,國票-北投,2024-01-04,7792
2344,華邦電,23,1,22,國票-北投,2024-01-04,7792
2303,聯電,21,4,17,國票-北投,2024-01-04,7792
2353,宏��,28,15,13,國票-北投,2024-01-04,7792
2369,菱生,12,0,12,國票-北投,2024-01-04,7792
3264,欣銓,12,0,12,國票-北投,2024-01-04,7792
6153,嘉聯益,12,0,12,國票-北投,2024-01-04,7792
00637L,元大滬深300正2,28,17,11,國票-北投,2024-01-04,7792
2605,新興,21,10,11,國票-北投,2024-01-04,7792
6168,宏齊,11,0,11,國票-北投,2024-01-04,7792
2455,全新,11,0,11,國票-北投,2024-01-04,7792
1718,中纖,10,0,10,國票-北投,2024-01-04,7792
6120,達運,10,0,10,國票-北投,2024-01-04,7792
3047,訊舟,9,0,9,國票-北投,2024-01-04,7792
3715,定穎投控,39,31,8,國票-北投,2024-01-04,7792
6163,華電網,7,0,7,國票-北投,2024-01-04,7792
8088,品安,10,3,7,國票-北投,2024-01-04,7792
2401,凌陽,6,0,6,國票-北投,2024-01-04,7792
4138,曜亞,6,0,6,國票-北投,2024-01-04,7792
5452,佶優,6,0,6,國票-北投,2024-01-04,7792
00933B,國泰10Y+金融債,5,0,5,國票-北投,2024-01-04,7792
00927,群益半導體收益,5,0,5,國票-北投,2024-01-04,7792
2201,裕隆,5,0,5,國票-北投,2024-01-04,7792
2374,佳能,5,0,5,國票-北投,2024-01-04,7792
2739,寒舍,5,0,5,國票-北投,2024-01-04,7792
2891,中信金,5,0,5,國票-北投,2024-01-04,7792
3032,偉訓,6,1,5,國票-北投,2024-01-04,7792
3228,金麗科,5,0,5,國票-北投,2024-01-04,7792
6531,愛普*,5,0,5,國票-北投,2024-01-04,7792
00919,群益台灣精選高息,7,2,5,國票-北投,2024-01-04,7792
00633L,富邦上証正2,4,0,4,國票-北投,2024-01-04,7792
2324,仁寶,4,0,4,國票-北投,2024-01-04,7792
2405,輔信,4,0,4,國票-北投,2024-01-04,7792
2449,京元電子,4,0,4,國票-北投,2024-01-04,7792
2601,益航,4,0,4,國票-北投,2024-01-04,7792
2883,凱基金,4,0,4,國票-北投,2024-01-04,7792
3005,神基,5,1,4,國票-北投,2024-01-04,7792
3321,同泰,4,0,4,國票-北投,2024-01-04,7792
3362,先進光,4,0,4,國票-北投,2024-01-04,7792
3450,聯鈞,4,0,4,國票-北投,2024-01-04,7792
3702,大聯大,4,0,4,國票-北投,2024-01-04,7792
5521,工信,9,5,4,國票-北投,2024-01-04,7792
6290,良維,4,0,4,國票-北投,2024-01-04,7792
8086,宏捷科,11,7,4,國票-北投,2024-01-04,7792
2392,正崴,3,0,3,國票-北投,2024-01-04,7792
3037,欣興,3,0,3,國票-北投,2024-01-04,7792
1524,耿鼎,4,1,3,國票-北投,2024-01-04,7792
2356,英業達,87,5,82,國票-北投,2024-01-05,7792
00679B,元大美債20年,25,0,25,國票-北投,2024-01-05,7792
00937B,群益ESG投等債20,22,2,20,國票-北投,2024-01-05,7792
1732,毛寶,30,10,20,國票-北投,2024-01-05,7792
2329,華泰,21,1,20,國票-北投,2024-01-05,7792
00929,復華台灣科技優息,19,0,19,國票-北投,2024-01-05,7792
3231,緯創,25,6,19,國票-北投,2024-01-05,7792
2486,一詮,18,1,17,國票-北投,2024-01-05,7792
2610,華航,17,1,16,國票-北投,2024-01-05,7792
00725B,國泰投資級公司債,15,0,15,國票-北投,2024-01-05,7792
2617,台航,12,0,12,國票-北投,2024-01-05,7792
2618,長榮航,16,4,12,國票-北投,2024-01-05,7792
4958,臻鼎-KY,12,0,12,國票-北投,2024-01-05,7792
00720B,元大投資級公司債,11,0,11,國票-北投,2024-01-05,7792
00751B,元大AAA至A公司債,11,0,11,國票-北投,2024-01-05,7792
00688L,國泰20年美債正2,10,0,10,國票-北投,2024-01-05,7792
2489,瑞軒,10,0,10,國票-北投,2024-01-05,7792
6116,彩晶,10,0,10,國票-北投,2024-01-05,7792
6125,廣運,10,0,10,國票-北投,2024-01-05,7792
00680L,元大美債20正2,9,0,9,國票-北投,2024-01-05,7792
00919,群益台灣精選高息,12,3,9,國票-北投,2024-01-05,7792
2352,佳世達,13,4,9,國票-北投,2024-01-05,7792
4906,正文,9,0,9,國票-北投,2024-01-05,7792
8358,金居,8,0,8,國票-北投,2024-01-05,7792
1504,東元,8,0,8,國票-北投,2024-01-05,7792
2303,聯電,17,10,7,國票-北投,2024-01-05,7792
2363,矽統,7,0,7,國票-北投,2024-01-05,7792
2542,興富發,7,0,7,國票-北投,2024-01-05,7792
00934,中信成長高股息,6,0,6,國票-北投,2024-01-05,7792
3380,明泰,7,1,6,國票-北投,2024-01-05,7792
2330,台積電,6,0,6,國票-北投,2024-01-05,7792
1584,精剛,5,0,5,國票-北投,2024-01-05,7792
00915,凱基優選高股息30,5,0,5,國票-北投,2024-01-05,7792
2201,裕隆,5,0,5,國票-北投,2024-01-05,7792
2331,精英,7,2,5,國票-北投,2024-01-05,7792
2368,金像電,9,4,5,國票-北投,2024-01-05,7792
2501,國建,5,0,5,國票-北投,2024-01-05,7792
4133,亞諾法,5,0,5,國票-北投,2024-01-05,7792
6161,捷波,5,0,5,國票-北投,2024-01-05,7792
2421,建準,7,2,5,國票-北投,2024-01-05,7792
00935,野村臺灣新科技50,4,0,4,國票-北投,2024-01-05,7792
1218,泰山,4,0,4,國票-北投,2024-01-05,7792
1795,美時,6,2,4,國票-北投,2024-01-05,7792
2338,光罩,4,0,4,國票-北投,2024-01-05,7792
3021,鴻名,4,0,4,國票-北投,2024-01-05,7792
3518,柏騰,4,0,4,國票-北投,2024-01-05,7792
5608,四維航,4,0,4,國票-北投,2024-01-05,7792
8046,南電,4,0,4,國票-北投,2024-01-05,7792
3037,欣興,3,0,3,國票-北投,2024-01-05,7792
1304,台聚,3,0,3,國票-北投,2024-01-05,7792
00680L,元大美債20正2,606,0,606,國票-北投,2024-01-08,7792
00929,復華台灣科技優息,408,0,408,國票-北投,2024-01-08,7792
00637L,元大滬深300正2,186,2,184,國票-北投,2024-01-08,7792
00931B,統一美債20年,106,0,106,國票-北投,2024-01-08,7792
00878,國泰永續高股息,101,0,101,國票-北投,2024-01-08,7792
2344,華邦電,118,20,98,國票-北投,2024-01-08,7792
2609,陽明,95,39,56,國票-北投,2024-01-08,7792
2388,威盛,63,31,32,國票-北投,2024-01-08,7792
2436,偉詮電,30,0,30,國票-北投,2024-01-08,7792
00687B,國泰20年美債,26,0,26,國票-北投,2024-01-08,7792
00725B,國泰投資級公司債,25,0,25,國票-北投,2024-01-08,7792
2363,矽統,35,10,25,國票-北投,2024-01-08,7792
3006,晶豪科,25,2,23,國票-北投,2024-01-08,7792
6116,彩晶,24,3,21,國票-北投,2024-01-08,7792
00795B,中信美國公債20年,20,0,20,國票-北投,2024-01-08,7792
3402,漢科,20,0,20,國票-北投,2024-01-08,7792
6770,力積電,24,5,19,國票-北投,2024-01-08,7792
2353,宏��,35,21,14,國票-北投,2024-01-08,7792
2317,鴻海,14,1,13,國票-北投,2024-01-08,7792
2382,廣達,13,1,12,國票-北投,2024-01-08,7792
00881,國泰台灣5G+,12,0,12,國票-北投,2024-01-08,7792
4138,曜亞,12,0,12,國票-北投,2024-01-08,7792
6147,頎邦,12,0,12,國票-北投,2024-01-08,7792
2303,聯電,21,10,11,國票-北投,2024-01-08,7792
00720B,元大投資級公司債,11,0,11,國票-北投,2024-01-08,7792
00751B,元大AAA至A公司債,11,0,11,國票-北投,2024-01-08,7792
2884,玉山金,10,0,10,國票-北投,2024-01-08,7792
00933B,國泰10Y+金融債,10,0,10,國票-北投,2024-01-08,7792
2345,智邦,10,0,10,國票-北投,2024-01-08,7792
2399,映泰,10,0,10,國票-北投,2024-01-08,7792
2913,農林,10,0,10,國票-北投,2024-01-08,7792
00885,富邦越南,10,1,9,國票-北投,2024-01-08,7792
8096,擎亞,13,4,9,國票-北投,2024-01-08,7792
3017,奇鋐,11,3,8,國票-北投,2024-01-08,7792
2618,長榮航,11,3,8,國票-北投,2024-01-08,7792
8996,高力,8,0,8,國票-北投,2024-01-08,7792
2368,金像電,6,0,6,國票-北投,2024-01-08,7792
3231,緯創,21,15,6,國票-北投,2024-01-08,7792
3264,欣銓,6,0,6,國票-北投,2024-01-08,7792
2454,聯發科,5,0,5,國票-北投,2024-01-08,7792
00918,大華優利高填息30,5,0,5,國票-北投,2024-01-08,7792
00679B,元大美債20年,5,0,5,國票-北投,2024-01-08,7792
2352,佳世達,6,1,5,國票-北投,2024-01-08,7792
2486,一詮,10,5,5,國票-北投,2024-01-08,7792
3032,偉訓,6,1,5,國票-北投,2024-01-08,7792
3228,金麗科,5,0,5,國票-北投,2024-01-08,7792
5009,榮剛,5,0,5,國票-北投,2024-01-08,7792
6139,亞翔,40,35,5,國票-北投,2024-01-08,7792
6188,廣明,5,0,5,國票-北投,2024-01-08,7792
8222,寶一,25,20,5,國票-北投,2024-01-08,7792
00632R,元大台灣50反1,140,0,140,國票-北投,2024-01-09,7792
2609,陽明,117,28,89,國票-北投,2024-01-09,7792
2603,長榮,69,1,68,國票-北投,2024-01-09,7792
00919,群益台灣精選高息,60,3,57,國票-北投,2024-01-09,7792
4716,大立,40,0,40,國票-北投,2024-01-09,7792
2324,仁寶,161,124,37,國票-北投,2024-01-09,7792
6770,力積電,33,2,31,國票-北投,2024-01-09,7792
2436,偉詮電,30,0,30,國票-北投,2024-01-09,7792
2388,威盛,23,2,21,國票-北投,2024-01-09,7792
2356,英業達,26,13,13,國票-北投,2024-01-09,7792
2409,友達,15,2,13,國票-北投,2024-01-09,7792
2014,中鴻,12,0,12,國票-北投,2024-01-09,7792
00637L,元大滬深300正2,37,25,12,國票-北投,2024-01-09,7792
00929,復華台灣科技優息,18,6,12,國票-北投,2024-01-09,7792
3481,群創,12,1,11,國票-北投,2024-01-09,7792
1718,中纖,10,0,10,國票-北投,2024-01-09,7792
2399,映泰,10,0,10,國票-北投,2024-01-09,7792
3402,漢科,10,0,10,國票-北投,2024-01-09,7792
6129,普誠,10,0,10,國票-北投,2024-01-09,7792
6531,愛普*,10,0,10,國票-北投,2024-01-09,7792
8011,台通,10,0,10,國票-北投,2024-01-09,7792
00915,凱基優選高股息30,9,0,9,國票-北投,2024-01-09,7792
3380,明泰,10,1,9,國票-北投,2024-01-09,7792
2308,台達電,8,0,8,國票-北投,2024-01-09,7792
00715L,期街口布蘭特正2,8,0,8,國票-北投,2024-01-09,7792
4919,新唐,9,1,8,國票-北投,2024-01-09,7792
2883,凱基金,8,1,7,國票-北投,2024-01-09,7792
3047,訊舟,7,0,7,國票-北投,2024-01-09,7792
5521,工信,8,1,7,國票-北投,2024-01-09,7792
2634,漢翔,14,8,6,國票-北投,2024-01-09,7792
3051,力特,6,0,6,國票-北投,2024-01-09,7792
2368,金像電,10,4,6,國票-北投,2024-01-09,7792
2891,中信金,7,1,6,國票-北投,2024-01-09,7792
8358,金居,6,0,6,國票-北投,2024-01-09,7792
00679B,元大美債20年,5,0,5,國票-北投,2024-01-09,7792
1314,中石化,5,0,5,國票-北投,2024-01-09,7792
00850,元大臺灣ESG永續,5,0,5,國票-北投,2024-01-09,7792
1616,億泰,5,0,5,國票-北投,2024-01-09,7792
2206,三陽工業,5,0,5,國票-北投,2024-01-09,7792
2449,京元電子,6,1,5,國票-北投,2024-01-09,7792
3306,鼎天,5,0,5,國票-北投,2024-01-09,7792
6117,迎廣,5,0,5,國票-北投,2024-01-09,7792
6188,廣明,5,0,5,國票-北投,2024-01-09,7792
6275,元山,5,0,5,國票-北投,2024-01-09,7792
1603,華電,6,1,5,國票-北投,2024-01-09,7792
2002,中鋼,4,0,4,國票-北投,2024-01-09,7792
2344,華邦電,5,1,4,國票-北投,2024-01-09,7792
2329,華泰,16,12,4,國票-北投,2024-01-09,7792
2486,一詮,4,0,4,國票-北投,2024-01-09,7792
2601,益航,4,0,4,國票-北投,2024-01-09,7792
00680L,元大美債20正2,800,0,800,國票-北投,2024-01-10,7792
2363,矽統,91,1,90,國票-北投,2024-01-10,7792
00937B,群益ESG投等債20,76,0,76,國票-北投,2024-01-10,7792
2609,陽明,52,15,37,國票-北投,2024-01-10,7792
4138,曜亞,34,0,34,國票-北投,2024-01-10,7792
6531,愛普*,25,0,25,國票-北投,2024-01-10,7792
2324,仁寶,23,0,23,國票-北投,2024-01-10,7792
2317,鴻海,22,0,22,國票-北投,2024-01-10,7792
2371,大同,32,12,20,國票-北投,2024-01-10,7792
4564,元翎,20,0,20,國票-北投,2024-01-10,7792
2356,英業達,25,12,13,國票-北投,2024-01-10,7792
1301,台塑,12,0,12,國票-北投,2024-01-10,7792
2353,宏��,27,16,11,國票-北投,2024-01-10,7792
2634,漢翔,20,9,11,國票-北投,2024-01-10,7792
1718,中纖,10,0,10,國票-北投,2024-01-10,7792
2882,國泰金,10,0,10,國票-北投,2024-01-10,7792
3006,晶豪科,11,1,10,國票-北投,2024-01-10,7792
5009,榮剛,10,0,10,國票-北投,2024-01-10,7792
00919,群益台灣精選高息,18,8,10,國票-北投,2024-01-10,7792
2610,華航,9,0,9,國票-北投,2024-01-10,7792
3706,神達,29,20,9,國票-北投,2024-01-10,7792
6026,福邦證,9,0,9,國票-北投,2024-01-10,7792
2206,三陽工業,8,0,8,國票-北投,2024-01-10,7792
2362,藍天,9,1,8,國票-北投,2024-01-10,7792
8033,雷虎,8,0,8,國票-北投,2024-01-10,7792
2891,中信金,8,1,7,國票-北投,2024-01-10,7792
00923,群益台ESG低碳50,6,0,6,國票-北投,2024-01-10,7792
00679B,元大美債20年,6,0,6,國票-北投,2024-01-10,7792
3032,偉訓,6,0,6,國票-北投,2024-01-10,7792
4958,臻鼎-KY,6,0,6,國票-北投,2024-01-10,7792
6442,光聖,6,0,6,國票-北投,2024-01-10,7792
1524,耿鼎,5,0,5,國票-北投,2024-01-10,7792
2201,裕隆,5,0,5,國票-北投,2024-01-10,7792
2303,聯電,5,0,5,國票-北投,2024-01-10,7792
2376,技嘉,5,0,5,國票-北投,2024-01-10,7792
2399,映泰,5,0,5,國票-北投,2024-01-10,7792
4916,事欣科,5,0,5,國票-北投,2024-01-10,7792
4938,和碩,5,0,5,國票-北投,2024-01-10,7792
8477,創業家,5,0,5,國票-北投,2024-01-10,7792
1605,華新,4,0,4,國票-北投,2024-01-10,7792
2401,凌陽,4,0,4,國票-北投,2024-01-10,7792
6550,北極星藥業-KY,5,1,4,國票-北投,2024-01-10,7792
8111,立��,5,1,4,國票-北投,2024-01-10,7792
9912,偉聯,4,0,4,國票-北投,2024-01-10,7792
2027,大成鋼,3,0,3,國票-北投,2024-01-10,7792
2388,威盛,5,2,3,國票-北投,2024-01-10,7792
2408,南亞科,3,0,3,國票-北投,2024-01-10,7792
2449,京元電子,3,0,3,國票-北投,2024-01-10,7792
4919,新唐,3,0,3,國票-北投,2024-01-10,7792
5871A,中租-KY甲特,3,0,3,國票-北投,2024-01-10,7792
4909,新復興,179,3,176,國票-北投,2024-01-11,7792
6191,精成科,40,0,40,國票-北投,2024-01-11,7792
00929,復華台灣科技優息,22,0,22,國票-北投,2024-01-11,7792
3066,李洲,20,0,20,國票-北投,2024-01-11,7792
1301,台塑,15,0,15,國票-北投,2024-01-11,7792
00679B,元大美債20年,14,0,14,國票-北投,2024-01-11,7792
2409,友達,43,31,12,國票-北投,2024-01-11,7792
6219,富旺,12,1,11,國票-北投,2024-01-11,7792
1303,南亞,10,0,10,國票-北投,2024-01-11,7792
00937B,群益ESG投等債20,10,0,10,國票-北投,2024-01-11,7792
1319,東陽,10,0,10,國票-北投,2024-01-11,7792
4716,大立,10,0,10,國票-北投,2024-01-11,7792
3025,星通,11,2,9,國票-北投,2024-01-11,7792
1815,富喬,11,3,8,國票-北投,2024-01-11,7792
2449,京元電子,8,0,8,國票-北投,2024-01-11,7792
2303,聯電,18,11,7,國票-北投,2024-01-11,7792
2301,光寶科,6,0,6,國票-北投,2024-01-11,7792
3287,廣寰科,6,0,6,國票-北投,2024-01-11,7792
2458,義隆,6,0,6,國票-北投,2024-01-11,7792
1524,耿鼎,6,0,6,國票-北投,2024-01-11,7792
2408,南亞科,6,0,6,國票-北投,2024-01-11,7792
3264,欣銓,6,0,6,國票-北投,2024-01-11,7792
6188,廣明,6,0,6,國票-北投,2024-01-11,7792
5425,台半,5,0,5,國票-北投,2024-01-11,7792
6111,大宇資,5,0,5,國票-北投,2024-01-11,7792
6113,亞矽,5,0,5,國票-北投,2024-01-11,7792
6120,達運,15,10,5,國票-北投,2024-01-11,7792
6239,力成,7,2,5,國票-北投,2024-01-11,7792
6265,方土昶,5,0,5,國票-北投,2024-01-11,7792
6672,騰輝電子-KY,5,0,5,國票-北投,2024-01-11,7792
8086,宏捷科,5,0,5,國票-北投,2024-01-11,7792
8477,創業家,5,0,5,國票-北投,2024-01-11,7792
8936,國統,6,1,5,國票-北投,2024-01-11,7792
00687B,國泰20年美債,4,0,4,國票-北投,2024-01-11,7792
2331,精英,7,3,4,國票-北投,2024-01-11,7792
2618,長榮航,6,2,4,國票-北投,2024-01-11,7792
6535,順藥,4,0,4,國票-北投,2024-01-11,7792
6695,芯鼎,6,2,4,國票-北投,2024-01-11,7792
6770,力積電,4,0,4,國票-北投,2024-01-11,7792
1519,華城,6,3,3,國票-北投,2024-01-11,7792
1449,佳和,3,0,3,國票-北投,2024-01-11,7792
0056,元大高股息,4,1,3,國票-北投,2024-01-11,7792
2388,威盛,3,0,3,國票-北投,2024-01-11,7792
2606,裕民,4,1,3,國票-北投,2024-01-11,7792
3217,優群,5,2,3,國票-北投,2024-01-11,7792
3354,律勝,3,0,3,國票-北投,2024-01-11,7792
3588,通嘉,3,0,3,國票-北投,2024-01-11,7792
3622,洋華,5,2,3,國票-北投,2024-01-11,7792
3702,大聯大,3,0,3,國票-北投,2024-01-11,7792
3706,神達,13,10,3,國票-北投,2024-01-11,7792
4909,新復興,210,0,210,國票-北投,2024-01-12,7792
2610,華航,51,0,51,國票-北投,2024-01-12,7792
00929,復華台灣科技優息,28,1,27,國票-北投,2024-01-12,7792
2882,國泰金,26,2,24,國票-北投,2024-01-12,7792
4906,正文,23,0,23,國票-北投,2024-01-12,7792
00934,中信成長高股息,20,0,20,國票-北投,2024-01-12,7792
3706,神達,29,10,19,國票-北投,2024-01-12,7792
6442,光聖,18,0,18,國票-北投,2024-01-12,7792
2618,長榮航,22,6,16,國票-北投,2024-01-12,7792
00923,群益台ESG低碳50,15,0,15,國票-北投,2024-01-12,7792
0056,元大高股息,15,0,15,國票-北投,2024-01-12,7792
6140,訊達,14,0,14,國票-北投,2024-01-12,7792
2454,聯發科,13,0,13,國票-北投,2024-01-12,7792
8176,智捷,13,0,13,國票-北投,2024-01-12,7792
00885,富邦越南,11,0,11,國票-北投,2024-01-12,7792
6120,達運,12,1,11,國票-北投,2024-01-12,7792
2301,光寶科,30,20,10,國票-北投,2024-01-12,7792
1524,耿鼎,10,0,10,國票-北投,2024-01-12,7792
00637L,元大滬深300正2,15,5,10,國票-北投,2024-01-12,7792
00930,永豐ESG低碳高息,10,0,10,國票-北投,2024-01-12,7792
2313,華通,11,1,10,國票-北投,2024-01-12,7792
2387,精元,10,0,10,國票-北投,2024-01-12,7792
4138,曜亞,10,0,10,國票-北投,2024-01-12,7792
2401,凌陽,9,0,9,國票-北投,2024-01-12,7792
00919,群益台灣精選高息,9,0,9,國票-北投,2024-01-12,7792
3035,智原,15,7,8,國票-北投,2024-01-12,7792
3228,金麗科,10,2,8,國票-北投,2024-01-12,7792
2453,凌群,7,0,7,國票-北投,2024-01-12,7792
1528,恩德,13,6,7,國票-北投,2024-01-12,7792
00937B,群益ESG投等債20,7,0,7,國票-北投,2024-01-12,7792
3714,富采,7,0,7,國票-北投,2024-01-12,7792
4956,光鋐,10,3,7,國票-北投,2024-01-12,7792
5521,工信,7,0,7,國票-北投,2024-01-12,7792
8150,南茂,6,0,6,國票-北投,2024-01-12,7792
2364,倫飛,6,0,6,國票-北投,2024-01-12,7792
3217,優群,6,0,6,國票-北投,2024-01-12,7792
5443,均豪,6,0,6,國票-北投,2024-01-12,7792
6284,佳邦,6,0,6,國票-北投,2024-01-12,7792
2330,台積電,7,2,5,國票-北投,2024-01-12,7792
3515,華擎,5,0,5,國票-北投,2024-01-12,7792
3518,柏騰,5,0,5,國票-北投,2024-01-12,7792
6462,神盾,8,3,5,國票-北投,2024-01-12,7792
6770,力積電,5,0,5,國票-北投,2024-01-12,7792
2889,國票金,5,0,5,國票-北投,2024-01-12,7792
3528,安馳,4,0,4,國票-北投,2024-01-12,7792
2356,英業達,41,38,3,國票-北投,2024-01-12,7792
1815,富喬,3,0,3,國票-北投,2024-01-12,7792
2369,菱生,3,0,3,國票-北投,2024-01-12,7792
3588,通嘉,3,0,3,國票-北投,2024-01-12,7792
3596,智易,3,0,3,國票-北投,2024-01-12,7792
2888,新光金,160,1,159,國票-北投,2024-01-15,7792
1513,中興電,88,4,84,國票-北投,2024-01-15,7792
2402,毅嘉,70,0,70,國票-北投,2024-01-15,7792
00900,富邦特選高股息30,72,3,69,國票-北投,2024-01-15,7792
00929,復華台灣科技優息,71,5,66,國票-北投,2024-01-15,7792
2032,新鋼,35,0,35,國票-北投,2024-01-15,7792
2382,廣達,23,2,21,國票-北投,2024-01-15,7792
6120,達運,22,3,19,國票-北投,2024-01-15,7792
1529,樂事綠能,14,0,14,國票-北投,2024-01-15,7792
2634,漢翔,14,0,14,國票-北投,2024-01-15,7792
0056,元大高股息,12,1,11,國票-北投,2024-01-15,7792
2356,英業達,13,2,11,國票-北投,2024-01-15,7792
2610,華航,11,0,11,國票-北投,2024-01-15,7792
00878,國泰永續高股息,11,0,11,國票-北投,2024-01-15,7792
00665L,富邦�琤肭磪囓�2,10,0,10,國票-北投,2024-01-15,7792
3402,漢科,10,0,10,國票-北投,2024-01-15,7792
3481,群創,15,5,10,國票-北投,2024-01-15,7792
3706,神達,10,0,10,國票-北投,2024-01-15,7792
8176,智捷,10,0,10,國票-北投,2024-01-15,7792
8477,創業家,10,0,10,國票-北投,2024-01-15,7792
5425,台半,10,0,10,國票-北投,2024-01-15,7792
2317,鴻海,9,0,9,國票-北投,2024-01-15,7792
2618,長榮航,19,10,9,國票-北投,2024-01-15,7792
3017,奇鋐,10,1,9,國票-北投,2024-01-15,7792
1591,駿吉-KY,8,0,8,國票-北投,2024-01-15,7792
3287,廣寰科,8,0,8,國票-北投,2024-01-15,7792
6906,現觀科,8,0,8,國票-北投,2024-01-15,7792
5351,鈺創,19,12,7,國票-北投,2024-01-15,7792
00712,復華富時不動產,6,0,6,國票-北投,2024-01-15,7792
3362,先進光,9,3,6,國票-北投,2024-01-15,7792
2030,彰源,5,0,5,國票-北投,2024-01-15,7792
2301,光寶科,5,0,5,國票-北投,2024-01-15,7792
2363,矽統,5,0,5,國票-北投,2024-01-15,7792
2409,友達,5,0,5,國票-北投,2024-01-15,7792
1514,亞力,27,23,4,國票-北投,2024-01-15,7792
2344,華邦電,7,3,4,國票-北投,2024-01-15,7792
2882,國泰金,4,0,4,國票-北投,2024-01-15,7792
00927,群益半導體收益,3,0,3,國票-北投,2024-01-15,7792
1810,和成,3,0,3,國票-北投,2024-01-15,7792
2313,華通,4,1,3,國票-北投,2024-01-15,7792
2816,旺旺保,3,0,3,國票-北投,2024-01-15,7792
3013,晟銘電,3,0,3,國票-北投,2024-01-15,7792
3058,立德,3,0,3,國票-北投,2024-01-15,7792
3548,兆利,22,19,3,國票-北投,2024-01-15,7792
3711,日月光投控,3,0,3,國票-北投,2024-01-15,7792
4968,立積,3,0,3,國票-北投,2024-01-15,7792
9945,潤泰新,3,0,3,國票-北投,2024-01-15,7792
2603,長榮,3,0,3,國票-北投,2024-01-15,7792
8271,宇瞻,2,0,2,國票-北投,2024-01-15,7792
1101,台泥,2,0,2,國票-北投,2024-01-15,7792
00929,復華台灣科技優息,63,1,62,國票-北投,2024-01-16,7792
2032,新鋼,60,0,60,國票-北投,2024-01-16,7792
00650L,復華香港正2,50,0,50,國票-北投,2024-01-16,7792
1909,榮成,50,0,50,國票-北投,2024-01-16,7792
00904,新光臺灣半導體30,41,0,41,國票-北投,2024-01-16,7792
3363,上詮,42,2,40,國票-北投,2024-01-16,7792
2486,一詮,40,2,38,國票-北投,2024-01-16,7792
2618,長榮航,38,1,37,國票-北投,2024-01-16,7792
00919,群益台灣精選高息,31,0,31,國票-北投,2024-01-16,7792
2888,新光金,30,2,28,國票-北投,2024-01-16,7792
2303,聯電,27,0,27,國票-北投,2024-01-16,7792
00720B,元大投資級公司債,26,0,26,國票-北投,2024-01-16,7792
3231,緯創,31,5,26,國票-北投,2024-01-16,7792
00882,中信中國高股息,21,0,21,國票-北投,2024-01-16,7792
2886,兆豐金,21,0,21,國票-北投,2024-01-16,7792
6531,愛普*,28,8,20,國票-北投,2024-01-16,7792
1609,大亞,21,2,19,國票-北投,2024-01-16,7792
2030,彰源,18,0,18,國票-北投,2024-01-16,7792
00923,群益台ESG低碳50,17,0,17,國票-北投,2024-01-16,7792
2353,宏��,25,10,15,國票-北投,2024-01-16,7792
4909,新復興,16,2,14,國票-北投,2024-01-16,7792
5351,鈺創,19,5,14,國票-北投,2024-01-16,7792
6116,彩晶,12,0,12,國票-北投,2024-01-16,7792
5347,世界,14,2,12,國票-北投,2024-01-16,7792
2882,國泰金,11,0,11,國票-北投,2024-01-16,7792
1326,台化,11,0,11,國票-北投,2024-01-16,7792
00878,國泰永續高股息,11,0,11,國票-北投,2024-01-16,7792
2645,長榮航太,10,0,10,國票-北投,2024-01-16,7792
00665L,富邦�琤肭磪囓�2,10,0,10,國票-北投,2024-01-16,7792
1718,中纖,10,0,10,國票-北投,2024-01-16,7792
2609,陽明,12,2,10,國票-北投,2024-01-16,7792
3081,聯亞,10,0,10,國票-北投,2024-01-16,7792
3576,聯合再生,10,0,10,國票-北投,2024-01-16,7792
6167,久正,10,0,10,國票-北投,2024-01-16,7792
2313,華通,13,3,10,國票-北投,2024-01-16,7792
00927,群益半導體收益,9,0,9,國票-北投,2024-01-16,7792
8096,擎亞,21,12,9,國票-北投,2024-01-16,7792
8440,綠電,12,3,9,國票-北投,2024-01-16,7792
1101,台泥,8,0,8,國票-北投,2024-01-16,7792
2548,華固,8,0,8,國票-北投,2024-01-16,7792
3374,精材,8,0,8,國票-北投,2024-01-16,7792
1503,士電,7,0,7,國票-北投,2024-01-16,7792
3588,通嘉,7,0,7,國票-北投,2024-01-16,7792
4402,郡都開發,7,0,7,國票-北投,2024-01-16,7792
2308,台達電,6,0,6,國票-北投,2024-01-16,7792
1504,東元,6,0,6,國票-北投,2024-01-16,7792
2324,仁寶,6,0,6,國票-北投,2024-01-16,7792
2405,輔信,10,4,6,國票-北投,2024-01-16,7792
3706,神達,6,0,6,國票-北投,2024-01-16,7792
4164,承業醫,6,0,6,國票-北投,2024-01-16,7792
00650L,復華香港正2,101,0,101,國票-北投,2024-01-17,7792
2353,宏��,64,5,59,國票-北投,2024-01-17,7792
00882,中信中國高股息,51,1,50,國票-北投,2024-01-17,7792
3066,李洲,55,8,47,國票-北投,2024-01-17,7792
00937B,群益ESG投等債20,46,1,45,國票-北投,2024-01-17,7792
00725B,國泰投資級公司債,43,0,43,國票-北投,2024-01-17,7792
00665L,富邦�琤肭磪囓�2,41,0,41,國票-北投,2024-01-17,7792
00929,復華台灣科技優息,77,37,40,國票-北投,2024-01-17,7792
2303,聯電,42,10,32,國票-北投,2024-01-17,7792
3694,海華,35,4,31,國票-北投,2024-01-17,7792
2888,新光金,30,0,30,國票-北投,2024-01-17,7792
00919,群益台灣精選高息,33,3,30,國票-北投,2024-01-17,7792
1605,華新,28,0,28,國票-北投,2024-01-17,7792
2002,中鋼,27,0,27,國票-北投,2024-01-17,7792
1301,台塑,27,0,27,國票-北投,2024-01-17,7792
0056,元大高股息,26,0,26,國票-北投,2024-01-17,7792
00687B,國泰20年美債,23,0,23,國票-北投,2024-01-17,7792
3006,晶豪科,21,0,21,國票-北投,2024-01-17,7792
2027,大成鋼,20,0,20,國票-北投,2024-01-17,7792
2882,國泰金,20,2,18,國票-北投,2024-01-17,7792
00637L,元大滬深300正2,52,35,17,國票-北投,2024-01-17,7792
4909,新復興,18,1,17,國票-北投,2024-01-17,7792
6243,迅杰,18,3,15,國票-北投,2024-01-17,7792
4188,安克,15,1,14,國票-北投,2024-01-17,7792
2371,大同,13,0,13,國票-北投,2024-01-17,7792
1609,大亞,14,2,12,國票-北投,2024-01-17,7792
2486,一詮,27,15,12,國票-北投,2024-01-17,7792
2498,宏達電,12,0,12,國票-北投,2024-01-17,7792
2886,兆豐金,11,0,11,國票-北投,2024-01-17,7792
6244,茂迪,11,0,11,國票-北投,2024-01-17,7792
2344,華邦電,20,10,10,國票-北投,2024-01-17,7792
00712,復華富時不動產,11,1,10,國票-北投,2024-01-17,7792
2312,金寶,10,0,10,國票-北投,2024-01-17,7792
2615,萬海,10,0,10,國票-北投,2024-01-17,7792
2816,旺旺保,10,0,10,國票-北投,2024-01-17,7792
8033,雷虎,10,0,10,國票-北投,2024-01-17,7792
00888,永豐台灣ESG,9,0,9,國票-北投,2024-01-17,7792
3518,柏騰,8,0,8,國票-北投,2024-01-17,7792
6789,采鈺,8,0,8,國票-北投,2024-01-17,7792
2454,聯發科,7,0,7,國票-北投,2024-01-17,7792
2408,南亞科,7,0,7,國票-北投,2024-01-17,7792
2609,陽明,7,0,7,國票-北投,2024-01-17,7792
1101,台泥,7,1,6,國票-北投,2024-01-17,7792
9904,寶成,6,0,6,國票-北投,2024-01-17,7792
3045,台灣大,6,0,6,國票-北投,2024-01-17,7792
2481,強茂,8,2,6,國票-北投,2024-01-17,7792
2880,華南金,6,0,6,國票-北投,2024-01-17,7792
2884,玉山金,6,0,6,國票-北投,2024-01-17,7792
4956,光鋐,15,9,6,國票-北投,2024-01-17,7792
6284,佳邦,6,0,6,國票-北投,2024-01-17,7792
2002,中鋼,213,0,213,國票-北投,2024-01-18,7792
2312,金寶,121,1,120,國票-北投,2024-01-18,7792
2337,旺宏,90,0,90,國票-北投,2024-01-18,7792
00637L,元大滬深300正2,68,0,68,國票-北投,2024-01-18,7792
3711,日月光投控,60,0,60,國票-北投,2024-01-18,7792
2324,仁寶,44,6,38,國票-北投,2024-01-18,7792
00929,復華台灣科技優息,18,0,18,國票-北投,2024-01-18,7792
00919,群益台灣精選高息,19,2,17,國票-北投,2024-01-18,7792
3321,同泰,15,0,15,國票-北投,2024-01-18,7792
2882,國泰金,14,0,14,國票-北投,2024-01-18,7792
4909,新復興,12,0,12,國票-北投,2024-01-18,7792
1301,台塑,11,0,11,國票-北投,2024-01-18,7792
1609,大亞,11,0,11,國票-北投,2024-01-18,7792
2884,玉山金,11,0,11,國票-北投,2024-01-18,7792
2303,聯電,23,12,11,國票-北投,2024-01-18,7792
00882,中信中國高股息,27,17,10,國票-北投,2024-01-18,7792
1616,億泰,10,0,10,國票-北投,2024-01-18,7792
2338,光罩,10,0,10,國票-北投,2024-01-18,7792
2506,太設,10,0,10,國票-北投,2024-01-18,7792
3050,鈺德,10,0,10,國票-北投,2024-01-18,7792
3363,上詮,13,3,10,國票-北投,2024-01-18,7792
5243,乙盛-KY,10,0,10,國票-北投,2024-01-18,7792
5328,華容,10,0,10,國票-北投,2024-01-18,7792
5471,松翰,10,0,10,國票-北投,2024-01-18,7792
2382,廣達,14,5,9,國票-北投,2024-01-18,7792
00931B,統一美債20年,8,0,8,國票-北投,2024-01-18,7792
3588,通嘉,7,0,7,國票-北投,2024-01-18,7792
3622,洋華,10,3,7,國票-北投,2024-01-18,7792
2887,台新金,7,0,7,國票-北投,2024-01-18,7792
1303,南亞,6,0,6,國票-北投,2024-01-18,7792
2014,中鴻,7,1,6,國票-北投,2024-01-18,7792
2204,中華,6,0,6,國票-北投,2024-01-18,7792
2371,大同,6,0,6,國票-北投,2024-01-18,7792
3380,明泰,6,0,6,國票-北投,2024-01-18,7792
3694,海華,10,4,6,國票-北投,2024-01-18,7792
4979,華星光,9,3,6,國票-北投,2024-01-18,7792
0056,元大高股息,5,0,5,國票-北投,2024-01-18,7792
00713,元大台灣高息低波,5,0,5,國票-北投,2024-01-18,7792
1466,聚隆,5,0,5,國票-北投,2024-01-18,7792
00900,富邦特選高股息30,5,0,5,國票-北投,2024-01-18,7792
2633,台灣高鐵,5,0,5,國票-北投,2024-01-18,7792
2634,漢翔,7,2,5,國票-北投,2024-01-18,7792
3149,正達,5,0,5,國票-北投,2024-01-18,7792
4138,曜亞,5,0,5,國票-北投,2024-01-18,7792
5706,鳳凰,5,0,5,國票-北投,2024-01-18,7792
5880,合庫金,5,0,5,國票-北投,2024-01-18,7792
6188,廣明,5,0,5,國票-北投,2024-01-18,7792
6531,愛普*,5,0,5,國票-北投,2024-01-18,7792
8150,南茂,10,5,5,國票-北投,2024-01-18,7792
00633L,富邦上証正2,5,1,4,國票-北投,2024-01-18,7792
00680L,元大美債20正2,1601,0,1601,國票-北投,2024-01-19,7792
2208,台船,100,0,100,國票-北投,2024-01-19,7792
2867,三商壽,50,0,50,國票-北投,2024-01-19,7792
00725B,國泰投資級公司債,45,0,45,國票-北投,2024-01-19,7792
2355,敬鵬,40,0,40,國票-北投,2024-01-19,7792
00687B,國泰20年美債,37,0,37,國票-北投,2024-01-19,7792
6168,宏齊,32,0,32,國票-北投,2024-01-19,7792
00929,復華台灣科技優息,30,0,30,國票-北投,2024-01-19,7792
6166,凌華,30,0,30,國票-北投,2024-01-19,7792
00664R,國泰臺灣加權反1,20,0,20,國票-北投,2024-01-19,7792
4956,光鋐,24,6,18,國票-北投,2024-01-19,7792
2888,新光金,17,2,15,國票-北投,2024-01-19,7792
3032,偉訓,16,2,14,國票-北投,2024-01-19,7792
2885,元大金,15,2,13,國票-北投,2024-01-19,7792
00904,新光臺灣半導體30,13,0,13,國票-北投,2024-01-19,7792
2402,毅嘉,13,0,13,國票-北投,2024-01-19,7792
2498,宏達電,12,0,12,國票-北投,2024-01-19,7792
006205,富邦上証,11,0,11,國票-北投,2024-01-19,7792
00679B,元大美債20年,11,0,11,國票-北投,2024-01-19,7792
4960,誠美材,11,0,11,國票-北投,2024-01-19,7792
00937B,群益ESG投等債20,20,10,10,國票-北投,2024-01-19,7792
1718,中纖,10,0,10,國票-北投,2024-01-19,7792
3402,漢科,10,0,10,國票-北投,2024-01-19,7792
4702,中美實,10,0,10,國票-北投,2024-01-19,7792
5515,建國,10,0,10,國票-北投,2024-01-19,7792
8112,至上,10,0,10,國票-北投,2024-01-19,7792
00919,群益台灣精選高息,10,0,10,國票-北投,2024-01-19,7792
1314,中石化,10,2,8,國票-北投,2024-01-19,7792
2486,一詮,9,1,8,國票-北投,2024-01-19,7792
6125,廣運,7,0,7,國票-北投,2024-01-19,7792
00898,國泰基因免疫革命,6,0,6,國票-北投,2024-01-19,7792
3380,明泰,7,1,6,國票-北投,2024-01-19,7792
6531,愛普*,7,1,6,國票-北投,2024-01-19,7792
8213,志超,6,0,6,國票-北投,2024-01-19,7792
2303,聯電,5,0,5,國票-北投,2024-01-19,7792
00936,台新永續高息中小,5,0,5,國票-北投,2024-01-19,7792
00931B,統一美債20年,5,0,5,國票-北投,2024-01-19,7792
2103,台橡,5,0,5,國票-北投,2024-01-19,7792
2388,威盛,5,0,5,國票-北投,2024-01-19,7792
2739,寒舍,5,0,5,國票-北投,2024-01-19,7792
2845,遠東銀,5,0,5,國票-北投,2024-01-19,7792
2884,玉山金,5,0,5,國票-北投,2024-01-19,7792
3038,全台,5,0,5,國票-北投,2024-01-19,7792
4979,華星光,5,0,5,國票-北投,2024-01-19,7792
5425,台半,5,0,5,國票-北投,2024-01-19,7792
6153,嘉聯益,5,0,5,國票-北投,2024-01-19,7792
00882,中信中國高股息,4,0,4,國票-北投,2024-01-19,7792
8040,九暘,4,0,4,國票-北投,2024-01-19,7792
1101,台泥,4,0,4,國票-北投,2024-01-19,7792
1514,亞力,5,1,4,國票-北投,2024-01-19,7792
2312,金寶,171,1,170,國票-北投,2024-01-22,7792
2208,台船,100,0,100,國票-北投,2024-01-22,7792
2867,三商壽,50,0,50,國票-北投,2024-01-22,7792
2402,毅嘉,46,15,31,國票-北投,2024-01-22,7792
2353,宏��,45,16,29,國票-北投,2024-01-22,7792
2324,仁寶,30,5,25,國票-北投,2024-01-22,7792
00882,中信中國高股息,23,0,23,國票-北投,2024-01-22,7792
2891,中信金,22,1,21,國票-北投,2024-01-22,7792
00665L,富邦�琤肭磪囓�2,20,0,20,國票-北投,2024-01-22,7792
6191,精成科,20,0,20,國票-北投,2024-01-22,7792
3694,海華,21,2,19,國票-北投,2024-01-22,7792
1504,東元,15,2,13,國票-北投,2024-01-22,7792
3481,群創,18,6,12,國票-北投,2024-01-22,7792
1528,恩德,16,4,12,國票-北投,2024-01-22,7792
00919,群益台灣精選高息,15,3,12,國票-北投,2024-01-22,7792
00650L,復華香港正2,11,0,11,國票-北投,2024-01-22,7792
5351,鈺創,11,0,11,國票-北投,2024-01-22,7792
00753L,中信中國50正2,10,0,10,國票-北投,2024-01-22,7792
3037,欣興,15,5,10,國票-北投,2024-01-22,7792
2409,友達,20,11,9,國票-北投,2024-01-22,7792
2486,一詮,9,0,9,國票-北投,2024-01-22,7792
2890,永豐金,8,0,8,國票-北投,2024-01-22,7792
00929,復華台灣科技優息,8,0,8,國票-北投,2024-01-22,7792
2316,楠梓電,7,0,7,國票-北投,2024-01-22,7792
2498,宏達電,6,0,6,國票-北投,2024-01-22,7792
2884,玉山金,6,0,6,國票-北投,2024-01-22,7792
3305,昇貿,6,0,6,國票-北投,2024-01-22,7792
5347,世界,6,0,6,國票-北投,2024-01-22,7792
5880,合庫金,6,0,6,國票-北投,2024-01-22,7792
3033,威健,6,1,5,國票-北投,2024-01-22,7792
4744,皇將,5,0,5,國票-北投,2024-01-22,7792
6161,捷波,5,0,5,國票-北投,2024-01-22,7792
6550,北極星藥業-KY,7,2,5,國票-北投,2024-01-22,7792
8054,安國,11,6,5,國票-北投,2024-01-22,7792
2906,高林,4,0,4,國票-北投,2024-01-22,7792
3013,晟銘電,8,4,4,國票-北投,2024-01-22,7792
3019,亞光,4,0,4,國票-北投,2024-01-22,7792
3443,創意,5,1,4,國票-北投,2024-01-22,7792
6509,聚和,4,0,4,國票-北投,2024-01-22,7792
2889,國票金,3,0,3,國票-北投,2024-01-22,7792
00937B,群益ESG投等債20,3,0,3,國票-北投,2024-01-22,7792
1609,大亞,3,0,3,國票-北投,2024-01-22,7792
2243,宏旭-KY,3,0,3,國票-北投,2024-01-22,7792
2362,藍天,5,2,3,國票-北投,2024-01-22,7792
3051,力特,3,0,3,國票-北投,2024-01-22,7792
4510,高鋒,3,0,3,國票-北投,2024-01-22,7792
4909,新復興,3,0,3,國票-北投,2024-01-22,7792
4938,和碩,3,0,3,國票-北投,2024-01-22,7792
6120,達運,5,2,3,國票-北投,2024-01-22,7792
6168,宏齊,23,20,3,國票-北投,2024-01-22,7792
00929,復華台灣科技優息,74,12,62,國票-北投,2024-01-23,7792
00637L,元大滬深300正2,75,32,43,國票-北投,2024-01-23,7792
6116,彩晶,54,11,43,國票-北投,2024-01-23,7792
2355,敬鵬,27,0,27,國票-北投,2024-01-23,7792
4960,誠美材,25,0,25,國票-北投,2024-01-23,7792
2312,金寶,30,6,24,國票-北投,2024-01-23,7792
3694,海華,25,4,21,國票-北投,2024-01-23,7792
1714,和桐,20,0,20,國票-北投,2024-01-23,7792
6443,元晶,20,0,20,國票-北投,2024-01-23,7792
6274,台燿,25,7,18,國票-北投,2024-01-23,7792
2486,一詮,16,0,16,國票-北投,2024-01-23,7792
2344,華邦電,26,12,14,國票-北投,2024-01-23,7792
2421,建準,20,7,13,國票-北投,2024-01-23,7792
2329,華泰,14,1,13,國票-北投,2024-01-23,7792
2401,凌陽,12,0,12,國票-北投,2024-01-23,7792
2618,長榮航,23,12,11,國票-北投,2024-01-23,7792
1504,東元,21,10,11,國票-北投,2024-01-23,7792
1605,華新,10,0,10,國票-北投,2024-01-23,7792
2489,瑞軒,20,10,10,國票-北投,2024-01-23,7792
1515,力山,8,0,8,國票-北投,2024-01-23,7792
1609,大亞,12,4,8,國票-北投,2024-01-23,7792
3615,安可,10,3,7,國票-北投,2024-01-23,7792
2906,高林,6,0,6,國票-北投,2024-01-23,7792
3374,精材,6,0,6,國票-北投,2024-01-23,7792
00900,富邦特選高股息30,7,2,5,國票-北投,2024-01-23,7792
2891,中信金,5,0,5,國票-北投,2024-01-23,7792
3515,華擎,5,0,5,國票-北投,2024-01-23,7792
4919,新唐,5,0,5,國票-北投,2024-01-23,7792
5398,慕康生醫,5,0,5,國票-北投,2024-01-23,7792
6120,達運,10,5,5,國票-北投,2024-01-23,7792
8996,高力,5,0,5,國票-北投,2024-01-23,7792
5880,合庫金,4,0,4,國票-北投,2024-01-23,7792
2303,聯電,9,5,4,國票-北投,2024-01-23,7792
2324,仁寶,6,2,4,國票-北投,2024-01-23,7792
2888,新光金,4,0,4,國票-北投,2024-01-23,7792
3321,同泰,4,0,4,國票-北投,2024-01-23,7792
5521,工信,4,0,4,國票-北投,2024-01-23,7792
8034,榮群,7,3,4,國票-北投,2024-01-23,7792
2308,台達電,4,0,4,國票-北投,2024-01-23,7792
2460,建通,7,4,3,國票-北投,2024-01-23,7792
00891,中信關鍵半導體,3,0,3,國票-北投,2024-01-23,7792
2609,陽明,3,0,3,國票-北投,2024-01-23,7792
1513,中興電,4,1,3,國票-北投,2024-01-23,7792
2374,佳能,3,0,3,國票-北投,2024-01-23,7792
2465,麗臺,4,1,3,國票-北投,2024-01-23,7792
3054,立萬利,3,0,3,國票-北投,2024-01-23,7792
3189,景碩,3,0,3,國票-北投,2024-01-23,7792
5351,鈺創,15,12,3,國票-北投,2024-01-23,7792
6271,同欣電,3,0,3,國票-北投,2024-01-23,7792
6282,康舒,3,0,3,國票-北投,2024-01-23,7792
00637L,元大滬深300正2,130,18,112,國票-北投,2024-01-24,7792
00937B,群益ESG投等債20,34,0,34,國票-北投,2024-01-24,7792
4960,誠美材,34,2,32,國票-北投,2024-01-24,7792
1513,中興電,30,0,30,國票-北投,2024-01-24,7792
5432,新門,26,0,26,國票-北投,2024-01-24,7792
00725B,國泰投資級公司債,20,0,20,國票-北投,2024-01-24,7792
6531,愛普*,20,2,18,國票-北投,2024-01-24,7792
00929,復華台灣科技優息,16,0,16,國票-北投,2024-01-24,7792
2501,國建,15,0,15,國票-北投,2024-01-24,7792
2356,英業達,26,11,15,國票-北投,2024-01-24,7792
00687B,國泰20年美債,14,0,14,國票-北投,2024-01-24,7792
4123,晟德,15,1,14,國票-北投,2024-01-24,7792
2382,廣達,13,0,13,國票-北投,2024-01-24,7792
2409,友達,24,11,13,國票-北投,2024-01-24,7792
2208,台船,10,0,10,國票-北投,2024-01-24,7792
4720,德淵,10,0,10,國票-北投,2024-01-24,7792
2883B,凱基金乙特,10,0,10,國票-北投,2024-01-24,7792
2615,萬海,10,1,9,國票-北投,2024-01-24,7792
1336,台翰,7,0,7,國票-北投,2024-01-24,7792
6138,茂達,7,0,7,國票-北投,2024-01-24,7792
3083,網龍,6,0,6,國票-北投,2024-01-24,7792
3450,聯鈞,8,2,6,國票-北投,2024-01-24,7792
5398,慕康生醫,6,0,6,國票-北投,2024-01-24,7792
5426,振發,25,19,6,國票-北投,2024-01-24,7792
00679B,元大美債20年,5,0,5,國票-北投,2024-01-24,7792
2324,仁寶,5,0,5,國票-北投,2024-01-24,7792
3045,台灣大,5,0,5,國票-北投,2024-01-24,7792
1471,首利,5,0,5,國票-北投,2024-01-24,7792
00655L,國泰中國A50正2,5,0,5,國票-北投,2024-01-24,7792
2388,威盛,5,0,5,國票-北投,2024-01-24,7792
2425,承啟,5,0,5,國票-北投,2024-01-24,7792
2453,凌群,5,0,5,國票-北投,2024-01-24,7792
2454,聯發科,6,1,5,國票-北投,2024-01-24,7792
2465,麗臺,5,0,5,國票-北投,2024-01-24,7792
3149,正達,5,0,5,國票-北投,2024-01-24,7792
4915,致伸,5,0,5,國票-北投,2024-01-24,7792
5443,均豪,5,0,5,國票-北投,2024-01-24,7792
6667,信紘科,5,0,5,國票-北投,2024-01-24,7792
2344,華邦電,10,5,5,國票-北投,2024-01-24,7792
00919,群益台灣精選高息,6,1,5,國票-北投,2024-01-24,7792
1522,堤維西,4,0,4,國票-北投,2024-01-24,7792
2617,台航,4,0,4,國票-北投,2024-01-24,7792
3380,明泰,4,0,4,國票-北投,2024-01-24,7792
3545,敦泰,5,1,4,國票-北投,2024-01-24,7792
6111,大宇資,6,2,4,國票-北投,2024-01-24,7792
3443,創意,4,1,3,國票-北投,2024-01-24,7792
2633,台灣高鐵,3,0,3,國票-北投,2024-01-24,7792
2308,台達電,3,0,3,國票-北投,2024-01-24,7792
00918,大華優利高填息30,3,0,3,國票-北投,2024-01-24,7792
00751B,元大AAA至A公司債,3,0,3,國票-北投,2024-01-24,7792
00680L,元大美債20正2,1101,0,1101,國票-北投,2024-01-25,7792
1513,中興電,31,0,31,國票-北投,2024-01-25,7792
2312,金寶,30,0,30,國票-北投,2024-01-25,7792
6168,宏齊,25,0,25,國票-北投,2024-01-25,7792
8050,廣積,25,1,24,國票-北投,2024-01-25,7792
2353,宏��,38,15,23,國票-北投,2024-01-25,7792
00725B,國泰投資級公司債,22,0,22,國票-北投,2024-01-25,7792
8105,凌巨,20,0,20,國票-北投,2024-01-25,7792
2356,英業達,43,25,18,國票-北投,2024-01-25,7792
8054,安國,17,0,17,國票-北投,2024-01-25,7792
2484,希華,31,15,16,國票-北投,2024-01-25,7792
00687B,國泰20年美債,13,0,13,國票-北投,2024-01-25,7792
8064,東捷,12,0,12,國票-北投,2024-01-25,7792
00632R,元大台灣50反1,11,0,11,國票-北投,2024-01-25,7792
2344,華邦電,11,0,11,國票-北投,2024-01-25,7792
2486,一詮,12,1,11,國票-北投,2024-01-25,7792
2376,技嘉,11,1,10,國票-北投,2024-01-25,7792
00688L,國泰20年美債正2,10,0,10,國票-北投,2024-01-25,7792
1466,聚隆,10,0,10,國票-北投,2024-01-25,7792
2640,大車隊,10,0,10,國票-北投,2024-01-25,7792
3706,神達,14,4,10,國票-北投,2024-01-25,7792
5244,弘凱,10,0,10,國票-北投,2024-01-25,7792
5450,南良,10,0,10,國票-北投,2024-01-25,7792
6411,晶焱,10,0,10,國票-北投,2024-01-25,7792
3443,創意,10,2,8,國票-北投,2024-01-25,7792
2329,華泰,12,4,8,國票-北投,2024-01-25,7792
00679B,元大美債20年,7,0,7,國票-北投,2024-01-25,7792
2371,大同,7,0,7,國票-北投,2024-01-25,7792
3025,星通,8,1,7,國票-北投,2024-01-25,7792
00937B,群益ESG投等債20,6,0,6,國票-北投,2024-01-25,7792
2609,陽明,6,0,6,國票-北投,2024-01-25,7792
2337,旺宏,6,0,6,國票-北投,2024-01-25,7792
3035,智原,7,1,6,國票-北投,2024-01-25,7792
5521,工信,10,4,6,國票-北投,2024-01-25,7792
6477,安集,6,0,6,國票-北投,2024-01-25,7792
00929,復華台灣科技優息,6,0,6,國票-北投,2024-01-25,7792
2313,華通,5,0,5,國票-北投,2024-01-25,7792
1795,美時,5,0,5,國票-北投,2024-01-25,7792
2204,中華,5,0,5,國票-北投,2024-01-25,7792
2359,所羅門,5,0,5,國票-北投,2024-01-25,7792
2363,矽統,5,0,5,國票-北投,2024-01-25,7792
2368,金像電,6,1,5,國票-北投,2024-01-25,7792
3490,單井,5,0,5,國票-北投,2024-01-25,7792
3504,揚明光,5,0,5,國票-北投,2024-01-25,7792
6113,亞矽,6,1,5,國票-北投,2024-01-25,7792
6153,嘉聯益,5,0,5,國票-北投,2024-01-25,7792
6161,捷波,5,0,5,國票-北投,2024-01-25,7792
6584,南俊國際,5,0,5,國票-北投,2024-01-25,7792
6695,芯鼎,5,0,5,國票-北投,2024-01-25,7792
00878,國泰永續高股息,4,0,4,國票-北投,2024-01-25,7792
2303,聯電,107,5,102,國票-北投,2024-01-26,7792
00929,復華台灣科技優息,54,0,54,國票-北投,2024-01-26,7792
2317,鴻海,36,14,22,國票-北投,2024-01-26,7792
3231,緯創,49,27,22,國票-北投,2024-01-26,7792
4564,元翎,21,0,21,國票-北投,2024-01-26,7792
00919,群益台灣精選高息,19,0,19,國票-北投,2024-01-26,7792
2515,中工,16,0,16,國票-北投,2024-01-26,7792
00673R,期元大S＆P原油反1,15,0,15,國票-北投,2024-01-26,7792
2324,仁寶,17,2,15,國票-北投,2024-01-26,7792
4956,光鋐,13,0,13,國票-北投,2024-01-26,7792
5521,工信,11,0,11,國票-北投,2024-01-26,7792
00795B,中信美國公債20年,10,0,10,國票-北投,2024-01-26,7792
2323,中環,10,0,10,國票-北投,2024-01-26,7792
2431,聯昌,10,0,10,國票-北投,2024-01-26,7792
3504,揚明光,10,0,10,國票-北投,2024-01-26,7792
4157,太景*-KY,10,0,10,國票-北投,2024-01-26,7792
2312,金寶,10,1,9,國票-北投,2024-01-26,7792
6138,茂達,8,0,8,國票-北投,2024-01-26,7792
2329,華泰,10,3,7,國票-北投,2024-01-26,7792
2417,圓剛,8,1,7,國票-北投,2024-01-26,7792
2731,雄獅,7,0,7,國票-北投,2024-01-26,7792
0056,元大高股息,6,0,6,國票-北投,2024-01-26,7792
1528,恩德,6,0,6,國票-北投,2024-01-26,7792
2376,技嘉,10,4,6,國票-北投,2024-01-26,7792
2356,英業達,46,41,5,國票-北投,2024-01-26,7792
3032,偉訓,5,0,5,國票-北投,2024-01-26,7792
3059,華晶科,5,0,5,國票-北投,2024-01-26,7792
9935,慶豐富,5,0,5,國票-北投,2024-01-26,7792
6530,創威,4,0,4,國票-北投,2024-01-26,7792
00891,中信關鍵半導體,4,0,4,國票-北投,2024-01-26,7792
2065,世豐,4,0,4,國票-北投,2024-01-26,7792
2457,飛宏,4,0,4,國票-北投,2024-01-26,7792
2641,正德,4,0,4,國票-北投,2024-01-26,7792
3675,德微,4,0,4,國票-北投,2024-01-26,7792
3694,海華,5,1,4,國票-北投,2024-01-26,7792
6237,驊訊,4,0,4,國票-北投,2024-01-26,7792
2454,聯發科,4,0,4,國票-北投,2024-01-26,7792
3029,零壹,3,0,3,國票-北投,2024-01-26,7792
3312,弘憶股,3,0,3,國票-北投,2024-01-26,7792
6274,台燿,28,25,3,國票-北投,2024-01-26,7792
8054,安國,6,3,3,國票-北投,2024-01-26,7792
00900,富邦特選高股息30,2,0,2,國票-北投,2024-01-26,7792
2377,微星,2,0,2,國票-北投,2024-01-26,7792
2405,輔信,2,0,2,國票-北投,2024-01-26,7792
2421,建準,6,4,2,國票-北投,2024-01-26,7792
3264,欣銓,2,0,2,國票-北投,2024-01-26,7792
3265,台星科,3,1,2,國票-北投,2024-01-26,7792
3518,柏騰,2,0,2,國票-北投,2024-01-26,7792
5258,虹堡,2,0,2,國票-北投,2024-01-26,7792
5347,世界,2,0,2,國票-北投,2024-01-26,7792
6282,康舒,97,2,95,國票-北投,2024-01-29,7792
00673R,期元大S＆P原油反1,41,0,41,國票-北投,2024-01-29,7792
2313,華通,31,3,28,國票-北投,2024-01-29,7792
00937B,群益ESG投等債20,27,0,27,國票-北投,2024-01-29,7792
00877,復華中國5G,21,0,21,國票-北投,2024-01-29,7792
00632R,元大台灣50反1,20,0,20,國票-北投,2024-01-29,7792
8064,東捷,21,3,18,國票-北投,2024-01-29,7792
2356,英業達,24,7,17,國票-北投,2024-01-29,7792
2610,華航,18,1,17,國票-北投,2024-01-29,7792
2337,旺宏,21,5,16,國票-北投,2024-01-29,7792
3402,漢科,16,0,16,國票-北投,2024-01-29,7792
2317,鴻海,16,1,15,國票-北投,2024-01-29,7792
3032,偉訓,19,5,14,國票-北投,2024-01-29,7792
3481,群創,26,12,14,國票-北投,2024-01-29,7792
3504,揚明光,11,0,11,國票-北投,2024-01-29,7792
00664R,國泰臺灣加權反1,10,0,10,國票-北投,2024-01-29,7792
1504,東元,11,1,10,國票-北投,2024-01-29,7792
3031,佰鴻,10,0,10,國票-北投,2024-01-29,7792
3231,緯創,24,14,10,國票-北投,2024-01-29,7792
2409,友達,11,2,9,國票-北投,2024-01-29,7792
3622,洋華,12,3,9,國票-北投,2024-01-29,7792
6125,廣運,10,2,8,國票-北投,2024-01-29,7792
00931B,統一美債20年,7,0,7,國票-北投,2024-01-29,7792
6120,達運,7,0,7,國票-北投,2024-01-29,7792
8489,三貝德,7,0,7,國票-北投,2024-01-29,7792
00751B,元大AAA至A公司債,6,0,6,國票-北投,2024-01-29,7792
6139,亞翔,6,0,6,國票-北投,2024-01-29,7792
0056,元大高股息,5,0,5,國票-北投,2024-01-29,7792
2520,冠德,5,0,5,國票-北投,2024-01-29,7792
2641,正德,5,0,5,國票-北投,2024-01-29,7792
3380,明泰,5,0,5,國票-北投,2024-01-29,7792
3528,安馳,5,0,5,國票-北投,2024-01-29,7792
6190,萬泰科,6,1,5,國票-北投,2024-01-29,7792
9105,泰金寶-DR,5,0,5,國票-北投,2024-01-29,7792
2303,聯電,11,7,4,國票-北投,2024-01-29,7792
2603,長榮,4,0,4,國票-北投,2024-01-29,7792
1312,國喬,4,0,4,國票-北投,2024-01-29,7792
2353,宏��,9,5,4,國票-北投,2024-01-29,7792
3017,奇鋐,4,0,4,國票-北投,2024-01-29,7792
3518,柏騰,4,0,4,國票-北投,2024-01-29,7792
9919,康那香,3,0,3,國票-北投,2024-01-29,7792
2609,陽明,3,0,3,國票-北投,2024-01-29,7792
00720B,元大投資級公司債,3,0,3,國票-北投,2024-01-29,7792
1626,艾美特-KY,3,0,3,國票-北投,2024-01-29,7792
3264,欣銓,3,0,3,國票-北投,2024-01-29,7792
4968,立積,4,1,3,國票-北投,2024-01-29,7792
6117,迎廣,4,1,3,國票-北投,2024-01-29,7792
6187,萬潤,3,0,3,國票-北投,2024-01-29,7792
6237,驊訊,7,4,3,國票-北投,2024-01-29,7792
8033,雷虎,3,0,3,國票-北投,2024-01-29,7792
00637L,元大滬深300正2,157,27,130,國票-北投,2024-01-30,7792
8105,凌巨,23,0,23,國票-北投,2024-01-30,7792
2312,金寶,20,0,20,國票-北投,2024-01-30,7792
00633L,富邦上証正2,20,1,19,國票-北投,2024-01-30,7792
3380,明泰,19,1,18,國票-北投,2024-01-30,7792
9105,泰金寶-DR,19,1,18,國票-北投,2024-01-30,7792
2421,建準,18,3,15,國票-北投,2024-01-30,7792
00753L,中信中國50正2,15,0,15,國票-北投,2024-01-30,7792
2324,仁寶,13,0,13,國票-北投,2024-01-30,7792
5521,工信,12,0,12,國票-北投,2024-01-30,7792
2303,聯電,13,2,11,國票-北投,2024-01-30,7792
2886,兆豐金,11,0,11,國票-北投,2024-01-30,7792
00665L,富邦�琤肭磪囓�2,10,0,10,國票-北投,2024-01-30,7792
2453,凌群,11,1,10,國票-北投,2024-01-30,7792
4113,聯上,10,0,10,國票-北投,2024-01-30,7792
2353,宏��,13,5,8,國票-北投,2024-01-30,7792
3033,威健,9,1,8,國票-北投,2024-01-30,7792
6128,上福,8,0,8,國票-北投,2024-01-30,7792
5871,中租-KY,6,0,6,國票-北投,2024-01-30,7792
2065,世豐,6,0,6,國票-北投,2024-01-30,7792
2402,毅嘉,6,0,6,國票-北投,2024-01-30,7792
2406,國碩,6,0,6,國票-北投,2024-01-30,7792
4138,曜亞,6,0,6,國票-北投,2024-01-30,7792
4564,元翎,6,0,6,國票-北投,2024-01-30,7792
2609,陽明,5,0,5,國票-北投,2024-01-30,7792
1514,亞力,6,1,5,國票-北投,2024-01-30,7792
2337,旺宏,5,0,5,國票-北投,2024-01-30,7792
2352,佳世達,6,1,5,國票-北投,2024-01-30,7792
2812,台中銀,5,0,5,國票-北投,2024-01-30,7792
3312,弘憶股,5,0,5,國票-北投,2024-01-30,7792
3338,泰碩,5,0,5,國票-北投,2024-01-30,7792
4161,聿新科,5,0,5,國票-北投,2024-01-30,7792
6147,頎邦,5,0,5,國票-北投,2024-01-30,7792
6202,盛群,5,0,5,國票-北投,2024-01-30,7792
6275,元山,5,0,5,國票-北投,2024-01-30,7792
6285,啟��,5,0,5,國票-北投,2024-01-30,7792
2454,聯發科,7,3,4,國票-北投,2024-01-30,7792
1325,恆大,4,0,4,國票-北投,2024-01-30,7792
3032,偉訓,4,0,4,國票-北投,2024-01-30,7792
3504,揚明光,4,0,4,國票-北投,2024-01-30,7792
6182,合晶,3,0,3,國票-北投,2024-01-30,7792
00751B,元大AAA至A公司債,3,0,3,國票-北投,2024-01-30,7792
1515,力山,3,0,3,國票-北投,2024-01-30,7792
1101,台泥,3,0,3,國票-北投,2024-01-30,7792
2340,台亞,3,0,3,國票-北投,2024-01-30,7792
2388,威盛,3,0,3,國票-北投,2024-01-30,7792
3520,華盈,5,2,3,國票-北投,2024-01-30,7792
3548,兆利,18,15,3,國票-北投,2024-01-30,7792
4968,立積,6,3,3,國票-北投,2024-01-30,7792
5347,世界,3,0,3,國票-北投,2024-01-30,7792
3605,宏致,50,0,50,國票-北投,2024-01-31,7792
6147,頎邦,40,1,39,國票-北投,2024-01-31,7792
2313,華通,31,0,31,國票-北投,2024-01-31,7792
2834,臺企銀,30,0,30,國票-北投,2024-01-31,7792
2303,聯電,31,2,29,國票-北投,2024-01-31,7792
00753L,中信中國50正2,20,0,20,國票-北投,2024-01-31,7792
2312,金寶,20,0,20,國票-北投,2024-01-31,7792
2382,廣達,26,9,17,國票-北投,2024-01-31,7792
00919,群益台灣精選高息,13,0,13,國票-北投,2024-01-31,7792
2330,台積電,11,0,11,國票-北投,2024-01-31,7792
3481,群創,13,2,11,國票-北投,2024-01-31,7792
00665L,富邦�琤肭磪囓�2,10,0,10,國票-北投,2024-01-31,7792
00935,野村臺灣新科技50,10,0,10,國票-北投,2024-01-31,7792
3033,威健,10,0,10,國票-北投,2024-01-31,7792
3402,漢科,10,0,10,國票-北投,2024-01-31,7792
6108,競國,10,0,10,國票-北投,2024-01-31,7792
4142,國光生,9,0,9,國票-北投,2024-01-31,7792
4128,中天,9,0,9,國票-北投,2024-01-31,7792
6530,創威,16,7,9,國票-北投,2024-01-31,7792
8064,東捷,15,6,9,國票-北投,2024-01-31,7792
00937B,群益ESG投等債20,15,7,8,國票-北投,2024-01-31,7792
3305,昇貿,8,0,8,國票-北投,2024-01-31,7792
3706,神達,8,0,8,國票-北投,2024-01-31,7792
3231,緯創,17,9,8,國票-北投,2024-01-31,7792
2356,英業達,10,3,7,國票-北投,2024-01-31,7792
6237,驊訊,7,0,7,國票-北投,2024-01-31,7792
00905,FT臺灣Smart,6,0,6,國票-北投,2024-01-31,7792
2369,菱生,8,2,6,國票-北投,2024-01-31,7792
2409,友達,6,0,6,國票-北投,2024-01-31,7792
2412,中華電,5,0,5,國票-北投,2024-01-31,7792
1101,台泥,6,1,5,國票-北投,2024-01-31,7792
00881,國泰台灣5G+,5,0,5,國票-北投,2024-01-31,7792
00931B,統一美債20年,5,0,5,國票-北投,2024-01-31,7792
2465,麗臺,9,4,5,國票-北投,2024-01-31,7792
2641,正德,5,0,5,國票-北投,2024-01-31,7792
3437,榮創,5,0,5,國票-北投,2024-01-31,7792
4919,新唐,5,0,5,國票-北投,2024-01-31,7792
6168,宏齊,5,0,5,國票-北投,2024-01-31,7792
8059,凱碩,13,8,5,國票-北投,2024-01-31,7792
9105,泰金寶-DR,5,0,5,國票-北投,2024-01-31,7792
3530,晶相光,4,0,4,國票-北投,2024-01-31,7792
3105,穩懋,4,0,4,國票-北投,2024-01-31,7792
00679B,元大美債20年,4,0,4,國票-北投,2024-01-31,7792
00637L,元大滬深300正2,18,14,4,國票-北投,2024-01-31,7792
2492,華新科,5,1,4,國票-北投,2024-01-31,7792
3006,晶豪科,4,0,4,國票-北投,2024-01-31,7792
4564,元翎,9,5,4,國票-北投,2024-01-31,7792
5521,工信,6,2,4,國票-北投,2024-01-31,7792
2002,中鋼,3,0,3,國票-北投,2024-01-31,7792
3037,欣興,3,0,3,國票-北投,2024-01-31,7792
00680L,元大美債20正2,1601,0,1601,國票-北投,2024-02-01,7792
1513,中興電,300,5,295,國票-北投,2024-02-01,7792
2409,友達,214,0,214,國票-北投,2024-02-01,7792
3481,群創,77,12,65,國票-北投,2024-02-01,7792
4906,正文,20,1,19,國票-北投,2024-02-01,7792
3380,明泰,16,0,16,國票-北投,2024-02-01,7792
00665L,富邦�琤肭磪囓�2,15,0,15,國票-北投,2024-02-01,7792
2344,華邦電,15,0,15,國票-北投,2024-02-01,7792
8105,凌巨,15,0,15,國票-北投,2024-02-01,7792
3402,漢科,12,0,12,國票-北投,2024-02-01,7792
2323,中環,10,0,10,國票-北投,2024-02-01,7792
3535,晶彩科,10,0,10,國票-北投,2024-02-01,7792
8011,台通,10,0,10,國票-北投,2024-02-01,7792
8096,擎亞,12,2,10,國票-北投,2024-02-01,7792
2382,廣達,11,2,9,國票-北投,2024-02-01,7792
2867,三商壽,9,0,9,國票-北投,2024-02-01,7792
2892,第一金,10,1,9,國票-北投,2024-02-01,7792
3033,威健,18,10,8,國票-北投,2024-02-01,7792
8150,南茂,8,0,8,國票-北投,2024-02-01,7792
2303,聯電,23,15,8,國票-北投,2024-02-01,7792
1301,台塑,10,3,7,國票-北投,2024-02-01,7792
6229,研通,7,0,7,國票-北投,2024-02-01,7792
00923,群益台ESG低碳50,6,0,6,國票-北投,2024-02-01,7792
00679B,元大美債20年,5,0,5,國票-北投,2024-02-01,7792
8936,國統,12,7,5,國票-北投,2024-02-01,7792
1540,喬福,5,0,5,國票-北投,2024-02-01,7792
1609,大亞,5,0,5,國票-北投,2024-02-01,7792
2010,春源,5,0,5,國票-北投,2024-02-01,7792
2816,旺旺保,5,0,5,國票-北投,2024-02-01,7792
3025,星通,7,2,5,國票-北投,2024-02-01,7792
3037,欣興,5,0,5,國票-北投,2024-02-01,7792
6111,大宇資,5,0,5,國票-北投,2024-02-01,7792
9935,慶豐富,5,0,5,國票-北投,2024-02-01,7792
00891,中信關鍵半導體,4,0,4,國票-北投,2024-02-01,7792
2402,毅嘉,5,1,4,國票-北投,2024-02-01,7792
3694,海華,5,1,4,國票-北投,2024-02-01,7792
5355,佳總,4,0,4,國票-北投,2024-02-01,7792
8222,寶一,4,0,4,國票-北投,2024-02-01,7792
00929,復華台灣科技優息,4,0,4,國票-北投,2024-02-01,7792
2330,台積電,4,1,3,國票-北投,2024-02-01,7792
00878,國泰永續高股息,8,5,3,國票-北投,2024-02-01,7792
00905,FT臺灣Smart,3,0,3,國票-北投,2024-02-01,7792
00937B,群益ESG投等債20,3,0,3,國票-北投,2024-02-01,7792
00896,中信綠能及電動車,3,0,3,國票-北投,2024-02-01,7792
2364,倫飛,3,0,3,國票-北投,2024-02-01,7792
2425,承啟,5,2,3,國票-北投,2024-02-01,7792
3504,揚明光,3,0,3,國票-北投,2024-02-01,7792
5272,笙科,6,3,3,國票-北投,2024-02-01,7792
6265,方土昶,4,1,3,國票-北投,2024-02-01,7792
8227,巨有科技,5,2,3,國票-北投,2024-02-01,7792
3706,神達,37,0,37,國票-北投,2024-02-02,7792
00637L,元大滬深300正2,42,10,32,國票-北投,2024-02-02,7792
4906,正文,35,10,25,國票-北投,2024-02-02,7792
1460,宏遠,20,0,20,國票-北投,2024-02-02,7792
3402,漢科,20,0,20,國票-北投,2024-02-02,7792
2890,永豐金,20,2,18,國票-北投,2024-02-02,7792
2369,菱生,19,2,17,國票-北投,2024-02-02,7792
00929,復華台灣科技優息,15,0,15,國票-北投,2024-02-02,7792
2233,宇隆,14,0,14,國票-北投,2024-02-02,7792
2352,佳世達,14,1,13,國票-北投,2024-02-02,7792
3035,智原,15,2,13,國票-北投,2024-02-02,7792
2603,長榮,12,0,12,國票-北投,2024-02-02,7792
00715L,期街口布蘭特正2,12,0,12,國票-北投,2024-02-02,7792
3033,威健,11,0,11,國票-北投,2024-02-02,7792
6275,元山,11,0,11,國票-北投,2024-02-02,7792
00937B,群益ESG投等債20,13,3,10,國票-北投,2024-02-02,7792
00933B,國泰10Y+金融債,10,0,10,國票-北投,2024-02-02,7792
2886,兆豐金,10,0,10,國票-北投,2024-02-02,7792
00665L,富邦�琤肭磪囓�2,13,3,10,國票-北投,2024-02-02,7792
00636,國泰中國A50,10,0,10,國票-北投,2024-02-02,7792
00753L,中信中國50正2,10,0,10,國票-北投,2024-02-02,7792
2201,裕隆,10,0,10,國票-北投,2024-02-02,7792
2484,希華,10,0,10,國票-北投,2024-02-02,7792
3047,訊舟,10,0,10,國票-北投,2024-02-02,7792
6113,亞矽,10,0,10,國票-北投,2024-02-02,7792
6538,倉和,10,0,10,國票-北投,2024-02-02,7792
9927,泰銘,9,0,9,國票-北投,2024-02-02,7792
3518,柏騰,8,0,8,國票-北投,2024-02-02,7792
00900,富邦特選高股息30,7,0,7,國票-北投,2024-02-02,7792
2353,宏��,9,2,7,國票-北投,2024-02-02,7792
2313,華通,13,6,7,國票-北投,2024-02-02,7792
3264,欣銓,6,0,6,國票-北投,2024-02-02,7792
1503,士電,37,31,6,國票-北投,2024-02-02,7792
2609,陽明,7,1,6,國票-北投,2024-02-02,7792
3481,群創,9,3,6,國票-北投,2024-02-02,7792
2067,嘉鋼,6,0,6,國票-北投,2024-02-02,7792
2615,萬海,6,0,6,國票-北投,2024-02-02,7792
3483,力致,8,2,6,國票-北投,2024-02-02,7792
6442,光聖,6,0,6,國票-北投,2024-02-02,7792
2303,聯電,5,0,5,國票-北投,2024-02-02,7792
2618,長榮航,10,5,5,國票-北投,2024-02-02,7792
2891,中信金,5,0,5,國票-北投,2024-02-02,7792
00633L,富邦上証正2,5,0,5,國票-北投,2024-02-02,7792
00655L,國泰中國A50正2,5,0,5,國票-北投,2024-02-02,7792
1514,亞力,6,1,5,國票-北投,2024-02-02,7792
1618,合機,5,0,5,國票-北投,2024-02-02,7792
1795,美時,5,0,5,國票-北投,2024-02-02,7792
2023,燁輝,5,0,5,國票-北投,2024-02-02,7792
2377,微星,5,0,5,國票-北投,2024-02-02,7792
4543,萬在,6,1,5,國票-北投,2024-02-02,7792
00680L,元大美債20正2,400,0,400,國票-北投,2024-02-05,7792
2002,中鋼,105,0,105,國票-北投,2024-02-05,7792
2603,長榮,100,11,89,國票-北投,2024-02-05,7792
1503,士電,30,2,28,國票-北投,2024-02-05,7792
6112,邁達特,27,1,26,國票-北投,2024-02-05,7792
00715L,期街口布蘭特正2,22,0,22,國票-北投,2024-02-05,7792
2329,華泰,28,7,21,國票-北投,2024-02-05,7792
6125,廣運,22,1,21,國票-北投,2024-02-05,7792
1718,中纖,20,0,20,國票-北投,2024-02-05,7792
5432,新門,20,0,20,國票-北投,2024-02-05,7792
3694,海華,17,0,17,國票-北投,2024-02-05,7792
4909,新復興,17,0,17,國票-北投,2024-02-05,7792
00665L,富邦�琤肭磪囓�2,13,0,13,國票-北投,2024-02-05,7792
00929,復華台灣科技優息,16,5,11,國票-北投,2024-02-05,7792
00919,群益台灣精選高息,11,0,11,國票-北投,2024-02-05,7792
2356,英業達,30,20,10,國票-北投,2024-02-05,7792
00650L,復華香港正2,10,0,10,國票-北投,2024-02-05,7792
3035,智原,10,0,10,國票-北投,2024-02-05,7792
3504,揚明光,10,0,10,國票-北投,2024-02-05,7792
4720,德淵,10,0,10,國票-北投,2024-02-05,7792
8069,元太,10,1,9,國票-北投,2024-02-05,7792
1301,台塑,8,0,8,國票-北投,2024-02-05,7792
4142,國光生,8,0,8,國票-北投,2024-02-05,7792
2409,友達,12,5,7,國票-北投,2024-02-05,7792
1528,恩德,9,2,7,國票-北投,2024-02-05,7792
5426,振發,10,3,7,國票-北投,2024-02-05,7792
2330,台積電,12,5,7,國票-北投,2024-02-05,7792
1513,中興電,6,0,6,國票-北投,2024-02-05,7792
2371,大同,6,0,6,國票-北投,2024-02-05,7792
3673,TPK-KY,6,0,6,國票-北投,2024-02-05,7792
3376,新日興,16,10,6,國票-北投,2024-02-05,7792
00898,國泰基因免疫革命,5,0,5,國票-北投,2024-02-05,7792
2363,矽統,8,3,5,國票-北投,2024-02-05,7792
3545,敦泰,5,0,5,國票-北投,2024-02-05,7792
6143,振曜,5,0,5,國票-北投,2024-02-05,7792
6231,系微,5,0,5,國票-北投,2024-02-05,7792
6446,藥華藥,5,0,5,國票-北投,2024-02-05,7792
6584,南俊國際,6,1,5,國票-北投,2024-02-05,7792
8059,凱碩,12,7,5,國票-北投,2024-02-05,7792
2352,佳世達,5,1,4,國票-北投,2024-02-05,7792
2031,新光鋼,4,0,4,國票-北投,2024-02-05,7792
3305,昇貿,6,2,4,國票-北投,2024-02-05,7792
6117,迎廣,5,1,4,國票-北投,2024-02-05,7792
6189,豐藝,4,0,4,國票-北投,2024-02-05,7792
6509,聚和,4,0,4,國票-北投,2024-02-05,7792
2884,玉山金,3,0,3,國票-北投,2024-02-05,7792
00937B,群益ESG投等債20,3,0,3,國票-北投,2024-02-05,7792
2303,聯電,8,5,3,國票-北投,2024-02-05,7792
1532,勤美,3,0,3,國票-北投,2024-02-05,7792
2233,宇隆,3,0,3,國票-北投,2024-02-05,7792
00632R,元大台灣50反1,430,0,430,國票-北投,2024-02-15,7792
2603,長榮,103,12,91,國票-北投,2024-02-15,7792
00687B,國泰20年美債,49,0,49,國票-北投,2024-02-15,7792
00937B,群益ESG投等債20,45,0,45,國票-北投,2024-02-15,7792
6282,康舒,45,0,45,國票-北投,2024-02-15,7792
2356,英業達,81,37,44,國票-北投,2024-02-15,7792
4755,三福化,40,0,40,國票-北投,2024-02-15,7792
3032,偉訓,50,16,34,國票-北投,2024-02-15,7792
2313,華通,33,0,33,國票-北投,2024-02-15,7792
00725B,國泰投資級公司債,30,0,30,國票-北投,2024-02-15,7792
2312,金寶,30,1,29,國票-北投,2024-02-15,7792
3290,東浦,25,0,25,國票-北投,2024-02-15,7792
00679B,元大美債20年,23,0,23,國票-北投,2024-02-15,7792
00931B,統一美債20年,20,0,20,國票-北投,2024-02-15,7792
2353,宏��,47,31,16,國票-北投,2024-02-15,7792
2301,光寶科,16,0,16,國票-北投,2024-02-15,7792
3481,群創,19,4,15,國票-北投,2024-02-15,7792
00712,復華富時不動產,12,0,12,國票-北投,2024-02-15,7792
4147,中裕,12,0,12,國票-北投,2024-02-15,7792
8105,凌巨,12,0,12,國票-北投,2024-02-15,7792
2885,元大金,12,1,11,國票-北投,2024-02-15,7792
3306,鼎天,11,0,11,國票-北投,2024-02-15,7792
3045,台灣大,10,0,10,國票-北投,2024-02-15,7792
00664R,國泰臺灣加權反1,10,0,10,國票-北投,2024-02-15,7792
00673R,期元大S＆P原油反1,10,0,10,國票-北投,2024-02-15,7792
2034,允強,10,0,10,國票-北投,2024-02-15,7792
3207,耀勝,10,0,10,國票-北投,2024-02-15,7792
2634,漢翔,10,1,9,國票-北投,2024-02-15,7792
2886,兆豐金,9,0,9,國票-北投,2024-02-15,7792
3231,緯創,46,38,8,國票-北投,2024-02-15,7792
00933B,國泰10Y+金融債,8,0,8,國票-北投,2024-02-15,7792
2344,華邦電,7,0,7,國票-北投,2024-02-15,7792
00772B,中信高評級公司債,7,0,7,國票-北投,2024-02-15,7792
2365,昆盈,14,7,7,國票-北投,2024-02-15,7792
00680L,元大美債20正2,6,0,6,國票-北投,2024-02-15,7792
2204,中華,6,0,6,國票-北投,2024-02-15,7792
2615,萬海,6,0,6,國票-北投,2024-02-15,7792
2739,寒舍,6,0,6,國票-北投,2024-02-15,7792
2884,玉山金,6,0,6,國票-北投,2024-02-15,7792
3363,上詮,6,0,6,國票-北投,2024-02-15,7792
5880,合庫金,6,0,6,國票-北投,2024-02-15,7792
8059,凱碩,7,1,6,國票-北投,2024-02-15,7792
2890,永豐金,6,0,6,國票-北投,2024-02-15,7792
2002,中鋼,6,0,6,國票-北投,2024-02-15,7792
3374,精材,6,1,5,國票-北投,2024-02-15,7792
2915,潤泰全,5,0,5,國票-北投,2024-02-15,7792
00751B,元大AAA至A公司債,5,0,5,國票-北投,2024-02-15,7792
1326,台化,5,0,5,國票-北投,2024-02-15,7792
1513,中興電,5,0,5,國票-北投,2024-02-15,7792
2441,超豐,5,0,5,國票-北投,2024-02-15,7792
2409,友達,140,6,134,國票-北投,2024-02-16,7792
4755,三福化,44,0,44,國票-北投,2024-02-16,7792
8213,志超,41,0,41,國票-北投,2024-02-16,7792
8069,元太,40,0,40,國票-北投,2024-02-16,7792
2015,豐興,30,0,30,國票-北投,2024-02-16,7792
5521,工信,30,9,21,國票-北投,2024-02-16,7792
2609,陽明,20,0,20,國票-北投,2024-02-16,7792
6112,邁達特,22,2,20,國票-北投,2024-02-16,7792
00679B,元大美債20年,17,0,17,國票-北投,2024-02-16,7792
3706,神達,19,2,17,國票-北投,2024-02-16,7792
2382,廣達,31,16,15,國票-北投,2024-02-16,7792
3035,智原,16,1,15,國票-北投,2024-02-16,7792
4720,德淵,15,0,15,國票-北投,2024-02-16,7792
2365,昆盈,24,10,14,國票-北投,2024-02-16,7792
00795B,中信美國公債20年,13,0,13,國票-北投,2024-02-16,7792
6235,華孚,13,0,13,國票-北投,2024-02-16,7792
2330,台積電,15,3,12,國票-北投,2024-02-16,7792
3231,緯創,24,12,12,國票-北投,2024-02-16,7792
00720B,元大投資級公司債,12,0,12,國票-北投,2024-02-16,7792
9105,泰金寶-DR,15,3,12,國票-北投,2024-02-16,7792
00937B,群益ESG投等債20,12,0,12,國票-北投,2024-02-16,7792
3036,文曄,11,0,11,國票-北投,2024-02-16,7792
00687B,國泰20年美債,11,0,11,國票-北投,2024-02-16,7792
00715L,期街口布蘭特正2,10,0,10,國票-北投,2024-02-16,7792
1618,合機,10,0,10,國票-北投,2024-02-16,7792
4977,眾達-KY,11,1,10,國票-北投,2024-02-16,7792
8111,立��,10,0,10,國票-北投,2024-02-16,7792
00931B,統一美債20年,9,0,9,國票-北投,2024-02-16,7792
3294,英濟,10,1,9,國票-北投,2024-02-16,7792
3217,優群,8,0,8,國票-北投,2024-02-16,7792
4147,中裕,9,1,8,國票-北投,2024-02-16,7792
3017,奇鋐,8,1,7,國票-北投,2024-02-16,7792
00933B,國泰10Y+金融債,7,0,7,國票-北投,2024-02-16,7792
3013,晟銘電,7,0,7,國票-北投,2024-02-16,7792
0050,元大台灣50,7,0,7,國票-北投,2024-02-16,7792
2425,承啟,8,2,6,國票-北投,2024-02-16,7792
00904,新光臺灣半導體30,5,0,5,國票-北投,2024-02-16,7792
00751B,元大AAA至A公司債,5,0,5,國票-北投,2024-02-16,7792
2362,藍天,6,1,5,國票-北投,2024-02-16,7792
2495,普安,5,0,5,國票-北投,2024-02-16,7792
2501,國建,5,0,5,國票-北投,2024-02-16,7792
2915,潤泰全,5,0,5,國票-北投,2024-02-16,7792
3518,柏騰,5,0,5,國票-北投,2024-02-16,7792
5474,聰泰,5,0,5,國票-北投,2024-02-16,7792
6209,今國光,5,0,5,國票-北投,2024-02-16,7792
6244,茂迪,5,0,5,國票-北投,2024-02-16,7792
00772B,中信高評級公司債,4,0,4,國票-北投,2024-02-16,7792
1416,廣豐,4,0,4,國票-北投,2024-02-16,7792
1504,東元,11,7,4,國票-北投,2024-02-16,7792
3029,零壹,4,0,4,國票-北投,2024-02-16,7792
00637L,元大滬深300正2,155,22,133,國票-北投,2024-02-19,7792
00753L,中信中國50正2,100,0,100,國票-北投,2024-02-19,7792
00751B,元大AAA至A公司債,100,0,100,國票-北投,2024-02-19,7792
2353,宏��,64,2,62,國票-北投,2024-02-19,7792
6288,聯嘉,36,2,34,國票-北投,2024-02-19,7792
2365,昆盈,66,36,30,國票-北投,2024-02-19,7792
3260,威剛,27,4,23,國票-北投,2024-02-19,7792
2883,凱基金,21,0,21,國票-北投,2024-02-19,7792
00937B,群益ESG投等債20,22,2,20,國票-北投,2024-02-19,7792
1474,弘裕,20,0,20,國票-北投,2024-02-19,7792
4755,三福化,20,0,20,國票-北投,2024-02-19,7792
4967,十銓,20,0,20,國票-北投,2024-02-19,7792
6191,精成科,20,0,20,國票-北投,2024-02-19,7792
2330,台積電,20,0,20,國票-北投,2024-02-19,7792
00764B,群益25年美債,19,0,19,國票-北投,2024-02-19,7792
6168,宏齊,21,2,19,國票-北投,2024-02-19,7792
2610,華航,17,0,17,國票-北投,2024-02-19,7792
1513,中興電,16,0,16,國票-北投,2024-02-19,7792
8215,明基材,18,2,16,國票-北投,2024-02-19,7792
3038,全台,15,0,15,國票-北投,2024-02-19,7792
3231,緯創,16,1,15,國票-北投,2024-02-19,7792
1815,富喬,14,0,14,國票-北投,2024-02-19,7792
3325,旭品,13,0,13,國票-北投,2024-02-19,7792
4939,亞電,16,3,13,國票-北投,2024-02-19,7792
6189,豐藝,15,2,13,國票-北投,2024-02-19,7792
2489,瑞軒,14,2,12,國票-北投,2024-02-19,7792
6526,達發,12,0,12,國票-北投,2024-02-19,7792
3376,新日興,14,2,12,國票-北投,2024-02-19,7792
00687B,國泰20年美債,11,0,11,國票-北投,2024-02-19,7792
1514,亞力,13,2,11,國票-北投,2024-02-19,7792
2301,光寶科,11,0,11,國票-北投,2024-02-19,7792
2324,仁寶,11,0,11,國票-北投,2024-02-19,7792
2515,中工,13,2,11,國票-北投,2024-02-19,7792
00795B,中信美國公債20年,10,0,10,國票-北投,2024-02-19,7792
00725B,國泰投資級公司債,10,0,10,國票-北投,2024-02-19,7792
3002,歐格,10,0,10,國票-北投,2024-02-19,7792
3402,漢科,10,0,10,國票-北投,2024-02-19,7792
6128,上福,10,0,10,國票-北投,2024-02-19,7792
1444,力麗,10,0,10,國票-北投,2024-02-19,7792
2618,長榮航,9,0,9,國票-北投,2024-02-19,7792
2457,飛宏,11,2,9,國票-北投,2024-02-19,7792
3356,奇偶,10,1,9,國票-北投,2024-02-19,7792
2303,聯電,11,3,8,國票-北投,2024-02-19,7792
3450,聯鈞,83,75,8,國票-北投,2024-02-19,7792
2609,陽明,12,5,7,國票-北投,2024-02-19,7792
00720B,元大投資級公司債,7,0,7,國票-北投,2024-02-19,7792
3035,智原,7,1,6,國票-北投,2024-02-19,7792
2374,佳能,6,0,6,國票-北投,2024-02-19,7792
3041,揚智,9,3,6,國票-北投,2024-02-19,7792
3437,榮創,12,6,6,國票-北投,2024-02-19,7792
2888,新光金,75,0,75,國票-北投,2024-02-20,7792
8011,台通,60,0,60,國票-北投,2024-02-20,7792
00751B,元大AAA至A公司債,51,0,51,國票-北投,2024-02-20,7792
4909,新復興,43,0,43,國票-北投,2024-02-20,7792
3481,群創,40,3,37,國票-北投,2024-02-20,7792
3260,威剛,34,2,32,國票-北投,2024-02-20,7792
3581,博磊,32,1,31,國票-北投,2024-02-20,7792
6282,康舒,32,1,31,國票-北投,2024-02-20,7792
3231,緯創,31,2,29,國票-北投,2024-02-20,7792
00673R,期元大S＆P原油反1,25,0,25,國票-北投,2024-02-20,7792
2329,華泰,75,52,23,國票-北投,2024-02-20,7792
2356,英業達,43,21,22,國票-北投,2024-02-20,7792
2313,華通,24,7,17,國票-北投,2024-02-20,7792
2365,昆盈,17,0,17,國票-北投,2024-02-20,7792
2457,飛宏,19,2,17,國票-北投,2024-02-20,7792
00937B,群益ESG投等債20,26,11,15,國票-北投,2024-02-20,7792
00679B,元大美債20年,14,0,14,國票-北投,2024-02-20,7792
00687B,國泰20年美債,13,0,13,國票-北投,2024-02-20,7792
00720B,元大投資級公司債,13,0,13,國票-北投,2024-02-20,7792
2371,大同,14,2,12,國票-北投,2024-02-20,7792
3032,偉訓,13,2,11,國票-北投,2024-02-20,7792
1101,台泥,10,0,10,國票-北投,2024-02-20,7792
00795B,中信美國公債20年,10,0,10,國票-北投,2024-02-20,7792
00772B,中信高評級公司債,10,0,10,國票-北投,2024-02-20,7792
1609,大亞,10,0,10,國票-北投,2024-02-20,7792
2409,友達,10,0,10,國票-北投,2024-02-20,7792
2504,國產,10,0,10,國票-北投,2024-02-20,7792
3033,威健,10,0,10,國票-北投,2024-02-20,7792
3402,漢科,10,0,10,國票-北投,2024-02-20,7792
4714,永捷,11,1,10,國票-北投,2024-02-20,7792
4960,誠美材,11,1,10,國票-北投,2024-02-20,7792
6116,彩晶,10,0,10,國票-北投,2024-02-20,7792
6191,精成科,12,2,10,國票-北投,2024-02-20,7792
2615,萬海,10,1,9,國票-北投,2024-02-20,7792
00725B,國泰投資級公司債,9,0,9,國票-北投,2024-02-20,7792
3228,金麗科,9,0,9,國票-北投,2024-02-20,7792
8110,華東,17,8,9,國票-北投,2024-02-20,7792
2382,廣達,10,2,8,國票-北投,2024-02-20,7792
4161,聿新科,8,0,8,國票-北投,2024-02-20,7792
3035,智原,8,1,7,國票-北投,2024-02-20,7792
00722B,群益投資級電信債,7,0,7,國票-北投,2024-02-20,7792
2363,矽統,7,0,7,國票-北投,2024-02-20,7792
2476,鉅祥,7,0,7,國票-北投,2024-02-20,7792
8027,鈦昇,7,0,7,國票-北投,2024-02-20,7792
8096,擎亞,7,0,7,國票-北投,2024-02-20,7792
00931B,統一美債20年,6,0,6,國票-北投,2024-02-20,7792
00665L,富邦�琤肭磪囓�2,6,0,6,國票-北投,2024-02-20,7792
6799,來頡,11,5,6,國票-北投,2024-02-20,7792
8358,金居,7,1,6,國票-北投,2024-02-20,7792
9105,泰金寶-DR,6,0,6,國票-北投,2024-02-20,7792
00637L,元大滬深300正2,273,149,124,國票-北投,2024-02-21,7792
9105,泰金寶-DR,110,17,93,國票-北投,2024-02-21,7792
00933B,國泰10Y+金融債,38,0,38,國票-北投,2024-02-21,7792
00929,復華台灣科技優息,27,1,26,國票-北投,2024-02-21,7792
6116,彩晶,24,2,22,國票-北投,2024-02-21,7792
00632R,元大台灣50反1,20,0,20,國票-北投,2024-02-21,7792
2312,金寶,20,0,20,國票-北投,2024-02-21,7792
00937B,群益ESG投等債20,17,0,17,國票-北投,2024-02-21,7792
00878,國泰永續高股息,16,0,16,國票-北投,2024-02-21,7792
6233,旺玖,18,5,13,國票-北投,2024-02-21,7792
3231,緯創,23,11,12,國票-北投,2024-02-21,7792
00712,復華富時不動產,12,0,12,國票-北投,2024-02-21,7792
2303,聯電,12,0,12,國票-北投,2024-02-21,7792
1312,國喬,11,0,11,國票-北投,2024-02-21,7792
1514,亞力,68,57,11,國票-北投,2024-02-21,7792
2618,長榮航,11,0,11,國票-北投,2024-02-21,7792
2317,鴻海,15,4,11,國票-北投,2024-02-21,7792
00753L,中信中國50正2,10,0,10,國票-北投,2024-02-21,7792
00673R,期元大S＆P原油反1,10,0,10,國票-北投,2024-02-21,7792
1301,台塑,10,0,10,國票-北投,2024-02-21,7792
2405,輔信,10,0,10,國票-北投,2024-02-21,7792
2705,六福,10,0,10,國票-北投,2024-02-21,7792
2834,臺企銀,10,0,10,國票-北投,2024-02-21,7792
2888,新光金,10,0,10,國票-北投,2024-02-21,7792
3035,智原,15,5,10,國票-北投,2024-02-21,7792
3325,旭品,10,0,10,國票-北投,2024-02-21,7792
8215,明基材,10,0,10,國票-北投,2024-02-21,7792
6189,豐藝,10,1,9,國票-北投,2024-02-21,7792
1316,上曜,14,5,9,國票-北投,2024-02-21,7792
6112,邁達特,9,0,9,國票-北投,2024-02-21,7792
6811,宏�硌穈T,8,0,8,國票-北投,2024-02-21,7792
2067,嘉鋼,8,0,8,國票-北投,2024-02-21,7792
3305,昇貿,9,1,8,國票-北投,2024-02-21,7792
2609,陽明,23,16,7,國票-北投,2024-02-21,7792
2376,技嘉,6,0,6,國票-北投,2024-02-21,7792
3711,日月光投控,6,0,6,國票-北投,2024-02-21,7792
2476,鉅祥,9,3,6,國票-北投,2024-02-21,7792
2867,三商壽,6,0,6,國票-北投,2024-02-21,7792
3163,波若威,12,6,6,國票-北投,2024-02-21,7792
8383,千附,6,0,6,國票-北投,2024-02-21,7792
00918,大華優利高填息30,5,0,5,國票-北投,2024-02-21,7792
1568,倉佑,5,0,5,國票-北投,2024-02-21,7792
1605,華新,5,0,5,國票-北投,2024-02-21,7792
2368,金像電,5,0,5,國票-北投,2024-02-21,7792
2441,超豐,5,0,5,國票-北投,2024-02-21,7792
2890,永豐金,5,0,5,國票-北投,2024-02-21,7792
3031,佰鴻,5,0,5,國票-北投,2024-02-21,7792
3535,晶彩科,7,2,5,國票-北投,2024-02-21,7792
4534,慶騰,5,0,5,國票-北投,2024-02-21,7792
5258,虹堡,7,2,5,國票-北投,2024-02-21,7792
00632R,元大台灣50反1,115,0,115,國票-北投,2024-02-22,7792
2006,東和鋼鐵,40,0,40,國票-北投,2024-02-22,7792
5202,力新,28,2,26,國票-北投,2024-02-22,7792
00931B,統一美債20年,27,2,25,國票-北投,2024-02-22,7792
2329,華泰,75,51,24,國票-北投,2024-02-22,7792
3041,揚智,26,3,23,國票-北投,2024-02-22,7792
2356,英業達,53,31,22,國票-北投,2024-02-22,7792
2484,希華,27,5,22,國票-北投,2024-02-22,7792
00937B,群益ESG投等債20,21,0,21,國票-北投,2024-02-22,7792
3045,台灣大,20,0,20,國票-北投,2024-02-22,7792
2406,國碩,20,0,20,國票-北投,2024-02-22,7792
6191,精成科,16,0,16,國票-北投,2024-02-22,7792
00679B,元大美債20年,14,0,14,國票-北投,2024-02-22,7792
3437,榮創,16,2,14,國票-北投,2024-02-22,7792
2460,建通,16,3,13,國票-北投,2024-02-22,7792
9105,泰金寶-DR,13,0,13,國票-北投,2024-02-22,7792
2367,燿華,34,21,13,國票-北投,2024-02-22,7792
2867,三商壽,12,0,12,國票-北投,2024-02-22,7792
3044,健鼎,12,0,12,國票-北投,2024-02-22,7792
00919,群益台灣精選高息,12,0,12,國票-北投,2024-02-22,7792
2371,大同,20,9,11,國票-北投,2024-02-22,7792
3338,泰碩,11,0,11,國票-北投,2024-02-22,7792
3576,聯合再生,11,0,11,國票-北投,2024-02-22,7792
1308,亞聚,11,0,11,國票-北投,2024-02-22,7792
00933B,國泰10Y+金融債,10,0,10,國票-北投,2024-02-22,7792
2376,技嘉,20,10,10,國票-北投,2024-02-22,7792
00764B,群益25年美債,10,0,10,國票-北投,2024-02-22,7792
020033,統一�琤肮黕篾,10,0,10,國票-北投,2024-02-22,7792
2611,志信,15,5,10,國票-北投,2024-02-22,7792
3432,台端,9,0,9,國票-北投,2024-02-22,7792
3694,海華,9,0,9,國票-北投,2024-02-22,7792
2353,宏��,33,25,8,國票-北投,2024-02-22,7792
2465,麗臺,8,0,8,國票-北投,2024-02-22,7792
8110,華東,9,1,8,國票-北投,2024-02-22,7792
8040,九暘,7,0,7,國票-北投,2024-02-22,7792
00915,凱基優選高股息30,6,0,6,國票-北投,2024-02-22,7792
00878,國泰永續高股息,6,0,6,國票-北投,2024-02-22,7792
1506,正道,6,0,6,國票-北投,2024-02-22,7792
2330,台積電,14,8,6,國票-北投,2024-02-22,7792
00795B,中信美國公債20年,5,0,5,國票-北投,2024-02-22,7792
00687B,國泰20年美債,5,0,5,國票-北投,2024-02-22,7792
1514,亞力,38,33,5,國票-北投,2024-02-22,7792
2025,千興,5,0,5,國票-北投,2024-02-22,7792
2498,宏達電,5,0,5,國票-北投,2024-02-22,7792
2504,國產,5,0,5,國票-北投,2024-02-22,7792
3265,台星科,5,0,5,國票-北投,2024-02-22,7792
3548,兆利,17,12,5,國票-北投,2024-02-22,7792
4534,慶騰,10,5,5,國票-北投,2024-02-22,7792
4915,致伸,6,1,5,國票-北投,2024-02-22,7792
5272,笙科,5,0,5,國票-北投,2024-02-22,7792
1447,力鵬,100,0,100,國票-北投,2024-02-23,7792
5347,世界,64,1,63,國票-北投,2024-02-23,7792
00937B,群益ESG投等債20,40,0,40,國票-北投,2024-02-23,7792
8069,元太,35,0,35,國票-北投,2024-02-23,7792
2614,東森,29,0,29,國票-北投,2024-02-23,7792
2498,宏達電,25,0,25,國票-北投,2024-02-23,7792
00933B,國泰10Y+金融債,22,0,22,國票-北投,2024-02-23,7792
2367,燿華,21,0,21,國票-北投,2024-02-23,7792
00907,永豐優息存股,20,0,20,國票-北投,2024-02-23,7792
00632R,元大台灣50反1,20,0,20,國票-北投,2024-02-23,7792
6167,久正,21,1,20,國票-北投,2024-02-23,7792
2476,鉅祥,16,0,16,國票-北投,2024-02-23,7792
00679B,元大美債20年,19,5,14,國票-北投,2024-02-23,7792
00878,國泰永續高股息,15,1,14,國票-北投,2024-02-23,7792
2618,長榮航,28,15,13,國票-北投,2024-02-23,7792
2441,超豐,17,5,12,國票-北投,2024-02-23,7792
4967,十銓,14,2,12,國票-北投,2024-02-23,7792
6526,達發,17,5,12,國票-北投,2024-02-23,7792
8215,明基材,12,0,12,國票-北投,2024-02-23,7792
00687B,國泰20年美債,11,0,11,國票-北投,2024-02-23,7792
00650L,復華香港正2,11,0,11,國票-北投,2024-02-23,7792
3437,榮創,13,2,11,國票-北投,2024-02-23,7792
6668,中揚光,12,1,11,國票-北投,2024-02-23,7792
8112,至上,11,0,11,國票-北投,2024-02-23,7792
00753L,中信中國50正2,60,50,10,國票-北投,2024-02-23,7792
00637L,元大滬深300正2,10,0,10,國票-北投,2024-02-23,7792
1536,和大,12,2,10,國票-北投,2024-02-23,7792
1718,中纖,10,0,10,國票-北投,2024-02-23,7792
2401,凌陽,10,0,10,國票-北投,2024-02-23,7792
3504,揚明光,10,0,10,國票-北投,2024-02-23,7792
5315,光聯,10,0,10,國票-北投,2024-02-23,7792
6165,浪凡,10,0,10,國票-北投,2024-02-23,7792
6697,東捷資訊,10,0,10,國票-北投,2024-02-23,7792
9934,成霖,10,0,10,國票-北投,2024-02-23,7792
00900,富邦特選高股息30,10,0,10,國票-北投,2024-02-23,7792
2303,聯電,9,0,9,國票-北投,2024-02-23,7792
3321,同泰,10,1,9,國票-北投,2024-02-23,7792
2609,陽明,9,1,8,國票-北投,2024-02-23,7792
3706,神達,13,5,8,國票-北投,2024-02-23,7792
3402,漢科,7,0,7,國票-北投,2024-02-23,7792
3712,永崴投控,7,0,7,國票-北投,2024-02-23,7792
6116,彩晶,15,8,7,國票-北投,2024-02-23,7792
1303,南亞,6,0,6,國票-北投,2024-02-23,7792
1722,台肥,6,0,6,國票-北投,2024-02-23,7792
2867,三商壽,6,0,6,國票-北投,2024-02-23,7792
3051,力特,7,1,6,國票-北投,2024-02-23,7792
3380,明泰,11,5,6,國票-北投,2024-02-23,7792
3390,旭軟,12,6,6,國票-北投,2024-02-23,7792
4909,新復興,6,0,6,國票-北投,2024-02-23,7792
4960,誠美材,6,0,6,國票-北投,2024-02-23,7792
2002,中鋼,201,1,200,國票-北投,2024-02-26,7792
2834,臺企銀,60,0,60,國票-北投,2024-02-26,7792
00878,國泰永續高股息,46,0,46,國票-北投,2024-02-26,7792
3260,威剛,38,0,38,國票-北投,2024-02-26,7792
00937B,群益ESG投等債20,38,3,35,國票-北投,2024-02-26,7792
6257,矽格,33,0,33,國票-北投,2024-02-26,7792
1717,長興,35,3,32,國票-北投,2024-02-26,7792
3521,鴻翊,30,0,30,國票-北投,2024-02-26,7792
5465,富驊,30,0,30,國票-北投,2024-02-26,7792
00919,群益台灣精選高息,57,30,27,國票-北投,2024-02-26,7792
00637L,元大滬深300正2,30,5,25,國票-北投,2024-02-26,7792
1504,東元,50,26,24,國票-北投,2024-02-26,7792
2609,陽明,28,6,22,國票-北投,2024-02-26,7792
2820,華票,21,0,21,國票-北投,2024-02-26,7792
2369,菱生,29,13,16,國票-北投,2024-02-26,7792
2313,華通,15,0,15,國票-北投,2024-02-26,7792
5483,中美晶,15,0,15,國票-北投,2024-02-26,7792
1326,台化,15,0,15,國票-北投,2024-02-26,7792
3321,同泰,15,0,15,國票-北投,2024-02-26,7792
2495,普安,13,0,13,國票-北投,2024-02-26,7792
1815,富喬,15,3,12,國票-北投,2024-02-26,7792
2882,國泰金,12,0,12,國票-北投,2024-02-26,7792
5347,世界,12,0,12,國票-北投,2024-02-26,7792
2371,大同,74,63,11,國票-北投,2024-02-26,7792
4960,誠美材,11,0,11,國票-北投,2024-02-26,7792
00931B,統一美債20年,10,0,10,國票-北投,2024-02-26,7792
8069,元太,10,0,10,國票-北投,2024-02-26,7792
1301,台塑,10,0,10,國票-北投,2024-02-26,7792
00795B,中信美國公債20年,10,0,10,國票-北投,2024-02-26,7792
1786,科妍,10,0,10,國票-北投,2024-02-26,7792
4938,和碩,10,0,10,國票-北投,2024-02-26,7792
6770,力積電,10,0,10,國票-北投,2024-02-26,7792
3032,偉訓,14,5,9,國票-北投,2024-02-26,7792
3221,台嘉碩,9,0,9,國票-北投,2024-02-26,7792
2610,華航,10,2,8,國票-北投,2024-02-26,7792
2329,華泰,10,2,8,國票-北投,2024-02-26,7792
3217,優群,8,0,8,國票-北投,2024-02-26,7792
6288,聯嘉,11,3,8,國票-北投,2024-02-26,7792
6532,瑞耘,8,0,8,國票-北投,2024-02-26,7792
2344,華邦電,7,0,7,國票-北投,2024-02-26,7792
2374,佳能,10,3,7,國票-北投,2024-02-26,7792
3231,緯創,12,5,7,國票-北投,2024-02-26,7792
3483,力致,7,0,7,國票-北投,2024-02-26,7792
3504,揚明光,10,3,7,國票-北投,2024-02-26,7792
2324,仁寶,6,0,6,國票-北投,2024-02-26,7792
00687B,國泰20年美債,11,6,5,國票-北投,2024-02-26,7792
5871,中租-KY,5,0,5,國票-北投,2024-02-26,7792
00764B,群益25年美債,5,0,5,國票-北投,2024-02-26,7792
1325,恆大,6,1,5,國票-北投,2024-02-26,7792
2109,華豐,5,0,5,國票-北投,2024-02-26,7792
00929,復華台灣科技優息,632,6,626,國票-北投,2024-02-27,7792
1785,光洋科,342,0,342,國票-北投,2024-02-27,7792
00937B,群益ESG投等債20,137,0,137,國票-北投,2024-02-27,7792
2324,仁寶,119,28,91,國票-北投,2024-02-27,7792
3450,聯鈞,57,2,55,國票-北投,2024-02-27,7792
00919,群益台灣精選高息,65,15,50,國票-北投,2024-02-27,7792
00878,國泰永續高股息,43,0,43,國票-北投,2024-02-27,7792
8059,凱碩,40,0,40,國票-北投,2024-02-27,7792
2363,矽統,61,25,36,國票-北投,2024-02-27,7792
5340,建榮,30,0,30,國票-北投,2024-02-27,7792
2606,裕民,30,1,29,國票-北投,2024-02-27,7792
2618,長榮航,20,0,20,國票-北投,2024-02-27,7792
00673R,期元大S＆P原油反1,20,0,20,國票-北投,2024-02-27,7792
3481,群創,19,1,18,國票-北投,2024-02-27,7792
3032,偉訓,31,13,18,國票-北投,2024-02-27,7792
2812,台中銀,20,3,17,國票-北投,2024-02-27,7792
2301,光寶科,17,1,16,國票-北投,2024-02-27,7792
00795B,中信美國公債20年,15,0,15,國票-北投,2024-02-27,7792
2031,新光鋼,20,5,15,國票-北投,2024-02-27,7792
2884,玉山金,15,1,14,國票-北投,2024-02-27,7792
1301,台塑,12,0,12,國票-北投,2024-02-27,7792
2634,漢翔,12,0,12,國票-北投,2024-02-27,7792
6104,創惟,13,1,12,國票-北投,2024-02-27,7792
6188,廣明,12,0,12,國票-北投,2024-02-27,7792
3264,欣銓,11,0,11,國票-北投,2024-02-27,7792
6218,豪勉,13,2,11,國票-北投,2024-02-27,7792
2357,華碩,11,0,11,國票-北投,2024-02-27,7792
2382,廣達,11,1,10,國票-北投,2024-02-27,7792
2323,中環,10,0,10,國票-北投,2024-02-27,7792
2374,佳能,10,0,10,國票-北投,2024-02-27,7792
2387,精元,10,0,10,國票-北投,2024-02-27,7792
2516,新建,10,0,10,國票-北投,2024-02-27,7792
2614,東森,10,0,10,國票-北投,2024-02-27,7792
2882,國泰金,12,2,10,國票-北投,2024-02-27,7792
4526,東台,10,0,10,國票-北投,2024-02-27,7792
3390,旭軟,11,2,9,國票-北投,2024-02-27,7792
00637L,元大滬深300正2,13,5,8,國票-北投,2024-02-27,7792
1815,富喬,12,4,8,國票-北投,2024-02-27,7792
3265,台星科,10,2,8,國票-北投,2024-02-27,7792
3576,聯合再生,8,0,8,國票-北投,2024-02-27,7792
5508,永信建,8,0,8,國票-北投,2024-02-27,7792
6282,康舒,8,0,8,國票-北投,2024-02-27,7792
8096,擎亞,8,0,8,國票-北投,2024-02-27,7792
2002,中鋼,7,0,7,國票-北投,2024-02-27,7792
6770,力積電,7,0,7,國票-北投,2024-02-27,7792
00650L,復華香港正2,7,0,7,國票-北投,2024-02-27,7792
3038,全台,7,0,7,國票-北投,2024-02-27,7792
2369,菱生,6,0,6,國票-北投,2024-02-27,7792
2867,三商壽,6,0,6,國票-北投,2024-02-27,7792
3556,禾瑞亞,6,0,6,國票-北投,2024-02-27,7792
00919,群益台灣精選高息,146,4,142,國票-北投,2024-02-29,7792
2889,國票金,100,7,93,國票-北投,2024-02-29,7792
1618,合機,76,4,72,國票-北投,2024-02-29,7792
1416,廣豐,57,0,57,國票-北投,2024-02-29,7792
2484,希華,33,10,23,國票-北投,2024-02-29,7792
3390,旭軟,22,4,18,國票-北投,2024-02-29,7792
00929,復華台灣科技優息,17,0,17,國票-北投,2024-02-29,7792
2014,中鴻,20,3,17,國票-北投,2024-02-29,7792
2313,華通,13,1,12,國票-北投,2024-02-29,7792
2324,仁寶,16,5,11,國票-北投,2024-02-29,7792
3059,華晶科,11,0,11,國票-北投,2024-02-29,7792
5425,台半,11,0,11,國票-北投,2024-02-29,7792
00673R,期元大S＆P原油反1,10,0,10,國票-北投,2024-02-29,7792
00665L,富邦�琤肭磪囓�2,10,0,10,國票-北投,2024-02-29,7792
2387,精元,10,0,10,國票-北投,2024-02-29,7792
2449,京元電子,11,1,10,國票-北投,2024-02-29,7792
4402,郡都開發,10,0,10,國票-北投,2024-02-29,7792
5512,力麒,10,0,10,國票-北投,2024-02-29,7792
6116,彩晶,10,0,10,國票-北投,2024-02-29,7792
6147,頎邦,10,0,10,國票-北投,2024-02-29,7792
2301,光寶科,11,2,9,國票-北投,2024-02-29,7792
9928,中視,8,0,8,國票-北投,2024-02-29,7792
2637,慧洋-KY,11,4,7,國票-北投,2024-02-29,7792
2390,云辰,7,0,7,國票-北投,2024-02-29,7792
2605,新興,8,2,6,國票-北投,2024-02-29,7792
2867,三商壽,6,0,6,國票-北投,2024-02-29,7792
3556,禾瑞亞,6,0,6,國票-北投,2024-02-29,7792
4543,萬在,13,7,6,國票-北投,2024-02-29,7792
6196,帆宣,6,0,6,國票-北投,2024-02-29,7792
6526,達發,6,0,6,國票-北投,2024-02-29,7792
6811,宏�硌穈T,6,0,6,國票-北投,2024-02-29,7792
5347,世界,5,0,5,國票-北投,2024-02-29,7792
3312,弘憶股,5,0,5,國票-北投,2024-02-29,7792
2882,國泰金,5,0,5,國票-北投,2024-02-29,7792
3207,耀勝,5,0,5,國票-北投,2024-02-29,7792
5469,瀚宇博,5,0,5,國票-北投,2024-02-29,7792
5511,德昌,5,0,5,國票-北投,2024-02-29,7792
6207,雷科,6,1,5,國票-北投,2024-02-29,7792
6270,倍微,5,0,5,國票-北投,2024-02-29,7792
6625,必應,5,0,5,國票-北投,2024-02-29,7792
00937B,群益ESG投等債20,17,13,4,國票-北投,2024-02-29,7792
2606,裕民,7,3,4,國票-北投,2024-02-29,7792
2615,萬海,16,12,4,國票-北投,2024-02-29,7792
2208,台船,4,0,4,國票-北投,2024-02-29,7792
2379,瑞昱,5,1,4,國票-北投,2024-02-29,7792
3313,斐成,4,0,4,國票-北投,2024-02-29,7792
3325,旭品,4,0,4,國票-北投,2024-02-29,7792
3402,漢科,4,0,4,國票-北投,2024-02-29,7792
5521,工信,4,0,4,國票-北投,2024-02-29,7792
6126,信音,8,4,4,國票-北投,2024-02-29,7792
00919,群益台灣精選高息,240,8,232,國票-北投,2024-03-01,7792
2369,菱生,60,1,59,國票-北投,2024-03-01,7792
8069,元太,59,8,51,國票-北投,2024-03-01,7792
2258,鴻華先進-創,50,0,50,國票-北投,2024-03-01,7792
0056,元大高股息,42,0,42,國票-北投,2024-03-01,7792
2408,南亞科,45,4,41,國票-北投,2024-03-01,7792
3322,建舜電,40,0,40,國票-北投,2024-03-01,7792
2303,聯電,30,0,30,國票-北投,2024-03-01,7792
1815,富喬,30,0,30,國票-北投,2024-03-01,7792
2504,國產,30,0,30,國票-北投,2024-03-01,7792
5498,凱崴,30,0,30,國票-北投,2024-03-01,7792
3712,永崴投控,30,1,29,國票-北投,2024-03-01,7792
6116,彩晶,26,0,26,國票-北投,2024-03-01,7792
6770,力積電,27,1,26,國票-北投,2024-03-01,7792
1416,廣豐,19,0,19,國票-北投,2024-03-01,7792
3005,神基,20,2,18,國票-北投,2024-03-01,7792
8011,台通,18,1,17,國票-北投,2024-03-01,7792
3360,尚立,13,0,13,國票-北投,2024-03-01,7792
6277,宏正,12,0,12,國票-北投,2024-03-01,7792
2618,長榮航,14,3,11,國票-北投,2024-03-01,7792
00923,群益台ESG低碳50,11,0,11,國票-北投,2024-03-01,7792
8477,創業家,10,0,10,國票-北投,2024-03-01,7792
1303,南亞,10,0,10,國票-北投,2024-03-01,7792
00673R,期元大S＆P原油反1,10,0,10,國票-北投,2024-03-01,7792
1504,東元,13,3,10,國票-北投,2024-03-01,7792
2845,遠東銀,10,0,10,國票-北投,2024-03-01,7792
3036,文曄,15,5,10,國票-北投,2024-03-01,7792
6167,久正,10,0,10,國票-北投,2024-03-01,7792
8034,榮群,10,0,10,國票-北投,2024-03-01,7792
2330,台積電,11,2,9,國票-北投,2024-03-01,7792
2606,裕民,10,1,9,國票-北投,2024-03-01,7792
1319,東陽,9,0,9,國票-北投,2024-03-01,7792
2495,普安,10,1,9,國票-北投,2024-03-01,7792
3260,威剛,10,1,9,國票-北投,2024-03-01,7792
2388,威盛,8,0,8,國票-北投,2024-03-01,7792
2390,云辰,8,0,8,國票-北投,2024-03-01,7792
6227,茂綸,8,0,8,國票-北投,2024-03-01,7792
00878,國泰永續高股息,17,10,7,國票-北投,2024-03-01,7792
00918,大華優利高填息30,7,0,7,國票-北投,2024-03-01,7792
2820,華票,7,0,7,國票-北投,2024-03-01,7792
3390,旭軟,11,4,7,國票-北投,2024-03-01,7792
3708,上緯投控,9,2,7,國票-北投,2024-03-01,7792
4303,信立,9,2,7,國票-北投,2024-03-01,7792
6016,康和證,10,3,7,國票-北投,2024-03-01,7792
2615,萬海,6,0,6,國票-北投,2024-03-01,7792
1471,首利,6,0,6,國票-北投,2024-03-01,7792
1513,中興電,11,5,6,國票-北投,2024-03-01,7792
2399,映泰,11,5,6,國票-北投,2024-03-01,7792
2867,三商壽,6,0,6,國票-北投,2024-03-01,7792
6235,華孚,6,0,6,國票-北投,2024-03-01,7792
2603,長榮,311,5,306,國票-北投,2024-03-04,7792
2258,鴻華先進-創,154,0,154,國票-北投,2024-03-04,7792
00632R,元大台灣50反1,142,19,123,國票-北投,2024-03-04,7792
1503,士電,42,2,40,國票-北投,2024-03-04,7792
3013,晟銘電,61,22,39,國票-北投,2024-03-04,7792
1584,精剛,40,5,35,國票-北投,2024-03-04,7792
8069,元太,32,0,32,國票-北投,2024-03-04,7792
4755,三福化,37,11,26,國票-北投,2024-03-04,7792
1416,廣豐,24,0,24,國票-北投,2024-03-04,7792
1609,大亞,23,0,23,國票-北投,2024-03-04,7792
2606,裕民,22,0,22,國票-北投,2024-03-04,7792
2206,三陽工業,31,11,20,國票-北投,2024-03-04,7792
00878,國泰永續高股息,18,0,18,國票-北投,2024-03-04,7792
00885,富邦越南,15,0,15,國票-北投,2024-03-04,7792
00679B,元大美債20年,15,0,15,國票-北投,2024-03-04,7792
1504,東元,16,2,14,國票-北投,2024-03-04,7792
3622,洋華,17,4,13,國票-北投,2024-03-04,7792
3645,達邁,15,2,13,國票-北投,2024-03-04,7792
5009,榮剛,13,0,13,國票-北投,2024-03-04,7792
2329,華泰,16,4,12,國票-北投,2024-03-04,7792
00725B,國泰投資級公司債,12,0,12,國票-北投,2024-03-04,7792
00687B,國泰20年美債,12,0,12,國票-北投,2024-03-04,7792
9933,中鼎,12,0,12,國票-北投,2024-03-04,7792
00664R,國泰臺灣加權反1,20,9,11,國票-北投,2024-03-04,7792
2316,楠梓電,14,3,11,國票-北投,2024-03-04,7792
2482,連宇,11,0,11,國票-北投,2024-03-04,7792
00919,群益台灣精選高息,13,2,11,國票-北投,2024-03-04,7792
00933B,國泰10Y+金融債,10,0,10,國票-北投,2024-03-04,7792
00673R,期元大S＆P原油反1,10,0,10,國票-北投,2024-03-04,7792
1718,中纖,10,0,10,國票-北投,2024-03-04,7792
2365,昆盈,10,0,10,國票-北投,2024-03-04,7792
3356,奇偶,18,8,10,國票-北投,2024-03-04,7792
6257,矽格,10,0,10,國票-北投,2024-03-04,7792
00902,中信電池及儲能,10,1,9,國票-北投,2024-03-04,7792
2867,三商壽,9,0,9,國票-北投,2024-03-04,7792
6223,旺矽,9,0,9,國票-北投,2024-03-04,7792
2356,英業達,11,3,8,國票-北投,2024-03-04,7792
4533,協易機,8,0,8,國票-北投,2024-03-04,7792
8213,志超,8,0,8,國票-北投,2024-03-04,7792
3289,宜特,12,4,8,國票-北投,2024-03-04,7792
00915,凱基優選高股息30,7,0,7,國票-北投,2024-03-04,7792
1301,台塑,7,0,7,國票-北投,2024-03-04,7792
1589,永冠-KY,7,0,7,國票-北投,2024-03-04,7792
4768,晶呈科技,10,3,7,國票-北投,2024-03-04,7792
2495,普安,6,0,6,國票-北投,2024-03-04,7792
3360,尚立,24,18,6,國票-北投,2024-03-04,7792
3380,明泰,7,1,6,國票-北投,2024-03-04,7792
4909,新復興,6,0,6,國票-北投,2024-03-04,7792
2376,技嘉,12,7,5,國票-北投,2024-03-04,7792
2618,長榮航,5,0,5,國票-北投,2024-03-04,7792
1416,廣豐,235,0,235,國票-北投,2024-03-05,7792
00632R,元大台灣50反1,206,0,206,國票-北投,2024-03-05,7792
3006,晶豪科,90,4,86,國票-北投,2024-03-05,7792
2258,鴻華先進-創,66,0,66,國票-北投,2024-03-05,7792
3711,日月光投控,50,1,49,國票-北投,2024-03-05,7792
2640,大車隊,45,0,45,國票-北投,2024-03-05,7792
00919,群益台灣精選高息,56,14,42,國票-北投,2024-03-05,7792
2356,英業達,42,4,38,國票-北投,2024-03-05,7792
2409,友達,25,0,25,國票-北投,2024-03-05,7792
6811,宏�硌穈T,21,0,21,國票-北投,2024-03-05,7792
1474,弘裕,20,0,20,國票-北投,2024-03-05,7792
1718,中纖,20,0,20,國票-北投,2024-03-05,7792
2498,宏達電,18,0,18,國票-北投,2024-03-05,7792
6120,達運,20,2,18,國票-北投,2024-03-05,7792
8443,阿瘦,18,0,18,國票-北投,2024-03-05,7792
2888,新光金,17,0,17,國票-北投,2024-03-05,7792
1815,富喬,30,13,17,國票-北投,2024-03-05,7792
2367,燿華,25,10,15,國票-北投,2024-03-05,7792
3663,鑫科,15,0,15,國票-北投,2024-03-05,7792
4906,正文,30,15,15,國票-北投,2024-03-05,7792
2548,華固,14,0,14,國票-北投,2024-03-05,7792
4976,佳凌,13,0,13,國票-北投,2024-03-05,7792
6770,力積電,13,2,11,國票-北投,2024-03-05,7792
2303,聯電,12,2,10,國票-北投,2024-03-05,7792
00929,復華台灣科技優息,16,6,10,國票-北投,2024-03-05,7792
2609,陽明,10,0,10,國票-北投,2024-03-05,7792
00882,中信中國高股息,10,0,10,國票-北投,2024-03-05,7792
00902,中信電池及儲能,10,0,10,國票-北投,2024-03-05,7792
2834,臺企銀,10,0,10,國票-北投,2024-03-05,7792
3022,威強電,10,0,10,國票-北投,2024-03-05,7792
4157,太景*-KY,10,0,10,國票-北投,2024-03-05,7792
6257,矽格,10,0,10,國票-北投,2024-03-05,7792
00937B,群益ESG投等債20,10,0,10,國票-北投,2024-03-05,7792
3556,禾瑞亞,9,0,9,國票-北投,2024-03-05,7792
2606,裕民,10,2,8,國票-北投,2024-03-05,7792
9904,寶成,8,0,8,國票-北投,2024-03-05,7792
3050,鈺德,10,2,8,國票-北投,2024-03-05,7792
6789,采鈺,8,0,8,國票-北投,2024-03-05,7792
1409,新纖,12,5,7,國票-北投,2024-03-05,7792
2329,華泰,14,7,7,國票-北投,2024-03-05,7792
2340,台亞,8,1,7,國票-北投,2024-03-05,7792
2457,飛宏,13,6,7,國票-北投,2024-03-05,7792
2884,玉山金,7,0,7,國票-北投,2024-03-05,7792
00878,國泰永續高股息,10,4,6,國票-北投,2024-03-05,7792
1303,南亞,6,0,6,國票-北投,2024-03-05,7792
1319,東陽,7,1,6,國票-北投,2024-03-05,7792
2605,新興,6,0,6,國票-北投,2024-03-05,7792
2867,三商壽,6,0,6,國票-北投,2024-03-05,7792
4721,美琪瑪,6,0,6,國票-北投,2024-03-05,7792
8112,至上,6,0,6,國票-北投,2024-03-05,7792
1513,中興電,329,27,302,國票-北投,2024-03-06,7792
00929,復華台灣科技優息,116,1,115,國票-北投,2024-03-06,7792
00919,群益台灣精選高息,83,11,72,國票-北投,2024-03-06,7792
6190,萬泰科,53,1,52,國票-北投,2024-03-06,7792
3002,歐格,35,0,35,國票-北投,2024-03-06,7792
1409,新纖,32,1,31,國票-北投,2024-03-06,7792
3032,偉訓,37,6,31,國票-北投,2024-03-06,7792
1609,大亞,50,22,28,國票-北投,2024-03-06,7792
2258,鴻華先進-創,25,0,25,國票-北投,2024-03-06,7792
2382,廣達,31,9,22,國票-北投,2024-03-06,7792
2498,宏達電,21,0,21,國票-北投,2024-03-06,7792
00915,凱基優選高股息30,20,0,20,國票-北投,2024-03-06,7792
1717,長興,20,0,20,國票-北投,2024-03-06,7792
6244,茂迪,20,0,20,國票-北投,2024-03-06,7792
00937B,群益ESG投等債20,16,0,16,國票-北投,2024-03-06,7792
2316,楠梓電,15,0,15,國票-北投,2024-03-06,7792
4306,炎洲,15,0,15,國票-北投,2024-03-06,7792
1303,南亞,14,0,14,國票-北投,2024-03-06,7792
2609,陽明,13,0,13,國票-北投,2024-03-06,7792
3231,緯創,17,5,12,國票-北投,2024-03-06,7792
3325,旭品,127,115,12,國票-北投,2024-03-06,7792
00878,國泰永續高股息,14,2,12,國票-北投,2024-03-06,7792
00632R,元大台灣50反1,15,4,11,國票-北投,2024-03-06,7792
3211,順達,11,0,11,國票-北投,2024-03-06,7792
6164,華興,11,0,11,國票-北投,2024-03-06,7792
2615,萬海,10,0,10,國票-北投,2024-03-06,7792
00679B,元大美債20年,10,0,10,國票-北投,2024-03-06,7792
00664R,國泰臺灣加權反1,10,0,10,國票-北投,2024-03-06,7792
1522,堤維西,12,2,10,國票-北投,2024-03-06,7792
3207,耀勝,10,0,10,國票-北投,2024-03-06,7792
4566,時碩工業,10,0,10,國票-北投,2024-03-06,7792
6165,浪凡,10,0,10,國票-北投,2024-03-06,7792
3013,晟銘電,74,65,9,國票-北投,2024-03-06,7792
6138,茂達,9,0,9,國票-北投,2024-03-06,7792
00857B,永豐20年美公債,8,0,8,國票-北投,2024-03-06,7792
2387,精元,10,2,8,國票-北投,2024-03-06,7792
2515,中工,12,4,8,國票-北投,2024-03-06,7792
8034,榮群,9,1,8,國票-北投,2024-03-06,7792
4939,亞電,7,0,7,國票-北投,2024-03-06,7792
6712,長聖,6,0,6,國票-北投,2024-03-06,7792
3005,神基,21,15,6,國票-北投,2024-03-06,7792
6237,驊訊,6,0,6,國票-北投,2024-03-06,7792
8096,擎亞,6,0,6,國票-北投,2024-03-06,7792
6770,力積電,5,0,5,國票-北投,2024-03-06,7792
00923,群益台ESG低碳50,5,0,5,國票-北投,2024-03-06,7792
00637L,元大滬深300正2,30,25,5,國票-北投,2024-03-06,7792
1907,永豐餘,5,0,5,國票-北投,2024-03-06,7792
2352,佳世達,10,5,5,國票-北投,2024-03-06,7792
2405,輔信,5,0,5,國票-北投,2024-03-06,7792
2441,超豐,5,0,5,國票-北投,2024-03-06,7792
00878,國泰永續高股息,153,5,148,國票-北投,2024-03-07,7792
00919,群益台灣精選高息,66,0,66,國票-北投,2024-03-07,7792
1609,大亞,30,0,30,國票-北投,2024-03-07,7792
8069,元太,20,0,20,國票-北投,2024-03-07,7792
2316,楠梓電,20,1,19,國票-北投,2024-03-07,7792
3049,精金,19,0,19,國票-北投,2024-03-07,7792
8011,台通,23,4,19,國票-北投,2024-03-07,7792
2324,仁寶,16,0,16,國票-北投,2024-03-07,7792
3450,聯鈞,14,2,12,國票-北投,2024-03-07,7792
4906,正文,15,3,12,國票-北投,2024-03-07,7792
6667,信紘科,17,5,12,國票-北投,2024-03-07,7792
1591,駿吉-KY,11,0,11,國票-北投,2024-03-07,7792
2888,新光金,17,6,11,國票-北投,2024-03-07,7792
2855,統一證,21,10,11,國票-北投,2024-03-07,7792
3231,緯創,16,6,10,國票-北投,2024-03-07,7792
00915,凱基優選高股息30,10,0,10,國票-北投,2024-03-07,7792
00857B,永豐20年美公債,10,0,10,國票-北投,2024-03-07,7792
00706L,期元大S＆P日圓正2,10,0,10,國票-北投,2024-03-07,7792
4566,時碩工業,10,0,10,國票-北投,2024-03-07,7792
6196,帆宣,10,0,10,國票-北投,2024-03-07,7792
6538,倉和,10,0,10,國票-北投,2024-03-07,7792
6742,澤米,10,0,10,國票-北投,2024-03-07,7792
0056,元大高股息,14,4,10,國票-北投,2024-03-07,7792
6811,宏�硌穈T,9,0,9,國票-北投,2024-03-07,7792
1316,上曜,14,5,9,國票-北投,2024-03-07,7792
2486,一詮,10,1,9,國票-北投,2024-03-07,7792
2820,華票,9,0,9,國票-北投,2024-03-07,7792
00637L,元大滬深300正2,13,5,8,國票-北投,2024-03-07,7792
1785,光洋科,18,10,8,國票-北投,2024-03-07,7792
2363,矽統,10,2,8,國票-北投,2024-03-07,7792
3006,晶豪科,10,2,8,國票-北投,2024-03-07,7792
3540,曜越,10,2,8,國票-北投,2024-03-07,7792
5347,世界,8,0,8,國票-北投,2024-03-07,7792
8054,安國,9,1,8,國票-北投,2024-03-07,7792
8358,金居,8,0,8,國票-北投,2024-03-07,7792
2457,飛宏,11,3,8,國票-北投,2024-03-07,7792
3481,群創,15,8,7,國票-北投,2024-03-07,7792
00922,國泰台灣領袖50,9,2,7,國票-北投,2024-03-07,7792
2337,旺宏,7,0,7,國票-北投,2024-03-07,7792
3402,漢科,7,0,7,國票-北投,2024-03-07,7792
5465,富驊,8,1,7,國票-北投,2024-03-07,7792
6446,藥華藥,8,1,7,國票-北投,2024-03-07,7792
8227,巨有科技,7,0,7,國票-北投,2024-03-07,7792
2354,鴻準,7,0,7,國票-北投,2024-03-07,7792
2419,仲琦,6,0,6,國票-北投,2024-03-07,7792
1301,台塑,6,0,6,國票-北投,2024-03-07,7792
1319,東陽,6,0,6,國票-北投,2024-03-07,7792
2204,中華,6,0,6,國票-北投,2024-03-07,7792
2492,華新科,6,0,6,國票-北投,2024-03-07,7792
3217,優群,8,2,6,國票-北投,2024-03-07,7792
00632R,元大台灣50反1,229,0,229,國票-北投,2024-03-08,7792
00878,國泰永續高股息,210,10,200,國票-北投,2024-03-08,7792
00929,復華台灣科技優息,91,31,60,國票-北投,2024-03-08,7792
2303,聯電,195,142,53,國票-北投,2024-03-08,7792
00937B,群益ESG投等債20,30,0,30,國票-北投,2024-03-08,7792
3006,晶豪科,30,0,30,國票-北投,2024-03-08,7792
3402,漢科,30,1,29,國票-北投,2024-03-08,7792
2465,麗臺,30,1,29,國票-北投,2024-03-08,7792
2317,鴻海,36,11,25,國票-北投,2024-03-08,7792
00919,群益台灣精選高息,71,46,25,國票-北投,2024-03-08,7792
2344,華邦電,29,5,24,國票-北投,2024-03-08,7792
2409,友達,22,0,22,國票-北投,2024-03-08,7792
1522,堤維西,20,0,20,國票-北投,2024-03-08,7792
2637,慧洋-KY,20,0,20,國票-北投,2024-03-08,7792
5465,富驊,20,0,20,國票-北投,2024-03-08,7792
3021,鴻名,17,0,17,國票-北投,2024-03-08,7792
2371,大同,15,0,15,國票-北投,2024-03-08,7792
8936,國統,15,0,15,國票-北投,2024-03-08,7792
1815,富喬,17,3,14,國票-北投,2024-03-08,7792
6168,宏齊,14,0,14,國票-北投,2024-03-08,7792
2610,華航,13,0,13,國票-北投,2024-03-08,7792
5530,龍巖,12,0,12,國票-北投,2024-03-08,7792
2201,裕隆,12,1,11,國票-北投,2024-03-08,7792
8105,凌巨,11,0,11,國票-北投,2024-03-08,7792
1101,台泥,10,0,10,國票-北投,2024-03-08,7792
00637L,元大滬深300正2,10,0,10,國票-北投,2024-03-08,7792
00664R,國泰臺灣加權反1,10,0,10,國票-北投,2024-03-08,7792
1409,新纖,10,0,10,國票-北投,2024-03-08,7792
1591,駿吉-KY,10,0,10,國票-北投,2024-03-08,7792
2882,國泰金,10,0,10,國票-北投,2024-03-08,7792
2338,光罩,10,1,9,國票-北投,2024-03-08,7792
2867,三商壽,9,0,9,國票-北投,2024-03-08,7792
3540,曜越,10,1,9,國票-北投,2024-03-08,7792
2316,楠梓電,8,0,8,國票-北投,2024-03-08,7792
2308,台達電,9,1,8,國票-北投,2024-03-08,7792
8358,金居,7,0,7,國票-北投,2024-03-08,7792
00935,野村臺灣新科技50,7,0,7,國票-北投,2024-03-08,7792
2365,昆盈,7,0,7,國票-北投,2024-03-08,7792
3450,聯鈞,8,1,7,國票-北投,2024-03-08,7792
1513,中興電,12,5,7,國票-北投,2024-03-08,7792
2634,漢翔,6,0,6,國票-北投,2024-03-08,7792
3533,嘉澤,6,0,6,國票-北投,2024-03-08,7792
3645,達邁,6,0,6,國票-北投,2024-03-08,7792
00918,大華優利高填息30,5,0,5,國票-北投,2024-03-08,7792
00896,中信綠能及電動車,5,0,5,國票-北投,2024-03-08,7792
2412,中華電,5,0,5,國票-北投,2024-03-08,7792
00751B,元大AAA至A公司債,5,0,5,國票-北投,2024-03-08,7792
1524,耿鼎,6,1,5,國票-北投,2024-03-08,7792
1539,巨庭,5,0,5,國票-北投,2024-03-08,7792
2258,鴻華先進-創,5,0,5,國票-北投,2024-03-08,7792
00632R,元大台灣50反1,110,45,65,國票-北投,2024-03-11,7792
00937B,群益ESG投等債20,50,0,50,國票-北投,2024-03-11,7792
2323,中環,30,0,30,國票-北投,2024-03-11,7792
4536,拓凱,29,0,29,國票-北投,2024-03-11,7792
2303,聯電,30,8,22,國票-北投,2024-03-11,7792
2888,新光金,22,0,22,國票-北投,2024-03-11,7792
8069,元太,20,0,20,國票-北投,2024-03-11,7792
2344,華邦電,39,26,13,國票-北投,2024-03-11,7792
2355,敬鵬,13,0,13,國票-北投,2024-03-11,7792
2367,燿華,27,16,11,國票-北投,2024-03-11,7792
2457,飛宏,12,1,11,國票-北投,2024-03-11,7792
2882,國泰金,11,0,11,國票-北投,2024-03-11,7792
6274,台燿,11,0,11,國票-北投,2024-03-11,7792
1734,杏輝,10,0,10,國票-北投,2024-03-11,7792
2371,大同,27,17,10,國票-北投,2024-03-11,7792
2610,華航,10,0,10,國票-北投,2024-03-11,7792
2836,高雄銀,10,0,10,國票-北投,2024-03-11,7792
3062,建漢,11,1,10,國票-北投,2024-03-11,7792
00687B,國泰20年美債,9,0,9,國票-北投,2024-03-11,7792
3231,緯創,38,29,9,國票-北投,2024-03-11,7792
2855,統一證,9,0,9,國票-北投,2024-03-11,7792
1785,光洋科,8,0,8,國票-北投,2024-03-11,7792
00929,復華台灣科技優息,14,7,7,國票-北投,2024-03-11,7792
00915,凱基優選高股息30,7,0,7,國票-北投,2024-03-11,7792
00922,國泰台灣領袖50,7,0,7,國票-北投,2024-03-11,7792
3362,先進光,8,1,7,國票-北投,2024-03-11,7792
2330,台積電,9,2,7,國票-北投,2024-03-11,7792
1229,聯華,6,0,6,國票-北投,2024-03-11,7792
2002,中鋼,6,0,6,國票-北投,2024-03-11,7792
2031,新光鋼,6,0,6,國票-北投,2024-03-11,7792
6117,迎廣,6,0,6,國票-北投,2024-03-11,7792
00918,大華優利高填息30,5,0,5,國票-北投,2024-03-11,7792
00665L,富邦�琤肭磪囓�2,5,0,5,國票-北投,2024-03-11,7792
00753L,中信中國50正2,5,0,5,國票-北投,2024-03-11,7792
1529,樂事綠能,5,0,5,國票-北投,2024-03-11,7792
2342,茂矽,6,1,5,國票-北投,2024-03-11,7792
2353,宏��,16,11,5,國票-北投,2024-03-11,7792
2887,台新金,5,0,5,國票-北投,2024-03-11,7792
3049,精金,5,0,5,國票-北投,2024-03-11,7792
3545,敦泰,5,0,5,國票-北投,2024-03-11,7792
3689,湧德,6,1,5,國票-北投,2024-03-11,7792
3715,定穎投控,5,0,5,國票-北投,2024-03-11,7792
4533,協易機,5,0,5,國票-北投,2024-03-11,7792
5014,建錩,5,0,5,國票-北投,2024-03-11,7792
5871,中租-KY,5,0,5,國票-北投,2024-03-11,7792
6147,頎邦,5,0,5,國票-北投,2024-03-11,7792
6155,鈞寶,5,0,5,國票-北投,2024-03-11,7792
6204,艾華,5,0,5,國票-北投,2024-03-11,7792
00923,群益台ESG低碳50,4,0,4,國票-北投,2024-03-11,7792
3017,奇鋐,9,5,4,國票-北投,2024-03-11,7792
2317,鴻海,509,112,397,國票-北投,2024-03-12,7792
6443,元晶,50,0,50,國票-北投,2024-03-12,7792
2329,華泰,42,15,27,國票-北投,2024-03-12,7792
2486,一詮,57,32,25,國票-北投,2024-03-12,7792
2707,晶華,20,1,19,國票-北投,2024-03-12,7792
3264,欣銓,15,0,15,國票-北投,2024-03-12,7792
6244,茂迪,15,0,15,國票-北投,2024-03-12,7792
6806,森崴能源,21,7,14,國票-北投,2024-03-12,7792
2882,國泰金,13,0,13,國票-北投,2024-03-12,7792
2371,大同,15,2,13,國票-北投,2024-03-12,7792
2330,台積電,15,3,12,國票-北投,2024-03-12,7792
1785,光洋科,13,1,12,國票-北投,2024-03-12,7792
2383,台光電,13,1,12,國票-北投,2024-03-12,7792
00937B,群益ESG投等債20,11,0,11,國票-北投,2024-03-12,7792
2324,仁寶,10,0,10,國票-北投,2024-03-12,7792
2314,台揚,10,1,9,國票-北投,2024-03-12,7792
2504,國產,10,1,9,國票-北投,2024-03-12,7792
4906,正文,9,1,8,國票-北投,2024-03-12,7792
4128,中天,7,0,7,國票-北投,2024-03-12,7792
6770,力積電,7,0,7,國票-北投,2024-03-12,7792
00632R,元大台灣50反1,10,3,7,國票-北投,2024-03-12,7792
2406,國碩,7,0,7,國票-北投,2024-03-12,7792
2887,台新金,7,0,7,國票-北投,2024-03-12,7792
2353,宏��,10,4,6,國票-北投,2024-03-12,7792
2376,技嘉,7,1,6,國票-北投,2024-03-12,7792
4714,永捷,6,0,6,國票-北投,2024-03-12,7792
6284,佳邦,6,0,6,國票-北投,2024-03-12,7792
6789,采鈺,6,0,6,國票-北投,2024-03-12,7792
8105,凌巨,6,0,6,國票-北投,2024-03-12,7792
8936,國統,7,1,6,國票-北投,2024-03-12,7792
00929,復華台灣科技優息,10,5,5,國票-北投,2024-03-12,7792
1815,富喬,11,6,5,國票-北投,2024-03-12,7792
2301,光寶科,7,2,5,國票-北投,2024-03-12,7792
3545,敦泰,5,0,5,國票-北投,2024-03-12,7792
3707,漢磊,7,2,5,國票-北投,2024-03-12,7792
3686,達能,4,0,4,國票-北投,2024-03-12,7792
00687B,國泰20年美債,3,0,3,國票-北投,2024-03-12,7792
1316,上曜,3,0,3,國票-北投,2024-03-12,7792
1568,倉佑,3,0,3,國票-北投,2024-03-12,7792
2208,台船,3,0,3,國票-北投,2024-03-12,7792
2464,盟立,5,2,3,國票-北投,2024-03-12,7792
2605,新興,3,0,3,國票-北投,2024-03-12,7792
4967,十銓,3,0,3,國票-北投,2024-03-12,7792
5223,安力-KY,3,0,3,國票-北投,2024-03-12,7792
6227,茂綸,3,0,3,國票-北投,2024-03-12,7792
6235,華孚,3,0,3,國票-北投,2024-03-12,7792
6285,啟��,2,0,2,國票-北投,2024-03-12,7792
2809,京城銀,2,0,2,國票-北投,2024-03-12,7792
2615,萬海,2,0,2,國票-北投,2024-03-12,7792
1303,南亞,2,0,2,國票-北投,2024-03-12,7792
00919,群益台灣精選高息,134,16,118,國票-北投,2024-03-13,7792
00918,大華優利高填息30,108,0,108,國票-北投,2024-03-13,7792
6190,萬泰科,53,0,53,國票-北投,2024-03-13,7792
2611,志信,30,0,30,國票-北投,2024-03-13,7792
00637L,元大滬深300正2,29,0,29,國票-北投,2024-03-13,7792
2408,南亞科,29,0,29,國票-北投,2024-03-13,7792
3231,緯創,38,11,27,國票-北投,2024-03-13,7792
4960,誠美材,26,0,26,國票-北投,2024-03-13,7792
1316,上曜,36,14,22,國票-北投,2024-03-13,7792
00751B,元大AAA至A公司債,21,0,21,國票-北投,2024-03-13,7792
00933B,國泰10Y+金融債,20,0,20,國票-北投,2024-03-13,7792
8069,元太,20,0,20,國票-北投,2024-03-13,7792
00632R,元大台灣50反1,20,1,19,國票-北投,2024-03-13,7792
2356,英業達,92,77,15,國票-北投,2024-03-13,7792
2344,華邦電,16,1,15,國票-北投,2024-03-13,7792
00679B,元大美債20年,14,0,14,國票-北投,2024-03-13,7792
2382,廣達,14,1,13,國票-北投,2024-03-13,7792
2371,大同,13,1,12,國票-北投,2024-03-13,7792
8926,台汽電,20,8,12,國票-北投,2024-03-13,7792
2543,皇昌,11,0,11,國票-北投,2024-03-13,7792
00857B,永豐20年美公債,11,0,11,國票-北投,2024-03-13,7792
6125,廣運,25,14,11,國票-北投,2024-03-13,7792
6274,台燿,11,0,11,國票-北投,2024-03-13,7792
9962,有益,11,0,11,國票-北投,2024-03-13,7792
2353,宏��,12,2,10,國票-北投,2024-03-13,7792
00680L,元大美債20正2,10,0,10,國票-北投,2024-03-13,7792
2374,佳能,10,0,10,國票-北投,2024-03-13,7792
3207,耀勝,20,10,10,國票-北投,2024-03-13,7792
3362,先進光,10,0,10,國票-北投,2024-03-13,7792
5469,瀚宇博,10,0,10,國票-北投,2024-03-13,7792
6153,嘉聯益,10,0,10,國票-北投,2024-03-13,7792
1539,巨庭,9,0,9,國票-北投,2024-03-13,7792
3078,僑威,8,0,8,國票-北投,2024-03-13,7792
3321,同泰,8,0,8,國票-北投,2024-03-13,7792
3628,盈正,8,0,8,國票-北投,2024-03-13,7792
5201,凱衛,8,0,8,國票-北投,2024-03-13,7792
6026,福邦證,8,0,8,國票-北投,2024-03-13,7792
2365,昆盈,7,0,7,國票-北投,2024-03-13,7792
2465,麗臺,8,1,7,國票-北投,2024-03-13,7792
2481,強茂,7,0,7,國票-北投,2024-03-13,7792
3049,精金,7,0,7,國票-北投,2024-03-13,7792
3163,波若威,8,1,7,國票-北投,2024-03-13,7792
3645,達邁,7,0,7,國票-北投,2024-03-13,7792
6234,高僑,7,0,7,國票-北投,2024-03-13,7792
8936,國統,7,0,7,國票-北投,2024-03-13,7792
2376,技嘉,7,1,6,國票-北投,2024-03-13,7792
2201,裕隆,6,0,6,國票-北投,2024-03-13,7792
4906,正文,9,3,6,國票-北投,2024-03-13,7792
4919,新唐,6,0,6,國票-北投,2024-03-13,7792
5258,虹堡,6,0,6,國票-北投,2024-03-13,7792
00919,群益台灣精選高息,230,61,169,國票-北投,2024-03-14,7792
00751B,元大AAA至A公司債,60,0,60,國票-北投,2024-03-14,7792
8011,台通,24,0,24,國票-北投,2024-03-14,7792
00680L,元大美債20正2,21,0,21,國票-北投,2024-03-14,7792
00637L,元大滬深300正2,30,10,20,國票-北投,2024-03-14,7792
00673R,期元大S＆P原油反1,20,0,20,國票-北投,2024-03-14,7792
00687B,國泰20年美債,19,0,19,國票-北投,2024-03-14,7792
3706,神達,33,14,19,國票-北投,2024-03-14,7792
00918,大華優利高填息30,17,2,15,國票-北投,2024-03-14,7792
6446,藥華藥,16,1,15,國票-北投,2024-03-14,7792
00929,復華台灣科技優息,24,10,14,國票-北投,2024-03-14,7792
3607,谷崧,14,0,14,國票-北投,2024-03-14,7792
2356,英業達,16,3,13,國票-北投,2024-03-14,7792
8926,台汽電,14,1,13,國票-北投,2024-03-14,7792
1513,中興電,30,18,12,國票-北投,2024-03-14,7792
4958,臻鼎-KY,12,0,12,國票-北投,2024-03-14,7792
00650L,復華香港正2,11,0,11,國票-北投,2024-03-14,7792
6625,必應,11,0,11,國票-北投,2024-03-14,7792
2633,台灣高鐵,10,0,10,國票-北投,2024-03-14,7792
00665L,富邦�琤肭磪囓�2,10,0,10,國票-北投,2024-03-14,7792
2316,楠梓電,10,0,10,國票-北投,2024-03-14,7792
2889,國票金,15,5,10,國票-北投,2024-03-14,7792
3033,威健,10,0,10,國票-北投,2024-03-14,7792
4906,正文,14,4,10,國票-北投,2024-03-14,7792
6244,茂迪,10,0,10,國票-北投,2024-03-14,7792
6278,台表科,12,2,10,國票-北投,2024-03-14,7792
6139,亞翔,9,0,9,國票-北投,2024-03-14,7792
2603,長榮,9,1,8,國票-北投,2024-03-14,7792
00937B,群益ESG投等債20,21,13,8,國票-北投,2024-03-14,7792
2354,鴻準,11,3,8,國票-北投,2024-03-14,7792
2367,燿華,10,2,8,國票-北投,2024-03-14,7792
00712,復華富時不動產,7,0,7,國票-北投,2024-03-14,7792
3321,同泰,7,0,7,國票-北投,2024-03-14,7792
3362,先進光,10,3,7,國票-北投,2024-03-14,7792
0056,元大高股息,8,2,6,國票-北投,2024-03-14,7792
6182,合晶,10,4,6,國票-北投,2024-03-14,7792
00922,國泰台灣領袖50,10,4,6,國票-北投,2024-03-14,7792
9945,潤泰新,6,0,6,國票-北投,2024-03-14,7792
5009,榮剛,6,0,6,國票-北投,2024-03-14,7792
5383,金利,8,2,6,國票-北投,2024-03-14,7792
6274,台燿,6,0,6,國票-北投,2024-03-14,7792
2618,長榮航,17,12,5,國票-北投,2024-03-14,7792
00933B,國泰10Y+金融債,5,0,5,國票-北投,2024-03-14,7792
2609,陽明,5,0,5,國票-北投,2024-03-14,7792
00857B,永豐20年美公債,5,0,5,國票-北投,2024-03-14,7792
00679B,元大美債20年,5,0,5,國票-北投,2024-03-14,7792
1434,福懋,5,0,5,國票-北投,2024-03-14,7792
1456,怡華,5,0,5,國票-北投,2024-03-14,7792
2204,中華,5,0,5,國票-北投,2024-03-14,7792
2836,高雄銀,5,0,5,國票-北投,2024-03-14,7792
00919,群益台灣精選高息,112,3,109,國票-北投,2024-03-15,7792
2603,長榮,93,1,92,國票-北投,2024-03-15,7792
00941,中信上游半導體,65,0,65,國票-北投,2024-03-15,7792
2344,華邦電,25,0,25,國票-北投,2024-03-15,7792
8105,凌巨,24,0,24,國票-北投,2024-03-15,7792
1301,台塑,21,0,21,國票-北投,2024-03-15,7792
2882,國泰金,20,0,20,國票-北投,2024-03-15,7792
00673R,期元大S＆P原油反1,20,0,20,國票-北投,2024-03-15,7792
2515,中工,21,1,20,國票-北投,2024-03-15,7792
2836,高雄銀,19,0,19,國票-北投,2024-03-15,7792
3363,上詮,19,0,19,國票-北投,2024-03-15,7792
2834,臺企銀,22,6,16,國票-北投,2024-03-15,7792
6285,啟��,19,4,15,國票-北投,2024-03-15,7792
2356,英業達,26,13,13,國票-北投,2024-03-15,7792
2303,聯電,19,6,13,國票-北投,2024-03-15,7792
4906,正文,17,4,13,國票-北投,2024-03-15,7792
3622,洋華,16,4,12,國票-北投,2024-03-15,7792
6811,宏�硌穈T,12,0,12,國票-北投,2024-03-15,7792
2002,中鋼,12,0,12,國票-北投,2024-03-15,7792
2382,廣達,25,13,12,國票-北投,2024-03-15,7792
2609,陽明,11,0,11,國票-北投,2024-03-15,7792
00751B,元大AAA至A公司債,11,0,11,國票-北投,2024-03-15,7792
3171,炎洲流通,11,0,11,國票-北投,2024-03-15,7792
2330,台積電,12,1,11,國票-北投,2024-03-15,7792
00918,大華優利高填息30,10,0,10,國票-北投,2024-03-15,7792
00680L,元大美債20正2,10,0,10,國票-北投,2024-03-15,7792
1455,集盛,10,0,10,國票-北投,2024-03-15,7792
1609,大亞,14,4,10,國票-北投,2024-03-15,7792
2637,慧洋-KY,10,0,10,國票-北投,2024-03-15,7792
4306,炎洲,10,0,10,國票-北投,2024-03-15,7792
5488,松普,10,0,10,國票-北投,2024-03-15,7792
6127,九豪,10,0,10,國票-北投,2024-03-15,7792
2399,映泰,10,1,9,國票-北投,2024-03-15,7792
00679B,元大美債20年,9,0,9,國票-北投,2024-03-15,7792
3715,定穎投控,11,3,8,國票-北投,2024-03-15,7792
00915,凱基優選高股息30,8,0,8,國票-北投,2024-03-15,7792
2618,長榮航,44,36,8,國票-北投,2024-03-15,7792
3321,同泰,8,0,8,國票-北投,2024-03-15,7792
4931,新盛力,8,0,8,國票-北投,2024-03-15,7792
00687B,國泰20年美債,7,0,7,國票-北投,2024-03-15,7792
2206,三陽工業,6,0,6,國票-北投,2024-03-15,7792
2867,三商壽,6,0,6,國票-北投,2024-03-15,7792
3051,力特,6,0,6,國票-北投,2024-03-15,7792
6770,力積電,6,1,5,國票-北投,2024-03-15,7792
2308,台達電,6,1,5,國票-北投,2024-03-15,7792
00637L,元大滬深300正2,5,0,5,國票-北投,2024-03-15,7792
1326,台化,5,0,5,國票-北投,2024-03-15,7792
1456,怡華,5,0,5,國票-北投,2024-03-15,7792
2353,宏��,6,1,5,國票-北投,2024-03-15,7792
2887,台新金,6,1,5,國票-北投,2024-03-15,7792
00919,群益台灣精選高息,54,12,42,國票-北投,2024-03-18,7792
2486,一詮,43,11,32,國票-北投,2024-03-18,7792
00915,凱基優選高股息30,28,0,28,國票-北投,2024-03-18,7792
4927,泰鼎-KY,24,0,24,國票-北投,2024-03-18,7792
3363,上詮,20,0,20,國票-北投,2024-03-18,7792
2834,臺企銀,20,1,19,國票-北投,2024-03-18,7792
2609,陽明,18,0,18,國票-北投,2024-03-18,7792
2303,聯電,20,2,18,國票-北投,2024-03-18,7792
2836,高雄銀,17,0,17,國票-北投,2024-03-18,7792
6275,元山,17,1,16,國票-北投,2024-03-18,7792
2882,國泰金,19,7,12,國票-北投,2024-03-18,7792
3264,欣銓,20,9,11,國票-北投,2024-03-18,7792
00941,中信上游半導體,10,0,10,國票-北投,2024-03-18,7792
2324,仁寶,10,0,10,國票-北投,2024-03-18,7792
00673R,期元大S＆P原油反1,10,0,10,國票-北投,2024-03-18,7792
1220,台榮,10,0,10,國票-北投,2024-03-18,7792
1416,廣豐,10,0,10,國票-北投,2024-03-18,7792
2105,正新,15,5,10,國票-北投,2024-03-18,7792
2897,王道銀行,10,0,10,國票-北投,2024-03-18,7792
6116,彩晶,8,0,8,國票-北投,2024-03-18,7792
2408,南亞科,8,1,7,國票-北投,2024-03-18,7792
2530,華建,7,0,7,國票-北投,2024-03-18,7792
3607,谷崧,7,0,7,國票-北投,2024-03-18,7792
9927,泰銘,7,0,7,國票-北投,2024-03-18,7792
2409,友達,6,0,6,國票-北投,2024-03-18,7792
2867,三商壽,6,0,6,國票-北投,2024-03-18,7792
4771,望隼,6,0,6,國票-北投,2024-03-18,7792
8926,台汽電,6,0,6,國票-北投,2024-03-18,7792
6182,合晶,7,2,5,國票-北投,2024-03-18,7792
00687B,國泰20年美債,5,0,5,國票-北投,2024-03-18,7792
2731,雄獅,5,0,5,國票-北投,2024-03-18,7792
00753L,中信中國50正2,5,0,5,國票-北投,2024-03-18,7792
1527,鑽全,5,0,5,國票-北投,2024-03-18,7792
1725,元禎,5,0,5,國票-北投,2024-03-18,7792
1815,富喬,5,0,5,國票-北投,2024-03-18,7792
2449,京元電子,8,3,5,國票-北投,2024-03-18,7792
4906,正文,10,5,5,國票-北投,2024-03-18,7792
6109,亞元,5,0,5,國票-北投,2024-03-18,7792
8112,至上,5,0,5,國票-北投,2024-03-18,7792
9958,世紀鋼,5,0,5,國票-北投,2024-03-18,7792
2353,宏��,8,3,5,國票-北投,2024-03-18,7792
2002,中鋼,16,11,5,國票-北投,2024-03-18,7792
00720B,元大投資級公司債,4,0,4,國票-北投,2024-03-18,7792
2314,台揚,5,1,4,國票-北投,2024-03-18,7792
4720,德淵,4,0,4,國票-北投,2024-03-18,7792
5426,振發,4,0,4,國票-北投,2024-03-18,7792
9950,萬國通,4,0,4,國票-北投,2024-03-18,7792
6505,台塑化,3,0,3,國票-北投,2024-03-18,7792
00679B,元大美債20年,3,0,3,國票-北投,2024-03-18,7792
1109,信大,3,0,3,國票-北投,2024-03-18,7792
2329,華泰,70,7,63,國票-北投,2024-03-19,7792
8069,元太,57,0,57,國票-北投,2024-03-19,7792
1717,長興,31,0,31,國票-北投,2024-03-19,7792
00687B,國泰20年美債,29,0,29,國票-北投,2024-03-19,7792
00632R,元大台灣50反1,96,67,29,國票-北投,2024-03-19,7792
2439,美律,26,2,24,國票-北投,2024-03-19,7792
2464,盟立,31,8,23,國票-北投,2024-03-19,7792
3481,群創,23,0,23,國票-北投,2024-03-19,7792
2408,南亞科,22,0,22,國票-北投,2024-03-19,7792
1303,南亞,20,0,20,國票-北投,2024-03-19,7792
1605,華新,22,2,20,國票-北投,2024-03-19,7792
1815,富喬,20,0,20,國票-北投,2024-03-19,7792
6668,中揚光,20,0,20,國票-北投,2024-03-19,7792
2486,一詮,34,16,18,國票-北投,2024-03-19,7792
9941,裕融,18,0,18,國票-北投,2024-03-19,7792
3587,閎康,16,1,15,國票-北投,2024-03-19,7792
2515,中工,15,3,12,國票-北投,2024-03-19,7792
2637,慧洋-KY,21,10,11,國票-北投,2024-03-19,7792
3059,華晶科,12,1,11,國票-北投,2024-03-19,7792
6190,萬泰科,11,0,11,國票-北投,2024-03-19,7792
6244,茂迪,11,0,11,國票-北投,2024-03-19,7792
1609,大亞,12,2,10,國票-北投,2024-03-19,7792
2367,燿華,31,21,10,國票-北投,2024-03-19,7792
3272,東碩,10,0,10,國票-北投,2024-03-19,7792
3338,泰碩,10,0,10,國票-北投,2024-03-19,7792
4919,新唐,10,0,10,國票-北投,2024-03-19,7792
6873,泓德能源,10,0,10,國票-北投,2024-03-19,7792
00679B,元大美債20年,8,0,8,國票-北投,2024-03-19,7792
9105,泰金寶-DR,8,0,8,國票-北投,2024-03-19,7792
2610,華航,7,0,7,國票-北投,2024-03-19,7792
3607,谷崧,7,0,7,國票-北投,2024-03-19,7792
6446,藥華藥,11,4,7,國票-北投,2024-03-19,7792
2891,中信金,8,1,7,國票-北投,2024-03-19,7792
2353,宏��,6,0,6,國票-北投,2024-03-19,7792
1714,和桐,6,0,6,國票-北投,2024-03-19,7792
6227,茂綸,6,0,6,國票-北投,2024-03-19,7792
00941,中信上游半導體,5,0,5,國票-北投,2024-03-19,7792
2614,東森,5,0,5,國票-北投,2024-03-19,7792
2371,大同,5,0,5,國票-北投,2024-03-19,7792
00753L,中信中國50正2,5,0,5,國票-北投,2024-03-19,7792
1310,台苯,5,0,5,國票-北投,2024-03-19,7792
1527,鑽全,5,0,5,國票-北投,2024-03-19,7792
1618,合機,5,0,5,國票-北投,2024-03-19,7792
2337,旺宏,5,0,5,國票-北投,2024-03-19,7792
2365,昆盈,15,10,5,國票-北投,2024-03-19,7792
2460,建通,5,0,5,國票-北投,2024-03-19,7792
3357,臺慶科,5,0,5,國票-北投,2024-03-19,7792
3504,揚明光,5,0,5,國票-北投,2024-03-19,7792
5243,乙盛-KY,5,0,5,國票-北投,2024-03-19,7792
6163,華電網,5,0,5,國票-北投,2024-03-19,7792
00939,統一台灣高息動能,239,0,239,國票-北投,2024-03-20,7792
4536,拓凱,151,9,142,國票-北投,2024-03-20,7792
8069,元太,80,0,80,國票-北投,2024-03-20,7792
5871,中租-KY,70,0,70,國票-北投,2024-03-20,7792
4938,和碩,77,14,63,國票-北投,2024-03-20,7792
3481,群創,50,5,45,國票-北投,2024-03-20,7792
1809,中釉,40,0,40,國票-北投,2024-03-20,7792
9958,世紀鋼,39,1,38,國票-北投,2024-03-20,7792
6120,達運,32,0,32,國票-北投,2024-03-20,7792
00929,復華台灣科技優息,30,0,30,國票-北投,2024-03-20,7792
2834,臺企銀,26,0,26,國票-北投,2024-03-20,7792
00637L,元大滬深300正2,80,55,25,國票-北投,2024-03-20,7792
2356,英業達,27,3,24,國票-北投,2024-03-20,7792
1609,大亞,32,10,22,國票-北投,2024-03-20,7792
2323,中環,22,1,21,國票-北投,2024-03-20,7792
3033,威健,21,0,21,國票-北投,2024-03-20,7792
2406,國碩,22,3,19,國票-北投,2024-03-20,7792
2354,鴻準,28,9,19,國票-北投,2024-03-20,7792
1615,大山,15,0,15,國票-北投,2024-03-20,7792
6257,矽格,16,2,14,國票-北投,2024-03-20,7792
00679B,元大美債20年,13,0,13,國票-北投,2024-03-20,7792
1513,中興電,33,20,13,國票-北投,2024-03-20,7792
2340,台亞,13,0,13,國票-北投,2024-03-20,7792
4714,永捷,17,4,13,國票-北投,2024-03-20,7792
3265,台星科,12,0,12,國票-北投,2024-03-20,7792
4906,正文,12,0,12,國票-北投,2024-03-20,7792
1905,華紙,11,0,11,國票-北投,2024-03-20,7792
2836,高雄銀,11,0,11,國票-北投,2024-03-20,7792
2889,國票金,12,1,11,國票-北投,2024-03-20,7792
2352,佳世達,14,4,10,國票-北投,2024-03-20,7792
5340,建榮,10,0,10,國票-北投,2024-03-20,7792
1303,南亞,10,0,10,國票-北投,2024-03-20,7792
00885,富邦越南,10,0,10,國票-北投,2024-03-20,7792
00673R,期元大S＆P原油反1,10,0,10,國票-北投,2024-03-20,7792
00632R,元大台灣50反1,30,20,10,國票-北投,2024-03-20,7792
00680L,元大美債20正2,10,0,10,國票-北投,2024-03-20,7792
1527,鑽全,10,0,10,國票-北投,2024-03-20,7792
1604,聲寶,10,0,10,國票-北投,2024-03-20,7792
2363,矽統,10,0,10,國票-北投,2024-03-20,7792
2820,華票,10,0,10,國票-北投,2024-03-20,7792
2838,聯邦銀,10,0,10,國票-北投,2024-03-20,7792
3272,東碩,10,0,10,國票-北投,2024-03-20,7792
5347,世界,18,8,10,國票-北投,2024-03-20,7792
5498,凱崴,10,0,10,國票-北投,2024-03-20,7792
6668,中揚光,10,0,10,國票-北投,2024-03-20,7792
2344,華邦電,10,0,10,國票-北投,2024-03-20,7792
2382,廣達,13,3,10,國票-北投,2024-03-20,7792
2882,國泰金,9,0,9,國票-北投,2024-03-20,7792
1529,樂事綠能,9,0,9,國票-北投,2024-03-20,7792
2409,友達,9,0,9,國票-北投,2024-03-20,7792
00939,統一台灣高息動能,128,0,128,國票-北投,2024-03-21,7792
00919,群益台灣精選高息,94,7,87,國票-北投,2024-03-21,7792
00632R,元大台灣50反1,75,0,75,國票-北投,2024-03-21,7792
1718,中纖,50,0,50,國票-北投,2024-03-21,7792
2371,大同,41,5,36,國票-北投,2024-03-21,7792
5498,凱崴,46,14,32,國票-北投,2024-03-21,7792
00929,復華台灣科技優息,37,8,29,國票-北投,2024-03-21,7792
2820,華票,20,0,20,國票-北投,2024-03-21,7792
6244,茂迪,21,1,20,國票-北投,2024-03-21,7792
1307,三芳,18,0,18,國票-北投,2024-03-21,7792
2317,鴻海,26,12,14,國票-北投,2024-03-21,7792
2609,陽明,12,0,12,國票-北投,2024-03-21,7792
1316,上曜,15,3,12,國票-北投,2024-03-21,7792
2367,燿華,18,6,12,國票-北投,2024-03-21,7792
00937B,群益ESG投等債20,11,0,11,國票-北投,2024-03-21,7792
00664R,國泰臺灣加權反1,10,0,10,國票-北投,2024-03-21,7792
00706L,期元大S＆P日圓正2,10,0,10,國票-北投,2024-03-21,7792
6168,宏齊,10,0,10,國票-北投,2024-03-21,7792
00934,中信成長高股息,10,0,10,國票-北投,2024-03-21,7792
2329,華泰,9,1,8,國票-北投,2024-03-21,7792
4541,晟田,8,0,8,國票-北投,2024-03-21,7792
4906,正文,10,2,8,國票-北投,2024-03-21,7792
1504,東元,18,11,7,國票-北投,2024-03-21,7792
00764B,群益25年美債,7,0,7,國票-北投,2024-03-21,7792
3260,威剛,7,0,7,國票-北投,2024-03-21,7792
4768,晶呈科技,7,0,7,國票-北投,2024-03-21,7792
00915,凱基優選高股息30,6,0,6,國票-北投,2024-03-21,7792
00900,富邦特選高股息30,8,2,6,國票-北投,2024-03-21,7792
3035,智原,7,1,6,國票-北投,2024-03-21,7792
3518,柏騰,6,0,6,國票-北投,2024-03-21,7792
3576,聯合再生,6,0,6,國票-北投,2024-03-21,7792
3044,健鼎,6,1,5,國票-北投,2024-03-21,7792
2314,台揚,5,0,5,國票-北投,2024-03-21,7792
2611,志信,5,0,5,國票-北投,2024-03-21,7792
4526,東台,5,0,5,國票-北投,2024-03-21,7792
00679B,元大美債20年,4,0,4,國票-北投,2024-03-21,7792
2883,凱基金,4,0,4,國票-北投,2024-03-21,7792
3005,神基,26,22,4,國票-北投,2024-03-21,7792
2236,百達-KY,4,0,4,國票-北投,2024-03-21,7792
2457,飛宏,15,11,4,國票-北投,2024-03-21,7792
3059,華晶科,4,0,4,國票-北投,2024-03-21,7792
4714,永捷,11,7,4,國票-北投,2024-03-21,7792
8183,精星,4,0,4,國票-北投,2024-03-21,7792
9105,泰金寶-DR,4,0,4,國票-北投,2024-03-21,7792
2324,仁寶,4,0,4,國票-北投,2024-03-21,7792
4961,天鈺,4,0,4,國票-北投,2024-03-21,7792
2603,長榮,6,2,4,國票-北投,2024-03-21,7792
2618,長榮航,3,0,3,國票-北投,2024-03-21,7792
00687B,國泰20年美債,3,0,3,國票-北投,2024-03-21,7792
00935,野村臺灣新科技50,3,0,3,國票-北投,2024-03-21,7792
00939,統一台灣高息動能,190,1,189,國票-北投,2024-03-22,7792
00941,中信上游半導體,124,16,108,國票-北投,2024-03-22,7792
00937B,群益ESG投等債20,51,11,40,國票-北投,2024-03-22,7792
2344,華邦電,39,8,31,國票-北投,2024-03-22,7792
3481,群創,41,11,30,國票-北投,2024-03-22,7792
2353,宏��,39,11,28,國票-北投,2024-03-22,7792
1504,東元,37,9,28,國票-北投,2024-03-22,7792
1513,中興電,27,4,23,國票-北投,2024-03-22,7792
2323,中環,25,2,23,國票-北投,2024-03-22,7792
2312,金寶,22,0,22,國票-北投,2024-03-22,7792
2618,長榮航,20,0,20,國票-北投,2024-03-22,7792
2489,瑞軒,20,0,20,國票-北投,2024-03-22,7792
2376,技嘉,24,5,19,國票-北投,2024-03-22,7792
2314,台揚,16,0,16,國票-北投,2024-03-22,7792
2330,台積電,18,3,15,國票-北投,2024-03-22,7792
00637L,元大滬深300正2,20,5,15,國票-北投,2024-03-22,7792
6147,頎邦,16,2,14,國票-北投,2024-03-22,7792
2495,普安,12,0,12,國票-北投,2024-03-22,7792
2337,旺宏,13,2,11,國票-北投,2024-03-22,7792
00931B,統一美債20年,10,0,10,國票-北投,2024-03-22,7792
2482,連宇,10,0,10,國票-北投,2024-03-22,7792
6127,九豪,10,0,10,國票-北投,2024-03-22,7792
6443,元晶,14,4,10,國票-北投,2024-03-22,7792
8096,擎亞,12,2,10,國票-北投,2024-03-22,7792
4958,臻鼎-KY,10,2,8,國票-北投,2024-03-22,7792
00687B,國泰20年美債,7,0,7,國票-北投,2024-03-22,7792
2313,華通,8,1,7,國票-北投,2024-03-22,7792
1529,樂事綠能,10,3,7,國票-北投,2024-03-22,7792
2888,新光金,7,0,7,國票-北投,2024-03-22,7792
5009,榮剛,7,0,7,國票-北投,2024-03-22,7792
2354,鴻準,12,6,6,國票-北投,2024-03-22,7792
2609,陽明,7,1,6,國票-北投,2024-03-22,7792
2362,藍天,6,0,6,國票-北投,2024-03-22,7792
2834,臺企銀,6,0,6,國票-北投,2024-03-22,7792
3380,明泰,6,0,6,國票-北投,2024-03-22,7792
3706,神達,125,119,6,國票-北投,2024-03-22,7792
6245,立端,6,0,6,國票-北投,2024-03-22,7792
8054,安國,6,0,6,國票-北投,2024-03-22,7792
2883,凱基金,6,0,6,國票-北投,2024-03-22,7792
6244,茂迪,10,5,5,國票-北投,2024-03-22,7792
1514,亞力,15,10,5,國票-北投,2024-03-22,7792
2605,新興,5,0,5,國票-北投,2024-03-22,7792
3694,海華,5,0,5,國票-北投,2024-03-22,7792
5347,世界,6,1,5,國票-北投,2024-03-22,7792
6219,富旺,5,0,5,國票-北投,2024-03-22,7792
8936,國統,10,5,5,國票-北投,2024-03-22,7792
1604,聲寶,5,0,5,國票-北投,2024-03-22,7792
2606,裕民,4,0,4,國票-北投,2024-03-22,7792
2308,台達電,16,12,4,國票-北投,2024-03-22,7792
9917,中保科,4,0,4,國票-北投,2024-03-22,7792
6125,廣運,67,9,58,國票-北投,2024-03-25,7792
00687B,國泰20年美債,41,3,38,國票-北投,2024-03-25,7792
2820,華票,35,0,35,國票-北投,2024-03-25,7792
2882,國泰金,33,0,33,國票-北投,2024-03-25,7792
1609,大亞,59,28,31,國票-北投,2024-03-25,7792
2548,華固,32,2,30,國票-北投,2024-03-25,7792
2354,鴻準,25,5,20,國票-北投,2024-03-25,7792
00941,中信上游半導體,68,49,19,國票-北投,2024-03-25,7792
4536,拓凱,19,0,19,國票-北投,2024-03-25,7792
2020,美亞,17,0,17,國票-北投,2024-03-25,7792
6189,豐藝,17,0,17,國票-北投,2024-03-25,7792
3294,英濟,16,1,15,國票-北投,2024-03-25,7792
00939,統一台灣高息動能,25,11,14,國票-北投,2024-03-25,7792
1785,光洋科,14,0,14,國票-北投,2024-03-25,7792
00937B,群益ESG投等債20,13,0,13,國票-北投,2024-03-25,7792
2353,宏��,17,4,13,國票-北投,2024-03-25,7792
2371,大同,22,9,13,國票-北投,2024-03-25,7792
00919,群益台灣精選高息,64,51,13,國票-北投,2024-03-25,7792
2498,宏達電,27,15,12,國票-北投,2024-03-25,7792
3706,神達,17,6,11,國票-北投,2024-03-25,7792
3231,緯創,22,12,10,國票-北投,2024-03-25,7792
2392,正崴,10,0,10,國票-北投,2024-03-25,7792
4109,加捷生醫,10,0,10,國票-北投,2024-03-25,7792
8050,廣積,10,0,10,國票-北投,2024-03-25,7792
00679B,元大美債20年,9,0,9,國票-北投,2024-03-25,7792
6257,矽格,10,1,9,國票-北投,2024-03-25,7792
2303,聯電,10,2,8,國票-北投,2024-03-25,7792
2637,慧洋-KY,8,0,8,國票-北投,2024-03-25,7792
0056,元大高股息,8,0,8,國票-北投,2024-03-25,7792
00929,復華台灣科技優息,13,6,7,國票-北投,2024-03-25,7792
6770,力積電,7,0,7,國票-北投,2024-03-25,7792
1522,堤維西,7,0,7,國票-北投,2024-03-25,7792
1717,長興,8,1,7,國票-北投,2024-03-25,7792
2337,旺宏,8,1,7,國票-北投,2024-03-25,7792
4961,天鈺,7,0,7,國票-北投,2024-03-25,7792
6163,華電網,13,6,7,國票-北投,2024-03-25,7792
2356,英業達,33,26,7,國票-北投,2024-03-25,7792
2417,圓剛,7,1,6,國票-北投,2024-03-25,7792
2464,盟立,6,0,6,國票-北投,2024-03-25,7792
2836,高雄銀,6,0,6,國票-北投,2024-03-25,7792
2886,兆豐金,6,0,6,國票-北投,2024-03-25,7792
5202,力新,7,1,6,國票-北投,2024-03-25,7792
6438,迅得,6,0,6,國票-北投,2024-03-25,7792
8011,台通,6,0,6,國票-北投,2024-03-25,7792
2453,凌群,8,3,5,國票-北投,2024-03-25,7792
4916,事欣科,5,0,5,國票-北投,2024-03-25,7792
2891,中信金,5,0,5,國票-北投,2024-03-25,7792
1216,統一,5,0,5,國票-北投,2024-03-25,7792
6592,和潤企業,5,0,5,國票-北投,2024-03-25,7792
1810,和成,5,0,5,國票-北投,2024-03-25,7792
6125,廣運,64,6,58,國票-北投,2024-03-26,7792
00939,統一台灣高息動能,54,4,50,國票-北投,2024-03-26,7792
00687B,國泰20年美債,48,5,43,國票-北投,2024-03-26,7792
8096,擎亞,42,0,42,國票-北投,2024-03-26,7792
1514,亞力,51,15,36,國票-北投,2024-03-26,7792
2324,仁寶,33,3,30,國票-北投,2024-03-26,7792
3033,威健,22,0,22,國票-北投,2024-03-26,7792
1618,合機,29,8,21,國票-北投,2024-03-26,7792
2618,長榮航,21,0,21,國票-北投,2024-03-26,7792
2882,國泰金,22,1,21,國票-北投,2024-03-26,7792
6244,茂迪,21,0,21,國票-北投,2024-03-26,7792
3207,耀勝,20,0,20,國票-北投,2024-03-26,7792
6668,中揚光,20,0,20,國票-北投,2024-03-26,7792
9958,世紀鋼,17,0,17,國票-北投,2024-03-26,7792
3363,上詮,16,0,16,國票-北投,2024-03-26,7792
2313,華通,20,5,15,國票-北投,2024-03-26,7792
2812,台中銀,15,0,15,國票-北投,2024-03-26,7792
2354,鴻準,21,7,14,國票-北投,2024-03-26,7792
2303,聯電,23,10,13,國票-北投,2024-03-26,7792
00915,凱基優選高股息30,12,0,12,國票-北投,2024-03-26,7792
1785,光洋科,12,0,12,國票-北投,2024-03-26,7792
3545,敦泰,12,0,12,國票-北投,2024-03-26,7792
4401,東隆興,12,0,12,國票-北投,2024-03-26,7792
00929,復華台灣科技優息,13,2,11,國票-北投,2024-03-26,7792
3706,神達,13,2,11,國票-北投,2024-03-26,7792
8050,廣積,11,0,11,國票-北投,2024-03-26,7792
00931B,統一美債20年,10,0,10,國票-北投,2024-03-26,7792
0056,元大高股息,10,0,10,國票-北投,2024-03-26,7792
2338,光罩,10,0,10,國票-北投,2024-03-26,7792
2408,南亞科,15,5,10,國票-北投,2024-03-26,7792
2640,大車隊,10,0,10,國票-北投,2024-03-26,7792
2820,華票,10,0,10,國票-北投,2024-03-26,7792
6443,元晶,11,1,10,國票-北投,2024-03-26,7792
00679B,元大美債20年,9,0,9,國票-北投,2024-03-26,7792
2468,華經,9,0,9,國票-北投,2024-03-26,7792
2605,新興,9,0,9,國票-北投,2024-03-26,7792
3044,健鼎,9,0,9,國票-北投,2024-03-26,7792
4576,大銀微系統,10,1,9,國票-北投,2024-03-26,7792
4979,華星光,12,3,9,國票-北投,2024-03-26,7792
3231,緯創,15,6,9,國票-北投,2024-03-26,7792
3362,先進光,16,8,8,國票-北投,2024-03-26,7792
3583,辛耘,10,2,8,國票-北投,2024-03-26,7792
4583,台灣精銳,9,1,8,國票-北投,2024-03-26,7792
1609,大亞,63,56,7,國票-北投,2024-03-26,7792
2486,一詮,28,21,7,國票-北投,2024-03-26,7792
3078,僑威,7,0,7,國票-北投,2024-03-26,7792
8936,國統,18,11,7,國票-北投,2024-03-26,7792
3264,欣銓,6,0,6,國票-北投,2024-03-26,7792
1616,億泰,9,3,6,國票-北投,2024-03-26,7792
2337,旺宏,10,4,6,國票-北投,2024-03-26,7792
4207,環泰,113,0,113,國票-北投,2024-03-27,7792
00637L,元大滬深300正2,40,5,35,國票-北投,2024-03-27,7792
3027,盛達,36,1,35,國票-北投,2024-03-27,7792
6016,康和證,30,0,30,國票-北投,2024-03-27,7792
00939,統一台灣高息動能,23,1,22,國票-北投,2024-03-27,7792
6530,創威,21,0,21,國票-北投,2024-03-27,7792
2303,聯電,18,1,17,國票-北投,2024-03-27,7792
2345,智邦,15,0,15,國票-北投,2024-03-27,7792
2630,亞航,19,4,15,國票-北投,2024-03-27,7792
2408,南亞科,16,2,14,國票-北投,2024-03-27,7792
8926,台汽電,14,0,14,國票-北投,2024-03-27,7792
1808,潤隆,14,1,13,國票-北投,2024-03-27,7792
6577,勁豐,13,0,13,國票-北投,2024-03-27,7792
8011,台通,13,0,13,國票-北投,2024-03-27,7792
1795,美時,15,3,12,國票-北投,2024-03-27,7792
6770,力積電,17,5,12,國票-北投,2024-03-27,7792
0056,元大高股息,11,0,11,國票-北投,2024-03-27,7792
2208,台船,11,0,11,國票-北投,2024-03-27,7792
2486,一詮,13,2,11,國票-北投,2024-03-27,7792
1584,精剛,11,1,10,國票-北投,2024-03-27,7792
2409,友達,11,1,10,國票-北投,2024-03-27,7792
2481,強茂,10,0,10,國票-北投,2024-03-27,7792
2820,華票,10,0,10,國票-北投,2024-03-27,7792
2890,永豐金,10,0,10,國票-北投,2024-03-27,7792
3715,定穎投控,10,0,10,國票-北投,2024-03-27,7792
6141,柏承,10,0,10,國票-北投,2024-03-27,7792
6261,久元,10,0,10,國票-北投,2024-03-27,7792
6668,中揚光,10,0,10,國票-北投,2024-03-27,7792
1522,堤維西,9,0,9,國票-北投,2024-03-27,7792
2301,光寶科,18,9,9,國票-北投,2024-03-27,7792
5469,瀚宇博,11,2,9,國票-北投,2024-03-27,7792
00937B,群益ESG投等債20,8,0,8,國票-北投,2024-03-27,7792
2888,新光金,10,2,8,國票-北投,2024-03-27,7792
3105,穩懋,8,0,8,國票-北投,2024-03-27,7792
3346,麗清,8,0,8,國票-北投,2024-03-27,7792
1616,億泰,7,0,7,國票-北投,2024-03-27,7792
3033,威健,7,0,7,國票-北投,2024-03-27,7792
4526,東台,18,11,7,國票-北投,2024-03-27,7792
6190,萬泰科,10,3,7,國票-北投,2024-03-27,7792
2609,陽明,6,0,6,國票-北投,2024-03-27,7792
8215,明基材,6,0,6,國票-北投,2024-03-27,7792
1608,華榮,23,17,6,國票-北投,2024-03-27,7792
3059,華晶科,7,1,6,國票-北投,2024-03-27,7792
2376,技嘉,7,2,5,國票-北投,2024-03-27,7792
8358,金居,5,0,5,國票-北投,2024-03-27,7792
1611,中電,6,1,5,國票-北投,2024-03-27,7792
2201,裕隆,5,0,5,國票-北投,2024-03-27,7792
2331,精英,6,1,5,國票-北投,2024-03-27,7792
2353,宏��,6,1,5,國票-北投,2024-03-27,7792
2812,台中銀,5,0,5,國票-北投,2024-03-27,7792
00929,復華台灣科技優息,104,7,97,國票-北投,2024-03-28,7792
8033,雷虎,46,0,46,國票-北投,2024-03-28,7792
00919,群益台灣精選高息,56,13,43,國票-北投,2024-03-28,7792
00937B,群益ESG投等債20,41,0,41,國票-北投,2024-03-28,7792
5009,榮剛,43,3,40,國票-北投,2024-03-28,7792
2883,凱基金,42,5,37,國票-北投,2024-03-28,7792
3706,神達,42,7,35,國票-北投,2024-03-28,7792
00632R,元大台灣50反1,20,0,20,國票-北投,2024-03-28,7792
2374,佳能,20,0,20,國票-北投,2024-03-28,7792
2301,光寶科,25,10,15,國票-北投,2024-03-28,7792
2610,華航,15,1,14,國票-北投,2024-03-28,7792
2882,國泰金,14,0,14,國票-北投,2024-03-28,7792
2303,聯電,29,15,14,國票-北投,2024-03-28,7792
2515,中工,15,2,13,國票-北投,2024-03-28,7792
1795,美時,13,0,13,國票-北投,2024-03-28,7792
6189,豐藝,13,0,13,國票-北投,2024-03-28,7792
2615,萬海,11,0,11,國票-北投,2024-03-28,7792
1609,大亞,16,6,10,國票-北投,2024-03-28,7792
1717,長興,10,0,10,國票-北投,2024-03-28,7792
3325,旭品,10,0,10,國票-北投,2024-03-28,7792
6127,九豪,10,0,10,國票-北投,2024-03-28,7792
1608,華榮,12,4,8,國票-北投,2024-03-28,7792
1785,光洋科,14,6,8,國票-北投,2024-03-28,7792
2354,鴻準,46,38,8,國票-北投,2024-03-28,7792
3062,建漢,11,4,7,國票-北投,2024-03-28,7792
3005,神基,6,0,6,國票-北投,2024-03-28,7792
1515,力山,6,0,6,國票-北投,2024-03-28,7792
2836,高雄銀,6,0,6,國票-北投,2024-03-28,7792
5521,工信,6,0,6,國票-北投,2024-03-28,7792
00933B,國泰10Y+金融債,5,0,5,國票-北投,2024-03-28,7792
1522,堤維西,6,1,5,國票-北投,2024-03-28,7792
1532,勤美,5,0,5,國票-北投,2024-03-28,7792
2323,中環,5,0,5,國票-北投,2024-03-28,7792
2329,華泰,6,1,5,國票-北投,2024-03-28,7792
2363,矽統,5,0,5,國票-北投,2024-03-28,7792
2888,新光金,5,0,5,國票-北投,2024-03-28,7792
2892,第一金,5,0,5,國票-北投,2024-03-28,7792
4114,健喬,5,0,5,國票-北投,2024-03-28,7792
8111,立��,5,0,5,國票-北投,2024-03-28,7792
8261,富鼎,9,4,5,國票-北投,2024-03-28,7792
8926,台汽電,6,1,5,國票-北投,2024-03-28,7792
00918,大華優利高填息30,5,0,5,國票-北投,2024-03-28,7792
2453,凌群,4,0,4,國票-北投,2024-03-28,7792
00665L,富邦�琤肭磪囓�2,4,0,4,國票-北投,2024-03-28,7792
1909,榮成,4,0,4,國票-北投,2024-03-28,7792
4526,東台,4,0,4,國票-北投,2024-03-28,7792
6456,GIS-KY,4,0,4,國票-北投,2024-03-28,7792
1301,台塑,3,0,3,國票-北投,2024-03-28,7792
2486,一詮,4,1,3,國票-北投,2024-03-28,7792
2812,台中銀,3,0,3,國票-北投,2024-03-28,7792
00937B,群益ESG投等債20,87,7,80,國票-北投,2024-03-29,7792
5871,中租-KY,60,0,60,國票-北投,2024-03-29,7792
3708,上緯投控,40,1,39,國票-北投,2024-03-29,7792
2324,仁寶,38,1,37,國票-北投,2024-03-29,7792
00632R,元大台灣50反1,49,20,29,國票-北投,2024-03-29,7792
6667,信紘科,43,22,21,國票-北投,2024-03-29,7792
5386,青雲,22,1,21,國票-北投,2024-03-29,7792
6244,茂迪,20,0,20,國票-北投,2024-03-29,7792
00919,群益台灣精選高息,20,2,18,國票-北投,2024-03-29,7792
1609,大亞,23,7,16,國票-北投,2024-03-29,7792
00637L,元大滬深300正2,35,20,15,國票-北投,2024-03-29,7792
00679B,元大美債20年,13,0,13,國票-北投,2024-03-29,7792
9105,泰金寶-DR,15,2,13,國票-北投,2024-03-29,7792
2329,華泰,14,2,12,國票-北投,2024-03-29,7792
3013,晟銘電,33,21,12,國票-北投,2024-03-29,7792
00929,復華台灣科技優息,21,10,11,國票-北投,2024-03-29,7792
8255,朋程,11,0,11,國票-北投,2024-03-29,7792
00939,統一台灣高息動能,11,1,10,國票-北投,2024-03-29,7792
2017,官田鋼,10,0,10,國票-北投,2024-03-29,7792
3081,聯亞,10,0,10,國票-北投,2024-03-29,7792
3545,敦泰,10,0,10,國票-北投,2024-03-29,7792
3581,博磊,10,0,10,國票-北投,2024-03-29,7792
5512,力麒,10,0,10,國票-北投,2024-03-29,7792
6668,中揚光,10,0,10,國票-北投,2024-03-29,7792
1815,富喬,10,1,9,國票-北投,2024-03-29,7792
6442,光聖,31,22,9,國票-北投,2024-03-29,7792
2317,鴻海,16,8,8,國票-北投,2024-03-29,7792
2301,光寶科,11,3,8,國票-北投,2024-03-29,7792
3062,建漢,8,0,8,國票-北投,2024-03-29,7792
3605,宏致,15,7,8,國票-北投,2024-03-29,7792
2367,燿華,16,10,6,國票-北投,2024-03-29,7792
00720B,元大投資級公司債,6,0,6,國票-北投,2024-03-29,7792
1611,中電,6,0,6,國票-北投,2024-03-29,7792
3707,漢磊,6,0,6,國票-北投,2024-03-29,7792
5521,工信,6,0,6,國票-北投,2024-03-29,7792
6126,信音,6,0,6,國票-北投,2024-03-29,7792
6789,采鈺,6,0,6,國票-北投,2024-03-29,7792
2371,大同,37,32,5,國票-北投,2024-03-29,7792
4904,遠傳,5,0,5,國票-北投,2024-03-29,7792
00773B,中信優先金融債,5,0,5,國票-北投,2024-03-29,7792
00772B,中信高評級公司債,5,0,5,國票-北投,2024-03-29,7792
1605,華新,5,0,5,國票-北投,2024-03-29,7792
1810,和成,5,0,5,國票-北投,2024-03-29,7792
3042,晶技,6,1,5,國票-北投,2024-03-29,7792
3276,宇環,5,0,5,國票-北投,2024-03-29,7792
5315,光聯,5,0,5,國票-北投,2024-03-29,7792
6227,茂綸,5,0,5,國票-北投,2024-03-29,7792
6462,神盾,6,1,5,國票-北投,2024-03-29,7792
8111,立��,5,0,5,國票-北投,2024-03-29,7792
9958,世紀鋼,5,0,5,國票-北投,2024-03-29,7792
00940,元大台灣價值高息,572,165,407,國票-北投,2024-04-01,7792
3706,神達,68,0,68,國票-北投,2024-04-01,7792
2303,聯電,44,1,43,國票-北投,2024-04-01,7792
00878,國泰永續高股息,27,0,27,國票-北投,2024-04-01,7792
2317,鴻海,34,9,25,國票-北投,2024-04-01,7792
2027,大成鋼,20,0,20,國票-北投,2024-04-01,7792
2421,建準,21,1,20,國票-北投,2024-04-01,7792
8069,元太,20,0,20,國票-北投,2024-04-01,7792
8163,達方,20,0,20,國票-北投,2024-04-01,7792
6274,台燿,16,1,15,國票-北投,2024-04-01,7792
3231,緯創,74,61,13,國票-北投,2024-04-01,7792
3014,聯陽,12,0,12,國票-北投,2024-04-01,7792
2308,台達電,11,0,11,國票-北投,2024-04-01,7792
2382,廣達,12,1,11,國票-北投,2024-04-01,7792
1514,亞力,25,14,11,國票-北投,2024-04-01,7792
2363,矽統,12,1,11,國票-北投,2024-04-01,7792
5351,鈺創,14,3,11,國票-北投,2024-04-01,7792
4128,中天,10,0,10,國票-北投,2024-04-01,7792
2369,菱生,11,1,10,國票-北投,2024-04-01,7792
2855,統一證,10,0,10,國票-北投,2024-04-01,7792
3605,宏致,10,0,10,國票-北投,2024-04-01,7792
2603,長榮,9,0,9,國票-北投,2024-04-01,7792
3081,聯亞,9,0,9,國票-北投,2024-04-01,7792
3693,營邦,9,0,9,國票-北投,2024-04-01,7792
3260,威剛,13,4,9,國票-北投,2024-04-01,7792
0056,元大高股息,8,0,8,國票-北投,2024-04-01,7792
2352,佳世達,8,0,8,國票-北投,2024-04-01,7792
3042,晶技,8,0,8,國票-北投,2024-04-01,7792
1609,大亞,7,0,7,國票-北投,2024-04-01,7792
2329,華泰,7,0,7,國票-北投,2024-04-01,7792
2505,國揚,10,3,7,國票-北投,2024-04-01,7792
00923,群益台ESG低碳50,6,0,6,國票-北投,2024-04-01,7792
5483,中美晶,6,1,5,國票-北投,2024-04-01,7792
2373,震旦行,5,0,5,國票-北投,2024-04-01,7792
2641,正德,5,0,5,國票-北投,2024-04-01,7792
3032,偉訓,6,1,5,國票-北投,2024-04-01,7792
3189,景碩,5,0,5,國票-北投,2024-04-01,7792
3512,皇龍,5,0,5,國票-北投,2024-04-01,7792
4938,和碩,5,0,5,國票-北投,2024-04-01,7792
6664,群翊,5,0,5,國票-北投,2024-04-01,7792
8938,明安,5,0,5,國票-北投,2024-04-01,7792
2301,光寶科,7,3,4,國票-北投,2024-04-01,7792
00935,野村臺灣新科技50,4,0,4,國票-北投,2024-04-01,7792
2313,華通,9,5,4,國票-北投,2024-04-01,7792
2354,鴻準,7,3,4,國票-北投,2024-04-01,7792
3062,建漢,5,1,4,國票-北投,2024-04-01,7792
9927,泰銘,4,0,4,國票-北投,2024-04-01,7792
2330,台積電,3,0,3,國票-北投,2024-04-01,7792
2891,中信金,3,0,3,國票-北投,2024-04-01,7792
1734,杏輝,3,0,3,國票-北投,2024-04-01,7792
00940,元大台灣價值高息,200,0,200,國票-北投,2024-04-02,7792
00937B,群益ESG投等債20,104,0,104,國票-北投,2024-04-02,7792
00929,復華台灣科技優息,114,27,87,國票-北投,2024-04-02,7792
3708,上緯投控,25,0,25,國票-北投,2024-04-02,7792
00687B,國泰20年美債,24,0,24,國票-北投,2024-04-02,7792
1718,中纖,20,0,20,國票-北投,2024-04-02,7792
3706,神達,21,4,17,國票-北投,2024-04-02,7792
6274,台燿,19,2,17,國票-北投,2024-04-02,7792
1609,大亞,18,1,17,國票-北投,2024-04-02,7792
2354,鴻準,17,2,15,國票-北投,2024-04-02,7792
3231,緯創,27,13,14,國票-北投,2024-04-02,7792
00939,統一台灣高息動能,14,3,11,國票-北投,2024-04-02,7792
2369,菱生,11,0,11,國票-北投,2024-04-02,7792
3094,聯傑,11,0,11,國票-北投,2024-04-02,7792
2492,華新科,15,5,10,國票-北投,2024-04-02,7792
3045,台灣大,10,0,10,國票-北投,2024-04-02,7792
00664R,國泰臺灣加權反1,10,0,10,國票-北投,2024-04-02,7792
1319,東陽,10,0,10,國票-北投,2024-04-02,7792
3617,碩天,10,0,10,國票-北投,2024-04-02,7792
6442,光聖,10,0,10,國票-北投,2024-04-02,7792
2371,大同,18,9,9,國票-北投,2024-04-02,7792
3017,奇鋐,9,0,9,國票-北投,2024-04-02,7792
1539,巨庭,9,0,9,國票-北投,2024-04-02,7792
6535,順藥,10,1,9,國票-北投,2024-04-02,7792
6282,康舒,8,0,8,國票-北投,2024-04-02,7792
00637L,元大滬深300正2,30,24,6,國票-北投,2024-04-02,7792
2867,三商壽,6,0,6,國票-北投,2024-04-02,7792
4714,永捷,10,4,6,國票-北投,2024-04-02,7792
4909,新復興,6,0,6,國票-北投,2024-04-02,7792
8054,安國,28,22,6,國票-北投,2024-04-02,7792
00941,中信上游半導體,5,0,5,國票-北投,2024-04-02,7792
1760,寶齡富錦,5,0,5,國票-北投,2024-04-02,7792
1785,光洋科,5,0,5,國票-北投,2024-04-02,7792
2204,中華,5,0,5,國票-北投,2024-04-02,7792
2365,昆盈,7,2,5,國票-北投,2024-04-02,7792
2890,永豐金,5,0,5,國票-北投,2024-04-02,7792
3122,笙泉,5,0,5,國票-北投,2024-04-02,7792
4129,聯合,5,0,5,國票-北投,2024-04-02,7792
4533,協易機,6,1,5,國票-北投,2024-04-02,7792
6120,達運,9,4,5,國票-北投,2024-04-02,7792
6664,群翊,5,0,5,國票-北投,2024-04-02,7792
6668,中揚光,5,0,5,國票-北投,2024-04-02,7792
8088,品安,5,0,5,國票-北投,2024-04-02,7792
2603,長榮,5,1,4,國票-北投,2024-04-02,7792
2618,長榮航,4,0,4,國票-北投,2024-04-02,7792
2301,光寶科,12,8,4,國票-北投,2024-04-02,7792
1504,東元,7,3,4,國票-北投,2024-04-02,7792
2002,中鋼,5,1,4,國票-北投,2024-04-02,7792
3022,威強電,4,0,4,國票-北投,2024-04-02,7792
3686,達能,4,0,4,國票-北投,2024-04-02,7792
1416,廣豐,165,0,165,國票-北投,2024-04-03,7792
00687B,國泰20年美債,35,0,35,國票-北投,2024-04-03,7792
00940,元大台灣價值高息,38,4,34,國票-北投,2024-04-03,7792
00929,復華台灣科技優息,26,0,26,國票-北投,2024-04-03,7792
2486,一詮,23,5,18,國票-北投,2024-04-03,7792
3673,TPK-KY,18,2,16,國票-北投,2024-04-03,7792
4526,東台,14,0,14,國票-北投,2024-04-03,7792
2303,聯電,14,1,13,國票-北投,2024-04-03,7792
00679B,元大美債20年,13,0,13,國票-北投,2024-04-03,7792
1609,大亞,16,3,13,國票-北投,2024-04-03,7792
2367,燿華,13,0,13,國票-北投,2024-04-03,7792
2382,廣達,31,18,13,國票-北投,2024-04-03,7792
00931B,統一美債20年,12,0,12,國票-北投,2024-04-03,7792
2331,精英,12,0,12,國票-北投,2024-04-03,7792
2618,長榮航,11,0,11,國票-北投,2024-04-03,7792
2881,富邦金,11,0,11,國票-北投,2024-04-03,7792
1316,上曜,11,0,11,國票-北投,2024-04-03,7792
3032,偉訓,11,0,11,國票-北投,2024-04-03,7792
3545,敦泰,11,0,11,國票-北投,2024-04-03,7792
6191,精成科,11,0,11,國票-北投,2024-04-03,7792
00933B,國泰10Y+金融債,10,0,10,國票-北投,2024-04-03,7792
1605,華新,10,0,10,國票-北投,2024-04-03,7792
2027,大成鋼,10,0,10,國票-北投,2024-04-03,7792
2375,凱美,10,0,10,國票-北投,2024-04-03,7792
3450,聯鈞,33,23,10,國票-北投,2024-04-03,7792
6198,瑞築,10,0,10,國票-北投,2024-04-03,7792
8442,威宏-KY,10,0,10,國票-北投,2024-04-03,7792
2066,世德,10,0,10,國票-北投,2024-04-03,7792
2376,技嘉,10,1,9,國票-北投,2024-04-03,7792
2014,中鴻,11,2,9,國票-北投,2024-04-03,7792
2301,光寶科,12,4,8,國票-北投,2024-04-03,7792
5515,建國,8,0,8,國票-北投,2024-04-03,7792
9105,泰金寶-DR,8,0,8,國票-北投,2024-04-03,7792
2002,中鋼,7,0,7,國票-北投,2024-04-03,7792
2020,美亞,7,0,7,國票-北投,2024-04-03,7792
2324,仁寶,27,20,7,國票-北投,2024-04-03,7792
3265,台星科,8,1,7,國票-北投,2024-04-03,7792
6147,頎邦,7,0,7,國票-北投,2024-04-03,7792
2317,鴻海,16,10,6,國票-北投,2024-04-03,7792
1101,台泥,6,0,6,國票-北投,2024-04-03,7792
2603,長榮,6,0,6,國票-北投,2024-04-03,7792
6789,采鈺,6,0,6,國票-北投,2024-04-03,7792
00919,群益台灣精選高息,6,0,6,國票-北投,2024-04-03,7792
00725B,國泰投資級公司債,5,0,5,國票-北投,2024-04-03,7792
2316,楠梓電,5,0,5,國票-北投,2024-04-03,7792
2409,友達,5,0,5,國票-北投,2024-04-03,7792
3694,海華,6,1,5,國票-北投,2024-04-03,7792
00715L,期街口布蘭特正2,4,0,4,國票-北投,2024-04-03,7792
1524,耿鼎,5,1,4,國票-北投,2024-04-03,7792
1527,鑽全,5,1,4,國票-北投,2024-04-03,7792
2609,陽明,403,2,401,國票-北投,2024-04-08,7792
00929,復華台灣科技優息,138,5,133,國票-北投,2024-04-08,7792
00940,元大台灣價值高息,83,27,56,國票-北投,2024-04-08,7792
4958,臻鼎-KY,51,0,51,國票-北投,2024-04-08,7792
00687B,國泰20年美債,33,0,33,國票-北投,2024-04-08,7792
2356,英業達,32,0,32,國票-北投,2024-04-08,7792
1714,和桐,21,0,21,國票-北投,2024-04-08,7792
6016,康和證,21,0,21,國票-北投,2024-04-08,7792
8111,立��,20,0,20,國票-北投,2024-04-08,7792
9905,大華,20,0,20,國票-北投,2024-04-08,7792
00679B,元大美債20年,17,0,17,國票-北投,2024-04-08,7792
6668,中揚光,17,0,17,國票-北投,2024-04-08,7792
00637L,元大滬深300正2,40,25,15,國票-北投,2024-04-08,7792
1326,台化,20,5,15,國票-北投,2024-04-08,7792
00933B,國泰10Y+金融債,16,2,14,國票-北投,2024-04-08,7792
6274,台燿,15,1,14,國票-北投,2024-04-08,7792
00919,群益台灣精選高息,14,0,14,國票-北投,2024-04-08,7792
2374,佳能,17,4,13,國票-北投,2024-04-08,7792
3081,聯亞,12,0,12,國票-北投,2024-04-08,7792
2027,大成鋼,12,0,12,國票-北投,2024-04-08,7792
8096,擎亞,19,7,12,國票-北投,2024-04-08,7792
2317,鴻海,15,3,12,國票-北投,2024-04-08,7792
2371,大同,17,6,11,國票-北投,2024-04-08,7792
1802,台玻,10,0,10,國票-北投,2024-04-08,7792
2324,仁寶,12,2,10,國票-北投,2024-04-08,7792
2520,冠德,10,0,10,國票-北投,2024-04-08,7792
3052,夆典,10,0,10,國票-北投,2024-04-08,7792
3545,敦泰,10,0,10,國票-北投,2024-04-08,7792
8011,台通,10,0,10,國票-北投,2024-04-08,7792
1609,大亞,19,10,9,國票-北投,2024-04-08,7792
5309,系統電,10,1,9,國票-北投,2024-04-08,7792
00939,統一台灣高息動能,8,0,8,國票-北投,2024-04-08,7792
1760,寶齡富錦,8,0,8,國票-北投,2024-04-08,7792
2408,南亞科,18,10,8,國票-北投,2024-04-08,7792
2504,國產,20,12,8,國票-北投,2024-04-08,7792
3706,神達,10,2,8,國票-北投,2024-04-08,7792
6271,同欣電,8,0,8,國票-北投,2024-04-08,7792
3005,神基,7,0,7,國票-北投,2024-04-08,7792
6438,迅得,7,0,7,國票-北投,2024-04-08,7792
6147,頎邦,6,0,6,國票-北投,2024-04-08,7792
2303,聯電,7,1,6,國票-北投,2024-04-08,7792
00795B,中信美國公債20年,6,0,6,國票-北投,2024-04-08,7792
1303,南亞,6,0,6,國票-北投,2024-04-08,7792
3704,合勤控,6,0,6,國票-北投,2024-04-08,7792
3715,定穎投控,10,4,6,國票-北投,2024-04-08,7792
6198,瑞築,6,0,6,國票-北投,2024-04-08,7792
6244,茂迪,11,5,6,國票-北投,2024-04-08,7792
6719,力智,6,0,6,國票-北投,2024-04-08,7792
6176,瑞儀,6,0,6,國票-北投,2024-04-08,7792
00725B,國泰投資級公司債,5,0,5,國票-北投,2024-04-08,7792
1513,中興電,249,22,227,國票-北投,2024-04-09,7792
00929,復華台灣科技優息,72,0,72,國票-北投,2024-04-09,7792
1608,華榮,61,12,49,國票-北投,2024-04-09,7792
00637L,元大滬深300正2,41,0,41,國票-北投,2024-04-09,7792
00919,群益台灣精選高息,33,0,33,國票-北投,2024-04-09,7792
3231,緯創,49,19,30,國票-北投,2024-04-09,7792
00939,統一台灣高息動能,27,2,25,國票-北投,2024-04-09,7792
2371,大同,39,14,25,國票-北投,2024-04-09,7792
00632R,元大台灣50反1,45,21,24,國票-北投,2024-04-09,7792
1605,華新,46,22,24,國票-北投,2024-04-09,7792
2891,中信金,21,0,21,國票-北投,2024-04-09,7792
1104,環泥,20,0,20,國票-北投,2024-04-09,7792
00664R,國泰臺灣加權反1,20,0,20,國票-北投,2024-04-09,7792
3207,耀勝,20,0,20,國票-北投,2024-04-09,7792
4935,茂林-KY,20,0,20,國票-北投,2024-04-09,7792
6189,豐藝,18,0,18,國票-北投,2024-04-09,7792
2002,中鋼,32,14,18,國票-北投,2024-04-09,7792
3265,台星科,16,0,16,國票-北投,2024-04-09,7792
0056,元大高股息,16,0,16,國票-北投,2024-04-09,7792
2382,廣達,20,9,11,國票-北投,2024-04-09,7792
2855,統一證,12,1,11,國票-北投,2024-04-09,7792
2537,聯上發,11,0,11,國票-北投,2024-04-09,7792
4961,天鈺,11,0,11,國票-北投,2024-04-09,7792
2032,新鋼,10,0,10,國票-北投,2024-04-09,7792
3041,揚智,12,2,10,國票-北投,2024-04-09,7792
6937,天虹,12,2,10,國票-北投,2024-04-09,7792
2067,嘉鋼,9,0,9,國票-北投,2024-04-09,7792
4401,東隆興,9,0,9,國票-北投,2024-04-09,7792
5465,富驊,10,1,9,國票-北投,2024-04-09,7792
00937B,群益ESG投等債20,8,0,8,國票-北投,2024-04-09,7792
6668,中揚光,6,0,6,國票-北投,2024-04-09,7792
00712,復華富時不動產,5,0,5,國票-北投,2024-04-09,7792
00933B,國泰10Y+金融債,5,0,5,國票-北投,2024-04-09,7792
1539,巨庭,5,0,5,國票-北投,2024-04-09,7792
2329,華泰,5,0,5,國票-北投,2024-04-09,7792
3264,欣銓,5,0,5,國票-北投,2024-04-09,7792
3540,曜越,5,0,5,國票-北投,2024-04-09,7792
6120,達運,7,2,5,國票-北投,2024-04-09,7792
6202,盛群,5,0,5,國票-北投,2024-04-09,7792
6269,台郡,5,0,5,國票-北投,2024-04-09,7792
9958,世紀鋼,5,0,5,國票-北投,2024-04-09,7792
3702,大聯大,4,0,4,國票-北投,2024-04-09,7792
1612,宏泰,4,0,4,國票-北投,2024-04-09,7792
1760,寶齡富錦,4,0,4,國票-北投,2024-04-09,7792
2453,凌群,8,4,4,國票-北投,2024-04-09,7792
4109,加捷生醫,4,0,4,國票-北投,2024-04-09,7792
5227,立凱-KY,5,1,4,國票-北投,2024-04-09,7792
6234,高僑,10,6,4,國票-北投,2024-04-09,7792
6929,佑全,4,0,4,國票-北投,2024-04-09,7792
8163,達方,4,0,4,國票-北投,2024-04-09,7792
00632R,元大台灣50反1,100,5,95,國票-北投,2024-04-10,7792
2464,盟立,81,4,77,國票-北投,2024-04-10,7792
00929,復華台灣科技優息,76,5,71,國票-北投,2024-04-10,7792
2388,威盛,50,0,50,國票-北投,2024-04-10,7792
00637L,元大滬深300正2,55,10,45,國票-北投,2024-04-10,7792
2547,日勝生,40,0,40,國票-北投,2024-04-10,7792
2363,矽統,63,27,36,國票-北投,2024-04-10,7792
1903,士紙,36,0,36,國票-北投,2024-04-10,7792
6016,康和證,31,0,31,國票-北投,2024-04-10,7792
00937B,群益ESG投等債20,28,0,28,國票-北投,2024-04-10,7792
2520,冠德,24,0,24,國票-北投,2024-04-10,7792
2882,國泰金,24,0,24,國票-北投,2024-04-10,7792
1605,華新,25,3,22,國票-北投,2024-04-10,7792
2546,根基,20,0,20,國票-北投,2024-04-10,7792
2515,中工,17,1,16,國票-北投,2024-04-10,7792
3294,英濟,27,11,16,國票-北投,2024-04-10,7792
3062,建漢,15,0,15,國票-北投,2024-04-10,7792
8054,安國,15,0,15,國票-北投,2024-04-10,7792
1608,華榮,16,3,13,國票-北投,2024-04-10,7792
2486,一詮,19,6,13,國票-北投,2024-04-10,7792
1717,長興,12,0,12,國票-北投,2024-04-10,7792
4401,東隆興,12,0,12,國票-北投,2024-04-10,7792
2382,廣達,11,0,11,國票-北投,2024-04-10,7792
3499,環天科,11,0,11,國票-北投,2024-04-10,7792
6117,迎廣,12,1,11,國票-北投,2024-04-10,7792
2303,聯電,34,23,11,國票-北投,2024-04-10,7792
2881,富邦金,10,0,10,國票-北投,2024-04-10,7792
3362,先進光,11,1,10,國票-北投,2024-04-10,7792
8271,宇瞻,10,0,10,國票-北投,2024-04-10,7792
1503,士電,55,46,9,國票-北投,2024-04-10,7792
2427,三商電,11,2,9,國票-北投,2024-04-10,7792
3059,華晶科,14,6,8,國票-北投,2024-04-10,7792
1514,亞力,47,39,8,國票-北投,2024-04-10,7792
3265,台星科,8,0,8,國票-北投,2024-04-10,7792
3576,聯合再生,7,0,7,國票-北投,2024-04-10,7792
3693,營邦,7,0,7,國票-北投,2024-04-10,7792
4967,十銓,14,7,7,國票-北投,2024-04-10,7792
6284,佳邦,7,0,7,國票-北投,2024-04-10,7792
3481,群創,9,2,7,國票-北投,2024-04-10,7792
00919,群益台灣精選高息,9,2,7,國票-北投,2024-04-10,7792
00941,中信上游半導體,11,5,6,國票-北投,2024-04-10,7792
2603,長榮,6,0,6,國票-北投,2024-04-10,7792
2516,新建,6,0,6,國票-北投,2024-04-10,7792
6534,正瀚-創,6,0,6,國票-北投,2024-04-10,7792
3706,神達,7,2,5,國票-北投,2024-04-10,7792
1597,直得,5,0,5,國票-北投,2024-04-10,7792
2301,光寶科,6,1,5,國票-北投,2024-04-10,7792
2342,茂矽,5,0,5,國票-北投,2024-04-10,7792
2887,台新金,5,0,5,國票-北投,2024-04-10,7792
2890,永豐金,5,0,5,國票-北投,2024-04-10,7792
5243,乙盛-KY,41,0,41,國票-北投,2024-04-11,7792
00679B,元大美債20年,40,0,40,國票-北投,2024-04-11,7792
3481,群創,35,0,35,國票-北投,2024-04-11,7792
2516,新建,28,0,28,國票-北投,2024-04-11,7792
2344,華邦電,28,1,27,國票-北投,2024-04-11,7792
1605,華新,25,1,24,國票-北投,2024-04-11,7792
2610,華航,32,9,23,國票-北投,2024-04-11,7792
9958,世紀鋼,23,0,23,國票-北投,2024-04-11,7792
3231,緯創,22,1,21,國票-北投,2024-04-11,7792
3576,聯合再生,22,1,21,國票-北投,2024-04-11,7792
6806,森崴能源,21,1,20,國票-北投,2024-04-11,7792
00687B,國泰20年美債,16,0,16,國票-北投,2024-04-11,7792
2303,聯電,47,31,16,國票-北投,2024-04-11,7792
1314,中石化,15,0,15,國票-北投,2024-04-11,7792
3052,夆典,15,0,15,國票-北投,2024-04-11,7792
5531,鄉林,15,0,15,國票-北投,2024-04-11,7792
00637L,元大滬深300正2,19,5,14,國票-北投,2024-04-11,7792
6138,茂達,14,0,14,國票-北投,2024-04-11,7792
3060,銘異,14,3,11,國票-北投,2024-04-11,7792
4401,東隆興,11,0,11,國票-北投,2024-04-11,7792
00673R,期元大S＆P原油反1,10,0,10,國票-北投,2024-04-11,7792
3715,定穎投控,10,0,10,國票-北投,2024-04-11,7792
8033,雷虎,10,0,10,國票-北投,2024-04-11,7792
00878,國泰永續高股息,10,1,9,國票-北投,2024-04-11,7792
2409,友達,9,0,9,國票-北投,2024-04-11,7792
2201,裕隆,8,0,8,國票-北投,2024-04-11,7792
2520,冠德,8,0,8,國票-北投,2024-04-11,7792
9105,泰金寶-DR,8,0,8,國票-北投,2024-04-11,7792
00919,群益台灣精選高息,9,1,8,國票-北投,2024-04-11,7792
4958,臻鼎-KY,7,0,7,國票-北投,2024-04-11,7792
1905,華紙,7,0,7,國票-北投,2024-04-11,7792
3025,星通,7,0,7,國票-北投,2024-04-11,7792
3265,台星科,7,0,7,國票-北投,2024-04-11,7792
3545,敦泰,10,3,7,國票-北投,2024-04-11,7792
5469,瀚宇博,6,0,6,國票-北投,2024-04-11,7792
6789,采鈺,6,0,6,國票-北投,2024-04-11,7792
1721,三晃,6,0,6,國票-北投,2024-04-11,7792
2506,太設,7,1,6,國票-北投,2024-04-11,7792
2867,三商壽,6,0,6,國票-北投,2024-04-11,7792
8105,凌巨,6,0,6,國票-北投,2024-04-11,7792
8111,立��,6,0,6,國票-北投,2024-04-11,7792
5443,均豪,5,0,5,國票-北投,2024-04-11,7792
2454,聯發科,5,0,5,國票-北投,2024-04-11,7792
00941,中信上游半導體,5,0,5,國票-北投,2024-04-11,7792
2882,國泰金,19,14,5,國票-北投,2024-04-11,7792
8926,台汽電,5,0,5,國票-北投,2024-04-11,7792
00725B,國泰投資級公司債,5,0,5,國票-北投,2024-04-11,7792
1785,光洋科,5,0,5,國票-北投,2024-04-11,7792
3013,晟銘電,8,3,5,國票-北投,2024-04-11,7792
3694,海華,5,0,5,國票-北投,2024-04-11,7792
2610,華航,96,11,85,國票-北投,2024-04-12,7792
2344,華邦電,43,5,38,國票-北投,2024-04-12,7792
2618,長榮航,36,0,36,國票-北投,2024-04-12,7792
00937B,群益ESG投等債20,27,0,27,國票-北投,2024-04-12,7792
2353,宏��,90,64,26,國票-北投,2024-04-12,7792
6875,國邑*,21,0,21,國票-北投,2024-04-12,7792
6534,正瀚-創,15,0,15,國票-北投,2024-04-12,7792
1809,中釉,14,0,14,國票-北投,2024-04-12,7792
00929,復華台灣科技優息,13,1,12,國票-北投,2024-04-12,7792
2498,宏達電,11,0,11,國票-北投,2024-04-12,7792
3481,群創,11,0,11,國票-北投,2024-04-12,7792
3005,神基,10,0,10,國票-北投,2024-04-12,7792
2323,中環,21,11,10,國票-北投,2024-04-12,7792
2542,興富發,12,2,10,國票-北投,2024-04-12,7792
6198,瑞築,10,0,10,國票-北投,2024-04-12,7792
8110,華東,10,0,10,國票-北投,2024-04-12,7792
00687B,國泰20年美債,9,0,9,國票-北投,2024-04-12,7792
1815,富喬,10,1,9,國票-北投,2024-04-12,7792
00878,國泰永續高股息,8,0,8,國票-北投,2024-04-12,7792
2329,華泰,15,7,8,國票-北投,2024-04-12,7792
3051,力特,8,0,8,國票-北投,2024-04-12,7792
00679B,元大美債20年,7,0,7,國票-北投,2024-04-12,7792
1905,華紙,7,0,7,國票-北投,2024-04-12,7792
3294,英濟,7,0,7,國票-北投,2024-04-12,7792
6117,迎廣,7,0,7,國票-北投,2024-04-12,7792
6538,倉和,7,0,7,國票-北投,2024-04-12,7792
2330,台積電,7,1,6,國票-北投,2024-04-12,7792
00637L,元大滬深300正2,6,0,6,國票-北投,2024-04-12,7792
5530,龍巖,6,0,6,國票-北投,2024-04-12,7792
6233,旺玖,6,0,6,國票-北投,2024-04-12,7792
8054,安國,6,0,6,國票-北投,2024-04-12,7792
8155,博智,6,0,6,國票-北投,2024-04-12,7792
9105,泰金寶-DR,6,0,6,國票-北投,2024-04-12,7792
2101,南港,16,10,6,國票-北投,2024-04-12,7792
2891,中信金,6,1,5,國票-北投,2024-04-12,7792
00725B,國泰投資級公司債,5,0,5,國票-北投,2024-04-12,7792
00795B,中信美國公債20年,5,0,5,國票-北投,2024-04-12,7792
1305,華夏,5,0,5,國票-北投,2024-04-12,7792
2332,友訊,5,0,5,國票-北投,2024-04-12,7792
2481,強茂,5,0,5,國票-北投,2024-04-12,7792
2506,太設,10,5,5,國票-北投,2024-04-12,7792
3284,太普高,5,0,5,國票-北投,2024-04-12,7792
5227,立凱-KY,5,0,5,國票-北投,2024-04-12,7792
5410,國眾,5,0,5,國票-北投,2024-04-12,7792
6129,普誠,5,0,5,國票-北投,2024-04-12,7792
6257,矽格,5,0,5,國票-北投,2024-04-12,7792
2382,廣達,9,5,4,國票-北投,2024-04-12,7792
00939,統一台灣高息動能,5,1,4,國票-北投,2024-04-12,7792
1218,泰山,4,0,4,國票-北投,2024-04-12,7792
1589,永冠-KY,4,0,4,國票-北投,2024-04-12,7792
00929,復華台灣科技優息,65,1,64,國票-北投,2024-04-15,7792
6875,國邑*,48,0,48,國票-北投,2024-04-15,7792
3231,緯創,47,0,47,國票-北投,2024-04-15,7792
0056,元大高股息,37,0,37,國票-北投,2024-04-15,7792
00941,中信上游半導體,30,0,30,國票-北投,2024-04-15,7792
1612,宏泰,33,5,28,國票-北投,2024-04-15,7792
2101,南港,28,0,28,國票-北投,2024-04-15,7792
4960,誠美材,28,0,28,國票-北投,2024-04-15,7792
3059,華晶科,32,5,27,國票-北投,2024-04-15,7792
00939,統一台灣高息動能,25,0,25,國票-北投,2024-04-15,7792
8222,寶一,25,1,24,國票-北投,2024-04-15,7792
00933B,國泰10Y+金融債,20,0,20,國票-北投,2024-04-15,7792
2337,旺宏,20,0,20,國票-北投,2024-04-15,7792
3712,永崴投控,21,1,20,國票-北投,2024-04-15,7792
8096,擎亞,20,0,20,國票-北投,2024-04-15,7792
2618,長榮航,43,24,19,國票-北投,2024-04-15,7792
00940,元大台灣價值高息,18,0,18,國票-北投,2024-04-15,7792
1513,中興電,32,15,17,國票-北投,2024-04-15,7792
6176,瑞儀,20,4,16,國票-北投,2024-04-15,7792
2867,三商壽,34,18,16,國票-北投,2024-04-15,7792
3715,定穎投控,13,0,13,國票-北投,2024-04-15,7792
8936,國統,16,5,11,國票-北投,2024-04-15,7792
00720B,元大投資級公司債,10,0,10,國票-北投,2024-04-15,7792
1319,東陽,10,0,10,國票-北投,2024-04-15,7792
2367,燿華,13,3,10,國票-北投,2024-04-15,7792
2484,希華,10,0,10,國票-北投,2024-04-15,7792
3207,耀勝,10,0,10,國票-北投,2024-04-15,7792
3362,先進光,13,3,10,國票-北投,2024-04-15,7792
5381,合正,9,1,8,國票-北投,2024-04-15,7792
8155,博智,9,1,8,國票-北投,2024-04-15,7792
2351,順德,7,0,7,國票-北投,2024-04-15,7792
2368,金像電,7,0,7,國票-北投,2024-04-15,7792
2417,圓剛,7,0,7,國票-北投,2024-04-15,7792
6117,迎廣,8,1,7,國票-北投,2024-04-15,7792
6194,育富,7,0,7,國票-北投,2024-04-15,7792
00919,群益台灣精選高息,7,0,7,國票-北投,2024-04-15,7792
1506,正道,6,0,6,國票-北投,2024-04-15,7792
2520,冠德,6,0,6,國票-北投,2024-04-15,7792
3035,智原,6,0,6,國票-北投,2024-04-15,7792
00878,國泰永續高股息,9,4,5,國票-北投,2024-04-15,7792
2308,台達電,5,0,5,國票-北投,2024-04-15,7792
00679B,元大美債20年,5,0,5,國票-北投,2024-04-15,7792
1570,力肯,5,0,5,國票-北投,2024-04-15,7792
1608,華榮,9,4,5,國票-北投,2024-04-15,7792
1789,神隆,5,0,5,國票-北投,2024-04-15,7792
1815,富喬,5,0,5,國票-北投,2024-04-15,7792
6198,瑞築,5,0,5,國票-北投,2024-04-15,7792
6284,佳邦,5,0,5,國票-北投,2024-04-15,7792
6534,正瀚-創,5,0,5,國票-北投,2024-04-15,7792
6645,金萬林-創,5,0,5,國票-北投,2024-04-15,7792
00940,元大台灣價值高息,231,60,171,國票-北投,2024-04-16,7792
2618,長榮航,116,0,116,國票-北投,2024-04-16,7792
2542,興富發,100,0,100,國票-北投,2024-04-16,7792
00929,復華台灣科技優息,95,53,42,國票-北投,2024-04-16,7792
1609,大亞,77,35,42,國票-北投,2024-04-16,7792
2382,廣達,43,2,41,國票-北投,2024-04-16,7792
3481,群創,47,9,38,國票-北投,2024-04-16,7792
2303,聯電,59,23,36,國票-北投,2024-04-16,7792
2317,鴻海,46,11,35,國票-北投,2024-04-16,7792
1605,華新,36,2,34,國票-北投,2024-04-16,7792
3207,耀勝,34,0,34,國票-北投,2024-04-16,7792
2371,大同,273,244,29,國票-北投,2024-04-16,7792
3006,晶豪科,31,4,27,國票-北投,2024-04-16,7792
2330,台積電,23,1,22,國票-北投,2024-04-16,7792
2630,亞航,27,6,21,國票-北投,2024-04-16,7792
6534,正瀚-創,21,0,21,國票-北投,2024-04-16,7792
1907,永豐餘,20,0,20,國票-北投,2024-04-16,7792
00939,統一台灣高息動能,39,20,19,國票-北投,2024-04-16,7792
2025,千興,18,0,18,國票-北投,2024-04-16,7792
3231,緯創,29,12,17,國票-北投,2024-04-16,7792
00937B,群益ESG投等債20,15,0,15,國票-北投,2024-04-16,7792
00725B,國泰投資級公司債,15,0,15,國票-北投,2024-04-16,7792
2367,燿華,15,1,14,國票-北投,2024-04-16,7792
00927,群益半導體收益,13,0,13,國票-北投,2024-04-16,7792
00941,中信上游半導體,12,0,12,國票-北投,2024-04-16,7792
00933B,國泰10Y+金融債,11,0,11,國票-北投,2024-04-16,7792
2313,華通,11,0,11,國票-北投,2024-04-16,7792
00687B,國泰20年美債,16,5,11,國票-北投,2024-04-16,7792
3706,神達,10,0,10,國票-北投,2024-04-16,7792
2884,玉山金,10,0,10,國票-北投,2024-04-16,7792
2472,立隆電,10,0,10,國票-北投,2024-04-16,7792
4720,德淵,10,0,10,國票-北投,2024-04-16,7792
4967,十銓,10,0,10,國票-北投,2024-04-16,7792
5880,合庫金,10,0,10,國票-北投,2024-04-16,7792
00720B,元大投資級公司債,10,1,9,國票-北投,2024-04-16,7792
2353,宏��,14,5,9,國票-北投,2024-04-16,7792
2834,臺企銀,9,0,9,國票-北投,2024-04-16,7792
6213,聯茂,11,2,9,國票-北投,2024-04-16,7792
2889,國票金,9,0,9,國票-北投,2024-04-16,7792
2308,台達電,8,0,8,國票-北投,2024-04-16,7792
2634,漢翔,14,6,8,國票-北投,2024-04-16,7792
3260,威剛,11,3,8,國票-北投,2024-04-16,7792
4906,正文,7,0,7,國票-北投,2024-04-16,7792
2356,英業達,13,6,7,國票-北投,2024-04-16,7792
3105,穩懋,7,0,7,國票-北投,2024-04-16,7792
8011,台通,7,0,7,國票-北投,2024-04-16,7792
9938,百和,7,0,7,國票-北投,2024-04-16,7792
1503,士電,8,2,6,國票-北投,2024-04-16,7792
2354,鴻準,7,1,6,國票-北投,2024-04-16,7792
2498,宏達電,6,0,6,國票-北投,2024-04-16,7792
1810,和成,95,10,85,國票-北投,2024-04-17,7792
00929,復華台灣科技優息,38,2,36,國票-北投,2024-04-17,7792
00720B,元大投資級公司債,32,0,32,國票-北投,2024-04-17,7792
3231,緯創,31,0,31,國票-北投,2024-04-17,7792
00937B,群益ESG投等債20,31,0,31,國票-北投,2024-04-17,7792
00940,元大台灣價值高息,44,14,30,國票-北投,2024-04-17,7792
6190,萬泰科,20,0,20,國票-北投,2024-04-17,7792
6284,佳邦,20,2,18,國票-北投,2024-04-17,7792
3545,敦泰,20,3,17,國票-北投,2024-04-17,7792
00679B,元大美債20年,16,0,16,國票-北投,2024-04-17,7792
6117,迎廣,16,1,15,國票-北投,2024-04-17,7792
2101,南港,24,10,14,國票-北投,2024-04-17,7792
00712,復華富時不動產,12,0,12,國票-北投,2024-04-17,7792
1303,南亞,12,0,12,國票-北投,2024-04-17,7792
00772B,中信高評級公司債,11,0,11,國票-北投,2024-04-17,7792
4935,茂林-KY,11,0,11,國票-北投,2024-04-17,7792
8054,安國,11,1,10,國票-北投,2024-04-17,7792
00753L,中信中國50正2,10,0,10,國票-北投,2024-04-17,7792
00725B,國泰投資級公司債,10,0,10,國票-北投,2024-04-17,7792
00665L,富邦�琤肭磪囓�2,10,0,10,國票-北投,2024-04-17,7792
00900,富邦特選高股息30,10,0,10,國票-北投,2024-04-17,7792
2701,萬企,10,0,10,國票-北投,2024-04-17,7792
6534,正瀚-創,10,0,10,國票-北投,2024-04-17,7792
8112,至上,10,0,10,國票-北投,2024-04-17,7792
00919,群益台灣精選高息,12,2,10,國票-北投,2024-04-17,7792
00687B,國泰20年美債,9,0,9,國票-北投,2024-04-17,7792
2618,長榮航,12,4,8,國票-北投,2024-04-17,7792
2605,新興,10,2,8,國票-北投,2024-04-17,7792
2353,宏��,10,3,7,國票-北投,2024-04-17,7792
2412,中華電,7,0,7,國票-北投,2024-04-17,7792
3045,台灣大,7,0,7,國票-北投,2024-04-17,7792
6505,台塑化,6,0,6,國票-北投,2024-04-17,7792
2316,楠梓電,6,0,6,國票-北投,2024-04-17,7792
5443,均豪,6,0,6,國票-北投,2024-04-17,7792
8155,博智,6,0,6,國票-北投,2024-04-17,7792
2457,飛宏,7,1,6,國票-北投,2024-04-17,7792
0056,元大高股息,7,2,5,國票-北投,2024-04-17,7792
2382,廣達,10,5,5,國票-北投,2024-04-17,7792
00898,國泰基因免疫革命,5,0,5,國票-北投,2024-04-17,7792
6770,力積電,13,8,5,國票-北投,2024-04-17,7792
00637L,元大滬深300正2,11,6,5,國票-北投,2024-04-17,7792
00795B,中信美國公債20年,5,0,5,國票-北投,2024-04-17,7792
2241,艾姆勒,5,0,5,國票-北投,2024-04-17,7792
2308,台達電,5,0,5,國票-北投,2024-04-17,7792
2427,三商電,5,0,5,國票-北投,2024-04-17,7792
2436,偉詮電,6,1,5,國票-北投,2024-04-17,7792
2485,兆赫,5,0,5,國票-北投,2024-04-17,7792
3033,威健,6,1,5,國票-北投,2024-04-17,7792
3533,嘉澤,5,0,5,國票-北投,2024-04-17,7792
4939,亞電,5,0,5,國票-北投,2024-04-17,7792
2371,大同,367,230,137,國票-北投,2024-04-18,7792
8112,至上,44,0,44,國票-北投,2024-04-18,7792
2383,台光電,30,1,29,國票-北投,2024-04-18,7792
2867,三商壽,28,3,25,國票-北投,2024-04-18,7792
2356,英業達,23,1,22,國票-北投,2024-04-18,7792
0056,元大高股息,21,1,20,國票-北投,2024-04-18,7792
2489,瑞軒,20,0,20,國票-北投,2024-04-18,7792
3260,威剛,30,10,20,國票-北投,2024-04-18,7792
1513,中興電,71,52,19,國票-北投,2024-04-18,7792
2605,新興,19,0,19,國票-北投,2024-04-18,7792
1605,華新,49,32,17,國票-北投,2024-04-18,7792
3032,偉訓,16,0,16,國票-北投,2024-04-18,7792
9962,有益,16,0,16,國票-北投,2024-04-18,7792
2393,億光,15,0,15,國票-北投,2024-04-18,7792
2367,燿華,22,7,15,國票-北投,2024-04-18,7792
00940,元大台灣價值高息,21,7,14,國票-北投,2024-04-18,7792
4138,曜亞,14,0,14,國票-北投,2024-04-18,7792
00931B,統一美債20年,14,0,14,國票-北投,2024-04-18,7792
2303,聯電,20,7,13,國票-北投,2024-04-18,7792
1504,東元,27,14,13,國票-北投,2024-04-18,7792
4142,國光生,13,0,13,國票-北投,2024-04-18,7792
3481,群創,13,1,12,國票-北投,2024-04-18,7792
00929,復華台灣科技優息,12,0,12,國票-北投,2024-04-18,7792
00937B,群益ESG投等債20,11,0,11,國票-北投,2024-04-18,7792
2610,華航,14,3,11,國票-北投,2024-04-18,7792
00898,國泰基因免疫革命,10,0,10,國票-北投,2024-04-18,7792
00885,富邦越南,10,0,10,國票-北投,2024-04-18,7792
2374,佳能,21,11,10,國票-北投,2024-04-18,7792
5469,瀚宇博,10,0,10,國票-北投,2024-04-18,7792
9103,美德醫療-DR,10,0,10,國票-北投,2024-04-18,7792
4541,晟田,9,0,9,國票-北投,2024-04-18,7792
00637L,元大滬深300正2,57,49,8,國票-北投,2024-04-18,7792
2630,亞航,10,2,8,國票-北投,2024-04-18,7792
6284,佳邦,10,2,8,國票-北投,2024-04-18,7792
2009,第一銅,15,8,7,國票-北投,2024-04-18,7792
2388,威盛,10,3,7,國票-北投,2024-04-18,7792
6789,采鈺,7,0,7,國票-北投,2024-04-18,7792
00939,統一台灣高息動能,6,0,6,國票-北投,2024-04-18,7792
2301,光寶科,9,3,6,國票-北投,2024-04-18,7792
2464,盟立,6,0,6,國票-北投,2024-04-18,7792
3013,晟銘電,12,6,6,國票-北投,2024-04-18,7792
3036,文曄,18,12,6,國票-北投,2024-04-18,7792
6282,康舒,17,11,6,國票-北投,2024-04-18,7792
6875,國邑*,6,0,6,國票-北投,2024-04-18,7792
1108,幸福,6,1,5,國票-北投,2024-04-18,7792
1319,東陽,5,0,5,國票-北投,2024-04-18,7792
2204,中華,5,0,5,國票-北投,2024-04-18,7792
2409,友達,15,10,5,國票-北投,2024-04-18,7792
2412,中華電,5,0,5,國票-北投,2024-04-18,7792
2511,太子,5,0,5,國票-北投,2024-04-18,7792
00929,復華台灣科技優息,154,0,154,國票-北投,2024-04-19,7792
00940,元大台灣價值高息,121,15,106,國票-北投,2024-04-19,7792
2515,中工,76,22,54,國票-北投,2024-04-19,7792
00939,統一台灣高息動能,49,0,49,國票-北投,2024-04-19,7792
0056,元大高股息,46,0,46,國票-北投,2024-04-19,7792
2303,聯電,62,18,44,國票-北投,2024-04-19,7792
00919,群益台灣精選高息,81,40,41,國票-北投,2024-04-19,7792
8069,元太,40,0,40,國票-北投,2024-04-19,7792
6125,廣運,42,9,33,國票-北投,2024-04-19,7792
2330,台積電,35,4,31,國票-北投,2024-04-19,7792
2317,鴻海,43,15,28,國票-北投,2024-04-19,7792
2618,長榮航,28,1,27,國票-北投,2024-04-19,7792
2547,日勝生,34,7,27,國票-北投,2024-04-19,7792
2363,矽統,35,9,26,國票-北投,2024-04-19,7792
00878,國泰永續高股息,24,0,24,國票-北投,2024-04-19,7792
2382,廣達,25,1,24,國票-北投,2024-04-19,7792
2329,華泰,23,0,23,國票-北投,2024-04-19,7792
3260,威剛,23,2,21,國票-北投,2024-04-19,7792
3703,欣陸,26,5,21,國票-北投,2024-04-19,7792
2890,永豐金,20,0,20,國票-北投,2024-04-19,7792
6215,和椿,20,0,20,國票-北投,2024-04-19,7792
1609,大亞,76,57,19,國票-北投,2024-04-19,7792
1616,億泰,20,2,18,國票-北投,2024-04-19,7792
2610,華航,16,0,16,國票-北投,2024-04-19,7792
4157,太景*-KY,17,1,16,國票-北投,2024-04-19,7792
1810,和成,14,0,14,國票-北投,2024-04-19,7792
1608,華榮,39,26,13,國票-北投,2024-04-19,7792
8054,安國,37,25,12,國票-北投,2024-04-19,7792
2886,兆豐金,12,0,12,國票-北投,2024-04-19,7792
2344,華邦電,15,3,12,國票-北投,2024-04-19,7792
2486,一詮,12,0,12,國票-北投,2024-04-19,7792
2337,旺宏,11,0,11,國票-北投,2024-04-19,7792
00923,群益台ESG低碳50,11,0,11,國票-北投,2024-04-19,7792
1785,光洋科,11,0,11,國票-北投,2024-04-19,7792
2520,冠德,12,1,11,國票-北投,2024-04-19,7792
2634,漢翔,28,17,11,國票-北投,2024-04-19,7792
3287,廣寰科,11,0,11,國票-北投,2024-04-19,7792
6719,力智,11,0,11,國票-北投,2024-04-19,7792
2484,希華,10,0,10,國票-北投,2024-04-19,7792
3055,蔚華科,10,0,10,國票-北投,2024-04-19,7792
3284,太普高,10,0,10,國票-北投,2024-04-19,7792
6770,力積電,9,0,9,國票-北投,2024-04-19,7792
3265,台星科,9,0,9,國票-北投,2024-04-19,7792
4138,曜亞,9,0,9,國票-北投,2024-04-19,7792
00637L,元大滬深300正2,10,2,8,國票-北投,2024-04-19,7792
9919,康那香,11,3,8,國票-北投,2024-04-19,7792
2882,國泰金,8,0,8,國票-北投,2024-04-19,7792
2353,宏��,9,2,7,國票-北投,2024-04-19,7792
2356,英業達,19,12,7,國票-北投,2024-04-19,7792
00927,群益半導體收益,7,0,7,國票-北投,2024-04-19,7792
2371,大同,1291,480,811,國票-北投,2024-04-22,7792
2609,陽明,219,16,203,國票-北投,2024-04-22,7792
2603,長榮,202,2,200,國票-北投,2024-04-22,7792
00929,復華台灣科技優息,126,1,125,國票-北投,2024-04-22,7792
8069,元太,97,0,97,國票-北投,2024-04-22,7792
00940,元大台灣價值高息,65,0,65,國票-北投,2024-04-22,7792
00919,群益台灣精選高息,50,5,45,國票-北投,2024-04-22,7792
3042,晶技,70,29,41,國票-北投,2024-04-22,7792
8420,明揚,40,0,40,國票-北投,2024-04-22,7792
3207,耀勝,35,0,35,國票-北投,2024-04-22,7792
1810,和成,34,0,34,國票-北投,2024-04-22,7792
6719,力智,32,0,32,國票-北投,2024-04-22,7792
3260,威剛,30,1,29,國票-北投,2024-04-22,7792
2329,華泰,28,0,28,國票-北投,2024-04-22,7792
1609,大亞,59,32,27,國票-北投,2024-04-22,7792
6241,易通展,25,0,25,國票-北投,2024-04-22,7792
2537,聯上發,24,0,24,國票-北投,2024-04-22,7792
2365,昆盈,21,0,21,國票-北投,2024-04-22,7792
3490,單井,20,0,20,國票-北投,2024-04-22,7792
3703,欣陸,26,7,19,國票-北投,2024-04-22,7792
6244,茂迪,20,1,19,國票-北投,2024-04-22,7792
2509,全坤建,18,0,18,國票-北投,2024-04-22,7792
2515,中工,86,68,18,國票-北投,2024-04-22,7792
9904,寶成,14,0,14,國票-北投,2024-04-22,7792
3265,台星科,13,0,13,國票-北投,2024-04-22,7792
5521,工信,21,8,13,國票-北投,2024-04-22,7792
00720B,元大投資級公司債,11,0,11,國票-北投,2024-04-22,7792
1603,華電,13,2,11,國票-北投,2024-04-22,7792
2465,麗臺,12,1,11,國票-北投,2024-04-22,7792
3231,緯創,17,7,10,國票-北投,2024-04-22,7792
00900,富邦特選高股息30,10,0,10,國票-北投,2024-04-22,7792
00725B,國泰投資級公司債,10,0,10,國票-北投,2024-04-22,7792
3032,偉訓,10,0,10,國票-北投,2024-04-22,7792
3587,閎康,10,0,10,國票-北投,2024-04-22,7792
5340,建榮,10,0,10,國票-北投,2024-04-22,7792
2330,台積電,10,1,9,國票-北投,2024-04-22,7792
1616,億泰,10,1,9,國票-北投,2024-04-22,7792
2836,高雄銀,9,0,9,國票-北投,2024-04-22,7792
00939,統一台灣高息動能,10,1,9,國票-北投,2024-04-22,7792
6443,元晶,8,0,8,國票-北投,2024-04-22,7792
1618,合機,11,4,7,國票-北投,2024-04-22,7792
8390,金益鼎,7,0,7,國票-北投,2024-04-22,7792
00941,中信上游半導體,7,0,7,國票-北投,2024-04-22,7792
9958,世紀鋼,6,0,6,國票-北投,2024-04-22,7792
1570,力肯,6,0,6,國票-北投,2024-04-22,7792
1795,美時,8,2,6,國票-北投,2024-04-22,7792
2344,華邦電,6,0,6,國票-北投,2024-04-22,7792
3289,宜特,8,2,6,國票-北投,2024-04-22,7792
3533,嘉澤,7,1,6,國票-北投,2024-04-22,7792
00687B,國泰20年美債,5,0,5,國票-北投,2024-04-22,7792
2609,陽明,200,1,199,國票-北投,2024-04-23,7792
00929,復華台灣科技優息,127,1,126,國票-北投,2024-04-23,7792
2313,華通,39,0,39,國票-北投,2024-04-23,7792
2365,昆盈,20,0,20,國票-北投,2024-04-23,7792
8046,南電,25,5,20,國票-北投,2024-04-23,7792
2367,燿華,19,0,19,國票-北投,2024-04-23,7792
4909,新復興,18,0,18,國票-北投,2024-04-23,7792
2303,聯電,16,0,16,國票-北投,2024-04-23,7792
1440,南紡,27,11,16,國票-北投,2024-04-23,7792
2489,瑞軒,12,1,11,國票-北投,2024-04-23,7792
0056,元大高股息,10,0,10,國票-北投,2024-04-23,7792
00687B,國泰20年美債,10,0,10,國票-北投,2024-04-23,7792
3581,博磊,10,0,10,國票-北投,2024-04-23,7792
6530,創威,10,0,10,國票-北投,2024-04-23,7792
3231,緯創,12,3,9,國票-北投,2024-04-23,7792
8463,潤泰材,9,0,9,國票-北投,2024-04-23,7792
2610,華航,20,12,8,國票-北投,2024-04-23,7792
5251,天鉞電,9,1,8,國票-北投,2024-04-23,7792
00919,群益台灣精選高息,8,0,8,國票-北投,2024-04-23,7792
5258,虹堡,7,0,7,國票-北投,2024-04-23,7792
3715,定穎投控,6,0,6,國票-北投,2024-04-23,7792
1909,榮成,6,0,6,國票-北投,2024-04-23,7792
2515,中工,8,2,6,國票-北投,2024-04-23,7792
4726,永昕,8,2,6,國票-北投,2024-04-23,7792
5515,建國,6,0,6,國票-北投,2024-04-23,7792
6120,達運,7,1,6,國票-北投,2024-04-23,7792
6213,聯茂,8,2,6,國票-北投,2024-04-23,7792
2371,大同,71,66,5,國票-北投,2024-04-23,7792
2449,京元電子,6,1,5,國票-北投,2024-04-23,7792
3702,大聯大,5,0,5,國票-北投,2024-04-23,7792
00733,富邦臺灣中小,5,0,5,國票-北投,2024-04-23,7792
1603,華電,9,4,5,國票-北投,2024-04-23,7792
2353,宏��,6,1,5,國票-北投,2024-04-23,7792
2441,超豐,5,0,5,國票-北投,2024-04-23,7792
2867,三商壽,5,0,5,國票-北投,2024-04-23,7792
3356,奇偶,5,0,5,國票-北投,2024-04-23,7792
3588,通嘉,5,0,5,國票-北投,2024-04-23,7792
6241,易通展,5,0,5,國票-北投,2024-04-23,7792
6282,康舒,6,1,5,國票-北投,2024-04-23,7792
8215,明基材,5,0,5,國票-北投,2024-04-23,7792
00939,統一台灣高息動能,4,0,4,國票-北投,2024-04-23,7792
3005,神基,4,0,4,國票-北投,2024-04-23,7792
1337,再生-KY,4,0,4,國票-北投,2024-04-23,7792
2201,裕隆,4,0,4,國票-北投,2024-04-23,7792
2329,華泰,5,1,4,國票-北投,2024-04-23,7792
2836,高雄銀,4,0,4,國票-北投,2024-04-23,7792
5469,瀚宇博,4,0,4,國票-北投,2024-04-23,7792
6147,頎邦,4,0,4,國票-北投,2024-04-23,7792
9105,泰金寶-DR,4,0,4,國票-北投,2024-04-23,7792
2363,矽統,5,1,4,國票-北投,2024-04-23,7792
2618,長榮航,1037,95,942,國票-北投,2024-04-24,7792
8936,國統,314,15,299,國票-北投,2024-04-24,7792
00632R,元大台灣50反1,110,0,110,國票-北投,2024-04-24,7792
2501,國建,74,11,63,國票-北投,2024-04-24,7792
2634,漢翔,52,1,51,國票-北投,2024-04-24,7792
2542,興富發,50,1,49,國票-北投,2024-04-24,7792
00637L,元大滬深300正2,77,44,33,國票-北投,2024-04-24,7792
6125,廣運,49,24,25,國票-北投,2024-04-24,7792
2880,華南金,23,0,23,國票-北投,2024-04-24,7792
2353,宏��,25,5,20,國票-北投,2024-04-24,7792
2354,鴻準,23,6,17,國票-北投,2024-04-24,7792
1504,東元,55,39,16,國票-北投,2024-04-24,7792
3481,群創,15,0,15,國票-北投,2024-04-24,7792
9904,寶成,14,0,14,國票-北投,2024-04-24,7792
00679B,元大美債20年,13,0,13,國票-北投,2024-04-24,7792
2442,新美齊,12,0,12,國票-北投,2024-04-24,7792
00720B,元大投資級公司債,11,0,11,國票-北投,2024-04-24,7792
00664R,國泰臺灣加權反1,10,0,10,國票-北投,2024-04-24,7792
2105,正新,10,0,10,國票-北投,2024-04-24,7792
2337,旺宏,12,2,10,國票-北投,2024-04-24,7792
2546,根基,10,0,10,國票-北投,2024-04-24,7792
3312,弘憶股,9,0,9,國票-北投,2024-04-24,7792
2836,高雄銀,8,0,8,國票-北投,2024-04-24,7792
3323,加百裕,7,0,7,國票-北投,2024-04-24,7792
6005,群益證,6,0,6,國票-北投,2024-04-24,7792
2409,友達,5,0,5,國票-北投,2024-04-24,7792
2375,凱美,5,0,5,國票-北投,2024-04-24,7792
3290,東浦,5,0,5,國票-北投,2024-04-24,7792
4536,拓凱,5,0,5,國票-北投,2024-04-24,7792
4979,華星光,5,0,5,國票-北投,2024-04-24,7792
5306,桂盟,5,0,5,國票-北投,2024-04-24,7792
5426,振發,5,0,5,國票-北投,2024-04-24,7792
6257,矽格,5,0,5,國票-北投,2024-04-24,7792
8183,精星,5,0,5,國票-北投,2024-04-24,7792
8222,寶一,5,0,5,國票-北投,2024-04-24,7792
00919,群益台灣精選高息,7,2,5,國票-北投,2024-04-24,7792
1760,寶齡富錦,4,0,4,國票-北投,2024-04-24,7792
2367,燿華,10,6,4,國票-北投,2024-04-24,7792
3189,景碩,4,0,4,國票-北投,2024-04-24,7792
3609,三一東林,4,0,4,國票-北投,2024-04-24,7792
8271,宇瞻,6,2,4,國票-北投,2024-04-24,7792
3045,台灣大,3,0,3,國票-北投,2024-04-24,7792
1319,東陽,3,0,3,國票-北投,2024-04-24,7792
1305,華夏,3,0,3,國票-北投,2024-04-24,7792
1717,長興,5,2,3,國票-北投,2024-04-24,7792
2867,三商壽,3,0,3,國票-北投,2024-04-24,7792
4909,新復興,3,0,3,國票-北投,2024-04-24,7792
4934,太極,3,0,3,國票-北投,2024-04-24,7792
6244,茂迪,3,0,3,國票-北投,2024-04-24,7792
6461,益得,3,0,3,國票-北投,2024-04-24,7792
2888,新光金,56,0,56,國票-北投,2024-04-25,7792
2347,聯強,50,5,45,國票-北投,2024-04-25,7792
00929,復華台灣科技優息,29,1,28,國票-北投,2024-04-25,7792
00720B,元大投資級公司債,22,0,22,國票-北投,2024-04-25,7792
5222,全訊,21,0,21,國票-北投,2024-04-25,7792
1440,南紡,54,34,20,國票-北投,2024-04-25,7792
3047,訊舟,20,0,20,國票-北投,2024-04-25,7792
2534,宏盛,16,0,16,國票-北投,2024-04-25,7792
3703,欣陸,25,9,16,國票-北投,2024-04-25,7792
3289,宜特,11,0,11,國票-北投,2024-04-25,7792
3715,定穎投控,11,0,11,國票-北投,2024-04-25,7792
2317,鴻海,13,2,11,國票-北投,2024-04-25,7792
00939,統一台灣高息動能,10,0,10,國票-北投,2024-04-25,7792
00680L,元大美債20正2,10,0,10,國票-北投,2024-04-25,7792
1342,八貫,10,0,10,國票-北投,2024-04-25,7792
2392,正崴,10,0,10,國票-北投,2024-04-25,7792
4939,亞電,10,0,10,國票-北投,2024-04-25,7792
2515,中工,20,11,9,國票-北投,2024-04-25,7792
4909,新復興,8,0,8,國票-北投,2024-04-25,7792
4979,華星光,13,5,8,國票-北投,2024-04-25,7792
6278,台表科,11,3,8,國票-北投,2024-04-25,7792
0056,元大高股息,7,0,7,國票-北投,2024-04-25,7792
2303,聯電,18,11,7,國票-北投,2024-04-25,7792
2356,英業達,6,0,6,國票-北投,2024-04-25,7792
1319,東陽,6,0,6,國票-北投,2024-04-25,7792
2101,南港,11,5,6,國票-北投,2024-04-25,7792
2204,中華,6,0,6,國票-北投,2024-04-25,7792
2486,一詮,26,20,6,國票-北投,2024-04-25,7792
2634,漢翔,8,2,6,國票-北投,2024-04-25,7792
3027,盛達,6,0,6,國票-北投,2024-04-25,7792
5371,中光電,6,0,6,國票-北投,2024-04-25,7792
5880,合庫金,6,0,6,國票-北投,2024-04-25,7792
6125,廣運,12,6,6,國票-北投,2024-04-25,7792
8054,安國,12,6,6,國票-北投,2024-04-25,7792
2330,台積電,7,2,5,國票-北投,2024-04-25,7792
2374,佳能,8,3,5,國票-北投,2024-04-25,7792
2402,毅嘉,5,0,5,國票-北投,2024-04-25,7792
2436,偉詮電,5,0,5,國票-北投,2024-04-25,7792
3013,晟銘電,5,0,5,國票-北投,2024-04-25,7792
3051,力特,5,0,5,國票-北投,2024-04-25,7792
3526,凡甲,5,0,5,國票-北投,2024-04-25,7792
4532,瑞智,5,0,5,國票-北投,2024-04-25,7792
5009,榮剛,15,10,5,國票-北投,2024-04-25,7792
6120,達運,5,0,5,國票-北投,2024-04-25,7792
9105,泰金寶-DR,5,0,5,國票-北投,2024-04-25,7792
00940,元大台灣價值高息,4,0,4,國票-北投,2024-04-25,7792
1101,台泥,4,0,4,國票-北投,2024-04-25,7792
1504,東元,4,0,4,國票-北投,2024-04-25,7792
1722,台肥,5,1,4,國票-北投,2024-04-25,7792
1760,寶齡富錦,4,0,4,國票-北投,2024-04-25,7792
2371,大同,658,36,622,國票-北投,2024-04-26,7792
00929,復華台灣科技優息,112,1,111,國票-北投,2024-04-26,7792
8936,國統,101,5,96,國票-北投,2024-04-26,7792
6190,萬泰科,58,2,56,國票-北投,2024-04-26,7792
00940,元大台灣價值高息,61,10,51,國票-北投,2024-04-26,7792
2356,英業達,31,5,26,國票-北投,2024-04-26,7792
3703,欣陸,24,2,22,國票-北投,2024-04-26,7792
3706,神達,24,3,21,國票-北投,2024-04-26,7792
3312,弘憶股,20,0,20,國票-北投,2024-04-26,7792
3380,明泰,20,0,20,國票-北投,2024-04-26,7792
6443,元晶,20,0,20,國票-北投,2024-04-26,7792
2101,南港,52,33,19,國票-北投,2024-04-26,7792
00632R,元大台灣50反1,19,0,19,國票-北投,2024-04-26,7792
2739,寒舍,17,1,16,國票-北投,2024-04-26,7792
1513,中興電,19,4,15,國票-北投,2024-04-26,7792
1701,中化,12,0,12,國票-北投,2024-04-26,7792
00720B,元大投資級公司債,12,0,12,國票-北投,2024-04-26,7792
3323,加百裕,12,0,12,國票-北投,2024-04-26,7792
6120,達運,12,0,12,國票-北投,2024-04-26,7792
3481,群創,14,3,11,國票-北投,2024-04-26,7792
00679B,元大美債20年,10,0,10,國票-北投,2024-04-26,7792
0056,元大高股息,10,0,10,國票-北投,2024-04-26,7792
00687B,國泰20年美債,10,0,10,國票-北投,2024-04-26,7792
1714,和桐,10,0,10,國票-北投,2024-04-26,7792
1815,富喬,10,0,10,國票-北投,2024-04-26,7792
1903,士紙,10,0,10,國票-北投,2024-04-26,7792
2457,飛宏,10,0,10,國票-北投,2024-04-26,7792
2867,三商壽,10,0,10,國票-北投,2024-04-26,7792
3027,盛達,10,0,10,國票-北投,2024-04-26,7792
3615,安可,10,0,10,國票-北投,2024-04-26,7792
4563,百德,10,0,10,國票-北投,2024-04-26,7792
1101,台泥,10,3,7,國票-北投,2024-04-26,7792
1909,榮成,7,0,7,國票-北投,2024-04-26,7792
2067,嘉鋼,7,0,7,國票-北投,2024-04-26,7792
2464,盟立,12,5,7,國票-北投,2024-04-26,7792
1503,士電,7,1,6,國票-北投,2024-04-26,7792
3163,波若威,9,3,6,國票-北投,2024-04-26,7792
00898,國泰基因免疫革命,5,0,5,國票-北投,2024-04-26,7792
1442,名軒,6,1,5,國票-北投,2024-04-26,7792
1584,精剛,9,4,5,國票-北投,2024-04-26,7792
1608,華榮,9,4,5,國票-北投,2024-04-26,7792
2105,正新,5,0,5,國票-北投,2024-04-26,7792
2405,輔信,5,0,5,國票-北投,2024-04-26,7792
2511,太子,5,0,5,國票-北投,2024-04-26,7792
4720,德淵,5,0,5,國票-北投,2024-04-26,7792
5388,中磊,5,0,5,國票-北投,2024-04-26,7792
5410,國眾,5,0,5,國票-北投,2024-04-26,7792
00919,群益台灣精選高息,5,0,5,國票-北投,2024-04-26,7792
6139,亞翔,5,1,4,國票-北投,2024-04-26,7792
2543,皇昌,4,0,4,國票-北投,2024-04-26,7792
00679B,元大美債20年,59,0,59,國票-北投,2024-04-29,7792
00706L,期元大S＆P日圓正2,50,0,50,國票-北投,2024-04-29,7792
1314,中石化,66,22,44,國票-北投,2024-04-29,7792
00632R,元大台灣50反1,40,10,30,國票-北投,2024-04-29,7792
5328,華容,20,0,20,國票-北投,2024-04-29,7792
2511,太子,22,2,20,國票-北投,2024-04-29,7792
3090,日電貿,18,0,18,國票-北投,2024-04-29,7792
2610,華航,25,8,17,國票-北投,2024-04-29,7792
2371,大同,22,7,15,國票-北投,2024-04-29,7792
8096,擎亞,14,0,14,國票-北投,2024-04-29,7792
2038,海光,12,0,12,國票-北投,2024-04-29,7792
00929,復華台灣科技優息,12,0,12,國票-北投,2024-04-29,7792
8936,國統,12,1,11,國票-北投,2024-04-29,7792
2618,長榮航,28,17,11,國票-北投,2024-04-29,7792
00753L,中信中國50正2,10,0,10,國票-北投,2024-04-29,7792
3615,安可,10,0,10,國票-北投,2024-04-29,7792
4113,聯上,10,0,10,國票-北投,2024-04-29,7792
5371,中光電,11,1,10,國票-北投,2024-04-29,7792
6117,迎廣,10,0,10,國票-北投,2024-04-29,7792
1532,勤美,9,0,9,國票-北投,2024-04-29,7792
2323,中環,23,14,9,國票-北投,2024-04-29,7792
00919,群益台灣精選高息,11,2,9,國票-北投,2024-04-29,7792
2363,矽統,15,7,8,國票-北投,2024-04-29,7792
2537,聯上發,8,0,8,國票-北投,2024-04-29,7792
3024,憶聲,9,1,8,國票-北投,2024-04-29,7792
2608,嘉里大榮,7,0,7,國票-北投,2024-04-29,7792
2353,宏��,10,4,6,國票-北投,2024-04-29,7792
2204,中華,6,0,6,國票-北投,2024-04-29,7792
2464,盟立,6,0,6,國票-北投,2024-04-29,7792
00885,富邦越南,5,0,5,國票-北投,2024-04-29,7792
1712,興農,5,0,5,國票-北投,2024-04-29,7792
5009,榮剛,10,5,5,國票-北投,2024-04-29,7792
5521,工信,5,0,5,國票-北投,2024-04-29,7792
6163,華電網,5,0,5,國票-北投,2024-04-29,7792
6477,安集,5,0,5,國票-北投,2024-04-29,7792
8054,安國,11,6,5,國票-北投,2024-04-29,7792
9919,康那香,5,0,5,國票-北投,2024-04-29,7792
1504,東元,7,3,4,國票-北投,2024-04-29,7792
00927,群益半導體收益,4,0,4,國票-北投,2024-04-29,7792
2739,寒舍,5,1,4,國票-北投,2024-04-29,7792
3338,泰碩,4,0,4,國票-北投,2024-04-29,7792
3483,力致,5,1,4,國票-北投,2024-04-29,7792
6026,福邦證,4,0,4,國票-北投,2024-04-29,7792
6182,合晶,3,0,3,國票-北投,2024-04-29,7792
00937B,群益ESG投等債20,3,0,3,國票-北投,2024-04-29,7792
6640,均華,3,0,3,國票-北投,2024-04-29,7792
6275,元山,4,1,3,國票-北投,2024-04-29,7792
1438,三地開發,3,0,3,國票-北投,2024-04-29,7792
1522,堤維西,3,0,3,國票-北投,2024-04-29,7792
1527,鑽全,3,0,3,國票-北投,2024-04-29,7792
2371,大同,192,72,120,國票-北投,2024-04-30,7792
2888,新光金,100,0,100,國票-北投,2024-04-30,7792
2511,太子,49,0,49,國票-北投,2024-04-30,7792
2353,宏��,40,0,40,國票-北投,2024-04-30,7792
1314,中石化,43,10,33,國票-北投,2024-04-30,7792
2383,台光電,31,2,29,國票-北投,2024-04-30,7792
5521,工信,27,0,27,國票-北投,2024-04-30,7792
00679B,元大美債20年,26,1,25,國票-北投,2024-04-30,7792
2467,志聖,25,0,25,國票-北投,2024-04-30,7792
2618,長榮航,47,23,24,國票-北投,2024-04-30,7792
3481,群創,23,0,23,國票-北投,2024-04-30,7792
5347,世界,21,0,21,國票-北投,2024-04-30,7792
6257,矽格,22,1,21,國票-北投,2024-04-30,7792
1519,華城,21,1,20,國票-北投,2024-04-30,7792
2206,三陽工業,28,8,20,國票-北投,2024-04-30,7792
00637L,元大滬深300正2,39,26,13,國票-北投,2024-04-30,7792
8255,朋程,11,0,11,國票-北投,2024-04-30,7792
2501,國建,25,15,10,國票-北投,2024-04-30,7792
1459,聯發,10,0,10,國票-北投,2024-04-30,7792
2739,寒舍,13,3,10,國票-北投,2024-04-30,7792
3615,安可,10,0,10,國票-北投,2024-04-30,7792
4114,健喬,10,0,10,國票-北投,2024-04-30,7792
0056,元大高股息,10,0,10,國票-北投,2024-04-30,7792
2457,飛宏,10,1,9,國票-北投,2024-04-30,7792
1536,和大,9,1,8,國票-北投,2024-04-30,7792
2515,中工,21,13,8,國票-北投,2024-04-30,7792
3234,光環,9,1,8,國票-北投,2024-04-30,7792
2880,華南金,11,4,7,國票-北投,2024-04-30,7792
6770,力積電,7,1,6,國票-北投,2024-04-30,7792
2606,裕民,6,0,6,國票-北投,2024-04-30,7792
1313,聯成,6,0,6,國票-北投,2024-04-30,7792
2363,矽統,22,16,6,國票-北投,2024-04-30,7792
5009,榮剛,17,11,6,國票-北投,2024-04-30,7792
4960,誠美材,10,4,6,國票-北投,2024-04-30,7792
2344,華邦電,5,0,5,國票-北投,2024-04-30,7792
1342,八貫,10,5,5,國票-北投,2024-04-30,7792
1802,台玻,5,0,5,國票-北投,2024-04-30,7792
2337,旺宏,5,0,5,國票-北投,2024-04-30,7792
2367,燿華,5,0,5,國票-北投,2024-04-30,7792
2439,美律,5,0,5,國票-北投,2024-04-30,7792
2630,亞航,5,0,5,國票-北投,2024-04-30,7792
2867,三商壽,5,0,5,國票-北投,2024-04-30,7792
3380,明泰,5,0,5,國票-北投,2024-04-30,7792
6147,頎邦,5,0,5,國票-北投,2024-04-30,7792
6213,聯茂,5,0,5,國票-北投,2024-04-30,7792
00733,富邦臺灣中小,5,0,5,國票-北投,2024-04-30,7792
5371,中光電,5,0,5,國票-北投,2024-04-30,7792
00929,復華台灣科技優息,4,0,4,國票-北投,2024-04-30,7792
5443,均豪,4,0,4,國票-北投,2024-04-30,7792
00937B,群益ESG投等債20,4,0,4,國票-北投,2024-04-30,7792
2371,大同,119,82,37,國票-北投,2024-05-02,7792
2515,中工,35,3,32,國票-北投,2024-05-02,7792
2527,宏璟,31,0,31,國票-北投,2024-05-02,7792
2498,宏達電,30,0,30,國票-北投,2024-05-02,7792
3706,神達,26,0,26,國票-北投,2024-05-02,7792
2344,華邦電,26,3,23,國票-北投,2024-05-02,7792
00720B,元大投資級公司債,22,0,22,國票-北投,2024-05-02,7792
00885,富邦越南,21,0,21,國票-北投,2024-05-02,7792
2067,嘉鋼,21,0,21,國票-北投,2024-05-02,7792
00937B,群益ESG投等債20,30,10,20,國票-北投,2024-05-02,7792
2353,宏��,105,85,20,國票-北投,2024-05-02,7792
00929,復華台灣科技優息,16,0,16,國票-北投,2024-05-02,7792
6213,聯茂,15,0,15,國票-北投,2024-05-02,7792
2101,南港,15,1,14,國票-北投,2024-05-02,7792
2363,矽統,17,4,13,國票-北投,2024-05-02,7792
00940,元大台灣價值高息,12,0,12,國票-北投,2024-05-02,7792
5328,華容,10,0,10,國票-北投,2024-05-02,7792
6244,茂迪,10,0,10,國票-北投,2024-05-02,7792
2330,台積電,10,0,10,國票-北投,2024-05-02,7792
00919,群益台灣精選高息,10,0,10,國票-北投,2024-05-02,7792
2888,新光金,10,1,9,國票-北投,2024-05-02,7792
3481,群創,9,0,9,國票-北投,2024-05-02,7792
1440,南紡,20,11,9,國票-北投,2024-05-02,7792
3707,漢磊,9,0,9,國票-北投,2024-05-02,7792
4526,東台,10,1,9,國票-北投,2024-05-02,7792
6206,飛捷,8,0,8,國票-北投,2024-05-02,7792
6770,力積電,14,6,8,國票-北投,2024-05-02,7792
2376,技嘉,7,0,7,國票-北投,2024-05-02,7792
2609,陽明,21,14,7,國票-北投,2024-05-02,7792
2641,正德,7,0,7,國票-北投,2024-05-02,7792
2303,聯電,8,2,6,國票-北投,2024-05-02,7792
2316,楠梓電,6,0,6,國票-北投,2024-05-02,7792
6443,元晶,6,0,6,國票-北投,2024-05-02,7792
2801,彰銀,5,0,5,國票-北投,2024-05-02,7792
2501,國建,38,33,5,國票-北投,2024-05-02,7792
2009,第一銅,5,0,5,國票-北投,2024-05-02,7792
2331,精英,5,0,5,國票-北投,2024-05-02,7792
2359,所羅門,5,0,5,國票-北投,2024-05-02,7792
3363,上詮,19,14,5,國票-北投,2024-05-02,7792
5258,虹堡,5,0,5,國票-北投,2024-05-02,7792
6127,九豪,5,0,5,國票-北投,2024-05-02,7792
8150,南茂,5,0,5,國票-北投,2024-05-02,7792
8234,新漢,5,0,5,國票-北投,2024-05-02,7792
00878,國泰永續高股息,10,5,5,國票-北投,2024-05-02,7792
8096,擎亞,10,6,4,國票-北投,2024-05-02,7792
2603,長榮,5,1,4,國票-北投,2024-05-02,7792
1504,東元,11,7,4,國票-北投,2024-05-02,7792
2520,冠德,4,0,4,國票-北投,2024-05-02,7792
2524,京城,4,0,4,國票-北投,2024-05-02,7792
3032,偉訓,5,1,4,國票-北投,2024-05-02,7792
00937B,群益ESG投等債20,182,0,182,國票-北投,2024-05-03,7792
2371,大同,142,27,115,國票-北投,2024-05-03,7792
2888,新光金,100,30,70,國票-北投,2024-05-03,7792
00929,復華台灣科技優息,46,0,46,國票-北投,2024-05-03,7792
00720B,元大投資級公司債,43,0,43,國票-北投,2024-05-03,7792
6770,力積電,35,3,32,國票-北投,2024-05-03,7792
2351,順德,29,3,26,國票-北投,2024-05-03,7792
3380,明泰,24,0,24,國票-北投,2024-05-03,7792
9945,潤泰新,28,4,24,國票-北投,2024-05-03,7792
2610,華航,26,8,18,國票-北投,2024-05-03,7792
2609,陽明,30,12,18,國票-北投,2024-05-03,7792
2356,英業達,17,0,17,國票-北投,2024-05-03,7792
00637L,元大滬深300正2,15,0,15,國票-北投,2024-05-03,7792
1605,華新,15,0,15,國票-北投,2024-05-03,7792
8147,正淩,15,0,15,國票-北投,2024-05-03,7792
00940,元大台灣價值高息,24,11,13,國票-北投,2024-05-03,7792
6120,達運,13,0,13,國票-北投,2024-05-03,7792
1810,和成,12,0,12,國票-北投,2024-05-03,7792
3031,佰鴻,12,0,12,國票-北投,2024-05-03,7792
3313,斐成,11,0,11,國票-北投,2024-05-03,7792
5880,合庫金,11,0,11,國票-北投,2024-05-03,7792
1514,亞力,10,0,10,國票-北投,2024-05-03,7792
00679B,元大美債20年,11,1,10,國票-北投,2024-05-03,7792
1308,亞聚,10,0,10,國票-北投,2024-05-03,7792
1529,樂事綠能,10,0,10,國票-北投,2024-05-03,7792
1582,信錦,11,1,10,國票-北投,2024-05-03,7792
2206,三陽工業,10,0,10,國票-北投,2024-05-03,7792
2369,菱生,10,0,10,國票-北投,2024-05-03,7792
2401,凌陽,12,2,10,國票-北投,2024-05-03,7792
3221,台嘉碩,10,0,10,國票-北投,2024-05-03,7792
6244,茂迪,10,0,10,國票-北投,2024-05-03,7792
2312,金寶,10,1,9,國票-北投,2024-05-03,7792
5531,鄉林,25,16,9,國票-北投,2024-05-03,7792
2303,聯電,27,19,8,國票-北投,2024-05-03,7792
1909,榮成,7,0,7,國票-北投,2024-05-03,7792
2852,第一保,7,0,7,國票-北投,2024-05-03,7792
3715,定穎投控,7,0,7,國票-北投,2024-05-03,7792
9933,中鼎,15,8,7,國票-北投,2024-05-03,7792
00919,群益台灣精選高息,8,1,7,國票-北投,2024-05-03,7792
00941,中信上游半導體,6,0,6,國票-北投,2024-05-03,7792
1612,宏泰,8,2,6,國票-北投,2024-05-03,7792
2204,中華,6,0,6,國票-北投,2024-05-03,7792
3032,偉訓,8,2,6,國票-北投,2024-05-03,7792
3189,景碩,6,0,6,國票-北投,2024-05-03,7792
5230,雷笛克光學,6,0,6,國票-北投,2024-05-03,7792
6122,擎邦,5,0,5,國票-北投,2024-05-03,7792
3231,緯創,7,2,5,國票-北投,2024-05-03,7792
00932,兆豐永續高息等權,5,0,5,國票-北投,2024-05-03,7792
1609,大亞,9,4,5,國票-北投,2024-05-03,7792
3090,日電貿,6,1,5,國票-北投,2024-05-03,7792
00937B,群益ESG投等債20,176,40,136,國票-北投,2024-05-06,7792
00929,復華台灣科技優息,33,2,31,國票-北投,2024-05-06,7792
00940,元大台灣價值高息,24,0,24,國票-北投,2024-05-06,7792
1605,華新,21,0,21,國票-北投,2024-05-06,7792
1513,中興電,24,3,21,國票-北投,2024-05-06,7792
00878,國泰永續高股息,21,0,21,國票-北投,2024-05-06,7792
8936,國統,32,12,20,國票-北投,2024-05-06,7792
1316,上曜,32,13,19,國票-北投,2024-05-06,7792
1101,台泥,20,9,11,國票-北投,2024-05-06,7792
00632R,元大台灣50反1,11,0,11,國票-北投,2024-05-06,7792
2351,順德,12,1,11,國票-北投,2024-05-06,7792
6770,力積電,29,18,11,國票-北投,2024-05-06,7792
2356,英業達,10,0,10,國票-北投,2024-05-06,7792
3289,宜特,10,0,10,國票-北投,2024-05-06,7792
4157,太景*-KY,10,0,10,國票-北投,2024-05-06,7792
8064,東捷,10,0,10,國票-北投,2024-05-06,7792
8150,南茂,17,7,10,國票-北投,2024-05-06,7792
00919,群益台灣精選高息,10,0,10,國票-北投,2024-05-06,7792
2538,基泰,14,5,9,國票-北投,2024-05-06,7792
2501,國建,12,4,8,國票-北投,2024-05-06,7792
00637L,元大滬深300正2,17,9,8,國票-北投,2024-05-06,7792
6215,和椿,8,0,8,國票-北投,2024-05-06,7792
4919,新唐,7,0,7,國票-北投,2024-05-06,7792
2701,萬企,7,0,7,國票-北投,2024-05-06,7792
6213,聯茂,7,0,7,國票-北投,2024-05-06,7792
6282,康舒,7,0,7,國票-北投,2024-05-06,7792
9933,中鼎,7,0,7,國票-北投,2024-05-06,7792
1314,中石化,6,0,6,國票-北投,2024-05-06,7792
1785,光洋科,7,1,6,國票-北投,2024-05-06,7792
2328,廣宇,11,5,6,國票-北投,2024-05-06,7792
00830,國泰費城半導體,5,0,5,國票-北投,2024-05-06,7792
1524,耿鼎,5,0,5,國票-北投,2024-05-06,7792
1611,中電,5,0,5,國票-北投,2024-05-06,7792
2327,國巨,5,0,5,國票-北投,2024-05-06,7792
2509,全坤建,5,0,5,國票-北投,2024-05-06,7792
2515,中工,5,0,5,國票-北投,2024-05-06,7792
2537,聯上發,5,0,5,國票-北投,2024-05-06,7792
3231,緯創,8,3,5,國票-北投,2024-05-06,7792
3622,洋華,5,0,5,國票-北投,2024-05-06,7792
5230,雷笛克光學,5,0,5,國票-北投,2024-05-06,7792
6719,力智,5,0,5,國票-北投,2024-05-06,7792
8163,達方,5,0,5,國票-北投,2024-05-06,7792
8215,明基材,5,0,5,國票-北投,2024-05-06,7792
8234,新漢,5,0,5,國票-北投,2024-05-06,7792
2409,友達,5,0,5,國票-北投,2024-05-06,7792
2451,創見,5,1,4,國票-北投,2024-05-06,7792
1532,勤美,7,3,4,國票-北投,2024-05-06,7792
2301,光寶科,4,0,4,國票-北投,2024-05-06,7792
2331,精英,4,0,4,國票-北投,2024-05-06,7792
3054,立萬利,4,0,4,國票-北投,2024-05-06,7792
00937B,群益ESG投等債20,245,0,245,國票-北投,2024-05-07,7792
3305,昇貿,149,0,149,國票-北投,2024-05-07,7792
2888,新光金,102,0,102,國票-北投,2024-05-07,7792
2408,南亞科,36,0,36,國票-北投,2024-05-07,7792
00940,元大台灣價值高息,33,0,33,國票-北投,2024-05-07,7792
4720,德淵,22,0,22,國票-北投,2024-05-07,7792
2353,宏��,24,5,19,國票-北投,2024-05-07,7792
3033,威健,19,1,18,國票-北投,2024-05-07,7792
2371,大同,71,55,16,國票-北投,2024-05-07,7792
3013,晟銘電,17,2,15,國票-北投,2024-05-07,7792
2367,燿華,14,0,14,國票-北投,2024-05-07,7792
9904,寶成,14,1,13,國票-北投,2024-05-07,7792
2515,中工,13,1,12,國票-北投,2024-05-07,7792
2538,基泰,12,0,12,國票-北投,2024-05-07,7792
2449,京元電子,11,0,11,國票-北投,2024-05-07,7792
00939,統一台灣高息動能,10,0,10,國票-北投,2024-05-07,7792
00680L,元大美債20正2,10,0,10,國票-北投,2024-05-07,7792
1316,上曜,10,0,10,國票-北投,2024-05-07,7792
1815,富喬,11,1,10,國票-北投,2024-05-07,7792
2484,希華,10,0,10,國票-北投,2024-05-07,7792
2101,南港,19,10,9,國票-北投,2024-05-07,7792
00878,國泰永續高股息,9,0,9,國票-北投,2024-05-07,7792
2351,順德,8,0,8,國票-北投,2024-05-07,7792
5381,合正,8,0,8,國票-北投,2024-05-07,7792
8215,明基材,8,0,8,國票-北投,2024-05-07,7792
00929,復華台灣科技優息,9,1,8,國票-北投,2024-05-07,7792
2548,華固,7,0,7,國票-北投,2024-05-07,7792
3715,定穎投控,7,0,7,國票-北投,2024-05-07,7792
5009,榮剛,7,0,7,國票-北投,2024-05-07,7792
6235,華孚,7,0,7,國票-北投,2024-05-07,7792
9958,世紀鋼,8,1,7,國票-北投,2024-05-07,7792
3481,群創,13,7,6,國票-北投,2024-05-07,7792
2498,宏達電,11,5,6,國票-北投,2024-05-07,7792
1609,大亞,21,15,6,國票-北投,2024-05-07,7792
2530,華建,6,0,6,國票-北投,2024-05-07,7792
3413,京鼎,7,1,6,國票-北投,2024-05-07,7792
5531,鄉林,18,12,6,國票-北投,2024-05-07,7792
5608,四維航,6,0,6,國票-北投,2024-05-07,7792
6213,聯茂,7,1,6,國票-北投,2024-05-07,7792
6290,良維,6,0,6,國票-北投,2024-05-07,7792
2392,正崴,6,0,6,國票-北投,2024-05-07,7792
2362,藍天,6,1,5,國票-北投,2024-05-07,7792
1603,華電,5,0,5,國票-北投,2024-05-07,7792
1608,華榮,7,2,5,國票-北投,2024-05-07,7792
1789,神隆,5,0,5,國票-北投,2024-05-07,7792
2258,鴻華先進-創,5,0,5,國票-北投,2024-05-07,7792
2308,台達電,5,0,5,國票-北投,2024-05-07,7792
2365,昆盈,5,0,5,國票-北投,2024-05-07,7792
4513,福裕,5,0,5,國票-北投,2024-05-07,7792
5213,亞昕,5,0,5,國票-北投,2024-05-07,7792
2317,鴻海,114,12,102,國票-北投,2024-05-08,7792
1442,名軒,105,9,96,國票-北投,2024-05-08,7792
00940,元大台灣價值高息,41,0,41,國票-北投,2024-05-08,7792
00932,兆豐永續高息等權,31,0,31,國票-北投,2024-05-08,7792
1314,中石化,30,1,29,國票-北投,2024-05-08,7792
2312,金寶,21,0,21,國票-北投,2024-05-08,7792
3036,文曄,21,0,21,國票-北投,2024-05-08,7792
3450,聯鈞,22,1,21,國票-北投,2024-05-08,7792
2606,裕民,19,3,16,國票-北投,2024-05-08,7792
2610,華航,41,26,15,國票-北投,2024-05-08,7792
8147,正淩,25,10,15,國票-北投,2024-05-08,7792
1337,再生-KY,14,0,14,國票-北投,2024-05-08,7792
2367,燿華,65,52,13,國票-北投,2024-05-08,7792
2887,台新金,13,0,13,國票-北投,2024-05-08,7792
2354,鴻準,12,0,12,國票-北投,2024-05-08,7792
3481,群創,12,0,12,國票-北投,2024-05-08,7792
2611,志信,12,0,12,國票-北投,2024-05-08,7792
3715,定穎投控,12,0,12,國票-北投,2024-05-08,7792
2409,友達,11,0,11,國票-北投,2024-05-08,7792
2206,三陽工業,11,0,11,國票-北投,2024-05-08,7792
2201,裕隆,10,0,10,國票-北投,2024-05-08,7792
2208,台船,10,0,10,國票-北投,2024-05-08,7792
2353,宏��,16,6,10,國票-北投,2024-05-08,7792
3207,耀勝,10,0,10,國票-北投,2024-05-08,7792
3686,達能,10,0,10,國票-北投,2024-05-08,7792
5364,力麗店,10,0,10,國票-北投,2024-05-08,7792
6419,京晨科,10,0,10,國票-北投,2024-05-08,7792
2641,正德,9,0,9,國票-北投,2024-05-08,7792
5009,榮剛,10,1,9,國票-北投,2024-05-08,7792
2603,長榮,8,0,8,國票-北投,2024-05-08,7792
8234,新漢,11,3,8,國票-北投,2024-05-08,7792
9105,泰金寶-DR,8,0,8,國票-北投,2024-05-08,7792
5871,中租-KY,14,7,7,國票-北投,2024-05-08,7792
2101,南港,8,1,7,國票-北投,2024-05-08,7792
00937B,群益ESG投等債20,7,0,7,國票-北投,2024-05-08,7792
3013,晟銘電,9,2,7,國票-北投,2024-05-08,7792
1504,東元,7,1,6,國票-北投,2024-05-08,7792
2885,元大金,6,0,6,國票-北投,2024-05-08,7792
3321,同泰,6,0,6,國票-北投,2024-05-08,7792
5347,世界,9,3,6,國票-北投,2024-05-08,7792
2359,所羅門,5,0,5,國票-北投,2024-05-08,7792
6182,合晶,5,0,5,國票-北投,2024-05-08,7792
00637L,元大滬深300正2,5,0,5,國票-北投,2024-05-08,7792
1612,宏泰,5,0,5,國票-北投,2024-05-08,7792
2258,鴻華先進-創,5,0,5,國票-北投,2024-05-08,7792
3002,歐格,5,0,5,國票-北投,2024-05-08,7792
3035,智原,5,0,5,國票-北投,2024-05-08,7792
3312,弘憶股,7,2,5,國票-北投,2024-05-08,7792
3533,嘉澤,5,0,5,國票-北投,2024-05-08,7792
4973,廣穎,7,2,5,國票-北投,2024-05-08,7792
2542,興富發,100,1,99,國票-北投,2024-05-09,7792
2371,大同,112,52,60,國票-北投,2024-05-09,7792
00937B,群益ESG投等債20,50,0,50,國票-北投,2024-05-09,7792
1442,名軒,51,1,50,國票-北投,2024-05-09,7792
00632R,元大台灣50反1,32,0,32,國票-北投,2024-05-09,7792
2006,東和鋼鐵,30,0,30,國票-北投,2024-05-09,7792
2888,新光金,27,0,27,國票-北投,2024-05-09,7792
2906,高林,25,0,25,國票-北投,2024-05-09,7792
4532,瑞智,25,0,25,國票-北投,2024-05-09,7792
2101,南港,21,0,21,國票-北投,2024-05-09,7792
2354,鴻準,21,1,20,國票-北投,2024-05-09,7792
00944,野村趨勢動能高息,19,0,19,國票-北投,2024-05-09,7792
9103,美德醫療-DR,18,0,18,國票-北投,2024-05-09,7792
2363,矽統,20,3,17,國票-北投,2024-05-09,7792
2880,華南金,15,0,15,國票-北投,2024-05-09,7792
3231,緯創,14,0,14,國票-北投,2024-05-09,7792
3050,鈺德,14,0,14,國票-北投,2024-05-09,7792
5871,中租-KY,13,0,13,國票-北投,2024-05-09,7792
2367,燿華,22,9,13,國票-北投,2024-05-09,7792
2618,長榮航,17,4,13,國票-北投,2024-05-09,7792
8112,至上,12,0,12,國票-北投,2024-05-09,7792
2204,中華,12,0,12,國票-北投,2024-05-09,7792
3033,威健,15,3,12,國票-北投,2024-05-09,7792
4979,華星光,13,1,12,國票-北投,2024-05-09,7792
2606,裕民,12,1,11,國票-北投,2024-05-09,7792
2610,華航,10,0,10,國票-北投,2024-05-09,7792
00680L,元大美債20正2,10,0,10,國票-北投,2024-05-09,7792
1316,上曜,11,1,10,國票-北投,2024-05-09,7792
1785,光洋科,10,0,10,國票-北投,2024-05-09,7792
2362,藍天,14,4,10,國票-北投,2024-05-09,7792
2915,潤泰全,10,0,10,國票-北投,2024-05-09,7792
3041,揚智,10,0,10,國票-北投,2024-05-09,7792
3450,聯鈞,10,0,10,國票-北投,2024-05-09,7792
5880,合庫金,10,0,10,國票-北投,2024-05-09,7792
6593,台灣銘板,9,0,9,國票-北投,2024-05-09,7792
2392,正崴,12,3,9,國票-北投,2024-05-09,7792
6443,元晶,10,1,9,國票-北投,2024-05-09,7792
9945,潤泰新,11,2,9,國票-北投,2024-05-09,7792
2342,茂矽,8,0,8,國票-北投,2024-05-09,7792
2883,凱基金,10,2,8,國票-北投,2024-05-09,7792
3607,谷崧,8,0,8,國票-北投,2024-05-09,7792
5347,世界,8,0,8,國票-北投,2024-05-09,7792
4967,十銓,16,9,7,國票-北投,2024-05-09,7792
2344,華邦電,7,0,7,國票-北投,2024-05-09,7792
2476,鉅祥,8,1,7,國票-北投,2024-05-09,7792
3376,新日興,15,8,7,國票-北投,2024-05-09,7792
6197,佳必琪,10,3,7,國票-北投,2024-05-09,7792
2884,玉山金,6,0,6,國票-北投,2024-05-09,7792
00940,元大台灣價值高息,16,10,6,國票-北投,2024-05-09,7792
2201,裕隆,7,1,6,國票-北投,2024-05-09,7792
2371,大同,123,4,119,國票-北投,2024-05-10,7792
00937B,群益ESG投等債20,91,10,81,國票-北投,2024-05-10,7792
3305,昇貿,46,0,46,國票-北投,2024-05-10,7792
2605,新興,44,0,44,國票-北投,2024-05-10,7792
3017,奇鋐,41,1,40,國票-北投,2024-05-10,7792
2610,華航,106,68,38,國票-北投,2024-05-10,7792
3231,緯創,33,3,30,國票-北投,2024-05-10,7792
3402,漢科,30,0,30,國票-北投,2024-05-10,7792
3033,威健,26,0,26,國票-北投,2024-05-10,7792
00929,復華台灣科技優息,24,2,22,國票-北投,2024-05-10,7792
00673R,期元大S＆P原油反1,20,0,20,國票-北投,2024-05-10,7792
3029,零壹,20,0,20,國票-北投,2024-05-10,7792
3207,耀勝,20,0,20,國票-北投,2024-05-10,7792
2313,華通,18,1,17,國票-北投,2024-05-10,7792
3036,文曄,19,2,17,國票-北投,2024-05-10,7792
9105,泰金寶-DR,16,0,16,國票-北投,2024-05-10,7792
2855,統一證,15,0,15,國票-北投,2024-05-10,7792
2906,高林,15,0,15,國票-北投,2024-05-10,7792
00632R,元大台灣50反1,14,0,14,國票-北投,2024-05-10,7792
00679B,元大美債20年,20,8,12,國票-北投,2024-05-10,7792
2537,聯上發,12,0,12,國票-北投,2024-05-10,7792
3339,泰谷,11,0,11,國票-北投,2024-05-10,7792
4562,穎漢,41,30,11,國票-北投,2024-05-10,7792
2385,群光,10,0,10,國票-北投,2024-05-10,7792
2344,華邦電,17,8,9,國票-北投,2024-05-10,7792
3501,維熹,9,0,9,國票-北投,2024-05-10,7792
6605,帝寶,11,2,9,國票-北投,2024-05-10,7792
3189,景碩,8,0,8,國票-北投,2024-05-10,7792
2101,南港,9,2,7,國票-北投,2024-05-10,7792
2476,鉅祥,8,1,7,國票-北投,2024-05-10,7792
3706,神達,7,0,7,國票-北投,2024-05-10,7792
8112,至上,7,0,7,國票-北投,2024-05-10,7792
1513,中興電,23,17,6,國票-北投,2024-05-10,7792
1815,富喬,6,0,6,國票-北投,2024-05-10,7792
2351,順德,6,0,6,國票-北投,2024-05-10,7792
3583,辛耘,6,0,6,國票-北投,2024-05-10,7792
6235,華孚,6,0,6,國票-北投,2024-05-10,7792
6257,矽格,6,0,6,國票-北投,2024-05-10,7792
8936,國統,10,4,6,國票-北投,2024-05-10,7792
2317,鴻海,20,15,5,國票-北投,2024-05-10,7792
00712,復華富時不動產,5,0,5,國票-北投,2024-05-10,7792
2002,中鋼,5,0,5,國票-北投,2024-05-10,7792
2402,毅嘉,5,0,5,國票-北投,2024-05-10,7792
2915,潤泰全,5,0,5,國票-北投,2024-05-10,7792
4909,新復興,6,1,5,國票-北投,2024-05-10,7792
6116,彩晶,5,0,5,國票-北投,2024-05-10,7792
00932,兆豐永續高息等權,4,0,4,國票-北投,2024-05-10,7792
2606,裕民,26,22,4,國票-北投,2024-05-10,7792
1101,台泥,5,1,4,國票-北投,2024-05-10,7792
1504,東元,11,7,4,國票-北投,2024-05-10,7792
2888,新光金,200,0,200,國票-北投,2024-05-13,7792
2371,大同,218,43,175,國票-北投,2024-05-13,7792
00937B,群益ESG投等債20,139,0,139,國票-北投,2024-05-13,7792
00632R,元大台灣50反1,101,0,101,國票-北投,2024-05-13,7792
00679B,元大美債20年,48,0,48,國票-北投,2024-05-13,7792
2610,華航,99,53,46,國票-北投,2024-05-13,7792
2867,三商壽,37,2,35,國票-北投,2024-05-13,7792
2882,國泰金,27,1,26,國票-北投,2024-05-13,7792
5457,宣德,25,0,25,國票-北投,2024-05-13,7792
2617,台航,24,1,23,國票-北投,2024-05-13,7792
5392,能率,22,0,22,國票-北投,2024-05-13,7792
2883,凱基金,23,2,21,國票-北投,2024-05-13,7792
00680L,元大美債20正2,17,0,17,國票-北投,2024-05-13,7792
2618,長榮航,26,9,17,國票-北投,2024-05-13,7792
00932,兆豐永續高息等權,16,0,16,國票-北投,2024-05-13,7792
2915,潤泰全,25,10,15,國票-北投,2024-05-13,7792
3231,緯創,15,2,13,國票-北投,2024-05-13,7792
8105,凌巨,13,0,13,國票-北投,2024-05-13,7792
2313,華通,13,1,12,國票-北投,2024-05-13,7792
3305,昇貿,12,0,12,國票-北投,2024-05-13,7792
00946,群益科技高息成長,11,0,11,國票-北投,2024-05-13,7792
2704,國賓,11,0,11,國票-北投,2024-05-13,7792
2892,第一金,10,0,10,國票-北投,2024-05-13,7792
3042,晶技,10,0,10,國票-北投,2024-05-13,7792
2603,長榮,30,20,10,國票-北投,2024-05-13,7792
00878,國泰永續高股息,9,1,8,國票-北投,2024-05-13,7792
6257,矽格,13,5,8,國票-北投,2024-05-13,7792
1312,國喬,9,1,8,國票-北投,2024-05-13,7792
1101,台泥,9,1,8,國票-北投,2024-05-13,7792
3356,奇偶,10,2,8,國票-北投,2024-05-13,7792
2241,艾姆勒,13,6,7,國票-北投,2024-05-13,7792
4909,新復興,7,0,7,國票-北投,2024-05-13,7792
00637L,元大滬深300正2,14,8,6,國票-北投,2024-05-13,7792
2351,順德,6,0,6,國票-北投,2024-05-13,7792
2457,飛宏,12,6,6,國票-北投,2024-05-13,7792
2612,中航,6,0,6,國票-北投,2024-05-13,7792
2613,中櫃,6,0,6,國票-北投,2024-05-13,7792
5381,合正,6,0,6,國票-北投,2024-05-13,7792
6274,台燿,6,0,6,國票-北投,2024-05-13,7792
6180,橘子,7,1,6,國票-北投,2024-05-13,7792
2353,宏��,5,0,5,國票-北投,2024-05-13,7792
2105,正新,20,15,5,國票-北投,2024-05-13,7792
2363,矽統,7,2,5,國票-北投,2024-05-13,7792
2409,友達,5,0,5,國票-北投,2024-05-13,7792
2520,冠德,5,0,5,國票-北投,2024-05-13,7792
3630,新鉅科,5,0,5,國票-北投,2024-05-13,7792
6645,金萬林-創,5,0,5,國票-北投,2024-05-13,7792
6906,現觀科,5,0,5,國票-北投,2024-05-13,7792
6719,力智,5,0,5,國票-北投,2024-05-13,7792
2634,漢翔,4,0,4,國票-北投,2024-05-13,7792
2915,潤泰全,460,46,414,國票-北投,2024-05-14,7792
00937B,群益ESG投等債20,78,9,69,國票-北投,2024-05-14,7792
1442,名軒,50,0,50,國票-北投,2024-05-14,7792
3260,威剛,57,7,50,國票-北投,2024-05-14,7792
3481,群創,43,0,43,國票-北投,2024-05-14,7792
8150,南茂,30,0,30,國票-北投,2024-05-14,7792
00753L,中信中國50正2,25,0,25,國票-北投,2024-05-14,7792
9945,潤泰新,34,13,21,國票-北投,2024-05-14,7792
2303,聯電,22,2,20,國票-北投,2024-05-14,7792
1815,富喬,16,0,16,國票-北投,2024-05-14,7792
00680L,元大美債20正2,12,0,12,國票-北投,2024-05-14,7792
5531,鄉林,12,0,12,國票-北投,2024-05-14,7792
3231,緯創,11,0,11,國票-北投,2024-05-14,7792
3033,威健,11,0,11,國票-北投,2024-05-14,7792
3047,訊舟,11,0,11,國票-北投,2024-05-14,7792
00878,國泰永續高股息,11,0,11,國票-北投,2024-05-14,7792
00929,復華台灣科技優息,11,1,10,國票-北投,2024-05-14,7792
00632R,元大台灣50反1,10,0,10,國票-北投,2024-05-14,7792
2641,正德,14,4,10,國票-北投,2024-05-14,7792
3617,碩天,10,0,10,國票-北投,2024-05-14,7792
2610,華航,16,7,9,國票-北投,2024-05-14,7792
2371,大同,11,2,9,國票-北投,2024-05-14,7792
2485,兆赫,9,0,9,國票-北投,2024-05-14,7792
00919,群益台灣精選高息,9,0,9,國票-北投,2024-05-14,7792
2511,太子,8,0,8,國票-北投,2024-05-14,7792
2101,南港,8,0,8,國票-北投,2024-05-14,7792
2356,英業達,21,13,8,國票-北投,2024-05-14,7792
2515,中工,8,0,8,國票-北投,2024-05-14,7792
4128,中天,8,0,8,國票-北投,2024-05-14,7792
2548,華固,7,0,7,國票-北投,2024-05-14,7792
2374,佳能,13,6,7,國票-北投,2024-05-14,7792
2450,神腦,7,0,7,國票-北投,2024-05-14,7792
3708,上緯投控,7,0,7,國票-北投,2024-05-14,7792
00637L,元大滬深300正2,6,0,6,國票-北投,2024-05-14,7792
2351,順德,6,0,6,國票-北投,2024-05-14,7792
5530,龍巖,6,0,6,國票-北投,2024-05-14,7792
5880,合庫金,5,0,5,國票-北投,2024-05-14,7792
1504,東元,5,0,5,國票-北投,2024-05-14,7792
00712,復華富時不動產,5,0,5,國票-北投,2024-05-14,7792
1446,宏和,5,0,5,國票-北投,2024-05-14,7792
1717,長興,5,0,5,國票-北投,2024-05-14,7792
3264,欣銓,5,0,5,國票-北投,2024-05-14,7792
3363,上詮,28,23,5,國票-北投,2024-05-14,7792
5324,士開,5,0,5,國票-北投,2024-05-14,7792
5706,鳳凰,5,0,5,國票-北投,2024-05-14,7792
2330,台積電,6,1,5,國票-北投,2024-05-14,7792
2206,三陽工業,4,0,4,國票-北投,2024-05-14,7792
9908,大台北,4,0,4,國票-北投,2024-05-14,7792
1449,佳和,4,0,4,國票-北投,2024-05-14,7792
2066,世德,4,0,4,國票-北投,2024-05-14,7792
00632R,元大台灣50反1,114,0,114,國票-北投,2024-05-15,7792
00878,國泰永續高股息,102,3,99,國票-北投,2024-05-15,7792
00937B,群益ESG投等債20,141,60,81,國票-北投,2024-05-15,7792
00929,復華台灣科技優息,80,1,79,國票-北投,2024-05-15,7792
2603,長榮,55,13,42,國票-北投,2024-05-15,7792
2542,興富發,51,12,39,國票-北投,2024-05-15,7792
2367,燿華,62,34,28,國票-北投,2024-05-15,7792
1519,華城,21,0,21,國票-北投,2024-05-15,7792
8105,凌巨,20,0,20,國票-北投,2024-05-15,7792
2356,英業達,21,2,19,國票-北投,2024-05-15,7792
4720,德淵,18,0,18,國票-北投,2024-05-15,7792
00940,元大台灣價值高息,27,11,16,國票-北投,2024-05-15,7792
2020,美亞,15,0,15,國票-北投,2024-05-15,7792
2753,八方雲集,14,0,14,國票-北投,2024-05-15,7792
9904,寶成,14,0,14,國票-北投,2024-05-15,7792
2618,長榮航,13,0,13,國票-北投,2024-05-15,7792
3706,神達,16,4,12,國票-北投,2024-05-15,7792
2371,大同,14,2,12,國票-北投,2024-05-15,7792
6180,橘子,11,0,11,國票-北投,2024-05-15,7792
1605,華新,12,1,11,國票-北投,2024-05-15,7792
2610,華航,11,0,11,國票-北投,2024-05-15,7792
3049,精金,11,0,11,國票-北投,2024-05-15,7792
00706L,期元大S＆P日圓正2,10,0,10,國票-北投,2024-05-15,7792
00795B,中信美國公債20年,10,0,10,國票-北投,2024-05-15,7792
2465,麗臺,10,0,10,國票-北投,2024-05-15,7792
2915,潤泰全,14,4,10,國票-北投,2024-05-15,7792
9928,中視,8,0,8,國票-北投,2024-05-15,7792
2323,中環,7,0,7,國票-北投,2024-05-15,7792
2376,技嘉,6,0,6,國票-北投,2024-05-15,7792
2611,志信,8,2,6,國票-北投,2024-05-15,7792
2640,大車隊,6,0,6,國票-北投,2024-05-15,7792
3062,建漢,6,0,6,國票-北投,2024-05-15,7792
00919,群益台灣精選高息,6,0,6,國票-北投,2024-05-15,7792
1101,台泥,10,5,5,國票-北投,2024-05-15,7792
1307,三芳,5,0,5,國票-北投,2024-05-15,7792
2101,南港,5,0,5,國票-北投,2024-05-15,7792
2337,旺宏,5,0,5,國票-北投,2024-05-15,7792
2363,矽統,15,10,5,國票-北投,2024-05-15,7792
2406,國碩,8,3,5,國票-北投,2024-05-15,7792
2546,根基,5,0,5,國票-北投,2024-05-15,7792
2630,亞航,5,0,5,國票-北投,2024-05-15,7792
3027,盛達,5,0,5,國票-北投,2024-05-15,7792
3059,華晶科,5,0,5,國票-北投,2024-05-15,7792
3276,宇環,5,0,5,國票-北投,2024-05-15,7792
4927,泰鼎-KY,5,0,5,國票-北投,2024-05-15,7792
4979,華星光,5,0,5,國票-北投,2024-05-15,7792
6217,中探針,5,0,5,國票-北投,2024-05-15,7792
6546,正基,5,0,5,國票-北投,2024-05-15,7792
8096,擎亞,6,2,4,國票-北投,2024-05-15,7792
2449,京元電子,5,1,4,國票-北投,2024-05-15,7792
2353,宏��,104,1,103,國票-北投,2024-05-16,7792
2356,英業達,33,13,20,國票-北投,2024-05-16,7792
3231,緯創,20,2,18,國票-北投,2024-05-16,7792
00929,復華台灣科技優息,78,60,18,國票-北投,2024-05-16,7792
2546,根基,20,2,18,國票-北投,2024-05-16,7792
00878,國泰永續高股息,17,0,17,國票-北投,2024-05-16,7792
2882,國泰金,16,1,15,國票-北投,2024-05-16,7792
2340,台亞,14,0,14,國票-北投,2024-05-16,7792
3032,偉訓,15,1,14,國票-北投,2024-05-16,7792
3163,波若威,14,0,14,國票-北投,2024-05-16,7792
4952,凌通,13,0,13,國票-北投,2024-05-16,7792
00937B,群益ESG投等債20,12,0,12,國票-北投,2024-05-16,7792
00680L,元大美債20正2,12,0,12,國票-北投,2024-05-16,7792
00679B,元大美債20年,13,2,11,國票-北投,2024-05-16,7792
2101,南港,23,12,11,國票-北投,2024-05-16,7792
2408,南亞科,13,2,11,國票-北投,2024-05-16,7792
3376,新日興,11,0,11,國票-北投,2024-05-16,7792
00944,野村趨勢動能高息,10,0,10,國票-北投,2024-05-16,7792
00888,永豐台灣ESG,10,0,10,國票-北投,2024-05-16,7792
1326,台化,10,0,10,國票-北投,2024-05-16,7792
2855,統一證,15,5,10,國票-北投,2024-05-16,7792
6206,飛捷,10,0,10,國票-北投,2024-05-16,7792
2359,所羅門,14,5,9,國票-北投,2024-05-16,7792
4542,科嶠,9,0,9,國票-北投,2024-05-16,7792
8473,山林水,9,0,9,國票-北投,2024-05-16,7792
3706,神達,11,3,8,國票-北投,2024-05-16,7792
2613,中櫃,8,0,8,國票-北投,2024-05-16,7792
6117,迎廣,8,0,8,國票-北投,2024-05-16,7792
00891,中信關鍵半導體,7,0,7,國票-北投,2024-05-16,7792
6125,廣運,7,0,7,國票-北投,2024-05-16,7792
6197,佳必琪,7,0,7,國票-北投,2024-05-16,7792
8103,瀚荃,7,0,7,國票-北投,2024-05-16,7792
3289,宜特,9,3,6,國票-北投,2024-05-16,7792
5426,振發,6,0,6,國票-北投,2024-05-16,7792
2301,光寶科,6,0,6,國票-北投,2024-05-16,7792
4420,光明,5,0,5,國票-北投,2024-05-16,7792
1452,宏益,5,0,5,國票-北投,2024-05-16,7792
2206,三陽工業,5,0,5,國票-北投,2024-05-16,7792
2393,億光,5,0,5,國票-北投,2024-05-16,7792
2417,圓剛,5,0,5,國票-北投,2024-05-16,7792
2495,普安,5,0,5,國票-北投,2024-05-16,7792
3027,盛達,5,0,5,國票-北投,2024-05-16,7792
3479,安勤,5,0,5,國票-北投,2024-05-16,7792
6213,聯茂,8,3,5,國票-北投,2024-05-16,7792
6451,訊芯-KY,5,0,5,國票-北投,2024-05-16,7792
6546,正基,5,0,5,國票-北投,2024-05-16,7792
7402,邑錡,5,0,5,國票-北投,2024-05-16,7792
5392,能率,5,1,4,國票-北投,2024-05-16,7792
1608,華榮,6,2,4,國票-北投,2024-05-16,7792
1611,中電,4,0,4,國票-北投,2024-05-16,7792
00937B,群益ESG投等債20,180,0,180,國票-北投,2024-05-17,7792
00878,國泰永續高股息,79,0,79,國票-北投,2024-05-17,7792
1802,台玻,30,0,30,國票-北投,2024-05-17,7792
2609,陽明,44,16,28,國票-北投,2024-05-17,7792
2356,英業達,29,2,27,國票-北投,2024-05-17,7792
2417,圓剛,27,3,24,國票-北投,2024-05-17,7792
1717,長興,19,0,19,國票-北投,2024-05-17,7792
5608,四維航,20,1,19,國票-北投,2024-05-17,7792
2408,南亞科,17,2,15,國票-北投,2024-05-17,7792
3703,欣陸,15,0,15,國票-北投,2024-05-17,7792
4532,瑞智,20,6,14,國票-北投,2024-05-17,7792
2641,正德,13,0,13,國票-北投,2024-05-17,7792
3481,群創,15,3,12,國票-北投,2024-05-17,7792
1524,耿鼎,12,1,11,國票-北投,2024-05-17,7792
3059,華晶科,14,3,11,國票-北投,2024-05-17,7792
3362,先進光,13,2,11,國票-北投,2024-05-17,7792
00944,野村趨勢動能高息,10,0,10,國票-北投,2024-05-17,7792
3042,晶技,10,0,10,國票-北投,2024-05-17,7792
2509,全坤建,10,0,10,國票-北投,2024-05-17,7792
2546,根基,10,0,10,國票-北投,2024-05-17,7792
2890,永豐金,10,0,10,國票-北投,2024-05-17,7792
4934,太極,10,0,10,國票-北投,2024-05-17,7792
2241,艾姆勒,13,4,9,國票-北投,2024-05-17,7792
2365,昆盈,9,0,9,國票-北投,2024-05-17,7792
3033,威健,12,3,9,國票-北投,2024-05-17,7792
00929,復華台灣科技優息,8,0,8,國票-北投,2024-05-17,7792
2543,皇昌,9,1,8,國票-北投,2024-05-17,7792
3607,谷崧,8,0,8,國票-北投,2024-05-17,7792
5530,龍巖,8,0,8,國票-北投,2024-05-17,7792
00940,元大台灣價值高息,7,0,7,國票-北投,2024-05-17,7792
1587,吉茂,7,0,7,國票-北投,2024-05-17,7792
2020,美亞,7,0,7,國票-北投,2024-05-17,7792
2409,友達,9,3,6,國票-北投,2024-05-17,7792
8277,商丞,6,0,6,國票-北投,2024-05-17,7792
2101,南港,6,1,5,國票-北投,2024-05-17,7792
2371,大同,9,4,5,國票-北投,2024-05-17,7792
1316,上曜,5,0,5,國票-北投,2024-05-17,7792
1517,利奇,5,0,5,國票-北投,2024-05-17,7792
3533,嘉澤,5,0,5,國票-北投,2024-05-17,7792
3576,聯合再生,17,12,5,國票-北投,2024-05-17,7792
4542,科嶠,5,0,5,國票-北投,2024-05-17,7792
2383,台光電,5,0,5,國票-北投,2024-05-17,7792
0056,元大高股息,5,0,5,國票-北投,2024-05-17,7792
2330,台積電,5,0,5,國票-北投,2024-05-17,7792
2882,國泰金,4,0,4,國票-北投,2024-05-17,7792
2606,裕民,4,0,4,國票-北投,2024-05-17,7792
2534,宏盛,4,0,4,國票-北投,2024-05-17,7792
3689,湧德,7,3,4,國票-北投,2024-05-17,7792
3705,永信,4,0,4,國票-北投,2024-05-17,7792
8299,群聯,3,0,3,國票-北投,2024-05-17,7792
00929,復華台灣科技優息,216,22,194,國票-北投,2024-05-20,7792
2867,三商壽,106,3,103,國票-北投,2024-05-20,7792
5351,鈺創,53,0,53,國票-北投,2024-05-20,7792
3049,精金,60,15,45,國票-北投,2024-05-20,7792
00679B,元大美債20年,42,0,42,國票-北投,2024-05-20,7792
00937B,群益ESG投等債20,41,0,41,國票-北投,2024-05-20,7792
2367,燿華,199,162,37,國票-北投,2024-05-20,7792
4532,瑞智,51,20,31,國票-北投,2024-05-20,7792
00878,國泰永續高股息,29,0,29,國票-北投,2024-05-20,7792
3712,永崴投控,22,0,22,國票-北投,2024-05-20,7792
00673R,期元大S＆P原油反1,20,0,20,國票-北投,2024-05-20,7792
2014,中鴻,20,0,20,國票-北投,2024-05-20,7792
3450,聯鈞,22,4,18,國票-北投,2024-05-20,7792
2450,神腦,18,0,18,國票-北投,2024-05-20,7792
6116,彩晶,19,2,17,國票-北投,2024-05-20,7792
2353,宏��,16,0,16,國票-北投,2024-05-20,7792
5706,鳳凰,22,6,16,國票-北投,2024-05-20,7792
00687B,國泰20年美債,15,0,15,國票-北投,2024-05-20,7792
2330,台積電,15,2,13,國票-北投,2024-05-20,7792
6244,茂迪,11,0,11,國票-北投,2024-05-20,7792
00944,野村趨勢動能高息,10,0,10,國票-北投,2024-05-20,7792
00753L,中信中國50正2,10,0,10,國票-北投,2024-05-20,7792
2356,英業達,12,2,10,國票-北投,2024-05-20,7792
4935,茂林-KY,10,0,10,國票-北投,2024-05-20,7792
1611,中電,9,0,9,國票-北投,2024-05-20,7792
2323,中環,10,1,9,國票-北投,2024-05-20,7792
2881,富邦金,9,0,9,國票-北投,2024-05-20,7792
2883,凱基金,10,2,8,國票-北投,2024-05-20,7792
9927,泰銘,8,0,8,國票-北投,2024-05-20,7792
1314,中石化,7,0,7,國票-北投,2024-05-20,7792
2509,全坤建,7,0,7,國票-北投,2024-05-20,7792
3032,偉訓,7,0,7,國票-北投,2024-05-20,7792
8150,南茂,7,0,7,國票-北投,2024-05-20,7792
2354,鴻準,12,5,7,國票-北投,2024-05-20,7792
2359,所羅門,31,25,6,國票-北投,2024-05-20,7792
2349,錸德,6,0,6,國票-北投,2024-05-20,7792
3694,海華,8,2,6,國票-北投,2024-05-20,7792
2317,鴻海,10,4,6,國票-北投,2024-05-20,7792
00939,統一台灣高息動能,5,0,5,國票-北投,2024-05-20,7792
00933B,國泰10Y+金融債,5,0,5,國票-北投,2024-05-20,7792
00942B,台新美A公司債20+,5,0,5,國票-北投,2024-05-20,7792
2115,六暉-KY,5,0,5,國票-北投,2024-05-20,7792
2401,凌陽,5,0,5,國票-北投,2024-05-20,7792
2520,冠德,7,2,5,國票-北投,2024-05-20,7792
4105,東洋,5,0,5,國票-北投,2024-05-20,7792
6191,精成科,5,0,5,國票-北投,2024-05-20,7792
9946,三發地產,5,0,5,國票-北投,2024-05-20,7792
3324,雙鴻,4,0,4,國票-北投,2024-05-20,7792
3015,全漢,4,0,4,國票-北投,2024-05-20,7792
3041,揚智,10,6,4,國票-北投,2024-05-20,7792
00919,群益台灣精選高息,93,2,91,國票-北投,2024-05-21,7792
2371,大同,86,4,82,國票-北投,2024-05-21,7792
00940,元大台灣價值高息,69,15,54,國票-北投,2024-05-21,7792
00753L,中信中國50正2,53,0,53,國票-北投,2024-05-21,7792
3231,緯創,56,9,47,國票-北投,2024-05-21,7792
00937B,群益ESG投等債20,45,0,45,國票-北投,2024-05-21,7792
2883,凱基金,37,1,36,國票-北投,2024-05-21,7792
6443,元晶,34,0,34,國票-北投,2024-05-21,7792
2618,長榮航,33,0,33,國票-北投,2024-05-21,7792
3450,聯鈞,37,4,33,國票-北投,2024-05-21,7792
2354,鴻準,39,14,25,國票-北投,2024-05-21,7792
2362,藍天,22,1,21,國票-北投,2024-05-21,7792
2641,正德,20,0,20,國票-北投,2024-05-21,7792
8150,南茂,22,2,20,國票-北投,2024-05-21,7792
2520,冠德,17,0,17,國票-北投,2024-05-21,7792
2867,三商壽,54,37,17,國票-北投,2024-05-21,7792
3481,群創,17,0,17,國票-北投,2024-05-21,7792
00878,國泰永續高股息,25,10,15,國票-北投,2024-05-21,7792
2353,宏��,41,27,14,國票-北投,2024-05-21,7792
3033,威健,17,3,14,國票-北投,2024-05-21,7792
00929,復華台灣科技優息,14,1,13,國票-北投,2024-05-21,7792
6153,嘉聯益,16,3,13,國票-北投,2024-05-21,7792
9904,寶成,14,1,13,國票-北投,2024-05-21,7792
2020,美亞,11,0,11,國票-北投,2024-05-21,7792
5469,瀚宇博,11,0,11,國票-北投,2024-05-21,7792
8112,至上,11,0,11,國票-北投,2024-05-21,7792
3207,耀勝,10,0,10,國票-北投,2024-05-21,7792
8438,昶昕,10,0,10,國票-北投,2024-05-21,7792
4128,中天,9,0,9,國票-北投,2024-05-21,7792
2509,全坤建,9,0,9,國票-北投,2024-05-21,7792
5324,士開,11,2,9,國票-北投,2024-05-21,7792
1605,華新,14,5,9,國票-北投,2024-05-21,7792
1301,台塑,8,0,8,國票-北投,2024-05-21,7792
00637L,元大滬深300正2,13,5,8,國票-北投,2024-05-21,7792
2605,新興,8,0,8,國票-北投,2024-05-21,7792
7402,邑錡,8,0,8,國票-北投,2024-05-21,7792
2886,兆豐金,6,0,6,國票-北投,2024-05-21,7792
2495,普安,6,0,6,國票-北投,2024-05-21,7792
3044,健鼎,6,0,6,國票-北投,2024-05-21,7792
5009,榮剛,6,0,6,國票-北投,2024-05-21,7792
3702,大聯大,10,5,5,國票-北投,2024-05-21,7792
3230,錦明,5,0,5,國票-北投,2024-05-21,7792
3455,由田,5,0,5,國票-北投,2024-05-21,7792
3605,宏致,5,0,5,國票-北投,2024-05-21,7792
3689,湧德,6,1,5,國票-北投,2024-05-21,7792
6163,華電網,5,0,5,國票-北投,2024-05-21,7792
6248,沛波,5,0,5,國票-北投,2024-05-21,7792
2009,第一銅,11,7,4,國票-北投,2024-05-21,7792
2337,旺宏,4,0,4,國票-北投,2024-05-21,7792
3287,廣寰科,4,0,4,國票-北投,2024-05-21,7792
00632R,元大台灣50反1,216,0,216,國票-北投,2024-05-22,7792
3706,神達,133,11,122,國票-北投,2024-05-22,7792
3231,緯創,55,7,48,國票-北投,2024-05-22,7792
3207,耀勝,30,1,29,國票-北投,2024-05-22,7792
6275,元山,27,6,21,國票-北投,2024-05-22,7792
00753L,中信中國50正2,20,0,20,國票-北投,2024-05-22,7792
6120,達運,20,0,20,國票-北投,2024-05-22,7792
5469,瀚宇博,21,2,19,國票-北投,2024-05-22,7792
00937B,群益ESG投等債20,16,0,16,國票-北投,2024-05-22,7792
3013,晟銘電,40,26,14,國票-北投,2024-05-22,7792
4906,正文,19,6,13,國票-北投,2024-05-22,7792
8027,鈦昇,13,0,13,國票-北投,2024-05-22,7792
00878,國泰永續高股息,14,1,13,國票-北投,2024-05-22,7792
5880,合庫金,12,0,12,國票-北投,2024-05-22,7792
00929,復華台灣科技優息,20,8,12,國票-北投,2024-05-22,7792
3450,聯鈞,48,37,11,國票-北投,2024-05-22,7792
3036,文曄,14,3,11,國票-北投,2024-05-22,7792
2363,矽統,14,4,10,國票-北投,2024-05-22,7792
4707,磐亞,10,0,10,國票-北投,2024-05-22,7792
2458,義隆,10,0,10,國票-北投,2024-05-22,7792
2312,金寶,9,0,9,國票-北投,2024-05-22,7792
2495,普安,11,2,9,國票-北投,2024-05-22,7792
3163,波若威,13,4,9,國票-北投,2024-05-22,7792
2002,中鋼,11,2,9,國票-北投,2024-05-22,7792
2610,華航,11,3,8,國票-北投,2024-05-22,7792
2504,國產,8,0,8,國票-北投,2024-05-22,7792
3006,晶豪科,8,0,8,國票-北投,2024-05-22,7792
3354,律勝,8,0,8,國票-北投,2024-05-22,7792
3607,谷崧,8,0,8,國票-北投,2024-05-22,7792
4533,協易機,11,3,8,國票-北投,2024-05-22,7792
4541,晟田,8,0,8,國票-北投,2024-05-22,7792
8926,台汽電,11,3,8,國票-北投,2024-05-22,7792
6223,旺矽,8,0,8,國票-北投,2024-05-22,7792
2329,華泰,7,0,7,國票-北投,2024-05-22,7792
2630,亞航,7,0,7,國票-北投,2024-05-22,7792
6706,惠特,7,0,7,國票-北投,2024-05-22,7792
2454,聯發科,6,0,6,國票-北投,2024-05-22,7792
2520,冠德,6,0,6,國票-北投,2024-05-22,7792
3060,銘異,8,2,6,國票-北投,2024-05-22,7792
3703,欣陸,6,0,6,國票-北投,2024-05-22,7792
2367,燿華,34,29,5,國票-北投,2024-05-22,7792
3455,由田,5,0,5,國票-北投,2024-05-22,7792
00708L,期元大S＆P黃金正2,5,0,5,國票-北投,2024-05-22,7792
2511,太子,5,0,5,國票-北投,2024-05-22,7792
2890,永豐金,5,0,5,國票-北投,2024-05-22,7792
3059,華晶科,10,5,5,國票-北投,2024-05-22,7792
3712,永崴投控,5,0,5,國票-北投,2024-05-22,7792
4113,聯上,5,0,5,國票-北投,2024-05-22,7792
5230,雷笛克光學,8,3,5,國票-北投,2024-05-22,7792
5706,鳳凰,5,0,5,國票-北投,2024-05-22,7792
00937B,群益ESG投等債20,83,20,63,國票-北投,2024-05-23,7792
2618,長榮航,45,3,42,國票-北投,2024-05-23,7792
3049,精金,40,0,40,國票-北投,2024-05-23,7792
3481,群創,30,0,30,國票-北投,2024-05-23,7792
6147,頎邦,29,0,29,國票-北投,2024-05-23,7792
00946,群益科技高息成長,45,20,25,國票-北投,2024-05-23,7792
2002,中鋼,23,0,23,國票-北投,2024-05-23,7792
00753L,中信中國50正2,23,0,23,國票-北投,2024-05-23,7792
1609,大亞,27,5,22,國票-北投,2024-05-23,7792
2014,中鴻,20,0,20,國票-北投,2024-05-23,7792
3715,定穎投控,19,0,19,國票-北投,2024-05-23,7792
2356,英業達,19,3,16,國票-北投,2024-05-23,7792
2610,華航,24,10,14,國票-北投,2024-05-23,7792
00637L,元大滬深300正2,18,4,14,國票-北投,2024-05-23,7792
2324,仁寶,31,18,13,國票-北投,2024-05-23,7792
00687B,國泰20年美債,12,0,12,國票-北投,2024-05-23,7792
6161,捷波,12,0,12,國票-北投,2024-05-23,7792
2836,高雄銀,11,0,11,國票-北投,2024-05-23,7792
00944,野村趨勢動能高息,10,0,10,國票-北投,2024-05-23,7792
3207,耀勝,10,0,10,國票-北投,2024-05-23,7792
6015,宏遠證,10,0,10,國票-北投,2024-05-23,7792
6206,飛捷,10,0,10,國票-北投,2024-05-23,7792
1605,華新,11,2,9,國票-北投,2024-05-23,7792
2009,第一銅,12,3,9,國票-北投,2024-05-23,7792
5324,士開,9,0,9,國票-北投,2024-05-23,7792
8936,國統,23,14,9,國票-北投,2024-05-23,7792
2453,凌群,23,15,8,國票-北投,2024-05-23,7792
00715L,期街口布蘭特正2,8,0,8,國票-北投,2024-05-23,7792
3013,晟銘電,14,6,8,國票-北投,2024-05-23,7792
4542,科嶠,8,0,8,國票-北投,2024-05-23,7792
6425,易發,9,1,8,國票-北投,2024-05-23,7792
1314,中石化,7,0,7,國票-北投,2024-05-23,7792
3033,威健,7,0,7,國票-北投,2024-05-23,7792
6789,采鈺,6,0,6,國票-北投,2024-05-23,7792
3231,緯創,10,4,6,國票-北投,2024-05-23,7792
1504,東元,12,6,6,國票-北投,2024-05-23,7792
1907,永豐餘,6,0,6,國票-北投,2024-05-23,7792
2368,金像電,6,0,6,國票-北投,2024-05-23,7792
2371,大同,13,7,6,國票-北投,2024-05-23,7792
2515,中工,7,1,6,國票-北投,2024-05-23,7792
2545,皇翔,6,0,6,國票-北投,2024-05-23,7792
6180,橘子,7,1,6,國票-北投,2024-05-23,7792
6189,豐藝,6,0,6,國票-北投,2024-05-23,7792
5706,鳳凰,6,0,6,國票-北投,2024-05-23,7792
2376,技嘉,8,3,5,國票-北投,2024-05-23,7792
1109,信大,5,0,5,國票-北投,2024-05-23,7792
1309,台達化,5,0,5,國票-北投,2024-05-23,7792
1446,宏和,5,0,5,國票-北投,2024-05-23,7792
1789,神隆,5,0,5,國票-北投,2024-05-23,7792
2010,春源,5,0,5,國票-北投,2024-05-23,7792
00937B,群益ESG投等債20,88,0,88,國票-北投,2024-05-24,7792
2618,長榮航,41,1,40,國票-北投,2024-05-24,7792
3234,光環,40,2,38,國票-北投,2024-05-24,7792
2610,華航,31,0,31,國票-北投,2024-05-24,7792
6147,頎邦,26,1,25,國票-北投,2024-05-24,7792
00878,國泰永續高股息,24,0,24,國票-北投,2024-05-24,7792
00637L,元大滬深300正2,21,0,21,國票-北投,2024-05-24,7792
6770,力積電,20,0,20,國票-北投,2024-05-24,7792
3450,聯鈞,23,6,17,國票-北投,2024-05-24,7792
00940,元大台灣價值高息,17,0,17,國票-北投,2024-05-24,7792
3706,神達,26,10,16,國票-北投,2024-05-24,7792
2367,燿華,18,3,15,國票-北投,2024-05-24,7792
3481,群創,16,1,15,國票-北投,2024-05-24,7792
6209,今國光,15,1,14,國票-北投,2024-05-24,7792
2701,萬企,14,1,13,國票-北投,2024-05-24,7792
2486,一詮,25,14,11,國票-北投,2024-05-24,7792
1303,南亞,11,0,11,國票-北投,2024-05-24,7792
00753L,中信中國50正2,10,0,10,國票-北投,2024-05-24,7792
2515,中工,10,0,10,國票-北投,2024-05-24,7792
3703,欣陸,10,0,10,國票-北投,2024-05-24,7792
5498,凱崴,11,1,10,國票-北投,2024-05-24,7792
6288,聯嘉,10,0,10,國票-北投,2024-05-24,7792
6546,正基,10,0,10,國票-北投,2024-05-24,7792
2891,中信金,10,0,10,國票-北投,2024-05-24,7792
00713,元大台灣高息低波,10,0,10,國票-北投,2024-05-24,7792
3062,建漢,11,2,9,國票-北投,2024-05-24,7792
1810,和成,16,7,9,國票-北投,2024-05-24,7792
3005,神基,8,0,8,國票-北投,2024-05-24,7792
6213,聯茂,7,0,7,國票-北投,2024-05-24,7792
9927,泰銘,7,0,7,國票-北投,2024-05-24,7792
2330,台積電,7,0,7,國票-北投,2024-05-24,7792
1815,富喬,19,13,6,國票-北投,2024-05-24,7792
2354,鴻準,16,10,6,國票-北投,2024-05-24,7792
3338,泰碩,19,13,6,國票-北投,2024-05-24,7792
5880,合庫金,6,0,6,國票-北投,2024-05-24,7792
8064,東捷,8,2,6,國票-北投,2024-05-24,7792
00946,群益科技高息成長,5,0,5,國票-北投,2024-05-24,7792
1416,廣豐,5,0,5,國票-北投,2024-05-24,7792
4510,高鋒,5,0,5,國票-北投,2024-05-24,7792
5351,鈺創,5,0,5,國票-北投,2024-05-24,7792
5364,力麗店,5,0,5,國票-北投,2024-05-24,7792
6275,元山,6,1,5,國票-北投,2024-05-24,7792
1301,台塑,4,0,4,國票-北投,2024-05-24,7792
5426,振發,4,0,4,國票-北投,2024-05-24,7792
00715L,期街口布蘭特正2,4,0,4,國票-北投,2024-05-24,7792
1609,大亞,9,5,4,國票-北投,2024-05-24,7792
2464,盟立,6,2,4,國票-北投,2024-05-24,7792
3380,明泰,5,1,4,國票-北投,2024-05-24,7792
4909,新復興,6,2,4,國票-北投,2024-05-24,7792
8033,雷虎,6,2,4,國票-北投,2024-05-24,7792
2002,中鋼,103,1,102,國票-北投,2024-05-27,7792
00937B,群益ESG投等債20,60,0,60,國票-北投,2024-05-27,7792
2401,凌陽,55,3,52,國票-北投,2024-05-27,7792
00946,群益科技高息成長,40,2,38,國票-北投,2024-05-27,7792
6191,精成科,30,0,30,國票-北投,2024-05-27,7792
2609,陽明,33,4,29,國票-北投,2024-05-27,7792
2615,萬海,32,6,26,國票-北投,2024-05-27,7792
2353,宏��,203,177,26,國票-北投,2024-05-27,7792
00940,元大台灣價值高息,33,10,23,國票-北投,2024-05-27,7792
00933B,國泰10Y+金融債,24,1,23,國票-北投,2024-05-27,7792
00687B,國泰20年美債,21,0,21,國票-北投,2024-05-27,7792
2355,敬鵬,20,0,20,國票-北投,2024-05-27,7792
6125,廣運,28,10,18,國票-北投,2024-05-27,7792
6147,頎邦,15,0,15,國票-北投,2024-05-27,7792
2352,佳世達,27,13,14,國票-北投,2024-05-27,7792
1513,中興電,14,1,13,國票-北投,2024-05-27,7792
4976,佳凌,13,0,13,國票-北投,2024-05-27,7792
8096,擎亞,13,0,13,國票-北投,2024-05-27,7792
00772B,中信高評級公司債,12,0,12,國票-北投,2024-05-27,7792
2330,台積電,13,1,12,國票-北投,2024-05-27,7792
2363,矽統,30,18,12,國票-北投,2024-05-27,7792
2618,長榮航,12,0,12,國票-北投,2024-05-27,7792
2891,中信金,13,1,12,國票-北投,2024-05-27,7792
8936,國統,12,0,12,國票-北投,2024-05-27,7792
1301,台塑,10,0,10,國票-北投,2024-05-27,7792
00878,國泰永續高股息,10,0,10,國票-北投,2024-05-27,7792
00713,元大台灣高息低波,10,0,10,國票-北投,2024-05-27,7792
00857B,永豐20年美公債,10,0,10,國票-北投,2024-05-27,7792
1560,中砂,14,4,10,國票-北投,2024-05-27,7792
2323,中環,10,0,10,國票-北投,2024-05-27,7792
2367,燿華,11,1,10,國票-北投,2024-05-27,7792
5009,榮剛,10,0,10,國票-北投,2024-05-27,7792
6015,宏遠證,10,0,10,國票-北投,2024-05-27,7792
6625,必應,10,0,10,國票-北投,2024-05-27,7792
6770,力積電,9,0,9,國票-北投,2024-05-27,7792
2867,三商壽,8,0,8,國票-北投,2024-05-27,7792
2610,華航,7,0,7,國票-北投,2024-05-27,7792
3706,神達,25,19,6,國票-北投,2024-05-27,7792
2351,順德,6,0,6,國票-北投,2024-05-27,7792
2417,圓剛,15,9,6,國票-北投,2024-05-27,7792
6257,矽格,6,0,6,國票-北投,2024-05-27,7792
2344,華邦電,6,1,5,國票-北投,2024-05-27,7792
2633,台灣高鐵,5,0,5,國票-北投,2024-05-27,7792
00830,國泰費城半導體,5,0,5,國票-北投,2024-05-27,7792
00753L,中信中國50正2,5,0,5,國票-北投,2024-05-27,7792
3052,夆典,5,0,5,國票-北投,2024-05-27,7792
5515,建國,5,0,5,國票-北投,2024-05-27,7792
6789,采鈺,5,0,5,國票-北投,2024-05-27,7792
2369,菱生,6,1,5,國票-北投,2024-05-27,7792
3376,新日興,4,0,4,國票-北投,2024-05-27,7792
2618,長榮航,217,42,175,國票-北投,2024-05-28,7792
00937B,群益ESG投等債20,65,0,65,國票-北投,2024-05-28,7792
2609,陽明,66,16,50,國票-北投,2024-05-28,7792
1460,宏遠,45,0,45,國票-北投,2024-05-28,7792
5371,中光電,42,2,40,國票-北投,2024-05-28,7792
2610,華航,71,39,32,國票-北投,2024-05-28,7792
2615,萬海,31,6,25,國票-北投,2024-05-28,7792
2601,益航,23,3,20,國票-北投,2024-05-28,7792
2363,矽統,20,3,17,國票-北投,2024-05-28,7792
6509,聚和,17,0,17,國票-北投,2024-05-28,7792
2891,中信金,16,0,16,國票-北投,2024-05-28,7792
3202,樺晟,20,4,16,國票-北投,2024-05-28,7792
2383,台光電,15,0,15,國票-北投,2024-05-28,7792
2603,長榮,14,0,14,國票-北投,2024-05-28,7792
00637L,元大滬深300正2,14,0,14,國票-北投,2024-05-28,7792
00632R,元大台灣50反1,14,0,14,國票-北投,2024-05-28,7792
8358,金居,13,0,13,國票-北投,2024-05-28,7792
00679B,元大美債20年,12,0,12,國票-北投,2024-05-28,7792
4533,協易機,11,0,11,國票-北投,2024-05-28,7792
6284,佳邦,20,9,11,國票-北投,2024-05-28,7792
00753L,中信中國50正2,10,0,10,國票-北投,2024-05-28,7792
00857B,永豐20年美公債,10,0,10,國票-北投,2024-05-28,7792
2455,全新,11,1,10,國票-北投,2024-05-28,7792
2515,中工,10,0,10,國票-北投,2024-05-28,7792
2867,三商壽,10,0,10,國票-北投,2024-05-28,7792
3033,威健,20,10,10,國票-北投,2024-05-28,7792
3714,富采,12,2,10,國票-北投,2024-05-28,7792
5512,力麒,11,1,10,國票-北投,2024-05-28,7792
5905,南仁湖,10,0,10,國票-北投,2024-05-28,7792
2324,仁寶,13,3,10,國票-北投,2024-05-28,7792
00933B,國泰10Y+金融債,9,0,9,國票-北投,2024-05-28,7792
00795B,中信美國公債20年,10,1,9,國票-北投,2024-05-28,7792
2301,光寶科,11,2,9,國票-北投,2024-05-28,7792
3231,緯創,33,24,9,國票-北投,2024-05-28,7792
6241,易通展,8,0,8,國票-北投,2024-05-28,7792
00919,群益台灣精選高息,23,15,8,國票-北投,2024-05-28,7792
00687B,國泰20年美債,7,0,7,國票-北投,2024-05-28,7792
2353,宏��,13,6,7,國票-北投,2024-05-28,7792
2481,強茂,11,4,7,國票-北投,2024-05-28,7792
6189,豐藝,8,1,7,國票-北投,2024-05-28,7792
8027,鈦昇,9,2,7,國票-北投,2024-05-28,7792
2382,廣達,10,4,6,國票-北投,2024-05-28,7792
2436,偉詮電,7,1,6,國票-北投,2024-05-28,7792
2486,一詮,11,5,6,國票-北投,2024-05-28,7792
2313,華通,5,0,5,國票-北投,2024-05-28,7792
2351,順德,11,6,5,國票-北投,2024-05-28,7792
2734,易飛網,5,0,5,國票-北投,2024-05-28,7792
2801,彰銀,5,0,5,國票-北投,2024-05-28,7792
2880,華南金,5,0,5,國票-北投,2024-05-28,7792
3207,耀勝,5,0,5,國票-北投,2024-05-28,7792
00937B,群益ESG投等債20,103,0,103,國票-北投,2024-05-29,7792
00919,群益台灣精選高息,101,4,97,國票-北投,2024-05-29,7792
00679B,元大美債20年,54,0,54,國票-北投,2024-05-29,7792
2401,凌陽,64,29,35,國票-北投,2024-05-29,7792
2614,東森,39,5,34,國票-北投,2024-05-29,7792
2363,矽統,33,0,33,國票-北投,2024-05-29,7792
3706,神達,34,1,33,國票-北投,2024-05-29,7792
6116,彩晶,30,0,30,國票-北投,2024-05-29,7792
6216,居易,30,0,30,國票-北投,2024-05-29,7792
2610,華航,26,0,26,國票-北投,2024-05-29,7792
00713,元大台灣高息低波,25,0,25,國票-北投,2024-05-29,7792
2317,鴻海,35,11,24,國票-北投,2024-05-29,7792
2886,兆豐金,24,0,24,國票-北投,2024-05-29,7792
00687B,國泰20年美債,23,0,23,國票-北投,2024-05-29,7792
5371,中光電,23,2,21,國票-北投,2024-05-29,7792
2328,廣宇,22,1,21,國票-北投,2024-05-29,7792
2891,中信金,20,0,20,國票-北投,2024-05-29,7792
00673R,期元大S＆P原油反1,20,0,20,國票-北投,2024-05-29,7792
1514,亞力,21,1,20,國票-北投,2024-05-29,7792
2892,第一金,20,0,20,國票-北投,2024-05-29,7792
4945,陞達科技,20,0,20,國票-北投,2024-05-29,7792
2489,瑞軒,145,127,18,國票-北投,2024-05-29,7792
2801,彰銀,15,0,15,國票-北投,2024-05-29,7792
2353,宏��,26,11,15,國票-北投,2024-05-29,7792
3013,晟銘電,18,4,14,國票-北投,2024-05-29,7792
3580,友威科,13,1,12,國票-北投,2024-05-29,7792
2301,光寶科,13,2,11,國票-北投,2024-05-29,7792
00933B,國泰10Y+金融債,12,1,11,國票-北投,2024-05-29,7792
4979,華星光,15,4,11,國票-北投,2024-05-29,7792
00795B,中信美國公債20年,10,0,10,國票-北投,2024-05-29,7792
1809,中釉,10,0,10,國票-北投,2024-05-29,7792
2885,元大金,10,0,10,國票-北投,2024-05-29,7792
2890,永豐金,10,0,10,國票-北投,2024-05-29,7792
6111,大宇資,10,0,10,國票-北投,2024-05-29,7792
6548,長科*,10,0,10,國票-北投,2024-05-29,7792
00878,國泰永續高股息,10,1,9,國票-北投,2024-05-29,7792
00712,復華富時不動產,10,1,9,國票-北投,2024-05-29,7792
3702,大聯大,9,0,9,國票-北投,2024-05-29,7792
2360,致茂,9,0,9,國票-北投,2024-05-29,7792
3380,明泰,21,12,9,國票-北投,2024-05-29,7792
3689,湧德,10,1,9,國票-北投,2024-05-29,7792
1570,力肯,8,0,8,國票-北投,2024-05-29,7792
3088,艾訊,10,2,8,國票-北投,2024-05-29,7792
8064,東捷,10,2,8,國票-北投,2024-05-29,7792
2354,鴻準,47,39,8,國票-北投,2024-05-29,7792
2367,燿華,10,3,7,國票-北投,2024-05-29,7792
2605,新興,20,13,7,國票-北投,2024-05-29,7792
6160,欣技,7,0,7,國票-北投,2024-05-29,7792
5351,鈺創,13,7,6,國票-北投,2024-05-29,7792
2881,富邦金,6,0,6,國票-北投,2024-05-29,7792
2002,中鋼,70,0,70,國票-北投,2024-05-30,7792
2886,兆豐金,59,0,59,國票-北投,2024-05-30,7792
00919,群益台灣精選高息,41,0,41,國票-北投,2024-05-30,7792
1815,富喬,42,15,27,國票-北投,2024-05-30,7792
8096,擎亞,29,4,25,國票-北投,2024-05-30,7792
00937B,群益ESG投等債20,24,0,24,國票-北投,2024-05-30,7792
00940,元大台灣價值高息,24,0,24,國票-北投,2024-05-30,7792
6116,彩晶,23,0,23,國票-北投,2024-05-30,7792
00687B,國泰20年美債,22,0,22,國票-北投,2024-05-30,7792
3481,群創,24,4,20,國票-北投,2024-05-30,7792
00929,復華台灣科技優息,19,0,19,國票-北投,2024-05-30,7792
2331,精英,19,0,19,國票-北投,2024-05-30,7792
6126,信音,19,3,16,國票-北投,2024-05-30,7792
2330,台積電,19,3,16,國票-北投,2024-05-30,7792
2883,凱基金,15,0,15,國票-北投,2024-05-30,7792
00878,國泰永續高股息,15,0,15,國票-北投,2024-05-30,7792
2609,陽明,25,10,15,國票-北投,2024-05-30,7792
2401,凌陽,18,4,14,國票-北投,2024-05-30,7792
4541,晟田,14,0,14,國票-北投,2024-05-30,7792
6269,台郡,14,0,14,國票-北投,2024-05-30,7792
2353,宏��,20,7,13,國票-北投,2024-05-30,7792
4562,穎漢,13,1,12,國票-北投,2024-05-30,7792
6005,群益證,11,0,11,國票-北投,2024-05-30,7792
2105,正新,16,5,11,國票-北投,2024-05-30,7792
2515,中工,11,0,11,國票-北投,2024-05-30,7792
8050,廣積,11,0,11,國票-北投,2024-05-30,7792
3450,聯鈞,25,15,10,國票-北投,2024-05-30,7792
00933B,國泰10Y+金融債,10,0,10,國票-北投,2024-05-30,7792
00946,群益科技高息成長,10,0,10,國票-北投,2024-05-30,7792
3706,神達,10,0,10,國票-北投,2024-05-30,7792
1316,上曜,11,2,9,國票-北投,2024-05-30,7792
3306,鼎天,9,0,9,國票-北投,2024-05-30,7792
6125,廣運,30,21,9,國票-北投,2024-05-30,7792
6188,廣明,9,0,9,國票-北投,2024-05-30,7792
2891,中信金,8,0,8,國票-北投,2024-05-30,7792
2308,台達電,9,1,8,國票-北投,2024-05-30,7792
3005,神基,11,3,8,國票-北投,2024-05-30,7792
2356,英業達,8,0,8,國票-北投,2024-05-30,7792
2408,南亞科,8,0,8,國票-北投,2024-05-30,7792
5706,鳳凰,8,0,8,國票-北投,2024-05-30,7792
8105,凌巨,10,2,8,國票-北投,2024-05-30,7792
2367,燿華,7,0,7,國票-北投,2024-05-30,7792
3380,明泰,9,2,7,國票-北投,2024-05-30,7792
3580,友威科,7,0,7,國票-北投,2024-05-30,7792
3715,定穎投控,7,0,7,國票-北投,2024-05-30,7792
6147,頎邦,7,0,7,國票-北投,2024-05-30,7792
8046,南電,8,1,7,國票-北投,2024-05-30,7792
8064,東捷,9,2,7,國票-北投,2024-05-30,7792
8374,羅昇,7,0,7,國票-北投,2024-05-30,7792
00679B,元大美債20年,6,0,6,國票-北投,2024-05-30,7792
2609,陽明,164,27,137,國票-北投,2024-05-31,7792
2603,長榮,105,11,94,國票-北投,2024-05-31,7792
00919,群益台灣精選高息,66,0,66,國票-北投,2024-05-31,7792
3231,緯創,64,4,60,國票-北投,2024-05-31,7792
3450,聯鈞,88,40,48,國票-北投,2024-05-31,7792
00939,統一台灣高息動能,38,2,36,國票-北投,2024-05-31,7792
4123,晟德,23,2,21,國票-北投,2024-05-31,7792
00753L,中信中國50正2,20,0,20,國票-北投,2024-05-31,7792
1718,中纖,20,0,20,國票-北投,2024-05-31,7792
6216,居易,20,0,20,國票-北投,2024-05-31,7792
2317,鴻海,19,0,19,國票-北投,2024-05-31,7792
6290,良維,20,2,18,國票-北投,2024-05-31,7792
00929,復華台灣科技優息,17,0,17,國票-北投,2024-05-31,7792
2365,昆盈,17,1,16,國票-北投,2024-05-31,7792
2489,瑞軒,73,57,16,國票-北投,2024-05-31,7792
2353,宏��,19,4,15,國票-北投,2024-05-31,7792
2409,友達,13,0,13,國票-北投,2024-05-31,7792
2303,聯電,17,5,12,國票-北投,2024-05-31,7792
00687B,國泰20年美債,12,0,12,國票-北投,2024-05-31,7792
3362,先進光,20,8,12,國票-北投,2024-05-31,7792
4979,華星光,14,2,12,國票-北投,2024-05-31,7792
2376,技嘉,12,0,12,國票-北投,2024-05-31,7792
2605,新興,13,2,11,國票-北投,2024-05-31,7792
6257,矽格,12,1,11,國票-北投,2024-05-31,7792
00946,群益科技高息成長,10,0,10,國票-北投,2024-05-31,7792
3702,大聯大,10,0,10,國票-北投,2024-05-31,7792
2002,中鋼,10,0,10,國票-北投,2024-05-31,7792
2308,台達電,10,0,10,國票-北投,2024-05-31,7792
2369,菱生,11,1,10,國票-北投,2024-05-31,7792
2734,易飛網,10,0,10,國票-北投,2024-05-31,7792
3019,亞光,11,1,10,國票-北投,2024-05-31,7792
3059,華晶科,10,0,10,國票-北投,2024-05-31,7792
3706,神達,12,2,10,國票-北投,2024-05-31,7792
4542,科嶠,10,0,10,國票-北投,2024-05-31,7792
6152,百一,10,0,10,國票-北投,2024-05-31,7792
6770,力積電,10,0,10,國票-北投,2024-05-31,7792
00715L,期街口布蘭特正2,9,0,9,國票-北投,2024-05-31,7792
3284,太普高,9,0,9,國票-北投,2024-05-31,7792
6438,迅得,10,1,9,國票-北投,2024-05-31,7792
2360,致茂,9,0,9,國票-北投,2024-05-31,7792
2449,京元電子,8,0,8,國票-北投,2024-05-31,7792
5608,四維航,10,2,8,國票-北投,2024-05-31,7792
8358,金居,8,1,7,國票-北投,2024-05-31,7792
2344,華邦電,7,0,7,國票-北投,2024-05-31,7792
2615,萬海,9,2,7,國票-北投,2024-05-31,7792
3372,典範,9,2,7,國票-北投,2024-05-31,7792
3312,弘憶股,11,4,7,國票-北投,2024-05-31,7792
2514,龍邦,6,0,6,國票-北投,2024-05-31,7792
3289,宜特,8,2,6,國票-北投,2024-05-31,7792
3491,昇達科,6,0,6,國票-北投,2024-05-31,7792
2888,新光金,520,182,338,國票-北投,2024-06-03,7792
00919,群益台灣精選高息,92,1,91,國票-北投,2024-06-03,7792
2610,華航,34,0,34,國票-北投,2024-06-03,7792
2324,仁寶,29,1,28,國票-北投,2024-06-03,7792
00637L,元大滬深300正2,27,6,21,國票-北投,2024-06-03,7792
1718,中纖,20,0,20,國票-北投,2024-06-03,7792
2402,毅嘉,20,0,20,國票-北投,2024-06-03,7792
2634,漢翔,20,0,20,國票-北投,2024-06-03,7792
6191,精成科,20,0,20,國票-北投,2024-06-03,7792
2331,精英,19,0,19,國票-北投,2024-06-03,7792
2427,三商電,16,2,14,國票-北投,2024-06-03,7792
2002,中鋼,13,0,13,國票-北投,2024-06-03,7792
5009,榮剛,14,1,13,國票-北投,2024-06-03,7792
2101,南港,18,5,13,國票-北投,2024-06-03,7792
2351,順德,12,0,12,國票-北投,2024-06-03,7792
2867,三商壽,12,0,12,國票-北投,2024-06-03,7792
3481,群創,13,1,12,國票-北投,2024-06-03,7792
6288,聯嘉,20,8,12,國票-北投,2024-06-03,7792
1301,台塑,10,0,10,國票-北投,2024-06-03,7792
00898,國泰基因免疫革命,10,0,10,國票-北投,2024-06-03,7792
00713,元大台灣高息低波,10,0,10,國票-北投,2024-06-03,7792
00753L,中信中國50正2,10,0,10,國票-北投,2024-06-03,7792
6163,華電網,11,1,10,國票-北投,2024-06-03,7792
6533,晶心科,10,0,10,國票-北投,2024-06-03,7792
6664,群翊,10,0,10,國票-北投,2024-06-03,7792
6782,視陽,11,1,10,國票-北投,2024-06-03,7792
8255,朋程,10,0,10,國票-北投,2024-06-03,7792
3325,旭品,12,3,9,國票-北投,2024-06-03,7792
2891,中信金,10,2,8,國票-北投,2024-06-03,7792
3450,聯鈞,23,15,8,國票-北投,2024-06-03,7792
00715L,期街口布蘭特正2,7,0,7,國票-北投,2024-06-03,7792
5483,中美晶,11,4,7,國票-北投,2024-06-03,7792
00878,國泰永續高股息,9,2,7,國票-北投,2024-06-03,7792
2464,盟立,12,6,6,國票-北投,2024-06-03,7792
6284,佳邦,6,0,6,國票-北投,2024-06-03,7792
2353,宏��,12,7,5,國票-北投,2024-06-03,7792
3035,智原,6,1,5,國票-北投,2024-06-03,7792
1504,東元,7,2,5,國票-北投,2024-06-03,7792
00888,永豐台灣ESG,5,0,5,國票-北投,2024-06-03,7792
1409,新纖,5,0,5,國票-北投,2024-06-03,7792
2337,旺宏,5,0,5,國票-北投,2024-06-03,7792
2374,佳能,5,0,5,國票-北投,2024-06-03,7792
2605,新興,5,0,5,國票-北投,2024-06-03,7792
3207,耀勝,5,0,5,國票-北投,2024-06-03,7792
4168,醣聯,5,0,5,國票-北投,2024-06-03,7792
5371,中光電,14,9,5,國票-北投,2024-06-03,7792
6270,倍微,5,0,5,國票-北投,2024-06-03,7792
6615,慧智,5,0,5,國票-北投,2024-06-03,7792
00929,復華台灣科技優息,7,2,5,國票-北投,2024-06-03,7792
1608,華榮,5,1,4,國票-北投,2024-06-03,7792
00919,群益台灣精選高息,80,0,80,國票-北投,2024-06-04,7792
2312,金寶,56,4,52,國票-北投,2024-06-04,7792
2886,兆豐金,51,0,51,國票-北投,2024-06-04,7792
2344,華邦電,47,0,47,國票-北投,2024-06-04,7792
3481,群創,41,0,41,國票-北投,2024-06-04,7792
3305,昇貿,40,0,40,國票-北投,2024-06-04,7792
00929,復華台灣科技優息,38,0,38,國票-北投,2024-06-04,7792
6290,良維,32,0,32,國票-北投,2024-06-04,7792
00937B,群益ESG投等債20,40,9,31,國票-北投,2024-06-04,7792
3450,聯鈞,46,17,29,國票-北投,2024-06-04,7792
00878,國泰永續高股息,29,1,28,國票-北投,2024-06-04,7792
2317,鴻海,32,5,27,國票-北投,2024-06-04,7792
1605,華新,22,0,22,國票-北投,2024-06-04,7792
2367,燿華,25,3,22,國票-北投,2024-06-04,7792
2324,仁寶,24,3,21,國票-北投,2024-06-04,7792
6216,居易,20,0,20,國票-北投,2024-06-04,7792
2303,聯電,19,0,19,國票-北投,2024-06-04,7792
2615,萬海,23,4,19,國票-北投,2024-06-04,7792
2408,南亞科,19,0,19,國票-北投,2024-06-04,7792
2353,宏��,27,12,15,國票-北投,2024-06-04,7792
1110,東泥,15,0,15,國票-北投,2024-06-04,7792
00715L,期街口布蘭特正2,14,0,14,國票-北投,2024-06-04,7792
1609,大亞,14,0,14,國票-北投,2024-06-04,7792
2351,順德,14,0,14,國票-北投,2024-06-04,7792
2409,友達,12,0,12,國票-北投,2024-06-04,7792
1802,台玻,16,5,11,國票-北投,2024-06-04,7792
1815,富喬,14,3,11,國票-北投,2024-06-04,7792
5263,智崴,11,0,11,國票-北投,2024-06-04,7792
8046,南電,11,0,11,國票-北投,2024-06-04,7792
1303,南亞,10,0,10,國票-北投,2024-06-04,7792
00680L,元大美債20正2,10,0,10,國票-北投,2024-06-04,7792
00882,中信中國高股息,10,0,10,國票-北投,2024-06-04,7792
00918,大華優利高填息30,10,0,10,國票-北投,2024-06-04,7792
00936,台新永續高息中小,10,0,10,國票-北投,2024-06-04,7792
2365,昆盈,12,2,10,國票-北投,2024-06-04,7792
2883,凱基金,10,0,10,國票-北投,2024-06-04,7792
3380,明泰,10,0,10,國票-北投,2024-06-04,7792
5364,力麗店,10,0,10,國票-北投,2024-06-04,7792
6190,萬泰科,10,0,10,國票-北投,2024-06-04,7792
2328,廣宇,10,1,9,國票-北投,2024-06-04,7792
2369,菱生,12,3,9,國票-北投,2024-06-04,7792
6125,廣運,259,250,9,國票-北投,2024-06-04,7792
2382,廣達,9,1,8,國票-北投,2024-06-04,7792
00923,群益台ESG低碳50,8,0,8,國票-北投,2024-06-04,7792
2486,一詮,13,5,8,國票-北投,2024-06-04,7792
6288,聯嘉,8,0,8,國票-北投,2024-06-04,7792
3035,智原,16,8,8,國票-北投,2024-06-04,7792
00944,野村趨勢動能高息,7,0,7,國票-北投,2024-06-04,7792
4113,聯上,7,0,7,國票-北投,2024-06-04,7792
6789,采鈺,12,5,7,國票-北投,2024-06-04,7792
00632R,元大台灣50反1,190,1,189,國票-北投,2024-06-05,7792
00919,群益台灣精選高息,107,40,67,國票-北投,2024-06-05,7792
00929,復華台灣科技優息,65,0,65,國票-北投,2024-06-05,7792
3450,聯鈞,65,14,51,國票-北投,2024-06-05,7792
3231,緯創,47,2,45,國票-北投,2024-06-05,7792
2618,長榮航,43,1,42,國票-北投,2024-06-05,7792
2324,仁寶,35,1,34,國票-北投,2024-06-05,7792
1316,上曜,28,0,28,國票-北投,2024-06-05,7792
6257,矽格,22,0,22,國票-北投,2024-06-05,7792
00936,台新永續高息中小,21,0,21,國票-北投,2024-06-05,7792
00944,野村趨勢動能高息,20,0,20,國票-北投,2024-06-05,7792
2356,英業達,19,0,19,國票-北投,2024-06-05,7792
00878,國泰永續高股息,16,0,16,國票-北投,2024-06-05,7792
3703,欣陸,20,5,15,國票-北投,2024-06-05,7792
00939,統一台灣高息動能,14,0,14,國票-北投,2024-06-05,7792
3372,典範,14,0,14,國票-北投,2024-06-05,7792
4123,晟德,26,12,14,國票-北投,2024-06-05,7792
2478,大毅,13,0,13,國票-北投,2024-06-05,7792
4541,晟田,13,0,13,國票-北投,2024-06-05,7792
6163,華電網,15,2,13,國票-北投,2024-06-05,7792
00918,大華優利高填息30,12,0,12,國票-北投,2024-06-05,7792
2105,正新,12,0,12,國票-北投,2024-06-05,7792
8277,商丞,12,0,12,國票-北投,2024-06-05,7792
2303,聯電,12,1,11,國票-北投,2024-06-05,7792
2457,飛宏,11,0,11,國票-北投,2024-06-05,7792
3481,群創,10,0,10,國票-北投,2024-06-05,7792
00882,中信中國高股息,10,0,10,國票-北投,2024-06-05,7792
1326,台化,10,0,10,國票-北投,2024-06-05,7792
3041,揚智,10,0,10,國票-北投,2024-06-05,7792
8103,瀚荃,10,0,10,國票-北投,2024-06-05,7792
00715L,期街口布蘭特正2,9,0,9,國票-北投,2024-06-05,7792
5009,榮剛,9,0,9,國票-北投,2024-06-05,7792
3715,定穎投控,8,0,8,國票-北投,2024-06-05,7792
4931,新盛力,8,0,8,國票-北投,2024-06-05,7792
6125,廣運,18,10,8,國票-北投,2024-06-05,7792
00637L,元大滬深300正2,7,0,7,國票-北投,2024-06-05,7792
2313,華通,7,0,7,國票-北投,2024-06-05,7792
1301,台塑,6,0,6,國票-北投,2024-06-05,7792
2453,凌群,6,0,6,國票-北投,2024-06-05,7792
2344,華邦電,6,0,6,國票-北投,2024-06-05,7792
1713,國化,6,0,6,國票-北投,2024-06-05,7792
3576,聯合再生,11,5,6,國票-北投,2024-06-05,7792
6190,萬泰科,6,0,6,國票-北投,2024-06-05,7792
6282,康舒,6,0,6,國票-北投,2024-06-05,7792
8358,金居,6,0,6,國票-北投,2024-06-05,7792
2880,華南金,7,1,6,國票-北投,2024-06-05,7792
1605,華新,10,5,5,國票-北投,2024-06-05,7792
00937B,群益ESG投等債20,5,0,5,國票-北投,2024-06-05,7792
00941,中信上游半導體,5,0,5,國票-北投,2024-06-05,7792
2101,南港,10,5,5,國票-北投,2024-06-05,7792
2002,中鋼,48,2,46,國票-北投,2024-06-06,7792
2888,新光金,51,10,41,國票-北投,2024-06-06,7792
00665L,富邦�琤肭磪囓�2,30,0,30,國票-北投,2024-06-06,7792
2353,宏��,36,7,29,國票-北投,2024-06-06,7792
5009,榮剛,34,5,29,國票-北投,2024-06-06,7792
00936,台新永續高息中小,25,0,25,國票-北投,2024-06-06,7792
00937B,群益ESG投等債20,26,2,24,國票-北投,2024-06-06,7792
3450,聯鈞,24,1,23,國票-北投,2024-06-06,7792
00918,大華優利高填息30,23,0,23,國票-北投,2024-06-06,7792
4566,時碩工業,30,7,23,國票-北投,2024-06-06,7792
8096,擎亞,26,3,23,國票-北投,2024-06-06,7792
6534,正瀚-創,20,0,20,國票-北投,2024-06-06,7792
2609,陽明,67,49,18,國票-北投,2024-06-06,7792
2611,志信,20,4,16,國票-北投,2024-06-06,7792
00946,群益科技高息成長,15,0,15,國票-北投,2024-06-06,7792
2101,南港,17,4,13,國票-北投,2024-06-06,7792
6290,良維,14,2,12,國票-北投,2024-06-06,7792
2449,京元電子,12,0,12,國票-北投,2024-06-06,7792
00637L,元大滬深300正2,32,21,11,國票-北投,2024-06-06,7792
2427,三商電,16,5,11,國票-北投,2024-06-06,7792
1316,上曜,10,0,10,國票-北投,2024-06-06,7792
2359,所羅門,10,0,10,國票-北投,2024-06-06,7792
2457,飛宏,11,1,10,國票-北投,2024-06-06,7792
2701,萬企,10,0,10,國票-北投,2024-06-06,7792
2889,國票金,10,0,10,國票-北投,2024-06-06,7792
3712,永崴投控,10,0,10,國票-北投,2024-06-06,7792
2354,鴻準,24,15,9,國票-北投,2024-06-06,7792
2486,一詮,11,2,9,國票-北投,2024-06-06,7792
3024,憶聲,11,2,9,國票-北投,2024-06-06,7792
4541,晟田,9,0,9,國票-北投,2024-06-06,7792
2610,華航,17,8,9,國票-北投,2024-06-06,7792
2367,燿華,17,9,8,國票-北投,2024-06-06,7792
5347,世界,11,4,7,國票-北投,2024-06-06,7792
2328,廣宇,22,15,7,國票-北投,2024-06-06,7792
2344,華邦電,7,0,7,國票-北投,2024-06-06,7792
5340,建榮,12,5,7,國票-北投,2024-06-06,7792
2329,華泰,8,2,6,國票-北投,2024-06-06,7792
2377,微星,6,0,6,國票-北投,2024-06-06,7792
00929,復華台灣科技優息,18,13,5,國票-北投,2024-06-06,7792
1467,南緯,5,0,5,國票-北投,2024-06-06,7792
1605,華新,5,0,5,國票-北投,2024-06-06,7792
3202,樺晟,5,0,5,國票-北投,2024-06-06,7792
3694,海華,5,0,5,國票-北投,2024-06-06,7792
4533,協易機,6,1,5,國票-北投,2024-06-06,7792
4909,新復興,7,2,5,國票-北投,2024-06-06,7792
6130,上亞科技,5,0,5,國票-北投,2024-06-06,7792
6152,百一,5,0,5,國票-北投,2024-06-06,7792
6180,橘子,5,0,5,國票-北投,2024-06-06,7792
2542,興富發,5,0,5,國票-北投,2024-06-06,7792
1504,東元,4,0,4,國票-北投,2024-06-06,7792
00637L,元大滬深300正2,106,0,106,國票-北投,2024-06-07,7792
2371,大同,95,13,82,國票-北投,2024-06-07,7792
2883,凱基金,124,45,79,國票-北投,2024-06-07,7792
2312,金寶,76,7,69,國票-北投,2024-06-07,7792
6125,廣運,54,3,51,國票-北投,2024-06-07,7792
3260,威剛,50,0,50,國票-北投,2024-06-07,7792
2498,宏達電,50,6,44,國票-北投,2024-06-07,7792
1802,台玻,40,1,39,國票-北投,2024-06-07,7792
00929,復華台灣科技優息,30,0,30,國票-北投,2024-06-07,7792
00687B,國泰20年美債,40,10,30,國票-北投,2024-06-07,7792
3711,日月光投控,26,0,26,國票-北投,2024-06-07,7792
6442,光聖,40,14,26,國票-北投,2024-06-07,7792
3312,弘憶股,25,0,25,國票-北投,2024-06-07,7792
00679B,元大美債20年,30,6,24,國票-北投,2024-06-07,7792
2356,英業達,22,1,21,國票-北投,2024-06-07,7792
00665L,富邦�琤肭磪囓�2,20,0,20,國票-北投,2024-06-07,7792
1440,南紡,20,0,20,國票-北投,2024-06-07,7792
00918,大華優利高填息30,18,0,18,國票-北投,2024-06-07,7792
00924,復華S＆P500成長,15,0,15,國票-北投,2024-06-07,7792
2489,瑞軒,15,2,13,國票-北投,2024-06-07,7792
8112,至上,13,1,12,國票-北投,2024-06-07,7792
3231,緯創,16,5,11,國票-北投,2024-06-07,7792
00646,元大S＆P500,10,0,10,國票-北投,2024-06-07,7792
6015,宏遠證,10,0,10,國票-北投,2024-06-07,7792
00712,復華富時不動產,10,0,10,國票-北投,2024-06-07,7792
1587,吉茂,10,0,10,國票-北投,2024-06-07,7792
2070,精湛,10,0,10,國票-北投,2024-06-07,7792
2376,技嘉,10,0,10,國票-北投,2024-06-07,7792
2641,正德,10,0,10,國票-北投,2024-06-07,7792
6191,精成科,10,0,10,國票-北投,2024-06-07,7792
2363,矽統,11,2,9,國票-北投,2024-06-07,7792
2365,昆盈,10,1,9,國票-北投,2024-06-07,7792
2613,中櫃,10,1,9,國票-北投,2024-06-07,7792
2615,萬海,27,18,9,國票-北投,2024-06-07,7792
4306,炎洲,10,1,9,國票-北投,2024-06-07,7792
3706,神達,8,0,8,國票-北投,2024-06-07,7792
00680L,元大美債20正2,10,2,8,國票-北投,2024-06-07,7792
2867,三商壽,8,0,8,國票-北投,2024-06-07,7792
8936,國統,7,0,7,國票-北投,2024-06-07,7792
2002,中鋼,8,1,7,國票-北投,2024-06-07,7792
6213,聯茂,8,1,7,國票-北投,2024-06-07,7792
4906,正文,7,0,7,國票-北投,2024-06-07,7792
8033,雷虎,6,0,6,國票-北投,2024-06-07,7792
5009,榮剛,7,1,6,國票-北投,2024-06-07,7792
3374,精材,8,2,6,國票-北投,2024-06-07,7792
00878,國泰永續高股息,6,0,6,國票-北投,2024-06-07,7792
1303,南亞,5,0,5,國票-北投,2024-06-07,7792
1503,士電,5,0,5,國票-北投,2024-06-07,7792
2344,華邦電,5,0,5,國票-北投,2024-06-07,7792
2855,統一證,5,0,5,國票-北投,2024-06-07,7792
00687B,國泰20年美債,79,0,79,國票-北投,2024-06-11,7792
00918,大華優利高填息30,74,0,74,國票-北投,2024-06-11,7792
2603,長榮,71,8,63,國票-北投,2024-06-11,7792
2317,鴻海,65,13,52,國票-北投,2024-06-11,7792
00720B,元大投資級公司債,50,0,50,國票-北投,2024-06-11,7792
6290,良維,41,0,41,國票-北投,2024-06-11,7792
2883,凱基金,47,7,40,國票-北投,2024-06-11,7792
2353,宏��,32,0,32,國票-北投,2024-06-11,7792
2356,英業達,35,5,30,國票-北投,2024-06-11,7792
3312,弘憶股,32,3,29,國票-北投,2024-06-11,7792
00929,復華台灣科技優息,30,2,28,國票-北投,2024-06-11,7792
2515,中工,26,0,26,國票-北投,2024-06-11,7792
3481,群創,25,0,25,國票-北投,2024-06-11,7792
3711,日月光投控,25,0,25,國票-北投,2024-06-11,7792
00878,國泰永續高股息,25,0,25,國票-北投,2024-06-11,7792
00679B,元大美債20年,23,0,23,國票-北投,2024-06-11,7792
4541,晟田,23,0,23,國票-北投,2024-06-11,7792
6442,光聖,23,0,23,國票-北投,2024-06-11,7792
2498,宏達電,23,2,21,國票-北投,2024-06-11,7792
3260,威剛,20,0,20,國票-北投,2024-06-11,7792
2537,聯上發,17,1,16,國票-北投,2024-06-11,7792
00933B,國泰10Y+金融債,14,0,14,國票-北投,2024-06-11,7792
1504,東元,12,0,12,國票-北投,2024-06-11,7792
4303,信立,12,0,12,國票-北投,2024-06-11,7792
6534,正瀚-創,12,0,12,國票-北投,2024-06-11,7792
3047,訊舟,15,4,11,國票-北投,2024-06-11,7792
2884,玉山金,10,0,10,國票-北投,2024-06-11,7792
00632R,元大台灣50反1,10,0,10,國票-北投,2024-06-11,7792
1312,國喬,10,0,10,國票-北投,2024-06-11,7792
2376,技嘉,10,0,10,國票-北投,2024-06-11,7792
2890,永豐金,10,0,10,國票-北投,2024-06-11,7792
3504,揚明光,10,0,10,國票-北投,2024-06-11,7792
4927,泰鼎-KY,10,0,10,國票-北投,2024-06-11,7792
5292,華懋,10,0,10,國票-北投,2024-06-11,7792
9105,泰金寶-DR,10,0,10,國票-北投,2024-06-11,7792
2002,中鋼,9,0,9,國票-北投,2024-06-11,7792
2354,鴻準,10,1,9,國票-北投,2024-06-11,7792
3033,威健,9,0,9,國票-北投,2024-06-11,7792
4542,科嶠,9,0,9,國票-北投,2024-06-11,7792
2204,中華,8,0,8,國票-北投,2024-06-11,7792
1815,富喬,11,3,8,國票-北投,2024-06-11,7792
4931,新盛力,8,0,8,國票-北投,2024-06-11,7792
2330,台積電,8,0,8,國票-北投,2024-06-11,7792
2615,萬海,21,14,7,國票-北投,2024-06-11,7792
3035,智原,7,0,7,國票-北投,2024-06-11,7792
3675,德微,7,0,7,國票-北投,2024-06-11,7792
6789,采鈺,7,1,6,國票-北投,2024-06-11,7792
1301,台塑,6,0,6,國票-北投,2024-06-11,7792
2542,興富發,6,0,6,國票-北投,2024-06-11,7792
8926,台汽電,6,0,6,國票-北投,2024-06-11,7792
00632R,元大台灣50反1,160,0,160,國票-北投,2024-06-12,7792
00948B,中信優息投資級債,133,19,114,國票-北投,2024-06-12,7792
00936,台新永續高息中小,108,0,108,國票-北投,2024-06-12,7792
00940,元大台灣價值高息,53,0,53,國票-北投,2024-06-12,7792
1316,上曜,50,0,50,國票-北投,2024-06-12,7792
2360,致茂,47,1,46,國票-北投,2024-06-12,7792
00939,統一台灣高息動能,45,0,45,國票-北投,2024-06-12,7792
1442,名軒,50,6,44,國票-北投,2024-06-12,7792
00937B,群益ESG投等債20,41,15,26,國票-北投,2024-06-12,7792
00680L,元大美債20正2,45,20,25,國票-北投,2024-06-12,7792
00919,群益台灣精選高息,26,2,24,國票-北投,2024-06-12,7792
2498,宏達電,22,0,22,國票-北投,2024-06-12,7792
3006,晶豪科,22,0,22,國票-北投,2024-06-12,7792
00665L,富邦�琤肭磪囓�2,20,0,20,國票-北投,2024-06-12,7792
00637L,元大滬深300正2,16,0,16,國票-北投,2024-06-12,7792
3481,群創,15,0,15,國票-北投,2024-06-12,7792
00942B,台新美A公司債20+,15,0,15,國票-北投,2024-06-12,7792
00918,大華優利高填息30,14,0,14,國票-北投,2024-06-12,7792
2883,凱基金,18,6,12,國票-北投,2024-06-12,7792
1611,中電,12,0,12,國票-北投,2024-06-12,7792
5484,慧友,13,2,11,國票-北投,2024-06-12,7792
4946,辣椒,11,0,11,國票-北投,2024-06-12,7792
3231,緯創,24,14,10,國票-北投,2024-06-12,7792
6190,萬泰科,11,0,11,國票-北投,2024-06-12,7792
00753L,中信中國50正2,10,0,10,國票-北投,2024-06-12,7792
1416,廣豐,10,0,10,國票-北投,2024-06-12,7792
1815,富喬,15,5,10,國票-北投,2024-06-12,7792
2641,正德,10,0,10,國票-北投,2024-06-12,7792
3576,聯合再生,10,0,10,國票-北投,2024-06-12,7792
4714,永捷,10,0,10,國票-北投,2024-06-12,7792
4979,華星光,11,1,10,國票-北投,2024-06-12,7792
1504,東元,9,0,9,國票-北投,2024-06-12,7792
8086,宏捷科,8,0,8,國票-北投,2024-06-12,7792
2356,英業達,13,5,8,國票-北投,2024-06-12,7792
2618,長榮航,8,1,7,國票-北投,2024-06-12,7792
3312,弘憶股,7,0,7,國票-北投,2024-06-12,7792
2881,富邦金,7,0,7,國票-北投,2024-06-12,7792
1301,台塑,6,0,6,國票-北投,2024-06-12,7792
00713,元大台灣高息低波,6,0,6,國票-北投,2024-06-12,7792
00933B,國泰10Y+金融債,6,0,6,國票-北投,2024-06-12,7792
3622,洋華,14,8,6,國票-北投,2024-06-12,7792
6116,彩晶,6,0,6,國票-北投,2024-06-12,7792
2615,萬海,13,8,5,國票-北投,2024-06-12,7792
2412,中華電,5,0,5,國票-北投,2024-06-12,7792
1609,大亞,7,2,5,國票-北投,2024-06-12,7792
2020,美亞,5,0,5,國票-北投,2024-06-12,7792
2377,微星,6,1,5,國票-北投,2024-06-12,7792
2406,國碩,5,0,5,國票-北投,2024-06-12,7792
2606,裕民,10,5,5,國票-北投,2024-06-12,7792
2701,萬企,5,0,5,國票-北投,2024-06-12,7792
00632R,元大台灣50反1,155,0,155,國票-北投,2024-06-13,7792
2618,長榮航,54,0,54,國票-北投,2024-06-13,7792
00948B,中信優息投資級債,51,0,51,國票-北投,2024-06-13,7792
3363,上詮,65,14,51,國票-北投,2024-06-13,7792
00679B,元大美債20年,31,5,26,國票-北投,2024-06-13,7792
2324,仁寶,22,1,21,國票-北投,2024-06-13,7792
2609,陽明,44,23,21,國票-北投,2024-06-13,7792
1536,和大,20,0,20,國票-北投,2024-06-13,7792
2323,中環,20,0,20,國票-北投,2024-06-13,7792
5608,四維航,20,0,20,國票-北投,2024-06-13,7792
2312,金寶,30,11,19,國票-北投,2024-06-13,7792
2427,三商電,21,2,19,國票-北投,2024-06-13,7792
5469,瀚宇博,19,0,19,國票-北投,2024-06-13,7792
6125,廣運,31,13,18,國票-北投,2024-06-13,7792
8110,華東,15,3,12,國票-北投,2024-06-13,7792
00919,群益台灣精選高息,26,14,12,國票-北投,2024-06-13,7792
2883,凱基金,30,19,11,國票-北投,2024-06-13,7792
2105,正新,12,1,11,國票-北投,2024-06-13,7792
00937B,群益ESG投等債20,12,2,10,國票-北投,2024-06-13,7792
2067,嘉鋼,10,0,10,國票-北投,2024-06-13,7792
2420,新巨,10,0,10,國票-北投,2024-06-13,7792
3046,建��,10,0,10,國票-北投,2024-06-13,7792
5364,力麗店,10,0,10,國票-北投,2024-06-13,7792
8027,鈦昇,10,0,10,國票-北投,2024-06-13,7792
8054,安國,12,2,10,國票-北投,2024-06-13,7792
8096,擎亞,11,2,9,國票-北投,2024-06-13,7792
1815,富喬,8,0,8,國票-北投,2024-06-13,7792
3535,晶彩科,13,5,8,國票-北投,2024-06-13,7792
6770,力積電,18,10,8,國票-北投,2024-06-13,7792
00878,國泰永續高股息,8,1,7,國票-北投,2024-06-13,7792
1101,台泥,7,0,7,國票-北投,2024-06-13,7792
2002,中鋼,9,2,7,國票-北投,2024-06-13,7792
3481,群創,6,0,6,國票-北投,2024-06-13,7792
3645,達邁,6,0,6,國票-北投,2024-06-13,7792
8112,至上,6,0,6,國票-北投,2024-06-13,7792
0050,元大台灣50,6,1,5,國票-北投,2024-06-13,7792
00941,中信上游半導體,5,0,5,國票-北投,2024-06-13,7792
1504,東元,10,5,5,國票-北投,2024-06-13,7792
00947,台新臺灣IC設計,7,2,5,國票-北投,2024-06-13,7792
00795B,中信美國公債20年,5,0,5,國票-北投,2024-06-13,7792
00753L,中信中國50正2,5,0,5,國票-北投,2024-06-13,7792
2104,國際中橡,5,0,5,國票-北投,2024-06-13,7792
2353,宏��,43,38,5,國票-北投,2024-06-13,7792
5284,jpp-KY,5,0,5,國票-北投,2024-06-13,7792
6664,群翊,5,0,5,國票-北投,2024-06-13,7792
8210,勤誠,5,0,5,國票-北投,2024-06-13,7792
00915,凱基優選高股息30,5,1,4,國票-北投,2024-06-13,7792
2330,台積電,6,2,4,國票-北投,2024-06-13,7792
8936,國統,7,3,4,國票-北投,2024-06-13,7792
2352,佳世達,4,0,4,國票-北投,2024-06-13,7792
00680L,元大美債20正2,2000,0,2000,國票-北投,2024-06-14,7792
00929,復華台灣科技優息,100,1,99,國票-北投,2024-06-14,7792
00878,國泰永續高股息,28,0,28,國票-北投,2024-06-14,7792
2337,旺宏,20,0,20,國票-北投,2024-06-14,7792
00712,復華富時不動產,20,0,20,國票-北投,2024-06-14,7792
2020,美亞,20,0,20,國票-北投,2024-06-14,7792
2360,致茂,20,0,20,國票-北投,2024-06-14,7792
4513,福裕,21,1,20,國票-北投,2024-06-14,7792
2913,農林,20,0,20,國票-北投,2024-06-14,7792
00919,群益台灣精選高息,34,16,18,國票-北投,2024-06-14,7792
2427,三商電,17,0,17,國票-北投,2024-06-14,7792
2455,全新,18,1,17,國票-北投,2024-06-14,7792
00650L,復華香港正2,16,0,16,國票-北投,2024-06-14,7792
2367,燿華,21,5,16,國票-北投,2024-06-14,7792
8277,商丞,16,0,16,國票-北投,2024-06-14,7792
00937B,群益ESG投等債20,15,0,15,國票-北投,2024-06-14,7792
5284,jpp-KY,15,1,14,國票-北投,2024-06-14,7792
2303,聯電,16,3,13,國票-北投,2024-06-14,7792
2363,矽統,16,3,13,國票-北投,2024-06-14,7792
6163,華電網,26,13,13,國票-北投,2024-06-14,7792
4533,協易機,12,0,12,國票-北投,2024-06-14,7792
2002,中鋼,12,0,12,國票-北投,2024-06-14,7792
00918,大華優利高填息30,11,0,11,國票-北投,2024-06-14,7792
1815,富喬,12,1,11,國票-北投,2024-06-14,7792
6274,台燿,11,0,11,國票-北投,2024-06-14,7792
3374,精材,20,10,10,國票-北投,2024-06-14,7792
1570,力肯,10,0,10,國票-北投,2024-06-14,7792
2206,三陽工業,10,0,10,國票-北投,2024-06-14,7792
2345,智邦,10,0,10,國票-北投,2024-06-14,7792
2888,新光金,19,9,10,國票-北投,2024-06-14,7792
2889,國票金,11,1,10,國票-北投,2024-06-14,7792
5388,中磊,10,0,10,國票-北投,2024-06-14,7792
6015,宏遠證,10,0,10,國票-北投,2024-06-14,7792
3035,智原,12,2,10,國票-北投,2024-06-14,7792
8936,國統,15,6,9,國票-北投,2024-06-14,7792
00895,富邦未來車,7,0,7,國票-北投,2024-06-14,7792
3680,家登,7,0,7,國票-北投,2024-06-14,7792
6414,樺漢,7,0,7,國票-北投,2024-06-14,7792
2324,仁寶,11,5,6,國票-北投,2024-06-14,7792
2618,長榮航,10,4,6,國票-北投,2024-06-14,7792
2374,佳能,6,0,6,國票-北投,2024-06-14,7792
2606,裕民,6,0,6,國票-北投,2024-06-14,7792
3048,益登,16,10,6,國票-北投,2024-06-14,7792
3576,聯合再生,6,0,6,國票-北投,2024-06-14,7792
4541,晟田,6,0,6,國票-北投,2024-06-14,7792
5340,建榮,7,1,6,國票-北投,2024-06-14,7792
8112,至上,7,1,6,國票-北投,2024-06-14,7792
6285,啟��,7,1,6,國票-北投,2024-06-14,7792
00632R,元大台灣50反1,5,0,5,國票-北投,2024-06-14,7792
1326,台化,5,0,5,國票-北投,2024-06-14,7792
2609,陽明,393,35,358,國票-北投,2024-06-17,7792
912000,晨訊科-DR,140,0,140,國票-北投,2024-06-17,7792
1802,台玻,112,0,112,國票-北投,2024-06-17,7792
6548,長科*,60,0,60,國票-北投,2024-06-17,7792
6125,廣運,51,1,50,國票-北投,2024-06-17,7792
2885,元大金,41,0,41,國票-北投,2024-06-17,7792
1616,億泰,28,2,26,國票-北投,2024-06-17,7792
00919,群益台灣精選高息,23,0,23,國票-北投,2024-06-17,7792
1611,中電,32,10,22,國票-北投,2024-06-17,7792
8050,廣積,22,0,22,國票-北投,2024-06-17,7792
2610,華航,20,0,20,國票-北投,2024-06-17,7792
00753L,中信中國50正2,20,0,20,國票-北投,2024-06-17,7792
6191,精成科,20,0,20,國票-北投,2024-06-17,7792
4123,晟德,23,6,17,國票-北投,2024-06-17,7792
00918,大華優利高填息30,21,5,16,國票-北投,2024-06-17,7792
1718,中纖,14,0,14,國票-北投,2024-06-17,7792
2344,華邦電,20,7,13,國票-北投,2024-06-17,7792
8105,凌巨,20,7,13,國票-北投,2024-06-17,7792
2615,萬海,19,7,12,國票-北投,2024-06-17,7792
8039,台虹,13,1,12,國票-北投,2024-06-17,7792
00687B,國泰20年美債,21,10,11,國票-北投,2024-06-17,7792
00921,兆豐龍頭等權重,10,0,10,國票-北投,2024-06-17,7792
00915,凱基優選高股息30,10,0,10,國票-北投,2024-06-17,7792
00932,兆豐永續高息等權,10,0,10,國票-北投,2024-06-17,7792
2007,燁興,10,0,10,國票-北投,2024-06-17,7792
3207,耀勝,10,0,10,國票-北投,2024-06-17,7792
6120,達運,10,0,10,國票-北投,2024-06-17,7792
6534,正瀚-創,10,0,10,國票-北投,2024-06-17,7792
1445,大宇,10,1,9,國票-北投,2024-06-17,7792
2367,燿華,9,0,9,國票-北投,2024-06-17,7792
2881,富邦金,8,0,8,國票-北投,2024-06-17,7792
6509,聚和,8,0,8,國票-北投,2024-06-17,7792
00929,復華台灣科技優息,10,2,8,國票-北投,2024-06-17,7792
2376,技嘉,7,0,7,國票-北投,2024-06-17,7792
2303,聯電,15,8,7,國票-北投,2024-06-17,7792
2066,世德,7,0,7,國票-北投,2024-06-17,7792
2312,金寶,22,15,7,國票-北投,2024-06-17,7792
2515,中工,7,0,7,國票-北投,2024-06-17,7792
1713,國化,6,0,6,國票-北投,2024-06-17,7792
2603,長榮,6,0,6,國票-北投,2024-06-17,7792
2882,國泰金,7,1,6,國票-北投,2024-06-17,7792
00878,國泰永續高股息,7,1,6,國票-北投,2024-06-17,7792
00877,復華中國5G,5,0,5,國票-北投,2024-06-17,7792
1532,勤美,5,0,5,國票-北投,2024-06-17,7792
2427,三商電,5,0,5,國票-北投,2024-06-17,7792
2607,榮運,5,0,5,國票-北投,2024-06-17,7792
2838,聯邦銀,5,0,5,國票-北投,2024-06-17,7792
2867,三商壽,5,0,5,國票-北投,2024-06-17,7792
3362,先進光,8,3,5,國票-北投,2024-06-17,7792
4562,穎漢,5,0,5,國票-北投,2024-06-17,7792
00632R,元大台灣50反1,107,0,107,國票-北投,2024-06-18,7792
00919,群益台灣精選高息,83,10,73,國票-北投,2024-06-18,7792
2371,大同,70,11,59,國票-北投,2024-06-18,7792
8064,東捷,63,5,58,國票-北投,2024-06-18,7792
3006,晶豪科,44,0,44,國票-北投,2024-06-18,7792
6282,康舒,45,4,41,國票-北投,2024-06-18,7792
00937B,群益ESG投等債20,30,0,30,國票-北投,2024-06-18,7792
00940,元大台灣價值高息,40,11,29,國票-北投,2024-06-18,7792
1504,東元,25,1,24,國票-北投,2024-06-18,7792
00878,國泰永續高股息,23,0,23,國票-北投,2024-06-18,7792
00687B,國泰20年美債,24,2,22,國票-北投,2024-06-18,7792
4526,東台,32,10,22,國票-北投,2024-06-18,7792
00713,元大台灣高息低波,21,0,21,國票-北投,2024-06-18,7792
1718,中纖,20,0,20,國票-北投,2024-06-18,7792
00936,台新永續高息中小,19,0,19,國票-北投,2024-06-18,7792
2351,順德,23,4,19,國票-北投,2024-06-18,7792
8054,安國,21,3,18,國票-北投,2024-06-18,7792
3041,揚智,15,0,15,國票-北投,2024-06-18,7792
2303,聯電,15,2,13,國票-北投,2024-06-18,7792
9105,泰金寶-DR,12,0,12,國票-北投,2024-06-18,7792
5443,均豪,10,0,10,國票-北投,2024-06-18,7792
00933B,國泰10Y+金融債,10,0,10,國票-北投,2024-06-18,7792
1717,長興,10,0,10,國票-北投,2024-06-18,7792
2367,燿華,40,30,10,國票-北投,2024-06-18,7792
3163,波若威,12,2,10,國票-北投,2024-06-18,7792
5364,力麗店,10,0,10,國票-北投,2024-06-18,7792
6120,達運,10,0,10,國票-北投,2024-06-18,7792
6534,正瀚-創,10,0,10,國票-北投,2024-06-18,7792
9933,中鼎,10,0,10,國票-北投,2024-06-18,7792
3706,神達,10,1,9,國票-北投,2024-06-18,7792
2020,美亞,9,0,9,國票-北投,2024-06-18,7792
6548,長科*,10,1,9,國票-北投,2024-06-18,7792
8050,廣積,10,1,9,國票-北投,2024-06-18,7792
2101,南港,9,1,8,國票-北投,2024-06-18,7792
2609,陽明,15,7,8,國票-北投,2024-06-18,7792
2353,宏��,8,1,7,國票-北投,2024-06-18,7792
00918,大華優利高填息30,8,1,7,國票-北投,2024-06-18,7792
2454,聯發科,7,0,7,國票-北投,2024-06-18,7792
6257,矽格,7,0,7,國票-北投,2024-06-18,7792
8358,金居,11,4,7,國票-北投,2024-06-18,7792
1608,華榮,7,1,6,國票-北投,2024-06-18,7792
1609,大亞,11,5,6,國票-北投,2024-06-18,7792
2420,新巨,6,0,6,國票-北投,2024-06-18,7792
2537,聯上發,6,0,6,國票-北投,2024-06-18,7792
4542,科嶠,6,0,6,國票-北投,2024-06-18,7792
5371,中光電,6,0,6,國票-北投,2024-06-18,7792
8926,台汽電,5,0,5,國票-北投,2024-06-18,7792
1524,耿鼎,5,0,5,國票-北投,2024-06-18,7792
2337,旺宏,5,0,5,國票-北投,2024-06-18,7792
2887,台新金,5,0,5,國票-北投,2024-06-18,7792
2399,映泰,136,1,135,國票-北投,2024-06-19,7792
00632R,元大台灣50反1,123,0,123,國票-北投,2024-06-19,7792
1802,台玻,102,0,102,國票-北投,2024-06-19,7792
8085,福華,81,1,80,國票-北投,2024-06-19,7792
00936,台新永續高息中小,73,0,73,國票-北投,2024-06-19,7792
2515,中工,31,0,31,國票-北投,2024-06-19,7792
00940,元大台灣價值高息,36,8,28,國票-北投,2024-06-19,7792
1514,亞力,60,32,28,國票-北投,2024-06-19,7792
4562,穎漢,24,0,24,國票-北投,2024-06-19,7792
00673R,期元大S＆P原油反1,20,0,20,國票-北投,2024-06-19,7792
00929,復華台灣科技優息,95,77,18,國票-北投,2024-06-19,7792
3062,建漢,20,2,18,國票-北投,2024-06-19,7792
9933,中鼎,28,11,17,國票-北投,2024-06-19,7792
3379,彬台,16,0,16,國票-北投,2024-06-19,7792
5483,中美晶,17,3,14,國票-北投,2024-06-19,7792
2888,新光金,41,30,11,國票-北投,2024-06-19,7792
2330,台積電,12,1,11,國票-北投,2024-06-19,7792
2324,仁寶,11,1,10,國票-北投,2024-06-19,7792
4967,十銓,13,3,10,國票-北投,2024-06-19,7792
2408,南亞科,13,4,9,國票-北投,2024-06-19,7792
3622,洋華,10,1,9,國票-北投,2024-06-19,7792
5469,瀚宇博,10,1,9,國票-北投,2024-06-19,7792
3231,緯創,21,13,8,國票-北投,2024-06-19,7792
6190,萬泰科,10,2,8,國票-北投,2024-06-19,7792
6789,采鈺,8,0,8,國票-北投,2024-06-19,7792
8926,台汽電,8,0,8,國票-北投,2024-06-19,7792
6112,邁達特,13,6,7,國票-北投,2024-06-19,7792
2354,鴻準,22,15,7,國票-北投,2024-06-19,7792
2537,聯上發,7,0,7,國票-北投,2024-06-19,7792
3374,精材,8,1,7,國票-北投,2024-06-19,7792
00946,群益科技高息成長,11,5,6,國票-北投,2024-06-19,7792
00671R,富邦NASDAQ反1,6,0,6,國票-北投,2024-06-19,7792
1513,中興電,7,1,6,國票-北投,2024-06-19,7792
2328,廣宇,7,1,6,國票-北投,2024-06-19,7792
2367,燿華,7,1,6,國票-北投,2024-06-19,7792
2615,萬海,24,18,6,國票-北投,2024-06-19,7792
3031,佰鴻,7,1,6,國票-北投,2024-06-19,7792
6257,矽格,11,5,6,國票-北投,2024-06-19,7792
3081,聯亞,8,2,6,國票-北投,2024-06-19,7792
1314,中石化,5,0,5,國票-北投,2024-06-19,7792
00933B,國泰10Y+金融債,5,0,5,國票-北投,2024-06-19,7792
00927,群益半導體收益,5,0,5,國票-北投,2024-06-19,7792
1584,精剛,5,0,5,國票-北投,2024-06-19,7792
1608,華榮,5,0,5,國票-北投,2024-06-19,7792
2634,漢翔,5,0,5,國票-北投,2024-06-19,7792
2885,元大金,6,1,5,國票-北投,2024-06-19,7792
3306,鼎天,6,1,5,國票-北投,2024-06-19,7792
4561,健椿,5,0,5,國票-北投,2024-06-19,7792
4736,泰博,7,2,5,國票-北投,2024-06-19,7792
5364,力麗店,5,0,5,國票-北投,2024-06-19,7792
2313,華通,124,26,98,國票-北投,2024-06-20,7792
1815,富喬,80,1,79,國票-北投,2024-06-20,7792
6190,萬泰科,61,1,60,國票-北投,2024-06-20,7792
8085,福華,51,1,50,國票-北投,2024-06-20,7792
00936,台新永續高息中小,37,0,37,國票-北投,2024-06-20,7792
2610,華航,31,4,27,國票-北投,2024-06-20,7792
1503,士電,29,2,27,國票-北投,2024-06-20,7792
00937B,群益ESG投等債20,27,2,25,國票-北投,2024-06-20,7792
5469,瀚宇博,35,12,23,國票-北投,2024-06-20,7792
00924,復華S＆P500成長,20,0,20,國票-北投,2024-06-20,7792
00665L,富邦�琤肭磪囓�2,20,0,20,國票-北投,2024-06-20,7792
00687B,國泰20年美債,17,0,17,國票-北投,2024-06-20,7792
00637L,元大滬深300正2,23,6,17,國票-北投,2024-06-20,7792
1309,台達化,20,4,16,國票-北投,2024-06-20,7792
2354,鴻準,33,17,16,國票-北投,2024-06-20,7792
00650L,復華香港正2,14,0,14,國票-北投,2024-06-20,7792
2634,漢翔,14,2,12,國票-北投,2024-06-20,7792
2301,光寶科,12,0,12,國票-北投,2024-06-20,7792
6216,居易,25,13,12,國票-北投,2024-06-20,7792
00926,凱基全球菁英55,10,0,10,國票-北投,2024-06-20,7792
2014,中鴻,10,0,10,國票-北投,2024-06-20,7792
2836,高雄銀,10,0,10,國票-北投,2024-06-20,7792
2867,三商壽,10,0,10,國票-北投,2024-06-20,7792
3207,耀勝,10,0,10,國票-北投,2024-06-20,7792
3308,聯德,10,0,10,國票-北投,2024-06-20,7792
2890,永豐金,10,1,9,國票-北投,2024-06-20,7792
2330,台積電,8,0,8,國票-北投,2024-06-20,7792
2618,長榮航,9,1,8,國票-北投,2024-06-20,7792
2067,嘉鋼,8,0,8,國票-北投,2024-06-20,7792
2353,宏��,13,5,8,國票-北投,2024-06-20,7792
3041,揚智,10,2,8,國票-北投,2024-06-20,7792
1301,台塑,8,1,7,國票-北投,2024-06-20,7792
2371,大同,17,10,7,國票-北投,2024-06-20,7792
1514,亞力,26,19,7,國票-北投,2024-06-20,7792
2303,聯電,10,3,7,國票-北投,2024-06-20,7792
1504,東元,6,0,6,國票-北投,2024-06-20,7792
00632R,元大台灣50反1,6,0,6,國票-北投,2024-06-20,7792
2834,臺企銀,6,0,6,國票-北投,2024-06-20,7792
4979,華星光,6,0,6,國票-北投,2024-06-20,7792
6770,力積電,12,6,6,國票-北投,2024-06-20,7792
00646,元大S＆P500,5,0,5,國票-北投,2024-06-20,7792
1605,華新,5,0,5,國票-北投,2024-06-20,7792
00948B,中信優息投資級債,5,0,5,國票-北投,2024-06-20,7792
2881,富邦金,5,0,5,國票-北投,2024-06-20,7792
2851,中再保,5,0,5,國票-北投,2024-06-20,7792
2880,華南金,5,0,5,國票-北投,2024-06-20,7792
3031,佰鴻,5,0,5,國票-北投,2024-06-20,7792
4533,協易機,5,0,5,國票-北投,2024-06-20,7792
6425,易發,5,0,5,國票-北投,2024-06-20,7792
8112,至上,5,0,5,國票-北投,2024-06-20,7792
00933B,國泰10Y+金融債,100,0,100,國票-北投,2024-06-21,7792
00942B,台新美A公司債20+,100,0,100,國票-北投,2024-06-21,7792
00637L,元大滬深300正2,94,46,48,國票-北投,2024-06-21,7792
1815,富喬,37,1,36,國票-北投,2024-06-21,7792
5439,高技,31,0,31,國票-北投,2024-06-21,7792
3481,群創,106,76,30,國票-北投,2024-06-21,7792
00937B,群益ESG投等債20,31,1,30,國票-北投,2024-06-21,7792
912000,晨訊科-DR,30,5,25,國票-北投,2024-06-21,7792
6217,中探針,21,0,21,國票-北投,2024-06-21,7792
2317,鴻海,37,17,20,國票-北投,2024-06-21,7792
00632R,元大台灣50反1,20,0,20,國票-北投,2024-06-21,7792
00936,台新永續高息中小,20,0,20,國票-北投,2024-06-21,7792
4157,太景*-KY,20,0,20,國票-北投,2024-06-21,7792
00929,復華台灣科技優息,21,2,19,國票-北投,2024-06-21,7792
00687B,國泰20年美債,18,0,18,國票-北投,2024-06-21,7792
2615,萬海,21,4,17,國票-北投,2024-06-21,7792
2421,建準,16,0,16,國票-北投,2024-06-21,7792
00725B,國泰投資級公司債,15,0,15,國票-北投,2024-06-21,7792
3380,明泰,13,0,13,國票-北投,2024-06-21,7792
2101,南港,13,1,12,國票-北投,2024-06-21,7792
2324,仁寶,12,0,12,國票-北投,2024-06-21,7792
2353,宏��,13,1,12,國票-北投,2024-06-21,7792
1301,台塑,12,1,11,國票-北投,2024-06-21,7792
2431,聯昌,11,0,11,國票-北投,2024-06-21,7792
00673R,期元大S＆P原油反1,10,0,10,國票-北投,2024-06-21,7792
00923,群益台ESG低碳50,10,0,10,國票-北投,2024-06-21,7792
1711,永光,10,0,10,國票-北投,2024-06-21,7792
2405,輔信,11,1,10,國票-北投,2024-06-21,7792
3264,欣銓,10,0,10,國票-北投,2024-06-21,7792
4306,炎洲,10,0,10,國票-北投,2024-06-21,7792
6141,柏承,10,0,10,國票-北投,2024-06-21,7792
2634,漢翔,9,0,9,國票-北投,2024-06-21,7792
2360,致茂,11,2,9,國票-北投,2024-06-21,7792
3033,威健,9,0,9,國票-北投,2024-06-21,7792
3438,類比科,10,1,9,國票-北投,2024-06-21,7792
1402,遠東新,8,0,8,國票-北投,2024-06-21,7792
2515,中工,7,0,7,國票-北投,2024-06-21,7792
3379,彬台,7,0,7,國票-北投,2024-06-21,7792
3558,神準,7,0,7,國票-北投,2024-06-21,7792
4960,誠美材,11,4,7,國票-北投,2024-06-21,7792
6173,信昌電,8,1,7,國票-北投,2024-06-21,7792
2610,華航,10,3,7,國票-北投,2024-06-21,7792
6446,藥華藥,6,0,6,國票-北投,2024-06-21,7792
2301,光寶科,7,1,6,國票-北投,2024-06-21,7792
5351,鈺創,6,0,6,國票-北投,2024-06-21,7792
6462,神盾,6,0,6,國票-北投,2024-06-21,7792
3312,弘憶股,10,4,6,國票-北投,2024-06-21,7792
00922,國泰台灣領袖50,5,0,5,國票-北投,2024-06-21,7792
1316,上曜,5,0,5,國票-北投,2024-06-21,7792
1789,神隆,5,0,5,國票-北投,2024-06-21,7792
00942B,台新美A公司債20+,100,0,100,國票-北投,2024-06-24,7792
00940,元大台灣價值高息,94,21,73,國票-北投,2024-06-24,7792
2317,鴻海,57,7,50,國票-北投,2024-06-24,7792
2498,宏達電,45,0,45,國票-北投,2024-06-24,7792
8085,福華,33,0,33,國票-北投,2024-06-24,7792
6116,彩晶,32,0,32,國票-北投,2024-06-24,7792
1785,光洋科,43,12,31,國票-北投,2024-06-24,7792
2007,燁興,30,0,30,國票-北投,2024-06-24,7792
3260,威剛,30,0,30,國票-北投,2024-06-24,7792
2324,仁寶,29,0,29,國票-北投,2024-06-24,7792
3481,群創,98,69,29,國票-北投,2024-06-24,7792
2330,台積電,28,0,28,國票-北投,2024-06-24,7792
912000,晨訊科-DR,35,10,25,國票-北投,2024-06-24,7792
1409,新纖,24,0,24,國票-北投,2024-06-24,7792
4532,瑞智,28,4,24,國票-北投,2024-06-24,7792
2515,中工,23,0,23,國票-北投,2024-06-24,7792
2020,美亞,20,0,20,國票-北投,2024-06-24,7792
3652,精聯,22,2,20,國票-北投,2024-06-24,7792
00929,復華台灣科技優息,19,0,19,國票-北投,2024-06-24,7792
2409,友達,19,1,18,國票-北投,2024-06-24,7792
3062,建漢,21,5,16,國票-北投,2024-06-24,7792
00946,群益科技高息成長,15,0,15,國票-北投,2024-06-24,7792
00680L,元大美債20正2,15,0,15,國票-北投,2024-06-24,7792
3663,鑫科,14,1,13,國票-北投,2024-06-24,7792
3450,聯鈞,13,0,13,國票-北投,2024-06-24,7792
2382,廣達,12,1,11,國票-北投,2024-06-24,7792
00713,元大台灣高息低波,11,0,11,國票-北投,2024-06-24,7792
1815,富喬,16,5,11,國票-北投,2024-06-24,7792
3504,揚明光,12,1,11,國票-北投,2024-06-24,7792
8103,瀚荃,10,0,10,國票-北投,2024-06-24,7792
2615,萬海,14,5,9,國票-北投,2024-06-24,7792
2360,致茂,9,0,9,國票-北投,2024-06-24,7792
3380,明泰,12,3,9,國票-北投,2024-06-24,7792
6244,茂迪,10,1,9,國票-北投,2024-06-24,7792
2369,菱生,15,7,8,國票-北投,2024-06-24,7792
3005,神基,8,0,8,國票-北投,2024-06-24,7792
3105,穩懋,7,0,7,國票-北投,2024-06-24,7792
2609,陽明,18,12,6,國票-北投,2024-06-24,7792
1524,耿鼎,6,0,6,國票-北投,2024-06-24,7792
1529,樂事綠能,6,0,6,國票-北投,2024-06-24,7792
2204,中華,6,0,6,國票-北投,2024-06-24,7792
3093,港建*,6,0,6,國票-北投,2024-06-24,7792
4977,眾達-KY,6,0,6,國票-北投,2024-06-24,7792
6005,群益證,10,4,6,國票-北投,2024-06-24,7792
6753,龍德造船,7,1,6,國票-北投,2024-06-24,7792
8027,鈦昇,6,0,6,國票-北投,2024-06-24,7792
2344,華邦電,5,0,5,國票-北投,2024-06-24,7792
00885,富邦越南,5,0,5,國票-北投,2024-06-24,7792
1605,華新,5,0,5,國票-北投,2024-06-24,7792
2610,華航,5,0,5,國票-北投,2024-06-24,7792
3481,群創,204,53,151,國票-北投,2024-06-25,7792
4956,光鋐,65,0,65,國票-北投,2024-06-25,7792
8064,東捷,33,0,33,國票-北投,2024-06-25,7792
8096,擎亞,33,1,32,國票-北投,2024-06-25,7792
1605,華新,24,0,24,國票-北投,2024-06-25,7792
2360,致茂,21,0,21,國票-北投,2024-06-25,7792
3663,鑫科,29,8,21,國票-北投,2024-06-25,7792
2330,台積電,23,3,20,國票-北投,2024-06-25,7792
00632R,元大台灣50反1,20,1,19,國票-北投,2024-06-25,7792
2002,中鋼,17,0,17,國票-北投,2024-06-25,7792
00929,復華台灣科技優息,21,4,17,國票-北投,2024-06-25,7792
4128,中天,15,0,15,國票-北投,2024-06-25,7792
8110,華東,16,1,15,國票-北投,2024-06-25,7792
00937B,群益ESG投等債20,14,1,13,國票-北投,2024-06-25,7792
5452,佶優,13,0,13,國票-北投,2024-06-25,7792
00936,台新永續高息中小,12,0,12,國票-北投,2024-06-25,7792
2368,金像電,12,0,12,國票-北投,2024-06-25,7792
8011,台通,12,0,12,國票-北投,2024-06-25,7792
3652,精聯,11,0,11,國票-北投,2024-06-25,7792
00946,群益科技高息成長,10,0,10,國票-北投,2024-06-25,7792
00665L,富邦�琤肭磪囓�2,10,0,10,國票-北投,2024-06-25,7792
00924,復華S＆P500成長,10,0,10,國票-北投,2024-06-25,7792
00918,大華優利高填息30,10,0,10,國票-北投,2024-06-25,7792
1717,長興,10,0,10,國票-北投,2024-06-25,7792
2399,映泰,10,0,10,國票-北投,2024-06-25,7792
5512,力麒,10,0,10,國票-北投,2024-06-25,7792
8103,瀚荃,10,0,10,國票-北投,2024-06-25,7792
2457,飛宏,10,1,9,國票-北投,2024-06-25,7792
3037,欣興,9,0,9,國票-北投,2024-06-25,7792
3093,港建*,9,0,9,國票-北投,2024-06-25,7792
6173,信昌電,10,1,9,國票-北投,2024-06-25,7792
00919,群益台灣精選高息,45,37,8,國票-北投,2024-06-25,7792
2353,宏��,11,3,8,國票-北投,2024-06-25,7792
3231,緯創,11,3,8,國票-北投,2024-06-25,7792
1314,中石化,11,4,7,國票-北投,2024-06-25,7792
2303,聯電,14,7,7,國票-北投,2024-06-25,7792
2352,佳世達,10,3,7,國票-北投,2024-06-25,7792
3062,建漢,10,3,7,國票-北投,2024-06-25,7792
00923,群益台ESG低碳50,6,0,6,國票-北投,2024-06-25,7792
1785,光洋科,93,87,6,國票-北投,2024-06-25,7792
1815,富喬,13,7,6,國票-北投,2024-06-25,7792
2498,宏達電,6,0,6,國票-北投,2024-06-25,7792
2890,永豐金,10,4,6,國票-北投,2024-06-25,7792
3666,光耀,6,0,6,國票-北投,2024-06-25,7792
4979,華星光,8,2,6,國票-北投,2024-06-25,7792
00878,國泰永續高股息,6,0,6,國票-北投,2024-06-25,7792
00830,國泰費城半導體,5,0,5,國票-北投,2024-06-25,7792
00885,富邦越南,5,0,5,國票-北投,2024-06-25,7792
2382,廣達,9,4,5,國票-北投,2024-06-25,7792
00932,兆豐永續高息等權,5,0,5,國票-北投,2024-06-25,7792
2888,新光金,202,0,202,國票-北投,2024-06-26,7792
00919,群益台灣精選高息,103,0,103,國票-北投,2024-06-26,7792
8110,華東,104,10,94,國票-北投,2024-06-26,7792
00939,統一台灣高息動能,50,0,50,國票-北投,2024-06-26,7792
00933B,國泰10Y+金融債,30,0,30,國票-北投,2024-06-26,7792
00673R,期元大S＆P原油反1,30,0,30,國票-北投,2024-06-26,7792
2439,美律,30,0,30,國票-北投,2024-06-26,7792
1718,中纖,26,0,26,國票-北投,2024-06-26,7792
5009,榮剛,23,0,23,國票-北投,2024-06-26,7792
00885,富邦越南,20,0,20,國票-北投,2024-06-26,7792
2393,億光,20,0,20,國票-北投,2024-06-26,7792
2312,金寶,22,3,19,國票-北投,2024-06-26,7792
2317,鴻海,24,8,16,國票-北投,2024-06-26,7792
2609,陽明,16,0,16,國票-北投,2024-06-26,7792
3615,安可,16,0,16,國票-北投,2024-06-26,7792
00936,台新永續高息中小,13,0,13,國票-北投,2024-06-26,7792
2360,致茂,13,0,13,國票-北投,2024-06-26,7792
3483,力致,14,1,13,國票-北投,2024-06-26,7792
2344,華邦電,12,0,12,國票-北投,2024-06-26,7792
5880,合庫金,12,0,12,國票-北投,2024-06-26,7792
9105,泰金寶-DR,12,0,12,國票-北投,2024-06-26,7792
2408,南亞科,11,0,11,國票-北投,2024-06-26,7792
1319,東陽,11,0,11,國票-北投,2024-06-26,7792
3673,TPK-KY,14,3,11,國票-北投,2024-06-26,7792
2610,華航,11,1,10,國票-北投,2024-06-26,7792
3048,益登,10,0,10,國票-北投,2024-06-26,7792
3535,晶彩科,10,0,10,國票-北投,2024-06-26,7792
6449,鈺邦,10,0,10,國票-北投,2024-06-26,7792
2376,技嘉,12,2,10,國票-北投,2024-06-26,7792
2002,中鋼,10,0,10,國票-北投,2024-06-26,7792
4542,科嶠,10,1,9,國票-北投,2024-06-26,7792
4566,時碩工業,16,7,9,國票-北投,2024-06-26,7792
2455,全新,10,2,8,國票-北投,2024-06-26,7792
1101,台泥,8,0,8,國票-北投,2024-06-26,7792
3580,友威科,11,3,8,國票-北投,2024-06-26,7792
3624,光頡,8,0,8,國票-北投,2024-06-26,7792
2515,中工,7,0,7,國票-北投,2024-06-26,7792
3289,宜特,10,3,7,國票-北投,2024-06-26,7792
2454,聯發科,6,0,6,國票-北投,2024-06-26,7792
2449,京元電子,13,7,6,國票-北投,2024-06-26,7792
1605,華新,5,0,5,國票-北投,2024-06-26,7792
3034,聯詠,5,0,5,國票-北投,2024-06-26,7792
2615,萬海,27,22,5,國票-北投,2024-06-26,7792
00926,凱基全球菁英55,5,0,5,國票-北投,2024-06-26,7792
1503,士電,6,1,5,國票-北投,2024-06-26,7792
1802,台玻,5,0,5,國票-北投,2024-06-26,7792
2495,普安,5,0,5,國票-北投,2024-06-26,7792
3260,威剛,5,0,5,國票-北投,2024-06-26,7792
6548,長科*,5,0,5,國票-北投,2024-06-26,7792
9958,世紀鋼,11,6,5,國票-北投,2024-06-26,7792
2371,大同,72,13,59,國票-北投,2024-06-27,7792
00753L,中信中國50正2,40,0,40,國票-北投,2024-06-27,7792
2360,致茂,39,0,39,國票-北投,2024-06-27,7792
3047,訊舟,54,19,35,國票-北投,2024-06-27,7792
6443,元晶,45,10,35,國票-北投,2024-06-27,7792
5439,高技,31,0,31,國票-北投,2024-06-27,7792
00933B,國泰10Y+金融債,30,0,30,國票-北投,2024-06-27,7792
00937B,群益ESG投等債20,28,0,28,國票-北投,2024-06-27,7792
3481,群創,64,39,25,國票-北投,2024-06-27,7792
00679B,元大美債20年,30,5,25,國票-北投,2024-06-27,7792
00673R,期元大S＆P原油反1,20,0,20,國票-北投,2024-06-27,7792
5202,力新,20,0,20,國票-北投,2024-06-27,7792
4167,松瑞藥,20,1,19,國票-北投,2024-06-27,7792
00687B,國泰20年美債,18,0,18,國票-北投,2024-06-27,7792
00936,台新永續高息中小,17,0,17,國票-北投,2024-06-27,7792
00725B,國泰投資級公司債,15,0,15,國票-北投,2024-06-27,7792
2383,台光電,15,0,15,國票-北投,2024-06-27,7792
00929,復華台灣科技優息,13,0,13,國票-北投,2024-06-27,7792
1605,華新,15,2,13,國票-北投,2024-06-27,7792
1611,中電,15,2,13,國票-北投,2024-06-27,7792
2349,錸德,13,1,12,國票-北投,2024-06-27,7792
00940,元大台灣價值高息,15,4,11,國票-北投,2024-06-27,7792
2537,聯上發,11,0,11,國票-北投,2024-06-27,7792
4113,聯上,11,0,11,國票-北投,2024-06-27,7792
00948B,中信優息投資級債,10,0,10,國票-北投,2024-06-27,7792
2603,長榮,10,0,10,國票-北投,2024-06-27,7792
4938,和碩,10,0,10,國票-北投,2024-06-27,7792
2301,光寶科,11,1,10,國票-北投,2024-06-27,7792
3289,宜特,10,0,10,國票-北投,2024-06-27,7792
3504,揚明光,10,0,10,國票-北投,2024-06-27,7792
8277,商丞,10,0,10,國票-北投,2024-06-27,7792
1785,光洋科,10,1,9,國票-北投,2024-06-27,7792
1815,富喬,10,1,9,國票-北投,2024-06-27,7792
00918,大華優利高填息30,8,0,8,國票-北投,2024-06-27,7792
1709,和益,9,1,8,國票-北投,2024-06-27,7792
8103,瀚荃,10,2,8,國票-北投,2024-06-27,7792
8110,華東,10,2,8,國票-北投,2024-06-27,7792
2457,飛宏,7,0,7,國票-北投,2024-06-27,7792
8076,伍豐,14,7,7,國票-北投,2024-06-27,7792
2002,中鋼,6,0,6,國票-北投,2024-06-27,7792
2356,英業達,6,0,6,國票-北投,2024-06-27,7792
2352,佳世達,6,0,6,國票-北投,2024-06-27,7792
6789,采鈺,6,0,6,國票-北投,2024-06-27,7792
8112,至上,6,0,6,國票-北投,2024-06-27,7792
1434,福懋,5,0,5,國票-北投,2024-06-27,7792
1805,寶徠,5,0,5,國票-北投,2024-06-27,7792
2303,聯電,7,2,5,國票-北投,2024-06-27,7792
2409,友達,7,2,5,國票-北投,2024-06-27,7792
2880,華南金,5,0,5,國票-北投,2024-06-27,7792
3030,德律,5,0,5,國票-北投,2024-06-27,7792
00948B,中信優息投資級債,50,0,50,國票-北投,2024-06-28,7792
1513,中興電,50,0,50,國票-北投,2024-06-28,7792
00936,台新永續高息中小,45,0,45,國票-北投,2024-06-28,7792
3481,群創,51,9,42,國票-北投,2024-06-28,7792
2615,萬海,43,6,37,國票-北投,2024-06-28,7792
00929,復華台灣科技優息,30,4,26,國票-北投,2024-06-28,7792
3083,網龍,26,1,25,國票-北投,2024-06-28,7792
2406,國碩,31,8,23,國票-北投,2024-06-28,7792
00933B,國泰10Y+金融債,22,0,22,國票-北投,2024-06-28,7792
00937B,群益ESG投等債20,21,0,21,國票-北投,2024-06-28,7792
00679B,元大美債20年,20,0,20,國票-北投,2024-06-28,7792
00915,凱基優選高股息30,20,0,20,國票-北投,2024-06-28,7792
6224,聚鼎,18,0,18,國票-北投,2024-06-28,7792
00680L,元大美債20正2,15,0,15,國票-北投,2024-06-28,7792
4128,中天,30,15,15,國票-北投,2024-06-28,7792
3231,緯創,16,2,14,國票-北投,2024-06-28,7792
3576,聯合再生,15,1,14,國票-北投,2024-06-28,7792
2618,長榮航,12,2,10,國票-北投,2024-06-28,7792
6026,福邦證,10,0,10,國票-北投,2024-06-28,7792
8039,台虹,10,0,10,國票-北投,2024-06-28,7792
912000,晨訊科-DR,20,10,10,國票-北投,2024-06-28,7792
00687B,國泰20年美債,9,0,9,國票-北投,2024-06-28,7792
5009,榮剛,10,1,9,國票-北投,2024-06-28,7792
9958,世紀鋼,9,0,9,國票-北投,2024-06-28,7792
2324,仁寶,11,3,8,國票-北投,2024-06-28,7792
3450,聯鈞,23,15,8,國票-北投,2024-06-28,7792
5515,建國,8,0,8,國票-北投,2024-06-28,7792
8085,福華,8,0,8,國票-北投,2024-06-28,7792
2354,鴻準,10,3,7,國票-北投,2024-06-28,7792
1301,台塑,10,3,7,國票-北投,2024-06-28,7792
2542,興富發,7,1,6,國票-北投,2024-06-28,7792
00725B,國泰投資級公司債,6,0,6,國票-北投,2024-06-28,7792
2365,昆盈,8,2,6,國票-北投,2024-06-28,7792
3050,鈺德,9,3,6,國票-北投,2024-06-28,7792
3483,力致,6,0,6,國票-北投,2024-06-28,7792
4938,和碩,8,2,6,國票-北投,2024-06-28,7792
1514,亞力,20,15,5,國票-北投,2024-06-28,7792
2377,微星,6,1,5,國票-北投,2024-06-28,7792
2402,毅嘉,5,0,5,國票-北投,2024-06-28,7792
6257,矽格,5,0,5,國票-北投,2024-06-28,7792
2455,全新,5,1,4,國票-北投,2024-06-28,7792
2489,瑞軒,6,2,4,國票-北投,2024-06-28,7792
2645,長榮航太,4,0,4,國票-北投,2024-06-28,7792
3338,泰碩,6,2,4,國票-北投,2024-06-28,7792
3354,律勝,4,0,4,國票-北投,2024-06-28,7792
3706,神達,7,3,4,國票-北投,2024-06-28,7792
5388,中磊,5,1,4,國票-北投,2024-06-28,7792
6152,百一,9,5,4,國票-北投,2024-06-28,7792
6282,康舒,4,0,4,國票-北投,2024-06-28,7792
8105,凌巨,11,7,4,國票-北投,2024-06-28,7792
00936,台新永續高息中小,101,0,101,國票-北投,2024-07-01,7792
2882,國泰金,103,10,93,國票-北投,2024-07-01,7792
00937B,群益ESG投等債20,44,1,43,國票-北投,2024-07-01,7792
2101,南港,46,5,41,國票-北投,2024-07-01,7792
2371,大同,41,2,39,國票-北投,2024-07-01,7792
2313,華通,36,3,33,國票-北投,2024-07-01,7792
8071,能率網通,36,5,31,國票-北投,2024-07-01,7792
3093,港建*,28,0,28,國票-北投,2024-07-01,7792
6224,聚鼎,28,0,28,國票-北投,2024-07-01,7792
00751B,元大AAA至A公司債,25,0,25,國票-北投,2024-07-01,7792
00929,復華台灣科技優息,19,0,19,國票-北投,2024-07-01,7792
2352,佳世達,19,0,19,國票-北投,2024-07-01,7792
2303,聯電,61,43,18,國票-北投,2024-07-01,7792
00687B,國泰20年美債,27,10,17,國票-北投,2024-07-01,7792
00679B,元大美債20年,17,0,17,國票-北投,2024-07-01,7792
3260,威剛,17,0,17,國票-北投,2024-07-01,7792
5009,榮剛,17,1,16,國票-北投,2024-07-01,7792
6116,彩晶,16,0,16,國票-北投,2024-07-01,7792
6257,矽格,16,0,16,國票-北投,2024-07-01,7792
8096,擎亞,16,0,16,國票-北投,2024-07-01,7792
00946,群益科技高息成長,15,0,15,國票-北投,2024-07-01,7792
6215,和椿,20,5,15,國票-北投,2024-07-01,7792
1513,中興電,14,1,13,國票-北投,2024-07-01,7792
2353,宏��,18,6,12,國票-北投,2024-07-01,7792
0056,元大高股息,11,0,11,國票-北投,2024-07-01,7792
2312,金寶,11,0,11,國票-北投,2024-07-01,7792
6234,高僑,11,0,11,國票-北投,2024-07-01,7792
8046,南電,11,0,11,國票-北投,2024-07-01,7792
1582,信錦,10,0,10,國票-北投,2024-07-01,7792
2392,正崴,12,2,10,國票-北投,2024-07-01,7792
2855,統一證,10,0,10,國票-北投,2024-07-01,7792
4566,時碩工業,30,20,10,國票-北投,2024-07-01,7792
8926,台汽電,10,0,10,國票-北投,2024-07-01,7792
00665L,富邦�琤肭磪囓�2,10,1,9,國票-北投,2024-07-01,7792
2349,錸德,10,1,9,國票-北投,2024-07-01,7792
3504,揚明光,10,1,9,國票-北投,2024-07-01,7792
6279,胡連,10,1,9,國票-北投,2024-07-01,7792
9958,世紀鋼,8,0,8,國票-北投,2024-07-01,7792
2317,鴻海,15,7,8,國票-北投,2024-07-01,7792
2031,新光鋼,8,1,7,國票-北投,2024-07-01,7792
2417,圓剛,16,9,7,國票-北投,2024-07-01,7792
3673,TPK-KY,17,10,7,國票-北投,2024-07-01,7792
6753,龍德造船,6,0,6,國票-北投,2024-07-01,7792
00637L,元大滬深300正2,14,8,6,國票-北投,2024-07-01,7792
2363,矽統,6,0,6,國票-北投,2024-07-01,7792
2464,盟立,8,2,6,國票-北投,2024-07-01,7792
8104,錸寶,8,2,6,國票-北投,2024-07-01,7792
00725B,國泰投資級公司債,5,0,5,國票-北投,2024-07-01,7792
00632R,元大台灣50反1,30,25,5,國票-北投,2024-07-01,7792
2301,光寶科,5,0,5,國票-北投,2024-07-01,7792
3481,群創,416,7,409,國票-北投,2024-07-02,7792
2605,新興,110,3,107,國票-北投,2024-07-02,7792
00936,台新永續高息中小,102,0,102,國票-北投,2024-07-02,7792
8085,福華,102,0,102,國票-北投,2024-07-02,7792
1609,大亞,89,11,78,國票-北投,2024-07-02,7792
2303,聯電,67,0,67,國票-北投,2024-07-02,7792
2891,中信金,41,1,40,國票-北投,2024-07-02,7792
3312,弘憶股,41,2,39,國票-北投,2024-07-02,7792
2913,農林,34,1,33,國票-北投,2024-07-02,7792
00949,復華日本龍頭,52,19,33,國票-北投,2024-07-02,7792
00934,中信成長高股息,33,0,33,國票-北投,2024-07-02,7792
2365,昆盈,44,11,33,國票-北投,2024-07-02,7792
911868,同方友友-DR,30,0,30,國票-北投,2024-07-02,7792
00632R,元大台灣50反1,42,16,26,國票-北投,2024-07-02,7792
2317,鴻海,31,5,26,國票-北投,2024-07-02,7792
2615,萬海,40,19,21,國票-北投,2024-07-02,7792
00937B,群益ESG投等債20,20,0,20,國票-北投,2024-07-02,7792
3706,神達,20,0,20,國票-北投,2024-07-02,7792
2485,兆赫,20,0,20,國票-北投,2024-07-02,7792
2515,中工,20,0,20,國票-北投,2024-07-02,7792
3702,大聯大,19,0,19,國票-北投,2024-07-02,7792
2637,慧洋-KY,20,2,18,國票-北投,2024-07-02,7792
6224,聚鼎,17,0,17,國票-北投,2024-07-02,7792
00679B,元大美債20年,16,0,16,國票-北投,2024-07-02,7792
1309,台達化,15,0,15,國票-北投,2024-07-02,7792
1560,中砂,16,1,15,國票-北投,2024-07-02,7792
0056,元大高股息,14,0,14,國票-北投,2024-07-02,7792
2371,大同,41,27,14,國票-北投,2024-07-02,7792
00687B,國泰20年美債,13,0,13,國票-北投,2024-07-02,7792
00919,群益台灣精選高息,15,2,13,國票-北投,2024-07-02,7792
00680L,元大美債20正2,11,0,11,國票-北投,2024-07-02,7792
00933B,國泰10Y+金融債,10,0,10,國票-北投,2024-07-02,7792
00948B,中信優息投資級債,10,0,10,國票-北投,2024-07-02,7792
00673R,期元大S＆P原油反1,10,0,10,國票-北投,2024-07-02,7792
1471,首利,10,0,10,國票-北投,2024-07-02,7792
2486,一詮,10,0,10,國票-北投,2024-07-02,7792
3052,夆典,10,0,10,國票-北投,2024-07-02,7792
3260,威剛,10,0,10,國票-北投,2024-07-02,7792
3380,明泰,10,0,10,國票-北投,2024-07-02,7792
8027,鈦昇,10,0,10,國票-北投,2024-07-02,7792
00929,復華台灣科技優息,52,42,10,國票-北投,2024-07-02,7792
2002,中鋼,14,5,9,國票-北投,2024-07-02,7792
3686,達能,10,1,9,國票-北投,2024-07-02,7792
5452,佶優,9,0,9,國票-北投,2024-07-02,7792
9958,世紀鋼,9,0,9,國票-北投,2024-07-02,7792
00940,元大台灣價值高息,8,0,8,國票-北投,2024-07-02,7792
2464,盟立,12,4,8,國票-北投,2024-07-02,7792
3059,華晶科,9,1,8,國票-北投,2024-07-02,7792
8110,華東,10,2,8,國票-北投,2024-07-02,7792
2603,長榮,7,0,7,國票-北投,2024-07-02,7792
2887,台新金,136,12,124,國票-北投,2024-07-03,7792
00687B,國泰20年美債,100,0,100,國票-北投,2024-07-03,7792
00712,復華富時不動產,60,0,60,國票-北投,2024-07-03,7792
6269,台郡,50,4,46,國票-北投,2024-07-03,7792
00937B,群益ESG投等債20,36,0,36,國票-北投,2024-07-03,7792
3591,艾笛森,33,2,31,國票-北投,2024-07-03,7792
2356,英業達,31,6,25,國票-北投,2024-07-03,7792
2317,鴻海,35,12,23,國票-北投,2024-07-03,7792
6224,聚鼎,21,0,21,國票-北投,2024-07-03,7792
2353,宏��,22,3,19,國票-北投,2024-07-03,7792
2323,中環,32,13,19,國票-北投,2024-07-03,7792
6116,彩晶,19,0,19,國票-北投,2024-07-03,7792
00632R,元大台灣50反1,25,10,15,國票-北投,2024-07-03,7792
6244,茂迪,31,16,15,國票-北投,2024-07-03,7792
2405,輔信,23,9,14,國票-北投,2024-07-03,7792
6163,華電網,24,10,14,國票-北投,2024-07-03,7792
1514,亞力,14,2,12,國票-北投,2024-07-03,7792
6152,百一,13,1,12,國票-北投,2024-07-03,7792
00772B,中信高評級公司債,10,0,10,國票-北投,2024-07-03,7792
4906,正文,12,2,10,國票-北投,2024-07-03,7792
00939,統一台灣高息動能,15,5,10,國票-北投,2024-07-03,7792
00944,野村趨勢動能高息,10,0,10,國票-北投,2024-07-03,7792
1714,和桐,10,0,10,國票-北投,2024-07-03,7792
4167,松瑞藥,10,0,10,國票-北投,2024-07-03,7792
6026,福邦證,10,0,10,國票-北投,2024-07-03,7792
6782,視陽,10,0,10,國票-北投,2024-07-03,7792
8085,福華,10,0,10,國票-北投,2024-07-03,7792
3048,益登,12,3,9,國票-北投,2024-07-03,7792
6176,瑞儀,9,0,9,國票-北投,2024-07-03,7792
8086,宏捷科,12,3,9,國票-北投,2024-07-03,7792
8076,伍豐,8,0,8,國票-北投,2024-07-03,7792
00936,台新永續高息中小,8,0,8,國票-北投,2024-07-03,7792
3005,神基,11,3,8,國票-北投,2024-07-03,7792
5347,世界,35,28,7,國票-北投,2024-07-03,7792
3583,辛耘,7,0,7,國票-北投,2024-07-03,7792
8103,瀚荃,7,0,7,國票-北投,2024-07-03,7792
2354,鴻準,7,0,7,國票-北投,2024-07-03,7792
2337,旺宏,6,0,6,國票-北投,2024-07-03,7792
2406,國碩,10,4,6,國票-北投,2024-07-03,7792
3042,晶技,12,6,6,國票-北投,2024-07-03,7792
3490,單井,6,0,6,國票-北投,2024-07-03,7792
3576,聯合再生,495,489,6,國票-北投,2024-07-03,7792
4720,德淵,7,1,6,國票-北投,2024-07-03,7792
00757,統一FANG+,5,0,5,國票-北投,2024-07-03,7792
00926,凱基全球菁英55,5,0,5,國票-北投,2024-07-03,7792
00637L,元大滬深300正2,15,10,5,國票-北投,2024-07-03,7792
1305,華夏,5,0,5,國票-北投,2024-07-03,7792
2355,敬鵬,5,0,5,國票-北投,2024-07-03,7792
2376,技嘉,6,1,5,國票-北投,2024-07-03,7792
2836,高雄銀,5,0,5,國票-北投,2024-07-03,7792
3047,訊舟,95,2,93,國票-北投,2024-07-04,7792
00936,台新永續高息中小,100,12,88,國票-北投,2024-07-04,7792
00934,中信成長高股息,73,0,73,國票-北投,2024-07-04,7792
3231,緯創,36,4,32,國票-北投,2024-07-04,7792
00937B,群益ESG投等債20,30,0,30,國票-北投,2024-07-04,7792
2324,仁寶,24,0,24,國票-北投,2024-07-04,7792
2349,錸德,159,139,20,國票-北投,2024-07-04,7792
3018,隆銘綠能,20,0,20,國票-北投,2024-07-04,7792
6127,九豪,21,2,19,國票-北投,2024-07-04,7792
2412,中華電,16,0,16,國票-北投,2024-07-04,7792
2406,國碩,26,10,16,國票-北投,2024-07-04,7792
00949,復華日本龍頭,15,0,15,國票-北投,2024-07-04,7792
6224,聚鼎,15,0,15,國票-北投,2024-07-04,7792
5347,世界,15,1,14,國票-北投,2024-07-04,7792
2889,國票金,20,6,14,國票-北投,2024-07-04,7792
3323,加百裕,14,0,14,國票-北投,2024-07-04,7792
2360,致茂,13,0,13,國票-北投,2024-07-04,7792
4967,十銓,15,2,13,國票-北投,2024-07-04,7792
5009,榮剛,13,0,13,國票-北投,2024-07-04,7792
2883,凱基金,16,4,12,國票-北投,2024-07-04,7792
1477,聚陽,12,1,11,國票-北投,2024-07-04,7792
6196,帆宣,11,0,11,國票-北投,2024-07-04,7792
00885,富邦越南,10,0,10,國票-北投,2024-07-04,7792
00946,群益科技高息成長,10,0,10,國票-北投,2024-07-04,7792
00931B,統一美債20年,10,0,10,國票-北投,2024-07-04,7792
00898,國泰基因免疫革命,10,0,10,國票-北投,2024-07-04,7792
00850,元大臺灣ESG永續,10,0,10,國票-北投,2024-07-04,7792
1305,華夏,10,0,10,國票-北投,2024-07-04,7792
3490,單井,11,1,10,國票-北投,2024-07-04,7792
4702,中美實,10,0,10,國票-北投,2024-07-04,7792
4958,臻鼎-KY,10,0,10,國票-北投,2024-07-04,7792
6026,福邦證,10,0,10,國票-北投,2024-07-04,7792
6719,力智,10,0,10,國票-北投,2024-07-04,7792
6261,久元,10,0,10,國票-北投,2024-07-04,7792
2606,裕民,9,0,9,國票-北投,2024-07-04,7792
00632R,元大台灣50反1,24,15,9,國票-北投,2024-07-04,7792
2485,兆赫,9,0,9,國票-北投,2024-07-04,7792
3673,TPK-KY,9,0,9,國票-北投,2024-07-04,7792
00922,國泰台灣領袖50,10,2,8,國票-北投,2024-07-04,7792
2882,國泰金,13,5,8,國票-北投,2024-07-04,7792
2486,一詮,24,17,7,國票-北投,2024-07-04,7792
3374,精材,24,17,7,國票-北投,2024-07-04,7792
1785,光洋科,16,10,6,國票-北投,2024-07-04,7792
2340,台亞,6,0,6,國票-北投,2024-07-04,7792
2605,新興,6,0,6,國票-北投,2024-07-04,7792
3189,景碩,6,0,6,國票-北投,2024-07-04,7792
8440,綠電,6,0,6,國票-北投,2024-07-04,7792
00772B,中信高評級公司債,5,0,5,國票-北投,2024-07-04,7792
00942B,台新美A公司債20+,5,0,5,國票-北投,2024-07-04,7792
00948B,中信優息投資級債,10,5,5,國票-北投,2024-07-04,7792
1802,台玻,500,2,498,國票-北投,2024-07-05,7792
6125,廣運,56,4,52,國票-北投,2024-07-05,7792
4909,新復興,49,1,48,國票-北投,2024-07-05,7792
9105,泰金寶-DR,60,18,42,國票-北投,2024-07-05,7792
00637L,元大滬深300正2,54,14,40,國票-北投,2024-07-05,7792
3048,益登,44,5,39,國票-北投,2024-07-05,7792
00934,中信成長高股息,33,0,33,國票-北投,2024-07-05,7792
1795,美時,27,0,27,國票-北投,2024-07-05,7792
2347,聯強,26,0,26,國票-北投,2024-07-05,7792
00933B,國泰10Y+金融債,21,0,21,國票-北投,2024-07-05,7792
4534,慶騰,22,1,21,國票-北投,2024-07-05,7792
6244,茂迪,20,0,20,國票-北投,2024-07-05,7792
3374,精材,29,10,19,國票-北投,2024-07-05,7792
00687B,國泰20年美債,16,0,16,國票-北投,2024-07-05,7792
3706,神達,16,0,16,國票-北投,2024-07-05,7792
2618,長榮航,16,0,16,國票-北投,2024-07-05,7792
5009,榮剛,15,0,15,國票-北投,2024-07-05,7792
2301,光寶科,17,2,15,國票-北投,2024-07-05,7792
1312,國喬,14,0,14,國票-北投,2024-07-05,7792
2610,華航,15,3,12,國票-北投,2024-07-05,7792
3712,永崴投控,14,2,12,國票-北投,2024-07-05,7792
00632R,元大台灣50反1,11,0,11,國票-北投,2024-07-05,7792
00931B,統一美債20年,10,0,10,國票-北投,2024-07-05,7792
00898,國泰基因免疫革命,10,0,10,國票-北投,2024-07-05,7792
2067,嘉鋼,10,0,10,國票-北投,2024-07-05,7792
3630,新鉅科,10,0,10,國票-北投,2024-07-05,7792
6116,彩晶,10,0,10,國票-北投,2024-07-05,7792
6202,盛群,13,3,10,國票-北投,2024-07-05,7792
1337,再生-KY,9,0,9,國票-北投,2024-07-05,7792
5355,佳總,9,0,9,國票-北投,2024-07-05,7792
8104,錸寶,47,38,9,國票-北投,2024-07-05,7792
2603,長榮,7,0,7,國票-北投,2024-07-05,7792
2454,聯發科,7,0,7,國票-北投,2024-07-05,7792
1727,中華化,7,0,7,國票-北投,2024-07-05,7792
2368,金像電,43,36,7,國票-北投,2024-07-05,7792
3037,欣興,8,1,7,國票-北投,2024-07-05,7792
4938,和碩,7,0,7,國票-北投,2024-07-05,7792
1514,亞力,35,28,7,國票-北投,2024-07-05,7792
00772B,中信高評級公司債,7,0,7,國票-北投,2024-07-05,7792
2449,京元電子,8,1,7,國票-北投,2024-07-05,7792
8076,伍豐,17,11,6,國票-北投,2024-07-05,7792
2356,英業達,46,40,6,國票-北投,2024-07-05,7792
3071,協禧,12,6,6,國票-北投,2024-07-05,7792
3576,聯合再生,7,1,6,國票-北投,2024-07-05,7792
5263,智崴,6,0,6,國票-北投,2024-07-05,7792
6224,聚鼎,6,0,6,國票-北投,2024-07-05,7792
2330,台積電,6,1,5,國票-北投,2024-07-05,7792
3163,波若威,11,6,5,國票-北投,2024-07-05,7792
2615,萬海,9,4,5,國票-北投,2024-07-05,7792
00885,富邦越南,5,0,5,國票-北投,2024-07-05,7792
3481,群創,115,65,50,國票-北投,2024-07-08,7792
6443,元晶,47,14,33,國票-北投,2024-07-08,7792
3048,益登,33,0,33,國票-北投,2024-07-08,7792
00934,中信成長高股息,29,0,29,國票-北投,2024-07-08,7792
2615,萬海,34,5,29,國票-北投,2024-07-08,7792
2354,鴻準,33,4,29,國票-北投,2024-07-08,7792
4533,協易機,23,0,23,國票-北投,2024-07-08,7792
00939,統一台灣高息動能,22,0,22,國票-北投,2024-07-08,7792
6116,彩晶,30,9,21,國票-北投,2024-07-08,7792
2371,大同,55,35,20,國票-北投,2024-07-08,7792
2365,昆盈,36,16,20,國票-北投,2024-07-08,7792
3045,台灣大,20,0,20,國票-北投,2024-07-08,7792
2603,長榮,20,1,19,國票-北投,2024-07-08,7792
6224,聚鼎,19,0,19,國票-北投,2024-07-08,7792
00637L,元大滬深300正2,21,6,15,國票-北投,2024-07-08,7792
5227,立凱-KY,15,0,15,國票-北投,2024-07-08,7792
00919,群益台灣精選高息,18,5,13,國票-北投,2024-07-08,7792
1536,和大,21,8,13,國票-北投,2024-07-08,7792
2618,長榮航,16,3,13,國票-北投,2024-07-08,7792
1785,光洋科,23,11,12,國票-北投,2024-07-08,7792
2002,中鋼,12,0,12,國票-北投,2024-07-08,7792
2067,嘉鋼,12,0,12,國票-北投,2024-07-08,7792
8429,金麗-KY,12,0,12,國票-北投,2024-07-08,7792
1815,富喬,12,1,11,國票-北投,2024-07-08,7792
2363,矽統,52,41,11,國票-北投,2024-07-08,7792
6269,台郡,11,0,11,國票-北投,2024-07-08,7792
0050,元大台灣50,11,1,10,國票-北投,2024-07-08,7792
2338,光罩,10,0,10,國票-北投,2024-07-08,7792
2406,國碩,19,9,10,國票-北投,2024-07-08,7792
3703,欣陸,10,0,10,國票-北投,2024-07-08,7792
6168,宏齊,10,0,10,國票-北投,2024-07-08,7792
2368,金像電,11,2,9,國票-北投,2024-07-08,7792
2489,瑞軒,10,1,9,國票-北投,2024-07-08,7792
2887,台新金,9,0,9,國票-北投,2024-07-08,7792
3047,訊舟,11,2,9,國票-北投,2024-07-08,7792
8028,昇陽半導體,15,6,9,國票-北投,2024-07-08,7792
2486,一詮,12,4,8,國票-北投,2024-07-08,7792
3041,揚智,10,2,8,國票-北投,2024-07-08,7792
3450,聯鈞,53,45,8,國票-北投,2024-07-08,7792
2409,友達,8,1,7,國票-北投,2024-07-08,7792
5443,均豪,19,12,7,國票-北投,2024-07-08,7792
1609,大亞,7,0,7,國票-北投,2024-07-08,7792
1727,中華化,7,0,7,國票-北投,2024-07-08,7792
6207,雷科,8,1,7,國票-北投,2024-07-08,7792
00918,大華優利高填息30,6,0,6,國票-北投,2024-07-08,7792
2421,建準,6,0,6,國票-北投,2024-07-08,7792
3289,宜特,6,0,6,國票-北投,2024-07-08,7792
3483,力致,6,0,6,國票-北投,2024-07-08,7792
3535,晶彩科,9,3,6,國票-北投,2024-07-08,7792
4720,德淵,6,0,6,國票-北投,2024-07-08,7792
3013,晟銘電,110,1,109,國票-北投,2024-07-09,7792
9105,泰金寶-DR,165,60,105,國票-北投,2024-07-09,7792
2312,金寶,964,869,95,國票-北投,2024-07-09,7792
2618,長榮航,86,4,82,國票-北投,2024-07-09,7792
4909,新復興,70,5,65,國票-北投,2024-07-09,7792
2614,東森,40,0,40,國票-北投,2024-07-09,7792
6153,嘉聯益,40,0,40,國票-北投,2024-07-09,7792
2353,宏��,37,3,34,國票-北投,2024-07-09,7792
6125,廣運,33,2,31,國票-北投,2024-07-09,7792
2888,新光金,112,82,30,國票-北投,2024-07-09,7792
2406,國碩,31,2,29,國票-北投,2024-07-09,7792
3481,群創,64,36,28,國票-北投,2024-07-09,7792
4960,誠美材,28,0,28,國票-北投,2024-07-09,7792
3050,鈺德,27,3,24,國票-北投,2024-07-09,7792
1326,台化,22,0,22,國票-北投,2024-07-09,7792
2883,凱基金,25,4,21,國票-北投,2024-07-09,7792
2834,臺企銀,22,2,20,國票-北投,2024-07-09,7792
2610,華航,20,0,20,國票-北投,2024-07-09,7792
00936,台新永續高息中小,19,0,19,國票-北投,2024-07-09,7792
2317,鴻海,31,12,19,國票-北投,2024-07-09,7792
2701,萬企,15,0,15,國票-北投,2024-07-09,7792
4906,正文,23,9,14,國票-北投,2024-07-09,7792
2367,燿華,32,19,13,國票-北投,2024-07-09,7792
8111,立��,15,2,13,國票-北投,2024-07-09,7792
1536,和大,16,4,12,國票-北投,2024-07-09,7792
2405,輔信,16,4,12,國票-北投,2024-07-09,7792
1605,華新,12,1,11,國票-北投,2024-07-09,7792
4931,新盛力,11,0,11,國票-北投,2024-07-09,7792
6147,頎邦,11,0,11,國票-北投,2024-07-09,7792
6213,聯茂,14,3,11,國票-北投,2024-07-09,7792
2356,英業達,13,3,10,國票-北投,2024-07-09,7792
2481,強茂,10,0,10,國票-北投,2024-07-09,7792
3504,揚明光,10,0,10,國票-北投,2024-07-09,7792
4109,加捷生醫,11,1,10,國票-北投,2024-07-09,7792
4306,炎洲,10,0,10,國票-北投,2024-07-09,7792
6191,精成科,10,0,10,國票-北投,2024-07-09,7792
6224,聚鼎,10,0,10,國票-北投,2024-07-09,7792
8404,百和興業-KY,36,26,10,國票-北投,2024-07-09,7792
2886,兆豐金,9,0,9,國票-北投,2024-07-09,7792
2067,嘉鋼,9,0,9,國票-北投,2024-07-09,7792
2201,裕隆,9,0,9,國票-北投,2024-07-09,7792
2417,圓剛,10,1,9,國票-北投,2024-07-09,7792
3005,神基,10,1,9,國票-北投,2024-07-09,7792
5340,建榮,10,1,9,國票-北投,2024-07-09,7792
2330,台積電,9,1,8,國票-北投,2024-07-09,7792
2374,佳能,8,0,8,國票-北投,2024-07-09,7792
3062,建漢,100,93,7,國票-北投,2024-07-09,7792
2382,廣達,24,17,7,國票-北投,2024-07-09,7792
00937B,群益ESG投等債20,14,7,7,國票-北投,2024-07-09,7792
3045,台灣大,7,0,7,國票-北投,2024-07-09,7792
1609,大亞,83,11,72,國票-北投,2024-07-10,7792
2887,台新金,58,2,56,國票-北投,2024-07-10,7792
5309,系統電,37,4,33,國票-北投,2024-07-10,7792
2417,圓剛,32,0,32,國票-北投,2024-07-10,7792
2365,昆盈,36,4,32,國票-北投,2024-07-10,7792
3712,永崴投控,30,1,29,國票-北投,2024-07-10,7792
2328,廣宇,45,17,28,國票-北投,2024-07-10,7792
00878,國泰永續高股息,34,6,28,國票-北投,2024-07-10,7792
1519,華城,25,0,25,國票-北投,2024-07-10,7792
3048,益登,43,18,25,國票-北投,2024-07-10,7792
6224,聚鼎,24,0,24,國票-北投,2024-07-10,7792
3594,磐儀,24,1,23,國票-北投,2024-07-10,7792
2317,鴻海,24,3,21,國票-北投,2024-07-10,7792
00701,國泰股利精選30,20,0,20,國票-北投,2024-07-10,7792
00939,統一台灣高息動能,20,0,20,國票-北投,2024-07-10,7792
4960,誠美材,20,0,20,國票-北投,2024-07-10,7792
1608,華榮,19,0,19,國票-北投,2024-07-10,7792
2067,嘉鋼,19,0,19,國票-北投,2024-07-10,7792
2301,光寶科,17,0,17,國票-北投,2024-07-10,7792
2367,燿華,19,2,17,國票-北投,2024-07-10,7792
5263,智崴,12,0,12,國票-北投,2024-07-10,7792
2002,中鋼,11,0,11,國票-北投,2024-07-10,7792
2489,瑞軒,27,16,11,國票-北投,2024-07-10,7792
2485,兆赫,11,0,11,國票-北投,2024-07-10,7792
00933B,國泰10Y+金融債,10,0,10,國票-北投,2024-07-10,7792
2344,華邦電,10,0,10,國票-北投,2024-07-10,7792
2101,南港,10,0,10,國票-北投,2024-07-10,7792
00949,復華日本龍頭,10,0,10,國票-北投,2024-07-10,7792
2032,新鋼,10,0,10,國票-北投,2024-07-10,7792
2105,正新,10,0,10,國票-北投,2024-07-10,7792
3019,亞光,10,0,10,國票-北投,2024-07-10,7792
4927,泰鼎-KY,10,0,10,國票-北投,2024-07-10,7792
1717,長興,9,0,9,國票-北投,2024-07-10,7792
1815,富喬,10,1,9,國票-北投,2024-07-10,7792
4571,鈞興-KY,11,2,9,國票-北投,2024-07-10,7792
8215,明基材,11,3,8,國票-北投,2024-07-10,7792
1616,億泰,8,1,7,國票-北投,2024-07-10,7792
2883,凱基金,7,0,7,國票-北投,2024-07-10,7792
3673,TPK-KY,14,7,7,國票-北投,2024-07-10,7792
8044,網家,7,1,6,國票-北投,2024-07-10,7792
2603,長榮,6,0,6,國票-北投,2024-07-10,7792
2610,華航,10,4,6,國票-北投,2024-07-10,7792
00936,台新永續高息中小,6,0,6,國票-北投,2024-07-10,7792
1409,新纖,6,0,6,國票-北投,2024-07-10,7792
2402,毅嘉,6,0,6,國票-北投,2024-07-10,7792
3037,欣興,6,0,6,國票-北投,2024-07-10,7792
6164,華興,5,0,5,國票-北投,2024-07-10,7792
5347,世界,18,13,5,國票-北投,2024-07-10,7792
00772B,中信高評級公司債,5,0,5,國票-北投,2024-07-10,7792
2006,東和鋼鐵,5,0,5,國票-北投,2024-07-10,7792
6170,統振,400,0,400,國票-北投,2024-07-11,7792
2618,長榮航,165,6,159,國票-北投,2024-07-11,7792
3706,神達,109,37,72,國票-北投,2024-07-11,7792
00919,群益台灣精選高息,58,0,58,國票-北投,2024-07-11,7792
2020,美亞,50,0,50,國票-北投,2024-07-11,7792
2439,美律,31,0,31,國票-北投,2024-07-11,7792
5498,凱崴,25,0,25,國票-北投,2024-07-11,7792
1785,光洋科,37,13,24,國票-北投,2024-07-11,7792
4958,臻鼎-KY,24,1,23,國票-北投,2024-07-11,7792
6679,鈺太,23,0,23,國票-北投,2024-07-11,7792
00937B,群益ESG投等債20,23,1,22,國票-北投,2024-07-11,7792
3048,益登,20,0,20,國票-北投,2024-07-11,7792
3689,湧德,20,0,20,國票-北投,2024-07-11,7792
6265,方土昶,20,0,20,國票-北投,2024-07-11,7792
1608,華榮,20,1,19,國票-北投,2024-07-11,7792
2867,三商壽,30,12,18,國票-北投,2024-07-11,7792
5263,智崴,17,0,17,國票-北投,2024-07-11,7792
6191,精成科,23,6,17,國票-北投,2024-07-11,7792
2464,盟立,17,1,16,國票-北投,2024-07-11,7792
00933B,國泰10Y+金融債,15,0,15,國票-北投,2024-07-11,7792
00665L,富邦�琤肭磪囓�2,15,0,15,國票-北投,2024-07-11,7792
00632R,元大台灣50反1,31,16,15,國票-北投,2024-07-11,7792
6224,聚鼎,15,0,15,國票-北投,2024-07-11,7792
2303,聯電,17,3,14,國票-北投,2024-07-11,7792
1795,美時,14,0,14,國票-北投,2024-07-11,7792
00936,台新永續高息中小,13,0,13,國票-北投,2024-07-11,7792
3231,緯創,13,1,12,國票-北投,2024-07-11,7792
1536,和大,14,2,12,國票-北投,2024-07-11,7792
2324,仁寶,12,0,12,國票-北投,2024-07-11,7792
0056,元大高股息,11,0,11,國票-北投,2024-07-11,7792
5009,榮剛,11,0,11,國票-北投,2024-07-11,7792
6491,晶碩,11,0,11,國票-北投,2024-07-11,7792
3707,漢磊,18,7,11,國票-北投,2024-07-11,7792
3227,原相,10,0,10,國票-北投,2024-07-11,7792
4906,正文,10,0,10,國票-北投,2024-07-11,7792
6026,福邦證,10,0,10,國票-北投,2024-07-11,7792
2301,光寶科,11,1,10,國票-北投,2024-07-11,7792
6126,信音,18,8,10,國票-北投,2024-07-11,7792
4571,鈞興-KY,9,0,9,國票-北投,2024-07-11,7792
5452,佶優,17,8,9,國票-北投,2024-07-11,7792
6209,今國光,8,0,8,國票-北投,2024-07-11,7792
2897,王道銀行,7,0,7,國票-北投,2024-07-11,7792
6244,茂迪,12,5,7,國票-北投,2024-07-11,7792
6443,元晶,8,1,7,國票-北投,2024-07-11,7792
6672,騰輝電子-KY,7,0,7,國票-北投,2024-07-11,7792
6706,惠特,7,0,7,國票-北投,2024-07-11,7792
8028,昇陽半導體,16,9,7,國票-北投,2024-07-11,7792
1569,濱川,6,0,6,國票-北投,2024-07-11,7792
3003,健和興,6,0,6,國票-北投,2024-07-11,7792
3050,鈺德,13,7,6,國票-北投,2024-07-11,7792
00929,復華台灣科技優息,315,12,303,國票-北投,2024-07-12,7792
6170,統振,180,0,180,國票-北投,2024-07-12,7792
3013,晟銘電,118,12,106,國票-北投,2024-07-12,7792
3037,欣興,109,13,96,國票-北投,2024-07-12,7792
2360,致茂,44,0,44,國票-北投,2024-07-12,7792
6875,國邑*,37,0,37,國票-北投,2024-07-12,7792
2362,藍天,41,5,36,國票-北投,2024-07-12,7792
6224,聚鼎,34,1,33,國票-北投,2024-07-12,7792
2303,聯電,34,2,32,國票-北投,2024-07-12,7792
2317,鴻海,36,5,31,國票-北投,2024-07-12,7792
00919,群益台灣精選高息,31,0,31,國票-北投,2024-07-12,7792
00679B,元大美債20年,28,0,28,國票-北投,2024-07-12,7792
3673,TPK-KY,28,2,26,國票-北投,2024-07-12,7792
1529,樂事綠能,27,2,25,國票-北投,2024-07-12,7792
00934,中信成長高股息,23,0,23,國票-北投,2024-07-12,7792
00936,台新永續高息中小,21,0,21,國票-北投,2024-07-12,7792
1609,大亞,22,2,20,國票-北投,2024-07-12,7792
2439,美律,20,0,20,國票-北投,2024-07-12,7792
2615,萬海,25,5,20,國票-北投,2024-07-12,7792
2313,華通,16,0,16,國票-北投,2024-07-12,7792
3594,磐儀,16,0,16,國票-北投,2024-07-12,7792
8096,擎亞,16,0,16,國票-北投,2024-07-12,7792
2601,益航,15,0,15,國票-北投,2024-07-12,7792
2330,台積電,14,0,14,國票-北投,2024-07-12,7792
00946,群益科技高息成長,13,0,13,國票-北投,2024-07-12,7792
2367,燿華,14,1,13,國票-北投,2024-07-12,7792
3715,定穎投控,15,2,13,國票-北投,2024-07-12,7792
1312,國喬,13,0,13,國票-北投,2024-07-12,7792
00795B,中信美國公債20年,12,0,12,國票-北投,2024-07-12,7792
00941,中信上游半導體,12,0,12,國票-北投,2024-07-12,7792
00939,統一台灣高息動能,11,0,11,國票-北投,2024-07-12,7792
1305,華夏,11,0,11,國票-北投,2024-07-12,7792
4714,永捷,11,0,11,國票-北投,2024-07-12,7792
2890,永豐金,11,0,11,國票-北投,2024-07-12,7792
00931B,統一美債20年,10,0,10,國票-北投,2024-07-12,7792
00673R,期元大S＆P原油反1,10,0,10,國票-北投,2024-07-12,7792
00857B,永豐20年美公債,10,0,10,國票-北投,2024-07-12,7792
1304,台聚,10,0,10,國票-北投,2024-07-12,7792
1337,再生-KY,10,0,10,國票-北投,2024-07-12,7792
1611,中電,11,1,10,國票-北投,2024-07-12,7792
2067,嘉鋼,10,0,10,國票-北投,2024-07-12,7792
6163,華電網,10,0,10,國票-北投,2024-07-12,7792
911868,同方友友-DR,10,0,10,國票-北投,2024-07-12,7792
00905,FT臺灣Smart,9,0,9,國票-北投,2024-07-12,7792
00881,國泰台灣5G+,9,0,9,國票-北投,2024-07-12,7792
1310,台苯,9,0,9,國票-北投,2024-07-12,7792
1514,亞力,27,18,9,國票-北投,2024-07-12,7792
5202,力新,9,0,9,國票-北投,2024-07-12,7792
2882,國泰金,12,4,8,國票-北投,2024-07-12,7792
2641,正德,8,0,8,國票-北投,2024-07-12,7792
00632R,元大台灣50反1,185,20,165,國票-北投,2024-07-15,7792
2888,新光金,87,15,72,國票-北投,2024-07-15,7792
00929,復華台灣科技優息,51,0,51,國票-北投,2024-07-15,7792
2498,宏達電,50,0,50,國票-北投,2024-07-15,7792
2312,金寶,55,7,48,國票-北投,2024-07-15,7792
2884,玉山金,41,0,41,國票-北投,2024-07-15,7792
2618,長榮航,72,38,34,國票-北投,2024-07-15,7792
9105,泰金寶-DR,35,2,33,國票-北投,2024-07-15,7792
911868,同方友友-DR,30,0,30,國票-北投,2024-07-15,7792
1597,直得,29,3,26,國票-北投,2024-07-15,7792
2891,中信金,27,2,25,國票-北投,2024-07-15,7792
3094,聯傑,24,0,24,國票-北投,2024-07-15,7792
6224,聚鼎,23,0,23,國票-北投,2024-07-15,7792
2356,英業達,28,6,22,國票-北投,2024-07-15,7792
2481,強茂,23,3,20,國票-北投,2024-07-15,7792
2601,益航,20,0,20,國票-北投,2024-07-15,7792
4927,泰鼎-KY,21,1,20,國票-北投,2024-07-15,7792
0056,元大高股息,18,0,18,國票-北投,2024-07-15,7792
1409,新纖,18,0,18,國票-北投,2024-07-15,7792
00937B,群益ESG投等債20,17,2,15,國票-北投,2024-07-15,7792
3163,波若威,69,54,15,國票-北投,2024-07-15,7792
00687B,國泰20年美債,15,0,15,國票-北投,2024-07-15,7792
6116,彩晶,15,0,15,國票-北投,2024-07-15,7792
2363,矽統,14,3,11,國票-北投,2024-07-15,7792
2489,瑞軒,34,23,11,國票-北投,2024-07-15,7792
2365,昆盈,15,4,11,國票-北投,2024-07-15,7792
1504,東元,10,0,10,國票-北投,2024-07-15,7792
3481,群創,16,6,10,國票-北投,2024-07-15,7792
2608,嘉里大榮,10,0,10,國票-北投,2024-07-15,7792
2485,兆赫,10,0,10,國票-北投,2024-07-15,7792
5469,瀚宇博,10,0,10,國票-北投,2024-07-15,7792
5905,南仁湖,10,0,10,國票-北投,2024-07-15,7792
8104,錸寶,10,0,10,國票-北投,2024-07-15,7792
2332,友訊,10,1,9,國票-北投,2024-07-15,7792
00919,群益台灣精選高息,9,0,9,國票-北投,2024-07-15,7792
1568,倉佑,9,1,8,國票-北投,2024-07-15,7792
3189,景碩,11,3,8,國票-北投,2024-07-15,7792
5210,寶碩,8,0,8,國票-北投,2024-07-15,7792
4960,誠美材,10,3,7,國票-北投,2024-07-15,7792
6129,普誠,9,2,7,國票-北投,2024-07-15,7792
9946,三發地產,7,0,7,國票-北投,2024-07-15,7792
00878,國泰永續高股息,7,0,7,國票-北投,2024-07-15,7792
2881,富邦金,6,0,6,國票-北投,2024-07-15,7792
2882,國泰金,8,2,6,國票-北投,2024-07-15,7792
1608,華榮,11,5,6,國票-北投,2024-07-15,7792
2337,旺宏,6,0,6,國票-北投,2024-07-15,7792
3294,英濟,6,0,6,國票-北投,2024-07-15,7792
8064,東捷,5,0,5,國票-北投,2024-07-15,7792
00935,野村臺灣新科技50,5,0,5,國票-北投,2024-07-15,7792
00946,群益科技高息成長,5,0,5,國票-北投,2024-07-15,7792
00937B,群益ESG投等債20,286,0,286,國票-北投,2024-07-16,7792
3013,晟銘電,102,4,98,國票-北投,2024-07-16,7792
3189,景碩,62,0,62,國票-北投,2024-07-16,7792
6216,居易,40,0,40,國票-北投,2024-07-16,7792
00934,中信成長高股息,36,0,36,國票-北投,2024-07-16,7792
9945,潤泰新,35,0,35,國票-北投,2024-07-16,7792
00929,復華台灣科技優息,36,2,34,國票-北投,2024-07-16,7792
3037,欣興,54,20,34,國票-北投,2024-07-16,7792
8936,國統,31,7,24,國票-北投,2024-07-16,7792
2312,金寶,31,9,22,國票-北投,2024-07-16,7792
3260,威剛,50,30,20,國票-北投,2024-07-16,7792
2353,宏��,20,0,20,國票-北投,2024-07-16,7792
2481,強茂,35,15,20,國票-北投,2024-07-16,7792
6224,聚鼎,21,1,20,國票-北投,2024-07-16,7792
911868,同方友友-DR,20,0,20,國票-北投,2024-07-16,7792
3715,定穎投控,21,2,19,國票-北投,2024-07-16,7792
6695,芯鼎,16,1,15,國票-北投,2024-07-16,7792
8011,台通,21,6,15,國票-北投,2024-07-16,7792
3594,磐儀,14,0,14,國票-北投,2024-07-16,7792
4542,科嶠,14,0,14,國票-北投,2024-07-16,7792
2610,華航,12,1,11,國票-北投,2024-07-16,7792
1609,大亞,21,10,11,國票-北投,2024-07-16,7792
3019,亞光,13,2,11,國票-北投,2024-07-16,7792
2303,聯電,11,1,10,國票-北投,2024-07-16,7792
2603,長榮,10,0,10,國票-北投,2024-07-16,7792
00725B,國泰投資級公司債,10,0,10,國票-北投,2024-07-16,7792
3090,日電貿,10,0,10,國票-北投,2024-07-16,7792
6290,良維,10,0,10,國票-北投,2024-07-16,7792
9105,泰金寶-DR,10,0,10,國票-北投,2024-07-16,7792
8054,安國,21,12,9,國票-北投,2024-07-16,7792
9902,台火,8,0,8,國票-北投,2024-07-16,7792
9955,佳龍,8,0,8,國票-北投,2024-07-16,7792
9958,世紀鋼,9,1,8,國票-北投,2024-07-16,7792
1513,中興電,13,5,8,國票-北投,2024-07-16,7792
2330,台積電,10,2,8,國票-北投,2024-07-16,7792
2002,中鋼,8,1,7,國票-北投,2024-07-16,7792
2605,新興,7,0,7,國票-北投,2024-07-16,7792
2889,國票金,7,0,7,國票-北投,2024-07-16,7792
6207,雷科,10,3,7,國票-北投,2024-07-16,7792
2454,聯發科,7,0,7,國票-北投,2024-07-16,7792
00712,復華富時不動產,6,0,6,國票-北投,2024-07-16,7792
2340,台亞,6,0,6,國票-北投,2024-07-16,7792
6462,神盾,7,1,6,國票-北投,2024-07-16,7792
00933B,國泰10Y+金融債,5,0,5,國票-北投,2024-07-16,7792
00918,大華優利高填息30,5,0,5,國票-北投,2024-07-16,7792
5347,世界,5,0,5,國票-北投,2024-07-16,7792
6257,矽格,5,0,5,國票-北投,2024-07-16,7792
00940,元大台灣價值高息,5,0,5,國票-北投,2024-07-16,7792
00857B,永豐20年美公債,5,0,5,國票-北投,2024-07-16,7792
1219,福壽,5,0,5,國票-北投,2024-07-16,7792
2891,中信金,102,0,102,國票-北投,2024-07-17,7792
00934,中信成長高股息,76,0,76,國票-北投,2024-07-17,7792
2867,三商壽,70,0,70,國票-北投,2024-07-17,7792
00937B,群益ESG投等債20,30,0,30,國票-北投,2024-07-17,7792
6224,聚鼎,29,0,29,國票-北投,2024-07-17,7792
1314,中石化,30,2,28,國票-北投,2024-07-17,7792
1605,華新,33,7,26,國票-北投,2024-07-17,7792
5202,力新,25,0,25,國票-北投,2024-07-17,7792
00929,復華台灣科技優息,39,15,24,國票-北投,2024-07-17,7792
00919,群益台灣精選高息,23,1,22,國票-北投,2024-07-17,7792
6770,力積電,23,1,22,國票-北投,2024-07-17,7792
2618,長榮航,25,4,21,國票-北投,2024-07-17,7792
2498,宏達電,19,0,19,國票-北投,2024-07-17,7792
3580,友威科,17,0,17,國票-北投,2024-07-17,7792
2330,台積電,15,0,15,國票-北投,2024-07-17,7792
2609,陽明,18,4,14,國票-北投,2024-07-17,7792
1536,和大,27,13,14,國票-北投,2024-07-17,7792
3231,緯創,13,0,13,國票-北投,2024-07-17,7792
3311,閎暉,13,0,13,國票-北投,2024-07-17,7792
5426,振發,12,0,12,國票-北投,2024-07-17,7792
3615,安可,11,0,11,國票-北投,2024-07-17,7792
6116,彩晶,12,1,11,國票-北投,2024-07-17,7792
00706L,期元大S＆P日圓正2,10,0,10,國票-北投,2024-07-17,7792
00665L,富邦�琤肭磪囓�2,10,0,10,國票-北投,2024-07-17,7792
1308,亞聚,10,0,10,國票-北投,2024-07-17,7792
1504,東元,10,0,10,國票-北投,2024-07-17,7792
2324,仁寶,11,1,10,國票-北投,2024-07-17,7792
2537,聯上發,11,1,10,國票-北投,2024-07-17,7792
3715,定穎投控,11,1,10,國票-北投,2024-07-17,7792
6015,宏遠證,10,0,10,國票-北投,2024-07-17,7792
0056,元大高股息,9,0,9,國票-北投,2024-07-17,7792
1409,新纖,22,13,9,國票-北投,2024-07-17,7792
1612,宏泰,10,1,9,國票-北投,2024-07-17,7792
2367,燿華,9,0,9,國票-北投,2024-07-17,7792
2376,技嘉,9,1,8,國票-北投,2024-07-17,7792
00940,元大台灣價值高息,8,0,8,國票-北投,2024-07-17,7792
2610,華航,10,2,8,國票-北投,2024-07-17,7792
2884,玉山金,8,0,8,國票-北投,2024-07-17,7792
3048,益登,11,3,8,國票-北投,2024-07-17,7792
2615,萬海,7,0,7,國票-北投,2024-07-17,7792
2739,寒舍,7,0,7,國票-北投,2024-07-17,7792
5371,中光電,7,0,7,國票-北投,2024-07-17,7792
9958,世紀鋼,7,0,7,國票-北投,2024-07-17,7792
2382,廣達,9,3,6,國票-北投,2024-07-17,7792
00923,群益台ESG低碳50,6,0,6,國票-北投,2024-07-17,7792
2481,強茂,10,4,6,國票-北投,2024-07-17,7792
3545,敦泰,11,5,6,國票-北投,2024-07-17,7792
00946,群益科技高息成長,5,0,5,國票-北投,2024-07-17,7792
00933B,國泰10Y+金融債,10,5,5,國票-北投,2024-07-17,7792
00918,大華優利高填息30,6,1,5,國票-北投,2024-07-17,7792
8011,台通,210,10,200,國票-北投,2024-07-18,7792
3481,群創,114,22,92,國票-北投,2024-07-18,7792
2360,致茂,68,0,68,國票-北投,2024-07-18,7792
1608,華榮,60,0,60,國票-北投,2024-07-18,7792
00929,復華台灣科技優息,51,2,49,國票-北投,2024-07-18,7792
00919,群益台灣精選高息,55,15,40,國票-北投,2024-07-18,7792
2888,新光金,45,5,40,國票-北投,2024-07-18,7792
6770,力積電,35,1,34,國票-北投,2024-07-18,7792
00940,元大台灣價值高息,38,5,33,國票-北投,2024-07-18,7792
00937B,群益ESG投等債20,79,50,29,國票-北投,2024-07-18,7792
2317,鴻海,51,25,26,國票-北投,2024-07-18,7792
1402,遠東新,25,0,25,國票-北投,2024-07-18,7792
2356,英業達,28,3,25,國票-北投,2024-07-18,7792
2515,中工,23,1,22,國票-北投,2024-07-18,7792
2353,宏��,21,0,21,國票-北投,2024-07-18,7792
2610,華航,20,0,20,國票-北投,2024-07-18,7792
00673R,期元大S＆P原油反1,20,0,20,國票-北投,2024-07-18,7792
6290,良維,20,0,20,國票-北投,2024-07-18,7792
2881,富邦金,19,0,19,國票-北投,2024-07-18,7792
0056,元大高股息,22,3,19,國票-北投,2024-07-18,7792
1536,和大,17,0,17,國票-北投,2024-07-18,7792
6191,精成科,22,5,17,國票-北投,2024-07-18,7792
3013,晟銘電,17,1,16,國票-北投,2024-07-18,7792
2303,聯電,16,0,16,國票-北投,2024-07-18,7792
6869,雲豹能源,15,0,15,國票-北投,2024-07-18,7792
1301,台塑,15,0,15,國票-北投,2024-07-18,7792
00918,大華優利高填息30,14,0,14,國票-北投,2024-07-18,7792
1304,台聚,18,4,14,國票-北投,2024-07-18,7792
2002,中鋼,16,2,14,國票-北投,2024-07-18,7792
2331,精英,15,1,14,國票-北投,2024-07-18,7792
2405,輔信,13,0,13,國票-北投,2024-07-18,7792
8064,東捷,17,4,13,國票-北投,2024-07-18,7792
1709,和益,22,10,12,國票-北投,2024-07-18,7792
6224,聚鼎,12,0,12,國票-北投,2024-07-18,7792
2630,亞航,16,5,11,國票-北投,2024-07-18,7792
8054,安國,13,2,11,國票-北投,2024-07-18,7792
00706L,期元大S＆P日圓正2,10,0,10,國票-北投,2024-07-18,7792
1303,南亞,10,0,10,國票-北投,2024-07-18,7792
1721,三晃,10,0,10,國票-北投,2024-07-18,7792
3413,京鼎,10,0,10,國票-北投,2024-07-18,7792
4168,醣聯,10,0,10,國票-北投,2024-07-18,7792
5498,凱崴,10,0,10,國票-北投,2024-07-18,7792
5512,力麒,10,0,10,國票-北投,2024-07-18,7792
5905,南仁湖,10,0,10,國票-北投,2024-07-18,7792
6207,雷科,10,0,10,國票-北投,2024-07-18,7792
00946,群益科技高息成長,9,0,9,國票-北投,2024-07-18,7792
4909,新復興,11,2,9,國票-北投,2024-07-18,7792
2313,華通,13,5,8,國票-北投,2024-07-18,7792
2618,長榮航,20,12,8,國票-北投,2024-07-18,7792
2330,台積電,19,12,7,國票-北投,2024-07-18,7792
00937B,群益ESG投等債20,225,0,225,國票-北投,2024-07-19,7792
2888,新光金,182,10,172,國票-北投,2024-07-19,7792
00720B,元大投資級公司債,100,0,100,國票-北投,2024-07-19,7792
00679B,元大美債20年,100,1,99,國票-北投,2024-07-19,7792
00940,元大台灣價值高息,75,5,70,國票-北投,2024-07-19,7792
00919,群益台灣精選高息,57,1,56,國票-北投,2024-07-19,7792
00945B,凱基美國非投等債,50,0,50,國票-北投,2024-07-19,7792
2330,台積電,43,2,41,國票-北投,2024-07-19,7792
00929,復華台灣科技優息,35,1,34,國票-北投,2024-07-19,7792
2891,中信金,30,2,28,國票-北投,2024-07-19,7792
00918,大華優利高填息30,27,0,27,國票-北投,2024-07-19,7792
0056,元大高股息,27,0,27,國票-北投,2024-07-19,7792
6224,聚鼎,26,0,26,國票-北投,2024-07-19,7792
8046,南電,27,2,25,國票-北投,2024-07-19,7792
2353,宏��,22,0,22,國票-北投,2024-07-19,7792
2356,英業達,25,4,21,國票-北投,2024-07-19,7792
00751B,元大AAA至A公司債,21,0,21,國票-北投,2024-07-19,7792
5364,力麗店,21,0,21,國票-北投,2024-07-19,7792
3037,欣興,26,6,20,國票-北投,2024-07-19,7792
5263,智崴,19,0,19,國票-北投,2024-07-19,7792
4126,太醫,18,0,18,國票-北投,2024-07-19,7792
1609,大亞,87,70,17,國票-北投,2024-07-19,7792
00939,統一台灣高息動能,26,10,16,國票-北投,2024-07-19,7792
1608,華榮,20,5,15,國票-北投,2024-07-19,7792
8255,朋程,15,0,15,國票-北投,2024-07-19,7792
2515,中工,24,10,14,國票-北投,2024-07-19,7792
00922,國泰台灣領袖50,12,0,12,國票-北投,2024-07-19,7792
3518,柏騰,12,0,12,國票-北投,2024-07-19,7792
4931,新盛力,12,0,12,國票-北投,2024-07-19,7792
8054,安國,13,1,12,國票-北投,2024-07-19,7792
9945,潤泰新,17,5,12,國票-北投,2024-07-19,7792
2489,瑞軒,12,0,12,國票-北投,2024-07-19,7792
00881,國泰台灣5G+,11,0,11,國票-北投,2024-07-19,7792
2610,華航,11,0,11,國票-北投,2024-07-19,7792
00948B,中信優息投資級債,11,0,11,國票-北投,2024-07-19,7792
5880,合庫金,11,1,10,國票-北投,2024-07-19,7792
2344,華邦電,12,2,10,國票-北投,2024-07-19,7792
5340,建榮,10,0,10,國票-北投,2024-07-19,7792
2006,東和鋼鐵,10,0,10,國票-北投,2024-07-19,7792
00924,復華S＆P500成長,10,0,10,國票-北投,2024-07-19,7792
1570,力肯,10,0,10,國票-北投,2024-07-19,7792
2331,精英,10,0,10,國票-北投,2024-07-19,7792
2420,新巨,10,0,10,國票-北投,2024-07-19,7792
2481,強茂,10,0,10,國票-北投,2024-07-19,7792
3406,玉晶光,10,0,10,國票-北投,2024-07-19,7792
3537,堡達,10,0,10,國票-北投,2024-07-19,7792
6244,茂迪,13,3,10,國票-北投,2024-07-19,7792
00687B,國泰20年美債,10,1,9,國票-北投,2024-07-19,7792
3545,敦泰,10,1,9,國票-北投,2024-07-19,7792
2603,長榮,8,0,8,國票-北投,2024-07-19,7792
2888,新光金,134,43,91,國票-北投,2024-07-22,7792
00929,復華台灣科技優息,132,45,87,國票-北投,2024-07-22,7792
00919,群益台灣精選高息,81,10,71,國票-北投,2024-07-22,7792
00940,元大台灣價值高息,62,0,62,國票-北投,2024-07-22,7792
3481,群創,53,3,50,國票-北投,2024-07-22,7792
2356,英業達,46,3,43,國票-北投,2024-07-22,7792
8936,國統,38,0,38,國票-北投,2024-07-22,7792
2006,東和鋼鐵,30,1,29,國票-北投,2024-07-22,7792
3019,亞光,30,4,26,國票-北投,2024-07-22,7792
00637L,元大滬深300正2,38,14,24,國票-北投,2024-07-22,7792
00939,統一台灣高息動能,22,0,22,國票-北投,2024-07-22,7792
6617,共信-KY,22,0,22,國票-北投,2024-07-22,7792
2303,聯電,23,2,21,國票-北投,2024-07-22,7792
2362,藍天,21,0,21,國票-北投,2024-07-22,7792
5364,力麗店,19,0,19,國票-北投,2024-07-22,7792
5512,力麒,68,51,17,國票-北投,2024-07-22,7792
6443,元晶,19,2,17,國票-北投,2024-07-22,7792
3105,穩懋,16,1,15,國票-北投,2024-07-22,7792
6224,聚鼎,16,2,14,國票-北投,2024-07-22,7792
2382,廣達,12,0,12,國票-北投,2024-07-22,7792
1316,上曜,12,0,12,國票-北投,2024-07-22,7792
1570,力肯,12,0,12,國票-北投,2024-07-22,7792
1709,和益,12,0,12,國票-北投,2024-07-22,7792
9105,泰金寶-DR,12,0,12,國票-北投,2024-07-22,7792
9958,世紀鋼,12,0,12,國票-北投,2024-07-22,7792
0056,元大高股息,12,1,11,國票-北投,2024-07-22,7792
2317,鴻海,27,16,11,國票-北投,2024-07-22,7792
00946,群益科技高息成長,11,0,11,國票-北投,2024-07-22,7792
1319,東陽,11,0,11,國票-北投,2024-07-22,7792
8104,錸寶,14,3,11,國票-北投,2024-07-22,7792
5340,建榮,10,0,10,國票-北投,2024-07-22,7792
3706,神達,10,0,10,國票-北投,2024-07-22,7792
6116,彩晶,10,0,10,國票-北投,2024-07-22,7792
6187,萬潤,10,0,10,國票-北投,2024-07-22,7792
00918,大華優利高填息30,9,0,9,國票-北投,2024-07-22,7792
4566,時碩工業,10,1,9,國票-北投,2024-07-22,7792
8473,山林水,25,16,9,國票-北投,2024-07-22,7792
00878,國泰永續高股息,10,2,8,國票-北投,2024-07-22,7792
9945,潤泰新,12,4,8,國票-北投,2024-07-22,7792
2312,金寶,21,13,8,國票-北投,2024-07-22,7792
3518,柏騰,10,2,8,國票-北投,2024-07-22,7792
4967,十銓,8,0,8,國票-北投,2024-07-22,7792
6806,森崴能源,9,1,8,國票-北投,2024-07-22,7792
00915,凱基優選高股息30,8,1,7,國票-北投,2024-07-22,7792
1810,和成,7,0,7,國票-北投,2024-07-22,7792
3583,辛耘,10,3,7,國票-北投,2024-07-22,7792
00687B,國泰20年美債,6,0,6,國票-北投,2024-07-22,7792
00923,群益台ESG低碳50,6,0,6,國票-北投,2024-07-22,7792
2351,順德,6,0,6,國票-北投,2024-07-22,7792
2360,致茂,13,7,6,國票-北投,2024-07-22,7792
3037,欣興,269,6,263,國票-北投,2024-07-23,7792
00937B,群益ESG投等債20,215,0,215,國票-北投,2024-07-23,7792
00929,復華台灣科技優息,187,4,183,國票-北投,2024-07-23,7792
00712,復華富時不動產,116,0,116,國票-北投,2024-07-23,7792
8085,福華,44,0,44,國票-北投,2024-07-23,7792
2371,大同,30,5,25,國票-北投,2024-07-23,7792
00946,群益科技高息成長,20,0,20,國票-北投,2024-07-23,7792
00706L,期元大S＆P日圓正2,20,0,20,國票-北投,2024-07-23,7792
3686,達能,30,10,20,國票-北投,2024-07-23,7792
3481,群創,24,4,20,國票-北投,2024-07-23,7792
2312,金寶,17,4,13,國票-北投,2024-07-23,7792
00830,國泰費城半導體,12,0,12,國票-北投,2024-07-23,7792
2353,宏��,42,30,12,國票-北投,2024-07-23,7792
00679B,元大美債20年,12,0,12,國票-北投,2024-07-23,7792
2408,南亞科,11,0,11,國票-北投,2024-07-23,7792
9105,泰金寶-DR,21,10,11,國票-北投,2024-07-23,7792
00878,國泰永續高股息,11,0,11,國票-北投,2024-07-23,7792
00936,台新永續高息中小,10,0,10,國票-北投,2024-07-23,7792
1608,華榮,10,0,10,國票-北投,2024-07-23,7792
1809,中釉,10,0,10,國票-北投,2024-07-23,7792
2355,敬鵬,9,0,9,國票-北投,2024-07-23,7792
6177,達麗,9,0,9,國票-北投,2024-07-23,7792
8076,伍豐,10,1,9,國票-北投,2024-07-23,7792
00919,群益台灣精選高息,9,0,9,國票-北投,2024-07-23,7792
6770,力積電,9,0,9,國票-北投,2024-07-23,7792
00948B,中信優息投資級債,10,2,8,國票-北投,2024-07-23,7792
1314,中石化,8,0,8,國票-北投,2024-07-23,7792
2351,順德,8,0,8,國票-北投,2024-07-23,7792
4123,晟德,8,1,7,國票-北投,2024-07-23,7792
6224,聚鼎,7,1,6,國票-北投,2024-07-23,7792
6244,茂迪,6,0,6,國票-北投,2024-07-23,7792
0056,元大高股息,5,0,5,國票-北投,2024-07-23,7792
00881,國泰台灣5G+,6,1,5,國票-北投,2024-07-23,7792
00918,大華優利高填息30,5,0,5,國票-北投,2024-07-23,7792
2409,友達,5,0,5,國票-北投,2024-07-23,7792
00934,中信成長高股息,5,0,5,國票-北投,2024-07-23,7792
00687B,國泰20年美債,5,0,5,國票-北投,2024-07-23,7792
2324,仁寶,5,0,5,國票-北投,2024-07-23,7792
2392,正崴,5,0,5,國票-北投,2024-07-23,7792
2537,聯上發,5,0,5,國票-北投,2024-07-23,7792
2891,中信金,5,0,5,國票-北投,2024-07-23,7792
3017,奇鋐,6,1,5,國票-北投,2024-07-23,7792
3035,智原,8,3,5,國票-北投,2024-07-23,7792
3294,英濟,5,0,5,國票-北投,2024-07-23,7792
3663,鑫科,6,1,5,國票-北投,2024-07-23,7792
3712,永崴投控,5,1,4,國票-北投,2024-07-23,7792
3580,友威科,10,6,4,國票-北投,2024-07-23,7792
6152,百一,4,0,4,國票-北投,2024-07-23,7792
8110,華東,4,0,4,國票-北投,2024-07-23,7792
2330,台積電,12,9,3,國票-北投,2024-07-23,7792
00937B,群益ESG投等債20,203,5,198,國票-北投,2024-07-26,7792
2464,盟立,101,2,99,國票-北投,2024-07-26,7792
00940,元大台灣價值高息,95,0,95,國票-北投,2024-07-26,7792
00753L,中信中國50正2,50,0,50,國票-北投,2024-07-26,7792
2330,台積電,55,7,48,國票-北投,2024-07-26,7792
00929,復華台灣科技優息,43,0,43,國票-北投,2024-07-26,7792
3207,耀勝,33,0,33,國票-北投,2024-07-26,7792
2312,金寶,40,13,27,國票-北投,2024-07-26,7792
5364,力麗店,25,0,25,國票-北投,2024-07-26,7792
00637L,元大滬深300正2,23,0,23,國票-北投,2024-07-26,7792
00919,群益台灣精選高息,22,0,22,國票-北投,2024-07-26,7792
3711,日月光投控,21,0,21,國票-北投,2024-07-26,7792
00939,統一台灣高息動能,20,0,20,國票-北投,2024-07-26,7792
2409,友達,20,0,20,國票-北投,2024-07-26,7792
00706L,期元大S＆P日圓正2,20,0,20,國票-北投,2024-07-26,7792
6290,良維,20,0,20,國票-北投,2024-07-26,7792
2317,鴻海,24,6,18,國票-北投,2024-07-26,7792
4128,中天,25,10,15,國票-北投,2024-07-26,7792
2344,華邦電,25,10,15,國票-北投,2024-07-26,7792
3231,緯創,22,9,13,國票-北投,2024-07-26,7792
8926,台汽電,30,17,13,國票-北投,2024-07-26,7792
00665L,富邦�琤肭磪囓�2,11,0,11,國票-北投,2024-07-26,7792
4726,永昕,13,2,11,國票-北投,2024-07-26,7792
00650L,復華香港正2,10,0,10,國票-北投,2024-07-26,7792
2485,兆赫,10,0,10,國票-北投,2024-07-26,7792
2739,寒舍,10,0,10,國票-北投,2024-07-26,7792
6216,居易,10,0,10,國票-北投,2024-07-26,7792
9902,台火,10,0,10,國票-北投,2024-07-26,7792
00947,台新臺灣IC設計,8,0,8,國票-北投,2024-07-26,7792
00885,富邦越南,8,0,8,國票-北投,2024-07-26,7792
2351,順德,8,0,8,國票-北投,2024-07-26,7792
2382,廣達,15,8,7,國票-北投,2024-07-26,7792
2356,英業達,7,0,7,國票-北投,2024-07-26,7792
6191,精成科,7,0,7,國票-北投,2024-07-26,7792
00927,群益半導體收益,6,0,6,國票-北投,2024-07-26,7792
2408,南亞科,6,0,6,國票-北投,2024-07-26,7792
2834,臺企銀,6,0,6,國票-北投,2024-07-26,7792
0056,元大高股息,6,0,6,國票-北投,2024-07-26,7792
1304,台聚,6,1,5,國票-北投,2024-07-26,7792
00725B,國泰投資級公司債,5,0,5,國票-北投,2024-07-26,7792
00687B,國泰20年美債,5,0,5,國票-北投,2024-07-26,7792
2108,南帝,5,0,5,國票-北投,2024-07-26,7792
2314,台揚,5,0,5,國票-北投,2024-07-26,7792
2838,聯邦銀,5,0,5,國票-北投,2024-07-26,7792
3033,威健,6,1,5,國票-北投,2024-07-26,7792
3041,揚智,5,0,5,國票-北投,2024-07-26,7792
5706,鳳凰,5,0,5,國票-北投,2024-07-26,7792
5880,合庫金,5,0,5,國票-北投,2024-07-26,7792
00881,國泰台灣5G+,4,0,4,國票-北投,2024-07-26,7792
1409,新纖,4,0,4,國票-北投,2024-07-26,7792
5512,力麒,300,6,294,國票-北投,2024-07-29,7792
00929,復華台灣科技優息,94,0,94,國票-北投,2024-07-29,7792
00940,元大台灣價值高息,78,0,78,國票-北投,2024-07-29,7792
2337,旺宏,65,0,65,國票-北投,2024-07-29,7792
9945,潤泰新,55,0,55,國票-北投,2024-07-29,7792
00939,統一台灣高息動能,43,0,43,國票-北投,2024-07-29,7792
2890,永豐金,43,0,43,國票-北投,2024-07-29,7792
00949,復華日本龍頭,35,0,35,國票-北投,2024-07-29,7792
6257,矽格,31,0,31,國票-北投,2024-07-29,7792
3481,群創,34,4,30,國票-北投,2024-07-29,7792
6224,聚鼎,30,2,28,國票-北投,2024-07-29,7792
9105,泰金寶-DR,28,0,28,國票-北投,2024-07-29,7792
00934,中信成長高股息,21,0,21,國票-北投,2024-07-29,7792
2303,聯電,18,3,15,國票-北投,2024-07-29,7792
3207,耀勝,15,0,15,國票-北投,2024-07-29,7792
5364,力麗店,15,0,15,國票-北投,2024-07-29,7792
4958,臻鼎-KY,14,0,14,國票-北投,2024-07-29,7792
8936,國統,14,1,13,國票-北投,2024-07-29,7792
00878,國泰永續高股息,16,3,13,國票-北投,2024-07-29,7792
4979,華星光,13,1,12,國票-北投,2024-07-29,7792
00919,群益台灣精選高息,17,5,12,國票-北投,2024-07-29,7792
2317,鴻海,16,5,11,國票-北投,2024-07-29,7792
9958,世紀鋼,13,2,11,國票-北投,2024-07-29,7792
1319,東陽,11,0,11,國票-北投,2024-07-29,7792
2374,佳能,11,0,11,國票-北投,2024-07-29,7792
00923,群益台ESG低碳50,11,0,11,國票-北投,2024-07-29,7792
2383,台光電,10,0,10,國票-北投,2024-07-29,7792
00680L,元大美債20正2,10,0,10,國票-北投,2024-07-29,7792
00948B,中信優息投資級債,10,0,10,國票-北投,2024-07-29,7792
00951,台新日本半導體,10,0,10,國票-北投,2024-07-29,7792
2324,仁寶,10,0,10,國票-北投,2024-07-29,7792
2515,中工,11,1,10,國票-北投,2024-07-29,7792
2530,華建,10,0,10,國票-北投,2024-07-29,7792
2605,新興,10,0,10,國票-北投,2024-07-29,7792
2836,高雄銀,10,0,10,國票-北投,2024-07-29,7792
3088,艾訊,13,3,10,國票-北投,2024-07-29,7792
2356,英業達,10,1,9,國票-北投,2024-07-29,7792
3576,聯合再生,8,0,8,國票-北投,2024-07-29,7792
5443,均豪,24,17,7,國票-北投,2024-07-29,7792
2402,毅嘉,12,5,7,國票-北投,2024-07-29,7792
2891,中信金,9,2,7,國票-北投,2024-07-29,7792
0056,元大高股息,6,0,6,國票-北投,2024-07-29,7792
1717,長興,6,0,6,國票-北投,2024-07-29,7792
5263,智崴,6,0,6,國票-北投,2024-07-29,7792
6706,惠特,6,0,6,國票-北投,2024-07-29,7792
6182,合晶,5,0,5,國票-北投,2024-07-29,7792
00918,大華優利高填息30,5,0,5,國票-北投,2024-07-29,7792
2376,技嘉,7,2,5,國票-北投,2024-07-29,7792
5347,世界,5,0,5,國票-北投,2024-07-29,7792
2412,中華電,5,0,5,國票-北投,2024-07-29,7792
00937B,群益ESG投等債20,455,206,249,國票-北投,2024-07-30,7792
00940,元大台灣價值高息,93,0,93,國票-北投,2024-07-30,7792
3037,欣興,57,0,57,國票-北投,2024-07-30,7792
3189,景碩,54,2,52,國票-北投,2024-07-30,7792
2349,錸德,507,463,44,國票-北投,2024-07-30,7792
5880,合庫金,41,0,41,國票-北投,2024-07-30,7792
6224,聚鼎,40,0,40,國票-北投,2024-07-30,7792
3518,柏騰,50,14,36,國票-北投,2024-07-30,7792
2362,藍天,32,0,32,國票-北投,2024-07-30,7792
00939,統一台灣高息動能,31,0,31,國票-北投,2024-07-30,7792
2891,中信金,24,1,23,國票-北投,2024-07-30,7792
00947,台新臺灣IC設計,15,1,14,國票-北投,2024-07-30,7792
5364,力麗店,14,0,14,國票-北投,2024-07-30,7792
1815,富喬,13,0,13,國票-北投,2024-07-30,7792
2303,聯電,14,1,13,國票-北投,2024-07-30,7792
00919,群益台灣精選高息,22,10,12,國票-北投,2024-07-30,7792
6257,矽格,12,0,12,國票-北投,2024-07-30,7792
00715L,期街口布蘭特正2,11,0,11,國票-北投,2024-07-30,7792
2489,瑞軒,12,1,11,國票-北投,2024-07-30,7792
2376,技嘉,10,0,10,國票-北投,2024-07-30,7792
00706L,期元大S＆P日圓正2,10,0,10,國票-北投,2024-07-30,7792
00680L,元大美債20正2,10,0,10,國票-北投,2024-07-30,7792
3052,夆典,10,0,10,國票-北投,2024-07-30,7792
4526,東台,10,0,10,國票-北投,2024-07-30,7792
3481,群創,10,1,9,國票-北投,2024-07-30,7792
4564,元翎,9,0,9,國票-北投,2024-07-30,7792
3105,穩懋,12,4,8,國票-北投,2024-07-30,7792
4721,美琪瑪,8,0,8,國票-北投,2024-07-30,7792
2313,華通,9,2,7,國票-北投,2024-07-30,7792
00637L,元大滬深300正2,17,11,6,國票-北投,2024-07-30,7792
00915,凱基優選高股息30,6,0,6,國票-北投,2024-07-30,7792
2834,臺企銀,6,0,6,國票-北投,2024-07-30,7792
00944,野村趨勢動能高息,5,0,5,國票-北投,2024-07-30,7792
2316,楠梓電,5,0,5,國票-北投,2024-07-30,7792
2328,廣宇,5,0,5,國票-北投,2024-07-30,7792
2838,聯邦銀,5,0,5,國票-北投,2024-07-30,7792
3231,緯創,6,1,5,國票-北投,2024-07-30,7792
9902,台火,5,0,5,國票-北投,2024-07-30,7792
00900,富邦特選高股息30,4,0,4,國票-北投,2024-07-30,7792
2605,新興,4,0,4,國票-北投,2024-07-30,7792
3050,鈺德,6,2,4,國票-北投,2024-07-30,7792
4938,和碩,4,0,4,國票-北投,2024-07-30,7792
4979,華星光,6,2,4,國票-北投,2024-07-30,7792
6213,聯茂,4,0,4,國票-北投,2024-07-30,7792
2301,光寶科,4,0,4,國票-北投,2024-07-30,7792
2382,廣達,3,0,3,國票-北投,2024-07-30,7792
2884,玉山金,4,1,3,國票-北投,2024-07-30,7792
1701,中化,3,0,3,國票-北投,2024-07-30,7792
6125,廣運,4,1,3,國票-北投,2024-07-30,7792
2356,英業達,5,2,3,國票-北投,2024-07-30,7792
00679B,元大美債20年,210,0,210,國票-北投,2024-07-31,7792
00720B,元大投資級公司債,202,0,202,國票-北投,2024-07-31,7792
3481,群創,256,62,194,國票-北投,2024-07-31,7792
2317,鴻海,70,8,62,國票-北投,2024-07-31,7792
3037,欣興,53,0,53,國票-北投,2024-07-31,7792
5469,瀚宇博,50,0,50,國票-北投,2024-07-31,7792
00929,復華台灣科技優息,26,0,26,國票-北投,2024-07-31,7792
00940,元大台灣價值高息,22,0,22,國票-北投,2024-07-31,7792
00637L,元大滬深300正2,42,24,18,國票-北投,2024-07-31,7792
2330,台積電,15,1,14,國票-北投,2024-07-31,7792
2351,順德,12,0,12,國票-北投,2024-07-31,7792
00939,統一台灣高息動能,11,0,11,國票-北投,2024-07-31,7792
5515,建國,11,0,11,國票-北投,2024-07-31,7792
00927,群益半導體收益,10,0,10,國票-北投,2024-07-31,7792
00753L,中信中國50正2,10,0,10,國票-北投,2024-07-31,7792
1309,台達化,10,0,10,國票-北投,2024-07-31,7792
1440,南紡,10,0,10,國票-北投,2024-07-31,7792
1785,光洋科,11,1,10,國票-北投,2024-07-31,7792
2312,金寶,21,11,10,國票-北投,2024-07-31,7792
2613,中櫃,10,0,10,國票-北投,2024-07-31,7792
2883,凱基金,10,0,10,國票-北投,2024-07-31,7792
3491,昇達科,10,0,10,國票-北投,2024-07-31,7792
5347,世界,8,0,8,國票-北投,2024-07-31,7792
2347,聯強,8,0,8,國票-北投,2024-07-31,7792
2438,翔耀,8,0,8,國票-北投,2024-07-31,7792
3024,憶聲,8,0,8,國票-北投,2024-07-31,7792
4532,瑞智,38,30,8,國票-北投,2024-07-31,7792
3047,訊舟,11,4,7,國票-北投,2024-07-31,7792
3231,緯創,10,3,7,國票-北投,2024-07-31,7792
0056,元大高股息,7,0,7,國票-北投,2024-07-31,7792
1609,大亞,10,4,6,國票-北投,2024-07-31,7792
3710,連展投控,6,0,6,國票-北投,2024-07-31,7792
00919,群益台灣精選高息,7,1,6,國票-北投,2024-07-31,7792
1605,華新,5,0,5,國票-北投,2024-07-31,7792
00878,國泰永續高股息,5,0,5,國票-北投,2024-07-31,7792
1316,上曜,5,0,5,國票-北投,2024-07-31,7792
1449,佳和,7,2,5,國票-北投,2024-07-31,7792
2406,國碩,5,0,5,國票-北投,2024-07-31,7792
2731,雄獅,5,0,5,國票-北投,2024-07-31,7792
3050,鈺德,13,8,5,國票-北投,2024-07-31,7792
3580,友威科,5,0,5,國票-北投,2024-07-31,7792
4533,協易機,5,0,5,國票-北投,2024-07-31,7792
8064,東捷,31,27,4,國票-北投,2024-07-31,7792
2371,大同,4,0,4,國票-北投,2024-07-31,7792
3498,陽程,6,2,4,國票-北投,2024-07-31,7792
5426,振發,4,0,4,國票-北投,2024-07-31,7792
3105,穩懋,7,4,3,國票-北投,2024-07-31,7792
00687B,國泰20年美債,15,12,3,國票-北投,2024-07-31,7792
2887,台新金,4,1,3,國票-北投,2024-07-31,7792
2542,興富發,3,0,3,國票-北投,2024-07-31,7792
00680L,元大美債20正2,2420,50,2370,國票-北投,2024-08-01,7792
00720B,元大投資級公司債,300,0,300,國票-北投,2024-08-01,7792
00679B,元大美債20年,304,10,294,國票-北投,2024-08-01,7792
2337,旺宏,57,23,34,國票-北投,2024-08-01,7792
00637L,元大滬深300正2,40,10,30,國票-北投,2024-08-01,7792
6188,廣明,23,2,21,國票-北投,2024-08-01,7792
4927,泰鼎-KY,20,0,20,國票-北投,2024-08-01,7792
6526,達發,19,0,19,國票-北投,2024-08-01,7792
5443,均豪,16,0,16,國票-北投,2024-08-01,7792
3047,訊舟,64,48,16,國票-北投,2024-08-01,7792
5309,系統電,20,4,16,國票-北投,2024-08-01,7792
2884,玉山金,15,1,14,國票-北投,2024-08-01,7792
5351,鈺創,15,1,14,國票-北投,2024-08-01,7792
1608,華榮,13,0,13,國票-北投,2024-08-01,7792
6189,豐藝,16,3,13,國票-北投,2024-08-01,7792
1586,和勤,10,0,10,國票-北投,2024-08-01,7792
2454,聯發科,9,0,9,國票-北投,2024-08-01,7792
2409,友達,10,2,8,國票-北投,2024-08-01,7792
2349,錸德,13,5,8,國票-北投,2024-08-01,7792
4532,瑞智,18,10,8,國票-北投,2024-08-01,7792
00929,復華台灣科技優息,28,21,7,國票-北投,2024-08-01,7792
6603,富強鑫,7,1,6,國票-北投,2024-08-01,7792
00918,大華優利高填息30,5,0,5,國票-北投,2024-08-01,7792
1304,台聚,5,0,5,國票-北投,2024-08-01,7792
1806,冠軍,5,0,5,國票-北投,2024-08-01,7792
3707,漢磊,5,0,5,國票-北投,2024-08-01,7792
4903,聯光通,5,0,5,國票-北投,2024-08-01,7792
5457,宣德,5,0,5,國票-北投,2024-08-01,7792
9902,台火,6,1,5,國票-北投,2024-08-01,7792
1216,統一,5,1,4,國票-北投,2024-08-01,7792
2066,世德,4,0,4,國票-北投,2024-08-01,7792
3535,晶彩科,6,2,4,國票-北投,2024-08-01,7792
5302,太欣,4,0,4,國票-北投,2024-08-01,7792
6446,藥華藥,4,0,4,國票-北投,2024-08-01,7792
6451,訊芯-KY,4,0,4,國票-北投,2024-08-01,7792
00878,國泰永續高股息,4,0,4,國票-北投,2024-08-01,7792
2610,華航,3,0,3,國票-北投,2024-08-01,7792
5876,上海商銀,3,0,3,國票-北投,2024-08-01,7792
00640L,富邦日本正2,3,0,3,國票-北投,2024-08-01,7792
2031,新光鋼,3,0,3,國票-北投,2024-08-01,7792
2374,佳能,5,2,3,國票-北投,2024-08-01,7792
2486,一詮,3,0,3,國票-北投,2024-08-01,7792
2867,三商壽,3,0,3,國票-北投,2024-08-01,7792
3059,華晶科,3,0,3,國票-北投,2024-08-01,7792
3686,達能,3,0,3,國票-北投,2024-08-01,7792
3715,定穎投控,5,2,3,國票-北投,2024-08-01,7792
4533,協易機,4,1,3,國票-北投,2024-08-01,7792
6177,達麗,4,1,3,國票-北投,2024-08-01,7792
6472,保瑞,3,0,3,國票-北投,2024-08-01,7792
00919,群益台灣精選高息,3,0,3,國票-北投,2024-08-01,7792
00679B,元大美債20年,429,20,409,國票-北投,2024-08-02,7792
00720B,元大投資級公司債,400,0,400,國票-北投,2024-08-02,7792
00687B,國泰20年美債,421,25,396,國票-北投,2024-08-02,7792
00929,復華台灣科技優息,123,0,123,國票-北投,2024-08-02,7792
00878,國泰永續高股息,114,0,114,國票-北投,2024-08-02,7792
6189,豐藝,66,0,66,國票-北投,2024-08-02,7792
00937B,群益ESG投等債20,144,86,58,國票-北投,2024-08-02,7792
2317,鴻海,59,2,57,國票-北投,2024-08-02,7792
2031,新光鋼,50,3,47,國票-北投,2024-08-02,7792
1609,大亞,42,4,38,國票-北投,2024-08-02,7792
00919,群益台灣精選高息,33,0,33,國票-北投,2024-08-02,7792
00706L,期元大S＆P日圓正2,30,0,30,國票-北投,2024-08-02,7792
2409,友達,30,5,25,國票-北投,2024-08-02,7792
9105,泰金寶-DR,25,0,25,國票-北投,2024-08-02,7792
2330,台積電,28,5,23,國票-北投,2024-08-02,7792
00940,元大台灣價值高息,45,23,22,國票-北投,2024-08-02,7792
2834,臺企銀,21,0,21,國票-北投,2024-08-02,7792
5905,南仁湖,21,0,21,國票-北投,2024-08-02,7792
2618,長榮航,20,0,20,國票-北投,2024-08-02,7792
00933B,國泰10Y+金融債,20,0,20,國票-北投,2024-08-02,7792
4306,炎洲,20,0,20,國票-北投,2024-08-02,7792
2337,旺宏,20,1,19,國票-北投,2024-08-02,7792
8069,元太,18,1,17,國票-北投,2024-08-02,7792
2313,華通,17,1,16,國票-北投,2024-08-02,7792
0056,元大高股息,16,0,16,國票-北投,2024-08-02,7792
00939,統一台灣高息動能,20,5,15,國票-北投,2024-08-02,7792
3037,欣興,15,0,15,國票-北投,2024-08-02,7792
00923,群益台ESG低碳50,14,0,14,國票-北投,2024-08-02,7792
1605,華新,15,2,13,國票-北投,2024-08-02,7792
00935,野村臺灣新科技50,12,0,12,國票-北投,2024-08-02,7792
3036,文曄,11,0,11,國票-北投,2024-08-02,7792
3312,弘憶股,13,2,11,國票-北投,2024-08-02,7792
8096,擎亞,11,0,11,國票-北投,2024-08-02,7792
00918,大華優利高填息30,10,0,10,國票-北投,2024-08-02,7792
00901,永豐智能車供應鏈,10,0,10,國票-北投,2024-08-02,7792
00881,國泰台灣5G+,10,0,10,國票-北投,2024-08-02,7792
1309,台達化,10,0,10,國票-北投,2024-08-02,7792
2344,華邦電,20,10,10,國票-北投,2024-08-02,7792
2867,三商壽,10,0,10,國票-北投,2024-08-02,7792
4915,致伸,10,0,10,國票-北投,2024-08-02,7792
5531,鄉林,10,0,10,國票-北投,2024-08-02,7792
9928,中視,10,0,10,國票-北投,2024-08-02,7792
2316,楠梓電,11,2,9,國票-北投,2024-08-02,7792
00885,富邦越南,9,0,9,國票-北投,2024-08-02,7792
3024,憶聲,9,0,9,國票-北投,2024-08-02,7792
4526,東台,9,0,9,國票-北投,2024-08-02,7792
2891,中信金,8,0,8,國票-北投,2024-08-02,7792
2449,京元電子,39,31,8,國票-北投,2024-08-02,7792
2356,英業達,8,0,8,國票-北投,2024-08-02,7792
2371,大同,8,0,8,國票-北投,2024-08-02,7792
00680L,元大美債20正2,919,11,908,國票-北投,2024-08-05,7792
2887,台新金,309,0,309,國票-北投,2024-08-05,7792
00940,元大台灣價值高息,249,11,238,國票-北投,2024-08-05,7792
0050,元大台灣50,213,0,213,國票-北投,2024-08-05,7792
2330,台積電,182,16,166,國票-北投,2024-08-05,7792
00675L,富邦臺灣加權正2,105,0,105,國票-北投,2024-08-05,7792
2883,凱基金,107,19,88,國票-北投,2024-08-05,7792
6224,聚鼎,81,0,81,國票-北投,2024-08-05,7792
00878,國泰永續高股息,96,33,63,國票-北投,2024-08-05,7792
3207,耀勝,57,0,57,國票-北投,2024-08-05,7792
3037,欣興,57,1,56,國票-北投,2024-08-05,7792
2317,鴻海,45,2,43,國票-北投,2024-08-05,7792
3518,柏騰,42,0,42,國票-北投,2024-08-05,7792
00945B,凱基美國非投等債,40,0,40,國票-北投,2024-08-05,7792
1442,名軒,40,0,40,國票-北投,2024-08-05,7792
1210,大成,35,0,35,國票-北投,2024-08-05,7792
6189,豐藝,34,0,34,國票-北投,2024-08-05,7792
1802,台玻,33,0,33,國票-北投,2024-08-05,7792
1605,華新,31,0,31,國票-北投,2024-08-05,7792
8096,擎亞,32,1,31,國票-北投,2024-08-05,7792
2618,長榮航,30,0,30,國票-北投,2024-08-05,7792
0056,元大高股息,33,7,26,國票-北投,2024-08-05,7792
2382,廣達,25,0,25,國票-北投,2024-08-05,7792
00919,群益台灣精選高息,70,47,23,國票-北投,2024-08-05,7792
2409,友達,22,2,20,國票-北投,2024-08-05,7792
2891,中信金,20,0,20,國票-北投,2024-08-05,7792
2834,臺企銀,18,1,17,國票-北投,2024-08-05,7792
2882,國泰金,17,2,15,國票-北投,2024-08-05,7792
2884,玉山金,16,1,15,國票-北投,2024-08-05,7792
00635U,期元大S＆P黃金,15,0,15,國票-北投,2024-08-05,7792
1536,和大,15,0,15,國票-北投,2024-08-05,7792
1711,永光,15,0,15,國票-北投,2024-08-05,7792
3049,精金,15,0,15,國票-北投,2024-08-05,7792
00631L,元大台灣50正2,17,3,14,國票-北投,2024-08-05,7792
2313,華通,14,0,14,國票-北投,2024-08-05,7792
6770,力積電,13,0,13,國票-北投,2024-08-05,7792
2002,中鋼,18,5,13,國票-北投,2024-08-05,7792
4510,高鋒,16,3,13,國票-北投,2024-08-05,7792
2331,精英,12,0,12,國票-北投,2024-08-05,7792
6214,精誠,11,0,11,國票-北投,2024-08-05,7792
00933B,國泰10Y+金融債,11,0,11,國票-北投,2024-08-05,7792
1597,直得,13,2,11,國票-北投,2024-08-05,7792
2880,華南金,14,3,11,國票-北投,2024-08-05,7792
6257,矽格,13,2,11,國票-北投,2024-08-05,7792
00941,中信上游半導體,11,0,11,國票-北投,2024-08-05,7792
2201,裕隆,10,0,10,國票-北投,2024-08-05,7792
4938,和碩,10,0,10,國票-北投,2024-08-05,7792
00715L,期街口布蘭特正2,10,0,10,國票-北投,2024-08-05,7792
00950B,凱基A級公司債,10,0,10,國票-北投,2024-08-05,7792
1319,東陽,10,0,10,國票-北投,2024-08-05,7792
2888,新光金,209,19,190,國票-北投,2024-08-06,7792
00632R,元大台灣50反1,123,0,123,國票-北投,2024-08-06,7792
3037,欣興,116,8,108,國票-北投,2024-08-06,7792
1540,喬福,103,2,101,國票-北投,2024-08-06,7792
00940,元大台灣價值高息,81,11,70,國票-北投,2024-08-06,7792
6224,聚鼎,58,0,58,國票-北投,2024-08-06,7792
3481,群創,70,18,52,國票-北投,2024-08-06,7792
2392,正崴,52,4,48,國票-北投,2024-08-06,7792
00929,復華台灣科技優息,79,33,46,國票-北投,2024-08-06,7792
1442,名軒,50,6,44,國票-北投,2024-08-06,7792
2362,藍天,44,2,42,國票-北投,2024-08-06,7792
00706L,期元大S＆P日圓正2,30,0,30,國票-北投,2024-08-06,7792
3518,柏騰,48,20,28,國票-北投,2024-08-06,7792
6116,彩晶,32,5,27,國票-北投,2024-08-06,7792
2330,台積電,47,21,26,國票-北投,2024-08-06,7792
00878,國泰永續高股息,29,3,26,國票-北投,2024-08-06,7792
00932,兆豐永續高息等權,23,0,23,國票-北投,2024-08-06,7792
3207,耀勝,20,0,20,國票-北投,2024-08-06,7792
2409,友達,26,10,16,國票-北投,2024-08-06,7792
6213,聯茂,16,0,16,國票-北投,2024-08-06,7792
6182,合晶,15,0,15,國票-北投,2024-08-06,7792
3379,彬台,15,0,15,國票-北投,2024-08-06,7792
5469,瀚宇博,15,0,15,國票-北投,2024-08-06,7792
00919,群益台灣精選高息,18,4,14,國票-北投,2024-08-06,7792
6153,嘉聯益,12,0,12,國票-北投,2024-08-06,7792
00646,元大S＆P500,11,0,11,國票-北投,2024-08-06,7792
1304,台聚,13,2,11,國票-北投,2024-08-06,7792
2397,友通,11,0,11,國票-北投,2024-08-06,7792
4542,科嶠,11,0,11,國票-北投,2024-08-06,7792
2609,陽明,16,6,10,國票-北投,2024-08-06,7792
00857B,永豐20年美公債,10,0,10,國票-北投,2024-08-06,7792
2010,春源,10,0,10,國票-北投,2024-08-06,7792
2331,精英,10,0,10,國票-北投,2024-08-06,7792
2539,櫻花建,10,0,10,國票-北投,2024-08-06,7792
3607,谷崧,10,0,10,國票-北投,2024-08-06,7792
9927,泰銘,10,0,10,國票-北投,2024-08-06,7792
6257,矽格,21,12,9,國票-北投,2024-08-06,7792
1477,聚陽,9,0,9,國票-北投,2024-08-06,7792
4721,美琪瑪,9,0,9,國票-北投,2024-08-06,7792
4967,十銓,8,0,8,國票-北投,2024-08-06,7792
00641R,富邦日本反1,8,0,8,國票-北投,2024-08-06,7792
00637L,元大滬深300正2,21,13,8,國票-北投,2024-08-06,7792
3032,偉訓,8,0,8,國票-北投,2024-08-06,7792
1316,上曜,7,0,7,國票-北投,2024-08-06,7792
4306,炎洲,6,0,6,國票-北投,2024-08-06,7792
2353,宏��,9,3,6,國票-北投,2024-08-06,7792
1513,中興電,23,17,6,國票-北投,2024-08-06,7792
2891,中信金,9,3,6,國票-北投,2024-08-06,7792
3537,堡達,6,0,6,國票-北投,2024-08-06,7792
4919,新唐,6,0,6,國票-北投,2024-08-06,7792
00687B,國泰20年美債,668,6,662,國票-北投,2024-08-07,7792
00679B,元大美債20年,405,42,363,國票-北投,2024-08-07,7792
00900,富邦特選高股息30,101,2,99,國票-北投,2024-08-07,7792
2371,大同,100,10,90,國票-北投,2024-08-07,7792
2317,鴻海,57,9,48,國票-北投,2024-08-07,7792
2353,宏��,68,27,41,國票-北投,2024-08-07,7792
2409,友達,36,2,34,國票-北投,2024-08-07,7792
2312,金寶,36,10,26,國票-北投,2024-08-07,7792
00929,復華台灣科技優息,29,4,25,國票-北投,2024-08-07,7792
00891,中信關鍵半導體,24,0,24,國票-北投,2024-08-07,7792
6213,聯茂,27,5,22,國票-北投,2024-08-07,7792
3048,益登,20,2,18,國票-北投,2024-08-07,7792
00725B,國泰投資級公司債,15,0,15,國票-北投,2024-08-07,7792
2002,中鋼,11,0,11,國票-北投,2024-08-07,7792
00932,兆豐永續高息等權,11,0,11,國票-北投,2024-08-07,7792
1514,亞力,39,28,11,國票-北投,2024-08-07,7792
9955,佳龍,11,0,11,國票-北投,2024-08-07,7792
3211,順達,11,1,10,國票-北投,2024-08-07,7792
00948B,中信優息投資級債,10,0,10,國票-北投,2024-08-07,7792
2204,中華,10,0,10,國票-北投,2024-08-07,7792
2816,旺旺保,10,0,10,國票-北投,2024-08-07,7792
6412,群電,11,1,10,國票-北投,2024-08-07,7792
8076,伍豐,10,0,10,國票-北投,2024-08-07,7792
9928,中視,10,0,10,國票-北投,2024-08-07,7792
00881,國泰台灣5G+,12,3,9,國票-北投,2024-08-07,7792
2504,國產,27,18,9,國票-北投,2024-08-07,7792
1815,富喬,20,12,8,國票-北投,2024-08-07,7792
00878,國泰永續高股息,10,2,8,國票-北投,2024-08-07,7792
0056,元大高股息,7,0,7,國票-北投,2024-08-07,7792
5347,世界,11,4,7,國票-北投,2024-08-07,7792
6224,聚鼎,7,0,7,國票-北投,2024-08-07,7792
1785,光洋科,6,0,6,國票-北投,2024-08-07,7792
3231,緯創,12,6,6,國票-北投,2024-08-07,7792
8473,山林水,6,0,6,國票-北投,2024-08-07,7792
00919,群益台灣精選高息,8,2,6,國票-北投,2024-08-07,7792
1584,精剛,5,0,5,國票-北投,2024-08-07,7792
5512,力麒,5,0,5,國票-北投,2024-08-07,7792
6218,豪勉,5,0,5,國票-北投,2024-08-07,7792
2886,兆豐金,5,0,5,國票-北投,2024-08-07,7792
2887,台新金,4,0,4,國票-北投,2024-08-07,7792
3013,晟銘電,5,1,4,國票-北投,2024-08-07,7792
3218,大學光,4,0,4,國票-北投,2024-08-07,7792
3661,世芯-KY,4,0,4,國票-北投,2024-08-07,7792
4533,協易機,5,1,4,國票-北投,2024-08-07,7792
00946,群益科技高息成長,3,0,3,國票-北投,2024-08-07,7792
00939,統一台灣高息動能,3,0,3,國票-北投,2024-08-07,7792
3324,雙鴻,3,0,3,國票-北投,2024-08-07,7792
4114,健喬,3,0,3,國票-北投,2024-08-07,7792
4923,力士,3,0,3,國票-北投,2024-08-07,7792
6116,彩晶,3,0,3,國票-北投,2024-08-07,7792
00687B,國泰20年美債,383,0,383,國票-北投,2024-08-08,7792
00679B,元大美債20年,314,0,314,國票-北投,2024-08-08,7792
2888,新光金,105,2,103,國票-北投,2024-08-08,7792
00919,群益台灣精選高息,90,0,90,國票-北投,2024-08-08,7792
6443,元晶,64,5,59,國票-北投,2024-08-08,7792
6224,聚鼎,46,1,45,國票-北投,2024-08-08,7792
1714,和桐,44,0,44,國票-北投,2024-08-08,7792
6125,廣運,31,0,31,國票-北投,2024-08-08,7792
3048,益登,20,0,20,國票-北投,2024-08-08,7792
9945,潤泰新,23,3,20,國票-北投,2024-08-08,7792
3047,訊舟,28,8,20,國票-北投,2024-08-08,7792
6216,居易,20,0,20,國票-北投,2024-08-08,7792
6290,良維,20,0,20,國票-北投,2024-08-08,7792
2365,昆盈,67,48,19,國票-北投,2024-08-08,7792
2886,兆豐金,24,5,19,國票-北投,2024-08-08,7792
00929,復華台灣科技優息,19,1,18,國票-北投,2024-08-08,7792
8043,蜜望實,19,1,18,國票-北投,2024-08-08,7792
00680L,元大美債20正2,15,0,15,國票-北投,2024-08-08,7792
00725B,國泰投資級公司債,15,0,15,國票-北投,2024-08-08,7792
2515,中工,14,0,14,國票-北投,2024-08-08,7792
00940,元大台灣價值高息,13,0,13,國票-北投,2024-08-08,7792
1540,喬福,14,3,11,國票-北投,2024-08-08,7792
00891,中信關鍵半導體,10,0,10,國票-北投,2024-08-08,7792
2032,新鋼,10,0,10,國票-北投,2024-08-08,7792
2489,瑞軒,25,15,10,國票-北投,2024-08-08,7792
2891,中信金,12,2,10,國票-北投,2024-08-08,7792
4903,聯光通,10,0,10,國票-北投,2024-08-08,7792
6127,九豪,10,0,10,國票-北投,2024-08-08,7792
9105,泰金寶-DR,10,0,10,國票-北投,2024-08-08,7792
3231,緯創,9,0,9,國票-北投,2024-08-08,7792
2344,華邦電,10,1,9,國票-北投,2024-08-08,7792
2609,陽明,11,3,8,國票-北投,2024-08-08,7792
2890,永豐金,8,0,8,國票-北投,2024-08-08,7792
3380,明泰,8,0,8,國票-北投,2024-08-08,7792
3518,柏騰,10,2,8,國票-北投,2024-08-08,7792
5410,國眾,8,0,8,國票-北投,2024-08-08,7792
00878,國泰永續高股息,7,0,7,國票-北投,2024-08-08,7792
2615,萬海,7,0,7,國票-北投,2024-08-08,7792
00881,國泰台灣5G+,7,0,7,國票-北投,2024-08-08,7792
00900,富邦特選高股息30,7,0,7,國票-北投,2024-08-08,7792
2362,藍天,7,0,7,國票-北投,2024-08-08,7792
8404,百和興業-KY,7,0,7,國票-北投,2024-08-08,7792
2353,宏��,6,0,6,國票-北投,2024-08-08,7792
2408,南亞科,6,0,6,國票-北投,2024-08-08,7792
2382,廣達,8,3,5,國票-北投,2024-08-08,7792
4532,瑞智,5,0,5,國票-北投,2024-08-08,7792
2356,英業達,5,0,5,國票-北投,2024-08-08,7792
2201,裕隆,5,0,5,國票-北投,2024-08-08,7792
2327,國巨,5,0,5,國票-北投,2024-08-08,7792
6658,聯策,6,1,5,國票-北投,2024-08-08,7792
3481,群創,293,26,267,國票-北投,2024-08-09,7792
00937B,群益ESG投等債20,107,0,107,國票-北投,2024-08-09,7792
00679B,元大美債20年,107,0,107,國票-北投,2024-08-09,7792
00929,復華台灣科技優息,66,15,51,國票-北投,2024-08-09,7792
3037,欣興,55,5,50,國票-北投,2024-08-09,7792
6224,聚鼎,36,1,35,國票-北投,2024-08-09,7792
3706,神達,29,0,29,國票-北投,2024-08-09,7792
2439,美律,23,0,23,國票-北投,2024-08-09,7792
1611,中電,20,1,19,國票-北投,2024-08-09,7792
5443,均豪,247,229,18,國票-北投,2024-08-09,7792
00687B,國泰20年美債,417,400,17,國票-北投,2024-08-09,7792
3019,亞光,22,11,11,國票-北投,2024-08-09,7792
4542,科嶠,11,0,11,國票-北投,2024-08-09,7792
00751B,元大AAA至A公司債,10,0,10,國票-北投,2024-08-09,7792
00948B,中信優息投資級債,10,0,10,國票-北投,2024-08-09,7792
1540,喬福,12,2,10,國票-北投,2024-08-09,7792
2387,精元,10,0,10,國票-北投,2024-08-09,7792
2421,建準,10,1,9,國票-北投,2024-08-09,7792
3673,TPK-KY,10,1,9,國票-北投,2024-08-09,7792
5309,系統電,9,0,9,國票-北投,2024-08-09,7792
8936,國統,9,0,9,國票-北投,2024-08-09,7792
3450,聯鈞,15,7,8,國票-北投,2024-08-09,7792
6152,百一,8,0,8,國票-北投,2024-08-09,7792
00932,兆豐永續高息等權,7,0,7,國票-北投,2024-08-09,7792
2312,金寶,32,25,7,國票-北投,2024-08-09,7792
00878,國泰永續高股息,17,10,7,國票-北投,2024-08-09,7792
3049,精金,8,2,6,國票-北投,2024-08-09,7792
3062,建漢,6,0,6,國票-北投,2024-08-09,7792
3205,佰研,6,0,6,國票-北投,2024-08-09,7792
3580,友威科,12,6,6,國票-北投,2024-08-09,7792
6005,群益證,6,0,6,國票-北投,2024-08-09,7792
2049,上銀,5,0,5,國票-北投,2024-08-09,7792
2383,台光電,5,0,5,國票-北投,2024-08-09,7792
8446,華研,5,0,5,國票-北投,2024-08-09,7792
00637L,元大滬深300正2,12,7,5,國票-北投,2024-08-09,7792
00950B,凱基A級公司債,5,0,5,國票-北投,2024-08-09,7792
1609,大亞,23,18,5,國票-北投,2024-08-09,7792
2338,光罩,5,0,5,國票-北投,2024-08-09,7792
3044,健鼎,5,0,5,國票-北投,2024-08-09,7792
3163,波若威,15,10,5,國票-北投,2024-08-09,7792
4566,時碩工業,6,1,5,國票-北投,2024-08-09,7792
4967,十銓,5,0,5,國票-北投,2024-08-09,7792
5227,立凱-KY,5,0,5,國票-北投,2024-08-09,7792
00919,群益台灣精選高息,5,0,5,國票-北投,2024-08-09,7792
2489,瑞軒,14,10,4,國票-北投,2024-08-09,7792
2884,玉山金,5,1,4,國票-北投,2024-08-09,7792
4906,正文,4,0,4,國票-北投,2024-08-09,7792
1727,中華化,3,0,3,國票-北投,2024-08-09,7792
2367,燿華,4,1,3,國票-北投,2024-08-09,7792
2486,一詮,4,1,3,國票-北投,2024-08-09,7792
00687B,國泰20年美債,515,0,515,國票-北投,2024-08-12,7792
1513,中興電,167,6,161,國票-北投,2024-08-12,7792
00679B,元大美債20年,116,0,116,國票-北投,2024-08-12,7792
3706,神達,41,0,41,國票-北投,2024-08-12,7792
8064,東捷,41,0,41,國票-北投,2024-08-12,7792
2204,中華,30,0,30,國票-北投,2024-08-12,7792
00931B,統一美債20年,30,0,30,國票-北投,2024-08-12,7792
3663,鑫科,21,0,21,國票-北投,2024-08-12,7792
3017,奇鋐,22,2,20,國票-北投,2024-08-12,7792
00950B,凱基A級公司債,15,0,15,國票-北投,2024-08-12,7792
2312,金寶,38,23,15,國票-北投,2024-08-12,7792
2891,中信金,15,1,14,國票-北投,2024-08-12,7792
2884,玉山金,18,4,14,國票-北投,2024-08-12,7792
2610,華航,15,1,14,國票-北投,2024-08-12,7792
00929,復華台灣科技優息,115,102,13,國票-北投,2024-08-12,7792
2351,順德,12,0,12,國票-北投,2024-08-12,7792
8096,擎亞,13,1,12,國票-北投,2024-08-12,7792
1597,直得,33,22,11,國票-北投,2024-08-12,7792
8028,昇陽半導體,12,2,10,國票-北投,2024-08-12,7792
00933B,國泰10Y+金融債,10,0,10,國票-北投,2024-08-12,7792
1445,大宇,10,0,10,國票-北投,2024-08-12,7792
3088,艾訊,10,0,10,國票-北投,2024-08-12,7792
6125,廣運,11,1,10,國票-北投,2024-08-12,7792
9958,世紀鋼,12,2,10,國票-北投,2024-08-12,7792
2486,一詮,9,0,9,國票-北投,2024-08-12,7792
2885,元大金,8,0,8,國票-北投,2024-08-12,7792
2890,永豐金,8,0,8,國票-北投,2024-08-12,7792
5880,合庫金,8,0,8,國票-北投,2024-08-12,7792
00878,國泰永續高股息,8,0,8,國票-北投,2024-08-12,7792
2371,大同,7,0,7,國票-北投,2024-08-12,7792
6215,和椿,16,9,7,國票-北投,2024-08-12,7792
00937B,群益ESG投等債20,6,0,6,國票-北投,2024-08-12,7792
2836,高雄銀,6,0,6,國票-北投,2024-08-12,7792
3715,定穎投控,6,0,6,國票-北投,2024-08-12,7792
4523,永彰,10,4,6,國票-北投,2024-08-12,7792
6104,創惟,6,0,6,國票-北投,2024-08-12,7792
00948B,中信優息投資級債,5,0,5,國票-北投,2024-08-12,7792
1101,台泥,5,0,5,國票-北投,2024-08-12,7792
00725B,國泰投資級公司債,5,0,5,國票-北投,2024-08-12,7792
1795,美時,5,0,5,國票-北投,2024-08-12,7792
2360,致茂,6,1,5,國票-北投,2024-08-12,7792
3019,亞光,22,17,5,國票-北投,2024-08-12,7792
3622,洋華,5,0,5,國票-北投,2024-08-12,7792
3703,欣陸,5,0,5,國票-北投,2024-08-12,7792
4561,健椿,5,0,5,國票-北投,2024-08-12,7792
8069,元太,19,14,5,國票-北投,2024-08-12,7792
2882,國泰金,6,2,4,國票-北投,2024-08-12,7792
1540,喬福,4,0,4,國票-北投,2024-08-12,7792
2368,金像電,4,0,4,國票-北投,2024-08-12,7792
2605,新興,4,0,4,國票-北投,2024-08-12,7792
00687B,國泰20年美債,310,2,308,國票-北投,2024-08-13,7792
00679B,元大美債20年,223,0,223,國票-北投,2024-08-13,7792
3013,晟銘電,124,1,123,國票-北投,2024-08-13,7792
00937B,群益ESG投等債20,101,0,101,國票-北投,2024-08-13,7792
2888,新光金,103,2,101,國票-北投,2024-08-13,7792
3711,日月光投控,50,1,49,國票-北投,2024-08-13,7792
6603,富強鑫,33,1,32,國票-北投,2024-08-13,7792
1513,中興電,38,7,31,國票-北投,2024-08-13,7792
3207,耀勝,25,0,25,國票-北投,2024-08-13,7792
1301,台塑,24,0,24,國票-北投,2024-08-13,7792
2486,一詮,25,1,24,國票-北投,2024-08-13,7792
2365,昆盈,80,60,20,國票-北投,2024-08-13,7792
5328,華容,20,0,20,國票-北投,2024-08-13,7792
2610,華航,19,1,18,國票-北投,2024-08-13,7792
00673R,期元大S＆P原油反1,15,0,15,國票-北投,2024-08-13,7792
2615,萬海,15,1,14,國票-北投,2024-08-13,7792
5880,合庫金,13,0,13,國票-北投,2024-08-13,7792
00680L,元大美債20正2,12,0,12,國票-北投,2024-08-13,7792
2880,華南金,13,2,11,國票-北投,2024-08-13,7792
2609,陽明,28,17,11,國票-北投,2024-08-13,7792
1514,亞力,30,19,11,國票-北投,2024-08-13,7792
2520,冠德,12,1,11,國票-北投,2024-08-13,7792
00632R,元大台灣50反1,10,0,10,國票-北投,2024-08-13,7792
2349,錸德,11,1,10,國票-北投,2024-08-13,7792
2402,毅嘉,10,0,10,國票-北投,2024-08-13,7792
8171,天宇,10,0,10,國票-北投,2024-08-13,7792
9955,佳龍,15,5,10,國票-北投,2024-08-13,7792
2891,中信金,9,0,9,國票-北投,2024-08-13,7792
2208,台船,9,0,9,國票-北投,2024-08-13,7792
2481,強茂,10,1,9,國票-北投,2024-08-13,7792
2371,大同,10,2,8,國票-北投,2024-08-13,7792
8069,元太,12,4,8,國票-北投,2024-08-13,7792
2886,兆豐金,6,0,6,國票-北投,2024-08-13,7792
1316,上曜,6,0,6,國票-北投,2024-08-13,7792
2351,順德,6,0,6,國票-北投,2024-08-13,7792
2363,矽統,9,3,6,國票-北投,2024-08-13,7792
3706,神達,12,6,6,國票-北投,2024-08-13,7792
4562,穎漢,10,4,6,國票-北投,2024-08-13,7792
2383,台光電,5,0,5,國票-北投,2024-08-13,7792
1735,日勝化,5,0,5,國票-北投,2024-08-13,7792
2236,百達-KY,5,0,5,國票-北投,2024-08-13,7792
2867,三商壽,5,0,5,國票-北投,2024-08-13,7792
4934,太極,5,0,5,國票-北投,2024-08-13,7792
6104,創惟,6,1,5,國票-北投,2024-08-13,7792
6244,茂迪,5,0,5,國票-北投,2024-08-13,7792
8150,南茂,5,0,5,國票-北投,2024-08-13,7792
8454,富邦媒,5,0,5,國票-北投,2024-08-13,7792
2376,技嘉,4,0,4,國票-北投,2024-08-13,7792
6505,台塑化,4,0,4,國票-北投,2024-08-13,7792
00881,國泰台灣5G+,4,0,4,國票-北投,2024-08-13,7792
00687B,國泰20年美債,324,11,313,國票-北投,2024-08-14,7792
00679B,元大美債20年,300,0,300,國票-北投,2024-08-14,7792
00937B,群益ESG投等債20,41,4,37,國票-北投,2024-08-14,7792
5469,瀚宇博,30,0,30,國票-北投,2024-08-14,7792
1519,華城,27,0,27,國票-北投,2024-08-14,7792
6116,彩晶,24,0,24,國票-北投,2024-08-14,7792
00932,兆豐永續高息等權,22,0,22,國票-北投,2024-08-14,7792
00632R,元大台灣50反1,21,0,21,國票-北投,2024-08-14,7792
2528,皇普,20,0,20,國票-北投,2024-08-14,7792
1609,大亞,20,1,19,國票-北投,2024-08-14,7792
1301,台塑,21,6,15,國票-北投,2024-08-14,7792
00881,國泰台灣5G+,11,0,11,國票-北投,2024-08-14,7792
3324,雙鴻,12,1,11,國票-北投,2024-08-14,7792
4542,科嶠,11,0,11,國票-北投,2024-08-14,7792
8021,尖點,11,0,11,國票-北投,2024-08-14,7792
3374,精材,13,3,10,國票-北投,2024-08-14,7792
00915,凱基優選高股息30,10,0,10,國票-北投,2024-08-14,7792
00882,中信中國高股息,10,0,10,國票-北投,2024-08-14,7792
1709,和益,10,0,10,國票-北投,2024-08-14,7792
2103,台橡,10,0,10,國票-北投,2024-08-14,7792
2349,錸德,10,0,10,國票-北投,2024-08-14,7792
4716,大立,10,0,10,國票-北投,2024-08-14,7792
2362,藍天,10,0,10,國票-北投,2024-08-14,7792
6526,達發,9,0,9,國票-北投,2024-08-14,7792
6838,台新藥,11,2,9,國票-北投,2024-08-14,7792
3147,大綜,7,0,7,國票-北投,2024-08-14,7792
3163,波若威,53,46,7,國票-北投,2024-08-14,7792
3622,洋華,7,0,7,國票-北投,2024-08-14,7792
5512,力麒,7,0,7,國票-北投,2024-08-14,7792
00725B,國泰投資級公司債,6,0,6,國票-北投,2024-08-14,7792
2351,順德,6,0,6,國票-北投,2024-08-14,7792
9904,寶成,10,4,6,國票-北投,2024-08-14,7792
00722B,群益投資級電信債,5,0,5,國票-北投,2024-08-14,7792
1514,亞力,9,4,5,國票-北投,2024-08-14,7792
1795,美時,6,1,5,國票-北投,2024-08-14,7792
2338,光罩,10,5,5,國票-北投,2024-08-14,7792
2464,盟立,7,2,5,國票-北投,2024-08-14,7792
4726,永昕,7,2,5,國票-北投,2024-08-14,7792
4989,榮科,5,0,5,國票-北投,2024-08-14,7792
6104,創惟,6,1,5,國票-北投,2024-08-14,7792
6120,達運,5,0,5,國票-北投,2024-08-14,7792
6532,瑞耘,5,0,5,國票-北投,2024-08-14,7792
2880,華南金,5,1,4,國票-北投,2024-08-14,7792
4137,麗豐-KY,4,0,4,國票-北投,2024-08-14,7792
4555,氣立,4,0,4,國票-北投,2024-08-14,7792
2330,台積電,16,12,4,國票-北投,2024-08-14,7792
2392,正崴,4,1,3,國票-北投,2024-08-14,7792
2356,英業達,6,3,3,國票-北投,2024-08-14,7792
2615,萬海,6,3,3,國票-北投,2024-08-14,7792
2603,長榮,5,2,3,國票-北投,2024-08-14,7792
00632R,元大台灣50反1,225,0,225,國票-北投,2024-08-15,7792
00687B,國泰20年美債,227,40,187,國票-北投,2024-08-15,7792
00679B,元大美債20年,306,191,115,國票-北投,2024-08-15,7792
00940,元大台灣價值高息,62,20,42,國票-北投,2024-08-15,7792
2317,鴻海,39,4,35,國票-北投,2024-08-15,7792
2528,皇普,30,0,30,國票-北投,2024-08-15,7792
3032,偉訓,30,0,30,國票-北投,2024-08-15,7792
5609,中菲行,29,0,29,國票-北投,2024-08-15,7792
00933B,國泰10Y+金融債,28,0,28,國票-北投,2024-08-15,7792
00680L,元大美債20正2,25,0,25,國票-北投,2024-08-15,7792
3207,耀勝,23,0,23,國票-北投,2024-08-15,7792
1301,台塑,21,0,21,國票-北投,2024-08-15,7792
2539,櫻花建,20,0,20,國票-北投,2024-08-15,7792
5469,瀚宇博,50,30,20,國票-北投,2024-08-15,7792
3715,定穎投控,21,5,16,國票-北投,2024-08-15,7792
00878,國泰永續高股息,28,12,16,國票-北投,2024-08-15,7792
00929,復華台灣科技優息,16,0,16,國票-北投,2024-08-15,7792
2204,中華,15,0,15,國票-北投,2024-08-15,7792
4533,協易機,15,0,15,國票-北投,2024-08-15,7792
6679,鈺太,14,0,14,國票-北投,2024-08-15,7792
00948B,中信優息投資級債,12,0,12,國票-北投,2024-08-15,7792
2374,佳能,15,3,12,國票-北投,2024-08-15,7792
2489,瑞軒,35,24,11,國票-北投,2024-08-15,7792
8069,元太,13,2,11,國票-北投,2024-08-15,7792
1303,南亞,10,0,10,國票-北投,2024-08-15,7792
1611,中電,10,0,10,國票-北投,2024-08-15,7792
1909,榮成,10,0,10,國票-北投,2024-08-15,7792
2010,春源,10,0,10,國票-北投,2024-08-15,7792
4716,大立,10,0,10,國票-北投,2024-08-15,7792
00891,中信關鍵半導體,8,0,8,國票-北投,2024-08-15,7792
4576,大銀微系統,9,1,8,國票-北投,2024-08-15,7792
3450,聯鈞,21,14,7,國票-北投,2024-08-15,7792
8076,伍豐,7,0,7,國票-北投,2024-08-15,7792
2376,技嘉,13,6,7,國票-北投,2024-08-15,7792
3376,新日興,12,5,7,國票-北投,2024-08-15,7792
6213,聯茂,7,0,7,國票-北投,2024-08-15,7792
2327,國巨,6,0,6,國票-北投,2024-08-15,7792
4542,科嶠,6,0,6,國票-北投,2024-08-15,7792
8404,百和興業-KY,6,0,6,國票-北投,2024-08-15,7792
9945,潤泰新,9,3,6,國票-北投,2024-08-15,7792
1101,台泥,6,1,5,國票-北投,2024-08-15,7792
00907,永豐優息存股,5,0,5,國票-北投,2024-08-15,7792
00752,中信中國50,5,0,5,國票-北投,2024-08-15,7792
1513,中興電,7,2,5,國票-北投,2024-08-15,7792
1514,亞力,18,13,5,國票-北投,2024-08-15,7792
2312,金寶,16,11,5,國票-北投,2024-08-15,7792
2324,仁寶,6,1,5,國票-北投,2024-08-15,7792
2359,所羅門,13,8,5,國票-北投,2024-08-15,7792
2408,南亞科,5,0,5,國票-北投,2024-08-15,7792
4906,正文,5,0,5,國票-北投,2024-08-15,7792
00687B,國泰20年美債,312,0,312,國票-北投,2024-08-16,7792
00679B,元大美債20年,306,0,306,國票-北投,2024-08-16,7792
2528,皇普,50,0,50,國票-北投,2024-08-16,7792
00632R,元大台灣50反1,41,20,21,國票-北投,2024-08-16,7792
2515,中工,20,0,20,國票-北投,2024-08-16,7792
2409,友達,20,1,19,國票-北投,2024-08-16,7792
00931B,統一美債20年,18,0,18,國票-北投,2024-08-16,7792
2610,華航,18,0,18,國票-北投,2024-08-16,7792
2365,昆盈,35,19,16,國票-北投,2024-08-16,7792
4526,東台,19,3,16,國票-北投,2024-08-16,7792
8096,擎亞,637,621,16,國票-北投,2024-08-16,7792
2537,聯上發,15,0,15,國票-北投,2024-08-16,7792
00722B,群益投資級電信債,14,0,14,國票-北投,2024-08-16,7792
6706,惠特,14,0,14,國票-北投,2024-08-16,7792
2359,所羅門,20,8,12,國票-北投,2024-08-16,7792
00753L,中信中國50正2,10,0,10,國票-北投,2024-08-16,7792
1611,中電,10,0,10,國票-北投,2024-08-16,7792
1815,富喬,10,0,10,國票-北投,2024-08-16,7792
2890,永豐金,10,0,10,國票-北投,2024-08-16,7792
6163,華電網,10,0,10,國票-北投,2024-08-16,7792
8070,長華*,13,3,10,國票-北投,2024-08-16,7792
1101,台泥,11,2,9,國票-北投,2024-08-16,7792
00900,富邦特選高股息30,9,0,9,國票-北投,2024-08-16,7792
2374,佳能,8,0,8,國票-北投,2024-08-16,7792
2062,橋椿,7,0,7,國票-北投,2024-08-16,7792
3056,富華新,10,3,7,國票-北投,2024-08-16,7792
3706,神達,8,2,6,國票-北投,2024-08-16,7792
5347,世界,6,0,6,國票-北投,2024-08-16,7792
1560,中砂,7,1,6,國票-北投,2024-08-16,7792
1584,精剛,6,0,6,國票-北投,2024-08-16,7792
2891,中信金,6,0,6,國票-北投,2024-08-16,7792
2504,國產,5,0,5,國票-北投,2024-08-16,7792
1527,鑽全,5,0,5,國票-北投,2024-08-16,7792
1609,大亞,6,1,5,國票-北投,2024-08-16,7792
2497,怡利電,5,0,5,國票-北投,2024-08-16,7792
3498,陽程,5,0,5,國票-北投,2024-08-16,7792
6173,信昌電,5,0,5,國票-北投,2024-08-16,7792
6228,全譜,5,0,5,國票-北投,2024-08-16,7792
00680L,元大美債20正2,6,2,4,國票-北投,2024-08-16,7792
2464,盟立,17,13,4,國票-北投,2024-08-16,7792
2454,聯發科,5,1,4,國票-北投,2024-08-16,7792
2615,萬海,7,4,3,國票-北投,2024-08-16,7792
1907,永豐餘,3,0,3,國票-北投,2024-08-16,7792
2208,台船,3,0,3,國票-北投,2024-08-16,7792
2505,國揚,3,0,3,國票-北投,2024-08-16,7792
4958,臻鼎-KY,3,0,3,國票-北投,2024-08-16,7792
6603,富強鑫,4,1,3,國票-北投,2024-08-16,7792
6609,瀧澤科,3,0,3,國票-北投,2024-08-16,7792
4540,全球傳動,5,3,2,國票-北投,2024-08-16,7792
00795B,中信美國公債20年,2,0,2,國票-北投,2024-08-16,7792
00687B,國泰20年美債,588,2,586,國票-北投,2024-08-19,7792
2888,新光金,526,21,505,國票-北投,2024-08-19,7792
00948B,中信優息投資級債,111,0,111,國票-北投,2024-08-19,7792
00937B,群益ESG投等債20,70,1,69,國票-北投,2024-08-19,7792
2405,輔信,52,1,51,國票-北投,2024-08-19,7792
2610,華航,40,0,40,國票-北投,2024-08-19,7792
3047,訊舟,25,1,24,國票-北投,2024-08-19,7792
3048,益登,20,0,20,國票-北投,2024-08-19,7792
2002,中鋼,21,2,19,國票-北投,2024-08-19,7792
4561,健椿,16,1,15,國票-北投,2024-08-19,7792
00665L,富邦�琤肭磪囓�2,15,0,15,國票-北投,2024-08-19,7792
1301,台塑,12,0,12,國票-北投,2024-08-19,7792
2317,鴻海,19,8,11,國票-北投,2024-08-19,7792
00637L,元大滬深300正2,20,9,11,國票-北投,2024-08-19,7792
00680L,元大美債20正2,11,0,11,國票-北投,2024-08-19,7792
1409,新纖,11,0,11,國票-北投,2024-08-19,7792
9902,台火,13,2,11,國票-北投,2024-08-19,7792
2364,倫飛,10,0,10,國票-北投,2024-08-19,7792
1611,中電,10,0,10,國票-北投,2024-08-19,7792
9904,寶成,10,0,10,國票-北投,2024-08-19,7792
00669R,國泰美國道瓊反1,10,0,10,國票-北投,2024-08-19,7792
3147,大綜,10,0,10,國票-北投,2024-08-19,7792
6451,訊芯-KY,11,1,10,國票-北投,2024-08-19,7792
8374,羅昇,17,7,10,國票-北投,2024-08-19,7792
8473,山林水,10,0,10,國票-北投,2024-08-19,7792
2323,中環,10,1,9,國票-北投,2024-08-19,7792
3450,聯鈞,11,2,9,國票-北投,2024-08-19,7792
5347,世界,26,18,8,國票-北投,2024-08-19,7792
2486,一詮,8,0,8,國票-北投,2024-08-19,7792
3706,神達,7,0,7,國票-北投,2024-08-19,7792
1609,大亞,7,0,7,國票-北投,2024-08-19,7792
2382,廣達,6,0,6,國票-北投,2024-08-19,7792
2915,潤泰全,11,5,6,國票-北投,2024-08-19,7792
3013,晟銘電,21,16,5,國票-北投,2024-08-19,7792
5483,中美晶,5,0,5,國票-北投,2024-08-19,7792
2881,富邦金,5,0,5,國票-北投,2024-08-19,7792
2362,藍天,7,2,5,國票-北投,2024-08-19,7792
3645,達邁,19,14,5,國票-北投,2024-08-19,7792
6152,百一,5,0,5,國票-北投,2024-08-19,7792
6188,廣明,5,0,5,國票-北投,2024-08-19,7792
6462,神盾,5,0,5,國票-北投,2024-08-19,7792
2891,中信金,4,0,4,國票-北投,2024-08-19,7792
2101,南港,4,0,4,國票-北投,2024-08-19,7792
00940,元大台灣價值高息,4,0,4,國票-北投,2024-08-19,7792
1532,勤美,4,0,4,國票-北投,2024-08-19,7792
2349,錸德,4,0,4,國票-北投,2024-08-19,7792
2354,鴻準,21,17,4,國票-北投,2024-08-19,7792
2397,友通,4,0,4,國票-北投,2024-08-19,7792
2887,台新金,4,0,4,國票-北投,2024-08-19,7792
3032,偉訓,4,0,4,國票-北投,2024-08-19,7792
00679B,元大美債20年,423,0,423,國票-北投,2024-08-20,7792
00687B,國泰20年美債,159,5,154,國票-北投,2024-08-20,7792
9105,泰金寶-DR,100,4,96,國票-北投,2024-08-20,7792
9958,世紀鋼,62,11,51,國票-北投,2024-08-20,7792
3707,漢磊,50,1,49,國票-北投,2024-08-20,7792
00878,國泰永續高股息,35,0,35,國票-北投,2024-08-20,7792
00715L,期街口布蘭特正2,32,0,32,國票-北投,2024-08-20,7792
1220,台榮,30,0,30,國票-北投,2024-08-20,7792
4903,聯光通,40,10,30,國票-北投,2024-08-20,7792
2365,昆盈,42,16,26,國票-北投,2024-08-20,7792
1301,台塑,23,1,22,國票-北投,2024-08-20,7792
00939,統一台灣高息動能,20,0,20,國票-北投,2024-08-20,7792
2539,櫻花建,20,0,20,國票-北投,2024-08-20,7792
6530,創威,20,0,20,國票-北投,2024-08-20,7792
2385,群光,19,2,17,國票-北投,2024-08-20,7792
3048,益登,20,6,14,國票-北投,2024-08-20,7792
00929,復華台灣科技優息,13,0,13,國票-北投,2024-08-20,7792
8028,昇陽半導體,27,15,12,國票-北投,2024-08-20,7792
3706,神達,13,1,12,國票-北投,2024-08-20,7792
4510,高鋒,12,0,12,國票-北投,2024-08-20,7792
2882,國泰金,12,0,12,國票-北投,2024-08-20,7792
2243,宏旭-KY,11,0,11,國票-北投,2024-08-20,7792
2356,英業達,11,1,10,國票-北投,2024-08-20,7792
2371,大同,16,6,10,國票-北投,2024-08-20,7792
1714,和桐,10,0,10,國票-北投,2024-08-20,7792
8070,長華*,10,0,10,國票-北投,2024-08-20,7792
8105,凌巨,12,2,10,國票-北投,2024-08-20,7792
2528,皇普,10,0,10,國票-北投,2024-08-20,7792
2881,富邦金,9,0,9,國票-北投,2024-08-20,7792
2374,佳能,213,205,8,國票-北投,2024-08-20,7792
3019,亞光,15,7,8,國票-北投,2024-08-20,7792
3312,弘憶股,14,6,8,國票-北投,2024-08-20,7792
1584,精剛,8,0,8,國票-北投,2024-08-20,7792
3594,磐儀,10,2,8,國票-北投,2024-08-20,7792
2464,盟立,8,1,7,國票-北投,2024-08-20,7792
2609,陽明,9,2,7,國票-北投,2024-08-20,7792
6139,亞翔,7,0,7,國票-北投,2024-08-20,7792
1321,大洋,6,0,6,國票-北投,2024-08-20,7792
2323,中環,12,6,6,國票-北投,2024-08-20,7792
2408,南亞科,6,0,6,國票-北投,2024-08-20,7792
2543,皇昌,6,0,6,國票-北投,2024-08-20,7792
6191,精成科,6,0,6,國票-北投,2024-08-20,7792
2880,華南金,10,5,5,國票-北投,2024-08-20,7792
9945,潤泰新,5,0,5,國票-北投,2024-08-20,7792
00934,中信成長高股息,5,0,5,國票-北投,2024-08-20,7792
1474,弘裕,5,0,5,國票-北投,2024-08-20,7792
2002,中鋼,5,0,5,國票-北投,2024-08-20,7792
2405,輔信,9,4,5,國票-北投,2024-08-20,7792
2530,華建,5,0,5,國票-北投,2024-08-20,7792
2834,臺企銀,5,0,5,國票-北投,2024-08-20,7792
00687B,國泰20年美債,310,14,296,國票-北投,2024-08-21,7792
00679B,元大美債20年,201,0,201,國票-北投,2024-08-21,7792
3013,晟銘電,120,2,118,國票-北投,2024-08-21,7792
2891,中信金,49,3,46,國票-北投,2024-08-21,7792
00953B,群益優選非投等債,136,90,46,國票-北投,2024-08-21,7792
00948B,中信優息投資級債,37,0,37,國票-北投,2024-08-21,7792
00878,國泰永續高股息,35,0,35,國票-北投,2024-08-21,7792
2836,高雄銀,27,0,27,國票-北投,2024-08-21,7792
6191,精成科,31,5,26,國票-北投,2024-08-21,7792
3715,定穎投控,21,0,21,國票-北投,2024-08-21,7792
9105,泰金寶-DR,20,0,20,國票-北投,2024-08-21,7792
2886,兆豐金,19,0,19,國票-北投,2024-08-21,7792
2330,台積電,15,0,15,國票-北投,2024-08-21,7792
00752,中信中國50,15,0,15,國票-北投,2024-08-21,7792
2312,金寶,15,1,14,國票-北投,2024-08-21,7792
2317,鴻海,18,4,14,國票-北投,2024-08-21,7792
00919,群益台灣精選高息,14,0,14,國票-北投,2024-08-21,7792
2880,華南金,13,0,13,國票-北投,2024-08-21,7792
6617,共信-KY,13,0,13,國票-北投,2024-08-21,7792
2449,京元電子,11,0,11,國票-北投,2024-08-21,7792
2890,永豐金,11,0,11,國票-北投,2024-08-21,7792
8054,安國,14,3,11,國票-北投,2024-08-21,7792
6505,台塑化,10,0,10,國票-北投,2024-08-21,7792
1301,台塑,10,0,10,國票-北投,2024-08-21,7792
1409,新纖,12,2,10,國票-北投,2024-08-21,7792
2329,華泰,10,0,10,國票-北投,2024-08-21,7792
2528,皇普,10,0,10,國票-北投,2024-08-21,7792
2867,三商壽,10,0,10,國票-北投,2024-08-21,7792
2885,元大金,11,1,10,國票-北投,2024-08-21,7792
8089,康全電訊,10,0,10,國票-北投,2024-08-21,7792
9935,慶豐富,10,0,10,國票-北投,2024-08-21,7792
00715L,期街口布蘭特正2,9,0,9,國票-北投,2024-08-21,7792
2834,臺企銀,11,2,9,國票-北投,2024-08-21,7792
00881,國泰台灣5G+,8,0,8,國票-北投,2024-08-21,7792
2351,順德,8,0,8,國票-北投,2024-08-21,7792
3712,永崴投控,8,0,8,國票-北投,2024-08-21,7792
2542,興富發,7,0,7,國票-北投,2024-08-21,7792
2002,中鋼,10,3,7,國票-北投,2024-08-21,7792
6679,鈺太,7,0,7,國票-北投,2024-08-21,7792
2364,倫飛,11,5,6,國票-北投,2024-08-21,7792
2543,皇昌,6,0,6,國票-北投,2024-08-21,7792
3019,亞光,22,16,6,國票-北投,2024-08-21,7792
5515,建國,6,0,6,國票-北投,2024-08-21,7792
00929,復華台灣科技優息,5,0,5,國票-北投,2024-08-21,7792
2338,光罩,5,0,5,國票-北投,2024-08-21,7792
4532,瑞智,5,0,5,國票-北投,2024-08-21,7792
2353,宏��,5,0,5,國票-北投,2024-08-21,7792
2371,大同,12,7,5,國票-北投,2024-08-21,7792
2308,台達電,6,1,5,國票-北投,2024-08-21,7792
3163,波若威,57,52,5,國票-北投,2024-08-21,7792
3037,欣興,134,5,129,國票-北投,2024-08-22,7792
00632R,元大台灣50反1,100,0,100,國票-北投,2024-08-22,7792
00687B,國泰20年美債,91,0,91,國票-北投,2024-08-22,7792
00679B,元大美債20年,90,0,90,國票-北投,2024-08-22,7792
2317,鴻海,92,3,89,國票-北投,2024-08-22,7792
6216,居易,60,0,60,國票-北投,2024-08-22,7792
2891,中信金,57,1,56,國票-北投,2024-08-22,7792
3706,神達,31,1,30,國票-北投,2024-08-22,7792
2528,皇普,30,0,30,國票-北投,2024-08-22,7792
2836,高雄銀,24,0,24,國票-北投,2024-08-22,7792
00857B,永豐20年美公債,20,0,20,國票-北投,2024-08-22,7792
3078,僑威,20,0,20,國票-北投,2024-08-22,7792
6125,廣運,17,1,16,國票-北投,2024-08-22,7792
1717,長興,18,3,15,國票-北投,2024-08-22,7792
00715L,期街口布蘭特正2,18,4,14,國票-北投,2024-08-22,7792
2349,錸德,666,652,14,國票-北投,2024-08-22,7792
3163,波若威,28,14,14,國票-北投,2024-08-22,7792
2886,兆豐金,14,0,14,國票-北投,2024-08-22,7792
00929,復華台灣科技優息,13,0,13,國票-北投,2024-08-22,7792
8103,瀚荃,12,0,12,國票-北投,2024-08-22,7792
00953B,群益優選非投等債,11,0,11,國票-北投,2024-08-22,7792
00878,國泰永續高股息,11,0,11,國票-北投,2024-08-22,7792
2489,瑞軒,10,0,10,國票-北投,2024-08-22,7792
2867,三商壽,10,0,10,國票-北投,2024-08-22,7792
5425,台半,10,0,10,國票-北投,2024-08-22,7792
8028,昇陽半導體,33,25,8,國票-北投,2024-08-22,7792
1584,精剛,8,0,8,國票-北投,2024-08-22,7792
5443,均豪,11,3,8,國票-北投,2024-08-22,7792
2543,皇昌,7,0,7,國票-北投,2024-08-22,7792
1597,直得,6,0,6,國票-北投,2024-08-22,7792
1809,中釉,10,4,6,國票-北投,2024-08-22,7792
3048,益登,6,0,6,國票-北投,2024-08-22,7792
4729,熒茂,6,0,6,國票-北投,2024-08-22,7792
5371,中光電,9,3,6,國票-北投,2024-08-22,7792
6139,亞翔,8,2,6,國票-北投,2024-08-22,7792
00642U,期元大S＆P石油,5,0,5,國票-北投,2024-08-22,7792
2365,昆盈,14,9,5,國票-北投,2024-08-22,7792
0056,元大高股息,5,0,5,國票-北投,2024-08-22,7792
00752,中信中國50,5,0,5,國票-北投,2024-08-22,7792
2324,仁寶,10,5,5,國票-北投,2024-08-22,7792
3105,穩懋,5,0,5,國票-北投,2024-08-22,7792
8039,台虹,5,0,5,國票-北投,2024-08-22,7792
00940,元大台灣價值高息,7,2,5,國票-北投,2024-08-22,7792
2890,永豐金,7,3,4,國票-北投,2024-08-22,7792
2362,藍天,5,1,4,國票-北投,2024-08-22,7792
2409,友達,5,1,4,國票-北投,2024-08-22,7792
3059,華晶科,4,0,4,國票-北投,2024-08-22,7792
3312,弘憶股,6,2,4,國票-北投,2024-08-22,7792
5905,南仁湖,4,0,4,國票-北投,2024-08-22,7792
6248,沛波,4,0,4,國票-北投,2024-08-22,7792
00687B,國泰20年美債,47,0,47,國票-北投,2024-08-23,7792
00948B,中信優息投資級債,37,0,37,國票-北投,2024-08-23,7792
00919,群益台灣精選高息,34,0,34,國票-北投,2024-08-23,7792
2836,高雄銀,31,0,31,國票-北投,2024-08-23,7792
00680L,元大美債20正2,30,0,30,國票-北投,2024-08-23,7792
1447,力鵬,30,0,30,國票-北投,2024-08-23,7792
6191,精成科,40,15,25,國票-北投,2024-08-23,7792
00878,國泰永續高股息,23,0,23,國票-北投,2024-08-23,7792
4906,正文,22,0,22,國票-北投,2024-08-23,7792
3260,威剛,20,0,20,國票-北投,2024-08-23,7792
8064,東捷,28,11,17,國票-北投,2024-08-23,7792
6679,鈺太,17,0,17,國票-北投,2024-08-23,7792
2371,大同,25,10,15,國票-北投,2024-08-23,7792
2880,華南金,15,0,15,國票-北投,2024-08-23,7792
00937B,群益ESG投等債20,14,1,13,國票-北投,2024-08-23,7792
1532,勤美,11,0,11,國票-北投,2024-08-23,7792
2349,錸德,18,7,11,國票-北投,2024-08-23,7792
3189,景碩,11,0,11,國票-北投,2024-08-23,7792
6235,華孚,11,0,11,國票-北投,2024-08-23,7792
00933B,國泰10Y+金融債,10,0,10,國票-北投,2024-08-23,7792
00725B,國泰投資級公司債,10,0,10,國票-北投,2024-08-23,7792
4142,國光生,10,0,10,國票-北投,2024-08-23,7792
9105,泰金寶-DR,10,0,10,國票-北投,2024-08-23,7792
2208,台船,14,4,10,國票-北投,2024-08-23,7792
3707,漢磊,13,4,9,國票-北投,2024-08-23,7792
3663,鑫科,13,4,9,國票-北投,2024-08-23,7792
2314,台揚,10,2,8,國票-北投,2024-08-23,7792
3374,精材,10,3,7,國票-北投,2024-08-23,7792
1409,新纖,7,0,7,國票-北投,2024-08-23,7792
3535,晶彩科,7,0,7,國票-北投,2024-08-23,7792
2317,鴻海,16,10,6,國票-北投,2024-08-23,7792
2308,台達電,6,0,6,國票-北投,2024-08-23,7792
1711,永光,2635,2629,6,國票-北投,2024-08-23,7792
2330,台積電,5,0,5,國票-北投,2024-08-23,7792
2891,中信金,19,14,5,國票-北投,2024-08-23,7792
2886,兆豐金,5,0,5,國票-北投,2024-08-23,7792
00712,復華富時不動產,5,0,5,國票-北投,2024-08-23,7792
00946,群益科技高息成長,5,0,5,國票-北投,2024-08-23,7792
2363,矽統,5,0,5,國票-北投,2024-08-23,7792
2408,南亞科,5,0,5,國票-北投,2024-08-23,7792
2543,皇昌,5,0,5,國票-北投,2024-08-23,7792
3297,杭特,5,0,5,國票-北投,2024-08-23,7792
5364,力麗店,5,0,5,國票-北投,2024-08-23,7792
5381,合正,5,0,5,國票-北投,2024-08-23,7792
8089,康全電訊,5,0,5,國票-北投,2024-08-23,7792
00929,復華台灣科技優息,6,1,5,國票-北投,2024-08-23,7792
0056,元大高股息,4,0,4,國票-北投,2024-08-23,7792
00953B,群益優選非投等債,20,16,4,國票-北投,2024-08-23,7792
2421,建準,4,0,4,國票-北投,2024-08-23,7792
4919,新唐,4,0,4,國票-北投,2024-08-23,7792
1442,名軒,120,0,120,國票-北投,2024-08-26,7792
2891,中信金,80,5,75,國票-北投,2024-08-26,7792
2887,台新金,75,3,72,國票-北投,2024-08-26,7792
00929,復華台灣科技優息,73,20,53,國票-北投,2024-08-26,7792
2836,高雄銀,30,0,30,國票-北投,2024-08-26,7792
00687B,國泰20年美債,23,0,23,國票-北投,2024-08-26,7792
00948B,中信優息投資級債,22,0,22,國票-北投,2024-08-26,7792
3078,僑威,21,0,21,國票-北投,2024-08-26,7792
4303,信立,21,1,20,國票-北投,2024-08-26,7792
2344,華邦電,21,1,20,國票-北投,2024-08-26,7792
2421,建準,19,0,19,國票-北投,2024-08-26,7792
3580,友威科,23,6,17,國票-北投,2024-08-26,7792
2208,台船,25,10,15,國票-北投,2024-08-26,7792
2409,友達,22,7,15,國票-北投,2024-08-26,7792
2417,圓剛,14,1,13,國票-北投,2024-08-26,7792
00637L,元大滬深300正2,12,0,12,國票-北投,2024-08-26,7792
00919,群益台灣精選高息,12,0,12,國票-北投,2024-08-26,7792
00934,中信成長高股息,11,0,11,國票-北投,2024-08-26,7792
00933B,國泰10Y+金融債,10,0,10,國票-北投,2024-08-26,7792
3289,宜特,10,0,10,國票-北投,2024-08-26,7792
6185,幃翔,10,0,10,國票-北投,2024-08-26,7792
2890,永豐金,11,1,10,國票-北投,2024-08-26,7792
2886,兆豐金,9,0,9,國票-北投,2024-08-26,7792
3044,健鼎,13,4,9,國票-北投,2024-08-26,7792
2357,華碩,10,1,9,國票-北投,2024-08-26,7792
6679,鈺太,8,0,8,國票-北投,2024-08-26,7792
4561,健椿,11,3,8,國票-北投,2024-08-26,7792
2408,南亞科,7,0,7,國票-北投,2024-08-26,7792
3583,辛耘,10,3,7,國票-北投,2024-08-26,7792
1409,新纖,6,0,6,國票-北投,2024-08-26,7792
2472,立隆電,6,0,6,國票-北投,2024-08-26,7792
3706,神達,5,0,5,國票-北投,2024-08-26,7792
1608,華榮,7,2,5,國票-北投,2024-08-26,7792
2324,仁寶,5,0,5,國票-北投,2024-08-26,7792
3017,奇鋐,7,2,5,國票-北投,2024-08-26,7792
3312,弘憶股,8,3,5,國票-北投,2024-08-26,7792
3406,玉晶光,6,1,5,國票-北投,2024-08-26,7792
3483,力致,6,1,5,國票-北投,2024-08-26,7792
4722,國精化,5,0,5,國票-北投,2024-08-26,7792
6120,達運,5,0,5,國票-北投,2024-08-26,7792
6719,力智,7,2,5,國票-北投,2024-08-26,7792
8210,勤誠,5,0,5,國票-北投,2024-08-26,7792
8028,昇陽半導體,108,103,5,國票-北投,2024-08-26,7792
9945,潤泰新,4,0,4,國票-北投,2024-08-26,7792
1785,光洋科,4,0,4,國票-北投,2024-08-26,7792
2520,冠德,4,0,4,國票-北投,2024-08-26,7792
3376,新日興,4,0,4,國票-北投,2024-08-26,7792
4126,太醫,4,0,4,國票-北投,2024-08-26,7792
4513,福裕,7,3,4,國票-北投,2024-08-26,7792
8043,蜜望實,7,3,4,國票-北投,2024-08-26,7792
00948B,中信優息投資級債,74,0,74,國票-北投,2024-08-27,7792
2891,中信金,72,1,71,國票-北投,2024-08-27,7792
3707,漢磊,49,4,45,國票-北投,2024-08-27,7792
3481,群創,47,6,41,國票-北投,2024-08-27,7792
00919,群益台灣精選高息,39,0,39,國票-北投,2024-08-27,7792
3078,僑威,30,0,30,國票-北投,2024-08-27,7792
2887,台新金,21,0,21,國票-北投,2024-08-27,7792
00940,元大台灣價值高息,21,0,21,國票-北投,2024-08-27,7792
2323,中環,20,1,19,國票-北投,2024-08-27,7792
8096,擎亞,20,1,19,國票-北投,2024-08-27,7792
2610,華航,17,1,16,國票-北投,2024-08-27,7792
8027,鈦昇,16,0,16,國票-北投,2024-08-27,7792
00673R,期元大S＆P原油反1,15,0,15,國票-北投,2024-08-27,7792
00953B,群益優選非投等債,13,0,13,國票-北投,2024-08-27,7792
1711,永光,48,35,13,國票-北投,2024-08-27,7792
1301,台塑,11,0,11,國票-北投,2024-08-27,7792
2344,華邦電,12,1,11,國票-北投,2024-08-27,7792
2609,陽明,13,3,10,國票-北投,2024-08-27,7792
00933B,國泰10Y+金融債,10,0,10,國票-北投,2024-08-27,7792
00955,中信日本商社,10,0,10,國票-北投,2024-08-27,7792
00956,中信日經高股息,10,0,10,國票-北投,2024-08-27,7792
1536,和大,10,0,10,國票-北投,2024-08-27,7792
2867,三商壽,11,1,10,國票-北投,2024-08-27,7792
5871,中租-KY,10,0,10,國票-北投,2024-08-27,7792
5364,力麗店,8,0,8,國票-北投,2024-08-27,7792
6191,精成科,18,10,8,國票-北投,2024-08-27,7792
8028,昇陽半導體,17,10,7,國票-北投,2024-08-27,7792
2303,聯電,7,0,7,國票-北投,2024-08-27,7792
2615,萬海,7,0,7,國票-北投,2024-08-27,7792
1722,台肥,7,0,7,國票-北投,2024-08-27,7792
2399,映泰,17,11,6,國票-北投,2024-08-27,7792
1721,三晃,10,4,6,國票-北投,2024-08-27,7792
2327,國巨,6,0,6,國票-北投,2024-08-27,7792
2402,毅嘉,33,27,6,國票-北投,2024-08-27,7792
3019,亞光,17,11,6,國票-北投,2024-08-27,7792
3289,宜特,6,0,6,國票-北投,2024-08-27,7792
6151,晉倫,74,68,6,國票-北投,2024-08-27,7792
8103,瀚荃,6,0,6,國票-北投,2024-08-27,7792
00929,復華台灣科技優息,6,0,6,國票-北投,2024-08-27,7792
1101,台泥,5,0,5,國票-北投,2024-08-27,7792
3706,神達,6,1,5,國票-北投,2024-08-27,7792
1474,弘裕,5,0,5,國票-北投,2024-08-27,7792
2349,錸德,5,0,5,國票-北投,2024-08-27,7792
2421,建準,5,0,5,國票-北投,2024-08-27,7792
3260,威剛,5,0,5,國票-北投,2024-08-27,7792
3715,定穎投控,6,1,5,國票-北投,2024-08-27,7792
00687B,國泰20年美債,4,0,4,國票-北投,2024-08-27,7792
1409,新纖,4,0,4,國票-北投,2024-08-27,7792
1513,中興電,4,0,4,國票-北投,2024-08-27,7792
2368,金像電,4,0,4,國票-北投,2024-08-27,7792
3481,群創,259,18,241,國票-北投,2024-08-28,7792
2891,中信金,124,6,118,國票-北投,2024-08-28,7792
00679B,元大美債20年,108,0,108,國票-北投,2024-08-28,7792
00919,群益台灣精選高息,51,5,46,國票-北投,2024-08-28,7792
00948B,中信優息投資級債,37,0,37,國票-北投,2024-08-28,7792
00940,元大台灣價值高息,35,0,35,國票-北投,2024-08-28,7792
00953B,群益優選非投等債,30,0,30,國票-北投,2024-08-28,7792
2498,宏達電,47,22,25,國票-北投,2024-08-28,7792
2887,台新金,22,0,22,國票-北投,2024-08-28,7792
8064,東捷,22,2,20,國票-北投,2024-08-28,7792
2890,永豐金,17,0,17,國票-北投,2024-08-28,7792
1609,大亞,16,0,16,國票-北投,2024-08-28,7792
00937B,群益ESG投等債20,15,1,14,國票-北投,2024-08-28,7792
8039,台虹,22,8,14,國票-北投,2024-08-28,7792
1536,和大,11,0,11,國票-北投,2024-08-28,7792
2062,橋椿,11,0,11,國票-北投,2024-08-28,7792
2405,輔信,11,0,11,國票-北投,2024-08-28,7792
2464,盟立,14,3,11,國票-北投,2024-08-28,7792
3078,僑威,12,1,11,國票-北投,2024-08-28,7792
00939,統一台灣高息動能,10,0,10,國票-北投,2024-08-28,7792
00637L,元大滬深300正2,30,20,10,國票-北投,2024-08-28,7792
1611,中電,10,0,10,國票-北投,2024-08-28,7792
2393,億光,10,0,10,國票-北投,2024-08-28,7792
3673,TPK-KY,12,2,10,國票-北投,2024-08-28,7792
4306,炎洲,10,0,10,國票-北投,2024-08-28,7792
8027,鈦昇,10,0,10,國票-北投,2024-08-28,7792
2402,毅嘉,23,14,9,國票-北投,2024-08-28,7792
2465,麗臺,9,0,9,國票-北投,2024-08-28,7792
00904,新光臺灣半導體30,8,0,8,國票-北投,2024-08-28,7792
2454,聯發科,8,1,7,國票-北投,2024-08-28,7792
2880,華南金,9,2,7,國票-北投,2024-08-28,7792
1711,永光,11,4,7,國票-北投,2024-08-28,7792
3149,正達,15,8,7,國票-北投,2024-08-28,7792
6244,茂迪,7,0,7,國票-北投,2024-08-28,7792
6451,訊芯-KY,9,2,7,國票-北投,2024-08-28,7792
2426,鼎元,6,0,6,國票-北投,2024-08-28,7792
3265,台星科,6,0,6,國票-北投,2024-08-28,7792
6120,達運,6,0,6,國票-北投,2024-08-28,7792
2912,統一超,6,0,6,國票-北投,2024-08-28,7792
00673R,期元大S＆P原油反1,20,15,5,國票-北投,2024-08-28,7792
00752,中信中國50,5,0,5,國票-北投,2024-08-28,7792
2376,技嘉,5,0,5,國票-北投,2024-08-28,7792
3447,展達,5,0,5,國票-北投,2024-08-28,7792
3515,華擎,5,0,5,國票-北投,2024-08-28,7792
4174,浩鼎,5,0,5,國票-北投,2024-08-28,7792
6875,國邑*,5,0,5,國票-北投,2024-08-28,7792
8043,蜜望實,5,0,5,國票-北投,2024-08-28,7792
9919,康那香,5,0,5,國票-北投,2024-08-28,7792
00935,野村臺灣新科技50,4,0,4,國票-北投,2024-08-28,7792
2425,承啟,5,1,4,國票-北投,2024-08-28,7792
00948B,中信優息投資級債,139,0,139,國票-北投,2024-08-29,7792
2891,中信金,124,3,121,國票-北投,2024-08-29,7792
00687B,國泰20年美債,76,10,66,國票-北投,2024-08-29,7792
5469,瀚宇博,40,0,40,國票-北投,2024-08-29,7792
2330,台積電,42,2,40,國票-北投,2024-08-29,7792
2362,藍天,30,0,30,國票-北投,2024-08-29,7792
6213,聯茂,23,0,23,國票-北投,2024-08-29,7792
6151,晉倫,22,0,22,國票-北投,2024-08-29,7792
00929,復華台灣科技優息,21,0,21,國票-北投,2024-08-29,7792
4716,大立,20,0,20,國票-北投,2024-08-29,7792
8064,東捷,21,1,20,國票-北投,2024-08-29,7792
00937B,群益ESG投等債20,19,1,18,國票-北投,2024-08-29,7792
4510,高鋒,17,1,16,國票-北投,2024-08-29,7792
00715L,期街口布蘭特正2,12,0,12,國票-北投,2024-08-29,7792
3437,榮創,11,0,11,國票-北投,2024-08-29,7792
8404,百和興業-KY,11,0,11,國票-北投,2024-08-29,7792
2331,精英,10,0,10,國票-北投,2024-08-29,7792
2887,台新金,10,0,10,國票-北投,2024-08-29,7792
3260,威剛,11,1,10,國票-北投,2024-08-29,7792
3669,圓展,10,0,10,國票-北投,2024-08-29,7792
6477,安集,10,0,10,國票-北投,2024-08-29,7792
8076,伍豐,10,0,10,國票-北投,2024-08-29,7792
1597,直得,11,2,9,國票-北投,2024-08-29,7792
4563,百德,19,10,9,國票-北投,2024-08-29,7792
1540,喬福,10,3,7,國票-北投,2024-08-29,7792
2337,旺宏,7,0,7,國票-北投,2024-08-29,7792
1584,精剛,8,2,6,國票-北投,2024-08-29,7792
1609,大亞,6,0,6,國票-北投,2024-08-29,7792
3673,TPK-KY,6,0,6,國票-北投,2024-08-29,7792
5443,均豪,19,13,6,國票-北投,2024-08-29,7792
8069,元太,6,0,6,國票-北投,2024-08-29,7792
0050,元大台灣50,5,0,5,國票-北投,2024-08-29,7792
1301,台塑,5,0,5,國票-北投,2024-08-29,7792
2356,英業達,7,2,5,國票-北投,2024-08-29,7792
6180,橘子,5,0,5,國票-北投,2024-08-29,7792
00923,群益台ESG低碳50,5,0,5,國票-北投,2024-08-29,7792
00940,元大台灣價值高息,10,5,5,國票-北投,2024-08-29,7792
1108,幸福,5,0,5,國票-北投,2024-08-29,7792
1319,東陽,5,0,5,國票-北投,2024-08-29,7792
1711,永光,55,50,5,國票-北投,2024-08-29,7792
2421,建準,5,0,5,國票-北投,2024-08-29,7792
2515,中工,5,0,5,國票-北投,2024-08-29,7792
2867,三商壽,5,0,5,國票-北投,2024-08-29,7792
3086,華義,5,0,5,國票-北投,2024-08-29,7792
3611,鼎翰,5,0,5,國票-北投,2024-08-29,7792
4979,華星光,7,2,5,國票-北投,2024-08-29,7792
5483,中美晶,5,0,5,國票-北投,2024-08-29,7792
6163,華電網,5,0,5,國票-北投,2024-08-29,7792
8054,安國,5,0,5,國票-北投,2024-08-29,7792
8070,長華*,5,0,5,國票-北投,2024-08-29,7792
00948B,中信優息投資級債,46,0,46,國票-北投,2024-08-30,7792
3081,聯亞,48,5,43,國票-北投,2024-08-30,7792
6153,嘉聯益,47,10,37,國票-北投,2024-08-30,7792
6603,富強鑫,33,0,33,國票-北投,2024-08-30,7792
1326,台化,30,0,30,國票-北投,2024-08-30,7792
2352,佳世達,30,0,30,國票-北投,2024-08-30,7792
2812,台中銀,27,1,26,國票-北投,2024-08-30,7792
2313,華通,29,6,23,國票-北投,2024-08-30,7792
2425,承啟,26,3,23,國票-北投,2024-08-30,7792
4303,信立,22,1,21,國票-北投,2024-08-30,7792
2892,第一金,20,0,20,國票-北投,2024-08-30,7792
2610,華航,16,1,15,國票-北投,2024-08-30,7792
2887,台新金,12,0,12,國票-北投,2024-08-30,7792
3047,訊舟,12,0,12,國票-北投,2024-08-30,7792
00720B,元大投資級公司債,11,0,11,國票-北投,2024-08-30,7792
00940,元大台灣價值高息,16,5,11,國票-北投,2024-08-30,7792
00953B,群益優選非投等債,10,0,10,國票-北投,2024-08-30,7792
1734,杏輝,10,0,10,國票-北投,2024-08-30,7792
2330,台積電,10,0,10,國票-北投,2024-08-30,7792
1815,富喬,10,0,10,國票-北投,2024-08-30,7792
2891,中信金,10,0,10,國票-北投,2024-08-30,7792
2367,燿華,73,64,9,國票-北投,2024-08-30,7792
4933,友輝,9,0,9,國票-北投,2024-08-30,7792
8404,百和興業-KY,9,0,9,國票-北投,2024-08-30,7792
00929,復華台灣科技優息,11,2,9,國票-北投,2024-08-30,7792
6257,矽格,14,6,8,國票-北投,2024-08-30,7792
6472,保瑞,8,1,7,國票-北投,2024-08-30,7792
6274,台燿,15,8,7,國票-北投,2024-08-30,7792
2886,兆豐金,6,0,6,國票-北投,2024-08-30,7792
3019,亞光,6,0,6,國票-北投,2024-08-30,7792
4912,聯德控股-KY,6,0,6,國票-北投,2024-08-30,7792
3033,威健,6,0,6,國票-北投,2024-08-30,7792
3037,欣興,7,2,5,國票-北投,2024-08-30,7792
3611,鼎翰,5,0,5,國票-北投,2024-08-30,7792
1303,南亞,5,0,5,國票-北投,2024-08-30,7792
2409,友達,5,0,5,國票-北投,2024-08-30,7792
3015,全漢,7,2,5,國票-北投,2024-08-30,7792
5426,振發,5,0,5,國票-北投,2024-08-30,7792
6163,華電網,5,0,5,國票-北投,2024-08-30,7792
2504,國產,5,1,4,國票-北投,2024-08-30,7792
1540,喬福,7,3,4,國票-北投,2024-08-30,7792
2363,矽統,4,0,4,國票-北投,2024-08-30,7792
2402,毅嘉,5,1,4,國票-北投,2024-08-30,7792
2606,裕民,4,0,4,國票-北投,2024-08-30,7792
3105,穩懋,4,0,4,國票-北投,2024-08-30,7792
3303,岱稜,4,0,4,國票-北投,2024-08-30,7792
3580,友威科,9,5,4,國票-北投,2024-08-30,7792
4555,氣立,5,1,4,國票-北投,2024-08-30,7792
8358,金居,6,2,4,國票-北投,2024-08-30,7792
9105,泰金寶-DR,4,0,4,國票-北投,2024-08-30,7792
2393,億光,120,0,120,國票-北投,2024-09-02,7792
00632R,元大台灣50反1,119,10,109,國票-北投,2024-09-02,7792
00940,元大台灣價值高息,103,0,103,國票-北投,2024-09-02,7792
00795B,中信美國公債20年,37,0,37,國票-北投,2024-09-02,7792
00948B,中信優息投資級債,37,0,37,國票-北投,2024-09-02,7792
3081,聯亞,46,14,32,國票-北投,2024-09-02,7792
2520,冠德,31,0,31,國票-北投,2024-09-02,7792
00637L,元大滬深300正2,16,0,16,國票-北投,2024-09-02,7792
2324,仁寶,20,5,15,國票-北投,2024-09-02,7792
00687B,國泰20年美債,14,0,14,國票-北投,2024-09-02,7792
3260,威剛,13,0,13,國票-北投,2024-09-02,7792
00725B,國泰投資級公司債,11,0,11,國票-北投,2024-09-02,7792
4714,永捷,11,0,11,國票-北投,2024-09-02,7792
00939,統一台灣高息動能,10,0,10,國票-北投,2024-09-02,7792
00850,元大臺灣ESG永續,10,0,10,國票-北投,2024-09-02,7792
1434,福懋,15,5,10,國票-北投,2024-09-02,7792
3205,佰研,10,0,10,國票-北投,2024-09-02,7792
3704,合勤控,10,0,10,國票-北投,2024-09-02,7792
4306,炎洲,10,0,10,國票-北投,2024-09-02,7792
5388,中磊,10,0,10,國票-北投,2024-09-02,7792
6218,豪勉,10,0,10,國票-北投,2024-09-02,7792
2426,鼎元,11,2,9,國票-北投,2024-09-02,7792
2609,陽明,9,0,9,國票-北投,2024-09-02,7792
3265,台星科,9,0,9,國票-北投,2024-09-02,7792
4956,光鋐,10,1,9,國票-北投,2024-09-02,7792
2313,華通,13,5,8,國票-北投,2024-09-02,7792
1785,光洋科,15,7,8,國票-北投,2024-09-02,7792
3380,明泰,8,0,8,國票-北投,2024-09-02,7792
4912,聯德控股-KY,8,0,8,國票-北投,2024-09-02,7792
2880,華南金,11,3,8,國票-北投,2024-09-02,7792
00937B,群益ESG投等債20,7,0,7,國票-北投,2024-09-02,7792
2367,燿華,9,2,7,國票-北投,2024-09-02,7792
2891,中信金,10,3,7,國票-北投,2024-09-02,7792
3303,岱稜,10,3,7,國票-北投,2024-09-02,7792
8070,長華*,8,1,7,國票-北投,2024-09-02,7792
2351,順德,6,0,6,國票-北投,2024-09-02,7792
2368,金像電,6,0,6,國票-北投,2024-09-02,7792
2408,南亞科,6,0,6,國票-北投,2024-09-02,7792
2615,萬海,8,2,6,國票-北投,2024-09-02,7792
3673,TPK-KY,7,1,6,國票-北投,2024-09-02,7792
00918,大華優利高填息30,5,0,5,國票-北投,2024-09-02,7792
00752,中信中國50,5,0,5,國票-北投,2024-09-02,7792
00680L,元大美債20正2,5,0,5,國票-北投,2024-09-02,7792
2834,臺企銀,5,0,5,國票-北投,2024-09-02,7792
4707,磐亞,5,0,5,國票-北投,2024-09-02,7792
00631L,元大台灣50正2,4,0,4,國票-北投,2024-09-02,7792
2383,台光電,4,0,4,國票-北投,2024-09-02,7792
8105,凌巨,6,2,4,國票-北投,2024-09-02,7792
8404,百和興業-KY,4,0,4,國票-北投,2024-09-02,7792
00929,復華台灣科技優息,4,0,4,國票-北投,2024-09-02,7792
2891,中信金,112,5,107,國票-北投,2024-09-03,7792
00919,群益台灣精選高息,72,0,72,國票-北投,2024-09-03,7792
00632R,元大台灣50反1,60,0,60,國票-北投,2024-09-03,7792
00918,大華優利高填息30,57,0,57,國票-北投,2024-09-03,7792
00929,復華台灣科技優息,63,12,51,國票-北投,2024-09-03,7792
2883,凱基金,50,0,50,國票-北投,2024-09-03,7792
3013,晟銘電,45,2,43,國票-北投,2024-09-03,7792
00948B,中信優息投資級債,37,0,37,國票-北投,2024-09-03,7792
00940,元大台灣價值高息,37,1,36,國票-北投,2024-09-03,7792
2104,國際中橡,30,0,30,國票-北投,2024-09-03,7792
4912,聯德控股-KY,23,0,23,國票-北投,2024-09-03,7792
4714,永捷,33,11,22,國票-北投,2024-09-03,7792
00857B,永豐20年美公債,20,0,20,國票-北投,2024-09-03,7792
2324,仁寶,20,0,20,國票-北投,2024-09-03,7792
2421,建準,17,0,17,國票-北投,2024-09-03,7792
8103,瀚荃,20,5,15,國票-北投,2024-09-03,7792
1301,台塑,15,1,14,國票-北投,2024-09-03,7792
00878,國泰永續高股息,14,0,14,國票-北投,2024-09-03,7792
1303,南亞,14,1,13,國票-北投,2024-09-03,7792
3205,佰研,12,0,12,國票-北投,2024-09-03,7792
2356,英業達,13,2,11,國票-北投,2024-09-03,7792
1815,富喬,11,0,11,國票-北投,2024-09-03,7792
2515,中工,11,0,11,國票-北投,2024-09-03,7792
8011,台通,13,2,11,國票-北投,2024-09-03,7792
1434,福懋,10,0,10,國票-北投,2024-09-03,7792
2355,敬鵬,10,0,10,國票-北投,2024-09-03,7792
3032,偉訓,10,0,10,國票-北投,2024-09-03,7792
3260,威剛,10,0,10,國票-北投,2024-09-03,7792
5880,合庫金,10,0,10,國票-北投,2024-09-03,7792
8028,昇陽半導體,15,6,9,國票-北投,2024-09-03,7792
1722,台肥,8,0,8,國票-北投,2024-09-03,7792
00637L,元大滬深300正2,8,0,8,國票-北投,2024-09-03,7792
2365,昆盈,17,9,8,國票-北投,2024-09-03,7792
6139,亞翔,8,0,8,國票-北投,2024-09-03,7792
9958,世紀鋼,9,1,8,國票-北投,2024-09-03,7792
2408,南亞科,7,0,7,國票-北投,2024-09-03,7792
2885,元大金,6,0,6,國票-北投,2024-09-03,7792
6213,聯茂,47,41,6,國票-北投,2024-09-03,7792
6274,台燿,9,3,6,國票-北投,2024-09-03,7792
2002,中鋼,7,1,6,國票-北投,2024-09-03,7792
00939,統一台灣高息動能,5,0,5,國票-北投,2024-09-03,7792
00752,中信中國50,5,0,5,國票-北投,2024-09-03,7792
1611,中電,5,0,5,國票-北投,2024-09-03,7792
2367,燿華,5,0,5,國票-北投,2024-09-03,7792
2449,京元電子,5,0,5,國票-北投,2024-09-03,7792
3052,夆典,5,0,5,國票-北投,2024-09-03,7792
6579,研揚,5,0,5,國票-北投,2024-09-03,7792
6873,泓德能源,5,0,5,國票-北投,2024-09-03,7792
2420,新巨,6,2,4,國票-北投,2024-09-03,7792
3624,光頡,4,0,4,國票-北投,2024-09-03,7792
00948B,中信優息投資級債,353,0,353,國票-北投,2024-09-04,7792
00632R,元大台灣50反1,251,120,131,國票-北投,2024-09-04,7792
00940,元大台灣價值高息,108,0,108,國票-北投,2024-09-04,7792
00929,復華台灣科技優息,82,25,57,國票-北投,2024-09-04,7792
00919,群益台灣精選高息,49,4,45,國票-北投,2024-09-04,7792
00945B,凱基美國非投等債,40,0,40,國票-北投,2024-09-04,7792
2382,廣達,31,1,30,國票-北投,2024-09-04,7792
2323,中環,30,0,30,國票-北投,2024-09-04,7792
2344,華邦電,39,10,29,國票-北投,2024-09-04,7792
1301,台塑,26,2,24,國票-北投,2024-09-04,7792
2330,台積電,34,12,22,國票-北投,2024-09-04,7792
1210,大成,20,0,20,國票-北投,2024-09-04,7792
0056,元大高股息,26,6,20,國票-北投,2024-09-04,7792
00878,國泰永續高股息,29,10,19,國票-北投,2024-09-04,7792
3450,聯鈞,17,1,16,國票-北投,2024-09-04,7792
3518,柏騰,15,0,15,國票-北投,2024-09-04,7792
4912,聯德控股-KY,15,0,15,國票-北投,2024-09-04,7792
3231,緯創,14,1,13,國票-北投,2024-09-04,7792
2002,中鋼,16,4,12,國票-北投,2024-09-04,7792
3481,群創,28,16,12,國票-北投,2024-09-04,7792
1303,南亞,11,0,11,國票-北投,2024-09-04,7792
2454,聯發科,11,0,11,國票-北投,2024-09-04,7792
00918,大華優利高填息30,11,0,11,國票-北投,2024-09-04,7792
2331,精英,11,0,11,國票-北投,2024-09-04,7792
6741,91APP*-KY,10,0,10,國票-北投,2024-09-04,7792
00715L,期街口布蘭特正2,12,2,10,國票-北投,2024-09-04,7792
00955,中信日本商社,10,0,10,國票-北投,2024-09-04,7792
2243,宏旭-KY,10,0,10,國票-北投,2024-09-04,7792
3207,耀勝,10,0,10,國票-北投,2024-09-04,7792
8404,百和興業-KY,10,0,10,國票-北投,2024-09-04,7792
2884,玉山金,9,0,9,國票-北投,2024-09-04,7792
2618,長榮航,10,1,9,國票-北投,2024-09-04,7792
00637L,元大滬深300正2,62,53,9,國票-北投,2024-09-04,7792
1514,亞力,8,0,8,國票-北投,2024-09-04,7792
1711,永光,8,0,8,國票-北投,2024-09-04,7792
2409,友達,10,2,8,國票-北投,2024-09-04,7792
3205,佰研,8,0,8,國票-北投,2024-09-04,7792
4906,正文,9,1,8,國票-北投,2024-09-04,7792
1440,南紡,7,0,7,國票-北投,2024-09-04,7792
3218,大學光,7,0,7,國票-北投,2024-09-04,7792
2609,陽明,6,0,6,國票-北投,2024-09-04,7792
8096,擎亞,9,3,6,國票-北投,2024-09-04,7792
1217,愛之味,6,0,6,國票-北投,2024-09-04,7792
00915,凱基優選高股息30,6,0,6,國票-北投,2024-09-04,7792
1326,台化,6,0,6,國票-北投,2024-09-04,7792
2601,益航,6,0,6,國票-北投,2024-09-04,7792
6224,聚鼎,6,0,6,國票-北投,2024-09-04,7792
4532,瑞智,5,0,5,國票-北投,2024-09-04,7792
2614,東森,5,0,5,國票-北投,2024-09-04,7792
00905,FT臺灣Smart,5,0,5,國票-北投,2024-09-04,7792
2891,中信金,605,3,602,國票-北投,2024-09-05,7792
00952,凱基台灣AI50,359,0,359,國票-北投,2024-09-05,7792
00632R,元大台灣50反1,300,0,300,國票-北投,2024-09-05,7792
3037,欣興,50,0,50,國票-北投,2024-09-05,7792
8070,長華*,52,2,50,國票-北投,2024-09-05,7792
00679B,元大美債20年,55,6,49,國票-北投,2024-09-05,7792
00919,群益台灣精選高息,36,0,36,國票-北投,2024-09-05,7792
1609,大亞,31,0,31,國票-北投,2024-09-05,7792
00943,兆豐電子高息等權,30,0,30,國票-北投,2024-09-05,7792
3221,台嘉碩,30,0,30,國票-北投,2024-09-05,7792
00878,國泰永續高股息,28,0,28,國票-北投,2024-09-05,7792
2485,兆赫,25,0,25,國票-北投,2024-09-05,7792
1314,中石化,21,0,21,國票-北投,2024-09-05,7792
5876,上海商銀,17,0,17,國票-北投,2024-09-05,7792
3522,御嵿,16,0,16,國票-北投,2024-09-05,7792
2317,鴻海,18,4,14,國票-北投,2024-09-05,7792
00715L,期街口布蘭特正2,16,2,14,國票-北投,2024-09-05,7792
3533,嘉澤,14,1,13,國票-北投,2024-09-05,7792
4173,久裕,12,0,12,國票-北投,2024-09-05,7792
6658,聯策,16,4,12,國票-北投,2024-09-05,7792
2382,廣達,15,4,11,國票-北投,2024-09-05,7792
2367,燿華,17,6,11,國票-北投,2024-09-05,7792
00951,台新日本半導體,10,0,10,國票-北投,2024-09-05,7792
1711,永光,12,2,10,國票-北投,2024-09-05,7792
2337,旺宏,9,0,9,國票-北投,2024-09-05,7792
3062,建漢,10,1,9,國票-北投,2024-09-05,7792
6741,91APP*-KY,9,0,9,國票-北投,2024-09-05,7792
8096,擎亞,10,1,9,國票-北投,2024-09-05,7792
3481,群創,8,0,8,國票-北投,2024-09-05,7792
2344,華邦電,8,0,8,國票-北投,2024-09-05,7792
2727,王品,8,0,8,國票-北投,2024-09-05,7792
4714,永捷,8,0,8,國票-北投,2024-09-05,7792
2353,宏��,10,2,8,國票-北投,2024-09-05,7792
2880,華南金,11,3,8,國票-北投,2024-09-05,7792
00915,凱基優選高股息30,7,0,7,國票-北投,2024-09-05,7792
00940,元大台灣價值高息,7,0,7,國票-北投,2024-09-05,7792
2408,南亞科,7,0,7,國票-北投,2024-09-05,7792
6706,惠特,8,1,7,國票-北投,2024-09-05,7792
8103,瀚荃,7,0,7,國票-北投,2024-09-05,7792
1303,南亞,6,0,6,國票-北投,2024-09-05,7792
2313,華通,6,0,6,國票-北投,2024-09-05,7792
2002,中鋼,6,0,6,國票-北投,2024-09-05,7792
4952,凌通,6,0,6,國票-北投,2024-09-05,7792
2371,大同,5,0,5,國票-北投,2024-09-05,7792
00752,中信中國50,5,0,5,國票-北投,2024-09-05,7792
1319,東陽,10,5,5,國票-北投,2024-09-05,7792
2618,長榮航,5,0,5,國票-北投,2024-09-05,7792
4426,利勤,5,0,5,國票-北投,2024-09-05,7792
6213,聯茂,7,2,5,國票-北投,2024-09-05,7792
8039,台虹,6,1,5,國票-北投,2024-09-05,7792
00632R,元大台灣50反1,100,0,100,國票-北投,2024-09-06,7792
1532,勤美,100,0,100,國票-北投,2024-09-06,7792
00940,元大台灣價值高息,58,0,58,國票-北投,2024-09-06,7792
1815,富喬,33,5,28,國票-北投,2024-09-06,7792
00637L,元大滬深300正2,31,4,27,國票-北投,2024-09-06,7792
00948B,中信優息投資級債,32,10,22,國票-北投,2024-09-06,7792
2497,怡利電,255,235,20,國票-北投,2024-09-06,7792
3017,奇鋐,20,0,20,國票-北投,2024-09-06,7792
00929,復華台灣科技優息,19,0,19,國票-北投,2024-09-06,7792
00679B,元大美債20年,18,0,18,國票-北投,2024-09-06,7792
00715L,期街口布蘭特正2,19,2,17,國票-北投,2024-09-06,7792
2610,華航,16,0,16,國票-北投,2024-09-06,7792
00720B,元大投資級公司債,13,0,13,國票-北投,2024-09-06,7792
00933B,國泰10Y+金融債,13,0,13,國票-北投,2024-09-06,7792
00878,國泰永續高股息,14,1,13,國票-北投,2024-09-06,7792
00946,群益科技高息成長,12,0,12,國票-北投,2024-09-06,7792
4173,久裕,12,0,12,國票-北投,2024-09-06,7792
3518,柏騰,11,0,11,國票-北投,2024-09-06,7792
00915,凱基優選高股息30,10,0,10,國票-北投,2024-09-06,7792
00947,台新臺灣IC設計,10,0,10,國票-北投,2024-09-06,7792
6191,精成科,10,0,10,國票-北投,2024-09-06,7792
6405,悅城,12,2,10,國票-北投,2024-09-06,7792
8039,台虹,11,1,10,國票-北投,2024-09-06,7792
1210,大成,9,0,9,國票-北投,2024-09-06,7792
00923,群益台ESG低碳50,7,0,7,國票-北投,2024-09-06,7792
00951,台新日本半導體,7,0,7,國票-北投,2024-09-06,7792
3714,富采,6,0,6,國票-北投,2024-09-06,7792
6770,力積電,6,0,6,國票-北投,2024-09-06,7792
2317,鴻海,9,3,6,國票-北投,2024-09-06,7792
00941,中信上游半導體,5,0,5,國票-北投,2024-09-06,7792
2061,風青,5,0,5,國票-北投,2024-09-06,7792
2360,致茂,5,0,5,國票-北投,2024-09-06,7792
3230,錦明,8,3,5,國票-北投,2024-09-06,7792
4912,聯德控股-KY,5,0,5,國票-北投,2024-09-06,7792
6873,泓德能源,5,0,5,國票-北投,2024-09-06,7792
2464,盟立,16,11,5,國票-北投,2024-09-06,7792
2312,金寶,4,0,4,國票-北投,2024-09-06,7792
6505,台塑化,5,1,4,國票-北投,2024-09-06,7792
00937B,群益ESG投等債20,5,1,4,國票-北投,2024-09-06,7792
1503,士電,4,0,4,國票-北投,2024-09-06,7792
2313,華通,5,1,4,國票-北投,2024-09-06,7792
2354,鴻準,4,0,4,國票-北投,2024-09-06,7792
2365,昆盈,11,7,4,國票-北投,2024-09-06,7792
2379,瑞昱,4,0,4,國票-北投,2024-09-06,7792
3706,神達,4,0,4,國票-北投,2024-09-06,7792
4743,合一,4,0,4,國票-北投,2024-09-06,7792
6550,北極星藥業-KY,4,0,4,國票-北投,2024-09-06,7792
8105,凌巨,4,0,4,國票-北投,2024-09-06,7792
6805,富世達,3,0,3,國票-北投,2024-09-06,7792
00918,大華優利高填息30,3,0,3,國票-北投,2024-09-06,7792
00632R,元大台灣50反1,150,0,150,國票-北投,2024-09-09,7792
2449,京元電子,100,0,100,國票-北投,2024-09-09,7792
2317,鴻海,45,1,44,國票-北投,2024-09-09,7792
2881,富邦金,38,0,38,國票-北投,2024-09-09,7792
1442,名軒,30,0,30,國票-北投,2024-09-09,7792
00713,元大台灣高息低波,21,0,21,國票-北投,2024-09-09,7792
8103,瀚荃,20,0,20,國票-北投,2024-09-09,7792
3230,錦明,15,0,15,國票-北投,2024-09-09,7792
1301,台塑,14,0,14,國票-北投,2024-09-09,7792
00650L,復華香港正2,13,0,13,國票-北投,2024-09-09,7792
2609,陽明,12,0,12,國票-北投,2024-09-09,7792
2915,潤泰全,11,0,11,國票-北投,2024-09-09,7792
2633,台灣高鐵,10,0,10,國票-北投,2024-09-09,7792
3518,柏騰,10,0,10,國票-北投,2024-09-09,7792
2330,台積電,24,15,9,國票-北投,2024-09-09,7792
2618,長榮航,10,1,9,國票-北投,2024-09-09,7792
2489,瑞軒,8,0,8,國票-北投,2024-09-09,7792
00915,凱基優選高股息30,7,0,7,國票-北投,2024-09-09,7792
00715L,期街口布蘭特正2,7,0,7,國票-北投,2024-09-09,7792
00923,群益台ESG低碳50,11,4,7,國票-北投,2024-09-09,7792
2382,廣達,7,0,7,國票-北投,2024-09-09,7792
4971,IET-KY,8,1,7,國票-北投,2024-09-09,7792
00637L,元大滬深300正2,44,38,6,國票-北投,2024-09-09,7792
00725B,國泰投資級公司債,6,0,6,國票-北投,2024-09-09,7792
4956,光鋐,8,2,6,國票-北投,2024-09-09,7792
00696B,富邦美債20年,5,0,5,國票-北投,2024-09-09,7792
00940,元大台灣價值高息,5,0,5,國票-北投,2024-09-09,7792
00952,凱基台灣AI50,5,0,5,國票-北投,2024-09-09,7792
2439,美律,5,0,5,國票-北投,2024-09-09,7792
2882,國泰金,5,0,5,國票-北投,2024-09-09,7792
3218,大學光,5,0,5,國票-北投,2024-09-09,7792
3623,富晶通,5,0,5,國票-北投,2024-09-09,7792
5014,建錩,5,0,5,國票-北投,2024-09-09,7792
8076,伍豐,6,1,5,國票-北投,2024-09-09,7792
2891,中信金,5,0,5,國票-北投,2024-09-09,7792
00878,國泰永續高股息,7,2,5,國票-北投,2024-09-09,7792
00882,中信中國高股息,4,0,4,國票-北投,2024-09-09,7792
00680L,元大美債20正2,5,1,4,國票-北投,2024-09-09,7792
3211,順達,4,0,4,國票-北投,2024-09-09,7792
6438,迅得,4,0,4,國票-北投,2024-09-09,7792
6505,台塑化,4,0,4,國票-北投,2024-09-09,7792
6603,富強鑫,4,0,4,國票-北投,2024-09-09,7792
9938,百和,4,0,4,國票-北投,2024-09-09,7792
2885,元大金,3,0,3,國票-北投,2024-09-09,7792
2002,中鋼,3,0,3,國票-北投,2024-09-09,7792
0050,元大台灣50,3,0,3,國票-北投,2024-09-09,7792
6869,雲豹能源,4,1,3,國票-北投,2024-09-09,7792
2615,萬海,4,1,3,國票-北投,2024-09-09,7792
1540,喬福,5,2,3,國票-北投,2024-09-09,7792
2356,英業達,4,1,3,國票-北投,2024-09-09,7792
00632R,元大台灣50反1,85,0,85,國票-北投,2024-09-10,7792
00919,群益台灣精選高息,76,2,74,國票-北投,2024-09-10,7792
3518,柏騰,72,0,72,國票-北投,2024-09-10,7792
00878,國泰永續高股息,27,0,27,國票-北投,2024-09-10,7792
00937B,群益ESG投等債20,55,30,25,國票-北投,2024-09-10,7792
2387,精元,25,0,25,國票-北投,2024-09-10,7792
1210,大成,21,0,21,國票-北投,2024-09-10,7792
1605,華新,20,0,20,國票-北投,2024-09-10,7792
2382,廣達,20,3,17,國票-北投,2024-09-10,7792
00940,元大台灣價值高息,17,0,17,國票-北投,2024-09-10,7792
3715,定穎投控,16,0,16,國票-北投,2024-09-10,7792
6257,矽格,14,1,13,國票-北投,2024-09-10,7792
1609,大亞,13,0,13,國票-北投,2024-09-10,7792
8996,高力,21,8,13,國票-北投,2024-09-10,7792
2317,鴻海,13,1,12,國票-北投,2024-09-10,7792
1301,台塑,24,12,12,國票-北投,2024-09-10,7792
2313,華通,14,2,12,國票-北投,2024-09-10,7792
8096,擎亞,12,0,12,國票-北投,2024-09-10,7792
2489,瑞軒,11,0,11,國票-北投,2024-09-10,7792
00939,統一台灣高息動能,10,0,10,國票-北投,2024-09-10,7792
00751B,元大AAA至A公司債,10,0,10,國票-北投,2024-09-10,7792
00688L,國泰20年美債正2,10,0,10,國票-北投,2024-09-10,7792
2882,國泰金,10,0,10,國票-北投,2024-09-10,7792
2609,陽明,11,2,9,國票-北投,2024-09-10,7792
3622,洋華,9,0,9,國票-北投,2024-09-10,7792
4542,科嶠,9,0,9,國票-北投,2024-09-10,7792
00929,復華台灣科技優息,26,17,9,國票-北投,2024-09-10,7792
3062,建漢,11,3,8,國票-北投,2024-09-10,7792
4908,前鼎,12,4,8,國票-北投,2024-09-10,7792
4912,聯德控股-KY,8,0,8,國票-北投,2024-09-10,7792
1524,耿鼎,8,1,7,國票-北投,2024-09-10,7792
3294,英濟,7,0,7,國票-北投,2024-09-10,7792
00918,大華優利高填息30,6,0,6,國票-北投,2024-09-10,7792
00923,群益台ESG低碳50,6,0,6,國票-北投,2024-09-10,7792
4173,久裕,6,0,6,國票-北投,2024-09-10,7792
5263,智崴,6,0,6,國票-北投,2024-09-10,7792
6741,91APP*-KY,6,0,6,國票-北投,2024-09-10,7792
00905,FT臺灣Smart,5,0,5,國票-北投,2024-09-10,7792
1475,業旺,5,0,5,國票-北投,2024-09-10,7792
2727,王品,5,0,5,國票-北投,2024-09-10,7792
2883,凱基金,5,0,5,國票-北投,2024-09-10,7792
3032,偉訓,5,0,5,國票-北投,2024-09-10,7792
3033,威健,5,0,5,國票-北投,2024-09-10,7792
3673,TPK-KY,12,7,5,國票-北投,2024-09-10,7792
4720,德淵,5,0,5,國票-北投,2024-09-10,7792
4956,光鋐,12,7,5,國票-北投,2024-09-10,7792
8046,南電,5,0,5,國票-北投,2024-09-10,7792
8147,正淩,5,0,5,國票-北投,2024-09-10,7792
00631L,元大台灣50正2,10,6,4,國票-北投,2024-09-10,7792
2337,旺宏,5,1,4,國票-北投,2024-09-10,7792
00687B,國泰20年美債,450,1,449,國票-北投,2024-09-11,7792
2891,中信金,148,0,148,國票-北投,2024-09-11,7792
1442,名軒,40,0,40,國票-北投,2024-09-11,7792
00878,國泰永續高股息,25,0,25,國票-北投,2024-09-11,7792
2834,臺企銀,25,0,25,國票-北投,2024-09-11,7792
00929,復華台灣科技優息,22,0,22,國票-北投,2024-09-11,7792
00915,凱基優選高股息30,23,2,21,國票-北投,2024-09-11,7792
00919,群益台灣精選高息,65,45,20,國票-北投,2024-09-11,7792
00712,復華富時不動產,15,0,15,國票-北投,2024-09-11,7792
2353,宏��,17,2,15,國票-北投,2024-09-11,7792
3522,御嵿,15,0,15,國票-北投,2024-09-11,7792
00937B,群益ESG投等債20,25,11,14,國票-北投,2024-09-11,7792
00637L,元大滬深300正2,25,12,13,國票-北投,2024-09-11,7792
3706,神達,15,2,13,國票-北投,2024-09-11,7792
3715,定穎投控,11,0,11,國票-北投,2024-09-11,7792
2399,映泰,13,3,10,國票-北投,2024-09-11,7792
3019,亞光,10,0,10,國票-北投,2024-09-11,7792
3402,漢科,10,0,10,國票-北投,2024-09-11,7792
6244,茂迪,10,0,10,國票-北投,2024-09-11,7792
3518,柏騰,9,0,9,國票-北投,2024-09-11,7792
6617,共信-KY,9,0,9,國票-北投,2024-09-11,7792
5515,建國,8,0,8,國票-北投,2024-09-11,7792
1815,富喬,11,4,7,國票-北投,2024-09-11,7792
00740B,富邦全球投等債,6,0,6,國票-北投,2024-09-11,7792
00940,元大台灣價值高息,6,0,6,國票-北投,2024-09-11,7792
1514,亞力,6,0,6,國票-北投,2024-09-11,7792
1570,力肯,6,0,6,國票-北投,2024-09-11,7792
2402,毅嘉,6,0,6,國票-北投,2024-09-11,7792
2731,雄獅,6,0,6,國票-北投,2024-09-11,7792
4173,久裕,6,0,6,國票-北投,2024-09-11,7792
00930,永豐ESG低碳高息,5,0,5,國票-北投,2024-09-11,7792
1101,台泥,6,1,5,國票-北投,2024-09-11,7792
00943,兆豐電子高息等權,5,0,5,國票-北投,2024-09-11,7792
2360,致茂,5,0,5,國票-北投,2024-09-11,7792
2883,凱基金,5,0,5,國票-北投,2024-09-11,7792
2889,國票金,5,0,5,國票-北投,2024-09-11,7792
3523,迎輝,5,0,5,國票-北投,2024-09-11,7792
4306,炎洲,5,0,5,國票-北投,2024-09-11,7792
6517,保勝光學,5,0,5,國票-北投,2024-09-11,7792
8440,綠電,5,0,5,國票-北投,2024-09-11,7792
4538,大詠城,5,0,5,國票-北投,2024-09-11,7792
00918,大華優利高填息30,4,0,4,國票-北投,2024-09-11,7792
00881,國泰台灣5G+,4,0,4,國票-北投,2024-09-11,7792
00650L,復華香港正2,4,0,4,國票-北投,2024-09-11,7792
00957B,兆豐US優選投等債,4,0,4,國票-北投,2024-09-11,7792
3354,律勝,4,0,4,國票-北投,2024-09-11,7792
5309,系統電,4,0,4,國票-北投,2024-09-11,7792
5876,上海商銀,4,0,4,國票-北投,2024-09-11,7792
6741,91APP*-KY,4,0,4,國票-北投,2024-09-11,7792
9904,寶成,4,0,4,國票-北投,2024-09-11,7792
00632R,元大台灣50反1,411,79,332,國票-北投,2024-09-12,7792
4958,臻鼎-KY,100,0,100,國票-北投,2024-09-12,7792
2337,旺宏,53,1,52,國票-北投,2024-09-12,7792
1442,名軒,45,0,45,國票-北投,2024-09-12,7792
00665L,富邦�琤肭磪囓�2,60,30,30,國票-北投,2024-09-12,7792
8103,瀚荃,27,0,27,國票-北投,2024-09-12,7792
5381,合正,25,0,25,國票-北投,2024-09-12,7792
3374,精材,24,2,22,國票-北投,2024-09-12,7792
1503,士電,20,0,20,國票-北投,2024-09-12,7792
00937B,群益ESG投等債20,29,11,18,國票-北投,2024-09-12,7792
2888,新光金,27,10,17,國票-北投,2024-09-12,7792
00637L,元大滬深300正2,12,1,11,國票-北投,2024-09-12,7792
6679,鈺太,12,1,11,國票-北投,2024-09-12,7792
00908,富邦入息REITs+,10,0,10,國票-北投,2024-09-12,7792
00957B,兆豐US優選投等債,10,0,10,國票-北投,2024-09-12,7792
3607,谷崧,10,0,10,國票-北投,2024-09-12,7792
4157,太景*-KY,10,0,10,國票-北投,2024-09-12,7792
5460,同協,10,0,10,國票-北投,2024-09-12,7792
8096,擎亞,10,0,10,國票-北投,2024-09-12,7792
2312,金寶,10,1,9,國票-北投,2024-09-12,7792
00641R,富邦日本反1,8,0,8,國票-北投,2024-09-12,7792
2002,中鋼,10,2,8,國票-北投,2024-09-12,7792
3481,群創,10,2,8,國票-北投,2024-09-12,7792
3548,兆利,7,0,7,國票-北投,2024-09-12,7792
00905,FT臺灣Smart,6,0,6,國票-北投,2024-09-12,7792
1301,台塑,7,1,6,國票-北投,2024-09-12,7792
8927,北基,6,0,6,國票-北投,2024-09-12,7792
6643,M31,6,1,5,國票-北投,2024-09-12,7792
00904,新光臺灣半導體30,5,0,5,國票-北投,2024-09-12,7792
00787B,元大10年IG醫療債,5,0,5,國票-北投,2024-09-12,7792
00720B,元大投資級公司債,5,0,5,國票-北投,2024-09-12,7792
2365,昆盈,15,10,5,國票-北投,2024-09-12,7792
3086,華義,5,0,5,國票-北投,2024-09-12,7792
3094,聯傑,5,0,5,國票-北投,2024-09-12,7792
3206,志豐,5,0,5,國票-北投,2024-09-12,7792
4760,勤凱,5,0,5,國票-北投,2024-09-12,7792
5425,台半,5,0,5,國票-北投,2024-09-12,7792
6451,訊芯-KY,5,0,5,國票-北投,2024-09-12,7792
2392,正崴,6,1,5,國票-北投,2024-09-12,7792
1319,東陽,10,5,5,國票-北投,2024-09-12,7792
00713,元大台灣高息低波,6,1,5,國票-北投,2024-09-12,7792
00935,野村臺灣新科技50,4,0,4,國票-北投,2024-09-12,7792
1570,力肯,4,0,4,國票-北投,2024-09-12,7792
2359,所羅門,6,2,4,國票-北投,2024-09-12,7792
2882B,國泰金乙特,4,0,4,國票-北投,2024-09-12,7792
3013,晟銘電,5,1,4,國票-北投,2024-09-12,7792
3264,欣銓,5,1,4,國票-北投,2024-09-12,7792
5009,榮剛,4,0,4,國票-北投,2024-09-12,7792
6805,富世達,4,0,4,國票-北投,2024-09-12,7792
00929,復華台灣科技優息,4,0,4,國票-北投,2024-09-12,7792
2323,中環,400,12,388,國票-北投,2024-09-13,7792
3481,群創,204,1,203,國票-北投,2024-09-13,7792
3037,欣興,150,0,150,國票-北投,2024-09-13,7792
00795B,中信美國公債20年,35,0,35,國票-北投,2024-09-13,7792
1540,喬福,807,789,18,國票-北投,2024-09-13,7792
00915,凱基優選高股息30,14,0,14,國票-北投,2024-09-13,7792
1569,濱川,13,0,13,國票-北投,2024-09-13,7792
1301,台塑,11,0,11,國票-北投,2024-09-13,7792
5443,均豪,19,8,11,國票-北投,2024-09-13,7792
5347,世界,10,0,10,國票-北投,2024-09-13,7792
00756B,群益投等新興公債,10,0,10,國票-北投,2024-09-13,7792
3360,尚立,13,4,9,國票-北投,2024-09-13,7792
3019,亞光,9,1,8,國票-北投,2024-09-13,7792
3013,晟銘電,13,6,7,國票-北投,2024-09-13,7792
00878,國泰永續高股息,7,0,7,國票-北投,2024-09-13,7792
2359,所羅門,10,3,7,國票-北投,2024-09-13,7792
9955,佳龍,11,4,7,國票-北投,2024-09-13,7792
00722B,群益投資級電信債,6,0,6,國票-北投,2024-09-13,7792
2883,凱基金,6,0,6,國票-北投,2024-09-13,7792
6152,百一,6,0,6,國票-北投,2024-09-13,7792
2609,陽明,5,0,5,國票-北投,2024-09-13,7792
8927,北基,5,0,5,國票-北投,2024-09-13,7792
00905,FT臺灣Smart,4,0,4,國票-北投,2024-09-13,7792
00720B,元大投資級公司債,4,0,4,國票-北投,2024-09-13,7792
2376,技嘉,5,1,4,國票-北投,2024-09-13,7792
8039,台虹,12,8,4,國票-北投,2024-09-13,7792
00929,復華台灣科技優息,24,20,4,國票-北投,2024-09-13,7792
2888,新光金,10,7,3,國票-北投,2024-09-13,7792
2317,鴻海,4,1,3,國票-北投,2024-09-13,7792
6104,創惟,6,3,3,國票-北投,2024-09-13,7792
1305,華夏,3,0,3,國票-北投,2024-09-13,7792
1584,精剛,10,7,3,國票-北投,2024-09-13,7792
2365,昆盈,6,3,3,國票-北投,2024-09-13,7792
3149,正達,3,0,3,國票-北投,2024-09-13,7792
3406,玉晶光,4,1,3,國票-北投,2024-09-13,7792
4173,久裕,3,0,3,國票-北投,2024-09-13,7792
4303,信立,3,0,3,國票-北投,2024-09-13,7792
4513,福裕,6,3,3,國票-北投,2024-09-13,7792
4526,東台,3,0,3,國票-北投,2024-09-13,7792
6134,萬旭,3,0,3,國票-北投,2024-09-13,7792
6215,和椿,5,2,3,國票-北投,2024-09-13,7792
8096,擎亞,3,0,3,國票-北投,2024-09-13,7792
00904,新光臺灣半導體30,2,0,2,國票-北投,2024-09-13,7792
2371,大同,2,0,2,國票-北投,2024-09-13,7792
00637L,元大滬深300正2,25,23,2,國票-北投,2024-09-13,7792
1446,宏和,2,0,2,國票-北投,2024-09-13,7792
1477,聚陽,2,0,2,國票-北投,2024-09-13,7792
1560,中砂,4,2,2,國票-北投,2024-09-13,7792
2303,聯電,6,4,2,國票-北投,2024-09-13,7792
2363,矽統,2,0,2,國票-北投,2024-09-13,7792
00919,群益台灣精選高息,141,0,141,國票-北投,2024-09-16,7792
00687B,國泰20年美債,118,2,116,國票-北投,2024-09-16,7792
3062,建漢,116,6,110,國票-北投,2024-09-16,7792
1301,台塑,120,12,108,國票-北投,2024-09-16,7792
00632R,元大台灣50反1,83,0,83,國票-北投,2024-09-16,7792
00948B,中信優息投資級債,70,0,70,國票-北投,2024-09-16,7792
00679B,元大美債20年,61,5,56,國票-北投,2024-09-16,7792
2313,華通,50,0,50,國票-北投,2024-09-16,7792
00795B,中信美國公債20年,37,0,37,國票-北投,2024-09-16,7792
1711,永光,31,7,24,國票-北投,2024-09-16,7792
00878,國泰永續高股息,23,0,23,國票-北投,2024-09-16,7792
4903,聯光通,20,0,20,國票-北投,2024-09-16,7792
3041,揚智,14,0,14,國票-北投,2024-09-16,7792
3522,御嵿,16,3,13,國票-北投,2024-09-16,7792
5230,雷笛克光學,13,0,13,國票-北投,2024-09-16,7792
3356,奇偶,12,0,12,國票-北投,2024-09-16,7792
3189,景碩,13,2,11,國票-北投,2024-09-16,7792
00712,復華富時不動產,10,0,10,國票-北投,2024-09-16,7792
00857B,永豐20年美公債,10,0,10,國票-北投,2024-09-16,7792
00929,復華台灣科技優息,13,3,10,國票-北投,2024-09-16,7792
2349,錸德,11,1,10,國票-北投,2024-09-16,7792
3036,文曄,10,0,10,國票-北投,2024-09-16,7792
5309,系統電,10,0,10,國票-北投,2024-09-16,7792
6603,富強鑫,10,0,10,國票-北投,2024-09-16,7792
3663,鑫科,10,1,9,國票-北投,2024-09-16,7792
3346,麗清,8,0,8,國票-北投,2024-09-16,7792
00915,凱基優選高股息30,7,0,7,國票-北投,2024-09-16,7792
2882,國泰金,7,0,7,國票-北投,2024-09-16,7792
2609,陽明,6,0,6,國票-北投,2024-09-16,7792
2481,強茂,6,0,6,國票-北投,2024-09-16,7792
2891,中信金,5,0,5,國票-北投,2024-09-16,7792
1305,華夏,5,0,5,國票-北投,2024-09-16,7792
2314,台揚,5,0,5,國票-北投,2024-09-16,7792
2399,映泰,12,7,5,國票-北投,2024-09-16,7792
3019,亞光,7,2,5,國票-北投,2024-09-16,7792
4979,華星光,6,1,5,國票-北投,2024-09-16,7792
6147,頎邦,5,0,5,國票-北投,2024-09-16,7792
6906,現觀科,5,0,5,國票-北投,2024-09-16,7792
8033,雷虎,5,0,5,國票-北投,2024-09-16,7792
8096,擎亞,6,1,5,國票-北投,2024-09-16,7792
00731,復華富時高息低波,4,0,4,國票-北投,2024-09-16,7792
00637L,元大滬深300正2,10,6,4,國票-北投,2024-09-16,7792
1416,廣豐,4,0,4,國票-北投,2024-09-16,7792
2002,中鋼,5,1,4,國票-北投,2024-09-16,7792
2344,華邦電,6,2,4,國票-北投,2024-09-16,7792
3289,宜特,5,1,4,國票-北投,2024-09-16,7792
3706,神達,4,0,4,國票-北投,2024-09-16,7792
6213,聯茂,4,0,4,國票-北投,2024-09-16,7792
6405,悅城,5,1,4,國票-北投,2024-09-16,7792
9105,泰金寶-DR,4,0,4,國票-北投,2024-09-16,7792
00958B,永豐ESG銀行債15,199,0,199,國票-北投,2024-09-18,7792
2888,新光金,215,28,187,國票-北投,2024-09-18,7792
3481,群創,151,3,148,國票-北投,2024-09-18,7792
1513,中興電,100,0,100,國票-北投,2024-09-18,7792
00952,凱基台灣AI50,100,5,95,國票-北投,2024-09-18,7792
00929,復華台灣科技優息,83,30,53,國票-北投,2024-09-18,7792
1514,亞力,47,16,31,國票-北投,2024-09-18,7792
00919,群益台灣精選高息,40,10,30,國票-北投,2024-09-18,7792
2426,鼎元,27,0,27,國票-北投,2024-09-18,7792
1409,新纖,24,0,24,國票-北投,2024-09-18,7792
2002,中鋼,20,2,18,國票-北投,2024-09-18,7792
00712,復華富時不動產,15,0,15,國票-北投,2024-09-18,7792
2317,鴻海,14,0,14,國票-北投,2024-09-18,7792
6412,群電,13,0,13,國票-北投,2024-09-18,7792
00918,大華優利高填息30,14,2,12,國票-北投,2024-09-18,7792
2313,華通,11,0,11,國票-北投,2024-09-18,7792
2889,國票金,11,0,11,國票-北投,2024-09-18,7792
2330,台積電,11,1,10,國票-北投,2024-09-18,7792
00921,兆豐龍頭等權重,10,0,10,國票-北投,2024-09-18,7792
2409,友達,10,0,10,國票-北投,2024-09-18,7792
3189,景碩,11,1,10,國票-北投,2024-09-18,7792
3402,漢科,10,0,10,國票-北投,2024-09-18,7792
3406,玉晶光,11,1,10,國票-北投,2024-09-18,7792
5871,中租-KY,10,0,10,國票-北投,2024-09-18,7792
6906,現觀科,10,0,10,國票-北投,2024-09-18,7792
2303,聯電,9,0,9,國票-北投,2024-09-18,7792
00915,凱基優選高股息30,9,0,9,國票-北投,2024-09-18,7792
00720B,元大投資級公司債,9,0,9,國票-北投,2024-09-18,7792
3264,欣銓,9,0,9,國票-北投,2024-09-18,7792
00756B,群益投等新興公債,8,0,8,國票-北投,2024-09-18,7792
6438,迅得,8,0,8,國票-北投,2024-09-18,7792
2356,英業達,9,2,7,國票-北投,2024-09-18,7792
1785,光洋科,13,6,7,國票-北投,2024-09-18,7792
3607,谷崧,10,3,7,國票-北投,2024-09-18,7792
6257,矽格,6,0,6,國票-北投,2024-09-18,7792
1717,長興,10,4,6,國票-北投,2024-09-18,7792
2374,佳能,6,0,6,國票-北投,2024-09-18,7792
3188,鑫龍騰,6,0,6,國票-北投,2024-09-18,7792
3230,錦明,6,0,6,國票-北投,2024-09-18,7792
3034,聯詠,7,2,5,國票-北投,2024-09-18,7792
1304,台聚,5,0,5,國票-北投,2024-09-18,7792
1597,直得,5,0,5,國票-北投,2024-09-18,7792
2033,佳大,6,1,5,國票-北投,2024-09-18,7792
2233,宇隆,8,3,5,國票-北投,2024-09-18,7792
2344,華邦電,5,0,5,國票-北投,2024-09-18,7792
3032,偉訓,5,0,5,國票-北投,2024-09-18,7792
3522,御嵿,10,5,5,國票-北投,2024-09-18,7792
2365,昆盈,7,3,4,國票-北投,2024-09-18,7792
2427,三商電,4,0,4,國票-北投,2024-09-18,7792
2442,新美齊,4,0,4,國票-北投,2024-09-18,7792
00948B,中信優息投資級債,70,0,70,國票-北投,2024-09-19,7792
00929,復華台灣科技優息,51,0,51,國票-北投,2024-09-19,7792
1409,新纖,41,0,41,國票-北投,2024-09-19,7792
2399,映泰,49,16,33,國票-北投,2024-09-19,7792
2836,高雄銀,31,0,31,國票-北投,2024-09-19,7792
00937B,群益ESG投等債20,30,1,29,國票-北投,2024-09-19,7792
00679B,元大美債20年,30,2,28,國票-北投,2024-09-19,7792
1711,永光,29,5,24,國票-北投,2024-09-19,7792
1312,國喬,20,0,20,國票-北投,2024-09-19,7792
8103,瀚荃,21,1,20,國票-北投,2024-09-19,7792
6257,矽格,15,1,14,國票-北投,2024-09-19,7792
3049,精金,17,4,13,國票-北投,2024-09-19,7792
6906,現觀科,12,0,12,國票-北投,2024-09-19,7792
3324,雙鴻,12,1,11,國票-北投,2024-09-19,7792
00933B,國泰10Y+金融債,10,0,10,國票-北投,2024-09-19,7792
00934,中信成長高股息,10,0,10,國票-北投,2024-09-19,7792
3036,文曄,10,0,10,國票-北投,2024-09-19,7792
00633L,富邦上証正2,8,0,8,國票-北投,2024-09-19,7792
3265,台星科,8,0,8,國票-北投,2024-09-19,7792
00720B,元大投資級公司債,6,0,6,國票-北投,2024-09-19,7792
2349,錸德,7,1,6,國票-北投,2024-09-19,7792
2610,華航,11,5,6,國票-北投,2024-09-19,7792
0056,元大高股息,6,0,6,國票-北投,2024-09-19,7792
00646,元大S＆P500,5,0,5,國票-北投,2024-09-19,7792
2425,承啟,7,2,5,國票-北投,2024-09-19,7792
2616,山隆,5,0,5,國票-北投,2024-09-19,7792
3587,閎康,5,0,5,國票-北投,2024-09-19,7792
3675,德微,5,0,5,國票-北投,2024-09-19,7792
00725B,國泰投資級公司債,4,0,4,國票-北投,2024-09-19,7792
00722B,群益投資級電信債,4,0,4,國票-北投,2024-09-19,7792
1471,首利,4,0,4,國票-北投,2024-09-19,7792
3038,全台,4,0,4,國票-北投,2024-09-19,7792
3583,辛耘,10,6,4,國票-北投,2024-09-19,7792
4714,永捷,4,0,4,國票-北投,2024-09-19,7792
00957B,兆豐US優選投等債,3,0,3,國票-北投,2024-09-19,7792
1475,業旺,3,0,3,國票-北投,2024-09-19,7792
2033,佳大,4,1,3,國票-北投,2024-09-19,7792
2367,燿華,3,0,3,國票-北投,2024-09-19,7792
2486,一詮,5,2,3,國票-北投,2024-09-19,7792
4561,健椿,5,2,3,國票-北投,2024-09-19,7792
4906,正文,3,0,3,國票-北投,2024-09-19,7792
5299,杰力,3,0,3,國票-北投,2024-09-19,7792
5426,振發,3,0,3,國票-北投,2024-09-19,7792
6216,居易,3,0,3,國票-北投,2024-09-19,7792
6546,正基,3,0,3,國票-北投,2024-09-19,7792
6588,東典光電,3,0,3,國票-北投,2024-09-19,7792
00713,元大台灣高息低波,2,0,2,國票-北投,2024-09-19,7792
4908,前鼎,5,3,2,國票-北投,2024-09-19,7792
2313,華通,2,0,2,國票-北投,2024-09-19,7792
00915,凱基優選高股息30,2,0,2,國票-北投,2024-09-19,7792
2891,中信金,607,51,556,國票-北投,2024-09-20,7792
00948B,中信優息投資級債,140,0,140,國票-北投,2024-09-20,7792
00919,群益台灣精選高息,118,3,115,國票-北投,2024-09-20,7792
00680L,元大美債20正2,51,0,51,國票-北投,2024-09-20,7792
1442,名軒,50,0,50,國票-北投,2024-09-20,7792
00632R,元大台灣50反1,47,0,47,國票-北投,2024-09-20,7792
3706,神達,41,0,41,國票-北投,2024-09-20,7792
2887,台新金,40,0,40,國票-北投,2024-09-20,7792
00795B,中信美國公債20年,35,0,35,國票-北投,2024-09-20,7792
1460,宏遠,35,0,35,國票-北投,2024-09-20,7792
3374,精材,30,6,24,國票-北投,2024-09-20,7792
00940,元大台灣價值高息,21,0,21,國票-北投,2024-09-20,7792
00934,中信成長高股息,20,0,20,國票-北投,2024-09-20,7792
1409,新纖,19,1,18,國票-北投,2024-09-20,7792
00929,復華台灣科技優息,39,21,18,國票-北投,2024-09-20,7792
2101,南港,15,0,15,國票-北投,2024-09-20,7792
00915,凱基優選高股息30,14,0,14,國票-北投,2024-09-20,7792
2609,陽明,15,1,14,國票-北投,2024-09-20,7792
4526,東台,28,15,13,國票-北投,2024-09-20,7792
4722,國精化,13,0,13,國票-北投,2024-09-20,7792
4306,炎洲,10,0,10,國票-北投,2024-09-20,7792
3036,文曄,10,0,10,國票-北投,2024-09-20,7792
4729,熒茂,11,1,10,國票-北投,2024-09-20,7792
8028,昇陽半導體,11,1,10,國票-北投,2024-09-20,7792
2062,橋椿,9,0,9,國票-北投,2024-09-20,7792
2542,興富發,8,0,8,國票-北投,2024-09-20,7792
1735,日勝化,8,0,8,國票-北投,2024-09-20,7792
3390,旭軟,8,0,8,國票-北投,2024-09-20,7792
4979,華星光,9,1,8,國票-北投,2024-09-20,7792
1524,耿鼎,12,4,8,國票-北投,2024-09-20,7792
00687B,國泰20年美債,10,3,7,國票-北投,2024-09-20,7792
4903,聯光通,17,10,7,國票-北投,2024-09-20,7792
5426,振發,7,0,7,國票-北投,2024-09-20,7792
00937B,群益ESG投等債20,6,0,6,國票-北投,2024-09-20,7792
1101,台泥,6,0,6,國票-北投,2024-09-20,7792
2303,聯電,6,0,6,國票-北投,2024-09-20,7792
3019,亞光,22,16,6,國票-北投,2024-09-20,7792
3047,訊舟,7,1,6,國票-北投,2024-09-20,7792
6438,迅得,6,0,6,國票-北投,2024-09-20,7792
8096,擎亞,7,1,6,國票-北投,2024-09-20,7792
2614,東森,5,0,5,國票-北投,2024-09-20,7792
00904,新光臺灣半導體30,5,0,5,國票-北投,2024-09-20,7792
00753L,中信中國50正2,5,0,5,國票-北投,2024-09-20,7792
1514,亞力,5,0,5,國票-北投,2024-09-20,7792
2616,山隆,5,0,5,國票-北投,2024-09-20,7792
6126,信音,5,0,5,國票-北投,2024-09-20,7792
6517,保勝光學,5,0,5,國票-北投,2024-09-20,7792
6706,惠特,6,1,5,國票-北投,2024-09-20,7792
2540,愛山林,4,0,4,國票-北投,2024-09-20,7792
2610,華航,4,0,4,國票-北投,2024-09-20,7792
4722,國精化,90,0,90,國票-北投,2024-09-23,7792
00948B,中信優息投資級債,70,0,70,國票-北投,2024-09-23,7792
00929,復華台灣科技優息,55,0,55,國票-北投,2024-09-23,7792
00958B,永豐ESG銀行債15,50,0,50,國票-北投,2024-09-23,7792
00687B,國泰20年美債,37,0,37,國票-北投,2024-09-23,7792
1532,勤美,35,1,34,國票-北投,2024-09-23,7792
1409,新纖,25,0,25,國票-北投,2024-09-23,7792
2495,普安,24,1,23,國票-北投,2024-09-23,7792
1460,宏遠,20,0,20,國票-北投,2024-09-23,7792
1785,光洋科,30,11,19,國票-北投,2024-09-23,7792
1101,台泥,15,0,15,國票-北投,2024-09-23,7792
2888,新光金,36,21,15,國票-北投,2024-09-23,7792
6143,振曜,14,0,14,國票-北投,2024-09-23,7792
1609,大亞,13,0,13,國票-北投,2024-09-23,7792
1711,永光,20,7,13,國票-北投,2024-09-23,7792
3706,神達,15,4,11,國票-北投,2024-09-23,7792
00919,群益台灣精選高息,11,1,10,國票-北投,2024-09-23,7792
2889,國票金,10,0,10,國票-北投,2024-09-23,7792
5521,工信,10,0,10,國票-北投,2024-09-23,7792
8155,博智,10,0,10,國票-北投,2024-09-23,7792
2883,凱基金,10,0,10,國票-北投,2024-09-23,7792
2464,盟立,13,4,9,國票-北投,2024-09-23,7792
6405,悅城,10,1,9,國票-北投,2024-09-23,7792
3141,晶宏,8,0,8,國票-北投,2024-09-23,7792
5515,建國,7,0,7,國票-北投,2024-09-23,7792
2349,錸德,21,15,6,國票-北投,2024-09-23,7792
8033,雷虎,7,1,6,國票-北投,2024-09-23,7792
2374,佳能,10,4,6,國票-北投,2024-09-23,7792
2504,國產,6,1,5,國票-北投,2024-09-23,7792
2353,宏��,5,0,5,國票-北投,2024-09-23,7792
00655L,國泰中國A50正2,5,0,5,國票-北投,2024-09-23,7792
00937B,群益ESG投等債20,5,0,5,國票-北投,2024-09-23,7792
1725,元禎,5,0,5,國票-北投,2024-09-23,7792
2301,光寶科,6,1,5,國票-北投,2024-09-23,7792
3017,奇鋐,7,2,5,國票-北投,2024-09-23,7792
3605,宏致,20,15,5,國票-北投,2024-09-23,7792
3714,富采,5,0,5,國票-北投,2024-09-23,7792
4526,東台,5,0,5,國票-北投,2024-09-23,7792
5516,雙喜,5,0,5,國票-北投,2024-09-23,7792
8064,東捷,5,0,5,國票-北投,2024-09-23,7792
1536,和大,5,0,5,國票-北投,2024-09-23,7792
2426,鼎元,5,0,5,國票-北投,2024-09-23,7792
00951,台新日本半導體,5,0,5,國票-北投,2024-09-23,7792
2425,承啟,11,7,4,國票-北投,2024-09-23,7792
2753,八方雲集,4,0,4,國票-北投,2024-09-23,7792
3149,正達,7,3,4,國票-北投,2024-09-23,7792
6451,訊芯-KY,5,1,4,國票-北投,2024-09-23,7792
6550,北極星藥業-KY,8,4,4,國票-北投,2024-09-23,7792
0056,元大高股息,4,0,4,國票-北投,2024-09-23,7792
2101,南港,3,0,3,國票-北投,2024-09-23,7792
00948B,中信優息投資級債,114,0,114,國票-北投,2024-09-24,7792
00958B,永豐ESG銀行債15,100,0,100,國票-北投,2024-09-24,7792
2317,鴻海,104,11,93,國票-北投,2024-09-24,7792
00878,國泰永續高股息,91,0,91,國票-北投,2024-09-24,7792
1514,亞力,68,0,68,國票-北投,2024-09-24,7792
00937B,群益ESG投等債20,62,0,62,國票-北投,2024-09-24,7792
00687B,國泰20年美債,57,0,57,國票-北投,2024-09-24,7792
00940,元大台灣價值高息,52,0,52,國票-北投,2024-09-24,7792
00679B,元大美債20年,49,0,49,國票-北投,2024-09-24,7792
6279,胡連,37,0,37,國票-北投,2024-09-24,7792
1532,勤美,35,0,35,國票-北投,2024-09-24,7792
3149,正達,48,17,31,國票-北投,2024-09-24,7792
2609,陽明,42,17,25,國票-北投,2024-09-24,7792
00939,統一台灣高息動能,20,0,20,國票-北投,2024-09-24,7792
2881,富邦金,20,1,19,國票-北投,2024-09-24,7792
3050,鈺德,21,2,19,國票-北投,2024-09-24,7792
00929,復華台灣科技優息,16,0,16,國票-北投,2024-09-24,7792
2425,承啟,14,0,14,國票-北投,2024-09-24,7792
00919,群益台灣精選高息,11,0,11,國票-北投,2024-09-24,7792
00712,復華富時不動產,11,0,11,國票-北投,2024-09-24,7792
00882,中信中國高股息,11,0,11,國票-北投,2024-09-24,7792
2515,中工,11,1,10,國票-北投,2024-09-24,7792
5276,達輝-KY,10,0,10,國票-北投,2024-09-24,7792
6233,旺玖,10,0,10,國票-北投,2024-09-24,7792
8011,台通,10,0,10,國票-北投,2024-09-24,7792
3036,文曄,10,0,10,國票-北投,2024-09-24,7792
2351,順德,9,0,9,國票-北投,2024-09-24,7792
2481,強茂,9,0,9,國票-北投,2024-09-24,7792
2610,華航,15,8,7,國票-北投,2024-09-24,7792
2303,聯電,8,1,7,國票-北投,2024-09-24,7792
3037,欣興,8,1,7,國票-北投,2024-09-24,7792
2344,華邦電,7,0,7,國票-北投,2024-09-24,7792
2033,佳大,6,0,6,國票-北投,2024-09-24,7792
2002,中鋼,7,1,6,國票-北投,2024-09-24,7792
3406,玉晶光,5,0,5,國票-北投,2024-09-24,7792
00881,國泰台灣5G+,5,0,5,國票-北投,2024-09-24,7792
00946,群益科技高息成長,5,0,5,國票-北投,2024-09-24,7792
2449,京元電子,5,0,5,國票-北投,2024-09-24,7792
2464,盟立,13,8,5,國票-北投,2024-09-24,7792
2537,聯上發,7,2,5,國票-北投,2024-09-24,7792
6863,永道-KY,5,0,5,國票-北投,2024-09-24,7792
8932,智通*,5,0,5,國票-北投,2024-09-24,7792
3032,偉訓,5,0,5,國票-北投,2024-09-24,7792
1560,中砂,7,3,4,國票-北投,2024-09-24,7792
2062,橋椿,4,0,4,國票-北投,2024-09-24,7792
4503,金雨,4,0,4,國票-北投,2024-09-24,7792
6274,台燿,5,1,4,國票-北投,2024-09-24,7792
6806,森崴能源,4,0,4,國票-北投,2024-09-24,7792
1536,和大,4,0,4,國票-北投,2024-09-24,7792
1609,大亞,4,0,4,國票-北投,2024-09-24,7792
2888,新光金,245,2,243,國票-北投,2024-09-25,7792
00948B,中信優息投資級債,125,0,125,國票-北投,2024-09-25,7792
3481,群創,58,0,58,國票-北投,2024-09-25,7792
00795B,中信美國公債20年,35,0,35,國票-北投,2024-09-25,7792
00687B,國泰20年美債,32,0,32,國票-北投,2024-09-25,7792
4530,宏易,31,0,31,國票-北投,2024-09-25,7792
00933B,國泰10Y+金融債,25,0,25,國票-北投,2024-09-25,7792
6244,茂迪,20,0,20,國票-北投,2024-09-25,7792
00712,復華富時不動產,13,0,13,國票-北投,2024-09-25,7792
1101,台泥,13,2,11,國票-北投,2024-09-25,7792
00679B,元大美債20年,16,5,11,國票-北投,2024-09-25,7792
1537,廣隆,10,0,10,國票-北投,2024-09-25,7792
2323,中環,10,0,10,國票-北投,2024-09-25,7792
2641,正德,10,0,10,國票-北投,2024-09-25,7792
6177,達麗,10,0,10,國票-北投,2024-09-25,7792
2891,中信金,11,2,9,國票-北投,2024-09-25,7792
1785,光洋科,9,0,9,國票-北投,2024-09-25,7792
3376,新日興,11,2,9,國票-北投,2024-09-25,7792
3714,富采,27,19,8,國票-北投,2024-09-25,7792
6279,胡連,8,0,8,國票-北投,2024-09-25,7792
3673,TPK-KY,7,0,7,國票-北投,2024-09-25,7792
6706,惠特,7,0,7,國票-北投,2024-09-25,7792
4912,聯德控股-KY,6,0,6,國票-北投,2024-09-25,7792
6698,旭暉應材,6,0,6,國票-北投,2024-09-25,7792
8927,北基,6,0,6,國票-北投,2024-09-25,7792
9904,寶成,5,0,5,國票-北投,2024-09-25,7792
2201,裕隆,10,5,5,國票-北投,2024-09-25,7792
2312,金寶,5,0,5,國票-北投,2024-09-25,7792
2316,楠梓電,10,5,5,國票-北投,2024-09-25,7792
5388,中磊,6,1,5,國票-北投,2024-09-25,7792
6235,華孚,5,0,5,國票-北投,2024-09-25,7792
6548,長科*,5,0,5,國票-北投,2024-09-25,7792
8076,伍豐,6,1,5,國票-北投,2024-09-25,7792
4173,久裕,5,0,5,國票-北投,2024-09-25,7792
4513,福裕,5,0,5,國票-北投,2024-09-25,7792
1524,耿鼎,4,0,4,國票-北投,2024-09-25,7792
2464,盟立,5,1,4,國票-北投,2024-09-25,7792
3073,天方能源,4,0,4,國票-北投,2024-09-25,7792
3550,聯穎,7,3,4,國票-北投,2024-09-25,7792
9962,有益,4,0,4,國票-北投,2024-09-25,7792
2359,所羅門,8,4,4,國票-北投,2024-09-25,7792
2520,冠德,4,0,4,國票-北投,2024-09-25,7792
2330,台積電,11,8,3,國票-北投,2024-09-25,7792
8908,欣雄,3,0,3,國票-北投,2024-09-25,7792
2481,強茂,9,6,3,國票-北投,2024-09-25,7792
3548,兆利,3,0,3,國票-北投,2024-09-25,7792
6207,雷科,4,1,3,國票-北投,2024-09-25,7792
6763,綠界科技*,3,0,3,國票-北投,2024-09-25,7792
8112,至上,3,0,3,國票-北投,2024-09-25,7792
4545,銘鈺,3,0,3,國票-北投,2024-09-25,7792
00687B,國泰20年美債,631,0,631,國票-北投,2024-09-26,7792
00948B,中信優息投資級債,310,0,310,國票-北投,2024-09-26,7792
00632R,元大台灣50反1,200,54,146,國票-北投,2024-09-26,7792
3481,群創,104,8,96,國票-北投,2024-09-26,7792
3058,立德,50,0,50,國票-北投,2024-09-26,7792
00933B,國泰10Y+金融債,50,1,49,國票-北投,2024-09-26,7792
2615,萬海,105,63,42,國票-北投,2024-09-26,7792
00795B,中信美國公債20年,35,0,35,國票-北投,2024-09-26,7792
2347,聯強,30,0,30,國票-北投,2024-09-26,7792
6679,鈺太,24,0,24,國票-北投,2024-09-26,7792
00937B,群益ESG投等債20,52,30,22,國票-北投,2024-09-26,7792
00679B,元大美債20年,21,0,21,國票-北投,2024-09-26,7792
6443,元晶,20,0,20,國票-北投,2024-09-26,7792
00715L,期街口布蘭特正2,19,0,19,國票-北投,2024-09-26,7792
00751B,元大AAA至A公司債,20,5,15,國票-北投,2024-09-26,7792
3711,日月光投控,15,0,15,國票-北投,2024-09-26,7792
00712,復華富時不動產,14,0,14,國票-北投,2024-09-26,7792
4919,新唐,13,1,12,國票-北投,2024-09-26,7792
2542,興富發,12,1,11,國票-北投,2024-09-26,7792
3019,亞光,13,2,11,國票-北投,2024-09-26,7792
00680L,元大美債20正2,11,0,11,國票-北投,2024-09-26,7792
3522,御嵿,20,9,11,國票-北投,2024-09-26,7792
00960,野村全球航運龍頭,10,0,10,國票-北投,2024-09-26,7792
2201,裕隆,11,1,10,國票-北投,2024-09-26,7792
3673,TPK-KY,12,2,10,國票-北投,2024-09-26,7792
4530,宏易,10,0,10,國票-北投,2024-09-26,7792
00722B,群益投資級電信債,9,0,9,國票-北投,2024-09-26,7792
6125,廣運,9,1,8,國票-北投,2024-09-26,7792
3588,通嘉,7,0,7,國票-北投,2024-09-26,7792
1808,潤隆,7,0,7,國票-北投,2024-09-26,7792
2449,京元電子,9,3,6,國票-北投,2024-09-26,7792
3303,岱稜,6,0,6,國票-北投,2024-09-26,7792
6451,訊芯-KY,6,0,6,國票-北投,2024-09-26,7792
6770,力積電,6,0,6,國票-北投,2024-09-26,7792
8110,華東,6,0,6,國票-北投,2024-09-26,7792
4968,立積,6,0,6,國票-北投,2024-09-26,7792
4526,東台,6,0,6,國票-北投,2024-09-26,7792
2344,華邦電,5,0,5,國票-北投,2024-09-26,7792
2426,鼎元,5,0,5,國票-北投,2024-09-26,7792
9908,大台北,5,0,5,國票-北投,2024-09-26,7792
4722,國精化,5,0,5,國票-北投,2024-09-26,7792
2610,華航,10,6,4,國票-北投,2024-09-26,7792
4967,十銓,5,1,4,國票-北投,2024-09-26,7792
2436,偉詮電,5,1,4,國票-北投,2024-09-26,7792
1595,川寶,4,0,4,國票-北投,2024-09-26,7792
2641,正德,4,0,4,國票-北投,2024-09-26,7792
2885,元大金,4,0,4,國票-北投,2024-09-26,7792
3032,偉訓,4,0,4,國票-北投,2024-09-26,7792
3663,鑫科,6,2,4,國票-北投,2024-09-26,7792
4523,永彰,5,1,4,國票-北投,2024-09-26,7792
00948B,中信優息投資級債,121,1,120,國票-北投,2024-09-27,7792
00712,復華富時不動產,60,0,60,國票-北投,2024-09-27,7792
3037,欣興,55,5,50,國票-北投,2024-09-27,7792
2887,台新金,40,0,40,國票-北投,2024-09-27,7792
00919,群益台灣精選高息,50,11,39,國票-北投,2024-09-27,7792
00679B,元大美債20年,26,0,26,國票-北投,2024-09-27,7792
00937B,群益ESG投等債20,86,60,26,國票-北投,2024-09-27,7792
2610,華航,25,0,25,國票-北投,2024-09-27,7792
2353,宏��,24,0,24,國票-北投,2024-09-27,7792
3033,威健,22,0,22,國票-北投,2024-09-27,7792
00687B,國泰20年美債,28,7,21,國票-北投,2024-09-27,7792
00643,群益深証中小,20,0,20,國票-北投,2024-09-27,7792
00639,富邦深100,20,0,20,國票-北投,2024-09-27,7792
1714,和桐,20,0,20,國票-北投,2024-09-27,7792
2888,新光金,20,0,20,國票-北投,2024-09-27,7792
4530,宏易,20,0,20,國票-北投,2024-09-27,7792
3707,漢磊,20,0,20,國票-北投,2024-09-27,7792
00725B,國泰投資級公司債,15,0,15,國票-北投,2024-09-27,7792
00680L,元大美債20正2,15,0,15,國票-北投,2024-09-27,7792
3066,李洲,15,0,15,國票-北投,2024-09-27,7792
6279,胡連,15,0,15,國票-北投,2024-09-27,7792
00960,野村全球航運龍頭,13,0,13,國票-北投,2024-09-27,7792
6152,百一,12,0,12,國票-北投,2024-09-27,7792
3706,神達,20,9,11,國票-北投,2024-09-27,7792
2317,鴻海,13,3,10,國票-北投,2024-09-27,7792
2023,燁輝,10,0,10,國票-北投,2024-09-27,7792
2426,鼎元,10,0,10,國票-北投,2024-09-27,7792
9105,泰金寶-DR,10,0,10,國票-北投,2024-09-27,7792
2891,中信金,9,0,9,國票-北投,2024-09-27,7792
2881,富邦金,8,0,8,國票-北投,2024-09-27,7792
1304,台聚,8,0,8,國票-北投,2024-09-27,7792
8028,昇陽半導體,26,18,8,國票-北投,2024-09-27,7792
3019,亞光,12,5,7,國票-北投,2024-09-27,7792
00929,復華台灣科技優息,7,0,7,國票-北投,2024-09-27,7792
2363,矽統,23,16,7,國票-北投,2024-09-27,7792
00932,兆豐永續高息等權,5,0,5,國票-北投,2024-09-27,7792
00943,兆豐電子高息等權,5,0,5,國票-北投,2024-09-27,7792
3073,天方能源,5,0,5,國票-北投,2024-09-27,7792
3374,精材,5,0,5,國票-北投,2024-09-27,7792
3607,谷崧,5,0,5,國票-北投,2024-09-27,7792
6863,永道-KY,5,0,5,國票-北投,2024-09-27,7792
8150,南茂,5,0,5,國票-北投,2024-09-27,7792
8454,富邦媒,5,0,5,國票-北投,2024-09-27,7792
8927,北基,5,0,5,國票-北投,2024-09-27,7792
8064,東捷,15,10,5,國票-北投,2024-09-27,7792
00631L,元大台灣50正2,8,4,4,國票-北投,2024-09-27,7792
0050,元大台灣50,4,0,4,國票-北投,2024-09-27,7792
2882,國泰金,6,2,4,國票-北投,2024-09-27,7792
6285,啟��,4,0,4,國票-北投,2024-09-27,7792
6770,力積電,5,1,4,國票-北投,2024-09-27,7792
00650L,復華香港正2,1000,10,990,國票-北投,2024-09-30,7792
00637L,元大滬深300正2,545,104,441,國票-北投,2024-09-30,7792
00632R,元大台灣50反1,240,10,230,國票-北投,2024-09-30,7792
2014,中鴻,214,13,201,國票-北投,2024-09-30,7792
1802,台玻,201,2,199,國票-北投,2024-09-30,7792
00948B,中信優息投資級債,96,0,96,國票-北投,2024-09-30,7792
3481,群創,111,38,73,國票-北投,2024-09-30,7792
00937B,群益ESG投等債20,72,0,72,國票-北投,2024-09-30,7792
00919,群益台灣精選高息,56,2,54,國票-北投,2024-09-30,7792
00940,元大台灣價值高息,52,0,52,國票-北投,2024-09-30,7792
2609,陽明,50,6,44,國票-北投,2024-09-30,7792
5871,中租-KY,51,9,42,國票-北投,2024-09-30,7792
3402,漢科,30,0,30,國票-北投,2024-09-30,7792
2382,廣達,29,1,28,國票-北投,2024-09-30,7792
020033,統一�琤肮黕篾,25,0,25,國票-北投,2024-09-30,7792
00878,國泰永續高股息,23,0,23,國票-北投,2024-09-30,7792
00929,復華台灣科技優息,23,0,23,國票-北投,2024-09-30,7792
2610,華航,20,0,20,國票-北投,2024-09-30,7792
3715,定穎投控,26,6,20,國票-北投,2024-09-30,7792
2615,萬海,27,8,19,國票-北投,2024-09-30,7792
2330,台積電,19,0,19,國票-北投,2024-09-30,7792
00687B,國泰20年美債,15,0,15,國票-北投,2024-09-30,7792
6152,百一,13,0,13,國票-北投,2024-09-30,7792
00887,永豐中國科技50大,17,5,12,國票-北投,2024-09-30,7792
00641R,富邦日本反1,12,0,12,國票-北投,2024-09-30,7792
2356,英業達,12,0,12,國票-北投,2024-09-30,7792
2349,錸德,11,0,11,國票-北投,2024-09-30,7792
00877,復華中國5G,10,0,10,國票-北投,2024-09-30,7792
3011,今皓,10,0,10,國票-北投,2024-09-30,7792
3501,維熹,10,0,10,國票-北投,2024-09-30,7792
8070,長華*,10,0,10,國票-北投,2024-09-30,7792
0050,元大台灣50,8,0,8,國票-北投,2024-09-30,7792
00946,群益科技高息成長,7,0,7,國票-北投,2024-09-30,7792
2317,鴻海,7,0,7,國票-北投,2024-09-30,7792
2351,順德,7,0,7,國票-北投,2024-09-30,7792
2371,大同,17,11,6,國票-北投,2024-09-30,7792
2383,台光電,7,1,6,國票-北投,2024-09-30,7792
3264,欣銓,6,0,6,國票-北投,2024-09-30,7792
6505,台塑化,5,0,5,國票-北投,2024-09-30,7792
00725B,國泰投資級公司債,5,0,5,國票-北投,2024-09-30,7792
4707,磐亞,5,0,5,國票-北投,2024-09-30,7792
5014,建錩,10,5,5,國票-北投,2024-09-30,7792
9938,百和,5,0,5,國票-北投,2024-09-30,7792
2498,宏達電,6,2,4,國票-北投,2024-09-30,7792
2881,富邦金,4,0,4,國票-北投,2024-09-30,7792
00631L,元大台灣50正2,7,3,4,國票-北投,2024-09-30,7792
2049,上銀,4,0,4,國票-北投,2024-09-30,7792
2201,裕隆,6,2,4,國票-北投,2024-09-30,7792
2308,台達電,5,1,4,國票-北投,2024-09-30,7792
2303,聯電,3,0,3,國票-北投,2024-09-30,7792
1802,台玻,186,1,185,國票-北投,2024-10-01,7792
2888,新光金,129,3,126,國票-北投,2024-10-01,7792
00940,元大台灣價值高息,110,0,110,國票-北投,2024-10-01,7792
00946,群益科技高息成長,102,0,102,國票-北投,2024-10-01,7792
2606,裕民,50,0,50,國票-北投,2024-10-01,7792
1442,名軒,46,0,46,國票-北投,2024-10-01,7792
2014,中鴻,37,1,36,國票-北投,2024-10-01,7792
2615,萬海,45,11,34,國票-北投,2024-10-01,7792
2363,矽統,22,0,22,國票-北投,2024-10-01,7792
3706,神達,28,10,18,國票-北投,2024-10-01,7792
3481,群創,18,0,18,國票-北投,2024-10-01,7792
2324,仁寶,30,14,16,國票-北投,2024-10-01,7792
8064,東捷,20,4,16,國票-北投,2024-10-01,7792
00637L,元大滬深300正2,49,38,11,國票-北投,2024-10-01,7792
3189,景碩,12,1,11,國票-北投,2024-10-01,7792
2371,大同,11,1,10,國票-北投,2024-10-01,7792
9945,潤泰新,10,0,10,國票-北投,2024-10-01,7792
00887,永豐中國科技50大,10,0,10,國票-北投,2024-10-01,7792
4157,太景*-KY,10,0,10,國票-北投,2024-10-01,7792
4530,宏易,10,0,10,國票-北投,2024-10-01,7792
8050,廣積,10,0,10,國票-北投,2024-10-01,7792
8429,金麗-KY,32,22,10,國票-北投,2024-10-01,7792
00878,國泰永續高股息,10,0,10,國票-北投,2024-10-01,7792
00929,復華台灣科技優息,10,0,10,國票-北投,2024-10-01,7792
2641,正德,9,0,9,國票-北投,2024-10-01,7792
00687B,國泰20年美債,9,1,8,國票-北投,2024-10-01,7792
3073,天方能源,8,0,8,國票-北投,2024-10-01,7792
2317,鴻海,8,0,8,國票-北投,2024-10-01,7792
2609,陽明,21,14,7,國票-北投,2024-10-01,7792
6770,力積電,7,0,7,國票-北投,2024-10-01,7792
00937B,群益ESG投等債20,8,1,7,國票-北投,2024-10-01,7792
0056,元大高股息,6,0,6,國票-北投,2024-10-01,7792
2362,藍天,6,0,6,國票-北投,2024-10-01,7792
2613,中櫃,10,4,6,國票-北投,2024-10-01,7792
3025,星通,6,0,6,國票-北投,2024-10-01,7792
5014,建錩,11,5,6,國票-北投,2024-10-01,7792
9962,有益,6,0,6,國票-北投,2024-10-01,7792
5388,中磊,6,0,6,國票-北投,2024-10-01,7792
3017,奇鋐,5,0,5,國票-北投,2024-10-01,7792
2504,國產,5,0,5,國票-北投,2024-10-01,7792
3406,玉晶光,5,0,5,國票-北投,2024-10-01,7792
3576,聯合再生,5,0,5,國票-北投,2024-10-01,7792
3694,海華,5,0,5,國票-北投,2024-10-01,7792
4909,新復興,13,8,5,國票-北投,2024-10-01,7792
4971,IET-KY,17,12,5,國票-北投,2024-10-01,7792
6913,鴻呈,6,1,5,國票-北投,2024-10-01,7792
2891,中信金,4,0,4,國票-北投,2024-10-01,7792
00915,凱基優選高股息30,4,0,4,國票-北投,2024-10-01,7792
2201,裕隆,4,0,4,國票-北投,2024-10-01,7792
3622,洋華,4,0,4,國票-北投,2024-10-01,7792
1442,名軒,90,0,90,國票-北投,2024-10-04,7792
00638R,元大滬深300反1,65,0,65,國票-北投,2024-10-04,7792
00940,元大台灣價值高息,65,15,50,國票-北投,2024-10-04,7792
00712,復華富時不動產,43,0,43,國票-北投,2024-10-04,7792
00948B,中信優息投資級債,30,0,30,國票-北投,2024-10-04,7792
00958B,永豐ESG銀行債15,30,0,30,國票-北投,2024-10-04,7792
00919,群益台灣精選高息,29,0,29,國票-北投,2024-10-04,7792
2610,華航,29,3,26,國票-北投,2024-10-04,7792
00752,中信中國50,30,5,25,國票-北投,2024-10-04,7792
2609,陽明,28,5,23,國票-北投,2024-10-04,7792
1460,宏遠,20,0,20,國票-北投,2024-10-04,7792
00929,復華台灣科技優息,25,5,20,國票-北投,2024-10-04,7792
4971,IET-KY,17,1,16,國票-北投,2024-10-04,7792
2353,宏��,14,0,14,國票-北投,2024-10-04,7792
2891,中信金,12,0,12,國票-北投,2024-10-04,7792
2890,永豐金,12,1,11,國票-北投,2024-10-04,7792
2603,長榮,13,2,11,國票-北投,2024-10-04,7792
00937B,群益ESG投等債20,10,0,10,國票-北投,2024-10-04,7792
1402,遠東新,10,0,10,國票-北投,2024-10-04,7792
2323,中環,10,0,10,國票-北投,2024-10-04,7792
2892,第一金,10,0,10,國票-北投,2024-10-04,7792
3402,漢科,10,0,10,國票-北投,2024-10-04,7792
2308,台達電,12,3,9,國票-北投,2024-10-04,7792
00960,野村全球航運龍頭,9,0,9,國票-北投,2024-10-04,7792
2618,長榮航,9,0,9,國票-北投,2024-10-04,7792
2303,聯電,9,0,9,國票-北投,2024-10-04,7792
00946,群益科技高息成長,10,1,9,國票-北投,2024-10-04,7792
2201,裕隆,9,0,9,國票-北投,2024-10-04,7792
3073,天方能源,9,0,9,國票-北投,2024-10-04,7792
00878,國泰永續高股息,9,0,9,國票-北投,2024-10-04,7792
1337,再生-KY,8,0,8,國票-北投,2024-10-04,7792
5388,中磊,8,0,8,國票-北投,2024-10-04,7792
5530,龍巖,9,1,8,國票-北投,2024-10-04,7792
4532,瑞智,10,2,8,國票-北投,2024-10-04,7792
2454,聯發科,7,0,7,國票-北投,2024-10-04,7792
2640,大車隊,7,0,7,國票-北投,2024-10-04,7792
3062,建漢,7,0,7,國票-北投,2024-10-04,7792
00918,大華優利高填息30,6,0,6,國票-北投,2024-10-04,7792
2449,京元電子,13,7,6,國票-北投,2024-10-04,7792
2324,仁寶,5,0,5,國票-北投,2024-10-04,7792
00679B,元大美債20年,5,0,5,國票-北投,2024-10-04,7792
2368,金像電,5,0,5,國票-北投,2024-10-04,7792
2374,佳能,5,0,5,國票-北投,2024-10-04,7792
2439,美律,5,0,5,國票-北投,2024-10-04,7792
3045,台灣大,5,0,5,國票-北投,2024-10-04,7792
3066,李洲,5,0,5,國票-北投,2024-10-04,7792
4530,宏易,5,0,5,國票-北投,2024-10-04,7792
6104,創惟,6,1,5,國票-北投,2024-10-04,7792
8064,東捷,5,0,5,國票-北投,2024-10-04,7792
2615,萬海,5,1,4,國票-北投,2024-10-04,7792
2103,台橡,70,4,66,國票-北投,2024-10-07,7792
00940,元大台灣價值高息,28,0,28,國票-北投,2024-10-07,7792
2929,淘帝-KY,24,0,24,國票-北投,2024-10-07,7792
00881,國泰台灣5G+,23,0,23,國票-北投,2024-10-07,7792
00680L,元大美債20正2,21,0,21,國票-北投,2024-10-07,7792
6104,創惟,19,1,18,國票-北投,2024-10-07,7792
2515,中工,17,0,17,國票-北投,2024-10-07,7792
2353,宏��,22,7,15,國票-北投,2024-10-07,7792
00752,中信中國50,20,5,15,國票-北投,2024-10-07,7792
3062,建漢,15,1,14,國票-北投,2024-10-07,7792
3149,正達,20,8,12,國票-北投,2024-10-07,7792
2313,華通,20,8,12,國票-北投,2024-10-07,7792
2049,上銀,12,1,11,國票-北投,2024-10-07,7792
00929,復華台灣科技優息,11,0,11,國票-北投,2024-10-07,7792
00922,國泰台灣領袖50,10,0,10,國票-北投,2024-10-07,7792
00673R,期元大S＆P原油反1,10,0,10,國票-北投,2024-10-07,7792
00706L,期元大S＆P日圓正2,20,10,10,國票-北投,2024-10-07,7792
00638R,元大滬深300反1,10,0,10,國票-北投,2024-10-07,7792
1785,光洋科,10,0,10,國票-北投,2024-10-07,7792
2236,百達-KY,10,0,10,國票-北投,2024-10-07,7792
2834,臺企銀,10,0,10,國票-北投,2024-10-07,7792
2836,高雄銀,10,0,10,國票-北投,2024-10-07,7792
5364,力麗店,10,0,10,國票-北投,2024-10-07,7792
8050,廣積,10,0,10,國票-北投,2024-10-07,7792
9904,寶成,10,0,10,國票-北投,2024-10-07,7792
2609,陽明,11,2,9,國票-北投,2024-10-07,7792
1314,中石化,11,2,9,國票-北投,2024-10-07,7792
2312,金寶,10,1,9,國票-北投,2024-10-07,7792
2316,楠梓電,9,0,9,國票-北投,2024-10-07,7792
2495,普安,9,0,9,國票-北投,2024-10-07,7792
00713,元大台灣高息低波,8,0,8,國票-北投,2024-10-07,7792
4513,福裕,8,0,8,國票-北投,2024-10-07,7792
00887,永豐中國科技50大,115,107,8,國票-北投,2024-10-07,7792
3533,嘉澤,8,0,8,國票-北投,2024-10-07,7792
8111,立��,15,7,8,國票-北投,2024-10-07,7792
2344,華邦電,9,2,7,國票-北投,2024-10-07,7792
00919,群益台灣精選高息,16,9,7,國票-北投,2024-10-07,7792
5230,雷笛克光學,10,3,7,國票-北投,2024-10-07,7792
2371,大同,7,0,7,國票-北投,2024-10-07,7792
0061,元大寶滬深,7,0,7,國票-北投,2024-10-07,7792
00725B,國泰投資級公司債,7,0,7,國票-北投,2024-10-07,7792
1303,南亞,6,0,6,國票-北投,2024-10-07,7792
9962,有益,6,0,6,國票-北投,2024-10-07,7792
00722B,群益投資級電信債,5,0,5,國票-北投,2024-10-07,7792
00720B,元大投資級公司債,5,0,5,國票-北投,2024-10-07,7792
2892,第一金,5,0,5,國票-北投,2024-10-07,7792
2939,永邑-KY,5,0,5,國票-北投,2024-10-07,7792
3105,穩懋,5,0,5,國票-北投,2024-10-07,7792
6873,泓德能源,5,0,5,國票-北投,2024-10-07,7792
8249,菱光,6,1,5,國票-北投,2024-10-07,7792
00632R,元大台灣50反1,240,0,240,國票-北投,2024-10-08,7792
00753L,中信中國50正2,142,30,112,國票-北投,2024-10-08,7792
2498,宏達電,102,25,77,國票-北投,2024-10-08,7792
2022,聚亨,63,0,63,國票-北投,2024-10-08,7792
00948B,中信優息投資級債,64,2,62,國票-北投,2024-10-08,7792
00929,復華台灣科技優息,47,10,37,國票-北投,2024-10-08,7792
2362,藍天,36,0,36,國票-北投,2024-10-08,7792
00687B,國泰20年美債,33,0,33,國票-北投,2024-10-08,7792
1442,名軒,33,0,33,國票-北投,2024-10-08,7792
2887,台新金,32,0,32,國票-北投,2024-10-08,7792
2888,新光金,38,15,23,國票-北投,2024-10-08,7792
00665L,富邦�琤肭磪囓�2,33,13,20,國票-北投,2024-10-08,7792
00940,元大台灣價值高息,29,10,19,國票-北投,2024-10-08,7792
2399,映泰,30,12,18,國票-北投,2024-10-08,7792
00878,國泰永續高股息,17,0,17,國票-北投,2024-10-08,7792
1409,新纖,16,0,16,國票-北投,2024-10-08,7792
2929,淘帝-KY,33,17,16,國票-北投,2024-10-08,7792
3209,全科,32,16,16,國票-北投,2024-10-08,7792
6104,創惟,15,0,15,國票-北投,2024-10-08,7792
6806,森崴能源,15,0,15,國票-北投,2024-10-08,7792
00713,元大台灣高息低波,12,0,12,國票-北投,2024-10-08,7792
00919,群益台灣精選高息,12,0,12,國票-北投,2024-10-08,7792
00881,國泰台灣5G+,12,0,12,國票-北投,2024-10-08,7792
1711,永光,12,0,12,國票-北投,2024-10-08,7792
2201,裕隆,12,0,12,國票-北投,2024-10-08,7792
2464,盟立,14,2,12,國票-北投,2024-10-08,7792
2316,楠梓電,13,2,11,國票-北投,2024-10-08,7792
2402,毅嘉,11,0,11,國票-北投,2024-10-08,7792
6126,信音,26,15,11,國票-北投,2024-10-08,7792
00751B,元大AAA至A公司債,10,0,10,國票-北投,2024-10-08,7792
00673R,期元大S＆P原油反1,10,0,10,國票-北投,2024-10-08,7792
3706,神達,30,20,10,國票-北投,2024-10-08,7792
6412,群電,10,0,10,國票-北投,2024-10-08,7792
6863,永道-KY,10,0,10,國票-北投,2024-10-08,7792
0056,元大高股息,10,0,10,國票-北投,2024-10-08,7792
2371,大同,10,1,9,國票-北投,2024-10-08,7792
2353,宏��,13,4,9,國票-北投,2024-10-08,7792
2886,兆豐金,9,0,9,國票-北投,2024-10-08,7792
2834,臺企銀,10,1,9,國票-北投,2024-10-08,7792
3033,威健,12,4,8,國票-北投,2024-10-08,7792
4563,百德,13,5,8,國票-北投,2024-10-08,7792
1301,台塑,8,0,8,國票-北投,2024-10-08,7792
00712,復華富時不動產,7,0,7,國票-北投,2024-10-08,7792
2002,中鋼,10,3,7,國票-北投,2024-10-08,7792
2426,鼎元,8,1,7,國票-北投,2024-10-08,7792
3622,洋華,7,0,7,國票-北投,2024-10-08,7792
3481,群創,10,4,6,國票-北投,2024-10-08,7792
3357,臺慶科,6,0,6,國票-北投,2024-10-08,7792
00725B,國泰投資級公司債,5,0,5,國票-北投,2024-10-08,7792
2231,為升,5,0,5,國票-北投,2024-10-08,7792
3481,群創,150,0,150,國票-北投,2024-10-09,7792
00948B,中信優息投資級債,115,0,115,國票-北投,2024-10-09,7792
6488,環球晶,109,0,109,國票-北投,2024-10-09,7792
2449,京元電子,116,23,93,國票-北投,2024-10-09,7792
00637L,元大滬深300正2,68,26,42,國票-北投,2024-10-09,7792
6244,茂迪,30,0,30,國票-北投,2024-10-09,7792
6152,百一,26,0,26,國票-北投,2024-10-09,7792
4306,炎洲,25,0,25,國票-北投,2024-10-09,7792
2890,永豐金,22,0,22,國票-北投,2024-10-09,7792
3049,精金,30,9,21,國票-北投,2024-10-09,7792
00751B,元大AAA至A公司債,21,0,21,國票-北投,2024-10-09,7792
1714,和桐,20,0,20,國票-北投,2024-10-09,7792
00882,中信中國高股息,21,1,20,國票-北投,2024-10-09,7792
1460,宏遠,20,0,20,國票-北投,2024-10-09,7792
4530,宏易,20,0,20,國票-北投,2024-10-09,7792
5443,均豪,26,7,19,國票-北投,2024-10-09,7792
00919,群益台灣精選高息,18,0,18,國票-北投,2024-10-09,7792
1314,中石化,16,0,16,國票-北投,2024-10-09,7792
00639,富邦深100,14,0,14,國票-北投,2024-10-09,7792
2316,楠梓電,19,5,14,國票-北投,2024-10-09,7792
2363,矽統,70,58,12,國票-北投,2024-10-09,7792
00680L,元大美債20正2,12,0,12,國票-北投,2024-10-09,7792
2498,宏達電,22,10,12,國票-北投,2024-10-09,7792
3025,星通,27,15,12,國票-北投,2024-10-09,7792
00940,元大台灣價值高息,11,0,11,國票-北投,2024-10-09,7792
00665L,富邦�琤肭磪囓�2,21,10,11,國票-北投,2024-10-09,7792
6133,金橋,11,0,11,國票-北投,2024-10-09,7792
1785,光洋科,10,0,10,國票-北投,2024-10-09,7792
2489,瑞軒,16,6,10,國票-北投,2024-10-09,7792
3376,新日興,10,0,10,國票-北投,2024-10-09,7792
6207,雷科,21,11,10,國票-北投,2024-10-09,7792
2419,仲琦,10,0,10,國票-北投,2024-10-09,7792
0056,元大高股息,10,0,10,國票-北投,2024-10-09,7792
1802,台玻,9,0,9,國票-北投,2024-10-09,7792
8028,昇陽半導體,14,7,7,國票-北投,2024-10-09,7792
1301,台塑,7,0,7,國票-北投,2024-10-09,7792
3615,安可,8,1,7,國票-北投,2024-10-09,7792
5284,jpp-KY,6,0,6,國票-北投,2024-10-09,7792
1409,新纖,6,0,6,國票-北投,2024-10-09,7792
2303,聯電,6,0,6,國票-北投,2024-10-09,7792
00650L,復華香港正2,6,0,6,國票-北投,2024-10-09,7792
2481,強茂,6,0,6,國票-北投,2024-10-09,7792
2601,益航,6,0,6,國票-北投,2024-10-09,7792
2605,新興,6,0,6,國票-北投,2024-10-09,7792
4971,IET-KY,9,3,6,國票-北投,2024-10-09,7792
8183,精星,6,0,6,國票-北投,2024-10-09,7792
2313,華通,8,2,6,國票-北投,2024-10-09,7792
6770,力積電,6,0,6,國票-北投,2024-10-09,7792
00713,元大台灣高息低波,5,0,5,國票-北投,2024-10-09,7792
2002,中鋼,5,0,5,國票-北投,2024-10-09,7792
00632R,元大台灣50反1,365,0,365,國票-北投,2024-10-11,7792
00680L,元大美債20正2,177,0,177,國票-北投,2024-10-11,7792
2371,大同,80,1,79,國票-北投,2024-10-11,7792
00637L,元大滬深300正2,63,0,63,國票-北投,2024-10-11,7792
3037,欣興,52,1,51,國票-北投,2024-10-11,7792
3706,神達,36,1,35,國票-北投,2024-10-11,7792
00665L,富邦�琤肭磪囓�2,30,0,30,國票-北投,2024-10-11,7792
1442,名軒,30,0,30,國票-北投,2024-10-11,7792
2498,宏達電,30,0,30,國票-北投,2024-10-11,7792
3481,群創,30,0,30,國票-北投,2024-10-11,7792
8111,立��,29,0,29,國票-北投,2024-10-11,7792
00753L,中信中國50正2,27,0,27,國票-北投,2024-10-11,7792
2031,新光鋼,25,0,25,國票-北投,2024-10-11,7792
4306,炎洲,20,0,20,國票-北投,2024-10-11,7792
00679B,元大美債20年,17,0,17,國票-北投,2024-10-11,7792
1815,富喬,16,0,16,國票-北投,2024-10-11,7792
2356,英業達,14,0,14,國票-北投,2024-10-11,7792
6679,鈺太,14,0,14,國票-北投,2024-10-11,7792
1605,華新,11,0,11,國票-北投,2024-10-11,7792
1802,台玻,11,0,11,國票-北投,2024-10-11,7792
00650L,復華香港正2,10,0,10,國票-北投,2024-10-11,7792
00751B,元大AAA至A公司債,10,0,10,國票-北投,2024-10-11,7792
2605,新興,11,2,9,國票-北投,2024-10-11,7792
2316,楠梓電,10,2,8,國票-北投,2024-10-11,7792
2337,旺宏,10,2,8,國票-北投,2024-10-11,7792
6152,百一,8,0,8,國票-北投,2024-10-11,7792
6668,中揚光,8,0,8,國票-北投,2024-10-11,7792
2344,華邦電,7,0,7,國票-北投,2024-10-11,7792
4533,協易機,7,0,7,國票-北投,2024-10-11,7792
8011,台通,7,0,7,國票-北投,2024-10-11,7792
00687B,國泰20年美債,6,0,6,國票-北投,2024-10-11,7792
2451,創見,6,0,6,國票-北投,2024-10-11,7792
2601,益航,6,0,6,國票-北投,2024-10-11,7792
4971,IET-KY,6,0,6,國票-北投,2024-10-11,7792
6104,創惟,8,2,6,國票-北投,2024-10-11,7792
4909,新復興,5,0,5,國票-北投,2024-10-11,7792
2067,嘉鋼,5,0,5,國票-北投,2024-10-11,7792
2313,華通,5,0,5,國票-北投,2024-10-11,7792
2388,威盛,9,4,5,國票-北投,2024-10-11,7792
3437,榮創,5,0,5,國票-北投,2024-10-11,7792
3607,谷崧,5,0,5,國票-北投,2024-10-11,7792
5347,世界,5,0,5,國票-北投,2024-10-11,7792
6488,環球晶,5,0,5,國票-北投,2024-10-11,7792
9904,寶成,5,0,5,國票-北投,2024-10-11,7792
9951,皇田,5,0,5,國票-北投,2024-10-11,7792
2454,聯發科,7,2,5,國票-北投,2024-10-11,7792
1560,中砂,7,2,5,國票-北投,2024-10-11,7792
1786,科妍,4,0,4,國票-北投,2024-10-11,7792
2888,新光金,4,0,4,國票-北投,2024-10-11,7792
3591,艾笛森,4,0,4,國票-北投,2024-10-11,7792
00725B,國泰投資級公司債,100,0,100,國票-北投,2024-10-14,7792
2330,台積電,84,10,74,國票-北投,2024-10-14,7792
00887,永豐中國科技50大,56,0,56,國票-北投,2024-10-14,7792
3037,欣興,51,1,50,國票-北投,2024-10-14,7792
00680L,元大美債20正2,71,30,41,國票-北投,2024-10-14,7792
00948B,中信優息投資級債,36,0,36,國票-北投,2024-10-14,7792
2312,金寶,2534,2502,32,國票-北投,2024-10-14,7792
00679B,元大美債20年,30,0,30,國票-北投,2024-10-14,7792
00937B,群益ESG投等債20,26,1,25,國票-北投,2024-10-14,7792
00687B,國泰20年美債,33,10,23,國票-北投,2024-10-14,7792
2371,大同,17,0,17,國票-北投,2024-10-14,7792
0056,元大高股息,16,0,16,國票-北投,2024-10-14,7792
4956,光鋐,21,8,13,國票-北投,2024-10-14,7792
6104,創惟,14,1,13,國票-北投,2024-10-14,7792
9105,泰金寶-DR,13,1,12,國票-北投,2024-10-14,7792
2892,第一金,11,0,11,國票-北投,2024-10-14,7792
3163,波若威,19,8,11,國票-北投,2024-10-14,7792
2543,皇昌,12,2,10,國票-北投,2024-10-14,7792
6546,正基,14,4,10,國票-北投,2024-10-14,7792
2363,矽統,10,1,9,國票-北投,2024-10-14,7792
2887,台新金,8,0,8,國票-北投,2024-10-14,7792
2618,長榮航,7,0,7,國票-北投,2024-10-14,7792
00712,復華富時不動產,7,0,7,國票-北投,2024-10-14,7792
3588,通嘉,7,0,7,國票-北投,2024-10-14,7792
6669,緯穎,7,0,7,國票-北投,2024-10-14,7792
3715,定穎投控,12,6,6,國票-北投,2024-10-14,7792
6182,合晶,5,0,5,國票-北投,2024-10-14,7792
00753L,中信中國50正2,5,0,5,國票-北投,2024-10-14,7792
00752,中信中國50,5,0,5,國票-北投,2024-10-14,7792
2891B,中信金乙特,5,0,5,國票-北投,2024-10-14,7792
3380,明泰,5,0,5,國票-北投,2024-10-14,7792
3498,陽程,5,0,5,國票-北投,2024-10-14,7792
3587,閎康,5,0,5,國票-北投,2024-10-14,7792
4707,磐亞,5,0,5,國票-北投,2024-10-14,7792
00713,元大台灣高息低波,5,0,5,國票-北投,2024-10-14,7792
00922,國泰台灣領袖50,4,0,4,國票-北投,2024-10-14,7792
2421,建準,7,3,4,國票-北投,2024-10-14,7792
2344,華邦電,6,2,4,國票-北投,2024-10-14,7792
3105,穩懋,5,1,4,國票-北投,2024-10-14,7792
3710,連展投控,9,5,4,國票-北投,2024-10-14,7792
4142,國光生,3,0,3,國票-北投,2024-10-14,7792
00919,群益台灣精選高息,6,3,3,國票-北投,2024-10-14,7792
006205,富邦上証,3,0,3,國票-北投,2024-10-14,7792
1464,得力,3,0,3,國票-北投,2024-10-14,7792
2241,艾姆勒,3,0,3,國票-北投,2024-10-14,7792
2302,麗正,3,0,3,國票-北投,2024-10-14,7792
2388,威盛,3,0,3,國票-北投,2024-10-14,7792
2412,中華電,3,0,3,國票-北投,2024-10-14,7792
2425,承啟,3,0,3,國票-北投,2024-10-14,7792
2467,志聖,3,0,3,國票-北投,2024-10-14,7792
2888,新光金,148,5,143,國票-北投,2024-10-15,7792
00632R,元大台灣50反1,134,0,134,國票-北投,2024-10-15,7792
2337,旺宏,60,0,60,國票-北投,2024-10-15,7792
00637L,元大滬深300正2,54,0,54,國票-北投,2024-10-15,7792
1442,名軒,30,0,30,國票-北投,2024-10-15,7792
3035,智原,29,1,28,國票-北投,2024-10-15,7792
2399,映泰,42,17,25,國票-北投,2024-10-15,7792
2353,宏��,26,3,23,國票-北投,2024-10-15,7792
00679B,元大美債20年,21,0,21,國票-北投,2024-10-15,7792
00753L,中信中國50正2,20,0,20,國票-北投,2024-10-15,7792
3058,立德,20,0,20,國票-北投,2024-10-15,7792
9105,泰金寶-DR,20,3,17,國票-北投,2024-10-15,7792
3149,正達,101,86,15,國票-北投,2024-10-15,7792
2330,台積電,23,8,15,國票-北投,2024-10-15,7792
00687B,國泰20年美債,14,0,14,國票-北投,2024-10-15,7792
8028,昇陽半導體,17,5,12,國票-北投,2024-10-15,7792
1301,台塑,13,1,12,國票-北投,2024-10-15,7792
2363,矽統,28,16,12,國票-北投,2024-10-15,7792
00937B,群益ESG投等債20,11,0,11,國票-北投,2024-10-15,7792
2031,新光鋼,11,0,11,國票-北投,2024-10-15,7792
00720B,元大投資級公司債,10,0,10,國票-北投,2024-10-15,7792
2241,艾姆勒,14,4,10,國票-北投,2024-10-15,7792
3049,精金,21,11,10,國票-北投,2024-10-15,7792
8097,常珵,10,0,10,國票-北投,2024-10-15,7792
006207,復華滬深,8,0,8,國票-北投,2024-10-15,7792
2449,京元電子,19,11,8,國票-北投,2024-10-15,7792
6863,永道-KY,7,0,7,國票-北投,2024-10-15,7792
00725B,國泰投資級公司債,6,0,6,國票-北投,2024-10-15,7792
3550,聯穎,6,0,6,國票-北投,2024-10-15,7792
6104,創惟,7,1,6,國票-北投,2024-10-15,7792
6679,鈺太,7,1,6,國票-北投,2024-10-15,7792
6505,台塑化,5,0,5,國票-北投,2024-10-15,7792
00887,永豐中國科技50大,7,2,5,國票-北投,2024-10-15,7792
1524,耿鼎,5,0,5,國票-北投,2024-10-15,7792
1609,大亞,5,0,5,國票-北投,2024-10-15,7792
2539,櫻花建,5,0,5,國票-北投,2024-10-15,7792
2887,台新金,56,51,5,國票-北投,2024-10-15,7792
3167,大量,6,1,5,國票-北投,2024-10-15,7792
3209,全科,5,0,5,國票-北投,2024-10-15,7792
3406,玉晶光,5,0,5,國票-北投,2024-10-15,7792
3443,創意,5,0,5,國票-北投,2024-10-15,7792
2368,金像電,4,0,4,國票-北投,2024-10-15,7792
2408,南亞科,4,0,4,國票-北投,2024-10-15,7792
2409,友達,5,1,4,國票-北投,2024-10-15,7792
2426,鼎元,6,2,4,國票-北投,2024-10-15,7792
4977,眾達-KY,9,5,4,國票-北投,2024-10-15,7792
6668,中揚光,5,1,4,國票-北投,2024-10-15,7792
6742,澤米,4,0,4,國票-北投,2024-10-15,7792
2543,皇昌,3,0,3,國票-北投,2024-10-15,7792
3163,波若威,11,8,3,國票-北投,2024-10-15,7792
3481,群創,101,0,101,國票-北投,2024-10-16,7792
1442,名軒,50,0,50,國票-北投,2024-10-16,7792
00753L,中信中國50正2,35,0,35,國票-北投,2024-10-16,7792
00637L,元大滬深300正2,40,15,25,國票-北投,2024-10-16,7792
2353,宏��,24,0,24,國票-北投,2024-10-16,7792
2002,中鋼,24,0,24,國票-北投,2024-10-16,7792
00946,群益科技高息成長,23,0,23,國票-北投,2024-10-16,7792
00887,永豐中國科技50大,21,0,21,國票-北投,2024-10-16,7792
00922,國泰台灣領袖50,21,0,21,國票-北投,2024-10-16,7792
2347,聯強,20,0,20,國票-北投,2024-10-16,7792
2880,華南金,20,0,20,國票-北投,2024-10-16,7792
3149,正達,58,39,19,國票-北投,2024-10-16,7792
2330,台積電,16,0,16,國票-北投,2024-10-16,7792
1609,大亞,16,0,16,國票-北投,2024-10-16,7792
2344,華邦電,14,0,14,國票-北投,2024-10-16,7792
3715,定穎投控,14,1,13,國票-北投,2024-10-16,7792
5364,力麗店,13,0,13,國票-北投,2024-10-16,7792
2049,上銀,13,1,12,國票-北投,2024-10-16,7792
0056,元大高股息,13,2,11,國票-北投,2024-10-16,7792
3029,零壹,13,2,11,國票-北投,2024-10-16,7792
1101,台泥,10,0,10,國票-北投,2024-10-16,7792
00665L,富邦�琤肭磪囓�2,30,20,10,國票-北投,2024-10-16,7792
2406,國碩,10,0,10,國票-北投,2024-10-16,7792
2897,王道銀行,10,0,10,國票-北投,2024-10-16,7792
3209,全科,11,1,10,國票-北投,2024-10-16,7792
00919,群益台灣精選高息,8,0,8,國票-北投,2024-10-16,7792
1314,中石化,12,4,8,國票-北投,2024-10-16,7792
2881,富邦金,7,0,7,國票-北投,2024-10-16,7792
2455,全新,7,0,7,國票-北投,2024-10-16,7792
8147,正淩,7,0,7,國票-北投,2024-10-16,7792
2317,鴻海,8,1,7,國票-北投,2024-10-16,7792
2887,台新金,6,0,6,國票-北投,2024-10-16,7792
3605,宏致,10,4,6,國票-北投,2024-10-16,7792
6104,創惟,6,0,6,國票-北投,2024-10-16,7792
2308,台達電,7,1,6,國票-北投,2024-10-16,7792
00952,凱基台灣AI50,5,0,5,國票-北投,2024-10-16,7792
0050,元大台灣50,5,0,5,國票-北投,2024-10-16,7792
2302,麗正,5,0,5,國票-北投,2024-10-16,7792
2303,聯電,5,0,5,國票-北投,2024-10-16,7792
2316,楠梓電,5,0,5,國票-北投,2024-10-16,7792
2539,櫻花建,5,0,5,國票-北投,2024-10-16,7792
2889,國票金,5,0,5,國票-北投,2024-10-16,7792
2890,永豐金,5,0,5,國票-北投,2024-10-16,7792
2891,中信金,6,1,5,國票-北投,2024-10-16,7792
3339,泰谷,5,0,5,國票-北投,2024-10-16,7792
3576,聯合再生,5,0,5,國票-北投,2024-10-16,7792
8932,智通*,5,0,5,國票-北投,2024-10-16,7792
2356,英業達,5,1,4,國票-北投,2024-10-16,7792
00650L,復華香港正2,4,0,4,國票-北投,2024-10-16,7792
2371,大同,4,0,4,國票-北投,2024-10-16,7792
00637L,元大滬深300正2,522,9,513,國票-北投,2024-10-17,7792
9904,寶成,200,4,196,國票-北投,2024-10-17,7792
6488,環球晶,94,1,93,國票-北投,2024-10-17,7792
00922,國泰台灣領袖50,44,0,44,國票-北投,2024-10-17,7792
00632R,元大台灣50反1,32,0,32,國票-北投,2024-10-17,7792
00959B,大華投等美債15Y+,30,0,30,國票-北投,2024-10-17,7792
0056,元大高股息,28,1,27,國票-北投,2024-10-17,7792
6191,精成科,26,0,26,國票-北投,2024-10-17,7792
00687B,國泰20年美債,30,5,25,國票-北投,2024-10-17,7792
2888,新光金,30,5,25,國票-北投,2024-10-17,7792
8021,尖點,16,0,16,國票-北投,2024-10-17,7792
2399,映泰,17,2,15,國票-北投,2024-10-17,7792
6104,創惟,15,0,15,國票-北投,2024-10-17,7792
1528,恩德,27,14,13,國票-北投,2024-10-17,7792
2633,台灣高鐵,11,0,11,國票-北投,2024-10-17,7792
00650L,復華香港正2,11,0,11,國票-北投,2024-10-17,7792
00941,中信上游半導體,10,0,10,國票-北投,2024-10-17,7792
00954,中信日本半導體,10,0,10,國票-北投,2024-10-17,7792
4903,聯光通,11,1,10,國票-北投,2024-10-17,7792
5452,佶優,10,0,10,國票-北投,2024-10-17,7792
6188,廣明,10,0,10,國票-北投,2024-10-17,7792
8111,立��,17,7,10,國票-北投,2024-10-17,7792
2312,金寶,68,60,8,國票-北投,2024-10-17,7792
2368,金像電,10,3,7,國票-北投,2024-10-17,7792
6679,鈺太,7,0,7,國票-北投,2024-10-17,7792
2330,台積電,9,3,6,國票-北投,2024-10-17,7792
2890,永豐金,6,0,6,國票-北投,2024-10-17,7792
3714,富采,6,0,6,國票-北投,2024-10-17,7792
4806,桂田文創,6,0,6,國票-北投,2024-10-17,7792
4958,臻鼎-KY,6,0,6,國票-北投,2024-10-17,7792
6742,澤米,6,0,6,國票-北投,2024-10-17,7792
00722B,群益投資級電信債,5,0,5,國票-北投,2024-10-17,7792
3149,正達,6,1,5,國票-北投,2024-10-17,7792
00887,永豐中國科技50大,14,10,4,國票-北投,2024-10-17,7792
3661,世芯-KY,4,0,4,國票-北投,2024-10-17,7792
4173,久裕,4,0,4,國票-北投,2024-10-17,7792
00679B,元大美債20年,4,0,4,國票-北投,2024-10-17,7792
8040,九暘,3,0,3,國票-北投,2024-10-17,7792
1591,駿吉-KY,3,0,3,國票-北投,2024-10-17,7792
2367,燿華,3,0,3,國票-北投,2024-10-17,7792
3498,陽程,3,0,3,國票-北投,2024-10-17,7792
5222,全訊,3,0,3,國票-北投,2024-10-17,7792
3711,日月光投控,3,0,3,國票-北投,2024-10-17,7792
3231,緯創,8,5,3,國票-北投,2024-10-17,7792
2436,偉詮電,2,0,2,國票-北投,2024-10-17,7792
00927,群益半導體收益,2,0,2,國票-北投,2024-10-17,7792
1416,廣豐,2,0,2,國票-北投,2024-10-17,7792
1540,喬福,3,1,2,國票-北投,2024-10-17,7792
2345,智邦,2,0,2,國票-北投,2024-10-17,7792
2362,藍天,2,0,2,國票-北投,2024-10-17,7792
00632R,元大台灣50反1,457,0,457,國票-北投,2024-10-18,7792
2618,長榮航,203,9,194,國票-北投,2024-10-18,7792
2399,映泰,162,2,160,國票-北投,2024-10-18,7792
6488,環球晶,97,0,97,國票-北投,2024-10-18,7792
00948B,中信優息投資級債,75,0,75,國票-北投,2024-10-18,7792
00687B,國泰20年美債,63,7,56,國票-北投,2024-10-18,7792
00937B,群益ESG投等債20,33,0,33,國票-北投,2024-10-18,7792
00952,凱基台灣AI50,30,0,30,國票-北投,2024-10-18,7792
3149,正達,26,5,21,國票-北投,2024-10-18,7792
0056,元大高股息,20,0,20,國票-北投,2024-10-18,7792
00665L,富邦�琤肭磪囓�2,30,10,20,國票-北投,2024-10-18,7792
00712,復華富時不動產,20,0,20,國票-北投,2024-10-18,7792
1460,宏遠,20,0,20,國票-北投,2024-10-18,7792
2449,京元電子,20,0,20,國票-北投,2024-10-18,7792
2610,華航,20,3,17,國票-北投,2024-10-18,7792
3049,精金,19,2,17,國票-北投,2024-10-18,7792
4566,時碩工業,29,13,16,國票-北投,2024-10-18,7792
6806,森崴能源,15,0,15,國票-北投,2024-10-18,7792
2402,毅嘉,15,2,13,國票-北投,2024-10-18,7792
3162,精確,14,1,13,國票-北投,2024-10-18,7792
00753L,中信中國50正2,14,2,12,國票-北投,2024-10-18,7792
2308,台達電,21,9,12,國票-北投,2024-10-18,7792
1721,三晃,11,0,11,國票-北投,2024-10-18,7792
3031,佰鴻,88,77,11,國票-北投,2024-10-18,7792
00680L,元大美債20正2,10,0,10,國票-北投,2024-10-18,7792
00936,台新永續高息中小,10,0,10,國票-北投,2024-10-18,7792
2049,上銀,10,0,10,國票-北投,2024-10-18,7792
2383,台光電,9,0,9,國票-北投,2024-10-18,7792
2303,聯電,9,1,8,國票-北投,2024-10-18,7792
6190,萬泰科,8,0,8,國票-北投,2024-10-18,7792
6770,力積電,8,0,8,國票-北投,2024-10-18,7792
2374,佳能,215,208,7,國票-北投,2024-10-18,7792
3450,聯鈞,17,10,7,國票-北投,2024-10-18,7792
3710,連展投控,7,0,7,國票-北投,2024-10-18,7792
6274,台燿,8,1,7,國票-北投,2024-10-18,7792
1326,台化,6,0,6,國票-北投,2024-10-18,7792
1711,永光,7,1,6,國票-北投,2024-10-18,7792
2367,燿華,6,0,6,國票-北投,2024-10-18,7792
2845,遠東銀,6,0,6,國票-北投,2024-10-18,7792
3047,訊舟,6,0,6,國票-北投,2024-10-18,7792
3615,安可,8,2,6,國票-北投,2024-10-18,7792
3706,神達,6,0,6,國票-北投,2024-10-18,7792
6104,創惟,6,0,6,國票-北投,2024-10-18,7792
1301,台塑,5,0,5,國票-北投,2024-10-18,7792
00915,凱基優選高股息30,5,0,5,國票-北投,2024-10-18,7792
00725B,國泰投資級公司債,5,0,5,國票-北投,2024-10-18,7792
1609,大亞,5,0,5,國票-北投,2024-10-18,7792
2356,英業達,6,1,5,國票-北投,2024-10-18,7792
2408,南亞科,5,0,5,國票-北投,2024-10-18,7792
2889,國票金,5,0,5,國票-北投,2024-10-18,7792
00891,中信關鍵半導體,260,0,260,國票-北投,2024-10-21,7792
2883,凱基金,211,0,211,國票-北投,2024-10-21,7792
00922,國泰台灣領袖50,157,1,156,國票-北投,2024-10-21,7792
00948B,中信優息投資級債,71,0,71,國票-北投,2024-10-21,7792
00937B,群益ESG投等債20,38,0,38,國票-北投,2024-10-21,7792
00637L,元大滬深300正2,48,11,37,國票-北投,2024-10-21,7792
2891,中信金,34,6,28,國票-北投,2024-10-21,7792
2303,聯電,25,4,21,國票-北投,2024-10-21,7792
00643,群益深証中小,20,0,20,國票-北投,2024-10-21,7792
2356,英業達,20,1,19,國票-北投,2024-10-21,7792
00887,永豐中國科技50大,22,3,19,國票-北投,2024-10-21,7792
8064,東捷,18,1,17,國票-北投,2024-10-21,7792
9911,櫻花,15,0,15,國票-北投,2024-10-21,7792
00715L,期街口布蘭特正2,16,1,15,國票-北投,2024-10-21,7792
1215,卜蜂,15,0,15,國票-北投,2024-10-21,7792
1301,台塑,15,0,15,國票-北投,2024-10-21,7792
4205,中華食,15,0,15,國票-北投,2024-10-21,7792
2881,富邦金,13,0,13,國票-北投,2024-10-21,7792
00680L,元大美債20正2,13,0,13,國票-北投,2024-10-21,7792
2388,威盛,14,1,13,國票-北投,2024-10-21,7792
3005,神基,15,2,13,國票-北投,2024-10-21,7792
2890,永豐金,12,0,12,國票-北投,2024-10-21,7792
9105,泰金寶-DR,11,0,11,國票-北投,2024-10-21,7792
00751B,元大AAA至A公司債,10,0,10,國票-北投,2024-10-21,7792
00725B,國泰投資級公司債,10,0,10,國票-北投,2024-10-21,7792
1264,德麥,10,0,10,國票-北投,2024-10-21,7792
2455,全新,12,2,10,國票-北投,2024-10-21,7792
3149,正達,11,1,10,國票-北投,2024-10-21,7792
3591,艾笛森,10,0,10,國票-北投,2024-10-21,7792
3605,宏致,14,4,10,國票-北投,2024-10-21,7792
4503,金雨,10,0,10,國票-北投,2024-10-21,7792
6803,崑鼎,10,0,10,國票-北投,2024-10-21,7792
2504,國產,10,0,10,國票-北投,2024-10-21,7792
2615,萬海,13,4,9,國票-北投,2024-10-21,7792
00655L,國泰中國A50正2,8,0,8,國票-北投,2024-10-21,7792
2344,華邦電,8,0,8,國票-北投,2024-10-21,7792
2399,映泰,8,0,8,國票-北投,2024-10-21,7792
4510,高鋒,13,5,8,國票-北投,2024-10-21,7792
00687B,國泰20年美債,7,0,7,國票-北投,2024-10-21,7792
00724B,群益投資級金融債,7,0,7,國票-北投,2024-10-21,7792
00905,FT臺灣Smart,6,0,6,國票-北投,2024-10-21,7792
4558,寶緯,6,0,6,國票-北投,2024-10-21,7792
00679B,元大美債20年,5,0,5,國票-北投,2024-10-21,7792
2425,承啟,5,0,5,國票-北投,2024-10-21,7792
2891B,中信金乙特,5,0,5,國票-北投,2024-10-21,7792
3167,大量,5,0,5,國票-北投,2024-10-21,7792
5452,佶優,29,24,5,國票-北投,2024-10-21,7792
5880,合庫金,5,0,5,國票-北投,2024-10-21,7792
00650L,復華香港正2,4,0,4,國票-北投,2024-10-21,7792
3011,今皓,5,1,4,國票-北投,2024-10-21,7792
00937B,群益ESG投等債20,132,28,104,國票-北投,2024-10-22,7792
00632R,元大台灣50反1,120,22,98,國票-北投,2024-10-22,7792
00948B,中信優息投資級債,89,0,89,國票-北投,2024-10-22,7792
00687B,國泰20年美債,69,0,69,國票-北投,2024-10-22,7792
3711,日月光投控,55,1,54,國票-北投,2024-10-22,7792
3029,零壹,41,0,41,國票-北投,2024-10-22,7792
00725B,國泰投資級公司債,35,0,35,國票-北投,2024-10-22,7792
00753L,中信中國50正2,32,0,32,國票-北投,2024-10-22,7792
00679B,元大美債20年,33,5,28,國票-北投,2024-10-22,7792
9105,泰金寶-DR,25,1,24,國票-北投,2024-10-22,7792
00915,凱基優選高股息30,20,0,20,國票-北投,2024-10-22,7792
2402,毅嘉,30,10,20,國票-北投,2024-10-22,7792
3447,展達,20,0,20,國票-北投,2024-10-22,7792
2356,英業達,21,5,16,國票-北投,2024-10-22,7792
2363,矽統,15,2,13,國票-北投,2024-10-22,7792
2313,華通,17,5,12,國票-北投,2024-10-22,7792
5452,佶優,26,14,12,國票-北投,2024-10-22,7792
4958,臻鼎-KY,21,10,11,國票-北投,2024-10-22,7792
6505,台塑化,10,0,10,國票-北投,2024-10-22,7792
00751B,元大AAA至A公司債,10,0,10,國票-北投,2024-10-22,7792
3354,律勝,10,0,10,國票-北投,2024-10-22,7792
3390,旭軟,10,0,10,國票-北投,2024-10-22,7792
3715,定穎投控,12,2,10,國票-北投,2024-10-22,7792
00929,復華台灣科技優息,9,0,9,國票-北投,2024-10-22,7792
00922,國泰台灣領袖50,8,0,8,國票-北投,2024-10-22,7792
00712,復華富時不動產,7,0,7,國票-北投,2024-10-22,7792
00932,兆豐永續高息等權,6,0,6,國票-北投,2024-10-22,7792
3357,臺慶科,6,0,6,國票-北投,2024-10-22,7792
6425,易發,6,0,6,國票-北投,2024-10-22,7792
8155,博智,6,0,6,國票-北投,2024-10-22,7792
0050,元大台灣50,5,0,5,國票-北投,2024-10-22,7792
00933B,國泰10Y+金融債,10,5,5,國票-北投,2024-10-22,7792
2399,映泰,7,2,5,國票-北投,2024-10-22,7792
2504,國產,5,0,5,國票-北投,2024-10-22,7792
6138,茂達,5,0,5,國票-北投,2024-10-22,7792
2615,萬海,16,12,4,國票-北投,2024-10-22,7792
00961,FT臺灣永續高息,4,0,4,國票-北投,2024-10-22,7792
2303,聯電,4,0,4,國票-北投,2024-10-22,7792
1513,中興電,4,0,4,國票-北投,2024-10-22,7792
5443,均豪,5,1,4,國票-北投,2024-10-22,7792
3615,安可,12,8,4,國票-北投,2024-10-22,7792
00905,FT臺灣Smart,3,0,3,國票-北投,2024-10-22,7792
00740B,富邦全球投等債,3,0,3,國票-北投,2024-10-22,7792
1815,富喬,3,0,3,國票-北投,2024-10-22,7792
2312,金寶,9,6,3,國票-北投,2024-10-22,7792
2455,全新,3,0,3,國票-北投,2024-10-22,7792
2467,志聖,4,1,3,國票-北投,2024-10-22,7792
3036,文曄,3,0,3,國票-北投,2024-10-22,7792
4746,台耀,3,0,3,國票-北投,2024-10-22,7792
4938,和碩,3,0,3,國票-北投,2024-10-22,7792
4558,寶緯,104,0,104,國票-北投,2024-10-23,7792
00937B,群益ESG投等債20,79,10,69,國票-北投,2024-10-23,7792
4306,炎洲,30,0,30,國票-北投,2024-10-23,7792
00948B,中信優息投資級債,28,0,28,國票-北投,2024-10-23,7792
2618,長榮航,24,0,24,國票-北投,2024-10-23,7792
5521,工信,22,0,22,國票-北投,2024-10-23,7792
6104,創惟,22,2,20,國票-北投,2024-10-23,7792
2329,華泰,48,29,19,國票-北投,2024-10-23,7792
2883,凱基金,20,2,18,國票-北投,2024-10-23,7792
00929,復華台灣科技優息,16,0,16,國票-北投,2024-10-23,7792
2504,國產,15,0,15,國票-北投,2024-10-23,7792
00680L,元大美債20正2,15,0,15,國票-北投,2024-10-23,7792
2427,三商電,15,0,15,國票-北投,2024-10-23,7792
6862,三集瑞-KY,15,0,15,國票-北投,2024-10-23,7792
00655L,國泰中國A50正2,12,0,12,國票-北投,2024-10-23,7792
8111,立��,12,0,12,國票-北投,2024-10-23,7792
2409,友達,11,0,11,國票-北投,2024-10-23,7792
4938,和碩,11,0,11,國票-北投,2024-10-23,7792
00919,群益台灣精選高息,10,0,10,國票-北投,2024-10-23,7792
2101,南港,10,0,10,國票-北投,2024-10-23,7792
2312,金寶,10,0,10,國票-北投,2024-10-23,7792
4157,太景*-KY,10,0,10,國票-北投,2024-10-23,7792
5465,富驊,10,0,10,國票-北投,2024-10-23,7792
6405,悅城,25,16,9,國票-北投,2024-10-23,7792
8064,東捷,10,1,9,國票-北投,2024-10-23,7792
0056,元大高股息,8,0,8,國票-北投,2024-10-23,7792
2891,中信金,10,2,8,國票-北投,2024-10-23,7792
0061,元大寶滬深,8,0,8,國票-北投,2024-10-23,7792
5276,達輝-KY,8,0,8,國票-北投,2024-10-23,7792
6741,91APP*-KY,8,0,8,國票-北投,2024-10-23,7792
6177,達麗,7,0,7,國票-北投,2024-10-23,7792
8096,擎亞,11,4,7,國票-北投,2024-10-23,7792
2881,富邦金,6,0,6,國票-北投,2024-10-23,7792
3702,大聯大,6,0,6,國票-北投,2024-10-23,7792
00720B,元大投資級公司債,6,0,6,國票-北投,2024-10-23,7792
2201,裕隆,7,1,6,國票-北投,2024-10-23,7792
2360,致茂,6,0,6,國票-北投,2024-10-23,7792
2889,國票金,6,0,6,國票-北投,2024-10-23,7792
3015,全漢,7,1,6,國票-北投,2024-10-23,7792
3528,安馳,6,0,6,國票-北投,2024-10-23,7792
3711,日月光投控,6,0,6,國票-北投,2024-10-23,7792
6151,晉倫,83,77,6,國票-北投,2024-10-23,7792
2317,鴻海,7,1,6,國票-北投,2024-10-23,7792
2303,聯電,6,0,6,國票-北投,2024-10-23,7792
00878,國泰永續高股息,6,1,5,國票-北投,2024-10-23,7792
2002,中鋼,5,0,5,國票-北投,2024-10-23,7792
00905,FT臺灣Smart,5,0,5,國票-北投,2024-10-23,7792
00650L,復華香港正2,5,0,5,國票-北投,2024-10-23,7792
1477,聚陽,5,0,5,國票-北投,2024-10-23,7792
2023,燁輝,5,0,5,國票-北投,2024-10-23,7792
00632R,元大台灣50反1,180,0,180,國票-北投,2024-10-24,7792
2317,鴻海,77,3,74,國票-北投,2024-10-24,7792
00959B,大華投等美債15Y+,50,0,50,國票-北投,2024-10-24,7792
6191,精成科,40,0,40,國票-北投,2024-10-24,7792
00929,復華台灣科技優息,38,0,38,國票-北投,2024-10-24,7792
00637L,元大滬深300正2,28,0,28,國票-北投,2024-10-24,7792
1442,名軒,26,0,26,國票-北投,2024-10-24,7792
00919,群益台灣精選高息,24,1,23,國票-北投,2024-10-24,7792
00650L,復華香港正2,20,0,20,國票-北投,2024-10-24,7792
2887,台新金,20,0,20,國票-北投,2024-10-24,7792
6862,三集瑞-KY,18,0,18,國票-北投,2024-10-24,7792
2405,輔信,32,16,16,國票-北投,2024-10-24,7792
2101,南港,15,0,15,國票-北投,2024-10-24,7792
1721,三晃,15,0,15,國票-北投,2024-10-24,7792
3305,昇貿,15,0,15,國票-北投,2024-10-24,7792
00937B,群益ESG投等債20,14,0,14,國票-北投,2024-10-24,7792
00753L,中信中國50正2,22,10,12,國票-北投,2024-10-24,7792
6741,91APP*-KY,12,0,12,國票-北投,2024-10-24,7792
2891,中信金,10,0,10,國票-北投,2024-10-24,7792
2504,國產,10,0,10,國票-北投,2024-10-24,7792
00933B,國泰10Y+金融債,10,0,10,國票-北投,2024-10-24,7792
00680L,元大美債20正2,10,0,10,國票-北投,2024-10-24,7792
00948B,中信優息投資級債,10,0,10,國票-北投,2024-10-24,7792
1314,中石化,10,0,10,國票-北投,2024-10-24,7792
1806,冠軍,10,0,10,國票-北投,2024-10-24,7792
2489,瑞軒,12,2,10,國票-北投,2024-10-24,7792
4157,太景*-KY,10,0,10,國票-北投,2024-10-24,7792
2303,聯電,10,0,10,國票-北投,2024-10-24,7792
3605,宏致,11,2,9,國票-北投,2024-10-24,7792
2330,台積電,13,4,9,國票-北投,2024-10-24,7792
0056,元大高股息,9,0,9,國票-北投,2024-10-24,7792
6658,聯策,16,7,9,國票-北投,2024-10-24,7792
2356,英業達,8,0,8,國票-北投,2024-10-24,7792
00696B,富邦美債20年,8,0,8,國票-北投,2024-10-24,7792
6451,訊芯-KY,9,1,8,國票-北投,2024-10-24,7792
2382,廣達,7,0,7,國票-北投,2024-10-24,7792
3450,聯鈞,18,11,7,國票-北投,2024-10-24,7792
3535,晶彩科,9,2,7,國票-北投,2024-10-24,7792
4306,炎洲,7,0,7,國票-北投,2024-10-24,7792
4558,寶緯,7,0,7,國票-北投,2024-10-24,7792
6525,捷敏-KY,7,0,7,國票-北投,2024-10-24,7792
2495,普安,18,11,7,國票-北投,2024-10-24,7792
2363,矽統,9,3,6,國票-北投,2024-10-24,7792
2498,宏達電,8,2,6,國票-北投,2024-10-24,7792
4563,百德,9,3,6,國票-北投,2024-10-24,7792
4958,臻鼎-KY,7,1,6,國票-北投,2024-10-24,7792
6112,邁達特,5,0,5,國票-北投,2024-10-24,7792
00655L,國泰中國A50正2,5,0,5,國票-北投,2024-10-24,7792
2399,映泰,8,3,5,國票-北投,2024-10-24,7792
2493,揚博,5,0,5,國票-北投,2024-10-24,7792
2646,星宇航空,175,60,115,國票-北投,2024-10-25,7792
2464,盟立,104,3,101,國票-北投,2024-10-25,7792
3481,群創,101,0,101,國票-北投,2024-10-25,7792
00929,復華台灣科技優息,105,10,95,國票-北投,2024-10-25,7792
00632R,元大台灣50反1,65,0,65,國票-北投,2024-10-25,7792
00665L,富邦�琤肭磪囓�2,30,0,30,國票-北投,2024-10-25,7792
2495,普安,38,8,30,國票-北投,2024-10-25,7792
4558,寶緯,26,0,26,國票-北投,2024-10-25,7792
2477,美隆電,28,2,26,國票-北投,2024-10-25,7792
2303,聯電,21,0,21,國票-北投,2024-10-25,7792
2347,聯強,20,0,20,國票-北投,2024-10-25,7792
5465,富驊,18,0,18,國票-北投,2024-10-25,7792
6741,91APP*-KY,16,0,16,國票-北投,2024-10-25,7792
00753L,中信中國50正2,17,2,15,國票-北投,2024-10-25,7792
1442,名軒,14,0,14,國票-北投,2024-10-25,7792
2349,錸德,11,0,11,國票-北投,2024-10-25,7792
6104,創惟,12,1,11,國票-北投,2024-10-25,7792
00688L,國泰20年美債正2,10,0,10,國票-北投,2024-10-25,7792
00680L,元大美債20正2,10,0,10,國票-北投,2024-10-25,7792
00946,群益科技高息成長,10,0,10,國票-北投,2024-10-25,7792
4903,聯光通,10,0,10,國票-北投,2024-10-25,7792
5230,雷笛克光學,10,0,10,國票-北投,2024-10-25,7792
6142,友勁,10,0,10,國票-北投,2024-10-25,7792
3037,欣興,10,1,9,國票-北投,2024-10-25,7792
2356,英業達,13,4,9,國票-北投,2024-10-25,7792
2889,國票金,8,0,8,國票-北投,2024-10-25,7792
6405,悅城,10,2,8,國票-北投,2024-10-25,7792
2344,華邦電,8,0,8,國票-北投,2024-10-25,7792
4536,拓凱,7,0,7,國票-北投,2024-10-25,7792
5351,鈺創,7,0,7,國票-北投,2024-10-25,7792
2369,菱生,7,1,6,國票-北投,2024-10-25,7792
3081,聯亞,7,1,6,國票-北投,2024-10-25,7792
3149,正達,11,5,6,國票-北投,2024-10-25,7792
3591,艾笛森,8,2,6,國票-北投,2024-10-25,7792
4173,久裕,6,0,6,國票-北投,2024-10-25,7792
3312,弘憶股,7,1,6,國票-北投,2024-10-25,7792
6505,台塑化,5,0,5,國票-北投,2024-10-25,7792
1303,南亞,5,0,5,國票-北投,2024-10-25,7792
1721,三晃,9,4,5,國票-北投,2024-10-25,7792
2323,中環,5,0,5,國票-北投,2024-10-25,7792
2402,毅嘉,5,0,5,國票-北投,2024-10-25,7792
2891B,中信金乙特,5,0,5,國票-北投,2024-10-25,7792
2923,鼎固-KY,5,0,5,國票-北投,2024-10-25,7792
3207,耀勝,5,0,5,國票-北投,2024-10-25,7792
4979,華星光,7,2,5,國票-北投,2024-10-25,7792
6412,群電,5,0,5,國票-北投,2024-10-25,7792
2890,永豐金,5,0,5,國票-北投,2024-10-25,7792
00919,群益台灣精選高息,4,0,4,國票-北投,2024-10-25,7792
1597,直得,4,0,4,國票-北投,2024-10-25,7792
2543,皇昌,4,0,4,國票-北投,2024-10-25,7792
5465,富驊,40,0,40,國票-北投,2024-10-28,7792
2303,聯電,38,2,36,國票-北投,2024-10-28,7792
2834,臺企銀,30,0,30,國票-北投,2024-10-28,7792
2886,兆豐金,30,0,30,國票-北投,2024-10-28,7792
00959B,大華投等美債15Y+,30,0,30,國票-北投,2024-10-28,7792
2801,彰銀,30,0,30,國票-北投,2024-10-28,7792
2812,台中銀,30,0,30,國票-北投,2024-10-28,7792
2646,星宇航空,50,25,25,國票-北投,2024-10-28,7792
00952,凱基台灣AI50,30,6,24,國票-北投,2024-10-28,7792
2883,凱基金,20,0,20,國票-北投,2024-10-28,7792
4306,炎洲,20,0,20,國票-北投,2024-10-28,7792
00937B,群益ESG投等債20,18,0,18,國票-北投,2024-10-28,7792
00948B,中信優息投資級債,17,0,17,國票-北投,2024-10-28,7792
2399,映泰,22,5,17,國票-北投,2024-10-28,7792
00687B,國泰20年美債,15,0,15,國票-北投,2024-10-28,7792
2354,鴻準,20,7,13,國票-北投,2024-10-28,7792
00715L,期街口布蘭特正2,13,0,13,國票-北投,2024-10-28,7792
3264,欣銓,13,0,13,國票-北投,2024-10-28,7792
00907,永豐優息存股,12,0,12,國票-北投,2024-10-28,7792
1560,中砂,11,0,11,國票-北投,2024-10-28,7792
4912,聯德控股-KY,11,0,11,國票-北投,2024-10-28,7792
00946,群益科技高息成長,10,0,10,國票-北投,2024-10-28,7792
1449,佳和,10,0,10,國票-北投,2024-10-28,7792
1711,永光,10,0,10,國票-北投,2024-10-28,7792
3518,柏騰,10,0,10,國票-北投,2024-10-28,7792
4123,晟德,10,0,10,國票-北投,2024-10-28,7792
2330,台積電,9,0,9,國票-北投,2024-10-28,7792
6770,力積電,12,3,9,國票-北投,2024-10-28,7792
3231,緯創,11,2,9,國票-北投,2024-10-28,7792
1721,三晃,7,0,7,國票-北投,2024-10-28,7792
2316,楠梓電,9,2,7,國票-北投,2024-10-28,7792
6142,友勁,7,0,7,國票-北投,2024-10-28,7792
2356,英業達,9,3,6,國票-北投,2024-10-28,7792
2312,金寶,8,2,6,國票-北投,2024-10-28,7792
3305,昇貿,6,0,6,國票-北投,2024-10-28,7792
3715,定穎投控,6,0,6,國票-北投,2024-10-28,7792
4958,臻鼎-KY,6,0,6,國票-北投,2024-10-28,7792
1605,華新,5,0,5,國票-北投,2024-10-28,7792
2101,南港,10,5,5,國票-北投,2024-10-28,7792
00725B,國泰投資級公司債,5,0,5,國票-北投,2024-10-28,7792
00680L,元大美債20正2,5,0,5,國票-北投,2024-10-28,7792
00953B,群益優選非投等債,5,0,5,國票-北投,2024-10-28,7792
1727,中華化,5,0,5,國票-北投,2024-10-28,7792
2495,普安,5,0,5,國票-北投,2024-10-28,7792
2641,正德,5,0,5,國票-北投,2024-10-28,7792
3686,達能,5,0,5,國票-北投,2024-10-28,7792
4533,協易機,5,0,5,國票-北投,2024-10-28,7792
6288,聯嘉,6,1,5,國票-北投,2024-10-28,7792
6906,現觀科,5,0,5,國票-北投,2024-10-28,7792
00919,群益台灣精選高息,4,0,4,國票-北投,2024-10-28,7792
00929,復華台灣科技優息,527,0,527,國票-北投,2024-10-29,7792
2354,鴻準,192,7,185,國票-北投,2024-10-29,7792
4558,寶緯,52,0,52,國票-北投,2024-10-29,7792
1605,華新,36,1,35,國票-北投,2024-10-29,7792
00878,國泰永續高股息,33,0,33,國票-北投,2024-10-29,7792
00919,群益台灣精選高息,42,10,32,國票-北投,2024-10-29,7792
2834,臺企銀,31,0,31,國票-北投,2024-10-29,7792
00715L,期街口布蘭特正2,29,0,29,國票-北投,2024-10-29,7792
00940,元大台灣價值高息,27,0,27,國票-北投,2024-10-29,7792
0056,元大高股息,24,0,24,國票-北投,2024-10-29,7792
2371,大同,22,0,22,國票-北投,2024-10-29,7792
2449,京元電子,23,2,21,國票-北投,2024-10-29,7792
4306,炎洲,21,0,21,國票-北投,2024-10-29,7792
2330,台積電,23,2,21,國票-北投,2024-10-29,7792
1442,名軒,20,0,20,國票-北投,2024-10-29,7792
00948B,中信優息投資級債,16,0,16,國票-北投,2024-10-29,7792
2399,映泰,16,2,14,國票-北投,2024-10-29,7792
6104,創惟,13,0,13,國票-北投,2024-10-29,7792
2303,聯電,13,1,12,國票-北投,2024-10-29,7792
00922,國泰台灣領袖50,11,0,11,國票-北投,2024-10-29,7792
1449,佳和,11,0,11,國票-北投,2024-10-29,7792
2892,第一金,11,0,11,國票-北投,2024-10-29,7792
00952,凱基台灣AI50,10,0,10,國票-北投,2024-10-29,7792
1808,潤隆,10,0,10,國票-北投,2024-10-29,7792
3029,零壹,10,0,10,國票-北投,2024-10-29,7792
00943,兆豐電子高息等權,10,0,10,國票-北投,2024-10-29,7792
00959B,大華投等美債15Y+,10,0,10,國票-北投,2024-10-29,7792
2031,新光鋼,10,0,10,國票-北投,2024-10-29,7792
3260,威剛,10,0,10,國票-北投,2024-10-29,7792
6197,佳必琪,14,4,10,國票-北投,2024-10-29,7792
2489,瑞軒,8,0,8,國票-北投,2024-10-29,7792
4958,臻鼎-KY,8,0,8,國票-北投,2024-10-29,7792
00642U,期元大S＆P石油,7,0,7,國票-北投,2024-10-29,7792
6274,台燿,7,0,7,國票-北投,2024-10-29,7792
8155,博智,7,0,7,國票-北投,2024-10-29,7792
00637L,元大滬深300正2,18,12,6,國票-北投,2024-10-29,7792
2646,星宇航空,19,13,6,國票-北投,2024-10-29,7792
2881,富邦金,6,0,6,國票-北投,2024-10-29,7792
2362,藍天,6,0,6,國票-北投,2024-10-29,7792
2405,輔信,6,0,6,國票-北投,2024-10-29,7792
2923,鼎固-KY,6,0,6,國票-北投,2024-10-29,7792
3305,昇貿,6,0,6,國票-北投,2024-10-29,7792
3518,柏騰,6,0,6,國票-北投,2024-10-29,7792
6741,91APP*-KY,6,0,6,國票-北投,2024-10-29,7792
8183,精星,6,0,6,國票-北投,2024-10-29,7792
006208,富邦台50,5,0,5,國票-北投,2024-10-29,7792
3406,玉晶光,5,0,5,國票-北投,2024-10-29,7792
00881,國泰台灣5G+,5,0,5,國票-北投,2024-10-29,7792
1721,三晃,5,0,5,國票-北投,2024-10-29,7792
2030,彰源,5,0,5,國票-北投,2024-10-29,7792
00650L,復華香港正2,31,1,30,國票-北投,2024-10-30,7792
9105,泰金寶-DR,30,0,30,國票-北投,2024-10-30,7792
3706,神達,31,1,30,國票-北投,2024-10-30,7792
3481,群創,22,1,21,國票-北投,2024-10-30,7792
4306,炎洲,20,0,20,國票-北投,2024-10-30,7792
8021,尖點,15,0,15,國票-北投,2024-10-30,7792
00637L,元大滬深300正2,14,0,14,國票-北投,2024-10-30,7792
6278,台表科,13,0,13,國票-北投,2024-10-30,7792
00878,國泰永續高股息,12,0,12,國票-北投,2024-10-30,7792
2313,華通,13,1,12,國票-北投,2024-10-30,7792
3450,聯鈞,20,8,12,國票-北投,2024-10-30,7792
2303,聯電,12,1,11,國票-北投,2024-10-30,7792
1605,華新,11,0,11,國票-北投,2024-10-30,7792
00665L,富邦�琤肭磪囓�2,10,0,10,國票-北投,2024-10-30,7792
00753L,中信中國50正2,10,0,10,國票-北投,2024-10-30,7792
00959B,大華投等美債15Y+,10,0,10,國票-北投,2024-10-30,7792
2399,映泰,12,2,10,國票-北投,2024-10-30,7792
4513,福裕,10,0,10,國票-北投,2024-10-30,7792
6197,佳必琪,12,3,9,國票-北投,2024-10-30,7792
00919,群益台灣精選高息,9,0,9,國票-北投,2024-10-30,7792
8044,網家,20,11,9,國票-北投,2024-10-30,7792
2646,星宇航空,24,16,8,國票-北投,2024-10-30,7792
6697,東捷資訊,8,0,8,國票-北投,2024-10-30,7792
8927,北基,8,0,8,國票-北投,2024-10-30,7792
00940,元大台灣價值高息,9,2,7,國票-北投,2024-10-30,7792
2104,國際中橡,7,0,7,國票-北投,2024-10-30,7792
2881,富邦金,6,0,6,國票-北投,2024-10-30,7792
4912,聯德控股-KY,6,0,6,國票-北投,2024-10-30,7792
2618,長榮航,5,0,5,國票-北投,2024-10-30,7792
9904,寶成,5,0,5,國票-北投,2024-10-30,7792
00687B,國泰20年美債,5,0,5,國票-北投,2024-10-30,7792
1609,大亞,5,0,5,國票-北投,2024-10-30,7792
2891B,中信金乙特,5,0,5,國票-北投,2024-10-30,7792
3062,建漢,7,2,5,國票-北投,2024-10-30,7792
5426,振發,5,0,5,國票-北投,2024-10-30,7792
6153,嘉聯益,5,0,5,國票-北投,2024-10-30,7792
6182,合晶,5,1,4,國票-北投,2024-10-30,7792
6770,力積電,14,10,4,國票-北投,2024-10-30,7792
1301,台塑,4,0,4,國票-北投,2024-10-30,7792
1528,恩德,13,9,4,國票-北投,2024-10-30,7792
4532,瑞智,4,0,4,國票-北投,2024-10-30,7792
6213,聯茂,5,1,4,國票-北投,2024-10-30,7792
6862,三集瑞-KY,4,0,4,國票-北投,2024-10-30,7792
0056,元大高股息,4,0,4,國票-北投,2024-10-30,7792
00960,野村全球航運龍頭,3,0,3,國票-北投,2024-10-30,7792
2610,華航,4,1,3,國票-北投,2024-10-30,7792
6257,矽格,3,0,3,國票-北投,2024-10-30,7792
2388,威盛,7,4,3,國票-北投,2024-10-30,7792
3017,奇鋐,3,0,3,國票-北投,2024-10-30,7792
3202,樺晟,3,0,3,國票-北投,2024-10-30,7792
2354,鴻準,991,805,186,國票-北投,2024-11-01,7792
00878,國泰永續高股息,50,10,40,國票-北投,2024-11-01,7792
00929,復華台灣科技優息,41,4,37,國票-北投,2024-11-01,7792
2303,聯電,30,1,29,國票-北投,2024-11-01,7792
2397,友通,28,2,26,國票-北投,2024-11-01,7792
00940,元大台灣價值高息,33,9,24,國票-北投,2024-11-01,7792
2891,中信金,25,1,24,國票-北投,2024-11-01,7792
2308,台達電,22,1,21,國票-北投,2024-11-01,7792
00959B,大華投等美債15Y+,20,0,20,國票-北投,2024-11-01,7792
2330,台積電,20,5,15,國票-北投,2024-11-01,7792
2337,旺宏,15,0,15,國票-北投,2024-11-01,7792
00932,兆豐永續高息等權,15,0,15,國票-北投,2024-11-01,7792
3710,連展投控,13,0,13,國票-北投,2024-11-01,7792
2317,鴻海,99,87,12,國票-北投,2024-11-01,7792
6859,伯特光,12,0,12,國票-北投,2024-11-01,7792
00933B,國泰10Y+金融債,11,0,11,國票-北投,2024-11-01,7792
3167,大量,11,0,11,國票-北投,2024-11-01,7792
2344,華邦電,11,0,11,國票-北投,2024-11-01,7792
0056,元大高股息,11,1,10,國票-北投,2024-11-01,7792
2610,華航,15,5,10,國票-北投,2024-11-01,7792
2912,統一超,10,0,10,國票-北投,2024-11-01,7792
3706,神達,16,6,10,國票-北投,2024-11-01,7792
4123,晟德,10,0,10,國票-北投,2024-11-01,7792
9907,統一實,20,10,10,國票-北投,2024-11-01,7792
2646,星宇航空,8,0,8,國票-北投,2024-11-01,7792
00919,群益台灣精選高息,10,3,7,國票-北投,2024-11-01,7792
1477,聚陽,6,0,6,國票-北投,2024-11-01,7792
00927,群益半導體收益,6,0,6,國票-北投,2024-11-01,7792
00687B,國泰20年美債,6,0,6,國票-北投,2024-11-01,7792
4173,久裕,6,0,6,國票-北投,2024-11-01,7792
00713,元大台灣高息低波,5,0,5,國票-北投,2024-11-01,7792
2881,富邦金,10,5,5,國票-北投,2024-11-01,7792
00725B,國泰投資級公司債,5,0,5,國票-北投,2024-11-01,7792
00946,群益科技高息成長,5,0,5,國票-北投,2024-11-01,7792
2464,盟立,6,1,5,國票-北投,2024-11-01,7792
2484,希華,5,0,5,國票-北投,2024-11-01,7792
3711,日月光投控,10,5,5,國票-北投,2024-11-01,7792
4746,台耀,8,3,5,國票-北投,2024-11-01,7792
6969,成信實業*-創,5,0,5,國票-北投,2024-11-01,7792
8932,智通*,5,0,5,國票-北投,2024-11-01,7792
0050,元大台灣50,4,0,4,國票-北投,2024-11-01,7792
2504,國產,15,11,4,國票-北投,2024-11-01,7792
1449,佳和,14,10,4,國票-北投,2024-11-01,7792
1528,恩德,5,1,4,國票-北投,2024-11-01,7792
2402,毅嘉,5,1,4,國票-北投,2024-11-01,7792
2888,新光金,12,8,4,國票-北投,2024-11-01,7792
2923,鼎固-KY,4,0,4,國票-北投,2024-11-01,7792
6278,台表科,4,0,4,國票-北投,2024-11-01,7792
1307,三芳,4,1,3,國票-北投,2024-11-01,7792
1310,台苯,3,0,3,國票-北投,2024-11-01,7792
00937B,群益ESG投等債20,54,0,54,國票-北投,2024-11-04,7792
00948B,中信優息投資級債,36,0,36,國票-北投,2024-11-04,7792
2303,聯電,26,2,24,國票-北投,2024-11-04,7792
2646,星宇航空,23,1,22,國票-北投,2024-11-04,7792
2409,友達,20,0,20,國票-北投,2024-11-04,7792
00679B,元大美債20年,20,0,20,國票-北投,2024-11-04,7792
2031,新光鋼,20,0,20,國票-北投,2024-11-04,7792
2449,京元電子,19,1,18,國票-北投,2024-11-04,7792
6770,力積電,15,0,15,國票-北投,2024-11-04,7792
00687B,國泰20年美債,14,0,14,國票-北投,2024-11-04,7792
00887,永豐中國科技50大,14,0,14,國票-北投,2024-11-04,7792
00939,統一台灣高息動能,13,0,13,國票-北投,2024-11-04,7792
6197,佳必琪,12,0,12,國票-北投,2024-11-04,7792
00933B,國泰10Y+金融債,11,0,11,國票-北投,2024-11-04,7792
3019,亞光,11,0,11,國票-北投,2024-11-04,7792
3189,景碩,11,0,11,國票-北投,2024-11-04,7792
3710,連展投控,11,0,11,國票-北投,2024-11-04,7792
00919,群益台灣精選高息,10,0,10,國票-北投,2024-11-04,7792
2399,映泰,10,0,10,國票-北投,2024-11-04,7792
2425,承啟,10,0,10,國票-北投,2024-11-04,7792
2347,聯強,9,0,9,國票-北投,2024-11-04,7792
6741,91APP*-KY,9,0,9,國票-北投,2024-11-04,7792
1301,台塑,9,1,8,國票-北投,2024-11-04,7792
1815,富喬,10,2,8,國票-北投,2024-11-04,7792
4173,久裕,8,0,8,國票-北投,2024-11-04,7792
2615,萬海,18,10,8,國票-北投,2024-11-04,7792
2049,上銀,6,0,6,國票-北投,2024-11-04,7792
2371,大同,19,13,6,國票-北投,2024-11-04,7792
2431,聯昌,11,5,6,國票-北投,2024-11-04,7792
2613,中櫃,191,185,6,國票-北投,2024-11-04,7792
5880,合庫金,6,0,6,國票-北投,2024-11-04,7792
6668,中揚光,6,0,6,國票-北投,2024-11-04,7792
8011,台通,6,0,6,國票-北投,2024-11-04,7792
00713,元大台灣高息低波,5,0,5,國票-北投,2024-11-04,7792
2101,南港,5,0,5,國票-北投,2024-11-04,7792
2504,國產,5,0,5,國票-北投,2024-11-04,7792
00878,國泰永續高股息,5,0,5,國票-北投,2024-11-04,7792
00712,復華富時不動產,5,0,5,國票-北投,2024-11-04,7792
1463,強盛新,5,0,5,國票-北投,2024-11-04,7792
2397,友通,7,2,5,國票-北投,2024-11-04,7792
2845,遠東銀,5,0,5,國票-北投,2024-11-04,7792
3605,宏致,5,0,5,國票-北投,2024-11-04,7792
4123,晟德,5,0,5,國票-北投,2024-11-04,7792
2363,矽統,5,1,4,國票-北投,2024-11-04,7792
2609,陽明,9,5,4,國票-北投,2024-11-04,7792
00637L,元大滬深300正2,4,0,4,國票-北投,2024-11-04,7792
2465,麗臺,4,0,4,國票-北投,2024-11-04,7792
2891,中信金,14,10,4,國票-北投,2024-11-04,7792
6919,康霈*,4,0,4,國票-北投,2024-11-04,7792
2881,富邦金,10,6,4,國票-北投,2024-11-04,7792
2354,鴻準,317,150,167,國票-北投,2024-11-05,7792
1540,喬福,106,3,103,國票-北投,2024-11-05,7792
00878,國泰永續高股息,32,0,32,國票-北投,2024-11-05,7792
00937B,群益ESG投等債20,22,0,22,國票-北投,2024-11-05,7792
2601,益航,16,2,14,國票-北投,2024-11-05,7792
2351,順德,11,0,11,國票-北投,2024-11-05,7792
00725B,國泰投資級公司債,10,0,10,國票-北投,2024-11-05,7792
00946,群益科技高息成長,10,0,10,國票-北投,2024-11-05,7792
00959B,大華投等美債15Y+,10,0,10,國票-北投,2024-11-05,7792
2027,大成鋼,10,0,10,國票-北投,2024-11-05,7792
3167,大量,11,1,10,國票-北投,2024-11-05,7792
3209,全科,10,0,10,國票-北投,2024-11-05,7792
6142,友勁,10,0,10,國票-北投,2024-11-05,7792
6191,精成科,10,0,10,國票-北投,2024-11-05,7792
00919,群益台灣精選高息,9,0,9,國票-北投,2024-11-05,7792
00687B,國泰20年美債,9,0,9,國票-北投,2024-11-05,7792
9904,寶成,10,1,9,國票-北投,2024-11-05,7792
2882,國泰金,6,0,6,國票-北投,2024-11-05,7792
3710,連展投控,6,0,6,國票-北投,2024-11-05,7792
6609,瀧澤科,12,6,6,國票-北投,2024-11-05,7792
00772B,中信高評級公司債,5,0,5,國票-北投,2024-11-05,7792
1595,川寶,5,0,5,國票-北投,2024-11-05,7792
2049,上銀,6,1,5,國票-北投,2024-11-05,7792
2328,廣宇,12,7,5,國票-北投,2024-11-05,7792
2329,華泰,7,2,5,國票-北投,2024-11-05,7792
3481,群創,5,0,5,國票-北投,2024-11-05,7792
6116,彩晶,5,0,5,國票-北投,2024-11-05,7792
6679,鈺太,5,0,5,國票-北投,2024-11-05,7792
8932,智通*,5,0,5,國票-北投,2024-11-05,7792
00931B,統一美債20年,5,0,5,國票-北投,2024-11-05,7792
2646,星宇航空,7,3,4,國票-北投,2024-11-05,7792
1301,台塑,4,0,4,國票-北投,2024-11-05,7792
1319,東陽,4,0,4,國票-北投,2024-11-05,7792
1584,精剛,4,0,4,國票-北投,2024-11-05,7792
6182,合晶,4,0,4,國票-北投,2024-11-05,7792
6213,聯茂,5,1,4,國票-北投,2024-11-05,7792
6278,台表科,4,0,4,國票-北投,2024-11-05,7792
6451,訊芯-KY,4,0,4,國票-北投,2024-11-05,7792
2376,技嘉,9,6,3,國票-北投,2024-11-05,7792
5347,世界,4,1,3,國票-北投,2024-11-05,7792
1475,業旺,3,0,3,國票-北投,2024-11-05,7792
2316,楠梓電,3,0,3,國票-北投,2024-11-05,7792
2408,南亞科,3,0,3,國票-北投,2024-11-05,7792
3149,正達,4,1,3,國票-北投,2024-11-05,7792
4956,光鋐,17,14,3,國票-北投,2024-11-05,7792
8044,網家,8,5,3,國票-北投,2024-11-05,7792
8047,星雲,3,0,3,國票-北投,2024-11-05,7792
8070,長華*,3,0,3,國票-北投,2024-11-05,7792
0056,元大高股息,2,0,2,國票-北投,2024-11-05,7792
2603,長榮,2,0,2,國票-北投,2024-11-05,7792
2891,中信金,240,31,209,國票-北投,2024-11-06,7792
3231,緯創,155,32,123,國票-北投,2024-11-06,7792
00637L,元大滬深300正2,118,14,104,國票-北投,2024-11-06,7792
3481,群創,101,0,101,國票-北投,2024-11-06,7792
00878,國泰永續高股息,85,2,83,國票-北投,2024-11-06,7792
00679B,元大美債20年,34,0,34,國票-北投,2024-11-06,7792
3706,神達,31,0,31,國票-北投,2024-11-06,7792
00937B,群益ESG投等債20,30,7,23,國票-北投,2024-11-06,7792
00919,群益台灣精選高息,22,1,21,國票-北投,2024-11-06,7792
00795B,中信美國公債20年,20,0,20,國票-北投,2024-11-06,7792
00687B,國泰20年美債,14,0,14,國票-北投,2024-11-06,7792
4173,久裕,12,0,12,國票-北投,2024-11-06,7792
00882,中信中國高股息,11,0,11,國票-北投,2024-11-06,7792
9907,統一實,11,0,11,國票-北投,2024-11-06,7792
6197,佳必琪,11,1,10,國票-北投,2024-11-06,7792
00936,台新永續高息中小,10,0,10,國票-北投,2024-11-06,7792
00688L,國泰20年美債正2,10,0,10,國票-北投,2024-11-06,7792
00636,國泰中國A50,10,0,10,國票-北投,2024-11-06,7792
00953B,群益優選非投等債,10,0,10,國票-北投,2024-11-06,7792
5483,中美晶,10,0,10,國票-北投,2024-11-06,7792
6763,綠界科技*,9,0,9,國票-北投,2024-11-06,7792
2303,聯電,11,2,9,國票-北投,2024-11-06,7792
00665L,富邦�琤肭磪囓�2,10,2,8,國票-北投,2024-11-06,7792
4919,新唐,10,2,8,國票-北投,2024-11-06,7792
6505,台塑化,7,0,7,國票-北投,2024-11-06,7792
3105,穩懋,7,0,7,國票-北投,2024-11-06,7792
3062,建漢,7,0,7,國票-北投,2024-11-06,7792
2351,順德,6,0,6,國票-北投,2024-11-06,7792
2739,寒舍,6,0,6,國票-北投,2024-11-06,7792
6668,中揚光,6,0,6,國票-北投,2024-11-06,7792
00915,凱基優選高股息30,5,0,5,國票-北投,2024-11-06,7792
2618,長榮航,5,0,5,國票-北投,2024-11-06,7792
1307,三芳,5,0,5,國票-北投,2024-11-06,7792
2486,一詮,6,1,5,國票-北投,2024-11-06,7792
3317,尼克森,5,0,5,國票-北投,2024-11-06,7792
6190,萬泰科,5,0,5,國票-北投,2024-11-06,7792
8261,富鼎,5,0,5,國票-北投,2024-11-06,7792
2314,台揚,5,0,5,國票-北投,2024-11-06,7792
00680L,元大美債20正2,4,0,4,國票-北投,2024-11-06,7792
00725B,國泰投資級公司債,4,0,4,國票-北投,2024-11-06,7792
2399,映泰,8,4,4,國票-北投,2024-11-06,7792
2889,國票金,5,1,4,國票-北投,2024-11-06,7792
3206,志豐,9,5,4,國票-北投,2024-11-06,7792
3324,雙鴻,5,1,4,國票-北投,2024-11-06,7792
3607,谷崧,4,0,4,國票-北投,2024-11-06,7792
6134,萬旭,4,0,4,國票-北投,2024-11-06,7792
8027,鈦昇,4,0,4,國票-北投,2024-11-06,7792
5386,青雲,3,0,3,國票-北投,2024-11-06,7792
2610,華航,3,0,3,國票-北投,2024-11-06,7792
2615,萬海,5,2,3,國票-北投,2024-11-06,7792
00946,群益科技高息成長,80,10,70,國票-北投,2024-11-07,7792
2014,中鴻,62,1,61,國票-北投,2024-11-07,7792
1536,和大,61,1,60,國票-北投,2024-11-07,7792
2353,宏��,60,2,58,國票-北投,2024-11-07,7792
3044,健鼎,50,0,50,國票-北投,2024-11-07,7792
4526,東台,24,0,24,國票-北投,2024-11-07,7792
00919,群益台灣精選高息,22,0,22,國票-北投,2024-11-07,7792
2347,聯強,20,0,20,國票-北投,2024-11-07,7792
00943,兆豐電子高息等權,20,0,20,國票-北投,2024-11-07,7792
00753L,中信中國50正2,20,0,20,國票-北投,2024-11-07,7792
0056,元大高股息,15,0,15,國票-北投,2024-11-07,7792
00673R,期元大S＆P原油反1,15,0,15,國票-北投,2024-11-07,7792
2328,廣宇,12,1,11,國票-北投,2024-11-07,7792
3167,大量,12,1,11,國票-北投,2024-11-07,7792
4513,福裕,11,0,11,國票-北投,2024-11-07,7792
00679B,元大美債20年,10,0,10,國票-北投,2024-11-07,7792
00680L,元大美債20正2,235,225,10,國票-北投,2024-11-07,7792
2331,精英,10,0,10,國票-北投,2024-11-07,7792
2337,旺宏,10,0,10,國票-北投,2024-11-07,7792
4173,久裕,11,1,10,國票-北投,2024-11-07,7792
4541,晟田,10,0,10,國票-北投,2024-11-07,7792
4561,健椿,10,0,10,國票-北投,2024-11-07,7792
6763,綠界科技*,9,0,9,國票-北投,2024-11-07,7792
8112,至上,9,0,9,國票-北投,2024-11-07,7792
8069,元太,13,5,8,國票-北投,2024-11-07,7792
00687B,國泰20年美債,8,0,8,國票-北投,2024-11-07,7792
9105,泰金寶-DR,8629,8621,8,國票-北投,2024-11-07,7792
8261,富鼎,10,3,7,國票-北投,2024-11-07,7792
2477,美隆電,6,0,6,國票-北投,2024-11-07,7792
4912,聯德控股-KY,6,0,6,國票-北投,2024-11-07,7792
1463,強盛新,5,0,5,國票-北投,2024-11-07,7792
2027,大成鋼,10,5,5,國票-北投,2024-11-07,7792
3209,全科,5,0,5,國票-北投,2024-11-07,7792
6288,聯嘉,21,16,5,國票-北投,2024-11-07,7792
6863,永道-KY,5,0,5,國票-北投,2024-11-07,7792
2603,長榮,4,0,4,國票-北投,2024-11-07,7792
6869,雲豹能源,5,1,4,國票-北投,2024-11-07,7792
9958,世紀鋼,4,0,4,國票-北投,2024-11-07,7792
1449,佳和,4,0,4,國票-北投,2024-11-07,7792
3317,尼克森,4,0,4,國票-北投,2024-11-07,7792
3532,台勝科,4,0,4,國票-北投,2024-11-07,7792
6245,立端,6,2,4,國票-北投,2024-11-07,7792
6443,元晶,4,0,4,國票-北投,2024-11-07,7792
2303,聯電,14,10,4,國票-北投,2024-11-07,7792
6805,富世達,3,0,3,國票-北投,2024-11-07,7792
3413,京鼎,4,1,3,國票-北投,2024-11-07,7792
00725B,國泰投資級公司債,3,0,3,國票-北投,2024-11-07,7792
1303,南亞,3,0,3,國票-北投,2024-11-07,7792
2406,國碩,3,0,3,國票-北投,2024-11-07,7792
2888,新光金,3,0,3,國票-北投,2024-11-07,7792
2356,英業達,169,7,162,國票-北投,2024-11-08,7792
3062,建漢,133,8,125,國票-北投,2024-11-08,7792
2314,台揚,105,0,105,國票-北投,2024-11-08,7792
00632R,元大台灣50反1,100,0,100,國票-北投,2024-11-08,7792
00637L,元大滬深300正2,134,51,83,國票-北投,2024-11-08,7792
2888,新光金,31,0,31,國票-北投,2024-11-08,7792
00665L,富邦�琤肭磪囓�2,20,0,20,國票-北投,2024-11-08,7792
2387,精元,20,0,20,國票-北投,2024-11-08,7792
4958,臻鼎-KY,25,6,19,國票-北投,2024-11-08,7792
00937B,群益ESG投等債20,19,0,19,國票-北投,2024-11-08,7792
6191,精成科,20,1,19,國票-北投,2024-11-08,7792
9904,寶成,15,0,15,國票-北投,2024-11-08,7792
00864B,中信美國公債0-1,14,0,14,國票-北投,2024-11-08,7792
3374,精材,13,1,12,國票-北投,2024-11-08,7792
3481,群創,12,0,12,國票-北投,2024-11-08,7792
3504,揚明光,11,0,11,國票-北投,2024-11-08,7792
00688L,國泰20年美債正2,10,0,10,國票-北投,2024-11-08,7792
00939,統一台灣高息動能,10,0,10,國票-北投,2024-11-08,7792
2388,威盛,10,0,10,國票-北投,2024-11-08,7792
3605,宏致,10,0,10,國票-北投,2024-11-08,7792
5465,富驊,10,0,10,國票-北投,2024-11-08,7792
6190,萬泰科,12,2,10,國票-北投,2024-11-08,7792
8011,台通,10,0,10,國票-北投,2024-11-08,7792
5876,上海商銀,9,0,9,國票-北投,2024-11-08,7792
2891,中信金,14,5,9,國票-北投,2024-11-08,7792
00687B,國泰20年美債,8,0,8,國票-北投,2024-11-08,7792
2382,廣達,13,5,8,國票-北投,2024-11-08,7792
2520,冠德,8,0,8,國票-北投,2024-11-08,7792
2889,國票金,8,0,8,國票-北投,2024-11-08,7792
2363,矽統,11,4,7,國票-北投,2024-11-08,7792
2313,華通,8,1,7,國票-北投,2024-11-08,7792
2368,金像電,7,0,7,國票-北投,2024-11-08,7792
2498,宏達電,7,0,7,國票-北投,2024-11-08,7792
4533,協易機,7,0,7,國票-北投,2024-11-08,7792
00915,凱基優選高股息30,6,0,6,國票-北投,2024-11-08,7792
2454,聯發科,6,0,6,國票-北投,2024-11-08,7792
2383,台光電,6,0,6,國票-北投,2024-11-08,7792
3005,神基,6,0,6,國票-北投,2024-11-08,7792
3675,德微,6,0,6,國票-北投,2024-11-08,7792
4912,聯德控股-KY,6,0,6,國票-北投,2024-11-08,7792
9962,有益,6,0,6,國票-北投,2024-11-08,7792
2317,鴻海,5,0,5,國票-北投,2024-11-08,7792
1319,東陽,5,0,5,國票-北投,2024-11-08,7792
1536,和大,5,0,5,國票-北投,2024-11-08,7792
2347,聯強,25,20,5,國票-北投,2024-11-08,7792
2431,聯昌,5,0,5,國票-北投,2024-11-08,7792
2481,強茂,5,0,5,國票-北投,2024-11-08,7792
2489,瑞軒,5,0,5,國票-北投,2024-11-08,7792
3163,波若威,5,0,5,國票-北投,2024-11-08,7792
3406,玉晶光,5,0,5,國票-北投,2024-11-08,7792
00637L,元大滬深300正2,133,9,124,國票-北投,2024-11-11,7792
00878,國泰永續高股息,71,0,71,國票-北投,2024-11-11,7792
2324,仁寶,60,0,60,國票-北投,2024-11-11,7792
2834,臺企銀,50,0,50,國票-北投,2024-11-11,7792
00650L,復華香港正2,42,0,42,國票-北投,2024-11-11,7792
1605,華新,39,0,39,國票-北投,2024-11-11,7792
00907,永豐優息存股,24,0,24,國票-北投,2024-11-11,7792
00753L,中信中國50正2,23,0,23,國票-北投,2024-11-11,7792
2449,京元電子,23,0,23,國票-北投,2024-11-11,7792
2888,新光金,16,0,16,國票-北投,2024-11-11,7792
2353,宏��,14,0,14,國票-北投,2024-11-11,7792
00665L,富邦�琤肭磪囓�2,23,10,13,國票-北投,2024-11-11,7792
2882,國泰金,12,0,12,國票-北投,2024-11-11,7792
4173,久裕,12,0,12,國票-北投,2024-11-11,7792
2303,聯電,11,0,11,國票-北投,2024-11-11,7792
3090,日電貿,13,2,11,國票-北投,2024-11-11,7792
1326,台化,10,0,10,國票-北投,2024-11-11,7792
2486,一詮,15,5,10,國票-北投,2024-11-11,7792
2887,台新金,10,0,10,國票-北投,2024-11-11,7792
3701,大眾控,10,0,10,國票-北投,2024-11-11,7792
6176,瑞儀,10,0,10,國票-北投,2024-11-11,7792
8027,鈦昇,10,0,10,國票-北投,2024-11-11,7792
4526,東台,10,0,10,國票-北投,2024-11-11,7792
00713,元大台灣高息低波,9,0,9,國票-北投,2024-11-11,7792
2314,台揚,9,0,9,國票-北投,2024-11-11,7792
2390,云辰,10,1,9,國票-北投,2024-11-11,7792
3481,群創,10,2,8,國票-北投,2024-11-11,7792
4909,新復興,8,1,7,國票-北投,2024-11-11,7792
00919,群益台灣精選高息,7,0,7,國票-北投,2024-11-11,7792
1310,台苯,6,0,6,國票-北投,2024-11-11,7792
1402,遠東新,6,0,6,國票-北投,2024-11-11,7792
1449,佳和,6,0,6,國票-北投,2024-11-11,7792
2889,國票金,6,0,6,國票-北投,2024-11-11,7792
3324,雙鴻,6,0,6,國票-北投,2024-11-11,7792
00692,富邦公司治理,5,0,5,國票-北投,2024-11-11,7792
0050,元大台灣50,5,0,5,國票-北投,2024-11-11,7792
2402,毅嘉,6,1,5,國票-北投,2024-11-11,7792
2429,銘旺科,5,0,5,國票-北投,2024-11-11,7792
3017,奇鋐,5,0,5,國票-北投,2024-11-11,7792
3522,御嵿,5,0,5,國票-北投,2024-11-11,7792
5243,乙盛-KY,6,1,5,國票-北投,2024-11-11,7792
5457,宣德,5,0,5,國票-北投,2024-11-11,7792
6117,迎廣,5,0,5,國票-北投,2024-11-11,7792
6155,鈞寶,5,0,5,國票-北投,2024-11-11,7792
8431,匯鑽科,5,0,5,國票-北投,2024-11-11,7792
2615,萬海,9,4,5,國票-北投,2024-11-11,7792
2881,富邦金,4,0,4,國票-北投,2024-11-11,7792
00915,凱基優選高股息30,4,0,4,國票-北投,2024-11-11,7792
2399,映泰,7,3,4,國票-北投,2024-11-11,7792
3162,精確,4,0,4,國票-北投,2024-11-11,7792
2892,第一金,102,0,102,國票-北投,2024-11-12,7792
2356,英業達,105,8,97,國票-北投,2024-11-12,7792
00878,國泰永續高股息,83,1,82,國票-北投,2024-11-12,7792
00940,元大台灣價值高息,37,0,37,國票-北投,2024-11-12,7792
2317,鴻海,34,3,31,國票-北投,2024-11-12,7792
00887,永豐中國科技50大,30,0,30,國票-北投,2024-11-12,7792
00952,凱基台灣AI50,26,0,26,國票-北投,2024-11-12,7792
00713,元大台灣高息低波,25,0,25,國票-北投,2024-11-12,7792
1301,台塑,25,1,24,國票-北投,2024-11-12,7792
2884,玉山金,20,0,20,國票-北投,2024-11-12,7792
4306,炎洲,20,0,20,國票-北投,2024-11-12,7792
00939,統一台灣高息動能,20,0,20,國票-北投,2024-11-12,7792
00932,兆豐永續高息等權,20,0,20,國票-北投,2024-11-12,7792
2402,毅嘉,20,0,20,國票-北投,2024-11-12,7792
2609,陽明,33,16,17,國票-北投,2024-11-12,7792
00929,復華台灣科技優息,16,0,16,國票-北投,2024-11-12,7792
00715L,期街口布蘭特正2,16,0,16,國票-北投,2024-11-12,7792
0056,元大高股息,15,0,15,國票-北投,2024-11-12,7792
2834,臺企銀,15,0,15,國票-北投,2024-11-12,7792
2615,萬海,16,2,14,國票-北投,2024-11-12,7792
4173,久裕,13,0,13,國票-北投,2024-11-12,7792
00922,國泰台灣領袖50,12,0,12,國票-北投,2024-11-12,7792
2330,台積電,20,8,12,國票-北投,2024-11-12,7792
5871,中租-KY,11,0,11,國票-北投,2024-11-12,7792
2353,宏��,11,0,11,國票-北投,2024-11-12,7792
2382,廣達,11,0,11,國票-北投,2024-11-12,7792
2354,鴻準,26,16,10,國票-北投,2024-11-12,7792
0050,元大台灣50,10,0,10,國票-北投,2024-11-12,7792
2002,中鋼,10,0,10,國票-北投,2024-11-12,7792
3231,緯創,12,2,10,國票-北投,2024-11-12,7792
1808,潤隆,10,0,10,國票-北投,2024-11-12,7792
1210,大成,10,0,10,國票-北投,2024-11-12,7792
1522,堤維西,10,0,10,國票-北投,2024-11-12,7792
2349,錸德,11,1,10,國票-北投,2024-11-12,7792
2515,中工,10,0,10,國票-北投,2024-11-12,7792
3402,漢科,10,0,10,國票-北投,2024-11-12,7792
6625,必應,10,0,10,國票-北投,2024-11-12,7792
2882,國泰金,9,0,9,國票-北投,2024-11-12,7792
1605,華新,14,6,8,國票-北投,2024-11-12,7792
2303,聯電,9,1,8,國票-北投,2024-11-12,7792
00915,凱基優選高股息30,8,0,8,國票-北投,2024-11-12,7792
2603,長榮,10,2,8,國票-北投,2024-11-12,7792
1101,台泥,8,0,8,國票-北投,2024-11-12,7792
00687B,國泰20年美債,10,3,7,國票-北投,2024-11-12,7792
00631L,元大台灣50正2,11,4,7,國票-北投,2024-11-12,7792
1524,耿鼎,9,2,7,國票-北投,2024-11-12,7792
3481,群創,7,0,7,國票-北投,2024-11-12,7792
8086,宏捷科,7,0,7,國票-北投,2024-11-12,7792
00935,野村臺灣新科技50,6,0,6,國票-北投,2024-11-12,7792
2049,上銀,6,0,6,國票-北投,2024-11-12,7792
00878,國泰永續高股息,79,0,79,國票-北投,2024-11-13,7792
2889,國票金,72,0,72,國票-北投,2024-11-13,7792
3481,群創,45,0,45,國票-北投,2024-11-13,7792
2353,宏��,36,3,33,國票-北投,2024-11-13,7792
1442,名軒,30,0,30,國票-北投,2024-11-13,7792
2609,陽明,27,2,25,國票-北投,2024-11-13,7792
3558,神準,26,2,24,國票-北投,2024-11-13,7792
2882,國泰金,41,20,21,國票-北投,2024-11-13,7792
2014,中鴻,20,0,20,國票-北投,2024-11-13,7792
00665L,富邦�琤肭磪囓�2,14,0,14,國票-北投,2024-11-13,7792
1605,華新,14,3,11,國票-北投,2024-11-13,7792
2883,凱基金,11,0,11,國票-北投,2024-11-13,7792
00939,統一台灣高息動能,10,0,10,國票-北投,2024-11-13,7792
00753L,中信中國50正2,10,0,10,國票-北投,2024-11-13,7792
00795B,中信美國公債20年,10,0,10,國票-北投,2024-11-13,7792
2327,國巨,10,0,10,國票-北投,2024-11-13,7792
6168,宏齊,10,0,10,國票-北投,2024-11-13,7792
00687B,國泰20年美債,9,0,9,國票-北投,2024-11-13,7792
3037,欣興,12,3,9,國票-北投,2024-11-13,7792
2504,國產,8,0,8,國票-北投,2024-11-13,7792
2369,菱生,8,0,8,國票-北投,2024-11-13,7792
3013,晟銘電,18,10,8,國票-北投,2024-11-13,7792
4979,華星光,22,14,8,國票-北投,2024-11-13,7792
2891,中信金,9,2,7,國票-北投,2024-11-13,7792
1449,佳和,7,1,6,國票-北投,2024-11-13,7792
2489,瑞軒,6,0,6,國票-北投,2024-11-13,7792
4173,久裕,6,0,6,國票-北投,2024-11-13,7792
8011,台通,6,0,6,國票-北投,2024-11-13,7792
2002,中鋼,10,5,5,國票-北投,2024-11-13,7792
00850,元大臺灣ESG永續,5,0,5,國票-北投,2024-11-13,7792
2344,華邦電,5,0,5,國票-北投,2024-11-13,7792
2399,映泰,7,2,5,國票-北投,2024-11-13,7792
2429,銘旺科,5,0,5,國票-北投,2024-11-13,7792
2477,美隆電,6,1,5,國票-北投,2024-11-13,7792
2888,新光金,5,0,5,國票-北投,2024-11-13,7792
2897,王道銀行,5,0,5,國票-北投,2024-11-13,7792
3522,御嵿,5,0,5,國票-北投,2024-11-13,7792
3607,谷崧,5,0,5,國票-北投,2024-11-13,7792
6282,康舒,7,2,5,國票-北投,2024-11-13,7792
8358,金居,5,0,5,國票-北投,2024-11-13,7792
00713,元大台灣高息低波,4,0,4,國票-北投,2024-11-13,7792
0056,元大高股息,4,0,4,國票-北投,2024-11-13,7792
2303,聯電,4,0,4,國票-北投,2024-11-13,7792
2542,興富發,4,0,4,國票-北投,2024-11-13,7792
1524,耿鼎,13,9,4,國票-北投,2024-11-13,7792
1903,士紙,4,0,4,國票-北投,2024-11-13,7792
2363,矽統,4,0,4,國票-北投,2024-11-13,7792
2388,威盛,4,0,4,國票-北投,2024-11-13,7792
3003,健和興,9,5,4,國票-北投,2024-11-13,7792
3706,神達,1296,1292,4,國票-北投,2024-11-13,7792
00929,復華台灣科技優息,102,0,102,國票-北投,2024-11-14,7792
00878,國泰永續高股息,87,0,87,國票-北投,2024-11-14,7792
2356,英業達,76,5,71,國票-北投,2024-11-14,7792
1909,榮成,50,0,50,國票-北投,2024-11-14,7792
00937B,群益ESG投等債20,54,5,49,國票-北投,2024-11-14,7792
2303,聯電,49,0,49,國票-北投,2024-11-14,7792
1447,力鵬,40,0,40,國票-北投,2024-11-14,7792
00940,元大台灣價值高息,49,17,32,國票-北投,2024-11-14,7792
0056,元大高股息,28,0,28,國票-北投,2024-11-14,7792
00712,復華富時不動產,20,0,20,國票-北投,2024-11-14,7792
2317,鴻海,19,1,18,國票-北投,2024-11-14,7792
2374,佳能,35,17,18,國票-北投,2024-11-14,7792
2402,毅嘉,18,0,18,國票-北投,2024-11-14,7792
6104,創惟,16,0,16,國票-北投,2024-11-14,7792
00850,元大臺灣ESG永續,15,0,15,國票-北投,2024-11-14,7792
00943,兆豐電子高息等權,15,0,15,國票-北投,2024-11-14,7792
3518,柏騰,15,0,15,國票-北投,2024-11-14,7792
9904,寶成,30,15,15,國票-北投,2024-11-14,7792
1519,華城,10,0,10,國票-北投,2024-11-14,7792
2646,星宇航空,11,1,10,國票-北投,2024-11-14,7792
5465,富驊,10,0,10,國票-北投,2024-11-14,7792
8213,志超,10,0,10,國票-北投,2024-11-14,7792
5871,中租-KY,9,0,9,國票-北投,2024-11-14,7792
4938,和碩,9,0,9,國票-北投,2024-11-14,7792
2330,台積電,10,1,9,國票-北投,2024-11-14,7792
00713,元大台灣高息低波,8,0,8,國票-北投,2024-11-14,7792
3062,建漢,8,0,8,國票-北投,2024-11-14,7792
4909,新復興,11,3,8,國票-北投,2024-11-14,7792
6668,中揚光,8,0,8,國票-北投,2024-11-14,7792
2880,華南金,11,3,8,國票-北投,2024-11-14,7792
00915,凱基優選高股息30,7,0,7,國票-北投,2024-11-14,7792
3305,昇貿,7,0,7,國票-北投,2024-11-14,7792
8261,富鼎,11,4,7,國票-北投,2024-11-14,7792
2308,台達電,7,1,6,國票-北投,2024-11-14,7792
1319,東陽,11,5,6,國票-北投,2024-11-14,7792
2449,京元電子,6,0,6,國票-北投,2024-11-14,7792
2476,鉅祥,6,0,6,國票-北投,2024-11-14,7792
2888,新光金,6,0,6,國票-北投,2024-11-14,7792
3715,定穎投控,6,0,6,國票-北投,2024-11-14,7792
4958,臻鼎-KY,6,0,6,國票-北投,2024-11-14,7792
1517,利奇,6,0,6,國票-北投,2024-11-14,7792
2892,第一金,5,0,5,國票-北投,2024-11-14,7792
00919,群益台灣精選高息,5,0,5,國票-北投,2024-11-14,7792
00927,群益半導體收益,5,0,5,國票-北投,2024-11-14,7792
00952,凱基台灣AI50,5,0,5,國票-北投,2024-11-14,7792
2481,強茂,5,0,5,國票-北投,2024-11-14,7792
2890,永豐金,5,0,5,國票-北投,2024-11-14,7792
3607,谷崧,5,0,5,國票-北投,2024-11-14,7792
4173,久裕,5,0,5,國票-北投,2024-11-14,7792
4303,信立,5,0,5,國票-北投,2024-11-14,7792
00878,國泰永續高股息,99,4,95,國票-北投,2024-11-15,7792
00637L,元大滬深300正2,117,49,68,國票-北投,2024-11-15,7792
2382,廣達,47,12,35,國票-北投,2024-11-15,7792
2002,中鋼,22,3,19,國票-北投,2024-11-15,7792
2303,聯電,14,0,14,國票-北投,2024-11-15,7792
6763,綠界科技*,16,2,14,國票-北投,2024-11-15,7792
2330,台積電,11,0,11,國票-北投,2024-11-15,7792
2387,精元,11,0,11,國票-北投,2024-11-15,7792
3580,友威科,11,0,11,國票-北投,2024-11-15,7792
2409,友達,10,0,10,國票-北投,2024-11-15,7792
5309,系統電,10,0,10,國票-北投,2024-11-15,7792
6218,豪勉,10,0,10,國票-北投,2024-11-15,7792
3045,台灣大,9,0,9,國票-北投,2024-11-15,7792
6180,橘子,10,1,9,國票-北投,2024-11-15,7792
3231,緯創,9,1,8,國票-北投,2024-11-15,7792
4919,新唐,8,0,8,國票-北投,2024-11-15,7792
2610,華航,10,2,8,國票-北投,2024-11-15,7792
2317,鴻海,10,3,7,國票-北投,2024-11-15,7792
2454,聯發科,7,0,7,國票-北投,2024-11-15,7792
00725B,國泰投資級公司債,7,0,7,國票-北投,2024-11-15,7792
1611,中電,7,0,7,國票-北投,2024-11-15,7792
6139,亞翔,6,0,6,國票-北投,2024-11-15,7792
00936,台新永續高息中小,6,0,6,國票-北投,2024-11-15,7792
2328,廣宇,6,0,6,國票-北投,2024-11-15,7792
6770,力積電,6,0,6,國票-北投,2024-11-15,7792
3533,嘉澤,6,0,6,國票-北投,2024-11-15,7792
3017,奇鋐,8,2,6,國票-北投,2024-11-15,7792
00665L,富邦�琤肭磪囓�2,5,0,5,國票-北投,2024-11-15,7792
1531,高林股,6,1,5,國票-北投,2024-11-15,7792
1587,吉茂,5,0,5,國票-北投,2024-11-15,7792
4306,炎洲,5,0,5,國票-北投,2024-11-15,7792
5457,宣德,5,0,5,國票-北投,2024-11-15,7792
8089,康全電訊,5,0,5,國票-北投,2024-11-15,7792
1402,遠東新,4,0,4,國票-北投,2024-11-15,7792
2030,彰源,4,0,4,國票-北投,2024-11-15,7792
2324,仁寶,5,1,4,國票-北投,2024-11-15,7792
3312,弘憶股,4,0,4,國票-北投,2024-11-15,7792
3324,雙鴻,6,2,4,國票-北投,2024-11-15,7792
1786,科妍,3,0,3,國票-北投,2024-11-15,7792
3202,樺晟,4,1,3,國票-北投,2024-11-15,7792
6805,富世達,7,4,3,國票-北投,2024-11-15,7792
6446,藥華藥,2,0,2,國票-北投,2024-11-15,7792
2352,佳世達,2,0,2,國票-北投,2024-11-15,7792
3090,日電貿,5,3,2,國票-北投,2024-11-15,7792
2204,中華,2,0,2,國票-北投,2024-11-15,7792
4904,遠傳,2,0,2,國票-北投,2024-11-15,7792
00945B,凱基美國非投等債,2,0,2,國票-北投,2024-11-15,7792
1503,士電,2,0,2,國票-北投,2024-11-15,7792
1565,精華,2,0,2,國票-北投,2024-11-15,7792
1618,合機,2,0,2,國票-北投,2024-11-15,7792
2027,大成鋼,585,0,585,國票-北投,2024-11-18,7792
00878,國泰永續高股息,45,1,44,國票-北投,2024-11-18,7792
2324,仁寶,66,25,41,國票-北投,2024-11-18,7792
3511,矽瑪,39,4,35,國票-北投,2024-11-18,7792
3501,維熹,25,0,25,國票-北投,2024-11-18,7792
3706,神達,28,5,23,國票-北投,2024-11-18,7792
1537,廣隆,22,0,22,國票-北投,2024-11-18,7792
2308,台達電,22,0,22,國票-北投,2024-11-18,7792
9105,泰金寶-DR,20,0,20,國票-北投,2024-11-18,7792
9904,寶成,20,1,19,國票-北投,2024-11-18,7792
2881,富邦金,16,1,15,國票-北投,2024-11-18,7792
00929,復華台灣科技優息,13,0,13,國票-北投,2024-11-18,7792
9914,美利達,12,0,12,國票-北投,2024-11-18,7792
1216,統一,10,0,10,國票-北投,2024-11-18,7792
1522,堤維西,10,0,10,國票-北投,2024-11-18,7792
1587,吉茂,10,0,10,國票-北投,2024-11-18,7792
2338,光罩,10,0,10,國票-北投,2024-11-18,7792
2353,宏��,10,0,10,國票-北投,2024-11-18,7792
6288,聯嘉,10,0,10,國票-北投,2024-11-18,7792
00937B,群益ESG投等債20,10,0,10,國票-北投,2024-11-18,7792
6104,創惟,10,1,9,國票-北投,2024-11-18,7792
2303,聯電,9,0,9,國票-北投,2024-11-18,7792
3715,定穎投控,7,0,7,國票-北投,2024-11-18,7792
2330,台積電,7,0,7,國票-北投,2024-11-18,7792
2449,京元電子,10,4,6,國票-北投,2024-11-18,7792
3305,昇貿,6,0,6,國票-北投,2024-11-18,7792
4173,久裕,6,0,6,國票-北投,2024-11-18,7792
8908,欣雄,6,0,6,國票-北投,2024-11-18,7792
2105,正新,20,15,5,國票-北投,2024-11-18,7792
00918,大華優利高填息30,5,0,5,國票-北投,2024-11-18,7792
00943,兆豐電子高息等權,5,0,5,國票-北投,2024-11-18,7792
1605,華新,7,2,5,國票-北投,2024-11-18,7792
2312,金寶,14,9,5,國票-北投,2024-11-18,7792
2539,櫻花建,5,0,5,國票-北投,2024-11-18,7792
006208,富邦台50,12,8,4,國票-北投,2024-11-18,7792
1513,中興電,4,0,4,國票-北投,2024-11-18,7792
2723,美食-KY,4,0,4,國票-北投,2024-11-18,7792
00715L,期街口布蘭特正2,5,1,4,國票-北投,2024-11-18,7792
1721,三晃,4,0,4,國票-北投,2024-11-18,7792
3037,欣興,7,3,4,國票-北投,2024-11-18,7792
6163,華電網,14,10,4,國票-北投,2024-11-18,7792
0056,元大高股息,4,0,4,國票-北投,2024-11-18,7792
2543,皇昌,3,0,3,國票-北投,2024-11-18,7792
00930,永豐ESG低碳高息,3,0,3,國票-北投,2024-11-18,7792
1785,光洋科,3,0,3,國票-北投,2024-11-18,7792
2049,上銀,3,0,3,國票-北投,2024-11-18,7792
2344,華邦電,4,1,3,國票-北投,2024-11-18,7792
2354,鴻準,19,16,3,國票-北投,2024-11-18,7792
3006,晶豪科,3,0,3,國票-北投,2024-11-18,7792
3338,泰碩,4,1,3,國票-北投,2024-11-18,7792
2027,大成鋼,118,0,118,國票-北投,2024-11-19,7792
5876,上海商銀,100,0,100,國票-北投,2024-11-19,7792
2603,長榮,100,11,89,國票-北投,2024-11-19,7792
00637L,元大滬深300正2,70,0,70,國票-北投,2024-11-19,7792
00680L,元大美債20正2,40,0,40,國票-北投,2024-11-19,7792
1795,美時,20,0,20,國票-北投,2024-11-19,7792
6176,瑞儀,15,0,15,國票-北投,2024-11-19,7792
2449,京元電子,34,20,14,國票-北投,2024-11-19,7792
00878,國泰永續高股息,13,0,13,國票-北投,2024-11-19,7792
00885,富邦越南,10,0,10,國票-北投,2024-11-19,7792
1815,富喬,10,0,10,國票-北投,2024-11-19,7792
2883,凱基金,10,0,10,國票-北投,2024-11-19,7792
2356,英業達,12,3,9,國票-北投,2024-11-19,7792
5465,富驊,14,5,9,國票-北投,2024-11-19,7792
4908,前鼎,10,3,7,國票-北投,2024-11-19,7792
00753L,中信中國50正2,9,2,7,國票-北投,2024-11-19,7792
1301,台塑,6,0,6,國票-北投,2024-11-19,7792
8112,至上,6,0,6,國票-北投,2024-11-19,7792
9914,美利達,6,0,6,國票-北投,2024-11-19,7792
2646,星宇航空,5,0,5,國票-北投,2024-11-19,7792
2637,慧洋-KY,5,0,5,國票-北投,2024-11-19,7792
00898,國泰基因免疫革命,5,0,5,國票-北投,2024-11-19,7792
00632R,元大台灣50反1,5,0,5,國票-北投,2024-11-19,7792
1609,大亞,5,0,5,國票-北投,2024-11-19,7792
2301,光寶科,5,0,5,國票-北投,2024-11-19,7792
2337,旺宏,5,0,5,國票-北投,2024-11-19,7792
3533,嘉澤,5,0,5,國票-北投,2024-11-19,7792
6451,訊芯-KY,5,0,5,國票-北投,2024-11-19,7792
2454,聯發科,6,1,5,國票-北投,2024-11-19,7792
1504,東元,4,0,4,國票-北投,2024-11-19,7792
2497,怡利電,4,0,4,國票-北投,2024-11-19,7792
3231,緯創,4,0,4,國票-北投,2024-11-19,7792
6290,良維,4,0,4,國票-北投,2024-11-19,7792
2324,仁寶,13,10,3,國票-北投,2024-11-19,7792
1446,宏和,3,0,3,國票-北投,2024-11-19,7792
1611,中電,3,0,3,國票-北投,2024-11-19,7792
2891,中信金,3,0,3,國票-北投,2024-11-19,7792
3037,欣興,4,1,3,國票-北投,2024-11-19,7792
5457,宣德,3,0,3,國票-北投,2024-11-19,7792
6643,M31,3,0,3,國票-北投,2024-11-19,7792
8927,北基,3,0,3,國票-北投,2024-11-19,7792
2882,國泰金,2,0,2,國票-北投,2024-11-19,7792
00635U,期元大S＆P黃金,2,0,2,國票-北投,2024-11-19,7792
2329,華泰,6,4,2,國票-北投,2024-11-19,7792
2352,佳世達,2,0,2,國票-北投,2024-11-19,7792
2890,永豐金,2,0,2,國票-北投,2024-11-19,7792
3017,奇鋐,2,0,2,國票-北投,2024-11-19,7792
3048,益登,2,0,2,國票-北投,2024-11-19,7792
3094,聯傑,2,0,2,國票-北投,2024-11-19,7792
3209,全科,2,0,2,國票-北投,2024-11-19,7792
00937B,群益ESG投等債20,64,0,64,國票-北投,2024-11-20,7792
2354,鴻準,56,13,43,國票-北投,2024-11-20,7792
2312,金寶,41,8,33,國票-北投,2024-11-20,7792
2204,中華,23,0,23,國票-北投,2024-11-20,7792
2409,友達,22,0,22,國票-北投,2024-11-20,7792
2449,京元電子,28,6,22,國票-北投,2024-11-20,7792
00878,國泰永續高股息,17,0,17,國票-北投,2024-11-20,7792
2344,華邦電,17,0,17,國票-北投,2024-11-20,7792
2882,國泰金,13,0,13,國票-北投,2024-11-20,7792
2349,錸德,20,7,13,國票-北投,2024-11-20,7792
6104,創惟,11,0,11,國票-北投,2024-11-20,7792
1587,吉茂,13,3,10,國票-北投,2024-11-20,7792
2834,臺企銀,10,0,10,國票-北投,2024-11-20,7792
5465,富驊,10,0,10,國票-北投,2024-11-20,7792
6126,信音,10,0,10,國票-北投,2024-11-20,7792
6465,威潤,10,0,10,國票-北投,2024-11-20,7792
2880,華南金,9,0,9,國票-北投,2024-11-20,7792
2027,大成鋼,8,0,8,國票-北投,2024-11-20,7792
6558,興能高,8,0,8,國票-北投,2024-11-20,7792
3209,全科,7,0,7,國票-北投,2024-11-20,7792
2330,台積電,6,0,6,國票-北投,2024-11-20,7792
2382,廣達,9,3,6,國票-北投,2024-11-20,7792
2399,映泰,6,0,6,國票-北投,2024-11-20,7792
3518,柏騰,6,0,6,國票-北投,2024-11-20,7792
4173,久裕,6,0,6,國票-北投,2024-11-20,7792
8996,高力,6,0,6,國票-北投,2024-11-20,7792
2903,遠百,5,0,5,國票-北投,2024-11-20,7792
00688L,國泰20年美債正2,5,0,5,國票-北投,2024-11-20,7792
2317,鴻海,5,0,5,國票-北投,2024-11-20,7792
3231,緯創,4,0,4,國票-北投,2024-11-20,7792
2301,光寶科,4,0,4,國票-北投,2024-11-20,7792
2356,英業達,11,7,4,國票-北投,2024-11-20,7792
3006,晶豪科,4,0,4,國票-北投,2024-11-20,7792
4909,新復興,4,0,4,國票-北投,2024-11-20,7792
6151,晉倫,4,0,4,國票-北投,2024-11-20,7792
2303,聯電,4,0,4,國票-北投,2024-11-20,7792
2353,宏��,3,0,3,國票-北投,2024-11-20,7792
2504,國產,3,0,3,國票-北投,2024-11-20,7792
3036,文曄,3,0,3,國票-北投,2024-11-20,7792
00929,復華台灣科技優息,3,0,3,國票-北投,2024-11-20,7792
00940,元大台灣價值高息,3,0,3,國票-北投,2024-11-20,7792
1584,精剛,3,0,3,國票-北投,2024-11-20,7792
2106,建大,3,0,3,國票-北投,2024-11-20,7792
2392,正崴,4,1,3,國票-北投,2024-11-20,7792
2413,環科,5,2,3,國票-北投,2024-11-20,7792
3015,全漢,5,2,3,國票-北投,2024-11-20,7792
4919,新唐,3,0,3,國票-北投,2024-11-20,7792
6127,九豪,3,0,3,國票-北投,2024-11-20,7792
6416,瑞祺電通,3,0,3,國票-北投,2024-11-20,7792
8111,立��,3,0,3,國票-北投,2024-11-20,7792
2027,大成鋼,61,0,61,國票-北投,2024-11-21,7792
2006,東和鋼鐵,30,0,30,國票-北投,2024-11-21,7792
2353,宏��,22,0,22,國票-北投,2024-11-21,7792
1802,台玻,91,70,21,國票-北投,2024-11-21,7792
00637L,元大滬深300正2,35,15,20,國票-北投,2024-11-21,7792
2618,長榮航,18,0,18,國票-北投,2024-11-21,7792
00937B,群益ESG投等債20,17,0,17,國票-北投,2024-11-21,7792
6875,國邑*,17,0,17,國票-北投,2024-11-21,7792
2303,聯電,15,0,15,國票-北投,2024-11-21,7792
00919,群益台灣精選高息,11,0,11,國票-北投,2024-11-21,7792
2881,富邦金,10,0,10,國票-北投,2024-11-21,7792
2354,鴻準,17,7,10,國票-北投,2024-11-21,7792
6282,康舒,16,7,9,國票-北投,2024-11-21,7792
2641,正德,8,0,8,國票-北投,2024-11-21,7792
2421,建準,7,0,7,國票-北投,2024-11-21,7792
3231,緯創,8,1,7,國票-北投,2024-11-21,7792
8047,星雲,7,0,7,國票-北投,2024-11-21,7792
00687B,國泰20年美債,6,0,6,國票-北投,2024-11-21,7792
2349,錸德,27,21,6,國票-北投,2024-11-21,7792
2444,兆勁,6,0,6,國票-北投,2024-11-21,7792
2890,永豐金,6,0,6,國票-北投,2024-11-21,7792
00918,大華優利高填息30,5,0,5,國票-北投,2024-11-21,7792
00715L,期街口布蘭特正2,5,0,5,國票-北投,2024-11-21,7792
00635U,期元大S＆P黃金,5,0,5,國票-北投,2024-11-21,7792
2313,華通,5,0,5,國票-北投,2024-11-21,7792
3312,弘憶股,5,0,5,國票-北投,2024-11-21,7792
5512,力麒,5,0,5,國票-北投,2024-11-21,7792
5521,工信,5,0,5,國票-北投,2024-11-21,7792
6182,合晶,5,0,5,國票-北投,2024-11-21,7792
2330,台積電,5,0,5,國票-北投,2024-11-21,7792
1609,大亞,4,0,4,國票-北投,2024-11-21,7792
2032,新鋼,4,0,4,國票-北投,2024-11-21,7792
2067,嘉鋼,4,0,4,國票-北投,2024-11-21,7792
2308,台達電,3,0,3,國票-北投,2024-11-21,7792
3622,洋華,3,0,3,國票-北投,2024-11-21,7792
6104,創惟,3,0,3,國票-北投,2024-11-21,7792
6134,萬旭,3,0,3,國票-北投,2024-11-21,7792
6919,康霈*,3,0,3,國票-北投,2024-11-21,7792
8089,康全電訊,3,0,3,國票-北投,2024-11-21,7792
8155,博智,3,0,3,國票-北投,2024-11-21,7792
2317,鴻海,4,1,3,國票-北投,2024-11-21,7792
00713,元大台灣高息低波,2,0,2,國票-北投,2024-11-21,7792
0056,元大高股息,2,0,2,國票-北投,2024-11-21,7792
8044,網家,2,0,2,國票-北投,2024-11-21,7792
2882,國泰金,2,0,2,國票-北投,2024-11-21,7792
6257,矽格,2,0,2,國票-北投,2024-11-21,7792
00665L,富邦�琤肭磪囓�2,2,0,2,國票-北投,2024-11-21,7792
00960,野村全球航運龍頭,2,0,2,國票-北投,2024-11-21,7792
1565,精華,2,0,2,國票-北投,2024-11-21,7792
1721,三晃,2,0,2,國票-北投,2024-11-21,7792
2338,光罩,82,0,82,國票-北投,2024-11-22,7792
00637L,元大滬深300正2,61,9,52,國票-北投,2024-11-22,7792
00753L,中信中國50正2,42,0,42,國票-北投,2024-11-22,7792
2349,錸德,24,0,24,國票-北投,2024-11-22,7792
1808,潤隆,20,0,20,國票-北投,2024-11-22,7792
8277,商丞,20,0,20,國票-北投,2024-11-22,7792
9904,寶成,13,0,13,國票-北投,2024-11-22,7792
5309,系統電,15,4,11,國票-北投,2024-11-22,7792
1301,台塑,11,1,10,國票-北投,2024-11-22,7792
2404,漢唐,10,0,10,國票-北投,2024-11-22,7792
6244,茂迪,10,0,10,國票-北投,2024-11-22,7792
00632R,元大台灣50反1,9,0,9,國票-北投,2024-11-22,7792
2421,建準,9,0,9,國票-北投,2024-11-22,7792
2449,京元電子,11,2,9,國票-北投,2024-11-22,7792
1587,吉茂,8,0,8,國票-北投,2024-11-22,7792
1714,和桐,8,0,8,國票-北投,2024-11-22,7792
2354,鴻準,14,7,7,國票-北投,2024-11-22,7792
2615,萬海,8,1,7,國票-北投,2024-11-22,7792
3511,矽瑪,15,8,7,國票-北投,2024-11-22,7792
4128,中天,7,0,7,國票-北投,2024-11-22,7792
3019,亞光,9,3,6,國票-北投,2024-11-22,7792
8358,金居,6,0,6,國票-北投,2024-11-22,7792
2504,國產,5,0,5,國票-北投,2024-11-22,7792
1303,南亞,5,0,5,國票-北投,2024-11-22,7792
2365,昆盈,5,0,5,國票-北投,2024-11-22,7792
2399,映泰,5,0,5,國票-北投,2024-11-22,7792
3025,星通,5,0,5,國票-北投,2024-11-22,7792
3027,盛達,7,2,5,國票-北投,2024-11-22,7792
3576,聯合再生,5,0,5,國票-北投,2024-11-22,7792
5263,智崴,5,0,5,國票-北投,2024-11-22,7792
8070,長華*,5,0,5,國票-北投,2024-11-22,7792
8215,明基材,7,2,5,國票-北投,2024-11-22,7792
2891,中信金,4,0,4,國票-北投,2024-11-22,7792
00878,國泰永續高股息,4,0,4,國票-北投,2024-11-22,7792
2314,台揚,5,1,4,國票-北投,2024-11-22,7792
3049,精金,10,6,4,國票-北投,2024-11-22,7792
4743,合一,4,0,4,國票-北投,2024-11-22,7792
00687B,國泰20年美債,23,20,3,國票-北投,2024-11-22,7792
1446,宏和,3,0,3,國票-北投,2024-11-22,7792
1616,億泰,13,10,3,國票-北投,2024-11-22,7792
2316,楠梓電,3,0,3,國票-北投,2024-11-22,7792
2453,凌群,3,0,3,國票-北投,2024-11-22,7792
3037,欣興,6,3,3,國票-北投,2024-11-22,7792
6213,聯茂,10,7,3,國票-北投,2024-11-22,7792
8028,昇陽半導體,4,1,3,國票-北投,2024-11-22,7792
6770,力積電,5,2,3,國票-北投,2024-11-22,7792
6763,綠界科技*,2,0,2,國票-北投,2024-11-22,7792
2603,長榮,3,1,2,國票-北投,2024-11-22,7792
2515,中工,2,0,2,國票-北投,2024-11-22,7792
3015,全漢,2,0,2,國票-北投,2024-11-22,7792
2338,光罩,88,0,88,國票-北投,2024-11-25,7792
2610,華航,130,42,88,國票-北投,2024-11-25,7792
9105,泰金寶-DR,40,0,40,國票-北投,2024-11-25,7792
2618,長榮航,33,0,33,國票-北投,2024-11-25,7792
2312,金寶,53,26,27,國票-北投,2024-11-25,7792
00665L,富邦�琤肭磪囓�2,25,0,25,國票-北投,2024-11-25,7792
2013,中鋼構,20,0,20,國票-北投,2024-11-25,7792
2609,陽明,25,8,17,國票-北投,2024-11-25,7792
2349,錸德,17,1,16,國票-北投,2024-11-25,7792
2449,京元電子,21,6,15,國票-北投,2024-11-25,7792
5465,富驊,20,5,15,國票-北投,2024-11-25,7792
2356,英業達,66,55,11,國票-北投,2024-11-25,7792
2603,長榮,11,0,11,國票-北投,2024-11-25,7792
6180,橘子,10,0,10,國票-北投,2024-11-25,7792
1560,中砂,10,0,10,國票-北投,2024-11-25,7792
2316,楠梓電,10,0,10,國票-北投,2024-11-25,7792
6191,精成科,10,0,10,國票-北投,2024-11-25,7792
8277,商丞,10,0,10,國票-北投,2024-11-25,7792
1611,中電,17,8,9,國票-北投,2024-11-25,7792
2421,建準,9,0,9,國票-北投,2024-11-25,7792
2605,新興,9,0,9,國票-北投,2024-11-25,7792
3706,神達,52,43,9,國票-北投,2024-11-25,7792
2615,萬海,10,2,8,國票-北投,2024-11-25,7792
1402,遠東新,8,0,8,國票-北投,2024-11-25,7792
2324,仁寶,30,22,8,國票-北投,2024-11-25,7792
2641,正德,10,2,8,國票-北投,2024-11-25,7792
6213,聯茂,9,1,8,國票-北投,2024-11-25,7792
8358,金居,8,0,8,國票-北投,2024-11-25,7792
4956,光鋐,6,0,6,國票-北投,2024-11-25,7792
5009,榮剛,6,0,6,國票-北投,2024-11-25,7792
2646,星宇航空,5,0,5,國票-北投,2024-11-25,7792
00637L,元大滬深300正2,5,0,5,國票-北投,2024-11-25,7792
2481,強茂,5,0,5,國票-北投,2024-11-25,7792
3027,盛達,5,0,5,國票-北投,2024-11-25,7792
3032,偉訓,5,0,5,國票-北投,2024-11-25,7792
3209,全科,5,0,5,國票-北投,2024-11-25,7792
3290,東浦,5,0,5,國票-北投,2024-11-25,7792
3481,群創,5,0,5,國票-北投,2024-11-25,7792
4173,久裕,5,0,5,國票-北投,2024-11-25,7792
6134,萬旭,5,0,5,國票-北投,2024-11-25,7792
6919,康霈*,5,0,5,國票-北投,2024-11-25,7792
00919,群益台灣精選高息,4,0,4,國票-北投,2024-11-25,7792
1714,和桐,4,0,4,國票-北投,2024-11-25,7792
2486,一詮,4,0,4,國票-北投,2024-11-25,7792
2543,皇昌,5,1,4,國票-北投,2024-11-25,7792
4561,健椿,4,0,4,國票-北投,2024-11-25,7792
2330,台積電,3,0,3,國票-北投,2024-11-25,7792
2371,大同,8,5,3,國票-北投,2024-11-25,7792
3702,大聯大,3,0,3,國票-北投,2024-11-25,7792
00915,凱基優選高股息30,3,0,3,國票-北投,2024-11-25,7792
2845,遠東銀,151,0,151,國票-北投,2024-11-26,7792
3231,緯創,141,3,138,國票-北投,2024-11-26,7792
2324,仁寶,95,23,72,國票-北投,2024-11-26,7792
2338,光罩,36,0,36,國票-北投,2024-11-26,7792
2330,台積電,28,0,28,國票-北投,2024-11-26,7792
00907,永豐優息存股,24,0,24,國票-北投,2024-11-26,7792
2317,鴻海,21,3,18,國票-北投,2024-11-26,7792
2609,陽明,17,0,17,國票-北投,2024-11-26,7792
00878,國泰永續高股息,16,0,16,國票-北投,2024-11-26,7792
00753L,中信中國50正2,36,22,14,國票-北投,2024-11-26,7792
2887,台新金,16,2,14,國票-北投,2024-11-26,7792
8033,雷虎,12,0,12,國票-北投,2024-11-26,7792
00930,永豐ESG低碳高息,11,0,11,國票-北投,2024-11-26,7792
2640,大車隊,10,0,10,國票-北投,2024-11-26,7792
5465,富驊,10,0,10,國票-北投,2024-11-26,7792
6190,萬泰科,10,0,10,國票-北投,2024-11-26,7792
8222,寶一,10,0,10,國票-北投,2024-11-26,7792
2314,台揚,12,3,9,國票-北投,2024-11-26,7792
6143,振曜,9,0,9,國票-北投,2024-11-26,7792
1815,富喬,20,12,8,國票-北投,2024-11-26,7792
6213,聯茂,8,0,8,國票-北投,2024-11-26,7792
6770,力積電,10,2,8,國票-北投,2024-11-26,7792
8096,擎亞,8,0,8,國票-北投,2024-11-26,7792
3029,零壹,9,2,7,國票-北投,2024-11-26,7792
2474,可成,7,0,7,國票-北投,2024-11-26,7792
00713,元大台灣高息低波,7,0,7,國票-北投,2024-11-26,7792
9904,寶成,6,0,6,國票-北投,2024-11-26,7792
1319,東陽,9,3,6,國票-北投,2024-11-26,7792
1402,遠東新,5,0,5,國票-北投,2024-11-26,7792
1560,中砂,7,2,5,國票-北投,2024-11-26,7792
2349,錸德,9,4,5,國票-北投,2024-11-26,7792
2486,一詮,5,0,5,國票-北投,2024-11-26,7792
3545,敦泰,5,0,5,國票-北投,2024-11-26,7792
4906,正文,5,0,5,國票-北投,2024-11-26,7792
1785,光洋科,4,0,4,國票-北投,2024-11-26,7792
1802,台玻,9,5,4,國票-北投,2024-11-26,7792
2344,華邦電,4,0,4,國票-北投,2024-11-26,7792
2515,中工,4,0,4,國票-北投,2024-11-26,7792
3710,連展投控,4,0,4,國票-北投,2024-11-26,7792
8171,天宇,4,0,4,國票-北投,2024-11-26,7792
0050,元大台灣50,3,0,3,國票-北投,2024-11-26,7792
2421,建準,3,0,3,國票-北投,2024-11-26,7792
2801,彰銀,3,0,3,國票-北投,2024-11-26,7792
3017,奇鋐,4,1,3,國票-北投,2024-11-26,7792
3706,神達,58,55,3,國票-北投,2024-11-26,7792
3711,日月光投控,6,3,3,國票-北投,2024-11-26,7792
4746,台耀,3,0,3,國票-北投,2024-11-26,7792
5452,佶優,3,0,3,國票-北投,2024-11-26,7792
6282,康舒,3,0,3,國票-北投,2024-11-26,7792
6558,興能高,8,5,3,國票-北投,2024-11-26,7792
2399,映泰,154,10,144,國票-北投,2024-11-27,7792
00919,群益台灣精選高息,80,0,80,國票-北投,2024-11-27,7792
00940,元大台灣價值高息,79,0,79,國票-北投,2024-11-27,7792
3481,群創,63,0,63,國票-北投,2024-11-27,7792
00878,國泰永續高股息,59,0,59,國票-北投,2024-11-27,7792
00907,永豐優息存股,33,0,33,國票-北投,2024-11-27,7792
2317,鴻海,34,5,29,國票-北投,2024-11-27,7792
3231,緯創,29,0,29,國票-北投,2024-11-27,7792
1605,華新,26,4,22,國票-北投,2024-11-27,7792
2303,聯電,22,2,20,國票-北投,2024-11-27,7792
00929,復華台灣科技優息,16,0,16,國票-北投,2024-11-27,7792
2338,光罩,15,0,15,國票-北投,2024-11-27,7792
2392,正崴,18,4,14,國票-北投,2024-11-27,7792
4927,泰鼎-KY,14,0,14,國票-北投,2024-11-27,7792
2013,中鋼構,11,0,11,國票-北投,2024-11-27,7792
8044,網家,10,0,10,國票-北投,2024-11-27,7792
2006,東和鋼鐵,10,0,10,國票-北投,2024-11-27,7792
2374,佳能,10,0,10,國票-北投,2024-11-27,7792
4956,光鋐,10,0,10,國票-北投,2024-11-27,7792
5465,富驊,10,0,10,國票-北投,2024-11-27,7792
2419,仲琦,10,0,10,國票-北投,2024-11-27,7792
3006,晶豪科,9,0,9,國票-北投,2024-11-27,7792
3037,欣興,10,1,9,國票-北投,2024-11-27,7792
3323,加百裕,11,2,9,國票-北投,2024-11-27,7792
2615,萬海,88,80,8,國票-北投,2024-11-27,7792
00915,凱基優選高股息30,8,0,8,國票-北投,2024-11-27,7792
2409,友達,8,0,8,國票-北投,2024-11-27,7792
9914,美利達,8,0,8,國票-北投,2024-11-27,7792
2330,台積電,37,30,7,國票-北投,2024-11-27,7792
2881,富邦金,7,0,7,國票-北投,2024-11-27,7792
2354,鴻準,10,3,7,國票-北投,2024-11-27,7792
3312,弘憶股,7,0,7,國票-北投,2024-11-27,7792
4303,信立,7,0,7,國票-北投,2024-11-27,7792
6235,華孚,7,0,7,國票-北投,2024-11-27,7792
9962,有益,9,2,7,國票-北投,2024-11-27,7792
5871,中租-KY,6,0,6,國票-北投,2024-11-27,7792
00905,FT臺灣Smart,6,0,6,國票-北投,2024-11-27,7792
1584,精剛,6,0,6,國票-北投,2024-11-27,7792
2014,中鴻,6,0,6,國票-北投,2024-11-27,7792
2312,金寶,26,20,6,國票-北投,2024-11-27,7792
2605,新興,6,0,6,國票-北投,2024-11-27,7792
2609,陽明,16,10,6,國票-北投,2024-11-27,7792
0056,元大高股息,5,0,5,國票-北投,2024-11-27,7792
00935,野村臺灣新科技50,5,0,5,國票-北投,2024-11-27,7792
00949,復華日本龍頭,5,0,5,國票-北投,2024-11-27,7792
1447,力鵬,5,0,5,國票-北投,2024-11-27,7792
2420,新巨,5,0,5,國票-北投,2024-11-27,7792
3021,鴻名,5,0,5,國票-北投,2024-11-27,7792
3338,泰碩,5,0,5,國票-北投,2024-11-27,7792
3376,新日興,25,20,5,國票-北投,2024-11-27,7792
2426,鼎元,50,5,45,國票-北投,2024-11-28,7792
2356,英業達,42,4,38,國票-北投,2024-11-28,7792
3711,日月光投控,36,0,36,國票-北投,2024-11-28,7792
00878,國泰永續高股息,31,0,31,國票-北投,2024-11-28,7792
2338,光罩,30,1,29,國票-北投,2024-11-28,7792
00940,元大台灣價值高息,27,0,27,國票-北投,2024-11-28,7792
2312,金寶,30,3,27,國票-北投,2024-11-28,7792
00919,群益台灣精選高息,22,0,22,國票-北投,2024-11-28,7792
2303,聯電,27,5,22,國票-北投,2024-11-28,7792
1605,華新,21,1,20,國票-北投,2024-11-28,7792
2388,威盛,21,1,20,國票-北投,2024-11-28,7792
3189,景碩,19,1,18,國票-北投,2024-11-28,7792
6806,森崴能源,15,0,15,國票-北投,2024-11-28,7792
2834,臺企銀,13,0,13,國票-北投,2024-11-28,7792
2027,大成鋼,10,0,10,國票-北投,2024-11-28,7792
1504,東元,10,0,10,國票-北投,2024-11-28,7792
00857B,永豐20年美公債,10,0,10,國票-北投,2024-11-28,7792
00688L,國泰20年美債正2,10,0,10,國票-北投,2024-11-28,7792
1466,聚隆,10,0,10,國票-北投,2024-11-28,7792
2314,台揚,10,0,10,國票-北投,2024-11-28,7792
2371,大同,11,1,10,國票-北投,2024-11-28,7792
3019,亞光,10,0,10,國票-北投,2024-11-28,7792
4157,太景*-KY,10,0,10,國票-北投,2024-11-28,7792
2330,台積電,13,4,9,國票-北投,2024-11-28,7792
1608,華榮,20,11,9,國票-北投,2024-11-28,7792
2889,國票金,9,0,9,國票-北投,2024-11-28,7792
3481,群創,12,3,9,國票-北投,2024-11-28,7792
4908,前鼎,8,0,8,國票-北投,2024-11-28,7792
1513,中興電,7,0,7,國票-北投,2024-11-28,7792
1802,台玻,7,0,7,國票-北投,2024-11-28,7792
3037,欣興,7,1,6,國票-北投,2024-11-28,7792
00929,復華台灣科技優息,8,2,6,國票-北投,2024-11-28,7792
1301,台塑,6,0,6,國票-北投,2024-11-28,7792
00915,凱基優選高股息30,6,0,6,國票-北投,2024-11-28,7792
00637L,元大滬深300正2,9,3,6,國票-北投,2024-11-28,7792
2406,國碩,6,0,6,國票-北投,2024-11-28,7792
2887,台新金,6,0,6,國票-北投,2024-11-28,7792
0056,元大高股息,6,1,5,國票-北投,2024-11-28,7792
6223,旺矽,5,0,5,國票-北投,2024-11-28,7792
00684R,期元大美元指反1,5,0,5,國票-北投,2024-11-28,7792
1815,富喬,6,1,5,國票-北投,2024-11-28,7792
2897,王道銀行,5,0,5,國票-北投,2024-11-28,7792
4916,事欣科,5,0,5,國票-北投,2024-11-28,7792
5014,建錩,5,0,5,國票-北投,2024-11-28,7792
5244,弘凱,5,0,5,國票-北投,2024-11-28,7792
8240,華宏,5,0,5,國票-北投,2024-11-28,7792
8261,富鼎,5,0,5,國票-北投,2024-11-28,7792
6182,合晶,5,0,5,國票-北投,2024-11-28,7792
3231,緯創,6,2,4,國票-北投,2024-11-28,7792
6770,力積電,5,1,4,國票-北投,2024-11-28,7792
2353,宏��,52,2,50,國票-北投,2024-11-29,7792
5309,系統電,41,2,39,國票-北投,2024-11-29,7792
2312,金寶,38,2,36,國票-北投,2024-11-29,7792
8028,昇陽半導體,27,0,27,國票-北投,2024-11-29,7792
2882,國泰金,24,0,24,國票-北投,2024-11-29,7792
1301,台塑,22,0,22,國票-北投,2024-11-29,7792
2834,臺企銀,22,0,22,國票-北投,2024-11-29,7792
2881,富邦金,20,0,20,國票-北投,2024-11-29,7792
2317,鴻海,20,0,20,國票-北投,2024-11-29,7792
00946,群益科技高息成長,20,0,20,國票-北投,2024-11-29,7792
3062,建漢,20,0,20,國票-北投,2024-11-29,7792
2887,台新金,19,0,19,國票-北投,2024-11-29,7792
2002,中鋼,12,0,12,國票-北投,2024-11-29,7792
2615,萬海,81,70,11,國票-北投,2024-11-29,7792
00878,國泰永續高股息,10,0,10,國票-北投,2024-11-29,7792
2349,錸德,10,0,10,國票-北投,2024-11-29,7792
3419,譁裕,10,0,10,國票-北投,2024-11-29,7792
5880,合庫金,10,0,10,國票-北投,2024-11-29,7792
00929,復華台灣科技優息,9,0,9,國票-北投,2024-11-29,7792
3032,偉訓,15,6,9,國票-北投,2024-11-29,7792
5009,榮剛,10,1,9,國票-北投,2024-11-29,7792
3481,群創,11,3,8,國票-北投,2024-11-29,7792
6206,飛捷,7,0,7,國票-北投,2024-11-29,7792
00731,復華富時高息低波,6,0,6,國票-北投,2024-11-29,7792
00713,元大台灣高息低波,5,0,5,國票-北投,2024-11-29,7792
00919,群益台灣精選高息,5,0,5,國票-北投,2024-11-29,7792
2504,國產,5,0,5,國票-北投,2024-11-29,7792
3043,科風,5,0,5,國票-北投,2024-11-29,7792
2883,凱基金,5,0,5,國票-北投,2024-11-29,7792
1802,台玻,10,6,4,國票-北投,2024-11-29,7792
2392,正崴,5,1,4,國票-北投,2024-11-29,7792
3003,健和興,4,0,4,國票-北投,2024-11-29,7792
3715,定穎投控,4,0,4,國票-北投,2024-11-29,7792
5347,世界,5,2,3,國票-北投,2024-11-29,7792
2308,台達電,5,2,3,國票-北投,2024-11-29,7792
2406,國碩,3,0,3,國票-北投,2024-11-29,7792
2637,慧洋-KY,3,0,3,國票-北投,2024-11-29,7792
2888,新光金,3,0,3,國票-北投,2024-11-29,7792
3037,欣興,5,2,3,國票-北投,2024-11-29,7792
3551,世禾,3,0,3,國票-北投,2024-11-29,7792
5426,振發,3,0,3,國票-北投,2024-11-29,7792
911622,泰聚亨-DR,3,0,3,國票-北投,2024-11-29,7792
0056,元大高股息,2,0,2,國票-北投,2024-11-29,7792
00753L,中信中國50正2,25,23,2,國票-北投,2024-11-29,7792
1402,遠東新,2,0,2,國票-北投,2024-11-29,7792
2233,宇隆,2,0,2,國票-北投,2024-11-29,7792
3231,緯創,2,0,2,國票-北投,2024-11-29,7792
3588,通嘉,2,0,2,國票-北投,2024-11-29,7792
3625,西勝,2,0,2,國票-北投,2024-11-29,7792
4991,環宇-KY,2,0,2,國票-北投,2024-11-29,7792
00632R,元大台灣50反1,65,5,60,國票-北投,2024-12-02,7792
2356,英業達,51,1,50,國票-北投,2024-12-02,7792
00918,大華優利高填息30,44,2,42,國票-北投,2024-12-02,7792
2337,旺宏,25,0,25,國票-北投,2024-12-02,7792
00676R,富邦臺灣加權反1,20,0,20,國票-北投,2024-12-02,7792
2444,兆勁,20,0,20,國票-北投,2024-12-02,7792
1301,台塑,21,2,19,國票-北投,2024-12-02,7792
00878,國泰永續高股息,13,1,12,國票-北投,2024-12-02,7792
1536,和大,20,9,11,國票-北投,2024-12-02,7792
1101,台泥,10,0,10,國票-北投,2024-12-02,7792
00688L,國泰20年美債正2,10,0,10,國票-北投,2024-12-02,7792
2392,正崴,11,1,10,國票-北投,2024-12-02,7792
6127,九豪,10,0,10,國票-北投,2024-12-02,7792
2344,華邦電,9,0,9,國票-北投,2024-12-02,7792
2812,台中銀,9,0,9,國票-北投,2024-12-02,7792
5465,富驊,9,0,9,國票-北投,2024-12-02,7792
2363,矽統,8,0,8,國票-北投,2024-12-02,7792
00637L,元大滬深300正2,16,8,8,國票-北投,2024-12-02,7792
2354,鴻準,8,1,7,國票-北投,2024-12-02,7792
2615,萬海,22,15,7,國票-北投,2024-12-02,7792
4766,南寶,8,1,7,國票-北投,2024-12-02,7792
2606,裕民,6,0,6,國票-北投,2024-12-02,7792
1303,南亞,6,0,6,國票-北投,2024-12-02,7792
2101,南港,8,2,6,國票-北投,2024-12-02,7792
2449,京元電子,6,0,6,國票-北投,2024-12-02,7792
2630,亞航,7,1,6,國票-北投,2024-12-02,7792
5244,弘凱,6,0,6,國票-北投,2024-12-02,7792
5371,中光電,12,6,6,國票-北投,2024-12-02,7792
6215,和椿,6,0,6,國票-北投,2024-12-02,7792
4123,晟德,5,0,5,國票-北投,2024-12-02,7792
00650L,復華香港正2,5,0,5,國票-北投,2024-12-02,7792
00885,富邦越南,5,0,5,國票-北投,2024-12-02,7792
2409,友達,5,0,5,國票-北投,2024-12-02,7792
2419,仲琦,5,0,5,國票-北投,2024-12-02,7792
4526,東台,5,0,5,國票-北投,2024-12-02,7792
4916,事欣科,5,0,5,國票-北投,2024-12-02,7792
6715,嘉基,5,0,5,國票-北投,2024-12-02,7792
8147,正淩,5,0,5,國票-北投,2024-12-02,7792
9908,大台北,5,0,5,國票-北投,2024-12-02,7792
2542,興富發,5,0,5,國票-北投,2024-12-02,7792
8936,國統,4,0,4,國票-北投,2024-12-02,7792
1522,堤維西,4,0,4,國票-北投,2024-12-02,7792
3211,順達,17,13,4,國票-北投,2024-12-02,7792
8028,昇陽半導體,15,12,3,國票-北投,2024-12-02,7792
00753L,中信中國50正2,8,5,3,國票-北投,2024-12-02,7792
1319,東陽,3,0,3,國票-北投,2024-12-02,7792
1528,恩德,3,0,3,國票-北投,2024-12-02,7792
2002,中鋼,3,0,3,國票-北投,2024-12-02,7792
3003,健和興,3,0,3,國票-北投,2024-12-02,7792
3013,晟銘電,4,1,3,國票-北投,2024-12-02,7792
00632R,元大台灣50反1,105,5,100,國票-北投,2024-12-03,7792
6924,榮惠-KY創,99,0,99,國票-北投,2024-12-03,7792
2603,長榮,100,2,98,國票-北投,2024-12-03,7792
00919,群益台灣精選高息,70,0,70,國票-北投,2024-12-03,7792
1815,富喬,42,3,39,國票-北投,2024-12-03,7792
3706,神達,258,229,29,國票-北投,2024-12-03,7792
2630,亞航,23,0,23,國票-北投,2024-12-03,7792
1301,台塑,22,0,22,國票-北投,2024-12-03,7792
1605,華新,21,0,21,國票-北投,2024-12-03,7792
3037,欣興,22,2,20,國票-北投,2024-12-03,7792
6173,信昌電,16,0,16,國票-北投,2024-12-03,7792
2312,金寶,21,6,15,國票-北投,2024-12-03,7792
2302,麗正,13,0,13,國票-北投,2024-12-03,7792
3005,神基,11,0,11,國票-北投,2024-12-03,7792
00915,凱基優選高股息30,10,0,10,國票-北投,2024-12-03,7792
2855,統一證,10,0,10,國票-北投,2024-12-03,7792
2504,國產,10,0,10,國票-北投,2024-12-03,7792
2347,聯強,30,20,10,國票-北投,2024-12-03,7792
1471,首利,10,0,10,國票-北投,2024-12-03,7792
2444,兆勁,10,0,10,國票-北投,2024-12-03,7792
3714,富采,10,1,9,國票-北投,2024-12-03,7792
2486,一詮,7,0,7,國票-北投,2024-12-03,7792
4303,信立,7,0,7,國票-北投,2024-12-03,7792
3324,雙鴻,7,0,7,國票-北投,2024-12-03,7792
0056,元大高股息,6,0,6,國票-北投,2024-12-03,7792
00885,富邦越南,5,0,5,國票-北投,2024-12-03,7792
2337,旺宏,5,0,5,國票-北投,2024-12-03,7792
2409,友達,5,0,5,國票-北投,2024-12-03,7792
2449,京元電子,5,0,5,國票-北投,2024-12-03,7792
3419,譁裕,5,0,5,國票-北投,2024-12-03,7792
5309,系統電,5,0,5,國票-北投,2024-12-03,7792
5328,華容,5,0,5,國票-北投,2024-12-03,7792
5353,台林,5,0,5,國票-北投,2024-12-03,7792
6510,精測,5,0,5,國票-北投,2024-12-03,7792
8028,昇陽半導體,6,1,5,國票-北投,2024-12-03,7792
8215,明基材,5,0,5,國票-北投,2024-12-03,7792
3045,台灣大,4,0,4,國票-北投,2024-12-03,7792
6213,聯茂,4,0,4,國票-北投,2024-12-03,7792
6227,茂綸,4,0,4,國票-北投,2024-12-03,7792
4938,和碩,3,0,3,國票-北投,2024-12-03,7792
00918,大華優利高填息30,5,2,3,國票-北投,2024-12-03,7792
4904,遠傳,3,0,3,國票-北投,2024-12-03,7792
00959B,大華投等美債15Y+,3,0,3,國票-北投,2024-12-03,7792
2314,台揚,5,2,3,國票-北投,2024-12-03,7792
2357,華碩,4,1,3,國票-北投,2024-12-03,7792
2402,毅嘉,3,0,3,國票-北投,2024-12-03,7792
2542,興富發,3,0,3,國票-北投,2024-12-03,7792
3013,晟銘電,4,1,3,國票-北投,2024-12-03,7792
3289,宜特,3,0,3,國票-北投,2024-12-03,7792
4714,永捷,3,0,3,國票-北投,2024-12-03,7792
2312,金寶,143,52,91,國票-北投,2024-12-04,7792
3037,欣興,85,1,84,國票-北投,2024-12-04,7792
6924,榮惠-KY創,24,0,24,國票-北投,2024-12-04,7792
00946,群益科技高息成長,42,20,22,國票-北投,2024-12-04,7792
2640,大車隊,20,0,20,國票-北投,2024-12-04,7792
00753L,中信中國50正2,22,5,17,國票-北投,2024-12-04,7792
2504,國產,15,0,15,國票-北投,2024-12-04,7792
5371,中光電,14,2,12,國票-北投,2024-12-04,7792
2303,聯電,10,0,10,國票-北投,2024-12-04,7792
2419,仲琦,10,0,10,國票-北投,2024-12-04,7792
00915,凱基優選高股息30,10,0,10,國票-北投,2024-12-04,7792
2352,佳世達,10,0,10,國票-北投,2024-12-04,7792
2486,一詮,15,5,10,國票-北投,2024-12-04,7792
2888,新光金,11,2,9,國票-北投,2024-12-04,7792
5309,系統電,21,14,7,國票-北投,2024-12-04,7792
2408,南亞科,6,0,6,國票-北投,2024-12-04,7792
4303,信立,8,2,6,國票-北投,2024-12-04,7792
4977,眾達-KY,15,9,6,國票-北投,2024-12-04,7792
2347,聯強,5,0,5,國票-北投,2024-12-04,7792
6231,系微,5,0,5,國票-北投,2024-12-04,7792
1802,台玻,5,0,5,國票-北投,2024-12-04,7792
2409,友達,5,0,5,國票-北投,2024-12-04,7792
2646,星宇航空,6,1,5,國票-北投,2024-12-04,7792
3138,耀登,5,0,5,國票-北投,2024-12-04,7792
3406,玉晶光,5,0,5,國票-北投,2024-12-04,7792
3518,柏騰,5,0,5,國票-北投,2024-12-04,7792
5469,瀚宇博,5,0,5,國票-北投,2024-12-04,7792
8111,立��,6,1,5,國票-北投,2024-12-04,7792
00885,富邦越南,4,0,4,國票-北投,2024-12-04,7792
1522,堤維西,5,1,4,國票-北投,2024-12-04,7792
4908,前鼎,6,2,4,國票-北投,2024-12-04,7792
6285,啟��,3,0,3,國票-北投,2024-12-04,7792
00878,國泰永續高股息,9,6,3,國票-北投,2024-12-04,7792
1605,華新,4,1,3,國票-北投,2024-12-04,7792
3260,威剛,3,0,3,國票-北投,2024-12-04,7792
3597,映興,3,0,3,國票-北投,2024-12-04,7792
4162,智擎,3,0,3,國票-北投,2024-12-04,7792
2354,鴻準,7,4,3,國票-北投,2024-12-04,7792
00918,大華優利高填息30,3,1,2,國票-北投,2024-12-04,7792
1476,儒鴻,2,0,2,國票-北投,2024-12-04,7792
2327,國巨,2,0,2,國票-北投,2024-12-04,7792
2387,精元,2,0,2,國票-北投,2024-12-04,7792
2402,毅嘉,2,0,2,國票-北投,2024-12-04,7792
2883,凱基金,2,0,2,國票-北投,2024-12-04,7792
2892,第一金,2,0,2,國票-北投,2024-12-04,7792
3015,全漢,5,3,2,國票-北投,2024-12-04,7792
3030,德律,2,0,2,國票-北投,2024-12-04,7792
3032,偉訓,2,0,2,國票-北投,2024-12-04,7792
3042,晶技,2,0,2,國票-北投,2024-12-04,7792
3206,志豐,2,0,2,國票-北投,2024-12-04,7792
3037,欣興,222,1,221,國票-北投,2024-12-05,7792
00918,大華優利高填息30,35,0,35,國票-北投,2024-12-05,7792
2486,一詮,38,4,34,國票-北投,2024-12-05,7792
00919,群益台灣精選高息,48,20,28,國票-北投,2024-12-05,7792
1702,南僑,22,0,22,國票-北投,2024-12-05,7792
1605,華新,21,0,21,國票-北投,2024-12-05,7792
00753L,中信中國50正2,20,0,20,國票-北投,2024-12-05,7792
6806,森崴能源,15,0,15,國票-北投,2024-12-05,7792
3622,洋華,14,0,14,國票-北投,2024-12-05,7792
00665L,富邦�琤肭磪囓�2,13,0,13,國票-北投,2024-12-05,7792
2303,聯電,12,0,12,國票-北投,2024-12-05,7792
2317,鴻海,13,1,12,國票-北投,2024-12-05,7792
2027,大成鋼,11,0,11,國票-北投,2024-12-05,7792
2375,凱美,13,2,11,國票-北投,2024-12-05,7792
2615,萬海,10,0,10,國票-北投,2024-12-05,7792
00715L,期街口布蘭特正2,10,0,10,國票-北投,2024-12-05,7792
2405,輔信,10,0,10,國票-北投,2024-12-05,7792
2890,永豐金,10,0,10,國票-北投,2024-12-05,7792
3607,谷崧,10,0,10,國票-北投,2024-12-05,7792
3711,日月光投控,13,3,10,國票-北投,2024-12-05,7792
4128,中天,10,0,10,國票-北投,2024-12-05,7792
5871,中租-KY,10,0,10,國票-北投,2024-12-05,7792
2347,聯強,10,0,10,國票-北投,2024-12-05,7792
1301,台塑,10,1,9,國票-北投,2024-12-05,7792
2344,華邦電,11,2,9,國票-北投,2024-12-05,7792
3005,神基,10,1,9,國票-北投,2024-12-05,7792
5328,華容,19,10,9,國票-北投,2024-12-05,7792
7722,LINEPAY,8,0,8,國票-北投,2024-12-05,7792
00637L,元大滬深300正2,14,6,8,國票-北投,2024-12-05,7792
3374,精材,8,0,8,國票-北投,2024-12-05,7792
3450,聯鈞,30,22,8,國票-北投,2024-12-05,7792
6924,榮惠-KY創,8,0,8,國票-北投,2024-12-05,7792
00915,凱基優選高股息30,7,0,7,國票-北投,2024-12-05,7792
3481,群創,18,11,7,國票-北投,2024-12-05,7792
3090,日電貿,11,5,6,國票-北投,2024-12-05,7792
3211,順達,9,3,6,國票-北投,2024-12-05,7792
1802,台玻,6,0,6,國票-北投,2024-12-05,7792
3003,健和興,6,0,6,國票-北投,2024-12-05,7792
3217,優群,6,0,6,國票-北投,2024-12-05,7792
4909,新復興,6,0,6,國票-北投,2024-12-05,7792
6669,緯穎,6,0,6,國票-北投,2024-12-05,7792
00878,國泰永續高股息,5,0,5,國票-北投,2024-12-05,7792
2892,第一金,5,0,5,國票-北投,2024-12-05,7792
00947,台新臺灣IC設計,5,0,5,國票-北投,2024-12-05,7792
1449,佳和,5,0,5,國票-北投,2024-12-05,7792
1471,首利,5,0,5,國票-北投,2024-12-05,7792
1721,三晃,8,3,5,國票-北投,2024-12-05,7792
2421,建準,5,0,5,國票-北投,2024-12-05,7792
3406,玉晶光,5,0,5,國票-北投,2024-12-05,7792
3501,維熹,5,0,5,國票-北投,2024-12-05,7792
3231,緯創,135,13,122,國票-北投,2024-12-06,7792
2312,金寶,66,5,61,國票-北投,2024-12-06,7792
9105,泰金寶-DR,35,0,35,國票-北投,2024-12-06,7792
4726,永昕,26,0,26,國票-北投,2024-12-06,7792
2338,光罩,25,0,25,國票-北投,2024-12-06,7792
3032,偉訓,26,7,19,國票-北投,2024-12-06,7792
00878,國泰永續高股息,19,0,19,國票-北投,2024-12-06,7792
1815,富喬,30,13,17,國票-北投,2024-12-06,7792
3591,艾笛森,18,1,17,國票-北投,2024-12-06,7792
00919,群益台灣精選高息,32,17,15,國票-北投,2024-12-06,7792
2883,凱基金,15,0,15,國票-北投,2024-12-06,7792
6140,訊達,15,0,15,國票-北投,2024-12-06,7792
8028,昇陽半導體,21,6,15,國票-北投,2024-12-06,7792
5309,系統電,20,6,14,國票-北投,2024-12-06,7792
2002,中鋼,11,0,11,國票-北投,2024-12-06,7792
2493,揚博,11,0,11,國票-北投,2024-12-06,7792
2834,臺企銀,11,0,11,國票-北投,2024-12-06,7792
3376,新日興,11,0,11,國票-北投,2024-12-06,7792
00688L,國泰20年美債正2,10,0,10,國票-北投,2024-12-06,7792
8404,百和興業-KY,10,0,10,國票-北投,2024-12-06,7792
2317,鴻海,9,0,9,國票-北投,2024-12-06,7792
00715L,期街口布蘭特正2,9,0,9,國票-北投,2024-12-06,7792
3702,大聯大,9,0,9,國票-北投,2024-12-06,7792
2618,長榮航,9,1,8,國票-北投,2024-12-06,7792
9904,寶成,7,0,7,國票-北投,2024-12-06,7792
6188,廣明,7,0,7,國票-北投,2024-12-06,7792
6962,ITH-KY,7,0,7,國票-北投,2024-12-06,7792
1102,亞泥,6,0,6,國票-北投,2024-12-06,7792
2302,麗正,6,0,6,國票-北投,2024-12-06,7792
4919,新唐,11,5,6,國票-北投,2024-12-06,7792
4927,泰鼎-KY,8,2,6,國票-北投,2024-12-06,7792
2610,華航,6,1,5,國票-北投,2024-12-06,7792
4743,合一,7,2,5,國票-北投,2024-12-06,7792
1104,環泥,5,0,5,國票-北投,2024-12-06,7792
2472,立隆電,5,0,5,國票-北投,2024-12-06,7792
3052,夆典,5,0,5,國票-北投,2024-12-06,7792
3149,正達,5,0,5,國票-北投,2024-12-06,7792
3625,西勝,6,1,5,國票-北投,2024-12-06,7792
3710,連展投控,5,0,5,國票-北投,2024-12-06,7792
4303,信立,5,0,5,國票-北投,2024-12-06,7792
5426,振發,5,0,5,國票-北投,2024-12-06,7792
2454,聯發科,6,1,5,國票-北投,2024-12-06,7792
8163,達方,4,0,4,國票-北投,2024-12-06,7792
1595,川寶,4,0,4,國票-北投,2024-12-06,7792
3037,欣興,7,3,4,國票-北投,2024-12-06,7792
3050,鈺德,4,0,4,國票-北投,2024-12-06,7792
3062,建漢,4,0,4,國票-北投,2024-12-06,7792
8042,金山電,4,0,4,國票-北投,2024-12-06,7792
1304,台聚,4,1,3,國票-北投,2024-12-06,7792
1301,台塑,3,0,3,國票-北投,2024-12-06,7792
2002,中鋼,117,0,117,國票-北投,2024-12-09,7792
00968B,元大優息投等債,100,15,85,國票-北投,2024-12-09,7792
2014,中鴻,50,0,50,國票-北投,2024-12-09,7792
6116,彩晶,50,0,50,國票-北投,2024-12-09,7792
2324,仁寶,58,15,43,國票-北投,2024-12-09,7792
00885,富邦越南,30,0,30,國票-北投,2024-12-09,7792
3032,偉訓,28,1,27,國票-北投,2024-12-09,7792
2312,金寶,66,43,23,國票-北投,2024-12-09,7792
00900,富邦特選高股息30,20,0,20,國票-北投,2024-12-09,7792
1815,富喬,28,9,19,國票-北投,2024-12-09,7792
3715,定穎投控,16,2,14,國票-北投,2024-12-09,7792
2375,凱美,15,2,13,國票-北投,2024-12-09,7792
3706,神達,45,32,13,國票-北投,2024-12-09,7792
6140,訊達,12,0,12,國票-北投,2024-12-09,7792
3062,建漢,11,0,11,國票-北投,2024-12-09,7792
00919,群益台灣精選高息,10,0,10,國票-北投,2024-12-09,7792
0056,元大高股息,11,1,10,國票-北投,2024-12-09,7792
00929,復華台灣科技優息,10,0,10,國票-北投,2024-12-09,7792
00969B,元大零息超長美債,10,0,10,國票-北投,2024-12-09,7792
1532,勤美,11,1,10,國票-北投,2024-12-09,7792
3673,TPK-KY,10,0,10,國票-北投,2024-12-09,7792
3581,博磊,10,1,9,國票-北投,2024-12-09,7792
3481,群創,8,0,8,國票-北投,2024-12-09,7792
6603,富強鑫,8,0,8,國票-北投,2024-12-09,7792
2360,致茂,7,0,7,國票-北投,2024-12-09,7792
2317,鴻海,11,4,7,國票-北投,2024-12-09,7792
00753L,中信中國50正2,10,3,7,國票-北投,2024-12-09,7792
1605,華新,29,22,7,國票-北投,2024-12-09,7792
6139,亞翔,7,0,7,國票-北投,2024-12-09,7792
2891,中信金,7,1,6,國票-北投,2024-12-09,7792
2204,中華,6,0,6,國票-北投,2024-12-09,7792
2406,國碩,6,0,6,國票-北投,2024-12-09,7792
2886,兆豐金,6,0,6,國票-北投,2024-12-09,7792
5484,慧友,6,0,6,國票-北投,2024-12-09,7792
2303,聯電,8,3,5,國票-北投,2024-12-09,7792
00646,元大S＆P500,5,0,5,國票-北投,2024-12-09,7792
3211,順達,15,10,5,國票-北投,2024-12-09,7792
00926,凱基全球菁英55,5,0,5,國票-北投,2024-12-09,7792
00909,國泰數位支付服務,5,0,5,國票-北投,2024-12-09,7792
9904,寶成,10,5,5,國票-北投,2024-12-09,7792
2363,矽統,7,2,5,國票-北投,2024-12-09,7792
2641,正德,13,8,5,國票-北投,2024-12-09,7792
8112,至上,5,0,5,國票-北投,2024-12-09,7792
1301,台塑,6,2,4,國票-北投,2024-12-09,7792
2338,光罩,4,0,4,國票-北投,2024-12-09,7792
3265,台星科,6,2,4,國票-北投,2024-12-09,7792
4128,中天,4,0,4,國票-北投,2024-12-09,7792
4931,新盛力,4,0,4,國票-北投,2024-12-09,7792
4979,華星光,28,24,4,國票-北投,2024-12-09,7792
6913,鴻呈,4,0,4,國票-北投,2024-12-09,7792
1101,台泥,201,0,201,國票-北投,2024-12-10,7792
00900,富邦特選高股息30,101,0,101,國票-北投,2024-12-10,7792
2313,華通,103,2,101,國票-北投,2024-12-10,7792
00907,永豐優息存股,100,0,100,國票-北投,2024-12-10,7792
00930,永豐ESG低碳高息,100,0,100,國票-北投,2024-12-10,7792
2312,金寶,88,2,86,國票-北投,2024-12-10,7792
00887,永豐中國科技50大,60,0,60,國票-北投,2024-12-10,7792
2330,台積電,36,0,36,國票-北投,2024-12-10,7792
2317,鴻海,35,3,32,國票-北投,2024-12-10,7792
00680L,元大美債20正2,30,0,30,國票-北投,2024-12-10,7792
1532,勤美,30,0,30,國票-北投,2024-12-10,7792
2618,長榮航,28,2,26,國票-北投,2024-12-10,7792
2610,華航,28,3,25,國票-北投,2024-12-10,7792
00967B,元大優息美債,20,0,20,國票-北投,2024-12-10,7792
00933B,國泰10Y+金融債,20,0,20,國票-北投,2024-12-10,7792
3305,昇貿,18,1,17,國票-北投,2024-12-10,7792
2382,廣達,16,1,15,國票-北投,2024-12-10,7792
4303,信立,11,0,11,國票-北投,2024-12-10,7792
00918,大華優利高填息30,10,0,10,國票-北投,2024-12-10,7792
2547,日勝生,10,0,10,國票-北投,2024-12-10,7792
2883,凱基金,10,0,10,國票-北投,2024-12-10,7792
3024,憶聲,10,0,10,國票-北投,2024-12-10,7792
4909,新復興,11,1,10,國票-北投,2024-12-10,7792
2354,鴻準,11,2,9,國票-北投,2024-12-10,7792
3323,加百裕,9,1,8,國票-北投,2024-12-10,7792
00752,中信中國50,7,0,7,國票-北投,2024-12-10,7792
1449,佳和,12,5,7,國票-北投,2024-12-10,7792
3706,神達,30,23,7,國票-北投,2024-12-10,7792
8111,立��,7,0,7,國票-北投,2024-12-10,7792
00919,群益台灣精選高息,6,0,6,國票-北投,2024-12-10,7792
00878,國泰永續高股息,6,0,6,國票-北投,2024-12-10,7792
6005,群益證,6,0,6,國票-北投,2024-12-10,7792
2609,陽明,13,7,6,國票-北投,2024-12-10,7792
00968B,元大優息投等債,10,5,5,國票-北投,2024-12-10,7792
3673,TPK-KY,5,0,5,國票-北投,2024-12-10,7792
5426,振發,8,3,5,國票-北投,2024-12-10,7792
5443,均豪,5,0,5,國票-北投,2024-12-10,7792
5876,上海商銀,5,0,5,國票-北投,2024-12-10,7792
6924,榮惠-KY創,5,0,5,國票-北投,2024-12-10,7792
0056,元大高股息,4,0,4,國票-北投,2024-12-10,7792
1584,精剛,4,0,4,國票-北投,2024-12-10,7792
2368,金像電,5,1,4,國票-北投,2024-12-10,7792
2390,云辰,4,0,4,國票-北投,2024-12-10,7792
2402,毅嘉,4,0,4,國票-北投,2024-12-10,7792
3031,佰鴻,4,0,4,國票-北投,2024-12-10,7792
3211,順達,18,14,4,國票-北投,2024-12-10,7792
3231,緯創,5,1,4,國票-北投,2024-12-10,7792
3714,富采,4,0,4,國票-北投,2024-12-10,7792
3017,奇鋐,3,0,3,國票-北投,2024-12-10,7792
5386,青雲,3,0,3,國票-北投,2024-12-10,7792
1605,華新,52,3,49,國票-北投,2024-12-11,7792
3706,神達,85,41,44,國票-北投,2024-12-11,7792
1714,和桐,30,0,30,國票-北投,2024-12-11,7792
2330,台積電,23,0,23,國票-北投,2024-12-11,7792
8045,達運光電,21,1,20,國票-北投,2024-12-11,7792
2317,鴻海,20,2,18,國票-北投,2024-12-11,7792
00919,群益台灣精選高息,16,0,16,國票-北投,2024-12-11,7792
8936,國統,17,1,16,國票-北投,2024-12-11,7792
2845,遠東銀,15,0,15,國票-北投,2024-12-11,7792
00878,國泰永續高股息,15,0,15,國票-北投,2024-12-11,7792
1301,台塑,13,0,13,國票-北投,2024-12-11,7792
00918,大華優利高填息30,12,0,12,國票-北投,2024-12-11,7792
2618,長榮航,12,0,12,國票-北投,2024-12-11,7792
2314,台揚,12,0,12,國票-北投,2024-12-11,7792
2303,聯電,11,0,11,國票-北投,2024-12-11,7792
3024,憶聲,11,0,11,國票-北投,2024-12-11,7792
3607,谷崧,12,1,11,國票-北投,2024-12-11,7792
9904,寶成,10,0,10,國票-北投,2024-12-11,7792
00900,富邦特選高股息30,10,0,10,國票-北投,2024-12-11,7792
2401,凌陽,10,0,10,國票-北投,2024-12-11,7792
2371,大同,10,0,10,國票-北投,2024-12-11,7792
2404,漢唐,9,0,9,國票-北投,2024-12-11,7792
6139,亞翔,8,0,8,國票-北投,2024-12-11,7792
0050,元大台灣50,8,0,8,國票-北投,2024-12-11,7792
2337,旺宏,10,2,8,國票-北投,2024-12-11,7792
2344,華邦電,8,0,8,國票-北投,2024-12-11,7792
0056,元大高股息,8,0,8,國票-北投,2024-12-11,7792
00940,元大台灣價值高息,7,0,7,國票-北投,2024-12-11,7792
2002,中鋼,6,0,6,國票-北投,2024-12-11,7792
3481,群創,6,0,6,國票-北投,2024-12-11,7792
6187,萬潤,7,1,6,國票-北投,2024-12-11,7792
00941,中信上游半導體,5,0,5,國票-北投,2024-12-11,7792
1815,富喬,17,12,5,國票-北投,2024-12-11,7792
2892,第一金,5,0,5,國票-北投,2024-12-11,7792
3673,TPK-KY,5,0,5,國票-北投,2024-12-11,7792
6116,彩晶,5,0,5,國票-北投,2024-12-11,7792
6163,華電網,15,10,5,國票-北投,2024-12-11,7792
6715,嘉基,5,0,5,國票-北投,2024-12-11,7792
8110,華東,5,0,5,國票-北投,2024-12-11,7792
9105,泰金寶-DR,5,0,5,國票-北投,2024-12-11,7792
2609,陽明,6,1,5,國票-北投,2024-12-11,7792
2382,廣達,4,0,4,國票-北投,2024-12-11,7792
8163,達方,4,0,4,國票-北投,2024-12-11,7792
1319,東陽,4,0,4,國票-北投,2024-12-11,7792
1434,福懋,4,0,4,國票-北投,2024-12-11,7792
2408,南亞科,6,2,4,國票-北投,2024-12-11,7792
4931,新盛力,4,0,4,國票-北投,2024-12-11,7792
6743,安普新,4,0,4,國票-北投,2024-12-11,7792
3712,永崴投控,7,3,4,國票-北投,2024-12-11,7792
00635U,期元大S＆P黃金,3,0,3,國票-北投,2024-12-11,7792
1301,台塑,37,5,32,國票-北投,2024-12-12,7792
00687B,國泰20年美債,30,0,30,國票-北投,2024-12-12,7792
00680L,元大美債20正2,30,0,30,國票-北投,2024-12-12,7792
00671R,富邦NASDAQ反1,21,0,21,國票-北投,2024-12-12,7792
00725B,國泰投資級公司債,20,0,20,國票-北投,2024-12-12,7792
00665L,富邦�琤肭磪囓�2,20,0,20,國票-北投,2024-12-12,7792
2324,仁寶,20,0,20,國票-北投,2024-12-12,7792
5309,系統電,20,0,20,國票-北投,2024-12-12,7792
9103,美德醫療-DR,20,0,20,國票-北投,2024-12-12,7792
5328,華容,18,0,18,國票-北投,2024-12-12,7792
00632R,元大台灣50反1,23,6,17,國票-北投,2024-12-12,7792
2332,友訊,19,2,17,國票-北投,2024-12-12,7792
3029,零壹,19,4,15,國票-北投,2024-12-12,7792
2302,麗正,17,2,15,國票-北投,2024-12-12,7792
1802,台玻,11,0,11,國票-北投,2024-12-12,7792
2402,毅嘉,11,0,11,國票-北投,2024-12-12,7792
00969B,元大零息超長美債,10,0,10,國票-北投,2024-12-12,7792
2890,永豐金,10,0,10,國票-北投,2024-12-12,7792
3032,偉訓,11,1,10,國票-北投,2024-12-12,7792
8070,長華*,10,0,10,國票-北投,2024-12-12,7792
8429,金麗-KY,10,0,10,國票-北投,2024-12-12,7792
3211,順達,15,6,9,國票-北投,2024-12-12,7792
00918,大華優利高填息30,9,0,9,國票-北投,2024-12-12,7792
8045,達運光電,8,0,8,國票-北投,2024-12-12,7792
2354,鴻準,15,8,7,國票-北投,2024-12-12,7792
3481,群創,11,4,7,國票-北投,2024-12-12,7792
2328,廣宇,7,1,6,國票-北投,2024-12-12,7792
00919,群益台灣精選高息,6,0,6,國票-北投,2024-12-12,7792
3289,宜特,6,0,6,國票-北投,2024-12-12,7792
3305,昇貿,6,0,6,國票-北投,2024-12-12,7792
3504,揚明光,6,0,6,國票-北投,2024-12-12,7792
8096,擎亞,6,0,6,國票-北投,2024-12-12,7792
5469,瀚宇博,5,0,5,國票-北投,2024-12-12,7792
2317,鴻海,5,0,5,國票-北投,2024-12-12,7792
2409,友達,13,8,5,國票-北投,2024-12-12,7792
2002,中鋼,5,0,5,國票-北投,2024-12-12,7792
00960,野村全球航運龍頭,5,0,5,國票-北投,2024-12-12,7792
00664R,國泰臺灣加權反1,5,0,5,國票-北投,2024-12-12,7792
00795B,中信美國公債20年,5,0,5,國票-北投,2024-12-12,7792
00753L,中信中國50正2,14,9,5,國票-北投,2024-12-12,7792
00933B,國泰10Y+金融債,5,0,5,國票-北投,2024-12-12,7792
00937B,群益ESG投等債20,5,0,5,國票-北投,2024-12-12,7792
1531,高林股,5,0,5,國票-北投,2024-12-12,7792
1785,光洋科,6,1,5,國票-北投,2024-12-12,7792
2344,華邦電,5,0,5,國票-北投,2024-12-12,7792
2353,宏��,10,5,5,國票-北投,2024-12-12,7792
2880,華南金,5,0,5,國票-北投,2024-12-12,7792
3090,日電貿,5,0,5,國票-北投,2024-12-12,7792
3607,谷崧,5,0,5,國票-北投,2024-12-12,7792
4720,德淵,5,0,5,國票-北投,2024-12-12,7792
00937B,群益ESG投等債20,61,0,61,國票-北投,2024-12-13,7792
00687B,國泰20年美債,50,0,50,國票-北投,2024-12-13,7792
2883,凱基金,50,0,50,國票-北投,2024-12-13,7792
2353,宏��,44,0,44,國票-北投,2024-12-13,7792
1537,廣隆,33,0,33,國票-北投,2024-12-13,7792
2618,長榮航,29,0,29,國票-北投,2024-12-13,7792
00940,元大台灣價值高息,26,0,26,國票-北投,2024-12-13,7792
2002,中鋼,31,7,24,國票-北投,2024-12-13,7792
2354,鴻準,24,2,22,國票-北投,2024-12-13,7792
00680L,元大美債20正2,21,0,21,國票-北投,2024-12-13,7792
1605,華新,21,1,20,國票-北投,2024-12-13,7792
00919,群益台灣精選高息,20,0,20,國票-北投,2024-12-13,7792
00725B,國泰投資級公司債,20,0,20,國票-北投,2024-12-13,7792
2408,南亞科,19,0,19,國票-北投,2024-12-13,7792
3305,昇貿,17,0,17,國票-北投,2024-12-13,7792
2610,華航,13,0,13,國票-北投,2024-12-13,7792
1301,台塑,13,2,11,國票-北投,2024-12-13,7792
2606,裕民,10,0,10,國票-北投,2024-12-13,7792
00637L,元大滬深300正2,20,10,10,國票-北投,2024-12-13,7792
1447,力鵬,10,0,10,國票-北投,2024-12-13,7792
1449,佳和,10,0,10,國票-北投,2024-12-13,7792
3406,玉晶光,10,0,10,國票-北投,2024-12-13,7792
4979,華星光,16,6,10,國票-北投,2024-12-13,7792
5871,中租-KY,10,0,10,國票-北投,2024-12-13,7792
2609,陽明,13,4,9,國票-北投,2024-12-13,7792
00967B,元大優息美債,8,0,8,國票-北投,2024-12-13,7792
2375,凱美,8,0,8,國票-北投,2024-12-13,7792
6924,榮惠-KY創,8,0,8,國票-北投,2024-12-13,7792
00878,國泰永續高股息,7,0,7,國票-北投,2024-12-13,7792
5426,振發,7,0,7,國票-北投,2024-12-13,7792
5880,合庫金,7,0,7,國票-北投,2024-12-13,7792
2317,鴻海,12,6,6,國票-北投,2024-12-13,7792
2603,長榮,6,0,6,國票-北投,2024-12-13,7792
00753L,中信中國50正2,7,1,6,國票-北投,2024-12-13,7792
1102,亞泥,6,0,6,國票-北投,2024-12-13,7792
3481,群創,6,0,6,國票-北投,2024-12-13,7792
3518,柏騰,6,0,6,國票-北投,2024-12-13,7792
00918,大華優利高填息30,5,0,5,國票-北投,2024-12-13,7792
9904,寶成,5,0,5,國票-北投,2024-12-13,7792
00900,富邦特選高股息30,5,0,5,國票-北投,2024-12-13,7792
00969B,元大零息超長美債,5,0,5,國票-北投,2024-12-13,7792
1326,台化,5,0,5,國票-北投,2024-12-13,7792
3673,TPK-KY,5,0,5,國票-北投,2024-12-13,7792
5388,中磊,5,0,5,國票-北投,2024-12-13,7792
6589,台康生技,6,1,5,國票-北投,2024-12-13,7792
8045,達運光電,5,0,5,國票-北投,2024-12-13,7792
9105,泰金寶-DR,10,5,5,國票-北投,2024-12-13,7792
0056,元大高股息,4,0,4,國票-北投,2024-12-13,7792
2637,慧洋-KY,4,0,4,國票-北投,2024-12-13,7792
1434,福懋,4,0,4,國票-北投,2024-12-13,7792
00937B,群益ESG投等債20,45,0,45,國票-北投,2024-12-16,7792
2347,聯強,42,0,42,國票-北投,2024-12-16,7792
8069,元太,41,0,41,國票-北投,2024-12-16,7792
2338,光罩,40,0,40,國票-北投,2024-12-16,7792
00687B,國泰20年美債,42,4,38,國票-北投,2024-12-16,7792
00680L,元大美債20正2,36,0,36,國票-北投,2024-12-16,7792
00921,兆豐龍頭等權重,30,0,30,國票-北投,2024-12-16,7792
4128,中天,37,11,26,國票-北投,2024-12-16,7792
00918,大華優利高填息30,26,0,26,國票-北投,2024-12-16,7792
00940,元大台灣價值高息,25,0,25,國票-北投,2024-12-16,7792
1785,光洋科,22,0,22,國票-北投,2024-12-16,7792
2618,長榮航,22,1,21,國票-北投,2024-12-16,7792
2312,金寶,23,2,21,國票-北投,2024-12-16,7792
1815,富喬,59,40,19,國票-北投,2024-12-16,7792
2387,精元,20,1,19,國票-北投,2024-12-16,7792
2609,陽明,29,11,18,國票-北投,2024-12-16,7792
8277,商丞,18,0,18,國票-北投,2024-12-16,7792
00900,富邦特選高股息30,15,0,15,國票-北投,2024-12-16,7792
1611,中電,15,0,15,國票-北投,2024-12-16,7792
00878,國泰永續高股息,23,10,13,國票-北投,2024-12-16,7792
00919,群益台灣精選高息,12,0,12,國票-北投,2024-12-16,7792
00665L,富邦�琤肭磪囓�2,12,0,12,國票-北投,2024-12-16,7792
1537,廣隆,12,0,12,國票-北投,2024-12-16,7792
3305,昇貿,12,0,12,國票-北投,2024-12-16,7792
2345,智邦,12,1,11,國票-北投,2024-12-16,7792
1301,台塑,17,6,11,國票-北投,2024-12-16,7792
1605,華新,10,0,10,國票-北投,2024-12-16,7792
00895,富邦未來車,10,0,10,國票-北投,2024-12-16,7792
00725B,國泰投資級公司債,10,0,10,國票-北投,2024-12-16,7792
1442,名軒,10,0,10,國票-北投,2024-12-16,7792
1702,南僑,10,0,10,國票-北投,2024-12-16,7792
3019,亞光,35,25,10,國票-北投,2024-12-16,7792
3504,揚明光,10,0,10,國票-北投,2024-12-16,7792
3017,奇鋐,10,1,9,國票-北投,2024-12-16,7792
8045,達運光電,9,0,9,國票-北投,2024-12-16,7792
3231,緯創,13,4,9,國票-北投,2024-12-16,7792
2317,鴻海,19,11,8,國票-北投,2024-12-16,7792
2375,凱美,8,0,8,國票-北投,2024-12-16,7792
2344,華邦電,11,3,8,國票-北投,2024-12-16,7792
00637L,元大滬深300正2,21,14,7,國票-北投,2024-12-16,7792
2455,全新,6,0,6,國票-北投,2024-12-16,7792
3518,柏騰,6,0,6,國票-北投,2024-12-16,7792
5351,鈺創,6,0,6,國票-北投,2024-12-16,7792
2382,廣達,10,5,5,國票-北投,2024-12-16,7792
00952,凱基台灣AI50,5,0,5,國票-北投,2024-12-16,7792
00933B,國泰10Y+金融債,5,0,5,國票-北投,2024-12-16,7792
00948B,中信優息投資級債,5,0,5,國票-北投,2024-12-16,7792
00967B,元大優息美債,5,0,5,國票-北投,2024-12-16,7792
1434,福懋,5,0,5,國票-北投,2024-12-16,7792
1532,勤美,5,0,5,國票-北投,2024-12-16,7792
2881,富邦金,153,0,153,國票-北投,2024-12-17,7792
2603,長榮,100,1,99,國票-北投,2024-12-17,7792
1785,光洋科,84,0,84,國票-北投,2024-12-17,7792
00632R,元大台灣50反1,59,0,59,國票-北投,2024-12-17,7792
2834,臺企銀,52,0,52,國票-北投,2024-12-17,7792
3481,群創,59,10,49,國票-北投,2024-12-17,7792
2303,聯電,31,4,27,國票-北投,2024-12-17,7792
4991,環宇-KY,21,0,21,國票-北投,2024-12-17,7792
00687B,國泰20年美債,18,0,18,國票-北投,2024-12-17,7792
2882,國泰金,15,0,15,國票-北投,2024-12-17,7792
00918,大華優利高填息30,15,0,15,國票-北投,2024-12-17,7792
00915,凱基優選高股息30,14,0,14,國票-北投,2024-12-17,7792
00937B,群益ESG投等債20,14,0,14,國票-北投,2024-12-17,7792
2374,佳能,43,31,12,國票-北投,2024-12-17,7792
3060,銘異,12,0,12,國票-北投,2024-12-17,7792
3706,神達,18,6,12,國票-北投,2024-12-17,7792
1301,台塑,26,15,11,國票-北投,2024-12-17,7792
3305,昇貿,11,0,11,國票-北投,2024-12-17,7792
1605,華新,10,0,10,國票-北投,2024-12-17,7792
2912,統一超,10,0,10,國票-北投,2024-12-17,7792
00688L,國泰20年美債正2,10,0,10,國票-北投,2024-12-17,7792
1537,廣隆,10,0,10,國票-北投,2024-12-17,7792
2360,致茂,10,0,10,國票-北投,2024-12-17,7792
2450,神腦,10,0,10,國票-北投,2024-12-17,7792
2890,永豐金,10,0,10,國票-北投,2024-12-17,7792
3024,憶聲,10,0,10,國票-北投,2024-12-17,7792
6535,順藥,10,0,10,國票-北投,2024-12-17,7792
00665L,富邦�琤肭磪囓�2,9,0,9,國票-北投,2024-12-17,7792
4979,華星光,36,27,9,國票-北投,2024-12-17,7792
00753L,中信中國50正2,8,0,8,國票-北投,2024-12-17,7792
1402,遠東新,7,0,7,國票-北投,2024-12-17,7792
3005,神基,6,0,6,國票-北投,2024-12-17,7792
6683,雍智科技,6,0,6,國票-北投,2024-12-17,7792
2382,廣達,5,0,5,國票-北投,2024-12-17,7792
5876,上海商銀,5,0,5,國票-北投,2024-12-17,7792
00878,國泰永續高股息,5,0,5,國票-北投,2024-12-17,7792
00701,國泰股利精選30,5,0,5,國票-北投,2024-12-17,7792
00725B,國泰投資級公司債,5,0,5,國票-北投,2024-12-17,7792
2324,仁寶,5,0,5,國票-北投,2024-12-17,7792
2371,大同,5,0,5,國票-北投,2024-12-17,7792
3032,偉訓,6,1,5,國票-北投,2024-12-17,7792
5425,台半,5,0,5,國票-北投,2024-12-17,7792
5871,中租-KY,5,0,5,國票-北投,2024-12-17,7792
9908,大台北,5,0,5,國票-北投,2024-12-17,7792
1536,和大,5,0,5,國票-北投,2024-12-17,7792
1314,中石化,4,0,4,國票-北投,2024-12-17,7792
2368,金像電,4,0,4,國票-北投,2024-12-17,7792
4533,協易機,4,0,4,國票-北投,2024-12-17,7792
6223,旺矽,4,0,4,國票-北投,2024-12-17,7792
6274,台燿,5,1,4,國票-北投,2024-12-17,7792
3037,欣興,107,1,106,國票-北投,2024-12-18,7792
00918,大華優利高填息30,51,0,51,國票-北投,2024-12-18,7792
2356,英業達,42,0,42,國票-北投,2024-12-18,7792
4530,宏易,26,0,26,國票-北投,2024-12-18,7792
00712,復華富時不動產,24,0,24,國票-北投,2024-12-18,7792
00922,國泰台灣領袖50,23,0,23,國票-北投,2024-12-18,7792
2360,致茂,23,0,23,國票-北投,2024-12-18,7792
2062,橋椿,20,0,20,國票-北投,2024-12-18,7792
2354,鴻準,17,0,17,國票-北投,2024-12-18,7792
1519,華城,16,0,16,國票-北投,2024-12-18,7792
00937B,群益ESG投等債20,15,0,15,國票-北投,2024-12-18,7792
2303,聯電,22,8,14,國票-北投,2024-12-18,7792
2314,台揚,11,0,11,國票-北投,2024-12-18,7792
00878,國泰永續高股息,11,0,11,國票-北投,2024-12-18,7792
2834,臺企銀,12,1,11,國票-北投,2024-12-18,7792
00632R,元大台灣50反1,10,0,10,國票-北投,2024-12-18,7792
2450,神腦,15,5,10,國票-北投,2024-12-18,7792
4510,高鋒,10,0,10,國票-北投,2024-12-18,7792
00900,富邦特選高股息30,9,0,9,國票-北投,2024-12-18,7792
1785,光洋科,8,0,8,國票-北投,2024-12-18,7792
3702,大聯大,8,0,8,國票-北投,2024-12-18,7792
6683,雍智科技,7,0,7,國票-北投,2024-12-18,7792
2317,鴻海,6,0,6,國票-北投,2024-12-18,7792
2609,陽明,11,5,6,國票-北投,2024-12-18,7792
8112,至上,6,0,6,國票-北投,2024-12-18,7792
9904,寶成,6,0,6,國票-北投,2024-12-18,7792
3665,貿聯-KY,6,1,5,國票-北投,2024-12-18,7792
00927,群益半導體收益,5,0,5,國票-北投,2024-12-18,7792
00725B,國泰投資級公司債,5,0,5,國票-北投,2024-12-18,7792
3622,洋華,5,0,5,國票-北投,2024-12-18,7792
8096,擎亞,5,0,5,國票-北投,2024-12-18,7792
4991,環宇-KY,5,0,5,國票-北投,2024-12-18,7792
3481,群創,11,7,4,國票-北投,2024-12-18,7792
2344,華邦電,16,12,4,國票-北投,2024-12-18,7792
3227,原相,4,0,4,國票-北投,2024-12-18,7792
4979,華星光,11,7,4,國票-北投,2024-12-18,7792
5309,系統電,4,0,4,國票-北投,2024-12-18,7792
6962,ITH-KY,4,0,4,國票-北投,2024-12-18,7792
00909,國泰數位支付服務,3,0,3,國票-北投,2024-12-18,7792
1516,川飛,3,0,3,國票-北投,2024-12-18,7792
2520,冠德,3,0,3,國票-北投,2024-12-18,7792
5371,中光電,6,3,3,國票-北投,2024-12-18,7792
6227,茂綸,3,0,3,國票-北投,2024-12-18,7792
00881,國泰台灣5G+,2,0,2,國票-北投,2024-12-18,7792
1303,南亞,2,0,2,國票-北投,2024-12-18,7792
1524,耿鼎,3,1,2,國票-北投,2024-12-18,7792
2070,精湛,2,0,2,國票-北投,2024-12-18,7792
2332,友訊,2,0,2,國票-北投,2024-12-18,7792
2388,威盛,2,0,2,國票-北投,2024-12-18,7792
2392,正崴,2,0,2,國票-北投,2024-12-18,7792
2609,陽明,72,6,66,國票-北投,2024-12-19,7792
2887,台新金,40,0,40,國票-北投,2024-12-19,7792
00918,大華優利高填息30,35,0,35,國票-北投,2024-12-19,7792
00937B,群益ESG投等債20,35,2,33,國票-北投,2024-12-19,7792
4530,宏易,30,0,30,國票-北投,2024-12-19,7792
2393,億光,27,0,27,國票-北投,2024-12-19,7792
00968B,元大優息投等債,20,0,20,國票-北投,2024-12-19,7792
2347,聯強,20,0,20,國票-北投,2024-12-19,7792
3380,明泰,20,0,20,國票-北投,2024-12-19,7792
4128,中天,22,2,20,國票-北投,2024-12-19,7792
3481,群創,22,3,19,國票-北投,2024-12-19,7792
00878,國泰永續高股息,19,1,18,國票-北投,2024-12-19,7792
2610,華航,20,3,17,國票-北投,2024-12-19,7792
2360,致茂,15,0,15,國票-北投,2024-12-19,7792
8249,菱光,20,5,15,國票-北投,2024-12-19,7792
1785,光洋科,14,0,14,國票-北投,2024-12-19,7792
2409,友達,12,0,12,國票-北投,2024-12-19,7792
2884,玉山金,11,0,11,國票-北投,2024-12-19,7792
6830,汎銓,11,0,11,國票-北投,2024-12-19,7792
2882,國泰金,10,0,10,國票-北投,2024-12-19,7792
2881,富邦金,10,0,10,國票-北投,2024-12-19,7792
00725B,國泰投資級公司債,10,0,10,國票-北投,2024-12-19,7792
00635U,期元大S＆P黃金,10,0,10,國票-北投,2024-12-19,7792
00919,群益台灣精選高息,10,0,10,國票-北投,2024-12-19,7792
00963,中信全球高股息,10,0,10,國票-北投,2024-12-19,7792
1528,恩德,10,0,10,國票-北投,2024-12-19,7792
2834,臺企銀,10,0,10,國票-北投,2024-12-19,7792
9105,泰金寶-DR,12,2,10,國票-北投,2024-12-19,7792
00915,凱基優選高股息30,9,0,9,國票-北投,2024-12-19,7792
6142,友勁,9,0,9,國票-北投,2024-12-19,7792
2330,台積電,9,1,8,國票-北投,2024-12-19,7792
2880,華南金,7,0,7,國票-北投,2024-12-19,7792
3706,神達,26,19,7,國票-北投,2024-12-19,7792
2317,鴻海,7,0,7,國票-北投,2024-12-19,7792
2363,矽統,6,0,6,國票-北投,2024-12-19,7792
2812,台中銀,6,0,6,國票-北投,2024-12-19,7792
2454,聯發科,6,0,6,國票-北投,2024-12-19,7792
9904,寶成,5,0,5,國票-北投,2024-12-19,7792
00893,國泰智能電動車,5,0,5,國票-北投,2024-12-19,7792
00911,兆豐洲際半導體,5,0,5,國票-北投,2024-12-19,7792
00922,國泰台灣領袖50,5,0,5,國票-北投,2024-12-19,7792
00948B,中信優息投資級債,5,0,5,國票-北投,2024-12-19,7792
5512,力麒,5,0,5,國票-北投,2024-12-19,7792
6209,今國光,13,8,5,國票-北投,2024-12-19,7792
6854,錼創科技-KY創,5,0,5,國票-北投,2024-12-19,7792
00646,元大S＆P500,4,0,4,國票-北投,2024-12-19,7792
0056,元大高股息,4,0,4,國票-北投,2024-12-19,7792
2618,長榮航,4,0,4,國票-北投,2024-12-19,7792
2637,慧洋-KY,4,0,4,國票-北投,2024-12-19,7792
00898,國泰基因免疫革命,4,0,4,國票-北投,2024-12-19,7792
