Ticker,Name,buy,sell,diff,Branch,Date,Branch_Code
4114,健喬,241,22,219,台新-建北,2023-01-03,8151
00676R,富邦臺灣加權反1,100,0,100,台新-建北,2023-01-03,8151
2609,陽明,98,3,95,台新-建北,2023-01-03,8151
00670L,富邦NASDAQ正2,74,6,68,台新-建北,2023-01-03,8151
00878,國泰永續高股息,67,2,65,台新-建北,2023-01-03,8151
6443,元晶,59,0,59,台新-建北,2023-01-03,8151
2409,友達,45,2,43,台新-建北,2023-01-03,8151
00772B,中信高評級公司債,42,0,42,台新-建北,2023-01-03,8151
2634,漢翔,80,43,37,台新-建北,2023-01-03,8151
1529,樂事綠能,48,20,28,台新-建北,2023-01-03,8151
2601,益航,20,0,20,台新-建北,2023-01-03,8151
9904,寶成,20,0,20,台新-建北,2023-01-03,8151
3712,永崴投控,20,2,18,台新-建北,2023-01-03,8151
6180,橘子,26,8,18,台新-建北,2023-01-03,8151
00673R,期元大S＆P原油反1,15,0,15,台新-建北,2023-01-03,8151
2023,燁輝,15,0,15,台新-建北,2023-01-03,8151
5347,世界,15,0,15,台新-建北,2023-01-03,8151
4743,合一,19,4,15,台新-建北,2023-01-03,8151
3707,漢磊,13,0,13,台新-建北,2023-01-03,8151
2885,元大金,12,0,12,台新-建北,2023-01-03,8151
00882,中信中國高股息,12,0,12,台新-建北,2023-01-03,8151
2883,凱基金,13,2,11,台新-建北,2023-01-03,8151
1605,華新,75,64,11,台新-建北,2023-01-03,8151
3265,台星科,11,0,11,台新-建北,2023-01-03,8151
6015,宏遠證,11,0,11,台新-建北,2023-01-03,8151
2887,台新金,11,1,10,台新-建北,2023-01-03,8151
2881,富邦金,12,2,10,台新-建北,2023-01-03,8151
4128,中天,17,7,10,台新-建北,2023-01-03,8151
1473,台南,10,0,10,台新-建北,2023-01-03,8151
5905,南仁湖,10,0,10,台新-建北,2023-01-03,8151
3576,聯合再生,10,0,10,台新-建北,2023-01-03,8151
2103,台橡,10,0,10,台新-建北,2023-01-03,8151
6016,康和證,10,0,10,台新-建北,2023-01-03,8151
4130,健亞,10,0,10,台新-建北,2023-01-03,8151
3373,熱映,10,0,10,台新-建北,2023-01-03,8151
1314,中石化,10,0,10,台新-建北,2023-01-03,8151
2723,美食-KY,11,1,10,台新-建北,2023-01-03,8151
1608,華榮,10,0,10,台新-建北,2023-01-03,8151
3515,華擎,26,16,10,台新-建北,2023-01-03,8151
1218,泰山,11,2,9,台新-建北,2023-01-03,8151
4961,天鈺,36,27,9,台新-建北,2023-01-03,8151
1305,華夏,12,3,9,台新-建北,2023-01-03,8151
2929,淘帝-KY,13,6,7,台新-建北,2023-01-03,8151
2368,金像電,55,48,7,台新-建北,2023-01-03,8151
3406,玉晶光,7,0,7,台新-建北,2023-01-03,8151
2615,萬海,39,32,7,台新-建北,2023-01-03,8151
3035,智原,39,32,7,台新-建北,2023-01-03,8151
2495,普安,6,0,6,台新-建北,2023-01-03,8151
2302,麗正,6,0,6,台新-建北,2023-01-03,8151
2204,中華,6,0,6,台新-建北,2023-01-03,8151
00679B,元大美債20年,58,0,58,台新-建北,2023-01-04,8151
4961,天鈺,86,35,51,台新-建北,2023-01-04,8151
8996,高力,35,1,34,台新-建北,2023-01-04,8151
1444,力麗,40,6,34,台新-建北,2023-01-04,8151
3272,東碩,31,0,31,台新-建北,2023-01-04,8151
00753L,中信中國50正2,30,0,30,台新-建北,2023-01-04,8151
2368,金像電,77,52,25,台新-建北,2023-01-04,8151
8016,矽創,30,5,25,台新-建北,2023-01-04,8151
3162,精確,95,71,24,台新-建北,2023-01-04,8151
3481,群創,21,0,21,台新-建北,2023-01-04,8151
3504,揚明光,36,16,20,台新-建北,2023-01-04,8151
5015,華祺,20,0,20,台新-建北,2023-01-04,8151
2641,正德,20,0,20,台新-建北,2023-01-04,8151
2317,鴻海,18,0,18,台新-建北,2023-01-04,8151
00665L,富邦�琤肭磪囓�2,20,4,16,台新-建北,2023-01-04,8151
8069,元太,60,44,16,台新-建北,2023-01-04,8151
1524,耿鼎,16,0,16,台新-建北,2023-01-04,8151
1417,嘉裕,27,13,14,台新-建北,2023-01-04,8151
2425,承啟,22,8,14,台新-建北,2023-01-04,8151
1504,東元,14,0,14,台新-建北,2023-01-04,8151
2014,中鴻,15,2,13,台新-建北,2023-01-04,8151
00878,國泰永續高股息,14,2,12,台新-建北,2023-01-04,8151
6472,保瑞,20,8,12,台新-建北,2023-01-04,8151
2885,元大金,11,0,11,台新-建北,2023-01-04,8151
2883,凱基金,11,0,11,台新-建北,2023-01-04,8151
1101,台泥,10,0,10,台新-建北,2023-01-04,8151
1618,合機,27,17,10,台新-建北,2023-01-04,8151
3447,展達,10,0,10,台新-建北,2023-01-04,8151
6165,浪凡,10,0,10,台新-建北,2023-01-04,8151
2103,台橡,10,0,10,台新-建北,2023-01-04,8151
4167,松瑞藥,35,25,10,台新-建北,2023-01-04,8151
2007,燁興,10,0,10,台新-建北,2023-01-04,8151
2332,友訊,12,2,10,台新-建北,2023-01-04,8151
2331,精英,10,0,10,台新-建北,2023-01-04,8151
2884,玉山金,10,0,10,台新-建北,2023-01-04,8151
1736,喬山,10,1,9,台新-建北,2023-01-04,8151
2385,群光,10,1,9,台新-建北,2023-01-04,8151
1605,華新,89,80,9,台新-建北,2023-01-04,8151
4743,合一,13,5,8,台新-建北,2023-01-04,8151
2465,麗臺,21,13,8,台新-建北,2023-01-04,8151
6441,廣錠,11,3,8,台新-建北,2023-01-04,8151
00715L,期街口布蘭特正2,7,0,7,台新-建北,2023-01-04,8151
2328,廣宇,7,0,7,台新-建北,2023-01-04,8151
2359,所羅門,14,8,6,台新-建北,2023-01-04,8151
4977,眾達-KY,15,9,6,台新-建北,2023-01-04,8151
2867,三商壽,6,0,6,台新-建北,2023-01-04,8151
8046,南電,11,6,5,台新-建北,2023-01-04,8151
3163,波若威,5,0,5,台新-建北,2023-01-04,8151
00637L,元大滬深300正2,5,0,5,台新-建北,2023-01-04,8151
2880,華南金,5,0,5,台新-建北,2023-01-04,8151
00670L,富邦NASDAQ正2,553,0,553,台新-建北,2023-01-05,8151
00632R,元大台灣50反1,271,13,258,台新-建北,2023-01-05,8151
2883,凱基金,61,1,60,台新-建北,2023-01-05,8151
020034,元大IC設計N,55,0,55,台新-建北,2023-01-05,8151
1217,愛之味,50,0,50,台新-建北,2023-01-05,8151
00753L,中信中國50正2,50,1,49,台新-建北,2023-01-05,8151
2608,嘉里大榮,43,0,43,台新-建北,2023-01-05,8151
1218,泰山,35,0,35,台新-建北,2023-01-05,8151
3272,東碩,51,23,28,台新-建北,2023-01-05,8151
3035,智原,31,5,26,台新-建北,2023-01-05,8151
00665L,富邦�琤肭磪囓�2,26,0,26,台新-建北,2023-01-05,8151
1319,東陽,25,0,25,台新-建北,2023-01-05,8151
1605,華新,244,219,25,台新-建北,2023-01-05,8151
00679B,元大美債20年,32,10,22,台新-建北,2023-01-05,8151
8171,天宇,67,47,20,台新-建北,2023-01-05,8151
3661,世芯-KY,29,9,20,台新-建北,2023-01-05,8151
6118,建達,32,14,18,台新-建北,2023-01-05,8151
8358,金居,33,15,18,台新-建北,2023-01-05,8151
2033,佳大,17,0,17,台新-建北,2023-01-05,8151
00878,國泰永續高股息,38,22,16,台新-建北,2023-01-05,8151
2419,仲琦,34,18,16,台新-建北,2023-01-05,8151
3037,欣興,32,17,15,台新-建北,2023-01-05,8151
2313,華通,15,0,15,台新-建北,2023-01-05,8151
1314,中石化,15,0,15,台新-建北,2023-01-05,8151
1513,中興電,32,19,13,台新-建北,2023-01-05,8151
3162,精確,17,4,13,台新-建北,2023-01-05,8151
3548,兆利,11,0,11,台新-建北,2023-01-05,8151
3189,景碩,17,6,11,台新-建北,2023-01-05,8151
3447,展達,10,0,10,台新-建北,2023-01-05,8151
3576,聯合再生,10,0,10,台新-建北,2023-01-05,8151
2337,旺宏,10,0,10,台新-建北,2023-01-05,8151
2401,凌陽,10,0,10,台新-建北,2023-01-05,8151
1503,士電,12,2,10,台新-建北,2023-01-05,8151
8069,元太,18,8,10,台新-建北,2023-01-05,8151
5015,華祺,10,0,10,台新-建北,2023-01-05,8151
2103,台橡,10,0,10,台新-建北,2023-01-05,8151
3702,大聯大,10,0,10,台新-建北,2023-01-05,8151
00642U,期元大S＆P石油,9,0,9,台新-建北,2023-01-05,8151
0050,元大台灣50,9,0,9,台新-建北,2023-01-05,8151
2881,富邦金,19,10,9,台新-建北,2023-01-05,8151
3011,今皓,8,0,8,台新-建北,2023-01-05,8151
1337,再生-KY,8,1,7,台新-建北,2023-01-05,8151
9904,寶成,8,2,6,台新-建北,2023-01-05,8151
00692,富邦公司治理,6,0,6,台新-建北,2023-01-05,8151
1712,興農,6,0,6,台新-建北,2023-01-05,8151
4979,華星光,8,2,6,台新-建北,2023-01-05,8151
4961,天鈺,29,23,6,台新-建北,2023-01-05,8151
4106,雃博,6,0,6,台新-建北,2023-01-05,8151
6533,晶心科,13,7,6,台新-建北,2023-01-05,8151
6443,元晶,9,3,6,台新-建北,2023-01-05,8151
00632R,元大台灣50反1,248,140,108,台新-建北,2023-01-06,8151
1513,中興電,128,62,66,台新-建北,2023-01-06,8151
1216,統一,50,1,49,台新-建北,2023-01-06,8151
4931,新盛力,47,0,47,台新-建北,2023-01-06,8151
1529,樂事綠能,49,9,40,台新-建北,2023-01-06,8151
2887,台新金,37,0,37,台新-建北,2023-01-06,8151
2603,長榮,44,11,33,台新-建北,2023-01-06,8151
020034,元大IC設計N,30,0,30,台新-建北,2023-01-06,8151
6180,橘子,66,38,28,台新-建北,2023-01-06,8151
8996,高力,87,59,28,台新-建北,2023-01-06,8151
00720B,元大投資級公司債,25,0,25,台新-建北,2023-01-06,8151
5483,中美晶,25,0,25,台新-建北,2023-01-06,8151
00641R,富邦日本反1,22,0,22,台新-建北,2023-01-06,8151
00903,富邦元宇宙,20,0,20,台新-建北,2023-01-06,8151
2332,友訊,20,0,20,台新-建北,2023-01-06,8151
00753L,中信中國50正2,15,1,14,台新-建北,2023-01-06,8151
8086,宏捷科,14,0,14,台新-建北,2023-01-06,8151
2374,佳能,14,0,14,台新-建北,2023-01-06,8151
2495,普安,13,0,13,台新-建北,2023-01-06,8151
00665L,富邦�琤肭磪囓�2,12,0,12,台新-建北,2023-01-06,8151
1605,華新,66,54,12,台新-建北,2023-01-06,8151
2881,富邦金,15,3,12,台新-建北,2023-01-06,8151
5388,中磊,11,0,11,台新-建北,2023-01-06,8151
1786,科妍,11,1,10,台新-建北,2023-01-06,8151
1709,和益,10,0,10,台新-建北,2023-01-06,8151
1218,泰山,10,0,10,台新-建北,2023-01-06,8151
4943,康控-KY,10,0,10,台新-建北,2023-01-06,8151
1524,耿鼎,10,0,10,台新-建北,2023-01-06,8151
1467,南緯,15,5,10,台新-建北,2023-01-06,8151
3481,群創,21,12,9,台新-建北,2023-01-06,8151
2458,義隆,14,5,9,台新-建北,2023-01-06,8151
1303,南亞,9,0,9,台新-建北,2023-01-06,8151
1701,中化,19,11,8,台新-建北,2023-01-06,8151
1503,士電,7,0,7,台新-建北,2023-01-06,8151
2317,鴻海,8,2,6,台新-建北,2023-01-06,8151
00653L,富邦印度正2,6,0,6,台新-建北,2023-01-06,8151
1760,寶齡富錦,8,2,6,台新-建北,2023-01-06,8151
1907,永豐餘,6,0,6,台新-建北,2023-01-06,8151
5351,鈺創,5,0,5,台新-建北,2023-01-06,8151
2515,中工,5,0,5,台新-建北,2023-01-06,8151
4915,致伸,5,0,5,台新-建北,2023-01-06,8151
9933,中鼎,5,0,5,台新-建北,2023-01-06,8151
2302,麗正,5,0,5,台新-建北,2023-01-06,8151
4171,瑞基,5,0,5,台新-建北,2023-01-06,8151
8383,千附,5,0,5,台新-建北,2023-01-06,8151
00830,國泰費城半導體,5,0,5,台新-建北,2023-01-06,8151
3504,揚明光,5,0,5,台新-建北,2023-01-06,8151
9904,寶成,5,0,5,台新-建北,2023-01-06,8151
3711,日月光投控,8,4,4,台新-建北,2023-01-06,8151
3583,辛耘,4,0,4,台新-建北,2023-01-06,8151
2609,陽明,69,6,63,台新-建北,2023-01-09,8151
5608,四維航,61,0,61,台新-建北,2023-01-09,8151
6129,普誠,76,21,55,台新-建北,2023-01-09,8151
2409,友達,54,0,54,台新-建北,2023-01-09,8151
4931,新盛力,45,0,45,台新-建北,2023-01-09,8151
1605,華新,73,39,34,台新-建北,2023-01-09,8151
00669R,國泰美國道瓊反1,30,0,30,台新-建北,2023-01-09,8151
1524,耿鼎,28,0,28,台新-建北,2023-01-09,8151
6533,晶心科,39,12,27,台新-建北,2023-01-09,8151
4763,材料-KY,39,15,24,台新-建北,2023-01-09,8151
6415,矽力*-KY,20,0,20,台新-建北,2023-01-09,8151
1514,亞力,30,10,20,台新-建北,2023-01-09,8151
00885,富邦越南,19,0,19,台新-建北,2023-01-09,8151
00715L,期街口布蘭特正2,17,0,17,台新-建北,2023-01-09,8151
1783,和康生,16,0,16,台新-建北,2023-01-09,8151
2634,漢翔,26,10,16,台新-建北,2023-01-09,8151
2610,華航,39,23,16,台新-建北,2023-01-09,8151
2606,裕民,14,0,14,台新-建北,2023-01-09,8151
2881,富邦金,21,8,13,台新-建北,2023-01-09,8151
2542,興富發,14,0,14,台新-建北,2023-01-09,8151
00637L,元大滬深300正2,20,8,12,台新-建北,2023-01-09,8151
1513,中興電,42,30,12,台新-建北,2023-01-09,8151
6770,力積電,98,86,12,台新-建北,2023-01-09,8151
6176,瑞儀,12,0,12,台新-建北,2023-01-09,8151
2338,光罩,18,6,12,台新-建北,2023-01-09,8151
00770,國泰北美科技,11,0,11,台新-建北,2023-01-09,8151
3624,光頡,16,5,11,台新-建北,2023-01-09,8151
2401,凌陽,44,34,10,台新-建北,2023-01-09,8151
2302,麗正,10,0,10,台新-建北,2023-01-09,8151
00671R,富邦NASDAQ反1,10,0,10,台新-建北,2023-01-09,8151
4989,榮科,60,50,10,台新-建北,2023-01-09,8151
2851,中再保,10,0,10,台新-建北,2023-01-09,8151
1218,泰山,15,5,10,台新-建北,2023-01-09,8151
3141,晶宏,22,13,9,台新-建北,2023-01-09,8151
3594,磐儀,9,0,9,台新-建北,2023-01-09,8151
5425,台半,16,7,9,台新-建北,2023-01-09,8151
3035,智原,23,15,8,台新-建北,2023-01-09,8151
6124,業強,10,2,8,台新-建北,2023-01-09,8151
2890,永豐金,10,3,7,台新-建北,2023-01-09,8151
5351,鈺創,8,1,7,台新-建北,2023-01-09,8151
6531,愛普*,7,0,7,台新-建北,2023-01-09,8151
4171,瑞基,7,1,6,台新-建北,2023-01-09,8151
6197,佳必琪,6,0,6,台新-建北,2023-01-09,8151
2603,長榮,7,2,5,台新-建北,2023-01-09,8151
00713,元大台灣高息低波,5,0,5,台新-建北,2023-01-09,8151
6235,華孚,5,0,5,台新-建北,2023-01-09,8151
1909,榮成,5,0,5,台新-建北,2023-01-09,8151
4557,永新-KY,5,0,5,台新-建北,2023-01-09,8151
2380,虹光,5,0,5,台新-建北,2023-01-09,8151
3006,晶豪科,9,4,5,台新-建北,2023-01-09,8151
00632R,元大台灣50反1,398,0,398,台新-建北,2023-01-10,8151
1216,統一,100,0,100,台新-建北,2023-01-10,8151
2883,凱基金,100,2,98,台新-建北,2023-01-10,8151
00885,富邦越南,80,25,55,台新-建北,2023-01-10,8151
1337,再生-KY,56,3,53,台新-建北,2023-01-10,8151
2881,富邦金,52,4,48,台新-建北,2023-01-10,8151
3624,光頡,48,0,48,台新-建北,2023-01-10,8151
2201,裕隆,161,120,41,台新-建北,2023-01-10,8151
2929,淘帝-KY,35,0,35,台新-建北,2023-01-10,8151
4763,材料-KY,74,41,33,台新-建北,2023-01-10,8151
1313,聯成,30,0,30,台新-建北,2023-01-10,8151
6533,晶心科,57,27,30,台新-建北,2023-01-10,8151
00753L,中信中國50正2,49,21,28,台新-建北,2023-01-10,8151
2208,台船,27,0,27,台新-建北,2023-01-10,8151
2236,百達-KY,25,0,25,台新-建北,2023-01-10,8151
1513,中興電,83,59,24,台新-建北,2023-01-10,8151
3447,展達,20,0,20,台新-建北,2023-01-10,8151
3141,晶宏,55,35,20,台新-建北,2023-01-10,8151
9962,有益,27,7,20,台新-建北,2023-01-10,8151
00715L,期街口布蘭特正2,18,0,18,台新-建北,2023-01-10,8151
3704,合勤控,22,4,18,台新-建北,2023-01-10,8151
3163,波若威,24,8,16,台新-建北,2023-01-10,8151
4743,合一,19,4,15,台新-建北,2023-01-10,8151
3037,欣興,35,20,15,台新-建北,2023-01-10,8151
6180,橘子,19,5,14,台新-建北,2023-01-10,8151
4971,IET-KY,14,0,14,台新-建北,2023-01-10,8151
2609,陽明,15,2,13,台新-建北,2023-01-10,8151
5425,台半,15,2,13,台新-建北,2023-01-10,8151
3406,玉晶光,14,2,12,台新-建北,2023-01-10,8151
2385,群光,12,0,12,台新-建北,2023-01-10,8151
3521,鴻翊,12,0,12,台新-建北,2023-01-10,8151
2367,燿華,11,0,11,台新-建北,2023-01-10,8151
2014,中鴻,13,2,11,台新-建北,2023-01-10,8151
00664R,國泰臺灣加權反1,10,0,10,台新-建北,2023-01-10,8151
4426,利勤,10,0,10,台新-建北,2023-01-10,8151
6124,業強,10,0,10,台新-建北,2023-01-10,8151
1795,美時,13,3,10,台新-建北,2023-01-10,8151
3027,盛達,32,23,9,台新-建北,2023-01-10,8151
2867,三商壽,8,0,8,台新-建北,2023-01-10,8151
6227,茂綸,7,0,7,台新-建北,2023-01-10,8151
3675,德微,7,0,7,台新-建北,2023-01-10,8151
6691,洋基工程,7,0,7,台新-建北,2023-01-10,8151
2634,漢翔,16,10,6,台新-建北,2023-01-10,8151
3207,耀勝,9,3,6,台新-建北,2023-01-10,8151
1708,東鹼,6,0,6,台新-建北,2023-01-10,8151
3322,建舜電,5,0,5,台新-建北,2023-01-10,8151
5876,上海商銀,5,0,5,台新-建北,2023-01-10,8151
3498,陽程,5,0,5,台新-建北,2023-01-10,8151
6118,建達,5,0,5,台新-建北,2023-01-10,8151
1536,和大,5,0,5,台新-建北,2023-01-10,8151
00669R,國泰美國道瓊反1,200,0,200,台新-建北,2023-01-11,8151
4961,天鈺,105,5,100,台新-建北,2023-01-11,8151
1736,喬山,122,37,85,台新-建北,2023-01-11,8151
00753L,中信中國50正2,80,0,80,台新-建北,2023-01-11,8151
4979,華星光,144,78,66,台新-建北,2023-01-11,8151
2610,華航,131,68,63,台新-建北,2023-01-11,8151
2889,國票金,52,0,52,台新-建北,2023-01-11,8151
2888,新光金,82,31,51,台新-建北,2023-01-11,8151
6150,撼訊,67,21,46,台新-建北,2023-01-11,8151
00878,國泰永續高股息,54,13,41,台新-建北,2023-01-11,8151
3576,聯合再生,40,0,40,台新-建北,2023-01-11,8151
3443,創意,41,14,27,台新-建北,2023-01-11,8151
2009,第一銅,40,13,27,台新-建北,2023-01-11,8151
2609,陽明,39,15,24,台新-建北,2023-01-11,8151
2408,南亞科,62,42,20,台新-建北,2023-01-11,8151
3297,杭特,20,0,20,台新-建北,2023-01-11,8151
1734,杏輝,20,0,20,台新-建北,2023-01-11,8151
2409,友達,28,9,19,台新-建北,2023-01-11,8151
2812,台中銀,20,3,17,台新-建北,2023-01-11,8151
00888,永豐台灣ESG,17,1,16,台新-建北,2023-01-11,8151
4931,新盛力,14,0,14,台新-建北,2023-01-11,8151
2324,仁寶,16,2,14,台新-建北,2023-01-11,8151
9945,潤泰新,13,0,13,台新-建北,2023-01-11,8151
2236,百達-KY,11,0,11,台新-建北,2023-01-11,8151
3128,昇銳,18,7,11,台新-建北,2023-01-11,8151
3037,欣興,26,15,11,台新-建北,2023-01-11,8151
3011,今皓,10,0,10,台新-建北,2023-01-11,8151
2515,中工,10,0,10,台新-建北,2023-01-11,8151
1717,長興,10,0,10,台新-建北,2023-01-11,8151
2929,淘帝-KY,10,0,10,台新-建北,2023-01-11,8151
6143,振曜,28,18,10,台新-建北,2023-01-11,8151
00679B,元大美債20年,10,0,10,台新-建北,2023-01-11,8151
1760,寶齡富錦,13,3,10,台新-建北,2023-01-11,8151
1218,泰山,13,4,9,台新-建北,2023-01-11,8151
00725B,國泰投資級公司債,9,0,9,台新-建北,2023-01-11,8151
2457,飛宏,10,1,9,台新-建北,2023-01-11,8151
1473,台南,8,0,8,台新-建北,2023-01-11,8151
1718,中纖,8,0,8,台新-建北,2023-01-11,8151
1524,耿鼎,8,0,8,台新-建北,2023-01-11,8151
1305,華夏,9,1,8,台新-建北,2023-01-11,8151
2884,玉山金,7,0,7,台新-建北,2023-01-11,8151
00706L,期元大S＆P日圓正2,7,0,7,台新-建北,2023-01-11,8151
2313,華通,6,0,6,台新-建北,2023-01-11,8151
1752,南光,39,33,6,台新-建北,2023-01-11,8151
4916,事欣科,7,1,6,台新-建北,2023-01-11,8151
00673R,期元大S＆P原油反1,6,0,6,台新-建北,2023-01-11,8151
9962,有益,6,0,6,台新-建北,2023-01-11,8151
2332,友訊,5,0,5,台新-建北,2023-01-11,8151
8044,網家,18,13,5,台新-建北,2023-01-11,8151
5340,建榮,5,0,5,台新-建北,2023-01-11,8151
00633L,富邦上証正2,306,5,301,台新-建北,2023-01-12,8151
6443,元晶,111,26,85,台新-建北,2023-01-12,8151
2303,聯電,81,16,65,台新-建北,2023-01-12,8151
2014,中鴻,102,39,63,台新-建北,2023-01-12,8151
2530,華建,59,0,59,台新-建北,2023-01-12,8151
00885,富邦越南,54,0,54,台新-建北,2023-01-12,8151
4961,天鈺,60,8,52,台新-建北,2023-01-12,8151
00878,國泰永續高股息,55,3,52,台新-建北,2023-01-12,8151
2449,京元電子,38,0,38,台新-建北,2023-01-12,8151
00632R,元大台灣50反1,53,20,33,台新-建北,2023-01-12,8151
3037,欣興,38,6,32,台新-建北,2023-01-12,8151
00882,中信中國高股息,37,7,30,台新-建北,2023-01-12,8151
00751B,元大AAA至A公司債,27,0,27,台新-建北,2023-01-12,8151
00669R,國泰美國道瓊反1,22,0,22,台新-建北,2023-01-12,8151
4114,健喬,27,6,21,台新-建北,2023-01-12,8151
00671R,富邦NASDAQ反1,20,0,20,台新-建北,2023-01-12,8151
2409,友達,21,2,19,台新-建北,2023-01-12,8151
00713,元大台灣高息低波,18,0,18,台新-建北,2023-01-12,8151
2812,台中銀,16,0,16,台新-建北,2023-01-12,8151
4763,材料-KY,57,42,15,台新-建北,2023-01-12,8151
3443,創意,21,6,15,台新-建北,2023-01-12,8151
2851,中再保,13,0,13,台新-建北,2023-01-12,8151
2388,威盛,15,3,12,台新-建北,2023-01-12,8151
3594,磐儀,11,0,11,台新-建北,2023-01-12,8151
3305,昇貿,12,2,10,台新-建北,2023-01-12,8151
4102,永日,10,0,10,台新-建北,2023-01-12,8151
2891,中信金,10,0,10,台新-建北,2023-01-12,8151
3704,合勤控,241,231,10,台新-建北,2023-01-12,8151
6125,廣運,10,0,10,台新-建北,2023-01-12,8151
6188,廣明,15,5,10,台新-建北,2023-01-12,8151
1809,中釉,16,6,10,台新-建北,2023-01-12,8151
8105,凌巨,10,0,10,台新-建北,2023-01-12,8151
00673R,期元大S＆P原油反1,10,0,10,台新-建北,2023-01-12,8151
00753L,中信中國50正2,34,24,10,台新-建北,2023-01-12,8151
8084,巨虹,9,0,9,台新-建北,2023-01-12,8151
2230,泰茂,15,6,9,台新-建北,2023-01-12,8151
2615,萬海,21,13,8,台新-建北,2023-01-12,8151
2748,雲品,10,2,8,台新-建北,2023-01-12,8151
6143,振曜,7,0,7,台新-建北,2023-01-12,8151
2884,玉山金,7,0,7,台新-建北,2023-01-12,8151
8076,伍豐,7,0,7,台新-建北,2023-01-12,8151
6227,茂綸,7,0,7,台新-建北,2023-01-12,8151
2367,燿華,7,0,7,台新-建北,2023-01-12,8151
2317,鴻海,9,3,6,台新-建北,2023-01-12,8151
5225,東科-KY,6,0,6,台新-建北,2023-01-12,8151
1536,和大,6,0,6,台新-建北,2023-01-12,8151
2614,東森,13,7,6,台新-建北,2023-01-12,8151
2349,錸德,6,0,6,台新-建北,2023-01-12,8151
00689R,國泰20年美債反1,6,0,6,台新-建北,2023-01-12,8151
2380,虹光,5,0,5,台新-建北,2023-01-12,8151
1101,台泥,177,33,144,台新-建北,2023-01-13,8151
00632R,元大台灣50反1,272,143,129,台新-建北,2023-01-13,8151
9945,潤泰新,112,0,112,台新-建北,2023-01-13,8151
2449,京元電子,84,2,82,台新-建北,2023-01-13,8151
00670L,富邦NASDAQ正2,75,7,68,台新-建北,2023-01-13,8151
2838,聯邦銀,55,3,52,台新-建北,2023-01-13,8151
00676R,富邦臺灣加權反1,50,0,50,台新-建北,2023-01-13,8151
4961,天鈺,125,81,44,台新-建北,2023-01-13,8151
0056,元大高股息,44,1,43,台新-建北,2023-01-13,8151
00751B,元大AAA至A公司債,35,0,35,台新-建北,2023-01-13,8151
6770,力積電,42,11,31,台新-建北,2023-01-13,8151
5011,久陽,28,0,28,台新-建北,2023-01-13,8151
00679B,元大美債20年,19,0,19,台新-建北,2023-01-13,8151
4931,新盛力,20,1,19,台新-建北,2023-01-13,8151
3447,展達,15,0,15,台新-建北,2023-01-13,8151
2317,鴻海,13,0,13,台新-建北,2023-01-13,8151
00753L,中信中國50正2,11,0,11,台新-建北,2023-01-13,8151
4979,華星光,20,9,11,台新-建北,2023-01-13,8151
5871,中租-KY,10,0,10,台新-建北,2023-01-13,8151
3691,碩禾,10,0,10,台新-建北,2023-01-13,8151
6165,浪凡,10,0,10,台新-建北,2023-01-13,8151
6245,立端,17,7,10,台新-建北,2023-01-13,8151
4167,松瑞藥,12,2,10,台新-建北,2023-01-13,8151
2444,兆勁,10,0,10,台新-建北,2023-01-13,8151
9962,有益,10,0,10,台新-建北,2023-01-13,8151
2851,中再保,10,2,8,台新-建北,2023-01-13,8151
2723,美食-KY,16,8,8,台新-建北,2023-01-13,8151
2498,宏達電,23,15,8,台新-建北,2023-01-13,8151
6550,北極星藥業-KY,8,0,8,台新-建北,2023-01-13,8151
3189,景碩,31,23,8,台新-建北,2023-01-13,8151
2404,漢唐,8,1,7,台新-建北,2023-01-13,8151
8210,勤誠,7,0,7,台新-建北,2023-01-13,8151
9912,偉聯,7,0,7,台新-建北,2023-01-13,8151
1218,泰山,7,0,7,台新-建北,2023-01-13,8151
2002,中鋼,13,6,7,台新-建北,2023-01-13,8151
0050,元大台灣50,11,5,6,台新-建北,2023-01-13,8151
00687B,國泰20年美債,6,0,6,台新-建北,2023-01-13,8151
3362,先進光,6,0,6,台新-建北,2023-01-13,8151
5457,宣德,6,0,6,台新-建北,2023-01-13,8151
6235,華孚,12,6,6,台新-建北,2023-01-13,8151
1752,南光,36,30,6,台新-建北,2023-01-13,8151
4746,台耀,7,1,6,台新-建北,2023-01-13,8151
8076,伍豐,6,0,6,台新-建北,2023-01-13,8151
2885,元大金,5,0,5,台新-建北,2023-01-13,8151
3708,上緯投控,5,0,5,台新-建北,2023-01-13,8151
3013,晟銘電,5,0,5,台新-建北,2023-01-13,8151
3624,光頡,17,12,5,台新-建北,2023-01-13,8151
1584,精剛,28,23,5,台新-建北,2023-01-13,8151
2033,佳大,5,0,5,台新-建北,2023-01-13,8151
3707,漢磊,5,0,5,台新-建北,2023-01-13,8151
00669R,國泰美國道瓊反1,214,0,214,台新-建北,2023-01-16,8151
00664R,國泰臺灣加權反1,102,0,102,台新-建北,2023-01-16,8151
6533,晶心科,58,8,50,台新-建北,2023-01-16,8151
00679B,元大美債20年,52,5,47,台新-建北,2023-01-16,8151
2888,新光金,264,224,40,台新-建北,2023-01-16,8151
5347,世界,43,5,38,台新-建北,2023-01-16,8151
6443,元晶,30,2,28,台新-建北,2023-01-16,8151
1513,中興電,27,1,26,台新-建北,2023-01-16,8151
2618,長榮航,88,65,23,台新-建北,2023-01-16,8151
1909,榮成,22,0,22,台新-建北,2023-01-16,8151
0056,元大高股息,24,4,20,台新-建北,2023-01-16,8151
4974,亞泰,20,0,20,台新-建北,2023-01-16,8151
3529,力旺,21,1,20,台新-建北,2023-01-16,8151
00632R,元大台灣50反1,293,273,20,台新-建北,2023-01-16,8151
00882,中信中國高股息,18,2,16,台新-建北,2023-01-16,8151
2851,中再保,15,0,15,台新-建北,2023-01-16,8151
00772B,中信高評級公司債,13,0,13,台新-建北,2023-01-16,8151
00753L,中信中國50正2,12,0,12,台新-建北,2023-01-16,8151
00751B,元大AAA至A公司債,11,0,11,台新-建北,2023-01-16,8151
00885,富邦越南,16,5,11,台新-建北,2023-01-16,8151
9962,有益,10,0,10,台新-建北,2023-01-16,8151
00665L,富邦�琤肭磪囓�2,10,0,10,台新-建北,2023-01-16,8151
5011,久陽,10,0,10,台新-建北,2023-01-16,8151
6015,宏遠證,10,0,10,台新-建北,2023-01-16,8151
2317,鴻海,10,0,10,台新-建北,2023-01-16,8151
2371,大同,9,0,9,台新-建北,2023-01-16,8151
2455,全新,14,5,9,台新-建北,2023-01-16,8151
6770,力積電,11,2,9,台新-建北,2023-01-16,8151
2889,國票金,8,0,8,台新-建北,2023-01-16,8151
2002,中鋼,8,0,8,台新-建北,2023-01-16,8151
5351,鈺創,14,6,8,台新-建北,2023-01-16,8151
3027,盛達,8,1,7,台新-建北,2023-01-16,8151
1584,精剛,10,3,7,台新-建北,2023-01-16,8151
2303,聯電,38,31,7,台新-建北,2023-01-16,8151
2614,東森,10,3,7,台新-建北,2023-01-16,8151
3037,欣興,45,39,6,台新-建北,2023-01-16,8151
3035,智原,22,16,6,台新-建北,2023-01-16,8151
6155,鈞寶,15,9,6,台新-建北,2023-01-16,8151
1612,宏泰,11,5,6,台新-建北,2023-01-16,8151
2338,光罩,35,29,6,台新-建北,2023-01-16,8151
2884,玉山金,8,3,5,台新-建北,2023-01-16,8151
00692,富邦公司治理,6,1,5,台新-建北,2023-01-16,8151
2367,燿華,5,0,5,台新-建北,2023-01-16,8151
2032,新鋼,5,0,5,台新-建北,2023-01-16,8151
2897,王道銀行,5,0,5,台新-建北,2023-01-16,8151
1218,泰山,7,2,5,台新-建北,2023-01-16,8151
2886,兆豐金,6,2,4,台新-建北,2023-01-16,8151
2834,臺企銀,5,1,4,台新-建北,2023-01-16,8151
4743,合一,13,9,4,台新-建北,2023-01-16,8151
6118,建達,4,0,4,台新-建北,2023-01-16,8151
2014,中鴻,304,183,121,台新-建北,2023-01-17,8151
4763,材料-KY,111,52,59,台新-建北,2023-01-17,8151
00878,國泰永續高股息,60,3,57,台新-建北,2023-01-17,8151
4977,眾達-KY,50,7,43,台新-建北,2023-01-17,8151
00637L,元大滬深300正2,39,1,38,台新-建北,2023-01-17,8151
6547,高端疫苗,37,0,37,台新-建北,2023-01-17,8151
00632R,元大台灣50反1,34,0,34,台新-建北,2023-01-17,8151
1218,泰山,35,2,33,台新-建北,2023-01-17,8151
6609,瀧澤科,36,4,32,台新-建北,2023-01-17,8151
1701,中化,32,1,31,台新-建北,2023-01-17,8151
6167,久正,30,0,30,台新-建北,2023-01-17,8151
2606,裕民,30,0,30,台新-建北,2023-01-17,8151
4939,亞電,28,0,28,台新-建北,2023-01-17,8151
1802,台玻,28,0,28,台新-建北,2023-01-17,8151
2834,臺企銀,28,3,25,台新-建北,2023-01-17,8151
2884,玉山金,22,0,22,台新-建北,2023-01-17,8151
00882,中信中國高股息,24,2,22,台新-建北,2023-01-17,8151
3624,光頡,27,7,20,台新-建北,2023-01-17,8151
2736,富野,22,2,20,台新-建北,2023-01-17,8151
00679B,元大美債20年,23,4,19,台新-建北,2023-01-17,8151
6770,力積電,20,3,17,台新-建北,2023-01-17,8151
00753L,中信中國50正2,17,0,17,台新-建北,2023-01-17,8151
00633L,富邦上証正2,16,0,16,台新-建北,2023-01-17,8151
6026,福邦證,13,0,13,台新-建北,2023-01-17,8151
3443,創意,19,6,13,台新-建北,2023-01-17,8151
2201,裕隆,49,36,13,台新-建北,2023-01-17,8151
00665L,富邦�琤肭磪囓�2,12,0,12,台新-建北,2023-01-17,8151
2317,鴻海,11,0,11,台新-建北,2023-01-17,8151
2385,群光,11,0,11,台新-建北,2023-01-17,8151
8069,元太,32,21,11,台新-建北,2023-01-17,8151
9962,有益,10,0,10,台新-建北,2023-01-17,8151
6125,廣運,10,0,10,台新-建北,2023-01-17,8151
6016,康和證,10,0,10,台新-建北,2023-01-17,8151
2006,東和鋼鐵,10,0,10,台新-建北,2023-01-17,8151
2851,中再保,11,1,10,台新-建北,2023-01-17,8151
3037,欣興,23,14,9,台新-建北,2023-01-17,8151
3027,盛達,27,18,9,台新-建北,2023-01-17,8151
6456,GIS-KY,9,0,9,台新-建北,2023-01-17,8151
2609,陽明,19,10,9,台新-建北,2023-01-17,8151
5880,合庫金,7,0,7,台新-建北,2023-01-17,8151
006208,富邦台50,8,1,7,台新-建北,2023-01-17,8151
0050,元大台灣50,8,2,6,台新-建北,2023-01-17,8151
6215,和椿,6,0,6,台新-建北,2023-01-17,8151
2812,台中銀,6,0,6,台新-建北,2023-01-17,8151
5398,慕康生醫,6,0,6,台新-建北,2023-01-17,8151
3290,東浦,6,0,6,台新-建北,2023-01-17,8151
1473,台南,5,0,5,台新-建北,2023-01-17,8151
1605,華新,16,11,5,台新-建北,2023-01-17,8151
2618,長榮航,35,30,5,台新-建北,2023-01-17,8151
4142,國光生,5,0,5,台新-建北,2023-01-17,8151
3217,優群,300,2,298,台新-建北,2023-01-30,8151
00632R,元大台灣50反1,362,148,214,台新-建北,2023-01-30,8151
2014,中鴻,384,256,128,台新-建北,2023-01-30,8151
00633L,富邦上証正2,100,0,100,台新-建北,2023-01-30,8151
4763,材料-KY,112,22,90,台新-建北,2023-01-30,8151
00878,國泰永續高股息,111,45,66,台新-建北,2023-01-30,8151
3624,光頡,98,36,62,台新-建北,2023-01-30,8151
00895,富邦未來車,70,14,56,台新-建北,2023-01-30,8151
00712,復華富時不動產,60,17,43,台新-建北,2023-01-30,8151
00671R,富邦NASDAQ反1,40,0,40,台新-建北,2023-01-30,8151
5425,台半,62,22,40,台新-建北,2023-01-30,8151
2891,中信金,36,2,34,台新-建北,2023-01-30,8151
00900,富邦特選高股息30,37,6,31,台新-建北,2023-01-30,8151
2482,連宇,34,4,30,台新-建北,2023-01-30,8151
0056,元大高股息,41,11,30,台新-建北,2023-01-30,8151
00637L,元大滬深300正2,30,5,25,台新-建北,2023-01-30,8151
00640L,富邦日本正2,20,0,20,台新-建北,2023-01-30,8151
1609,大亞,20,0,20,台新-建北,2023-01-30,8151
2601,益航,20,0,20,台新-建北,2023-01-30,8151
1312,國喬,18,0,18,台新-建北,2023-01-30,8151
3529,力旺,19,1,18,台新-建北,2023-01-30,8151
4971,IET-KY,17,0,17,台新-建北,2023-01-30,8151
3289,宜特,17,1,16,台新-建北,2023-01-30,8151
6125,廣運,15,0,15,台新-建北,2023-01-30,8151
8938,明安,15,0,15,台新-建北,2023-01-30,8151
2748,雲品,23,8,15,台新-建北,2023-01-30,8151
2206,三陽工業,15,1,14,台新-建北,2023-01-30,8151
1611,中電,13,0,13,台新-建北,2023-01-30,8151
2022,聚亨,15,2,13,台新-建北,2023-01-30,8151
2354,鴻準,14,2,12,台新-建北,2023-01-30,8151
00751B,元大AAA至A公司債,12,0,12,台新-建北,2023-01-30,8151
5227,立凱-KY,11,0,11,台新-建北,2023-01-30,8151
2897,王道銀行,10,0,10,台新-建北,2023-01-30,8151
6234,高僑,10,0,10,台新-建北,2023-01-30,8151
8038,長園科,10,0,10,台新-建北,2023-01-30,8151
2614,東森,10,0,10,台新-建北,2023-01-30,8151
2402,毅嘉,10,0,10,台新-建北,2023-01-30,8151
3128,昇銳,10,1,9,台新-建北,2023-01-30,8151
00713,元大台灣高息低波,8,0,8,台新-建北,2023-01-30,8151
2497,怡利電,28,20,8,台新-建北,2023-01-30,8151
3037,欣興,33,25,8,台新-建北,2023-01-30,8151
8069,元太,21,13,8,台新-建北,2023-01-30,8151
8227,巨有科技,8,1,7,台新-建北,2023-01-30,8151
00919,群益台灣精選高息,8,1,7,台新-建北,2023-01-30,8151
00891,中信關鍵半導體,10,3,7,台新-建北,2023-01-30,8151
2344,華邦電,9,3,6,台新-建北,2023-01-30,8151
2498,宏達電,11,5,6,台新-建北,2023-01-30,8151
2607,榮運,8,2,6,台新-建北,2023-01-30,8151
3062,建漢,7,1,6,台新-建北,2023-01-30,8151
4754,國碳科,6,0,6,台新-建北,2023-01-30,8151
2201,裕隆,872,286,586,台新-建北,2023-01-31,8151
2888,新光金,369,2,367,台新-建北,2023-01-31,8151
5351,鈺創,221,12,209,台新-建北,2023-01-31,8151
3481,群創,150,21,129,台新-建北,2023-01-31,8151
00679B,元大美債20年,115,0,115,台新-建北,2023-01-31,8151
3027,盛達,158,52,106,台新-建北,2023-01-31,8151
3504,揚明光,81,7,74,台新-建北,2023-01-31,8151
00878,國泰永續高股息,93,40,53,台新-建北,2023-01-31,8151
00885,富邦越南,49,0,49,台新-建北,2023-01-31,8151
00637L,元大滬深300正2,52,7,45,台新-建北,2023-01-31,8151
5871,中租-KY,44,0,44,台新-建北,2023-01-31,8151
3624,光頡,65,23,42,台新-建北,2023-01-31,8151
2409,友達,41,0,41,台新-建北,2023-01-31,8151
8996,高力,100,59,41,台新-建北,2023-01-31,8151
2330,台積電,46,6,40,台新-建北,2023-01-31,8151
5014,建錩,36,0,36,台新-建北,2023-01-31,8151
3443,創意,35,2,33,台新-建北,2023-01-31,8151
1524,耿鼎,33,0,33,台新-建北,2023-01-31,8151
00905,FT臺灣Smart,37,4,33,台新-建北,2023-01-31,8151
1216,統一,30,0,30,台新-建北,2023-01-31,8151
9907,統一實,30,0,30,台新-建北,2023-01-31,8151
00753L,中信中國50正2,27,0,27,台新-建北,2023-01-31,8151
4768,晶呈科技,31,5,26,台新-建北,2023-01-31,8151
2444,兆勁,23,0,23,台新-建北,2023-01-31,8151
6415,矽力*-KY,36,15,21,台新-建北,2023-01-31,8151
00900,富邦特選高股息30,29,8,21,台新-建北,2023-01-31,8151
1519,華城,42,21,21,台新-建北,2023-01-31,8151
2884,玉山金,19,0,19,台新-建北,2023-01-31,8151
3037,欣興,25,7,18,台新-建北,2023-01-31,8151
6806,森崴能源,30,13,17,台新-建北,2023-01-31,8151
6202,盛群,20,3,17,台新-建北,2023-01-31,8151
2834,臺企銀,15,0,15,台新-建北,2023-01-31,8151
8183,精星,19,5,14,台新-建北,2023-01-31,8151
4934,太極,15,1,14,台新-建北,2023-01-31,8151
2540,愛山林,14,0,14,台新-建北,2023-01-31,8151
2892,第一金,19,5,14,台新-建北,2023-01-31,8151
2891,中信金,13,0,13,台新-建北,2023-01-31,8151
5880,合庫金,13,0,13,台新-建北,2023-01-31,8151
3141,晶宏,24,12,12,台新-建北,2023-01-31,8151
4763,材料-KY,79,68,11,台新-建北,2023-01-31,8151
3576,聯合再生,12,1,11,台新-建北,2023-01-31,8151
2236,百達-KY,23,12,11,台新-建北,2023-01-31,8151
2498,宏達電,22,11,11,台新-建北,2023-01-31,8151
2880,華南金,10,0,10,台新-建北,2023-01-31,8151
1605,華新,423,413,10,台新-建北,2023-01-31,8151
4153,鈺緯,10,0,10,台新-建北,2023-01-31,8151
4906,正文,10,0,10,台新-建北,2023-01-31,8151
2542,興富發,10,1,9,台新-建北,2023-01-31,8151
4164,承業醫,13,4,9,台新-建北,2023-01-31,8151
3711,日月光投控,9,0,9,台新-建北,2023-01-31,8151
2618,長榮航,674,54,620,台新-建北,2023-02-01,8151
00895,富邦未來車,100,3,97,台新-建北,2023-02-01,8151
1417,嘉裕,100,5,95,台新-建北,2023-02-01,8151
3481,群創,101,10,91,台新-建北,2023-02-01,8151
5351,鈺創,105,20,85,台新-建北,2023-02-01,8151
2201,裕隆,167,84,83,台新-建北,2023-02-01,8151
2498,宏達電,191,110,81,台新-建北,2023-02-01,8151
00637L,元大滬深300正2,59,0,59,台新-建北,2023-02-01,8151
6533,晶心科,67,9,58,台新-建北,2023-02-01,8151
3455,由田,60,5,55,台新-建北,2023-02-01,8151
2883,凱基金,48,2,46,台新-建北,2023-02-01,8151
3447,展達,36,1,35,台新-建北,2023-02-01,8151
9907,統一實,35,0,35,台新-建北,2023-02-01,8151
3661,世芯-KY,34,3,31,台新-建北,2023-02-01,8151
9105,泰金寶-DR,30,0,30,台新-建北,2023-02-01,8151
2017,官田鋼,29,1,28,台新-建北,2023-02-01,8151
00878,國泰永續高股息,35,8,27,台新-建北,2023-02-01,8151
6282,康舒,69,43,26,台新-建北,2023-02-01,8151
2344,華邦電,48,24,24,台新-建北,2023-02-01,8151
2317,鴻海,24,1,23,台新-建北,2023-02-01,8151
2303,聯電,69,48,21,台新-建北,2023-02-01,8151
1443,立益物流,21,0,21,台新-建北,2023-02-01,8151
00671R,富邦NASDAQ反1,20,0,20,台新-建北,2023-02-01,8151
1216,統一,20,0,20,台新-建北,2023-02-01,8151
2929,淘帝-KY,74,54,20,台新-建北,2023-02-01,8151
8996,高力,85,66,19,台新-建北,2023-02-01,8151
1795,美時,33,14,19,台新-建北,2023-02-01,8151
4979,華星光,30,12,18,台新-建北,2023-02-01,8151
3580,友威科,17,0,17,台新-建北,2023-02-01,8151
2449,京元電子,16,0,16,台新-建北,2023-02-01,8151
5258,虹堡,93,77,16,台新-建北,2023-02-01,8151
3596,智易,21,5,16,台新-建北,2023-02-01,8151
2542,興富發,15,0,15,台新-建北,2023-02-01,8151
3444,利機,17,2,15,台新-建北,2023-02-01,8151
2891,中信金,15,1,14,台新-建北,2023-02-01,8151
00905,FT臺灣Smart,14,0,14,台新-建北,2023-02-01,8151
2367,燿華,21,7,14,台新-建北,2023-02-01,8151
4931,新盛力,14,0,14,台新-建北,2023-02-01,8151
2492,華新科,27,13,14,台新-建北,2023-02-01,8151
2888,新光金,15,2,13,台新-建北,2023-02-01,8151
6509,聚和,13,0,13,台新-建北,2023-02-01,8151
1712,興農,12,0,12,台新-建北,2023-02-01,8151
1909,榮成,12,0,12,台新-建北,2023-02-01,8151
2002,中鋼,17,6,11,台新-建北,2023-02-01,8151
5347,世界,22,11,11,台新-建北,2023-02-01,8151
2887,台新金,11,1,10,台新-建北,2023-02-01,8151
1218,泰山,10,0,10,台新-建北,2023-02-01,8151
2401,凌陽,10,0,10,台新-建北,2023-02-01,8151
1308,亞聚,12,2,10,台新-建北,2023-02-01,8151
4552,力達-KY,10,0,10,台新-建北,2023-02-01,8151
00650L,復華香港正2,359,0,359,台新-建北,2023-02-02,8151
00632R,元大台灣50反1,288,73,215,台新-建北,2023-02-02,8151
00679B,元大美債20年,209,9,200,台新-建北,2023-02-02,8151
2888,新光金,129,0,129,台新-建北,2023-02-02,8151
00633L,富邦上証正2,115,5,110,台新-建北,2023-02-02,8151
2618,長榮航,119,10,109,台新-建北,2023-02-02,8151
2609,陽明,141,66,75,台新-建北,2023-02-02,8151
00885,富邦越南,89,14,75,台新-建北,2023-02-02,8151
3504,揚明光,67,4,63,台新-建北,2023-02-02,8151
3675,德微,73,12,61,台新-建北,2023-02-02,8151
2449,京元電子,67,8,59,台新-建北,2023-02-02,8151
6770,力積電,70,15,55,台新-建北,2023-02-02,8151
4763,材料-KY,60,12,48,台新-建北,2023-02-02,8151
4164,承業醫,64,21,43,台新-建北,2023-02-02,8151
8069,元太,105,62,43,台新-建北,2023-02-02,8151
6443,元晶,82,45,37,台新-建北,2023-02-02,8151
3037,欣興,47,15,32,台新-建北,2023-02-02,8151
2436,偉詮電,32,2,30,台新-建北,2023-02-02,8151
3228,金麗科,56,27,29,台新-建北,2023-02-02,8151
00891,中信關鍵半導體,45,19,26,台新-建北,2023-02-02,8151
9907,統一實,26,0,26,台新-建北,2023-02-02,8151
4979,華星光,38,12,26,台新-建北,2023-02-02,8151
2352,佳世達,30,5,25,台新-建北,2023-02-02,8151
6165,浪凡,25,0,25,台新-建北,2023-02-02,8151
00664R,國泰臺灣加權反1,24,0,24,台新-建北,2023-02-02,8151
3455,由田,21,0,21,台新-建北,2023-02-02,8151
00671R,富邦NASDAQ反1,20,0,20,台新-建北,2023-02-02,8151
9958,世紀鋼,21,2,19,台新-建北,2023-02-02,8151
6244,茂迪,20,2,18,台新-建北,2023-02-02,8151
6129,普誠,343,326,17,台新-建北,2023-02-02,8151
2329,華泰,35,18,17,台新-建北,2023-02-02,8151
3580,友威科,16,0,16,台新-建北,2023-02-02,8151
2834,臺企銀,15,0,15,台新-建北,2023-02-02,8151
6788,華景電,15,0,15,台新-建北,2023-02-02,8151
2338,光罩,15,0,15,台新-建北,2023-02-02,8151
2929,淘帝-KY,69,54,15,台新-建北,2023-02-02,8151
2891,中信金,15,1,14,台新-建北,2023-02-02,8151
3019,亞光,16,3,13,台新-建北,2023-02-02,8151
3441,聯一光,13,0,13,台新-建北,2023-02-02,8151
00772B,中信高評級公司債,15,2,13,台新-建北,2023-02-02,8151
6274,台燿,13,1,12,台新-建北,2023-02-02,8151
3027,盛達,19,8,11,台新-建北,2023-02-02,8151
2317,鴻海,14,3,11,台新-建北,2023-02-02,8151
8478,東哥遊艇,41,31,10,台新-建北,2023-02-02,8151
8271,宇瞻,10,0,10,台新-建北,2023-02-02,8151
3022,威強電,10,0,10,台新-建北,2023-02-02,8151
8050,廣積,10,0,10,台新-建北,2023-02-02,8151
1217,愛之味,10,0,10,台新-建北,2023-02-02,8151
2374,佳能,10,0,10,台新-建北,2023-02-02,8151
2371,大同,15,5,10,台新-建北,2023-02-02,8151
00903,富邦元宇宙,123,1,122,台新-建北,2023-02-03,8151
1216,統一,96,0,96,台新-建北,2023-02-03,8151
00878,國泰永續高股息,101,9,92,台新-建北,2023-02-03,8151
00633L,富邦上証正2,90,0,90,台新-建北,2023-02-03,8151
3532,台勝科,65,1,64,台新-建北,2023-02-03,8151
2609,陽明,82,23,59,台新-建北,2023-02-03,8151
00637L,元大滬深300正2,69,10,59,台新-建北,2023-02-03,8151
00664R,國泰臺灣加權反1,55,0,55,台新-建北,2023-02-03,8151
6533,晶心科,65,14,51,台新-建北,2023-02-03,8151
00676R,富邦臺灣加權反1,51,0,51,台新-建北,2023-02-03,8151
8096,擎亞,40,0,40,台新-建北,2023-02-03,8151
4164,承業醫,54,16,38,台新-建北,2023-02-03,8151
2834,臺企銀,37,1,36,台新-建北,2023-02-03,8151
3675,德微,59,24,35,台新-建北,2023-02-03,8151
2888,新光金,37,3,34,台新-建北,2023-02-03,8151
0050,元大台灣50,36,2,34,台新-建北,2023-02-03,8151
8996,高力,89,56,33,台新-建北,2023-02-03,8151
4915,致伸,33,6,27,台新-建北,2023-02-03,8151
6546,正基,40,13,27,台新-建北,2023-02-03,8151
0056,元大高股息,26,0,26,台新-建北,2023-02-03,8151
00671R,富邦NASDAQ反1,23,0,23,台新-建北,2023-02-03,8151
00715L,期街口布蘭特正2,22,0,22,台新-建北,2023-02-03,8151
00882,中信中國高股息,22,0,22,台新-建北,2023-02-03,8151
9907,統一實,21,0,21,台新-建北,2023-02-03,8151
00665L,富邦�琤肭磪囓�2,20,0,20,台新-建北,2023-02-03,8151
6643,M31,34,15,19,台新-建北,2023-02-03,8151
00900,富邦特選高股息30,23,5,18,台新-建北,2023-02-03,8151
2385,群光,21,3,18,台新-建北,2023-02-03,8151
2886,兆豐金,17,0,17,台新-建北,2023-02-03,8151
2929,淘帝-KY,20,5,15,台新-建北,2023-02-03,8151
6167,久正,15,0,15,台新-建北,2023-02-03,8151
3545,敦泰,15,1,14,台新-建北,2023-02-03,8151
3027,盛達,19,6,13,台新-建北,2023-02-03,8151
2401,凌陽,13,0,13,台新-建北,2023-02-03,8151
1519,華城,15,3,12,台新-建北,2023-02-03,8151
00753L,中信中國50正2,12,0,12,台新-建北,2023-02-03,8151
3447,展達,14,2,12,台新-建北,2023-02-03,8151
6205,詮欣,16,4,12,台新-建北,2023-02-03,8151
3594,磐儀,11,0,11,台新-建北,2023-02-03,8151
5222,全訊,11,0,11,台新-建北,2023-02-03,8151
1442,名軒,11,0,11,台新-建北,2023-02-03,8151
2436,偉詮電,33,22,11,台新-建北,2023-02-03,8151
2230,泰茂,30,19,11,台新-建北,2023-02-03,8151
00679B,元大美債20年,11,0,11,台新-建北,2023-02-03,8151
2409,友達,26,15,11,台新-建北,2023-02-03,8151
5009,榮剛,61,50,11,台新-建北,2023-02-03,8151
2610,華航,13,3,10,台新-建北,2023-02-03,8151
6456,GIS-KY,10,0,10,台新-建北,2023-02-03,8151
2601,益航,10,0,10,台新-建北,2023-02-03,8151
2801,彰銀,10,0,10,台新-建北,2023-02-03,8151
2201,裕隆,665,216,449,台新-建北,2023-02-06,8151
1605,華新,480,246,234,台新-建北,2023-02-06,8151
00878,國泰永續高股息,121,0,121,台新-建北,2023-02-06,8151
5351,鈺創,114,17,97,台新-建北,2023-02-06,8151
00632R,元大台灣50反1,100,10,90,台新-建北,2023-02-06,8151
1752,南光,96,29,67,台新-建北,2023-02-06,8151
3710,連展投控,60,0,60,台新-建北,2023-02-06,8151
00665L,富邦�琤肭磪囓�2,55,0,55,台新-建北,2023-02-06,8151
00903,富邦元宇宙,53,0,53,台新-建北,2023-02-06,8151
2883,凱基金,50,0,50,台新-建北,2023-02-06,8151
6205,詮欣,52,8,44,台新-建北,2023-02-06,8151
8147,正淩,43,0,43,台新-建北,2023-02-06,8151
1783,和康生,56,13,43,台新-建北,2023-02-06,8151
6603,富強鑫,45,6,39,台新-建北,2023-02-06,8151
4164,承業醫,41,11,30,台新-建北,2023-02-06,8151
2601,益航,30,0,30,台新-建北,2023-02-06,8151
4979,華星光,50,20,30,台新-建北,2023-02-06,8151
0056,元大高股息,36,9,27,台新-建北,2023-02-06,8151
2436,偉詮電,35,8,27,台新-建北,2023-02-06,8151
1524,耿鼎,46,20,26,台新-建北,2023-02-06,8151
2330,台積電,32,7,25,台新-建北,2023-02-06,8151
6589,台康生技,49,25,24,台新-建北,2023-02-06,8151
6279,胡連,24,0,24,台新-建北,2023-02-06,8151
3163,波若威,33,11,22,台新-建北,2023-02-06,8151
1336,台翰,32,10,22,台新-建北,2023-02-06,8151
4167,松瑞藥,21,0,21,台新-建北,2023-02-06,8151
00637L,元大滬深300正2,20,0,20,台新-建北,2023-02-06,8151
00679B,元大美債20年,19,0,19,台新-建北,2023-02-06,8151
00753L,中信中國50正2,19,0,19,台新-建北,2023-02-06,8151
2884,玉山金,26,10,16,台新-建北,2023-02-06,8151
2236,百達-KY,45,29,16,台新-建北,2023-02-06,8151
8936,國統,17,1,16,台新-建北,2023-02-06,8151
2886,兆豐金,31,15,16,台新-建北,2023-02-06,8151
4552,力達-KY,15,0,15,台新-建北,2023-02-06,8151
3624,光頡,15,1,14,台新-建北,2023-02-06,8151
00882,中信中國高股息,14,1,13,台新-建北,2023-02-06,8151
00891,中信關鍵半導體,14,2,12,台新-建北,2023-02-06,8151
6125,廣運,12,0,12,台新-建北,2023-02-06,8151
2603,長榮,42,30,12,台新-建北,2023-02-06,8151
6245,立端,15,4,11,台新-建北,2023-02-06,8151
2891,中信金,11,0,11,台新-建北,2023-02-06,8151
3504,揚明光,11,0,11,台新-建北,2023-02-06,8151
3588,通嘉,28,17,11,台新-建北,2023-02-06,8151
2888,新光金,11,0,11,台新-建北,2023-02-06,8151
5274,信驊,10,0,10,台新-建北,2023-02-06,8151
1305,華夏,11,1,10,台新-建北,2023-02-06,8151
00675L,富邦臺灣加權正2,10,0,10,台新-建北,2023-02-06,8151
1584,精剛,12,2,10,台新-建北,2023-02-06,8151
4304,勝昱,10,0,10,台新-建北,2023-02-06,8151
2801,彰銀,10,0,10,台新-建北,2023-02-06,8151
00878,國泰永續高股息,119,1,118,台新-建北,2023-02-07,8151
2885,元大金,100,2,98,台新-建北,2023-02-07,8151
6547,高端疫苗,93,1,92,台新-建北,2023-02-07,8151
00679B,元大美債20年,65,4,61,台新-建北,2023-02-07,8151
2888,新光金,52,0,52,台新-建北,2023-02-07,8151
6282,康舒,131,80,51,台新-建北,2023-02-07,8151
6235,華孚,134,88,46,台新-建北,2023-02-07,8151
00637L,元大滬深300正2,45,0,45,台新-建北,2023-02-07,8151
1795,美時,108,64,44,台新-建北,2023-02-07,8151
6770,力積電,39,0,39,台新-建北,2023-02-07,8151
2610,華航,38,1,37,台新-建北,2023-02-07,8151
00632R,元大台灣50反1,45,11,34,台新-建北,2023-02-07,8151
4747,強生,43,14,29,台新-建北,2023-02-07,8151
6546,正基,26,0,26,台新-建北,2023-02-07,8151
3362,先進光,32,8,24,台新-建北,2023-02-07,8151
6443,元晶,42,21,21,台新-建北,2023-02-07,8151
2027,大成鋼,21,0,21,台新-建北,2023-02-07,8151
00671R,富邦NASDAQ反1,20,0,20,台新-建北,2023-02-07,8151
3661,世芯-KY,23,4,19,台新-建北,2023-02-07,8151
6441,廣錠,28,10,18,台新-建北,2023-02-07,8151
2105,正新,17,0,17,台新-建北,2023-02-07,8151
00753L,中信中國50正2,16,0,16,台新-建北,2023-02-07,8151
6625,必應,16,0,16,台新-建北,2023-02-07,8151
2409,友達,37,21,16,台新-建北,2023-02-07,8151
00642U,期元大S＆P石油,15,0,15,台新-建北,2023-02-07,8151
3710,連展投控,20,5,15,台新-建北,2023-02-07,8151
1808,潤隆,15,0,15,台新-建北,2023-02-07,8151
2436,偉詮電,18,3,15,台新-建北,2023-02-07,8151
8227,巨有科技,18,3,15,台新-建北,2023-02-07,8151
00882,中信中國高股息,16,2,14,台新-建北,2023-02-07,8151
2891,中信金,24,10,14,台新-建北,2023-02-07,8151
2748,雲品,54,41,13,台新-建北,2023-02-07,8151
2834,臺企銀,12,0,12,台新-建北,2023-02-07,8151
8096,擎亞,10,0,10,台新-建北,2023-02-07,8151
3272,東碩,10,0,10,台新-建北,2023-02-07,8151
2609,陽明,20,10,10,台新-建北,2023-02-07,8151
2317,鴻海,12,2,10,台新-建北,2023-02-07,8151
6244,茂迪,10,1,9,台新-建北,2023-02-07,8151
2345,智邦,15,6,9,台新-建北,2023-02-07,8151
2618,長榮航,31,23,8,台新-建北,2023-02-07,8151
2734,易飛網,8,0,8,台新-建北,2023-02-07,8151
6603,富強鑫,14,6,8,台新-建北,2023-02-07,8151
4726,永昕,16,8,8,台新-建北,2023-02-07,8151
1101,台泥,8,0,8,台新-建北,2023-02-07,8151
3037,欣興,50,42,8,台新-建北,2023-02-07,8151
2889,國票金,13,6,7,台新-建北,2023-02-07,8151
2887,台新金,13,6,7,台新-建北,2023-02-07,8151
3202,樺晟,7,0,7,台新-建北,2023-02-07,8151
6217,中探針,27,20,7,台新-建北,2023-02-07,8151
3529,力旺,6,0,6,台新-建北,2023-02-07,8151
3481,群創,330,65,265,台新-建北,2023-02-08,8151
3034,聯詠,158,9,149,台新-建北,2023-02-08,8151
4919,新唐,111,17,94,台新-建北,2023-02-08,8151
00633L,富邦上証正2,60,0,60,台新-建北,2023-02-08,8151
00632R,元大台灣50反1,53,0,53,台新-建北,2023-02-08,8151
00885,富邦越南,47,0,47,台新-建北,2023-02-08,8151
00679B,元大美債20年,45,2,43,台新-建北,2023-02-08,8151
1609,大亞,41,0,41,台新-建北,2023-02-08,8151
4552,力達-KY,40,0,40,台新-建北,2023-02-08,8151
6643,M31,53,13,40,台新-建北,2023-02-08,8151
00671R,富邦NASDAQ反1,40,0,40,台新-建北,2023-02-08,8151
8046,南電,41,9,32,台新-建北,2023-02-08,8151
2379,瑞昱,31,0,31,台新-建北,2023-02-08,8151
4979,華星光,54,24,30,台新-建北,2023-02-08,8151
2401,凌陽,71,45,26,台新-建北,2023-02-08,8151
00878,國泰永續高股息,29,5,24,台新-建北,2023-02-08,8151
2103,台橡,20,0,20,台新-建北,2023-02-08,8151
00720B,元大投資級公司債,19,0,19,台新-建北,2023-02-08,8151
4960,誠美材,20,2,18,台新-建北,2023-02-08,8151
6625,必應,19,2,17,台新-建北,2023-02-08,8151
4114,健喬,40,23,17,台新-建北,2023-02-08,8151
2891,中信金,15,0,15,台新-建北,2023-02-08,8151
3231,緯創,15,0,15,台新-建北,2023-02-08,8151
00650L,復華香港正2,15,0,15,台新-建北,2023-02-08,8151
2359,所羅門,33,18,15,台新-建北,2023-02-08,8151
6165,浪凡,15,0,15,台新-建北,2023-02-08,8151
6127,九豪,15,0,15,台新-建北,2023-02-08,8151
2049,上銀,18,3,15,台新-建北,2023-02-08,8151
2883,凱基金,19,5,14,台新-建北,2023-02-08,8151
00753L,中信中國50正2,14,0,14,台新-建北,2023-02-08,8151
2376,技嘉,13,0,13,台新-建北,2023-02-08,8151
00664R,國泰臺灣加權反1,13,0,13,台新-建北,2023-02-08,8151
2884,玉山金,73,60,13,台新-建北,2023-02-08,8151
2888,新光金,13,0,13,台新-建北,2023-02-08,8151
4164,承業醫,34,24,10,台新-建北,2023-02-08,8151
3290,東浦,10,0,10,台新-建北,2023-02-08,8151
2009,第一銅,39,29,10,台新-建北,2023-02-08,8151
6188,廣明,16,6,10,台新-建北,2023-02-08,8151
5009,榮剛,10,0,10,台新-建北,2023-02-08,8151
2356,英業達,10,0,10,台新-建北,2023-02-08,8151
2609,陽明,11,1,10,台新-建北,2023-02-08,8151
2371,大同,10,0,10,台新-建北,2023-02-08,8151
00665L,富邦�琤肭磪囓�2,10,0,10,台新-建北,2023-02-08,8151
2344,華邦電,33,23,10,台新-建北,2023-02-08,8151
4572,駐龍,10,0,10,台新-建北,2023-02-08,8151
00780B,國泰A級金融債,9,0,9,台新-建北,2023-02-08,8151
6541,泰福-KY,10,2,8,台新-建北,2023-02-08,8151
6104,創惟,22,15,7,台新-建北,2023-02-08,8151
3591,艾笛森,7,0,7,台新-建北,2023-02-08,8151
2025,千興,7,0,7,台新-建北,2023-02-08,8151
3481,群創,263,54,209,台新-建北,2023-02-09,8151
2425,承啟,177,12,165,台新-建北,2023-02-09,8151
00878,國泰永續高股息,62,0,62,台新-建北,2023-02-09,8151
00903,富邦元宇宙,53,0,53,台新-建北,2023-02-09,8151
8255,朋程,53,2,51,台新-建北,2023-02-09,8151
6227,茂綸,43,5,38,台新-建北,2023-02-09,8151
1734,杏輝,35,0,35,台新-建北,2023-02-09,8151
3675,德微,35,2,33,台新-建北,2023-02-09,8151
6533,晶心科,43,18,25,台新-建北,2023-02-09,8151
2344,華邦電,78,56,22,台新-建北,2023-02-09,8151
3027,盛達,32,11,21,台新-建北,2023-02-09,8151
4919,新唐,24,3,21,台新-建北,2023-02-09,8151
1301,台塑,20,0,20,台新-建北,2023-02-09,8151
6643,M31,26,6,20,台新-建北,2023-02-09,8151
4927,泰鼎-KY,20,0,20,台新-建北,2023-02-09,8151
8046,南電,20,0,20,台新-建北,2023-02-09,8151
6509,聚和,20,1,19,台新-建北,2023-02-09,8151
2303,聯電,38,20,18,台新-建北,2023-02-09,8151
00637L,元大滬深300正2,18,0,18,台新-建北,2023-02-09,8151
2634,漢翔,43,28,15,台新-建北,2023-02-09,8151
1513,中興電,44,29,15,台新-建北,2023-02-09,8151
4939,亞電,13,0,13,台新-建北,2023-02-09,8151
8358,金居,18,6,12,台新-建北,2023-02-09,8151
2887,台新金,11,0,11,台新-建北,2023-02-09,8151
2614,東森,11,0,11,台新-建北,2023-02-09,8151
00885,富邦越南,11,0,11,台新-建北,2023-02-09,8151
4906,正文,11,0,11,台新-建北,2023-02-09,8151
2313,華通,11,0,11,台新-建北,2023-02-09,8151
2327,國巨,16,6,10,台新-建北,2023-02-09,8151
2388,威盛,76,66,10,台新-建北,2023-02-09,8151
5880,合庫金,10,0,10,台新-建北,2023-02-09,8151
3520,華盈,10,0,10,台新-建北,2023-02-09,8151
1732,毛寶,10,0,10,台新-建北,2023-02-09,8151
6015,宏遠證,10,0,10,台新-建北,2023-02-09,8151
9938,百和,10,0,10,台新-建北,2023-02-09,8151
00720B,元大投資級公司債,11,2,9,台新-建北,2023-02-09,8151
6118,建達,17,8,9,台新-建北,2023-02-09,8151
6206,飛捷,9,0,9,台新-建北,2023-02-09,8151
3529,力旺,9,1,8,台新-建北,2023-02-09,8151
1216,統一,10,2,8,台新-建北,2023-02-09,8151
8072,陞泰,12,4,8,台新-建北,2023-02-09,8151
3356,奇偶,9,2,7,台新-建北,2023-02-09,8151
5351,鈺創,21,14,7,台新-建北,2023-02-09,8151
2201,裕隆,17,10,7,台新-建北,2023-02-09,8151
2748,雲品,15,8,7,台新-建北,2023-02-09,8151
3022,威強電,52,45,7,台新-建北,2023-02-09,8151
6441,廣錠,12,6,6,台新-建北,2023-02-09,8151
1795,美時,14,8,6,台新-建北,2023-02-09,8151
1584,精剛,14,8,6,台新-建北,2023-02-09,8151
3035,智原,111,105,6,台新-建北,2023-02-09,8151
00664R,國泰臺灣加權反1,174,0,174,台新-建北,2023-02-10,8151
00878,國泰永續高股息,174,21,153,台新-建北,2023-02-10,8151
2888,新光金,102,5,97,台新-建北,2023-02-10,8151
8996,高力,121,29,92,台新-建北,2023-02-10,8151
4977,眾達-KY,108,32,76,台新-建北,2023-02-10,8151
2498,宏達電,220,161,59,台新-建北,2023-02-10,8151
2453,凌群,74,27,47,台新-建北,2023-02-10,8151
00772B,中信高評級公司債,34,0,34,台新-建北,2023-02-10,8151
00637L,元大滬深300正2,34,0,34,台新-建北,2023-02-10,8151
00671R,富邦NASDAQ反1,50,20,30,台新-建北,2023-02-10,8151
00895,富邦未來車,30,0,30,台新-建北,2023-02-10,8151
2344,華邦電,31,3,28,台新-建北,2023-02-10,8151
4503,金雨,27,0,27,台新-建北,2023-02-10,8151
8289,泰藝,25,0,25,台新-建北,2023-02-10,8151
8046,南電,26,4,22,台新-建北,2023-02-10,8151
8076,伍豐,22,0,22,台新-建北,2023-02-10,8151
3520,華盈,22,0,22,台新-建北,2023-02-10,8151
4904,遠傳,21,0,21,台新-建北,2023-02-10,8151
0056,元大高股息,21,0,21,台新-建北,2023-02-10,8151
4919,新唐,28,8,20,台新-建北,2023-02-10,8151
00893,國泰智能電動車,20,0,20,台新-建北,2023-02-10,8151
2748,雲品,24,4,20,台新-建北,2023-02-10,8151
5880,合庫金,20,0,20,台新-建北,2023-02-10,8151
6643,M31,26,6,20,台新-建北,2023-02-10,8151
3037,欣興,31,12,19,台新-建北,2023-02-10,8151
2468,華經,38,20,18,台新-建北,2023-02-10,8151
6015,宏遠證,18,0,18,台新-建北,2023-02-10,8151
3594,磐儀,69,52,17,台新-建北,2023-02-10,8151
3305,昇貿,16,0,16,台新-建北,2023-02-10,8151
00720B,元大投資級公司債,16,0,16,台新-建北,2023-02-10,8151
3591,艾笛森,21,5,16,台新-建北,2023-02-10,8151
3141,晶宏,16,0,16,台新-建北,2023-02-10,8151
2614,東森,15,0,15,台新-建北,2023-02-10,8151
2610,華航,17,2,15,台新-建北,2023-02-10,8151
2313,華通,15,0,15,台新-建北,2023-02-10,8151
3624,光頡,26,11,15,台新-建北,2023-02-10,8151
2883,凱基金,15,0,15,台新-建北,2023-02-10,8151
00665L,富邦�琤肭磪囓�2,14,0,14,台新-建北,2023-02-10,8151
2105,正新,16,2,14,台新-建北,2023-02-10,8151
6558,興能高,32,18,14,台新-建北,2023-02-10,8151
6788,華景電,16,2,14,台新-建北,2023-02-10,8151
1584,精剛,167,154,13,台新-建北,2023-02-10,8151
1529,樂事綠能,12,0,12,台新-建北,2023-02-10,8151
2455,全新,15,3,12,台新-建北,2023-02-10,8151
2634,漢翔,186,174,12,台新-建北,2023-02-10,8151
3447,展達,13,1,12,台新-建北,2023-02-10,8151
3046,建��,11,0,11,台新-建北,2023-02-10,8151
6129,普誠,10,0,10,台新-建北,2023-02-10,8151
3689,湧德,10,0,10,台新-建北,2023-02-10,8151
3290,東浦,10,0,10,台新-建北,2023-02-10,8151
00632R,元大台灣50反1,499,11,488,台新-建北,2023-02-13,8151
00878,國泰永續高股息,228,21,207,台新-建北,2023-02-13,8151
00676R,富邦臺灣加權反1,200,0,200,台新-建北,2023-02-13,8151
1605,華新,223,67,156,台新-建北,2023-02-13,8151
0056,元大高股息,115,9,106,台新-建北,2023-02-13,8151
00900,富邦特選高股息30,104,4,100,台新-建北,2023-02-13,8151
6472,保瑞,68,3,65,台新-建北,2023-02-13,8151
2303,聯電,67,4,63,台新-建北,2023-02-13,8151
1701,中化,63,20,43,台新-建北,2023-02-13,8151
00679B,元大美債20年,33,0,33,台新-建北,2023-02-13,8151
9945,潤泰新,31,0,31,台新-建北,2023-02-13,8151
8096,擎亞,30,0,30,台新-建北,2023-02-13,8151
6227,茂綸,25,0,25,台新-建北,2023-02-13,8151
3704,合勤控,49,25,24,台新-建北,2023-02-13,8151
2610,華航,21,1,20,台新-建北,2023-02-13,8151
9904,寶成,20,0,20,台新-建北,2023-02-13,8151
4503,金雨,22,6,16,台新-建北,2023-02-13,8151
4114,健喬,76,60,16,台新-建北,2023-02-13,8151
5222,全訊,23,8,15,台新-建北,2023-02-13,8151
6770,力積電,15,0,15,台新-建北,2023-02-13,8151
00772B,中信高評級公司債,17,2,15,台新-建北,2023-02-13,8151
6235,華孚,85,70,15,台新-建北,2023-02-13,8151
00885,富邦越南,17,3,14,台新-建北,2023-02-13,8151
00905,FT臺灣Smart,14,0,14,台新-建北,2023-02-13,8151
2368,金像電,13,0,13,台新-建北,2023-02-13,8151
2884,玉山金,19,7,12,台新-建北,2023-02-13,8151
00720B,元大投資級公司債,12,0,12,台新-建北,2023-02-13,8151
2332,友訊,17,5,12,台新-建北,2023-02-13,8151
3624,光頡,12,0,12,台新-建北,2023-02-13,8151
2888,新光金,11,0,11,台新-建北,2023-02-13,8151
1795,美時,41,30,11,台新-建北,2023-02-13,8151
5608,四維航,11,0,11,台新-建北,2023-02-13,8151
2889,國票金,17,6,11,台新-建北,2023-02-13,8151
2618,長榮航,65,54,11,台新-建北,2023-02-13,8151
00753L,中信中國50正2,11,0,11,台新-建北,2023-02-13,8151
2444,兆勁,11,0,11,台新-建北,2023-02-13,8151
00882,中信中國高股息,10,0,10,台新-建北,2023-02-13,8151
3290,東浦,10,0,10,台新-建北,2023-02-13,8151
2489,瑞軒,10,0,10,台新-建北,2023-02-13,8151
1336,台翰,10,0,10,台新-建北,2023-02-13,8151
4164,承業醫,13,3,10,台新-建北,2023-02-13,8151
9938,百和,15,5,10,台新-建北,2023-02-13,8151
2498,宏達電,15,5,10,台新-建北,2023-02-13,8151
1540,喬福,15,5,10,台新-建北,2023-02-13,8151
4540,全球傳動,10,0,10,台新-建北,2023-02-13,8151
3051,力特,10,0,10,台新-建北,2023-02-13,8151
00670L,富邦NASDAQ正2,13,3,10,台新-建北,2023-02-13,8151
3498,陽程,10,0,10,台新-建北,2023-02-13,8151
5388,中磊,10,0,10,台新-建北,2023-02-13,8151
3661,世芯-KY,12,3,9,台新-建北,2023-02-13,8151
00679B,元大美債20年,108,0,108,台新-建北,2023-02-14,8151
2302,麗正,93,20,73,台新-建北,2023-02-14,8151
00878,國泰永續高股息,165,103,62,台新-建北,2023-02-14,8151
3479,安勤,161,104,57,台新-建北,2023-02-14,8151
3037,欣興,73,18,55,台新-建北,2023-02-14,8151
1447,力鵬,47,0,47,台新-建北,2023-02-14,8151
2884,玉山金,59,13,46,台新-建北,2023-02-14,8151
6282,康舒,50,6,44,台新-建北,2023-02-14,8151
1795,美時,56,16,40,台新-建北,2023-02-14,8151
3224,三顧,37,0,37,台新-建北,2023-02-14,8151
4584,君帆,30,0,30,台新-建北,2023-02-14,8151
00706L,期元大S＆P日圓正2,30,0,30,台新-建北,2023-02-14,8151
6142,友勁,36,10,26,台新-建北,2023-02-14,8151
00671R,富邦NASDAQ反1,20,0,20,台新-建北,2023-02-14,8151
2610,華航,37,18,19,台新-建北,2023-02-14,8151
4960,誠美材,19,0,19,台新-建北,2023-02-14,8151
2453,凌群,181,164,17,台新-建北,2023-02-14,8151
2891,中信金,30,14,16,台新-建北,2023-02-14,8151
00664R,國泰臺灣加權反1,16,0,16,台新-建北,2023-02-14,8151
00637L,元大滬深300正2,30,15,15,台新-建北,2023-02-14,8151
2401,凌陽,50,35,15,台新-建北,2023-02-14,8151
6517,保勝光學,15,1,14,台新-建北,2023-02-14,8151
4114,健喬,48,35,13,台新-建北,2023-02-14,8151
00885,富邦越南,12,0,12,台新-建北,2023-02-14,8151
8996,高力,50,39,11,台新-建北,2023-02-14,8151
1584,精剛,13,2,11,台新-建北,2023-02-14,8151
2634,漢翔,14,3,11,台新-建北,2023-02-14,8151
4906,正文,10,0,10,台新-建北,2023-02-14,8151
8096,擎亞,10,0,10,台新-建北,2023-02-14,8151
00751B,元大AAA至A公司債,9,0,9,台新-建北,2023-02-14,8151
2206,三陽工業,8,0,8,台新-建北,2023-02-14,8151
2468,華經,22,14,8,台新-建北,2023-02-14,8151
2888,新光金,10,2,8,台新-建北,2023-02-14,8151
6874,倍力,7,0,7,台新-建北,2023-02-14,8151
00720B,元大投資級公司債,7,0,7,台新-建北,2023-02-14,8151
2314,台揚,7,0,7,台新-建北,2023-02-14,8151
3162,精確,8,1,7,台新-建北,2023-02-14,8151
6531,愛普*,14,7,7,台新-建北,2023-02-14,8151
6541,泰福-KY,18,11,7,台新-建北,2023-02-14,8151
00772B,中信高評級公司債,7,0,7,台新-建北,2023-02-14,8151
8171,天宇,13,7,6,台新-建北,2023-02-14,8151
2332,友訊,16,10,6,台新-建北,2023-02-14,8151
3520,華盈,6,0,6,台新-建北,2023-02-14,8151
2731,雄獅,12,6,6,台新-建北,2023-02-14,8151
1524,耿鼎,8,2,6,台新-建北,2023-02-14,8151
2457,飛宏,6,0,6,台新-建北,2023-02-14,8151
4931,新盛力,7,1,6,台新-建北,2023-02-14,8151
3594,磐儀,156,150,6,台新-建北,2023-02-14,8151
5258,虹堡,8,2,6,台新-建北,2023-02-14,8151
3661,世芯-KY,6,1,5,台新-建北,2023-02-14,8151
00632R,元大台灣50反1,3997,14,3983,台新-建北,2023-02-15,8151
00878,國泰永續高股息,306,39,267,台新-建北,2023-02-15,8151
00676R,富邦臺灣加權反1,200,0,200,台新-建北,2023-02-15,8151
1218,泰山,120,0,120,台新-建北,2023-02-15,8151
2206,三陽工業,110,37,73,台新-建北,2023-02-15,8151
1795,美時,136,67,69,台新-建北,2023-02-15,8151
2618,長榮航,100,37,63,台新-建北,2023-02-15,8151
2457,飛宏,53,0,53,台新-建北,2023-02-15,8151
3710,連展投控,56,3,53,台新-建北,2023-02-15,8151
00665L,富邦�琤肭磪囓�2,49,4,45,台新-建北,2023-02-15,8151
2883,凱基金,46,3,43,台新-建北,2023-02-15,8151
2498,宏達電,209,170,39,台新-建北,2023-02-15,8151
00673R,期元大S＆P原油反1,30,0,30,台新-建北,2023-02-15,8151
2017,官田鋼,24,0,24,台新-建北,2023-02-15,8151
0056,元大高股息,35,12,23,台新-建北,2023-02-15,8151
2236,百達-KY,30,7,23,台新-建北,2023-02-15,8151
00905,FT臺灣Smart,22,0,22,台新-建北,2023-02-15,8151
3264,欣銓,18,0,18,台新-建北,2023-02-15,8151
5521,工信,15,0,15,台新-建北,2023-02-15,8151
2743,山富,51,36,15,台新-建北,2023-02-15,8151
3037,欣興,46,31,15,台新-建北,2023-02-15,8151
8476,台境*,14,0,14,台新-建北,2023-02-15,8151
2739,寒舍,14,0,14,台新-建北,2023-02-15,8151
3027,盛達,25,12,13,台新-建北,2023-02-15,8151
3624,光頡,24,12,12,台新-建北,2023-02-15,8151
3594,磐儀,19,7,12,台新-建北,2023-02-15,8151
2887,台新金,11,0,11,台新-建北,2023-02-15,8151
2882,國泰金,11,0,11,台新-建北,2023-02-15,8151
2891,中信金,17,6,11,台新-建北,2023-02-15,8151
3221,台嘉碩,39,28,11,台新-建北,2023-02-15,8151
6235,華孚,50,39,11,台新-建北,2023-02-15,8151
00891,中信關鍵半導體,12,1,11,台新-建北,2023-02-15,8151
00664R,國泰臺灣加權反1,10,0,10,台新-建北,2023-02-15,8151
2481,強茂,10,0,10,台新-建北,2023-02-15,8151
00662,富邦NASDAQ,10,0,10,台新-建北,2023-02-15,8151
4503,金雨,19,9,10,台新-建北,2023-02-15,8151
6517,保勝光學,10,0,10,台新-建北,2023-02-15,8151
2436,偉詮電,10,0,10,台新-建北,2023-02-15,8151
2884,玉山金,9,0,9,台新-建北,2023-02-15,8151
1560,中砂,10,1,9,台新-建北,2023-02-15,8151
2027,大成鋼,9,0,9,台新-建北,2023-02-15,8151
6104,創惟,49,41,8,台新-建北,2023-02-15,8151
00679B,元大美債20年,8,0,8,台新-建北,2023-02-15,8151
2402,毅嘉,8,0,8,台新-建北,2023-02-15,8151
2607,榮運,8,0,8,台新-建北,2023-02-15,8151
1519,華城,46,38,8,台新-建北,2023-02-15,8151
2880,華南金,8,0,8,台新-建北,2023-02-15,8151
5347,世界,8,1,7,台新-建北,2023-02-15,8151
0050,元大台灣50,39,31,8,台新-建北,2023-02-15,8151
5425,台半,14,7,7,台新-建北,2023-02-15,8151
00632R,元大台灣50反1,1561,0,1561,台新-建北,2023-02-16,8151
3481,群創,217,73,144,台新-建北,2023-02-16,8151
00878,國泰永續高股息,127,23,104,台新-建北,2023-02-16,8151
6205,詮欣,78,0,78,台新-建北,2023-02-16,8151
6245,立端,112,39,73,台新-建北,2023-02-16,8151
5425,台半,108,39,69,台新-建北,2023-02-16,8151
2610,華航,260,199,61,台新-建北,2023-02-16,8151
00633L,富邦上証正2,50,0,50,台新-建北,2023-02-16,8151
3034,聯詠,81,33,48,台新-建北,2023-02-16,8151
3037,欣興,67,22,45,台新-建北,2023-02-16,8151
00679B,元大美債20年,56,11,45,台新-建北,2023-02-16,8151
2888,新光金,41,0,41,台新-建北,2023-02-16,8151
2385,群光,41,0,41,台新-建北,2023-02-16,8151
9945,潤泰新,40,0,40,台新-建北,2023-02-16,8151
3189,景碩,42,4,38,台新-建北,2023-02-16,8151
2303,聯電,39,5,34,台新-建北,2023-02-16,8151
1216,統一,32,1,31,台新-建北,2023-02-16,8151
1218,泰山,30,0,30,台新-建北,2023-02-16,8151
1513,中興電,58,32,26,台新-建北,2023-02-16,8151
2332,友訊,25,0,25,台新-建北,2023-02-16,8151
1795,美時,56,31,25,台新-建北,2023-02-16,8151
2206,三陽工業,35,11,24,台新-建北,2023-02-16,8151
3624,光頡,38,14,24,台新-建北,2023-02-16,8151
8171,天宇,38,16,22,台新-建北,2023-02-16,8151
6290,良維,21,1,20,台新-建北,2023-02-16,8151
2834,臺企銀,18,1,17,台新-建北,2023-02-16,8151
3035,智原,47,30,17,台新-建北,2023-02-16,8151
2614,東森,17,0,17,台新-建北,2023-02-16,8151
1605,華新,86,70,16,台新-建北,2023-02-16,8151
3290,東浦,27,12,15,台新-建北,2023-02-16,8151
3078,僑威,15,0,15,台新-建北,2023-02-16,8151
8938,明安,15,1,14,台新-建北,2023-02-16,8151
9958,世紀鋼,12,1,11,台新-建北,2023-02-16,8151
2882,國泰金,12,1,11,台新-建北,2023-02-16,8151
3701,大眾控,11,0,11,台新-建北,2023-02-16,8151
00907,永豐優息存股,11,0,11,台新-建北,2023-02-16,8151
8215,明基材,10,0,10,台新-建北,2023-02-16,8151
00720B,元大投資級公司債,10,0,10,台新-建北,2023-02-16,8151
6282,康舒,10,0,10,台新-建北,2023-02-16,8151
4716,大立,10,0,10,台新-建北,2023-02-16,8151
6206,飛捷,10,0,10,台新-建北,2023-02-16,8151
4126,太醫,9,0,9,台新-建北,2023-02-16,8151
8016,矽創,12,3,9,台新-建北,2023-02-16,8151
5706,鳳凰,27,18,9,台新-建北,2023-02-16,8151
2454,聯發科,8,0,8,台新-建北,2023-02-16,8151
3228,金麗科,13,5,8,台新-建北,2023-02-16,8151
1504,東元,10,3,7,台新-建北,2023-02-16,8151
6266,泰詠,13,6,7,台新-建北,2023-02-16,8151
1305,華夏,7,0,7,台新-建北,2023-02-16,8151
4915,致伸,7,0,7,台新-建北,2023-02-16,8151
3481,群創,368,114,254,台新-建北,2023-02-17,8151
2014,中鴻,386,136,250,台新-建北,2023-02-17,8151
00878,國泰永續高股息,126,2,124,台新-建北,2023-02-17,8151
2409,友達,170,55,115,台新-建北,2023-02-17,8151
6205,詮欣,81,0,81,台新-建北,2023-02-17,8151
2206,三陽工業,114,38,76,台新-建北,2023-02-17,8151
2867,三商壽,62,0,62,台新-建北,2023-02-17,8151
4960,誠美材,54,3,51,台新-建北,2023-02-17,8151
00893,國泰智能電動車,46,2,44,台新-建北,2023-02-17,8151
2618,長榮航,212,169,43,台新-建北,2023-02-17,8151
8996,高力,61,21,40,台新-建北,2023-02-17,8151
2462,良得電,48,8,40,台新-建北,2023-02-17,8151
00664R,國泰臺灣加權反1,40,0,40,台新-建北,2023-02-17,8151
4977,眾達-KY,39,6,33,台新-建北,2023-02-17,8151
00679B,元大美債20年,37,5,32,台新-建北,2023-02-17,8151
4402,郡都開發,31,0,31,台新-建北,2023-02-17,8151
2498,宏達電,32,11,21,台新-建北,2023-02-17,8151
6116,彩晶,51,30,21,台新-建北,2023-02-17,8151
1342,八貫,51,31,20,台新-建北,2023-02-17,8151
4584,君帆,20,0,20,台新-建北,2023-02-17,8151
00706L,期元大S＆P日圓正2,20,0,20,台新-建北,2023-02-17,8151
3128,昇銳,32,13,19,台新-建北,2023-02-17,8151
3545,敦泰,36,17,19,台新-建北,2023-02-17,8151
2201,裕隆,23,6,17,台新-建北,2023-02-17,8151
2705,六福,20,3,17,台新-建北,2023-02-17,8151
00751B,元大AAA至A公司債,17,0,17,台新-建北,2023-02-17,8151
1584,精剛,30,13,17,台新-建北,2023-02-17,8151
3594,磐儀,25,9,16,台新-建北,2023-02-17,8151
4148,全宇生技-KY,26,10,16,台新-建北,2023-02-17,8151
6589,台康生技,16,1,15,台新-建北,2023-02-17,8151
2706,第一店,15,0,15,台新-建北,2023-02-17,8151
2330,台積電,23,8,15,台新-建北,2023-02-17,8151
2939,永邑-KY,14,0,14,台新-建北,2023-02-17,8151
4190,佐登-KY,14,0,14,台新-建北,2023-02-17,8151
3027,盛達,33,19,14,台新-建北,2023-02-17,8151
00670L,富邦NASDAQ正2,14,0,14,台新-建北,2023-02-17,8151
3049,精金,14,1,13,台新-建北,2023-02-17,8151
00753L,中信中國50正2,13,0,13,台新-建北,2023-02-17,8151
6456,GIS-KY,13,0,13,台新-建北,2023-02-17,8151
2923,鼎固-KY,12,0,12,台新-建北,2023-02-17,8151
2471,資通,40,28,12,台新-建北,2023-02-17,8151
2891,中信金,13,1,12,台新-建北,2023-02-17,8151
00772B,中信高評級公司債,14,2,12,台新-建北,2023-02-17,8151
00720B,元大投資級公司債,11,0,11,台新-建北,2023-02-17,8151
4114,健喬,11,0,11,台新-建北,2023-02-17,8151
4961,天鈺,76,66,10,台新-建北,2023-02-17,8151
6101,寬魚國際,10,0,10,台新-建北,2023-02-17,8151
6546,正基,10,0,10,台新-建北,2023-02-17,8151
2497,怡利電,11,1,10,台新-建北,2023-02-17,8151
2444,兆勁,10,0,10,台新-建北,2023-02-17,8151
00632R,元大台灣50反1,180,0,180,台新-建北,2023-02-20,8151
1473,台南,80,0,80,台新-建北,2023-02-20,8151
2882,國泰金,57,2,55,台新-建北,2023-02-20,8151
1503,士電,96,42,54,台新-建北,2023-02-20,8151
00878,國泰永續高股息,59,6,53,台新-建北,2023-02-20,8151
6266,泰詠,52,1,51,台新-建北,2023-02-20,8151
1513,中興電,110,61,49,台新-建北,2023-02-20,8151
2472,立隆電,47,0,47,台新-建北,2023-02-20,8151
6205,詮欣,59,20,39,台新-建北,2023-02-20,8151
1795,美時,39,9,30,台新-建北,2023-02-20,8151
2610,華航,104,78,26,台新-建北,2023-02-20,8151
2634,漢翔,45,20,25,台新-建北,2023-02-20,8151
3078,僑威,23,0,23,台新-建北,2023-02-20,8151
4977,眾達-KY,24,3,21,台新-建北,2023-02-20,8151
00903,富邦元宇宙,20,0,20,台新-建北,2023-02-20,8151
4909,新復興,20,0,20,台新-建北,2023-02-20,8151
4967,十銓,21,1,20,台新-建北,2023-02-20,8151
2886,兆豐金,20,2,18,台新-建北,2023-02-20,8151
6282,康舒,29,11,18,台新-建北,2023-02-20,8151
4584,君帆,28,10,18,台新-建北,2023-02-20,8151
2880,華南金,21,5,16,台新-建北,2023-02-20,8151
3037,欣興,22,6,16,台新-建北,2023-02-20,8151
2618,長榮航,121,106,15,台新-建北,2023-02-20,8151
2731,雄獅,18,3,15,台新-建北,2023-02-20,8151
4121,優盛,13,0,13,台新-建北,2023-02-20,8151
00692,富邦公司治理,16,5,11,台新-建北,2023-02-20,8151
3380,明泰,21,10,11,台新-建北,2023-02-20,8151
00662,富邦NASDAQ,11,0,11,台新-建北,2023-02-20,8151
4402,郡都開發,17,6,11,台新-建北,2023-02-20,8151
1514,亞力,12,1,11,台新-建北,2023-02-20,8151
3675,德微,17,6,11,台新-建北,2023-02-20,8151
2607,榮運,11,0,11,台新-建北,2023-02-20,8151
6509,聚和,10,0,10,台新-建北,2023-02-20,8151
2338,光罩,10,0,10,台新-建北,2023-02-20,8151
3264,欣銓,10,0,10,台新-建北,2023-02-20,8151
1569,濱川,10,0,10,台新-建北,2023-02-20,8151
3438,類比科,10,0,10,台新-建北,2023-02-20,8151
2867,三商壽,10,0,10,台新-建北,2023-02-20,8151
3548,兆利,15,6,9,台新-建北,2023-02-20,8151
8040,九暘,9,0,9,台新-建北,2023-02-20,8151
2368,金像電,16,7,9,台新-建北,2023-02-20,8151
4148,全宇生技-KY,9,0,9,台新-建北,2023-02-20,8151
1519,華城,48,40,8,台新-建北,2023-02-20,8151
5009,榮剛,20,12,8,台新-建北,2023-02-20,8151
2732,六角,28,20,8,台新-建北,2023-02-20,8151
00665L,富邦�琤肭磪囓�2,10,2,8,台新-建北,2023-02-20,8151
8046,南電,9,1,8,台新-建北,2023-02-20,8151
6125,廣運,137,130,7,台新-建北,2023-02-20,8151
1529,樂事綠能,12,5,7,台新-建北,2023-02-20,8151
5371,中光電,8,1,7,台新-建北,2023-02-20,8151
3481,群創,553,289,264,台新-建北,2023-02-21,8151
1513,中興電,286,125,161,台新-建北,2023-02-21,8151
1503,士電,149,14,135,台新-建北,2023-02-21,8151
2609,陽明,197,70,127,台新-建北,2023-02-21,8151
00772B,中信高評級公司債,58,0,58,台新-建北,2023-02-21,8151
2457,飛宏,215,158,57,台新-建北,2023-02-21,8151
00725B,國泰投資級公司債,57,0,57,台新-建北,2023-02-21,8151
2409,友達,237,185,52,台新-建北,2023-02-21,8151
3362,先進光,70,31,39,台新-建北,2023-02-21,8151
6116,彩晶,45,9,36,台新-建北,2023-02-21,8151
2884,玉山金,289,256,33,台新-建北,2023-02-21,8151
8222,寶一,52,22,30,台新-建北,2023-02-21,8151
6165,浪凡,31,2,29,台新-建北,2023-02-21,8151
3624,光頡,36,8,28,台新-建北,2023-02-21,8151
2614,東森,25,0,25,台新-建北,2023-02-21,8151
2515,中工,30,6,24,台新-建北,2023-02-21,8151
4961,天鈺,46,24,22,台新-建北,2023-02-21,8151
5258,虹堡,29,9,20,台新-建北,2023-02-21,8151
5452,佶優,20,0,20,台新-建北,2023-02-21,8151
3034,聯詠,22,2,20,台新-建北,2023-02-21,8151
3322,建舜電,25,6,19,台新-建北,2023-02-21,8151
4968,立積,36,18,18,台新-建北,2023-02-21,8151
00878,國泰永續高股息,30,13,17,台新-建北,2023-02-21,8151
2352,佳世達,16,0,16,台新-建北,2023-02-21,8151
00679B,元大美債20年,17,1,16,台新-建北,2023-02-21,8151
6142,友勁,19,4,15,台新-建北,2023-02-21,8151
6472,保瑞,15,0,15,台新-建北,2023-02-21,8151
3594,磐儀,48,33,15,台新-建北,2023-02-21,8151
3520,華盈,31,17,14,台新-建北,2023-02-21,8151
4915,致伸,15,1,14,台新-建北,2023-02-21,8151
1514,亞力,36,22,14,台新-建北,2023-02-21,8151
00665L,富邦�琤肭磪囓�2,14,0,14,台新-建北,2023-02-21,8151
2208,台船,62,48,14,台新-建北,2023-02-21,8151
2886,兆豐金,14,1,13,台新-建北,2023-02-21,8151
2867,三商壽,113,100,13,台新-建北,2023-02-21,8151
6235,華孚,47,34,13,台新-建北,2023-02-21,8151
4402,郡都開發,12,0,12,台新-建北,2023-02-21,8151
6026,福邦證,12,0,12,台新-建北,2023-02-21,8151
6770,力積電,14,2,12,台新-建北,2023-02-21,8151
2498,宏達電,30,19,11,台新-建北,2023-02-21,8151
2888,新光金,11,0,11,台新-建北,2023-02-21,8151
5009,榮剛,25,14,11,台新-建北,2023-02-21,8151
2472,立隆電,17,6,11,台新-建北,2023-02-21,8151
5388,中磊,10,0,10,台新-建北,2023-02-21,8151
6285,啟��,14,4,10,台新-建北,2023-02-21,8151
00713,元大台灣高息低波,10,0,10,台新-建北,2023-02-21,8151
1905,華紙,10,0,10,台新-建北,2023-02-21,8151
3652,精聯,10,0,10,台新-建北,2023-02-21,8151
2903,遠百,10,0,10,台新-建北,2023-02-21,8151
4541,晟田,10,0,10,台新-建北,2023-02-21,8151
1513,中興電,299,124,175,台新-建北,2023-02-22,8151
00878,國泰永續高股息,190,17,173,台新-建北,2023-02-22,8151
4114,健喬,189,65,124,台新-建北,2023-02-22,8151
00665L,富邦�琤肭磪囓�2,56,0,56,台新-建北,2023-02-22,8151
3322,建舜電,55,0,55,台新-建北,2023-02-22,8151
00712,復華富時不動產,53,0,53,台新-建北,2023-02-22,8151
2618,長榮航,81,35,46,台新-建北,2023-02-22,8151
4977,眾達-KY,50,6,44,台新-建北,2023-02-22,8151
3673,TPK-KY,36,6,30,台新-建北,2023-02-22,8151
0056,元大高股息,80,52,28,台新-建北,2023-02-22,8151
00885,富邦越南,24,0,24,台新-建北,2023-02-22,8151
6282,康舒,63,40,23,台新-建北,2023-02-22,8151
2388,威盛,30,7,23,台新-建北,2023-02-22,8151
8367,建新國際,22,0,22,台新-建北,2023-02-22,8151
6546,正基,21,1,20,台新-建北,2023-02-22,8151
5009,榮剛,31,11,20,台新-建北,2023-02-22,8151
6257,矽格,20,0,20,台新-建北,2023-02-22,8151
2436,偉詮電,20,0,20,台新-建北,2023-02-22,8151
1308,亞聚,20,0,20,台新-建北,2023-02-22,8151
00680L,元大美債20正2,20,0,20,台新-建北,2023-02-22,8151
2201,裕隆,25,6,19,台新-建北,2023-02-22,8151
6142,友勁,20,1,19,台新-建北,2023-02-22,8151
3034,聯詠,22,4,18,台新-建北,2023-02-22,8151
5425,台半,20,3,17,台新-建北,2023-02-22,8151
6148,驊宏資,19,2,17,台新-建北,2023-02-22,8151
4102,永日,16,0,16,台新-建北,2023-02-22,8151
2712,遠雄來,16,0,16,台新-建北,2023-02-22,8151
4433,興采,15,0,15,台新-建北,2023-02-22,8151
2834,臺企銀,22,7,15,台新-建北,2023-02-22,8151
3264,欣銓,15,1,14,台新-建北,2023-02-22,8151
2472,立隆電,40,26,14,台新-建北,2023-02-22,8151
4503,金雨,20,6,14,台新-建北,2023-02-22,8151
3596,智易,13,0,13,台新-建北,2023-02-22,8151
2732,六角,30,17,13,台新-建北,2023-02-22,8151
2606,裕民,13,0,13,台新-建北,2023-02-22,8151
6741,91APP*-KY,15,2,13,台新-建北,2023-02-22,8151
4770,上品,16,4,12,台新-建北,2023-02-22,8151
4164,承業醫,26,14,12,台新-建北,2023-02-22,8151
2615,萬海,38,26,12,台新-建北,2023-02-22,8151
3455,由田,19,7,12,台新-建北,2023-02-22,8151
3228,金麗科,11,0,11,台新-建北,2023-02-22,8151
3035,智原,28,17,11,台新-建北,2023-02-22,8151
00772B,中信高評級公司債,11,0,11,台新-建北,2023-02-22,8151
0050,元大台灣50,12,2,10,台新-建北,2023-02-22,8151
3558,神準,13,3,10,台新-建北,2023-02-22,8151
2329,華泰,10,0,10,台新-建北,2023-02-22,8151
00679B,元大美債20年,10,0,10,台新-建北,2023-02-22,8151
2897,王道銀行,10,0,10,台新-建北,2023-02-22,8151
6188,廣明,21,11,10,台新-建北,2023-02-22,8151
2404,漢唐,11,1,10,台新-建北,2023-02-22,8151
00671R,富邦NASDAQ反1,371,0,371,台新-建北,2023-02-23,8151
00633L,富邦上証正2,200,0,200,台新-建北,2023-02-23,8151
00632R,元大台灣50反1,191,55,136,台新-建北,2023-02-23,8151
6153,嘉聯益,96,5,91,台新-建北,2023-02-23,8151
8996,高力,67,13,54,台新-建北,2023-02-23,8151
6235,華孚,421,367,54,台新-建北,2023-02-23,8151
2701,萬企,60,11,49,台新-建北,2023-02-23,8151
2208,台船,69,21,48,台新-建北,2023-02-23,8151
1308,亞聚,46,0,46,台新-建北,2023-02-23,8151
3034,聯詠,44,1,43,台新-建北,2023-02-23,8151
00715L,期街口布蘭特正2,42,0,42,台新-建北,2023-02-23,8151
00885,富邦越南,33,0,33,台新-建北,2023-02-23,8151
1336,台翰,38,5,33,台新-建北,2023-02-23,8151
2734,易飛網,32,1,31,台新-建北,2023-02-23,8151
00637L,元大滬深300正2,31,0,31,台新-建北,2023-02-23,8151
2617,台航,70,40,30,台新-建北,2023-02-23,8151
2897,王道銀行,30,0,30,台新-建北,2023-02-23,8151
2611,志信,30,2,28,台新-建北,2023-02-23,8151
2736,富野,66,38,28,台新-建北,2023-02-23,8151
00679B,元大美債20年,26,0,26,台新-建北,2023-02-23,8151
4960,誠美材,25,1,24,台新-建北,2023-02-23,8151
6129,普誠,25,2,23,台新-建北,2023-02-23,8151
2409,友達,88,66,22,台新-建北,2023-02-23,8151
6477,安集,22,1,21,台新-建北,2023-02-23,8151
2425,承啟,40,19,21,台新-建北,2023-02-23,8151
2845,遠東銀,21,0,21,台新-建北,2023-02-23,8151
3607,谷崧,20,0,20,台新-建北,2023-02-23,8151
8150,南茂,21,1,20,台新-建北,2023-02-23,8151
2404,漢唐,20,1,19,台新-建北,2023-02-23,8151
2363,矽統,23,4,19,台新-建北,2023-02-23,8151
3481,群創,45,28,17,台新-建北,2023-02-23,8151
00720B,元大投資級公司債,17,0,17,台新-建北,2023-02-23,8151
00725B,國泰投資級公司債,17,0,17,台新-建北,2023-02-23,8151
2884,玉山金,17,1,16,台新-建北,2023-02-23,8151
6188,廣明,16,1,15,台新-建北,2023-02-23,8151
2929,淘帝-KY,20,5,15,台新-建北,2023-02-23,8151
3545,敦泰,15,0,15,台新-建北,2023-02-23,8151
8289,泰藝,17,2,15,台新-建北,2023-02-23,8151
6806,森崴能源,15,0,15,台新-建北,2023-02-23,8151
8940,新天地,14,0,14,台新-建北,2023-02-23,8151
1584,精剛,25,11,14,台新-建北,2023-02-23,8151
00670L,富邦NASDAQ正2,14,0,14,台新-建北,2023-02-23,8151
2748,雲品,66,53,13,台新-建北,2023-02-23,8151
4961,天鈺,29,16,13,台新-建北,2023-02-23,8151
00642U,期元大S＆P石油,12,0,12,台新-建北,2023-02-23,8151
00878,國泰永續高股息,19,8,11,台新-建北,2023-02-23,8151
00688L,國泰20年美債正2,11,0,11,台新-建北,2023-02-23,8151
00751B,元大AAA至A公司債,11,0,11,台新-建北,2023-02-23,8151
2002,中鋼,12,1,11,台新-建北,2023-02-23,8151
8074,鉅橡,10,0,10,台新-建北,2023-02-23,8151
2601,益航,371,94,277,台新-建北,2023-02-24,8151
5608,四維航,313,92,221,台新-建北,2023-02-24,8151
2606,裕民,184,36,148,台新-建北,2023-02-24,8151
2612,中航,137,25,112,台新-建北,2023-02-24,8151
8069,元太,113,26,87,台新-建北,2023-02-24,8151
00878,國泰永續高股息,121,45,76,台新-建北,2023-02-24,8151
2317,鴻海,72,8,64,台新-建北,2023-02-24,8151
6235,華孚,102,42,60,台新-建北,2023-02-24,8151
3481,群創,68,13,55,台新-建北,2023-02-24,8151
9105,泰金寶-DR,50,0,50,台新-建北,2023-02-24,8151
00665L,富邦�琤肭磪囓�2,56,7,49,台新-建北,2023-02-24,8151
1336,台翰,65,18,47,台新-建北,2023-02-24,8151
8927,北基,40,0,40,台新-建北,2023-02-24,8151
00632R,元大台灣50反1,39,0,39,台新-建北,2023-02-24,8151
6125,廣運,45,10,35,台新-建北,2023-02-24,8151
2883,凱基金,32,0,32,台新-建北,2023-02-24,8151
2399,映泰,56,28,28,台新-建北,2023-02-24,8151
1101,台泥,29,1,28,台新-建北,2023-02-24,8151
00637L,元大滬深300正2,26,0,26,台新-建北,2023-02-24,8151
00882,中信中國高股息,22,1,21,台新-建北,2023-02-24,8151
3081,聯亞,30,9,21,台新-建北,2023-02-24,8151
1504,東元,22,1,21,台新-建北,2023-02-24,8151
5464,霖宏,66,45,21,台新-建北,2023-02-24,8151
6142,友勁,20,0,20,台新-建北,2023-02-24,8151
4760,勤凱,20,0,20,台新-建北,2023-02-24,8151
2332,友訊,20,0,20,台新-建北,2023-02-24,8151
2615,萬海,27,8,19,台新-建北,2023-02-24,8151
2014,中鴻,50,31,19,台新-建北,2023-02-24,8151
2352,佳世達,21,2,19,台新-建北,2023-02-24,8151
3017,奇鋐,45,26,19,台新-建北,2023-02-24,8151
3624,光頡,20,2,18,台新-建北,2023-02-24,8151
2739,寒舍,18,0,18,台新-建北,2023-02-24,8151
5258,虹堡,31,15,16,台新-建北,2023-02-24,8151
2425,承啟,19,4,15,台新-建北,2023-02-24,8151
3013,晟銘電,17,2,15,台新-建北,2023-02-24,8151
1701,中化,15,0,15,台新-建北,2023-02-24,8151
6643,M31,24,10,14,台新-建北,2023-02-24,8151
4102,永日,14,0,14,台新-建北,2023-02-24,8151
6282,康舒,18,4,14,台新-建北,2023-02-24,8151
5905,南仁湖,13,0,13,台新-建北,2023-02-24,8151
2867,三商壽,13,0,13,台新-建北,2023-02-24,8151
3557,嘉威,12,0,12,台新-建北,2023-02-24,8151
2886,兆豐金,14,2,12,台新-建北,2023-02-24,8151
4904,遠傳,11,0,11,台新-建北,2023-02-24,8151
6517,保勝光學,12,1,11,台新-建北,2023-02-24,8151
3094,聯傑,11,0,11,台新-建北,2023-02-24,8151
6274,台燿,11,0,11,台新-建北,2023-02-24,8151
8289,泰藝,48,37,11,台新-建北,2023-02-24,8151
6179,亞通,11,0,11,台新-建北,2023-02-24,8151
8046,南電,12,2,10,台新-建北,2023-02-24,8151
1210,大成,113,14,99,台新-建北,2023-03-01,8151
1513,中興電,119,24,95,台新-建北,2023-03-01,8151
1605,華新,126,31,95,台新-建北,2023-03-01,8151
2014,中鴻,106,27,79,台新-建北,2023-03-01,8151
3675,德微,76,1,75,台新-建北,2023-03-01,8151
00878,國泰永續高股息,87,33,54,台新-建北,2023-03-01,8151
2739,寒舍,40,0,40,台新-建北,2023-03-01,8151
2882,國泰金,40,1,39,台新-建北,2023-03-01,8151
6643,M31,45,9,36,台新-建北,2023-03-01,8151
2888,新光金,35,0,35,台新-建北,2023-03-01,8151
3290,東浦,37,2,35,台新-建北,2023-03-01,8151
8931,大汽電,34,0,34,台新-建北,2023-03-01,8151
3708,上緯投控,33,0,33,台新-建北,2023-03-01,8151
6191,精成科,31,0,31,台新-建北,2023-03-01,8151
1216,統一,81,51,30,台新-建北,2023-03-01,8151
2603,長榮,44,14,30,台新-建北,2023-03-01,8151
5608,四維航,79,50,29,台新-建北,2023-03-01,8151
00712,復華富時不動產,28,0,28,台新-建北,2023-03-01,8151
2812,台中銀,30,2,28,台新-建北,2023-03-01,8151
2605,新興,144,118,26,台新-建北,2023-03-01,8151
2206,三陽工業,26,0,26,台新-建北,2023-03-01,8151
4533,協易機,26,0,26,台新-建北,2023-03-01,8151
3093,港建*,22,0,22,台新-建北,2023-03-01,8151
6669,緯穎,22,0,22,台新-建北,2023-03-01,8151
2637,慧洋-KY,65,43,22,台新-建北,2023-03-01,8151
2601,益航,35,14,21,台新-建北,2023-03-01,8151
2352,佳世達,20,0,20,台新-建北,2023-03-01,8151
5410,國眾,20,0,20,台新-建北,2023-03-01,8151
1524,耿鼎,19,0,19,台新-建北,2023-03-01,8151
1101,台泥,25,6,19,台新-建北,2023-03-01,8151
2002,中鋼,19,1,18,台新-建北,2023-03-01,8151
00882,中信中國高股息,17,0,17,台新-建北,2023-03-01,8151
00688L,國泰20年美債正2,16,0,16,台新-建北,2023-03-01,8151
00680L,元大美債20正2,16,0,16,台新-建北,2023-03-01,8151
4114,健喬,18,2,16,台新-建北,2023-03-01,8151
2606,裕民,33,18,15,台新-建北,2023-03-01,8151
5425,台半,15,0,15,台新-建北,2023-03-01,8151
0056,元大高股息,17,3,14,台新-建北,2023-03-01,8151
2368,金像電,24,10,14,台新-建北,2023-03-01,8151
1219,福壽,38,24,14,台新-建北,2023-03-01,8151
2103,台橡,13,0,13,台新-建北,2023-03-01,8151
4923,力士,15,2,13,台新-建北,2023-03-01,8151
2023,燁輝,12,1,11,台新-建北,2023-03-01,8151
1609,大亞,11,0,11,台新-建北,2023-03-01,8151
1709,和益,28,17,11,台新-建北,2023-03-01,8151
2498,宏達電,42,31,11,台新-建北,2023-03-01,8151
3520,華盈,10,0,10,台新-建北,2023-03-01,8151
5512,力麒,10,0,10,台新-建北,2023-03-01,8151
2614,東森,10,0,10,台新-建北,2023-03-01,8151
3322,建舜電,10,0,10,台新-建北,2023-03-01,8151
00878,國泰永續高股息,124,2,122,台新-建北,2023-03-02,8151
00712,復華富時不動產,75,0,75,台新-建北,2023-03-02,8151
2102,泰豐,73,0,73,台新-建北,2023-03-02,8151
1218,泰山,50,0,50,台新-建北,2023-03-02,8151
00679B,元大美債20年,50,1,49,台新-建北,2023-03-02,8151
2359,所羅門,65,23,42,台新-建北,2023-03-02,8151
5905,南仁湖,32,0,32,台新-建北,2023-03-02,8151
1605,華新,97,67,30,台新-建北,2023-03-02,8151
00680L,元大美債20正2,28,0,28,台新-建北,2023-03-02,8151
5410,國眾,26,0,26,台新-建北,2023-03-02,8151
6477,安集,25,0,25,台新-建北,2023-03-02,8151
5258,虹堡,90,66,24,台新-建北,2023-03-02,8151
2884,玉山金,24,1,23,台新-建北,2023-03-02,8151
2888,新光金,20,0,20,台新-建北,2023-03-02,8151
00671R,富邦NASDAQ反1,20,0,20,台新-建北,2023-03-02,8151
3224,三顧,21,3,18,台新-建北,2023-03-02,8151
2886,兆豐金,18,0,18,台新-建北,2023-03-02,8151
3675,德微,29,12,17,台新-建北,2023-03-02,8151
1540,喬福,15,0,15,台新-建北,2023-03-02,8151
6517,保勝光學,17,2,15,台新-建北,2023-03-02,8151
3661,世芯-KY,17,2,15,台新-建北,2023-03-02,8151
00637L,元大滬深300正2,14,0,14,台新-建北,2023-03-02,8151
8442,威宏-KY,21,7,14,台新-建北,2023-03-02,8151
5353,台林,16,2,14,台新-建北,2023-03-02,8151
2345,智邦,12,0,12,台新-建北,2023-03-02,8151
2601,益航,13,1,12,台新-建北,2023-03-02,8151
2887,台新金,14,2,12,台新-建北,2023-03-02,8151
6669,緯穎,11,0,11,台新-建北,2023-03-02,8151
1438,三地開發,11,0,11,台新-建北,2023-03-02,8151
00713,元大台灣高息低波,11,0,11,台新-建北,2023-03-02,8151
8996,高力,23,13,10,台新-建北,2023-03-02,8151
3094,聯傑,10,0,10,台新-建北,2023-03-02,8151
3362,先進光,39,29,10,台新-建北,2023-03-02,8151
2495,普安,10,0,10,台新-建北,2023-03-02,8151
3037,欣興,67,58,9,台新-建北,2023-03-02,8151
2892,第一金,9,0,9,台新-建北,2023-03-02,8151
1514,亞力,9,0,9,台新-建北,2023-03-02,8151
5607,遠雄港,13,4,9,台新-建北,2023-03-02,8151
6561,是方,9,0,9,台新-建北,2023-03-02,8151
00772B,中信高評級公司債,8,0,8,台新-建北,2023-03-02,8151
2641,正德,58,50,8,台新-建北,2023-03-02,8151
2023,燁輝,16,8,8,台新-建北,2023-03-02,8151
2027,大成鋼,8,0,8,台新-建北,2023-03-02,8151
00725B,國泰投資級公司債,7,0,7,台新-建北,2023-03-02,8151
1439,雋揚,7,0,7,台新-建北,2023-03-02,8151
6123,上奇,7,0,7,台新-建北,2023-03-02,8151
8940,新天地,7,0,7,台新-建北,2023-03-02,8151
4164,承業醫,9,2,7,台新-建北,2023-03-02,8151
3011,今皓,7,0,7,台新-建北,2023-03-02,8151
006208,富邦台50,6,0,6,台新-建北,2023-03-02,8151
3481,群創,268,86,182,台新-建北,2023-03-03,8151
00664R,國泰臺灣加權反1,100,0,100,台新-建北,2023-03-03,8151
00679B,元大美債20年,70,0,70,台新-建北,2023-03-03,8151
2388,威盛,93,41,52,台新-建北,2023-03-03,8151
4153,鈺緯,50,0,50,台新-建北,2023-03-03,8151
6120,達運,48,0,48,台新-建北,2023-03-03,8151
00712,復華富時不動產,46,0,46,台新-建北,2023-03-03,8151
00632R,元大台灣50反1,45,0,45,台新-建北,2023-03-03,8151
4533,協易機,44,6,38,台新-建北,2023-03-03,8151
2457,飛宏,167,135,32,台新-建北,2023-03-03,8151
5907,大洋-KY,30,0,30,台新-建北,2023-03-03,8151
3231,緯創,30,2,28,台新-建北,2023-03-03,8151
3529,力旺,25,0,25,台新-建北,2023-03-03,8151
6168,宏齊,24,0,24,台新-建北,2023-03-03,8151
6509,聚和,24,0,24,台新-建北,2023-03-03,8151
2605,新興,59,36,23,台新-建北,2023-03-03,8151
3362,先進光,104,81,23,台新-建北,2023-03-03,8151
3035,智原,77,55,22,台新-建北,2023-03-03,8151
6148,驊宏資,24,4,20,台新-建北,2023-03-03,8151
8227,巨有科技,34,15,19,台新-建北,2023-03-03,8151
00885,富邦越南,18,0,18,台新-建北,2023-03-03,8151
1219,福壽,28,12,16,台新-建北,2023-03-03,8151
2498,宏達電,30,14,16,台新-建北,2023-03-03,8151
3029,零壹,19,3,16,台新-建北,2023-03-03,8151
6129,普誠,15,0,15,台新-建北,2023-03-03,8151
6561,是方,14,0,14,台新-建北,2023-03-03,8151
2887,台新金,15,2,13,台新-建北,2023-03-03,8151
6140,訊達,17,4,13,台新-建北,2023-03-03,8151
6112,邁達特,21,8,13,台新-建北,2023-03-03,8151
1591,駿吉-KY,12,0,12,台新-建北,2023-03-03,8151
00902,中信電池及儲能,12,0,12,台新-建北,2023-03-03,8151
8104,錸寶,12,0,12,台新-建北,2023-03-03,8151
3078,僑威,12,0,12,台新-建北,2023-03-03,8151
5607,遠雄港,12,0,12,台新-建北,2023-03-03,8151
6770,力積電,22,10,12,台新-建北,2023-03-03,8151
00751B,元大AAA至A公司債,11,0,11,台新-建北,2023-03-03,8151
2897,王道銀行,11,0,11,台新-建北,2023-03-03,8151
1541,錩泰,11,0,11,台新-建北,2023-03-03,8151
5353,台林,11,0,11,台新-建北,2023-03-03,8151
4979,華星光,17,6,11,台新-建北,2023-03-03,8151
00772B,中信高評級公司債,11,0,11,台新-建北,2023-03-03,8151
6170,統振,12,1,11,台新-建北,2023-03-03,8151
8927,北基,11,0,11,台新-建北,2023-03-03,8151
1605,華新,18,8,10,台新-建北,2023-03-03,8151
2105,正新,10,0,10,台新-建北,2023-03-03,8151
2884,玉山金,11,0,11,台新-建北,2023-03-03,8151
00897,富邦基因免疫生技,10,0,10,台新-建北,2023-03-03,8151
3356,奇偶,120,110,10,台新-建北,2023-03-03,8151
2618,長榮航,42,32,10,台新-建北,2023-03-03,8151
2436,偉詮電,25,15,10,台新-建北,2023-03-03,8151
00632R,元大台灣50反1,727,0,727,台新-建北,2023-03-06,8151
00673R,期元大S＆P原油反1,114,0,114,台新-建北,2023-03-06,8151
3479,安勤,85,3,82,台新-建北,2023-03-06,8151
6282,康舒,184,103,81,台新-建北,2023-03-06,8151
3481,群創,209,128,81,台新-建北,2023-03-06,8151
3443,創意,70,10,60,台新-建北,2023-03-06,8151
2481,強茂,180,121,59,台新-建北,2023-03-06,8151
2618,長榮航,79,27,52,台新-建北,2023-03-06,8151
1540,喬福,46,0,46,台新-建北,2023-03-06,8151
6770,力積電,81,37,44,台新-建北,2023-03-06,8151
6603,富強鑫,44,1,43,台新-建北,2023-03-06,8151
2349,錸德,41,0,41,台新-建北,2023-03-06,8151
2023,燁輝,35,0,35,台新-建北,2023-03-06,8151
5011,久陽,31,0,31,台新-建北,2023-03-06,8151
8074,鉅橡,30,1,29,台新-建北,2023-03-06,8151
4923,力士,27,0,27,台新-建北,2023-03-06,8151
1532,勤美,25,0,25,台新-建北,2023-03-06,8151
2609,陽明,46,21,25,台新-建北,2023-03-06,8151
9902,台火,25,0,25,台新-建北,2023-03-06,8151
8227,巨有科技,27,2,25,台新-建北,2023-03-06,8151
4973,廣穎,24,0,24,台新-建北,2023-03-06,8151
2409,友達,61,39,22,台新-建北,2023-03-06,8151
2444,兆勁,23,1,22,台新-建北,2023-03-06,8151
2017,官田鋼,25,5,20,台新-建北,2023-03-06,8151
1108,幸福,22,2,20,台新-建北,2023-03-06,8151
3321,同泰,20,0,20,台新-建北,2023-03-06,8151
3059,華晶科,20,0,20,台新-建北,2023-03-06,8151
9105,泰金寶-DR,20,0,20,台新-建北,2023-03-06,8151
5701,劍湖山,20,0,20,台新-建北,2023-03-06,8151
6234,高僑,20,0,20,台新-建北,2023-03-06,8151
2344,華邦電,38,19,19,台新-建北,2023-03-06,8151
6558,興能高,18,0,18,台新-建北,2023-03-06,8151
6174,安��,17,0,17,台新-建北,2023-03-06,8151
00713,元大台灣高息低波,17,1,16,台新-建北,2023-03-06,8151
2064,晉椿,16,0,16,台新-建北,2023-03-06,8151
00679B,元大美債20年,16,0,16,台新-建北,2023-03-06,8151
3078,僑威,16,0,16,台新-建北,2023-03-06,8151
5608,四維航,41,25,16,台新-建北,2023-03-06,8151
2478,大毅,15,0,15,台新-建北,2023-03-06,8151
6438,迅得,15,0,15,台新-建北,2023-03-06,8151
3290,東浦,16,1,15,台新-建北,2023-03-06,8151
2885,元大金,14,0,14,台新-建北,2023-03-06,8151
4960,誠美材,14,0,14,台新-建北,2023-03-06,8151
2641,正德,21,7,14,台新-建北,2023-03-06,8151
6175,立敦,14,0,14,台新-建北,2023-03-06,8151
1506,正道,13,0,13,台新-建北,2023-03-06,8151
00664R,國泰臺灣加權反1,13,0,13,台新-建北,2023-03-06,8151
2243,宏旭-KY,13,0,13,台新-建北,2023-03-06,8151
2637,慧洋-KY,31,18,13,台新-建北,2023-03-06,8151
1605,華新,27,14,13,台新-建北,2023-03-06,8151
00632R,元大台灣50反1,288,50,238,台新-建北,2023-03-07,8151
6129,普誠,102,5,97,台新-建北,2023-03-07,8151
2371,大同,71,15,56,台新-建北,2023-03-07,8151
6288,聯嘉,51,3,48,台新-建北,2023-03-07,8151
2243,宏旭-KY,60,17,43,台新-建北,2023-03-07,8151
3675,德微,67,27,40,台新-建北,2023-03-07,8151
00878,國泰永續高股息,63,23,40,台新-建北,2023-03-07,8151
3443,創意,43,4,39,台新-建北,2023-03-07,8151
2609,陽明,55,16,39,台新-建北,2023-03-07,8151
4526,東台,36,0,36,台新-建北,2023-03-07,8151
5410,國眾,29,0,29,台新-建北,2023-03-07,8151
6168,宏齊,28,0,28,台新-建北,2023-03-07,8151
2033,佳大,28,0,28,台新-建北,2023-03-07,8151
4979,華星光,37,10,27,台新-建北,2023-03-07,8151
6770,力積電,28,3,25,台新-建北,2023-03-07,8151
4510,高鋒,25,0,25,台新-建北,2023-03-07,8151
1710,東聯,34,11,23,台新-建北,2023-03-07,8151
2882,國泰金,23,0,23,台新-建北,2023-03-07,8151
5907,大洋-KY,24,1,23,台新-建北,2023-03-07,8151
3224,三顧,22,1,21,台新-建北,2023-03-07,8151
2313,華通,33,12,21,台新-建北,2023-03-07,8151
1409,新纖,20,0,20,台新-建北,2023-03-07,8151
3712,永崴投控,20,0,20,台新-建北,2023-03-07,8151
00671R,富邦NASDAQ反1,20,0,20,台新-建北,2023-03-07,8151
2886,兆豐金,20,1,19,台新-建北,2023-03-07,8151
2641,正德,40,22,18,台新-建北,2023-03-07,8151
6120,達運,18,0,18,台新-建北,2023-03-07,8151
2929,淘帝-KY,18,2,16,台新-建北,2023-03-07,8151
2108,南帝,16,0,16,台新-建北,2023-03-07,8151
2605,新興,40,25,15,台新-建北,2023-03-07,8151
00712,復華富時不動產,15,0,15,台新-建北,2023-03-07,8151
5512,力麒,15,0,15,台新-建北,2023-03-07,8151
3617,碩天,17,3,14,台新-建北,2023-03-07,8151
00673R,期元大S＆P原油反1,14,0,14,台新-建北,2023-03-07,8151
2388,威盛,18,4,14,台新-建北,2023-03-07,8151
8401,白紗科,14,0,14,台新-建北,2023-03-07,8151
6274,台燿,15,2,13,台新-建北,2023-03-07,8151
6227,茂綸,12,0,12,台新-建北,2023-03-07,8151
2405,輔信,12,0,12,台新-建北,2023-03-07,8151
1701,中化,12,0,12,台新-建北,2023-03-07,8151
3011,今皓,12,0,12,台新-建北,2023-03-07,8151
6026,福邦證,12,0,12,台新-建北,2023-03-07,8151
2359,所羅門,30,18,12,台新-建北,2023-03-07,8151
2017,官田鋼,11,0,11,台新-建北,2023-03-07,8151
8111,立��,21,10,11,台新-建北,2023-03-07,8151
3707,漢磊,12,2,10,台新-建北,2023-03-07,8151
6733,博晟生醫,10,0,10,台新-建北,2023-03-07,8151
5388,中磊,14,4,10,台新-建北,2023-03-07,8151
2534,宏盛,10,0,10,台新-建北,2023-03-07,8151
1506,正道,10,0,10,台新-建北,2023-03-07,8151
2313,華通,374,240,134,台新-建北,2023-03-08,8151
1504,東元,123,18,105,台新-建北,2023-03-08,8151
3675,德微,81,12,69,台新-建北,2023-03-08,8151
2457,飛宏,196,133,63,台新-建北,2023-03-08,8151
00665L,富邦�琤肭磪囓�2,61,0,61,台新-建北,2023-03-08,8151
6288,聯嘉,72,25,47,台新-建北,2023-03-08,8151
00919,群益台灣精選高息,47,0,47,台新-建北,2023-03-08,8151
1608,華榮,47,0,47,台新-建北,2023-03-08,8151
1605,華新,85,39,46,台新-建北,2023-03-08,8151
6443,元晶,65,20,45,台新-建北,2023-03-08,8151
1519,華城,143,100,43,台新-建北,2023-03-08,8151
3290,東浦,72,34,38,台新-建北,2023-03-08,8151
00713,元大台灣高息低波,32,1,31,台新-建北,2023-03-08,8151
4904,遠傳,73,43,30,台新-建北,2023-03-08,8151
00664R,國泰臺灣加權反1,30,0,30,台新-建北,2023-03-08,8151
2606,裕民,40,12,28,台新-建北,2023-03-08,8151
3128,昇銳,32,4,28,台新-建北,2023-03-08,8151
9907,統一實,32,5,27,台新-建北,2023-03-08,8151
00753L,中信中國50正2,27,0,27,台新-建北,2023-03-08,8151
2368,金像電,27,1,26,台新-建北,2023-03-08,8151
2618,長榮航,51,26,25,台新-建北,2023-03-08,8151
00923,群益台ESG低碳50,39,14,25,台新-建北,2023-03-08,8151
6142,友勁,42,18,24,台新-建北,2023-03-08,8151
00712,復華富時不動產,28,5,23,台新-建北,2023-03-08,8151
5315,光聯,23,1,22,台新-建北,2023-03-08,8151
00885,富邦越南,22,0,22,台新-建北,2023-03-08,8151
3011,今皓,21,0,21,台新-建北,2023-03-08,8151
6509,聚和,22,1,21,台新-建北,2023-03-08,8151
2929,淘帝-KY,21,0,21,台新-建北,2023-03-08,8151
6770,力積電,30,9,21,台新-建北,2023-03-08,8151
2498,宏達電,23,3,20,台新-建北,2023-03-08,8151
6799,來頡,29,9,20,台新-建北,2023-03-08,8151
3093,港建*,20,0,20,台新-建北,2023-03-08,8151
00680L,元大美債20正2,20,0,20,台新-建北,2023-03-08,8151
2889,國票金,25,6,19,台新-建北,2023-03-08,8151
8033,雷虎,30,11,19,台新-建北,2023-03-08,8151
1701,中化,21,4,17,台新-建北,2023-03-08,8151
6165,浪凡,18,1,17,台新-建北,2023-03-08,8151
4927,泰鼎-KY,17,0,17,台新-建北,2023-03-08,8151
8104,錸寶,19,2,17,台新-建北,2023-03-08,8151
2891,中信金,16,0,16,台新-建北,2023-03-08,8151
5465,富驊,16,0,16,台新-建北,2023-03-08,8151
2486,一詮,21,5,16,台新-建北,2023-03-08,8151
6205,詮欣,83,67,16,台新-建北,2023-03-08,8151
2204,中華,15,0,15,台新-建北,2023-03-08,8151
6274,台燿,16,1,15,台新-建北,2023-03-08,8151
3305,昇貿,19,4,15,台新-建北,2023-03-08,8151
00772B,中信高評級公司債,15,0,15,台新-建北,2023-03-08,8151
8069,元太,32,17,15,台新-建北,2023-03-08,8151
5009,榮剛,72,58,14,台新-建北,2023-03-08,8151
3362,先進光,236,73,163,台新-建北,2023-03-09,8151
2748,雲品,130,12,118,台新-建北,2023-03-09,8151
00878,國泰永續高股息,72,8,64,台新-建北,2023-03-09,8151
2609,陽明,94,43,51,台新-建北,2023-03-09,8151
2891,中信金,50,0,50,台新-建北,2023-03-09,8151
5425,台半,92,49,43,台新-建北,2023-03-09,8151
2607,榮運,56,23,33,台新-建北,2023-03-09,8151
2471,資通,113,82,31,台新-建北,2023-03-09,8151
3037,欣興,67,37,30,台新-建北,2023-03-09,8151
5328,華容,30,0,30,台新-建北,2023-03-09,8151
3163,波若威,30,1,29,台新-建北,2023-03-09,8151
4960,誠美材,29,0,29,台新-建北,2023-03-09,8151
2023,燁輝,29,0,29,台新-建北,2023-03-09,8151
8033,雷虎,29,0,29,台新-建北,2023-03-09,8151
6443,元晶,86,58,28,台新-建北,2023-03-09,8151
9105,泰金寶-DR,26,0,26,台新-建北,2023-03-09,8151
1711,永光,25,0,25,台新-建北,2023-03-09,8151
4566,時碩工業,25,0,25,台新-建北,2023-03-09,8151
1785,光洋科,24,0,24,台新-建北,2023-03-09,8151
2317,鴻海,23,0,23,台新-建北,2023-03-09,8151
3058,立德,23,0,23,台新-建北,2023-03-09,8151
2369,菱生,23,1,22,台新-建北,2023-03-09,8151
00772B,中信高評級公司債,21,0,21,台新-建北,2023-03-09,8151
8046,南電,30,10,20,台新-建北,2023-03-09,8151
00671R,富邦NASDAQ反1,20,0,20,台新-建北,2023-03-09,8151
00664R,國泰臺灣加權反1,20,0,20,台新-建北,2023-03-09,8151
1718,中纖,20,0,20,台新-建北,2023-03-09,8151
7402,邑錡,25,5,20,台新-建北,2023-03-09,8151
6509,聚和,23,4,19,台新-建北,2023-03-09,8151
3714,富采,19,0,19,台新-建北,2023-03-09,8151
3713,新晶投控,19,0,19,台新-建北,2023-03-09,8151
5351,鈺創,31,12,19,台新-建北,2023-03-09,8151
00713,元大台灣高息低波,18,0,18,台新-建北,2023-03-09,8151
6446,藥華藥,19,1,18,台新-建北,2023-03-09,8151
2605,新興,23,5,18,台新-建北,2023-03-09,8151
9907,統一實,32,15,17,台新-建北,2023-03-09,8151
6733,博晟生醫,17,0,17,台新-建北,2023-03-09,8151
3703,欣陸,20,4,16,台新-建北,2023-03-09,8151
4164,承業醫,18,2,16,台新-建北,2023-03-09,8151
3041,揚智,16,0,16,台新-建北,2023-03-09,8151
2489,瑞軒,16,0,16,台新-建北,2023-03-09,8151
2634,漢翔,46,31,15,台新-建北,2023-03-09,8151
6142,友勁,15,0,15,台新-建北,2023-03-09,8151
1240,茂生農經,15,0,15,台新-建北,2023-03-09,8151
6179,亞通,15,0,15,台新-建北,2023-03-09,8151
2409,友達,54,39,15,台新-建北,2023-03-09,8151
00923,群益台ESG低碳50,14,0,14,台新-建北,2023-03-09,8151
3059,華晶科,20,6,14,台新-建北,2023-03-09,8151
6770,力積電,57,43,14,台新-建北,2023-03-09,8151
3710,連展投控,15,2,13,台新-建北,2023-03-09,8151
2453,凌群,400,160,240,台新-建北,2023-03-10,8151
00679B,元大美債20年,177,8,169,台新-建北,2023-03-10,8151
00878,國泰永續高股息,240,71,169,台新-建北,2023-03-10,8151
1218,泰山,162,0,162,台新-建北,2023-03-10,8151
00665L,富邦�琤肭磪囓�2,193,39,154,台新-建北,2023-03-10,8151
00712,復華富時不動產,117,0,117,台新-建北,2023-03-10,8151
3481,群創,106,7,99,台新-建北,2023-03-10,8151
2485,兆赫,62,0,62,台新-建北,2023-03-10,8151
00882,中信中國高股息,54,4,50,台新-建北,2023-03-10,8151
00633L,富邦上証正2,50,0,50,台新-建北,2023-03-10,8151
2881,富邦金,49,1,48,台新-建北,2023-03-10,8151
8222,寶一,66,19,47,台新-建北,2023-03-10,8151
2891,中信金,45,0,45,台新-建北,2023-03-10,8151
3675,德微,105,64,41,台新-建北,2023-03-10,8151
2105,正新,40,0,40,台新-建北,2023-03-10,8151
2023,燁輝,39,0,39,台新-建北,2023-03-10,8151
2887,台新金,41,3,38,台新-建北,2023-03-10,8151
8069,元太,48,13,35,台新-建北,2023-03-10,8151
2883,凱基金,32,0,32,台新-建北,2023-03-10,8151
8936,國統,33,1,32,台新-建北,2023-03-10,8151
00713,元大台灣高息低波,42,10,32,台新-建北,2023-03-10,8151
00715L,期街口布蘭特正2,31,0,31,台新-建北,2023-03-10,8151
2302,麗正,31,0,31,台新-建北,2023-03-10,8151
4510,高鋒,31,0,31,台新-建北,2023-03-10,8151
2371,大同,40,12,28,台新-建北,2023-03-10,8151
2017,官田鋼,27,0,27,台新-建北,2023-03-10,8151
6741,91APP*-KY,30,3,27,台新-建北,2023-03-10,8151
4566,時碩工業,25,0,25,台新-建北,2023-03-10,8151
2025,千興,28,4,24,台新-建北,2023-03-10,8151
2402,毅嘉,46,22,24,台新-建北,2023-03-10,8151
2929,淘帝-KY,28,5,23,台新-建北,2023-03-10,8151
00893,國泰智能電動車,23,0,23,台新-建北,2023-03-10,8151
00923,群益台ESG低碳50,27,6,21,台新-建北,2023-03-10,8151
1101,台泥,33,12,21,台新-建北,2023-03-10,8151
00676R,富邦臺灣加權反1,20,0,20,台新-建北,2023-03-10,8151
1524,耿鼎,38,18,20,台新-建北,2023-03-10,8151
6176,瑞儀,20,0,20,台新-建北,2023-03-10,8151
2888,新光金,20,0,20,台新-建北,2023-03-10,8151
3290,東浦,20,0,20,台新-建北,2023-03-10,8151
2614,東森,27,7,20,台新-建北,2023-03-10,8151
4164,承業醫,27,9,18,台新-建北,2023-03-10,8151
7402,邑錡,23,6,17,台新-建北,2023-03-10,8151
8084,巨虹,18,1,17,台新-建北,2023-03-10,8151
2427,三商電,16,0,16,台新-建北,2023-03-10,8151
5608,四維航,63,47,16,台新-建北,2023-03-10,8151
6282,康舒,22,6,16,台新-建北,2023-03-10,8151
00683L,期元大美元指正2,15,0,15,台新-建北,2023-03-10,8151
2337,旺宏,15,0,15,台新-建北,2023-03-10,8151
3576,聯合再生,15,0,15,台新-建北,2023-03-10,8151
1474,弘裕,15,0,15,台新-建北,2023-03-10,8151
3481,群創,447,51,396,台新-建北,2023-03-13,8151
00878,國泰永續高股息,251,8,243,台新-建北,2023-03-13,8151
00712,復華富時不動產,75,0,75,台新-建北,2023-03-13,8151
00923,群益台ESG低碳50,64,0,64,台新-建北,2023-03-13,8151
2634,漢翔,101,41,60,台新-建北,2023-03-13,8151
1451,年興,51,0,51,台新-建北,2023-03-13,8151
6235,華孚,162,112,50,台新-建北,2023-03-13,8151
2609,陽明,106,59,47,台新-建北,2023-03-13,8151
2888,新光金,56,11,45,台新-建北,2023-03-13,8151
00680L,元大美債20正2,45,0,45,台新-建北,2023-03-13,8151
2330,台積電,44,1,43,台新-建北,2023-03-13,8151
2897,王道銀行,40,0,40,台新-建北,2023-03-13,8151
2882,國泰金,38,2,36,台新-建北,2023-03-13,8151
9105,泰金寶-DR,25,0,25,台新-建北,2023-03-13,8151
3675,德微,35,11,24,台新-建北,2023-03-13,8151
3624,光頡,45,21,24,台新-建北,2023-03-13,8151
2884,玉山金,21,1,20,台新-建北,2023-03-13,8151
2303,聯電,33,13,20,台新-建北,2023-03-13,8151
0056,元大高股息,49,29,20,台新-建北,2023-03-13,8151
6245,立端,43,24,19,台新-建北,2023-03-13,8151
2885,元大金,19,0,19,台新-建北,2023-03-13,8151
1218,泰山,21,2,19,台新-建北,2023-03-13,8151
4163,鐿鈦,20,2,18,台新-建北,2023-03-13,8151
9945,潤泰新,16,0,16,台新-建北,2023-03-13,8151
3049,精金,16,0,16,台新-建北,2023-03-13,8151
2312,金寶,18,2,16,台新-建北,2023-03-13,8151
3029,零壹,31,15,16,台新-建北,2023-03-13,8151
6282,康舒,31,15,16,台新-建北,2023-03-13,8151
2504,國產,20,5,15,台新-建北,2023-03-13,8151
1316,上曜,53,38,15,台新-建北,2023-03-13,8151
00637L,元大滬深300正2,13,0,13,台新-建北,2023-03-13,8151
1440,南紡,13,0,13,台新-建北,2023-03-13,8151
2726,雅茗-KY,13,0,13,台新-建北,2023-03-13,8151
2890,永豐金,12,0,12,台新-建北,2023-03-13,8151
2409,友達,12,0,12,台新-建北,2023-03-13,8151
2388,威盛,60,48,12,台新-建北,2023-03-13,8151
2546,根基,12,0,12,台新-建北,2023-03-13,8151
2371,大同,18,6,12,台新-建北,2023-03-13,8151
3494,誠研,14,2,12,台新-建北,2023-03-13,8151
4102,永日,12,0,12,台新-建北,2023-03-13,8151
2892,第一金,11,0,11,台新-建北,2023-03-13,8151
1569,濱川,11,0,11,台新-建北,2023-03-13,8151
6741,91APP*-KY,18,7,11,台新-建北,2023-03-13,8151
6191,精成科,26,15,11,台新-建北,2023-03-13,8151
1709,和益,32,21,11,台新-建北,2023-03-13,8151
6104,創惟,17,6,11,台新-建北,2023-03-13,8151
00900,富邦特選高股息30,11,1,10,台新-建北,2023-03-13,8151
2014,中鴻,10,0,10,台新-建北,2023-03-13,8151
6747,亨泰光,10,0,10,台新-建北,2023-03-13,8151
2515,中工,10,0,10,台新-建北,2023-03-13,8151
00878,國泰永續高股息,259,12,247,台新-建北,2023-03-14,8151
00712,復華富時不動產,80,0,80,台新-建北,2023-03-14,8151
2618,長榮航,88,15,73,台新-建北,2023-03-14,8151
00665L,富邦�琤肭磪囓�2,61,0,61,台新-建北,2023-03-14,8151
1513,中興電,160,105,55,台新-建北,2023-03-14,8151
2845,遠東銀,51,0,51,台新-建北,2023-03-14,8151
00633L,富邦上証正2,50,0,50,台新-建北,2023-03-14,8151
2882,國泰金,46,3,43,台新-建北,2023-03-14,8151
2834,臺企銀,45,6,39,台新-建北,2023-03-14,8151
6443,元晶,55,16,39,台新-建北,2023-03-14,8151
0056,元大高股息,42,6,36,台新-建北,2023-03-14,8151
00715L,期街口布蘭特正2,36,0,36,台新-建北,2023-03-14,8151
2881,富邦金,37,4,33,台新-建北,2023-03-14,8151
2891,中信金,32,0,32,台新-建北,2023-03-14,8151
2888,新光金,34,2,32,台新-建北,2023-03-14,8151
3231,緯創,30,0,30,台新-建北,2023-03-14,8151
2302,麗正,30,0,30,台新-建北,2023-03-14,8151
2887,台新金,30,0,30,台新-建北,2023-03-14,8151
00679B,元大美債20年,30,1,29,台新-建北,2023-03-14,8151
6288,聯嘉,28,0,28,台新-建北,2023-03-14,8151
3024,憶聲,28,0,28,台新-建北,2023-03-14,8151
3078,僑威,38,12,26,台新-建北,2023-03-14,8151
00680L,元大美債20正2,29,3,26,台新-建北,2023-03-14,8151
2884,玉山金,28,3,25,台新-建北,2023-03-14,8151
2883,凱基金,23,0,23,台新-建北,2023-03-14,8151
00642U,期元大S＆P石油,28,6,22,台新-建北,2023-03-14,8151
3162,精確,42,20,22,台新-建北,2023-03-14,8151
2485,兆赫,20,0,20,台新-建北,2023-03-14,8151
00885,富邦越南,24,5,19,台新-建北,2023-03-14,8151
00893,國泰智能電動車,19,0,19,台新-建北,2023-03-14,8151
6104,創惟,19,1,18,台新-建北,2023-03-14,8151
00882,中信中國高股息,17,1,16,台新-建北,2023-03-14,8151
2880,華南金,17,0,17,台新-建北,2023-03-14,8151
3454,晶睿,26,10,16,台新-建北,2023-03-14,8151
3027,盛達,24,9,15,台新-建北,2023-03-14,8151
8046,南電,18,4,14,台新-建北,2023-03-14,8151
00713,元大台灣高息低波,16,2,14,台新-建北,2023-03-14,8151
2630,亞航,14,0,14,台新-建北,2023-03-14,8151
8076,伍豐,19,5,14,台新-建北,2023-03-14,8151
2489,瑞軒,13,0,13,台新-建北,2023-03-14,8151
2206,三陽工業,16,3,13,台新-建北,2023-03-14,8151
3013,晟銘電,13,0,13,台新-建北,2023-03-14,8151
2023,燁輝,13,0,13,台新-建北,2023-03-14,8151
3029,零壹,18,6,12,台新-建北,2023-03-14,8151
2892,第一金,12,0,12,台新-建北,2023-03-14,8151
9933,中鼎,13,1,12,台新-建北,2023-03-14,8151
2890,永豐金,13,1,12,台新-建北,2023-03-14,8151
2889,國票金,15,4,11,台新-建北,2023-03-14,8151
3209,全科,12,1,11,台新-建北,2023-03-14,8151
3037,欣興,36,26,10,台新-建北,2023-03-14,8151
00671R,富邦NASDAQ反1,120,0,120,台新-建北,2023-03-15,8151
00664R,國泰臺灣加權反1,120,50,70,台新-建北,2023-03-15,8151
2867,三商壽,70,1,69,台新-建北,2023-03-15,8151
3162,精確,90,28,62,台新-建北,2023-03-15,8151
3231,緯創,57,4,53,台新-建北,2023-03-15,8151
1314,中石化,56,5,51,台新-建北,2023-03-15,8151
2603,長榮,123,76,47,台新-建北,2023-03-15,8151
3037,欣興,67,25,42,台新-建北,2023-03-15,8151
4976,佳凌,45,4,41,台新-建北,2023-03-15,8151
00713,元大台灣高息低波,40,3,37,台新-建北,2023-03-15,8151
00715L,期街口布蘭特正2,34,0,34,台新-建北,2023-03-15,8151
00680L,元大美債20正2,32,0,32,台新-建北,2023-03-15,8151
6790,永豐實,30,0,30,台新-建北,2023-03-15,8151
2610,華航,35,6,29,台新-建北,2023-03-15,8151
2425,承啟,28,0,28,台新-建北,2023-03-15,8151
2614,東森,38,11,27,台新-建北,2023-03-15,8151
5371,中光電,30,3,27,台新-建北,2023-03-15,8151
00633L,富邦上証正2,25,0,25,台新-建北,2023-03-15,8151
2371,大同,55,31,24,台新-建北,2023-03-15,8151
5340,建榮,23,0,23,台新-建北,2023-03-15,8151
6235,華孚,36,14,22,台新-建北,2023-03-15,8151
6163,華電網,26,4,22,台新-建北,2023-03-15,8151
2891,中信金,22,0,22,台新-建北,2023-03-15,8151
2457,飛宏,143,122,21,台新-建北,2023-03-15,8151
6129,普誠,27,7,20,台新-建北,2023-03-15,8151
1525,江申,20,0,20,台新-建北,2023-03-15,8151
6531,愛普*,48,28,20,台新-建北,2023-03-15,8151
5512,力麒,20,0,20,台新-建北,2023-03-15,8151
2883,凱基金,20,2,18,台新-建北,2023-03-15,8151
2609,陽明,83,65,18,台新-建北,2023-03-15,8151
2915,潤泰全,24,7,17,台新-建北,2023-03-15,8151
5608,四維航,23,6,17,台新-建北,2023-03-15,8151
2890,永豐金,17,0,17,台新-建北,2023-03-15,8151
2882,國泰金,18,1,17,台新-建北,2023-03-15,8151
00712,復華富時不動產,15,0,15,台新-建北,2023-03-15,8151
2888,新光金,24,9,15,台新-建北,2023-03-15,8151
3443,創意,22,8,14,台新-建北,2023-03-15,8151
2641,正德,37,23,14,台新-建北,2023-03-15,8151
00642U,期元大S＆P石油,14,0,14,台新-建北,2023-03-15,8151
2880,華南金,16,2,14,台新-建北,2023-03-15,8151
9945,潤泰新,14,1,13,台新-建北,2023-03-15,8151
00923,群益台ESG低碳50,13,0,13,台新-建北,2023-03-15,8151
3022,威強電,13,0,13,台新-建北,2023-03-15,8151
00632R,元大台灣50反1,18,5,13,台新-建北,2023-03-15,8151
8367,建新國際,12,0,12,台新-建北,2023-03-15,8151
6288,聯嘉,12,0,12,台新-建北,2023-03-15,8151
2002,中鋼,12,0,12,台新-建北,2023-03-15,8151
8069,元太,12,0,12,台新-建北,2023-03-15,8151
2027,大成鋼,13,1,12,台新-建北,2023-03-15,8151
1319,東陽,11,0,11,台新-建北,2023-03-15,8151
6235,華孚,305,107,198,台新-建北,2023-03-16,8151
00878,國泰永續高股息,225,44,181,台新-建北,2023-03-16,8151
00715L,期街口布蘭特正2,120,4,116,台新-建北,2023-03-16,8151
2883,凱基金,123,20,103,台新-建北,2023-03-16,8151
3006,晶豪科,80,0,80,台新-建北,2023-03-16,8151
6477,安集,87,16,71,台新-建北,2023-03-16,8151
00632R,元大台灣50反1,90,25,65,台新-建北,2023-03-16,8151
1314,中石化,83,18,65,台新-建北,2023-03-16,8151
2891,中信金,65,5,60,台新-建北,2023-03-16,8151
2884,玉山金,62,2,60,台新-建北,2023-03-16,8151
2834,臺企銀,103,52,51,台新-建北,2023-03-16,8151
6161,捷波,50,0,50,台新-建北,2023-03-16,8151
0056,元大高股息,50,10,40,台新-建北,2023-03-16,8151
3189,景碩,40,0,40,台新-建北,2023-03-16,8151
2887,台新金,35,1,34,台新-建北,2023-03-16,8151
2614,東森,48,16,32,台新-建北,2023-03-16,8151
2027,大成鋼,38,8,30,台新-建北,2023-03-16,8151
00712,復華富時不動產,44,15,29,台新-建北,2023-03-16,8151
2603,長榮,81,52,29,台新-建北,2023-03-16,8151
2206,三陽工業,32,4,28,台新-建北,2023-03-16,8151
2888,新光金,55,27,28,台新-建北,2023-03-16,8151
2880,華南金,30,3,27,台新-建北,2023-03-16,8151
2881,富邦金,46,22,24,台新-建北,2023-03-16,8151
2882,國泰金,35,12,23,台新-建北,2023-03-16,8151
3264,欣銓,39,17,22,台新-建北,2023-03-16,8151
9945,潤泰新,122,101,21,台新-建北,2023-03-16,8151
2002,中鋼,21,1,20,台新-建北,2023-03-16,8151
6790,永豐實,20,0,20,台新-建北,2023-03-16,8151
2408,南亞科,22,2,20,台新-建北,2023-03-16,8151
8928,鉅明,20,0,20,台新-建北,2023-03-16,8151
8421,旭源,20,1,19,台新-建北,2023-03-16,8151
1101,台泥,21,3,18,台新-建北,2023-03-16,8151
00713,元大台灣高息低波,19,2,17,台新-建北,2023-03-16,8151
6691,洋基工程,21,4,17,台新-建北,2023-03-16,8151
2497,怡利電,17,0,17,台新-建北,2023-03-16,8151
5269,祥碩,23,6,17,台新-建北,2023-03-16,8151
6116,彩晶,15,0,15,台新-建北,2023-03-16,8151
2345,智邦,13,0,13,台新-建北,2023-03-16,8151
3680,家登,13,1,12,台新-建北,2023-03-16,8151
1712,興農,12,0,12,台新-建北,2023-03-16,8151
00882,中信中國高股息,12,0,12,台新-建北,2023-03-16,8151
3521,鴻翊,12,0,12,台新-建北,2023-03-16,8151
5880,合庫金,11,0,11,台新-建北,2023-03-16,8151
1611,中電,95,84,11,台新-建北,2023-03-16,8151
3661,世芯-KY,48,37,11,台新-建北,2023-03-16,8151
8936,國統,11,1,10,台新-建北,2023-03-16,8151
2211,長榮鋼,10,0,10,台新-建北,2023-03-16,8151
3265,台星科,10,0,10,台新-建北,2023-03-16,8151
00688L,國泰20年美債正2,10,0,10,台新-建北,2023-03-16,8151
00671R,富邦NASDAQ反1,10,0,10,台新-建北,2023-03-16,8151
2618,長榮航,204,24,180,台新-建北,2023-03-17,8151
00632R,元大台灣50反1,142,1,141,台新-建北,2023-03-17,8151
2430,燦坤,82,0,82,台新-建北,2023-03-17,8151
2206,三陽工業,103,22,81,台新-建北,2023-03-17,8151
00671R,富邦NASDAQ反1,75,0,75,台新-建北,2023-03-17,8151
1513,中興電,90,17,73,台新-建北,2023-03-17,8151
6244,茂迪,104,34,70,台新-建北,2023-03-17,8151
00712,復華富時不動產,65,0,65,台新-建北,2023-03-17,8151
2834,臺企銀,95,32,63,台新-建北,2023-03-17,8151
2882,國泰金,66,3,63,台新-建北,2023-03-17,8151
2881,富邦金,71,23,48,台新-建北,2023-03-17,8151
2457,飛宏,213,168,45,台新-建北,2023-03-17,8151
5483,中美晶,48,9,39,台新-建北,2023-03-17,8151
2471,資通,46,12,34,台新-建北,2023-03-17,8151
6288,聯嘉,44,10,34,台新-建北,2023-03-17,8151
2392,正崴,77,43,34,台新-建北,2023-03-17,8151
2409,友達,39,6,33,台新-建北,2023-03-17,8151
00885,富邦越南,34,2,32,台新-建北,2023-03-17,8151
3479,安勤,55,23,32,台新-建北,2023-03-17,8151
00713,元大台灣高息低波,30,0,30,台新-建北,2023-03-17,8151
2891,中信金,29,0,29,台新-建北,2023-03-17,8151
00753L,中信中國50正2,29,0,29,台新-建北,2023-03-17,8151
2884,玉山金,29,2,27,台新-建北,2023-03-17,8151
00715L,期街口布蘭特正2,22,0,22,台新-建北,2023-03-17,8151
2610,華航,24,3,21,台新-建北,2023-03-17,8151
1218,泰山,20,0,20,台新-建北,2023-03-17,8151
1319,東陽,23,4,19,台新-建北,2023-03-17,8151
00665L,富邦�琤肭磪囓�2,20,2,18,台新-建北,2023-03-17,8151
5398,慕康生醫,17,0,17,台新-建北,2023-03-17,8151
1605,華新,33,16,17,台新-建北,2023-03-17,8151
2888,新光金,54,37,17,台新-建北,2023-03-17,8151
0056,元大高股息,16,0,16,台新-建北,2023-03-17,8151
2609,陽明,24,9,15,台新-建北,2023-03-17,8151
3264,欣銓,13,0,13,台新-建北,2023-03-17,8151
1504,東元,16,3,13,台新-建北,2023-03-17,8151
6116,彩晶,14,2,12,台新-建北,2023-03-17,8151
1101,台泥,12,0,12,台新-建北,2023-03-17,8151
2399,映泰,12,1,11,台新-建北,2023-03-17,8151
6799,來頡,14,3,11,台新-建北,2023-03-17,8151
3049,精金,10,0,10,台新-建北,2023-03-17,8151
2385,群光,10,0,10,台新-建北,2023-03-17,8151
2329,華泰,10,0,10,台新-建北,2023-03-17,8151
2419,仲琦,10,0,10,台新-建北,2023-03-17,8151
6191,精成科,10,0,10,台新-建北,2023-03-17,8151
1409,新纖,10,0,10,台新-建北,2023-03-17,8151
2886,兆豐金,10,0,10,台新-建北,2023-03-17,8151
9945,潤泰新,15,6,9,台新-建北,2023-03-17,8151
3594,磐儀,10,1,9,台新-建北,2023-03-17,8151
3312,弘憶股,9,0,9,台新-建北,2023-03-17,8151
3033,威健,11,2,9,台新-建北,2023-03-17,8151
00664R,國泰臺灣加權反1,140,0,140,台新-建北,2023-03-20,8151
00676R,富邦臺灣加權反1,100,0,100,台新-建北,2023-03-20,8151
00878,國泰永續高股息,103,8,95,台新-建北,2023-03-20,8151
6235,華孚,154,62,92,台新-建北,2023-03-20,8151
1519,華城,141,85,56,台新-建北,2023-03-20,8151
00633L,富邦上証正2,50,0,50,台新-建北,2023-03-20,8151
2882,國泰金,49,0,49,台新-建北,2023-03-20,8151
2834,臺企銀,67,18,49,台新-建北,2023-03-20,8151
2359,所羅門,65,18,47,台新-建北,2023-03-20,8151
00637L,元大滬深300正2,38,0,38,台新-建北,2023-03-20,8151
00715L,期街口布蘭特正2,35,1,34,台新-建北,2023-03-20,8151
1589,永冠-KY,34,7,27,台新-建北,2023-03-20,8151
5515,建國,26,0,26,台新-建北,2023-03-20,8151
1319,東陽,28,4,24,台新-建北,2023-03-20,8151
00753L,中信中國50正2,23,0,23,台新-建北,2023-03-20,8151
8936,國統,24,1,23,台新-建北,2023-03-20,8151
8289,泰藝,22,0,22,台新-建北,2023-03-20,8151
4977,眾達-KY,36,14,22,台新-建北,2023-03-20,8151
2891,中信金,23,1,22,台新-建北,2023-03-20,8151
00680L,元大美債20正2,34,12,22,台新-建北,2023-03-20,8151
4966,譜瑞-KY,22,0,22,台新-建北,2023-03-20,8151
2645,長榮航太,23,2,21,台新-建北,2023-03-20,8151
2419,仲琦,21,0,21,台新-建北,2023-03-20,8151
2427,三商電,21,0,21,台新-建北,2023-03-20,8151
00642U,期元大S＆P石油,21,0,21,台新-建北,2023-03-20,8151
2504,國產,20,0,20,台新-建北,2023-03-20,8151
9958,世紀鋼,20,1,19,台新-建北,2023-03-20,8151
00665L,富邦�琤肭磪囓�2,19,0,19,台新-建北,2023-03-20,8151
2884,玉山金,16,1,15,台新-建北,2023-03-20,8151
5269,祥碩,15,0,15,台新-建北,2023-03-20,8151
2883,凱基金,16,1,15,台新-建北,2023-03-20,8151
5483,中美晶,19,5,14,台新-建北,2023-03-20,8151
2890,永豐金,41,28,13,台新-建北,2023-03-20,8151
2409,友達,17,5,12,台新-建北,2023-03-20,8151
3017,奇鋐,43,31,12,台新-建北,2023-03-20,8151
2880,華南金,13,1,12,台新-建北,2023-03-20,8151
3189,景碩,13,1,12,台新-建北,2023-03-20,8151
00713,元大台灣高息低波,11,0,11,台新-建北,2023-03-20,8151
2615,萬海,46,35,11,台新-建北,2023-03-20,8151
2609,陽明,16,6,10,台新-建北,2023-03-20,8151
00772B,中信高評級公司債,11,1,10,台新-建北,2023-03-20,8151
2408,南亞科,10,0,10,台新-建北,2023-03-20,8151
00648R,元大S＆P500反1,10,0,10,台新-建北,2023-03-20,8151
2211,長榮鋼,10,0,10,台新-建北,2023-03-20,8151
2023,燁輝,10,0,10,台新-建北,2023-03-20,8151
6790,永豐實,10,0,10,台新-建北,2023-03-20,8151
9945,潤泰新,38,29,9,台新-建北,2023-03-20,8151
2324,仁寶,14,5,9,台新-建北,2023-03-20,8151
3492,長盛,9,0,9,台新-建北,2023-03-20,8151
1605,華新,22,13,9,台新-建北,2023-03-20,8151
3481,群創,443,248,195,台新-建北,2023-03-21,8151
6266,泰詠,105,0,105,台新-建北,2023-03-21,8151
3037,欣興,135,52,83,台新-建北,2023-03-21,8151
00632R,元大台灣50反1,110,30,80,台新-建北,2023-03-21,8151
2888,新光金,124,51,73,台新-建北,2023-03-21,8151
3189,景碩,61,0,61,台新-建北,2023-03-21,8151
00885,富邦越南,46,0,46,台新-建北,2023-03-21,8151
6244,茂迪,98,58,40,台新-建北,2023-03-21,8151
5347,世界,38,0,38,台新-建北,2023-03-21,8151
3013,晟銘電,80,42,38,台新-建北,2023-03-21,8151
2603,長榮,32,1,31,台新-建北,2023-03-21,8151
2891,中信金,28,1,27,台新-建北,2023-03-21,8151
8070,長華*,25,0,25,台新-建北,2023-03-21,8151
2605,新興,25,0,25,台新-建北,2023-03-21,8151
3322,建舜電,54,30,24,台新-建北,2023-03-21,8151
3661,世芯-KY,29,5,24,台新-建北,2023-03-21,8151
2834,臺企銀,23,1,22,台新-建北,2023-03-21,8151
2344,華邦電,26,4,22,台新-建北,2023-03-21,8151
3045,台灣大,20,0,20,台新-建北,2023-03-21,8151
2023,燁輝,20,0,20,台新-建北,2023-03-21,8151
3715,定穎投控,20,0,20,台新-建北,2023-03-21,8151
9955,佳龍,22,2,20,台新-建北,2023-03-21,8151
2614,東森,20,0,20,台新-建北,2023-03-21,8151
3521,鴻翊,19,0,19,台新-建北,2023-03-21,8151
3011,今皓,25,7,18,台新-建北,2023-03-21,8151
1603,華電,47,29,18,台新-建北,2023-03-21,8151
5608,四維航,35,17,18,台新-建北,2023-03-21,8151
00713,元大台灣高息低波,17,0,17,台新-建北,2023-03-21,8151
2423,固緯,17,0,17,台新-建北,2023-03-21,8151
3711,日月光投控,16,0,16,台新-建北,2023-03-21,8151
2881,富邦金,16,1,15,台新-建北,2023-03-21,8151
3276,宇環,15,0,15,台新-建北,2023-03-21,8151
2419,仲琦,15,0,15,台新-建北,2023-03-21,8151
2399,映泰,17,2,15,台新-建北,2023-03-21,8151
6275,元山,16,1,15,台新-建北,2023-03-21,8151
6248,沛波,13,0,13,台新-建北,2023-03-21,8151
2002,中鋼,14,1,13,台新-建北,2023-03-21,8151
6288,聯嘉,27,14,13,台新-建北,2023-03-21,8151
2462,良得電,22,10,12,台新-建北,2023-03-21,8151
3545,敦泰,28,16,12,台新-建北,2023-03-21,8151
8271,宇瞻,11,0,11,台新-建北,2023-03-21,8151
2457,飛宏,210,199,11,台新-建北,2023-03-21,8151
8131,福懋科,11,0,11,台新-建北,2023-03-21,8151
00712,復華富時不動產,10,0,10,台新-建北,2023-03-21,8151
2332,友訊,10,0,10,台新-建北,2023-03-21,8151
6235,華孚,41,31,10,台新-建北,2023-03-21,8151
2705,六福,10,0,10,台新-建北,2023-03-21,8151
8222,寶一,13,3,10,台新-建北,2023-03-21,8151
4306,炎洲,10,0,10,台新-建北,2023-03-21,8151
2359,所羅門,11,1,10,台新-建北,2023-03-21,8151
00632R,元大台灣50反1,354,62,292,台新-建北,2023-03-22,8151
2413,環科,104,0,104,台新-建北,2023-03-22,8151
00903,富邦元宇宙,100,0,100,台新-建北,2023-03-22,8151
8996,高力,103,8,95,台新-建北,2023-03-22,8151
4931,新盛力,97,4,93,台新-建北,2023-03-22,8151
1504,東元,252,161,91,台新-建北,2023-03-22,8151
3454,晶睿,72,7,65,台新-建北,2023-03-22,8151
1524,耿鼎,151,101,50,台新-建北,2023-03-22,8151
3702,大聯大,50,0,50,台新-建北,2023-03-22,8151
3576,聯合再生,51,3,48,台新-建北,2023-03-22,8151
3189,景碩,66,22,44,台新-建北,2023-03-22,8151
2609,陽明,53,9,44,台新-建北,2023-03-22,8151
00680L,元大美債20正2,51,8,43,台新-建北,2023-03-22,8151
1304,台聚,53,13,40,台新-建北,2023-03-22,8151
6164,華興,39,0,39,台新-建北,2023-03-22,8151
5328,華容,39,0,39,台新-建北,2023-03-22,8151
3710,連展投控,40,5,35,台新-建北,2023-03-22,8151
00670L,富邦NASDAQ正2,33,0,33,台新-建北,2023-03-22,8151
6139,亞翔,37,4,33,台新-建北,2023-03-22,8151
5353,台林,85,55,30,台新-建北,2023-03-22,8151
00679B,元大美債20年,31,1,30,台新-建北,2023-03-22,8151
3037,欣興,94,66,28,台新-建北,2023-03-22,8151
6127,九豪,28,0,28,台新-建北,2023-03-22,8151
5272,笙科,45,17,28,台新-建北,2023-03-22,8151
2481,強茂,30,3,27,台新-建北,2023-03-22,8151
3492,長盛,36,10,26,台新-建北,2023-03-22,8151
3045,台灣大,25,0,25,台新-建北,2023-03-22,8151
1611,中電,52,27,25,台新-建北,2023-03-22,8151
2332,友訊,28,3,25,台新-建北,2023-03-22,8151
3437,榮創,25,0,25,台新-建北,2023-03-22,8151
4580,捷流閥業,25,1,24,台新-建北,2023-03-22,8151
2614,東森,23,0,23,台新-建北,2023-03-22,8151
6185,幃翔,22,0,22,台新-建北,2023-03-22,8151
00712,復華富時不動產,43,21,22,台新-建北,2023-03-22,8151
9105,泰金寶-DR,20,0,20,台新-建北,2023-03-22,8151
1802,台玻,20,0,20,台新-建北,2023-03-22,8151
2504,國產,23,3,20,台新-建北,2023-03-22,8151
00664R,國泰臺灣加權反1,20,0,20,台新-建北,2023-03-22,8151
8289,泰藝,25,5,20,台新-建北,2023-03-22,8151
6122,擎邦,40,20,20,台新-建北,2023-03-22,8151
2495,普安,21,1,20,台新-建北,2023-03-22,8151
2630,亞航,19,0,19,台新-建北,2023-03-22,8151
1785,光洋科,19,0,19,台新-建北,2023-03-22,8151
3038,全台,22,4,18,台新-建北,2023-03-22,8151
2363,矽統,18,0,18,台新-建北,2023-03-22,8151
6669,緯穎,22,5,17,台新-建北,2023-03-22,8151
2201,裕隆,19,2,17,台新-建北,2023-03-22,8151
3443,創意,27,11,16,台新-建北,2023-03-22,8151
00878,國泰永續高股息,36,20,16,台新-建北,2023-03-22,8151
4989,榮科,15,0,15,台新-建北,2023-03-22,8151
00632R,元大台灣50反1,304,50,254,台新-建北,2023-03-23,8151
2609,陽明,121,6,115,台新-建北,2023-03-23,8151
00669R,國泰美國道瓊反1,100,0,100,台新-建北,2023-03-23,8151
2618,長榮航,83,2,81,台新-建北,2023-03-23,8151
6288,聯嘉,145,77,68,台新-建北,2023-03-23,8151
2332,友訊,62,0,62,台新-建北,2023-03-23,8151
6282,康舒,62,3,59,台新-建北,2023-03-23,8151
00878,國泰永續高股息,112,61,51,台新-建北,2023-03-23,8151
6472,保瑞,53,3,50,台新-建北,2023-03-23,8151
2302,麗正,37,0,37,台新-建北,2023-03-23,8151
00679B,元大美債20年,48,12,36,台新-建北,2023-03-23,8151
4995,晶達,35,0,35,台新-建北,2023-03-23,8151
4931,新盛力,35,0,35,台新-建北,2023-03-23,8151
3481,群創,37,2,35,台新-建北,2023-03-23,8151
2413,環科,32,0,32,台新-建北,2023-03-23,8151
2442,新美齊,30,0,30,台新-建北,2023-03-23,8151
1319,東陽,33,4,29,台新-建北,2023-03-23,8151
3576,聯合再生,39,11,28,台新-建北,2023-03-23,8151
2603,長榮,27,2,25,台新-建北,2023-03-23,8151
3011,今皓,25,0,25,台新-建北,2023-03-23,8151
5309,系統電,29,6,23,台新-建北,2023-03-23,8151
2748,雲品,26,3,23,台新-建北,2023-03-23,8151
6021,美好證,23,0,23,台新-建北,2023-03-23,8151
6578,達邦蛋白,23,0,23,台新-建北,2023-03-23,8151
1342,八貫,43,21,22,台新-建北,2023-03-23,8151
3260,威剛,45,24,21,台新-建北,2023-03-23,8151
6160,欣技,69,48,21,台新-建北,2023-03-23,8151
6669,緯穎,22,1,21,台新-建北,2023-03-23,8151
6806,森崴能源,21,1,20,台新-建北,2023-03-23,8151
1529,樂事綠能,27,7,20,台新-建北,2023-03-23,8151
8936,國統,20,0,20,台新-建北,2023-03-23,8151
9955,佳龍,88,68,20,台新-建北,2023-03-23,8151
4919,新唐,79,59,20,台新-建北,2023-03-23,8151
4763,材料-KY,48,30,18,台新-建北,2023-03-23,8151
5284,jpp-KY,28,11,17,台新-建北,2023-03-23,8151
3322,建舜電,123,106,17,台新-建北,2023-03-23,8151
3035,智原,26,10,16,台新-建北,2023-03-23,8151
3297,杭特,16,0,16,台新-建北,2023-03-23,8151
8088,品安,16,0,16,台新-建北,2023-03-23,8151
2634,漢翔,38,22,16,台新-建北,2023-03-23,8151
00713,元大台灣高息低波,24,9,15,台新-建北,2023-03-23,8151
6175,立敦,15,1,14,台新-建北,2023-03-23,8151
1591,駿吉-KY,15,1,14,台新-建北,2023-03-23,8151
3276,宇環,14,0,14,台新-建北,2023-03-23,8151
00885,富邦越南,14,0,14,台新-建北,2023-03-23,8151
3441,聯一光,50,36,14,台新-建北,2023-03-23,8151
8249,菱光,13,0,13,台新-建北,2023-03-23,8151
3714,富采,18,5,13,台新-建北,2023-03-23,8151
00712,復華富時不動產,12,0,12,台新-建北,2023-03-23,8151
3483,力致,21,9,12,台新-建北,2023-03-23,8151
00632R,元大台灣50反1,205,1,204,台新-建北,2023-03-24,8151
3694,海華,161,0,161,台新-建北,2023-03-24,8151
2883B,凱基金乙特,110,24,86,台新-建北,2023-03-24,8151
00878,國泰永續高股息,107,26,81,台新-建北,2023-03-24,8151
5475,德宏,64,1,63,台新-建北,2023-03-24,8151
2351,順德,77,16,61,台新-建北,2023-03-24,8151
9933,中鼎,60,0,60,台新-建北,2023-03-24,8151
1612,宏泰,53,0,53,台新-建北,2023-03-24,8151
3715,定穎投控,112,59,53,台新-建北,2023-03-24,8151
4960,誠美材,51,0,51,台新-建北,2023-03-24,8151
2609,陽明,55,5,50,台新-建北,2023-03-24,8151
00664R,國泰臺灣加權反1,50,0,50,台新-建北,2023-03-24,8151
00676R,富邦臺灣加權反1,50,0,50,台新-建北,2023-03-24,8151
6185,幃翔,48,0,48,台新-建北,2023-03-24,8151
2438,翔耀,49,4,45,台新-建北,2023-03-24,8151
6164,華興,41,0,41,台新-建北,2023-03-24,8151
2442,新美齊,53,13,40,台新-建北,2023-03-24,8151
4190,佐登-KY,41,1,40,台新-建北,2023-03-24,8151
6279,胡連,40,0,40,台新-建北,2023-03-24,8151
4402,郡都開發,40,2,38,台新-建北,2023-03-24,8151
4510,高鋒,29,0,29,台新-建北,2023-03-24,8151
5328,華容,28,0,28,台新-建北,2023-03-24,8151
6472,保瑞,34,9,25,台新-建北,2023-03-24,8151
8926,台汽電,119,94,25,台新-建北,2023-03-24,8151
2413,環科,25,1,24,台新-建北,2023-03-24,8151
2239,英利-KY,24,0,24,台新-建北,2023-03-24,8151
8249,菱光,24,0,24,台新-建北,2023-03-24,8151
5284,jpp-KY,45,23,22,台新-建北,2023-03-24,8151
8938,明安,23,1,22,台新-建北,2023-03-24,8151
00885,富邦越南,26,6,20,台新-建北,2023-03-24,8151
8088,品安,24,4,20,台新-建北,2023-03-24,8151
3625,西勝,20,0,20,台新-建北,2023-03-24,8151
1605,華新,65,46,19,台新-建北,2023-03-24,8151
4916,事欣科,18,0,18,台新-建北,2023-03-24,8151
1532,勤美,18,0,18,台新-建北,2023-03-24,8151
00772B,中信高評級公司債,18,0,18,台新-建北,2023-03-24,8151
6712,長聖,32,15,17,台新-建北,2023-03-24,8151
3481,群創,25,9,16,台新-建北,2023-03-24,8151
2476,鉅祥,23,7,16,台新-建北,2023-03-24,8151
2615,萬海,30,14,16,台新-建北,2023-03-24,8151
1611,中電,15,0,15,台新-建北,2023-03-24,8151
2883,凱基金,33,18,15,台新-建北,2023-03-24,8151
2387,精元,15,0,15,台新-建北,2023-03-24,8151
8069,元太,22,7,15,台新-建北,2023-03-24,8151
3189,景碩,21,6,15,台新-建北,2023-03-24,8151
00679B,元大美債20年,14,0,14,台新-建北,2023-03-24,8151
00712,復華富時不動產,14,0,14,台新-建北,2023-03-24,8151
6101,寬魚國際,14,0,14,台新-建北,2023-03-24,8151
2392,正崴,20,6,14,台新-建北,2023-03-24,8151
3680,家登,15,2,13,台新-建北,2023-03-24,8151
2344,華邦電,210,109,101,台新-建北,2023-03-27,8151
6244,茂迪,212,114,98,台新-建北,2023-03-27,8151
2002,中鋼,105,11,94,台新-建北,2023-03-27,8151
2342,茂矽,90,9,81,台新-建北,2023-03-27,8151
00882,中信中國高股息,81,0,81,台新-建北,2023-03-27,8151
00669R,國泰美國道瓊反1,60,0,60,台新-建北,2023-03-27,8151
2867,三商壽,60,0,60,台新-建北,2023-03-27,8151
4113,聯上,59,1,58,台新-建北,2023-03-27,8151
00632R,元大台灣50反1,87,30,57,台新-建北,2023-03-27,8151
2609,陽明,54,2,52,台新-建北,2023-03-27,8151
6235,華孚,72,21,51,台新-建北,2023-03-27,8151
2105,正新,51,3,48,台新-建北,2023-03-27,8151
2457,飛宏,55,11,44,台新-建北,2023-03-27,8151
2317,鴻海,41,0,41,台新-建北,2023-03-27,8151
2409,友達,58,17,41,台新-建北,2023-03-27,8151
00878,國泰永續高股息,52,12,40,台新-建北,2023-03-27,8151
00753L,中信中國50正2,34,0,34,台新-建北,2023-03-27,8151
6164,華興,33,0,33,台新-建北,2023-03-27,8151
00665L,富邦�琤肭磪囓�2,42,10,32,台新-建北,2023-03-27,8151
8421,旭源,32,0,32,台新-建北,2023-03-27,8151
2208,台船,37,6,31,台新-建北,2023-03-27,8151
2630,亞航,31,0,31,台新-建北,2023-03-27,8151
2455,全新,37,7,30,台新-建北,2023-03-27,8151
6163,華電網,33,6,27,台新-建北,2023-03-27,8151
1810,和成,28,1,27,台新-建北,2023-03-27,8151
6806,森崴能源,44,18,26,台新-建北,2023-03-27,8151
3037,欣興,61,36,25,台新-建北,2023-03-27,8151
00922,國泰台灣領袖50,23,0,23,台新-建北,2023-03-27,8151
3591,艾笛森,23,0,23,台新-建北,2023-03-27,8151
8033,雷虎,29,7,22,台新-建北,2023-03-27,8151
4552,力達-KY,22,0,22,台新-建北,2023-03-27,8151
4916,事欣科,23,1,22,台新-建北,2023-03-27,8151
6161,捷波,22,0,22,台新-建北,2023-03-27,8151
3624,光頡,33,12,21,台新-建北,2023-03-27,8151
6275,元山,29,10,19,台新-建北,2023-03-27,8151
8104,錸寶,19,0,19,台新-建北,2023-03-27,8151
6591,動力-KY,18,0,18,台新-建北,2023-03-27,8151
2330,台積電,19,2,17,台新-建北,2023-03-27,8151
6733,博晟生醫,30,13,17,台新-建北,2023-03-27,8151
1795,美時,30,13,17,台新-建北,2023-03-27,8151
3380,明泰,17,0,17,台新-建北,2023-03-27,8151
6472,保瑞,51,34,17,台新-建北,2023-03-27,8151
6669,緯穎,18,2,16,台新-建北,2023-03-27,8151
8028,昇陽半導體,17,1,16,台新-建北,2023-03-27,8151
8088,品安,29,13,16,台新-建北,2023-03-27,8151
00713,元大台灣高息低波,16,0,16,台新-建北,2023-03-27,8151
3011,今皓,20,5,15,台新-建北,2023-03-27,8151
2883B,凱基金乙特,15,0,15,台新-建北,2023-03-27,8151
6558,興能高,15,0,15,台新-建北,2023-03-27,8151
00664R,國泰臺灣加權反1,15,0,15,台新-建北,2023-03-27,8151
2382,廣達,101,0,101,台新-建北,2023-03-28,8151
4904,遠傳,71,0,71,台新-建北,2023-03-28,8151
00680L,元大美債20正2,70,0,70,台新-建北,2023-03-28,8151
6472,保瑞,69,12,57,台新-建北,2023-03-28,8151
00878,國泰永續高股息,53,8,45,台新-建北,2023-03-28,8151
2867,三商壽,40,0,40,台新-建北,2023-03-28,8151
1101,台泥,40,3,37,台新-建北,2023-03-28,8151
6185,幃翔,38,5,33,台新-建北,2023-03-28,8151
00891,中信關鍵半導體,32,0,32,台新-建北,2023-03-28,8151
00679B,元大美債20年,32,0,32,台新-建北,2023-03-28,8151
6160,欣技,30,0,30,台新-建北,2023-03-28,8151
0056,元大高股息,30,3,27,台新-建北,2023-03-28,8151
3031,佰鴻,27,1,26,台新-建北,2023-03-28,8151
5425,台半,48,24,24,台新-建北,2023-03-28,8151
6152,百一,22,0,22,台新-建北,2023-03-28,8151
6733,博晟生醫,22,0,22,台新-建北,2023-03-28,8151
00713,元大台灣高息低波,20,0,20,台新-建北,2023-03-28,8151
2634,漢翔,35,15,20,台新-建北,2023-03-28,8151
8938,明安,20,1,19,台新-建北,2023-03-28,8151
00882,中信中國高股息,24,6,18,台新-建北,2023-03-28,8151
2603,長榮,22,5,17,台新-建北,2023-03-28,8151
2498,宏達電,21,4,17,台新-建北,2023-03-28,8151
3037,欣興,30,13,17,台新-建北,2023-03-28,8151
6140,訊達,28,13,15,台新-建北,2023-03-28,8151
6220,岳豐,17,2,15,台新-建北,2023-03-28,8151
00751B,元大AAA至A公司債,15,0,15,台新-建北,2023-03-28,8151
2303,聯電,17,3,14,台新-建北,2023-03-28,8151
00900,富邦特選高股息30,14,1,13,台新-建北,2023-03-28,8151
8028,昇陽半導體,13,0,13,台新-建北,2023-03-28,8151
2329,華泰,13,0,13,台新-建北,2023-03-28,8151
6799,來頡,12,0,12,台新-建北,2023-03-28,8151
6226,光鼎,16,4,12,台新-建北,2023-03-28,8151
5353,台林,40,28,12,台新-建北,2023-03-28,8151
3576,聯合再生,13,1,12,台新-建北,2023-03-28,8151
00922,國泰台灣領袖50,13,1,12,台新-建北,2023-03-28,8151
8033,雷虎,14,2,12,台新-建北,2023-03-28,8151
4768,晶呈科技,20,8,12,台新-建北,2023-03-28,8151
8088,品安,141,130,11,台新-建北,2023-03-28,8151
4744,皇將,13,2,11,台新-建北,2023-03-28,8151
2105,正新,12,1,11,台新-建北,2023-03-28,8151
2032,新鋼,10,0,10,台新-建北,2023-03-28,8151
00671R,富邦NASDAQ反1,10,0,10,台新-建北,2023-03-28,8151
1524,耿鼎,11,1,10,台新-建北,2023-03-28,8151
4164,承業醫,10,0,10,台新-建北,2023-03-28,8151
3594,磐儀,17,7,10,台新-建北,2023-03-28,8151
3703,欣陸,10,0,10,台新-建北,2023-03-28,8151
6776,展�眥篕�,9,0,9,台新-建北,2023-03-28,8151
2453,凌群,12,3,9,台新-建北,2023-03-28,8151
6224,聚鼎,9,0,9,台新-建北,2023-03-28,8151
6789,采鈺,10,1,9,台新-建北,2023-03-28,8151
00680L,元大美債20正2,62,0,62,台新-建北,2023-03-29,8151
5009,榮剛,65,6,59,台新-建北,2023-03-29,8151
2201,裕隆,41,1,40,台新-建北,2023-03-29,8151
2371,大同,60,32,28,台新-建北,2023-03-29,8151
2331,精英,38,11,27,台新-建北,2023-03-29,8151
2630,亞航,25,0,25,台新-建北,2023-03-29,8151
00923,群益台ESG低碳50,25,0,25,台新-建北,2023-03-29,8151
00882,中信中國高股息,24,0,24,台新-建北,2023-03-29,8151
3576,聯合再生,20,0,20,台新-建北,2023-03-29,8151
2302,麗正,35,15,20,台新-建北,2023-03-29,8151
2542,興富發,21,1,20,台新-建北,2023-03-29,8151
2303,聯電,25,6,19,台新-建北,2023-03-29,8151
00713,元大台灣高息低波,20,1,19,台新-建北,2023-03-29,8151
00679B,元大美債20年,19,0,19,台新-建北,2023-03-29,8151
3290,東浦,22,5,17,台新-建北,2023-03-29,8151
4768,晶呈科技,17,0,17,台新-建北,2023-03-29,8151
2368,金像電,35,18,17,台新-建北,2023-03-29,8151
00753L,中信中國50正2,18,1,17,台新-建北,2023-03-29,8151
00772B,中信高評級公司債,17,1,16,台新-建北,2023-03-29,8151
00878,國泰永續高股息,25,10,15,台新-建北,2023-03-29,8151
3024,憶聲,23,8,15,台新-建北,2023-03-29,8151
8163,達方,15,0,15,台新-建北,2023-03-29,8151
3032,偉訓,14,0,14,台新-建北,2023-03-29,8151
2461,光群雷,20,6,14,台新-建北,2023-03-29,8151
2426,鼎元,25,11,14,台新-建北,2023-03-29,8151
3715,定穎投控,128,114,14,台新-建北,2023-03-29,8151
3105,穩懋,50,38,12,台新-建北,2023-03-29,8151
2340,台亞,15,3,12,台新-建北,2023-03-29,8151
3594,磐儀,18,6,12,台新-建北,2023-03-29,8151
3703,欣陸,11,0,11,台新-建北,2023-03-29,8151
1605,華新,45,34,11,台新-建北,2023-03-29,8151
00922,國泰台灣領袖50,11,0,11,台新-建北,2023-03-29,8151
2453,凌群,24,13,11,台新-建北,2023-03-29,8151
3035,智原,23,13,10,台新-建北,2023-03-29,8151
2066,世德,10,0,10,台新-建北,2023-03-29,8151
2641,正德,10,0,10,台新-建北,2023-03-29,8151
6275,元山,10,0,10,台新-建北,2023-03-29,8151
3447,展達,18,8,10,台新-建北,2023-03-29,8151
6789,采鈺,11,1,10,台新-建北,2023-03-29,8151
4967,十銓,13,4,9,台新-建北,2023-03-29,8151
1220,台榮,9,0,9,台新-建北,2023-03-29,8151
2408,南亞科,9,0,9,台新-建北,2023-03-29,8151
2438,翔耀,10,2,8,台新-建北,2023-03-29,8151
2404,漢唐,8,0,8,台新-建北,2023-03-29,8151
3047,訊舟,8,0,8,台新-建北,2023-03-29,8151
6288,聯嘉,22,14,8,台新-建北,2023-03-29,8151
00720B,元大投資級公司債,7,0,7,台新-建北,2023-03-29,8151
3017,奇鋐,49,42,7,台新-建北,2023-03-29,8151
00900,富邦特選高股息30,7,0,7,台新-建北,2023-03-29,8151
3374,精材,6,0,6,台新-建北,2023-03-29,8151
2890,永豐金,502,17,485,台新-建北,2023-03-30,8151
5009,榮剛,140,0,140,台新-建北,2023-03-30,8151
5351,鈺創,81,20,61,台新-建北,2023-03-30,8151
2609,陽明,57,1,56,台新-建北,2023-03-30,8151
6285,啟��,65,9,56,台新-建北,2023-03-30,8151
3324,雙鴻,64,13,51,台新-建北,2023-03-30,8151
00632R,元大台灣50反1,87,37,50,台新-建北,2023-03-30,8151
5475,德宏,48,0,48,台新-建北,2023-03-30,8151
3504,揚明光,47,1,46,台新-建北,2023-03-30,8151
6116,彩晶,32,0,32,台新-建北,2023-03-30,8151
3231,緯創,336,306,30,台新-建北,2023-03-30,8151
2104,國際中橡,30,0,30,台新-建北,2023-03-30,8151
8088,品安,87,57,30,台新-建北,2023-03-30,8151
3675,德微,39,10,29,台新-建北,2023-03-30,8151
00882,中信中國高股息,27,0,27,台新-建北,2023-03-30,8151
1762,中化生,29,2,27,台新-建北,2023-03-30,8151
6220,岳豐,30,5,25,台新-建北,2023-03-30,8151
00679B,元大美債20年,24,0,24,台新-建北,2023-03-30,8151
3032,偉訓,42,18,24,台新-建北,2023-03-30,8151
00712,復華富時不動產,23,0,23,台新-建北,2023-03-30,8151
2883,凱基金,23,0,23,台新-建北,2023-03-30,8151
2633,台灣高鐵,21,0,21,台新-建北,2023-03-30,8151
3481,群創,38,18,20,台新-建北,2023-03-30,8151
2867,三商壽,20,0,20,台新-建北,2023-03-30,8151
6143,振曜,39,21,18,台新-建北,2023-03-30,8151
00680L,元大美債20正2,17,0,17,台新-建北,2023-03-30,8151
1609,大亞,27,10,17,台新-建北,2023-03-30,8151
8069,元太,24,7,17,台新-建北,2023-03-30,8151
3264,欣銓,21,5,16,台新-建北,2023-03-30,8151
6589,台康生技,14,0,14,台新-建北,2023-03-30,8151
3312,弘憶股,16,2,14,台新-建北,2023-03-30,8151
3006,晶豪科,25,12,13,台新-建北,2023-03-30,8151
5222,全訊,17,4,13,台新-建北,2023-03-30,8151
2457,飛宏,23,10,13,台新-建北,2023-03-30,8151
8435,鉅邁,12,0,12,台新-建北,2023-03-30,8151
1504,東元,90,78,12,台新-建北,2023-03-30,8151
8289,泰藝,14,2,12,台新-建北,2023-03-30,8151
6122,擎邦,21,10,11,台新-建北,2023-03-30,8151
2486,一詮,22,12,10,台新-建北,2023-03-30,8151
9962,有益,10,0,10,台新-建北,2023-03-30,8151
3454,晶睿,10,0,10,台新-建北,2023-03-30,8151
6015,宏遠證,12,2,10,台新-建北,2023-03-30,8151
2401,凌陽,20,10,10,台新-建北,2023-03-30,8151
8930,青鋼,10,0,10,台新-建北,2023-03-30,8151
00665L,富邦�琤肭磪囓�2,10,0,10,台新-建北,2023-03-30,8151
6472,保瑞,17,8,9,台新-建北,2023-03-30,8151
6753,龍德造船,9,0,9,台新-建北,2023-03-30,8151
6245,立端,16,8,8,台新-建北,2023-03-30,8151
3013,晟銘電,13,5,8,台新-建北,2023-03-30,8151
1603,華電,16,8,8,台新-建北,2023-03-30,8151
2344,華邦電,510,236,274,台新-建北,2023-03-31,8151
6285,啟��,131,3,128,台新-建北,2023-03-31,8151
2408,南亞科,133,38,95,台新-建北,2023-03-31,8151
8046,南電,99,14,85,台新-建北,2023-03-31,8151
4979,華星光,62,7,55,台新-建北,2023-03-31,8151
00676R,富邦臺灣加權反1,50,0,50,台新-建北,2023-03-31,8151
4164,承業醫,47,1,46,台新-建北,2023-03-31,8151
3037,欣興,89,45,44,台新-建北,2023-03-31,8151
00632R,元大台灣50反1,60,20,40,台新-建北,2023-03-31,8151
3265,台星科,37,0,37,台新-建北,2023-03-31,8151
2610,華航,38,2,36,台新-建北,2023-03-31,8151
2891,中信金,36,1,35,台新-建北,2023-03-31,8151
6163,華電網,99,66,33,台新-建北,2023-03-31,8151
00671R,富邦NASDAQ反1,27,0,27,台新-建北,2023-03-31,8151
4114,健喬,30,6,24,台新-建北,2023-03-31,8151
6139,亞翔,26,2,24,台新-建北,2023-03-31,8151
2409,友達,20,0,20,台新-建北,2023-03-31,8151
2630,亞航,20,0,20,台新-建北,2023-03-31,8151
4960,誠美材,19,0,19,台新-建北,2023-03-31,8151
00665L,富邦�琤肭磪囓�2,22,4,18,台新-建北,2023-03-31,8151
6446,藥華藥,21,4,17,台新-建北,2023-03-31,8151
00637L,元大滬深300正2,19,2,17,台新-建北,2023-03-31,8151
3231,緯創,140,124,16,台新-建北,2023-03-31,8151
2834,臺企銀,20,5,15,台新-建北,2023-03-31,8151
00882,中信中國高股息,14,0,14,台新-建北,2023-03-31,8151
00922,國泰台灣領袖50,16,3,13,台新-建北,2023-03-31,8151
3707,漢磊,17,4,13,台新-建北,2023-03-31,8151
8255,朋程,22,9,13,台新-建北,2023-03-31,8151
1752,南光,12,0,12,台新-建北,2023-03-31,8151
2888,新光金,30,18,12,台新-建北,2023-03-31,8151
5309,系統電,92,81,11,台新-建北,2023-03-31,8151
8028,昇陽半導體,22,11,11,台新-建北,2023-03-31,8151
1806,冠軍,11,0,11,台新-建北,2023-03-31,8151
6189,豐藝,10,0,10,台新-建北,2023-03-31,8151
1303,南亞,10,0,10,台新-建北,2023-03-31,8151
2915,潤泰全,10,0,10,台新-建北,2023-03-31,8151
6239,力成,11,1,10,台新-建北,2023-03-31,8151
2106,建大,10,0,10,台新-建北,2023-03-31,8151
3308,聯德,10,0,10,台新-建北,2023-03-31,8151
1701,中化,10,0,10,台新-建北,2023-03-31,8151
4147,中裕,13,3,10,台新-建北,2023-03-31,8151
00679B,元大美債20年,9,0,9,台新-建北,2023-03-31,8151
6715,嘉基,10,1,9,台新-建北,2023-03-31,8151
4919,新唐,32,23,9,台新-建北,2023-03-31,8151
2337,旺宏,26,18,8,台新-建北,2023-03-31,8151
1513,中興電,8,0,8,台新-建北,2023-03-31,8151
3022,威強電,8,0,8,台新-建北,2023-03-31,8151
8050,廣積,25,17,8,台新-建北,2023-03-31,8151
3046,建��,22,15,7,台新-建北,2023-03-31,8151
8436,大江,11,4,7,台新-建北,2023-03-31,8151
6116,彩晶,335,2,333,台新-建北,2023-04-06,8151
2609,陽明,204,12,192,台新-建北,2023-04-06,8151
2344,華邦電,177,24,153,台新-建北,2023-04-06,8151
00679B,元大美債20年,112,10,102,台新-建北,2023-04-06,8151
2206,三陽工業,100,0,100,台新-建北,2023-04-06,8151
4931,新盛力,93,0,93,台新-建北,2023-04-06,8151
2881,富邦金,82,4,78,台新-建北,2023-04-06,8151
2606,裕民,67,1,66,台新-建北,2023-04-06,8151
2548,華固,65,0,65,台新-建北,2023-04-06,8151
4979,華星光,64,4,60,台新-建北,2023-04-06,8151
2027,大成鋼,54,0,54,台新-建北,2023-04-06,8151
8996,高力,46,1,45,台新-建北,2023-04-06,8151
00633L,富邦上証正2,40,0,40,台新-建北,2023-04-06,8151
1304,台聚,40,0,40,台新-建北,2023-04-06,8151
00637L,元大滬深300正2,39,0,39,台新-建北,2023-04-06,8151
00878,國泰永續高股息,48,12,36,台新-建北,2023-04-06,8151
5608,四維航,34,1,33,台新-建北,2023-04-06,8151
2337,旺宏,39,10,29,台新-建北,2023-04-06,8151
3290,東浦,27,1,26,台新-建北,2023-04-06,8151
2603,長榮,43,18,25,台新-建北,2023-04-06,8151
1809,中釉,25,0,25,台新-建北,2023-04-06,8151
8028,昇陽半導體,32,7,25,台新-建北,2023-04-06,8151
3032,偉訓,33,9,24,台新-建北,2023-04-06,8151
2436,偉詮電,35,12,23,台新-建北,2023-04-06,8151
1319,東陽,23,1,22,台新-建北,2023-04-06,8151
6285,啟��,34,15,19,台新-建北,2023-04-06,8151
00675L,富邦臺灣加權正2,19,0,19,台新-建北,2023-04-06,8151
00673R,期元大S＆P原油反1,19,0,19,台新-建北,2023-04-06,8151
5469,瀚宇博,19,0,19,台新-建北,2023-04-06,8151
8383,千附,18,0,18,台新-建北,2023-04-06,8151
00713,元大台灣高息低波,18,0,18,台新-建北,2023-04-06,8151
00922,國泰台灣領袖50,17,0,17,台新-建北,2023-04-06,8151
1605,華新,37,20,17,台新-建北,2023-04-06,8151
2332,友訊,17,0,17,台新-建北,2023-04-06,8151
2618,長榮航,18,2,16,台新-建北,2023-04-06,8151
3322,建舜電,15,0,15,台新-建北,2023-04-06,8151
3490,單井,15,0,15,台新-建北,2023-04-06,8151
2614,東森,15,0,15,台新-建北,2023-04-06,8151
6235,華孚,157,142,15,台新-建北,2023-04-06,8151
2402,毅嘉,18,3,15,台新-建北,2023-04-06,8151
6770,力積電,15,0,15,台新-建北,2023-04-06,8151
00902,中信電池及儲能,14,0,14,台新-建北,2023-04-06,8151
2002,中鋼,12,0,12,台新-建北,2023-04-06,8151
2345,智邦,13,1,12,台新-建北,2023-04-06,8151
2317,鴻海,15,4,11,台新-建北,2023-04-06,8151
3025,星通,46,35,11,台新-建北,2023-04-06,8151
2105,正新,11,0,11,台新-建北,2023-04-06,8151
4164,承業醫,20,9,11,台新-建北,2023-04-06,8151
8086,宏捷科,12,1,11,台新-建北,2023-04-06,8151
3231,緯創,51,41,10,台新-建北,2023-04-06,8151
8996,高力,83,0,83,台新-建北,2023-04-07,8151
00712,復華富時不動產,54,1,53,台新-建北,2023-04-07,8151
2201,裕隆,50,0,50,台新-建北,2023-04-07,8151
3702,大聯大,50,2,48,台新-建北,2023-04-07,8151
3715,定穎投控,61,17,44,台新-建北,2023-04-07,8151
1337,再生-KY,45,1,44,台新-建北,2023-04-07,8151
2442,新美齊,43,0,43,台新-建北,2023-04-07,8151
4979,華星光,53,12,41,台新-建北,2023-04-07,8151
5425,台半,30,0,30,台新-建北,2023-04-07,8151
4164,承業醫,38,9,29,台新-建北,2023-04-07,8151
6125,廣運,41,13,28,台新-建北,2023-04-07,8151
8383,千附,48,22,26,台新-建北,2023-04-07,8151
00679B,元大美債20年,34,9,25,台新-建北,2023-04-07,8151
2356,英業達,90,65,25,台新-建北,2023-04-07,8151
5533,皇鼎,22,0,22,台新-建北,2023-04-07,8151
5439,高技,21,0,21,台新-建北,2023-04-07,8151
00919,群益台灣精選高息,20,0,20,台新-建北,2023-04-07,8151
2867,三商壽,51,31,20,台新-建北,2023-04-07,8151
1904,正隆,20,0,20,台新-建北,2023-04-07,8151
1589,永冠-KY,23,4,19,台新-建北,2023-04-07,8151
3088,艾訊,21,4,17,台新-建北,2023-04-07,8151
3290,東浦,31,16,15,台新-建北,2023-04-07,8151
1618,合機,15,0,15,台新-建北,2023-04-07,8151
1605,華新,248,233,15,台新-建北,2023-04-07,8151
3454,晶睿,15,0,15,台新-建北,2023-04-07,8151
00885,富邦越南,13,0,13,台新-建北,2023-04-07,8151
1514,亞力,15,2,13,台新-建北,2023-04-07,8151
00725B,國泰投資級公司債,13,0,13,台新-建北,2023-04-07,8151
00720B,元大投資級公司債,38,25,13,台新-建北,2023-04-07,8151
5009,榮剛,34,22,12,台新-建北,2023-04-07,8151
6156,松上,29,17,12,台新-建北,2023-04-07,8151
2211,長榮鋼,11,0,11,台新-建北,2023-04-07,8151
2345,智邦,11,0,11,台新-建北,2023-04-07,8151
2368,金像電,14,3,11,台新-建北,2023-04-07,8151
00706L,期元大S＆P日圓正2,10,0,10,台新-建北,2023-04-07,8151
2331,精英,20,10,10,台新-建北,2023-04-07,8151
00664R,國泰臺灣加權反1,10,0,10,台新-建北,2023-04-07,8151
1522,堤維西,10,0,10,台新-建北,2023-04-07,8151
2498,宏達電,35,25,10,台新-建北,2023-04-07,8151
00676R,富邦臺灣加權反1,10,0,10,台新-建北,2023-04-07,8151
2495,普安,10,0,10,台新-建北,2023-04-07,8151
00752,中信中國50,10,0,10,台新-建北,2023-04-07,8151
2106,建大,10,0,10,台新-建北,2023-04-07,8151
6442,光聖,10,0,10,台新-建北,2023-04-07,8151
0056,元大高股息,11,2,9,台新-建北,2023-04-07,8151
3236,千如,11,2,9,台新-建北,2023-04-07,8151
3272,東碩,9,0,9,台新-建北,2023-04-07,8151
1760,寶齡富錦,31,22,9,台新-建北,2023-04-07,8151
3025,星通,100,92,8,台新-建北,2023-04-07,8151
6133,金橋,9,1,8,台新-建北,2023-04-07,8151
2812,台中銀,200,0,200,台新-建北,2023-04-10,8151
00720B,元大投資級公司債,63,0,63,台新-建北,2023-04-10,8151
2867,三商壽,81,20,61,台新-建北,2023-04-10,8151
6127,九豪,50,0,50,台新-建北,2023-04-10,8151
3011,今皓,53,10,43,台新-建北,2023-04-10,8151
5351,鈺創,42,0,42,台新-建北,2023-04-10,8151
2609,陽明,44,6,38,台新-建北,2023-04-10,8151
00878,國泰永續高股息,69,31,38,台新-建北,2023-04-10,8151
00712,復華富時不動產,38,3,35,台新-建北,2023-04-10,8151
2344,華邦電,168,134,34,台新-建北,2023-04-10,8151
6163,華電網,308,277,31,台新-建北,2023-04-10,8151
00919,群益台灣精選高息,30,0,30,台新-建北,2023-04-10,8151
2239,英利-KY,29,0,29,台新-建北,2023-04-10,8151
5309,系統電,27,1,26,台新-建北,2023-04-10,8151
1519,華城,37,11,26,台新-建北,2023-04-10,8151
6116,彩晶,25,0,25,台新-建北,2023-04-10,8151
8390,金益鼎,27,2,25,台新-建北,2023-04-10,8151
6442,光聖,24,0,24,台新-建北,2023-04-10,8151
4979,華星光,37,14,23,台新-建北,2023-04-10,8151
00725B,國泰投資級公司債,22,0,22,台新-建北,2023-04-10,8151
00637L,元大滬深300正2,21,0,21,台新-建北,2023-04-10,8151
3492,長盛,20,0,20,台新-建北,2023-04-10,8151
3520,華盈,29,9,20,台新-建北,2023-04-10,8151
5009,榮剛,55,36,19,台新-建北,2023-04-10,8151
2610,華航,17,0,17,台新-建北,2023-04-10,8151
6191,精成科,20,4,16,台新-建北,2023-04-10,8151
00713,元大台灣高息低波,16,0,16,台新-建北,2023-04-10,8151
3447,展達,21,5,16,台新-建北,2023-04-10,8151
2614,東森,26,10,16,台新-建北,2023-04-10,8151
3715,定穎投控,29,14,15,台新-建北,2023-04-10,8151
1605,華新,22,7,15,台新-建北,2023-04-10,8151
2208,台船,17,2,15,台新-建北,2023-04-10,8151
6561,是方,13,0,13,台新-建北,2023-04-10,8151
5531,鄉林,13,0,13,台新-建北,2023-04-10,8151
00673R,期元大S＆P原油反1,12,0,12,台新-建北,2023-04-10,8151
2457,飛宏,45,34,11,台新-建北,2023-04-10,8151
3078,僑威,14,3,11,台新-建北,2023-04-10,8151
2542,興富發,11,0,11,台新-建北,2023-04-10,8151
8436,大江,12,1,11,台新-建北,2023-04-10,8151
1474,弘裕,11,0,11,台新-建北,2023-04-10,8151
5469,瀚宇博,16,5,11,台新-建北,2023-04-10,8151
2476,鉅祥,11,0,11,台新-建北,2023-04-10,8151
8383,千附,12,1,11,台新-建北,2023-04-10,8151
6015,宏遠證,11,0,11,台新-建北,2023-04-10,8151
6472,保瑞,11,1,10,台新-建北,2023-04-10,8151
6245,立端,11,1,10,台新-建北,2023-04-10,8151
00751B,元大AAA至A公司債,10,0,10,台新-建北,2023-04-10,8151
4967,十銓,10,0,10,台新-建北,2023-04-10,8151
6220,岳豐,10,0,10,台新-建北,2023-04-10,8151
2442,新美齊,10,0,10,台新-建北,2023-04-10,8151
2812,台中銀,203,0,203,台新-建北,2023-04-11,8151
2515,中工,134,14,120,台新-建北,2023-04-11,8151
8110,華東,87,1,86,台新-建北,2023-04-11,8151
5475,德宏,63,0,63,台新-建北,2023-04-11,8151
4953,緯軟,62,4,58,台新-建北,2023-04-11,8151
00712,復華富時不動產,56,0,56,台新-建北,2023-04-11,8151
3029,零壹,63,14,49,台新-建北,2023-04-11,8151
1605,華新,79,33,46,台新-建北,2023-04-11,8151
4960,誠美材,46,1,45,台新-建北,2023-04-11,8151
6226,光鼎,42,0,42,台新-建北,2023-04-11,8151
2634,漢翔,83,41,42,台新-建北,2023-04-11,8151
2883,凱基金,93,51,42,台新-建北,2023-04-11,8151
1609,大亞,55,15,40,台新-建北,2023-04-11,8151
00679B,元大美債20年,36,0,36,台新-建北,2023-04-11,8151
3312,弘憶股,35,0,35,台新-建北,2023-04-11,8151
00919,群益台灣精選高息,34,0,34,台新-建北,2023-04-11,8151
2540,愛山林,33,0,33,台新-建北,2023-04-11,8151
1612,宏泰,32,1,31,台新-建北,2023-04-11,8151
00885,富邦越南,30,0,30,台新-建北,2023-04-11,8151
2342,茂矽,31,1,30,台新-建北,2023-04-11,8151
3591,艾笛森,30,0,30,台新-建北,2023-04-11,8151
00632R,元大台灣50反1,50,20,30,台新-建北,2023-04-11,8151
2891,中信金,30,1,29,台新-建北,2023-04-11,8151
8176,智捷,28,0,28,台新-建北,2023-04-11,8151
6235,華孚,85,60,25,台新-建北,2023-04-11,8151
1506,正道,24,0,24,台新-建北,2023-04-11,8151
9962,有益,24,0,24,台新-建北,2023-04-11,8151
6164,華興,23,0,23,台新-建北,2023-04-11,8151
2461,光群雷,21,0,21,台新-建北,2023-04-11,8151
3046,建��,55,34,21,台新-建北,2023-04-11,8151
3558,神準,24,4,20,台新-建北,2023-04-11,8151
8038,長園科,20,0,20,台新-建北,2023-04-11,8151
00673R,期元大S＆P原油反1,19,0,19,台新-建北,2023-04-11,8151
6591,動力-KY,19,0,19,台新-建北,2023-04-11,8151
3059,華晶科,40,21,19,台新-建北,2023-04-11,8151
6122,擎邦,22,3,19,台新-建北,2023-04-11,8151
6140,訊達,18,0,18,台新-建北,2023-04-11,8151
3437,榮創,16,0,16,台新-建北,2023-04-11,8151
6152,百一,16,0,16,台新-建北,2023-04-11,8151
8088,品安,19,3,16,台新-建北,2023-04-11,8151
6161,捷波,15,0,15,台新-建北,2023-04-11,8151
6669,緯穎,15,0,15,台新-建北,2023-04-11,8151
4927,泰鼎-KY,15,0,15,台新-建北,2023-04-11,8151
6770,力積電,31,16,15,台新-建北,2023-04-11,8151
8222,寶一,26,11,15,台新-建北,2023-04-11,8151
1618,合機,36,22,14,台新-建北,2023-04-11,8151
6233,旺玖,17,3,14,台新-建北,2023-04-11,8151
3491,昇達科,18,5,13,台新-建北,2023-04-11,8151
2498,宏達電,23,10,13,台新-建北,2023-04-11,8151
3058,立德,13,0,13,台新-建北,2023-04-11,8151
2812,台中銀,206,2,204,台新-建北,2023-04-12,8151
2344,華邦電,200,18,182,台新-建北,2023-04-12,8151
2515,中工,137,40,97,台新-建北,2023-04-12,8151
3078,僑威,89,18,71,台新-建北,2023-04-12,8151
3576,聯合再生,52,2,50,台新-建北,2023-04-12,8151
6477,安集,86,36,50,台新-建北,2023-04-12,8151
2367,燿華,50,1,49,台新-建北,2023-04-12,8151
6164,華興,48,0,48,台新-建北,2023-04-12,8151
1612,宏泰,41,0,41,台新-建北,2023-04-12,8151
2329,華泰,45,5,40,台新-建北,2023-04-12,8151
6167,久正,36,0,36,台新-建北,2023-04-12,8151
00679B,元大美債20年,35,1,34,台新-建北,2023-04-12,8151
3491,昇達科,41,8,33,台新-建北,2023-04-12,8151
4979,華星光,40,10,30,台新-建北,2023-04-12,8151
3224,三顧,31,1,30,台新-建北,2023-04-12,8151
3290,東浦,28,0,28,台新-建北,2023-04-12,8151
5425,台半,28,2,26,台新-建北,2023-04-12,8151
8201,無敵,26,0,26,台新-建北,2023-04-12,8151
8176,智捷,23,0,23,台新-建北,2023-04-12,8151
00680L,元大美債20正2,22,0,22,台新-建北,2023-04-12,8151
3058,立德,22,0,22,台新-建北,2023-04-12,8151
3380,明泰,23,1,22,台新-建北,2023-04-12,8151
1609,大亞,145,124,21,台新-建北,2023-04-12,8151
8390,金益鼎,21,0,21,台新-建北,2023-04-12,8151
8155,博智,25,4,21,台新-建北,2023-04-12,8151
6134,萬旭,26,5,21,台新-建北,2023-04-12,8151
00632R,元大台灣50反1,23,2,21,台新-建北,2023-04-12,8151
8059,凱碩,21,0,21,台新-建北,2023-04-12,8151
8097,常珵,21,0,21,台新-建北,2023-04-12,8151
1460,宏遠,20,0,20,台新-建北,2023-04-12,8151
2302,麗正,20,0,20,台新-建北,2023-04-12,8151
00633L,富邦上証正2,20,0,20,台新-建北,2023-04-12,8151
3481,群創,33,15,18,台新-建北,2023-04-12,8151
2009,第一銅,18,0,18,台新-建北,2023-04-12,8151
2891,中信金,27,9,18,台新-建北,2023-04-12,8151
6669,緯穎,18,2,16,台新-建北,2023-04-12,8151
6142,友勁,23,7,16,台新-建北,2023-04-12,8151
00720B,元大投資級公司債,23,7,16,台新-建北,2023-04-12,8151
5488,松普,16,0,16,台新-建北,2023-04-12,8151
6266,泰詠,55,39,16,台新-建北,2023-04-12,8151
9962,有益,15,0,15,台新-建北,2023-04-12,8151
6127,九豪,15,0,15,台新-建北,2023-04-12,8151
2610,華航,17,2,15,台新-建北,2023-04-12,8151
2884,玉山金,23,8,15,台新-建北,2023-04-12,8151
1783,和康生,14,0,14,台新-建北,2023-04-12,8151
2461,光群雷,14,0,14,台新-建北,2023-04-12,8151
8255,朋程,14,0,14,台新-建北,2023-04-12,8151
2426,鼎元,14,0,14,台新-建北,2023-04-12,8151
3027,盛達,54,40,14,台新-建北,2023-04-12,8151
2915,潤泰全,14,1,13,台新-建北,2023-04-12,8151
2812,台中銀,201,0,201,台新-建北,2023-04-13,8151
0056,元大高股息,120,3,117,台新-建北,2023-04-13,8151
2548,華固,100,0,100,台新-建北,2023-04-13,8151
5353,台林,118,30,88,台新-建北,2023-04-13,8151
1528,恩德,81,0,81,台新-建北,2023-04-13,8151
4979,華星光,114,36,78,台新-建北,2023-04-13,8151
2317,鴻海,80,2,78,台新-建北,2023-04-13,8151
8936,國統,102,28,74,台新-建北,2023-04-13,8151
6120,達運,74,0,74,台新-建北,2023-04-13,8151
1809,中釉,66,0,66,台新-建北,2023-04-13,8151
5351,鈺創,71,7,64,台新-建北,2023-04-13,8151
00712,復華富時不動產,62,5,57,台新-建北,2023-04-13,8151
00679B,元大美債20年,51,1,50,台新-建北,2023-04-13,8151
5469,瀚宇博,40,0,40,台新-建北,2023-04-13,8151
3704,合勤控,38,0,38,台新-建北,2023-04-13,8151
00720B,元大投資級公司債,37,0,37,台新-建北,2023-04-13,8151
2017,官田鋼,31,0,31,台新-建北,2023-04-13,8151
2438,翔耀,31,0,31,台新-建北,2023-04-13,8151
1437,勤益控,29,0,29,台新-建北,2023-04-13,8151
6109,亞元,29,0,29,台新-建北,2023-04-13,8151
8111,立��,29,1,28,台新-建北,2023-04-13,8151
3516,亞帝歐,27,0,27,台新-建北,2023-04-13,8151
3027,盛達,277,250,27,台新-建北,2023-04-13,8151
4968,立積,42,15,27,台新-建北,2023-04-13,8151
6160,欣技,27,0,27,台新-建北,2023-04-13,8151
8201,無敵,26,0,26,台新-建北,2023-04-13,8151
6282,康舒,33,8,25,台新-建北,2023-04-13,8151
3324,雙鴻,31,7,24,台新-建北,2023-04-13,8151
6156,松上,24,0,24,台新-建北,2023-04-13,8151
00673R,期元大S＆P原油反1,24,0,24,台新-建北,2023-04-13,8151
9962,有益,33,10,23,台新-建北,2023-04-13,8151
8028,昇陽半導體,24,1,23,台新-建北,2023-04-13,8151
6288,聯嘉,22,0,22,台新-建北,2023-04-13,8151
3715,定穎投控,23,2,21,台新-建北,2023-04-13,8151
3673,TPK-KY,21,0,21,台新-建北,2023-04-13,8151
00710B,復華彭博非投等債,21,0,21,台新-建北,2023-04-13,8151
3607,谷崧,21,0,21,台新-建北,2023-04-13,8151
5512,力麒,20,0,20,台新-建北,2023-04-13,8151
3694,海華,41,21,20,台新-建北,2023-04-13,8151
1506,正道,20,0,20,台新-建北,2023-04-13,8151
2302,麗正,20,0,20,台新-建北,2023-04-13,8151
6761,穩得,20,0,20,台新-建北,2023-04-13,8151
2330,台積電,21,2,19,台新-建北,2023-04-13,8151
2313,華通,20,0,20,台新-建北,2023-04-13,8151
3231,緯創,21,2,19,台新-建北,2023-04-13,8151
8249,菱光,18,0,18,台新-建北,2023-04-13,8151
5475,德宏,18,0,18,台新-建北,2023-04-13,8151
1605,華新,22,4,18,台新-建北,2023-04-13,8151
9955,佳龍,18,0,18,台新-建北,2023-04-13,8151
3234,光環,16,0,16,台新-建北,2023-04-13,8151
3481,群創,212,31,181,台新-建北,2023-04-14,8151
2634,漢翔,173,72,101,台新-建北,2023-04-14,8151
2913,農林,125,39,86,台新-建北,2023-04-14,8151
1616,億泰,80,0,80,台新-建北,2023-04-14,8151
2349,錸德,66,0,66,台新-建北,2023-04-14,8151
00679B,元大美債20年,62,0,62,台新-建北,2023-04-14,8151
2344,華邦電,59,3,56,台新-建北,2023-04-14,8151
2382,廣達,53,0,53,台新-建北,2023-04-14,8151
6523,達爾膚,53,1,52,台新-建北,2023-04-14,8151
3029,零壹,75,28,47,台新-建北,2023-04-14,8151
5864,致和證,44,0,44,台新-建北,2023-04-14,8151
8222,寶一,105,65,40,台新-建北,2023-04-14,8151
6179,亞通,46,10,36,台新-建北,2023-04-14,8151
1514,亞力,70,37,33,台新-建北,2023-04-14,8151
2891,中信金,36,4,32,台新-建北,2023-04-14,8151
8033,雷虎,50,18,32,台新-建北,2023-04-14,8151
2492,華新科,37,5,32,台新-建北,2023-04-14,8151
3049,精金,31,2,29,台新-建北,2023-04-14,8151
4916,事欣科,32,3,29,台新-建北,2023-04-14,8151
4702,中美實,27,0,27,台新-建北,2023-04-14,8151
3006,晶豪科,32,6,26,台新-建北,2023-04-14,8151
2402,毅嘉,39,14,25,台新-建北,2023-04-14,8151
4207,環泰,22,0,22,台新-建北,2023-04-14,8151
6446,藥華藥,28,7,21,台新-建北,2023-04-14,8151
00885,富邦越南,30,10,20,台新-建北,2023-04-14,8151
00710B,復華彭博非投等債,20,0,20,台新-建北,2023-04-14,8151
3324,雙鴻,25,5,20,台新-建北,2023-04-14,8151
8084,巨虹,23,3,20,台新-建北,2023-04-14,8151
2425,承啟,20,0,20,台新-建北,2023-04-14,8151
3231,緯創,50,30,20,台新-建北,2023-04-14,8151
00772B,中信高評級公司債,22,3,19,台新-建北,2023-04-14,8151
00632R,元大台灣50反1,39,20,19,台新-建北,2023-04-14,8151
5309,系統電,18,1,17,台新-建北,2023-04-14,8151
2427,三商電,16,0,16,台新-建北,2023-04-14,8151
4956,光鋐,16,0,16,台新-建北,2023-04-14,8151
6573,虹揚-KY,15,0,15,台新-建北,2023-04-14,8151
2485,兆赫,15,0,15,台新-建北,2023-04-14,8151
3265,台星科,15,0,15,台新-建北,2023-04-14,8151
1529,樂事綠能,153,138,15,台新-建北,2023-04-14,8151
6175,立敦,16,1,15,台新-建北,2023-04-14,8151
2734,易飛網,14,0,14,台新-建北,2023-04-14,8151
6197,佳必琪,15,1,14,台新-建北,2023-04-14,8151
3689,湧德,15,1,14,台新-建北,2023-04-14,8151
00712,復華富時不動產,14,0,14,台新-建北,2023-04-14,8151
4128,中天,14,1,13,台新-建北,2023-04-14,8151
2355,敬鵬,16,3,13,台新-建北,2023-04-14,8151
2610,華航,29,16,13,台新-建北,2023-04-14,8151
4744,皇將,15,2,13,台新-建北,2023-04-14,8151
2101,南港,13,0,13,台新-建北,2023-04-14,8151
4114,健喬,15,2,13,台新-建北,2023-04-14,8151
3029,零壹,296,175,121,台新-建北,2023-04-17,8151
2883,凱基金,120,5,115,台新-建北,2023-04-17,8151
1504,東元,130,24,106,台新-建北,2023-04-17,8151
2002,中鋼,105,8,97,台新-建北,2023-04-17,8151
2317,鴻海,80,1,79,台新-建北,2023-04-17,8151
00680L,元大美債20正2,74,0,74,台新-建北,2023-04-17,8151
00712,復華富時不動產,70,0,70,台新-建北,2023-04-17,8151
3058,立德,63,2,61,台新-建北,2023-04-17,8151
2609,陽明,78,23,55,台新-建北,2023-04-17,8151
6235,華孚,144,90,54,台新-建北,2023-04-17,8151
1589,永冠-KY,57,4,53,台新-建北,2023-04-17,8151
00679B,元大美債20年,52,1,51,台新-建北,2023-04-17,8151
3479,安勤,53,3,50,台新-建北,2023-04-17,8151
1611,中電,48,0,48,台新-建北,2023-04-17,8151
4968,立積,105,59,46,台新-建北,2023-04-17,8151
8105,凌巨,45,0,45,台新-建北,2023-04-17,8151
00885,富邦越南,46,5,41,台新-建北,2023-04-17,8151
1444,力麗,40,0,40,台新-建北,2023-04-17,8151
2641,正德,39,0,39,台新-建北,2023-04-17,8151
6194,育富,31,0,31,台新-建北,2023-04-17,8151
2867,三商壽,30,0,30,台新-建北,2023-04-17,8151
2701,萬企,30,0,30,台新-建北,2023-04-17,8151
2706,第一店,30,0,30,台新-建北,2023-04-17,8151
2614,東森,30,1,29,台新-建北,2023-04-17,8151
2332,友訊,28,0,28,台新-建北,2023-04-17,8151
2458,義隆,25,0,25,台新-建北,2023-04-17,8151
3188,鑫龍騰,24,0,24,台新-建北,2023-04-17,8151
4979,華星光,35,11,24,台新-建北,2023-04-17,8151
5328,華容,25,2,23,台新-建北,2023-04-17,8151
2492,華新科,23,0,23,台新-建北,2023-04-17,8151
3437,榮創,22,0,22,台新-建北,2023-04-17,8151
6578,達邦蛋白,21,0,21,台新-建北,2023-04-17,8151
3011,今皓,24,3,21,台新-建北,2023-04-17,8151
6168,宏齊,21,0,21,台新-建北,2023-04-17,8151
00888,永豐台灣ESG,20,0,20,台新-建北,2023-04-17,8151
6829,千附精密,21,1,20,台新-建北,2023-04-17,8151
2610,華航,43,23,20,台新-建北,2023-04-17,8151
6005,群益證,64,44,20,台新-建北,2023-04-17,8151
3322,建舜電,20,0,20,台新-建北,2023-04-17,8151
6438,迅得,21,1,20,台新-建北,2023-04-17,8151
6558,興能高,19,0,19,台新-建北,2023-04-17,8151
3324,雙鴻,25,6,19,台新-建北,2023-04-17,8151
4956,光鋐,18,0,18,台新-建北,2023-04-17,8151
6116,彩晶,21,3,18,台新-建北,2023-04-17,8151
6477,安集,20,3,17,台新-建北,2023-04-17,8151
5484,慧友,17,0,17,台新-建北,2023-04-17,8151
00919,群益台灣精選高息,17,0,17,台新-建北,2023-04-17,8151
00878,國泰永續高股息,19,3,16,台新-建北,2023-04-17,8151
2382,廣達,16,0,16,台新-建北,2023-04-17,8151
00725B,國泰投資級公司債,16,0,16,台新-建北,2023-04-17,8151
3029,零壹,148,16,132,台新-建北,2023-04-18,8151
2359,所羅門,156,48,108,台新-建北,2023-04-18,8151
00679B,元大美債20年,106,0,106,台新-建北,2023-04-18,8151
4979,華星光,197,119,78,台新-建北,2023-04-18,8151
1416,廣豐,75,2,73,台新-建北,2023-04-18,8151
1809,中釉,73,0,73,台新-建北,2023-04-18,8151
1215,卜蜂,76,15,61,台新-建北,2023-04-18,8151
1104,環泥,60,0,60,台新-建北,2023-04-18,8151
4923,力士,55,0,55,台新-建北,2023-04-18,8151
3046,建��,59,7,52,台新-建北,2023-04-18,8151
3058,立德,61,11,50,台新-建北,2023-04-18,8151
3094,聯傑,68,21,47,台新-建北,2023-04-18,8151
6160,欣技,59,14,45,台新-建北,2023-04-18,8151
6152,百一,42,0,42,台新-建北,2023-04-18,8151
3051,力特,42,1,41,台新-建北,2023-04-18,8151
1314,中石化,46,5,41,台新-建北,2023-04-18,8151
2886,兆豐金,47,6,41,台新-建北,2023-04-18,8151
2890,永豐金,41,0,41,台新-建北,2023-04-18,8151
2603,長榮,49,11,38,台新-建北,2023-04-18,8151
2614,東森,38,0,38,台新-建北,2023-04-18,8151
2204,中華,63,26,37,台新-建北,2023-04-18,8151
4164,承業醫,44,8,36,台新-建北,2023-04-18,8151
2484,希華,35,0,35,台新-建北,2023-04-18,8151
4934,太極,37,3,34,台新-建北,2023-04-18,8151
2486,一詮,38,4,34,台新-建北,2023-04-18,8151
3325,旭品,34,0,34,台新-建北,2023-04-18,8151
2423,固緯,32,0,32,台新-建北,2023-04-18,8151
1785,光洋科,35,3,32,台新-建北,2023-04-18,8151
2630,亞航,35,5,30,台新-建北,2023-04-18,8151
3202,樺晟,30,0,30,台新-建北,2023-04-18,8151
2610,華航,33,4,29,台新-建北,2023-04-18,8151
4906,正文,29,0,29,台新-建北,2023-04-18,8151
1240,茂生農經,28,0,28,台新-建北,2023-04-18,8151
3607,谷崧,28,0,28,台新-建北,2023-04-18,8151
1605,華新,36,9,27,台新-建北,2023-04-18,8151
3163,波若威,38,13,25,台新-建北,2023-04-18,8151
00720B,元大投資級公司債,25,0,25,台新-建北,2023-04-18,8151
2498,宏達電,29,5,24,台新-建北,2023-04-18,8151
00772B,中信高評級公司債,23,0,23,台新-建北,2023-04-18,8151
2023,燁輝,21,0,21,台新-建北,2023-04-18,8151
2462,良得電,21,0,21,台新-建北,2023-04-18,8151
6244,茂迪,46,25,21,台新-建北,2023-04-18,8151
2457,飛宏,207,187,20,台新-建北,2023-04-18,8151
1506,正道,20,0,20,台新-建北,2023-04-18,8151
3062,建漢,23,4,19,台新-建北,2023-04-18,8151
3206,志豐,24,5,19,台新-建北,2023-04-18,8151
3078,僑威,21,3,18,台新-建北,2023-04-18,8151
1584,精剛,55,37,18,台新-建北,2023-04-18,8151
1447,力鵬,18,0,18,台新-建北,2023-04-18,8151
2528,皇普,18,0,18,台新-建北,2023-04-18,8151
3231,緯創,358,218,140,台新-建北,2023-04-19,8151
9907,統一實,100,0,100,台新-建北,2023-04-19,8151
8222,寶一,156,83,73,台新-建北,2023-04-19,8151
1611,中電,124,53,71,台新-建北,2023-04-19,8151
3047,訊舟,90,20,70,台新-建北,2023-04-19,8151
4164,承業醫,107,42,65,台新-建北,2023-04-19,8151
00669R,國泰美國道瓊反1,60,0,60,台新-建北,2023-04-19,8151
2367,燿華,50,0,50,台新-建北,2023-04-19,8151
2317,鴻海,52,4,48,台新-建北,2023-04-19,8151
6163,華電網,384,336,48,台新-建北,2023-04-19,8151
6288,聯嘉,57,13,44,台新-建北,2023-04-19,8151
6235,華孚,127,87,40,台新-建北,2023-04-19,8151
00712,復華富時不動產,38,0,38,台新-建北,2023-04-19,8151
3673,TPK-KY,83,47,36,台新-建北,2023-04-19,8151
00720B,元大投資級公司債,34,0,34,台新-建北,2023-04-19,8151
8069,元太,42,8,34,台新-建北,2023-04-19,8151
6829,千附精密,36,3,33,台新-建北,2023-04-19,8151
2891,中信金,31,0,31,台新-建北,2023-04-19,8151
6547,高端疫苗,30,0,30,台新-建北,2023-04-19,8151
00878,國泰永續高股息,31,2,29,台新-建北,2023-04-19,8151
2382,廣達,41,13,28,台新-建北,2023-04-19,8151
2610,華航,28,2,26,台新-建北,2023-04-19,8151
00679B,元大美債20年,25,0,25,台新-建北,2023-04-19,8151
00713,元大台灣高息低波,24,0,24,台新-建北,2023-04-19,8151
3419,譁裕,25,2,23,台新-建北,2023-04-19,8151
4540,全球傳動,22,0,22,台新-建北,2023-04-19,8151
9933,中鼎,21,0,21,台新-建北,2023-04-19,8151
2347,聯強,20,0,20,台新-建北,2023-04-19,8151
2009,第一銅,24,4,20,台新-建北,2023-04-19,8151
5315,光聯,20,0,20,台新-建北,2023-04-19,8151
5608,四維航,20,0,20,台新-建北,2023-04-19,8151
6134,萬旭,54,34,20,台新-建北,2023-04-19,8151
3707,漢磊,21,1,20,台新-建北,2023-04-19,8151
2504,國產,20,1,19,台新-建北,2023-04-19,8151
2409,友達,33,14,19,台新-建北,2023-04-19,8151
0050,元大台灣50,19,0,19,台新-建北,2023-04-19,8151
00888,永豐台灣ESG,18,0,18,台新-建北,2023-04-19,8151
3037,欣興,24,6,18,台新-建北,2023-04-19,8151
00772B,中信高評級公司債,17,0,17,台新-建北,2023-04-19,8151
6505,台塑化,16,0,16,台新-建北,2023-04-19,8151
0056,元大高股息,25,10,15,台新-建北,2023-04-19,8151
1618,合機,15,0,15,台新-建北,2023-04-19,8151
5452,佶優,15,0,15,台新-建北,2023-04-19,8151
4580,捷流閥業,15,0,15,台新-建北,2023-04-19,8151
1810,和成,25,10,15,台新-建北,2023-04-19,8151
6160,欣技,16,2,14,台新-建北,2023-04-19,8151
3264,欣銓,14,0,14,台新-建北,2023-04-19,8151
2884,玉山金,13,0,13,台新-建北,2023-04-19,8151
4584,君帆,13,0,13,台新-建北,2023-04-19,8151
3479,安勤,23,10,13,台新-建北,2023-04-19,8151
1711,永光,210,0,210,台新-建北,2023-04-20,8151
1409,新纖,210,40,170,台新-建北,2023-04-20,8151
6235,華孚,112,12,100,台新-建北,2023-04-20,8151
3576,聯合再生,111,16,95,台新-建北,2023-04-20,8151
00680L,元大美債20正2,92,0,92,台新-建北,2023-04-20,8151
00878,國泰永續高股息,75,9,66,台新-建北,2023-04-20,8151
2609,陽明,70,9,61,台新-建北,2023-04-20,8151
3058,立德,70,11,59,台新-建北,2023-04-20,8151
1795,美時,133,87,46,台新-建北,2023-04-20,8151
6215,和椿,83,39,44,台新-建北,2023-04-20,8151
2201,裕隆,104,62,42,台新-建北,2023-04-20,8151
1710,東聯,228,188,40,台新-建北,2023-04-20,8151
6443,元晶,50,11,39,台新-建北,2023-04-20,8151
3707,漢磊,34,0,34,台新-建北,2023-04-20,8151
2314,台揚,34,5,29,台新-建北,2023-04-20,8151
6285,啟��,45,16,29,台新-建北,2023-04-20,8151
3518,柏騰,25,0,25,台新-建北,2023-04-20,8151
6547,高端疫苗,31,6,25,台新-建北,2023-04-20,8151
4114,健喬,25,0,25,台新-建北,2023-04-20,8151
1605,華新,29,5,24,台新-建北,2023-04-20,8151
5227,立凱-KY,29,5,24,台新-建北,2023-04-20,8151
1308,亞聚,21,0,21,台新-建北,2023-04-20,8151
2498,宏達電,31,10,21,台新-建北,2023-04-20,8151
2409,友達,21,0,21,台新-建北,2023-04-20,8151
6874,倍力,26,5,21,台新-建北,2023-04-20,8151
2634,漢翔,67,47,20,台新-建北,2023-04-20,8151
1701,中化,20,0,20,台新-建北,2023-04-20,8151
2371,大同,21,3,18,台新-建北,2023-04-20,8151
3704,合勤控,47,29,18,台新-建北,2023-04-20,8151
5465,富驊,23,5,18,台新-建北,2023-04-20,8151
8111,立��,31,14,17,台新-建北,2023-04-20,8151
1783,和康生,29,12,17,台新-建北,2023-04-20,8151
3624,光頡,17,1,16,台新-建北,2023-04-20,8151
8277,商丞,16,0,16,台新-建北,2023-04-20,8151
00713,元大台灣高息低波,17,2,15,台新-建北,2023-04-20,8151
2388,威盛,15,0,15,台新-建北,2023-04-20,8151
4552,力達-KY,14,0,14,台新-建北,2023-04-20,8151
0050,元大台灣50,15,1,14,台新-建北,2023-04-20,8151
2610,華航,15,2,13,台新-建北,2023-04-20,8151
6712,長聖,24,11,13,台新-建北,2023-04-20,8151
0056,元大高股息,14,2,12,台新-建北,2023-04-20,8151
2408,南亞科,13,1,12,台新-建北,2023-04-20,8151
2027,大成鋼,12,0,12,台新-建北,2023-04-20,8151
00720B,元大投資級公司債,11,0,11,台新-建北,2023-04-20,8151
4147,中裕,28,17,11,台新-建北,2023-04-20,8151
8932,智通*,11,0,11,台新-建北,2023-04-20,8151
6741,91APP*-KY,18,7,11,台新-建北,2023-04-20,8151
5328,華容,11,0,11,台新-建北,2023-04-20,8151
6691,洋基工程,11,0,11,台新-建北,2023-04-20,8151
3443,創意,21,11,10,台新-建北,2023-04-20,8151
2303,聯電,324,5,319,台新-建北,2023-04-21,8151
6235,華孚,371,257,114,台新-建北,2023-04-21,8151
00751B,元大AAA至A公司債,105,0,105,台新-建北,2023-04-21,8151
8926,台汽電,153,50,103,台新-建北,2023-04-21,8151
2913,農林,111,34,77,台新-建北,2023-04-21,8151
1101,台泥,114,51,63,台新-建北,2023-04-21,8151
6733,博晟生醫,61,12,49,台新-建北,2023-04-21,8151
6547,高端疫苗,50,1,49,台新-建北,2023-04-21,8151
3078,僑威,83,35,48,台新-建北,2023-04-21,8151
3037,欣興,75,32,43,台新-建北,2023-04-21,8151
2031,新光鋼,61,18,43,台新-建北,2023-04-21,8151
0056,元大高股息,44,2,42,台新-建北,2023-04-21,8151
2457,飛宏,96,54,42,台新-建北,2023-04-21,8151
00888,永豐台灣ESG,39,1,38,台新-建北,2023-04-21,8151
1710,東聯,41,5,36,台新-建北,2023-04-21,8151
2614,東森,33,0,33,台新-建北,2023-04-21,8151
3576,聯合再生,32,0,32,台新-建北,2023-04-21,8151
6024,群益期,32,0,32,台新-建北,2023-04-21,8151
00680L,元大美債20正2,40,10,30,台新-建北,2023-04-21,8151
1907,永豐餘,51,21,30,台新-建北,2023-04-21,8151
3444,利機,28,0,28,台新-建北,2023-04-21,8151
2023,燁輝,30,3,27,台新-建北,2023-04-21,8151
00720B,元大投資級公司債,25,0,25,台新-建北,2023-04-21,8151
2342,茂矽,24,0,24,台新-建北,2023-04-21,8151
00713,元大台灣高息低波,27,8,19,台新-建北,2023-04-21,8151
2610,華航,18,0,18,台新-建北,2023-04-21,8151
00878,國泰永續高股息,55,37,18,台新-建北,2023-04-21,8151
6122,擎邦,20,3,17,台新-建北,2023-04-21,8151
1701,中化,16,0,16,台新-建北,2023-04-21,8151
6116,彩晶,16,0,16,台新-建北,2023-04-21,8151
5009,榮剛,35,19,16,台新-建北,2023-04-21,8151
3481,群創,42,27,15,台新-建北,2023-04-21,8151
2609,陽明,18,3,15,台新-建北,2023-04-21,8151
6215,和椿,48,33,15,台新-建北,2023-04-21,8151
6165,浪凡,15,0,15,台新-建北,2023-04-21,8151
1717,長興,14,0,14,台新-建北,2023-04-21,8151
00637L,元大滬深300正2,14,0,14,台新-建北,2023-04-21,8151
2201,裕隆,27,14,13,台新-建北,2023-04-21,8151
8033,雷虎,14,1,13,台新-建北,2023-04-21,8151
3680,家登,27,14,13,台新-建北,2023-04-21,8151
3006,晶豪科,29,16,13,台新-建北,2023-04-21,8151
6770,力積電,12,0,12,台新-建北,2023-04-21,8151
2634,漢翔,41,29,12,台新-建北,2023-04-21,8151
8086,宏捷科,12,0,12,台新-建北,2023-04-21,8151
4931,新盛力,21,9,12,台新-建北,2023-04-21,8151
006208,富邦台50,12,0,12,台新-建北,2023-04-21,8151
2498,宏達電,14,3,11,台新-建北,2023-04-21,8151
6719,力智,17,6,11,台新-建北,2023-04-21,8151
6712,長聖,22,11,11,台新-建北,2023-04-21,8151
2204,中華,23,12,11,台新-建北,2023-04-21,8151
2515,中工,200,7,193,台新-建北,2023-04-24,8151
4123,晟德,140,2,138,台新-建北,2023-04-24,8151
1310,台苯,268,152,116,台新-建北,2023-04-24,8151
2913,農林,116,41,75,台新-建北,2023-04-24,8151
2031,新光鋼,76,18,58,台新-建北,2023-04-24,8151
00679B,元大美債20年,48,0,48,台新-建北,2023-04-24,8151
2867,三商壽,50,5,45,台新-建北,2023-04-24,8151
00680L,元大美債20正2,53,10,43,台新-建北,2023-04-24,8151
0056,元大高股息,45,6,39,台新-建北,2023-04-24,8151
6550,北極星藥業-KY,33,0,33,台新-建北,2023-04-24,8151
00637L,元大滬深300正2,31,0,31,台新-建北,2023-04-24,8151
00902,中信電池及儲能,30,0,30,台新-建北,2023-04-24,8151
3443,創意,31,1,30,台新-建北,2023-04-24,8151
1904,正隆,33,4,29,台新-建北,2023-04-24,8151
00772B,中信高評級公司債,25,0,25,台新-建北,2023-04-24,8151
2453,凌群,56,32,24,台新-建北,2023-04-24,8151
2457,飛宏,111,87,24,台新-建北,2023-04-24,8151
2614,東森,22,0,22,台新-建北,2023-04-24,8151
3545,敦泰,21,0,21,台新-建北,2023-04-24,8151
4968,立積,66,45,21,台新-建北,2023-04-24,8151
1504,東元,24,4,20,台新-建北,2023-04-24,8151
8084,巨虹,21,1,20,台新-建北,2023-04-24,8151
2455,全新,22,2,20,台新-建北,2023-04-24,8151
8222,寶一,21,1,20,台新-建北,2023-04-24,8151
3492,長盛,20,0,20,台新-建北,2023-04-24,8151
00712,復華富時不動產,19,0,19,台新-建北,2023-04-24,8151
0050,元大台灣50,18,0,18,台新-建北,2023-04-24,8151
3479,安勤,33,15,18,台新-建北,2023-04-24,8151
6689,伊雲谷,15,0,15,台新-建北,2023-04-24,8151
1308,亞聚,15,0,15,台新-建北,2023-04-24,8151
3017,奇鋐,19,5,14,台新-建北,2023-04-24,8151
1101,台泥,67,53,14,台新-建北,2023-04-24,8151
1909,榮成,52,39,13,台新-建北,2023-04-24,8151
00633L,富邦上証正2,45,32,13,台新-建北,2023-04-24,8151
4953,緯軟,12,0,12,台新-建北,2023-04-24,8151
006208,富邦台50,11,0,11,台新-建北,2023-04-24,8151
1409,新纖,11,0,11,台新-建北,2023-04-24,8151
9942,茂順,11,0,11,台新-建北,2023-04-24,8151
9958,世紀鋼,12,1,11,台新-建北,2023-04-24,8151
00888,永豐台灣ESG,11,0,11,台新-建北,2023-04-24,8151
8093,保銳,11,0,11,台新-建北,2023-04-24,8151
2408,南亞科,11,1,10,台新-建北,2023-04-24,8151
6488,環球晶,13,3,10,台新-建北,2023-04-24,8151
3416,融程電,12,2,10,台新-建北,2023-04-24,8151
6789,采鈺,10,0,10,台新-建北,2023-04-24,8151
00891,中信關鍵半導體,10,0,10,台新-建北,2023-04-24,8151
2887E,台新戊特,10,0,10,台新-建北,2023-04-24,8151
1605,華新,19,9,10,台新-建北,2023-04-24,8151
1522,堤維西,9,0,9,台新-建北,2023-04-24,8151
2303,聯電,13,5,8,台新-建北,2023-04-24,8151
2634,漢翔,393,206,187,台新-建北,2023-04-25,8151
00878,國泰永續高股息,168,18,150,台新-建北,2023-04-25,8151
1905,華紙,149,34,115,台新-建北,2023-04-25,8151
0056,元大高股息,141,37,104,台新-建北,2023-04-25,8151
2867,三商壽,72,0,72,台新-建北,2023-04-25,8151
2457,飛宏,185,117,68,台新-建北,2023-04-25,8151
8069,元太,92,25,67,台新-建北,2023-04-25,8151
6282,康舒,121,64,57,台新-建北,2023-04-25,8151
2607,榮運,55,0,55,台新-建北,2023-04-25,8151
5009,榮剛,81,30,51,台新-建北,2023-04-25,8151
00632R,元大台灣50反1,78,29,49,台新-建北,2023-04-25,8151
00713,元大台灣高息低波,49,2,47,台新-建北,2023-04-25,8151
00888,永豐台灣ESG,42,0,42,台新-建北,2023-04-25,8151
4147,中裕,89,47,42,台新-建北,2023-04-25,8151
00637L,元大滬深300正2,42,0,42,台新-建北,2023-04-25,8151
00772B,中信高評級公司債,41,0,41,台新-建北,2023-04-25,8151
2421,建準,40,0,40,台新-建北,2023-04-25,8151
00891,中信關鍵半導體,89,49,40,台新-建北,2023-04-25,8151
00679B,元大美債20年,38,0,38,台新-建北,2023-04-25,8151
4977,眾達-KY,47,10,37,台新-建北,2023-04-25,8151
3011,今皓,37,0,37,台新-建北,2023-04-25,8151
00885,富邦越南,36,2,34,台新-建北,2023-04-25,8151
00633L,富邦上証正2,32,0,32,台新-建北,2023-04-25,8151
3492,長盛,30,0,30,台新-建北,2023-04-25,8151
2614,東森,32,6,26,台新-建北,2023-04-25,8151
3443,創意,35,10,25,台新-建北,2023-04-25,8151
1795,美時,44,21,23,台新-建北,2023-04-25,8151
4114,健喬,35,12,23,台新-建北,2023-04-25,8151
6550,北極星藥業-KY,28,6,22,台新-建北,2023-04-25,8151
00665L,富邦�琤肭磪囓�2,29,7,22,台新-建北,2023-04-25,8151
4164,承業醫,22,0,22,台新-建北,2023-04-25,8151
6789,采鈺,22,1,21,台新-建北,2023-04-25,8151
1101,台泥,25,5,20,台新-建北,2023-04-25,8151
2449,京元電子,20,0,20,台新-建北,2023-04-25,8151
0050,元大台灣50,22,3,19,台新-建北,2023-04-25,8151
2609,陽明,29,10,19,台新-建北,2023-04-25,8151
2303,聯電,29,10,19,台新-建北,2023-04-25,8151
6788,華景電,19,1,18,台新-建北,2023-04-25,8151
3029,零壹,25,7,18,台新-建北,2023-04-25,8151
2031,新光鋼,25,7,18,台新-建北,2023-04-25,8151
00923,群益台ESG低碳50,17,0,17,台新-建北,2023-04-25,8151
5483,中美晶,19,2,17,台新-建北,2023-04-25,8151
3419,譁裕,111,95,16,台新-建北,2023-04-25,8151
2409,友達,16,0,16,台新-建北,2023-04-25,8151
6142,友勁,16,0,16,台新-建北,2023-04-25,8151
6227,茂綸,16,0,16,台新-建北,2023-04-25,8151
3294,英濟,47,32,15,台新-建北,2023-04-25,8151
2610,華航,19,5,14,台新-建北,2023-04-25,8151
2883,凱基金,14,0,14,台新-建北,2023-04-25,8151
1796,金穎生技,16,3,13,台新-建北,2023-04-25,8151
2515,中工,852,2,850,台新-建北,2023-04-26,8151
2892,第一金,300,1,299,台新-建北,2023-04-26,8151
1709,和益,111,0,111,台新-建北,2023-04-26,8151
2913,農林,85,0,85,台新-建北,2023-04-26,8151
2485,兆赫,80,0,80,台新-建北,2023-04-26,8151
00878,國泰永續高股息,72,1,71,台新-建北,2023-04-26,8151
3363,上詮,65,6,59,台新-建北,2023-04-26,8151
2471,資通,120,67,53,台新-建北,2023-04-26,8151
00712,復華富時不動產,51,0,51,台新-建北,2023-04-26,8151
4951,精拓科,47,0,47,台新-建北,2023-04-26,8151
2457,飛宏,81,40,41,台新-建北,2023-04-26,8151
00772B,中信高評級公司債,42,5,37,台新-建北,2023-04-26,8151
6733,博晟生醫,32,0,32,台新-建北,2023-04-26,8151
6770,力積電,26,0,26,台新-建北,2023-04-26,8151
00885,富邦越南,25,0,25,台新-建北,2023-04-26,8151
2609,陽明,25,1,24,台新-建北,2023-04-26,8151
00923,群益台ESG低碳50,24,0,24,台新-建北,2023-04-26,8151
0056,元大高股息,26,4,22,台新-建北,2023-04-26,8151
2303,聯電,29,8,21,台新-建北,2023-04-26,8151
4968,立積,42,22,20,台新-建北,2023-04-26,8151
00633L,富邦上証正2,20,0,20,台新-建北,2023-04-26,8151
1605,華新,21,2,19,台新-建北,2023-04-26,8151
2453,凌群,50,31,19,台新-建北,2023-04-26,8151
6712,長聖,28,10,18,台新-建北,2023-04-26,8151
2603,長榮,41,23,18,台新-建北,2023-04-26,8151
4566,時碩工業,22,5,17,台新-建北,2023-04-26,8151
6282,康舒,38,21,17,台新-建北,2023-04-26,8151
3231,緯創,124,107,17,台新-建北,2023-04-26,8151
0050,元大台灣50,16,0,16,台新-建北,2023-04-26,8151
00924,復華S＆P500成長,16,0,16,台新-建北,2023-04-26,8151
00888,永豐台灣ESG,15,0,15,台新-建北,2023-04-26,8151
1568,倉佑,17,2,15,台新-建北,2023-04-26,8151
2031,新光鋼,17,3,14,台新-建北,2023-04-26,8151
00900,富邦特選高股息30,14,0,14,台新-建北,2023-04-26,8151
3035,智原,34,20,14,台新-建北,2023-04-26,8151
1471,首利,13,0,13,台新-建北,2023-04-26,8151
3715,定穎投控,14,1,13,台新-建北,2023-04-26,8151
2888,新光金,26,13,13,台新-建北,2023-04-26,8151
006208,富邦台50,12,0,12,台新-建北,2023-04-26,8151
3071,協禧,17,6,11,台新-建北,2023-04-26,8151
2002,中鋼,11,0,11,台新-建北,2023-04-26,8151
00902,中信電池及儲能,11,0,11,台新-建北,2023-04-26,8151
3443,創意,15,5,10,台新-建北,2023-04-26,8151
3492,長盛,10,0,10,台新-建北,2023-04-26,8151
1569,濱川,10,0,10,台新-建北,2023-04-26,8151
6005,群益證,10,0,10,台新-建北,2023-04-26,8151
3624,光頡,35,25,10,台新-建北,2023-04-26,8151
2340,台亞,10,0,10,台新-建北,2023-04-26,8151
4923,力士,10,0,10,台新-建北,2023-04-26,8151
3710,連展投控,10,0,10,台新-建北,2023-04-26,8151
2206,三陽工業,168,14,154,台新-建北,2023-04-27,8151
2344,華邦電,116,6,110,台新-建北,2023-04-27,8151
00878,國泰永續高股息,74,2,72,台新-建北,2023-04-27,8151
00680L,元大美債20正2,67,0,67,台新-建北,2023-04-27,8151
3363,上詮,91,35,56,台新-建北,2023-04-27,8151
3037,欣興,62,11,51,台新-建北,2023-04-27,8151
1711,永光,305,256,49,台新-建北,2023-04-27,8151
2534,宏盛,43,1,42,台新-建北,2023-04-27,8151
1721,三晃,146,105,41,台新-建北,2023-04-27,8151
00773B,中信優先金融債,41,0,41,台新-建北,2023-04-27,8151
1215,卜蜂,39,2,37,台新-建北,2023-04-27,8151
2429,銘旺科,32,0,32,台新-建北,2023-04-27,8151
1471,首利,34,4,30,台新-建北,2023-04-27,8151
2888,新光金,30,0,30,台新-建北,2023-04-27,8151
4743,合一,29,0,29,台新-建北,2023-04-27,8151
4908,前鼎,29,4,25,台新-建北,2023-04-27,8151
2314,台揚,24,0,24,台新-建北,2023-04-27,8151
1533,車王電,49,26,23,台新-建北,2023-04-27,8151
3017,奇鋐,42,21,21,台新-建北,2023-04-27,8151
00715L,期街口布蘭特正2,21,0,21,台新-建北,2023-04-27,8151
1609,大亞,41,20,21,台新-建北,2023-04-27,8151
2347,聯強,20,0,20,台新-建北,2023-04-27,8151
2498,宏達電,143,124,19,台新-建北,2023-04-27,8151
3324,雙鴻,40,21,19,台新-建北,2023-04-27,8151
2301,光寶科,23,6,17,台新-建北,2023-04-27,8151
00679B,元大美債20年,16,0,16,台新-建北,2023-04-27,8151
9919,康那香,15,0,15,台新-建北,2023-04-27,8151
6517,保勝光學,33,18,15,台新-建北,2023-04-27,8151
00712,復華富時不動產,17,2,15,台新-建北,2023-04-27,8151
6461,益得,15,1,14,台新-建北,2023-04-27,8151
4951,精拓科,14,0,14,台新-建北,2023-04-27,8151
1907,永豐餘,50,37,13,台新-建北,2023-04-27,8151
6446,藥華藥,23,11,12,台新-建北,2023-04-27,8151
2002,中鋼,14,2,12,台新-建北,2023-04-27,8151
2360,致茂,12,0,12,台新-建北,2023-04-27,8151
4128,中天,14,2,12,台新-建北,2023-04-27,8151
0050,元大台灣50,12,0,12,台新-建北,2023-04-27,8151
2603,長榮,20,8,12,台新-建北,2023-04-27,8151
6284,佳邦,11,0,11,台新-建北,2023-04-27,8151
8933,愛地雅,11,0,11,台新-建北,2023-04-27,8151
8227,巨有科技,20,9,11,台新-建北,2023-04-27,8151
1605,華新,26,16,10,台新-建北,2023-04-27,8151
2377,微星,10,0,10,台新-建北,2023-04-27,8151
2363,矽統,10,0,10,台新-建北,2023-04-27,8151
3231,緯創,79,69,10,台新-建北,2023-04-27,8151
3454,晶睿,24,14,10,台新-建北,2023-04-27,8151
2610,華航,72,62,10,台新-建北,2023-04-27,8151
3664,安瑞-KY,10,0,10,台新-建北,2023-04-27,8151
1717,長興,74,64,10,台新-建北,2023-04-27,8151
6114,久威,10,0,10,台新-建北,2023-04-27,8151
00680L,元大美債20正2,150,0,150,台新-建北,2023-04-28,8151
3481,群創,112,12,100,台新-建北,2023-04-28,8151
2618,長榮航,103,7,96,台新-建北,2023-04-28,8151
2303,聯電,115,32,83,台新-建北,2023-04-28,8151
1215,卜蜂,82,0,82,台新-建北,2023-04-28,8151
00676R,富邦臺灣加權反1,60,0,60,台新-建北,2023-04-28,8151
3479,安勤,74,15,59,台新-建北,2023-04-28,8151
6026,福邦證,50,0,50,台新-建北,2023-04-28,8151
8222,寶一,89,42,47,台新-建北,2023-04-28,8151
6274,台燿,38,2,36,台新-建北,2023-04-28,8151
00772B,中信高評級公司債,35,0,35,台新-建北,2023-04-28,8151
2409,友達,34,0,34,台新-建北,2023-04-28,8151
2542,興富發,32,0,32,台新-建北,2023-04-28,8151
00900,富邦特選高股息30,30,0,30,台新-建北,2023-04-28,8151
8099,大世科,30,0,30,台新-建北,2023-04-28,8151
1806,冠軍,31,2,29,台新-建北,2023-04-28,8151
0050,元大台灣50,28,0,28,台新-建北,2023-04-28,8151
6163,華電網,30,4,26,台新-建北,2023-04-28,8151
3443,創意,30,5,25,台新-建北,2023-04-28,8151
2890,永豐金,30,6,24,台新-建北,2023-04-28,8151
2382,廣達,24,0,24,台新-建北,2023-04-28,8151
1104,環泥,46,23,23,台新-建北,2023-04-28,8151
3380,明泰,21,0,21,台新-建北,2023-04-28,8151
3715,定穎投控,20,0,20,台新-建北,2023-04-28,8151
5706,鳳凰,20,0,20,台新-建北,2023-04-28,8151
1727,中華化,70,50,20,台新-建北,2023-04-28,8151
1210,大成,20,0,20,台新-建北,2023-04-28,8151
6235,華孚,20,1,19,台新-建北,2023-04-28,8151
6282,康舒,59,40,19,台新-建北,2023-04-28,8151
6185,幃翔,18,0,18,台新-建北,2023-04-28,8151
3078,僑威,34,16,18,台新-建北,2023-04-28,8151
2461,光群雷,16,0,16,台新-建北,2023-04-28,8151
6167,久正,23,7,16,台新-建北,2023-04-28,8151
1533,車王電,15,0,15,台新-建北,2023-04-28,8151
2603,長榮,29,14,15,台新-建北,2023-04-28,8151
5469,瀚宇博,14,0,14,台新-建北,2023-04-28,8151
2313,華通,12,0,12,台新-建北,2023-04-28,8151
00751B,元大AAA至A公司債,12,0,12,台新-建北,2023-04-28,8151
4746,台耀,17,5,12,台新-建北,2023-04-28,8151
3025,星通,17,5,12,台新-建北,2023-04-28,8151
6733,博晟生醫,15,3,12,台新-建北,2023-04-28,8151
1504,東元,23,11,12,台新-建北,2023-04-28,8151
8227,巨有科技,58,47,11,台新-建北,2023-04-28,8151
3264,欣銓,21,10,11,台新-建北,2023-04-28,8151
9904,寶成,11,0,11,台新-建北,2023-04-28,8151
1101,台泥,40,30,10,台新-建北,2023-04-28,8151
3296,勝德,10,0,10,台新-建北,2023-04-28,8151
1905,華紙,32,22,10,台新-建北,2023-04-28,8151
3322,建舜電,10,0,10,台新-建北,2023-04-28,8151
3704,合勤控,29,19,10,台新-建北,2023-04-28,8151
1711,永光,186,2,184,台新-建北,2023-05-02,8151
2317,鴻海,222,44,178,台新-建北,2023-05-02,8151
3363,上詮,321,154,167,台新-建北,2023-05-02,8151
00680L,元大美債20正2,98,0,98,台新-建北,2023-05-02,8151
2471,資通,118,28,90,台新-建北,2023-05-02,8151
2891,中信金,117,32,85,台新-建北,2023-05-02,8151
00772B,中信高評級公司債,80,0,80,台新-建北,2023-05-02,8151
2504,國產,87,13,74,台新-建北,2023-05-02,8151
3189,景碩,80,12,68,台新-建北,2023-05-02,8151
1310,台苯,82,15,67,台新-建北,2023-05-02,8151
6190,萬泰科,123,60,63,台新-建北,2023-05-02,8151
2603,長榮,83,23,60,台新-建北,2023-05-02,8151
00688L,國泰20年美債正2,55,0,55,台新-建北,2023-05-02,8151
9945,潤泰新,47,0,47,台新-建北,2023-05-02,8151
2314,台揚,46,1,45,台新-建北,2023-05-02,8151
3419,譁裕,56,11,45,台新-建北,2023-05-02,8151
1514,亞力,93,51,42,台新-建北,2023-05-02,8151
2377,微星,32,0,32,台新-建北,2023-05-02,8151
3078,僑威,42,11,31,台新-建北,2023-05-02,8151
3443,創意,45,15,30,台新-建北,2023-05-02,8151
1504,東元,136,106,30,台新-建北,2023-05-02,8151
2880,華南金,28,0,28,台新-建北,2023-05-02,8151
2332,友訊,25,0,25,台新-建北,2023-05-02,8151
00720B,元大投資級公司債,24,0,24,台新-建北,2023-05-02,8151
00885,富邦越南,24,0,24,台新-建北,2023-05-02,8151
2542,興富發,30,6,24,台新-建北,2023-05-02,8151
3058,立德,26,5,21,台新-建北,2023-05-02,8151
1304,台聚,20,0,20,台新-建北,2023-05-02,8151
1701,中化,35,15,20,台新-建北,2023-05-02,8151
00878,國泰永續高股息,31,11,20,台新-建北,2023-05-02,8151
5469,瀚宇博,19,0,19,台新-建北,2023-05-02,8151
3324,雙鴻,31,12,19,台新-建北,2023-05-02,8151
4541,晟田,93,77,16,台新-建北,2023-05-02,8151
2634,漢翔,62,46,16,台新-建北,2023-05-02,8151
00679B,元大美債20年,15,0,15,台新-建北,2023-05-02,8151
4510,高鋒,16,1,15,台新-建北,2023-05-02,8151
1904,正隆,16,3,13,台新-建北,2023-05-02,8151
6111,大宇資,20,7,13,台新-建北,2023-05-02,8151
3032,偉訓,21,9,12,台新-建北,2023-05-02,8151
2031,新光鋼,13,1,12,台新-建北,2023-05-02,8151
2609,陽明,23,11,12,台新-建北,2023-05-02,8151
1709,和益,12,0,12,台新-建北,2023-05-02,8151
6234,高僑,32,21,11,台新-建北,2023-05-02,8151
1810,和成,11,0,11,台新-建北,2023-05-02,8151
6770,力積電,17,7,10,台新-建北,2023-05-02,8151
8016,矽創,10,0,10,台新-建北,2023-05-02,8151
2362,藍天,10,0,10,台新-建北,2023-05-02,8151
3664,安瑞-KY,10,0,10,台新-建北,2023-05-02,8151
8358,金居,10,0,10,台新-建北,2023-05-02,8151
3380,明泰,10,0,10,台新-建北,2023-05-02,8151
00712,復華富時不動產,103,0,103,台新-建北,2023-05-03,8151
6285,啟��,113,12,101,台新-建北,2023-05-03,8151
3712,永崴投控,121,31,90,台新-建北,2023-05-03,8151
00715L,期街口布蘭特正2,76,0,76,台新-建北,2023-05-03,8151
2457,飛宏,112,42,70,台新-建北,2023-05-03,8151
4967,十銓,68,5,63,台新-建北,2023-05-03,8151
1101,台泥,56,2,54,台新-建北,2023-05-03,8151
0056,元大高股息,55,1,54,台新-建北,2023-05-03,8151
8215,明基材,67,20,47,台新-建北,2023-05-03,8151
6752,叡揚,64,23,41,台新-建北,2023-05-03,8151
6698,旭暉應材,40,0,40,台新-建北,2023-05-03,8151
2206,三陽工業,98,59,39,台新-建北,2023-05-03,8151
2603,長榮,56,17,39,台新-建北,2023-05-03,8151
2645,長榮航太,44,6,38,台新-建北,2023-05-03,8151
1342,八貫,39,1,38,台新-建北,2023-05-03,8151
3202,樺晟,45,7,38,台新-建北,2023-05-03,8151
3236,千如,38,1,37,台新-建北,2023-05-03,8151
4746,台耀,36,11,25,台新-建北,2023-05-03,8151
2303,聯電,27,2,25,台新-建北,2023-05-03,8151
4503,金雨,23,0,23,台新-建北,2023-05-03,8151
1513,中興電,40,18,22,台新-建北,2023-05-03,8151
3231,緯創,89,67,22,台新-建北,2023-05-03,8151
4909,新復興,100,80,20,台新-建北,2023-05-03,8151
6274,台燿,20,0,20,台新-建北,2023-05-03,8151
00772B,中信高評級公司債,20,0,20,台新-建北,2023-05-03,8151
3031,佰鴻,20,0,20,台新-建北,2023-05-03,8151
2023,燁輝,20,0,20,台新-建北,2023-05-03,8151
00773B,中信優先金融債,20,0,20,台新-建北,2023-05-03,8151
3372,典範,19,0,19,台新-建北,2023-05-03,8151
3501,維熹,20,3,17,台新-建北,2023-05-03,8151
4173,久裕,17,0,17,台新-建北,2023-05-03,8151
1104,環泥,38,21,17,台新-建北,2023-05-03,8151
00753L,中信中國50正2,17,0,17,台新-建北,2023-05-03,8151
2609,陽明,23,6,17,台新-建北,2023-05-03,8151
00637L,元大滬深300正2,15,0,15,台新-建北,2023-05-03,8151
6741,91APP*-KY,29,14,15,台新-建北,2023-05-03,8151
2022,聚亨,16,1,15,台新-建北,2023-05-03,8151
00878,國泰永續高股息,41,26,15,台新-建北,2023-05-03,8151
00786B,元大10年IG銀行債,14,0,14,台新-建北,2023-05-03,8151
3481,群創,18,5,13,台新-建北,2023-05-03,8151
1762,中化生,12,0,12,台新-建北,2023-05-03,8151
1784,訊聯,26,15,11,台新-建北,2023-05-03,8151
4960,誠美材,11,0,11,台新-建北,2023-05-03,8151
4527,方土霖,11,0,11,台新-建北,2023-05-03,8151
2201,裕隆,11,1,10,台新-建北,2023-05-03,8151
3704,合勤控,10,0,10,台新-建北,2023-05-03,8151
6411,晶焱,22,12,10,台新-建北,2023-05-03,8151
5876,上海商銀,10,0,10,台新-建北,2023-05-03,8151
00670L,富邦NASDAQ正2,10,0,10,台新-建北,2023-05-03,8151
2614,東森,10,0,10,台新-建北,2023-05-03,8151
2609,陽明,210,1,209,台新-建北,2023-05-04,8151
8085,福華,163,0,163,台新-建北,2023-05-04,8151
00715L,期街口布蘭特正2,128,4,124,台新-建北,2023-05-04,8151
1215,卜蜂,141,34,107,台新-建北,2023-05-04,8151
00878,國泰永續高股息,106,13,93,台新-建北,2023-05-04,8151
00679B,元大美債20年,121,33,88,台新-建北,2023-05-04,8151
4763,材料-KY,97,26,71,台新-建北,2023-05-04,8151
1734,杏輝,51,0,51,台新-建北,2023-05-04,8151
2867,三商壽,50,0,50,台新-建北,2023-05-04,8151
2548,華固,50,2,48,台新-建北,2023-05-04,8151
1101,台泥,76,29,47,台新-建北,2023-05-04,8151
3005,神基,44,2,42,台新-建北,2023-05-04,8151
1342,八貫,78,38,40,台新-建北,2023-05-04,8151
00712,復華富時不動產,27,0,27,台新-建北,2023-05-04,8151
00772B,中信高評級公司債,27,0,27,台新-建北,2023-05-04,8151
4915,致伸,25,0,25,台新-建北,2023-05-04,8151
4503,金雨,25,0,25,台新-建北,2023-05-04,8151
6282,康舒,33,10,23,台新-建北,2023-05-04,8151
1760,寶齡富錦,27,6,21,台新-建北,2023-05-04,8151
1210,大成,26,5,21,台新-建北,2023-05-04,8151
1471,首利,20,0,20,台新-建北,2023-05-04,8151
6167,久正,24,4,20,台新-建北,2023-05-04,8151
00676R,富邦臺灣加權反1,20,0,20,台新-建北,2023-05-04,8151
8390,金益鼎,20,0,20,台新-建北,2023-05-04,8151
00713,元大台灣高息低波,22,2,20,台新-建北,2023-05-04,8151
2206,三陽工業,121,103,18,台新-建北,2023-05-04,8151
2303,聯電,18,1,17,台新-建北,2023-05-04,8151
3481,群創,22,6,16,台新-建北,2023-05-04,8151
6446,藥華藥,16,0,16,台新-建北,2023-05-04,8151
4911,德英,15,0,15,台新-建北,2023-05-04,8151
3038,全台,15,0,15,台新-建北,2023-05-04,8151
6126,信音,15,0,15,台新-建北,2023-05-04,8151
6165,浪凡,15,0,15,台新-建北,2023-05-04,8151
4164,承業醫,14,0,14,台新-建北,2023-05-04,8151
5425,台半,15,1,14,台新-建北,2023-05-04,8151
00720B,元大投資級公司債,13,0,13,台新-建北,2023-05-04,8151
6625,必應,46,33,13,台新-建北,2023-05-04,8151
4121,優盛,78,65,13,台新-建北,2023-05-04,8151
00773B,中信優先金融債,13,0,13,台新-建北,2023-05-04,8151
3664,安瑞-KY,12,0,12,台新-建北,2023-05-04,8151
8046,南電,16,4,12,台新-建北,2023-05-04,8151
1608,華榮,14,2,12,台新-建北,2023-05-04,8151
3715,定穎投控,48,36,12,台新-建北,2023-05-04,8151
6125,廣運,12,0,12,台新-建北,2023-05-04,8151
5381,合正,11,0,11,台新-建北,2023-05-04,8151
2457,飛宏,48,37,11,台新-建北,2023-05-04,8151
2630,亞航,10,0,10,台新-建北,2023-05-04,8151
6285,啟��,11,1,10,台新-建北,2023-05-04,8151
2302,麗正,10,0,10,台新-建北,2023-05-04,8151
6752,叡揚,20,10,10,台新-建北,2023-05-04,8151
1609,大亞,524,259,265,台新-建北,2023-05-05,8151
00878,國泰永續高股息,124,15,109,台新-建北,2023-05-05,8151
3017,奇鋐,171,73,98,台新-建北,2023-05-05,8151
6111,大宇資,171,76,95,台新-建北,2023-05-05,8151
5309,系統電,81,0,81,台新-建北,2023-05-05,8151
5009,榮剛,92,20,72,台新-建北,2023-05-05,8151
00772B,中信高評級公司債,63,5,58,台新-建北,2023-05-05,8151
00712,復華富時不動產,68,10,58,台新-建北,2023-05-05,8151
1101,台泥,56,0,56,台新-建北,2023-05-05,8151
3664,安瑞-KY,55,1,54,台新-建北,2023-05-05,8151
00715L,期街口布蘭特正2,50,3,47,台新-建北,2023-05-05,8151
00632R,元大台灣50反1,45,0,45,台新-建北,2023-05-05,8151
8358,金居,41,2,39,台新-建北,2023-05-05,8151
1905,華紙,39,3,36,台新-建北,2023-05-05,8151
4979,華星光,202,168,34,台新-建北,2023-05-05,8151
2353,宏��,45,12,33,台新-建北,2023-05-05,8151
2515,中工,32,0,32,台新-建北,2023-05-05,8151
3231,緯創,72,40,32,台新-建北,2023-05-05,8151
6139,亞翔,30,0,30,台新-建北,2023-05-05,8151
00773B,中信優先金融債,29,0,29,台新-建北,2023-05-05,8151
3071,協禧,46,21,25,台新-建北,2023-05-05,8151
3520,華盈,20,0,20,台新-建北,2023-05-05,8151
00676R,富邦臺灣加權反1,20,0,20,台新-建北,2023-05-05,8151
00642U,期元大S＆P石油,20,0,20,台新-建北,2023-05-05,8151
5439,高技,35,15,20,台新-建北,2023-05-05,8151
4527,方土霖,20,0,20,台新-建北,2023-05-05,8151
6245,立端,40,22,18,台新-建北,2023-05-05,8151
00680L,元大美債20正2,18,0,18,台新-建北,2023-05-05,8151
2338,光罩,18,0,18,台新-建北,2023-05-05,8151
6733,博晟生醫,19,1,18,台新-建北,2023-05-05,8151
4503,金雨,17,0,17,台新-建北,2023-05-05,8151
3058,立德,21,5,16,台新-建北,2023-05-05,8151
2457,飛宏,33,17,16,台新-建北,2023-05-05,8151
1216,統一,16,0,16,台新-建北,2023-05-05,8151
6277,宏正,16,0,16,台新-建北,2023-05-05,8151
8930,青鋼,20,4,16,台新-建北,2023-05-05,8151
6234,高僑,20,5,15,台新-建北,2023-05-05,8151
3230,錦明,15,0,15,台新-建北,2023-05-05,8151
00688L,國泰20年美債正2,15,0,15,台新-建北,2023-05-05,8151
3038,全台,21,6,15,台新-建北,2023-05-05,8151
4114,健喬,56,41,15,台新-建北,2023-05-05,8151
6244,茂迪,106,92,14,台新-建北,2023-05-05,8151
2884,玉山金,17,3,14,台新-建北,2023-05-05,8151
3035,智原,26,13,13,台新-建北,2023-05-05,8151
00679B,元大美債20年,13,0,13,台新-建北,2023-05-05,8151
6160,欣技,324,311,13,台新-建北,2023-05-05,8151
6148,驊宏資,20,7,13,台新-建北,2023-05-05,8151
3712,永崴投控,14,2,12,台新-建北,2023-05-05,8151
3338,泰碩,25,13,12,台新-建北,2023-05-05,8151
4129,聯合,12,0,12,台新-建北,2023-05-05,8151
2883,凱基金,348,9,339,台新-建北,2023-05-08,8151
6111,大宇資,143,31,112,台新-建北,2023-05-08,8151
1611,中電,70,0,70,台新-建北,2023-05-08,8151
00680L,元大美債20正2,63,0,63,台新-建北,2023-05-08,8151
2887,台新金,98,46,52,台新-建北,2023-05-08,8151
00642U,期元大S＆P石油,46,3,43,台新-建北,2023-05-08,8151
3703,欣陸,53,10,43,台新-建北,2023-05-08,8151
00688L,國泰20年美債正2,41,0,41,台新-建北,2023-05-08,8151
9945,潤泰新,40,0,40,台新-建北,2023-05-08,8151
3664,安瑞-KY,36,0,36,台新-建北,2023-05-08,8151
2884,玉山金,55,25,30,台新-建北,2023-05-08,8151
00720B,元大投資級公司債,29,0,29,台新-建北,2023-05-08,8151
2542,興富發,26,0,26,台新-建北,2023-05-08,8151
1609,大亞,119,96,23,台新-建北,2023-05-08,8151
00712,復華富時不動產,23,0,23,台新-建北,2023-05-08,8151
3032,偉訓,24,1,23,台新-建北,2023-05-08,8151
1605,華新,57,34,23,台新-建北,2023-05-08,8151
3005,神基,23,1,22,台新-建北,2023-05-08,8151
8069,元太,30,9,21,台新-建北,2023-05-08,8151
6285,啟��,21,0,21,台新-建北,2023-05-08,8151
2504,國產,21,0,21,台新-建北,2023-05-08,8151
3025,星通,79,61,18,台新-建北,2023-05-08,8151
5230,雷笛克光學,17,0,17,台新-建北,2023-05-08,8151
1101,台泥,29,13,16,台新-建北,2023-05-08,8151
00690,兆豐藍籌30,16,0,16,台新-建北,2023-05-08,8151
3029,零壹,29,13,16,台新-建北,2023-05-08,8151
2630,亞航,18,2,16,台新-建北,2023-05-08,8151
2634,漢翔,36,21,15,台新-建北,2023-05-08,8151
00795B,中信美國公債20年,14,0,14,台新-建北,2023-05-08,8151
4968,立積,28,14,14,台新-建北,2023-05-08,8151
2645,長榮航太,13,0,13,台新-建北,2023-05-08,8151
4763,材料-KY,18,5,13,台新-建北,2023-05-08,8151
1215,卜蜂,19,6,13,台新-建北,2023-05-08,8151
8390,金益鼎,13,0,13,台新-建北,2023-05-08,8151
3481,群創,13,0,13,台新-建北,2023-05-08,8151
2408,南亞科,13,0,13,台新-建北,2023-05-08,8151
2344,華邦電,17,5,12,台新-建北,2023-05-08,8151
2359,所羅門,24,12,12,台新-建北,2023-05-08,8151
00751B,元大AAA至A公司債,13,1,12,台新-建北,2023-05-08,8151
3673,TPK-KY,12,0,12,台新-建北,2023-05-08,8151
6275,元山,19,7,12,台新-建北,2023-05-08,8151
4129,聯合,12,0,12,台新-建北,2023-05-08,8151
00725B,國泰投資級公司債,12,0,12,台新-建北,2023-05-08,8151
2421,建準,156,145,11,台新-建北,2023-05-08,8151
5321,美而快,37,26,11,台新-建北,2023-05-08,8151
3078,僑威,29,18,11,台新-建北,2023-05-08,8151
4804,大略-KY,11,0,11,台新-建北,2023-05-08,8151
6451,訊芯-KY,11,0,11,台新-建北,2023-05-08,8151
5347,世界,10,0,10,台新-建北,2023-05-08,8151
00771,元大US高息特別股,10,0,10,台新-建北,2023-05-08,8151
00680L,元大美債20正2,247,50,197,台新-建北,2023-05-09,8151
8069,元太,89,5,84,台新-建北,2023-05-09,8151
00772B,中信高評級公司債,72,4,68,台新-建北,2023-05-09,8151
2867,三商壽,68,0,68,台新-建北,2023-05-09,8151
00878,國泰永續高股息,76,10,66,台新-建北,2023-05-09,8151
6285,啟��,64,3,61,台新-建北,2023-05-09,8151
1101,台泥,66,6,60,台新-建北,2023-05-09,8151
2913,農林,211,159,52,台新-建北,2023-05-09,8151
2371,大同,70,18,52,台新-建北,2023-05-09,8151
6547,高端疫苗,40,0,40,台新-建北,2023-05-09,8151
00642U,期元大S＆P石油,38,8,30,台新-建北,2023-05-09,8151
6016,康和證,30,0,30,台新-建北,2023-05-09,8151
3011,今皓,30,0,30,台新-建北,2023-05-09,8151
00688L,國泰20年美債正2,29,0,29,台新-建北,2023-05-09,8151
3024,憶聲,28,0,28,台新-建北,2023-05-09,8151
9904,寶成,28,0,28,台新-建北,2023-05-09,8151
6443,元晶,37,9,28,台新-建北,2023-05-09,8151
2421,建準,126,99,27,台新-建北,2023-05-09,8151
1513,中興電,62,36,26,台新-建北,2023-05-09,8151
1810,和成,25,1,24,台新-建北,2023-05-09,8151
00751B,元大AAA至A公司債,23,0,23,台新-建北,2023-05-09,8151
4763,材料-KY,69,47,22,台新-建北,2023-05-09,8151
4138,曜亞,28,6,22,台新-建北,2023-05-09,8151
00720B,元大投資級公司債,21,0,21,台新-建北,2023-05-09,8151
2104,國際中橡,20,0,20,台新-建北,2023-05-09,8151
3071,協禧,53,33,20,台新-建北,2023-05-09,8151
1417,嘉裕,20,0,20,台新-建北,2023-05-09,8151
6741,91APP*-KY,22,3,19,台新-建北,2023-05-09,8151
00900,富邦特選高股息30,18,0,18,台新-建北,2023-05-09,8151
6294,智基,18,0,18,台新-建北,2023-05-09,8151
1605,華新,26,9,17,台新-建北,2023-05-09,8151
8076,伍豐,16,0,16,台新-建北,2023-05-09,8151
9942,茂順,16,0,16,台新-建北,2023-05-09,8151
3038,全台,19,3,16,台新-建北,2023-05-09,8151
1503,士電,46,31,15,台新-建北,2023-05-09,8151
3701,大眾控,15,0,15,台新-建北,2023-05-09,8151
2362,藍天,15,0,15,台新-建北,2023-05-09,8151
2614,東森,15,0,15,台新-建北,2023-05-09,8151
9908,大台北,15,0,15,台新-建北,2023-05-09,8151
3017,奇鋐,30,16,14,台新-建北,2023-05-09,8151
1519,華城,103,89,14,台新-建北,2023-05-09,8151
3202,樺晟,13,0,13,台新-建北,2023-05-09,8151
2002,中鋼,14,1,13,台新-建北,2023-05-09,8151
4129,聯合,13,0,13,台新-建北,2023-05-09,8151
2402,毅嘉,13,0,13,台新-建北,2023-05-09,8151
00664R,國泰臺灣加權反1,13,0,13,台新-建北,2023-05-09,8151
2634,漢翔,22,9,13,台新-建北,2023-05-09,8151
4919,新唐,96,83,13,台新-建北,2023-05-09,8151
3322,建舜電,12,0,12,台新-建北,2023-05-09,8151
8033,雷虎,22,10,12,台新-建北,2023-05-09,8151
00878,國泰永續高股息,561,21,540,台新-建北,2023-05-10,8151
1503,士電,185,20,165,台新-建北,2023-05-10,8151
8085,福華,150,0,150,台新-建北,2023-05-10,8151
2888,新光金,74,4,70,台新-建北,2023-05-10,8151
00680L,元大美債20正2,100,50,50,台新-建北,2023-05-10,8151
1319,東陽,45,0,45,台新-建北,2023-05-10,8151
3231,緯創,133,90,43,台新-建北,2023-05-10,8151
6125,廣運,43,0,43,台新-建北,2023-05-10,8151
6015,宏遠證,41,0,41,台新-建北,2023-05-10,8151
00673R,期元大S＆P原油反1,40,0,40,台新-建北,2023-05-10,8151
5222,全訊,42,3,39,台新-建北,2023-05-10,8151
3017,奇鋐,55,22,33,台新-建北,2023-05-10,8151
00690,兆豐藍籌30,32,0,32,台新-建北,2023-05-10,8151
2371,大同,31,0,31,台新-建北,2023-05-10,8151
4127,天良,30,0,30,台新-建北,2023-05-10,8151
4164,承業醫,29,0,29,台新-建北,2023-05-10,8151
6547,高端疫苗,28,2,26,台新-建北,2023-05-10,8151
3058,立德,25,0,25,台新-建北,2023-05-10,8151
4951,精拓科,69,45,24,台新-建北,2023-05-10,8151
00713,元大台灣高息低波,24,0,24,台新-建北,2023-05-10,8151
2409,友達,23,0,23,台新-建北,2023-05-10,8151
4746,台耀,22,0,22,台新-建北,2023-05-10,8151
1609,大亞,199,177,22,台新-建北,2023-05-10,8151
0056,元大高股息,22,0,22,台新-建北,2023-05-10,8151
3047,訊舟,20,0,20,台新-建北,2023-05-10,8151
6147,頎邦,20,0,20,台新-建北,2023-05-10,8151
00679B,元大美債20年,21,1,20,台新-建北,2023-05-10,8151
00688L,國泰20年美債正2,20,0,20,台新-建北,2023-05-10,8151
2324,仁寶,22,3,19,台新-建北,2023-05-10,8151
1101,台泥,19,1,18,台新-建北,2023-05-10,8151
5284,jpp-KY,27,10,17,台新-建北,2023-05-10,8151
5498,凱崴,16,0,16,台新-建北,2023-05-10,8151
6274,台燿,18,3,15,台新-建北,2023-05-10,8151
2421,建準,35,21,14,台新-建北,2023-05-10,8151
00772B,中信高評級公司債,13,0,13,台新-建北,2023-05-10,8151
6282,康舒,14,1,13,台新-建北,2023-05-10,8151
3322,建舜電,14,1,13,台新-建北,2023-05-10,8151
6116,彩晶,13,0,13,台新-建北,2023-05-10,8151
8069,元太,30,17,13,台新-建北,2023-05-10,8151
2368,金像電,14,2,12,台新-建北,2023-05-10,8151
6789,采鈺,11,0,11,台新-建北,2023-05-10,8151
1304,台聚,10,0,10,台新-建北,2023-05-10,8151
2614,東森,10,0,10,台新-建北,2023-05-10,8151
00753L,中信中國50正2,10,0,10,台新-建北,2023-05-10,8151
3048,益登,10,0,10,台新-建北,2023-05-10,8151
2106,建大,10,0,10,台新-建北,2023-05-10,8151
2601,益航,10,0,10,台新-建北,2023-05-10,8151
6550,北極星藥業-KY,11,2,9,台新-建北,2023-05-10,8151
4967,十銓,9,0,9,台新-建北,2023-05-10,8151
1432,大魯閣,9,0,9,台新-建北,2023-05-10,8151
2371,大同,378,84,294,台新-建北,2023-05-11,8151
6167,久正,195,11,184,台新-建北,2023-05-11,8151
00878,國泰永續高股息,114,27,87,台新-建北,2023-05-11,8151
6274,台燿,75,9,66,台新-建北,2023-05-11,8151
2618,長榮航,65,11,54,台新-建北,2023-05-11,8151
2882,國泰金,50,5,45,台新-建北,2023-05-11,8151
8046,南電,53,8,45,台新-建北,2023-05-11,8151
9907,統一實,45,3,42,台新-建北,2023-05-11,8151
2208,台船,47,5,42,台新-建北,2023-05-11,8151
2106,建大,40,0,40,台新-建北,2023-05-11,8151
00671R,富邦NASDAQ反1,40,0,40,台新-建北,2023-05-11,8151
3483,力致,37,4,33,台新-建北,2023-05-11,8151
6122,擎邦,225,194,31,台新-建北,2023-05-11,8151
3006,晶豪科,43,12,31,台新-建北,2023-05-11,8151
2603,長榮,43,13,30,台新-建北,2023-05-11,8151
1605,華新,30,0,30,台新-建北,2023-05-11,8151
2302,麗正,30,0,30,台新-建北,2023-05-11,8151
2915,潤泰全,30,0,30,台新-建北,2023-05-11,8151
2201,裕隆,28,2,26,台新-建北,2023-05-11,8151
6733,博晟生醫,25,1,24,台新-建北,2023-05-11,8151
5209,新鼎,29,6,23,台新-建北,2023-05-11,8151
00713,元大台灣高息低波,23,0,23,台新-建北,2023-05-11,8151
3011,今皓,22,0,22,台新-建北,2023-05-11,8151
8076,伍豐,22,0,22,台新-建北,2023-05-11,8151
4306,炎洲,20,0,20,台新-建北,2023-05-11,8151
9942,茂順,20,0,20,台新-建北,2023-05-11,8151
9943,好樂迪,41,21,20,台新-建北,2023-05-11,8151
4960,誠美材,18,0,18,台新-建北,2023-05-11,8151
0056,元大高股息,26,9,17,台新-建北,2023-05-11,8151
2462,良得電,16,0,16,台新-建北,2023-05-11,8151
00918,大華優利高填息30,16,0,16,台新-建北,2023-05-11,8151
00885,富邦越南,16,0,16,台新-建北,2023-05-11,8151
00772B,中信高評級公司債,23,8,15,台新-建北,2023-05-11,8151
2362,藍天,30,15,15,台新-建北,2023-05-11,8151
1308,亞聚,16,1,15,台新-建北,2023-05-11,8151
2495,普安,14,0,14,台新-建北,2023-05-11,8151
2888,新光金,14,0,14,台新-建北,2023-05-11,8151
8176,智捷,14,0,14,台新-建北,2023-05-11,8151
1584,精剛,18,5,13,台新-建北,2023-05-11,8151
1215,卜蜂,14,1,13,台新-建北,2023-05-11,8151
1504,東元,21,10,11,台新-建北,2023-05-11,8151
00830,國泰費城半導體,11,0,11,台新-建北,2023-05-11,8151
6712,長聖,13,2,11,台新-建北,2023-05-11,8151
2387,精元,10,0,10,台新-建北,2023-05-11,8151
2104,國際中橡,10,0,10,台新-建北,2023-05-11,8151
3704,合勤控,10,0,10,台新-建北,2023-05-11,8151
1417,嘉裕,10,0,10,台新-建北,2023-05-11,8151
1314,中石化,10,0,10,台新-建北,2023-05-11,8151
3518,柏騰,10,0,10,台新-建北,2023-05-11,8151
2353,宏��,110,100,10,台新-建北,2023-05-11,8151
3017,奇鋐,111,11,100,台新-建北,2023-05-12,8151
2888,新光金,89,0,89,台新-建北,2023-05-12,8151
1314,中石化,88,0,88,台新-建北,2023-05-12,8151
1101,台泥,86,3,83,台新-建北,2023-05-12,8151
6016,康和證,60,0,60,台新-建北,2023-05-12,8151
2382,廣達,172,116,56,台新-建北,2023-05-12,8151
3481,群創,55,15,40,台新-建北,2023-05-12,8151
00713,元大台灣高息低波,32,4,28,台新-建北,2023-05-12,8151
4768,晶呈科技,21,0,21,台新-建北,2023-05-12,8151
5206,坤悅,21,0,21,台新-建北,2023-05-12,8151
00633L,富邦上証正2,20,0,20,台新-建北,2023-05-12,8151
00715L,期街口布蘭特正2,40,20,20,台新-建北,2023-05-12,8151
9945,潤泰新,17,0,17,台新-建北,2023-05-12,8151
3058,立德,21,6,15,台新-建北,2023-05-12,8151
6167,久正,18,3,15,台新-建北,2023-05-12,8151
00878,國泰永續高股息,29,15,14,台新-建北,2023-05-12,8151
2882,國泰金,13,0,13,台新-建北,2023-05-12,8151
2731,雄獅,27,14,13,台新-建北,2023-05-12,8151
4128,中天,15,2,13,台新-建北,2023-05-12,8151
1504,東元,15,3,12,台新-建北,2023-05-12,8151
00670L,富邦NASDAQ正2,12,0,12,台新-建北,2023-05-12,8151
5483,中美晶,11,0,11,台新-建北,2023-05-12,8151
8093,保銳,22,11,11,台新-建北,2023-05-12,8151
2881,富邦金,11,0,11,台新-建北,2023-05-12,8151
1795,美時,46,35,11,台新-建北,2023-05-12,8151
2313,華通,11,1,10,台新-建北,2023-05-12,8151
00712,復華富時不動產,10,0,10,台新-建北,2023-05-12,8151
2409,友達,15,5,10,台新-建北,2023-05-12,8151
2897,王道銀行,10,0,10,台新-建北,2023-05-12,8151
1611,中電,10,0,10,台新-建北,2023-05-12,8151
2387,精元,10,0,10,台新-建北,2023-05-12,8151
4503,金雨,26,16,10,台新-建北,2023-05-12,8151
1308,亞聚,10,0,10,台新-建北,2023-05-12,8151
0050,元大台灣50,10,0,10,台新-建北,2023-05-12,8151
4743,合一,18,9,9,台新-建北,2023-05-12,8151
00679B,元大美債20年,13,4,9,台新-建北,2023-05-12,8151
2754,亞洲藏壽司,12,3,9,台新-建北,2023-05-12,8151
2890,永豐金,9,0,9,台新-建北,2023-05-12,8151
00637L,元大滬深300正2,8,0,8,台新-建北,2023-05-12,8151
6112,邁達特,32,24,8,台新-建北,2023-05-12,8151
8938,明安,8,0,8,台新-建北,2023-05-12,8151
6550,北極星藥業-KY,10,2,8,台新-建北,2023-05-12,8151
8234,新漢,9,1,8,台新-建北,2023-05-12,8151
6125,廣運,7,0,7,台新-建北,2023-05-12,8151
2610,華航,7,0,7,台新-建北,2023-05-12,8151
3531,先益,7,0,7,台新-建北,2023-05-12,8151
3694,海華,7,0,7,台新-建北,2023-05-12,8151
5871,中租-KY,7,0,7,台新-建北,2023-05-12,8151
8099,大世科,16,9,7,台新-建北,2023-05-12,8151
8299,群聯,7,0,7,台新-建北,2023-05-12,8151
00878,國泰永續高股息,213,41,172,台新-建北,2023-05-15,8151
00633L,富邦上証正2,119,0,119,台新-建北,2023-05-15,8151
00679B,元大美債20年,111,5,106,台新-建北,2023-05-15,8151
2890,永豐金,102,1,101,台新-建北,2023-05-15,8151
5258,虹堡,136,59,77,台新-建北,2023-05-15,8151
1503,士電,119,51,68,台新-建北,2023-05-15,8151
6005,群益證,64,4,60,台新-建北,2023-05-15,8151
3162,精確,60,3,57,台新-建北,2023-05-15,8151
1101,台泥,71,15,56,台新-建北,2023-05-15,8151
00680L,元大美債20正2,51,0,51,台新-建北,2023-05-15,8151
2637,慧洋-KY,53,2,51,台新-建北,2023-05-15,8151
2376,技嘉,48,3,45,台新-建北,2023-05-15,8151
2371,大同,283,243,40,台新-建北,2023-05-15,8151
00772B,中信高評級公司債,36,0,36,台新-建北,2023-05-15,8151
3363,上詮,67,32,35,台新-建北,2023-05-15,8151
2201,裕隆,33,0,33,台新-建北,2023-05-15,8151
2353,宏��,30,5,25,台新-建北,2023-05-15,8151
00688L,國泰20年美債正2,25,0,25,台新-建北,2023-05-15,8151
2331,精英,150,126,24,台新-建北,2023-05-15,8151
00687B,國泰20年美債,24,0,24,台新-建北,2023-05-15,8151
2542,興富發,23,0,23,台新-建北,2023-05-15,8151
00888,永豐台灣ESG,22,0,22,台新-建北,2023-05-15,8151
2888,新光金,26,5,21,台新-建北,2023-05-15,8151
2382,廣達,28,8,20,台新-建北,2023-05-15,8151
2606,裕民,26,6,20,台新-建北,2023-05-15,8151
2317,鴻海,22,3,19,台新-建北,2023-05-15,8151
1795,美時,31,12,19,台新-建北,2023-05-15,8151
1905,華紙,22,4,18,台新-建北,2023-05-15,8151
4927,泰鼎-KY,16,0,16,台新-建北,2023-05-15,8151
3715,定穎投控,28,12,16,台新-建北,2023-05-15,8151
3062,建漢,15,0,15,台新-建北,2023-05-15,8151
9911,櫻花,15,0,15,台新-建北,2023-05-15,8151
2390,云辰,15,0,15,台新-建北,2023-05-15,8151
2915,潤泰全,18,4,14,台新-建北,2023-05-15,8151
3078,僑威,18,5,13,台新-建北,2023-05-15,8151
6122,擎邦,59,46,13,台新-建北,2023-05-15,8151
2457,飛宏,46,34,12,台新-建北,2023-05-15,8151
2402,毅嘉,15,3,12,台新-建北,2023-05-15,8151
3231,緯創,166,155,11,台新-建北,2023-05-15,8151
3324,雙鴻,18,7,11,台新-建北,2023-05-15,8151
3710,連展投控,11,0,11,台新-建北,2023-05-15,8151
3034,聯詠,10,0,10,台新-建北,2023-05-15,8151
6274,台燿,10,0,10,台新-建北,2023-05-15,8151
2106,建大,10,0,10,台新-建北,2023-05-15,8151
1432,大魯閣,10,0,10,台新-建北,2023-05-15,8151
1532,勤美,20,10,10,台新-建北,2023-05-15,8151
1308,亞聚,10,0,10,台新-建北,2023-05-15,8151
1504,東元,89,79,10,台新-建北,2023-05-15,8151
3624,光頡,10,0,10,台新-建北,2023-05-15,8151
2204,中華,10,0,10,台新-建北,2023-05-15,8151
00632R,元大台灣50反1,259,100,159,台新-建北,2023-05-16,8151
8046,南電,117,4,113,台新-建北,2023-05-16,8151
00680L,元大美債20正2,106,0,106,台新-建北,2023-05-16,8151
00687B,國泰20年美債,86,0,86,台新-建北,2023-05-16,8151
4967,十銓,74,6,68,台新-建北,2023-05-16,8151
2312,金寶,50,0,50,台新-建北,2023-05-16,8151
00772B,中信高評級公司債,49,0,49,台新-建北,2023-05-16,8151
3591,艾笛森,40,1,39,台新-建北,2023-05-16,8151
1337,再生-KY,47,11,36,台新-建北,2023-05-16,8151
1584,精剛,35,0,35,台新-建北,2023-05-16,8151
00715L,期街口布蘭特正2,32,1,31,台新-建北,2023-05-16,8151
4503,金雨,38,8,30,台新-建北,2023-05-16,8151
3715,定穎投控,74,46,28,台新-建北,2023-05-16,8151
00688L,國泰20年美債正2,25,0,25,台新-建北,2023-05-16,8151
6712,長聖,26,5,21,台新-建北,2023-05-16,8151
0050,元大台灣50,23,3,20,台新-建北,2023-05-16,8151
6016,康和證,20,0,20,台新-建北,2023-05-16,8151
5907,大洋-KY,32,12,20,台新-建北,2023-05-16,8151
9943,好樂迪,20,1,19,台新-建北,2023-05-16,8151
8069,元太,81,62,19,台新-建北,2023-05-16,8151
00720B,元大投資級公司債,18,0,18,台新-建北,2023-05-16,8151
3202,樺晟,30,12,18,台新-建北,2023-05-16,8151
1504,東元,59,43,16,台新-建北,2023-05-16,8151
3231,緯創,219,204,15,台新-建北,2023-05-16,8151
1612,宏泰,16,1,15,台新-建北,2023-05-16,8151
00751B,元大AAA至A公司債,14,0,14,台新-建北,2023-05-16,8151
00902,中信電池及儲能,20,6,14,台新-建北,2023-05-16,8151
2614,東森,16,2,14,台新-建北,2023-05-16,8151
2208,台船,18,5,13,台新-建北,2023-05-16,8151
9904,寶成,14,1,13,台新-建北,2023-05-16,8151
2349,錸德,12,0,12,台新-建北,2023-05-16,8151
6235,華孚,24,12,12,台新-建北,2023-05-16,8151
1513,中興電,16,4,12,台新-建北,2023-05-16,8151
00725B,國泰投資級公司債,11,0,11,台新-建北,2023-05-16,8151
3701,大眾控,22,11,11,台新-建北,2023-05-16,8151
1752,南光,14,3,11,台新-建北,2023-05-16,8151
1609,大亞,25,14,11,台新-建北,2023-05-16,8151
6509,聚和,11,0,11,台新-建北,2023-05-16,8151
2025,千興,10,0,10,台新-建北,2023-05-16,8151
4804,大略-KY,10,0,10,台新-建北,2023-05-16,8151
2461,光群雷,10,0,10,台新-建北,2023-05-16,8151
00673R,期元大S＆P原油反1,10,0,10,台新-建北,2023-05-16,8151
3224,三顧,23,13,10,台新-建北,2023-05-16,8151
2449,京元電子,10,0,10,台新-建北,2023-05-16,8151
6126,信音,10,0,10,台新-建北,2023-05-16,8151
4909,新復興,10,1,9,台新-建北,2023-05-16,8151
8093,保銳,9,0,9,台新-建北,2023-05-16,8151
2538,基泰,8,0,8,台新-建北,2023-05-16,8151
3540,曜越,19,11,8,台新-建北,2023-05-16,8151
5222,全訊,7,0,7,台新-建北,2023-05-16,8151
00632R,元大台灣50反1,609,50,559,台新-建北,2023-05-17,8151
1210,大成,188,2,186,台新-建北,2023-05-17,8151
2206,三陽工業,372,209,163,台新-建北,2023-05-17,8151
3576,聯合再生,111,0,111,台新-建北,2023-05-17,8151
00680L,元大美債20正2,108,0,108,台新-建北,2023-05-17,8151
1727,中華化,111,7,104,台新-建北,2023-05-17,8151
4167,松瑞藥,100,0,100,台新-建北,2023-05-17,8151
5608,四維航,94,0,94,台新-建北,2023-05-17,8151
2405,輔信,86,0,86,台新-建北,2023-05-17,8151
3062,建漢,80,0,80,台新-建北,2023-05-17,8151
00878,國泰永續高股息,122,50,72,台新-建北,2023-05-17,8151
1101,台泥,72,1,71,台新-建北,2023-05-17,8151
3504,揚明光,78,8,70,台新-建北,2023-05-17,8151
2368,金像電,76,12,64,台新-建北,2023-05-17,8151
00751B,元大AAA至A公司債,62,0,62,台新-建北,2023-05-17,8151
2495,普安,55,2,53,台新-建北,2023-05-17,8151
2609,陽明,48,4,44,台新-建北,2023-05-17,8151
3041,揚智,43,0,43,台新-建北,2023-05-17,8151
00679B,元大美債20年,61,19,42,台新-建北,2023-05-17,8151
00893,國泰智能電動車,40,1,39,台新-建北,2023-05-17,8151
00715L,期街口布蘭特正2,42,4,38,台新-建北,2023-05-17,8151
8183,精星,37,0,37,台新-建北,2023-05-17,8151
6217,中探針,36,0,36,台新-建北,2023-05-17,8151
6456,GIS-KY,36,0,36,台新-建北,2023-05-17,8151
3380,明泰,35,0,35,台新-建北,2023-05-17,8151
00772B,中信高評級公司債,33,0,33,台新-建北,2023-05-17,8151
2390,云辰,30,0,30,台新-建北,2023-05-17,8151
00687B,國泰20年美債,29,0,29,台新-建北,2023-05-17,8151
2618,長榮航,44,15,29,台新-建北,2023-05-17,8151
3324,雙鴻,36,8,28,台新-建北,2023-05-17,8151
3588,通嘉,28,0,28,台新-建北,2023-05-17,8151
3707,漢磊,27,0,27,台新-建北,2023-05-17,8151
00882,中信中國高股息,27,0,27,台新-建北,2023-05-17,8151
8261,富鼎,29,4,25,台新-建北,2023-05-17,8151
6182,合晶,25,0,25,台新-建北,2023-05-17,8151
4721,美琪瑪,24,0,24,台新-建北,2023-05-17,8151
6547,高端疫苗,24,0,24,台新-建北,2023-05-17,8151
1528,恩德,23,0,23,台新-建北,2023-05-17,8151
6589,台康生技,34,13,21,台新-建北,2023-05-17,8151
6191,精成科,56,35,21,台新-建北,2023-05-17,8151
1560,中砂,20,0,20,台新-建北,2023-05-17,8151
00633L,富邦上証正2,20,0,20,台新-建北,2023-05-17,8151
2731,雄獅,39,19,20,台新-建北,2023-05-17,8151
1309,台達化,20,0,20,台新-建北,2023-05-17,8151
4916,事欣科,19,0,19,台新-建北,2023-05-17,8151
2603,長榮,30,12,18,台新-建北,2023-05-17,8151
6706,惠特,18,0,18,台新-建北,2023-05-17,8151
2888,新光金,37,20,17,台新-建北,2023-05-17,8151
4927,泰鼎-KY,17,0,17,台新-建北,2023-05-17,8151
6016,康和證,17,0,17,台新-建北,2023-05-17,8151
00632R,元大台灣50反1,439,150,289,台新-建北,2023-05-18,8151
1609,大亞,210,75,135,台新-建北,2023-05-18,8151
1504,東元,173,61,112,台新-建北,2023-05-18,8151
00680L,元大美債20正2,68,0,68,台新-建北,2023-05-18,8151
5425,台半,57,5,52,台新-建北,2023-05-18,8151
5009,榮剛,69,18,51,台新-建北,2023-05-18,8151
1101,台泥,43,0,43,台新-建北,2023-05-18,8151
2408,南亞科,57,14,43,台新-建北,2023-05-18,8151
4543,萬在,43,1,42,台新-建北,2023-05-18,8151
2887,台新金,43,3,40,台新-建北,2023-05-18,8151
4746,台耀,47,9,38,台新-建北,2023-05-18,8151
3591,艾笛森,35,0,35,台新-建北,2023-05-18,8151
00878,國泰永續高股息,71,37,34,台新-建北,2023-05-18,8151
5258,虹堡,51,18,33,台新-建北,2023-05-18,8151
2614,東森,30,0,30,台新-建北,2023-05-18,8151
3025,星通,35,6,29,台新-建北,2023-05-18,8151
00687B,國泰20年美債,25,0,25,台新-建北,2023-05-18,8151
6026,福邦證,25,0,25,台新-建北,2023-05-18,8151
1514,亞力,206,184,22,台新-建北,2023-05-18,8151
1608,華榮,24,2,22,台新-建北,2023-05-18,8151
2368,金像電,64,42,22,台新-建北,2023-05-18,8151
3231,緯創,138,118,20,台新-建北,2023-05-18,8151
3092,鴻碩,20,0,20,台新-建北,2023-05-18,8151
4763,材料-KY,30,10,20,台新-建北,2023-05-18,8151
1216,統一,20,0,20,台新-建北,2023-05-18,8151
3035,智原,20,0,20,台新-建北,2023-05-18,8151
6443,元晶,24,5,19,台新-建北,2023-05-18,8151
2362,藍天,20,1,19,台新-建北,2023-05-18,8151
2618,長榮航,60,41,19,台新-建北,2023-05-18,8151
2409,友達,58,40,18,台新-建北,2023-05-18,8151
6282,康舒,63,45,18,台新-建北,2023-05-18,8151
1905,華紙,38,21,17,台新-建北,2023-05-18,8151
8210,勤誠,21,5,16,台新-建北,2023-05-18,8151
8046,南電,23,7,16,台新-建北,2023-05-18,8151
2630,亞航,27,12,15,台新-建北,2023-05-18,8151
6589,台康生技,17,2,15,台新-建北,2023-05-18,8151
6550,北極星藥業-KY,16,1,15,台新-建北,2023-05-18,8151
8930,青鋼,15,0,15,台新-建北,2023-05-18,8151
3189,景碩,33,19,14,台新-建北,2023-05-18,8151
00772B,中信高評級公司債,14,0,14,台新-建北,2023-05-18,8151
3362,先進光,51,38,13,台新-建北,2023-05-18,8151
2457,飛宏,82,69,13,台新-建北,2023-05-18,8151
8099,大世科,29,16,13,台新-建北,2023-05-18,8151
8383,千附,11,0,11,台新-建北,2023-05-18,8151
2801,彰銀,11,0,11,台新-建北,2023-05-18,8151
2402,毅嘉,12,1,11,台新-建北,2023-05-18,8151
4908,前鼎,21,10,11,台新-建北,2023-05-18,8151
3034,聯詠,10,0,10,台新-建北,2023-05-18,8151
2059,川湖,10,0,10,台新-建北,2023-05-18,8151
00751B,元大AAA至A公司債,10,0,10,台新-建北,2023-05-18,8151
5009,榮剛,315,134,181,台新-建北,2023-05-19,8151
00632R,元大台灣50反1,154,17,137,台新-建北,2023-05-19,8151
3017,奇鋐,104,26,78,台新-建北,2023-05-19,8151
5425,台半,65,3,62,台新-建北,2023-05-19,8151
2376,技嘉,103,46,57,台新-建北,2023-05-19,8151
00680L,元大美債20正2,70,17,53,台新-建北,2023-05-19,8151
00772B,中信高評級公司債,52,0,52,台新-建北,2023-05-19,8151
2736,富野,95,45,50,台新-建北,2023-05-19,8151
1616,億泰,48,0,48,台新-建北,2023-05-19,8151
2332,友訊,63,16,47,台新-建北,2023-05-19,8151
5706,鳳凰,141,97,44,台新-建北,2023-05-19,8151
1618,合機,44,0,44,台新-建北,2023-05-19,8151
00687B,國泰20年美債,39,0,39,台新-建北,2023-05-19,8151
6122,擎邦,38,0,38,台新-建北,2023-05-19,8151
3444,利機,36,0,36,台新-建北,2023-05-19,8151
8011,台通,40,5,35,台新-建北,2023-05-19,8151
3306,鼎天,74,41,33,台新-建北,2023-05-19,8151
2457,飛宏,72,42,30,台新-建北,2023-05-19,8151
5301,寶得利,30,0,30,台新-建北,2023-05-19,8151
3224,三顧,30,0,30,台新-建北,2023-05-19,8151
4979,華星光,42,13,29,台新-建北,2023-05-19,8151
2022,聚亨,35,7,28,台新-建北,2023-05-19,8151
2421,建準,196,169,27,台新-建北,2023-05-19,8151
1307,三芳,27,0,27,台新-建北,2023-05-19,8151
1423,利華,26,0,26,台新-建北,2023-05-19,8151
1905,華紙,42,16,26,台新-建北,2023-05-19,8151
3078,僑威,92,66,26,台新-建北,2023-05-19,8151
8076,伍豐,33,7,26,台新-建北,2023-05-19,8151
4729,熒茂,25,1,24,台新-建北,2023-05-19,8151
1101,台泥,35,11,24,台新-建北,2023-05-19,8151
2352,佳世達,129,105,24,台新-建北,2023-05-19,8151
6282,康舒,95,72,23,台新-建北,2023-05-19,8151
1608,華榮,23,0,23,台新-建北,2023-05-19,8151
4971,IET-KY,23,0,23,台新-建北,2023-05-19,8151
4130,健亞,22,0,22,台新-建北,2023-05-19,8151
9943,好樂迪,25,3,22,台新-建北,2023-05-19,8151
2887,台新金,24,3,21,台新-建北,2023-05-19,8151
00725B,國泰投資級公司債,21,0,21,台新-建北,2023-05-19,8151
6233,旺玖,23,2,21,台新-建北,2023-05-19,8151
3003,健和興,33,12,21,台新-建北,2023-05-19,8151
6235,華孚,43,23,20,台新-建北,2023-05-19,8151
3047,訊舟,20,0,20,台新-建北,2023-05-19,8151
1702,南僑,20,0,20,台新-建北,2023-05-19,8151
6234,高僑,20,0,20,台新-建北,2023-05-19,8151
5864,致和證,19,0,19,台新-建北,2023-05-19,8151
8255,朋程,18,0,18,台新-建北,2023-05-19,8151
1337,再生-KY,18,0,18,台新-建北,2023-05-19,8151
00637L,元大滬深300正2,18,0,18,台新-建北,2023-05-19,8151
00665L,富邦�琤肭磪囓�2,33,16,17,台新-建北,2023-05-19,8151
4543,萬在,17,0,17,台新-建北,2023-05-19,8151
3703,欣陸,270,0,270,台新-建北,2023-05-22,8151
3037,欣興,106,13,93,台新-建北,2023-05-22,8151
3017,奇鋐,102,10,92,台新-建北,2023-05-22,8151
2376,技嘉,136,53,83,台新-建北,2023-05-22,8151
2834,臺企銀,80,1,79,台新-建北,2023-05-22,8151
3444,利機,117,47,70,台新-建北,2023-05-22,8151
00632R,元大台灣50反1,60,0,60,台新-建北,2023-05-22,8151
2313,華通,72,24,48,台新-建北,2023-05-22,8151
2303,聯電,65,20,45,台新-建北,2023-05-22,8151
5243,乙盛-KY,108,67,41,台新-建北,2023-05-22,8151
00680L,元大美債20正2,49,10,39,台新-建北,2023-05-22,8151
1101,台泥,51,13,38,台新-建北,2023-05-22,8151
1319,東陽,40,2,38,台新-建北,2023-05-22,8151
5009,榮剛,42,12,30,台新-建北,2023-05-22,8151
1609,大亞,55,26,29,台新-建北,2023-05-22,8151
5439,高技,29,1,28,台新-建北,2023-05-22,8151
00751B,元大AAA至A公司債,28,0,28,台新-建北,2023-05-22,8151
6698,旭暉應材,25,0,25,台新-建北,2023-05-22,8151
00772B,中信高評級公司債,27,3,24,台新-建北,2023-05-22,8151
1529,樂事綠能,33,9,24,台新-建北,2023-05-22,8151
00687B,國泰20年美債,24,0,24,台新-建北,2023-05-22,8151
00679B,元大美債20年,21,0,21,台新-建北,2023-05-22,8151
1519,華城,114,94,20,台新-建北,2023-05-22,8151
3591,艾笛森,20,0,20,台新-建北,2023-05-22,8151
2442,新美齊,45,25,20,台新-建北,2023-05-22,8151
6165,浪凡,20,0,20,台新-建北,2023-05-22,8151
2637,慧洋-KY,20,0,20,台新-建北,2023-05-22,8151
3481,群創,33,17,16,台新-建北,2023-05-22,8151
1605,華新,31,15,16,台新-建北,2023-05-22,8151
2323,中環,37,21,16,台新-建北,2023-05-22,8151
3231,緯創,75,60,15,台新-建北,2023-05-22,8151
2421,建準,93,78,15,台新-建北,2023-05-22,8151
2337,旺宏,15,0,15,台新-建北,2023-05-22,8151
4543,萬在,20,5,15,台新-建北,2023-05-22,8151
1618,合機,19,5,14,台新-建北,2023-05-22,8151
9943,好樂迪,14,0,14,台新-建北,2023-05-22,8151
00752,中信中國50,13,0,13,台新-建北,2023-05-22,8151
1795,美時,31,18,13,台新-建北,2023-05-22,8151
3483,力致,12,0,12,台新-建北,2023-05-22,8151
3546,宇峻,12,0,12,台新-建北,2023-05-22,8151
2888,新光金,16,4,12,台新-建北,2023-05-22,8151
2317,鴻海,13,2,11,台新-建北,2023-05-22,8151
8383,千附,11,0,11,台新-建北,2023-05-22,8151
2208,台船,14,3,11,台新-建北,2023-05-22,8151
00637L,元大滬深300正2,21,10,11,台新-建北,2023-05-22,8151
00720B,元大投資級公司債,11,0,11,台新-建北,2023-05-22,8151
00674R,期元大S＆P黃金反1,10,0,10,台新-建北,2023-05-22,8151
1339,昭輝,10,0,10,台新-建北,2023-05-22,8151
4979,華星光,12,2,10,台新-建北,2023-05-22,8151
2104,國際中橡,10,0,10,台新-建北,2023-05-22,8151
1727,中華化,122,1,121,台新-建北,2023-05-23,8151
1513,中興電,122,40,82,台新-建北,2023-05-23,8151
2442,新美齊,69,9,60,台新-建北,2023-05-23,8151
1616,億泰,60,0,60,台新-建北,2023-05-23,8151
2376,技嘉,80,23,57,台新-建北,2023-05-23,8151
1337,再生-KY,64,9,55,台新-建北,2023-05-23,8151
00751B,元大AAA至A公司債,52,0,52,台新-建北,2023-05-23,8151
5425,台半,43,2,41,台新-建北,2023-05-23,8151
4763,材料-KY,55,14,41,台新-建北,2023-05-23,8151
1319,東陽,40,0,40,台新-建北,2023-05-23,8151
00795B,中信美國公債20年,40,0,40,台新-建北,2023-05-23,8151
8930,青鋼,39,0,39,台新-建北,2023-05-23,8151
6235,華孚,48,11,37,台新-建北,2023-05-23,8151
3017,奇鋐,37,2,35,台新-建北,2023-05-23,8151
00688L,國泰20年美債正2,31,0,31,台新-建北,2023-05-23,8151
00725B,國泰投資級公司債,31,0,31,台新-建北,2023-05-23,8151
00637L,元大滬深300正2,28,0,28,台新-建北,2023-05-23,8151
5439,高技,45,18,27,台新-建北,2023-05-23,8151
2201,裕隆,62,36,26,台新-建北,2023-05-23,8151
1605,華新,27,1,26,台新-建北,2023-05-23,8151
6698,旭暉應材,25,0,25,台新-建北,2023-05-23,8151
00687B,國泰20年美債,24,0,24,台新-建北,2023-05-23,8151
2412,中華電,24,0,24,台新-建北,2023-05-23,8151
00882,中信中國高股息,24,0,24,台新-建北,2023-05-23,8151
4303,信立,24,0,24,台新-建北,2023-05-23,8151
6122,擎邦,43,19,24,台新-建北,2023-05-23,8151
00665L,富邦�琤肭磪囓�2,23,0,23,台新-建北,2023-05-23,8151
2313,華通,23,0,23,台新-建北,2023-05-23,8151
6411,晶焱,22,0,22,台新-建北,2023-05-23,8151
3308,聯德,22,0,22,台新-建北,2023-05-23,8151
3002,歐格,22,0,22,台新-建北,2023-05-23,8151
00680L,元大美債20正2,24,2,22,台新-建北,2023-05-23,8151
6191,精成科,21,0,21,台新-建北,2023-05-23,8151
2530,華建,21,0,21,台新-建北,2023-05-23,8151
1307,三芳,21,0,21,台新-建北,2023-05-23,8151
6126,信音,21,0,21,台新-建北,2023-05-23,8151
3363,上詮,24,3,21,台新-建北,2023-05-23,8151
2382,廣達,29,9,20,台新-建北,2023-05-23,8151
2362,藍天,20,0,20,台新-建北,2023-05-23,8151
4130,健亞,27,7,20,台新-建北,2023-05-23,8151
00633L,富邦上証正2,20,0,20,台新-建北,2023-05-23,8151
2031,新光鋼,21,3,18,台新-建北,2023-05-23,8151
2851,中再保,18,2,16,台新-建北,2023-05-23,8151
2704,國賓,16,0,16,台新-建北,2023-05-23,8151
3646,艾恩特,16,1,15,台新-建北,2023-05-23,8151
6218,豪勉,20,5,15,台新-建北,2023-05-23,8151
3206,志豐,15,0,15,台新-建北,2023-05-23,8151
2603,長榮,15,0,15,台新-建北,2023-05-23,8151
6109,亞元,14,0,14,台新-建北,2023-05-23,8151
6432,今展科,13,0,13,台新-建北,2023-05-23,8151
2421,建準,176,43,133,台新-建北,2023-05-24,8151
1519,華城,235,113,122,台新-建北,2023-05-24,8151
1513,中興電,108,8,100,台新-建北,2023-05-24,8151
00632R,元大台灣50反1,110,20,90,台新-建北,2023-05-24,8151
00680L,元大美債20正2,74,0,74,台新-建北,2023-05-24,8151
3419,譁裕,89,17,72,台新-建北,2023-05-24,8151
00679B,元大美債20年,112,48,64,台新-建北,2023-05-24,8151
2442,新美齊,68,5,63,台新-建北,2023-05-24,8151
00637L,元大滬深300正2,59,0,59,台新-建北,2023-05-24,8151
00882,中信中國高股息,67,12,55,台新-建北,2023-05-24,8151
1529,樂事綠能,210,158,52,台新-建北,2023-05-24,8151
00676R,富邦臺灣加權反1,50,0,50,台新-建北,2023-05-24,8151
2376,技嘉,131,84,47,台新-建北,2023-05-24,8151
2705,六福,251,212,39,台新-建北,2023-05-24,8151
4919,新唐,38,2,36,台新-建北,2023-05-24,8151
4543,萬在,37,3,34,台新-建北,2023-05-24,8151
00633L,富邦上証正2,30,0,30,台新-建北,2023-05-24,8151
1605,華新,32,3,29,台新-建北,2023-05-24,8151
3522,御嵿,26,0,26,台新-建北,2023-05-24,8151
4977,眾達-KY,31,8,23,台新-建北,2023-05-24,8151
6165,浪凡,22,0,22,台新-建北,2023-05-24,8151
2115,六暉-KY,21,0,21,台新-建北,2023-05-24,8151
00688L,國泰20年美債正2,21,0,21,台新-建北,2023-05-24,8151
2104,國際中橡,20,0,20,台新-建北,2023-05-24,8151
3078,僑威,101,81,20,台新-建北,2023-05-24,8151
4541,晟田,26,7,19,台新-建北,2023-05-24,8151
1423,利華,18,0,18,台新-建北,2023-05-24,8151
8240,華宏,18,0,18,台新-建北,2023-05-24,8151
8463,潤泰材,18,0,18,台新-建北,2023-05-24,8151
8076,伍豐,43,25,18,台新-建北,2023-05-24,8151
6712,長聖,21,3,18,台新-建北,2023-05-24,8151
00712,復華富時不動產,18,1,17,台新-建北,2023-05-24,8151
00687B,國泰20年美債,17,0,17,台新-建北,2023-05-24,8151
5484,慧友,16,0,16,台新-建北,2023-05-24,8151
2801,彰銀,16,0,16,台新-建北,2023-05-24,8151
3701,大眾控,49,33,16,台新-建北,2023-05-24,8151
4303,信立,16,0,16,台新-建北,2023-05-24,8151
5905,南仁湖,99,84,15,台新-建北,2023-05-24,8151
5328,華容,15,0,15,台新-建北,2023-05-24,8151
6194,育富,16,1,15,台新-建北,2023-05-24,8151
2371,大同,15,0,15,台新-建北,2023-05-24,8151
5864,致和證,15,0,15,台新-建北,2023-05-24,8151
2303,聯電,19,4,15,台新-建北,2023-05-24,8151
6170,統振,14,0,14,台新-建北,2023-05-24,8151
4729,熒茂,14,0,14,台新-建北,2023-05-24,8151
2332,友訊,15,1,14,台新-建北,2023-05-24,8151
8069,元太,18,5,13,台新-建北,2023-05-24,8151
2486,一詮,15,2,13,台新-建北,2023-05-24,8151
6126,信音,13,0,13,台新-建北,2023-05-24,8151
2328,廣宇,18,5,13,台新-建北,2023-05-24,8151
00712,復華富時不動產,287,0,287,台新-建北,2023-05-25,8151
8011,台通,142,1,141,台新-建北,2023-05-25,8151
00882,中信中國高股息,108,3,105,台新-建北,2023-05-25,8151
00633L,富邦上証正2,96,6,90,台新-建北,2023-05-25,8151
3045,台灣大,82,0,82,台新-建北,2023-05-25,8151
00632R,元大台灣50反1,67,0,67,台新-建北,2023-05-25,8151
00637L,元大滬深300正2,64,3,61,台新-建北,2023-05-25,8151
2834,臺企銀,55,0,55,台新-建北,2023-05-25,8151
00680L,元大美債20正2,54,0,54,台新-建北,2023-05-25,8151
1722,台肥,50,0,50,台新-建北,2023-05-25,8151
00676R,富邦臺灣加權反1,50,1,49,台新-建北,2023-05-25,8151
2376,技嘉,79,34,45,台新-建北,2023-05-25,8151
00665L,富邦�琤肭磪囓�2,205,160,45,台新-建北,2023-05-25,8151
1101,台泥,50,8,42,台新-建北,2023-05-25,8151
2883,凱基金,47,5,42,台新-建北,2023-05-25,8151
00713,元大台灣高息低波,44,4,40,台新-建北,2023-05-25,8151
3025,星通,68,28,40,台新-建北,2023-05-25,8151
6274,台燿,63,27,36,台新-建北,2023-05-25,8151
3035,智原,50,15,35,台新-建北,2023-05-25,8151
6405,悅城,33,0,33,台新-建北,2023-05-25,8151
6547,高端疫苗,40,7,33,台新-建北,2023-05-25,8151
00664R,國泰臺灣加權反1,50,18,32,台新-建北,2023-05-25,8151
3444,利機,30,0,30,台新-建北,2023-05-25,8151
6167,久正,33,3,30,台新-建北,2023-05-25,8151
4903,聯光通,30,0,30,台新-建北,2023-05-25,8151
2887,台新金,38,8,30,台新-建北,2023-05-25,8151
00751B,元大AAA至A公司債,29,0,29,台新-建北,2023-05-25,8151
6573,虹揚-KY,28,0,28,台新-建北,2023-05-25,8151
2201,裕隆,35,8,27,台新-建北,2023-05-25,8151
3002,歐格,27,0,27,台新-建北,2023-05-25,8151
00679B,元大美債20年,34,9,25,台新-建北,2023-05-25,8151
1513,中興電,52,27,25,台新-建北,2023-05-25,8151
1210,大成,25,0,25,台新-建北,2023-05-25,8151
6126,信音,25,0,25,台新-建北,2023-05-25,8151
8463,潤泰材,25,0,25,台新-建北,2023-05-25,8151
5864,致和證,30,5,25,台新-建北,2023-05-25,8151
4543,萬在,25,0,25,台新-建北,2023-05-25,8151
8937,合騏,25,0,25,台新-建北,2023-05-25,8151
2603,長榮,26,1,25,台新-建北,2023-05-25,8151
2615,萬海,25,1,24,台新-建北,2023-05-25,8151
8358,金居,25,1,24,台新-建北,2023-05-25,8151
2491,吉祥全,22,0,22,台新-建北,2023-05-25,8151
00725B,國泰投資級公司債,21,0,21,台新-建北,2023-05-25,8151
5301,寶得利,21,0,21,台新-建北,2023-05-25,8151
00687B,國泰20年美債,20,0,20,台新-建北,2023-05-25,8151
2302,麗正,20,0,20,台新-建北,2023-05-25,8151
9904,寶成,20,0,20,台新-建北,2023-05-25,8151
3003,健和興,21,2,19,台新-建北,2023-05-25,8151
2303,聯電,27,8,19,台新-建北,2023-05-25,8151
00795B,中信美國公債20年,19,0,19,台新-建北,2023-05-25,8151
00632R,元大台灣50反1,425,55,370,台新-建北,2023-05-26,8151
00878,國泰永續高股息,209,38,171,台新-建北,2023-05-26,8151
3231,緯創,641,507,134,台新-建北,2023-05-26,8151
2371,大同,221,116,105,台新-建北,2023-05-26,8151
3189,景碩,107,5,102,台新-建北,2023-05-26,8151
1722,台肥,101,0,101,台新-建北,2023-05-26,8151
00676R,富邦臺灣加權反1,100,0,100,台新-建北,2023-05-26,8151
2883,凱基金,92,0,92,台新-建北,2023-05-26,8151
00633L,富邦上証正2,80,0,80,台新-建北,2023-05-26,8151
4564,元翎,146,74,72,台新-建北,2023-05-26,8151
8011,台通,66,5,61,台新-建北,2023-05-26,8151
6799,來頡,57,2,55,台新-建北,2023-05-26,8151
00679B,元大美債20年,46,0,46,台新-建北,2023-05-26,8151
00725B,國泰投資級公司債,46,0,46,台新-建北,2023-05-26,8151
00687B,國泰20年美債,44,0,44,台新-建北,2023-05-26,8151
00712,復華富時不動產,41,0,41,台新-建北,2023-05-26,8151
6190,萬泰科,44,3,41,台新-建北,2023-05-26,8151
2603,長榮,59,21,38,台新-建北,2023-05-26,8151
3483,力致,44,7,37,台新-建北,2023-05-26,8151
00882,中信中國高股息,48,15,33,台新-建北,2023-05-26,8151
3037,欣興,134,103,31,台新-建北,2023-05-26,8151
2495,普安,32,1,31,台新-建北,2023-05-26,8151
00772B,中信高評級公司債,29,1,28,台新-建北,2023-05-26,8151
1608,華榮,89,64,25,台新-建北,2023-05-26,8151
2929,淘帝-KY,24,0,24,台新-建北,2023-05-26,8151
3003,健和興,25,1,24,台新-建北,2023-05-26,8151
4533,協易機,24,0,24,台新-建北,2023-05-26,8151
1742,台蠟,24,0,24,台新-建北,2023-05-26,8151
2323,中環,243,220,23,台新-建北,2023-05-26,8151
1591,駿吉-KY,24,1,23,台新-建北,2023-05-26,8151
6165,浪凡,23,0,23,台新-建北,2023-05-26,8151
1727,中華化,23,1,22,台新-建北,2023-05-26,8151
6257,矽格,21,0,21,台新-建北,2023-05-26,8151
3664,安瑞-KY,20,0,20,台新-建北,2023-05-26,8151
1432,大魯閣,20,0,20,台新-建北,2023-05-26,8151
00862B,中信投資級公司債,20,0,20,台新-建北,2023-05-26,8151
4909,新復興,20,0,20,台新-建北,2023-05-26,8151
1454,台富,19,0,19,台新-建北,2023-05-26,8151
00891,中信關鍵半導體,22,3,19,台新-建北,2023-05-26,8151
4503,金雨,18,0,18,台新-建北,2023-05-26,8151
3033,威健,17,0,17,台新-建北,2023-05-26,8151
00795B,中信美國公債20年,17,0,17,台新-建北,2023-05-26,8151
2618,長榮航,107,90,17,台新-建北,2023-05-26,8151
2498,宏達電,24,8,16,台新-建北,2023-05-26,8151
00715L,期街口布蘭特正2,18,2,16,台新-建北,2023-05-26,8151
3078,僑威,17,1,16,台新-建北,2023-05-26,8151
8171,天宇,16,0,16,台新-建北,2023-05-26,8151
4164,承業醫,16,1,15,台新-建北,2023-05-26,8151
3363,上詮,113,98,15,台新-建北,2023-05-26,8151
2104,國際中橡,15,0,15,台新-建北,2023-05-26,8151
0056,元大高股息,223,9,214,台新-建北,2023-05-29,8151
2371,大同,173,49,124,台新-建北,2023-05-29,8151
4960,誠美材,105,1,104,台新-建北,2023-05-29,8151
2867,三商壽,68,5,63,台新-建北,2023-05-29,8151
3231,緯創,647,584,63,台新-建北,2023-05-29,8151
2542,興富發,51,0,51,台新-建北,2023-05-29,8151
00633L,富邦上証正2,50,0,50,台新-建北,2023-05-29,8151
00713,元大台灣高息低波,49,0,49,台新-建北,2023-05-29,8151
00637L,元大滬深300正2,47,0,47,台新-建北,2023-05-29,8151
00772B,中信高評級公司債,46,0,46,台新-建北,2023-05-29,8151
5410,國眾,44,0,44,台新-建北,2023-05-29,8151
00895,富邦未來車,50,6,44,台新-建北,2023-05-29,8151
2495,普安,56,14,42,台新-建北,2023-05-29,8151
2887,台新金,43,2,41,台新-建北,2023-05-29,8151
3071,協禧,42,2,40,台新-建北,2023-05-29,8151
3078,僑威,69,33,36,台新-建北,2023-05-29,8151
1101,台泥,36,0,36,台新-建北,2023-05-29,8151
3029,零壹,39,6,33,台新-建北,2023-05-29,8151
3338,泰碩,34,2,32,台新-建北,2023-05-29,8151
3289,宜特,48,16,32,台新-建北,2023-05-29,8151
00688L,國泰20年美債正2,31,0,31,台新-建北,2023-05-29,8151
3594,磐儀,42,15,27,台新-建北,2023-05-29,8151
2313,華通,229,202,27,台新-建北,2023-05-29,8151
6026,福邦證,26,1,25,台新-建北,2023-05-29,8151
1608,華榮,45,20,25,台新-建北,2023-05-29,8151
3037,欣興,61,36,25,台新-建北,2023-05-29,8151
2368,金像電,26,4,22,台新-建北,2023-05-29,8151
2883,凱基金,20,0,20,台新-建北,2023-05-29,8151
3287,廣寰科,20,0,20,台新-建北,2023-05-29,8151
2442,新美齊,20,0,20,台新-建北,2023-05-29,8151
8016,矽創,20,0,20,台新-建北,2023-05-29,8151
6160,欣技,23,3,20,台新-建北,2023-05-29,8151
2881,富邦金,25,6,19,台新-建北,2023-05-29,8151
2891,中信金,20,2,18,台新-建北,2023-05-29,8151
2301,光寶科,21,3,18,台新-建北,2023-05-29,8151
2002,中鋼,20,3,17,台新-建北,2023-05-29,8151
8940,新天地,18,1,17,台新-建北,2023-05-29,8151
00795B,中信美國公債20年,17,0,17,台新-建北,2023-05-29,8151
2888,新光金,27,11,16,台新-建北,2023-05-29,8151
1337,再生-KY,16,0,16,台新-建北,2023-05-29,8151
1229,聯華,15,0,15,台新-建北,2023-05-29,8151
8924,大田,15,0,15,台新-建北,2023-05-29,8151
6550,北極星藥業-KY,22,7,15,台新-建北,2023-05-29,8151
4503,金雨,15,3,12,台新-建北,2023-05-29,8151
2312,金寶,12,0,12,台新-建北,2023-05-29,8151
00882,中信中國高股息,14,2,12,台新-建北,2023-05-29,8151
2408,南亞科,12,0,12,台新-建北,2023-05-29,8151
2633,台灣高鐵,12,1,11,台新-建北,2023-05-29,8151
6446,藥華藥,15,4,11,台新-建北,2023-05-29,8151
1314,中石化,11,0,11,台新-建北,2023-05-29,8151
3231,緯創,462,246,216,台新-建北,2023-05-30,8151
8011,台通,159,28,131,台新-建北,2023-05-30,8151
00665L,富邦�琤肭磪囓�2,119,4,115,台新-建北,2023-05-30,8151
2376,技嘉,105,17,88,台新-建北,2023-05-30,8151
6166,凌華,81,5,76,台新-建北,2023-05-30,8151
2887,台新金,122,62,60,台新-建北,2023-05-30,8151
2538,基泰,60,0,60,台新-建北,2023-05-30,8151
3673,TPK-KY,77,21,56,台新-建北,2023-05-30,8151
2382,廣達,91,36,55,台新-建北,2023-05-30,8151
5498,凱崴,92,39,53,台新-建北,2023-05-30,8151
3444,利機,138,87,51,台新-建北,2023-05-30,8151
00633L,富邦上証正2,50,0,50,台新-建北,2023-05-30,8151
6188,廣明,98,48,50,台新-建北,2023-05-30,8151
6226,光鼎,43,0,43,台新-建北,2023-05-30,8151
6122,擎邦,40,1,39,台新-建北,2023-05-30,8151
3024,憶聲,36,0,36,台新-建北,2023-05-30,8151
2388,威盛,56,20,36,台新-建北,2023-05-30,8151
6026,福邦證,34,0,34,台新-建北,2023-05-30,8151
1101,台泥,33,0,33,台新-建北,2023-05-30,8151
3207,耀勝,33,2,31,台新-建北,2023-05-30,8151
3706,神達,55,25,30,台新-建北,2023-05-30,8151
00882,中信中國高股息,34,5,29,台新-建北,2023-05-30,8151
00632R,元大台灣50反1,29,0,29,台新-建北,2023-05-30,8151
00680L,元大美債20正2,28,0,28,台新-建北,2023-05-30,8151
6664,群翊,27,1,26,台新-建北,2023-05-30,8151
2317,鴻海,58,32,26,台新-建北,2023-05-30,8151
2329,華泰,28,2,26,台新-建北,2023-05-30,8151
8905,裕國,26,0,26,台新-建北,2023-05-30,8151
2356,英業達,185,162,23,台新-建北,2023-05-30,8151
8059,凱碩,28,6,22,台新-建北,2023-05-30,8151
00673R,期元大S＆P原油反1,21,0,21,台新-建北,2023-05-30,8151
6799,來頡,36,15,21,台新-建北,2023-05-30,8151
00720B,元大投資級公司債,20,0,20,台新-建北,2023-05-30,8151
1605,華新,32,12,20,台新-建北,2023-05-30,8151
00637L,元大滬深300正2,20,0,20,台新-建北,2023-05-30,8151
1701,中化,20,0,20,台新-建北,2023-05-30,8151
6234,高僑,20,0,20,台新-建北,2023-05-30,8151
6547,高端疫苗,20,0,20,台新-建北,2023-05-30,8151
1809,中釉,20,0,20,台新-建北,2023-05-30,8151
2834,臺企銀,20,0,20,台新-建北,2023-05-30,8151
00751B,元大AAA至A公司債,19,0,19,台新-建北,2023-05-30,8151
9904,寶成,20,1,19,台新-建北,2023-05-30,8151
1528,恩德,24,5,19,台新-建北,2023-05-30,8151
4503,金雨,20,2,18,台新-建北,2023-05-30,8151
1731,美吾華,18,0,18,台新-建北,2023-05-30,8151
1340,勝悅-KY,18,0,18,台新-建北,2023-05-30,8151
8099,大世科,31,13,18,台新-建北,2023-05-30,8151
2002,中鋼,18,2,16,台新-建北,2023-05-30,8151
4581,光隆精密-KY,16,0,16,台新-建北,2023-05-30,8151
8924,大田,16,0,16,台新-建北,2023-05-30,8151
5876,上海商銀,256,0,256,台新-建北,2023-05-31,8151
5351,鈺創,156,7,149,台新-建北,2023-05-31,8151
6026,福邦證,104,0,104,台新-建北,2023-05-31,8151
5531,鄉林,100,0,100,台新-建北,2023-05-31,8151
2317,鴻海,105,15,90,台新-建北,2023-05-31,8151
00715L,期街口布蘭特正2,68,0,68,台新-建北,2023-05-31,8151
2603,長榮,62,0,62,台新-建北,2023-05-31,8151
3017,奇鋐,66,7,59,台新-建北,2023-05-31,8151
2634,漢翔,63,9,54,台新-建北,2023-05-31,8151
2376,技嘉,68,17,51,台新-建北,2023-05-31,8151
3037,欣興,119,71,48,台新-建北,2023-05-31,8151
3019,亞光,46,0,46,台新-建北,2023-05-31,8151
00633L,富邦上証正2,50,10,40,台新-建北,2023-05-31,8151
3231,緯創,333,293,40,台新-建北,2023-05-31,8151
00687B,國泰20年美債,39,0,39,台新-建北,2023-05-31,8151
1101,台泥,35,0,35,台新-建北,2023-05-31,8151
2368,金像電,41,6,35,台新-建北,2023-05-31,8151
2887,台新金,43,9,34,台新-建北,2023-05-31,8151
00882,中信中國高股息,32,0,32,台新-建北,2023-05-31,8151
6285,啟��,31,0,31,台新-建北,2023-05-31,8151
5328,華容,31,1,30,台新-建北,2023-05-31,8151
00878,國泰永續高股息,135,105,30,台新-建北,2023-05-31,8151
2352,佳世達,47,19,28,台新-建北,2023-05-31,8151
2883,凱基金,29,2,27,台新-建北,2023-05-31,8151
5206,坤悅,27,0,27,台新-建北,2023-05-31,8151
2392,正崴,129,105,24,台新-建北,2023-05-31,8151
2495,普安,31,7,24,台新-建北,2023-05-31,8151
6235,華孚,34,12,22,台新-建北,2023-05-31,8151
00679B,元大美債20年,22,0,22,台新-建北,2023-05-31,8151
3591,艾笛森,40,18,22,台新-建北,2023-05-31,8151
1319,東陽,21,0,21,台新-建北,2023-05-31,8151
2362,藍天,20,0,20,台新-建北,2023-05-31,8151
3504,揚明光,20,0,20,台新-建北,2023-05-31,8151
3290,東浦,19,0,19,台新-建北,2023-05-31,8151
8011,台通,30,11,19,台新-建北,2023-05-31,8151
2356,英業達,30,12,18,台新-建北,2023-05-31,8151
00680L,元大美債20正2,17,0,17,台新-建北,2023-05-31,8151
3532,台勝科,21,5,16,台新-建北,2023-05-31,8151
3025,星通,50,35,15,台新-建北,2023-05-31,8151
6531,愛普*,52,37,15,台新-建北,2023-05-31,8151
6271,同欣電,17,3,14,台新-建北,2023-05-31,8151
00642U,期元大S＆P石油,16,3,13,台新-建北,2023-05-31,8151
3321,同泰,13,0,13,台新-建北,2023-05-31,8151
4973,廣穎,13,0,13,台新-建北,2023-05-31,8151
3533,嘉澤,13,1,12,台新-建北,2023-05-31,8151
3661,世芯-KY,12,0,12,台新-建北,2023-05-31,8151
3694,海華,12,0,12,台新-建北,2023-05-31,8151
2888,新光金,14,2,12,台新-建北,2023-05-31,8151
00688L,國泰20年美債正2,12,0,12,台新-建北,2023-05-31,8151
00830,國泰費城半導體,12,0,12,台新-建北,2023-05-31,8151
00715L,期街口布蘭特正2,116,0,116,台新-建北,2023-06-01,8151
3017,奇鋐,134,25,109,台新-建北,2023-06-01,8151
3444,利機,89,1,88,台新-建北,2023-06-01,8151
00882,中信中國高股息,65,0,65,台新-建北,2023-06-01,8151
2538,基泰,61,0,61,台新-建北,2023-06-01,8151
2887,台新金,108,48,60,台新-建北,2023-06-01,8151
2888,新光金,62,5,57,台新-建北,2023-06-01,8151
00725B,國泰投資級公司債,53,0,53,台新-建北,2023-06-01,8151
5302,太欣,45,0,45,台新-建北,2023-06-01,8151
4979,華星光,85,41,44,台新-建北,2023-06-01,8151
3607,谷崧,43,0,43,台新-建北,2023-06-01,8151
3047,訊舟,43,3,40,台新-建北,2023-06-01,8151
1568,倉佑,40,0,40,台新-建北,2023-06-01,8151
6282,康舒,163,123,40,台新-建北,2023-06-01,8151
2489,瑞軒,83,45,38,台新-建北,2023-06-01,8151
1101,台泥,39,2,37,台新-建北,2023-06-01,8151
00687B,國泰20年美債,40,3,37,台新-建北,2023-06-01,8151
00710B,復華彭博非投等債,35,0,35,台新-建北,2023-06-01,8151
8112,至上,36,1,35,台新-建北,2023-06-01,8151
2317,鴻海,64,29,35,台新-建北,2023-06-01,8151
2201,裕隆,61,27,34,台新-建北,2023-06-01,8151
2323,中環,151,118,33,台新-建北,2023-06-01,8151
1721,三晃,42,11,31,台新-建北,2023-06-01,8151
1605,華新,30,1,29,台新-建北,2023-06-01,8151
00878,國泰永續高股息,31,5,26,台新-建北,2023-06-01,8151
3532,台勝科,29,3,26,台新-建北,2023-06-01,8151
3231,緯創,253,228,25,台新-建北,2023-06-01,8151
2371,大同,44,20,24,台新-建北,2023-06-01,8151
3661,世芯-KY,28,5,23,台新-建北,2023-06-01,8151
8011,台通,22,0,22,台新-建北,2023-06-01,8151
6005,群益證,20,0,20,台新-建北,2023-06-01,8151
6245,立端,20,0,20,台新-建北,2023-06-01,8151
3045,台灣大,20,0,20,台新-建北,2023-06-01,8151
3078,僑威,59,39,20,台新-建北,2023-06-01,8151
2376,技嘉,38,19,19,台新-建北,2023-06-01,8151
6185,幃翔,19,1,18,台新-建北,2023-06-01,8151
6863,永道-KY,21,3,18,台新-建北,2023-06-01,8151
2303,聯電,24,7,17,台新-建北,2023-06-01,8151
1608,華榮,21,4,17,台新-建北,2023-06-01,8151
5258,虹堡,29,12,17,台新-建北,2023-06-01,8151
3673,TPK-KY,20,4,16,台新-建北,2023-06-01,8151
3260,威剛,26,11,15,台新-建北,2023-06-01,8151
2883,凱基金,52,37,15,台新-建北,2023-06-01,8151
00706L,期元大S＆P日圓正2,15,0,15,台新-建北,2023-06-01,8151
1513,中興電,21,7,14,台新-建北,2023-06-01,8151
4533,協易機,14,0,14,台新-建北,2023-06-01,8151
6209,今國光,18,4,14,台新-建北,2023-06-01,8151
00919,群益台灣精選高息,38,25,13,台新-建北,2023-06-01,8151
1727,中華化,71,58,13,台新-建北,2023-06-01,8151
2606,裕民,23,10,13,台新-建北,2023-06-01,8151
2105,正新,180,1,179,台新-建北,2023-06-02,8151
2610,華航,237,112,125,台新-建北,2023-06-02,8151
3443,創意,74,3,71,台新-建北,2023-06-02,8151
2538,基泰,58,0,58,台新-建北,2023-06-02,8151
1460,宏遠,63,6,57,台新-建北,2023-06-02,8151
2382,廣達,92,45,47,台新-建北,2023-06-02,8151
2376,技嘉,111,65,46,台新-建北,2023-06-02,8151
3583,辛耘,39,6,33,台新-建北,2023-06-02,8151
6169,昱泉,32,0,32,台新-建北,2023-06-02,8151
3710,連展投控,30,0,30,台新-建北,2023-06-02,8151
2603,長榮,30,1,29,台新-建北,2023-06-02,8151
1314,中石化,30,1,29,台新-建北,2023-06-02,8151
2356,英業達,112,84,28,台新-建北,2023-06-02,8151
2419,仲琦,28,0,28,台新-建北,2023-06-02,8151
3715,定穎投控,39,11,28,台新-建北,2023-06-02,8151
1734,杏輝,32,6,26,台新-建北,2023-06-02,8151
6215,和椿,40,15,25,台新-建北,2023-06-02,8151
00665L,富邦�琤肭磪囓�2,26,2,24,台新-建北,2023-06-02,8151
1905,華紙,228,205,23,台新-建北,2023-06-02,8151
1101,台泥,46,23,23,台新-建北,2023-06-02,8151
6188,廣明,26,5,21,台新-建北,2023-06-02,8151
8234,新漢,21,0,21,台新-建北,2023-06-02,8151
00882,中信中國高股息,21,1,20,台新-建北,2023-06-02,8151
2337,旺宏,22,2,20,台新-建北,2023-06-02,8151
1611,中電,20,0,20,台新-建北,2023-06-02,8151
00673R,期元大S＆P原油反1,20,0,20,台新-建北,2023-06-02,8151
2393,億光,20,1,19,台新-建北,2023-06-02,8151
3013,晟銘電,46,27,19,台新-建北,2023-06-02,8151
2317,鴻海,22,3,19,台新-建北,2023-06-02,8151
2436,偉詮電,17,0,17,台新-建北,2023-06-02,8151
2734,易飛網,20,4,16,台新-建北,2023-06-02,8151
8059,凱碩,18,3,15,台新-建北,2023-06-02,8151
8271,宇瞻,18,3,15,台新-建北,2023-06-02,8151
9962,有益,15,0,15,台新-建北,2023-06-02,8151
4503,金雨,20,5,15,台新-建北,2023-06-02,8151
2359,所羅門,31,17,14,台新-建北,2023-06-02,8151
1326,台化,14,0,14,台新-建北,2023-06-02,8151
6168,宏齊,32,19,13,台新-建北,2023-06-02,8151
2614,東森,18,5,13,台新-建北,2023-06-02,8151
3003,健和興,14,1,13,台新-建北,2023-06-02,8151
1477,聚陽,17,4,13,台新-建北,2023-06-02,8151
5876,上海商銀,13,1,12,台新-建北,2023-06-02,8151
3027,盛達,12,0,12,台新-建北,2023-06-02,8151
6235,華孚,19,7,12,台新-建北,2023-06-02,8151
4909,新復興,12,0,12,台新-建北,2023-06-02,8151
1524,耿鼎,12,0,12,台新-建北,2023-06-02,8151
6285,啟��,14,2,12,台新-建北,2023-06-02,8151
3363,上詮,33,21,12,台新-建北,2023-06-02,8151
2618,長榮航,87,75,12,台新-建北,2023-06-02,8151
3546,宇峻,11,0,11,台新-建北,2023-06-02,8151
3231,緯創,946,315,631,台新-建北,2023-06-05,8151
1605,華新,265,71,194,台新-建北,2023-06-05,8151
2368,金像電,166,17,149,台新-建北,2023-06-05,8151
2603,長榮,115,14,101,台新-建北,2023-06-05,8151
2889,國票金,101,5,96,台新-建北,2023-06-05,8151
2888,新光金,240,149,91,台新-建北,2023-06-05,8151
4714,永捷,64,0,64,台新-建北,2023-06-05,8151
6120,達運,66,4,62,台新-建北,2023-06-05,8151
1337,再生-KY,58,0,58,台新-建北,2023-06-05,8151
3707,漢磊,64,13,51,台新-建北,2023-06-05,8151
3062,建漢,50,0,50,台新-建北,2023-06-05,8151
2431,聯昌,48,0,48,台新-建北,2023-06-05,8151
6015,宏遠證,51,3,48,台新-建北,2023-06-05,8151
2331,精英,73,26,47,台新-建北,2023-06-05,8151
1310,台苯,42,0,42,台新-建北,2023-06-05,8151
1611,中電,42,2,40,台新-建北,2023-06-05,8151
00772B,中信高評級公司債,37,0,37,台新-建北,2023-06-05,8151
2382,廣達,53,16,37,台新-建北,2023-06-05,8151
6005,群益證,56,20,36,台新-建北,2023-06-05,8151
2376,技嘉,49,14,35,台新-建北,2023-06-05,8151
4503,金雨,35,0,35,台新-建北,2023-06-05,8151
00687B,國泰20年美債,35,1,34,台新-建北,2023-06-05,8151
2460,建通,33,0,33,台新-建北,2023-06-05,8151
1710,東聯,31,1,30,台新-建北,2023-06-05,8151
4533,協易機,54,24,30,台新-建北,2023-06-05,8151
1307,三芳,29,0,29,台新-建北,2023-06-05,8151
4979,華星光,45,16,29,台新-建北,2023-06-05,8151
2618,長榮航,109,80,29,台新-建北,2023-06-05,8151
2317,鴻海,39,13,26,台新-建北,2023-06-05,8151
6282,康舒,119,93,26,台新-建北,2023-06-05,8151
00673R,期元大S＆P原油反1,25,0,25,台新-建北,2023-06-05,8151
2323,中環,117,92,25,台新-建北,2023-06-05,8151
4510,高鋒,25,0,25,台新-建北,2023-06-05,8151
1815,富喬,78,54,24,台新-建北,2023-06-05,8151
00680L,元大美債20正2,30,7,23,台新-建北,2023-06-05,8151
5328,華容,24,1,23,台新-建北,2023-06-05,8151
1809,中釉,23,2,21,台新-建北,2023-06-05,8151
2634,漢翔,34,13,21,台新-建北,2023-06-05,8151
3056,富華新,20,0,20,台新-建北,2023-06-05,8151
2851,中再保,20,0,20,台新-建北,2023-06-05,8151
3443,創意,22,3,19,台新-建北,2023-06-05,8151
2515,中工,34,16,18,台新-建北,2023-06-05,8151
6274,台燿,21,3,18,台新-建北,2023-06-05,8151
00919,群益台灣精選高息,23,5,18,台新-建北,2023-06-05,8151
2329,華泰,21,4,17,台新-建北,2023-06-05,8151
2383,台光電,18,2,16,台新-建北,2023-06-05,8151
2228,劍麟,16,0,16,台新-建北,2023-06-05,8151
3591,艾笛森,18,2,16,台新-建北,2023-06-05,8151
1608,華榮,17,1,16,台新-建北,2023-06-05,8151
00679B,元大美債20年,16,0,16,台新-建北,2023-06-05,8151
00632R,元大台灣50反1,300,0,300,台新-建北,2023-06-06,8151
00679B,元大美債20年,171,40,131,台新-建北,2023-06-06,8151
2888,新光金,141,81,60,台新-建北,2023-06-06,8151
6026,福邦證,60,5,55,台新-建北,2023-06-06,8151
00664R,國泰臺灣加權反1,50,0,50,台新-建北,2023-06-06,8151
3231,緯創,228,179,49,台新-建北,2023-06-06,8151
00900,富邦特選高股息30,41,0,41,台新-建北,2023-06-06,8151
2701,萬企,155,118,37,台新-建北,2023-06-06,8151
2851,中再保,35,0,35,台新-建北,2023-06-06,8151
2457,飛宏,110,76,34,台新-建北,2023-06-06,8151
5488,松普,32,0,32,台新-建北,2023-06-06,8151
3444,利機,53,21,32,台新-建北,2023-06-06,8151
2618,長榮航,140,109,31,台新-建北,2023-06-06,8151
3443,創意,39,9,30,台新-建北,2023-06-06,8151
2376,技嘉,33,4,29,台新-建北,2023-06-06,8151
1101,台泥,32,4,28,台新-建北,2023-06-06,8151
2368,金像電,36,9,27,台新-建北,2023-06-06,8151
2353,宏��,35,10,25,台新-建北,2023-06-06,8151
00882,中信中國高股息,26,1,25,台新-建北,2023-06-06,8151
2460,建通,25,0,25,台新-建北,2023-06-06,8151
00712,復華富時不動產,35,10,25,台新-建北,2023-06-06,8151
1584,精剛,28,5,23,台新-建北,2023-06-06,8151
1736,喬山,23,0,23,台新-建北,2023-06-06,8151
2402,毅嘉,50,28,22,台新-建北,2023-06-06,8151
1313,聯成,20,0,20,台新-建北,2023-06-06,8151
00902,中信電池及儲能,20,0,20,台新-建北,2023-06-06,8151
4951,精拓科,20,0,20,台新-建北,2023-06-06,8151
2371,大同,39,19,20,台新-建北,2023-06-06,8151
2331,精英,36,16,20,台新-建北,2023-06-06,8151
6127,九豪,20,0,20,台新-建北,2023-06-06,8151
1905,華紙,41,22,19,台新-建北,2023-06-06,8151
1609,大亞,280,262,18,台新-建北,2023-06-06,8151
00713,元大台灣高息低波,18,1,17,台新-建北,2023-06-06,8151
00673R,期元大S＆P原油反1,17,0,17,台新-建北,2023-06-06,8151
1810,和成,29,12,17,台新-建北,2023-06-06,8151
8426,紅木-KY,33,16,17,台新-建北,2023-06-06,8151
3058,立德,28,12,16,台新-建北,2023-06-06,8151
1907,永豐餘,57,41,16,台新-建北,2023-06-06,8151
00927,群益半導體收益,16,0,16,台新-建北,2023-06-06,8151
00751B,元大AAA至A公司債,16,0,16,台新-建北,2023-06-06,8151
2913,農林,30,15,15,台新-建北,2023-06-06,8151
2712,遠雄來,15,0,15,台新-建北,2023-06-06,8151
00919,群益台灣精選高息,16,1,15,台新-建北,2023-06-06,8151
2399,映泰,35,21,14,台新-建北,2023-06-06,8151
6806,森崴能源,15,1,14,台新-建北,2023-06-06,8151
2610,華航,29,15,14,台新-建北,2023-06-06,8151
1815,富喬,77,63,14,台新-建北,2023-06-06,8151
4711,永純,14,0,14,台新-建北,2023-06-06,8151
2498,宏達電,21,8,13,台新-建北,2023-06-06,8151
3062,建漢,13,0,13,台新-建北,2023-06-06,8151
00679B,元大美債20年,180,0,180,台新-建北,2023-06-07,8151
8011,台通,198,18,180,台新-建北,2023-06-07,8151
1609,大亞,342,189,153,台新-建北,2023-06-07,8151
2618,長榮航,201,53,148,台新-建北,2023-06-07,8151
1471,首利,61,0,61,台新-建北,2023-06-07,8151
00712,復華富時不動產,60,3,57,台新-建北,2023-06-07,8151
00919,群益台灣精選高息,62,6,56,台新-建北,2023-06-07,8151
2105,正新,51,0,51,台新-建北,2023-06-07,8151
1608,華榮,67,21,46,台新-建北,2023-06-07,8151
2371,大同,57,12,45,台新-建北,2023-06-07,8151
2515,中工,86,42,44,台新-建北,2023-06-07,8151
00882,中信中國高股息,42,0,42,台新-建北,2023-06-07,8151
3444,利機,63,26,37,台新-建北,2023-06-07,8151
00878,國泰永續高股息,42,11,31,台新-建北,2023-06-07,8151
1605,華新,34,4,30,台新-建北,2023-06-07,8151
00710B,復華彭博非投等債,30,0,30,台新-建北,2023-06-07,8151
2409,友達,29,1,28,台新-建北,2023-06-07,8151
3024,憶聲,32,4,28,台新-建北,2023-06-07,8151
0056,元大高股息,34,7,27,台新-建北,2023-06-07,8151
3711,日月光投控,39,13,26,台新-建北,2023-06-07,8151
2851,中再保,25,0,25,台新-建北,2023-06-07,8151
1416,廣豐,27,2,25,台新-建北,2023-06-07,8151
2352,佳世達,24,0,24,台新-建北,2023-06-07,8151
6282,康舒,54,31,23,台新-建北,2023-06-07,8151
2449,京元電子,25,3,22,台新-建北,2023-06-07,8151
00713,元大台灣高息低波,21,0,21,台新-建北,2023-06-07,8151
5469,瀚宇博,22,1,21,台新-建北,2023-06-07,8151
00673R,期元大S＆P原油反1,20,0,20,台新-建北,2023-06-07,8151
00720B,元大投資級公司債,22,2,20,台新-建北,2023-06-07,8151
2610,華航,44,24,20,台新-建北,2023-06-07,8151
8426,紅木-KY,23,4,19,台新-建北,2023-06-07,8151
2467,志聖,25,6,19,台新-建北,2023-06-07,8151
8114,振樺電,18,0,18,台新-建北,2023-06-07,8151
3630,新鉅科,24,6,18,台新-建北,2023-06-07,8151
2009,第一銅,18,0,18,台新-建北,2023-06-07,8151
4979,華星光,70,52,18,台新-建北,2023-06-07,8151
00687B,國泰20年美債,20,2,18,台新-建北,2023-06-07,8151
1734,杏輝,17,0,17,台新-建北,2023-06-07,8151
4945,陞達科技,16,0,16,台新-建北,2023-06-07,8151
3704,合勤控,16,0,16,台新-建北,2023-06-07,8151
3360,尚立,16,0,16,台新-建北,2023-06-07,8151
3419,譁裕,16,0,16,台新-建北,2023-06-07,8151
6233,旺玖,17,1,16,台新-建北,2023-06-07,8151
3025,星通,18,3,15,台新-建北,2023-06-07,8151
00850,元大臺灣ESG永續,15,0,15,台新-建北,2023-06-07,8151
6223,旺矽,25,10,15,台新-建北,2023-06-07,8151
2353,宏��,15,1,14,台新-建北,2023-06-07,8151
6244,茂迪,31,17,14,台新-建北,2023-06-07,8151
6456,GIS-KY,14,0,14,台新-建北,2023-06-07,8151
6125,廣運,121,108,13,台新-建北,2023-06-07,8151
6179,亞通,114,0,114,台新-建北,2023-06-08,8151
2376,技嘉,207,99,108,台新-建北,2023-06-08,8151
2457,飛宏,131,24,107,台新-建北,2023-06-08,8151
00878,國泰永續高股息,125,20,105,台新-建北,2023-06-08,8151
00919,群益台灣精選高息,89,0,89,台新-建北,2023-06-08,8151
2352,佳世達,100,12,88,台新-建北,2023-06-08,8151
00632R,元大台灣50反1,100,24,76,台新-建北,2023-06-08,8151
00725B,國泰投資級公司債,74,0,74,台新-建北,2023-06-08,8151
5905,南仁湖,62,0,62,台新-建北,2023-06-08,8151
2365,昆盈,61,0,61,台新-建北,2023-06-08,8151
2851,中再保,57,0,57,台新-建北,2023-06-08,8151
00679B,元大美債20年,55,0,55,台新-建北,2023-06-08,8151
0056,元大高股息,53,3,50,台新-建北,2023-06-08,8151
00862B,中信投資級公司債,50,0,50,台新-建北,2023-06-08,8151
00711B,復華彭博新興債,50,0,50,台新-建北,2023-06-08,8151
1609,大亞,185,140,45,台新-建北,2023-06-08,8151
1612,宏泰,63,20,43,台新-建北,2023-06-08,8151
5475,德宏,43,1,42,台新-建北,2023-06-08,8151
00720B,元大投資級公司債,45,4,41,台新-建北,2023-06-08,8151
3037,欣興,55,15,40,台新-建北,2023-06-08,8151
00687B,國泰20年美債,37,0,37,台新-建北,2023-06-08,8151
00680L,元大美債20正2,37,2,35,台新-建北,2023-06-08,8151
6274,台燿,60,26,34,台新-建北,2023-06-08,8151
00772B,中信高評級公司債,32,0,32,台新-建北,2023-06-08,8151
00712,復華富時不動產,33,1,32,台新-建北,2023-06-08,8151
00706L,期元大S＆P日圓正2,32,0,32,台新-建北,2023-06-08,8151
2382,廣達,41,10,31,台新-建北,2023-06-08,8151
6282,康舒,100,70,30,台新-建北,2023-06-08,8151
3339,泰谷,29,0,29,台新-建北,2023-06-08,8151
3483,力致,32,4,28,台新-建北,2023-06-08,8151
6125,廣運,39,13,26,台新-建北,2023-06-08,8151
2302,麗正,26,0,26,台新-建北,2023-06-08,8151
2705,六福,47,24,23,台新-建北,2023-06-08,8151
6165,浪凡,23,0,23,台新-建北,2023-06-08,8151
2388,威盛,49,27,22,台新-建北,2023-06-08,8151
00688L,國泰20年美債正2,22,0,22,台新-建北,2023-06-08,8151
2347,聯強,22,0,22,台新-建北,2023-06-08,8151
5425,台半,24,3,21,台新-建北,2023-06-08,8151
2538,基泰,20,0,20,台新-建北,2023-06-08,8151
9944,新麗,19,0,19,台新-建北,2023-06-08,8151
2634,漢翔,121,102,19,台新-建北,2023-06-08,8151
00713,元大台灣高息低波,22,3,19,台新-建北,2023-06-08,8151
3374,精材,52,33,19,台新-建北,2023-06-08,8151
1101,台泥,29,11,18,台新-建北,2023-06-08,8151
2317,鴻海,27,9,18,台新-建北,2023-06-08,8151
3630,新鉅科,42,25,17,台新-建北,2023-06-08,8151
1608,華榮,29,12,17,台新-建北,2023-06-08,8151
6218,豪勉,20,3,17,台新-建北,2023-06-08,8151
2409,友達,17,0,17,台新-建北,2023-06-08,8151
1605,華新,23,7,16,台新-建北,2023-06-08,8151
1217,愛之味,140,0,140,台新-建北,2023-06-09,8151
2882,國泰金,123,21,102,台新-建北,2023-06-09,8151
2888,新光金,121,34,87,台新-建北,2023-06-09,8151
00715L,期街口布蘭特正2,71,2,69,台新-建北,2023-06-09,8151
3003,健和興,68,0,68,台新-建北,2023-06-09,8151
5425,台半,123,58,65,台新-建北,2023-06-09,8151
6461,益得,51,0,51,台新-建北,2023-06-09,8151
4971,IET-KY,50,0,50,台新-建北,2023-06-09,8151
8011,台通,50,0,50,台新-建北,2023-06-09,8151
6257,矽格,50,1,49,台新-建北,2023-06-09,8151
2312,金寶,51,4,47,台新-建北,2023-06-09,8151
00929,復華台灣科技優息,36,0,36,台新-建北,2023-06-09,8151
3516,亞帝歐,34,0,34,台新-建北,2023-06-09,8151
2425,承啟,37,5,32,台新-建北,2023-06-09,8151
6664,群翊,34,6,28,台新-建北,2023-06-09,8151
1815,富喬,45,20,25,台新-建北,2023-06-09,8151
6546,正基,25,0,25,台新-建北,2023-06-09,8151
2486,一詮,44,20,24,台新-建北,2023-06-09,8151
2887,台新金,26,2,24,台新-建北,2023-06-09,8151
2352,佳世達,48,25,23,台新-建北,2023-06-09,8151
2883,凱基金,25,3,22,台新-建北,2023-06-09,8151
3062,建漢,21,0,21,台新-建北,2023-06-09,8151
2610,華航,24,4,20,台新-建北,2023-06-09,8151
1268,漢來美食,19,0,19,台新-建北,2023-06-09,8151
2323,中環,38,21,17,台新-建北,2023-06-09,8151
2542,興富發,16,0,16,台新-建北,2023-06-09,8151
00927,群益半導體收益,16,0,16,台新-建北,2023-06-09,8151
1432,大魯閣,20,4,16,台新-建北,2023-06-09,8151
6446,藥華藥,18,3,15,台新-建北,2023-06-09,8151
3264,欣銓,15,0,15,台新-建北,2023-06-09,8151
6531,愛普*,18,3,15,台新-建北,2023-06-09,8151
1603,華電,18,3,15,台新-建北,2023-06-09,8151
2059,川湖,19,4,15,台新-建北,2023-06-09,8151
2618,長榮航,76,62,14,台新-建北,2023-06-09,8151
1210,大成,14,0,14,台新-建北,2023-06-09,8151
6161,捷波,13,0,13,台新-建北,2023-06-09,8151
1733,五鼎,13,0,13,台新-建北,2023-06-09,8151
00882,中信中國高股息,45,32,13,台新-建北,2023-06-09,8151
1447,力鵬,12,0,12,台新-建北,2023-06-09,8151
6185,幃翔,12,0,12,台新-建北,2023-06-09,8151
1529,樂事綠能,15,3,12,台新-建北,2023-06-09,8151
00712,復華富時不動產,14,2,12,台新-建北,2023-06-09,8151
2371,大同,18,6,12,台新-建北,2023-06-09,8151
1711,永光,12,0,12,台新-建北,2023-06-09,8151
1752,南光,16,5,11,台新-建北,2023-06-09,8151
2228,劍麟,11,0,11,台新-建北,2023-06-09,8151
2489,瑞軒,11,0,11,台新-建北,2023-06-09,8151
2399,映泰,69,58,11,台新-建北,2023-06-09,8151
6163,華電網,14,3,11,台新-建北,2023-06-09,8151
2419,仲琦,13,2,11,台新-建北,2023-06-09,8151
2317,鴻海,599,81,518,台新-建北,2023-06-12,8151
2618,長榮航,168,45,123,台新-建北,2023-06-12,8151
5425,台半,122,36,86,台新-建北,2023-06-12,8151
00715L,期街口布蘭特正2,79,0,79,台新-建北,2023-06-12,8151
00929,復華台灣科技優息,78,0,78,台新-建北,2023-06-12,8151
1513,中興電,77,6,71,台新-建北,2023-06-12,8151
2376,技嘉,219,156,63,台新-建北,2023-06-12,8151
5512,力麒,62,2,60,台新-建北,2023-06-12,8151
8034,榮群,137,82,55,台新-建北,2023-06-12,8151
00919,群益台灣精選高息,51,3,48,台新-建北,2023-06-12,8151
2457,飛宏,106,62,44,台新-建北,2023-06-12,8151
1609,大亞,87,43,44,台新-建北,2023-06-12,8151
2356,英業達,133,89,44,台新-建北,2023-06-12,8151
3707,漢磊,67,27,40,台新-建北,2023-06-12,8151
2442,新美齊,39,0,39,台新-建北,2023-06-12,8151
6282,康舒,68,29,39,台新-建北,2023-06-12,8151
2614,東森,40,1,39,台新-建北,2023-06-12,8151
3515,華擎,41,7,34,台新-建北,2023-06-12,8151
2538,基泰,30,0,30,台新-建北,2023-06-12,8151
2105,正新,31,1,30,台新-建北,2023-06-12,8151
2705,六福,49,19,30,台新-建北,2023-06-12,8151
1612,宏泰,35,6,29,台新-建北,2023-06-12,8151
2887,台新金,30,3,27,台新-建北,2023-06-12,8151
00712,復華富時不動產,32,10,22,台新-建北,2023-06-12,8151
1605,華新,34,13,21,台新-建北,2023-06-12,8151
2444,兆勁,20,0,20,台新-建北,2023-06-12,8151
5324,士開,25,5,20,台新-建北,2023-06-12,8151
2059,川湖,20,1,19,台新-建北,2023-06-12,8151
2388,威盛,50,31,19,台新-建北,2023-06-12,8151
4138,曜亞,19,0,19,台新-建北,2023-06-12,8151
6657,華安,18,0,18,台新-建北,2023-06-12,8151
2349,錸德,17,0,17,台新-建北,2023-06-12,8151
1815,富喬,27,10,17,台新-建北,2023-06-12,8151
1471,首利,16,0,16,台新-建北,2023-06-12,8151
2419,仲琦,16,0,16,台新-建北,2023-06-12,8151
2382,廣達,46,30,16,台新-建北,2023-06-12,8151
2504,國產,16,1,15,台新-建北,2023-06-12,8151
2324,仁寶,17,2,15,台新-建北,2023-06-12,8151
1416,廣豐,15,0,15,台新-建北,2023-06-12,8151
6169,昱泉,14,0,14,台新-建北,2023-06-12,8151
6274,台燿,15,2,13,台新-建北,2023-06-12,8151
3264,欣銓,15,2,13,台新-建北,2023-06-12,8151
0056,元大高股息,26,13,13,台新-建北,2023-06-12,8151
00687B,國泰20年美債,12,0,12,台新-建北,2023-06-12,8151
3325,旭品,14,2,12,台新-建北,2023-06-12,8151
2606,裕民,12,0,12,台新-建北,2023-06-12,8151
6531,愛普*,19,7,12,台新-建北,2023-06-12,8151
00751B,元大AAA至A公司債,12,0,12,台新-建北,2023-06-12,8151
4554,橙的,12,0,12,台新-建北,2023-06-12,8151
5206,坤悅,12,0,12,台新-建北,2023-06-12,8151
00715L,期街口布蘭特正2,205,7,198,台新-建北,2023-06-13,8151
6125,廣運,212,32,180,台新-建北,2023-06-13,8151
2105,正新,160,0,160,台新-建北,2023-06-13,8151
2356,英業達,269,145,124,台新-建北,2023-06-13,8151
3652,精聯,91,1,90,台新-建北,2023-06-13,8151
2382,廣達,141,57,84,台新-建北,2023-06-13,8151
3260,威剛,79,15,64,台新-建北,2023-06-13,8151
2201,裕隆,67,3,64,台新-建北,2023-06-13,8151
3046,建��,78,15,63,台新-建北,2023-06-13,8151
3707,漢磊,60,4,56,台新-建北,2023-06-13,8151
6016,康和證,55,0,55,台新-建北,2023-06-13,8151
5706,鳳凰,88,34,54,台新-建北,2023-06-13,8151
00919,群益台灣精選高息,58,7,51,台新-建北,2023-06-13,8151
3169,亞信,50,0,50,台新-建北,2023-06-13,8151
00632R,元大台灣50反1,56,15,41,台新-建北,2023-06-13,8151
4533,協易機,122,82,40,台新-建北,2023-06-13,8151
2323,中環,86,48,38,台新-建北,2023-06-13,8151
2351,順德,37,0,37,台新-建北,2023-06-13,8151
00642U,期元大S＆P石油,35,0,35,台新-建北,2023-06-13,8151
4123,晟德,35,0,35,台新-建北,2023-06-13,8151
3504,揚明光,30,0,30,台新-建北,2023-06-13,8151
3515,華擎,61,31,30,台新-建北,2023-06-13,8151
00895,富邦未來車,30,4,26,台新-建北,2023-06-13,8151
2349,錸德,26,0,26,台新-建北,2023-06-13,8151
1806,冠軍,187,162,25,台新-建北,2023-06-13,8151
3178,公準,50,25,25,台新-建北,2023-06-13,8151
5871,中租-KY,24,0,24,台新-建北,2023-06-13,8151
6179,亞通,24,0,24,台新-建北,2023-06-13,8151
00878,國泰永續高股息,73,50,23,台新-建北,2023-06-13,8151
3055,蔚華科,36,13,23,台新-建北,2023-06-13,8151
2352,佳世達,30,7,23,台新-建北,2023-06-13,8151
2392,正崴,22,0,22,台新-建北,2023-06-13,8151
3035,智原,33,13,20,台新-建北,2023-06-13,8151
00637L,元大滬深300正2,20,0,20,台新-建北,2023-06-13,8151
00761B,國泰A級公司債,20,0,20,台新-建北,2023-06-13,8151
2423,固緯,20,0,20,台新-建北,2023-06-13,8151
6672,騰輝電子-KY,19,0,19,台新-建北,2023-06-13,8151
8201,無敵,19,0,19,台新-建北,2023-06-13,8151
1605,華新,125,106,19,台新-建北,2023-06-13,8151
2543,皇昌,19,0,19,台新-建北,2023-06-13,8151
2614,東森,20,1,19,台新-建北,2023-06-13,8151
3078,僑威,124,105,19,台新-建北,2023-06-13,8151
1609,大亞,59,41,18,台新-建北,2023-06-13,8151
00929,復華台灣科技優息,65,48,17,台新-建北,2023-06-13,8151
6477,安集,20,4,16,台新-建北,2023-06-13,8151
00670L,富邦NASDAQ正2,20,5,15,台新-建北,2023-06-13,8151
4934,太極,15,0,15,台新-建北,2023-06-13,8151
5324,士開,20,5,15,台新-建北,2023-06-13,8151
2630,亞航,34,19,15,台新-建北,2023-06-13,8151
2885,元大金,15,1,14,台新-建北,2023-06-13,8151
00632R,元大台灣50反1,342,18,324,台新-建北,2023-06-14,8151
1609,大亞,250,22,228,台新-建北,2023-06-14,8151
3217,優群,137,5,132,台新-建北,2023-06-14,8151
2382,廣達,224,129,95,台新-建北,2023-06-14,8151
00919,群益台灣精選高息,94,1,93,台新-建北,2023-06-14,8151
6274,台燿,68,16,52,台新-建北,2023-06-14,8151
1522,堤維西,135,92,43,台新-建北,2023-06-14,8151
1806,冠軍,197,155,42,台新-建北,2023-06-14,8151
2301,光寶科,44,4,40,台新-建北,2023-06-14,8151
00712,復華富時不動產,58,20,38,台新-建北,2023-06-14,8151
6164,華興,32,0,32,台新-建北,2023-06-14,8151
5009,榮剛,34,3,31,台新-建北,2023-06-14,8151
00706L,期元大S＆P日圓正2,30,0,30,台新-建北,2023-06-14,8151
1608,華榮,30,0,30,台新-建北,2023-06-14,8151
00885,富邦越南,31,2,29,台新-建北,2023-06-14,8151
2347,聯強,26,0,26,台新-建北,2023-06-14,8151
2405,輔信,34,10,24,台新-建北,2023-06-14,8151
6282,康舒,33,9,24,台新-建北,2023-06-14,8151
00679B,元大美債20年,23,0,23,台新-建北,2023-06-14,8151
2883,凱基金,23,0,23,台新-建北,2023-06-14,8151
2731,雄獅,32,10,22,台新-建北,2023-06-14,8151
2722,夏都,30,8,22,台新-建北,2023-06-14,8151
00725B,國泰投資級公司債,21,0,21,台新-建北,2023-06-14,8151
3025,星通,26,5,21,台新-建北,2023-06-14,8151
8926,台汽電,25,4,21,台新-建北,2023-06-14,8151
2324,仁寶,20,0,20,台新-建北,2023-06-14,8151
2887E,台新戊特,20,0,20,台新-建北,2023-06-14,8151
3051,力特,20,0,20,台新-建北,2023-06-14,8151
2601,益航,20,0,20,台新-建北,2023-06-14,8151
3707,漢磊,33,14,19,台新-建北,2023-06-14,8151
2888,新光金,19,0,19,台新-建北,2023-06-14,8151
3078,僑威,50,31,19,台新-建北,2023-06-14,8151
1503,士電,20,3,17,台新-建北,2023-06-14,8151
1326,台化,17,0,17,台新-建北,2023-06-14,8151
2498,宏達電,17,1,16,台新-建北,2023-06-14,8151
00751B,元大AAA至A公司債,16,0,16,台新-建北,2023-06-14,8151
2449,京元電子,32,16,16,台新-建北,2023-06-14,8151
00673R,期元大S＆P原油反1,15,0,15,台新-建北,2023-06-14,8151
5340,建榮,13,0,13,台新-建北,2023-06-14,8151
0050,元大台灣50,15,2,13,台新-建北,2023-06-14,8151
2845,遠東銀,13,0,13,台新-建北,2023-06-14,8151
2461,光群雷,12,0,12,台新-建北,2023-06-14,8151
2885,元大金,14,2,12,台新-建北,2023-06-14,8151
8201,無敵,12,0,12,台新-建北,2023-06-14,8151
00680L,元大美債20正2,27,15,12,台新-建北,2023-06-14,8151
00688L,國泰20年美債正2,12,0,12,台新-建北,2023-06-14,8151
6165,浪凡,15,3,12,台新-建北,2023-06-14,8151
3673,TPK-KY,12,1,11,台新-建北,2023-06-14,8151
6288,聯嘉,37,26,11,台新-建北,2023-06-14,8151
1752,南光,21,10,11,台新-建北,2023-06-14,8151
2303,聯電,2576,49,2527,台新-建北,2023-06-15,8151
2382,廣達,462,67,395,台新-建北,2023-06-15,8151
3231,緯創,610,309,301,台新-建北,2023-06-15,8151
1504,東元,285,21,264,台新-建北,2023-06-15,8151
1802,台玻,279,45,234,台新-建北,2023-06-15,8151
2371,大同,267,41,226,台新-建北,2023-06-15,8151
2105,正新,125,2,123,台新-建北,2023-06-15,8151
2618,長榮航,718,604,114,台新-建北,2023-06-15,8151
00919,群益台灣精選高息,111,6,105,台新-建北,2023-06-15,8151
8049,晶采,100,0,100,台新-建北,2023-06-15,8151
00712,復華富時不動產,96,0,96,台新-建北,2023-06-15,8151
00715L,期街口布蘭特正2,82,2,80,台新-建北,2023-06-15,8151
2356,英業達,340,263,77,台新-建北,2023-06-15,8151
2330,台積電,66,5,61,台新-建北,2023-06-15,8151
2542,興富發,50,0,50,台新-建北,2023-06-15,8151
2329,華泰,60,12,48,台新-建北,2023-06-15,8151
00751B,元大AAA至A公司債,43,0,43,台新-建北,2023-06-15,8151
3706,神達,97,63,34,台新-建北,2023-06-15,8151
2368,金像電,48,18,30,台新-建北,2023-06-15,8151
1540,喬福,35,5,30,台新-建北,2023-06-15,8151
00673R,期元大S＆P原油反1,30,0,30,台新-建北,2023-06-15,8151
2881,富邦金,31,1,30,台新-建北,2023-06-15,8151
2453,凌群,64,35,29,台新-建北,2023-06-15,8151
3035,智原,50,22,28,台新-建北,2023-06-15,8151
4503,金雨,27,0,27,台新-建北,2023-06-15,8151
4916,事欣科,50,25,25,台新-建北,2023-06-15,8151
2630,亞航,24,0,24,台新-建北,2023-06-15,8151
1904,正隆,23,0,23,台新-建北,2023-06-15,8151
6274,台燿,36,16,20,台新-建北,2023-06-15,8151
00725B,國泰投資級公司債,20,0,20,台新-建北,2023-06-15,8151
3483,力致,29,9,20,台新-建北,2023-06-15,8151
2887E,台新戊特,20,0,20,台新-建北,2023-06-15,8151
1603,華電,23,3,20,台新-建北,2023-06-15,8151
00895,富邦未來車,20,1,19,台新-建北,2023-06-15,8151
3013,晟銘電,59,41,18,台新-建北,2023-06-15,8151
8076,伍豐,83,65,18,台新-建北,2023-06-15,8151
2457,飛宏,51,35,16,台新-建北,2023-06-15,8151
1609,大亞,31,15,16,台新-建北,2023-06-15,8151
4967,十銓,19,3,16,台新-建北,2023-06-15,8151
2436,偉詮電,16,0,16,台新-建北,2023-06-15,8151
3682,亞太電,15,0,15,台新-建北,2023-06-15,8151
5324,士開,20,5,15,台新-建北,2023-06-15,8151
6122,擎邦,17,3,14,台新-建北,2023-06-15,8151
00893,國泰智能電動車,22,9,13,台新-建北,2023-06-15,8151
00882,中信中國高股息,14,1,13,台新-建北,2023-06-15,8151
6770,力積電,32,19,13,台新-建北,2023-06-15,8151
00632R,元大台灣50反1,13,0,13,台新-建北,2023-06-15,8151
2352,佳世達,20,7,13,台新-建北,2023-06-15,8151
3498,陽程,20,7,13,台新-建北,2023-06-15,8151
00642U,期元大S＆P石油,13,0,13,台新-建北,2023-06-15,8151
2356,英業達,444,126,318,台新-建北,2023-06-16,8151
3231,緯創,722,521,201,台新-建北,2023-06-16,8151
2489,瑞軒,201,1,200,台新-建北,2023-06-16,8151
1802,台玻,103,0,103,台新-建北,2023-06-16,8151
2105,正新,101,6,95,台新-建北,2023-06-16,8151
2382,廣達,124,33,91,台新-建北,2023-06-16,8151
1504,東元,141,56,85,台新-建北,2023-06-16,8151
3706,神達,218,153,65,台新-建北,2023-06-16,8151
2867,三商壽,64,0,64,台新-建北,2023-06-16,8151
00679B,元大美債20年,60,5,55,台新-建北,2023-06-16,8151
2409,友達,63,10,53,台新-建北,2023-06-16,8151
00676R,富邦臺灣加權反1,50,0,50,台新-建北,2023-06-16,8151
2329,華泰,47,0,47,台新-建北,2023-06-16,8151
00687B,國泰20年美債,46,2,44,台新-建北,2023-06-16,8151
2883,凱基金,52,11,41,台新-建北,2023-06-16,8151
8088,品安,43,3,40,台新-建北,2023-06-16,8151
3006,晶豪科,59,20,39,台新-建北,2023-06-16,8151
3702,大聯大,40,2,38,台新-建北,2023-06-16,8151
6186,新潤,38,0,38,台新-建北,2023-06-16,8151
1605,華新,65,28,37,台新-建北,2023-06-16,8151
2888,新光金,41,4,37,台新-建北,2023-06-16,8151
00637L,元大滬深300正2,45,8,37,台新-建北,2023-06-16,8151
3264,欣銓,39,4,35,台新-建北,2023-06-16,8151
2206,三陽工業,106,71,35,台新-建北,2023-06-16,8151
8271,宇瞻,33,0,33,台新-建北,2023-06-16,8151
8277,商丞,33,0,33,台新-建北,2023-06-16,8151
2353,宏��,79,48,31,台新-建北,2023-06-16,8151
4572,駐龍,34,3,31,台新-建北,2023-06-16,8151
6282,康舒,65,34,31,台新-建北,2023-06-16,8151
3260,威剛,49,19,30,台新-建北,2023-06-16,8151
2371,大同,312,282,30,台新-建北,2023-06-16,8151
00664R,國泰臺灣加權反1,30,0,30,台新-建北,2023-06-16,8151
1101,台泥,32,2,30,台新-建北,2023-06-16,8151
2468,華經,46,17,29,台新-建北,2023-06-16,8151
1810,和成,44,15,29,台新-建北,2023-06-16,8151
00631L,元大台灣50正2,29,0,29,台新-建北,2023-06-16,8151
5324,士開,27,0,27,台新-建北,2023-06-16,8151
2542,興富發,28,1,27,台新-建北,2023-06-16,8151
00710B,復華彭博非投等債,26,0,26,台新-建北,2023-06-16,8151
3551,世禾,25,0,25,台新-建北,2023-06-16,8151
1432,大魯閣,25,0,25,台新-建北,2023-06-16,8151
4526,東台,38,15,23,台新-建北,2023-06-16,8151
3035,智原,43,20,23,台新-建北,2023-06-16,8151
2301,光寶科,224,202,22,台新-建北,2023-06-16,8151
2204,中華,21,0,21,台新-建北,2023-06-16,8151
3594,磐儀,21,0,21,台新-建北,2023-06-16,8151
8210,勤誠,26,5,21,台新-建北,2023-06-16,8151
00720B,元大投資級公司債,22,1,21,台新-建北,2023-06-16,8151
2834,臺企銀,21,0,21,台新-建北,2023-06-16,8151
6485,點序,24,4,20,台新-建北,2023-06-16,8151
2382,廣達,256,44,212,台新-建北,2023-06-19,8151
3231,緯創,479,336,143,台新-建北,2023-06-19,8151
1609,大亞,177,39,138,台新-建北,2023-06-19,8151
6116,彩晶,224,114,110,台新-建北,2023-06-19,8151
3017,奇鋐,170,66,104,台新-建北,2023-06-19,8151
2618,長榮航,193,111,82,台新-建北,2023-06-19,8151
2421,建準,248,183,65,台新-建北,2023-06-19,8151
2104,國際中橡,91,33,58,台新-建北,2023-06-19,8151
8046,南電,52,2,50,台新-建北,2023-06-19,8151
00665L,富邦�琤肭磪囓�2,49,0,49,台新-建北,2023-06-19,8151
00673R,期元大S＆P原油反1,47,0,47,台新-建北,2023-06-19,8151
2388,威盛,55,10,45,台新-建北,2023-06-19,8151
00919,群益台灣精選高息,45,1,44,台新-建北,2023-06-19,8151
1504,東元,59,19,40,台新-建北,2023-06-19,8151
2312,金寶,70,31,39,台新-建北,2023-06-19,8151
2425,承啟,38,0,38,台新-建北,2023-06-19,8151
3706,神達,71,35,36,台新-建北,2023-06-19,8151
6244,茂迪,34,0,34,台新-建北,2023-06-19,8151
2887,台新金,32,2,30,台新-建北,2023-06-19,8151
00664R,國泰臺灣加權反1,30,0,30,台新-建北,2023-06-19,8151
4744,皇將,32,2,30,台新-建北,2023-06-19,8151
00637L,元大滬深300正2,31,2,29,台新-建北,2023-06-19,8151
2497,怡利電,28,0,28,台新-建北,2023-06-19,8151
8105,凌巨,26,0,26,台新-建北,2023-06-19,8151
00687B,國泰20年美債,31,5,26,台新-建北,2023-06-19,8151
1907,永豐餘,35,10,25,台新-建北,2023-06-19,8151
0056,元大高股息,32,7,25,台新-建北,2023-06-19,8151
00679B,元大美債20年,24,0,24,台新-建北,2023-06-19,8151
3715,定穎投控,32,8,24,台新-建北,2023-06-19,8151
6217,中探針,23,1,22,台新-建北,2023-06-19,8151
2702,華園,26,4,22,台新-建北,2023-06-19,8151
00706L,期元大S＆P日圓正2,24,3,21,台新-建北,2023-06-19,8151
3013,晟銘電,28,8,20,台新-建北,2023-06-19,8151
1612,宏泰,20,0,20,台新-建北,2023-06-19,8151
1605,華新,30,10,20,台新-建北,2023-06-19,8151
00661,元大日經225,20,0,20,台新-建北,2023-06-19,8151
2851,中再保,20,0,20,台新-建北,2023-06-19,8151
3011,今皓,21,2,19,台新-建北,2023-06-19,8151
2888,新光金,29,10,19,台新-建北,2023-06-19,8151
3551,世禾,18,0,18,台新-建北,2023-06-19,8151
4967,十銓,68,50,18,台新-建北,2023-06-19,8151
3037,欣興,20,3,17,台新-建北,2023-06-19,8151
3217,優群,29,12,17,台新-建北,2023-06-19,8151
2014,中鴻,16,0,16,台新-建北,2023-06-19,8151
2362,藍天,39,23,16,台新-建北,2023-06-19,8151
4541,晟田,47,31,16,台新-建北,2023-06-19,8151
2301,光寶科,24,9,15,台新-建北,2023-06-19,8151
5426,振發,15,0,15,台新-建北,2023-06-19,8151
6148,驊宏資,77,62,15,台新-建北,2023-06-19,8151
9907,統一實,15,0,15,台新-建北,2023-06-19,8151
00712,復華富時不動產,230,0,230,台新-建北,2023-06-20,8151
2427,三商電,399,199,200,台新-建北,2023-06-20,8151
4904,遠傳,137,0,137,台新-建北,2023-06-20,8151
2371,大同,278,201,77,台新-建北,2023-06-20,8151
0056,元大高股息,83,11,72,台新-建北,2023-06-20,8151
2382,廣達,93,24,69,台新-建北,2023-06-20,8151
2408,南亞科,76,10,66,台新-建北,2023-06-20,8151
2867,三商壽,60,2,58,台新-建北,2023-06-20,8151
2337,旺宏,57,0,57,台新-建北,2023-06-20,8151
00632R,元大台灣50反1,57,2,55,台新-建北,2023-06-20,8151
00720B,元大投資級公司債,52,0,52,台新-建北,2023-06-20,8151
4979,華星光,146,97,49,台新-建北,2023-06-20,8151
00878,國泰永續高股息,109,62,47,台新-建北,2023-06-20,8151
00687B,國泰20年美債,44,3,41,台新-建北,2023-06-20,8151
2834,臺企銀,40,0,40,台新-建北,2023-06-20,8151
4207,環泰,38,0,38,台新-建北,2023-06-20,8151
2888,新光金,42,6,36,台新-建北,2023-06-20,8151
2356,英業達,89,54,35,台新-建北,2023-06-20,8151
2104,國際中橡,44,12,32,台新-建北,2023-06-20,8151
8114,振樺電,32,0,32,台新-建北,2023-06-20,8151
2323,中環,110,78,32,台新-建北,2023-06-20,8151
00929,復華台灣科技優息,31,0,31,台新-建北,2023-06-20,8151
1471,首利,33,2,31,台新-建北,2023-06-20,8151
00664R,國泰臺灣加權反1,30,0,30,台新-建北,2023-06-20,8151
00665L,富邦�琤肭磪囓�2,68,41,27,台新-建北,2023-06-20,8151
2409,友達,77,50,27,台新-建北,2023-06-20,8151
3551,世禾,27,0,27,台新-建北,2023-06-20,8151
6015,宏遠證,27,0,27,台新-建北,2023-06-20,8151
6443,元晶,54,28,26,台新-建北,2023-06-20,8151
8046,南電,26,0,26,台新-建北,2023-06-20,8151
1605,華新,68,43,25,台新-建北,2023-06-20,8151
5519,隆大,25,0,25,台新-建北,2023-06-20,8151
00862B,中信投資級公司債,25,2,23,台新-建北,2023-06-20,8151
8926,台汽電,25,2,23,台新-建北,2023-06-20,8151
3025,星通,33,11,22,台新-建北,2023-06-20,8151
2515,中工,21,0,21,台新-建北,2023-06-20,8151
00679B,元大美債20年,20,0,20,台新-建北,2023-06-20,8151
8069,元太,35,15,20,台新-建北,2023-06-20,8151
3625,西勝,20,0,20,台新-建北,2023-06-20,8151
00706L,期元大S＆P日圓正2,22,2,20,台新-建北,2023-06-20,8151
3207,耀勝,41,21,20,台新-建北,2023-06-20,8151
2504,國產,19,0,19,台新-建北,2023-06-20,8151
3615,安可,19,0,19,台新-建北,2023-06-20,8151
1609,大亞,23,5,18,台新-建北,2023-06-20,8151
1477,聚陽,21,4,17,台新-建北,2023-06-20,8151
3264,欣銓,35,18,17,台新-建北,2023-06-20,8151
2022,聚亨,20,3,17,台新-建北,2023-06-20,8151
2634,漢翔,123,107,16,台新-建北,2023-06-20,8151
3481,群創,100,84,16,台新-建北,2023-06-20,8151
4155,訊映,15,0,15,台新-建北,2023-06-20,8151
00715L,期街口布蘭特正2,410,50,360,台新-建北,2023-06-21,8151
00878,國泰永續高股息,411,80,331,台新-建北,2023-06-21,8151
1907,永豐餘,271,150,121,台新-建北,2023-06-21,8151
2323,中環,219,142,77,台新-建北,2023-06-21,8151
3013,晟銘電,90,19,71,台新-建北,2023-06-21,8151
3515,華擎,97,26,71,台新-建北,2023-06-21,8151
2317,鴻海,78,14,64,台新-建北,2023-06-21,8151
1609,大亞,78,29,49,台新-建北,2023-06-21,8151
2706,第一店,231,191,40,台新-建北,2023-06-21,8151
4967,十銓,103,63,40,台新-建北,2023-06-21,8151
4916,事欣科,140,103,37,台新-建北,2023-06-21,8151
2609,陽明,39,3,36,台新-建北,2023-06-21,8151
2736,富野,112,77,35,台新-建北,2023-06-21,8151
00753L,中信中國50正2,33,0,33,台新-建北,2023-06-21,8151
3011,今皓,33,1,32,台新-建北,2023-06-21,8151
2388,威盛,34,2,32,台新-建北,2023-06-21,8151
2486,一詮,41,10,31,台新-建北,2023-06-21,8151
00664R,國泰臺灣加權反1,30,0,30,台新-建北,2023-06-21,8151
2603,長榮,43,13,30,台新-建北,2023-06-21,8151
2405,輔信,46,17,29,台新-建北,2023-06-21,8151
3706,神達,61,34,27,台新-建北,2023-06-21,8151
00919,群益台灣精選高息,28,3,25,台新-建北,2023-06-21,8151
1337,再生-KY,37,13,24,台新-建北,2023-06-21,8151
00882,中信中國高股息,24,0,24,台新-建北,2023-06-21,8151
3017,奇鋐,28,5,23,台新-建北,2023-06-21,8151
2420,新巨,20,0,20,台新-建北,2023-06-21,8151
6165,浪凡,20,0,20,台新-建北,2023-06-21,8151
01003T,兆豐新光R1,20,0,20,台新-建北,2023-06-21,8151
2409,友達,71,51,20,台新-建北,2023-06-21,8151
2201,裕隆,27,10,17,台新-建北,2023-06-21,8151
2705,六福,124,107,17,台新-建北,2023-06-21,8151
00665L,富邦�琤肭磪囓�2,53,36,17,台新-建北,2023-06-21,8151
2610,華航,98,82,16,台新-建北,2023-06-21,8151
8046,南電,16,0,16,台新-建北,2023-06-21,8151
8210,勤誠,39,23,16,台新-建北,2023-06-21,8151
3228,金麗科,15,0,15,台新-建北,2023-06-21,8151
3056,富華新,16,1,15,台新-建北,2023-06-21,8151
1713,國化,15,0,15,台新-建北,2023-06-21,8151
00673R,期元大S＆P原油反1,15,0,15,台新-建北,2023-06-21,8151
4979,華星光,60,46,14,台新-建北,2023-06-21,8151
5425,台半,31,17,14,台新-建北,2023-06-21,8151
3325,旭品,59,46,13,台新-建北,2023-06-21,8151
8076,伍豐,18,5,13,台新-建北,2023-06-21,8151
1605,華新,18,6,12,台新-建北,2023-06-21,8151
00929,復華台灣科技優息,12,0,12,台新-建北,2023-06-21,8151
3551,世禾,12,0,12,台新-建北,2023-06-21,8151
8044,網家,12,0,12,台新-建北,2023-06-21,8151
1904,正隆,12,0,12,台新-建北,2023-06-21,8151
1612,宏泰,11,0,11,台新-建北,2023-06-21,8151
2504,國產,11,0,11,台新-建北,2023-06-21,8151
1907,永豐餘,756,174,582,台新-建北,2023-06-26,8151
2618,長榮航,464,129,335,台新-建北,2023-06-26,8151
2382,廣達,214,10,204,台新-建北,2023-06-26,8151
2489,瑞軒,100,0,100,台新-建北,2023-06-26,8151
2457,飛宏,108,17,91,台新-建北,2023-06-26,8151
2301,光寶科,59,7,52,台新-建北,2023-06-26,8151
8112,至上,51,0,51,台新-建北,2023-06-26,8151
2105,正新,50,0,50,台新-建北,2023-06-26,8151
6265,方土昶,58,10,48,台新-建北,2023-06-26,8151
1905,華紙,86,39,47,台新-建北,2023-06-26,8151
00715L,期街口布蘭特正2,43,0,43,台新-建北,2023-06-26,8151
3231,緯創,320,278,42,台新-建北,2023-06-26,8151
00878,國泰永續高股息,58,17,41,台新-建北,2023-06-26,8151
1711,永光,47,10,37,台新-建北,2023-06-26,8151
1616,億泰,36,0,36,台新-建北,2023-06-26,8151
00712,復華富時不動產,41,5,36,台新-建北,2023-06-26,8151
2610,華航,74,41,33,台新-建北,2023-06-26,8151
2495,普安,42,10,32,台新-建北,2023-06-26,8151
2883,凱基金,32,0,32,台新-建北,2023-06-26,8151
5425,台半,33,1,32,台新-建北,2023-06-26,8151
5465,富驊,53,24,29,台新-建北,2023-06-26,8151
3706,神達,76,47,29,台新-建北,2023-06-26,8151
5347,世界,25,0,25,台新-建北,2023-06-26,8151
2748,雲品,55,32,23,台新-建北,2023-06-26,8151
1471,首利,25,3,22,台新-建北,2023-06-26,8151
00706L,期元大S＆P日圓正2,21,0,21,台新-建北,2023-06-26,8151
6285,啟��,20,0,20,台新-建北,2023-06-26,8151
3515,華擎,27,7,20,台新-建北,2023-06-26,8151
00637L,元大滬深300正2,25,6,19,台新-建北,2023-06-26,8151
1710,東聯,20,1,19,台新-建北,2023-06-26,8151
00710B,復華彭博非投等債,17,0,17,台新-建北,2023-06-26,8151
0056,元大高股息,23,6,17,台新-建北,2023-06-26,8151
1605,華新,24,7,17,台新-建北,2023-06-26,8151
4934,太極,17,1,16,台新-建北,2023-06-26,8151
00642U,期元大S＆P石油,16,0,16,台新-建北,2023-06-26,8151
2201,裕隆,15,0,15,台新-建北,2023-06-26,8151
00862B,中信投資級公司債,15,0,15,台新-建北,2023-06-26,8151
3049,精金,15,1,14,台新-建北,2023-06-26,8151
2722,夏都,16,2,14,台新-建北,2023-06-26,8151
8936,國統,24,11,13,台新-建北,2023-06-26,8151
2736,富野,50,37,13,台新-建北,2023-06-26,8151
1785,光洋科,13,0,13,台新-建北,2023-06-26,8151
2303,聯電,12,0,12,台新-建北,2023-06-26,8151
3078,僑威,16,4,12,台新-建北,2023-06-26,8151
8201,無敵,12,0,12,台新-建北,2023-06-26,8151
2498,宏達電,13,2,11,台新-建北,2023-06-26,8151
3715,定穎投控,11,0,11,台新-建北,2023-06-26,8151
3032,偉訓,32,21,11,台新-建北,2023-06-26,8151
00665L,富邦�琤肭磪囓�2,21,10,11,台新-建北,2023-06-26,8151
3264,欣銓,23,12,11,台新-建北,2023-06-26,8151
2303,聯電,1088,449,639,台新-建北,2023-06-27,8151
2618,長榮航,332,186,146,台新-建北,2023-06-27,8151
2105,正新,137,2,135,台新-建北,2023-06-27,8151
1907,永豐餘,209,96,113,台新-建北,2023-06-27,8151
1471,首利,144,40,104,台新-建北,2023-06-27,8151
2382,廣達,114,42,72,台新-建北,2023-06-27,8151
2323,中環,128,63,65,台新-建北,2023-06-27,8151
00712,復華富時不動產,50,5,45,台新-建北,2023-06-27,8151
2409,友達,40,2,38,台新-建北,2023-06-27,8151
8936,國統,39,6,33,台新-建北,2023-06-27,8151
2885,元大金,32,1,31,台新-建北,2023-06-27,8151
4164,承業醫,29,1,28,台新-建北,2023-06-27,8151
4916,事欣科,31,4,27,台新-建北,2023-06-27,8151
00706L,期元大S＆P日圓正2,27,0,27,台新-建北,2023-06-27,8151
1513,中興電,64,39,25,台新-建北,2023-06-27,8151
2610,華航,146,122,24,台新-建北,2023-06-27,8151
6546,正基,21,0,21,台新-建北,2023-06-27,8151
3339,泰谷,20,0,20,台新-建北,2023-06-27,8151
3483,力致,30,10,20,台新-建北,2023-06-27,8151
2302,麗正,20,0,20,台新-建北,2023-06-27,8151
3661,世芯-KY,21,1,20,台新-建北,2023-06-27,8151
2201,裕隆,25,6,19,台新-建北,2023-06-27,8151
1514,亞力,101,83,18,台新-建北,2023-06-27,8151
4934,太極,19,1,18,台新-建北,2023-06-27,8151
1301,台塑,17,0,17,台新-建北,2023-06-27,8151
3356,奇偶,55,39,16,台新-建北,2023-06-27,8151
5465,富驊,16,0,16,台新-建北,2023-06-27,8151
5324,士開,16,0,16,台新-建北,2023-06-27,8151
00687B,國泰20年美債,15,0,15,台新-建北,2023-06-27,8151
00642U,期元大S＆P石油,13,0,13,台新-建北,2023-06-27,8151
3687,歐買尬,81,68,13,台新-建北,2023-06-27,8151
4175,杏一,13,0,13,台新-建北,2023-06-27,8151
3380,明泰,13,1,12,台新-建北,2023-06-27,8151
4768,晶呈科技,13,1,12,台新-建北,2023-06-27,8151
2368,金像電,15,3,12,台新-建北,2023-06-27,8151
00713,元大台灣高息低波,16,5,11,台新-建北,2023-06-27,8151
6276,安鈦克,14,3,11,台新-建北,2023-06-27,8151
00725B,國泰投資級公司債,11,0,11,台新-建北,2023-06-27,8151
8076,伍豐,13,2,11,台新-建北,2023-06-27,8151
9943,好樂迪,16,5,11,台新-建北,2023-06-27,8151
1609,大亞,30,20,10,台新-建北,2023-06-27,8151
8112,至上,10,0,10,台新-建北,2023-06-27,8151
00882,中信中國高股息,10,0,10,台新-建北,2023-06-27,8151
4564,元翎,12,2,10,台新-建北,2023-06-27,8151
3163,波若威,10,0,10,台新-建北,2023-06-27,8151
2228,劍麟,10,0,10,台新-建北,2023-06-27,8151
6179,亞通,18,8,10,台新-建北,2023-06-27,8151
2736,富野,15,5,10,台新-建北,2023-06-27,8151
020030,統一智慧電動車N,10,0,10,台新-建北,2023-06-27,8151
8072,陞泰,10,0,10,台新-建北,2023-06-27,8151
1609,大亞,292,11,281,台新-建北,2023-06-28,8151
2201,裕隆,241,92,149,台新-建北,2023-06-28,8151
00715L,期街口布蘭特正2,121,2,119,台新-建北,2023-06-28,8151
1605,華新,105,14,91,台新-建北,2023-06-28,8151
2323,中環,106,21,85,台新-建北,2023-06-28,8151
2368,金像電,106,25,81,台新-建北,2023-06-28,8151
4916,事欣科,81,28,53,台新-建北,2023-06-28,8151
4121,優盛,102,49,53,台新-建北,2023-06-28,8151
1783,和康生,54,3,51,台新-建北,2023-06-28,8151
4744,皇將,50,0,50,台新-建北,2023-06-28,8151
00648R,元大S＆P500反1,50,0,50,台新-建北,2023-06-28,8151
3037,欣興,44,6,38,台新-建北,2023-06-28,8151
1444,力麗,40,5,35,台新-建北,2023-06-28,8151
4533,協易機,34,0,34,台新-建北,2023-06-28,8151
2610,華航,102,71,31,台新-建北,2023-06-28,8151
2890,永豐金,30,0,30,台新-建北,2023-06-28,8151
8049,晶采,30,0,30,台新-建北,2023-06-28,8151
8936,國統,33,4,29,台新-建北,2023-06-28,8151
00706L,期元大S＆P日圓正2,27,0,27,台新-建北,2023-06-28,8151
6274,台燿,27,4,23,台新-建北,2023-06-28,8151
2409,友達,22,0,22,台新-建北,2023-06-28,8151
2303,聯電,29,7,22,台新-建北,2023-06-28,8151
3454,晶睿,22,1,21,台新-建北,2023-06-28,8151
2618,長榮航,73,52,21,台新-建北,2023-06-28,8151
2376,技嘉,25,5,20,台新-建北,2023-06-28,8151
00688L,國泰20年美債正2,20,0,20,台新-建北,2023-06-28,8151
1471,首利,26,7,19,台新-建北,2023-06-28,8151
3163,波若威,45,28,17,台新-建北,2023-06-28,8151
00885,富邦越南,17,0,17,台新-建北,2023-06-28,8151
4155,訊映,21,4,17,台新-建北,2023-06-28,8151
8299,群聯,17,1,16,台新-建北,2023-06-28,8151
00642U,期元大S＆P石油,15,0,15,台新-建北,2023-06-28,8151
9945,潤泰新,16,1,15,台新-建北,2023-06-28,8151
6116,彩晶,16,1,15,台新-建北,2023-06-28,8151
1460,宏遠,20,5,15,台新-建北,2023-06-28,8151
5324,士開,14,0,14,台新-建北,2023-06-28,8151
2888,新光金,14,0,14,台新-建北,2023-06-28,8151
2066,世德,13,0,13,台新-建北,2023-06-28,8151
6125,廣運,14,2,12,台新-建北,2023-06-28,8151
3617,碩天,14,2,12,台新-建北,2023-06-28,8151
8046,南電,12,1,11,台新-建北,2023-06-28,8151
00679B,元大美債20年,11,0,11,台新-建北,2023-06-28,8151
4147,中裕,11,0,11,台新-建北,2023-06-28,8151
2359,所羅門,11,0,11,台新-建北,2023-06-28,8151
6470,宇智,16,5,11,台新-建北,2023-06-28,8151
00881,國泰台灣5G+,20,9,11,台新-建北,2023-06-28,8151
4976,佳凌,11,0,11,台新-建北,2023-06-28,8151
3363,上詮,19,8,11,台新-建北,2023-06-28,8151
3083,網龍,21,10,11,台新-建北,2023-06-28,8151
5289,宜鼎,11,0,11,台新-建北,2023-06-28,8151
2371,大同,414,28,386,台新-建北,2023-06-29,8151
00657,國泰日經225,99,0,99,台新-建北,2023-06-29,8151
00632R,元大台灣50反1,117,36,81,台新-建北,2023-06-29,8151
3454,晶睿,73,0,73,台新-建北,2023-06-29,8151
2105,正新,80,10,70,台新-建北,2023-06-29,8151
8210,勤誠,99,35,64,台新-建北,2023-06-29,8151
4746,台耀,81,24,57,台新-建北,2023-06-29,8151
00633L,富邦上証正2,50,0,50,台新-建北,2023-06-29,8151
00922,國泰台灣領袖50,46,0,46,台新-建北,2023-06-29,8151
2634,漢翔,51,5,46,台新-建北,2023-06-29,8151
2376,技嘉,84,43,41,台新-建北,2023-06-29,8151
1905,華紙,54,16,38,台新-建北,2023-06-29,8151
3005,神基,38,4,34,台新-建北,2023-06-29,8151
1795,美時,46,12,34,台新-建北,2023-06-29,8151
00706L,期元大S＆P日圓正2,33,0,33,台新-建北,2023-06-29,8151
2618,長榮航,278,246,32,台新-建北,2023-06-29,8151
2301,光寶科,33,3,30,台新-建北,2023-06-29,8151
1528,恩德,68,40,28,台新-建北,2023-06-29,8151
00673R,期元大S＆P原油反1,25,0,25,台新-建北,2023-06-29,8151
6153,嘉聯益,46,21,25,台新-建北,2023-06-29,8151
1605,華新,31,8,23,台新-建北,2023-06-29,8151
2851,中再保,22,0,22,台新-建北,2023-06-29,8151
2066,世德,20,0,20,台新-建北,2023-06-29,8151
1444,力麗,20,0,20,台新-建北,2023-06-29,8151
1210,大成,20,0,20,台新-建北,2023-06-29,8151
4563,百德,19,1,18,台新-建北,2023-06-29,8151
0056,元大高股息,19,1,18,台新-建北,2023-06-29,8151
6142,友勁,18,0,18,台新-建北,2023-06-29,8151
3231,緯創,254,236,18,台新-建北,2023-06-29,8151
2303,聯電,19,2,17,台新-建北,2023-06-29,8151
2419,仲琦,181,165,16,台新-建北,2023-06-29,8151
2409,友達,17,1,16,台新-建北,2023-06-29,8151
2356,英業達,24,9,15,台新-建北,2023-06-29,8151
2609,陽明,18,3,15,台新-建北,2023-06-29,8151
00696B,富邦美債20年,15,0,15,台新-建北,2023-06-29,8151
3324,雙鴻,20,5,15,台新-建北,2023-06-29,8151
1303,南亞,14,0,14,台新-建北,2023-06-29,8151
1734,杏輝,16,2,14,台新-建北,2023-06-29,8151
00893,國泰智能電動車,14,1,13,台新-建北,2023-06-29,8151
6509,聚和,12,0,12,台新-建北,2023-06-29,8151
6596,寬宏藝術,21,9,12,台新-建北,2023-06-29,8151
2885,元大金,12,0,12,台新-建北,2023-06-29,8151
3380,明泰,28,16,12,台新-建北,2023-06-29,8151
6182,合晶,11,0,11,台新-建北,2023-06-29,8151
00919,群益台灣精選高息,11,0,11,台新-建北,2023-06-29,8151
1337,再生-KY,12,1,11,台新-建北,2023-06-29,8151
3024,憶聲,11,0,11,台新-建北,2023-06-29,8151
4744,皇將,22,11,11,台新-建北,2023-06-29,8151
2614,東森,10,0,10,台新-建北,2023-06-29,8151
5483,中美晶,14,4,10,台新-建北,2023-06-29,8151
8210,勤誠,182,84,98,台新-建北,2023-06-30,8151
3231,緯創,311,216,95,台新-建北,2023-06-30,8151
4532,瑞智,82,10,72,台新-建北,2023-06-30,8151
1605,華新,102,31,71,台新-建北,2023-06-30,8151
1609,大亞,113,45,68,台新-建北,2023-06-30,8151
2812,台中銀,67,10,57,台新-建北,2023-06-30,8151
2618,長榮航,130,78,52,台新-建北,2023-06-30,8151
2634,漢翔,52,1,51,台新-建北,2023-06-30,8151
00648R,元大S＆P500反1,50,0,50,台新-建北,2023-06-30,8151
00680L,元大美債20正2,45,0,45,台新-建北,2023-06-30,8151
2323,中環,61,18,43,台新-建北,2023-06-30,8151
2610,華航,49,11,38,台新-建北,2023-06-30,8151
00795B,中信美國公債20年,35,0,35,台新-建北,2023-06-30,8151
00688L,國泰20年美債正2,32,0,32,台新-建北,2023-06-30,8151
1810,和成,43,12,31,台新-建北,2023-06-30,8151
1503,士電,28,6,22,台新-建北,2023-06-30,8151
3682,亞太電,22,0,22,台新-建北,2023-06-30,8151
8110,華東,30,10,20,台新-建北,2023-06-30,8151
2383,台光電,24,5,19,台新-建北,2023-06-30,8151
2888,新光金,41,22,19,台新-建北,2023-06-30,8151
3045,台灣大,17,0,17,台新-建北,2023-06-30,8151
00679B,元大美債20年,16,0,16,台新-建北,2023-06-30,8151
1513,中興電,32,17,15,台新-建北,2023-06-30,8151
00637L,元大滬深300正2,25,10,15,台新-建北,2023-06-30,8151
00673R,期元大S＆P原油反1,15,0,15,台新-建北,2023-06-30,8151
01003T,兆豐新光R1,15,0,15,台新-建北,2023-06-30,8151
00720B,元大投資級公司債,14,0,14,台新-建北,2023-06-30,8151
4979,華星光,32,18,14,台新-建北,2023-06-30,8151
2906,高林,14,0,14,台新-建北,2023-06-30,8151
3207,耀勝,139,125,14,台新-建北,2023-06-30,8151
3025,星通,65,51,14,台新-建北,2023-06-30,8151
8936,國統,17,4,13,台新-建北,2023-06-30,8151
2913,農林,17,4,13,台新-建北,2023-06-30,8151
4967,十銓,24,11,13,台新-建北,2023-06-30,8151
3037,欣興,16,4,12,台新-建北,2023-06-30,8151
4414,如興,12,0,12,台新-建北,2023-06-30,8151
6874,倍力,12,0,12,台新-建北,2023-06-30,8151
2402,毅嘉,33,21,12,台新-建北,2023-06-30,8151
6005,群益證,13,1,12,台新-建北,2023-06-30,8151
00773B,中信優先金融債,12,0,12,台新-建北,2023-06-30,8151
4137,麗豐-KY,12,0,12,台新-建北,2023-06-30,8151
0050,元大台灣50,11,0,11,台新-建北,2023-06-30,8151
00725B,國泰投資級公司債,11,0,11,台新-建北,2023-06-30,8151
9943,好樂迪,12,1,11,台新-建北,2023-06-30,8151
2419,仲琦,36,25,11,台新-建北,2023-06-30,8151
00712,復華富時不動產,18,7,11,台新-建北,2023-06-30,8151
6274,台燿,12,1,11,台新-建北,2023-06-30,8151
00922,國泰台灣領袖50,10,0,10,台新-建北,2023-06-30,8151
00772B,中信高評級公司債,20,10,10,台新-建北,2023-06-30,8151
3041,揚智,10,0,10,台新-建北,2023-06-30,8151
2438,翔耀,700,0,700,台新-建北,2023-07-03,8151
2609,陽明,541,211,330,台新-建北,2023-07-03,8151
2371,大同,426,100,326,台新-建北,2023-07-03,8151
2329,華泰,261,21,240,台新-建北,2023-07-03,8151
3231,緯創,200,86,114,台新-建北,2023-07-03,8151
2489,瑞軒,101,1,100,台新-建北,2023-07-03,8151
8046,南電,85,5,80,台新-建北,2023-07-03,8151
8210,勤誠,90,12,78,台新-建北,2023-07-03,8151
2867,三商壽,60,0,60,台新-建北,2023-07-03,8151
00637L,元大滬深300正2,55,6,49,台新-建北,2023-07-03,8151
2880,華南金,48,0,48,台新-建北,2023-07-03,8151
2323,中環,70,24,46,台新-建北,2023-07-03,8151
6285,啟��,74,33,41,台新-建北,2023-07-03,8151
3481,群創,54,15,39,台新-建北,2023-07-03,8151
00687B,國泰20年美債,36,0,36,台新-建北,2023-07-03,8151
2105,正新,35,1,34,台新-建北,2023-07-03,8151
2356,英業達,83,50,33,台新-建北,2023-07-03,8151
2892,第一金,33,1,32,台新-建北,2023-07-03,8151
5483,中美晶,32,2,30,台新-建北,2023-07-03,8151
2618,長榮航,204,174,30,台新-建北,2023-07-03,8151
00891,中信關鍵半導體,26,1,25,台新-建北,2023-07-03,8151
3033,威健,25,0,25,台新-建北,2023-07-03,8151
6188,廣明,32,8,24,台新-建北,2023-07-03,8151
2427,三商電,33,9,24,台新-建北,2023-07-03,8151
00753L,中信中國50正2,23,0,23,台新-建北,2023-07-03,8151
2382,廣達,67,45,22,台新-建北,2023-07-03,8151
1303,南亞,21,0,21,台新-建北,2023-07-03,8151
2347,聯強,20,0,20,台新-建北,2023-07-03,8151
3045,台灣大,18,0,18,台新-建北,2023-07-03,8151
00795B,中信美國公債20年,16,0,16,台新-建北,2023-07-03,8151
4916,事欣科,16,0,16,台新-建北,2023-07-03,8151
1795,美時,41,26,15,台新-建北,2023-07-03,8151
4527,方土霖,15,0,15,台新-建北,2023-07-03,8151
2104,國際中橡,15,0,15,台新-建北,2023-07-03,8151
6470,宇智,30,15,15,台新-建北,2023-07-03,8151
0056,元大高股息,32,18,14,台新-建北,2023-07-03,8151
00900,富邦特選高股息30,16,2,14,台新-建北,2023-07-03,8151
6741,91APP*-KY,14,1,13,台新-建北,2023-07-03,8151
8049,晶采,23,10,13,台新-建北,2023-07-03,8151
3078,僑威,27,14,13,台新-建北,2023-07-03,8151
3665,貿聯-KY,13,1,12,台新-建北,2023-07-03,8151
00664R,國泰臺灣加權反1,12,0,12,台新-建北,2023-07-03,8151
2474,可成,12,0,12,台新-建北,2023-07-03,8151
5234,達興材料,12,0,12,台新-建北,2023-07-03,8151
5309,系統電,12,0,12,台新-建北,2023-07-03,8151
2376,技嘉,52,40,12,台新-建北,2023-07-03,8151
6446,藥華藥,18,7,11,台新-建北,2023-07-03,8151
6116,彩晶,17,6,11,台新-建北,2023-07-03,8151
3207,耀勝,174,163,11,台新-建北,2023-07-03,8151
6669,緯穎,26,16,10,台新-建北,2023-07-03,8151
2603,長榮,444,143,301,台新-建北,2023-07-04,8151
2489,瑞軒,200,1,199,台新-建北,2023-07-04,8151
2317,鴻海,120,10,110,台新-建北,2023-07-04,8151
2382,廣達,201,94,107,台新-建北,2023-07-04,8151
3017,奇鋐,100,37,63,台新-建北,2023-07-04,8151
3591,艾笛森,60,0,60,台新-建北,2023-07-04,8151
00676R,富邦臺灣加權反1,50,0,50,台新-建北,2023-07-04,8151
5460,同協,41,0,41,台新-建北,2023-07-04,8151
2542,興富發,41,0,41,台新-建北,2023-07-04,8151
1909,榮成,37,0,37,台新-建北,2023-07-04,8151
6451,訊芯-KY,44,7,37,台新-建北,2023-07-04,8151
00795B,中信美國公債20年,35,0,35,台新-建北,2023-07-04,8151
6190,萬泰科,43,8,35,台新-建北,2023-07-04,8151
1540,喬福,35,1,34,台新-建北,2023-07-04,8151
3207,耀勝,104,71,33,台新-建北,2023-07-04,8151
2405,輔信,34,2,32,台新-建北,2023-07-04,8151
2453,凌群,34,2,32,台新-建北,2023-07-04,8151
6235,華孚,34,3,31,台新-建北,2023-07-04,8151
2890,永豐金,31,0,31,台新-建北,2023-07-04,8151
1905,華紙,55,26,29,台新-建北,2023-07-04,8151
8046,南電,33,5,28,台新-建北,2023-07-04,8151
2105,正新,27,0,27,台新-建北,2023-07-04,8151
00687B,國泰20年美債,40,14,26,台新-建北,2023-07-04,8151
8201,無敵,25,0,25,台新-建北,2023-07-04,8151
1477,聚陽,33,8,25,台新-建北,2023-07-04,8151
2409,友達,26,2,24,台新-建北,2023-07-04,8151
0056,元大高股息,72,49,23,台新-建北,2023-07-04,8151
3163,波若威,74,51,23,台新-建北,2023-07-04,8151
3706,神達,64,42,22,台新-建北,2023-07-04,8151
2884,玉山金,24,2,22,台新-建北,2023-07-04,8151
2457,飛宏,26,4,22,台新-建北,2023-07-04,8151
2449,京元電子,34,12,22,台新-建北,2023-07-04,8151
00670L,富邦NASDAQ正2,21,0,21,台新-建北,2023-07-04,8151
2420,新巨,20,0,20,台新-建北,2023-07-04,8151
00782B,國泰A級公用債,20,0,20,台新-建北,2023-07-04,8151
3051,力特,18,0,18,台新-建北,2023-07-04,8151
00882,中信中國高股息,17,0,17,台新-建北,2023-07-04,8151
2888,新光金,28,11,17,台新-建北,2023-07-04,8151
3380,明泰,107,90,17,台新-建北,2023-07-04,8151
6531,愛普*,29,12,17,台新-建北,2023-07-04,8151
6114,久威,16,0,16,台新-建北,2023-07-04,8151
3694,海華,30,14,16,台新-建北,2023-07-04,8151
6282,康舒,259,243,16,台新-建北,2023-07-04,8151
6112,邁達特,24,9,15,台新-建北,2023-07-04,8151
8112,至上,15,0,15,台新-建北,2023-07-04,8151
4526,東台,15,0,15,台新-建北,2023-07-04,8151
1108,幸福,15,0,15,台新-建北,2023-07-04,8151
1608,華榮,25,10,15,台新-建北,2023-07-04,8151
3038,全台,17,3,14,台新-建北,2023-07-04,8151
3228,金麗科,14,0,14,台新-建北,2023-07-04,8151
1101,台泥,306,61,245,台新-建北,2023-07-05,8151
8086,宏捷科,170,5,165,台新-建北,2023-07-05,8151
3231,緯創,217,63,154,台新-建北,2023-07-05,8151
2610,華航,202,57,145,台新-建北,2023-07-05,8151
5230,雷笛克光學,118,0,118,台新-建北,2023-07-05,8151
2408,南亞科,104,0,104,台新-建北,2023-07-05,8151
2618,長榮航,202,124,78,台新-建北,2023-07-05,8151
00665L,富邦�琤肭磪囓�2,74,0,74,台新-建北,2023-07-05,8151
2356,英業達,89,23,66,台新-建北,2023-07-05,8151
1216,統一,65,0,65,台新-建北,2023-07-05,8151
6282,康舒,136,72,64,台新-建北,2023-07-05,8151
4934,太極,81,20,61,台新-建北,2023-07-05,8151
2453,凌群,86,35,51,台新-建北,2023-07-05,8151
2420,新巨,50,0,50,台新-建北,2023-07-05,8151
2736,富野,68,18,50,台新-建北,2023-07-05,8151
2609,陽明,233,184,49,台新-建北,2023-07-05,8151
00687B,國泰20年美債,49,1,48,台新-建北,2023-07-05,8151
4155,訊映,67,21,46,台新-建北,2023-07-05,8151
1609,大亞,101,56,45,台新-建北,2023-07-05,8151
3025,星通,76,31,45,台新-建北,2023-07-05,8151
8210,勤誠,52,9,43,台新-建北,2023-07-05,8151
0056,元大高股息,63,20,43,台新-建北,2023-07-05,8151
3363,上詮,138,97,41,台新-建北,2023-07-05,8151
00673R,期元大S＆P原油反1,38,0,38,台新-建北,2023-07-05,8151
4967,十銓,41,3,38,台新-建北,2023-07-05,8151
2883,凱基金,36,0,36,台新-建北,2023-07-05,8151
4927,泰鼎-KY,35,0,35,台新-建北,2023-07-05,8151
00878,國泰永續高股息,53,23,30,台新-建北,2023-07-05,8151
2329,華泰,72,45,27,台新-建北,2023-07-05,8151
8112,至上,25,0,25,台新-建北,2023-07-05,8151
4906,正文,32,9,23,台新-建北,2023-07-05,8151
00929,復華台灣科技優息,22,0,22,台新-建北,2023-07-05,8151
00637L,元大滬深300正2,22,0,22,台新-建北,2023-07-05,8151
6669,緯穎,24,3,21,台新-建北,2023-07-05,8151
1905,華紙,27,6,21,台新-建北,2023-07-05,8151
2880,華南金,20,0,20,台新-建北,2023-07-05,8151
2317,鴻海,22,3,19,台新-建北,2023-07-05,8151
6125,廣運,18,0,18,台新-建北,2023-07-05,8151
4977,眾達-KY,27,9,18,台新-建北,2023-07-05,8151
3045,台灣大,17,0,17,台新-建北,2023-07-05,8151
00795B,中信美國公債20年,17,0,17,台新-建北,2023-07-05,8151
00679B,元大美債20年,16,0,16,台新-建北,2023-07-05,8151
1471,首利,20,5,15,台新-建北,2023-07-05,8151
2419,仲琦,34,21,13,台新-建北,2023-07-05,8151
2344,華邦電,14,1,13,台新-建北,2023-07-05,8151
6190,萬泰科,15,2,13,台新-建北,2023-07-05,8151
3710,連展投控,13,0,13,台新-建北,2023-07-05,8151
2228,劍麟,12,0,12,台新-建北,2023-07-05,8151
3706,神達,33,21,12,台新-建北,2023-07-05,8151
2312,金寶,26,14,12,台新-建北,2023-07-05,8151
2409,友達,460,131,329,台新-建北,2023-07-06,8151
3481,群創,407,82,325,台新-建北,2023-07-06,8151
3231,緯創,321,106,215,台新-建北,2023-07-06,8151
6125,廣運,206,7,199,台新-建北,2023-07-06,8151
5230,雷笛克光學,110,0,110,台新-建北,2023-07-06,8151
00687B,國泰20年美債,87,0,87,台新-建北,2023-07-06,8151
6005,群益證,78,0,78,台新-建北,2023-07-06,8151
2317,鴻海,66,8,58,台新-建北,2023-07-06,8151
5009,榮剛,58,0,58,台新-建北,2023-07-06,8151
00688L,國泰20年美債正2,52,0,52,台新-建北,2023-07-06,8151
5607,遠雄港,56,4,52,台新-建北,2023-07-06,8151
00673R,期元大S＆P原油反1,61,10,51,台新-建北,2023-07-06,8151
2033,佳大,50,0,50,台新-建北,2023-07-06,8151
2887,台新金,49,2,47,台新-建北,2023-07-06,8151
4510,高鋒,59,12,47,台新-建北,2023-07-06,8151
3707,漢磊,64,17,47,台新-建北,2023-07-06,8151
3443,創意,46,5,41,台新-建北,2023-07-06,8151
5457,宣德,44,3,41,台新-建北,2023-07-06,8151
2419,仲琦,69,29,40,台新-建北,2023-07-06,8151
00680L,元大美債20正2,50,10,40,台新-建北,2023-07-06,8151
00712,復華富時不動產,39,0,39,台新-建北,2023-07-06,8151
2609,陽明,78,40,38,台新-建北,2023-07-06,8151
6548,長科*,40,2,38,台新-建北,2023-07-06,8151
0056,元大高股息,50,14,36,台新-建北,2023-07-06,8151
5876,上海商銀,35,0,35,台新-建北,2023-07-06,8151
00720B,元大投資級公司債,31,0,31,台新-建北,2023-07-06,8151
2402,毅嘉,62,31,31,台新-建北,2023-07-06,8151
2359,所羅門,76,45,31,台新-建北,2023-07-06,8151
2458,義隆,30,0,30,台新-建北,2023-07-06,8151
00664R,國泰臺灣加權反1,30,0,30,台新-建北,2023-07-06,8151
3715,定穎投控,72,43,29,台新-建北,2023-07-06,8151
2881,富邦金,28,0,28,台新-建北,2023-07-06,8151
8210,勤誠,46,18,28,台新-建北,2023-07-06,8151
2607,榮運,31,4,27,台新-建北,2023-07-06,8151
2885,元大金,29,2,27,台新-建北,2023-07-06,8151
3687,歐買尬,61,34,27,台新-建北,2023-07-06,8151
2891,中信金,26,0,26,台新-建北,2023-07-06,8151
3228,金麗科,26,0,26,台新-建北,2023-07-06,8151
5258,虹堡,36,12,24,台新-建北,2023-07-06,8151
2606,裕民,23,0,23,台新-建北,2023-07-06,8151
4967,十銓,25,2,23,台新-建北,2023-07-06,8151
2330,台積電,25,2,23,台新-建北,2023-07-06,8151
4566,時碩工業,49,27,22,台新-建北,2023-07-06,8151
00725B,國泰投資級公司債,22,0,22,台新-建北,2023-07-06,8151
2888,新光金,22,0,22,台新-建北,2023-07-06,8151
2303,聯電,21,0,21,台新-建北,2023-07-06,8151
1907,永豐餘,21,0,21,台新-建北,2023-07-06,8151
6285,啟��,39,18,21,台新-建北,2023-07-06,8151
00708L,期元大S＆P黃金正2,20,0,20,台新-建北,2023-07-06,8151
3013,晟銘電,317,298,19,台新-建北,2023-07-06,8151
4533,協易機,373,13,360,台新-建北,2023-07-07,8151
3231,緯創,503,148,355,台新-建北,2023-07-07,8151
5880,合庫金,101,0,101,台新-建北,2023-07-07,8151
0056,元大高股息,129,45,84,台新-建北,2023-07-07,8151
4532,瑞智,209,126,83,台新-建北,2023-07-07,8151
1604,聲寶,82,1,81,台新-建北,2023-07-07,8151
00664R,國泰臺灣加權反1,80,0,80,台新-建北,2023-07-07,8151
2748,雲品,114,36,78,台新-建北,2023-07-07,8151
6282,康舒,185,110,75,台新-建北,2023-07-07,8151
00688L,國泰20年美債正2,70,0,70,台新-建北,2023-07-07,8151
00679B,元大美債20年,64,0,64,台新-建北,2023-07-07,8151
4207,環泰,63,10,53,台新-建北,2023-07-07,8151
4526,東台,57,5,52,台新-建北,2023-07-07,8151
2340,台亞,69,21,48,台新-建北,2023-07-07,8151
2887,台新金,59,14,45,台新-建北,2023-07-07,8151
3701,大眾控,49,7,42,台新-建北,2023-07-07,8151
2329,華泰,40,2,38,台新-建北,2023-07-07,8151
3694,海華,38,3,35,台新-建北,2023-07-07,8151
2409,友達,38,6,32,台新-建北,2023-07-07,8151
00712,復華富時不動產,38,6,32,台新-建北,2023-07-07,8151
2312,金寶,82,51,31,台新-建北,2023-07-07,8151
00680L,元大美債20正2,31,0,31,台新-建北,2023-07-07,8151
00922,國泰台灣領袖50,31,0,31,台新-建北,2023-07-07,8151
1614,三洋電,30,0,30,台新-建北,2023-07-07,8151
8210,勤誠,78,50,28,台新-建北,2023-07-07,8151
3265,台星科,33,6,27,台新-建北,2023-07-07,8151
6179,亞通,25,0,25,台新-建北,2023-07-07,8151
6550,北極星藥業-KY,53,29,24,台新-建北,2023-07-07,8151
3521,鴻翊,24,0,24,台新-建北,2023-07-07,8151
4967,十銓,25,2,23,台新-建北,2023-07-07,8151
2408,南亞科,40,18,22,台新-建北,2023-07-07,8151
2881,富邦金,25,4,21,台新-建北,2023-07-07,8151
9958,世紀鋼,32,11,21,台新-建北,2023-07-07,8151
2347,聯強,21,1,20,台新-建北,2023-07-07,8151
6669,緯穎,22,2,20,台新-建北,2023-07-07,8151
2392,正崴,20,0,20,台新-建北,2023-07-07,8151
00907,永豐優息存股,21,1,20,台新-建北,2023-07-07,8151
00753L,中信中國50正2,20,0,20,台新-建北,2023-07-07,8151
4934,太極,38,18,20,台新-建北,2023-07-07,8151
6244,茂迪,34,14,20,台新-建北,2023-07-07,8151
00665L,富邦�琤肭磪囓�2,19,0,19,台新-建北,2023-07-07,8151
1503,士電,46,28,18,台新-建北,2023-07-07,8151
3707,漢磊,28,10,18,台新-建北,2023-07-07,8151
8358,金居,22,5,17,台新-建北,2023-07-07,8151
6005,群益證,17,0,17,台新-建北,2023-07-07,8151
6125,廣運,23,6,17,台新-建北,2023-07-07,8151
2603,長榮,22,5,17,台新-建北,2023-07-07,8151
3045,台灣大,16,0,16,台新-建北,2023-07-07,8151
6285,啟��,41,25,16,台新-建北,2023-07-07,8151
3363,上詮,43,27,16,台新-建北,2023-07-07,8151
2303,聯電,409,0,409,台新-建北,2023-07-10,8151
2489,瑞軒,411,32,379,台新-建北,2023-07-10,8151
00715L,期街口布蘭特正2,110,11,99,台新-建北,2023-07-10,8151
2368,金像電,110,11,99,台新-建北,2023-07-10,8151
2618,長榮航,102,4,98,台新-建北,2023-07-10,8151
5230,雷笛克光學,91,0,91,台新-建北,2023-07-10,8151
0056,元大高股息,107,30,77,台新-建北,2023-07-10,8151
4532,瑞智,394,323,71,台新-建北,2023-07-10,8151
4979,華星光,80,11,69,台新-建北,2023-07-10,8151
3325,旭品,83,22,61,台新-建北,2023-07-10,8151
3017,奇鋐,61,14,47,台新-建北,2023-07-10,8151
00882,中信中國高股息,45,0,45,台新-建北,2023-07-10,8151
1101,台泥,50,10,40,台新-建北,2023-07-10,8151
4207,環泰,56,16,40,台新-建北,2023-07-10,8151
00878,國泰永續高股息,86,47,39,台新-建北,2023-07-10,8151
2883,凱基金,44,6,38,台新-建北,2023-07-10,8151
00688L,國泰20年美債正2,38,0,38,台新-建北,2023-07-10,8151
00751B,元大AAA至A公司債,36,0,36,台新-建北,2023-07-10,8151
2603,長榮,36,2,34,台新-建北,2023-07-10,8151
1471,首利,35,2,33,台新-建北,2023-07-10,8151
2206,三陽工業,34,2,32,台新-建北,2023-07-10,8151
00725B,國泰投資級公司債,30,0,30,台新-建北,2023-07-10,8151
1604,聲寶,30,2,28,台新-建北,2023-07-10,8151
3374,精材,27,0,27,台新-建北,2023-07-10,8151
00919,群益台灣精選高息,26,0,26,台新-建北,2023-07-10,8151
2460,建通,25,0,25,台新-建北,2023-07-10,8151
00632R,元大台灣50反1,32,7,25,台新-建北,2023-07-10,8151
3665,貿聯-KY,24,0,24,台新-建北,2023-07-10,8151
00670L,富邦NASDAQ正2,22,0,22,台新-建北,2023-07-10,8151
00720B,元大投資級公司債,21,0,21,台新-建北,2023-07-10,8151
2356,英業達,32,11,21,台新-建北,2023-07-10,8151
00929,復華台灣科技優息,21,0,21,台新-建北,2023-07-10,8151
8086,宏捷科,25,5,20,台新-建北,2023-07-10,8151
2010,春源,20,0,20,台新-建北,2023-07-10,8151
1609,大亞,40,21,19,台新-建北,2023-07-10,8151
4137,麗豐-KY,18,0,18,台新-建北,2023-07-10,8151
6235,華孚,27,10,17,台新-建北,2023-07-10,8151
1905,華紙,40,23,17,台新-建北,2023-07-10,8151
1303,南亞,16,0,16,台新-建北,2023-07-10,8151
6167,久正,15,0,15,台新-建北,2023-07-10,8151
00687B,國泰20年美債,15,0,15,台新-建北,2023-07-10,8151
8163,達方,15,0,15,台新-建北,2023-07-10,8151
3287,廣寰科,15,0,15,台新-建北,2023-07-10,8151
3163,波若威,54,39,15,台新-建北,2023-07-10,8151
2376,技嘉,65,50,15,台新-建北,2023-07-10,8151
00665L,富邦�琤肭磪囓�2,24,10,14,台新-建北,2023-07-10,8151
1808,潤隆,14,0,14,台新-建北,2023-07-10,8151
1504,東元,20,7,13,台新-建北,2023-07-10,8151
01010T,京城樂富R1,13,0,13,台新-建北,2023-07-10,8151
2358,廷鑫,13,0,13,台新-建北,2023-07-10,8151
6120,達運,407,78,329,台新-建北,2023-07-11,8151
2301,光寶科,169,35,134,台新-建北,2023-07-11,8151
00632R,元大台灣50反1,100,0,100,台新-建北,2023-07-11,8151
2313,華通,100,3,97,台新-建北,2023-07-11,8151
1210,大成,88,0,88,台新-建北,2023-07-11,8151
2515,中工,100,13,87,台新-建北,2023-07-11,8151
3025,星通,232,147,85,台新-建北,2023-07-11,8151
5009,榮剛,79,0,79,台新-建北,2023-07-11,8151
3481,群創,111,33,78,台新-建北,2023-07-11,8151
2486,一詮,136,79,57,台新-建北,2023-07-11,8151
2618,長榮航,204,152,52,台新-建北,2023-07-11,8151
3515,華擎,63,16,47,台新-建北,2023-07-11,8151
2312,金寶,54,7,47,台新-建北,2023-07-11,8151
3017,奇鋐,62,17,45,台新-建北,2023-07-11,8151
2457,飛宏,86,45,41,台新-建北,2023-07-11,8151
8048,德勝,38,0,38,台新-建北,2023-07-11,8151
2881,富邦金,56,21,35,台新-建北,2023-07-11,8151
2323,中環,114,79,35,台新-建北,2023-07-11,8151
2368,金像電,51,20,31,台新-建北,2023-07-11,8151
4960,誠美材,32,2,30,台新-建北,2023-07-11,8151
1471,首利,27,0,27,台新-建北,2023-07-11,8151
2340,台亞,121,95,26,台新-建北,2023-07-11,8151
1101,台泥,25,0,25,台新-建北,2023-07-11,8151
6669,緯穎,27,2,25,台新-建北,2023-07-11,8151
4744,皇將,25,0,25,台新-建北,2023-07-11,8151
6179,亞通,25,0,25,台新-建北,2023-07-11,8151
2603,長榮,28,5,23,台新-建北,2023-07-11,8151
8210,勤誠,42,20,22,台新-建北,2023-07-11,8151
00929,復華台灣科技優息,23,1,22,台新-建北,2023-07-11,8151
3715,定穎投控,24,3,21,台新-建北,2023-07-11,8151
6753,龍德造船,21,1,20,台新-建北,2023-07-11,8151
00688L,國泰20年美債正2,20,0,20,台新-建北,2023-07-11,8151
2883B,凱基金乙特,20,0,20,台新-建北,2023-07-11,8151
1477,聚陽,20,1,19,台新-建北,2023-07-11,8151
5230,雷笛克光學,19,0,19,台新-建北,2023-07-11,8151
4916,事欣科,22,4,18,台新-建北,2023-07-11,8151
2609,陽明,32,15,17,台新-建北,2023-07-11,8151
00795B,中信美國公債20年,16,0,16,台新-建北,2023-07-11,8151
6531,愛普*,21,5,16,台新-建北,2023-07-11,8151
8028,昇陽半導體,32,17,15,台新-建北,2023-07-11,8151
00673R,期元大S＆P原油反1,15,0,15,台新-建北,2023-07-11,8151
6285,啟��,69,54,15,台新-建北,2023-07-11,8151
2382,廣達,78,63,15,台新-建北,2023-07-11,8151
3665,貿聯-KY,15,1,14,台新-建北,2023-07-11,8151
5465,富驊,18,5,13,台新-建北,2023-07-11,8151
00882,中信中國高股息,13,0,13,台新-建北,2023-07-11,8151
3596,智易,14,1,13,台新-建北,2023-07-11,8151
3034,聯詠,13,1,12,台新-建北,2023-07-11,8151
4414,如興,12,0,12,台新-建北,2023-07-11,8151
4934,太極,47,35,12,台新-建北,2023-07-11,8151
3706,神達,252,79,173,台新-建北,2023-07-12,8151
2356,英業達,655,498,157,台新-建北,2023-07-12,8151
2313,華通,105,1,104,台新-建北,2023-07-12,8151
6548,長科*,98,1,97,台新-建北,2023-07-12,8151
2382,廣達,256,175,81,台新-建北,2023-07-12,8151
2891,中信金,92,13,79,台新-建北,2023-07-12,8151
2645,長榮航太,78,2,76,台新-建北,2023-07-12,8151
2881,富邦金,71,3,68,台新-建北,2023-07-12,8151
3231,緯創,176,113,63,台新-建北,2023-07-12,8151
4967,十銓,62,2,60,台新-建北,2023-07-12,8151
00929,復華台灣科技優息,56,0,56,台新-建北,2023-07-12,8151
00648R,元大S＆P500反1,50,0,50,台新-建北,2023-07-12,8151
8210,勤誠,128,82,46,台新-建北,2023-07-12,8151
2542,興富發,41,0,41,台新-建北,2023-07-12,8151
00673R,期元大S＆P原油反1,37,0,37,台新-建北,2023-07-12,8151
2301,光寶科,535,499,36,台新-建北,2023-07-12,8151
8048,德勝,32,0,32,台新-建北,2023-07-12,8151
2358,廷鑫,31,0,31,台新-建北,2023-07-12,8151
00657,國泰日經225,31,0,31,台新-建北,2023-07-12,8151
2421,建準,35,4,31,台新-建北,2023-07-12,8151
6167,久正,30,0,30,台新-建北,2023-07-12,8151
6120,達運,83,54,29,台新-建北,2023-07-12,8151
00679B,元大美債20年,28,0,28,台新-建北,2023-07-12,8151
2201,裕隆,53,26,27,台新-建北,2023-07-12,8151
2603,長榮,46,19,27,台新-建北,2023-07-12,8151
9904,寶成,26,0,26,台新-建北,2023-07-12,8151
00882,中信中國高股息,31,6,25,台新-建北,2023-07-12,8151
1218,泰山,34,9,25,台新-建北,2023-07-12,8151
3515,華擎,37,12,25,台新-建北,2023-07-12,8151
2449,京元電子,31,8,23,台新-建北,2023-07-12,8151
6153,嘉聯益,22,0,22,台新-建北,2023-07-12,8151
1217,愛之味,25,4,21,台新-建北,2023-07-12,8151
4137,麗豐-KY,20,0,20,台新-建北,2023-07-12,8151
8038,長園科,20,0,20,台新-建北,2023-07-12,8151
4533,協易機,39,21,18,台新-建北,2023-07-12,8151
00905,FT臺灣Smart,20,2,18,台新-建北,2023-07-12,8151
3704,合勤控,18,0,18,台新-建北,2023-07-12,8151
1303,南亞,17,0,17,台新-建北,2023-07-12,8151
2324,仁寶,20,3,17,台新-建北,2023-07-12,8151
4207,環泰,17,1,16,台新-建北,2023-07-12,8151
3027,盛達,19,4,15,台新-建北,2023-07-12,8151
3339,泰谷,15,0,15,台新-建北,2023-07-12,8151
1503,士電,47,34,13,台新-建北,2023-07-12,8151
3202,樺晟,13,0,13,台新-建北,2023-07-12,8151
5258,虹堡,116,103,13,台新-建北,2023-07-12,8151
5483,中美晶,27,14,13,台新-建北,2023-07-12,8151
3711,日月光投控,13,1,12,台新-建北,2023-07-12,8151
5425,台半,20,8,12,台新-建北,2023-07-12,8151
1337,再生-KY,12,0,12,台新-建北,2023-07-12,8151
6179,亞通,12,0,12,台新-建北,2023-07-12,8151
2449,京元電子,455,28,427,台新-建北,2023-07-13,8151
4979,華星光,151,3,148,台新-建北,2023-07-13,8151
2328,廣宇,146,31,115,台新-建北,2023-07-13,8151
00687B,國泰20年美債,106,0,106,台新-建北,2023-07-13,8151
00632R,元大台灣50反1,191,100,91,台新-建北,2023-07-13,8151
2610,華航,127,46,81,台新-建北,2023-07-13,8151
1609,大亞,92,12,80,台新-建北,2023-07-13,8151
8046,南電,91,18,73,台新-建北,2023-07-13,8151
6548,長科*,75,8,67,台新-建北,2023-07-13,8151
1217,愛之味,55,3,52,台新-建北,2023-07-13,8151
3704,合勤控,105,54,51,台新-建北,2023-07-13,8151
4967,十銓,51,1,50,台新-建北,2023-07-13,8151
8936,國統,58,10,48,台新-建北,2023-07-13,8151
3231,緯創,253,205,48,台新-建北,2023-07-13,8151
2382,廣達,121,74,47,台新-建北,2023-07-13,8151
3035,智原,100,55,45,台新-建北,2023-07-13,8151
00673R,期元大S＆P原油反1,42,0,42,台新-建北,2023-07-13,8151
1447,力鵬,41,0,41,台新-建北,2023-07-13,8151
2301,光寶科,180,141,39,台新-建北,2023-07-13,8151
00929,復華台灣科技優息,41,2,39,台新-建北,2023-07-13,8151
2371,大同,59,22,37,台新-建北,2023-07-13,8151
2887,台新金,53,18,35,台新-建北,2023-07-13,8151
3711,日月光投控,33,0,33,台新-建北,2023-07-13,8151
2368,金像電,40,8,32,台新-建北,2023-07-13,8151
6446,藥華藥,36,5,31,台新-建北,2023-07-13,8151
00753L,中信中國50正2,30,1,29,台新-建北,2023-07-13,8151
00922,國泰台灣領袖50,30,2,28,台新-建北,2023-07-13,8151
2352,佳世達,82,54,28,台新-建北,2023-07-13,8151
4744,皇將,27,0,27,台新-建北,2023-07-13,8151
2460,建通,25,0,25,台新-建北,2023-07-13,8151
2851,中再保,30,5,25,台新-建北,2023-07-13,8151
6669,緯穎,27,2,25,台新-建北,2023-07-13,8151
3483,力致,22,0,22,台新-建北,2023-07-13,8151
2425,承啟,32,11,21,台新-建北,2023-07-13,8151
2609,陽明,46,25,21,台新-建北,2023-07-13,8151
2495,普安,21,0,21,台新-建北,2023-07-13,8151
00927,群益半導體收益,20,0,20,台新-建北,2023-07-13,8151
00908,富邦入息REITs+,20,0,20,台新-建北,2023-07-13,8151
6120,達運,78,60,18,台新-建北,2023-07-13,8151
2867,三商壽,17,0,17,台新-建北,2023-07-13,8151
6187,萬潤,18,1,17,台新-建北,2023-07-13,8151
2618,長榮航,54,39,15,台新-建北,2023-07-13,8151
1795,美時,17,2,15,台新-建北,2023-07-13,8151
2104,國際中橡,15,0,15,台新-建北,2023-07-13,8151
3558,神準,30,15,15,台新-建北,2023-07-13,8151
6277,宏正,14,0,14,台新-建北,2023-07-13,8151
6290,良維,16,2,14,台新-建北,2023-07-13,8151
3078,僑威,20,6,14,台新-建北,2023-07-13,8151
00679B,元大美債20年,22,8,14,台新-建北,2023-07-13,8151
3710,連展投控,13,0,13,台新-建北,2023-07-13,8151
2419,仲琦,396,118,278,台新-建北,2023-07-14,8151
2356,英業達,531,383,148,台新-建北,2023-07-14,8151
2301,光寶科,339,194,145,台新-建北,2023-07-14,8151
2371,大同,173,37,136,台新-建北,2023-07-14,8151
2609,陽明,151,31,120,台新-建北,2023-07-14,8151
00715L,期街口布蘭特正2,95,0,95,台新-建北,2023-07-14,8151
2402,毅嘉,88,0,88,台新-建北,2023-07-14,8151
1905,華紙,83,2,81,台新-建北,2023-07-14,8151
1210,大成,85,6,79,台新-建北,2023-07-14,8151
00632R,元大台灣50反1,70,2,68,台新-建北,2023-07-14,8151
00679B,元大美債20年,63,0,63,台新-建北,2023-07-14,8151
4162,智擎,63,3,60,台新-建北,2023-07-14,8151
00687B,國泰20年美債,58,0,58,台新-建北,2023-07-14,8151
3481,群創,60,4,56,台新-建北,2023-07-14,8151
00900,富邦特選高股息30,101,56,45,台新-建北,2023-07-14,8151
2329,華泰,128,87,41,台新-建北,2023-07-14,8151
1301,台塑,45,5,40,台新-建北,2023-07-14,8151
6179,亞通,56,17,39,台新-建北,2023-07-14,8151
8050,廣積,40,2,38,台新-建北,2023-07-14,8151
2105,正新,31,1,30,台新-建北,2023-07-14,8151
6117,迎廣,30,0,30,台新-建北,2023-07-14,8151
00908,富邦入息REITs+,30,0,30,台新-建北,2023-07-14,8151
2313,華通,30,0,30,台新-建北,2023-07-14,8151
8403,盛弘,30,2,28,台新-建北,2023-07-14,8151
3704,合勤控,66,38,28,台新-建北,2023-07-14,8151
2367,燿華,25,0,25,台新-建北,2023-07-14,8151
2457,飛宏,34,11,23,台新-建北,2023-07-14,8151
1477,聚陽,30,8,22,台新-建北,2023-07-14,8151
3284,太普高,22,0,22,台新-建北,2023-07-14,8151
4503,金雨,25,3,22,台新-建北,2023-07-14,8151
00930,永豐ESG低碳高息,24,2,22,台新-建北,2023-07-14,8151
3363,上詮,112,91,21,台新-建北,2023-07-14,8151
1514,亞力,33,13,20,台新-建北,2023-07-14,8151
2344,華邦電,28,9,19,台新-建北,2023-07-14,8151
1513,中興電,69,50,19,台新-建北,2023-07-14,8151
1529,樂事綠能,22,4,18,台新-建北,2023-07-14,8151
1316,上曜,17,0,17,台新-建北,2023-07-14,8151
00673R,期元大S＆P原油反1,17,0,17,台新-建北,2023-07-14,8151
0056,元大高股息,90,73,17,台新-建北,2023-07-14,8151
4979,華星光,28,12,16,台新-建北,2023-07-14,8151
3483,力致,16,1,15,台新-建北,2023-07-14,8151
2458,義隆,16,1,15,台新-建北,2023-07-14,8151
2603,長榮,31,18,13,台新-建北,2023-07-14,8151
2228,劍麟,14,1,13,台新-建北,2023-07-14,8151
00720B,元大投資級公司債,13,0,13,台新-建北,2023-07-14,8151
2382,廣達,116,104,12,台新-建北,2023-07-14,8151
6288,聯嘉,12,0,12,台新-建北,2023-07-14,8151
1722,台肥,14,2,12,台新-建北,2023-07-14,8151
2022,聚亨,15,3,12,台新-建北,2023-07-14,8151
2201,裕隆,23,11,12,台新-建北,2023-07-14,8151
5425,台半,311,12,299,台新-建北,2023-07-17,8151
2324,仁寶,280,73,207,台新-建北,2023-07-17,8151
5880,合庫金,152,0,152,台新-建北,2023-07-17,8151
2353,宏��,204,57,147,台新-建北,2023-07-17,8151
6290,良維,132,6,126,台新-建北,2023-07-17,8151
5469,瀚宇博,144,30,114,台新-建北,2023-07-17,8151
8050,廣積,191,87,104,台新-建北,2023-07-17,8151
8011,台通,122,21,101,台新-建北,2023-07-17,8151
6235,華孚,109,17,92,台新-建北,2023-07-17,8151
6547,高端疫苗,140,50,90,台新-建北,2023-07-17,8151
2316,楠梓電,69,0,69,台新-建北,2023-07-17,8151
3711,日月光投控,66,0,66,台新-建北,2023-07-17,8151
3231,緯創,90,25,65,台新-建北,2023-07-17,8151
2301,光寶科,857,792,65,台新-建北,2023-07-17,8151
00929,復華台灣科技優息,58,0,58,台新-建北,2023-07-17,8151
3694,海華,55,0,55,台新-建北,2023-07-17,8151
2313,華通,61,13,48,台新-建北,2023-07-17,8151
1337,再生-KY,51,4,47,台新-建北,2023-07-17,8151
2449,京元電子,82,38,44,台新-建北,2023-07-17,8151
2317,鴻海,45,1,44,台新-建北,2023-07-17,8151
3027,盛達,77,33,44,台新-建北,2023-07-17,8151
3444,利機,43,1,42,台新-建北,2023-07-17,8151
2867,三商壽,40,0,40,台新-建北,2023-07-17,8151
00655L,國泰中國A50正2,40,0,40,台新-建北,2023-07-17,8151
4744,皇將,41,1,40,台新-建北,2023-07-17,8151
3005,神基,50,13,37,台新-建北,2023-07-17,8151
1503,士電,97,64,33,台新-建北,2023-07-17,8151
1101,台泥,36,5,31,台新-建北,2023-07-17,8151
2329,華泰,61,32,29,台新-建北,2023-07-17,8151
6197,佳必琪,27,1,26,台新-建北,2023-07-17,8151
2481,強茂,42,16,26,台新-建北,2023-07-17,8151
5009,榮剛,89,65,24,台新-建北,2023-07-17,8151
3037,欣興,60,39,21,台新-建北,2023-07-17,8151
5484,慧友,20,0,20,台新-建北,2023-07-17,8151
3287,廣寰科,20,0,20,台新-建北,2023-07-17,8151
3047,訊舟,20,0,20,台新-建北,2023-07-17,8151
2376,技嘉,32,12,20,台新-建北,2023-07-17,8151
2331,精英,27,8,19,台新-建北,2023-07-17,8151
5381,合正,19,0,19,台新-建北,2023-07-17,8151
00927,群益半導體收益,19,0,19,台新-建北,2023-07-17,8151
020022,元大電動車N,19,0,19,台新-建北,2023-07-17,8151
3038,全台,20,1,19,台新-建北,2023-07-17,8151
2618,長榮航,36,18,18,台新-建北,2023-07-17,8151
00673R,期元大S＆P原油反1,18,0,18,台新-建北,2023-07-17,8151
00720B,元大投資級公司債,18,0,18,台新-建北,2023-07-17,8151
00882,中信中國高股息,20,2,18,台新-建北,2023-07-17,8151
1301,台塑,18,0,18,台新-建北,2023-07-17,8151
2340,台亞,55,37,18,台新-建北,2023-07-17,8151
1313,聯成,20,3,17,台新-建北,2023-07-17,8151
4938,和碩,26,9,17,台新-建北,2023-07-17,8151
2609,陽明,469,24,445,台新-建北,2023-07-18,8151
2316,楠梓電,437,3,434,台新-建北,2023-07-18,8151
4938,和碩,418,100,318,台新-建北,2023-07-18,8151
2324,仁寶,398,80,318,台新-建北,2023-07-18,8151
2353,宏��,224,90,134,台新-建北,2023-07-18,8151
2312,金寶,291,159,132,台新-建北,2023-07-18,8151
00687B,國泰20年美債,72,0,72,台新-建北,2023-07-18,8151
2329,華泰,264,195,69,台新-建北,2023-07-18,8151
00929,復華台灣科技優息,103,36,67,台新-建北,2023-07-18,8151
6290,良維,70,9,61,台新-建北,2023-07-18,8151
3231,緯創,76,17,59,台新-建北,2023-07-18,8151
00882,中信中國高股息,57,0,57,台新-建北,2023-07-18,8151
2104,國際中橡,55,0,55,台新-建北,2023-07-18,8151
1609,大亞,203,151,52,台新-建北,2023-07-18,8151
1802,台玻,50,0,50,台新-建北,2023-07-18,8151
1313,聯成,74,35,39,台新-建北,2023-07-18,8151
00712,復華富時不動產,43,5,38,台新-建北,2023-07-18,8151
3006,晶豪科,38,0,38,台新-建北,2023-07-18,8151
2888,新光金,38,2,36,台新-建北,2023-07-18,8151
4979,華星光,32,0,32,台新-建北,2023-07-18,8151
8046,南電,56,24,32,台新-建北,2023-07-18,8151
1514,亞力,94,63,31,台新-建北,2023-07-18,8151
1210,大成,40,9,31,台新-建北,2023-07-18,8151
6167,久正,31,1,30,台新-建北,2023-07-18,8151
8936,國統,65,36,29,台新-建北,2023-07-18,8151
3035,智原,107,80,27,台新-建北,2023-07-18,8151
6282,康舒,215,188,27,台新-建北,2023-07-18,8151
4207,環泰,35,10,25,台新-建北,2023-07-18,8151
6116,彩晶,30,5,25,台新-建北,2023-07-18,8151
3362,先進光,35,10,25,台新-建北,2023-07-18,8151
2618,長榮航,239,215,24,台新-建北,2023-07-18,8151
2458,義隆,31,8,23,台新-建北,2023-07-18,8151
2457,飛宏,44,21,23,台新-建北,2023-07-18,8151
1101,台泥,27,4,23,台新-建北,2023-07-18,8151
2383,台光電,43,21,22,台新-建北,2023-07-18,8151
3715,定穎投控,44,22,22,台新-建北,2023-07-18,8151
4137,麗豐-KY,21,0,21,台新-建北,2023-07-18,8151
8069,元太,22,1,21,台新-建北,2023-07-18,8151
2401,凌陽,23,3,20,台新-建北,2023-07-18,8151
3702,大聯大,20,0,20,台新-建北,2023-07-18,8151
1783,和康生,21,1,20,台新-建北,2023-07-18,8151
2601,益航,20,0,20,台新-建北,2023-07-18,8151
4744,皇將,20,0,20,台新-建北,2023-07-18,8151
2542,興富發,19,0,19,台新-建北,2023-07-18,8151
2883,凱基金,18,0,18,台新-建北,2023-07-18,8151
2812,台中銀,17,0,17,台新-建北,2023-07-18,8151
2495,普安,18,1,17,台新-建北,2023-07-18,8151
6197,佳必琪,22,5,17,台新-建北,2023-07-18,8151
4503,金雨,17,0,17,台新-建北,2023-07-18,8151
6122,擎邦,17,0,17,台新-建北,2023-07-18,8151
00680L,元大美債20正2,302,3,299,台新-建北,2023-07-19,8151
1305,華夏,190,0,190,台新-建北,2023-07-19,8151
5009,榮剛,115,0,115,台新-建北,2023-07-19,8151
3189,景碩,115,8,107,台新-建北,2023-07-19,8151
4566,時碩工業,180,99,81,台新-建北,2023-07-19,8151
3231,緯創,98,22,76,台新-建北,2023-07-19,8151
1513,中興電,70,3,67,台新-建北,2023-07-19,8151
3035,智原,112,46,66,台新-建北,2023-07-19,8151
2316,楠梓電,137,74,63,台新-建北,2023-07-19,8151
9950,萬國通,51,0,51,台新-建北,2023-07-19,8151
00664R,國泰臺灣加權反1,50,0,50,台新-建北,2023-07-19,8151
6167,久正,50,0,50,台新-建北,2023-07-19,8151
2313,華通,60,12,48,台新-建北,2023-07-19,8151
3454,晶睿,47,1,46,台新-建北,2023-07-19,8151
2449,京元電子,57,11,46,台新-建北,2023-07-19,8151
00929,復華台灣科技優息,56,11,45,台新-建北,2023-07-19,8151
2382,廣達,151,107,44,台新-建北,2023-07-19,8151
1210,大成,42,3,39,台新-建北,2023-07-19,8151
1907,永豐餘,62,24,38,台新-建北,2023-07-19,8151
2206,三陽工業,38,5,33,台新-建北,2023-07-19,8151
00712,復華富時不動產,54,23,31,台新-建北,2023-07-19,8151
6158,禾昌,30,0,30,台新-建北,2023-07-19,8151
1503,士電,47,18,29,台新-建北,2023-07-19,8151
1313,聯成,33,4,29,台新-建北,2023-07-19,8151
6235,華孚,139,111,28,台新-建北,2023-07-19,8151
2376,技嘉,142,116,26,台新-建北,2023-07-19,8151
2312,金寶,83,58,25,台新-建北,2023-07-19,8151
2399,映泰,36,11,25,台新-建北,2023-07-19,8151
2324,仁寶,142,118,24,台新-建北,2023-07-19,8151
4207,環泰,23,0,23,台新-建北,2023-07-19,8151
2317,鴻海,29,6,23,台新-建北,2023-07-19,8151
6282,康舒,83,61,22,台新-建北,2023-07-19,8151
2353,宏��,75,54,21,台新-建北,2023-07-19,8151
3071,協禧,21,0,21,台新-建北,2023-07-19,8151
2457,飛宏,47,26,21,台新-建北,2023-07-19,8151
8069,元太,21,1,20,台新-建北,2023-07-19,8151
3024,憶聲,22,3,19,台新-建北,2023-07-19,8151
2881,富邦金,52,34,18,台新-建北,2023-07-19,8151
2887,台新金,18,0,18,台新-建北,2023-07-19,8151
3706,神達,207,190,17,台新-建北,2023-07-19,8151
3058,立德,17,0,17,台新-建北,2023-07-19,8151
8105,凌巨,16,0,16,台新-建北,2023-07-19,8151
3037,欣興,360,345,15,台新-建北,2023-07-19,8151
2603,長榮,49,34,15,台新-建北,2023-07-19,8151
00882,中信中國高股息,19,5,14,台新-建北,2023-07-19,8151
2352,佳世達,21,7,14,台新-建北,2023-07-19,8151
00919,群益台灣精選高息,15,2,13,台新-建北,2023-07-19,8151
1736,喬山,42,29,13,台新-建北,2023-07-19,8151
1560,中砂,16,4,12,台新-建北,2023-07-19,8151
3645,達邁,14,2,12,台新-建北,2023-07-19,8151
1786,科妍,162,2,160,台新-建北,2023-07-20,8151
3483,力致,102,0,102,台新-建北,2023-07-20,8151
2489,瑞軒,100,0,100,台新-建北,2023-07-20,8151
8210,勤誠,143,49,94,台新-建北,2023-07-20,8151
2382,廣達,165,75,90,台新-建北,2023-07-20,8151
6187,萬潤,81,9,72,台新-建北,2023-07-20,8151
5388,中磊,73,2,71,台新-建北,2023-07-20,8151
00878,國泰永續高股息,108,37,71,台新-建北,2023-07-20,8151
6274,台燿,78,19,59,台新-建北,2023-07-20,8151
2495,普安,60,1,59,台新-建北,2023-07-20,8151
2303,聯電,59,6,53,台新-建北,2023-07-20,8151
1810,和成,45,0,45,台新-建北,2023-07-20,8151
3035,智原,70,28,42,台新-建北,2023-07-20,8151
6282,康舒,147,109,38,台新-建北,2023-07-20,8151
2352,佳世達,51,13,38,台新-建北,2023-07-20,8151
00882,中信中國高股息,37,0,37,台新-建北,2023-07-20,8151
2458,義隆,31,1,30,台新-建北,2023-07-20,8151
00710B,復華彭博非投等債,26,0,26,台新-建北,2023-07-20,8151
2332,友訊,31,6,25,台新-建北,2023-07-20,8151
00929,復華台灣科技優息,27,2,25,台新-建北,2023-07-20,8151
1905,華紙,56,33,23,台新-建北,2023-07-20,8151
2317,鴻海,34,13,21,台新-建北,2023-07-20,8151
6120,達運,20,0,20,台新-建北,2023-07-20,8151
2356,英業達,61,42,19,台新-建北,2023-07-20,8151
00673R,期元大S＆P原油反1,20,1,19,台新-建北,2023-07-20,8151
4503,金雨,25,6,19,台新-建北,2023-07-20,8151
4744,皇將,21,2,19,台新-建北,2023-07-20,8151
2887,台新金,19,0,19,台新-建北,2023-07-20,8151
3013,晟銘電,24,6,18,台新-建北,2023-07-20,8151
4123,晟德,94,78,16,台新-建北,2023-07-20,8151
4513,福裕,16,0,16,台新-建北,2023-07-20,8151
1783,和康生,15,0,15,台新-建北,2023-07-20,8151
3357,臺慶科,15,0,15,台新-建北,2023-07-20,8151
6417,韋僑,15,0,15,台新-建北,2023-07-20,8151
1215,卜蜂,14,0,14,台新-建北,2023-07-20,8151
6446,藥華藥,21,7,14,台新-建北,2023-07-20,8151
4977,眾達-KY,29,15,14,台新-建北,2023-07-20,8151
2206,三陽工業,21,8,13,台新-建北,2023-07-20,8151
3289,宜特,128,115,13,台新-建北,2023-07-20,8151
2371,大同,43,30,13,台新-建北,2023-07-20,8151
3715,定穎投控,26,13,13,台新-建北,2023-07-20,8151
00712,復華富時不動產,12,0,12,台新-建北,2023-07-20,8151
3702,大聯大,12,0,12,台新-建北,2023-07-20,8151
00687B,國泰20年美債,16,5,11,台新-建北,2023-07-20,8151
6206,飛捷,11,0,11,台新-建北,2023-07-20,8151
2609,陽明,39,28,11,台新-建北,2023-07-20,8151
1210,大成,15,4,11,台新-建北,2023-07-20,8151
1529,樂事綠能,15,4,11,台新-建北,2023-07-20,8151
1303,南亞,10,0,10,台新-建北,2023-07-20,8151
6188,廣明,19,9,10,台新-建北,2023-07-20,8151
1513,中興電,773,524,249,台新-建北,2023-07-21,8151
1102,亞泥,108,0,108,台新-建北,2023-07-21,8151
4532,瑞智,200,96,104,台新-建北,2023-07-21,8151
3035,智原,185,83,102,台新-建北,2023-07-21,8151
1905,華紙,77,1,76,台新-建北,2023-07-21,8151
6112,邁達特,92,32,60,台新-建北,2023-07-21,8151
3479,安勤,50,0,50,台新-建北,2023-07-21,8151
1314,中石化,50,0,50,台新-建北,2023-07-21,8151
3037,欣興,90,41,49,台新-建北,2023-07-21,8151
00929,復華台灣科技優息,51,2,49,台新-建北,2023-07-21,8151
1519,華城,48,1,47,台新-建北,2023-07-21,8151
2382,廣達,150,106,44,台新-建北,2023-07-21,8151
3583,辛耘,74,32,42,台新-建北,2023-07-21,8151
3006,晶豪科,38,0,38,台新-建北,2023-07-21,8151
2027,大成鋼,41,4,37,台新-建北,2023-07-21,8151
6548,長科*,46,10,36,台新-建北,2023-07-21,8151
1727,中華化,55,22,33,台新-建北,2023-07-21,8151
00670L,富邦NASDAQ正2,31,0,31,台新-建北,2023-07-21,8151
2495,普安,30,0,30,台新-建北,2023-07-21,8151
1210,大成,51,21,30,台新-建北,2023-07-21,8151
2388,威盛,34,5,29,台新-建北,2023-07-21,8151
2610,華航,73,45,28,台新-建北,2023-07-21,8151
6625,必應,28,1,27,台新-建北,2023-07-21,8151
4123,晟德,53,26,27,台新-建北,2023-07-21,8151
6669,緯穎,28,2,26,台新-建北,2023-07-21,8151
3051,力特,52,26,26,台新-建北,2023-07-21,8151
3231,緯創,68,42,26,台新-建北,2023-07-21,8151
2923,鼎固-KY,25,0,25,台新-建北,2023-07-21,8151
2330,台積電,33,9,24,台新-建北,2023-07-21,8151
2376,技嘉,77,53,24,台新-建北,2023-07-21,8151
5483,中美晶,27,4,23,台新-建北,2023-07-21,8151
1708,東鹼,30,8,22,台新-建北,2023-07-21,8151
1907,永豐餘,40,19,21,台新-建北,2023-07-21,8151
4414,如興,20,0,20,台新-建北,2023-07-21,8151
00673R,期元大S＆P原油反1,20,0,20,台新-建北,2023-07-21,8151
1560,中砂,36,16,20,台新-建北,2023-07-21,8151
2405,輔信,42,24,18,台新-建北,2023-07-21,8151
3682,亞太電,19,1,18,台新-建北,2023-07-21,8151
6275,元山,30,12,18,台新-建北,2023-07-21,8151
6550,北極星藥業-KY,33,16,17,台新-建北,2023-07-21,8151
2303,聯電,25,9,16,台新-建北,2023-07-21,8151
00795B,中信美國公債20年,16,0,16,台新-建北,2023-07-21,8151
00720B,元大投資級公司債,14,0,14,台新-建北,2023-07-21,8151
00882,中信中國高股息,13,0,13,台新-建北,2023-07-21,8151
5425,台半,15,2,13,台新-建北,2023-07-21,8151
6446,藥華藥,34,21,13,台新-建北,2023-07-21,8151
00679B,元大美債20年,13,0,13,台新-建北,2023-07-21,8151
006208,富邦台50,13,1,12,台新-建北,2023-07-21,8151
2486,一詮,13,1,12,台新-建北,2023-07-21,8151
1712,興農,17,5,12,台新-建北,2023-07-21,8151
3013,晟銘電,331,160,171,台新-建北,2023-07-24,8151
2353,宏��,149,19,130,台新-建北,2023-07-24,8151
1609,大亞,182,81,101,台新-建北,2023-07-24,8151
2388,威盛,96,2,94,台新-建北,2023-07-24,8151
8050,廣積,94,7,87,台新-建北,2023-07-24,8151
9958,世紀鋼,100,16,84,台新-建北,2023-07-24,8151
3483,力致,88,7,81,台新-建北,2023-07-24,8151
3338,泰碩,106,29,77,台新-建北,2023-07-24,8151
2301,光寶科,385,314,71,台新-建北,2023-07-24,8151
2542,興富發,69,0,69,台新-建北,2023-07-24,8151
2357,華碩,61,7,54,台新-建北,2023-07-24,8151
2359,所羅門,75,24,51,台新-建北,2023-07-24,8151
3006,晶豪科,47,0,47,台新-建北,2023-07-24,8151
1618,合機,44,0,44,台新-建北,2023-07-24,8151
2461,光群雷,60,16,44,台新-建北,2023-07-24,8151
2457,飛宏,61,20,41,台新-建北,2023-07-24,8151
5452,佶優,52,11,41,台新-建北,2023-07-24,8151
2382,廣達,182,141,41,台新-建北,2023-07-24,8151
1337,再生-KY,37,0,37,台新-建北,2023-07-24,8151
2421,建準,95,65,30,台新-建北,2023-07-24,8151
5347,世界,30,0,30,台新-建北,2023-07-24,8151
2867,三商壽,29,0,29,台新-建北,2023-07-24,8151
2363,矽統,29,0,29,台新-建北,2023-07-24,8151
4746,台耀,46,18,28,台新-建北,2023-07-24,8151
00712,復華富時不動產,26,0,26,台新-建北,2023-07-24,8151
6112,邁達特,43,18,25,台新-建北,2023-07-24,8151
00929,復華台灣科技優息,37,14,23,台新-建北,2023-07-24,8151
2610,華航,31,8,23,台新-建北,2023-07-24,8151
2356,英業達,37,15,22,台新-建北,2023-07-24,8151
3706,神達,26,4,22,台新-建北,2023-07-24,8151
3037,欣興,66,44,22,台新-建北,2023-07-24,8151
3017,奇鋐,60,38,22,台新-建北,2023-07-24,8151
3454,晶睿,21,0,21,台新-建北,2023-07-24,8151
3703,欣陸,20,0,20,台新-建北,2023-07-24,8151
3479,安勤,20,0,20,台新-建北,2023-07-24,8151
8131,福懋科,20,0,20,台新-建北,2023-07-24,8151
00882,中信中國高股息,19,0,19,台新-建北,2023-07-24,8151
8936,國統,40,21,19,台新-建北,2023-07-24,8151
2002,中鋼,23,5,18,台新-建北,2023-07-24,8151
2330,台積電,19,2,17,台新-建北,2023-07-24,8151
4526,東台,17,0,17,台新-建北,2023-07-24,8151
00919,群益台灣精選高息,42,26,16,台新-建北,2023-07-24,8151
2489,瑞軒,16,0,16,台新-建北,2023-07-24,8151
2066,世德,15,0,15,台新-建北,2023-07-24,8151
2211,長榮鋼,15,0,15,台新-建北,2023-07-24,8151
3231,緯創,61,47,14,台新-建北,2023-07-24,8151
2352,佳世達,26,13,13,台新-建北,2023-07-24,8151
3035,智原,55,42,13,台新-建北,2023-07-24,8151
2504,國產,13,0,13,台新-建北,2023-07-24,8151
4129,聯合,36,23,13,台新-建北,2023-07-24,8151
00632R,元大台灣50反1,274,0,274,台新-建北,2023-07-25,8151
8210,勤誠,104,1,103,台新-建北,2023-07-25,8151
1101,台泥,103,0,103,台新-建北,2023-07-25,8151
00688L,國泰20年美債正2,100,0,100,台新-建北,2023-07-25,8151
00680L,元大美債20正2,100,10,90,台新-建北,2023-07-25,8151
2542,興富發,64,0,64,台新-建北,2023-07-25,8151
1903,士紙,58,3,55,台新-建北,2023-07-25,8151
8936,國統,56,1,55,台新-建北,2023-07-25,8151
3231,緯創,63,16,47,台新-建北,2023-07-25,8151
2357,華碩,431,392,39,台新-建北,2023-07-25,8151
2489,瑞軒,34,0,34,台新-建北,2023-07-25,8151
8105,凌巨,32,0,32,台新-建北,2023-07-25,8151
4123,晟德,45,13,32,台新-建北,2023-07-25,8151
5488,松普,31,0,31,台新-建北,2023-07-25,8151
1303,南亞,31,0,31,台新-建北,2023-07-25,8151
3706,神達,37,7,30,台新-建北,2023-07-25,8151
2834,臺企銀,27,0,27,台新-建北,2023-07-25,8151
6625,必應,26,1,25,台新-建北,2023-07-25,8151
6282,康舒,86,63,23,台新-建北,2023-07-25,8151
1102,亞泥,23,0,23,台新-建北,2023-07-25,8151
2610,華航,31,9,22,台新-建北,2023-07-25,8151
2890,永豐金,22,0,22,台新-建北,2023-07-25,8151
6125,廣運,66,45,21,台新-建北,2023-07-25,8151
1907,永豐餘,30,9,21,台新-建北,2023-07-25,8151
00878,國泰永續高股息,153,133,20,台新-建北,2023-07-25,8151
2884,玉山金,20,0,20,台新-建北,2023-07-25,8151
3044,健鼎,39,20,19,台新-建北,2023-07-25,8151
2328,廣宇,25,7,18,台新-建北,2023-07-25,8151
3027,盛達,21,3,18,台新-建北,2023-07-25,8151
6126,信音,18,0,18,台新-建北,2023-07-25,8151
6191,精成科,26,9,17,台新-建北,2023-07-25,8151
3011,今皓,20,3,17,台新-建北,2023-07-25,8151
00679B,元大美債20年,18,1,17,台新-建北,2023-07-25,8151
6446,藥華藥,18,2,16,台新-建北,2023-07-25,8151
4979,華星光,15,0,15,台新-建北,2023-07-25,8151
1210,大成,20,5,15,台新-建北,2023-07-25,8151
2368,金像電,29,14,15,台新-建北,2023-07-25,8151
5340,建榮,30,15,15,台新-建北,2023-07-25,8151
00929,復華台灣科技優息,14,0,14,台新-建北,2023-07-25,8151
00772B,中信高評級公司債,13,0,13,台新-建北,2023-07-25,8151
3324,雙鴻,22,10,12,台新-建北,2023-07-25,8151
5483,中美晶,16,4,12,台新-建北,2023-07-25,8151
1584,精剛,12,0,12,台新-建北,2023-07-25,8151
00651R,復華香港反1,12,0,12,台新-建北,2023-07-25,8151
2303,聯電,19,7,12,台新-建北,2023-07-25,8151
3702,大聯大,12,0,12,台新-建北,2023-07-25,8151
5347,世界,11,0,11,台新-建北,2023-07-25,8151
1314,中石化,11,0,11,台新-建北,2023-07-25,8151
6278,台表科,12,1,11,台新-建北,2023-07-25,8151
00687B,國泰20年美債,10,0,10,台新-建北,2023-07-25,8151
1504,東元,486,262,224,台新-建北,2023-07-26,8151
2301,光寶科,253,106,147,台新-建北,2023-07-26,8151
6213,聯茂,125,14,111,台新-建北,2023-07-26,8151
6112,邁達特,140,66,74,台新-建北,2023-07-26,8151
00929,復華台灣科技優息,73,0,73,台新-建北,2023-07-26,8151
00664R,國泰臺灣加權反1,70,0,70,台新-建北,2023-07-26,8151
1905,華紙,75,14,61,台新-建北,2023-07-26,8151
3038,全台,60,0,60,台新-建北,2023-07-26,8151
2382,廣達,481,426,55,台新-建北,2023-07-26,8151
2489,瑞軒,71,16,55,台新-建北,2023-07-26,8151
2353,宏��,57,4,53,台新-建北,2023-07-26,8151
3231,緯創,69,17,52,台新-建北,2023-07-26,8151
3029,零壹,60,18,42,台新-建北,2023-07-26,8151
6245,立端,39,3,36,台新-建北,2023-07-26,8151
00919,群益台灣精選高息,35,0,35,台新-建北,2023-07-26,8151
6274,台燿,116,82,34,台新-建北,2023-07-26,8151
2618,長榮航,49,18,31,台新-建北,2023-07-26,8151
3055,蔚華科,35,5,30,台新-建北,2023-07-26,8151
2887,台新金,46,17,29,台新-建北,2023-07-26,8151
3006,晶豪科,29,0,29,台新-建北,2023-07-26,8151
2014,中鴻,48,19,29,台新-建北,2023-07-26,8151
2492,華新科,30,1,29,台新-建北,2023-07-26,8151
2312,金寶,36,7,29,台新-建北,2023-07-26,8151
2399,映泰,29,4,25,台新-建北,2023-07-26,8151
6446,藥華藥,29,4,25,台新-建北,2023-07-26,8151
1609,大亞,33,9,24,台新-建北,2023-07-26,8151
2425,承啟,32,8,24,台新-建北,2023-07-26,8151
4533,協易機,87,65,22,台新-建北,2023-07-26,8151
2228,劍麟,22,1,21,台新-建北,2023-07-26,8151
3059,華晶科,52,31,21,台新-建北,2023-07-26,8151
6188,廣明,74,53,21,台新-建北,2023-07-26,8151
1584,精剛,20,0,20,台新-建北,2023-07-26,8151
2867,三商壽,20,1,19,台新-建北,2023-07-26,8151
00893,國泰智能電動車,20,2,18,台新-建北,2023-07-26,8151
00927,群益半導體收益,17,0,17,台新-建北,2023-07-26,8151
5483,中美晶,24,8,16,台新-建北,2023-07-26,8151
3078,僑威,15,0,15,台新-建北,2023-07-26,8151
1305,華夏,20,5,15,台新-建北,2023-07-26,8151
2405,輔信,67,52,15,台新-建北,2023-07-26,8151
8936,國統,73,58,15,台新-建北,2023-07-26,8151
1342,八貫,15,0,15,台新-建北,2023-07-26,8151
5347,世界,14,0,14,台新-建北,2023-07-26,8151
1102,亞泥,14,0,14,台新-建北,2023-07-26,8151
1560,中砂,40,26,14,台新-建北,2023-07-26,8151
6235,華孚,46,33,13,台新-建北,2023-07-26,8151
3024,憶聲,13,0,13,台新-建北,2023-07-26,8151
1471,首利,14,1,13,台新-建北,2023-07-26,8151
2884,玉山金,31,19,12,台新-建北,2023-07-26,8151
2383,台光電,39,27,12,台新-建北,2023-07-26,8151
00679B,元大美債20年,18,7,11,台新-建北,2023-07-26,8151
2438,翔耀,381,0,381,台新-建北,2023-07-27,8151
2618,長榮航,283,95,188,台新-建北,2023-07-27,8151
4123,晟德,187,3,184,台新-建北,2023-07-27,8151
3162,精確,136,0,136,台新-建北,2023-07-27,8151
2892,第一金,102,0,102,台新-建北,2023-07-27,8151
6274,台燿,145,45,100,台新-建北,2023-07-27,8151
6811,宏�硌穈T,60,0,60,台新-建北,2023-07-27,8151
2884,玉山金,63,4,59,台新-建北,2023-07-27,8151
3711,日月光投控,54,0,54,台新-建北,2023-07-27,8151
00632R,元大台灣50反1,68,20,48,台新-建北,2023-07-27,8151
2228,劍麟,47,0,47,台新-建北,2023-07-27,8151
2610,華航,86,46,40,台新-建北,2023-07-27,8151
6235,華孚,61,24,37,台新-建北,2023-07-27,8151
5425,台半,104,67,37,台新-建北,2023-07-27,8151
00670L,富邦NASDAQ正2,35,0,35,台新-建北,2023-07-27,8151
2609,陽明,55,21,34,台新-建北,2023-07-27,8151
6282,康舒,220,187,33,台新-建北,2023-07-27,8151
2356,英業達,53,20,33,台新-建北,2023-07-27,8151
00687B,國泰20年美債,30,0,30,台新-建北,2023-07-27,8151
00657,國泰日經225,30,0,30,台新-建北,2023-07-27,8151
2388,威盛,29,1,28,台新-建北,2023-07-27,8151
2002,中鋼,27,1,26,台新-建北,2023-07-27,8151
2883,凱基金,30,4,26,台新-建北,2023-07-27,8151
6125,廣運,93,69,24,台新-建北,2023-07-27,8151
2324,仁寶,30,7,23,台新-建北,2023-07-27,8151
00725B,國泰投資級公司債,23,0,23,台新-建北,2023-07-27,8151
1802,台玻,89,67,22,台新-建北,2023-07-27,8151
4973,廣穎,21,0,21,台新-建北,2023-07-27,8151
2312,金寶,22,2,20,台新-建北,2023-07-27,8151
00712,復華富時不動產,22,2,20,台新-建北,2023-07-27,8151
00753L,中信中國50正2,40,20,20,台新-建北,2023-07-27,8151
6243,迅杰,20,0,20,台新-建北,2023-07-27,8151
2498,宏達電,26,6,20,台新-建北,2023-07-27,8151
00878,國泰永續高股息,48,28,20,台新-建北,2023-07-27,8151
3306,鼎天,28,10,18,台新-建北,2023-07-27,8151
4967,十銓,23,6,17,台新-建北,2023-07-27,8151
6188,廣明,67,52,15,台新-建北,2023-07-27,8151
4744,皇將,15,0,15,台新-建北,2023-07-27,8151
3305,昇貿,29,14,15,台新-建北,2023-07-27,8151
1702,南僑,27,12,15,台新-建北,2023-07-27,8151
00751B,元大AAA至A公司債,15,0,15,台新-建北,2023-07-27,8151
8048,德勝,19,4,15,台新-建北,2023-07-27,8151
6257,矽格,18,3,15,台新-建北,2023-07-27,8151
2887,台新金,15,1,14,台新-建北,2023-07-27,8151
2634,漢翔,15,1,14,台新-建北,2023-07-27,8151
3689,湧德,16,2,14,台新-建北,2023-07-27,8151
5351,鈺創,21,7,14,台新-建北,2023-07-27,8151
5340,建榮,38,24,14,台新-建北,2023-07-27,8151
1217,愛之味,13,0,13,台新-建北,2023-07-27,8151
2425,承啟,21,8,13,台新-建北,2023-07-27,8151
4979,華星光,232,34,198,台新-建北,2023-07-28,8151
00680L,元大美債20正2,180,0,180,台新-建北,2023-07-28,8151
00688L,國泰20年美債正2,170,0,170,台新-建北,2023-07-28,8151
8936,國統,108,0,108,台新-建北,2023-07-28,8151
3017,奇鋐,124,22,102,台新-建北,2023-07-28,8151
2376,技嘉,129,30,99,台新-建北,2023-07-28,8151
6282,康舒,330,239,91,台新-建北,2023-07-28,8151
2301,光寶科,208,117,91,台新-建北,2023-07-28,8151
3481,群創,198,114,84,台新-建北,2023-07-28,8151
3231,緯創,371,300,71,台新-建北,2023-07-28,8151
1905,華紙,352,282,70,台新-建北,2023-07-28,8151
3081,聯亞,72,10,62,台新-建北,2023-07-28,8151
8069,元太,61,4,57,台新-建北,2023-07-28,8151
5488,松普,49,0,49,台新-建北,2023-07-28,8151
00679B,元大美債20年,53,7,46,台新-建北,2023-07-28,8151
1589,永冠-KY,39,0,39,台新-建北,2023-07-28,8151
00772B,中信高評級公司債,39,0,39,台新-建北,2023-07-28,8151
2606,裕民,40,2,38,台新-建北,2023-07-28,8151
00751B,元大AAA至A公司債,34,0,34,台新-建北,2023-07-28,8151
2405,輔信,43,10,33,台新-建北,2023-07-28,8151
3558,神準,63,32,31,台新-建北,2023-07-28,8151
00657,國泰日經225,30,0,30,台新-建北,2023-07-28,8151
2883B,凱基金乙特,30,0,30,台新-建北,2023-07-28,8151
2382,廣達,133,104,29,台新-建北,2023-07-28,8151
2891,中信金,28,1,27,台新-建北,2023-07-28,8151
2316,楠梓電,27,2,25,台新-建北,2023-07-28,8151
00919,群益台灣精選高息,29,6,23,台新-建北,2023-07-28,8151
00720B,元大投資級公司債,37,15,22,台新-建北,2023-07-28,8151
3035,智原,27,6,21,台新-建北,2023-07-28,8151
3264,欣銓,29,9,20,台新-建北,2023-07-28,8151
1319,東陽,32,13,19,台新-建北,2023-07-28,8151
4768,晶呈科技,23,4,19,台新-建北,2023-07-28,8151
2845,遠東銀,20,1,19,台新-建北,2023-07-28,8151
6116,彩晶,18,0,18,台新-建北,2023-07-28,8151
5009,榮剛,18,0,18,台新-建北,2023-07-28,8151
3055,蔚華科,30,12,18,台新-建北,2023-07-28,8151
1907,永豐餘,25,7,18,台新-建北,2023-07-28,8151
2009,第一銅,20,3,17,台新-建北,2023-07-28,8151
6799,來頡,17,0,17,台新-建北,2023-07-28,8151
1210,大成,17,0,17,台新-建北,2023-07-28,8151
2913,農林,224,208,16,台新-建北,2023-07-28,8151
2228,劍麟,16,0,16,台新-建北,2023-07-28,8151
3044,健鼎,25,10,15,台新-建北,2023-07-28,8151
00929,復華台灣科技優息,15,0,15,台新-建北,2023-07-28,8151
1584,精剛,15,0,15,台新-建北,2023-07-28,8151
00712,復華富時不動產,15,0,15,台新-建北,2023-07-28,8151
1609,大亞,27,13,14,台新-建北,2023-07-28,8151
5443,均豪,30,16,14,台新-建北,2023-07-28,8151
6274,台燿,88,74,14,台新-建北,2023-07-28,8151
6446,藥華藥,21,8,13,台新-建北,2023-07-28,8151
2882,國泰金,104,1,103,台新-建北,2023-07-31,8151
6015,宏遠證,101,0,101,台新-建北,2023-07-31,8151
00929,復華台灣科技優息,82,1,81,台新-建北,2023-07-31,8151
1210,大成,88,8,80,台新-建北,2023-07-31,8151
6285,啟��,100,34,66,台新-建北,2023-07-31,8151
3013,晟銘電,78,18,60,台新-建北,2023-07-31,8151
3035,智原,75,15,60,台新-建北,2023-07-31,8151
2609,陽明,56,1,55,台新-建北,2023-07-31,8151
00679B,元大美債20年,52,0,52,台新-建北,2023-07-31,8151
2383,台光電,66,18,48,台新-建北,2023-07-31,8151
00651R,復華香港反1,48,0,48,台新-建北,2023-07-31,8151
5608,四維航,47,1,46,台新-建北,2023-07-31,8151
6535,順藥,50,4,46,台新-建北,2023-07-31,8151
1802,台玻,101,57,44,台新-建北,2023-07-31,8151
2610,華航,49,6,43,台新-建北,2023-07-31,8151
2352,佳世達,74,32,42,台新-建北,2023-07-31,8151
2409,友達,55,16,39,台新-建北,2023-07-31,8151
3078,僑威,41,5,36,台新-建北,2023-07-31,8151
1513,中興電,86,50,36,台新-建北,2023-07-31,8151
2801,彰銀,36,1,35,台新-建北,2023-07-31,8151
1305,華夏,35,0,35,台新-建北,2023-07-31,8151
2301,光寶科,530,496,34,台新-建北,2023-07-31,8151
3163,波若威,79,46,33,台新-建北,2023-07-31,8151
3587,閎康,37,5,32,台新-建北,2023-07-31,8151
5284,jpp-KY,34,3,31,台新-建北,2023-07-31,8151
00673R,期元大S＆P原油反1,30,0,30,台新-建北,2023-07-31,8151
2360,致茂,36,7,29,台新-建北,2023-07-31,8151
6274,台燿,128,99,29,台新-建北,2023-07-31,8151
8011,台通,32,3,29,台新-建北,2023-07-31,8151
3324,雙鴻,38,10,28,台新-建北,2023-07-31,8151
3038,全台,29,2,27,台新-建北,2023-07-31,8151
1319,東陽,37,12,25,台新-建北,2023-07-31,8151
8936,國統,55,30,25,台新-建北,2023-07-31,8151
00919,群益台灣精選高息,35,11,24,台新-建北,2023-07-31,8151
3325,旭品,83,60,23,台新-建北,2023-07-31,8151
00885,富邦越南,25,2,23,台新-建北,2023-07-31,8151
2316,楠梓電,28,5,23,台新-建北,2023-07-31,8151
1815,富喬,86,63,23,台新-建北,2023-07-31,8151
2603,長榮,24,2,22,台新-建北,2023-07-31,8151
00908,富邦入息REITs+,20,0,20,台新-建北,2023-07-31,8151
3162,精確,20,0,20,台新-建北,2023-07-31,8151
00665L,富邦�琤肭磪囓�2,25,5,20,台新-建北,2023-07-31,8151
00664R,國泰臺灣加權反1,20,0,20,台新-建北,2023-07-31,8151
00688L,國泰20年美債正2,20,0,20,台新-建北,2023-07-31,8151
2317,鴻海,23,5,18,台新-建北,2023-07-31,8151
6412,群電,21,4,17,台新-建北,2023-07-31,8151
2618,長榮航,36,19,17,台新-建北,2023-07-31,8151
6235,華孚,42,26,16,台新-建北,2023-07-31,8151
2324,仁寶,22,6,16,台新-建北,2023-07-31,8151
5222,全訊,15,0,15,台新-建北,2023-07-31,8151
2382,廣達,1393,86,1307,台新-建北,2023-08-01,8151
4979,華星光,337,76,261,台新-建北,2023-08-01,8151
2301,光寶科,557,338,219,台新-建北,2023-08-01,8151
2376,技嘉,127,26,101,台新-建北,2023-08-01,8151
00633L,富邦上証正2,100,0,100,台新-建北,2023-08-01,8151
6015,宏遠證,100,0,100,台新-建北,2023-08-01,8151
2357,華碩,106,17,89,台新-建北,2023-08-01,8151
2383,台光電,77,7,70,台新-建北,2023-08-01,8151
8046,南電,71,5,66,台新-建北,2023-08-01,8151
00929,復華台灣科技優息,58,2,56,台新-建北,2023-08-01,8151
1810,和成,80,25,55,台新-建北,2023-08-01,8151
2801,彰銀,51,0,51,台新-建北,2023-08-01,8151
00923,群益台ESG低碳50,50,0,50,台新-建北,2023-08-01,8151
00665L,富邦�琤肭磪囓�2,50,0,50,台新-建北,2023-08-01,8151
4906,正文,126,78,48,台新-建北,2023-08-01,8151
4938,和碩,43,2,41,台新-建北,2023-08-01,8151
6234,高僑,37,1,36,台新-建北,2023-08-01,8151
00885,富邦越南,35,2,33,台新-建北,2023-08-01,8151
2105,正新,30,0,30,台新-建北,2023-08-01,8151
4503,金雨,30,0,30,台新-建北,2023-08-01,8151
00670L,富邦NASDAQ正2,27,1,26,台新-建北,2023-08-01,8151
4763,材料-KY,30,7,23,台新-建北,2023-08-01,8151
2409,友達,42,22,20,台新-建北,2023-08-01,8151
6491,晶碩,17,0,17,台新-建北,2023-08-01,8151
00720B,元大投資級公司債,22,5,17,台新-建北,2023-08-01,8151
3706,神達,17,1,16,台新-建北,2023-08-01,8151
2344,華邦電,85,69,16,台新-建北,2023-08-01,8151
1815,富喬,16,1,15,台新-建北,2023-08-01,8151
8358,金居,21,6,15,台新-建北,2023-08-01,8151
2891,中信金,14,0,14,台新-建北,2023-08-01,8151
2442,新美齊,14,0,14,台新-建北,2023-08-01,8151
1609,大亞,20,6,14,台新-建北,2023-08-01,8151
4188,安克,14,0,14,台新-建北,2023-08-01,8151
1519,華城,25,12,13,台新-建北,2023-08-01,8151
2913,農林,97,84,13,台新-建北,2023-08-01,8151
5284,jpp-KY,17,5,12,台新-建北,2023-08-01,8151
8390,金益鼎,18,6,12,台新-建北,2023-08-01,8151
1560,中砂,13,1,12,台新-建北,2023-08-01,8151
5443,均豪,21,9,12,台新-建北,2023-08-01,8151
00679B,元大美債20年,16,5,11,台新-建北,2023-08-01,8151
2883,凱基金,11,0,11,台新-建北,2023-08-01,8151
4768,晶呈科技,14,3,11,台新-建北,2023-08-01,8151
3224,三顧,11,0,11,台新-建北,2023-08-01,8151
00640L,富邦日本正2,10,0,10,台新-建北,2023-08-01,8151
3257,虹冠電,20,10,10,台新-建北,2023-08-01,8151
5222,全訊,10,0,10,台新-建北,2023-08-01,8151
00903,富邦元宇宙,10,0,10,台新-建北,2023-08-01,8151
00673R,期元大S＆P原油反1,10,0,10,台新-建北,2023-08-01,8151
1314,中石化,10,0,10,台新-建北,2023-08-01,8151
4207,環泰,14,4,10,台新-建北,2023-08-01,8151
00878,國泰永續高股息,413,70,343,台新-建北,2023-08-02,8151
2382,廣達,382,137,245,台新-建北,2023-08-02,8151
00929,復華台灣科技優息,82,0,82,台新-建北,2023-08-02,8151
3231,緯創,255,178,77,台新-建北,2023-08-02,8151
2383,台光電,152,75,77,台新-建北,2023-08-02,8151
3325,旭品,188,122,66,台新-建北,2023-08-02,8151
3264,欣銓,66,0,66,台新-建北,2023-08-02,8151
1210,大成,105,43,62,台新-建北,2023-08-02,8151
00923,群益台ESG低碳50,60,0,60,台新-建北,2023-08-02,8151
1605,華新,351,293,58,台新-建北,2023-08-02,8151
6547,高端疫苗,51,1,50,台新-建北,2023-08-02,8151
00679B,元大美債20年,45,0,45,台新-建北,2023-08-02,8151
3024,憶聲,56,12,44,台新-建北,2023-08-02,8151
3037,欣興,74,34,40,台新-建北,2023-08-02,8151
00900,富邦特選高股息30,43,7,36,台新-建北,2023-08-02,8151
00657,國泰日經225,31,0,31,台新-建北,2023-08-02,8151
00919,群益台灣精選高息,32,1,31,台新-建北,2023-08-02,8151
3481,群創,62,32,30,台新-建北,2023-08-02,8151
2885,元大金,35,6,29,台新-建北,2023-08-02,8151
2442,新美齊,29,0,29,台新-建北,2023-08-02,8151
1721,三晃,38,9,29,台新-建北,2023-08-02,8151
00687B,國泰20年美債,28,0,28,台新-建北,2023-08-02,8151
8289,泰藝,25,0,25,台新-建北,2023-08-02,8151
2887,台新金,25,1,24,台新-建北,2023-08-02,8151
3017,奇鋐,100,77,23,台新-建北,2023-08-02,8151
00675L,富邦臺灣加權正2,23,0,23,台新-建北,2023-08-02,8151
3038,全台,20,0,20,台新-建北,2023-08-02,8151
8046,南電,23,4,19,台新-建北,2023-08-02,8151
4938,和碩,21,2,19,台新-建北,2023-08-02,8151
2634,漢翔,22,4,18,台新-建北,2023-08-02,8151
2316,楠梓電,19,2,17,台新-建北,2023-08-02,8151
1905,華紙,285,268,17,台新-建北,2023-08-02,8151
1608,華榮,17,0,17,台新-建北,2023-08-02,8151
00722B,群益投資級電信債,16,0,16,台新-建北,2023-08-02,8151
6170,統振,21,5,16,台新-建北,2023-08-02,8151
2002,中鋼,21,6,15,台新-建北,2023-08-02,8151
1447,力鵬,15,0,15,台新-建北,2023-08-02,8151
4138,曜亞,14,0,14,台新-建北,2023-08-02,8151
2867,三商壽,14,0,14,台新-建北,2023-08-02,8151
1560,中砂,13,0,13,台新-建北,2023-08-02,8151
00772B,中信高評級公司債,13,0,13,台新-建北,2023-08-02,8151
1783,和康生,12,0,12,台新-建北,2023-08-02,8151
9945,潤泰新,12,0,12,台新-建北,2023-08-02,8151
2408,南亞科,11,0,11,台新-建北,2023-08-02,8151
3045,台灣大,11,0,11,台新-建北,2023-08-02,8151
2610,華航,43,32,11,台新-建北,2023-08-02,8151
2367,燿華,11,0,11,台新-建北,2023-08-02,8151
1304,台聚,15,4,11,台新-建北,2023-08-02,8151
2812,台中銀,10,0,10,台新-建北,2023-08-02,8151
9902,台火,10,0,10,台新-建北,2023-08-02,8151
2376,技嘉,271,78,193,台新-建北,2023-08-04,8151
00680L,元大美債20正2,126,0,126,台新-建北,2023-08-04,8151
2382,廣達,289,180,109,台新-建北,2023-08-04,8151
2609,陽明,112,5,107,台新-建北,2023-08-04,8151
00687B,國泰20年美債,88,5,83,台新-建北,2023-08-04,8151
2618,長榮航,81,2,79,台新-建北,2023-08-04,8151
00679B,元大美債20年,76,0,76,台新-建北,2023-08-04,8151
00720B,元大投資級公司債,75,0,75,台新-建北,2023-08-04,8151
1210,大成,100,28,72,台新-建北,2023-08-04,8151
00688L,國泰20年美債正2,70,0,70,台新-建北,2023-08-04,8151
00772B,中信高評級公司債,69,0,69,台新-建北,2023-08-04,8151
00657,國泰日經225,61,0,61,台新-建北,2023-08-04,8151
00664R,國泰臺灣加權反1,60,0,60,台新-建北,2023-08-04,8151
00632R,元大台灣50反1,50,2,48,台新-建北,2023-08-04,8151
2356,英業達,307,263,44,台新-建北,2023-08-04,8151
00753L,中信中國50正2,40,0,40,台新-建北,2023-08-04,8151
1785,光洋科,46,7,39,台新-建北,2023-08-04,8151
2344,華邦電,56,17,39,台新-建北,2023-08-04,8151
1471,首利,40,2,38,台新-建北,2023-08-04,8151
1216,統一,43,5,38,台新-建北,2023-08-04,8151
00929,復華台灣科技優息,36,0,36,台新-建北,2023-08-04,8151
2913,農林,285,249,36,台新-建北,2023-08-04,8151
8936,國統,34,0,34,台新-建北,2023-08-04,8151
00900,富邦特選高股息30,41,10,31,台新-建北,2023-08-04,8151
00670L,富邦NASDAQ正2,30,0,30,台新-建北,2023-08-04,8151
3017,奇鋐,136,106,30,台新-建北,2023-08-04,8151
1802,台玻,68,40,28,台新-建北,2023-08-04,8151
2801,彰銀,28,0,28,台新-建北,2023-08-04,8151
2316,楠梓電,29,2,27,台新-建北,2023-08-04,8151
00795B,中信美國公債20年,27,0,27,台新-建北,2023-08-04,8151
00773B,中信優先金融債,26,0,26,台新-建北,2023-08-04,8151
2368,金像電,28,6,22,台新-建北,2023-08-04,8151
6446,藥華藥,23,1,22,台新-建北,2023-08-04,8151
2881,富邦金,22,0,22,台新-建北,2023-08-04,8151
2891,中信金,21,1,20,台新-建北,2023-08-04,8151
2383,台光電,48,28,20,台新-建北,2023-08-04,8151
00878,國泰永續高股息,351,331,20,台新-建北,2023-08-04,8151
1587,吉茂,19,0,19,台新-建北,2023-08-04,8151
5880,合庫金,19,0,19,台新-建北,2023-08-04,8151
5488,松普,17,0,17,台新-建北,2023-08-04,8151
3591,艾笛森,17,0,17,台新-建北,2023-08-04,8151
2006,東和鋼鐵,18,2,16,台新-建北,2023-08-04,8151
2329,華泰,23,8,15,台新-建北,2023-08-04,8151
00665L,富邦�琤肭磪囓�2,25,10,15,台新-建北,2023-08-04,8151
2867,三商壽,25,10,15,台新-建北,2023-08-04,8151
2834,臺企銀,20,5,15,台新-建北,2023-08-04,8151
1605,華新,50,36,14,台新-建北,2023-08-04,8151
3583,辛耘,33,20,13,台新-建北,2023-08-04,8151
3035,智原,15,3,12,台新-建北,2023-08-04,8151
3715,定穎投控,12,0,12,台新-建北,2023-08-04,8151
2801,彰銀,186,0,186,台新-建北,2023-08-07,8151
00929,復華台灣科技優息,129,9,120,台新-建北,2023-08-07,8151
00715L,期街口布蘭特正2,101,2,99,台新-建北,2023-08-07,8151
00931B,統一美債20年,95,0,95,台新-建北,2023-08-07,8151
00632R,元大台灣50反1,70,0,70,台新-建北,2023-08-07,8151
2425,承啟,72,7,65,台新-建北,2023-08-07,8151
2301,光寶科,207,146,61,台新-建北,2023-08-07,8151
2634,漢翔,63,6,57,台新-建北,2023-08-07,8151
2618,長榮航,315,259,56,台新-建北,2023-08-07,8151
2913,農林,83,28,55,台新-建北,2023-08-07,8151
3013,晟銘電,108,55,53,台新-建北,2023-08-07,8151
6806,森崴能源,56,5,51,台新-建北,2023-08-07,8151
00900,富邦特選高股息30,103,59,44,台新-建北,2023-08-07,8151
4967,十銓,42,2,40,台新-建北,2023-08-07,8151
3163,波若威,90,58,32,台新-建北,2023-08-07,8151
3711,日月光投控,36,4,32,台新-建北,2023-08-07,8151
00673R,期元大S＆P原油反1,30,0,30,台新-建北,2023-08-07,8151
00657,國泰日經225,30,0,30,台新-建北,2023-08-07,8151
8105,凌巨,30,0,30,台新-建北,2023-08-07,8151
2409,友達,38,9,29,台新-建北,2023-08-07,8151
00679B,元大美債20年,94,66,28,台新-建北,2023-08-07,8151
3035,智原,32,4,28,台新-建北,2023-08-07,8151
00687B,國泰20年美債,26,0,26,台新-建北,2023-08-07,8151
2352,佳世達,31,5,26,台新-建北,2023-08-07,8151
5009,榮剛,31,5,26,台新-建北,2023-08-07,8151
00907,永豐優息存股,25,0,25,台新-建北,2023-08-07,8151
3558,神準,40,15,25,台新-建北,2023-08-07,8151
2376,技嘉,78,54,24,台新-建北,2023-08-07,8151
2402,毅嘉,36,14,22,台新-建北,2023-08-07,8151
6235,華孚,25,4,21,台新-建北,2023-08-07,8151
00688L,國泰20年美債正2,21,0,21,台新-建北,2023-08-07,8151
1587,吉茂,20,0,20,台新-建北,2023-08-07,8151
3706,神達,90,70,20,台新-建北,2023-08-07,8151
5236,凌陽創新,20,0,20,台新-建北,2023-08-07,8151
9942,茂順,15,0,15,台新-建北,2023-08-07,8151
2515,中工,15,0,15,台新-建北,2023-08-07,8151
3444,利機,15,0,15,台新-建北,2023-08-07,8151
4414,如興,14,0,14,台新-建北,2023-08-07,8151
5864,致和證,13,0,13,台新-建北,2023-08-07,8151
2464,盟立,22,9,13,台新-建北,2023-08-07,8151
2603,長榮,18,5,13,台新-建北,2023-08-07,8151
00885,富邦越南,13,2,11,台新-建北,2023-08-07,8151
1608,華榮,12,1,11,台新-建北,2023-08-07,8151
6016,康和證,11,0,11,台新-建北,2023-08-07,8151
00923,群益台ESG低碳50,11,0,11,台新-建北,2023-08-07,8151
2530,華建,13,2,11,台新-建北,2023-08-07,8151
2633,台灣高鐵,10,0,10,台新-建北,2023-08-07,8151
6531,愛普*,16,6,10,台新-建北,2023-08-07,8151
2317,鴻海,17,7,10,台新-建北,2023-08-07,8151
1305,華夏,10,0,10,台新-建北,2023-08-07,8151
00929,復華台灣科技優息,289,9,280,台新-建北,2023-08-08,8151
2371,大同,196,43,153,台新-建北,2023-08-08,8151
2356,英業達,324,209,115,台新-建北,2023-08-08,8151
2388,威盛,111,10,101,台新-建北,2023-08-08,8151
2376,技嘉,150,71,79,台新-建北,2023-08-08,8151
00900,富邦特選高股息30,68,0,68,台新-建北,2023-08-08,8151
2913,農林,194,142,52,台新-建北,2023-08-08,8151
2887,台新金,52,1,51,台新-建北,2023-08-08,8151
2881,富邦金,63,11,52,台新-建北,2023-08-08,8151
1519,華城,78,31,47,台新-建北,2023-08-08,8151
2382,廣達,149,105,44,台新-建北,2023-08-08,8151
00923,群益台ESG低碳50,44,1,43,台新-建北,2023-08-08,8151
3483,力致,40,0,40,台新-建北,2023-08-08,8151
00651R,復華香港反1,36,0,36,台新-建北,2023-08-08,8151
3017,奇鋐,107,73,34,台新-建北,2023-08-08,8151
00878,國泰永續高股息,121,90,31,台新-建北,2023-08-08,8151
00931B,統一美債20年,30,0,30,台新-建北,2023-08-08,8151
00665L,富邦�琤肭磪囓�2,35,5,30,台新-建北,2023-08-08,8151
00751B,元大AAA至A公司債,30,0,30,台新-建北,2023-08-08,8151
1513,中興電,66,39,27,台新-建北,2023-08-08,8151
2303,聯電,26,0,26,台新-建北,2023-08-08,8151
3231,緯創,394,370,24,台新-建北,2023-08-08,8151
3037,欣興,26,3,23,台新-建北,2023-08-08,8151
3444,利機,23,0,23,台新-建北,2023-08-08,8151
6446,藥華藥,21,0,21,台新-建北,2023-08-08,8151
3346,麗清,21,1,20,台新-建北,2023-08-08,8151
3325,旭品,96,76,20,台新-建北,2023-08-08,8151
00688L,國泰20年美債正2,20,0,20,台新-建北,2023-08-08,8151
6535,順藥,18,0,18,台新-建北,2023-08-08,8151
3558,神準,26,9,17,台新-建北,2023-08-08,8151
1560,中砂,23,8,15,台新-建北,2023-08-08,8151
3260,威剛,15,0,15,台新-建北,2023-08-08,8151
2301,光寶科,92,77,15,台新-建北,2023-08-08,8151
5469,瀚宇博,15,1,14,台新-建北,2023-08-08,8151
6188,廣明,32,18,14,台新-建北,2023-08-08,8151
2340,台亞,14,1,13,台新-建北,2023-08-08,8151
00919,群益台灣精選高息,15,2,13,台新-建北,2023-08-08,8151
0056,元大高股息,44,32,12,台新-建北,2023-08-08,8151
006208,富邦台50,14,2,12,台新-建北,2023-08-08,8151
2886,兆豐金,13,1,12,台新-建北,2023-08-08,8151
00687B,國泰20年美債,11,0,11,台新-建北,2023-08-08,8151
00753L,中信中國50正2,11,0,11,台新-建北,2023-08-08,8151
2801,彰銀,11,0,11,台新-建北,2023-08-08,8151
3265,台星科,13,2,11,台新-建北,2023-08-08,8151
2330,台積電,11,0,11,台新-建北,2023-08-08,8151
3045,台灣大,11,0,11,台新-建北,2023-08-08,8151
3492,長盛,10,0,10,台新-建北,2023-08-08,8151
00895,富邦未來車,10,0,10,台新-建北,2023-08-08,8151
3339,泰谷,10,0,10,台新-建北,2023-08-08,8151
1217,愛之味,13,3,10,台新-建北,2023-08-08,8151
00687B,國泰20年美債,183,0,183,台新-建北,2023-08-09,8151
00679B,元大美債20年,167,21,146,台新-建北,2023-08-09,8151
00878,國泰永續高股息,107,36,71,台新-建北,2023-08-09,8151
00751B,元大AAA至A公司債,58,20,38,台新-建北,2023-08-09,8151
2606,裕民,30,0,30,台新-建北,2023-08-09,8151
4763,材料-KY,33,5,28,台新-建北,2023-08-09,8151
2329,華泰,34,6,28,台新-建北,2023-08-09,8151
2382,廣達,245,218,27,台新-建北,2023-08-09,8151
00919,群益台灣精選高息,26,0,26,台新-建北,2023-08-09,8151
00671R,富邦NASDAQ反1,25,0,25,台新-建北,2023-08-09,8151
3017,奇鋐,138,115,23,台新-建北,2023-08-09,8151
2316,楠梓電,30,7,23,台新-建北,2023-08-09,8151
3338,泰碩,25,2,23,台新-建北,2023-08-09,8151
2002,中鋼,24,1,23,台新-建北,2023-08-09,8151
3483,力致,65,42,23,台新-建北,2023-08-09,8151
3715,定穎投控,34,12,22,台新-建北,2023-08-09,8151
00929,復華台灣科技優息,26,5,21,台新-建北,2023-08-09,8151
1477,聚陽,20,0,20,台新-建北,2023-08-09,8151
5258,虹堡,34,14,20,台新-建北,2023-08-09,8151
2303,聯電,18,0,18,台新-建北,2023-08-09,8151
2425,承啟,25,8,17,台新-建北,2023-08-09,8151
5608,四維航,18,1,17,台新-建北,2023-08-09,8151
00665L,富邦�琤肭磪囓�2,27,10,17,台新-建北,2023-08-09,8151
00923,群益台ESG低碳50,16,3,13,台新-建北,2023-08-09,8151
3581,博磊,29,16,13,台新-建北,2023-08-09,8151
2025,千興,13,0,13,台新-建北,2023-08-09,8151
8936,國統,13,0,13,台新-建北,2023-08-09,8151
6147,頎邦,22,10,12,台新-建北,2023-08-09,8151
6288,聯嘉,13,1,12,台新-建北,2023-08-09,8151
2609,陽明,11,0,11,台新-建北,2023-08-09,8151
3306,鼎天,13,2,11,台新-建北,2023-08-09,8151
4188,安克,13,2,11,台新-建北,2023-08-09,8151
2376,技嘉,147,136,11,台新-建北,2023-08-09,8151
5289,宜鼎,10,0,10,台新-建北,2023-08-09,8151
00830,國泰費城半導體,10,0,10,台新-建北,2023-08-09,8151
6194,育富,21,11,10,台新-建北,2023-08-09,8151
6182,合晶,13,3,10,台新-建北,2023-08-09,8151
2465,麗臺,10,0,10,台新-建北,2023-08-09,8151
00680L,元大美債20正2,10,0,10,台新-建北,2023-08-09,8151
8255,朋程,12,2,10,台新-建北,2023-08-09,8151
9924,福興,10,0,10,台新-建北,2023-08-09,8151
5880,合庫金,10,0,10,台新-建北,2023-08-09,8151
2891,中信金,12,2,10,台新-建北,2023-08-09,8151
1785,光洋科,9,0,9,台新-建北,2023-08-09,8151
00651R,復華香港反1,9,0,9,台新-建北,2023-08-09,8151
00907,永豐優息存股,8,0,8,台新-建北,2023-08-09,8151
2890,永豐金,10,2,8,台新-建北,2023-08-09,8151
2368,金像電,43,35,8,台新-建北,2023-08-09,8151
6153,嘉聯益,8,0,8,台新-建北,2023-08-09,8151
00885,富邦越南,9,1,8,台新-建北,2023-08-09,8151
0056,元大高股息,169,10,159,台新-建北,2023-08-10,8151
1605,華新,118,4,114,台新-建北,2023-08-10,8151
3231,緯創,334,245,89,台新-建北,2023-08-10,8151
00929,復華台灣科技優息,79,0,79,台新-建北,2023-08-10,8151
2880,華南金,70,0,70,台新-建北,2023-08-10,8151
2382,廣達,215,148,67,台新-建北,2023-08-10,8151
00900,富邦特選高股息30,59,0,59,台新-建北,2023-08-10,8151
2610,華航,92,34,58,台新-建北,2023-08-10,8151
6274,台燿,63,15,48,台新-建北,2023-08-10,8151
00878,國泰永續高股息,223,184,39,台新-建北,2023-08-10,8151
6282,康舒,180,142,38,台新-建北,2023-08-10,8151
00923,群益台ESG低碳50,35,1,34,台新-建北,2023-08-10,8151
2363,矽統,111,77,34,台新-建北,2023-08-10,8151
2002,中鋼,36,7,29,台新-建北,2023-08-10,8151
2376,技嘉,58,30,28,台新-建北,2023-08-10,8151
2887,台新金,27,2,25,台新-建北,2023-08-10,8151
00655L,國泰中國A50正2,25,0,25,台新-建北,2023-08-10,8151
2206,三陽工業,24,0,24,台新-建北,2023-08-10,8151
8433,弘帆,22,0,22,台新-建北,2023-08-10,8151
1795,美時,60,38,22,台新-建北,2023-08-10,8151
2886,兆豐金,30,10,20,台新-建北,2023-08-10,8151
3444,利機,19,0,19,台新-建北,2023-08-10,8151
3078,僑威,33,14,19,台新-建北,2023-08-10,8151
3006,晶豪科,20,1,19,台新-建北,2023-08-10,8151
00751B,元大AAA至A公司債,19,1,18,台新-建北,2023-08-10,8151
5258,虹堡,39,21,18,台新-建北,2023-08-10,8151
2515,中工,17,0,17,台新-建北,2023-08-10,8151
4726,永昕,17,0,17,台新-建北,2023-08-10,8151
006208,富邦台50,19,3,16,台新-建北,2023-08-10,8151
4188,安克,16,0,16,台新-建北,2023-08-10,8151
2892,第一金,16,0,16,台新-建北,2023-08-10,8151
2888,新光金,35,20,15,台新-建北,2023-08-10,8151
00850,元大臺灣ESG永續,15,0,15,台新-建北,2023-08-10,8151
00675L,富邦臺灣加權正2,15,0,15,台新-建北,2023-08-10,8151
2312,金寶,18,4,14,台新-建北,2023-08-10,8151
3163,波若威,55,41,14,台新-建北,2023-08-10,8151
00919,群益台灣精選高息,14,0,14,台新-建北,2023-08-10,8151
00931B,統一美債20年,13,0,13,台新-建北,2023-08-10,8151
2104,國際中橡,13,0,13,台新-建北,2023-08-10,8151
3035,智原,15,2,13,台新-建北,2023-08-10,8151
2030,彰源,12,0,12,台新-建北,2023-08-10,8151
2402,毅嘉,17,5,12,台新-建北,2023-08-10,8151
3264,欣銓,12,0,12,台新-建北,2023-08-10,8151
00830,國泰費城半導體,12,0,12,台新-建北,2023-08-10,8151
2603,長榮,18,6,12,台新-建北,2023-08-10,8151
2316,楠梓電,15,4,11,台新-建北,2023-08-10,8151
3260,威剛,18,7,11,台新-建北,2023-08-10,8151
3038,全台,14,3,11,台新-建北,2023-08-10,8151
3024,憶聲,12,1,11,台新-建北,2023-08-10,8151
2025,千興,11,0,11,台新-建北,2023-08-10,8151
8050,廣積,154,14,140,台新-建北,2023-08-11,8151
4967,十銓,111,7,104,台新-建北,2023-08-11,8151
00665L,富邦�琤肭磪囓�2,95,5,90,台新-建北,2023-08-11,8151
2618,長榮航,244,160,84,台新-建北,2023-08-11,8151
2891,中信金,73,2,71,台新-建北,2023-08-11,8151
2486,一詮,61,1,60,台新-建北,2023-08-11,8151
00900,富邦特選高股息30,63,3,60,台新-建北,2023-08-11,8151
2458,義隆,62,4,58,台新-建北,2023-08-11,8151
00931B,統一美債20年,56,0,56,台新-建北,2023-08-11,8151
2368,金像電,72,19,53,台新-建北,2023-08-11,8151
6547,高端疫苗,52,6,46,台新-建北,2023-08-11,8151
00687B,國泰20年美債,46,0,46,台新-建北,2023-08-11,8151
00929,復華台灣科技優息,59,13,46,台新-建北,2023-08-11,8151
2892,第一金,46,4,42,台新-建北,2023-08-11,8151
6538,倉和,44,4,40,台新-建北,2023-08-11,8151
3006,晶豪科,40,0,40,台新-建北,2023-08-11,8151
0056,元大高股息,44,5,39,台新-建北,2023-08-11,8151
2888,新光金,45,10,35,台新-建北,2023-08-11,8151
2387,精元,35,4,31,台新-建北,2023-08-11,8151
5469,瀚宇博,40,10,30,台新-建北,2023-08-11,8151
2913,農林,77,47,30,台新-建北,2023-08-11,8151
00680L,元大美債20正2,28,0,28,台新-建北,2023-08-11,8151
3005,神基,28,0,28,台新-建北,2023-08-11,8151
2317,鴻海,27,2,25,台新-建北,2023-08-11,8151
2851,中再保,40,19,21,台新-建北,2023-08-11,8151
00715L,期街口布蘭特正2,20,0,20,台新-建北,2023-08-11,8151
6177,達麗,20,0,20,台新-建北,2023-08-11,8151
3049,精金,20,0,20,台新-建北,2023-08-11,8151
1319,東陽,21,1,20,台新-建北,2023-08-11,8151
00878,國泰永續高股息,41,22,19,台新-建北,2023-08-11,8151
3444,利機,18,0,18,台新-建北,2023-08-11,8151
3264,欣銓,22,4,18,台新-建北,2023-08-11,8151
2881,富邦金,24,6,18,台新-建北,2023-08-11,8151
3483,力致,45,28,17,台新-建北,2023-08-11,8151
2316,楠梓電,34,17,17,台新-建北,2023-08-11,8151
3583,辛耘,26,9,17,台新-建北,2023-08-11,8151
00706L,期元大S＆P日圓正2,17,0,17,台新-建北,2023-08-11,8151
1909,榮成,17,0,17,台新-建北,2023-08-11,8151
3231,緯創,419,402,17,台新-建北,2023-08-11,8151
2002,中鋼,17,1,16,台新-建北,2023-08-11,8151
1514,亞力,18,2,16,台新-建北,2023-08-11,8151
00795B,中信美國公債20年,19,5,14,台新-建北,2023-08-11,8151
2206,三陽工業,21,7,14,台新-建北,2023-08-11,8151
00722B,群益投資級電信債,14,0,14,台新-建北,2023-08-11,8151
00720B,元大投資級公司債,13,0,13,台新-建北,2023-08-11,8151
00888,永豐台灣ESG,13,0,13,台新-建北,2023-08-11,8151
3037,欣興,22,10,12,台新-建北,2023-08-11,8151
3701,大眾控,36,24,12,台新-建北,2023-08-11,8151
6205,詮欣,12,0,12,台新-建北,2023-08-11,8151
006208,富邦台50,12,0,12,台新-建北,2023-08-11,8151
00900,富邦特選高股息30,311,0,311,台新-建北,2023-08-14,8151
00878,國泰永續高股息,316,74,242,台新-建北,2023-08-14,8151
00929,復華台灣科技優息,190,3,187,台新-建北,2023-08-14,8151
2002,中鋼,127,3,124,台新-建北,2023-08-14,8151
6177,達麗,111,0,111,台新-建北,2023-08-14,8151
2880,華南金,100,0,100,台新-建北,2023-08-14,8151
2363,矽統,433,334,99,台新-建北,2023-08-14,8151
2610,華航,120,39,81,台新-建北,2023-08-14,8151
2382,廣達,505,447,58,台新-建北,2023-08-14,8151
00923,群益台ESG低碳50,50,0,50,台新-建北,2023-08-14,8151
00648R,元大S＆P500反1,50,0,50,台新-建北,2023-08-14,8151
2357,華碩,95,47,48,台新-建北,2023-08-14,8151
3006,晶豪科,43,0,43,台新-建北,2023-08-14,8151
3483,力致,60,23,37,台新-建北,2023-08-14,8151
3264,欣銓,36,2,34,台新-建北,2023-08-14,8151
2891,中信金,38,5,33,台新-建北,2023-08-14,8151
2888,新光金,34,2,32,台新-建北,2023-08-14,8151
2887,台新金,60,29,31,台新-建北,2023-08-14,8151
0050,元大台灣50,30,0,30,台新-建北,2023-08-14,8151
00882,中信中國高股息,29,0,29,台新-建北,2023-08-14,8151
2883,凱基金,30,3,27,台新-建北,2023-08-14,8151
2834,臺企銀,26,0,26,台新-建北,2023-08-14,8151
6446,藥華藥,29,3,26,台新-建北,2023-08-14,8151
00665L,富邦�琤肭磪囓�2,35,10,25,台新-建北,2023-08-14,8151
3567,逸昌,25,0,25,台新-建北,2023-08-14,8151
1210,大成,24,0,24,台新-建北,2023-08-14,8151
2886,兆豐金,28,5,23,台新-建北,2023-08-14,8151
1312,國喬,21,0,21,台新-建北,2023-08-14,8151
00664R,國泰臺灣加權反1,30,9,21,台新-建北,2023-08-14,8151
1101,台泥,21,0,21,台新-建北,2023-08-14,8151
3049,精金,20,0,20,台新-建北,2023-08-14,8151
6284,佳邦,19,0,19,台新-建北,2023-08-14,8151
6770,力積電,21,2,19,台新-建北,2023-08-14,8151
3024,憶聲,18,0,18,台新-建北,2023-08-14,8151
2356,英業達,304,287,17,台新-建北,2023-08-14,8151
2402,毅嘉,18,1,17,台新-建北,2023-08-14,8151
006208,富邦台50,16,0,16,台新-建北,2023-08-14,8151
2201,裕隆,16,0,16,台新-建北,2023-08-14,8151
00931B,統一美債20年,16,0,16,台新-建北,2023-08-14,8151
3706,神達,58,42,16,台新-建北,2023-08-14,8151
1731,美吾華,15,0,15,台新-建北,2023-08-14,8151
2883B,凱基金乙特,15,0,15,台新-建北,2023-08-14,8151
3231,緯創,561,546,15,台新-建北,2023-08-14,8151
00850,元大臺灣ESG永續,15,0,15,台新-建北,2023-08-14,8151
4123,晟德,15,0,15,台新-建北,2023-08-14,8151
6235,華孚,15,1,14,台新-建北,2023-08-14,8151
3444,利機,15,1,14,台新-建北,2023-08-14,8151
00675L,富邦臺灣加權正2,13,0,13,台新-建北,2023-08-14,8151
2892,第一金,14,1,13,台新-建北,2023-08-14,8151
9945,潤泰新,13,0,13,台新-建北,2023-08-14,8151
2324,仁寶,631,249,382,台新-建北,2023-08-15,8151
3231,緯創,516,337,179,台新-建北,2023-08-15,8151
00929,復華台灣科技優息,114,1,113,台新-建北,2023-08-15,8151
00751B,元大AAA至A公司債,98,0,98,台新-建北,2023-08-15,8151
00900,富邦特選高股息30,80,1,79,台新-建北,2023-08-15,8151
2409,友達,70,3,67,台新-建北,2023-08-15,8151
3035,智原,96,30,66,台新-建北,2023-08-15,8151
2883,凱基金,57,1,56,台新-建北,2023-08-15,8151
2618,長榮航,82,28,54,台新-建北,2023-08-15,8151
00680L,元大美債20正2,53,0,53,台新-建北,2023-08-15,8151
00648R,元大S＆P500反1,50,0,50,台新-建北,2023-08-15,8151
00878,國泰永續高股息,163,124,39,台新-建北,2023-08-15,8151
2376,技嘉,94,56,38,台新-建北,2023-08-15,8151
00679B,元大美債20年,37,0,37,台新-建北,2023-08-15,8151
2317,鴻海,46,12,34,台新-建北,2023-08-15,8151
00923,群益台ESG低碳50,34,2,32,台新-建北,2023-08-15,8151
2882,國泰金,32,1,31,台新-建北,2023-08-15,8151
3163,波若威,90,59,31,台新-建北,2023-08-15,8151
00885,富邦越南,30,0,30,台新-建北,2023-08-15,8151
2851,中再保,27,2,25,台新-建北,2023-08-15,8151
3017,奇鋐,38,16,22,台新-建北,2023-08-15,8151
8210,勤誠,29,7,22,台新-建北,2023-08-15,8151
00687B,國泰20年美債,38,17,21,台新-建北,2023-08-15,8151
2399,映泰,28,8,20,台新-建北,2023-08-15,8151
6177,達麗,20,0,20,台新-建北,2023-08-15,8151
2374,佳能,20,0,20,台新-建北,2023-08-15,8151
00651R,復華香港反1,19,0,19,台新-建北,2023-08-15,8151
00772B,中信高評級公司債,19,0,19,台新-建北,2023-08-15,8151
2356,英業達,262,244,18,台新-建北,2023-08-15,8151
3024,憶聲,16,0,16,台新-建北,2023-08-15,8151
2329,華泰,17,1,16,台新-建北,2023-08-15,8151
5488,松普,15,0,15,台新-建北,2023-08-15,8151
1587,吉茂,14,0,14,台新-建北,2023-08-15,8151
3587,閎康,16,3,13,台新-建北,2023-08-15,8151
1101,台泥,12,0,12,台新-建北,2023-08-15,8151
00907,永豐優息存股,13,1,12,台新-建北,2023-08-15,8151
4763,材料-KY,18,6,12,台新-建北,2023-08-15,8151
2027,大成鋼,14,2,12,台新-建北,2023-08-15,8151
9105,泰金寶-DR,12,0,12,台新-建北,2023-08-15,8151
2387,精元,16,4,12,台新-建北,2023-08-15,8151
00764B,群益25年美債,12,0,12,台新-建北,2023-08-15,8151
2884,玉山金,12,0,12,台新-建北,2023-08-15,8151
1303,南亞,11,0,11,台新-建北,2023-08-15,8151
2330,台積電,12,1,11,台新-建北,2023-08-15,8151
1731,美吾華,10,0,10,台新-建北,2023-08-15,8151
00688L,國泰20年美債正2,10,0,10,台新-建北,2023-08-15,8151
00752,中信中國50,10,0,10,台新-建北,2023-08-15,8151
8049,晶采,10,0,10,台新-建北,2023-08-15,8151
00882,中信中國高股息,9,0,9,台新-建北,2023-08-15,8151
9945,潤泰新,9,0,9,台新-建北,2023-08-15,8151
0056,元大高股息,307,17,290,台新-建北,2023-08-16,8151
2356,英業達,597,331,266,台新-建北,2023-08-16,8151
00878,國泰永續高股息,320,117,203,台新-建北,2023-08-16,8151
3481,群創,247,45,202,台新-建北,2023-08-16,8151
8050,廣積,172,14,158,台新-建北,2023-08-16,8151
00929,復華台灣科技優息,147,1,146,台新-建北,2023-08-16,8151
2382,廣達,350,232,118,台新-建北,2023-08-16,8151
3035,智原,192,90,102,台新-建北,2023-08-16,8151
00673R,期元大S＆P原油反1,100,0,100,台新-建北,2023-08-16,8151
00931B,統一美債20年,74,0,74,台新-建北,2023-08-16,8151
00795B,中信美國公債20年,73,0,73,台新-建北,2023-08-16,8151
4960,誠美材,54,0,54,台新-建北,2023-08-16,8151
2303,聯電,52,1,51,台新-建北,2023-08-16,8151
5488,松普,58,15,43,台新-建北,2023-08-16,8151
2323,中環,38,1,37,台新-建北,2023-08-16,8151
2883,凱基金,36,2,34,台新-建北,2023-08-16,8151
00772B,中信高評級公司債,33,0,33,台新-建北,2023-08-16,8151
3231,緯創,650,617,33,台新-建北,2023-08-16,8151
2313,華通,30,0,30,台新-建北,2023-08-16,8151
00657,國泰日經225,30,0,30,台新-建北,2023-08-16,8151
2891,中信金,31,2,29,台新-建北,2023-08-16,8151
2317,鴻海,40,12,28,台新-建北,2023-08-16,8151
4207,環泰,25,0,25,台新-建北,2023-08-16,8151
2002,中鋼,29,5,24,台新-建北,2023-08-16,8151
2457,飛宏,31,7,24,台新-建北,2023-08-16,8151
00751B,元大AAA至A公司債,23,0,23,台新-建北,2023-08-16,8151
3706,神達,31,8,23,台新-建北,2023-08-16,8151
2486,一詮,49,26,23,台新-建北,2023-08-16,8151
2884,玉山金,26,4,22,台新-建北,2023-08-16,8151
00900,富邦特選高股息30,22,0,22,台新-建北,2023-08-16,8151
2880,華南金,22,0,22,台新-建北,2023-08-16,8151
2329,華泰,73,51,22,台新-建北,2023-08-16,8151
00923,群益台ESG低碳50,26,5,21,台新-建北,2023-08-16,8151
2609,陽明,21,0,21,台新-建北,2023-08-16,8151
00773B,中信優先金融債,21,0,21,台新-建北,2023-08-16,8151
2834,臺企銀,21,0,21,台新-建北,2023-08-16,8151
5457,宣德,20,0,20,台新-建北,2023-08-16,8151
00907,永豐優息存股,17,0,17,台新-建北,2023-08-16,8151
8358,金居,158,141,17,台新-建北,2023-08-16,8151
00882,中信中國高股息,16,0,16,台新-建北,2023-08-16,8151
00665L,富邦�琤肭磪囓�2,16,0,16,台新-建北,2023-08-16,8151
2376,技嘉,84,68,16,台新-建北,2023-08-16,8151
2886,兆豐金,16,2,14,台新-建北,2023-08-16,8151
00712,復華富時不動產,15,1,14,台新-建北,2023-08-16,8151
6205,詮欣,14,0,14,台新-建北,2023-08-16,8151
6488,環球晶,15,2,13,台新-建北,2023-08-16,8151
2371,大同,17,4,13,台新-建北,2023-08-16,8151
6770,力積電,15,3,12,台新-建北,2023-08-16,8151
3045,台灣大,11,0,11,台新-建北,2023-08-16,8151
8210,勤誠,89,78,11,台新-建北,2023-08-16,8151
00651R,復華香港反1,141,0,141,台新-建北,2023-08-17,8151
00931B,統一美債20年,83,0,83,台新-建北,2023-08-17,8151
3035,智原,117,39,78,台新-建北,2023-08-17,8151
00929,復華台灣科技優息,65,0,65,台新-建北,2023-08-17,8151
3548,兆利,123,64,59,台新-建北,2023-08-17,8151
3163,波若威,148,90,58,台新-建北,2023-08-17,8151
2324,仁寶,389,333,56,台新-建北,2023-08-17,8151
8050,廣積,74,33,41,台新-建北,2023-08-17,8151
2303,聯電,48,7,41,台新-建北,2023-08-17,8151
8210,勤誠,93,53,40,台新-建北,2023-08-17,8151
3454,晶睿,39,2,37,台新-建北,2023-08-17,8151
5488,松普,36,0,36,台新-建北,2023-08-17,8151
2241,艾姆勒,35,0,35,台新-建北,2023-08-17,8151
2501,國建,32,0,32,台新-建北,2023-08-17,8151
00665L,富邦�琤肭磪囓�2,148,118,30,台新-建北,2023-08-17,8151
2405,輔信,30,0,30,台新-建北,2023-08-17,8151
2885,元大金,31,5,26,台新-建北,2023-08-17,8151
00923,群益台ESG低碳50,24,0,24,台新-建北,2023-08-17,8151
00751B,元大AAA至A公司債,24,0,24,台新-建北,2023-08-17,8151
00720B,元大投資級公司債,24,1,23,台新-建北,2023-08-17,8151
00900,富邦特選高股息30,24,1,23,台新-建北,2023-08-17,8151
2002,中鋼,29,6,23,台新-建北,2023-08-17,8151
00772B,中信高評級公司債,22,0,22,台新-建北,2023-08-17,8151
9945,潤泰新,24,3,21,台新-建北,2023-08-17,8151
00664R,國泰臺灣加權反1,20,0,20,台新-建北,2023-08-17,8151
8936,國統,21,2,19,台新-建北,2023-08-17,8151
00795B,中信美國公債20年,18,0,18,台新-建北,2023-08-17,8151
2313,華通,19,1,18,台新-建北,2023-08-17,8151
00688L,國泰20年美債正2,17,0,17,台新-建北,2023-08-17,8151
00712,復華富時不動產,18,3,15,台新-建北,2023-08-17,8151
00673R,期元大S＆P原油反1,15,0,15,台新-建北,2023-08-17,8151
2457,飛宏,18,3,15,台新-建北,2023-08-17,8151
6806,森崴能源,14,0,14,台新-建北,2023-08-17,8151
00882,中信中國高股息,13,0,13,台新-建北,2023-08-17,8151
4126,太醫,13,0,13,台新-建北,2023-08-17,8151
2409,友達,25,12,13,台新-建北,2023-08-17,8151
2368,金像電,95,82,13,台新-建北,2023-08-17,8151
2884,玉山金,14,2,12,台新-建北,2023-08-17,8151
3056,富華新,12,0,12,台新-建北,2023-08-17,8151
00908,富邦入息REITs+,12,0,12,台新-建北,2023-08-17,8151
3689,湧德,71,59,12,台新-建北,2023-08-17,8151
00773B,中信優先金融債,11,0,11,台新-建北,2023-08-17,8151
2312,金寶,14,3,11,台新-建北,2023-08-17,8151
6167,久正,16,5,11,台新-建北,2023-08-17,8151
6205,詮欣,11,0,11,台新-建北,2023-08-17,8151
1303,南亞,11,0,11,台新-建北,2023-08-17,8151
6446,藥華藥,20,10,10,台新-建北,2023-08-17,8151
2889,國票金,11,1,10,台新-建北,2023-08-17,8151
1314,中石化,10,0,10,台新-建北,2023-08-17,8151
00733,富邦臺灣中小,10,0,10,台新-建北,2023-08-17,8151
2609,陽明,807,59,748,台新-建北,2023-08-18,8151
2606,裕民,382,44,338,台新-建北,2023-08-18,8151
2329,華泰,178,71,107,台新-建北,2023-08-18,8151
3693,營邦,118,20,98,台新-建北,2023-08-18,8151
00929,復華台灣科技優息,80,0,80,台新-建北,2023-08-18,8151
00878,國泰永續高股息,243,179,64,台新-建北,2023-08-18,8151
2367,燿華,60,0,60,台新-建北,2023-08-18,8151
2611,志信,60,0,60,台新-建北,2023-08-18,8151
4105,東洋,60,0,60,台新-建北,2023-08-18,8151
2104,國際中橡,51,1,50,台新-建北,2023-08-18,8151
2324,仁寶,133,85,48,台新-建北,2023-08-18,8151
3011,今皓,48,0,48,台新-建北,2023-08-18,8151
00885,富邦越南,57,10,47,台新-建北,2023-08-18,8151
3051,力特,57,12,45,台新-建北,2023-08-18,8151
1909,榮成,40,0,40,台新-建北,2023-08-18,8151
00651R,復華香港反1,36,0,36,台新-建北,2023-08-18,8151
8210,勤誠,151,121,30,台新-建北,2023-08-18,8151
2402,毅嘉,51,23,28,台新-建北,2023-08-18,8151
00712,復華富時不動產,27,0,27,台新-建北,2023-08-18,8151
00900,富邦特選高股息30,26,2,24,台新-建北,2023-08-18,8151
00665L,富邦�琤肭磪囓�2,30,6,24,台新-建北,2023-08-18,8151
2883,凱基金,23,0,23,台新-建北,2023-08-18,8151
8155,博智,24,3,21,台新-建北,2023-08-18,8151
00664R,國泰臺灣加權反1,20,0,20,台新-建北,2023-08-18,8151
2425,承啟,26,6,20,台新-建北,2023-08-18,8151
4967,十銓,23,3,20,台新-建北,2023-08-18,8151
3704,合勤控,42,23,19,台新-建北,2023-08-18,8151
2241,艾姆勒,20,1,19,台新-建北,2023-08-18,8151
3044,健鼎,56,37,19,台新-建北,2023-08-18,8151
00720B,元大投資級公司債,18,0,18,台新-建北,2023-08-18,8151
4942,嘉彰,18,0,18,台新-建北,2023-08-18,8151
2891,中信金,19,2,17,台新-建北,2023-08-18,8151
3325,旭品,36,19,17,台新-建北,2023-08-18,8151
6163,華電網,19,3,16,台新-建北,2023-08-18,8151
9907,統一實,16,0,16,台新-建北,2023-08-18,8151
2884,玉山金,16,0,16,台新-建北,2023-08-18,8151
5534,長虹,15,0,15,台新-建北,2023-08-18,8151
3211,順達,15,0,15,台新-建北,2023-08-18,8151
1605,華新,19,4,15,台新-建北,2023-08-18,8151
3675,德微,15,0,15,台新-建北,2023-08-18,8151
1504,東元,20,5,15,台新-建北,2023-08-18,8151
00923,群益台ESG低碳50,24,10,14,台新-建北,2023-08-18,8151
00882,中信中國高股息,13,0,13,台新-建北,2023-08-18,8151
2887,台新金,13,0,13,台新-建北,2023-08-18,8151
2353,宏��,26,14,12,台新-建北,2023-08-18,8151
8109,博大,13,1,12,台新-建北,2023-08-18,8151
6274,台燿,15,4,11,台新-建北,2023-08-18,8151
2303,聯電,21,10,11,台新-建北,2023-08-18,8151
0056,元大高股息,19,8,11,台新-建北,2023-08-18,8151
00830,國泰費城半導體,11,0,11,台新-建北,2023-08-18,8151
2606,裕民,127,29,98,台新-建北,2023-08-21,8151
2489,瑞軒,85,0,85,台新-建北,2023-08-21,8151
2881,富邦金,51,1,50,台新-建北,2023-08-21,8151
8049,晶采,49,0,49,台新-建北,2023-08-21,8151
2301,光寶科,75,27,48,台新-建北,2023-08-21,8151
2457,飛宏,52,11,41,台新-建北,2023-08-21,8151
3035,智原,74,40,34,台新-建北,2023-08-21,8151
00637L,元大滬深300正2,33,0,33,台新-建北,2023-08-21,8151
1304,台聚,31,0,31,台新-建北,2023-08-21,8151
00929,復華台灣科技優息,33,3,30,台新-建北,2023-08-21,8151
2887,台新金,29,0,29,台新-建北,2023-08-21,8151
3024,憶聲,27,0,27,台新-建北,2023-08-21,8151
00885,富邦越南,51,26,25,台新-建北,2023-08-21,8151
6472,保瑞,27,2,25,台新-建北,2023-08-21,8151
2618,長榮航,32,7,25,台新-建北,2023-08-21,8151
00882,中信中國高股息,22,0,22,台新-建北,2023-08-21,8151
3163,波若威,71,49,22,台新-建北,2023-08-21,8151
2382,廣達,313,292,21,台新-建北,2023-08-21,8151
1471,首利,20,0,20,台新-建北,2023-08-21,8151
00664R,國泰臺灣加權反1,20,0,20,台新-建北,2023-08-21,8151
2376,技嘉,96,77,19,台新-建北,2023-08-21,8151
3325,旭品,29,11,18,台新-建北,2023-08-21,8151
00751B,元大AAA至A公司債,152,136,16,台新-建北,2023-08-21,8151
3693,營邦,26,10,16,台新-建北,2023-08-21,8151
3017,奇鋐,37,21,16,台新-建北,2023-08-21,8151
6235,華孚,47,32,15,台新-建北,2023-08-21,8151
00687B,國泰20年美債,14,0,14,台新-建北,2023-08-21,8151
3025,星通,20,6,14,台新-建北,2023-08-21,8151
3231,緯創,166,153,13,台新-建北,2023-08-21,8151
3037,欣興,15,2,13,台新-建北,2023-08-21,8151
2442,新美齊,13,0,13,台新-建北,2023-08-21,8151
3308,聯德,14,2,12,台新-建北,2023-08-21,8151
2388,威盛,31,19,12,台新-建北,2023-08-21,8151
0050,元大台灣50,12,1,11,台新-建北,2023-08-21,8151
2888,新光金,21,10,11,台新-建北,2023-08-21,8151
2610,華航,34,23,11,台新-建北,2023-08-21,8151
00720B,元大投資級公司債,12,1,11,台新-建北,2023-08-21,8151
00679B,元大美債20年,15,5,10,台新-建北,2023-08-21,8151
9950,萬國通,10,0,10,台新-建北,2023-08-21,8151
00665L,富邦�琤肭磪囓�2,85,75,10,台新-建北,2023-08-21,8151
2323,中環,10,0,10,台新-建北,2023-08-21,8151
1101,台泥,10,1,9,台新-建北,2023-08-21,8151
1808,潤隆,8,0,8,台新-建北,2023-08-21,8151
3228,金麗科,15,7,8,台新-建北,2023-08-21,8151
2402,毅嘉,12,4,8,台新-建北,2023-08-21,8151
4538,大詠城,8,0,8,台新-建北,2023-08-21,8151
4934,太極,8,0,8,台新-建北,2023-08-21,8151
2317,鴻海,8,1,7,台新-建北,2023-08-21,8151
00688L,國泰20年美債正2,7,0,7,台新-建北,2023-08-21,8151
00670L,富邦NASDAQ正2,7,0,7,台新-建北,2023-08-21,8151
4979,華星光,186,43,143,台新-建北,2023-08-22,8151
2002,中鋼,107,0,107,台新-建北,2023-08-22,8151
2637,慧洋-KY,62,1,61,台新-建北,2023-08-22,8151
2363,矽統,394,342,52,台新-建北,2023-08-22,8151
2489,瑞軒,40,0,40,台新-建北,2023-08-22,8151
00633L,富邦上証正2,38,0,38,台新-建北,2023-08-22,8151
1609,大亞,43,7,36,台新-建北,2023-08-22,8151
8049,晶采,33,0,33,台新-建北,2023-08-22,8151
00931B,統一美債20年,31,0,31,台新-建北,2023-08-22,8151
2303,聯電,32,1,31,台新-建北,2023-08-22,8151
00772B,中信高評級公司債,32,2,30,台新-建北,2023-08-22,8151
4763,材料-KY,35,5,30,台新-建北,2023-08-22,8151
3163,波若威,155,125,30,台新-建北,2023-08-22,8151
3011,今皓,29,0,29,台新-建北,2023-08-22,8151
5426,振發,34,9,25,台新-建北,2023-08-22,8151
3483,力致,61,37,24,台新-建北,2023-08-22,8151
00795B,中信美國公債20年,22,0,22,台新-建北,2023-08-22,8151
1447,力鵬,22,0,22,台新-建北,2023-08-22,8151
2402,毅嘉,27,5,22,台新-建北,2023-08-22,8151
4746,台耀,21,0,21,台新-建北,2023-08-22,8151
00664R,國泰臺灣加權反1,20,0,20,台新-建北,2023-08-22,8151
6472,保瑞,17,0,17,台新-建北,2023-08-22,8151
2376,技嘉,63,46,17,台新-建北,2023-08-22,8151
2891,中信金,18,2,16,台新-建北,2023-08-22,8151
2399,映泰,15,0,15,台新-建北,2023-08-22,8151
4207,環泰,20,5,15,台新-建北,2023-08-22,8151
2313,華通,15,0,15,台新-建北,2023-08-22,8151
3305,昇貿,18,3,15,台新-建北,2023-08-22,8151
2929,淘帝-KY,15,0,15,台新-建北,2023-08-22,8151
2332,友訊,37,23,14,台新-建北,2023-08-22,8151
2357,華碩,16,2,14,台新-建北,2023-08-22,8151
5439,高技,15,1,14,台新-建北,2023-08-22,8151
3045,台灣大,13,0,13,台新-建北,2023-08-22,8151
6245,立端,13,0,13,台新-建北,2023-08-22,8151
2887,台新金,14,2,12,台新-建北,2023-08-22,8151
3380,明泰,53,41,12,台新-建北,2023-08-22,8151
2888,新光金,12,0,12,台新-建北,2023-08-22,8151
3454,晶睿,12,0,12,台新-建北,2023-08-22,8151
3044,健鼎,21,9,12,台新-建北,2023-08-22,8151
6235,華孚,48,37,11,台新-建北,2023-08-22,8151
1513,中興電,23,13,10,台新-建北,2023-08-22,8151
00688L,國泰20年美債正2,10,0,10,台新-建北,2023-08-22,8151
2241,艾姆勒,10,0,10,台新-建北,2023-08-22,8151
3703,欣陸,10,0,10,台新-建北,2023-08-22,8151
2425,承啟,10,0,10,台新-建北,2023-08-22,8151
2617,台航,11,1,10,台新-建北,2023-08-22,8151
00929,復華台灣科技優息,10,0,10,台新-建北,2023-08-22,8151
2884,玉山金,9,0,9,台新-建北,2023-08-22,8151
2356,英業達,228,218,10,台新-建北,2023-08-22,8151
00720B,元大投資級公司債,9,0,9,台新-建北,2023-08-22,8151
00632R,元大台灣50反1,391,0,391,台新-建北,2023-08-23,8151
8049,晶采,78,0,78,台新-建北,2023-08-23,8151
2609,陽明,63,3,60,台新-建北,2023-08-23,8151
2301,光寶科,57,15,42,台新-建北,2023-08-23,8151
1471,首利,47,9,38,台新-建北,2023-08-23,8151
3693,營邦,43,9,34,台新-建北,2023-08-23,8151
1304,台聚,30,0,30,台新-建北,2023-08-23,8151
3035,智原,55,28,27,台新-建北,2023-08-23,8151
2891,中信金,24,1,23,台新-建北,2023-08-23,8151
2382,廣達,110,89,21,台新-建北,2023-08-23,8151
2882,國泰金,21,0,21,台新-建北,2023-08-23,8151
4906,正文,34,13,21,台新-建北,2023-08-23,8151
5347,世界,20,0,20,台新-建北,2023-08-23,8151
2603,長榮,20,2,18,台新-建北,2023-08-23,8151
00651R,復華香港反1,16,0,16,台新-建北,2023-08-23,8151
2402,毅嘉,18,2,16,台新-建北,2023-08-23,8151
00772B,中信高評級公司債,14,0,14,台新-建北,2023-08-23,8151
2421,建準,28,14,14,台新-建北,2023-08-23,8151
0050,元大台灣50,14,1,13,台新-建北,2023-08-23,8151
3380,明泰,20,7,13,台新-建北,2023-08-23,8151
3231,緯創,89,77,12,台新-建北,2023-08-23,8151
9938,百和,12,0,12,台新-建北,2023-08-23,8151
3051,力特,88,77,11,台新-建北,2023-08-23,8151
1308,亞聚,11,0,11,台新-建北,2023-08-23,8151
1795,美時,10,0,10,台新-建北,2023-08-23,8151
3704,合勤控,18,8,10,台新-建北,2023-08-23,8151
1904,正隆,10,0,10,台新-建北,2023-08-23,8151
2886,兆豐金,10,0,10,台新-建北,2023-08-23,8151
1316,上曜,10,0,10,台新-建北,2023-08-23,8151
8358,金居,29,20,9,台新-建北,2023-08-23,8151
8039,台虹,13,4,9,台新-建北,2023-08-23,8151
2376,技嘉,18,9,9,台新-建北,2023-08-23,8151
2449,京元電子,81,72,9,台新-建北,2023-08-23,8151
2303,聯電,40,31,9,台新-建北,2023-08-23,8151
5388,中磊,12,4,8,台新-建北,2023-08-23,8151
6125,廣運,20,12,8,台新-建北,2023-08-23,8151
3583,辛耘,9,1,8,台新-建北,2023-08-23,8151
3032,偉訓,8,0,8,台新-建北,2023-08-23,8151
4979,華星光,47,39,8,台新-建北,2023-08-23,8151
2634,漢翔,86,78,8,台新-建北,2023-08-23,8151
3680,家登,21,14,7,台新-建北,2023-08-23,8151
2002,中鋼,7,0,7,台新-建北,2023-08-23,8151
2883,凱基金,7,0,7,台新-建北,2023-08-23,8151
3324,雙鴻,8,1,7,台新-建北,2023-08-23,8151
6117,迎廣,75,68,7,台新-建北,2023-08-23,8151
6231,系微,16,9,7,台新-建北,2023-08-23,8151
2485,兆赫,31,24,7,台新-建北,2023-08-23,8151
2610,華航,13,6,7,台新-建北,2023-08-23,8151
2618,長榮航,111,104,7,台新-建北,2023-08-23,8151
1609,大亞,7,1,6,台新-建北,2023-08-23,8151
00632R,元大台灣50反1,721,95,626,台新-建北,2023-08-24,8151
00929,復華台灣科技優息,685,112,573,台新-建北,2023-08-24,8151
8050,廣積,116,4,112,台新-建北,2023-08-24,8151
00753L,中信中國50正2,100,0,100,台新-建北,2023-08-24,8151
2867,三商壽,100,0,100,台新-建北,2023-08-24,8151
2368,金像電,127,31,96,台新-建北,2023-08-24,8151
2356,英業達,295,209,86,台新-建北,2023-08-24,8151
2363,矽統,377,301,76,台新-建北,2023-08-24,8151
2323,中環,64,3,61,台新-建北,2023-08-24,8151
00648R,元大S＆P500反1,50,0,50,台新-建北,2023-08-24,8151
3380,明泰,46,2,44,台新-建北,2023-08-24,8151
1471,首利,41,2,39,台新-建北,2023-08-24,8151
5457,宣德,39,0,39,台新-建北,2023-08-24,8151
2324,仁寶,58,29,29,台新-建北,2023-08-24,8151
00671R,富邦NASDAQ反1,25,0,25,台新-建北,2023-08-24,8151
00665L,富邦�琤肭磪囓�2,40,15,25,台新-建北,2023-08-24,8151
2542,興富發,25,0,25,台新-建北,2023-08-24,8151
1609,大亞,32,7,25,台新-建北,2023-08-24,8151
2425,承啟,21,0,21,台新-建北,2023-08-24,8151
2923,鼎固-KY,20,0,20,台新-建北,2023-08-24,8151
4542,科嶠,24,4,20,台新-建北,2023-08-24,8151
3339,泰谷,19,0,19,台新-建北,2023-08-24,8151
3006,晶豪科,19,1,18,台新-建北,2023-08-24,8151
1503,士電,18,0,18,台新-建北,2023-08-24,8151
00919,群益台灣精選高息,21,4,17,台新-建北,2023-08-24,8151
6472,保瑞,18,2,16,台新-建北,2023-08-24,8151
2913,農林,16,0,16,台新-建北,2023-08-24,8151
3308,聯德,62,47,15,台新-建北,2023-08-24,8151
4164,承業醫,13,0,13,台新-建北,2023-08-24,8151
2888,新光金,17,4,13,台新-建北,2023-08-24,8151
3702,大聯大,17,4,13,台新-建北,2023-08-24,8151
4746,台耀,13,0,13,台新-建北,2023-08-24,8151
6282,康舒,19,7,12,台新-建北,2023-08-24,8151
2884,玉山金,11,0,11,台新-建北,2023-08-24,8151
3443,創意,15,4,11,台新-建北,2023-08-24,8151
6139,亞翔,11,1,10,台新-建北,2023-08-24,8151
00900,富邦特選高股息30,15,5,10,台新-建北,2023-08-24,8151
5347,世界,10,1,9,台新-建北,2023-08-24,8151
6418,詠昇,11,2,9,台新-建北,2023-08-24,8151
3264,欣銓,11,2,9,台新-建北,2023-08-24,8151
3664,安瑞-KY,9,0,9,台新-建北,2023-08-24,8151
2486,一詮,9,0,9,台新-建北,2023-08-24,8151
00882,中信中國高股息,9,0,9,台新-建北,2023-08-24,8151
2634,漢翔,64,56,8,台新-建北,2023-08-24,8151
4726,永昕,10,2,8,台新-建北,2023-08-24,8151
2618,長榮航,26,18,8,台新-建北,2023-08-24,8151
3013,晟銘電,78,70,8,台新-建北,2023-08-24,8151
8261,富鼎,10,2,8,台新-建北,2023-08-24,8151
1316,上曜,7,0,7,台新-建北,2023-08-24,8151
2886,兆豐金,8,1,7,台新-建北,2023-08-24,8151
2634,漢翔,369,171,198,台新-建北,2023-08-25,8151
00878,國泰永續高股息,364,219,145,台新-建北,2023-08-25,8151
2610,華航,114,19,95,台新-建北,2023-08-25,8151
3025,星通,97,3,94,台新-建北,2023-08-25,8151
2323,中環,85,1,84,台新-建北,2023-08-25,8151
2376,技嘉,98,32,66,台新-建北,2023-08-25,8151
00919,群益台灣精選高息,55,0,55,台新-建北,2023-08-25,8151
6274,台燿,58,5,53,台新-建北,2023-08-25,8151
2618,長榮航,83,38,45,台新-建北,2023-08-25,8151
00931B,統一美債20年,50,6,44,台新-建北,2023-08-25,8151
2382,廣達,90,47,43,台新-建北,2023-08-25,8151
2609,陽明,43,2,41,台新-建北,2023-08-25,8151
3037,欣興,48,13,35,台新-建北,2023-08-25,8151
2367,燿華,35,2,33,台新-建北,2023-08-25,8151
0056,元大高股息,44,11,33,台新-建北,2023-08-25,8151
5381,合正,32,1,31,台新-建北,2023-08-25,8151
00929,復華台灣科技優息,31,2,29,台新-建北,2023-08-25,8151
00900,富邦特選高股息30,29,0,29,台新-建北,2023-08-25,8151
2303,聯電,28,1,27,台新-建北,2023-08-25,8151
5457,宣德,21,0,21,台新-建北,2023-08-25,8151
00895,富邦未來車,21,0,21,台新-建北,2023-08-25,8151
2353,宏��,32,12,20,台新-建北,2023-08-25,8151
00665L,富邦�琤肭磪囓�2,20,0,20,台新-建北,2023-08-25,8151
00710B,復華彭博非投等債,20,0,20,台新-建北,2023-08-25,8151
2363,矽統,302,283,19,台新-建北,2023-08-25,8151
2883,凱基金,20,1,19,台新-建北,2023-08-25,8151
2368,金像電,25,7,18,台新-建北,2023-08-25,8151
2399,映泰,17,0,17,台新-建北,2023-08-25,8151
3017,奇鋐,76,60,16,台新-建北,2023-08-25,8151
2301,光寶科,97,81,16,台新-建北,2023-08-25,8151
2330,台積電,15,0,15,台新-建北,2023-08-25,8151
2891,中信金,15,2,13,台新-建北,2023-08-25,8151
2383,台光電,14,1,13,台新-建北,2023-08-25,8151
2002,中鋼,11,0,11,台新-建北,2023-08-25,8151
1326,台化,11,0,11,台新-建北,2023-08-25,8151
00675L,富邦臺灣加權正2,10,0,10,台新-建北,2023-08-25,8151
1301,台塑,12,2,10,台新-建北,2023-08-25,8151
4207,環泰,12,2,10,台新-建北,2023-08-25,8151
3011,今皓,10,0,10,台新-建北,2023-08-25,8151
2241,艾姆勒,10,0,10,台新-建北,2023-08-25,8151
2867,三商壽,10,0,10,台新-建北,2023-08-25,8151
2324,仁寶,19,10,9,台新-建北,2023-08-25,8151
2886,兆豐金,13,4,9,台新-建北,2023-08-25,8151
3444,利機,9,0,9,台新-建北,2023-08-25,8151
2485,兆赫,295,286,9,台新-建北,2023-08-25,8151
2355,敬鵬,15,6,9,台新-建北,2023-08-25,8151
00712,復華富時不動產,11,3,8,台新-建北,2023-08-25,8151
8028,昇陽半導體,8,0,8,台新-建北,2023-08-25,8151
2516,新建,8,0,8,台新-建北,2023-08-25,8151
3289,宜特,8,0,8,台新-建北,2023-08-25,8151
00632R,元大台灣50反1,403,0,403,台新-建北,2023-08-28,8151
1444,力麗,135,0,135,台新-建北,2023-08-28,8151
2371,大同,114,1,113,台新-建北,2023-08-28,8151
00878,國泰永續高股息,131,24,107,台新-建北,2023-08-28,8151
2376,技嘉,134,59,75,台新-建北,2023-08-28,8151
6547,高端疫苗,61,1,60,台新-建北,2023-08-28,8151
00929,復華台灣科技優息,62,5,57,台新-建北,2023-08-28,8151
5534,長虹,51,0,51,台新-建北,2023-08-28,8151
2388,威盛,93,45,48,台新-建北,2023-08-28,8151
00651R,復華香港反1,45,0,45,台新-建北,2023-08-28,8151
1301,台塑,52,7,45,台新-建北,2023-08-28,8151
1802,台玻,45,1,44,台新-建北,2023-08-28,8151
2610,華航,53,10,43,台新-建北,2023-08-28,8151
2368,金像電,48,9,39,台新-建北,2023-08-28,8151
2645,長榮航太,45,13,32,台新-建北,2023-08-28,8151
3231,緯創,202,172,30,台新-建北,2023-08-28,8151
3051,力特,73,44,29,台新-建北,2023-08-28,8151
2618,長榮航,46,17,29,台新-建北,2023-08-28,8151
2485,兆赫,72,43,29,台新-建北,2023-08-28,8151
1810,和成,27,0,27,台新-建北,2023-08-28,8151
00919,群益台灣精選高息,24,2,22,台新-建北,2023-08-28,8151
6167,久正,24,3,21,台新-建北,2023-08-28,8151
2495,普安,20,0,20,台新-建北,2023-08-28,8151
1524,耿鼎,20,0,20,台新-建北,2023-08-28,8151
1737,臺鹽,132,113,19,台新-建北,2023-08-28,8151
2409,友達,25,7,18,台新-建北,2023-08-28,8151
9945,潤泰新,20,3,17,台新-建北,2023-08-28,8151
2449,京元電子,111,95,16,台新-建北,2023-08-28,8151
4130,健亞,15,0,15,台新-建北,2023-08-28,8151
4162,智擎,16,1,15,台新-建北,2023-08-28,8151
00633L,富邦上証正2,15,0,15,台新-建北,2023-08-28,8151
6770,力積電,16,1,15,台新-建北,2023-08-28,8151
3037,欣興,20,7,13,台新-建北,2023-08-28,8151
2457,飛宏,15,2,13,台新-建北,2023-08-28,8151
3483,力致,24,12,12,台新-建北,2023-08-28,8151
3531,先益,13,2,11,台新-建北,2023-08-28,8151
3715,定穎投控,160,149,11,台新-建北,2023-08-28,8151
2425,承啟,14,3,11,台新-建北,2023-08-28,8151
1519,華城,20,9,11,台新-建北,2023-08-28,8151
6285,啟��,21,10,11,台新-建北,2023-08-28,8151
1569,濱川,10,0,10,台新-建北,2023-08-28,8151
3339,泰谷,10,0,10,台新-建北,2023-08-28,8151
2358,廷鑫,10,0,10,台新-建北,2023-08-28,8151
4909,新復興,30,20,10,台新-建北,2023-08-28,8151
5225,東科-KY,15,5,10,台新-建北,2023-08-28,8151
3010,華立,19,9,10,台新-建北,2023-08-28,8151
2603,長榮,13,3,10,台新-建北,2023-08-28,8151
6492,生華科,10,0,10,台新-建北,2023-08-28,8151
2520,冠德,10,0,10,台新-建北,2023-08-28,8151
1609,大亞,16,7,9,台新-建北,2023-08-28,8151
00929,復華台灣科技優息,394,0,394,台新-建北,2023-08-29,8151
2887,台新金,213,0,213,台新-建北,2023-08-29,8151
1444,力麗,102,0,102,台新-建北,2023-08-29,8151
2371,大同,100,11,89,台新-建北,2023-08-29,8151
00632R,元大台灣50反1,85,2,83,台新-建北,2023-08-29,8151
4979,華星光,107,27,80,台新-建北,2023-08-29,8151
3017,奇鋐,75,19,56,台新-建北,2023-08-29,8151
00651R,復華香港反1,52,0,52,台新-建北,2023-08-29,8151
2886,兆豐金,45,0,45,台新-建北,2023-08-29,8151
1471,首利,49,10,39,台新-建北,2023-08-29,8151
2801,彰銀,36,0,36,台新-建北,2023-08-29,8151
6104,創惟,38,5,33,台新-建北,2023-08-29,8151
2324,仁寶,35,5,30,台新-建北,2023-08-29,8151
00753L,中信中國50正2,30,0,30,台新-建北,2023-08-29,8151
3380,明泰,25,0,25,台新-建北,2023-08-29,8151
2241,艾姆勒,25,0,25,台新-建北,2023-08-29,8151
3051,力特,46,22,24,台新-建北,2023-08-29,8151
3011,今皓,24,1,23,台新-建北,2023-08-29,8151
00902,中信電池及儲能,22,0,22,台新-建北,2023-08-29,8151
6235,華孚,42,20,22,台新-建北,2023-08-29,8151
6547,高端疫苗,20,0,20,台新-建北,2023-08-29,8151
00919,群益台灣精選高息,20,0,20,台新-建北,2023-08-29,8151
00664R,國泰臺灣加權反1,18,0,18,台新-建北,2023-08-29,8151
6829,千附精密,19,3,16,台新-建北,2023-08-29,8151
4746,台耀,17,1,16,台新-建北,2023-08-29,8151
6205,詮欣,15,0,15,台新-建北,2023-08-29,8151
2609,陽明,17,3,14,台新-建北,2023-08-29,8151
2376,技嘉,107,94,13,台新-建北,2023-08-29,8151
2317,鴻海,21,8,13,台新-建北,2023-08-29,8151
3105,穩懋,12,0,12,台新-建北,2023-08-29,8151
3707,漢磊,19,7,12,台新-建北,2023-08-29,8151
9938,百和,11,0,11,台新-建北,2023-08-29,8151
3531,先益,11,1,10,台新-建北,2023-08-29,8151
9105,泰金寶-DR,10,0,10,台新-建北,2023-08-29,8151
2520,冠德,10,0,10,台新-建北,2023-08-29,8151
2458,義隆,10,0,10,台新-建北,2023-08-29,8151
2495,普安,10,0,10,台新-建北,2023-08-29,8151
2023,燁輝,10,0,10,台新-建北,2023-08-29,8151
00679B,元大美債20年,10,0,10,台新-建北,2023-08-29,8151
3532,台勝科,9,0,9,台新-建北,2023-08-29,8151
3689,湧德,10,1,9,台新-建北,2023-08-29,8151
8420,明揚,9,0,9,台新-建北,2023-08-29,8151
2614,東森,10,1,9,台新-建北,2023-08-29,8151
3163,波若威,26,18,8,台新-建北,2023-08-29,8151
0056,元大高股息,12,4,8,台新-建北,2023-08-29,8151
00878,國泰永續高股息,43,35,8,台新-建北,2023-08-29,8151
2002,中鋼,10,3,7,台新-建北,2023-08-29,8151
2630,亞航,49,42,7,台新-建北,2023-08-29,8151
3324,雙鴻,14,7,7,台新-建北,2023-08-29,8151
00923,群益台ESG低碳50,7,0,7,台新-建北,2023-08-29,8151
2891,中信金,170,0,170,台新-建北,2023-08-30,8151
00919,群益台灣精選高息,109,0,109,台新-建北,2023-08-30,8151
4906,正文,130,28,102,台新-建北,2023-08-30,8151
3105,穩懋,79,4,75,台新-建北,2023-08-30,8151
2903,遠百,67,1,66,台新-建北,2023-08-30,8151
2851,中再保,55,0,55,台新-建北,2023-08-30,8151
3017,奇鋐,65,11,54,台新-建北,2023-08-30,8151
2363,矽統,310,257,53,台新-建北,2023-08-30,8151
2618,長榮航,64,12,52,台新-建北,2023-08-30,8151
00648R,元大S＆P500反1,50,0,50,台新-建北,2023-08-30,8151
2376,技嘉,116,70,46,台新-建北,2023-08-30,8151
3260,威剛,75,35,40,台新-建北,2023-08-30,8151
8358,金居,110,71,39,台新-建北,2023-08-30,8151
2371,大同,50,15,35,台新-建北,2023-08-30,8151
00929,復華台灣科技優息,85,50,35,台新-建北,2023-08-30,8151
5009,榮剛,36,6,30,台新-建北,2023-08-30,8151
3623,富晶通,30,0,30,台新-建北,2023-08-30,8151
2382,廣達,81,51,30,台新-建北,2023-08-30,8151
5225,東科-KY,31,3,28,台新-建北,2023-08-30,8151
2337,旺宏,74,49,25,台新-建北,2023-08-30,8151
2301,光寶科,47,24,23,台新-建北,2023-08-30,8151
1444,力麗,20,0,20,台新-建北,2023-08-30,8151
3035,智原,50,30,20,台新-建北,2023-08-30,8151
6547,高端疫苗,20,2,18,台新-建北,2023-08-30,8151
3051,力特,51,33,18,台新-建北,2023-08-30,8151
2610,華航,19,1,18,台新-建北,2023-08-30,8151
2331,精英,45,29,16,台新-建北,2023-08-30,8151
6415,矽力*-KY,16,0,16,台新-建北,2023-08-30,8151
2357,華碩,20,4,16,台新-建北,2023-08-30,8151
5289,宜鼎,19,4,15,台新-建北,2023-08-30,8151
1609,大亞,31,16,15,台新-建北,2023-08-30,8151
3707,漢磊,15,0,15,台新-建北,2023-08-30,8151
3078,僑威,17,4,13,台新-建北,2023-08-30,8151
3548,兆利,22,9,13,台新-建北,2023-08-30,8151
3044,健鼎,21,9,12,台新-建北,2023-08-30,8151
2383,台光電,22,11,11,台新-建北,2023-08-30,8151
00931B,統一美債20年,11,0,11,台新-建北,2023-08-30,8151
1305,華夏,14,3,11,台新-建北,2023-08-30,8151
6691,洋基工程,11,0,11,台新-建北,2023-08-30,8151
3339,泰谷,10,0,10,台新-建北,2023-08-30,8151
1540,喬福,10,0,10,台新-建北,2023-08-30,8151
8936,國統,11,1,10,台新-建北,2023-08-30,8151
2303,聯電,38,28,10,台新-建北,2023-08-30,8151
2468,華經,9,0,9,台新-建北,2023-08-30,8151
3325,旭品,66,57,9,台新-建北,2023-08-30,8151
2344,華邦電,33,24,9,台新-建北,2023-08-30,8151
2630,亞航,14,6,8,台新-建北,2023-08-30,8151
2369,菱生,13,5,8,台新-建北,2023-08-30,8151
3481,群創,16,8,8,台新-建北,2023-08-30,8151
2317,鴻海,9,1,8,台新-建北,2023-08-30,8151
2368,金像電,236,138,98,台新-建北,2023-08-31,8151
2892,第一金,83,0,83,台新-建北,2023-08-31,8151
1216,統一,62,0,62,台新-建北,2023-08-31,8151
2851,中再保,60,0,60,台新-建北,2023-08-31,8151
2609,陽明,64,10,54,台新-建北,2023-08-31,8151
6547,高端疫苗,94,43,51,台新-建北,2023-08-31,8151
00751B,元大AAA至A公司債,60,10,50,台新-建北,2023-08-31,8151
1471,首利,42,1,41,台新-建北,2023-08-31,8151
3715,定穎投控,410,371,39,台新-建北,2023-08-31,8151
00919,群益台灣精選高息,33,0,33,台新-建北,2023-08-31,8151
5381,合正,35,3,32,台新-建北,2023-08-31,8151
6205,詮欣,30,0,30,台新-建北,2023-08-31,8151
6220,岳豐,30,0,30,台新-建北,2023-08-31,8151
00929,復華台灣科技優息,30,0,30,台新-建北,2023-08-31,8151
00878,國泰永續高股息,29,2,27,台新-建北,2023-08-31,8151
3060,銘異,26,1,25,台新-建北,2023-08-31,8151
4942,嘉彰,24,0,24,台新-建北,2023-08-31,8151
6216,居易,23,0,23,台新-建北,2023-08-31,8151
2449,京元電子,47,24,23,台新-建北,2023-08-31,8151
2313,華通,33,11,22,台新-建北,2023-08-31,8151
8039,台虹,22,0,22,台新-建北,2023-08-31,8151
2630,亞航,93,72,21,台新-建北,2023-08-31,8151
4906,正文,48,28,20,台新-建北,2023-08-31,8151
1904,正隆,21,1,20,台新-建北,2023-08-31,8151
5452,佶優,20,1,19,台新-建北,2023-08-31,8151
1802,台玻,114,95,19,台新-建北,2023-08-31,8151
2610,華航,31,12,19,台新-建北,2023-08-31,8151
5009,榮剛,17,0,17,台新-建北,2023-08-31,8151
2618,長榮航,29,13,16,台新-建北,2023-08-31,8151
00902,中信電池及儲能,16,0,16,台新-建北,2023-08-31,8151
2634,漢翔,96,80,16,台新-建北,2023-08-31,8151
2614,東森,16,0,16,台新-建北,2023-08-31,8151
1301,台塑,15,0,15,台新-建北,2023-08-31,8151
2402,毅嘉,259,244,15,台新-建北,2023-08-31,8151
2884,玉山金,15,0,15,台新-建北,2023-08-31,8151
4542,科嶠,14,0,14,台新-建北,2023-08-31,8151
2887,台新金,14,0,14,台新-建北,2023-08-31,8151
3045,台灣大,13,0,13,台新-建北,2023-08-31,8151
2337,旺宏,87,74,13,台新-建北,2023-08-31,8151
2886,兆豐金,12,0,12,台新-建北,2023-08-31,8151
6165,浪凡,18,6,12,台新-建北,2023-08-31,8151
2834,臺企銀,12,0,12,台新-建北,2023-08-31,8151
8240,華宏,12,0,12,台新-建北,2023-08-31,8151
6491,晶碩,33,22,11,台新-建北,2023-08-31,8151
2303,聯電,25,14,11,台新-建北,2023-08-31,8151
2204,中華,11,0,11,台新-建北,2023-08-31,8151
5351,鈺創,25,14,11,台新-建北,2023-08-31,8151
5392,能率,12,1,11,台新-建北,2023-08-31,8151
00679B,元大美債20年,10,0,10,台新-建北,2023-08-31,8151
5876,上海商銀,10,0,10,台新-建北,2023-08-31,8151
00932,兆豐永續高息等權,336,0,336,台新-建北,2023-09-01,8151
00929,復華台灣科技優息,254,20,234,台新-建北,2023-09-01,8151
00919,群益台灣精選高息,215,4,211,台新-建北,2023-09-01,8151
3035,智原,238,41,197,台新-建北,2023-09-01,8151
3231,緯創,215,65,150,台新-建北,2023-09-01,8151
00673R,期元大S＆P原油反1,100,0,100,台新-建北,2023-09-01,8151
2363,矽統,492,410,82,台新-建北,2023-09-01,8151
1616,億泰,56,0,56,台新-建北,2023-09-01,8151
2332,友訊,57,9,48,台新-建北,2023-09-01,8151
2516,新建,48,3,45,台新-建北,2023-09-01,8151
00751B,元大AAA至A公司債,42,0,42,台新-建北,2023-09-01,8151
2543,皇昌,41,0,41,台新-建北,2023-09-01,8151
3105,穩懋,49,8,41,台新-建北,2023-09-01,8151
1216,統一,40,0,40,台新-建北,2023-09-01,8151
00878,國泰永續高股息,42,5,37,台新-建北,2023-09-01,8151
2206,三陽工業,48,11,37,台新-建北,2023-09-01,8151
2356,英業達,115,80,35,台新-建北,2023-09-01,8151
2408,南亞科,51,17,34,台新-建北,2023-09-01,8151
5488,松普,38,6,32,台新-建北,2023-09-01,8151
1307,三芳,30,0,30,台新-建北,2023-09-01,8151
9934,成霖,37,8,29,台新-建北,2023-09-01,8151
1618,合機,36,10,26,台新-建北,2023-09-01,8151
1444,力麗,25,0,25,台新-建北,2023-09-01,8151
1795,美時,31,6,25,台新-建北,2023-09-01,8151
0056,元大高股息,24,1,23,台新-建北,2023-09-01,8151
5426,振發,22,0,22,台新-建北,2023-09-01,8151
3017,奇鋐,25,4,21,台新-建北,2023-09-01,8151
2485,兆赫,115,94,21,台新-建北,2023-09-01,8151
00712,復華富時不動產,21,0,21,台新-建北,2023-09-01,8151
6209,今國光,23,3,20,台新-建北,2023-09-01,8151
2607,榮運,20,0,20,台新-建北,2023-09-01,8151
2369,菱生,227,207,20,台新-建北,2023-09-01,8151
2383,台光電,26,6,20,台新-建北,2023-09-01,8151
2201,裕隆,38,19,19,台新-建北,2023-09-01,8151
2457,飛宏,23,4,19,台新-建北,2023-09-01,8151
4550,長佳,18,0,18,台新-建北,2023-09-01,8151
2374,佳能,18,0,18,台新-建北,2023-09-01,8151
8011,台通,18,0,18,台新-建北,2023-09-01,8151
3372,典範,17,0,17,台新-建北,2023-09-01,8151
1101,台泥,37,20,17,台新-建北,2023-09-01,8151
2538,基泰,17,0,17,台新-建北,2023-09-01,8151
2488,漢平,17,0,17,台新-建北,2023-09-01,8151
3706,神達,17,1,16,台新-建北,2023-09-01,8151
2324,仁寶,16,1,15,台新-建北,2023-09-01,8151
00651R,復華香港反1,15,0,15,台新-建北,2023-09-01,8151
8409,商之器,15,0,15,台新-建北,2023-09-01,8151
2603,長榮,23,9,14,台新-建北,2023-09-01,8151
2376,技嘉,70,56,14,台新-建北,2023-09-01,8151
6216,居易,13,0,13,台新-建北,2023-09-01,8151
6753,龍德造船,13,0,13,台新-建北,2023-09-01,8151
6592,和潤企業,154,0,154,台新-建北,2023-09-04,8151
00751B,元大AAA至A公司債,109,0,109,台新-建北,2023-09-04,8151
00651R,復華香港反1,104,0,104,台新-建北,2023-09-04,8151
2303,聯電,99,3,96,台新-建北,2023-09-04,8151
8086,宏捷科,112,16,96,台新-建北,2023-09-04,8151
2376,技嘉,105,26,79,台新-建北,2023-09-04,8151
00919,群益台灣精選高息,75,1,74,台新-建北,2023-09-04,8151
6274,台燿,108,38,70,台新-建北,2023-09-04,8151
00929,復華台灣科技優息,62,0,62,台新-建北,2023-09-04,8151
3715,定穎投控,147,86,61,台新-建北,2023-09-04,8151
2515,中工,60,0,60,台新-建北,2023-09-04,8151
2892,第一金,57,0,57,台新-建北,2023-09-04,8151
3035,智原,72,20,52,台新-建北,2023-09-04,8151
2543,皇昌,43,0,43,台新-建北,2023-09-04,8151
2409,友達,40,0,40,台新-建北,2023-09-04,8151
2618,長榮航,44,5,39,台新-建北,2023-09-04,8151
2402,毅嘉,162,130,32,台新-建北,2023-09-04,8151
4207,環泰,30,0,30,台新-建北,2023-09-04,8151
2368,金像電,34,4,30,台新-建北,2023-09-04,8151
00795B,中信美國公債20年,29,0,29,台新-建北,2023-09-04,8151
00715L,期街口布蘭特正2,31,7,24,台新-建北,2023-09-04,8151
3481,群創,24,2,22,台新-建北,2023-09-04,8151
1568,倉佑,22,0,22,台新-建北,2023-09-04,8151
2390,云辰,22,0,22,台新-建北,2023-09-04,8151
9929,秋雨,21,0,21,台新-建北,2023-09-04,8151
4960,誠美材,22,1,21,台新-建北,2023-09-04,8151
00753L,中信中國50正2,27,7,20,台新-建北,2023-09-04,8151
2329,華泰,31,11,20,台新-建北,2023-09-04,8151
00902,中信電池及儲能,19,0,19,台新-建北,2023-09-04,8151
2607,榮運,20,2,18,台新-建北,2023-09-04,8151
3105,穩懋,22,4,18,台新-建北,2023-09-04,8151
2331,精英,37,20,17,台新-建北,2023-09-04,8151
3325,旭品,24,7,17,台新-建北,2023-09-04,8151
00642U,期元大S＆P石油,16,0,16,台新-建北,2023-09-04,8151
5009,榮剛,50,35,15,台新-建北,2023-09-04,8151
2344,華邦電,26,11,15,台新-建北,2023-09-04,8151
00878,國泰永續高股息,29,14,15,台新-建北,2023-09-04,8151
5381,合正,92,78,14,台新-建北,2023-09-04,8151
6219,富旺,14,0,14,台新-建北,2023-09-04,8151
00687B,國泰20年美債,13,0,13,台新-建北,2023-09-04,8151
5210,寶碩,13,0,13,台新-建北,2023-09-04,8151
3707,漢磊,14,1,13,台新-建北,2023-09-04,8151
1605,華新,18,6,12,台新-建北,2023-09-04,8151
5340,建榮,12,0,12,台新-建北,2023-09-04,8151
5880,合庫金,12,0,12,台新-建北,2023-09-04,8151
2201,裕隆,44,33,11,台新-建北,2023-09-04,8151
3078,僑威,13,2,11,台新-建北,2023-09-04,8151
6411,晶焱,11,0,11,台新-建北,2023-09-04,8151
3339,泰谷,11,0,11,台新-建北,2023-09-04,8151
00773B,中信優先金融債,10,0,10,台新-建北,2023-09-04,8151
3231,緯創,202,18,184,台新-建北,2023-09-05,8151
00929,復華台灣科技優息,210,85,125,台新-建北,2023-09-05,8151
00919,群益台灣精選高息,120,16,104,台新-建北,2023-09-05,8151
00687B,國泰20年美債,108,10,98,台新-建北,2023-09-05,8151
2610,華航,84,10,74,台新-建北,2023-09-05,8151
6547,高端疫苗,199,130,69,台新-建北,2023-09-05,8151
6592,和潤企業,66,0,66,台新-建北,2023-09-05,8151
2606,裕民,61,0,61,台新-建北,2023-09-05,8151
2401,凌陽,134,78,56,台新-建北,2023-09-05,8151
00679B,元大美債20年,53,0,53,台新-建北,2023-09-05,8151
2376,技嘉,116,70,46,台新-建北,2023-09-05,8151
3027,盛達,37,0,37,台新-建北,2023-09-05,8151
1540,喬福,35,0,35,台新-建北,2023-09-05,8151
2324,仁寶,35,2,33,台新-建北,2023-09-05,8151
00878,國泰永續高股息,45,13,32,台新-建北,2023-09-05,8151
2886,兆豐金,32,0,32,台新-建北,2023-09-05,8151
2881,富邦金,33,1,32,台新-建北,2023-09-05,8151
3035,智原,64,33,31,台新-建北,2023-09-05,8151
4961,天鈺,69,41,28,台新-建北,2023-09-05,8151
2383,台光電,66,38,28,台新-建北,2023-09-05,8151
00753L,中信中國50正2,25,0,25,台新-建北,2023-09-05,8151
00918,大華優利高填息30,23,0,23,台新-建北,2023-09-05,8151
2354,鴻準,20,0,20,台新-建北,2023-09-05,8151
2301,光寶科,46,27,19,台新-建北,2023-09-05,8151
2436,偉詮電,140,121,19,台新-建北,2023-09-05,8151
1444,力麗,18,0,18,台新-建北,2023-09-05,8151
2906,高林,30,12,18,台新-建北,2023-09-05,8151
3285,微端,18,0,18,台新-建北,2023-09-05,8151
2313,華通,36,18,18,台新-建北,2023-09-05,8151
6139,亞翔,16,0,16,台新-建北,2023-09-05,8151
3702,大聯大,16,0,16,台新-建北,2023-09-05,8151
00772B,中信高評級公司債,26,10,16,台新-建北,2023-09-05,8151
3048,益登,15,0,15,台新-建北,2023-09-05,8151
6196,帆宣,14,0,14,台新-建北,2023-09-05,8151
4147,中裕,13,0,13,台新-建北,2023-09-05,8151
5469,瀚宇博,19,6,13,台新-建北,2023-09-05,8151
5876,上海商銀,13,0,13,台新-建北,2023-09-05,8151
5392,能率,13,0,13,台新-建北,2023-09-05,8151
1618,合機,15,3,12,台新-建北,2023-09-05,8151
00907,永豐優息存股,12,0,12,台新-建北,2023-09-05,8151
5351,鈺創,23,11,12,台新-建北,2023-09-05,8151
8390,金益鼎,14,2,12,台新-建北,2023-09-05,8151
2332,友訊,16,4,12,台新-建北,2023-09-05,8151
2363,矽統,255,244,11,台新-建北,2023-09-05,8151
1101,台泥,51,40,11,台新-建北,2023-09-05,8151
00720B,元大投資級公司債,11,0,11,台新-建北,2023-09-05,8151
6732,昇佳電子,17,6,11,台新-建北,2023-09-05,8151
4207,環泰,11,0,11,台新-建北,2023-09-05,8151
1609,大亞,11,0,11,台新-建北,2023-09-05,8151
4743,合一,12,2,10,台新-建北,2023-09-05,8151
00932,兆豐永續高息等權,202,0,202,台新-建北,2023-09-06,8151
1447,力鵬,147,20,127,台新-建北,2023-09-06,8151
00929,復華台灣科技優息,218,108,110,台新-建北,2023-09-06,8151
5353,台林,110,12,98,台新-建北,2023-09-06,8151
2313,華通,209,117,92,台新-建北,2023-09-06,8151
2363,矽統,224,152,72,台新-建北,2023-09-06,8151
00751B,元大AAA至A公司債,72,0,72,台新-建北,2023-09-06,8151
2609,陽明,61,1,60,台新-建北,2023-09-06,8151
2883,凱基金,60,1,59,台新-建北,2023-09-06,8151
2929,淘帝-KY,54,0,54,台新-建北,2023-09-06,8151
1304,台聚,50,0,50,台新-建北,2023-09-06,8151
1618,合機,55,9,46,台新-建北,2023-09-06,8151
2409,友達,47,5,42,台新-建北,2023-09-06,8151
5381,合正,173,139,34,台新-建北,2023-09-06,8151
2301,光寶科,66,35,31,台新-建北,2023-09-06,8151
00931B,統一美債20年,29,0,29,台新-建北,2023-09-06,8151
6592,和潤企業,28,0,28,台新-建北,2023-09-06,8151
3260,威剛,43,19,24,台新-建北,2023-09-06,8151
4147,中裕,26,4,22,台新-建北,2023-09-06,8151
2538,基泰,21,0,21,台新-建北,2023-09-06,8151
3693,營邦,32,12,20,台新-建北,2023-09-06,8151
6143,振曜,20,0,20,台新-建北,2023-09-06,8151
5608,四維航,20,0,20,台新-建北,2023-09-06,8151
8431,匯鑽科,20,0,20,台新-建北,2023-09-06,8151
6274,台燿,124,104,20,台新-建北,2023-09-06,8151
2887,台新金,20,0,20,台新-建北,2023-09-06,8151
2888,新光金,20,1,19,台新-建北,2023-09-06,8151
3483,力致,26,7,19,台新-建北,2023-09-06,8151
6515,穎崴,19,1,18,台新-建北,2023-09-06,8151
00687B,國泰20年美債,18,0,18,台新-建北,2023-09-06,8151
6167,久正,16,0,16,台新-建北,2023-09-06,8151
5457,宣德,16,0,16,台新-建北,2023-09-06,8151
2368,金像電,114,99,15,台新-建北,2023-09-06,8151
00918,大華優利高填息30,15,0,15,台新-建北,2023-09-06,8151
2748,雲品,15,0,15,台新-建北,2023-09-06,8151
6111,大宇資,15,0,15,台新-建北,2023-09-06,8151
6207,雷科,20,5,15,台新-建北,2023-09-06,8151
8996,高力,17,3,14,台新-建北,2023-09-06,8151
3163,波若威,40,26,14,台新-建北,2023-09-06,8151
00915,凱基優選高股息30,15,1,14,台新-建北,2023-09-06,8151
00676R,富邦臺灣加權反1,14,0,14,台新-建北,2023-09-06,8151
4130,健亞,13,0,13,台新-建北,2023-09-06,8151
6472,保瑞,14,1,13,台新-建北,2023-09-06,8151
2834,臺企銀,12,0,12,台新-建北,2023-09-06,8151
2851,中再保,17,5,12,台新-建北,2023-09-06,8151
1802,台玻,183,171,12,台新-建北,2023-09-06,8151
00885,富邦越南,14,2,12,台新-建北,2023-09-06,8151
3481,群創,43,31,12,台新-建北,2023-09-06,8151
9927,泰銘,12,0,12,台新-建北,2023-09-06,8151
2880,華南金,11,0,11,台新-建北,2023-09-06,8151
00929,復華台灣科技優息,685,178,507,台新-建北,2023-09-07,8151
00632R,元大台灣50反1,350,10,340,台新-建北,2023-09-07,8151
3481,群創,275,2,273,台新-建北,2023-09-07,8151
00919,群益台灣精選高息,174,5,169,台新-建北,2023-09-07,8151
00932,兆豐永續高息等權,144,0,144,台新-建北,2023-09-07,8151
2610,華航,133,0,133,台新-建北,2023-09-07,8151
2891,中信金,88,2,86,台新-建北,2023-09-07,8151
00751B,元大AAA至A公司債,74,0,74,台新-建北,2023-09-07,8151
2485,兆赫,156,90,66,台新-建北,2023-09-07,8151
1802,台玻,74,13,61,台新-建北,2023-09-07,8151
4908,前鼎,76,17,59,台新-建北,2023-09-07,8151
5258,虹堡,118,62,56,台新-建北,2023-09-07,8151
3715,定穎投控,305,259,46,台新-建北,2023-09-07,8151
8431,匯鑽科,45,0,45,台新-建北,2023-09-07,8151
2390,云辰,51,6,45,台新-建北,2023-09-07,8151
2489,瑞軒,69,26,43,台新-建北,2023-09-07,8151
1618,合機,149,111,38,台新-建北,2023-09-07,8151
2368,金像電,38,4,34,台新-建北,2023-09-07,8151
1304,台聚,30,0,30,台新-建北,2023-09-07,8151
2303,聯電,45,15,30,台新-建北,2023-09-07,8151
2409,友達,83,55,28,台新-建北,2023-09-07,8151
3037,欣興,31,5,26,台新-建北,2023-09-07,8151
2614,東森,32,8,24,台新-建北,2023-09-07,8151
3322,建舜電,24,0,24,台新-建北,2023-09-07,8151
3162,精確,24,0,24,台新-建北,2023-09-07,8151
3231,緯創,51,28,23,台新-建北,2023-09-07,8151
2609,陽明,23,0,23,台新-建北,2023-09-07,8151
2324,仁寶,23,0,23,台新-建北,2023-09-07,8151
3704,合勤控,46,23,23,台新-建北,2023-09-07,8151
1513,中興電,25,3,22,台新-建北,2023-09-07,8151
4533,協易機,96,75,21,台新-建北,2023-09-07,8151
2356,英業達,41,20,21,台新-建北,2023-09-07,8151
2317,鴻海,21,0,21,台新-建北,2023-09-07,8151
00646,元大S＆P500,20,0,20,台新-建北,2023-09-07,8151
6188,廣明,24,5,19,台新-建北,2023-09-07,8151
6531,愛普*,33,14,19,台新-建北,2023-09-07,8151
5351,鈺創,50,31,19,台新-建北,2023-09-07,8151
4934,太極,20,1,19,台新-建北,2023-09-07,8151
0056,元大高股息,29,11,18,台新-建北,2023-09-07,8151
00885,富邦越南,22,5,17,台新-建北,2023-09-07,8151
00915,凱基優選高股息30,17,0,17,台新-建北,2023-09-07,8151
0050,元大台灣50,18,1,17,台新-建北,2023-09-07,8151
6182,合晶,23,7,16,台新-建北,2023-09-07,8151
00918,大華優利高填息30,16,0,16,台新-建北,2023-09-07,8151
4915,致伸,20,5,15,台新-建北,2023-09-07,8151
5880,合庫金,14,0,14,台新-建北,2023-09-07,8151
00900,富邦特選高股息30,14,0,14,台新-建北,2023-09-07,8151
2340,台亞,14,1,13,台新-建北,2023-09-07,8151
6592,和潤企業,13,0,13,台新-建北,2023-09-07,8151
4973,廣穎,12,0,12,台新-建北,2023-09-07,8151
3715,定穎投控,518,335,183,台新-建北,2023-09-08,8151
1101,台泥,102,0,102,台新-建北,2023-09-08,8151
2303,聯電,111,17,94,台新-建北,2023-09-08,8151
00929,復華台灣科技優息,146,54,92,台新-建北,2023-09-08,8151
2888,新光金,81,13,68,台新-建北,2023-09-08,8151
8227,巨有科技,53,0,53,台新-建北,2023-09-08,8151
2409,友達,39,1,38,台新-建北,2023-09-08,8151
00919,群益台灣精選高息,86,50,36,台新-建北,2023-09-08,8151
1444,力麗,35,0,35,台新-建北,2023-09-08,8151
00918,大華優利高填息30,37,4,33,台新-建北,2023-09-08,8151
2368,金像電,55,24,31,台新-建北,2023-09-08,8151
1326,台化,30,0,30,台新-建北,2023-09-08,8151
3038,全台,30,0,30,台新-建北,2023-09-08,8151
2323,中環,30,0,30,台新-建北,2023-09-08,8151
3162,精確,29,0,29,台新-建北,2023-09-08,8151
2402,毅嘉,147,119,28,台新-建北,2023-09-08,8151
2313,華通,41,13,28,台新-建北,2023-09-08,8151
1471,首利,49,26,23,台新-建北,2023-09-08,8151
1305,華夏,22,0,22,台新-建北,2023-09-08,8151
2421,建準,49,28,21,台新-建北,2023-09-08,8151
1714,和桐,20,0,20,台新-建北,2023-09-08,8151
00688L,國泰20年美債正2,20,0,20,台新-建北,2023-09-08,8151
3481,群創,66,47,19,台新-建北,2023-09-08,8151
2887,台新金,19,0,19,台新-建北,2023-09-08,8151
2316,楠梓電,41,22,19,台新-建北,2023-09-08,8151
2332,友訊,27,9,18,台新-建北,2023-09-08,8151
6806,森崴能源,17,0,17,台新-建北,2023-09-08,8151
1316,上曜,17,0,17,台新-建北,2023-09-08,8151
5009,榮剛,22,6,16,台新-建北,2023-09-08,8151
00923,群益台ESG低碳50,15,0,15,台新-建北,2023-09-08,8151
00878,國泰永續高股息,29,14,15,台新-建北,2023-09-08,8151
1524,耿鼎,15,0,15,台新-建北,2023-09-08,8151
6205,詮欣,15,0,15,台新-建北,2023-09-08,8151
2376,技嘉,105,90,15,台新-建北,2023-09-08,8151
4909,新復興,15,1,14,台新-建北,2023-09-08,8151
00915,凱基優選高股息30,16,2,14,台新-建北,2023-09-08,8151
00753L,中信中國50正2,14,0,14,台新-建北,2023-09-08,8151
6472,保瑞,13,0,13,台新-建北,2023-09-08,8151
6547,高端疫苗,30,17,13,台新-建北,2023-09-08,8151
3088,艾訊,15,2,13,台新-建北,2023-09-08,8151
2455,全新,14,1,13,台新-建北,2023-09-08,8151
2516,新建,12,0,12,台新-建北,2023-09-08,8151
2367,燿華,12,0,12,台新-建北,2023-09-08,8151
2880,華南金,12,0,12,台新-建北,2023-09-08,8151
1522,堤維西,14,2,12,台新-建北,2023-09-08,8151
00637L,元大滬深300正2,11,0,11,台新-建北,2023-09-08,8151
00900,富邦特選高股息30,14,4,10,台新-建北,2023-09-08,8151
00751B,元大AAA至A公司債,11,1,10,台新-建北,2023-09-08,8151
6158,禾昌,28,18,10,台新-建北,2023-09-08,8151
2506,太設,10,0,10,台新-建北,2023-09-08,8151
2887,台新金,234,11,223,台新-建北,2023-09-11,8151
00929,復華台灣科技優息,186,7,179,台新-建北,2023-09-11,8151
00919,群益台灣精選高息,165,4,161,台新-建北,2023-09-11,8151
1101,台泥,101,0,101,台新-建北,2023-09-11,8151
2382,廣達,159,76,83,台新-建北,2023-09-11,8151
00878,國泰永續高股息,229,161,68,台新-建北,2023-09-11,8151
2851,中再保,100,33,67,台新-建北,2023-09-11,8151
1304,台聚,60,0,60,台新-建北,2023-09-11,8151
2886,兆豐金,64,10,54,台新-建北,2023-09-11,8151
2610,華航,59,14,45,台新-建北,2023-09-11,8151
2609,陽明,64,21,43,台新-建北,2023-09-11,8151
00931B,統一美債20年,43,0,43,台新-建北,2023-09-11,8151
2363,矽統,244,204,40,台新-建北,2023-09-11,8151
6829,千附精密,53,14,39,台新-建北,2023-09-11,8151
1444,力麗,37,0,37,台新-建北,2023-09-11,8151
00915,凱基優選高股息30,37,0,37,台新-建北,2023-09-11,8151
4919,新唐,31,0,31,台新-建北,2023-09-11,8151
2402,毅嘉,41,10,31,台新-建北,2023-09-11,8151
6220,岳豐,30,0,30,台新-建北,2023-09-11,8151
2888,新光金,43,15,28,台新-建北,2023-09-11,8151
2929,淘帝-KY,25,0,25,台新-建北,2023-09-11,8151
2388,威盛,37,13,24,台新-建北,2023-09-11,8151
3324,雙鴻,32,8,24,台新-建北,2023-09-11,8151
00923,群益台ESG低碳50,23,0,23,台新-建北,2023-09-11,8151
4552,力達-KY,23,0,23,台新-建北,2023-09-11,8151
2324,仁寶,25,2,23,台新-建北,2023-09-11,8151
2376,技嘉,108,85,23,台新-建北,2023-09-11,8151
0056,元大高股息,52,31,21,台新-建北,2023-09-11,8151
00932,兆豐永續高息等權,21,0,21,台新-建北,2023-09-11,8151
2618,長榮航,25,4,21,台新-建北,2023-09-11,8151
8112,至上,22,1,21,台新-建北,2023-09-11,8151
2506,太設,20,0,20,台新-建北,2023-09-11,8151
2312,金寶,19,0,19,台新-建北,2023-09-11,8151
1605,華新,24,5,19,台新-建北,2023-09-11,8151
3066,李洲,19,1,18,台新-建北,2023-09-11,8151
9938,百和,27,10,17,台新-建北,2023-09-11,8151
2337,旺宏,17,0,17,台新-建北,2023-09-11,8151
00679B,元大美債20年,17,0,17,台新-建北,2023-09-11,8151
00713,元大台灣高息低波,17,1,16,台新-建北,2023-09-11,8151
00795B,中信美國公債20年,16,0,16,台新-建北,2023-09-11,8151
006208,富邦台50,15,0,15,台新-建北,2023-09-11,8151
1609,大亞,24,9,15,台新-建北,2023-09-11,8151
00918,大華優利高填息30,15,0,15,台新-建北,2023-09-11,8151
00687B,國泰20年美債,15,0,15,台新-建北,2023-09-11,8151
4741,泓瀚,13,0,13,台新-建北,2023-09-11,8151
2367,燿華,12,0,12,台新-建北,2023-09-11,8151
6167,久正,12,0,12,台新-建北,2023-09-11,8151
2476,鉅祥,12,0,12,台新-建北,2023-09-11,8151
2355,敬鵬,12,0,12,台新-建北,2023-09-11,8151
6155,鈞寶,13,1,12,台新-建北,2023-09-11,8151
1515,力山,173,0,173,台新-建北,2023-09-12,8151
6282,康舒,171,59,112,台新-建北,2023-09-12,8151
2303,聯電,125,49,76,台新-建北,2023-09-12,8151
00929,復華台灣科技優息,134,65,69,台新-建北,2023-09-12,8151
00878,國泰永續高股息,75,14,61,台新-建北,2023-09-12,8151
8086,宏捷科,67,14,53,台新-建北,2023-09-12,8151
3162,精確,50,2,48,台新-建北,2023-09-12,8151
00919,群益台灣精選高息,43,6,37,台新-建北,2023-09-12,8151
5533,皇鼎,35,0,35,台新-建北,2023-09-12,8151
6806,森崴能源,37,4,33,台新-建北,2023-09-12,8151
00751B,元大AAA至A公司債,32,0,32,台新-建北,2023-09-12,8151
8155,博智,35,3,32,台新-建北,2023-09-12,8151
1316,上曜,28,0,28,台新-建北,2023-09-12,8151
0056,元大高股息,38,10,28,台新-建北,2023-09-12,8151
3548,兆利,30,3,27,台新-建北,2023-09-12,8151
3715,定穎投控,65,39,26,台新-建北,2023-09-12,8151
2241,艾姆勒,25,0,25,台新-建北,2023-09-12,8151
00885,富邦越南,26,3,23,台新-建北,2023-09-12,8151
00679B,元大美債20年,22,0,22,台新-建北,2023-09-12,8151
6139,亞翔,25,5,20,台新-建北,2023-09-12,8151
2352,佳世達,25,6,19,台新-建北,2023-09-12,8151
6179,亞通,20,1,19,台新-建北,2023-09-12,8151
00923,群益台ESG低碳50,18,0,18,台新-建北,2023-09-12,8151
2421,建準,22,4,18,台新-建北,2023-09-12,8151
2887,台新金,17,0,17,台新-建北,2023-09-12,8151
3265,台星科,17,0,17,台新-建北,2023-09-12,8151
2382,廣達,88,71,17,台新-建北,2023-09-12,8151
3481,群創,23,7,16,台新-建北,2023-09-12,8151
00918,大華優利高填息30,16,0,16,台新-建北,2023-09-12,8151
6411,晶焱,15,0,15,台新-建北,2023-09-12,8151
2460,建通,15,0,15,台新-建北,2023-09-12,8151
2458,義隆,18,3,15,台新-建北,2023-09-12,8151
6472,保瑞,14,0,14,台新-建北,2023-09-12,8151
2457,飛宏,16,2,14,台新-建北,2023-09-12,8151
6125,廣運,24,10,14,台新-建北,2023-09-12,8151
2376,技嘉,93,79,14,台新-建北,2023-09-12,8151
2498,宏達電,14,1,13,台新-建北,2023-09-12,8151
1795,美時,17,5,12,台新-建北,2023-09-12,8151
2323,中環,12,0,12,台新-建北,2023-09-12,8151
4552,力達-KY,12,0,12,台新-建北,2023-09-12,8151
3105,穩懋,14,3,11,台新-建北,2023-09-12,8151
00632R,元大台灣50反1,11,0,11,台新-建北,2023-09-12,8151
6531,愛普*,16,5,11,台新-建北,2023-09-12,8151
00931B,統一美債20年,10,0,10,台新-建北,2023-09-12,8151
1304,台聚,10,0,10,台新-建北,2023-09-12,8151
00773B,中信優先金融債,10,0,10,台新-建北,2023-09-12,8151
6788,華景電,10,0,10,台新-建北,2023-09-12,8151
00915,凱基優選高股息30,10,0,10,台新-建北,2023-09-12,8151
6807,峰源-KY,10,0,10,台新-建北,2023-09-12,8151
00637L,元大滬深300正2,10,0,10,台新-建北,2023-09-12,8151
00919,群益台灣精選高息,194,5,189,台新-建北,2023-09-13,8151
00929,復華台灣科技優息,106,3,103,台新-建北,2023-09-13,8151
3162,精確,63,3,60,台新-建北,2023-09-13,8151
3682,亞太電,50,0,50,台新-建北,2023-09-13,8151
5347,世界,41,0,41,台新-建北,2023-09-13,8151
2324,仁寶,42,2,40,台新-建北,2023-09-13,8151
3322,建舜電,107,68,39,台新-建北,2023-09-13,8151
2002,中鋼,43,5,38,台新-建北,2023-09-13,8151
3548,兆利,31,0,31,台新-建北,2023-09-13,8151
6592,和潤企業,30,0,30,台新-建北,2023-09-13,8151
00918,大華優利高填息30,30,1,29,台新-建北,2023-09-13,8151
6715,嘉基,34,5,29,台新-建北,2023-09-13,8151
00679B,元大美債20年,28,0,28,台新-建北,2023-09-13,8151
6220,岳豐,20,0,20,台新-建北,2023-09-13,8151
5533,皇鼎,19,0,19,台新-建北,2023-09-13,8151
3035,智原,106,89,17,台新-建北,2023-09-13,8151
3163,波若威,52,36,16,台新-建北,2023-09-13,8151
00637L,元大滬深300正2,14,0,14,台新-建北,2023-09-13,8151
1522,堤維西,109,95,14,台新-建北,2023-09-13,8151
2881,富邦金,15,2,13,台新-建北,2023-09-13,8151
2540,愛山林,13,0,13,台新-建北,2023-09-13,8151
2337,旺宏,13,0,13,台新-建北,2023-09-13,8151
1471,首利,21,9,12,台新-建北,2023-09-13,8151
00720B,元大投資級公司債,12,0,12,台新-建北,2023-09-13,8151
00902,中信電池及儲能,12,0,12,台新-建北,2023-09-13,8151
1533,車王電,16,5,11,台新-建北,2023-09-13,8151
4916,事欣科,15,4,11,台新-建北,2023-09-13,8151
2317,鴻海,11,1,10,台新-建北,2023-09-13,8151
2364,倫飛,13,3,10,台新-建北,2023-09-13,8151
00673R,期元大S＆P原油反1,10,0,10,台新-建北,2023-09-13,8151
1528,恩德,10,0,10,台新-建北,2023-09-13,8151
8086,宏捷科,15,5,10,台新-建北,2023-09-13,8151
00931B,統一美債20年,10,0,10,台新-建北,2023-09-13,8151
2506,太設,10,0,10,台新-建北,2023-09-13,8151
8932,智通*,10,0,10,台新-建北,2023-09-13,8151
2610,華航,11,1,10,台新-建北,2023-09-13,8151
3032,偉訓,12,3,9,台新-建北,2023-09-13,8151
6239,力成,9,0,9,台新-建北,2023-09-13,8151
3443,創意,12,3,9,台新-建北,2023-09-13,8151
3346,麗清,46,38,8,台新-建北,2023-09-13,8151
6165,浪凡,10,2,8,台新-建北,2023-09-13,8151
006208,富邦台50,8,0,8,台新-建北,2023-09-13,8151
2421,建準,15,8,7,台新-建北,2023-09-13,8151
2371,大同,12,5,7,台新-建北,2023-09-13,8151
2891,中信金,10,3,7,台新-建北,2023-09-13,8151
6605,帝寶,7,0,7,台新-建北,2023-09-13,8151
6235,華孚,28,21,7,台新-建北,2023-09-13,8151
6284,佳邦,23,17,6,台新-建北,2023-09-13,8151
3704,合勤控,23,17,6,台新-建北,2023-09-13,8151
2354,鴻準,6,0,6,台新-建北,2023-09-13,8151
00632R,元大台灣50反1,321,12,309,台新-建北,2023-09-14,8151
4979,華星光,180,71,109,台新-建北,2023-09-14,8151
00929,復華台灣科技優息,269,164,105,台新-建北,2023-09-14,8151
3481,群創,104,20,84,台新-建北,2023-09-14,8151
00919,群益台灣精選高息,113,41,72,台新-建北,2023-09-14,8151
00751B,元大AAA至A公司債,70,0,70,台新-建北,2023-09-14,8151
9938,百和,53,2,51,台新-建北,2023-09-14,8151
2486,一詮,145,94,51,台新-建北,2023-09-14,8151
1301,台塑,50,0,50,台新-建北,2023-09-14,8151
00715L,期街口布蘭特正2,50,0,50,台新-建北,2023-09-14,8151
3162,精確,49,3,46,台新-建北,2023-09-14,8151
1522,堤維西,192,156,36,台新-建北,2023-09-14,8151
3209,全科,36,1,35,台新-建北,2023-09-14,8151
2609,陽明,57,22,35,台新-建北,2023-09-14,8151
3715,定穎投控,178,150,28,台新-建北,2023-09-14,8151
3548,兆利,28,1,27,台新-建北,2023-09-14,8151
2618,長榮航,43,16,27,台新-建北,2023-09-14,8151
3583,辛耘,26,1,25,台新-建北,2023-09-14,8151
6235,華孚,57,34,23,台新-建北,2023-09-14,8151
2368,金像電,25,3,22,台新-建北,2023-09-14,8151
6108,競國,22,0,22,台新-建北,2023-09-14,8151
3324,雙鴻,30,9,21,台新-建北,2023-09-14,8151
2605,新興,56,35,21,台新-建北,2023-09-14,8151
8110,華東,21,0,21,台新-建北,2023-09-14,8151
6275,元山,23,2,21,台新-建北,2023-09-14,8151
2464,盟立,21,0,21,台新-建北,2023-09-14,8151
00915,凱基優選高股息30,21,0,21,台新-建北,2023-09-14,8151
2204,中華,20,0,20,台新-建北,2023-09-14,8151
3518,柏騰,20,0,20,台新-建北,2023-09-14,8151
1319,東陽,200,182,18,台新-建北,2023-09-14,8151
5258,虹堡,32,14,18,台新-建北,2023-09-14,8151
4113,聯上,17,0,17,台新-建北,2023-09-14,8151
00882,中信中國高股息,32,16,16,台新-建北,2023-09-14,8151
8048,德勝,41,25,16,台新-建北,2023-09-14,8151
2419,仲琦,16,1,15,台新-建北,2023-09-14,8151
5328,華容,15,0,15,台新-建北,2023-09-14,8151
00712,復華富時不動產,14,0,14,台新-建北,2023-09-14,8151
1316,上曜,13,0,13,台新-建北,2023-09-14,8151
3005,神基,14,2,12,台新-建北,2023-09-14,8151
3706,神達,12,0,12,台新-建北,2023-09-14,8151
6284,佳邦,12,0,12,台新-建北,2023-09-14,8151
2371,大同,29,18,11,台新-建北,2023-09-14,8151
3030,德律,10,0,10,台新-建北,2023-09-14,8151
6591,動力-KY,10,0,10,台新-建北,2023-09-14,8151
00687B,國泰20年美債,10,0,10,台新-建北,2023-09-14,8151
2537,聯上發,10,0,10,台新-建北,2023-09-14,8151
3022,威強電,10,0,10,台新-建北,2023-09-14,8151
2031,新光鋼,10,1,9,台新-建北,2023-09-14,8151
8213,志超,9,0,9,台新-建北,2023-09-14,8151
6243,迅杰,11,2,9,台新-建北,2023-09-14,8151
00929,復華台灣科技優息,973,633,340,台新-建北,2023-09-15,8151
2618,長榮航,129,9,120,台新-建北,2023-09-15,8151
2605,新興,158,38,120,台新-建北,2023-09-15,8151
00687B,國泰20年美債,105,0,105,台新-建北,2023-09-15,8151
2867,三商壽,104,0,104,台新-建北,2023-09-15,8151
2891,中信金,106,22,84,台新-建北,2023-09-15,8151
3058,立德,71,0,71,台新-建北,2023-09-15,8151
6451,訊芯-KY,69,20,49,台新-建北,2023-09-15,8151
2637,慧洋-KY,86,38,48,台新-建北,2023-09-15,8151
6275,元山,67,20,47,台新-建北,2023-09-15,8151
3011,今皓,45,0,45,台新-建北,2023-09-15,8151
3049,精金,40,0,40,台新-建北,2023-09-15,8151
2486,一詮,78,46,32,台新-建北,2023-09-15,8151
00679B,元大美債20年,32,0,32,台新-建北,2023-09-15,8151
00931B,統一美債20年,31,0,31,台新-建北,2023-09-15,8151
00665L,富邦�琤肭磪囓�2,30,0,30,台新-建北,2023-09-15,8151
6235,華孚,43,13,30,台新-建北,2023-09-15,8151
00753L,中信中國50正2,30,0,30,台新-建北,2023-09-15,8151
3324,雙鴻,46,16,30,台新-建北,2023-09-15,8151
5608,四維航,82,53,29,台新-建北,2023-09-15,8151
2610,華航,33,5,28,台新-建北,2023-09-15,8151
2892,第一金,27,0,27,台新-建北,2023-09-15,8151
00915,凱基優選高股息30,27,2,25,台新-建北,2023-09-15,8151
00632R,元大台灣50反1,22,0,22,台新-建北,2023-09-15,8151
1528,恩德,22,0,22,台新-建北,2023-09-15,8151
8068,全達,136,114,22,台新-建北,2023-09-15,8151
4973,廣穎,20,0,20,台新-建北,2023-09-15,8151
9927,泰銘,20,0,20,台新-建北,2023-09-15,8151
2104,國際中橡,19,0,19,台新-建北,2023-09-15,8151
2206,三陽工業,20,2,18,台新-建北,2023-09-15,8151
3623,富晶通,17,0,17,台新-建北,2023-09-15,8151
3169,亞信,16,0,16,台新-建北,2023-09-15,8151
1316,上曜,20,5,15,台新-建北,2023-09-15,8151
3217,優群,15,0,15,台新-建北,2023-09-15,8151
2204,中華,15,0,15,台新-建北,2023-09-15,8151
5258,虹堡,14,0,14,台新-建北,2023-09-15,8151
6122,擎邦,14,0,14,台新-建北,2023-09-15,8151
2354,鴻準,15,2,13,台新-建北,2023-09-15,8151
2402,毅嘉,22,9,13,台新-建北,2023-09-15,8151
2363,矽統,439,427,12,台新-建北,2023-09-15,8151
00637L,元大滬深300正2,12,0,12,台新-建北,2023-09-15,8151
00751B,元大AAA至A公司債,12,0,12,台新-建北,2023-09-15,8151
00675L,富邦臺灣加權正2,11,0,11,台新-建北,2023-09-15,8151
2401,凌陽,13,2,11,台新-建北,2023-09-15,8151
6231,系微,18,7,11,台新-建北,2023-09-15,8151
8150,南茂,12,1,11,台新-建北,2023-09-15,8151
3587,閎康,12,1,11,台新-建北,2023-09-15,8151
2929,淘帝-KY,11,0,11,台新-建北,2023-09-15,8151
3308,聯德,12,2,10,台新-建北,2023-09-15,8151
5347,世界,10,0,10,台新-建北,2023-09-15,8151
2883,凱基金,411,0,411,台新-建北,2023-09-18,8151
00929,復華台灣科技優息,362,121,241,台新-建北,2023-09-18,8151
00919,群益台灣精選高息,238,60,178,台新-建北,2023-09-18,8151
2382,廣達,231,65,166,台新-建北,2023-09-18,8151
2462,良得電,148,18,130,台新-建北,2023-09-18,8151
2641,正德,132,3,129,台新-建北,2023-09-18,8151
3715,定穎投控,324,202,122,台新-建北,2023-09-18,8151
2344,華邦電,112,9,103,台新-建北,2023-09-18,8151
00878,國泰永續高股息,114,12,102,台新-建北,2023-09-18,8151
5608,四維航,101,19,82,台新-建北,2023-09-18,8151
00931B,統一美債20年,71,0,71,台新-建北,2023-09-18,8151
2363,矽統,164,110,54,台新-建北,2023-09-18,8151
2367,燿華,133,82,51,台新-建北,2023-09-18,8151
1503,士電,50,1,49,台新-建北,2023-09-18,8151
00915,凱基優選高股息30,44,0,44,台新-建北,2023-09-18,8151
2486,一詮,56,15,41,台新-建北,2023-09-18,8151
00751B,元大AAA至A公司債,42,2,40,台新-建北,2023-09-18,8151
3518,柏騰,40,0,40,台新-建北,2023-09-18,8151
00633L,富邦上証正2,50,10,40,台新-建北,2023-09-18,8151
00679B,元大美債20年,43,4,39,台新-建北,2023-09-18,8151
00687B,國泰20年美債,37,0,37,台新-建北,2023-09-18,8151
2014,中鴻,38,1,37,台新-建北,2023-09-18,8151
4906,正文,69,33,36,台新-建北,2023-09-18,8151
00918,大華優利高填息30,36,3,33,台新-建北,2023-09-18,8151
6531,愛普*,61,30,31,台新-建北,2023-09-18,8151
2425,承啟,31,0,31,台新-建北,2023-09-18,8151
2329,華泰,34,7,27,台新-建北,2023-09-18,8151
2929,淘帝-KY,26,0,26,台新-建北,2023-09-18,8151
6205,詮欣,27,1,26,台新-建北,2023-09-18,8151
00680L,元大美債20正2,25,0,25,台新-建北,2023-09-18,8151
3324,雙鴻,28,4,24,台新-建北,2023-09-18,8151
3035,智原,85,61,24,台新-建北,2023-09-18,8151
8996,高力,23,1,22,台新-建北,2023-09-18,8151
00675L,富邦臺灣加權正2,22,0,22,台新-建北,2023-09-18,8151
3685,元創精密,51,30,21,台新-建北,2023-09-18,8151
9105,泰金寶-DR,20,0,20,台新-建北,2023-09-18,8151
00857B,永豐20年美公債,19,0,19,台新-建北,2023-09-18,8151
6285,啟��,24,5,19,台新-建北,2023-09-18,8151
2301,光寶科,25,6,19,台新-建北,2023-09-18,8151
00772B,中信高評級公司債,19,1,18,台新-建北,2023-09-18,8151
2313,華通,165,147,18,台新-建北,2023-09-18,8151
00773B,中信優先金融債,17,0,17,台新-建北,2023-09-18,8151
5328,華容,16,0,16,台新-建北,2023-09-18,8151
2241,艾姆勒,15,0,15,台新-建北,2023-09-18,8151
6235,華孚,28,13,15,台新-建北,2023-09-18,8151
2421,建準,20,5,15,台新-建北,2023-09-18,8151
2330,台積電,16,2,14,台新-建北,2023-09-18,8151
00882,中信中國高股息,14,0,14,台新-建北,2023-09-18,8151
3322,建舜電,15,1,14,台新-建北,2023-09-18,8151
00795B,中信美國公債20年,13,0,13,台新-建北,2023-09-18,8151
00929,復華台灣科技優息,279,16,263,台新-建北,2023-09-19,8151
3663,鑫科,125,0,125,台新-建北,2023-09-19,8151
6901,鑽石投資,140,17,123,台新-建北,2023-09-19,8151
2606,裕民,143,34,109,台新-建北,2023-09-19,8151
00932,兆豐永續高息等權,104,0,104,台新-建北,2023-09-19,8151
1504,東元,97,19,78,台新-建北,2023-09-19,8151
00878,國泰永續高股息,83,10,73,台新-建北,2023-09-19,8151
3011,今皓,61,1,60,台新-建北,2023-09-19,8151
00919,群益台灣精選高息,61,5,56,台新-建北,2023-09-19,8151
4967,十銓,56,1,55,台新-建北,2023-09-19,8151
2449,京元電子,61,15,46,台新-建北,2023-09-19,8151
00923,群益台ESG低碳50,41,0,41,台新-建北,2023-09-19,8151
3322,建舜電,35,0,35,台新-建北,2023-09-19,8151
3078,僑威,29,2,27,台新-建北,2023-09-19,8151
4979,華星光,104,77,27,台新-建北,2023-09-19,8151
3625,西勝,25,0,25,台新-建北,2023-09-19,8151
6205,詮欣,22,0,22,台新-建北,2023-09-19,8151
8088,品安,25,3,22,台新-建北,2023-09-19,8151
2929,淘帝-KY,20,0,20,台新-建北,2023-09-19,8151
1528,恩德,20,0,20,台新-建北,2023-09-19,8151
9921,巨大,20,0,20,台新-建北,2023-09-19,8151
00710B,復華彭博非投等債,20,0,20,台新-建北,2023-09-19,8151
00680L,元大美債20正2,20,0,20,台新-建北,2023-09-19,8151
3049,精金,20,0,20,台新-建北,2023-09-19,8151
1310,台苯,18,0,18,台新-建北,2023-09-19,8151
1514,亞力,38,20,18,台新-建北,2023-09-19,8151
1471,首利,18,1,17,台新-建北,2023-09-19,8151
3066,李洲,17,0,17,台新-建北,2023-09-19,8151
3231,緯創,132,117,15,台新-建北,2023-09-19,8151
2332,友訊,16,1,15,台新-建北,2023-09-19,8151
00715L,期街口布蘭特正2,16,1,15,台新-建北,2023-09-19,8151
4538,大詠城,15,0,15,台新-建北,2023-09-19,8151
1231,聯華食,34,20,14,台新-建北,2023-09-19,8151
2340,台亞,12,0,12,台新-建北,2023-09-19,8151
1210,大成,30,18,12,台新-建北,2023-09-19,8151
3450,聯鈞,42,30,12,台新-建北,2023-09-19,8151
1216,統一,12,0,12,台新-建北,2023-09-19,8151
2204,中華,11,0,11,台新-建北,2023-09-19,8151
2002,中鋼,12,1,11,台新-建北,2023-09-19,8151
2482,連宇,11,0,11,台新-建北,2023-09-19,8151
4919,新唐,14,3,11,台新-建北,2023-09-19,8151
2201,裕隆,20,10,10,台新-建北,2023-09-19,8151
2618,長榮航,20,10,10,台新-建北,2023-09-19,8151
1618,合機,10,0,10,台新-建北,2023-09-19,8151
1905,華紙,10,0,10,台新-建北,2023-09-19,8151
3024,憶聲,10,0,10,台新-建北,2023-09-19,8151
8234,新漢,10,0,10,台新-建北,2023-09-19,8151
8442,威宏-KY,10,0,10,台新-建北,2023-09-19,8151
2303,聯電,11,2,9,台新-建北,2023-09-19,8151
6806,森崴能源,10,1,9,台新-建北,2023-09-19,8151
2881,富邦金,504,2,502,台新-建北,2023-09-20,8151
3481,群創,245,6,239,台新-建北,2023-09-20,8151
00932,兆豐永續高息等權,109,0,109,台新-建北,2023-09-20,8151
00632R,元大台灣50反1,100,28,72,台新-建北,2023-09-20,8151
00919,群益台灣精選高息,103,65,38,台新-建北,2023-09-20,8151
4906,正文,36,0,36,台新-建北,2023-09-20,8151
4967,十銓,35,1,34,台新-建北,2023-09-20,8151
00679B,元大美債20年,33,0,33,台新-建北,2023-09-20,8151
9105,泰金寶-DR,30,0,30,台新-建北,2023-09-20,8151
4961,天鈺,63,34,29,台新-建北,2023-09-20,8151
1101,台泥,29,0,29,台新-建北,2023-09-20,8151
00931B,統一美債20年,26,0,26,台新-建北,2023-09-20,8151
3265,台星科,52,28,24,台新-建北,2023-09-20,8151
4743,合一,27,3,24,台新-建北,2023-09-20,8151
2329,華泰,26,5,21,台新-建北,2023-09-20,8151
2867,三商壽,30,10,20,台新-建北,2023-09-20,8151
1568,倉佑,20,0,20,台新-建北,2023-09-20,8151
00922,國泰台灣領袖50,19,0,19,台新-建北,2023-09-20,8151
4979,華星光,59,41,18,台新-建北,2023-09-20,8151
2887,台新金,17,0,17,台新-建北,2023-09-20,8151
00751B,元大AAA至A公司債,17,0,17,台新-建北,2023-09-20,8151
1802,台玻,88,72,16,台新-建北,2023-09-20,8151
00923,群益台ESG低碳50,16,0,16,台新-建北,2023-09-20,8151
2885,元大金,15,0,15,台新-建北,2023-09-20,8151
1618,合機,15,0,15,台新-建北,2023-09-20,8151
1809,中釉,15,0,15,台新-建北,2023-09-20,8151
2340,台亞,15,0,15,台新-建北,2023-09-20,8151
2515,中工,15,0,15,台新-建北,2023-09-20,8151
1795,美時,14,0,14,台新-建北,2023-09-20,8151
3276,宇環,34,20,14,台新-建北,2023-09-20,8151
4741,泓瀚,13,0,13,台新-建北,2023-09-20,8151
1605,華新,31,18,13,台新-建北,2023-09-20,8151
2371,大同,13,0,13,台新-建北,2023-09-20,8151
2354,鴻準,20,7,13,台新-建北,2023-09-20,8151
00772B,中信高評級公司債,12,0,12,台新-建北,2023-09-20,8151
00712,復華富時不動產,12,0,12,台新-建北,2023-09-20,8151
2888,新光金,15,3,12,台新-建北,2023-09-20,8151
00688L,國泰20年美債正2,12,0,12,台新-建北,2023-09-20,8151
2330,台積電,15,4,11,台新-建北,2023-09-20,8151
3213,茂訊,15,5,10,台新-建北,2023-09-20,8151
3260,威剛,18,8,10,台新-建北,2023-09-20,8151
3005,神基,38,28,10,台新-建北,2023-09-20,8151
1584,精剛,12,2,10,台新-建北,2023-09-20,8151
1714,和桐,10,0,10,台新-建北,2023-09-20,8151
2406,國碩,10,0,10,台新-建北,2023-09-20,8151
5388,中磊,10,0,10,台新-建北,2023-09-20,8151
00902,中信電池及儲能,11,1,10,台新-建北,2023-09-20,8151
2352,佳世達,9,0,9,台新-建北,2023-09-20,8151
3037,欣興,23,14,9,台新-建北,2023-09-20,8151
6541,泰福-KY,9,0,9,台新-建北,2023-09-20,8151
2881,富邦金,618,0,618,台新-建北,2023-09-21,8151
00713,元大台灣高息低波,221,0,221,台新-建北,2023-09-21,8151
00932,兆豐永續高息等權,129,0,129,台新-建北,2023-09-21,8151
3715,定穎投控,348,244,104,台新-建北,2023-09-21,8151
3450,聯鈞,232,155,77,台新-建北,2023-09-21,8151
2883,凱基金,69,0,69,台新-建北,2023-09-21,8151
00878,國泰永續高股息,126,71,55,台新-建北,2023-09-21,8151
00688L,國泰20年美債正2,50,0,50,台新-建北,2023-09-21,8151
2887,台新金,50,1,49,台新-建北,2023-09-21,8151
2241,艾姆勒,51,3,48,台新-建北,2023-09-21,8151
00919,群益台灣精選高息,137,94,43,台新-建北,2023-09-21,8151
3011,今皓,41,0,41,台新-建北,2023-09-21,8151
2376,技嘉,145,105,40,台新-建北,2023-09-21,8151
2882,國泰金,44,4,40,台新-建北,2023-09-21,8151
4743,合一,40,2,38,台新-建北,2023-09-21,8151
3706,神達,59,21,38,台新-建北,2023-09-21,8151
00680L,元大美債20正2,46,10,36,台新-建北,2023-09-21,8151
4967,十銓,60,25,35,台新-建北,2023-09-21,8151
2915,潤泰全,32,0,32,台新-建北,2023-09-21,8151
1216,統一,31,0,31,台新-建北,2023-09-21,8151
2645,長榮航太,32,1,31,台新-建北,2023-09-21,8151
1714,和桐,30,0,30,台新-建北,2023-09-21,8151
00712,復華富時不動產,29,0,29,台新-建北,2023-09-21,8151
2888,新光金,29,1,28,台新-建北,2023-09-21,8151
1101,台泥,279,254,25,台新-建北,2023-09-21,8151
1308,亞聚,45,20,25,台新-建北,2023-09-21,8151
4173,久裕,25,0,25,台新-建北,2023-09-21,8151
2425,承啟,42,18,24,台新-建北,2023-09-21,8151
00679B,元大美債20年,24,0,24,台新-建北,2023-09-21,8151
2317,鴻海,27,5,22,台新-建北,2023-09-21,8151
0056,元大高股息,29,7,22,台新-建北,2023-09-21,8151
3035,智原,39,17,22,台新-建北,2023-09-21,8151
2618,長榮航,51,30,21,台新-建北,2023-09-21,8151
2002,中鋼,25,5,20,台新-建北,2023-09-21,8151
6150,撼訊,21,1,20,台新-建北,2023-09-21,8151
2867,三商壽,20,0,20,台新-建北,2023-09-21,8151
00751B,元大AAA至A公司債,19,0,19,台新-建北,2023-09-21,8151
1584,精剛,195,176,19,台新-建北,2023-09-21,8151
3078,僑威,18,1,17,台新-建北,2023-09-21,8151
2409,友達,17,0,17,台新-建北,2023-09-21,8151
2891,中信金,28,12,16,台新-建北,2023-09-21,8151
5243,乙盛-KY,16,0,16,台新-建北,2023-09-21,8151
2330,台積電,17,1,16,台新-建北,2023-09-21,8151
1731,美吾華,15,0,15,台新-建北,2023-09-21,8151
4979,華星光,54,39,15,台新-建北,2023-09-21,8151
00923,群益台ESG低碳50,14,0,14,台新-建北,2023-09-21,8151
8068,全達,55,41,14,台新-建北,2023-09-21,8151
3213,茂訊,14,0,14,台新-建北,2023-09-21,8151
00931B,統一美債20年,14,0,14,台新-建北,2023-09-21,8151
2344,華邦電,23,10,13,台新-建北,2023-09-21,8151
2881,富邦金,685,0,685,台新-建北,2023-09-22,8151
00687B,國泰20年美債,170,0,170,台新-建北,2023-09-22,8151
00632R,元大台灣50反1,130,0,130,台新-建北,2023-09-22,8151
00679B,元大美債20年,94,3,91,台新-建北,2023-09-22,8151
00929,復華台灣科技優息,96,7,89,台新-建北,2023-09-22,8151
3548,兆利,101,12,89,台新-建北,2023-09-22,8151
00885,富邦越南,106,20,86,台新-建北,2023-09-22,8151
00931B,統一美債20年,75,0,75,台新-建北,2023-09-22,8151
2891,中信金,71,0,71,台新-建北,2023-09-22,8151
00712,復華富時不動產,69,1,68,台新-建北,2023-09-22,8151
00795B,中信美國公債20年,63,0,63,台新-建北,2023-09-22,8151
00878,國泰永續高股息,80,34,46,台新-建北,2023-09-22,8151
00651R,復華香港反1,44,0,44,台新-建北,2023-09-22,8151
00772B,中信高評級公司債,42,0,42,台新-建北,2023-09-22,8151
3615,安可,41,2,39,台新-建北,2023-09-22,8151
00680L,元大美債20正2,38,0,38,台新-建北,2023-09-22,8151
00751B,元大AAA至A公司債,39,2,37,台新-建北,2023-09-22,8151
2301,光寶科,36,6,30,台新-建北,2023-09-22,8151
00688L,國泰20年美債正2,30,0,30,台新-建北,2023-09-22,8151
1304,台聚,30,0,30,台新-建北,2023-09-22,8151
3706,神達,37,10,27,台新-建北,2023-09-22,8151
1316,上曜,26,0,26,台新-建北,2023-09-22,8151
4961,天鈺,35,11,24,台新-建北,2023-09-22,8151
2884,玉山金,37,13,24,台新-建北,2023-09-22,8151
00665L,富邦�琤肭磪囓�2,35,12,23,台新-建北,2023-09-22,8151
2883,凱基金,22,0,22,台新-建北,2023-09-22,8151
2605,新興,22,0,22,台新-建北,2023-09-22,8151
9927,泰銘,21,0,21,台新-建北,2023-09-22,8151
3036,文曄,66,46,20,台新-建北,2023-09-22,8151
2887,台新金,21,2,19,台新-建北,2023-09-22,8151
00720B,元大投資級公司債,314,295,19,台新-建北,2023-09-22,8151
2316,楠梓電,32,15,17,台新-建北,2023-09-22,8151
1513,中興電,38,22,16,台新-建北,2023-09-22,8151
3011,今皓,15,0,15,台新-建北,2023-09-22,8151
0056,元大高股息,55,41,14,台新-建北,2023-09-22,8151
00637L,元大滬深300正2,24,10,14,台新-建北,2023-09-22,8151
6446,藥華藥,13,0,13,台新-建北,2023-09-22,8151
6589,台康生技,17,4,13,台新-建北,2023-09-22,8151
2330,台積電,13,1,12,台新-建北,2023-09-22,8151
00923,群益台ESG低碳50,13,1,12,台新-建北,2023-09-22,8151
8358,金居,21,10,11,台新-建北,2023-09-22,8151
2603,長榮,14,3,11,台新-建北,2023-09-22,8151
3189,景碩,11,1,10,台新-建北,2023-09-22,8151
00773B,中信優先金融債,10,0,10,台新-建北,2023-09-22,8151
00753L,中信中國50正2,10,0,10,台新-建北,2023-09-22,8151
3066,李洲,10,0,10,台新-建北,2023-09-22,8151
1618,合機,10,0,10,台新-建北,2023-09-22,8151
2408,南亞科,11,1,10,台新-建北,2023-09-22,8151
6472,保瑞,10,0,10,台新-建北,2023-09-22,8151
1514,亞力,17,7,10,台新-建北,2023-09-22,8151
2881,富邦金,1029,0,1029,台新-建北,2023-09-25,8151
00919,群益台灣精選高息,544,15,529,台新-建北,2023-09-25,8151
1524,耿鼎,151,0,151,台新-建北,2023-09-25,8151
00632R,元大台灣50反1,146,10,136,台新-建北,2023-09-25,8151
00687B,國泰20年美債,122,0,122,台新-建北,2023-09-25,8151
00680L,元大美債20正2,64,2,62,台新-建北,2023-09-25,8151
00929,復華台灣科技優息,65,15,50,台新-建北,2023-09-25,8151
006206,元大上證50,50,0,50,台新-建北,2023-09-25,8151
2618,長榮航,64,15,49,台新-建北,2023-09-25,8151
3322,建舜電,67,21,46,台新-建北,2023-09-25,8151
6187,萬潤,38,3,35,台新-建北,2023-09-25,8151
9958,世紀鋼,33,2,31,台新-建北,2023-09-25,8151
00642U,期元大S＆P石油,30,0,30,台新-建北,2023-09-25,8151
3710,連展投控,30,0,30,台新-建北,2023-09-25,8151
3324,雙鴻,47,18,29,台新-建北,2023-09-25,8151
2520,冠德,36,9,27,台新-建北,2023-09-25,8151
9927,泰銘,26,0,26,台新-建北,2023-09-25,8151
00878,國泰永續高股息,52,28,24,台新-建北,2023-09-25,8151
6290,良維,25,3,22,台新-建北,2023-09-25,8151
00635U,期元大S＆P黃金,20,0,20,台新-建北,2023-09-25,8151
2425,承啟,20,0,20,台新-建北,2023-09-25,8151
4763,材料-KY,27,8,19,台新-建北,2023-09-25,8151
6205,詮欣,17,0,17,台新-建北,2023-09-25,8151
6531,愛普*,53,37,16,台新-建北,2023-09-25,8151
1514,亞力,20,5,15,台新-建北,2023-09-25,8151
00931B,統一美債20年,13,0,13,台新-建北,2023-09-25,8151
3265,台星科,20,7,13,台新-建北,2023-09-25,8151
4915,致伸,12,0,12,台新-建北,2023-09-25,8151
3037,欣興,14,3,11,台新-建北,2023-09-25,8151
3025,星通,11,0,11,台新-建北,2023-09-25,8151
1522,堤維西,24,13,11,台新-建北,2023-09-25,8151
6485,點序,17,6,11,台新-建北,2023-09-25,8151
9945,潤泰新,10,0,10,台新-建北,2023-09-25,8151
2913,農林,10,0,10,台新-建北,2023-09-25,8151
3013,晟銘電,14,4,10,台新-建北,2023-09-25,8151
5469,瀚宇博,10,0,10,台新-建北,2023-09-25,8151
1464,得力,10,0,10,台新-建北,2023-09-25,8151
1339,昭輝,11,1,10,台新-建北,2023-09-25,8151
00671R,富邦NASDAQ反1,10,0,10,台新-建北,2023-09-25,8151
6122,擎邦,19,9,10,台新-建北,2023-09-25,8151
5457,宣德,10,0,10,台新-建北,2023-09-25,8151
00648R,元大S＆P500反1,10,0,10,台新-建北,2023-09-25,8151
2891,中信金,12,3,9,台新-建北,2023-09-25,8151
6585,鼎基,10,1,9,台新-建北,2023-09-25,8151
6213,聯茂,14,5,9,台新-建北,2023-09-25,8151
6120,達運,10,2,8,台新-建北,2023-09-25,8151
3706,神達,34,26,8,台新-建北,2023-09-25,8151
6530,創威,49,41,8,台新-建北,2023-09-25,8151
00713,元大台灣高息低波,11,4,7,台新-建北,2023-09-25,8151
2317,鴻海,8,1,7,台新-建北,2023-09-25,8151
2881,富邦金,836,0,836,台新-建北,2023-09-26,8151
00929,復華台灣科技優息,117,14,103,台新-建北,2023-09-26,8151
00679B,元大美債20年,68,0,68,台新-建北,2023-09-26,8151
00919,群益台灣精選高息,59,0,59,台新-建北,2023-09-26,8151
00932,兆豐永續高息等權,51,0,51,台新-建北,2023-09-26,8151
00751B,元大AAA至A公司債,48,0,48,台新-建北,2023-09-26,8151
00931B,統一美債20年,47,0,47,台新-建北,2023-09-26,8151
00688L,國泰20年美債正2,40,0,40,台新-建北,2023-09-26,8151
2882,國泰金,35,0,35,台新-建北,2023-09-26,8151
00885,富邦越南,37,2,35,台新-建北,2023-09-26,8151
00878,國泰永續高股息,41,8,33,台新-建北,2023-09-26,8151
9945,潤泰新,35,3,32,台新-建北,2023-09-26,8151
00642U,期元大S＆P石油,30,1,29,台新-建北,2023-09-26,8151
2368,金像電,71,44,27,台新-建北,2023-09-26,8151
5608,四維航,26,0,26,台新-建北,2023-09-26,8151
2303,聯電,26,1,25,台新-建北,2023-09-26,8151
1519,華城,39,14,25,台新-建北,2023-09-26,8151
00635U,期元大S＆P黃金,20,0,20,台新-建北,2023-09-26,8151
3363,上詮,42,22,20,台新-建北,2023-09-26,8151
2520,冠德,20,0,20,台新-建北,2023-09-26,8151
3049,精金,20,0,20,台新-建北,2023-09-26,8151
2645,長榮航太,20,0,20,台新-建北,2023-09-26,8151
3419,譁裕,20,0,20,台新-建北,2023-09-26,8151
1528,恩德,20,0,20,台新-建北,2023-09-26,8151
2330,台積電,18,0,18,台新-建北,2023-09-26,8151
2923,鼎固-KY,18,0,18,台新-建北,2023-09-26,8151
2317,鴻海,18,0,18,台新-建北,2023-09-26,8151
0056,元大高股息,19,1,18,台新-建北,2023-09-26,8151
2382,廣達,136,119,17,台新-建北,2023-09-26,8151
5425,台半,17,0,17,台新-建北,2023-09-26,8151
00900,富邦特選高股息30,17,1,16,台新-建北,2023-09-26,8151
3017,奇鋐,64,48,16,台新-建北,2023-09-26,8151
00687B,國泰20年美債,14,0,14,台新-建北,2023-09-26,8151
2002,中鋼,14,0,14,台新-建北,2023-09-26,8151
2462,良得電,16,2,14,台新-建北,2023-09-26,8151
3308,聯德,37,23,14,台新-建北,2023-09-26,8151
3715,定穎投控,300,287,13,台新-建北,2023-09-26,8151
00795B,中信美國公債20年,13,0,13,台新-建北,2023-09-26,8151
1603,華電,19,6,13,台新-建北,2023-09-26,8151
2206,三陽工業,21,8,13,台新-建北,2023-09-26,8151
6274,台燿,31,18,13,台新-建北,2023-09-26,8151
1101,台泥,24,12,12,台新-建北,2023-09-26,8151
3260,威剛,12,1,11,台新-建北,2023-09-26,8151
1402,遠東新,11,0,11,台新-建北,2023-09-26,8151
3005,神基,11,0,11,台新-建北,2023-09-26,8151
00888,永豐台灣ESG,11,0,11,台新-建北,2023-09-26,8151
00857B,永豐20年美公債,12,2,10,台新-建北,2023-09-26,8151
1714,和桐,10,0,10,台新-建北,2023-09-26,8151
4979,華星光,118,108,10,台新-建北,2023-09-26,8151
5258,虹堡,16,6,10,台新-建北,2023-09-26,8151
2881,富邦金,703,0,703,台新-建北,2023-09-27,8151
0056,元大高股息,196,4,192,台新-建北,2023-09-27,8151
1815,富喬,211,83,128,台新-建北,2023-09-27,8151
2002,中鋼,123,11,112,台新-建北,2023-09-27,8151
4967,十銓,92,1,91,台新-建北,2023-09-27,8151
00932,兆豐永續高息等權,72,0,72,台新-建北,2023-09-27,8151
2363,矽統,137,66,71,台新-建北,2023-09-27,8151
00929,復華台灣科技優息,66,10,56,台新-建北,2023-09-27,8151
1503,士電,50,1,49,台新-建北,2023-09-27,8151
4906,正文,48,0,48,台新-建北,2023-09-27,8151
00651R,復華香港反1,41,0,41,台新-建北,2023-09-27,8151
00642U,期元大S＆P石油,40,0,40,台新-建北,2023-09-27,8151
00919,群益台灣精選高息,48,9,39,台新-建北,2023-09-27,8151
2883,凱基金,39,1,38,台新-建北,2023-09-27,8151
00878,國泰永續高股息,45,10,35,台新-建北,2023-09-27,8151
00679B,元大美債20年,34,0,34,台新-建北,2023-09-27,8151
1618,合機,94,62,32,台新-建北,2023-09-27,8151
6274,台燿,53,25,28,台新-建北,2023-09-27,8151
3324,雙鴻,33,7,26,台新-建北,2023-09-27,8151
00712,復華富時不動產,26,0,26,台新-建北,2023-09-27,8151
1514,亞力,27,2,25,台新-建北,2023-09-27,8151
3481,群創,20,0,20,台新-建北,2023-09-27,8151
2892,第一金,18,0,18,台新-建北,2023-09-27,8151
6472,保瑞,17,0,17,台新-建北,2023-09-27,8151
6806,森崴能源,22,6,16,台新-建北,2023-09-27,8151
3163,波若威,41,26,15,台新-建北,2023-09-27,8151
8299,群聯,15,1,14,台新-建北,2023-09-27,8151
1519,華城,34,21,13,台新-建北,2023-09-27,8151
9927,泰銘,16,3,13,台新-建北,2023-09-27,8151
9938,百和,13,0,13,台新-建北,2023-09-27,8151
2344,華邦電,18,5,13,台新-建北,2023-09-27,8151
0050,元大台灣50,13,1,12,台新-建北,2023-09-27,8151
3017,奇鋐,63,51,12,台新-建北,2023-09-27,8151
2888,新光金,20,8,12,台新-建北,2023-09-27,8151
00772B,中信高評級公司債,11,0,11,台新-建北,2023-09-27,8151
1524,耿鼎,17,6,11,台新-建北,2023-09-27,8151
6271,同欣電,11,0,11,台新-建北,2023-09-27,8151
1101,台泥,11,0,11,台新-建北,2023-09-27,8151
6205,詮欣,11,0,11,台新-建北,2023-09-27,8151
5880,合庫金,12,1,11,台新-建北,2023-09-27,8151
8420,明揚,44,34,10,台新-建北,2023-09-27,8151
00751B,元大AAA至A公司債,10,0,10,台新-建北,2023-09-27,8151
2614,東森,10,0,10,台新-建北,2023-09-27,8151
2506,太設,10,0,10,台新-建北,2023-09-27,8151
5452,佶優,10,0,10,台新-建北,2023-09-27,8151
3322,建舜電,15,5,10,台新-建北,2023-09-27,8151
3094,聯傑,10,0,10,台新-建北,2023-09-27,8151
00676R,富邦臺灣加權反1,10,0,10,台新-建北,2023-09-27,8151
2317,鴻海,10,0,10,台新-建北,2023-09-27,8151
1612,宏泰,30,21,9,台新-建北,2023-09-27,8151
2881,富邦金,1000,0,1000,台新-建北,2023-09-28,8151
00632R,元大台灣50反1,141,11,130,台新-建北,2023-09-28,8151
00720B,元大投資級公司債,63,0,63,台新-建北,2023-09-28,8151
00719B,元大美債1-3,60,0,60,台新-建北,2023-09-28,8151
3035,智原,72,13,59,台新-建北,2023-09-28,8151
3231,緯創,104,53,51,台新-建北,2023-09-28,8151
00657,國泰日經225,50,0,50,台新-建北,2023-09-28,8151
2382,廣達,350,303,47,台新-建北,2023-09-28,8151
00665L,富邦�琤肭磪囓�2,45,0,45,台新-建北,2023-09-28,8151
4979,華星光,139,97,42,台新-建北,2023-09-28,8151
00712,復華富時不動產,41,0,41,台新-建北,2023-09-28,8151
00929,復華台灣科技優息,40,0,40,台新-建北,2023-09-28,8151
3105,穩懋,44,7,37,台新-建北,2023-09-28,8151
00751B,元大AAA至A公司債,36,0,36,台新-建北,2023-09-28,8151
00679B,元大美債20年,58,25,33,台新-建北,2023-09-28,8151
1514,亞力,30,0,30,台新-建北,2023-09-28,8151
9938,百和,40,10,30,台新-建北,2023-09-28,8151
1609,大亞,108,78,30,台新-建北,2023-09-28,8151
3017,奇鋐,49,21,28,台新-建北,2023-09-28,8151
2376,技嘉,226,203,23,台新-建北,2023-09-28,8151
00715L,期街口布蘭特正2,20,0,20,台新-建北,2023-09-28,8151
2317,鴻海,21,1,20,台新-建北,2023-09-28,8151
2408,南亞科,25,7,18,台新-建北,2023-09-28,8151
6418,詠昇,27,9,18,台新-建北,2023-09-28,8151
00664R,國泰臺灣加權反1,18,0,18,台新-建北,2023-09-28,8151
1584,精剛,31,15,16,台新-建北,2023-09-28,8151
1603,華電,38,22,16,台新-建北,2023-09-28,8151
00772B,中信高評級公司債,16,0,16,台新-建北,2023-09-28,8151
2617,台航,15,0,15,台新-建北,2023-09-28,8151
2610,華航,16,2,14,台新-建北,2023-09-28,8151
2344,華邦電,12,0,12,台新-建北,2023-09-28,8151
00795B,中信美國公債20年,12,0,12,台新-建北,2023-09-28,8151
00882,中信中國高股息,11,0,11,台新-建北,2023-09-28,8151
6235,華孚,31,20,11,台新-建北,2023-09-28,8151
00878,國泰永續高股息,34,24,10,台新-建北,2023-09-28,8151
1101,台泥,20,10,10,台新-建北,2023-09-28,8151
00857B,永豐20年美公債,10,0,10,台新-建北,2023-09-28,8151
1731,美吾華,10,0,10,台新-建北,2023-09-28,8151
3122,笙泉,47,37,10,台新-建北,2023-09-28,8151
00761B,國泰A級公司債,10,0,10,台新-建北,2023-09-28,8151
00931B,統一美債20年,10,0,10,台新-建北,2023-09-28,8151
2614,東森,10,0,10,台新-建北,2023-09-28,8151
00688L,國泰20年美債正2,10,0,10,台新-建北,2023-09-28,8151
00633L,富邦上証正2,10,0,10,台新-建北,2023-09-28,8151
2353,宏��,10,0,10,台新-建北,2023-09-28,8151
2356,英業達,14,5,9,台新-建北,2023-09-28,8151
2330,台積電,9,0,9,台新-建北,2023-09-28,8151
2542,興富發,8,0,8,台新-建北,2023-09-28,8151
6117,迎廣,81,73,8,台新-建北,2023-09-28,8151
8068,全達,52,44,8,台新-建北,2023-09-28,8151
2881,富邦金,434,0,434,台新-建北,2023-10-02,8151
1471,首利,335,34,301,台新-建北,2023-10-02,8151
00632R,元大台灣50反1,252,0,252,台新-建北,2023-10-02,8151
1514,亞力,218,2,216,台新-建北,2023-10-02,8151
00929,復華台灣科技優息,162,13,149,台新-建北,2023-10-02,8151
2368,金像電,187,80,107,台新-建北,2023-10-02,8151
00878,國泰永續高股息,87,11,76,台新-建北,2023-10-02,8151
6274,台燿,160,96,64,台新-建北,2023-10-02,8151
3715,定穎投控,290,229,61,台新-建北,2023-10-02,8151
5324,士開,56,0,56,台新-建北,2023-10-02,8151
9958,世紀鋼,58,7,51,台新-建北,2023-10-02,8151
3105,穩懋,50,1,49,台新-建北,2023-10-02,8151
00751B,元大AAA至A公司債,49,1,48,台新-建北,2023-10-02,8151
2603,長榮,46,7,39,台新-建北,2023-10-02,8151
1618,合機,55,24,31,台新-建北,2023-10-02,8151
0056,元大高股息,67,37,30,台新-建北,2023-10-02,8151
3017,奇鋐,74,46,28,台新-建北,2023-10-02,8151
2888,新光金,28,0,28,台新-建北,2023-10-02,8151
00679B,元大美債20年,28,0,28,台新-建北,2023-10-02,8151
9927,泰銘,24,3,21,台新-建北,2023-10-02,8151
00706L,期元大S＆P日圓正2,20,0,20,台新-建北,2023-10-02,8151
6830,汎銓,20,0,20,台新-建北,2023-10-02,8151
2618,長榮航,25,7,18,台新-建北,2023-10-02,8151
2409,友達,18,1,17,台新-建北,2023-10-02,8151
9938,百和,23,6,17,台新-建北,2023-10-02,8151
00772B,中信高評級公司債,16,0,16,台新-建北,2023-10-02,8151
00897,富邦基因免疫生技,15,0,15,台新-建北,2023-10-02,8151
2002,中鋼,13,0,13,台新-建北,2023-10-02,8151
2241,艾姆勒,17,4,13,台新-建北,2023-10-02,8151
1802,台玻,13,0,13,台新-建北,2023-10-02,8151
3322,建舜電,13,2,11,台新-建北,2023-10-02,8151
1815,富喬,201,190,11,台新-建北,2023-10-02,8151
00675L,富邦臺灣加權正2,12,1,11,台新-建北,2023-10-02,8151
3663,鑫科,10,0,10,台新-建北,2023-10-02,8151
5351,鈺創,42,32,10,台新-建北,2023-10-02,8151
2520,冠德,10,0,10,台新-建北,2023-10-02,8151
1714,和桐,10,0,10,台新-建北,2023-10-02,8151
2605,新興,11,1,10,台新-建北,2023-10-02,8151
00688L,國泰20年美債正2,10,0,10,台新-建北,2023-10-02,8151
00720B,元大投資級公司債,9,0,9,台新-建北,2023-10-02,8151
6451,訊芯-KY,15,6,9,台新-建北,2023-10-02,8151
6279,胡連,9,0,9,台新-建北,2023-10-02,8151
1519,華城,25,17,8,台新-建北,2023-10-02,8151
6585,鼎基,10,2,8,台新-建北,2023-10-02,8151
00857B,永豐20年美公債,8,0,8,台新-建北,2023-10-02,8151
8131,福懋科,8,0,8,台新-建北,2023-10-02,8151
0050,元大台灣50,8,0,8,台新-建北,2023-10-02,8151
00931B,統一美債20年,7,0,7,台新-建北,2023-10-02,8151
6285,啟��,7,0,7,台新-建北,2023-10-02,8151
00722B,群益投資級電信債,12,5,7,台新-建北,2023-10-02,8151
1815,富喬,862,363,499,台新-建北,2023-10-03,8151
2881,富邦金,411,0,411,台新-建北,2023-10-03,8151
00929,復華台灣科技優息,256,72,184,台新-建北,2023-10-03,8151
2409,友達,130,15,115,台新-建北,2023-10-03,8151
6274,台燿,197,138,59,台新-建北,2023-10-03,8151
00712,復華富時不動產,60,4,56,台新-建北,2023-10-03,8151
3481,群創,82,30,52,台新-建北,2023-10-03,8151
2883,凱基金,51,0,51,台新-建北,2023-10-03,8151
2382,廣達,197,151,46,台新-建北,2023-10-03,8151
00751B,元大AAA至A公司債,46,0,46,台新-建北,2023-10-03,8151
6290,良維,50,5,45,台新-建北,2023-10-03,8151
8069,元太,42,2,40,台新-建北,2023-10-03,8151
00720B,元大投資級公司債,40,0,40,台新-建北,2023-10-03,8151
00679B,元大美債20年,36,0,36,台新-建北,2023-10-03,8151
2888,新光金,35,0,35,台新-建北,2023-10-03,8151
2368,金像電,123,89,34,台新-建北,2023-10-03,8151
00633L,富邦上証正2,31,0,31,台新-建北,2023-10-03,8151
1326,台化,30,0,30,台新-建北,2023-10-03,8151
6538,倉和,38,8,30,台新-建北,2023-10-03,8151
00882,中信中國高股息,30,1,29,台新-建北,2023-10-03,8151
00688L,國泰20年美債正2,28,0,28,台新-建北,2023-10-03,8151
00772B,中信高評級公司債,25,0,25,台新-建北,2023-10-03,8151
0056,元大高股息,36,12,24,台新-建北,2023-10-03,8151
2618,長榮航,30,6,24,台新-建北,2023-10-03,8151
6125,廣運,25,1,24,台新-建北,2023-10-03,8151
3322,建舜電,31,8,23,台新-建北,2023-10-03,8151
3325,旭品,112,91,21,台新-建北,2023-10-03,8151
6205,詮欣,20,0,20,台新-建北,2023-10-03,8151
2610,華航,24,4,20,台新-建北,2023-10-03,8151
4960,誠美材,20,0,20,台新-建北,2023-10-03,8151
00919,群益台灣精選高息,43,24,19,台新-建北,2023-10-03,8151
1515,力山,27,8,19,台新-建北,2023-10-03,8151
4526,東台,19,0,19,台新-建北,2023-10-03,8151
00676R,富邦臺灣加權反1,19,0,19,台新-建北,2023-10-03,8151
00665L,富邦�琤肭磪囓�2,51,32,19,台新-建北,2023-10-03,8151
00637L,元大滬深300正2,18,0,18,台新-建北,2023-10-03,8151
6585,鼎基,22,4,18,台新-建北,2023-10-03,8151
00931B,統一美債20年,17,0,17,台新-建北,2023-10-03,8151
1609,大亞,78,62,16,台新-建北,2023-10-03,8151
2388,威盛,45,29,16,台新-建北,2023-10-03,8151
2002,中鋼,18,2,16,台新-建北,2023-10-03,8151
2605,新興,16,0,16,台新-建北,2023-10-03,8151
2376,技嘉,149,134,15,台新-建北,2023-10-03,8151
2748,雲品,15,0,15,台新-建北,2023-10-03,8151
3444,利機,34,20,14,台新-建北,2023-10-03,8151
6531,愛普*,22,8,14,台新-建北,2023-10-03,8151
2603,長榮,17,3,14,台新-建北,2023-10-03,8151
9938,百和,20,7,13,台新-建北,2023-10-03,8151
1802,台玻,13,0,13,台新-建北,2023-10-03,8151
1504,東元,12,0,12,台新-建北,2023-10-03,8151
2881,富邦金,537,0,537,台新-建北,2023-10-04,8151
2610,華航,310,2,308,台新-建北,2023-10-04,8151
00878,國泰永續高股息,183,11,172,台新-建北,2023-10-04,8151
1605,華新,105,1,104,台新-建北,2023-10-04,8151
00687B,國泰20年美債,82,0,82,台新-建北,2023-10-04,8151
1609,大亞,83,1,82,台新-建北,2023-10-04,8151
5608,四維航,81,0,81,台新-建北,2023-10-04,8151
00720B,元大投資級公司債,76,0,76,台新-建北,2023-10-04,8151
2887,台新金,74,0,74,台新-建北,2023-10-04,8151
00929,復華台灣科技優息,76,5,71,台新-建北,2023-10-04,8151
00679B,元大美債20年,66,0,66,台新-建北,2023-10-04,8151
00712,復華富時不動產,62,0,62,台新-建北,2023-10-04,8151
2891,中信金,62,0,62,台新-建北,2023-10-04,8151
00751B,元大AAA至A公司債,58,0,58,台新-建北,2023-10-04,8151
00657,國泰日經225,51,0,51,台新-建北,2023-10-04,8151
1815,富喬,201,153,48,台新-建北,2023-10-04,8151
00688L,國泰20年美債正2,47,0,47,台新-建北,2023-10-04,8151
00922,國泰台灣領袖50,39,0,39,台新-建北,2023-10-04,8151
0056,元大高股息,37,2,35,台新-建北,2023-10-04,8151
1303,南亞,34,0,34,台新-建北,2023-10-04,8151
1326,台化,34,0,34,台新-建北,2023-10-04,8151
6585,鼎基,41,8,33,台新-建北,2023-10-04,8151
00919,群益台灣精選高息,43,10,33,台新-建北,2023-10-04,8151
00680L,元大美債20正2,48,15,33,台新-建北,2023-10-04,8151
3231,緯創,661,628,33,台新-建北,2023-10-04,8151
2888,新光金,31,0,31,台新-建北,2023-10-04,8151
2883,凱基金,29,0,29,台新-建北,2023-10-04,8151
3037,欣興,35,7,28,台新-建北,2023-10-04,8151
6288,聯嘉,74,46,28,台新-建北,2023-10-04,8151
00651R,復華香港反1,27,0,27,台新-建北,2023-10-04,8151
00665L,富邦�琤肭磪囓�2,26,0,26,台新-建北,2023-10-04,8151
3450,聯鈞,36,11,25,台新-建北,2023-10-04,8151
2885,元大金,25,2,23,台新-建北,2023-10-04,8151
2462,良得電,22,0,22,台新-建北,2023-10-04,8151
6279,胡連,23,2,21,台新-建北,2023-10-04,8151
00696B,富邦美債20年,21,0,21,台新-建北,2023-10-04,8151
00633L,富邦上証正2,20,0,20,台新-建北,2023-10-04,8151
2603,長榮,26,6,20,台新-建北,2023-10-04,8151
2892,第一金,19,0,19,台新-建北,2023-10-04,8151
0050,元大台灣50,18,0,18,台新-建北,2023-10-04,8151
2884,玉山金,21,4,17,台新-建北,2023-10-04,8151
00637L,元大滬深300正2,17,0,17,台新-建北,2023-10-04,8151
3481,群創,21,6,15,台新-建北,2023-10-04,8151
6472,保瑞,15,0,15,台新-建北,2023-10-04,8151
5315,光聯,15,0,15,台新-建北,2023-10-04,8151
2368,金像電,39,24,15,台新-建北,2023-10-04,8151
1216,統一,15,0,15,台新-建北,2023-10-04,8151
2201,裕隆,18,4,14,台新-建北,2023-10-04,8151
3706,神達,26,12,14,台新-建北,2023-10-04,8151
2882,國泰金,13,0,13,台新-建北,2023-10-04,8151
2883,凱基金,138,1,137,台新-建北,2023-10-05,8151
00632R,元大台灣50反1,106,0,106,台新-建北,2023-10-05,8151
2867,三商壽,100,9,91,台新-建北,2023-10-05,8151
00712,復華富時不動產,54,0,54,台新-建北,2023-10-05,8151
6205,詮欣,43,1,42,台新-建北,2023-10-05,8151
6235,華孚,136,94,42,台新-建北,2023-10-05,8151
9105,泰金寶-DR,40,1,39,台新-建北,2023-10-05,8151
1603,華電,41,3,38,台新-建北,2023-10-05,8151
6156,松上,40,4,36,台新-建北,2023-10-05,8151
3035,智原,47,16,31,台新-建北,2023-10-05,8151
00929,復華台灣科技優息,31,1,30,台新-建北,2023-10-05,8151
00885,富邦越南,30,0,30,台新-建北,2023-10-05,8151
00679B,元大美債20年,33,4,29,台新-建北,2023-10-05,8151
4564,元翎,48,19,29,台新-建北,2023-10-05,8151
00651R,復華香港反1,27,0,27,台新-建北,2023-10-05,8151
6288,聯嘉,31,7,24,台新-建北,2023-10-05,8151
1101,台泥,21,0,21,台新-建北,2023-10-05,8151
3162,精確,21,0,21,台新-建北,2023-10-05,8151
2371,大同,26,10,16,台新-建北,2023-10-05,8151
2618,長榮航,53,37,16,台新-建北,2023-10-05,8151
3481,群創,19,5,14,台新-建北,2023-10-05,8151
2885,元大金,13,0,13,台新-建北,2023-10-05,8151
00772B,中信高評級公司債,13,0,13,台新-建北,2023-10-05,8151
00671R,富邦NASDAQ反1,12,0,12,台新-建北,2023-10-05,8151
3037,欣興,15,4,11,台新-建北,2023-10-05,8151
3680,家登,10,0,10,台新-建北,2023-10-05,8151
0056,元大高股息,14,3,11,台新-建北,2023-10-05,8151
00648R,元大S＆P500反1,10,0,10,台新-建北,2023-10-05,8151
2313,華通,19,9,10,台新-建北,2023-10-05,8151
5388,中磊,11,1,10,台新-建北,2023-10-05,8151
3419,譁裕,10,0,10,台新-建北,2023-10-05,8151
3033,威健,10,0,10,台新-建北,2023-10-05,8151
00931B,統一美債20年,10,0,10,台新-建北,2023-10-05,8151
3322,建舜電,10,0,10,台新-建北,2023-10-05,8151
00897,富邦基因免疫生技,10,0,10,台新-建北,2023-10-05,8151
2887,台新金,11,1,10,台新-建北,2023-10-05,8151
1303,南亞,12,2,10,台新-建北,2023-10-05,8151
4164,承業醫,10,0,10,台新-建北,2023-10-05,8151
3105,穩懋,12,2,10,台新-建北,2023-10-05,8151
00900,富邦特選高股息30,10,0,10,台新-建北,2023-10-05,8151
2498,宏達電,13,4,9,台新-建北,2023-10-05,8151
2358,廷鑫,9,0,9,台新-建北,2023-10-05,8151
2105,正新,14,5,9,台新-建北,2023-10-05,8151
00720B,元大投資級公司債,9,0,9,台新-建北,2023-10-05,8151
4908,前鼎,27,19,8,台新-建北,2023-10-05,8151
5258,虹堡,42,34,8,台新-建北,2023-10-05,8151
00637L,元大滬深300正2,8,0,8,台新-建北,2023-10-05,8151
1609,大亞,25,17,8,台新-建北,2023-10-05,8151
00878,國泰永續高股息,16,9,7,台新-建北,2023-10-05,8151
8112,至上,13,6,7,台新-建北,2023-10-05,8151
00632R,元大台灣50反1,261,0,261,台新-建北,2023-10-06,8151
5347,世界,101,0,101,台新-建北,2023-10-06,8151
3013,晟銘電,234,139,95,台新-建北,2023-10-06,8151
2105,正新,89,7,82,台新-建北,2023-10-06,8151
00651R,復華香港反1,72,0,72,台新-建北,2023-10-06,8151
00878,國泰永續高股息,77,9,68,台新-建北,2023-10-06,8151
1609,大亞,73,5,68,台新-建北,2023-10-06,8151
00929,復華台灣科技優息,67,5,62,台新-建北,2023-10-06,8151
8435,鉅邁,53,0,53,台新-建北,2023-10-06,8151
3051,力特,56,4,52,台新-建北,2023-10-06,8151
2630,亞航,33,1,32,台新-建北,2023-10-06,8151
00885,富邦越南,31,0,31,台新-建北,2023-10-06,8151
6122,擎邦,89,59,30,台新-建北,2023-10-06,8151
2637,慧洋-KY,25,1,24,台新-建北,2023-10-06,8151
00931B,統一美債20年,24,0,24,台新-建北,2023-10-06,8151
00676R,富邦臺灣加權反1,23,0,23,台新-建北,2023-10-06,8151
3706,神達,32,10,22,台新-建北,2023-10-06,8151
4953,緯軟,34,12,22,台新-建北,2023-10-06,8151
1603,華電,25,4,21,台新-建北,2023-10-06,8151
00720B,元大投資級公司債,20,0,20,台新-建北,2023-10-06,8151
00679B,元大美債20年,20,0,20,台新-建北,2023-10-06,8151
2486,一詮,54,35,19,台新-建北,2023-10-06,8151
00712,復華富時不動產,22,4,18,台新-建北,2023-10-06,8151
0056,元大高股息,20,3,17,台新-建北,2023-10-06,8151
2382,廣達,96,79,17,台新-建北,2023-10-06,8151
00772B,中信高評級公司債,16,0,16,台新-建北,2023-10-06,8151
2329,華泰,47,31,16,台新-建北,2023-10-06,8151
6156,松上,18,2,16,台新-建北,2023-10-06,8151
00662,富邦NASDAQ,15,0,15,台新-建北,2023-10-06,8151
4164,承業醫,15,0,15,台新-建北,2023-10-06,8151
2538,基泰,13,0,13,台新-建北,2023-10-06,8151
6472,保瑞,14,2,12,台新-建北,2023-10-06,8151
8046,南電,14,2,12,台新-建北,2023-10-06,8151
2312,金寶,12,0,12,台新-建北,2023-10-06,8151
3450,聯鈞,41,29,12,台新-建北,2023-10-06,8151
2401,凌陽,11,0,11,台新-建北,2023-10-06,8151
00751B,元大AAA至A公司債,11,0,11,台新-建北,2023-10-06,8151
2002,中鋼,12,1,11,台新-建北,2023-10-06,8151
6205,詮欣,10,0,10,台新-建北,2023-10-06,8151
1101,台泥,12,2,10,台新-建北,2023-10-06,8151
2462,良得電,10,0,10,台新-建北,2023-10-06,8151
3211,順達,10,0,10,台新-建北,2023-10-06,8151
2618,長榮航,20,10,10,台新-建北,2023-10-06,8151
4944,兆遠,10,0,10,台新-建北,2023-10-06,8151
3017,奇鋐,20,10,10,台新-建北,2023-10-06,8151
3324,雙鴻,11,1,10,台新-建北,2023-10-06,8151
00680L,元大美債20正2,10,1,9,台新-建北,2023-10-06,8151
3036,文曄,16,7,9,台新-建北,2023-10-06,8151
3276,宇環,9,1,8,台新-建北,2023-10-06,8151
2356,英業達,15,8,7,台新-建北,2023-10-06,8151
00632R,元大台灣50反1,553,0,553,台新-建北,2023-10-11,8151
3231,緯創,234,66,168,台新-建北,2023-10-11,8151
4967,十銓,127,4,123,台新-建北,2023-10-11,8151
00687B,國泰20年美債,117,0,117,台新-建北,2023-10-11,8151
2332,友訊,100,5,95,台新-建北,2023-10-11,8151
2603,長榮,101,7,94,台新-建北,2023-10-11,8151
4105,東洋,80,0,80,台新-建北,2023-10-11,8151
6139,亞翔,91,18,73,台新-建北,2023-10-11,8151
3483,力致,93,41,52,台新-建北,2023-10-11,8151
0056,元大高股息,74,23,51,台新-建北,2023-10-11,8151
00919,群益台灣精選高息,55,5,50,台新-建北,2023-10-11,8151
2884,玉山金,51,5,46,台新-建北,2023-10-11,8151
00712,復華富時不動產,44,0,44,台新-建北,2023-10-11,8151
1907,永豐餘,37,0,37,台新-建北,2023-10-11,8151
2388,威盛,46,12,34,台新-建北,2023-10-11,8151
00679B,元大美債20年,36,5,31,台新-建北,2023-10-11,8151
5243,乙盛-KY,30,2,28,台新-建北,2023-10-11,8151
3035,智原,150,122,28,台新-建北,2023-10-11,8151
2313,華通,29,2,27,台新-建北,2023-10-11,8151
6274,台燿,39,14,25,台新-建北,2023-10-11,8151
2816,旺旺保,29,5,24,台新-建北,2023-10-11,8151
3325,旭品,56,34,22,台新-建北,2023-10-11,8151
8227,巨有科技,24,3,21,台新-建北,2023-10-11,8151
3037,欣興,30,10,20,台新-建北,2023-10-11,8151
00676R,富邦臺灣加權反1,20,0,20,台新-建北,2023-10-11,8151
2353,宏��,21,2,19,台新-建北,2023-10-11,8151
4743,合一,20,2,18,台新-建北,2023-10-11,8151
2609,陽明,18,1,17,台新-建北,2023-10-11,8151
6788,華景電,17,0,17,台新-建北,2023-10-11,8151
2929,淘帝-KY,16,0,16,台新-建北,2023-10-11,8151
1609,大亞,19,3,16,台新-建北,2023-10-11,8151
4173,久裕,15,0,15,台新-建北,2023-10-11,8151
00651R,復華香港反1,15,0,15,台新-建北,2023-10-11,8151
2605,新興,24,9,15,台新-建北,2023-10-11,8151
6531,愛普*,19,5,14,台新-建北,2023-10-11,8151
2462,良得電,14,0,14,台新-建北,2023-10-11,8151
2382,廣達,126,113,13,台新-建北,2023-10-11,8151
1584,精剛,29,16,13,台新-建北,2023-10-11,8151
00931B,統一美債20年,12,0,12,台新-建北,2023-10-11,8151
3481,群創,16,4,12,台新-建北,2023-10-11,8151
00675L,富邦臺灣加權正2,12,0,12,台新-建北,2023-10-11,8151
2887,台新金,14,2,12,台新-建北,2023-10-11,8151
2610,華航,32,21,11,台新-建北,2023-10-11,8151
00918,大華優利高填息30,11,0,11,台新-建北,2023-10-11,8151
8050,廣積,13,2,11,台新-建北,2023-10-11,8151
00927,群益半導體收益,11,0,11,台新-建北,2023-10-11,8151
2454,聯發科,18,8,10,台新-建北,2023-10-11,8151
1514,亞力,10,0,10,台新-建北,2023-10-11,8151
3050,鈺德,10,0,10,台新-建北,2023-10-11,8151
3363,上詮,19,9,10,台新-建北,2023-10-11,8151
8358,金居,72,4,68,台新-建北,2023-10-12,8151
6274,台燿,71,8,63,台新-建北,2023-10-12,8151
3526,凡甲,60,0,60,台新-建北,2023-10-12,8151
00632R,元大台灣50反1,112,60,52,台新-建北,2023-10-12,8151
2312,金寶,50,0,50,台新-建北,2023-10-12,8151
2332,友訊,50,0,50,台新-建北,2023-10-12,8151
00878,國泰永續高股息,55,6,49,台新-建北,2023-10-12,8151
00651R,復華香港反1,48,0,48,台新-建北,2023-10-12,8151
5452,佶優,40,0,40,台新-建北,2023-10-12,8151
9904,寶成,38,0,38,台新-建北,2023-10-12,8151
2618,長榮航,65,27,38,台新-建北,2023-10-12,8151
2382,廣達,151,116,35,台新-建北,2023-10-12,8151
3481,群創,39,4,35,台新-建北,2023-10-12,8151
1519,華城,69,36,33,台新-建北,2023-10-12,8151
2412,中華電,31,0,31,台新-建北,2023-10-12,8151
00753L,中信中國50正2,30,1,29,台新-建北,2023-10-12,8151
2409,友達,33,6,27,台新-建北,2023-10-12,8151
00715L,期街口布蘭特正2,26,0,26,台新-建北,2023-10-12,8151
00751B,元大AAA至A公司債,26,0,26,台新-建北,2023-10-12,8151
0056,元大高股息,30,4,26,台新-建北,2023-10-12,8151
6176,瑞儀,21,0,21,台新-建北,2023-10-12,8151
00712,復華富時不動產,43,22,21,台新-建北,2023-10-12,8151
2892,第一金,21,0,21,台新-建北,2023-10-12,8151
00929,復華台灣科技優息,44,23,21,台新-建北,2023-10-12,8151
2457,飛宏,22,3,19,台新-建北,2023-10-12,8151
8034,榮群,22,3,19,台新-建北,2023-10-12,8151
00720B,元大投資級公司債,19,0,19,台新-建北,2023-10-12,8151
2324,仁寶,18,0,18,台新-建北,2023-10-12,8151
6245,立端,17,0,17,台新-建北,2023-10-12,8151
00679B,元大美債20年,30,14,16,台新-建北,2023-10-12,8151
2468,華經,26,10,16,台新-建北,2023-10-12,8151
9942,茂順,14,0,14,台新-建北,2023-10-12,8151
4968,立積,14,0,14,台新-建北,2023-10-12,8151
2888,新光金,24,11,13,台新-建北,2023-10-12,8151
3583,辛耘,12,0,12,台新-建北,2023-10-12,8151
00897,富邦基因免疫生技,10,0,10,台新-建北,2023-10-12,8151
00652,富邦印度,10,0,10,台新-建北,2023-10-12,8151
3025,星通,23,13,10,台新-建北,2023-10-12,8151
2520,冠德,10,0,10,台新-建北,2023-10-12,8151
3038,全台,10,0,10,台新-建北,2023-10-12,8151
3531,先益,10,1,9,台新-建北,2023-10-12,8151
6451,訊芯-KY,18,9,9,台新-建北,2023-10-12,8151
1907,永豐餘,9,0,9,台新-建北,2023-10-12,8151
6770,力積電,10,1,9,台新-建北,2023-10-12,8151
1503,士電,9,1,8,台新-建北,2023-10-12,8151
3050,鈺德,8,0,8,台新-建北,2023-10-12,8151
6806,森崴能源,11,3,8,台新-建北,2023-10-12,8151
00922,國泰台灣領袖50,9,1,8,台新-建北,2023-10-12,8151
2347,聯強,7,0,7,台新-建北,2023-10-12,8151
8081,致新,7,0,7,台新-建北,2023-10-12,8151
2881,富邦金,552,0,552,台新-建北,2023-10-13,8151
2356,英業達,316,5,311,台新-建北,2023-10-13,8151
00878,國泰永續高股息,108,0,108,台新-建北,2023-10-13,8151
8936,國統,50,0,50,台新-建北,2023-10-13,8151
2363,矽統,940,893,47,台新-建北,2023-10-13,8151
00931B,統一美債20年,43,0,43,台新-建北,2023-10-13,8151
00922,國泰台灣領袖50,43,0,43,台新-建北,2023-10-13,8151
2402,毅嘉,63,24,39,台新-建北,2023-10-13,8151
0056,元大高股息,56,18,38,台新-建北,2023-10-13,8151
6205,詮欣,35,0,35,台新-建北,2023-10-13,8151
6290,良維,50,17,33,台新-建北,2023-10-13,8151
00751B,元大AAA至A公司債,28,0,28,台新-建北,2023-10-13,8151
00679B,元大美債20年,28,0,28,台新-建北,2023-10-13,8151
2929,淘帝-KY,28,0,28,台新-建北,2023-10-13,8151
00929,復華台灣科技優息,34,8,26,台新-建北,2023-10-13,8151
2618,長榮航,33,7,26,台新-建北,2023-10-13,8151
3715,定穎投控,185,160,25,台新-建北,2023-10-13,8151
3231,緯創,147,123,24,台新-建北,2023-10-13,8151
00633L,富邦上証正2,30,6,24,台新-建北,2023-10-13,8151
2610,華航,27,5,22,台新-建北,2023-10-13,8151
2301,光寶科,40,19,21,台新-建北,2023-10-13,8151
2329,華泰,28,8,20,台新-建北,2023-10-13,8151
00712,復華富時不動產,19,0,19,台新-建北,2023-10-13,8151
1303,南亞,18,0,18,台新-建北,2023-10-13,8151
6112,邁達特,41,23,18,台新-建北,2023-10-13,8151
3078,僑威,43,25,18,台新-建北,2023-10-13,8151
00637L,元大滬深300正2,27,10,17,台新-建北,2023-10-13,8151
00893,國泰智能電動車,15,0,15,台新-建北,2023-10-13,8151
8114,振樺電,15,0,15,台新-建北,2023-10-13,8151
2453,凌群,13,0,13,台新-建北,2023-10-13,8151
2412,中華電,12,0,12,台新-建北,2023-10-13,8151
6411,晶焱,14,2,12,台新-建北,2023-10-13,8151
4763,材料-KY,16,4,12,台新-建北,2023-10-13,8151
2059,川湖,12,0,12,台新-建北,2023-10-13,8151
00919,群益台灣精選高息,12,0,12,台新-建北,2023-10-13,8151
00687B,國泰20年美債,11,0,11,台新-建北,2023-10-13,8151
3491,昇達科,16,5,11,台新-建北,2023-10-13,8151
2886,兆豐金,10,0,10,台新-建北,2023-10-13,8151
3218,大學光,10,0,10,台新-建北,2023-10-13,8151
4414,如興,10,0,10,台新-建北,2023-10-13,8151
6125,廣運,10,0,10,台新-建北,2023-10-13,8151
00753L,中信中國50正2,10,0,10,台新-建北,2023-10-13,8151
2887,台新金,10,0,10,台新-建北,2023-10-13,8151
4564,元翎,9,0,9,台新-建北,2023-10-13,8151
8096,擎亞,9,0,9,台新-建北,2023-10-13,8151
6191,精成科,15,6,9,台新-建北,2023-10-13,8151
2457,飛宏,13,4,9,台新-建北,2023-10-13,8151
3661,世芯-KY,8,0,8,台新-建北,2023-10-13,8151
1513,中興電,10,2,8,台新-建北,2023-10-13,8151
00720B,元大投資級公司債,8,0,8,台新-建北,2023-10-13,8151
2881,富邦金,700,12,688,台新-建北,2023-10-16,8151
0056,元大高股息,124,9,115,台新-建北,2023-10-16,8151
1313,聯成,100,3,97,台新-建北,2023-10-16,8151
5347,世界,82,2,80,台新-建北,2023-10-16,8151
00929,復華台灣科技優息,69,1,68,台新-建北,2023-10-16,8151
00919,群益台灣精選高息,62,10,52,台新-建北,2023-10-16,8151
1524,耿鼎,56,6,50,台新-建北,2023-10-16,8151
2332,友訊,50,0,50,台新-建北,2023-10-16,8151
00720B,元大投資級公司債,48,0,48,台新-建北,2023-10-16,8151
8936,國統,54,10,44,台新-建北,2023-10-16,8151
3526,凡甲,40,0,40,台新-建北,2023-10-16,8151
00878,國泰永續高股息,45,6,39,台新-建北,2023-10-16,8151
00712,復華富時不動產,36,0,36,台新-建北,2023-10-16,8151
5519,隆大,36,0,36,台新-建北,2023-10-16,8151
2344,華邦電,44,13,31,台新-建北,2023-10-16,8151
00657,國泰日經225,30,0,30,台新-建北,2023-10-16,8151
00632R,元大台灣50反1,30,0,30,台新-建北,2023-10-16,8151
2409,友達,32,2,30,台新-建北,2023-10-16,8151
6245,立端,27,0,27,台新-建北,2023-10-16,8151
3035,智原,63,37,26,台新-建北,2023-10-16,8151
2618,長榮航,77,51,26,台新-建北,2023-10-16,8151
6276,安鈦克,42,17,25,台新-建北,2023-10-16,8151
3701,大眾控,24,0,24,台新-建北,2023-10-16,8151
6282,康舒,26,3,23,台新-建北,2023-10-16,8151
4306,炎洲,21,0,21,台新-建北,2023-10-16,8151
1314,中石化,144,123,21,台新-建北,2023-10-16,8151
00633L,富邦上証正2,30,9,21,台新-建北,2023-10-16,8151
2363,矽統,368,348,20,台新-建北,2023-10-16,8151
3105,穩懋,24,4,20,台新-建北,2023-10-16,8151
1528,恩德,20,0,20,台新-建北,2023-10-16,8151
3049,精金,20,0,20,台新-建北,2023-10-16,8151
4503,金雨,25,6,19,台新-建北,2023-10-16,8151
2610,華航,22,3,19,台新-建北,2023-10-16,8151
6205,詮欣,20,1,19,台新-建北,2023-10-16,8151
2316,楠梓電,18,0,18,台新-建北,2023-10-16,8151
1303,南亞,21,3,18,台新-建北,2023-10-16,8151
6531,愛普*,18,1,17,台新-建北,2023-10-16,8151
5521,工信,21,5,16,台新-建北,2023-10-16,8151
00642U,期元大S＆P石油,15,0,15,台新-建北,2023-10-16,8151
1785,光洋科,17,3,14,台新-建北,2023-10-16,8151
3083,網龍,15,1,14,台新-建北,2023-10-16,8151
8155,博智,14,0,14,台新-建北,2023-10-16,8151
2382,廣達,28,14,14,台新-建北,2023-10-16,8151
6485,點序,18,5,13,台新-建北,2023-10-16,8151
00637L,元大滬深300正2,13,0,13,台新-建北,2023-10-16,8151
2913,農林,50,37,13,台新-建北,2023-10-16,8151
3231,緯創,64,51,13,台新-建北,2023-10-16,8151
6139,亞翔,21,9,12,台新-建北,2023-10-16,8151
6156,松上,14,2,12,台新-建北,2023-10-16,8151
4105,東洋,12,0,12,台新-建北,2023-10-16,8151
2881,富邦金,413,3,410,台新-建北,2023-10-17,8151
0056,元大高股息,187,12,175,台新-建北,2023-10-17,8151
2332,友訊,120,8,112,台新-建北,2023-10-17,8151
00929,復華台灣科技優息,85,0,85,台新-建北,2023-10-17,8151
2884,玉山金,80,0,80,台新-建北,2023-10-17,8151
00720B,元大投資級公司債,66,0,66,台新-建北,2023-10-17,8151
00931B,統一美債20年,76,11,65,台新-建北,2023-10-17,8151
00878,國泰永續高股息,58,1,57,台新-建北,2023-10-17,8151
020034,元大IC設計N,45,0,45,台新-建北,2023-10-17,8151
1609,大亞,65,23,42,台新-建北,2023-10-17,8151
00633L,富邦上証正2,40,1,39,台新-建北,2023-10-17,8151
8936,國統,39,2,37,台新-建北,2023-10-17,8151
2891,中信金,38,2,36,台新-建北,2023-10-17,8151
020031,統一IC設計臺灣N,35,0,35,台新-建北,2023-10-17,8151
6104,創惟,49,16,33,台新-建北,2023-10-17,8151
00919,群益台灣精選高息,29,3,26,台新-建北,2023-10-17,8151
00751B,元大AAA至A公司債,23,0,23,台新-建北,2023-10-17,8151
3484,崧騰,25,2,23,台新-建北,2023-10-17,8151
00687B,國泰20年美債,24,1,23,台新-建北,2023-10-17,8151
2356,英業達,43,21,22,台新-建北,2023-10-17,8151
00679B,元大美債20年,26,5,21,台新-建北,2023-10-17,8151
2528,皇普,20,0,20,台新-建北,2023-10-17,8151
3483,力致,42,23,19,台新-建北,2023-10-17,8151
2425,承啟,64,45,19,台新-建北,2023-10-17,8151
6139,亞翔,27,8,19,台新-建北,2023-10-17,8151
6274,台燿,22,4,18,台新-建北,2023-10-17,8151
00922,國泰台灣領袖50,27,12,15,台新-建北,2023-10-17,8151
2618,長榮航,21,6,15,台新-建北,2023-10-17,8151
00772B,中信高評級公司債,15,0,15,台新-建北,2023-10-17,8151
8086,宏捷科,18,4,14,台新-建北,2023-10-17,8151
2610,華航,17,3,14,台新-建北,2023-10-17,8151
8054,安國,32,18,14,台新-建北,2023-10-17,8151
6789,采鈺,14,0,14,台新-建北,2023-10-17,8151
1504,東元,14,0,14,台新-建北,2023-10-17,8151
2886,兆豐金,13,0,13,台新-建北,2023-10-17,8151
00857B,永豐20年美公債,13,0,13,台新-建北,2023-10-17,8151
2634,漢翔,13,0,13,台新-建北,2023-10-17,8151
1618,合機,12,0,12,台新-建北,2023-10-17,8151
2534,宏盛,12,0,12,台新-建北,2023-10-17,8151
2888,新光金,16,5,11,台新-建北,2023-10-17,8151
3029,零壹,12,1,11,台新-建北,2023-10-17,8151
2402,毅嘉,21,10,11,台新-建北,2023-10-17,8151
3044,健鼎,14,3,11,台新-建北,2023-10-17,8151
00915,凱基優選高股息30,11,0,11,台新-建北,2023-10-17,8151
6811,宏�硌穈T,11,0,11,台新-建北,2023-10-17,8151
4979,華星光,84,73,11,台新-建北,2023-10-17,8151
00664R,國泰臺灣加權反1,10,0,10,台新-建北,2023-10-17,8151
6290,良維,11,1,10,台新-建北,2023-10-17,8151
00907,永豐優息存股,10,0,10,台新-建北,2023-10-17,8151
3033,威健,10,0,10,台新-建北,2023-10-17,8151
2881,富邦金,914,2,912,台新-建北,2023-10-18,8151
00878,國泰永續高股息,246,6,240,台新-建北,2023-10-18,8151
00680L,元大美債20正2,211,0,211,台新-建北,2023-10-18,8151
00929,復華台灣科技優息,204,4,200,台新-建北,2023-10-18,8151
00676R,富邦臺灣加權反1,188,0,188,台新-建北,2023-10-18,8151
1815,富喬,208,29,179,台新-建北,2023-10-18,8151
00632R,元大台灣50反1,300,121,179,台新-建北,2023-10-18,8151
0056,元大高股息,213,43,170,台新-建北,2023-10-18,8151
00922,國泰台灣領袖50,124,0,124,台新-建北,2023-10-18,8151
00919,群益台灣精選高息,112,5,107,台新-建北,2023-10-18,8151
2534,宏盛,103,1,102,台新-建北,2023-10-18,8151
00885,富邦越南,54,1,53,台新-建北,2023-10-18,8151
3049,精金,50,0,50,台新-建北,2023-10-18,8151
00931B,統一美債20年,42,0,42,台新-建北,2023-10-18,8151
2515,中工,52,12,40,台新-建北,2023-10-18,8151
2344,華邦電,41,2,39,台新-建北,2023-10-18,8151
2489,瑞軒,66,27,39,台新-建北,2023-10-18,8151
3037,欣興,43,8,35,台新-建北,2023-10-18,8151
3701,大眾控,38,5,33,台新-建北,2023-10-18,8151
1101,台泥,231,198,33,台新-建北,2023-10-18,8151
2388,威盛,138,106,32,台新-建北,2023-10-18,8151
2462,良得電,30,1,29,台新-建北,2023-10-18,8151
5347,世界,28,0,28,台新-建北,2023-10-18,8151
1313,聯成,26,0,26,台新-建北,2023-10-18,8151
00687B,國泰20年美債,26,0,26,台新-建北,2023-10-18,8151
1618,合機,31,6,25,台新-建北,2023-10-18,8151
3035,智原,56,31,25,台新-建北,2023-10-18,8151
3078,僑威,31,9,22,台新-建北,2023-10-18,8151
2498,宏達電,25,3,22,台新-建北,2023-10-18,8151
2332,友訊,21,0,21,台新-建北,2023-10-18,8151
2425,承啟,26,5,21,台新-建北,2023-10-18,8151
1799,易威,21,1,20,台新-建北,2023-10-18,8151
6235,華孚,29,9,20,台新-建北,2023-10-18,8151
2634,漢翔,24,6,18,台新-建北,2023-10-18,8151
00712,復華富時不動產,19,1,18,台新-建北,2023-10-18,8151
3260,威剛,140,123,17,台新-建北,2023-10-18,8151
1717,長興,16,0,16,台新-建北,2023-10-18,8151
3672,康聯訊,16,0,16,台新-建北,2023-10-18,8151
9928,中視,16,0,16,台新-建北,2023-10-18,8151
3706,神達,26,10,16,台新-建北,2023-10-18,8151
2352,佳世達,20,6,14,台新-建北,2023-10-18,8151
00751B,元大AAA至A公司債,13,0,13,台新-建北,2023-10-18,8151
4743,合一,16,3,13,台新-建北,2023-10-18,8151
2520,冠德,12,0,12,台新-建北,2023-10-18,8151
3481,群創,13,2,11,台新-建北,2023-10-18,8151
3715,定穎投控,268,257,11,台新-建北,2023-10-18,8151
00720B,元大投資級公司債,11,0,11,台新-建北,2023-10-18,8151
6278,台表科,11,0,11,台新-建北,2023-10-18,8151
6125,廣運,11,0,11,台新-建北,2023-10-18,8151
2316,楠梓電,11,0,11,台新-建北,2023-10-18,8151
2881,富邦金,804,11,793,台新-建北,2023-10-19,8151
1101,台泥,308,3,305,台新-建北,2023-10-19,8151
00680L,元大美債20正2,211,0,211,台新-建北,2023-10-19,8151
0056,元大高股息,205,1,204,台新-建北,2023-10-19,8151
00633L,富邦上証正2,130,0,130,台新-建北,2023-10-19,8151
2884,玉山金,153,27,126,台新-建北,2023-10-19,8151
2002,中鋼,112,0,112,台新-建北,2023-10-19,8151
00878,國泰永續高股息,114,39,75,台新-建北,2023-10-19,8151
00931B,統一美債20年,72,0,72,台新-建北,2023-10-19,8151
00933B,國泰10Y+金融債,69,0,69,台新-建北,2023-10-19,8151
00632R,元大台灣50反1,300,238,62,台新-建北,2023-10-19,8151
00687B,國泰20年美債,62,0,62,台新-建北,2023-10-19,8151
00720B,元大投資級公司債,61,0,61,台新-建北,2023-10-19,8151
00637L,元大滬深300正2,46,0,46,台新-建北,2023-10-19,8151
00712,復華富時不動產,42,0,42,台新-建北,2023-10-19,8151
1471,首利,37,0,37,台新-建北,2023-10-19,8151
3035,智原,116,84,32,台新-建北,2023-10-19,8151
00929,復華台灣科技優息,34,4,30,台新-建北,2023-10-19,8151
00657,國泰日經225,30,0,30,台新-建北,2023-10-19,8151
00751B,元大AAA至A公司債,29,0,29,台新-建北,2023-10-19,8151
00772B,中信高評級公司債,29,0,29,台新-建北,2023-10-19,8151
6274,台燿,89,63,26,台新-建北,2023-10-19,8151
2388,威盛,45,20,25,台新-建北,2023-10-19,8151
2515,中工,60,35,25,台新-建北,2023-10-19,8151
4967,十銓,54,30,24,台新-建北,2023-10-19,8151
2363,矽統,46,23,23,台新-建北,2023-10-19,8151
1795,美時,36,13,23,台新-建北,2023-10-19,8151
8390,金益鼎,26,5,21,台新-建北,2023-10-19,8151
6643,M31,34,13,21,台新-建北,2023-10-19,8151
2332,友訊,20,0,20,台新-建北,2023-10-19,8151
1316,上曜,20,1,19,台新-建北,2023-10-19,8151
2888,新光金,38,20,18,台新-建北,2023-10-19,8151
1568,倉佑,25,7,18,台新-建北,2023-10-19,8151
9945,潤泰新,17,0,17,台新-建北,2023-10-19,8151
2534,宏盛,17,0,17,台新-建北,2023-10-19,8151
3548,兆利,30,14,16,台新-建北,2023-10-19,8151
2454,聯發科,22,6,16,台新-建北,2023-10-19,8151
2313,華通,20,5,15,台新-建北,2023-10-19,8151
6290,良維,15,0,15,台新-建北,2023-10-19,8151
2317,鴻海,15,0,15,台新-建北,2023-10-19,8151
2645,長榮航太,14,0,14,台新-建北,2023-10-19,8151
1513,中興電,17,4,13,台新-建北,2023-10-19,8151
2892,第一金,20,7,13,台新-建北,2023-10-19,8151
2493,揚博,13,0,13,台新-建北,2023-10-19,8151
00919,群益台灣精選高息,13,0,13,台新-建北,2023-10-19,8151
00902,中信電池及儲能,12,0,12,台新-建北,2023-10-19,8151
1314,中石化,418,406,12,台新-建北,2023-10-19,8151
2891,中信金,18,7,11,台新-建北,2023-10-19,8151
6129,普誠,14,3,11,台新-建北,2023-10-19,8151
6205,詮欣,11,0,11,台新-建北,2023-10-19,8151
2881,富邦金,819,10,809,台新-建北,2023-10-20,8151
00676R,富邦臺灣加權反1,300,0,300,台新-建北,2023-10-20,8151
3017,奇鋐,227,14,213,台新-建北,2023-10-20,8151
00680L,元大美債20正2,195,1,194,台新-建北,2023-10-20,8151
2303,聯電,144,24,120,台新-建北,2023-10-20,8151
2376,技嘉,142,31,111,台新-建北,2023-10-20,8151
2618,長榮航,117,8,109,台新-建北,2023-10-20,8151
3122,笙泉,164,62,102,台新-建北,2023-10-20,8151
00929,復華台灣科技優息,134,42,92,台新-建北,2023-10-20,8151
00712,復華富時不動產,92,0,92,台新-建北,2023-10-20,8151
00878,國泰永續高股息,114,27,87,台新-建北,2023-10-20,8151
00919,群益台灣精選高息,82,7,75,台新-建北,2023-10-20,8151
00720B,元大投資級公司債,65,0,65,台新-建北,2023-10-20,8151
00688L,國泰20年美債正2,65,0,65,台新-建北,2023-10-20,8151
00687B,國泰20年美債,66,2,64,台新-建北,2023-10-20,8151
0056,元大高股息,86,25,61,台新-建北,2023-10-20,8151
00931B,統一美債20年,58,1,57,台新-建北,2023-10-20,8151
2520,冠德,54,0,54,台新-建北,2023-10-20,8151
00633L,富邦上証正2,50,0,50,台新-建北,2023-10-20,8151
3672,康聯訊,46,0,46,台新-建北,2023-10-20,8151
00772B,中信高評級公司債,42,1,41,台新-建北,2023-10-20,8151
2515,中工,54,18,36,台新-建北,2023-10-20,8151
6712,長聖,32,0,32,台新-建北,2023-10-20,8151
2371,大同,40,10,30,台新-建北,2023-10-20,8151
00885,富邦越南,30,1,29,台新-建北,2023-10-20,8151
2002,中鋼,29,1,28,台新-建北,2023-10-20,8151
6290,良維,47,19,28,台新-建北,2023-10-20,8151
9958,世紀鋼,28,4,24,台新-建北,2023-10-20,8151
2885,元大金,21,1,20,台新-建北,2023-10-20,8151
2887,台新金,50,30,20,台新-建北,2023-10-20,8151
2883,凱基金,18,0,18,台新-建北,2023-10-20,8151
00679B,元大美債20年,20,2,18,台新-建北,2023-10-20,8151
2458,義隆,18,0,18,台新-建北,2023-10-20,8151
3305,昇貿,17,0,17,台新-建北,2023-10-20,8151
1723,中碳,22,5,17,台新-建北,2023-10-20,8151
1795,美時,20,4,16,台新-建北,2023-10-20,8151
8176,智捷,16,0,16,台新-建北,2023-10-20,8151
4743,合一,37,21,16,台新-建北,2023-10-20,8151
4552,力達-KY,14,0,14,台新-建北,2023-10-20,8151
2882,國泰金,14,1,13,台新-建北,2023-10-20,8151
2891,中信金,16,3,13,台新-建北,2023-10-20,8151
2363,矽統,24,11,13,台新-建北,2023-10-20,8151
3025,星通,95,83,12,台新-建北,2023-10-20,8151
3416,融程電,12,0,12,台新-建北,2023-10-20,8151
3036,文曄,12,0,12,台新-建北,2023-10-20,8151
3234,光環,12,0,12,台新-建北,2023-10-20,8151
3324,雙鴻,25,14,11,台新-建北,2023-10-20,8151
2892,第一金,11,0,11,台新-建北,2023-10-20,8151
2534,宏盛,11,0,11,台新-建北,2023-10-20,8151
00751B,元大AAA至A公司債,11,0,11,台新-建北,2023-10-20,8151
2881,富邦金,1016,0,1016,台新-建北,2023-10-23,8151
00680L,元大美債20正2,260,0,260,台新-建北,2023-10-23,8151
2887,台新金,255,2,253,台新-建北,2023-10-23,8151
2401,凌陽,231,105,126,台新-建北,2023-10-23,8151
1217,愛之味,115,0,115,台新-建北,2023-10-23,8151
2845,遠東銀,105,5,100,台新-建北,2023-10-23,8151
00929,復華台灣科技優息,105,9,96,台新-建北,2023-10-23,8151
00712,復華富時不動產,69,0,69,台新-建北,2023-10-23,8151
2457,飛宏,104,47,57,台新-建北,2023-10-23,8151
00720B,元大投資級公司債,51,2,49,台新-建北,2023-10-23,8151
2344,華邦電,46,5,41,台新-建北,2023-10-23,8151
00878,國泰永續高股息,57,16,41,台新-建北,2023-10-23,8151
00919,群益台灣精選高息,39,0,39,台新-建北,2023-10-23,8151
2883,凱基金,38,0,38,台新-建北,2023-10-23,8151
3672,康聯訊,34,0,34,台新-建北,2023-10-23,8151
00687B,國泰20年美債,32,0,32,台新-建北,2023-10-23,8151
0056,元大高股息,33,0,33,台新-建北,2023-10-23,8151
3041,揚智,36,8,28,台新-建北,2023-10-23,8151
5880,合庫金,27,0,27,台新-建北,2023-10-23,8151
3231,緯創,71,45,26,台新-建北,2023-10-23,8151
00795B,中信美國公債20年,25,0,25,台新-建北,2023-10-23,8151
2317,鴻海,56,32,24,台新-建北,2023-10-23,8151
2891,中信金,25,2,23,台新-建北,2023-10-23,8151
3060,銘異,21,0,21,台新-建北,2023-10-23,8151
9105,泰金寶-DR,20,0,20,台新-建北,2023-10-23,8151
00665L,富邦�琤肭磪囓�2,20,0,20,台新-建北,2023-10-23,8151
6274,台燿,30,12,18,台新-建北,2023-10-23,8151
2493,揚博,18,0,18,台新-建北,2023-10-23,8151
3037,欣興,22,4,18,台新-建北,2023-10-23,8151
6290,良維,17,1,16,台新-建北,2023-10-23,8151
3051,力特,48,33,15,台新-建北,2023-10-23,8151
2816,旺旺保,15,0,15,台新-建北,2023-10-23,8151
00679B,元大美債20年,17,3,14,台新-建北,2023-10-23,8151
3025,星通,28,16,12,台新-建北,2023-10-23,8151
2892,第一金,12,0,12,台新-建北,2023-10-23,8151
4961,天鈺,12,1,11,台新-建北,2023-10-23,8151
00932,兆豐永續高息等權,11,0,11,台新-建北,2023-10-23,8151
00923,群益台ESG低碳50,11,0,11,台新-建北,2023-10-23,8151
00751B,元大AAA至A公司債,10,0,10,台新-建北,2023-10-23,8151
2059,川湖,11,1,10,台新-建北,2023-10-23,8151
2332,友訊,10,0,10,台新-建北,2023-10-23,8151
00688L,國泰20年美債正2,10,0,10,台新-建北,2023-10-23,8151
1210,大成,10,0,10,台新-建北,2023-10-23,8151
00931B,統一美債20年,10,0,10,台新-建北,2023-10-23,8151
00922,國泰台灣領袖50,10,0,10,台新-建北,2023-10-23,8151
1714,和桐,10,0,10,台新-建北,2023-10-23,8151
6120,達運,26,16,10,台新-建北,2023-10-23,8151
1711,永光,16,6,10,台新-建北,2023-10-23,8151
2890,永豐金,10,1,9,台新-建北,2023-10-23,8151
1907,永豐餘,9,0,9,台新-建北,2023-10-23,8151
2881,富邦金,501,0,501,台新-建北,2023-10-24,8151
00632R,元大台灣50反1,301,25,276,台新-建北,2023-10-24,8151
2637,慧洋-KY,130,5,125,台新-建北,2023-10-24,8151
5258,虹堡,107,4,103,台新-建北,2023-10-24,8151
00929,復華台灣科技優息,123,25,98,台新-建北,2023-10-24,8151
00687B,國泰20年美債,87,3,84,台新-建北,2023-10-24,8151
3041,揚智,95,26,69,台新-建北,2023-10-24,8151
2883,凱基金,59,0,59,台新-建北,2023-10-24,8151
1101,台泥,55,0,55,台新-建北,2023-10-24,8151
00751B,元大AAA至A公司債,54,0,54,台新-建北,2023-10-24,8151
00633L,富邦上証正2,51,0,51,台新-建北,2023-10-24,8151
9958,世紀鋼,51,0,51,台新-建北,2023-10-24,8151
2317,鴻海,59,9,50,台新-建北,2023-10-24,8151
3701,大眾控,59,9,50,台新-建北,2023-10-24,8151
00712,復華富時不動產,39,0,39,台新-建北,2023-10-24,8151
3715,定穎投控,162,126,36,台新-建北,2023-10-24,8151
0056,元大高股息,37,2,35,台新-建北,2023-10-24,8151
00657,國泰日經225,30,0,30,台新-建北,2023-10-24,8151
1721,三晃,140,111,29,台新-建北,2023-10-24,8151
00919,群益台灣精選高息,38,10,28,台新-建北,2023-10-24,8151
5533,皇鼎,28,0,28,台新-建北,2023-10-24,8151
4503,金雨,27,1,26,台新-建北,2023-10-24,8151
3704,合勤控,37,12,25,台新-建北,2023-10-24,8151
4960,誠美材,41,18,23,台新-建北,2023-10-24,8151
2368,金像電,30,9,21,台新-建北,2023-10-24,8151
2002,中鋼,20,0,20,台新-建北,2023-10-24,8151
4979,華星光,71,51,20,台新-建北,2023-10-24,8151
3481,群創,24,4,20,台新-建北,2023-10-24,8151
00679B,元大美債20年,21,2,19,台新-建北,2023-10-24,8151
00637L,元大滬深300正2,17,0,17,台新-建北,2023-10-24,8151
2332,友訊,14,0,14,台新-建北,2023-10-24,8151
0050,元大台灣50,13,0,13,台新-建北,2023-10-24,8151
4746,台耀,16,4,12,台新-建北,2023-10-24,8151
2363,矽統,13,1,12,台新-建北,2023-10-24,8151
2887,台新金,11,0,11,台新-建北,2023-10-24,8151
8996,高力,29,18,11,台新-建北,2023-10-24,8151
1714,和桐,10,0,10,台新-建北,2023-10-24,8151
00720B,元大投資級公司債,11,1,10,台新-建北,2023-10-24,8151
00922,國泰台灣領袖50,11,1,10,台新-建北,2023-10-24,8151
2329,華泰,43,34,9,台新-建北,2023-10-24,8151
1519,華城,13,5,8,台新-建北,2023-10-24,8151
6532,瑞耘,8,0,8,台新-建北,2023-10-24,8151
3706,神達,44,37,7,台新-建北,2023-10-24,8151
2371,大同,7,0,7,台新-建北,2023-10-24,8151
2425,承啟,17,10,7,台新-建北,2023-10-24,8151
6243,迅杰,7,0,7,台新-建北,2023-10-24,8151
3017,奇鋐,14,7,7,台新-建北,2023-10-24,8151
2352,佳世達,7,0,7,台新-建北,2023-10-24,8151
00888,永豐台灣ESG,6,0,6,台新-建北,2023-10-24,8151
3105,穩懋,7,1,6,台新-建北,2023-10-24,8151
2881,富邦金,756,1,755,台新-建北,2023-10-25,8151
2303,聯電,255,11,244,台新-建北,2023-10-25,8151
2884,玉山金,155,0,155,台新-建北,2023-10-25,8151
2382,廣達,156,35,121,台新-建北,2023-10-25,8151
6143,振曜,101,2,99,台新-建北,2023-10-25,8151
3701,大眾控,122,35,87,台新-建北,2023-10-25,8151
4979,華星光,114,33,81,台新-建北,2023-10-25,8151
2425,承啟,61,0,61,台新-建北,2023-10-25,8151
3715,定穎投控,129,74,55,台新-建北,2023-10-25,8151
2409,友達,55,6,49,台新-建北,2023-10-25,8151
00929,復華台灣科技優息,60,11,49,台新-建北,2023-10-25,8151
00751B,元大AAA至A公司債,41,0,41,台新-建北,2023-10-25,8151
8936,國統,47,13,34,台新-建北,2023-10-25,8151
2618,長榮航,41,7,34,台新-建北,2023-10-25,8151
3704,合勤控,48,17,31,台新-建北,2023-10-25,8151
3025,星通,134,103,31,台新-建北,2023-10-25,8151
00712,復華富時不動產,30,0,30,台新-建北,2023-10-25,8151
00679B,元大美債20年,30,0,30,台新-建北,2023-10-25,8151
6669,緯穎,26,0,26,台新-建北,2023-10-25,8151
3231,緯創,74,51,23,台新-建北,2023-10-25,8151
2308,台達電,20,0,20,台新-建北,2023-10-25,8151
00680L,元大美債20正2,20,0,20,台新-建北,2023-10-25,8151
3035,智原,79,63,16,台新-建北,2023-10-25,8151
00687B,國泰20年美債,16,0,16,台新-建北,2023-10-25,8151
00715L,期街口布蘭特正2,16,0,16,台新-建北,2023-10-25,8151
0056,元大高股息,15,0,15,台新-建北,2023-10-25,8151
2906,高林,15,0,15,台新-建北,2023-10-25,8151
5465,富驊,16,1,15,台新-建北,2023-10-25,8151
6472,保瑞,15,0,15,台新-建北,2023-10-25,8151
2427,三商電,68,53,15,台新-建北,2023-10-25,8151
3032,偉訓,18,4,14,台新-建北,2023-10-25,8151
6117,迎廣,15,2,13,台新-建北,2023-10-25,8151
5452,佶優,13,0,13,台新-建北,2023-10-25,8151
2369,菱生,21,8,13,台新-建北,2023-10-25,8151
2317,鴻海,21,9,12,台新-建北,2023-10-25,8151
2405,輔信,161,149,12,台新-建北,2023-10-25,8151
2337,旺宏,21,10,11,台新-建北,2023-10-25,8151
8150,南茂,37,26,11,台新-建北,2023-10-25,8151
00720B,元大投資級公司債,10,0,10,台新-建北,2023-10-25,8151
3189,景碩,15,5,10,台新-建北,2023-10-25,8151
1568,倉佑,17,7,10,台新-建北,2023-10-25,8151
00665L,富邦�琤肭磪囓�2,15,5,10,台新-建北,2023-10-25,8151
5533,皇鼎,10,0,10,台新-建北,2023-10-25,8151
00645,富邦日本,10,0,10,台新-建北,2023-10-25,8151
1612,宏泰,11,1,10,台新-建北,2023-10-25,8151
1802,台玻,10,0,10,台新-建北,2023-10-25,8151
6189,豐藝,10,0,10,台新-建北,2023-10-25,8151
00637L,元大滬深300正2,10,0,10,台新-建北,2023-10-25,8151
2462,良得電,13,3,10,台新-建北,2023-10-25,8151
3617,碩天,10,1,9,台新-建北,2023-10-25,8151
2881,富邦金,1214,4,1210,台新-建北,2023-10-26,8151
00929,復華台灣科技優息,147,4,143,台新-建北,2023-10-26,8151
2401,凌陽,113,9,104,台新-建北,2023-10-26,8151
1785,光洋科,100,0,100,台新-建北,2023-10-26,8151
2332,友訊,100,0,100,台新-建北,2023-10-26,8151
00878,國泰永續高股息,102,8,94,台新-建北,2023-10-26,8151
00751B,元大AAA至A公司債,83,0,83,台新-建北,2023-10-26,8151
3715,定穎投控,304,229,75,台新-建北,2023-10-26,8151
2816,旺旺保,85,17,68,台新-建北,2023-10-26,8151
3701,大眾控,68,0,68,台新-建北,2023-10-26,8151
00687B,國泰20年美債,60,0,60,台新-建北,2023-10-26,8151
2344,華邦電,59,0,59,台新-建北,2023-10-26,8151
00919,群益台灣精選高息,57,0,57,台新-建北,2023-10-26,8151
4979,華星光,75,21,54,台新-建北,2023-10-26,8151
8358,金居,53,2,51,台新-建北,2023-10-26,8151
3025,星通,73,22,51,台新-建北,2023-10-26,8151
00922,國泰台灣領袖50,43,0,43,台新-建北,2023-10-26,8151
0056,元大高股息,51,10,41,台新-建北,2023-10-26,8151
3037,欣興,35,6,29,台新-建北,2023-10-26,8151
0050,元大台灣50,27,3,24,台新-建北,2023-10-26,8151
2317,鴻海,22,0,22,台新-建北,2023-10-26,8151
2618,長榮航,25,4,21,台新-建北,2023-10-26,8151
8936,國統,41,21,20,台新-建北,2023-10-26,8151
2883,凱基金,20,0,20,台新-建北,2023-10-26,8151
2887,台新金,20,1,19,台新-建北,2023-10-26,8151
00679B,元大美債20年,19,0,19,台新-建北,2023-10-26,8151
2882,國泰金,28,9,19,台新-建北,2023-10-26,8151
1795,美時,42,25,17,台新-建北,2023-10-26,8151
3017,奇鋐,25,9,16,台新-建北,2023-10-26,8151
2886,兆豐金,15,0,15,台新-建北,2023-10-26,8151
5706,鳳凰,39,25,14,台新-建北,2023-10-26,8151
006208,富邦台50,13,0,13,台新-建北,2023-10-26,8151
6531,愛普*,17,4,13,台新-建北,2023-10-26,8151
6285,啟��,14,1,13,台新-建北,2023-10-26,8151
4128,中天,22,9,13,台新-建北,2023-10-26,8151
2405,輔信,94,81,13,台新-建北,2023-10-26,8151
9105,泰金寶-DR,12,0,12,台新-建北,2023-10-26,8151
2884,玉山金,11,0,11,台新-建北,2023-10-26,8151
00795B,中信美國公債20年,11,0,11,台新-建北,2023-10-26,8151
2368,金像電,17,6,11,台新-建北,2023-10-26,8151
00893,國泰智能電動車,11,0,11,台新-建北,2023-10-26,8151
6257,矽格,11,0,11,台新-建北,2023-10-26,8151
2376,技嘉,54,43,11,台新-建北,2023-10-26,8151
2356,英業達,25,14,11,台新-建北,2023-10-26,8151
2382,廣達,114,104,10,台新-建北,2023-10-26,8151
00885,富邦越南,11,1,10,台新-建北,2023-10-26,8151
2641,正德,10,0,10,台新-建北,2023-10-26,8151
6182,合晶,21,11,10,台新-建北,2023-10-26,8151
4967,十銓,12,2,10,台新-建北,2023-10-26,8151
2337,旺宏,9,0,9,台新-建北,2023-10-26,8151
2881,富邦金,500,1,499,台新-建北,2023-10-27,8151
00632R,元大台灣50反1,174,10,164,台新-建北,2023-10-27,8151
00929,復華台灣科技優息,118,18,100,台新-建北,2023-10-27,8151
5880,合庫金,83,0,83,台新-建北,2023-10-27,8151
2382,廣達,224,142,82,台新-建北,2023-10-27,8151
2887,台新金,75,1,74,台新-建北,2023-10-27,8151
9939,宏全,65,0,65,台新-建北,2023-10-27,8151
00885,富邦越南,64,2,62,台新-建北,2023-10-27,8151
1907,永豐餘,55,0,55,台新-建北,2023-10-27,8151
2425,承啟,42,2,40,台新-建北,2023-10-27,8151
2610,華航,53,15,38,台新-建北,2023-10-27,8151
00715L,期街口布蘭特正2,36,0,36,台新-建北,2023-10-27,8151
00679B,元大美債20年,31,2,29,台新-建北,2023-10-27,8151
0056,元大高股息,31,4,27,台新-建北,2023-10-27,8151
00751B,元大AAA至A公司債,24,0,24,台新-建北,2023-10-27,8151
4114,健喬,21,0,21,台新-建北,2023-10-27,8151
3217,優群,20,0,20,台新-建北,2023-10-27,8151
4770,上品,20,0,20,台新-建北,2023-10-27,8151
00671R,富邦NASDAQ反1,20,0,20,台新-建北,2023-10-27,8151
2530,華建,20,0,20,台新-建北,2023-10-27,8151
2356,英業達,30,11,19,台新-建北,2023-10-27,8151
2493,揚博,18,0,18,台新-建北,2023-10-27,8151
2476,鉅祥,27,10,17,台新-建北,2023-10-27,8151
3454,晶睿,19,3,16,台新-建北,2023-10-27,8151
6125,廣運,16,0,16,台新-建北,2023-10-27,8151
2305,全友,24,9,15,台新-建北,2023-10-27,8151
2303,聯電,25,11,14,台新-建北,2023-10-27,8151
6216,居易,14,1,13,台新-建北,2023-10-27,8151
4967,十銓,15,2,13,台新-建北,2023-10-27,8151
6593,台灣銘板,30,18,12,台新-建北,2023-10-27,8151
2883,凱基金,12,0,12,台新-建北,2023-10-27,8151
00919,群益台灣精選高息,12,0,12,台新-建北,2023-10-27,8151
2329,華泰,23,12,11,台新-建北,2023-10-27,8151
2816,旺旺保,14,3,11,台新-建北,2023-10-27,8151
2317,鴻海,21,10,11,台新-建北,2023-10-27,8151
1342,八貫,11,1,10,台新-建北,2023-10-27,8151
3322,建舜電,10,0,10,台新-建北,2023-10-27,8151
00893,國泰智能電動車,10,0,10,台新-建北,2023-10-27,8151
1471,首利,10,0,10,台新-建北,2023-10-27,8151
6585,鼎基,11,1,10,台新-建北,2023-10-27,8151
9938,百和,10,1,9,台新-建北,2023-10-27,8151
1721,三晃,14,5,9,台新-建北,2023-10-27,8151
3491,昇達科,13,4,9,台新-建北,2023-10-27,8151
4763,材料-KY,16,8,8,台新-建北,2023-10-27,8151
6290,良維,17,9,8,台新-建北,2023-10-27,8151
3363,上詮,24,16,8,台新-建北,2023-10-27,8151
3037,欣興,12,5,7,台新-建北,2023-10-27,8151
2316,楠梓電,7,0,7,台新-建北,2023-10-27,8151
6170,統振,7,0,7,台新-建北,2023-10-27,8151
6684,安格,14,7,7,台新-建北,2023-10-27,8151
2881,富邦金,1253,5,1248,台新-建北,2023-10-30,8151
2313,華通,102,1,101,台新-建北,2023-10-30,8151
00632R,元大台灣50反1,100,0,100,台新-建北,2023-10-30,8151
2890,永豐金,100,0,100,台新-建北,2023-10-30,8151
3715,定穎投控,197,127,70,台新-建北,2023-10-30,8151
2317,鴻海,113,48,65,台新-建北,2023-10-30,8151
00929,復華台灣科技優息,74,14,60,台新-建北,2023-10-30,8151
2603,長榮,61,2,59,台新-建北,2023-10-30,8151
1815,富喬,118,73,45,台新-建北,2023-10-30,8151
1907,永豐餘,34,0,34,台新-建北,2023-10-30,8151
2887,台新金,40,9,31,台新-建北,2023-10-30,8151
00878,國泰永續高股息,49,18,31,台新-建北,2023-10-30,8151
00657,國泰日經225,30,0,30,台新-建北,2023-10-30,8151
6290,良維,43,13,30,台新-建北,2023-10-30,8151
2880,華南金,30,0,30,台新-建北,2023-10-30,8151
1303,南亞,33,6,27,台新-建北,2023-10-30,8151
1217,愛之味,27,0,27,台新-建北,2023-10-30,8151
2883,凱基金,26,0,26,台新-建北,2023-10-30,8151
8996,高力,32,7,25,台新-建北,2023-10-30,8151
2618,長榮航,26,2,24,台新-建北,2023-10-30,8151
2369,菱生,27,6,21,台新-建北,2023-10-30,8151
2417,圓剛,29,8,21,台新-建北,2023-10-30,8151
2888,新光金,20,0,20,台新-建北,2023-10-30,8151
3576,聯合再生,45,25,20,台新-建北,2023-10-30,8151
1313,聯成,20,0,20,台新-建北,2023-10-30,8151
1101,台泥,22,3,19,台新-建北,2023-10-30,8151
4763,材料-KY,23,5,18,台新-建北,2023-10-30,8151
2462,良得電,25,8,17,台新-建北,2023-10-30,8151
2454,聯發科,38,21,17,台新-建北,2023-10-30,8151
9105,泰金寶-DR,34,17,17,台新-建北,2023-10-30,8151
00687B,國泰20年美債,16,0,16,台新-建北,2023-10-30,8151
6703,軒郁,16,2,14,台新-建北,2023-10-30,8151
8054,安國,62,48,14,台新-建北,2023-10-30,8151
00679B,元大美債20年,13,0,13,台新-建北,2023-10-30,8151
5258,虹堡,38,25,13,台新-建北,2023-10-30,8151
4162,智擎,43,31,12,台新-建北,2023-10-30,8151
4960,誠美材,24,12,12,台新-建北,2023-10-30,8151
0056,元大高股息,22,10,12,台新-建北,2023-10-30,8151
00751B,元大AAA至A公司債,11,0,11,台新-建北,2023-10-30,8151
00720B,元大投資級公司債,11,0,11,台新-建北,2023-10-30,8151
2485,兆赫,45,34,11,台新-建北,2023-10-30,8151
6245,立端,11,0,11,台新-建北,2023-10-30,8151
2382,廣達,24,13,11,台新-建北,2023-10-30,8151
4128,中天,13,2,11,台新-建北,2023-10-30,8151
2610,華航,11,1,10,台新-建北,2023-10-30,8151
8048,德勝,19,9,10,台新-建北,2023-10-30,8151
00893,國泰智能電動車,10,0,10,台新-建北,2023-10-30,8151
5272,笙科,27,17,10,台新-建北,2023-10-30,8151
9939,宏全,10,0,10,台新-建北,2023-10-30,8151
00885,富邦越南,11,1,10,台新-建北,2023-10-30,8151
2881,富邦金,501,4,497,台新-建北,2023-10-31,8151
00680L,元大美債20正2,308,0,308,台新-建北,2023-10-31,8151
00878,國泰永續高股息,108,21,87,台新-建北,2023-10-31,8151
00929,復華台灣科技優息,95,10,85,台新-建北,2023-10-31,8151
2884,玉山金,73,0,73,台新-建北,2023-10-31,8151
3715,定穎投控,202,130,72,台新-建北,2023-10-31,8151
6290,良維,101,29,72,台新-建北,2023-10-31,8151
2609,陽明,61,0,61,台新-建北,2023-10-31,8151
3041,揚智,55,0,55,台新-建北,2023-10-31,8151
00922,國泰台灣領袖50,52,0,52,台新-建北,2023-10-31,8151
2382,廣達,145,98,47,台新-建北,2023-10-31,8151
0056,元大高股息,93,50,43,台新-建北,2023-10-31,8151
00715L,期街口布蘭特正2,41,0,41,台新-建北,2023-10-31,8151
9105,泰金寶-DR,30,0,30,台新-建北,2023-10-31,8151
2425,承啟,32,2,30,台新-建北,2023-10-31,8151
00679B,元大美債20年,28,1,27,台新-建北,2023-10-31,8151
2739,寒舍,25,0,25,台新-建北,2023-10-31,8151
00712,復華富時不動產,23,0,23,台新-建北,2023-10-31,8151
2367,燿華,25,3,22,台新-建北,2023-10-31,8151
2887,台新金,21,0,21,台新-建北,2023-10-31,8151
3587,閎康,21,1,20,台新-建北,2023-10-31,8151
6492,生華科,30,10,20,台新-建北,2023-10-31,8151
2462,良得電,23,3,20,台新-建北,2023-10-31,8151
2332,友訊,20,0,20,台新-建北,2023-10-31,8151
00751B,元大AAA至A公司債,20,0,20,台新-建北,2023-10-31,8151
3231,緯創,85,65,20,台新-建北,2023-10-31,8151
6531,愛普*,19,0,19,台新-建北,2023-10-31,8151
3290,東浦,19,0,19,台新-建北,2023-10-31,8151
6491,晶碩,21,3,18,台新-建北,2023-10-31,8151
6182,合晶,18,0,18,台新-建北,2023-10-31,8151
2390,云辰,49,31,18,台新-建北,2023-10-31,8151
3363,上詮,22,4,18,台新-建北,2023-10-31,8151
6477,安集,32,14,18,台新-建北,2023-10-31,8151
5425,台半,17,0,17,台新-建北,2023-10-31,8151
2883,凱基金,47,31,16,台新-建北,2023-10-31,8151
00795B,中信美國公債20年,16,0,16,台新-建北,2023-10-31,8151
5347,世界,29,15,14,台新-建北,2023-10-31,8151
4503,金雨,28,14,14,台新-建北,2023-10-31,8151
3105,穩懋,82,68,14,台新-建北,2023-10-31,8151
3450,聯鈞,17,4,13,台新-建北,2023-10-31,8151
2002,中鋼,15,2,13,台新-建北,2023-10-31,8151
8040,九暘,13,0,13,台新-建北,2023-10-31,8151
00919,群益台灣精選高息,17,5,12,台新-建北,2023-10-31,8151
2614,東森,12,0,12,台新-建北,2023-10-31,8151
1907,永豐餘,12,0,12,台新-建北,2023-10-31,8151
4128,中天,13,1,12,台新-建北,2023-10-31,8151
2891,中信金,13,1,12,台新-建北,2023-10-31,8151
4743,合一,13,1,12,台新-建北,2023-10-31,8151
00713,元大台灣高息低波,13,2,11,台新-建北,2023-10-31,8151
1471,首利,12,1,11,台新-建北,2023-10-31,8151
2881,富邦金,1203,2,1201,台新-建北,2023-11-01,8151
00878,國泰永續高股息,154,3,151,台新-建北,2023-11-01,8151
1815,富喬,224,108,116,台新-建北,2023-11-01,8151
00929,復華台灣科技優息,87,10,77,台新-建北,2023-11-01,8151
2610,華航,55,5,50,台新-建北,2023-11-01,8151
3322,建舜電,65,23,42,台新-建北,2023-11-01,8151
2618,長榮航,83,42,41,台新-建北,2023-11-01,8151
00679B,元大美債20年,38,2,36,台新-建北,2023-11-01,8151
9105,泰金寶-DR,30,0,30,台新-建北,2023-11-01,8151
2317,鴻海,41,16,25,台新-建北,2023-11-01,8151
2409,友達,30,5,25,台新-建北,2023-11-01,8151
2457,飛宏,129,105,24,台新-建北,2023-11-01,8151
0056,元大高股息,24,1,23,台新-建北,2023-11-01,8151
00934,中信成長高股息,21,0,21,台新-建北,2023-11-01,8151
00670L,富邦NASDAQ正2,21,0,21,台新-建北,2023-11-01,8151
2388,威盛,26,5,21,台新-建北,2023-11-01,8151
2520,冠德,21,0,21,台新-建北,2023-11-01,8151
00664R,國泰臺灣加權反1,21,0,21,台新-建北,2023-11-01,8151
5706,鳳凰,33,12,21,台新-建北,2023-11-01,8151
3051,力特,22,1,21,台新-建北,2023-11-01,8151
2515,中工,22,2,20,台新-建北,2023-11-01,8151
2630,亞航,20,0,20,台新-建北,2023-11-01,8151
00680L,元大美債20正2,20,0,20,台新-建北,2023-11-01,8151
00753L,中信中國50正2,20,0,20,台新-建北,2023-11-01,8151
2454,聯發科,26,8,18,台新-建北,2023-11-01,8151
00665L,富邦�琤肭磪囓�2,30,12,18,台新-建北,2023-11-01,8151
4961,天鈺,23,6,17,台新-建北,2023-11-01,8151
1907,永豐餘,16,0,16,台新-建北,2023-11-01,8151
1503,士電,16,0,16,台新-建北,2023-11-01,8151
6290,良維,16,0,16,台新-建北,2023-11-01,8151
3715,定穎投控,216,201,15,台新-建北,2023-11-01,8151
0050,元大台灣50,17,4,13,台新-建北,2023-11-01,8151
6288,聯嘉,15,3,12,台新-建北,2023-11-01,8151
4167,松瑞藥,37,25,12,台新-建北,2023-11-01,8151
2887,台新金,11,0,11,台新-建北,2023-11-01,8151
8054,安國,18,7,11,台新-建北,2023-11-01,8151
2425,承啟,10,0,10,台新-建北,2023-11-01,8151
3363,上詮,11,1,10,台新-建北,2023-11-01,8151
1795,美時,17,7,10,台新-建北,2023-11-01,8151
2820,華票,10,0,10,台新-建北,2023-11-01,8151
9928,中視,10,0,10,台新-建北,2023-11-01,8151
00905,FT臺灣Smart,10,0,10,台新-建北,2023-11-01,8151
1477,聚陽,10,0,10,台新-建北,2023-11-01,8151
5530,龍巖,10,0,10,台新-建北,2023-11-01,8151
1319,東陽,10,0,10,台新-建北,2023-11-01,8151
2739,寒舍,10,1,9,台新-建北,2023-11-01,8151
6191,精成科,17,8,9,台新-建北,2023-11-01,8151
00935,野村臺灣新科技50,9,0,9,台新-建北,2023-11-01,8151
006208,富邦台50,8,0,8,台新-建北,2023-11-01,8151
3088,艾訊,8,0,8,台新-建北,2023-11-01,8151
2881,富邦金,500,1,499,台新-建北,2023-11-02,8151
2515,中工,299,10,289,台新-建北,2023-11-02,8151
3715,定穎投控,391,120,271,台新-建北,2023-11-02,8151
00632R,元大台灣50反1,272,10,262,台新-建北,2023-11-02,8151
2363,矽統,208,34,174,台新-建北,2023-11-02,8151
00712,復華富時不動產,98,3,95,台新-建北,2023-11-02,8151
3481,群創,77,9,68,台新-建北,2023-11-02,8151
2482,連宇,65,3,62,台新-建北,2023-11-02,8151
6139,亞翔,73,13,60,台新-建北,2023-11-02,8151
2520,冠德,45,0,45,台新-建北,2023-11-02,8151
3217,優群,42,0,42,台新-建北,2023-11-02,8151
2887,台新金,41,2,39,台新-建北,2023-11-02,8151
0050,元大台灣50,50,15,35,台新-建北,2023-11-02,8151
2368,金像電,44,9,35,台新-建北,2023-11-02,8151
8227,巨有科技,48,14,34,台新-建北,2023-11-02,8151
1907,永豐餘,36,2,34,台新-建北,2023-11-02,8151
2402,毅嘉,35,2,33,台新-建北,2023-11-02,8151
6274,台燿,54,22,32,台新-建北,2023-11-02,8151
4908,前鼎,37,10,27,台新-建北,2023-11-02,8151
3548,兆利,100,73,27,台新-建北,2023-11-02,8151
8054,安國,98,72,26,台新-建北,2023-11-02,8151
3231,緯創,86,60,26,台新-建北,2023-11-02,8151
1609,大亞,25,0,25,台新-建北,2023-11-02,8151
4919,新唐,25,1,24,台新-建北,2023-11-02,8151
3706,神達,32,11,21,台新-建北,2023-11-02,8151
2460,建通,20,0,20,台新-建北,2023-11-02,8151
3055,蔚華科,44,24,20,台新-建北,2023-11-02,8151
00919,群益台灣精選高息,25,5,20,台新-建北,2023-11-02,8151
5439,高技,22,3,19,台新-建北,2023-11-02,8151
2376,技嘉,88,70,18,台新-建北,2023-11-02,8151
00772B,中信高評級公司債,18,0,18,台新-建北,2023-11-02,8151
5530,龍巖,18,0,18,台新-建北,2023-11-02,8151
00878,國泰永續高股息,63,46,17,台新-建北,2023-11-02,8151
00885,富邦越南,24,8,16,台新-建北,2023-11-02,8151
8215,明基材,15,2,13,台新-建北,2023-11-02,8151
3346,麗清,14,2,12,台新-建北,2023-11-02,8151
8150,南茂,12,0,12,台新-建北,2023-11-02,8151
1477,聚陽,20,10,10,台新-建北,2023-11-02,8151
2534,宏盛,10,0,10,台新-建北,2023-11-02,8151
2449,京元電子,16,6,10,台新-建北,2023-11-02,8151
6026,福邦證,10,0,10,台新-建北,2023-11-02,8151
00891,中信關鍵半導體,10,0,10,台新-建北,2023-11-02,8151
2884,玉山金,11,1,10,台新-建北,2023-11-02,8151
2347,聯強,10,1,9,台新-建北,2023-11-02,8151
9105,泰金寶-DR,19,10,9,台新-建北,2023-11-02,8151
3545,敦泰,9,1,8,台新-建北,2023-11-02,8151
00687B,國泰20年美債,8,0,8,台新-建北,2023-11-02,8151
2614,東森,10,2,8,台新-建北,2023-11-02,8151
6492,生華科,9,1,8,台新-建北,2023-11-02,8151
2883,凱基金,7,0,7,台新-建北,2023-11-02,8151
2881,富邦金,701,1,700,台新-建北,2023-11-03,8151
2618,長榮航,765,89,676,台新-建北,2023-11-03,8151
00679B,元大美債20年,123,0,123,台新-建北,2023-11-03,8151
00632R,元大台灣50反1,113,0,113,台新-建北,2023-11-03,8151
2515,中工,109,9,100,台新-建北,2023-11-03,8151
00712,復華富時不動產,91,27,64,台新-建北,2023-11-03,8151
00651R,復華香港反1,46,0,46,台新-建北,2023-11-03,8151
2409,友達,54,9,45,台新-建北,2023-11-03,8151
00929,復華台灣科技優息,46,8,38,台新-建北,2023-11-03,8151
1519,華城,61,25,36,台新-建北,2023-11-03,8151
6770,力積電,37,6,31,台新-建北,2023-11-03,8151
2332,友訊,26,0,26,台新-建北,2023-11-03,8151
6235,華孚,31,5,26,台新-建北,2023-11-03,8151
00665L,富邦�琤肭磪囓�2,30,6,24,台新-建北,2023-11-03,8151
1524,耿鼎,85,64,21,台新-建北,2023-11-03,8151
4503,金雨,21,0,21,台新-建北,2023-11-03,8151
2539,櫻花建,21,0,21,台新-建北,2023-11-03,8151
3217,優群,23,3,20,台新-建北,2023-11-03,8151
00753L,中信中國50正2,20,0,20,台新-建北,2023-11-03,8151
6669,緯穎,20,1,19,台新-建北,2023-11-03,8151
3231,緯創,28,13,15,台新-建北,2023-11-03,8151
00921,兆豐龍頭等權重,15,0,15,台新-建北,2023-11-03,8151
00919,群益台灣精選高息,15,0,15,台新-建北,2023-11-03,8151
4967,十銓,99,85,14,台新-建北,2023-11-03,8151
2816,旺旺保,13,0,13,台新-建北,2023-11-03,8151
1101,台泥,22,9,13,台新-建北,2023-11-03,8151
00922,國泰台灣領袖50,12,0,12,台新-建北,2023-11-03,8151
6703,軒郁,22,10,12,台新-建北,2023-11-03,8151
6139,亞翔,41,30,11,台新-建北,2023-11-03,8151
5533,皇鼎,11,0,11,台新-建北,2023-11-03,8151
00795B,中信美國公債20年,11,0,11,台新-建北,2023-11-03,8151
00720B,元大投資級公司債,10,0,10,台新-建北,2023-11-03,8151
00671R,富邦NASDAQ反1,10,0,10,台新-建北,2023-11-03,8151
2421,建準,10,0,10,台新-建北,2023-11-03,8151
00680L,元大美債20正2,10,0,10,台新-建北,2023-11-03,8151
8927,北基,10,0,10,台新-建北,2023-11-03,8151
3303,岱稜,10,0,10,台新-建北,2023-11-03,8151
00751B,元大AAA至A公司債,10,0,10,台新-建北,2023-11-03,8151
3380,明泰,10,0,10,台新-建北,2023-11-03,8151
8046,南電,13,4,9,台新-建北,2023-11-03,8151
1473,台南,9,0,9,台新-建北,2023-11-03,8151
2485,兆赫,10,1,9,台新-建北,2023-11-03,8151
5607,遠雄港,9,0,9,台新-建北,2023-11-03,8151
4207,環泰,8,0,8,台新-建北,2023-11-03,8151
2358,廷鑫,48,40,8,台新-建北,2023-11-03,8151
6150,撼訊,10,2,8,台新-建北,2023-11-03,8151
2317,鴻海,13,6,7,台新-建北,2023-11-03,8151
2002,中鋼,7,0,7,台新-建北,2023-11-03,8151
1609,大亞,11,4,7,台新-建北,2023-11-03,8151
2488,漢平,7,0,7,台新-建北,2023-11-03,8151
2881,富邦金,586,4,582,台新-建北,2023-11-06,8151
00632R,元大台灣50反1,452,0,452,台新-建北,2023-11-06,8151
2363,矽統,651,456,195,台新-建北,2023-11-06,8151
2883,凱基金,202,11,191,台新-建北,2023-11-06,8151
2476,鉅祥,109,0,109,台新-建北,2023-11-06,8151
00648R,元大S＆P500反1,100,0,100,台新-建北,2023-11-06,8151
00651R,復華香港反1,97,0,97,台新-建北,2023-11-06,8151
2313,華通,105,12,93,台新-建北,2023-11-06,8151
1815,富喬,354,274,80,台新-建北,2023-11-06,8151
00664R,國泰臺灣加權反1,79,0,79,台新-建北,2023-11-06,8151
5439,高技,79,16,63,台新-建北,2023-11-06,8151
2618,長榮航,114,60,54,台新-建北,2023-11-06,8151
2025,千興,64,11,53,台新-建北,2023-11-06,8151
4401,東隆興,50,0,50,台新-建北,2023-11-06,8151
6173,信昌電,44,0,44,台新-建北,2023-11-06,8151
6143,振曜,33,1,32,台新-建北,2023-11-06,8151
5905,南仁湖,32,0,32,台新-建北,2023-11-06,8151
1319,東陽,31,0,31,台新-建北,2023-11-06,8151
6016,康和證,30,0,30,台新-建北,2023-11-06,8151
2454,聯發科,34,6,28,台新-建北,2023-11-06,8151
2020,美亞,27,0,27,台新-建北,2023-11-06,8151
00680L,元大美債20正2,33,7,26,台新-建北,2023-11-06,8151
3294,英濟,24,0,24,台新-建北,2023-11-06,8151
6111,大宇資,24,0,24,台新-建北,2023-11-06,8151
9921,巨大,24,2,22,台新-建北,2023-11-06,8151
2206,三陽工業,21,0,21,台新-建北,2023-11-06,8151
3437,榮創,21,0,21,台新-建北,2023-11-06,8151
2390,云辰,39,18,21,台新-建北,2023-11-06,8151
2605,新興,20,0,20,台新-建北,2023-11-06,8151
1515,力山,20,0,20,台新-建北,2023-11-06,8151
00753L,中信中國50正2,20,1,19,台新-建北,2023-11-06,8151
3083,網龍,18,0,18,台新-建北,2023-11-06,8151
00751B,元大AAA至A公司債,18,1,17,台新-建北,2023-11-06,8151
1524,耿鼎,30,13,17,台新-建北,2023-11-06,8151
4714,永捷,17,0,17,台新-建北,2023-11-06,8151
5302,太欣,17,0,17,台新-建北,2023-11-06,8151
5471,松翰,16,0,16,台新-建北,2023-11-06,8151
3062,建漢,16,0,16,台新-建北,2023-11-06,8151
00931B,統一美債20年,15,0,15,台新-建北,2023-11-06,8151
8076,伍豐,15,0,15,台新-建北,2023-11-06,8151
0050,元大台灣50,33,18,15,台新-建北,2023-11-06,8151
1907,永豐餘,14,0,14,台新-建北,2023-11-06,8151
1473,台南,14,0,14,台新-建北,2023-11-06,8151
8176,智捷,15,1,14,台新-建北,2023-11-06,8151
00720B,元大投資級公司債,13,0,13,台新-建北,2023-11-06,8151
2388,威盛,109,96,13,台新-建北,2023-11-06,8151
3094,聯傑,139,126,13,台新-建北,2023-11-06,8151
2439,美律,22,9,13,台新-建北,2023-11-06,8151
00662,富邦NASDAQ,12,0,12,台新-建北,2023-11-06,8151
2059,川湖,20,8,12,台新-建北,2023-11-06,8151
2881,富邦金,605,0,605,台新-建北,2023-11-07,8151
1815,富喬,604,180,424,台新-建北,2023-11-07,8151
4164,承業醫,67,1,66,台新-建北,2023-11-07,8151
2515,中工,61,10,51,台新-建北,2023-11-07,8151
00902,中信電池及儲能,39,0,39,台新-建北,2023-11-07,8151
2516,新建,36,0,36,台新-建北,2023-11-07,8151
3701,大眾控,42,7,35,台新-建北,2023-11-07,8151
2025,千興,46,13,33,台新-建北,2023-11-07,8151
3522,御嵿,28,0,28,台新-建北,2023-11-07,8151
3060,銘異,27,0,27,台新-建北,2023-11-07,8151
2739,寒舍,25,0,25,台新-建北,2023-11-07,8151
8088,品安,31,7,24,台新-建北,2023-11-07,8151
6472,保瑞,35,11,24,台新-建北,2023-11-07,8151
6509,聚和,50,28,22,台新-建北,2023-11-07,8151
2317,鴻海,24,2,22,台新-建北,2023-11-07,8151
2883,凱基金,23,2,21,台新-建北,2023-11-07,8151
2492,華新科,26,6,20,台新-建北,2023-11-07,8151
00934,中信成長高股息,19,0,19,台新-建北,2023-11-07,8151
6732,昇佳電子,23,4,19,台新-建北,2023-11-07,8151
3128,昇銳,18,0,18,台新-建北,2023-11-07,8151
00751B,元大AAA至A公司債,19,2,17,台新-建北,2023-11-07,8151
3325,旭品,34,17,17,台新-建北,2023-11-07,8151
1795,美時,40,23,17,台新-建北,2023-11-07,8151
2743,山富,61,44,17,台新-建北,2023-11-07,8151
00935,野村臺灣新科技50,17,0,17,台新-建北,2023-11-07,8151
00878,國泰永續高股息,34,18,16,台新-建北,2023-11-07,8151
8996,高力,15,0,15,台新-建北,2023-11-07,8151
2488,漢平,15,0,15,台新-建北,2023-11-07,8151
3290,東浦,15,0,15,台新-建北,2023-11-07,8151
2614,東森,15,0,15,台新-建北,2023-11-07,8151
3481,群創,16,1,15,台新-建北,2023-11-07,8151
1524,耿鼎,29,14,15,台新-建北,2023-11-07,8151
00713,元大台灣高息低波,14,0,14,台新-建北,2023-11-07,8151
2376,技嘉,34,20,14,台新-建北,2023-11-07,8151
1519,華城,49,35,14,台新-建北,2023-11-07,8151
2421,建準,49,35,14,台新-建北,2023-11-07,8151
00733,富邦臺灣中小,13,0,13,台新-建北,2023-11-07,8151
3006,晶豪科,14,1,13,台新-建北,2023-11-07,8151
3363,上詮,16,4,12,台新-建北,2023-11-07,8151
00687B,國泰20年美債,12,0,12,台新-建北,2023-11-07,8151
4130,健亞,12,0,12,台新-建北,2023-11-07,8151
2538,基泰,12,0,12,台新-建北,2023-11-07,8151
5426,振發,12,0,12,台新-建北,2023-11-07,8151
8112,至上,12,1,11,台新-建北,2023-11-07,8151
3034,聯詠,13,2,11,台新-建北,2023-11-07,8151
2375,凱美,10,0,10,台新-建北,2023-11-07,8151
00665L,富邦�琤肭磪囓�2,12,2,10,台新-建北,2023-11-07,8151
00897,富邦基因免疫生技,10,0,10,台新-建北,2023-11-07,8151
00931B,統一美債20年,10,0,10,台新-建北,2023-11-07,8151
1215,卜蜂,12,3,9,台新-建北,2023-11-07,8151
2881,富邦金,502,9,493,台新-建北,2023-11-08,8151
00680L,元大美債20正2,350,0,350,台新-建北,2023-11-08,8151
1815,富喬,456,106,350,台新-建北,2023-11-08,8151
00676R,富邦臺灣加權反1,200,0,200,台新-建北,2023-11-08,8151
5530,龍巖,125,0,125,台新-建北,2023-11-08,8151
8210,勤誠,152,41,111,台新-建北,2023-11-08,8151
2454,聯發科,90,14,76,台新-建北,2023-11-08,8151
2609,陽明,59,0,59,台新-建北,2023-11-08,8151
3078,僑威,54,6,48,台新-建北,2023-11-08,8151
2618,長榮航,86,41,45,台新-建北,2023-11-08,8151
00687B,國泰20年美債,41,1,40,台新-建北,2023-11-08,8151
00929,復華台灣科技優息,42,2,40,台新-建北,2023-11-08,8151
00670L,富邦NASDAQ正2,35,0,35,台新-建北,2023-11-08,8151
2313,華通,44,9,35,台新-建北,2023-11-08,8151
8110,華東,31,0,31,台新-建北,2023-11-08,8151
2228,劍麟,30,0,30,台新-建北,2023-11-08,8151
2498,宏達電,36,8,28,台新-建北,2023-11-08,8151
1326,台化,30,2,28,台新-建北,2023-11-08,8151
5439,高技,31,4,27,台新-建北,2023-11-08,8151
6271,同欣電,25,0,25,台新-建北,2023-11-08,8151
3706,神達,23,2,21,台新-建北,2023-11-08,8151
3322,建舜電,26,6,20,台新-建北,2023-11-08,8151
6491,晶碩,19,1,18,台新-建北,2023-11-08,8151
3715,定穎投控,26,9,17,台新-建北,2023-11-08,8151
2352,佳世達,22,5,17,台新-建北,2023-11-08,8151
2887,台新金,20,4,16,台新-建北,2023-11-08,8151
8024,佑華,16,0,16,台新-建北,2023-11-08,8151
2344,華邦電,21,5,16,台新-建北,2023-11-08,8151
4164,承業醫,16,0,16,台新-建北,2023-11-08,8151
6155,鈞寶,16,0,16,台新-建北,2023-11-08,8151
3051,力特,15,0,15,台新-建北,2023-11-08,8151
5426,振發,15,0,15,台新-建北,2023-11-08,8151
4961,天鈺,17,2,15,台新-建北,2023-11-08,8151
3227,原相,15,1,14,台新-建北,2023-11-08,8151
2467,志聖,14,0,14,台新-建北,2023-11-08,8151
6669,緯穎,17,3,14,台新-建北,2023-11-08,8151
2402,毅嘉,13,0,13,台新-建北,2023-11-08,8151
8277,商丞,13,0,13,台新-建北,2023-11-08,8151
3213,茂訊,13,0,13,台新-建北,2023-11-08,8151
2206,三陽工業,13,0,13,台新-建北,2023-11-08,8151
1907,永豐餘,12,0,12,台新-建北,2023-11-08,8151
1471,首利,13,1,12,台新-建北,2023-11-08,8151
6284,佳邦,24,13,11,台新-建北,2023-11-08,8151
1808,潤隆,11,0,11,台新-建北,2023-11-08,8151
00934,中信成長高股息,12,1,11,台新-建北,2023-11-08,8151
2025,千興,11,0,11,台新-建北,2023-11-08,8151
3022,威強電,10,0,10,台新-建北,2023-11-08,8151
5864,致和證,10,0,10,台新-建北,2023-11-08,8151
2399,映泰,23,13,10,台新-建北,2023-11-08,8151
3060,銘異,10,0,10,台新-建北,2023-11-08,8151
2881,富邦金,700,28,672,台新-建北,2023-11-09,8151
1815,富喬,720,416,304,台新-建北,2023-11-09,8151
2329,華泰,377,276,101,台新-建北,2023-11-09,8151
8011,台通,147,47,100,台新-建北,2023-11-09,8151
00712,復華富時不動產,66,2,64,台新-建北,2023-11-09,8151
3548,兆利,119,57,62,台新-建北,2023-11-09,8151
00715L,期街口布蘭特正2,64,5,59,台新-建北,2023-11-09,8151
6271,同欣電,54,8,46,台新-建北,2023-11-09,8151
2331,精英,37,5,32,台新-建北,2023-11-09,8151
00936,台新永續高息中小,41,11,30,台新-建北,2023-11-09,8151
4164,承業醫,30,0,30,台新-建北,2023-11-09,8151
6290,良維,29,2,27,台新-建北,2023-11-09,8151
2363,矽統,413,387,26,台新-建北,2023-11-09,8151
2206,三陽工業,26,1,25,台新-建北,2023-11-09,8151
2607,榮運,29,4,25,台新-建北,2023-11-09,8151
00929,復華台灣科技優息,37,13,24,台新-建北,2023-11-09,8151
2743,山富,39,15,24,台新-建北,2023-11-09,8151
6155,鈞寶,26,2,24,台新-建北,2023-11-09,8151
4168,醣聯,21,0,21,台新-建北,2023-11-09,8151
4503,金雨,21,0,21,台新-建北,2023-11-09,8151
2614,東森,20,0,20,台新-建北,2023-11-09,8151
3022,威強電,20,0,20,台新-建北,2023-11-09,8151
2399,映泰,63,43,20,台新-建北,2023-11-09,8151
5425,台半,22,2,20,台新-建北,2023-11-09,8151
5344,立衛,19,0,19,台新-建北,2023-11-09,8151
3078,僑威,17,0,17,台新-建北,2023-11-09,8151
2390,云辰,29,12,17,台新-建北,2023-11-09,8151
3036,文曄,49,33,16,台新-建北,2023-11-09,8151
2538,基泰,16,0,16,台新-建北,2023-11-09,8151
3483,力致,31,16,15,台新-建北,2023-11-09,8151
1314,中石化,25,10,15,台新-建北,2023-11-09,8151
00934,中信成長高股息,14,0,14,台新-建北,2023-11-09,8151
1522,堤維西,21,8,13,台新-建北,2023-11-09,8151
2449,京元電子,22,9,13,台新-建北,2023-11-09,8151
1473,台南,13,0,13,台新-建北,2023-11-09,8151
00751B,元大AAA至A公司債,13,0,13,台新-建北,2023-11-09,8151
3029,零壹,13,0,13,台新-建北,2023-11-09,8151
1795,美時,20,8,12,台新-建北,2023-11-09,8151
6901,鑽石投資,15,3,12,台新-建北,2023-11-09,8151
6179,亞通,12,0,12,台新-建北,2023-11-09,8151
2454,聯發科,14,2,12,台新-建北,2023-11-09,8151
8046,南電,12,1,11,台新-建北,2023-11-09,8151
8112,至上,11,0,11,台新-建北,2023-11-09,8151
3041,揚智,28,17,11,台新-建北,2023-11-09,8151
8930,青鋼,11,0,11,台新-建北,2023-11-09,8151
6669,緯穎,12,2,10,台新-建北,2023-11-09,8151
3484,崧騰,13,3,10,台新-建北,2023-11-09,8151
3213,茂訊,10,0,10,台新-建北,2023-11-09,8151
3663,鑫科,10,0,10,台新-建北,2023-11-09,8151
6603,富強鑫,10,0,10,台新-建北,2023-11-09,8151
2881,富邦金,700,1,699,台新-建北,2023-11-10,8151
2316,楠梓電,214,121,93,台新-建北,2023-11-10,8151
00878,國泰永續高股息,90,3,87,台新-建北,2023-11-10,8151
4164,承業醫,66,0,66,台新-建北,2023-11-10,8151
6901,鑽石投資,68,13,55,台新-建北,2023-11-10,8151
00687B,國泰20年美債,38,1,37,台新-建北,2023-11-10,8151
00891,中信關鍵半導體,34,1,33,台新-建北,2023-11-10,8151
4743,合一,106,75,31,台新-建北,2023-11-10,8151
0056,元大高股息,30,0,30,台新-建北,2023-11-10,8151
5530,龍巖,30,0,30,台新-建北,2023-11-10,8151
00720B,元大投資級公司債,30,0,30,台新-建北,2023-11-10,8151
4402,郡都開發,30,0,30,台新-建北,2023-11-10,8151
00751B,元大AAA至A公司債,29,0,29,台新-建北,2023-11-10,8151
3035,智原,43,15,28,台新-建北,2023-11-10,8151
2618,長榮航,66,39,27,台新-建北,2023-11-10,8151
00919,群益台灣精選高息,27,0,27,台新-建北,2023-11-10,8151
2610,華航,27,2,25,台新-建北,2023-11-10,8151
00632R,元大台灣50反1,25,0,25,台新-建北,2023-11-10,8151
4747,強生,22,0,22,台新-建北,2023-11-10,8151
1815,富喬,28,7,21,台新-建北,2023-11-10,8151
3363,上詮,29,8,21,台新-建北,2023-11-10,8151
5381,合正,20,0,20,台新-建北,2023-11-10,8151
2206,三陽工業,20,0,20,台新-建北,2023-11-10,8151
00923,群益台ESG低碳50,19,0,19,台新-建北,2023-11-10,8151
6125,廣運,20,2,18,台新-建北,2023-11-10,8151
3189,景碩,17,0,17,台新-建北,2023-11-10,8151
00772B,中信高評級公司債,17,0,17,台新-建北,2023-11-10,8151
3231,緯創,113,96,17,台新-建北,2023-11-10,8151
4157,太景*-KY,15,0,15,台新-建北,2023-11-10,8151
8426,紅木-KY,14,0,14,台新-建北,2023-11-10,8151
6111,大宇資,17,3,14,台新-建北,2023-11-10,8151
2204,中華,20,6,14,台新-建北,2023-11-10,8151
8150,南茂,16,2,14,台新-建北,2023-11-10,8151
1907,永豐餘,14,0,14,台新-建北,2023-11-10,8151
00680L,元大美債20正2,14,0,14,台新-建北,2023-11-10,8151
00675L,富邦臺灣加權正2,13,0,13,台新-建北,2023-11-10,8151
2743,山富,59,46,13,台新-建北,2023-11-10,8151
00679B,元大美債20年,12,0,12,台新-建北,2023-11-10,8151
6415,矽力*-KY,20,8,12,台新-建北,2023-11-10,8151
2371,大同,12,0,12,台新-建北,2023-11-10,8151
3483,力致,19,7,12,台新-建北,2023-11-10,8151
00712,復華富時不動產,16,5,11,台新-建北,2023-11-10,8151
9938,百和,23,12,11,台新-建北,2023-11-10,8151
6156,松上,11,0,11,台新-建北,2023-11-10,8151
4510,高鋒,31,20,11,台新-建北,2023-11-10,8151
2305,全友,11,0,11,台新-建北,2023-11-10,8151
3029,零壹,11,0,11,台新-建北,2023-11-10,8151
6788,華景電,11,0,11,台新-建北,2023-11-10,8151
00882,中信中國高股息,11,0,11,台新-建北,2023-11-10,8151
4763,材料-KY,17,7,10,台新-建北,2023-11-10,8151
2881,富邦金,500,4,496,台新-建北,2023-11-13,8151
00632R,元大台灣50反1,348,5,343,台新-建北,2023-11-13,8151
00878,國泰永續高股息,106,2,104,台新-建北,2023-11-13,8151
3715,定穎投控,103,3,100,台新-建北,2023-11-13,8151
00891,中信關鍵半導體,100,3,97,台新-建北,2023-11-13,8151
6122,擎邦,170,79,91,台新-建北,2023-11-13,8151
6213,聯茂,79,4,75,台新-建北,2023-11-13,8151
2382,廣達,108,42,66,台新-建北,2023-11-13,8151
6143,振曜,66,10,56,台新-建北,2023-11-13,8151
00688L,國泰20年美債正2,53,0,53,台新-建北,2023-11-13,8151
8936,國統,55,2,53,台新-建北,2023-11-13,8151
2892,第一金,51,0,51,台新-建北,2023-11-13,8151
2610,華航,57,11,46,台新-建北,2023-11-13,8151
00929,復華台灣科技優息,55,12,43,台新-建北,2023-11-13,8151
2465,麗臺,42,1,41,台新-建北,2023-11-13,8151
1809,中釉,39,0,39,台新-建北,2023-11-13,8151
1795,美時,37,1,36,台新-建北,2023-11-13,8151
8076,伍豐,34,4,30,台新-建北,2023-11-13,8151
3260,威剛,53,23,30,台新-建北,2023-11-13,8151
3276,宇環,31,3,28,台新-建北,2023-11-13,8151
00671R,富邦NASDAQ反1,25,0,25,台新-建北,2023-11-13,8151
2417,圓剛,27,2,25,台新-建北,2023-11-13,8151
6901,鑽石投資,31,8,23,台新-建北,2023-11-13,8151
2376,技嘉,42,22,20,台新-建北,2023-11-13,8151
2913,農林,20,0,20,台新-建北,2023-11-13,8151
2486,一詮,19,0,19,台新-建北,2023-11-13,8151
1524,耿鼎,22,3,19,台新-建北,2023-11-13,8151
3313,斐成,18,0,18,台新-建北,2023-11-13,8151
5344,立衛,18,0,18,台新-建北,2023-11-13,8151
2439,美律,30,12,18,台新-建北,2023-11-13,8151
00842B,台新美元銀行債,16,0,16,台新-建北,2023-11-13,8151
2408,南亞科,16,0,16,台新-建北,2023-11-13,8151
00935,野村臺灣新科技50,16,0,16,台新-建北,2023-11-13,8151
6290,良維,61,46,15,台新-建北,2023-11-13,8151
00931B,統一美債20年,18,4,14,台新-建北,2023-11-13,8151
4561,健椿,13,0,13,台新-建北,2023-11-13,8151
4938,和碩,13,0,13,台新-建北,2023-11-13,8151
5284,jpp-KY,12,0,12,台新-建北,2023-11-13,8151
2484,希華,12,0,12,台新-建北,2023-11-13,8151
3036,文曄,27,15,12,台新-建北,2023-11-13,8151
2020,美亞,13,1,12,台新-建北,2023-11-13,8151
00751B,元大AAA至A公司債,11,0,11,台新-建北,2023-11-13,8151
4164,承業醫,11,0,11,台新-建北,2023-11-13,8151
3231,緯創,145,134,11,台新-建北,2023-11-13,8151
4123,晟德,10,0,10,台新-建北,2023-11-13,8151
3029,零壹,10,0,10,台新-建北,2023-11-13,8151
3289,宜特,10,0,10,台新-建北,2023-11-13,8151
2888,新光金,10,0,10,台新-建北,2023-11-13,8151
1781,合世,10,0,10,台新-建北,2023-11-13,8151
5301,寶得利,10,0,10,台新-建北,2023-11-13,8151
2881,富邦金,850,37,813,台新-建北,2023-11-14,8151
2891,中信金,267,32,235,台新-建北,2023-11-14,8151
00687B,國泰20年美債,191,1,190,台新-建北,2023-11-14,8151
5530,龍巖,135,0,135,台新-建北,2023-11-14,8151
3715,定穎投控,120,13,107,台新-建北,2023-11-14,8151
4979,華星光,77,1,76,台新-建北,2023-11-14,8151
00929,復華台灣科技優息,102,30,72,台新-建北,2023-11-14,8151
2609,陽明,73,9,64,台新-建北,2023-11-14,8151
00651R,復華香港反1,53,0,53,台新-建北,2023-11-14,8151
2454,聯發科,52,0,52,台新-建北,2023-11-14,8151
00680L,元大美債20正2,50,0,50,台新-建北,2023-11-14,8151
1795,美時,63,15,48,台新-建北,2023-11-14,8151
6415,矽力*-KY,55,7,48,台新-建北,2023-11-14,8151
00632R,元大台灣50反1,137,100,37,台新-建北,2023-11-14,8151
1229,聯華,36,0,36,台新-建北,2023-11-14,8151
3231,緯創,160,125,35,台新-建北,2023-11-14,8151
9938,百和,33,0,33,台新-建北,2023-11-14,8151
8210,勤誠,35,5,30,台新-建北,2023-11-14,8151
2402,毅嘉,73,45,28,台新-建北,2023-11-14,8151
3284,太普高,25,0,25,台新-建北,2023-11-14,8151
3694,海華,26,1,25,台新-建北,2023-11-14,8151
2617,台航,25,1,24,台新-建北,2023-11-14,8151
5425,台半,46,23,23,台新-建北,2023-11-14,8151
00878,國泰永續高股息,34,10,24,台新-建北,2023-11-14,8151
5609,中菲行,21,0,21,台新-建北,2023-11-14,8151
2520,冠德,22,1,21,台新-建北,2023-11-14,8151
2355,敬鵬,36,16,20,台新-建北,2023-11-14,8151
3051,力特,26,7,19,台新-建北,2023-11-14,8151
4188,安克,18,0,18,台新-建北,2023-11-14,8151
3605,宏致,18,0,18,台新-建北,2023-11-14,8151
5347,世界,19,2,17,台新-建北,2023-11-14,8151
6282,康舒,18,1,17,台新-建北,2023-11-14,8151
3260,威剛,29,12,17,台新-建北,2023-11-14,8151
00901,永豐智能車供應鏈,16,0,16,台新-建北,2023-11-14,8151
2316,楠梓電,16,0,16,台新-建北,2023-11-14,8151
2313,華通,56,40,16,台新-建北,2023-11-14,8151
5508,永信建,15,0,15,台新-建北,2023-11-14,8151
2539,櫻花建,15,0,15,台新-建北,2023-11-14,8151
1522,堤維西,20,5,15,台新-建北,2023-11-14,8151
2485,兆赫,27,13,14,台新-建北,2023-11-14,8151
6451,訊芯-KY,18,5,13,台新-建北,2023-11-14,8151
8930,青鋼,13,0,13,台新-建北,2023-11-14,8151
6213,聯茂,12,0,12,台新-建北,2023-11-14,8151
1515,力山,107,95,12,台新-建北,2023-11-14,8151
2527,宏璟,12,0,12,台新-建北,2023-11-14,8151
00688L,國泰20年美債正2,12,0,12,台新-建北,2023-11-14,8151
6593,台灣銘板,25,13,12,台新-建北,2023-11-14,8151
2363,矽統,314,303,11,台新-建北,2023-11-14,8151
1568,倉佑,22,11,11,台新-建北,2023-11-14,8151
1101,台泥,11,0,11,台新-建北,2023-11-14,8151
2618,長榮航,549,34,515,台新-建北,2023-11-15,8151
2881,富邦金,500,7,493,台新-建北,2023-11-15,8151
6578,達邦蛋白,125,0,125,台新-建北,2023-11-15,8151
3701,大眾控,129,7,122,台新-建北,2023-11-15,8151
00651R,復華香港反1,102,0,102,台新-建北,2023-11-15,8151
00706L,期元大S＆P日圓正2,100,0,100,台新-建北,2023-11-15,8151
5508,永信建,100,0,100,台新-建北,2023-11-15,8151
00878,國泰永續高股息,109,11,98,台新-建北,2023-11-15,8151
8210,勤誠,92,23,69,台新-建北,2023-11-15,8151
9921,巨大,69,2,67,台新-建北,2023-11-15,8151
3715,定穎投控,67,3,64,台新-建北,2023-11-15,8151
6274,台燿,103,39,64,台新-建北,2023-11-15,8151
00648R,元大S＆P500反1,50,0,50,台新-建北,2023-11-15,8151
2887,台新金,45,3,42,台新-建北,2023-11-15,8151
3694,海華,87,47,40,台新-建北,2023-11-15,8151
6531,愛普*,52,17,35,台新-建北,2023-11-15,8151
00679B,元大美債20年,39,5,34,台新-建北,2023-11-15,8151
00687B,國泰20年美債,33,5,28,台新-建北,2023-11-15,8151
3024,憶聲,31,3,28,台新-建北,2023-11-15,8151
6235,華孚,35,8,27,台新-建北,2023-11-15,8151
2390,云辰,30,3,27,台新-建北,2023-11-15,8151
00900,富邦特選高股息30,43,19,24,台新-建北,2023-11-15,8151
1717,長興,27,3,24,台新-建北,2023-11-15,8151
1217,愛之味,24,0,24,台新-建北,2023-11-15,8151
5439,高技,24,0,24,台新-建北,2023-11-15,8151
00664R,國泰臺灣加權反1,23,0,23,台新-建北,2023-11-15,8151
6192,巨路,24,1,23,台新-建北,2023-11-15,8151
4967,十銓,116,94,22,台新-建北,2023-11-15,8151
1560,中砂,27,5,22,台新-建北,2023-11-15,8151
3036,文曄,94,72,22,台新-建北,2023-11-15,8151
2743,山富,33,13,20,台新-建北,2023-11-15,8151
3276,宇環,40,22,18,台新-建北,2023-11-15,8151
00676R,富邦臺灣加權反1,17,0,17,台新-建北,2023-11-15,8151
1795,美時,30,13,17,台新-建北,2023-11-15,8151
3379,彬台,16,0,16,台新-建北,2023-11-15,8151
00936,台新永續高息中小,22,6,16,台新-建北,2023-11-15,8151
9924,福興,16,0,16,台新-建北,2023-11-15,8151
3029,零壹,15,0,15,台新-建北,2023-11-15,8151
9928,中視,19,4,15,台新-建北,2023-11-15,8151
1742,台蠟,14,0,14,台新-建北,2023-11-15,8151
6472,保瑞,14,0,14,台新-建北,2023-11-15,8151
2359,所羅門,56,43,13,台新-建北,2023-11-15,8151
1522,堤維西,13,0,13,台新-建北,2023-11-15,8151
5225,東科-KY,12,0,12,台新-建北,2023-11-15,8151
3535,晶彩科,12,0,12,台新-建北,2023-11-15,8151
3376,新日興,25,13,12,台新-建北,2023-11-15,8151
00919,群益台灣精選高息,17,6,11,台新-建北,2023-11-15,8151
00710B,復華彭博非投等債,11,0,11,台新-建北,2023-11-15,8151
6143,振曜,13,2,11,台新-建北,2023-11-15,8151
6532,瑞耘,11,0,11,台新-建北,2023-11-15,8151
2881,富邦金,703,0,703,台新-建北,2023-11-16,8151
2610,華航,510,27,483,台新-建北,2023-11-16,8151
8936,國統,264,4,260,台新-建北,2023-11-16,8151
00679B,元大美債20年,127,0,127,台新-建北,2023-11-16,8151
00680L,元大美債20正2,107,0,107,台新-建北,2023-11-16,8151
00878,國泰永續高股息,112,5,107,台新-建北,2023-11-16,8151
6415,矽力*-KY,85,29,56,台新-建北,2023-11-16,8151
6901,鑽石投資,54,3,51,台新-建北,2023-11-16,8151
00706L,期元大S＆P日圓正2,50,0,50,台新-建北,2023-11-16,8151
00929,復華台灣科技優息,61,11,50,台新-建北,2023-11-16,8151
00919,群益台灣精選高息,47,4,43,台新-建北,2023-11-16,8151
00715L,期街口布蘭特正2,42,1,41,台新-建北,2023-11-16,8151
6187,萬潤,58,20,38,台新-建北,2023-11-16,8151
3481,群創,41,3,38,台新-建北,2023-11-16,8151
00673R,期元大S＆P原油反1,38,0,38,台新-建北,2023-11-16,8151
2461,光群雷,40,2,38,台新-建北,2023-11-16,8151
5426,振發,41,4,37,台新-建北,2023-11-16,8151
00632R,元大台灣50反1,40,3,37,台新-建北,2023-11-16,8151
2020,美亞,27,0,27,台新-建北,2023-11-16,8151
8034,榮群,27,0,27,台新-建北,2023-11-16,8151
6290,良維,32,6,26,台新-建北,2023-11-16,8151
00772B,中信高評級公司債,24,0,24,台新-建北,2023-11-16,8151
00751B,元大AAA至A公司債,22,0,22,台新-建北,2023-11-16,8151
00687B,國泰20年美債,23,1,22,台新-建北,2023-11-16,8151
00651R,復華香港反1,19,0,19,台新-建北,2023-11-16,8151
5530,龍巖,19,0,19,台新-建北,2023-11-16,8151
1582,信錦,25,6,19,台新-建北,2023-11-16,8151
2371,大同,30,11,19,台新-建北,2023-11-16,8151
00931B,統一美債20年,18,0,18,台新-建北,2023-11-16,8151
4550,長佳,17,0,17,台新-建北,2023-11-16,8151
0056,元大高股息,23,6,17,台新-建北,2023-11-16,8151
00936,台新永續高息中小,18,2,16,台新-建北,2023-11-16,8151
5519,隆大,16,0,16,台新-建北,2023-11-16,8151
6156,松上,24,8,16,台新-建北,2023-11-16,8151
1522,堤維西,20,4,16,台新-建北,2023-11-16,8151
4909,新復興,20,5,15,台新-建北,2023-11-16,8151
2618,長榮航,463,449,14,台新-建北,2023-11-16,8151
3041,揚智,84,70,14,台新-建北,2023-11-16,8151
6531,愛普*,27,13,14,台新-建北,2023-11-16,8151
2399,映泰,16,2,14,台新-建北,2023-11-16,8151
3207,耀勝,14,0,14,台新-建北,2023-11-16,8151
3491,昇達科,19,5,14,台新-建北,2023-11-16,8151
3218,大學光,13,0,13,台新-建北,2023-11-16,8151
3290,東浦,13,0,13,台新-建北,2023-11-16,8151
00842B,台新美元銀行債,13,0,13,台新-建北,2023-11-16,8151
2390,云辰,34,21,13,台新-建北,2023-11-16,8151
6789,采鈺,12,0,12,台新-建北,2023-11-16,8151
2457,飛宏,18,7,11,台新-建北,2023-11-16,8151
9924,福興,11,0,11,台新-建北,2023-11-16,8151
2303,聯電,11,0,11,台新-建北,2023-11-16,8151
2881,富邦金,500,0,500,台新-建北,2023-11-17,8151
00632R,元大台灣50反1,161,22,139,台新-建北,2023-11-17,8151
5508,永信建,80,0,80,台新-建北,2023-11-17,8151
00712,復華富時不動產,73,1,72,台新-建北,2023-11-17,8151
2618,長榮航,207,138,69,台新-建北,2023-11-17,8151
5531,鄉林,91,24,67,台新-建北,2023-11-17,8151
2365,昆盈,64,0,64,台新-建北,2023-11-17,8151
3037,欣興,76,13,63,台新-建北,2023-11-17,8151
3363,上詮,62,0,62,台新-建北,2023-11-17,8151
2351,順德,45,0,45,台新-建北,2023-11-17,8151
3362,先進光,48,4,44,台新-建北,2023-11-17,8151
3035,智原,82,38,44,台新-建北,2023-11-17,8151
2363,矽統,222,181,41,台新-建北,2023-11-17,8151
3217,優群,61,24,37,台新-建北,2023-11-17,8151
2867,三商壽,30,0,30,台新-建北,2023-11-17,8151
8085,福華,30,0,30,台新-建北,2023-11-17,8151
2204,中華,30,1,29,台新-建北,2023-11-17,8151
2929,淘帝-KY,25,0,25,台新-建北,2023-11-17,8151
6187,萬潤,26,2,24,台新-建北,2023-11-17,8151
2356,英業達,28,5,23,台新-建北,2023-11-17,8151
6770,力積電,30,8,22,台新-建北,2023-11-17,8151
2734,易飛網,25,4,21,台新-建北,2023-11-17,8151
9802,鈺齊-KY,21,0,21,台新-建北,2023-11-17,8151
00929,復華台灣科技優息,30,10,20,台新-建北,2023-11-17,8151
3228,金麗科,22,3,19,台新-建北,2023-11-17,8151
6233,旺玖,18,0,18,台新-建北,2023-11-17,8151
2887,台新金,22,5,17,台新-建北,2023-11-17,8151
2331,精英,26,9,17,台新-建北,2023-11-17,8151
00665L,富邦�琤肭磪囓�2,25,8,17,台新-建北,2023-11-17,8151
00679B,元大美債20年,16,0,16,台新-建北,2023-11-17,8151
00687B,國泰20年美債,16,0,16,台新-建北,2023-11-17,8151
00933B,國泰10Y+金融債,15,0,15,台新-建北,2023-11-17,8151
2390,云辰,15,0,15,台新-建北,2023-11-17,8151
1319,東陽,14,0,14,台新-建北,2023-11-17,8151
6415,矽力*-KY,38,24,14,台新-建北,2023-11-17,8151
3289,宜特,21,7,14,台新-建北,2023-11-17,8151
6451,訊芯-KY,27,13,14,台新-建北,2023-11-17,8151
8163,達方,15,1,14,台新-建北,2023-11-17,8151
00752,中信中國50,13,0,13,台新-建北,2023-11-17,8151
3322,建舜電,13,0,13,台新-建北,2023-11-17,8151
6806,森崴能源,17,5,12,台新-建北,2023-11-17,8151
00882,中信中國高股息,13,1,12,台新-建北,2023-11-17,8151
8927,北基,12,0,12,台新-建北,2023-11-17,8151
4923,力士,12,0,12,台新-建北,2023-11-17,8151
8227,巨有科技,16,4,12,台新-建北,2023-11-17,8151
00725B,國泰投資級公司債,11,0,11,台新-建北,2023-11-17,8151
1582,信錦,17,6,11,台新-建北,2023-11-17,8151
3712,永崴投控,12,1,11,台新-建北,2023-11-17,8151
5272,笙科,13,2,11,台新-建北,2023-11-17,8151
00919,群益台灣精選高息,12,1,11,台新-建北,2023-11-17,8151
2881,富邦金,500,5,495,台新-建北,2023-11-20,8151
00632R,元大台灣50反1,115,1,114,台新-建北,2023-11-20,8151
2634,漢翔,101,0,101,台新-建北,2023-11-20,8151
00651R,復華香港反1,100,0,100,台新-建北,2023-11-20,8151
1449,佳和,84,0,84,台新-建北,2023-11-20,8151
8227,巨有科技,94,14,80,台新-建北,2023-11-20,8151
2258,鴻華先進-創,70,0,70,台新-建北,2023-11-20,8151
3701,大眾控,111,42,69,台新-建北,2023-11-20,8151
00935,野村臺灣新科技50,61,1,60,台新-建北,2023-11-20,8151
00795B,中信美國公債20年,55,0,55,台新-建北,2023-11-20,8151
3362,先進光,80,25,55,台新-建北,2023-11-20,8151
3025,星通,54,2,52,台新-建北,2023-11-20,8151
00842B,台新美元銀行債,50,0,50,台新-建北,2023-11-20,8151
00648R,元大S＆P500反1,50,0,50,台新-建北,2023-11-20,8151
00679B,元大美債20年,45,0,45,台新-建北,2023-11-20,8151
2344,華邦電,59,15,44,台新-建北,2023-11-20,8151
2363,矽統,143,99,44,台新-建北,2023-11-20,8151
2462,良得電,45,4,41,台新-建北,2023-11-20,8151
00878,國泰永續高股息,53,16,37,台新-建北,2023-11-20,8151
2368,金像電,38,1,37,台新-建北,2023-11-20,8151
1582,信錦,34,0,34,台新-建北,2023-11-20,8151
00919,群益台灣精選高息,39,5,34,台新-建北,2023-11-20,8151
8936,國統,45,12,33,台新-建北,2023-11-20,8151
00673R,期元大S＆P原油反1,33,0,33,台新-建北,2023-11-20,8151
1314,中石化,31,0,31,台新-建北,2023-11-20,8151
00687B,國泰20年美債,27,1,26,台新-建北,2023-11-20,8151
00933B,國泰10Y+金融債,25,1,24,台新-建北,2023-11-20,8151
00929,復華台灣科技優息,42,19,23,台新-建北,2023-11-20,8151
2356,英業達,37,15,22,台新-建北,2023-11-20,8151
5521,工信,22,0,22,台新-建北,2023-11-20,8151
2316,楠梓電,22,0,22,台新-建北,2023-11-20,8151
2367,燿華,30,8,22,台新-建北,2023-11-20,8151
00710B,復華彭博非投等債,20,0,20,台新-建北,2023-11-20,8151
1605,華新,22,2,20,台新-建北,2023-11-20,8151
00688L,國泰20年美債正2,20,0,20,台新-建北,2023-11-20,8151
6757,台灣虎航,20,0,20,台新-建北,2023-11-20,8151
6194,育富,19,0,19,台新-建北,2023-11-20,8151
5210,寶碩,18,0,18,台新-建北,2023-11-20,8151
00720B,元大投資級公司債,18,1,17,台新-建北,2023-11-20,8151
3552,同致,17,0,17,台新-建北,2023-11-20,8151
3706,神達,26,9,17,台新-建北,2023-11-20,8151
3522,御嵿,16,0,16,台新-建北,2023-11-20,8151
1533,車王電,22,7,15,台新-建北,2023-11-20,8151
1504,東元,26,11,15,台新-建北,2023-11-20,8151
00690,兆豐藍籌30,14,0,14,台新-建北,2023-11-20,8151
6770,力積電,18,4,14,台新-建北,2023-11-20,8151
3305,昇貿,17,3,14,台新-建北,2023-11-20,8151
3268,海德威,13,0,13,台新-建北,2023-11-20,8151
6112,邁達特,15,2,13,台新-建北,2023-11-20,8151
2002,中鋼,12,0,12,台新-建北,2023-11-20,8151
2881,富邦金,511,98,413,台新-建北,2023-11-21,8151
8936,國統,422,120,302,台新-建北,2023-11-21,8151
3715,定穎投控,235,48,187,台新-建北,2023-11-21,8151
2377,微星,161,0,161,台新-建北,2023-11-21,8151
00632R,元大台灣50反1,347,200,147,台新-建北,2023-11-21,8151
00712,復華富時不動產,107,15,92,台新-建北,2023-11-21,8151
3025,星通,65,10,55,台新-建北,2023-11-21,8151
6274,台燿,60,8,52,台新-建北,2023-11-21,8151
3437,榮創,52,2,50,台新-建北,2023-11-21,8151
00706L,期元大S＆P日圓正2,50,0,50,台新-建北,2023-11-21,8151
00651R,復華香港反1,48,0,48,台新-建北,2023-11-21,8151
3324,雙鴻,60,13,47,台新-建北,2023-11-21,8151
1313,聯成,51,5,46,台新-建北,2023-11-21,8151
5351,鈺創,175,130,45,台新-建北,2023-11-21,8151
5258,虹堡,45,2,43,台新-建北,2023-11-21,8151
8088,品安,40,0,40,台新-建北,2023-11-21,8151
2368,金像電,44,8,36,台新-建北,2023-11-21,8151
2888,新光金,63,31,32,台新-建北,2023-11-21,8151
00929,復華台灣科技優息,57,25,32,台新-建北,2023-11-21,8151
5347,世界,65,34,31,台新-建北,2023-11-21,8151
2402,毅嘉,48,18,30,台新-建北,2023-11-21,8151
2929,淘帝-KY,32,2,30,台新-建北,2023-11-21,8151
6806,森崴能源,23,1,22,台新-建北,2023-11-21,8151
5508,永信建,21,0,21,台新-建北,2023-11-21,8151
00671R,富邦NASDAQ反1,20,0,20,台新-建北,2023-11-21,8151
8467,波力-KY,23,3,20,台新-建北,2023-11-21,8151
1342,八貫,22,2,20,台新-建北,2023-11-21,8151
3624,光頡,20,0,20,台新-建北,2023-11-21,8151
1616,億泰,19,0,19,台新-建北,2023-11-21,8151
8150,南茂,22,4,18,台新-建北,2023-11-21,8151
2002,中鋼,24,6,18,台新-建北,2023-11-21,8151
4533,協易機,19,1,18,台新-建北,2023-11-21,8151
00720B,元大投資級公司債,22,4,18,台新-建北,2023-11-21,8151
00772B,中信高評級公司債,17,0,17,台新-建北,2023-11-21,8151
5521,工信,22,5,17,台新-建北,2023-11-21,8151
4952,凌通,24,8,16,台新-建北,2023-11-21,8151
3062,建漢,18,2,16,台新-建北,2023-11-21,8151
2329,華泰,33,18,15,台新-建北,2023-11-21,8151
2520,冠德,15,0,15,台新-建北,2023-11-21,8151
4550,長佳,15,0,15,台新-建北,2023-11-21,8151
3041,揚智,95,81,14,台新-建北,2023-11-21,8151
1504,東元,16,3,13,台新-建北,2023-11-21,8151
2337,旺宏,13,0,13,台新-建北,2023-11-21,8151
1533,車王電,52,39,13,台新-建北,2023-11-21,8151
6191,精成科,15,2,13,台新-建北,2023-11-21,8151
2206,三陽工業,14,1,13,台新-建北,2023-11-21,8151
00751B,元大AAA至A公司債,12,0,12,台新-建北,2023-11-21,8151
3532,台勝科,13,1,12,台新-建北,2023-11-21,8151
3088,艾訊,12,1,11,台新-建北,2023-11-21,8151
5388,中磊,12,1,11,台新-建北,2023-11-21,8151
2881,富邦金,623,0,623,台新-建北,2023-11-22,8151
3059,華晶科,130,25,105,台新-建北,2023-11-22,8151
3701,大眾控,134,33,101,台新-建北,2023-11-22,8151
00919,群益台灣精選高息,94,0,94,台新-建北,2023-11-22,8151
4207,環泰,80,0,80,台新-建北,2023-11-22,8151
2609,陽明,62,0,62,台新-建北,2023-11-22,8151
3437,榮創,62,1,61,台新-建北,2023-11-22,8151
2405,輔信,73,13,60,台新-建北,2023-11-22,8151
2516,新建,58,1,57,台新-建北,2023-11-22,8151
2388,威盛,160,105,55,台新-建北,2023-11-22,8151
2630,亞航,55,1,54,台新-建北,2023-11-22,8151
2377,微星,82,30,52,台新-建北,2023-11-22,8151
00687B,國泰20年美債,52,1,51,台新-建北,2023-11-22,8151
2228,劍麟,50,0,50,台新-建北,2023-11-22,8151
2351,順德,50,1,49,台新-建北,2023-11-22,8151
00688L,國泰20年美債正2,52,4,48,台新-建北,2023-11-22,8151
6187,萬潤,54,10,44,台新-建北,2023-11-22,8151
2313,華通,64,20,44,台新-建北,2023-11-22,8151
5443,均豪,135,94,41,台新-建北,2023-11-22,8151
00671R,富邦NASDAQ反1,40,0,40,台新-建北,2023-11-22,8151
1721,三晃,40,0,40,台新-建北,2023-11-22,8151
6129,普誠,40,1,39,台新-建北,2023-11-22,8151
00878,國泰永續高股息,41,3,38,台新-建北,2023-11-22,8151
00772B,中信高評級公司債,38,0,38,台新-建北,2023-11-22,8151
00773B,中信優先金融債,37,0,37,台新-建北,2023-11-22,8151
3228,金麗科,38,4,34,台新-建北,2023-11-22,8151
3615,安可,32,0,32,台新-建北,2023-11-22,8151
2454,聯發科,51,19,32,台新-建北,2023-11-22,8151
1449,佳和,44,13,31,台新-建北,2023-11-22,8151
1319,東陽,32,3,29,台新-建北,2023-11-22,8151
1815,富喬,31,2,29,台新-建北,2023-11-22,8151
4510,高鋒,33,5,28,台新-建北,2023-11-22,8151
2929,淘帝-KY,27,0,27,台新-建北,2023-11-22,8151
2467,志聖,25,0,25,台新-建北,2023-11-22,8151
2408,南亞科,25,0,25,台新-建北,2023-11-22,8151
2356,英業達,29,6,23,台新-建北,2023-11-22,8151
5236,凌陽創新,24,3,21,台新-建北,2023-11-22,8151
00710B,復華彭博非投等債,20,0,20,台新-建北,2023-11-22,8151
00842B,台新美元銀行債,20,0,20,台新-建北,2023-11-22,8151
2303,聯電,21,1,20,台新-建北,2023-11-22,8151
3078,僑威,203,185,18,台新-建北,2023-11-22,8151
3252,海灣,20,2,18,台新-建北,2023-11-22,8151
3062,建漢,30,12,18,台新-建北,2023-11-22,8151
00632R,元大台灣50反1,18,0,18,台新-建北,2023-11-22,8151
2376,技嘉,51,34,17,台新-建北,2023-11-22,8151
3545,敦泰,68,52,16,台新-建北,2023-11-22,8151
00902,中信電池及儲能,16,0,16,台新-建北,2023-11-22,8151
2230,泰茂,16,1,15,台新-建北,2023-11-22,8151
2316,楠梓電,15,0,15,台新-建北,2023-11-22,8151
00795B,中信美國公債20年,15,0,15,台新-建北,2023-11-22,8151
2618,長榮航,799,84,715,台新-建北,2023-11-23,8151
2881,富邦金,727,32,695,台新-建北,2023-11-23,8151
3032,偉訓,142,36,106,台新-建北,2023-11-23,8151
8054,安國,186,87,99,台新-建北,2023-11-23,8151
2356,英業達,79,0,79,台新-建北,2023-11-23,8151
2891,中信金,64,2,62,台新-建北,2023-11-23,8151
00919,群益台灣精選高息,62,1,61,台新-建北,2023-11-23,8151
6282,康舒,168,108,60,台新-建北,2023-11-23,8151
2002,中鋼,82,28,54,台新-建北,2023-11-23,8151
6117,迎廣,139,87,52,台新-建北,2023-11-23,8151
3532,台勝科,52,1,51,台新-建北,2023-11-23,8151
00662,富邦NASDAQ,48,0,48,台新-建北,2023-11-23,8151
00878,國泰永續高股息,53,12,41,台新-建北,2023-11-23,8151
4967,十銓,63,22,41,台新-建北,2023-11-23,8151
00651R,復華香港反1,41,0,41,台新-建北,2023-11-23,8151
2614,東森,45,5,40,台新-建北,2023-11-23,8151
3374,精材,44,5,39,台新-建北,2023-11-23,8151
2457,飛宏,45,12,33,台新-建北,2023-11-23,8151
00929,復華台灣科技優息,33,0,33,台新-建北,2023-11-23,8151
3362,先進光,66,36,30,台新-建北,2023-11-23,8151
1609,大亞,31,1,30,台新-建北,2023-11-23,8151
3051,力特,27,0,27,台新-建北,2023-11-23,8151
2516,新建,30,3,27,台新-建北,2023-11-23,8151
2382,廣達,37,11,26,台新-建北,2023-11-23,8151
1313,聯成,25,0,25,台新-建北,2023-11-23,8151
5457,宣德,25,0,25,台新-建北,2023-11-23,8151
8426,紅木-KY,30,5,25,台新-建北,2023-11-23,8151
3062,建漢,24,0,24,台新-建北,2023-11-23,8151
1342,八貫,25,1,24,台新-建北,2023-11-23,8151
2412,中華電,24,1,23,台新-建北,2023-11-23,8151
3024,憶聲,24,2,22,台新-建北,2023-11-23,8151
2492,華新科,25,3,22,台新-建北,2023-11-23,8151
5347,世界,67,45,22,台新-建北,2023-11-23,8151
6533,晶心科,28,6,22,台新-建北,2023-11-23,8151
3006,晶豪科,60,38,22,台新-建北,2023-11-23,8151
5351,鈺創,72,51,21,台新-建北,2023-11-23,8151
1301,台塑,20,0,20,台新-建北,2023-11-23,8151
1560,中砂,35,15,20,台新-建北,2023-11-23,8151
4114,健喬,20,0,20,台新-建北,2023-11-23,8151
4207,環泰,20,0,20,台新-建北,2023-11-23,8151
00633L,富邦上証正2,20,0,20,台新-建北,2023-11-23,8151
1815,富喬,41,21,20,台新-建北,2023-11-23,8151
3163,波若威,23,4,19,台新-建北,2023-11-23,8151
4714,永捷,29,10,19,台新-建北,2023-11-23,8151
5230,雷笛克光學,19,0,19,台新-建北,2023-11-23,8151
3339,泰谷,17,0,17,台新-建北,2023-11-23,8151
6462,神盾,47,30,17,台新-建北,2023-11-23,8151
2317,鴻海,21,4,17,台新-建北,2023-11-23,8151
2312,金寶,21,5,16,台新-建北,2023-11-23,8151
3033,威健,16,0,16,台新-建北,2023-11-23,8151
2881,富邦金,914,1,913,台新-建北,2023-11-24,8151
3437,榮創,291,39,252,台新-建北,2023-11-24,8151
8222,寶一,153,6,147,台新-建北,2023-11-24,8151
2888,新光金,163,35,128,台新-建北,2023-11-24,8151
1513,中興電,447,321,126,台新-建北,2023-11-24,8151
5222,全訊,78,4,74,台新-建北,2023-11-24,8151
9919,康那香,75,10,65,台新-建北,2023-11-24,8151
1216,統一,57,8,49,台新-建北,2023-11-24,8151
2382,廣達,57,22,35,台新-建北,2023-11-24,8151
1815,富喬,31,1,30,台新-建北,2023-11-24,8151
6139,亞翔,36,7,29,台新-建北,2023-11-24,8151
00679B,元大美債20年,27,0,27,台新-建北,2023-11-24,8151
3231,緯創,31,4,27,台新-建北,2023-11-24,8151
00878,國泰永續高股息,26,1,25,台新-建北,2023-11-24,8151
4402,郡都開發,24,0,24,台新-建北,2023-11-24,8151
00712,復華富時不動產,26,3,23,台新-建北,2023-11-24,8151
4121,優盛,22,0,22,台新-建北,2023-11-24,8151
3062,建漢,21,0,21,台新-建北,2023-11-24,8151
1732,毛寶,21,0,21,台新-建北,2023-11-24,8151
2506,太設,20,0,20,台新-建北,2023-11-24,8151
00633L,富邦上証正2,20,0,20,台新-建北,2023-11-24,8151
00751B,元大AAA至A公司債,21,1,20,台新-建北,2023-11-24,8151
1609,大亞,68,48,20,台新-建北,2023-11-24,8151
3362,先進光,44,25,19,台新-建北,2023-11-24,8151
2634,漢翔,70,52,18,台新-建北,2023-11-24,8151
5876,上海商銀,29,12,17,台新-建北,2023-11-24,8151
3152,璟德,18,3,15,台新-建北,2023-11-24,8151
00885,富邦越南,15,0,15,台新-建北,2023-11-24,8151
00687B,國泰20年美債,14,0,14,台新-建北,2023-11-24,8151
2356,英業達,64,50,14,台新-建北,2023-11-24,8151
00651R,復華香港反1,14,0,14,台新-建北,2023-11-24,8151
3211,順達,14,0,14,台新-建北,2023-11-24,8151
2375,凱美,21,7,14,台新-建北,2023-11-24,8151
3323,加百裕,12,0,12,台新-建北,2023-11-24,8151
00688L,國泰20年美債正2,13,1,12,台新-建北,2023-11-24,8151
2748,雲品,15,3,12,台新-建北,2023-11-24,8151
3666,光耀,23,11,12,台新-建北,2023-11-24,8151
2204,中華,16,4,12,台新-建北,2023-11-24,8151
6285,啟��,13,1,12,台新-建北,2023-11-24,8151
00772B,中信高評級公司債,12,0,12,台新-建北,2023-11-24,8151
6790,永豐實,12,0,12,台新-建北,2023-11-24,8151
2442,新美齊,22,11,11,台新-建北,2023-11-24,8151
3147,大綜,33,22,11,台新-建北,2023-11-24,8151
6125,廣運,16,5,11,台新-建北,2023-11-24,8151
3260,威剛,14,4,10,台新-建北,2023-11-24,8151
00929,復華台灣科技優息,14,4,10,台新-建北,2023-11-24,8151
00720B,元大投資級公司債,10,0,10,台新-建北,2023-11-24,8151
5531,鄉林,20,10,10,台新-建北,2023-11-24,8151
4173,久裕,10,0,10,台新-建北,2023-11-24,8151
4935,茂林-KY,10,0,10,台新-建北,2023-11-24,8151
2881,富邦金,1051,31,1020,台新-建北,2023-11-27,8151
1701,中化,509,35,474,台新-建北,2023-11-27,8151
4114,健喬,170,3,167,台新-建北,2023-11-27,8151
4173,久裕,150,1,149,台新-建北,2023-11-27,8151
00633L,富邦上証正2,100,0,100,台新-建北,2023-11-27,8151
2405,輔信,94,2,92,台新-建北,2023-11-27,8151
1513,中興電,285,194,91,台新-建北,2023-11-27,8151
1752,南光,184,117,67,台新-建北,2023-11-27,8151
2313,華通,258,206,52,台新-建北,2023-11-27,8151
1216,統一,105,55,50,台新-建北,2023-11-27,8151
9938,百和,79,30,49,台新-建北,2023-11-27,8151
8054,安國,73,25,48,台新-建北,2023-11-27,8151
2382,廣達,65,18,47,台新-建北,2023-11-27,8151
00878,國泰永續高股息,43,1,42,台新-建北,2023-11-27,8151
2454,聯發科,47,8,39,台新-建北,2023-11-27,8151
2444,兆勁,38,0,38,台新-建北,2023-11-27,8151
3705,永信,94,56,38,台新-建北,2023-11-27,8151
00923,群益台ESG低碳50,37,0,37,台新-建北,2023-11-27,8151
1618,合機,36,0,36,台新-建北,2023-11-27,8151
3025,星通,39,4,35,台新-建北,2023-11-27,8151
1503,士電,56,22,34,台新-建北,2023-11-27,8151
00919,群益台灣精選高息,53,22,31,台新-建北,2023-11-27,8151
00679B,元大美債20年,30,0,30,台新-建北,2023-11-27,8151
4157,太景*-KY,40,10,30,台新-建北,2023-11-27,8151
3231,緯創,39,11,28,台新-建北,2023-11-27,8151
00934,中信成長高股息,28,0,28,台新-建北,2023-11-27,8151
2371,大同,35,8,27,台新-建北,2023-11-27,8151
1519,華城,63,37,26,台新-建北,2023-11-27,8151
1760,寶齡富錦,32,8,24,台新-建北,2023-11-27,8151
2610,華航,26,2,24,台新-建北,2023-11-27,8151
2611,志信,24,0,24,台新-建北,2023-11-27,8151
2356,英業達,27,3,24,台新-建北,2023-11-27,8151
1560,中砂,32,9,23,台新-建北,2023-11-27,8151
6282,康舒,37,14,23,台新-建北,2023-11-27,8151
00687B,國泰20年美債,23,0,23,台新-建北,2023-11-27,8151
00632R,元大台灣50反1,30,8,22,台新-建北,2023-11-27,8151
3017,奇鋐,31,10,21,台新-建北,2023-11-27,8151
00881,國泰台灣5G+,21,0,21,台新-建北,2023-11-27,8151
6578,達邦蛋白,23,2,21,台新-建北,2023-11-27,8151
6197,佳必琪,21,1,20,台新-建北,2023-11-27,8151
3260,威剛,26,6,20,台新-建北,2023-11-27,8151
00931B,統一美債20年,19,0,19,台新-建北,2023-11-27,8151
9103,美德醫療-DR,20,1,19,台新-建北,2023-11-27,8151
00637L,元大滬深300正2,19,0,19,台新-建北,2023-11-27,8151
1325,恆大,25,7,18,台新-建北,2023-11-27,8151
2630,亞航,74,57,17,台新-建北,2023-11-27,8151
1314,中石化,38,21,17,台新-建北,2023-11-27,8151
3005,神基,26,9,17,台新-建北,2023-11-27,8151
00751B,元大AAA至A公司債,16,0,16,台新-建北,2023-11-27,8151
6138,茂達,25,9,16,台新-建北,2023-11-27,8151
2881,富邦金,884,1,883,台新-建北,2023-11-28,8151
2605,新興,291,85,206,台新-建北,2023-11-28,8151
3715,定穎投控,172,17,155,台新-建北,2023-11-28,8151
2461,光群雷,120,0,120,台新-建北,2023-11-28,8151
00632R,元大台灣50反1,87,0,87,台新-建北,2023-11-28,8151
6790,永豐實,78,0,78,台新-建北,2023-11-28,8151
3483,力致,79,4,75,台新-建北,2023-11-28,8151
1905,華紙,82,22,60,台新-建北,2023-11-28,8151
4157,太景*-KY,58,0,58,台新-建北,2023-11-28,8151
00651R,復華香港反1,54,0,54,台新-建北,2023-11-28,8151
1727,中華化,50,0,50,台新-建北,2023-11-28,8151
6190,萬泰科,46,0,46,台新-建北,2023-11-28,8151
2329,華泰,96,52,44,台新-建北,2023-11-28,8151
2883,凱基金,202,163,39,台新-建北,2023-11-28,8151
2867,三商壽,35,0,35,台新-建北,2023-11-28,8151
8936,國統,67,33,34,台新-建北,2023-11-28,8151
2528,皇普,30,0,30,台新-建北,2023-11-28,8151
2359,所羅門,28,0,28,台新-建北,2023-11-28,8151
00885,富邦越南,25,0,25,台新-建北,2023-11-28,8151
6695,芯鼎,40,15,25,台新-建北,2023-11-28,8151
1762,中化生,26,4,22,台新-建北,2023-11-28,8151
5347,世界,22,1,21,台新-建北,2023-11-28,8151
3041,揚智,42,22,20,台新-建北,2023-11-28,8151
4956,光鋐,33,13,20,台新-建北,2023-11-28,8151
00919,群益台灣精選高息,29,10,19,台新-建北,2023-11-28,8151
3105,穩懋,26,8,18,台新-建北,2023-11-28,8151
6188,廣明,19,1,18,台新-建北,2023-11-28,8151
3131,弘塑,18,1,17,台新-建北,2023-11-28,8151
3437,榮創,27,10,17,台新-建北,2023-11-28,8151
2303,聯電,20,4,16,台新-建北,2023-11-28,8151
00751B,元大AAA至A公司債,16,0,16,台新-建北,2023-11-28,8151
3005,神基,16,0,16,台新-建北,2023-11-28,8151
2630,亞航,34,19,15,台新-建北,2023-11-28,8151
2637,慧洋-KY,33,18,15,台新-建北,2023-11-28,8151
1101,台泥,49,35,14,台新-建北,2023-11-28,8151
3088,艾訊,14,0,14,台新-建北,2023-11-28,8151
1514,亞力,78,65,13,台新-建北,2023-11-28,8151
4113,聯上,13,0,13,台新-建北,2023-11-28,8151
2515,中工,13,0,13,台新-建北,2023-11-28,8151
00773B,中信優先金融債,12,0,12,台新-建北,2023-11-28,8151
3623,富晶通,12,0,12,台新-建北,2023-11-28,8151
3481,群創,21,9,12,台新-建北,2023-11-28,8151
2014,中鴻,15,3,12,台新-建北,2023-11-28,8151
2383,台光電,14,3,11,台新-建北,2023-11-28,8151
6538,倉和,12,1,11,台新-建北,2023-11-28,8151
4768,晶呈科技,11,0,11,台新-建北,2023-11-28,8151
2913,農林,11,0,11,台新-建北,2023-11-28,8151
2355,敬鵬,11,0,11,台新-建北,2023-11-28,8151
3372,典範,11,0,11,台新-建北,2023-11-28,8151
2516,新建,11,0,11,台新-建北,2023-11-28,8151
2881,富邦金,944,0,944,台新-建北,2023-11-29,8151
3704,合勤控,244,3,241,台新-建北,2023-11-29,8151
00633L,富邦上証正2,140,0,140,台新-建北,2023-11-29,8151
5608,四維航,281,165,116,台新-建北,2023-11-29,8151
2618,長榮航,170,65,105,台新-建北,2023-11-29,8151
2867,三商壽,100,0,100,台新-建北,2023-11-29,8151
2428,興勤,90,10,80,台新-建北,2023-11-29,8151
3022,威強電,61,0,61,台新-建北,2023-11-29,8151
1514,亞力,64,3,61,台新-建北,2023-11-29,8151
9938,百和,65,10,55,台新-建北,2023-11-29,8151
1216,統一,151,100,51,台新-建北,2023-11-29,8151
6233,旺玖,50,0,50,台新-建北,2023-11-29,8151
00637L,元大滬深300正2,48,0,48,台新-建北,2023-11-29,8151
3580,友威科,47,0,47,台新-建北,2023-11-29,8151
2610,華航,46,0,46,台新-建北,2023-11-29,8151
4979,華星光,56,13,43,台新-建北,2023-11-29,8151
2461,光群雷,41,0,41,台新-建北,2023-11-29,8151
1785,光洋科,40,0,40,台新-建北,2023-11-29,8151
00795B,中信美國公債20年,40,0,40,台新-建北,2023-11-29,8151
00882,中信中國高股息,38,0,38,台新-建北,2023-11-29,8151
2482,連宇,37,0,37,台新-建北,2023-11-29,8151
00679B,元大美債20年,40,4,36,台新-建北,2023-11-29,8151
2892,第一金,35,0,35,台新-建北,2023-11-29,8151
2801,彰銀,33,0,33,台新-建北,2023-11-29,8151
6811,宏�硌穈T,31,1,30,台新-建北,2023-11-29,8151
6494,九齊,46,20,26,台新-建北,2023-11-29,8151
4503,金雨,30,5,25,台新-建北,2023-11-29,8151
8936,國統,47,23,24,台新-建北,2023-11-29,8151
3374,精材,24,0,24,台新-建北,2023-11-29,8151
00934,中信成長高股息,23,0,23,台新-建北,2023-11-29,8151
6243,迅杰,73,51,22,台新-建北,2023-11-29,8151
2363,矽統,200,179,21,台新-建北,2023-11-29,8151
3491,昇達科,24,4,20,台新-建北,2023-11-29,8151
2314,台揚,20,0,20,台新-建北,2023-11-29,8151
1905,華紙,20,0,20,台新-建北,2023-11-29,8151
3231,緯創,41,21,20,台新-建北,2023-11-29,8151
4306,炎洲,19,0,19,台新-建北,2023-11-29,8151
2301,光寶科,22,3,19,台新-建北,2023-11-29,8151
4128,中天,17,1,16,台新-建北,2023-11-29,8151
1701,中化,17,1,16,台新-建北,2023-11-29,8151
2641,正德,15,0,15,台新-建北,2023-11-29,8151
6643,M31,18,3,15,台新-建北,2023-11-29,8151
3694,海華,31,16,15,台新-建北,2023-11-29,8151
00933B,國泰10Y+金融債,15,0,15,台新-建北,2023-11-29,8151
6284,佳邦,29,14,15,台新-建北,2023-11-29,8151
00720B,元大投資級公司債,15,0,15,台新-建北,2023-11-29,8151
3051,力特,19,4,15,台新-建北,2023-11-29,8151
6693,廣閎科,14,0,14,台新-建北,2023-11-29,8151
4121,優盛,24,10,14,台新-建北,2023-11-29,8151
4967,十銓,21,7,14,台新-建北,2023-11-29,8151
2881,富邦金,500,2,498,台新-建北,2023-11-30,8151
3545,敦泰,154,38,116,台新-建北,2023-11-30,8151
2883,凱基金,122,16,106,台新-建北,2023-11-30,8151
8054,安國,117,17,100,台新-建北,2023-11-30,8151
3704,合勤控,102,6,96,台新-建北,2023-11-30,8151
5876,上海商銀,84,1,83,台新-建北,2023-11-30,8151
2609,陽明,68,6,62,台新-建北,2023-11-30,8151
00706L,期元大S＆P日圓正2,50,0,50,台新-建北,2023-11-30,8151
6180,橘子,53,4,49,台新-建北,2023-11-30,8151
1582,信錦,50,2,48,台新-建北,2023-11-30,8151
2867,三商壽,44,0,44,台新-建北,2023-11-30,8151
4763,材料-KY,50,6,44,台新-建北,2023-11-30,8151
00795B,中信美國公債20年,42,0,42,台新-建北,2023-11-30,8151
2618,長榮航,53,17,36,台新-建北,2023-11-30,8151
3231,緯創,52,17,35,台新-建北,2023-11-30,8151
8028,昇陽半導體,30,1,29,台新-建北,2023-11-30,8151
2356,英業達,30,2,28,台新-建北,2023-11-30,8151
5347,世界,29,2,27,台新-建北,2023-11-30,8151
5425,台半,49,22,27,台新-建北,2023-11-30,8151
00650L,復華香港正2,26,0,26,台新-建北,2023-11-30,8151
1449,佳和,26,2,24,台新-建北,2023-11-30,8151
1618,合機,24,2,22,台新-建北,2023-11-30,8151
1591,駿吉-KY,23,1,22,台新-建北,2023-11-30,8151
2886,兆豐金,22,1,21,台新-建北,2023-11-30,8151
6111,大宇資,73,52,21,台新-建北,2023-11-30,8151
6901,鑽石投資,21,0,21,台新-建北,2023-11-30,8151
8210,勤誠,59,39,20,台新-建北,2023-11-30,8151
2492,華新科,54,37,17,台新-建北,2023-11-30,8151
1603,華電,17,0,17,台新-建北,2023-11-30,8151
00878,國泰永續高股息,32,15,17,台新-建北,2023-11-30,8151
00882,中信中國高股息,16,0,16,台新-建北,2023-11-30,8151
00933B,國泰10Y+金融債,15,0,15,台新-建北,2023-11-30,8151
00934,中信成長高股息,15,0,15,台新-建北,2023-11-30,8151
2369,菱生,22,7,15,台新-建北,2023-11-30,8151
3257,虹冠電,18,3,15,台新-建北,2023-11-30,8151
4164,承業醫,15,0,15,台新-建北,2023-11-30,8151
2488,漢平,15,0,15,台新-建北,2023-11-30,8151
1513,中興電,26,12,14,台新-建北,2023-11-30,8151
6275,元山,23,11,12,台新-建北,2023-11-30,8151
6108,競國,12,0,12,台新-建北,2023-11-30,8151
6472,保瑞,33,21,12,台新-建北,2023-11-30,8151
00720B,元大投資級公司債,12,0,12,台新-建北,2023-11-30,8151
6125,廣運,13,2,11,台新-建北,2023-11-30,8151
1319,東陽,16,5,11,台新-建北,2023-11-30,8151
3041,揚智,21,10,11,台新-建北,2023-11-30,8151
00915,凱基優選高股息30,10,0,10,台新-建北,2023-11-30,8151
3016,嘉晶,19,9,10,台新-建北,2023-11-30,8151
6757,台灣虎航,10,0,10,台新-建北,2023-11-30,8151
00665L,富邦�琤肭磪囓�2,10,0,10,台新-建北,2023-11-30,8151
3540,曜越,16,6,10,台新-建北,2023-11-30,8151
2881,富邦金,966,0,966,台新-建北,2023-12-01,8151
2355,敬鵬,338,33,305,台新-建北,2023-12-01,8151
00633L,富邦上証正2,150,0,150,台新-建北,2023-12-01,8151
00688L,國泰20年美債正2,104,5,99,台新-建北,2023-12-01,8151
2367,燿華,533,439,94,台新-建北,2023-12-01,8151
3035,智原,109,21,88,台新-建北,2023-12-01,8151
2883,凱基金,189,104,85,台新-建北,2023-12-01,8151
3483,力致,89,10,79,台新-建北,2023-12-01,8151
1618,合機,103,27,76,台新-建北,2023-12-01,8151
3231,緯創,111,35,76,台新-建北,2023-12-01,8151
00919,群益台灣精選高息,76,6,70,台新-建北,2023-12-01,8151
1582,信錦,192,123,69,台新-建北,2023-12-01,8151
00715L,期街口布蘭特正2,63,0,63,台新-建北,2023-12-01,8151
4961,天鈺,61,7,54,台新-建北,2023-12-01,8151
2002,中鋼,53,2,51,台新-建北,2023-12-01,8151
00706L,期元大S＆P日圓正2,50,0,50,台新-建北,2023-12-01,8151
00878,國泰永續高股息,55,5,50,台新-建北,2023-12-01,8151
3005,神基,79,40,39,台新-建北,2023-12-01,8151
00665L,富邦�琤肭磪囓�2,36,0,36,台新-建北,2023-12-01,8151
6122,擎邦,40,4,36,台新-建北,2023-12-01,8151
6125,廣運,106,74,32,台新-建北,2023-12-01,8151
9919,康那香,232,201,31,台新-建北,2023-12-01,8151
00712,復華富時不動產,35,8,27,台新-建北,2023-12-01,8151
2439,美律,28,2,26,台新-建北,2023-12-01,8151
6180,橘子,29,3,26,台新-建北,2023-12-01,8151
3033,威健,25,0,25,台新-建北,2023-12-01,8151
9921,巨大,23,3,20,台新-建北,2023-12-01,8151
2886,兆豐金,20,0,20,台新-建北,2023-12-01,8151
00632R,元大台灣50反1,20,0,20,台新-建北,2023-12-01,8151
2461,光群雷,20,0,20,台新-建北,2023-12-01,8151
00637L,元大滬深300正2,18,0,18,台新-建北,2023-12-01,8151
4550,長佳,25,7,18,台新-建北,2023-12-01,8151
3372,典範,18,0,18,台新-建北,2023-12-01,8151
2352,佳世達,20,3,17,台新-建北,2023-12-01,8151
00679B,元大美債20年,16,0,16,台新-建北,2023-12-01,8151
2884,玉山金,18,2,16,台新-建北,2023-12-01,8151
00650L,復華香港正2,16,0,16,台新-建北,2023-12-01,8151
8932,智通*,25,10,15,台新-建北,2023-12-01,8151
6108,競國,114,99,15,台新-建北,2023-12-01,8151
3714,富采,16,1,15,台新-建北,2023-12-01,8151
00882,中信中國高股息,14,0,14,台新-建北,2023-12-01,8151
2382,廣達,23,9,14,台新-建北,2023-12-01,8151
5347,世界,19,6,13,台新-建北,2023-12-01,8151
6223,旺矽,13,0,13,台新-建北,2023-12-01,8151
00713,元大台灣高息低波,14,1,13,台新-建北,2023-12-01,8151
2630,亞航,12,0,12,台新-建北,2023-12-01,8151
5425,台半,23,11,12,台新-建北,2023-12-01,8151
4183,福永生技,14,2,12,台新-建北,2023-12-01,8151
3522,御嵿,16,4,12,台新-建北,2023-12-01,8151
2324,仁寶,13,1,12,台新-建北,2023-12-01,8151
2881,富邦金,507,6,501,台新-建北,2023-12-04,8151
2606,裕民,430,136,294,台新-建北,2023-12-04,8151
00715L,期街口布蘭特正2,218,0,218,台新-建北,2023-12-04,8151
8936,國統,235,20,215,台新-建北,2023-12-04,8151
2618,長榮航,212,20,192,台新-建北,2023-12-04,8151
3715,定穎投控,287,108,179,台新-建北,2023-12-04,8151
2609,陽明,195,36,159,台新-建北,2023-12-04,8151
8390,金益鼎,160,6,154,台新-建北,2023-12-04,8151
8183,精星,111,0,111,台新-建北,2023-12-04,8151
1727,中華化,121,10,111,台新-建北,2023-12-04,8151
00929,復華台灣科技優息,118,19,99,台新-建北,2023-12-04,8151
2543,皇昌,92,0,92,台新-建北,2023-12-04,8151
00919,群益台灣精選高息,108,20,88,台新-建北,2023-12-04,8151
2031,新光鋼,82,3,79,台新-建北,2023-12-04,8151
2105,正新,71,0,71,台新-建北,2023-12-04,8151
1513,中興電,118,52,66,台新-建北,2023-12-04,8151
6288,聯嘉,61,2,59,台新-建北,2023-12-04,8151
2615,萬海,67,11,56,台新-建北,2023-12-04,8151
2409,友達,126,70,56,台新-建北,2023-12-04,8151
6191,精成科,66,16,50,台新-建北,2023-12-04,8151
1305,華夏,50,0,50,台新-建北,2023-12-04,8151
00882,中信中國高股息,48,0,48,台新-建北,2023-12-04,8151
1582,信錦,56,17,39,台新-建北,2023-12-04,8151
4561,健椿,44,8,36,台新-建北,2023-12-04,8151
00934,中信成長高股息,36,0,36,台新-建北,2023-12-04,8151
4961,天鈺,43,7,36,台新-建北,2023-12-04,8151
8436,大江,40,5,35,台新-建北,2023-12-04,8151
00712,復華富時不動產,46,12,34,台新-建北,2023-12-04,8151
6233,旺玖,40,7,33,台新-建北,2023-12-04,8151
3264,欣銓,56,25,31,台新-建北,2023-12-04,8151
6477,安集,28,0,28,台新-建北,2023-12-04,8151
00650L,復華香港正2,26,0,26,台新-建北,2023-12-04,8151
6108,競國,35,10,25,台新-建北,2023-12-04,8151
3231,緯創,35,10,25,台新-建北,2023-12-04,8151
2376,技嘉,28,3,25,台新-建北,2023-12-04,8151
00679B,元大美債20年,30,10,20,台新-建北,2023-12-04,8151
2405,輔信,21,1,20,台新-建北,2023-12-04,8151
2468,華經,22,2,20,台新-建北,2023-12-04,8151
00720B,元大投資級公司債,24,4,20,台新-建北,2023-12-04,8151
2329,華泰,166,147,19,台新-建北,2023-12-04,8151
3047,訊舟,25,6,19,台新-建北,2023-12-04,8151
8155,博智,27,8,19,台新-建北,2023-12-04,8151
1319,東陽,47,29,18,台新-建北,2023-12-04,8151
2108,南帝,18,0,18,台新-建北,2023-12-04,8151
00936,台新永續高息中小,36,19,17,台新-建北,2023-12-04,8151
2883,凱基金,17,0,17,台新-建北,2023-12-04,8151
2630,亞航,37,20,17,台新-建北,2023-12-04,8151
6841,長佳智能,17,0,17,台新-建北,2023-12-04,8151
1605,華新,112,95,17,台新-建北,2023-12-04,8151
4402,郡都開發,16,0,16,台新-建北,2023-12-04,8151
2881,富邦金,627,3,624,台新-建北,2023-12-05,8151
2883,凱基金,243,6,237,台新-建北,2023-12-05,8151
00919,群益台灣精選高息,176,22,154,台新-建北,2023-12-05,8151
00937B,群益ESG投等債20,120,0,120,台新-建北,2023-12-05,8151
2606,裕民,525,405,120,台新-建北,2023-12-05,8151
00688L,國泰20年美債正2,100,0,100,台新-建北,2023-12-05,8151
00788B,元大10年IG電能債,79,0,79,台新-建北,2023-12-05,8151
6245,立端,82,6,76,台新-建北,2023-12-05,8151
00882,中信中國高股息,67,0,67,台新-建北,2023-12-05,8151
8054,安國,68,5,63,台新-建北,2023-12-05,8151
2428,興勤,62,0,62,台新-建北,2023-12-05,8151
6117,迎廣,169,108,61,台新-建北,2023-12-05,8151
2891,中信金,74,22,52,台新-建北,2023-12-05,8151
00679B,元大美債20年,57,6,51,台新-建北,2023-12-05,8151
1591,駿吉-KY,51,2,49,台新-建北,2023-12-05,8151
2543,皇昌,65,20,45,台新-建北,2023-12-05,8151
1513,中興電,225,183,42,台新-建北,2023-12-05,8151
00687B,國泰20年美債,36,1,35,台新-建北,2023-12-05,8151
2031,新光鋼,32,0,32,台新-建北,2023-12-05,8151
2537,聯上發,30,0,30,台新-建北,2023-12-05,8151
00634R,富邦上証反1,30,0,30,台新-建北,2023-12-05,8151
00680L,元大美債20正2,28,0,28,台新-建北,2023-12-05,8151
4743,合一,28,1,27,台新-建北,2023-12-05,8151
2617,台航,118,92,26,台新-建北,2023-12-05,8151
00878,國泰永續高股息,57,31,26,台新-建北,2023-12-05,8151
6806,森崴能源,33,7,26,台新-建北,2023-12-05,8151
00715L,期街口布蘭特正2,25,0,25,台新-建北,2023-12-05,8151
5347,世界,25,0,25,台新-建北,2023-12-05,8151
1815,富喬,24,0,24,台新-建北,2023-12-05,8151
2641,正德,75,52,23,台新-建北,2023-12-05,8151
6150,撼訊,52,29,23,台新-建北,2023-12-05,8151
1616,億泰,30,7,23,台新-建北,2023-12-05,8151
00665L,富邦�琤肭磪囓�2,22,0,22,台新-建北,2023-12-05,8151
4114,健喬,27,5,22,台新-建北,2023-12-05,8151
00922,國泰台灣領袖50,21,0,21,台新-建北,2023-12-05,8151
3715,定穎投控,53,33,20,台新-建北,2023-12-05,8151
2020,美亞,20,0,20,台新-建北,2023-12-05,8151
2356,英業達,26,8,18,台新-建北,2023-12-05,8151
1301,台塑,20,2,18,台新-建北,2023-12-05,8151
6180,橘子,28,10,18,台新-建北,2023-12-05,8151
3264,欣銓,29,11,18,台新-建北,2023-12-05,8151
2605,新興,186,168,18,台新-建北,2023-12-05,8151
0056,元大高股息,23,5,18,台新-建北,2023-12-05,8151
8046,南電,30,12,18,台新-建北,2023-12-05,8151
2425,承啟,21,4,17,台新-建北,2023-12-05,8151
2367,燿華,29,12,17,台新-建北,2023-12-05,8151
2492,華新科,21,5,16,台新-建北,2023-12-05,8151
2303,聯電,16,0,16,台新-建北,2023-12-05,8151
2614,東森,15,0,15,台新-建北,2023-12-05,8151
2609,陽明,32,18,14,台新-建北,2023-12-05,8151
2881,富邦金,505,0,505,台新-建北,2023-12-06,8151
5426,振發,366,17,349,台新-建北,2023-12-06,8151
2419,仲琦,259,52,207,台新-建北,2023-12-06,8151
2355,敬鵬,209,69,140,台新-建北,2023-12-06,8151
6245,立端,137,6,131,台新-建北,2023-12-06,8151
00687B,國泰20年美債,116,2,114,台新-建北,2023-12-06,8151
00634R,富邦上証反1,100,0,100,台新-建北,2023-12-06,8151
2606,裕民,209,118,91,台新-建北,2023-12-06,8151
2605,新興,167,77,90,台新-建北,2023-12-06,8151
00919,群益台灣精選高息,91,14,77,台新-建北,2023-12-06,8151
00679B,元大美債20年,71,3,68,台新-建北,2023-12-06,8151
8942,森鉅,63,0,63,台新-建北,2023-12-06,8151
8085,福華,41,0,41,台新-建北,2023-12-06,8151
6117,迎廣,117,78,39,台新-建北,2023-12-06,8151
4714,永捷,39,0,39,台新-建北,2023-12-06,8151
00715L,期街口布蘭特正2,39,0,39,台新-建北,2023-12-06,8151
2888,新光金,36,2,34,台新-建北,2023-12-06,8151
1522,堤維西,69,39,30,台新-建北,2023-12-06,8151
00929,復華台灣科技優息,31,1,30,台新-建北,2023-12-06,8151
2451,創見,30,1,29,台新-建北,2023-12-06,8151
3005,神基,29,2,27,台新-建北,2023-12-06,8151
6143,振曜,45,20,25,台新-建北,2023-12-06,8151
00722B,群益投資級電信債,25,0,25,台新-建北,2023-12-06,8151
1326,台化,25,0,25,台新-建北,2023-12-06,8151
1591,駿吉-KY,28,5,23,台新-建北,2023-12-06,8151
2412,中華電,25,2,23,台新-建北,2023-12-06,8151
2929,淘帝-KY,22,0,22,台新-建北,2023-12-06,8151
2204,中華,34,12,22,台新-建北,2023-12-06,8151
00637L,元大滬深300正2,21,0,21,台新-建北,2023-12-06,8151
1612,宏泰,22,1,21,台新-建北,2023-12-06,8151
1529,樂事綠能,57,37,20,台新-建北,2023-12-06,8151
1312,國喬,20,0,20,台新-建北,2023-12-06,8151
2303,聯電,19,0,19,台新-建北,2023-12-06,8151
6139,亞翔,24,5,19,台新-建北,2023-12-06,8151
3443,創意,20,1,19,台新-建北,2023-12-06,8151
4746,台耀,25,8,17,台新-建北,2023-12-06,8151
8155,博智,18,1,17,台新-建北,2023-12-06,8151
1524,耿鼎,35,18,17,台新-建北,2023-12-06,8151
2883,凱基金,18,1,17,台新-建北,2023-12-06,8151
2108,南帝,17,0,17,台新-建北,2023-12-06,8151
2066,世德,17,1,16,台新-建北,2023-12-06,8151
2421,建準,30,15,15,台新-建北,2023-12-06,8151
4960,誠美材,17,2,15,台新-建北,2023-12-06,8151
2201,裕隆,15,0,15,台新-建北,2023-12-06,8151
2516,新建,15,0,15,台新-建北,2023-12-06,8151
3122,笙泉,56,41,15,台新-建北,2023-12-06,8151
4939,亞電,26,11,15,台新-建北,2023-12-06,8151
3481,群創,15,0,15,台新-建北,2023-12-06,8151
2453,凌群,18,4,14,台新-建北,2023-12-06,8151
2399,映泰,42,29,13,台新-建北,2023-12-06,8151
2618,長榮航,596,99,497,台新-建北,2023-12-07,8151
1609,大亞,557,61,496,台新-建北,2023-12-07,8151
00937B,群益ESG投等債20,345,51,294,台新-建北,2023-12-07,8151
00919,群益台灣精選高息,205,0,205,台新-建北,2023-12-07,8151
00712,復華富時不動產,200,2,198,台新-建北,2023-12-07,8151
00687B,國泰20年美債,160,63,97,台新-建北,2023-12-07,8151
2312,金寶,103,20,83,台新-建北,2023-12-07,8151
00651R,復華香港反1,71,0,71,台新-建北,2023-12-07,8151
1326,台化,62,0,62,台新-建北,2023-12-07,8151
6288,聯嘉,64,3,61,台新-建北,2023-12-07,8151
00929,復華台灣科技優息,106,50,56,台新-建北,2023-12-07,8151
2812,台中銀,60,5,55,台新-建北,2023-12-07,8151
2537,聯上發,53,2,51,台新-建北,2023-12-07,8151
6117,迎廣,220,170,50,台新-建北,2023-12-07,8151
00680L,元大美債20正2,108,60,48,台新-建北,2023-12-07,8151
6274,台燿,36,3,33,台新-建北,2023-12-07,8151
2543,皇昌,31,1,30,台新-建北,2023-12-07,8151
00892,富邦台灣半導體,30,0,30,台新-建北,2023-12-07,8151
1603,華電,72,42,30,台新-建北,2023-12-07,8151
1618,合機,116,87,29,台新-建北,2023-12-07,8151
2606,裕民,105,76,29,台新-建北,2023-12-07,8151
6150,撼訊,45,16,29,台新-建北,2023-12-07,8151
00715L,期街口布蘭特正2,30,2,28,台新-建北,2023-12-07,8151
6741,91APP*-KY,28,0,28,台新-建北,2023-12-07,8151
00830,國泰費城半導體,26,0,26,台新-建北,2023-12-07,8151
1560,中砂,35,9,26,台新-建北,2023-12-07,8151
2359,所羅門,75,50,25,台新-建北,2023-12-07,8151
2331,精英,30,6,24,台新-建北,2023-12-07,8151
2881,富邦金,22,1,21,台新-建北,2023-12-07,8151
1316,上曜,21,0,21,台新-建北,2023-12-07,8151
2417,圓剛,22,1,21,台新-建北,2023-12-07,8151
00918,大華優利高填息30,22,2,20,台新-建北,2023-12-07,8151
1301,台塑,20,0,20,台新-建北,2023-12-07,8151
6895,宏碩系統,20,0,20,台新-建北,2023-12-07,8151
2401,凌陽,36,17,19,台新-建北,2023-12-07,8151
6180,橘子,22,3,19,台新-建北,2023-12-07,8151
2506,太設,20,1,19,台新-建北,2023-12-07,8151
2303,聯電,20,2,18,台新-建北,2023-12-07,8151
00665L,富邦�琤肭磪囓�2,73,55,18,台新-建北,2023-12-07,8151
2314,台揚,29,12,17,台新-建北,2023-12-07,8151
1568,倉佑,29,13,16,台新-建北,2023-12-07,8151
3017,奇鋐,20,4,16,台新-建北,2023-12-07,8151
2387,精元,16,0,16,台新-建北,2023-12-07,8151
2367,燿華,39,23,16,台新-建北,2023-12-07,8151
2408,南亞科,24,8,16,台新-建北,2023-12-07,8151
9950,萬國通,16,0,16,台新-建北,2023-12-07,8151
2313,華通,25,10,15,台新-建北,2023-12-07,8151
6143,振曜,18,4,14,台新-建北,2023-12-07,8151
2421,建準,14,0,14,台新-建北,2023-12-07,8151
3450,聯鈞,29,15,14,台新-建北,2023-12-07,8151
1101,台泥,1045,27,1018,台新-建北,2023-12-08,8151
00937B,群益ESG投等債20,242,12,230,台新-建北,2023-12-08,8151
1612,宏泰,186,20,166,台新-建北,2023-12-08,8151
8936,國統,171,19,152,台新-建北,2023-12-08,8151
00687B,國泰20年美債,212,62,150,台新-建北,2023-12-08,8151
5426,振發,120,10,110,台新-建北,2023-12-08,8151
3234,光環,106,9,97,台新-建北,2023-12-08,8151
8054,安國,213,129,84,台新-建北,2023-12-08,8151
2405,輔信,71,1,70,台新-建北,2023-12-08,8151
2356,英業達,120,51,69,台新-建北,2023-12-08,8151
4532,瑞智,66,0,66,台新-建北,2023-12-08,8151
2354,鴻準,61,0,61,台新-建北,2023-12-08,8151
3024,憶聲,56,0,56,台新-建北,2023-12-08,8151
2204,中華,53,0,53,台新-建北,2023-12-08,8151
5519,隆大,56,4,52,台新-建北,2023-12-08,8151
00720B,元大投資級公司債,76,24,52,台新-建北,2023-12-08,8151
6158,禾昌,54,3,51,台新-建北,2023-12-08,8151
00657,國泰日經225,50,0,50,台新-建北,2023-12-08,8151
6117,迎廣,51,2,49,台新-建北,2023-12-08,8151
1503,士電,93,53,40,台新-建北,2023-12-08,8151
00651R,復華香港反1,40,0,40,台新-建北,2023-12-08,8151
00632R,元大台灣50反1,35,0,35,台新-建北,2023-12-08,8151
00919,群益台灣精選高息,34,0,34,台新-建北,2023-12-08,8151
00715L,期街口布蘭特正2,35,2,33,台新-建北,2023-12-08,8151
00882,中信中國高股息,33,0,33,台新-建北,2023-12-08,8151
00664R,國泰臺灣加權反1,30,0,30,台新-建北,2023-12-08,8151
2371,大同,37,9,28,台新-建北,2023-12-08,8151
3231,緯創,52,24,28,台新-建北,2023-12-08,8151
2520,冠德,27,0,27,台新-建北,2023-12-08,8151
9958,世紀鋼,33,7,26,台新-建北,2023-12-08,8151
4142,國光生,26,0,26,台新-建北,2023-12-08,8151
3213,茂訊,63,38,25,台新-建北,2023-12-08,8151
2367,燿華,27,2,25,台新-建北,2023-12-08,8151
3708,上緯投控,24,0,24,台新-建北,2023-12-08,8151
00931B,統一美債20年,25,1,24,台新-建北,2023-12-08,8151
1603,華電,28,5,23,台新-建北,2023-12-08,8151
00933B,國泰10Y+金融債,22,0,22,台新-建北,2023-12-08,8151
2428,興勤,24,2,22,台新-建北,2023-12-08,8151
4906,正文,59,37,22,台新-建北,2023-12-08,8151
2355,敬鵬,46,25,21,台新-建北,2023-12-08,8151
4953,緯軟,27,7,20,台新-建北,2023-12-08,8151
00710B,復華彭博非投等債,20,0,20,台新-建北,2023-12-08,8151
3131,弘塑,20,0,20,台新-建北,2023-12-08,8151
6150,撼訊,24,5,19,台新-建北,2023-12-08,8151
5263,智崴,18,0,18,台新-建北,2023-12-08,8151
6239,力成,18,0,18,台新-建北,2023-12-08,8151
6531,愛普*,22,4,18,台新-建北,2023-12-08,8151
2419,仲琦,36,19,17,台新-建北,2023-12-08,8151
5351,鈺創,56,39,17,台新-建北,2023-12-08,8151
8131,福懋科,17,0,17,台新-建北,2023-12-08,8151
2633,台灣高鐵,220,0,220,台新-建北,2023-12-11,8151
1612,宏泰,255,55,200,台新-建北,2023-12-11,8151
8936,國統,215,27,188,台新-建北,2023-12-11,8151
5521,工信,181,25,156,台新-建北,2023-12-11,8151
00929,復華台灣科技優息,181,27,154,台新-建北,2023-12-11,8151
00688L,國泰20年美債正2,125,2,123,台新-建北,2023-12-11,8151
1609,大亞,155,38,117,台新-建北,2023-12-11,8151
00919,群益台灣精選高息,102,6,96,台新-建北,2023-12-11,8151
2365,昆盈,122,40,82,台新-建北,2023-12-11,8151
00937B,群益ESG投等債20,90,19,71,台新-建北,2023-12-11,8151
3694,海華,75,12,63,台新-建北,2023-12-11,8151
00915,凱基優選高股息30,62,0,62,台新-建北,2023-12-11,8151
2618,長榮航,73,11,62,台新-建北,2023-12-11,8151
00687B,國泰20年美債,66,6,60,台新-建北,2023-12-11,8151
6231,系微,61,3,58,台新-建北,2023-12-11,8151
2376,技嘉,68,11,57,台新-建北,2023-12-11,8151
2465,麗臺,50,0,50,台新-建北,2023-12-11,8151
6170,統振,50,0,50,台新-建北,2023-12-11,8151
2605,新興,181,132,49,台新-建北,2023-12-11,8151
1605,華新,50,2,48,台新-建北,2023-12-11,8151
00665L,富邦�琤肭磪囓�2,145,100,45,台新-建北,2023-12-11,8151
6462,神盾,65,23,42,台新-建北,2023-12-11,8151
3450,聯鈞,53,13,40,台新-建北,2023-12-11,8151
6026,福邦證,36,0,36,台新-建北,2023-12-11,8151
2323,中環,34,0,34,台新-建北,2023-12-11,8151
2329,華泰,183,149,34,台新-建北,2023-12-11,8151
1524,耿鼎,249,216,33,台新-建北,2023-12-11,8151
00882,中信中國高股息,32,0,32,台新-建北,2023-12-11,8151
00710B,復華彭博非投等債,30,0,30,台新-建北,2023-12-11,8151
2888,新光金,85,56,29,台新-建北,2023-12-11,8151
3362,先進光,26,0,26,台新-建北,2023-12-11,8151
3437,榮創,30,6,24,台新-建北,2023-12-11,8151
6125,廣運,23,0,23,台新-建北,2023-12-11,8151
00650L,復華香港正2,22,0,22,台新-建北,2023-12-11,8151
6901,鑽石投資,21,0,21,台新-建北,2023-12-11,8151
1603,華電,80,59,21,台新-建北,2023-12-11,8151
3444,利機,44,24,20,台新-建北,2023-12-11,8151
00933B,國泰10Y+金融債,20,0,20,台新-建北,2023-12-11,8151
8024,佑華,20,0,20,台新-建北,2023-12-11,8151
2520,冠德,20,0,20,台新-建北,2023-12-11,8151
3231,緯創,39,19,20,台新-建北,2023-12-11,8151
6233,旺玖,41,22,19,台新-建北,2023-12-11,8151
3374,精材,19,1,18,台新-建北,2023-12-11,8151
8054,安國,39,21,18,台新-建北,2023-12-11,8151
2388,威盛,92,75,17,台新-建北,2023-12-11,8151
1815,富喬,57,40,17,台新-建北,2023-12-11,8151
2313,華通,23,7,16,台新-建北,2023-12-11,8151
5515,建國,15,0,15,台新-建北,2023-12-11,8151
00637L,元大滬深300正2,15,0,15,台新-建北,2023-12-11,8151
00921,兆豐龍頭等權重,15,1,14,台新-建北,2023-12-11,8151
00919,群益台灣精選高息,221,17,204,台新-建北,2023-12-12,8151
00687B,國泰20年美債,193,22,171,台新-建北,2023-12-12,8151
2634,漢翔,150,1,149,台新-建北,2023-12-12,8151
5515,建國,130,5,125,台新-建北,2023-12-12,8151
1514,亞力,247,132,115,台新-建北,2023-12-12,8151
2630,亞航,121,9,112,台新-建北,2023-12-12,8151
2867,三商壽,104,0,104,台新-建北,2023-12-12,8151
1905,華紙,101,0,101,台新-建北,2023-12-12,8151
00688L,國泰20年美債正2,100,0,100,台新-建北,2023-12-12,8151
00929,復華台灣科技優息,124,36,88,台新-建北,2023-12-12,8151
00934,中信成長高股息,75,2,73,台新-建北,2023-12-12,8151
2323,中環,70,0,70,台新-建北,2023-12-12,8151
1603,華電,101,33,68,台新-建北,2023-12-12,8151
8936,國統,171,108,63,台新-建北,2023-12-12,8151
6462,神盾,76,16,60,台新-建北,2023-12-12,8151
00651R,復華香港反1,55,0,55,台新-建北,2023-12-12,8151
2633,台灣高鐵,50,0,50,台新-建北,2023-12-12,8151
6265,方土昶,42,0,42,台新-建北,2023-12-12,8151
3325,旭品,44,4,40,台新-建北,2023-12-12,8151
2520,冠德,40,0,40,台新-建北,2023-12-12,8151
00918,大華優利高填息30,38,1,37,台新-建北,2023-12-12,8151
00915,凱基優選高股息30,35,2,33,台新-建北,2023-12-12,8151
2002,中鋼,42,10,32,台新-建北,2023-12-12,8151
1618,合機,81,50,31,台新-建北,2023-12-12,8151
2365,昆盈,46,16,30,台新-建北,2023-12-12,8151
00937B,群益ESG投等債20,33,3,30,台新-建北,2023-12-12,8151
2543,皇昌,34,6,28,台新-建北,2023-12-12,8151
2888,新光金,28,1,27,台新-建北,2023-12-12,8151
3481,群創,30,4,26,台新-建北,2023-12-12,8151
2413,環科,105,79,26,台新-建北,2023-12-12,8151
8210,勤誠,37,12,25,台新-建北,2023-12-12,8151
5381,合正,35,10,25,台新-建北,2023-12-12,8151
4938,和碩,27,2,25,台新-建北,2023-12-12,8151
3390,旭軟,25,1,24,台新-建北,2023-12-12,8151
2605,新興,100,77,23,台新-建北,2023-12-12,8151
9802,鈺齊-KY,22,0,22,台新-建北,2023-12-12,8151
2609,陽明,94,73,21,台新-建北,2023-12-12,8151
8050,廣積,20,0,20,台新-建北,2023-12-12,8151
3131,弘塑,20,0,20,台新-建北,2023-12-12,8151
8088,品安,23,3,20,台新-建北,2023-12-12,8151
2606,裕民,23,3,20,台新-建北,2023-12-12,8151
2913,農林,26,6,20,台新-建北,2023-12-12,8151
3338,泰碩,31,11,20,台新-建北,2023-12-12,8151
00772B,中信高評級公司債,19,0,19,台新-建北,2023-12-12,8151
3702,大聯大,21,2,19,台新-建北,2023-12-12,8151
2881,富邦金,20,3,17,台新-建北,2023-12-12,8151
3041,揚智,21,4,17,台新-建北,2023-12-12,8151
00751B,元大AAA至A公司債,17,1,16,台新-建北,2023-12-12,8151
2851,中再保,15,0,15,台新-建北,2023-12-12,8151
2404,漢唐,15,1,14,台新-建北,2023-12-12,8151
2515,中工,1219,92,1127,台新-建北,2023-12-13,8151
00918,大華優利高填息30,199,1,198,台新-建北,2023-12-13,8151
1809,中釉,150,0,150,台新-建北,2023-12-13,8151
6233,旺玖,117,4,113,台新-建北,2023-12-13,8151
00882,中信中國高股息,110,0,110,台新-建北,2023-12-13,8151
00919,群益台灣精選高息,110,5,105,台新-建北,2023-12-13,8151
2633,台灣高鐵,102,5,97,台新-建北,2023-12-13,8151
8112,至上,234,149,85,台新-建北,2023-12-13,8151
2371,大同,117,36,81,台新-建北,2023-12-13,8151
2883,凱基金,77,0,77,台新-建北,2023-12-13,8151
2465,麗臺,67,2,65,台新-建北,2023-12-13,8151
1301,台塑,63,0,63,台新-建北,2023-12-13,8151
00915,凱基優選高股息30,63,1,62,台新-建北,2023-12-13,8151
2618,長榮航,68,8,60,台新-建北,2023-12-13,8151
00710B,復華彭博非投等債,50,0,50,台新-建北,2023-12-13,8151
00922,國泰台灣領袖50,50,0,50,台新-建北,2023-12-13,8151
00715L,期街口布蘭特正2,48,0,48,台新-建北,2023-12-13,8151
5521,工信,52,5,47,台新-建北,2023-12-13,8151
2606,裕民,85,39,46,台新-建北,2023-12-13,8151
1615,大山,43,3,40,台新-建北,2023-12-13,8151
2419,仲琦,91,53,38,台新-建北,2023-12-13,8151
00670L,富邦NASDAQ正2,35,0,35,台新-建北,2023-12-13,8151
3024,憶聲,34,0,34,台新-建北,2023-12-13,8151
5426,振發,48,15,33,台新-建北,2023-12-13,8151
8299,群聯,47,14,33,台新-建北,2023-12-13,8151
00937B,群益ESG投等債20,33,2,31,台新-建北,2023-12-13,8151
00687B,國泰20年美債,42,14,28,台新-建北,2023-12-13,8151
2002,中鋼,34,7,27,台新-建北,2023-12-13,8151
3532,台勝科,27,1,26,台新-建北,2023-12-13,8151
2484,希華,23,0,23,台新-建北,2023-12-13,8151
1815,富喬,60,38,22,台新-建北,2023-12-13,8151
3037,欣興,33,12,21,台新-建北,2023-12-13,8151
2543,皇昌,23,2,21,台新-建北,2023-12-13,8151
4915,致伸,23,2,21,台新-建北,2023-12-13,8151
5533,皇鼎,20,0,20,台新-建北,2023-12-13,8151
00665L,富邦�琤肭磪囓�2,19,0,19,台新-建北,2023-12-13,8151
3479,安勤,34,15,19,台新-建北,2023-12-13,8151
1319,東陽,23,4,19,台新-建北,2023-12-13,8151
2888,新光金,18,0,18,台新-建北,2023-12-13,8151
2467,志聖,20,3,17,台新-建北,2023-12-13,8151
2387,精元,25,9,16,台新-建北,2023-12-13,8151
2063,世鎧,15,0,15,台新-建北,2023-12-13,8151
2405,輔信,35,20,15,台新-建北,2023-12-13,8151
2065,世豐,15,0,15,台新-建北,2023-12-13,8151
2887,台新金,17,2,15,台新-建北,2023-12-13,8151
00650L,復華香港正2,14,0,14,台新-建北,2023-12-13,8151
00637L,元大滬深300正2,13,0,13,台新-建北,2023-12-13,8151
1785,光洋科,13,0,13,台新-建北,2023-12-13,8151
3035,智原,35,22,13,台新-建北,2023-12-13,8151
00720B,元大投資級公司債,12,0,12,台新-建北,2023-12-13,8151
2881,富邦金,850,58,792,台新-建北,2023-12-14,8151
00918,大華優利高填息30,733,6,727,台新-建北,2023-12-14,8151
00688L,國泰20年美債正2,676,2,674,台新-建北,2023-12-14,8151
00632R,元大台灣50反1,353,6,347,台新-建北,2023-12-14,8151
00680L,元大美債20正2,253,33,220,台新-建北,2023-12-14,8151
00919,群益台灣精選高息,212,29,183,台新-建北,2023-12-14,8151
9945,潤泰新,111,6,105,台新-建北,2023-12-14,8151
2882,國泰金,103,1,102,台新-建北,2023-12-14,8151
00891,中信關鍵半導體,89,1,88,台新-建北,2023-12-14,8151
00687B,國泰20年美債,90,18,72,台新-建北,2023-12-14,8151
2516,新建,73,2,71,台新-建北,2023-12-14,8151
00788B,元大10年IG電能債,68,1,67,台新-建北,2023-12-14,8151
00900,富邦特選高股息30,91,31,60,台新-建北,2023-12-14,8151
3231,緯創,86,27,59,台新-建北,2023-12-14,8151
00885,富邦越南,55,0,55,台新-建北,2023-12-14,8151
2449,京元電子,102,47,55,台新-建北,2023-12-14,8151
3265,台星科,60,9,51,台新-建北,2023-12-14,8151
00725B,國泰投資級公司債,50,0,50,台新-建北,2023-12-14,8151
00651R,復華香港反1,49,0,49,台新-建北,2023-12-14,8151
6147,頎邦,85,37,48,台新-建北,2023-12-14,8151
00915,凱基優選高股息30,48,1,47,台新-建北,2023-12-14,8151
5521,工信,146,103,43,台新-建北,2023-12-14,8151
2363,矽統,548,513,35,台新-建北,2023-12-14,8151
3479,安勤,56,22,34,台新-建北,2023-12-14,8151
8028,昇陽半導體,36,4,32,台新-建北,2023-12-14,8151
2606,裕民,34,3,31,台新-建北,2023-12-14,8151
00642U,期元大S＆P石油,27,0,27,台新-建北,2023-12-14,8151
1101,台泥,29,3,26,台新-建北,2023-12-14,8151
2412,中華電,26,0,26,台新-建北,2023-12-14,8151
00933B,國泰10Y+金融債,30,5,25,台新-建北,2023-12-14,8151
00929,復華台灣科技優息,119,95,24,台新-建北,2023-12-14,8151
8011,台通,100,78,22,台新-建北,2023-12-14,8151
1618,合機,51,31,20,台新-建北,2023-12-14,8151
1319,東陽,22,2,20,台新-建北,2023-12-14,8151
2504,國產,20,1,19,台新-建北,2023-12-14,8151
6284,佳邦,29,10,19,台新-建北,2023-12-14,8151
6223,旺矽,26,8,18,台新-建北,2023-12-14,8151
3044,健鼎,32,14,18,台新-建北,2023-12-14,8151
1722,台肥,25,8,17,台新-建北,2023-12-14,8151
8112,至上,195,178,17,台新-建北,2023-12-14,8151
3661,世芯-KY,17,1,16,台新-建北,2023-12-14,8151
00720B,元大投資級公司債,21,5,16,台新-建北,2023-12-14,8151
2329,華泰,99,84,15,台新-建北,2023-12-14,8151
2501,國建,30,16,14,台新-建北,2023-12-14,8151
1603,華電,15,1,14,台新-建北,2023-12-14,8151
2610,華航,14,0,14,台新-建北,2023-12-14,8151
00679B,元大美債20年,24,10,14,台新-建北,2023-12-14,8151
6189,豐藝,13,0,13,台新-建北,2023-12-14,8151
2105,正新,13,0,13,台新-建北,2023-12-14,8151
6209,今國光,24,11,13,台新-建北,2023-12-14,8151
00878,國泰永續高股息,603,6,597,台新-建北,2023-12-15,8151
00680L,元大美債20正2,542,248,294,台新-建北,2023-12-15,8151
00929,復華台灣科技優息,187,91,96,台新-建北,2023-12-15,8151
00687B,國泰20年美債,88,0,88,台新-建北,2023-12-15,8151
3231,緯創,100,31,69,台新-建北,2023-12-15,8151
2887,台新金,53,1,52,台新-建北,2023-12-15,8151
2498,宏達電,74,24,50,台新-建北,2023-12-15,8151
2382,廣達,56,7,49,台新-建北,2023-12-15,8151
00935,野村臺灣新科技50,45,0,45,台新-建北,2023-12-15,8151
1815,富喬,45,0,45,台新-建北,2023-12-15,8151
00753L,中信中國50正2,50,5,45,台新-建北,2023-12-15,8151
00679B,元大美債20年,84,39,45,台新-建北,2023-12-15,8151
00891,中信關鍵半導體,46,1,45,台新-建北,2023-12-15,8151
00919,群益台灣精選高息,191,148,43,台新-建北,2023-12-15,8151
4973,廣穎,43,0,43,台新-建北,2023-12-15,8151
00665L,富邦�琤肭磪囓�2,64,21,43,台新-建北,2023-12-15,8151
00934,中信成長高股息,43,0,43,台新-建北,2023-12-15,8151
2881,富邦金,41,1,40,台新-建北,2023-12-15,8151
6170,統振,40,0,40,台新-建北,2023-12-15,8151
00788B,元大10年IG電能債,40,0,40,台新-建北,2023-12-15,8151
00772B,中信高評級公司債,41,1,40,台新-建北,2023-12-15,8151
3049,精金,41,1,40,台新-建北,2023-12-15,8151
2882,國泰金,56,16,40,台新-建北,2023-12-15,8151
2607,榮運,42,3,39,台新-建北,2023-12-15,8151
6275,元山,44,5,39,台新-建北,2023-12-15,8151
6462,神盾,48,13,35,台新-建北,2023-12-15,8151
00706L,期元大S＆P日圓正2,30,0,30,台新-建北,2023-12-15,8151
6113,亞矽,30,0,30,台新-建北,2023-12-15,8151
00722B,群益投資級電信債,30,0,30,台新-建北,2023-12-15,8151
4109,加捷生醫,29,0,29,台新-建北,2023-12-15,8151
1506,正道,28,0,28,台新-建北,2023-12-15,8151
3325,旭品,33,5,28,台新-建北,2023-12-15,8151
8028,昇陽半導體,27,0,27,台新-建北,2023-12-15,8151
3437,榮創,26,0,26,台新-建北,2023-12-15,8151
00936,台新永續高息中小,41,16,25,台新-建北,2023-12-15,8151
2363,矽統,271,247,24,台新-建北,2023-12-15,8151
00937B,群益ESG投等債20,73,50,23,台新-建北,2023-12-15,8151
0056,元大高股息,40,18,22,台新-建北,2023-12-15,8151
2356,英業達,467,444,23,台新-建北,2023-12-15,8151
2891,中信金,23,3,20,台新-建北,2023-12-15,8151
00710B,復華彭博非投等債,20,0,20,台新-建北,2023-12-15,8151
1538,正峰,20,0,20,台新-建北,2023-12-15,8151
2328,廣宇,21,2,19,台新-建北,2023-12-15,8151
2504,國產,20,2,18,台新-建北,2023-12-15,8151
1612,宏泰,37,19,18,台新-建北,2023-12-15,8151
00673R,期元大S＆P原油反1,18,0,18,台新-建北,2023-12-15,8151
00756B,群益投等新興公債,18,0,18,台新-建北,2023-12-15,8151
1795,美時,33,15,18,台新-建北,2023-12-15,8151
5426,振發,33,17,16,台新-建北,2023-12-15,8151
4915,致伸,20,4,16,台新-建北,2023-12-15,8151
00918,大華優利高填息30,585,107,478,台新-建北,2023-12-18,8151
2023,燁輝,483,91,392,台新-建北,2023-12-18,8151
8112,至上,425,34,391,台新-建北,2023-12-18,8151
00919,群益台灣精選高息,228,18,210,台新-建北,2023-12-18,8151
00929,復華台灣科技優息,207,28,179,台新-建北,2023-12-18,8151
00680L,元大美債20正2,198,32,166,台新-建北,2023-12-18,8151
5515,建國,165,0,165,台新-建北,2023-12-18,8151
2014,中鴻,286,122,164,台新-建北,2023-12-18,8151
2324,仁寶,178,41,137,台新-建北,2023-12-18,8151
2603,長榮,291,180,111,台新-建北,2023-12-18,8151
1909,榮成,101,0,101,台新-建北,2023-12-18,8151
2330,台積電,84,18,66,台新-建北,2023-12-18,8151
3011,今皓,63,1,62,台新-建北,2023-12-18,8151
5425,台半,70,10,60,台新-建北,2023-12-18,8151
00720B,元大投資級公司債,59,1,58,台新-建北,2023-12-18,8151
2801,彰銀,55,0,55,台新-建北,2023-12-18,8151
1432,大魯閣,51,0,51,台新-建北,2023-12-18,8151
9105,泰金寶-DR,46,0,46,台新-建北,2023-12-18,8151
5608,四維航,41,2,39,台新-建北,2023-12-18,8151
2312,金寶,39,3,36,台新-建北,2023-12-18,8151
00712,復華富時不動產,60,24,36,台新-建北,2023-12-18,8151
2356,英業達,168,133,35,台新-建北,2023-12-18,8151
0056,元大高股息,51,19,32,台新-建北,2023-12-18,8151
00651R,復華香港反1,32,0,32,台新-建北,2023-12-18,8151
00931B,統一美債20年,32,0,32,台新-建北,2023-12-18,8151
2020,美亞,31,0,31,台新-建北,2023-12-18,8151
3005,神基,35,4,31,台新-建北,2023-12-18,8151
00936,台新永續高息中小,33,2,31,台新-建北,2023-12-18,8151
5263,智崴,29,0,29,台新-建北,2023-12-18,8151
2607,榮運,40,11,29,台新-建北,2023-12-18,8151
2313,華通,28,0,28,台新-建北,2023-12-18,8151
2888,新光金,31,3,28,台新-建北,2023-12-18,8151
1815,富喬,31,3,28,台新-建北,2023-12-18,8151
3006,晶豪科,108,85,23,台新-建北,2023-12-18,8151
2331,精英,45,22,23,台新-建北,2023-12-18,8151
00756B,群益投等新興公債,23,0,23,台新-建北,2023-12-18,8151
3050,鈺德,22,0,22,台新-建北,2023-12-18,8151
5344,立衛,22,0,22,台新-建北,2023-12-18,8151
1907,永豐餘,79,57,22,台新-建北,2023-12-18,8151
1733,五鼎,21,0,21,台新-建北,2023-12-18,8151
4958,臻鼎-KY,25,5,20,台新-建北,2023-12-18,8151
1538,正峰,20,0,20,台新-建北,2023-12-18,8151
4402,郡都開發,20,0,20,台新-建北,2023-12-18,8151
6811,宏�硌穈T,19,0,19,台新-建北,2023-12-18,8151
2615,萬海,68,50,18,台新-建北,2023-12-18,8151
3715,定穎投控,41,23,18,台新-建北,2023-12-18,8151
00857B,永豐20年美公債,17,0,17,台新-建北,2023-12-18,8151
00688L,國泰20年美債正2,25,9,16,台新-建北,2023-12-18,8151
00665L,富邦�琤肭磪囓�2,66,50,16,台新-建北,2023-12-18,8151
2617,台航,36,20,16,台新-建北,2023-12-18,8151
2353,宏��,382,98,284,台新-建北,2023-12-19,8151
00919,群益台灣精選高息,168,47,121,台新-建北,2023-12-19,8151
00680L,元大美債20正2,138,29,109,台新-建北,2023-12-19,8151
2867,三商壽,100,0,100,台新-建北,2023-12-19,8151
2442,新美齊,103,4,99,台新-建北,2023-12-19,8151
2303,聯電,82,2,80,台新-建北,2023-12-19,8151
00688L,國泰20年美債正2,106,27,79,台新-建北,2023-12-19,8151
2324,仁寶,76,10,66,台新-建北,2023-12-19,8151
3686,達能,60,0,60,台新-建北,2023-12-19,8151
2363,矽統,100,41,59,台新-建北,2023-12-19,8151
00918,大華優利高填息30,66,8,58,台新-建北,2023-12-19,8151
00687B,國泰20年美債,66,10,56,台新-建北,2023-12-19,8151
5521,工信,61,11,50,台新-建北,2023-12-19,8151
00795B,中信美國公債20年,45,0,45,台新-建北,2023-12-19,8151
2888,新光金,50,6,44,台新-建北,2023-12-19,8151
2801,彰銀,42,0,42,台新-建北,2023-12-19,8151
2634,漢翔,41,1,40,台新-建北,2023-12-19,8151
1210,大成,40,2,38,台新-建北,2023-12-19,8151
2887,台新金,40,2,38,台新-建北,2023-12-19,8151
3006,晶豪科,90,54,36,台新-建北,2023-12-19,8151
2615,萬海,156,121,35,台新-建北,2023-12-19,8151
00878,國泰永續高股息,41,6,35,台新-建北,2023-12-19,8151
00929,復華台灣科技優息,175,141,34,台新-建北,2023-12-19,8151
00712,復華富時不動產,30,0,30,台新-建北,2023-12-19,8151
6158,禾昌,30,0,30,台新-建北,2023-12-19,8151
6546,正基,44,14,30,台新-建北,2023-12-19,8151
00713,元大台灣高息低波,30,0,30,台新-建北,2023-12-19,8151
1217,愛之味,29,0,29,台新-建北,2023-12-19,8151
00934,中信成長高股息,30,3,27,台新-建北,2023-12-19,8151
1319,東陽,34,8,26,台新-建北,2023-12-19,8151
00882,中信中國高股息,38,14,24,台新-建北,2023-12-19,8151
00720B,元大投資級公司債,23,0,23,台新-建北,2023-12-19,8151
2409,友達,24,2,22,台新-建北,2023-12-19,8151
6150,撼訊,22,0,22,台新-建北,2023-12-19,8151
2882,國泰金,21,0,21,台新-建北,2023-12-19,8151
0056,元大高股息,27,6,21,台新-建北,2023-12-19,8151
9105,泰金寶-DR,20,0,20,台新-建北,2023-12-19,8151
6477,安集,20,0,20,台新-建北,2023-12-19,8151
1213,大飲,20,0,20,台新-建北,2023-12-19,8151
2357,華碩,23,4,19,台新-建北,2023-12-19,8151
5351,鈺創,36,18,18,台新-建北,2023-12-19,8151
00915,凱基優選高股息30,17,0,17,台新-建北,2023-12-19,8151
6248,沛波,17,0,17,台新-建北,2023-12-19,8151
3552,同致,17,0,17,台新-建北,2023-12-19,8151
00679B,元大美債20年,47,30,17,台新-建北,2023-12-19,8151
2606,裕民,43,27,16,台新-建北,2023-12-19,8151
3260,威剛,16,0,16,台新-建北,2023-12-19,8151
2369,菱生,16,0,16,台新-建北,2023-12-19,8151
2834,臺企銀,15,0,15,台新-建北,2023-12-19,8151
2605,新興,38,23,15,台新-建北,2023-12-19,8151
00918,大華優利高填息30,334,0,334,台新-建北,2023-12-20,8151
8936,國統,140,20,120,台新-建北,2023-12-20,8151
00931B,統一美債20年,120,4,116,台新-建北,2023-12-20,8151
2515,中工,181,74,107,台新-建北,2023-12-20,8151
2353,宏��,348,241,107,台新-建北,2023-12-20,8151
5515,建國,105,2,103,台新-建北,2023-12-20,8151
2356,英業達,712,615,97,台新-建北,2023-12-20,8151
00919,群益台灣精選高息,105,20,85,台新-建北,2023-12-20,8151
00937B,群益ESG投等債20,75,11,64,台新-建北,2023-12-20,8151
1301,台塑,50,0,50,台新-建北,2023-12-20,8151
2618,長榮航,47,1,46,台新-建北,2023-12-20,8151
2368,金像電,47,7,40,台新-建北,2023-12-20,8151
8085,福華,95,58,37,台新-建北,2023-12-20,8151
8028,昇陽半導體,38,2,36,台新-建北,2023-12-20,8151
3037,欣興,44,9,35,台新-建北,2023-12-20,8151
00687B,國泰20年美債,34,1,33,台新-建北,2023-12-20,8151
8033,雷虎,31,0,31,台新-建北,2023-12-20,8151
2312,金寶,64,34,30,台新-建北,2023-12-20,8151
2634,漢翔,30,0,30,台新-建北,2023-12-20,8151
9919,康那香,29,0,29,台新-建北,2023-12-20,8151
3444,利機,36,10,26,台新-建北,2023-12-20,8151
2891,中信金,31,6,25,台新-建北,2023-12-20,8151
4967,十銓,25,0,25,台新-建北,2023-12-20,8151
2331,精英,55,30,25,台新-建北,2023-12-20,8151
2002,中鋼,30,6,24,台新-建北,2023-12-20,8151
00923,群益台ESG低碳50,21,0,21,台新-建北,2023-12-20,8151
1532,勤美,20,0,20,台新-建北,2023-12-20,8151
5426,振發,26,8,18,台新-建北,2023-12-20,8151
2377,微星,24,6,18,台新-建北,2023-12-20,8151
8011,台通,32,15,17,台新-建北,2023-12-20,8151
2324,仁寶,677,660,17,台新-建北,2023-12-20,8151
00679B,元大美債20年,41,25,16,台新-建北,2023-12-20,8151
3324,雙鴻,22,6,16,台新-建北,2023-12-20,8151
8150,南茂,16,0,16,台新-建北,2023-12-20,8151
00688L,國泰20年美債正2,17,2,15,台新-建北,2023-12-20,8151
2889,國票金,15,0,15,台新-建北,2023-12-20,8151
6278,台表科,15,0,15,台新-建北,2023-12-20,8151
1612,宏泰,16,1,15,台新-建北,2023-12-20,8151
1905,華紙,22,8,14,台新-建北,2023-12-20,8151
00712,復華富時不動產,23,10,13,台新-建北,2023-12-20,8151
00632R,元大台灣50反1,12,0,12,台新-建北,2023-12-20,8151
2357,華碩,69,57,12,台新-建北,2023-12-20,8151
00637L,元大滬深300正2,16,5,11,台新-建北,2023-12-20,8151
6538,倉和,11,0,11,台新-建北,2023-12-20,8151
00773B,中信優先金融債,11,0,11,台新-建北,2023-12-20,8151
6182,合晶,31,20,11,台新-建北,2023-12-20,8151
2887,台新金,22,11,11,台新-建北,2023-12-20,8151
00933B,國泰10Y+金融債,10,0,10,台新-建北,2023-12-20,8151
3035,智原,25,15,10,台新-建北,2023-12-20,8151
2882A,國泰特,10,0,10,台新-建北,2023-12-20,8151
2344,華邦電,278,15,263,台新-建北,2023-12-21,8151
9105,泰金寶-DR,281,58,223,台新-建北,2023-12-21,8151
00712,復華富時不動產,227,10,217,台新-建北,2023-12-21,8151
00919,群益台灣精選高息,191,6,185,台新-建北,2023-12-21,8151
2324,仁寶,345,165,180,台新-建北,2023-12-21,8151
2362,藍天,141,4,137,台新-建北,2023-12-21,8151
5608,四維航,158,52,106,台新-建北,2023-12-21,8151
2353,宏��,208,109,99,台新-建北,2023-12-21,8151
00929,復華台灣科技優息,106,35,71,台新-建北,2023-12-21,8151
2357,華碩,106,39,67,台新-建北,2023-12-21,8151
00634R,富邦上証反1,60,0,60,台新-建北,2023-12-21,8151
1217,愛之味,56,0,56,台新-建北,2023-12-21,8151
00931B,統一美債20年,54,0,54,台新-建北,2023-12-21,8151
00651R,復華香港反1,40,0,40,台新-建北,2023-12-21,8151
00679B,元大美債20年,37,2,35,台新-建北,2023-12-21,8151
2515,中工,246,213,33,台新-建北,2023-12-21,8151
8054,安國,112,82,30,台新-建北,2023-12-21,8151
5515,建國,29,0,29,台新-建北,2023-12-21,8151
2603,長榮,160,135,25,台新-建北,2023-12-21,8151
2615,萬海,232,210,22,台新-建北,2023-12-21,8151
2354,鴻準,20,0,20,台新-建北,2023-12-21,8151
1732,毛寶,166,146,20,台新-建北,2023-12-21,8151
2486,一詮,25,5,20,台新-建北,2023-12-21,8151
2885,元大金,20,0,20,台新-建北,2023-12-21,8151
1325,恆大,77,58,19,台新-建北,2023-12-21,8151
2605,新興,24,5,19,台新-建北,2023-12-21,8151
9910,豐泰,19,1,18,台新-建北,2023-12-21,8151
5425,台半,79,61,18,台新-建北,2023-12-21,8151
2834,臺企銀,16,0,16,台新-建北,2023-12-21,8151
8936,國統,22,6,16,台新-建北,2023-12-21,8151
3545,敦泰,17,3,14,台新-建北,2023-12-21,8151
2636,台驊控股,95,82,13,台新-建北,2023-12-21,8151
2467,志聖,13,0,13,台新-建北,2023-12-21,8151
1795,美時,32,20,12,台新-建北,2023-12-21,8151
00675L,富邦臺灣加權正2,12,0,12,台新-建北,2023-12-21,8151
2014,中鴻,67,55,12,台新-建北,2023-12-21,8151
00642U,期元大S＆P石油,12,0,12,台新-建北,2023-12-21,8151
2038,海光,87,75,12,台新-建北,2023-12-21,8151
020039,元大加權N,12,0,12,台新-建北,2023-12-21,8151
2303,聯電,13,2,11,台新-建北,2023-12-21,8151
3029,零壹,11,0,11,台新-建北,2023-12-21,8151
4737,華廣,12,1,11,台新-建北,2023-12-21,8151
6668,中揚光,16,5,11,台新-建北,2023-12-21,8151
3706,神達,22,11,11,台新-建北,2023-12-21,8151
5344,立衛,12,1,11,台新-建北,2023-12-21,8151
8131,福懋科,11,0,11,台新-建北,2023-12-21,8151
8088,品安,11,0,11,台新-建北,2023-12-21,8151
2383,台光電,12,2,10,台新-建北,2023-12-21,8151
1102,亞泥,23,13,10,台新-建北,2023-12-21,8151
2371,大同,53,43,10,台新-建北,2023-12-21,8151
00687B,國泰20年美債,348,50,298,台新-建北,2023-12-22,8151
00918,大華優利高填息30,200,0,200,台新-建北,2023-12-22,8151
8936,國統,195,47,148,台新-建北,2023-12-22,8151
00919,群益台灣精選高息,153,10,143,台新-建北,2023-12-22,8151
2353,宏��,388,260,128,台新-建北,2023-12-22,8151
00712,復華富時不動產,106,4,102,台新-建北,2023-12-22,8151
1102,亞泥,101,0,101,台新-建北,2023-12-22,8151
00680L,元大美債20正2,91,0,91,台新-建北,2023-12-22,8151
00862B,中信投資級公司債,80,0,80,台新-建北,2023-12-22,8151
00688L,國泰20年美債正2,73,4,69,台新-建北,2023-12-22,8151
2312,金寶,65,0,65,台新-建北,2023-12-22,8151
00931B,統一美債20年,72,12,60,台新-建北,2023-12-22,8151
2105,正新,54,1,53,台新-建北,2023-12-22,8151
2331,精英,67,18,49,台新-建北,2023-12-22,8151
8112,至上,53,10,43,台新-建北,2023-12-22,8151
2618,長榮航,81,45,36,台新-建北,2023-12-22,8151
2376,技嘉,51,16,35,台新-建北,2023-12-22,8151
9105,泰金寶-DR,40,5,35,台新-建北,2023-12-22,8151
2610,華航,54,22,32,台新-建北,2023-12-22,8151
3231,緯創,73,46,27,台新-建北,2023-12-22,8151
2356,英業達,148,124,24,台新-建北,2023-12-22,8151
2201,裕隆,36,14,22,台新-建北,2023-12-22,8151
2303,聯電,28,6,22,台新-建北,2023-12-22,8151
6477,安集,22,0,22,台新-建北,2023-12-22,8151
3284,太普高,22,0,22,台新-建北,2023-12-22,8151
6799,來頡,35,16,19,台新-建北,2023-12-22,8151
3481,群創,70,51,19,台新-建北,2023-12-22,8151
00713,元大台灣高息低波,19,0,19,台新-建北,2023-12-22,8151
2313,華通,18,2,16,台新-建北,2023-12-22,8151
2357,華碩,32,16,16,台新-建北,2023-12-22,8151
2324,仁寶,59,44,15,台新-建北,2023-12-22,8151
2409,友達,31,16,15,台新-建北,2023-12-22,8151
1513,中興電,22,8,14,台新-建北,2023-12-22,8151
9919,康那香,26,12,14,台新-建北,2023-12-22,8151
2344,華邦電,129,115,14,台新-建北,2023-12-22,8151
8131,福懋科,14,0,14,台新-建北,2023-12-22,8151
00772B,中信高評級公司債,13,0,13,台新-建北,2023-12-22,8151
4967,十銓,24,11,13,台新-建北,2023-12-22,8151
4951,精拓科,13,0,13,台新-建北,2023-12-22,8151
1524,耿鼎,15,3,12,台新-建北,2023-12-22,8151
2605,新興,21,9,12,台新-建北,2023-12-22,8151
2405,輔信,21,10,11,台新-建北,2023-12-22,8151
2323,中環,26,15,11,台新-建北,2023-12-22,8151
1612,宏泰,11,0,11,台新-建北,2023-12-22,8151
6016,康和證,11,0,11,台新-建北,2023-12-22,8151
2363,矽統,11,0,11,台新-建北,2023-12-22,8151
3178,公準,11,0,11,台新-建北,2023-12-22,8151
0056,元大高股息,11,1,10,台新-建北,2023-12-22,8151
3357,臺慶科,10,0,10,台新-建北,2023-12-22,8151
6170,統振,10,0,10,台新-建北,2023-12-22,8151
3481,群創,499,44,455,台新-建北,2023-12-25,8151
9105,泰金寶-DR,143,1,142,台新-建北,2023-12-25,8151
00919,群益台灣精選高息,128,2,126,台新-建北,2023-12-25,8151
2014,中鴻,202,99,103,台新-建北,2023-12-25,8151
2609,陽明,257,157,100,台新-建北,2023-12-25,8151
00687B,國泰20年美債,105,9,96,台新-建北,2023-12-25,8151
6288,聯嘉,55,0,55,台新-建北,2023-12-25,8151
1612,宏泰,53,0,53,台新-建北,2023-12-25,8151
00679B,元大美債20年,51,0,51,台新-建北,2023-12-25,8151
00688L,國泰20年美債正2,51,0,51,台新-建北,2023-12-25,8151
3041,揚智,57,7,50,台新-建北,2023-12-25,8151
6116,彩晶,44,0,44,台新-建北,2023-12-25,8151
2356,英業達,256,216,40,台新-建北,2023-12-25,8151
1609,大亞,51,12,39,台新-建北,2023-12-25,8151
2515,中工,42,3,39,台新-建北,2023-12-25,8151
3013,晟銘電,49,15,34,台新-建北,2023-12-25,8151
2538,基泰,30,0,30,台新-建北,2023-12-25,8151
5426,振發,29,0,29,台新-建北,2023-12-25,8151
1308,亞聚,35,6,29,台新-建北,2023-12-25,8151
2606,裕民,31,4,27,台新-建北,2023-12-25,8151
8112,至上,29,2,27,台新-建北,2023-12-25,8151
9962,有益,23,0,23,台新-建北,2023-12-25,8151
8033,雷虎,21,1,20,台新-建北,2023-12-25,8151
2603,長榮,157,138,19,台新-建北,2023-12-25,8151
00772B,中信高評級公司債,23,5,18,台新-建北,2023-12-25,8151
2637,慧洋-KY,22,5,17,台新-建北,2023-12-25,8151
3147,大綜,16,0,16,台新-建北,2023-12-25,8151
2362,藍天,22,6,16,台新-建北,2023-12-25,8151
6461,益得,16,0,16,台新-建北,2023-12-25,8151
00933B,國泰10Y+金融債,16,0,16,台新-建北,2023-12-25,8151
8050,廣積,15,0,15,台新-建北,2023-12-25,8151
6477,安集,15,0,15,台新-建北,2023-12-25,8151
5269,祥碩,16,1,15,台新-建北,2023-12-25,8151
6278,台表科,15,0,15,台新-建北,2023-12-25,8151
00937B,群益ESG投等債20,26,12,14,台新-建北,2023-12-25,8151
5425,台半,197,183,14,台新-建北,2023-12-25,8151
2913,農林,14,0,14,台新-建北,2023-12-25,8151
6799,來頡,18,4,14,台新-建北,2023-12-25,8151
00751B,元大AAA至A公司債,19,6,13,台新-建北,2023-12-25,8151
2467,志聖,13,0,13,台新-建北,2023-12-25,8151
00918,大華優利高填息30,15,2,13,台新-建北,2023-12-25,8151
3005,神基,23,11,12,台新-建北,2023-12-25,8151
8054,安國,18,6,12,台新-建北,2023-12-25,8151
2059,川湖,14,2,12,台新-建北,2023-12-25,8151
2421,建準,94,82,12,台新-建北,2023-12-25,8151
00934,中信成長高股息,11,0,11,台新-建北,2023-12-25,8151
3211,順達,14,3,11,台新-建北,2023-12-25,8151
00752,中信中國50,11,0,11,台新-建北,2023-12-25,8151
2337,旺宏,13,2,11,台新-建北,2023-12-25,8151
2357,華碩,39,28,11,台新-建北,2023-12-25,8151
00918,大華優利高填息30,120,0,120,台新-建北,2023-12-26,8151
2867,三商壽,100,0,100,台新-建北,2023-12-26,8151
6116,彩晶,135,46,89,台新-建北,2023-12-26,8151
00632R,元大台灣50反1,88,0,88,台新-建北,2023-12-26,8151
2324,仁寶,334,264,70,台新-建北,2023-12-26,8151
6288,聯嘉,60,5,55,台新-建北,2023-12-26,8151
00933B,國泰10Y+金融債,54,0,54,台新-建北,2023-12-26,8151
2408,南亞科,61,13,48,台新-建北,2023-12-26,8151
2417,圓剛,41,1,40,台新-建北,2023-12-26,8151
5206,坤悅,40,1,39,台新-建北,2023-12-26,8151
2610,華航,90,51,39,台新-建北,2023-12-26,8151
8028,昇陽半導體,39,2,37,台新-建北,2023-12-26,8151
3231,緯創,81,44,37,台新-建北,2023-12-26,8151
2405,輔信,89,53,36,台新-建北,2023-12-26,8151
5426,振發,35,1,34,台新-建北,2023-12-26,8151
2362,藍天,35,4,31,台新-建北,2023-12-26,8151
2618,長榮航,43,15,28,台新-建北,2023-12-26,8151
00937B,群益ESG投等債20,28,0,28,台新-建北,2023-12-26,8151
00931B,統一美債20年,26,0,26,台新-建北,2023-12-26,8151
00934,中信成長高股息,26,0,26,台新-建北,2023-12-26,8151
2609,陽明,282,258,24,台新-建北,2023-12-26,8151
1319,東陽,22,0,22,台新-建北,2023-12-26,8151
00706L,期元大S＆P日圓正2,25,3,22,台新-建北,2023-12-26,8151
2357,華碩,32,12,20,台新-建北,2023-12-26,8151
1513,中興電,21,2,19,台新-建北,2023-12-26,8151
2515,中工,21,2,19,台新-建北,2023-12-26,8151
6550,北極星藥業-KY,20,4,16,台新-建北,2023-12-26,8151
3346,麗清,49,33,16,台新-建北,2023-12-26,8151
4961,天鈺,15,0,15,台新-建北,2023-12-26,8151
9105,泰金寶-DR,15,0,15,台新-建北,2023-12-26,8151
00688L,國泰20年美債正2,15,0,15,台新-建北,2023-12-26,8151
00936,台新永續高息中小,35,20,15,台新-建北,2023-12-26,8151
00935,野村臺灣新科技50,14,0,14,台新-建北,2023-12-26,8151
6005,群益證,12,0,12,台新-建北,2023-12-26,8151
2353,宏��,307,294,13,台新-建北,2023-12-26,8151
9934,成霖,12,0,12,台新-建北,2023-12-26,8151
5871,中租-KY,12,1,11,台新-建北,2023-12-26,8151
00720B,元大投資級公司債,11,0,11,台新-建北,2023-12-26,8151
6245,立端,14,3,11,台新-建北,2023-12-26,8151
2607,榮運,10,0,10,台新-建北,2023-12-26,8151
2543,皇昌,10,0,10,台新-建北,2023-12-26,8151
1455,集盛,10,0,10,台新-建北,2023-12-26,8151
8936,國統,47,37,10,台新-建北,2023-12-26,8151
6176,瑞儀,10,0,10,台新-建北,2023-12-26,8151
1802,台玻,10,0,10,台新-建北,2023-12-26,8151
2897,王道銀行,10,0,10,台新-建北,2023-12-26,8151
2377,微星,16,6,10,台新-建北,2023-12-26,8151
3325,旭品,21,12,9,台新-建北,2023-12-26,8151
6462,神盾,29,20,9,台新-建北,2023-12-26,8151
3715,定穎投控,19,10,9,台新-建北,2023-12-26,8151
4971,IET-KY,246,0,246,台新-建北,2023-12-27,8151
8936,國統,301,82,219,台新-建北,2023-12-27,8151
2353,宏��,511,358,153,台新-建北,2023-12-27,8151
00687B,國泰20年美債,126,1,125,台新-建北,2023-12-27,8151
00937B,群益ESG投等債20,164,40,124,台新-建北,2023-12-27,8151
00632R,元大台灣50反1,111,0,111,台新-建北,2023-12-27,8151
1605,華新,111,14,97,台新-建北,2023-12-27,8151
2324,仁寶,400,319,81,台新-建北,2023-12-27,8151
6509,聚和,74,0,74,台新-建北,2023-12-27,8151
9934,成霖,76,2,74,台新-建北,2023-12-27,8151
00931B,統一美債20年,72,0,72,台新-建北,2023-12-27,8151
6231,系微,87,22,65,台新-建北,2023-12-27,8151
2408,南亞科,74,13,61,台新-建北,2023-12-27,8151
2382,廣達,74,18,56,台新-建北,2023-12-27,8151
2421,建準,68,12,56,台新-建北,2023-12-27,8151
8105,凌巨,50,0,50,台新-建北,2023-12-27,8151
00706L,期元大S＆P日圓正2,50,0,50,台新-建北,2023-12-27,8151
00919,群益台灣精選高息,56,10,46,台新-建北,2023-12-27,8151
3481,群創,116,76,40,台新-建北,2023-12-27,8151
3305,昇貿,52,19,33,台新-建北,2023-12-27,8151
2610,華航,36,5,31,台新-建北,2023-12-27,8151
8088,品安,31,0,31,台新-建北,2023-12-27,8151
6416,瑞祺電通,39,9,30,台新-建北,2023-12-27,8151
2331,精英,29,0,29,台新-建北,2023-12-27,8151
5530,龍巖,27,0,27,台新-建北,2023-12-27,8151
2409,友達,43,18,25,台新-建北,2023-12-27,8151
3376,新日興,34,9,25,台新-建北,2023-12-27,8151
2344,華邦電,55,32,23,台新-建北,2023-12-27,8151
1312,國喬,20,0,20,台新-建北,2023-12-27,8151
6477,安集,17,0,17,台新-建北,2023-12-27,8151
00651R,復華香港反1,17,0,17,台新-建北,2023-12-27,8151
00679B,元大美債20年,18,1,17,台新-建北,2023-12-27,8151
3532,台勝科,21,5,16,台新-建北,2023-12-27,8151
2369,菱生,44,30,14,台新-建北,2023-12-27,8151
2515,中工,20,6,14,台新-建北,2023-12-27,8151
2388,威盛,18,4,14,台新-建北,2023-12-27,8151
6667,信紘科,23,10,13,台新-建北,2023-12-27,8151
2355,敬鵬,13,0,13,台新-建北,2023-12-27,8151
8028,昇陽半導體,13,0,13,台新-建北,2023-12-27,8151
4743,合一,14,1,13,台新-建北,2023-12-27,8151
4979,華星光,20,8,12,台新-建北,2023-12-27,8151
1519,華城,39,27,12,台新-建北,2023-12-27,8151
1909,榮成,14,2,12,台新-建北,2023-12-27,8151
2101,南港,13,1,12,台新-建北,2023-12-27,8151
5521,工信,15,3,12,台新-建北,2023-12-27,8151
2405,輔信,144,132,12,台新-建北,2023-12-27,8151
2357,華碩,49,37,12,台新-建北,2023-12-27,8151
1319,東陽,11,0,11,台新-建北,2023-12-27,8151
2882A,國泰特,10,0,10,台新-建北,2023-12-27,8151
5269,祥碩,11,1,10,台新-建北,2023-12-27,8151
2344,華邦電,868,371,497,台新-建北,2023-12-28,8151
2353,宏��,710,470,240,台新-建北,2023-12-28,8151
1609,大亞,243,29,214,台新-建北,2023-12-28,8151
00937B,群益ESG投等債20,209,13,196,台新-建北,2023-12-28,8151
4971,IET-KY,193,2,191,台新-建北,2023-12-28,8151
00919,群益台灣精選高息,153,4,149,台新-建北,2023-12-28,8151
00687B,國泰20年美債,117,5,112,台新-建北,2023-12-28,8151
2323,中環,103,4,99,台新-建北,2023-12-28,8151
00918,大華優利高填息30,73,0,73,台新-建北,2023-12-28,8151
00680L,元大美債20正2,63,0,63,台新-建北,2023-12-28,8151
006206,元大上證50,65,5,60,台新-建北,2023-12-28,8151
8011,台通,87,27,60,台新-建北,2023-12-28,8151
2634,漢翔,67,9,58,台新-建北,2023-12-28,8151
2352,佳世達,157,101,56,台新-建北,2023-12-28,8151
00929,復華台灣科技優息,57,2,55,台新-建北,2023-12-28,8151
1514,亞力,303,251,52,台新-建北,2023-12-28,8151
2882,國泰金,51,1,50,台新-建北,2023-12-28,8151
2867,三商壽,50,0,50,台新-建北,2023-12-28,8151
2436,偉詮電,106,64,42,台新-建北,2023-12-28,8151
1319,東陽,47,5,42,台新-建北,2023-12-28,8151
1538,正峰,40,0,40,台新-建北,2023-12-28,8151
00715L,期街口布蘭特正2,38,0,38,台新-建北,2023-12-28,8151
8096,擎亞,59,23,36,台新-建北,2023-12-28,8151
2606,裕民,32,0,32,台新-建北,2023-12-28,8151
1503,士電,43,14,29,台新-建北,2023-12-28,8151
5426,振發,62,35,27,台新-建北,2023-12-28,8151
2365,昆盈,31,5,26,台新-建北,2023-12-28,8151
00681R,元大美債20反1,25,0,25,台新-建北,2023-12-28,8151
2382,廣達,46,22,24,台新-建北,2023-12-28,8151
00636,國泰中國A50,24,0,24,台新-建北,2023-12-28,8151
00891,中信關鍵半導體,22,0,22,台新-建北,2023-12-28,8151
2617,台航,22,0,22,台新-建北,2023-12-28,8151
1513,中興電,63,41,22,台新-建北,2023-12-28,8151
3231,緯創,608,588,20,台新-建北,2023-12-28,8151
9105,泰金寶-DR,20,0,20,台新-建北,2023-12-28,8151
6546,正基,22,2,20,台新-建北,2023-12-28,8151
2368,金像電,22,2,20,台新-建北,2023-12-28,8151
1504,東元,32,12,20,台新-建北,2023-12-28,8151
2357,華碩,25,5,20,台新-建北,2023-12-28,8151
4979,華星光,38,20,18,台新-建北,2023-12-28,8151
2887,台新金,26,10,16,台新-建北,2023-12-28,8151
00772B,中信高評級公司債,31,15,16,台新-建北,2023-12-28,8151
00923,群益台ESG低碳50,16,0,16,台新-建北,2023-12-28,8151
6416,瑞祺電通,26,11,15,台新-建北,2023-12-28,8151
1618,合機,36,22,14,台新-建北,2023-12-28,8151
6282,康舒,13,0,13,台新-建北,2023-12-28,8151
2609,陽明,106,93,13,台新-建北,2023-12-28,8151
5521,工信,13,0,13,台新-建北,2023-12-28,8151
1312,國喬,13,0,13,台新-建北,2023-12-28,8151
2615,萬海,12,0,12,台新-建北,2023-12-28,8151
5521,工信,293,2,291,台新-建北,2023-12-29,8151
4971,IET-KY,240,11,229,台新-建北,2023-12-29,8151
2515,中工,252,47,205,台新-建北,2023-12-29,8151
00937B,群益ESG投等債20,163,2,161,台新-建北,2023-12-29,8151
2353,宏��,367,216,151,台新-建北,2023-12-29,8151
2324,仁寶,277,153,124,台新-建北,2023-12-29,8151
1609,大亞,101,6,95,台新-建北,2023-12-29,8151
00687B,國泰20年美債,91,0,91,台新-建北,2023-12-29,8151
2609,陽明,123,38,85,台新-建北,2023-12-29,8151
1603,華電,100,20,80,台新-建北,2023-12-29,8151
00929,復華台灣科技優息,66,6,60,台新-建北,2023-12-29,8151
00751B,元大AAA至A公司債,58,0,58,台新-建北,2023-12-29,8151
6756,威鋒電子,56,1,55,台新-建北,2023-12-29,8151
00715L,期街口布蘭特正2,44,0,44,台新-建北,2023-12-29,8151
00919,群益台灣精選高息,42,1,41,台新-建北,2023-12-29,8151
00679B,元大美債20年,55,21,34,台新-建北,2023-12-29,8151
8936,國統,55,23,32,台新-建北,2023-12-29,8151
00931B,統一美債20年,31,0,31,台新-建北,2023-12-29,8151
00891,中信關鍵半導體,31,0,31,台新-建北,2023-12-29,8151
4906,正文,30,0,30,台新-建北,2023-12-29,8151
2537,聯上發,30,1,29,台新-建北,2023-12-29,8151
1616,億泰,35,6,29,台新-建北,2023-12-29,8151
8011,台通,28,1,27,台新-建北,2023-12-29,8151
2409,友達,40,14,26,台新-建北,2023-12-29,8151
1503,士電,65,41,24,台新-建北,2023-12-29,8151
2929,淘帝-KY,23,0,23,台新-建北,2023-12-29,8151
5426,振發,39,16,23,台新-建北,2023-12-29,8151
3444,利機,27,7,20,台新-建北,2023-12-29,8151
2365,昆盈,22,2,20,台新-建北,2023-12-29,8151
1586,和勤,20,0,20,台新-建北,2023-12-29,8151
3450,聯鈞,23,3,20,台新-建北,2023-12-29,8151
2331,精英,46,27,19,台新-建北,2023-12-29,8151
00902,中信電池及儲能,22,3,19,台新-建北,2023-12-29,8151
3260,威剛,50,31,19,台新-建北,2023-12-29,8151
1504,東元,31,16,15,台新-建北,2023-12-29,8151
1905,華紙,13,0,13,台新-建北,2023-12-29,8151
1785,光洋科,13,0,13,台新-建北,2023-12-29,8151
5225,東科-KY,12,0,12,台新-建北,2023-12-29,8151
00857B,永豐20年美公債,11,0,11,台新-建北,2023-12-29,8151
9802,鈺齊-KY,11,0,11,台新-建北,2023-12-29,8151
6116,彩晶,11,0,11,台新-建北,2023-12-29,8151
2313,華通,13,2,11,台新-建北,2023-12-29,8151
2356,英業達,56,45,11,台新-建北,2023-12-29,8151
2354,鴻準,10,0,10,台新-建北,2023-12-29,8151
3706,神達,34,24,10,台新-建北,2023-12-29,8151
6170,統振,10,0,10,台新-建北,2023-12-29,8151
2443,昶虹,10,0,10,台新-建北,2023-12-29,8151
9958,世紀鋼,10,0,10,台新-建北,2023-12-29,8151
2892,第一金,10,0,10,台新-建北,2023-12-29,8151
3548,兆利,17,8,9,台新-建北,2023-12-29,8151
2884,玉山金,171,0,171,台新-建北,2024-01-02,8151
00937B,群益ESG投等債20,152,0,152,台新-建北,2024-01-02,8151
2362,藍天,135,37,98,台新-建北,2024-01-02,8151
00712,復華富時不動產,85,0,85,台新-建北,2024-01-02,8151
00919,群益台灣精選高息,84,2,82,台新-建北,2024-01-02,8151
00929,復華台灣科技優息,74,1,73,台新-建北,2024-01-02,8151
00687B,國泰20年美債,72,13,59,台新-建北,2024-01-02,8151
2618,長榮航,242,186,56,台新-建北,2024-01-02,8151
3231,緯創,531,476,55,台新-建北,2024-01-02,8151
5206,坤悅,70,19,51,台新-建北,2024-01-02,8151
2356,英業達,80,29,51,台新-建北,2024-01-02,8151
00878,國泰永續高股息,56,7,49,台新-建北,2024-01-02,8151
2324,仁寶,478,431,47,台新-建北,2024-01-02,8151
00918,大華優利高填息30,45,4,41,台新-建北,2024-01-02,8151
2357,華碩,41,1,40,台新-建北,2024-01-02,8151
5521,工信,92,58,34,台新-建北,2024-01-02,8151
00934,中信成長高股息,34,1,33,台新-建北,2024-01-02,8151
3706,神達,37,6,31,台新-建北,2024-01-02,8151
3052,夆典,30,0,30,台新-建北,2024-01-02,8151
2014,中鴻,30,0,30,台新-建北,2024-01-02,8151
2636,台驊控股,39,11,28,台新-建北,2024-01-02,8151
2543,皇昌,30,3,27,台新-建北,2024-01-02,8151
3017,奇鋐,35,10,25,台新-建北,2024-01-02,8151
00935,野村臺灣新科技50,25,0,25,台新-建北,2024-01-02,8151
1210,大成,26,2,24,台新-建北,2024-01-02,8151
1213,大飲,20,0,20,台新-建北,2024-01-02,8151
3024,憶聲,19,0,19,台新-建北,2024-01-02,8151
00720B,元大投資級公司債,19,0,19,台新-建北,2024-01-02,8151
2409,友達,28,9,19,台新-建北,2024-01-02,8151
2515,中工,49,31,18,台新-建北,2024-01-02,8151
2377,微星,63,47,16,台新-建北,2024-01-02,8151
2727,王品,21,5,16,台新-建北,2024-01-02,8151
2607,榮運,16,0,16,台新-建北,2024-01-02,8151
00679B,元大美債20年,20,4,16,台新-建北,2024-01-02,8151
9904,寶成,15,0,15,台新-建北,2024-01-02,8151
00931B,統一美債20年,16,1,15,台新-建北,2024-01-02,8151
5269,祥碩,15,0,15,台新-建北,2024-01-02,8151
0056,元大高股息,22,8,14,台新-建北,2024-01-02,8151
3035,智原,19,5,14,台新-建北,2024-01-02,8151
00651R,復華香港反1,14,0,14,台新-建北,2024-01-02,8151
2303,聯電,24,11,13,台新-建北,2024-01-02,8151
4168,醣聯,12,0,12,台新-建北,2024-01-02,8151
9941,裕融,11,0,11,台新-建北,2024-01-02,8151
00881,國泰台灣5G+,11,0,11,台新-建北,2024-01-02,8151
3217,優群,17,6,11,台新-建北,2024-01-02,8151
3443,創意,11,1,10,台新-建北,2024-01-02,8151
0050,元大台灣50,11,1,10,台新-建北,2024-01-02,8151
00862B,中信投資級公司債,10,0,10,台新-建北,2024-01-02,8151
4712,福格創新,10,0,10,台新-建北,2024-01-02,8151
2476,鉅祥,10,0,10,台新-建北,2024-01-02,8151
00715L,期街口布蘭特正2,116,0,116,台新-建北,2024-01-03,8151
00929,復華台灣科技優息,119,4,115,台新-建北,2024-01-03,8151
2537,聯上發,110,3,107,台新-建北,2024-01-03,8151
6770,力積電,112,10,102,台新-建北,2024-01-03,8151
00919,群益台灣精選高息,118,20,98,台新-建北,2024-01-03,8151
00878,國泰永續高股息,110,20,90,台新-建北,2024-01-03,8151
2353,宏��,707,633,74,台新-建北,2024-01-03,8151
00937B,群益ESG投等債20,47,0,47,台新-建北,2024-01-03,8151
1325,恆大,92,45,47,台新-建北,2024-01-03,8151
2330,台積電,62,16,46,台新-建北,2024-01-03,8151
3481,群創,54,12,42,台新-建北,2024-01-03,8151
2609,陽明,262,222,40,台新-建北,2024-01-03,8151
2618,長榮航,109,69,40,台新-建北,2024-01-03,8151
1514,亞力,101,66,35,台新-建北,2024-01-03,8151
3006,晶豪科,43,10,33,台新-建北,2024-01-03,8151
00712,復華富時不動產,32,0,32,台新-建北,2024-01-03,8151
6416,瑞祺電通,38,6,32,台新-建北,2024-01-03,8151
0056,元大高股息,59,27,32,台新-建北,2024-01-03,8151
2344,華邦電,57,26,31,台新-建北,2024-01-03,8151
3051,力特,31,0,31,台新-建北,2024-01-03,8151
2801,彰銀,31,0,31,台新-建北,2024-01-03,8151
3032,偉訓,33,2,31,台新-建北,2024-01-03,8151
00720B,元大投資級公司債,32,2,30,台新-建北,2024-01-03,8151
9105,泰金寶-DR,30,0,30,台新-建北,2024-01-03,8151
6546,正基,31,2,29,台新-建北,2024-01-03,8151
1605,華新,40,11,29,台新-建北,2024-01-03,8151
6231,系微,27,0,27,台新-建北,2024-01-03,8151
2889,國票金,26,0,26,台新-建北,2024-01-03,8151
3706,神達,27,2,25,台新-建北,2024-01-03,8151
1795,美時,30,7,23,台新-建北,2024-01-03,8151
0050,元大台灣50,24,1,23,台新-建北,2024-01-03,8151
1102,亞泥,32,10,22,台新-建北,2024-01-03,8151
00934,中信成長高股息,28,6,22,台新-建北,2024-01-03,8151
00933B,國泰10Y+金融債,22,0,22,台新-建北,2024-01-03,8151
6223,旺矽,45,23,22,台新-建北,2024-01-03,8151
2501,國建,24,3,21,台新-建北,2024-01-03,8151
2352,佳世達,33,12,21,台新-建北,2024-01-03,8151
00936,台新永續高息中小,21,0,21,台新-建北,2024-01-03,8151
00648R,元大S＆P500反1,20,0,20,台新-建北,2024-01-03,8151
5531,鄉林,20,0,20,台新-建北,2024-01-03,8151
3483,力致,24,5,19,台新-建北,2024-01-03,8151
00753L,中信中國50正2,18,0,18,台新-建北,2024-01-03,8151
00670L,富邦NASDAQ正2,19,2,17,台新-建北,2024-01-03,8151
2103,台橡,17,0,17,台新-建北,2024-01-03,8151
1216,統一,16,0,16,台新-建北,2024-01-03,8151
2887,台新金,15,0,15,台新-建北,2024-01-03,8151
9934,成霖,20,5,15,台新-建北,2024-01-03,8151
00830,國泰費城半導體,15,0,15,台新-建北,2024-01-03,8151
3325,旭品,45,30,15,台新-建北,2024-01-03,8151
3037,欣興,18,3,15,台新-建北,2024-01-03,8151
2353,宏��,282,87,195,台新-建北,2024-01-04,8151
8936,國統,218,42,176,台新-建北,2024-01-04,8151
2883,凱基金,177,1,176,台新-建北,2024-01-04,8151
00881,國泰台灣5G+,112,0,112,台新-建北,2024-01-04,8151
00929,復華台灣科技優息,138,28,110,台新-建北,2024-01-04,8151
00712,復華富時不動產,91,0,91,台新-建北,2024-01-04,8151
00937B,群益ESG投等債20,85,0,85,台新-建北,2024-01-04,8151
1514,亞力,158,93,65,台新-建北,2024-01-04,8151
2324,仁寶,101,40,61,台新-建北,2024-01-04,8151
1612,宏泰,60,1,59,台新-建北,2024-01-04,8151
00885,富邦越南,56,0,56,台新-建北,2024-01-04,8151
2206,三陽工業,76,21,55,台新-建北,2024-01-04,8151
00688L,國泰20年美債正2,50,0,50,台新-建北,2024-01-04,8151
9105,泰金寶-DR,40,0,40,台新-建北,2024-01-04,8151
00715L,期街口布蘭特正2,100,60,40,台新-建北,2024-01-04,8151
2027,大成鋼,40,0,40,台新-建北,2024-01-04,8151
2362,藍天,110,70,40,台新-建北,2024-01-04,8151
00900,富邦特選高股息30,39,0,39,台新-建北,2024-01-04,8151
3706,神達,49,13,36,台新-建北,2024-01-04,8151
2303,聯電,35,0,35,台新-建北,2024-01-04,8151
00673R,期元大S＆P原油反1,35,0,35,台新-建北,2024-01-04,8151
00933B,國泰10Y+金融債,32,0,32,台新-建北,2024-01-04,8151
5450,南良,34,3,31,台新-建北,2024-01-04,8151
2352,佳世達,55,24,31,台新-建北,2024-01-04,8151
4919,新唐,30,0,30,台新-建北,2024-01-04,8151
00637L,元大滬深300正2,30,0,30,台新-建北,2024-01-04,8151
6231,系微,29,0,29,台新-建北,2024-01-04,8151
00706L,期元大S＆P日圓正2,27,0,27,台新-建北,2024-01-04,8151
00772B,中信高評級公司債,27,0,27,台新-建北,2024-01-04,8151
8112,至上,21,3,18,台新-建北,2024-01-04,8151
2344,華邦電,19,1,18,台新-建北,2024-01-04,8151
1519,華城,91,74,17,台新-建北,2024-01-04,8151
2357,華碩,18,2,16,台新-建北,2024-01-04,8151
6125,廣運,19,3,16,台新-建北,2024-01-04,8151
00720B,元大投資級公司債,15,0,15,台新-建北,2024-01-04,8151
2609,陽明,343,329,14,台新-建北,2024-01-04,8151
00878,國泰永續高股息,21,7,14,台新-建北,2024-01-04,8151
3217,優群,23,9,14,台新-建北,2024-01-04,8151
3032,偉訓,49,35,14,台新-建北,2024-01-04,8151
2331,精英,77,63,14,台新-建北,2024-01-04,8151
00751B,元大AAA至A公司債,13,0,13,台新-建北,2024-01-04,8151
2377,微星,14,1,13,台新-建北,2024-01-04,8151
9934,成霖,23,10,13,台新-建北,2024-01-04,8151
00935,野村臺灣新科技50,12,0,12,台新-建北,2024-01-04,8151
6180,橘子,15,3,12,台新-建北,2024-01-04,8151
6442,光聖,15,3,12,台新-建北,2024-01-04,8151
8131,福懋科,11,0,11,台新-建北,2024-01-04,8151
00918,大華優利高填息30,11,0,11,台新-建北,2024-01-04,8151
1710,東聯,11,0,11,台新-建北,2024-01-04,8151
6472,保瑞,11,1,10,台新-建北,2024-01-04,8151
00929,復華台灣科技優息,120,0,120,台新-建北,2024-01-05,8151
00919,群益台灣精選高息,83,0,83,台新-建北,2024-01-05,8151
00687B,國泰20年美債,82,0,82,台新-建北,2024-01-05,8151
00688L,國泰20年美債正2,82,3,79,台新-建北,2024-01-05,8151
00937B,群益ESG投等債20,86,8,78,台新-建北,2024-01-05,8151
2427,三商電,60,0,60,台新-建北,2024-01-05,8151
3481,群創,240,183,57,台新-建北,2024-01-05,8151
8936,國統,55,3,52,台新-建北,2024-01-05,8151
2801,彰銀,51,0,51,台新-建北,2024-01-05,8151
1605,華新,50,0,50,台新-建北,2024-01-05,8151
3362,先進光,46,2,44,台新-建北,2024-01-05,8151
2615,萬海,103,60,43,台新-建北,2024-01-05,8151
00720B,元大投資級公司債,60,20,40,台新-建北,2024-01-05,8151
2486,一詮,108,68,40,台新-建北,2024-01-05,8151
00680L,元大美債20正2,38,0,38,台新-建北,2024-01-05,8151
6213,聯茂,35,1,34,台新-建北,2024-01-05,8151
2317,鴻海,32,1,31,台新-建北,2024-01-05,8151
00651R,復華香港反1,29,0,29,台新-建北,2024-01-05,8151
00712,復華富時不動產,41,13,28,台新-建北,2024-01-05,8151
2618,長榮航,51,24,27,台新-建北,2024-01-05,8151
3390,旭軟,55,28,27,台新-建北,2024-01-05,8151
00772B,中信高評級公司債,27,1,26,台新-建北,2024-01-05,8151
2543,皇昌,30,4,26,台新-建北,2024-01-05,8151
00773B,中信優先金融債,24,0,24,台新-建北,2024-01-05,8151
2603,長榮,74,51,23,台新-建北,2024-01-05,8151
5289,宜鼎,22,0,22,台新-建北,2024-01-05,8151
00931B,統一美債20年,22,0,22,台新-建北,2024-01-05,8151
00878,國泰永續高股息,57,35,22,台新-建北,2024-01-05,8151
00897,富邦基因免疫生技,20,0,20,台新-建北,2024-01-05,8151
0050,元大台灣50,20,0,20,台新-建北,2024-01-05,8151
3706,神達,21,2,19,台新-建北,2024-01-05,8151
2387,精元,25,6,19,台新-建北,2024-01-05,8151
8046,南電,23,4,19,台新-建北,2024-01-05,8151
2609,陽明,369,351,18,台新-建北,2024-01-05,8151
00751B,元大AAA至A公司債,20,2,18,台新-建北,2024-01-05,8151
3715,定穎投控,19,1,18,台新-建北,2024-01-05,8151
2329,華泰,26,10,16,台新-建北,2024-01-05,8151
2881,富邦金,15,0,15,台新-建北,2024-01-05,8151
00923,群益台ESG低碳50,15,0,15,台新-建北,2024-01-05,8151
2344,華邦電,27,12,15,台新-建北,2024-01-05,8151
00936,台新永續高息中小,17,2,15,台新-建北,2024-01-05,8151
5425,台半,17,2,15,台新-建北,2024-01-05,8151
5608,四維航,40,26,14,台新-建北,2024-01-05,8151
4960,誠美材,13,0,13,台新-建北,2024-01-05,8151
6282,康舒,12,0,12,台新-建北,2024-01-05,8151
00753L,中信中國50正2,12,0,12,台新-建北,2024-01-05,8151
0056,元大高股息,16,4,12,台新-建北,2024-01-05,8151
00934,中信成長高股息,15,4,11,台新-建北,2024-01-05,8151
00696B,富邦美債20年,11,0,11,台新-建北,2024-01-05,8151
3489,森寶,11,0,11,台新-建北,2024-01-05,8151
2324,仁寶,478,80,398,台新-建北,2024-01-08,8151
00633L,富邦上証正2,300,13,287,台新-建北,2024-01-08,8151
2353,宏��,565,302,263,台新-建北,2024-01-08,8151
00929,復華台灣科技優息,115,1,114,台新-建北,2024-01-08,8151
00772B,中信高評級公司債,110,0,110,台新-建北,2024-01-08,8151
00687B,國泰20年美債,122,15,107,台新-建北,2024-01-08,8151
8011,台通,118,21,97,台新-建北,2024-01-08,8151
00688L,國泰20年美債正2,84,2,82,台新-建北,2024-01-08,8151
2615,萬海,124,62,62,台新-建北,2024-01-08,8151
00919,群益台灣精選高息,71,11,60,台新-建北,2024-01-08,8151
00882,中信中國高股息,74,15,59,台新-建北,2024-01-08,8151
8227,巨有科技,84,30,54,台新-建北,2024-01-08,8151
2609,陽明,229,175,54,台新-建北,2024-01-08,8151
00937B,群益ESG投等債20,53,1,52,台新-建北,2024-01-08,8151
00679B,元大美債20年,47,2,45,台新-建北,2024-01-08,8151
2427,三商電,40,0,40,台新-建北,2024-01-08,8151
6770,力積電,235,197,38,台新-建北,2024-01-08,8151
1513,中興電,35,0,35,台新-建北,2024-01-08,8151
2409,友達,118,83,35,台新-建北,2024-01-08,8151
00933B,國泰10Y+金融債,33,0,33,台新-建北,2024-01-08,8151
00931B,統一美債20年,33,1,32,台新-建北,2024-01-08,8151
9105,泰金寶-DR,30,0,30,台新-建北,2024-01-08,8151
1503,士電,37,7,30,台新-建北,2024-01-08,8151
00720B,元大投資級公司債,30,1,29,台新-建北,2024-01-08,8151
2388,威盛,107,80,27,台新-建北,2024-01-08,8151
3390,旭軟,71,48,23,台新-建北,2024-01-08,8151
00927,群益半導體收益,22,0,22,台新-建北,2024-01-08,8151
00665L,富邦�琤肭磪囓�2,49,28,21,台新-建北,2024-01-08,8151
0056,元大高股息,27,6,21,台新-建北,2024-01-08,8151
2317,鴻海,23,3,20,台新-建北,2024-01-08,8151
2486,一詮,85,65,20,台新-建北,2024-01-08,8151
4960,誠美材,20,0,20,台新-建北,2024-01-08,8151
2520,冠德,19,1,18,台新-建北,2024-01-08,8151
00904,新光臺灣半導體30,16,0,16,台新-建北,2024-01-08,8151
3006,晶豪科,17,2,15,台新-建北,2024-01-08,8151
3522,御嵿,15,0,15,台新-建北,2024-01-08,8151
2382,廣達,19,5,14,台新-建北,2024-01-08,8151
4909,新復興,22,9,13,台新-建北,2024-01-08,8151
2377,微星,16,3,13,台新-建北,2024-01-08,8151
0050,元大台灣50,13,1,12,台新-建北,2024-01-08,8151
00725B,國泰投資級公司債,11,0,11,台新-建北,2024-01-08,8151
2344,華邦電,13,2,11,台新-建北,2024-01-08,8151
3035,智原,36,25,11,台新-建北,2024-01-08,8151
00891,中信關鍵半導體,10,0,10,台新-建北,2024-01-08,8151
2365,昆盈,10,0,10,台新-建北,2024-01-08,8151
00648R,元大S＆P500反1,10,0,10,台新-建北,2024-01-08,8151
2543,皇昌,17,7,10,台新-建北,2024-01-08,8151
6239,力成,10,0,10,台新-建北,2024-01-08,8151
2505,國揚,10,0,10,台新-建北,2024-01-08,8151
00650L,復華香港正2,10,0,10,台新-建北,2024-01-08,8151
2371,大同,323,60,263,台新-建北,2024-01-09,8151
00919,群益台灣精選高息,179,18,161,台新-建北,2024-01-09,8151
2362,藍天,233,76,157,台新-建北,2024-01-09,8151
00687B,國泰20年美債,116,7,109,台新-建北,2024-01-09,8151
2324,仁寶,138,32,106,台新-建北,2024-01-09,8151
3481,群創,123,41,82,台新-建北,2024-01-09,8151
00715L,期街口布蘭特正2,66,4,62,台新-建北,2024-01-09,8151
00664R,國泰臺灣加權反1,50,0,50,台新-建北,2024-01-09,8151
3231,緯創,99,50,49,台新-建北,2024-01-09,8151
2609,陽明,268,227,41,台新-建北,2024-01-09,8151
00929,復華台灣科技優息,80,46,34,台新-建北,2024-01-09,8151
3362,先進光,33,0,33,台新-建北,2024-01-09,8151
1314,中石化,42,10,32,台新-建北,2024-01-09,8151
00679B,元大美債20年,36,7,29,台新-建北,2024-01-09,8151
00937B,群益ESG投等債20,30,3,27,台新-建北,2024-01-09,8151
5521,工信,30,4,26,台新-建北,2024-01-09,8151
2617,台航,27,1,26,台新-建北,2024-01-09,8151
2457,飛宏,28,3,25,台新-建北,2024-01-09,8151
00725B,國泰投資級公司債,25,1,24,台新-建北,2024-01-09,8151
0056,元大高股息,30,7,23,台新-建北,2024-01-09,8151
4164,承業醫,23,0,23,台新-建北,2024-01-09,8151
1538,正峰,21,0,21,台新-建北,2024-01-09,8151
3047,訊舟,20,0,20,台新-建北,2024-01-09,8151
2344,華邦電,18,0,18,台新-建北,2024-01-09,8151
2368,金像電,25,8,17,台新-建北,2024-01-09,8151
00751B,元大AAA至A公司債,17,0,17,台新-建北,2024-01-09,8151
3217,優群,22,5,17,台新-建北,2024-01-09,8151
00900,富邦特選高股息30,17,0,17,台新-建北,2024-01-09,8151
2331,精英,37,21,16,台新-建北,2024-01-09,8151
2615,萬海,58,42,16,台新-建北,2024-01-09,8151
3489,森寶,16,0,16,台新-建北,2024-01-09,8151
4906,正文,16,1,15,台新-建北,2024-01-09,8151
2002,中鋼,15,0,15,台新-建北,2024-01-09,8151
3006,晶豪科,19,4,15,台新-建北,2024-01-09,8151
3032,偉訓,28,14,14,台新-建北,2024-01-09,8151
2312,金寶,13,0,13,台新-建北,2024-01-09,8151
00770,國泰北美科技,13,0,13,台新-建北,2024-01-09,8151
3305,昇貿,12,0,12,台新-建北,2024-01-09,8151
3346,麗清,14,2,12,台新-建北,2024-01-09,8151
00651R,復華香港反1,12,0,12,台新-建北,2024-01-09,8151
00934,中信成長高股息,11,0,11,台新-建北,2024-01-09,8151
1504,東元,11,0,11,台新-建北,2024-01-09,8151
00927,群益半導體收益,11,0,11,台新-建北,2024-01-09,8151
3013,晟銘電,35,24,11,台新-建北,2024-01-09,8151
1905,華紙,11,0,11,台新-建北,2024-01-09,8151
3710,連展投控,10,0,10,台新-建北,2024-01-09,8151
2614,東森,10,0,10,台新-建北,2024-01-09,8151
2929,淘帝-KY,10,0,10,台新-建北,2024-01-09,8151
2630,亞航,10,0,10,台新-建北,2024-01-09,8151
2313,華通,18,8,10,台新-建北,2024-01-09,8151
2881,富邦金,700,33,667,台新-建北,2024-01-10,8151
2812,台中銀,102,11,91,台新-建北,2024-01-10,8151
4909,新復興,263,173,90,台新-建北,2024-01-10,8151
00919,群益台灣精選高息,86,6,80,台新-建北,2024-01-10,8151
00929,復華台灣科技優息,91,17,74,台新-建北,2024-01-10,8151
9105,泰金寶-DR,63,1,62,台新-建北,2024-01-10,8151
00679B,元大美債20年,57,0,57,台新-建北,2024-01-10,8151
0056,元大高股息,58,3,55,台新-建北,2024-01-10,8151
00632R,元大台灣50反1,50,0,50,台新-建北,2024-01-10,8151
3036,文曄,65,16,49,台新-建北,2024-01-10,8151
2409,友達,82,33,49,台新-建北,2024-01-10,8151
3481,群創,49,12,37,台新-建北,2024-01-10,8151
2883,凱基金,37,0,37,台新-建北,2024-01-10,8151
00687B,國泰20年美債,39,3,36,台新-建北,2024-01-10,8151
1532,勤美,34,0,34,台新-建北,2024-01-10,8151
2543,皇昌,35,4,31,台新-建北,2024-01-10,8151
3715,定穎投控,32,2,30,台新-建北,2024-01-10,8151
1603,華電,31,1,30,台新-建北,2024-01-10,8151
00878,國泰永續高股息,69,42,27,台新-建北,2024-01-10,8151
2352,佳世達,49,23,26,台新-建北,2024-01-10,8151
2888,新光金,25,0,25,台新-建北,2024-01-10,8151
3059,華晶科,25,0,25,台新-建北,2024-01-10,8151
1319,東陽,25,0,25,台新-建北,2024-01-10,8151
00706L,期元大S＆P日圓正2,25,0,25,台新-建北,2024-01-10,8151
00680L,元大美債20正2,23,0,23,台新-建北,2024-01-10,8151
2303,聯電,27,6,21,台新-建北,2024-01-10,8151
2301,光寶科,36,16,20,台新-建北,2024-01-10,8151
2359,所羅門,30,10,20,台新-建北,2024-01-10,8151
2889,國票金,20,0,20,台新-建北,2024-01-10,8151
2929,淘帝-KY,20,0,20,台新-建北,2024-01-10,8151
2880,華南金,20,0,20,台新-建北,2024-01-10,8151
00673R,期元大S＆P原油反1,20,0,20,台新-建北,2024-01-10,8151
2617,台航,19,0,19,台新-建北,2024-01-10,8151
00927,群益半導體收益,17,0,17,台新-建北,2024-01-10,8151
00751B,元大AAA至A公司債,16,0,16,台新-建北,2024-01-10,8151
2317,鴻海,20,4,16,台新-建北,2024-01-10,8151
1307,三芳,15,0,15,台新-建北,2024-01-10,8151
2020,美亞,15,0,15,台新-建北,2024-01-10,8151
6472,保瑞,15,1,14,台新-建北,2024-01-10,8151
2603,長榮,43,29,14,台新-建北,2024-01-10,8151
00882,中信中國高股息,14,0,14,台新-建北,2024-01-10,8151
8131,福懋科,14,0,14,台新-建北,2024-01-10,8151
00772B,中信高評級公司債,18,5,13,台新-建北,2024-01-10,8151
3078,僑威,14,1,13,台新-建北,2024-01-10,8151
2329,華泰,46,33,13,台新-建北,2024-01-10,8151
3325,旭品,16,4,12,台新-建北,2024-01-10,8151
3443,創意,16,5,11,台新-建北,2024-01-10,8151
5289,宜鼎,11,0,11,台新-建北,2024-01-10,8151
3363,上詮,13,2,11,台新-建北,2024-01-10,8151
3049,精金,11,0,11,台新-建北,2024-01-10,8151
2881,富邦金,1100,1,1099,台新-建北,2024-01-11,8151
4909,新復興,254,23,231,台新-建北,2024-01-11,8151
00919,群益台灣精選高息,217,0,217,台新-建北,2024-01-11,8151
00929,復華台灣科技優息,214,0,214,台新-建北,2024-01-11,8151
2324,仁寶,217,4,213,台新-建北,2024-01-11,8151
6462,神盾,210,42,168,台新-建北,2024-01-11,8151
00679B,元大美債20年,146,0,146,台新-建北,2024-01-11,8151
00687B,國泰20年美債,102,0,102,台新-建北,2024-01-11,8151
3287,廣寰科,157,70,87,台新-建北,2024-01-11,8151
2409,友達,105,42,63,台新-建北,2024-01-11,8151
2353,宏��,402,341,61,台新-建北,2024-01-11,8151
00770,國泰北美科技,62,2,60,台新-建北,2024-01-11,8151
2882,國泰金,56,0,56,台新-建北,2024-01-11,8151
2609,陽明,120,66,54,台新-建北,2024-01-11,8151
00688L,國泰20年美債正2,50,0,50,台新-建北,2024-01-11,8151
00710B,復華彭博非投等債,50,0,50,台新-建北,2024-01-11,8151
00932,兆豐永續高息等權,46,0,46,台新-建北,2024-01-11,8151
00927,群益半導體收益,36,0,36,台新-建北,2024-01-11,8151
2329,華泰,71,39,32,台新-建北,2024-01-11,8151
1301,台塑,30,2,28,台新-建北,2024-01-11,8151
00651R,復華香港反1,27,0,27,台新-建北,2024-01-11,8151
1733,五鼎,26,0,26,台新-建北,2024-01-11,8151
3024,憶聲,40,14,26,台新-建北,2024-01-11,8151
2313,華通,29,4,25,台新-建北,2024-01-11,8151
0056,元大高股息,31,6,25,台新-建北,2024-01-11,8151
00937B,群益ESG投等債20,24,0,24,台新-建北,2024-01-11,8151
6120,達運,248,224,24,台新-建北,2024-01-11,8151
2537,聯上發,22,0,22,台新-建北,2024-01-11,8151
3147,大綜,22,1,21,台新-建北,2024-01-11,8151
6213,聯茂,22,1,21,台新-建北,2024-01-11,8151
1513,中興電,33,13,20,台新-建北,2024-01-11,8151
9921,巨大,20,0,20,台新-建北,2024-01-11,8151
3481,群創,73,54,19,台新-建北,2024-01-11,8151
00712,復華富時不動產,17,0,17,台新-建北,2024-01-11,8151
2376,技嘉,57,41,16,台新-建北,2024-01-11,8151
3178,公準,15,0,15,台新-建北,2024-01-11,8151
2408,南亞科,27,12,15,台新-建北,2024-01-11,8151
9924,福興,14,0,14,台新-建北,2024-01-11,8151
4164,承業醫,13,0,13,台新-建北,2024-01-11,8151
2387,精元,12,0,12,台新-建北,2024-01-11,8151
2610,華航,20,9,11,台新-建北,2024-01-11,8151
00933B,國泰10Y+金融債,13,2,11,台新-建北,2024-01-11,8151
2888,新光金,12,1,11,台新-建北,2024-01-11,8151
2615,萬海,11,0,11,台新-建北,2024-01-11,8151
2365,昆盈,11,1,10,台新-建北,2024-01-11,8151
1312,國喬,12,2,10,台新-建北,2024-01-11,8151
6140,訊達,36,26,10,台新-建北,2024-01-11,8151
6177,達麗,10,0,10,台新-建北,2024-01-11,8151
2501,國建,10,0,10,台新-建北,2024-01-11,8151
2465,麗臺,10,0,10,台新-建北,2024-01-11,8151
2881,富邦金,921,0,921,台新-建北,2024-01-12,8151
00937B,群益ESG投等債20,715,0,715,台新-建北,2024-01-12,8151
00929,復華台灣科技優息,265,2,263,台新-建北,2024-01-12,8151
3231,緯創,315,163,152,台新-建北,2024-01-12,8151
2888,新光金,118,0,118,台新-建北,2024-01-12,8151
00688L,國泰20年美債正2,100,10,90,台新-建北,2024-01-12,8151
2353,宏��,137,61,76,台新-建北,2024-01-12,8151
9105,泰金寶-DR,66,0,66,台新-建北,2024-01-12,8151
00720B,元大投資級公司債,60,0,60,台新-建北,2024-01-12,8151
1905,華紙,58,2,56,台新-建北,2024-01-12,8151
0056,元大高股息,56,0,56,台新-建北,2024-01-12,8151
6472,保瑞,110,56,54,台新-建北,2024-01-12,8151
00927,群益半導體收益,52,0,52,台新-建北,2024-01-12,8151
00919,群益台灣精選高息,56,5,51,台新-建北,2024-01-12,8151
2371,大同,61,12,49,台新-建北,2024-01-12,8151
00751B,元大AAA至A公司債,46,0,46,台新-建北,2024-01-12,8151
00725B,國泰投資級公司債,45,0,45,台新-建北,2024-01-12,8151
3006,晶豪科,42,0,42,台新-建北,2024-01-12,8151
3049,精金,41,0,41,台新-建北,2024-01-12,8151
2887,台新金,44,3,41,台新-建北,2024-01-12,8151
1532,勤美,40,0,40,台新-建北,2024-01-12,8151
3035,智原,102,64,38,台新-建北,2024-01-12,8151
2467,志聖,45,10,35,台新-建北,2024-01-12,8151
2883,凱基金,36,3,33,台新-建北,2024-01-12,8151
2442,新美齊,33,1,32,台新-建北,2024-01-12,8151
2880,華南金,30,0,30,台新-建北,2024-01-12,8151
6550,北極星藥業-KY,30,3,27,台新-建北,2024-01-12,8151
00679B,元大美債20年,27,2,25,台新-建北,2024-01-12,8151
2506,太設,25,0,25,台新-建北,2024-01-12,8151
2367,燿華,24,0,24,台新-建北,2024-01-12,8151
00687B,國泰20年美債,23,0,23,台新-建北,2024-01-12,8151
3024,憶聲,23,0,23,台新-建北,2024-01-12,8151
2608,嘉里大榮,22,0,22,台新-建北,2024-01-12,8151
2618,長榮航,59,37,22,台新-建北,2024-01-12,8151
4763,材料-KY,25,4,21,台新-建北,2024-01-12,8151
00878,國泰永續高股息,34,14,20,台新-建北,2024-01-12,8151
2929,淘帝-KY,20,1,19,台新-建北,2024-01-12,8151
00673R,期元大S＆P原油反1,19,0,19,台新-建北,2024-01-12,8151
6695,芯鼎,151,133,18,台新-建北,2024-01-12,8151
00931B,統一美債20年,23,6,17,台新-建北,2024-01-12,8151
2634,漢翔,28,12,16,台新-建北,2024-01-12,8151
3147,大綜,16,0,16,台新-建北,2024-01-12,8151
1319,東陽,15,0,15,台新-建北,2024-01-12,8151
2409,友達,28,14,14,台新-建北,2024-01-12,8151
8096,擎亞,116,102,14,台新-建北,2024-01-12,8151
00646,元大S＆P500,13,0,13,台新-建北,2024-01-12,8151
6219,富旺,13,0,13,台新-建北,2024-01-12,8151
3021,鴻名,28,15,13,台新-建北,2024-01-12,8151
5206,坤悅,12,0,12,台新-建北,2024-01-12,8151
3025,星通,38,26,12,台新-建北,2024-01-12,8151
2881,富邦金,1002,14,988,台新-建北,2024-01-15,8151
3481,群創,423,23,400,台新-建北,2024-01-15,8151
00929,復華台灣科技優息,256,125,131,台新-建北,2024-01-15,8151
00937B,群益ESG投等債20,117,3,114,台新-建北,2024-01-15,8151
2812,台中銀,103,0,103,台新-建北,2024-01-15,8151
00712,復華富時不動產,102,13,89,台新-建北,2024-01-15,8151
00881,國泰台灣5G+,85,6,79,台新-建北,2024-01-15,8151
00927,群益半導體收益,78,0,78,台新-建北,2024-01-15,8151
8054,安國,61,0,61,台新-建北,2024-01-15,8151
00878,國泰永續高股息,71,13,58,台新-建北,2024-01-15,8151
6531,愛普*,71,20,51,台新-建北,2024-01-15,8151
00904,新光臺灣半導體30,50,0,50,台新-建北,2024-01-15,8151
2609,陽明,145,96,49,台新-建北,2024-01-15,8151
3305,昇貿,45,0,45,台新-建北,2024-01-15,8151
9105,泰金寶-DR,45,1,44,台新-建北,2024-01-15,8151
0056,元大高股息,57,15,42,台新-建北,2024-01-15,8151
8027,鈦昇,48,7,41,台新-建北,2024-01-15,8151
00710B,復華彭博非投等債,30,0,30,台新-建北,2024-01-15,8151
1503,士電,75,46,29,台新-建北,2024-01-15,8151
6274,台燿,44,18,26,台新-建北,2024-01-15,8151
00891,中信關鍵半導體,30,5,25,台新-建北,2024-01-15,8151
6695,芯鼎,89,65,24,台新-建北,2024-01-15,8151
00631L,元大台灣50正2,23,0,23,台新-建北,2024-01-15,8151
2887,台新金,26,5,21,台新-建北,2024-01-15,8151
2630,亞航,42,21,21,台新-建北,2024-01-15,8151
2506,太設,19,0,19,台新-建北,2024-01-15,8151
2357,華碩,20,2,18,台新-建北,2024-01-15,8151
5351,鈺創,52,35,17,台新-建北,2024-01-15,8151
4956,光鋐,67,51,16,台新-建北,2024-01-15,8151
4939,亞電,16,0,16,台新-建北,2024-01-15,8151
1529,樂事綠能,50,34,16,台新-建北,2024-01-15,8151
2014,中鴻,15,1,14,台新-建北,2024-01-15,8151
2329,華泰,30,16,14,台新-建北,2024-01-15,8151
6245,立端,18,4,14,台新-建北,2024-01-15,8151
00751B,元大AAA至A公司債,20,6,14,台新-建北,2024-01-15,8151
00680L,元大美債20正2,14,1,13,台新-建北,2024-01-15,8151
2634,漢翔,56,44,12,台新-建北,2024-01-15,8151
3105,穩懋,12,0,12,台新-建北,2024-01-15,8151
00725B,國泰投資級公司債,11,0,11,台新-建北,2024-01-15,8151
00934,中信成長高股息,11,0,11,台新-建北,2024-01-15,8151
00935,野村臺灣新科技50,11,0,11,台新-建北,2024-01-15,8151
3029,零壹,10,0,10,台新-建北,2024-01-15,8151
00673R,期元大S＆P原油反1,10,0,10,台新-建北,2024-01-15,8151
3045,台灣大,10,0,10,台新-建北,2024-01-15,8151
1316,上曜,10,0,10,台新-建北,2024-01-15,8151
00722B,群益投資級電信債,10,0,10,台新-建北,2024-01-15,8151
5531,鄉林,10,0,10,台新-建北,2024-01-15,8151
2511,太子,10,0,10,台新-建北,2024-01-15,8151
2505,國揚,10,0,10,台新-建北,2024-01-15,8151
6538,倉和,11,1,10,台新-建北,2024-01-15,8151
2881,富邦金,1110,8,1102,台新-建北,2024-01-16,8151
00937B,群益ESG投等債20,420,7,413,台新-建北,2024-01-16,8151
2609,陽明,278,116,162,台新-建北,2024-01-16,8151
0056,元大高股息,154,15,139,台新-建北,2024-01-16,8151
2812,台中銀,101,0,101,台新-建北,2024-01-16,8151
1605,華新,106,6,100,台新-建北,2024-01-16,8151
6770,力積電,105,7,98,台新-建北,2024-01-16,8151
2344,華邦電,135,46,89,台新-建北,2024-01-16,8151
8936,國統,106,17,89,台新-建北,2024-01-16,8151
5443,均豪,110,25,85,台新-建北,2024-01-16,8151
2486,一詮,197,116,81,台新-建北,2024-01-16,8151
00927,群益半導體收益,71,0,71,台新-建北,2024-01-16,8151
00919,群益台灣精選高息,70,1,69,台新-建北,2024-01-16,8151
00688L,國泰20年美債正2,61,1,60,台新-建北,2024-01-16,8151
2887,台新金,77,19,58,台新-建北,2024-01-16,8151
8027,鈦昇,81,26,55,台新-建北,2024-01-16,8151
00929,復華台灣科技優息,142,88,54,台新-建北,2024-01-16,8151
2889,國票金,48,0,48,台新-建北,2024-01-16,8151
2888,新光金,48,0,48,台新-建北,2024-01-16,8151
2377,微星,44,0,44,台新-建北,2024-01-16,8151
2883,凱基金,42,0,42,台新-建北,2024-01-16,8151
2929,淘帝-KY,36,0,36,台新-建北,2024-01-16,8151
3680,家登,34,0,34,台新-建北,2024-01-16,8151
6578,達邦蛋白,30,0,30,台新-建北,2024-01-16,8151
1532,勤美,37,7,30,台新-建北,2024-01-16,8151
1301,台塑,31,3,28,台新-建北,2024-01-16,8151
00679B,元大美債20年,28,0,28,台新-建北,2024-01-16,8151
00878,國泰永續高股息,346,319,27,台新-建北,2024-01-16,8151
3006,晶豪科,30,3,27,台新-建北,2024-01-16,8151
2405,輔信,48,21,27,台新-建北,2024-01-16,8151
2610,華航,31,4,27,台新-建北,2024-01-16,8151
3024,憶聲,26,0,26,台新-建北,2024-01-16,8151
2603,長榮,47,21,26,台新-建北,2024-01-16,8151
1513,中興電,33,7,26,台新-建北,2024-01-16,8151
6789,采鈺,25,0,25,台新-建北,2024-01-16,8151
3178,公準,24,0,24,台新-建北,2024-01-16,8151
9938,百和,24,0,24,台新-建北,2024-01-16,8151
2332,友訊,22,0,22,台新-建北,2024-01-16,8151
2371,大同,82,60,22,台新-建北,2024-01-16,8151
3045,台灣大,22,0,22,台新-建北,2024-01-16,8151
00650L,復華香港正2,21,0,21,台新-建北,2024-01-16,8151
6937,天虹,21,0,21,台新-建北,2024-01-16,8151
0050,元大台灣50,20,0,20,台新-建北,2024-01-16,8151
5206,坤悅,20,0,20,台新-建北,2024-01-16,8151
6538,倉和,20,0,20,台新-建北,2024-01-16,8151
2890,永豐金,22,3,19,台新-建北,2024-01-16,8151
00933B,國泰10Y+金融債,20,1,19,台新-建北,2024-01-16,8151
5426,振發,36,17,19,台新-建北,2024-01-16,8151
5272,笙科,20,1,19,台新-建北,2024-01-16,8151
8096,擎亞,113,94,19,台新-建北,2024-01-16,8151
2881,富邦金,1804,4,1800,台新-建北,2024-01-17,8151
00929,復華台灣科技優息,377,11,366,台新-建北,2024-01-17,8151
1308,亞聚,350,0,350,台新-建北,2024-01-17,8151
2812,台中銀,202,0,202,台新-建北,2024-01-17,8151
2303,聯電,206,12,194,台新-建北,2024-01-17,8151
0056,元大高股息,179,3,176,台新-建北,2024-01-17,8151
00919,群益台灣精選高息,173,3,170,台新-建北,2024-01-17,8151
00882,中信中國高股息,166,0,166,台新-建北,2024-01-17,8151
00878,國泰永續高股息,142,8,134,台新-建北,2024-01-17,8151
2887,台新金,127,3,124,台新-建北,2024-01-17,8151
2888,新光金,111,10,101,台新-建北,2024-01-17,8151
2609,陽明,172,73,99,台新-建北,2024-01-17,8151
00688L,國泰20年美債正2,100,1,99,台新-建北,2024-01-17,8151
00679B,元大美債20年,67,1,66,台新-建北,2024-01-17,8151
6462,神盾,156,91,65,台新-建北,2024-01-17,8151
00633L,富邦上証正2,76,15,61,台新-建北,2024-01-17,8151
3006,晶豪科,90,30,60,台新-建北,2024-01-17,8151
1532,勤美,58,0,58,台新-建北,2024-01-17,8151
2371,大同,151,93,58,台新-建北,2024-01-17,8151
1605,華新,65,10,55,台新-建北,2024-01-17,8151
00650L,復華香港正2,48,0,48,台新-建北,2024-01-17,8151
1503,士電,53,6,47,台新-建北,2024-01-17,8151
6695,芯鼎,109,64,45,台新-建北,2024-01-17,8151
2886,兆豐金,45,1,44,台新-建北,2024-01-17,8151
00720B,元大投資級公司債,47,6,41,台新-建北,2024-01-17,8151
3037,欣興,41,0,41,台新-建北,2024-01-17,8151
00751B,元大AAA至A公司債,40,0,40,台新-建北,2024-01-17,8151
1603,華電,39,0,39,台新-建北,2024-01-17,8151
00753L,中信中國50正2,45,6,39,台新-建北,2024-01-17,8151
00687B,國泰20年美債,44,6,38,台新-建北,2024-01-17,8151
00937B,群益ESG投等債20,48,10,38,台新-建北,2024-01-17,8151
2002,中鋼,37,1,36,台新-建北,2024-01-17,8151
1569,濱川,67,32,35,台新-建北,2024-01-17,8151
6139,亞翔,45,10,35,台新-建北,2024-01-17,8151
6442,光聖,35,1,34,台新-建北,2024-01-17,8151
2883,凱基金,34,0,34,台新-建北,2024-01-17,8151
2376,技嘉,33,1,32,台新-建北,2024-01-17,8151
2457,飛宏,32,1,31,台新-建北,2024-01-17,8151
3481,群創,89,61,28,台新-建北,2024-01-17,8151
00772B,中信高評級公司債,28,0,28,台新-建北,2024-01-17,8151
6805,富世達,28,1,27,台新-建北,2024-01-17,8151
1795,美時,61,34,27,台新-建北,2024-01-17,8151
2610,華航,27,2,25,台新-建北,2024-01-17,8151
3689,湧德,25,0,25,台新-建北,2024-01-17,8151
5488,松普,65,40,25,台新-建北,2024-01-17,8151
2331,精英,68,43,25,台新-建北,2024-01-17,8151
3437,榮創,24,0,24,台新-建北,2024-01-17,8151
2929,淘帝-KY,24,0,24,台新-建北,2024-01-17,8151
2317,鴻海,26,2,24,台新-建北,2024-01-17,8151
0050,元大台灣50,28,5,23,台新-建北,2024-01-17,8151
2881,富邦金,604,8,596,台新-建北,2024-01-18,8151
00937B,群益ESG投等債20,243,0,243,台新-建北,2024-01-18,8151
00687B,國泰20年美債,159,3,156,台新-建北,2024-01-18,8151
00929,復華台灣科技優息,154,21,133,台新-建北,2024-01-18,8151
4960,誠美材,142,29,113,台新-建北,2024-01-18,8151
2324,仁寶,156,44,112,台新-建北,2024-01-18,8151
2353,宏��,165,59,106,台新-建北,2024-01-18,8151
2888,新光金,96,2,94,台新-建北,2024-01-18,8151
00633L,富邦上証正2,96,6,90,台新-建北,2024-01-18,8151
00919,群益台灣精選高息,90,7,83,台新-建北,2024-01-18,8151
8112,至上,86,17,69,台新-建北,2024-01-18,8151
1528,恩德,74,6,68,台新-建北,2024-01-18,8151
0056,元大高股息,70,3,67,台新-建北,2024-01-18,8151
00688L,國泰20年美債正2,61,0,61,台新-建北,2024-01-18,8151
6462,神盾,132,81,51,台新-建北,2024-01-18,8151
2382,廣達,151,102,49,台新-建北,2024-01-18,8151
00933B,國泰10Y+金融債,48,0,48,台新-建北,2024-01-18,8151
00882,中信中國高股息,52,5,47,台新-建北,2024-01-18,8151
2409,友達,269,231,38,台新-建北,2024-01-18,8151
2883,凱基金,37,0,37,台新-建北,2024-01-18,8151
2884,玉山金,64,28,36,台新-建北,2024-01-18,8151
00637L,元大滬深300正2,33,0,33,台新-建北,2024-01-18,8151
3622,洋華,88,57,31,台新-建北,2024-01-18,8151
00878,國泰永續高股息,52,22,30,台新-建北,2024-01-18,8151
6550,北極星藥業-KY,31,1,30,台新-建北,2024-01-18,8151
3131,弘塑,30,0,30,台新-建北,2024-01-18,8151
6245,立端,33,3,30,台新-建北,2024-01-18,8151
4164,承業醫,25,0,25,台新-建北,2024-01-18,8151
2614,東森,25,0,25,台新-建北,2024-01-18,8151
2368,金像電,31,9,22,台新-建北,2024-01-18,8151
00679B,元大美債20年,23,1,22,台新-建北,2024-01-18,8151
4550,長佳,23,2,21,台新-建北,2024-01-18,8151
2486,一詮,140,120,20,台新-建北,2024-01-18,8151
8431,匯鑽科,20,0,20,台新-建北,2024-01-18,8151
2376,技嘉,22,3,19,台新-建北,2024-01-18,8151
00712,復華富時不動產,21,3,18,台新-建北,2024-01-18,8151
2303,聯電,24,6,18,台新-建北,2024-01-18,8151
3032,偉訓,41,23,18,台新-建北,2024-01-18,8151
3694,海華,44,26,18,台新-建北,2024-01-18,8151
00650L,復華香港正2,18,0,18,台新-建北,2024-01-18,8151
3189,景碩,21,3,18,台新-建北,2024-01-18,8151
4979,華星光,44,27,17,台新-建北,2024-01-18,8151
8054,安國,18,1,17,台新-建北,2024-01-18,8151
6127,九豪,16,0,16,台新-建北,2024-01-18,8151
5519,隆大,16,0,16,台新-建北,2024-01-18,8151
2002,中鋼,15,0,15,台新-建北,2024-01-18,8151
2890,永豐金,15,0,15,台新-建北,2024-01-18,8151
2204,中華,15,0,15,台新-建北,2024-01-18,8151
3490,單井,17,2,15,台新-建北,2024-01-18,8151
6139,亞翔,36,22,14,台新-建北,2024-01-18,8151
00632R,元大台灣50反1,290,0,290,台新-建北,2024-01-19,8151
2324,仁寶,291,55,236,台新-建北,2024-01-19,8151
2401,凌陽,203,0,203,台新-建北,2024-01-19,8151
2609,陽明,163,12,151,台新-建北,2024-01-19,8151
00687B,國泰20年美債,141,0,141,台新-建北,2024-01-19,8151
00680L,元大美債20正2,135,10,125,台新-建北,2024-01-19,8151
00937B,群益ESG投等債20,88,4,84,台新-建北,2024-01-19,8151
8027,鈦昇,124,43,81,台新-建北,2024-01-19,8151
2515,中工,72,0,72,台新-建北,2024-01-19,8151
00933B,國泰10Y+金融債,59,0,59,台新-建北,2024-01-19,8151
00882,中信中國高股息,57,2,55,台新-建北,2024-01-19,8151
2329,華泰,204,151,53,台新-建北,2024-01-19,8151
6117,迎廣,79,28,51,台新-建北,2024-01-19,8151
00679B,元大美債20年,55,6,49,台新-建北,2024-01-19,8151
00751B,元大AAA至A公司債,86,39,47,台新-建北,2024-01-19,8151
8089,康全電訊,45,0,45,台新-建北,2024-01-19,8151
2467,志聖,41,0,41,台新-建北,2024-01-19,8151
2888,新光金,44,5,39,台新-建北,2024-01-19,8151
00931B,統一美債20年,38,0,38,台新-建北,2024-01-19,8151
2356,英業達,304,266,38,台新-建北,2024-01-19,8151
00919,群益台灣精選高息,36,0,36,台新-建北,2024-01-19,8151
4956,光鋐,177,144,33,台新-建北,2024-01-19,8151
3437,榮創,40,7,33,台新-建北,2024-01-19,8151
2603,長榮,48,15,33,台新-建北,2024-01-19,8151
8215,明基材,30,0,30,台新-建北,2024-01-19,8151
2316,楠梓電,48,19,29,台新-建北,2024-01-19,8151
00929,復華台灣科技優息,53,26,27,台新-建北,2024-01-19,8151
4960,誠美材,36,11,25,台新-建北,2024-01-19,8151
2520,冠德,25,0,25,台新-建北,2024-01-19,8151
00688L,國泰20年美債正2,24,0,24,台新-建北,2024-01-19,8151
3035,智原,192,168,24,台新-建北,2024-01-19,8151
6274,台燿,34,10,24,台新-建北,2024-01-19,8151
2377,微星,24,1,23,台新-建北,2024-01-19,8151
00857B,永豐20年美公債,21,0,21,台新-建北,2024-01-19,8151
3362,先進光,22,1,21,台新-建北,2024-01-19,8151
2387,精元,20,0,20,台新-建北,2024-01-19,8151
6120,達運,109,90,19,台新-建北,2024-01-19,8151
6442,光聖,17,0,17,台新-建北,2024-01-19,8151
1514,亞力,72,56,16,台新-建北,2024-01-19,8151
2887,台新金,18,3,15,台新-建北,2024-01-19,8151
6472,保瑞,18,3,15,台新-建北,2024-01-19,8151
2002,中鋼,16,1,15,台新-建北,2024-01-19,8151
3264,欣銓,25,10,15,台新-建北,2024-01-19,8151
2637,慧洋-KY,15,0,15,台新-建北,2024-01-19,8151
2889,國票金,15,0,15,台新-建北,2024-01-19,8151
00725B,國泰投資級公司債,15,0,15,台新-建北,2024-01-19,8151
00795B,中信美國公債20年,14,0,14,台新-建北,2024-01-19,8151
3017,奇鋐,25,11,14,台新-建北,2024-01-19,8151
6139,亞翔,31,18,13,台新-建北,2024-01-19,8151
3706,神達,21,8,13,台新-建北,2024-01-19,8151
2881,富邦金,547,0,547,台新-建北,2024-01-22,8151
3050,鈺德,306,26,280,台新-建北,2024-01-22,8151
00706L,期元大S＆P日圓正2,135,3,132,台新-建北,2024-01-22,8151
00632R,元大台灣50反1,137,10,127,台新-建北,2024-01-22,8151
00911,兆豐洲際半導體,110,0,110,台新-建北,2024-01-22,8151
2353,宏��,147,58,89,台新-建北,2024-01-22,8151
00933B,國泰10Y+金融債,78,0,78,台新-建北,2024-01-22,8151
4109,加捷生醫,71,1,70,台新-建北,2024-01-22,8151
8054,安國,105,41,64,台新-建北,2024-01-22,8151
00882,中信中國高股息,63,4,59,台新-建北,2024-01-22,8151
1432,大魯閣,56,0,56,台新-建北,2024-01-22,8151
2887,台新金,53,0,53,台新-建北,2024-01-22,8151
2329,華泰,444,392,52,台新-建北,2024-01-22,8151
2382,廣達,178,128,50,台新-建北,2024-01-22,8151
5425,台半,51,1,50,台新-建北,2024-01-22,8151
00633L,富邦上証正2,50,3,47,台新-建北,2024-01-22,8151
2324,仁寶,169,127,42,台新-建北,2024-01-22,8151
2401,凌陽,54,12,42,台新-建北,2024-01-22,8151
9919,康那香,40,0,40,台新-建北,2024-01-22,8151
00650L,復華香港正2,32,0,32,台新-建北,2024-01-22,8151
00680L,元大美債20正2,32,0,32,台新-建北,2024-01-22,8151
2537,聯上發,30,0,30,台新-建北,2024-01-22,8151
2618,長榮航,48,19,29,台新-建北,2024-01-22,8151
2363,矽統,44,19,25,台新-建北,2024-01-22,8151
2888,新光金,27,4,23,台新-建北,2024-01-22,8151
00688L,國泰20年美債正2,23,0,23,台新-建北,2024-01-22,8151
6126,信音,24,1,23,台新-建北,2024-01-22,8151
3645,達邁,20,0,20,台新-建北,2024-01-22,8151
2890,永豐金,20,0,20,台新-建北,2024-01-22,8151
00679B,元大美債20年,20,1,19,台新-建北,2024-01-22,8151
00900,富邦特選高股息30,20,1,19,台新-建北,2024-01-22,8151
6531,愛普*,23,5,18,台新-建北,2024-01-22,8151
6472,保瑞,19,1,18,台新-建北,2024-01-22,8151
00937B,群益ESG投等債20,54,37,17,台新-建北,2024-01-22,8151
1605,華新,17,0,17,台新-建北,2024-01-22,8151
2388,威盛,20,5,15,台新-建北,2024-01-22,8151
4953,緯軟,14,0,14,台新-建北,2024-01-22,8151
2313,華通,14,1,13,台新-建北,2024-01-22,8151
5269,祥碩,18,5,13,台新-建北,2024-01-22,8151
00907,永豐優息存股,13,0,13,台新-建北,2024-01-22,8151
3189,景碩,16,3,13,台新-建北,2024-01-22,8151
1795,美時,16,3,13,台新-建北,2024-01-22,8151
8027,鈦昇,93,81,12,台新-建北,2024-01-22,8151
00936,台新永續高息中小,12,0,12,台新-建北,2024-01-22,8151
8021,尖點,12,0,12,台新-建北,2024-01-22,8151
3504,揚明光,12,0,12,台新-建北,2024-01-22,8151
1417,嘉裕,12,0,12,台新-建北,2024-01-22,8151
00929,復華台灣科技優息,41,30,11,台新-建北,2024-01-22,8151
00720B,元大投資級公司債,11,0,11,台新-建北,2024-01-22,8151
3520,華盈,16,5,11,台新-建北,2024-01-22,8151
2881,富邦金,401,0,401,台新-建北,2024-01-23,8151
00927,群益半導體收益,150,0,150,台新-建北,2024-01-23,8151
8936,國統,201,63,138,台新-建北,2024-01-23,8151
00937B,群益ESG投等債20,62,0,62,台新-建北,2024-01-23,8151
6462,神盾,109,51,58,台新-建北,2024-01-23,8151
2316,楠梓電,63,7,56,台新-建北,2024-01-23,8151
3035,智原,73,22,51,台新-建北,2024-01-23,8151
00706L,期元大S＆P日圓正2,50,0,50,台新-建北,2024-01-23,8151
3710,連展投控,50,1,49,台新-建北,2024-01-23,8151
4956,光鋐,94,45,49,台新-建北,2024-01-23,8151
00651R,復華香港反1,46,0,46,台新-建北,2024-01-23,8151
1471,首利,44,2,42,台新-建北,2024-01-23,8151
00929,復華台灣科技優息,39,3,36,台新-建北,2024-01-23,8151
2618,長榮航,37,6,31,台新-建北,2024-01-23,8151
3522,御嵿,30,0,30,台新-建北,2024-01-23,8151
2356,英業達,255,226,29,台新-建北,2024-01-23,8151
3311,閎暉,31,5,26,台新-建北,2024-01-23,8151
2313,華通,47,22,25,台新-建北,2024-01-23,8151
2374,佳能,24,0,24,台新-建北,2024-01-23,8151
2603,長榮,24,2,22,台新-建北,2024-01-23,8151
00679B,元大美債20年,24,2,22,台新-建北,2024-01-23,8151
00688L,國泰20年美債正2,21,0,21,台新-建北,2024-01-23,8151
8085,福華,22,1,21,台新-建北,2024-01-23,8151
5388,中磊,21,0,21,台新-建北,2024-01-23,8151
2645,長榮航太,20,0,20,台新-建北,2024-01-23,8151
3305,昇貿,20,0,20,台新-建北,2024-01-23,8151
00687B,國泰20年美債,20,0,20,台新-建北,2024-01-23,8151
6274,台燿,21,2,19,台新-建北,2024-01-23,8151
3036,文曄,78,59,19,台新-建北,2024-01-23,8151
8027,鈦昇,30,11,19,台新-建北,2024-01-23,8151
3058,立德,19,0,19,台新-建北,2024-01-23,8151
00882,中信中國高股息,25,7,18,台新-建北,2024-01-23,8151
2312,金寶,17,0,17,台新-建北,2024-01-23,8151
5426,振發,377,361,16,台新-建北,2024-01-23,8151
1532,勤美,16,0,16,台新-建北,2024-01-23,8151
00673R,期元大S＆P原油反1,16,0,16,台新-建北,2024-01-23,8151
5469,瀚宇博,15,0,15,台新-建北,2024-01-23,8151
3479,安勤,18,3,15,台新-建北,2024-01-23,8151
6285,啟��,21,6,15,台新-建北,2024-01-23,8151
1301,台塑,14,0,14,台新-建北,2024-01-23,8151
3060,銘異,23,10,13,台新-建北,2024-01-23,8151
3443,創意,17,5,12,台新-建北,2024-01-23,8151
2891,中信金,12,0,12,台新-建北,2024-01-23,8151
6789,采鈺,12,0,12,台新-建北,2024-01-23,8151
1514,亞力,136,124,12,台新-建北,2024-01-23,8151
6125,廣運,11,0,11,台新-建北,2024-01-23,8151
2601,益航,11,0,11,台新-建北,2024-01-23,8151
00885,富邦越南,11,0,11,台新-建北,2024-01-23,8151
3038,全台,10,0,10,台新-建北,2024-01-23,8151
00665L,富邦�琤肭磪囓�2,10,0,10,台新-建北,2024-01-23,8151
2881,富邦金,501,10,491,台新-建北,2024-01-24,8151
00670L,富邦NASDAQ正2,161,0,161,台新-建北,2024-01-24,8151
8936,國統,207,47,160,台新-建北,2024-01-24,8151
00937B,群益ESG投等債20,116,2,114,台新-建北,2024-01-24,8151
00665L,富邦�琤肭磪囓�2,120,10,110,台新-建北,2024-01-24,8151
00715L,期街口布蘭特正2,100,0,100,台新-建北,2024-01-24,8151
2353,宏��,158,64,94,台新-建北,2024-01-24,8151
4909,新復興,139,79,60,台新-建北,2024-01-24,8151
00687B,國泰20年美債,49,0,49,台新-建北,2024-01-24,8151
00679B,元大美債20年,41,0,41,台新-建北,2024-01-24,8151
8110,華東,42,5,37,台新-建北,2024-01-24,8151
00882,中信中國高股息,44,10,34,台新-建北,2024-01-24,8151
00720B,元大投資級公司債,32,0,32,台新-建北,2024-01-24,8151
00637L,元大滬深300正2,32,0,32,台新-建北,2024-01-24,8151
2504,國產,30,0,30,台新-建北,2024-01-24,8151
6237,驊訊,242,214,28,台新-建北,2024-01-24,8151
6233,旺玖,56,29,27,台新-建北,2024-01-24,8151
1809,中釉,48,21,27,台新-建北,2024-01-24,8151
8028,昇陽半導體,25,0,25,台新-建北,2024-01-24,8151
1560,中砂,29,4,25,台新-建北,2024-01-24,8151
5272,笙科,30,5,25,台新-建北,2024-01-24,8151
6140,訊達,68,43,25,台新-建北,2024-01-24,8151
2382,廣達,151,126,25,台新-建北,2024-01-24,8151
3706,神達,32,8,24,台新-建北,2024-01-24,8151
6126,信音,24,0,24,台新-建北,2024-01-24,8151
1701,中化,21,0,21,台新-建北,2024-01-24,8151
00680L,元大美債20正2,20,0,20,台新-建北,2024-01-24,8151
2634,漢翔,19,0,19,台新-建北,2024-01-24,8151
1513,中興電,25,6,19,台新-建北,2024-01-24,8151
3680,家登,22,3,19,台新-建北,2024-01-24,8151
1907,永豐餘,18,0,18,台新-建北,2024-01-24,8151
3037,欣興,43,26,17,台新-建北,2024-01-24,8151
6285,啟��,18,2,16,台新-建北,2024-01-24,8151
00712,復華富時不動產,16,0,16,台新-建北,2024-01-24,8151
3032,偉訓,28,12,16,台新-建北,2024-01-24,8151
6462,神盾,92,76,16,台新-建北,2024-01-24,8151
8089,康全電訊,22,7,15,台新-建北,2024-01-24,8151
6770,力積電,15,0,15,台新-建北,2024-01-24,8151
8054,安國,68,53,15,台新-建北,2024-01-24,8151
6108,競國,14,0,14,台新-建北,2024-01-24,8151
2607,榮運,16,2,14,台新-建北,2024-01-24,8151
00651R,復華香港反1,14,0,14,台新-建北,2024-01-24,8151
00931B,統一美債20年,14,0,14,台新-建北,2024-01-24,8151
5443,均豪,15,2,13,台新-建北,2024-01-24,8151
00655L,國泰中國A50正2,13,0,13,台新-建北,2024-01-24,8151
6643,M31,16,4,12,台新-建北,2024-01-24,8151
8088,品安,17,5,12,台新-建北,2024-01-24,8151
4938,和碩,161,150,11,台新-建北,2024-01-24,8151
2891,中信金,10,0,10,台新-建北,2024-01-24,8151
9105,泰金寶-DR,10,0,10,台新-建北,2024-01-24,8151
2881,富邦金,900,11,889,台新-建北,2024-01-25,8151
00632R,元大台灣50反1,731,0,731,台新-建北,2024-01-25,8151
00937B,群益ESG投等債20,193,12,181,台新-建北,2024-01-25,8151
9105,泰金寶-DR,170,0,170,台新-建北,2024-01-25,8151
00651R,復華香港反1,150,0,150,台新-建北,2024-01-25,8151
00687B,國泰20年美債,137,3,134,台新-建北,2024-01-25,8151
8936,國統,147,22,125,台新-建北,2024-01-25,8151
2542,興富發,102,0,102,台新-建北,2024-01-25,8151
5425,台半,101,10,91,台新-建北,2024-01-25,8151
2850,新產,88,0,88,台新-建北,2024-01-25,8151
00715L,期街口布蘭特正2,102,25,77,台新-建北,2024-01-25,8151
3481,群創,100,35,65,台新-建北,2024-01-25,8151
4909,新復興,254,190,64,台新-建北,2024-01-25,8151
3231,緯創,180,117,63,台新-建北,2024-01-25,8151
2801,彰銀,52,0,52,台新-建北,2024-01-25,8151
3710,連展投控,50,0,50,台新-建北,2024-01-25,8151
2409,友達,60,14,46,台新-建北,2024-01-25,8151
00857B,永豐20年美公債,43,0,43,台新-建北,2024-01-25,8151
00933B,國泰10Y+金融債,42,0,42,台新-建北,2024-01-25,8151
1532,勤美,36,0,36,台新-建北,2024-01-25,8151
00680L,元大美債20正2,40,4,36,台新-建北,2024-01-25,8151
8112,至上,40,7,33,台新-建北,2024-01-25,8151
3035,智原,76,43,33,台新-建北,2024-01-25,8151
00637L,元大滬深300正2,80,48,32,台新-建北,2024-01-25,8151
00688L,國泰20年美債正2,32,0,32,台新-建北,2024-01-25,8151
2382,廣達,67,35,32,台新-建北,2024-01-25,8151
8085,福華,30,2,28,台新-建北,2024-01-25,8151
6735,美達科技,26,0,26,台新-建北,2024-01-25,8151
00679B,元大美債20年,27,1,26,台新-建北,2024-01-25,8151
00720B,元大投資級公司債,31,7,24,台新-建北,2024-01-25,8151
6113,亞矽,161,137,24,台新-建北,2024-01-25,8151
3312,弘憶股,23,2,21,台新-建北,2024-01-25,8151
2603,長榮,21,1,20,台新-建北,2024-01-25,8151
6462,神盾,76,56,20,台新-建北,2024-01-25,8151
006206,元大上證50,20,0,20,台新-建北,2024-01-25,8151
2506,太設,20,0,20,台新-建北,2024-01-25,8151
8096,擎亞,411,391,20,台新-建北,2024-01-25,8151
3522,御嵿,20,0,20,台新-建北,2024-01-25,8151
1312,國喬,20,0,20,台新-建北,2024-01-25,8151
2374,佳能,35,15,20,台新-建北,2024-01-25,8151
00670L,富邦NASDAQ正2,20,0,20,台新-建北,2024-01-25,8151
00633L,富邦上証正2,39,20,19,台新-建北,2024-01-25,8151
6233,旺玖,19,2,17,台新-建北,2024-01-25,8151
2316,楠梓電,16,0,16,台新-建北,2024-01-25,8151
6416,瑞祺電通,18,3,15,台新-建北,2024-01-25,8151
2356,英業達,94,79,15,台新-建北,2024-01-25,8151
2618,長榮航,16,2,14,台新-建北,2024-01-25,8151
1519,華城,66,53,13,台新-建北,2024-01-25,8151
00918,大華優利高填息30,13,0,13,台新-建北,2024-01-25,8151
6668,中揚光,13,0,13,台新-建北,2024-01-25,8151
2881,富邦金,307,24,283,台新-建北,2024-01-26,8151
6785,昱展新藥,137,1,136,台新-建北,2024-01-26,8151
00665L,富邦�琤肭磪囓�2,113,7,106,台新-建北,2024-01-26,8151
00937B,群益ESG投等債20,85,1,84,台新-建北,2024-01-26,8151
2303,聯電,121,41,80,台新-建北,2024-01-26,8151
1313,聯成,71,0,71,台新-建北,2024-01-26,8151
00632R,元大台灣50反1,60,0,60,台新-建北,2024-01-26,8151
00918,大華優利高填息30,58,0,58,台新-建北,2024-01-26,8151
00878,國泰永續高股息,74,17,57,台新-建北,2024-01-26,8151
1303,南亞,60,6,54,台新-建北,2024-01-26,8151
2356,英業達,153,101,52,台新-建北,2024-01-26,8151
1326,台化,50,0,50,台新-建北,2024-01-26,8151
2850,新產,48,0,48,台新-建北,2024-01-26,8151
3360,尚立,52,15,37,台新-建北,2024-01-26,8151
8089,康全電訊,36,0,36,台新-建北,2024-01-26,8151
00687B,國泰20年美債,34,0,34,台新-建北,2024-01-26,8151
2618,長榮航,39,9,30,台新-建北,2024-01-26,8151
4529,淳紳,29,0,29,台新-建北,2024-01-26,8151
2365,昆盈,65,37,28,台新-建北,2024-01-26,8151
1909,榮成,28,0,28,台新-建北,2024-01-26,8151
00673R,期元大S＆P原油反1,26,0,26,台新-建北,2024-01-26,8151
3376,新日興,130,105,25,台新-建北,2024-01-26,8151
00706L,期元大S＆P日圓正2,25,0,25,台新-建北,2024-01-26,8151
00919,群益台灣精選高息,31,6,25,台新-建北,2024-01-26,8151
8064,東捷,36,12,24,台新-建北,2024-01-26,8151
0056,元大高股息,30,6,24,台新-建北,2024-01-26,8151
00651R,復華香港反1,22,0,22,台新-建北,2024-01-26,8151
3005,神基,36,14,22,台新-建北,2024-01-26,8151
3265,台星科,30,8,22,台新-建北,2024-01-26,8151
5272,笙科,23,1,22,台新-建北,2024-01-26,8151
5474,聰泰,21,0,21,台新-建北,2024-01-26,8151
912000,晨訊科-DR,20,0,20,台新-建北,2024-01-26,8151
3189,景碩,17,0,17,台新-建北,2024-01-26,8151
3623,富晶通,106,91,15,台新-建北,2024-01-26,8151
2409,友達,118,103,15,台新-建北,2024-01-26,8151
2408,南亞科,16,1,15,台新-建北,2024-01-26,8151
2316,楠梓電,16,2,14,台新-建北,2024-01-26,8151
00680L,元大美債20正2,14,0,14,台新-建北,2024-01-26,8151
5443,均豪,18,5,13,台新-建北,2024-01-26,8151
3036,文曄,29,16,13,台新-建北,2024-01-26,8151
3535,晶彩科,80,68,12,台新-建北,2024-01-26,8151
1309,台達化,12,0,12,台新-建北,2024-01-26,8151
2313,華通,13,1,12,台新-建北,2024-01-26,8151
6546,正基,14,2,12,台新-建北,2024-01-26,8151
6695,芯鼎,19,8,11,台新-建北,2024-01-26,8151
8096,擎亞,32,21,11,台新-建北,2024-01-26,8151
00633L,富邦上証正2,11,0,11,台新-建北,2024-01-26,8151
3013,晟銘電,11,0,11,台新-建北,2024-01-26,8151
2357,華碩,10,0,10,台新-建北,2024-01-26,8151
2353,宏��,41,31,10,台新-建北,2024-01-26,8151
9105,泰金寶-DR,457,5,452,台新-建北,2024-01-29,8151
2881,富邦金,300,0,300,台新-建北,2024-01-29,8151
1504,東元,142,16,126,台新-建北,2024-01-29,8151
00687B,國泰20年美債,118,0,118,台新-建北,2024-01-29,8151
00929,復華台灣科技優息,123,8,115,台新-建北,2024-01-29,8151
00937B,群益ESG投等債20,108,10,98,台新-建北,2024-01-29,8151
2850,新產,99,2,97,台新-建北,2024-01-29,8151
2376,技嘉,119,24,95,台新-建北,2024-01-29,8151
6785,昱展新藥,86,2,84,台新-建北,2024-01-29,8151
6505,台塑化,57,0,57,台新-建北,2024-01-29,8151
2609,陽明,79,23,56,台新-建北,2024-01-29,8151
00857B,永豐20年美公債,54,0,54,台新-建北,2024-01-29,8151
4113,聯上,50,0,50,台新-建北,2024-01-29,8151
00715L,期街口布蘭特正2,100,52,48,台新-建北,2024-01-29,8151
00679B,元大美債20年,49,4,45,台新-建北,2024-01-29,8151
00632R,元大台灣50反1,133,100,33,台新-建北,2024-01-29,8151
00934,中信成長高股息,33,0,33,台新-建北,2024-01-29,8151
1314,中石化,35,3,32,台新-建北,2024-01-29,8151
00720B,元大投資級公司債,33,3,30,台新-建北,2024-01-29,8151
00936,台新永續高息中小,29,1,28,台新-建北,2024-01-29,8151
00931B,統一美債20年,26,0,26,台新-建北,2024-01-29,8151
2014,中鴻,29,5,24,台新-建北,2024-01-29,8151
3360,尚立,180,156,24,台新-建北,2024-01-29,8151
00688L,國泰20年美債正2,21,0,21,台新-建北,2024-01-29,8151
00673R,期元大S＆P原油反1,20,0,20,台新-建北,2024-01-29,8151
6274,台燿,31,11,20,台新-建北,2024-01-29,8151
3591,艾笛森,18,0,18,台新-建北,2024-01-29,8151
3402,漢科,20,3,17,台新-建北,2024-01-29,8151
2382,廣達,28,12,16,台新-建北,2024-01-29,8151
00919,群益台灣精選高息,21,5,16,台新-建北,2024-01-29,8151
6140,訊達,36,21,15,台新-建北,2024-01-29,8151
1309,台達化,14,0,14,台新-建北,2024-01-29,8151
2365,昆盈,27,13,14,台新-建北,2024-01-29,8151
1313,聯成,13,0,13,台新-建北,2024-01-29,8151
00751B,元大AAA至A公司債,20,8,12,台新-建北,2024-01-29,8151
8054,安國,55,43,12,台新-建北,2024-01-29,8151
1432,大魯閣,13,1,12,台新-建北,2024-01-29,8151
8027,鈦昇,18,6,12,台新-建北,2024-01-29,8151
6462,神盾,131,120,11,台新-建北,2024-01-29,8151
8034,榮群,14,3,11,台新-建北,2024-01-29,8151
6538,倉和,10,0,10,台新-建北,2024-01-29,8151
4530,宏易,10,0,10,台新-建北,2024-01-29,8151
1416,廣豐,10,0,10,台新-建北,2024-01-29,8151
6108,競國,10,0,10,台新-建北,2024-01-29,8151
006205,富邦上証,10,0,10,台新-建北,2024-01-29,8151
2882A,國泰特,10,0,10,台新-建北,2024-01-29,8151
3607,谷崧,10,0,10,台新-建北,2024-01-29,8151
6271,同欣電,10,0,10,台新-建北,2024-01-29,8151
2316,楠梓電,10,0,10,台新-建北,2024-01-29,8151
2337,旺宏,30,20,10,台新-建北,2024-01-29,8151
2881,富邦金,600,6,594,台新-建北,2024-01-30,8151
00633L,富邦上証正2,514,60,454,台新-建北,2024-01-30,8151
00687B,國泰20年美債,142,22,120,台新-建北,2024-01-30,8151
00679B,元大美債20年,93,12,81,台新-建北,2024-01-30,8151
2850,新產,78,0,78,台新-建北,2024-01-30,8151
9105,泰金寶-DR,73,0,73,台新-建北,2024-01-30,8151
1532,勤美,60,0,60,台新-建北,2024-01-30,8151
00857B,永豐20年美公債,51,0,51,台新-建北,2024-01-30,8151
00637L,元大滬深300正2,48,0,48,台新-建北,2024-01-30,8151
00919,群益台灣精選高息,64,20,44,台新-建北,2024-01-30,8151
1605,華新,43,0,43,台新-建北,2024-01-30,8151
6239,力成,42,1,41,台新-建北,2024-01-30,8151
2887,台新金,42,5,37,台新-建北,2024-01-30,8151
6282,康舒,62,33,29,台新-建北,2024-01-30,8151
6108,競國,39,10,29,台新-建北,2024-01-30,8151
8227,巨有科技,37,9,28,台新-建北,2024-01-30,8151
1316,上曜,25,0,25,台新-建北,2024-01-30,8151
1513,中興電,30,6,24,台新-建北,2024-01-30,8151
4306,炎洲,23,0,23,台新-建北,2024-01-30,8151
00715L,期街口布蘭特正2,22,0,22,台新-建北,2024-01-30,8151
1785,光洋科,22,0,22,台新-建北,2024-01-30,8151
1447,力鵬,22,0,22,台新-建北,2024-01-30,8151
2884,玉山金,22,1,21,台新-建北,2024-01-30,8151
00693U,期街口S＆P黃豆,20,0,20,台新-建北,2024-01-30,8151
3380,明泰,20,0,20,台新-建北,2024-01-30,8151
2486,一詮,39,20,19,台新-建北,2024-01-30,8151
00665L,富邦�琤肭磪囓�2,19,0,19,台新-建北,2024-01-30,8151
3038,全台,20,2,18,台新-建北,2024-01-30,8151
2344,華邦電,29,11,18,台新-建北,2024-01-30,8151
3694,海華,90,72,18,台新-建北,2024-01-30,8151
6735,美達科技,18,0,18,台新-建北,2024-01-30,8151
00650L,復華香港正2,22,5,17,台新-建北,2024-01-30,8151
1806,冠軍,18,1,17,台新-建北,2024-01-30,8151
2303,聯電,18,1,17,台新-建北,2024-01-30,8151
2421,建準,78,61,17,台新-建北,2024-01-30,8151
3581,博磊,16,0,16,台新-建北,2024-01-30,8151
6643,M31,19,3,16,台新-建北,2024-01-30,8151
2329,華泰,49,34,15,台新-建北,2024-01-30,8151
3047,訊舟,20,5,15,台新-建北,2024-01-30,8151
4529,淳紳,15,0,15,台新-建北,2024-01-30,8151
2465,麗臺,15,1,14,台新-建北,2024-01-30,8151
00675L,富邦臺灣加權正2,15,1,14,台新-建北,2024-01-30,8151
2353,宏��,23,9,14,台新-建北,2024-01-30,8151
6243,迅杰,20,6,14,台新-建北,2024-01-30,8151
1907,永豐餘,13,0,13,台新-建北,2024-01-30,8151
00902,中信電池及儲能,12,0,12,台新-建北,2024-01-30,8151
2605,新興,11,0,11,台新-建北,2024-01-30,8151
2313,華通,28,17,11,台新-建北,2024-01-30,8151
1314,中石化,11,0,11,台新-建北,2024-01-30,8151
00648R,元大S＆P500反1,10,0,10,台新-建北,2024-01-30,8151
2881,富邦金,532,5,527,台新-建北,2024-01-31,8151
00680L,元大美債20正2,209,87,122,台新-建北,2024-01-31,8151
2324,仁寶,118,3,115,台新-建北,2024-01-31,8151
2337,旺宏,117,16,101,台新-建北,2024-01-31,8151
1513,中興電,109,28,81,台新-建北,2024-01-31,8151
6785,昱展新藥,80,1,79,台新-建北,2024-01-31,8151
2886,兆豐金,73,9,64,台新-建北,2024-01-31,8151
00919,群益台灣精選高息,72,13,59,台新-建北,2024-01-31,8151
6462,神盾,178,120,58,台新-建北,2024-01-31,8151
00929,復華台灣科技優息,74,20,54,台新-建北,2024-01-31,8151
3231,緯創,140,87,53,台新-建北,2024-01-31,8151
1503,士電,63,12,51,台新-建北,2024-01-31,8151
00687B,國泰20年美債,58,8,50,台新-建北,2024-01-31,8151
3706,神達,53,9,44,台新-建北,2024-01-31,8151
2486,一詮,84,44,40,台新-建北,2024-01-31,8151
1529,樂事綠能,35,2,33,台新-建北,2024-01-31,8151
2888,新光金,32,0,32,台新-建北,2024-01-31,8151
3663,鑫科,36,5,31,台新-建北,2024-01-31,8151
2365,昆盈,28,2,26,台新-建北,2024-01-31,8151
00712,復華富時不動產,24,0,24,台新-建北,2024-01-31,8151
8089,康全電訊,28,5,23,台新-建北,2024-01-31,8151
6643,M31,27,4,23,台新-建北,2024-01-31,8151
4743,合一,30,8,22,台新-建北,2024-01-31,8151
00882,中信中國高股息,21,0,21,台新-建北,2024-01-31,8151
3046,建��,21,0,21,台新-建北,2024-01-31,8151
4968,立積,28,7,21,台新-建北,2024-01-31,8151
1605,華新,22,2,20,台新-建北,2024-01-31,8151
3049,精金,20,0,20,台新-建北,2024-01-31,8151
2241,艾姆勒,20,0,20,台新-建北,2024-01-31,8151
00931B,統一美債20年,21,1,20,台新-建北,2024-01-31,8151
4529,淳紳,19,0,19,台新-建北,2024-01-31,8151
8227,巨有科技,25,8,17,台新-建北,2024-01-31,8151
3588,通嘉,16,0,16,台新-建北,2024-01-31,8151
00751B,元大AAA至A公司債,15,0,15,台新-建北,2024-01-31,8151
00720B,元大投資級公司債,16,1,15,台新-建北,2024-01-31,8151
8085,福華,15,1,14,台新-建北,2024-01-31,8151
3045,台灣大,13,0,13,台新-建北,2024-01-31,8151
00665L,富邦�琤肭磪囓�2,13,0,13,台新-建北,2024-01-31,8151
6477,安集,13,0,13,台新-建北,2024-01-31,8151
0056,元大高股息,14,2,12,台新-建北,2024-01-31,8151
3289,宜特,16,4,12,台新-建北,2024-01-31,8151
00637L,元大滬深300正2,14,2,12,台新-建北,2024-01-31,8151
8071,能率網通,12,0,12,台新-建北,2024-01-31,8151
1101,台泥,17,5,12,台新-建北,2024-01-31,8151
00878,國泰永續高股息,20,9,11,台新-建北,2024-01-31,8151
2884,玉山金,12,0,12,台新-建北,2024-01-31,8151
1616,億泰,11,0,11,台新-建北,2024-01-31,8151
9945,潤泰新,15,4,11,台新-建北,2024-01-31,8151
3711,日月光投控,10,0,10,台新-建北,2024-01-31,8151
2313,華通,47,37,10,台新-建北,2024-01-31,8151
2881,富邦金,900,2,898,台新-建北,2024-02-01,8151
2812,台中銀,456,94,362,台新-建北,2024-02-01,8151
00937B,群益ESG投等債20,210,49,161,台新-建北,2024-02-01,8151
1503,士電,117,15,102,台新-建北,2024-02-01,8151
1514,亞力,109,10,99,台新-建北,2024-02-01,8151
3047,訊舟,95,0,95,台新-建北,2024-02-01,8151
3481,群創,125,31,94,台新-建北,2024-02-01,8151
00878,國泰永續高股息,109,20,89,台新-建北,2024-02-01,8151
00919,群益台灣精選高息,77,1,76,台新-建北,2024-02-01,8151
2364,倫飛,89,25,64,台新-建北,2024-02-01,8151
00651R,復華香港反1,57,0,57,台新-建北,2024-02-01,8151
00712,復華富時不動產,61,5,56,台新-建北,2024-02-01,8151
00929,復華台灣科技優息,60,11,49,台新-建北,2024-02-01,8151
6684,安格,181,134,47,台新-建北,2024-02-01,8151
1432,大魯閣,49,8,41,台新-建北,2024-02-01,8151
2501,國建,44,4,40,台新-建北,2024-02-01,8151
1732,毛寶,160,125,35,台新-建北,2024-02-01,8151
6243,迅杰,157,122,35,台新-建北,2024-02-01,8151
3017,奇鋐,102,68,34,台新-建北,2024-02-01,8151
1101,台泥,35,4,31,台新-建北,2024-02-01,8151
9105,泰金寶-DR,30,0,30,台新-建北,2024-02-01,8151
00753L,中信中國50正2,31,2,29,台新-建北,2024-02-01,8151
1616,億泰,30,3,27,台新-建北,2024-02-01,8151
00665L,富邦�琤肭磪囓�2,45,18,27,台新-建北,2024-02-01,8151
00882,中信中國高股息,25,0,25,台新-建北,2024-02-01,8151
2486,一詮,200,176,24,台新-建北,2024-02-01,8151
2329,華泰,49,26,23,台新-建北,2024-02-01,8151
1513,中興電,97,77,20,台新-建北,2024-02-01,8151
6538,倉和,20,0,20,台新-建北,2024-02-01,8151
00931B,統一美債20年,19,0,19,台新-建北,2024-02-01,8151
2313,華通,22,3,19,台新-建北,2024-02-01,8151
2454,聯發科,22,4,18,台新-建北,2024-02-01,8151
3663,鑫科,16,0,16,台新-建北,2024-02-01,8151
3615,安可,27,12,15,台新-建北,2024-02-01,8151
6180,橘子,41,27,14,台新-建北,2024-02-01,8151
6584,南俊國際,16,2,14,台新-建北,2024-02-01,8151
2543,皇昌,16,2,14,台新-建北,2024-02-01,8151
8059,凱碩,22,8,14,台新-建北,2024-02-01,8151
00900,富邦特選高股息30,14,1,13,台新-建北,2024-02-01,8151
00662,富邦NASDAQ,13,0,13,台新-建北,2024-02-01,8151
6140,訊達,62,49,13,台新-建北,2024-02-01,8151
6425,易發,18,6,12,台新-建北,2024-02-01,8151
3105,穩懋,12,0,12,台新-建北,2024-02-01,8151
2388,威盛,12,1,11,台新-建北,2024-02-01,8151
6179,亞通,11,1,10,台新-建北,2024-02-01,8151
6116,彩晶,10,0,10,台新-建北,2024-02-01,8151
2355,敬鵬,10,0,10,台新-建北,2024-02-01,8151
3024,憶聲,12,2,10,台新-建北,2024-02-01,8151
1560,中砂,13,3,10,台新-建北,2024-02-01,8151
6209,今國光,10,0,10,台新-建北,2024-02-01,8151
2881,富邦金,701,8,693,台新-建北,2024-02-02,8151
00937B,群益ESG投等債20,405,160,245,台新-建北,2024-02-02,8151
3038,全台,244,21,223,台新-建北,2024-02-02,8151
00933B,國泰10Y+金融債,210,1,209,台新-建北,2024-02-02,8151
2812,台中銀,115,0,115,台新-建北,2024-02-02,8151
6282,康舒,93,1,92,台新-建北,2024-02-02,8151
2409,友達,106,27,79,台新-建北,2024-02-02,8151
3017,奇鋐,89,21,68,台新-建北,2024-02-02,8151
00919,群益台灣精選高息,70,2,68,台新-建北,2024-02-02,8151
4968,立積,77,12,65,台新-建北,2024-02-02,8151
00712,復華富時不動產,63,0,63,台新-建北,2024-02-02,8151
00665L,富邦�琤肭磪囓�2,85,30,55,台新-建北,2024-02-02,8151
2850,新產,53,0,53,台新-建北,2024-02-02,8151
3324,雙鴻,58,9,49,台新-建北,2024-02-02,8151
3376,新日興,65,22,43,台新-建北,2024-02-02,8151
2603,長榮,53,10,43,台新-建北,2024-02-02,8151
6231,系微,44,3,41,台新-建北,2024-02-02,8151
2303,聯電,49,9,40,台新-建北,2024-02-02,8151
1532,勤美,40,0,40,台新-建北,2024-02-02,8151
00753L,中信中國50正2,40,0,40,台新-建北,2024-02-02,8151
00715L,期街口布蘭特正2,39,0,39,台新-建北,2024-02-02,8151
00632R,元大台灣50反1,35,0,35,台新-建北,2024-02-02,8151
3715,定穎投控,56,21,35,台新-建北,2024-02-02,8151
6462,神盾,36,3,33,台新-建北,2024-02-02,8151
2382,廣達,62,33,29,台新-建北,2024-02-02,8151
1432,大魯閣,30,1,29,台新-建北,2024-02-02,8151
2887,台新金,27,0,27,台新-建北,2024-02-02,8151
6126,信音,25,0,25,台新-建北,2024-02-02,8151
1316,上曜,25,0,25,台新-建北,2024-02-02,8151
3289,宜特,30,5,25,台新-建北,2024-02-02,8151
8085,福華,23,0,23,台新-建北,2024-02-02,8151
00878,國泰永續高股息,65,42,23,台新-建北,2024-02-02,8151
1609,大亞,22,0,22,台新-建北,2024-02-02,8151
2506,太設,22,0,22,台新-建北,2024-02-02,8151
6770,力積電,23,3,20,台新-建北,2024-02-02,8151
8064,東捷,20,0,20,台新-建北,2024-02-02,8151
3051,力特,20,0,20,台新-建北,2024-02-02,8151
3312,弘憶股,72,53,19,台新-建北,2024-02-02,8151
3563,牧德,21,2,19,台新-建北,2024-02-02,8151
8210,勤誠,26,7,19,台新-建北,2024-02-02,8151
00637L,元大滬深300正2,19,0,19,台新-建北,2024-02-02,8151
00929,復華台灣科技優息,24,7,17,台新-建北,2024-02-02,8151
2520,冠德,25,10,15,台新-建北,2024-02-02,8151
2618,長榮航,17,2,15,台新-建北,2024-02-02,8151
00706L,期元大S＆P日圓正2,15,0,15,台新-建北,2024-02-02,8151
6669,緯穎,16,1,15,台新-建北,2024-02-02,8151
00680L,元大美債20正2,29,15,14,台新-建北,2024-02-02,8151
8996,高力,54,41,13,台新-建北,2024-02-02,8151
2884,玉山金,12,0,12,台新-建北,2024-02-02,8151
00642U,期元大S＆P石油,14,2,12,台新-建北,2024-02-02,8151
2881,富邦金,801,7,794,台新-建北,2024-02-05,8151
00937B,群益ESG投等債20,320,0,320,台新-建北,2024-02-05,8151
6546,正基,173,28,145,台新-建北,2024-02-05,8151
00919,群益台灣精選高息,147,20,127,台新-建北,2024-02-05,8151
00715L,期街口布蘭特正2,123,0,123,台新-建北,2024-02-05,8151
00706L,期元大S＆P日圓正2,101,0,101,台新-建北,2024-02-05,8151
00665L,富邦�琤肭磪囓�2,130,30,100,台新-建北,2024-02-05,8151
1325,恆大,99,1,98,台新-建北,2024-02-05,8151
00687B,國泰20年美債,154,61,93,台新-建北,2024-02-05,8151
00688L,國泰20年美債正2,84,0,84,台新-建北,2024-02-05,8151
00929,復華台灣科技優息,88,11,77,台新-建北,2024-02-05,8151
1732,毛寶,76,0,76,台新-建北,2024-02-05,8151
00679B,元大美債20年,81,5,76,台新-建北,2024-02-05,8151
6695,芯鼎,113,48,65,台新-建北,2024-02-05,8151
3038,全台,62,0,62,台新-建北,2024-02-05,8151
2609,陽明,92,32,60,台新-建北,2024-02-05,8151
00712,復華富時不動產,64,4,60,台新-建北,2024-02-05,8151
2884,玉山金,47,1,46,台新-建北,2024-02-05,8151
2887,台新金,42,0,42,台新-建北,2024-02-05,8151
00720B,元大投資級公司債,46,4,42,台新-建北,2024-02-05,8151
00882,中信中國高股息,37,0,37,台新-建北,2024-02-05,8151
00751B,元大AAA至A公司債,37,0,37,台新-建北,2024-02-05,8151
0056,元大高股息,48,15,33,台新-建北,2024-02-05,8151
3324,雙鴻,42,9,33,台新-建北,2024-02-05,8151
00680L,元大美債20正2,36,3,33,台新-建北,2024-02-05,8151
4534,慶騰,32,0,32,台新-建北,2024-02-05,8151
00878,國泰永續高股息,118,88,30,台新-建北,2024-02-05,8151
3006,晶豪科,30,0,30,台新-建北,2024-02-05,8151
00632R,元大台灣50反1,30,0,30,台新-建北,2024-02-05,8151
1455,集盛,30,0,30,台新-建北,2024-02-05,8151
2313,華通,154,124,30,台新-建北,2024-02-05,8151
6735,美達科技,29,1,28,台新-建北,2024-02-05,8151
00931B,統一美債20年,27,0,27,台新-建北,2024-02-05,8151
1513,中興電,25,0,25,台新-建北,2024-02-05,8151
00857B,永豐20年美公債,25,0,25,台新-建北,2024-02-05,8151
2543,皇昌,23,0,23,台新-建北,2024-02-05,8151
3622,洋華,23,0,23,台新-建北,2024-02-05,8151
2743,山富,20,0,20,台新-建北,2024-02-05,8151
00764B,群益25年美債,18,0,18,台新-建北,2024-02-05,8151
2417,圓剛,17,0,17,台新-建北,2024-02-05,8151
00918,大華優利高填息30,29,12,17,台新-建北,2024-02-05,8151
6140,訊達,117,100,17,台新-建北,2024-02-05,8151
1616,億泰,17,0,17,台新-建北,2024-02-05,8151
6245,立端,17,0,17,台新-建北,2024-02-05,8151
3591,艾笛森,18,1,17,台新-建北,2024-02-05,8151
6684,安格,36,20,16,台新-建北,2024-02-05,8151
2886,兆豐金,16,0,16,台新-建北,2024-02-05,8151
6462,神盾,29,13,16,台新-建北,2024-02-05,8151
4968,立積,49,33,16,台新-建北,2024-02-05,8151
2303,聯電,17,1,16,台新-建北,2024-02-05,8151
00937B,群益ESG投等債20,448,14,434,台新-建北,2024-02-15,8151
00632R,元大台灣50反1,391,150,241,台新-建北,2024-02-15,8151
00688L,國泰20年美債正2,180,0,180,台新-建北,2024-02-15,8151
00687B,國泰20年美債,168,17,151,台新-建北,2024-02-15,8151
4909,新復興,129,11,118,台新-建北,2024-02-15,8151
00670L,富邦NASDAQ正2,120,3,117,台新-建北,2024-02-15,8151
8054,安國,148,37,111,台新-建北,2024-02-15,8151
00878,國泰永續高股息,183,77,106,台新-建北,2024-02-15,8151
2324,仁寶,102,0,102,台新-建北,2024-02-15,8151
00720B,元大投資級公司債,100,0,100,台新-建北,2024-02-15,8151
6462,神盾,93,1,92,台新-建北,2024-02-15,8151
00680L,元大美債20正2,122,35,87,台新-建北,2024-02-15,8151
00772B,中信高評級公司債,86,5,81,台新-建北,2024-02-15,8151
00712,復華富時不動產,109,35,74,台新-建北,2024-02-15,8151
00929,復華台灣科技優息,134,62,72,台新-建北,2024-02-15,8151
2408,南亞科,69,0,69,台新-建北,2024-02-15,8151
00679B,元大美債20年,104,42,62,台新-建北,2024-02-15,8151
3231,緯創,189,130,59,台新-建北,2024-02-15,8151
1591,駿吉-KY,58,0,58,台新-建北,2024-02-15,8151
2356,英業達,291,237,54,台新-建北,2024-02-15,8151
00933B,國泰10Y+金融債,54,0,54,台新-建北,2024-02-15,8151
00931B,統一美債20年,46,1,45,台新-建北,2024-02-15,8151
00911,兆豐洲際半導體,44,0,44,台新-建北,2024-02-15,8151
0056,元大高股息,67,23,44,台新-建北,2024-02-15,8151
2883,凱基金,53,10,43,台新-建北,2024-02-15,8151
2887,台新金,52,11,41,台新-建北,2024-02-15,8151
00751B,元大AAA至A公司債,50,10,40,台新-建北,2024-02-15,8151
2897,王道銀行,37,0,37,台新-建北,2024-02-15,8151
8028,昇陽半導體,35,2,33,台新-建北,2024-02-15,8151
2365,昆盈,221,188,33,台新-建北,2024-02-15,8151
6164,華興,43,10,33,台新-建北,2024-02-15,8151
1513,中興電,50,19,31,台新-建北,2024-02-15,8151
9958,世紀鋼,37,6,31,台新-建北,2024-02-15,8151
2506,太設,31,0,31,台新-建北,2024-02-15,8151
4306,炎洲,30,0,30,台新-建北,2024-02-15,8151
1447,力鵬,40,10,30,台新-建北,2024-02-15,8151
2888,新光金,34,6,28,台新-建北,2024-02-15,8151
00673R,期元大S＆P原油反1,27,0,27,台新-建北,2024-02-15,8151
2929,淘帝-KY,27,0,27,台新-建北,2024-02-15,8151
2377,微星,27,0,27,台新-建北,2024-02-15,8151
00651R,復華香港反1,26,0,26,台新-建北,2024-02-15,8151
2421,建準,87,62,25,台新-建北,2024-02-15,8151
00795B,中信美國公債20年,25,1,24,台新-建北,2024-02-15,8151
5864,致和證,23,0,23,台新-建北,2024-02-15,8151
2344,華邦電,27,4,23,台新-建北,2024-02-15,8151
6735,美達科技,23,0,23,台新-建北,2024-02-15,8151
2610,華航,22,0,22,台新-建北,2024-02-15,8151
3035,智原,62,40,22,台新-建北,2024-02-15,8151
00725B,國泰投資級公司債,21,0,21,台新-建北,2024-02-15,8151
4927,泰鼎-KY,21,0,21,台新-建北,2024-02-15,8151
2388,威盛,641,6,635,台新-建北,2024-02-16,8151
00679B,元大美債20年,182,0,182,台新-建北,2024-02-16,8151
00919,群益台灣精選高息,183,16,167,台新-建北,2024-02-16,8151
00706L,期元大S＆P日圓正2,151,0,151,台新-建北,2024-02-16,8151
00933B,國泰10Y+金融債,149,0,149,台新-建北,2024-02-16,8151
2382,廣達,300,152,148,台新-建北,2024-02-16,8151
00688L,國泰20年美債正2,117,0,117,台新-建北,2024-02-16,8151
2501,國建,110,0,110,台新-建北,2024-02-16,8151
8054,安國,130,40,90,台新-建北,2024-02-16,8151
6546,正基,94,13,81,台新-建北,2024-02-16,8151
2376,技嘉,131,52,79,台新-建北,2024-02-16,8151
2421,建準,113,40,73,台新-建北,2024-02-16,8151
6462,神盾,72,8,64,台新-建北,2024-02-16,8151
3036,文曄,87,26,61,台新-建北,2024-02-16,8151
1309,台達化,50,0,50,台新-建北,2024-02-16,8151
6016,康和證,50,0,50,台新-建北,2024-02-16,8151
8028,昇陽半導體,47,0,47,台新-建北,2024-02-16,8151
2888,新光金,53,9,44,台新-建北,2024-02-16,8151
2352,佳世達,48,7,41,台新-建北,2024-02-16,8151
1815,富喬,414,375,39,台新-建北,2024-02-16,8151
1532,勤美,39,1,38,台新-建北,2024-02-16,8151
2368,金像電,50,13,37,台新-建北,2024-02-16,8151
1101,台泥,42,5,37,台新-建北,2024-02-16,8151
5236,凌陽創新,35,1,34,台新-建北,2024-02-16,8151
8926,台汽電,49,16,33,台新-建北,2024-02-16,8151
3017,奇鋐,39,6,33,台新-建北,2024-02-16,8151
00720B,元大投資級公司債,34,2,32,台新-建北,2024-02-16,8151
2887,台新金,41,10,31,台新-建北,2024-02-16,8151
00772B,中信高評級公司債,31,0,31,台新-建北,2024-02-16,8151
00857B,永豐20年美公債,31,0,31,台新-建北,2024-02-16,8151
8358,金居,51,21,30,台新-建北,2024-02-16,8151
6248,沛波,30,0,30,台新-建北,2024-02-16,8151
2353,宏��,187,157,30,台新-建北,2024-02-16,8151
00712,復華富時不動產,39,10,29,台新-建北,2024-02-16,8151
6274,台燿,36,9,27,台新-建北,2024-02-16,8151
00878,國泰永續高股息,64,38,26,台新-建北,2024-02-16,8151
2371,大同,39,14,25,台新-建北,2024-02-16,8151
4714,永捷,26,2,24,台新-建北,2024-02-16,8151
1524,耿鼎,55,31,24,台新-建北,2024-02-16,8151
3025,星通,30,6,24,台新-建北,2024-02-16,8151
00795B,中信美國公債20年,24,0,24,台新-建北,2024-02-16,8151
2355,敬鵬,38,15,23,台新-建北,2024-02-16,8151
8473,山林水,25,2,23,台新-建北,2024-02-16,8151
6288,聯嘉,22,0,22,台新-建北,2024-02-16,8151
2383,台光電,24,3,21,台新-建北,2024-02-16,8151
2537,聯上發,40,20,20,台新-建北,2024-02-16,8151
4123,晟德,20,0,20,台新-建北,2024-02-16,8151
2634,漢翔,20,0,20,台新-建北,2024-02-16,8151
6108,競國,20,0,20,台新-建北,2024-02-16,8151
1808,潤隆,20,0,20,台新-建北,2024-02-16,8151
5443,均豪,267,31,236,台新-建北,2024-02-19,8151
5457,宣德,195,12,183,台新-建北,2024-02-19,8151
8936,國統,224,67,157,台新-建北,2024-02-19,8151
5521,工信,151,16,135,台新-建北,2024-02-19,8151
00878,國泰永續高股息,122,24,98,台新-建北,2024-02-19,8151
2543,皇昌,99,6,93,台新-建北,2024-02-19,8151
2537,聯上發,132,44,88,台新-建北,2024-02-19,8151
3004,豐達科,86,0,86,台新-建北,2024-02-19,8151
6125,廣運,124,39,85,台新-建北,2024-02-19,8151
1786,科妍,75,0,75,台新-建北,2024-02-19,8151
5515,建國,76,6,70,台新-建北,2024-02-19,8151
00720B,元大投資級公司債,73,4,69,台新-建北,2024-02-19,8151
4968,立積,78,11,67,台新-建北,2024-02-19,8151
8011,台通,69,3,66,台新-建北,2024-02-19,8151
00687B,國泰20年美債,67,1,66,台新-建北,2024-02-19,8151
1586,和勤,60,0,60,台新-建北,2024-02-19,8151
00919,群益台灣精選高息,67,9,58,台新-建北,2024-02-19,8151
6016,康和證,50,0,50,台新-建北,2024-02-19,8151
2460,建通,73,27,46,台新-建北,2024-02-19,8151
6274,台燿,70,28,42,台新-建北,2024-02-19,8151
00679B,元大美債20年,46,6,40,台新-建北,2024-02-19,8151
5203,訊連,40,0,40,台新-建北,2024-02-19,8151
3324,雙鴻,42,6,36,台新-建北,2024-02-19,8151
5533,皇鼎,36,0,36,台新-建北,2024-02-19,8151
3663,鑫科,36,0,36,台新-建北,2024-02-19,8151
1806,冠軍,55,19,36,台新-建北,2024-02-19,8151
2504,國產,42,7,35,台新-建北,2024-02-19,8151
3231,緯創,91,56,35,台新-建北,2024-02-19,8151
3708,上緯投控,55,21,34,台新-建北,2024-02-19,8151
3703,欣陸,34,0,34,台新-建北,2024-02-19,8151
2353,宏��,78,44,34,台新-建北,2024-02-19,8151
00933B,國泰10Y+金融債,31,0,31,台新-建北,2024-02-19,8151
8064,東捷,31,0,31,台新-建北,2024-02-19,8151
2455,全新,39,8,31,台新-建北,2024-02-19,8151
00929,復華台灣科技優息,85,54,31,台新-建北,2024-02-19,8151
6282,康舒,85,55,30,台新-建北,2024-02-19,8151
3017,奇鋐,36,7,29,台新-建北,2024-02-19,8151
8027,鈦昇,37,8,29,台新-建北,2024-02-19,8151
00772B,中信高評級公司債,26,0,26,台新-建北,2024-02-19,8151
2371,大同,48,22,26,台新-建北,2024-02-19,8151
2528,皇普,34,8,26,台新-建北,2024-02-19,8151
1513,中興電,93,67,26,台新-建北,2024-02-19,8151
00680L,元大美債20正2,25,0,25,台新-建北,2024-02-19,8151
8926,台汽電,30,6,24,台新-建北,2024-02-19,8151
2303,聯電,24,0,24,台新-建北,2024-02-19,8151
3437,榮創,31,8,23,台新-建北,2024-02-19,8151
2428,興勤,24,1,23,台新-建北,2024-02-19,8151
2313,華通,34,12,22,台新-建北,2024-02-19,8151
5498,凱崴,23,1,22,台新-建北,2024-02-19,8151
1717,長興,32,10,22,台新-建北,2024-02-19,8151
5512,力麒,207,0,207,台新-建北,2024-02-20,8151
6282,康舒,248,106,142,台新-建北,2024-02-20,8151
00937B,群益ESG投等債20,138,0,138,台新-建北,2024-02-20,8151
3036,文曄,143,7,136,台新-建北,2024-02-20,8151
00933B,國泰10Y+金融債,129,0,129,台新-建北,2024-02-20,8151
00688L,國泰20年美債正2,108,0,108,台新-建北,2024-02-20,8151
8011,台通,105,4,101,台新-建北,2024-02-20,8151
00929,復華台灣科技優息,198,100,98,台新-建北,2024-02-20,8151
2329,華泰,412,322,90,台新-建北,2024-02-20,8151
5258,虹堡,103,48,55,台新-建北,2024-02-20,8151
3481,群創,66,16,50,台新-建北,2024-02-20,8151
1309,台達化,50,0,50,台新-建北,2024-02-20,8151
1815,富喬,124,80,44,台新-建北,2024-02-20,8151
00931B,統一美債20年,43,0,43,台新-建北,2024-02-20,8151
2062,橋椿,40,1,39,台新-建北,2024-02-20,8151
4979,華星光,114,77,37,台新-建北,2024-02-20,8151
6207,雷科,121,86,35,台新-建北,2024-02-20,8151
8110,華東,43,11,32,台新-建北,2024-02-20,8151
2520,冠德,32,0,32,台新-建北,2024-02-20,8151
3607,谷崧,236,205,31,台新-建北,2024-02-20,8151
2501,國建,30,0,30,台新-建北,2024-02-20,8151
8936,國統,38,8,30,台新-建北,2024-02-20,8151
00679B,元大美債20年,30,1,29,台新-建北,2024-02-20,8151
4968,立積,60,32,28,台新-建北,2024-02-20,8151
2888,新光金,37,10,27,台新-建北,2024-02-20,8151
00751B,元大AAA至A公司債,26,0,26,台新-建北,2024-02-20,8151
8028,昇陽半導體,27,1,26,台新-建北,2024-02-20,8151
00878,國泰永續高股息,50,25,25,台新-建北,2024-02-20,8151
2303,聯電,29,5,24,台新-建北,2024-02-20,8151
00923,群益台ESG低碳50,28,4,24,台新-建北,2024-02-20,8151
2528,皇普,23,0,23,台新-建北,2024-02-20,8151
00772B,中信高評級公司債,22,0,22,台新-建北,2024-02-20,8151
1314,中石化,22,0,22,台新-建北,2024-02-20,8151
3663,鑫科,26,4,22,台新-建北,2024-02-20,8151
6112,邁達特,22,0,22,台新-建北,2024-02-20,8151
1809,中釉,137,115,22,台新-建北,2024-02-20,8151
3234,光環,22,1,21,台新-建北,2024-02-20,8151
00687B,國泰20年美債,25,5,20,台新-建北,2024-02-20,8151
3017,奇鋐,23,3,20,台新-建北,2024-02-20,8151
2344,華邦電,22,2,20,台新-建北,2024-02-20,8151
00885,富邦越南,20,0,20,台新-建北,2024-02-20,8151
5009,榮剛,20,0,20,台新-建北,2024-02-20,8151
2504,國產,21,1,20,台新-建北,2024-02-20,8151
00720B,元大投資級公司債,20,0,20,台新-建北,2024-02-20,8151
6667,信紘科,25,6,19,台新-建北,2024-02-20,8151
3231,緯創,74,56,18,台新-建北,2024-02-20,8151
3551,世禾,37,19,18,台新-建北,2024-02-20,8151
4770,上品,19,1,18,台新-建北,2024-02-20,8151
4960,誠美材,21,3,18,台新-建北,2024-02-20,8151
00712,復華富時不動產,17,0,17,台新-建北,2024-02-20,8151
00919,群益台灣精選高息,241,14,227,台新-建北,2024-02-21,8151
00878,國泰永續高股息,178,0,178,台新-建北,2024-02-21,8151
4414,如興,160,0,160,台新-建北,2024-02-21,8151
8936,國統,143,20,123,台新-建北,2024-02-21,8151
3663,鑫科,115,0,115,台新-建北,2024-02-21,8151
00933B,國泰10Y+金融債,111,0,111,台新-建北,2024-02-21,8151
00637L,元大滬深300正2,130,28,102,台新-建北,2024-02-21,8151
00633L,富邦上証正2,100,0,100,台新-建北,2024-02-21,8151
1513,中興電,140,54,86,台新-建北,2024-02-21,8151
00937B,群益ESG投等債20,87,5,82,台新-建北,2024-02-21,8151
3047,訊舟,115,45,70,台新-建北,2024-02-21,8151
6462,神盾,70,1,69,台新-建北,2024-02-21,8151
00651R,復華香港反1,67,0,67,台新-建北,2024-02-21,8151
2609,陽明,137,76,61,台新-建北,2024-02-21,8151
00687B,國泰20年美債,61,3,58,台新-建北,2024-02-21,8151
1316,上曜,72,16,56,台新-建北,2024-02-21,8151
00712,復華富時不動產,47,0,47,台新-建北,2024-02-21,8151
6806,森崴能源,56,13,43,台新-建北,2024-02-21,8151
1514,亞力,73,32,41,台新-建北,2024-02-21,8151
00753L,中信中國50正2,47,9,38,台新-建北,2024-02-21,8151
2442,新美齊,35,0,35,台新-建北,2024-02-21,8151
00891,中信關鍵半導體,32,0,32,台新-建北,2024-02-21,8151
00688L,國泰20年美債正2,32,0,32,台新-建北,2024-02-21,8151
00679B,元大美債20年,31,1,30,台新-建北,2024-02-21,8151
8092,建暐,30,0,30,台新-建北,2024-02-21,8151
00715L,期街口布蘭特正2,50,22,28,台新-建北,2024-02-21,8151
00795B,中信美國公債20年,28,0,28,台新-建北,2024-02-21,8151
8249,菱光,26,0,26,台新-建北,2024-02-21,8151
3163,波若威,91,67,24,台新-建北,2024-02-21,8151
2504,國產,26,2,24,台新-建北,2024-02-21,8151
3231,緯創,57,35,22,台新-建北,2024-02-21,8151
2367,燿華,24,2,22,台新-建北,2024-02-21,8151
3535,晶彩科,39,17,22,台新-建北,2024-02-21,8151
3437,榮創,22,0,22,台新-建北,2024-02-21,8151
3551,世禾,24,3,21,台新-建北,2024-02-21,8151
3005,神基,76,55,21,台新-建北,2024-02-21,8151
4167,松瑞藥,20,0,20,台新-建北,2024-02-21,8151
9919,康那香,21,1,20,台新-建北,2024-02-21,8151
1471,首利,20,0,20,台新-建北,2024-02-21,8151
5258,虹堡,42,22,20,台新-建北,2024-02-21,8151
3715,定穎投控,22,4,18,台新-建北,2024-02-21,8151
00882,中信中國高股息,22,4,18,台新-建北,2024-02-21,8151
6799,來頡,25,7,18,台新-建北,2024-02-21,8151
5512,力麒,17,0,17,台新-建北,2024-02-21,8151
1528,恩德,17,0,17,台新-建北,2024-02-21,8151
2515,中工,19,3,16,台新-建北,2024-02-21,8151
6233,旺玖,74,58,16,台新-建北,2024-02-21,8151
2645,長榮航太,15,0,15,台新-建北,2024-02-21,8151
3481,群創,78,63,15,台新-建北,2024-02-21,8151
8442,威宏-KY,16,2,14,台新-建北,2024-02-21,8151
3663,鑫科,336,1,335,台新-建北,2024-02-22,8151
9958,世紀鋼,334,3,331,台新-建北,2024-02-22,8151
00937B,群益ESG投等債20,250,12,238,台新-建北,2024-02-22,8151
00650L,復華香港正2,200,0,200,台新-建北,2024-02-22,8151
00919,群益台灣精選高息,205,52,153,台新-建北,2024-02-22,8151
2329,華泰,590,443,147,台新-建北,2024-02-22,8151
00933B,國泰10Y+金融債,117,0,117,台新-建北,2024-02-22,8151
8936,國統,110,10,100,台新-建北,2024-02-22,8151
2520,冠德,85,0,85,台新-建北,2024-02-22,8151
3706,神達,185,102,83,台新-建北,2024-02-22,8151
00679B,元大美債20年,85,13,72,台新-建北,2024-02-22,8151
6231,系微,76,11,65,台新-建北,2024-02-22,8151
5498,凱崴,64,0,64,台新-建北,2024-02-22,8151
1809,中釉,118,62,56,台新-建北,2024-02-22,8151
9919,康那香,55,0,55,台新-建北,2024-02-22,8151
1513,中興電,85,30,55,台新-建北,2024-02-22,8151
2405,輔信,68,15,53,台新-建北,2024-02-22,8151
6141,柏承,175,122,53,台新-建北,2024-02-22,8151
4414,如興,50,0,50,台新-建北,2024-02-22,8151
00934,中信成長高股息,50,2,48,台新-建北,2024-02-22,8151
00687B,國泰20年美債,41,0,41,台新-建北,2024-02-22,8151
00712,復華富時不動產,46,5,41,台新-建北,2024-02-22,8151
2884,玉山金,40,0,40,台新-建北,2024-02-22,8151
1815,富喬,74,34,40,台新-建北,2024-02-22,8151
00931B,統一美債20年,36,1,35,台新-建北,2024-02-22,8151
1316,上曜,70,37,33,台新-建北,2024-02-22,8151
1455,集盛,32,0,32,台新-建北,2024-02-22,8151
2417,圓剛,39,8,31,台新-建北,2024-02-22,8151
00665L,富邦�琤肭磪囓�2,130,100,30,台新-建北,2024-02-22,8151
3231,緯創,82,52,30,台新-建北,2024-02-22,8151
00795B,中信美國公債20年,33,3,30,台新-建北,2024-02-22,8151
2464,盟立,77,51,26,台新-建北,2024-02-22,8151
3450,聯鈞,54,30,24,台新-建北,2024-02-22,8151
8926,台汽電,23,0,23,台新-建北,2024-02-22,8151
1524,耿鼎,36,13,23,台新-建北,2024-02-22,8151
2442,新美齊,23,0,23,台新-建北,2024-02-22,8151
00688L,國泰20年美債正2,22,0,22,台新-建北,2024-02-22,8151
6684,安格,55,34,21,台新-建北,2024-02-22,8151
2371,大同,287,266,21,台新-建北,2024-02-22,8151
2633,台灣高鐵,20,0,20,台新-建北,2024-02-22,8151
3234,光環,25,5,20,台新-建北,2024-02-22,8151
2506,太設,20,0,20,台新-建北,2024-02-22,8151
3221,台嘉碩,39,19,20,台新-建北,2024-02-22,8151
6578,達邦蛋白,20,0,20,台新-建北,2024-02-22,8151
00700,富邦�琤肭磪�,20,0,20,台新-建北,2024-02-22,8151
6016,康和證,20,0,20,台新-建北,2024-02-22,8151
3390,旭軟,20,2,18,台新-建北,2024-02-22,8151
8105,凌巨,44,28,16,台新-建北,2024-02-22,8151
2537,聯上發,50,34,16,台新-建北,2024-02-22,8151
2484,希華,37,21,16,台新-建北,2024-02-22,8151
2884,玉山金,2035,4,2031,台新-建北,2024-02-23,8151
5258,虹堡,229,19,210,台新-建北,2024-02-23,8151
8936,國統,218,43,175,台新-建北,2024-02-23,8151
00937B,群益ESG投等債20,168,10,158,台新-建北,2024-02-23,8151
00919,群益台灣精選高息,200,49,151,台新-建北,2024-02-23,8151
00712,復華富時不動產,137,0,137,台新-建北,2024-02-23,8151
1303,南亞,176,60,116,台新-建北,2024-02-23,8151
2543,皇昌,154,45,109,台新-建北,2024-02-23,8151
2303,聯電,105,1,104,台新-建北,2024-02-23,8151
5512,力麒,103,1,102,台新-建北,2024-02-23,8151
9919,康那香,81,6,75,台新-建北,2024-02-23,8151
2324,仁寶,87,13,74,台新-建北,2024-02-23,8151
1513,中興電,196,124,72,台新-建北,2024-02-23,8151
00933B,國泰10Y+金融債,72,0,72,台新-建北,2024-02-23,8151
2609,陽明,91,23,68,台新-建北,2024-02-23,8151
00671R,富邦NASDAQ反1,55,0,55,台新-建北,2024-02-23,8151
3231,緯創,108,54,54,台新-建北,2024-02-23,8151
8011,台通,63,14,49,台新-建北,2024-02-23,8151
6288,聯嘉,57,11,46,台新-建北,2024-02-23,8151
6416,瑞祺電通,49,4,45,台新-建北,2024-02-23,8151
1514,亞力,149,104,45,台新-建北,2024-02-23,8151
2618,長榮航,49,5,44,台新-建北,2024-02-23,8151
00632R,元大台灣50反1,89,46,43,台新-建北,2024-02-23,8151
2382,廣達,55,16,39,台新-建北,2024-02-23,8151
2888,新光金,37,2,35,台新-建北,2024-02-23,8151
00878,國泰永續高股息,55,20,35,台新-建北,2024-02-23,8151
00679B,元大美債20年,33,0,33,台新-建北,2024-02-23,8151
2486,一詮,40,7,33,台新-建北,2024-02-23,8151
00687B,國泰20年美債,32,0,32,台新-建北,2024-02-23,8151
8930,青鋼,31,3,28,台新-建北,2024-02-23,8151
1717,長興,63,35,28,台新-建北,2024-02-23,8151
6462,神盾,30,5,25,台新-建北,2024-02-23,8151
6161,捷波,25,0,25,台新-建北,2024-02-23,8151
2887,台新金,24,0,24,台新-建北,2024-02-23,8151
2356,英業達,29,6,23,台新-建北,2024-02-23,8151
2610,華航,24,1,23,台新-建北,2024-02-23,8151
6667,信紘科,44,22,22,台新-建北,2024-02-23,8151
3037,欣興,30,8,22,台新-建北,2024-02-23,8151
2885,元大金,22,0,22,台新-建北,2024-02-23,8151
6142,友勁,22,0,22,台新-建北,2024-02-23,8151
2489,瑞軒,22,0,22,台新-建北,2024-02-23,8151
3036,文曄,28,7,21,台新-建北,2024-02-23,8151
6126,信音,36,15,21,台新-建北,2024-02-23,8151
3055,蔚華科,20,0,20,台新-建北,2024-02-23,8151
6477,安集,24,4,20,台新-建北,2024-02-23,8151
1108,幸福,20,0,20,台新-建北,2024-02-23,8151
6788,華景電,25,5,20,台新-建北,2024-02-23,8151
6243,迅杰,20,1,19,台新-建北,2024-02-23,8151
2482,連宇,20,1,19,台新-建北,2024-02-23,8151
2421,建準,30,12,18,台新-建北,2024-02-23,8151
2884,玉山金,3020,6,3014,台新-建北,2024-02-26,8151
00919,群益台灣精選高息,395,41,354,台新-建北,2024-02-26,8151
00632R,元大台灣50反1,339,0,339,台新-建北,2024-02-26,8151
2382,廣達,135,8,127,台新-建北,2024-02-26,8151
5234,達興材料,131,7,124,台新-建北,2024-02-26,8151
6167,久正,121,1,120,台新-建北,2024-02-26,8151
1447,力鵬,117,0,117,台新-建北,2024-02-26,8151
1727,中華化,101,2,99,台新-建北,2024-02-26,8151
00687B,國泰20年美債,101,5,96,台新-建北,2024-02-26,8151
4979,華星光,121,28,93,台新-建北,2024-02-26,8151
8936,國統,198,124,74,台新-建北,2024-02-26,8151
2329,華泰,224,162,62,台新-建北,2024-02-26,8151
5438,東友,59,0,59,台新-建北,2024-02-26,8151
4909,新復興,64,7,57,台新-建北,2024-02-26,8151
2359,所羅門,52,0,52,台新-建北,2024-02-26,8151
1605,華新,51,0,51,台新-建北,2024-02-26,8151
8112,至上,49,0,49,台新-建北,2024-02-26,8151
2495,普安,87,38,49,台新-建北,2024-02-26,8151
2409,友達,51,4,47,台新-建北,2024-02-26,8151
6414,樺漢,50,3,47,台新-建北,2024-02-26,8151
6578,達邦蛋白,46,4,42,台新-建北,2024-02-26,8151
2609,陽明,53,11,42,台新-建北,2024-02-26,8151
3231,緯創,133,93,40,台新-建北,2024-02-26,8151
3708,上緯投控,43,3,40,台新-建北,2024-02-26,8151
1432,大魯閣,37,0,37,台新-建北,2024-02-26,8151
2476,鉅祥,42,9,33,台新-建北,2024-02-26,8151
2317,鴻海,53,20,33,台新-建北,2024-02-26,8151
2405,輔信,90,58,32,台新-建北,2024-02-26,8151
3702,大聯大,31,1,30,台新-建北,2024-02-26,8151
2431,聯昌,30,0,30,台新-建北,2024-02-26,8151
5340,建榮,30,1,29,台新-建北,2024-02-26,8151
2363,矽統,97,73,24,台新-建北,2024-02-26,8151
00878,國泰永續高股息,180,157,23,台新-建北,2024-02-26,8151
3284,太普高,23,0,23,台新-建北,2024-02-26,8151
00679B,元大美債20年,50,27,23,台新-建北,2024-02-26,8151
2367,燿華,28,6,22,台新-建北,2024-02-26,8151
2059,川湖,25,4,21,台新-建北,2024-02-26,8151
5533,皇鼎,20,0,20,台新-建北,2024-02-26,8151
2303,聯電,20,1,19,台新-建北,2024-02-26,8151
3032,偉訓,25,7,18,台新-建北,2024-02-26,8151
5521,工信,88,70,18,台新-建北,2024-02-26,8151
2809,京城銀,20,2,18,台新-建北,2024-02-26,8151
2883,凱基金,30,12,18,台新-建北,2024-02-26,8151
3689,湧德,32,14,18,台新-建北,2024-02-26,8151
3362,先進光,20,3,17,台新-建北,2024-02-26,8151
3017,奇鋐,32,16,16,台新-建北,2024-02-26,8151
8092,建暐,22,6,16,台新-建北,2024-02-26,8151
5457,宣德,21,5,16,台新-建北,2024-02-26,8151
2892,第一金,17,1,16,台新-建北,2024-02-26,8151
3169,亞信,18,3,15,台新-建北,2024-02-26,8151
2884,玉山金,3359,417,2942,台新-建北,2024-02-27,8151
00878,國泰永續高股息,602,92,510,台新-建北,2024-02-27,8151
00633L,富邦上証正2,270,0,270,台新-建北,2024-02-27,8151
00929,復華台灣科技優息,346,86,260,台新-建北,2024-02-27,8151
00937B,群益ESG投等債20,181,1,180,台新-建北,2024-02-27,8151
2382,廣達,148,9,139,台新-建北,2024-02-27,8151
8936,國統,185,71,114,台新-建北,2024-02-27,8151
00933B,國泰10Y+金融債,106,0,106,台新-建北,2024-02-27,8151
00679B,元大美債20年,102,4,98,台新-建北,2024-02-27,8151
4303,信立,113,26,87,台新-建北,2024-02-27,8151
2543,皇昌,112,39,73,台新-建北,2024-02-27,8151
9919,康那香,70,1,69,台新-建北,2024-02-27,8151
2002,中鋼,68,0,68,台新-建北,2024-02-27,8151
1432,大魯閣,71,5,66,台新-建北,2024-02-27,8151
6167,久正,80,17,63,台新-建北,2024-02-27,8151
3324,雙鴻,72,10,62,台新-建北,2024-02-27,8151
1802,台玻,55,0,55,台新-建北,2024-02-27,8151
3049,精金,53,0,53,台新-建北,2024-02-27,8151
9105,泰金寶-DR,50,0,50,台新-建北,2024-02-27,8151
2101,南港,50,1,49,台新-建北,2024-02-27,8151
2888,新光金,49,1,48,台新-建北,2024-02-27,8151
1711,永光,96,50,46,台新-建北,2024-02-27,8151
00919,群益台灣精選高息,105,63,42,台新-建北,2024-02-27,8151
5234,達興材料,41,0,41,台新-建北,2024-02-27,8151
2399,映泰,48,8,40,台新-建北,2024-02-27,8151
4973,廣穎,45,7,38,台新-建北,2024-02-27,8151
3450,聯鈞,110,73,37,台新-建北,2024-02-27,8151
2379,瑞昱,46,11,35,台新-建北,2024-02-27,8151
1568,倉佑,36,1,35,台新-建北,2024-02-27,8151
2890,永豐金,34,0,34,台新-建北,2024-02-27,8151
2887,台新金,62,30,32,台新-建北,2024-02-27,8151
2464,盟立,30,0,30,台新-建北,2024-02-27,8151
2204,中華,29,0,29,台新-建北,2024-02-27,8151
6282,康舒,35,7,28,台新-建北,2024-02-27,8151
6505,台塑化,27,0,27,台新-建北,2024-02-27,8151
0056,元大高股息,41,14,27,台新-建北,2024-02-27,8151
2412,中華電,27,0,27,台新-建北,2024-02-27,8151
6113,亞矽,38,12,26,台新-建北,2024-02-27,8151
2354,鴻準,26,0,26,台新-建北,2024-02-27,8151
1319,東陽,42,17,25,台新-建北,2024-02-27,8151
3581,博磊,32,9,23,台新-建北,2024-02-27,8151
00720B,元大投資級公司債,23,0,23,台新-建北,2024-02-27,8151
2486,一詮,27,4,23,台新-建北,2024-02-27,8151
8096,擎亞,51,28,23,台新-建北,2024-02-27,8151
00632R,元大台灣50反1,52,30,22,台新-建北,2024-02-27,8151
2885,元大金,21,0,21,台新-建北,2024-02-27,8151
3055,蔚華科,21,1,20,台新-建北,2024-02-27,8151
2929,淘帝-KY,20,0,20,台新-建北,2024-02-27,8151
6585,鼎基,20,0,20,台新-建北,2024-02-27,8151
3231,緯創,299,279,20,台新-建北,2024-02-27,8151
2884,玉山金,1403,7,1396,台新-建北,2024-02-29,8151
00929,復華台灣科技優息,272,53,219,台新-建北,2024-02-29,8151
6190,萬泰科,155,1,154,台新-建北,2024-02-29,8151
00687B,國泰20年美債,147,0,147,台新-建北,2024-02-29,8151
00937B,群益ESG投等債20,275,141,134,台新-建北,2024-02-29,8151
2371,大同,214,81,133,台新-建北,2024-02-29,8151
00632R,元大台灣50反1,138,5,133,台新-建北,2024-02-29,8151
00919,群益台灣精選高息,118,13,105,台新-建北,2024-02-29,8151
2369,菱生,118,21,97,台新-建北,2024-02-29,8151
2462,良得電,86,0,86,台新-建北,2024-02-29,8151
3324,雙鴻,80,6,74,台新-建北,2024-02-29,8151
3312,弘憶股,71,3,68,台新-建北,2024-02-29,8151
1515,力山,53,0,53,台新-建北,2024-02-29,8151
4927,泰鼎-KY,47,0,47,台新-建北,2024-02-29,8151
00679B,元大美債20年,58,11,47,台新-建北,2024-02-29,8151
00933B,國泰10Y+金融債,46,0,46,台新-建北,2024-02-29,8151
00680L,元大美債20正2,44,1,43,台新-建北,2024-02-29,8151
2476,鉅祥,54,11,43,台新-建北,2024-02-29,8151
00664R,國泰臺灣加權反1,40,0,40,台新-建北,2024-02-29,8151
6026,福邦證,40,1,39,台新-建北,2024-02-29,8151
6167,久正,46,8,38,台新-建北,2024-02-29,8151
3376,新日興,55,21,34,台新-建北,2024-02-29,8151
2887,台新金,34,1,33,台新-建北,2024-02-29,8151
00795B,中信美國公債20年,33,0,33,台新-建北,2024-02-29,8151
6143,振曜,38,5,33,台新-建北,2024-02-29,8151
4129,聯合,30,0,30,台新-建北,2024-02-29,8151
1618,合機,63,33,30,台新-建北,2024-02-29,8151
5258,虹堡,32,2,30,台新-建北,2024-02-29,8151
5284,jpp-KY,29,0,29,台新-建北,2024-02-29,8151
1216,統一,30,1,29,台新-建北,2024-02-29,8151
2431,聯昌,36,8,28,台新-建北,2024-02-29,8151
6781,AES-KY,29,1,28,台新-建北,2024-02-29,8151
2929,淘帝-KY,25,0,25,台新-建北,2024-02-29,8151
2356,英業達,35,12,23,台新-建北,2024-02-29,8151
2230,泰茂,24,1,23,台新-建北,2024-02-29,8151
3715,定穎投控,44,22,22,台新-建北,2024-02-29,8151
2851,中再保,22,0,22,台新-建北,2024-02-29,8151
6173,信昌電,22,0,22,台新-建北,2024-02-29,8151
2303,聯電,32,11,21,台新-建北,2024-02-29,8151
3346,麗清,20,0,20,台新-建北,2024-02-29,8151
3024,憶聲,20,0,20,台新-建北,2024-02-29,8151
4167,松瑞藥,20,0,20,台新-建北,2024-02-29,8151
2506,太設,20,0,20,台新-建北,2024-02-29,8151
4540,全球傳動,33,13,20,台新-建北,2024-02-29,8151
2031,新光鋼,22,2,20,台新-建北,2024-02-29,8151
00878,國泰永續高股息,64,45,19,台新-建北,2024-02-29,8151
6585,鼎基,20,1,19,台新-建北,2024-02-29,8151
2425,承啟,28,10,18,台新-建北,2024-02-29,8151
4550,長佳,17,0,17,台新-建北,2024-02-29,8151
5269,祥碩,18,2,16,台新-建北,2024-02-29,8151
2884,玉山金,804,72,732,台新-建北,2024-03-01,8151
00919,群益台灣精選高息,448,38,410,台新-建北,2024-03-01,8151
00937B,群益ESG投等債20,418,122,296,台新-建北,2024-03-01,8151
00911,兆豐洲際半導體,215,0,215,台新-建北,2024-03-01,8151
2031,新光鋼,156,3,153,台新-建北,2024-03-01,8151
4968,立積,134,25,109,台新-建北,2024-03-01,8151
6167,久正,167,61,106,台新-建北,2024-03-01,8151
8085,福華,136,46,90,台新-建北,2024-03-01,8151
3312,弘憶股,83,7,76,台新-建北,2024-03-01,8151
00929,復華台灣科技優息,105,41,64,台新-建北,2024-03-01,8151
9105,泰金寶-DR,61,1,60,台新-建北,2024-03-01,8151
3363,上詮,78,19,59,台新-建北,2024-03-01,8151
2409,友達,78,20,58,台新-建北,2024-03-01,8151
6288,聯嘉,70,12,58,台新-建北,2024-03-01,8151
3346,麗清,56,1,55,台新-建北,2024-03-01,8151
6016,康和證,50,0,50,台新-建北,2024-03-01,8151
00706L,期元大S＆P日圓正2,50,0,50,台新-建北,2024-03-01,8151
6274,台燿,106,57,49,台新-建北,2024-03-01,8151
2609,陽明,72,27,45,台新-建北,2024-03-01,8151
5284,jpp-KY,47,2,45,台新-建北,2024-03-01,8151
6770,力積電,44,1,43,台新-建北,2024-03-01,8151
1785,光洋科,41,1,40,台新-建北,2024-03-01,8151
2524,京城,38,0,38,台新-建北,2024-03-01,8151
1447,力鵬,34,0,34,台新-建北,2024-03-01,8151
2206,三陽工業,39,7,32,台新-建北,2024-03-01,8151
2303,聯電,31,0,31,台新-建北,2024-03-01,8151
6125,廣運,134,104,30,台新-建北,2024-03-01,8151
00913,兆豐台灣晶圓製造,29,0,29,台新-建北,2024-03-01,8151
2211,長榮鋼,28,0,28,台新-建北,2024-03-01,8151
6579,研揚,32,5,27,台新-建北,2024-03-01,8151
2618,長榮航,26,0,26,台新-建北,2024-03-01,8151
2329,華泰,61,36,25,台新-建北,2024-03-01,8151
1201,味全,25,0,25,台新-建北,2024-03-01,8151
4550,長佳,24,0,24,台新-建北,2024-03-01,8151
4714,永捷,24,0,24,台新-建北,2024-03-01,8151
4967,十銓,23,0,23,台新-建北,2024-03-01,8151
4927,泰鼎-KY,23,0,23,台新-建北,2024-03-01,8151
2230,泰茂,29,6,23,台新-建北,2024-03-01,8151
00688L,國泰20年美債正2,21,0,21,台新-建北,2024-03-01,8151
3360,尚立,97,76,21,台新-建北,2024-03-01,8151
6781,AES-KY,21,0,21,台新-建北,2024-03-01,8151
6271,同欣電,33,12,21,台新-建北,2024-03-01,8151
8040,九暘,22,2,20,台新-建北,2024-03-01,8151
2506,太設,20,0,20,台新-建北,2024-03-01,8151
00903,富邦元宇宙,20,0,20,台新-建北,2024-03-01,8151
00773B,中信優先金融債,19,0,19,台新-建北,2024-03-01,8151
00720B,元大投資級公司債,21,2,19,台新-建北,2024-03-01,8151
00679B,元大美債20年,21,2,19,台新-建北,2024-03-01,8151
3055,蔚華科,43,24,19,台新-建北,2024-03-01,8151
2606,裕民,19,0,19,台新-建北,2024-03-01,8151
2884,玉山金,803,4,799,台新-建北,2024-03-04,8151
3081,聯亞,506,5,501,台新-建北,2024-03-04,8151
00632R,元大台灣50反1,213,4,209,台新-建北,2024-03-04,8151
6290,良維,242,34,208,台新-建北,2024-03-04,8151
2363,矽統,208,33,175,台新-建北,2024-03-04,8151
2367,燿華,204,68,136,台新-建北,2024-03-04,8151
00679B,元大美債20年,124,0,124,台新-建北,2024-03-04,8151
00915,凱基優選高股息30,129,19,110,台新-建北,2024-03-04,8151
2888,新光金,121,14,107,台新-建北,2024-03-04,8151
3017,奇鋐,118,15,103,台新-建北,2024-03-04,8151
3013,晟銘電,111,17,94,台新-建北,2024-03-04,8151
2031,新光鋼,94,4,90,台新-建北,2024-03-04,8151
2376,技嘉,215,128,87,台新-建北,2024-03-04,8151
00933B,國泰10Y+金融債,114,31,83,台新-建北,2024-03-04,8151
1432,大魯閣,79,2,77,台新-建北,2024-03-04,8151
1605,華新,72,2,70,台新-建北,2024-03-04,8151
3363,上詮,84,18,66,台新-建北,2024-03-04,8151
00918,大華優利高填息30,68,2,66,台新-建北,2024-03-04,8151
00878,國泰永續高股息,119,55,64,台新-建北,2024-03-04,8151
1809,中釉,64,3,61,台新-建北,2024-03-04,8151
00919,群益台灣精選高息,78,18,60,台新-建北,2024-03-04,8151
3346,麗清,61,3,58,台新-建北,2024-03-04,8151
5388,中磊,57,2,55,台新-建北,2024-03-04,8151
6016,康和證,55,0,55,台新-建北,2024-03-04,8151
8936,國統,62,8,54,台新-建北,2024-03-04,8151
1409,新纖,377,325,52,台新-建北,2024-03-04,8151
6227,茂綸,50,2,48,台新-建北,2024-03-04,8151
00937B,群益ESG投等債20,105,58,47,台新-建北,2024-03-04,8151
2230,泰茂,50,5,45,台新-建北,2024-03-04,8151
3231,緯創,175,130,45,台新-建北,2024-03-04,8151
2408,南亞科,45,1,44,台新-建北,2024-03-04,8151
6275,元山,52,12,40,台新-建北,2024-03-04,8151
2324,仁寶,510,473,37,台新-建北,2024-03-04,8151
6026,福邦證,36,0,36,台新-建北,2024-03-04,8151
1618,合機,53,19,34,台新-建北,2024-03-04,8151
1815,富喬,57,23,34,台新-建北,2024-03-04,8151
6163,華電網,35,1,34,台新-建北,2024-03-04,8151
00687B,國泰20年美債,49,15,34,台新-建北,2024-03-04,8151
8085,福華,51,19,32,台新-建北,2024-03-04,8151
00676R,富邦臺灣加權反1,32,0,32,台新-建北,2024-03-04,8151
4414,如興,30,0,30,台新-建北,2024-03-04,8151
00650L,復華香港正2,30,0,30,台新-建北,2024-03-04,8151
8064,東捷,35,5,30,台新-建北,2024-03-04,8151
3645,達邁,23,0,23,台新-建北,2024-03-04,8151
9105,泰金寶-DR,23,0,23,台新-建北,2024-03-04,8151
4543,萬在,27,4,23,台新-建北,2024-03-04,8151
00720B,元大投資級公司債,24,2,22,台新-建北,2024-03-04,8151
4529,淳紳,22,0,22,台新-建北,2024-03-04,8151
0056,元大高股息,45,24,21,台新-建北,2024-03-04,8151
3372,典範,22,1,21,台新-建北,2024-03-04,8151
2884,玉山金,1317,1,1316,台新-建北,2024-03-05,8151
00712,復華富時不動產,656,3,653,台新-建北,2024-03-05,8151
00919,群益台灣精選高息,420,34,386,台新-建北,2024-03-05,8151
00929,復華台灣科技優息,415,111,304,台新-建北,2024-03-05,8151
2618,長榮航,193,7,186,台新-建北,2024-03-05,8151
2485,兆赫,191,35,156,台新-建北,2024-03-05,8151
2417,圓剛,138,2,136,台新-建北,2024-03-05,8151
00632R,元大台灣50反1,123,1,122,台新-建北,2024-03-05,8151
1514,亞力,255,141,114,台新-建北,2024-03-05,8151
3450,聯鈞,144,38,106,台新-建北,2024-03-05,8151
8112,至上,108,9,99,台新-建北,2024-03-05,8151
3013,晟銘電,276,202,74,台新-建北,2024-03-05,8151
3312,弘憶股,85,14,71,台新-建北,2024-03-05,8151
4906,正文,164,95,69,台新-建北,2024-03-05,8151
2314,台揚,55,0,55,台新-建北,2024-03-05,8151
2317,鴻海,78,26,52,台新-建北,2024-03-05,8151
3006,晶豪科,60,8,52,台新-建北,2024-03-05,8151
00706L,期元大S＆P日圓正2,50,0,50,台新-建北,2024-03-05,8151
00915,凱基優選高股息30,44,4,40,台新-建北,2024-03-05,8151
2897,王道銀行,40,1,39,台新-建北,2024-03-05,8151
1101,台泥,54,15,39,台新-建北,2024-03-05,8151
1605,華新,38,1,37,台新-建北,2024-03-05,8151
1326,台化,32,0,32,台新-建北,2024-03-05,8151
3081,聯亞,32,1,31,台新-建北,2024-03-05,8151
2230,泰茂,33,3,30,台新-建北,2024-03-05,8151
8064,東捷,32,2,30,台新-建北,2024-03-05,8151
2606,裕民,38,9,29,台新-建北,2024-03-05,8151
3017,奇鋐,70,42,28,台新-建北,2024-03-05,8151
3049,精金,27,0,27,台新-建北,2024-03-05,8151
1316,上曜,122,97,25,台新-建北,2024-03-05,8151
2892,第一金,26,1,25,台新-建北,2024-03-05,8151
1503,士電,87,64,23,台新-建北,2024-03-05,8151
4533,協易機,26,3,23,台新-建北,2024-03-05,8151
1905,華紙,23,0,23,台新-建北,2024-03-05,8151
8401,白紗科,31,9,22,台新-建北,2024-03-05,8151
2329,華泰,79,57,22,台新-建北,2024-03-05,8151
8011,台通,87,65,22,台新-建北,2024-03-05,8151
3234,光環,21,0,21,台新-建北,2024-03-05,8151
4927,泰鼎-KY,21,0,21,台新-建北,2024-03-05,8151
00715L,期街口布蘭特正2,21,0,21,台新-建北,2024-03-05,8151
3689,湧德,63,43,20,台新-建北,2024-03-05,8151
2867,三商壽,20,0,20,台新-建北,2024-03-05,8151
5202,力新,20,0,20,台新-建北,2024-03-05,8151
4109,加捷生醫,21,3,18,台新-建北,2024-03-05,8151
6248,沛波,18,0,18,台新-建北,2024-03-05,8151
2605,新興,30,13,17,台新-建北,2024-03-05,8151
8054,安國,162,145,17,台新-建北,2024-03-05,8151
1303,南亞,17,1,16,台新-建北,2024-03-05,8151
2419,仲琦,33,17,16,台新-建北,2024-03-05,8151
00757,統一FANG+,15,0,15,台新-建北,2024-03-05,8151
2884,玉山金,808,10,798,台新-建北,2024-03-06,8151
2542,興富發,256,0,256,台新-建北,2024-03-06,8151
00687B,國泰20年美債,174,24,150,台新-建北,2024-03-06,8151
5521,工信,146,18,128,台新-建北,2024-03-06,8151
1609,大亞,349,242,107,台新-建北,2024-03-06,8151
3036,文曄,141,37,104,台新-建北,2024-03-06,8151
00937B,群益ESG投等債20,119,24,95,台新-建北,2024-03-06,8151
6026,福邦證,92,0,92,台新-建北,2024-03-06,8151
2543,皇昌,117,25,92,台新-建北,2024-03-06,8151
2867,三商壽,85,5,80,台新-建北,2024-03-06,8151
00919,群益台灣精選高息,252,176,76,台新-建北,2024-03-06,8151
3346,麗清,83,8,75,台新-建北,2024-03-06,8151
2845,遠東銀,75,3,72,台新-建北,2024-03-06,8151
2367,燿華,199,130,69,台新-建北,2024-03-06,8151
3376,新日興,100,35,65,台新-建北,2024-03-06,8151
2486,一詮,119,57,62,台新-建北,2024-03-06,8151
6217,中探針,67,5,62,台新-建北,2024-03-06,8151
3551,世禾,63,3,60,台新-建北,2024-03-06,8151
3163,波若威,73,17,56,台新-建北,2024-03-06,8151
2484,希華,50,0,50,台新-建北,2024-03-06,8151
2506,太設,50,0,50,台新-建北,2024-03-06,8151
1773,勝一,52,5,47,台新-建北,2024-03-06,8151
6190,萬泰科,57,11,46,台新-建北,2024-03-06,8151
6197,佳必琪,81,36,45,台新-建北,2024-03-06,8151
8064,東捷,47,3,44,台新-建北,2024-03-06,8151
00918,大華優利高填息30,49,6,43,台新-建北,2024-03-06,8151
00679B,元大美債20年,84,42,42,台新-建北,2024-03-06,8151
2352,佳世達,45,3,42,台新-建北,2024-03-06,8151
2618,長榮航,41,0,41,台新-建北,2024-03-06,8151
3324,雙鴻,51,11,40,台新-建北,2024-03-06,8151
4513,福裕,40,0,40,台新-建北,2024-03-06,8151
2356,英業達,38,5,33,台新-建北,2024-03-06,8151
2002,中鋼,45,12,33,台新-建北,2024-03-06,8151
00651R,復華香港反1,31,0,31,台新-建北,2024-03-06,8151
3325,旭品,153,123,30,台新-建北,2024-03-06,8151
9802,鈺齊-KY,30,0,30,台新-建北,2024-03-06,8151
1717,長興,31,3,28,台新-建北,2024-03-06,8151
1314,中石化,27,0,27,台新-建北,2024-03-06,8151
00719B,元大美債1-3,27,0,27,台新-建北,2024-03-06,8151
1519,華城,28,1,27,台新-建北,2024-03-06,8151
2501,國建,27,0,27,台新-建北,2024-03-06,8151
5011,久陽,25,0,25,台新-建北,2024-03-06,8151
1308,亞聚,25,0,25,台新-建北,2024-03-06,8151
6472,保瑞,24,0,24,台新-建北,2024-03-06,8151
3689,湧德,132,108,24,台新-建北,2024-03-06,8151
2504,國產,22,0,22,台新-建北,2024-03-06,8151
5488,松普,22,0,22,台新-建北,2024-03-06,8151
3211,順達,29,7,22,台新-建北,2024-03-06,8151
2881,富邦金,21,0,21,台新-建北,2024-03-06,8151
9105,泰金寶-DR,20,0,20,台新-建北,2024-03-06,8151
2884,玉山金,607,1,606,台新-建北,2024-03-07,8151
2515,中工,294,7,287,台新-建北,2024-03-07,8151
2317,鴻海,264,22,242,台新-建北,2024-03-07,8151
1416,廣豐,202,0,202,台新-建北,2024-03-07,8151
00919,群益台灣精選高息,290,88,202,台新-建北,2024-03-07,8151
00632R,元大台灣50反1,216,16,200,台新-建北,2024-03-07,8151
00687B,國泰20年美債,148,7,141,台新-建北,2024-03-07,8151
1815,富喬,403,283,120,台新-建北,2024-03-07,8151
00915,凱基優選高股息30,122,13,109,台新-建北,2024-03-07,8151
8011,台通,143,39,104,台新-建北,2024-03-07,8151
00686R,群益臺灣加權反1,100,0,100,台新-建北,2024-03-07,8151
00937B,群益ESG投等債20,91,10,81,台新-建北,2024-03-07,8151
00679B,元大美債20年,89,25,64,台新-建北,2024-03-07,8151
3376,新日興,125,61,64,台新-建北,2024-03-07,8151
1605,華新,54,0,54,台新-建北,2024-03-07,8151
2020,美亞,54,3,51,台新-建北,2024-03-07,8151
00751B,元大AAA至A公司債,56,6,50,台新-建北,2024-03-07,8151
8105,凌巨,56,8,48,台新-建北,2024-03-07,8151
00664R,國泰臺灣加權反1,56,10,46,台新-建北,2024-03-07,8151
2609,陽明,51,9,42,台新-建北,2024-03-07,8151
6275,元山,74,33,41,台新-建北,2024-03-07,8151
6789,采鈺,42,2,40,台新-建北,2024-03-07,8151
1618,合機,57,19,38,台新-建北,2024-03-07,8151
3231,緯創,74,37,37,台新-建北,2024-03-07,8151
4306,炎洲,59,23,36,台新-建北,2024-03-07,8151
1101,台泥,38,5,33,台新-建北,2024-03-07,8151
3663,鑫科,32,0,32,台新-建北,2024-03-07,8151
6180,橘子,36,4,32,台新-建北,2024-03-07,8151
3006,晶豪科,38,8,30,台新-建北,2024-03-07,8151
2457,飛宏,32,2,30,台新-建北,2024-03-07,8151
2354,鴻準,29,0,29,台新-建北,2024-03-07,8151
2543,皇昌,54,25,29,台新-建北,2024-03-07,8151
1316,上曜,187,159,28,台新-建北,2024-03-07,8151
2383,台光電,35,7,28,台新-建北,2024-03-07,8151
2348,海悅,27,0,27,台新-建北,2024-03-07,8151
1532,勤美,41,14,27,台新-建北,2024-03-07,8151
6546,正基,27,2,25,台新-建北,2024-03-07,8151
4909,新復興,31,6,25,台新-建北,2024-03-07,8151
00764B,群益25年美債,25,0,25,台新-建北,2024-03-07,8151
1808,潤隆,26,2,24,台新-建北,2024-03-07,8151
00918,大華優利高填息30,30,7,23,台新-建北,2024-03-07,8151
6207,雷科,28,6,22,台新-建北,2024-03-07,8151
1785,光洋科,62,40,22,台新-建北,2024-03-07,8151
3042,晶技,26,4,22,台新-建北,2024-03-07,8151
4743,合一,54,33,21,台新-建北,2024-03-07,8151
8930,青鋼,26,5,21,台新-建北,2024-03-07,8151
4768,晶呈科技,24,3,21,台新-建北,2024-03-07,8151
5263,智崴,21,0,21,台新-建北,2024-03-07,8151
2314,台揚,21,0,21,台新-建北,2024-03-07,8151
6472,保瑞,21,1,20,台新-建北,2024-03-07,8151
2884,玉山金,1262,21,1241,台新-建北,2024-03-08,8151
00919,群益台灣精選高息,673,218,455,台新-建北,2024-03-08,8151
00929,復華台灣科技優息,480,259,221,台新-建北,2024-03-08,8151
5530,龍巖,218,1,217,台新-建北,2024-03-08,8151
6197,佳必琪,244,30,214,台新-建北,2024-03-08,8151
00633L,富邦上証正2,210,100,110,台新-建北,2024-03-08,8151
3663,鑫科,102,1,101,台新-建北,2024-03-08,8151
3017,奇鋐,137,45,92,台新-建北,2024-03-08,8151
1605,華新,90,0,90,台新-建北,2024-03-08,8151
9939,宏全,90,1,89,台新-建北,2024-03-08,8151
00679B,元大美債20年,107,20,87,台新-建北,2024-03-08,8151
1303,南亞,68,1,67,台新-建北,2024-03-08,8151
00937B,群益ESG投等債20,114,51,63,台新-建北,2024-03-08,8151
3324,雙鴻,77,16,61,台新-建北,2024-03-08,8151
6026,福邦證,130,70,60,台新-建北,2024-03-08,8151
3163,波若威,101,47,54,台新-建北,2024-03-08,8151
3188,鑫龍騰,51,0,51,台新-建北,2024-03-08,8151
00902,中信電池及儲能,50,0,50,台新-建北,2024-03-08,8151
6016,康和證,51,3,48,台新-建北,2024-03-08,8151
6477,安集,56,8,48,台新-建北,2024-03-08,8151
4109,加捷生醫,50,5,45,台新-建北,2024-03-08,8151
2388,威盛,68,24,44,台新-建北,2024-03-08,8151
00664R,國泰臺灣加權反1,43,0,43,台新-建北,2024-03-08,8151
3024,憶聲,41,0,41,台新-建北,2024-03-08,8151
3703,欣陸,38,0,38,台新-建北,2024-03-08,8151
00712,復華富時不動產,36,0,36,台新-建北,2024-03-08,8151
2887,台新金,56,20,36,台新-建北,2024-03-08,8151
1101,台泥,35,3,32,台新-建北,2024-03-08,8151
2867,三商壽,30,0,30,台新-建北,2024-03-08,8151
6275,元山,58,30,28,台新-建北,2024-03-08,8151
6735,美達科技,27,0,27,台新-建北,2024-03-08,8151
00918,大華優利高填息30,51,25,26,台新-建北,2024-03-08,8151
2367,燿華,166,140,26,台新-建北,2024-03-08,8151
00927,群益半導體收益,26,1,25,台新-建北,2024-03-08,8151
1316,上曜,60,35,25,台新-建北,2024-03-08,8151
6546,正基,47,23,24,台新-建北,2024-03-08,8151
00632R,元大台灣50反1,424,400,24,台新-建北,2024-03-08,8151
8087,麗升能源,25,1,24,台新-建北,2024-03-08,8151
6901,鑽石投資,32,8,24,台新-建北,2024-03-08,8151
6472,保瑞,33,10,23,台新-建北,2024-03-08,8151
00915,凱基優選高股息30,25,2,23,台新-建北,2024-03-08,8151
2354,鴻準,23,0,23,台新-建北,2024-03-08,8151
2897,王道銀行,22,0,22,台新-建北,2024-03-08,8151
5457,宣德,22,0,22,台新-建北,2024-03-08,8151
1301,台塑,30,8,22,台新-建北,2024-03-08,8151
2603,長榮,96,74,22,台新-建北,2024-03-08,8151
6167,久正,21,0,21,台新-建北,2024-03-08,8151
2762,世界健身-KY,20,0,20,台新-建北,2024-03-08,8151
2610,華航,34,14,20,台新-建北,2024-03-08,8151
00708L,期元大S＆P黃金正2,20,0,20,台新-建北,2024-03-08,8151
2884,玉山金,1001,5,996,台新-建北,2024-03-11,8151
4909,新復興,499,2,497,台新-建北,2024-03-11,8151
00679B,元大美債20年,367,0,367,台新-建北,2024-03-11,8151
1608,華榮,308,20,288,台新-建北,2024-03-11,8151
00929,復華台灣科技優息,285,33,252,台新-建北,2024-03-11,8151
00687B,國泰20年美債,183,12,171,台新-建北,2024-03-11,8151
00919,群益台灣精選高息,305,151,154,台新-建北,2024-03-11,8151
00753L,中信中國50正2,150,0,150,台新-建北,2024-03-11,8151
8112,至上,160,15,145,台新-建北,2024-03-11,8151
6165,浪凡,113,5,108,台新-建北,2024-03-11,8151
2506,太設,98,0,98,台新-建北,2024-03-11,8151
5234,達興材料,105,13,92,台新-建北,2024-03-11,8151
6125,廣運,132,53,79,台新-建北,2024-03-11,8151
2888,新光金,74,1,73,台新-建北,2024-03-11,8151
3231,緯創,315,243,72,台新-建北,2024-03-11,8151
5530,龍巖,79,7,72,台新-建北,2024-03-11,8151
00937B,群益ESG投等債20,67,3,64,台新-建北,2024-03-11,8151
3710,連展投控,51,0,51,台新-建北,2024-03-11,8151
9105,泰金寶-DR,50,0,50,台新-建北,2024-03-11,8151
00637L,元大滬深300正2,60,13,47,台新-建北,2024-03-11,8151
3017,奇鋐,60,17,43,台新-建北,2024-03-11,8151
3715,定穎投控,59,16,43,台新-建北,2024-03-11,8151
6234,高僑,40,0,40,台新-建北,2024-03-11,8151
00933B,國泰10Y+金融債,40,0,40,台新-建北,2024-03-11,8151
2353,宏��,39,5,34,台新-建北,2024-03-11,8151
00676R,富邦臺灣加權反1,32,0,32,台新-建北,2024-03-11,8151
3605,宏致,32,1,31,台新-建北,2024-03-11,8151
5386,青雲,44,13,31,台新-建北,2024-03-11,8151
2340,台亞,30,0,30,台新-建北,2024-03-11,8151
2330,台積電,38,9,29,台新-建北,2024-03-11,8151
2347,聯強,24,0,24,台新-建北,2024-03-11,8151
6290,良維,37,13,24,台新-建北,2024-03-11,8151
00915,凱基優選高股息30,23,0,23,台新-建北,2024-03-11,8151
2382,廣達,109,86,23,台新-建北,2024-03-11,8151
1447,力鵬,23,0,23,台新-建北,2024-03-11,8151
2313,華通,89,66,23,台新-建北,2024-03-11,8151
2530,華建,24,2,22,台新-建北,2024-03-11,8151
6026,福邦證,22,0,22,台新-建北,2024-03-11,8151
8027,鈦昇,23,2,21,台新-建北,2024-03-11,8151
5511,德昌,20,0,20,台新-建北,2024-03-11,8151
00751B,元大AAA至A公司債,19,0,19,台新-建北,2024-03-11,8151
3450,聯鈞,40,21,19,台新-建北,2024-03-11,8151
4533,協易機,23,4,19,台新-建北,2024-03-11,8151
6197,佳必琪,23,4,19,台新-建北,2024-03-11,8151
1455,集盛,37,18,19,台新-建北,2024-03-11,8151
3324,雙鴻,30,12,18,台新-建北,2024-03-11,8151
4763,材料-KY,28,11,17,台新-建北,2024-03-11,8151
4714,永捷,23,6,17,台新-建北,2024-03-11,8151
2867,三商壽,20,3,17,台新-建北,2024-03-11,8151
2610,華航,17,0,17,台新-建北,2024-03-11,8151
2884,玉山金,900,164,736,台新-建北,2024-03-12,8151
2834,臺企銀,518,6,512,台新-建北,2024-03-12,8151
4909,新復興,499,2,497,台新-建北,2024-03-12,8151
3481,群創,217,16,201,台新-建北,2024-03-12,8151
1513,中興電,240,111,129,台新-建北,2024-03-12,8151
00933B,國泰10Y+金融債,125,0,125,台新-建北,2024-03-12,8151
6290,良維,122,8,114,台新-建北,2024-03-12,8151
2610,華航,133,27,106,台新-建北,2024-03-12,8151
00919,群益台灣精選高息,279,174,105,台新-建北,2024-03-12,8151
00637L,元大滬深300正2,103,10,93,台新-建北,2024-03-12,8151
00937B,群益ESG投等債20,87,6,81,台新-建北,2024-03-12,8151
6120,達運,96,21,75,台新-建北,2024-03-12,8151
8926,台汽電,85,25,60,台新-建北,2024-03-12,8151
5011,久陽,60,0,60,台新-建北,2024-03-12,8151
2367,燿華,141,84,57,台新-建北,2024-03-12,8151
1101,台泥,55,0,55,台新-建北,2024-03-12,8151
8936,國統,75,20,55,台新-建北,2024-03-12,8151
2328,廣宇,51,0,51,台新-建北,2024-03-12,8151
00665L,富邦�琤肭磪囓�2,50,0,50,台新-建北,2024-03-12,8151
00751B,元大AAA至A公司債,50,0,50,台新-建北,2024-03-12,8151
3324,雙鴻,67,18,49,台新-建北,2024-03-12,8151
5511,德昌,48,0,48,台新-建北,2024-03-12,8151
00632R,元大台灣50反1,163,117,46,台新-建北,2024-03-12,8151
00927,群益半導體收益,46,0,46,台新-建北,2024-03-12,8151
3038,全台,41,0,41,台新-建北,2024-03-12,8151
2392,正崴,51,11,40,台新-建北,2024-03-12,8151
00712,復華富時不動產,41,3,38,台新-建北,2024-03-12,8151
3017,奇鋐,86,51,35,台新-建北,2024-03-12,8151
6425,易發,39,5,34,台新-建北,2024-03-12,8151
00918,大華優利高填息30,56,24,32,台新-建北,2024-03-12,8151
1514,亞力,172,141,31,台新-建北,2024-03-12,8151
00679B,元大美債20年,31,1,30,台新-建北,2024-03-12,8151
2020,美亞,30,0,30,台新-建北,2024-03-12,8151
6186,新潤,28,0,28,台新-建北,2024-03-12,8151
5243,乙盛-KY,31,4,27,台新-建北,2024-03-12,8151
1308,亞聚,26,0,26,台新-建北,2024-03-12,8151
1304,台聚,25,0,25,台新-建北,2024-03-12,8151
00651R,復華香港反1,24,0,24,台新-建北,2024-03-12,8151
2354,鴻準,36,13,23,台新-建北,2024-03-12,8151
6546,正基,23,1,22,台新-建北,2024-03-12,8151
3305,昇貿,22,0,22,台新-建北,2024-03-12,8151
00795B,中信美國公債20年,21,0,21,台新-建北,2024-03-12,8151
6462,神盾,43,22,21,台新-建北,2024-03-12,8151
8085,福華,21,0,21,台新-建北,2024-03-12,8151
5533,皇鼎,20,0,20,台新-建北,2024-03-12,8151
2441,超豐,30,11,19,台新-建北,2024-03-12,8151
3592,瑞鼎,20,1,19,台新-建北,2024-03-12,8151
3055,蔚華科,21,3,18,台新-建北,2024-03-12,8151
4550,長佳,18,0,18,台新-建北,2024-03-12,8151
9105,泰金寶-DR,17,0,17,台新-建北,2024-03-12,8151
2884,玉山金,808,10,798,台新-建北,2024-03-13,8151
2618,長榮航,485,236,249,台新-建北,2024-03-13,8151
00919,群益台灣精選高息,618,393,225,台新-建北,2024-03-13,8151
8936,國統,245,31,214,台新-建北,2024-03-13,8151
00679B,元大美債20年,267,61,206,台新-建北,2024-03-13,8151
4938,和碩,194,17,177,台新-建北,2024-03-13,8151
9939,宏全,131,0,131,台新-建北,2024-03-13,8151
3704,合勤控,118,0,118,台新-建北,2024-03-13,8151
2543,皇昌,117,2,115,台新-建北,2024-03-13,8151
00650L,復華香港正2,110,0,110,台新-建北,2024-03-13,8151
00918,大華優利高填息30,108,2,106,台新-建北,2024-03-13,8151
4164,承業醫,106,2,104,台新-建北,2024-03-13,8151
2897,王道銀行,80,0,80,台新-建北,2024-03-13,8151
6274,台燿,96,18,78,台新-建北,2024-03-13,8151
8105,凌巨,80,6,74,台新-建北,2024-03-13,8151
00687B,國泰20年美債,127,54,73,台新-建北,2024-03-13,8151
00637L,元大滬深300正2,83,11,72,台新-建北,2024-03-13,8151
5452,佶優,63,0,63,台新-建北,2024-03-13,8151
6275,元山,87,26,61,台新-建北,2024-03-13,8151
3715,定穎投控,92,33,59,台新-建北,2024-03-13,8151
6477,安集,58,0,58,台新-建北,2024-03-13,8151
5284,jpp-KY,62,10,52,台新-建北,2024-03-13,8151
3231,緯創,230,178,52,台新-建北,2024-03-13,8151
4958,臻鼎-KY,58,8,50,台新-建北,2024-03-13,8151
1447,力鵬,50,0,50,台新-建北,2024-03-13,8151
00751B,元大AAA至A公司債,60,10,50,台新-建北,2024-03-13,8151
2353,宏��,53,11,42,台新-建北,2024-03-13,8151
1101,台泥,52,11,41,台新-建北,2024-03-13,8151
6016,康和證,50,10,40,台新-建北,2024-03-13,8151
00740B,富邦全球投等債,40,0,40,台新-建北,2024-03-13,8151
5011,久陽,40,0,40,台新-建北,2024-03-13,8151
9105,泰金寶-DR,39,0,39,台新-建北,2024-03-13,8151
00753L,中信中國50正2,469,430,39,台新-建北,2024-03-13,8151
5511,德昌,41,5,36,台新-建北,2024-03-13,8151
2845,遠東銀,42,6,36,台新-建北,2024-03-13,8151
2002,中鋼,33,0,33,台新-建北,2024-03-13,8151
00937B,群益ESG投等債20,94,61,33,台新-建北,2024-03-13,8151
2409,友達,35,3,32,台新-建北,2024-03-13,8151
2101,南港,30,0,30,台新-建北,2024-03-13,8151
1815,富喬,62,35,27,台新-建北,2024-03-13,8151
6806,森崴能源,58,33,25,台新-建北,2024-03-13,8151
6789,采鈺,26,1,25,台新-建北,2024-03-13,8151
2313,華通,51,27,24,台新-建北,2024-03-13,8151
2506,太設,54,30,24,台新-建北,2024-03-13,8151
6126,信音,38,14,24,台新-建北,2024-03-13,8151
2344,華邦電,55,32,23,台新-建北,2024-03-13,8151
2371,大同,26,4,22,台新-建北,2024-03-13,8151
3548,兆利,30,8,22,台新-建北,2024-03-13,8151
2542,興富發,21,0,21,台新-建北,2024-03-13,8151
3356,奇偶,72,51,21,台新-建北,2024-03-13,8151
2884,玉山金,701,29,672,台新-建北,2024-03-14,8151
00919,群益台灣精選高息,849,234,615,台新-建北,2024-03-14,8151
6026,福邦證,139,1,138,台新-建北,2024-03-14,8151
6005,群益證,174,43,131,台新-建北,2024-03-14,8151
9105,泰金寶-DR,121,0,121,台新-建北,2024-03-14,8151
00918,大華優利高填息30,118,10,108,台新-建北,2024-03-14,8151
2303,聯電,126,18,108,台新-建北,2024-03-14,8151
00929,復華台灣科技優息,197,95,102,台新-建北,2024-03-14,8151
6165,浪凡,100,10,90,台新-建北,2024-03-14,8151
3017,奇鋐,162,77,85,台新-建北,2024-03-14,8151
4971,IET-KY,82,0,82,台新-建北,2024-03-14,8151
6285,啟��,143,69,74,台新-建北,2024-03-14,8151
2486,一詮,131,60,71,台新-建北,2024-03-14,8151
00633L,富邦上証正2,68,0,68,台新-建北,2024-03-14,8151
00679B,元大美債20年,61,0,61,台新-建北,2024-03-14,8151
1108,幸福,53,0,53,台新-建北,2024-03-14,8151
5284,jpp-KY,68,15,53,台新-建北,2024-03-14,8151
2609,陽明,57,7,50,台新-建北,2024-03-14,8151
1519,華城,114,65,49,台新-建北,2024-03-14,8151
6275,元山,157,112,45,台新-建北,2024-03-14,8151
3324,雙鴻,69,26,43,台新-建北,2024-03-14,8151
3702,大聯大,51,11,40,台新-建北,2024-03-14,8151
5347,世界,56,18,38,台新-建北,2024-03-14,8151
8936,國統,79,42,37,台新-建北,2024-03-14,8151
00878,國泰永續高股息,70,34,36,台新-建北,2024-03-14,8151
4938,和碩,41,6,35,台新-建北,2024-03-14,8151
2603,長榮,53,20,33,台新-建北,2024-03-14,8151
3548,兆利,43,10,33,台新-建北,2024-03-14,8151
5530,龍巖,30,0,30,台新-建北,2024-03-14,8151
2492,華新科,31,1,30,台新-建北,2024-03-14,8151
6257,矽格,30,0,30,台新-建北,2024-03-14,8151
00936,台新永續高息中小,30,0,30,台新-建北,2024-03-14,8151
00937B,群益ESG投等債20,38,10,28,台新-建北,2024-03-14,8151
3005,神基,43,15,28,台新-建北,2024-03-14,8151
3051,力特,40,12,28,台新-建北,2024-03-14,8151
1529,樂事綠能,70,44,26,台新-建北,2024-03-14,8151
4588,玖鼎電力,26,0,26,台新-建北,2024-03-14,8151
3481,群創,34,8,26,台新-建北,2024-03-14,8151
2506,太設,25,0,25,台新-建北,2024-03-14,8151
00740B,富邦全球投等債,25,0,25,台新-建北,2024-03-14,8151
1524,耿鼎,27,3,24,台新-建北,2024-03-14,8151
3260,威剛,24,1,23,台新-建北,2024-03-14,8151
2836,高雄銀,23,0,23,台新-建北,2024-03-14,8151
9939,宏全,23,0,23,台新-建北,2024-03-14,8151
3049,精金,22,0,22,台新-建北,2024-03-14,8151
1616,億泰,23,1,22,台新-建北,2024-03-14,8151
00751B,元大AAA至A公司債,22,0,22,台新-建北,2024-03-14,8151
2385,群光,24,3,21,台新-建北,2024-03-14,8151
2885,元大金,48,27,21,台新-建北,2024-03-14,8151
3413,京鼎,27,7,20,台新-建北,2024-03-14,8151
2884,玉山金,502,4,498,台新-建北,2024-03-15,8151
00679B,元大美債20年,304,27,277,台新-建北,2024-03-15,8151
00941,中信上游半導體,230,15,215,台新-建北,2024-03-15,8151
2511,太子,205,0,205,台新-建北,2024-03-15,8151
00751B,元大AAA至A公司債,182,0,182,台新-建北,2024-03-15,8151
00650L,復華香港正2,140,0,140,台新-建北,2024-03-15,8151
8105,凌巨,121,0,121,台新-建北,2024-03-15,8151
00687B,國泰20年美債,170,64,106,台新-建北,2024-03-15,8151
00937B,群益ESG投等債20,118,14,104,台新-建北,2024-03-15,8151
2486,一詮,192,93,99,台新-建北,2024-03-15,8151
2363,矽統,96,1,95,台新-建北,2024-03-15,8151
2323,中環,104,15,89,台新-建北,2024-03-15,8151
2603,長榮,142,54,88,台新-建北,2024-03-15,8151
00688L,國泰20年美債正2,84,1,83,台新-建北,2024-03-15,8151
8936,國統,90,14,76,台新-建北,2024-03-15,8151
2888,新光金,86,16,70,台新-建北,2024-03-15,8151
3293,鈊象,69,2,67,台新-建北,2024-03-15,8151
3017,奇鋐,112,47,65,台新-建北,2024-03-15,8151
00918,大華優利高填息30,82,18,64,台新-建北,2024-03-15,8151
2543,皇昌,65,7,58,台新-建北,2024-03-15,8151
5011,久陽,55,1,54,台新-建北,2024-03-15,8151
2409,友達,56,3,53,台新-建北,2024-03-15,8151
00753L,中信中國50正2,350,300,50,台新-建北,2024-03-15,8151
00915,凱基優選高股息30,77,27,50,台新-建北,2024-03-15,8151
1809,中釉,82,36,46,台新-建北,2024-03-15,8151
2367,燿華,51,11,40,台新-建北,2024-03-15,8151
2834,臺企銀,117,78,39,台新-建北,2024-03-15,8151
3312,弘憶股,46,8,38,台新-建北,2024-03-15,8151
5347,世界,47,9,38,台新-建北,2024-03-15,8151
3037,欣興,41,5,36,台新-建北,2024-03-15,8151
3450,聯鈞,48,12,36,台新-建北,2024-03-15,8151
2317,鴻海,174,138,36,台新-建北,2024-03-15,8151
2610,華航,36,1,35,台新-建北,2024-03-15,8151
3217,優群,35,0,35,台新-建北,2024-03-15,8151
2101,南港,35,0,35,台新-建北,2024-03-15,8151
00680L,元大美債20正2,33,0,33,台新-建北,2024-03-15,8151
6285,啟��,68,37,31,台新-建北,2024-03-15,8151
5469,瀚宇博,30,0,30,台新-建北,2024-03-15,8151
3051,力特,64,34,30,台新-建北,2024-03-15,8151
2883,凱基金,80,51,29,台新-建北,2024-03-15,8151
3512,皇龍,30,1,29,台新-建北,2024-03-15,8151
3163,波若威,41,14,27,台新-建北,2024-03-15,8151
3264,欣銓,28,1,27,台新-建北,2024-03-15,8151
00712,復華富時不動產,28,1,27,台新-建北,2024-03-15,8151
2330,台積電,68,44,24,台新-建北,2024-03-15,8151
5234,達興材料,34,11,23,台新-建北,2024-03-15,8151
6188,廣明,23,0,23,台新-建北,2024-03-15,8151
6477,安集,22,1,21,台新-建北,2024-03-15,8151
00857B,永豐20年美公債,20,0,20,台新-建北,2024-03-15,8151
5530,龍巖,20,0,20,台新-建北,2024-03-15,8151
2884,玉山金,966,18,948,台新-建北,2024-03-18,8151
00937B,群益ESG投等債20,218,3,215,台新-建北,2024-03-18,8151
00919,群益台灣精選高息,301,98,203,台新-建北,2024-03-18,8151
2903,遠百,141,0,141,台新-建北,2024-03-18,8151
00878,國泰永續高股息,186,53,133,台新-建北,2024-03-18,8151
00753L,中信中國50正2,945,825,120,台新-建北,2024-03-18,8151
00929,復華台灣科技優息,180,61,119,台新-建北,2024-03-18,8151
1503,士電,180,70,110,台新-建北,2024-03-18,8151
00751B,元大AAA至A公司債,135,28,107,台新-建北,2024-03-18,8151
00650L,復華香港正2,100,0,100,台新-建北,2024-03-18,8151
1519,華城,151,52,99,台新-建北,2024-03-18,8151
00712,復華富時不動產,112,20,92,台新-建北,2024-03-18,8151
00680L,元大美債20正2,78,10,68,台新-建北,2024-03-18,8151
5347,世界,73,7,66,台新-建北,2024-03-18,8151
00941,中信上游半導體,78,16,62,台新-建北,2024-03-18,8151
8996,高力,84,22,62,台新-建北,2024-03-18,8151
2241,艾姆勒,58,1,57,台新-建北,2024-03-18,8151
00857B,永豐20年美公債,55,0,55,台新-建北,2024-03-18,8151
2609,陽明,84,30,54,台新-建北,2024-03-18,8151
6462,神盾,67,17,50,台新-建北,2024-03-18,8151
3217,優群,47,0,47,台新-建北,2024-03-18,8151
00679B,元大美債20年,46,0,46,台新-建北,2024-03-18,8151
00706L,期元大S＆P日圓正2,39,0,39,台新-建北,2024-03-18,8151
00687B,國泰20年美債,72,33,39,台新-建北,2024-03-18,8151
3324,雙鴻,72,33,39,台新-建北,2024-03-18,8151
6120,達運,45,10,35,台新-建北,2024-03-18,8151
1605,華新,37,2,35,台新-建北,2024-03-18,8151
2357,華碩,37,4,33,台新-建北,2024-03-18,8151
2897,王道銀行,33,0,33,台新-建北,2024-03-18,8151
2356,英業達,41,8,33,台新-建北,2024-03-18,8151
00933B,國泰10Y+金融債,33,0,33,台新-建北,2024-03-18,8151
00885,富邦越南,30,0,30,台新-建北,2024-03-18,8151
00633L,富邦上証正2,30,0,30,台新-建北,2024-03-18,8151
5469,瀚宇博,28,0,28,台新-建北,2024-03-18,8151
3380,明泰,26,0,26,台新-建北,2024-03-18,8151
00688L,國泰20年美債正2,25,0,25,台新-建北,2024-03-18,8151
2834,臺企銀,58,33,25,台新-建北,2024-03-18,8151
2393,億光,39,15,24,台新-建北,2024-03-18,8151
3356,奇偶,33,10,23,台新-建北,2024-03-18,8151
2002,中鋼,30,7,23,台新-建北,2024-03-18,8151
3322,建舜電,24,2,22,台新-建北,2024-03-18,8151
2883,凱基金,27,5,22,台新-建北,2024-03-18,8151
2382,廣達,69,47,22,台新-建北,2024-03-18,8151
2303,聯電,24,2,22,台新-建北,2024-03-18,8151
2506,太設,30,9,21,台新-建北,2024-03-18,8151
3163,波若威,23,3,20,台新-建北,2024-03-18,8151
00651R,復華香港反1,19,0,19,台新-建北,2024-03-18,8151
1608,華榮,35,16,19,台新-建北,2024-03-18,8151
3583,辛耘,35,16,19,台新-建北,2024-03-18,8151
00713,元大台灣高息低波,18,0,18,台新-建北,2024-03-18,8151
2884,玉山金,1359,10,1349,台新-建北,2024-03-19,8151
00919,群益台灣精選高息,361,72,289,台新-建北,2024-03-19,8151
00706L,期元大S＆P日圓正2,177,18,159,台新-建北,2024-03-19,8151
5009,榮剛,215,86,129,台新-建北,2024-03-19,8151
8936,國統,144,35,109,台新-建北,2024-03-19,8151
00679B,元大美債20年,106,0,106,台新-建北,2024-03-19,8151
00712,復華富時不動產,90,3,87,台新-建北,2024-03-19,8151
2515,中工,219,152,67,台新-建北,2024-03-19,8151
6462,神盾,88,23,65,台新-建北,2024-03-19,8151
00857B,永豐20年美公債,65,0,65,台新-建北,2024-03-19,8151
00941,中信上游半導體,69,6,63,台新-建北,2024-03-19,8151
00687B,國泰20年美債,72,10,62,台新-建北,2024-03-19,8151
1605,華新,71,16,55,台新-建北,2024-03-19,8151
1514,亞力,151,98,53,台新-建北,2024-03-19,8151
8213,志超,52,0,52,台新-建北,2024-03-19,8151
5498,凱崴,45,0,45,台新-建北,2024-03-19,8151
2442,新美齊,38,0,38,台新-建北,2024-03-19,8151
1316,上曜,39,3,36,台新-建北,2024-03-19,8151
5876,上海商銀,35,0,35,台新-建北,2024-03-19,8151
00650L,復華香港正2,34,0,34,台新-建北,2024-03-19,8151
00688L,國泰20年美債正2,34,0,34,台新-建北,2024-03-19,8151
00915,凱基優選高股息30,36,2,34,台新-建北,2024-03-19,8151
2357,華碩,36,2,34,台新-建北,2024-03-19,8151
2355,敬鵬,38,6,32,台新-建北,2024-03-19,8151
2888,新光金,44,14,30,台新-建北,2024-03-19,8151
2312,金寶,40,10,30,台新-建北,2024-03-19,8151
5347,世界,50,21,29,台新-建北,2024-03-19,8151
6933,AMAX-KY,32,4,28,台新-建北,2024-03-19,8151
2467,志聖,38,10,28,台新-建北,2024-03-19,8151
2374,佳能,32,5,27,台新-建北,2024-03-19,8151
2362,藍天,28,1,27,台新-建北,2024-03-19,8151
2308,台達電,38,12,26,台新-建北,2024-03-19,8151
00680L,元大美債20正2,25,0,25,台新-建北,2024-03-19,8151
5515,建國,24,0,24,台新-建北,2024-03-19,8151
2455,全新,23,0,23,台新-建北,2024-03-19,8151
8112,至上,41,18,23,台新-建北,2024-03-19,8151
2316,楠梓電,41,19,22,台新-建北,2024-03-19,8151
2812,台中銀,21,0,21,台新-建北,2024-03-19,8151
2105,正新,31,10,21,台新-建北,2024-03-19,8151
2329,華泰,84,64,20,台新-建北,2024-03-19,8151
5880,合庫金,20,0,20,台新-建北,2024-03-19,8151
2501,國建,28,8,20,台新-建北,2024-03-19,8151
1446,宏和,20,0,20,台新-建北,2024-03-19,8151
00934,中信成長高股息,20,0,20,台新-建北,2024-03-19,8151
4912,聯德控股-KY,20,0,20,台新-建北,2024-03-19,8151
8097,常珵,29,10,19,台新-建北,2024-03-19,8151
3481,群創,18,0,18,台新-建北,2024-03-19,8151
00923,群益台ESG低碳50,18,0,18,台新-建北,2024-03-19,8151
3312,弘憶股,164,147,17,台新-建北,2024-03-19,8151
2834,臺企銀,31,14,17,台新-建北,2024-03-19,8151
2884,玉山金,1802,1,1801,台新-建北,2024-03-20,8151
00939,統一台灣高息動能,1286,21,1265,台新-建北,2024-03-20,8151
2352,佳世達,186,28,158,台新-建北,2024-03-20,8151
00706L,期元大S＆P日圓正2,163,52,111,台新-建北,2024-03-20,8151
2002,中鋼,121,11,110,台新-建北,2024-03-20,8151
00919,群益台灣精選高息,807,705,102,台新-建北,2024-03-20,8151
2303,聯電,153,70,83,台新-建北,2024-03-20,8151
3324,雙鴻,89,11,78,台新-建北,2024-03-20,8151
3207,耀勝,101,41,60,台新-建北,2024-03-20,8151
00687B,國泰20年美債,58,0,58,台新-建北,2024-03-20,8151
2834,臺企銀,59,1,58,台新-建北,2024-03-20,8151
00688L,國泰20年美債正2,56,0,56,台新-建北,2024-03-20,8151
00937B,群益ESG投等債20,67,13,54,台新-建北,2024-03-20,8151
3694,海華,42,2,40,台新-建北,2024-03-20,8151
6274,台燿,42,4,38,台新-建北,2024-03-20,8151
00651R,復華香港反1,37,0,37,台新-建北,2024-03-20,8151
2888,新光金,35,1,34,台新-建北,2024-03-20,8151
5388,中磊,56,22,34,台新-建北,2024-03-20,8151
00885,富邦越南,35,3,32,台新-建北,2024-03-20,8151
5434,崇越,36,4,32,台新-建北,2024-03-20,8151
6163,華電網,31,0,31,台新-建北,2024-03-20,8151
00680L,元大美債20正2,31,0,31,台新-建北,2024-03-20,8151
3481,群創,30,0,30,台新-建北,2024-03-20,8151
3498,陽程,46,17,29,台新-建北,2024-03-20,8151
1503,士電,134,106,28,台新-建北,2024-03-20,8151
4938,和碩,84,57,27,台新-建北,2024-03-20,8151
3017,奇鋐,68,42,26,台新-建北,2024-03-20,8151
2354,鴻準,245,219,26,台新-建北,2024-03-20,8151
2883,凱基金,45,21,24,台新-建北,2024-03-20,8151
8086,宏捷科,24,1,23,台新-建北,2024-03-20,8151
2542,興富發,24,2,22,台新-建北,2024-03-20,8151
2356,英業達,53,31,22,台新-建北,2024-03-20,8151
6462,神盾,70,48,22,台新-建北,2024-03-20,8151
2891,中信金,21,0,21,台新-建北,2024-03-20,8151
00941,中信上游半導體,25,4,21,台新-建北,2024-03-20,8151
2376,技嘉,39,18,21,台新-建北,2024-03-20,8151
2317,鴻海,96,76,20,台新-建北,2024-03-20,8151
00712,復華富時不動產,20,0,20,台新-建北,2024-03-20,8151
2506,太設,20,0,20,台新-建北,2024-03-20,8151
1301,台塑,20,0,20,台新-建北,2024-03-20,8151
4207,環泰,20,0,20,台新-建北,2024-03-20,8151
1808,潤隆,20,1,19,台新-建北,2024-03-20,8151
1219,福壽,19,0,19,台新-建北,2024-03-20,8151
2344,華邦電,18,0,18,台新-建北,2024-03-20,8151
3715,定穎投控,32,14,18,台新-建北,2024-03-20,8151
1723,中碳,20,2,18,台新-建北,2024-03-20,8151
2618,長榮航,32,14,18,台新-建北,2024-03-20,8151
2308,台達電,90,73,17,台新-建北,2024-03-20,8151
1784,訊聯,16,0,16,台新-建北,2024-03-20,8151
3036,文曄,41,25,16,台新-建北,2024-03-20,8151
2884,玉山金,2201,25,2176,台新-建北,2024-03-21,8151
00632R,元大台灣50反1,908,120,788,台新-建北,2024-03-21,8151
00939,統一台灣高息動能,616,104,512,台新-建北,2024-03-21,8151
00679B,元大美債20年,173,0,173,台新-建北,2024-03-21,8151
3083,網龍,147,1,146,台新-建北,2024-03-21,8151
00680L,元大美債20正2,131,0,131,台新-建北,2024-03-21,8151
2486,一詮,251,166,85,台新-建北,2024-03-21,8151
00929,復華台灣科技優息,150,67,83,台新-建北,2024-03-21,8151
1503,士電,150,67,83,台新-建北,2024-03-21,8151
3207,耀勝,79,2,77,台新-建北,2024-03-21,8151
00933B,國泰10Y+金融債,76,0,76,台新-建北,2024-03-21,8151
2208,台船,110,40,70,台新-建北,2024-03-21,8151
3294,英濟,70,0,70,台新-建北,2024-03-21,8151
00688L,國泰20年美債正2,65,0,65,台新-建北,2024-03-21,8151
3450,聯鈞,95,31,64,台新-建北,2024-03-21,8151
2408,南亞科,71,12,59,台新-建北,2024-03-21,8151
00751B,元大AAA至A公司債,49,0,49,台新-建北,2024-03-21,8151
00706L,期元大S＆P日圓正2,111,65,46,台新-建北,2024-03-21,8151
00687B,國泰20年美債,49,4,45,台新-建北,2024-03-21,8151
5521,工信,42,3,39,台新-建北,2024-03-21,8151
4768,晶呈科技,42,7,35,台新-建北,2024-03-21,8151
3706,神達,167,134,33,台新-建北,2024-03-21,8151
00664R,國泰臺灣加權反1,51,18,33,台新-建北,2024-03-21,8151
8222,寶一,32,0,32,台新-建北,2024-03-21,8151
3715,定穎投控,35,4,31,台新-建北,2024-03-21,8151
4938,和碩,45,15,30,台新-建北,2024-03-21,8151
00651R,復華香港反1,27,0,27,台新-建北,2024-03-21,8151
00919,群益台灣精選高息,309,283,26,台新-建北,2024-03-21,8151
4967,十銓,50,24,26,台新-建北,2024-03-21,8151
2436,偉詮電,25,0,25,台新-建北,2024-03-21,8151
00937B,群益ESG投等債20,57,32,25,台新-建北,2024-03-21,8151
2834,臺企銀,31,7,24,台新-建北,2024-03-21,8151
5706,鳳凰,23,0,23,台新-建北,2024-03-21,8151
00857B,永豐20年美公債,23,0,23,台新-建北,2024-03-21,8151
8210,勤誠,24,2,22,台新-建北,2024-03-21,8151
5347,世界,30,8,22,台新-建北,2024-03-21,8151
4958,臻鼎-KY,30,9,21,台新-建北,2024-03-21,8151
9910,豐泰,19,0,19,台新-建北,2024-03-21,8151
2603,長榮,90,71,19,台新-建北,2024-03-21,8151
3324,雙鴻,36,18,18,台新-建北,2024-03-21,8151
1785,光洋科,45,27,18,台新-建北,2024-03-21,8151
3363,上詮,24,6,18,台新-建北,2024-03-21,8151
5515,建國,20,2,18,台新-建北,2024-03-21,8151
2548,華固,19,1,18,台新-建北,2024-03-21,8151
5483,中美晶,48,30,18,台新-建北,2024-03-21,8151
6005,群益證,32,14,18,台新-建北,2024-03-21,8151
2605,新興,15,0,15,台新-建北,2024-03-21,8151
2206,三陽工業,18,4,14,台新-建北,2024-03-21,8151
1417,嘉裕,14,0,14,台新-建北,2024-03-21,8151
00720B,元大投資級公司債,15,2,13,台新-建北,2024-03-21,8151
00937B,群益ESG投等債20,321,6,315,台新-建北,2024-03-22,8151
00939,統一台灣高息動能,297,44,253,台新-建北,2024-03-22,8151
3481,群創,274,68,206,台新-建北,2024-03-22,8151
00919,群益台灣精選高息,366,209,157,台新-建北,2024-03-22,8151
6188,廣明,149,48,101,台新-建北,2024-03-22,8151
2890,永豐金,100,0,100,台新-建北,2024-03-22,8151
6443,元晶,118,41,77,台新-建北,2024-03-22,8151
3293,鈊象,74,6,68,台新-建北,2024-03-22,8151
2354,鴻準,116,52,64,台新-建北,2024-03-22,8151
5439,高技,75,20,55,台新-建北,2024-03-22,8151
6016,康和證,53,0,53,台新-建北,2024-03-22,8151
1723,中碳,52,0,52,台新-建北,2024-03-22,8151
00687B,國泰20年美債,54,4,50,台新-建北,2024-03-22,8151
00650L,復華香港正2,50,0,50,台新-建北,2024-03-22,8151
8011,台通,50,1,49,台新-建北,2024-03-22,8151
2408,南亞科,114,66,48,台新-建北,2024-03-22,8151
2353,宏��,103,62,41,台新-建北,2024-03-22,8151
1616,億泰,54,14,40,台新-建北,2024-03-22,8151
5512,力麒,50,10,40,台新-建北,2024-03-22,8151
00878,國泰永續高股息,53,13,40,台新-建北,2024-03-22,8151
2888,新光金,48,9,39,台新-建北,2024-03-22,8151
4303,信立,50,12,38,台新-建北,2024-03-22,8151
2618,長榮航,48,13,35,台新-建北,2024-03-22,8151
2371,大同,34,1,33,台新-建北,2024-03-22,8151
2884,玉山金,103,72,31,台新-建北,2024-03-22,8151
5706,鳳凰,31,0,31,台新-建北,2024-03-22,8151
2603,長榮,66,35,31,台新-建北,2024-03-22,8151
2634,漢翔,33,3,30,台新-建北,2024-03-22,8151
00719B,元大美債1-3,30,0,30,台新-建北,2024-03-22,8151
2324,仁寶,48,20,28,台新-建北,2024-03-22,8151
00664R,國泰臺灣加權反1,26,0,26,台新-建北,2024-03-22,8151
2903,遠百,60,35,25,台新-建北,2024-03-22,8151
2317,鴻海,102,77,25,台新-建北,2024-03-22,8151
8150,南茂,26,1,25,台新-建北,2024-03-22,8151
2453,凌群,37,13,24,台新-建北,2024-03-22,8151
1805,寶徠,24,0,24,台新-建北,2024-03-22,8151
6505,台塑化,22,0,22,台新-建北,2024-03-22,8151
1795,美時,29,8,21,台新-建北,2024-03-22,8151
00706L,期元大S＆P日圓正2,20,0,20,台新-建北,2024-03-22,8151
1455,集盛,21,1,20,台新-建北,2024-03-22,8151
2836,高雄銀,20,0,20,台新-建北,2024-03-22,8151
3324,雙鴻,51,32,19,台新-建北,2024-03-22,8151
4127,天良,24,5,19,台新-建北,2024-03-22,8151
1101,台泥,26,7,19,台新-建北,2024-03-22,8151
00891,中信關鍵半導體,23,5,18,台新-建北,2024-03-22,8151
2406,國碩,25,7,18,台新-建北,2024-03-22,8151
1612,宏泰,63,46,17,台新-建北,2024-03-22,8151
6146,耕興,30,14,16,台新-建北,2024-03-22,8151
5483,中美晶,24,9,15,台新-建北,2024-03-22,8151
2208,台船,15,0,15,台新-建北,2024-03-22,8151
2884,玉山金,343,21,322,台新-建北,2024-03-25,8151
00919,群益台灣精選高息,295,25,270,台新-建北,2024-03-25,8151
2332,友訊,199,0,199,台新-建北,2024-03-25,8151
00937B,群益ESG投等債20,205,12,193,台新-建北,2024-03-25,8151
00939,統一台灣高息動能,198,22,176,台新-建北,2024-03-25,8151
00941,中信上游半導體,205,33,172,台新-建北,2024-03-25,8151
1609,大亞,406,304,102,台新-建北,2024-03-25,8151
1503,士電,108,7,101,台新-建北,2024-03-25,8151
1587,吉茂,85,2,83,台新-建北,2024-03-25,8151
3706,神達,93,20,73,台新-建北,2024-03-25,8151
6414,樺漢,75,2,73,台新-建北,2024-03-25,8151
3207,耀勝,63,4,59,台新-建北,2024-03-25,8151
6530,創威,81,23,58,台新-建北,2024-03-25,8151
2888,新光金,61,5,56,台新-建北,2024-03-25,8151
2515,中工,54,0,54,台新-建北,2024-03-25,8151
2356,英業達,214,161,53,台新-建北,2024-03-25,8151
3027,盛達,41,1,40,台新-建北,2024-03-25,8151
6591,動力-KY,39,0,39,台新-建北,2024-03-25,8151
8936,國統,87,50,37,台新-建北,2024-03-25,8151
00740B,富邦全球投等債,40,3,37,台新-建北,2024-03-25,8151
8070,長華*,38,4,34,台新-建北,2024-03-25,8151
00929,復華台灣科技優息,114,81,33,台新-建北,2024-03-25,8151
6197,佳必琪,58,25,33,台新-建北,2024-03-25,8151
1303,南亞,32,0,32,台新-建北,2024-03-25,8151
00687B,國泰20年美債,52,21,31,台新-建北,2024-03-25,8151
2464,盟立,76,45,31,台新-建北,2024-03-25,8151
3663,鑫科,30,0,30,台新-建北,2024-03-25,8151
6753,龍德造船,33,4,29,台新-建北,2024-03-25,8151
2303,聯電,37,9,28,台新-建北,2024-03-25,8151
6125,廣運,124,97,27,台新-建北,2024-03-25,8151
1808,潤隆,50,24,26,台新-建北,2024-03-25,8151
00751B,元大AAA至A公司債,35,10,25,台新-建北,2024-03-25,8151
8201,無敵,25,0,25,台新-建北,2024-03-25,8151
1308,亞聚,25,1,24,台新-建北,2024-03-25,8151
1514,亞力,75,51,24,台新-建北,2024-03-25,8151
6462,神盾,56,33,23,台新-建北,2024-03-25,8151
2537,聯上發,35,12,23,台新-建北,2024-03-25,8151
4532,瑞智,21,0,21,台新-建北,2024-03-25,8151
3017,奇鋐,51,31,20,台新-建北,2024-03-25,8151
3563,牧德,25,5,20,台新-建北,2024-03-25,8151
4306,炎洲,20,0,20,台新-建北,2024-03-25,8151
2316,楠梓電,22,2,20,台新-建北,2024-03-25,8151
2501,國建,20,0,20,台新-建北,2024-03-25,8151
00830,國泰費城半導體,20,0,20,台新-建北,2024-03-25,8151
1519,華城,20,0,20,台新-建北,2024-03-25,8151
1101,台泥,25,5,20,台新-建北,2024-03-25,8151
00712,復華富時不動產,25,6,19,台新-建北,2024-03-25,8151
2308,台達電,32,13,19,台新-建北,2024-03-25,8151
2492,華新科,19,0,19,台新-建北,2024-03-25,8151
00922,國泰台灣領袖50,21,2,19,台新-建北,2024-03-25,8151
2332,友訊,203,4,199,台新-建北,2024-03-26,8151
5234,達興材料,141,14,127,台新-建北,2024-03-26,8151
1301,台塑,101,0,101,台新-建北,2024-03-26,8151
00929,復華台灣科技優息,231,150,81,台新-建北,2024-03-26,8151
3231,緯創,90,16,74,台新-建北,2024-03-26,8151
3014,聯陽,79,5,74,台新-建北,2024-03-26,8151
3024,憶聲,72,0,72,台新-建北,2024-03-26,8151
3704,合勤控,70,2,68,台新-建北,2024-03-26,8151
00937B,群益ESG投等債20,75,8,67,台新-建北,2024-03-26,8151
3033,威健,59,4,55,台新-建北,2024-03-26,8151
6125,廣運,176,122,54,台新-建北,2024-03-26,8151
2356,英業達,157,112,45,台新-建北,2024-03-26,8151
2359,所羅門,127,86,41,台新-建北,2024-03-26,8151
8105,凌巨,60,20,40,台新-建北,2024-03-26,8151
3450,聯鈞,144,108,36,台新-建北,2024-03-26,8151
00939,統一台灣高息動能,193,158,35,台新-建北,2024-03-26,8151
2609,陽明,33,0,33,台新-建北,2024-03-26,8151
00909,國泰數位支付服務,30,0,30,台新-建北,2024-03-26,8151
9958,世紀鋼,67,41,26,台新-建北,2024-03-26,8151
00885,富邦越南,46,20,26,台新-建北,2024-03-26,8151
2367,燿華,122,96,26,台新-建北,2024-03-26,8151
6753,龍德造船,36,12,24,台新-建北,2024-03-26,8151
2303,聯電,26,3,23,台新-建北,2024-03-26,8151
1471,首利,23,0,23,台新-建北,2024-03-26,8151
2027,大成鋼,23,0,23,台新-建北,2024-03-26,8151
3044,健鼎,37,15,22,台新-建北,2024-03-26,8151
2344,華邦電,33,12,21,台新-建北,2024-03-26,8151
1808,潤隆,88,68,20,台新-建北,2024-03-26,8151
00753L,中信中國50正2,20,0,20,台新-建北,2024-03-26,8151
1587,吉茂,20,0,20,台新-建北,2024-03-26,8151
5706,鳳凰,29,9,20,台新-建北,2024-03-26,8151
1609,大亞,241,222,19,台新-建北,2024-03-26,8151
3207,耀勝,20,2,18,台新-建北,2024-03-26,8151
2882,國泰金,20,3,17,台新-建北,2024-03-26,8151
00751B,元大AAA至A公司債,17,0,17,台新-建北,2024-03-26,8151
6546,正基,18,1,17,台新-建北,2024-03-26,8151
5202,力新,18,1,17,台新-建北,2024-03-26,8151
2308,台達電,29,12,17,台新-建北,2024-03-26,8151
3037,欣興,53,37,16,台新-建北,2024-03-26,8151
2316,楠梓電,54,39,15,台新-建北,2024-03-26,8151
6165,浪凡,15,0,15,台新-建北,2024-03-26,8151
4526,東台,21,6,15,台新-建北,2024-03-26,8151
00933B,國泰10Y+金融債,36,21,15,台新-建北,2024-03-26,8151
1513,中興電,169,155,14,台新-建北,2024-03-26,8151
8150,南茂,16,2,14,台新-建北,2024-03-26,8151
2417,圓剛,54,41,13,台新-建北,2024-03-26,8151
2031,新光鋼,13,0,13,台新-建北,2024-03-26,8151
2453,凌群,18,5,13,台新-建北,2024-03-26,8151
3036,文曄,47,34,13,台新-建北,2024-03-26,8151
2888,新光金,24,12,12,台新-建北,2024-03-26,8151
6215,和椿,106,11,95,台新-建北,2024-03-27,8151
1314,中石化,85,14,71,台新-建北,2024-03-27,8151
00939,統一台灣高息動能,111,46,65,台新-建北,2024-03-27,8151
00941,中信上游半導體,67,5,62,台新-建北,2024-03-27,8151
3024,憶聲,60,0,60,台新-建北,2024-03-27,8151
2609,陽明,56,0,56,台新-建北,2024-03-27,8151
00937B,群益ESG投等債20,56,2,54,台新-建北,2024-03-27,8151
2356,英業達,136,84,52,台新-建北,2024-03-27,8151
2332,友訊,50,0,50,台新-建北,2024-03-27,8151
3027,盛達,46,3,43,台新-建北,2024-03-27,8151
2392,正崴,56,15,41,台新-建北,2024-03-27,8151
3416,融程電,42,2,40,台新-建北,2024-03-27,8151
1795,美時,111,72,39,台新-建北,2024-03-27,8151
1605,華新,80,43,37,台新-建北,2024-03-27,8151
2543,皇昌,38,3,35,台新-建北,2024-03-27,8151
3017,奇鋐,54,22,32,台新-建北,2024-03-27,8151
2303,聯電,32,1,31,台新-建北,2024-03-27,8151
5202,力新,33,2,31,台新-建北,2024-03-27,8151
8936,國統,84,54,30,台新-建北,2024-03-27,8151
4540,全球傳動,32,2,30,台新-建北,2024-03-27,8151
2301,光寶科,47,20,27,台新-建北,2024-03-27,8151
3324,雙鴻,53,27,26,台新-建北,2024-03-27,8151
8213,志超,25,0,25,台新-建北,2024-03-27,8151
1513,中興電,108,84,24,台新-建北,2024-03-27,8151
2634,漢翔,30,7,23,台新-建北,2024-03-27,8151
2486,一詮,72,50,22,台新-建北,2024-03-27,8151
00933B,國泰10Y+金融債,28,6,22,台新-建北,2024-03-27,8151
2890,永豐金,20,0,20,台新-建北,2024-03-27,8151
3169,亞信,20,1,19,台新-建北,2024-03-27,8151
3264,欣銓,35,17,18,台新-建北,2024-03-27,8151
6125,廣運,57,39,18,台新-建北,2024-03-27,8151
00751B,元大AAA至A公司債,34,16,18,台新-建北,2024-03-27,8151
1612,宏泰,47,30,17,台新-建北,2024-03-27,8151
2359,所羅門,37,20,17,台新-建北,2024-03-27,8151
2317,鴻海,71,55,16,台新-建北,2024-03-27,8151
2367,燿華,94,79,15,台新-建北,2024-03-27,8151
2405,輔信,112,97,15,台新-建北,2024-03-27,8151
4414,如興,15,0,15,台新-建北,2024-03-27,8151
1316,上曜,71,57,14,台新-建北,2024-03-27,8151
6753,龍德造船,34,20,14,台新-建北,2024-03-27,8151
2002,中鋼,13,0,13,台新-建北,2024-03-27,8151
3131,弘塑,13,0,13,台新-建北,2024-03-27,8151
1603,華電,85,72,13,台新-建北,2024-03-27,8151
2884,玉山金,17,5,12,台新-建北,2024-03-27,8151
3013,晟銘電,21,9,12,台新-建北,2024-03-27,8151
3005,神基,65,54,11,台新-建北,2024-03-27,8151
6657,華安,12,1,11,台新-建北,2024-03-27,8151
4938,和碩,27,16,11,台新-建北,2024-03-27,8151
2385,群光,14,4,10,台新-建北,2024-03-27,8151
1587,吉茂,10,0,10,台新-建北,2024-03-27,8151
6179,亞通,228,15,213,台新-建北,2024-03-28,8151
00939,統一台灣高息動能,241,76,165,台新-建北,2024-03-28,8151
2354,鴻準,292,159,133,台新-建北,2024-03-28,8151
1785,光洋科,115,21,94,台新-建北,2024-03-28,8151
5439,高技,90,6,84,台新-建北,2024-03-28,8151
2515,中工,123,45,78,台新-建北,2024-03-28,8151
1503,士電,73,2,71,台新-建北,2024-03-28,8151
3704,合勤控,99,35,64,台新-建北,2024-03-28,8151
3706,神達,119,58,61,台新-建北,2024-03-28,8151
00919,群益台灣精選高息,204,143,61,台新-建北,2024-03-28,8151
00687B,國泰20年美債,62,4,58,台新-建北,2024-03-28,8151
3372,典範,50,1,49,台新-建北,2024-03-28,8151
2464,盟立,65,16,49,台新-建北,2024-03-28,8151
2834,臺企銀,47,0,47,台新-建北,2024-03-28,8151
2883,凱基金,65,19,46,台新-建北,2024-03-28,8151
1808,潤隆,66,24,42,台新-建北,2024-03-28,8151
00941,中信上游半導體,41,1,40,台新-建北,2024-03-28,8151
2328,廣宇,75,35,40,台新-建北,2024-03-28,8151
00657,國泰日經225,40,0,40,台新-建北,2024-03-28,8151
6257,矽格,54,16,38,台新-建北,2024-03-28,8151
3024,憶聲,42,5,37,台新-建北,2024-03-28,8151
5213,亞昕,36,0,36,台新-建北,2024-03-28,8151
8996,高力,44,10,34,台新-建北,2024-03-28,8151
1303,南亞,34,0,34,台新-建北,2024-03-28,8151
1608,華榮,75,41,34,台新-建北,2024-03-28,8151
00937B,群益ESG投等債20,36,3,33,台新-建北,2024-03-28,8151
5328,華容,30,0,30,台新-建北,2024-03-28,8151
4414,如興,30,0,30,台新-建北,2024-03-28,8151
2317,鴻海,131,102,29,台新-建北,2024-03-28,8151
6668,中揚光,30,3,27,台新-建北,2024-03-28,8151
8085,福華,35,12,23,台新-建北,2024-03-28,8151
1815,富喬,44,23,21,台新-建北,2024-03-28,8151
2301,光寶科,44,23,21,台新-建北,2024-03-28,8151
00715L,期街口布蘭特正2,35,15,20,台新-建北,2024-03-28,8151
6165,浪凡,20,0,20,台新-建北,2024-03-28,8151
4157,太景*-KY,20,0,20,台新-建北,2024-03-28,8151
1609,大亞,123,104,19,台新-建北,2024-03-28,8151
2376,技嘉,24,5,19,台新-建北,2024-03-28,8151
6215,和椿,36,17,19,台新-建北,2024-03-28,8151
1532,勤美,21,2,19,台新-建北,2024-03-28,8151
3037,欣興,28,9,19,台新-建北,2024-03-28,8151
3027,盛達,21,3,18,台新-建北,2024-03-28,8151
00651R,復華香港反1,18,0,18,台新-建北,2024-03-28,8151
2421,建準,28,11,17,台新-建北,2024-03-28,8151
2059,川湖,17,0,17,台新-建北,2024-03-28,8151
1447,力鵬,17,0,17,台新-建北,2024-03-28,8151
3005,神基,97,81,16,台新-建北,2024-03-28,8151
2886,兆豐金,16,0,16,台新-建北,2024-03-28,8151
4909,新復興,26,11,15,台新-建北,2024-03-28,8151
2887,台新金,26,11,15,台新-建北,2024-03-28,8151
00664R,國泰臺灣加權反1,134,0,134,台新-建北,2024-03-29,8151
2356,英業達,470,355,115,台新-建北,2024-03-29,8151
2317,鴻海,174,71,103,台新-建北,2024-03-29,8151
00939,統一台灣高息動能,184,95,89,台新-建北,2024-03-29,8151
2328,廣宇,97,9,88,台新-建北,2024-03-29,8151
00687B,國泰20年美債,90,3,87,台新-建北,2024-03-29,8151
00632R,元大台灣50反1,70,0,70,台新-建北,2024-03-29,8151
2332,友訊,61,1,60,台新-建北,2024-03-29,8151
3050,鈺德,60,0,60,台新-建北,2024-03-29,8151
8054,安國,130,76,54,台新-建北,2024-03-29,8151
00919,群益台灣精選高息,245,191,54,台新-建北,2024-03-29,8151
2520,冠德,45,0,45,台新-建北,2024-03-29,8151
00937B,群益ESG投等債20,127,82,45,台新-建北,2024-03-29,8151
6477,安集,51,12,39,台新-建北,2024-03-29,8151
3037,欣興,40,4,36,台新-建北,2024-03-29,8151
1503,士電,31,2,29,台新-建北,2024-03-29,8151
1609,大亞,143,114,29,台新-建北,2024-03-29,8151
1815,富喬,108,79,29,台新-建北,2024-03-29,8151
2374,佳能,57,28,29,台新-建北,2024-03-29,8151
6188,廣明,36,9,27,台新-建北,2024-03-29,8151
2614,東森,26,0,26,台新-建北,2024-03-29,8151
00941,中信上游半導體,25,0,25,台新-建北,2024-03-29,8151
00929,復華台灣科技優息,99,74,25,台新-建北,2024-03-29,8151
6462,神盾,56,32,24,台新-建北,2024-03-29,8151
2458,義隆,25,2,23,台新-建北,2024-03-29,8151
00712,復華富時不動產,23,0,23,台新-建北,2024-03-29,8151
2392,正崴,28,5,23,台新-建北,2024-03-29,8151
2371,大同,83,62,21,台新-建北,2024-03-29,8151
2547,日勝生,21,0,21,台新-建北,2024-03-29,8151
3376,新日興,36,16,20,台新-建北,2024-03-29,8151
2867,三商壽,20,0,20,台新-建北,2024-03-29,8151
6220,岳豐,20,0,20,台新-建北,2024-03-29,8151
3666,光耀,20,0,20,台新-建北,2024-03-29,8151
3013,晟銘電,202,182,20,台新-建北,2024-03-29,8151
00720B,元大投資級公司債,20,3,17,台新-建北,2024-03-29,8151
2301,光寶科,97,80,17,台新-建北,2024-03-29,8151
5202,力新,16,0,16,台新-建北,2024-03-29,8151
2421,建準,206,190,16,台新-建北,2024-03-29,8151
2324,仁寶,56,41,15,台新-建北,2024-03-29,8151
6215,和椿,16,1,15,台新-建北,2024-03-29,8151
2365,昆盈,32,17,15,台新-建北,2024-03-29,8151
00650L,復華香港正2,15,0,15,台新-建北,2024-03-29,8151
00679B,元大美債20年,21,7,14,台新-建北,2024-03-29,8151
00918,大華優利高填息30,14,0,14,台新-建北,2024-03-29,8151
00936,台新永續高息中小,15,1,14,台新-建北,2024-03-29,8151
8996,高力,18,5,13,台新-建北,2024-03-29,8151
3545,敦泰,13,0,13,台新-建北,2024-03-29,8151
4958,臻鼎-KY,17,4,13,台新-建北,2024-03-29,8151
3052,夆典,12,0,12,台新-建北,2024-03-29,8151
5439,高技,13,1,12,台新-建北,2024-03-29,8151
00940,元大台灣價值高息,2083,493,1590,台新-建北,2024-04-01,8151
00919,群益台灣精選高息,392,28,364,台新-建北,2024-04-01,8151
00937B,群益ESG投等債20,229,2,227,台新-建北,2024-04-01,8151
00941,中信上游半導體,134,2,132,台新-建北,2024-04-01,8151
8936,國統,164,35,129,台新-建北,2024-04-01,8151
00929,復華台灣科技優息,139,20,119,台新-建北,2024-04-01,8151
2371,大同,146,45,101,台新-建北,2024-04-01,8151
4961,天鈺,91,5,86,台新-建北,2024-04-01,8151
2382,廣達,244,166,78,台新-建北,2024-04-01,8151
6213,聯茂,123,51,72,台新-建北,2024-04-01,8151
00706L,期元大S＆P日圓正2,70,0,70,台新-建北,2024-04-01,8151
2317,鴻海,86,27,59,台新-建北,2024-04-01,8151
2515,中工,158,103,55,台新-建北,2024-04-01,8151
00687B,國泰20年美債,54,1,53,台新-建北,2024-04-01,8151
00639,富邦深100,50,0,50,台新-建北,2024-04-01,8151
3231,緯創,489,440,49,台新-建北,2024-04-01,8151
1503,士電,51,2,49,台新-建北,2024-04-01,8151
00632R,元大台灣50反1,58,10,48,台新-建北,2024-04-01,8151
00637L,元大滬深300正2,64,16,48,台新-建北,2024-04-01,8151
2312,金寶,50,2,48,台新-建北,2024-04-01,8151
8096,擎亞,51,9,42,台新-建北,2024-04-01,8151
8033,雷虎,45,7,38,台新-建北,2024-04-01,8151
2520,冠德,42,4,38,台新-建北,2024-04-01,8151
1455,集盛,40,3,37,台新-建北,2024-04-01,8151
5234,達興材料,41,5,36,台新-建北,2024-04-01,8151
2352,佳世達,39,7,32,台新-建北,2024-04-01,8151
3372,典範,30,0,30,台新-建北,2024-04-01,8151
2359,所羅門,31,1,30,台新-建北,2024-04-01,8151
00888,永豐台灣ESG,30,0,30,台新-建北,2024-04-01,8151
00679B,元大美債20年,33,4,29,台新-建北,2024-04-01,8151
3622,洋華,31,2,29,台新-建北,2024-04-01,8151
1795,美時,38,9,29,台新-建北,2024-04-01,8151
3450,聯鈞,42,14,28,台新-建北,2024-04-01,8151
00933B,國泰10Y+金融債,33,7,26,台新-建北,2024-04-01,8151
2891,中信金,30,4,26,台新-建北,2024-04-01,8151
6165,浪凡,24,0,24,台新-建北,2024-04-01,8151
0056,元大高股息,28,5,23,台新-建北,2024-04-01,8151
3027,盛達,23,0,23,台新-建北,2024-04-01,8151
2603,長榮,62,39,23,台新-建北,2024-04-01,8151
2834,臺企銀,22,0,22,台新-建北,2024-04-01,8151
1217,愛之味,22,0,22,台新-建北,2024-04-01,8151
2002,中鋼,23,1,22,台新-建北,2024-04-01,8151
00900,富邦特選高股息30,36,15,21,台新-建北,2024-04-01,8151
3708,上緯投控,21,0,21,台新-建北,2024-04-01,8151
00878,國泰永續高股息,44,23,21,台新-建北,2024-04-01,8151
6188,廣明,44,23,21,台新-建北,2024-04-01,8151
00939,統一台灣高息動能,80,60,20,台新-建北,2024-04-01,8151
3588,通嘉,20,0,20,台新-建北,2024-04-01,8151
5351,鈺創,27,7,20,台新-建北,2024-04-01,8151
2356,英業達,58,38,20,台新-建北,2024-04-01,8151
00632R,元大台灣50反1,393,0,393,台新-建北,2024-04-02,8151
00687B,國泰20年美債,379,10,369,台新-建北,2024-04-02,8151
2903,遠百,200,1,199,台新-建北,2024-04-02,8151
2332,友訊,190,1,189,台新-建北,2024-04-02,8151
00679B,元大美債20年,142,2,140,台新-建北,2024-04-02,8151
00940,元大台灣價值高息,487,359,128,台新-建北,2024-04-02,8151
00941,中信上游半導體,151,26,125,台新-建北,2024-04-02,8151
6179,亞通,114,3,111,台新-建北,2024-04-02,8151
00937B,群益ESG投等債20,107,3,104,台新-建北,2024-04-02,8151
2888,新光金,97,0,97,台新-建北,2024-04-02,8151
2515,中工,132,42,90,台新-建北,2024-04-02,8151
6213,聯茂,103,28,75,台新-建北,2024-04-02,8151
00680L,元大美債20正2,96,30,66,台新-建北,2024-04-02,8151
3706,神達,83,22,61,台新-建北,2024-04-02,8151
00795B,中信美國公債20年,54,0,54,台新-建北,2024-04-02,8151
6477,安集,50,0,50,台新-建北,2024-04-02,8151
8064,東捷,70,26,44,台新-建北,2024-04-02,8151
00927,群益半導體收益,44,0,44,台新-建北,2024-04-02,8151
1815,富喬,59,16,43,台新-建北,2024-04-02,8151
00933B,國泰10Y+金融債,48,5,43,台新-建北,2024-04-02,8151
1304,台聚,41,0,41,台新-建北,2024-04-02,8151
6220,岳豐,40,0,40,台新-建北,2024-04-02,8151
00720B,元大投資級公司債,39,0,39,台新-建北,2024-04-02,8151
2204,中華,40,1,39,台新-建北,2024-04-02,8151
8936,國統,84,46,38,台新-建北,2024-04-02,8151
00751B,元大AAA至A公司債,38,0,38,台新-建北,2024-04-02,8151
6147,頎邦,38,0,38,台新-建北,2024-04-02,8151
6189,豐藝,97,60,37,台新-建北,2024-04-02,8151
2882,國泰金,34,2,32,台新-建北,2024-04-02,8151
00651R,復華香港反1,31,0,31,台新-建北,2024-04-02,8151
2371,大同,79,48,31,台新-建北,2024-04-02,8151
2312,金寶,30,0,30,台新-建北,2024-04-02,8151
2431,聯昌,29,0,29,台新-建北,2024-04-02,8151
6288,聯嘉,56,27,29,台新-建北,2024-04-02,8151
00919,群益台灣精選高息,56,27,29,台新-建北,2024-04-02,8151
8027,鈦昇,36,9,27,台新-建北,2024-04-02,8151
3715,定穎投控,117,91,26,台新-建北,2024-04-02,8151
1717,長興,73,47,26,台新-建北,2024-04-02,8151
1303,南亞,23,0,23,台新-建北,2024-04-02,8151
00637L,元大滬深300正2,22,0,22,台新-建北,2024-04-02,8151
4746,台耀,32,11,21,台新-建北,2024-04-02,8151
4909,新復興,39,18,21,台新-建北,2024-04-02,8151
00885,富邦越南,21,0,21,台新-建北,2024-04-02,8151
5213,亞昕,21,0,21,台新-建北,2024-04-02,8151
2201,裕隆,22,1,21,台新-建北,2024-04-02,8151
2421,建準,27,7,20,台新-建北,2024-04-02,8151
00733,富邦臺灣中小,19,0,19,台新-建北,2024-04-02,8151
8033,雷虎,35,16,19,台新-建北,2024-04-02,8151
2354,鴻準,38,19,19,台新-建北,2024-04-02,8151
6207,雷科,51,33,18,台新-建北,2024-04-02,8151
2884,玉山金,3055,2,3053,台新-建北,2024-04-03,8151
00937B,群益ESG投等債20,369,37,332,台新-建北,2024-04-03,8151
00637L,元大滬深300正2,336,5,331,台新-建北,2024-04-03,8151
00940,元大台灣價值高息,364,76,288,台新-建北,2024-04-03,8151
00687B,國泰20年美債,219,0,219,台新-建北,2024-04-03,8151
2317,鴻海,312,101,211,台新-建北,2024-04-03,8151
00655L,國泰中國A50正2,167,0,167,台新-建北,2024-04-03,8151
00679B,元大美債20年,160,0,160,台新-建北,2024-04-03,8151
8054,安國,328,184,144,台新-建北,2024-04-03,8151
6462,神盾,189,57,132,台新-建北,2024-04-03,8151
00680L,元大美債20正2,118,0,118,台新-建北,2024-04-03,8151
2356,英業達,164,48,116,台新-建北,2024-04-03,8151
8930,青鋼,122,14,108,台新-建北,2024-04-03,8151
2903,遠百,100,0,100,台新-建北,2024-04-03,8151
00676R,富邦臺灣加權反1,100,0,100,台新-建北,2024-04-03,8151
2515,中工,140,48,92,台新-建北,2024-04-03,8151
1101,台泥,124,36,88,台新-建北,2024-04-03,8151
3033,威健,80,3,77,台新-建北,2024-04-03,8151
2486,一詮,547,470,77,台新-建北,2024-04-03,8151
2609,陽明,71,5,66,台新-建北,2024-04-03,8151
3450,聯鈞,88,24,64,台新-建北,2024-04-03,8151
2393,億光,63,4,59,台新-建北,2024-04-03,8151
2357,華碩,50,0,50,台新-建北,2024-04-03,8151
3324,雙鴻,84,35,49,台新-建北,2024-04-03,8151
4915,致伸,47,0,47,台新-建北,2024-04-03,8151
0056,元大高股息,50,3,47,台新-建北,2024-04-03,8151
00929,復華台灣科技優息,72,27,45,台新-建北,2024-04-03,8151
3034,聯詠,45,1,44,台新-建北,2024-04-03,8151
00939,統一台灣高息動能,51,9,42,台新-建北,2024-04-03,8151
00933B,國泰10Y+金融債,55,16,39,台新-建北,2024-04-03,8151
2014,中鴻,764,726,38,台新-建北,2024-04-03,8151
6213,聯茂,67,30,37,台新-建北,2024-04-03,8151
00919,群益台灣精選高息,83,47,36,台新-建北,2024-04-03,8151
00720B,元大投資級公司債,33,0,33,台新-建北,2024-04-03,8151
2303,聯電,37,7,30,台新-建北,2024-04-03,8151
00657,國泰日經225,30,0,30,台新-建北,2024-04-03,8151
2459,敦吉,30,0,30,台新-建北,2024-04-03,8151
00733,富邦臺灣中小,26,0,26,台新-建北,2024-04-03,8151
2324,仁寶,26,0,26,台新-建北,2024-04-03,8151
2382,廣達,94,68,26,台新-建北,2024-04-03,8151
3027,盛達,26,0,26,台新-建北,2024-04-03,8151
2376,技嘉,27,3,24,台新-建北,2024-04-03,8151
2344,華邦電,24,0,24,台新-建北,2024-04-03,8151
2882,國泰金,25,1,24,台新-建北,2024-04-03,8151
00927,群益半導體收益,24,0,24,台新-建北,2024-04-03,8151
3481,群創,25,3,22,台新-建北,2024-04-03,8151
2501,國建,21,0,21,台新-建北,2024-04-03,8151
2887,台新金,20,0,20,台新-建北,2024-04-03,8151
00740B,富邦全球投等債,20,0,20,台新-建北,2024-04-03,8151
3052,夆典,20,0,20,台新-建北,2024-04-03,8151
2884,玉山金,387,0,387,台新-建北,2024-04-08,8151
00937B,群益ESG投等債20,213,20,193,台新-建北,2024-04-08,8151
00687B,國泰20年美債,163,14,149,台新-建北,2024-04-08,8151
00940,元大台灣價值高息,227,82,145,台新-建北,2024-04-08,8151
2903,遠百,144,1,143,台新-建北,2024-04-08,8151
00679B,元大美債20年,147,19,128,台新-建北,2024-04-08,8151
2492,華新科,166,43,123,台新-建北,2024-04-08,8151
00933B,國泰10Y+金融債,105,5,100,台新-建北,2024-04-08,8151
00919,群益台灣精選高息,116,21,95,台新-建北,2024-04-08,8151
00929,復華台灣科技優息,139,48,91,台新-建北,2024-04-08,8151
00688L,國泰20年美債正2,96,6,90,台新-建北,2024-04-08,8151
00706L,期元大S＆P日圓正2,85,0,85,台新-建北,2024-04-08,8151
3017,奇鋐,101,34,67,台新-建北,2024-04-08,8151
2313,華通,162,95,67,台新-建北,2024-04-08,8151
3715,定穎投控,119,55,64,台新-建北,2024-04-08,8151
6179,亞通,65,2,63,台新-建北,2024-04-08,8151
2509,全坤建,66,3,63,台新-建北,2024-04-08,8151
00927,群益半導體收益,60,0,60,台新-建北,2024-04-08,8151
2409,友達,54,2,52,台新-建北,2024-04-08,8151
2515,中工,149,103,46,台新-建北,2024-04-08,8151
6112,邁達特,50,5,45,台新-建北,2024-04-08,8151
00795B,中信美國公債20年,43,0,43,台新-建北,2024-04-08,8151
5213,亞昕,40,0,40,台新-建北,2024-04-08,8151
00715L,期街口布蘭特正2,72,32,40,台新-建北,2024-04-08,8151
00941,中信上游半導體,39,0,39,台新-建北,2024-04-08,8151
00680L,元大美債20正2,38,0,38,台新-建北,2024-04-08,8151
00738U,期元大道瓊白銀,38,0,38,台新-建北,2024-04-08,8151
2476,鉅祥,43,6,37,台新-建北,2024-04-08,8151
00632R,元大台灣50反1,43,8,35,台新-建北,2024-04-08,8151
00651R,復華香港反1,35,0,35,台新-建北,2024-04-08,8151
2465,麗臺,40,5,35,台新-建北,2024-04-08,8151
00751B,元大AAA至A公司債,34,0,34,台新-建北,2024-04-08,8151
00720B,元大投資級公司債,42,10,32,台新-建北,2024-04-08,8151
4414,如興,30,0,30,台新-建北,2024-04-08,8151
00657,國泰日經225,30,0,30,台新-建北,2024-04-08,8151
2303,聯電,35,6,29,台新-建北,2024-04-08,8151
2330,台積電,37,8,29,台新-建北,2024-04-08,8151
6125,廣運,51,22,29,台新-建北,2024-04-08,8151
4714,永捷,51,22,29,台新-建北,2024-04-08,8151
6477,安集,29,1,28,台新-建北,2024-04-08,8151
0056,元大高股息,32,4,28,台新-建北,2024-04-08,8151
1540,喬福,27,0,27,台新-建北,2024-04-08,8151
6120,達運,196,170,26,台新-建北,2024-04-08,8151
6462,神盾,54,28,26,台新-建北,2024-04-08,8151
2382,廣達,80,55,25,台新-建北,2024-04-08,8151
3033,威健,33,8,25,台新-建北,2024-04-08,8151
3005,神基,37,13,24,台新-建北,2024-04-08,8151
2345,智邦,25,2,23,台新-建北,2024-04-08,8151
3583,辛耘,39,16,23,台新-建北,2024-04-08,8151
00931B,統一美債20年,32,10,22,台新-建北,2024-04-08,8151
00632R,元大台灣50反1,530,170,360,台新-建北,2024-04-09,8151
2371,大同,181,59,122,台新-建北,2024-04-09,8151
1503,士電,113,0,113,台新-建北,2024-04-09,8151
00679B,元大美債20年,102,1,101,台新-建北,2024-04-09,8151
2486,一詮,305,219,86,台新-建北,2024-04-09,8151
3033,威健,90,7,83,台新-建北,2024-04-09,8151
3013,晟銘電,179,98,81,台新-建北,2024-04-09,8151
3231,緯創,140,60,80,台新-建北,2024-04-09,8151
2201,裕隆,76,0,76,台新-建北,2024-04-09,8151
00650L,復華香港正2,100,25,75,台新-建北,2024-04-09,8151
2382,廣達,109,42,67,台新-建北,2024-04-09,8151
1815,富喬,63,5,58,台新-建北,2024-04-09,8151
6188,廣明,113,57,56,台新-建北,2024-04-09,8151
00940,元大台灣價值高息,70,15,55,台新-建北,2024-04-09,8151
00919,群益台灣精選高息,77,23,54,台新-建北,2024-04-09,8151
00929,復華台灣科技優息,53,0,53,台新-建北,2024-04-09,8151
2609,陽明,76,26,50,台新-建北,2024-04-09,8151
6425,易發,44,2,42,台新-建北,2024-04-09,8151
6189,豐藝,104,64,40,台新-建北,2024-04-09,8151
1540,喬福,40,0,40,台新-建北,2024-04-09,8151
8930,青鋼,61,24,37,台新-建北,2024-04-09,8151
00687B,國泰20年美債,36,0,36,台新-建北,2024-04-09,8151
3481,群創,62,27,35,台新-建北,2024-04-09,8151
2101,南港,45,10,35,台新-建北,2024-04-09,8151
00931B,統一美債20年,35,0,35,台新-建北,2024-04-09,8151
00937B,群益ESG投等債20,97,63,34,台新-建北,2024-04-09,8151
8936,國統,65,33,32,台新-建北,2024-04-09,8151
8097,常珵,32,0,32,台新-建北,2024-04-09,8151
7402,邑錡,32,0,32,台新-建北,2024-04-09,8151
00933B,國泰10Y+金融債,32,0,32,台新-建北,2024-04-09,8151
2365,昆盈,73,43,30,台新-建北,2024-04-09,8151
3056,富華新,30,0,30,台新-建北,2024-04-09,8151
2888,新光金,121,92,29,台新-建北,2024-04-09,8151
00939,統一台灣高息動能,32,5,27,台新-建北,2024-04-09,8151
00651R,復華香港反1,25,0,25,台新-建北,2024-04-09,8151
00631L,元大台灣50正2,24,1,23,台新-建北,2024-04-09,8151
2903,遠百,22,0,22,台新-建北,2024-04-09,8151
1618,合機,119,97,22,台新-建北,2024-04-09,8151
00882,中信中國高股息,23,2,21,台新-建北,2024-04-09,8151
1532,勤美,20,1,19,台新-建北,2024-04-09,8151
1519,華城,22,3,19,台新-建北,2024-04-09,8151
2402,毅嘉,22,3,19,台新-建北,2024-04-09,8151
2363,矽統,226,208,18,台新-建北,2024-04-09,8151
00941,中信上游半導體,21,3,18,台新-建北,2024-04-09,8151
3032,偉訓,32,15,17,台新-建北,2024-04-09,8151
2059,川湖,38,21,17,台新-建北,2024-04-09,8151
00715L,期街口布蘭特正2,19,2,17,台新-建北,2024-04-09,8151
6477,安集,20,3,17,台新-建北,2024-04-09,8151
6933,AMAX-KY,19,2,17,台新-建北,2024-04-09,8151
2610,華航,40,23,17,台新-建北,2024-04-09,8151
2801,彰銀,395,0,395,台新-建北,2024-04-10,8151
00937B,群益ESG投等債20,382,10,372,台新-建北,2024-04-10,8151
2317,鴻海,260,95,165,台新-建北,2024-04-10,8151
4533,協易機,296,147,149,台新-建北,2024-04-10,8151
6016,康和證,108,2,106,台新-建北,2024-04-10,8151
1609,大亞,271,169,102,台新-建北,2024-04-10,8151
3056,富華新,95,0,95,台新-建北,2024-04-10,8151
1608,華榮,112,41,71,台新-建北,2024-04-10,8151
2301,光寶科,74,6,68,台新-建北,2024-04-10,8151
8096,擎亞,155,89,66,台新-建北,2024-04-10,8151
2101,南港,55,0,55,台新-建北,2024-04-10,8151
00753L,中信中國50正2,63,10,53,台新-建北,2024-04-10,8151
3231,緯創,133,81,52,台新-建北,2024-04-10,8151
00679B,元大美債20年,70,20,50,台新-建北,2024-04-10,8151
00919,群益台灣精選高息,59,9,50,台新-建北,2024-04-10,8151
1540,喬福,50,0,50,台新-建北,2024-04-10,8151
6117,迎廣,81,32,49,台新-建北,2024-04-10,8151
2382,廣達,156,108,48,台新-建北,2024-04-10,8151
2408,南亞科,60,14,46,台新-建北,2024-04-10,8151
3324,雙鴻,78,34,44,台新-建北,2024-04-10,8151
2515,中工,115,72,43,台新-建北,2024-04-10,8151
5213,亞昕,43,0,43,台新-建北,2024-04-10,8151
2891,中信金,43,0,43,台新-建北,2024-04-10,8151
2634,漢翔,93,51,42,台新-建北,2024-04-10,8151
4561,健椿,42,0,42,台新-建北,2024-04-10,8151
6179,亞通,56,15,41,台新-建北,2024-04-10,8151
1786,科妍,60,20,40,台新-建北,2024-04-10,8151
2486,一詮,94,55,39,台新-建北,2024-04-10,8151
9103,美德醫療-DR,38,0,38,台新-建北,2024-04-10,8151
6215,和椿,61,26,35,台新-建北,2024-04-10,8151
6477,安集,37,2,35,台新-建北,2024-04-10,8151
00651R,復華香港反1,33,0,33,台新-建北,2024-04-10,8151
8383,千附,63,30,33,台新-建北,2024-04-10,8151
3708,上緯投控,33,0,33,台新-建北,2024-04-10,8151
2520,冠德,34,2,32,台新-建北,2024-04-10,8151
2465,麗臺,32,0,32,台新-建北,2024-04-10,8151
3213,茂訊,36,5,31,台新-建北,2024-04-10,8151
6189,豐藝,45,14,31,台新-建北,2024-04-10,8151
00719B,元大美債1-3,30,0,30,台新-建北,2024-04-10,8151
5371,中光電,33,4,29,台新-建北,2024-04-10,8151
8033,雷虎,46,17,29,台新-建北,2024-04-10,8151
00631L,元大台灣50正2,28,0,28,台新-建北,2024-04-10,8151
5009,榮剛,153,125,28,台新-建北,2024-04-10,8151
1603,華電,46,20,26,台新-建北,2024-04-10,8151
6026,福邦證,26,1,25,台新-建北,2024-04-10,8151
1795,美時,54,30,24,台新-建北,2024-04-10,8151
6177,達麗,27,3,24,台新-建北,2024-04-10,8151
2887,台新金,25,2,23,台新-建北,2024-04-10,8151
2324,仁寶,34,11,23,台新-建北,2024-04-10,8151
6753,龍德造船,23,0,23,台新-建北,2024-04-10,8151
00937B,群益ESG投等債20,654,2,652,台新-建北,2024-04-11,8151
00712,復華富時不動產,344,0,344,台新-建北,2024-04-11,8151
00688L,國泰20年美債正2,321,5,316,台新-建北,2024-04-11,8151
00687B,國泰20年美債,224,8,216,台新-建北,2024-04-11,8151
00679B,元大美債20年,212,21,191,台新-建北,2024-04-11,8151
00929,復華台灣科技優息,172,4,168,台新-建北,2024-04-11,8151
2884,玉山金,130,0,130,台新-建北,2024-04-11,8151
2618,長榮航,292,168,124,台新-建北,2024-04-11,8151
2464,盟立,114,6,108,台新-建北,2024-04-11,8151
8112,至上,140,44,96,台新-建北,2024-04-11,8151
2367,燿華,94,12,82,台新-建北,2024-04-11,8151
00933B,國泰10Y+金融債,111,40,71,台新-建北,2024-04-11,8151
3691,碩禾,72,3,69,台新-建北,2024-04-11,8151
00680L,元大美債20正2,53,0,53,台新-建北,2024-04-11,8151
00940,元大台灣價值高息,92,40,52,台新-建北,2024-04-11,8151
00772B,中信高評級公司債,49,0,49,台新-建北,2024-04-11,8151
2887,台新金,48,2,46,台新-建北,2024-04-11,8151
2515,中工,82,36,46,台新-建北,2024-04-11,8151
00720B,元大投資級公司債,50,5,45,台新-建北,2024-04-11,8151
2303,聯電,50,6,44,台新-建北,2024-04-11,8151
1540,喬福,38,0,38,台新-建北,2024-04-11,8151
8054,安國,43,7,36,台新-建北,2024-04-11,8151
2324,仁寶,37,3,34,台新-建北,2024-04-11,8151
6117,迎廣,239,205,34,台新-建北,2024-04-11,8151
6753,龍德造船,34,3,31,台新-建北,2024-04-11,8151
1303,南亞,31,0,31,台新-建北,2024-04-11,8151
00650L,復華香港正2,95,65,30,台新-建北,2024-04-11,8151
3481,群創,45,16,29,台新-建北,2024-04-11,8151
00673R,期元大S＆P原油反1,31,3,28,台新-建北,2024-04-11,8151
00931B,統一美債20年,32,4,28,台新-建北,2024-04-11,8151
6213,聯茂,51,25,26,台新-建北,2024-04-11,8151
1514,亞力,334,308,26,台新-建北,2024-04-11,8151
00651R,復華香港反1,26,0,26,台新-建北,2024-04-11,8151
0056,元大高股息,29,3,26,台新-建北,2024-04-11,8151
5426,振發,31,6,25,台新-建北,2024-04-11,8151
3312,弘憶股,50,25,25,台新-建北,2024-04-11,8151
2516,新建,31,7,24,台新-建北,2024-04-11,8151
1718,中纖,25,1,24,台新-建北,2024-04-11,8151
5511,德昌,27,3,24,台新-建北,2024-04-11,8151
3260,威剛,62,39,23,台新-建北,2024-04-11,8151
6806,森崴能源,36,14,22,台新-建北,2024-04-11,8151
00631L,元大台灣50正2,23,1,22,台新-建北,2024-04-11,8151
8299,群聯,23,1,22,台新-建北,2024-04-11,8151
5388,中磊,25,5,20,台新-建北,2024-04-11,8151
3060,銘異,32,12,20,台新-建北,2024-04-11,8151
2486,一詮,82,62,20,台新-建北,2024-04-11,8151
00669R,國泰美國道瓊反1,20,0,20,台新-建北,2024-04-11,8151
3013,晟銘電,93,73,20,台新-建北,2024-04-11,8151
00751B,元大AAA至A公司債,21,1,20,台新-建北,2024-04-11,8151
3363,上詮,31,12,19,台新-建北,2024-04-11,8151
1513,中興電,595,194,401,台新-建北,2024-04-12,8151
00937B,群益ESG投等債20,242,0,242,台新-建北,2024-04-12,8151
00929,復華台灣科技優息,208,10,198,台新-建北,2024-04-12,8151
00687B,國泰20年美債,183,1,182,台新-建北,2024-04-12,8151
1514,亞力,398,223,175,台新-建北,2024-04-12,8151
2382,廣達,196,33,163,台新-建北,2024-04-12,8151
2884,玉山金,154,0,154,台新-建北,2024-04-12,8151
00940,元大台灣價值高息,267,135,132,台新-建北,2024-04-12,8151
00650L,復華香港正2,120,0,120,台新-建北,2024-04-12,8151
00688L,國泰20年美債正2,107,3,104,台新-建北,2024-04-12,8151
00680L,元大美債20正2,90,0,90,台新-建北,2024-04-12,8151
2363,矽統,585,501,84,台新-建北,2024-04-12,8151
00679B,元大美債20年,80,1,79,台新-建北,2024-04-12,8151
8033,雷虎,76,9,67,台新-建北,2024-04-12,8151
00753L,中信中國50正2,60,0,60,台新-建北,2024-04-12,8151
2371,大同,410,356,54,台新-建北,2024-04-12,8151
00933B,國泰10Y+金融債,63,10,53,台新-建北,2024-04-12,8151
3615,安可,101,48,53,台新-建北,2024-04-12,8151
6290,良維,65,17,48,台新-建北,2024-04-12,8151
1815,富喬,70,28,42,台新-建北,2024-04-12,8151
3033,威健,40,0,40,台新-建北,2024-04-12,8151
5356,協益,40,0,40,台新-建北,2024-04-12,8151
2101,南港,92,53,39,台新-建北,2024-04-12,8151
2888,新光金,102,65,37,台新-建北,2024-04-12,8151
00720B,元大投資級公司債,35,0,35,台新-建北,2024-04-12,8151
2353,宏��,113,79,34,台新-建北,2024-04-12,8151
3231,緯創,72,39,33,台新-建北,2024-04-12,8151
3312,弘憶股,100,67,33,台新-建北,2024-04-12,8151
3324,雙鴻,70,37,33,台新-建北,2024-04-12,8151
8358,金居,38,6,32,台新-建北,2024-04-12,8151
2515,中工,49,17,32,台新-建北,2024-04-12,8151
3707,漢磊,36,4,32,台新-建北,2024-04-12,8151
6753,龍德造船,37,6,31,台新-建北,2024-04-12,8151
8096,擎亞,135,106,29,台新-建北,2024-04-12,8151
2340,台亞,36,9,27,台新-建北,2024-04-12,8151
6438,迅得,29,2,27,台新-建北,2024-04-12,8151
0056,元大高股息,27,1,26,台新-建北,2024-04-12,8151
5512,力麒,37,11,26,台新-建北,2024-04-12,8151
2374,佳能,105,79,26,台新-建北,2024-04-12,8151
2881,富邦金,34,8,26,台新-建北,2024-04-12,8151
5009,榮剛,29,4,25,台新-建北,2024-04-12,8151
6477,安集,27,2,25,台新-建北,2024-04-12,8151
00941,中信上游半導體,28,4,24,台新-建北,2024-04-12,8151
2520,冠德,24,0,24,台新-建北,2024-04-12,8151
2882,國泰金,23,0,23,台新-建北,2024-04-12,8151
2002,中鋼,35,13,22,台新-建北,2024-04-12,8151
6139,亞翔,22,0,22,台新-建北,2024-04-12,8151
00919,群益台灣精選高息,58,36,22,台新-建北,2024-04-12,8151
2887,台新金,22,1,21,台新-建北,2024-04-12,8151
1540,喬福,20,0,20,台新-建北,2024-04-12,8151
2884,玉山金,393,14,379,台新-建北,2024-04-15,8151
2371,大同,1051,865,186,台新-建北,2024-04-15,8151
5356,協益,152,0,152,台新-建北,2024-04-15,8151
00940,元大台灣價值高息,211,60,151,台新-建北,2024-04-15,8151
00929,復華台灣科技優息,192,58,134,台新-建北,2024-04-15,8151
2867,三商壽,156,26,130,台新-建北,2024-04-15,8151
00933B,國泰10Y+金融債,127,0,127,台新-建北,2024-04-15,8151
2888,新光金,111,5,106,台新-建北,2024-04-15,8151
00937B,群益ESG投等債20,121,18,103,台新-建北,2024-04-15,8151
2367,燿華,174,82,92,台新-建北,2024-04-15,8151
00687B,國泰20年美債,77,2,75,台新-建北,2024-04-15,8151
5230,雷笛克光學,70,1,69,台新-建北,2024-04-15,8151
00878,國泰永續高股息,117,49,68,台新-建北,2024-04-15,8151
3027,盛達,99,33,66,台新-建北,2024-04-15,8151
0056,元大高股息,70,4,66,台新-建北,2024-04-15,8151
1609,大亞,124,59,65,台新-建北,2024-04-15,8151
00679B,元大美債20年,65,0,65,台新-建北,2024-04-15,8151
3060,銘異,74,13,61,台新-建北,2024-04-15,8151
00751B,元大AAA至A公司債,57,2,55,台新-建北,2024-04-15,8151
00939,統一台灣高息動能,65,15,50,台新-建北,2024-04-15,8151
2393,億光,50,4,46,台新-建北,2024-04-15,8151
1503,士電,61,17,44,台新-建北,2024-04-15,8151
00712,復華富時不動產,41,0,41,台新-建北,2024-04-15,8151
4532,瑞智,42,2,40,台新-建北,2024-04-15,8151
1514,亞力,339,304,35,台新-建北,2024-04-15,8151
2374,佳能,105,71,34,台新-建北,2024-04-15,8151
2382,廣達,46,12,34,台新-建北,2024-04-15,8151
3622,洋華,50,17,33,台新-建北,2024-04-15,8151
2317,鴻海,70,39,31,台新-建北,2024-04-15,8151
1540,喬福,31,0,31,台新-建北,2024-04-15,8151
3303,岱稜,30,0,30,台新-建北,2024-04-15,8151
2538,基泰,30,0,30,台新-建北,2024-04-15,8151
2344,華邦電,44,14,30,台新-建北,2024-04-15,8151
4768,晶呈科技,31,2,29,台新-建北,2024-04-15,8151
00923,群益台ESG低碳50,29,1,28,台新-建北,2024-04-15,8151
3605,宏致,31,4,27,台新-建北,2024-04-15,8151
2002,中鋼,40,13,27,台新-建北,2024-04-15,8151
00941,中信上游半導體,29,4,25,台新-建北,2024-04-15,8151
2206,三陽工業,25,1,24,台新-建北,2024-04-15,8151
8110,華東,36,13,23,台新-建北,2024-04-15,8151
3032,偉訓,23,1,22,台新-建北,2024-04-15,8151
1442,名軒,21,0,21,台新-建北,2024-04-15,8151
1314,中石化,21,0,21,台新-建北,2024-04-15,8151
00905,FT臺灣Smart,20,0,20,台新-建北,2024-04-15,8151
2009,第一銅,70,50,20,台新-建北,2024-04-15,8151
2486,一詮,49,29,20,台新-建北,2024-04-15,8151
2303,聯電,23,3,20,台新-建北,2024-04-15,8151
3362,先進光,21,2,19,台新-建北,2024-04-15,8151
5512,力麒,22,4,18,台新-建北,2024-04-15,8151
8358,金居,22,4,18,台新-建北,2024-04-15,8151
2884,玉山金,3919,0,3919,台新-建北,2024-04-16,8151
2867,三商壽,1328,149,1179,台新-建北,2024-04-16,8151
00940,元大台灣價值高息,983,120,863,台新-建北,2024-04-16,8151
00937B,群益ESG投等債20,444,56,388,台新-建北,2024-04-16,8151
00919,群益台灣精選高息,463,189,274,台新-建北,2024-04-16,8151
00929,復華台灣科技優息,297,88,209,台新-建北,2024-04-16,8151
2801,彰銀,185,0,185,台新-建北,2024-04-16,8151
00687B,國泰20年美債,198,27,171,台新-建北,2024-04-16,8151
00939,統一台灣高息動能,182,13,169,台新-建北,2024-04-16,8151
0056,元大高股息,137,6,131,台新-建北,2024-04-16,8151
00878,國泰永續高股息,165,50,115,台新-建北,2024-04-16,8151
00688L,國泰20年美債正2,111,5,106,台新-建北,2024-04-16,8151
6274,台燿,137,32,105,台新-建北,2024-04-16,8151
2890,永豐金,102,2,100,台新-建北,2024-04-16,8151
2303,聯電,112,12,100,台新-建北,2024-04-16,8151
00671R,富邦NASDAQ反1,100,0,100,台新-建北,2024-04-16,8151
00657,國泰日經225,80,0,80,台新-建北,2024-04-16,8151
00680L,元大美債20正2,102,24,78,台新-建北,2024-04-16,8151
1609,大亞,757,688,69,台新-建北,2024-04-16,8151
1503,士電,161,91,70,台新-建北,2024-04-16,8151
2382,廣達,124,58,66,台新-建北,2024-04-16,8151
00941,中信上游半導體,86,20,66,台新-建北,2024-04-16,8151
1605,華新,83,31,52,台新-建北,2024-04-16,8151
5230,雷笛克光學,51,0,51,台新-建北,2024-04-16,8151
2408,南亞科,52,2,50,台新-建北,2024-04-16,8151
2887,台新金,47,1,46,台新-建北,2024-04-16,8151
00720B,元大投資級公司債,49,5,44,台新-建北,2024-04-16,8151
3712,永崴投控,46,2,44,台新-建北,2024-04-16,8151
00915,凱基優選高股息30,47,4,43,台新-建北,2024-04-16,8151
00679B,元大美債20年,61,20,41,台新-建北,2024-04-16,8151
3706,神達,56,16,40,台新-建北,2024-04-16,8151
4906,正文,40,0,40,台新-建北,2024-04-16,8151
8401,白紗科,40,0,40,台新-建北,2024-04-16,8151
3481,群創,45,6,39,台新-建北,2024-04-16,8151
00885,富邦越南,43,4,39,台新-建北,2024-04-16,8151
2388,威盛,57,18,39,台新-建北,2024-04-16,8151
00751B,元大AAA至A公司債,36,0,36,台新-建北,2024-04-16,8151
2206,三陽工業,34,1,33,台新-建北,2024-04-16,8151
2101,南港,65,33,32,台新-建北,2024-04-16,8151
00918,大華優利高填息30,36,5,31,台新-建北,2024-04-16,8151
00642U,期元大S＆P石油,30,1,29,台新-建北,2024-04-16,8151
4503,金雨,27,0,27,台新-建北,2024-04-16,8151
00927,群益半導體收益,28,1,27,台新-建北,2024-04-16,8151
1303,南亞,28,2,26,台新-建北,2024-04-16,8151
6742,澤米,29,3,26,台新-建北,2024-04-16,8151
1540,喬福,25,0,25,台新-建北,2024-04-16,8151
4716,大立,36,11,25,台新-建北,2024-04-16,8151
0050,元大台灣50,36,11,25,台新-建北,2024-04-16,8151
00715L,期街口布蘭特正2,56,32,24,台新-建北,2024-04-16,8151
3490,單井,75,51,24,台新-建北,2024-04-16,8151
2884,玉山金,2834,2,2832,台新-建北,2024-04-17,8151
00937B,群益ESG投等債20,719,72,647,台新-建北,2024-04-17,8151
00929,復華台灣科技優息,139,3,136,台新-建北,2024-04-17,8151
00940,元大台灣價值高息,201,68,133,台新-建北,2024-04-17,8151
00680L,元大美債20正2,130,0,130,台新-建北,2024-04-17,8151
0056,元大高股息,124,3,121,台新-建北,2024-04-17,8151
5488,松普,108,0,108,台新-建北,2024-04-17,8151
5512,力麒,127,22,105,台新-建北,2024-04-17,8151
2460,建通,101,0,101,台新-建北,2024-04-17,8151
2206,三陽工業,98,0,98,台新-建北,2024-04-17,8151
4532,瑞智,100,2,98,台新-建北,2024-04-17,8151
00919,群益台灣精選高息,125,27,98,台新-建北,2024-04-17,8151
00712,復華富時不動產,106,14,92,台新-建北,2024-04-17,8151
9105,泰金寶-DR,103,20,83,台新-建北,2024-04-17,8151
2442,新美齊,80,0,80,台新-建北,2024-04-17,8151
00632R,元大台灣50反1,125,51,74,台新-建北,2024-04-17,8151
00719B,元大美債1-3,70,0,70,台新-建北,2024-04-17,8151
3416,融程電,64,0,64,台新-建北,2024-04-17,8151
00733,富邦臺灣中小,64,0,64,台新-建北,2024-04-17,8151
00933B,國泰10Y+金融債,129,66,63,台新-建北,2024-04-17,8151
00657,國泰日經225,60,0,60,台新-建北,2024-04-17,8151
6589,台康生技,59,0,59,台新-建北,2024-04-17,8151
1503,士電,144,90,54,台新-建北,2024-04-17,8151
2009,第一銅,141,90,51,台新-建北,2024-04-17,8151
5443,均豪,58,8,50,台新-建北,2024-04-17,8151
2382,廣達,108,58,50,台新-建北,2024-04-17,8151
00927,群益半導體收益,49,0,49,台新-建北,2024-04-17,8151
6179,亞通,49,0,49,台新-建北,2024-04-17,8151
00878,國泰永續高股息,44,2,42,台新-建北,2024-04-17,8151
2543,皇昌,44,3,41,台新-建北,2024-04-17,8151
2365,昆盈,41,0,41,台新-建北,2024-04-17,8151
6165,浪凡,50,11,39,台新-建北,2024-04-17,8151
1210,大成,32,0,32,台新-建北,2024-04-17,8151
2408,南亞科,36,4,32,台新-建北,2024-04-17,8151
1314,中石化,33,1,32,台新-建北,2024-04-17,8151
00857B,永豐20年美公債,31,0,31,台新-建北,2024-04-17,8151
8033,雷虎,40,9,31,台新-建北,2024-04-17,8151
1304,台聚,30,0,30,台新-建北,2024-04-17,8151
00720B,元大投資級公司債,29,0,29,台新-建北,2024-04-17,8151
1783,和康生,27,0,27,台新-建北,2024-04-17,8151
3035,智原,36,10,26,台新-建北,2024-04-17,8151
3689,湧德,24,0,24,台新-建北,2024-04-17,8151
8028,昇陽半導體,38,14,24,台新-建北,2024-04-17,8151
2889,國票金,23,0,23,台新-建北,2024-04-17,8151
00772B,中信高評級公司債,22,0,22,台新-建北,2024-04-17,8151
3013,晟銘電,52,30,22,台新-建北,2024-04-17,8151
00696B,富邦美債20年,22,0,22,台新-建北,2024-04-17,8151
6213,聯茂,28,8,20,台新-建北,2024-04-17,8151
00671R,富邦NASDAQ反1,20,0,20,台新-建北,2024-04-17,8151
3131,弘塑,20,0,20,台新-建北,2024-04-17,8151
2884,玉山金,2723,2,2721,台新-建北,2024-04-18,8151
00929,復華台灣科技優息,416,4,412,台新-建北,2024-04-18,8151
00937B,群益ESG投等債20,679,307,372,台新-建北,2024-04-18,8151
1504,東元,207,42,165,台新-建北,2024-04-18,8151
0056,元大高股息,140,7,133,台新-建北,2024-04-18,8151
00687B,國泰20年美債,137,4,133,台新-建北,2024-04-18,8151
00680L,元大美債20正2,100,0,100,台新-建北,2024-04-18,8151
2374,佳能,127,27,100,台新-建北,2024-04-18,8151
00919,群益台灣精選高息,85,8,77,台新-建北,2024-04-18,8151
2371,大同,499,435,64,台新-建北,2024-04-18,8151
8054,安國,155,96,59,台新-建北,2024-04-18,8151
2609,陽明,73,17,56,台新-建北,2024-04-18,8151
00720B,元大投資級公司債,55,0,55,台新-建北,2024-04-18,8151
1608,華榮,127,74,53,台新-建北,2024-04-18,8151
1618,合機,61,9,52,台新-建北,2024-04-18,8151
00670L,富邦NASDAQ正2,50,0,50,台新-建北,2024-04-18,8151
00940,元大台灣價值高息,74,26,48,台新-建北,2024-04-18,8151
9955,佳龍,73,27,46,台新-建北,2024-04-18,8151
2913,農林,43,0,43,台新-建北,2024-04-18,8151
8940,新天地,42,0,42,台新-建北,2024-04-18,8151
00688L,國泰20年美債正2,50,10,40,台新-建北,2024-04-18,8151
3481,群創,76,36,40,台新-建北,2024-04-18,8151
00657,國泰日經225,37,0,37,台新-建北,2024-04-18,8151
00651R,復華香港反1,35,0,35,台新-建北,2024-04-18,8151
00941,中信上游半導體,42,7,35,台新-建北,2024-04-18,8151
6016,康和證,33,0,33,台新-建北,2024-04-18,8151
4552,力達-KY,32,0,32,台新-建北,2024-04-18,8151
5488,松普,42,11,31,台新-建北,2024-04-18,8151
9933,中鼎,37,9,28,台新-建北,2024-04-18,8151
5009,榮剛,34,7,27,台新-建北,2024-04-18,8151
1609,大亞,260,234,26,台新-建北,2024-04-18,8151
1532,勤美,26,2,24,台新-建北,2024-04-18,8151
2382,廣達,34,10,24,台新-建北,2024-04-18,8151
8358,金居,22,0,22,台新-建北,2024-04-18,8151
3702,大聯大,20,0,20,台新-建北,2024-04-18,8151
00671R,富邦NASDAQ反1,20,0,20,台新-建北,2024-04-18,8151
2887,台新金,30,10,20,台新-建北,2024-04-18,8151
4768,晶呈科技,22,3,19,台新-建北,2024-04-18,8151
00631L,元大台灣50正2,24,6,18,台新-建北,2024-04-18,8151
1101,台泥,23,5,18,台新-建北,2024-04-18,8151
00632R,元大台灣50反1,17,0,17,台新-建北,2024-04-18,8151
2206,三陽工業,19,3,16,台新-建北,2024-04-18,8151
1417,嘉裕,16,0,16,台新-建北,2024-04-18,8151
6189,豐藝,19,3,16,台新-建北,2024-04-18,8151
2603,長榮,18,3,15,台新-建北,2024-04-18,8151
2834,臺企銀,15,0,15,台新-建北,2024-04-18,8151
00933B,國泰10Y+金融債,21,6,15,台新-建北,2024-04-18,8151
1301,台塑,16,1,15,台新-建北,2024-04-18,8151
1587,吉茂,14,0,14,台新-建北,2024-04-18,8151
2618,長榮航,23,9,14,台新-建北,2024-04-18,8151
2884,玉山金,5011,6,5005,台新-建北,2024-04-19,8151
2881,富邦金,2066,15,2051,台新-建北,2024-04-19,8151
00940,元大台灣價值高息,685,28,657,台新-建北,2024-04-19,8151
00929,復華台灣科技優息,1082,430,652,台新-建北,2024-04-19,8151
2371,大同,1755,1155,600,台新-建北,2024-04-19,8151
00919,群益台灣精選高息,456,41,415,台新-建北,2024-04-19,8151
2332,友訊,345,0,345,台新-建北,2024-04-19,8151
2465,麗臺,309,9,300,台新-建北,2024-04-19,8151
0056,元大高股息,256,31,225,台新-建北,2024-04-19,8151
00664R,國泰臺灣加權反1,200,22,178,台新-建北,2024-04-19,8151
1608,華榮,584,412,172,台新-建北,2024-04-19,8151
2515,中工,357,185,172,台新-建北,2024-04-19,8151
00680L,元大美債20正2,160,0,160,台新-建北,2024-04-19,8151
00878,國泰永續高股息,171,31,140,台新-建北,2024-04-19,8151
00939,統一台灣高息動能,165,35,130,台新-建北,2024-04-19,8151
5512,力麒,153,65,88,台新-建北,2024-04-19,8151
1603,華電,137,51,86,台新-建北,2024-04-19,8151
00671R,富邦NASDAQ反1,100,15,85,台新-建北,2024-04-19,8151
2887,台新金,90,8,82,台新-建北,2024-04-19,8151
00642U,期元大S＆P石油,83,7,76,台新-建北,2024-04-19,8151
2408,南亞科,75,2,73,台新-建北,2024-04-19,8151
00688L,國泰20年美債正2,100,33,67,台新-建北,2024-04-19,8151
2867,三商壽,79,15,64,台新-建北,2024-04-19,8151
00918,大華優利高填息30,63,0,63,台新-建北,2024-04-19,8151
6143,振曜,118,55,63,台新-建北,2024-04-19,8151
1503,士電,121,60,61,台新-建北,2024-04-19,8151
2330,台積電,129,69,60,台新-建北,2024-04-19,8151
8085,福華,60,4,56,台新-建北,2024-04-19,8151
2317,鴻海,467,411,56,台新-建北,2024-04-19,8151
2923,鼎固-KY,54,0,54,台新-建北,2024-04-19,8151
6770,力積電,61,9,52,台新-建北,2024-04-19,8151
8401,白紗科,50,0,50,台新-建北,2024-04-19,8151
00657,國泰日經225,50,0,50,台新-建北,2024-04-19,8151
6230,尼得科超眾,50,1,49,台新-建北,2024-04-19,8151
3481,群創,120,72,48,台新-建北,2024-04-19,8151
00931B,統一美債20年,50,3,47,台新-建北,2024-04-19,8151
2101,南港,111,64,47,台新-建北,2024-04-19,8151
1456,怡華,47,1,46,台新-建北,2024-04-19,8151
2890,永豐金,102,57,45,台新-建北,2024-04-19,8151
8940,新天地,49,5,44,台新-建北,2024-04-19,8151
8089,康全電訊,54,10,44,台新-建北,2024-04-19,8151
2303,聯電,49,5,44,台新-建北,2024-04-19,8151
5864,致和證,44,1,43,台新-建北,2024-04-19,8151
0050,元大台灣50,53,11,42,台新-建北,2024-04-19,8151
3312,弘憶股,66,27,39,台新-建北,2024-04-19,8151
2547,日勝生,76,40,36,台新-建北,2024-04-19,8151
1504,東元,107,71,36,台新-建北,2024-04-19,8151
2331,精英,40,5,35,台新-建北,2024-04-19,8151
00941,中信上游半導體,59,25,34,台新-建北,2024-04-19,8151
2883,凱基金,49,15,34,台新-建北,2024-04-19,8151
2884,玉山金,4145,1,4144,台新-建北,2024-04-22,8151
00632R,元大台灣50反1,615,11,604,台新-建北,2024-04-22,8151
00937B,群益ESG投等債20,437,30,407,台新-建北,2024-04-22,8151
00664R,國泰臺灣加權反1,341,0,341,台新-建北,2024-04-22,8151
2332,友訊,295,2,293,台新-建北,2024-04-22,8151
00919,群益台灣精選高息,314,40,274,台新-建北,2024-04-22,8151
1722,台肥,253,0,253,台新-建北,2024-04-22,8151
5521,工信,288,36,252,台新-建北,2024-04-22,8151
1455,集盛,200,0,200,台新-建北,2024-04-22,8151
2618,長榮航,221,26,195,台新-建北,2024-04-22,8151
3703,欣陸,167,17,150,台新-建北,2024-04-22,8151
00857B,永豐20年美公債,129,0,129,台新-建北,2024-04-22,8151
00651R,復華香港反1,118,0,118,台新-建北,2024-04-22,8151
00939,統一台灣高息動能,138,31,107,台新-建北,2024-04-22,8151
00940,元大台灣價值高息,290,192,98,台新-建北,2024-04-22,8151
2408,南亞科,89,8,81,台新-建北,2024-04-22,8151
2534,宏盛,80,3,77,台新-建北,2024-04-22,8151
2520,冠德,214,142,72,台新-建北,2024-04-22,8151
5512,力麒,130,62,68,台新-建北,2024-04-22,8151
4160,訊聯基因,67,0,67,台新-建北,2024-04-22,8151
3231,緯創,151,85,66,台新-建北,2024-04-22,8151
4532,瑞智,95,35,60,台新-建北,2024-04-22,8151
0056,元大高股息,56,3,53,台新-建北,2024-04-22,8151
3715,定穎投控,72,20,52,台新-建北,2024-04-22,8151
00687B,國泰20年美債,58,6,52,台新-建北,2024-04-22,8151
2303,聯電,55,4,51,台新-建北,2024-04-22,8151
1457,宜進,54,3,51,台新-建北,2024-04-22,8151
3707,漢磊,52,2,50,台新-建北,2024-04-22,8151
2101,南港,139,94,45,台新-建北,2024-04-22,8151
6116,彩晶,36,2,34,台新-建北,2024-04-22,8151
5230,雷笛克光學,70,38,32,台新-建北,2024-04-22,8151
1540,喬福,30,0,30,台新-建北,2024-04-22,8151
00720B,元大投資級公司債,30,0,30,台新-建北,2024-04-22,8151
00878,國泰永續高股息,42,13,29,台新-建北,2024-04-22,8151
8420,明揚,30,2,28,台新-建北,2024-04-22,8151
2382,廣達,54,27,27,台新-建北,2024-04-22,8151
3287,廣寰科,42,16,26,台新-建北,2024-04-22,8151
00680L,元大美債20正2,26,0,26,台新-建北,2024-04-22,8151
2609,陽明,161,136,25,台新-建北,2024-04-22,8151
2330,台積電,61,37,24,台新-建北,2024-04-22,8151
1605,華新,40,16,24,台新-建北,2024-04-22,8151
1314,中石化,39,16,23,台新-建北,2024-04-22,8151
00679B,元大美債20年,61,39,22,台新-建北,2024-04-22,8151
2206,三陽工業,26,4,22,台新-建北,2024-04-22,8151
6264,富裔,22,0,22,台新-建北,2024-04-22,8151
1532,勤美,50,29,21,台新-建北,2024-04-22,8151
6869,雲豹能源,20,0,20,台新-建北,2024-04-22,8151
00671R,富邦NASDAQ反1,20,0,20,台新-建北,2024-04-22,8151
1702,南僑,20,0,20,台新-建北,2024-04-22,8151
3056,富華新,25,5,20,台新-建北,2024-04-22,8151
2501,國建,423,113,310,台新-建北,2024-04-23,8151
00929,復華台灣科技優息,190,5,185,台新-建北,2024-04-23,8151
3703,欣陸,209,49,160,台新-建北,2024-04-23,8151
00919,群益台灣精選高息,385,269,116,台新-建北,2024-04-23,8151
00632R,元大台灣50反1,121,5,116,台新-建北,2024-04-23,8151
2359,所羅門,103,2,101,台新-建北,2024-04-23,8151
3006,晶豪科,101,24,77,台新-建北,2024-04-23,8151
2332,友訊,69,2,67,台新-建北,2024-04-23,8151
3207,耀勝,60,2,58,台新-建北,2024-04-23,8151
00676R,富邦臺灣加權反1,50,0,50,台新-建北,2024-04-23,8151
00664R,國泰臺灣加權反1,50,0,50,台新-建北,2024-04-23,8151
8033,雷虎,55,6,49,台新-建北,2024-04-23,8151
5512,力麒,116,68,48,台新-建北,2024-04-23,8151
6189,豐藝,48,3,45,台新-建北,2024-04-23,8151
2367,燿華,51,6,45,台新-建北,2024-04-23,8151
8936,國統,156,113,43,台新-建北,2024-04-23,8151
1101,台泥,46,8,38,台新-建北,2024-04-23,8151
3231,緯創,56,19,37,台新-建北,2024-04-23,8151
00878,國泰永續高股息,40,3,37,台新-建北,2024-04-23,8151
1456,怡華,30,0,30,台新-建北,2024-04-23,8151
00753L,中信中國50正2,30,0,30,台新-建北,2024-04-23,8151
2540,愛山林,30,0,30,台新-建北,2024-04-23,8151
3691,碩禾,31,2,29,台新-建北,2024-04-23,8151
00679B,元大美債20年,29,3,26,台新-建北,2024-04-23,8151
00939,統一台灣高息動能,25,0,25,台新-建北,2024-04-23,8151
00933B,國泰10Y+金融債,24,1,23,台新-建北,2024-04-23,8151
00720B,元大投資級公司債,19,0,19,台新-建北,2024-04-23,8151
1316,上曜,76,57,19,台新-建北,2024-04-23,8151
5351,鈺創,22,5,17,台新-建北,2024-04-23,8151
5514,三豐,18,1,17,台新-建北,2024-04-23,8151
1314,中石化,20,3,17,台新-建北,2024-04-23,8151
2528,皇普,17,0,17,台新-建北,2024-04-23,8151
2408,南亞科,31,14,17,台新-建北,2024-04-23,8151
00941,中信上游半導體,18,2,16,台新-建北,2024-04-23,8151
0056,元大高股息,20,4,16,台新-建北,2024-04-23,8151
2025,千興,15,0,15,台新-建北,2024-04-23,8151
1905,華紙,22,7,15,台新-建北,2024-04-23,8151
2388,威盛,20,5,15,台新-建北,2024-04-23,8151
6869,雲豹能源,15,0,15,台新-建北,2024-04-23,8151
8401,白紗科,14,0,14,台新-建北,2024-04-23,8151
2851,中再保,22,8,14,台新-建北,2024-04-23,8151
00712,復華富時不動產,21,8,13,台新-建北,2024-04-23,8151
0050,元大台灣50,13,0,13,台新-建北,2024-04-23,8151
2363,矽統,30,17,13,台新-建北,2024-04-23,8151
2303,聯電,23,10,13,台新-建北,2024-04-23,8151
2344,華邦電,19,6,13,台新-建北,2024-04-23,8151
5522,遠雄,12,0,12,台新-建北,2024-04-23,8151
1795,美時,15,4,11,台新-建北,2024-04-23,8151
2357,華碩,11,0,11,台新-建北,2024-04-23,8151
4760,勤凱,41,30,11,台新-建北,2024-04-23,8151
00632R,元大台灣50反1,683,405,278,台新-建北,2024-04-24,8151
00937B,群益ESG投等債20,229,1,228,台新-建北,2024-04-24,8151
00929,復華台灣科技優息,137,14,123,台新-建北,2024-04-24,8151
2101,南港,144,27,117,台新-建北,2024-04-24,8151
00651R,復華香港反1,107,0,107,台新-建北,2024-04-24,8151
00857B,永豐20年美公債,103,2,101,台新-建北,2024-04-24,8151
1587,吉茂,100,1,99,台新-建北,2024-04-24,8151
00679B,元大美債20年,95,0,95,台新-建北,2024-04-24,8151
2886,兆豐金,88,0,88,台新-建北,2024-04-24,8151
6125,廣運,330,255,75,台新-建北,2024-04-24,8151
1808,潤隆,75,10,65,台新-建北,2024-04-24,8151
00687B,國泰20年美債,85,24,61,台新-建北,2024-04-24,8151
2609,陽明,75,20,55,台新-建北,2024-04-24,8151
2505,國揚,55,0,55,台新-建北,2024-04-24,8151
4532,瑞智,93,40,53,台新-建北,2024-04-24,8151
2527,宏璟,65,15,50,台新-建北,2024-04-24,8151
9105,泰金寶-DR,50,0,50,台新-建北,2024-04-24,8151
00671R,富邦NASDAQ反1,50,0,50,台新-建北,2024-04-24,8151
2206,三陽工業,115,68,47,台新-建北,2024-04-24,8151
1618,合機,152,107,45,台新-建北,2024-04-24,8151
2201,裕隆,45,1,44,台新-建北,2024-04-24,8151
2515,中工,166,126,40,台新-建北,2024-04-24,8151
2739,寒舍,40,1,39,台新-建北,2024-04-24,8151
6179,亞通,33,0,33,台新-建北,2024-04-24,8151
2330,台積電,68,35,33,台新-建北,2024-04-24,8151
2352,佳世達,34,1,33,台新-建北,2024-04-24,8151
6770,力積電,36,4,32,台新-建北,2024-04-24,8151
00680L,元大美債20正2,31,0,31,台新-建北,2024-04-24,8151
2486,一詮,113,82,31,台新-建北,2024-04-24,8151
00941,中信上游半導體,34,3,31,台新-建北,2024-04-24,8151
6117,迎廣,40,10,30,台新-建北,2024-04-24,8151
2342,茂矽,28,0,28,台新-建北,2024-04-24,8151
00919,群益台灣精選高息,64,36,28,台新-建北,2024-04-24,8151
3686,達能,28,1,27,台新-建北,2024-04-24,8151
6189,豐藝,47,21,26,台新-建北,2024-04-24,8151
00885,富邦越南,25,0,25,台新-建北,2024-04-24,8151
8234,新漢,34,13,21,台新-建北,2024-04-24,8151
2705,六福,21,0,21,台新-建北,2024-04-24,8151
0056,元大高股息,25,4,21,台新-建北,2024-04-24,8151
00720B,元大投資級公司債,20,0,20,台新-建北,2024-04-24,8151
2528,皇普,20,0,20,台新-建北,2024-04-24,8151
1444,力麗,20,0,20,台新-建北,2024-04-24,8151
6869,雲豹能源,20,0,20,台新-建北,2024-04-24,8151
1101,台泥,25,5,20,台新-建北,2024-04-24,8151
6213,聯茂,45,26,19,台新-建北,2024-04-24,8151
3006,晶豪科,38,19,19,台新-建北,2024-04-24,8151
6275,元山,26,7,19,台新-建北,2024-04-24,8151
00631L,元大台灣50正2,31,12,19,台新-建北,2024-04-24,8151
3324,雙鴻,22,4,18,台新-建北,2024-04-24,8151
4306,炎洲,32,14,18,台新-建北,2024-04-24,8151
2884,玉山金,5508,10,5498,台新-建北,2024-04-25,8151
2527,宏璟,365,11,354,台新-建北,2024-04-25,8151
2371,大同,398,192,206,台新-建北,2024-04-25,8151
00929,復華台灣科技優息,215,34,181,台新-建北,2024-04-25,8151
1609,大亞,339,184,155,台新-建北,2024-04-25,8151
00857B,永豐20年美公債,103,0,103,台新-建北,2024-04-25,8151
00919,群益台灣精選高息,138,35,103,台新-建北,2024-04-25,8151
2890,永豐金,102,0,102,台新-建北,2024-04-25,8151
00671R,富邦NASDAQ反1,100,0,100,台新-建北,2024-04-25,8151
6197,佳必琪,92,10,82,台新-建北,2024-04-25,8151
00687B,國泰20年美債,91,11,80,台新-建北,2024-04-25,8151
00878,國泰永續高股息,65,5,60,台新-建北,2024-04-25,8151
5009,榮剛,66,10,56,台新-建北,2024-04-25,8151
00679B,元大美債20年,71,16,55,台新-建北,2024-04-25,8151
2101,南港,88,38,50,台新-建北,2024-04-25,8151
1515,力山,50,0,50,台新-建北,2024-04-25,8151
2543,皇昌,53,5,48,台新-建北,2024-04-25,8151
2317,鴻海,105,60,45,台新-建北,2024-04-25,8151
3481,群創,51,8,43,台新-建北,2024-04-25,8151
00937B,群益ESG投等債20,49,8,41,台新-建北,2024-04-25,8151
6230,尼得科超眾,41,1,40,台新-建北,2024-04-25,8151
00940,元大台灣價值高息,60,22,38,台新-建北,2024-04-25,8151
2515,中工,417,382,35,台新-建北,2024-04-25,8151
2641,正德,35,0,35,台新-建北,2024-04-25,8151
8473,山林水,35,2,33,台新-建北,2024-04-25,8151
2382,廣達,62,31,31,台新-建北,2024-04-25,8151
1784,訊聯,34,5,29,台新-建北,2024-04-25,8151
00688L,國泰20年美債正2,33,5,28,台新-建北,2024-04-25,8151
4967,十銓,39,11,28,台新-建北,2024-04-25,8151
3715,定穎投控,61,34,27,台新-建北,2024-04-25,8151
3686,達能,43,16,27,台新-建北,2024-04-25,8151
3013,晟銘電,131,105,26,台新-建北,2024-04-25,8151
2524,京城,25,0,25,台新-建北,2024-04-25,8151
3324,雙鴻,45,20,25,台新-建北,2024-04-25,8151
00933B,國泰10Y+金融債,42,18,24,台新-建北,2024-04-25,8151
1795,美時,26,3,23,台新-建北,2024-04-25,8151
00795B,中信美國公債20年,23,0,23,台新-建北,2024-04-25,8151
5512,力麒,35,12,23,台新-建北,2024-04-25,8151
6462,神盾,36,15,21,台新-建北,2024-04-25,8151
2887,台新金,22,1,21,台新-建北,2024-04-25,8151
00939,統一台灣高息動能,24,3,21,台新-建北,2024-04-25,8151
2486,一詮,108,87,21,台新-建北,2024-04-25,8151
2892,第一金,20,0,20,台新-建北,2024-04-25,8151
00740B,富邦全球投等債,20,0,20,台新-建北,2024-04-25,8151
6126,信音,20,0,20,台新-建北,2024-04-25,8151
2538,基泰,20,0,20,台新-建北,2024-04-25,8151
3231,緯創,23,5,18,台新-建北,2024-04-25,8151
00923,群益台ESG低碳50,18,0,18,台新-建北,2024-04-25,8151
4306,炎洲,23,5,18,台新-建北,2024-04-25,8151
2630,亞航,20,2,18,台新-建北,2024-04-25,8151
00632R,元大台灣50反1,759,5,754,台新-建北,2024-04-26,8151
1609,大亞,693,437,256,台新-建北,2024-04-26,8151
00937B,群益ESG投等債20,229,13,216,台新-建北,2024-04-26,8151
00942B,台新美A公司債20+,168,61,107,台新-建北,2024-04-26,8151
2317,鴻海,131,36,95,台新-建北,2024-04-26,8151
2888,新光金,88,0,88,台新-建北,2024-04-26,8151
00650L,復華香港正2,100,16,84,台新-建北,2024-04-26,8151
2884,玉山金,82,9,73,台新-建北,2024-04-26,8151
2371,大同,232,169,63,台新-建北,2024-04-26,8151
00687B,國泰20年美債,63,4,59,台新-建北,2024-04-26,8151
00715L,期街口布蘭特正2,60,2,58,台新-建北,2024-04-26,8151
00688L,國泰20年美債正2,66,10,56,台新-建北,2024-04-26,8151
00857B,永豐20年美公債,55,0,55,台新-建北,2024-04-26,8151
1503,士電,178,124,54,台新-建北,2024-04-26,8151
6180,橘子,51,1,50,台新-建北,2024-04-26,8151
2543,皇昌,68,25,43,台新-建北,2024-04-26,8151
00679B,元大美債20年,42,2,40,台新-建北,2024-04-26,8151
3003,健和興,34,0,34,台新-建北,2024-04-26,8151
2880,華南金,33,0,33,台新-建北,2024-04-26,8151
2515,中工,224,192,32,台新-建北,2024-04-26,8151
6668,中揚光,30,2,28,台新-建北,2024-04-26,8151
3056,富華新,39,12,27,台新-建北,2024-04-26,8151
4503,金雨,27,0,27,台新-建北,2024-04-26,8151
00680L,元大美債20正2,27,1,26,台新-建北,2024-04-26,8151
00931B,統一美債20年,25,0,25,台新-建北,2024-04-26,8151
00651R,復華香港反1,25,0,25,台新-建北,2024-04-26,8151
6770,力積電,50,25,25,台新-建北,2024-04-26,8151
3691,碩禾,27,3,24,台新-建北,2024-04-26,8151
3289,宜特,40,17,23,台新-建北,2024-04-26,8151
1440,南紡,45,23,22,台新-建北,2024-04-26,8151
4760,勤凱,31,9,22,台新-建北,2024-04-26,8151
2546,根基,22,1,21,台新-建北,2024-04-26,8151
2739,寒舍,24,3,21,台新-建北,2024-04-26,8151
2241,艾姆勒,77,56,21,台新-建北,2024-04-26,8151
00919,群益台灣精選高息,38,17,21,台新-建北,2024-04-26,8151
00740B,富邦全球投等債,20,0,20,台新-建北,2024-04-26,8151
00671R,富邦NASDAQ反1,20,0,20,台新-建北,2024-04-26,8151
6230,尼得科超眾,20,0,20,台新-建北,2024-04-26,8151
9958,世紀鋼,24,5,19,台新-建北,2024-04-26,8151
8936,國統,30,11,19,台新-建北,2024-04-26,8151
2359,所羅門,199,182,17,台新-建北,2024-04-26,8151
2464,盟立,64,48,16,台新-建北,2024-04-26,8151
2308,台達電,24,8,16,台新-建北,2024-04-26,8151
3686,達能,16,0,16,台新-建北,2024-04-26,8151
8027,鈦昇,16,0,16,台新-建北,2024-04-26,8151
00795B,中信美國公債20年,15,0,15,台新-建北,2024-04-26,8151
1784,訊聯,19,4,15,台新-建北,2024-04-26,8151
4414,如興,15,0,15,台新-建北,2024-04-26,8151
00665L,富邦�琤肭磪囓�2,30,15,15,台新-建北,2024-04-26,8151
4155,訊映,19,4,15,台新-建北,2024-04-26,8151
2515,中工,671,187,484,台新-建北,2024-04-29,8151
5009,榮剛,314,12,302,台新-建北,2024-04-29,8151
2609,陽明,659,417,242,台新-建北,2024-04-29,8151
00632R,元大台灣50反1,204,0,204,台新-建北,2024-04-29,8151
2880,華南金,210,9,201,台新-建北,2024-04-29,8151
3211,順達,159,4,155,台新-建北,2024-04-29,8151
2906,高林,146,0,146,台新-建北,2024-04-29,8151
3006,晶豪科,130,5,125,台新-建北,2024-04-29,8151
6274,台燿,138,22,116,台新-建北,2024-04-29,8151
2618,長榮航,200,96,104,台新-建北,2024-04-29,8151
00929,復華台灣科技優息,121,23,98,台新-建北,2024-04-29,8151
1532,勤美,144,53,91,台新-建北,2024-04-29,8151
2534,宏盛,100,25,75,台新-建北,2024-04-29,8151
2009,第一銅,86,17,69,台新-建北,2024-04-29,8151
2308,台達電,79,14,65,台新-建北,2024-04-29,8151
2323,中環,100,38,62,台新-建北,2024-04-29,8151
6186,新潤,56,0,56,台新-建北,2024-04-29,8151
2527,宏璟,66,11,55,台新-建北,2024-04-29,8151
00650L,復華香港正2,53,0,53,台新-建北,2024-04-29,8151
2610,華航,125,75,50,台新-建北,2024-04-29,8151
2511,太子,54,4,50,台新-建北,2024-04-29,8151
00927,群益半導體收益,53,10,43,台新-建北,2024-04-29,8151
2359,所羅門,148,112,36,台新-建北,2024-04-29,8151
00665L,富邦�琤肭磪囓�2,85,50,35,台新-建北,2024-04-29,8151
5519,隆大,40,5,35,台新-建北,2024-04-29,8151
00715L,期街口布蘭特正2,35,0,35,台新-建北,2024-04-29,8151
2739,寒舍,40,8,32,台新-建北,2024-04-29,8151
00919,群益台灣精選高息,97,66,31,台新-建北,2024-04-29,8151
3003,健和興,31,0,31,台新-建北,2024-04-29,8151
3376,新日興,53,23,30,台新-建北,2024-04-29,8151
3455,由田,64,34,30,台新-建北,2024-04-29,8151
8112,至上,41,12,29,台新-建北,2024-04-29,8151
2107,厚生,26,0,26,台新-建北,2024-04-29,8151
2701,萬企,30,4,26,台新-建北,2024-04-29,8151
2464,盟立,129,104,25,台新-建北,2024-04-29,8151
6120,達運,38,13,25,台新-建北,2024-04-29,8151
2367,燿華,30,5,25,台新-建北,2024-04-29,8151
2066,世德,32,8,24,台新-建北,2024-04-29,8151
5512,力麒,42,19,23,台新-建北,2024-04-29,8151
3017,奇鋐,76,53,23,台新-建北,2024-04-29,8151
3617,碩天,24,2,22,台新-建北,2024-04-29,8151
2449,京元電子,33,12,21,台新-建北,2024-04-29,8151
00706L,期元大S＆P日圓正2,30,10,20,台新-建北,2024-04-29,8151
2402,毅嘉,22,3,19,台新-建北,2024-04-29,8151
2501,國建,55,37,18,台新-建北,2024-04-29,8151
1409,新纖,17,0,17,台新-建北,2024-04-29,8151
6219,富旺,20,3,17,台新-建北,2024-04-29,8151
5533,皇鼎,17,1,16,台新-建北,2024-04-29,8151
1560,中砂,22,6,16,台新-建北,2024-04-29,8151
00933B,國泰10Y+金融債,16,0,16,台新-建北,2024-04-29,8151
2402,毅嘉,148,7,141,台新-建北,2024-04-30,8151
4303,信立,133,3,130,台新-建北,2024-04-30,8151
00937B,群益ESG投等債20,139,10,129,台新-建北,2024-04-30,8151
8096,擎亞,282,167,115,台新-建北,2024-04-30,8151
2618,長榮航,150,60,90,台新-建北,2024-04-30,8151
1314,中石化,183,97,86,台新-建北,2024-04-30,8151
00919,群益台灣精選高息,101,18,83,台新-建北,2024-04-30,8151
5009,榮剛,102,23,79,台新-建北,2024-04-30,8151
2303,聯電,98,22,76,台新-建北,2024-04-30,8151
2891,中信金,71,11,60,台新-建北,2024-04-30,8151
3003,健和興,59,2,57,台新-建北,2024-04-30,8151
2501,國建,679,624,55,台新-建北,2024-04-30,8151
4760,勤凱,67,12,55,台新-建北,2024-04-30,8151
6180,橘子,71,23,48,台新-建北,2024-04-30,8151
1217,愛之味,50,4,46,台新-建北,2024-04-30,8151
9945,潤泰新,57,16,41,台新-建北,2024-04-30,8151
6230,尼得科超眾,83,42,41,台新-建北,2024-04-30,8151
3163,波若威,39,2,37,台新-建北,2024-04-30,8151
5388,中磊,35,0,35,台新-建北,2024-04-30,8151
3491,昇達科,41,9,32,台新-建北,2024-04-30,8151
00940,元大台灣價值高息,46,16,30,台新-建北,2024-04-30,8151
2906,高林,30,0,30,台新-建北,2024-04-30,8151
6186,新潤,30,1,29,台新-建北,2024-04-30,8151
2363,矽統,364,338,26,台新-建北,2024-04-30,8151
3051,力特,24,0,24,台新-建北,2024-04-30,8151
2301,光寶科,26,2,24,台新-建北,2024-04-30,8151
1316,上曜,383,360,23,台新-建北,2024-04-30,8151
2360,致茂,22,0,22,台新-建北,2024-04-30,8151
1903,士紙,30,8,22,台新-建北,2024-04-30,8151
4714,永捷,25,3,22,台新-建北,2024-04-30,8151
3715,定穎投控,88,66,22,台新-建北,2024-04-30,8151
2316,楠梓電,46,24,22,台新-建北,2024-04-30,8151
8358,金居,34,13,21,台新-建北,2024-04-30,8151
3711,日月光投控,20,0,20,台新-建北,2024-04-30,8151
3056,富華新,25,6,19,台新-建北,2024-04-30,8151
5381,合正,18,0,18,台新-建北,2024-04-30,8151
1440,南紡,26,8,18,台新-建北,2024-04-30,8151
00706L,期元大S＆P日圓正2,18,0,18,台新-建北,2024-04-30,8151
5457,宣德,52,34,18,台新-建北,2024-04-30,8151
2201,裕隆,43,26,17,台新-建北,2024-04-30,8151
4968,立積,21,5,16,台新-建北,2024-04-30,8151
2515,中工,299,283,16,台新-建北,2024-04-30,8151
3306,鼎天,15,0,15,台新-建北,2024-04-30,8151
2855,統一證,15,0,15,台新-建北,2024-04-30,8151
1605,華新,16,1,15,台新-建北,2024-04-30,8151
5488,松普,15,0,15,台新-建北,2024-04-30,8151
6205,詮欣,15,0,15,台新-建北,2024-04-30,8151
6143,振曜,18,3,15,台新-建北,2024-04-30,8151
2882,國泰金,17,2,15,台新-建北,2024-04-30,8151
00679B,元大美債20年,16,2,14,台新-建北,2024-04-30,8151
00632R,元大台灣50反1,380,5,375,台新-建北,2024-05-02,8151
1722,台肥,261,26,235,台新-建北,2024-05-02,8151
00878,國泰永續高股息,162,6,156,台新-建北,2024-05-02,8151
1314,中石化,194,49,145,台新-建北,2024-05-02,8151
00688L,國泰20年美債正2,110,0,110,台新-建北,2024-05-02,8151
2609,陽明,175,67,108,台新-建北,2024-05-02,8151
2906,高林,104,8,96,台新-建北,2024-05-02,8151
4909,新復興,79,7,72,台新-建北,2024-05-02,8151
3033,威健,101,31,70,台新-建北,2024-05-02,8151
3703,欣陸,178,119,59,台新-建北,2024-05-02,8151
2363,矽統,270,211,59,台新-建北,2024-05-02,8151
00751B,元大AAA至A公司債,58,0,58,台新-建北,2024-05-02,8151
2308,台達電,60,4,56,台新-建北,2024-05-02,8151
00937B,群益ESG投等債20,79,34,45,台新-建北,2024-05-02,8151
4747,強生,40,0,40,台新-建北,2024-05-02,8151
6180,橘子,38,1,37,台新-建北,2024-05-02,8151
00940,元大台灣價值高息,69,34,35,台新-建北,2024-05-02,8151
3006,晶豪科,96,62,34,台新-建北,2024-05-02,8151
2515,中工,113,81,32,台新-建北,2024-05-02,8151
2359,所羅門,78,48,30,台新-建北,2024-05-02,8151
2543,皇昌,70,40,30,台新-建北,2024-05-02,8151
00733,富邦臺灣中小,30,0,30,台新-建北,2024-05-02,8151
00679B,元大美債20年,33,4,29,台新-建北,2024-05-02,8151
1101,台泥,29,0,29,台新-建北,2024-05-02,8151
6207,雷科,51,23,28,台新-建北,2024-05-02,8151
2330,台積電,31,3,28,台新-建北,2024-05-02,8151
8112,至上,43,16,27,台新-建北,2024-05-02,8151
00712,復華富時不動產,26,0,26,台新-建北,2024-05-02,8151
2615,萬海,41,15,26,台新-建北,2024-05-02,8151
4566,時碩工業,22,0,22,台新-建北,2024-05-02,8151
1319,東陽,22,1,21,台新-建北,2024-05-02,8151
5515,建國,20,0,20,台新-建北,2024-05-02,8151
00929,復華台灣科技優息,62,42,20,台新-建北,2024-05-02,8151
6016,康和證,50,30,20,台新-建北,2024-05-02,8151
6143,振曜,46,26,20,台新-建北,2024-05-02,8151
6156,松上,20,0,20,台新-建北,2024-05-02,8151
6770,力積電,22,3,19,台新-建北,2024-05-02,8151
00918,大華優利高填息30,20,2,18,台新-建北,2024-05-02,8151
00830,國泰費城半導體,17,0,17,台新-建北,2024-05-02,8151
1503,士電,48,31,17,台新-建北,2024-05-02,8151
2313,華通,19,2,17,台新-建北,2024-05-02,8151
2356,英業達,17,2,15,台新-建北,2024-05-02,8151
00932,兆豐永續高息等權,15,0,15,台新-建北,2024-05-02,8151
3481,群創,15,0,15,台新-建北,2024-05-02,8151
6442,光聖,51,36,15,台新-建北,2024-05-02,8151
9904,寶成,22,7,15,台新-建北,2024-05-02,8151
3035,智原,20,6,14,台新-建北,2024-05-02,8151
8121,越峰,14,0,14,台新-建北,2024-05-02,8151
2409,友達,14,0,14,台新-建北,2024-05-02,8151
3027,盛達,14,0,14,台新-建北,2024-05-02,8151
2888,新光金,243,19,224,台新-建北,2024-05-03,8151
00665L,富邦�琤肭磪囓�2,170,15,155,台新-建北,2024-05-03,8151
2363,矽統,307,185,122,台新-建北,2024-05-03,8151
2515,中工,234,132,102,台新-建北,2024-05-03,8151
00671R,富邦NASDAQ反1,100,0,100,台新-建北,2024-05-03,8151
2313,華通,127,31,96,台新-建北,2024-05-03,8151
00937B,群益ESG投等債20,93,6,87,台新-建北,2024-05-03,8151
5512,力麒,717,633,84,台新-建北,2024-05-03,8151
00680L,元大美債20正2,81,1,80,台新-建北,2024-05-03,8151
3703,欣陸,87,16,71,台新-建北,2024-05-03,8151
3033,威健,75,5,70,台新-建北,2024-05-03,8151
8996,高力,84,25,59,台新-建北,2024-05-03,8151
00878,國泰永續高股息,66,14,52,台新-建北,2024-05-03,8151
1587,吉茂,57,5,52,台新-建北,2024-05-03,8151
3231,緯創,252,207,45,台新-建北,2024-05-03,8151
2371,大同,66,22,44,台新-建北,2024-05-03,8151
2230,泰茂,43,1,42,台新-建北,2024-05-03,8151
3645,達邁,42,0,42,台新-建北,2024-05-03,8151
9933,中鼎,61,21,40,台新-建北,2024-05-03,8151
1722,台肥,38,0,38,台新-建北,2024-05-03,8151
3325,旭品,37,0,37,台新-建北,2024-05-03,8151
4566,時碩工業,36,0,36,台新-建北,2024-05-03,8151
00679B,元大美債20年,40,4,36,台新-建北,2024-05-03,8151
1514,亞力,57,22,35,台新-建北,2024-05-03,8151
00753L,中信中國50正2,66,32,34,台新-建北,2024-05-03,8151
1316,上曜,389,357,32,台新-建北,2024-05-03,8151
3631,晟楠,30,0,30,台新-建北,2024-05-03,8151
3090,日電貿,31,2,29,台新-建北,2024-05-03,8151
6269,台郡,35,7,28,台新-建北,2024-05-03,8151
2867,三商壽,36,11,25,台新-建北,2024-05-03,8151
6120,達運,29,4,25,台新-建北,2024-05-03,8151
4989,榮科,24,0,24,台新-建北,2024-05-03,8151
6235,華孚,27,5,22,台新-建北,2024-05-03,8151
00929,復華台灣科技優息,53,31,22,台新-建北,2024-05-03,8151
00919,群益台灣精選高息,38,17,21,台新-建北,2024-05-03,8151
8105,凌巨,20,0,20,台新-建北,2024-05-03,8151
1609,大亞,32,13,19,台新-建北,2024-05-03,8151
00795B,中信美國公債20年,18,0,18,台新-建北,2024-05-03,8151
8054,安國,23,5,18,台新-建北,2024-05-03,8151
2643,捷迅,18,0,18,台新-建北,2024-05-03,8151
2887,台新金,36,18,18,台新-建北,2024-05-03,8151
5519,隆大,30,13,17,台新-建北,2024-05-03,8151
4967,十銓,51,35,16,台新-建北,2024-05-03,8151
00857B,永豐20年美公債,16,0,16,台新-建北,2024-05-03,8151
1326,台化,49,33,16,台新-建北,2024-05-03,8151
2504,國產,18,3,15,台新-建北,2024-05-03,8151
00733,富邦臺灣中小,15,0,15,台新-建北,2024-05-03,8151
2634,漢翔,19,4,15,台新-建北,2024-05-03,8151
2913,農林,16,1,15,台新-建北,2024-05-03,8151
00632R,元大台灣50反1,20,5,15,台新-建北,2024-05-03,8151
00650L,復華香港正2,450,0,450,台新-建北,2024-05-06,8151
2851,中再保,318,2,316,台新-建北,2024-05-06,8151
9945,潤泰新,337,30,307,台新-建北,2024-05-06,8151
00940,元大台灣價值高息,213,2,211,台新-建北,2024-05-06,8151
2442,新美齊,202,1,201,台新-建北,2024-05-06,8151
5009,榮剛,406,208,198,台新-建北,2024-05-06,8151
00937B,群益ESG投等債20,191,8,183,台新-建北,2024-05-06,8151
00633L,富邦上証正2,172,0,172,台新-建北,2024-05-06,8151
6288,聯嘉,153,0,153,台新-建北,2024-05-06,8151
2201,裕隆,154,18,136,台新-建北,2024-05-06,8151
00632R,元大台灣50反1,134,0,134,台新-建北,2024-05-06,8151
3006,晶豪科,106,6,100,台新-建北,2024-05-06,8151
00671R,富邦NASDAQ反1,100,0,100,台新-建北,2024-05-06,8151
00929,復華台灣科技優息,117,20,97,台新-建北,2024-05-06,8151
2344,華邦電,101,10,91,台新-建北,2024-05-06,8151
6461,益得,76,0,76,台新-建北,2024-05-06,8151
1616,億泰,75,0,75,台新-建北,2024-05-06,8151
2382,廣達,104,42,62,台新-建北,2024-05-06,8151
2705,六福,65,7,58,台新-建北,2024-05-06,8151
1587,吉茂,57,0,57,台新-建北,2024-05-06,8151
1453,大將,62,7,55,台新-建北,2024-05-06,8151
3312,弘憶股,87,32,55,台新-建北,2024-05-06,8151
00655L,國泰中國A50正2,52,0,52,台新-建北,2024-05-06,8151
5201,凱衛,50,0,50,台新-建北,2024-05-06,8151
2884,玉山金,64,15,49,台新-建北,2024-05-06,8151
2506,太設,51,5,46,台新-建北,2024-05-06,8151
2316,楠梓電,46,3,43,台新-建北,2024-05-06,8151
5251,天鉞電,42,0,42,台新-建北,2024-05-06,8151
3147,大綜,45,4,41,台新-建北,2024-05-06,8151
2609,陽明,158,119,39,台新-建北,2024-05-06,8151
2913,農林,42,4,38,台新-建北,2024-05-06,8151
6156,松上,37,0,37,台新-建北,2024-05-06,8151
9933,中鼎,93,56,37,台新-建北,2024-05-06,8151
00664R,國泰臺灣加權反1,41,5,36,台新-建北,2024-05-06,8151
6143,振曜,67,35,32,台新-建北,2024-05-06,8151
2308,台達電,36,6,30,台新-建北,2024-05-06,8151
2356,英業達,49,18,31,台新-建北,2024-05-06,8151
5512,力麒,158,128,30,台新-建北,2024-05-06,8151
1605,華新,28,0,28,台新-建北,2024-05-06,8151
6189,豐藝,40,12,28,台新-建北,2024-05-06,8151
3705,永信,28,0,28,台新-建北,2024-05-06,8151
2501,國建,88,60,28,台新-建北,2024-05-06,8151
2401,凌陽,27,0,27,台新-建北,2024-05-06,8151
3703,欣陸,32,5,27,台新-建北,2024-05-06,8151
6257,矽格,29,2,27,台新-建北,2024-05-06,8151
8064,東捷,32,6,26,台新-建北,2024-05-06,8151
2834,臺企銀,28,3,25,台新-建北,2024-05-06,8151
2605,新興,24,0,24,台新-建北,2024-05-06,8151
3055,蔚華科,25,4,21,台新-建北,2024-05-06,8151
1316,上曜,38,18,20,台新-建北,2024-05-06,8151
00937B,群益ESG投等債20,346,50,296,台新-建北,2024-05-07,8151
1608,華榮,276,72,204,台新-建北,2024-05-07,8151
8940,新天地,172,0,172,台新-建北,2024-05-07,8151
00687B,國泰20年美債,128,4,124,台新-建北,2024-05-07,8151
2851,中再保,122,7,115,台新-建北,2024-05-07,8151
1532,勤美,138,35,103,台新-建北,2024-05-07,8151
9924,福興,100,2,98,台新-建北,2024-05-07,8151
00940,元大台灣價值高息,85,11,74,台新-建北,2024-05-07,8151
6596,寬宏藝術,70,2,68,台新-建北,2024-05-07,8151
00878,國泰永續高股息,73,6,67,台新-建北,2024-05-07,8151
6186,新潤,82,24,58,台新-建北,2024-05-07,8151
00929,復華台灣科技優息,68,12,56,台新-建北,2024-05-07,8151
00680L,元大美債20正2,134,81,53,台新-建北,2024-05-07,8151
8147,正淩,56,3,53,台新-建北,2024-05-07,8151
00632R,元大台灣50反1,50,0,50,台新-建北,2024-05-07,8151
2102,泰豐,49,0,49,台新-建北,2024-05-07,8151
3147,大綜,48,1,47,台新-建北,2024-05-07,8151
6290,良維,104,62,42,台新-建北,2024-05-07,8151
00738U,期元大道瓊白銀,40,0,40,台新-建北,2024-05-07,8151
00719B,元大美債1-3,40,0,40,台新-建北,2024-05-07,8151
8087,麗升能源,50,12,38,台新-建北,2024-05-07,8151
6188,廣明,57,20,37,台新-建北,2024-05-07,8151
2618,長榮航,117,81,36,台新-建北,2024-05-07,8151
3703,欣陸,82,46,36,台新-建北,2024-05-07,8151
00664R,國泰臺灣加權反1,35,0,35,台新-建北,2024-05-07,8151
00688L,國泰20年美債正2,45,10,35,台新-建北,2024-05-07,8151
9904,寶成,50,16,34,台新-建北,2024-05-07,8151
2382,廣達,60,26,34,台新-建北,2024-05-07,8151
00919,群益台灣精選高息,35,3,32,台新-建北,2024-05-07,8151
00706L,期元大S＆P日圓正2,32,0,32,台新-建北,2024-05-07,8151
1612,宏泰,70,39,31,台新-建北,2024-05-07,8151
00918,大華優利高填息30,40,10,30,台新-建北,2024-05-07,8151
2427,三商電,30,1,29,台新-建北,2024-05-07,8151
1609,大亞,130,101,29,台新-建北,2024-05-07,8151
1101,台泥,40,12,28,台新-建北,2024-05-07,8151
2511,太子,30,2,28,台新-建北,2024-05-07,8151
2308,台達電,31,6,25,台新-建北,2024-05-07,8151
2486,一詮,443,418,25,台新-建北,2024-05-07,8151
1339,昭輝,25,0,25,台新-建北,2024-05-07,8151
6016,康和證,25,0,25,台新-建北,2024-05-07,8151
3006,晶豪科,35,11,24,台新-建北,2024-05-07,8151
2312,金寶,30,7,23,台新-建北,2024-05-07,8151
1605,華新,20,0,20,台新-建北,2024-05-07,8151
2408,南亞科,45,25,20,台新-建北,2024-05-07,8151
2505,國揚,20,0,20,台新-建北,2024-05-07,8151
00642U,期元大S＆P石油,20,0,20,台新-建北,2024-05-07,8151
8105,凌巨,20,0,20,台新-建北,2024-05-07,8151
2485,兆赫,20,0,20,台新-建北,2024-05-07,8151
2348,海悅,20,0,20,台新-建北,2024-05-07,8151
1618,合機,26,7,19,台新-建北,2024-05-07,8151
00932,兆豐永續高息等權,179,0,179,台新-建北,2024-05-08,8151
6016,康和證,203,31,172,台新-建北,2024-05-08,8151
2603,長榮,180,59,121,台新-建北,2024-05-08,8151
00929,復華台灣科技優息,120,14,106,台新-建北,2024-05-08,8151
1587,吉茂,192,88,104,台新-建北,2024-05-08,8151
2442,新美齊,103,0,103,台新-建北,2024-05-08,8151
1609,大亞,132,45,87,台新-建北,2024-05-08,8151
2612,中航,187,105,82,台新-建北,2024-05-08,8151
00937B,群益ESG投等債20,173,96,77,台新-建北,2024-05-08,8151
8936,國統,72,3,69,台新-建北,2024-05-08,8151
00940,元大台灣價值高息,107,42,65,台新-建北,2024-05-08,8151
6290,良維,62,1,61,台新-建北,2024-05-08,8151
2832,台產,60,0,60,台新-建北,2024-05-08,8151
3033,威健,77,18,59,台新-建北,2024-05-08,8151
2605,新興,82,25,57,台新-建北,2024-05-08,8151
1459,聯發,50,0,50,台新-建北,2024-05-08,8151
2506,太設,50,0,50,台新-建北,2024-05-08,8151
2374,佳能,90,41,49,台新-建北,2024-05-08,8151
2425,承啟,55,9,46,台新-建北,2024-05-08,8151
2505,國揚,46,0,46,台新-建北,2024-05-08,8151
6189,豐藝,65,20,45,台新-建北,2024-05-08,8151
2101,南港,113,69,44,台新-建北,2024-05-08,8151
2606,裕民,139,97,42,台新-建北,2024-05-08,8151
2609,陽明,115,74,41,台新-建北,2024-05-08,8151
3017,奇鋐,52,15,37,台新-建北,2024-05-08,8151
3036,文曄,39,2,37,台新-建北,2024-05-08,8151
2543,皇昌,61,24,37,台新-建北,2024-05-08,8151
00919,群益台灣精選高息,46,9,37,台新-建北,2024-05-08,8151
00688L,國泰20年美債正2,35,0,35,台新-建北,2024-05-08,8151
2465,麗臺,39,6,33,台新-建北,2024-05-08,8151
2033,佳大,31,0,31,台新-建北,2024-05-08,8151
8213,志超,30,0,30,台新-建北,2024-05-08,8151
00665L,富邦�琤肭磪囓�2,30,0,30,台新-建北,2024-05-08,8151
2884,玉山金,33,3,30,台新-建北,2024-05-08,8151
00679B,元大美債20年,40,11,29,台新-建北,2024-05-08,8151
00651R,復華香港反1,29,0,29,台新-建北,2024-05-08,8151
2363,矽統,468,440,28,台新-建北,2024-05-08,8151
5871,中租-KY,31,3,28,台新-建北,2024-05-08,8151
4562,穎漢,28,0,28,台新-建北,2024-05-08,8151
6546,正基,28,2,26,台新-建北,2024-05-08,8151
8234,新漢,52,30,22,台新-建北,2024-05-08,8151
4994,傳奇,22,1,21,台新-建北,2024-05-08,8151
6770,力積電,23,2,21,台新-建北,2024-05-08,8151
00753L,中信中國50正2,20,0,20,台新-建北,2024-05-08,8151
1531,高林股,20,0,20,台新-建北,2024-05-08,8151
8021,尖點,20,0,20,台新-建北,2024-05-08,8151
2617,台航,25,5,20,台新-建北,2024-05-08,8151
2349,錸德,20,0,20,台新-建北,2024-05-08,8151
2534,宏盛,21,1,20,台新-建北,2024-05-08,8151
3047,訊舟,20,0,20,台新-建北,2024-05-08,8151
00919,群益台灣精選高息,148,2,146,台新-建北,2024-05-09,8151
1587,吉茂,279,138,141,台新-建北,2024-05-09,8151
8936,國統,168,38,130,台新-建北,2024-05-09,8151
2317,鴻海,184,55,129,台新-建北,2024-05-09,8151
2371,大同,178,60,118,台新-建北,2024-05-09,8151
1519,華城,189,88,101,台新-建北,2024-05-09,8151
00937B,群益ESG投等債20,105,20,85,台新-建北,2024-05-09,8151
3481,群創,85,1,84,台新-建北,2024-05-09,8151
00940,元大台灣價值高息,89,8,81,台新-建北,2024-05-09,8151
2618,長榮航,150,75,75,台新-建北,2024-05-09,8151
2367,燿華,234,164,70,台新-建北,2024-05-09,8151
2543,皇昌,122,55,67,台新-建北,2024-05-09,8151
3313,斐成,62,5,57,台新-建北,2024-05-09,8151
00944,野村趨勢動能高息,56,0,56,台新-建北,2024-05-09,8151
2405,輔信,58,5,53,台新-建北,2024-05-09,8151
00946,群益科技高息成長,53,0,53,台新-建北,2024-05-09,8151
1459,聯發,50,0,50,台新-建北,2024-05-09,8151
1605,華新,46,0,46,台新-建北,2024-05-09,8151
2464,盟立,54,9,45,台新-建北,2024-05-09,8151
8097,常珵,42,0,42,台新-建北,2024-05-09,8151
6005,群益證,45,4,41,台新-建北,2024-05-09,8151
00715L,期街口布蘭特正2,50,10,40,台新-建北,2024-05-09,8151
8121,越峰,40,0,40,台新-建北,2024-05-09,8151
3024,憶聲,41,2,39,台新-建北,2024-05-09,8151
2442,新美齊,32,0,32,台新-建北,2024-05-09,8151
6114,久威,31,0,31,台新-建北,2024-05-09,8151
00676R,富邦臺灣加權反1,30,0,30,台新-建北,2024-05-09,8151
4503,金雨,35,5,30,台新-建北,2024-05-09,8151
6197,佳必琪,59,30,29,台新-建北,2024-05-09,8151
00907,永豐優息存股,30,1,29,台新-建北,2024-05-09,8151
00751B,元大AAA至A公司債,27,0,27,台新-建北,2024-05-09,8151
5871,中租-KY,24,1,23,台新-建北,2024-05-09,8151
3231,緯創,25,2,23,台新-建北,2024-05-09,8151
2408,南亞科,30,8,22,台新-建北,2024-05-09,8151
8103,瀚荃,21,0,21,台新-建北,2024-05-09,8151
00900,富邦特選高股息30,20,0,20,台新-建北,2024-05-09,8151
00935,野村臺灣新科技50,20,0,20,台新-建北,2024-05-09,8151
5201,凱衛,20,0,20,台新-建北,2024-05-09,8151
8928,鉅明,20,0,20,台新-建北,2024-05-09,8151
2374,佳能,94,75,19,台新-建北,2024-05-09,8151
3207,耀勝,19,1,18,台新-建北,2024-05-09,8151
00752,中信中國50,18,0,18,台新-建北,2024-05-09,8151
1314,中石化,18,0,18,台新-建北,2024-05-09,8151
4562,穎漢,23,6,17,台新-建北,2024-05-09,8151
6117,迎廣,127,110,17,台新-建北,2024-05-09,8151
3006,晶豪科,27,11,16,台新-建北,2024-05-09,8151
6165,浪凡,16,0,16,台新-建北,2024-05-09,8151
00864B,中信美國公債0-1,15,0,15,台新-建北,2024-05-09,8151
3260,威剛,87,72,15,台新-建北,2024-05-09,8151
4716,大立,15,0,15,台新-建北,2024-05-09,8151
00929,復華台灣科技優息,142,13,129,台新-建北,2024-05-10,8151
00937B,群益ESG投等債20,89,5,84,台新-建北,2024-05-10,8151
2241,艾姆勒,109,29,80,台新-建北,2024-05-10,8151
2641,正德,68,12,56,台新-建北,2024-05-10,8151
3703,欣陸,64,9,55,台新-建北,2024-05-10,8151
2371,大同,91,39,52,台新-建北,2024-05-10,8151
3006,晶豪科,52,2,50,台新-建北,2024-05-10,8151
00939,統一台灣高息動能,46,5,41,台新-建北,2024-05-10,8151
2610,華航,200,159,41,台新-建北,2024-05-10,8151
3034,聯詠,40,0,40,台新-建北,2024-05-10,8151
00919,群益台灣精選高息,44,8,36,台新-建北,2024-05-10,8151
6269,台郡,37,1,36,台新-建北,2024-05-10,8151
2363,矽統,127,91,36,台新-建北,2024-05-10,8151
5206,坤悅,34,0,34,台新-建北,2024-05-10,8151
8033,雷虎,32,0,32,台新-建北,2024-05-10,8151
2102,泰豐,31,0,31,台新-建北,2024-05-10,8151
2618,長榮航,362,332,30,台新-建北,2024-05-10,8151
2427,三商電,110,80,30,台新-建北,2024-05-10,8151
1722,台肥,30,0,30,台新-建北,2024-05-10,8151
1714,和桐,32,2,30,台新-建北,2024-05-10,8151
8105,凌巨,27,0,27,台新-建北,2024-05-10,8151
2308,台達電,36,9,27,台新-建北,2024-05-10,8151
9945,潤泰新,41,15,26,台新-建北,2024-05-10,8151
1815,富喬,30,5,25,台新-建北,2024-05-10,8151
00946,群益科技高息成長,26,2,24,台新-建北,2024-05-10,8151
2511,太子,24,1,23,台新-建北,2024-05-10,8151
8210,勤誠,31,9,22,台新-建北,2024-05-10,8151
2888,新光金,47,25,22,台新-建北,2024-05-10,8151
2489,瑞軒,22,0,22,台新-建北,2024-05-10,8151
1808,潤隆,24,2,22,台新-建北,2024-05-10,8151
2313,華通,68,47,21,台新-建北,2024-05-10,8151
2382,廣達,82,61,21,台新-建北,2024-05-10,8151
1513,中興電,44,23,21,台新-建北,2024-05-10,8151
2442,新美齊,21,0,21,台新-建北,2024-05-10,8151
8096,擎亞,37,16,21,台新-建北,2024-05-10,8151
8234,新漢,24,4,20,台新-建北,2024-05-10,8151
3230,錦明,19,0,19,台新-建北,2024-05-10,8151
3306,鼎天,20,1,19,台新-建北,2024-05-10,8151
5871,中租-KY,24,5,19,台新-建北,2024-05-10,8151
5521,工信,18,0,18,台新-建北,2024-05-10,8151
1101,台泥,21,4,17,台新-建北,2024-05-10,8151
5213,亞昕,16,0,16,台新-建北,2024-05-10,8151
8936,國統,145,129,16,台新-建北,2024-05-10,8151
8358,金居,18,2,16,台新-建北,2024-05-10,8151
00651R,復華香港反1,15,0,15,台新-建北,2024-05-10,8151
2615,萬海,142,127,15,台新-建北,2024-05-10,8151
2101,南港,33,18,15,台新-建北,2024-05-10,8151
00637L,元大滬深300正2,15,0,15,台新-建北,2024-05-10,8151
1532,勤美,14,0,14,台新-建北,2024-05-10,8151
9958,世紀鋼,18,4,14,台新-建北,2024-05-10,8151
2367,燿華,600,131,469,台新-建北,2024-05-13,8151
2362,藍天,278,22,256,台新-建北,2024-05-13,8151
00937B,群益ESG投等債20,247,1,246,台新-建北,2024-05-13,8151
00929,復華台灣科技優息,177,7,170,台新-建北,2024-05-13,8151
9904,寶成,184,33,151,台新-建北,2024-05-13,8151
2317,鴻海,174,25,149,台新-建北,2024-05-13,8151
4113,聯上,115,0,115,台新-建北,2024-05-13,8151
00688L,國泰20年美債正2,105,0,105,台新-建北,2024-05-13,8151
2603,長榮,249,152,97,台新-建北,2024-05-13,8151
2882,國泰金,99,11,88,台新-建北,2024-05-13,8151
2888,新光金,79,7,72,台新-建北,2024-05-13,8151
2501,國建,90,19,71,台新-建北,2024-05-13,8151
6125,廣運,118,57,61,台新-建北,2024-05-13,8151
3481,群創,61,0,61,台新-建北,2024-05-13,8151
00940,元大台灣價值高息,81,21,60,台新-建北,2024-05-13,8151
2618,長榮航,245,189,56,台新-建北,2024-05-13,8151
1104,環泥,54,1,53,台新-建北,2024-05-13,8151
2615,萬海,116,64,52,台新-建北,2024-05-13,8151
3363,上詮,76,24,52,台新-建北,2024-05-13,8151
3260,威剛,95,45,50,台新-建北,2024-05-13,8151
2312,金寶,50,3,47,台新-建北,2024-05-13,8151
6863,永道-KY,50,6,44,台新-建北,2024-05-13,8151
3703,欣陸,85,43,42,台新-建北,2024-05-13,8151
3029,零壹,41,0,41,台新-建北,2024-05-13,8151
2611,志信,44,5,39,台新-建北,2024-05-13,8151
1473,台南,59,20,39,台新-建北,2024-05-13,8151
00651R,復華香港反1,38,0,38,台新-建北,2024-05-13,8151
1423,利華,35,0,35,台新-建北,2024-05-13,8151
2371,大同,162,128,34,台新-建北,2024-05-13,8151
2539,櫻花建,34,1,33,台新-建北,2024-05-13,8151
5609,中菲行,33,0,33,台新-建北,2024-05-13,8151
6156,松上,34,2,32,台新-建北,2024-05-13,8151
5213,亞昕,31,0,31,台新-建北,2024-05-13,8151
6461,益得,31,0,31,台新-建北,2024-05-13,8151
6120,達運,37,7,30,台新-建北,2024-05-13,8151
4207,環泰,30,0,30,台新-建北,2024-05-13,8151
2617,台航,44,14,30,台新-建北,2024-05-13,8151
2606,裕民,160,131,29,台新-建北,2024-05-13,8151
00919,群益台灣精選高息,54,26,28,台新-建北,2024-05-13,8151
2308,台達電,28,1,27,台新-建北,2024-05-13,8151
3694,海華,41,14,27,台新-建北,2024-05-13,8151
00632R,元大台灣50反1,56,30,26,台新-建北,2024-05-13,8151
2228,劍麟,25,0,25,台新-建北,2024-05-13,8151
9105,泰金寶-DR,25,0,25,台新-建北,2024-05-13,8151
8096,擎亞,31,7,24,台新-建北,2024-05-13,8151
2392,正崴,56,32,24,台新-建北,2024-05-13,8151
6177,達麗,25,1,24,台新-建北,2024-05-13,8151
2476,鉅祥,30,8,22,台新-建北,2024-05-13,8151
2891,中信金,51,31,20,台新-建北,2024-05-13,8151
00655L,國泰中國A50正2,20,0,20,台新-建北,2024-05-13,8151
2317,鴻海,573,198,375,台新-建北,2024-05-14,8151
4113,聯上,171,0,171,台新-建北,2024-05-14,8151
2353,宏��,468,311,157,台新-建北,2024-05-14,8151
1905,華紙,151,0,151,台新-建北,2024-05-14,8151
2605,新興,161,42,119,台新-建北,2024-05-14,8151
00937B,群益ESG投等債20,118,6,112,台新-建北,2024-05-14,8151
2324,仁寶,577,471,106,台新-建北,2024-05-14,8151
2362,藍天,106,2,104,台新-建北,2024-05-14,8151
2374,佳能,155,69,86,台新-建北,2024-05-14,8151
2382,廣達,123,56,67,台新-建北,2024-05-14,8151
1453,大將,66,0,66,台新-建北,2024-05-14,8151
4549,桓達,69,3,66,台新-建北,2024-05-14,8151
2618,長榮航,80,21,59,台新-建北,2024-05-14,8151
2354,鴻準,58,2,56,台新-建北,2024-05-14,8151
2417,圓剛,54,0,54,台新-建北,2024-05-14,8151
1616,億泰,52,0,52,台新-建北,2024-05-14,8151
2102,泰豐,49,0,49,台新-建北,2024-05-14,8151
00878,國泰永續高股息,60,11,49,台新-建北,2024-05-14,8151
2915,潤泰全,60,14,46,台新-建北,2024-05-14,8151
00919,群益台灣精選高息,67,25,42,台新-建北,2024-05-14,8151
2891,中信金,101,60,41,台新-建北,2024-05-14,8151
3034,聯詠,40,0,40,台新-建北,2024-05-14,8151
00929,復華台灣科技優息,49,12,37,台新-建北,2024-05-14,8151
3230,錦明,41,4,37,台新-建北,2024-05-14,8151
3003,健和興,35,0,35,台新-建北,2024-05-14,8151
2406,國碩,34,0,34,台新-建北,2024-05-14,8151
2442,新美齊,34,2,32,台新-建北,2024-05-14,8151
1524,耿鼎,34,3,31,台新-建北,2024-05-14,8151
00679B,元大美債20年,32,2,30,台新-建北,2024-05-14,8151
2101,南港,29,1,28,台新-建北,2024-05-14,8151
4960,誠美材,30,2,28,台新-建北,2024-05-14,8151
6770,力積電,39,11,28,台新-建北,2024-05-14,8151
3218,大學光,27,0,27,台新-建北,2024-05-14,8151
1785,光洋科,31,10,21,台新-建北,2024-05-14,8151
00857B,永豐20年美公債,20,0,20,台新-建北,2024-05-14,8151
9105,泰金寶-DR,20,0,20,台新-建北,2024-05-14,8151
2892,第一金,20,0,20,台新-建北,2024-05-14,8151
1513,中興電,45,25,20,台新-建北,2024-05-14,8151
2368,金像電,23,4,19,台新-建北,2024-05-14,8151
00933B,國泰10Y+金融債,20,1,19,台新-建北,2024-05-14,8151
8096,擎亞,28,10,18,台新-建北,2024-05-14,8151
3231,緯創,25,8,17,台新-建北,2024-05-14,8151
8299,群聯,51,35,16,台新-建北,2024-05-14,8151
9945,潤泰新,55,40,15,台新-建北,2024-05-14,8151
6165,浪凡,15,0,15,台新-建北,2024-05-14,8151
4513,福裕,15,1,14,台新-建北,2024-05-14,8151
2929,淘帝-KY,14,0,14,台新-建北,2024-05-14,8151
2543,皇昌,19,5,14,台新-建北,2024-05-14,8151
6143,振曜,15,1,14,台新-建北,2024-05-14,8151
2393,億光,13,0,13,台新-建北,2024-05-14,8151
00632R,元大台灣50反1,471,100,371,台新-建北,2024-05-15,8151
8358,金居,224,13,211,台新-建北,2024-05-15,8151
00937B,群益ESG投等債20,175,9,166,台新-建北,2024-05-15,8151
4414,如興,129,8,121,台新-建北,2024-05-15,8151
00919,群益台灣精選高息,121,4,117,台新-建北,2024-05-15,8151
4113,聯上,111,0,111,台新-建北,2024-05-15,8151
00929,復華台灣科技優息,109,2,107,台新-建北,2024-05-15,8151
8054,安國,186,83,103,台新-建北,2024-05-15,8151
6753,龍德造船,138,37,101,台新-建北,2024-05-15,8151
2609,陽明,461,399,62,台新-建北,2024-05-15,8151
2527,宏璟,53,0,53,台新-建北,2024-05-15,8151
9904,寶成,124,71,53,台新-建北,2024-05-15,8151
2363,矽統,250,203,47,台新-建北,2024-05-15,8151
2241,艾姆勒,65,20,45,台新-建北,2024-05-15,8151
3363,上詮,70,26,44,台新-建北,2024-05-15,8151
1532,勤美,52,8,44,台新-建北,2024-05-15,8151
4549,桓達,48,7,41,台新-建北,2024-05-15,8151
6451,訊芯-KY,61,22,39,台新-建北,2024-05-15,8151
3711,日月光投控,40,4,36,台新-建北,2024-05-15,8151
2618,長榮航,116,83,33,台新-建北,2024-05-15,8151
2101,南港,35,2,33,台新-建北,2024-05-15,8151
8070,長華*,49,17,32,台新-建北,2024-05-15,8151
1442,名軒,40,9,31,台新-建北,2024-05-15,8151
3047,訊舟,70,44,26,台新-建北,2024-05-15,8151
9945,潤泰新,124,99,25,台新-建北,2024-05-15,8151
6215,和椿,70,45,25,台新-建北,2024-05-15,8151
00676R,富邦臺灣加權反1,25,2,23,台新-建北,2024-05-15,8151
2929,淘帝-KY,22,0,22,台新-建北,2024-05-15,8151
3017,奇鋐,45,25,20,台新-建北,2024-05-15,8151
00918,大華優利高填息30,22,2,20,台新-建北,2024-05-15,8151
2451,創見,20,0,20,台新-建北,2024-05-15,8151
2009,第一銅,106,87,19,台新-建北,2024-05-15,8151
00712,復華富時不動產,38,20,18,台新-建北,2024-05-15,8151
6177,達麗,47,29,18,台新-建北,2024-05-15,8151
00715L,期街口布蘭特正2,22,4,18,台新-建北,2024-05-15,8151
2605,新興,55,39,16,台新-建北,2024-05-15,8151
2211,長榮鋼,17,1,16,台新-建北,2024-05-15,8151
5213,亞昕,18,2,16,台新-建北,2024-05-15,8151
00679B,元大美債20年,16,1,15,台新-建北,2024-05-15,8151
1587,吉茂,22,7,15,台新-建北,2024-05-15,8151
2501,國建,53,38,15,台新-建北,2024-05-15,8151
00675L,富邦臺灣加權正2,14,0,14,台新-建北,2024-05-15,8151
00935,野村臺灣新科技50,15,1,14,台新-建北,2024-05-15,8151
00637L,元大滬深300正2,14,0,14,台新-建北,2024-05-15,8151
2515,中工,25,11,14,台新-建北,2024-05-15,8151
6179,亞通,14,0,14,台新-建北,2024-05-15,8151
1612,宏泰,37,23,14,台新-建北,2024-05-15,8151
2344,華邦電,16,3,13,台新-建北,2024-05-15,8151
2442,新美齊,13,0,13,台新-建北,2024-05-15,8151
4542,科嶠,13,0,13,台新-建北,2024-05-15,8151
5488,松普,260,0,260,台新-建北,2024-05-16,8151
00937B,群益ESG投等債20,264,52,212,台新-建北,2024-05-16,8151
2027,大成鋼,135,3,132,台新-建北,2024-05-16,8151
3058,立德,130,0,130,台新-建北,2024-05-16,8151
2317,鴻海,304,179,125,台新-建北,2024-05-16,8151
2382,廣達,278,155,123,台新-建北,2024-05-16,8151
1587,吉茂,156,52,104,台新-建北,2024-05-16,8151
1608,華榮,148,46,102,台新-建北,2024-05-16,8151
00929,復華台灣科技優息,133,39,94,台新-建北,2024-05-16,8151
3703,欣陸,95,6,89,台新-建北,2024-05-16,8151
6274,台燿,99,10,89,台新-建北,2024-05-16,8151
00632R,元大台灣50反1,74,0,74,台新-建北,2024-05-16,8151
2605,新興,88,16,72,台新-建北,2024-05-16,8151
6125,廣運,80,16,64,台新-建北,2024-05-16,8151
2349,錸德,60,0,60,台新-建北,2024-05-16,8151
8028,昇陽半導體,85,25,60,台新-建北,2024-05-16,8151
00680L,元大美債20正2,89,30,59,台新-建北,2024-05-16,8151
8064,東捷,92,34,58,台新-建北,2024-05-16,8151
3231,緯創,153,99,54,台新-建北,2024-05-16,8151
3312,弘憶股,103,53,50,台新-建北,2024-05-16,8151
00878,國泰永續高股息,83,35,48,台新-建北,2024-05-16,8151
00651R,復華香港反1,46,0,46,台新-建北,2024-05-16,8151
3033,威健,52,6,46,台新-建北,2024-05-16,8151
00919,群益台灣精選高息,69,24,45,台新-建北,2024-05-16,8151
1717,長興,43,1,42,台新-建北,2024-05-16,8151
00712,復華富時不動產,41,0,41,台新-建北,2024-05-16,8151
3060,銘異,82,43,39,台新-建北,2024-05-16,8151
6005,群益證,51,17,34,台新-建北,2024-05-16,8151
2542,興富發,30,0,30,台新-建北,2024-05-16,8151
8936,國統,37,7,30,台新-建北,2024-05-16,8151
2609,陽明,595,566,29,台新-建北,2024-05-16,8151
6165,浪凡,26,0,26,台新-建北,2024-05-16,8151
2883,凱基金,26,0,26,台新-建北,2024-05-16,8151
2501,國建,99,74,25,台新-建北,2024-05-16,8151
5871,中租-KY,31,8,23,台新-建北,2024-05-16,8151
6451,訊芯-KY,25,2,23,台新-建北,2024-05-16,8151
2312,金寶,25,2,23,台新-建北,2024-05-16,8151
2368,金像電,42,20,22,台新-建北,2024-05-16,8151
3209,全科,22,0,22,台新-建北,2024-05-16,8151
6461,益得,22,0,22,台新-建北,2024-05-16,8151
3450,聯鈞,41,20,21,台新-建北,2024-05-16,8151
4113,聯上,23,2,21,台新-建北,2024-05-16,8151
2359,所羅門,172,151,21,台新-建北,2024-05-16,8151
4549,桓達,23,3,20,台新-建北,2024-05-16,8151
2897,王道銀行,20,0,20,台新-建北,2024-05-16,8151
00894,中信小資高價30,20,0,20,台新-建北,2024-05-16,8151
4414,如興,20,0,20,台新-建北,2024-05-16,8151
2201,裕隆,20,1,19,台新-建北,2024-05-16,8151
5213,亞昕,25,7,18,台新-建北,2024-05-16,8151
2301,光寶科,41,23,18,台新-建北,2024-05-16,8151
2349,錸德,510,50,460,台新-建北,2024-05-17,8151
00929,復華台灣科技優息,225,21,204,台新-建北,2024-05-17,8151
00878,國泰永續高股息,185,15,170,台新-建北,2024-05-17,8151
6153,嘉聯益,175,5,170,台新-建北,2024-05-17,8151
2610,華航,308,148,160,台新-建北,2024-05-17,8151
2618,長榮航,233,92,141,台新-建北,2024-05-17,8151
2338,光罩,101,3,98,台新-建北,2024-05-17,8151
9105,泰金寶-DR,100,5,95,台新-建北,2024-05-17,8151
1815,富喬,129,39,90,台新-建北,2024-05-17,8151
00919,群益台灣精選高息,91,3,88,台新-建北,2024-05-17,8151
00940,元大台灣價值高息,90,12,78,台新-建北,2024-05-17,8151
3338,泰碩,80,2,78,台新-建北,2024-05-17,8151
8093,保銳,76,2,74,台新-建北,2024-05-17,8151
1314,中石化,74,1,73,台新-建北,2024-05-17,8151
00632R,元大台灣50反1,60,0,60,台新-建北,2024-05-17,8151
2353,宏��,57,3,54,台新-建北,2024-05-17,8151
2486,一詮,98,44,54,台新-建北,2024-05-17,8151
2206,三陽工業,57,6,51,台新-建北,2024-05-17,8151
2504,國產,73,22,51,台新-建北,2024-05-17,8151
00753L,中信中國50正2,50,0,50,台新-建北,2024-05-17,8151
00712,復華富時不動產,45,0,45,台新-建北,2024-05-17,8151
2489,瑞軒,68,28,40,台新-建北,2024-05-17,8151
9946,三發地產,40,0,40,台新-建北,2024-05-17,8151
2408,南亞科,42,4,38,台新-建北,2024-05-17,8151
00679B,元大美債20年,38,0,38,台新-建北,2024-05-17,8151
2383,台光電,44,6,38,台新-建北,2024-05-17,8151
6026,福邦證,37,0,37,台新-建北,2024-05-17,8151
4513,福裕,37,1,36,台新-建北,2024-05-17,8151
2317,鴻海,72,36,36,台新-建北,2024-05-17,8151
6165,浪凡,35,0,35,台新-建北,2024-05-17,8151
2330,台積電,42,7,35,台新-建北,2024-05-17,8151
2356,英業達,37,4,33,台新-建北,2024-05-17,8151
9928,中視,42,10,32,台新-建北,2024-05-17,8151
3284,太普高,30,0,30,台新-建北,2024-05-17,8151
4532,瑞智,42,13,29,台新-建北,2024-05-17,8151
6215,和椿,91,63,28,台新-建北,2024-05-17,8151
3058,立德,30,2,28,台新-建北,2024-05-17,8151
4549,桓達,40,12,28,台新-建北,2024-05-17,8151
2537,聯上發,29,2,27,台新-建北,2024-05-17,8151
2501,國建,73,46,27,台新-建北,2024-05-17,8151
2367,燿華,352,327,25,台新-建北,2024-05-17,8151
1528,恩德,25,0,25,台新-建北,2024-05-17,8151
4113,聯上,26,1,25,台新-建北,2024-05-17,8151
3230,錦明,25,0,25,台新-建北,2024-05-17,8151
2605,新興,53,28,25,台新-建北,2024-05-17,8151
00795B,中信美國公債20年,23,0,23,台新-建北,2024-05-17,8151
2359,所羅門,124,101,23,台新-建北,2024-05-17,8151
2609,陽明,42,19,23,台新-建北,2024-05-17,8151
4903,聯光通,22,0,22,台新-建北,2024-05-17,8151
1795,美時,62,40,22,台新-建北,2024-05-17,8151
2313,華通,287,136,151,台新-建北,2024-05-20,8151
00929,復華台灣科技優息,216,66,150,台新-建北,2024-05-20,8151
2027,大成鋼,130,55,75,台新-建北,2024-05-20,8151
1608,華榮,95,21,74,台新-建北,2024-05-20,8151
2241,艾姆勒,88,24,64,台新-建北,2024-05-20,8151
6026,福邦證,63,0,63,台新-建北,2024-05-20,8151
00751B,元大AAA至A公司債,61,0,61,台新-建北,2024-05-20,8151
2392,正崴,121,63,58,台新-建北,2024-05-20,8151
2023,燁輝,51,2,49,台新-建北,2024-05-20,8151
00937B,群益ESG投等債20,51,5,46,台新-建北,2024-05-20,8151
2520,冠德,73,28,45,台新-建北,2024-05-20,8151
00946,群益科技高息成長,43,0,43,台新-建北,2024-05-20,8151
4532,瑞智,42,0,42,台新-建北,2024-05-20,8151
3376,新日興,63,22,41,台新-建北,2024-05-20,8151
4113,聯上,41,0,41,台新-建北,2024-05-20,8151
00632R,元大台灣50反1,40,2,38,台新-建北,2024-05-20,8151
00679B,元大美債20年,43,6,37,台新-建北,2024-05-20,8151
2359,所羅門,211,176,35,台新-建北,2024-05-20,8151
1316,上曜,34,0,34,台新-建北,2024-05-20,8151
2330,台積電,33,1,32,台新-建北,2024-05-20,8151
8358,金居,49,17,32,台新-建北,2024-05-20,8151
3003,健和興,33,2,31,台新-建北,2024-05-20,8151
020039,元大加權N,30,0,30,台新-建北,2024-05-20,8151
8071,能率網通,177,147,30,台新-建北,2024-05-20,8151
6269,台郡,30,1,29,台新-建北,2024-05-20,8151
00763U,期街口道瓊銅,27,0,27,台新-建北,2024-05-20,8151
1213,大飲,27,0,27,台新-建北,2024-05-20,8151
9904,寶成,28,1,27,台新-建北,2024-05-20,8151
00939,統一台灣高息動能,30,3,27,台新-建北,2024-05-20,8151
3703,欣陸,228,203,25,台新-建北,2024-05-20,8151
2449,京元電子,29,4,25,台新-建北,2024-05-20,8151
00795B,中信美國公債20年,25,0,25,台新-建北,2024-05-20,8151
2362,藍天,62,38,24,台新-建北,2024-05-20,8151
1618,合機,62,39,23,台新-建北,2024-05-20,8151
2476,鉅祥,51,29,22,台新-建北,2024-05-20,8151
1609,大亞,43,21,22,台新-建北,2024-05-20,8151
2515,中工,39,17,22,台新-建北,2024-05-20,8151
2344,華邦電,22,0,22,台新-建北,2024-05-20,8151
2514,龍邦,29,8,21,台新-建北,2024-05-20,8151
4903,聯光通,21,0,21,台新-建北,2024-05-20,8151
5371,中光電,28,8,20,台新-建北,2024-05-20,8151
9105,泰金寶-DR,50,30,20,台新-建北,2024-05-20,8151
5011,久陽,20,0,20,台新-建北,2024-05-20,8151
3090,日電貿,19,0,19,台新-建北,2024-05-20,8151
4760,勤凱,20,2,18,台新-建北,2024-05-20,8151
2516,新建,18,0,18,台新-建北,2024-05-20,8151
2243,宏旭-KY,17,0,17,台新-建北,2024-05-20,8151
3231,緯創,18,1,17,台新-建北,2024-05-20,8151
00733,富邦臺灣中小,20,4,16,台新-建北,2024-05-20,8151
1591,駿吉-KY,16,0,16,台新-建北,2024-05-20,8151
00679B,元大美債20年,229,0,229,台新-建北,2024-05-21,8151
00929,復華台灣科技優息,192,15,177,台新-建北,2024-05-21,8151
00637L,元大滬深300正2,147,0,147,台新-建北,2024-05-21,8151
2363,矽統,261,137,124,台新-建北,2024-05-21,8151
5225,東科-KY,110,4,106,台新-建北,2024-05-21,8151
00632R,元大台灣50反1,110,10,100,台新-建北,2024-05-21,8151
5880,合庫金,95,5,90,台新-建北,2024-05-21,8151
2892,第一金,143,53,90,台新-建北,2024-05-21,8151
2705,六福,80,0,80,台新-建北,2024-05-21,8151
00706L,期元大S＆P日圓正2,70,0,70,台新-建北,2024-05-21,8151
1608,華榮,129,61,68,台新-建北,2024-05-21,8151
2884,玉山金,96,29,67,台新-建北,2024-05-21,8151
00878,國泰永續高股息,64,12,52,台新-建北,2024-05-21,8151
2023,燁輝,50,0,50,台新-建北,2024-05-21,8151
00751B,元大AAA至A公司債,47,0,47,台新-建北,2024-05-21,8151
8271,宇瞻,45,0,45,台新-建北,2024-05-21,8151
2486,一詮,107,65,42,台新-建北,2024-05-21,8151
00940,元大台灣價值高息,74,32,42,台新-建北,2024-05-21,8151
8155,博智,41,0,41,台新-建北,2024-05-21,8151
2442,新美齊,68,32,36,台新-建北,2024-05-21,8151
2618,長榮航,59,25,34,台新-建北,2024-05-21,8151
3708,上緯投控,33,0,33,台新-建北,2024-05-21,8151
2888,新光金,41,10,31,台新-建北,2024-05-21,8151
8390,金益鼎,56,25,31,台新-建北,2024-05-21,8151
2891,中信金,48,18,30,台新-建北,2024-05-21,8151
2371,大同,60,30,30,台新-建北,2024-05-21,8151
2745,五福,38,8,30,台新-建北,2024-05-21,8151
2449,京元電子,29,0,29,台新-建北,2024-05-21,8151
2374,佳能,384,356,28,台新-建北,2024-05-21,8151
3450,聯鈞,31,4,27,台新-建北,2024-05-21,8151
2923,鼎固-KY,27,0,27,台新-建北,2024-05-21,8151
2367,燿華,484,458,26,台新-建北,2024-05-21,8151
6179,亞通,28,3,25,台新-建北,2024-05-21,8151
00665L,富邦�琤肭磪囓�2,35,10,25,台新-建北,2024-05-21,8151
6165,浪凡,25,0,25,台新-建北,2024-05-21,8151
2102,泰豐,48,24,24,台新-建北,2024-05-21,8151
00932,兆豐永續高息等權,22,0,22,台新-建北,2024-05-21,8151
6197,佳必琪,22,0,22,台新-建北,2024-05-21,8151
2542,興富發,25,3,22,台新-建北,2024-05-21,8151
8050,廣積,64,42,22,台新-建北,2024-05-21,8151
2834,臺企銀,24,2,22,台新-建北,2024-05-21,8151
5512,力麒,21,0,21,台新-建北,2024-05-21,8151
00720B,元大投資級公司債,22,1,21,台新-建北,2024-05-21,8151
2331,精英,21,0,21,台新-建北,2024-05-21,8151
3624,光頡,20,0,20,台新-建北,2024-05-21,8151
3058,立德,28,8,20,台新-建北,2024-05-21,8151
006208,富邦台50,20,1,19,台新-建北,2024-05-21,8151
2603,長榮,59,40,19,台新-建北,2024-05-21,8151
6177,達麗,19,0,19,台新-建北,2024-05-21,8151
5469,瀚宇博,51,32,19,台新-建北,2024-05-21,8151
00637L,元大滬深300正2,176,0,176,台新-建北,2024-05-22,8151
00632R,元大台灣50反1,251,105,146,台新-建北,2024-05-22,8151
2618,長榮航,142,23,119,台新-建北,2024-05-22,8151
3005,神基,127,15,112,台新-建北,2024-05-22,8151
2888,新光金,99,0,99,台新-建北,2024-05-22,8151
3481,群創,169,76,93,台新-建北,2024-05-22,8151
1815,富喬,194,108,86,台新-建北,2024-05-22,8151
5426,振發,91,14,77,台新-建北,2024-05-22,8151
3006,晶豪科,76,4,72,台新-建北,2024-05-22,8151
2542,興富發,71,0,71,台新-建北,2024-05-22,8151
2367,燿華,141,81,60,台新-建北,2024-05-22,8151
4979,華星光,83,25,58,台新-建北,2024-05-22,8151
2009,第一銅,915,862,53,台新-建北,2024-05-22,8151
2002,中鋼,52,2,50,台新-建北,2024-05-22,8151
8093,保銳,38,1,37,台新-建北,2024-05-22,8151
6215,和椿,96,62,34,台新-建北,2024-05-22,8151
2867,三商壽,43,10,33,台新-建北,2024-05-22,8151
2354,鴻準,48,16,32,台新-建北,2024-05-22,8151
00939,統一台灣高息動能,31,0,31,台新-建北,2024-05-22,8151
8054,安國,44,13,31,台新-建北,2024-05-22,8151
00944,野村趨勢動能高息,31,1,30,台新-建北,2024-05-22,8151
00932,兆豐永續高息等權,30,0,30,台新-建北,2024-05-22,8151
1742,台蠟,30,0,30,台新-建北,2024-05-22,8151
2324,仁寶,601,572,29,台新-建北,2024-05-22,8151
00651R,復華香港反1,28,0,28,台新-建北,2024-05-22,8151
2543,皇昌,38,10,28,台新-建北,2024-05-22,8151
5225,東科-KY,87,60,27,台新-建北,2024-05-22,8151
3694,海華,83,58,25,台新-建北,2024-05-22,8151
6230,尼得科超眾,47,22,25,台新-建北,2024-05-22,8151
2731,雄獅,45,20,25,台新-建北,2024-05-22,8151
2527,宏璟,24,0,24,台新-建北,2024-05-22,8151
6806,森崴能源,28,6,22,台新-建北,2024-05-22,8151
2356,英業達,75,53,22,台新-建北,2024-05-22,8151
2376,技嘉,27,6,21,台新-建北,2024-05-22,8151
3363,上詮,40,20,20,台新-建北,2024-05-22,8151
3312,弘憶股,32,12,20,台新-建北,2024-05-22,8151
1314,中石化,20,0,20,台新-建北,2024-05-22,8151
3522,御嵿,19,0,19,台新-建北,2024-05-22,8151
2501,國建,35,16,19,台新-建北,2024-05-22,8151
2929,淘帝-KY,19,0,19,台新-建北,2024-05-22,8151
3306,鼎天,20,2,18,台新-建北,2024-05-22,8151
9955,佳龍,37,19,18,台新-建北,2024-05-22,8151
3060,銘異,62,45,17,台新-建北,2024-05-22,8151
6209,今國光,25,8,17,台新-建北,2024-05-22,8151
2331,精英,80,64,16,台新-建北,2024-05-22,8151
6190,萬泰科,36,20,16,台新-建北,2024-05-22,8151
3017,奇鋐,31,16,15,台新-建北,2024-05-22,8151
4533,協易機,72,57,15,台新-建北,2024-05-22,8151
1303,南亞,24,9,15,台新-建北,2024-05-22,8151
2323,中環,14,0,14,台新-建北,2024-05-22,8151
6125,廣運,372,150,222,台新-建北,2024-05-23,8151
00712,復華富時不動產,147,28,119,台新-建北,2024-05-23,8151
3481,群創,223,108,115,台新-建北,2024-05-23,8151
2324,仁寶,143,39,104,台新-建北,2024-05-23,8151
2363,矽統,145,43,102,台新-建北,2024-05-23,8151
00937B,群益ESG投等債20,103,1,102,台新-建北,2024-05-23,8151
2354,鴻準,150,64,86,台新-建北,2024-05-23,8151
2033,佳大,84,0,84,台新-建北,2024-05-23,8151
5251,天鉞電,89,18,71,台新-建北,2024-05-23,8151
1587,吉茂,75,7,68,台新-建北,2024-05-23,8151
2453,凌群,71,5,66,台新-建北,2024-05-23,8151
2618,長榮航,122,59,63,台新-建北,2024-05-23,8151
2630,亞航,105,51,54,台新-建北,2024-05-23,8151
2002,中鋼,53,0,53,台新-建北,2024-05-23,8151
00945B,凱基美國非投等債,50,0,50,台新-建北,2024-05-23,8151
4414,如興,50,0,50,台新-建北,2024-05-23,8151
2101,南港,59,11,48,台新-建北,2024-05-23,8151
6209,今國光,84,37,47,台新-建北,2024-05-23,8151
00940,元大台灣價值高息,50,5,45,台新-建北,2024-05-23,8151
2929,淘帝-KY,43,0,43,台新-建北,2024-05-23,8151
3312,弘憶股,134,91,43,台新-建北,2024-05-23,8151
6230,尼得科超眾,57,16,41,台新-建北,2024-05-23,8151
2376,技嘉,57,17,40,台新-建北,2024-05-23,8151
2392,正崴,99,60,39,台新-建北,2024-05-23,8151
8033,雷虎,45,8,37,台新-建北,2024-05-23,8151
5230,雷笛克光學,56,22,34,台新-建北,2024-05-23,8151
00942B,台新美A公司債20+,36,5,31,台新-建北,2024-05-23,8151
00637L,元大滬深300正2,31,0,31,台新-建北,2024-05-23,8151
1459,聯發,30,0,30,台新-建北,2024-05-23,8151
020039,元大加權N,30,0,30,台新-建北,2024-05-23,8151
2882,國泰金,34,4,30,台新-建北,2024-05-23,8151
1609,大亞,43,14,29,台新-建北,2024-05-23,8151
2605,新興,30,2,28,台新-建北,2024-05-23,8151
2027,大成鋼,34,7,27,台新-建北,2024-05-23,8151
6770,力積電,104,77,27,台新-建北,2024-05-23,8151
2062,橋椿,27,0,27,台新-建北,2024-05-23,8151
2537,聯上發,34,7,27,台新-建北,2024-05-23,8151
3024,憶聲,26,0,26,台新-建北,2024-05-23,8151
00936,台新永續高息中小,25,0,25,台新-建北,2024-05-23,8151
2731,雄獅,25,0,25,台新-建北,2024-05-23,8151
2705,六福,24,0,24,台新-建北,2024-05-23,8151
00738U,期元大道瓊白銀,30,6,24,台新-建北,2024-05-23,8151
2609,陽明,24,1,23,台新-建北,2024-05-23,8151
8071,能率網通,43,20,23,台新-建北,2024-05-23,8151
3006,晶豪科,23,1,22,台新-建北,2024-05-23,8151
00946,群益科技高息成長,23,1,22,台新-建北,2024-05-23,8151
6177,達麗,25,3,22,台新-建北,2024-05-23,8151
7402,邑錡,25,3,22,台新-建北,2024-05-23,8151
6264,富裔,22,0,22,台新-建北,2024-05-23,8151
3266,昇陽,22,0,22,台新-建北,2024-05-23,8151
00712,復華富時不動產,212,0,212,台新-建北,2024-05-24,8151
0056,元大高股息,201,11,190,台新-建北,2024-05-24,8151
00937B,群益ESG投等債20,191,20,171,台新-建北,2024-05-24,8151
00929,復華台灣科技優息,156,5,151,台新-建北,2024-05-24,8151
2303,聯電,151,18,133,台新-建北,2024-05-24,8151
2515,中工,104,3,101,台新-建北,2024-05-24,8151
3062,建漢,119,30,89,台新-建北,2024-05-24,8151
2489,瑞軒,112,24,88,台新-建北,2024-05-24,8151
00878,國泰永續高股息,120,37,83,台新-建北,2024-05-24,8151
2891,中信金,76,10,66,台新-建北,2024-05-24,8151
00946,群益科技高息成長,60,0,60,台新-建北,2024-05-24,8151
2359,所羅門,464,404,60,台新-建北,2024-05-24,8151
4532,瑞智,54,0,54,台新-建北,2024-05-24,8151
8112,至上,63,12,51,台新-建北,2024-05-24,8151
1525,江申,50,1,49,台新-建北,2024-05-24,8151
2486,一詮,296,252,44,台新-建北,2024-05-24,8151
3706,神達,58,17,41,台新-建北,2024-05-24,8151
2543,皇昌,113,72,41,台新-建北,2024-05-24,8151
2867,三商壽,60,21,39,台新-建北,2024-05-24,8151
2002,中鋼,38,2,36,台新-建北,2024-05-24,8151
3483,力致,45,14,31,台新-建北,2024-05-24,8151
8996,高力,46,18,28,台新-建北,2024-05-24,8151
6215,和椿,33,5,28,台新-建北,2024-05-24,8151
1809,中釉,60,32,28,台新-建北,2024-05-24,8151
6505,台塑化,25,0,25,台新-建北,2024-05-24,8151
00637L,元大滬深300正2,25,0,25,台新-建北,2024-05-24,8151
00935,野村臺灣新科技50,25,0,25,台新-建北,2024-05-24,8151
3363,上詮,71,47,24,台新-建北,2024-05-24,8151
2367,燿華,70,47,23,台新-建北,2024-05-24,8151
2467,志聖,21,0,21,台新-建北,2024-05-24,8151
5608,四維航,23,2,21,台新-建北,2024-05-24,8151
2476,鉅祥,26,5,21,台新-建北,2024-05-24,8151
5225,東科-KY,20,0,20,台新-建北,2024-05-24,8151
1459,聯發,20,0,20,台新-建北,2024-05-24,8151
6177,達麗,24,4,20,台新-建北,2024-05-24,8151
9105,泰金寶-DR,45,26,19,台新-建北,2024-05-24,8151
2615,萬海,27,8,19,台新-建北,2024-05-24,8151
4529,淳紳,19,0,19,台新-建北,2024-05-24,8151
00751B,元大AAA至A公司債,18,0,18,台新-建北,2024-05-24,8151
6264,富裔,17,0,17,台新-建北,2024-05-24,8151
1456,怡華,16,0,16,台新-建北,2024-05-24,8151
6209,今國光,42,26,16,台新-建北,2024-05-24,8151
2892,第一金,17,2,15,台新-建北,2024-05-24,8151
3004,豐達科,15,0,15,台新-建北,2024-05-24,8151
2392,正崴,49,34,15,台新-建北,2024-05-24,8151
2613,中櫃,22,7,15,台新-建北,2024-05-24,8151
3005,神基,26,12,14,台新-建北,2024-05-24,8151
6257,矽格,15,1,14,台新-建北,2024-05-24,8151
6223,旺矽,22,8,14,台新-建北,2024-05-24,8151
4760,勤凱,14,1,13,台新-建北,2024-05-24,8151
00687B,國泰20年美債,157,4,153,台新-建北,2024-05-27,8151
2353,宏��,393,260,133,台新-建北,2024-05-27,8151
3481,群創,181,49,132,台新-建北,2024-05-27,8151
00937B,群益ESG投等債20,156,28,128,台新-建北,2024-05-27,8151
2397,友通,120,0,120,台新-建北,2024-05-27,8151
1815,富喬,152,33,119,台新-建北,2024-05-27,8151
2344,華邦電,117,10,107,台新-建北,2024-05-27,8151
6706,惠特,91,5,86,台新-建北,2024-05-27,8151
6177,達麗,56,2,54,台新-建北,2024-05-27,8151
1459,聯發,50,0,50,台新-建北,2024-05-27,8151
3062,建漢,104,55,49,台新-建北,2024-05-27,8151
00882,中信中國高股息,57,8,49,台新-建北,2024-05-27,8151
9105,泰金寶-DR,130,81,49,台新-建北,2024-05-27,8151
00712,復華富時不動產,47,0,47,台新-建北,2024-05-27,8151
00946,群益科技高息成長,76,30,46,台新-建北,2024-05-27,8151
2002,中鋼,46,2,44,台新-建北,2024-05-27,8151
1457,宜進,40,0,40,台新-建北,2024-05-27,8151
1587,吉茂,40,1,39,台新-建北,2024-05-27,8151
2515,中工,35,3,32,台新-建北,2024-05-27,8151
8996,高力,45,14,31,台新-建北,2024-05-27,8151
3312,弘憶股,146,116,30,台新-建北,2024-05-27,8151
2609,陽明,112,82,30,台新-建北,2024-05-27,8151
1809,中釉,138,109,29,台新-建北,2024-05-27,8151
1514,亞力,34,6,28,台新-建北,2024-05-27,8151
5371,中光電,40,14,26,台新-建北,2024-05-27,8151
5522,遠雄,27,2,25,台新-建北,2024-05-27,8151
2880,華南金,25,0,25,台新-建北,2024-05-27,8151
3694,海華,34,9,25,台新-建北,2024-05-27,8151
3003,健和興,35,10,25,台新-建北,2024-05-27,8151
2929,淘帝-KY,24,0,24,台新-建北,2024-05-27,8151
5443,均豪,23,0,23,台新-建北,2024-05-27,8151
6197,佳必琪,57,34,23,台新-建北,2024-05-27,8151
2486,一詮,159,136,23,台新-建北,2024-05-27,8151
6223,旺矽,28,6,22,台新-建北,2024-05-27,8151
3303,岱稜,27,5,22,台新-建北,2024-05-27,8151
6125,廣運,208,186,22,台新-建北,2024-05-27,8151
2405,輔信,128,107,21,台新-建北,2024-05-27,8151
2527,宏璟,23,2,21,台新-建北,2024-05-27,8151
2033,佳大,21,0,21,台新-建北,2024-05-27,8151
2340,台亞,23,3,20,台新-建北,2024-05-27,8151
00753L,中信中國50正2,29,9,20,台新-建北,2024-05-27,8151
6204,艾華,20,0,20,台新-建北,2024-05-27,8151
3374,精材,20,0,20,台新-建北,2024-05-27,8151
6120,達運,47,28,19,台新-建北,2024-05-27,8151
6695,芯鼎,20,1,19,台新-建北,2024-05-27,8151
2610,華航,40,22,18,台新-建北,2024-05-27,8151
4714,永捷,23,5,18,台新-建北,2024-05-27,8151
2607,榮運,21,5,16,台新-建北,2024-05-27,8151
912000,晨訊科-DR,20,5,15,台新-建北,2024-05-27,8151
3141,晶宏,14,0,14,台新-建北,2024-05-27,8151
2353,宏��,561,60,501,台新-建北,2024-05-28,8151
00937B,群益ESG投等債20,223,5,218,台新-建北,2024-05-28,8151
6125,廣運,439,224,215,台新-建北,2024-05-28,8151
2354,鴻準,384,209,175,台新-建北,2024-05-28,8151
3535,晶彩科,119,13,106,台新-建北,2024-05-28,8151
00679B,元大美債20年,110,14,96,台新-建北,2024-05-28,8151
00712,復華富時不動產,86,0,86,台新-建北,2024-05-28,8151
5512,力麒,196,110,86,台新-建北,2024-05-28,8151
2486,一詮,132,54,78,台新-建北,2024-05-28,8151
2891,中信金,74,0,74,台新-建北,2024-05-28,8151
00751B,元大AAA至A公司債,74,0,74,台新-建北,2024-05-28,8151
00753L,中信中國50正2,74,0,74,台新-建北,2024-05-28,8151
3481,群創,85,21,64,台新-建北,2024-05-28,8151
3689,湧德,89,25,64,台新-建北,2024-05-28,8151
2328,廣宇,82,22,60,台新-建北,2024-05-28,8151
00665L,富邦�琤肭磪囓�2,65,7,58,台新-建北,2024-05-28,8151
00927,群益半導體收益,67,10,57,台新-建北,2024-05-28,8151
1809,中釉,78,21,57,台新-建北,2024-05-28,8151
2618,長榮航,155,100,55,台新-建北,2024-05-28,8151
6668,中揚光,52,0,52,台新-建北,2024-05-28,8151
00650L,復華香港正2,51,0,51,台新-建北,2024-05-28,8151
2609,陽明,101,51,50,台新-建北,2024-05-28,8151
1314,中石化,50,6,44,台新-建北,2024-05-28,8151
2527,宏璟,44,0,44,台新-建北,2024-05-28,8151
6270,倍微,120,77,43,台新-建北,2024-05-28,8151
1785,光洋科,49,6,43,台新-建北,2024-05-28,8151
2303,聯電,63,21,42,台新-建北,2024-05-28,8151
00632R,元大台灣50反1,50,10,40,台新-建北,2024-05-28,8151
3231,緯創,142,103,39,台新-建北,2024-05-28,8151
00946,群益科技高息成長,35,1,34,台新-建北,2024-05-28,8151
2515,中工,70,36,34,台新-建北,2024-05-28,8151
2501,國建,49,17,32,台新-建北,2024-05-28,8151
00878,國泰永續高股息,39,9,30,台新-建北,2024-05-28,8151
2641,正德,51,21,30,台新-建北,2024-05-28,8151
2359,所羅門,38,9,29,台新-建北,2024-05-28,8151
6123,上奇,27,0,27,台新-建北,2024-05-28,8151
5213,亞昕,26,0,26,台新-建北,2024-05-28,8151
6706,惠特,26,0,26,台新-建北,2024-05-28,8151
5225,東科-KY,27,2,25,台新-建北,2024-05-28,8151
00725B,國泰投資級公司債,25,0,25,台新-建北,2024-05-28,8151
2365,昆盈,25,0,25,台新-建北,2024-05-28,8151
2363,矽統,279,256,23,台新-建北,2024-05-28,8151
1532,勤美,23,1,22,台新-建北,2024-05-28,8151
2489,瑞軒,23,2,21,台新-建北,2024-05-28,8151
00720B,元大投資級公司債,20,0,20,台新-建北,2024-05-28,8151
9946,三發地產,20,0,20,台新-建北,2024-05-28,8151
2313,華通,22,2,20,台新-建北,2024-05-28,8151
3312,弘憶股,26,7,19,台新-建北,2024-05-28,8151
2421,建準,24,5,19,台新-建北,2024-05-28,8151
2458,義隆,21,2,19,台新-建北,2024-05-28,8151
00937B,群益ESG投等債20,595,20,575,台新-建北,2024-05-29,8151
00632R,元大台灣50反1,300,102,198,台新-建北,2024-05-29,8151
2515,中工,179,15,164,台新-建北,2024-05-29,8151
00679B,元大美債20年,159,1,158,台新-建北,2024-05-29,8151
2867,三商壽,146,3,143,台新-建北,2024-05-29,8151
2609,陽明,131,13,118,台新-建北,2024-05-29,8151
1587,吉茂,110,0,110,台新-建北,2024-05-29,8151
9945,潤泰新,150,41,109,台新-建北,2024-05-29,8151
00687B,國泰20年美債,104,0,104,台新-建北,2024-05-29,8151
2705,六福,100,1,99,台新-建北,2024-05-29,8151
00676R,富邦臺灣加權反1,97,0,97,台新-建北,2024-05-29,8151
2889,國票金,170,76,94,台新-建北,2024-05-29,8151
2489,瑞軒,155,67,88,台新-建北,2024-05-29,8151
5608,四維航,172,84,88,台新-建北,2024-05-29,8151
2371,大同,96,10,86,台新-建北,2024-05-29,8151
00878,國泰永續高股息,79,3,76,台新-建北,2024-05-29,8151
2887,台新金,76,1,75,台新-建北,2024-05-29,8151
3234,光環,73,2,71,台新-建北,2024-05-29,8151
1532,勤美,67,5,62,台新-建北,2024-05-29,8151
00933B,國泰10Y+金融債,56,1,55,台新-建北,2024-05-29,8151
00929,復華台灣科技優息,104,50,54,台新-建北,2024-05-29,8151
1605,華新,53,0,53,台新-建北,2024-05-29,8151
00942B,台新美A公司債20+,50,0,50,台新-建北,2024-05-29,8151
00946,群益科技高息成長,48,0,48,台新-建北,2024-05-29,8151
2891,中信金,68,21,47,台新-建北,2024-05-29,8151
00931B,統一美債20年,47,0,47,台新-建北,2024-05-29,8151
2317,鴻海,75,31,44,台新-建北,2024-05-29,8151
00688L,國泰20年美債正2,47,4,43,台新-建北,2024-05-29,8151
5469,瀚宇博,43,2,41,台新-建北,2024-05-29,8151
00915,凱基優選高股息30,42,1,41,台新-建北,2024-05-29,8151
2520,冠德,40,0,40,台新-建北,2024-05-29,8151
2337,旺宏,40,0,40,台新-建北,2024-05-29,8151
00882,中信中國高股息,42,4,38,台新-建北,2024-05-29,8151
1742,台蠟,38,0,38,台新-建北,2024-05-29,8151
1789,神隆,37,0,37,台新-建北,2024-05-29,8151
4967,十銓,77,42,35,台新-建北,2024-05-29,8151
2809,京城銀,41,7,34,台新-建北,2024-05-29,8151
1303,南亞,43,9,34,台新-建北,2024-05-29,8151
1301,台塑,34,2,32,台新-建北,2024-05-29,8151
4306,炎洲,34,2,32,台新-建北,2024-05-29,8151
3040,遠見,30,0,30,台新-建北,2024-05-29,8151
3260,威剛,80,50,30,台新-建北,2024-05-29,8151
2359,所羅門,41,11,30,台新-建北,2024-05-29,8151
8936,國統,30,1,29,台新-建北,2024-05-29,8151
2886,兆豐金,29,0,29,台新-建北,2024-05-29,8151
2324,仁寶,32,4,28,台新-建北,2024-05-29,8151
1108,幸福,28,0,28,台新-建北,2024-05-29,8151
00751B,元大AAA至A公司債,27,0,27,台新-建北,2024-05-29,8151
00720B,元大投資級公司債,27,1,26,台新-建北,2024-05-29,8151
00712,復華富時不動產,25,0,25,台新-建北,2024-05-29,8151
00937B,群益ESG投等債20,331,26,305,台新-建北,2024-05-30,8151
00929,復華台灣科技優息,183,27,156,台新-建北,2024-05-30,8151
1802,台玻,178,66,112,台新-建北,2024-05-30,8151
00679B,元大美債20年,103,0,103,台新-建北,2024-05-30,8151
6706,惠特,79,2,77,台新-建北,2024-05-30,8151
00878,國泰永續高股息,79,3,76,台新-建北,2024-05-30,8151
2355,敬鵬,73,0,73,台新-建北,2024-05-30,8151
1727,中華化,67,0,67,台新-建北,2024-05-30,8151
00712,復華富時不動產,67,0,67,台新-建北,2024-05-30,8151
00688L,國泰20年美債正2,76,15,61,台新-建北,2024-05-30,8151
00919,群益台灣精選高息,74,14,60,台新-建北,2024-05-30,8151
2867,三商壽,81,24,57,台新-建北,2024-05-30,8151
2891,中信金,52,1,51,台新-建北,2024-05-30,8151
2543,皇昌,65,15,50,台新-建北,2024-05-30,8151
2916,滿心,50,0,50,台新-建北,2024-05-30,8151
1471,首利,50,7,43,台新-建北,2024-05-30,8151
1722,台肥,41,0,41,台新-建北,2024-05-30,8151
1303,南亞,37,0,37,台新-建北,2024-05-30,8151
2301,光寶科,56,22,34,台新-建北,2024-05-30,8151
2317,鴻海,52,19,33,台新-建北,2024-05-30,8151
2344,華邦電,40,8,32,台新-建北,2024-05-30,8151
9105,泰金寶-DR,76,45,31,台新-建北,2024-05-30,8151
2887,台新金,33,2,31,台新-建北,2024-05-30,8151
2645,長榮航太,30,0,30,台新-建北,2024-05-30,8151
3031,佰鴻,30,0,30,台新-建北,2024-05-30,8151
00772B,中信高評級公司債,36,6,30,台新-建北,2024-05-30,8151
3207,耀勝,30,0,30,台新-建北,2024-05-30,8151
2353,宏��,132,102,30,台新-建北,2024-05-30,8151
4906,正文,47,18,29,台新-建北,2024-05-30,8151
00687B,國泰20年美債,29,1,28,台新-建北,2024-05-30,8151
3483,力致,62,34,28,台新-建北,2024-05-30,8151
1532,勤美,36,9,27,台新-建北,2024-05-30,8151
1513,中興電,29,2,27,台新-建北,2024-05-30,8151
00751B,元大AAA至A公司債,27,0,27,台新-建北,2024-05-30,8151
2033,佳大,26,0,26,台新-建北,2024-05-30,8151
2363,矽統,51,25,26,台新-建北,2024-05-30,8151
00946,群益科技高息成長,26,0,26,台新-建北,2024-05-30,8151
00942B,台新美A公司債20+,25,0,25,台新-建北,2024-05-30,8151
2356,英業達,29,5,24,台新-建北,2024-05-30,8151
3048,益登,24,0,24,台新-建北,2024-05-30,8151
6180,橘子,29,6,23,台新-建北,2024-05-30,8151
8112,至上,35,12,23,台新-建北,2024-05-30,8151
6415,矽力*-KY,27,4,23,台新-建北,2024-05-30,8151
2371,大同,50,28,22,台新-建北,2024-05-30,8151
3040,遠見,24,2,22,台新-建北,2024-05-30,8151
4760,勤凱,27,5,22,台新-建北,2024-05-30,8151
6290,良維,48,26,22,台新-建北,2024-05-30,8151
2618,長榮航,76,55,21,台新-建北,2024-05-30,8151
6165,浪凡,21,0,21,台新-建北,2024-05-30,8151
00631L,元大台灣50正2,22,1,21,台新-建北,2024-05-30,8151
00648R,元大S＆P500反1,310,0,310,台新-建北,2024-05-31,8151
00632R,元大台灣50反1,373,101,272,台新-建北,2024-05-31,8151
9105,泰金寶-DR,130,10,120,台新-建北,2024-05-31,8151
00919,群益台灣精選高息,128,19,109,台新-建北,2024-05-31,8151
2609,陽明,431,337,94,台新-建北,2024-05-31,8151
2317,鴻海,108,15,93,台新-建北,2024-05-31,8151
00929,復華台灣科技優息,131,42,89,台新-建北,2024-05-31,8151
2515,中工,204,120,84,台新-建北,2024-05-31,8151
2354,鴻準,247,176,71,台新-建北,2024-05-31,8151
2486,一詮,99,41,58,台新-建北,2024-05-31,8151
2382,廣達,86,28,58,台新-建北,2024-05-31,8151
00937B,群益ESG投等債20,138,86,52,台新-建北,2024-05-31,8151
6177,達麗,58,7,51,台新-建北,2024-05-31,8151
3062,建漢,82,31,51,台新-建北,2024-05-31,8151
3231,緯創,75,26,49,台新-建北,2024-05-31,8151
3033,威健,57,11,46,台新-建北,2024-05-31,8151
00878,國泰永續高股息,45,2,43,台新-建北,2024-05-31,8151
2033,佳大,42,0,42,台新-建北,2024-05-31,8151
00651R,復華香港反1,42,0,42,台新-建北,2024-05-31,8151
0050,元大台灣50,40,1,39,台新-建北,2024-05-31,8151
3207,耀勝,38,0,38,台新-建北,2024-05-31,8151
2330,台積電,41,4,37,台新-建北,2024-05-31,8151
2537,聯上發,44,11,33,台新-建北,2024-05-31,8151
8210,勤誠,36,4,32,台新-建北,2024-05-31,8151
5522,遠雄,50,18,32,台新-建北,2024-05-31,8151
2355,敬鵬,58,26,32,台新-建北,2024-05-31,8151
2344,華邦電,40,12,28,台新-建北,2024-05-31,8151
2520,冠德,43,15,28,台新-建北,2024-05-31,8151
0056,元大高股息,30,3,27,台新-建北,2024-05-31,8151
6005,群益證,27,0,27,台新-建北,2024-05-31,8151
1532,勤美,39,14,25,台新-建北,2024-05-31,8151
6182,合晶,24,1,23,台新-建北,2024-05-31,8151
00939,統一台灣高息動能,35,12,23,台新-建北,2024-05-31,8151
2543,皇昌,25,3,22,台新-建北,2024-05-31,8151
3189,景碩,23,1,22,台新-建北,2024-05-31,8151
2501,國建,55,34,21,台新-建北,2024-05-31,8151
2301,光寶科,33,12,21,台新-建北,2024-05-31,8151
00715L,期街口布蘭特正2,20,0,20,台新-建北,2024-05-31,8151
4707,磐亞,20,0,20,台新-建北,2024-05-31,8151
00671R,富邦NASDAQ反1,20,0,20,台新-建北,2024-05-31,8151
00664R,國泰臺灣加權反1,19,0,19,台新-建北,2024-05-31,8151
3321,同泰,19,0,19,台新-建北,2024-05-31,8151
1603,華電,18,0,18,台新-建北,2024-05-31,8151
6223,旺矽,21,3,18,台新-建北,2024-05-31,8151
2610,華航,40,23,17,台新-建北,2024-05-31,8151
3040,遠見,18,1,17,台新-建北,2024-05-31,8151
8070,長華*,121,104,17,台新-建北,2024-05-31,8151
6706,惠特,17,0,17,台新-建北,2024-05-31,8151
3047,訊舟,61,45,16,台新-建北,2024-05-31,8151
2101,南港,64,49,15,台新-建北,2024-05-31,8151
2542,興富發,222,5,217,台新-建北,2024-06-03,8151
00937B,群益ESG投等債20,254,90,164,台新-建北,2024-06-03,8151
2501,國建,159,6,153,台新-建北,2024-06-03,8151
5522,遠雄,136,4,132,台新-建北,2024-06-03,8151
00919,群益台灣精選高息,142,40,102,台新-建北,2024-06-03,8151
1436,華友聯,100,0,100,台新-建北,2024-06-03,8151
2515,中工,116,17,99,台新-建北,2024-06-03,8151
00688L,國泰20年美債正2,100,20,80,台新-建北,2024-06-03,8151
2303,聯電,85,6,79,台新-建北,2024-06-03,8151
6188,廣明,316,246,70,台新-建北,2024-06-03,8151
2317,鴻海,97,29,68,台新-建北,2024-06-03,8151
00632R,元大台灣50反1,176,120,56,台新-建北,2024-06-03,8151
4526,東台,71,15,56,台新-建北,2024-06-03,8151
1303,南亞,66,12,54,台新-建北,2024-06-03,8151
00633L,富邦上証正2,50,0,50,台新-建北,2024-06-03,8151
9105,泰金寶-DR,50,0,50,台新-建北,2024-06-03,8151
3006,晶豪科,46,0,46,台新-建北,2024-06-03,8151
2312,金寶,51,7,44,台新-建北,2024-06-03,8151
5533,皇鼎,50,6,44,台新-建北,2024-06-03,8151
6706,惠特,41,0,41,台新-建北,2024-06-03,8151
1528,恩德,40,0,40,台新-建北,2024-06-03,8151
2618,長榮航,166,129,37,台新-建北,2024-06-03,8151
2377,微星,40,5,35,台新-建北,2024-06-03,8151
2353,宏��,67,34,33,台新-建北,2024-06-03,8151
2324,仁寶,45,12,33,台新-建北,2024-06-03,8151
2880,華南金,33,0,33,台新-建北,2024-06-03,8151
3207,耀勝,32,0,32,台新-建北,2024-06-03,8151
00927,群益半導體收益,31,0,31,台新-建北,2024-06-03,8151
00918,大華優利高填息30,30,0,30,台新-建北,2024-06-03,8151
2023,燁輝,30,0,30,台新-建北,2024-06-03,8151
00753L,中信中國50正2,30,0,30,台新-建北,2024-06-03,8151
00878,國泰永續高股息,46,17,29,台新-建北,2024-06-03,8151
1560,中砂,38,11,27,台新-建北,2024-06-03,8151
00706L,期元大S＆P日圓正2,27,0,27,台新-建北,2024-06-03,8151
2867,三商壽,36,9,27,台新-建北,2024-06-03,8151
3703,欣陸,52,25,27,台新-建北,2024-06-03,8151
3033,威健,33,7,26,台新-建北,2024-06-03,8151
6770,力積電,27,1,26,台新-建北,2024-06-03,8151
3040,遠見,26,0,26,台新-建北,2024-06-03,8151
4714,永捷,28,2,26,台新-建北,2024-06-03,8151
4973,廣穎,30,5,25,台新-建北,2024-06-03,8151
1742,台蠟,25,0,25,台新-建北,2024-06-03,8151
3631,晟楠,25,0,25,台新-建北,2024-06-03,8151
4906,正文,24,0,24,台新-建北,2024-06-03,8151
1524,耿鼎,25,1,24,台新-建北,2024-06-03,8151
2883,凱基金,24,0,24,台新-建北,2024-06-03,8151
6005,群益證,25,2,23,台新-建北,2024-06-03,8151
8101,華冠,20,0,20,台新-建北,2024-06-03,8151
9921,巨大,36,16,20,台新-建北,2024-06-03,8151
8096,擎亞,42,23,19,台新-建北,2024-06-03,8151
00929,復華台灣科技優息,270,16,254,台新-建北,2024-06-04,8151
6005,群益證,224,0,224,台新-建北,2024-06-04,8151
2501,國建,159,16,143,台新-建北,2024-06-04,8151
00918,大華優利高填息30,137,0,137,台新-建北,2024-06-04,8151
2888,新光金,220,87,133,台新-建北,2024-06-04,8151
00936,台新永續高息中小,144,16,128,台新-建北,2024-06-04,8151
2303,聯電,138,16,122,台新-建北,2024-06-04,8151
00676R,富邦臺灣加權反1,100,0,100,台新-建北,2024-06-04,8151
00878,國泰永續高股息,84,7,77,台新-建北,2024-06-04,8151
4906,正文,106,34,72,台新-建北,2024-06-04,8151
00919,群益台灣精選高息,177,111,66,台新-建北,2024-06-04,8151
2887,台新金,64,0,64,台新-建北,2024-06-04,8151
1815,富喬,339,280,59,台新-建北,2024-06-04,8151
4533,協易機,88,31,57,台新-建北,2024-06-04,8151
8084,巨虹,54,3,51,台新-建北,2024-06-04,8151
5512,力麒,50,0,50,台新-建北,2024-06-04,8151
5533,皇鼎,50,0,50,台新-建北,2024-06-04,8151
4909,新復興,51,2,49,台新-建北,2024-06-04,8151
8028,昇陽半導體,53,6,47,台新-建北,2024-06-04,8151
2317,鴻海,59,13,46,台新-建北,2024-06-04,8151
1303,南亞,54,8,46,台新-建北,2024-06-04,8151
00946,群益科技高息成長,43,0,43,台新-建北,2024-06-04,8151
2002,中鋼,43,1,42,台新-建北,2024-06-04,8151
2382,廣達,48,7,41,台新-建北,2024-06-04,8151
00648R,元大S＆P500反1,60,20,40,台新-建北,2024-06-04,8151
1301,台塑,40,1,39,台新-建北,2024-06-04,8151
2371,大同,64,26,38,台新-建北,2024-06-04,8151
1528,恩德,35,0,35,台新-建北,2024-06-04,8151
2609,陽明,198,163,35,台新-建北,2024-06-04,8151
2027,大成鋼,34,0,34,台新-建北,2024-06-04,8151
4303,信立,32,0,32,台新-建北,2024-06-04,8151
1603,華電,34,3,31,台新-建北,2024-06-04,8151
2344,華邦電,74,44,30,台新-建北,2024-06-04,8151
4760,勤凱,45,15,30,台新-建北,2024-06-04,8151
00930,永豐ESG低碳高息,30,0,30,台新-建北,2024-06-04,8151
1436,華友聯,30,0,30,台新-建北,2024-06-04,8151
4513,福裕,35,6,29,台新-建北,2024-06-04,8151
2312,金寶,56,28,28,台新-建北,2024-06-04,8151
1605,華新,27,0,27,台新-建北,2024-06-04,8151
2331,精英,137,111,26,台新-建北,2024-06-04,8151
3363,上詮,28,2,26,台新-建北,2024-06-04,8151
6719,力智,28,2,26,台新-建北,2024-06-04,8151
2367,燿華,105,80,25,台新-建北,2024-06-04,8151
2323,中環,25,0,25,台新-建北,2024-06-04,8151
2399,映泰,37,12,25,台新-建北,2024-06-04,8151
2476,鉅祥,27,3,24,台新-建北,2024-06-04,8151
00664R,國泰臺灣加權反1,25,1,24,台新-建北,2024-06-04,8151
2542,興富發,24,0,24,台新-建北,2024-06-04,8151
2603,長榮,35,13,22,台新-建北,2024-06-04,8151
1326,台化,22,0,22,台新-建北,2024-06-04,8151
2542,興富發,302,15,287,台新-建北,2024-06-05,8151
5522,遠雄,172,16,156,台新-建北,2024-06-05,8151
00929,復華台灣科技優息,126,5,121,台新-建北,2024-06-05,8151
2367,燿華,166,47,119,台新-建北,2024-06-05,8151
00878,國泰永續高股息,120,28,92,台新-建北,2024-06-05,8151
00919,群益台灣精選高息,100,18,82,台新-建北,2024-06-05,8151
0056,元大高股息,81,2,79,台新-建北,2024-06-05,8151
00918,大華優利高填息30,77,4,73,台新-建北,2024-06-05,8151
3015,全漢,87,20,67,台新-建北,2024-06-05,8151
00936,台新永續高息中小,99,35,64,台新-建北,2024-06-05,8151
00937B,群益ESG投等債20,81,26,55,台新-建北,2024-06-05,8151
00665L,富邦�琤肭磪囓�2,57,5,52,台新-建北,2024-06-05,8151
2382,廣達,61,9,52,台新-建北,2024-06-05,8151
2887,台新金,57,14,43,台新-建北,2024-06-05,8151
8086,宏捷科,36,0,36,台新-建北,2024-06-05,8151
6180,橘子,45,9,36,台新-建北,2024-06-05,8151
6163,華電網,73,37,36,台新-建北,2024-06-05,8151
2317,鴻海,120,85,35,台新-建北,2024-06-05,8151
006208,富邦台50,33,1,32,台新-建北,2024-06-05,8151
2356,英業達,36,6,30,台新-建北,2024-06-05,8151
00753L,中信中國50正2,30,0,30,台新-建北,2024-06-05,8151
00712,復華富時不動產,60,30,30,台新-建北,2024-06-05,8151
2417,圓剛,252,224,28,台新-建北,2024-06-05,8151
00687B,國泰20年美債,53,25,28,台新-建北,2024-06-05,8151
2101,南港,99,73,26,台新-建北,2024-06-05,8151
6695,芯鼎,25,0,25,台新-建北,2024-06-05,8151
1513,中興電,24,0,24,台新-建北,2024-06-05,8151
3202,樺晟,84,60,24,台新-建北,2024-06-05,8151
00942B,台新美A公司債20+,40,16,24,台新-建北,2024-06-05,8151
00940,元大台灣價值高息,52,29,23,台新-建北,2024-06-05,8151
2376,技嘉,28,6,22,台新-建北,2024-06-05,8151
2489,瑞軒,28,6,22,台新-建北,2024-06-05,8151
6197,佳必琪,77,55,22,台新-建北,2024-06-05,8151
4714,永捷,29,8,21,台新-建北,2024-06-05,8151
2033,佳大,21,0,21,台新-建北,2024-06-05,8151
2880,華南金,45,25,20,台新-建北,2024-06-05,8151
1528,恩德,20,0,20,台新-建北,2024-06-05,8151
4566,時碩工業,23,4,19,台新-建北,2024-06-05,8151
2363,矽統,70,51,19,台新-建北,2024-06-05,8151
3708,上緯投控,28,10,18,台新-建北,2024-06-05,8151
3260,威剛,22,4,18,台新-建北,2024-06-05,8151
5512,力麒,18,0,18,台新-建北,2024-06-05,8151
9939,宏全,17,0,17,台新-建北,2024-06-05,8151
3163,波若威,18,1,17,台新-建北,2024-06-05,8151
5609,中菲行,18,1,17,台新-建北,2024-06-05,8151
3356,奇偶,27,11,16,台新-建北,2024-06-05,8151
6165,浪凡,16,0,16,台新-建北,2024-06-05,8151
2464,盟立,61,45,16,台新-建北,2024-06-05,8151
2929,淘帝-KY,15,0,15,台新-建北,2024-06-05,8151
00921,兆豐龍頭等權重,15,0,15,台新-建北,2024-06-05,8151
00936,台新永續高息中小,175,1,174,台新-建北,2024-06-06,8151
2542,興富發,109,5,104,台新-建北,2024-06-06,8151
00632R,元大台灣50反1,136,39,97,台新-建北,2024-06-06,8151
2101,南港,121,51,70,台新-建北,2024-06-06,8151
00919,群益台灣精選高息,117,47,70,台新-建北,2024-06-06,8151
1722,台肥,62,0,62,台新-建北,2024-06-06,8151
00680L,元大美債20正2,79,21,58,台新-建北,2024-06-06,8151
2888,新光金,79,24,55,台新-建北,2024-06-06,8151
9946,三發地產,55,0,55,台新-建北,2024-06-06,8151
6005,群益證,92,39,53,台新-建北,2024-06-06,8151
2002,中鋼,53,1,52,台新-建北,2024-06-06,8151
3312,弘憶股,55,3,52,台新-建北,2024-06-06,8151
5522,遠雄,52,1,51,台新-建北,2024-06-06,8151
1742,台蠟,43,0,43,台新-建北,2024-06-06,8151
4123,晟德,43,2,41,台新-建北,2024-06-06,8151
00724B,群益投資級金融債,40,0,40,台新-建北,2024-06-06,8151
00942B,台新美A公司債20+,42,2,40,台新-建北,2024-06-06,8151
6546,正基,54,16,38,台新-建北,2024-06-06,8151
5608,四維航,53,16,37,台新-建北,2024-06-06,8151
2354,鴻準,125,92,33,台新-建北,2024-06-06,8151
4952,凌通,66,33,33,台新-建北,2024-06-06,8151
1303,南亞,33,0,33,台新-建北,2024-06-06,8151
00878,國泰永續高股息,69,36,33,台新-建北,2024-06-06,8151
2618,長榮航,131,101,30,台新-建北,2024-06-06,8151
6806,森崴能源,30,0,30,台新-建北,2024-06-06,8151
00664R,國泰臺灣加權反1,30,0,30,台新-建北,2024-06-06,8151
4534,慶騰,30,0,30,台新-建北,2024-06-06,8151
00687B,國泰20年美債,41,11,30,台新-建北,2024-06-06,8151
1603,華電,34,5,29,台新-建北,2024-06-06,8151
2324,仁寶,35,7,28,台新-建北,2024-06-06,8151
2442,新美齊,28,0,28,台新-建北,2024-06-06,8151
9939,宏全,27,0,27,台新-建北,2024-06-06,8151
1301,台塑,35,9,26,台新-建北,2024-06-06,8151
3645,達邁,24,0,24,台新-建北,2024-06-06,8151
3372,典範,25,2,23,台新-建北,2024-06-06,8151
00882,中信中國高股息,27,5,22,台新-建北,2024-06-06,8151
4958,臻鼎-KY,27,5,22,台新-建北,2024-06-06,8151
2303,聯電,34,13,21,台新-建北,2024-06-06,8151
2636,台驊控股,21,0,21,台新-建北,2024-06-06,8151
4113,聯上,27,7,20,台新-建北,2024-06-06,8151
4127,天良,20,0,20,台新-建北,2024-06-06,8151
1436,華友聯,20,0,20,台新-建北,2024-06-06,8151
5356,協益,20,0,20,台新-建北,2024-06-06,8151
6188,廣明,34,14,20,台新-建北,2024-06-06,8151
2603,長榮,106,87,19,台新-建北,2024-06-06,8151
2615,萬海,231,213,18,台新-建北,2024-06-06,8151
2356,英業達,18,0,18,台新-建北,2024-06-06,8151
3062,建漢,37,19,18,台新-建北,2024-06-06,8151
5340,建榮,26,9,17,台新-建北,2024-06-06,8151
2543,皇昌,32,15,17,台新-建北,2024-06-06,8151
2886,兆豐金,232,1,231,台新-建北,2024-06-07,8151
00936,台新永續高息中小,170,42,128,台新-建北,2024-06-07,8151
3703,欣陸,169,42,127,台新-建北,2024-06-07,8151
00929,復華台灣科技優息,105,3,102,台新-建北,2024-06-07,8151
2610,華航,148,47,101,台新-建北,2024-06-07,8151
5243,乙盛-KY,72,0,72,台新-建北,2024-06-07,8151
3163,波若威,73,9,64,台新-建北,2024-06-07,8151
9941,裕融,62,0,62,台新-建北,2024-06-07,8151
2888,新光金,241,182,59,台新-建北,2024-06-07,8151
2317,鴻海,80,23,57,台新-建北,2024-06-07,8151
00632R,元大台灣50反1,55,0,55,台新-建北,2024-06-07,8151
2330,台積電,62,9,53,台新-建北,2024-06-07,8151
00937B,群益ESG投等債20,61,8,53,台新-建北,2024-06-07,8151
2883,凱基金,151,102,49,台新-建北,2024-06-07,8151
00942B,台新美A公司債20+,56,7,49,台新-建北,2024-06-07,8151
00878,國泰永續高股息,50,2,48,台新-建北,2024-06-07,8151
00687B,國泰20年美債,70,22,48,台新-建北,2024-06-07,8151
2376,技嘉,50,3,47,台新-建北,2024-06-07,8151
2615,萬海,322,277,45,台新-建北,2024-06-07,8151
2885,元大金,44,1,43,台新-建北,2024-06-07,8151
00918,大華優利高填息30,43,2,41,台新-建北,2024-06-07,8151
2442,新美齊,86,45,41,台新-建北,2024-06-07,8151
5347,世界,88,48,40,台新-建北,2024-06-07,8151
2313,華通,84,49,35,台新-建北,2024-06-07,8151
3266,昇陽,34,0,34,台新-建北,2024-06-07,8151
2889,國票金,40,6,34,台新-建北,2024-06-07,8151
1806,冠軍,130,100,30,台新-建北,2024-06-07,8151
1789,神隆,30,0,30,台新-建北,2024-06-07,8151
2834,臺企銀,46,16,30,台新-建北,2024-06-07,8151
2025,千興,30,1,29,台新-建北,2024-06-07,8151
00665L,富邦�琤肭磪囓�2,42,15,27,台新-建北,2024-06-07,8151
8112,至上,34,7,27,台新-建北,2024-06-07,8151
1529,樂事綠能,30,5,25,台新-建北,2024-06-07,8151
3231,緯創,38,14,24,台新-建北,2024-06-07,8151
5522,遠雄,37,13,24,台新-建北,2024-06-07,8151
00713,元大台灣高息低波,21,0,21,台新-建北,2024-06-07,8151
3443,創意,25,5,20,台新-建北,2024-06-07,8151
6706,惠特,24,4,20,台新-建北,2024-06-07,8151
5608,四維航,33,13,20,台新-建北,2024-06-07,8151
00712,復華富時不動產,20,0,20,台新-建北,2024-06-07,8151
3481,群創,44,25,19,台新-建北,2024-06-07,8151
4906,正文,22,3,19,台新-建北,2024-06-07,8151
3362,先進光,21,3,18,台新-建北,2024-06-07,8151
2312,金寶,38,20,18,台新-建北,2024-06-07,8151
3455,由田,37,19,18,台新-建北,2024-06-07,8151
2382,廣達,21,4,17,台新-建北,2024-06-07,8151
2421,建準,16,1,15,台新-建北,2024-06-07,8151
2324,仁寶,15,0,15,台新-建北,2024-06-07,8151
2601,益航,15,0,15,台新-建北,2024-06-07,8151
5607,遠雄港,15,0,15,台新-建北,2024-06-07,8151
2442,新美齊,406,2,404,台新-建北,2024-06-11,8151
2888,新光金,200,37,163,台新-建北,2024-06-11,8151
00679B,元大美債20年,179,17,162,台新-建北,2024-06-11,8151
00918,大華優利高填息30,167,11,156,台新-建北,2024-06-11,8151
00687B,國泰20年美債,150,2,148,台新-建北,2024-06-11,8151
2317,鴻海,177,33,144,台新-建北,2024-06-11,8151
00751B,元大AAA至A公司債,96,0,96,台新-建北,2024-06-11,8151
00933B,國泰10Y+金融債,109,21,88,台新-建北,2024-06-11,8151
5243,乙盛-KY,92,7,85,台新-建北,2024-06-11,8151
00882,中信中國高股息,94,15,79,台新-建北,2024-06-11,8151
00680L,元大美債20正2,90,24,66,台新-建北,2024-06-11,8151
3003,健和興,115,52,63,台新-建北,2024-06-11,8151
1608,華榮,120,59,61,台新-建北,2024-06-11,8151
3047,訊舟,106,45,61,台新-建北,2024-06-11,8151
2002,中鋼,54,0,54,台新-建北,2024-06-11,8151
3207,耀勝,61,7,54,台新-建北,2024-06-11,8151
2303,聯電,58,7,51,台新-建北,2024-06-11,8151
2606,裕民,72,21,51,台新-建北,2024-06-11,8151
00633L,富邦上証正2,50,0,50,台新-建北,2024-06-11,8151
1909,榮成,50,0,50,台新-建北,2024-06-11,8151
6706,惠特,70,22,48,台新-建北,2024-06-11,8151
1303,南亞,53,6,47,台新-建北,2024-06-11,8151
2929,淘帝-KY,47,0,47,台新-建北,2024-06-11,8151
00937B,群益ESG投等債20,113,66,47,台新-建北,2024-06-11,8151
00720B,元大投資級公司債,45,0,45,台新-建北,2024-06-11,8151
1528,恩德,45,0,45,台新-建北,2024-06-11,8151
2374,佳能,51,6,45,台新-建北,2024-06-11,8151
2102,泰豐,41,0,41,台新-建北,2024-06-11,8151
4919,新唐,41,2,39,台新-建北,2024-06-11,8151
8163,達方,37,0,37,台新-建北,2024-06-11,8151
00712,復華富時不動產,47,11,36,台新-建北,2024-06-11,8151
6442,光聖,45,9,36,台新-建北,2024-06-11,8151
6125,廣運,69,35,34,台新-建北,2024-06-11,8151
2353,宏��,38,5,33,台新-建北,2024-06-11,8151
2603,長榮,110,78,32,台新-建北,2024-06-11,8151
1815,富喬,138,106,32,台新-建北,2024-06-11,8151
8110,華東,37,5,32,台新-建北,2024-06-11,8151
00942B,台新美A公司債20+,63,35,28,台新-建北,2024-06-11,8151
4127,天良,25,0,25,台新-建北,2024-06-11,8151
2882B,國泰金乙特,25,0,25,台新-建北,2024-06-11,8151
4979,華星光,44,19,25,台新-建北,2024-06-11,8151
5498,凱崴,32,8,24,台新-建北,2024-06-11,8151
1316,上曜,64,40,24,台新-建北,2024-06-11,8151
2392,正崴,24,0,24,台新-建北,2024-06-11,8151
00795B,中信美國公債20年,23,0,23,台新-建北,2024-06-11,8151
2401,凌陽,31,8,23,台新-建北,2024-06-11,8151
2501,國建,30,7,23,台新-建北,2024-06-11,8151
2402,毅嘉,26,4,22,台新-建北,2024-06-11,8151
2542,興富發,37,16,21,台新-建北,2024-06-11,8151
00713,元大台灣高息低波,21,0,21,台新-建北,2024-06-11,8151
2882,國泰金,1410,10,1400,台新-建北,2024-06-12,8151
00948B,中信優息投資級債,143,0,143,台新-建北,2024-06-12,8151
00712,復華富時不動產,139,0,139,台新-建北,2024-06-12,8151
9105,泰金寶-DR,142,15,127,台新-建北,2024-06-12,8151
9945,潤泰新,133,12,121,台新-建北,2024-06-12,8151
00919,群益台灣精選高息,126,25,101,台新-建北,2024-06-12,8151
2888,新光金,207,108,99,台新-建北,2024-06-12,8151
3013,晟銘電,206,115,91,台新-建北,2024-06-12,8151
6625,必應,66,0,66,台新-建北,2024-06-12,8151
00882,中信中國高股息,79,13,66,台新-建北,2024-06-12,8151
8089,康全電訊,61,0,61,台新-建北,2024-06-12,8151
3663,鑫科,61,1,60,台新-建北,2024-06-12,8151
5243,乙盛-KY,60,0,60,台新-建北,2024-06-12,8151
4909,新復興,78,21,57,台新-建北,2024-06-12,8151
00918,大華優利高填息30,53,0,53,台新-建北,2024-06-12,8151
2002,中鋼,69,18,51,台新-建北,2024-06-12,8151
2606,裕民,48,3,45,台新-建北,2024-06-12,8151
2615,萬海,148,105,43,台新-建北,2024-06-12,8151
3712,永崴投控,41,0,41,台新-建北,2024-06-12,8151
00679B,元大美債20年,43,2,41,台新-建北,2024-06-12,8151
2356,英業達,78,38,40,台新-建北,2024-06-12,8151
2486,一詮,171,132,39,台新-建北,2024-06-12,8151
9103,美德醫療-DR,41,3,38,台新-建北,2024-06-12,8151
00680L,元大美債20正2,37,0,37,台新-建北,2024-06-12,8151
2515,中工,37,1,36,台新-建北,2024-06-12,8151
1608,華榮,62,27,35,台新-建北,2024-06-12,8151
2367,燿華,192,159,33,台新-建北,2024-06-12,8151
1722,台肥,30,0,30,台新-建北,2024-06-12,8151
00633L,富邦上証正2,30,0,30,台新-建北,2024-06-12,8151
1519,華城,53,23,30,台新-建北,2024-06-12,8151
2353,宏��,38,10,28,台新-建北,2024-06-12,8151
1314,中石化,31,3,28,台新-建北,2024-06-12,8151
6215,和椿,39,13,26,台新-建北,2024-06-12,8151
00878,國泰永續高股息,32,7,25,台新-建北,2024-06-12,8151
1789,神隆,55,32,23,台新-建北,2024-06-12,8151
3481,群創,28,6,22,台新-建北,2024-06-12,8151
4714,永捷,32,10,22,台新-建北,2024-06-12,8151
2886,兆豐金,21,0,21,台新-建北,2024-06-12,8151
6165,浪凡,21,0,21,台新-建北,2024-06-12,8151
2611,志信,20,0,20,台新-建北,2024-06-12,8151
00725B,國泰投資級公司債,20,0,20,台新-建北,2024-06-12,8151
4207,環泰,20,0,20,台新-建北,2024-06-12,8151
3030,德律,23,3,20,台新-建北,2024-06-12,8151
0056,元大高股息,21,1,20,台新-建北,2024-06-12,8151
1514,亞力,101,82,19,台新-建北,2024-06-12,8151
2607,榮運,19,0,19,台新-建北,2024-06-12,8151
6451,訊芯-KY,22,3,19,台新-建北,2024-06-12,8151
3231,緯創,55,37,18,台新-建北,2024-06-12,8151
00713,元大台灣高息低波,17,0,17,台新-建北,2024-06-12,8151
4306,炎洲,31,14,17,台新-建北,2024-06-12,8151
2882,國泰金,1420,9,1411,台新-建北,2024-06-13,8151
00687B,國泰20年美債,218,40,178,台新-建北,2024-06-13,8151
2399,映泰,167,0,167,台新-建北,2024-06-13,8151
2330,台積電,171,7,164,台新-建北,2024-06-13,8151
00918,大華優利高填息30,128,4,124,台新-建北,2024-06-13,8151
00929,復華台灣科技優息,168,48,120,台新-建北,2024-06-13,8151
00882,中信中國高股息,90,0,90,台新-建北,2024-06-13,8151
2002,中鋼,84,1,83,台新-建北,2024-06-13,8151
9105,泰金寶-DR,92,11,81,台新-建北,2024-06-13,8151
3017,奇鋐,110,29,81,台新-建北,2024-06-13,8151
00751B,元大AAA至A公司債,71,1,70,台新-建北,2024-06-13,8151
2607,榮運,57,0,57,台新-建北,2024-06-13,8151
2615,萬海,176,119,57,台新-建北,2024-06-13,8151
8924,大田,55,0,55,台新-建北,2024-06-13,8151
2609,陽明,360,307,53,台新-建北,2024-06-13,8151
6125,廣運,73,22,51,台新-建北,2024-06-13,8151
4533,協易機,54,4,50,台新-建北,2024-06-13,8151
00937B,群益ESG投等債20,118,69,49,台新-建北,2024-06-13,8151
3665,貿聯-KY,58,11,47,台新-建北,2024-06-13,8151
2367,燿華,86,43,43,台新-建北,2024-06-13,8151
00948B,中信優息投資級債,38,0,38,台新-建北,2024-06-13,8151
6143,振曜,50,15,35,台新-建北,2024-06-13,8151
00936,台新永續高息中小,48,17,31,台新-建北,2024-06-13,8151
3583,辛耘,30,2,28,台新-建北,2024-06-13,8151
5512,力麒,28,0,28,台新-建北,2024-06-13,8151
3207,耀勝,27,0,27,台新-建北,2024-06-13,8151
1423,利華,26,0,26,台新-建北,2024-06-13,8151
6112,邁達特,52,26,26,台新-建北,2024-06-13,8151
6161,捷波,26,2,24,台新-建北,2024-06-13,8151
6548,長科*,26,2,24,台新-建北,2024-06-13,8151
00679B,元大美債20年,32,9,23,台新-建北,2024-06-13,8151
2476,鉅祥,62,39,23,台新-建北,2024-06-13,8151
4906,正文,39,17,22,台新-建北,2024-06-13,8151
00633L,富邦上証正2,21,0,21,台新-建北,2024-06-13,8151
2455,全新,22,1,21,台新-建北,2024-06-13,8151
4588,玖鼎電力,20,0,20,台新-建北,2024-06-13,8151
8103,瀚荃,20,0,20,台新-建北,2024-06-13,8151
8150,南茂,20,0,20,台新-建北,2024-06-13,8151
3535,晶彩科,26,7,19,台新-建北,2024-06-13,8151
4714,永捷,26,7,19,台新-建北,2024-06-13,8151
1519,華城,56,37,19,台新-建北,2024-06-13,8151
1789,神隆,18,0,18,台新-建北,2024-06-13,8151
4909,新復興,73,56,17,台新-建北,2024-06-13,8151
1815,富喬,133,117,16,台新-建北,2024-06-13,8151
2606,裕民,27,11,16,台新-建北,2024-06-13,8151
6190,萬泰科,22,6,16,台新-建北,2024-06-13,8151
2603,長榮,64,49,15,台新-建北,2024-06-13,8151
2618,長榮航,34,20,14,台新-建北,2024-06-13,8151
3013,晟銘電,90,76,14,台新-建北,2024-06-13,8151
2482,連宇,14,0,14,台新-建北,2024-06-13,8151
2882,國泰金,1003,0,1003,台新-建北,2024-06-14,8151
00650L,復華香港正2,200,0,200,台新-建北,2024-06-14,8151
2105,正新,194,0,194,台新-建北,2024-06-14,8151
3481,群創,219,65,154,台新-建北,2024-06-14,8151
2317,鴻海,242,103,139,台新-建北,2024-06-14,8151
4532,瑞智,129,3,126,台新-建北,2024-06-14,8151
2312,金寶,202,78,124,台新-建北,2024-06-14,8151
2371,大同,308,204,104,台新-建北,2024-06-14,8151
2887,台新金,106,9,97,台新-建北,2024-06-14,8151
8926,台汽電,85,6,79,台新-建北,2024-06-14,8151
2399,映泰,83,5,78,台新-建北,2024-06-14,8151
00927,群益半導體收益,86,10,76,台新-建北,2024-06-14,8151
2543,皇昌,90,16,74,台新-建北,2024-06-14,8151
6005,群益證,86,14,72,台新-建北,2024-06-14,8151
2363,矽統,102,40,62,台新-建北,2024-06-14,8151
1455,集盛,60,0,60,台新-建北,2024-06-14,8151
00942B,台新美A公司債20+,63,5,58,台新-建北,2024-06-14,8151
2330,台積電,58,5,53,台新-建北,2024-06-14,8151
1504,東元,71,23,48,台新-建北,2024-06-14,8151
2897A,王道銀甲特,47,0,47,台新-建北,2024-06-14,8151
1609,大亞,158,116,42,台新-建北,2024-06-14,8151
2609,陽明,324,283,41,台新-建北,2024-06-14,8151
8924,大田,36,0,36,台新-建北,2024-06-14,8151
1785,光洋科,53,20,33,台新-建北,2024-06-14,8151
00878,國泰永續高股息,58,27,31,台新-建北,2024-06-14,8151
00633L,富邦上証正2,30,0,30,台新-建北,2024-06-14,8151
2492,華新科,86,56,30,台新-建北,2024-06-14,8151
8028,昇陽半導體,72,44,28,台新-建北,2024-06-14,8151
3338,泰碩,44,16,28,台新-建北,2024-06-14,8151
2486,一詮,73,45,28,台新-建北,2024-06-14,8151
1618,合機,44,16,28,台新-建北,2024-06-14,8151
00929,復華台灣科技優息,55,29,26,台新-建北,2024-06-14,8151
2367,燿華,48,23,25,台新-建北,2024-06-14,8151
1808,潤隆,34,9,25,台新-建北,2024-06-14,8151
6789,采鈺,39,15,24,台新-建北,2024-06-14,8151
1301,台塑,26,2,24,台新-建北,2024-06-14,8151
2344,華邦電,22,1,21,台新-建北,2024-06-14,8151
2607,榮運,25,4,21,台新-建北,2024-06-14,8151
3217,優群,23,2,21,台新-建北,2024-06-14,8151
00715L,期街口布蘭特正2,20,0,20,台新-建北,2024-06-14,8151
3551,世禾,20,0,20,台新-建北,2024-06-14,8151
6442,光聖,20,0,20,台新-建北,2024-06-14,8151
2002,中鋼,20,0,20,台新-建北,2024-06-14,8151
00948B,中信優息投資級債,117,100,17,台新-建北,2024-06-14,8151
6166,凌華,18,1,17,台新-建北,2024-06-14,8151
3017,奇鋐,71,56,15,台新-建北,2024-06-14,8151
5258,虹堡,19,4,15,台新-建北,2024-06-14,8151
4906,正文,41,26,15,台新-建北,2024-06-14,8151
00713,元大台灣高息低波,36,22,14,台新-建北,2024-06-14,8151
6446,藥華藥,21,7,14,台新-建北,2024-06-14,8151
2882,國泰金,1010,17,993,台新-建北,2024-06-17,8151
3481,群創,349,42,307,台新-建北,2024-06-17,8151
00712,復華富時不動產,213,15,198,台新-建北,2024-06-17,8151
2888,新光金,161,0,161,台新-建北,2024-06-17,8151
00929,復華台灣科技優息,243,99,144,台新-建北,2024-06-17,8151
00936,台新永續高息中小,222,84,138,台新-建北,2024-06-17,8151
1582,信錦,131,18,113,台新-建北,2024-06-17,8151
8936,國統,105,7,98,台新-建北,2024-06-17,8151
5243,乙盛-KY,233,145,88,台新-建北,2024-06-17,8151
00937B,群益ESG投等債20,139,53,86,台新-建北,2024-06-17,8151
5905,南仁湖,93,9,84,台新-建北,2024-06-17,8151
00636,國泰中國A50,70,0,70,台新-建北,2024-06-17,8151
00918,大華優利高填息30,67,12,55,台新-建北,2024-06-17,8151
00919,群益台灣精選高息,84,30,54,台新-建北,2024-06-17,8151
00687B,國泰20年美債,62,10,52,台新-建北,2024-06-17,8151
00657,國泰日經225,50,0,50,台新-建北,2024-06-17,8151
2609,陽明,207,158,49,台新-建北,2024-06-17,8151
00751B,元大AAA至A公司債,51,3,48,台新-建北,2024-06-17,8151
00713,元大台灣高息低波,56,8,48,台新-建北,2024-06-17,8151
5443,均豪,88,41,47,台新-建北,2024-06-17,8151
00933B,國泰10Y+金融債,50,5,45,台新-建北,2024-06-17,8151
4968,立積,88,44,44,台新-建北,2024-06-17,8151
5608,四維航,44,0,44,台新-建北,2024-06-17,8151
5388,中磊,39,1,38,台新-建北,2024-06-17,8151
8085,福華,57,19,38,台新-建北,2024-06-17,8151
00946,群益科技高息成長,36,1,35,台新-建北,2024-06-17,8151
00720B,元大投資級公司債,31,0,31,台新-建北,2024-06-17,8151
6161,捷波,30,0,30,台新-建北,2024-06-17,8151
1808,潤隆,30,0,30,台新-建北,2024-06-17,8151
2314,台揚,29,0,29,台新-建北,2024-06-17,8151
2356,英業達,34,6,28,台新-建北,2024-06-17,8151
00882,中信中國高股息,27,0,27,台新-建北,2024-06-17,8151
1301,台塑,27,2,25,台新-建北,2024-06-17,8151
5202,力新,25,0,25,台新-建北,2024-06-17,8151
3013,晟銘電,75,50,25,台新-建北,2024-06-17,8151
5213,亞昕,25,0,25,台新-建北,2024-06-17,8151
1584,精剛,25,0,25,台新-建北,2024-06-17,8151
6770,力積電,47,22,25,台新-建北,2024-06-17,8151
2449,京元電子,47,23,24,台新-建北,2024-06-17,8151
3535,晶彩科,40,16,24,台新-建北,2024-06-17,8151
00947,台新臺灣IC設計,41,17,24,台新-建北,2024-06-17,8151
3230,錦明,27,3,24,台新-建北,2024-06-17,8151
3217,優群,28,4,24,台新-建北,2024-06-17,8151
6706,惠特,25,2,23,台新-建北,2024-06-17,8151
4566,時碩工業,38,16,22,台新-建北,2024-06-17,8151
2438,翔耀,26,4,22,台新-建北,2024-06-17,8151
1611,中電,29,8,21,台新-建北,2024-06-17,8151
1423,利華,20,0,20,台新-建北,2024-06-17,8151
3048,益登,43,23,20,台新-建北,2024-06-17,8151
1560,中砂,21,1,20,台新-建北,2024-06-17,8151
2882,國泰金,1000,23,977,台新-建北,2024-06-18,8151
6190,萬泰科,523,131,392,台新-建北,2024-06-18,8151
2429,銘旺科,213,2,211,台新-建北,2024-06-18,8151
9105,泰金寶-DR,184,29,155,台新-建北,2024-06-18,8151
3673,TPK-KY,108,3,105,台新-建北,2024-06-18,8151
00946,群益科技高息成長,102,1,101,台新-建北,2024-06-18,8151
00936,台新永續高息中小,125,27,98,台新-建北,2024-06-18,8151
1608,華榮,110,16,94,台新-建北,2024-06-18,8151
00918,大華優利高填息30,90,3,87,台新-建北,2024-06-18,8151
5512,力麒,61,0,61,台新-建北,2024-06-18,8151
2344,華邦電,237,185,52,台新-建北,2024-06-18,8151
9904,寶成,50,2,48,台新-建北,2024-06-18,8151
00937B,群益ESG投等債20,107,59,48,台新-建北,2024-06-18,8151
2009,第一銅,44,0,44,台新-建北,2024-06-18,8151
6125,廣運,42,3,39,台新-建北,2024-06-18,8151
2392,正崴,67,29,38,台新-建北,2024-06-18,8151
8096,擎亞,247,209,38,台新-建北,2024-06-18,8151
00632R,元大台灣50反1,80,42,38,台新-建北,2024-06-18,8151
00942B,台新美A公司債20+,37,0,37,台新-建北,2024-06-18,8151
00687B,國泰20年美債,51,14,37,台新-建北,2024-06-18,8151
6207,雷科,55,19,36,台新-建北,2024-06-18,8151
2615,萬海,105,69,36,台新-建北,2024-06-18,8151
3060,銘異,35,0,35,台新-建北,2024-06-18,8151
8088,品安,35,0,35,台新-建北,2024-06-18,8151
2520,冠德,35,2,33,台新-建北,2024-06-18,8151
8064,東捷,121,88,33,台新-建北,2024-06-18,8151
2610,華航,54,22,32,台新-建北,2024-06-18,8151
2887,台新金,37,6,31,台新-建北,2024-06-18,8151
8234,新漢,30,0,30,台新-建北,2024-06-18,8151
6161,捷波,57,27,30,台新-建北,2024-06-18,8151
6120,達運,40,11,29,台新-建北,2024-06-18,8151
2025,千興,29,0,29,台新-建北,2024-06-18,8151
5425,台半,30,2,28,台新-建北,2024-06-18,8151
1584,精剛,28,0,28,台新-建北,2024-06-18,8151
1802,台玻,136,110,26,台新-建北,2024-06-18,8151
1789,神隆,26,0,26,台新-建北,2024-06-18,8151
00915,凱基優選高股息30,28,4,24,台新-建北,2024-06-18,8151
3062,建漢,90,66,24,台新-建北,2024-06-18,8151
2402,毅嘉,27,4,23,台新-建北,2024-06-18,8151
2439,美律,22,0,22,台新-建北,2024-06-18,8151
1795,美時,29,7,22,台新-建北,2024-06-18,8151
3624,光頡,21,0,21,台新-建北,2024-06-18,8151
1815,富喬,56,35,21,台新-建北,2024-06-18,8151
2464,盟立,23,3,20,台新-建北,2024-06-18,8151
3706,神達,24,4,20,台新-建北,2024-06-18,8151
5452,佶優,33,13,20,台新-建北,2024-06-18,8151
00935,野村臺灣新科技50,20,0,20,台新-建北,2024-06-18,8151
2002,中鋼,21,1,20,台新-建北,2024-06-18,8151
2753,八方雲集,20,0,20,台新-建北,2024-06-18,8151
5607,遠雄港,22,3,19,台新-建北,2024-06-18,8151
2882,國泰金,1000,20,980,台新-建北,2024-06-19,8151
1785,光洋科,389,56,333,台新-建北,2024-06-19,8151
2888,新光金,179,17,162,台新-建北,2024-06-19,8151
1326,台化,173,13,160,台新-建北,2024-06-19,8151
00687B,國泰20年美債,143,2,141,台新-建北,2024-06-19,8151
00936,台新永續高息中小,160,19,141,台新-建北,2024-06-19,8151
2317,鴻海,252,122,130,台新-建北,2024-06-19,8151
2610,華航,456,337,119,台新-建北,2024-06-19,8151
00946,群益科技高息成長,115,7,108,台新-建北,2024-06-19,8151
00679B,元大美債20年,103,17,86,台新-建北,2024-06-19,8151
1503,士電,105,42,63,台新-建北,2024-06-19,8151
00795B,中信美國公債20年,62,0,62,台新-建北,2024-06-19,8151
00751B,元大AAA至A公司債,60,1,59,台新-建北,2024-06-19,8151
6706,惠特,90,37,53,台新-建北,2024-06-19,8151
9904,寶成,51,0,51,台新-建北,2024-06-19,8151
00680L,元大美債20正2,54,4,50,台新-建北,2024-06-19,8151
00712,復華富時不動產,56,6,50,台新-建北,2024-06-19,8151
1303,南亞,59,12,47,台新-建北,2024-06-19,8151
00713,元大台灣高息低波,48,1,47,台新-建北,2024-06-19,8151
8085,福華,50,7,43,台新-建北,2024-06-19,8151
3374,精材,59,16,43,台新-建北,2024-06-19,8151
3466,德晉,46,4,42,台新-建北,2024-06-19,8151
4956,光鋐,69,30,39,台新-建北,2024-06-19,8151
3450,聯鈞,158,120,38,台新-建北,2024-06-19,8151
00937B,群益ESG投等債20,80,43,37,台新-建北,2024-06-19,8151
00715L,期街口布蘭特正2,40,5,35,台新-建北,2024-06-19,8151
00664R,國泰臺灣加權反1,34,0,34,台新-建北,2024-06-19,8151
4164,承業醫,42,9,33,台新-建北,2024-06-19,8151
8924,大田,33,0,33,台新-建北,2024-06-19,8151
2455,全新,36,4,32,台新-建北,2024-06-19,8151
00918,大華優利高填息30,44,14,30,台新-建北,2024-06-19,8151
3551,世禾,30,2,28,台新-建北,2024-06-19,8151
1301,台塑,27,1,26,台新-建北,2024-06-19,8151
3287,廣寰科,37,11,26,台新-建北,2024-06-19,8151
00631L,元大台灣50正2,29,5,24,台新-建北,2024-06-19,8151
00935,野村臺灣新科技50,24,0,24,台新-建北,2024-06-19,8151
2501,國建,30,7,23,台新-建北,2024-06-19,8151
2301,光寶科,30,7,23,台新-建北,2024-06-19,8151
2457,飛宏,21,0,21,台新-建北,2024-06-19,8151
6156,松上,20,0,20,台新-建北,2024-06-19,8151
1789,神隆,20,0,20,台新-建北,2024-06-19,8151
8936,國統,45,26,19,台新-建北,2024-06-19,8151
2601,益航,21,3,18,台新-建北,2024-06-19,8151
1903,士紙,18,0,18,台新-建北,2024-06-19,8151
4160,訊聯基因,18,0,18,台新-建北,2024-06-19,8151
5236,凌陽創新,18,1,17,台新-建北,2024-06-19,8151
2066,世德,17,0,17,台新-建北,2024-06-19,8151
3059,華晶科,18,1,17,台新-建北,2024-06-19,8151
4968,立積,34,18,16,台新-建北,2024-06-19,8151
2401,凌陽,19,3,16,台新-建北,2024-06-19,8151
2882,國泰金,500,12,488,台新-建北,2024-06-20,8151
2542,興富發,212,2,210,台新-建北,2024-06-20,8151
00632R,元大台灣50反1,205,5,200,台新-建北,2024-06-20,8151
00936,台新永續高息中小,192,0,192,台新-建北,2024-06-20,8151
6706,惠特,156,7,149,台新-建北,2024-06-20,8151
2888,新光金,144,12,132,台新-建北,2024-06-20,8151
00947,台新臺灣IC設計,90,2,88,台新-建北,2024-06-20,8151
1785,光洋科,148,82,66,台新-建北,2024-06-20,8151
00687B,國泰20年美債,70,6,64,台新-建北,2024-06-20,8151
4123,晟德,78,18,60,台新-建北,2024-06-20,8151
2330,台積電,66,7,59,台新-建北,2024-06-20,8151
00929,復華台灣科技優息,64,7,57,台新-建北,2024-06-20,8151
00915,凱基優選高股息30,59,7,52,台新-建北,2024-06-20,8151
00751B,元大AAA至A公司債,49,1,48,台新-建北,2024-06-20,8151
00772B,中信高評級公司債,45,0,45,台新-建北,2024-06-20,8151
1532,勤美,43,0,43,台新-建北,2024-06-20,8151
00882,中信中國高股息,52,10,42,台新-建北,2024-06-20,8151
00664R,國泰臺灣加權反1,40,0,40,台新-建北,2024-06-20,8151
00919,群益台灣精選高息,100,61,39,台新-建北,2024-06-20,8151
00927,群益半導體收益,37,0,37,台新-建北,2024-06-20,8151
3042,晶技,32,1,31,台新-建北,2024-06-20,8151
3312,弘憶股,31,0,31,台新-建北,2024-06-20,8151
1409,新纖,30,0,30,台新-建北,2024-06-20,8151
00946,群益科技高息成長,33,4,29,台新-建北,2024-06-20,8151
2408,南亞科,88,60,28,台新-建北,2024-06-20,8151
3035,智原,67,40,27,台新-建北,2024-06-20,8151
2371,大同,105,78,27,台新-建北,2024-06-20,8151
5469,瀚宇博,25,0,25,台新-建北,2024-06-20,8151
6770,力積電,47,22,25,台新-建北,2024-06-20,8151
00676R,富邦臺灣加權反1,25,0,25,台新-建北,2024-06-20,8151
00720B,元大投資級公司債,25,0,25,台新-建北,2024-06-20,8151
2365,昆盈,141,116,25,台新-建北,2024-06-20,8151
2376,技嘉,34,10,24,台新-建北,2024-06-20,8151
6112,邁達特,25,1,24,台新-建北,2024-06-20,8151
4714,永捷,27,4,23,台新-建北,2024-06-20,8151
1513,中興電,53,32,21,台新-建北,2024-06-20,8151
3062,建漢,41,20,21,台新-建北,2024-06-20,8151
3483,力致,105,85,20,台新-建北,2024-06-20,8151
2353,宏��,66,46,20,台新-建北,2024-06-20,8151
6156,松上,20,0,20,台新-建北,2024-06-20,8151
6173,信昌電,22,2,20,台新-建北,2024-06-20,8151
2449,京元電子,64,44,20,台新-建北,2024-06-20,8151
2880,華南金,20,1,19,台新-建北,2024-06-20,8151
2887,台新金,17,0,17,台新-建北,2024-06-20,8151
3048,益登,47,30,17,台新-建北,2024-06-20,8151
2204,中華,19,2,17,台新-建北,2024-06-20,8151
5706,鳳凰,18,1,17,台新-建北,2024-06-20,8151
2338,光罩,27,11,16,台新-建北,2024-06-20,8151
4526,東台,199,183,16,台新-建北,2024-06-20,8151
9105,泰金寶-DR,59,43,16,台新-建北,2024-06-20,8151
00937B,群益ESG投等債20,1297,328,969,台新-建北,2024-06-21,8151
2882,國泰金,402,0,402,台新-建北,2024-06-21,8151
2317,鴻海,311,48,263,台新-建北,2024-06-21,8151
1785,光洋科,305,96,209,台新-建北,2024-06-21,8151
00919,群益台灣精選高息,342,148,194,台新-建北,2024-06-21,8151
2312,金寶,181,26,155,台新-建北,2024-06-21,8151
1423,利華,120,8,112,台新-建北,2024-06-21,8151
2609,陽明,319,210,109,台新-建北,2024-06-21,8151
00940,元大台灣價值高息,126,19,107,台新-建北,2024-06-21,8151
00936,台新永續高息中小,103,2,101,台新-建北,2024-06-21,8151
6530,創威,101,3,98,台新-建北,2024-06-21,8151
00946,群益科技高息成長,99,10,89,台新-建北,2024-06-21,8151
8085,福華,73,5,68,台新-建北,2024-06-21,8151
00633L,富邦上証正2,60,0,60,台新-建北,2024-06-21,8151
00679B,元大美債20年,65,5,60,台新-建北,2024-06-21,8151
2705,六福,62,7,55,台新-建北,2024-06-21,8151
2855,統一證,60,10,50,台新-建北,2024-06-21,8151
3163,波若威,72,23,49,台新-建北,2024-06-21,8151
9904,寶成,50,1,49,台新-建北,2024-06-21,8151
00713,元大台灣高息低波,49,2,47,台新-建北,2024-06-21,8151
00720B,元大投資級公司債,47,0,47,台新-建北,2024-06-21,8151
3615,安可,47,2,45,台新-建北,2024-06-21,8151
00878,國泰永續高股息,46,3,43,台新-建北,2024-06-21,8151
6197,佳必琪,65,24,41,台新-建北,2024-06-21,8151
00712,復華富時不動產,35,0,35,台新-建北,2024-06-21,8151
6598,ABC-KY,56,22,34,台新-建北,2024-06-21,8151
2542,興富發,37,4,33,台新-建北,2024-06-21,8151
6695,芯鼎,67,35,32,台新-建北,2024-06-21,8151
2615,萬海,380,348,32,台新-建北,2024-06-21,8151
6269,台郡,35,7,28,台新-建北,2024-06-21,8151
8039,台虹,196,168,28,台新-建北,2024-06-21,8151
00947,台新臺灣IC設計,51,24,27,台新-建北,2024-06-21,8151
1301,台塑,28,1,27,台新-建北,2024-06-21,8151
4956,光鋐,123,97,26,台新-建北,2024-06-21,8151
00725B,國泰投資級公司債,31,6,25,台新-建北,2024-06-21,8151
2330,台積電,37,13,24,台新-建北,2024-06-21,8151
2618,長榮航,75,53,22,台新-建北,2024-06-21,8151
6462,神盾,28,7,21,台新-建北,2024-06-21,8151
2464,盟立,33,12,21,台新-建北,2024-06-21,8151
00637L,元大滬深300正2,21,0,21,台新-建北,2024-06-21,8151
8341,日友,20,0,20,台新-建北,2024-06-21,8151
1909,榮成,20,0,20,台新-建北,2024-06-21,8151
00687B,國泰20年美債,53,33,20,台新-建北,2024-06-21,8151
2347,聯強,20,1,19,台新-建北,2024-06-21,8151
2382,廣達,101,83,18,台新-建北,2024-06-21,8151
2324,仁寶,18,0,18,台新-建北,2024-06-21,8151
2520,冠德,23,5,18,台新-建北,2024-06-21,8151
2402,毅嘉,21,3,18,台新-建北,2024-06-21,8151
00830,國泰費城半導體,18,1,17,台新-建北,2024-06-21,8151
8105,凌巨,32,15,17,台新-建北,2024-06-21,8151
00937B,群益ESG投等債20,1033,11,1022,台新-建北,2024-06-24,8151
2882,國泰金,400,17,383,台新-建北,2024-06-24,8151
3481,群創,686,358,328,台新-建北,2024-06-24,8151
00919,群益台灣精選高息,316,66,250,台新-建北,2024-06-24,8151
4526,東台,263,53,210,台新-建北,2024-06-24,8151
1785,光洋科,355,162,193,台新-建北,2024-06-24,8151
1326,台化,178,0,178,台新-建北,2024-06-24,8151
00929,復華台灣科技優息,192,38,154,台新-建北,2024-06-24,8151
6706,惠特,135,2,133,台新-建北,2024-06-24,8151
5608,四維航,129,0,129,台新-建北,2024-06-24,8151
4532,瑞智,115,7,108,台新-建北,2024-06-24,8151
00680L,元大美債20正2,105,7,98,台新-建北,2024-06-24,8151
2537,聯上發,114,19,95,台新-建北,2024-06-24,8151
8064,東捷,362,270,92,台新-建北,2024-06-24,8151
00936,台新永續高息中小,110,24,86,台新-建北,2024-06-24,8151
6550,北極星藥業-KY,80,1,79,台新-建北,2024-06-24,8151
2353,宏��,88,16,72,台新-建北,2024-06-24,8151
3580,友威科,87,19,68,台新-建北,2024-06-24,8151
8110,華東,112,54,58,台新-建北,2024-06-24,8151
2615,萬海,127,75,52,台新-建北,2024-06-24,8151
6216,居易,50,0,50,台新-建北,2024-06-24,8151
2606,裕民,50,0,50,台新-建北,2024-06-24,8151
2330,台積電,75,26,49,台新-建北,2024-06-24,8151
6189,豐藝,51,5,46,台新-建北,2024-06-24,8151
3483,力致,79,35,44,台新-建北,2024-06-24,8151
1722,台肥,44,0,44,台新-建北,2024-06-24,8151
2851,中再保,41,0,41,台新-建北,2024-06-24,8151
00947,台新臺灣IC設計,90,50,40,台新-建北,2024-06-24,8151
00679B,元大美債20年,40,6,34,台新-建北,2024-06-24,8151
8011,台通,55,22,33,台新-建北,2024-06-24,8151
2408,南亞科,81,49,32,台新-建北,2024-06-24,8151
6026,福邦證,30,0,30,台新-建北,2024-06-24,8151
1528,恩德,30,0,30,台新-建北,2024-06-24,8151
00648R,元大S＆P500反1,30,0,30,台新-建北,2024-06-24,8151
2382,廣達,63,33,30,台新-建北,2024-06-24,8151
5522,遠雄,34,5,29,台新-建北,2024-06-24,8151
5439,高技,39,10,29,台新-建北,2024-06-24,8151
1301,台塑,29,0,29,台新-建北,2024-06-24,8151
6177,達麗,28,0,28,台新-建北,2024-06-24,8151
3450,聯鈞,109,82,27,台新-建北,2024-06-24,8151
3260,威剛,26,0,26,台新-建北,2024-06-24,8151
1702,南僑,26,0,26,台新-建北,2024-06-24,8151
4714,永捷,29,3,26,台新-建北,2024-06-24,8151
1101,台泥,28,2,26,台新-建北,2024-06-24,8151
6469,大樹,25,0,25,台新-建北,2024-06-24,8151
00830,國泰費城半導體,24,0,24,台新-建北,2024-06-24,8151
8076,伍豐,54,30,24,台新-建北,2024-06-24,8151
2312,金寶,34,12,22,台新-建北,2024-06-24,8151
6462,神盾,23,1,22,台新-建北,2024-06-24,8151
6116,彩晶,21,0,21,台新-建北,2024-06-24,8151
00632R,元大台灣50反1,511,26,485,台新-建北,2024-06-25,8151
2882,國泰金,411,11,400,台新-建北,2024-06-25,8151
3481,群創,523,151,372,台新-建北,2024-06-25,8151
4526,東台,479,166,313,台新-建北,2024-06-25,8151
2317,鴻海,276,76,200,台新-建北,2024-06-25,8151
00936,台新永續高息中小,109,0,109,台新-建北,2024-06-25,8151
2312,金寶,107,6,101,台新-建北,2024-06-25,8151
00929,復華台灣科技優息,116,40,76,台新-建北,2024-06-25,8151
2324,仁寶,61,0,61,台新-建北,2024-06-25,8151
00679B,元大美債20年,71,11,60,台新-建北,2024-06-25,8151
00648R,元大S＆P500反1,80,20,60,台新-建北,2024-06-25,8151
2393,億光,60,0,60,台新-建北,2024-06-25,8151
6015,宏遠證,61,2,59,台新-建北,2024-06-25,8151
2610,華航,71,14,57,台新-建北,2024-06-25,8151
6806,森崴能源,104,53,51,台新-建北,2024-06-25,8151
3702,大聯大,50,0,50,台新-建北,2024-06-25,8151
1722,台肥,50,0,50,台新-建北,2024-06-25,8151
5213,亞昕,63,15,48,台新-建北,2024-06-25,8151
2409,友達,45,1,44,台新-建北,2024-06-25,8151
00919,群益台灣精選高息,171,127,44,台新-建北,2024-06-25,8151
2867,三商壽,40,0,40,台新-建北,2024-06-25,8151
4909,新復興,55,15,40,台新-建北,2024-06-25,8151
00940,元大台灣價值高息,72,32,40,台新-建北,2024-06-25,8151
8085,福華,55,16,39,台新-建北,2024-06-25,8151
3665,貿聯-KY,41,2,39,台新-建北,2024-06-25,8151
1474,弘裕,44,8,36,台新-建北,2024-06-25,8151
00946,群益科技高息成長,36,0,36,台新-建北,2024-06-25,8151
6449,鈺邦,36,4,32,台新-建北,2024-06-25,8151
2516,新建,32,0,32,台新-建北,2024-06-25,8151
6111,大宇資,38,6,32,台新-建北,2024-06-25,8151
1301,台塑,32,1,31,台新-建北,2024-06-25,8151
2542,興富發,36,5,31,台新-建北,2024-06-25,8151
6457,紘康,56,25,31,台新-建北,2024-06-25,8151
3056,富華新,30,0,30,台新-建北,2024-06-25,8151
2855,統一證,29,0,29,台新-建北,2024-06-25,8151
3624,光頡,28,0,28,台新-建北,2024-06-25,8151
5452,佶優,68,40,28,台新-建北,2024-06-25,8151
2382,廣達,42,16,26,台新-建北,2024-06-25,8151
2603,長榮,30,5,25,台新-建北,2024-06-25,8151
6706,惠特,29,4,25,台新-建北,2024-06-25,8151
3231,緯創,34,10,24,台新-建北,2024-06-25,8151
6957,裕慶-KY,24,0,24,台新-建北,2024-06-25,8151
4114,健喬,24,0,24,台新-建北,2024-06-25,8151
4532,瑞智,126,102,24,台新-建北,2024-06-25,8151
6165,浪凡,23,0,23,台新-建北,2024-06-25,8151
6869,雲豹能源,80,58,22,台新-建北,2024-06-25,8151
2465,麗臺,22,2,20,台新-建北,2024-06-25,8151
8011,台通,36,16,20,台新-建北,2024-06-25,8151
2851,中再保,20,0,20,台新-建北,2024-06-25,8151
00947,台新臺灣IC設計,29,10,19,台新-建北,2024-06-25,8151
2002,中鋼,170,3,167,台新-建北,2024-06-26,8151
00937B,群益ESG投等債20,185,26,159,台新-建北,2024-06-26,8151
00929,復華台灣科技優息,148,26,122,台新-建北,2024-06-26,8151
00936,台新永續高息中小,146,36,110,台新-建北,2024-06-26,8151
2392,正崴,149,40,109,台新-建北,2024-06-26,8151
1326,台化,106,0,106,台新-建北,2024-06-26,8151
3017,奇鋐,127,27,100,台新-建北,2024-06-26,8151
1795,美時,137,38,99,台新-建北,2024-06-26,8151
1325,恆大,189,90,99,台新-建北,2024-06-26,8151
2888,新光金,97,5,92,台新-建北,2024-06-26,8151
4526,東台,157,67,90,台新-建北,2024-06-26,8151
2312,金寶,98,26,72,台新-建北,2024-06-26,8151
2887,台新金,72,4,68,台新-建北,2024-06-26,8151
2543,皇昌,64,6,58,台新-建北,2024-06-26,8151
1301,台塑,58,7,51,台新-建北,2024-06-26,8151
6869,雲豹能源,55,11,44,台新-建北,2024-06-26,8151
5468,凱鈺,44,1,43,台新-建北,2024-06-26,8151
3035,智原,71,29,42,台新-建北,2024-06-26,8151
3149,正達,46,8,38,台新-建北,2024-06-26,8151
2834,臺企銀,32,0,32,台新-建北,2024-06-26,8151
00878,國泰永續高股息,54,23,31,台新-建北,2024-06-26,8151
3376,新日興,49,18,31,台新-建北,2024-06-26,8151
2607,榮運,30,0,30,台新-建北,2024-06-26,8151
8085,福華,82,52,30,台新-建北,2024-06-26,8151
8054,安國,38,9,29,台新-建北,2024-06-26,8151
2353,宏��,32,4,28,台新-建北,2024-06-26,8151
0056,元大高股息,250,223,27,台新-建北,2024-06-26,8151
9945,潤泰新,25,0,25,台新-建北,2024-06-26,8151
00915,凱基優選高股息30,32,7,25,台新-建北,2024-06-26,8151
6164,華興,25,0,25,台新-建北,2024-06-26,8151
2867,三商壽,24,0,24,台新-建北,2024-06-26,8151
3665,貿聯-KY,89,65,24,台新-建北,2024-06-26,8151
2352,佳世達,25,2,23,台新-建北,2024-06-26,8151
2850,新產,26,3,23,台新-建北,2024-06-26,8151
2368,金像電,23,1,22,台新-建北,2024-06-26,8151
2449,京元電子,80,59,21,台新-建北,2024-06-26,8151
00946,群益科技高息成長,21,0,21,台新-建北,2024-06-26,8151
2061,風青,21,0,21,台新-建北,2024-06-26,8151
3048,益登,88,67,21,台新-建北,2024-06-26,8151
3483,力致,27,7,20,台新-建北,2024-06-26,8151
2201,裕隆,20,0,20,台新-建北,2024-06-26,8151
2101,南港,20,0,20,台新-建北,2024-06-26,8151
00948B,中信優息投資級債,20,0,20,台新-建北,2024-06-26,8151
00850,元大臺灣ESG永續,19,0,19,台新-建北,2024-06-26,8151
8011,台通,28,10,18,台新-建北,2024-06-26,8151
6578,達邦蛋白,19,1,18,台新-建北,2024-06-26,8151
1503,士電,51,34,17,台新-建北,2024-06-26,8151
2408,南亞科,38,21,17,台新-建北,2024-06-26,8151
00919,群益台灣精選高息,90,73,17,台新-建北,2024-06-26,8151
3207,耀勝,18,1,17,台新-建北,2024-06-26,8151
2317,鴻海,422,41,381,台新-建北,2024-06-27,8151
2882,國泰金,363,3,360,台新-建北,2024-06-27,8151
3580,友威科,159,6,153,台新-建北,2024-06-27,8151
1809,中釉,363,230,133,台新-建北,2024-06-27,8151
3450,聯鈞,204,82,122,台新-建北,2024-06-27,8151
00929,復華台灣科技優息,120,4,116,台新-建北,2024-06-27,8151
3617,碩天,111,1,110,台新-建北,2024-06-27,8151
3481,群創,246,138,108,台新-建北,2024-06-27,8151
00948B,中信優息投資級債,107,0,107,台新-建北,2024-06-27,8151
00936,台新永續高息中小,110,6,104,台新-建北,2024-06-27,8151
00919,群益台灣精選高息,97,20,77,台新-建北,2024-06-27,8151
00937B,群益ESG投等債20,95,19,76,台新-建北,2024-06-27,8151
2888,新光金,79,5,74,台新-建北,2024-06-27,8151
8011,台通,96,22,74,台新-建北,2024-06-27,8151
00679B,元大美債20年,72,2,70,台新-建北,2024-06-27,8151
00947,台新臺灣IC設計,66,0,66,台新-建北,2024-06-27,8151
00687B,國泰20年美債,70,5,65,台新-建北,2024-06-27,8151
2002,中鋼,60,2,58,台新-建北,2024-06-27,8151
2542,興富發,74,16,58,台新-建北,2024-06-27,8151
3615,安可,59,2,57,台新-建北,2024-06-27,8151
00720B,元大投資級公司債,56,0,56,台新-建北,2024-06-27,8151
2328,廣宇,63,11,52,台新-建北,2024-06-27,8151
00713,元大台灣高息低波,51,0,51,台新-建北,2024-06-27,8151
8064,東捷,110,59,51,台新-建北,2024-06-27,8151
2607,榮運,50,0,50,台新-建北,2024-06-27,8151
00933B,國泰10Y+金融債,55,6,49,台新-建北,2024-06-27,8151
2464,盟立,49,1,48,台新-建北,2024-06-27,8151
00882,中信中國高股息,47,0,47,台新-建北,2024-06-27,8151
8076,伍豐,136,92,44,台新-建北,2024-06-27,8151
00927,群益半導體收益,44,0,44,台新-建北,2024-06-27,8151
2603,長榮,85,42,43,台新-建北,2024-06-27,8151
4968,立積,49,10,39,台新-建北,2024-06-27,8151
2442,新美齊,35,0,35,台新-建北,2024-06-27,8151
3297,杭特,61,28,33,台新-建北,2024-06-27,8151
2489,瑞軒,41,10,31,台新-建北,2024-06-27,8151
00680L,元大美債20正2,29,0,29,台新-建北,2024-06-27,8151
3047,訊舟,312,283,29,台新-建北,2024-06-27,8151
00878,國泰永續高股息,32,4,28,台新-建北,2024-06-27,8151
3163,波若威,58,31,27,台新-建北,2024-06-27,8151
6548,長科*,28,2,26,台新-建北,2024-06-27,8151
3663,鑫科,76,52,24,台新-建北,2024-06-27,8151
2363,矽統,23,0,23,台新-建北,2024-06-27,8151
3081,聯亞,35,13,22,台新-建北,2024-06-27,8151
6244,茂迪,76,54,22,台新-建北,2024-06-27,8151
8354,冠好,22,0,22,台新-建北,2024-06-27,8151
1815,富喬,28,7,21,台新-建北,2024-06-27,8151
00665L,富邦�琤肭磪囓�2,72,51,21,台新-建北,2024-06-27,8151
2883,凱基金,20,0,20,台新-建北,2024-06-27,8151
1785,光洋科,129,109,20,台新-建北,2024-06-27,8151
00915,凱基優選高股息30,24,4,20,台新-建北,2024-06-27,8151
00942B,台新美A公司債20+,520,0,520,台新-建北,2024-06-28,8151
3017,奇鋐,235,41,194,台新-建北,2024-06-28,8151
4562,穎漢,151,6,145,台新-建北,2024-06-28,8151
2609,陽明,151,30,121,台新-建北,2024-06-28,8151
2303,聯電,112,6,106,台新-建北,2024-06-28,8151
6869,雲豹能源,82,4,78,台新-建北,2024-06-28,8151
00948B,中信優息投資級債,76,0,76,台新-建北,2024-06-28,8151
2353,宏��,111,41,70,台新-建北,2024-06-28,8151
00937B,群益ESG投等債20,67,4,63,台新-建北,2024-06-28,8151
00687B,國泰20年美債,78,20,58,台新-建北,2024-06-28,8151
00936,台新永續高息中小,58,0,58,台新-建北,2024-06-28,8151
3005,神基,57,3,54,台新-建北,2024-06-28,8151
6290,良維,59,8,51,台新-建北,2024-06-28,8151
00712,復華富時不動產,50,0,50,台新-建北,2024-06-28,8151
00676R,富邦臺灣加權反1,50,0,50,台新-建北,2024-06-28,8151
00679B,元大美債20年,50,5,45,台新-建北,2024-06-28,8151
00929,復華台灣科技優息,44,1,43,台新-建北,2024-06-28,8151
2363,矽統,43,0,43,台新-建北,2024-06-28,8151
2504,國產,44,1,43,台新-建北,2024-06-28,8151
8027,鈦昇,51,9,42,台新-建北,2024-06-28,8151
3576,聯合再生,124,82,42,台新-建北,2024-06-28,8151
2464,盟立,158,121,37,台新-建北,2024-06-28,8151
4123,晟德,38,4,34,台新-建北,2024-06-28,8151
6125,廣運,41,7,34,台新-建北,2024-06-28,8151
00632R,元大台灣50反1,85,52,33,台新-建北,2024-06-28,8151
2406,國碩,75,43,32,台新-建北,2024-06-28,8151
2337,旺宏,33,2,31,台新-建北,2024-06-28,8151
8071,能率網通,31,0,31,台新-建北,2024-06-28,8151
2006,東和鋼鐵,31,1,30,台新-建北,2024-06-28,8151
6469,大樹,30,0,30,台新-建北,2024-06-28,8151
5243,乙盛-KY,107,78,29,台新-建北,2024-06-28,8151
00919,群益台灣精選高息,41,12,29,台新-建北,2024-06-28,8151
9958,世紀鋼,51,24,27,台新-建北,2024-06-28,8151
2834,臺企銀,28,2,26,台新-建北,2024-06-28,8151
9105,泰金寶-DR,35,11,24,台新-建北,2024-06-28,8151
6173,信昌電,35,11,24,台新-建北,2024-06-28,8151
00946,群益科技高息成長,24,0,24,台新-建北,2024-06-28,8151
6215,和椿,26,2,24,台新-建北,2024-06-28,8151
2885,元大金,28,6,22,台新-建北,2024-06-28,8151
8076,伍豐,45,23,22,台新-建北,2024-06-28,8151
00915,凱基優選高股息30,21,0,21,台新-建北,2024-06-28,8151
3490,單井,33,13,20,台新-建北,2024-06-28,8151
1785,光洋科,84,64,20,台新-建北,2024-06-28,8151
6548,長科*,20,1,19,台新-建北,2024-06-28,8151
3583,辛耘,18,0,18,台新-建北,2024-06-28,8151
2850,新產,19,1,18,台新-建北,2024-06-28,8151
2883,凱基金,27,9,18,台新-建北,2024-06-28,8151
2542,興富發,25,8,17,台新-建北,2024-06-28,8151
6197,佳必琪,28,11,17,台新-建北,2024-06-28,8151
2489,瑞軒,21,4,17,台新-建北,2024-06-28,8151
2882,國泰金,1512,11,1501,台新-建北,2024-07-01,8151
00942B,台新美A公司債20+,363,0,363,台新-建北,2024-07-01,8151
00937B,群益ESG投等債20,374,11,363,台新-建北,2024-07-01,8151
00688L,國泰20年美債正2,222,0,222,台新-建北,2024-07-01,8151
00687B,國泰20年美債,222,20,202,台新-建北,2024-07-01,8151
2888,新光金,296,100,196,台新-建北,2024-07-01,8151
3481,群創,187,14,173,台新-建北,2024-07-01,8151
00933B,國泰10Y+金融債,161,1,160,台新-建北,2024-07-01,8151
2349,錸德,108,4,104,台新-建北,2024-07-01,8151
5443,均豪,116,17,99,台新-建北,2024-07-01,8151
00929,復華台灣科技優息,123,32,91,台新-建北,2024-07-01,8151
6869,雲豹能源,94,4,90,台新-建北,2024-07-01,8151
00948B,中信優息投資級債,87,0,87,台新-建北,2024-07-01,8151
00679B,元大美債20年,138,60,78,台新-建北,2024-07-01,8151
2542,興富發,74,5,69,台新-建北,2024-07-01,8151
2820,華票,64,2,62,台新-建北,2024-07-01,8151
00680L,元大美債20正2,81,21,60,台新-建北,2024-07-01,8151
2867,三商壽,56,3,53,台新-建北,2024-07-01,8151
1795,美時,71,19,52,台新-建北,2024-07-01,8151
6446,藥華藥,57,5,52,台新-建北,2024-07-01,8151
00795B,中信美國公債20年,48,0,48,台新-建北,2024-07-01,8151
0056,元大高股息,64,17,47,台新-建北,2024-07-01,8151
00936,台新永續高息中小,64,20,44,台新-建北,2024-07-01,8151
3450,聯鈞,123,80,43,台新-建北,2024-07-01,8151
9946,三發地產,40,0,40,台新-建北,2024-07-01,8151
00751B,元大AAA至A公司債,35,0,35,台新-建北,2024-07-01,8151
00919,群益台灣精選高息,65,30,35,台新-建北,2024-07-01,8151
2337,旺宏,35,1,34,台新-建北,2024-07-01,8151
8105,凌巨,34,0,34,台新-建北,2024-07-01,8151
2537,聯上發,42,8,34,台新-建北,2024-07-01,8151
6505,台塑化,35,1,34,台新-建北,2024-07-01,8151
2417,圓剛,61,28,33,台新-建北,2024-07-01,8151
00720B,元大投資級公司債,35,3,32,台新-建北,2024-07-01,8151
2609,陽明,80,48,32,台新-建北,2024-07-01,8151
1303,南亞,33,2,31,台新-建北,2024-07-01,8151
6753,龍德造船,98,68,30,台新-建北,2024-07-01,8151
4167,松瑞藥,34,4,30,台新-建北,2024-07-01,8151
6165,浪凡,30,0,30,台新-建北,2024-07-01,8151
3105,穩懋,49,20,29,台新-建北,2024-07-01,8151
3055,蔚華科,28,1,27,台新-建北,2024-07-01,8151
5474,聰泰,28,2,26,台新-建北,2024-07-01,8151
6873,泓德能源,26,0,26,台新-建北,2024-07-01,8151
00632R,元大台灣50反1,25,0,25,台新-建北,2024-07-01,8151
4123,晟德,35,10,25,台新-建北,2024-07-01,8151
2365,昆盈,222,199,23,台新-建北,2024-07-01,8151
00772B,中信高評級公司債,23,1,22,台新-建北,2024-07-01,8151
8176,智捷,21,0,21,台新-建北,2024-07-01,8151
6005,群益證,21,0,21,台新-建北,2024-07-01,8151
6442,光聖,23,2,21,台新-建北,2024-07-01,8151
6706,惠特,26,5,21,台新-建北,2024-07-01,8151
2882,國泰金,748,6,742,台新-建北,2024-07-02,8151
00934,中信成長高股息,460,15,445,台新-建北,2024-07-02,8151
2317,鴻海,434,51,383,台新-建北,2024-07-02,8151
2303,聯電,296,26,270,台新-建北,2024-07-02,8151
00687B,國泰20年美債,179,1,178,台新-建北,2024-07-02,8151
00679B,元大美債20年,168,8,160,台新-建北,2024-07-02,8151
00712,復華富時不動產,139,1,138,台新-建北,2024-07-02,8151
2605,新興,128,14,114,台新-建北,2024-07-02,8151
0056,元大高股息,104,1,103,台新-建北,2024-07-02,8151
00937B,群益ESG投等債20,102,0,102,台新-建北,2024-07-02,8151
00929,復華台灣科技優息,175,74,101,台新-建北,2024-07-02,8151
1418,東華,100,0,100,台新-建北,2024-07-02,8151
3035,智原,139,42,97,台新-建北,2024-07-02,8151
8064,東捷,192,97,95,台新-建北,2024-07-02,8151
00942B,台新美A公司債20+,78,0,78,台新-建北,2024-07-02,8151
2023,燁輝,70,0,70,台新-建北,2024-07-02,8151
1718,中纖,66,0,66,台新-建北,2024-07-02,8151
2359,所羅門,91,28,63,台新-建北,2024-07-02,8151
2618,長榮航,151,92,59,台新-建北,2024-07-02,8151
9105,泰金寶-DR,159,106,53,台新-建北,2024-07-02,8151
5608,四維航,55,2,53,台新-建北,2024-07-02,8151
00680L,元大美債20正2,82,30,52,台新-建北,2024-07-02,8151
00919,群益台灣精選高息,73,24,49,台新-建北,2024-07-02,8151
6216,居易,55,7,48,台新-建北,2024-07-02,8151
2002,中鋼,64,17,47,台新-建北,2024-07-02,8151
00648R,元大S＆P500反1,40,0,40,台新-建北,2024-07-02,8151
9904,寶成,50,10,40,台新-建北,2024-07-02,8151
3535,晶彩科,189,150,39,台新-建北,2024-07-02,8151
2543,皇昌,47,8,39,台新-建北,2024-07-02,8151
3260,威剛,80,43,37,台新-建北,2024-07-02,8151
6163,華電網,43,9,34,台新-建北,2024-07-02,8151
3702,大聯大,33,0,33,台新-建北,2024-07-02,8151
2464,盟立,145,112,33,台新-建北,2024-07-02,8151
00651R,復華香港反1,32,0,32,台新-建北,2024-07-02,8151
2467,志聖,72,40,32,台新-建北,2024-07-02,8151
6244,茂迪,91,60,31,台新-建北,2024-07-02,8151
00720B,元大投資級公司債,34,3,31,台新-建北,2024-07-02,8151
00936,台新永續高息中小,111,81,30,台新-建北,2024-07-02,8151
2365,昆盈,101,72,29,台新-建北,2024-07-02,8151
2102,泰豐,71,43,28,台新-建北,2024-07-02,8151
00915,凱基優選高股息30,28,0,28,台新-建北,2024-07-02,8151
6213,聯茂,73,46,27,台新-建北,2024-07-02,8151
4720,德淵,26,1,25,台新-建北,2024-07-02,8151
00688L,國泰20年美債正2,25,0,25,台新-建北,2024-07-02,8151
1528,恩德,25,0,25,台新-建北,2024-07-02,8151
4306,炎洲,23,0,23,台新-建北,2024-07-02,8151
6278,台表科,47,24,23,台新-建北,2024-07-02,8151
3006,晶豪科,31,8,23,台新-建北,2024-07-02,8151
3711,日月光投控,22,1,21,台新-建北,2024-07-02,8151
1459,聯發,20,0,20,台新-建北,2024-07-02,8151
00632R,元大台灣50反1,446,20,426,台新-建北,2024-07-03,8151
2882,國泰金,506,222,284,台新-建北,2024-07-03,8151
2317,鴻海,279,42,237,台新-建北,2024-07-03,8151
5452,佶優,167,3,164,台新-建北,2024-07-03,8151
2402,毅嘉,238,74,164,台新-建北,2024-07-03,8151
00937B,群益ESG投等債20,160,6,154,台新-建北,2024-07-03,8151
00687B,國泰20年美債,164,12,152,台新-建北,2024-07-03,8151
00934,中信成長高股息,136,0,136,台新-建北,2024-07-03,8151
2481,強茂,147,12,135,台新-建北,2024-07-03,8151
00679B,元大美債20年,122,1,121,台新-建北,2024-07-03,8151
5443,均豪,202,97,105,台新-建北,2024-07-03,8151
00637L,元大滬深300正2,80,0,80,台新-建北,2024-07-03,8151
4105,東洋,77,0,77,台新-建北,2024-07-03,8151
5498,凱崴,69,0,69,台新-建北,2024-07-03,8151
1540,喬福,60,0,60,台新-建北,2024-07-03,8151
2615,萬海,166,107,59,台新-建北,2024-07-03,8151
6244,茂迪,186,128,58,台新-建北,2024-07-03,8151
2467,志聖,79,24,55,台新-建北,2024-07-03,8151
6477,安集,83,33,50,台新-建北,2024-07-03,8151
5880,合庫金,50,1,49,台新-建北,2024-07-03,8151
2359,所羅門,137,92,45,台新-建北,2024-07-03,8151
1314,中石化,76,32,44,台新-建北,2024-07-03,8151
3081,聯亞,46,6,40,台新-建北,2024-07-03,8151
1799,易威,35,1,34,台新-建北,2024-07-03,8151
4958,臻鼎-KY,35,2,33,台新-建北,2024-07-03,8151
00915,凱基優選高股息30,33,1,32,台新-建北,2024-07-03,8151
3047,訊舟,341,311,30,台新-建北,2024-07-03,8151
3227,原相,35,5,30,台新-建北,2024-07-03,8151
8114,振樺電,31,1,30,台新-建北,2024-07-03,8151
3062,建漢,37,8,29,台新-建北,2024-07-03,8151
2603,長榮,102,73,29,台新-建北,2024-07-03,8151
9105,泰金寶-DR,58,32,26,台新-建北,2024-07-03,8151
2641,正德,26,0,26,台新-建北,2024-07-03,8151
3006,晶豪科,34,9,25,台新-建北,2024-07-03,8151
1451,年興,25,0,25,台新-建北,2024-07-03,8151
8076,伍豐,41,16,25,台新-建北,2024-07-03,8151
00942B,台新美A公司債20+,53,29,24,台新-建北,2024-07-03,8151
00713,元大台灣高息低波,25,1,24,台新-建北,2024-07-03,8151
8103,瀚荃,30,7,23,台新-建北,2024-07-03,8151
2303,聯電,47,25,22,台新-建北,2024-07-03,8151
00946,群益科技高息成長,25,3,22,台新-建北,2024-07-03,8151
1785,光洋科,105,84,21,台新-建北,2024-07-03,8151
00688L,國泰20年美債正2,21,0,21,台新-建北,2024-07-03,8151
6278,台表科,35,14,21,台新-建北,2024-07-03,8151
4949,有成精密,21,0,21,台新-建北,2024-07-03,8151
00631L,元大台灣50正2,43,22,21,台新-建北,2024-07-03,8151
00949,復華日本龍頭,20,0,20,台新-建北,2024-07-03,8151
2867,三商壽,42,22,20,台新-建北,2024-07-03,8151
6667,信紘科,32,12,20,台新-建北,2024-07-03,8151
6869,雲豹能源,23,3,20,台新-建北,2024-07-03,8151
2882,國泰金,1102,26,1076,台新-建北,2024-07-04,8151
3498,陽程,205,6,199,台新-建北,2024-07-04,8151
00936,台新永續高息中小,138,1,137,台新-建北,2024-07-04,8151
2317,鴻海,204,79,125,台新-建北,2024-07-04,8151
00919,群益台灣精選高息,119,13,106,台新-建北,2024-07-04,8151
9105,泰金寶-DR,207,103,104,台新-建北,2024-07-04,8151
00878,國泰永續高股息,120,21,99,台新-建北,2024-07-04,8151
2618,長榮航,163,73,90,台新-建北,2024-07-04,8151
6698,旭暉應材,131,42,89,台新-建北,2024-07-04,8151
2481,強茂,87,8,79,台新-建北,2024-07-04,8151
2323,中環,81,9,72,台新-建北,2024-07-04,8151
2501,國建,82,14,68,台新-建北,2024-07-04,8151
3049,精金,123,61,62,台新-建北,2024-07-04,8151
00679B,元大美債20年,58,0,58,台新-建北,2024-07-04,8151
00680L,元大美債20正2,60,2,58,台新-建北,2024-07-04,8151
00687B,國泰20年美債,65,8,57,台新-建北,2024-07-04,8151
5608,四維航,54,0,54,台新-建北,2024-07-04,8151
2412,中華電,52,0,52,台新-建北,2024-07-04,8151
3664,安瑞-KY,51,0,51,台新-建北,2024-07-04,8151
2324,仁寶,51,1,50,台新-建北,2024-07-04,8151
1540,喬福,50,1,49,台新-建北,2024-07-04,8151
2359,所羅門,146,97,49,台新-建北,2024-07-04,8151
00688L,國泰20年美債正2,58,11,47,台新-建北,2024-07-04,8151
2464,盟立,118,72,46,台新-建北,2024-07-04,8151
00637L,元大滬深300正2,50,5,45,台新-建北,2024-07-04,8151
4114,健喬,44,1,43,台新-建北,2024-07-04,8151
2349,錸德,46,5,41,台新-建北,2024-07-04,8151
1785,光洋科,215,174,41,台新-建北,2024-07-04,8151
1806,冠軍,40,0,40,台新-建北,2024-07-04,8151
3062,建漢,52,13,39,台新-建北,2024-07-04,8151
3149,正達,40,3,37,台新-建北,2024-07-04,8151
00937B,群益ESG投等債20,68,31,37,台新-建北,2024-07-04,8151
3306,鼎天,35,0,35,台新-建北,2024-07-04,8151
00934,中信成長高股息,37,2,35,台新-建北,2024-07-04,8151
5498,凱崴,34,0,34,台新-建北,2024-07-04,8151
2409,友達,43,9,34,台新-建北,2024-07-04,8151
8390,金益鼎,36,3,33,台新-建北,2024-07-04,8151
2102,泰豐,110,77,33,台新-建北,2024-07-04,8151
4588,玖鼎電力,41,8,33,台新-建北,2024-07-04,8151
4584,君帆,32,0,32,台新-建北,2024-07-04,8151
1303,南亞,41,11,30,台新-建北,2024-07-04,8151
3374,精材,82,52,30,台新-建北,2024-07-04,8151
2834,臺企銀,29,0,29,台新-建北,2024-07-04,8151
5474,聰泰,35,6,29,台新-建北,2024-07-04,8151
2455,全新,55,27,28,台新-建北,2024-07-04,8151
2867,三商壽,34,7,27,台新-建北,2024-07-04,8151
3689,湧德,57,30,27,台新-建北,2024-07-04,8151
4167,松瑞藥,25,0,25,台新-建北,2024-07-04,8151
3005,神基,38,13,25,台新-建北,2024-07-04,8151
1612,宏泰,29,6,23,台新-建北,2024-07-04,8151
2365,昆盈,636,302,334,台新-建北,2024-07-05,8151
3450,聯鈞,258,41,217,台新-建北,2024-07-05,8151
2882,國泰金,200,14,186,台新-建北,2024-07-05,8151
5484,慧友,143,5,138,台新-建北,2024-07-05,8151
00637L,元大滬深300正2,134,9,125,台新-建北,2024-07-05,8151
00632R,元大台灣50反1,105,0,105,台新-建北,2024-07-05,8151
2888,新光金,141,36,105,台新-建北,2024-07-05,8151
4562,穎漢,421,330,91,台新-建北,2024-07-05,8151
2543,皇昌,185,112,73,台新-建北,2024-07-05,8151
00934,中信成長高股息,71,0,71,台新-建北,2024-07-05,8151
9105,泰金寶-DR,87,18,69,台新-建北,2024-07-05,8151
2374,佳能,86,25,61,台新-建北,2024-07-05,8151
6215,和椿,137,80,57,台新-建北,2024-07-05,8151
2323,中環,61,9,52,台新-建北,2024-07-05,8151
2464,盟立,235,184,51,台新-建北,2024-07-05,8151
00670L,富邦NASDAQ正2,50,0,50,台新-建北,2024-07-05,8151
2618,長榮航,149,100,49,台新-建北,2024-07-05,8151
00687B,國泰20年美債,55,6,49,台新-建北,2024-07-05,8151
2355,敬鵬,50,4,46,台新-建北,2024-07-05,8151
00751B,元大AAA至A公司債,43,0,43,台新-建北,2024-07-05,8151
3479,安勤,40,0,40,台新-建北,2024-07-05,8151
00633L,富邦上証正2,40,0,40,台新-建北,2024-07-05,8151
00919,群益台灣精選高息,37,0,37,台新-建北,2024-07-05,8151
6698,旭暉應材,41,4,37,台新-建北,2024-07-05,8151
2501,國建,37,1,36,台新-建北,2024-07-05,8151
4958,臻鼎-KY,43,11,32,台新-建北,2024-07-05,8151
00650L,復華香港正2,32,0,32,台新-建北,2024-07-05,8151
00933B,國泰10Y+金融債,31,0,31,台新-建北,2024-07-05,8151
2897,王道銀行,31,0,31,台新-建北,2024-07-05,8151
00713,元大台灣高息低波,29,1,28,台新-建北,2024-07-05,8151
3055,蔚華科,43,15,28,台新-建北,2024-07-05,8151
3290,東浦,28,0,28,台新-建北,2024-07-05,8151
00940,元大台灣價值高息,33,6,27,台新-建北,2024-07-05,8151
6213,聯茂,41,14,27,台新-建北,2024-07-05,8151
3048,益登,96,69,27,台新-建北,2024-07-05,8151
1806,冠軍,36,10,26,台新-建北,2024-07-05,8151
2515,中工,28,3,25,台新-建北,2024-07-05,8151
5251,天鉞電,27,2,25,台新-建北,2024-07-05,8151
1785,光洋科,223,199,24,台新-建北,2024-07-05,8151
00878,國泰永續高股息,39,15,24,台新-建北,2024-07-05,8151
2887,台新金,24,0,24,台新-建北,2024-07-05,8151
00949,復華日本龍頭,23,0,23,台新-建北,2024-07-05,8151
1319,東陽,23,0,23,台新-建北,2024-07-05,8151
2301,光寶科,30,7,23,台新-建北,2024-07-05,8151
5706,鳳凰,29,7,22,台新-建北,2024-07-05,8151
6667,信紘科,34,12,22,台新-建北,2024-07-05,8151
00915,凱基優選高股息30,21,0,21,台新-建北,2024-07-05,8151
2486,一詮,109,88,21,台新-建北,2024-07-05,8151
4906,正文,28,7,21,台新-建北,2024-07-05,8151
2349,錸德,29,8,21,台新-建北,2024-07-05,8151
00632R,元大台灣50反1,1093,66,1027,台新-建北,2024-07-08,8151
2882,國泰金,504,21,483,台新-建北,2024-07-08,8151
2392,正崴,411,122,289,台新-建北,2024-07-08,8151
3481,群創,300,23,277,台新-建北,2024-07-08,8151
5443,均豪,355,103,252,台新-建北,2024-07-08,8151
00939,統一台灣高息動能,224,9,215,台新-建北,2024-07-08,8151
2405,輔信,207,2,205,台新-建北,2024-07-08,8151
1473,台南,175,0,175,台新-建北,2024-07-08,8151
00679B,元大美債20年,186,21,165,台新-建北,2024-07-08,8151
00936,台新永續高息中小,191,31,160,台新-建北,2024-07-08,8151
1718,中纖,153,12,141,台新-建北,2024-07-08,8151
1802,台玻,117,4,113,台新-建北,2024-07-08,8151
00929,復華台灣科技優息,129,16,113,台新-建北,2024-07-08,8151
2365,昆盈,233,123,110,台新-建北,2024-07-08,8151
00919,群益台灣精選高息,125,22,103,台新-建北,2024-07-08,8151
00949,復華日本龍頭,102,0,102,台新-建北,2024-07-08,8151
1785,光洋科,650,552,98,台新-建北,2024-07-08,8151
3498,陽程,122,24,98,台新-建北,2024-07-08,8151
4562,穎漢,491,399,92,台新-建北,2024-07-08,8151
2453,凌群,98,15,83,台新-建北,2024-07-08,8151
2367,燿華,234,157,77,台新-建北,2024-07-08,8151
2464,盟立,269,195,74,台新-建北,2024-07-08,8151
9105,泰金寶-DR,118,47,71,台新-建北,2024-07-08,8151
00687B,國泰20年美債,79,16,63,台新-建北,2024-07-08,8151
6026,福邦證,62,0,62,台新-建北,2024-07-08,8151
4960,誠美材,58,5,53,台新-建北,2024-07-08,8151
2451,創見,53,1,52,台新-建北,2024-07-08,8151
2538,基泰,50,0,50,台新-建北,2024-07-08,8151
2528,皇普,50,0,50,台新-建北,2024-07-08,8151
00665L,富邦�琤肭磪囓�2,43,0,43,台新-建北,2024-07-08,8151
8374,羅昇,49,6,43,台新-建北,2024-07-08,8151
3045,台灣大,145,104,41,台新-建北,2024-07-08,8151
00940,元大台灣價值高息,131,90,41,台新-建北,2024-07-08,8151
00915,凱基優選高股息30,40,0,40,台新-建北,2024-07-08,8151
8027,鈦昇,46,8,38,台新-建北,2024-07-08,8151
3062,建漢,97,64,33,台新-建北,2024-07-08,8151
1568,倉佑,46,14,32,台新-建北,2024-07-08,8151
2618,長榮航,105,75,30,台新-建北,2024-07-08,8151
2897,王道銀行,30,0,30,台新-建北,2024-07-08,8151
2371,大同,31,1,30,台新-建北,2024-07-08,8151
6217,中探針,95,66,29,台新-建北,2024-07-08,8151
00713,元大台灣高息低波,29,0,29,台新-建北,2024-07-08,8151
2472,立隆電,28,0,28,台新-建北,2024-07-08,8151
5512,力麒,29,1,28,台新-建北,2024-07-08,8151
6240,松崗,26,0,26,台新-建北,2024-07-08,8151
1316,上曜,66,40,26,台新-建北,2024-07-08,8151
2641,正德,25,0,25,台新-建北,2024-07-08,8151
2543,皇昌,80,55,25,台新-建北,2024-07-08,8151
2412,中華電,26,2,24,台新-建北,2024-07-08,8151
6126,信音,56,32,24,台新-建北,2024-07-08,8151
2882,國泰金,1870,3,1867,台新-建北,2024-07-09,8151
2312,金寶,370,124,246,台新-建北,2024-07-09,8151
9105,泰金寶-DR,340,106,234,台新-建北,2024-07-09,8151
2317,鴻海,267,95,172,台新-建北,2024-07-09,8151
00934,中信成長高股息,168,1,167,台新-建北,2024-07-09,8151
00878,國泰永續高股息,148,16,132,台新-建北,2024-07-09,8151
3060,銘異,117,12,105,台新-建北,2024-07-09,8151
4533,協易機,116,12,104,台新-建北,2024-07-09,8151
2002,中鋼,113,9,104,台新-建北,2024-07-09,8151
5474,聰泰,103,9,94,台新-建北,2024-07-09,8151
2834,臺企銀,81,1,80,台新-建北,2024-07-09,8151
00936,台新永續高息中小,83,6,77,台新-建北,2024-07-09,8151
00937B,群益ESG投等債20,165,88,77,台新-建北,2024-07-09,8151
00881,國泰台灣5G+,70,1,69,台新-建北,2024-07-09,8151
2442,新美齊,63,3,60,台新-建北,2024-07-09,8151
3710,連展投控,124,71,53,台新-建北,2024-07-09,8151
2542,興富發,80,28,52,台新-建北,2024-07-09,8151
3673,TPK-KY,75,24,51,台新-建北,2024-07-09,8151
5608,四維航,52,2,50,台新-建北,2024-07-09,8151
0056,元大高股息,49,3,46,台新-建北,2024-07-09,8151
4906,正文,115,73,42,台新-建北,2024-07-09,8151
2353,宏��,48,6,42,台新-建北,2024-07-09,8151
6435,大中,50,10,40,台新-建北,2024-07-09,8151
6213,聯茂,46,10,36,台新-建北,2024-07-09,8151
1785,光洋科,99,63,36,台新-建北,2024-07-09,8151
3050,鈺德,72,38,34,台新-建北,2024-07-09,8151
2897,王道銀行,53,20,33,台新-建北,2024-07-09,8151
00950B,凱基A級公司債,32,0,32,台新-建北,2024-07-09,8151
5309,系統電,44,12,32,台新-建北,2024-07-09,8151
00680L,元大美債20正2,67,35,32,台新-建北,2024-07-09,8151
6477,安集,32,0,32,台新-建北,2024-07-09,8151
2331,精英,37,6,31,台新-建北,2024-07-09,8151
2603,長榮,49,19,30,台新-建北,2024-07-09,8151
1301,台塑,29,0,29,台新-建北,2024-07-09,8151
1815,富喬,48,19,29,台新-建北,2024-07-09,8151
2543,皇昌,154,125,29,台新-建北,2024-07-09,8151
5328,華容,37,10,27,台新-建北,2024-07-09,8151
2349,錸德,72,45,27,台新-建北,2024-07-09,8151
006208,富邦台50,29,4,25,台新-建北,2024-07-09,8151
5371,中光電,26,1,25,台新-建北,2024-07-09,8151
2324,仁寶,71,47,24,台新-建北,2024-07-09,8151
2881,富邦金,40,16,24,台新-建北,2024-07-09,8151
00933B,國泰10Y+金融債,30,7,23,台新-建北,2024-07-09,8151
00915,凱基優選高股息30,27,5,22,台新-建北,2024-07-09,8151
2845,遠東銀,24,2,22,台新-建北,2024-07-09,8151
4164,承業醫,22,0,22,台新-建北,2024-07-09,8151
3708,上緯投控,29,7,22,台新-建北,2024-07-09,8151
00772B,中信高評級公司債,21,0,21,台新-建北,2024-07-09,8151
00664R,國泰臺灣加權反1,21,0,21,台新-建北,2024-07-09,8151
3055,蔚華科,21,0,21,台新-建北,2024-07-09,8151
2312,金寶,1284,101,1183,台新-建北,2024-07-10,8151
2888,新光金,919,385,534,台新-建北,2024-07-10,8151
2501,國建,403,3,400,台新-建北,2024-07-10,8151
2359,所羅門,278,17,261,台新-建北,2024-07-10,8151
2464,盟立,441,190,251,台新-建北,2024-07-10,8151
00753L,中信中國50正2,250,0,250,台新-建北,2024-07-10,8151
3450,聯鈞,235,41,194,台新-建北,2024-07-10,8151
00679B,元大美債20年,217,23,194,台新-建北,2024-07-10,8151
2317,鴻海,195,38,157,台新-建北,2024-07-10,8151
2489,瑞軒,94,12,82,台新-建北,2024-07-10,8151
00937B,群益ESG投等債20,91,14,77,台新-建北,2024-07-10,8151
8105,凌巨,95,32,63,台新-建北,2024-07-10,8151
2301,光寶科,98,40,58,台新-建北,2024-07-10,8151
8374,羅昇,51,1,50,台新-建北,2024-07-10,8151
9105,泰金寶-DR,77,28,49,台新-建北,2024-07-10,8151
2243,宏旭-KY,48,0,48,台新-建北,2024-07-10,8151
2392,正崴,202,158,44,台新-建北,2024-07-10,8151
00687B,國泰20年美債,48,6,42,台新-建北,2024-07-10,8151
00950B,凱基A級公司債,41,0,41,台新-建北,2024-07-10,8151
00934,中信成長高股息,71,32,39,台新-建北,2024-07-10,8151
00933B,國泰10Y+金融債,36,0,36,台新-建北,2024-07-10,8151
00915,凱基優選高股息30,33,0,33,台新-建北,2024-07-10,8151
2405,輔信,90,57,33,台新-建北,2024-07-10,8151
8110,華東,31,0,31,台新-建北,2024-07-10,8151
00664R,國泰臺灣加權反1,31,0,31,台新-建北,2024-07-10,8151
2371,大同,91,61,30,台新-建北,2024-07-10,8151
3006,晶豪科,28,0,28,台新-建北,2024-07-10,8151
1514,亞力,81,54,27,台新-建北,2024-07-10,8151
3047,訊舟,119,92,27,台新-建北,2024-07-10,8151
3664,安瑞-KY,27,0,27,台新-建北,2024-07-10,8151
6265,方土昶,25,0,25,台新-建北,2024-07-10,8151
2438,翔耀,25,0,25,台新-建北,2024-07-10,8151
00712,復華富時不動產,23,0,23,台新-建北,2024-07-10,8151
00945B,凱基美國非投等債,22,0,22,台新-建北,2024-07-10,8151
2610,華航,31,9,22,台新-建北,2024-07-10,8151
6770,力積電,23,1,22,台新-建北,2024-07-10,8151
6806,森崴能源,98,76,22,台新-建北,2024-07-10,8151
5452,佶優,25,4,21,台新-建北,2024-07-10,8151
4977,眾達-KY,22,1,21,台新-建北,2024-07-10,8151
2801,彰銀,21,0,21,台新-建北,2024-07-10,8151
3037,欣興,20,0,20,台新-建北,2024-07-10,8151
00751B,元大AAA至A公司債,21,1,20,台新-建北,2024-07-10,8151
4513,福裕,19,0,19,台新-建北,2024-07-10,8151
5347,世界,24,6,18,台新-建北,2024-07-10,8151
1721,三晃,18,0,18,台新-建北,2024-07-10,8151
3481,群創,111,94,17,台新-建北,2024-07-10,8151
2897,王道銀行,21,4,17,台新-建北,2024-07-10,8151
6189,豐藝,26,10,16,台新-建北,2024-07-10,8151
2609,陽明,23,8,15,台新-建北,2024-07-10,8151
2408,南亞科,17,3,14,台新-建北,2024-07-10,8151
2365,昆盈,355,35,320,台新-建北,2024-07-11,8151
3047,訊舟,388,155,233,台新-建北,2024-07-11,8151
4958,臻鼎-KY,309,149,160,台新-建北,2024-07-11,8151
8064,東捷,191,35,156,台新-建北,2024-07-11,8151
8028,昇陽半導體,216,62,154,台新-建北,2024-07-11,8151
6177,達麗,115,2,113,台新-建北,2024-07-11,8151
2887,台新金,116,7,109,台新-建北,2024-07-11,8151
8114,振樺電,100,0,100,台新-建北,2024-07-11,8151
2501,國建,134,39,95,台新-建北,2024-07-11,8151
6706,惠特,124,39,85,台新-建北,2024-07-11,8151
00725B,國泰投資級公司債,136,60,76,台新-建北,2024-07-11,8151
1336,台翰,73,0,73,台新-建北,2024-07-11,8151
2453,凌群,100,33,67,台新-建北,2024-07-11,8151
00950B,凱基A級公司債,61,0,61,台新-建北,2024-07-11,8151
3006,晶豪科,58,2,56,台新-建北,2024-07-11,8151
2834,臺企銀,55,0,55,台新-建北,2024-07-11,8151
2836,高雄銀,50,0,50,台新-建北,2024-07-11,8151
1785,光洋科,92,43,49,台新-建北,2024-07-11,8151
00680L,元大美債20正2,51,2,49,台新-建北,2024-07-11,8151
8358,金居,88,44,44,台新-建北,2024-07-11,8151
8374,羅昇,50,7,43,台新-建北,2024-07-11,8151
00772B,中信高評級公司債,57,16,41,台新-建北,2024-07-11,8151
1569,濱川,76,36,40,台新-建北,2024-07-11,8151
1802,台玻,50,10,40,台新-建北,2024-07-11,8151
2374,佳能,46,8,38,台新-建北,2024-07-11,8151
1314,中石化,38,1,37,台新-建北,2024-07-11,8151
2615,萬海,91,54,37,台新-建北,2024-07-11,8151
1714,和桐,36,0,36,台新-建北,2024-07-11,8151
2337,旺宏,62,26,36,台新-建北,2024-07-11,8151
2382,廣達,44,11,33,台新-建北,2024-07-11,8151
2603,長榮,37,3,34,台新-建北,2024-07-11,8151
1815,富喬,60,27,33,台新-建北,2024-07-11,8151
3060,銘異,36,3,33,台新-建北,2024-07-11,8151
3705,永信,32,0,32,台新-建北,2024-07-11,8151
2537,聯上發,39,8,31,台新-建北,2024-07-11,8151
6282,康舒,83,52,31,台新-建北,2024-07-11,8151
00937B,群益ESG投等債20,95,65,30,台新-建北,2024-07-11,8151
2641,正德,31,1,30,台新-建北,2024-07-11,8151
00936,台新永續高息中小,30,0,30,台新-建北,2024-07-11,8151
3576,聯合再生,43,14,29,台新-建北,2024-07-11,8151
6215,和椿,35,6,29,台新-建北,2024-07-11,8151
00679B,元大美債20年,39,10,29,台新-建北,2024-07-11,8151
6284,佳邦,38,9,29,台新-建北,2024-07-11,8151
2618,長榮航,49,21,28,台新-建北,2024-07-11,8151
5452,佶優,46,19,27,台新-建北,2024-07-11,8151
1806,冠軍,26,0,26,台新-建北,2024-07-11,8151
2543,皇昌,37,11,26,台新-建北,2024-07-11,8151
6442,光聖,26,1,25,台新-建北,2024-07-11,8151
1303,南亞,83,59,24,台新-建北,2024-07-11,8151
6190,萬泰科,36,13,23,台新-建北,2024-07-11,8151
00680L,元大美債20正2,386,1,385,台新-建北,2024-07-12,8151
2464,盟立,468,228,240,台新-建北,2024-07-12,8151
00934,中信成長高股息,232,0,232,台新-建北,2024-07-12,8151
5328,華容,282,52,230,台新-建北,2024-07-12,8151
00679B,元大美債20年,264,44,220,台新-建北,2024-07-12,8151
00929,復華台灣科技優息,271,64,207,台新-建北,2024-07-12,8151
1536,和大,263,72,191,台新-建北,2024-07-12,8151
00937B,群益ESG投等債20,186,10,176,台新-建北,2024-07-12,8151
00919,群益台灣精選高息,192,17,175,台新-建北,2024-07-12,8151
2317,鴻海,237,74,163,台新-建北,2024-07-12,8151
00881,國泰台灣5G+,193,52,141,台新-建北,2024-07-12,8151
00688L,國泰20年美債正2,136,7,129,台新-建北,2024-07-12,8151
3607,谷崧,116,6,110,台新-建北,2024-07-12,8151
2489,瑞軒,169,71,98,台新-建北,2024-07-12,8151
00648R,元大S＆P500反1,90,0,90,台新-建北,2024-07-12,8151
2374,佳能,98,9,89,台新-建北,2024-07-12,8151
1513,中興電,203,116,87,台新-建北,2024-07-12,8151
2888,新光金,150,64,86,台新-建北,2024-07-12,8151
2356,英業達,129,49,80,台新-建北,2024-07-12,8151
2392,正崴,89,14,75,台新-建北,2024-07-12,8151
1785,光洋科,132,63,69,台新-建北,2024-07-12,8151
3711,日月光投控,76,8,68,台新-建北,2024-07-12,8151
00696B,富邦美債20年,63,0,63,台新-建北,2024-07-12,8151
2303,聯電,67,8,59,台新-建北,2024-07-12,8151
00651R,復華香港反1,57,0,57,台新-建北,2024-07-12,8151
5871,中租-KY,59,2,57,台新-建北,2024-07-12,8151
00878,國泰永續高股息,62,9,53,台新-建北,2024-07-12,8151
8064,東捷,69,17,52,台新-建北,2024-07-12,8151
3705,永信,50,0,50,台新-建北,2024-07-12,8151
1570,力肯,50,0,50,台新-建北,2024-07-12,8151
2399,映泰,46,0,46,台新-建北,2024-07-12,8151
00935,野村臺灣新科技50,41,0,41,台新-建北,2024-07-12,8151
00923,群益台ESG低碳50,42,6,36,台新-建北,2024-07-12,8151
4123,晟德,35,0,35,台新-建北,2024-07-12,8151
00915,凱基優選高股息30,31,0,31,台新-建北,2024-07-12,8151
006208,富邦台50,40,10,30,台新-建北,2024-07-12,8151
00946,群益科技高息成長,34,4,30,台新-建北,2024-07-12,8151
2610,華航,35,5,30,台新-建北,2024-07-12,8151
00945B,凱基美國非投等債,26,0,26,台新-建北,2024-07-12,8151
3715,定穎投控,27,1,26,台新-建北,2024-07-12,8151
1471,首利,26,0,26,台新-建北,2024-07-12,8151
00631L,元大台灣50正2,31,7,24,台新-建北,2024-07-12,8151
4549,桓達,25,1,24,台新-建北,2024-07-12,8151
1409,新纖,28,5,23,台新-建北,2024-07-12,8151
1316,上曜,66,43,23,台新-建北,2024-07-12,8151
6603,富強鑫,22,0,22,台新-建北,2024-07-12,8151
5512,力麒,23,1,22,台新-建北,2024-07-12,8151
0050,元大台灣50,21,0,21,台新-建北,2024-07-12,8151
6179,亞通,23,2,21,台新-建北,2024-07-12,8151
2543,皇昌,38,18,20,台新-建北,2024-07-12,8151
00937B,群益ESG投等債20,411,28,383,台新-建北,2024-07-15,8151
3576,聯合再生,350,0,350,台新-建北,2024-07-15,8151
4510,高鋒,314,4,310,台新-建北,2024-07-15,8151
6177,達麗,317,44,273,台新-建北,2024-07-15,8151
00929,復華台灣科技優息,314,75,239,台新-建北,2024-07-15,8151
2891,中信金,122,3,119,台新-建北,2024-07-15,8151
5309,系統電,115,8,107,台新-建北,2024-07-15,8151
00940,元大台灣價值高息,143,38,105,台新-建北,2024-07-15,8151
00934,中信成長高股息,126,23,103,台新-建北,2024-07-15,8151
6016,康和證,100,0,100,台新-建北,2024-07-15,8151
1714,和桐,100,0,100,台新-建北,2024-07-15,8151
00680L,元大美債20正2,133,40,93,台新-建北,2024-07-15,8151
00688L,國泰20年美債正2,99,10,89,台新-建北,2024-07-15,8151
00949,復華日本龍頭,89,0,89,台新-建北,2024-07-15,8151
8110,華東,86,0,86,台新-建北,2024-07-15,8151
00679B,元大美債20年,135,63,72,台新-建北,2024-07-15,8151
3583,辛耘,82,16,66,台新-建北,2024-07-15,8151
2888,新光金,237,172,65,台新-建北,2024-07-15,8151
1474,弘裕,70,6,64,台新-建北,2024-07-15,8151
1506,正道,60,0,60,台新-建北,2024-07-15,8151
00936,台新永續高息中小,56,0,56,台新-建北,2024-07-15,8151
3324,雙鴻,73,22,51,台新-建北,2024-07-15,8151
2889,國票金,59,9,50,台新-建北,2024-07-15,8151
00740B,富邦全球投等債,50,0,50,台新-建北,2024-07-15,8151
6505,台塑化,45,0,45,台新-建北,2024-07-15,8151
00919,群益台灣精選高息,78,34,44,台新-建北,2024-07-15,8151
1582,信錦,54,11,43,台新-建北,2024-07-15,8151
3207,耀勝,40,0,40,台新-建北,2024-07-15,8151
2356,英業達,231,192,39,台新-建北,2024-07-15,8151
2367,燿華,41,3,38,台新-建北,2024-07-15,8151
00933B,國泰10Y+金融債,39,1,38,台新-建北,2024-07-15,8151
1608,華榮,242,206,36,台新-建北,2024-07-15,8151
00878,國泰永續高股息,74,39,35,台新-建北,2024-07-15,8151
00772B,中信高評級公司債,40,6,34,台新-建北,2024-07-15,8151
2312,金寶,224,191,33,台新-建北,2024-07-15,8151
0056,元大高股息,61,28,33,台新-建北,2024-07-15,8151
5498,凱崴,35,3,32,台新-建北,2024-07-15,8151
6770,力積電,28,0,28,台新-建北,2024-07-15,8151
6117,迎廣,29,3,26,台新-建北,2024-07-15,8151
6285,啟��,25,0,25,台新-建北,2024-07-15,8151
2607,榮運,25,0,25,台新-建北,2024-07-15,8151
3019,亞光,67,42,25,台新-建北,2024-07-15,8151
2409,友達,36,12,24,台新-建北,2024-07-15,8151
2405,輔信,38,14,24,台新-建北,2024-07-15,8151
2365,昆盈,366,343,23,台新-建北,2024-07-15,8151
5469,瀚宇博,22,0,22,台新-建北,2024-07-15,8151
3260,威剛,22,0,22,台新-建北,2024-07-15,8151
00908,富邦入息REITs+,20,0,20,台新-建北,2024-07-15,8151
2501,國建,39,19,20,台新-建北,2024-07-15,8151
8374,羅昇,20,1,19,台新-建北,2024-07-15,8151
3535,晶彩科,252,6,246,台新-建北,2024-07-16,8151
2317,鴻海,244,21,223,台新-建北,2024-07-16,8151
00919,群益台灣精選高息,249,64,185,台新-建北,2024-07-16,8151
3481,群創,190,14,176,台新-建北,2024-07-16,8151
00937B,群益ESG投等債20,215,58,157,台新-建北,2024-07-16,8151
00720B,元大投資級公司債,143,2,141,台新-建北,2024-07-16,8151
1597,直得,160,19,141,台新-建北,2024-07-16,8151
00882,中信中國高股息,122,0,122,台新-建北,2024-07-16,8151
00934,中信成長高股息,125,4,121,台新-建北,2024-07-16,8151
0056,元大高股息,122,3,119,台新-建北,2024-07-16,8151
00929,復華台灣科技優息,303,188,115,台新-建北,2024-07-16,8151
6492,生華科,102,0,102,台新-建北,2024-07-16,8151
3576,聯合再生,104,3,101,台新-建北,2024-07-16,8151
9105,泰金寶-DR,108,13,95,台新-建北,2024-07-16,8151
4960,誠美材,88,5,83,台新-建北,2024-07-16,8151
2312,金寶,222,140,82,台新-建北,2024-07-16,8151
4956,光鋐,131,57,74,台新-建北,2024-07-16,8151
00679B,元大美債20年,73,3,70,台新-建北,2024-07-16,8151
2528,皇普,57,1,56,台新-建北,2024-07-16,8151
6021,美好證,50,0,50,台新-建北,2024-07-16,8151
6284,佳邦,59,9,50,台新-建北,2024-07-16,8151
2888,新光金,119,69,50,台新-建北,2024-07-16,8151
9933,中鼎,53,4,49,台新-建北,2024-07-16,8151
2542,興富發,68,22,46,台新-建北,2024-07-16,8151
00915,凱基優選高股息30,58,12,46,台新-建北,2024-07-16,8151
3022,威強電,65,19,46,台新-建北,2024-07-16,8151
5310,天剛,45,0,45,台新-建北,2024-07-16,8151
00905,FT臺灣Smart,72,30,42,台新-建北,2024-07-16,8151
6770,力積電,42,1,41,台新-建北,2024-07-16,8151
2891,中信金,43,2,41,台新-建北,2024-07-16,8151
3705,永信,40,0,40,台新-建北,2024-07-16,8151
6829,千附精密,41,1,40,台新-建北,2024-07-16,8151
00713,元大台灣高息低波,41,2,39,台新-建北,2024-07-16,8151
8358,金居,56,19,37,台新-建北,2024-07-16,8151
2495,普安,43,8,35,台新-建北,2024-07-16,8151
2596,綠意,34,0,34,台新-建北,2024-07-16,8151
4566,時碩工業,117,83,34,台新-建北,2024-07-16,8151
00946,群益科技高息成長,33,0,33,台新-建北,2024-07-16,8151
00878,國泰永續高股息,41,8,33,台新-建北,2024-07-16,8151
5871,中租-KY,31,0,31,台新-建北,2024-07-16,8151
00939,統一台灣高息動能,31,1,30,台新-建北,2024-07-16,8151
3706,神達,56,26,30,台新-建北,2024-07-16,8151
1319,東陽,32,2,30,台新-建北,2024-07-16,8151
1506,正道,30,1,29,台新-建北,2024-07-16,8151
3711,日月光投控,32,3,29,台新-建北,2024-07-16,8151
4123,晟德,31,2,29,台新-建北,2024-07-16,8151
6189,豐藝,47,20,27,台新-建北,2024-07-16,8151
00680L,元大美債20正2,37,10,27,台新-建北,2024-07-16,8151
2338,光罩,32,5,27,台新-建北,2024-07-16,8151
00927,群益半導體收益,25,0,25,台新-建北,2024-07-16,8151
00632R,元大台灣50反1,1500,480,1020,台新-建北,2024-07-17,8151
00929,復華台灣科技優息,411,26,385,台新-建北,2024-07-17,8151
00679B,元大美債20年,332,8,324,台新-建北,2024-07-17,8151
00919,群益台灣精選高息,285,34,251,台新-建北,2024-07-17,8151
4566,時碩工業,170,7,163,台新-建北,2024-07-17,8151
4526,東台,130,1,129,台新-建北,2024-07-17,8151
2515,中工,148,21,127,台新-建北,2024-07-17,8151
00937B,群益ESG投等債20,156,32,124,台新-建北,2024-07-17,8151
1618,合機,95,8,87,台新-建北,2024-07-17,8151
00680L,元大美債20正2,130,53,77,台新-建北,2024-07-17,8151
0056,元大高股息,75,2,73,台新-建北,2024-07-17,8151
5522,遠雄,70,4,66,台新-建北,2024-07-17,8151
2887,台新金,69,4,65,台新-建北,2024-07-17,8151
2888,新光金,133,68,65,台新-建北,2024-07-17,8151
1597,直得,70,8,62,台新-建北,2024-07-17,8151
4906,正文,184,123,61,台新-建北,2024-07-17,8151
00648R,元大S＆P500反1,80,20,60,台新-建北,2024-07-17,8151
00936,台新永續高息中小,59,8,51,台新-建北,2024-07-17,8151
3535,晶彩科,54,3,51,台新-建北,2024-07-17,8151
006208,富邦台50,58,7,51,台新-建北,2024-07-17,8151
2891,中信金,49,2,47,台新-建北,2024-07-17,8151
00878,國泰永續高股息,48,3,45,台新-建北,2024-07-17,8151
6770,力積電,51,7,44,台新-建北,2024-07-17,8151
2382,廣達,46,5,41,台新-建北,2024-07-17,8151
4956,光鋐,74,40,34,台新-建北,2024-07-17,8151
2353,宏��,38,5,33,台新-建北,2024-07-17,8151
2312,金寶,217,185,32,台新-建北,2024-07-17,8151
2489,瑞軒,109,77,32,台新-建北,2024-07-17,8151
2376,技嘉,29,1,28,台新-建北,2024-07-17,8151
2408,南亞科,29,2,27,台新-建北,2024-07-17,8151
00950B,凱基A級公司債,27,0,27,台新-建北,2024-07-17,8151
6127,九豪,46,19,27,台新-建北,2024-07-17,8151
6446,藥華藥,72,46,26,台新-建北,2024-07-17,8151
3003,健和興,28,2,26,台新-建北,2024-07-17,8151
00944,野村趨勢動能高息,26,0,26,台新-建北,2024-07-17,8151
2330,台積電,39,14,25,台新-建北,2024-07-17,8151
2881,富邦金,27,2,25,台新-建北,2024-07-17,8151
9105,泰金寶-DR,32,7,25,台新-建北,2024-07-17,8151
00927,群益半導體收益,25,0,25,台新-建北,2024-07-17,8151
00934,中信成長高股息,24,1,23,台新-建北,2024-07-17,8151
00881,國泰台灣5G+,29,8,21,台新-建北,2024-07-17,8151
1806,冠軍,21,0,21,台新-建北,2024-07-17,8151
00947,台新臺灣IC設計,21,0,21,台新-建北,2024-07-17,8151
1506,正道,20,0,20,台新-建北,2024-07-17,8151
00725B,國泰投資級公司債,20,0,20,台新-建北,2024-07-17,8151
1471,首利,20,0,20,台新-建北,2024-07-17,8151
3081,聯亞,33,14,19,台新-建北,2024-07-17,8151
2388,威盛,22,3,19,台新-建北,2024-07-17,8151
9945,潤泰新,142,124,18,台新-建北,2024-07-17,8151
1810,和成,24,6,18,台新-建北,2024-07-17,8151
00632R,元大台灣50反1,658,225,433,台新-建北,2024-07-18,8151
00919,群益台灣精選高息,292,58,234,台新-建北,2024-07-18,8151
00929,復華台灣科技優息,279,81,198,台新-建北,2024-07-18,8151
5512,力麒,239,83,156,台新-建北,2024-07-18,8151
00878,國泰永續高股息,144,23,121,台新-建北,2024-07-18,8151
3037,欣興,185,64,121,台新-建北,2024-07-18,8151
6598,ABC-KY,100,0,100,台新-建北,2024-07-18,8151
00648R,元大S＆P500反1,100,0,100,台新-建北,2024-07-18,8151
1609,大亞,114,24,90,台新-建北,2024-07-18,8151
0056,元大高股息,115,28,87,台新-建北,2024-07-18,8151
2317,鴻海,141,58,83,台新-建北,2024-07-18,8151
6873,泓德能源,80,0,80,台新-建北,2024-07-18,8151
00947,台新臺灣IC設計,72,0,72,台新-建北,2024-07-18,8151
3481,群創,177,108,69,台新-建北,2024-07-18,8151
00680L,元大美債20正2,122,54,68,台新-建北,2024-07-18,8151
3024,憶聲,80,12,68,台新-建北,2024-07-18,8151
2891,中信金,66,0,66,台新-建北,2024-07-18,8151
00946,群益科技高息成長,81,17,64,台新-建北,2024-07-18,8151
8105,凌巨,174,118,56,台新-建北,2024-07-18,8151
1456,怡華,56,0,56,台新-建北,2024-07-18,8151
4566,時碩工業,72,21,51,台新-建北,2024-07-18,8151
2356,英業達,62,12,50,台新-建北,2024-07-18,8151
00882,中信中國高股息,52,4,48,台新-建北,2024-07-18,8151
3712,永崴投控,48,0,48,台新-建北,2024-07-18,8151
2330,台積電,89,49,40,台新-建北,2024-07-18,8151
8110,華東,42,2,40,台新-建北,2024-07-18,8151
1308,亞聚,56,16,40,台新-建北,2024-07-18,8151
00937B,群益ESG投等債20,171,131,40,台新-建北,2024-07-18,8151
9955,佳龍,47,9,38,台新-建北,2024-07-18,8151
00679B,元大美債20年,123,86,37,台新-建北,2024-07-18,8151
6290,良維,41,4,37,台新-建北,2024-07-18,8151
00905,FT臺灣Smart,34,0,34,台新-建北,2024-07-18,8151
2382,廣達,46,13,33,台新-建北,2024-07-18,8151
1742,台蠟,33,0,33,台新-建北,2024-07-18,8151
8011,台通,66,33,33,台新-建北,2024-07-18,8151
00881,國泰台灣5G+,34,1,33,台新-建北,2024-07-18,8151
2610,華航,34,2,32,台新-建北,2024-07-18,8151
1459,聯發,30,0,30,台新-建北,2024-07-18,8151
00715L,期街口布蘭特正2,30,0,30,台新-建北,2024-07-18,8151
00676R,富邦臺灣加權反1,30,0,30,台新-建北,2024-07-18,8151
00948B,中信優息投資級債,30,0,30,台新-建北,2024-07-18,8151
2603,長榮,47,18,29,台新-建北,2024-07-18,8151
6264,富裔,30,1,29,台新-建北,2024-07-18,8151
1709,和益,63,34,29,台新-建北,2024-07-18,8151
1471,首利,30,2,28,台新-建北,2024-07-18,8151
2464,盟立,81,54,27,台新-建北,2024-07-18,8151
00753L,中信中國50正2,27,0,27,台新-建北,2024-07-18,8151
00631L,元大台灣50正2,32,5,27,台新-建北,2024-07-18,8151
00891,中信關鍵半導體,27,1,26,台新-建北,2024-07-18,8151
6285,啟��,26,0,26,台新-建北,2024-07-18,8151
2882,國泰金,1478,8,1470,台新-建北,2024-07-19,8151
00919,群益台灣精選高息,328,55,273,台新-建北,2024-07-19,8151
1304,台聚,235,0,235,台新-建北,2024-07-19,8151
00680L,元大美債20正2,201,7,194,台新-建北,2024-07-19,8151
00929,復華台灣科技優息,335,147,188,台新-建北,2024-07-19,8151
0056,元大高股息,150,2,148,台新-建北,2024-07-19,8151
2547,日勝生,208,61,147,台新-建北,2024-07-19,8151
00679B,元大美債20年,192,57,135,台新-建北,2024-07-19,8151
2528,皇普,132,0,132,台新-建北,2024-07-19,8151
2885,元大金,130,3,127,台新-建北,2024-07-19,8151
2365,昆盈,306,213,93,台新-建北,2024-07-19,8151
00947,台新臺灣IC設計,86,0,86,台新-建北,2024-07-19,8151
00878,國泰永續高股息,105,23,82,台新-建北,2024-07-19,8151
2330,台積電,97,27,70,台新-建北,2024-07-19,8151
00665L,富邦�琤肭磪囓�2,86,20,66,台新-建北,2024-07-19,8151
00946,群益科技高息成長,65,0,65,台新-建北,2024-07-19,8151
5498,凱崴,63,0,63,台新-建北,2024-07-19,8151
2891,中信金,78,19,59,台新-建北,2024-07-19,8151
00915,凱基優選高股息30,59,0,59,台新-建北,2024-07-19,8151
00940,元大台灣價值高息,174,117,57,台新-建北,2024-07-19,8151
3013,晟銘電,105,51,54,台新-建北,2024-07-19,8151
00936,台新永續高息中小,80,27,53,台新-建北,2024-07-19,8151
3576,聯合再生,60,10,50,台新-建北,2024-07-19,8151
6446,藥華藥,61,11,50,台新-建北,2024-07-19,8151
1528,恩德,50,0,50,台新-建北,2024-07-19,8151
2929,淘帝-KY,63,15,48,台新-建北,2024-07-19,8151
1597,直得,79,32,47,台新-建北,2024-07-19,8151
2812,台中銀,46,1,45,台新-建北,2024-07-19,8151
3712,永崴投控,142,98,44,台新-建北,2024-07-19,8151
1909,榮成,40,0,40,台新-建北,2024-07-19,8151
00751B,元大AAA至A公司債,40,0,40,台新-建北,2024-07-19,8151
2102,泰豐,40,1,39,台新-建北,2024-07-19,8151
2834,臺企銀,67,32,35,台新-建北,2024-07-19,8151
6284,佳邦,56,21,35,台新-建北,2024-07-19,8151
5871,中租-KY,50,17,33,台新-建北,2024-07-19,8151
5443,均豪,108,76,32,台新-建北,2024-07-19,8151
2851,中再保,42,10,32,台新-建北,2024-07-19,8151
2356,英業達,47,16,31,台新-建北,2024-07-19,8151
6021,美好證,30,0,30,台新-建北,2024-07-19,8151
2353,宏��,41,12,29,台新-建北,2024-07-19,8151
6462,神盾,48,19,29,台新-建北,2024-07-19,8151
2382,廣達,42,14,28,台新-建北,2024-07-19,8151
4958,臻鼎-KY,31,2,29,台新-建北,2024-07-19,8151
2408,南亞科,45,17,28,台新-建北,2024-07-19,8151
1709,和益,94,66,28,台新-建北,2024-07-19,8151
00725B,國泰投資級公司債,28,1,27,台新-建北,2024-07-19,8151
00631L,元大台灣50正2,39,13,26,台新-建北,2024-07-19,8151
00713,元大台灣高息低波,25,0,25,台新-建北,2024-07-19,8151
1799,易威,26,1,25,台新-建北,2024-07-19,8151
8110,華東,25,0,25,台新-建北,2024-07-19,8151
2882,國泰金,1171,128,1043,台新-建北,2024-07-22,8151
00632R,元大台灣50反1,1373,507,866,台新-建北,2024-07-22,8151
00929,復華台灣科技優息,479,53,426,台新-建北,2024-07-22,8151
00686R,群益臺灣加權反1,400,0,400,台新-建北,2024-07-22,8151
00940,元大台灣價值高息,259,16,243,台新-建北,2024-07-22,8151
00947,台新臺灣IC設計,208,0,208,台新-建北,2024-07-22,8151
6177,達麗,201,12,189,台新-建北,2024-07-22,8151
1529,樂事綠能,179,24,155,台新-建北,2024-07-22,8151
00919,群益台灣精選高息,310,190,120,台新-建北,2024-07-22,8151
8374,羅昇,110,1,109,台新-建北,2024-07-22,8151
2542,興富發,130,23,107,台新-建北,2024-07-22,8151
3481,群創,497,394,103,台新-建北,2024-07-22,8151
00676R,富邦臺灣加權反1,100,0,100,台新-建北,2024-07-22,8151
3686,達能,104,14,90,台新-建北,2024-07-22,8151
00648R,元大S＆P500反1,100,20,80,台新-建北,2024-07-22,8151
00878,國泰永續高股息,132,63,69,台新-建北,2024-07-22,8151
00937B,群益ESG投等債20,82,14,68,台新-建北,2024-07-22,8151
00934,中信成長高股息,76,9,67,台新-建北,2024-07-22,8151
00946,群益科技高息成長,73,11,62,台新-建北,2024-07-22,8151
2515,中工,64,3,61,台新-建北,2024-07-22,8151
00679B,元大美債20年,91,34,57,台新-建北,2024-07-22,8151
2891,中信金,59,4,55,台新-建北,2024-07-22,8151
2419,仲琦,62,10,52,台新-建北,2024-07-22,8151
3576,聯合再生,53,3,50,台新-建北,2024-07-22,8151
1456,怡華,60,14,46,台新-建北,2024-07-22,8151
2317,鴻海,161,122,39,台新-建北,2024-07-22,8151
3019,亞光,53,15,38,台新-建北,2024-07-22,8151
1326,台化,34,0,34,台新-建北,2024-07-22,8151
1806,冠軍,33,0,33,台新-建北,2024-07-22,8151
4566,時碩工業,143,112,31,台新-建北,2024-07-22,8151
1303,南亞,31,0,31,台新-建北,2024-07-22,8151
4414,如興,35,5,30,台新-建北,2024-07-22,8151
4303,信立,60,31,29,台新-建北,2024-07-22,8151
3583,辛耘,56,29,27,台新-建北,2024-07-22,8151
2812,台中銀,24,0,24,台新-建北,2024-07-22,8151
2603,長榮,56,32,24,台新-建北,2024-07-22,8151
5213,亞昕,28,6,22,台新-建北,2024-07-22,8151
1907,永豐餘,22,0,22,台新-建北,2024-07-22,8151
00936,台新永續高息中小,38,17,21,台新-建北,2024-07-22,8151
00900,富邦特選高股息30,21,0,21,台新-建北,2024-07-22,8151
00941,中信上游半導體,27,6,21,台新-建北,2024-07-22,8151
3037,欣興,49,28,21,台新-建北,2024-07-22,8151
2884,玉山金,23,3,20,台新-建北,2024-07-22,8151
2408,南亞科,22,2,20,台新-建北,2024-07-22,8151
00930,永豐ESG低碳高息,20,0,20,台新-建北,2024-07-22,8151
3303,岱稜,20,0,20,台新-建北,2024-07-22,8151
3707,漢磊,20,0,20,台新-建北,2024-07-22,8151
2455,全新,21,1,20,台新-建北,2024-07-22,8151
1909,榮成,20,0,20,台新-建北,2024-07-22,8151
00713,元大台灣高息低波,24,4,20,台新-建北,2024-07-22,8151
2882,國泰金,370,2,368,台新-建北,2024-07-23,8151
2888,新光金,192,28,164,台新-建北,2024-07-23,8151
00929,復華台灣科技優息,161,34,127,台新-建北,2024-07-23,8151
00948B,中信優息投資級債,105,5,100,台新-建北,2024-07-23,8151
6177,達麗,119,28,91,台新-建北,2024-07-23,8151
6706,惠特,93,4,89,台新-建北,2024-07-23,8151
00919,群益台灣精選高息,130,42,88,台新-建北,2024-07-23,8151
9945,潤泰新,146,63,83,台新-建北,2024-07-23,8151
00878,國泰永續高股息,112,32,80,台新-建北,2024-07-23,8151
2409,友達,76,0,76,台新-建北,2024-07-23,8151
5512,力麒,111,35,76,台新-建北,2024-07-23,8151
2520,冠德,87,12,75,台新-建北,2024-07-23,8151
00679B,元大美債20年,87,17,70,台新-建北,2024-07-23,8151
3481,群創,140,74,66,台新-建北,2024-07-23,8151
00795B,中信美國公債20年,63,2,61,台新-建北,2024-07-23,8151
00680L,元大美債20正2,59,0,59,台新-建北,2024-07-23,8151
00946,群益科技高息成長,60,2,58,台新-建北,2024-07-23,8151
2376,技嘉,54,0,54,台新-建北,2024-07-23,8151
2408,南亞科,54,3,51,台新-建北,2024-07-23,8151
00915,凱基優選高股息30,50,0,50,台新-建北,2024-07-23,8151
00937B,群益ESG投等債20,124,74,50,台新-建北,2024-07-23,8151
8033,雷虎,47,5,42,台新-建北,2024-07-23,8151
2399,映泰,48,12,36,台新-建北,2024-07-23,8151
2330,台積電,93,58,35,台新-建北,2024-07-23,8151
6589,台康生技,35,0,35,台新-建北,2024-07-23,8151
0056,元大高股息,49,15,34,台新-建北,2024-07-23,8151
2891,中信金,40,7,33,台新-建北,2024-07-23,8151
00706L,期元大S＆P日圓正2,30,0,30,台新-建北,2024-07-23,8151
2603,長榮,46,17,29,台新-建北,2024-07-23,8151
2449,京元電子,40,14,26,台新-建北,2024-07-23,8151
00713,元大台灣高息低波,25,0,25,台新-建北,2024-07-23,8151
00905,FT臺灣Smart,22,0,22,台新-建北,2024-07-23,8151
00933B,國泰10Y+金融債,21,0,21,台新-建北,2024-07-23,8151
8110,華東,20,0,20,台新-建北,2024-07-23,8151
1459,聯發,20,0,20,台新-建北,2024-07-23,8151
2514,龍邦,20,0,20,台新-建北,2024-07-23,8151
2392,正崴,25,5,20,台新-建北,2024-07-23,8151
2634,漢翔,19,0,19,台新-建北,2024-07-23,8151
00720B,元大投資級公司債,19,0,19,台新-建北,2024-07-23,8151
8076,伍豐,21,2,19,台新-建北,2024-07-23,8151
2353,宏��,28,10,18,台新-建北,2024-07-23,8151
00934,中信成長高股息,18,0,18,台新-建北,2024-07-23,8151
3231,緯創,22,5,17,台新-建北,2024-07-23,8151
8043,蜜望實,17,0,17,台新-建北,2024-07-23,8151
0050,元大台灣50,23,6,17,台新-建北,2024-07-23,8151
3522,御嵿,17,1,16,台新-建北,2024-07-23,8151
2365,昆盈,148,133,15,台新-建北,2024-07-23,8151
9946,三發地產,19,4,15,台新-建北,2024-07-23,8151
4726,永昕,47,32,15,台新-建北,2024-07-23,8151
8054,安國,85,71,14,台新-建北,2024-07-23,8151
2884,玉山金,532,20,512,台新-建北,2024-07-26,8151
2542,興富發,483,58,425,台新-建北,2024-07-26,8151
00632R,元大台灣50反1,423,108,315,台新-建北,2024-07-26,8151
00946,群益科技高息成長,259,6,253,台新-建北,2024-07-26,8151
2882,國泰金,212,3,209,台新-建北,2024-07-26,8151
1540,喬福,229,27,202,台新-建北,2024-07-26,8151
00940,元大台灣價值高息,185,16,169,台新-建北,2024-07-26,8151
00937B,群益ESG投等債20,196,33,163,台新-建北,2024-07-26,8151
00680L,元大美債20正2,153,12,141,台新-建北,2024-07-26,8151
00919,群益台灣精選高息,203,74,129,台新-建北,2024-07-26,8151
00648R,元大S＆P500反1,180,60,120,台新-建北,2024-07-26,8151
00929,復華台灣科技優息,202,98,104,台新-建北,2024-07-26,8151
1609,大亞,179,80,99,台新-建北,2024-07-26,8151
9945,潤泰新,123,49,74,台新-建北,2024-07-26,8151
6177,達麗,98,29,69,台新-建北,2024-07-26,8151
2834,臺企銀,68,1,67,台新-建北,2024-07-26,8151
2317,鴻海,94,34,60,台新-建北,2024-07-26,8151
00687B,國泰20年美債,79,20,59,台新-建北,2024-07-26,8151
4907,富宇,60,1,59,台新-建北,2024-07-26,8151
2330,台積電,77,21,56,台新-建北,2024-07-26,8151
6442,光聖,50,0,50,台新-建北,2024-07-26,8151
3033,威健,49,0,49,台新-建北,2024-07-26,8151
0056,元大高股息,70,21,49,台新-建北,2024-07-26,8151
00688L,國泰20年美債正2,47,0,47,台新-建北,2024-07-26,8151
2002,中鋼,46,1,45,台新-建北,2024-07-26,8151
1785,光洋科,96,53,43,台新-建北,2024-07-26,8151
3006,晶豪科,70,35,35,台新-建北,2024-07-26,8151
00676R,富邦臺灣加權反1,35,0,35,台新-建北,2024-07-26,8151
006208,富邦台50,36,2,34,台新-建北,2024-07-26,8151
00637L,元大滬深300正2,32,0,32,台新-建北,2024-07-26,8151
2609,陽明,52,21,31,台新-建北,2024-07-26,8151
2467,志聖,33,2,31,台新-建北,2024-07-26,8151
00950B,凱基A級公司債,31,0,31,台新-建北,2024-07-26,8151
6589,台康生技,30,0,30,台新-建北,2024-07-26,8151
00941,中信上游半導體,28,0,28,台新-建北,2024-07-26,8151
0050,元大台灣50,33,5,28,台新-建北,2024-07-26,8151
00679B,元大美債20年,53,26,27,台新-建北,2024-07-26,8151
00650L,復華香港正2,37,10,27,台新-建北,2024-07-26,8151
2408,南亞科,40,13,27,台新-建北,2024-07-26,8151
2352,佳世達,25,0,25,台新-建北,2024-07-26,8151
00951,台新日本半導體,75,50,25,台新-建北,2024-07-26,8151
3711,日月光投控,25,1,24,台新-建北,2024-07-26,8151
1319,東陽,26,3,23,台新-建北,2024-07-26,8151
2515,中工,50,28,22,台新-建北,2024-07-26,8151
6526,達發,23,2,21,台新-建北,2024-07-26,8151
8033,雷虎,22,1,21,台新-建北,2024-07-26,8151
00945B,凱基美國非投等債,21,0,21,台新-建北,2024-07-26,8151
3376,新日興,29,9,20,台新-建北,2024-07-26,8151
3702,大聯大,20,0,20,台新-建北,2024-07-26,8151
00751B,元大AAA至A公司債,21,1,20,台新-建北,2024-07-26,8151
2365,昆盈,385,87,298,台新-建北,2024-07-29,8151
2882,國泰金,300,10,290,台新-建北,2024-07-29,8151
00929,復華台灣科技優息,304,35,269,台新-建北,2024-07-29,8151
00632R,元大台灣50反1,421,192,229,台新-建北,2024-07-29,8151
00948B,中信優息投資級債,206,0,206,台新-建北,2024-07-29,8151
00919,群益台灣精選高息,180,9,171,台新-建北,2024-07-29,8151
1449,佳和,146,9,137,台新-建北,2024-07-29,8151
00931B,統一美債20年,130,11,119,台新-建北,2024-07-29,8151
2515,中工,131,14,117,台新-建北,2024-07-29,8151
2520,冠德,144,28,116,台新-建北,2024-07-29,8151
00679B,元大美債20年,142,31,111,台新-建北,2024-07-29,8151
8028,昇陽半導體,206,100,106,台新-建北,2024-07-29,8151
2303,聯電,97,2,95,台新-建北,2024-07-29,8151
00878,國泰永續高股息,104,17,87,台新-建北,2024-07-29,8151
00940,元大台灣價值高息,154,70,84,台新-建北,2024-07-29,8151
0056,元大高股息,85,2,83,台新-建北,2024-07-29,8151
00946,群益科技高息成長,119,41,78,台新-建北,2024-07-29,8151
00665L,富邦�琤肭磪囓�2,80,5,75,台新-建北,2024-07-29,8151
8096,擎亞,80,12,68,台新-建北,2024-07-29,8151
00934,中信成長高股息,79,11,68,台新-建北,2024-07-29,8151
4933,友輝,69,1,68,台新-建北,2024-07-29,8151
00713,元大台灣高息低波,59,0,59,台新-建北,2024-07-29,8151
2534,宏盛,57,2,55,台新-建北,2024-07-29,8151
2542,興富發,467,414,53,台新-建北,2024-07-29,8151
00947,台新臺灣IC設計,56,5,51,台新-建北,2024-07-29,8151
8374,羅昇,66,16,50,台新-建北,2024-07-29,8151
6442,光聖,50,0,50,台新-建北,2024-07-29,8151
00688L,國泰20年美債正2,45,0,45,台新-建北,2024-07-29,8151
00680L,元大美債20正2,92,50,42,台新-建北,2024-07-29,8151
4907,富宇,146,106,40,台新-建北,2024-07-29,8151
2376,技嘉,38,3,35,台新-建北,2024-07-29,8151
2884,玉山金,37,6,31,台新-建北,2024-07-29,8151
3490,單井,30,0,30,台新-建北,2024-07-29,8151
3013,晟銘電,38,8,30,台新-建北,2024-07-29,8151
1710,東聯,30,0,30,台新-建北,2024-07-29,8151
2022,聚亨,30,0,30,台新-建北,2024-07-29,8151
2344,華邦電,50,25,25,台新-建北,2024-07-29,8151
6869,雲豹能源,31,7,24,台新-建北,2024-07-29,8151
00651R,復華香港反1,24,0,24,台新-建北,2024-07-29,8151
5371,中光電,25,2,23,台新-建北,2024-07-29,8151
6640,均華,29,6,23,台新-建北,2024-07-29,8151
4967,十銓,23,2,21,台新-建北,2024-07-29,8151
00891,中信關鍵半導體,27,6,21,台新-建北,2024-07-29,8151
00918,大華優利高填息30,20,0,20,台新-建北,2024-07-29,8151
3037,欣興,49,29,20,台新-建北,2024-07-29,8151
3518,柏騰,25,5,20,台新-建北,2024-07-29,8151
2427,三商電,20,0,20,台新-建北,2024-07-29,8151
3167,大量,28,8,20,台新-建北,2024-07-29,8151
1337,再生-KY,20,0,20,台新-建北,2024-07-29,8151
2485,兆赫,20,0,20,台新-建北,2024-07-29,8151
00929,復華台灣科技優息,347,12,335,台新-建北,2024-07-30,8151
00679B,元大美債20年,284,11,273,台新-建北,2024-07-30,8151
00878,國泰永續高股息,268,21,247,台新-建北,2024-07-30,8151
3481,群創,372,155,217,台新-建北,2024-07-30,8151
2882,國泰金,205,0,205,台新-建北,2024-07-30,8151
00940,元大台灣價值高息,207,2,205,台新-建北,2024-07-30,8151
2888,新光金,172,13,159,台新-建北,2024-07-30,8151
1455,集盛,125,0,125,台新-建北,2024-07-30,8151
2349,錸德,248,124,124,台新-建北,2024-07-30,8151
00680L,元大美債20正2,138,39,99,台新-建北,2024-07-30,8151
0056,元大高股息,113,17,96,台新-建北,2024-07-30,8151
9105,泰金寶-DR,106,13,93,台新-建北,2024-07-30,8151
00934,中信成長高股息,78,5,73,台新-建北,2024-07-30,8151
00713,元大台灣高息低波,70,0,70,台新-建北,2024-07-30,8151
00637L,元大滬深300正2,64,5,59,台新-建北,2024-07-30,8151
00688L,國泰20年美債正2,60,2,58,台新-建北,2024-07-30,8151
5364,力麗店,50,0,50,台新-建北,2024-07-30,8151
3583,辛耘,53,5,48,台新-建北,2024-07-30,8151
2884,玉山金,47,2,45,台新-建北,2024-07-30,8151
00650L,復華香港正2,44,0,44,台新-建北,2024-07-30,8151
00946,群益科技高息成長,43,2,41,台新-建北,2024-07-30,8151
00937B,群益ESG投等債20,46,5,41,台新-建北,2024-07-30,8151
00951,台新日本半導體,37,0,37,台新-建北,2024-07-30,8151
2449,京元電子,39,4,35,台新-建北,2024-07-30,8151
00676R,富邦臺灣加權反1,35,0,35,台新-建北,2024-07-30,8151
00919,群益台灣精選高息,78,43,35,台新-建北,2024-07-30,8151
00915,凱基優選高股息30,34,0,34,台新-建北,2024-07-30,8151
2812,台中銀,34,1,33,台新-建北,2024-07-30,8151
2929,淘帝-KY,31,0,31,台新-建北,2024-07-30,8151
2337,旺宏,61,30,31,台新-建北,2024-07-30,8151
3324,雙鴻,33,3,30,台新-建北,2024-07-30,8151
2025,千興,30,0,30,台新-建北,2024-07-30,8151
00882,中信中國高股息,30,0,30,台新-建北,2024-07-30,8151
00936,台新永續高息中小,30,1,29,台新-建北,2024-07-30,8151
2303,聯電,39,11,28,台新-建北,2024-07-30,8151
3189,景碩,35,8,27,台新-建北,2024-07-30,8151
2382,廣達,27,2,25,台新-建北,2024-07-30,8151
00664R,國泰臺灣加權反1,25,0,25,台新-建北,2024-07-30,8151
2368,金像電,34,12,22,台新-建北,2024-07-30,8151
1806,冠軍,68,46,22,台新-建北,2024-07-30,8151
6220,岳豐,22,0,22,台新-建北,2024-07-30,8151
2399,映泰,26,7,19,台新-建北,2024-07-30,8151
2313,華通,20,1,19,台新-建北,2024-07-30,8151
1907,永豐餘,18,0,18,台新-建北,2024-07-30,8151
1532,勤美,25,8,17,台新-建北,2024-07-30,8151
00939,統一台灣高息動能,17,0,17,台新-建北,2024-07-30,8151
3131,弘塑,18,1,17,台新-建北,2024-07-30,8151
1513,中興電,35,19,16,台新-建北,2024-07-30,8151
8927,北基,16,0,16,台新-建北,2024-07-30,8151
4128,中天,19,4,15,台新-建北,2024-07-30,8151
2882,國泰金,247,6,241,台新-建北,2024-07-31,8151
2542,興富發,200,13,187,台新-建北,2024-07-31,8151
00919,群益台灣精選高息,152,0,152,台新-建北,2024-07-31,8151
00948B,中信優息投資級債,140,10,130,台新-建北,2024-07-31,8151
1609,大亞,106,3,103,台新-建北,2024-07-31,8151
00632R,元大台灣50反1,122,38,84,台新-建北,2024-07-31,8151
2349,錸德,327,246,81,台新-建北,2024-07-31,8151
8028,昇陽半導體,133,68,65,台新-建北,2024-07-31,8151
5443,均豪,232,168,64,台新-建北,2024-07-31,8151
00939,統一台灣高息動能,57,0,57,台新-建北,2024-07-31,8151
00878,國泰永續高股息,50,2,48,台新-建北,2024-07-31,8151
00940,元大台灣價值高息,80,33,47,台新-建北,2024-07-31,8151
2486,一詮,92,48,44,台新-建北,2024-07-31,8151
00946,群益科技高息成長,42,1,41,台新-建北,2024-07-31,8151
3047,訊舟,216,177,39,台新-建北,2024-07-31,8151
2515,中工,71,32,39,台新-建北,2024-07-31,8151
3034,聯詠,33,0,33,台新-建北,2024-07-31,8151
8390,金益鼎,36,3,33,台新-建北,2024-07-31,8151
2528,皇普,30,0,30,台新-建北,2024-07-31,8151
8064,東捷,164,134,30,台新-建北,2024-07-31,8151
3324,雙鴻,43,14,29,台新-建北,2024-07-31,8151
00929,復華台灣科技優息,116,88,28,台新-建北,2024-07-31,8151
00945B,凱基美國非投等債,23,0,23,台新-建北,2024-07-31,8151
00664R,國泰臺灣加權反1,23,0,23,台新-建北,2024-07-31,8151
00905,FT臺灣Smart,22,0,22,台新-建北,2024-07-31,8151
00944,野村趨勢動能高息,21,0,21,台新-建北,2024-07-31,8151
1560,中砂,21,1,20,台新-建北,2024-07-31,8151
2342,茂矽,20,0,20,台新-建北,2024-07-31,8151
2801,彰銀,20,0,20,台新-建北,2024-07-31,8151
00676R,富邦臺灣加權反1,20,0,20,台新-建北,2024-07-31,8151
8039,台虹,24,4,20,台新-建北,2024-07-31,8151
6264,富裔,20,0,20,台新-建北,2024-07-31,8151
2881,富邦金,48,29,19,台新-建北,2024-07-31,8151
4958,臻鼎-KY,19,0,19,台新-建北,2024-07-31,8151
4513,福裕,64,45,19,台新-建北,2024-07-31,8151
0056,元大高股息,36,17,19,台新-建北,2024-07-31,8151
6869,雲豹能源,100,82,18,台新-建北,2024-07-31,8151
3105,穩懋,26,8,18,台新-建北,2024-07-31,8151
2204,中華,17,0,17,台新-建北,2024-07-31,8151
2408,南亞科,18,1,17,台新-建北,2024-07-31,8151
2497,怡利電,17,0,17,台新-建北,2024-07-31,8151
4804,大略-KY,17,0,17,台新-建北,2024-07-31,8151
6205,詮欣,17,0,17,台新-建北,2024-07-31,8151
3024,憶聲,36,19,17,台新-建北,2024-07-31,8151
3303,岱稜,21,5,16,台新-建北,2024-07-31,8151
4306,炎洲,16,1,15,台新-建北,2024-07-31,8151
2353,宏��,17,3,14,台新-建北,2024-07-31,8151
006208,富邦台50,14,0,14,台新-建北,2024-07-31,8151
2520,冠德,27,14,13,台新-建北,2024-07-31,8151
3035,智原,31,19,12,台新-建北,2024-07-31,8151
00712,復華富時不動產,249,0,249,台新-建北,2024-08-01,8151
2882,國泰金,220,9,211,台新-建北,2024-08-01,8151
00688L,國泰20年美債正2,219,15,204,台新-建北,2024-08-01,8151
00937B,群益ESG投等債20,166,18,148,台新-建北,2024-08-01,8151
8374,羅昇,120,2,118,台新-建北,2024-08-01,8151
00929,復華台灣科技優息,157,57,100,台新-建北,2024-08-01,8151
3535,晶彩科,153,56,97,台新-建北,2024-08-01,8151
00933B,國泰10Y+金融債,116,24,92,台新-建北,2024-08-01,8151
00675L,富邦臺灣加權正2,84,4,80,台新-建北,2024-08-01,8151
00679B,元大美債20年,92,14,78,台新-建北,2024-08-01,8151
2337,旺宏,155,86,69,台新-建北,2024-08-01,8151
9955,佳龍,62,13,49,台新-建北,2024-08-01,8151
2739,寒舍,46,0,46,台新-建北,2024-08-01,8151
3481,群創,212,169,43,台新-建北,2024-08-01,8151
2887,台新金,37,2,35,台新-建北,2024-08-01,8151
4526,東台,43,8,35,台新-建北,2024-08-01,8151
00633L,富邦上証正2,60,25,35,台新-建北,2024-08-01,8151
2301,光寶科,81,47,34,台新-建北,2024-08-01,8151
3289,宜特,32,0,32,台新-建北,2024-08-01,8151
9105,泰金寶-DR,115,83,32,台新-建北,2024-08-01,8151
6706,惠特,30,0,30,台新-建北,2024-08-01,8151
2617,台航,30,0,30,台新-建北,2024-08-01,8151
3052,夆典,30,1,29,台新-建北,2024-08-01,8151
0056,元大高股息,42,13,29,台新-建北,2024-08-01,8151
5876,上海商銀,28,0,28,台新-建北,2024-08-01,8151
00631L,元大台灣50正2,31,4,27,台新-建北,2024-08-01,8151
00878,國泰永續高股息,98,71,27,台新-建北,2024-08-01,8151
2317,鴻海,57,31,26,台新-建北,2024-08-01,8151
00664R,國泰臺灣加權反1,25,0,25,台新-建北,2024-08-01,8151
3290,東浦,25,0,25,台新-建北,2024-08-01,8151
4960,誠美材,24,1,23,台新-建北,2024-08-01,8151
2609,陽明,91,69,22,台新-建北,2024-08-01,8151
3376,新日興,30,9,21,台新-建北,2024-08-01,8151
00686R,群益臺灣加權反1,20,0,20,台新-建北,2024-08-01,8151
2851,中再保,20,0,20,台新-建北,2024-08-01,8151
5508,永信建,52,32,20,台新-建北,2024-08-01,8151
3019,亞光,53,34,19,台新-建北,2024-08-01,8151
6205,詮欣,19,0,19,台新-建北,2024-08-01,8151
2316,楠梓電,20,1,19,台新-建北,2024-08-01,8151
2527,宏璟,30,11,19,台新-建北,2024-08-01,8151
6177,達麗,35,17,18,台新-建北,2024-08-01,8151
3024,憶聲,25,7,18,台新-建北,2024-08-01,8151
00881,國泰台灣5G+,18,0,18,台新-建北,2024-08-01,8151
00919,群益台灣精選高息,49,31,18,台新-建北,2024-08-01,8151
5864,致和證,17,0,17,台新-建北,2024-08-01,8151
2393,億光,17,1,16,台新-建北,2024-08-01,8151
00932,兆豐永續高息等權,16,0,16,台新-建北,2024-08-01,8151
3056,富華新,16,0,16,台新-建北,2024-08-01,8151
3037,欣興,67,52,15,台新-建北,2024-08-01,8151
3580,友威科,46,31,15,台新-建北,2024-08-01,8151
00878,國泰永續高股息,408,23,385,台新-建北,2024-08-02,8151
2882,國泰金,360,1,359,台新-建北,2024-08-02,8151
00929,復華台灣科技優息,346,29,317,台新-建北,2024-08-02,8151
00919,群益台灣精選高息,312,31,281,台新-建北,2024-08-02,8151
00937B,群益ESG投等債20,291,27,264,台新-建北,2024-08-02,8151
00648R,元大S＆P500反1,240,25,215,台新-建北,2024-08-02,8151
00933B,國泰10Y+金融債,185,13,172,台新-建北,2024-08-02,8151
00940,元大台灣價值高息,159,1,158,台新-建北,2024-08-02,8151
00948B,中信優息投資級債,155,0,155,台新-建北,2024-08-02,8151
00751B,元大AAA至A公司債,133,6,127,台新-建北,2024-08-02,8151
00947,台新臺灣IC設計,140,22,118,台新-建北,2024-08-02,8151
2601,益航,100,0,100,台新-建北,2024-08-02,8151
00951,台新日本半導體,141,42,99,台新-建北,2024-08-02,8151
00679B,元大美債20年,121,23,98,台新-建北,2024-08-02,8151
00946,群益科技高息成長,98,0,98,台新-建北,2024-08-02,8151
0056,元大高股息,102,5,97,台新-建北,2024-08-02,8151
3663,鑫科,295,198,97,台新-建北,2024-08-02,8151
00675L,富邦臺灣加權正2,88,10,78,台新-建北,2024-08-02,8151
00665L,富邦�琤肭磪囓�2,70,0,70,台新-建北,2024-08-02,8151
4967,十銓,121,51,70,台新-建北,2024-08-02,8151
1708,東鹼,78,10,68,台新-建北,2024-08-02,8151
00932,兆豐永續高息等權,63,0,63,台新-建北,2024-08-02,8151
00687B,國泰20年美債,76,15,61,台新-建北,2024-08-02,8151
1532,勤美,61,0,61,台新-建北,2024-08-02,8151
2344,華邦電,91,31,60,台新-建北,2024-08-02,8151
2330,台積電,77,19,58,台新-建北,2024-08-02,8151
2022,聚亨,55,0,55,台新-建北,2024-08-02,8151
00918,大華優利高填息30,54,0,54,台新-建北,2024-08-02,8151
00881,國泰台灣5G+,52,1,51,台新-建北,2024-08-02,8151
2382,廣達,84,33,51,台新-建北,2024-08-02,8151
3689,湧德,71,20,51,台新-建北,2024-08-02,8151
3576,聯合再生,50,0,50,台新-建北,2024-08-02,8151
2408,南亞科,60,12,48,台新-建北,2024-08-02,8151
00650L,復華香港正2,47,0,47,台新-建北,2024-08-02,8151
2102,泰豐,79,33,46,台新-建北,2024-08-02,8151
3037,欣興,61,16,45,台新-建北,2024-08-02,8151
2101,南港,44,0,44,台新-建北,2024-08-02,8151
00830,國泰費城半導體,43,0,43,台新-建北,2024-08-02,8151
00712,復華富時不動產,111,68,43,台新-建北,2024-08-02,8151
2308,台達電,46,5,41,台新-建北,2024-08-02,8151
2520,冠德,64,23,41,台新-建北,2024-08-02,8151
5533,皇鼎,40,0,40,台新-建北,2024-08-02,8151
2506,太設,40,0,40,台新-建北,2024-08-02,8151
00934,中信成長高股息,106,69,37,台新-建北,2024-08-02,8151
00936,台新永續高息中小,39,3,36,台新-建北,2024-08-02,8151
006208,富邦台50,34,0,34,台新-建北,2024-08-02,8151
6706,惠特,40,7,33,台新-建北,2024-08-02,8151
5512,力麒,31,0,31,台新-建北,2024-08-02,8151
6021,美好證,38,8,30,台新-建北,2024-08-02,8151
2867,三商壽,32,2,30,台新-建北,2024-08-02,8151
00940,元大台灣價值高息,1369,204,1165,台新-建北,2024-08-05,8151
2882,國泰金,1114,19,1095,台新-建北,2024-08-05,8151
00878,國泰永續高股息,737,116,621,台新-建北,2024-08-05,8151
00929,復華台灣科技優息,759,146,613,台新-建北,2024-08-05,8151
00919,群益台灣精選高息,445,97,348,台新-建北,2024-08-05,8151
00680L,元大美債20正2,492,223,269,台新-建北,2024-08-05,8151
3663,鑫科,219,46,173,台新-建北,2024-08-05,8151
00712,復華富時不動產,194,25,169,台新-建北,2024-08-05,8151
2739,寒舍,126,6,120,台新-建北,2024-08-05,8151
2349,錸德,137,27,110,台新-建北,2024-08-05,8151
4162,智擎,121,12,109,台新-建北,2024-08-05,8151
00947,台新臺灣IC設計,124,16,108,台新-建北,2024-08-05,8151
00679B,元大美債20年,417,310,107,台新-建北,2024-08-05,8151
3481,群創,225,123,102,台新-建北,2024-08-05,8151
2409,友達,121,23,98,台新-建北,2024-08-05,8151
00675L,富邦臺灣加權正2,109,20,89,台新-建北,2024-08-05,8151
8477,創業家,80,0,80,台新-建北,2024-08-05,8151
00946,群益科技高息成長,101,23,78,台新-建北,2024-08-05,8151
2618,長榮航,91,16,75,台新-建北,2024-08-05,8151
2887,台新金,112,38,74,台新-建北,2024-08-05,8151
2834,臺企銀,87,17,70,台新-建北,2024-08-05,8151
1907,永豐餘,69,0,69,台新-建北,2024-08-05,8151
2884,玉山金,72,7,65,台新-建北,2024-08-05,8151
2330,台積電,137,73,64,台新-建北,2024-08-05,8151
00936,台新永續高息中小,64,4,60,台新-建北,2024-08-05,8151
00933B,國泰10Y+金融債,63,5,58,台新-建北,2024-08-05,8151
1304,台聚,52,2,50,台新-建北,2024-08-05,8151
2367,燿華,53,7,46,台新-建北,2024-08-05,8151
2317,鴻海,163,117,46,台新-建北,2024-08-05,8151
2812,台中銀,56,13,43,台新-建北,2024-08-05,8151
2886,兆豐金,46,4,42,台新-建北,2024-08-05,8151
00915,凱基優選高股息30,48,8,40,台新-建北,2024-08-05,8151
006208,富邦台50,66,26,40,台新-建北,2024-08-05,8151
2891,中信金,85,46,39,台新-建北,2024-08-05,8151
00918,大華優利高填息30,47,9,38,台新-建北,2024-08-05,8151
2923,鼎固-KY,36,0,36,台新-建北,2024-08-05,8151
6706,惠特,36,1,35,台新-建北,2024-08-05,8151
2102,泰豐,34,0,34,台新-建北,2024-08-05,8151
2929,淘帝-KY,34,0,34,台新-建北,2024-08-05,8151
00900,富邦特選高股息30,35,1,34,台新-建北,2024-08-05,8151
2308,台達電,46,12,34,台新-建北,2024-08-05,8151
00941,中信上游半導體,36,4,32,台新-建北,2024-08-05,8151
2615,萬海,64,33,31,台新-建北,2024-08-05,8151
00697B,元大美債7-10,30,0,30,台新-建北,2024-08-05,8151
3576,聯合再生,33,3,30,台新-建北,2024-08-05,8151
00686R,群益臺灣加權反1,30,0,30,台新-建北,2024-08-05,8151
00657,國泰日經225,30,0,30,台新-建北,2024-08-05,8151
2002,中鋼,51,22,29,台新-建北,2024-08-05,8151
6589,台康生技,30,1,29,台新-建北,2024-08-05,8151
2352,佳世達,29,1,28,台新-建北,2024-08-05,8151
2882,國泰金,238,0,238,台新-建北,2024-08-06,8151
4510,高鋒,295,66,229,台新-建北,2024-08-06,8151
2801,彰銀,216,10,206,台新-建北,2024-08-06,8151
0056,元大高股息,222,28,194,台新-建北,2024-08-06,8151
2317,鴻海,354,192,162,台新-建北,2024-08-06,8151
00937B,群益ESG投等債20,197,40,157,台新-建北,2024-08-06,8151
00929,復華台灣科技優息,254,134,120,台新-建北,2024-08-06,8151
2887,台新金,162,43,119,台新-建北,2024-08-06,8151
00679B,元大美債20年,218,104,114,台新-建北,2024-08-06,8151
1532,勤美,110,1,109,台新-建北,2024-08-06,8151
2888,新光金,133,33,100,台新-建北,2024-08-06,8151
2371,大同,104,12,92,台新-建北,2024-08-06,8151
00764B,群益25年美債,77,0,77,台新-建北,2024-08-06,8151
2351,順德,71,1,70,台新-建北,2024-08-06,8151
6706,惠特,78,11,67,台新-建北,2024-08-06,8151
00878,國泰永續高股息,167,102,65,台新-建北,2024-08-06,8151
3715,定穎投控,78,13,65,台新-建北,2024-08-06,8151
00664R,國泰臺灣加權反1,73,8,65,台新-建北,2024-08-06,8151
3003,健和興,71,10,61,台新-建北,2024-08-06,8151
00712,復華富時不動產,81,21,60,台新-建北,2024-08-06,8151
00948B,中信優息投資級債,58,0,58,台新-建北,2024-08-06,8151
00940,元大台灣價值高息,276,221,55,台新-建北,2024-08-06,8151
00951,台新日本半導體,53,0,53,台新-建北,2024-08-06,8151
00671R,富邦NASDAQ反1,50,0,50,台新-建北,2024-08-06,8151
00675L,富邦臺灣加權正2,60,14,46,台新-建北,2024-08-06,8151
2520,冠德,68,24,44,台新-建北,2024-08-06,8151
4958,臻鼎-KY,68,25,43,台新-建北,2024-08-06,8151
2515,中工,50,9,41,台新-建北,2024-08-06,8151
0050,元大台灣50,68,28,40,台新-建北,2024-08-06,8151
2023,燁輝,40,0,40,台新-建北,2024-08-06,8151
6205,詮欣,48,8,40,台新-建北,2024-08-06,8151
00936,台新永續高息中小,36,0,36,台新-建北,2024-08-06,8151
2486,一詮,79,44,35,台新-建北,2024-08-06,8151
2382,廣達,87,53,34,台新-建北,2024-08-06,8151
6126,信音,32,0,32,台新-建北,2024-08-06,8151
3048,益登,60,28,32,台新-建北,2024-08-06,8151
2002,中鋼,42,10,32,台新-建北,2024-08-06,8151
00686R,群益臺灣加權反1,30,0,30,台新-建北,2024-08-06,8151
4123,晟德,33,4,29,台新-建北,2024-08-06,8151
00900,富邦特選高股息30,30,1,29,台新-建北,2024-08-06,8151
1319,東陽,26,1,25,台新-建北,2024-08-06,8151
2603,長榮,61,37,24,台新-建北,2024-08-06,8151
00918,大華優利高填息30,24,0,24,台新-建北,2024-08-06,8151
00662,富邦NASDAQ,23,0,23,台新-建北,2024-08-06,8151
00919,群益台灣精選高息,145,123,22,台新-建北,2024-08-06,8151
3037,欣興,39,17,22,台新-建北,2024-08-06,8151
2834,臺企銀,25,4,21,台新-建北,2024-08-06,8151
3483,力致,23,3,20,台新-建北,2024-08-06,8151
00669R,國泰美國道瓊反1,20,0,20,台新-建北,2024-08-06,8151
00713,元大台灣高息低波,42,23,19,台新-建北,2024-08-06,8151
00676R,富邦臺灣加權反1,225,0,225,台新-建北,2024-08-07,8151
2882,國泰金,209,11,198,台新-建北,2024-08-07,8151
00937B,群益ESG投等債20,261,84,177,台新-建北,2024-08-07,8151
3356,奇偶,150,0,150,台新-建北,2024-08-07,8151
00632R,元大台灣50反1,672,540,132,台新-建北,2024-08-07,8151
00688L,國泰20年美債正2,119,0,119,台新-建北,2024-08-07,8151
00679B,元大美債20年,204,91,113,台新-建北,2024-08-07,8151
00929,復華台灣科技優息,312,208,104,台新-建北,2024-08-07,8151
00715L,期街口布蘭特正2,91,0,91,台新-建北,2024-08-07,8151
00878,國泰永續高股息,155,67,88,台新-建北,2024-08-07,8151
00948B,中信優息投資級債,61,0,61,台新-建北,2024-08-07,8151
00945B,凱基美國非投等債,48,0,48,台新-建北,2024-08-07,8151
2887,台新金,56,10,46,台新-建北,2024-08-07,8151
0056,元大高股息,82,36,46,台新-建北,2024-08-07,8151
00753L,中信中國50正2,40,0,40,台新-建北,2024-08-07,8151
00919,群益台灣精選高息,77,40,37,台新-建北,2024-08-07,8151
00931B,統一美債20年,45,9,36,台新-建北,2024-08-07,8151
00900,富邦特選高股息30,61,25,36,台新-建北,2024-08-07,8151
6274,台燿,45,9,36,台新-建北,2024-08-07,8151
6706,惠特,43,7,36,台新-建北,2024-08-07,8151
00680L,元大美債20正2,186,155,31,台新-建北,2024-08-07,8151
6205,詮欣,30,0,30,台新-建北,2024-08-07,8151
00933B,國泰10Y+金融債,33,3,30,台新-建北,2024-08-07,8151
1718,中纖,30,1,29,台新-建北,2024-08-07,8151
2382,廣達,84,56,28,台新-建北,2024-08-07,8151
00687B,國泰20年美債,66,39,27,台新-建北,2024-08-07,8151
2408,南亞科,37,10,27,台新-建北,2024-08-07,8151
2230,泰茂,28,2,26,台新-建北,2024-08-07,8151
3105,穩懋,27,2,25,台新-建北,2024-08-07,8151
6213,聯茂,34,9,25,台新-建北,2024-08-07,8151
00671R,富邦NASDAQ反1,25,0,25,台新-建北,2024-08-07,8151
3481,群創,37,13,24,台新-建北,2024-08-07,8151
5011,久陽,24,0,24,台新-建北,2024-08-07,8151
00947,台新臺灣IC設計,30,6,24,台新-建北,2024-08-07,8151
00713,元大台灣高息低波,26,3,23,台新-建北,2024-08-07,8151
1540,喬福,209,187,22,台新-建北,2024-08-07,8151
2449,京元電子,77,56,21,台新-建北,2024-08-07,8151
00675L,富邦臺灣加權正2,24,3,21,台新-建北,2024-08-07,8151
00941,中信上游半導體,20,0,20,台新-建北,2024-08-07,8151
3583,辛耘,58,38,20,台新-建北,2024-08-07,8151
00751B,元大AAA至A公司債,18,0,18,台新-建北,2024-08-07,8151
4540,全球傳動,25,7,18,台新-建北,2024-08-07,8151
8076,伍豐,22,5,17,台新-建北,2024-08-07,8151
2460,建通,16,0,16,台新-建北,2024-08-07,8151
8034,榮群,17,1,16,台新-建北,2024-08-07,8151
00664R,國泰臺灣加權反1,16,0,16,台新-建北,2024-08-07,8151
3374,精材,34,19,15,台新-建北,2024-08-07,8151
3489,森寶,15,0,15,台新-建北,2024-08-07,8151
00905,FT臺灣Smart,15,0,15,台新-建北,2024-08-07,8151
5371,中光電,14,0,14,台新-建北,2024-08-07,8151
2882,國泰金,454,19,435,台新-建北,2024-08-08,8151
00679B,元大美債20年,431,96,335,台新-建北,2024-08-08,8151
00680L,元大美債20正2,279,5,274,台新-建北,2024-08-08,8151
00648R,元大S＆P500反1,240,0,240,台新-建北,2024-08-08,8151
00753L,中信中國50正2,210,0,210,台新-建北,2024-08-08,8151
00688L,國泰20年美債正2,228,37,191,台新-建北,2024-08-08,8151
00940,元大台灣價值高息,189,35,154,台新-建北,2024-08-08,8151
00878,國泰永續高股息,175,23,152,台新-建北,2024-08-08,8151
00937B,群益ESG投等債20,585,471,114,台新-建北,2024-08-08,8151
00929,復華台灣科技優息,161,59,102,台新-建北,2024-08-08,8151
3715,定穎投控,162,70,92,台新-建北,2024-08-08,8151
00919,群益台灣精選高息,72,9,63,台新-建北,2024-08-08,8151
00951,台新日本半導體,58,0,58,台新-建北,2024-08-08,8151
2886,兆豐金,55,0,55,台新-建北,2024-08-08,8151
2834,臺企銀,52,2,50,台新-建北,2024-08-08,8151
2520,冠德,57,7,50,台新-建北,2024-08-08,8151
2610,華航,59,17,42,台新-建北,2024-08-08,8151
00637L,元大滬深300正2,50,9,41,台新-建北,2024-08-08,8151
6706,惠特,41,0,41,台新-建北,2024-08-08,8151
00687B,國泰20年美債,105,67,38,台新-建北,2024-08-08,8151
2633,台灣高鐵,35,0,35,台新-建北,2024-08-08,8151
2317,鴻海,144,112,32,台新-建北,2024-08-08,8151
2102,泰豐,32,0,32,台新-建北,2024-08-08,8151
1582,信錦,32,0,32,台新-建北,2024-08-08,8151
00933B,國泰10Y+金融債,32,0,32,台新-建北,2024-08-08,8151
4123,晟德,32,1,31,台新-建北,2024-08-08,8151
3481,群創,34,5,29,台新-建北,2024-08-08,8151
00931B,統一美債20年,28,0,28,台新-建北,2024-08-08,8151
00651R,復華香港反1,26,0,26,台新-建北,2024-08-08,8151
2609,陽明,41,16,25,台新-建北,2024-08-08,8151
00948B,中信優息投資級債,25,0,25,台新-建北,2024-08-08,8151
5519,隆大,60,35,25,台新-建北,2024-08-08,8151
2892,第一金,24,0,24,台新-建北,2024-08-08,8151
6177,達麗,22,0,22,台新-建北,2024-08-08,8151
00942B,台新美A公司債20+,21,0,21,台新-建北,2024-08-08,8151
2409,友達,27,6,21,台新-建北,2024-08-08,8151
3131,弘塑,21,1,20,台新-建北,2024-08-08,8151
9946,三發地產,20,0,20,台新-建北,2024-08-08,8151
1513,中興電,28,9,19,台新-建北,2024-08-08,8151
6446,藥華藥,30,11,19,台新-建北,2024-08-08,8151
00675L,富邦臺灣加權正2,18,0,18,台新-建北,2024-08-08,8151
8028,昇陽半導體,51,34,17,台新-建北,2024-08-08,8151
2382,廣達,61,45,16,台新-建北,2024-08-08,8151
00900,富邦特選高股息30,16,0,16,台新-建北,2024-08-08,8151
3591,艾笛森,20,4,16,台新-建北,2024-08-08,8151
00946,群益科技高息成長,20,4,16,台新-建北,2024-08-08,8151
00881,國泰台灣5G+,17,2,15,台新-建北,2024-08-08,8151
00947,台新臺灣IC設計,19,4,15,台新-建北,2024-08-08,8151
1808,潤隆,20,5,15,台新-建北,2024-08-08,8151
1540,喬福,110,95,15,台新-建北,2024-08-08,8151
00937B,群益ESG投等債20,727,54,673,台新-建北,2024-08-09,8151
00679B,元大美債20年,493,100,393,台新-建北,2024-08-09,8151
6552,易華電,300,0,300,台新-建北,2024-08-09,8151
2882,國泰金,304,24,280,台新-建北,2024-08-09,8151
00632R,元大台灣50反1,334,172,162,台新-建北,2024-08-09,8151
2365,昆盈,461,343,118,台新-建北,2024-08-09,8151
6661,威健生技,76,0,76,台新-建北,2024-08-09,8151
4720,德淵,73,0,73,台新-建北,2024-08-09,8151
2023,燁輝,70,0,70,台新-建北,2024-08-09,8151
00919,群益台灣精選高息,120,57,63,台新-建北,2024-08-09,8151
3019,亞光,81,20,61,台新-建北,2024-08-09,8151
6205,詮欣,58,0,58,台新-建北,2024-08-09,8151
00942B,台新美A公司債20+,55,0,55,台新-建北,2024-08-09,8151
5203,訊連,52,0,52,台新-建北,2024-08-09,8151
9921,巨大,59,7,52,台新-建北,2024-08-09,8151
00929,復華台灣科技優息,120,71,49,台新-建北,2024-08-09,8151
2349,錸德,73,25,48,台新-建北,2024-08-09,8151
00651R,復華香港反1,47,0,47,台新-建北,2024-08-09,8151
00931B,統一美債20年,62,16,46,台新-建北,2024-08-09,8151
6443,元晶,52,6,46,台新-建北,2024-08-09,8151
00933B,國泰10Y+金融債,76,30,46,台新-建北,2024-08-09,8151
4526,東台,46,1,45,台新-建北,2024-08-09,8151
00945B,凱基美國非投等債,41,0,41,台新-建北,2024-08-09,8151
3036,文曄,61,21,40,台新-建北,2024-08-09,8151
6215,和椿,60,20,40,台新-建北,2024-08-09,8151
3481,群創,65,27,38,台新-建北,2024-08-09,8151
2887,台新金,44,12,32,台新-建北,2024-08-09,8151
00675L,富邦臺灣加權正2,46,16,30,台新-建北,2024-08-09,8151
2607,榮運,30,0,30,台新-建北,2024-08-09,8151
3040,遠見,41,12,29,台新-建北,2024-08-09,8151
6179,亞通,29,0,29,台新-建北,2024-08-09,8151
00857B,永豐20年美公債,28,0,28,台新-建北,2024-08-09,8151
9924,福興,26,0,26,台新-建北,2024-08-09,8151
4174,浩鼎,31,6,25,台新-建北,2024-08-09,8151
4534,慶騰,30,5,25,台新-建北,2024-08-09,8151
3708,上緯投控,25,1,24,台新-建北,2024-08-09,8151
2903,遠百,24,0,24,台新-建北,2024-08-09,8151
00631L,元大台灣50正2,32,8,24,台新-建北,2024-08-09,8151
2520,冠德,24,1,23,台新-建北,2024-08-09,8151
3522,御嵿,22,0,22,台新-建北,2024-08-09,8151
00941,中信上游半導體,66,45,21,台新-建北,2024-08-09,8151
2515,中工,43,22,21,台新-建北,2024-08-09,8151
1528,恩德,20,0,20,台新-建北,2024-08-09,8151
1321,大洋,20,0,20,台新-建北,2024-08-09,8151
6603,富強鑫,122,104,18,台新-建北,2024-08-09,8151
00951,台新日本半導體,23,5,18,台新-建北,2024-08-09,8151
6538,倉和,17,0,17,台新-建北,2024-08-09,8151
2890,永豐金,23,6,17,台新-建北,2024-08-09,8151
2489,瑞軒,68,52,16,台新-建北,2024-08-09,8151
3230,錦明,16,0,16,台新-建北,2024-08-09,8151
2867,三商壽,525,0,525,台新-建北,2024-08-12,8151
00937B,群益ESG投等債20,457,24,433,台新-建北,2024-08-12,8151
00679B,元大美債20年,400,0,400,台新-建北,2024-08-12,8151
00706L,期元大S＆P日圓正2,293,10,283,台新-建北,2024-08-12,8151
2882,國泰金,214,1,213,台新-建北,2024-08-12,8151
3576,聯合再生,197,1,196,台新-建北,2024-08-12,8151
2542,興富發,210,72,138,台新-建北,2024-08-12,8151
00878,國泰永續高股息,170,68,102,台新-建北,2024-08-12,8151
4303,信立,105,4,101,台新-建北,2024-08-12,8151
3441,聯一光,100,0,100,台新-建北,2024-08-12,8151
00687B,國泰20年美債,119,25,94,台新-建北,2024-08-12,8151
1609,大亞,99,18,81,台新-建北,2024-08-12,8151
2891,中信金,79,6,73,台新-建北,2024-08-12,8151
00929,復華台灣科技優息,96,24,72,台新-建北,2024-08-12,8151
00688L,國泰20年美債正2,70,6,64,台新-建北,2024-08-12,8151
3003,健和興,67,5,62,台新-建北,2024-08-12,8151
9105,泰金寶-DR,63,3,60,台新-建北,2024-08-12,8151
00676R,富邦臺灣加權反1,60,0,60,台新-建北,2024-08-12,8151
2888,新光金,176,118,58,台新-建北,2024-08-12,8151
00933B,國泰10Y+金融債,64,10,54,台新-建北,2024-08-12,8151
1532,勤美,50,0,50,台新-建北,2024-08-12,8151
2312,金寶,188,145,43,台新-建北,2024-08-12,8151
00715L,期街口布蘭特正2,41,5,36,台新-建北,2024-08-12,8151
1513,中興電,79,45,34,台新-建北,2024-08-12,8151
00918,大華優利高填息30,50,19,31,台新-建北,2024-08-12,8151
2351,順德,30,0,30,台新-建北,2024-08-12,8151
00946,群益科技高息成長,29,0,29,台新-建北,2024-08-12,8151
8011,台通,31,7,24,台新-建北,2024-08-12,8151
4561,健椿,30,7,23,台新-建北,2024-08-12,8151
2365,昆盈,137,114,23,台新-建北,2024-08-12,8151
2356,英業達,25,4,21,台新-建北,2024-08-12,8151
6782,視陽,20,0,20,台新-建北,2024-08-12,8151
3645,達邁,24,4,20,台新-建北,2024-08-12,8151
2718,全心投控,20,0,20,台新-建北,2024-08-12,8151
3631,晟楠,20,0,20,台新-建北,2024-08-12,8151
6285,啟��,24,4,20,台新-建北,2024-08-12,8151
6949,沛爾生醫-創,19,0,19,台新-建北,2024-08-12,8151
5213,亞昕,19,0,19,台新-建北,2024-08-12,8151
3048,益登,30,12,18,台新-建北,2024-08-12,8151
4123,晟德,18,0,18,台新-建北,2024-08-12,8151
3017,奇鋐,40,22,18,台新-建北,2024-08-12,8151
3522,御嵿,17,0,17,台新-建北,2024-08-12,8151
3324,雙鴻,20,3,17,台新-建北,2024-08-12,8151
00631L,元大台灣50正2,26,9,17,台新-建北,2024-08-12,8151
4526,東台,21,5,16,台新-建北,2024-08-12,8151
1463,強盛新,15,0,15,台新-建北,2024-08-12,8151
6205,詮欣,16,2,14,台新-建北,2024-08-12,8151
2886,兆豐金,13,0,13,台新-建北,2024-08-12,8151
6187,萬潤,25,13,12,台新-建北,2024-08-12,8151
6156,松上,12,0,12,台新-建北,2024-08-12,8151
00632R,元大台灣50反1,1114,460,654,台新-建北,2024-08-13,8151
00937B,群益ESG投等債20,401,70,331,台新-建北,2024-08-13,8151
1532,勤美,249,0,249,台新-建北,2024-08-13,8151
2882,國泰金,204,8,196,台新-建北,2024-08-13,8151
8477,創業家,200,8,192,台新-建北,2024-08-13,8151
00679B,元大美債20年,185,0,185,台新-建北,2024-08-13,8151
3663,鑫科,257,73,184,台新-建北,2024-08-13,8151
00929,復華台灣科技優息,264,124,140,台新-建北,2024-08-13,8151
00712,復華富時不動產,128,0,128,台新-建北,2024-08-13,8151
00878,國泰永續高股息,147,22,125,台新-建北,2024-08-13,8151
00942B,台新美A公司債20+,110,0,110,台新-建北,2024-08-13,8151
2880,華南金,130,21,109,台新-建北,2024-08-13,8151
2102,泰豐,80,0,80,台新-建北,2024-08-13,8151
00948B,中信優息投資級債,62,0,62,台新-建北,2024-08-13,8151
2362,藍天,61,3,58,台新-建北,2024-08-13,8151
3019,亞光,118,63,55,台新-建北,2024-08-13,8151
00945B,凱基美國非投等債,50,0,50,台新-建北,2024-08-13,8151
6446,藥華藥,58,11,47,台新-建北,2024-08-13,8151
2543,皇昌,92,46,46,台新-建北,2024-08-13,8151
00688L,國泰20年美債正2,50,5,45,台新-建北,2024-08-13,8151
00919,群益台灣精選高息,48,4,44,台新-建北,2024-08-13,8151
9105,泰金寶-DR,91,48,43,台新-建北,2024-08-13,8151
8085,福華,44,3,41,台新-建北,2024-08-13,8151
2476,鉅祥,46,5,41,台新-建北,2024-08-13,8151
3003,健和興,48,8,40,台新-建北,2024-08-13,8151
1513,中興電,83,44,39,台新-建北,2024-08-13,8151
2739,寒舍,41,4,37,台新-建北,2024-08-13,8151
2892,第一金,35,0,35,台新-建北,2024-08-13,8151
00725B,國泰投資級公司債,40,5,35,台新-建北,2024-08-13,8151
00687B,國泰20年美債,39,5,34,台新-建北,2024-08-13,8151
2354,鴻準,35,2,33,台新-建北,2024-08-13,8151
00676R,富邦臺灣加權反1,30,0,30,台新-建北,2024-08-13,8151
00931B,統一美債20年,30,1,29,台新-建北,2024-08-13,8151
4716,大立,26,1,25,台新-建北,2024-08-13,8151
2603,長榮,29,4,25,台新-建北,2024-08-13,8151
00664R,國泰臺灣加權反1,125,100,25,台新-建北,2024-08-13,8151
4979,華星光,32,9,23,台新-建北,2024-08-13,8151
2359,所羅門,104,82,22,台新-建北,2024-08-13,8151
2834,臺企銀,22,0,22,台新-建北,2024-08-13,8151
5213,亞昕,22,1,21,台新-建北,2024-08-13,8151
2615,萬海,97,76,21,台新-建北,2024-08-13,8151
2801,彰銀,21,1,20,台新-建北,2024-08-13,8151
3037,欣興,28,12,16,台新-建北,2024-08-13,8151
6603,富強鑫,17,1,16,台新-建北,2024-08-13,8151
00719B,元大美債1-3,15,0,15,台新-建北,2024-08-13,8151
6532,瑞耘,17,2,15,台新-建北,2024-08-13,8151
2520,冠德,26,11,15,台新-建北,2024-08-13,8151
00940,元大台灣價值高息,21,6,15,台新-建北,2024-08-13,8151
2888,新光金,106,92,14,台新-建北,2024-08-13,8151
2367,燿華,18,4,14,台新-建北,2024-08-13,8151
00878,國泰永續高股息,390,28,362,台新-建北,2024-08-14,8151
00937B,群益ESG投等債20,296,33,263,台新-建北,2024-08-14,8151
2882,國泰金,220,4,216,台新-建北,2024-08-14,8151
00795B,中信美國公債20年,200,13,187,台新-建北,2024-08-14,8151
00929,復華台灣科技優息,237,83,154,台新-建北,2024-08-14,8151
00687B,國泰20年美債,168,42,126,台新-建北,2024-08-14,8151
2888,新光金,150,36,114,台新-建北,2024-08-14,8151
3663,鑫科,139,29,110,台新-建北,2024-08-14,8151
2349,錸德,136,40,96,台新-建北,2024-08-14,8151
00688L,國泰20年美債正2,100,8,92,台新-建北,2024-08-14,8151
00680L,元大美債20正2,108,37,71,台新-建北,2024-08-14,8151
2312,金寶,70,8,62,台新-建北,2024-08-14,8151
00933B,國泰10Y+金融債,62,0,62,台新-建北,2024-08-14,8151
2397,友通,63,3,60,台新-建北,2024-08-14,8151
8043,蜜望實,78,18,60,台新-建北,2024-08-14,8151
6692,進能服,55,0,55,台新-建北,2024-08-14,8151
00931B,統一美債20年,55,6,49,台新-建北,2024-08-14,8151
3535,晶彩科,73,29,44,台新-建北,2024-08-14,8151
2880,華南金,44,0,44,台新-建北,2024-08-14,8151
2615,萬海,65,27,38,台新-建北,2024-08-14,8151
2002,中鋼,39,2,37,台新-建北,2024-08-14,8151
2618,長榮航,50,15,35,台新-建北,2024-08-14,8151
4534,慶騰,37,3,34,台新-建北,2024-08-14,8151
00900,富邦特選高股息30,42,13,29,台新-建北,2024-08-14,8151
020031,統一IC設計臺灣N,27,0,27,台新-建北,2024-08-14,8151
00712,復華富時不動產,49,22,27,台新-建北,2024-08-14,8151
2337,旺宏,30,5,25,台新-建北,2024-08-14,8151
4513,福裕,81,57,24,台新-建北,2024-08-14,8151
3303,岱稜,55,32,23,台新-建北,2024-08-14,8151
3048,益登,26,4,22,台新-建北,2024-08-14,8151
00936,台新永續高息中小,25,3,22,台新-建北,2024-08-14,8151
6223,旺矽,27,6,21,台新-建北,2024-08-14,8151
00631L,元大台灣50正2,30,9,21,台新-建北,2024-08-14,8151
1101,台泥,46,26,20,台新-建北,2024-08-14,8151
020034,元大IC設計N,20,0,20,台新-建北,2024-08-14,8151
00642U,期元大S＆P石油,20,0,20,台新-建北,2024-08-14,8151
3003,健和興,21,1,20,台新-建北,2024-08-14,8151
8440,綠電,47,28,19,台新-建北,2024-08-14,8151
1597,直得,27,9,18,台新-建北,2024-08-14,8151
6213,聯茂,29,11,18,台新-建北,2024-08-14,8151
2441,超豐,18,0,18,台新-建北,2024-08-14,8151
6244,茂迪,21,4,17,台新-建北,2024-08-14,8151
3013,晟銘電,59,44,15,台新-建北,2024-08-14,8151
6446,藥華藥,46,31,15,台新-建北,2024-08-14,8151
00719B,元大美債1-3,15,0,15,台新-建北,2024-08-14,8151
5443,均豪,65,51,14,台新-建北,2024-08-14,8151
3518,柏騰,27,13,14,台新-建北,2024-08-14,8151
00715L,期街口布蘭特正2,14,0,14,台新-建北,2024-08-14,8151
4720,德淵,13,0,13,台新-建北,2024-08-14,8151
2801,彰銀,13,0,13,台新-建北,2024-08-14,8151
00632R,元大台灣50反1,1472,100,1372,台新-建北,2024-08-15,8151
00878,國泰永續高股息,439,43,396,台新-建北,2024-08-15,8151
2882,國泰金,326,1,325,台新-建北,2024-08-15,8151
00687B,國泰20年美債,198,5,193,台新-建北,2024-08-15,8151
00680L,元大美債20正2,184,29,155,台新-建北,2024-08-15,8151
2303,聯電,149,6,143,台新-建北,2024-08-15,8151
00900,富邦特選高股息30,114,1,113,台新-建北,2024-08-15,8151
00936,台新永續高息中小,109,3,106,台新-建北,2024-08-15,8151
3591,艾笛森,100,0,100,台新-建北,2024-08-15,8151
00881,國泰台灣5G+,417,320,97,台新-建北,2024-08-15,8151
3663,鑫科,288,212,76,台新-建北,2024-08-15,8151
00676R,富邦臺灣加權反1,70,0,70,台新-建北,2024-08-15,8151
2376,技嘉,75,8,67,台新-建北,2024-08-15,8151
2609,陽明,94,32,62,台新-建北,2024-08-15,8151
00671R,富邦NASDAQ反1,60,0,60,台新-建北,2024-08-15,8151
00664R,國泰臺灣加權反1,55,0,55,台新-建北,2024-08-15,8151
2102,泰豐,52,0,52,台新-建北,2024-08-15,8151
2349,錸德,97,49,48,台新-建北,2024-08-15,8151
00931B,統一美債20年,47,0,47,台新-建北,2024-08-15,8151
9945,潤泰新,50,7,43,台新-建北,2024-08-15,8151
2887,台新金,42,2,40,台新-建北,2024-08-15,8151
4549,桓達,43,4,39,台新-建北,2024-08-15,8151
00712,復華富時不動產,37,0,37,台新-建北,2024-08-15,8151
2317,鴻海,100,64,36,台新-建北,2024-08-15,8151
2543,皇昌,111,78,33,台新-建北,2024-08-15,8151
5512,力麒,36,3,33,台新-建北,2024-08-15,8151
3583,辛耘,45,13,32,台新-建北,2024-08-15,8151
8390,金益鼎,32,0,32,台新-建北,2024-08-15,8151
4113,聯上,32,1,31,台新-建北,2024-08-15,8151
4513,福裕,85,55,30,台新-建北,2024-08-15,8151
00940,元大台灣價值高息,30,0,30,台新-建北,2024-08-15,8151
3017,奇鋐,33,4,29,台新-建北,2024-08-15,8151
00688L,國泰20年美債正2,27,0,27,台新-建北,2024-08-15,8151
1702,南僑,31,4,27,台新-建北,2024-08-15,8151
3322,建舜電,29,3,26,台新-建北,2024-08-15,8151
2880,華南金,26,2,24,台新-建北,2024-08-15,8151
1514,亞力,62,38,24,台新-建北,2024-08-15,8151
2312,金寶,52,29,23,台新-建北,2024-08-15,8151
5905,南仁湖,33,11,22,台新-建北,2024-08-15,8151
3062,建漢,28,7,21,台新-建北,2024-08-15,8151
2886,兆豐金,21,0,21,台新-建北,2024-08-15,8151
2929,淘帝-KY,20,0,20,台新-建北,2024-08-15,8151
6015,宏遠證,20,0,20,台新-建北,2024-08-15,8151
6219,富旺,21,1,20,台新-建北,2024-08-15,8151
00795B,中信美國公債20年,20,0,20,台新-建北,2024-08-15,8151
8070,長華*,34,14,20,台新-建北,2024-08-15,8151
00915,凱基優選高股息30,19,0,19,台新-建北,2024-08-15,8151
9105,泰金寶-DR,20,1,19,台新-建北,2024-08-15,8151
3673,TPK-KY,32,13,19,台新-建北,2024-08-15,8151
3712,永崴投控,19,1,18,台新-建北,2024-08-15,8151
00675L,富邦臺灣加權正2,303,0,303,台新-建北,2024-08-16,8151
00937B,群益ESG投等債20,307,66,241,台新-建北,2024-08-16,8151
2882,國泰金,212,12,200,台新-建北,2024-08-16,8151
4526,東台,203,3,200,台新-建北,2024-08-16,8151
2888,新光金,231,49,182,台新-建北,2024-08-16,8151
00687B,國泰20年美債,148,6,142,台新-建北,2024-08-16,8151
5512,力麒,106,0,106,台新-建北,2024-08-16,8151
2845,遠東銀,156,60,96,台新-建北,2024-08-16,8151
2615,萬海,108,14,94,台新-建北,2024-08-16,8151
8043,蜜望實,185,94,91,台新-建北,2024-08-16,8151
00929,復華台灣科技優息,109,19,90,台新-建北,2024-08-16,8151
00680L,元大美債20正2,91,14,77,台新-建北,2024-08-16,8151
00688L,國泰20年美債正2,70,0,70,台新-建北,2024-08-16,8151
00900,富邦特選高股息30,63,0,63,台新-建北,2024-08-16,8151
2312,金寶,66,4,62,台新-建北,2024-08-16,8151
5011,久陽,73,12,61,台新-建北,2024-08-16,8151
00878,國泰永續高股息,117,57,60,台新-建北,2024-08-16,8151
00931B,統一美債20年,58,2,56,台新-建北,2024-08-16,8151
2436,偉詮電,50,0,50,台新-建北,2024-08-16,8151
00664R,國泰臺灣加權反1,50,0,50,台新-建北,2024-08-16,8151
00665L,富邦�琤肭磪囓�2,60,10,50,台新-建北,2024-08-16,8151
8096,擎亞,274,228,46,台新-建北,2024-08-16,8151
1597,直得,47,2,45,台新-建北,2024-08-16,8151
2371,大同,42,0,42,台新-建北,2024-08-16,8151
1711,永光,40,0,40,台新-建北,2024-08-16,8151
3535,晶彩科,158,118,40,台新-建北,2024-08-16,8151
4549,桓達,52,13,39,台新-建北,2024-08-16,8151
00857B,永豐20年美公債,43,6,37,台新-建北,2024-08-16,8151
4716,大立,57,21,36,台新-建北,2024-08-16,8151
00712,復華富時不動產,35,4,31,台新-建北,2024-08-16,8151
00915,凱基優選高股息30,33,2,31,台新-建北,2024-08-16,8151
00919,群益台灣精選高息,42,11,31,台新-建北,2024-08-16,8151
2603,長榮,34,6,28,台新-建北,2024-08-16,8151
2349,錸德,63,35,28,台新-建北,2024-08-16,8151
2867,三商壽,33,5,28,台新-建北,2024-08-16,8151
4562,穎漢,71,44,27,台新-建北,2024-08-16,8151
00764B,群益25年美債,27,0,27,台新-建北,2024-08-16,8151
1532,勤美,27,0,27,台新-建北,2024-08-16,8151
2543,皇昌,48,21,27,台新-建北,2024-08-16,8151
6215,和椿,40,14,26,台新-建北,2024-08-16,8151
5474,聰泰,25,0,25,台新-建北,2024-08-16,8151
4909,新復興,31,6,25,台新-建北,2024-08-16,8151
00696B,富邦美債20年,24,0,24,台新-建北,2024-08-16,8151
2062,橋椿,78,54,24,台新-建北,2024-08-16,8151
2364,倫飛,43,19,24,台新-建北,2024-08-16,8151
8927,北基,34,10,24,台新-建北,2024-08-16,8151
2356,英業達,29,6,23,台新-建北,2024-08-16,8151
00753L,中信中國50正2,20,0,20,台新-建北,2024-08-16,8151
8064,東捷,32,12,20,台新-建北,2024-08-16,8151
6244,茂迪,20,0,20,台新-建北,2024-08-16,8151
00687B,國泰20年美債,453,24,429,台新-建北,2024-08-19,8151
2882,國泰金,409,1,408,台新-建北,2024-08-19,8151
00937B,群益ESG投等債20,391,20,371,台新-建北,2024-08-19,8151
2888,新光金,483,191,292,台新-建北,2024-08-19,8151
00948B,中信優息投資級債,244,0,244,台新-建北,2024-08-19,8151
00931B,統一美債20年,156,0,156,台新-建北,2024-08-19,8151
8028,昇陽半導體,199,62,137,台新-建北,2024-08-19,8151
2462,良得電,109,0,109,台新-建北,2024-08-19,8151
00795B,中信美國公債20年,106,0,106,台新-建北,2024-08-19,8151
00933B,國泰10Y+金融債,126,20,106,台新-建北,2024-08-19,8151
00650L,復華香港正2,100,0,100,台新-建北,2024-08-19,8151
00929,復華台灣科技優息,112,30,82,台新-建北,2024-08-19,8151
00947,台新臺灣IC設計,130,49,81,台新-建北,2024-08-19,8151
2062,橋椿,123,53,70,台新-建北,2024-08-19,8151
3522,御嵿,72,3,69,台新-建北,2024-08-19,8151
5512,力麒,63,0,63,台新-建北,2024-08-19,8151
9955,佳龍,115,56,59,台新-建北,2024-08-19,8151
00712,復華富時不動產,52,0,52,台新-建北,2024-08-19,8151
2332,友訊,50,0,50,台新-建北,2024-08-19,8151
00679B,元大美債20年,86,37,49,台新-建北,2024-08-19,8151
2534,宏盛,47,2,45,台新-建北,2024-08-19,8151
6877,鏵友益,70,26,44,台新-建北,2024-08-19,8151
6125,廣運,73,29,44,台新-建北,2024-08-19,8151
3188,鑫龍騰,48,5,43,台新-建北,2024-08-19,8151
00945B,凱基美國非投等債,43,0,43,台新-建北,2024-08-19,8151
2002,中鋼,42,0,42,台新-建北,2024-08-19,8151
00878,國泰永續高股息,62,20,42,台新-建北,2024-08-19,8151
2609,陽明,38,1,37,台新-建北,2024-08-19,8151
9904,寶成,41,5,36,台新-建北,2024-08-19,8151
1608,華榮,33,0,33,台新-建北,2024-08-19,8151
00664R,國泰臺灣加權反1,32,0,32,台新-建北,2024-08-19,8151
00665L,富邦�琤肭磪囓�2,30,0,30,台新-建北,2024-08-19,8151
3047,訊舟,199,170,29,台新-建北,2024-08-19,8151
4974,亞泰,28,0,28,台新-建北,2024-08-19,8151
1584,精剛,56,30,26,台新-建北,2024-08-19,8151
1708,東鹼,25,0,25,台新-建北,2024-08-19,8151
6443,元晶,25,0,25,台新-建北,2024-08-19,8151
3450,聯鈞,37,12,25,台新-建北,2024-08-19,8151
1514,亞力,25,1,24,台新-建北,2024-08-19,8151
00915,凱基優選高股息30,25,1,24,台新-建北,2024-08-19,8151
2356,英業達,24,2,22,台新-建北,2024-08-19,8151
00857B,永豐20年美公債,22,0,22,台新-建北,2024-08-19,8151
00680L,元大美債20正2,31,9,22,台新-建北,2024-08-19,8151
2351,順德,29,7,22,台新-建北,2024-08-19,8151
5521,工信,21,0,21,台新-建北,2024-08-19,8151
1799,易威,21,0,21,台新-建北,2024-08-19,8151
2883,凱基金,31,10,21,台新-建北,2024-08-19,8151
1319,東陽,20,0,20,台新-建北,2024-08-19,8151
00719B,元大美債1-3,20,0,20,台新-建北,2024-08-19,8151
5488,松普,20,0,20,台新-建北,2024-08-19,8151
00937B,群益ESG投等債20,357,68,289,台新-建北,2024-08-20,8151
00650L,復華香港正2,251,0,251,台新-建北,2024-08-20,8151
2882,國泰金,235,0,235,台新-建北,2024-08-20,8151
00923,群益台ESG低碳50,217,1,216,台新-建北,2024-08-20,8151
2888,新光金,747,588,159,台新-建北,2024-08-20,8151
1532,勤美,143,1,142,台新-建北,2024-08-20,8151
00680L,元大美債20正2,117,0,117,台新-建北,2024-08-20,8151
2543,皇昌,238,133,105,台新-建北,2024-08-20,8151
00675L,富邦臺灣加權正2,90,0,90,台新-建北,2024-08-20,8151
00715L,期街口布蘭特正2,82,2,80,台新-建北,2024-08-20,8151
3019,亞光,80,16,64,台新-建北,2024-08-20,8151
3188,鑫龍騰,68,10,58,台新-建北,2024-08-20,8151
2929,淘帝-KY,56,0,56,台新-建北,2024-08-20,8151
00933B,國泰10Y+金融債,66,10,56,台新-建北,2024-08-20,8151
00929,復華台灣科技優息,77,25,52,台新-建北,2024-08-20,8151
2887,台新金,56,5,51,台新-建北,2024-08-20,8151
1597,直得,57,6,51,台新-建北,2024-08-20,8151
6806,森崴能源,63,13,50,台新-建北,2024-08-20,8151
00940,元大台灣價值高息,114,69,45,台新-建北,2024-08-20,8151
6215,和椿,48,8,40,台新-建北,2024-08-20,8151
00712,復華富時不動產,45,10,35,台新-建北,2024-08-20,8151
2881,富邦金,33,0,33,台新-建北,2024-08-20,8151
1732,毛寶,31,0,31,台新-建北,2024-08-20,8151
00919,群益台灣精選高息,46,15,31,台新-建北,2024-08-20,8151
2201,裕隆,30,0,30,台新-建北,2024-08-20,8151
00688L,國泰20年美債正2,28,0,28,台新-建北,2024-08-20,8151
3583,辛耘,42,14,28,台新-建北,2024-08-20,8151
9945,潤泰新,28,1,27,台新-建北,2024-08-20,8151
3450,聯鈞,61,34,27,台新-建北,2024-08-20,8151
9958,世紀鋼,31,5,26,台新-建北,2024-08-20,8151
2520,冠德,37,11,26,台新-建北,2024-08-20,8151
00671R,富邦NASDAQ反1,25,0,25,台新-建北,2024-08-20,8151
2204,中華,27,2,25,台新-建北,2024-08-20,8151
3047,訊舟,94,70,24,台新-建北,2024-08-20,8151
3528,安馳,28,5,23,台新-建北,2024-08-20,8151
00931B,統一美債20年,23,0,23,台新-建北,2024-08-20,8151
00900,富邦特選高股息30,37,15,22,台新-建北,2024-08-20,8151
5011,久陽,26,5,21,台新-建北,2024-08-20,8151
8071,能率網通,31,10,21,台新-建北,2024-08-20,8151
9955,佳龍,47,26,21,台新-建北,2024-08-20,8151
2351,順德,29,9,20,台新-建北,2024-08-20,8151
00945B,凱基美國非投等債,20,0,20,台新-建北,2024-08-20,8151
00664R,國泰臺灣加權反1,20,0,20,台新-建北,2024-08-20,8151
6546,正基,46,26,20,台新-建北,2024-08-20,8151
2455,全新,21,1,20,台新-建北,2024-08-20,8151
6223,旺矽,22,2,20,台新-建北,2024-08-20,8151
2890,永豐金,20,1,19,台新-建北,2024-08-20,8151
5484,慧友,26,7,19,台新-建北,2024-08-20,8151
4714,永捷,25,8,17,台新-建北,2024-08-20,8151
6603,富強鑫,17,0,17,台新-建北,2024-08-20,8151
2888,新光金,25622,312,25310,台新-建北,2024-08-21,8151
2412,中華電,334,0,334,台新-建北,2024-08-21,8151
2891,中信金,252,12,240,台新-建北,2024-08-21,8151
2882,國泰金,200,0,200,台新-建北,2024-08-21,8151
00919,群益台灣精選高息,101,27,74,台新-建北,2024-08-21,8151
4127,天良,70,0,70,台新-建北,2024-08-21,8151
4109,加捷生醫,72,3,69,台新-建北,2024-08-21,8151
1708,東鹼,65,0,65,台新-建北,2024-08-21,8151
6906,現觀科,60,0,60,台新-建北,2024-08-21,8151
6187,萬潤,60,3,57,台新-建北,2024-08-21,8151
4909,新復興,72,20,52,台新-建北,2024-08-21,8151
6505,台塑化,52,0,52,台新-建北,2024-08-21,8151
2845,遠東銀,60,10,50,台新-建北,2024-08-21,8151
2002,中鋼,50,1,49,台新-建北,2024-08-21,8151
3707,漢磊,56,7,49,台新-建北,2024-08-21,8151
8028,昇陽半導體,80,32,48,台新-建北,2024-08-21,8151
6757,台灣虎航,90,42,48,台新-建北,2024-08-21,8151
2929,淘帝-KY,70,24,46,台新-建北,2024-08-21,8151
3019,亞光,111,67,44,台新-建北,2024-08-21,8151
00929,復華台灣科技優息,113,76,37,台新-建北,2024-08-21,8151
1513,中興電,46,11,35,台新-建北,2024-08-21,8151
00945B,凱基美國非投等債,35,0,35,台新-建北,2024-08-21,8151
00632R,元大台灣50反1,50,18,32,台新-建北,2024-08-21,8151
2867,三商壽,30,0,30,台新-建北,2024-08-21,8151
4123,晟德,30,0,30,台新-建北,2024-08-21,8151
4303,信立,30,1,29,台新-建北,2024-08-21,8151
3047,訊舟,190,162,28,台新-建北,2024-08-21,8151
00878,國泰永續高股息,63,35,28,台新-建北,2024-08-21,8151
00715L,期街口布蘭特正2,27,0,27,台新-建北,2024-08-21,8151
2543,皇昌,115,88,27,台新-建北,2024-08-21,8151
6195,詩肯,26,0,26,台新-建北,2024-08-21,8151
00923,群益台ESG低碳50,26,0,26,台新-建北,2024-08-21,8151
00675L,富邦臺灣加權正2,25,0,25,台新-建北,2024-08-21,8151
6546,正基,26,1,25,台新-建北,2024-08-21,8151
00650L,復華香港正2,24,0,24,台新-建北,2024-08-21,8151
6451,訊芯-KY,26,3,23,台新-建北,2024-08-21,8151
3580,友威科,123,101,22,台新-建北,2024-08-21,8151
3324,雙鴻,22,2,20,台新-建北,2024-08-21,8151
3062,建漢,103,83,20,台新-建北,2024-08-21,8151
2801,彰銀,20,0,20,台新-建北,2024-08-21,8151
1711,永光,21,3,18,台新-建北,2024-08-21,8151
5905,南仁湖,190,173,17,台新-建北,2024-08-21,8151
2356,英業達,30,14,16,台新-建北,2024-08-21,8151
3689,湧德,19,3,16,台新-建北,2024-08-21,8151
00642U,期元大S＆P石油,16,0,16,台新-建北,2024-08-21,8151
00665L,富邦�琤肭磪囓�2,15,0,15,台新-建北,2024-08-21,8151
1514,亞力,32,17,15,台新-建北,2024-08-21,8151
2312,金寶,21,7,14,台新-建北,2024-08-21,8151
2886,兆豐金,16,3,13,台新-建北,2024-08-21,8151
6805,富世達,18,5,13,台新-建北,2024-08-21,8151
2882,國泰金,349,50,299,台新-建北,2024-08-22,8151
00632R,元大台灣50反1,142,0,142,台新-建北,2024-08-22,8151
6104,創惟,142,6,136,台新-建北,2024-08-22,8151
00687B,國泰20年美債,135,6,129,台新-建北,2024-08-22,8151
1409,新纖,108,1,107,台新-建北,2024-08-22,8151
2891,中信金,127,22,105,台新-建北,2024-08-22,8151
00937B,群益ESG投等債20,156,53,103,台新-建北,2024-08-22,8151
2323,中環,101,1,100,台新-建北,2024-08-22,8151
00948B,中信優息投資級債,80,2,78,台新-建北,2024-08-22,8151
2609,陽明,72,10,62,台新-建北,2024-08-22,8151
3049,精金,50,0,50,台新-建北,2024-08-22,8151
00878,國泰永續高股息,60,11,49,台新-建北,2024-08-22,8151
3663,鑫科,645,605,40,台新-建北,2024-08-22,8151
2349,錸德,460,421,39,台新-建北,2024-08-22,8151
00679B,元大美債20年,74,37,37,台新-建北,2024-08-22,8151
00954,中信日本半導體,30,0,30,台新-建北,2024-08-22,8151
00676R,富邦臺灣加權反1,30,0,30,台新-建北,2024-08-22,8151
3227,原相,53,24,29,台新-建北,2024-08-22,8151
8096,擎亞,316,289,27,台新-建北,2024-08-22,8151
00940,元大台灣價值高息,28,2,26,台新-建北,2024-08-22,8151
00929,復華台灣科技優息,40,14,26,台新-建北,2024-08-22,8151
00680L,元大美債20正2,38,13,25,台新-建北,2024-08-22,8151
00712,復華富時不動產,26,1,25,台新-建北,2024-08-22,8151
4123,晟德,25,0,25,台新-建北,2024-08-22,8151
5498,凱崴,24,0,24,台新-建北,2024-08-22,8151
2890,永豐金,25,2,23,台新-建北,2024-08-22,8151
2359,所羅門,45,22,23,台新-建北,2024-08-22,8151
00715L,期街口布蘭特正2,23,0,23,台新-建北,2024-08-22,8151
3167,大量,77,55,22,台新-建北,2024-08-22,8151
2543,皇昌,147,125,22,台新-建北,2024-08-22,8151
00923,群益台ESG低碳50,25,4,21,台新-建北,2024-08-22,8151
3645,達邁,20,0,20,台新-建北,2024-08-22,8151
2429,銘旺科,20,0,20,台新-建北,2024-08-22,8151
1514,亞力,96,78,18,台新-建北,2024-08-22,8151
1809,中釉,18,0,18,台新-建北,2024-08-22,8151
5905,南仁湖,75,58,17,台新-建北,2024-08-22,8151
2382,廣達,21,4,17,台新-建北,2024-08-22,8151
8043,蜜望實,29,13,16,台新-建北,2024-08-22,8151
2867,三商壽,16,0,16,台新-建北,2024-08-22,8151
2376,技嘉,16,1,15,台新-建北,2024-08-22,8151
8103,瀚荃,22,7,15,台新-建北,2024-08-22,8151
00688L,國泰20年美債正2,15,0,15,台新-建北,2024-08-22,8151
2476,鉅祥,24,9,15,台新-建北,2024-08-22,8151
2233,宇隆,15,0,15,台新-建北,2024-08-22,8151
1717,長興,67,52,15,台新-建北,2024-08-22,8151
2317,鴻海,61,46,15,台新-建北,2024-08-22,8151
6906,現觀科,15,0,15,台新-建北,2024-08-22,8151
2409,友達,29,14,15,台新-建北,2024-08-22,8151
3062,建漢,29,15,14,台新-建北,2024-08-22,8151
5202,力新,16,2,14,台新-建北,2024-08-22,8151
2888,新光金,1748,1387,361,台新-建北,2024-08-23,8151
2882,國泰金,300,7,293,台新-建北,2024-08-23,8151
00687B,國泰20年美債,167,5,162,台新-建北,2024-08-23,8151
2891,中信金,144,46,98,台新-建北,2024-08-23,8151
00937B,群益ESG投等債20,97,14,83,台新-建北,2024-08-23,8151
00927,群益半導體收益,85,4,81,台新-建北,2024-08-23,8151
6187,萬潤,81,0,81,台新-建北,2024-08-23,8151
00953B,群益優選非投等債,77,0,77,台新-建北,2024-08-23,8151
2929,淘帝-KY,75,9,66,台新-建北,2024-08-23,8151
00919,群益台灣精選高息,91,29,62,台新-建北,2024-08-23,8151
00772B,中信高評級公司債,51,0,51,台新-建北,2024-08-23,8151
1326,台化,50,0,50,台新-建北,2024-08-23,8151
1514,亞力,63,14,49,台新-建北,2024-08-23,8151
00933B,國泰10Y+金融債,54,5,49,台新-建北,2024-08-23,8151
1711,永光,224,177,47,台新-建北,2024-08-23,8151
1708,東鹼,79,34,45,台新-建北,2024-08-23,8151
2364,倫飛,62,19,43,台新-建北,2024-08-23,8151
00712,復華富時不動產,51,11,40,台新-建北,2024-08-23,8151
1709,和益,40,0,40,台新-建北,2024-08-23,8151
00948B,中信優息投資級債,50,10,40,台新-建北,2024-08-23,8151
6223,旺矽,49,13,36,台新-建北,2024-08-23,8151
00795B,中信美國公債20年,32,0,32,台新-建北,2024-08-23,8151
4513,福裕,95,65,30,台新-建北,2024-08-23,8151
00931B,統一美債20年,28,0,28,台新-建北,2024-08-23,8151
00929,復華台灣科技優息,60,33,27,台新-建北,2024-08-23,8151
00688L,國泰20年美債正2,27,0,27,台新-建北,2024-08-23,8151
3167,大量,60,35,25,台新-建北,2024-08-23,8151
1314,中石化,59,34,25,台新-建北,2024-08-23,8151
3581,博磊,29,5,24,台新-建北,2024-08-23,8151
1721,三晃,76,52,24,台新-建北,2024-08-23,8151
3163,波若威,58,36,22,台新-建北,2024-08-23,8151
2524,京城,70,48,22,台新-建北,2024-08-23,8151
00648R,元大S＆P500反1,21,0,21,台新-建北,2024-08-23,8151
2542,興富發,20,0,20,台新-建北,2024-08-23,8151
3390,旭軟,29,10,19,台新-建北,2024-08-23,8151
00680L,元大美債20正2,111,92,19,台新-建北,2024-08-23,8151
8107,大億金茂,30,11,19,台新-建北,2024-08-23,8151
00932,兆豐永續高息等權,19,0,19,台新-建北,2024-08-23,8151
3580,友威科,52,34,18,台新-建北,2024-08-23,8151
1727,中華化,88,70,18,台新-建北,2024-08-23,8151
2314,台揚,17,2,15,台新-建北,2024-08-23,8151
3062,建漢,23,8,15,台新-建北,2024-08-23,8151
3450,聯鈞,50,35,15,台新-建北,2024-08-23,8151
00951,台新日本半導體,14,0,14,台新-建北,2024-08-23,8151
1717,長興,51,38,13,台新-建北,2024-08-23,8151
1591,駿吉-KY,13,0,13,台新-建北,2024-08-23,8151
1815,富喬,15,2,13,台新-建北,2024-08-23,8151
5443,均豪,179,167,12,台新-建北,2024-08-23,8151
6213,聯茂,22,10,12,台新-建北,2024-08-23,8151
8080,印鉐,12,0,12,台新-建北,2024-08-23,8151
2888,新光金,2628,1833,795,台新-建北,2024-08-26,8151
00680L,元大美債20正2,190,70,120,台新-建北,2024-08-26,8151
2409,友達,122,3,119,台新-建北,2024-08-26,8151
00688L,國泰20年美債正2,111,0,111,台新-建北,2024-08-26,8151
2515,中工,100,2,98,台新-建北,2024-08-26,8151
00687B,國泰20年美債,97,0,97,台新-建北,2024-08-26,8151
2884,玉山金,101,7,94,台新-建北,2024-08-26,8151
8374,羅昇,90,6,84,台新-建北,2024-08-26,8151
8438,昶昕,86,6,80,台新-建北,2024-08-26,8151
5905,南仁湖,65,5,60,台新-建北,2024-08-26,8151
3663,鑫科,87,30,57,台新-建北,2024-08-26,8151
00724B,群益投資級金融債,50,0,50,台新-建北,2024-08-26,8151
6116,彩晶,50,1,49,台新-建北,2024-08-26,8151
00947,台新臺灣IC設計,44,1,43,台新-建北,2024-08-26,8151
4909,新復興,45,4,41,台新-建北,2024-08-26,8151
1514,亞力,43,10,33,台新-建北,2024-08-26,8151
00679B,元大美債20年,36,4,32,台新-建北,2024-08-26,8151
3062,建漢,45,14,31,台新-建北,2024-08-26,8151
3522,御嵿,30,0,30,台新-建北,2024-08-26,8151
00933B,國泰10Y+金融債,30,0,30,台新-建北,2024-08-26,8151
00929,復華台灣科技優息,127,100,27,台新-建北,2024-08-26,8151
2891,中信金,104,77,27,台新-建北,2024-08-26,8151
2388,威盛,31,6,25,台新-建北,2024-08-26,8151
3167,大量,48,24,24,台新-建北,2024-08-26,8151
3689,湧德,37,13,24,台新-建北,2024-08-26,8151
3163,波若威,41,18,23,台新-建北,2024-08-26,8151
2376,技嘉,86,66,20,台新-建北,2024-08-26,8151
3188,鑫龍騰,21,1,20,台新-建北,2024-08-26,8151
5328,華容,20,0,20,台新-建北,2024-08-26,8151
4540,全球傳動,33,15,18,台新-建北,2024-08-26,8151
9958,世紀鋼,20,2,18,台新-建北,2024-08-26,8151
5481,新華,26,9,17,台新-建北,2024-08-26,8151
2467,志聖,99,82,17,台新-建北,2024-08-26,8151
00895,富邦未來車,18,1,17,台新-建北,2024-08-26,8151
00651R,復華香港反1,16,0,16,台新-建北,2024-08-26,8151
4903,聯光通,15,0,15,台新-建北,2024-08-26,8151
006208,富邦台50,15,0,15,台新-建北,2024-08-26,8151
2402,毅嘉,588,574,14,台新-建北,2024-08-26,8151
6143,振曜,31,17,14,台新-建北,2024-08-26,8151
1708,東鹼,17,3,14,台新-建北,2024-08-26,8151
1560,中砂,35,21,14,台新-建北,2024-08-26,8151
8089,康全電訊,18,4,14,台新-建北,2024-08-26,8151
4768,晶呈科技,14,1,13,台新-建北,2024-08-26,8151
1742,台蠟,13,0,13,台新-建北,2024-08-26,8151
6706,惠特,18,5,13,台新-建北,2024-08-26,8151
6531,愛普*,15,2,13,台新-建北,2024-08-26,8151
2542,興富發,15,4,11,台新-建北,2024-08-26,8151
6190,萬泰科,11,0,11,台新-建北,2024-08-26,8151
8021,尖點,16,5,11,台新-建北,2024-08-26,8151
2736,富野,10,0,10,台新-建北,2024-08-26,8151
2888,新光金,9623,1584,8039,台新-建北,2024-08-27,8151
00881,國泰台灣5G+,265,3,262,台新-建北,2024-08-27,8151
2882,國泰金,218,0,218,台新-建北,2024-08-27,8151
00632R,元大台灣50反1,194,36,158,台新-建北,2024-08-27,8151
8438,昶昕,173,16,157,台新-建北,2024-08-27,8151
00919,群益台灣精選高息,134,2,132,台新-建北,2024-08-27,8151
2515,中工,120,3,117,台新-建北,2024-08-27,8151
2337,旺宏,100,0,100,台新-建北,2024-08-27,8151
00933B,國泰10Y+金融債,94,0,94,台新-建北,2024-08-27,8151
3481,群創,230,149,81,台新-建北,2024-08-27,8151
2465,麗臺,79,1,78,台新-建北,2024-08-27,8151
00751B,元大AAA至A公司債,71,0,71,台新-建北,2024-08-27,8151
2891,中信金,88,23,65,台新-建北,2024-08-27,8151
00929,復華台灣科技優息,269,215,54,台新-建北,2024-08-27,8151
00687B,國泰20年美債,64,13,51,台新-建北,2024-08-27,8151
00773B,中信優先金融債,50,0,50,台新-建北,2024-08-27,8151
2603,長榮,53,4,49,台新-建北,2024-08-27,8151
00680L,元大美債20正2,49,0,49,台新-建北,2024-08-27,8151
2371,大同,40,0,40,台新-建北,2024-08-27,8151
00679B,元大美債20年,41,3,38,台新-建北,2024-08-27,8151
00688L,國泰20年美債正2,34,0,34,台新-建北,2024-08-27,8151
00772B,中信高評級公司債,30,0,30,台新-建北,2024-08-27,8151
6223,旺矽,39,13,26,台新-建北,2024-08-27,8151
00951,台新日本半導體,26,0,26,台新-建北,2024-08-27,8151
1301,台塑,31,5,26,台新-建北,2024-08-27,8151
2388,威盛,24,2,22,台新-建北,2024-08-27,8151
9906,欣巴巴,41,19,22,台新-建北,2024-08-27,8151
5484,慧友,23,1,22,台新-建北,2024-08-27,8151
8110,華東,20,0,20,台新-建北,2024-08-27,8151
1587,吉茂,20,0,20,台新-建北,2024-08-27,8151
3550,聯穎,23,3,20,台新-建北,2024-08-27,8151
8071,能率網通,34,15,19,台新-建北,2024-08-27,8151
1815,富喬,27,8,19,台新-建北,2024-08-27,8151
2382,廣達,31,13,18,台新-建北,2024-08-27,8151
00895,富邦未來車,18,0,18,台新-建北,2024-08-27,8151
4303,信立,25,7,18,台新-建北,2024-08-27,8151
3702,大聯大,18,0,18,台新-建北,2024-08-27,8151
8027,鈦昇,24,6,18,台新-建北,2024-08-27,8151
00948B,中信優息投資級債,21,4,17,台新-建北,2024-08-27,8151
4561,健椿,25,8,17,台新-建北,2024-08-27,8151
9955,佳龍,27,10,17,台新-建北,2024-08-27,8151
5871,中租-KY,16,0,16,台新-建北,2024-08-27,8151
6877,鏵友益,28,12,16,台新-建北,2024-08-27,8151
00631L,元大台灣50正2,15,0,15,台新-建北,2024-08-27,8151
5213,亞昕,15,0,15,台新-建北,2024-08-27,8151
4510,高鋒,33,18,15,台新-建北,2024-08-27,8151
1799,易威,15,0,15,台新-建北,2024-08-27,8151
6101,寬魚國際,16,1,15,台新-建北,2024-08-27,8151
2317,鴻海,23,8,15,台新-建北,2024-08-27,8151
3217,優群,14,0,14,台新-建北,2024-08-27,8151
2891,中信金,282,20,262,台新-建北,2024-08-28,8151
4303,信立,215,18,197,台新-建北,2024-08-28,8151
00959B,大華投等美債15Y+,197,0,197,台新-建北,2024-08-28,8151
3663,鑫科,193,53,140,台新-建北,2024-08-28,8151
2313,華通,171,34,137,台新-建北,2024-08-28,8151
3481,群創,323,201,122,台新-建北,2024-08-28,8151
3062,建漢,281,168,113,台新-建北,2024-08-28,8151
00632R,元大台灣50反1,111,50,61,台新-建北,2024-08-28,8151
00942B,台新美A公司債20+,51,1,50,台新-建北,2024-08-28,8151
00940,元大台灣價值高息,51,1,50,台新-建北,2024-08-28,8151
00680L,元大美債20正2,49,0,49,台新-建北,2024-08-28,8151
2449,京元電子,66,19,47,台新-建北,2024-08-28,8151
6451,訊芯-KY,65,23,42,台新-建北,2024-08-28,8151
2880,華南金,42,0,42,台新-建北,2024-08-28,8151
3189,景碩,46,5,41,台新-建北,2024-08-28,8151
8039,台虹,157,117,40,台新-建北,2024-08-28,8151
2887,台新金,46,6,40,台新-建北,2024-08-28,8151
00934,中信成長高股息,40,1,39,台新-建北,2024-08-28,8151
00919,群益台灣精選高息,60,22,38,台新-建北,2024-08-28,8151
3581,博磊,68,35,33,台新-建北,2024-08-28,8151
2618,長榮航,33,2,31,台新-建北,2024-08-28,8151
2367,燿華,67,36,31,台新-建北,2024-08-28,8151
1514,亞力,38,8,30,台新-建北,2024-08-28,8151
2543,皇昌,69,39,30,台新-建北,2024-08-28,8151
3015,全漢,29,2,27,台新-建北,2024-08-28,8151
3013,晟銘電,32,5,27,台新-建北,2024-08-28,8151
2371,大同,25,1,24,台新-建北,2024-08-28,8151
9105,泰金寶-DR,23,0,23,台新-建北,2024-08-28,8151
3580,友威科,54,32,22,台新-建北,2024-08-28,8151
1303,南亞,23,1,22,台新-建北,2024-08-28,8151
2208,台船,19,0,19,台新-建北,2024-08-28,8151
00949,復華日本龍頭,18,0,18,台新-建北,2024-08-28,8151
00895,富邦未來車,18,0,18,台新-建北,2024-08-28,8151
2467,志聖,73,56,17,台新-建北,2024-08-28,8151
2633,台灣高鐵,17,0,17,台新-建北,2024-08-28,8151
2357,華碩,16,0,16,台新-建北,2024-08-28,8151
4903,聯光通,16,0,16,台新-建北,2024-08-28,8151
3163,波若威,73,57,16,台新-建北,2024-08-28,8151
2882,國泰金,118,102,16,台新-建北,2024-08-28,8151
2867,三商壽,25,10,15,台新-建北,2024-08-28,8151
6223,旺矽,21,7,14,台新-建北,2024-08-28,8151
5905,南仁湖,24,10,14,台新-建北,2024-08-28,8151
5213,亞昕,14,0,14,台新-建北,2024-08-28,8151
6405,悅城,17,3,14,台新-建北,2024-08-28,8151
4583,台灣精銳,15,1,14,台新-建北,2024-08-28,8151
4533,協易機,43,30,13,台新-建北,2024-08-28,8151
3188,鑫龍騰,14,1,13,台新-建北,2024-08-28,8151
00753L,中信中國50正2,13,0,13,台新-建北,2024-08-28,8151
8064,東捷,137,124,13,台新-建北,2024-08-28,8151
3312,弘憶股,41,28,13,台新-建北,2024-08-28,8151
2888,新光金,5056,481,4575,台新-建北,2024-08-29,8151
00632R,元大台灣50反1,370,1,369,台新-建北,2024-08-29,8151
00687B,國泰20年美債,255,35,220,台新-建北,2024-08-29,8151
3663,鑫科,328,124,204,台新-建北,2024-08-29,8151
2882,國泰金,166,2,164,台新-建北,2024-08-29,8151
00773B,中信優先金融債,130,0,130,台新-建北,2024-08-29,8151
2891,中信金,174,57,117,台新-建北,2024-08-29,8151
00948B,中信優息投資級債,101,0,101,台新-建北,2024-08-29,8151
00937B,群益ESG投等債20,130,36,94,台新-建北,2024-08-29,8151
00959B,大華投等美債15Y+,86,0,86,台新-建北,2024-08-29,8151
00680L,元大美債20正2,76,0,76,台新-建北,2024-08-29,8151
00795B,中信美國公債20年,76,0,76,台新-建北,2024-08-29,8151
2367,燿華,204,130,74,台新-建北,2024-08-29,8151
5443,均豪,236,164,72,台新-建北,2024-08-29,8151
2887,台新金,75,5,70,台新-建北,2024-08-29,8151
2382,廣達,119,57,62,台新-建北,2024-08-29,8151
3289,宜特,62,2,60,台新-建北,2024-08-29,8151
00919,群益台灣精選高息,55,1,54,台新-建北,2024-08-29,8151
00878,國泰永續高股息,67,15,52,台新-建北,2024-08-29,8151
00761B,國泰A級公司債,50,0,50,台新-建北,2024-08-29,8151
2880,華南金,49,4,45,台新-建北,2024-08-29,8151
2455,全新,44,1,43,台新-建北,2024-08-29,8151
8027,鈦昇,41,0,41,台新-建北,2024-08-29,8151
6906,現觀科,30,0,30,台新-建北,2024-08-29,8151
3056,富華新,30,3,27,台新-建北,2024-08-29,8151
4127,天良,25,0,25,台新-建北,2024-08-29,8151
2890,永豐金,84,61,23,台新-建北,2024-08-29,8151
3003,健和興,23,0,23,台新-建北,2024-08-29,8151
8069,元太,36,13,23,台新-建北,2024-08-29,8151
8011,台通,35,14,21,台新-建北,2024-08-29,8151
00671R,富邦NASDAQ反1,20,0,20,台新-建北,2024-08-29,8151
5548,安倉,20,0,20,台新-建北,2024-08-29,8151
2317,鴻海,106,87,19,台新-建北,2024-08-29,8151
00940,元大台灣價值高息,42,23,19,台新-建北,2024-08-29,8151
4714,永捷,54,35,19,台新-建北,2024-08-29,8151
2929,淘帝-KY,18,0,18,台新-建北,2024-08-29,8151
8111,立��,49,32,17,台新-建北,2024-08-29,8151
1711,永光,158,141,17,台新-建北,2024-08-29,8151
00881,國泰台灣5G+,232,216,16,台新-建北,2024-08-29,8151
3645,達邁,16,0,16,台新-建北,2024-08-29,8151
8086,宏捷科,23,7,16,台新-建北,2024-08-29,8151
3481,群創,35,20,15,台新-建北,2024-08-29,8151
3680,家登,16,1,15,台新-建北,2024-08-29,8151
3669,圓展,15,0,15,台新-建北,2024-08-29,8151
2208,台船,15,0,15,台新-建北,2024-08-29,8151
00934,中信成長高股息,15,0,15,台新-建北,2024-08-29,8151
1708,東鹼,27,12,15,台新-建北,2024-08-29,8151
2426,鼎元,44,31,13,台新-建北,2024-08-29,8151
6160,欣技,13,0,13,台新-建北,2024-08-29,8151
4113,聯上,12,0,12,台新-建北,2024-08-29,8151
2888,新光金,2188,52,2136,台新-建北,2024-08-30,8151
2313,華通,174,53,121,台新-建北,2024-08-30,8151
00687B,國泰20年美債,140,24,116,台新-建北,2024-08-30,8151
2882,國泰金,89,5,84,台新-建北,2024-08-30,8151
9904,寶成,80,3,77,台新-建北,2024-08-30,8151
1101,台泥,67,0,67,台新-建北,2024-08-30,8151
6125,廣運,65,1,64,台新-建北,2024-08-30,8151
1785,光洋科,155,94,61,台新-建北,2024-08-30,8151
6863,永道-KY,72,12,60,台新-建北,2024-08-30,8151
2365,昆盈,66,7,59,台新-建北,2024-08-30,8151
00675L,富邦臺灣加權正2,45,0,45,台新-建北,2024-08-30,8151
2376,技嘉,46,3,43,台新-建北,2024-08-30,8151
1802,台玻,40,0,40,台新-建北,2024-08-30,8151
2891,中信金,39,1,38,台新-建北,2024-08-30,8151
00959B,大華投等美債15Y+,37,0,37,台新-建北,2024-08-30,8151
1711,永光,273,237,36,台新-建北,2024-08-30,8151
5213,亞昕,41,5,36,台新-建北,2024-08-30,8151
3062,建漢,95,62,33,台新-建北,2024-08-30,8151
00688L,國泰20年美債正2,54,21,33,台新-建北,2024-08-30,8151
1314,中石化,57,28,29,台新-建北,2024-08-30,8151
5443,均豪,198,169,29,台新-建北,2024-08-30,8151
8150,南茂,29,0,29,台新-建北,2024-08-30,8151
2537,聯上發,56,29,27,台新-建北,2024-08-30,8151
6213,聯茂,76,50,26,台新-建北,2024-08-30,8151
3390,旭軟,29,5,24,台新-建北,2024-08-30,8151
2543,皇昌,49,26,23,台新-建北,2024-08-30,8151
6274,台燿,53,30,23,台新-建北,2024-08-30,8151
8374,羅昇,28,6,22,台新-建北,2024-08-30,8151
3312,弘憶股,31,9,22,台新-建北,2024-08-30,8151
2367,燿華,208,187,21,台新-建北,2024-08-30,8151
3490,單井,23,2,21,台新-建北,2024-08-30,8151
6290,良維,22,1,21,台新-建北,2024-08-30,8151
4526,東台,327,307,20,台新-建北,2024-08-30,8151
1319,東陽,20,0,20,台新-建北,2024-08-30,8151
2545,皇翔,25,5,20,台新-建北,2024-08-30,8151
00949,復華日本龍頭,20,0,20,台新-建北,2024-08-30,8151
2420,新巨,21,3,18,台新-建北,2024-08-30,8151
00651R,復華香港反1,18,0,18,台新-建北,2024-08-30,8151
6021,美好證,18,0,18,台新-建北,2024-08-30,8151
00680L,元大美債20正2,68,50,18,台新-建北,2024-08-30,8151
2382,廣達,21,4,17,台新-建北,2024-08-30,8151
9958,世紀鋼,18,2,16,台新-建北,2024-08-30,8151
6104,創惟,39,23,16,台新-建北,2024-08-30,8151
00751B,元大AAA至A公司債,16,0,16,台新-建北,2024-08-30,8151
4303,信立,38,22,16,台新-建北,2024-08-30,8151
4716,大立,21,5,16,台新-建北,2024-08-30,8151
4569,六方科-KY,15,0,15,台新-建北,2024-08-30,8151
3011,今皓,15,1,14,台新-建北,2024-08-30,8151
3013,晟銘電,22,8,14,台新-建北,2024-08-30,8151
4545,銘鈺,16,2,14,台新-建北,2024-08-30,8151
2888,新光金,3066,648,2418,台新-建北,2024-09-02,8151
6863,永道-KY,144,13,131,台新-建北,2024-09-02,8151
00919,群益台灣精選高息,113,2,111,台新-建北,2024-09-02,8151
00937B,群益ESG投等債20,103,13,90,台新-建北,2024-09-02,8151
1532,勤美,82,2,80,台新-建北,2024-09-02,8151
00637L,元大滬深300正2,62,0,62,台新-建北,2024-09-02,8151
2515,中工,90,32,58,台新-建北,2024-09-02,8151
3481,群創,95,38,57,台新-建北,2024-09-02,8151
00733,富邦臺灣中小,56,0,56,台新-建北,2024-09-02,8151
3062,建漢,231,176,55,台新-建北,2024-09-02,8151
2367,燿華,95,41,54,台新-建北,2024-09-02,8151
00887,永豐中國科技50大,52,1,51,台新-建北,2024-09-02,8151
00918,大華優利高填息30,48,0,48,台新-建北,2024-09-02,8151
4979,華星光,59,14,45,台新-建北,2024-09-02,8151
8086,宏捷科,49,4,45,台新-建北,2024-09-02,8151
2486,一詮,60,23,37,台新-建北,2024-09-02,8151
00715L,期街口布蘭特正2,42,6,36,台新-建北,2024-09-02,8151
6953,家碩,34,0,34,台新-建北,2024-09-02,8151
00633L,富邦上証正2,33,0,33,台新-建北,2024-09-02,8151
00679B,元大美債20年,33,0,33,台新-建北,2024-09-02,8151
1815,富喬,32,0,32,台新-建北,2024-09-02,8151
3522,御嵿,34,2,32,台新-建北,2024-09-02,8151
2537,聯上發,36,10,26,台新-建北,2024-09-02,8151
3213,茂訊,27,2,25,台新-建北,2024-09-02,8151
6205,詮欣,23,0,23,台新-建北,2024-09-02,8151
2352,佳世達,37,15,22,台新-建北,2024-09-02,8151
2393,億光,24,2,22,台新-建北,2024-09-02,8151
00947,台新臺灣IC設計,22,0,22,台新-建北,2024-09-02,8151
4711,永純,20,0,20,台新-建北,2024-09-02,8151
4906,正文,35,15,20,台新-建北,2024-09-02,8151
1514,亞力,43,24,19,台新-建北,2024-09-02,8151
3498,陽程,19,0,19,台新-建北,2024-09-02,8151
3390,旭軟,38,19,19,台新-建北,2024-09-02,8151
00948B,中信優息投資級債,17,0,17,台新-建北,2024-09-02,8151
6855,數泓科,17,0,17,台新-建北,2024-09-02,8151
3050,鈺德,17,0,17,台新-建北,2024-09-02,8151
00751B,元大AAA至A公司債,17,0,17,台新-建北,2024-09-02,8151
8105,凌巨,119,102,17,台新-建北,2024-09-02,8151
00795B,中信美國公債20年,18,2,16,台新-建北,2024-09-02,8151
00959B,大華投等美債15Y+,16,0,16,台新-建北,2024-09-02,8151
4420,光明,15,0,15,台新-建北,2024-09-02,8151
2495,普安,27,12,15,台新-建北,2024-09-02,8151
3017,奇鋐,25,11,14,台新-建北,2024-09-02,8151
6869,雲豹能源,21,7,14,台新-建北,2024-09-02,8151
2609,陽明,15,1,14,台新-建北,2024-09-02,8151
2455,全新,30,17,13,台新-建北,2024-09-02,8151
3264,欣銓,14,1,13,台新-建北,2024-09-02,8151
8473,山林水,14,1,13,台新-建北,2024-09-02,8151
4513,福裕,22,10,12,台新-建北,2024-09-02,8151
4174,浩鼎,15,3,12,台新-建北,2024-09-02,8151
2888,新光金,3048,158,2890,台新-建北,2024-09-03,8151
00948B,中信優息投資級債,450,5,445,台新-建北,2024-09-03,8151
5245,智晶,312,0,312,台新-建北,2024-09-03,8151
00688L,國泰20年美債正2,275,0,275,台新-建北,2024-09-03,8151
00919,群益台灣精選高息,158,4,154,台新-建北,2024-09-03,8151
00918,大華優利高填息30,131,0,131,台新-建北,2024-09-03,8151
00959B,大華投等美債15Y+,109,0,109,台新-建北,2024-09-03,8151
00878,國泰永續高股息,110,2,108,台新-建北,2024-09-03,8151
00632R,元大台灣50反1,100,0,100,台新-建北,2024-09-03,8151
3481,群創,105,9,96,台新-建北,2024-09-03,8151
4510,高鋒,106,13,93,台新-建北,2024-09-03,8151
00687B,國泰20年美債,86,2,84,台新-建北,2024-09-03,8151
00633L,富邦上証正2,70,0,70,台新-建北,2024-09-03,8151
1815,富喬,149,80,69,台新-建北,2024-09-03,8151
5443,均豪,171,105,66,台新-建北,2024-09-03,8151
00937B,群益ESG投等債20,71,10,61,台新-建北,2024-09-03,8151
00679B,元大美債20年,60,0,60,台新-建北,2024-09-03,8151
6213,聯茂,105,46,59,台新-建北,2024-09-03,8151
00680L,元大美債20正2,57,1,56,台新-建北,2024-09-03,8151
2312,金寶,50,0,50,台新-建北,2024-09-03,8151
00951,台新日本半導體,49,0,49,台新-建北,2024-09-03,8151
00931B,統一美債20年,50,2,48,台新-建北,2024-09-03,8151
1795,美時,47,1,46,台新-建北,2024-09-03,8151
6125,廣運,57,12,45,台新-建北,2024-09-03,8151
4714,永捷,67,28,39,台新-建北,2024-09-03,8151
3290,東浦,54,16,38,台新-建北,2024-09-03,8151
00675L,富邦臺灣加權正2,36,0,36,台新-建北,2024-09-03,8151
2889,國票金,36,0,36,台新-建北,2024-09-03,8151
2515,中工,43,10,33,台新-建北,2024-09-03,8151
3714,富采,32,0,32,台新-建北,2024-09-03,8151
2486,一詮,66,35,31,台新-建北,2024-09-03,8151
3535,晶彩科,39,8,31,台新-建北,2024-09-03,8151
2534,宏盛,30,0,30,台新-建北,2024-09-03,8151
00936,台新永續高息中小,42,12,30,台新-建北,2024-09-03,8151
00787B,元大10年IG醫療債,29,0,29,台新-建北,2024-09-03,8151
4583,台灣精銳,35,7,28,台新-建北,2024-09-03,8151
3149,正達,82,54,28,台新-建北,2024-09-03,8151
3062,建漢,144,117,27,台新-建北,2024-09-03,8151
3702,大聯大,25,0,25,台新-建北,2024-09-03,8151
2323,中環,24,0,24,台新-建北,2024-09-03,8151
00934,中信成長高股息,24,1,23,台新-建北,2024-09-03,8151
9105,泰金寶-DR,22,0,22,台新-建北,2024-09-03,8151
8076,伍豐,36,14,22,台新-建北,2024-09-03,8151
3037,欣興,26,5,21,台新-建北,2024-09-03,8151
00915,凱基優選高股息30,31,10,21,台新-建北,2024-09-03,8151
3631,晟楠,20,0,20,台新-建北,2024-09-03,8151
1101,台泥,19,0,19,台新-建北,2024-09-03,8151
2845,遠東銀,21,2,19,台新-建北,2024-09-03,8151
2603,長榮,20,1,19,台新-建北,2024-09-03,8151
6290,良維,20,2,18,台新-建北,2024-09-03,8151
2888,新光金,2614,304,2310,台新-建北,2024-09-04,8151
2882,國泰金,501,4,497,台新-建北,2024-09-04,8151
00878,國泰永續高股息,341,22,319,台新-建北,2024-09-04,8151
00919,群益台灣精選高息,435,125,310,台新-建北,2024-09-04,8151
00680L,元大美債20正2,302,37,265,台新-建北,2024-09-04,8151
00881,國泰台灣5G+,218,19,199,台新-建北,2024-09-04,8151
1326,台化,192,0,192,台新-建北,2024-09-04,8151
00929,復華台灣科技優息,537,346,191,台新-建北,2024-09-04,8151
00937B,群益ESG投等債20,214,79,135,台新-建北,2024-09-04,8151
0056,元大高股息,143,19,124,台新-建北,2024-09-04,8151
00918,大華優利高填息30,135,12,123,台新-建北,2024-09-04,8151
2891,中信金,126,3,123,台新-建北,2024-09-04,8151
2408,南亞科,118,3,115,台新-建北,2024-09-04,8151
2834,臺企銀,95,0,95,台新-建北,2024-09-04,8151
1722,台肥,93,0,93,台新-建北,2024-09-04,8151
2317,鴻海,144,61,83,台新-建北,2024-09-04,8151
2002,中鋼,78,0,78,台新-建北,2024-09-04,8151
1795,美時,85,8,77,台新-建北,2024-09-04,8151
00951,台新日本半導體,73,0,73,台新-建北,2024-09-04,8151
00940,元大台灣價值高息,123,53,70,台新-建北,2024-09-04,8151
2330,台積電,126,56,70,台新-建北,2024-09-04,8151
3481,群創,129,63,66,台新-建北,2024-09-04,8151
4561,健椿,88,34,54,台新-建北,2024-09-04,8151
00915,凱基優選高股息30,53,0,53,台新-建北,2024-09-04,8151
6015,宏遠證,50,0,50,台新-建北,2024-09-04,8151
00923,群益台ESG低碳50,54,4,50,台新-建北,2024-09-04,8151
8374,羅昇,139,93,46,台新-建北,2024-09-04,8151
3037,欣興,52,7,45,台新-建北,2024-09-04,8151
00933B,國泰10Y+金融債,50,5,45,台新-建北,2024-09-04,8151
3081,聯亞,46,2,44,台新-建北,2024-09-04,8151
2929,淘帝-KY,44,0,44,台新-建北,2024-09-04,8151
006208,富邦台50,56,15,41,台新-建北,2024-09-04,8151
4716,大立,40,0,40,台新-建北,2024-09-04,8151
00637L,元大滬深300正2,39,1,38,台新-建北,2024-09-04,8151
00713,元大台灣高息低波,43,5,38,台新-建北,2024-09-04,8151
0050,元大台灣50,36,0,36,台新-建北,2024-09-04,8151
2881,富邦金,40,7,33,台新-建北,2024-09-04,8151
00642U,期元大S＆P石油,34,1,33,台新-建北,2024-09-04,8151
2887,台新金,38,6,32,台新-建北,2024-09-04,8151
8070,長華*,33,2,31,台新-建北,2024-09-04,8151
3707,漢磊,33,2,31,台新-建北,2024-09-04,8151
5880,合庫金,29,0,29,台新-建北,2024-09-04,8151
2886,兆豐金,31,3,28,台新-建北,2024-09-04,8151
1714,和桐,27,0,27,台新-建北,2024-09-04,8151
00932,兆豐永續高息等權,26,0,26,台新-建北,2024-09-04,8151
5386,青雲,26,0,26,台新-建北,2024-09-04,8151
00936,台新永續高息中小,25,0,25,台新-建北,2024-09-04,8151
00947,台新臺灣IC設計,24,0,24,台新-建北,2024-09-04,8151
6863,永道-KY,22,0,22,台新-建北,2024-09-04,8151
2610,華航,23,1,22,台新-建北,2024-09-04,8151
00632R,元大台灣50反1,1216,160,1056,台新-建北,2024-09-05,8151
2888,新光金,1041,297,744,台新-建北,2024-09-05,8151
2882,國泰金,253,5,248,台新-建北,2024-09-05,8151
00919,群益台灣精選高息,221,3,218,台新-建北,2024-09-05,8151
2317,鴻海,366,181,185,台新-建北,2024-09-05,8151
00680L,元大美債20正2,318,143,175,台新-建北,2024-09-05,8151
00712,復華富時不動產,159,0,159,台新-建北,2024-09-05,8151
4510,高鋒,454,343,111,台新-建北,2024-09-05,8151
00664R,國泰臺灣加權反1,106,0,106,台新-建北,2024-09-05,8151
1802,台玻,103,1,102,台新-建北,2024-09-05,8151
00953B,群益優選非投等債,96,0,96,台新-建北,2024-09-05,8151
00929,復華台灣科技優息,184,111,73,台新-建北,2024-09-05,8151
00687B,國泰20年美債,104,37,67,台新-建北,2024-09-05,8151
00918,大華優利高填息30,63,0,63,台新-建北,2024-09-05,8151
3481,群創,67,6,61,台新-建北,2024-09-05,8151
00878,國泰永續高股息,77,16,61,台新-建北,2024-09-05,8151
2002,中鋼,61,1,60,台新-建北,2024-09-05,8151
4561,健椿,68,13,55,台新-建北,2024-09-05,8151
00715L,期街口布蘭特正2,55,3,52,台新-建北,2024-09-05,8151
00676R,富邦臺灣加權反1,50,0,50,台新-建北,2024-09-05,8151
00951,台新日本半導體,47,0,47,台新-建北,2024-09-05,8151
2543,皇昌,61,15,46,台新-建北,2024-09-05,8151
1806,冠軍,45,0,45,台新-建北,2024-09-05,8151
00633L,富邦上証正2,40,0,40,台新-建北,2024-09-05,8151
00881,國泰台灣5G+,43,4,39,台新-建北,2024-09-05,8151
2520,冠德,40,3,37,台新-建北,2024-09-05,8151
2834,臺企銀,34,0,34,台新-建北,2024-09-05,8151
4950,牧東,30,0,30,台新-建北,2024-09-05,8151
2633,台灣高鐵,29,0,29,台新-建北,2024-09-05,8151
2382,廣達,33,7,26,台新-建北,2024-09-05,8151
00940,元大台灣價值高息,29,3,26,台新-建北,2024-09-05,8151
6855,數泓科,26,0,26,台新-建北,2024-09-05,8151
0056,元大高股息,30,6,24,台新-建北,2024-09-05,8151
8401,白紗科,23,0,23,台新-建北,2024-09-05,8151
00943,兆豐電子高息等權,22,0,22,台新-建北,2024-09-05,8151
00657,國泰日經225,20,0,20,台新-建北,2024-09-05,8151
6244,茂迪,20,0,20,台新-建北,2024-09-05,8151
2313,華通,77,60,17,台新-建北,2024-09-05,8151
5011,久陽,16,0,16,台新-建北,2024-09-05,8151
2891,中信金,18,3,15,台新-建北,2024-09-05,8151
1314,中石化,19,5,14,台新-建北,2024-09-05,8151
2916,滿心,14,0,14,台新-建北,2024-09-05,8151
3498,陽程,14,0,14,台新-建北,2024-09-05,8151
6505,台塑化,15,1,14,台新-建北,2024-09-05,8151
2915,潤泰全,14,1,13,台新-建北,2024-09-05,8151
2208,台船,13,0,13,台新-建北,2024-09-05,8151
2408,南亞科,28,15,13,台新-建北,2024-09-05,8151
3037,欣興,23,11,12,台新-建北,2024-09-05,8151
006208,富邦台50,13,1,12,台新-建北,2024-09-05,8151
2392,正崴,33,22,11,台新-建北,2024-09-05,8151
00632R,元大台灣50反1,2277,2,2275,台新-建北,2024-09-06,8151
00680L,元大美債20正2,545,100,445,台新-建北,2024-09-06,8151
00687B,國泰20年美債,244,19,225,台新-建北,2024-09-06,8151
3024,憶聲,219,0,219,台新-建北,2024-09-06,8151
2882,國泰金,201,4,197,台新-建北,2024-09-06,8151
00713,元大台灣高息低波,106,0,106,台新-建北,2024-09-06,8151
4950,牧東,100,0,100,台新-建北,2024-09-06,8151
00919,群益台灣精選高息,107,15,92,台新-建北,2024-09-06,8151
00712,復華富時不動產,60,0,60,台新-建北,2024-09-06,8151
6505,台塑化,58,0,58,台新-建北,2024-09-06,8151
2464,盟立,90,37,53,台新-建北,2024-09-06,8151
00942B,台新美A公司債20+,52,4,48,台新-建北,2024-09-06,8151
2002,中鋼,52,8,44,台新-建北,2024-09-06,8151
1722,台肥,40,0,40,台新-建北,2024-09-06,8151
6186,新潤,40,5,35,台新-建北,2024-09-06,8151
2543,皇昌,50,15,35,台新-建北,2024-09-06,8151
00937B,群益ESG投等債20,92,60,32,台新-建北,2024-09-06,8151
6208,日揚,30,0,30,台新-建北,2024-09-06,8151
00633L,富邦上証正2,30,0,30,台新-建北,2024-09-06,8151
00951,台新日本半導體,27,0,27,台新-建北,2024-09-06,8151
9958,世紀鋼,24,1,23,台新-建北,2024-09-06,8151
5905,南仁湖,50,28,22,台新-建北,2024-09-06,8151
00918,大華優利高填息30,22,0,22,台新-建北,2024-09-06,8151
00657,國泰日經225,20,0,20,台新-建北,2024-09-06,8151
6213,聯茂,27,8,19,台新-建北,2024-09-06,8151
1815,富喬,34,17,17,台新-建北,2024-09-06,8151
3607,谷崧,17,0,17,台新-建北,2024-09-06,8151
00878,國泰永續高股息,39,23,16,台新-建北,2024-09-06,8151
2388,威盛,19,3,16,台新-建北,2024-09-06,8151
00779B,凱基美債25+,16,0,16,台新-建北,2024-09-06,8151
1540,喬福,85,69,16,台新-建北,2024-09-06,8151
3481,群創,25,11,14,台新-建北,2024-09-06,8151
2313,華通,95,81,14,台新-建北,2024-09-06,8151
00715L,期街口布蘭特正2,14,0,14,台新-建北,2024-09-06,8151
4510,高鋒,407,393,14,台新-建北,2024-09-06,8151
2887,台新金,15,2,13,台新-建北,2024-09-06,8151
3066,李洲,58,45,13,台新-建北,2024-09-06,8151
00725B,國泰投資級公司債,12,0,12,台新-建北,2024-09-06,8151
3062,建漢,102,90,12,台新-建北,2024-09-06,8151
4538,大詠城,119,107,12,台新-建北,2024-09-06,8151
8936,國統,11,0,11,台新-建北,2024-09-06,8151
00675L,富邦臺灣加權正2,21,10,11,台新-建北,2024-09-06,8151
00945B,凱基美國非投等債,11,0,11,台新-建北,2024-09-06,8151
8096,擎亞,31,20,11,台新-建北,2024-09-06,8151
2455,全新,17,6,11,台新-建北,2024-09-06,8151
00895,富邦未來車,10,0,10,台新-建北,2024-09-06,8151
00956,中信日經高股息,10,0,10,台新-建北,2024-09-06,8151
2208,台船,10,0,10,台新-建北,2024-09-06,8151
00955,中信日本商社,10,0,10,台新-建北,2024-09-06,8151
4908,前鼎,11,1,10,台新-建北,2024-09-06,8151
00919,群益台灣精選高息,311,29,282,台新-建北,2024-09-09,8151
00633L,富邦上証正2,184,0,184,台新-建北,2024-09-09,8151
2882,國泰金,170,1,169,台新-建北,2024-09-09,8151
00929,復華台灣科技優息,167,34,133,台新-建北,2024-09-09,8151
2515,中工,100,0,100,台新-建北,2024-09-09,8151
00878,國泰永續高股息,127,37,90,台新-建北,2024-09-09,8151
00648R,元大S＆P500反1,90,0,90,台新-建北,2024-09-09,8151
2317,鴻海,103,14,89,台新-建北,2024-09-09,8151
3481,群創,162,81,81,台新-建北,2024-09-09,8151
00947,台新臺灣IC設計,75,0,75,台新-建北,2024-09-09,8151
2888,新光金,160,87,73,台新-建北,2024-09-09,8151
8070,長華*,72,4,68,台新-建北,2024-09-09,8151
2002,中鋼,67,4,63,台新-建北,2024-09-09,8151
00751B,元大AAA至A公司債,63,0,63,台新-建北,2024-09-09,8151
4510,高鋒,176,115,61,台新-建北,2024-09-09,8151
2881,富邦金,57,0,57,台新-建北,2024-09-09,8151
3289,宜特,50,0,50,台新-建北,2024-09-09,8151
2891,中信金,97,51,46,台新-建北,2024-09-09,8151
2382,廣達,68,23,45,台新-建北,2024-09-09,8151
00679B,元大美債20年,47,6,41,台新-建北,2024-09-09,8151
0056,元大高股息,52,12,40,台新-建北,2024-09-09,8151
00637L,元大滬深300正2,37,1,36,台新-建北,2024-09-09,8151
5443,均豪,96,63,33,台新-建北,2024-09-09,8151
2885,元大金,35,2,33,台新-建北,2024-09-09,8151
2464,盟立,73,41,32,台新-建北,2024-09-09,8151
00915,凱基優選高股息30,32,0,32,台新-建北,2024-09-09,8151
3413,京鼎,42,11,31,台新-建北,2024-09-09,8151
00715L,期街口布蘭特正2,30,0,30,台新-建北,2024-09-09,8151
00688L,國泰20年美債正2,30,0,30,台新-建北,2024-09-09,8151
4569,六方科-KY,29,0,29,台新-建北,2024-09-09,8151
00665L,富邦�琤肭磪囓�2,27,0,27,台新-建北,2024-09-09,8151
6205,詮欣,26,2,24,台新-建北,2024-09-09,8151
006208,富邦台50,32,8,24,台新-建北,2024-09-09,8151
2330,台積電,26,2,24,台新-建北,2024-09-09,8151
00918,大華優利高填息30,21,0,21,台新-建北,2024-09-09,8151
4306,炎洲,21,0,21,台新-建北,2024-09-09,8151
5439,高技,20,0,20,台新-建北,2024-09-09,8151
00713,元大台灣高息低波,22,2,20,台新-建北,2024-09-09,8151
00657,國泰日經225,20,0,20,台新-建北,2024-09-09,8151
00881,國泰台灣5G+,21,2,19,台新-建北,2024-09-09,8151
00934,中信成長高股息,28,10,18,台新-建北,2024-09-09,8151
2368,金像電,18,0,18,台新-建北,2024-09-09,8151
2408,南亞科,17,0,17,台新-建北,2024-09-09,8151
00923,群益台ESG低碳50,18,1,17,台新-建北,2024-09-09,8151
5512,力麒,32,15,17,台新-建北,2024-09-09,8151
2497,怡利電,34,17,17,台新-建北,2024-09-09,8151
3444,利機,20,4,16,台新-建北,2024-09-09,8151
6706,惠特,38,22,16,台新-建北,2024-09-09,8151
3374,精材,28,12,16,台新-建北,2024-09-09,8151
8249,菱光,129,114,15,台新-建北,2024-09-09,8151
00632R,元大台灣50反1,1321,4,1317,台新-建北,2024-09-10,8151
00919,群益台灣精選高息,317,61,256,台新-建北,2024-09-10,8151
00680L,元大美債20正2,327,88,239,台新-建北,2024-09-10,8151
2882,國泰金,209,2,207,台新-建北,2024-09-10,8151
00688L,國泰20年美債正2,152,15,137,台新-建北,2024-09-10,8151
2497,怡利電,187,61,126,台新-建北,2024-09-10,8151
00929,復華台灣科技優息,198,80,118,台新-建北,2024-09-10,8151
00915,凱基優選高股息30,112,1,111,台新-建北,2024-09-10,8151
2399,映泰,649,540,109,台新-建北,2024-09-10,8151
00947,台新臺灣IC設計,92,0,92,台新-建北,2024-09-10,8151
6187,萬潤,98,19,79,台新-建北,2024-09-10,8151
00687B,國泰20年美債,98,35,63,台新-建北,2024-09-10,8151
3481,群創,64,3,61,台新-建北,2024-09-10,8151
00918,大華優利高填息30,59,0,59,台新-建北,2024-09-10,8151
2002,中鋼,59,4,55,台新-建北,2024-09-10,8151
00940,元大台灣價值高息,53,1,52,台新-建北,2024-09-10,8151
2239,英利-KY,48,0,48,台新-建北,2024-09-10,8151
00713,元大台灣高息低波,45,0,45,台新-建北,2024-09-10,8151
3230,錦明,45,5,40,台新-建北,2024-09-10,8151
2891,中信金,44,5,39,台新-建北,2024-09-10,8151
3577,泓格,39,0,39,台新-建北,2024-09-10,8151
6472,保瑞,41,3,38,台新-建北,2024-09-10,8151
00948B,中信優息投資級債,46,10,36,台新-建北,2024-09-10,8151
3081,聯亞,32,1,31,台新-建北,2024-09-10,8151
6560,欣普羅,27,0,27,台新-建北,2024-09-10,8151
2382,廣達,55,28,27,台新-建北,2024-09-10,8151
6156,松上,25,0,25,台新-建北,2024-09-10,8151
4956,光鋐,45,20,25,台新-建北,2024-09-10,8151
3708,上緯投控,27,4,23,台新-建北,2024-09-10,8151
00679B,元大美債20年,50,27,23,台新-建北,2024-09-10,8151
3707,漢磊,29,7,22,台新-建北,2024-09-10,8151
6188,廣明,21,0,21,台新-建北,2024-09-10,8151
1802,台玻,20,0,20,台新-建北,2024-09-10,8151
2883B,凱基金乙特,20,0,20,台新-建北,2024-09-10,8151
8076,伍豐,21,1,20,台新-建北,2024-09-10,8151
3003,健和興,38,19,19,台新-建北,2024-09-10,8151
3583,辛耘,22,5,17,台新-建北,2024-09-10,8151
0056,元大高股息,43,26,17,台新-建北,2024-09-10,8151
3444,利機,16,0,16,台新-建北,2024-09-10,8151
2337,旺宏,16,0,16,台新-建北,2024-09-10,8151
6152,百一,16,0,16,台新-建北,2024-09-10,8151
4306,炎洲,15,0,15,台新-建北,2024-09-10,8151
6546,正基,20,5,15,台新-建北,2024-09-10,8151
2349,錸德,20,5,15,台新-建北,2024-09-10,8151
8279,生展,15,0,15,台新-建北,2024-09-10,8151
5263,智崴,14,0,14,台新-建北,2024-09-10,8151
1795,美時,14,0,14,台新-建北,2024-09-10,8151
4162,智擎,16,2,14,台新-建北,2024-09-10,8151
6219,富旺,14,0,14,台新-建北,2024-09-10,8151
2540,愛山林,21,8,13,台新-建北,2024-09-10,8151
00632R,元大台灣50反1,404,38,366,台新-建北,2024-09-11,8151
2882,國泰金,201,1,200,台新-建北,2024-09-11,8151
5381,合正,160,2,158,台新-建北,2024-09-11,8151
00929,復華台灣科技優息,195,92,103,台新-建北,2024-09-11,8151
2371,大同,107,14,93,台新-建北,2024-09-11,8151
3498,陽程,101,15,86,台新-建北,2024-09-11,8151
00687B,國泰20年美債,130,53,77,台新-建北,2024-09-11,8151
2618,長榮航,73,3,70,台新-建北,2024-09-11,8151
00633L,富邦上証正2,70,0,70,台新-建北,2024-09-11,8151
3290,東浦,68,0,68,台新-建北,2024-09-11,8151
00878,國泰永續高股息,70,6,64,台新-建北,2024-09-11,8151
1808,潤隆,56,1,55,台新-建北,2024-09-11,8151
6163,華電網,65,12,53,台新-建北,2024-09-11,8151
00715L,期街口布蘭特正2,53,0,53,台新-建北,2024-09-11,8151
2002,中鋼,58,6,52,台新-建北,2024-09-11,8151
00795B,中信美國公債20年,50,0,50,台新-建北,2024-09-11,8151
2891,中信金,46,2,44,台新-建北,2024-09-11,8151
00942B,台新美A公司債20+,38,0,38,台新-建北,2024-09-11,8151
2884,玉山金,30,0,30,台新-建北,2024-09-11,8151
6186,新潤,30,0,30,台新-建北,2024-09-11,8151
00882,中信中國高股息,30,0,30,台新-建北,2024-09-11,8151
4716,大立,29,0,29,台新-建北,2024-09-11,8151
00688L,國泰20年美債正2,55,28,27,台新-建北,2024-09-11,8151
00948B,中信優息投資級債,26,0,26,台新-建北,2024-09-11,8151
00679B,元大美債20年,27,2,25,台新-建北,2024-09-11,8151
0056,元大高股息,26,4,22,台新-建北,2024-09-11,8151
00657,國泰日經225,20,0,20,台新-建北,2024-09-11,8151
3707,漢磊,59,40,19,台新-建北,2024-09-11,8151
6863,永道-KY,22,3,19,台新-建北,2024-09-11,8151
2239,英利-KY,18,0,18,台新-建北,2024-09-11,8151
1101,台泥,18,0,18,台新-建北,2024-09-11,8151
00915,凱基優選高股息30,18,0,18,台新-建北,2024-09-11,8151
2312,金寶,15,0,15,台新-建北,2024-09-11,8151
2614,東森,20,5,15,台新-建北,2024-09-11,8151
8011,台通,18,3,15,台新-建北,2024-09-11,8151
4566,時碩工業,21,6,15,台新-建北,2024-09-11,8151
00930,永豐ESG低碳高息,14,0,14,台新-建北,2024-09-11,8151
2388,威盛,26,12,14,台新-建北,2024-09-11,8151
2885,元大金,15,2,13,台新-建北,2024-09-11,8151
5206,坤悅,13,0,13,台新-建北,2024-09-11,8151
00751B,元大AAA至A公司債,19,6,13,台新-建北,2024-09-11,8151
00919,群益台灣精選高息,59,46,13,台新-建北,2024-09-11,8151
00900,富邦特選高股息30,12,0,12,台新-建北,2024-09-11,8151
00955,中信日本商社,12,0,12,台新-建北,2024-09-11,8151
6120,達運,13,1,12,台新-建北,2024-09-11,8151
3047,訊舟,78,66,12,台新-建北,2024-09-11,8151
6472,保瑞,14,2,12,台新-建北,2024-09-11,8151
00713,元大台灣高息低波,11,0,11,台新-建北,2024-09-11,8151
2881,富邦金,14,3,11,台新-建北,2024-09-11,8151
2834,臺企銀,10,0,10,台新-建北,2024-09-11,8151
2883,凱基金,500,12,488,台新-建北,2024-09-12,8151
2312,金寶,186,8,178,台新-建北,2024-09-12,8151
00687B,國泰20年美債,174,11,163,台新-建北,2024-09-12,8151
2330,台積電,199,38,161,台新-建北,2024-09-12,8151
00680L,元大美債20正2,156,1,155,台新-建北,2024-09-12,8151
2888,新光金,1172,1059,113,台新-建北,2024-09-12,8151
00919,群益台灣精選高息,115,15,100,台新-建北,2024-09-12,8151
2882,國泰金,102,4,98,台新-建北,2024-09-12,8151
00676R,富邦臺灣加權反1,90,0,90,台新-建北,2024-09-12,8151
00712,復華富時不動產,80,1,79,台新-建北,2024-09-12,8151
00651R,復華香港反1,65,0,65,台新-建北,2024-09-12,8151
3062,建漢,100,50,50,台新-建北,2024-09-12,8151
5443,均豪,285,235,50,台新-建北,2024-09-12,8151
2887,台新金,54,6,48,台新-建北,2024-09-12,8151
2543,皇昌,54,8,46,台新-建北,2024-09-12,8151
6187,萬潤,78,34,44,台新-建北,2024-09-12,8151
00679B,元大美債20年,75,36,39,台新-建北,2024-09-12,8151
4113,聯上,50,17,33,台新-建北,2024-09-12,8151
3303,岱稜,59,26,33,台新-建北,2024-09-12,8151
2002,中鋼,30,0,30,台新-建北,2024-09-12,8151
2420,新巨,38,8,30,台新-建北,2024-09-12,8151
1711,永光,73,44,29,台新-建北,2024-09-12,8151
6214,精誠,28,0,28,台新-建北,2024-09-12,8151
1569,濱川,27,0,27,台新-建北,2024-09-12,8151
1532,勤美,30,4,26,台新-建北,2024-09-12,8151
2409,友達,28,4,24,台新-建北,2024-09-12,8151
2891,中信金,51,26,25,台新-建北,2024-09-12,8151
3707,漢磊,38,15,23,台新-建北,2024-09-12,8151
9955,佳龍,23,0,23,台新-建北,2024-09-12,8151
00688L,國泰20年美債正2,21,0,21,台新-建北,2024-09-12,8151
2449,京元電子,31,10,21,台新-建北,2024-09-12,8151
00942B,台新美A公司債20+,21,0,21,台新-建北,2024-09-12,8151
3015,全漢,20,0,20,台新-建北,2024-09-12,8151
6284,佳邦,23,5,18,台新-建北,2024-09-12,8151
2495,普安,18,0,18,台新-建北,2024-09-12,8151
6194,育富,56,38,18,台新-建北,2024-09-12,8151
8096,擎亞,29,12,17,台新-建北,2024-09-12,8151
3715,定穎投控,24,8,16,台新-建北,2024-09-12,8151
8047,星雲,15,0,15,台新-建北,2024-09-12,8151
1713,國化,15,0,15,台新-建北,2024-09-12,8151
2392,正崴,26,12,14,台新-建北,2024-09-12,8151
3231,緯創,29,15,14,台新-建北,2024-09-12,8151
4306,炎洲,14,1,13,台新-建北,2024-09-12,8151
4550,長佳,13,0,13,台新-建北,2024-09-12,8151
6152,百一,18,5,13,台新-建北,2024-09-12,8151
00751B,元大AAA至A公司債,14,2,12,台新-建北,2024-09-12,8151
3081,聯亞,13,1,12,台新-建北,2024-09-12,8151
2399,映泰,101,89,12,台新-建北,2024-09-12,8151
5905,南仁湖,16,5,11,台新-建北,2024-09-12,8151
6670,復盛應用,11,0,11,台新-建北,2024-09-12,8151
00919,群益台灣精選高息,211,15,196,台新-建北,2024-09-13,8151
00632R,元大台灣50反1,122,0,122,台新-建北,2024-09-13,8151
00680L,元大美債20正2,137,25,112,台新-建北,2024-09-13,8151
00687B,國泰20年美債,122,27,95,台新-建北,2024-09-13,8151
8011,台通,120,29,91,台新-建北,2024-09-13,8151
00929,復華台灣科技優息,69,13,56,台新-建北,2024-09-13,8151
00937B,群益ESG投等債20,123,68,55,台新-建北,2024-09-13,8151
00633L,富邦上証正2,50,0,50,台新-建北,2024-09-13,8151
00878,國泰永續高股息,51,1,50,台新-建北,2024-09-13,8151
2882,國泰金,54,11,43,台新-建北,2024-09-13,8151
1540,喬福,81,40,41,台新-建北,2024-09-13,8151
00688L,國泰20年美債正2,101,60,41,台新-建北,2024-09-13,8151
00953B,群益優選非投等債,41,0,41,台新-建北,2024-09-13,8151
00676R,富邦臺灣加權反1,40,0,40,台新-建北,2024-09-13,8151
6187,萬潤,83,45,38,台新-建北,2024-09-13,8151
3481,群創,37,0,37,台新-建北,2024-09-13,8151
3013,晟銘電,77,41,36,台新-建北,2024-09-13,8151
00940,元大台灣價值高息,78,46,32,台新-建北,2024-09-13,8151
2360,致茂,31,0,31,台新-建北,2024-09-13,8151
1336,台翰,28,0,28,台新-建北,2024-09-13,8151
5905,南仁湖,53,27,26,台新-建北,2024-09-13,8151
1799,易威,26,0,26,台新-建北,2024-09-13,8151
2891,中信金,26,1,25,台新-建北,2024-09-13,8151
00915,凱基優選高股息30,23,0,23,台新-建北,2024-09-13,8151
6863,永道-KY,25,4,21,台新-建北,2024-09-13,8151
6152,百一,35,14,21,台新-建北,2024-09-13,8151
3450,聯鈞,22,2,20,台新-建北,2024-09-13,8151
2070,精湛,77,59,18,台新-建北,2024-09-13,8151
00918,大華優利高填息30,21,3,18,台新-建北,2024-09-13,8151
00948B,中信優息投資級債,47,30,17,台新-建北,2024-09-13,8151
6603,富強鑫,22,5,17,台新-建北,2024-09-13,8151
1711,永光,37,20,17,台新-建北,2024-09-13,8151
00679B,元大美債20年,82,65,17,台新-建北,2024-09-13,8151
8114,振樺電,16,0,16,台新-建北,2024-09-13,8151
6472,保瑞,19,3,16,台新-建北,2024-09-13,8151
3624,光頡,17,2,15,台新-建北,2024-09-13,8151
3050,鈺德,15,2,13,台新-建北,2024-09-13,8151
2365,昆盈,36,23,13,台新-建北,2024-09-13,8151
2426,鼎元,13,0,13,台新-建北,2024-09-13,8151
3163,波若威,27,15,12,台新-建北,2024-09-13,8151
3605,宏致,38,26,12,台新-建北,2024-09-13,8151
8039,台虹,27,17,10,台新-建北,2024-09-13,8151
00738U,期元大道瓊白銀,10,0,10,台新-建北,2024-09-13,8151
6456,GIS-KY,10,0,10,台新-建北,2024-09-13,8151
6770,力積電,10,0,10,台新-建北,2024-09-13,8151
00673R,期元大S＆P原油反1,10,0,10,台新-建北,2024-09-13,8151
4566,時碩工業,12,3,9,台新-建北,2024-09-13,8151
1784,訊聯,9,0,9,台新-建北,2024-09-13,8151
1785,光洋科,32,23,9,台新-建北,2024-09-13,8151
00751B,元大AAA至A公司債,10,1,9,台新-建北,2024-09-13,8151
2888,新光金,265,16,249,台新-建北,2024-09-16,8151
00687B,國泰20年美債,224,54,170,台新-建北,2024-09-16,8151
00919,群益台灣精選高息,147,27,120,台新-建北,2024-09-16,8151
00948B,中信優息投資級債,120,0,120,台新-建北,2024-09-16,8151
00918,大華優利高填息30,113,0,113,台新-建北,2024-09-16,8151
00633L,富邦上証正2,100,0,100,台新-建北,2024-09-16,8151
00933B,國泰10Y+金融債,116,16,100,台新-建北,2024-09-16,8151
3290,東浦,91,28,63,台新-建北,2024-09-16,8151
00751B,元大AAA至A公司債,69,10,59,台新-建北,2024-09-16,8151
2464,盟立,62,4,58,台新-建北,2024-09-16,8151
00632R,元大台灣50反1,55,0,55,台新-建北,2024-09-16,8151
00680L,元大美債20正2,76,22,54,台新-建北,2024-09-16,8151
2882,國泰金,54,5,49,台新-建北,2024-09-16,8151
4950,牧東,47,0,47,台新-建北,2024-09-16,8151
00937B,群益ESG投等債20,48,10,38,台新-建北,2024-09-16,8151
2360,致茂,39,2,37,台新-建北,2024-09-16,8151
00688L,國泰20年美債正2,47,10,37,台新-建北,2024-09-16,8151
00679B,元大美債20年,79,42,37,台新-建北,2024-09-16,8151
3013,晟銘電,65,30,35,台新-建北,2024-09-16,8151
00915,凱基優選高股息30,33,0,33,台新-建北,2024-09-16,8151
2891,中信金,27,0,27,台新-建北,2024-09-16,8151
3689,湧德,29,2,27,台新-建北,2024-09-16,8151
2420,新巨,25,0,25,台新-建北,2024-09-16,8151
00676R,富邦臺灣加權反1,25,0,25,台新-建北,2024-09-16,8151
8114,振樺電,25,1,24,台新-建北,2024-09-16,8151
6101,寬魚國際,26,2,24,台新-建北,2024-09-16,8151
4538,大詠城,22,0,22,台新-建北,2024-09-16,8151
6670,復盛應用,21,1,20,台新-建北,2024-09-16,8151
5488,松普,20,0,20,台新-建北,2024-09-16,8151
8110,華東,20,0,20,台新-建北,2024-09-16,8151
2455,全新,29,10,19,台新-建北,2024-09-16,8151
00720B,元大投資級公司債,20,1,19,台新-建北,2024-09-16,8151
6188,廣明,21,2,19,台新-建北,2024-09-16,8151
1301,台塑,28,10,18,台新-建北,2024-09-16,8151
2002,中鋼,21,4,17,台新-建北,2024-09-16,8151
00929,復華台灣科技優息,67,50,17,台新-建北,2024-09-16,8151
00947,台新臺灣IC設計,16,0,16,台新-建北,2024-09-16,8151
8096,擎亞,22,6,16,台新-建北,2024-09-16,8151
8028,昇陽半導體,30,15,15,台新-建北,2024-09-16,8151
3714,富采,21,6,15,台新-建北,2024-09-16,8151
00725B,國泰投資級公司債,15,0,15,台新-建北,2024-09-16,8151
8070,長華*,18,4,14,台新-建北,2024-09-16,8151
6187,萬潤,64,51,13,台新-建北,2024-09-16,8151
6863,永道-KY,18,5,13,台新-建北,2024-09-16,8151
8086,宏捷科,20,7,13,台新-建北,2024-09-16,8151
3062,建漢,483,470,13,台新-建北,2024-09-16,8151
2337,旺宏,16,4,12,台新-建北,2024-09-16,8151
2609,陽明,13,1,12,台新-建北,2024-09-16,8151
6120,達運,13,1,12,台新-建北,2024-09-16,8151
3675,德微,13,1,12,台新-建北,2024-09-16,8151
2888,新光金,1464,1061,403,台新-建北,2024-09-18,8151
1727,中華化,411,264,147,台新-建北,2024-09-18,8151
00687B,國泰20年美債,180,38,142,台新-建北,2024-09-18,8151
00919,群益台灣精選高息,162,33,129,台新-建北,2024-09-18,8151
3481,群創,147,30,117,台新-建北,2024-09-18,8151
00929,復華台灣科技優息,124,7,117,台新-建北,2024-09-18,8151
00947,台新臺灣IC設計,99,0,99,台新-建北,2024-09-18,8151
3622,洋華,84,3,81,台新-建北,2024-09-18,8151
3686,達能,75,0,75,台新-建北,2024-09-18,8151
2317,鴻海,90,21,69,台新-建北,2024-09-18,8151
6188,廣明,60,1,59,台新-建北,2024-09-18,8151
00921,兆豐龍頭等權重,55,0,55,台新-建北,2024-09-18,8151
2887,台新金,175,122,53,台新-建北,2024-09-18,8151
00918,大華優利高填息30,50,1,49,台新-建北,2024-09-18,8151
2882,國泰金,54,9,45,台新-建北,2024-09-18,8151
00915,凱基優選高股息30,37,0,37,台新-建北,2024-09-18,8151
1785,光洋科,213,178,35,台新-建北,2024-09-18,8151
00878,國泰永續高股息,51,17,34,台新-建北,2024-09-18,8151
00713,元大台灣高息低波,32,0,32,台新-建北,2024-09-18,8151
4526,東台,48,18,30,台新-建北,2024-09-18,8151
5905,南仁湖,32,3,29,台新-建北,2024-09-18,8151
00875,國泰網路資安,26,0,26,台新-建北,2024-09-18,8151
6187,萬潤,50,26,24,台新-建北,2024-09-18,8151
6213,聯茂,25,1,24,台新-建北,2024-09-18,8151
2399,映泰,215,192,23,台新-建北,2024-09-18,8151
2426,鼎元,43,21,22,台新-建北,2024-09-18,8151
00931B,統一美債20年,28,6,22,台新-建北,2024-09-18,8151
4908,前鼎,48,27,21,台新-建北,2024-09-18,8151
2887F,台新戊特二,20,0,20,台新-建北,2024-09-18,8151
8155,博智,24,4,20,台新-建北,2024-09-18,8151
3081,聯亞,22,3,19,台新-建北,2024-09-18,8151
00951,台新日本半導體,19,0,19,台新-建北,2024-09-18,8151
2402,毅嘉,19,1,18,台新-建北,2024-09-18,8151
8069,元太,23,5,18,台新-建北,2024-09-18,8151
1514,亞力,29,12,17,台新-建北,2024-09-18,8151
6104,創惟,28,12,16,台新-建北,2024-09-18,8151
00946,群益科技高息成長,16,0,16,台新-建北,2024-09-18,8151
00655L,國泰中國A50正2,15,0,15,台新-建北,2024-09-18,8151
2337,旺宏,22,7,15,台新-建北,2024-09-18,8151
00751B,元大AAA至A公司債,15,0,15,台新-建北,2024-09-18,8151
6548,長科*,16,1,15,台新-建北,2024-09-18,8151
6101,寬魚國際,15,0,15,台新-建北,2024-09-18,8151
00935,野村臺灣新科技50,14,0,14,台新-建北,2024-09-18,8151
8114,振樺電,17,3,14,台新-建北,2024-09-18,8151
006208,富邦台50,16,2,14,台新-建北,2024-09-18,8151
00688L,國泰20年美債正2,21,8,13,台新-建北,2024-09-18,8151
2889,國票金,113,100,13,台新-建北,2024-09-18,8151
4979,華星光,105,92,13,台新-建北,2024-09-18,8151
00937B,群益ESG投等債20,111,98,13,台新-建北,2024-09-18,8151
00881,國泰台灣5G+,11,0,11,台新-建北,2024-09-18,8151
00633L,富邦上証正2,201,0,201,台新-建北,2024-09-19,8151
00688L,國泰20年美債正2,183,19,164,台新-建北,2024-09-19,8151
00931B,統一美債20年,140,6,134,台新-建北,2024-09-19,8151
00651R,復華香港反1,100,0,100,台新-建北,2024-09-19,8151
3062,建漢,375,275,100,台新-建北,2024-09-19,8151
8255,朋程,75,0,75,台新-建北,2024-09-19,8151
00725B,國泰投資級公司債,74,0,74,台新-建北,2024-09-19,8151
00929,復華台灣科技優息,77,12,65,台新-建北,2024-09-19,8151
4540,全球傳動,51,0,51,台新-建北,2024-09-19,8151
1708,東鹼,50,0,50,台新-建北,2024-09-19,8151
3306,鼎天,53,3,50,台新-建北,2024-09-19,8151
4977,眾達-KY,118,72,46,台新-建北,2024-09-19,8151
00919,群益台灣精選高息,60,21,39,台新-建北,2024-09-19,8151
3622,洋華,37,0,37,台新-建北,2024-09-19,8151
3715,定穎投控,38,2,36,台新-建北,2024-09-19,8151
00918,大華優利高填息30,36,0,36,台新-建北,2024-09-19,8151
2351,順德,143,108,35,台新-建北,2024-09-19,8151
1785,光洋科,118,85,33,台新-建北,2024-09-19,8151
2034,允強,31,0,31,台新-建北,2024-09-19,8151
6492,生華科,32,2,30,台新-建北,2024-09-19,8151
00947,台新臺灣IC設計,40,12,28,台新-建北,2024-09-19,8151
5905,南仁湖,52,24,28,台新-建北,2024-09-19,8151
2062,橋椿,30,3,27,台新-建北,2024-09-19,8151
00915,凱基優選高股息30,27,0,27,台新-建北,2024-09-19,8151
4526,東台,28,4,24,台新-建北,2024-09-19,8151
1711,永光,261,237,24,台新-建北,2024-09-19,8151
1514,亞力,25,2,23,台新-建北,2024-09-19,8151
4576,大銀微系統,33,10,23,台新-建北,2024-09-19,8151
00720B,元大投資級公司債,23,1,22,台新-建北,2024-09-19,8151
6187,萬潤,29,7,22,台新-建北,2024-09-19,8151
00878,國泰永續高股息,31,9,22,台新-建北,2024-09-19,8151
00675L,富邦臺灣加權正2,31,10,21,台新-建北,2024-09-19,8151
3047,訊舟,29,8,21,台新-建北,2024-09-19,8151
2374,佳能,187,166,21,台新-建北,2024-09-19,8151
00751B,元大AAA至A公司債,21,0,21,台新-建北,2024-09-19,8151
00733,富邦臺灣中小,21,0,21,台新-建北,2024-09-19,8151
2388,威盛,37,17,20,台新-建北,2024-09-19,8151
2303,聯電,28,8,20,台新-建北,2024-09-19,8151
00957B,兆豐US優選投等債,20,0,20,台新-建北,2024-09-19,8151
4968,立積,25,6,19,台新-建北,2024-09-19,8151
00857B,永豐20年美公債,18,0,18,台新-建北,2024-09-19,8151
3017,奇鋐,38,20,18,台新-建北,2024-09-19,8151
3704,合勤控,17,0,17,台新-建北,2024-09-19,8151
4513,福裕,66,50,16,台新-建北,2024-09-19,8151
2243,宏旭-KY,121,105,16,台新-建北,2024-09-19,8151
4903,聯光通,22,7,15,台新-建北,2024-09-19,8151
3305,昇貿,15,1,14,台新-建北,2024-09-19,8151
2610,華航,15,1,14,台新-建北,2024-09-19,8151
3013,晟銘電,44,31,13,台新-建北,2024-09-19,8151
4908,前鼎,31,18,13,台新-建北,2024-09-19,8151
00919,群益台灣精選高息,804,48,756,台新-建北,2024-09-20,8151
2303,聯電,160,5,155,台新-建北,2024-09-20,8151
00931B,統一美債20年,106,0,106,台新-建北,2024-09-20,8151
00680L,元大美債20正2,133,39,94,台新-建北,2024-09-20,8151
2888,新光金,287,196,91,台新-建北,2024-09-20,8151
3062,建漢,430,341,89,台新-建北,2024-09-20,8151
2332,友訊,110,30,80,台新-建北,2024-09-20,8151
00915,凱基優選高股息30,50,0,50,台新-建北,2024-09-20,8151
2542,興富發,81,32,49,台新-建北,2024-09-20,8151
2409,友達,47,5,42,台新-建北,2024-09-20,8151
00948B,中信優息投資級債,40,0,40,台新-建北,2024-09-20,8151
1815,富喬,69,31,38,台新-建北,2024-09-20,8151
5512,力麒,34,0,34,台新-建北,2024-09-20,8151
00940,元大台灣價值高息,40,10,30,台新-建北,2024-09-20,8151
6186,新潤,27,2,25,台新-建北,2024-09-20,8151
00753L,中信中國50正2,33,8,25,台新-建北,2024-09-20,8151
00671R,富邦NASDAQ反1,25,0,25,台新-建北,2024-09-20,8151
3011,今皓,26,2,24,台新-建北,2024-09-20,8151
2464,盟立,255,231,24,台新-建北,2024-09-20,8151
00857B,永豐20年美公債,23,0,23,台新-建北,2024-09-20,8151
9945,潤泰新,52,29,23,台新-建北,2024-09-20,8151
3663,鑫科,44,22,22,台新-建北,2024-09-20,8151
8089,康全電訊,21,0,21,台新-建北,2024-09-20,8151
00665L,富邦�琤肭磪囓�2,30,10,20,台新-建北,2024-09-20,8151
1539,巨庭,20,0,20,台新-建北,2024-09-20,8151
2887,台新金,40,21,19,台新-建北,2024-09-20,8151
00751B,元大AAA至A公司債,20,1,19,台新-建北,2024-09-20,8151
00929,復華台灣科技優息,34,15,19,台新-建北,2024-09-20,8151
3714,富采,39,20,19,台新-建北,2024-09-20,8151
2349,錸德,19,1,18,台新-建北,2024-09-20,8151
8011,台通,21,3,18,台新-建北,2024-09-20,8151
4306,炎洲,18,0,18,台新-建北,2024-09-20,8151
6274,台燿,25,7,18,台新-建北,2024-09-20,8151
2504,國產,20,3,17,台新-建北,2024-09-20,8151
1513,中興電,19,3,16,台新-建北,2024-09-20,8151
0056,元大高股息,19,3,16,台新-建北,2024-09-20,8151
2062,橋椿,33,17,16,台新-建北,2024-09-20,8151
5905,南仁湖,80,64,16,台新-建北,2024-09-20,8151
1727,中華化,48,33,15,台新-建北,2024-09-20,8151
2889,國票金,15,0,15,台新-建北,2024-09-20,8151
6198,瑞築,14,0,14,台新-建北,2024-09-20,8151
00651R,復華香港反1,14,0,14,台新-建北,2024-09-20,8151
6863,永道-KY,15,1,14,台新-建北,2024-09-20,8151
9958,世紀鋼,84,72,12,台新-建北,2024-09-20,8151
5483,中美晶,11,0,11,台新-建北,2024-09-20,8151
6546,正基,18,7,11,台新-建北,2024-09-20,8151
6219,富旺,11,0,11,台新-建北,2024-09-20,8151
6104,創惟,96,85,11,台新-建北,2024-09-20,8151
1597,直得,12,1,11,台新-建北,2024-09-20,8151
2382,廣達,31,21,10,台新-建北,2024-09-20,8151
00687B,國泰20年美債,309,73,236,台新-建北,2024-09-23,8151
00919,群益台灣精選高息,246,57,189,台新-建北,2024-09-23,8151
00725B,國泰投資級公司債,153,2,151,台新-建北,2024-09-23,8151
00679B,元大美債20年,150,3,147,台新-建北,2024-09-23,8151
00675L,富邦臺灣加權正2,106,1,105,台新-建北,2024-09-23,8151
6244,茂迪,106,1,105,台新-建北,2024-09-23,8151
5512,力麒,92,3,89,台新-建北,2024-09-23,8151
6188,廣明,71,1,70,台新-建北,2024-09-23,8151
1721,三晃,292,226,66,台新-建北,2024-09-23,8151
6177,達麗,74,19,55,台新-建北,2024-09-23,8151
00948B,中信優息投資級債,61,10,51,台新-建北,2024-09-23,8151
2399,映泰,202,152,50,台新-建北,2024-09-23,8151
4977,眾達-KY,88,44,44,台新-建北,2024-09-23,8151
3715,定穎投控,175,131,44,台新-建北,2024-09-23,8151
00632R,元大台灣50反1,143,101,42,台新-建北,2024-09-23,8151
6138,茂達,50,11,39,台新-建北,2024-09-23,8151
00929,復華台灣科技優息,48,12,36,台新-建北,2024-09-23,8151
3081,聯亞,33,1,32,台新-建北,2024-09-23,8151
6446,藥華藥,33,1,32,台新-建北,2024-09-23,8151
5905,南仁湖,32,1,31,台新-建北,2024-09-23,8151
6855,數泓科,30,0,30,台新-建北,2024-09-23,8151
00671R,富邦NASDAQ反1,30,0,30,台新-建北,2024-09-23,8151
2449,京元電子,39,11,28,台新-建北,2024-09-23,8151
4908,前鼎,26,3,23,台新-建北,2024-09-23,8151
00930,永豐ESG低碳高息,22,0,22,台新-建北,2024-09-23,8151
2543,皇昌,25,4,21,台新-建北,2024-09-23,8151
3675,德微,21,0,21,台新-建北,2024-09-23,8151
1101,台泥,22,2,20,台新-建北,2024-09-23,8151
6830,汎銓,22,2,20,台新-建北,2024-09-23,8151
4716,大立,113,95,18,台新-建北,2024-09-23,8151
3213,茂訊,17,0,17,台新-建北,2024-09-23,8151
00857B,永豐20年美公債,16,0,16,台新-建北,2024-09-23,8151
3167,大量,88,72,16,台新-建北,2024-09-23,8151
5425,台半,21,5,16,台新-建北,2024-09-23,8151
3605,宏致,33,17,16,台新-建北,2024-09-23,8151
3450,聯鈞,146,130,16,台新-建北,2024-09-23,8151
1314,中石化,15,0,15,台新-建北,2024-09-23,8151
1612,宏泰,15,0,15,台新-建北,2024-09-23,8151
00945B,凱基美國非投等債,15,0,15,台新-建北,2024-09-23,8151
6698,旭暉應材,56,41,15,台新-建北,2024-09-23,8151
8096,擎亞,177,162,15,台新-建北,2024-09-23,8151
3615,安可,55,42,13,台新-建北,2024-09-23,8151
00720B,元大投資級公司債,13,0,13,台新-建北,2024-09-23,8151
1727,中華化,125,113,12,台新-建北,2024-09-23,8151
2301,光寶科,18,6,12,台新-建北,2024-09-23,8151
5225,東科-KY,12,0,12,台新-建北,2024-09-23,8151
3689,湧德,24,12,12,台新-建北,2024-09-23,8151
1784,訊聯,13,1,12,台新-建北,2024-09-23,8151
4542,科嶠,31,19,12,台新-建北,2024-09-23,8151
4576,大銀微系統,25,14,11,台新-建北,2024-09-23,8151
00679B,元大美債20年,449,16,433,台新-建北,2024-09-24,8151
00948B,中信優息投資級債,328,0,328,台新-建北,2024-09-24,8151
6241,易通展,284,0,284,台新-建北,2024-09-24,8151
00680L,元大美債20正2,217,1,216,台新-建北,2024-09-24,8151
00632R,元大台灣50反1,233,20,213,台新-建北,2024-09-24,8151
00927,群益半導體收益,102,0,102,台新-建北,2024-09-24,8151
2613,中櫃,107,7,100,台新-建北,2024-09-24,8151
00633L,富邦上証正2,100,2,98,台新-建北,2024-09-24,8151
00937B,群益ESG投等債20,92,20,72,台新-建北,2024-09-24,8151
2539,櫻花建,60,0,60,台新-建北,2024-09-24,8151
0056,元大高股息,64,6,58,台新-建北,2024-09-24,8151
00687B,國泰20年美債,92,37,55,台新-建北,2024-09-24,8151
00960,野村全球航運龍頭,60,11,49,台新-建北,2024-09-24,8151
3257,虹冠電,47,0,47,台新-建北,2024-09-24,8151
00712,復華富時不動產,69,27,42,台新-建北,2024-09-24,8151
00929,復華台灣科技優息,88,48,40,台新-建北,2024-09-24,8151
2340,台亞,35,0,35,台新-建北,2024-09-24,8151
3450,聯鈞,92,58,34,台新-建北,2024-09-24,8151
2388,威盛,53,19,34,台新-建北,2024-09-24,8151
00919,群益台灣精選高息,39,6,33,台新-建北,2024-09-24,8151
00942B,台新美A公司債20+,32,0,32,台新-建北,2024-09-24,8151
6186,新潤,39,8,31,台新-建北,2024-09-24,8151
00675L,富邦臺灣加權正2,31,2,29,台新-建北,2024-09-24,8151
3066,李洲,62,34,28,台新-建北,2024-09-24,8151
2891,中信金,34,8,26,台新-建北,2024-09-24,8151
6706,惠特,50,27,23,台新-建北,2024-09-24,8151
1539,巨庭,26,3,23,台新-建北,2024-09-24,8151
3363,上詮,37,17,20,台新-建北,2024-09-24,8151
00651R,復華香港反1,20,0,20,台新-建北,2024-09-24,8151
6451,訊芯-KY,49,29,20,台新-建北,2024-09-24,8151
00673R,期元大S＆P原油反1,20,0,20,台新-建北,2024-09-24,8151
2903,遠百,20,0,20,台新-建北,2024-09-24,8151
4576,大銀微系統,28,10,18,台新-建北,2024-09-24,8151
00947,台新臺灣IC設計,23,6,17,台新-建北,2024-09-24,8151
3290,東浦,17,0,17,台新-建北,2024-09-24,8151
2356,英業達,17,1,16,台新-建北,2024-09-24,8151
00950B,凱基A級公司債,16,0,16,台新-建北,2024-09-24,8151
1584,精剛,20,4,16,台新-建北,2024-09-24,8151
00751B,元大AAA至A公司債,18,2,16,台新-建北,2024-09-24,8151
8086,宏捷科,19,3,16,台新-建北,2024-09-24,8151
2206,三陽工業,15,0,15,台新-建北,2024-09-24,8151
3694,海華,17,2,15,台新-建北,2024-09-24,8151
2426,鼎元,35,20,15,台新-建北,2024-09-24,8151
4760,勤凱,17,2,15,台新-建北,2024-09-24,8151
5258,虹堡,15,1,14,台新-建北,2024-09-24,8151
00915,凱基優選高股息30,15,1,14,台新-建北,2024-09-24,8151
3047,訊舟,25,12,13,台新-建北,2024-09-24,8151
2888,新光金,134,121,13,台新-建北,2024-09-24,8151
2886,兆豐金,13,0,13,台新-建北,2024-09-24,8151
3013,晟銘電,100,87,13,台新-建北,2024-09-24,8151
5907,大洋-KY,699,0,699,台新-建北,2024-09-25,8151
2929,淘帝-KY,872,423,449,台新-建北,2024-09-25,8151
00878,國泰永續高股息,443,27,416,台新-建北,2024-09-25,8151
00665L,富邦�琤肭磪囓�2,360,88,272,台新-建北,2024-09-25,8151
00753L,中信中國50正2,250,9,241,台新-建北,2024-09-25,8151
00632R,元大台灣50反1,683,522,161,台新-建北,2024-09-25,8151
00882,中信中國高股息,163,42,121,台新-建北,2024-09-25,8151
3481,群創,141,38,103,台新-建北,2024-09-25,8151
00687B,國泰20年美債,82,11,71,台新-建北,2024-09-25,8151
3550,聯穎,314,243,71,台新-建北,2024-09-25,8151
00637L,元大滬深300正2,83,19,64,台新-建北,2024-09-25,8151
2355,敬鵬,56,1,55,台新-建北,2024-09-25,8151
8070,長華*,95,45,50,台新-建北,2024-09-25,8151
6546,正基,64,14,50,台新-建北,2024-09-25,8151
00680L,元大美債20正2,49,0,49,台新-建北,2024-09-25,8151
1785,光洋科,68,21,47,台新-建北,2024-09-25,8151
5213,亞昕,42,0,42,台新-建北,2024-09-25,8151
2388,威盛,46,5,41,台新-建北,2024-09-25,8151
00935,野村臺灣新科技50,42,4,38,台新-建北,2024-09-25,8151
00929,復華台灣科技優息,56,20,36,台新-建北,2024-09-25,8151
1815,富喬,61,25,36,台新-建北,2024-09-25,8151
2888,新光金,40,4,36,台新-建北,2024-09-25,8151
3062,建漢,50,17,33,台新-建北,2024-09-25,8151
4716,大立,166,134,32,台新-建北,2024-09-25,8151
1711,永光,46,15,31,台新-建北,2024-09-25,8151
8374,羅昇,48,17,31,台新-建北,2024-09-25,8151
00696B,富邦美債20年,31,0,31,台新-建北,2024-09-25,8151
00712,復華富時不動產,29,0,29,台新-建北,2024-09-25,8151
2402,毅嘉,62,35,27,台新-建北,2024-09-25,8151
3324,雙鴻,30,5,25,台新-建北,2024-09-25,8151
2340,台亞,25,0,25,台新-建北,2024-09-25,8151
3363,上詮,61,36,25,台新-建北,2024-09-25,8151
1301,台塑,29,7,22,台新-建北,2024-09-25,8151
2365,昆盈,41,19,22,台新-建北,2024-09-25,8151
8234,新漢,28,6,22,台新-建北,2024-09-25,8151
3583,辛耘,41,20,21,台新-建北,2024-09-25,8151
2891,中信金,31,11,20,台新-建北,2024-09-25,8151
5225,東科-KY,21,1,20,台新-建北,2024-09-25,8151
1445,大宇,20,0,20,台新-建北,2024-09-25,8151
5452,佶優,21,1,20,台新-建北,2024-09-25,8151
3042,晶技,20,1,19,台新-建北,2024-09-25,8151
00948B,中信優息投資級債,18,0,18,台新-建北,2024-09-25,8151
2408,南亞科,18,1,17,台新-建北,2024-09-25,8151
1319,東陽,17,1,16,台新-建北,2024-09-25,8151
1808,潤隆,42,26,16,台新-建北,2024-09-25,8151
2431,聯昌,20,4,16,台新-建北,2024-09-25,8151
6412,群電,16,0,16,台新-建北,2024-09-25,8151
00772B,中信高評級公司債,17,1,16,台新-建北,2024-09-25,8151
6220,岳豐,16,0,16,台新-建北,2024-09-25,8151
3019,亞光,47,32,15,台新-建北,2024-09-25,8151
00632R,元大台灣50反1,256,0,256,台新-建北,2024-09-26,8151
00960,野村全球航運龍頭,314,166,148,台新-建北,2024-09-26,8151
00687B,國泰20年美債,189,58,131,台新-建北,2024-09-26,8151
00712,復華富時不動產,132,3,129,台新-建北,2024-09-26,8151
1809,中釉,109,0,109,台新-建北,2024-09-26,8151
00679B,元大美債20年,257,155,102,台新-建北,2024-09-26,8151
3703,欣陸,96,0,96,台新-建北,2024-09-26,8151
2888,新光金,122,31,91,台新-建北,2024-09-26,8151
3019,亞光,119,44,75,台新-建北,2024-09-26,8151
2408,南亞科,76,5,71,台新-建北,2024-09-26,8151
00688L,國泰20年美債正2,59,0,59,台新-建北,2024-09-26,8151
00675L,富邦臺灣加權正2,59,5,54,台新-建北,2024-09-26,8151
00696B,富邦美債20年,52,0,52,台新-建北,2024-09-26,8151
00948B,中信優息投資級債,55,7,48,台新-建北,2024-09-26,8151
2630,亞航,41,0,41,台新-建北,2024-09-26,8151
00935,野村臺灣新科技50,42,3,39,台新-建北,2024-09-26,8151
6546,正基,38,1,37,台新-建北,2024-09-26,8151
00931B,統一美債20年,37,2,35,台新-建北,2024-09-26,8151
3390,旭軟,35,0,35,台新-建北,2024-09-26,8151
00795B,中信美國公債20年,43,9,34,台新-建北,2024-09-26,8151
00651R,復華香港反1,34,0,34,台新-建北,2024-09-26,8151
4952,凌通,31,0,31,台新-建北,2024-09-26,8151
1785,光洋科,59,29,30,台新-建北,2024-09-26,8151
2615,萬海,209,181,28,台新-建北,2024-09-26,8151
2449,京元電子,40,13,27,台新-建北,2024-09-26,8151
4909,新復興,75,49,26,台新-建北,2024-09-26,8151
3290,東浦,26,1,25,台新-建北,2024-09-26,8151
2515,中工,30,5,25,台新-建北,2024-09-26,8151
3450,聯鈞,81,58,23,台新-建北,2024-09-26,8151
00671R,富邦NASDAQ反1,22,0,22,台新-建北,2024-09-26,8151
4538,大詠城,27,5,22,台新-建北,2024-09-26,8151
00942B,台新美A公司債20+,21,0,21,台新-建北,2024-09-26,8151
2349,錸德,25,5,20,台新-建北,2024-09-26,8151
1776,展宇,20,0,20,台新-建北,2024-09-26,8151
4438,廣越,20,0,20,台新-建北,2024-09-26,8151
3481,群創,320,300,20,台新-建北,2024-09-26,8151
1513,中興電,27,8,19,台新-建北,2024-09-26,8151
4943,康控-KY,19,0,19,台新-建北,2024-09-26,8151
3264,欣銓,23,4,19,台新-建北,2024-09-26,8151
6449,鈺邦,18,0,18,台新-建北,2024-09-26,8151
00751B,元大AAA至A公司債,18,0,18,台新-建北,2024-09-26,8151
2613,中櫃,121,104,17,台新-建北,2024-09-26,8151
6257,矽格,17,0,17,台新-建北,2024-09-26,8151
3149,正達,51,34,17,台新-建北,2024-09-26,8151
6005,群益證,21,4,17,台新-建北,2024-09-26,8151
2344,華邦電,36,19,17,台新-建北,2024-09-26,8151
6143,振曜,17,1,16,台新-建北,2024-09-26,8151
1319,東陽,21,5,16,台新-建北,2024-09-26,8151
00725B,國泰投資級公司債,15,0,15,台新-建北,2024-09-26,8151
2426,鼎元,19,4,15,台新-建北,2024-09-26,8151
2032,新鋼,639,0,639,台新-建北,2024-09-27,8151
00650L,復華香港正2,370,8,362,台新-建北,2024-09-27,8151
00753L,中信中國50正2,299,19,280,台新-建北,2024-09-27,8151
00960,野村全球航運龍頭,362,151,211,台新-建北,2024-09-27,8151
2888,新光金,229,43,186,台新-建北,2024-09-27,8151
6598,ABC-KY,180,0,180,台新-建北,2024-09-27,8151
3363,上詮,214,53,161,台新-建北,2024-09-27,8151
00687B,國泰20年美債,173,31,142,台新-建北,2024-09-27,8151
00679B,元大美債20年,156,17,139,台新-建北,2024-09-27,8151
00712,復華富時不動產,131,0,131,台新-建北,2024-09-27,8151
00720B,元大投資級公司債,117,2,115,台新-建北,2024-09-27,8151
00953B,群益優選非投等債,105,0,105,台新-建北,2024-09-27,8151
00632R,元大台灣50反1,94,0,94,台新-建北,2024-09-27,8151
1802,台玻,110,19,91,台新-建北,2024-09-27,8151
00940,元大台灣價值高息,122,39,83,台新-建北,2024-09-27,8151
2347,聯強,60,11,49,台新-建北,2024-09-27,8151
8277,商丞,47,0,47,台新-建北,2024-09-27,8151
3450,聯鈞,110,64,46,台新-建北,2024-09-27,8151
00740B,富邦全球投等債,41,0,41,台新-建北,2024-09-27,8151
4549,桓達,40,1,39,台新-建北,2024-09-27,8151
3324,雙鴻,41,3,38,台新-建北,2024-09-27,8151
2617,台航,33,0,33,台新-建北,2024-09-27,8151
3003,健和興,54,22,32,台新-建北,2024-09-27,8151
3015,全漢,30,0,30,台新-建北,2024-09-27,8151
2027,大成鋼,30,1,29,台新-建北,2024-09-27,8151
00715L,期街口布蘭特正2,34,5,29,台新-建北,2024-09-27,8151
2645,長榮航太,28,0,28,台新-建北,2024-09-27,8151
00696B,富邦美債20年,42,14,28,台新-建北,2024-09-27,8151
2543,皇昌,82,55,27,台新-建北,2024-09-27,8151
3035,智原,29,3,26,台新-建北,2024-09-27,8151
00633L,富邦上証正2,30,4,26,台新-建北,2024-09-27,8151
4167,松瑞藥,24,0,24,台新-建北,2024-09-27,8151
00929,復華台灣科技優息,77,53,24,台新-建北,2024-09-27,8151
6005,群益證,23,0,23,台新-建北,2024-09-27,8151
00915,凱基優選高股息30,27,4,23,台新-建北,2024-09-27,8151
3374,精材,26,3,23,台新-建北,2024-09-27,8151
6589,台康生技,20,0,20,台新-建北,2024-09-27,8151
2886,兆豐金,19,0,19,台新-建北,2024-09-27,8151
2426,鼎元,25,6,19,台新-建北,2024-09-27,8151
00942B,台新美A公司債20+,38,20,18,台新-建北,2024-09-27,8151
3518,柏騰,18,0,18,台新-建北,2024-09-27,8151
2882,國泰金,25,7,18,台新-建北,2024-09-27,8151
00948B,中信優息投資級債,36,19,17,台新-建北,2024-09-27,8151
00642U,期元大S＆P石油,16,0,16,台新-建北,2024-09-27,8151
8028,昇陽半導體,68,52,16,台新-建北,2024-09-27,8151
5243,乙盛-KY,17,1,16,台新-建北,2024-09-27,8151
2412,中華電,15,0,15,台新-建北,2024-09-27,8151
4438,廣越,15,0,15,台新-建北,2024-09-27,8151
6838,台新藥,15,1,14,台新-建北,2024-09-27,8151
9934,成霖,14,0,14,台新-建北,2024-09-27,8151
00753L,中信中國50正2,681,10,671,台新-建北,2024-09-30,8151
5907,大洋-KY,596,0,596,台新-建北,2024-09-30,8151
00940,元大台灣價值高息,323,40,283,台新-建北,2024-09-30,8151
00919,群益台灣精選高息,291,33,258,台新-建北,2024-09-30,8151
00878,國泰永續高股息,331,97,234,台新-建北,2024-09-30,8151
2539,櫻花建,182,0,182,台新-建北,2024-09-30,8151
00637L,元大滬深300正2,406,238,168,台新-建北,2024-09-30,8151
6287,元隆,141,0,141,台新-建北,2024-09-30,8151
00687B,國泰20年美債,160,21,139,台新-建北,2024-09-30,8151
00929,復華台灣科技優息,186,61,125,台新-建北,2024-09-30,8151
2609,陽明,194,86,108,台新-建北,2024-09-30,8151
2014,中鴻,397,309,88,台新-建北,2024-09-30,8151
4745,合富-KY,87,0,87,台新-建北,2024-09-30,8151
00665L,富邦�琤肭磪囓�2,166,86,80,台新-建北,2024-09-30,8151
00679B,元大美債20年,100,20,80,台新-建北,2024-09-30,8151
3663,鑫科,80,4,76,台新-建北,2024-09-30,8151
8404,百和興業-KY,74,0,74,台新-建北,2024-09-30,8151
2363,矽統,91,20,71,台新-建北,2024-09-30,8151
2330,台積電,84,22,62,台新-建北,2024-09-30,8151
00640L,富邦日本正2,61,0,61,台新-建北,2024-09-30,8151
1802,台玻,253,193,60,台新-建北,2024-09-30,8151
00638R,元大滬深300反1,60,0,60,台新-建北,2024-09-30,8151
2408,南亞科,60,1,59,台新-建北,2024-09-30,8151
5014,建錩,70,18,52,台新-建北,2024-09-30,8151
00951,台新日本半導體,48,0,48,台新-建北,2024-09-30,8151
00937B,群益ESG投等債20,119,76,43,台新-建北,2024-09-30,8151
00680L,元大美債20正2,53,10,43,台新-建北,2024-09-30,8151
1305,華夏,41,0,41,台新-建北,2024-09-30,8151
1608,華榮,40,0,40,台新-建北,2024-09-30,8151
1102,亞泥,40,0,40,台新-建北,2024-09-30,8151
00882,中信中國高股息,209,171,38,台新-建北,2024-09-30,8151
8028,昇陽半導體,42,5,37,台新-建北,2024-09-30,8151
8070,長華*,38,4,34,台新-建北,2024-09-30,8151
2312,金寶,38,6,32,台新-建北,2024-09-30,8151
2603,長榮,46,15,31,台新-建北,2024-09-30,8151
00696B,富邦美債20年,30,0,30,台新-建北,2024-09-30,8151
2017,官田鋼,30,4,26,台新-建北,2024-09-30,8151
3450,聯鈞,64,38,26,台新-建北,2024-09-30,8151
5608,四維航,34,10,24,台新-建北,2024-09-30,8151
2344,華邦電,36,13,23,台新-建北,2024-09-30,8151
1309,台達化,67,45,22,台新-建北,2024-09-30,8151
6163,華電網,22,1,21,台新-建北,2024-09-30,8151
1301,台塑,29,9,20,台新-建北,2024-09-30,8151
1304,台聚,20,0,20,台新-建北,2024-09-30,8151
00712,復華富時不動產,20,0,20,台新-建北,2024-09-30,8151
00673R,期元大S＆P原油反1,20,0,20,台新-建北,2024-09-30,8151
2337,旺宏,20,0,20,台新-建北,2024-09-30,8151
6229,研通,20,0,20,台新-建北,2024-09-30,8151
2105,正新,28,8,20,台新-建北,2024-09-30,8151
00923,群益台ESG低碳50,20,1,19,台新-建北,2024-09-30,8151
00753L,中信中國50正2,836,86,750,台新-建北,2024-10-01,8151
2539,櫻花建,533,0,533,台新-建北,2024-10-01,8151
00632R,元大台灣50反1,405,25,380,台新-建北,2024-10-01,8151
3508,位速,367,0,367,台新-建北,2024-10-01,8151
6118,建達,205,0,205,台新-建北,2024-10-01,8151
00929,復華台灣科技優息,270,100,170,台新-建北,2024-10-01,8151
00680L,元大美債20正2,184,18,166,台新-建北,2024-10-01,8151
00665L,富邦�琤肭磪囓�2,266,126,140,台新-建北,2024-10-01,8151
5344,立衛,134,0,134,台新-建北,2024-10-01,8151
00650L,復華香港正2,112,3,109,台新-建北,2024-10-01,8151
00937B,群益ESG投等債20,134,37,97,台新-建北,2024-10-01,8151
1802,台玻,112,15,97,台新-建北,2024-10-01,8151
00905,FT臺灣Smart,73,0,73,台新-建北,2024-10-01,8151
0056,元大高股息,71,1,70,台新-建北,2024-10-01,8151
2888,新光金,68,3,65,台新-建北,2024-10-01,8151
00664R,國泰臺灣加權反1,57,0,57,台新-建北,2024-10-01,8151
00919,群益台灣精選高息,60,11,49,台新-建北,2024-10-01,8151
1569,濱川,50,6,44,台新-建北,2024-10-01,8151
00878,國泰永續高股息,46,4,42,台新-建北,2024-10-01,8151
00752,中信中國50,33,0,33,台新-建北,2024-10-01,8151
3576,聯合再生,32,1,31,台新-建北,2024-10-01,8151
3062,建漢,41,11,30,台新-建北,2024-10-01,8151
1319,東陽,32,2,30,台新-建北,2024-10-01,8151
00637L,元大滬深300正2,31,1,30,台新-建北,2024-10-01,8151
00940,元大台灣價值高息,39,11,28,台新-建北,2024-10-01,8151
2867,三商壽,25,0,25,台新-建北,2024-10-01,8151
4123,晟德,26,1,25,台新-建北,2024-10-01,8151
00882,中信中國高股息,31,6,25,台新-建北,2024-10-01,8151
3040,遠見,47,23,24,台新-建北,2024-10-01,8151
00942B,台新美A公司債20+,30,7,23,台新-建北,2024-10-01,8151
2486,一詮,27,5,22,台新-建北,2024-10-01,8151
8404,百和興業-KY,22,0,22,台新-建北,2024-10-01,8151
2615,萬海,176,155,21,台新-建北,2024-10-01,8151
2363,矽統,36,16,20,台新-建北,2024-10-01,8151
6125,廣運,20,0,20,台新-建北,2024-10-01,8151
00638R,元大滬深300反1,20,0,20,台新-建北,2024-10-01,8151
2317,鴻海,22,3,19,台新-建北,2024-10-01,8151
00922,國泰台灣領袖50,21,2,19,台新-建北,2024-10-01,8151
00713,元大台灣高息低波,19,0,19,台新-建北,2024-10-01,8151
8069,元太,21,2,19,台新-建北,2024-10-01,8151
3663,鑫科,20,1,19,台新-建北,2024-10-01,8151
00900,富邦特選高股息30,18,0,18,台新-建北,2024-10-01,8151
00688L,國泰20年美債正2,17,0,17,台新-建北,2024-10-01,8151
2382,廣達,37,20,17,台新-建北,2024-10-01,8151
2062,橋椿,17,1,16,台新-建北,2024-10-01,8151
2399,映泰,110,94,16,台新-建北,2024-10-01,8151
00712,復華富時不動產,19,3,16,台新-建北,2024-10-01,8151
00932,兆豐永續高息等權,15,0,15,台新-建北,2024-10-01,8151
00706L,期元大S＆P日圓正2,15,0,15,台新-建北,2024-10-01,8151
2406,國碩,74,59,15,台新-建北,2024-10-01,8151
00633L,富邦上証正2,2348,208,2140,台新-建北,2024-10-04,8151
2539,櫻花建,593,0,593,台新-建北,2024-10-04,8151
00637L,元大滬深300正2,545,190,355,台新-建北,2024-10-04,8151
00725B,國泰投資級公司債,236,0,236,台新-建北,2024-10-04,8151
00878,國泰永續高股息,229,10,219,台新-建北,2024-10-04,8151
1909,榮成,200,0,200,台新-建北,2024-10-04,8151
00919,群益台灣精選高息,228,32,196,台新-建北,2024-10-04,8151
00940,元大台灣價值高息,190,5,185,台新-建北,2024-10-04,8151
00632R,元大台灣50反1,175,25,150,台新-建北,2024-10-04,8151
2303,聯電,144,5,139,台新-建北,2024-10-04,8151
3062,建漢,163,36,127,台新-建北,2024-10-04,8151
00639,富邦深100,123,1,122,台新-建北,2024-10-04,8151
0056,元大高股息,165,44,121,台新-建北,2024-10-04,8151
1815,富喬,142,34,108,台新-建北,2024-10-04,8151
4979,華星光,248,149,99,台新-建北,2024-10-04,8151
00929,復華台灣科技優息,135,41,94,台新-建北,2024-10-04,8151
00712,復華富時不動產,101,16,85,台新-建北,2024-10-04,8151
00675L,富邦臺灣加權正2,85,5,80,台新-建北,2024-10-04,8151
00918,大華優利高填息30,85,7,78,台新-建北,2024-10-04,8151
6875,國邑*,78,0,78,台新-建北,2024-10-04,8151
6125,廣運,62,2,60,台新-建北,2024-10-04,8151
2419,仲琦,55,5,50,台新-建北,2024-10-04,8151
9938,百和,50,0,50,台新-建北,2024-10-04,8151
00887,永豐中國科技50大,73,24,49,台新-建北,2024-10-04,8151
00902,中信電池及儲能,54,5,49,台新-建北,2024-10-04,8151
00665L,富邦�琤肭磪囓�2,188,140,48,台新-建北,2024-10-04,8151
2618,長榮航,57,12,45,台新-建北,2024-10-04,8151
6505,台塑化,45,1,44,台新-建北,2024-10-04,8151
1802,台玻,68,29,39,台新-建北,2024-10-04,8151
00882,中信中國高股息,228,190,38,台新-建北,2024-10-04,8151
00679B,元大美債20年,46,9,37,台新-建北,2024-10-04,8151
00946,群益科技高息成長,34,0,34,台新-建北,2024-10-04,8151
2605,新興,37,3,34,台新-建北,2024-10-04,8151
00713,元大台灣高息低波,33,0,33,台新-建北,2024-10-04,8151
2382,廣達,66,34,32,台新-建北,2024-10-04,8151
3066,李洲,31,0,31,台新-建北,2024-10-04,8151
00752,中信中國50,35,4,31,台新-建北,2024-10-04,8151
2017,官田鋼,30,0,30,台新-建北,2024-10-04,8151
00751B,元大AAA至A公司債,29,0,29,台新-建北,2024-10-04,8151
2887,台新金,28,0,28,台新-建北,2024-10-04,8151
020033,統一�琤肮黕篾,28,0,28,台新-建北,2024-10-04,8151
6186,新潤,27,0,27,台新-建北,2024-10-04,8151
6274,台燿,39,13,26,台新-建北,2024-10-04,8151
00670L,富邦NASDAQ正2,26,0,26,台新-建北,2024-10-04,8151
00934,中信成長高股息,26,0,26,台新-建北,2024-10-04,8151
3037,欣興,31,5,26,台新-建北,2024-10-04,8151
2449,京元電子,36,12,24,台新-建北,2024-10-04,8151
3040,遠見,36,12,24,台新-建北,2024-10-04,8151
00915,凱基優選高股息30,23,0,23,台新-建北,2024-10-04,8151
00939,統一台灣高息動能,24,1,23,台新-建北,2024-10-04,8151
00633L,富邦上証正2,392,7,385,台新-建北,2024-10-07,8151
00655L,國泰中國A50正2,373,1,372,台新-建北,2024-10-07,8151
4523,永彰,306,3,303,台新-建北,2024-10-07,8151
00665L,富邦�琤肭磪囓�2,220,60,160,台新-建北,2024-10-07,8151
00877,復華中國5G,148,1,147,台新-建北,2024-10-07,8151
00679B,元大美債20年,160,25,135,台新-建北,2024-10-07,8151
00687B,國泰20年美債,184,64,120,台新-建北,2024-10-07,8151
00650L,復華香港正2,154,34,120,台新-建北,2024-10-07,8151
00637L,元大滬深300正2,225,111,114,台新-建北,2024-10-07,8151
00940,元大台灣價值高息,114,11,103,台新-建北,2024-10-07,8151
4908,前鼎,134,33,101,台新-建北,2024-10-07,8151
00919,群益台灣精選高息,115,15,100,台新-建北,2024-10-07,8151
8104,錸寶,106,7,99,台新-建北,2024-10-07,8151
00688L,國泰20年美債正2,99,0,99,台新-建北,2024-10-07,8151
2515,中工,83,10,73,台新-建北,2024-10-07,8151
0061,元大寶滬深,112,40,72,台新-建北,2024-10-07,8151
5907,大洋-KY,67,10,57,台新-建北,2024-10-07,8151
00752,中信中國50,64,11,53,台新-建北,2024-10-07,8151
8033,雷虎,52,0,52,台新-建北,2024-10-07,8151
1785,光洋科,56,6,50,台新-建北,2024-10-07,8151
00882,中信中國高股息,163,119,44,台新-建北,2024-10-07,8151
00696B,富邦美債20年,44,0,44,台新-建北,2024-10-07,8151
1314,中石化,84,42,42,台新-建北,2024-10-07,8151
00929,復華台灣科技優息,58,16,42,台新-建北,2024-10-07,8151
3715,定穎投控,108,67,41,台新-建北,2024-10-07,8151
00706L,期元大S＆P日圓正2,40,0,40,台新-建北,2024-10-07,8151
1304,台聚,40,0,40,台新-建北,2024-10-07,8151
3019,亞光,37,2,35,台新-建北,2024-10-07,8151
006206,元大上證50,35,0,35,台新-建北,2024-10-07,8151
00857B,永豐20年美公債,35,0,35,台新-建北,2024-10-07,8151
2530,華建,35,0,35,台新-建北,2024-10-07,8151
912000,晨訊科-DR,33,0,33,台新-建北,2024-10-07,8151
0056,元大高股息,56,23,33,台新-建北,2024-10-07,8151
3040,遠見,40,8,32,台新-建北,2024-10-07,8151
2313,華通,53,22,31,台新-建北,2024-10-07,8151
2486,一詮,116,85,31,台新-建北,2024-10-07,8151
6205,詮欣,37,6,31,台新-建北,2024-10-07,8151
00673R,期元大S＆P原油反1,30,0,30,台新-建北,2024-10-07,8151
3037,欣興,30,1,29,台新-建北,2024-10-07,8151
00922,國泰台灣領袖50,30,1,29,台新-建北,2024-10-07,8151
00795B,中信美國公債20年,27,0,27,台新-建北,2024-10-07,8151
00931B,統一美債20年,26,0,26,台新-建北,2024-10-07,8151
1616,億泰,26,0,26,台新-建北,2024-10-07,8151
00948B,中信優息投資級債,27,2,25,台新-建北,2024-10-07,8151
00680L,元大美債20正2,169,145,24,台新-建北,2024-10-07,8151
3710,連展投控,24,0,24,台新-建北,2024-10-07,8151
00712,復華富時不動產,23,0,23,台新-建北,2024-10-07,8151
00915,凱基優選高股息30,23,0,23,台新-建北,2024-10-07,8151
00751B,元大AAA至A公司債,25,3,22,台新-建北,2024-10-07,8151
3712,永崴投控,21,1,20,台新-建北,2024-10-07,8151
00753L,中信中國50正2,1332,369,963,台新-建北,2024-10-08,8151
00637L,元大滬深300正2,1226,281,945,台新-建北,2024-10-08,8151
00687B,國泰20年美債,377,124,253,台新-建北,2024-10-08,8151
2530,華建,235,0,235,台新-建北,2024-10-08,8151
00679B,元大美債20年,199,28,171,台新-建北,2024-10-08,8151
8404,百和興業-KY,181,12,169,台新-建北,2024-10-08,8151
00878,國泰永續高股息,154,1,153,台新-建北,2024-10-08,8151
00929,復華台灣科技優息,182,41,141,台新-建北,2024-10-08,8151
2539,櫻花建,139,0,139,台新-建北,2024-10-08,8151
00940,元大台灣價值高息,143,5,138,台新-建北,2024-10-08,8151
2317,鴻海,185,58,127,台新-建北,2024-10-08,8151
4105,東洋,124,0,124,台新-建北,2024-10-08,8151
00639,富邦深100,111,1,110,台新-建北,2024-10-08,8151
00696B,富邦美債20年,103,0,103,台新-建北,2024-10-08,8151
5386,青雲,100,1,99,台新-建北,2024-10-08,8151
00887,永豐中國科技50大,159,69,90,台新-建北,2024-10-08,8151
0056,元大高股息,127,39,88,台新-建北,2024-10-08,8151
00919,群益台灣精選高息,116,31,85,台新-建北,2024-10-08,8151
5880,合庫金,80,0,80,台新-建北,2024-10-08,8151
4956,光鋐,99,19,80,台新-建北,2024-10-08,8151
2399,映泰,411,332,79,台新-建北,2024-10-08,8151
3481,群創,72,2,70,台新-建北,2024-10-08,8151
00680L,元大美債20正2,79,13,66,台新-建北,2024-10-08,8151
2887,台新金,74,12,62,台新-建北,2024-10-08,8151
00655L,國泰中國A50正2,122,66,56,台新-建北,2024-10-08,8151
2362,藍天,136,82,54,台新-建北,2024-10-08,8151
00958B,永豐ESG銀行債15,50,0,50,台新-建北,2024-10-08,8151
3450,聯鈞,67,17,50,台新-建北,2024-10-08,8151
8926,台汽電,42,0,42,台新-建北,2024-10-08,8151
3081,聯亞,40,0,40,台新-建北,2024-10-08,8151
00740B,富邦全球投等債,40,0,40,台新-建北,2024-10-08,8151
00688L,國泰20年美債正2,47,10,37,台新-建北,2024-10-08,8151
6134,萬旭,124,88,36,台新-建北,2024-10-08,8151
6207,雷科,63,29,34,台新-建北,2024-10-08,8151
006206,元大上證50,42,8,34,台新-建北,2024-10-08,8151
2615,萬海,35,3,32,台新-建北,2024-10-08,8151
00942B,台新美A公司債20+,31,0,31,台新-建北,2024-10-08,8151
6152,百一,31,0,31,台新-建北,2024-10-08,8151
0061,元大寶滬深,73,43,30,台新-建北,2024-10-08,8151
1616,億泰,35,6,29,台新-建北,2024-10-08,8151
2888,新光金,46,18,28,台新-建北,2024-10-08,8151
00713,元大台灣高息低波,27,0,27,台新-建北,2024-10-08,8151
3037,欣興,26,2,24,台新-建北,2024-10-08,8151
00922,國泰台灣領袖50,22,1,21,台新-建北,2024-10-08,8151
00915,凱基優選高股息30,21,0,21,台新-建北,2024-10-08,8151
2601,益航,24,3,21,台新-建北,2024-10-08,8151
00937B,群益ESG投等債20,89,68,21,台新-建北,2024-10-08,8151
00673R,期元大S＆P原油反1,20,0,20,台新-建北,2024-10-08,8151
1423,利華,20,0,20,台新-建北,2024-10-08,8151
3049,精金,45,25,20,台新-建北,2024-10-08,8151
00637L,元大滬深300正2,994,257,737,台新-建北,2024-10-09,8151
2399,映泰,516,252,264,台新-建北,2024-10-09,8151
00665L,富邦�琤肭磪囓�2,810,555,255,台新-建北,2024-10-09,8151
2539,櫻花建,218,0,218,台新-建北,2024-10-09,8151
1529,樂事綠能,124,0,124,台新-建北,2024-10-09,8151
00753L,中信中國50正2,394,272,122,台新-建北,2024-10-09,8151
6108,競國,120,0,120,台新-建北,2024-10-09,8151
3576,聯合再生,102,0,102,台新-建北,2024-10-09,8151
8033,雷虎,87,2,85,台新-建北,2024-10-09,8151
00680L,元大美債20正2,91,10,81,台新-建北,2024-10-09,8151
3703,欣陸,80,1,79,台新-建北,2024-10-09,8151
0056,元大高股息,83,9,74,台新-建北,2024-10-09,8151
5521,工信,72,0,72,台新-建北,2024-10-09,8151
2530,華建,70,0,70,台新-建北,2024-10-09,8151
3363,上詮,187,122,65,台新-建北,2024-10-09,8151
2630,亞航,62,0,62,台新-建北,2024-10-09,8151
00632R,元大台灣50反1,105,50,55,台新-建北,2024-10-09,8151
00687B,國泰20年美債,65,11,54,台新-建北,2024-10-09,8151
00937B,群益ESG投等債20,131,77,54,台新-建北,2024-10-09,8151
3481,群創,68,15,53,台新-建北,2024-10-09,8151
3290,東浦,81,29,52,台新-建北,2024-10-09,8151
00958B,永豐ESG銀行債15,50,0,50,台新-建北,2024-10-09,8151
00639,富邦深100,57,8,49,台新-建北,2024-10-09,8151
00679B,元大美債20年,48,4,44,台新-建北,2024-10-09,8151
3207,耀勝,41,0,41,台新-建北,2024-10-09,8151
6213,聯茂,40,0,40,台新-建北,2024-10-09,8151
00696B,富邦美債20年,35,0,35,台新-建北,2024-10-09,8151
3257,虹冠電,36,1,35,台新-建北,2024-10-09,8151
3060,銘異,48,15,33,台新-建北,2024-10-09,8151
00919,群益台灣精選高息,46,14,32,台新-建北,2024-10-09,8151
2023,燁輝,42,15,27,台新-建北,2024-10-09,8151
00960,野村全球航運龍頭,27,0,27,台新-建北,2024-10-09,8151
4958,臻鼎-KY,35,9,26,台新-建北,2024-10-09,8151
4552,力達-KY,25,0,25,台新-建北,2024-10-09,8151
00720B,元大投資級公司債,24,0,24,台新-建北,2024-10-09,8151
00940,元大台灣價值高息,23,0,23,台新-建北,2024-10-09,8151
2892,第一金,22,0,22,台新-建北,2024-10-09,8151
8383,千附,25,3,22,台新-建北,2024-10-09,8151
2402,毅嘉,31,9,22,台新-建北,2024-10-09,8151
2603,長榮,25,4,21,台新-建北,2024-10-09,8151
6156,松上,23,2,21,台新-建北,2024-10-09,8151
5498,凱崴,21,0,21,台新-建北,2024-10-09,8151
2601,益航,24,3,21,台新-建北,2024-10-09,8151
4576,大銀微系統,73,52,21,台新-建北,2024-10-09,8151
2543,皇昌,39,18,21,台新-建北,2024-10-09,8151
3071,協禧,20,0,20,台新-建北,2024-10-09,8151
6807,峰源-KY,20,0,20,台新-建北,2024-10-09,8151
5871,中租-KY,20,1,19,台新-建北,2024-10-09,8151
00922,國泰台灣領袖50,18,0,18,台新-建北,2024-10-09,8151
00948B,中信優息投資級債,17,0,17,台新-建北,2024-10-09,8151
9105,泰金寶-DR,685,1,684,台新-建北,2024-10-11,8151
00637L,元大滬深300正2,409,135,274,台新-建北,2024-10-11,8151
2539,櫻花建,246,0,246,台新-建北,2024-10-11,8151
8059,凱碩,169,0,169,台新-建北,2024-10-11,8151
2887,台新金,187,20,167,台新-建北,2024-10-11,8151
1785,光洋科,152,47,105,台新-建北,2024-10-11,8151
00953B,群益優選非投等債,100,0,100,台新-建北,2024-10-11,8151
00680L,元大美債20正2,121,29,92,台新-建北,2024-10-11,8151
00633L,富邦上証正2,208,120,88,台新-建北,2024-10-11,8151
1721,三晃,107,23,84,台新-建北,2024-10-11,8151
2530,華建,80,0,80,台新-建北,2024-10-11,8151
00753L,中信中國50正2,77,0,77,台新-建北,2024-10-11,8151
00882,中信中國高股息,75,1,74,台新-建北,2024-10-11,8151
3324,雙鴻,76,12,64,台新-建北,2024-10-11,8151
2888,新光金,102,45,57,台新-建北,2024-10-11,8151
00937B,群益ESG投等債20,195,140,55,台新-建北,2024-10-11,8151
0056,元大高股息,97,44,53,台新-建北,2024-10-11,8151
00706L,期元大S＆P日圓正2,50,0,50,台新-建北,2024-10-11,8151
2542,興富發,50,2,48,台新-建北,2024-10-11,8151
8070,長華*,56,8,48,台新-建北,2024-10-11,8151
00878,國泰永續高股息,81,33,48,台新-建北,2024-10-11,8151
00919,群益台灣精選高息,69,23,46,台新-建北,2024-10-11,8151
00673R,期元大S＆P原油反1,45,0,45,台新-建北,2024-10-11,8151
00679B,元大美債20年,118,77,41,台新-建北,2024-10-11,8151
8011,台通,36,0,36,台新-建北,2024-10-11,8151
00676R,富邦臺灣加權反1,40,4,36,台新-建北,2024-10-11,8151
00696B,富邦美債20年,36,0,36,台新-建北,2024-10-11,8151
00915,凱基優選高股息30,40,5,35,台新-建北,2024-10-11,8151
3663,鑫科,37,6,31,台新-建北,2024-10-11,8151
00688L,國泰20年美債正2,30,0,30,台新-建北,2024-10-11,8151
3675,德微,31,1,30,台新-建北,2024-10-11,8151
00665L,富邦�琤肭磪囓�2,55,26,29,台新-建北,2024-10-11,8151
2892,第一金,28,0,28,台新-建北,2024-10-11,8151
4958,臻鼎-KY,26,0,26,台新-建北,2024-10-11,8151
00713,元大台灣高息低波,24,0,24,台新-建北,2024-10-11,8151
3033,威健,105,81,24,台新-建北,2024-10-11,8151
3466,德晉,23,0,23,台新-建北,2024-10-11,8151
2324,仁寶,23,0,23,台新-建北,2024-10-11,8151
00922,國泰台灣領袖50,28,7,21,台新-建北,2024-10-11,8151
3149,正達,236,215,21,台新-建北,2024-10-11,8151
4909,新復興,29,8,21,台新-建北,2024-10-11,8151
8390,金益鼎,20,0,20,台新-建北,2024-10-11,8151
4903,聯光通,79,59,20,台新-建北,2024-10-11,8151
4167,松瑞藥,21,1,20,台新-建北,2024-10-11,8151
1455,集盛,20,0,20,台新-建北,2024-10-11,8151
2103,台橡,20,0,20,台新-建北,2024-10-11,8151
2356,英業達,56,36,20,台新-建北,2024-10-11,8151
00720B,元大投資級公司債,25,6,19,台新-建北,2024-10-11,8151
00650L,復華香港正2,19,0,19,台新-建北,2024-10-11,8151
2886,兆豐金,21,2,19,台新-建北,2024-10-11,8151
00937B,群益ESG投等債20,257,2,255,台新-建北,2024-10-14,8151
00948B,中信優息投資級債,236,0,236,台新-建北,2024-10-14,8151
2312,金寶,340,180,160,台新-建北,2024-10-14,8151
00753L,中信中國50正2,168,26,142,台新-建北,2024-10-14,8151
00887,永豐中國科技50大,136,2,134,台新-建北,2024-10-14,8151
00651R,復華香港反1,152,31,121,台新-建北,2024-10-14,8151
00712,復華富時不動產,115,0,115,台新-建北,2024-10-14,8151
00679B,元大美債20年,228,115,113,台新-建北,2024-10-14,8151
3450,聯鈞,172,69,103,台新-建北,2024-10-14,8151
6609,瀧澤科,142,44,98,台新-建北,2024-10-14,8151
2539,櫻花建,63,0,63,台新-建北,2024-10-14,8151
00687B,國泰20年美債,112,51,61,台新-建北,2024-10-14,8151
00680L,元大美債20正2,55,0,55,台新-建北,2024-10-14,8151
6830,汎銓,55,2,53,台新-建北,2024-10-14,8151
00959B,大華投等美債15Y+,52,0,52,台新-建北,2024-10-14,8151
00665L,富邦�琤肭磪囓�2,57,8,49,台新-建北,2024-10-14,8151
3017,奇鋐,60,12,48,台新-建北,2024-10-14,8151
2317,鴻海,60,13,47,台新-建北,2024-10-14,8151
2408,南亞科,43,2,41,台新-建北,2024-10-14,8151
3576,聯合再生,45,5,40,台新-建北,2024-10-14,8151
8176,智捷,41,2,39,台新-建北,2024-10-14,8151
00751B,元大AAA至A公司債,38,1,37,台新-建北,2024-10-14,8151
00960,野村全球航運龍頭,37,0,37,台新-建北,2024-10-14,8151
3029,零壹,38,6,32,台新-建北,2024-10-14,8151
2349,錸德,33,1,32,台新-建北,2024-10-14,8151
00720B,元大投資級公司債,31,0,31,台新-建北,2024-10-14,8151
3710,連展投控,50,20,30,台新-建北,2024-10-14,8151
3209,全科,29,1,28,台新-建北,2024-10-14,8151
3605,宏致,37,9,28,台新-建北,2024-10-14,8151
1316,上曜,27,0,27,台新-建北,2024-10-14,8151
00688L,國泰20年美債正2,27,2,25,台新-建北,2024-10-14,8151
4958,臻鼎-KY,25,0,25,台新-建北,2024-10-14,8151
1455,集盛,25,0,25,台新-建北,2024-10-14,8151
00919,群益台灣精選高息,33,9,24,台新-建北,2024-10-14,8151
00922,國泰台灣領袖50,25,1,24,台新-建北,2024-10-14,8151
2313,華通,26,3,23,台新-建北,2024-10-14,8151
3615,安可,32,10,22,台新-建北,2024-10-14,8151
3675,德微,37,15,22,台新-建北,2024-10-14,8151
2363,矽統,30,9,21,台新-建北,2024-10-14,8151
00637L,元大滬深300正2,176,156,20,台新-建北,2024-10-14,8151
2486,一詮,45,25,20,台新-建北,2024-10-14,8151
00650L,復華香港正2,22,3,19,台新-建北,2024-10-14,8151
3324,雙鴻,24,5,19,台新-建北,2024-10-14,8151
00713,元大台灣高息低波,18,0,18,台新-建北,2024-10-14,8151
00795B,中信美國公債20年,20,2,18,台新-建北,2024-10-14,8151
0061,元大寶滬深,26,10,16,台新-建北,2024-10-14,8151
2524,京城,18,2,16,台新-建北,2024-10-14,8151
00725B,國泰投資級公司債,15,0,15,台新-建北,2024-10-14,8151
2376,技嘉,14,0,14,台新-建北,2024-10-14,8151
2888,新光金,131,117,14,台新-建北,2024-10-14,8151
00882,中信中國高股息,205,4,201,台新-建北,2024-10-15,8151
00960,野村全球航運龍頭,180,6,174,台新-建北,2024-10-15,8151
00753L,中信中國50正2,154,1,153,台新-建北,2024-10-15,8151
6658,聯策,151,12,139,台新-建北,2024-10-15,8151
00679B,元大美債20年,173,34,139,台新-建北,2024-10-15,8151
00948B,中信優息投資級債,138,0,138,台新-建北,2024-10-15,8151
0056,元大高股息,194,61,133,台新-建北,2024-10-15,8151
00637L,元大滬深300正2,178,66,112,台新-建北,2024-10-15,8151
3710,連展投控,119,11,108,台新-建北,2024-10-15,8151
00933B,國泰10Y+金融債,99,0,99,台新-建北,2024-10-15,8151
3450,聯鈞,173,83,90,台新-建北,2024-10-15,8151
2887,台新金,96,19,77,台新-建北,2024-10-15,8151
2455,全新,90,13,77,台新-建北,2024-10-15,8151
00687B,國泰20年美債,69,6,63,台新-建北,2024-10-15,8151
3576,聯合再生,60,0,60,台新-建北,2024-10-15,8151
2382,廣達,110,54,56,台新-建北,2024-10-15,8151
5230,雷笛克光學,60,8,52,台新-建北,2024-10-15,8151
2528,皇普,51,0,51,台新-建北,2024-10-15,8151
9955,佳龍,50,0,50,台新-建北,2024-10-15,8151
1314,中石化,64,18,46,台新-建北,2024-10-15,8151
4903,聯光通,164,118,46,台新-建北,2024-10-15,8151
00958B,永豐ESG銀行債15,50,5,45,台新-建北,2024-10-15,8151
00688L,國泰20年美債正2,54,10,44,台新-建北,2024-10-15,8151
6442,光聖,70,28,42,台新-建北,2024-10-15,8151
5314,世紀,40,0,40,台新-建北,2024-10-15,8151
4979,華星光,116,76,40,台新-建北,2024-10-15,8151
3207,耀勝,40,1,39,台新-建北,2024-10-15,8151
5905,南仁湖,40,2,38,台新-建北,2024-10-15,8151
2888,新光金,86,51,35,台新-建北,2024-10-15,8151
00919,群益台灣精選高息,102,70,32,台新-建北,2024-10-15,8151
6215,和椿,71,42,29,台新-建北,2024-10-15,8151
6125,廣運,56,28,28,台新-建北,2024-10-15,8151
00922,國泰台灣領袖50,34,9,25,台新-建北,2024-10-15,8151
00665L,富邦�琤肭磪囓�2,25,0,25,台新-建北,2024-10-15,8151
2363,矽統,106,81,25,台新-建北,2024-10-15,8151
2062,橋椿,25,0,25,台新-建北,2024-10-15,8151
4977,眾達-KY,91,66,25,台新-建北,2024-10-15,8151
00633L,富邦上証正2,105,81,24,台新-建北,2024-10-15,8151
6449,鈺邦,24,0,24,台新-建北,2024-10-15,8151
8028,昇陽半導體,73,50,23,台新-建北,2024-10-15,8151
2408,南亞科,23,0,23,台新-建北,2024-10-15,8151
4956,光鋐,280,257,23,台新-建北,2024-10-15,8151
2603,長榮,25,3,22,台新-建北,2024-10-15,8151
3017,奇鋐,61,39,22,台新-建北,2024-10-15,8151
00643,群益深証中小,22,0,22,台新-建北,2024-10-15,8151
1464,得力,24,2,22,台新-建北,2024-10-15,8151
00706L,期元大S＆P日圓正2,21,0,21,台新-建北,2024-10-15,8151
3374,精材,22,1,21,台新-建北,2024-10-15,8151
1618,合機,20,0,20,台新-建北,2024-10-15,8151
9938,百和,20,0,20,台新-建北,2024-10-15,8151
00948B,中信優息投資級債,727,0,727,台新-建北,2024-10-16,8151
0056,元大高股息,479,20,459,台新-建北,2024-10-16,8151
00680L,元大美債20正2,328,12,316,台新-建北,2024-10-16,8151
2539,櫻花建,250,0,250,台新-建北,2024-10-16,8151
2365,昆盈,292,46,246,台新-建北,2024-10-16,8151
00753L,中信中國50正2,444,237,207,台新-建北,2024-10-16,8151
8374,羅昇,207,11,196,台新-建北,2024-10-16,8151
2402,毅嘉,165,2,163,台新-建北,2024-10-16,8151
00912,中信臺灣智慧50,127,3,124,台新-建北,2024-10-16,8151
3450,聯鈞,195,77,118,台新-建北,2024-10-16,8151
00951,台新日本半導體,109,5,104,台新-建北,2024-10-16,8151
1584,精剛,100,0,100,台新-建北,2024-10-16,8151
00632R,元大台灣50反1,120,22,98,台新-建北,2024-10-16,8151
2363,矽統,184,105,79,台新-建北,2024-10-16,8151
00887,永豐中國科技50大,82,5,77,台新-建北,2024-10-16,8151
00922,國泰台灣領袖50,75,1,74,台新-建北,2024-10-16,8151
00687B,國泰20年美債,130,60,70,台新-建北,2024-10-16,8151
2888,新光金,86,20,66,台新-建北,2024-10-16,8151
00648R,元大S＆P500反1,63,0,63,台新-建北,2024-10-16,8151
2615,萬海,68,7,61,台新-建北,2024-10-16,8151
00637L,元大滬深300正2,413,352,61,台新-建北,2024-10-16,8151
00696B,富邦美債20年,56,0,56,台新-建北,2024-10-16,8151
2357,華碩,51,1,50,台新-建北,2024-10-16,8151
00688L,國泰20年美債正2,48,0,48,台新-建北,2024-10-16,8151
00679B,元大美債20年,97,52,45,台新-建北,2024-10-16,8151
2449,京元電子,85,43,42,台新-建北,2024-10-16,8151
2455,全新,56,19,37,台新-建北,2024-10-16,8151
00915,凱基優選高股息30,37,0,37,台新-建北,2024-10-16,8151
6220,岳豐,37,1,36,台新-建北,2024-10-16,8151
00720B,元大投資級公司債,41,6,35,台新-建北,2024-10-16,8151
0050,元大台灣50,35,1,34,台新-建北,2024-10-16,8151
2027,大成鋼,31,0,31,台新-建北,2024-10-16,8151
8240,華宏,31,0,31,台新-建北,2024-10-16,8151
006208,富邦台50,29,1,28,台新-建北,2024-10-16,8151
3675,德微,35,11,24,台新-建北,2024-10-16,8151
00643,群益深証中小,23,0,23,台新-建北,2024-10-16,8151
00675L,富邦臺灣加權正2,53,31,22,台新-建北,2024-10-16,8151
00692,富邦公司治理,27,6,21,台新-建北,2024-10-16,8151
3702,大聯大,20,0,20,台新-建北,2024-10-16,8151
2419,仲琦,20,0,20,台新-建北,2024-10-16,8151
6770,力積電,21,1,20,台新-建北,2024-10-16,8151
6546,正基,52,32,20,台新-建北,2024-10-16,8151
2543,皇昌,41,22,19,台新-建北,2024-10-16,8151
1220,台榮,19,0,19,台新-建北,2024-10-16,8151
8096,擎亞,18,0,18,台新-建北,2024-10-16,8151
3017,奇鋐,40,22,18,台新-建北,2024-10-16,8151
2881,富邦金,17,1,16,台新-建北,2024-10-16,8151
1314,中石化,18,2,16,台新-建北,2024-10-16,8151
00960,野村全球航運龍頭,22,6,16,台新-建北,2024-10-16,8151
6116,彩晶,16,0,16,台新-建北,2024-10-16,8151
00919,群益台灣精選高息,1189,24,1165,台新-建北,2024-10-17,8151
0056,元大高股息,785,5,780,台新-建北,2024-10-17,8151
00887,永豐中國科技50大,495,18,477,台新-建北,2024-10-17,8151
00632R,元大台灣50反1,424,0,424,台新-建北,2024-10-17,8151
00942B,台新美A公司債20+,202,0,202,台新-建北,2024-10-17,8151
00637L,元大滬深300正2,272,71,201,台新-建北,2024-10-17,8151
2609,陽明,221,77,144,台新-建北,2024-10-17,8151
00960,野村全球航運龍頭,130,2,128,台新-建北,2024-10-17,8151
2539,櫻花建,117,2,115,台新-建北,2024-10-17,8151
00922,國泰台灣領袖50,105,3,102,台新-建北,2024-10-17,8151
2009,第一銅,102,0,102,台新-建北,2024-10-17,8151
00666R,富邦�琤肭磪齯�1,100,0,100,台新-建北,2024-10-17,8151
00651R,復華香港反1,100,0,100,台新-建北,2024-10-17,8151
4576,大銀微系統,101,4,97,台新-建北,2024-10-17,8151
00643,群益深証中小,85,0,85,台新-建北,2024-10-17,8151
6142,友勁,81,0,81,台新-建北,2024-10-17,8151
4958,臻鼎-KY,77,0,77,台新-建北,2024-10-17,8151
2399,映泰,287,230,57,台新-建北,2024-10-17,8151
4533,協易機,82,31,51,台新-建北,2024-10-17,8151
00929,復華台灣科技優息,66,15,51,台新-建北,2024-10-17,8151
3714,富采,125,77,48,台新-建北,2024-10-17,8151
2615,萬海,67,24,43,台新-建北,2024-10-17,8151
00951,台新日本半導體,43,0,43,台新-建北,2024-10-17,8151
6168,宏齊,51,8,43,台新-建北,2024-10-17,8151
5481,新華,40,0,40,台新-建北,2024-10-17,8151
5014,建錩,40,0,40,台新-建北,2024-10-17,8151
00753L,中信中國50正2,40,0,40,台新-建北,2024-10-17,8151
00932,兆豐永續高息等權,40,1,39,台新-建北,2024-10-17,8151
00937B,群益ESG投等債20,112,75,37,台新-建北,2024-10-17,8151
0061,元大寶滬深,34,0,34,台新-建北,2024-10-17,8151
3207,耀勝,31,0,31,台新-建北,2024-10-17,8151
2027,大成鋼,63,32,31,台新-建北,2024-10-17,8151
8240,華宏,31,1,30,台新-建北,2024-10-17,8151
4729,熒茂,32,2,30,台新-建北,2024-10-17,8151
2543,皇昌,76,47,29,台新-建北,2024-10-17,8151
00665L,富邦�琤肭磪囓�2,130,101,29,台新-建北,2024-10-17,8151
00715L,期街口布蘭特正2,25,0,25,台新-建北,2024-10-17,8151
3209,全科,48,23,25,台新-建北,2024-10-17,8151
3062,建漢,86,62,24,台新-建北,2024-10-17,8151
2887,台新金,27,3,24,台新-建北,2024-10-17,8151
3011,今皓,153,129,24,台新-建北,2024-10-17,8151
2515,中工,23,0,23,台新-建北,2024-10-17,8151
2426,鼎元,51,28,23,台新-建北,2024-10-17,8151
00751B,元大AAA至A公司債,21,0,21,台新-建北,2024-10-17,8151
1616,億泰,20,0,20,台新-建北,2024-10-17,8151
2313,華通,24,4,20,台新-建北,2024-10-17,8151
3605,宏致,20,1,19,台新-建北,2024-10-17,8151
8069,元太,20,2,18,台新-建北,2024-10-17,8151
2388,威盛,20,3,17,台新-建北,2024-10-17,8151
00703,台新MSCI中國,22,5,17,台新-建北,2024-10-17,8151
2887,台新金,3075,35,3040,台新-建北,2024-10-18,8151
00937B,群益ESG投等債20,337,48,289,台新-建北,2024-10-18,8151
2539,櫻花建,258,0,258,台新-建北,2024-10-18,8151
00687B,國泰20年美債,236,9,227,台新-建北,2024-10-18,8151
2312,金寶,276,125,151,台新-建北,2024-10-18,8151
8374,羅昇,154,51,103,台新-建北,2024-10-18,8151
00651R,復華香港反1,100,0,100,台新-建北,2024-10-18,8151
8032,光菱,101,1,100,台新-建北,2024-10-18,8151
4562,穎漢,158,59,99,台新-建北,2024-10-18,8151
00679B,元大美債20年,150,51,99,台新-建北,2024-10-18,8151
0056,元大高股息,104,15,89,台新-建北,2024-10-18,8151
00633L,富邦上証正2,131,53,78,台新-建北,2024-10-18,8151
00933B,國泰10Y+金融債,71,2,69,台新-建北,2024-10-18,8151
3049,精金,161,97,64,台新-建北,2024-10-18,8151
5347,世界,63,8,55,台新-建北,2024-10-18,8151
00666R,富邦�琤肭磪齯�1,50,0,50,台新-建北,2024-10-18,8151
00948B,中信優息投資級債,44,0,44,台新-建北,2024-10-18,8151
6142,友勁,40,0,40,台新-建北,2024-10-18,8151
2303,聯電,48,9,39,台新-建北,2024-10-18,8151
4977,眾達-KY,82,43,39,台新-建北,2024-10-18,8151
00753L,中信中國50正2,99,61,38,台新-建北,2024-10-18,8151
6213,聯茂,38,1,37,台新-建北,2024-10-18,8151
00637L,元大滬深300正2,226,189,37,台新-建北,2024-10-18,8151
00675L,富邦臺灣加權正2,40,4,36,台新-建北,2024-10-18,8151
00887,永豐中國科技50大,87,51,36,台新-建北,2024-10-18,8151
2867,三商壽,36,0,36,台新-建北,2024-10-18,8151
00751B,元大AAA至A公司債,33,0,33,台新-建北,2024-10-18,8151
4526,東台,37,6,31,台新-建北,2024-10-18,8151
2495,普安,46,17,29,台新-建北,2024-10-18,8151
8028,昇陽半導體,238,209,29,台新-建北,2024-10-18,8151
2365,昆盈,31,4,27,台新-建北,2024-10-18,8151
3450,聯鈞,52,26,26,台新-建北,2024-10-18,8151
2363,矽統,56,30,26,台新-建北,2024-10-18,8151
00942B,台新美A公司債20+,26,0,26,台新-建北,2024-10-18,8151
1616,億泰,25,0,25,台新-建北,2024-10-18,8151
3167,大量,51,27,24,台新-建北,2024-10-18,8151
2204,中華,23,0,23,台新-建北,2024-10-18,8151
1314,中石化,32,10,22,台新-建北,2024-10-18,8151
1785,光洋科,27,7,20,台新-建北,2024-10-18,8151
1447,力鵬,20,0,20,台新-建北,2024-10-18,8151
00715L,期街口布蘭特正2,20,0,20,台新-建北,2024-10-18,8151
8240,華宏,38,18,20,台新-建北,2024-10-18,8151
2371,大同,19,0,19,台新-建北,2024-10-18,8151
4903,聯光通,36,17,19,台新-建北,2024-10-18,8151
3017,奇鋐,32,14,18,台新-建北,2024-10-18,8151
00931B,統一美債20年,18,0,18,台新-建北,2024-10-18,8151
2367,燿華,25,9,16,台新-建北,2024-10-18,8151
4711,永純,15,0,15,台新-建北,2024-10-18,8151
2208,台船,15,0,15,台新-建北,2024-10-18,8151
3714,富采,38,23,15,台新-建北,2024-10-18,8151
2887,台新金,2861,11,2850,台新-建北,2024-10-21,8151
00948B,中信優息投資級債,951,0,951,台新-建北,2024-10-21,8151
00937B,群益ESG投等債20,600,61,539,台新-建北,2024-10-21,8151
8249,菱光,205,0,205,台新-建北,2024-10-21,8151
2539,櫻花建,201,0,201,台新-建北,2024-10-21,8151
3011,今皓,254,69,185,台新-建北,2024-10-21,8151
2363,矽統,267,110,157,台新-建北,2024-10-21,8151
00953B,群益優選非投等債,140,0,140,台新-建北,2024-10-21,8151
00665L,富邦�琤肭磪囓�2,135,15,120,台新-建北,2024-10-21,8151
00679B,元大美債20年,118,1,117,台新-建北,2024-10-21,8151
8027,鈦昇,123,13,110,台新-建北,2024-10-21,8151
00637L,元大滬深300正2,474,365,109,台新-建北,2024-10-21,8151
00878,國泰永續高股息,108,11,97,台新-建北,2024-10-21,8151
2382,廣達,103,6,97,台新-建北,2024-10-21,8151
3189,景碩,118,21,97,台新-建北,2024-10-21,8151
00687B,國泰20年美債,106,14,92,台新-建北,2024-10-21,8151
8032,光菱,80,0,80,台新-建北,2024-10-21,8151
2317,鴻海,88,20,68,台新-建北,2024-10-21,8151
4558,寶緯,60,0,60,台新-建北,2024-10-21,8151
2204,中華,59,0,59,台新-建北,2024-10-21,8151
2881,富邦金,58,0,58,台新-建北,2024-10-21,8151
2497,怡利電,57,1,56,台新-建北,2024-10-21,8151
4533,協易機,58,3,55,台新-建北,2024-10-21,8151
6425,易發,84,30,54,台新-建北,2024-10-21,8151
00936,台新永續高息中小,72,20,52,台新-建北,2024-10-21,8151
1314,中石化,67,16,51,台新-建北,2024-10-21,8151
00666R,富邦�琤肭磪齯�1,50,0,50,台新-建北,2024-10-21,8151
2312,金寶,62,13,49,台新-建北,2024-10-21,8151
4958,臻鼎-KY,51,2,49,台新-建北,2024-10-21,8151
00715L,期街口布蘭特正2,46,0,46,台新-建北,2024-10-21,8151
2486,一詮,54,10,44,台新-建北,2024-10-21,8151
2464,盟立,65,22,43,台新-建北,2024-10-21,8151
2891,中信金,59,16,43,台新-建北,2024-10-21,8151
00933B,國泰10Y+金融債,32,0,32,台新-建北,2024-10-21,8151
00958B,永豐ESG銀行債15,32,0,32,台新-建北,2024-10-21,8151
00688L,國泰20年美債正2,31,0,31,台新-建北,2024-10-21,8151
3714,富采,51,21,30,台新-建北,2024-10-21,8151
6451,訊芯-KY,72,43,29,台新-建北,2024-10-21,8151
2332,友訊,28,2,26,台新-建北,2024-10-21,8151
1786,科妍,26,0,26,台新-建北,2024-10-21,8151
1539,巨庭,28,3,25,台新-建北,2024-10-21,8151
3390,旭軟,25,0,25,台新-建北,2024-10-21,8151
3450,聯鈞,89,65,24,台新-建北,2024-10-21,8151
2049,上銀,37,13,24,台新-建北,2024-10-21,8151
3209,全科,27,4,23,台新-建北,2024-10-21,8151
8374,羅昇,23,2,21,台新-建北,2024-10-21,8151
1447,力鵬,20,0,20,台新-建北,2024-10-21,8151
2515,中工,20,0,20,台新-建北,2024-10-21,8151
3481,群創,76,57,19,台新-建北,2024-10-21,8151
0056,元大高股息,32,13,19,台新-建北,2024-10-21,8151
2887,台新金,3005,5,3000,台新-建北,2024-10-22,8151
00937B,群益ESG投等債20,726,150,576,台新-建北,2024-10-22,8151
00680L,元大美債20正2,253,0,253,台新-建北,2024-10-22,8151
00687B,國泰20年美債,254,65,189,台新-建北,2024-10-22,8151
2539,櫻花建,163,0,163,台新-建北,2024-10-22,8151
00688L,國泰20年美債正2,142,2,140,台新-建北,2024-10-22,8151
1447,力鵬,120,0,120,台新-建北,2024-10-22,8151
8028,昇陽半導體,131,13,118,台新-建北,2024-10-22,8151
2530,華建,115,0,115,台新-建北,2024-10-22,8151
00948B,中信優息投資級債,105,0,105,台新-建北,2024-10-22,8151
00725B,國泰投資級公司債,102,0,102,台新-建北,2024-10-22,8151
00950B,凱基A級公司債,101,5,96,台新-建北,2024-10-22,8151
9105,泰金寶-DR,85,1,84,台新-建北,2024-10-22,8151
00751B,元大AAA至A公司債,76,0,76,台新-建北,2024-10-22,8151
2303,聯電,70,1,69,台新-建北,2024-10-22,8151
00720B,元大投資級公司債,81,13,68,台新-建北,2024-10-22,8151
00959B,大華投等美債15Y+,63,0,63,台新-建北,2024-10-22,8151
1595,川寶,102,40,62,台新-建北,2024-10-22,8151
00933B,國泰10Y+金融債,74,15,59,台新-建北,2024-10-22,8151
3535,晶彩科,127,70,57,台新-建北,2024-10-22,8151
0056,元大高股息,56,0,56,台新-建北,2024-10-22,8151
00753L,中信中國50正2,64,10,54,台新-建北,2024-10-22,8151
2436,偉詮電,54,0,54,台新-建北,2024-10-22,8151
00715L,期街口布蘭特正2,53,0,53,台新-建北,2024-10-22,8151
6284,佳邦,53,1,52,台新-建北,2024-10-22,8151
00958B,永豐ESG銀行債15,52,0,52,台新-建北,2024-10-22,8151
3605,宏致,51,0,51,台新-建北,2024-10-22,8151
1905,華紙,152,101,51,台新-建北,2024-10-22,8151
1802,台玻,50,0,50,台新-建北,2024-10-22,8151
4938,和碩,50,2,48,台新-建北,2024-10-22,8151
1605,華新,47,0,47,台新-建北,2024-10-22,8151
00795B,中信美國公債20年,45,1,44,台新-建北,2024-10-22,8151
2363,矽統,145,104,41,台新-建北,2024-10-22,8151
2486,一詮,49,9,40,台新-建北,2024-10-22,8151
00951,台新日本半導體,40,0,40,台新-建北,2024-10-22,8151
2543,皇昌,51,13,38,台新-建北,2024-10-22,8151
00713,元大台灣高息低波,38,1,37,台新-建北,2024-10-22,8151
6706,惠特,63,27,36,台新-建北,2024-10-22,8151
1569,濱川,39,5,34,台新-建北,2024-10-22,8151
6449,鈺邦,33,0,33,台新-建北,2024-10-22,8151
3011,今皓,62,29,33,台新-建北,2024-10-22,8151
6609,瀧澤科,54,21,33,台新-建北,2024-10-22,8151
3189,景碩,108,78,30,台新-建北,2024-10-22,8151
2614,東森,30,0,30,台新-建北,2024-10-22,8151
1307,三芳,38,9,29,台新-建北,2024-10-22,8151
2312,金寶,46,17,29,台新-建北,2024-10-22,8151
3550,聯穎,50,22,28,台新-建北,2024-10-22,8151
00857B,永豐20年美公債,28,1,27,台新-建北,2024-10-22,8151
3290,東浦,45,22,23,台新-建北,2024-10-22,8151
00650L,復華香港正2,26,4,22,台新-建北,2024-10-22,8151
2887,台新金,4634,0,4634,台新-建北,2024-10-23,8151
2539,櫻花建,210,0,210,台新-建北,2024-10-23,8151
00720B,元大投資級公司債,208,0,208,台新-建北,2024-10-23,8151
00725B,國泰投資級公司債,201,0,201,台新-建北,2024-10-23,8151
00937B,群益ESG投等債20,201,30,171,台新-建北,2024-10-23,8151
2399,映泰,303,139,164,台新-建北,2024-10-23,8151
2530,華建,135,0,135,台新-建北,2024-10-23,8151
00679B,元大美債20年,138,3,135,台新-建北,2024-10-23,8151
00706L,期元大S＆P日圓正2,133,0,133,台新-建北,2024-10-23,8151
00687B,國泰20年美債,124,11,113,台新-建北,2024-10-23,8151
00651R,復華香港反1,101,0,101,台新-建北,2024-10-23,8151
00751B,元大AAA至A公司債,92,0,92,台新-建北,2024-10-23,8151
6862,三集瑞-KY,87,1,86,台新-建北,2024-10-23,8151
1314,中石化,91,8,83,台新-建北,2024-10-23,8151
5425,台半,78,8,70,台新-建北,2024-10-23,8151
6151,晉倫,134,69,65,台新-建北,2024-10-23,8151
0056,元大高股息,68,4,64,台新-建北,2024-10-23,8151
2412,中華電,54,0,54,台新-建北,2024-10-23,8151
5481,新華,53,0,53,台新-建北,2024-10-23,8151
1802,台玻,53,2,51,台新-建北,2024-10-23,8151
00666R,富邦�琤肭磪齯�1,50,0,50,台新-建北,2024-10-23,8151
2614,東森,46,1,45,台新-建北,2024-10-23,8151
00929,復華台灣科技優息,77,33,44,台新-建北,2024-10-23,8151
00712,復華富時不動產,59,15,44,台新-建北,2024-10-23,8151
5907,大洋-KY,42,2,40,台新-建北,2024-10-23,8151
00887,永豐中國科技50大,47,7,40,台新-建北,2024-10-23,8151
6218,豪勉,46,6,40,台新-建北,2024-10-23,8151
00919,群益台灣精選高息,49,10,39,台新-建北,2024-10-23,8151
3450,聯鈞,141,104,37,台新-建北,2024-10-23,8151
2481,強茂,43,8,35,台新-建北,2024-10-23,8151
006208,富邦台50,33,1,32,台新-建北,2024-10-23,8151
2369,菱生,59,28,31,台新-建北,2024-10-23,8151
6770,力積電,33,3,30,台新-建北,2024-10-23,8151
00680L,元大美債20正2,31,1,30,台新-建北,2024-10-23,8151
8299,群聯,30,0,30,台新-建北,2024-10-23,8151
00950B,凱基A級公司債,55,25,30,台新-建北,2024-10-23,8151
00936,台新永續高息中小,34,5,29,台新-建北,2024-10-23,8151
00922,國泰台灣領袖50,29,1,28,台新-建北,2024-10-23,8151
2303,聯電,35,13,22,台新-建北,2024-10-23,8151
8240,華宏,104,82,22,台新-建北,2024-10-23,8151
3665,貿聯-KY,21,0,21,台新-建北,2024-10-23,8151
2883,凱基金,21,0,21,台新-建北,2024-10-23,8151
3013,晟銘電,104,83,21,台新-建北,2024-10-23,8151
8070,長華*,22,1,21,台新-建北,2024-10-23,8151
00857B,永豐20年美公債,20,0,20,台新-建北,2024-10-23,8151
3021,鴻名,21,1,20,台新-建北,2024-10-23,8151
2809,京城銀,20,0,20,台新-建北,2024-10-23,8151
2392,正崴,22,2,20,台新-建北,2024-10-23,8151
00895,富邦未來車,17,0,17,台新-建北,2024-10-23,8151
5452,佶優,26,9,17,台新-建北,2024-10-23,8151
2887,台新金,2950,2,2948,台新-建北,2024-10-24,8151
2530,華建,351,0,351,台新-建北,2024-10-24,8151
00688L,國泰20年美債正2,300,7,293,台新-建北,2024-10-24,8151
3447,展達,240,34,206,台新-建北,2024-10-24,8151
2539,櫻花建,205,0,205,台新-建北,2024-10-24,8151
2439,美律,143,0,143,台新-建北,2024-10-24,8151
3687,歐買尬,140,0,140,台新-建北,2024-10-24,8151
00878,國泰永續高股息,111,8,103,台新-建北,2024-10-24,8151
3450,聯鈞,179,79,100,台新-建北,2024-10-24,8151
00679B,元大美債20年,104,11,93,台新-建北,2024-10-24,8151
3290,東浦,85,5,80,台新-建北,2024-10-24,8151
2515,中工,75,0,75,台新-建北,2024-10-24,8151
1528,恩德,174,100,74,台新-建北,2024-10-24,8151
00887,永豐中國科技50大,82,11,71,台新-建北,2024-10-24,8151
00637L,元大滬深300正2,68,1,67,台新-建北,2024-10-24,8151
00937B,群益ESG投等債20,64,2,62,台新-建北,2024-10-24,8151
0056,元大高股息,132,81,51,台新-建北,2024-10-24,8151
00664R,國泰臺灣加權反1,50,0,50,台新-建北,2024-10-24,8151
00632R,元大台灣50反1,105,60,45,台新-建北,2024-10-24,8151
3703,欣陸,40,0,40,台新-建北,2024-10-24,8151
2399,映泰,250,210,40,台新-建北,2024-10-24,8151
00922,國泰台灣領袖50,42,3,39,台新-建北,2024-10-24,8151
3011,今皓,48,10,38,台新-建北,2024-10-24,8151
6284,佳邦,36,1,35,台新-建北,2024-10-24,8151
6609,瀧澤科,66,30,36,台新-建北,2024-10-24,8151
2614,東森,35,0,35,台新-建北,2024-10-24,8151
00687B,國泰20年美債,34,3,31,台新-建北,2024-10-24,8151
00643,群益深証中小,30,0,30,台新-建北,2024-10-24,8151
5425,台半,31,1,30,台新-建北,2024-10-24,8151
1802,台玻,123,93,30,台新-建北,2024-10-24,8151
00753L,中信中國50正2,165,137,28,台新-建北,2024-10-24,8151
00929,復華台灣科技優息,66,39,27,台新-建北,2024-10-24,8151
2303,聯電,27,1,26,台新-建北,2024-10-24,8151
2022,聚亨,25,0,25,台新-建北,2024-10-24,8151
6425,易發,37,13,24,台新-建北,2024-10-24,8151
4716,大立,148,125,23,台新-建北,2024-10-24,8151
2431,聯昌,520,500,20,台新-建北,2024-10-24,8151
5864,致和證,20,0,20,台新-建北,2024-10-24,8151
00680L,元大美債20正2,21,1,20,台新-建北,2024-10-24,8151
00665L,富邦�琤肭磪囓�2,20,0,20,台新-建北,2024-10-24,8151
2382,廣達,44,24,20,台新-建北,2024-10-24,8151
00881,國泰台灣5G+,19,0,19,台新-建北,2024-10-24,8151
2718,全心投控,19,0,19,台新-建北,2024-10-24,8151
2882,國泰金,19,0,19,台新-建北,2024-10-24,8151
6706,惠特,50,31,19,台新-建北,2024-10-24,8151
2365,昆盈,41,22,19,台新-建北,2024-10-24,8151
5907,大洋-KY,20,1,19,台新-建北,2024-10-24,8151
8070,長華*,31,13,18,台新-建北,2024-10-24,8151
2417,圓剛,18,0,18,台新-建北,2024-10-24,8151
4123,晟德,18,2,16,台新-建北,2024-10-24,8151
2887,台新金,2952,10,2942,台新-建北,2024-10-25,8151
00959B,大華投等美債15Y+,1008,3,1005,台新-建北,2024-10-25,8151
2539,櫻花建,220,0,220,台新-建北,2024-10-25,8151
00680L,元大美債20正2,210,6,204,台新-建北,2024-10-25,8151
2530,華建,127,0,127,台新-建北,2024-10-25,8151
2354,鴻準,170,59,111,台新-建北,2024-10-25,8151
00715L,期街口布蘭特正2,100,1,99,台新-建北,2024-10-25,8151
00632R,元大台灣50反1,110,20,90,台新-建北,2024-10-25,8151
3450,聯鈞,180,104,76,台新-建北,2024-10-25,8151
3704,合勤控,72,0,72,台新-建北,2024-10-25,8151
2610,華航,73,8,65,台新-建北,2024-10-25,8151
00753L,中信中國50正2,63,0,63,台新-建北,2024-10-25,8151
2360,致茂,61,1,60,台新-建北,2024-10-25,8151
3019,亞光,71,15,56,台新-建北,2024-10-25,8151
2718,全心投控,44,1,43,台新-建北,2024-10-25,8151
5864,致和證,40,0,40,台新-建北,2024-10-25,8151
00679B,元大美債20年,67,29,38,台新-建北,2024-10-25,8151
1314,中石化,42,6,36,台新-建北,2024-10-25,8151
00948B,中信優息投資級債,34,0,34,台新-建北,2024-10-25,8151
6220,岳豐,43,12,31,台新-建北,2024-10-25,8151
2027,大成鋼,30,1,29,台新-建北,2024-10-25,8151
2204,中華,38,9,29,台新-建北,2024-10-25,8151
6285,啟��,48,20,28,台新-建北,2024-10-25,8151
00951,台新日本半導體,27,0,27,台新-建北,2024-10-25,8151
2382,廣達,35,9,26,台新-建北,2024-10-25,8151
00907,永豐優息存股,25,0,25,台新-建北,2024-10-25,8151
2236,百達-KY,22,0,22,台新-建北,2024-10-25,8151
8354,冠好,21,0,21,台新-建北,2024-10-25,8151
00665L,富邦�琤肭磪囓�2,241,220,21,台新-建北,2024-10-25,8151
00688L,國泰20年美債正2,20,0,20,台新-建北,2024-10-25,8151
5907,大洋-KY,20,0,20,台新-建北,2024-10-25,8151
0056,元大高股息,21,2,19,台新-建北,2024-10-25,8151
6142,友勁,19,0,19,台新-建北,2024-10-25,8151
5488,松普,20,1,19,台新-建北,2024-10-25,8151
2388,威盛,28,10,18,台新-建北,2024-10-25,8151
00919,群益台灣精選高息,21,4,17,台新-建北,2024-10-25,8151
00960,野村全球航運龍頭,16,0,16,台新-建北,2024-10-25,8151
2303,聯電,17,2,15,台新-建北,2024-10-25,8151
6104,創惟,23,8,15,台新-建北,2024-10-25,8151
00687B,國泰20年美債,26,11,15,台新-建北,2024-10-25,8151
00637L,元大滬深300正2,230,216,14,台新-建北,2024-10-25,8151
5521,工信,34,20,14,台新-建北,2024-10-25,8151
8249,菱光,357,344,13,台新-建北,2024-10-25,8151
3413,京鼎,13,0,13,台新-建北,2024-10-25,8151
3217,優群,12,0,12,台新-建北,2024-10-25,8151
6120,達運,12,0,12,台新-建北,2024-10-25,8151
4123,晟德,12,0,12,台新-建北,2024-10-25,8151
8477,創業家,12,0,12,台新-建北,2024-10-25,8151
6213,聯茂,13,1,12,台新-建北,2024-10-25,8151
4743,合一,14,3,11,台新-建北,2024-10-25,8151
2887,台新金,3040,0,3040,台新-建北,2024-10-28,8151
00937B,群益ESG投等債20,216,47,169,台新-建北,2024-10-28,8151
2539,櫻花建,141,0,141,台新-建北,2024-10-28,8151
8249,菱光,392,278,114,台新-建北,2024-10-28,8151
2646,星宇航空,192,79,113,台新-建北,2024-10-28,8151
3704,合勤控,124,16,108,台新-建北,2024-10-28,8151
00948B,中信優息投資級債,92,0,92,台新-建北,2024-10-28,8151
8032,光菱,100,10,90,台新-建北,2024-10-28,8151
00687B,國泰20年美債,99,12,87,台新-建北,2024-10-28,8151
00919,群益台灣精選高息,79,9,70,台新-建北,2024-10-28,8151
6142,友勁,66,0,66,台新-建北,2024-10-28,8151
2354,鴻準,111,46,65,台新-建北,2024-10-28,8151
6285,啟��,58,3,55,台新-建北,2024-10-28,8151
00715L,期街口布蘭特正2,48,0,48,台新-建北,2024-10-28,8151
1605,華新,38,0,38,台新-建北,2024-10-28,8151
2204,中華,50,12,38,台新-建北,2024-10-28,8151
4919,新唐,65,27,38,台新-建北,2024-10-28,8151
3290,東浦,45,8,37,台新-建北,2024-10-28,8151
00632R,元大台灣50反1,33,0,33,台新-建北,2024-10-28,8151
3231,緯創,59,27,32,台新-建北,2024-10-28,8151
6125,廣運,32,0,32,台新-建北,2024-10-28,8151
1307,三芳,40,9,31,台新-建北,2024-10-28,8151
00929,復華台灣科技優息,45,14,31,台新-建北,2024-10-28,8151
00753L,中信中國50正2,30,0,30,台新-建北,2024-10-28,8151
6220,岳豐,30,0,30,台新-建北,2024-10-28,8151
5481,新華,29,0,29,台新-建北,2024-10-28,8151
00679B,元大美債20年,80,51,29,台新-建北,2024-10-28,8151
8043,蜜望實,33,8,25,台新-建北,2024-10-28,8151
3615,安可,42,18,24,台新-建北,2024-10-28,8151
8390,金益鼎,24,0,24,台新-建北,2024-10-28,8151
00915,凱基優選高股息30,23,0,23,台新-建北,2024-10-28,8151
00713,元大台灣高息低波,25,4,21,台新-建北,2024-10-28,8151
00905,FT臺灣Smart,20,0,20,台新-建北,2024-10-28,8151
2515,中工,21,1,20,台新-建北,2024-10-28,8151
3234,光環,21,1,20,台新-建北,2024-10-28,8151
8176,智捷,33,13,20,台新-建北,2024-10-28,8151
00959B,大華投等美債15Y+,29,10,19,台新-建北,2024-10-28,8151
2543,皇昌,47,28,19,台新-建北,2024-10-28,8151
00878,國泰永續高股息,40,23,17,台新-建北,2024-10-28,8151
020039,元大加權N,17,0,17,台新-建北,2024-10-28,8151
4510,高鋒,18,2,16,台新-建北,2024-10-28,8151
2442,新美齊,15,0,15,台新-建北,2024-10-28,8151
00942B,台新美A公司債20+,15,0,15,台新-建北,2024-10-28,8151
2486,一詮,51,37,14,台新-建北,2024-10-28,8151
00795B,中信美國公債20年,14,0,14,台新-建北,2024-10-28,8151
5386,青雲,23,9,14,台新-建北,2024-10-28,8151
00692,富邦公司治理,15,1,14,台新-建北,2024-10-28,8151
3466,德晉,13,0,13,台新-建北,2024-10-28,8151
4716,大立,21,8,13,台新-建北,2024-10-28,8151
1464,得力,15,2,13,台新-建北,2024-10-28,8151
2887,台新金,2117,26,2091,台新-建北,2024-10-29,8151
2539,櫻花建,221,0,221,台新-建北,2024-10-29,8151
00679B,元大美債20年,219,17,202,台新-建北,2024-10-29,8151
00919,群益台灣精選高息,200,14,186,台新-建北,2024-10-29,8151
0056,元大高股息,158,10,148,台新-建北,2024-10-29,8151
2530,華建,105,0,105,台新-建北,2024-10-29,8151
00633L,富邦上証正2,100,1,99,台新-建北,2024-10-29,8151
9105,泰金寶-DR,167,70,97,台新-建北,2024-10-29,8151
00878,國泰永續高股息,137,40,97,台新-建北,2024-10-29,8151
00929,復華台灣科技優息,203,121,82,台新-建北,2024-10-29,8151
00715L,期街口布蘭特正2,80,0,80,台新-建北,2024-10-29,8151
2718,全心投控,74,0,74,台新-建北,2024-10-29,8151
00687B,國泰20年美債,65,3,62,台新-建北,2024-10-29,8151
3363,上詮,108,47,61,台新-建北,2024-10-29,8151
00887,永豐中國科技50大,59,4,55,台新-建北,2024-10-29,8151
00950B,凱基A級公司債,50,0,50,台新-建北,2024-10-29,8151
3704,合勤控,49,0,49,台新-建北,2024-10-29,8151
00753L,中信中國50正2,55,10,45,台新-建北,2024-10-29,8151
00713,元大台灣高息低波,43,0,43,台新-建北,2024-10-29,8151
00712,復華富時不動產,94,52,42,台新-建北,2024-10-29,8151
3081,聯亞,80,43,37,台新-建北,2024-10-29,8151
00930,永豐ESG低碳高息,37,1,36,台新-建北,2024-10-29,8151
3290,東浦,35,0,35,台新-建北,2024-10-29,8151
006208,富邦台50,35,2,33,台新-建北,2024-10-29,8151
2881,富邦金,36,3,33,台新-建北,2024-10-29,8151
00922,國泰台灣領袖50,34,1,33,台新-建北,2024-10-29,8151
00937B,群益ESG投等債20,35,4,31,台新-建北,2024-10-29,8151
2646,星宇航空,80,50,30,台新-建北,2024-10-29,8151
1447,力鵬,30,0,30,台新-建北,2024-10-29,8151
00631L,元大台灣50正2,37,7,30,台新-建北,2024-10-29,8151
5481,新華,30,1,29,台新-建北,2024-10-29,8151
6142,友勁,30,3,27,台新-建北,2024-10-29,8151
1618,合機,23,0,23,台新-建北,2024-10-29,8151
3450,聯鈞,102,80,22,台新-建北,2024-10-29,8151
1605,華新,21,0,21,台新-建北,2024-10-29,8151
6548,長科*,21,0,21,台新-建北,2024-10-29,8151
2357,華碩,21,1,20,台新-建北,2024-10-29,8151
3011,今皓,22,2,20,台新-建北,2024-10-29,8151
6226,光鼎,20,0,20,台新-建北,2024-10-29,8151
5907,大洋-KY,20,0,20,台新-建北,2024-10-29,8151
3481,群創,27,8,19,台新-建北,2024-10-29,8151
1220,台榮,19,0,19,台新-建北,2024-10-29,8151
5603,陸海,34,15,19,台新-建北,2024-10-29,8151
2382,廣達,57,39,18,台新-建北,2024-10-29,8151
6143,振曜,17,0,17,台新-建北,2024-10-29,8151
3257,虹冠電,21,4,17,台新-建北,2024-10-29,8151
6821,聯寶,26,9,17,台新-建北,2024-10-29,8151
00675L,富邦臺灣加權正2,27,10,17,台新-建北,2024-10-29,8151
0050,元大台灣50,16,0,16,台新-建北,2024-10-29,8151
00932,兆豐永續高息等權,16,0,16,台新-建北,2024-10-29,8151
2887,台新金,2409,7,2402,台新-建北,2024-10-30,8151
00633L,富邦上証正2,105,7,98,台新-建北,2024-10-30,8151
2349,錸德,101,3,98,台新-建北,2024-10-30,8151
00919,群益台灣精選高息,94,6,88,台新-建北,2024-10-30,8151
00878,國泰永續高股息,86,5,81,台新-建北,2024-10-30,8151
00937B,群益ESG投等債20,80,13,67,台新-建北,2024-10-30,8151
3450,聯鈞,122,58,64,台新-建北,2024-10-30,8151
6220,岳豐,62,0,62,台新-建北,2024-10-30,8151
00637L,元大滬深300正2,72,12,60,台新-建北,2024-10-30,8151
2539,櫻花建,61,3,58,台新-建北,2024-10-30,8151
0056,元大高股息,55,3,52,台新-建北,2024-10-30,8151
6274,台燿,54,4,50,台新-建北,2024-10-30,8151
6187,萬潤,46,0,46,台新-建北,2024-10-30,8151
2382,廣達,101,55,46,台新-建北,2024-10-30,8151
3481,群創,45,2,43,台新-建北,2024-10-30,8151
00929,復華台灣科技優息,100,57,43,台新-建北,2024-10-30,8151
1528,恩德,250,208,42,台新-建北,2024-10-30,8151
8926,台汽電,40,0,40,台新-建北,2024-10-30,8151
00753L,中信中國50正2,42,3,39,台新-建北,2024-10-30,8151
00887,永豐中國科技50大,40,4,36,台新-建北,2024-10-30,8151
3581,博磊,99,67,32,台新-建北,2024-10-30,8151
2409,友達,33,2,31,台新-建北,2024-10-30,8151
6284,佳邦,32,2,30,台新-建北,2024-10-30,8151
2530,華建,28,0,28,台新-建北,2024-10-30,8151
4123,晟德,27,0,27,台新-建北,2024-10-30,8151
6285,啟��,28,1,27,台新-建北,2024-10-30,8151
00687B,國泰20年美債,30,4,26,台新-建北,2024-10-30,8151
2317,鴻海,115,89,26,台新-建北,2024-10-30,8151
1436,華友聯,77,54,23,台新-建北,2024-10-30,8151
2486,一詮,38,16,22,台新-建北,2024-10-30,8151
3062,建漢,80,59,21,台新-建北,2024-10-30,8151
2520,冠德,20,0,20,台新-建北,2024-10-30,8151
1447,力鵬,20,0,20,台新-建北,2024-10-30,8151
5603,陸海,20,0,20,台新-建北,2024-10-30,8151
00931B,統一美債20年,20,0,20,台新-建北,2024-10-30,8151
6770,力積電,30,10,20,台新-建北,2024-10-30,8151
6239,力成,20,0,20,台新-建北,2024-10-30,8151
2337,旺宏,57,39,18,台新-建北,2024-10-30,8151
2436,偉詮電,19,1,18,台新-建北,2024-10-30,8151
2388,威盛,41,23,18,台新-建北,2024-10-30,8151
3066,李洲,25,7,18,台新-建北,2024-10-30,8151
2646,星宇航空,27,11,16,台新-建北,2024-10-30,8151
3211,順達,16,0,16,台新-建北,2024-10-30,8151
5907,大洋-KY,16,0,16,台新-建北,2024-10-30,8151
1605,華新,16,0,16,台新-建北,2024-10-30,8151
00930,永豐ESG低碳高息,17,1,16,台新-建北,2024-10-30,8151
3498,陽程,18,2,16,台新-建北,2024-10-30,8151
5371,中光電,30,15,15,台新-建北,2024-10-30,8151
00756B,群益投等新興公債,15,0,15,台新-建北,2024-10-30,8151
00665L,富邦�琤肭磪囓�2,25,10,15,台新-建北,2024-10-30,8151
2887,台新金,2202,2,2200,台新-建北,2024-11-01,8151
8032,光菱,220,20,200,台新-建北,2024-11-01,8151
6661,威健生技,154,0,154,台新-建北,2024-11-01,8151
2354,鴻準,426,296,130,台新-建北,2024-11-01,8151
00878,國泰永續高股息,153,23,130,台新-建北,2024-11-01,8151
00679B,元大美債20年,139,15,124,台新-建北,2024-11-01,8151
00919,群益台灣精選高息,148,31,117,台新-建北,2024-11-01,8151
00929,復華台灣科技優息,113,9,104,台新-建北,2024-11-01,8151
00651R,復華香港反1,100,0,100,台新-建北,2024-11-01,8151
00915,凱基優選高股息30,89,0,89,台新-建北,2024-11-01,8151
1445,大宇,85,0,85,台新-建北,2024-11-01,8151
2360,致茂,80,0,80,台新-建北,2024-11-01,8151
2303,聯電,71,2,69,台新-建北,2024-11-01,8151
5438,東友,236,178,58,台新-建北,2024-11-01,8151
00950B,凱基A級公司債,54,0,54,台新-建北,2024-11-01,8151
4919,新唐,130,79,51,台新-建北,2024-11-01,8151
0056,元大高股息,58,9,49,台新-建北,2024-11-01,8151
00948B,中信優息投資級債,62,15,47,台新-建北,2024-11-01,8151
00725B,國泰投資級公司債,42,0,42,台新-建北,2024-11-01,8151
00713,元大台灣高息低波,38,1,37,台新-建北,2024-11-01,8151
3209,全科,37,0,37,台新-建北,2024-11-01,8151
6187,萬潤,62,26,36,台新-建北,2024-11-01,8151
00720B,元大投資級公司債,35,2,33,台新-建北,2024-11-01,8151
00712,復華富時不動產,31,0,31,台新-建北,2024-11-01,8151
2486,一詮,28,3,25,台新-建北,2024-11-01,8151
3013,晟銘電,46,23,23,台新-建北,2024-11-01,8151
3040,遠見,30,7,23,台新-建北,2024-11-01,8151
00936,台新永續高息中小,22,0,22,台新-建北,2024-11-01,8151
2891,中信金,32,11,21,台新-建北,2024-11-01,8151
3207,耀勝,21,0,21,台新-建北,2024-11-01,8151
00958B,永豐ESG銀行債15,21,0,21,台新-建北,2024-11-01,8151
3131,弘塑,21,1,20,台新-建北,2024-11-01,8151
00673R,期元大S＆P原油反1,20,0,20,台新-建北,2024-11-01,8151
00932,兆豐永續高息等權,20,0,20,台新-建北,2024-11-01,8151
00922,國泰台灣領袖50,20,0,20,台新-建北,2024-11-01,8151
2867,三商壽,24,5,19,台新-建北,2024-11-01,8151
8390,金益鼎,31,13,18,台新-建北,2024-11-01,8151
2312,金寶,21,3,18,台新-建北,2024-11-01,8151
006208,富邦台50,25,7,18,台新-建北,2024-11-01,8151
2330,台積電,21,3,18,台新-建北,2024-11-01,8151
2884,玉山金,17,0,17,台新-建北,2024-11-01,8151
2881,富邦金,20,3,17,台新-建北,2024-11-01,8151
0050,元大台灣50,16,0,16,台新-建北,2024-11-01,8151
00631L,元大台灣50正2,27,12,15,台新-建北,2024-11-01,8151
00937B,群益ESG投等債20,33,20,13,台新-建北,2024-11-01,8151
00830,國泰費城半導體,13,0,13,台新-建北,2024-11-01,8151
2436,偉詮電,13,0,13,台新-建北,2024-11-01,8151
2488,漢平,13,0,13,台新-建北,2024-11-01,8151
00753L,中信中國50正2,24,12,12,台新-建北,2024-11-01,8151
3520,華盈,27,15,12,台新-建北,2024-11-01,8151
2887,台新金,1904,2,1902,台新-建北,2024-11-04,8151
00937B,群益ESG投等債20,212,0,212,台新-建北,2024-11-04,8151
4716,大立,265,114,151,台新-建北,2024-11-04,8151
00929,復華台灣科技優息,153,40,113,台新-建北,2024-11-04,8151
00679B,元大美債20年,142,40,102,台新-建北,2024-11-04,8151
00712,復華富時不動產,63,0,63,台新-建北,2024-11-04,8151
00878,國泰永續高股息,66,3,63,台新-建北,2024-11-04,8151
00919,群益台灣精選高息,78,17,61,台新-建北,2024-11-04,8151
4977,眾達-KY,64,4,60,台新-建北,2024-11-04,8151
00687B,國泰20年美債,62,5,57,台新-建北,2024-11-04,8151
6661,威健生技,57,0,57,台新-建北,2024-11-04,8151
2718,全心投控,57,0,57,台新-建北,2024-11-04,8151
00751B,元大AAA至A公司債,45,0,45,台新-建北,2024-11-04,8151
2539,櫻花建,39,0,39,台新-建北,2024-11-04,8151
2332,友訊,38,0,38,台新-建北,2024-11-04,8151
0056,元大高股息,39,5,34,台新-建北,2024-11-04,8151
3017,奇鋐,39,8,31,台新-建北,2024-11-04,8151
00943,兆豐電子高息等權,31,0,31,台新-建北,2024-11-04,8151
00688L,國泰20年美債正2,225,200,25,台新-建北,2024-11-04,8151
6213,聯茂,41,16,25,台新-建北,2024-11-04,8151
3015,全漢,24,0,24,台新-建北,2024-11-04,8151
2303,聯電,39,15,24,台新-建北,2024-11-04,8151
2646,星宇航空,46,23,23,台新-建北,2024-11-04,8151
2488,漢平,23,0,23,台新-建北,2024-11-04,8151
3062,建漢,109,86,23,台新-建北,2024-11-04,8151
4919,新唐,26,4,22,台新-建北,2024-11-04,8151
3363,上詮,98,77,21,台新-建北,2024-11-04,8151
3257,虹冠電,24,3,21,台新-建北,2024-11-04,8151
1618,合機,20,0,20,台新-建北,2024-11-04,8151
2506,太設,20,0,20,台新-建北,2024-11-04,8151
3019,亞光,27,8,19,台新-建北,2024-11-04,8151
2312,金寶,53,34,19,台新-建北,2024-11-04,8151
2354,鴻準,197,178,19,台新-建北,2024-11-04,8151
00959B,大華投等美債15Y+,18,0,18,台新-建北,2024-11-04,8151
00953B,群益優選非投等債,17,0,17,台新-建北,2024-11-04,8151
1104,環泥,15,0,15,台新-建北,2024-11-04,8151
00958B,永豐ESG銀行債15,15,0,15,台新-建北,2024-11-04,8151
3645,達邁,15,0,15,台新-建北,2024-11-04,8151
3290,東浦,15,0,15,台新-建北,2024-11-04,8151
1616,億泰,15,0,15,台新-建北,2024-11-04,8151
5481,新華,15,0,15,台新-建北,2024-11-04,8151
00946,群益科技高息成長,14,0,14,台新-建北,2024-11-04,8151
1307,三芳,18,4,14,台新-建北,2024-11-04,8151
8021,尖點,34,21,13,台新-建北,2024-11-04,8151
3706,神達,14,1,13,台新-建北,2024-11-04,8151
00637L,元大滬深300正2,13,0,13,台新-建北,2024-11-04,8151
00680L,元大美債20正2,13,0,13,台新-建北,2024-11-04,8151
6179,亞通,13,0,13,台新-建北,2024-11-04,8151
6197,佳必琪,20,8,12,台新-建北,2024-11-04,8151
00950B,凱基A級公司債,12,0,12,台新-建北,2024-11-04,8151
2887,台新金,1542,17,1525,台新-建北,2024-11-05,8151
00632R,元大台灣50反1,230,0,230,台新-建北,2024-11-05,8151
4562,穎漢,160,21,139,台新-建北,2024-11-05,8151
00753L,中信中國50正2,143,25,118,台新-建北,2024-11-05,8151
00679B,元大美債20年,113,1,112,台新-建北,2024-11-05,8151
1447,力鵬,110,0,110,台新-建北,2024-11-05,8151
00936,台新永續高息中小,103,1,102,台新-建北,2024-11-05,8151
8249,菱光,155,57,98,台新-建北,2024-11-05,8151
9904,寶成,100,3,97,台新-建北,2024-11-05,8151
8374,羅昇,112,22,90,台新-建北,2024-11-05,8151
3704,合勤控,100,12,88,台新-建北,2024-11-05,8151
4903,聯光通,207,126,81,台新-建北,2024-11-05,8151
00887,永豐中國科技50大,139,63,76,台新-建北,2024-11-05,8151
00673R,期元大S＆P原油反1,70,0,70,台新-建北,2024-11-05,8151
00929,復華台灣科技優息,83,16,67,台新-建北,2024-11-05,8151
00919,群益台灣精選高息,76,15,61,台新-建北,2024-11-05,8151
2354,鴻準,229,177,52,台新-建北,2024-11-05,8151
1312,國喬,50,0,50,台新-建北,2024-11-05,8151
00712,復華富時不動產,49,0,49,台新-建北,2024-11-05,8151
6442,光聖,82,34,48,台新-建北,2024-11-05,8151
3040,遠見,43,1,42,台新-建北,2024-11-05,8151
00948B,中信優息投資級債,41,0,41,台新-建北,2024-11-05,8151
3056,富華新,36,0,36,台新-建北,2024-11-05,8151
1569,濱川,43,9,34,台新-建北,2024-11-05,8151
6165,浪凡,30,0,30,台新-建北,2024-11-05,8151
2303,聯電,38,9,29,台新-建北,2024-11-05,8151
6451,訊芯-KY,60,31,29,台新-建北,2024-11-05,8151
3013,晟銘電,63,36,27,台新-建北,2024-11-05,8151
5426,振發,42,16,26,台新-建北,2024-11-05,8151
00878,國泰永續高股息,53,29,24,台新-建北,2024-11-05,8151
00932,兆豐永續高息等權,21,0,21,台新-建北,2024-11-05,8151
00795B,中信美國公債20年,20,0,20,台新-建北,2024-11-05,8151
2357,華碩,20,0,20,台新-建北,2024-11-05,8151
00930,永豐ESG低碳高息,19,0,19,台新-建北,2024-11-05,8151
00713,元大台灣高息低波,18,0,18,台新-建北,2024-11-05,8151
1337,再生-KY,57,40,17,台新-建北,2024-11-05,8151
4430,耀億,16,0,16,台新-建北,2024-11-05,8151
6510,精測,17,1,16,台新-建北,2024-11-05,8151
2382,廣達,61,47,14,台新-建北,2024-11-05,8151
2493,揚博,17,3,14,台新-建北,2024-11-05,8151
6739,竹陞科技,24,11,13,台新-建北,2024-11-05,8151
1605,華新,13,0,13,台新-建北,2024-11-05,8151
4977,眾達-KY,15,2,13,台新-建北,2024-11-05,8151
9914,美利達,14,2,12,台新-建北,2024-11-05,8151
3535,晶彩科,14,3,11,台新-建北,2024-11-05,8151
4991,環宇-KY,105,95,10,台新-建北,2024-11-05,8151
2892,第一金,10,0,10,台新-建北,2024-11-05,8151
6757,台灣虎航,10,0,10,台新-建北,2024-11-05,8151
5905,南仁湖,18,8,10,台新-建北,2024-11-05,8151
6142,友勁,10,0,10,台新-建北,2024-11-05,8151
2887,台新金,2357,0,2357,台新-建北,2024-11-06,8151
00679B,元大美債20年,423,26,397,台新-建北,2024-11-06,8151
00680L,元大美債20正2,318,14,304,台新-建北,2024-11-06,8151
00687B,國泰20年美債,321,49,272,台新-建北,2024-11-06,8151
00688L,國泰20年美債正2,309,51,258,台新-建北,2024-11-06,8151
00753L,中信中國50正2,219,0,219,台新-建北,2024-11-06,8151
00795B,中信美國公債20年,120,0,120,台新-建北,2024-11-06,8151
2539,櫻花建,115,0,115,台新-建北,2024-11-06,8151
2027,大成鋼,107,2,105,台新-建北,2024-11-06,8151
00937B,群益ESG投等債20,99,3,96,台新-建北,2024-11-06,8151
2354,鴻準,218,131,87,台新-建北,2024-11-06,8151
00650L,復華香港正2,76,3,73,台新-建北,2024-11-06,8151
00637L,元大滬深300正2,169,105,64,台新-建北,2024-11-06,8151
2360,致茂,63,4,59,台新-建北,2024-11-06,8151
00706L,期元大S＆P日圓正2,53,1,52,台新-建北,2024-11-06,8151
2718,全心投控,51,0,51,台新-建北,2024-11-06,8151
6510,精測,46,0,46,台新-建北,2024-11-06,8151
00713,元大台灣高息低波,45,0,45,台新-建北,2024-11-06,8151
5512,力麒,44,1,43,台新-建北,2024-11-06,8151
00651R,復華香港反1,35,0,35,台新-建北,2024-11-06,8151
5225,東科-KY,36,6,30,台新-建北,2024-11-06,8151
3324,雙鴻,49,19,30,台新-建北,2024-11-06,8151
3558,神準,30,2,28,台新-建北,2024-11-06,8151
3038,全台,26,0,26,台新-建北,2024-11-06,8151
2062,橋椿,28,2,26,台新-建北,2024-11-06,8151
00933B,國泰10Y+金融債,28,3,25,台新-建北,2024-11-06,8151
5438,東友,383,359,24,台新-建北,2024-11-06,8151
3504,揚明光,30,8,22,台新-建北,2024-11-06,8151
3363,上詮,22,0,22,台新-建北,2024-11-06,8151
2399,映泰,103,82,21,台新-建北,2024-11-06,8151
1531,高林股,30,9,21,台新-建北,2024-11-06,8151
3056,富華新,20,0,20,台新-建北,2024-11-06,8151
00953B,群益優選非投等債,20,0,20,台新-建北,2024-11-06,8151
6142,友勁,20,0,20,台新-建北,2024-11-06,8151
3545,敦泰,20,0,20,台新-建北,2024-11-06,8151
6438,迅得,25,6,19,台新-建北,2024-11-06,8151
00878,國泰永續高股息,47,29,18,台新-建北,2024-11-06,8151
3675,德微,17,0,17,台新-建北,2024-11-06,8151
3017,奇鋐,58,41,17,台新-建北,2024-11-06,8151
00931B,統一美債20年,36,20,16,台新-建北,2024-11-06,8151
6405,悅城,135,119,16,台新-建北,2024-11-06,8151
8131,福懋科,16,0,16,台新-建北,2024-11-06,8151
00751B,元大AAA至A公司債,20,4,16,台新-建北,2024-11-06,8151
3712,永崴投控,15,0,15,台新-建北,2024-11-06,8151
3530,晶相光,17,2,15,台新-建北,2024-11-06,8151
2603,長榮,21,7,14,台新-建北,2024-11-06,8151
2104,國際中橡,14,0,14,台新-建北,2024-11-06,8151
1609,大亞,13,0,13,台新-建北,2024-11-06,8151
1727,中華化,12,0,12,台新-建北,2024-11-06,8151
2393,億光,13,1,12,台新-建北,2024-11-06,8151
2887,台新金,713,6,707,台新-建北,2024-11-07,8151
00688L,國泰20年美債正2,316,0,316,台新-建北,2024-11-07,8151
2539,櫻花建,144,0,144,台新-建北,2024-11-07,8151
00712,復華富時不動產,114,5,109,台新-建北,2024-11-07,8151
2338,光罩,98,0,98,台新-建北,2024-11-07,8151
2324,仁寶,105,18,87,台新-建北,2024-11-07,8151
00679B,元大美債20年,89,13,76,台新-建北,2024-11-07,8151
00878,國泰永續高股息,116,42,74,台新-建北,2024-11-07,8151
6751,智聯服務,70,0,70,台新-建北,2024-11-07,8151
00887,永豐中國科技50大,98,31,67,台新-建北,2024-11-07,8151
6142,友勁,60,0,60,台新-建北,2024-11-07,8151
3037,欣興,113,59,54,台新-建北,2024-11-07,8151
5014,建錩,65,14,51,台新-建北,2024-11-07,8151
1589,永冠-KY,44,1,43,台新-建北,2024-11-07,8151
00680L,元大美債20正2,43,2,41,台新-建北,2024-11-07,8151
2360,致茂,42,2,40,台新-建北,2024-11-07,8151
3013,晟銘電,94,57,37,台新-建北,2024-11-07,8151
6187,萬潤,55,19,36,台新-建北,2024-11-07,8151
3706,神達,65,32,33,台新-建北,2024-11-07,8151
2312,金寶,155,123,32,台新-建北,2024-11-07,8151
6770,力積電,31,1,30,台新-建北,2024-11-07,8151
2419,仲琦,40,10,30,台新-建北,2024-11-07,8151
00720B,元大投資級公司債,29,0,29,台新-建北,2024-11-07,8151
1528,恩德,39,12,27,台新-建北,2024-11-07,8151
00713,元大台灣高息低波,27,0,27,台新-建北,2024-11-07,8151
2367,燿華,31,9,22,台新-建北,2024-11-07,8151
3141,晶宏,28,6,22,台新-建北,2024-11-07,8151
3504,揚明光,50,30,20,台新-建北,2024-11-07,8151
2540,愛山林,19,0,19,台新-建北,2024-11-07,8151
4909,新復興,30,11,19,台新-建北,2024-11-07,8151
6288,聯嘉,161,142,19,台新-建北,2024-11-07,8151
4916,事欣科,28,10,18,台新-建北,2024-11-07,8151
00919,群益台灣精選高息,53,36,17,台新-建北,2024-11-07,8151
3189,景碩,23,6,17,台新-建北,2024-11-07,8151
6165,浪凡,17,0,17,台新-建北,2024-11-07,8151
00857B,永豐20年美公債,20,3,17,台新-建北,2024-11-07,8151
00632R,元大台灣50反1,97,80,17,台新-建北,2024-11-07,8151
1307,三芳,23,7,16,台新-建北,2024-11-07,8151
6859,伯特光,17,1,16,台新-建北,2024-11-07,8151
3450,聯鈞,50,35,15,台新-建北,2024-11-07,8151
6869,雲豹能源,17,2,15,台新-建北,2024-11-07,8151
00761B,國泰A級公司債,14,0,14,台新-建北,2024-11-07,8151
00959B,大華投等美債15Y+,14,0,14,台新-建北,2024-11-07,8151
00946,群益科技高息成長,13,0,13,台新-建北,2024-11-07,8151
3558,神準,18,5,13,台新-建北,2024-11-07,8151
6863,永道-KY,13,0,13,台新-建北,2024-11-07,8151
8011,台通,18,5,13,台新-建北,2024-11-07,8151
2328,廣宇,81,68,13,台新-建北,2024-11-07,8151
00895,富邦未來車,14,2,12,台新-建北,2024-11-07,8151
00665L,富邦�琤肭磪囓�2,100,88,12,台新-建北,2024-11-07,8151
2887,台新金,2160,0,2160,台新-建北,2024-11-08,8151
00665L,富邦�琤肭磪囓�2,223,20,203,台新-建北,2024-11-08,8151
00919,群益台灣精選高息,197,55,142,台新-建北,2024-11-08,8151
00882,中信中國高股息,133,19,114,台新-建北,2024-11-08,8151
2392,正崴,106,18,88,台新-建北,2024-11-08,8151
6142,友勁,81,0,81,台新-建北,2024-11-08,8151
00712,復華富時不動產,80,0,80,台新-建北,2024-11-08,8151
4916,事欣科,110,30,80,台新-建北,2024-11-08,8151
3049,精金,61,0,61,台新-建北,2024-11-08,8151
00633L,富邦上証正2,62,1,61,台新-建北,2024-11-08,8151
3037,欣興,129,69,60,台新-建北,2024-11-08,8151
2408,南亞科,60,2,58,台新-建北,2024-11-08,8151
3062,建漢,222,174,48,台新-建北,2024-11-08,8151
2312,金寶,85,40,45,台新-建北,2024-11-08,8151
1447,力鵬,40,0,40,台新-建北,2024-11-08,8151
00680L,元大美債20正2,44,8,36,台新-建北,2024-11-08,8151
3211,順達,39,3,36,台新-建北,2024-11-08,8151
3019,亞光,34,0,34,台新-建北,2024-11-08,8151
00679B,元大美債20年,45,12,33,台新-建北,2024-11-08,8151
2360,致茂,42,12,30,台新-建北,2024-11-08,8151
2528,皇普,30,0,30,台新-建北,2024-11-08,8151
4931,新盛力,30,0,30,台新-建北,2024-11-08,8151
3324,雙鴻,59,30,29,台新-建北,2024-11-08,8151
1711,永光,37,9,28,台新-建北,2024-11-08,8151
3558,神準,27,0,27,台新-建北,2024-11-08,8151
9105,泰金寶-DR,80,54,26,台新-建北,2024-11-08,8151
2388,威盛,37,12,25,台新-建北,2024-11-08,8151
2303,聯電,38,13,25,台新-建北,2024-11-08,8151
1522,堤維西,25,0,25,台新-建北,2024-11-08,8151
2511,太子,25,0,25,台新-建北,2024-11-08,8151
8409,商之器,25,0,25,台新-建北,2024-11-08,8151
3303,岱稜,58,34,24,台新-建北,2024-11-08,8151
2545,皇翔,24,2,22,台新-建北,2024-11-08,8151
3591,艾笛森,26,4,22,台新-建北,2024-11-08,8151
0061,元大寶滬深,23,1,22,台新-建北,2024-11-08,8151
1618,合機,22,0,22,台新-建北,2024-11-08,8151
3580,友威科,26,6,20,台新-建北,2024-11-08,8151
00632R,元大台灣50反1,70,50,20,台新-建北,2024-11-08,8151
2023,燁輝,20,0,20,台新-建北,2024-11-08,8151
3040,遠見,19,0,19,台新-建北,2024-11-08,8151
6856,鑫傳,19,0,19,台新-建北,2024-11-08,8151
6417,韋僑,18,0,18,台新-建北,2024-11-08,8151
3234,光環,27,9,18,台新-建北,2024-11-08,8151
2332,友訊,22,5,17,台新-建北,2024-11-08,8151
2344,華邦電,18,1,17,台新-建北,2024-11-08,8151
00720B,元大投資級公司債,16,0,16,台新-建北,2024-11-08,8151
2349,錸德,16,0,16,台新-建北,2024-11-08,8151
00731,復華富時高息低波,16,0,16,台新-建北,2024-11-08,8151
1785,光洋科,20,4,16,台新-建北,2024-11-08,8151
3149,正達,53,37,16,台新-建北,2024-11-08,8151
2887,台新金,1427,1,1426,台新-建北,2024-11-11,8151
6588,東典光電,297,0,297,台新-建北,2024-11-11,8151
00878,國泰永續高股息,206,6,200,台新-建北,2024-11-11,8151
00882,中信中國高股息,215,16,199,台新-建北,2024-11-11,8151
00753L,中信中國50正2,150,8,142,台新-建北,2024-11-11,8151
3576,聯合再生,100,0,100,台新-建北,2024-11-11,8151
2356,英業達,177,78,99,台新-建北,2024-11-11,8151
3706,神達,84,7,77,台新-建北,2024-11-11,8151
2382,廣達,89,16,73,台新-建北,2024-11-11,8151
4931,新盛力,69,0,69,台新-建北,2024-11-11,8151
2545,皇翔,84,18,66,台新-建北,2024-11-11,8151
00632R,元大台灣50反1,75,10,65,台新-建北,2024-11-11,8151
1308,亞聚,57,0,57,台新-建北,2024-11-11,8151
6187,萬潤,64,15,49,台新-建北,2024-11-11,8151
2023,燁輝,47,0,47,台新-建北,2024-11-11,8151
3030,德律,43,0,43,台新-建北,2024-11-11,8151
6863,永道-KY,43,1,42,台新-建北,2024-11-11,8151
6176,瑞儀,41,0,41,台新-建北,2024-11-11,8151
6510,精測,37,0,37,台新-建北,2024-11-11,8151
6164,華興,36,0,36,台新-建北,2024-11-11,8151
3231,緯創,49,14,35,台新-建北,2024-11-11,8151
00715L,期街口布蘭特正2,31,0,31,台新-建北,2024-11-11,8151
00919,群益台灣精選高息,49,21,28,台新-建北,2024-11-11,8151
4977,眾達-KY,44,16,28,台新-建北,2024-11-11,8151
5009,榮剛,30,3,27,台新-建北,2024-11-11,8151
2882,國泰金,27,0,27,台新-建北,2024-11-11,8151
2388,威盛,34,7,27,台新-建北,2024-11-11,8151
4714,永捷,39,13,26,台新-建北,2024-11-11,8151
2881,富邦金,30,4,26,台新-建北,2024-11-11,8151
1524,耿鼎,29,4,25,台新-建北,2024-11-11,8151
00712,復華富時不動產,64,39,25,台新-建北,2024-11-11,8151
1314,中石化,26,1,25,台新-建北,2024-11-11,8151
1339,昭輝,24,0,24,台新-建北,2024-11-11,8151
00631L,元大台灣50正2,30,7,23,台新-建北,2024-11-11,8151
00713,元大台灣高息低波,25,2,23,台新-建北,2024-11-11,8151
00675L,富邦臺灣加權正2,25,3,22,台新-建北,2024-11-11,8151
6167,久正,22,0,22,台新-建北,2024-11-11,8151
6770,力積電,21,0,21,台新-建北,2024-11-11,8151
4958,臻鼎-KY,21,1,20,台新-建北,2024-11-11,8151
3504,揚明光,20,0,20,台新-建北,2024-11-11,8151
5512,力麒,20,0,20,台新-建北,2024-11-11,8151
00688L,國泰20年美債正2,20,0,20,台新-建北,2024-11-11,8151
00650L,復華香港正2,22,2,20,台新-建北,2024-11-11,8151
5481,新華,20,0,20,台新-建北,2024-11-11,8151
4979,華星光,55,36,19,台新-建北,2024-11-11,8151
2353,宏��,20,1,19,台新-建北,2024-11-11,8151
3419,譁裕,40,21,19,台新-建北,2024-11-11,8151
5488,松普,30,11,19,台新-建北,2024-11-11,8151
3693,營邦,18,0,18,台新-建北,2024-11-11,8151
2609,陽明,28,10,18,台新-建北,2024-11-11,8151
2887,台新金,2084,13,2071,台新-建北,2024-11-12,8151
00878,國泰永續高股息,350,13,337,台新-建北,2024-11-12,8151
00919,群益台灣精選高息,241,28,213,台新-建北,2024-11-12,8151
1785,光洋科,223,12,211,台新-建北,2024-11-12,8151
3706,神達,585,427,158,台新-建北,2024-11-12,8151
00882,中信中國高股息,111,0,111,台新-建北,2024-11-12,8151
2204,中華,100,0,100,台新-建北,2024-11-12,8151
6743,安普新,95,1,94,台新-建北,2024-11-12,8151
3234,光環,85,0,85,台新-建北,2024-11-12,8151
0056,元大高股息,91,13,78,台新-建北,2024-11-12,8151
00929,復華台灣科技優息,84,12,72,台新-建北,2024-11-12,8151
00715L,期街口布蘭特正2,70,0,70,台新-建北,2024-11-12,8151
3211,順達,249,179,70,台新-建北,2024-11-12,8151
2539,櫻花建,60,0,60,台新-建北,2024-11-12,8151
2382,廣達,69,9,60,台新-建北,2024-11-12,8151
3260,威剛,60,0,60,台新-建北,2024-11-12,8151
6589,台康生技,52,0,52,台新-建北,2024-11-12,8151
00637L,元大滬深300正2,251,200,51,台新-建北,2024-11-12,8151
2882,國泰金,53,3,50,台新-建北,2024-11-12,8151
6205,詮欣,49,0,49,台新-建北,2024-11-12,8151
2408,南亞科,64,16,48,台新-建北,2024-11-12,8151
5871,中租-KY,63,23,40,台新-建北,2024-11-12,8151
4931,新盛力,59,21,38,台新-建北,2024-11-12,8151
00932,兆豐永續高息等權,37,0,37,台新-建北,2024-11-12,8151
00951,台新日本半導體,40,5,35,台新-建北,2024-11-12,8151
006208,富邦台50,42,7,35,台新-建北,2024-11-12,8151
00940,元大台灣價值高息,59,25,34,台新-建北,2024-11-12,8151
3576,聯合再生,50,16,34,台新-建北,2024-11-12,8151
1101,台泥,49,15,34,台新-建北,2024-11-12,8151
00915,凱基優選高股息30,33,1,32,台新-建北,2024-11-12,8151
00675L,富邦臺灣加權正2,34,2,32,台新-建北,2024-11-12,8151
1314,中石化,30,0,30,台新-建北,2024-11-12,8151
6770,力積電,28,0,28,台新-建北,2024-11-12,8151
5512,力麒,28,0,28,台新-建北,2024-11-12,8151
2615,萬海,75,49,26,台新-建北,2024-11-12,8151
6288,聯嘉,28,3,25,台新-建北,2024-11-12,8151
2356,英業達,57,33,24,台新-建北,2024-11-12,8151
00713,元大台灣高息低波,34,11,23,台新-建北,2024-11-12,8151
6510,精測,23,0,23,台新-建北,2024-11-12,8151
00631L,元大台灣50正2,28,5,23,台新-建北,2024-11-12,8151
2324,仁寶,27,5,22,台新-建北,2024-11-12,8151
3230,錦明,30,8,22,台新-建北,2024-11-12,8151
2388,威盛,24,3,21,台新-建北,2024-11-12,8151
2883,凱基金,21,0,21,台新-建北,2024-11-12,8151
00930,永豐ESG低碳高息,21,0,21,台新-建北,2024-11-12,8151
00887,永豐中國科技50大,72,52,20,台新-建北,2024-11-12,8151
2230,泰茂,20,0,20,台新-建北,2024-11-12,8151
1565,精華,20,0,20,台新-建北,2024-11-12,8151
00927,群益半導體收益,19,0,19,台新-建北,2024-11-12,8151
00665L,富邦�琤肭磪囓�2,344,325,19,台新-建北,2024-11-12,8151
2887,台新金,1581,9,1572,台新-建北,2024-11-13,8151
2455,全新,258,3,255,台新-建北,2024-11-13,8151
00878,國泰永續高股息,264,31,233,台新-建北,2024-11-13,8151
00945B,凱基美國非投等債,225,30,195,台新-建北,2024-11-13,8151
2392,正崴,219,38,181,台新-建北,2024-11-13,8151
2539,櫻花建,154,0,154,台新-建北,2024-11-13,8151
00937B,群益ESG投等債20,425,312,113,台新-建北,2024-11-13,8151
2354,鴻準,207,128,79,台新-建北,2024-11-13,8151
9105,泰金寶-DR,163,92,71,台新-建北,2024-11-13,8151
4931,新盛力,129,62,67,台新-建北,2024-11-13,8151
1471,首利,62,0,62,台新-建北,2024-11-13,8151
00664R,國泰臺灣加權反1,57,0,57,台新-建北,2024-11-13,8151
00919,群益台灣精選高息,58,3,55,台新-建北,2024-11-13,8151
00633L,富邦上証正2,63,10,53,台新-建北,2024-11-13,8151
0056,元大高股息,52,0,52,台新-建北,2024-11-13,8151
4569,六方科-KY,51,8,43,台新-建北,2024-11-13,8151
4207,環泰,43,0,43,台新-建北,2024-11-13,8151
1519,華城,50,8,42,台新-建北,2024-11-13,8151
00688L,國泰20年美債正2,41,0,41,台新-建北,2024-11-13,8151
6220,岳豐,45,7,38,台新-建北,2024-11-13,8151
2883,凱基金,37,0,37,台新-建北,2024-11-13,8151
2891,中信金,37,0,37,台新-建北,2024-11-13,8151
2208,台船,32,0,32,台新-建北,2024-11-13,8151
6163,華電網,47,16,31,台新-建北,2024-11-13,8151
2609,陽明,51,20,31,台新-建北,2024-11-13,8151
5481,新華,30,0,30,台新-建北,2024-11-13,8151
3665,貿聯-KY,33,4,29,台新-建北,2024-11-13,8151
5905,南仁湖,29,0,29,台新-建北,2024-11-13,8151
3363,上詮,35,7,28,台新-建北,2024-11-13,8151
00915,凱基優選高股息30,32,4,28,台新-建北,2024-11-13,8151
1708,東鹼,30,3,27,台新-建北,2024-11-13,8151
2834,臺企銀,26,0,26,台新-建北,2024-11-13,8151
1307,三芳,28,2,26,台新-建北,2024-11-13,8151
2387,精元,30,4,26,台新-建北,2024-11-13,8151
5309,系統電,47,24,23,台新-建北,2024-11-13,8151
00703,台新MSCI中國,22,0,22,台新-建北,2024-11-13,8151
00712,復華富時不動產,21,0,21,台新-建北,2024-11-13,8151
00642U,期元大S＆P石油,20,0,20,台新-建北,2024-11-13,8151
3504,揚明光,20,0,20,台新-建北,2024-11-13,8151
3490,單井,26,6,20,台新-建北,2024-11-13,8151
006208,富邦台50,21,1,20,台新-建北,2024-11-13,8151
00679B,元大美債20年,23,3,20,台新-建北,2024-11-13,8151
3032,偉訓,19,0,19,台新-建北,2024-11-13,8151
00932,兆豐永續高息等權,18,0,18,台新-建北,2024-11-13,8151
2915,潤泰全,17,0,17,台新-建北,2024-11-13,8151
6405,悅城,57,40,17,台新-建北,2024-11-13,8151
00751B,元大AAA至A公司債,17,0,17,台新-建北,2024-11-13,8151
00933B,國泰10Y+金融債,17,0,17,台新-建北,2024-11-13,8151
8044,網家,20,4,16,台新-建北,2024-11-13,8151
5425,台半,16,0,16,台新-建北,2024-11-13,8151
2887,台新金,1639,1,1638,台新-建北,2024-11-14,8151
00878,國泰永續高股息,400,36,364,台新-建北,2024-11-14,8151
3338,泰碩,354,0,354,台新-建北,2024-11-14,8151
00937B,群益ESG投等債20,415,75,340,台新-建北,2024-11-14,8151
00679B,元大美債20年,282,23,259,台新-建北,2024-11-14,8151
00688L,國泰20年美債正2,522,300,222,台新-建北,2024-11-14,8151
3090,日電貿,210,10,200,台新-建北,2024-11-14,8151
2539,櫻花建,150,0,150,台新-建北,2024-11-14,8151
0056,元大高股息,141,6,135,台新-建北,2024-11-14,8151
00675L,富邦臺灣加權正2,84,0,84,台新-建北,2024-11-14,8151
3481,群創,71,8,63,台新-建北,2024-11-14,8151
4105,東洋,63,0,63,台新-建北,2024-11-14,8151
4207,環泰,60,0,60,台新-建北,2024-11-14,8151
2486,一詮,60,2,58,台新-建北,2024-11-14,8151
00959B,大華投等美債15Y+,69,13,56,台新-建北,2024-11-14,8151
00929,復華台灣科技優息,139,83,56,台新-建北,2024-11-14,8151
2382,廣達,81,27,54,台新-建北,2024-11-14,8151
3576,聯合再生,53,0,53,台新-建北,2024-11-14,8151
3013,晟銘電,112,59,53,台新-建北,2024-11-14,8151
1447,力鵬,50,0,50,台新-建北,2024-11-14,8151
2455,全新,86,36,50,台新-建北,2024-11-14,8151
2317,鴻海,62,14,48,台新-建北,2024-11-14,8151
3032,偉訓,41,0,41,台新-建北,2024-11-14,8151
1569,濱川,95,55,40,台新-建北,2024-11-14,8151
00930,永豐ESG低碳高息,40,0,40,台新-建北,2024-11-14,8151
2371,大同,40,0,40,台新-建北,2024-11-14,8151
3211,順達,90,52,38,台新-建北,2024-11-14,8151
1616,億泰,37,0,37,台新-建北,2024-11-14,8151
3711,日月光投控,42,6,36,台新-建北,2024-11-14,8151
006208,富邦台50,36,0,36,台新-建北,2024-11-14,8151
2609,陽明,51,17,34,台新-建北,2024-11-14,8151
2409,友達,44,11,33,台新-建北,2024-11-14,8151
00932,兆豐永續高息等權,33,1,32,台新-建北,2024-11-14,8151
2392,正崴,72,41,31,台新-建北,2024-11-14,8151
2426,鼎元,25,0,25,台新-建北,2024-11-14,8151
2368,金像電,26,2,24,台新-建北,2024-11-14,8151
8390,金益鼎,24,0,24,台新-建北,2024-11-14,8151
3019,亞光,29,5,24,台新-建北,2024-11-14,8151
2337,旺宏,23,0,23,台新-建北,2024-11-14,8151
6768,志強-KY,35,12,23,台新-建北,2024-11-14,8151
00631L,元大台灣50正2,32,9,23,台新-建北,2024-11-14,8151
2449,京元電子,42,20,22,台新-建北,2024-11-14,8151
00951,台新日本半導體,22,0,22,台新-建北,2024-11-14,8151
8104,錸寶,30,8,22,台新-建北,2024-11-14,8151
4991,環宇-KY,22,0,22,台新-建北,2024-11-14,8151
2610,華航,26,5,21,台新-建北,2024-11-14,8151
6438,迅得,25,4,21,台新-建北,2024-11-14,8151
2312,金寶,167,146,21,台新-建北,2024-11-14,8151
3450,聯鈞,54,33,21,台新-建北,2024-11-14,8151
00753L,中信中國50正2,21,0,21,台新-建北,2024-11-14,8151
00878,國泰永續高股息,626,63,563,台新-建北,2024-11-15,8151
2354,鴻準,753,313,440,台新-建北,2024-11-15,8151
3706,神達,437,333,104,台新-建北,2024-11-15,8151
2211,長榮鋼,90,0,90,台新-建北,2024-11-15,8151
2455,全新,74,1,73,台新-建北,2024-11-15,8151
2317,鴻海,92,21,71,台新-建北,2024-11-15,8151
00929,復華台灣科技優息,97,26,71,台新-建北,2024-11-15,8151
2387,精元,65,4,61,台新-建北,2024-11-15,8151
2646,星宇航空,90,31,59,台新-建北,2024-11-15,8151
00937B,群益ESG投等債20,124,66,58,台新-建北,2024-11-15,8151
6510,精測,54,1,53,台新-建北,2024-11-15,8151
2392,正崴,92,41,51,台新-建北,2024-11-15,8151
5508,永信建,50,0,50,台新-建北,2024-11-15,8151
5258,虹堡,33,0,33,台新-建北,2024-11-15,8151
3231,緯創,37,6,31,台新-建北,2024-11-15,8151
6288,聯嘉,31,3,28,台新-建北,2024-11-15,8151
00887,永豐中國科技50大,36,8,28,台新-建北,2024-11-15,8151
2887,台新金,28,4,24,台新-建北,2024-11-15,8151
6405,悅城,175,153,22,台新-建北,2024-11-15,8151
3705,永信,20,0,20,台新-建北,2024-11-15,8151
2881,富邦金,33,14,19,台新-建北,2024-11-15,8151
00753L,中信中國50正2,28,10,18,台新-建北,2024-11-15,8151
3141,晶宏,18,1,17,台新-建北,2024-11-15,8151
3665,貿聯-KY,27,10,17,台新-建北,2024-11-15,8151
0056,元大高股息,31,14,17,台新-建北,2024-11-15,8151
00706L,期元大S＆P日圓正2,16,0,16,台新-建北,2024-11-15,8151
00637L,元大滬深300正2,250,234,16,台新-建北,2024-11-15,8151
3372,典範,15,0,15,台新-建北,2024-11-15,8151
1785,光洋科,14,1,13,台新-建北,2024-11-15,8151
2033,佳大,13,0,13,台新-建北,2024-11-15,8151
00713,元大台灣高息低波,13,0,13,台新-建北,2024-11-15,8151
2204,中華,13,0,13,台新-建北,2024-11-15,8151
2613,中櫃,19,7,12,台新-建北,2024-11-15,8151
6669,緯穎,11,0,11,台新-建北,2024-11-15,8151
2365,昆盈,32,21,11,台新-建北,2024-11-15,8151
3017,奇鋐,27,16,11,台新-建北,2024-11-15,8151
6469,大樹,10,0,10,台新-建北,2024-11-15,8151
1611,中電,23,13,10,台新-建北,2024-11-15,8151
6689,伊雲谷,10,0,10,台新-建北,2024-11-15,8151
2374,佳能,16,6,10,台新-建北,2024-11-15,8151
8261,富鼎,26,16,10,台新-建北,2024-11-15,8151
00945B,凱基美國非投等債,10,0,10,台新-建北,2024-11-15,8151
1460,宏遠,10,0,10,台新-建北,2024-11-15,8151
00963,中信全球高股息,10,0,10,台新-建北,2024-11-15,8151
5876,上海商銀,10,0,10,台新-建北,2024-11-15,8151
6179,亞通,14,4,10,台新-建北,2024-11-15,8151
2401,凌陽,10,0,10,台新-建北,2024-11-15,8151
3323,加百裕,106,96,10,台新-建北,2024-11-15,8151
006208,富邦台50,10,1,9,台新-建北,2024-11-15,8151
2474,可成,15,5,10,台新-建北,2024-11-15,8151
00878,國泰永續高股息,478,64,414,台新-建北,2024-11-18,8151
8415,大國鋼,152,0,152,台新-建北,2024-11-18,8151
9105,泰金寶-DR,173,64,109,台新-建北,2024-11-18,8151
2312,金寶,271,170,101,台新-建北,2024-11-18,8151
3036,文曄,105,8,97,台新-建北,2024-11-18,8151
1402,遠東新,115,21,94,台新-建北,2024-11-18,8151
2027,大成鋼,84,3,81,台新-建北,2024-11-18,8151
00937B,群益ESG投等債20,91,18,73,台新-建北,2024-11-18,8151
2539,櫻花建,59,0,59,台新-建北,2024-11-18,8151
8114,振樺電,51,0,51,台新-建北,2024-11-18,8151
0056,元大高股息,56,16,40,台新-建北,2024-11-18,8151
00643,群益深証中小,52,15,37,台新-建北,2024-11-18,8151
00679B,元大美債20年,39,4,35,台新-建北,2024-11-18,8151
2486,一詮,37,4,33,台新-建北,2024-11-18,8151
2353,宏��,34,1,33,台新-建北,2024-11-18,8151
3711,日月光投控,31,1,30,台新-建北,2024-11-18,8151
3706,神達,279,249,30,台新-建北,2024-11-18,8151
00901,永豐智能車供應鏈,30,0,30,台新-建北,2024-11-18,8151
3665,貿聯-KY,58,28,30,台新-建北,2024-11-18,8151
6829,千附精密,30,0,30,台新-建北,2024-11-18,8151
00929,復華台灣科技優息,166,138,28,台新-建北,2024-11-18,8151
2404,漢唐,30,2,28,台新-建北,2024-11-18,8151
4906,正文,25,0,25,台新-建北,2024-11-18,8151
2344,華邦電,33,8,25,台新-建北,2024-11-18,8151
2881,富邦金,27,2,25,台新-建北,2024-11-18,8151
00887,永豐中國科技50大,36,12,24,台新-建北,2024-11-18,8151
00919,群益台灣精選高息,45,22,23,台新-建北,2024-11-18,8151
00930,永豐ESG低碳高息,23,0,23,台新-建北,2024-11-18,8151
2887,台新金,83,61,22,台新-建北,2024-11-18,8151
3380,明泰,26,4,22,台新-建北,2024-11-18,8151
1785,光洋科,36,14,22,台新-建北,2024-11-18,8151
0050,元大台灣50,24,2,22,台新-建北,2024-11-18,8151
00637L,元大滬深300正2,75,54,21,台新-建北,2024-11-18,8151
2109,華豐,20,0,20,台新-建北,2024-11-18,8151
3704,合勤控,46,26,20,台新-建北,2024-11-18,8151
3450,聯鈞,61,42,19,台新-建北,2024-11-18,8151
006208,富邦台50,20,1,19,台新-建北,2024-11-18,8151
2884,玉山金,19,1,18,台新-建北,2024-11-18,8151
00915,凱基優選高股息30,18,0,18,台新-建北,2024-11-18,8151
00688L,國泰20年美債正2,20,2,18,台新-建北,2024-11-18,8151
3583,辛耘,18,1,17,台新-建北,2024-11-18,8151
2382,廣達,28,12,16,台新-建北,2024-11-18,8151
3545,敦泰,16,0,16,台新-建北,2024-11-18,8151
1466,聚隆,15,0,15,台新-建北,2024-11-18,8151
5315,光聯,18,3,15,台新-建北,2024-11-18,8151
00713,元大台灣高息低波,15,0,15,台新-建北,2024-11-18,8151
00631L,元大台灣50正2,24,9,15,台新-建北,2024-11-18,8151
3037,欣興,21,7,14,台新-建北,2024-11-18,8151
00675L,富邦臺灣加權正2,14,0,14,台新-建北,2024-11-18,8151
2330,台積電,14,1,13,台新-建北,2024-11-18,8151
8032,光菱,179,2,177,台新-建北,2024-11-19,8151
9105,泰金寶-DR,182,69,113,台新-建北,2024-11-19,8151
6558,興能高,107,4,103,台新-建北,2024-11-19,8151
00878,國泰永續高股息,105,10,95,台新-建北,2024-11-19,8151
3703,欣陸,101,7,94,台新-建北,2024-11-19,8151
3231,緯創,90,15,75,台新-建北,2024-11-19,8151
2634,漢翔,65,4,61,台新-建北,2024-11-19,8151
2465,麗臺,55,0,55,台新-建北,2024-11-19,8151
2455,全新,53,2,51,台新-建北,2024-11-19,8151
5309,系統電,99,49,50,台新-建北,2024-11-19,8151
3665,貿聯-KY,53,4,49,台新-建北,2024-11-19,8151
00937B,群益ESG投等債20,70,23,47,台新-建北,2024-11-19,8151
2884,玉山金,46,2,44,台新-建北,2024-11-19,8151
1532,勤美,42,0,42,台新-建北,2024-11-19,8151
00643,群益深証中小,35,0,35,台新-建北,2024-11-19,8151
3217,優群,32,0,32,台新-建北,2024-11-19,8151
3711,日月光投控,31,1,30,台新-建北,2024-11-19,8151
4916,事欣科,30,0,30,台新-建北,2024-11-19,8151
3324,雙鴻,45,16,29,台新-建北,2024-11-19,8151
00679B,元大美債20年,28,1,27,台新-建北,2024-11-19,8151
3374,精材,125,99,26,台新-建北,2024-11-19,8151
2449,京元電子,76,53,23,台新-建北,2024-11-19,8151
2382,廣達,26,4,22,台新-建北,2024-11-19,8151
2109,華豐,20,0,20,台新-建北,2024-11-19,8151
6140,訊達,20,0,20,台新-建北,2024-11-19,8151
3363,上詮,46,27,19,台新-建北,2024-11-19,8151
006208,富邦台50,19,0,19,台新-建北,2024-11-19,8151
5460,同協,18,0,18,台新-建北,2024-11-19,8151
2303,聯電,30,13,17,台新-建北,2024-11-19,8151
3419,譁裕,20,3,17,台新-建北,2024-11-19,8151
4979,華星光,28,11,17,台新-建北,2024-11-19,8151
3062,建漢,51,35,16,台新-建北,2024-11-19,8151
1473,台南,16,0,16,台新-建北,2024-11-19,8151
2431,聯昌,40,24,16,台新-建北,2024-11-19,8151
3481,群創,19,3,16,台新-建北,2024-11-19,8151
8249,菱光,34,19,15,台新-建北,2024-11-19,8151
5905,南仁湖,15,0,15,台新-建北,2024-11-19,8151
3450,聯鈞,86,72,14,台新-建北,2024-11-19,8151
2324,仁寶,16,2,14,台新-建北,2024-11-19,8151
8210,勤誠,13,0,13,台新-建北,2024-11-19,8151
2356,英業達,30,18,12,台新-建北,2024-11-19,8151
2915,潤泰全,22,10,12,台新-建北,2024-11-19,8151
3013,晟銘電,56,44,12,台新-建北,2024-11-19,8151
00687B,國泰20年美債,15,3,12,台新-建北,2024-11-19,8151
4987,科誠,12,0,12,台新-建北,2024-11-19,8151
2349,錸德,54,42,12,台新-建北,2024-11-19,8151
6609,瀧澤科,13,2,11,台新-建北,2024-11-19,8151
00934,中信成長高股息,11,0,11,台新-建北,2024-11-19,8151
00948B,中信優息投資級債,11,0,11,台新-建北,2024-11-19,8151
00932,兆豐永續高息等權,15,4,11,台新-建北,2024-11-19,8151
3374,精材,144,2,142,台新-建北,2024-11-20,8151
00937B,群益ESG投等債20,118,12,106,台新-建北,2024-11-20,8151
3450,聯鈞,202,102,100,台新-建北,2024-11-20,8151
00715L,期街口布蘭特正2,100,0,100,台新-建北,2024-11-20,8151
00632R,元大台灣50反1,98,14,84,台新-建北,2024-11-20,8151
00959B,大華投等美債15Y+,80,0,80,台新-建北,2024-11-20,8151
5371,中光電,75,3,72,台新-建北,2024-11-20,8151
9904,寶成,65,5,60,台新-建北,2024-11-20,8151
00878,國泰永續高股息,56,2,54,台新-建北,2024-11-20,8151
2634,漢翔,170,120,50,台新-建北,2024-11-20,8151
2303,聯電,40,4,36,台新-建北,2024-11-20,8151
3090,日電貿,42,11,31,台新-建北,2024-11-20,8151
3363,上詮,134,109,25,台新-建北,2024-11-20,8151
3511,矽瑪,40,18,22,台新-建北,2024-11-20,8151
1532,勤美,22,0,22,台新-建北,2024-11-20,8151
0056,元大高股息,23,2,21,台新-建北,2024-11-20,8151
2354,鴻準,288,267,21,台新-建北,2024-11-20,8151
00631L,元大台灣50正2,28,8,20,台新-建北,2024-11-20,8151
2329,華泰,20,0,20,台新-建北,2024-11-20,8151
4113,聯上,26,8,18,台新-建北,2024-11-20,8151
2356,英業達,39,22,17,台新-建北,2024-11-20,8151
00930,永豐ESG低碳高息,19,2,17,台新-建北,2024-11-20,8151
2349,錸德,85,68,17,台新-建北,2024-11-20,8151
6024,群益期,16,0,16,台新-建北,2024-11-20,8151
2615,萬海,81,65,16,台新-建北,2024-11-20,8151
2882,國泰金,16,1,15,台新-建北,2024-11-20,8151
3706,神達,403,388,15,台新-建北,2024-11-20,8151
3705,永信,15,0,15,台新-建北,2024-11-20,8151
5481,新華,14,0,14,台新-建北,2024-11-20,8151
2312,金寶,71,58,13,台新-建北,2024-11-20,8151
2834,臺企銀,13,0,13,台新-建北,2024-11-20,8151
006208,富邦台50,12,0,12,台新-建北,2024-11-20,8151
4726,永昕,12,0,12,台新-建北,2024-11-20,8151
5490,同亨,12,0,12,台新-建北,2024-11-20,8151
4729,熒茂,21,9,12,台新-建北,2024-11-20,8151
3209,全科,14,2,12,台新-建北,2024-11-20,8151
8261,富鼎,14,2,12,台新-建北,2024-11-20,8151
1449,佳和,20,9,11,台新-建北,2024-11-20,8151
6133,金橋,11,0,11,台新-建北,2024-11-20,8151
2613,中櫃,132,122,10,台新-建北,2024-11-20,8151
6164,華興,10,0,10,台新-建北,2024-11-20,8151
3088,艾訊,18,8,10,台新-建北,2024-11-20,8151
00934,中信成長高股息,12,2,10,台新-建北,2024-11-20,8151
00952,凱基台灣AI50,10,0,10,台新-建北,2024-11-20,8151
6906,現觀科,10,0,10,台新-建北,2024-11-20,8151
3552,同致,30,20,10,台新-建北,2024-11-20,8151
2330,台積電,10,1,9,台新-建北,2024-11-20,8151
6706,惠特,12,3,9,台新-建北,2024-11-20,8151
5347,世界,13,4,9,台新-建北,2024-11-20,8151
2392,正崴,54,45,9,台新-建北,2024-11-20,8151
00632R,元大台灣50反1,400,12,388,台新-建北,2024-11-21,8151
3374,精材,146,10,136,台新-建北,2024-11-21,8151
2890,永豐金,108,0,108,台新-建北,2024-11-21,8151
3511,矽瑪,177,71,106,台新-建北,2024-11-21,8151
00878,國泰永續高股息,83,23,60,台新-建北,2024-11-21,8151
00887,永豐中國科技50大,58,8,50,台新-建北,2024-11-21,8151
2332,友訊,60,13,47,台新-建北,2024-11-21,8151
1809,中釉,53,9,44,台新-建北,2024-11-21,8151
4931,新盛力,59,16,43,台新-建北,2024-11-21,8151
00687B,國泰20年美債,78,37,41,台新-建北,2024-11-21,8151
00929,復華台灣科技優息,95,54,41,台新-建北,2024-11-21,8151
0056,元大高股息,45,5,40,台新-建北,2024-11-21,8151
006208,富邦台50,36,0,36,台新-建北,2024-11-21,8151
00901,永豐智能車供應鏈,30,0,30,台新-建北,2024-11-21,8151
2204,中華,70,41,29,台新-建北,2024-11-21,8151
5481,新華,27,0,27,台新-建北,2024-11-21,8151
1532,勤美,25,0,25,台新-建北,2024-11-21,8151
4729,熒茂,23,1,22,台新-建北,2024-11-21,8151
2356,英業達,65,44,21,台新-建北,2024-11-21,8151
3013,晟銘電,51,30,21,台新-建北,2024-11-21,8151
00919,群益台灣精選高息,30,9,21,台新-建北,2024-11-21,8151
3625,西勝,21,0,21,台新-建北,2024-11-21,8151
4991,環宇-KY,20,0,20,台新-建北,2024-11-21,8151
5465,富驊,28,8,20,台新-建北,2024-11-21,8151
5531,鄉林,20,0,20,台新-建北,2024-11-21,8151
0050,元大台灣50,20,0,20,台新-建北,2024-11-21,8151
2330,台積電,22,2,20,台新-建北,2024-11-21,8151
00675L,富邦臺灣加權正2,20,1,19,台新-建北,2024-11-21,8151
2392,正崴,20,1,19,台新-建北,2024-11-21,8151
3363,上詮,71,52,19,台新-建北,2024-11-21,8151
2881,富邦金,24,8,16,台新-建北,2024-11-21,8151
3081,聯亞,78,62,16,台新-建北,2024-11-21,8151
2645,長榮航太,15,0,15,台新-建北,2024-11-21,8151
2539,櫻花建,14,0,14,台新-建北,2024-11-21,8151
1303,南亞,23,10,13,台新-建北,2024-11-21,8151
2303,聯電,29,16,13,台新-建北,2024-11-21,8151
911868,同方友友-DR,12,0,12,台新-建北,2024-11-21,8151
6869,雲豹能源,14,2,12,台新-建北,2024-11-21,8151
4956,光鋐,24,12,12,台新-建北,2024-11-21,8151
2317,鴻海,20,8,12,台新-建北,2024-11-21,8151
2474,可成,12,0,12,台新-建北,2024-11-21,8151
8240,華宏,11,0,11,台新-建北,2024-11-21,8151
2851,中再保,11,1,10,台新-建北,2024-11-21,8151
1569,濱川,74,64,10,台新-建北,2024-11-21,8151
2380,虹光,10,0,10,台新-建北,2024-11-21,8151
2867,三商壽,10,0,10,台新-建北,2024-11-21,8151
6165,浪凡,10,0,10,台新-建北,2024-11-21,8151
3167,大量,14,4,10,台新-建北,2024-11-21,8151
6706,惠特,17,7,10,台新-建北,2024-11-21,8151
6461,益得,10,0,10,台新-建北,2024-11-21,8151
00632R,元大台灣50反1,494,50,444,台新-建北,2024-11-22,8151
4510,高鋒,206,36,170,台新-建北,2024-11-22,8151
4562,穎漢,193,24,169,台新-建北,2024-11-22,8151
9105,泰金寶-DR,348,193,155,台新-建北,2024-11-22,8151
8374,羅昇,132,0,132,台新-建北,2024-11-22,8151
1540,喬福,111,0,111,台新-建北,2024-11-22,8151
3706,神達,297,228,69,台新-建北,2024-11-22,8151
2371,大同,146,82,64,台新-建北,2024-11-22,8151
2867,三商壽,62,0,62,台新-建北,2024-11-22,8151
3363,上詮,65,4,61,台新-建北,2024-11-22,8151
2359,所羅門,61,1,60,台新-建北,2024-11-22,8151
00637L,元大滬深300正2,60,5,55,台新-建北,2024-11-22,8151
6205,詮欣,48,0,48,台新-建北,2024-11-22,8151
1532,勤美,46,0,46,台新-建北,2024-11-22,8151
3511,矽瑪,71,29,42,台新-建北,2024-11-22,8151
00953B,群益優選非投等債,40,0,40,台新-建北,2024-11-22,8151
00753L,中信中國50正2,34,0,34,台新-建北,2024-11-22,8151
5484,慧友,34,0,34,台新-建北,2024-11-22,8151
3323,加百裕,163,130,33,台新-建北,2024-11-22,8151
1742,台蠟,30,0,30,台新-建北,2024-11-22,8151
00673R,期元大S＆P原油反1,30,0,30,台新-建北,2024-11-22,8151
00945B,凱基美國非投等債,30,0,30,台新-建北,2024-11-22,8151
00959B,大華投等美債15Y+,29,0,29,台新-建北,2024-11-22,8151
2609,陽明,70,41,29,台新-建北,2024-11-22,8151
1417,嘉裕,28,0,28,台新-建北,2024-11-22,8151
6505,台塑化,28,0,28,台新-建北,2024-11-22,8151
1815,富喬,187,163,24,台新-建北,2024-11-22,8151
4561,健椿,24,0,24,台新-建北,2024-11-22,8151
6282,康舒,25,1,24,台新-建北,2024-11-22,8151
8404,百和興業-KY,24,1,23,台新-建北,2024-11-22,8151
8354,冠好,22,0,22,台新-建北,2024-11-22,8151
00643,群益深証中小,19,0,19,台新-建北,2024-11-22,8151
2356,英業達,70,52,18,台新-建北,2024-11-22,8151
8047,星雲,20,2,18,台新-建北,2024-11-22,8151
2324,仁寶,30,14,16,台新-建北,2024-11-22,8151
00713,元大台灣高息低波,15,0,15,台新-建北,2024-11-22,8151
5426,振發,15,0,15,台新-建北,2024-11-22,8151
6546,正基,32,17,15,台新-建北,2024-11-22,8151
8358,金居,16,2,14,台新-建北,2024-11-22,8151
2027,大成鋼,16,2,14,台新-建北,2024-11-22,8151
2511,太子,20,7,13,台新-建北,2024-11-22,8151
8021,尖點,13,0,13,台新-建北,2024-11-22,8151
2603,長榮,28,15,13,台新-建北,2024-11-22,8151
5905,南仁湖,12,0,12,台新-建北,2024-11-22,8151
2303,聯電,14,2,12,台新-建北,2024-11-22,8151
00919,群益台灣精選高息,28,17,11,台新-建北,2024-11-22,8151
00933B,國泰10Y+金融債,11,0,11,台新-建北,2024-11-22,8151
2888,新光金,12,2,10,台新-建北,2024-11-22,8151
2645,長榮航太,10,0,10,台新-建北,2024-11-22,8151
2613,中櫃,14,4,10,台新-建北,2024-11-22,8151
6118,建達,885,0,885,台新-建北,2024-11-25,8151
2392,正崴,328,165,163,台新-建北,2024-11-25,8151
1815,富喬,284,174,110,台新-建北,2024-11-25,8151
2371,大同,137,36,101,台新-建北,2024-11-25,8151
2332,友訊,85,5,80,台新-建北,2024-11-25,8151
00887,永豐中國科技50大,75,0,75,台新-建北,2024-11-25,8151
4931,新盛力,81,13,68,台新-建北,2024-11-25,8151
4142,國光生,67,0,67,台新-建北,2024-11-25,8151
2408,南亞科,60,0,60,台新-建北,2024-11-25,8151
00940,元大台灣價值高息,48,11,37,台新-建北,2024-11-25,8151
3520,華盈,36,0,36,台新-建北,2024-11-25,8151
00919,群益台灣精選高息,38,3,35,台新-建北,2024-11-25,8151
00753L,中信中國50正2,36,1,35,台新-建北,2024-11-25,8151
2618,長榮航,53,20,33,台新-建北,2024-11-25,8151
4137,麗豐-KY,32,0,32,台新-建北,2024-11-25,8151
3167,大量,41,9,32,台新-建北,2024-11-25,8151
00937B,群益ESG投等債20,47,15,32,台新-建北,2024-11-25,8151
00632R,元大台灣50反1,37,7,30,台新-建北,2024-11-25,8151
4303,信立,37,7,30,台新-建北,2024-11-25,8151
3508,位速,30,0,30,台新-建北,2024-11-25,8151
5488,松普,40,11,29,台新-建北,2024-11-25,8151
6715,嘉基,29,0,29,台新-建北,2024-11-25,8151
4943,康控-KY,25,0,25,台新-建北,2024-11-25,8151
3515,華擎,25,0,25,台新-建北,2024-11-25,8151
6163,華電網,22,0,22,台新-建北,2024-11-25,8151
1101,台泥,48,26,22,台新-建北,2024-11-25,8151
6288,聯嘉,92,72,20,台新-建北,2024-11-25,8151
6164,華興,20,0,20,台新-建北,2024-11-25,8151
00673R,期元大S＆P原油反1,40,20,20,台新-建北,2024-11-25,8151
1432,大魯閣,32,12,20,台新-建北,2024-11-25,8151
6213,聯茂,23,3,20,台新-建北,2024-11-25,8151
9105,泰金寶-DR,248,229,19,台新-建北,2024-11-25,8151
3706,神達,340,322,18,台新-建北,2024-11-25,8151
00901,永豐智能車供應鏈,18,0,18,台新-建北,2024-11-25,8151
00882,中信中國高股息,18,0,18,台新-建北,2024-11-25,8151
4550,長佳,18,0,18,台新-建北,2024-11-25,8151
00960,野村全球航運龍頭,18,0,18,台新-建北,2024-11-25,8151
2609,陽明,87,70,17,台新-建北,2024-11-25,8151
6768,志強-KY,17,0,17,台新-建北,2024-11-25,8151
4903,聯光通,20,3,17,台新-建北,2024-11-25,8151
3211,順達,17,0,17,台新-建北,2024-11-25,8151
3032,偉訓,27,11,16,台新-建北,2024-11-25,8151
2409,友達,17,2,15,台新-建北,2024-11-25,8151
2474,可成,15,0,15,台新-建北,2024-11-25,8151
8111,立��,16,2,14,台新-建北,2024-11-25,8151
6469,大樹,13,0,13,台新-建北,2024-11-25,8151
6412,群電,14,1,13,台新-建北,2024-11-25,8151
3003,健和興,14,1,13,台新-建北,2024-11-25,8151
1563,巧新,16,3,13,台新-建北,2024-11-25,8151
1532,勤美,12,0,12,台新-建北,2024-11-25,8151
2365,昆盈,401,37,364,台新-建北,2024-11-26,8151
8064,東捷,181,2,179,台新-建北,2024-11-26,8151
1504,東元,141,0,141,台新-建北,2024-11-26,8151
2317,鴻海,104,10,94,台新-建北,2024-11-26,8151
00937B,群益ESG投等債20,115,23,92,台新-建北,2024-11-26,8151
2014,中鴻,85,0,85,台新-建北,2024-11-26,8151
2312,金寶,230,150,80,台新-建北,2024-11-26,8151
5371,中光電,187,109,78,台新-建北,2024-11-26,8151
5439,高技,72,2,70,台新-建北,2024-11-26,8151
00878,國泰永續高股息,65,1,64,台新-建北,2024-11-26,8151
1301,台塑,62,2,60,台新-建北,2024-11-26,8151
9105,泰金寶-DR,221,167,54,台新-建北,2024-11-26,8151
3511,矽瑪,86,35,51,台新-建北,2024-11-26,8151
4931,新盛力,49,1,48,台新-建北,2024-11-26,8151
4526,東台,74,29,45,台新-建北,2024-11-26,8151
6706,惠特,59,15,44,台新-建北,2024-11-26,8151
2371,大同,61,20,41,台新-建北,2024-11-26,8151
2109,華豐,40,0,40,台新-建北,2024-11-26,8151
00919,群益台灣精選高息,82,46,36,台新-建北,2024-11-26,8151
2887,台新金,44,8,36,台新-建北,2024-11-26,8151
3231,緯創,59,24,35,台新-建北,2024-11-26,8151
2615,萬海,39,5,34,台新-建北,2024-11-26,8151
00930,永豐ESG低碳高息,33,0,33,台新-建北,2024-11-26,8151
6117,迎廣,32,0,32,台新-建北,2024-11-26,8151
00951,台新日本半導體,30,0,30,台新-建北,2024-11-26,8151
00631L,元大台灣50正2,36,9,27,台新-建北,2024-11-26,8151
5309,系統電,129,103,26,台新-建北,2024-11-26,8151
2867,三商壽,25,0,25,台新-建北,2024-11-26,8151
9904,寶成,29,5,24,台新-建北,2024-11-26,8151
00959B,大華投等美債15Y+,40,17,23,台新-建北,2024-11-26,8151
2367,燿華,58,35,23,台新-建北,2024-11-26,8151
3323,加百裕,147,126,21,台新-建北,2024-11-26,8151
00909,國泰數位支付服務,21,0,21,台新-建北,2024-11-26,8151
0056,元大高股息,25,4,21,台新-建北,2024-11-26,8151
8163,達方,31,11,20,台新-建北,2024-11-26,8151
6104,創惟,47,27,20,台新-建北,2024-11-26,8151
8021,尖點,21,2,19,台新-建北,2024-11-26,8151
2330,台積電,18,0,18,台新-建北,2024-11-26,8151
00942B,台新美A公司債20+,18,0,18,台新-建北,2024-11-26,8151
1532,勤美,17,0,17,台新-建北,2024-11-26,8151
2351,順德,18,2,16,台新-建北,2024-11-26,8151
2915,潤泰全,30,15,15,台新-建北,2024-11-26,8151
3380,明泰,15,0,15,台新-建北,2024-11-26,8151
1721,三晃,14,0,14,台新-建北,2024-11-26,8151
00643,群益深証中小,14,0,14,台新-建北,2024-11-26,8151
1528,恩德,14,0,14,台新-建北,2024-11-26,8151
2356,英業達,102,89,13,台新-建北,2024-11-26,8151
006208,富邦台50,18,5,13,台新-建北,2024-11-26,8151
4541,晟田,16,4,12,台新-建北,2024-11-26,8151
6546,正基,14,2,12,台新-建北,2024-11-26,8151
00878,國泰永續高股息,202,30,172,台新-建北,2024-11-27,8151
00919,群益台灣精選高息,144,1,143,台新-建北,2024-11-27,8151
0056,元大高股息,145,8,137,台新-建北,2024-11-27,8151
4931,新盛力,88,8,80,台新-建北,2024-11-27,8151
3234,光環,74,0,74,台新-建北,2024-11-27,8151
00930,永豐ESG低碳高息,69,0,69,台新-建北,2024-11-27,8151
3040,遠見,111,43,68,台新-建北,2024-11-27,8151
2515,中工,63,1,62,台新-建北,2024-11-27,8151
6706,惠特,78,18,60,台新-建北,2024-11-27,8151
2603,長榮,79,21,58,台新-建北,2024-11-27,8151
2317,鴻海,77,23,54,台新-建北,2024-11-27,8151
3706,神達,333,280,53,台新-建北,2024-11-27,8151
3711,日月光投控,50,0,50,台新-建北,2024-11-27,8151
3231,緯創,77,33,44,台新-建北,2024-11-27,8151
00940,元大台灣價值高息,43,1,42,台新-建北,2024-11-27,8151
1532,勤美,40,0,40,台新-建北,2024-11-27,8151
2303,聯電,45,5,40,台新-建北,2024-11-27,8151
00937B,群益ESG投等債20,90,57,33,台新-建北,2024-11-27,8151
2609,陽明,69,39,30,台新-建北,2024-11-27,8151
8027,鈦昇,30,0,30,台新-建北,2024-11-27,8151
006208,富邦台50,30,1,29,台新-建北,2024-11-27,8151
2881,富邦金,29,0,29,台新-建北,2024-11-27,8151
4991,環宇-KY,113,89,24,台新-建北,2024-11-27,8151
2330,台積電,25,1,24,台新-建北,2024-11-27,8151
00932,兆豐永續高息等權,23,0,23,台新-建北,2024-11-27,8151
2392,正崴,85,62,23,台新-建北,2024-11-27,8151
1802,台玻,22,0,22,台新-建北,2024-11-27,8151
3481,群創,30,8,22,台新-建北,2024-11-27,8151
4979,華星光,133,113,20,台新-建北,2024-11-27,8151
00907,永豐優息存股,20,0,20,台新-建北,2024-11-27,8151
3551,世禾,21,1,20,台新-建北,2024-11-27,8151
4977,眾達-KY,51,31,20,台新-建北,2024-11-27,8151
1326,台化,18,0,18,台新-建北,2024-11-27,8151
00631L,元大台灣50正2,31,14,17,台新-建北,2024-11-27,8151
3189,景碩,17,1,16,台新-建北,2024-11-27,8151
2888,新光金,16,0,16,台新-建北,2024-11-27,8151
2354,鴻準,35,20,15,台新-建北,2024-11-27,8151
2382,廣達,27,12,15,台新-建北,2024-11-27,8151
6104,創惟,28,13,15,台新-建北,2024-11-27,8151
5347,世界,17,3,14,台新-建北,2024-11-27,8151
00881,國泰台灣5G+,15,1,14,台新-建北,2024-11-27,8151
8210,勤誠,14,0,14,台新-建北,2024-11-27,8151
5309,系統電,57,43,14,台新-建北,2024-11-27,8151
6412,群電,18,4,14,台新-建北,2024-11-27,8151
3264,欣銓,16,3,13,台新-建北,2024-11-27,8151
00900,富邦特選高股息30,20,7,13,台新-建北,2024-11-27,8151
2376,技嘉,17,4,13,台新-建北,2024-11-27,8151
2646,星宇航空,13,1,12,台新-建北,2024-11-27,8151
00692,富邦公司治理,14,2,12,台新-建北,2024-11-27,8151
2363,矽統,12,0,12,台新-建北,2024-11-27,8151
00680L,元大美債20正2,415,19,396,台新-建北,2024-11-28,8151
00878,國泰永續高股息,312,16,296,台新-建北,2024-11-28,8151
00687B,國泰20年美債,255,39,216,台新-建北,2024-11-28,8151
6706,惠特,223,17,206,台新-建北,2024-11-28,8151
00632R,元大台灣50反1,284,95,189,台新-建北,2024-11-28,8151
00919,群益台灣精選高息,204,17,187,台新-建北,2024-11-28,8151
00959B,大華投等美債15Y+,100,0,100,台新-建北,2024-11-28,8151
00651R,復華香港反1,100,0,100,台新-建北,2024-11-28,8151
0056,元大高股息,101,1,100,台新-建北,2024-11-28,8151
1802,台玻,75,0,75,台新-建北,2024-11-28,8151
00679B,元大美債20年,108,39,69,台新-建北,2024-11-28,8151
00930,永豐ESG低碳高息,60,0,60,台新-建北,2024-11-28,8151
00915,凱基優選高股息30,53,0,53,台新-建北,2024-11-28,8151
00960,野村全球航運龍頭,51,0,51,台新-建北,2024-11-28,8151
2312,金寶,225,177,48,台新-建北,2024-11-28,8151
8489,三貝德,36,0,36,台新-建北,2024-11-28,8151
3290,東浦,36,1,35,台新-建北,2024-11-28,8151
00665L,富邦�琤肭磪囓�2,44,9,35,台新-建北,2024-11-28,8151
0050,元大台灣50,39,6,33,台新-建北,2024-11-28,8151
3711,日月光投控,39,7,32,台新-建北,2024-11-28,8151
2409,友達,34,2,32,台新-建北,2024-11-28,8151
4931,新盛力,69,38,31,台新-建北,2024-11-28,8151
3323,加百裕,246,216,30,台新-建北,2024-11-28,8151
3211,順達,33,3,30,台新-建北,2024-11-28,8151
2867,三商壽,27,0,27,台新-建北,2024-11-28,8151
3706,神達,397,371,26,台新-建北,2024-11-28,8151
2388,威盛,26,0,26,台新-建北,2024-11-28,8151
00713,元大台灣高息低波,26,0,26,台新-建北,2024-11-28,8151
1417,嘉裕,25,0,25,台新-建北,2024-11-28,8151
4943,康控-KY,24,0,24,台新-建北,2024-11-28,8151
9105,泰金寶-DR,27,5,22,台新-建北,2024-11-28,8151
2317,鴻海,50,30,20,台新-建北,2024-11-28,8151
2371,大同,54,34,20,台新-建北,2024-11-28,8151
6026,福邦證,20,0,20,台新-建北,2024-11-28,8151
1466,聚隆,20,0,20,台新-建北,2024-11-28,8151
6177,達麗,20,0,20,台新-建北,2024-11-28,8151
6617,共信-KY,20,0,20,台新-建北,2024-11-28,8151
8104,錸寶,38,18,20,台新-建北,2024-11-28,8151
1532,勤美,19,0,19,台新-建北,2024-11-28,8151
2204,中華,33,16,17,台新-建北,2024-11-28,8151
00951,台新日本半導體,20,4,16,台新-建北,2024-11-28,8151
00918,大華優利高填息30,15,1,14,台新-建北,2024-11-28,8151
8415,大國鋼,14,0,14,台新-建北,2024-11-28,8151
2376,技嘉,20,7,13,台新-建北,2024-11-28,8151
2884,玉山金,14,1,13,台新-建北,2024-11-28,8151
5353,台林,57,44,13,台新-建北,2024-11-28,8151
2417,圓剛,13,1,12,台新-建北,2024-11-28,8151
3038,全台,12,0,12,台新-建北,2024-11-28,8151
6156,松上,22,10,12,台新-建北,2024-11-28,8151
1301,台塑,12,0,12,台新-建北,2024-11-28,8151
8096,擎亞,154,0,154,台新-建北,2024-11-29,8151
00632R,元大台灣50反1,218,82,136,台新-建北,2024-11-29,8151
00753L,中信中國50正2,108,0,108,台新-建北,2024-11-29,8151
00651R,復華香港反1,100,0,100,台新-建北,2024-11-29,8151
00878,國泰永續高股息,111,17,94,台新-建北,2024-11-29,8151
1402,遠東新,54,0,54,台新-建北,2024-11-29,8151
0056,元大高股息,55,2,53,台新-建北,2024-11-29,8151
00666R,富邦�琤肭磪齯�1,50,0,50,台新-建北,2024-11-29,8151
2929,淘帝-KY,50,3,47,台新-建北,2024-11-29,8151
4562,穎漢,51,5,46,台新-建北,2024-11-29,8151
00929,復華台灣科技優息,60,16,44,台新-建北,2024-11-29,8151
1303,南亞,55,14,41,台新-建北,2024-11-29,8151
8374,羅昇,44,4,40,台新-建北,2024-11-29,8151
00919,群益台灣精選高息,42,3,39,台新-建北,2024-11-29,8151
6127,九豪,150,117,33,台新-建北,2024-11-29,8151
2501,國建,30,0,30,台新-建北,2024-11-29,8151
006208,富邦台50,30,2,28,台新-建北,2024-11-29,8151
2881,富邦金,32,5,27,台新-建北,2024-11-29,8151
2834,臺企銀,25,0,25,台新-建北,2024-11-29,8151
2317,鴻海,31,7,24,台新-建北,2024-11-29,8151
8437,大地-KY,24,0,24,台新-建北,2024-11-29,8151
2543,皇昌,25,1,24,台新-建北,2024-11-29,8151
00915,凱基優選高股息30,23,0,23,台新-建北,2024-11-29,8151
00665L,富邦�琤肭磪囓�2,30,9,21,台新-建北,2024-11-29,8151
1605,華新,21,0,21,台新-建北,2024-11-29,8151
6163,華電網,20,0,20,台新-建北,2024-11-29,8151
2603,長榮,35,15,20,台新-建北,2024-11-29,8151
1522,堤維西,21,2,19,台新-建北,2024-11-29,8151
00940,元大台灣價值高息,18,0,18,台新-建北,2024-11-29,8151
5880,合庫金,18,1,17,台新-建北,2024-11-29,8151
2330,台積電,18,1,17,台新-建北,2024-11-29,8151
2204,中華,20,5,15,台新-建北,2024-11-29,8151
4991,環宇-KY,38,23,15,台新-建北,2024-11-29,8151
8042,金山電,18,5,13,台新-建北,2024-11-29,8151
3511,矽瑪,23,10,13,台新-建北,2024-11-29,8151
1532,勤美,13,0,13,台新-建北,2024-11-29,8151
5309,系統電,152,140,12,台新-建北,2024-11-29,8151
8027,鈦昇,12,0,12,台新-建北,2024-11-29,8151
2392,正崴,63,51,12,台新-建北,2024-11-29,8151
2633,台灣高鐵,11,0,11,台新-建北,2024-11-29,8151
3167,大量,11,0,11,台新-建北,2024-11-29,8151
4927,泰鼎-KY,16,5,11,台新-建北,2024-11-29,8151
4971,IET-KY,22,11,11,台新-建北,2024-11-29,8151
2002,中鋼,11,0,11,台新-建北,2024-11-29,8151
00692,富邦公司治理,11,0,11,台新-建北,2024-11-29,8151
2344,華邦電,11,1,10,台新-建北,2024-11-29,8151
2412,中華電,10,0,10,台新-建北,2024-11-29,8151
1301,台塑,12,2,10,台新-建北,2024-11-29,8151
2609,陽明,81,71,10,台新-建北,2024-11-29,8151
6727,亞泰金屬,10,0,10,台新-建北,2024-11-29,8151
00632R,元大台灣50反1,903,20,883,台新-建北,2024-12-02,8151
00950B,凱基A級公司債,135,0,135,台新-建北,2024-12-02,8151
00680L,元大美債20正2,100,10,90,台新-建北,2024-12-02,8151
0056,元大高股息,97,17,80,台新-建北,2024-12-02,8151
00637L,元大滬深300正2,161,85,76,台新-建北,2024-12-02,8151
4906,正文,65,0,65,台新-建北,2024-12-02,8151
2312,金寶,253,198,55,台新-建北,2024-12-02,8151
2419,仲琦,75,31,44,台新-建北,2024-12-02,8151
2501,國建,43,0,43,台新-建北,2024-12-02,8151
1707,葡萄王,40,0,40,台新-建北,2024-12-02,8151
2382,廣達,47,8,39,台新-建北,2024-12-02,8151
1815,富喬,73,34,39,台新-建北,2024-12-02,8151
8929,富堡,41,5,36,台新-建北,2024-12-02,8151
2062,橋椿,32,0,32,台新-建北,2024-12-02,8151
3450,聯鈞,89,57,32,台新-建北,2024-12-02,8151
2303,聯電,53,22,31,台新-建北,2024-12-02,8151
3290,東浦,32,4,28,台新-建北,2024-12-02,8151
1301,台塑,27,1,26,台新-建北,2024-12-02,8151
4510,高鋒,38,12,26,台新-建北,2024-12-02,8151
5315,光聯,24,0,24,台新-建北,2024-12-02,8151
2614,東森,22,0,22,台新-建北,2024-12-02,8151
5353,台林,24,2,22,台新-建北,2024-12-02,8151
9904,寶成,41,19,22,台新-建北,2024-12-02,8151
2317,鴻海,43,21,22,台新-建北,2024-12-02,8151
2356,英業達,61,40,21,台新-建北,2024-12-02,8151
1742,台蠟,21,0,21,台新-建北,2024-12-02,8151
6167,久正,20,0,20,台新-建北,2024-12-02,8151
3324,雙鴻,25,5,20,台新-建北,2024-12-02,8151
1532,勤美,18,0,18,台新-建北,2024-12-02,8151
2867,三商壽,15,0,15,台新-建北,2024-12-02,8151
3704,合勤控,15,0,15,台新-建北,2024-12-02,8151
2495,普安,18,4,14,台新-建北,2024-12-02,8151
1536,和大,46,32,14,台新-建北,2024-12-02,8151
00887,永豐中國科技50大,18,5,13,台新-建北,2024-12-02,8151
00895,富邦未來車,15,3,12,台新-建北,2024-12-02,8151
00959B,大華投等美債15Y+,22,10,12,台新-建北,2024-12-02,8151
3234,光環,17,5,12,台新-建北,2024-12-02,8151
0050,元大台灣50,16,4,12,台新-建北,2024-12-02,8151
2834,臺企銀,12,0,12,台新-建北,2024-12-02,8151
6026,福邦證,11,0,11,台新-建北,2024-12-02,8151
3032,偉訓,31,20,11,台新-建北,2024-12-02,8151
1605,華新,10,0,10,台新-建北,2024-12-02,8151
6449,鈺邦,12,2,10,台新-建北,2024-12-02,8151
3511,矽瑪,12,2,10,台新-建北,2024-12-02,8151
3563,牧德,14,4,10,台新-建北,2024-12-02,8151
00960,野村全球航運龍頭,10,0,10,台新-建北,2024-12-02,8151
3230,錦明,14,4,10,台新-建北,2024-12-02,8151
1609,大亞,10,0,10,台新-建北,2024-12-02,8151
3363,上詮,10,0,10,台新-建北,2024-12-02,8151
2392,正崴,17,7,10,台新-建北,2024-12-02,8151
3706,神達,858,406,452,台新-建北,2024-12-03,8151
00919,群益台灣精選高息,195,71,124,台新-建北,2024-12-03,8151
4979,華星光,210,108,102,台新-建北,2024-12-03,8151
6165,浪凡,104,4,100,台新-建北,2024-12-03,8151
00651R,復華香港反1,100,0,100,台新-建北,2024-12-03,8151
00715L,期街口布蘭特正2,93,0,93,台新-建北,2024-12-03,8151
2324,仁寶,190,104,86,台新-建北,2024-12-03,8151
00915,凱基優選高股息30,85,4,81,台新-建北,2024-12-03,8151
4303,信立,137,72,65,台新-建北,2024-12-03,8151
3290,東浦,64,3,61,台新-建北,2024-12-03,8151
3323,加百裕,156,103,53,台新-建北,2024-12-03,8151
00887,永豐中國科技50大,72,25,47,台新-建北,2024-12-03,8151
1522,堤維西,49,7,42,台新-建北,2024-12-03,8151
00953B,群益優選非投等債,40,5,35,台新-建北,2024-12-03,8151
4977,眾達-KY,118,85,33,台新-建北,2024-12-03,8151
00918,大華優利高填息30,35,3,32,台新-建北,2024-12-03,8151
4906,正文,48,16,32,台新-建北,2024-12-03,8151
00945B,凱基美國非投等債,31,0,31,台新-建北,2024-12-03,8151
2382,廣達,30,0,30,台新-建北,2024-12-03,8151
2501,國建,30,0,30,台新-建北,2024-12-03,8151
0056,元大高股息,41,13,28,台新-建北,2024-12-03,8151
5529,鉅陞,25,0,25,台新-建北,2024-12-03,8151
6781,AES-KY,30,6,24,台新-建北,2024-12-03,8151
2367,燿華,34,11,23,台新-建北,2024-12-03,8151
4931,新盛力,27,5,22,台新-建北,2024-12-03,8151
3040,遠見,50,28,22,台新-建北,2024-12-03,8151
2317,鴻海,30,8,22,台新-建北,2024-12-03,8151
3511,矽瑪,48,27,21,台新-建北,2024-12-03,8151
1449,佳和,28,8,20,台新-建北,2024-12-03,8151
3625,西勝,20,0,20,台新-建北,2024-12-03,8151
3380,明泰,122,104,18,台新-建北,2024-12-03,8151
2444,兆勁,16,0,16,台新-建北,2024-12-03,8151
1742,台蠟,16,0,16,台新-建北,2024-12-03,8151
4414,如興,16,0,16,台新-建北,2024-12-03,8151
4968,立積,29,14,15,台新-建北,2024-12-03,8151
3689,湧德,15,0,15,台新-建北,2024-12-03,8151
2615,萬海,25,10,15,台新-建北,2024-12-03,8151
2486,一詮,19,5,14,台新-建北,2024-12-03,8151
2344,華邦電,31,17,14,台新-建北,2024-12-03,8151
3017,奇鋐,29,15,14,台新-建北,2024-12-03,8151
4534,慶騰,14,1,13,台新-建北,2024-12-03,8151
00632R,元大台灣50反1,42,29,13,台新-建北,2024-12-03,8151
3622,洋華,13,0,13,台新-建北,2024-12-03,8151
6706,惠特,20,7,13,台新-建北,2024-12-03,8151
5905,南仁湖,12,0,12,台新-建北,2024-12-03,8151
4123,晟德,12,1,11,台新-建北,2024-12-03,8151
9933,中鼎,11,0,11,台新-建北,2024-12-03,8151
1776,展宇,13,3,10,台新-建北,2024-12-03,8151
2431,聯昌,22,12,10,台新-建北,2024-12-03,8151
6924,榮惠-KY創,10,0,10,台新-建北,2024-12-03,8151
2388,威盛,505,19,486,台新-建北,2024-12-04,8151
3323,加百裕,526,313,213,台新-建北,2024-12-04,8151
00953B,群益優選非投等債,165,0,165,台新-建北,2024-12-04,8151
6558,興能高,526,389,137,台新-建北,2024-12-04,8151
00937B,群益ESG投等債20,188,51,137,台新-建北,2024-12-04,8151
2312,金寶,256,135,121,台新-建北,2024-12-04,8151
00651R,復華香港反1,100,0,100,台新-建北,2024-12-04,8151
00666R,富邦�琤肭磪齯�1,88,0,88,台新-建北,2024-12-04,8151
00919,群益台灣精選高息,105,30,75,台新-建北,2024-12-04,8151
2501,國建,72,0,72,台新-建北,2024-12-04,8151
9105,泰金寶-DR,108,40,68,台新-建北,2024-12-04,8151
2887,台新金,69,4,65,台新-建北,2024-12-04,8151
3211,順達,147,89,58,台新-建北,2024-12-04,8151
00965,元大航太防衛科技,50,0,50,台新-建北,2024-12-04,8151
8028,昇陽半導體,54,7,47,台新-建北,2024-12-04,8151
2302,麗正,42,1,41,台新-建北,2024-12-04,8151
2303,聯電,47,7,40,台新-建北,2024-12-04,8151
3078,僑威,101,62,39,台新-建北,2024-12-04,8151
6127,九豪,64,26,38,台新-建北,2024-12-04,8151
6781,AES-KY,36,1,35,台新-建北,2024-12-04,8151
1524,耿鼎,32,0,32,台新-建北,2024-12-04,8151
3450,聯鈞,122,91,31,台新-建北,2024-12-04,8151
00950B,凱基A級公司債,31,0,31,台新-建北,2024-12-04,8151
3290,東浦,32,2,30,台新-建北,2024-12-04,8151
5309,系統電,106,78,28,台新-建北,2024-12-04,8151
6470,宇智,31,4,27,台新-建北,2024-12-04,8151
00918,大華優利高填息30,26,0,26,台新-建北,2024-12-04,8151
1449,佳和,31,6,25,台新-建北,2024-12-04,8151
3317,尼克森,37,12,25,台新-建北,2024-12-04,8151
00643,群益深証中小,22,0,22,台新-建北,2024-12-04,8151
00688L,國泰20年美債正2,60,38,22,台新-建北,2024-12-04,8151
4912,聯德控股-KY,24,3,21,台新-建北,2024-12-04,8151
00673R,期元大S＆P原油反1,20,0,20,台新-建北,2024-12-04,8151
2449,京元電子,23,3,20,台新-建北,2024-12-04,8151
2891,中信金,27,8,19,台新-建北,2024-12-04,8151
3234,光環,20,1,19,台新-建北,2024-12-04,8151
6138,茂達,24,5,19,台新-建北,2024-12-04,8151
3032,偉訓,66,48,18,台新-建北,2024-12-04,8151
3006,晶豪科,30,12,18,台新-建北,2024-12-04,8151
3557,嘉威,18,0,18,台新-建北,2024-12-04,8151
2344,華邦電,26,9,17,台新-建北,2024-12-04,8151
5328,華容,34,17,17,台新-建北,2024-12-04,8151
8111,立��,46,29,17,台新-建北,2024-12-04,8151
3025,星通,39,22,17,台新-建北,2024-12-04,8151
00713,元大台灣高息低波,16,0,16,台新-建北,2024-12-04,8151
2618,長榮航,31,15,16,台新-建北,2024-12-04,8151
6205,詮欣,15,0,15,台新-建北,2024-12-04,8151
00712,復華富時不動產,15,0,15,台新-建北,2024-12-04,8151
2349,錸德,35,21,14,台新-建北,2024-12-04,8151
4908,前鼎,21,8,13,台新-建北,2024-12-04,8151
6148,驊宏資,470,0,470,台新-建北,2024-12-05,8151
4979,華星光,142,38,104,台新-建北,2024-12-05,8151
00688L,國泰20年美債正2,100,0,100,台新-建北,2024-12-05,8151
6186,新潤,98,0,98,台新-建北,2024-12-05,8151
6589,台康生技,85,1,84,台新-建北,2024-12-05,8151
00919,群益台灣精選高息,108,25,83,台新-建北,2024-12-05,8151
2354,鴻準,253,174,79,台新-建北,2024-12-05,8151
00637L,元大滬深300正2,104,28,76,台新-建北,2024-12-05,8151
6150,撼訊,89,16,73,台新-建北,2024-12-05,8151
2312,金寶,173,103,70,台新-建北,2024-12-05,8151
3024,憶聲,85,18,67,台新-建北,2024-12-05,8151
00937B,群益ESG投等債20,224,164,60,台新-建北,2024-12-05,8151
00762,元大全球AI,50,0,50,台新-建北,2024-12-05,8151
00664R,國泰臺灣加權反1,50,0,50,台新-建北,2024-12-05,8151
3090,日電貿,118,70,48,台新-建北,2024-12-05,8151
3665,貿聯-KY,43,2,41,台新-建北,2024-12-05,8151
2501,國建,40,0,40,台新-建北,2024-12-05,8151
2375,凱美,109,70,39,台新-建北,2024-12-05,8151
3211,順達,100,62,38,台新-建北,2024-12-05,8151
5439,高技,41,8,33,台新-建北,2024-12-05,8151
2317,鴻海,51,20,31,台新-建北,2024-12-05,8151
6165,浪凡,31,0,31,台新-建北,2024-12-05,8151
6715,嘉基,29,0,29,台新-建北,2024-12-05,8151
00915,凱基優選高股息30,30,1,29,台新-建北,2024-12-05,8151
00918,大華優利高填息30,28,0,28,台新-建北,2024-12-05,8151
1584,精剛,27,0,27,台新-建北,2024-12-05,8151
00953B,群益優選非投等債,26,0,26,台新-建北,2024-12-05,8151
2888,新光金,51,25,26,台新-建北,2024-12-05,8151
5905,南仁湖,27,2,25,台新-建北,2024-12-05,8151
3043,科風,39,15,24,台新-建北,2024-12-05,8151
6751,智聯服務,22,0,22,台新-建北,2024-12-05,8151
2328,廣宇,23,2,21,台新-建北,2024-12-05,8151
2344,華邦電,53,33,20,台新-建北,2024-12-05,8151
00675L,富邦臺灣加權正2,22,2,20,台新-建北,2024-12-05,8151
4952,凌通,20,0,20,台新-建北,2024-12-05,8151
00900,富邦特選高股息30,21,1,20,台新-建北,2024-12-05,8151
4534,慶騰,20,0,20,台新-建北,2024-12-05,8151
2062,橋椿,20,1,19,台新-建北,2024-12-05,8151
00643,群益深証中小,18,0,18,台新-建北,2024-12-05,8151
4977,眾達-KY,84,67,17,台新-建北,2024-12-05,8151
3313,斐成,17,0,17,台新-建北,2024-12-05,8151
3169,亞信,16,0,16,台新-建北,2024-12-05,8151
3040,遠見,52,36,16,台新-建北,2024-12-05,8151
2363,矽統,41,26,15,台新-建北,2024-12-05,8151
8421,旭源,15,0,15,台新-建北,2024-12-05,8151
6214,精誠,17,3,14,台新-建北,2024-12-05,8151
3234,光環,34,20,14,台新-建北,2024-12-05,8151
6438,迅得,19,6,13,台新-建北,2024-12-05,8151
8042,金山電,22,9,13,台新-建北,2024-12-05,8151
8011,台通,14,1,13,台新-建北,2024-12-05,8151
1504,東元,209,0,209,台新-建北,2024-12-06,8151
3234,光環,156,1,155,台新-建北,2024-12-06,8151
00918,大華優利高填息30,138,1,137,台新-建北,2024-12-06,8151
1785,光洋科,158,39,119,台新-建北,2024-12-06,8151
3450,聯鈞,148,40,108,台新-建北,2024-12-06,8151
00675L,富邦臺灣加權正2,102,0,102,台新-建北,2024-12-06,8151
2356,英業達,108,7,101,台新-建北,2024-12-06,8151
00953B,群益優選非投等債,91,0,91,台新-建北,2024-12-06,8151
0056,元大高股息,91,4,87,台新-建北,2024-12-06,8151
00919,群益台灣精選高息,92,22,70,台新-建北,2024-12-06,8151
00878,國泰永續高股息,77,10,67,台新-建北,2024-12-06,8151
00651R,復華香港反1,62,0,62,台新-建北,2024-12-06,8151
2328,廣宇,71,11,60,台新-建北,2024-12-06,8151
3290,東浦,55,0,55,台新-建北,2024-12-06,8151
6188,廣明,63,9,54,台新-建北,2024-12-06,8151
00666R,富邦�琤肭磪齯�1,50,0,50,台新-建北,2024-12-06,8151
6461,益得,37,0,37,台新-建北,2024-12-06,8151
1618,合機,34,0,34,台新-建北,2024-12-06,8151
00941,中信上游半導體,32,0,32,台新-建北,2024-12-06,8151
2427,三商電,53,22,31,台新-建北,2024-12-06,8151
4933,友輝,30,0,30,台新-建北,2024-12-06,8151
00712,復華富時不動產,30,0,30,台新-建北,2024-12-06,8151
6962,ITH-KY,35,5,30,台新-建北,2024-12-06,8151
8069,元太,34,6,28,台新-建北,2024-12-06,8151
00679B,元大美債20年,54,28,26,台新-建北,2024-12-06,8151
3021,鴻名,23,0,23,台新-建北,2024-12-06,8151
6689,伊雲谷,23,2,21,台新-建北,2024-12-06,8151
1815,富喬,121,100,21,台新-建北,2024-12-06,8151
2634,漢翔,21,0,21,台新-建北,2024-12-06,8151
2374,佳能,23,3,20,台新-建北,2024-12-06,8151
00715L,期街口布蘭特正2,20,0,20,台新-建北,2024-12-06,8151
6175,立敦,20,0,20,台新-建北,2024-12-06,8151
3324,雙鴻,27,7,20,台新-建北,2024-12-06,8151
4943,康控-KY,20,0,20,台新-建北,2024-12-06,8151
2426,鼎元,21,2,19,台新-建北,2024-12-06,8151
3114,好德,19,0,19,台新-建北,2024-12-06,8151
2405,輔信,62,43,19,台新-建北,2024-12-06,8151
6695,芯鼎,21,3,18,台新-建北,2024-12-06,8151
3625,西勝,20,4,16,台新-建北,2024-12-06,8151
1605,華新,22,7,15,台新-建北,2024-12-06,8151
2101,南港,20,5,15,台新-建北,2024-12-06,8151
3029,零壹,76,63,13,台新-建北,2024-12-06,8151
2603,長榮,22,8,14,台新-建北,2024-12-06,8151
8111,立��,82,69,13,台新-建北,2024-12-06,8151
00909,國泰數位支付服務,18,5,13,台新-建北,2024-12-06,8151
5439,高技,24,12,12,台新-建北,2024-12-06,8151
6706,惠特,14,2,12,台新-建北,2024-12-06,8151
8927,北基,12,0,12,台新-建北,2024-12-06,8151
6191,精成科,11,0,11,台新-建北,2024-12-06,8151
00951,台新日本半導體,12,1,11,台新-建北,2024-12-06,8151
3625,西勝,350,2,348,台新-建北,2024-12-09,8151
00929,復華台灣科技優息,594,332,262,台新-建北,2024-12-09,8151
00940,元大台灣價值高息,213,14,199,台新-建北,2024-12-09,8151
6988,威力暘-創,192,0,192,台新-建北,2024-12-09,8151
3715,定穎投控,187,17,170,台新-建北,2024-12-09,8151
3450,聯鈞,192,93,99,台新-建北,2024-12-09,8151
3706,神達,317,239,78,台新-建北,2024-12-09,8151
2399,映泰,273,212,61,台新-建北,2024-12-09,8151
00945B,凱基美國非投等債,60,0,60,台新-建北,2024-12-09,8151
4979,華星光,182,122,60,台新-建北,2024-12-09,8151
9802,鈺齊-KY,55,0,55,台新-建北,2024-12-09,8151
1742,台蠟,49,0,49,台新-建北,2024-12-09,8151
2317,鴻海,57,10,47,台新-建北,2024-12-09,8151
2337,旺宏,49,2,47,台新-建北,2024-12-09,8151
2102,泰豐,45,2,43,台新-建北,2024-12-09,8151
1785,光洋科,180,139,41,台新-建北,2024-12-09,8151
6112,邁達特,80,42,38,台新-建北,2024-12-09,8151
2236,百達-KY,35,0,35,台新-建北,2024-12-09,8151
00642U,期元大S＆P石油,34,0,34,台新-建北,2024-12-09,8151
2615,萬海,102,68,34,台新-建北,2024-12-09,8151
00915,凱基優選高股息30,33,1,32,台新-建北,2024-12-09,8151
3317,尼克森,58,26,32,台新-建北,2024-12-09,8151
00953B,群益優選非投等債,31,0,31,台新-建北,2024-12-09,8151
2344,華邦電,28,0,28,台新-建北,2024-12-09,8151
5371,中光電,34,7,27,台新-建北,2024-12-09,8151
2646,星宇航空,51,24,27,台新-建北,2024-12-09,8151
2449,京元電子,37,11,26,台新-建北,2024-12-09,8151
2618,長榮航,94,71,23,台新-建北,2024-12-09,8151
3374,精材,29,6,23,台新-建北,2024-12-09,8151
3363,上詮,25,2,23,台新-建北,2024-12-09,8151
2542,興富發,21,0,21,台新-建北,2024-12-09,8151
6416,瑞祺電通,21,0,21,台新-建北,2024-12-09,8151
00887,永豐中國科技50大,20,0,20,台新-建北,2024-12-09,8151
00706L,期元大S＆P日圓正2,20,0,20,台新-建北,2024-12-09,8151
5905,南仁湖,20,1,19,台新-建北,2024-12-09,8151
6558,興能高,59,42,17,台新-建北,2024-12-09,8151
4933,友輝,19,2,17,台新-建北,2024-12-09,8151
2436,偉詮電,34,17,17,台新-建北,2024-12-09,8151
2534,宏盛,17,0,17,台新-建北,2024-12-09,8151
6143,振曜,21,4,17,台新-建北,2024-12-09,8151
2471,資通,38,22,16,台新-建北,2024-12-09,8151
3029,零壹,127,111,16,台新-建北,2024-12-09,8151
3324,雙鴻,26,10,16,台新-建北,2024-12-09,8151
6449,鈺邦,15,0,15,台新-建北,2024-12-09,8151
3522,御嵿,15,0,15,台新-建北,2024-12-09,8151
6186,新潤,15,0,15,台新-建北,2024-12-09,8151
3088,艾訊,14,0,14,台新-建北,2024-12-09,8151
8437,大地-KY,15,1,14,台新-建北,2024-12-09,8151
1609,大亞,16,3,13,台新-建北,2024-12-09,8151
8210,勤誠,15,3,12,台新-建北,2024-12-09,8151
00940,元大台灣價值高息,280,17,263,台新-建北,2024-12-10,8151
00715L,期街口布蘭特正2,150,0,150,台新-建北,2024-12-10,8151
4977,眾達-KY,193,48,145,台新-建北,2024-12-10,8151
00918,大華優利高填息30,97,1,96,台新-建北,2024-12-10,8151
3024,憶聲,95,3,92,台新-建北,2024-12-10,8151
2845,遠東銀,87,0,87,台新-建北,2024-12-10,8151
00675L,富邦臺灣加權正2,68,1,67,台新-建北,2024-12-10,8151
6214,精誠,100,33,67,台新-建北,2024-12-10,8151
00712,復華富時不動產,66,0,66,台新-建北,2024-12-10,8151
00945B,凱基美國非投等債,60,0,60,台新-建北,2024-12-10,8151
00965,元大航太防衛科技,53,0,53,台新-建北,2024-12-10,8151
00648R,元大S＆P500反1,50,0,50,台新-建北,2024-12-10,8151
00687B,國泰20年美債,50,5,45,台新-建北,2024-12-10,8151
2618,長榮航,155,111,44,台新-建北,2024-12-10,8151
6469,大樹,41,0,41,台新-建北,2024-12-10,8151
2609,陽明,104,63,41,台新-建北,2024-12-10,8151
8150,南茂,39,0,39,台新-建北,2024-12-10,8151
3211,順達,86,51,35,台新-建北,2024-12-10,8151
4503,金雨,35,0,35,台新-建北,2024-12-10,8151
3011,今皓,39,5,34,台新-建北,2024-12-10,8151
1785,光洋科,51,17,34,台新-建北,2024-12-10,8151
00909,國泰數位支付服務,33,0,33,台新-建北,2024-12-10,8151
2426,鼎元,40,8,32,台新-建北,2024-12-10,8151
4123,晟德,38,10,28,台新-建北,2024-12-10,8151
00631L,元大台灣50正2,31,3,28,台新-建北,2024-12-10,8151
2317,鴻海,41,15,26,台新-建北,2024-12-10,8151
00919,群益台灣精選高息,45,23,22,台新-建北,2024-12-10,8151
00633L,富邦上証正2,25,3,22,台新-建北,2024-12-10,8151
2605,新興,22,0,22,台新-建北,2024-12-10,8151
3290,東浦,23,1,22,台新-建北,2024-12-10,8151
2486,一詮,28,8,20,台新-建北,2024-12-10,8151
2547,日勝生,60,40,20,台新-建北,2024-12-10,8151
00960,野村全球航運龍頭,19,0,19,台新-建北,2024-12-10,8151
00948B,中信優息投資級債,19,0,19,台新-建北,2024-12-10,8151
2613,中櫃,19,1,18,台新-建北,2024-12-10,8151
00650L,復華香港正2,51,34,17,台新-建北,2024-12-10,8151
4952,凌通,17,0,17,台新-建北,2024-12-10,8151
6442,光聖,39,22,17,台新-建北,2024-12-10,8151
6024,群益期,17,0,17,台新-建北,2024-12-10,8151
00953B,群益優選非投等債,16,0,16,台新-建北,2024-12-10,8151
1605,華新,24,8,16,台新-建北,2024-12-10,8151
3548,兆利,20,5,15,台新-建北,2024-12-10,8151
2501,國建,15,0,15,台新-建北,2024-12-10,8151
4991,環宇-KY,28,13,15,台新-建北,2024-12-10,8151
6863,永道-KY,20,5,15,台新-建北,2024-12-10,8151
6806,森崴能源,15,1,14,台新-建北,2024-12-10,8151
3078,僑威,14,0,14,台新-建北,2024-12-10,8151
00882,中信中國高股息,51,38,13,台新-建北,2024-12-10,8151
2382,廣達,15,2,13,台新-建北,2024-12-10,8151
5426,振發,19,7,12,台新-建北,2024-12-10,8151
00687B,國泰20年美債,330,4,326,台新-建北,2024-12-11,8151
00637L,元大滬深300正2,227,100,127,台新-建北,2024-12-11,8151
00969B,元大零息超長美債,100,0,100,台新-建北,2024-12-11,8151
00953B,群益優選非投等債,100,0,100,台新-建北,2024-12-11,8151
00918,大華優利高填息30,513,416,97,台新-建北,2024-12-11,8151
8111,立��,140,48,92,台新-建北,2024-12-11,8151
2109,華豐,70,0,70,台新-建北,2024-12-11,8151
00919,群益台灣精選高息,135,72,63,台新-建北,2024-12-11,8151
2845,遠東銀,63,0,63,台新-建北,2024-12-11,8151
2312,金寶,72,10,62,台新-建北,2024-12-11,8151
2367,燿華,74,14,60,台新-建北,2024-12-11,8151
2501,國建,60,0,60,台新-建北,2024-12-11,8151
2349,錸德,66,6,60,台新-建北,2024-12-11,8151
0056,元大高股息,71,11,60,台新-建北,2024-12-11,8151
2317,鴻海,71,11,60,台新-建北,2024-12-11,8151
1447,力鵬,50,0,50,台新-建北,2024-12-11,8151
3211,順達,137,88,49,台新-建北,2024-12-11,8151
3003,健和興,36,0,36,台新-建北,2024-12-11,8151
4991,環宇-KY,73,39,34,台新-建北,2024-12-11,8151
00753L,中信中國50正2,32,0,32,台新-建北,2024-12-11,8151
00951,台新日本半導體,31,0,31,台新-建北,2024-12-11,8151
6667,信紘科,30,0,30,台新-建北,2024-12-11,8151
00878,國泰永續高股息,55,25,30,台新-建北,2024-12-11,8151
2323,中環,30,1,29,台新-建北,2024-12-11,8151
00631L,元大台灣50正2,31,3,28,台新-建北,2024-12-11,8151
00679B,元大美債20年,28,1,27,台新-建北,2024-12-11,8151
8045,達運光電,28,3,25,台新-建北,2024-12-11,8151
00948B,中信優息投資級債,25,0,25,台新-建北,2024-12-11,8151
2362,藍天,25,0,25,台新-建北,2024-12-11,8151
2609,陽明,55,30,25,台新-建北,2024-12-11,8151
3563,牧德,33,12,21,台新-建北,2024-12-11,8151
1301,台塑,20,0,20,台新-建北,2024-12-11,8151
8476,台境*,20,0,20,台新-建北,2024-12-11,8151
00937B,群益ESG投等債20,25,5,20,台新-建北,2024-12-11,8151
3231,緯創,27,7,20,台新-建北,2024-12-11,8151
2603,長榮,22,3,19,台新-建北,2024-12-11,8151
2303,聯電,21,2,19,台新-建北,2024-12-11,8151
5457,宣德,37,18,19,台新-建北,2024-12-11,8151
00712,復華富時不動產,20,1,19,台新-建北,2024-12-11,8151
6243,迅杰,20,1,19,台新-建北,2024-12-11,8151
2382,廣達,22,3,19,台新-建北,2024-12-11,8151
1101,台泥,24,5,19,台新-建北,2024-12-11,8151
1795,美時,18,1,17,台新-建北,2024-12-11,8151
3062,建漢,20,3,17,台新-建北,2024-12-11,8151
00915,凱基優選高股息30,22,6,16,台新-建北,2024-12-11,8151
00665L,富邦�琤肭磪囓�2,16,0,16,台新-建北,2024-12-11,8151
6968,萬達寵物,15,0,15,台新-建北,2024-12-11,8151
6192,巨路,15,0,15,台新-建北,2024-12-11,8151
6863,永道-KY,21,6,15,台新-建北,2024-12-11,8151
4979,華星光,76,62,14,台新-建北,2024-12-11,8151
00937B,群益ESG投等債20,1093,144,949,台新-建北,2024-12-12,8151
00687B,國泰20年美債,394,3,391,台新-建北,2024-12-12,8151
00948B,中信優息投資級債,302,0,302,台新-建北,2024-12-12,8151
2323,中環,275,0,275,台新-建北,2024-12-12,8151
3296,勝德,200,4,196,台新-建北,2024-12-12,8151
2330,台積電,143,5,138,台新-建北,2024-12-12,8151
00915,凱基優選高股息30,114,0,114,台新-建北,2024-12-12,8151
2109,華豐,105,0,105,台新-建北,2024-12-12,8151
00679B,元大美債20年,102,0,102,台新-建北,2024-12-12,8151
5522,遠雄,101,9,92,台新-建北,2024-12-12,8151
00762,元大全球AI,92,0,92,台新-建北,2024-12-12,8151
2344,華邦電,151,76,75,台新-建北,2024-12-12,8151
4977,眾達-KY,72,19,53,台新-建北,2024-12-12,8151
2303,聯電,66,13,53,台新-建北,2024-12-12,8151
00945B,凱基美國非投等債,50,0,50,台新-建北,2024-12-12,8151
6768,志強-KY,50,0,50,台新-建北,2024-12-12,8151
00918,大華優利高填息30,48,0,48,台新-建北,2024-12-12,8151
2348,海悅,54,7,47,台新-建北,2024-12-12,8151
00688L,國泰20年美債正2,46,1,45,台新-建北,2024-12-12,8151
3447,展達,51,9,42,台新-建北,2024-12-12,8151
1522,堤維西,40,3,37,台新-建北,2024-12-12,8151
2371,大同,38,2,36,台新-建北,2024-12-12,8151
5905,南仁湖,35,4,31,台新-建北,2024-12-12,8151
3003,健和興,28,0,28,台新-建北,2024-12-12,8151
2449,京元電子,33,6,27,台新-建北,2024-12-12,8151
3040,遠見,41,15,26,台新-建北,2024-12-12,8151
00950B,凱基A級公司債,25,0,25,台新-建北,2024-12-12,8151
2349,錸德,30,5,25,台新-建北,2024-12-12,8151
2466,冠西電,24,0,24,台新-建北,2024-12-12,8151
3029,零壹,330,307,23,台新-建北,2024-12-12,8151
00706L,期元大S＆P日圓正2,22,0,22,台新-建北,2024-12-12,8151
2520,冠德,22,1,21,台新-建北,2024-12-12,8151
3231,緯創,35,14,21,台新-建北,2024-12-12,8151
6863,永道-KY,20,0,20,台新-建北,2024-12-12,8151
2374,佳能,71,51,20,台新-建北,2024-12-12,8151
1815,富喬,36,16,20,台新-建北,2024-12-12,8151
4943,康控-KY,20,0,20,台新-建北,2024-12-12,8151
4561,健椿,33,13,20,台新-建北,2024-12-12,8151
3466,德晉,20,0,20,台新-建北,2024-12-12,8151
4934,太極,20,0,20,台新-建北,2024-12-12,8151
6412,群電,20,0,20,台新-建北,2024-12-12,8151
00713,元大台灣高息低波,20,0,20,台新-建北,2024-12-12,8151
8996,高力,25,6,19,台新-建北,2024-12-12,8151
2486,一詮,50,32,18,台新-建北,2024-12-12,8151
5481,新華,18,0,18,台新-建北,2024-12-12,8151
2312,金寶,22,4,18,台新-建北,2024-12-12,8151
00922,國泰台灣領袖50,17,0,17,台新-建北,2024-12-12,8151
3704,合勤控,25,8,17,台新-建北,2024-12-12,8151
6589,台康生技,17,1,16,台新-建北,2024-12-12,8151
2609,陽明,48,33,15,台新-建北,2024-12-12,8151
00937B,群益ESG投等債20,1104,60,1044,台新-建北,2024-12-13,8151
00948B,中信優息投資級債,342,0,342,台新-建北,2024-12-13,8151
00637L,元大滬深300正2,263,81,182,台新-建北,2024-12-13,8151
00648R,元大S＆P500反1,100,0,100,台新-建北,2024-12-13,8151
00927,群益半導體收益,100,2,98,台新-建北,2024-12-13,8151
00687B,國泰20年美債,98,4,94,台新-建北,2024-12-13,8151
2109,華豐,94,0,94,台新-建北,2024-12-13,8151
00712,復華富時不動產,85,0,85,台新-建北,2024-12-13,8151
00878,國泰永續高股息,90,9,81,台新-建北,2024-12-13,8151
00915,凱基優選高股息30,78,0,78,台新-建北,2024-12-13,8151
4931,新盛力,161,85,76,台新-建北,2024-12-13,8151
00919,群益台灣精選高息,74,9,65,台新-建北,2024-12-13,8151
3481,群創,76,13,63,台新-建北,2024-12-13,8151
2543,皇昌,63,6,57,台新-建北,2024-12-13,8151
0056,元大高股息,64,9,55,台新-建北,2024-12-13,8151
00918,大華優利高填息30,52,0,52,台新-建北,2024-12-13,8151
2801,彰銀,50,0,50,台新-建北,2024-12-13,8151
1569,濱川,62,16,46,台新-建北,2024-12-13,8151
5530,龍巖,46,0,46,台新-建北,2024-12-13,8151
4968,立積,62,17,45,台新-建北,2024-12-13,8151
3188,鑫龍騰,40,0,40,台新-建北,2024-12-13,8151
00688L,國泰20年美債正2,41,1,40,台新-建北,2024-12-13,8151
3450,聯鈞,190,150,40,台新-建北,2024-12-13,8151
2887,台新金,41,2,39,台新-建北,2024-12-13,8151
4974,亞泰,41,5,36,台新-建北,2024-12-13,8151
2501,國建,35,0,35,台新-建北,2024-12-13,8151
00945B,凱基美國非投等債,35,0,35,台新-建北,2024-12-13,8151
2371,大同,43,9,34,台新-建北,2024-12-13,8151
4906,正文,34,1,33,台新-建北,2024-12-13,8151
00706L,期元大S＆P日圓正2,31,0,31,台新-建北,2024-12-13,8151
2845,遠東銀,30,0,30,台新-建北,2024-12-13,8151
1802,台玻,30,0,30,台新-建北,2024-12-13,8151
1532,勤美,30,0,30,台新-建北,2024-12-13,8151
5278,尚凡*,29,1,28,台新-建北,2024-12-13,8151
9945,潤泰新,27,0,27,台新-建北,2024-12-13,8151
00650L,復華香港正2,27,0,27,台新-建北,2024-12-13,8151
00632R,元大台灣50反1,33,6,27,台新-建北,2024-12-13,8151
00933B,國泰10Y+金融債,27,0,27,台新-建北,2024-12-13,8151
00751B,元大AAA至A公司債,26,0,26,台新-建北,2024-12-13,8151
2486,一詮,57,33,24,台新-建北,2024-12-13,8151
00713,元大台灣高息低波,30,6,24,台新-建北,2024-12-13,8151
00935,野村臺灣新科技50,33,10,23,台新-建北,2024-12-13,8151
00665L,富邦�琤肭磪囓�2,22,0,22,台新-建北,2024-12-13,8151
8011,台通,22,1,21,台新-建北,2024-12-13,8151
00962,台新AI優息動能,20,0,20,台新-建北,2024-12-13,8151
3290,東浦,20,0,20,台新-建北,2024-12-13,8151
2104,國際中橡,20,0,20,台新-建北,2024-12-13,8151
2883,凱基金,21,1,20,台新-建北,2024-12-13,8151
00753L,中信中國50正2,20,0,20,台新-建北,2024-12-13,8151
5864,致和證,20,0,20,台新-建北,2024-12-13,8151
3374,精材,268,10,258,台新-建北,2024-12-16,8151
00687B,國泰20年美債,222,7,215,台新-建北,2024-12-16,8151
00948B,中信優息投資級債,209,0,209,台新-建北,2024-12-16,8151
3041,揚智,209,18,191,台新-建北,2024-12-16,8151
00919,群益台灣精選高息,200,13,187,台新-建北,2024-12-16,8151
00937B,群益ESG投等債20,225,85,140,台新-建北,2024-12-16,8151
00915,凱基優選高股息30,132,0,132,台新-建北,2024-12-16,8151
2609,陽明,140,22,118,台新-建北,2024-12-16,8151
2374,佳能,180,77,103,台新-建北,2024-12-16,8151
0056,元大高股息,115,26,89,台新-建北,2024-12-16,8151
00878,國泰永續高股息,113,29,84,台新-建北,2024-12-16,8151
2382,廣達,77,4,73,台新-建北,2024-12-16,8151
00680L,元大美債20正2,77,5,72,台新-建北,2024-12-16,8151
00918,大華優利高填息30,77,6,71,台新-建北,2024-12-16,8151
2887,台新金,69,0,69,台新-建北,2024-12-16,8151
1785,光洋科,100,31,69,台新-建北,2024-12-16,8151
00713,元大台灣高息低波,69,15,54,台新-建北,2024-12-16,8151
00712,復華富時不動產,110,59,51,台新-建北,2024-12-16,8151
3231,緯創,46,5,41,台新-建北,2024-12-16,8151
00637L,元大滬深300正2,46,6,40,台新-建北,2024-12-16,8151
3019,亞光,180,140,40,台新-建北,2024-12-16,8151
00959B,大華投等美債15Y+,36,0,36,台新-建北,2024-12-16,8151
6188,廣明,40,4,36,台新-建北,2024-12-16,8151
3037,欣興,35,2,33,台新-建北,2024-12-16,8151
8054,安國,88,55,33,台新-建北,2024-12-16,8151
00751B,元大AAA至A公司債,33,1,32,台新-建北,2024-12-16,8151
00762,元大全球AI,31,0,31,台新-建北,2024-12-16,8151
2455,全新,35,5,30,台新-建北,2024-12-16,8151
3211,順達,54,28,26,台新-建北,2024-12-16,8151
8027,鈦昇,26,0,26,台新-建北,2024-12-16,8151
8249,菱光,65,39,26,台新-建北,2024-12-16,8151
3607,谷崧,36,11,25,台新-建北,2024-12-16,8151
00688L,國泰20年美債正2,31,6,25,台新-建北,2024-12-16,8151
3213,茂訊,24,0,24,台新-建北,2024-12-16,8151
9105,泰金寶-DR,83,61,22,台新-建北,2024-12-16,8151
00922,國泰台灣領袖50,21,0,21,台新-建北,2024-12-16,8151
2109,華豐,21,0,21,台新-建北,2024-12-16,8151
2449,京元電子,33,12,21,台新-建北,2024-12-16,8151
1795,美時,20,0,20,台新-建北,2024-12-16,8151
5498,凱崴,20,0,20,台新-建北,2024-12-16,8151
00673R,期元大S＆P原油反1,20,0,20,台新-建北,2024-12-16,8151
00950B,凱基A級公司債,20,0,20,台新-建北,2024-12-16,8151
00965,元大航太防衛科技,20,1,19,台新-建北,2024-12-16,8151
2615,萬海,30,11,19,台新-建北,2024-12-16,8151
00753L,中信中國50正2,18,0,18,台新-建北,2024-12-16,8151
2317,鴻海,36,19,17,台新-建北,2024-12-16,8151
3450,聯鈞,208,191,17,台新-建北,2024-12-16,8151
00725B,國泰投資級公司債,16,0,16,台新-建北,2024-12-16,8151
1460,宏遠,15,0,15,台新-建北,2024-12-16,8151
6461,益得,15,0,15,台新-建北,2024-12-16,8151
9105,泰金寶-DR,581,263,318,台新-建北,2024-12-17,8151
2303,聯電,325,24,301,台新-建北,2024-12-17,8151
00687B,國泰20年美債,180,2,178,台新-建北,2024-12-17,8151
8374,羅昇,232,88,144,台新-建北,2024-12-17,8151
5484,慧友,150,6,144,台新-建北,2024-12-17,8151
2374,佳能,334,192,142,台新-建北,2024-12-17,8151
00753L,中信中國50正2,130,0,130,台新-建北,2024-12-17,8151
00937B,群益ESG投等債20,128,0,128,台新-建北,2024-12-17,8151
2530,華建,103,0,103,台新-建北,2024-12-17,8151
0056,元大高股息,104,10,94,台新-建北,2024-12-17,8151
00887,永豐中國科技50大,78,10,68,台新-建北,2024-12-17,8151
00915,凱基優選高股息30,74,6,68,台新-建北,2024-12-17,8151
00878,國泰永續高股息,82,17,65,台新-建北,2024-12-17,8151
00933B,國泰10Y+金融債,57,0,57,台新-建北,2024-12-17,8151
00948B,中信優息投資級債,56,0,56,台新-建北,2024-12-17,8151
2890,永豐金,100,45,55,台新-建北,2024-12-17,8151
2109,華豐,50,0,50,台新-建北,2024-12-17,8151
3290,東浦,51,1,50,台新-建北,2024-12-17,8151
00688L,國泰20年美債正2,50,0,50,台新-建北,2024-12-17,8151
8111,立��,104,58,46,台新-建北,2024-12-17,8151
00918,大華優利高填息30,51,5,46,台新-建北,2024-12-17,8151
3450,聯鈞,100,59,41,台新-建北,2024-12-17,8151
2344,華邦電,158,118,40,台新-建北,2024-12-17,8151
6202,盛群,37,0,37,台新-建北,2024-12-17,8151
8086,宏捷科,42,5,37,台新-建北,2024-12-17,8151
00713,元大台灣高息低波,37,0,37,台新-建北,2024-12-17,8151
8249,菱光,134,98,36,台新-建北,2024-12-17,8151
2317,鴻海,53,24,29,台新-建北,2024-12-17,8151
2464,盟立,70,42,28,台新-建北,2024-12-17,8151
2392,正崴,56,29,27,台新-建北,2024-12-17,8151
2426,鼎元,37,10,27,台新-建北,2024-12-17,8151
3035,智原,54,27,27,台新-建北,2024-12-17,8151
2501,國建,26,0,26,台新-建北,2024-12-17,8151
2614,東森,25,0,25,台新-建北,2024-12-17,8151
2891,中信金,23,0,23,台新-建北,2024-12-17,8151
2382,廣達,25,4,21,台新-建北,2024-12-17,8151
2609,陽明,46,24,22,台新-建北,2024-12-17,8151
6684,安格,28,7,21,台新-建北,2024-12-17,8151
1605,華新,23,3,20,台新-建北,2024-12-17,8151
00950B,凱基A級公司債,20,0,20,台新-建北,2024-12-17,8151
2845,遠東銀,20,0,20,台新-建北,2024-12-17,8151
6695,芯鼎,40,21,19,台新-建北,2024-12-17,8151
2887,台新金,18,0,18,台新-建北,2024-12-17,8151
6215,和椿,126,108,18,台新-建北,2024-12-17,8151
2455,全新,22,4,18,台新-建北,2024-12-17,8151
4120,友華,17,0,17,台新-建北,2024-12-17,8151
6186,新潤,17,0,17,台新-建北,2024-12-17,8151
3706,神達,147,131,16,台新-建北,2024-12-17,8151
1513,中興電,19,3,16,台新-建北,2024-12-17,8151
6021,美好證,15,0,15,台新-建北,2024-12-17,8151
2736,富野,765,10,755,台新-建北,2024-12-18,8151
2530,華建,215,0,215,台新-建北,2024-12-18,8151
6558,興能高,257,70,187,台新-建北,2024-12-18,8151
9105,泰金寶-DR,278,128,150,台新-建北,2024-12-18,8151
00918,大華優利高填息30,144,1,143,台新-建北,2024-12-18,8151
4131,浩泰,91,0,91,台新-建北,2024-12-18,8151
2109,華豐,87,0,87,台新-建北,2024-12-18,8151
00937B,群益ESG投等債20,97,12,85,台新-建北,2024-12-18,8151
00648R,元大S＆P500反1,70,0,70,台新-建北,2024-12-18,8151
2313,華通,133,72,61,台新-建北,2024-12-18,8151
3019,亞光,216,157,59,台新-建北,2024-12-18,8151
2105,正新,55,0,55,台新-建北,2024-12-18,8151
00950B,凱基A級公司債,50,0,50,台新-建北,2024-12-18,8151
4510,高鋒,67,19,48,台新-建北,2024-12-18,8151
2049,上銀,101,53,48,台新-建北,2024-12-18,8151
00959B,大華投等美債15Y+,50,3,47,台新-建北,2024-12-18,8151
00632R,元大台灣50反1,58,13,45,台新-建北,2024-12-18,8151
2704,國賓,45,0,45,台新-建北,2024-12-18,8151
3450,聯鈞,91,48,43,台新-建北,2024-12-18,8151
3211,順達,103,62,41,台新-建北,2024-12-18,8151
3706,神達,304,264,40,台新-建北,2024-12-18,8151
2359,所羅門,90,55,35,台新-建北,2024-12-18,8151
8489,三貝德,35,0,35,台新-建北,2024-12-18,8151
3704,合勤控,35,1,34,台新-建北,2024-12-18,8151
00687B,國泰20年美債,33,0,33,台新-建北,2024-12-18,8151
2722,夏都,33,0,33,台新-建北,2024-12-18,8151
2539,櫻花建,27,0,27,台新-建北,2024-12-18,8151
2520,冠德,24,0,24,台新-建北,2024-12-18,8151
3551,世禾,24,1,23,台新-建北,2024-12-18,8151
00706L,期元大S＆P日圓正2,20,0,20,台新-建北,2024-12-18,8151
8476,台境*,20,0,20,台新-建北,2024-12-18,8151
00919,群益台灣精選高息,51,32,19,台新-建北,2024-12-18,8151
6546,正基,21,2,19,台新-建北,2024-12-18,8151
1742,台蠟,19,0,19,台新-建北,2024-12-18,8151
4958,臻鼎-KY,42,23,19,台新-建北,2024-12-18,8151
1101,台泥,20,2,18,台新-建北,2024-12-18,8151
00948B,中信優息投資級債,18,0,18,台新-建北,2024-12-18,8151
2408,南亞科,27,10,17,台新-建北,2024-12-18,8151
00915,凱基優選高股息30,16,0,16,台新-建北,2024-12-18,8151
2515,中工,20,4,16,台新-建北,2024-12-18,8151
2328,廣宇,18,2,16,台新-建北,2024-12-18,8151
00909,國泰數位支付服務,15,0,15,台新-建北,2024-12-18,8151
00878,國泰永續高股息,26,11,15,台新-建北,2024-12-18,8151
2302,麗正,15,0,15,台新-建北,2024-12-18,8151
3303,岱稜,15,0,15,台新-建北,2024-12-18,8151
00688L,國泰20年美債正2,20,5,15,台新-建北,2024-12-18,8151
1605,華新,16,2,14,台新-建北,2024-12-18,8151
3059,華晶科,30,16,14,台新-建北,2024-12-18,8151
1721,三晃,15,2,13,台新-建北,2024-12-18,8151
4540,全球傳動,144,131,13,台新-建北,2024-12-18,8151
00937B,群益ESG投等債20,487,139,348,台新-建北,2024-12-19,8151
00680L,元大美債20正2,194,0,194,台新-建北,2024-12-19,8151
00948B,中信優息投資級債,234,58,176,台新-建北,2024-12-19,8151
2530,華建,166,0,166,台新-建北,2024-12-19,8151
2539,櫻花建,162,0,162,台新-建北,2024-12-19,8151
2887,台新金,156,0,156,台新-建北,2024-12-19,8151
00953B,群益優選非投等債,137,0,137,台新-建北,2024-12-19,8151
00919,群益台灣精選高息,185,68,117,台新-建北,2024-12-19,8151
3706,神達,494,388,106,台新-建北,2024-12-19,8151
00679B,元大美債20年,95,7,88,台新-建北,2024-12-19,8151
00687B,國泰20年美債,107,24,83,台新-建北,2024-12-19,8151
2303,聯電,102,21,81,台新-建北,2024-12-19,8151
2923,鼎固-KY,74,0,74,台新-建北,2024-12-19,8151
00878,國泰永續高股息,91,21,70,台新-建北,2024-12-19,8151
2881,富邦金,69,0,69,台新-建北,2024-12-19,8151
00918,大華優利高填息30,70,2,68,台新-建北,2024-12-19,8151
2883,凱基金,61,1,60,台新-建北,2024-12-19,8151
2049,上銀,99,40,59,台新-建北,2024-12-19,8151
00926,凱基全球菁英55,57,0,57,台新-建北,2024-12-19,8151
3450,聯鈞,194,140,54,台新-建北,2024-12-19,8151
4131,浩泰,51,0,51,台新-建北,2024-12-19,8151
2002,中鋼,54,5,49,台新-建北,2024-12-19,8151
3481,群創,48,0,48,台新-建北,2024-12-19,8151
00887,永豐中國科技50大,50,5,45,台新-建北,2024-12-19,8151
2317,鴻海,47,7,40,台新-建北,2024-12-19,8151
2109,華豐,38,0,38,台新-建北,2024-12-19,8151
2543,皇昌,41,10,31,台新-建北,2024-12-19,8151
0056,元大高股息,36,6,30,台新-建北,2024-12-19,8151
00942B,台新美A公司債20+,30,0,30,台新-建北,2024-12-19,8151
2344,華邦電,102,73,29,台新-建北,2024-12-19,8151
2426,鼎元,60,32,28,台新-建北,2024-12-19,8151
3380,明泰,37,9,28,台新-建北,2024-12-19,8151
2609,陽明,39,12,27,台新-建北,2024-12-19,8151
2371,大同,27,0,27,台新-建北,2024-12-19,8151
2882,國泰金,28,3,25,台新-建北,2024-12-19,8151
6683,雍智科技,25,0,25,台新-建北,2024-12-19,8151
006208,富邦台50,25,1,24,台新-建北,2024-12-19,8151
3231,緯創,35,12,23,台新-建北,2024-12-19,8151
00753L,中信中國50正2,21,0,21,台新-建北,2024-12-19,8151
00933B,國泰10Y+金融債,20,0,20,台新-建北,2024-12-19,8151
1733,五鼎,20,0,20,台新-建北,2024-12-19,8151
1474,弘裕,20,0,20,台新-建北,2024-12-19,8151
5531,鄉林,20,0,20,台新-建北,2024-12-19,8151
6026,福邦證,20,0,20,台新-建北,2024-12-19,8151
00662,富邦NASDAQ,20,0,20,台新-建北,2024-12-19,8151
2330,台積電,27,8,19,台新-建北,2024-12-19,8151
00915,凱基優選高股息30,26,7,19,台新-建北,2024-12-19,8151
2606,裕民,20,1,19,台新-建北,2024-12-19,8151
00713,元大台灣高息低波,19,1,18,台新-建北,2024-12-19,8151
00922,國泰台灣領袖50,18,0,18,台新-建北,2024-12-19,8151
