Ticker,Name,buy,sell,diff,Branch,Date,Branch_Code
00893,國泰智能電動車,333,4,329,台新-台南,2023-01-03,8159
1314,中石化,111,10,101,台新-台南,2023-01-03,8159
00878,國泰永續高股息,161,69,92,台新-台南,2023-01-03,8159
1609,大亞,129,56,73,台新-台南,2023-01-03,8159
00772B,中信高評級公司債,70,0,70,台新-台南,2023-01-03,8159
2610,華航,91,40,51,台新-台南,2023-01-03,8159
9904,寶成,50,9,41,台新-台南,2023-01-03,8159
2618,長榮航,269,229,40,台新-台南,2023-01-03,8159
3027,盛達,67,27,40,台新-台南,2023-01-03,8159
2890,永豐金,44,5,39,台新-台南,2023-01-03,8159
2317,鴻海,64,27,37,台新-台南,2023-01-03,8159
1524,耿鼎,38,1,37,台新-台南,2023-01-03,8159
2882,國泰金,52,18,34,台新-台南,2023-01-03,8159
00683L,期元大美元指正2,30,0,30,台新-台南,2023-01-03,8159
2601,益航,30,0,30,台新-台南,2023-01-03,8159
00679B,元大美債20年,28,0,28,台新-台南,2023-01-03,8159
1101,台泥,25,2,23,台新-台南,2023-01-03,8159
00717,富邦美國特別股,20,0,20,台新-台南,2023-01-03,8159
2883,凱基金,21,2,19,台新-台南,2023-01-03,8159
4167,松瑞藥,48,29,19,台新-台南,2023-01-03,8159
1584,精剛,32,13,19,台新-台南,2023-01-03,8159
3576,聯合再生,20,1,19,台新-台南,2023-01-03,8159
1789,神隆,18,2,16,台新-台南,2023-01-03,8159
2609,陽明,77,63,14,台新-台南,2023-01-03,8159
2489,瑞軒,16,2,14,台新-台南,2023-01-03,8159
2605,新興,18,4,14,台新-台南,2023-01-03,8159
8429,金麗-KY,13,0,13,台新-台南,2023-01-03,8159
5009,榮剛,26,13,13,台新-台南,2023-01-03,8159
2208,台船,13,0,13,台新-台南,2023-01-03,8159
00773B,中信優先金融債,12,0,12,台新-台南,2023-01-03,8159
3037,欣興,20,8,12,台新-台南,2023-01-03,8159
1605,華新,66,55,11,台新-台南,2023-01-03,8159
3083,網龍,12,1,11,台新-台南,2023-01-03,8159
2606,裕民,11,0,11,台新-台南,2023-01-03,8159
00728,第一金工業30,11,0,11,台新-台南,2023-01-03,8159
1522,堤維西,11,0,11,台新-台南,2023-01-03,8159
1102,亞泥,11,0,11,台新-台南,2023-01-03,8159
2886,兆豐金,12,1,11,台新-台南,2023-01-03,8159
6788,華景電,10,0,10,台新-台南,2023-01-03,8159
4173,久裕,10,0,10,台新-台南,2023-01-03,8159
6177,達麗,10,0,10,台新-台南,2023-01-03,8159
6190,萬泰科,10,0,10,台新-台南,2023-01-03,8159
2014,中鴻,13,3,10,台新-台南,2023-01-03,8159
1444,力麗,10,0,10,台新-台南,2023-01-03,8159
8942,森鉅,10,0,10,台新-台南,2023-01-03,8159
1512,瑞利,10,0,10,台新-台南,2023-01-03,8159
00673R,期元大S＆P原油反1,10,0,10,台新-台南,2023-01-03,8159
4743,合一,11,1,10,台新-台南,2023-01-03,8159
6179,亞通,10,0,10,台新-台南,2023-01-03,8159
5706,鳳凰,9,0,9,台新-台南,2023-01-03,8159
2498,宏達電,317,64,253,台新-台南,2023-01-04,8159
2609,陽明,132,21,111,台新-台南,2023-01-04,8159
00878,國泰永續高股息,83,15,68,台新-台南,2023-01-04,8159
2603,長榮,92,28,64,台新-台南,2023-01-04,8159
6505,台塑化,55,0,55,台新-台南,2023-01-04,8159
00773B,中信優先金融債,53,0,53,台新-台南,2023-01-04,8159
4979,華星光,52,1,51,台新-台南,2023-01-04,8159
3576,聯合再生,51,0,51,台新-台南,2023-01-04,8159
5351,鈺創,51,2,49,台新-台南,2023-01-04,8159
2634,漢翔,64,16,48,台新-台南,2023-01-04,8159
2884,玉山金,45,0,45,台新-台南,2023-01-04,8159
2363,矽統,47,5,42,台新-台南,2023-01-04,8159
3037,欣興,66,30,36,台新-台南,2023-01-04,8159
6443,元晶,78,42,36,台新-台南,2023-01-04,8159
2359,所羅門,38,3,35,台新-台南,2023-01-04,8159
2615,萬海,52,20,32,台新-台南,2023-01-04,8159
00715L,期街口布蘭特正2,31,0,31,台新-台南,2023-01-04,8159
6244,茂迪,55,25,30,台新-台南,2023-01-04,8159
8171,天宇,60,32,28,台新-台南,2023-01-04,8159
1605,華新,218,190,28,台新-台南,2023-01-04,8159
00885,富邦越南,24,0,24,台新-台南,2023-01-04,8159
00893,國泰智能電動車,23,0,23,台新-台南,2023-01-04,8159
6245,立端,23,1,22,台新-台南,2023-01-04,8159
2885,元大金,20,0,20,台新-台南,2023-01-04,8159
00632R,元大台灣50反1,101,81,20,台新-台南,2023-01-04,8159
1519,華城,91,71,20,台新-台南,2023-01-04,8159
3047,訊舟,25,6,19,台新-台南,2023-01-04,8159
4114,健喬,38,20,18,台新-台南,2023-01-04,8159
00877,復華中國5G,18,0,18,台新-台南,2023-01-04,8159
1210,大成,17,0,17,台新-台南,2023-01-04,8159
1618,合機,22,7,15,台新-台南,2023-01-04,8159
3545,敦泰,20,5,15,台新-台南,2023-01-04,8159
6282,康舒,30,15,15,台新-台南,2023-01-04,8159
2406,國碩,15,1,14,台新-台南,2023-01-04,8159
1720,生達,16,2,14,台新-台南,2023-01-04,8159
8033,雷虎,14,1,13,台新-台南,2023-01-04,8159
3162,精確,14,1,13,台新-台南,2023-01-04,8159
6770,力積電,17,5,12,台新-台南,2023-01-04,8159
3289,宜特,13,1,12,台新-台南,2023-01-04,8159
8429,金麗-KY,12,0,12,台新-台南,2023-01-04,8159
1101,台泥,13,2,11,台新-台南,2023-01-04,8159
3312,弘憶股,10,0,10,台新-台南,2023-01-04,8159
4155,訊映,10,0,10,台新-台南,2023-01-04,8159
2332,友訊,15,5,10,台新-台南,2023-01-04,8159
6806,森崴能源,65,57,8,台新-台南,2023-01-04,8159
6187,萬潤,8,0,8,台新-台南,2023-01-04,8159
00676R,富邦臺灣加權反1,8,0,8,台新-台南,2023-01-04,8159
3189,景碩,62,55,7,台新-台南,2023-01-04,8159
00751B,元大AAA至A公司債,7,0,7,台新-台南,2023-01-04,8159
1342,八貫,10,3,7,台新-台南,2023-01-04,8159
00715L,期街口布蘭特正2,180,26,154,台新-台南,2023-01-05,8159
1609,大亞,140,24,116,台新-台南,2023-01-05,8159
2303,聯電,88,13,75,台新-台南,2023-01-05,8159
3594,磐儀,50,10,40,台新-台南,2023-01-05,8159
6770,力積電,42,3,39,台新-台南,2023-01-05,8159
2834,臺企銀,36,0,36,台新-台南,2023-01-05,8159
5351,鈺創,42,11,31,台新-台南,2023-01-05,8159
8069,元太,63,35,28,台新-台南,2023-01-05,8159
1504,東元,22,1,21,台新-台南,2023-01-05,8159
3013,晟銘電,20,0,20,台新-台南,2023-01-05,8159
3515,華擎,28,8,20,台新-台南,2023-01-05,8159
2317,鴻海,42,23,19,台新-台南,2023-01-05,8159
1529,樂事綠能,38,19,19,台新-台南,2023-01-05,8159
00900,富邦特選高股息30,28,10,18,台新-台南,2023-01-05,8159
6244,茂迪,19,1,18,台新-台南,2023-01-05,8159
8358,金居,31,13,18,台新-台南,2023-01-05,8159
1701,中化,30,12,18,台新-台南,2023-01-05,8159
5009,榮剛,47,30,17,台新-台南,2023-01-05,8159
1342,八貫,34,18,16,台新-台南,2023-01-05,8159
2380,虹光,17,2,15,台新-台南,2023-01-05,8159
2377,微星,18,3,15,台新-台南,2023-01-05,8159
4743,合一,26,11,15,台新-台南,2023-01-05,8159
6472,保瑞,26,11,15,台新-台南,2023-01-05,8159
6531,愛普*,14,0,14,台新-台南,2023-01-05,8159
2236,百達-KY,13,0,13,台新-台南,2023-01-05,8159
3035,智原,46,33,13,台新-台南,2023-01-05,8159
4167,松瑞藥,31,19,12,台新-台南,2023-01-05,8159
2617,台航,12,0,12,台新-台南,2023-01-05,8159
8046,南電,18,7,11,台新-台南,2023-01-05,8159
3576,聯合再生,11,0,11,台新-台南,2023-01-05,8159
00642U,期元大S＆P石油,11,0,11,台新-台南,2023-01-05,8159
3027,盛達,42,31,11,台新-台南,2023-01-05,8159
8033,雷虎,17,6,11,台新-台南,2023-01-05,8159
3037,欣興,33,23,10,台新-台南,2023-01-05,8159
3138,耀登,10,0,10,台新-台南,2023-01-05,8159
2465,麗臺,29,19,10,台新-台南,2023-01-05,8159
6190,萬泰科,12,2,10,台新-台南,2023-01-05,8159
2485,兆赫,10,0,10,台新-台南,2023-01-05,8159
3715,定穎投控,10,0,10,台新-台南,2023-01-05,8159
2357,華碩,10,1,9,台新-台南,2023-01-05,8159
3665,貿聯-KY,14,6,8,台新-台南,2023-01-05,8159
4934,太極,10,2,8,台新-台南,2023-01-05,8159
2642,宅配通,11,3,8,台新-台南,2023-01-05,8159
4979,華星光,37,29,8,台新-台南,2023-01-05,8159
1795,美時,17,9,8,台新-台南,2023-01-05,8159
6643,M31,20,12,8,台新-台南,2023-01-05,8159
00679B,元大美債20年,8,0,8,台新-台南,2023-01-05,8159
2609,陽明,25,17,8,台新-台南,2023-01-05,8159
2460,建通,7,0,7,台新-台南,2023-01-05,8159
1752,南光,15,8,7,台新-台南,2023-01-05,8159
1609,大亞,102,4,98,台新-台南,2023-01-06,8159
00720B,元大投資級公司債,79,0,79,台新-台南,2023-01-06,8159
00632R,元大台灣50反1,96,57,39,台新-台南,2023-01-06,8159
2344,華邦電,46,7,39,台新-台南,2023-01-06,8159
2883,凱基金,35,1,34,台新-台南,2023-01-06,8159
00670L,富邦NASDAQ正2,32,0,32,台新-台南,2023-01-06,8159
00715L,期街口布蘭特正2,60,29,31,台新-台南,2023-01-06,8159
00664R,國泰臺灣加權反1,30,0,30,台新-台南,2023-01-06,8159
2884,玉山金,28,1,27,台新-台南,2023-01-06,8159
6589,台康生技,52,27,25,台新-台南,2023-01-06,8159
5353,台林,25,0,25,台新-台南,2023-01-06,8159
6770,力積電,41,17,24,台新-台南,2023-01-06,8159
2317,鴻海,37,16,21,台新-台南,2023-01-06,8159
00641R,富邦日本反1,20,0,20,台新-台南,2023-01-06,8159
4114,健喬,83,64,19,台新-台南,2023-01-06,8159
3189,景碩,45,27,18,台新-台南,2023-01-06,8159
00679B,元大美債20年,16,0,16,台新-台南,2023-01-06,8159
1342,八貫,28,12,16,台新-台南,2023-01-06,8159
4541,晟田,15,0,15,台新-台南,2023-01-06,8159
1752,南光,166,151,15,台新-台南,2023-01-06,8159
2201,裕隆,52,37,15,台新-台南,2023-01-06,8159
1815,富喬,14,0,14,台新-台南,2023-01-06,8159
3444,利機,13,0,13,台新-台南,2023-01-06,8159
6180,橘子,15,2,13,台新-台南,2023-01-06,8159
3704,合勤控,16,4,12,台新-台南,2023-01-06,8159
6472,保瑞,12,0,12,台新-台南,2023-01-06,8159
1314,中石化,412,400,12,台新-台南,2023-01-06,8159
00680L,元大美債20正2,12,0,12,台新-台南,2023-01-06,8159
3576,聯合再生,12,0,12,台新-台南,2023-01-06,8159
6806,森崴能源,49,37,12,台新-台南,2023-01-06,8159
8476,台境*,11,0,11,台新-台南,2023-01-06,8159
3162,精確,11,0,11,台新-台南,2023-01-06,8159
1720,生達,12,1,11,台新-台南,2023-01-06,8159
8033,雷虎,11,1,10,台新-台南,2023-01-06,8159
00752,中信中國50,15,5,10,台新-台南,2023-01-06,8159
6547,高端疫苗,10,1,9,台新-台南,2023-01-06,8159
6245,立端,10,1,9,台新-台南,2023-01-06,8159
2498,宏達電,29,20,9,台新-台南,2023-01-06,8159
1909,榮成,21,12,9,台新-台南,2023-01-06,8159
4977,眾達-KY,19,10,9,台新-台南,2023-01-06,8159
00893,國泰智能電動車,15,6,9,台新-台南,2023-01-06,8159
00676R,富邦臺灣加權反1,8,0,8,台新-台南,2023-01-06,8159
5608,四維航,9,1,8,台新-台南,2023-01-06,8159
3443,創意,20,13,7,台新-台南,2023-01-06,8159
8044,網家,23,16,7,台新-台南,2023-01-06,8159
1467,南緯,7,0,7,台新-台南,2023-01-06,8159
6182,合晶,9,2,7,台新-台南,2023-01-06,8159
6788,華景電,7,0,7,台新-台南,2023-01-06,8159
1701,中化,11,4,7,台新-台南,2023-01-06,8159
2379,瑞昱,10,4,6,台新-台南,2023-01-06,8159
6770,力積電,123,29,94,台新-台南,2023-01-09,8159
00632R,元大台灣50反1,226,156,70,台新-台南,2023-01-09,8159
2609,陽明,84,17,67,台新-台南,2023-01-09,8159
00669R,國泰美國道瓊反1,64,0,64,台新-台南,2023-01-09,8159
1409,新纖,62,0,62,台新-台南,2023-01-09,8159
1444,力麗,50,0,50,台新-台南,2023-01-09,8159
2014,中鴻,63,15,48,台新-台南,2023-01-09,8159
00637L,元大滬深300正2,44,3,41,台新-台南,2023-01-09,8159
1305,華夏,43,2,41,台新-台南,2023-01-09,8159
2359,所羅門,58,22,36,台新-台南,2023-01-09,8159
00683L,期元大美元指正2,30,0,30,台新-台南,2023-01-09,8159
3481,群創,33,4,29,台新-台南,2023-01-09,8159
6133,金橋,35,7,28,台新-台南,2023-01-09,8159
4526,東台,27,0,27,台新-台南,2023-01-09,8159
2401,凌陽,26,1,25,台新-台南,2023-01-09,8159
3027,盛達,51,28,23,台新-台南,2023-01-09,8159
2344,華邦電,32,9,23,台新-台南,2023-01-09,8159
3624,光頡,37,16,21,台新-台南,2023-01-09,8159
2317,鴻海,22,2,20,台新-台南,2023-01-09,8159
2302,麗正,20,0,20,台新-台南,2023-01-09,8159
8086,宏捷科,31,11,20,台新-台南,2023-01-09,8159
8928,鉅明,19,0,19,台新-台南,2023-01-09,8159
2929,淘帝-KY,24,6,18,台新-台南,2023-01-09,8159
3576,聯合再生,18,0,18,台新-台南,2023-01-09,8159
5009,榮剛,18,1,17,台新-台南,2023-01-09,8159
00895,富邦未來車,15,0,15,台新-台南,2023-01-09,8159
00671R,富邦NASDAQ反1,15,0,15,台新-台南,2023-01-09,8159
4114,健喬,28,14,14,台新-台南,2023-01-09,8159
1587,吉茂,14,0,14,台新-台南,2023-01-09,8159
00651R,復華香港反1,13,0,13,台新-台南,2023-01-09,8159
00676R,富邦臺灣加權反1,13,0,13,台新-台南,2023-01-09,8159
6788,華景電,12,0,12,台新-台南,2023-01-09,8159
00882,中信中國高股息,14,2,12,台新-台南,2023-01-09,8159
2413,環科,12,1,11,台新-台南,2023-01-09,8159
3707,漢磊,30,19,11,台新-台南,2023-01-09,8159
2023,燁輝,11,0,11,台新-台南,2023-01-09,8159
2338,光罩,51,40,11,台新-台南,2023-01-09,8159
1584,精剛,14,3,11,台新-台南,2023-01-09,8159
4130,健亞,14,4,10,台新-台南,2023-01-09,8159
00916,國泰全球品牌50,10,0,10,台新-台南,2023-01-09,8159
2614,東森,11,1,10,台新-台南,2023-01-09,8159
1308,亞聚,10,0,10,台新-台南,2023-01-09,8159
8091,翔名,10,1,9,台新-台南,2023-01-09,8159
2634,漢翔,17,8,9,台新-台南,2023-01-09,8159
2313,華通,16,7,9,台新-台南,2023-01-09,8159
6160,欣技,8,0,8,台新-台南,2023-01-09,8159
1810,和成,8,0,8,台新-台南,2023-01-09,8159
6443,元晶,42,34,8,台新-台南,2023-01-09,8159
4979,華星光,20,12,8,台新-台南,2023-01-09,8159
3189,景碩,29,21,8,台新-台南,2023-01-09,8159
2482,連宇,49,5,44,台新-台南,2023-01-10,8159
3231,緯創,44,7,37,台新-台南,2023-01-10,8159
8936,國統,30,0,30,台新-台南,2023-01-10,8159
1216,統一,28,0,28,台新-台南,2023-01-10,8159
4114,健喬,52,25,27,台新-台南,2023-01-10,8159
4743,合一,28,3,25,台新-台南,2023-01-10,8159
2812,台中銀,25,1,24,台新-台南,2023-01-10,8159
8105,凌巨,46,23,23,台新-台南,2023-01-10,8159
00715L,期街口布蘭特正2,28,5,23,台新-台南,2023-01-10,8159
3047,訊舟,27,4,23,台新-台南,2023-01-10,8159
8358,金居,36,13,23,台新-台南,2023-01-10,8159
4977,眾達-KY,50,27,23,台新-台南,2023-01-10,8159
8171,天宇,22,0,22,台新-台南,2023-01-10,8159
2606,裕民,22,1,21,台新-台南,2023-01-10,8159
1736,喬山,45,25,20,台新-台南,2023-01-10,8159
6223,旺矽,33,13,20,台新-台南,2023-01-10,8159
4162,智擎,20,0,20,台新-台南,2023-01-10,8159
1605,華新,72,53,19,台新-台南,2023-01-10,8159
6118,建達,20,1,19,台新-台南,2023-01-10,8159
2421,建準,20,1,19,台新-台南,2023-01-10,8159
6237,驊訊,19,0,19,台新-台南,2023-01-10,8159
3454,晶睿,52,35,17,台新-台南,2023-01-10,8159
2317,鴻海,19,2,17,台新-台南,2023-01-10,8159
5425,台半,47,31,16,台新-台南,2023-01-10,8159
3529,力旺,17,1,16,台新-台南,2023-01-10,8159
3356,奇偶,26,10,16,台新-台南,2023-01-10,8159
2201,裕隆,28,12,16,台新-台南,2023-01-10,8159
00895,富邦未來車,15,0,15,台新-台南,2023-01-10,8159
2413,環科,24,10,14,台新-台南,2023-01-10,8159
4968,立積,31,18,13,台新-台南,2023-01-10,8159
00720B,元大投資級公司債,13,0,13,台新-台南,2023-01-10,8159
00683L,期元大美元指正2,13,0,13,台新-台南,2023-01-10,8159
1514,亞力,15,2,13,台新-台南,2023-01-10,8159
4167,松瑞藥,26,13,13,台新-台南,2023-01-10,8159
3594,磐儀,17,4,13,台新-台南,2023-01-10,8159
2615,萬海,16,4,12,台新-台南,2023-01-10,8159
2881,富邦金,12,0,12,台新-台南,2023-01-10,8159
6443,元晶,34,22,12,台新-台南,2023-01-10,8159
1795,美時,14,2,12,台新-台南,2023-01-10,8159
2867,三商壽,11,0,11,台新-台南,2023-01-10,8159
6531,愛普*,24,13,11,台新-台南,2023-01-10,8159
8476,台境*,10,0,10,台新-台南,2023-01-10,8159
5608,四維航,9,0,9,台新-台南,2023-01-10,8159
3013,晟銘電,9,0,9,台新-台南,2023-01-10,8159
2882,國泰金,14,6,8,台新-台南,2023-01-10,8159
2609,陽明,33,25,8,台新-台南,2023-01-10,8159
6282,康舒,10,2,8,台新-台南,2023-01-10,8159
1506,正道,8,0,8,台新-台南,2023-01-10,8159
6104,創惟,16,8,8,台新-台南,2023-01-10,8159
3027,盛達,94,86,8,台新-台南,2023-01-10,8159
2897,王道銀行,206,19,187,台新-台南,2023-01-11,8159
2884,玉山金,62,0,62,台新-台南,2023-01-11,8159
00669R,國泰美國道瓊反1,58,0,58,台新-台南,2023-01-11,8159
2888,新光金,60,15,45,台新-台南,2023-01-11,8159
6188,廣明,40,0,40,台新-台南,2023-01-11,8159
2515,中工,30,0,30,台新-台南,2023-01-11,8159
1795,美時,51,22,29,台新-台南,2023-01-11,8159
2886,兆豐金,31,5,26,台新-台南,2023-01-11,8159
2495,普安,26,0,26,台新-台南,2023-01-11,8159
1101,台泥,49,24,25,台新-台南,2023-01-11,8159
4162,智擎,47,24,23,台新-台南,2023-01-11,8159
3162,精確,23,1,22,台新-台南,2023-01-11,8159
1605,華新,39,17,22,台新-台南,2023-01-11,8159
2367,燿華,21,0,21,台新-台南,2023-01-11,8159
3682,亞太電,20,0,20,台新-台南,2023-01-11,8159
2201,裕隆,28,8,20,台新-台南,2023-01-11,8159
5284,jpp-KY,31,11,20,台新-台南,2023-01-11,8159
6153,嘉聯益,25,6,19,台新-台南,2023-01-11,8159
1584,精剛,45,26,19,台新-台南,2023-01-11,8159
2887,台新金,33,16,17,台新-台南,2023-01-11,8159
00905,FT臺灣Smart,17,1,16,台新-台南,2023-01-11,8159
2882,國泰金,20,4,16,台新-台南,2023-01-11,8159
00878,國泰永續高股息,56,41,15,台新-台南,2023-01-11,8159
2351,順德,15,0,15,台新-台南,2023-01-11,8159
3289,宜特,29,14,15,台新-台南,2023-01-11,8159
00633L,富邦上証正2,15,0,15,台新-台南,2023-01-11,8159
1560,中砂,36,22,14,台新-台南,2023-01-11,8159
00679B,元大美債20年,13,0,13,台新-台南,2023-01-11,8159
2609,陽明,55,42,13,台新-台南,2023-01-11,8159
2465,麗臺,20,7,13,台新-台南,2023-01-11,8159
2497,怡利電,13,0,13,台新-台南,2023-01-11,8159
2455,全新,14,1,13,台新-台南,2023-01-11,8159
2423,固緯,15,2,13,台新-台南,2023-01-11,8159
2885,元大金,12,0,12,台新-台南,2023-01-11,8159
1506,正道,14,2,12,台新-台南,2023-01-11,8159
00642U,期元大S＆P石油,12,0,12,台新-台南,2023-01-11,8159
2383,台光電,12,0,12,台新-台南,2023-01-11,8159
6274,台燿,13,1,12,台新-台南,2023-01-11,8159
2892,第一金,12,1,11,台新-台南,2023-01-11,8159
4904,遠傳,11,0,11,台新-台南,2023-01-11,8159
8249,菱光,16,5,11,台新-台南,2023-01-11,8159
2345,智邦,11,0,11,台新-台南,2023-01-11,8159
5258,虹堡,11,0,11,台新-台南,2023-01-11,8159
3714,富采,29,18,11,台新-台南,2023-01-11,8159
1216,統一,13,2,11,台新-台南,2023-01-11,8159
6104,創惟,11,1,10,台新-台南,2023-01-11,8159
0056,元大高股息,16,6,10,台新-台南,2023-01-11,8159
8936,國統,10,0,10,台新-台南,2023-01-11,8159
3529,力旺,10,0,10,台新-台南,2023-01-11,8159
2371,大同,10,0,10,台新-台南,2023-01-11,8159
2618,長榮航,116,2,114,台新-台南,2023-01-12,8159
4162,智擎,150,54,96,台新-台南,2023-01-12,8159
1101,台泥,110,26,84,台新-台南,2023-01-12,8159
00669R,國泰美國道瓊反1,76,0,76,台新-台南,2023-01-12,8159
00671R,富邦NASDAQ反1,60,0,60,台新-台南,2023-01-12,8159
1809,中釉,72,18,54,台新-台南,2023-01-12,8159
00900,富邦特選高股息30,52,0,52,台新-台南,2023-01-12,8159
0056,元大高股息,60,12,48,台新-台南,2023-01-12,8159
1529,樂事綠能,47,1,46,台新-台南,2023-01-12,8159
8928,鉅明,40,0,40,台新-台南,2023-01-12,8159
5321,美而快,59,24,35,台新-台南,2023-01-12,8159
2482,連宇,34,0,34,台新-台南,2023-01-12,8159
2633,台灣高鐵,31,0,31,台新-台南,2023-01-12,8159
2614,東森,29,1,28,台新-台南,2023-01-12,8159
00632R,元大台灣50反1,40,13,27,台新-台南,2023-01-12,8159
2014,中鴻,87,64,23,台新-台南,2023-01-12,8159
2367,燿華,22,0,22,台新-台南,2023-01-12,8159
2603,長榮,58,37,21,台新-台南,2023-01-12,8159
1219,福壽,20,0,20,台新-台南,2023-01-12,8159
8299,群聯,20,1,19,台新-台南,2023-01-12,8159
4114,健喬,27,10,17,台新-台南,2023-01-12,8159
2317,鴻海,17,1,16,台新-台南,2023-01-12,8159
2342,茂矽,16,0,16,台新-台南,2023-01-12,8159
4743,合一,22,6,16,台新-台南,2023-01-12,8159
8996,高力,31,16,15,台新-台南,2023-01-12,8159
1305,華夏,21,6,15,台新-台南,2023-01-12,8159
00633L,富邦上証正2,15,0,15,台新-台南,2023-01-12,8159
8930,青鋼,15,0,15,台新-台南,2023-01-12,8159
2891,中信金,50,36,14,台新-台南,2023-01-12,8159
1609,大亞,18,4,14,台新-台南,2023-01-12,8159
6245,立端,32,19,13,台新-台南,2023-01-12,8159
2368,金像電,22,9,13,台新-台南,2023-01-12,8159
00893,國泰智能電動車,15,2,13,台新-台南,2023-01-12,8159
4174,浩鼎,12,0,12,台新-台南,2023-01-12,8159
00770,國泰北美科技,12,0,12,台新-台南,2023-01-12,8159
8249,菱光,14,2,12,台新-台南,2023-01-12,8159
1605,華新,56,45,11,台新-台南,2023-01-12,8159
6531,愛普*,12,1,11,台新-台南,2023-01-12,8159
1795,美時,30,20,10,台新-台南,2023-01-12,8159
6274,台燿,11,1,10,台新-台南,2023-01-12,8159
00680L,元大美債20正2,12,2,10,台新-台南,2023-01-12,8159
00888,永豐台灣ESG,10,0,10,台新-台南,2023-01-12,8159
8054,安國,10,0,10,台新-台南,2023-01-12,8159
6282,康舒,12,3,9,台新-台南,2023-01-12,8159
8069,元太,18,9,9,台新-台南,2023-01-12,8159
1514,亞力,10,1,9,台新-台南,2023-01-12,8159
2230,泰茂,14,5,9,台新-台南,2023-01-12,8159
2834,臺企銀,39,31,8,台新-台南,2023-01-12,8159
3037,欣興,11,3,8,台新-台南,2023-01-12,8159
4102,永日,10,2,8,台新-台南,2023-01-12,8159
00878,國泰永續高股息,235,126,109,台新-台南,2023-01-13,8159
8415,大國鋼,85,0,85,台新-台南,2023-01-13,8159
4979,華星光,84,20,64,台新-台南,2023-01-13,8159
2610,華航,69,21,48,台新-台南,2023-01-13,8159
2014,中鴻,98,50,48,台新-台南,2023-01-13,8159
00893,國泰智能電動車,52,13,39,台新-台南,2023-01-13,8159
8105,凌巨,37,2,35,台新-台南,2023-01-13,8159
2358,廷鑫,50,17,33,台新-台南,2023-01-13,8159
6806,森崴能源,28,0,28,台新-台南,2023-01-13,8159
00882,中信中國高股息,27,1,26,台新-台南,2023-01-13,8159
00900,富邦特選高股息30,30,5,25,台新-台南,2023-01-13,8159
00726B,國泰新興投等債,25,0,25,台新-台南,2023-01-13,8159
00761B,國泰A級公司債,25,0,25,台新-台南,2023-01-13,8159
5608,四維航,35,10,25,台新-台南,2023-01-13,8159
6189,豐藝,22,0,22,台新-台南,2023-01-13,8159
00676R,富邦臺灣加權反1,20,0,20,台新-台南,2023-01-13,8159
3105,穩懋,38,18,20,台新-台南,2023-01-13,8159
3594,磐儀,20,0,20,台新-台南,2023-01-13,8159
4934,太極,20,0,20,台新-台南,2023-01-13,8159
8299,群聯,19,0,19,台新-台南,2023-01-13,8159
2511,太子,18,0,18,台新-台南,2023-01-13,8159
6531,愛普*,41,24,17,台新-台南,2023-01-13,8159
2201,裕隆,23,8,15,台新-台南,2023-01-13,8159
2312,金寶,20,5,15,台新-台南,2023-01-13,8159
3062,建漢,15,1,14,台新-台南,2023-01-13,8159
2892,第一金,17,4,13,台新-台南,2023-01-13,8159
1786,科妍,13,1,12,台新-台南,2023-01-13,8159
1752,南光,25,13,12,台新-台南,2023-01-13,8159
2027,大成鋼,13,2,11,台新-台南,2023-01-13,8159
5347,世界,20,9,11,台新-台南,2023-01-13,8159
6274,台燿,14,3,11,台新-台南,2023-01-13,8159
00673R,期元大S＆P原油反1,11,0,11,台新-台南,2023-01-13,8159
2065,世豐,10,0,10,台新-台南,2023-01-13,8159
00764B,群益25年美債,10,0,10,台新-台南,2023-01-13,8159
9939,宏全,9,0,9,台新-台南,2023-01-13,8159
2455,全新,10,1,9,台新-台南,2023-01-13,8159
3481,群創,25,17,8,台新-台南,2023-01-13,8159
1409,新纖,18,10,8,台新-台南,2023-01-13,8159
2313,華通,12,4,8,台新-台南,2023-01-13,8159
2332,友訊,8,0,8,台新-台南,2023-01-13,8159
6129,普誠,8,0,8,台新-台南,2023-01-13,8159
2884,玉山金,8,1,7,台新-台南,2023-01-13,8159
4906,正文,7,0,7,台新-台南,2023-01-13,8159
2359,所羅門,12,5,7,台新-台南,2023-01-13,8159
2457,飛宏,7,0,7,台新-台南,2023-01-13,8159
00680L,元大美債20正2,7,0,7,台新-台南,2023-01-13,8159
3665,貿聯-KY,8,1,7,台新-台南,2023-01-13,8159
2601,益航,6,0,6,台新-台南,2023-01-13,8159
00679B,元大美債20年,10,4,6,台新-台南,2023-01-13,8159
00669R,國泰美國道瓊反1,16,10,6,台新-台南,2023-01-13,8159
00878,國泰永續高股息,262,39,223,台新-台南,2023-01-16,8159
2609,陽明,184,23,161,台新-台南,2023-01-16,8159
00885,富邦越南,97,10,87,台新-台南,2023-01-16,8159
1312,國喬,62,0,62,台新-台南,2023-01-16,8159
0056,元大高股息,74,14,60,台新-台南,2023-01-16,8159
2022,聚亨,40,1,39,台新-台南,2023-01-16,8159
2317,鴻海,43,10,33,台新-台南,2023-01-16,8159
8415,大國鋼,30,1,29,台新-台南,2023-01-16,8159
2618,長榮航,40,13,27,台新-台南,2023-01-16,8159
00671R,富邦NASDAQ反1,20,0,20,台新-台南,2023-01-16,8159
2485,兆赫,20,0,20,台新-台南,2023-01-16,8159
00882,中信中國高股息,38,22,16,台新-台南,2023-01-16,8159
4968,立積,20,5,15,台新-台南,2023-01-16,8159
2889,國票金,26,12,14,台新-台南,2023-01-16,8159
00679B,元大美債20年,18,5,13,台新-台南,2023-01-16,8159
1720,生達,12,0,12,台新-台南,2023-01-16,8159
1587,吉茂,11,0,11,台新-台南,2023-01-16,8159
6807,峰源-KY,11,0,11,台新-台南,2023-01-16,8159
6129,普誠,11,0,11,台新-台南,2023-01-16,8159
1909,榮成,22,11,11,台新-台南,2023-01-16,8159
3037,欣興,33,22,11,台新-台南,2023-01-16,8159
3209,全科,10,0,10,台新-台南,2023-01-16,8159
1504,東元,10,0,10,台新-台南,2023-01-16,8159
00877,復華中國5G,10,0,10,台新-台南,2023-01-16,8159
3013,晟銘電,10,0,10,台新-台南,2023-01-16,8159
00676R,富邦臺灣加權反1,10,0,10,台新-台南,2023-01-16,8159
8086,宏捷科,12,2,10,台新-台南,2023-01-16,8159
4113,聯上,10,0,10,台新-台南,2023-01-16,8159
2308,台達電,11,1,10,台新-台南,2023-01-16,8159
5410,國眾,8,0,8,台新-台南,2023-01-16,8159
4961,天鈺,15,8,7,台新-台南,2023-01-16,8159
00900,富邦特選高股息30,7,0,7,台新-台南,2023-01-16,8159
2034,允強,8,1,7,台新-台南,2023-01-16,8159
1519,華城,18,11,7,台新-台南,2023-01-16,8159
00673R,期元大S＆P原油反1,7,0,7,台新-台南,2023-01-16,8159
2002,中鋼,21,15,6,台新-台南,2023-01-16,8159
2634,漢翔,6,0,6,台新-台南,2023-01-16,8159
3617,碩天,6,0,6,台新-台南,2023-01-16,8159
6770,力積電,42,36,6,台新-台南,2023-01-16,8159
00720B,元大投資級公司債,7,2,5,台新-台南,2023-01-16,8159
00632R,元大台灣50反1,8,3,5,台新-台南,2023-01-16,8159
2888,新光金,10,5,5,台新-台南,2023-01-16,8159
3088,艾訊,5,0,5,台新-台南,2023-01-16,8159
00669R,國泰美國道瓊反1,5,0,5,台新-台南,2023-01-16,8159
1467,南緯,5,0,5,台新-台南,2023-01-16,8159
1714,和桐,5,0,5,台新-台南,2023-01-16,8159
00637L,元大滬深300正2,48,43,5,台新-台南,2023-01-16,8159
5351,鈺創,7,2,5,台新-台南,2023-01-16,8159
3006,晶豪科,6,1,5,台新-台南,2023-01-16,8159
00751B,元大AAA至A公司債,4,0,4,台新-台南,2023-01-16,8159
4162,智擎,110,4,106,台新-台南,2023-01-17,8159
00772B,中信高評級公司債,81,0,81,台新-台南,2023-01-17,8159
2317,鴻海,57,3,54,台新-台南,2023-01-17,8159
00637L,元大滬深300正2,55,2,53,台新-台南,2023-01-17,8159
2892,第一金,50,2,48,台新-台南,2023-01-17,8159
2884,玉山金,38,3,35,台新-台南,2023-01-17,8159
2204,中華,38,3,35,台新-台南,2023-01-17,8159
0050,元大台灣50,33,1,32,台新-台南,2023-01-17,8159
8415,大國鋼,32,0,32,台新-台南,2023-01-17,8159
4931,新盛力,31,2,29,台新-台南,2023-01-17,8159
00858,永豐美國500大,27,0,27,台新-台南,2023-01-17,8159
00679B,元大美債20年,24,0,24,台新-台南,2023-01-17,8159
2601,益航,22,0,22,台新-台南,2023-01-17,8159
0056,元大高股息,25,6,19,台新-台南,2023-01-17,8159
6689,伊雲谷,19,1,18,台新-台南,2023-01-17,8159
00882,中信中國高股息,20,2,18,台新-台南,2023-01-17,8159
00726B,國泰新興投等債,15,0,15,台新-台南,2023-01-17,8159
00633L,富邦上証正2,15,0,15,台新-台南,2023-01-17,8159
5386,青雲,13,0,13,台新-台南,2023-01-17,8159
6770,力積電,23,10,13,台新-台南,2023-01-17,8159
4961,天鈺,40,27,13,台新-台南,2023-01-17,8159
5410,國眾,12,0,12,台新-台南,2023-01-17,8159
2929,淘帝-KY,19,8,11,台新-台南,2023-01-17,8159
2634,漢翔,14,3,11,台新-台南,2023-01-17,8159
00885,富邦越南,21,10,11,台新-台南,2023-01-17,8159
00706L,期元大S＆P日圓正2,10,0,10,台新-台南,2023-01-17,8159
2328,廣宇,10,0,10,台新-台南,2023-01-17,8159
6807,峰源-KY,10,0,10,台新-台南,2023-01-17,8159
1734,杏輝,10,0,10,台新-台南,2023-01-17,8159
1795,美時,28,18,10,台新-台南,2023-01-17,8159
2324,仁寶,9,0,9,台新-台南,2023-01-17,8159
8476,台境*,9,0,9,台新-台南,2023-01-17,8159
6180,橘子,9,0,9,台新-台南,2023-01-17,8159
00687B,國泰20年美債,8,0,8,台新-台南,2023-01-17,8159
3702,大聯大,8,0,8,台新-台南,2023-01-17,8159
3303,岱稜,8,0,8,台新-台南,2023-01-17,8159
00902,中信電池及儲能,8,0,8,台新-台南,2023-01-17,8159
00728,第一金工業30,8,0,8,台新-台南,2023-01-17,8159
9955,佳龍,8,0,8,台新-台南,2023-01-17,8159
5880,合庫金,7,0,7,台新-台南,2023-01-17,8159
2313,華通,12,5,7,台新-台南,2023-01-17,8159
3189,景碩,10,3,7,台新-台南,2023-01-17,8159
2812,台中銀,7,0,7,台新-台南,2023-01-17,8159
9802,鈺齊-KY,6,0,6,台新-台南,2023-01-17,8159
6163,華電網,6,0,6,台新-台南,2023-01-17,8159
8432,東生華,6,0,6,台新-台南,2023-01-17,8159
4974,亞泰,11,5,6,台新-台南,2023-01-17,8159
2464,盟立,6,0,6,台新-台南,2023-01-17,8159
1783,和康生,7,1,6,台新-台南,2023-01-17,8159
2358,廷鑫,10,4,6,台新-台南,2023-01-17,8159
00632R,元大台灣50反1,524,45,479,台新-台南,2023-01-30,8159
2380,虹光,119,12,107,台新-台南,2023-01-30,8159
2883,凱基金,123,27,96,台新-台南,2023-01-30,8159
00885,富邦越南,156,71,85,台新-台南,2023-01-30,8159
2317,鴻海,95,32,63,台新-台南,2023-01-30,8159
2323,中環,59,1,58,台新-台南,2023-01-30,8159
2892,第一金,102,50,52,台新-台南,2023-01-30,8159
5315,光聯,50,0,50,台新-台南,2023-01-30,8159
1514,亞力,40,3,37,台新-台南,2023-01-30,8159
4162,智擎,139,102,37,台新-台南,2023-01-30,8159
6770,力積電,64,30,34,台新-台南,2023-01-30,8159
4114,健喬,38,4,34,台新-台南,2023-01-30,8159
2886,兆豐金,35,3,32,台新-台南,2023-01-30,8159
2884,玉山金,36,5,31,台新-台南,2023-01-30,8159
3041,揚智,30,0,30,台新-台南,2023-01-30,8159
6188,廣明,32,2,30,台新-台南,2023-01-30,8159
8069,元太,39,11,28,台新-台南,2023-01-30,8159
00648R,元大S＆P500反1,28,0,28,台新-台南,2023-01-30,8159
00650L,復華香港正2,30,3,27,台新-台南,2023-01-30,8159
2542,興富發,26,0,26,台新-台南,2023-01-30,8159
2880,華南金,31,5,26,台新-台南,2023-01-30,8159
2609,陽明,35,10,25,台新-台南,2023-01-30,8159
3356,奇偶,28,3,25,台新-台南,2023-01-30,8159
3207,耀勝,35,14,21,台新-台南,2023-01-30,8159
6266,泰詠,20,0,20,台新-台南,2023-01-30,8159
6456,GIS-KY,19,0,19,台新-台南,2023-01-30,8159
3081,聯亞,21,2,19,台新-台南,2023-01-30,8159
4979,華星光,112,95,17,台新-台南,2023-01-30,8159
00679B,元大美債20年,16,0,16,台新-台南,2023-01-30,8159
3047,訊舟,22,6,16,台新-台南,2023-01-30,8159
1101,台泥,74,59,15,台新-台南,2023-01-30,8159
00712,復華富時不動產,20,5,15,台新-台南,2023-01-30,8159
2845,遠東銀,27,12,15,台新-台南,2023-01-30,8159
00637L,元大滬深300正2,49,34,15,台新-台南,2023-01-30,8159
00842B,台新美元銀行債,15,0,15,台新-台南,2023-01-30,8159
2428,興勤,14,0,14,台新-台南,2023-01-30,8159
2633,台灣高鐵,22,8,14,台新-台南,2023-01-30,8159
00676R,富邦臺灣加權反1,14,0,14,台新-台南,2023-01-30,8159
2891,中信金,13,0,13,台新-台南,2023-01-30,8159
1210,大成,13,0,13,台新-台南,2023-01-30,8159
1102,亞泥,20,8,12,台新-台南,2023-01-30,8159
2603,長榮,18,6,12,台新-台南,2023-01-30,8159
1584,精剛,31,19,12,台新-台南,2023-01-30,8159
6541,泰福-KY,21,9,12,台新-台南,2023-01-30,8159
6438,迅得,12,0,12,台新-台南,2023-01-30,8159
00852L,國泰美國道瓊正2,11,0,11,台新-台南,2023-01-30,8159
1560,中砂,17,6,11,台新-台南,2023-01-30,8159
6118,建達,11,0,11,台新-台南,2023-01-30,8159
6223,旺矽,12,1,11,台新-台南,2023-01-30,8159
5608,四維航,11,0,11,台新-台南,2023-01-30,8159
00885,富邦越南,413,2,411,台新-台南,2023-01-31,8159
00878,國泰永續高股息,233,49,184,台新-台南,2023-01-31,8159
1402,遠東新,141,0,141,台新-台南,2023-01-31,8159
2880,華南金,66,0,66,台新-台南,2023-01-31,8159
2897,王道銀行,105,40,65,台新-台南,2023-01-31,8159
3481,群創,140,82,58,台新-台南,2023-01-31,8159
6282,康舒,166,110,56,台新-台南,2023-01-31,8159
4979,華星光,110,58,52,台新-台南,2023-01-31,8159
00905,FT臺灣Smart,72,22,50,台新-台南,2023-01-31,8159
00676R,富邦臺灣加權反1,45,0,45,台新-台南,2023-01-31,8159
1514,亞力,39,5,34,台新-台南,2023-01-31,8159
2038,海光,46,12,34,台新-台南,2023-01-31,8159
2324,仁寶,43,10,33,台新-台南,2023-01-31,8159
2891,中信金,31,0,31,台新-台南,2023-01-31,8159
2887,台新金,36,6,30,台新-台南,2023-01-31,8159
00893,國泰智能電動車,46,17,29,台新-台南,2023-01-31,8159
2002,中鋼,75,46,29,台新-台南,2023-01-31,8159
2886,兆豐金,28,0,28,台新-台南,2023-01-31,8159
1809,中釉,30,3,27,台新-台南,2023-01-31,8159
1513,中興電,73,47,26,台新-台南,2023-01-31,8159
2317,鴻海,69,46,23,台新-台南,2023-01-31,8159
00895,富邦未來車,23,0,23,台新-台南,2023-01-31,8159
00679B,元大美債20年,23,0,23,台新-台南,2023-01-31,8159
2482,連宇,62,39,23,台新-台南,2023-01-31,8159
2408,南亞科,23,0,23,台新-台南,2023-01-31,8159
0056,元大高股息,54,31,23,台新-台南,2023-01-31,8159
3711,日月光投控,24,2,22,台新-台南,2023-01-31,8159
1785,光洋科,22,1,21,台新-台南,2023-01-31,8159
2614,東森,22,2,20,台新-台南,2023-01-31,8159
1605,華新,209,189,20,台新-台南,2023-01-31,8159
2884,玉山金,25,5,20,台新-台南,2023-01-31,8159
00772B,中信高評級公司債,22,3,19,台新-台南,2023-01-31,8159
00900,富邦特選高股息30,19,0,19,台新-台南,2023-01-31,8159
2892,第一金,19,0,19,台新-台南,2023-01-31,8159
8069,元太,20,3,17,台新-台南,2023-01-31,8159
2888,新光金,15,0,15,台新-台南,2023-01-31,8159
2883,凱基金,15,1,14,台新-台南,2023-01-31,8159
6770,力積電,33,19,14,台新-台南,2023-01-31,8159
1795,美時,17,3,14,台新-台南,2023-01-31,8159
3624,光頡,37,24,13,台新-台南,2023-01-31,8159
3189,景碩,18,5,13,台新-台南,2023-01-31,8159
3024,憶聲,12,0,12,台新-台南,2023-01-31,8159
1734,杏輝,12,0,12,台新-台南,2023-01-31,8159
3665,貿聯-KY,12,1,11,台新-台南,2023-01-31,8159
00680L,元大美債20正2,17,6,11,台新-台南,2023-01-31,8159
2344,華邦電,16,5,11,台新-台南,2023-01-31,8159
4147,中裕,11,0,11,台新-台南,2023-01-31,8159
00712,復華富時不動產,12,2,10,台新-台南,2023-01-31,8159
1504,東元,10,0,10,台新-台南,2023-01-31,8159
1307,三芳,10,0,10,台新-台南,2023-01-31,8159
00669R,國泰美國道瓊反1,156,0,156,台新-台南,2023-02-01,8159
2618,長榮航,223,95,128,台新-台南,2023-02-01,8159
2897,王道銀行,100,0,100,台新-台南,2023-02-01,8159
3013,晟銘電,101,2,99,台新-台南,2023-02-01,8159
8105,凌巨,148,65,83,台新-台南,2023-02-01,8159
00878,國泰永續高股息,80,3,77,台新-台南,2023-02-01,8159
3310,佳穎,75,0,75,台新-台南,2023-02-01,8159
00648R,元大S＆P500反1,73,0,73,台新-台南,2023-02-01,8159
6505,台塑化,60,1,59,台新-台南,2023-02-01,8159
1708,東鹼,65,14,51,台新-台南,2023-02-01,8159
8429,金麗-KY,50,1,49,台新-台南,2023-02-01,8159
2014,中鴻,57,11,46,台新-台南,2023-02-01,8159
2867,三商壽,45,0,45,台新-台南,2023-02-01,8159
3312,弘憶股,44,1,43,台新-台南,2023-02-01,8159
6443,元晶,135,95,40,台新-台南,2023-02-01,8159
1409,新纖,40,1,39,台新-台南,2023-02-01,8159
2009,第一銅,65,28,37,台新-台南,2023-02-01,8159
00905,FT臺灣Smart,34,0,34,台新-台南,2023-02-01,8159
2883,凱基金,52,21,31,台新-台南,2023-02-01,8159
2317,鴻海,42,12,30,台新-台南,2023-02-01,8159
1785,光洋科,31,2,29,台新-台南,2023-02-01,8159
1201,味全,28,0,28,台新-台南,2023-02-01,8159
2444,兆勁,26,0,26,台新-台南,2023-02-01,8159
1402,遠東新,25,0,25,台新-台南,2023-02-01,8159
2891,中信金,173,150,23,台新-台南,2023-02-01,8159
2352,佳世達,22,0,22,台新-台南,2023-02-01,8159
2887,台新金,26,4,22,台新-台南,2023-02-01,8159
00902,中信電池及儲能,21,0,21,台新-台南,2023-02-01,8159
1440,南紡,20,0,20,台新-台南,2023-02-01,8159
6531,愛普*,49,29,20,台新-台南,2023-02-01,8159
1907,永豐餘,20,1,19,台新-台南,2023-02-01,8159
3046,建��,21,2,19,台新-台南,2023-02-01,8159
5351,鈺創,21,2,19,台新-台南,2023-02-01,8159
6129,普誠,30,12,18,台新-台南,2023-02-01,8159
2023,燁輝,21,3,18,台新-台南,2023-02-01,8159
5471,松翰,17,0,17,台新-台南,2023-02-01,8159
9802,鈺齊-KY,24,8,16,台新-台南,2023-02-01,8159
4114,健喬,19,3,16,台新-台南,2023-02-01,8159
2535,達欣工,15,0,15,台新-台南,2023-02-01,8159
5309,系統電,16,1,15,台新-台南,2023-02-01,8159
00671R,富邦NASDAQ反1,15,0,15,台新-台南,2023-02-01,8159
2421,建準,15,0,15,台新-台南,2023-02-01,8159
1701,中化,16,1,15,台新-台南,2023-02-01,8159
8112,至上,15,0,15,台新-台南,2023-02-01,8159
4977,眾達-KY,18,4,14,台新-台南,2023-02-01,8159
0056,元大高股息,32,18,14,台新-台南,2023-02-01,8159
5388,中磊,16,3,13,台新-台南,2023-02-01,8159
00637L,元大滬深300正2,33,20,13,台新-台南,2023-02-01,8159
1524,耿鼎,20,7,13,台新-台南,2023-02-01,8159
4967,十銓,13,1,12,台新-台南,2023-02-01,8159
00632R,元大台灣50反1,721,105,616,台新-台南,2023-02-02,8159
00676R,富邦臺灣加權反1,440,100,340,台新-台南,2023-02-02,8159
00885,富邦越南,257,21,236,台新-台南,2023-02-02,8159
2618,長榮航,242,22,220,台新-台南,2023-02-02,8159
2891,中信金,166,1,165,台新-台南,2023-02-02,8159
00878,國泰永續高股息,269,133,136,台新-台南,2023-02-02,8159
2812,台中銀,105,5,100,台新-台南,2023-02-02,8159
2610,華航,134,34,100,台新-台南,2023-02-02,8159
00715L,期街口布蘭特正2,86,11,75,台新-台南,2023-02-02,8159
2834,臺企銀,86,16,70,台新-台南,2023-02-02,8159
2356,英業達,70,0,70,台新-台南,2023-02-02,8159
00671R,富邦NASDAQ反1,75,10,65,台新-台南,2023-02-02,8159
6770,力積電,103,50,53,台新-台南,2023-02-02,8159
4162,智擎,245,195,50,台新-台南,2023-02-02,8159
2897,王道銀行,51,6,45,台新-台南,2023-02-02,8159
2317,鴻海,57,16,41,台新-台南,2023-02-02,8159
00772B,中信高評級公司債,41,0,41,台新-台南,2023-02-02,8159
5871,中租-KY,40,0,40,台新-台南,2023-02-02,8159
00679B,元大美債20年,37,0,37,台新-台南,2023-02-02,8159
2010,春源,32,0,32,台新-台南,2023-02-02,8159
00882,中信中國高股息,33,1,32,台新-台南,2023-02-02,8159
2380,虹光,31,0,31,台新-台南,2023-02-02,8159
2929,淘帝-KY,52,21,31,台新-台南,2023-02-02,8159
3047,訊舟,30,0,30,台新-台南,2023-02-02,8159
8105,凌巨,32,5,27,台新-台南,2023-02-02,8159
4979,華星光,43,17,26,台新-台南,2023-02-02,8159
1309,台達化,25,0,25,台新-台南,2023-02-02,8159
0056,元大高股息,53,28,25,台新-台南,2023-02-02,8159
2614,東森,29,5,24,台新-台南,2023-02-02,8159
2497,怡利電,33,10,23,台新-台南,2023-02-02,8159
2886,兆豐金,25,2,23,台新-台南,2023-02-02,8159
8476,台境*,22,1,21,台新-台南,2023-02-02,8159
1701,中化,24,4,20,台新-台南,2023-02-02,8159
5009,榮剛,67,47,20,台新-台南,2023-02-02,8159
5347,世界,35,16,19,台新-台南,2023-02-02,8159
3665,貿聯-KY,36,17,19,台新-台南,2023-02-02,8159
2887,台新金,22,5,17,台新-台南,2023-02-02,8159
2888,新光金,19,2,17,台新-台南,2023-02-02,8159
3128,昇銳,23,6,17,台新-台南,2023-02-02,8159
8038,長園科,17,0,17,台新-台南,2023-02-02,8159
1504,東元,15,0,15,台新-台南,2023-02-02,8159
00852L,國泰美國道瓊正2,15,0,15,台新-台南,2023-02-02,8159
00853B,統一美債10年Aa-,15,0,15,台新-台南,2023-02-02,8159
00720B,元大投資級公司債,15,0,15,台新-台南,2023-02-02,8159
2027,大成鋼,68,54,14,台新-台南,2023-02-02,8159
3162,精確,19,6,13,台新-台南,2023-02-02,8159
4995,晶達,13,0,13,台新-台南,2023-02-02,8159
2038,海光,12,0,12,台新-台南,2023-02-02,8159
1519,華城,32,20,12,台新-台南,2023-02-02,8159
6235,華孚,26,14,12,台新-台南,2023-02-02,8159
00882,中信中國高股息,325,6,319,台新-台南,2023-02-03,8159
00878,國泰永續高股息,208,14,194,台新-台南,2023-02-03,8159
00885,富邦越南,118,0,118,台新-台南,2023-02-03,8159
00753L,中信中國50正2,106,2,104,台新-台南,2023-02-03,8159
00679B,元大美債20年,105,5,100,台新-台南,2023-02-03,8159
2897,王道銀行,100,5,95,台新-台南,2023-02-03,8159
0056,元大高股息,106,16,90,台新-台南,2023-02-03,8159
2888,新光金,83,2,81,台新-台南,2023-02-03,8159
00632R,元大台灣50反1,77,5,72,台新-台南,2023-02-03,8159
2867,三商壽,70,0,70,台新-台南,2023-02-03,8159
2027,大成鋼,69,0,69,台新-台南,2023-02-03,8159
5351,鈺創,150,87,63,台新-台南,2023-02-03,8159
00676R,富邦臺灣加權反1,380,343,37,台新-台南,2023-02-03,8159
2603,長榮,56,20,36,台新-台南,2023-02-03,8159
00671R,富邦NASDAQ反1,35,0,35,台新-台南,2023-02-03,8159
2344,華邦電,56,21,35,台新-台南,2023-02-03,8159
00715L,期街口布蘭特正2,44,10,34,台新-台南,2023-02-03,8159
3707,漢磊,42,9,33,台新-台南,2023-02-03,8159
2883,凱基金,33,1,32,台新-台南,2023-02-03,8159
2882,國泰金,33,1,32,台新-台南,2023-02-03,8159
6015,宏遠證,31,0,31,台新-台南,2023-02-03,8159
8215,明基材,33,4,29,台新-台南,2023-02-03,8159
2409,友達,33,7,26,台新-台南,2023-02-03,8159
6118,建達,51,26,25,台新-台南,2023-02-03,8159
2338,光罩,33,10,23,台新-台南,2023-02-03,8159
2388,威盛,50,27,23,台新-台南,2023-02-03,8159
2436,偉詮電,41,19,22,台新-台南,2023-02-03,8159
00648R,元大S＆P500反1,22,0,22,台新-台南,2023-02-03,8159
00719B,元大美債1-3,21,0,21,台新-台南,2023-02-03,8159
2365,昆盈,20,0,20,台新-台南,2023-02-03,8159
3024,憶聲,20,0,20,台新-台南,2023-02-03,8159
2881,富邦金,23,3,20,台新-台南,2023-02-03,8159
3481,群創,33,13,20,台新-台南,2023-02-03,8159
3037,欣興,36,17,19,台新-台南,2023-02-03,8159
2515,中工,20,1,19,台新-台南,2023-02-03,8159
6282,康舒,71,52,19,台新-台南,2023-02-03,8159
2884,玉山金,21,3,18,台新-台南,2023-02-03,8159
1905,華紙,17,0,17,台新-台南,2023-02-03,8159
2891,中信金,19,2,17,台新-台南,2023-02-03,8159
2498,宏達電,133,117,16,台新-台南,2023-02-03,8159
1513,中興電,21,5,16,台新-台南,2023-02-03,8159
4961,天鈺,20,5,15,台新-台南,2023-02-03,8159
6188,廣明,33,18,15,台新-台南,2023-02-03,8159
1785,光洋科,45,30,15,台新-台南,2023-02-03,8159
2102,泰豐,15,0,15,台新-台南,2023-02-03,8159
00651R,復華香港反1,15,0,15,台新-台南,2023-02-03,8159
2615,萬海,89,75,14,台新-台南,2023-02-03,8159
6770,力積電,32,18,14,台新-台南,2023-02-03,8159
2376,技嘉,21,7,14,台新-台南,2023-02-03,8159
8150,南茂,14,0,14,台新-台南,2023-02-03,8159
00878,國泰永續高股息,308,9,299,台新-台南,2023-02-06,8159
00715L,期街口布蘭特正2,135,0,135,台新-台南,2023-02-06,8159
00882,中信中國高股息,85,0,85,台新-台南,2023-02-06,8159
2609,陽明,68,11,57,台新-台南,2023-02-06,8159
2897,王道銀行,53,0,53,台新-台南,2023-02-06,8159
00900,富邦特選高股息30,49,0,49,台新-台南,2023-02-06,8159
8476,台境*,57,12,45,台新-台南,2023-02-06,8159
3037,欣興,63,20,43,台新-台南,2023-02-06,8159
2027,大成鋼,44,3,41,台新-台南,2023-02-06,8159
6770,力積電,47,8,39,台新-台南,2023-02-06,8159
2888,新光金,54,20,34,台新-台南,2023-02-06,8159
1605,華新,83,50,33,台新-台南,2023-02-06,8159
2890,永豐金,40,10,30,台新-台南,2023-02-06,8159
2338,光罩,31,5,26,台新-台南,2023-02-06,8159
5351,鈺創,64,38,26,台新-台南,2023-02-06,8159
2603,長榮,44,20,24,台新-台南,2023-02-06,8159
3013,晟銘電,54,30,24,台新-台南,2023-02-06,8159
2330,台積電,32,8,24,台新-台南,2023-02-06,8159
3508,位速,24,1,23,台新-台南,2023-02-06,8159
00720B,元大投資級公司債,23,0,23,台新-台南,2023-02-06,8159
00679B,元大美債20年,23,0,23,台新-台南,2023-02-06,8159
1467,南緯,21,0,21,台新-台南,2023-02-06,8159
2332,友訊,21,0,21,台新-台南,2023-02-06,8159
2851,中再保,20,0,20,台新-台南,2023-02-06,8159
3141,晶宏,32,12,20,台新-台南,2023-02-06,8159
8044,網家,21,1,20,台新-台南,2023-02-06,8159
5457,宣德,20,1,19,台新-台南,2023-02-06,8159
3049,精金,19,0,19,台新-台南,2023-02-06,8159
3207,耀勝,31,14,17,台新-台南,2023-02-06,8159
4974,亞泰,16,0,16,台新-台南,2023-02-06,8159
1708,東鹼,18,2,16,台新-台南,2023-02-06,8159
9802,鈺齊-KY,16,0,16,台新-台南,2023-02-06,8159
00772B,中信高評級公司債,15,0,15,台新-台南,2023-02-06,8159
2891,中信金,14,1,13,台新-台南,2023-02-06,8159
1702,南僑,13,0,13,台新-台南,2023-02-06,8159
2104,國際中橡,13,0,13,台新-台南,2023-02-06,8159
8046,南電,25,13,12,台新-台南,2023-02-06,8159
2328,廣宇,14,2,12,台新-台南,2023-02-06,8159
3704,合勤控,15,3,12,台新-台南,2023-02-06,8159
6118,建達,20,8,12,台新-台南,2023-02-06,8159
00881,國泰台灣5G+,13,1,12,台新-台南,2023-02-06,8159
2317,鴻海,54,42,12,台新-台南,2023-02-06,8159
2812,台中銀,11,0,11,台新-台南,2023-02-06,8159
00891,中信關鍵半導體,11,0,11,台新-台南,2023-02-06,8159
00642U,期元大S＆P石油,11,0,11,台新-台南,2023-02-06,8159
4979,華星光,51,40,11,台新-台南,2023-02-06,8159
8038,長園科,13,2,11,台新-台南,2023-02-06,8159
6133,金橋,31,20,11,台新-台南,2023-02-06,8159
9907,統一實,11,0,11,台新-台南,2023-02-06,8159
2834,臺企銀,17,6,11,台新-台南,2023-02-06,8159
2888,新光金,142,1,141,台新-台南,2023-02-07,8159
00679B,元大美債20年,104,0,104,台新-台南,2023-02-07,8159
00878,國泰永續高股息,187,97,90,台新-台南,2023-02-07,8159
00680L,元大美債20正2,62,0,62,台新-台南,2023-02-07,8159
1605,華新,131,73,58,台新-台南,2023-02-07,8159
00715L,期街口布蘭特正2,72,21,51,台新-台南,2023-02-07,8159
00907,永豐優息存股,50,0,50,台新-台南,2023-02-07,8159
2885,元大金,50,1,49,台新-台南,2023-02-07,8159
2884,玉山金,63,20,43,台新-台南,2023-02-07,8159
00772B,中信高評級公司債,35,0,35,台新-台南,2023-02-07,8159
2317,鴻海,40,5,35,台新-台南,2023-02-07,8159
8415,大國鋼,35,0,35,台新-台南,2023-02-07,8159
2887,台新金,31,1,30,台新-台南,2023-02-07,8159
2006,東和鋼鐵,30,1,29,台新-台南,2023-02-07,8159
5351,鈺創,31,3,28,台新-台南,2023-02-07,8159
1609,大亞,30,3,27,台新-台南,2023-02-07,8159
2601,益航,30,3,27,台新-台南,2023-02-07,8159
2034,允強,26,0,26,台新-台南,2023-02-07,8159
2498,宏達電,44,19,25,台新-台南,2023-02-07,8159
0056,元大高股息,28,4,24,台新-台南,2023-02-07,8159
2890,永豐金,23,0,23,台新-台南,2023-02-07,8159
1785,光洋科,26,3,23,台新-台南,2023-02-07,8159
2201,裕隆,27,5,22,台新-台南,2023-02-07,8159
00632R,元大台灣50反1,21,0,21,台新-台南,2023-02-07,8159
2368,金像電,23,3,20,台新-台南,2023-02-07,8159
2027,大成鋼,22,3,19,台新-台南,2023-02-07,8159
2603,長榮,24,5,19,台新-台南,2023-02-07,8159
2482,連宇,33,15,18,台新-台南,2023-02-07,8159
3105,穩懋,20,4,16,台新-台南,2023-02-07,8159
3037,欣興,32,16,16,台新-台南,2023-02-07,8159
1603,華電,15,0,15,台新-台南,2023-02-07,8159
6531,愛普*,31,17,14,台新-台南,2023-02-07,8159
3163,波若威,22,8,14,台新-台南,2023-02-07,8159
00773B,中信優先金融債,14,0,14,台新-台南,2023-02-07,8159
4747,強生,22,9,13,台新-台南,2023-02-07,8159
00712,復華富時不動產,14,1,13,台新-台南,2023-02-07,8159
2471,資通,12,0,12,台新-台南,2023-02-07,8159
6282,康舒,152,140,12,台新-台南,2023-02-07,8159
2891,中信金,12,0,12,台新-台南,2023-02-07,8159
00670L,富邦NASDAQ正2,12,0,12,台新-台南,2023-02-07,8159
6205,詮欣,11,0,11,台新-台南,2023-02-07,8159
4130,健亞,13,2,11,台新-台南,2023-02-07,8159
6116,彩晶,12,1,11,台新-台南,2023-02-07,8159
2354,鴻準,11,0,11,台新-台南,2023-02-07,8159
2497,怡利電,10,0,10,台新-台南,2023-02-07,8159
2062,橋椿,10,0,10,台新-台南,2023-02-07,8159
4934,太極,10,0,10,台新-台南,2023-02-07,8159
00669R,國泰美國道瓊反1,10,0,10,台新-台南,2023-02-07,8159
1708,東鹼,10,0,10,台新-台南,2023-02-07,8159
3232,昱捷,10,0,10,台新-台南,2023-02-07,8159
00676R,富邦臺灣加權反1,340,0,340,台新-台南,2023-02-08,8159
00878,國泰永續高股息,282,32,250,台新-台南,2023-02-08,8159
00632R,元大台灣50反1,196,18,178,台新-台南,2023-02-08,8159
2867,三商壽,108,12,96,台新-台南,2023-02-08,8159
00669R,國泰美國道瓊反1,90,0,90,台新-台南,2023-02-08,8159
5009,榮剛,97,14,83,台新-台南,2023-02-08,8159
00772B,中信高評級公司債,73,0,73,台新-台南,2023-02-08,8159
00664R,國泰臺灣加權反1,70,0,70,台新-台南,2023-02-08,8159
2338,光罩,77,25,52,台新-台南,2023-02-08,8159
2892,第一金,52,3,49,台新-台南,2023-02-08,8159
4931,新盛力,52,7,45,台新-台南,2023-02-08,8159
2009,第一銅,62,20,42,台新-台南,2023-02-08,8159
2884,玉山金,42,0,42,台新-台南,2023-02-08,8159
2201,裕隆,85,47,38,台新-台南,2023-02-08,8159
1513,中興電,52,15,37,台新-台南,2023-02-08,8159
2880,華南金,37,0,37,台新-台南,2023-02-08,8159
9939,宏全,50,14,36,台新-台南,2023-02-08,8159
4114,健喬,64,31,33,台新-台南,2023-02-08,8159
00679B,元大美債20年,32,0,32,台新-台南,2023-02-08,8159
2344,華邦電,53,21,32,台新-台南,2023-02-08,8159
00671R,富邦NASDAQ反1,32,0,32,台新-台南,2023-02-08,8159
3310,佳穎,30,0,30,台新-台南,2023-02-08,8159
00720B,元大投資級公司債,29,0,29,台新-台南,2023-02-08,8159
00885,富邦越南,35,6,29,台新-台南,2023-02-08,8159
00773B,中信優先金融債,29,0,29,台新-台南,2023-02-08,8159
2610,華航,31,7,24,台新-台南,2023-02-08,8159
2614,東森,27,3,24,台新-台南,2023-02-08,8159
2883,凱基金,23,1,22,台新-台南,2023-02-08,8159
2601,益航,21,0,21,台新-台南,2023-02-08,8159
2401,凌陽,21,1,20,台新-台南,2023-02-08,8159
2883B,凱基金乙特,20,0,20,台新-台南,2023-02-08,8159
2618,長榮航,33,15,18,台新-台南,2023-02-08,8159
00637L,元大滬深300正2,17,0,17,台新-台南,2023-02-08,8159
3094,聯傑,21,5,16,台新-台南,2023-02-08,8159
1514,亞力,16,0,16,台新-台南,2023-02-08,8159
2367,燿華,123,107,16,台新-台南,2023-02-08,8159
3693,營邦,26,10,16,台新-台南,2023-02-08,8159
4543,萬在,15,0,15,台新-台南,2023-02-08,8159
2890,永豐金,15,1,14,台新-台南,2023-02-08,8159
1506,正道,15,1,14,台新-台南,2023-02-08,8159
3289,宜特,16,3,13,台新-台南,2023-02-08,8159
8415,大國鋼,13,0,13,台新-台南,2023-02-08,8159
2014,中鴻,14,1,13,台新-台南,2023-02-08,8159
2007,燁興,13,0,13,台新-台南,2023-02-08,8159
2354,鴻準,12,0,12,台新-台南,2023-02-08,8159
1795,美時,23,11,12,台新-台南,2023-02-08,8159
3362,先進光,18,6,12,台新-台南,2023-02-08,8159
2425,承啟,40,28,12,台新-台南,2023-02-08,8159
1785,光洋科,14,2,12,台新-台南,2023-02-08,8159
2369,菱生,12,0,12,台新-台南,2023-02-08,8159
00878,國泰永續高股息,162,1,161,台新-台南,2023-02-09,8159
00632R,元大台灣50反1,104,0,104,台新-台南,2023-02-09,8159
4162,智擎,265,164,101,台新-台南,2023-02-09,8159
00676R,富邦臺灣加權反1,122,22,100,台新-台南,2023-02-09,8159
4533,協易機,78,6,72,台新-台南,2023-02-09,8159
4950,牧東,64,0,64,台新-台南,2023-02-09,8159
2027,大成鋼,64,7,57,台新-台南,2023-02-09,8159
2614,東森,34,0,34,台新-台南,2023-02-09,8159
00772B,中信高評級公司債,30,0,30,台新-台南,2023-02-09,8159
0056,元大高股息,37,7,30,台新-台南,2023-02-09,8159
2368,金像電,37,8,29,台新-台南,2023-02-09,8159
5351,鈺創,37,10,27,台新-台南,2023-02-09,8159
8150,南茂,25,0,25,台新-台南,2023-02-09,8159
00679B,元大美債20年,25,1,24,台新-台南,2023-02-09,8159
2603,長榮,23,0,23,台新-台南,2023-02-09,8159
00720B,元大投資級公司債,23,0,23,台新-台南,2023-02-09,8159
6541,泰福-KY,32,10,22,台新-台南,2023-02-09,8159
00673R,期元大S＆P原油反1,21,1,20,台新-台南,2023-02-09,8159
2601,益航,20,0,20,台新-台南,2023-02-09,8159
3024,憶聲,20,0,20,台新-台南,2023-02-09,8159
9940,信義,20,1,19,台新-台南,2023-02-09,8159
1785,光洋科,20,1,19,台新-台南,2023-02-09,8159
6531,愛普*,20,3,17,台新-台南,2023-02-09,8159
8050,廣積,23,7,16,台新-台南,2023-02-09,8159
1612,宏泰,15,0,15,台新-台南,2023-02-09,8159
4114,健喬,48,35,13,台新-台南,2023-02-09,8159
3189,景碩,16,3,13,台新-台南,2023-02-09,8159
6585,鼎基,13,0,13,台新-台南,2023-02-09,8159
1609,大亞,26,13,13,台新-台南,2023-02-09,8159
2880,華南金,12,0,12,台新-台南,2023-02-09,8159
3580,友威科,13,1,12,台新-台南,2023-02-09,8159
3027,盛達,14,2,12,台新-台南,2023-02-09,8159
2401,凌陽,18,6,12,台新-台南,2023-02-09,8159
3708,上緯投控,28,17,11,台新-台南,2023-02-09,8159
4128,中天,28,17,11,台新-台南,2023-02-09,8159
4974,亞泰,11,0,11,台新-台南,2023-02-09,8159
5475,德宏,12,1,11,台新-台南,2023-02-09,8159
00670L,富邦NASDAQ正2,11,0,11,台新-台南,2023-02-09,8159
00773B,中信優先金融債,12,1,11,台新-台南,2023-02-09,8159
6719,力智,19,9,10,台新-台南,2023-02-09,8159
2888,新光金,11,1,10,台新-台南,2023-02-09,8159
4743,合一,42,32,10,台新-台南,2023-02-09,8159
9939,宏全,10,0,10,台新-台南,2023-02-09,8159
1101,台泥,13,3,10,台新-台南,2023-02-09,8159
3093,港建*,10,0,10,台新-台南,2023-02-09,8159
3105,穩懋,10,0,10,台新-台南,2023-02-09,8159
00680L,元大美債20正2,12,2,10,台新-台南,2023-02-09,8159
6129,普誠,19,9,10,台新-台南,2023-02-09,8159
3548,兆利,10,0,10,台新-台南,2023-02-09,8159
1714,和桐,10,0,10,台新-台南,2023-02-09,8159
00878,國泰永續高股息,250,4,246,台新-台南,2023-02-10,8159
2609,陽明,206,7,199,台新-台南,2023-02-10,8159
2618,長榮航,140,6,134,台新-台南,2023-02-10,8159
4162,智擎,148,25,123,台新-台南,2023-02-10,8159
00632R,元大台灣50反1,121,0,121,台新-台南,2023-02-10,8159
2633,台灣高鐵,100,0,100,台新-台南,2023-02-10,8159
6274,台燿,76,9,67,台新-台南,2023-02-10,8159
2888,新光金,68,8,60,台新-台南,2023-02-10,8159
8476,台境*,54,1,53,台新-台南,2023-02-10,8159
00773B,中信優先金融債,52,0,52,台新-台南,2023-02-10,8159
1605,華新,83,34,49,台新-台南,2023-02-10,8159
6282,康舒,123,77,46,台新-台南,2023-02-10,8159
00882,中信中國高股息,46,0,46,台新-台南,2023-02-10,8159
00680L,元大美債20正2,41,0,41,台新-台南,2023-02-10,8159
3013,晟銘電,49,10,39,台新-台南,2023-02-10,8159
8429,金麗-KY,38,0,38,台新-台南,2023-02-10,8159
2610,華航,48,12,36,台新-台南,2023-02-10,8159
4114,健喬,49,14,35,台新-台南,2023-02-10,8159
2498,宏達電,71,40,31,台新-台南,2023-02-10,8159
00772B,中信高評級公司債,30,0,30,台新-台南,2023-02-10,8159
1314,中石化,71,41,30,台新-台南,2023-02-10,8159
2337,旺宏,30,1,29,台新-台南,2023-02-10,8159
00720B,元大投資級公司債,25,0,25,台新-台南,2023-02-10,8159
3710,連展投控,25,0,25,台新-台南,2023-02-10,8159
2409,友達,38,14,24,台新-台南,2023-02-10,8159
2338,光罩,26,2,24,台新-台南,2023-02-10,8159
2614,東森,29,5,24,台新-台南,2023-02-10,8159
00679B,元大美債20年,36,13,23,台新-台南,2023-02-10,8159
3037,欣興,38,14,24,台新-台南,2023-02-10,8159
8996,高力,32,11,21,台新-台南,2023-02-10,8159
6603,富強鑫,21,0,21,台新-台南,2023-02-10,8159
2027,大成鋼,22,1,21,台新-台南,2023-02-10,8159
2368,金像電,38,17,21,台新-台南,2023-02-10,8159
3310,佳穎,20,0,20,台新-台南,2023-02-10,8159
0056,元大高股息,37,17,20,台新-台南,2023-02-10,8159
3059,華晶科,19,0,19,台新-台南,2023-02-10,8159
8046,南電,25,6,19,台新-台南,2023-02-10,8159
5425,台半,26,8,18,台新-台南,2023-02-10,8159
3162,精確,59,41,18,台新-台南,2023-02-10,8159
3594,磐儀,80,62,18,台新-台南,2023-02-10,8159
2867,三商壽,18,0,18,台新-台南,2023-02-10,8159
2884,玉山金,24,7,17,台新-台南,2023-02-10,8159
2371,大同,17,0,17,台新-台南,2023-02-10,8159
8150,南茂,27,10,17,台新-台南,2023-02-10,8159
2388,威盛,26,9,17,台新-台南,2023-02-10,8159
6531,愛普*,32,15,17,台新-台南,2023-02-10,8159
3017,奇鋐,19,2,17,台新-台南,2023-02-10,8159
3624,光頡,37,20,17,台新-台南,2023-02-10,8159
00665L,富邦�琤肭磪囓�2,42,27,15,台新-台南,2023-02-10,8159
3481,群創,59,44,15,台新-台南,2023-02-10,8159
00878,國泰永續高股息,341,12,329,台新-台南,2023-02-13,8159
00679B,元大美債20年,89,3,86,台新-台南,2023-02-13,8159
3013,晟銘電,127,50,77,台新-台南,2023-02-13,8159
2303,聯電,133,57,76,台新-台南,2023-02-13,8159
2883,凱基金,73,6,67,台新-台南,2023-02-13,8159
1104,環泥,59,0,59,台新-台南,2023-02-13,8159
2609,陽明,64,7,57,台新-台南,2023-02-13,8159
2495,普安,54,1,53,台新-台南,2023-02-13,8159
2208,台船,50,6,44,台新-台南,2023-02-13,8159
2317,鴻海,47,4,43,台新-台南,2023-02-13,8159
00753L,中信中國50正2,40,0,40,台新-台南,2023-02-13,8159
00882,中信中國高股息,54,17,37,台新-台南,2023-02-13,8159
0056,元大高股息,38,6,32,台新-台南,2023-02-13,8159
00773B,中信優先金融債,32,0,32,台新-台南,2023-02-13,8159
00772B,中信高評級公司債,32,0,32,台新-台南,2023-02-13,8159
1605,華新,62,31,31,台新-台南,2023-02-13,8159
00680L,元大美債20正2,29,0,29,台新-台南,2023-02-13,8159
2882,國泰金,25,2,23,台新-台南,2023-02-13,8159
2409,友達,43,20,23,台新-台南,2023-02-13,8159
3138,耀登,27,4,23,台新-台南,2023-02-13,8159
1513,中興電,32,9,23,台新-台南,2023-02-13,8159
9939,宏全,24,2,22,台新-台南,2023-02-13,8159
6128,上福,20,0,20,台新-台南,2023-02-13,8159
00905,FT臺灣Smart,20,0,20,台新-台南,2023-02-13,8159
1701,中化,34,15,19,台新-台南,2023-02-13,8159
2748,雲品,18,0,18,台新-台南,2023-02-13,8159
00720B,元大投資級公司債,27,10,17,台新-台南,2023-02-13,8159
3494,誠研,21,5,16,台新-台南,2023-02-13,8159
2601,益航,16,0,16,台新-台南,2023-02-13,8159
00751B,元大AAA至A公司債,15,0,15,台新-台南,2023-02-13,8159
00900,富邦特選高股息30,17,2,15,台新-台南,2023-02-13,8159
2201,裕隆,38,23,15,台新-台南,2023-02-13,8159
8429,金麗-KY,20,5,15,台新-台南,2023-02-13,8159
3036,文曄,15,0,15,台新-台南,2023-02-13,8159
3035,智原,36,21,15,台新-台南,2023-02-13,8159
6531,愛普*,23,9,14,台新-台南,2023-02-13,8159
3537,堡達,19,5,14,台新-台南,2023-02-13,8159
2481,強茂,15,1,14,台新-台南,2023-02-13,8159
1795,美時,31,17,14,台新-台南,2023-02-13,8159
2603,長榮,51,38,13,台新-台南,2023-02-13,8159
1609,大亞,12,0,12,台新-台南,2023-02-13,8159
4128,中天,16,4,12,台新-台南,2023-02-13,8159
1760,寶齡富錦,14,3,11,台新-台南,2023-02-13,8159
8155,博智,12,1,11,台新-台南,2023-02-13,8159
2002,中鋼,12,2,10,台新-台南,2023-02-13,8159
2102,泰豐,11,1,10,台新-台南,2023-02-13,8159
1808,潤隆,10,0,10,台新-台南,2023-02-13,8159
3189,景碩,17,7,10,台新-台南,2023-02-13,8159
2947,振宇五金,10,0,10,台新-台南,2023-02-13,8159
3037,欣興,16,6,10,台新-台南,2023-02-13,8159
00632R,元大台灣50反1,345,2,343,台新-台南,2023-02-14,8159
00676R,富邦臺灣加權反1,320,0,320,台新-台南,2023-02-14,8159
00669R,國泰美國道瓊反1,180,0,180,台新-台南,2023-02-14,8159
00878,國泰永續高股息,122,41,81,台新-台南,2023-02-14,8159
2208,台船,71,0,71,台新-台南,2023-02-14,8159
00673R,期元大S＆P原油反1,65,0,65,台新-台南,2023-02-14,8159
2884,玉山金,59,5,54,台新-台南,2023-02-14,8159
00882,中信中國高股息,50,1,49,台新-台南,2023-02-14,8159
2027,大成鋼,42,0,42,台新-台南,2023-02-14,8159
8222,寶一,127,86,41,台新-台南,2023-02-14,8159
00664R,國泰臺灣加權反1,40,0,40,台新-台南,2023-02-14,8159
1219,福壽,30,0,30,台新-台南,2023-02-14,8159
3046,建��,30,2,28,台新-台南,2023-02-14,8159
6235,華孚,55,30,25,台新-台南,2023-02-14,8159
8927,北基,21,0,21,台新-台南,2023-02-14,8159
00637L,元大滬深300正2,24,3,21,台新-台南,2023-02-14,8159
4306,炎洲,20,0,20,台新-台南,2023-02-14,8159
00679B,元大美債20年,19,0,19,台新-台南,2023-02-14,8159
2338,光罩,18,0,18,台新-台南,2023-02-14,8159
2453,凌群,85,68,17,台新-台南,2023-02-14,8159
4162,智擎,21,4,17,台新-台南,2023-02-14,8159
6462,神盾,16,0,16,台新-台南,2023-02-14,8159
3014,聯陽,16,0,16,台新-台南,2023-02-14,8159
9904,寶成,21,5,16,台新-台南,2023-02-14,8159
00799B,國泰A級醫療債,15,0,15,台新-台南,2023-02-14,8159
2324,仁寶,17,3,14,台新-台南,2023-02-14,8159
2486,一詮,20,6,14,台新-台南,2023-02-14,8159
00753L,中信中國50正2,16,2,14,台新-台南,2023-02-14,8159
00772B,中信高評級公司債,13,0,13,台新-台南,2023-02-14,8159
2610,華航,61,48,13,台新-台南,2023-02-14,8159
2323,中環,16,4,12,台新-台南,2023-02-14,8159
00902,中信電池及儲能,12,0,12,台新-台南,2023-02-14,8159
3094,聯傑,12,1,11,台新-台南,2023-02-14,8159
00636,國泰中國A50,11,0,11,台新-台南,2023-02-14,8159
3147,大綜,11,0,11,台新-台南,2023-02-14,8159
00780B,國泰A級金融債,11,0,11,台新-台南,2023-02-14,8159
2332,友訊,12,2,10,台新-台南,2023-02-14,8159
1708,東鹼,10,0,10,台新-台南,2023-02-14,8159
3024,憶聲,10,0,10,台新-台南,2023-02-14,8159
1444,力麗,10,0,10,台新-台南,2023-02-14,8159
4977,眾達-KY,10,0,10,台新-台南,2023-02-14,8159
6140,訊達,10,0,10,台新-台南,2023-02-14,8159
00665L,富邦�琤肭磪囓�2,15,5,10,台新-台南,2023-02-14,8159
4726,永昕,10,0,10,台新-台南,2023-02-14,8159
6245,立端,12,3,9,台新-台南,2023-02-14,8159
3272,東碩,11,2,9,台新-台南,2023-02-14,8159
3594,磐儀,14,5,9,台新-台南,2023-02-14,8159
2059,川湖,9,0,9,台新-台南,2023-02-14,8159
2498,宏達電,29,21,8,台新-台南,2023-02-14,8159
4743,合一,19,11,8,台新-台南,2023-02-14,8159
2027,大成鋼,231,13,218,台新-台南,2023-02-15,8159
00878,國泰永續高股息,343,149,194,台新-台南,2023-02-15,8159
00885,富邦越南,130,6,124,台新-台南,2023-02-15,8159
2891,中信金,122,7,115,台新-台南,2023-02-15,8159
1584,精剛,102,2,100,台新-台南,2023-02-15,8159
6142,友勁,83,4,79,台新-台南,2023-02-15,8159
6282,康舒,110,38,72,台新-台南,2023-02-15,8159
2328,廣宇,43,2,41,台新-台南,2023-02-15,8159
2208,台船,52,13,39,台新-台南,2023-02-15,8159
6235,華孚,132,93,39,台新-台南,2023-02-15,8159
1305,華夏,38,0,38,台新-台南,2023-02-15,8159
00893,國泰智能電動車,45,10,35,台新-台南,2023-02-15,8159
2481,強茂,46,12,34,台新-台南,2023-02-15,8159
2618,長榮航,40,6,34,台新-台南,2023-02-15,8159
2009,第一銅,35,1,34,台新-台南,2023-02-15,8159
4916,事欣科,34,1,33,台新-台南,2023-02-15,8159
00882,中信中國高股息,34,1,33,台新-台南,2023-02-15,8159
1319,東陽,34,2,32,台新-台南,2023-02-15,8159
6266,泰詠,31,2,29,台新-台南,2023-02-15,8159
2337,旺宏,31,5,26,台新-台南,2023-02-15,8159
6770,力積電,32,7,25,台新-台南,2023-02-15,8159
00651R,復華香港反1,25,0,25,台新-台南,2023-02-15,8159
2884,玉山金,25,2,23,台新-台南,2023-02-15,8159
2887,台新金,25,2,23,台新-台南,2023-02-15,8159
2886,兆豐金,24,2,22,台新-台南,2023-02-15,8159
3049,精金,22,0,22,台新-台南,2023-02-15,8159
2614,東森,22,0,22,台新-台南,2023-02-15,8159
2330,台積電,37,16,21,台新-台南,2023-02-15,8159
2892,第一金,21,0,21,台新-台南,2023-02-15,8159
00679B,元大美債20年,21,0,21,台新-台南,2023-02-15,8159
2201,裕隆,32,12,20,台新-台南,2023-02-15,8159
3189,景碩,38,18,20,台新-台南,2023-02-15,8159
2022,聚亨,20,0,20,台新-台南,2023-02-15,8159
5347,世界,31,12,19,台新-台南,2023-02-15,8159
1560,中砂,23,4,19,台新-台南,2023-02-15,8159
5425,台半,64,45,19,台新-台南,2023-02-15,8159
00632R,元大台灣50反1,109,91,18,台新-台南,2023-02-15,8159
1603,華電,18,0,18,台新-台南,2023-02-15,8159
2007,燁興,18,0,18,台新-台南,2023-02-15,8159
2344,華邦電,26,9,17,台新-台南,2023-02-15,8159
00654R,富邦印度反1,20,4,16,台新-台南,2023-02-15,8159
4977,眾達-KY,16,0,16,台新-台南,2023-02-15,8159
5706,鳳凰,72,56,16,台新-台南,2023-02-15,8159
6806,森崴能源,32,17,15,台新-台南,2023-02-15,8159
0056,元大高股息,20,5,15,台新-台南,2023-02-15,8159
00900,富邦特選高股息30,14,0,14,台新-台南,2023-02-15,8159
3438,類比科,15,1,14,台新-台南,2023-02-15,8159
0050,元大台灣50,18,5,13,台新-台南,2023-02-15,8159
5309,系統電,17,4,13,台新-台南,2023-02-15,8159
1909,榮成,13,0,13,台新-台南,2023-02-15,8159
00878,國泰永續高股息,283,28,255,台新-台南,2023-02-16,8159
00669R,國泰美國道瓊反1,210,0,210,台新-台南,2023-02-16,8159
00632R,元大台灣50反1,171,0,171,台新-台南,2023-02-16,8159
00679B,元大美債20年,130,0,130,台新-台南,2023-02-16,8159
2888,新光金,123,6,117,台新-台南,2023-02-16,8159
00715L,期街口布蘭特正2,85,12,73,台新-台南,2023-02-16,8159
00882,中信中國高股息,66,1,65,台新-台南,2023-02-16,8159
2313,華通,66,2,64,台新-台南,2023-02-16,8159
3576,聯合再生,60,7,53,台新-台南,2023-02-16,8159
2208,台船,95,46,49,台新-台南,2023-02-16,8159
00680L,元大美債20正2,48,0,48,台新-台南,2023-02-16,8159
1451,年興,39,0,39,台新-台南,2023-02-16,8159
00772B,中信高評級公司債,37,0,37,台新-台南,2023-02-16,8159
6509,聚和,42,6,36,台新-台南,2023-02-16,8159
1513,中興電,75,39,36,台新-台南,2023-02-16,8159
2880,華南金,42,12,30,台新-台南,2023-02-16,8159
1314,中石化,30,0,30,台新-台南,2023-02-16,8159
00671R,富邦NASDAQ反1,44,15,29,台新-台南,2023-02-16,8159
2002,中鋼,32,4,28,台新-台南,2023-02-16,8159
5351,鈺創,106,80,26,台新-台南,2023-02-16,8159
2027,大成鋼,26,1,25,台新-台南,2023-02-16,8159
3624,光頡,35,10,25,台新-台南,2023-02-16,8159
3138,耀登,25,2,23,台新-台南,2023-02-16,8159
00650L,復華香港正2,23,0,23,台新-台南,2023-02-16,8159
6806,森崴能源,39,16,23,台新-台南,2023-02-16,8159
00780B,國泰A級金融債,22,0,22,台新-台南,2023-02-16,8159
2882,國泰金,22,1,21,台新-台南,2023-02-16,8159
3710,連展投控,21,1,20,台新-台南,2023-02-16,8159
00648R,元大S＆P500反1,20,0,20,台新-台南,2023-02-16,8159
6712,長聖,28,9,19,台新-台南,2023-02-16,8159
2471,資通,24,6,18,台新-台南,2023-02-16,8159
2022,聚亨,18,0,18,台新-台南,2023-02-16,8159
2465,麗臺,25,9,16,台新-台南,2023-02-16,8159
3356,奇偶,19,3,16,台新-台南,2023-02-16,8159
00753L,中信中國50正2,96,80,16,台新-台南,2023-02-16,8159
00890B,凱基ESG BBB債,15,0,15,台新-台南,2023-02-16,8159
6237,驊訊,15,0,15,台新-台南,2023-02-16,8159
8476,台境*,16,1,15,台新-台南,2023-02-16,8159
1609,大亞,48,33,15,台新-台南,2023-02-16,8159
00751B,元大AAA至A公司債,14,0,14,台新-台南,2023-02-16,8159
2337,旺宏,20,7,13,台新-台南,2023-02-16,8159
00712,復華富時不動產,12,0,12,台新-台南,2023-02-16,8159
1810,和成,13,1,12,台新-台南,2023-02-16,8159
5328,華容,14,2,12,台新-台南,2023-02-16,8159
1519,華城,20,8,12,台新-台南,2023-02-16,8159
2884,玉山金,13,1,12,台新-台南,2023-02-16,8159
00720B,元大投資級公司債,12,1,11,台新-台南,2023-02-16,8159
4916,事欣科,11,0,11,台新-台南,2023-02-16,8159
6179,亞通,17,6,11,台新-台南,2023-02-16,8159
1503,士電,30,20,10,台新-台南,2023-02-16,8159
00878,國泰永續高股息,188,7,181,台新-台南,2023-02-17,8159
2610,華航,378,232,146,台新-台南,2023-02-17,8159
2618,長榮航,143,30,113,台新-台南,2023-02-17,8159
3013,晟銘電,89,12,77,台新-台南,2023-02-17,8159
00679B,元大美債20年,76,0,76,台新-台南,2023-02-17,8159
2027,大成鋼,76,12,64,台新-台南,2023-02-17,8159
2888,新光金,61,0,61,台新-台南,2023-02-17,8159
00772B,中信高評級公司債,62,1,61,台新-台南,2023-02-17,8159
2801,彰銀,52,0,52,台新-台南,2023-02-17,8159
6266,泰詠,75,24,51,台新-台南,2023-02-17,8159
2611,志信,55,6,49,台新-台南,2023-02-17,8159
00893,國泰智能電動車,56,11,45,台新-台南,2023-02-17,8159
3024,憶聲,35,0,35,台新-台南,2023-02-17,8159
00680L,元大美債20正2,36,3,33,台新-台南,2023-02-17,8159
3037,欣興,41,8,33,台新-台南,2023-02-17,8159
2344,華邦電,73,43,30,台新-台南,2023-02-17,8159
3062,建漢,27,0,27,台新-台南,2023-02-17,8159
2329,華泰,27,3,24,台新-台南,2023-02-17,8159
2887,台新金,24,1,23,台新-台南,2023-02-17,8159
00637L,元大滬深300正2,25,3,22,台新-台南,2023-02-17,8159
00715L,期街口布蘭特正2,21,0,21,台新-台南,2023-02-17,8159
00751B,元大AAA至A公司債,19,0,19,台新-台南,2023-02-17,8159
6173,信昌電,23,4,19,台新-台南,2023-02-17,8159
00753L,中信中國50正2,19,0,19,台新-台南,2023-02-17,8159
2867,三商壽,18,0,18,台新-台南,2023-02-17,8159
00895,富邦未來車,16,0,16,台新-台南,2023-02-17,8159
6472,保瑞,18,2,16,台新-台南,2023-02-17,8159
6217,中探針,18,2,16,台新-台南,2023-02-17,8159
00665L,富邦�琤肭磪囓�2,21,6,15,台新-台南,2023-02-17,8159
2603,長榮,18,3,15,台新-台南,2023-02-17,8159
2609,陽明,18,4,14,台新-台南,2023-02-17,8159
00902,中信電池及儲能,14,1,13,台新-台南,2023-02-17,8159
1560,中砂,14,1,13,台新-台南,2023-02-17,8159
1216,統一,13,0,13,台新-台南,2023-02-17,8159
2314,台揚,14,1,13,台新-台南,2023-02-17,8159
8358,金居,13,0,13,台新-台南,2023-02-17,8159
3050,鈺德,13,0,13,台新-台南,2023-02-17,8159
8222,寶一,116,104,12,台新-台南,2023-02-17,8159
4533,協易機,19,7,12,台新-台南,2023-02-17,8159
00712,復華富時不動產,12,0,12,台新-台南,2023-02-17,8159
00795B,中信美國公債20年,11,0,11,台新-台南,2023-02-17,8159
6547,高端疫苗,13,2,11,台新-台南,2023-02-17,8159
2892,第一金,17,6,11,台新-台南,2023-02-17,8159
0056,元大高股息,14,3,11,台新-台南,2023-02-17,8159
2731,雄獅,31,20,11,台新-台南,2023-02-17,8159
00706L,期元大S＆P日圓正2,11,0,11,台新-台南,2023-02-17,8159
8086,宏捷科,18,7,11,台新-台南,2023-02-17,8159
00877,復華中國5G,11,0,11,台新-台南,2023-02-17,8159
3022,威強電,26,15,11,台新-台南,2023-02-17,8159
6101,寬魚國際,11,0,11,台新-台南,2023-02-17,8159
00632R,元大台灣50反1,191,0,191,台新-台南,2023-02-20,8159
3576,聯合再生,113,5,108,台新-台南,2023-02-20,8159
00664R,國泰臺灣加權反1,110,26,84,台新-台南,2023-02-20,8159
6550,北極星藥業-KY,61,1,60,台新-台南,2023-02-20,8159
2324,仁寶,52,0,52,台新-台南,2023-02-20,8159
5009,榮剛,73,26,47,台新-台南,2023-02-20,8159
6116,彩晶,57,12,45,台新-台南,2023-02-20,8159
00780B,國泰A級金融債,39,0,39,台新-台南,2023-02-20,8159
3037,欣興,42,5,37,台新-台南,2023-02-20,8159
00679B,元大美債20年,36,1,35,台新-台南,2023-02-20,8159
00715L,期街口布蘭特正2,34,0,34,台新-台南,2023-02-20,8159
3035,智原,38,5,33,台新-台南,2023-02-20,8159
2323,中環,36,6,30,台新-台南,2023-02-20,8159
1611,中電,29,0,29,台新-台南,2023-02-20,8159
1337,再生-KY,30,1,29,台新-台南,2023-02-20,8159
6205,詮欣,38,12,26,台新-台南,2023-02-20,8159
2867,三商壽,110,85,25,台新-台南,2023-02-20,8159
3022,威強電,28,4,24,台新-台南,2023-02-20,8159
8050,廣積,35,13,22,台新-台南,2023-02-20,8159
1218,泰山,22,0,22,台新-台南,2023-02-20,8159
2884,玉山金,42,21,21,台新-台南,2023-02-20,8159
3710,連展投控,21,0,21,台新-台南,2023-02-20,8159
1513,中興電,90,69,21,台新-台南,2023-02-20,8159
4162,智擎,20,0,20,台新-台南,2023-02-20,8159
2363,矽統,20,0,20,台新-台南,2023-02-20,8159
1711,永光,20,1,19,台新-台南,2023-02-20,8159
00900,富邦特選高股息30,20,2,18,台新-台南,2023-02-20,8159
6104,創惟,56,38,18,台新-台南,2023-02-20,8159
6101,寬魚國際,18,0,18,台新-台南,2023-02-20,8159
00772B,中信高評級公司債,18,0,18,台新-台南,2023-02-20,8159
3532,台勝科,17,0,17,台新-台南,2023-02-20,8159
6509,聚和,17,1,16,台新-台南,2023-02-20,8159
1519,華城,40,24,16,台新-台南,2023-02-20,8159
2014,中鴻,25,10,15,台新-台南,2023-02-20,8159
6235,華孚,61,47,14,台新-台南,2023-02-20,8159
6546,正基,19,5,14,台新-台南,2023-02-20,8159
1504,東元,29,15,14,台新-台南,2023-02-20,8159
3675,德微,17,4,13,台新-台南,2023-02-20,8159
6125,廣運,18,5,13,台新-台南,2023-02-20,8159
4919,新唐,47,34,13,台新-台南,2023-02-20,8159
9105,泰金寶-DR,12,0,12,台新-台南,2023-02-20,8159
2061,風青,12,0,12,台新-台南,2023-02-20,8159
9939,宏全,12,0,12,台新-台南,2023-02-20,8159
2731,雄獅,20,8,12,台新-台南,2023-02-20,8159
2367,燿華,29,18,11,台新-台南,2023-02-20,8159
4128,中天,36,25,11,台新-台南,2023-02-20,8159
4931,新盛力,14,3,11,台新-台南,2023-02-20,8159
2201,裕隆,16,5,11,台新-台南,2023-02-20,8159
1709,和益,16,5,11,台新-台南,2023-02-20,8159
3050,鈺德,12,1,11,台新-台南,2023-02-20,8159
2884,玉山金,273,149,124,台新-台南,2023-02-21,8159
2618,長榮航,141,18,123,台新-台南,2023-02-21,8159
2208,台船,128,12,116,台新-台南,2023-02-21,8159
1326,台化,64,0,64,台新-台南,2023-02-21,8159
9904,寶成,70,12,58,台新-台南,2023-02-21,8159
2614,東森,60,3,57,台新-台南,2023-02-21,8159
1503,士電,93,37,56,台新-台南,2023-02-21,8159
2017,官田鋼,55,1,54,台新-台南,2023-02-21,8159
3625,西勝,50,0,50,台新-台南,2023-02-21,8159
2406,國碩,49,0,49,台新-台南,2023-02-21,8159
00753L,中信中國50正2,45,0,45,台新-台南,2023-02-21,8159
1305,華夏,50,6,44,台新-台南,2023-02-21,8159
6266,泰詠,51,8,43,台新-台南,2023-02-21,8159
6288,聯嘉,80,40,40,台新-台南,2023-02-21,8159
2344,華邦電,67,29,38,台新-台南,2023-02-21,8159
00882,中信中國高股息,37,1,36,台新-台南,2023-02-21,8159
3705,永信,35,0,35,台新-台南,2023-02-21,8159
2834,臺企銀,41,6,35,台新-台南,2023-02-21,8159
00878,國泰永續高股息,54,20,34,台新-台南,2023-02-21,8159
1103,嘉泥,33,0,33,台新-台南,2023-02-21,8159
1314,中石化,30,0,30,台新-台南,2023-02-21,8159
2457,飛宏,151,122,29,台新-台南,2023-02-21,8159
00751B,元大AAA至A公司債,29,1,28,台新-台南,2023-02-21,8159
6153,嘉聯益,28,0,28,台新-台南,2023-02-21,8159
8936,國統,71,45,26,台新-台南,2023-02-21,8159
5309,系統電,32,6,26,台新-台南,2023-02-21,8159
1605,華新,49,23,26,台新-台南,2023-02-21,8159
1529,樂事綠能,39,15,24,台新-台南,2023-02-21,8159
5425,台半,49,25,24,台新-台南,2023-02-21,8159
6509,聚和,28,5,23,台新-台南,2023-02-21,8159
4968,立積,52,29,23,台新-台南,2023-02-21,8159
2497,怡利電,23,0,23,台新-台南,2023-02-21,8159
9939,宏全,31,8,23,台新-台南,2023-02-21,8159
6472,保瑞,22,0,22,台新-台南,2023-02-21,8159
2358,廷鑫,21,0,21,台新-台南,2023-02-21,8159
8928,鉅明,20,0,20,台新-台南,2023-02-21,8159
6128,上福,20,0,20,台新-台南,2023-02-21,8159
2471,資通,22,3,19,台新-台南,2023-02-21,8159
3071,協禧,19,0,19,台新-台南,2023-02-21,8159
2206,三陽工業,29,11,18,台新-台南,2023-02-21,8159
3189,景碩,24,6,18,台新-台南,2023-02-21,8159
2867,三商壽,18,1,17,台新-台南,2023-02-21,8159
00725B,國泰投資級公司債,17,0,17,台新-台南,2023-02-21,8159
3675,德微,23,6,17,台新-台南,2023-02-21,8159
00665L,富邦�琤肭磪囓�2,35,18,17,台新-台南,2023-02-21,8159
2413,環科,17,0,17,台新-台南,2023-02-21,8159
00679B,元大美債20年,16,0,16,台新-台南,2023-02-21,8159
5608,四維航,16,0,16,台新-台南,2023-02-21,8159
00772B,中信高評級公司債,16,0,16,台新-台南,2023-02-21,8159
5351,鈺創,24,8,16,台新-台南,2023-02-21,8159
2618,長榮航,844,9,835,台新-台南,2023-02-22,8159
2338,光罩,214,18,196,台新-台南,2023-02-22,8159
00878,國泰永續高股息,228,85,143,台新-台南,2023-02-22,8159
1584,精剛,180,62,118,台新-台南,2023-02-22,8159
3037,欣興,98,15,83,台新-台南,2023-02-22,8159
8936,國統,128,55,73,台新-台南,2023-02-22,8159
2027,大成鋼,68,1,67,台新-台南,2023-02-22,8159
3625,西勝,64,0,64,台新-台南,2023-02-22,8159
3290,東浦,70,8,62,台新-台南,2023-02-22,8159
2201,裕隆,76,17,59,台新-台南,2023-02-22,8159
2867,三商壽,58,2,56,台新-台南,2023-02-22,8159
00882,中信中國高股息,52,1,51,台新-台南,2023-02-22,8159
00751B,元大AAA至A公司債,51,0,51,台新-台南,2023-02-22,8159
2891,中信金,52,2,50,台新-台南,2023-02-22,8159
5512,力麒,55,6,49,台新-台南,2023-02-22,8159
2457,飛宏,100,54,46,台新-台南,2023-02-22,8159
8255,朋程,45,1,44,台新-台南,2023-02-22,8159
1519,華城,91,48,43,台新-台南,2023-02-22,8159
00680L,元大美債20正2,42,0,42,台新-台南,2023-02-22,8159
2884,玉山金,51,15,36,台新-台南,2023-02-22,8159
1810,和成,47,12,35,台新-台南,2023-02-22,8159
00715L,期街口布蘭特正2,44,10,34,台新-台南,2023-02-22,8159
1513,中興電,115,81,34,台新-台南,2023-02-22,8159
3532,台勝科,31,1,30,台新-台南,2023-02-22,8159
3202,樺晟,30,0,30,台新-台南,2023-02-22,8159
5425,台半,45,15,30,台新-台南,2023-02-22,8159
2303,聯電,51,22,29,台新-台南,2023-02-22,8159
00881,國泰台灣5G+,34,6,28,台新-台南,2023-02-22,8159
00720B,元大投資級公司債,28,0,28,台新-台南,2023-02-22,8159
00852L,國泰美國道瓊正2,27,0,27,台新-台南,2023-02-22,8159
1514,亞力,71,44,27,台新-台南,2023-02-22,8159
00725B,國泰投資級公司債,27,0,27,台新-台南,2023-02-22,8159
4114,健喬,54,28,26,台新-台南,2023-02-22,8159
3035,智原,111,86,25,台新-台南,2023-02-22,8159
2408,南亞科,24,0,24,台新-台南,2023-02-22,8159
00772B,中信高評級公司債,24,0,24,台新-台南,2023-02-22,8159
6509,聚和,22,0,22,台新-台南,2023-02-22,8159
6179,亞通,25,3,22,台新-台南,2023-02-22,8159
2887,台新金,31,9,22,台新-台南,2023-02-22,8159
2888,新光金,29,8,21,台新-台南,2023-02-22,8159
2388,威盛,35,14,21,台新-台南,2023-02-22,8159
00773B,中信優先金融債,21,0,21,台新-台南,2023-02-22,8159
00636,國泰中國A50,20,0,20,台新-台南,2023-02-22,8159
2323,中環,20,0,20,台新-台南,2023-02-22,8159
00902,中信電池及儲能,19,0,19,台新-台南,2023-02-22,8159
5905,南仁湖,22,4,18,台新-台南,2023-02-22,8159
2405,輔信,18,0,18,台新-台南,2023-02-22,8159
00651R,復華香港反1,18,0,18,台新-台南,2023-02-22,8159
1524,耿鼎,17,0,17,台新-台南,2023-02-22,8159
2329,華泰,17,0,17,台新-台南,2023-02-22,8159
00676R,富邦臺灣加權反1,350,30,320,台新-台南,2023-02-23,8159
00664R,國泰臺灣加權反1,283,0,283,台新-台南,2023-02-23,8159
1314,中石化,311,34,277,台新-台南,2023-02-23,8159
00632R,元大台灣50反1,238,5,233,台新-台南,2023-02-23,8159
00715L,期街口布蘭特正2,142,5,137,台新-台南,2023-02-23,8159
2838,聯邦銀,100,0,100,台新-台南,2023-02-23,8159
2897,王道銀行,101,50,51,台新-台南,2023-02-23,8159
1605,華新,70,20,50,台新-台南,2023-02-23,8159
2801,彰銀,50,2,48,台新-台南,2023-02-23,8159
2892,第一金,50,7,43,台新-台南,2023-02-23,8159
8936,國統,59,20,39,台新-台南,2023-02-23,8159
1514,亞力,58,25,33,台新-台南,2023-02-23,8159
8112,至上,30,0,30,台新-台南,2023-02-23,8159
00712,復華富時不動產,29,0,29,台新-台南,2023-02-23,8159
3705,永信,29,0,29,台新-台南,2023-02-23,8159
3481,群創,168,140,28,台新-台南,2023-02-23,8159
00642U,期元大S＆P石油,29,1,28,台新-台南,2023-02-23,8159
2812,台中銀,32,6,26,台新-台南,2023-02-23,8159
4960,誠美材,27,1,26,台新-台南,2023-02-23,8159
6548,長科*,31,5,26,台新-台南,2023-02-23,8159
5608,四維航,76,50,26,台新-台南,2023-02-23,8159
2399,映泰,36,12,24,台新-台南,2023-02-23,8159
00772B,中信高評級公司債,23,0,23,台新-台南,2023-02-23,8159
00882,中信中國高股息,23,0,23,台新-台南,2023-02-23,8159
00885,富邦越南,28,5,23,台新-台南,2023-02-23,8159
5519,隆大,20,0,20,台新-台南,2023-02-23,8159
2617,台航,30,11,19,台新-台南,2023-02-23,8159
4919,新唐,30,11,19,台新-台南,2023-02-23,8159
00679B,元大美債20年,19,1,18,台新-台南,2023-02-23,8159
6266,泰詠,29,11,18,台新-台南,2023-02-23,8159
2888,新光金,29,12,17,台新-台南,2023-02-23,8159
8033,雷虎,27,10,17,台新-台南,2023-02-23,8159
00751B,元大AAA至A公司債,19,3,16,台新-台南,2023-02-23,8159
2618,長榮航,31,15,16,台新-台南,2023-02-23,8159
9907,統一實,25,10,15,台新-台南,2023-02-23,8159
2460,建通,16,1,15,台新-台南,2023-02-23,8159
2375,凱美,15,0,15,台新-台南,2023-02-23,8159
00706L,期元大S＆P日圓正2,15,0,15,台新-台南,2023-02-23,8159
1104,環泥,15,1,14,台新-台南,2023-02-23,8159
3027,盛達,30,17,13,台新-台南,2023-02-23,8159
1736,喬山,13,0,13,台新-台南,2023-02-23,8159
2457,飛宏,37,24,13,台新-台南,2023-02-23,8159
2468,華經,13,0,13,台新-台南,2023-02-23,8159
1215,卜蜂,13,0,13,台新-台南,2023-02-23,8159
3265,台星科,13,0,13,台新-台南,2023-02-23,8159
8476,台境*,13,0,13,台新-台南,2023-02-23,8159
00852L,國泰美國道瓊正2,12,0,12,台新-台南,2023-02-23,8159
1342,八貫,17,5,12,台新-台南,2023-02-23,8159
1712,興農,14,2,12,台新-台南,2023-02-23,8159
2537,聯上發,12,0,12,台新-台南,2023-02-23,8159
00671R,富邦NASDAQ反1,400,0,400,台新-台南,2023-02-24,8159
00878,國泰永續高股息,200,16,184,台新-台南,2023-02-24,8159
2897,王道銀行,148,2,146,台新-台南,2023-02-24,8159
00882,中信中國高股息,143,0,143,台新-台南,2023-02-24,8159
00632R,元大台灣50反1,271,146,125,台新-台南,2023-02-24,8159
4162,智擎,104,0,104,台新-台南,2023-02-24,8159
3037,欣興,113,18,95,台新-台南,2023-02-24,8159
2337,旺宏,84,0,84,台新-台南,2023-02-24,8159
2317,鴻海,82,3,79,台新-台南,2023-02-24,8159
3594,磐儀,61,3,58,台新-台南,2023-02-24,8159
00753L,中信中國50正2,47,0,47,台新-台南,2023-02-24,8159
1314,中石化,43,0,43,台新-台南,2023-02-24,8159
2353,宏��,41,0,41,台新-台南,2023-02-24,8159
1584,精剛,77,36,41,台新-台南,2023-02-24,8159
00679B,元大美債20年,38,1,37,台新-台南,2023-02-24,8159
2618,長榮航,38,2,36,台新-台南,2023-02-24,8159
2002,中鋼,36,1,35,台新-台南,2023-02-24,8159
6770,力積電,35,2,33,台新-台南,2023-02-24,8159
8222,寶一,49,17,32,台新-台南,2023-02-24,8159
2886,兆豐金,31,0,31,台新-台南,2023-02-24,8159
3207,耀勝,35,5,30,台新-台南,2023-02-24,8159
2344,華邦電,34,5,29,台新-台南,2023-02-24,8159
2425,承啟,30,1,29,台新-台南,2023-02-24,8159
2812,台中銀,33,5,28,台新-台南,2023-02-24,8159
2457,飛宏,34,7,27,台新-台南,2023-02-24,8159
8182,加高,25,0,25,台新-台南,2023-02-24,8159
5285,界霖,25,2,23,台新-台南,2023-02-24,8159
2887,台新金,31,10,21,台新-台南,2023-02-24,8159
00885,富邦越南,23,2,21,台新-台南,2023-02-24,8159
2610,華航,27,7,20,台新-台南,2023-02-24,8159
3374,精材,20,0,20,台新-台南,2023-02-24,8159
2371,大同,20,0,20,台新-台南,2023-02-24,8159
2104,國際中橡,20,0,20,台新-台南,2023-02-24,8159
3593,力銘,19,0,19,台新-台南,2023-02-24,8159
0056,元大高股息,21,2,19,台新-台南,2023-02-24,8159
2423,固緯,18,0,18,台新-台南,2023-02-24,8159
6147,頎邦,18,1,17,台新-台南,2023-02-24,8159
3038,全台,21,4,17,台新-台南,2023-02-24,8159
4919,新唐,26,9,17,台新-台南,2023-02-24,8159
2498,宏達電,34,18,16,台新-台南,2023-02-24,8159
2458,義隆,15,0,15,台新-台南,2023-02-24,8159
9950,萬國通,15,0,15,台新-台南,2023-02-24,8159
1402,遠東新,15,0,15,台新-台南,2023-02-24,8159
8046,南電,22,8,14,台新-台南,2023-02-24,8159
2208,台船,15,1,14,台新-台南,2023-02-24,8159
3362,先進光,36,22,14,台新-台南,2023-02-24,8159
4979,華星光,21,7,14,台新-台南,2023-02-24,8159
1513,中興電,57,43,14,台新-台南,2023-02-24,8159
8086,宏捷科,13,0,13,台新-台南,2023-02-24,8159
1342,八貫,13,0,13,台新-台南,2023-02-24,8159
00878,國泰永續高股息,265,68,197,台新-台南,2023-03-01,8159
2208,台船,173,3,170,台新-台南,2023-03-01,8159
2891,中信金,124,7,117,台新-台南,2023-03-01,8159
2515,中工,105,2,103,台新-台南,2023-03-01,8159
2337,旺宏,59,1,58,台新-台南,2023-03-01,8159
1319,東陽,55,1,54,台新-台南,2023-03-01,8159
1101,台泥,77,28,49,台新-台南,2023-03-01,8159
2888,新光金,57,9,48,台新-台南,2023-03-01,8159
00772B,中信高評級公司債,43,0,43,台新-台南,2023-03-01,8159
2014,中鴻,39,3,36,台新-台南,2023-03-01,8159
2002,中鋼,34,0,34,台新-台南,2023-03-01,8159
00852L,國泰美國道瓊正2,35,1,34,台新-台南,2023-03-01,8159
5425,台半,40,7,33,台新-台南,2023-03-01,8159
2618,長榮航,55,24,31,台新-台南,2023-03-01,8159
00712,復華富時不動產,26,0,26,台新-台南,2023-03-01,8159
00680L,元大美債20正2,24,0,24,台新-台南,2023-03-01,8159
2457,飛宏,30,7,23,台新-台南,2023-03-01,8159
1314,中石化,30,7,23,台新-台南,2023-03-01,8159
2344,華邦電,35,12,23,台新-台南,2023-03-01,8159
2614,東森,23,0,23,台新-台南,2023-03-01,8159
5880,合庫金,23,1,22,台新-台南,2023-03-01,8159
9945,潤泰新,24,2,22,台新-台南,2023-03-01,8159
2498,宏達電,81,60,21,台新-台南,2023-03-01,8159
2885,元大金,22,1,21,台新-台南,2023-03-01,8159
4157,太景*-KY,21,0,21,台新-台南,2023-03-01,8159
1313,聯成,21,0,21,台新-台南,2023-03-01,8159
9907,統一實,20,0,20,台新-台南,2023-03-01,8159
2504,國產,20,0,20,台新-台南,2023-03-01,8159
00885,富邦越南,21,1,20,台新-台南,2023-03-01,8159
2605,新興,82,63,19,台新-台南,2023-03-01,8159
2606,裕民,44,26,18,台新-台南,2023-03-01,8159
8033,雷虎,22,4,18,台新-台南,2023-03-01,8159
00676R,富邦臺灣加權反1,18,0,18,台新-台南,2023-03-01,8159
1708,東鹼,32,14,18,台新-台南,2023-03-01,8159
2388,威盛,44,26,18,台新-台南,2023-03-01,8159
1103,嘉泥,18,0,18,台新-台南,2023-03-01,8159
00713,元大台灣高息低波,17,0,17,台新-台南,2023-03-01,8159
2454,聯發科,26,9,17,台新-台南,2023-03-01,8159
8069,元太,28,11,17,台新-台南,2023-03-01,8159
2317,鴻海,46,29,17,台新-台南,2023-03-01,8159
3481,群創,27,10,17,台新-台南,2023-03-01,8159
2883,凱基金,22,6,16,台新-台南,2023-03-01,8159
2615,萬海,17,2,15,台新-台南,2023-03-01,8159
0056,元大高股息,27,12,15,台新-台南,2023-03-01,8159
00900,富邦特選高股息30,15,0,15,台新-台南,2023-03-01,8159
6548,長科*,14,0,14,台新-台南,2023-03-01,8159
00679B,元大美債20年,14,0,14,台新-台南,2023-03-01,8159
4915,致伸,20,7,13,台新-台南,2023-03-01,8159
3715,定穎投控,13,0,13,台新-台南,2023-03-01,8159
2368,金像電,25,12,13,台新-台南,2023-03-01,8159
2884,玉山金,534,6,528,台新-台南,2023-03-02,8159
1605,華新,224,92,132,台新-台南,2023-03-02,8159
2027,大成鋼,169,49,120,台新-台南,2023-03-02,8159
00878,國泰永續高股息,251,147,104,台新-台南,2023-03-02,8159
2201,裕隆,103,7,96,台新-台南,2023-03-02,8159
00772B,中信高評級公司債,64,0,64,台新-台南,2023-03-02,8159
6190,萬泰科,70,14,56,台新-台南,2023-03-02,8159
2891,中信金,58,2,56,台新-台南,2023-03-02,8159
2495,普安,53,2,51,台新-台南,2023-03-02,8159
00712,復華富時不動產,48,0,48,台新-台南,2023-03-02,8159
2363,矽統,47,1,46,台新-台南,2023-03-02,8159
3594,磐儀,57,12,45,台新-台南,2023-03-02,8159
2606,裕民,99,55,44,台新-台南,2023-03-02,8159
6235,華孚,99,66,33,台新-台南,2023-03-02,8159
8383,千附,32,0,32,台新-台南,2023-03-02,8159
2812,台中銀,30,0,30,台新-台南,2023-03-02,8159
00885,富邦越南,28,0,28,台新-台南,2023-03-02,8159
00680L,元大美債20正2,63,36,27,台新-台南,2023-03-02,8159
8222,寶一,25,0,25,台新-台南,2023-03-02,8159
4167,松瑞藥,24,0,24,台新-台南,2023-03-02,8159
6163,華電網,24,0,24,台新-台南,2023-03-02,8159
8936,國統,31,7,24,台新-台南,2023-03-02,8159
5465,富驊,23,0,23,台新-台南,2023-03-02,8159
00679B,元大美債20年,22,0,22,台新-台南,2023-03-02,8159
00670L,富邦NASDAQ正2,25,3,22,台新-台南,2023-03-02,8159
2482,連宇,44,23,21,台新-台南,2023-03-02,8159
00664R,國泰臺灣加權反1,61,40,21,台新-台南,2023-03-02,8159
2892,第一金,22,2,20,台新-台南,2023-03-02,8159
2067,嘉鋼,20,0,20,台新-台南,2023-03-02,8159
8105,凌巨,20,0,20,台新-台南,2023-03-02,8159
2618,長榮航,31,14,17,台新-台南,2023-03-02,8159
4541,晟田,17,1,16,台新-台南,2023-03-02,8159
1219,福壽,24,8,16,台新-台南,2023-03-02,8159
4534,慶騰,16,0,16,台新-台南,2023-03-02,8159
2886,兆豐金,21,6,15,台新-台南,2023-03-02,8159
00752,中信中國50,15,0,15,台新-台南,2023-03-02,8159
00773B,中信優先金融債,15,0,15,台新-台南,2023-03-02,8159
6179,亞通,15,0,15,台新-台南,2023-03-02,8159
00916,國泰全球品牌50,20,5,15,台新-台南,2023-03-02,8159
2359,所羅門,25,11,14,台新-台南,2023-03-02,8159
1210,大成,19,5,14,台新-台南,2023-03-02,8159
5351,鈺創,17,4,13,台新-台南,2023-03-02,8159
6411,晶焱,15,2,13,台新-台南,2023-03-02,8159
3038,全台,13,0,13,台新-台南,2023-03-02,8159
6282,康舒,26,13,13,台新-台南,2023-03-02,8159
00751B,元大AAA至A公司債,13,0,13,台新-台南,2023-03-02,8159
00720B,元大投資級公司債,12,0,12,台新-台南,2023-03-02,8159
5425,台半,13,1,12,台新-台南,2023-03-02,8159
3545,敦泰,15,3,12,台新-台南,2023-03-02,8159
2605,新興,53,41,12,台新-台南,2023-03-02,8159
2633,台灣高鐵,402,2,400,台新-台南,2023-03-03,8159
00676R,富邦臺灣加權反1,140,0,140,台新-台南,2023-03-03,8159
1605,華新,111,23,88,台新-台南,2023-03-03,8159
2609,陽明,201,118,83,台新-台南,2023-03-03,8159
1504,東元,87,11,76,台新-台南,2023-03-03,8159
2457,飛宏,140,65,75,台新-台南,2023-03-03,8159
2812,台中銀,67,0,67,台新-台南,2023-03-03,8159
2353,宏��,60,0,60,台新-台南,2023-03-03,8159
00664R,國泰臺灣加權反1,60,0,60,台新-台南,2023-03-03,8159
00878,國泰永續高股息,94,50,44,台新-台南,2023-03-03,8159
2641,正德,57,13,44,台新-台南,2023-03-03,8159
2834,臺企銀,97,60,37,台新-台南,2023-03-03,8159
2208,台船,36,0,36,台新-台南,2023-03-03,8159
2845,遠東銀,56,22,34,台新-台南,2023-03-03,8159
6531,愛普*,50,18,32,台新-台南,2023-03-03,8159
4167,松瑞藥,33,2,31,台新-台南,2023-03-03,8159
8415,大國鋼,30,0,30,台新-台南,2023-03-03,8159
1101,台泥,31,3,28,台新-台南,2023-03-03,8159
8033,雷虎,42,15,27,台新-台南,2023-03-03,8159
00772B,中信高評級公司債,25,0,25,台新-台南,2023-03-03,8159
8936,國統,65,41,24,台新-台南,2023-03-03,8159
00885,富邦越南,24,0,24,台新-台南,2023-03-03,8159
2884,玉山金,29,6,23,台新-台南,2023-03-03,8159
2498,宏達電,36,15,21,台新-台南,2023-03-03,8159
8255,朋程,23,2,21,台新-台南,2023-03-03,8159
2337,旺宏,35,15,20,台新-台南,2023-03-03,8159
3536,誠創,20,0,20,台新-台南,2023-03-03,8159
2886,兆豐金,21,1,20,台新-台南,2023-03-03,8159
3028,增你強,19,0,19,台新-台南,2023-03-03,8159
00650L,復華香港正2,18,0,18,台新-台南,2023-03-03,8159
6160,欣技,32,15,17,台新-台南,2023-03-03,8159
8401,白紗科,17,0,17,台新-台南,2023-03-03,8159
8112,至上,26,9,17,台新-台南,2023-03-03,8159
8938,明安,34,18,16,台新-台南,2023-03-03,8159
2419,仲琦,22,6,16,台新-台南,2023-03-03,8159
4915,致伸,19,4,15,台新-台南,2023-03-03,8159
2890,永豐金,17,2,15,台新-台南,2023-03-03,8159
2892,第一金,15,0,15,台新-台南,2023-03-03,8159
2887,台新金,21,6,15,台新-台南,2023-03-03,8159
2388,威盛,39,25,14,台新-台南,2023-03-03,8159
2495,普安,14,0,14,台新-台南,2023-03-03,8159
4967,十銓,19,5,14,台新-台南,2023-03-03,8159
6547,高端疫苗,14,0,14,台新-台南,2023-03-03,8159
4747,強生,13,0,13,台新-台南,2023-03-03,8159
2891,中信金,14,1,13,台新-台南,2023-03-03,8159
3128,昇銳,130,117,13,台新-台南,2023-03-03,8159
3356,奇偶,20,7,13,台新-台南,2023-03-03,8159
3479,安勤,28,15,13,台新-台南,2023-03-03,8159
00712,復華富時不動產,23,10,13,台新-台南,2023-03-03,8159
3034,聯詠,13,1,12,台新-台南,2023-03-03,8159
00676R,富邦臺灣加權反1,136,10,126,台新-台南,2023-03-06,8159
00673R,期元大S＆P原油反1,112,16,96,台新-台南,2023-03-06,8159
6177,達麗,90,0,90,台新-台南,2023-03-06,8159
2515,中工,90,0,90,台新-台南,2023-03-06,8159
2609,陽明,296,220,76,台新-台南,2023-03-06,8159
2457,飛宏,118,46,72,台新-台南,2023-03-06,8159
00878,國泰永續高股息,142,84,58,台新-台南,2023-03-06,8159
2801,彰銀,50,0,50,台新-台南,2023-03-06,8159
4114,健喬,54,9,45,台新-台南,2023-03-06,8159
4167,松瑞藥,49,6,43,台新-台南,2023-03-06,8159
2812,台中銀,51,9,42,台新-台南,2023-03-06,8159
8936,國統,44,2,42,台新-台南,2023-03-06,8159
3310,佳穎,40,0,40,台新-台南,2023-03-06,8159
2344,華邦電,77,42,35,台新-台南,2023-03-06,8159
00882,中信中國高股息,34,2,32,台新-台南,2023-03-06,8159
6417,韋僑,31,0,31,台新-台南,2023-03-06,8159
6548,長科*,43,13,30,台新-台南,2023-03-06,8159
00664R,國泰臺灣加權反1,50,20,30,台新-台南,2023-03-06,8159
00885,富邦越南,33,5,28,台新-台南,2023-03-06,8159
2886,兆豐金,29,1,28,台新-台南,2023-03-06,8159
8105,凌巨,73,48,25,台新-台南,2023-03-06,8159
00669R,國泰美國道瓊反1,25,0,25,台新-台南,2023-03-06,8159
5608,四維航,36,11,25,台新-台南,2023-03-06,8159
2888,新光金,23,0,23,台新-台南,2023-03-06,8159
3049,精金,23,0,23,台新-台南,2023-03-06,8159
3686,達能,21,0,21,台新-台南,2023-03-06,8159
1611,中電,20,0,20,台新-台南,2023-03-06,8159
4934,太極,20,0,20,台新-台南,2023-03-06,8159
1210,大成,51,31,20,台新-台南,2023-03-06,8159
2352,佳世達,20,2,18,台新-台南,2023-03-06,8159
2610,華航,30,12,18,台新-台南,2023-03-06,8159
2634,漢翔,24,7,17,台新-台南,2023-03-06,8159
1229,聯華,18,1,17,台新-台南,2023-03-06,8159
9958,世紀鋼,15,0,15,台新-台南,2023-03-06,8159
5302,太欣,15,0,15,台新-台南,2023-03-06,8159
00637L,元大滬深300正2,14,0,14,台新-台南,2023-03-06,8159
00902,中信電池及儲能,15,1,14,台新-台南,2023-03-06,8159
00653L,富邦印度正2,13,0,13,台新-台南,2023-03-06,8159
3048,益登,13,0,13,台新-台南,2023-03-06,8159
4702,中美實,13,0,13,台新-台南,2023-03-06,8159
2887,台新金,19,6,13,台新-台南,2023-03-06,8159
1514,亞力,12,0,12,台新-台南,2023-03-06,8159
8476,台境*,18,6,12,台新-台南,2023-03-06,8159
2482,連宇,55,43,12,台新-台南,2023-03-06,8159
00633L,富邦上証正2,12,0,12,台新-台南,2023-03-06,8159
2618,長榮航,14,3,11,台新-台南,2023-03-06,8159
6462,神盾,11,0,11,台新-台南,2023-03-06,8159
2313,華通,16,5,11,台新-台南,2023-03-06,8159
2312,金寶,10,0,10,台新-台南,2023-03-06,8159
2616,山隆,10,0,10,台新-台南,2023-03-06,8159
2618,長榮航,286,18,268,台新-台南,2023-03-07,8159
2845,遠東銀,200,2,198,台新-台南,2023-03-07,8159
00673R,期元大S＆P原油反1,138,0,138,台新-台南,2023-03-07,8159
2344,華邦電,160,37,123,台新-台南,2023-03-07,8159
6770,力積電,122,15,107,台新-台南,2023-03-07,8159
6282,康舒,175,76,99,台新-台南,2023-03-07,8159
00885,富邦越南,71,0,71,台新-台南,2023-03-07,8159
2481,強茂,99,41,58,台新-台南,2023-03-07,8159
4162,智擎,54,0,54,台新-台南,2023-03-07,8159
00632R,元大台灣50反1,92,43,49,台新-台南,2023-03-07,8159
8476,台境*,47,5,42,台新-台南,2023-03-07,8159
00669R,國泰美國道瓊反1,40,0,40,台新-台南,2023-03-07,8159
3005,神基,65,28,37,台新-台南,2023-03-07,8159
1514,亞力,46,10,36,台新-台南,2023-03-07,8159
2498,宏達電,55,19,36,台新-台南,2023-03-07,8159
1760,寶齡富錦,42,8,34,台新-台南,2023-03-07,8159
3481,群創,77,44,33,台新-台南,2023-03-07,8159
2882,國泰金,36,4,32,台新-台南,2023-03-07,8159
1524,耿鼎,41,10,31,台新-台南,2023-03-07,8159
3037,欣興,41,11,30,台新-台南,2023-03-07,8159
1447,力鵬,30,0,30,台新-台南,2023-03-07,8159
3272,東碩,30,0,30,台新-台南,2023-03-07,8159
00902,中信電池及儲能,30,0,30,台新-台南,2023-03-07,8159
3528,安馳,30,0,30,台新-台南,2023-03-07,8159
2887,台新金,32,4,28,台新-台南,2023-03-07,8159
1795,美時,29,4,25,台新-台南,2023-03-07,8159
2401,凌陽,28,3,25,台新-台南,2023-03-07,8159
3715,定穎投控,24,0,24,台新-台南,2023-03-07,8159
6235,華孚,94,71,23,台新-台南,2023-03-07,8159
1101,台泥,24,1,23,台新-台南,2023-03-07,8159
2423,固緯,22,0,22,台新-台南,2023-03-07,8159
3029,零壹,30,8,22,台新-台南,2023-03-07,8159
00680L,元大美債20正2,26,5,21,台新-台南,2023-03-07,8159
2359,所羅門,43,22,21,台新-台南,2023-03-07,8159
6220,岳豐,21,1,20,台新-台南,2023-03-07,8159
1907,永豐餘,20,1,19,台新-台南,2023-03-07,8159
2511,太子,21,2,19,台新-台南,2023-03-07,8159
4924,欣厚-KY,19,0,19,台新-台南,2023-03-07,8159
2890,永豐金,22,3,19,台新-台南,2023-03-07,8159
2388,威盛,37,19,18,台新-台南,2023-03-07,8159
2371,大同,25,8,17,台新-台南,2023-03-07,8159
0056,元大高股息,28,12,16,台新-台南,2023-03-07,8159
3017,奇鋐,16,0,16,台新-台南,2023-03-07,8159
4906,正文,17,1,16,台新-台南,2023-03-07,8159
3576,聯合再生,20,5,15,台新-台南,2023-03-07,8159
4989,榮科,15,0,15,台新-台南,2023-03-07,8159
8409,商之器,15,0,15,台新-台南,2023-03-07,8159
3169,亞信,15,0,15,台新-台南,2023-03-07,8159
2885,元大金,20,6,14,台新-台南,2023-03-07,8159
2412,中華電,14,0,14,台新-台南,2023-03-07,8159
2609,陽明,160,8,152,台新-台南,2023-03-08,8159
2891,中信金,134,0,134,台新-台南,2023-03-08,8159
2888,新光金,135,1,134,台新-台南,2023-03-08,8159
1605,華新,171,69,102,台新-台南,2023-03-08,8159
2884,玉山金,108,19,89,台新-台南,2023-03-08,8159
00878,國泰永續高股息,97,16,81,台新-台南,2023-03-08,8159
3013,晟銘電,101,23,78,台新-台南,2023-03-08,8159
00773B,中信優先金融債,78,0,78,台新-台南,2023-03-08,8159
6548,長科*,92,20,72,台新-台南,2023-03-08,8159
00715L,期街口布蘭特正2,80,12,68,台新-台南,2023-03-08,8159
9907,統一實,90,22,68,台新-台南,2023-03-08,8159
2606,裕民,69,10,59,台新-台南,2023-03-08,8159
2104,國際中橡,52,0,52,台新-台南,2023-03-08,8159
2413,環科,60,11,49,台新-台南,2023-03-08,8159
2867,三商壽,50,2,48,台新-台南,2023-03-08,8159
6129,普誠,93,45,48,台新-台南,2023-03-08,8159
2883,凱基金,48,2,46,台新-台南,2023-03-08,8159
00923,群益台ESG低碳50,44,0,44,台新-台南,2023-03-08,8159
00882,中信中國高股息,39,2,37,台新-台南,2023-03-08,8159
6290,良維,42,7,35,台新-台南,2023-03-08,8159
00637L,元大滬深300正2,33,0,33,台新-台南,2023-03-08,8159
2374,佳能,31,0,31,台新-台南,2023-03-08,8159
00665L,富邦�琤肭磪囓�2,60,30,30,台新-台南,2023-03-08,8159
2344,華邦電,58,28,30,台新-台南,2023-03-08,8159
8222,寶一,92,64,28,台新-台南,2023-03-08,8159
6589,台康生技,29,2,27,台新-台南,2023-03-08,8159
3705,永信,27,0,27,台新-台南,2023-03-08,8159
00753L,中信中國50正2,27,0,27,台新-台南,2023-03-08,8159
00752,中信中國50,26,0,26,台新-台南,2023-03-08,8159
1504,東元,39,14,25,台新-台南,2023-03-08,8159
1101,台泥,41,17,24,台新-台南,2023-03-08,8159
1708,東鹼,34,10,24,台新-台南,2023-03-08,8159
2481,強茂,103,81,22,台新-台南,2023-03-08,8159
3029,零壹,43,21,22,台新-台南,2023-03-08,8159
2317,鴻海,23,1,22,台新-台南,2023-03-08,8159
2618,長榮航,25,4,21,台新-台南,2023-03-08,8159
00680L,元大美債20正2,27,7,20,台新-台南,2023-03-08,8159
1701,中化,25,6,19,台新-台南,2023-03-08,8159
1432,大魯閣,20,1,19,台新-台南,2023-03-08,8159
0056,元大高股息,28,9,19,台新-台南,2023-03-08,8159
4167,松瑞藥,20,2,18,台新-台南,2023-03-08,8159
2369,菱生,20,2,18,台新-台南,2023-03-08,8159
5512,力麒,22,5,17,台新-台南,2023-03-08,8159
2511,太子,19,2,17,台新-台南,2023-03-08,8159
9904,寶成,17,0,17,台新-台南,2023-03-08,8159
1102,亞泥,20,4,16,台新-台南,2023-03-08,8159
4543,萬在,23,7,16,台新-台南,2023-03-08,8159
2731,雄獅,17,2,15,台新-台南,2023-03-08,8159
00713,元大台灣高息低波,15,1,14,台新-台南,2023-03-08,8159
1584,精剛,39,25,14,台新-台南,2023-03-08,8159
2618,長榮航,313,53,260,台新-台南,2023-03-09,8159
3481,群創,229,17,212,台新-台南,2023-03-09,8159
00878,國泰永續高股息,202,11,191,台新-台南,2023-03-09,8159
3013,晟銘電,102,3,99,台新-台南,2023-03-09,8159
2880,華南金,93,0,93,台新-台南,2023-03-09,8159
2338,光罩,100,13,87,台新-台南,2023-03-09,8159
2027,大成鋼,86,2,84,台新-台南,2023-03-09,8159
8936,國統,80,1,79,台新-台南,2023-03-09,8159
00923,群益台ESG低碳50,74,0,74,台新-台南,2023-03-09,8159
1101,台泥,85,24,61,台新-台南,2023-03-09,8159
2511,太子,60,0,60,台新-台南,2023-03-09,8159
2634,漢翔,118,66,52,台新-台南,2023-03-09,8159
2457,飛宏,282,231,51,台新-台南,2023-03-09,8159
00715L,期街口布蘭特正2,50,0,50,台新-台南,2023-03-09,8159
2890,永豐金,50,1,49,台新-台南,2023-03-09,8159
2352,佳世達,49,0,49,台新-台南,2023-03-09,8159
1609,大亞,75,29,46,台新-台南,2023-03-09,8159
2834,臺企銀,56,13,43,台新-台南,2023-03-09,8159
6290,良維,51,9,42,台新-台南,2023-03-09,8159
2887,台新金,37,1,36,台新-台南,2023-03-09,8159
6163,華電網,36,0,36,台新-台南,2023-03-09,8159
8182,加高,36,0,36,台新-台南,2023-03-09,8159
4961,天鈺,60,24,36,台新-台南,2023-03-09,8159
2886,兆豐金,33,0,33,台新-台南,2023-03-09,8159
3715,定穎投控,33,0,33,台新-台南,2023-03-09,8159
8476,台境*,31,0,31,台新-台南,2023-03-09,8159
6443,元晶,39,9,30,台新-台南,2023-03-09,8159
2888,新光金,34,6,28,台新-台南,2023-03-09,8159
1313,聯成,25,0,25,台新-台南,2023-03-09,8159
1522,堤維西,25,0,25,台新-台南,2023-03-09,8159
2017,官田鋼,54,30,24,台新-台南,2023-03-09,8159
3038,全台,29,6,23,台新-台南,2023-03-09,8159
2401,凌陽,32,11,21,台新-台南,2023-03-09,8159
00712,復華富時不動產,21,0,21,台新-台南,2023-03-09,8159
8440,綠電,21,0,21,台新-台南,2023-03-09,8159
1104,環泥,20,0,20,台新-台南,2023-03-09,8159
2472,立隆電,28,8,20,台新-台南,2023-03-09,8159
2317,鴻海,36,17,19,台新-台南,2023-03-09,8159
2408,南亞科,33,14,19,台新-台南,2023-03-09,8159
3033,威健,19,0,19,台新-台南,2023-03-09,8159
6116,彩晶,18,0,18,台新-台南,2023-03-09,8159
2002,中鋼,17,0,17,台新-台南,2023-03-09,8159
2312,金寶,17,0,17,台新-台南,2023-03-09,8159
5880,合庫金,16,0,16,台新-台南,2023-03-09,8159
4164,承業醫,28,12,16,台新-台南,2023-03-09,8159
2368,金像電,24,8,16,台新-台南,2023-03-09,8159
2369,菱生,16,0,16,台新-台南,2023-03-09,8159
6548,長科*,50,34,16,台新-台南,2023-03-09,8159
3189,景碩,24,9,15,台新-台南,2023-03-09,8159
00772B,中信高評級公司債,15,0,15,台新-台南,2023-03-09,8159
2618,長榮航,856,27,829,台新-台南,2023-03-10,8159
00878,國泰永續高股息,580,36,544,台新-台南,2023-03-10,8159
1605,華新,157,19,138,台新-台南,2023-03-10,8159
00715L,期街口布蘭特正2,132,0,132,台新-台南,2023-03-10,8159
2453,凌群,173,62,111,台新-台南,2023-03-10,8159
2888,新光金,113,8,105,台新-台南,2023-03-10,8159
2633,台灣高鐵,105,0,105,台新-台南,2023-03-10,8159
0056,元大高股息,114,9,105,台新-台南,2023-03-10,8159
2883,凱基金,101,3,98,台新-台南,2023-03-10,8159
2017,官田鋼,117,27,90,台新-台南,2023-03-10,8159
1101,台泥,98,15,83,台新-台南,2023-03-10,8159
2471,資通,77,5,72,台新-台南,2023-03-10,8159
8069,元太,94,23,71,台新-台南,2023-03-10,8159
2834,臺企銀,76,9,67,台新-台南,2023-03-10,8159
00713,元大台灣高息低波,75,9,66,台新-台南,2023-03-10,8159
00772B,中信高評級公司債,82,17,65,台新-台南,2023-03-10,8159
00923,群益台ESG低碳50,64,0,64,台新-台南,2023-03-10,8159
2208,台船,64,3,61,台新-台南,2023-03-10,8159
00712,復華富時不動產,62,4,58,台新-台南,2023-03-10,8159
1721,三晃,57,0,57,台新-台南,2023-03-10,8159
2610,華航,83,28,55,台新-台南,2023-03-10,8159
3017,奇鋐,54,1,53,台新-台南,2023-03-10,8159
8255,朋程,51,0,51,台新-台南,2023-03-10,8159
6190,萬泰科,53,2,51,台新-台南,2023-03-10,8159
3035,智原,86,35,51,台新-台南,2023-03-10,8159
00753L,中信中國50正2,59,11,48,台新-台南,2023-03-10,8159
2323,中環,47,0,47,台新-台南,2023-03-10,8159
8936,國統,75,29,46,台新-台南,2023-03-10,8159
2498,宏達電,76,32,44,台新-台南,2023-03-10,8159
00882,中信中國高股息,46,4,42,台新-台南,2023-03-10,8159
2887,台新金,64,26,38,台新-台南,2023-03-10,8159
2890,永豐金,40,5,35,台新-台南,2023-03-10,8159
00900,富邦特選高股息30,41,6,35,台新-台南,2023-03-10,8159
2344,華邦電,77,43,34,台新-台南,2023-03-10,8159
2881,富邦金,34,0,34,台新-台南,2023-03-10,8159
3105,穩懋,38,4,34,台新-台南,2023-03-10,8159
8383,千附,33,0,33,台新-台南,2023-03-10,8159
6116,彩晶,53,21,32,台新-台南,2023-03-10,8159
2371,大同,34,3,31,台新-台南,2023-03-10,8159
2601,益航,31,0,31,台新-台南,2023-03-10,8159
6770,力積電,34,3,31,台新-台南,2023-03-10,8159
9945,潤泰新,30,0,30,台新-台南,2023-03-10,8159
2201,裕隆,30,3,27,台新-台南,2023-03-10,8159
2891,中信金,30,3,27,台新-台南,2023-03-10,8159
5309,系統電,26,0,26,台新-台南,2023-03-10,8159
3715,定穎投控,26,0,26,台新-台南,2023-03-10,8159
5608,四維航,42,17,25,台新-台南,2023-03-10,8159
6113,亞矽,25,0,25,台新-台南,2023-03-10,8159
6133,金橋,24,0,24,台新-台南,2023-03-10,8159
00654R,富邦印度反1,24,0,24,台新-台南,2023-03-10,8159
00878,國泰永續高股息,507,77,430,台新-台南,2023-03-13,8159
00632R,元大台灣50反1,468,52,416,台新-台南,2023-03-13,8159
2618,長榮航,271,17,254,台新-台南,2023-03-13,8159
2208,台船,106,1,105,台新-台南,2023-03-13,8159
2883,凱基金,92,4,88,台新-台南,2023-03-13,8159
1314,中石化,150,66,84,台新-台南,2023-03-13,8159
3481,群創,135,52,83,台新-台南,2023-03-13,8159
2402,毅嘉,107,28,79,台新-台南,2023-03-13,8159
2471,資通,87,9,78,台新-台南,2023-03-13,8159
1584,精剛,96,19,77,台新-台南,2023-03-13,8159
2888,新光金,130,63,67,台新-台南,2023-03-13,8159
00712,復華富時不動產,102,39,63,台新-台南,2023-03-13,8159
2337,旺宏,64,1,63,台新-台南,2023-03-13,8159
2603,長榮,105,48,57,台新-台南,2023-03-13,8159
00713,元大台灣高息低波,52,2,50,台新-台南,2023-03-13,8159
3624,光頡,73,28,45,台新-台南,2023-03-13,8159
3673,TPK-KY,45,1,44,台新-台南,2023-03-13,8159
8222,寶一,48,10,38,台新-台南,2023-03-13,8159
6548,長科*,58,22,36,台新-台南,2023-03-13,8159
2421,建準,35,3,32,台新-台南,2023-03-13,8159
8112,至上,33,3,30,台新-台南,2023-03-13,8159
5309,系統電,32,2,30,台新-台南,2023-03-13,8159
2457,飛宏,129,103,26,台新-台南,2023-03-13,8159
2413,環科,57,31,26,台新-台南,2023-03-13,8159
8476,台境*,35,9,26,台新-台南,2023-03-13,8159
1101,台泥,42,16,26,台新-台南,2023-03-13,8159
2388,威盛,122,97,25,台新-台南,2023-03-13,8159
00664R,國泰臺灣加權反1,24,0,24,台新-台南,2023-03-13,8159
2017,官田鋼,25,2,23,台新-台南,2023-03-13,8159
4976,佳凌,23,2,21,台新-台南,2023-03-13,8159
2887,台新金,68,48,20,台新-台南,2023-03-13,8159
2881,富邦金,19,1,18,台新-台南,2023-03-13,8159
2880,華南金,20,3,17,台新-台南,2023-03-13,8159
6180,橘子,17,0,17,台新-台南,2023-03-13,8159
00679B,元大美債20年,16,0,16,台新-台南,2023-03-13,8159
3535,晶彩科,16,0,16,台新-台南,2023-03-13,8159
6282,康舒,60,45,15,台新-台南,2023-03-13,8159
2342,茂矽,15,0,15,台新-台南,2023-03-13,8159
2885,元大金,15,0,15,台新-台南,2023-03-13,8159
3715,定穎投控,15,0,15,台新-台南,2023-03-13,8159
9945,潤泰新,15,1,14,台新-台南,2023-03-13,8159
3231,緯創,22,8,14,台新-台南,2023-03-13,8159
3675,德微,16,2,14,台新-台南,2023-03-13,8159
2338,光罩,16,3,13,台新-台南,2023-03-13,8159
00687B,國泰20年美債,13,0,13,台新-台南,2023-03-13,8159
00773B,中信優先金融債,13,0,13,台新-台南,2023-03-13,8159
6248,沛波,18,5,13,台新-台南,2023-03-13,8159
6531,愛普*,55,43,12,台新-台南,2023-03-13,8159
1720,生達,12,0,12,台新-台南,2023-03-13,8159
1103,嘉泥,12,0,12,台新-台南,2023-03-13,8159
00878,國泰永續高股息,642,37,605,台新-台南,2023-03-14,8159
00715L,期街口布蘭特正2,278,14,264,台新-台南,2023-03-14,8159
2338,光罩,140,16,124,台新-台南,2023-03-14,8159
00632R,元大台灣50反1,206,94,112,台新-台南,2023-03-14,8159
6274,台燿,104,1,103,台新-台南,2023-03-14,8159
2883,凱基金,93,6,87,台新-台南,2023-03-14,8159
2609,陽明,238,155,83,台新-台南,2023-03-14,8159
2888,新光金,84,2,82,台新-台南,2023-03-14,8159
2891,中信金,80,6,74,台新-台南,2023-03-14,8159
2303,聯電,97,25,72,台新-台南,2023-03-14,8159
2887,台新金,80,10,70,台新-台南,2023-03-14,8159
8046,南電,67,5,62,台新-台南,2023-03-14,8159
00882,中信中國高股息,63,4,59,台新-台南,2023-03-14,8159
00642U,期元大S＆P石油,53,0,53,台新-台南,2023-03-14,8159
1504,東元,69,17,52,台新-台南,2023-03-14,8159
2610,華航,55,3,52,台新-台南,2023-03-14,8159
2880,華南金,54,3,51,台新-台南,2023-03-14,8159
5328,華容,51,0,51,台新-台南,2023-03-14,8159
9105,泰金寶-DR,46,0,46,台新-台南,2023-03-14,8159
00907,永豐優息存股,45,0,45,台新-台南,2023-03-14,8159
4526,東台,45,0,45,台新-台南,2023-03-14,8159
00892,富邦台灣半導體,41,0,41,台新-台南,2023-03-14,8159
2409,友達,50,11,39,台新-台南,2023-03-14,8159
00665L,富邦�琤肭磪囓�2,68,29,39,台新-台南,2023-03-14,8159
2834,臺企銀,133,95,38,台新-台南,2023-03-14,8159
00751B,元大AAA至A公司債,34,0,34,台新-台南,2023-03-14,8159
2471,資通,35,1,34,台新-台南,2023-03-14,8159
00713,元大台灣高息低波,37,6,31,台新-台南,2023-03-14,8159
1314,中石化,30,0,30,台新-台南,2023-03-14,8159
2359,所羅門,53,23,30,台新-台南,2023-03-14,8159
00712,復華富時不動產,31,2,29,台新-台南,2023-03-14,8159
2388,威盛,92,63,29,台新-台南,2023-03-14,8159
1101,台泥,31,6,25,台新-台南,2023-03-14,8159
8938,明安,30,6,24,台新-台南,2023-03-14,8159
2884,玉山金,38,14,24,台新-台南,2023-03-14,8159
3059,華晶科,23,0,23,台新-台南,2023-03-14,8159
00720B,元大投資級公司債,23,0,23,台新-台南,2023-03-14,8159
00923,群益台ESG低碳50,24,2,22,台新-台南,2023-03-14,8159
2002,中鋼,25,3,22,台新-台南,2023-03-14,8159
4916,事欣科,26,4,22,台新-台南,2023-03-14,8159
6770,力積電,23,2,21,台新-台南,2023-03-14,8159
2881,富邦金,21,1,20,台新-台南,2023-03-14,8159
9945,潤泰新,20,0,20,台新-台南,2023-03-14,8159
2495,普安,53,34,19,台新-台南,2023-03-14,8159
2892,第一金,19,0,19,台新-台南,2023-03-14,8159
00909,國泰數位支付服務,18,0,18,台新-台南,2023-03-14,8159
0056,元大高股息,23,5,18,台新-台南,2023-03-14,8159
1513,中興電,31,13,18,台新-台南,2023-03-14,8159
2882,國泰金,21,4,17,台新-台南,2023-03-14,8159
2363,矽統,16,0,16,台新-台南,2023-03-14,8159
2618,長榮航,520,14,506,台新-台南,2023-03-15,8159
00715L,期街口布蘭特正2,382,14,368,台新-台南,2023-03-15,8159
1101,台泥,322,5,317,台新-台南,2023-03-15,8159
00878,國泰永續高股息,257,7,250,台新-台南,2023-03-15,8159
2888,新光金,210,1,209,台新-台南,2023-03-15,8159
00632R,元大台灣50反1,391,225,166,台新-台南,2023-03-15,8159
2614,東森,158,8,150,台新-台南,2023-03-15,8159
4916,事欣科,87,2,85,台新-台南,2023-03-15,8159
2338,光罩,79,1,78,台新-台南,2023-03-15,8159
4938,和碩,74,0,74,台新-台南,2023-03-15,8159
2891,中信金,72,2,70,台新-台南,2023-03-15,8159
8415,大國鋼,66,0,66,台新-台南,2023-03-15,8159
1314,中石化,64,0,64,台新-台南,2023-03-15,8159
6177,達麗,52,0,52,台新-台南,2023-03-15,8159
2603,長榮,155,109,46,台新-台南,2023-03-15,8159
00888,永豐台灣ESG,46,0,46,台新-台南,2023-03-15,8159
00642U,期元大S＆P石油,39,0,39,台新-台南,2023-03-15,8159
00713,元大台灣高息低波,46,7,39,台新-台南,2023-03-15,8159
2887,台新金,33,0,33,台新-台南,2023-03-15,8159
2002,中鋼,37,4,33,台新-台南,2023-03-15,8159
2515,中工,33,1,32,台新-台南,2023-03-15,8159
2884,玉山金,32,1,31,台新-台南,2023-03-15,8159
00679B,元大美債20年,37,7,30,台新-台南,2023-03-15,8159
2882,國泰金,34,4,30,台新-台南,2023-03-15,8159
2834,臺企銀,62,34,28,台新-台南,2023-03-15,8159
0056,元大高股息,32,4,28,台新-台南,2023-03-15,8159
3481,群創,56,28,28,台新-台南,2023-03-15,8159
1712,興農,28,0,28,台新-台南,2023-03-15,8159
00907,永豐優息存股,27,0,27,台新-台南,2023-03-15,8159
2495,普安,40,14,26,台新-台南,2023-03-15,8159
2886,兆豐金,28,3,25,台新-台南,2023-03-15,8159
2365,昆盈,25,0,25,台新-台南,2023-03-15,8159
5608,四維航,27,2,25,台新-台南,2023-03-15,8159
2883,凱基金,24,1,23,台新-台南,2023-03-15,8159
2881,富邦金,25,3,22,台新-台南,2023-03-15,8159
1432,大魯閣,36,16,20,台新-台南,2023-03-15,8159
3484,崧騰,20,0,20,台新-台南,2023-03-15,8159
00712,復華富時不動產,26,6,20,台新-台南,2023-03-15,8159
3232,昱捷,20,1,19,台新-台南,2023-03-15,8159
6266,泰詠,21,2,19,台新-台南,2023-03-15,8159
2880,華南金,44,25,19,台新-台南,2023-03-15,8159
2352,佳世達,18,0,18,台新-台南,2023-03-15,8159
8046,南電,19,1,18,台新-台南,2023-03-15,8159
2359,所羅門,35,17,18,台新-台南,2023-03-15,8159
2449,京元電子,25,8,17,台新-台南,2023-03-15,8159
8476,台境*,85,68,17,台新-台南,2023-03-15,8159
3005,神基,17,1,16,台新-台南,2023-03-15,8159
3272,東碩,17,1,16,台新-台南,2023-03-15,8159
2324,仁寶,15,0,15,台新-台南,2023-03-15,8159
6179,亞通,15,0,15,台新-台南,2023-03-15,8159
2834,臺企銀,636,288,348,台新-台南,2023-03-16,8159
00715L,期街口布蘭特正2,329,40,289,台新-台南,2023-03-16,8159
00878,國泰永續高股息,328,152,176,台新-台南,2023-03-16,8159
2891,中信金,165,4,161,台新-台南,2023-03-16,8159
4162,智擎,157,1,156,台新-台南,2023-03-16,8159
2888,新光金,182,44,138,台新-台南,2023-03-16,8159
2884,玉山金,141,5,136,台新-台南,2023-03-16,8159
00713,元大台灣高息低波,106,0,106,台新-台南,2023-03-16,8159
8415,大國鋼,103,0,103,台新-台南,2023-03-16,8159
2867,三商壽,115,16,99,台新-台南,2023-03-16,8159
2633,台灣高鐵,100,2,98,台新-台南,2023-03-16,8159
8046,南電,88,1,87,台新-台南,2023-03-16,8159
2027,大成鋼,98,13,85,台新-台南,2023-03-16,8159
2388,威盛,107,36,71,台新-台南,2023-03-16,8159
2457,飛宏,138,69,69,台新-台南,2023-03-16,8159
2338,光罩,187,119,68,台新-台南,2023-03-16,8159
2887,台新金,91,29,62,台新-台南,2023-03-16,8159
5425,台半,90,33,57,台新-台南,2023-03-16,8159
8182,加高,53,0,53,台新-台南,2023-03-16,8159
4976,佳凌,92,39,53,台新-台南,2023-03-16,8159
00712,復華富時不動產,48,0,48,台新-台南,2023-03-16,8159
2615,萬海,100,53,47,台新-台南,2023-03-16,8159
2603,長榮,73,28,45,台新-台南,2023-03-16,8159
2208,台船,42,1,41,台新-台南,2023-03-16,8159
9962,有益,46,5,41,台新-台南,2023-03-16,8159
5328,華容,40,0,40,台新-台南,2023-03-16,8159
2419,仲琦,37,1,36,台新-台南,2023-03-16,8159
2498,宏達電,48,14,34,台新-台南,2023-03-16,8159
8429,金麗-KY,30,0,30,台新-台南,2023-03-16,8159
8476,台境*,67,37,30,台新-台南,2023-03-16,8159
3046,建��,50,21,29,台新-台南,2023-03-16,8159
00642U,期元大S＆P石油,34,6,28,台新-台南,2023-03-16,8159
00671R,富邦NASDAQ反1,25,0,25,台新-台南,2023-03-16,8159
6443,元晶,30,6,24,台新-台南,2023-03-16,8159
1605,華新,50,27,23,台新-台南,2023-03-16,8159
2882,國泰金,76,53,23,台新-台南,2023-03-16,8159
00907,永豐優息存股,22,0,22,台新-台南,2023-03-16,8159
2883,凱基金,98,77,21,台新-台南,2023-03-16,8159
6603,富強鑫,21,0,21,台新-台南,2023-03-16,8159
3536,誠創,20,0,20,台新-台南,2023-03-16,8159
1416,廣豐,20,0,20,台新-台南,2023-03-16,8159
00885,富邦越南,20,0,20,台新-台南,2023-03-16,8159
2634,漢翔,27,7,20,台新-台南,2023-03-16,8159
1504,東元,21,1,20,台新-台南,2023-03-16,8159
4934,太極,23,6,17,台新-台南,2023-03-16,8159
2313,華通,20,3,17,台新-台南,2023-03-16,8159
00852L,國泰美國道瓊正2,16,0,16,台新-台南,2023-03-16,8159
2890,永豐金,23,7,16,台新-台南,2023-03-16,8159
6591,動力-KY,15,0,15,台新-台南,2023-03-16,8159
2438,翔耀,20,5,15,台新-台南,2023-03-16,8159
1101,台泥,517,2,515,台新-台南,2023-03-17,8159
00632R,元大台灣50反1,482,55,427,台新-台南,2023-03-17,8159
2337,旺宏,124,7,117,台新-台南,2023-03-17,8159
2867,三商壽,114,3,111,台新-台南,2023-03-17,8159
00715L,期街口布蘭特正2,141,45,96,台新-台南,2023-03-17,8159
00878,國泰永續高股息,111,19,92,台新-台南,2023-03-17,8159
2891,中信金,61,1,60,台新-台南,2023-03-17,8159
3705,永信,59,0,59,台新-台南,2023-03-17,8159
00664R,國泰臺灣加權反1,48,0,48,台新-台南,2023-03-17,8159
00713,元大台灣高息低波,43,3,40,台新-台南,2023-03-17,8159
2887,台新金,68,29,39,台新-台南,2023-03-17,8159
6235,華孚,56,21,35,台新-台南,2023-03-17,8159
00885,富邦越南,33,0,33,台新-台南,2023-03-17,8159
9939,宏全,33,0,33,台新-台南,2023-03-17,8159
5512,力麒,31,0,31,台新-台南,2023-03-17,8159
2897,王道銀行,31,0,31,台新-台南,2023-03-17,8159
00712,復華富時不動產,27,0,27,台新-台南,2023-03-17,8159
6133,金橋,75,49,26,台新-台南,2023-03-17,8159
2610,華航,31,5,26,台新-台南,2023-03-17,8159
2014,中鴻,34,11,23,台新-台南,2023-03-17,8159
3062,建漢,23,0,23,台新-台南,2023-03-17,8159
1436,華友聯,23,0,23,台新-台南,2023-03-17,8159
1611,中電,42,20,22,台新-台南,2023-03-17,8159
2367,燿華,22,0,22,台新-台南,2023-03-17,8159
2890,永豐金,21,0,21,台新-台南,2023-03-17,8159
2027,大成鋼,36,15,21,台新-台南,2023-03-17,8159
2888,新光金,28,7,21,台新-台南,2023-03-17,8159
00772B,中信高評級公司債,20,0,20,台新-台南,2023-03-17,8159
2401,凌陽,20,0,20,台新-台南,2023-03-17,8159
2880,華南金,24,5,19,台新-台南,2023-03-17,8159
1609,大亞,22,3,19,台新-台南,2023-03-17,8159
5603,陸海,21,2,19,台新-台南,2023-03-17,8159
5483,中美晶,30,11,19,台新-台南,2023-03-17,8159
9945,潤泰新,19,1,18,台新-台南,2023-03-17,8159
2495,普安,102,85,17,台新-台南,2023-03-17,8159
2834,臺企銀,122,106,16,台新-台南,2023-03-17,8159
2603,長榮,30,14,16,台新-台南,2023-03-17,8159
1314,中石化,48,32,16,台新-台南,2023-03-17,8159
2884,玉山金,27,12,15,台新-台南,2023-03-17,8159
9955,佳龍,18,3,15,台新-台南,2023-03-17,8159
2345,智邦,19,4,15,台新-台南,2023-03-17,8159
2449,京元電子,33,18,15,台新-台南,2023-03-17,8159
00679B,元大美債20年,14,0,14,台新-台南,2023-03-17,8159
9136,巨騰-DR,14,0,14,台新-台南,2023-03-17,8159
6163,華電網,33,19,14,台新-台南,2023-03-17,8159
00680L,元大美債20正2,30,16,14,台新-台南,2023-03-17,8159
2606,裕民,15,1,14,台新-台南,2023-03-17,8159
0056,元大高股息,36,23,13,台新-台南,2023-03-17,8159
2457,飛宏,118,105,13,台新-台南,2023-03-17,8159
2324,仁寶,14,1,13,台新-台南,2023-03-17,8159
1101,台泥,406,3,403,台新-台南,2023-03-20,8159
00715L,期街口布蘭特正2,321,61,260,台新-台南,2023-03-20,8159
00878,國泰永續高股息,171,15,156,台新-台南,2023-03-20,8159
1609,大亞,157,2,155,台新-台南,2023-03-20,8159
00632R,元大台灣50反1,111,0,111,台新-台南,2023-03-20,8159
1605,華新,132,22,110,台新-台南,2023-03-20,8159
2402,毅嘉,118,15,103,台新-台南,2023-03-20,8159
2511,太子,69,0,69,台新-台南,2023-03-20,8159
2834,臺企銀,124,61,63,台新-台南,2023-03-20,8159
6770,力積電,71,12,59,台新-台南,2023-03-20,8159
00679B,元大美債20年,119,60,59,台新-台南,2023-03-20,8159
2882,國泰金,59,2,57,台新-台南,2023-03-20,8159
00753L,中信中國50正2,57,3,54,台新-台南,2023-03-20,8159
5213,亞昕,45,0,45,台新-台南,2023-03-20,8159
00642U,期元大S＆P石油,42,0,42,台新-台南,2023-03-20,8159
3209,全科,41,0,41,台新-台南,2023-03-20,8159
2891,中信金,56,15,41,台新-台南,2023-03-20,8159
2888,新光金,41,0,41,台新-台南,2023-03-20,8159
3029,零壹,50,13,37,台新-台南,2023-03-20,8159
2030,彰源,36,0,36,台新-台南,2023-03-20,8159
00712,復華富時不動產,36,0,36,台新-台南,2023-03-20,8159
00665L,富邦�琤肭磪囓�2,72,40,32,台新-台南,2023-03-20,8159
2359,所羅門,35,3,32,台新-台南,2023-03-20,8159
6244,茂迪,100,69,31,台新-台南,2023-03-20,8159
4938,和碩,30,2,28,台新-台南,2023-03-20,8159
2453,凌群,61,33,28,台新-台南,2023-03-20,8159
6443,元晶,141,114,27,台新-台南,2023-03-20,8159
00720B,元大投資級公司債,36,10,26,台新-台南,2023-03-20,8159
8070,長華*,26,0,26,台新-台南,2023-03-20,8159
1519,華城,58,34,24,台新-台南,2023-03-20,8159
2303,聯電,49,26,23,台新-台南,2023-03-20,8159
2022,聚亨,23,0,23,台新-台南,2023-03-20,8159
00757,統一FANG+,22,1,21,台新-台南,2023-03-20,8159
00885,富邦越南,21,0,21,台新-台南,2023-03-20,8159
00637L,元大滬深300正2,21,1,20,台新-台南,2023-03-20,8159
1474,弘裕,20,0,20,台新-台南,2023-03-20,8159
6190,萬泰科,20,0,20,台新-台南,2023-03-20,8159
2883,凱基金,34,14,20,台新-台南,2023-03-20,8159
2881,富邦金,19,0,19,台新-台南,2023-03-20,8159
00852L,國泰美國道瓊正2,17,0,17,台新-台南,2023-03-20,8159
5880,合庫金,18,1,17,台新-台南,2023-03-20,8159
00713,元大台灣高息低波,18,2,16,台新-台南,2023-03-20,8159
2504,國產,15,0,15,台新-台南,2023-03-20,8159
2352,佳世達,15,1,14,台新-台南,2023-03-20,8159
1611,中電,30,16,14,台新-台南,2023-03-20,8159
3078,僑威,13,0,13,台新-台南,2023-03-20,8159
00908,富邦入息REITs+,12,0,12,台新-台南,2023-03-20,8159
2495,普安,63,51,12,台新-台南,2023-03-20,8159
1714,和桐,12,0,12,台新-台南,2023-03-20,8159
3178,公準,12,0,12,台新-台南,2023-03-20,8159
00632R,元大台灣50反1,231,45,186,台新-台南,2023-03-21,8159
00885,富邦越南,118,17,101,台新-台南,2023-03-21,8159
00664R,國泰臺灣加權反1,86,0,86,台新-台南,2023-03-21,8159
2615,萬海,72,0,72,台新-台南,2023-03-21,8159
4967,十銓,75,25,50,台新-台南,2023-03-21,8159
00878,國泰永續高股息,57,10,47,台新-台南,2023-03-21,8159
6531,愛普*,66,20,46,台新-台南,2023-03-21,8159
2891,中信金,48,5,43,台新-台南,2023-03-21,8159
0056,元大高股息,48,5,43,台新-台南,2023-03-21,8159
3209,全科,38,0,38,台新-台南,2023-03-21,8159
2208,台船,32,2,30,台新-台南,2023-03-21,8159
3038,全台,33,4,29,台新-台南,2023-03-21,8159
6282,康舒,56,28,28,台新-台南,2023-03-21,8159
4934,太極,35,7,28,台新-台南,2023-03-21,8159
2515,中工,30,6,24,台新-台南,2023-03-21,8159
6443,元晶,90,66,24,台新-台南,2023-03-21,8159
8926,台汽電,47,23,24,台新-台南,2023-03-21,8159
1584,精剛,63,42,21,台新-台南,2023-03-21,8159
2883,凱基金,30,10,20,台新-台南,2023-03-21,8159
1474,弘裕,20,0,20,台新-台南,2023-03-21,8159
5534,長虹,20,0,20,台新-台南,2023-03-21,8159
00712,復華富時不動產,21,2,19,台新-台南,2023-03-21,8159
3231,緯創,82,62,20,台新-台南,2023-03-21,8159
2352,佳世達,19,0,19,台新-台南,2023-03-21,8159
1519,華城,28,9,19,台新-台南,2023-03-21,8159
6679,鈺太,25,6,19,台新-台南,2023-03-21,8159
9945,潤泰新,31,12,19,台新-台南,2023-03-21,8159
00665L,富邦�琤肭磪囓�2,58,40,18,台新-台南,2023-03-21,8159
00720B,元大投資級公司債,17,0,17,台新-台南,2023-03-21,8159
2471,資通,88,71,17,台新-台南,2023-03-21,8159
2371,大同,16,0,16,台新-台南,2023-03-21,8159
8936,國統,18,2,16,台新-台南,2023-03-21,8159
6550,北極星藥業-KY,15,0,15,台新-台南,2023-03-21,8159
2408,南亞科,14,0,14,台新-台南,2023-03-21,8159
6245,立端,14,0,14,台新-台南,2023-03-21,8159
6163,華電網,93,79,14,台新-台南,2023-03-21,8159
3049,精金,14,0,14,台新-台南,2023-03-21,8159
2353,宏��,20,7,13,台新-台南,2023-03-21,8159
3005,神基,19,6,13,台新-台南,2023-03-21,8159
5512,力麒,12,0,12,台新-台南,2023-03-21,8159
6191,精成科,15,3,12,台新-台南,2023-03-21,8159
2882,國泰金,13,1,12,台新-台南,2023-03-21,8159
00779B,凱基美債25+,12,0,12,台新-台南,2023-03-21,8159
9907,統一實,12,0,12,台新-台南,2023-03-21,8159
3027,盛達,74,62,12,台新-台南,2023-03-21,8159
6414,樺漢,12,0,12,台新-台南,2023-03-21,8159
2641,正德,11,0,11,台新-台南,2023-03-21,8159
5425,台半,40,29,11,台新-台南,2023-03-21,8159
1337,再生-KY,10,0,10,台新-台南,2023-03-21,8159
8927,北基,10,0,10,台新-台南,2023-03-21,8159
00632R,元大台灣50反1,435,4,431,台新-台南,2023-03-22,8159
00664R,國泰臺灣加權反1,228,0,228,台新-台南,2023-03-22,8159
2208,台船,92,0,92,台新-台南,2023-03-22,8159
00679B,元大美債20年,101,15,86,台新-台南,2023-03-22,8159
3705,永信,60,0,60,台新-台南,2023-03-22,8159
6167,久正,64,5,59,台新-台南,2023-03-22,8159
3058,立德,55,0,55,台新-台南,2023-03-22,8159
2338,光罩,59,4,55,台新-台南,2023-03-22,8159
3050,鈺德,51,0,51,台新-台南,2023-03-22,8159
3673,TPK-KY,50,2,48,台新-台南,2023-03-22,8159
5347,世界,53,7,46,台新-台南,2023-03-22,8159
00715L,期街口布蘭特正2,71,29,42,台新-台南,2023-03-22,8159
2352,佳世達,50,10,40,台新-台南,2023-03-22,8159
6248,沛波,40,2,38,台新-台南,2023-03-22,8159
8926,台汽電,37,1,36,台新-台南,2023-03-22,8159
3013,晟銘電,91,57,34,台新-台南,2023-03-22,8159
00676R,富邦臺灣加權反1,30,0,30,台新-台南,2023-03-22,8159
2883,凱基金,41,12,29,台新-台南,2023-03-22,8159
00680L,元大美債20正2,43,14,29,台新-台南,2023-03-22,8159
5483,中美晶,36,8,28,台新-台南,2023-03-22,8159
1609,大亞,31,4,27,台新-台南,2023-03-22,8159
2201,裕隆,28,2,26,台新-台南,2023-03-22,8159
5522,遠雄,25,0,25,台新-台南,2023-03-22,8159
2890,永豐金,40,18,22,台新-台南,2023-03-22,8159
3576,聯合再生,31,10,21,台新-台南,2023-03-22,8159
3033,威健,22,1,21,台新-台南,2023-03-22,8159
3715,定穎投控,85,65,20,台新-台南,2023-03-22,8159
1201,味全,20,0,20,台新-台南,2023-03-22,8159
1506,正道,20,0,20,台新-台南,2023-03-22,8159
8409,商之器,20,0,20,台新-台南,2023-03-22,8159
2449,京元電子,24,5,19,台新-台南,2023-03-22,8159
2409,友達,20,1,19,台新-台南,2023-03-22,8159
1316,上曜,53,35,18,台新-台南,2023-03-22,8159
2104,國際中橡,20,3,17,台新-台南,2023-03-22,8159
8383,千附,18,1,17,台新-台南,2023-03-22,8159
2453,凌群,101,84,17,台新-台南,2023-03-22,8159
6182,合晶,23,7,16,台新-台南,2023-03-22,8159
2611,志信,18,2,16,台新-台南,2023-03-22,8159
2515,中工,20,4,16,台新-台南,2023-03-22,8159
3450,聯鈞,15,0,15,台新-台南,2023-03-22,8159
6109,亞元,20,5,15,台新-台南,2023-03-22,8159
1522,堤維西,15,0,15,台新-台南,2023-03-22,8159
2030,彰源,15,0,15,台新-台南,2023-03-22,8159
8936,國統,15,0,15,台新-台南,2023-03-22,8159
3078,僑威,14,0,14,台新-台南,2023-03-22,8159
3682,亞太電,13,0,13,台新-台南,2023-03-22,8159
2359,所羅門,29,16,13,台新-台南,2023-03-22,8159
3188,鑫龍騰,13,0,13,台新-台南,2023-03-22,8159
4157,太景*-KY,14,1,13,台新-台南,2023-03-22,8159
6411,晶焱,37,25,12,台新-台南,2023-03-22,8159
9934,成霖,362,2,360,台新-台南,2023-03-23,8159
00632R,元大台灣50反1,183,1,182,台新-台南,2023-03-23,8159
1314,中石化,110,0,110,台新-台南,2023-03-23,8159
2208,台船,81,1,80,台新-台南,2023-03-23,8159
2355,敬鵬,70,2,68,台新-台南,2023-03-23,8159
2402,毅嘉,392,331,61,台新-台南,2023-03-23,8159
2049,上銀,60,1,59,台新-台南,2023-03-23,8159
2890,永豐金,66,9,57,台新-台南,2023-03-23,8159
00772B,中信高評級公司債,58,1,57,台新-台南,2023-03-23,8159
3038,全台,55,0,55,台新-台南,2023-03-23,8159
3710,連展投控,62,11,51,台新-台南,2023-03-23,8159
3050,鈺德,52,1,51,台新-台南,2023-03-23,8159
4306,炎洲,51,0,51,台新-台南,2023-03-23,8159
9105,泰金寶-DR,50,0,50,台新-台南,2023-03-23,8159
2340,台亞,50,1,49,台新-台南,2023-03-23,8159
4162,智擎,51,5,46,台新-台南,2023-03-23,8159
2609,陽明,116,73,43,台新-台南,2023-03-23,8159
00642U,期元大S＆P石油,42,0,42,台新-台南,2023-03-23,8159
3017,奇鋐,104,63,41,台新-台南,2023-03-23,8159
6770,力積電,57,19,38,台新-台南,2023-03-23,8159
2495,普安,51,14,37,台新-台南,2023-03-23,8159
2303,聯電,37,2,35,台新-台南,2023-03-23,8159
00720B,元大投資級公司債,34,0,34,台新-台南,2023-03-23,8159
2399,映泰,33,0,33,台新-台南,2023-03-23,8159
00885,富邦越南,32,0,32,台新-台南,2023-03-23,8159
3481,群創,54,23,31,台新-台南,2023-03-23,8159
2897,王道銀行,37,6,31,台新-台南,2023-03-23,8159
1603,華電,30,2,28,台新-台南,2023-03-23,8159
00712,復華富時不動產,26,0,26,台新-台南,2023-03-23,8159
2419,仲琦,29,4,25,台新-台南,2023-03-23,8159
2618,長榮航,34,9,25,台新-台南,2023-03-23,8159
1802,台玻,30,5,25,台新-台南,2023-03-23,8159
2834,臺企銀,28,4,24,台新-台南,2023-03-23,8159
2615,萬海,25,1,24,台新-台南,2023-03-23,8159
00898,國泰基因免疫革命,23,0,23,台新-台南,2023-03-23,8159
6548,長科*,23,0,23,台新-台南,2023-03-23,8159
00676R,富邦臺灣加權反1,22,0,22,台新-台南,2023-03-23,8159
4743,合一,34,12,22,台新-台南,2023-03-23,8159
1762,中化生,21,0,21,台新-台南,2023-03-23,8159
2352,佳世達,21,0,21,台新-台南,2023-03-23,8159
00882,中信中國高股息,33,12,21,台新-台南,2023-03-23,8159
2482,連宇,93,73,20,台新-台南,2023-03-23,8159
2605,新興,21,1,20,台新-台南,2023-03-23,8159
3682,亞太電,20,0,20,台新-台南,2023-03-23,8159
2388,威盛,25,6,19,台新-台南,2023-03-23,8159
2845,遠東銀,16,0,16,台新-台南,2023-03-23,8159
3532,台勝科,20,4,16,台新-台南,2023-03-23,8159
6244,茂迪,38,23,15,台新-台南,2023-03-23,8159
6233,旺玖,30,15,15,台新-台南,2023-03-23,8159
2606,裕民,33,18,15,台新-台南,2023-03-23,8159
00753L,中信中國50正2,180,60,120,台新-台南,2023-03-24,8159
1519,華城,103,2,101,台新-台南,2023-03-24,8159
00676R,富邦臺灣加權反1,90,0,90,台新-台南,2023-03-24,8159
3050,鈺德,79,0,79,台新-台南,2023-03-24,8159
8222,寶一,86,9,77,台新-台南,2023-03-24,8159
1605,華新,142,68,74,台新-台南,2023-03-24,8159
4162,智擎,96,40,56,台新-台南,2023-03-24,8159
00885,富邦越南,61,10,51,台新-台南,2023-03-24,8159
2303,聯電,120,73,47,台新-台南,2023-03-24,8159
2891,中信金,42,1,41,台新-台南,2023-03-24,8159
00664R,國泰臺灣加權反1,41,0,41,台新-台南,2023-03-24,8159
00712,復華富時不動產,38,0,38,台新-台南,2023-03-24,8159
2392,正崴,40,6,34,台新-台南,2023-03-24,8159
8070,長華*,32,0,32,台新-台南,2023-03-24,8159
1504,東元,158,127,31,台新-台南,2023-03-24,8159
4967,十銓,48,18,30,台新-台南,2023-03-24,8159
2867,三商壽,29,0,29,台新-台南,2023-03-24,8159
3038,全台,31,2,29,台新-台南,2023-03-24,8159
3481,群創,49,20,29,台新-台南,2023-03-24,8159
1319,東陽,34,7,27,台新-台南,2023-03-24,8159
8383,千附,24,0,24,台新-台南,2023-03-24,8159
4960,誠美材,25,1,24,台新-台南,2023-03-24,8159
00632R,元大台灣50反1,351,328,23,台新-台南,2023-03-24,8159
00902,中信電池及儲能,23,0,23,台新-台南,2023-03-24,8159
6874,倍力,27,4,23,台新-台南,2023-03-24,8159
2618,長榮航,26,4,22,台新-台南,2023-03-24,8159
3673,TPK-KY,21,0,21,台新-台南,2023-03-24,8159
6185,幃翔,70,50,20,台新-台南,2023-03-24,8159
6147,頎邦,20,0,20,台新-台南,2023-03-24,8159
9904,寶成,19,0,19,台新-台南,2023-03-24,8159
4919,新唐,34,15,19,台新-台南,2023-03-24,8159
2371,大同,19,0,19,台新-台南,2023-03-24,8159
5425,台半,61,43,18,台新-台南,2023-03-24,8159
2457,飛宏,32,14,18,台新-台南,2023-03-24,8159
0056,元大高股息,52,34,18,台新-台南,2023-03-24,8159
00715L,期街口布蘭特正2,30,13,17,台新-台南,2023-03-24,8159
6192,巨路,17,0,17,台新-台南,2023-03-24,8159
3178,公準,21,5,16,台新-台南,2023-03-24,8159
6548,長科*,27,11,16,台新-台南,2023-03-24,8159
00772B,中信高評級公司債,16,0,16,台新-台南,2023-03-24,8159
3294,英濟,25,11,14,台新-台南,2023-03-24,8159
5285,界霖,27,13,14,台新-台南,2023-03-24,8159
3037,欣興,75,61,14,台新-台南,2023-03-24,8159
8415,大國鋼,13,0,13,台新-台南,2023-03-24,8159
2515,中工,15,2,13,台新-台南,2023-03-24,8159
5009,榮剛,26,13,13,台新-台南,2023-03-24,8159
2834,臺企銀,26,14,12,台新-台南,2023-03-24,8159
3260,威剛,19,7,12,台新-台南,2023-03-24,8159
2498,宏達電,32,20,12,台新-台南,2023-03-24,8159
00679B,元大美債20年,13,2,11,台新-台南,2023-03-24,8159
00882,中信中國高股息,126,7,119,台新-台南,2023-03-27,8159
1605,華新,114,29,85,台新-台南,2023-03-27,8159
2317,鴻海,79,0,79,台新-台南,2023-03-27,8159
00665L,富邦�琤肭磪囓�2,114,52,62,台新-台南,2023-03-27,8159
1504,東元,175,114,61,台新-台南,2023-03-27,8159
00715L,期街口布蘭特正2,54,0,54,台新-台南,2023-03-27,8159
00751B,元大AAA至A公司債,51,0,51,台新-台南,2023-03-27,8159
2206,三陽工業,68,22,46,台新-台南,2023-03-27,8159
6548,長科*,52,7,45,台新-台南,2023-03-27,8159
2413,環科,48,7,41,台新-台南,2023-03-27,8159
1603,華電,41,0,41,台新-台南,2023-03-27,8159
3576,聯合再生,57,17,40,台新-台南,2023-03-27,8159
1609,大亞,166,128,38,台新-台南,2023-03-27,8159
4746,台耀,42,6,36,台新-台南,2023-03-27,8159
00753L,中信中國50正2,42,6,36,台新-台南,2023-03-27,8159
3664,安瑞-KY,41,7,34,台新-台南,2023-03-27,8159
3714,富采,43,12,31,台新-台南,2023-03-27,8159
1809,中釉,30,0,30,台新-台南,2023-03-27,8159
00893,國泰智能電動車,30,0,30,台新-台南,2023-03-27,8159
6288,聯嘉,70,40,30,台新-台南,2023-03-27,8159
9105,泰金寶-DR,30,0,30,台新-台南,2023-03-27,8159
2897,王道銀行,30,0,30,台新-台南,2023-03-27,8159
00679B,元大美債20年,28,0,28,台新-台南,2023-03-27,8159
2634,漢翔,95,68,27,台新-台南,2023-03-27,8159
4554,橙的,26,0,26,台新-台南,2023-03-27,8159
8383,千附,26,0,26,台新-台南,2023-03-27,8159
1314,中石化,25,0,25,台新-台南,2023-03-27,8159
5511,德昌,25,0,25,台新-台南,2023-03-27,8159
00922,國泰台灣領袖50,23,0,23,台新-台南,2023-03-27,8159
3037,欣興,53,32,21,台新-台南,2023-03-27,8159
00642U,期元大S＆P石油,31,10,21,台新-台南,2023-03-27,8159
1810,和成,23,3,20,台新-台南,2023-03-27,8159
5522,遠雄,20,0,20,台新-台南,2023-03-27,8159
6120,達運,20,0,20,台新-台南,2023-03-27,8159
2495,普安,18,0,18,台新-台南,2023-03-27,8159
5521,工信,25,7,18,台新-台南,2023-03-27,8159
6733,博晟生醫,21,3,18,台新-台南,2023-03-27,8159
2515,中工,17,0,17,台新-台南,2023-03-27,8159
00752,中信中國50,17,0,17,台新-台南,2023-03-27,8159
3050,鈺德,17,0,17,台新-台南,2023-03-27,8159
00713,元大台灣高息低波,19,3,16,台新-台南,2023-03-27,8159
2867,三商壽,34,18,16,台新-台南,2023-03-27,8159
1529,樂事綠能,20,4,16,台新-台南,2023-03-27,8159
00902,中信電池及儲能,15,0,15,台新-台南,2023-03-27,8159
6530,創威,19,6,13,台新-台南,2023-03-27,8159
2482,連宇,29,16,13,台新-台南,2023-03-27,8159
2476,鉅祥,13,0,13,台新-台南,2023-03-27,8159
3535,晶彩科,13,0,13,台新-台南,2023-03-27,8159
00637L,元大滬深300正2,14,1,13,台新-台南,2023-03-27,8159
5608,四維航,13,1,12,台新-台南,2023-03-27,8159
6770,力積電,121,0,121,台新-台南,2023-03-28,8159
00679B,元大美債20年,114,0,114,台新-台南,2023-03-28,8159
1609,大亞,125,27,98,台新-台南,2023-03-28,8159
4162,智擎,149,63,86,台新-台南,2023-03-28,8159
00720B,元大投資級公司債,80,0,80,台新-台南,2023-03-28,8159
00680L,元大美債20正2,68,0,68,台新-台南,2023-03-28,8159
1504,東元,92,26,66,台新-台南,2023-03-28,8159
6122,擎邦,61,0,61,台新-台南,2023-03-28,8159
5328,華容,68,10,58,台新-台南,2023-03-28,8159
00713,元大台灣高息低波,58,4,54,台新-台南,2023-03-28,8159
3037,欣興,100,52,48,台新-台南,2023-03-28,8159
1101,台泥,58,11,47,台新-台南,2023-03-28,8159
2303,聯電,66,20,46,台新-台南,2023-03-28,8159
3682,亞太電,50,4,46,台新-台南,2023-03-28,8159
00751B,元大AAA至A公司債,43,0,43,台新-台南,2023-03-28,8159
6548,長科*,45,5,40,台新-台南,2023-03-28,8159
4529,淳紳,40,0,40,台新-台南,2023-03-28,8159
2511,太子,40,0,40,台新-台南,2023-03-28,8159
2206,三陽工業,43,4,39,台新-台南,2023-03-28,8159
2419,仲琦,41,3,38,台新-台南,2023-03-28,8159
6120,達運,40,3,37,台新-台南,2023-03-28,8159
00654R,富邦印度反1,35,0,35,台新-台南,2023-03-28,8159
1584,精剛,103,69,34,台新-台南,2023-03-28,8159
00773B,中信優先金融債,32,0,32,台新-台南,2023-03-28,8159
3017,奇鋐,49,19,30,台新-台南,2023-03-28,8159
2317,鴻海,29,0,29,台新-台南,2023-03-28,8159
3162,精確,31,2,29,台新-台南,2023-03-28,8159
2027,大成鋼,37,8,29,台新-台南,2023-03-28,8159
00882,中信中國高股息,28,0,28,台新-台南,2023-03-28,8159
2457,飛宏,57,29,28,台新-台南,2023-03-28,8159
00922,國泰台灣領袖50,27,0,27,台新-台南,2023-03-28,8159
2890,永豐金,29,2,27,台新-台南,2023-03-28,8159
2342,茂矽,35,8,27,台新-台南,2023-03-28,8159
4961,天鈺,26,0,26,台新-台南,2023-03-28,8159
00893,國泰智能電動車,25,0,25,台新-台南,2023-03-28,8159
8936,國統,29,5,24,台新-台南,2023-03-28,8159
2883,凱基金,28,6,22,台新-台南,2023-03-28,8159
2882,國泰金,27,6,21,台新-台南,2023-03-28,8159
1417,嘉裕,21,0,21,台新-台南,2023-03-28,8159
5347,世界,24,3,21,台新-台南,2023-03-28,8159
1789,神隆,21,0,21,台新-台南,2023-03-28,8159
8222,寶一,58,37,21,台新-台南,2023-03-28,8159
00665L,富邦�琤肭磪囓�2,61,41,20,台新-台南,2023-03-28,8159
2611,志信,20,0,20,台新-台南,2023-03-28,8159
2609,陽明,37,18,19,台新-台南,2023-03-28,8159
6138,茂達,31,12,19,台新-台南,2023-03-28,8159
2515,中工,22,3,19,台新-台南,2023-03-28,8159
2352,佳世達,24,6,18,台新-台南,2023-03-28,8159
4967,十銓,41,24,17,台新-台南,2023-03-28,8159
6129,普誠,21,4,17,台新-台南,2023-03-28,8159
1314,中石化,110,0,110,台新-台南,2023-03-29,8159
2614,東森,83,1,82,台新-台南,2023-03-29,8159
00680L,元大美債20正2,82,5,77,台新-台南,2023-03-29,8159
2457,飛宏,106,33,73,台新-台南,2023-03-29,8159
8926,台汽電,57,4,53,台新-台南,2023-03-29,8159
00720B,元大投資級公司債,42,0,42,台新-台南,2023-03-29,8159
2897,王道銀行,40,0,40,台新-台南,2023-03-29,8159
3706,神達,33,0,33,台新-台南,2023-03-29,8159
5425,台半,52,19,33,台新-台南,2023-03-29,8159
2882,國泰金,32,2,30,台新-台南,2023-03-29,8159
6122,擎邦,47,17,30,台新-台南,2023-03-29,8159
6120,達運,30,0,30,台新-台南,2023-03-29,8159
4916,事欣科,28,1,27,台新-台南,2023-03-29,8159
2515,中工,26,0,26,台新-台南,2023-03-29,8159
00673R,期元大S＆P原油反1,25,0,25,台新-台南,2023-03-29,8159
1708,東鹼,30,5,25,台新-台南,2023-03-29,8159
00772B,中信高評級公司債,24,0,24,台新-台南,2023-03-29,8159
3094,聯傑,23,0,23,台新-台南,2023-03-29,8159
2812,台中銀,21,0,21,台新-台南,2023-03-29,8159
8289,泰藝,22,2,20,台新-台南,2023-03-29,8159
00679B,元大美債20年,25,7,18,台新-台南,2023-03-29,8159
5222,全訊,30,13,17,台新-台南,2023-03-29,8159
3035,智原,44,27,17,台新-台南,2023-03-29,8159
3362,先進光,26,10,16,台新-台南,2023-03-29,8159
00689R,國泰20年美債反1,16,0,16,台新-台南,2023-03-29,8159
5521,工信,16,0,16,台新-台南,2023-03-29,8159
00753L,中信中國50正2,29,14,15,台新-台南,2023-03-29,8159
1785,光洋科,14,0,14,台新-台南,2023-03-29,8159
2408,南亞科,14,1,13,台新-台南,2023-03-29,8159
1789,神隆,13,0,13,台新-台南,2023-03-29,8159
6548,長科*,13,0,13,台新-台南,2023-03-29,8159
6283,淳安,13,0,13,台新-台南,2023-03-29,8159
6753,龍德造船,18,5,13,台新-台南,2023-03-29,8159
2317,鴻海,18,6,12,台新-台南,2023-03-29,8159
2359,所羅門,16,4,12,台新-台南,2023-03-29,8159
2208,台船,12,0,12,台新-台南,2023-03-29,8159
00923,群益台ESG低碳50,12,0,12,台新-台南,2023-03-29,8159
6770,力積電,23,11,12,台新-台南,2023-03-29,8159
2609,陽明,29,18,11,台新-台南,2023-03-29,8159
2211,長榮鋼,11,0,11,台新-台南,2023-03-29,8159
00882,中信中國高股息,11,0,11,台新-台南,2023-03-29,8159
8383,千附,11,0,11,台新-台南,2023-03-29,8159
00888,永豐台灣ESG,10,0,10,台新-台南,2023-03-29,8159
9945,潤泰新,15,5,10,台新-台南,2023-03-29,8159
00669R,國泰美國道瓊反1,10,0,10,台新-台南,2023-03-29,8159
3536,誠創,10,0,10,台新-台南,2023-03-29,8159
00877,復華中國5G,10,0,10,台新-台南,2023-03-29,8159
6177,達麗,10,0,10,台新-台南,2023-03-29,8159
1442,名軒,10,0,10,台新-台南,2023-03-29,8159
6288,聯嘉,15,5,10,台新-台南,2023-03-29,8159
2208,台船,136,5,131,台新-台南,2023-03-30,8159
3715,定穎投控,133,43,90,台新-台南,2023-03-30,8159
00632R,元大台灣50反1,221,132,89,台新-台南,2023-03-30,8159
2303,聯電,122,39,83,台新-台南,2023-03-30,8159
1314,中石化,76,0,76,台新-台南,2023-03-30,8159
3230,錦明,78,7,71,台新-台南,2023-03-30,8159
1609,大亞,111,46,65,台新-台南,2023-03-30,8159
1326,台化,61,0,61,台新-台南,2023-03-30,8159
4162,智擎,61,0,61,台新-台南,2023-03-30,8159
00664R,國泰臺灣加權反1,60,0,60,台新-台南,2023-03-30,8159
00680L,元大美債20正2,57,0,57,台新-台南,2023-03-30,8159
00753L,中信中國50正2,65,10,55,台新-台南,2023-03-30,8159
00882,中信中國高股息,65,15,50,台新-台南,2023-03-30,8159
2104,國際中橡,46,0,46,台新-台南,2023-03-30,8159
8182,加高,43,0,43,台新-台南,2023-03-30,8159
1605,華新,53,15,38,台新-台南,2023-03-30,8159
2890,永豐金,37,0,37,台新-台南,2023-03-30,8159
2457,飛宏,69,33,36,台新-台南,2023-03-30,8159
2609,陽明,38,4,34,台新-台南,2023-03-30,8159
6122,擎邦,42,12,30,台新-台南,2023-03-30,8159
2030,彰源,29,0,29,台新-台南,2023-03-30,8159
2889,國票金,29,0,29,台新-台南,2023-03-30,8159
00720B,元大投資級公司債,26,0,26,台新-台南,2023-03-30,8159
2610,華航,28,3,25,台新-台南,2023-03-30,8159
2812,台中銀,23,0,23,台新-台南,2023-03-30,8159
6443,元晶,27,4,23,台新-台南,2023-03-30,8159
3532,台勝科,23,0,23,台新-台南,2023-03-30,8159
2887,台新金,24,1,23,台新-台南,2023-03-30,8159
6163,華電網,37,15,22,台新-台南,2023-03-30,8159
6205,詮欣,21,0,21,台新-台南,2023-03-30,8159
2867,三商壽,34,14,20,台新-台南,2023-03-30,8159
4306,炎洲,20,0,20,台新-台南,2023-03-30,8159
6462,神盾,29,10,19,台新-台南,2023-03-30,8159
2883,凱基金,20,1,19,台新-台南,2023-03-30,8159
00665L,富邦�琤肭磪囓�2,71,52,19,台新-台南,2023-03-30,8159
2882,國泰金,17,0,17,台新-台南,2023-03-30,8159
2614,東森,15,0,15,台新-台南,2023-03-30,8159
3491,昇達科,20,5,15,台新-台南,2023-03-30,8159
00757,統一FANG+,15,0,15,台新-台南,2023-03-30,8159
6770,力積電,21,6,15,台新-台南,2023-03-30,8159
2414,精技,15,0,15,台新-台南,2023-03-30,8159
2426,鼎元,14,0,14,台新-台南,2023-03-30,8159
2498,宏達電,24,10,14,台新-台南,2023-03-30,8159
2618,長榮航,30,16,14,台新-台南,2023-03-30,8159
2891,中信金,13,0,13,台新-台南,2023-03-30,8159
5871,中租-KY,14,1,13,台新-台南,2023-03-30,8159
1584,精剛,27,15,12,台新-台南,2023-03-30,8159
1514,亞力,13,1,12,台新-台南,2023-03-30,8159
2603,長榮,13,2,11,台新-台南,2023-03-30,8159
5388,中磊,13,2,11,台新-台南,2023-03-30,8159
3005,神基,194,5,189,台新-台南,2023-03-31,8159
2867,三商壽,160,9,151,台新-台南,2023-03-31,8159
00632R,元大台灣50反1,92,11,81,台新-台南,2023-03-31,8159
4543,萬在,70,0,70,台新-台南,2023-03-31,8159
00676R,富邦臺灣加權反1,173,103,70,台新-台南,2023-03-31,8159
2208,台船,76,8,68,台新-台南,2023-03-31,8159
1609,大亞,70,6,64,台新-台南,2023-03-31,8159
1605,華新,146,95,51,台新-台南,2023-03-31,8159
3406,玉晶光,51,1,50,台新-台南,2023-03-31,8159
00773B,中信優先金融債,50,0,50,台新-台南,2023-03-31,8159
8110,華東,60,10,50,台新-台南,2023-03-31,8159
00885,富邦越南,40,0,40,台新-台南,2023-03-31,8159
00664R,國泰臺灣加權反1,80,40,40,台新-台南,2023-03-31,8159
6285,啟��,58,19,39,台新-台南,2023-03-31,8159
2888,新光金,44,5,39,台新-台南,2023-03-31,8159
1611,中電,48,9,39,台新-台南,2023-03-31,8159
2606,裕民,53,15,38,台新-台南,2023-03-31,8159
5309,系統電,67,32,35,台新-台南,2023-03-31,8159
3046,建��,72,39,33,台新-台南,2023-03-31,8159
9105,泰金寶-DR,32,0,32,台新-台南,2023-03-31,8159
00673R,期元大S＆P原油反1,27,0,27,台新-台南,2023-03-31,8159
00665L,富邦�琤肭磪囓�2,68,42,26,台新-台南,2023-03-31,8159
1789,神隆,25,0,25,台新-台南,2023-03-31,8159
5009,榮剛,23,0,23,台新-台南,2023-03-31,8159
6163,華電網,94,71,23,台新-台南,2023-03-31,8159
6548,長科*,57,34,23,台新-台南,2023-03-31,8159
5465,富驊,22,0,22,台新-台南,2023-03-31,8159
1513,中興電,43,22,21,台新-台南,2023-03-31,8159
8105,凌巨,21,1,20,台新-台南,2023-03-31,8159
00712,復華富時不動產,21,1,20,台新-台南,2023-03-31,8159
2104,國際中橡,20,1,19,台新-台南,2023-03-31,8159
2610,華航,22,3,19,台新-台南,2023-03-31,8159
2492,華新科,21,2,19,台新-台南,2023-03-31,8159
8409,商之器,17,0,17,台新-台南,2023-03-31,8159
4162,智擎,70,54,16,台新-台南,2023-03-31,8159
1752,南光,16,1,15,台新-台南,2023-03-31,8159
00669R,國泰美國道瓊反1,15,0,15,台新-台南,2023-03-31,8159
6290,良維,15,1,14,台新-台南,2023-03-31,8159
00679B,元大美債20年,15,1,14,台新-台南,2023-03-31,8159
6138,茂達,15,3,12,台新-台南,2023-03-31,8159
2645,長榮航太,15,3,12,台新-台南,2023-03-31,8159
1514,亞力,12,1,11,台新-台南,2023-03-31,8159
00922,國泰台灣領袖50,11,0,11,台新-台南,2023-03-31,8159
6278,台表科,13,2,11,台新-台南,2023-03-31,8159
4306,炎洲,10,0,10,台新-台南,2023-03-31,8159
2736,富野,10,0,10,台新-台南,2023-03-31,8159
3689,湧德,10,0,10,台新-台南,2023-03-31,8159
4934,太極,10,0,10,台新-台南,2023-03-31,8159
4950,牧東,10,0,10,台新-台南,2023-03-31,8159
3545,敦泰,9,0,9,台新-台南,2023-03-31,8159
00882,中信中國高股息,216,47,169,台新-台南,2023-04-06,8159
2609,陽明,174,20,154,台新-台南,2023-04-06,8159
00632R,元大台灣50反1,240,115,125,台新-台南,2023-04-06,8159
00673R,期元大S＆P原油反1,118,0,118,台新-台南,2023-04-06,8159
2344,華邦電,101,12,89,台新-台南,2023-04-06,8159
00893,國泰智能電動車,88,11,77,台新-台南,2023-04-06,8159
2457,飛宏,84,16,68,台新-台南,2023-04-06,8159
00773B,中信優先金融債,63,2,61,台新-台南,2023-04-06,8159
8069,元太,63,3,60,台新-台南,2023-04-06,8159
2603,長榮,58,1,57,台新-台南,2023-04-06,8159
4967,十銓,140,85,55,台新-台南,2023-04-06,8159
2618,長榮航,54,1,53,台新-台南,2023-04-06,8159
2352,佳世達,61,10,51,台新-台南,2023-04-06,8159
9907,統一實,50,6,44,台新-台南,2023-04-06,8159
2317,鴻海,50,7,43,台新-台南,2023-04-06,8159
6770,力積電,54,14,40,台新-台南,2023-04-06,8159
8383,千附,42,2,40,台新-台南,2023-04-06,8159
4306,炎洲,39,0,39,台新-台南,2023-04-06,8159
2610,華航,41,3,38,台新-台南,2023-04-06,8159
3078,僑威,44,7,37,台新-台南,2023-04-06,8159
3532,台勝科,45,10,35,台新-台南,2023-04-06,8159
2027,大成鋼,38,3,35,台新-台南,2023-04-06,8159
2002,中鋼,32,2,30,台新-台南,2023-04-06,8159
2201,裕隆,46,16,30,台新-台南,2023-04-06,8159
2891,中信金,30,4,26,台新-台南,2023-04-06,8159
1104,環泥,23,0,23,台新-台南,2023-04-06,8159
2845,遠東銀,24,2,22,台新-台南,2023-04-06,8159
4915,致伸,21,0,21,台新-台南,2023-04-06,8159
5522,遠雄,20,0,20,台新-台南,2023-04-06,8159
00922,國泰台灣領袖50,20,0,20,台新-台南,2023-04-06,8159
3296,勝德,20,0,20,台新-台南,2023-04-06,8159
00780B,國泰A級金融債,20,0,20,台新-台南,2023-04-06,8159
1314,中石化,20,0,20,台新-台南,2023-04-06,8159
6163,華電網,63,43,20,台新-台南,2023-04-06,8159
4128,中天,22,3,19,台新-台南,2023-04-06,8159
8996,高力,19,0,19,台新-台南,2023-04-06,8159
6443,元晶,20,2,18,台新-台南,2023-04-06,8159
00674R,期元大S＆P黃金反1,17,0,17,台新-台南,2023-04-06,8159
2890,永豐金,27,11,16,台新-台南,2023-04-06,8159
5309,系統電,59,43,16,台新-台南,2023-04-06,8159
2484,希華,20,5,15,台新-台南,2023-04-06,8159
3011,今皓,15,0,15,台新-台南,2023-04-06,8159
9105,泰金寶-DR,15,0,15,台新-台南,2023-04-06,8159
2886,兆豐金,15,0,15,台新-台南,2023-04-06,8159
8476,台境*,18,4,14,台新-台南,2023-04-06,8159
4974,亞泰,14,0,14,台新-台南,2023-04-06,8159
2208,台船,29,16,13,台新-台南,2023-04-06,8159
4543,萬在,12,0,12,台新-台南,2023-04-06,8159
00646,元大S＆P500,13,1,12,台新-台南,2023-04-06,8159
2104,國際中橡,12,0,12,台新-台南,2023-04-06,8159
2867,三商壽,254,7,247,台新-台南,2023-04-07,8159
1609,大亞,392,215,177,台新-台南,2023-04-07,8159
2352,佳世達,110,43,67,台新-台南,2023-04-07,8159
00885,富邦越南,65,6,59,台新-台南,2023-04-07,8159
2612,中航,50,0,50,台新-台南,2023-04-07,8159
8383,千附,104,56,48,台新-台南,2023-04-07,8159
2208,台船,103,61,42,台新-台南,2023-04-07,8159
2476,鉅祥,40,5,35,台新-台南,2023-04-07,8159
3006,晶豪科,50,18,32,台新-台南,2023-04-07,8159
00679B,元大美債20年,55,24,31,台新-台南,2023-04-07,8159
2637,慧洋-KY,37,6,31,台新-台南,2023-04-07,8159
00773B,中信優先金融債,35,7,28,台新-台南,2023-04-07,8159
2356,英業達,40,14,26,台新-台南,2023-04-07,8159
2436,偉詮電,27,1,26,台新-台南,2023-04-07,8159
2449,京元電子,24,0,24,台新-台南,2023-04-07,8159
3707,漢磊,25,2,23,台新-台南,2023-04-07,8159
2027,大成鋼,23,0,23,台新-台南,2023-04-07,8159
1216,統一,22,0,22,台新-台南,2023-04-07,8159
00680L,元大美債20正2,33,11,22,台新-台南,2023-04-07,8159
00632R,元大台灣50反1,25,3,22,台新-台南,2023-04-07,8159
3706,神達,21,0,21,台新-台南,2023-04-07,8159
2886,兆豐金,21,1,20,台新-台南,2023-04-07,8159
2484,希華,22,2,20,台新-台南,2023-04-07,8159
1736,喬山,20,0,20,台新-台南,2023-04-07,8159
2641,正德,20,1,19,台新-台南,2023-04-07,8159
9105,泰金寶-DR,18,0,18,台新-台南,2023-04-07,8159
00878,國泰永續高股息,48,30,18,台新-台南,2023-04-07,8159
1722,台肥,17,0,17,台新-台南,2023-04-07,8159
00712,復華富時不動產,17,0,17,台新-台南,2023-04-07,8159
5381,合正,17,0,17,台新-台南,2023-04-07,8159
2313,華通,24,7,17,台新-台南,2023-04-07,8159
4526,東台,17,1,16,台新-台南,2023-04-07,8159
6756,威鋒電子,17,2,15,台新-台南,2023-04-07,8159
3682,亞太電,15,0,15,台新-台南,2023-04-07,8159
2388,威盛,15,0,15,台新-台南,2023-04-07,8159
1402,遠東新,15,0,15,台新-台南,2023-04-07,8159
1314,中石化,15,0,15,台新-台南,2023-04-07,8159
6141,柏承,14,0,14,台新-台南,2023-04-07,8159
2025,千興,14,0,14,台新-台南,2023-04-07,8159
4919,新唐,16,2,14,台新-台南,2023-04-07,8159
00688L,國泰20年美債正2,15,2,13,台新-台南,2023-04-07,8159
1584,精剛,18,5,13,台新-台南,2023-04-07,8159
00830,國泰費城半導體,14,1,13,台新-台南,2023-04-07,8159
4147,中裕,14,1,13,台新-台南,2023-04-07,8159
3189,景碩,18,5,13,台新-台南,2023-04-07,8159
0056,元大高股息,23,10,13,台新-台南,2023-04-07,8159
6235,華孚,116,103,13,台新-台南,2023-04-07,8159
2834,臺企銀,24,12,12,台新-台南,2023-04-07,8159
00673R,期元大S＆P原油反1,12,0,12,台新-台南,2023-04-07,8159
00893,國泰智能電動車,18,6,12,台新-台南,2023-04-07,8159
00751B,元大AAA至A公司債,106,0,106,台新-台南,2023-04-10,8159
2609,陽明,131,30,101,台新-台南,2023-04-10,8159
2897,王道銀行,100,0,100,台新-台南,2023-04-10,8159
2025,千興,72,0,72,台新-台南,2023-04-10,8159
6548,長科*,65,4,61,台新-台南,2023-04-10,8159
00664R,國泰臺灣加權反1,71,10,61,台新-台南,2023-04-10,8159
2495,普安,50,0,50,台新-台南,2023-04-10,8159
1308,亞聚,46,0,46,台新-台南,2023-04-10,8159
00673R,期元大S＆P原油反1,43,0,43,台新-台南,2023-04-10,8159
5011,久陽,46,4,42,台新-台南,2023-04-10,8159
1467,南緯,40,0,40,台新-台南,2023-04-10,8159
2460,建通,38,0,38,台新-台南,2023-04-10,8159
6111,大宇資,37,0,37,台新-台南,2023-04-10,8159
2344,華邦電,92,57,35,台新-台南,2023-04-10,8159
00632R,元大台灣50反1,44,10,34,台新-台南,2023-04-10,8159
8415,大國鋼,33,0,33,台新-台南,2023-04-10,8159
00878,國泰永續高股息,83,53,30,台新-台南,2023-04-10,8159
00652,富邦印度,30,0,30,台新-台南,2023-04-10,8159
3532,台勝科,30,1,29,台新-台南,2023-04-10,8159
4976,佳凌,25,0,25,台新-台南,2023-04-10,8159
8383,千附,29,5,24,台新-台南,2023-04-10,8159
00888,永豐台灣ESG,22,0,22,台新-台南,2023-04-10,8159
4938,和碩,21,0,21,台新-台南,2023-04-10,8159
3035,智原,48,30,18,台新-台南,2023-04-10,8159
00753L,中信中國50正2,18,0,18,台新-台南,2023-04-10,8159
4528,江興鍛,21,3,18,台新-台南,2023-04-10,8159
3006,晶豪科,20,2,18,台新-台南,2023-04-10,8159
1717,長興,17,0,17,台新-台南,2023-04-10,8159
6116,彩晶,20,3,17,台新-台南,2023-04-10,8159
3479,安勤,20,4,16,台新-台南,2023-04-10,8159
2497,怡利電,33,17,16,台新-台南,2023-04-10,8159
5388,中磊,17,1,16,台新-台南,2023-04-10,8159
9958,世紀鋼,21,5,16,台新-台南,2023-04-10,8159
2408,南亞科,24,9,15,台新-台南,2023-04-10,8159
2303,聯電,18,3,15,台新-台南,2023-04-10,8159
6649,台生材,15,0,15,台新-台南,2023-04-10,8159
3029,零壹,31,16,15,台新-台南,2023-04-10,8159
6285,啟��,28,13,15,台新-台南,2023-04-10,8159
00679B,元大美債20年,67,53,14,台新-台南,2023-04-10,8159
6770,力積電,20,6,14,台新-台南,2023-04-10,8159
3207,耀勝,14,0,14,台新-台南,2023-04-10,8159
2211,長榮鋼,14,0,14,台新-台南,2023-04-10,8159
1101,台泥,17,3,14,台新-台南,2023-04-10,8159
5299,杰力,16,3,13,台新-台南,2023-04-10,8159
6288,聯嘉,29,16,13,台新-台南,2023-04-10,8159
4162,智擎,34,22,12,台新-台南,2023-04-10,8159
3046,建��,49,37,12,台新-台南,2023-04-10,8159
00712,復華富時不動產,12,0,12,台新-台南,2023-04-10,8159
6235,華孚,90,79,11,台新-台南,2023-04-10,8159
8409,商之器,12,1,11,台新-台南,2023-04-10,8159
1314,中石化,257,0,257,台新-台南,2023-04-11,8159
2206,三陽工業,137,36,101,台新-台南,2023-04-11,8159
1504,東元,172,74,98,台新-台南,2023-04-11,8159
6548,長科*,87,12,75,台新-台南,2023-04-11,8159
00664R,國泰臺灣加權反1,80,10,70,台新-台南,2023-04-11,8159
00676R,富邦臺灣加權反1,60,0,60,台新-台南,2023-04-11,8159
3673,TPK-KY,64,5,59,台新-台南,2023-04-11,8159
2603,長榮,60,5,55,台新-台南,2023-04-11,8159
00712,復華富時不動產,56,1,55,台新-台南,2023-04-11,8159
00888,永豐台灣ESG,53,0,53,台新-台南,2023-04-11,8159
00632R,元大台灣50反1,116,68,48,台新-台南,2023-04-11,8159
4526,東台,50,5,45,台新-台南,2023-04-11,8159
8171,天宇,43,2,41,台新-台南,2023-04-11,8159
00885,富邦越南,38,0,38,台新-台南,2023-04-11,8159
00680L,元大美債20正2,35,0,35,台新-台南,2023-04-11,8159
2230,泰茂,36,4,32,台新-台南,2023-04-11,8159
00882,中信中國高股息,41,12,29,台新-台南,2023-04-11,8159
3013,晟銘電,31,2,29,台新-台南,2023-04-11,8159
8050,廣積,40,12,28,台新-台南,2023-04-11,8159
00673R,期元大S＆P原油反1,27,0,27,台新-台南,2023-04-11,8159
4979,華星光,36,11,25,台新-台南,2023-04-11,8159
3714,富采,30,6,24,台新-台南,2023-04-11,8159
00902,中信電池及儲能,23,1,22,台新-台南,2023-04-11,8159
9907,統一實,20,0,20,台新-台南,2023-04-11,8159
9802,鈺齊-KY,20,0,20,台新-台南,2023-04-11,8159
1467,南緯,20,0,20,台新-台南,2023-04-11,8159
1444,力麗,20,0,20,台新-台南,2023-04-11,8159
6603,富強鑫,20,0,20,台新-台南,2023-04-11,8159
1718,中纖,20,0,20,台新-台南,2023-04-11,8159
1605,華新,37,18,19,台新-台南,2023-04-11,8159
00679B,元大美債20年,64,45,19,台新-台南,2023-04-11,8159
8072,陞泰,22,4,18,台新-台南,2023-04-11,8159
2495,普安,20,2,18,台新-台南,2023-04-11,8159
2460,建通,20,2,18,台新-台南,2023-04-11,8159
2317,鴻海,18,1,17,台新-台南,2023-04-11,8159
00665L,富邦�琤肭磪囓�2,79,62,17,台新-台南,2023-04-11,8159
2303,聯電,29,12,17,台新-台南,2023-04-11,8159
2457,飛宏,134,117,17,台新-台南,2023-04-11,8159
8070,長華*,16,0,16,台新-台南,2023-04-11,8159
1308,亞聚,15,0,15,台新-台南,2023-04-11,8159
3322,建舜電,18,3,15,台新-台南,2023-04-11,8159
5464,霖宏,25,11,14,台新-台南,2023-04-11,8159
6133,金橋,16,2,14,台新-台南,2023-04-11,8159
2329,華泰,13,0,13,台新-台南,2023-04-11,8159
6443,元晶,21,10,11,台新-台南,2023-04-11,8159
00637L,元大滬深300正2,11,0,11,台新-台南,2023-04-11,8159
6285,啟��,16,5,11,台新-台南,2023-04-11,8159
2359,所羅門,11,0,11,台新-台南,2023-04-11,8159
6732,昇佳電子,11,0,11,台新-台南,2023-04-11,8159
6698,旭暉應材,14,3,11,台新-台南,2023-04-11,8159
00673R,期元大S＆P原油反1,120,0,120,台新-台南,2023-04-12,8159
00665L,富邦�琤肭磪囓�2,145,25,120,台新-台南,2023-04-12,8159
00632R,元大台灣50反1,135,17,118,台新-台南,2023-04-12,8159
9907,統一實,103,2,101,台新-台南,2023-04-12,8159
00907,永豐優息存股,80,0,80,台新-台南,2023-04-12,8159
1216,統一,69,1,68,台新-台南,2023-04-12,8159
1308,亞聚,54,0,54,台新-台南,2023-04-12,8159
5519,隆大,102,50,52,台新-台南,2023-04-12,8159
3481,群創,123,74,49,台新-台南,2023-04-12,8159
2317,鴻海,51,5,46,台新-台南,2023-04-12,8159
3162,精確,44,8,36,台新-台南,2023-04-12,8159
1605,華新,88,53,35,台新-台南,2023-04-12,8159
6548,長科*,34,4,30,台新-台南,2023-04-12,8159
1467,南緯,30,0,30,台新-台南,2023-04-12,8159
00679B,元大美債20年,37,9,28,台新-台南,2023-04-12,8159
00651R,復華香港反1,27,0,27,台新-台南,2023-04-12,8159
2423,固緯,25,0,25,台新-台南,2023-04-12,8159
4528,江興鍛,25,0,25,台新-台南,2023-04-12,8159
6283,淳安,25,0,25,台新-台南,2023-04-12,8159
00712,復華富時不動產,26,2,24,台新-台南,2023-04-12,8159
8476,台境*,22,0,22,台新-台南,2023-04-12,8159
3624,光頡,63,41,22,台新-台南,2023-04-12,8159
3682,亞太電,20,0,20,台新-台南,2023-04-12,8159
2313,華通,30,10,20,台新-台南,2023-04-12,8159
2637,慧洋-KY,19,0,19,台新-台南,2023-04-12,8159
8103,瀚荃,20,1,19,台新-台南,2023-04-12,8159
1513,中興電,179,161,18,台新-台南,2023-04-12,8159
2851,中再保,19,1,18,台新-台南,2023-04-12,8159
2401,凌陽,25,7,18,台新-台南,2023-04-12,8159
6461,益得,19,1,18,台新-台南,2023-04-12,8159
3081,聯亞,17,0,17,台新-台南,2023-04-12,8159
3138,耀登,18,1,17,台新-台南,2023-04-12,8159
3712,永崴投控,21,5,16,台新-台南,2023-04-12,8159
4934,太極,19,3,16,台新-台南,2023-04-12,8159
2337,旺宏,17,2,15,台新-台南,2023-04-12,8159
2358,廷鑫,18,3,15,台新-台南,2023-04-12,8159
3628,盈正,14,0,14,台新-台南,2023-04-12,8159
2845,遠東銀,13,0,13,台新-台南,2023-04-12,8159
1569,濱川,19,6,13,台新-台南,2023-04-12,8159
6139,亞翔,14,1,13,台新-台南,2023-04-12,8159
2634,漢翔,136,123,13,台新-台南,2023-04-12,8159
8069,元太,22,10,12,台新-台南,2023-04-12,8159
2461,光群雷,12,0,12,台新-台南,2023-04-12,8159
6205,詮欣,13,1,12,台新-台南,2023-04-12,8159
6188,廣明,20,8,12,台新-台南,2023-04-12,8159
3002,歐格,12,0,12,台新-台南,2023-04-12,8159
4968,立積,16,5,11,台新-台南,2023-04-12,8159
1417,嘉裕,11,0,11,台新-台南,2023-04-12,8159
5425,台半,35,24,11,台新-台南,2023-04-12,8159
4128,中天,10,0,10,台新-台南,2023-04-12,8159
1609,大亞,298,56,242,台新-台南,2023-04-13,8159
2023,燁輝,205,10,195,台新-台南,2023-04-13,8159
00673R,期元大S＆P原油反1,132,0,132,台新-台南,2023-04-13,8159
4306,炎洲,120,0,120,台新-台南,2023-04-13,8159
5483,中美晶,116,0,116,台新-台南,2023-04-13,8159
2634,漢翔,229,126,103,台新-台南,2023-04-13,8159
00679B,元大美債20年,99,0,99,台新-台南,2023-04-13,8159
4938,和碩,86,1,85,台新-台南,2023-04-13,8159
00712,復華富時不動產,66,0,66,台新-台南,2023-04-13,8159
6116,彩晶,65,3,62,台新-台南,2023-04-13,8159
2313,華通,69,8,61,台新-台南,2023-04-13,8159
2515,中工,519,461,58,台新-台南,2023-04-13,8159
3711,日月光投控,56,2,54,台新-台南,2023-04-13,8159
1308,亞聚,51,1,50,台新-台南,2023-04-13,8159
00878,國泰永續高股息,99,52,47,台新-台南,2023-04-13,8159
6163,華電網,149,106,43,台新-台南,2023-04-13,8159
00648R,元大S＆P500反1,43,0,43,台新-台南,2023-04-13,8159
6283,淳安,41,0,41,台新-台南,2023-04-13,8159
6182,合晶,45,6,39,台新-台南,2023-04-13,8159
6488,環球晶,39,2,37,台新-台南,2023-04-13,8159
2329,華泰,54,17,37,台新-台南,2023-04-13,8159
5009,榮剛,70,37,33,台新-台南,2023-04-13,8159
5351,鈺創,43,11,32,台新-台南,2023-04-13,8159
0056,元大高股息,38,6,32,台新-台南,2023-04-13,8159
3231,緯創,55,24,31,台新-台南,2023-04-13,8159
5876,上海商銀,30,0,30,台新-台南,2023-04-13,8159
6139,亞翔,29,0,29,台新-台南,2023-04-13,8159
1504,東元,98,70,28,台新-台南,2023-04-13,8159
1802,台玻,31,5,26,台新-台南,2023-04-13,8159
2739,寒舍,26,0,26,台新-台南,2023-04-13,8159
3209,全科,76,52,24,台新-台南,2023-04-13,8159
2206,三陽工業,56,32,24,台新-台南,2023-04-13,8159
3037,欣興,33,10,23,台新-台南,2023-04-13,8159
2236,百達-KY,24,1,23,台新-台南,2023-04-13,8159
00680L,元大美債20正2,23,0,23,台新-台南,2023-04-13,8159
3017,奇鋐,25,2,23,台新-台南,2023-04-13,8159
2353,宏��,30,8,22,台新-台南,2023-04-13,8159
3071,協禧,22,0,22,台新-台南,2023-04-13,8159
00893,國泰智能電動車,22,0,22,台新-台南,2023-04-13,8159
5439,高技,26,4,22,台新-台南,2023-04-13,8159
2402,毅嘉,99,78,21,台新-台南,2023-04-13,8159
00713,元大台灣高息低波,20,0,20,台新-台南,2023-04-13,8159
3029,零壹,25,5,20,台新-台南,2023-04-13,8159
4906,正文,20,0,20,台新-台南,2023-04-13,8159
3323,加百裕,20,0,20,台新-台南,2023-04-13,8159
1519,華城,74,54,20,台新-台南,2023-04-13,8159
8374,羅昇,24,5,19,台新-台南,2023-04-13,8159
5309,系統電,46,27,19,台新-台南,2023-04-13,8159
1513,中興電,124,105,19,台新-台南,2023-04-13,8159
3715,定穎投控,19,1,18,台新-台南,2023-04-13,8159
2208,台船,491,185,306,台新-台南,2023-04-14,8159
00679B,元大美債20年,230,3,227,台新-台南,2023-04-14,8159
00632R,元大台灣50反1,259,99,160,台新-台南,2023-04-14,8159
00664R,國泰臺灣加權反1,150,0,150,台新-台南,2023-04-14,8159
00671R,富邦NASDAQ反1,150,0,150,台新-台南,2023-04-14,8159
00888,永豐台灣ESG,138,0,138,台新-台南,2023-04-14,8159
00720B,元大投資級公司債,124,6,118,台新-台南,2023-04-14,8159
2515,中工,236,122,114,台新-台南,2023-04-14,8159
8383,千附,114,1,113,台新-台南,2023-04-14,8159
5512,力麒,100,3,97,台新-台南,2023-04-14,8159
6235,華孚,236,149,87,台新-台南,2023-04-14,8159
2634,漢翔,405,329,76,台新-台南,2023-04-14,8159
1216,統一,71,0,71,台新-台南,2023-04-14,8159
00676R,富邦臺灣加權反1,70,0,70,台新-台南,2023-04-14,8159
4306,炎洲,115,45,70,台新-台南,2023-04-14,8159
00680L,元大美債20正2,68,0,68,台新-台南,2023-04-14,8159
2002,中鋼,68,6,62,台新-台南,2023-04-14,8159
3481,群創,355,302,53,台新-台南,2023-04-14,8159
3032,偉訓,73,20,53,台新-台南,2023-04-14,8159
00905,FT臺灣Smart,50,1,49,台新-台南,2023-04-14,8159
2105,正新,51,8,43,台新-台南,2023-04-14,8159
4938,和碩,45,3,42,台新-台南,2023-04-14,8159
00712,復華富時不動產,42,0,42,台新-台南,2023-04-14,8159
00673R,期元大S＆P原油反1,40,0,40,台新-台南,2023-04-14,8159
2353,宏��,46,6,40,台新-台南,2023-04-14,8159
2492,華新科,44,11,33,台新-台南,2023-04-14,8159
4162,智擎,33,1,32,台新-台南,2023-04-14,8159
2497,怡利電,32,1,31,台新-台南,2023-04-14,8159
2382,廣達,29,0,29,台新-台南,2023-04-14,8159
2303,聯電,30,4,26,台新-台南,2023-04-14,8159
3499,環天科,26,0,26,台新-台南,2023-04-14,8159
1519,華城,39,13,26,台新-台南,2023-04-14,8159
6133,金橋,25,0,25,台新-台南,2023-04-14,8159
00687B,國泰20年美債,25,0,25,台新-台南,2023-04-14,8159
1101,台泥,30,6,24,台新-台南,2023-04-14,8159
6548,長科*,33,10,23,台新-台南,2023-04-14,8159
6163,華電網,35,14,21,台新-台南,2023-04-14,8159
6266,泰詠,57,36,21,台新-台南,2023-04-14,8159
2344,華邦電,40,19,21,台新-台南,2023-04-14,8159
00772B,中信高評級公司債,21,0,21,台新-台南,2023-04-14,8159
1467,南緯,20,0,20,台新-台南,2023-04-14,8159
1809,中釉,29,9,20,台新-台南,2023-04-14,8159
2867,三商壽,147,129,18,台新-台南,2023-04-14,8159
2883,凱基金,29,11,18,台新-台南,2023-04-14,8159
2402,毅嘉,114,97,17,台新-台南,2023-04-14,8159
5009,榮剛,56,39,17,台新-台南,2023-04-14,8159
6122,擎邦,22,5,17,台新-台南,2023-04-14,8159
2352,佳世達,17,0,17,台新-台南,2023-04-14,8159
1342,八貫,25,9,16,台新-台南,2023-04-14,8159
6234,高僑,49,34,15,台新-台南,2023-04-14,8159
00679B,元大美債20年,208,2,206,台新-台南,2023-04-17,8159
2634,漢翔,428,264,164,台新-台南,2023-04-17,8159
2027,大成鋼,207,64,143,台新-台南,2023-04-17,8159
2897,王道銀行,106,1,105,台新-台南,2023-04-17,8159
00907,永豐優息存股,103,0,103,台新-台南,2023-04-17,8159
00720B,元大投資級公司債,77,2,75,台新-台南,2023-04-17,8159
00712,復華富時不動產,76,1,75,台新-台南,2023-04-17,8159
6548,長科*,68,3,65,台新-台南,2023-04-17,8159
2618,長榮航,67,4,63,台新-台南,2023-04-17,8159
3715,定穎投控,62,0,62,台新-台南,2023-04-17,8159
3481,群創,173,122,51,台新-台南,2023-04-17,8159
1102,亞泥,51,0,51,台新-台南,2023-04-17,8159
2312,金寶,83,34,49,台新-台南,2023-04-17,8159
2603,長榮,84,35,49,台新-台南,2023-04-17,8159
00673R,期元大S＆P原油反1,48,0,48,台新-台南,2023-04-17,8159
3207,耀勝,52,5,47,台新-台南,2023-04-17,8159
00878,國泰永續高股息,55,10,45,台新-台南,2023-04-17,8159
2332,友訊,42,0,42,台新-台南,2023-04-17,8159
4162,智擎,42,1,41,台新-台南,2023-04-17,8159
2358,廷鑫,34,0,34,台新-台南,2023-04-17,8159
00680L,元大美債20正2,49,16,33,台新-台南,2023-04-17,8159
3013,晟銘電,60,28,32,台新-台南,2023-04-17,8159
3712,永崴投控,92,62,30,台新-台南,2023-04-17,8159
3037,欣興,39,10,29,台新-台南,2023-04-17,8159
6285,啟��,39,10,29,台新-台南,2023-04-17,8159
3402,漢科,30,2,28,台新-台南,2023-04-17,8159
3499,環天科,32,5,27,台新-台南,2023-04-17,8159
2002,中鋼,29,2,27,台新-台南,2023-04-17,8159
6108,競國,25,0,25,台新-台南,2023-04-17,8159
5353,台林,26,2,24,台新-台南,2023-04-17,8159
4541,晟田,36,12,24,台新-台南,2023-04-17,8159
1789,神隆,23,0,23,台新-台南,2023-04-17,8159
2442,新美齊,23,1,22,台新-台南,2023-04-17,8159
2482,連宇,26,4,22,台新-台南,2023-04-17,8159
6182,合晶,21,0,21,台新-台南,2023-04-17,8159
1503,士電,46,25,21,台新-台南,2023-04-17,8159
3221,台嘉碩,23,2,21,台新-台南,2023-04-17,8159
6248,沛波,22,2,20,台新-台南,2023-04-17,8159
6005,群益證,34,14,20,台新-台南,2023-04-17,8159
00885,富邦越南,20,0,20,台新-台南,2023-04-17,8159
5425,台半,30,10,20,台新-台南,2023-04-17,8159
2313,華通,21,1,20,台新-台南,2023-04-17,8159
6547,高端疫苗,50,31,19,台新-台南,2023-04-17,8159
2888,新光金,22,3,19,台新-台南,2023-04-17,8159
9945,潤泰新,19,0,19,台新-台南,2023-04-17,8159
1314,中石化,20,2,18,台新-台南,2023-04-17,8159
5220,萬達光電,18,0,18,台新-台南,2023-04-17,8159
3017,奇鋐,38,20,18,台新-台南,2023-04-17,8159
2610,華航,24,7,17,台新-台南,2023-04-17,8159
3591,艾笛森,21,4,17,台新-台南,2023-04-17,8159
00680L,元大美債20正2,205,10,195,台新-台南,2023-04-18,8159
2027,大成鋼,163,1,162,台新-台南,2023-04-18,8159
00679B,元大美債20年,139,0,139,台新-台南,2023-04-18,8159
00720B,元大投資級公司債,145,7,138,台新-台南,2023-04-18,8159
1609,大亞,170,41,129,台新-台南,2023-04-18,8159
00712,復華富時不動產,129,0,129,台新-台南,2023-04-18,8159
00676R,富邦臺灣加權反1,100,0,100,台新-台南,2023-04-18,8159
1467,南緯,90,0,90,台新-台南,2023-04-18,8159
2515,中工,164,83,81,台新-台南,2023-04-18,8159
1101,台泥,77,5,72,台新-台南,2023-04-18,8159
5351,鈺創,70,6,64,台新-台南,2023-04-18,8159
8033,雷虎,153,97,56,台新-台南,2023-04-18,8159
3037,欣興,63,9,54,台新-台南,2023-04-18,8159
3035,智原,65,14,51,台新-台南,2023-04-18,8159
1809,中釉,64,16,48,台新-台南,2023-04-18,8159
2453,凌群,131,83,48,台新-台南,2023-04-18,8159
3481,群創,79,33,46,台新-台南,2023-04-18,8159
2344,華邦電,51,7,44,台新-台南,2023-04-18,8159
1444,力麗,91,48,43,台新-台南,2023-04-18,8159
3027,盛達,41,1,40,台新-台南,2023-04-18,8159
5009,榮剛,72,33,39,台新-台南,2023-04-18,8159
00772B,中信高評級公司債,38,0,38,台新-台南,2023-04-18,8159
00751B,元大AAA至A公司債,45,8,37,台新-台南,2023-04-18,8159
4916,事欣科,45,8,37,台新-台南,2023-04-18,8159
00673R,期元大S＆P原油反1,35,0,35,台新-台南,2023-04-18,8159
3013,晟銘電,74,41,33,台新-台南,2023-04-18,8159
00687B,國泰20年美債,32,0,32,台新-台南,2023-04-18,8159
3714,富采,47,15,32,台新-台南,2023-04-18,8159
6282,康舒,53,22,31,台新-台南,2023-04-18,8159
4720,德淵,30,0,30,台新-台南,2023-04-18,8159
8383,千附,37,7,30,台新-台南,2023-04-18,8159
1504,東元,29,1,28,台新-台南,2023-04-18,8159
00912,中信臺灣智慧50,33,5,28,台新-台南,2023-04-18,8159
3312,弘憶股,30,3,27,台新-台南,2023-04-18,8159
5220,萬達光電,27,0,27,台新-台南,2023-04-18,8159
2601,益航,28,2,26,台新-台南,2023-04-18,8159
1720,生達,31,6,25,台新-台南,2023-04-18,8159
2609,陽明,49,25,24,台新-台南,2023-04-18,8159
2313,華通,29,4,25,台新-台南,2023-04-18,8159
00773B,中信優先金融債,24,0,24,台新-台南,2023-04-18,8159
2641,正德,24,0,24,台新-台南,2023-04-18,8159
8215,明基材,27,3,24,台新-台南,2023-04-18,8159
2359,所羅門,68,45,23,台新-台南,2023-04-18,8159
4566,時碩工業,31,9,22,台新-台南,2023-04-18,8159
8150,南茂,23,1,22,台新-台南,2023-04-18,8159
6715,嘉基,23,1,22,台新-台南,2023-04-18,8159
3032,偉訓,33,12,21,台新-台南,2023-04-18,8159
3038,全台,29,8,21,台新-台南,2023-04-18,8159
6026,福邦證,20,0,20,台新-台南,2023-04-18,8159
4938,和碩,20,0,20,台新-台南,2023-04-18,8159
3481,群創,324,131,193,台新-台南,2023-04-19,8159
3545,敦泰,126,43,83,台新-台南,2023-04-19,8159
2208,台船,96,16,80,台新-台南,2023-04-19,8159
2515,中工,129,55,74,台新-台南,2023-04-19,8159
2365,昆盈,68,0,68,台新-台南,2023-04-19,8159
00922,國泰台灣領袖50,62,0,62,台新-台南,2023-04-19,8159
00680L,元大美債20正2,59,0,59,台新-台南,2023-04-19,8159
00878,國泰永續高股息,74,20,54,台新-台南,2023-04-19,8159
1806,冠軍,53,0,53,台新-台南,2023-04-19,8159
1308,亞聚,53,1,52,台新-台南,2023-04-19,8159
2867,三商壽,52,1,51,台新-台南,2023-04-19,8159
1810,和成,117,67,50,台新-台南,2023-04-19,8159
5309,系統電,58,9,49,台新-台南,2023-04-19,8159
2027,大成鋼,43,0,43,台新-台南,2023-04-19,8159
4503,金雨,42,0,42,台新-台南,2023-04-19,8159
00888,永豐台灣ESG,39,0,39,台新-台南,2023-04-19,8159
00712,復華富時不動產,37,2,35,台新-台南,2023-04-19,8159
1717,長興,38,3,35,台新-台南,2023-04-19,8159
4550,長佳,34,1,33,台新-台南,2023-04-19,8159
2337,旺宏,34,1,33,台新-台南,2023-04-19,8159
1528,恩德,31,0,31,台新-台南,2023-04-19,8159
1216,統一,31,0,31,台新-台南,2023-04-19,8159
2618,長榮航,34,3,31,台新-台南,2023-04-19,8159
3037,欣興,33,4,29,台新-台南,2023-04-19,8159
3094,聯傑,43,15,28,台新-台南,2023-04-19,8159
00720B,元大投資級公司債,28,0,28,台新-台南,2023-04-19,8159
8222,寶一,105,78,27,台新-台南,2023-04-19,8159
2314,台揚,32,5,27,台新-台南,2023-04-19,8159
2455,全新,39,12,27,台新-台南,2023-04-19,8159
6770,力積電,43,17,26,台新-台南,2023-04-19,8159
3189,景碩,27,1,26,台新-台南,2023-04-19,8159
6182,合晶,26,1,25,台新-台南,2023-04-19,8159
6179,亞通,23,0,23,台新-台南,2023-04-19,8159
3209,全科,23,0,23,台新-台南,2023-04-19,8159
6548,長科*,23,0,23,台新-台南,2023-04-19,8159
2409,友達,40,18,22,台新-台南,2023-04-19,8159
1603,華電,22,0,22,台新-台南,2023-04-19,8159
2363,矽統,22,0,22,台新-台南,2023-04-19,8159
2338,光罩,26,4,22,台新-台南,2023-04-19,8159
00673R,期元大S＆P原油反1,22,0,22,台新-台南,2023-04-19,8159
00751B,元大AAA至A公司債,23,1,22,台新-台南,2023-04-19,8159
00912,中信臺灣智慧50,21,0,21,台新-台南,2023-04-19,8159
3013,晟銘電,32,11,21,台新-台南,2023-04-19,8159
5439,高技,21,0,21,台新-台南,2023-04-19,8159
3576,聯合再生,63,43,20,台新-台南,2023-04-19,8159
2801,彰銀,20,0,20,台新-台南,2023-04-19,8159
1312,國喬,22,2,20,台新-台南,2023-04-19,8159
3710,連展投控,20,0,20,台新-台南,2023-04-19,8159
2201,裕隆,136,116,20,台新-台南,2023-04-19,8159
00905,FT臺灣Smart,20,1,19,台新-台南,2023-04-19,8159
1216,統一,153,2,151,台新-台南,2023-04-20,8159
00679B,元大美債20年,110,0,110,台新-台南,2023-04-20,8159
1711,永光,114,16,98,台新-台南,2023-04-20,8159
00878,國泰永續高股息,149,59,90,台新-台南,2023-04-20,8159
2027,大成鋼,88,0,88,台新-台南,2023-04-20,8159
00680L,元大美債20正2,83,0,83,台新-台南,2023-04-20,8159
00751B,元大AAA至A公司債,80,0,80,台新-台南,2023-04-20,8159
00687B,國泰20年美債,76,0,76,台新-台南,2023-04-20,8159
2303,聯電,76,2,74,台新-台南,2023-04-20,8159
2515,中工,73,24,49,台新-台南,2023-04-20,8159
1605,華新,90,43,47,台新-台南,2023-04-20,8159
2337,旺宏,45,0,45,台新-台南,2023-04-20,8159
3013,晟銘電,47,5,42,台新-台南,2023-04-20,8159
5465,富驊,45,6,39,台新-台南,2023-04-20,8159
1603,華電,38,0,38,台新-台南,2023-04-20,8159
4162,智擎,38,1,37,台新-台南,2023-04-20,8159
3224,三顧,36,1,35,台新-台南,2023-04-20,8159
2913,農林,40,5,35,台新-台南,2023-04-20,8159
3032,偉訓,45,11,34,台新-台南,2023-04-20,8159
9919,康那香,34,0,34,台新-台南,2023-04-20,8159
6443,元晶,65,34,31,台新-台南,2023-04-20,8159
6235,華孚,119,89,30,台新-台南,2023-04-20,8159
2890,永豐金,29,0,29,台新-台南,2023-04-20,8159
2324,仁寶,30,2,28,台新-台南,2023-04-20,8159
4566,時碩工業,28,1,27,台新-台南,2023-04-20,8159
2457,飛宏,58,33,25,台新-台南,2023-04-20,8159
6578,達邦蛋白,25,0,25,台新-台南,2023-04-20,8159
4550,長佳,31,7,24,台新-台南,2023-04-20,8159
3050,鈺德,24,0,24,台新-台南,2023-04-20,8159
2498,宏達電,29,6,23,台新-台南,2023-04-20,8159
1721,三晃,25,2,23,台新-台南,2023-04-20,8159
3094,聯傑,27,5,22,台新-台南,2023-04-20,8159
1802,台玻,21,0,21,台新-台南,2023-04-20,8159
5230,雷笛克光學,21,0,21,台新-台南,2023-04-20,8159
2453,凌群,62,42,20,台新-台南,2023-04-20,8159
2409,友達,30,10,20,台新-台南,2023-04-20,8159
4934,太極,37,17,20,台新-台南,2023-04-20,8159
6244,茂迪,135,116,19,台新-台南,2023-04-20,8159
00772B,中信高評級公司債,23,4,19,台新-台南,2023-04-20,8159
3162,精確,20,1,19,台新-台南,2023-04-20,8159
4164,承業醫,23,4,19,台新-台南,2023-04-20,8159
6283,淳安,19,0,19,台新-台南,2023-04-20,8159
4974,亞泰,19,0,19,台新-台南,2023-04-20,8159
6288,聯嘉,24,6,18,台新-台南,2023-04-20,8159
6806,森崴能源,36,18,18,台新-台南,2023-04-20,8159
2916,滿心,17,0,17,台新-台南,2023-04-20,8159
2314,台揚,24,7,17,台新-台南,2023-04-20,8159
1101,台泥,25,9,16,台新-台南,2023-04-20,8159
00895,富邦未來車,15,0,15,台新-台南,2023-04-20,8159
00665L,富邦�琤肭磪囓�2,39,24,15,台新-台南,2023-04-20,8159
1609,大亞,255,24,231,台新-台南,2023-04-21,8159
00680L,元大美債20正2,163,6,157,台新-台南,2023-04-21,8159
5425,台半,144,33,111,台新-台南,2023-04-21,8159
00715L,期街口布蘭特正2,96,0,96,台新-台南,2023-04-21,8159
00753L,中信中國50正2,91,0,91,台新-台南,2023-04-21,8159
3038,全台,92,14,78,台新-台南,2023-04-21,8159
1721,三晃,76,2,74,台新-台南,2023-04-21,8159
2201,裕隆,66,5,61,台新-台南,2023-04-21,8159
2618,長榮航,59,2,57,台新-台南,2023-04-21,8159
2303,聯電,81,25,56,台新-台南,2023-04-21,8159
0056,元大高股息,59,4,55,台新-台南,2023-04-21,8159
6163,華電網,109,54,55,台新-台南,2023-04-21,8159
6167,久正,55,1,54,台新-台南,2023-04-21,8159
2409,友達,74,22,52,台新-台南,2023-04-21,8159
5355,佳總,52,1,51,台新-台南,2023-04-21,8159
2890,永豐金,64,17,47,台新-台南,2023-04-21,8159
00892,富邦台灣半導體,46,0,46,台新-台南,2023-04-21,8159
00641R,富邦日本反1,40,0,40,台新-台南,2023-04-21,8159
1785,光洋科,39,1,38,台新-台南,2023-04-21,8159
00878,國泰永續高股息,83,48,35,台新-台南,2023-04-21,8159
2609,陽明,43,8,35,台新-台南,2023-04-21,8159
6770,力積電,41,8,33,台新-台南,2023-04-21,8159
00720B,元大投資級公司債,33,0,33,台新-台南,2023-04-21,8159
3149,正達,31,0,31,台新-台南,2023-04-21,8159
6715,嘉基,31,1,30,台新-台南,2023-04-21,8159
2027,大成鋼,36,6,30,台新-台南,2023-04-21,8159
2913,農林,83,53,30,台新-台南,2023-04-21,8159
8383,千附,31,2,29,台新-台南,2023-04-21,8159
1909,榮成,69,41,28,台新-台南,2023-04-21,8159
1904,正隆,57,29,28,台新-台南,2023-04-21,8159
2313,華通,32,5,27,台新-台南,2023-04-21,8159
6548,長科*,26,0,26,台新-台南,2023-04-21,8159
2401,凌陽,25,0,25,台新-台南,2023-04-21,8159
00679B,元大美債20年,29,5,24,台新-台南,2023-04-21,8159
00888,永豐台灣ESG,24,0,24,台新-台南,2023-04-21,8159
2419,仲琦,23,0,23,台新-台南,2023-04-21,8159
2006,東和鋼鐵,22,0,22,台新-台南,2023-04-21,8159
2812,台中銀,22,0,22,台新-台南,2023-04-21,8159
8028,昇陽半導體,23,1,22,台新-台南,2023-04-21,8159
2484,希華,23,2,21,台新-台南,2023-04-21,8159
6591,動力-KY,21,0,21,台新-台南,2023-04-21,8159
4543,萬在,21,0,21,台新-台南,2023-04-21,8159
2615,萬海,26,5,21,台新-台南,2023-04-21,8159
4906,正文,25,5,20,台新-台南,2023-04-21,8159
00664R,國泰臺灣加權反1,20,0,20,台新-台南,2023-04-21,8159
6283,淳安,20,0,20,台新-台南,2023-04-21,8159
6182,合晶,22,3,19,台新-台南,2023-04-21,8159
2405,輔信,22,3,19,台新-台南,2023-04-21,8159
1720,生達,21,2,19,台新-台南,2023-04-21,8159
4916,事欣科,22,3,19,台新-台南,2023-04-21,8159
00680L,元大美債20正2,179,21,158,台新-台南,2023-04-24,8159
2897,王道銀行,150,0,150,台新-台南,2023-04-24,8159
00712,復華富時不動產,117,0,117,台新-台南,2023-04-24,8159
2867,三商壽,167,55,112,台新-台南,2023-04-24,8159
1710,東聯,111,7,104,台新-台南,2023-04-24,8159
2495,普安,106,8,98,台新-台南,2023-04-24,8159
2890,永豐金,93,19,74,台新-台南,2023-04-24,8159
2206,三陽工業,59,1,58,台新-台南,2023-04-24,8159
00753L,中信中國50正2,55,0,55,台新-台南,2023-04-24,8159
00878,國泰永續高股息,67,18,49,台新-台南,2023-04-24,8159
9907,統一實,44,0,44,台新-台南,2023-04-24,8159
1101,台泥,194,150,44,台新-台南,2023-04-24,8159
2317,鴻海,50,9,41,台新-台南,2023-04-24,8159
00632R,元大台灣50反1,114,75,39,台新-台南,2023-04-24,8159
00679B,元大美債20年,34,1,33,台新-台南,2023-04-24,8159
00637L,元大滬深300正2,33,0,33,台新-台南,2023-04-24,8159
2303,聯電,56,24,32,台新-台南,2023-04-24,8159
1201,味全,30,0,30,台新-台南,2023-04-24,8159
2457,飛宏,56,28,28,台新-台南,2023-04-24,8159
6770,力積電,35,8,27,台新-台南,2023-04-24,8159
6163,華電網,28,2,26,台新-台南,2023-04-24,8159
1314,中石化,26,0,26,台新-台南,2023-04-24,8159
6111,大宇資,28,2,26,台新-台南,2023-04-24,8159
2313,華通,28,4,24,台新-台南,2023-04-24,8159
2618,長榮航,25,2,23,台新-台南,2023-04-24,8159
6160,欣技,22,0,22,台新-台南,2023-04-24,8159
3149,正達,21,0,21,台新-台南,2023-04-24,8159
00892,富邦台灣半導體,21,0,21,台新-台南,2023-04-24,8159
00830,國泰費城半導體,21,0,21,台新-台南,2023-04-24,8159
2634,漢翔,147,127,20,台新-台南,2023-04-24,8159
1522,堤維西,20,0,20,台新-台南,2023-04-24,8159
4934,太極,20,0,20,台新-台南,2023-04-24,8159
3374,精材,20,0,20,台新-台南,2023-04-24,8159
2208,台船,95,76,19,台新-台南,2023-04-24,8159
00902,中信電池及儲能,18,0,18,台新-台南,2023-04-24,8159
3056,富華新,18,0,18,台新-台南,2023-04-24,8159
3058,立德,18,1,17,台新-台南,2023-04-24,8159
6218,豪勉,19,2,17,台新-台南,2023-04-24,8159
00772B,中信高評級公司債,21,5,16,台新-台南,2023-04-24,8159
2027,大成鋼,17,1,16,台新-台南,2023-04-24,8159
00923,群益台ESG低碳50,16,0,16,台新-台南,2023-04-24,8159
5351,鈺創,23,7,16,台新-台南,2023-04-24,8159
5371,中光電,16,1,15,台新-台南,2023-04-24,8159
6116,彩晶,15,1,14,台新-台南,2023-04-24,8159
2324,仁寶,18,4,14,台新-台南,2023-04-24,8159
00752,中信中國50,14,0,14,台新-台南,2023-04-24,8159
2002,中鋼,15,1,14,台新-台南,2023-04-24,8159
2515,中工,22,9,13,台新-台南,2023-04-24,8159
3003,健和興,13,0,13,台新-台南,2023-04-24,8159
006208,富邦台50,13,0,13,台新-台南,2023-04-24,8159
1609,大亞,197,7,190,台新-台南,2023-04-25,8159
00878,國泰永續高股息,234,47,187,台新-台南,2023-04-25,8159
0056,元大高股息,173,23,150,台新-台南,2023-04-25,8159
2515,中工,140,22,118,台新-台南,2023-04-25,8159
00632R,元大台灣50反1,200,107,93,台新-台南,2023-04-25,8159
1101,台泥,140,50,90,台新-台南,2023-04-25,8159
00753L,中信中國50正2,71,0,71,台新-台南,2023-04-25,8159
4979,華星光,76,7,69,台新-台南,2023-04-25,8159
00885,富邦越南,74,5,69,台新-台南,2023-04-25,8159
1528,恩德,53,0,53,台新-台南,2023-04-25,8159
3481,群創,66,13,53,台新-台南,2023-04-25,8159
3545,敦泰,59,7,52,台新-台南,2023-04-25,8159
2027,大成鋼,53,2,51,台新-台南,2023-04-25,8159
3062,建漢,50,0,50,台新-台南,2023-04-25,8159
2303,聯電,54,4,50,台新-台南,2023-04-25,8159
2208,台船,53,4,49,台新-台南,2023-04-25,8159
00900,富邦特選高股息30,48,3,45,台新-台南,2023-04-25,8159
3231,緯創,56,11,45,台新-台南,2023-04-25,8159
0050,元大台灣50,46,4,42,台新-台南,2023-04-25,8159
2201,裕隆,48,8,40,台新-台南,2023-04-25,8159
6156,松上,40,0,40,台新-台南,2023-04-25,8159
2457,飛宏,127,90,37,台新-台南,2023-04-25,8159
2609,陽明,48,12,36,台新-台南,2023-04-25,8159
00664R,國泰臺灣加權反1,35,0,35,台新-台南,2023-04-25,8159
006208,富邦台50,35,0,35,台新-台南,2023-04-25,8159
6167,久正,36,2,34,台新-台南,2023-04-25,8159
4720,德淵,44,10,34,台新-台南,2023-04-25,8159
00720B,元大投資級公司債,33,1,32,台新-台南,2023-04-25,8159
8093,保銳,31,0,31,台新-台南,2023-04-25,8159
00713,元大台灣高息低波,42,11,31,台新-台南,2023-04-25,8159
2323,中環,30,0,30,台新-台南,2023-04-25,8159
1201,味全,30,1,29,台新-台南,2023-04-25,8159
2353,宏��,36,7,29,台新-台南,2023-04-25,8159
00706L,期元大S＆P日圓正2,28,0,28,台新-台南,2023-04-25,8159
2618,長榮航,39,12,27,台新-台南,2023-04-25,8159
00881,國泰台灣5G+,37,10,27,台新-台南,2023-04-25,8159
00675L,富邦臺灣加權正2,26,0,26,台新-台南,2023-04-25,8159
00641R,富邦日本反1,26,0,26,台新-台南,2023-04-25,8159
00923,群益台ESG低碳50,24,0,24,台新-台南,2023-04-25,8159
3479,安勤,24,1,23,台新-台南,2023-04-25,8159
4111,濟生,23,0,23,台新-台南,2023-04-25,8159
2883,凱基金,26,3,23,台新-台南,2023-04-25,8159
3094,聯傑,22,0,22,台新-台南,2023-04-25,8159
5009,榮剛,36,15,21,台新-台南,2023-04-25,8159
4934,太極,21,0,21,台新-台南,2023-04-25,8159
6282,康舒,113,92,21,台新-台南,2023-04-25,8159
00669R,國泰美國道瓊反1,20,0,20,台新-台南,2023-04-25,8159
2915,潤泰全,20,0,20,台新-台南,2023-04-25,8159
1589,永冠-KY,20,1,19,台新-台南,2023-04-25,8159
4121,優盛,23,5,18,台新-台南,2023-04-25,8159
1905,華紙,342,143,199,台新-台南,2023-04-26,8159
2891,中信金,161,7,154,台新-台南,2023-04-26,8159
00885,富邦越南,103,0,103,台新-台南,2023-04-26,8159
00712,復華富時不動產,100,30,70,台新-台南,2023-04-26,8159
00715L,期街口布蘭特正2,69,0,69,台新-台南,2023-04-26,8159
2337,旺宏,65,8,57,台新-台南,2023-04-26,8159
1609,大亞,61,7,54,台新-台南,2023-04-26,8159
1731,美吾華,49,2,47,台新-台南,2023-04-26,8159
2489,瑞軒,46,1,45,台新-台南,2023-04-26,8159
1314,中石化,85,41,44,台新-台南,2023-04-26,8159
2027,大成鋼,40,1,39,台新-台南,2023-04-26,8159
2002,中鋼,40,6,34,台新-台南,2023-04-26,8159
6548,長科*,34,0,34,台新-台南,2023-04-26,8159
1904,正隆,65,33,32,台新-台南,2023-04-26,8159
00878,國泰永續高股息,79,47,32,台新-台南,2023-04-26,8159
00888,永豐台灣ESG,32,2,30,台新-台南,2023-04-26,8159
2609,陽明,49,19,30,台新-台南,2023-04-26,8159
1802,台玻,30,0,30,台新-台南,2023-04-26,8159
2423,固緯,31,2,29,台新-台南,2023-04-26,8159
2303,聯電,37,9,28,台新-台南,2023-04-26,8159
2890,永豐金,29,2,27,台新-台南,2023-04-26,8159
8383,千附,26,1,25,台新-台南,2023-04-26,8159
6770,力積電,28,6,22,台新-台南,2023-04-26,8159
6160,欣技,21,0,21,台新-台南,2023-04-26,8159
2884,玉山金,30,10,20,台新-台南,2023-04-26,8159
0050,元大台灣50,22,2,20,台新-台南,2023-04-26,8159
5206,坤悅,20,0,20,台新-台南,2023-04-26,8159
006208,富邦台50,20,0,20,台新-台南,2023-04-26,8159
3035,智原,57,39,18,台新-台南,2023-04-26,8159
2201,裕隆,30,12,18,台新-台南,2023-04-26,8159
00924,復華S＆P500成長,18,0,18,台新-台南,2023-04-26,8159
2603,長榮,21,3,18,台新-台南,2023-04-26,8159
0056,元大高股息,30,13,17,台新-台南,2023-04-26,8159
1605,華新,21,4,17,台新-台南,2023-04-26,8159
00830,國泰費城半導體,16,0,16,台新-台南,2023-04-26,8159
1312,國喬,16,0,16,台新-台南,2023-04-26,8159
3703,欣陸,21,5,16,台新-台南,2023-04-26,8159
2206,三陽工業,30,14,16,台新-台南,2023-04-26,8159
2883,凱基金,22,7,15,台新-台南,2023-04-26,8159
2324,仁寶,15,0,15,台新-台南,2023-04-26,8159
8150,南茂,15,0,15,台新-台南,2023-04-26,8159
1519,華城,23,9,14,台新-台南,2023-04-26,8159
00641R,富邦日本反1,13,0,13,台新-台南,2023-04-26,8159
00905,FT臺灣Smart,13,0,13,台新-台南,2023-04-26,8159
3006,晶豪科,16,4,12,台新-台南,2023-04-26,8159
1514,亞力,25,13,12,台新-台南,2023-04-26,8159
3714,富采,13,1,12,台新-台南,2023-04-26,8159
00720B,元大投資級公司債,11,0,11,台新-台南,2023-04-26,8159
6874,倍力,25,14,11,台新-台南,2023-04-26,8159
3624,光頡,122,111,11,台新-台南,2023-04-26,8159
1312,國喬,260,0,260,台新-台南,2023-04-27,8159
00715L,期街口布蘭特正2,211,0,211,台新-台南,2023-04-27,8159
9907,統一實,160,1,159,台新-台南,2023-04-27,8159
1905,華紙,242,103,139,台新-台南,2023-04-27,8159
00878,國泰永續高股息,133,20,113,台新-台南,2023-04-27,8159
2495,普安,106,6,100,台新-台南,2023-04-27,8159
6829,千附精密,115,23,92,台新-台南,2023-04-27,8159
1721,三晃,230,149,81,台新-台南,2023-04-27,8159
3703,欣陸,66,0,66,台新-台南,2023-04-27,8159
2002,中鋼,72,9,63,台新-台南,2023-04-27,8159
2801,彰銀,64,12,52,台新-台南,2023-04-27,8159
2615,萬海,49,4,45,台新-台南,2023-04-27,8159
6548,長科*,44,0,44,台新-台南,2023-04-27,8159
2609,陽明,46,6,40,台新-台南,2023-04-27,8159
00923,群益台ESG低碳50,37,0,37,台新-台南,2023-04-27,8159
1710,東聯,99,62,37,台新-台南,2023-04-27,8159
1314,中石化,30,0,30,台新-台南,2023-04-27,8159
2884,玉山金,40,10,30,台新-台南,2023-04-27,8159
2317,鴻海,72,43,29,台新-台南,2023-04-27,8159
3290,東浦,28,0,28,台新-台南,2023-04-27,8159
2603,長榮,31,4,27,台新-台南,2023-04-27,8159
1711,永光,262,236,26,台新-台南,2023-04-27,8159
2027,大成鋼,30,5,25,台新-台南,2023-04-27,8159
2867,三商壽,36,15,21,台新-台南,2023-04-27,8159
4306,炎洲,30,10,20,台新-台南,2023-04-27,8159
00706L,期元大S＆P日圓正2,20,0,20,台新-台南,2023-04-27,8159
3374,精材,20,0,20,台新-台南,2023-04-27,8159
1313,聯成,20,0,20,台新-台南,2023-04-27,8159
5206,坤悅,20,0,20,台新-台南,2023-04-27,8159
1731,美吾華,20,0,20,台新-台南,2023-04-27,8159
2882,國泰金,18,0,18,台新-台南,2023-04-27,8159
4720,德淵,30,12,18,台新-台南,2023-04-27,8159
2201,裕隆,17,2,15,台新-台南,2023-04-27,8159
1702,南僑,22,7,15,台新-台南,2023-04-27,8159
6811,宏�硌穈T,17,3,14,台新-台南,2023-04-27,8159
0050,元大台灣50,15,1,14,台新-台南,2023-04-27,8159
00720B,元大投資級公司債,13,0,13,台新-台南,2023-04-27,8159
2330,台積電,19,6,13,台新-台南,2023-04-27,8159
2324,仁寶,13,0,13,台新-台南,2023-04-27,8159
2349,錸德,12,0,12,台新-台南,2023-04-27,8159
3029,零壹,16,4,12,台新-台南,2023-04-27,8159
1605,華新,19,7,12,台新-台南,2023-04-27,8159
2515,中工,16,4,12,台新-台南,2023-04-27,8159
6248,沛波,12,0,12,台新-台南,2023-04-27,8159
3324,雙鴻,37,25,12,台新-台南,2023-04-27,8159
2409,友達,13,1,12,台新-台南,2023-04-27,8159
1580,新麥,11,0,11,台新-台南,2023-04-27,8159
00665L,富邦�琤肭磪囓�2,51,40,11,台新-台南,2023-04-27,8159
1310,台苯,25,14,11,台新-台南,2023-04-27,8159
1789,神隆,12,2,10,台新-台南,2023-04-27,8159
00680L,元大美債20正2,411,60,351,台新-台南,2023-04-28,8159
00893,國泰智能電動車,278,0,278,台新-台南,2023-04-28,8159
00715L,期街口布蘭特正2,282,7,275,台新-台南,2023-04-28,8159
2801,彰銀,203,1,202,台新-台南,2023-04-28,8159
1312,國喬,186,0,186,台新-台南,2023-04-28,8159
00671R,富邦NASDAQ反1,144,0,144,台新-台南,2023-04-28,8159
1905,華紙,381,254,127,台新-台南,2023-04-28,8159
2409,友達,123,10,113,台新-台南,2023-04-28,8159
2897,王道銀行,100,0,100,台新-台南,2023-04-28,8159
1516,川飛,84,11,73,台新-台南,2023-04-28,8159
3481,群創,159,87,72,台新-台南,2023-04-28,8159
1108,幸福,63,2,61,台新-台南,2023-04-28,8159
1723,中碳,62,2,60,台新-台南,2023-04-28,8159
1314,中石化,40,0,40,台新-台南,2023-04-28,8159
6288,聯嘉,97,58,39,台新-台南,2023-04-28,8159
6266,泰詠,57,20,37,台新-台南,2023-04-28,8159
2888,新光金,36,0,36,台新-台南,2023-04-28,8159
4128,中天,36,2,34,台新-台南,2023-04-28,8159
2002,中鋼,31,0,31,台新-台南,2023-04-28,8159
2634,漢翔,265,234,31,台新-台南,2023-04-28,8159
4173,久裕,30,0,30,台新-台南,2023-04-28,8159
4711,永純,30,1,29,台新-台南,2023-04-28,8159
00772B,中信高評級公司債,29,2,27,台新-台南,2023-04-28,8159
6770,力積電,33,7,26,台新-台南,2023-04-28,8159
2208,台船,29,7,22,台新-台南,2023-04-28,8159
00892,富邦台灣半導體,21,0,21,台新-台南,2023-04-28,8159
3703,欣陸,20,0,20,台新-台南,2023-04-28,8159
00753L,中信中國50正2,20,0,20,台新-台南,2023-04-28,8159
2489,瑞軒,20,0,20,台新-台南,2023-04-28,8159
8215,明基材,23,4,19,台新-台南,2023-04-28,8159
1904,正隆,20,1,19,台新-台南,2023-04-28,8159
3032,偉訓,42,24,18,台新-台南,2023-04-28,8159
2884,玉山金,19,2,17,台新-台南,2023-04-28,8159
2609,陽明,22,5,17,台新-台南,2023-04-28,8159
00687B,國泰20年美債,17,0,17,台新-台南,2023-04-28,8159
6116,彩晶,16,0,16,台新-台南,2023-04-28,8159
5603,陸海,20,4,16,台新-台南,2023-04-28,8159
00878,國泰永續高股息,43,27,16,台新-台南,2023-04-28,8159
6548,長科*,20,5,15,台新-台南,2023-04-28,8159
6741,91APP*-KY,41,26,15,台新-台南,2023-04-28,8159
2206,三陽工業,37,22,15,台新-台南,2023-04-28,8159
00679B,元大美債20年,26,12,14,台新-台南,2023-04-28,8159
2883,凱基金,23,9,14,台新-台南,2023-04-28,8159
00773B,中信優先金融債,14,0,14,台新-台南,2023-04-28,8159
1752,南光,26,13,13,台新-台南,2023-04-28,8159
2342,茂矽,13,0,13,台新-台南,2023-04-28,8159
2324,仁寶,15,2,13,台新-台南,2023-04-28,8159
2880,華南金,71,58,13,台新-台南,2023-04-28,8159
4566,時碩工業,20,7,13,台新-台南,2023-04-28,8159
2392,正崴,12,0,12,台新-台南,2023-04-28,8159
2884,玉山金,1319,19,1300,台新-台南,2023-05-02,8159
00680L,元大美債20正2,412,0,412,台新-台南,2023-05-02,8159
2801,彰銀,412,10,402,台新-台南,2023-05-02,8159
1312,國喬,358,13,345,台新-台南,2023-05-02,8159
00671R,富邦NASDAQ反1,150,0,150,台新-台南,2023-05-02,8159
3703,欣陸,111,0,111,台新-台南,2023-05-02,8159
2603,長榮,184,82,102,台新-台南,2023-05-02,8159
00679B,元大美債20年,90,0,90,台新-台南,2023-05-02,8159
1721,三晃,102,21,81,台新-台南,2023-05-02,8159
3033,威健,81,4,77,台新-台南,2023-05-02,8159
2402,毅嘉,81,5,76,台新-台南,2023-05-02,8159
00751B,元大AAA至A公司債,57,1,56,台新-台南,2023-05-02,8159
00772B,中信高評級公司債,54,0,54,台新-台南,2023-05-02,8159
2609,陽明,57,9,48,台新-台南,2023-05-02,8159
00885,富邦越南,47,0,47,台新-台南,2023-05-02,8159
6741,91APP*-KY,66,20,46,台新-台南,2023-05-02,8159
00712,復華富時不動產,42,4,38,台新-台南,2023-05-02,8159
00720B,元大投資級公司債,35,0,35,台新-台南,2023-05-02,8159
3705,永信,35,1,34,台新-台南,2023-05-02,8159
5009,榮剛,54,21,33,台新-台南,2023-05-02,8159
4121,優盛,42,10,32,台新-台南,2023-05-02,8159
6288,聯嘉,37,6,31,台新-台南,2023-05-02,8159
00795B,中信美國公債20年,30,0,30,台新-台南,2023-05-02,8159
3380,明泰,30,0,30,台新-台南,2023-05-02,8159
2887,台新金,32,3,29,台新-台南,2023-05-02,8159
9919,康那香,30,1,29,台新-台南,2023-05-02,8159
2880,華南金,29,1,28,台新-台南,2023-05-02,8159
2007,燁興,26,0,26,台新-台南,2023-05-02,8159
2489,瑞軒,27,1,26,台新-台南,2023-05-02,8159
00895,富邦未來車,25,0,25,台新-台南,2023-05-02,8159
3704,合勤控,26,3,23,台新-台南,2023-05-02,8159
00687B,國泰20年美債,22,0,22,台新-台南,2023-05-02,8159
3363,上詮,56,35,21,台新-台南,2023-05-02,8159
00753L,中信中國50正2,24,3,21,台新-台南,2023-05-02,8159
2022,聚亨,22,1,21,台新-台南,2023-05-02,8159
00773B,中信優先金融債,20,0,20,台新-台南,2023-05-02,8159
6248,沛波,25,5,20,台新-台南,2023-05-02,8159
4526,東台,35,15,20,台新-台南,2023-05-02,8159
6282,康舒,32,12,20,台新-台南,2023-05-02,8159
2314,台揚,17,0,17,台新-台南,2023-05-02,8159
2353,宏��,23,6,17,台新-台南,2023-05-02,8159
1789,神隆,17,0,17,台新-台南,2023-05-02,8159
00637L,元大滬深300正2,20,4,16,台新-台南,2023-05-02,8159
2105,正新,16,0,16,台新-台南,2023-05-02,8159
2344,華邦電,22,6,16,台新-台南,2023-05-02,8159
3362,先進光,17,2,15,台新-台南,2023-05-02,8159
9930,中聯資源,15,0,15,台新-台南,2023-05-02,8159
4111,濟生,25,10,15,台新-台南,2023-05-02,8159
1104,環泥,16,1,15,台新-台南,2023-05-02,8159
2409,友達,28,14,14,台新-台南,2023-05-02,8159
00715L,期街口布蘭特正2,421,5,416,台新-台南,2023-05-03,8159
1312,國喬,230,1,229,台新-台南,2023-05-03,8159
00712,復華富時不動產,186,3,183,台新-台南,2023-05-03,8159
2634,漢翔,286,107,179,台新-台南,2023-05-03,8159
00878,國泰永續高股息,184,27,157,台新-台南,2023-05-03,8159
2890,永豐金,157,1,156,台新-台南,2023-05-03,8159
1101,台泥,162,24,138,台新-台南,2023-05-03,8159
2812,台中銀,126,2,124,台新-台南,2023-05-03,8159
3481,群創,94,21,73,台新-台南,2023-05-03,8159
3545,敦泰,63,2,61,台新-台南,2023-05-03,8159
2834,臺企銀,92,34,58,台新-台南,2023-05-03,8159
1609,大亞,114,57,57,台新-台南,2023-05-03,8159
2603,長榮,128,74,54,台新-台南,2023-05-03,8159
2887,台新金,70,18,52,台新-台南,2023-05-03,8159
1721,三晃,60,9,51,台新-台南,2023-05-03,8159
00753L,中信中國50正2,47,0,47,台新-台南,2023-05-03,8159
3703,欣陸,43,0,43,台新-台南,2023-05-03,8159
2409,友達,42,1,41,台新-台南,2023-05-03,8159
3419,譁裕,65,28,37,台新-台南,2023-05-03,8159
1711,永光,53,18,35,台新-台南,2023-05-03,8159
2615,萬海,39,5,34,台新-台南,2023-05-03,8159
00665L,富邦�琤肭磪囓�2,48,15,33,台新-台南,2023-05-03,8159
2337,旺宏,35,2,33,台新-台南,2023-05-03,8159
3625,西勝,33,0,33,台新-台南,2023-05-03,8159
6282,康舒,68,39,29,台新-台南,2023-05-03,8159
8383,千附,28,0,28,台新-台南,2023-05-03,8159
2353,宏��,32,7,25,台新-台南,2023-05-03,8159
6248,沛波,22,0,22,台新-台南,2023-05-03,8159
5351,鈺創,23,1,22,台新-台南,2023-05-03,8159
3715,定穎投控,31,9,22,台新-台南,2023-05-03,8159
00924,復華S＆P500成長,22,0,22,台新-台南,2023-05-03,8159
6152,百一,20,0,20,台新-台南,2023-05-03,8159
4909,新復興,20,0,20,台新-台南,2023-05-03,8159
6523,達爾膚,20,1,19,台新-台南,2023-05-03,8159
6197,佳必琪,19,0,19,台新-台南,2023-05-03,8159
1514,亞力,53,35,18,台新-台南,2023-05-03,8159
1519,華城,64,46,18,台新-台南,2023-05-03,8159
3032,偉訓,38,21,17,台新-台南,2023-05-03,8159
2201,裕隆,19,3,16,台新-台南,2023-05-03,8159
2630,亞航,20,4,16,台新-台南,2023-05-03,8159
4906,正文,22,6,16,台新-台南,2023-05-03,8159
2417,圓剛,17,1,16,台新-台南,2023-05-03,8159
5321,美而快,30,14,16,台新-台南,2023-05-03,8159
4720,德淵,30,15,15,台新-台南,2023-05-03,8159
00679B,元大美債20年,29,14,15,台新-台南,2023-05-03,8159
2312,金寶,15,0,15,台新-台南,2023-05-03,8159
00646,元大S＆P500,15,0,15,台新-台南,2023-05-03,8159
2457,飛宏,64,50,14,台新-台南,2023-05-03,8159
3520,華盈,14,0,14,台新-台南,2023-05-03,8159
2324,仁寶,14,1,13,台新-台南,2023-05-03,8159
00715L,期街口布蘭特正2,499,10,489,台新-台南,2023-05-04,8159
00712,復華富時不動產,106,4,102,台新-台南,2023-05-04,8159
1314,中石化,100,0,100,台新-台南,2023-05-04,8159
00878,國泰永續高股息,92,22,70,台新-台南,2023-05-04,8159
2838,聯邦銀,69,0,69,台新-台南,2023-05-04,8159
2890,永豐金,70,15,55,台新-台南,2023-05-04,8159
00642U,期元大S＆P石油,58,3,55,台新-台南,2023-05-04,8159
6122,擎邦,55,1,54,台新-台南,2023-05-04,8159
00885,富邦越南,51,0,51,台新-台南,2023-05-04,8159
2834,臺企銀,61,11,50,台新-台南,2023-05-04,8159
2324,仁寶,50,1,49,台新-台南,2023-05-04,8159
2884,玉山金,61,14,47,台新-台南,2023-05-04,8159
2812,台中銀,43,0,43,台新-台南,2023-05-04,8159
1721,三晃,41,1,40,台新-台南,2023-05-04,8159
4916,事欣科,68,29,39,台新-台南,2023-05-04,8159
5351,鈺創,32,1,31,台新-台南,2023-05-04,8159
3006,晶豪科,49,19,30,台新-台南,2023-05-04,8159
2615,萬海,40,12,28,台新-台南,2023-05-04,8159
1514,亞力,39,11,28,台新-台南,2023-05-04,8159
2409,友達,27,0,27,台新-台南,2023-05-04,8159
2419,仲琦,25,1,24,台新-台南,2023-05-04,8159
2609,陽明,42,19,23,台新-台南,2023-05-04,8159
6112,邁達特,40,18,22,台新-台南,2023-05-04,8159
2317,鴻海,28,7,21,台新-台南,2023-05-04,8159
3207,耀勝,23,2,21,台新-台南,2023-05-04,8159
5381,合正,23,2,21,台新-台南,2023-05-04,8159
00687B,國泰20年美債,20,0,20,台新-台南,2023-05-04,8159
1603,華電,20,0,20,台新-台南,2023-05-04,8159
00857B,永豐20年美公債,20,0,20,台新-台南,2023-05-04,8159
2457,飛宏,45,28,17,台新-台南,2023-05-04,8159
2002,中鋼,17,0,17,台新-台南,2023-05-04,8159
2489,瑞軒,17,0,17,台新-台南,2023-05-04,8159
4121,優盛,61,45,16,台新-台南,2023-05-04,8159
6443,元晶,16,0,16,台新-台南,2023-05-04,8159
6266,泰詠,17,1,16,台新-台南,2023-05-04,8159
8046,南電,37,22,15,台新-台南,2023-05-04,8159
4999,鑫禾,15,0,15,台新-台南,2023-05-04,8159
8222,寶一,35,20,15,台新-台南,2023-05-04,8159
5475,德宏,15,0,15,台新-台南,2023-05-04,8159
2014,中鴻,15,1,14,台新-台南,2023-05-04,8159
3005,神基,22,8,14,台新-台南,2023-05-04,8159
1810,和成,19,5,14,台新-台南,2023-05-04,8159
6160,欣技,20,6,14,台新-台南,2023-05-04,8159
8131,福懋科,14,0,14,台新-台南,2023-05-04,8159
6111,大宇資,40,26,14,台新-台南,2023-05-04,8159
2023,燁輝,13,0,13,台新-台南,2023-05-04,8159
3625,西勝,13,0,13,台新-台南,2023-05-04,8159
2618,長榮航,18,5,13,台新-台南,2023-05-04,8159
2206,三陽工業,79,67,12,台新-台南,2023-05-04,8159
6829,千附精密,22,10,12,台新-台南,2023-05-04,8159
00715L,期街口布蘭特正2,276,12,264,台新-台南,2023-05-05,8159
00712,復華富時不動產,85,1,84,台新-台南,2023-05-05,8159
2834,臺企銀,109,34,75,台新-台南,2023-05-05,8159
00680L,元大美債20正2,80,6,74,台新-台南,2023-05-05,8159
2897,王道銀行,72,1,71,台新-台南,2023-05-05,8159
4121,優盛,82,15,67,台新-台南,2023-05-05,8159
00878,國泰永續高股息,65,4,61,台新-台南,2023-05-05,8159
2353,宏��,66,7,59,台新-台南,2023-05-05,8159
00924,復華S＆P500成長,59,0,59,台新-台南,2023-05-05,8159
1714,和桐,50,0,50,台新-台南,2023-05-05,8159
3209,全科,43,0,43,台新-台南,2023-05-05,8159
4114,健喬,78,35,43,台新-台南,2023-05-05,8159
2838,聯邦銀,40,0,40,台新-台南,2023-05-05,8159
00751B,元大AAA至A公司債,41,1,40,台新-台南,2023-05-05,8159
2812,台中銀,41,3,38,台新-台南,2023-05-05,8159
00885,富邦越南,34,0,34,台新-台南,2023-05-05,8159
2208,台船,36,3,33,台新-台南,2023-05-05,8159
5009,榮剛,40,8,32,台新-台南,2023-05-05,8159
8112,至上,32,3,29,台新-台南,2023-05-05,8159
00720B,元大投資級公司債,28,1,27,台新-台南,2023-05-05,8159
4541,晟田,32,6,26,台新-台南,2023-05-05,8159
6125,廣運,60,35,25,台新-台南,2023-05-05,8159
3029,零壹,39,14,25,台新-台南,2023-05-05,8159
5351,鈺創,32,8,24,台新-台南,2023-05-05,8159
1504,東元,36,12,24,台新-台南,2023-05-05,8159
8215,明基材,48,25,23,台新-台南,2023-05-05,8159
4164,承業醫,25,2,23,台新-台南,2023-05-05,8159
1314,中石化,26,3,23,台新-台南,2023-05-05,8159
6244,茂迪,46,25,21,台新-台南,2023-05-05,8159
00772B,中信高評級公司債,21,0,21,台新-台南,2023-05-05,8159
3051,力特,20,0,20,台新-台南,2023-05-05,8159
6241,易通展,25,5,20,台新-台南,2023-05-05,8159
00679B,元大美債20年,22,3,19,台新-台南,2023-05-05,8159
5603,陸海,20,1,19,台新-台南,2023-05-05,8159
00888,永豐台灣ESG,21,2,19,台新-台南,2023-05-05,8159
3017,奇鋐,137,118,19,台新-台南,2023-05-05,8159
2002,中鋼,19,1,18,台新-台南,2023-05-05,8159
6266,泰詠,17,0,17,台新-台南,2023-05-05,8159
8403,盛弘,59,43,16,台新-台南,2023-05-05,8159
3005,神基,29,13,16,台新-台南,2023-05-05,8159
6535,順藥,16,0,16,台新-台南,2023-05-05,8159
00773B,中信優先金融債,15,0,15,台新-台南,2023-05-05,8159
00909,國泰數位支付服務,15,0,15,台新-台南,2023-05-05,8159
2358,廷鑫,42,27,15,台新-台南,2023-05-05,8159
8476,台境*,16,1,15,台新-台南,2023-05-05,8159
00642U,期元大S＆P石油,16,1,15,台新-台南,2023-05-05,8159
1810,和成,17,3,14,台新-台南,2023-05-05,8159
1605,華新,85,71,14,台新-台南,2023-05-05,8159
3231,緯創,18,5,13,台新-台南,2023-05-05,8159
6596,寬宏藝術,14,1,13,台新-台南,2023-05-05,8159
00680L,元大美債20正2,194,0,194,台新-台南,2023-05-08,8159
2883,凱基金,222,31,191,台新-台南,2023-05-08,8159
2482,連宇,167,12,155,台新-台南,2023-05-08,8159
00671R,富邦NASDAQ反1,140,0,140,台新-台南,2023-05-08,8159
3545,敦泰,130,4,126,台新-台南,2023-05-08,8159
6167,久正,96,1,95,台新-台南,2023-05-08,8159
3703,欣陸,59,0,59,台新-台南,2023-05-08,8159
1504,東元,176,118,58,台新-台南,2023-05-08,8159
1605,華新,86,29,57,台新-台南,2023-05-08,8159
4173,久裕,65,16,49,台新-台南,2023-05-08,8159
3481,群創,77,28,49,台新-台南,2023-05-08,8159
2471,資通,64,24,40,台新-台南,2023-05-08,8159
2408,南亞科,43,6,37,台新-台南,2023-05-08,8159
00720B,元大投資級公司債,34,0,34,台新-台南,2023-05-08,8159
3714,富采,33,1,32,台新-台南,2023-05-08,8159
2344,華邦電,32,1,31,台新-台南,2023-05-08,8159
2891,中信金,82,52,30,台新-台南,2023-05-08,8159
4906,正文,33,4,29,台新-台南,2023-05-08,8159
6245,立端,29,0,29,台新-台南,2023-05-08,8159
6163,華電網,67,41,26,台新-台南,2023-05-08,8159
00878,國泰永續高股息,44,20,24,台新-台南,2023-05-08,8159
00751B,元大AAA至A公司債,23,0,23,台新-台南,2023-05-08,8159
6548,長科*,21,0,21,台新-台南,2023-05-08,8159
00687B,國泰20年美債,21,0,21,台新-台南,2023-05-08,8159
3230,錦明,20,0,20,台新-台南,2023-05-08,8159
00632R,元大台灣50反1,32,12,20,台新-台南,2023-05-08,8159
2801,彰銀,20,0,20,台新-台南,2023-05-08,8159
3017,奇鋐,38,19,19,台新-台南,2023-05-08,8159
3715,定穎投控,65,47,18,台新-台南,2023-05-08,8159
2609,陽明,28,11,17,台新-台南,2023-05-08,8159
4121,優盛,26,9,17,台新-台南,2023-05-08,8159
1714,和桐,16,0,16,台新-台南,2023-05-08,8159
2360,致茂,16,0,16,台新-台南,2023-05-08,8159
2881,富邦金,24,9,15,台新-台南,2023-05-08,8159
1584,精剛,16,1,15,台新-台南,2023-05-08,8159
3051,力特,15,0,15,台新-台南,2023-05-08,8159
6139,亞翔,20,5,15,台新-台南,2023-05-08,8159
3338,泰碩,20,5,15,台新-台南,2023-05-08,8159
00642U,期元大S＆P石油,22,8,14,台新-台南,2023-05-08,8159
8942,森鉅,21,7,14,台新-台南,2023-05-08,8159
4744,皇將,20,6,14,台新-台南,2023-05-08,8159
2888,新光金,12,0,12,台新-台南,2023-05-08,8159
6485,點序,13,1,12,台新-台南,2023-05-08,8159
6129,普誠,12,0,12,台新-台南,2023-05-08,8159
3149,正達,12,0,12,台新-台南,2023-05-08,8159
6770,力積電,17,5,12,台新-台南,2023-05-08,8159
1514,亞力,41,29,12,台新-台南,2023-05-08,8159
00713,元大台灣高息低波,12,1,11,台新-台南,2023-05-08,8159
8215,明基材,11,0,11,台新-台南,2023-05-08,8159
2332,友訊,11,0,11,台新-台南,2023-05-08,8159
00680L,元大美債20正2,502,0,502,台新-台南,2023-05-09,8159
2618,長榮航,250,43,207,台新-台南,2023-05-09,8159
3481,群創,151,37,114,台新-台南,2023-05-09,8159
2402,毅嘉,141,65,76,台新-台南,2023-05-09,8159
00671R,富邦NASDAQ反1,60,0,60,台新-台南,2023-05-09,8159
00632R,元大台灣50反1,97,41,56,台新-台南,2023-05-09,8159
3576,聯合再生,51,0,51,台新-台南,2023-05-09,8159
1101,台泥,131,88,43,台新-台南,2023-05-09,8159
00687B,國泰20年美債,43,0,43,台新-台南,2023-05-09,8159
6443,元晶,48,6,42,台新-台南,2023-05-09,8159
6244,茂迪,49,8,41,台新-台南,2023-05-09,8159
4114,健喬,56,15,41,台新-台南,2023-05-09,8159
5452,佶優,41,0,41,台新-台南,2023-05-09,8159
00779B,凱基美債25+,40,0,40,台新-台南,2023-05-09,8159
6112,邁達特,69,31,38,台新-台南,2023-05-09,8159
3483,力致,50,14,36,台新-台南,2023-05-09,8159
1609,大亞,90,54,36,台新-台南,2023-05-09,8159
4979,華星光,38,5,33,台新-台南,2023-05-09,8159
3062,建漢,30,0,30,台新-台南,2023-05-09,8159
00712,復華富時不動產,34,5,29,台新-台南,2023-05-09,8159
2352,佳世達,52,25,27,台新-台南,2023-05-09,8159
00751B,元大AAA至A公司債,27,0,27,台新-台南,2023-05-09,8159
3202,樺晟,28,1,27,台新-台南,2023-05-09,8159
00720B,元大投資級公司債,26,1,25,台新-台南,2023-05-09,8159
1108,幸福,29,5,24,台新-台南,2023-05-09,8159
1504,東元,34,11,23,台新-台南,2023-05-09,8159
8091,翔名,27,4,23,台新-台南,2023-05-09,8159
6167,久正,26,3,23,台新-台南,2023-05-09,8159
00679B,元大美債20年,29,7,22,台新-台南,2023-05-09,8159
00772B,中信高評級公司債,23,1,22,台新-台南,2023-05-09,8159
1708,東鹼,28,6,22,台新-台南,2023-05-09,8159
00878,國泰永續高股息,75,54,21,台新-台南,2023-05-09,8159
2883B,凱基金乙特,20,0,20,台新-台南,2023-05-09,8159
3024,憶聲,20,0,20,台新-台南,2023-05-09,8159
4527,方土霖,20,0,20,台新-台南,2023-05-09,8159
2471,資通,25,5,20,台新-台南,2023-05-09,8159
5425,台半,22,3,19,台新-台南,2023-05-09,8159
6218,豪勉,21,3,18,台新-台南,2023-05-09,8159
00688L,國泰20年美債正2,18,0,18,台新-台南,2023-05-09,8159
4916,事欣科,20,2,18,台新-台南,2023-05-09,8159
8936,國統,28,11,17,台新-台南,2023-05-09,8159
1316,上曜,25,8,17,台新-台南,2023-05-09,8159
0056,元大高股息,25,8,17,台新-台南,2023-05-09,8159
8085,福華,18,2,16,台新-台南,2023-05-09,8159
3058,立德,27,11,16,台新-台南,2023-05-09,8159
2834,臺企銀,23,8,15,台新-台南,2023-05-09,8159
6799,來頡,20,5,15,台新-台南,2023-05-09,8159
9962,有益,20,5,15,台新-台南,2023-05-09,8159
2880,華南金,19,4,15,台新-台南,2023-05-09,8159
4973,廣穎,14,0,14,台新-台南,2023-05-09,8159
00680L,元大美債20正2,186,0,186,台新-台南,2023-05-10,8159
00878,國泰永續高股息,166,23,143,台新-台南,2023-05-10,8159
1711,永光,126,2,124,台新-台南,2023-05-10,8159
9939,宏全,123,14,109,台新-台南,2023-05-10,8159
00882,中信中國高股息,123,26,97,台新-台南,2023-05-10,8159
1584,精剛,110,17,93,台新-台南,2023-05-10,8159
2352,佳世達,85,17,68,台新-台南,2023-05-10,8159
2208,台船,63,1,62,台新-台南,2023-05-10,8159
2353,宏��,53,2,51,台新-台南,2023-05-10,8159
3046,建��,63,20,43,台新-台南,2023-05-10,8159
00712,復華富時不動產,44,1,43,台新-台南,2023-05-10,8159
4979,華星光,47,4,43,台新-台南,2023-05-10,8159
00679B,元大美債20年,45,3,42,台新-台南,2023-05-10,8159
1609,大亞,197,161,36,台新-台南,2023-05-10,8159
2606,裕民,40,5,35,台新-台南,2023-05-10,8159
00641R,富邦日本反1,34,0,34,台新-台南,2023-05-10,8159
1784,訊聯,36,4,32,台新-台南,2023-05-10,8159
6741,91APP*-KY,31,2,29,台新-台南,2023-05-10,8159
00713,元大台灣高息低波,28,0,28,台新-台南,2023-05-10,8159
3033,威健,27,0,27,台新-台南,2023-05-10,8159
2888,新光金,26,0,26,台新-台南,2023-05-10,8159
6160,欣技,26,1,25,台新-台南,2023-05-10,8159
00687B,國泰20年美債,21,0,21,台新-台南,2023-05-10,8159
00665L,富邦�琤肭磪囓�2,99,78,21,台新-台南,2023-05-10,8159
3071,協禧,25,4,21,台新-台南,2023-05-10,8159
3231,緯創,75,54,21,台新-台南,2023-05-10,8159
3004,豐達科,20,0,20,台新-台南,2023-05-10,8159
2609,陽明,36,16,20,台新-台南,2023-05-10,8159
0056,元大高股息,19,0,19,台新-台南,2023-05-10,8159
3013,晟銘電,21,2,19,台新-台南,2023-05-10,8159
1519,華城,27,9,18,台新-台南,2023-05-10,8159
1101,台泥,23,6,17,台新-台南,2023-05-10,8159
2006,東和鋼鐵,20,3,17,台新-台南,2023-05-10,8159
1218,泰山,23,6,17,台新-台南,2023-05-10,8159
6548,長科*,15,0,15,台新-台南,2023-05-10,8159
2633,台灣高鐵,14,0,14,台新-台南,2023-05-10,8159
6770,力積電,14,0,14,台新-台南,2023-05-10,8159
4934,太極,14,1,13,台新-台南,2023-05-10,8159
00696B,富邦美債20年,13,0,13,台新-台南,2023-05-10,8159
1504,東元,16,4,12,台新-台南,2023-05-10,8159
00772B,中信高評級公司債,14,2,12,台新-台南,2023-05-10,8159
2303,聯電,17,6,11,台新-台南,2023-05-10,8159
00891,中信關鍵半導體,11,0,11,台新-台南,2023-05-10,8159
3017,奇鋐,15,5,10,台新-台南,2023-05-10,8159
8222,寶一,23,13,10,台新-台南,2023-05-10,8159
2449,京元電子,11,1,10,台新-台南,2023-05-10,8159
2371,大同,12,2,10,台新-台南,2023-05-10,8159
8093,保銳,10,0,10,台新-台南,2023-05-10,8159
6129,普誠,10,0,10,台新-台南,2023-05-10,8159
1312,國喬,10,0,10,台新-台南,2023-05-10,8159
2618,長榮航,309,51,258,台新-台南,2023-05-11,8159
1609,大亞,232,84,148,台新-台南,2023-05-11,8159
1314,中石化,106,3,103,台新-台南,2023-05-11,8159
2515,中工,106,4,102,台新-台南,2023-05-11,8159
1721,三晃,119,18,101,台新-台南,2023-05-11,8159
1409,新纖,101,0,101,台新-台南,2023-05-11,8159
2812,台中銀,95,2,93,台新-台南,2023-05-11,8159
00654R,富邦印度反1,76,0,76,台新-台南,2023-05-11,8159
6218,豪勉,99,28,71,台新-台南,2023-05-11,8159
2610,華航,79,15,64,台新-台南,2023-05-11,8159
5355,佳總,60,0,60,台新-台南,2023-05-11,8159
4111,濟生,50,0,50,台新-台南,2023-05-11,8159
00882,中信中國高股息,56,9,47,台新-台南,2023-05-11,8159
3673,TPK-KY,45,0,45,台新-台南,2023-05-11,8159
3481,群創,62,23,39,台新-台南,2023-05-11,8159
2609,陽明,49,12,37,台新-台南,2023-05-11,8159
00679B,元大美債20年,38,3,35,台新-台南,2023-05-11,8159
00712,復華富時不動產,33,0,33,台新-台南,2023-05-11,8159
1711,永光,33,0,33,台新-台南,2023-05-11,8159
2323,中環,32,0,32,台新-台南,2023-05-11,8159
9907,統一實,50,19,31,台新-台南,2023-05-11,8159
8222,寶一,46,15,31,台新-台南,2023-05-11,8159
1218,泰山,33,2,31,台新-台南,2023-05-11,8159
2313,華通,35,6,29,台新-台南,2023-05-11,8159
2317,鴻海,33,6,27,台新-台南,2023-05-11,8159
8403,盛弘,26,0,26,台新-台南,2023-05-11,8159
6547,高端疫苗,27,1,26,台新-台南,2023-05-11,8159
4979,華星光,34,10,24,台新-台南,2023-05-11,8159
2324,仁寶,52,28,24,台新-台南,2023-05-11,8159
1514,亞力,36,13,23,台新-台南,2023-05-11,8159
6179,亞通,24,1,23,台新-台南,2023-05-11,8159
006208,富邦台50,23,0,23,台新-台南,2023-05-11,8159
0056,元大高股息,24,2,22,台新-台南,2023-05-11,8159
5009,榮剛,30,8,22,台新-台南,2023-05-11,8159
2002,中鋼,22,0,22,台新-台南,2023-05-11,8159
3024,憶聲,30,8,22,台新-台南,2023-05-11,8159
6122,擎邦,64,43,21,台新-台南,2023-05-11,8159
00720B,元大投資級公司債,21,0,21,台新-台南,2023-05-11,8159
1736,喬山,20,0,20,台新-台南,2023-05-11,8159
2834,臺企銀,31,12,19,台新-台南,2023-05-11,8159
5258,虹堡,20,1,19,台新-台南,2023-05-11,8159
9944,新麗,20,1,19,台新-台南,2023-05-11,8159
1905,華紙,49,30,19,台新-台南,2023-05-11,8159
2206,三陽工業,44,25,19,台新-台南,2023-05-11,8159
1527,鑽全,18,0,18,台新-台南,2023-05-11,8159
4510,高鋒,23,5,18,台新-台南,2023-05-11,8159
00713,元大台灣高息低波,18,1,17,台新-台南,2023-05-11,8159
3033,威健,16,0,16,台新-台南,2023-05-11,8159
4173,久裕,16,0,16,台新-台南,2023-05-11,8159
2329,華泰,18,2,16,台新-台南,2023-05-11,8159
3481,群創,214,42,172,台新-台南,2023-05-12,8159
2888,新光金,155,5,150,台新-台南,2023-05-12,8159
2317,鴻海,118,37,81,台新-台南,2023-05-12,8159
2457,飛宏,161,100,61,台新-台南,2023-05-12,8159
5512,力麒,64,3,61,台新-台南,2023-05-12,8159
1711,永光,50,0,50,台新-台南,2023-05-12,8159
1101,台泥,61,16,45,台新-台南,2023-05-12,8159
00715L,期街口布蘭特正2,189,148,41,台新-台南,2023-05-12,8159
1603,華電,40,0,40,台新-台南,2023-05-12,8159
2615,萬海,38,0,38,台新-台南,2023-05-12,8159
2208,台船,42,4,38,台新-台南,2023-05-12,8159
00878,國泰永續高股息,57,24,33,台新-台南,2023-05-12,8159
00642U,期元大S＆P石油,30,1,29,台新-台南,2023-05-12,8159
2883,凱基金,45,18,27,台新-台南,2023-05-12,8159
6111,大宇資,29,5,24,台新-台南,2023-05-12,8159
3715,定穎投控,51,28,23,台新-台南,2023-05-12,8159
5388,中磊,22,0,22,台新-台南,2023-05-12,8159
1108,幸福,23,1,22,台新-台南,2023-05-12,8159
2303,聯電,21,0,21,台新-台南,2023-05-12,8159
1736,喬山,23,2,21,台新-台南,2023-05-12,8159
4934,太極,20,0,20,台新-台南,2023-05-12,8159
00882,中信中國高股息,19,0,19,台新-台南,2023-05-12,8159
4306,炎洲,24,5,19,台新-台南,2023-05-12,8159
6274,台燿,18,0,18,台新-台南,2023-05-12,8159
6244,茂迪,28,11,17,台新-台南,2023-05-12,8159
00720B,元大投資級公司債,17,0,17,台新-台南,2023-05-12,8159
0056,元大高股息,25,9,16,台新-台南,2023-05-12,8159
1609,大亞,157,141,16,台新-台南,2023-05-12,8159
2511,太子,16,0,16,台新-台南,2023-05-12,8159
6807,峰源-KY,16,0,16,台新-台南,2023-05-12,8159
3207,耀勝,20,5,15,台新-台南,2023-05-12,8159
4550,長佳,15,0,15,台新-台南,2023-05-12,8159
8038,長園科,16,2,14,台新-台南,2023-05-12,8159
1701,中化,21,7,14,台新-台南,2023-05-12,8159
9907,統一實,13,0,13,台新-台南,2023-05-12,8159
2352,佳世達,15,2,13,台新-台南,2023-05-12,8159
5498,凱崴,23,11,12,台新-台南,2023-05-12,8159
00773B,中信優先金融債,12,0,12,台新-台南,2023-05-12,8159
2882,國泰金,12,1,11,台新-台南,2023-05-12,8159
9958,世紀鋼,11,0,11,台新-台南,2023-05-12,8159
2834,臺企銀,16,5,11,台新-台南,2023-05-12,8159
2481,強茂,11,0,11,台新-台南,2023-05-12,8159
6477,安集,12,1,11,台新-台南,2023-05-12,8159
2022,聚亨,15,4,11,台新-台南,2023-05-12,8159
3576,聯合再生,14,3,11,台新-台南,2023-05-12,8159
00713,元大台灣高息低波,16,5,11,台新-台南,2023-05-12,8159
2889,國票金,10,0,10,台新-台南,2023-05-12,8159
6568,宏觀,10,0,10,台新-台南,2023-05-12,8159
3202,樺晟,10,0,10,台新-台南,2023-05-12,8159
6548,長科*,10,0,10,台新-台南,2023-05-12,8159
1101,台泥,343,23,320,台新-台南,2023-05-15,8159
00680L,元大美債20正2,163,1,162,台新-台南,2023-05-15,8159
00878,國泰永續高股息,143,35,108,台新-台南,2023-05-15,8159
00715L,期街口布蘭特正2,108,40,68,台新-台南,2023-05-15,8159
2206,三陽工業,104,39,65,台新-台南,2023-05-15,8159
2888,新光金,64,0,64,台新-台南,2023-05-15,8159
2017,官田鋼,50,0,50,台新-台南,2023-05-15,8159
2303,聯電,48,6,42,台新-台南,2023-05-15,8159
2457,飛宏,78,37,41,台新-台南,2023-05-15,8159
00679B,元大美債20年,37,1,36,台新-台南,2023-05-15,8159
6167,久正,33,0,33,台新-台南,2023-05-15,8159
1528,恩德,31,0,31,台新-台南,2023-05-15,8159
5009,榮剛,53,24,29,台新-台南,2023-05-15,8159
00687B,國泰20年美債,29,0,29,台新-台南,2023-05-15,8159
00713,元大台灣高息低波,31,2,29,台新-台南,2023-05-15,8159
8011,台通,37,9,28,台新-台南,2023-05-15,8159
2201,裕隆,27,0,27,台新-台南,2023-05-15,8159
2317,鴻海,39,13,26,台新-台南,2023-05-15,8159
6288,聯嘉,36,12,24,台新-台南,2023-05-15,8159
00751B,元大AAA至A公司債,23,0,23,台新-台南,2023-05-15,8159
3046,建��,84,63,21,台新-台南,2023-05-15,8159
1905,華紙,43,22,21,台新-台南,2023-05-15,8159
3011,今皓,20,0,20,台新-台南,2023-05-15,8159
6477,安集,21,1,20,台新-台南,2023-05-15,8159
3224,三顧,57,38,19,台新-台南,2023-05-15,8159
1519,華城,131,112,19,台新-台南,2023-05-15,8159
00720B,元大投資級公司債,19,0,19,台新-台南,2023-05-15,8159
00772B,中信高評級公司債,19,0,19,台新-台南,2023-05-15,8159
00712,復華富時不動產,18,0,18,台新-台南,2023-05-15,8159
2331,精英,25,7,18,台新-台南,2023-05-15,8159
00882,中信中國高股息,26,8,18,台新-台南,2023-05-15,8159
00795B,中信美國公債20年,17,0,17,台新-台南,2023-05-15,8159
2022,聚亨,18,2,16,台新-台南,2023-05-15,8159
2352,佳世達,16,0,16,台新-台南,2023-05-15,8159
2356,英業達,24,9,15,台新-台南,2023-05-15,8159
2399,映泰,15,0,15,台新-台南,2023-05-15,8159
3576,聯合再生,30,15,15,台新-台南,2023-05-15,8159
3078,僑威,14,0,14,台新-台南,2023-05-15,8159
6715,嘉基,14,0,14,台新-台南,2023-05-15,8159
00642U,期元大S＆P石油,15,2,13,台新-台南,2023-05-15,8159
6112,邁達特,81,68,13,台新-台南,2023-05-15,8159
2542,興富發,16,4,12,台新-台南,2023-05-15,8159
3520,華盈,12,0,12,台新-台南,2023-05-15,8159
2349,錸德,12,0,12,台新-台南,2023-05-15,8159
5531,鄉林,19,7,12,台新-台南,2023-05-15,8159
3207,耀勝,12,1,11,台新-台南,2023-05-15,8159
1337,再生-KY,13,2,11,台新-台南,2023-05-15,8159
9935,慶豐富,11,0,11,台新-台南,2023-05-15,8159
1513,中興電,22,12,10,台新-台南,2023-05-15,8159
4119,旭富,10,0,10,台新-台南,2023-05-15,8159
2323,中環,315,2,313,台新-台南,2023-05-16,8159
2812,台中銀,308,10,298,台新-台南,2023-05-16,8159
1101,台泥,233,7,226,台新-台南,2023-05-16,8159
00680L,元大美債20正2,207,12,195,台新-台南,2023-05-16,8159
1609,大亞,216,56,160,台新-台南,2023-05-16,8159
6005,群益證,85,0,85,台新-台南,2023-05-16,8159
00715L,期街口布蘭特正2,83,4,79,台新-台南,2023-05-16,8159
1504,東元,83,23,60,台新-台南,2023-05-16,8159
00878,國泰永續高股息,137,80,57,台新-台南,2023-05-16,8159
2615,萬海,41,3,38,台新-台南,2023-05-16,8159
4967,十銓,80,43,37,台新-台南,2023-05-16,8159
2208,台船,38,3,35,台新-台南,2023-05-16,8159
00720B,元大投資級公司債,34,0,34,台新-台南,2023-05-16,8159
00751B,元大AAA至A公司債,31,0,31,台新-台南,2023-05-16,8159
1337,再生-KY,30,1,29,台新-台南,2023-05-16,8159
00688L,國泰20年美債正2,97,70,27,台新-台南,2023-05-16,8159
00713,元大台灣高息低波,26,0,26,台新-台南,2023-05-16,8159
1905,華紙,44,19,25,台新-台南,2023-05-16,8159
00795B,中信美國公債20年,25,0,25,台新-台南,2023-05-16,8159
2409,友達,31,8,23,台新-台南,2023-05-16,8159
00772B,中信高評級公司債,27,4,23,台新-台南,2023-05-16,8159
2867,三商壽,22,0,22,台新-台南,2023-05-16,8159
00632R,元大台灣50反1,36,16,20,台新-台南,2023-05-16,8159
2206,三陽工業,65,45,20,台新-台南,2023-05-16,8159
5905,南仁湖,22,5,17,台新-台南,2023-05-16,8159
4915,致伸,17,0,17,台新-台南,2023-05-16,8159
8038,長園科,20,3,17,台新-台南,2023-05-16,8159
3006,晶豪科,31,15,16,台新-台南,2023-05-16,8159
1258,其祥-KY,15,0,15,台新-台南,2023-05-16,8159
00687B,國泰20年美債,15,0,15,台新-台南,2023-05-16,8159
1605,華新,19,5,14,台新-台南,2023-05-16,8159
6548,長科*,16,2,14,台新-台南,2023-05-16,8159
6160,欣技,17,3,14,台新-台南,2023-05-16,8159
00916,國泰全球品牌50,13,0,13,台新-台南,2023-05-16,8159
2317,鴻海,19,6,13,台新-台南,2023-05-16,8159
00679B,元大美債20年,18,6,12,台新-台南,2023-05-16,8159
8996,高力,13,1,12,台新-台南,2023-05-16,8159
1528,恩德,11,0,11,台新-台南,2023-05-16,8159
4432,銘旺實,11,0,11,台新-台南,2023-05-16,8159
6142,友勁,11,0,11,台新-台南,2023-05-16,8159
1104,環泥,12,1,11,台新-台南,2023-05-16,8159
2360,致茂,11,0,11,台新-台南,2023-05-16,8159
2427,三商電,15,4,11,台新-台南,2023-05-16,8159
3508,位速,11,0,11,台新-台南,2023-05-16,8159
2337,旺宏,11,0,11,台新-台南,2023-05-16,8159
8105,凌巨,15,5,10,台新-台南,2023-05-16,8159
4956,光鋐,10,0,10,台新-台南,2023-05-16,8159
6129,普誠,10,0,10,台新-台南,2023-05-16,8159
6231,系微,10,0,10,台新-台南,2023-05-16,8159
3483,力致,10,0,10,台新-台南,2023-05-16,8159
00632R,元大台灣50反1,839,42,797,台新-台南,2023-05-17,8159
2618,長榮航,529,8,521,台新-台南,2023-05-17,8159
00680L,元大美債20正2,258,10,248,台新-台南,2023-05-17,8159
2812,台中銀,222,10,212,台新-台南,2023-05-17,8159
00878,國泰永續高股息,231,69,162,台新-台南,2023-05-17,8159
00891,中信關鍵半導體,34,1,33,台新-台南,2023-05-17,8159
2851,中再保,33,0,33,台新-台南,2023-05-17,8159
00795B,中信美國公債20年,32,0,32,台新-台南,2023-05-17,8159
3207,耀勝,52,21,31,台新-台南,2023-05-17,8159
6245,立端,31,1,30,台新-台南,2023-05-17,8159
00773B,中信優先金融債,29,0,29,台新-台南,2023-05-17,8159
1409,新纖,28,2,26,台新-台南,2023-05-17,8159
3715,定穎投控,63,38,25,台新-台南,2023-05-17,8159
2453,凌群,35,10,25,台新-台南,2023-05-17,8159
00715L,期街口布蘭特正2,68,47,21,台新-台南,2023-05-17,8159
3058,立德,23,2,21,台新-台南,2023-05-17,8159
00720B,元大投資級公司債,20,0,20,台新-台南,2023-05-17,8159
1258,其祥-KY,20,0,20,台新-台南,2023-05-17,8159
5498,凱崴,26,6,20,台新-台南,2023-05-17,8159
00712,復華富時不動產,20,0,20,台新-台南,2023-05-17,8159
4121,優盛,23,5,18,台新-台南,2023-05-17,8159
6547,高端疫苗,21,4,17,台新-台南,2023-05-17,8159
1605,華新,33,17,16,台新-台南,2023-05-17,8159
2457,飛宏,68,52,16,台新-台南,2023-05-17,8159
2458,義隆,15,0,15,台新-台南,2023-05-17,8159
6202,盛群,15,0,15,台新-台南,2023-05-17,8159
4927,泰鼎-KY,22,7,15,台新-台南,2023-05-17,8159
00688L,國泰20年美債正2,236,221,15,台新-台南,2023-05-17,8159
6133,金橋,15,0,15,台新-台南,2023-05-17,8159
3078,僑威,19,4,15,台新-台南,2023-05-17,8159
00687B,國泰20年美債,14,0,14,台新-台南,2023-05-17,8159
3441,聯一光,14,1,13,台新-台南,2023-05-17,8159
5225,東科-KY,32,19,13,台新-台南,2023-05-17,8159
1514,亞力,16,3,13,台新-台南,2023-05-17,8159
2201,裕隆,87,75,12,台新-台南,2023-05-17,8159
2371,大同,32,20,12,台新-台南,2023-05-17,8159
3027,盛達,11,0,11,台新-台南,2023-05-17,8159
1727,中華化,14,3,11,台新-台南,2023-05-17,8159
2034,允強,11,0,11,台新-台南,2023-05-17,8159
3406,玉晶光,21,10,11,台新-台南,2023-05-17,8159
4541,晟田,49,39,10,台新-台南,2023-05-17,8159
3594,磐儀,10,0,10,台新-台南,2023-05-17,8159
4973,廣穎,10,0,10,台新-台南,2023-05-17,8159
00852L,國泰美國道瓊正2,10,0,10,台新-台南,2023-05-17,8159
3202,樺晟,10,0,10,台新-台南,2023-05-17,8159
2421,建準,17,7,10,台新-台南,2023-05-17,8159
6282,康舒,45,35,10,台新-台南,2023-05-17,8159
1783,和康生,13,3,10,台新-台南,2023-05-17,8159
2388,威盛,18,8,10,台新-台南,2023-05-17,8159
8936,國統,10,0,10,台新-台南,2023-05-17,8159
00680L,元大美債20正2,173,0,173,台新-台南,2023-05-18,8159
2812,台中銀,141,2,139,台新-台南,2023-05-18,8159
00751B,元大AAA至A公司債,93,1,92,台新-台南,2023-05-18,8159
00676R,富邦臺灣加權反1,90,0,90,台新-台南,2023-05-18,8159
6266,泰詠,85,9,76,台新-台南,2023-05-18,8159
00720B,元大投資級公司債,68,0,68,台新-台南,2023-05-18,8159
5328,華容,60,6,54,台新-台南,2023-05-18,8159
4967,十銓,66,13,53,台新-台南,2023-05-18,8159
9103,美德醫療-DR,50,0,50,台新-台南,2023-05-18,8159
2634,漢翔,55,9,46,台新-台南,2023-05-18,8159
2887,台新金,45,21,24,台新-台南,2023-05-18,8159
00688L,國泰20年美債正2,24,0,24,台新-台南,2023-05-18,8159
1101,台泥,24,1,23,台新-台南,2023-05-18,8159
00687B,國泰20年美債,23,0,23,台新-台南,2023-05-18,8159
3380,明泰,36,13,23,台新-台南,2023-05-18,8159
4919,新唐,29,7,22,台新-台南,2023-05-18,8159
3149,正達,22,0,22,台新-台南,2023-05-18,8159
2497,怡利電,21,0,21,台新-台南,2023-05-18,8159
2915,潤泰全,21,0,21,台新-台南,2023-05-18,8159
00679B,元大美債20年,33,13,20,台新-台南,2023-05-18,8159
2409,友達,19,0,19,台新-台南,2023-05-18,8159
1522,堤維西,19,0,19,台新-台南,2023-05-18,8159
8069,元太,32,14,18,台新-台南,2023-05-18,8159
2402,毅嘉,20,2,18,台新-台南,2023-05-18,8159
5534,長虹,18,0,18,台新-台南,2023-05-18,8159
8222,寶一,69,51,18,台新-台南,2023-05-18,8159
2208,台船,17,0,17,台新-台南,2023-05-18,8159
2890,永豐金,18,1,17,台新-台南,2023-05-18,8159
5284,jpp-KY,25,8,17,台新-台南,2023-05-18,8159
3202,樺晟,18,1,17,台新-台南,2023-05-18,8159
3022,威強電,44,28,16,台新-台南,2023-05-18,8159
6282,康舒,59,43,16,台新-台南,2023-05-18,8159
4744,皇將,22,7,15,台新-台南,2023-05-18,8159
6589,台康生技,20,5,15,台新-台南,2023-05-18,8159
3032,偉訓,33,18,15,台新-台南,2023-05-18,8159
00882,中信中國高股息,19,4,15,台新-台南,2023-05-18,8159
6218,豪勉,39,24,15,台新-台南,2023-05-18,8159
8111,立��,16,1,15,台新-台南,2023-05-18,8159
00692,富邦公司治理,15,1,14,台新-台南,2023-05-18,8159
00712,復華富時不動產,14,0,14,台新-台南,2023-05-18,8159
00795B,中信美國公債20年,14,0,14,台新-台南,2023-05-18,8159
1513,中興電,42,28,14,台新-台南,2023-05-18,8159
6213,聯茂,14,1,13,台新-台南,2023-05-18,8159
3576,聯合再生,24,11,13,台新-台南,2023-05-18,8159
2633,台灣高鐵,72,59,13,台新-台南,2023-05-18,8159
3532,台勝科,15,2,13,台新-台南,2023-05-18,8159
6125,廣運,12,0,12,台新-台南,2023-05-18,8159
3011,今皓,12,0,12,台新-台南,2023-05-18,8159
6245,立端,18,6,12,台新-台南,2023-05-18,8159
5388,中磊,14,3,11,台新-台南,2023-05-18,8159
1101,台泥,953,17,936,台新-台南,2023-05-19,8159
00632R,元大台灣50反1,174,0,174,台新-台南,2023-05-19,8159
00680L,元大美債20正2,162,16,146,台新-台南,2023-05-19,8159
1609,大亞,376,261,115,台新-台南,2023-05-19,8159
00687B,國泰20年美債,104,0,104,台新-台南,2023-05-19,8159
4533,協易機,95,0,95,台新-台南,2023-05-19,8159
3715,定穎投控,76,20,56,台新-台南,2023-05-19,8159
00772B,中信高評級公司債,53,0,53,台新-台南,2023-05-19,8159
6485,點序,50,0,50,台新-台南,2023-05-19,8159
00676R,富邦臺灣加權反1,50,0,50,台新-台南,2023-05-19,8159
3363,上詮,87,40,47,台新-台南,2023-05-19,8159
6112,邁達特,70,26,44,台新-台南,2023-05-19,8159
1809,中釉,43,0,43,台新-台南,2023-05-19,8159
00753L,中信中國50正2,43,1,42,台新-台南,2023-05-19,8159
2812,台中銀,52,10,42,台新-台南,2023-05-19,8159
4720,德淵,40,0,40,台新-台南,2023-05-19,8159
1605,華新,43,5,38,台新-台南,2023-05-19,8159
2382,廣達,88,50,38,台新-台南,2023-05-19,8159
2801,彰銀,40,2,38,台新-台南,2023-05-19,8159
2888,新光金,67,31,36,台新-台南,2023-05-19,8159
00665L,富邦�琤肭磪囓�2,67,32,35,台新-台南,2023-05-19,8159
00751B,元大AAA至A公司債,34,1,33,台新-台南,2023-05-19,8159
00764B,群益25年美債,31,0,31,台新-台南,2023-05-19,8159
1409,新纖,30,0,30,台新-台南,2023-05-19,8159
00720B,元大投資級公司債,31,1,30,台新-台南,2023-05-19,8159
5498,凱崴,31,1,30,台新-台南,2023-05-19,8159
1504,東元,142,117,25,台新-台南,2023-05-19,8159
6235,華孚,77,52,25,台新-台南,2023-05-19,8159
3628,盈正,30,5,25,台新-台南,2023-05-19,8159
3499,環天科,23,0,23,台新-台南,2023-05-19,8159
00712,復華富時不動產,24,1,23,台新-台南,2023-05-19,8159
3380,明泰,23,0,23,台新-台南,2023-05-19,8159
1314,中石化,27,5,22,台新-台南,2023-05-19,8159
00882,中信中國高股息,60,38,22,台新-台南,2023-05-19,8159
5258,虹堡,34,12,22,台新-台南,2023-05-19,8159
3617,碩天,26,4,22,台新-台南,2023-05-19,8159
3078,僑威,51,29,22,台新-台南,2023-05-19,8159
00688L,國泰20年美債正2,39,18,21,台新-台南,2023-05-19,8159
2609,陽明,22,2,20,台新-台南,2023-05-19,8159
3011,今皓,20,0,20,台新-台南,2023-05-19,8159
2401,凌陽,20,0,20,台新-台南,2023-05-19,8159
2482,連宇,30,10,20,台新-台南,2023-05-19,8159
2349,錸德,20,0,20,台新-台南,2023-05-19,8159
3545,敦泰,20,0,20,台新-台南,2023-05-19,8159
5324,士開,18,0,18,台新-台南,2023-05-19,8159
00637L,元大滬深300正2,24,6,18,台新-台南,2023-05-19,8159
2515,中工,18,0,18,台新-台南,2023-05-19,8159
2317,鴻海,22,5,17,台新-台南,2023-05-19,8159
2338,光罩,21,4,17,台新-台南,2023-05-19,8159
1525,江申,17,0,17,台新-台南,2023-05-19,8159
3105,穩懋,172,4,168,台新-台南,2023-05-22,8159
2618,長榮航,835,682,153,台新-台南,2023-05-22,8159
00680L,元大美債20正2,148,0,148,台新-台南,2023-05-22,8159
00715L,期街口布蘭特正2,157,17,140,台新-台南,2023-05-22,8159
2338,光罩,144,7,137,台新-台南,2023-05-22,8159
00632R,元大台灣50反1,145,12,133,台新-台南,2023-05-22,8159
2025,千興,96,0,96,台新-台南,2023-05-22,8159
00751B,元大AAA至A公司債,96,0,96,台新-台南,2023-05-22,8159
4303,信立,90,1,89,台新-台南,2023-05-22,8159
2303,聯電,86,1,85,台新-台南,2023-05-22,8159
2834,臺企銀,76,12,64,台新-台南,2023-05-22,8159
3037,欣興,90,37,53,台新-台南,2023-05-22,8159
2603,長榮,61,11,50,台新-台南,2023-05-22,8159
00882,中信中國高股息,50,12,38,台新-台南,2023-05-22,8159
3231,緯創,57,19,38,台新-台南,2023-05-22,8159
00720B,元大投資級公司債,36,0,36,台新-台南,2023-05-22,8159
3260,威剛,30,0,30,台新-台南,2023-05-22,8159
3706,神達,32,4,28,台新-台南,2023-05-22,8159
2516,新建,28,0,28,台新-台南,2023-05-22,8159
3035,智原,39,13,26,台新-台南,2023-05-22,8159
00795B,中信美國公債20年,25,0,25,台新-台南,2023-05-22,8159
6168,宏齊,25,0,25,台新-台南,2023-05-22,8159
2471,資通,40,16,24,台新-台南,2023-05-22,8159
00772B,中信高評級公司債,23,0,23,台新-台南,2023-05-22,8159
3038,全台,38,16,22,台新-台南,2023-05-22,8159
5512,力麒,24,3,21,台新-台南,2023-05-22,8159
2888,新光金,81,60,21,台新-台南,2023-05-22,8159
6443,元晶,27,6,21,台新-台南,2023-05-22,8159
1737,臺鹽,20,0,20,台新-台南,2023-05-22,8159
6218,豪勉,20,2,18,台新-台南,2023-05-22,8159
5324,士開,18,0,18,台新-台南,2023-05-22,8159
8942,森鉅,20,2,18,台新-台南,2023-05-22,8159
2356,英業達,16,1,15,台新-台南,2023-05-22,8159
1605,華新,30,15,15,台新-台南,2023-05-22,8159
8927,北基,18,3,15,台新-台南,2023-05-22,8159
3380,明泰,15,0,15,台新-台南,2023-05-22,8159
8422,可寧衛,15,1,14,台新-台南,2023-05-22,8159
2476,鉅祥,16,3,13,台新-台南,2023-05-22,8159
1802,台玻,13,0,13,台新-台南,2023-05-22,8159
1809,中釉,18,5,13,台新-台南,2023-05-22,8159
3290,東浦,14,1,13,台新-台南,2023-05-22,8159
2401,凌陽,20,7,13,台新-台南,2023-05-22,8159
00902,中信電池及儲能,12,0,12,台新-台南,2023-05-22,8159
2701,萬企,12,0,12,台新-台南,2023-05-22,8159
8476,台境*,13,1,12,台新-台南,2023-05-22,8159
00713,元大台灣高息低波,16,4,12,台新-台南,2023-05-22,8159
3363,上詮,40,29,11,台新-台南,2023-05-22,8159
6227,茂綸,11,0,11,台新-台南,2023-05-22,8159
8046,南電,17,7,10,台新-台南,2023-05-22,8159
5534,長虹,10,0,10,台新-台南,2023-05-22,8159
00687B,國泰20年美債,119,0,119,台新-台南,2023-05-23,8159
00706L,期元大S＆P日圓正2,112,0,112,台新-台南,2023-05-23,8159
00680L,元大美債20正2,101,0,101,台新-台南,2023-05-23,8159
6233,旺玖,65,5,60,台新-台南,2023-05-23,8159
00665L,富邦�琤肭磪囓�2,84,34,50,台新-台南,2023-05-23,8159
1904,正隆,54,6,48,台新-台南,2023-05-23,8159
2027,大成鋼,42,2,40,台新-台南,2023-05-23,8159
1337,再生-KY,39,0,39,台新-台南,2023-05-23,8159
2442,新美齊,64,26,38,台新-台南,2023-05-23,8159
2801,彰銀,35,0,35,台新-台南,2023-05-23,8159
00772B,中信高評級公司債,34,0,34,台新-台南,2023-05-23,8159
1513,中興電,100,66,34,台新-台南,2023-05-23,8159
6244,茂迪,31,0,31,台新-台南,2023-05-23,8159
00688L,國泰20年美債正2,131,100,31,台新-台南,2023-05-23,8159
1314,中石化,30,0,30,台新-台南,2023-05-23,8159
1514,亞力,50,20,30,台新-台南,2023-05-23,8159
2908,特力,30,0,30,台新-台南,2023-05-23,8159
4303,信立,31,1,30,台新-台南,2023-05-23,8159
2515,中工,31,5,26,台新-台南,2023-05-23,8159
1525,江申,24,0,24,台新-台南,2023-05-23,8159
6122,擎邦,33,9,24,台新-台南,2023-05-23,8159
3628,盈正,22,1,21,台新-台南,2023-05-23,8159
1101,台泥,30,10,20,台新-台南,2023-05-23,8159
00882,中信中國高股息,20,0,20,台新-台南,2023-05-23,8159
2025,千興,20,0,20,台新-台南,2023-05-23,8159
1522,堤維西,22,2,20,台新-台南,2023-05-23,8159
8076,伍豐,24,4,20,台新-台南,2023-05-23,8159
1504,東元,35,16,19,台新-台南,2023-05-23,8159
2913,農林,30,12,18,台新-台南,2023-05-23,8159
2812,台中銀,16,0,16,台新-台南,2023-05-23,8159
00708L,期元大S＆P黃金正2,15,0,15,台新-台南,2023-05-23,8159
00637L,元大滬深300正2,15,0,15,台新-台南,2023-05-23,8159
5607,遠雄港,15,0,15,台新-台南,2023-05-23,8159
5864,致和證,15,0,15,台新-台南,2023-05-23,8159
00795B,中信美國公債20年,14,0,14,台新-台南,2023-05-23,8159
2603,長榮,16,2,14,台新-台南,2023-05-23,8159
6596,寬宏藝術,14,0,14,台新-台南,2023-05-23,8159
3029,零壹,14,0,14,台新-台南,2023-05-23,8159
2371,大同,16,2,14,台新-台南,2023-05-23,8159
3594,磐儀,24,10,14,台新-台南,2023-05-23,8159
6285,啟��,13,0,13,台新-台南,2023-05-23,8159
3044,健鼎,26,13,13,台新-台南,2023-05-23,8159
1727,中華化,14,1,13,台新-台南,2023-05-23,8159
3205,佰研,16,4,12,台新-台南,2023-05-23,8159
3058,立德,17,5,12,台新-台南,2023-05-23,8159
6218,豪勉,12,0,12,台新-台南,2023-05-23,8159
2344,華邦電,21,9,12,台新-台南,2023-05-23,8159
2317,鴻海,15,3,12,台新-台南,2023-05-23,8159
2634,漢翔,40,29,11,台新-台南,2023-05-23,8159
6485,點序,71,60,11,台新-台南,2023-05-23,8159
00882,中信中國高股息,197,5,192,台新-台南,2023-05-24,8159
00680L,元大美債20正2,203,23,180,台新-台南,2023-05-24,8159
00878,國泰永續高股息,177,15,162,台新-台南,2023-05-24,8159
00753L,中信中國50正2,118,3,115,台新-台南,2023-05-24,8159
2504,國產,112,0,112,台新-台南,2023-05-24,8159
00687B,國泰20年美債,107,0,107,台新-台南,2023-05-24,8159
3715,定穎投控,119,18,101,台新-台南,2023-05-24,8159
5905,南仁湖,159,59,100,台新-台南,2023-05-24,8159
00688L,國泰20年美債正2,190,100,90,台新-台南,2023-05-24,8159
8927,北基,80,2,78,台新-台南,2023-05-24,8159
2618,長榮航,344,269,75,台新-台南,2023-05-24,8159
00706L,期元大S＆P日圓正2,70,0,70,台新-台南,2023-05-24,8159
5355,佳總,56,0,56,台新-台南,2023-05-24,8159
2025,千興,50,0,50,台新-台南,2023-05-24,8159
3163,波若威,49,0,49,台新-台南,2023-05-24,8159
2610,華航,82,35,47,台新-台南,2023-05-24,8159
2399,映泰,57,14,43,台新-台南,2023-05-24,8159
4967,十銓,53,14,39,台新-台南,2023-05-24,8159
1710,東聯,41,2,39,台新-台南,2023-05-24,8159
00632R,元大台灣50反1,46,11,35,台新-台南,2023-05-24,8159
00712,復華富時不動產,35,0,35,台新-台南,2023-05-24,8159
5876,上海商銀,35,0,35,台新-台南,2023-05-24,8159
2891,中信金,34,0,34,台新-台南,2023-05-24,8159
2834,臺企銀,33,1,32,台新-台南,2023-05-24,8159
6116,彩晶,30,0,30,台新-台南,2023-05-24,8159
3035,智原,41,12,29,台新-台南,2023-05-24,8159
6213,聯茂,29,0,29,台新-台南,2023-05-24,8159
3576,聯合再生,36,10,26,台新-台南,2023-05-24,8159
00900,富邦特選高股息30,30,5,25,台新-台南,2023-05-24,8159
00720B,元大投資級公司債,25,0,25,台新-台南,2023-05-24,8159
00772B,中信高評級公司債,21,0,21,台新-台南,2023-05-24,8159
00637L,元大滬深300正2,21,0,21,台新-台南,2023-05-24,8159
3038,全台,60,40,20,台新-台南,2023-05-24,8159
2317,鴻海,21,2,19,台新-台南,2023-05-24,8159
00673R,期元大S＆P原油反1,19,0,19,台新-台南,2023-05-24,8159
1809,中釉,85,66,19,台新-台南,2023-05-24,8159
2468,華經,21,2,19,台新-台南,2023-05-24,8159
2886,兆豐金,20,2,18,台新-台南,2023-05-24,8159
1432,大魯閣,21,3,18,台新-台南,2023-05-24,8159
1101,台泥,42,24,18,台新-台南,2023-05-24,8159
1513,中興電,57,40,17,台新-台南,2023-05-24,8159
2453,凌群,20,3,17,台新-台南,2023-05-24,8159
2705,六福,39,23,16,台新-台南,2023-05-24,8159
3363,上詮,41,25,16,台新-台南,2023-05-24,8159
5425,台半,21,5,16,台新-台南,2023-05-24,8159
8086,宏捷科,15,0,15,台新-台南,2023-05-24,8159
2888,新光金,21,7,14,台新-台南,2023-05-24,8159
3025,星通,19,5,14,台新-台南,2023-05-24,8159
00795B,中信美國公債20年,13,0,13,台新-台南,2023-05-24,8159
3014,聯陽,17,4,13,台新-台南,2023-05-24,8159
4303,信立,521,3,518,台新-台南,2023-05-25,8159
00882,中信中國高股息,295,0,295,台新-台南,2023-05-25,8159
00632R,元大台灣50反1,178,47,131,台新-台南,2023-05-25,8159
00680L,元大美債20正2,92,1,91,台新-台南,2023-05-25,8159
00712,復華富時不動產,88,0,88,台新-台南,2023-05-25,8159
00713,元大台灣高息低波,73,6,67,台新-台南,2023-05-25,8159
00673R,期元大S＆P原油反1,62,0,62,台新-台南,2023-05-25,8159
00687B,國泰20年美債,62,2,60,台新-台南,2023-05-25,8159
2801,彰銀,65,6,59,台新-台南,2023-05-25,8159
2633,台灣高鐵,58,5,53,台新-台南,2023-05-25,8159
2317,鴻海,54,1,53,台新-台南,2023-05-25,8159
3520,華盈,47,1,46,台新-台南,2023-05-25,8159
2887,台新金,49,5,44,台新-台南,2023-05-25,8159
2883,凱基金,52,9,43,台新-台南,2023-05-25,8159
6116,彩晶,42,0,42,台新-台南,2023-05-25,8159
6485,點序,41,1,40,台新-台南,2023-05-25,8159
9110,越南控-DR,40,0,40,台新-台南,2023-05-25,8159
2618,長榮航,519,480,39,台新-台南,2023-05-25,8159
2880,華南金,36,0,36,台新-台南,2023-05-25,8159
00725B,國泰投資級公司債,34,0,34,台新-台南,2023-05-25,8159
2610,華航,108,74,34,台新-台南,2023-05-25,8159
00753L,中信中國50正2,36,3,33,台新-台南,2023-05-25,8159
3712,永崴投控,30,1,29,台新-台南,2023-05-25,8159
1101,台泥,41,12,29,台新-台南,2023-05-25,8159
3050,鈺德,31,2,29,台新-台南,2023-05-25,8159
2201,裕隆,55,27,28,台新-台南,2023-05-25,8159
2641,正德,27,0,27,台新-台南,2023-05-25,8159
00688L,國泰20年美債正2,126,100,26,台新-台南,2023-05-25,8159
00751B,元大AAA至A公司債,26,1,25,台新-台南,2023-05-25,8159
2388,威盛,48,23,25,台新-台南,2023-05-25,8159
1752,南光,25,0,25,台新-台南,2023-05-25,8159
00772B,中信高評級公司債,25,0,25,台新-台南,2023-05-25,8159
2630,亞航,68,44,24,台新-台南,2023-05-25,8159
5512,力麒,29,5,24,台新-台南,2023-05-25,8159
2402,毅嘉,69,45,24,台新-台南,2023-05-25,8159
4967,十銓,24,1,23,台新-台南,2023-05-25,8159
1608,華榮,67,45,22,台新-台南,2023-05-25,8159
3058,立德,31,10,21,台新-台南,2023-05-25,8159
00720B,元大投資級公司債,25,4,21,台新-台南,2023-05-25,8159
2017,官田鋼,30,10,20,台新-台南,2023-05-25,8159
3078,僑威,29,9,20,台新-台南,2023-05-25,8159
2851,中再保,20,0,20,台新-台南,2023-05-25,8159
1310,台苯,32,12,20,台新-台南,2023-05-25,8159
00708L,期元大S＆P黃金正2,20,0,20,台新-台南,2023-05-25,8159
6698,旭暉應材,20,0,20,台新-台南,2023-05-25,8159
2603,長榮,23,3,20,台新-台南,2023-05-25,8159
6168,宏齊,19,0,19,台新-台南,2023-05-25,8159
00752,中信中國50,18,0,18,台新-台南,2023-05-25,8159
1605,華新,20,3,17,台新-台南,2023-05-25,8159
2834,臺企銀,17,0,17,台新-台南,2023-05-25,8159
00712,復華富時不動產,258,4,254,台新-台南,2023-05-26,8159
5512,力麒,231,2,229,台新-台南,2023-05-26,8159
4303,信立,145,0,145,台新-台南,2023-05-26,8159
1609,大亞,194,80,114,台新-台南,2023-05-26,8159
00680L,元大美債20正2,113,6,107,台新-台南,2023-05-26,8159
00632R,元大台灣50反1,369,267,102,台新-台南,2023-05-26,8159
5355,佳總,101,0,101,台新-台南,2023-05-26,8159
020022,元大電動車N,100,5,95,台新-台南,2023-05-26,8159
3481,群創,71,4,67,台新-台南,2023-05-26,8159
00882,中信中國高股息,68,5,63,台新-台南,2023-05-26,8159
00706L,期元大S＆P日圓正2,55,0,55,台新-台南,2023-05-26,8159
00713,元大台灣高息低波,66,12,54,台新-台南,2023-05-26,8159
8940,新天地,55,3,52,台新-台南,2023-05-26,8159
2883,凱基金,70,21,49,台新-台南,2023-05-26,8159
3231,緯創,365,317,48,台新-台南,2023-05-26,8159
2421,建準,105,58,47,台新-台南,2023-05-26,8159
00715L,期街口布蘭特正2,131,92,39,台新-台南,2023-05-26,8159
3038,全台,39,1,38,台新-台南,2023-05-26,8159
2888,新光金,37,0,37,台新-台南,2023-05-26,8159
00885,富邦越南,46,9,37,台新-台南,2023-05-26,8159
3017,奇鋐,61,24,37,台新-台南,2023-05-26,8159
6214,精誠,39,2,37,台新-台南,2023-05-26,8159
2609,陽明,40,3,37,台新-台南,2023-05-26,8159
2882,國泰金,35,0,35,台新-台南,2023-05-26,8159
3032,偉訓,44,9,35,台新-台南,2023-05-26,8159
00679B,元大美債20年,63,30,33,台新-台南,2023-05-26,8159
00720B,元大投資級公司債,33,0,33,台新-台南,2023-05-26,8159
2455,全新,34,3,31,台新-台南,2023-05-26,8159
3520,華盈,29,0,29,台新-台南,2023-05-26,8159
2399,映泰,58,32,26,台新-台南,2023-05-26,8159
1603,華電,26,1,25,台新-台南,2023-05-26,8159
6112,邁達特,35,10,25,台新-台南,2023-05-26,8159
00891,中信關鍵半導體,37,13,24,台新-台南,2023-05-26,8159
3712,永崴投控,25,2,23,台新-台南,2023-05-26,8159
2402,毅嘉,76,53,23,台新-台南,2023-05-26,8159
3050,鈺德,22,0,22,台新-台南,2023-05-26,8159
8927,北基,54,32,22,台新-台南,2023-05-26,8159
2376,技嘉,69,48,21,台新-台南,2023-05-26,8159
6456,GIS-KY,22,1,21,台新-台南,2023-05-26,8159
3576,聯合再生,21,0,21,台新-台南,2023-05-26,8159
1310,台苯,20,0,20,台新-台南,2023-05-26,8159
2382,廣達,93,74,19,台新-台南,2023-05-26,8159
00688L,國泰20年美債正2,123,104,19,台新-台南,2023-05-26,8159
3289,宜特,20,2,18,台新-台南,2023-05-26,8159
8011,台通,25,7,18,台新-台南,2023-05-26,8159
3564,其陽,20,2,18,台新-台南,2023-05-26,8159
00923,群益台ESG低碳50,18,0,18,台新-台南,2023-05-26,8159
9945,潤泰新,18,1,17,台新-台南,2023-05-26,8159
1314,中石化,27,10,17,台新-台南,2023-05-26,8159
4564,元翎,58,41,17,台新-台南,2023-05-26,8159
2897,王道銀行,300,0,300,台新-台南,2023-05-29,8159
00882,中信中國高股息,136,4,132,台新-台南,2023-05-29,8159
00680L,元大美債20正2,96,0,96,台新-台南,2023-05-29,8159
2371,大同,119,42,77,台新-台南,2023-05-29,8159
00679B,元大美債20年,78,4,74,台新-台南,2023-05-29,8159
6190,萬泰科,84,17,67,台新-台南,2023-05-29,8159
00687B,國泰20年美債,62,0,62,台新-台南,2023-05-29,8159
6167,久正,55,0,55,台新-台南,2023-05-29,8159
2421,建準,170,120,50,台新-台南,2023-05-29,8159
2027,大成鋼,54,6,48,台新-台南,2023-05-29,8159
00795B,中信美國公債20年,45,0,45,台新-台南,2023-05-29,8159
00713,元大台灣高息低波,58,16,42,台新-台南,2023-05-29,8159
00712,復華富時不動產,44,5,39,台新-台南,2023-05-29,8159
2883,凱基金,46,8,38,台新-台南,2023-05-29,8159
3037,欣興,76,45,31,台新-台南,2023-05-29,8159
3232,昱捷,30,0,30,台新-台南,2023-05-29,8159
6288,聯嘉,30,0,30,台新-台南,2023-05-29,8159
00772B,中信高評級公司債,35,7,28,台新-台南,2023-05-29,8159
0056,元大高股息,100,72,28,台新-台南,2023-05-29,8159
2002,中鋼,31,4,27,台新-台南,2023-05-29,8159
2455,全新,31,5,26,台新-台南,2023-05-29,8159
00751B,元大AAA至A公司債,23,0,23,台新-台南,2023-05-29,8159
00878,國泰永續高股息,93,71,22,台新-台南,2023-05-29,8159
00688L,國泰20年美債正2,20,0,20,台新-台南,2023-05-29,8159
9103,美德醫療-DR,20,0,20,台新-台南,2023-05-29,8159
1568,倉佑,21,1,20,台新-台南,2023-05-29,8159
1618,合機,21,2,19,台新-台南,2023-05-29,8159
5443,均豪,21,2,19,台新-台南,2023-05-29,8159
3583,辛耘,19,0,19,台新-台南,2023-05-29,8159
00646,元大S＆P500,18,0,18,台新-台南,2023-05-29,8159
2634,漢翔,58,40,18,台新-台南,2023-05-29,8159
2331,精英,35,18,17,台新-台南,2023-05-29,8159
00857B,永豐20年美公債,17,0,17,台新-台南,2023-05-29,8159
2332,友訊,20,3,17,台新-台南,2023-05-29,8159
2312,金寶,27,10,17,台新-台南,2023-05-29,8159
3017,奇鋐,38,21,17,台新-台南,2023-05-29,8159
3231,緯創,207,190,17,台新-台南,2023-05-29,8159
00892,富邦台灣半導體,16,0,16,台新-台南,2023-05-29,8159
2885,元大金,16,1,15,台新-台南,2023-05-29,8159
5905,南仁湖,14,0,14,台新-台南,2023-05-29,8159
3189,景碩,43,29,14,台新-台南,2023-05-29,8159
2641,正德,13,0,13,台新-台南,2023-05-29,8159
00673R,期元大S＆P原油反1,13,0,13,台新-台南,2023-05-29,8159
6227,茂綸,14,1,13,台新-台南,2023-05-29,8159
6223,旺矽,22,9,13,台新-台南,2023-05-29,8159
5608,四維航,14,1,13,台新-台南,2023-05-29,8159
00902,中信電池及儲能,12,0,12,台新-台南,2023-05-29,8159
2014,中鴻,13,1,12,台新-台南,2023-05-29,8159
4526,東台,12,0,12,台新-台南,2023-05-29,8159
2881,富邦金,19,8,11,台新-台南,2023-05-29,8159
00632R,元大台灣50反1,300,0,300,台新-台南,2023-05-30,8159
2489,瑞軒,207,6,201,台新-台南,2023-05-30,8159
2618,長榮航,425,302,123,台新-台南,2023-05-30,8159
1609,大亞,277,157,120,台新-台南,2023-05-30,8159
00882,中信中國高股息,136,27,109,台新-台南,2023-05-30,8159
00902,中信電池及儲能,105,8,97,台新-台南,2023-05-30,8159
00878,國泰永續高股息,167,86,81,台新-台南,2023-05-30,8159
2834,臺企銀,80,0,80,台新-台南,2023-05-30,8159
4162,智擎,75,1,74,台新-台南,2023-05-30,8159
5328,華容,66,3,63,台新-台南,2023-05-30,8159
5009,榮剛,81,20,61,台新-台南,2023-05-30,8159
00715L,期街口布蘭特正2,109,50,59,台新-台南,2023-05-30,8159
1529,樂事綠能,59,4,55,台新-台南,2023-05-30,8159
020022,元大電動車N,50,1,49,台新-台南,2023-05-30,8159
00680L,元大美債20正2,91,45,46,台新-台南,2023-05-30,8159
6547,高端疫苗,41,0,41,台新-台南,2023-05-30,8159
2312,金寶,44,6,38,台新-台南,2023-05-30,8159
2371,大同,103,65,38,台新-台南,2023-05-30,8159
2801,彰銀,41,11,30,台新-台南,2023-05-30,8159
2356,英業達,281,251,30,台新-台南,2023-05-30,8159
2103,台橡,29,0,29,台新-台南,2023-05-30,8159
1752,南光,26,0,26,台新-台南,2023-05-30,8159
2706,第一店,25,0,25,台新-台南,2023-05-30,8159
2002,中鋼,25,0,25,台新-台南,2023-05-30,8159
5403,中菲,22,0,22,台新-台南,2023-05-30,8159
8091,翔名,22,0,22,台新-台南,2023-05-30,8159
6770,力積電,25,3,22,台新-台南,2023-05-30,8159
3231,緯創,188,166,22,台新-台南,2023-05-30,8159
2883,凱基金,23,1,22,台新-台南,2023-05-30,8159
3032,偉訓,50,30,20,台新-台南,2023-05-30,8159
9945,潤泰新,20,0,20,台新-台南,2023-05-30,8159
2399,映泰,48,28,20,台新-台南,2023-05-30,8159
00713,元大台灣高息低波,23,3,20,台新-台南,2023-05-30,8159
3013,晟銘電,127,111,16,台新-台南,2023-05-30,8159
3078,僑威,22,6,16,台新-台南,2023-05-30,8159
00773B,中信優先金融債,16,0,16,台新-台南,2023-05-30,8159
2401,凌陽,35,19,16,台新-台南,2023-05-30,8159
3625,西勝,15,0,15,台新-台南,2023-05-30,8159
3094,聯傑,67,52,15,台新-台南,2023-05-30,8159
8476,台境*,15,0,15,台新-台南,2023-05-30,8159
1524,耿鼎,14,0,14,台新-台南,2023-05-30,8159
0056,元大高股息,42,28,14,台新-台南,2023-05-30,8159
3042,晶技,15,1,14,台新-台南,2023-05-30,8159
6164,華興,14,0,14,台新-台南,2023-05-30,8159
3481,群創,19,6,13,台新-台南,2023-05-30,8159
6282,康舒,27,14,13,台新-台南,2023-05-30,8159
5425,台半,25,12,13,台新-台南,2023-05-30,8159
3037,欣興,34,21,13,台新-台南,2023-05-30,8159
00637L,元大滬深300正2,15,2,13,台新-台南,2023-05-30,8159
3706,神達,18,5,13,台新-台南,2023-05-30,8159
00715L,期街口布蘭特正2,544,18,526,台新-台南,2023-05-31,8159
00882,中信中國高股息,116,0,116,台新-台南,2023-05-31,8159
3231,緯創,191,118,73,台新-台南,2023-05-31,8159
5355,佳總,74,3,71,台新-台南,2023-05-31,8159
3545,敦泰,63,2,61,台新-台南,2023-05-31,8159
00878,國泰永續高股息,64,7,57,台新-台南,2023-05-31,8159
00642U,期元大S＆P石油,55,0,55,台新-台南,2023-05-31,8159
2489,瑞軒,60,13,47,台新-台南,2023-05-31,8159
6160,欣技,51,4,47,台新-台南,2023-05-31,8159
2603,長榮,56,15,41,台新-台南,2023-05-31,8159
2801,彰銀,40,0,40,台新-台南,2023-05-31,8159
00852L,國泰美國道瓊正2,40,0,40,台新-台南,2023-05-31,8159
3025,星通,67,30,37,台新-台南,2023-05-31,8159
2812,台中銀,56,20,36,台新-台南,2023-05-31,8159
6282,康舒,103,68,35,台新-台南,2023-05-31,8159
00772B,中信高評級公司債,30,0,30,台新-台南,2023-05-31,8159
8038,長園科,27,1,26,台新-台南,2023-05-31,8159
2457,飛宏,84,63,21,台新-台南,2023-05-31,8159
3481,群創,71,50,21,台新-台南,2023-05-31,8159
1101,台泥,33,13,20,台新-台南,2023-05-31,8159
4916,事欣科,57,37,20,台新-台南,2023-05-31,8159
2888,新光金,20,1,19,台新-台南,2023-05-31,8159
1314,中石化,21,2,19,台新-台南,2023-05-31,8159
1524,耿鼎,26,8,18,台新-台南,2023-05-31,8159
2356,英業達,37,19,18,台新-台南,2023-05-31,8159
00720B,元大投資級公司債,18,0,18,台新-台南,2023-05-31,8159
6139,亞翔,17,0,17,台新-台南,2023-05-31,8159
3499,環天科,18,1,17,台新-台南,2023-05-31,8159
2345,智邦,27,11,16,台新-台南,2023-05-31,8159
3094,聯傑,29,13,16,台新-台南,2023-05-31,8159
2344,華邦電,45,29,16,台新-台南,2023-05-31,8159
2633,台灣高鐵,15,0,15,台新-台南,2023-05-31,8159
2887,台新金,24,10,14,台新-台南,2023-05-31,8159
3037,欣興,45,31,14,台新-台南,2023-05-31,8159
0056,元大高股息,39,26,13,台新-台南,2023-05-31,8159
2002,中鋼,13,0,13,台新-台南,2023-05-31,8159
00712,復華富時不動產,15,2,13,台新-台南,2023-05-31,8159
00751B,元大AAA至A公司債,12,0,12,台新-台南,2023-05-31,8159
1104,環泥,12,0,12,台新-台南,2023-05-31,8159
2329,華泰,16,5,11,台新-台南,2023-05-31,8159
00687B,國泰20年美債,11,0,11,台新-台南,2023-05-31,8159
4746,台耀,13,2,11,台新-台南,2023-05-31,8159
1752,南光,15,4,11,台新-台南,2023-05-31,8159
00902,中信電池及儲能,11,0,11,台新-台南,2023-05-31,8159
6104,創惟,19,9,10,台新-台南,2023-05-31,8159
3322,建舜電,10,0,10,台新-台南,2023-05-31,8159
1217,愛之味,10,0,10,台新-台南,2023-05-31,8159
5347,世界,10,0,10,台新-台南,2023-05-31,8159
2548,華固,10,0,10,台新-台南,2023-05-31,8159
00908,富邦入息REITs+,10,0,10,台新-台南,2023-05-31,8159
00715L,期街口布蘭特正2,438,17,421,台新-台南,2023-06-01,8159
2409,友達,181,6,175,台新-台南,2023-06-01,8159
2897,王道銀行,150,0,150,台新-台南,2023-06-01,8159
5355,佳總,126,0,126,台新-台南,2023-06-01,8159
2002,中鋼,119,7,112,台新-台南,2023-06-01,8159
6125,廣運,76,17,59,台新-台南,2023-06-01,8159
1608,華榮,54,0,54,台新-台南,2023-06-01,8159
2890,永豐金,53,0,53,台新-台南,2023-06-01,8159
00882,中信中國高股息,48,0,48,台新-台南,2023-06-01,8159
1605,華新,48,5,43,台新-台南,2023-06-01,8159
3706,神達,186,145,41,台新-台南,2023-06-01,8159
00642U,期元大S＆P石油,39,0,39,台新-台南,2023-06-01,8159
2303,聯電,52,15,37,台新-台南,2023-06-01,8159
2371,大同,194,158,36,台新-台南,2023-06-01,8159
1609,大亞,44,10,34,台新-台南,2023-06-01,8159
2515,中工,70,37,33,台新-台南,2023-06-01,8159
3013,晟銘電,88,56,32,台新-台南,2023-06-01,8159
2892,第一金,29,0,29,台新-台南,2023-06-01,8159
2356,英業達,38,9,29,台新-台南,2023-06-01,8159
2834,臺企銀,27,2,25,台新-台南,2023-06-01,8159
4564,元翎,43,18,25,台新-台南,2023-06-01,8159
1752,南光,23,0,23,台新-台南,2023-06-01,8159
3545,敦泰,22,0,22,台新-台南,2023-06-01,8159
1101,台泥,34,12,22,台新-台南,2023-06-01,8159
2887,台新金,22,1,21,台新-台南,2023-06-01,8159
2453,凌群,24,4,20,台新-台南,2023-06-01,8159
6016,康和證,20,0,20,台新-台南,2023-06-01,8159
2408,南亞科,24,4,20,台新-台南,2023-06-01,8159
2344,華邦電,40,20,20,台新-台南,2023-06-01,8159
6185,幃翔,29,9,20,台新-台南,2023-06-01,8159
2801,彰銀,20,0,20,台新-台南,2023-06-01,8159
2105,正新,22,2,20,台新-台南,2023-06-01,8159
6291,沛亨,19,0,19,台新-台南,2023-06-01,8159
2421,建準,28,9,19,台新-台南,2023-06-01,8159
2206,三陽工業,41,23,18,台新-台南,2023-06-01,8159
2399,映泰,18,0,18,台新-台南,2023-06-01,8159
2883,凱基金,23,5,18,台新-台南,2023-06-01,8159
6190,萬泰科,19,2,17,台新-台南,2023-06-01,8159
6733,博晟生醫,22,6,16,台新-台南,2023-06-01,8159
3078,僑威,26,10,16,台新-台南,2023-06-01,8159
3682,亞太電,15,0,15,台新-台南,2023-06-01,8159
00679B,元大美債20年,15,1,14,台新-台南,2023-06-01,8159
8011,台通,19,6,13,台新-台南,2023-06-01,8159
4533,協易機,12,0,12,台新-台南,2023-06-01,8159
5533,皇鼎,12,0,12,台新-台南,2023-06-01,8159
00706L,期元大S＆P日圓正2,12,0,12,台新-台南,2023-06-01,8159
3058,立德,14,2,12,台新-台南,2023-06-01,8159
6874,倍力,16,4,12,台新-台南,2023-06-01,8159
00712,復華富時不動產,11,0,11,台新-台南,2023-06-01,8159
6202,盛群,11,0,11,台新-台南,2023-06-01,8159
1609,大亞,660,304,356,台新-台南,2023-06-02,8159
2323,中環,332,91,241,台新-台南,2023-06-02,8159
2371,大同,99,13,86,台新-台南,2023-06-02,8159
1584,精剛,102,17,85,台新-台南,2023-06-02,8159
5512,力麒,68,0,68,台新-台南,2023-06-02,8159
2610,華航,282,239,43,台新-台南,2023-06-02,8159
6485,點序,42,0,42,台新-台南,2023-06-02,8159
00713,元大台灣高息低波,46,10,36,台新-台南,2023-06-02,8159
6266,泰詠,38,4,34,台新-台南,2023-06-02,8159
3591,艾笛森,37,3,34,台新-台南,2023-06-02,8159
2915,潤泰全,37,4,33,台新-台南,2023-06-02,8159
1904,正隆,56,23,33,台新-台南,2023-06-02,8159
6531,愛普*,53,22,31,台新-台南,2023-06-02,8159
5864,致和證,31,0,31,台新-台南,2023-06-02,8159
1319,東陽,32,1,31,台新-台南,2023-06-02,8159
2888,新光金,35,4,31,台新-台南,2023-06-02,8159
00687B,國泰20年美債,29,0,29,台新-台南,2023-06-02,8159
2421,建準,59,30,29,台新-台南,2023-06-02,8159
1760,寶齡富錦,30,2,28,台新-台南,2023-06-02,8159
2706,第一店,33,7,26,台新-台南,2023-06-02,8159
2312,金寶,37,11,26,台新-台南,2023-06-02,8159
5009,榮剛,33,8,25,台新-台南,2023-06-02,8159
8210,勤誠,26,2,24,台新-台南,2023-06-02,8159
3363,上詮,41,17,24,台新-台南,2023-06-02,8159
6160,欣技,31,8,23,台新-台南,2023-06-02,8159
00919,群益台灣精選高息,24,2,22,台新-台南,2023-06-02,8159
4563,百德,22,0,22,台新-台南,2023-06-02,8159
00857B,永豐20年美公債,25,3,22,台新-台南,2023-06-02,8159
2897,王道銀行,20,0,20,台新-台南,2023-06-02,8159
3013,晟銘電,59,39,20,台新-台南,2023-06-02,8159
8476,台境*,20,0,20,台新-台南,2023-06-02,8159
4979,華星光,112,92,20,台新-台南,2023-06-02,8159
2913,農林,22,3,19,台新-台南,2023-06-02,8159
2211,長榮鋼,19,1,18,台新-台南,2023-06-02,8159
1752,南光,20,2,18,台新-台南,2023-06-02,8159
6276,安鈦克,25,7,18,台新-台南,2023-06-02,8159
6168,宏齊,47,29,18,台新-台南,2023-06-02,8159
6148,驊宏資,17,0,17,台新-台南,2023-06-02,8159
1762,中化生,17,0,17,台新-台南,2023-06-02,8159
4128,中天,21,5,16,台新-台南,2023-06-02,8159
2603,長榮,37,21,16,台新-台南,2023-06-02,8159
4529,淳紳,16,0,16,台新-台南,2023-06-02,8159
4915,致伸,18,2,16,台新-台南,2023-06-02,8159
1909,榮成,17,2,15,台新-台南,2023-06-02,8159
2347,聯強,16,1,15,台新-台南,2023-06-02,8159
4503,金雨,15,0,15,台新-台南,2023-06-02,8159
4102,永日,15,0,15,台新-台南,2023-06-02,8159
2332,友訊,17,3,14,台新-台南,2023-06-02,8159
2337,旺宏,30,16,14,台新-台南,2023-06-02,8159
3022,威強電,14,0,14,台新-台南,2023-06-02,8159
2888,新光金,1584,453,1131,台新-台南,2023-06-05,8159
2618,長榮航,566,311,255,台新-台南,2023-06-05,8159
00688L,國泰20年美債正2,132,10,122,台新-台南,2023-06-05,8159
00673R,期元大S＆P原油反1,105,0,105,台新-台南,2023-06-05,8159
3625,西勝,102,3,99,台新-台南,2023-06-05,8159
00679B,元大美債20年,84,3,81,台新-台南,2023-06-05,8159
00878,國泰永續高股息,117,37,80,台新-台南,2023-06-05,8159
2206,三陽工業,99,27,72,台新-台南,2023-06-05,8159
1514,亞力,163,97,66,台新-台南,2023-06-05,8159
6160,欣技,58,4,54,台新-台南,2023-06-05,8159
00795B,中信美國公債20年,51,0,51,台新-台南,2023-06-05,8159
6163,華電網,52,3,49,台新-台南,2023-06-05,8159
6214,精誠,103,55,48,台新-台南,2023-06-05,8159
2323,中環,198,150,48,台新-台南,2023-06-05,8159
00885,富邦越南,53,6,47,台新-台南,2023-06-05,8159
1727,中華化,56,13,43,台新-台南,2023-06-05,8159
00919,群益台灣精選高息,43,0,43,台新-台南,2023-06-05,8159
8476,台境*,42,0,42,台新-台南,2023-06-05,8159
3508,位速,41,2,39,台新-台南,2023-06-05,8159
3052,夆典,32,0,32,台新-台南,2023-06-05,8159
1504,東元,48,17,31,台新-台南,2023-06-05,8159
00882,中信中國高股息,31,2,29,台新-台南,2023-06-05,8159
00713,元大台灣高息低波,46,17,29,台新-台南,2023-06-05,8159
2337,旺宏,32,4,28,台新-台南,2023-06-05,8159
6548,長科*,31,4,27,台新-台南,2023-06-05,8159
1522,堤維西,27,0,27,台新-台南,2023-06-05,8159
00687B,國泰20年美債,29,4,25,台新-台南,2023-06-05,8159
0056,元大高股息,45,20,25,台新-台南,2023-06-05,8159
8383,千附,25,0,25,台新-台南,2023-06-05,8159
1529,樂事綠能,81,56,25,台新-台南,2023-06-05,8159
6244,茂迪,24,1,23,台新-台南,2023-06-05,8159
8038,長園科,23,0,23,台新-台南,2023-06-05,8159
2913,農林,34,11,23,台新-台南,2023-06-05,8159
1714,和桐,23,0,23,台新-台南,2023-06-05,8159
6122,擎邦,30,7,23,台新-台南,2023-06-05,8159
2317,鴻海,28,6,22,台新-台南,2023-06-05,8159
2855,統一證,20,0,20,台新-台南,2023-06-05,8159
6016,康和證,33,13,20,台新-台南,2023-06-05,8159
6026,福邦證,20,0,20,台新-台南,2023-06-05,8159
6443,元晶,35,15,20,台新-台南,2023-06-05,8159
1905,華紙,68,49,19,台新-台南,2023-06-05,8159
2022,聚亨,21,2,19,台新-台南,2023-06-05,8159
3706,神達,25,6,19,台新-台南,2023-06-05,8159
5258,虹堡,20,2,18,台新-台南,2023-06-05,8159
8933,愛地雅,18,0,18,台新-台南,2023-06-05,8159
2609,陽明,23,5,18,台新-台南,2023-06-05,8159
2352,佳世達,72,55,17,台新-台南,2023-06-05,8159
1503,士電,64,47,17,台新-台南,2023-06-05,8159
2331,精英,43,27,16,台新-台南,2023-06-05,8159
2358,廷鑫,18,2,16,台新-台南,2023-06-05,8159
1609,大亞,1165,814,351,台新-台南,2023-06-06,8159
2888,新光金,344,142,202,台新-台南,2023-06-06,8159
00753L,中信中國50正2,150,7,143,台新-台南,2023-06-06,8159
2883,凱基金,157,19,138,台新-台南,2023-06-06,8159
2323,中環,229,126,103,台新-台南,2023-06-06,8159
3625,西勝,100,1,99,台新-台南,2023-06-06,8159
00715L,期街口布蘭特正2,101,11,90,台新-台南,2023-06-06,8159
2834,臺企銀,99,22,77,台新-台南,2023-06-06,8159
2402,毅嘉,136,64,72,台新-台南,2023-06-06,8159
2427,三商電,89,31,58,台新-台南,2023-06-06,8159
2399,映泰,108,52,56,台新-台南,2023-06-06,8159
00712,復華富時不動產,62,7,55,台新-台南,2023-06-06,8159
00679B,元大美債20年,55,0,55,台新-台南,2023-06-06,8159
00927,群益半導體收益,51,0,51,台新-台南,2023-06-06,8159
00680L,元大美債20正2,51,0,51,台新-台南,2023-06-06,8159
3673,TPK-KY,49,0,49,台新-台南,2023-06-06,8159
2915,潤泰全,52,6,46,台新-台南,2023-06-06,8159
4303,信立,46,0,46,台新-台南,2023-06-06,8159
00919,群益台灣精選高息,45,0,45,台新-台南,2023-06-06,8159
2303,聯電,53,9,44,台新-台南,2023-06-06,8159
3052,夆典,40,0,40,台新-台南,2023-06-06,8159
2498,宏達電,45,6,39,台新-台南,2023-06-06,8159
6026,福邦證,38,0,38,台新-台南,2023-06-06,8159
00878,國泰永續高股息,110,73,37,台新-台南,2023-06-06,8159
0056,元大高股息,49,13,36,台新-台南,2023-06-06,8159
6235,華孚,72,36,36,台新-台南,2023-06-06,8159
2383,台光電,34,0,34,台新-台南,2023-06-06,8159
1905,華紙,158,125,33,台新-台南,2023-06-06,8159
6160,欣技,32,2,30,台新-台南,2023-06-06,8159
3013,晟銘電,30,1,29,台新-台南,2023-06-06,8159
5425,台半,40,11,29,台新-台南,2023-06-06,8159
6282,康舒,129,100,29,台新-台南,2023-06-06,8159
00713,元大台灣高息低波,30,1,29,台新-台南,2023-06-06,8159
8358,金居,50,22,28,台新-台南,2023-06-06,8159
6182,合晶,28,0,28,台新-台南,2023-06-06,8159
2014,中鴻,30,3,27,台新-台南,2023-06-06,8159
6244,茂迪,29,2,27,台新-台南,2023-06-06,8159
3231,緯創,94,68,26,台新-台南,2023-06-06,8159
00688L,國泰20年美債正2,35,10,25,台新-台南,2023-06-06,8159
5465,富驊,48,23,25,台新-台南,2023-06-06,8159
1584,精剛,74,50,24,台新-台南,2023-06-06,8159
3213,茂訊,24,0,24,台新-台南,2023-06-06,8159
2201,裕隆,24,0,24,台新-台南,2023-06-06,8159
6548,長科*,26,3,23,台新-台南,2023-06-06,8159
00720B,元大投資級公司債,27,5,22,台新-台南,2023-06-06,8159
4919,新唐,23,1,22,台新-台南,2023-06-06,8159
6168,宏齊,22,1,21,台新-台南,2023-06-06,8159
6547,高端疫苗,21,1,20,台新-台南,2023-06-06,8159
6290,良維,22,2,20,台新-台南,2023-06-06,8159
1319,東陽,20,0,20,台新-台南,2023-06-06,8159
2323,中環,357,243,114,台新-台南,2023-06-07,8159
5355,佳總,100,0,100,台新-台南,2023-06-07,8159
2515,中工,132,33,99,台新-台南,2023-06-07,8159
00893,國泰智能電動車,100,7,93,台新-台南,2023-06-07,8159
00882,中信中國高股息,73,3,70,台新-台南,2023-06-07,8159
4533,協易機,108,44,64,台新-台南,2023-06-07,8159
1605,華新,67,9,58,台新-台南,2023-06-07,8159
6470,宇智,54,0,54,台新-台南,2023-06-07,8159
1584,精剛,94,41,53,台新-台南,2023-06-07,8159
00927,群益半導體收益,50,0,50,台新-台南,2023-06-07,8159
9943,好樂迪,51,3,48,台新-台南,2023-06-07,8159
6218,豪勉,79,32,47,台新-台南,2023-06-07,8159
3231,緯創,144,98,46,台新-台南,2023-06-07,8159
6116,彩晶,259,218,41,台新-台南,2023-06-07,8159
2883B,凱基金乙特,40,0,40,台新-台南,2023-06-07,8159
00632R,元大台灣50反1,138,99,39,台新-台南,2023-06-07,8159
3532,台勝科,80,42,38,台新-台南,2023-06-07,8159
2409,友達,45,8,37,台新-台南,2023-06-07,8159
6125,廣運,89,52,37,台新-台南,2023-06-07,8159
2457,飛宏,126,91,35,台新-台南,2023-06-07,8159
00637L,元大滬深300正2,54,21,33,台新-台南,2023-06-07,8159
1310,台苯,36,4,32,台新-台南,2023-06-07,8159
3483,力致,42,12,30,台新-台南,2023-06-07,8159
8111,立��,33,5,28,台新-台南,2023-06-07,8159
2329,華泰,38,10,28,台新-台南,2023-06-07,8159
4720,德淵,27,0,27,台新-台南,2023-06-07,8159
2421,建準,38,12,26,台新-台南,2023-06-07,8159
00902,中信電池及儲能,25,0,25,台新-台南,2023-06-07,8159
00919,群益台灣精選高息,30,5,25,台新-台南,2023-06-07,8159
1904,正隆,22,0,22,台新-台南,2023-06-07,8159
2332,友訊,30,9,21,台新-台南,2023-06-07,8159
2882,國泰金,25,5,20,台新-台南,2023-06-07,8159
8112,至上,23,3,20,台新-台南,2023-06-07,8159
4930,燦星網,22,3,19,台新-台南,2023-06-07,8159
3564,其陽,19,0,19,台新-台南,2023-06-07,8159
2601,益航,22,3,19,台新-台南,2023-06-07,8159
5531,鄉林,26,7,19,台新-台南,2023-06-07,8159
2331,精英,20,2,18,台新-台南,2023-06-07,8159
1444,力麗,28,10,18,台新-台南,2023-06-07,8159
8358,金居,41,23,18,台新-台南,2023-06-07,8159
2610,華航,43,25,18,台新-台南,2023-06-07,8159
2353,宏��,31,14,17,台新-台南,2023-06-07,8159
1529,樂事綠能,36,20,16,台新-台南,2023-06-07,8159
4503,金雨,21,5,16,台新-台南,2023-06-07,8159
2352,佳世達,23,7,16,台新-台南,2023-06-07,8159
2880,華南金,16,1,15,台新-台南,2023-06-07,8159
2399,映泰,48,33,15,台新-台南,2023-06-07,8159
6288,聯嘉,20,5,15,台新-台南,2023-06-07,8159
2603,長榮,18,3,15,台新-台南,2023-06-07,8159
6835,圓裕,19,5,14,台新-台南,2023-06-07,8159
1609,大亞,826,334,492,台新-台南,2023-06-08,8159
2618,長榮航,558,165,393,台新-台南,2023-06-08,8159
00688L,國泰20年美債正2,343,0,343,台新-台南,2023-06-08,8159
00919,群益台灣精選高息,226,1,225,台新-台南,2023-06-08,8159
2027,大成鋼,242,21,221,台新-台南,2023-06-08,8159
00878,國泰永續高股息,178,18,160,台新-台南,2023-06-08,8159
00679B,元大美債20年,145,1,144,台新-台南,2023-06-08,8159
0056,元大高股息,126,3,123,台新-台南,2023-06-08,8159
00772B,中信高評級公司債,121,0,121,台新-台南,2023-06-08,8159
00680L,元大美債20正2,120,2,118,台新-台南,2023-06-08,8159
2888,新光金,303,187,116,台新-台南,2023-06-08,8159
00673R,期元大S＆P原油反1,84,0,84,台新-台南,2023-06-08,8159
1605,華新,106,28,78,台新-台南,2023-06-08,8159
2338,光罩,67,3,64,台新-台南,2023-06-08,8159
1612,宏泰,228,166,62,台新-台南,2023-06-08,8159
5706,鳳凰,222,163,59,台新-台南,2023-06-08,8159
2344,華邦電,62,6,56,台新-台南,2023-06-08,8159
4303,信立,50,0,50,台新-台南,2023-06-08,8159
2371,大同,73,24,49,台新-台南,2023-06-08,8159
6101,寬魚國際,51,3,48,台新-台南,2023-06-08,8159
00720B,元大投資級公司債,52,5,47,台新-台南,2023-06-08,8159
1310,台苯,49,4,45,台新-台南,2023-06-08,8159
3037,欣興,80,35,45,台新-台南,2023-06-08,8159
00687B,國泰20年美債,45,1,44,台新-台南,2023-06-08,8159
3545,敦泰,42,3,39,台新-台南,2023-06-08,8159
3231,緯創,126,88,38,台新-台南,2023-06-08,8159
3017,奇鋐,54,17,37,台新-台南,2023-06-08,8159
00670L,富邦NASDAQ正2,39,5,34,台新-台南,2023-06-08,8159
2883,凱基金,33,0,33,台新-台南,2023-06-08,8159
2345,智邦,35,2,33,台新-台南,2023-06-08,8159
6438,迅得,50,17,33,台新-台南,2023-06-08,8159
3058,立德,36,4,32,台新-台南,2023-06-08,8159
5905,南仁湖,64,32,32,台新-台南,2023-06-08,8159
4533,協易機,68,36,32,台新-台南,2023-06-08,8159
2457,飛宏,49,18,31,台新-台南,2023-06-08,8159
1618,合機,50,20,30,台新-台南,2023-06-08,8159
5512,力麒,45,17,28,台新-台南,2023-06-08,8159
2402,毅嘉,37,10,27,台新-台南,2023-06-08,8159
2882,國泰金,33,6,27,台新-台南,2023-06-08,8159
3105,穩懋,35,9,26,台新-台南,2023-06-08,8159
00751B,元大AAA至A公司債,25,0,25,台新-台南,2023-06-08,8159
00631L,元大台灣50正2,24,0,24,台新-台南,2023-06-08,8159
6188,廣明,36,12,24,台新-台南,2023-06-08,8159
4967,十銓,39,16,23,台新-台南,2023-06-08,8159
2482,連宇,58,36,22,台新-台南,2023-06-08,8159
8938,明安,22,0,22,台新-台南,2023-06-08,8159
6166,凌華,22,0,22,台新-台南,2023-06-08,8159
1736,喬山,23,2,21,台新-台南,2023-06-08,8159
00712,復華富時不動產,22,1,21,台新-台南,2023-06-08,8159
00713,元大台灣高息低波,23,2,21,台新-台南,2023-06-08,8159
2888,新光金,433,67,366,台新-台南,2023-06-09,8159
00929,復華台灣科技優息,228,13,215,台新-台南,2023-06-09,8159
2609,陽明,194,26,168,台新-台南,2023-06-09,8159
00715L,期街口布蘭特正2,259,121,138,台新-台南,2023-06-09,8159
1609,大亞,242,118,124,台新-台南,2023-06-09,8159
2409,友達,64,0,64,台新-台南,2023-06-09,8159
1806,冠軍,62,3,59,台新-台南,2023-06-09,8159
9103,美德醫療-DR,51,0,51,台新-台南,2023-06-09,8159
2882,國泰金,47,0,47,台新-台南,2023-06-09,8159
1608,華榮,77,32,45,台新-台南,2023-06-09,8159
00927,群益半導體收益,50,5,45,台新-台南,2023-06-09,8159
5475,德宏,45,1,44,台新-台南,2023-06-09,8159
6235,華孚,91,47,44,台新-台南,2023-06-09,8159
1504,東元,60,16,44,台新-台南,2023-06-09,8159
2530,華建,40,1,39,台新-台南,2023-06-09,8159
2332,友訊,40,2,38,台新-台南,2023-06-09,8159
00712,復華富時不動產,51,14,37,台新-台南,2023-06-09,8159
2399,映泰,61,25,36,台新-台南,2023-06-09,8159
9962,有益,40,5,35,台新-台南,2023-06-09,8159
8150,南茂,36,2,34,台新-台南,2023-06-09,8159
1584,精剛,34,2,32,台新-台南,2023-06-09,8159
2323,中環,192,161,31,台新-台南,2023-06-09,8159
4931,新盛力,41,10,31,台新-台南,2023-06-09,8159
2610,華航,73,42,31,台新-台南,2023-06-09,8159
00679B,元大美債20年,31,1,30,台新-台南,2023-06-09,8159
1605,華新,33,3,30,台新-台南,2023-06-09,8159
2421,建準,62,33,29,台新-台南,2023-06-09,8159
2337,旺宏,29,1,28,台新-台南,2023-06-09,8159
3706,神達,37,9,28,台新-台南,2023-06-09,8159
6026,福邦證,26,0,26,台新-台南,2023-06-09,8159
3046,建��,47,21,26,台新-台南,2023-06-09,8159
1514,亞力,26,0,26,台新-台南,2023-06-09,8159
2457,飛宏,46,24,22,台新-台南,2023-06-09,8159
6770,力積電,22,1,21,台新-台南,2023-06-09,8159
00632R,元大台灣50反1,31,10,21,台新-台南,2023-06-09,8159
6266,泰詠,40,19,21,台新-台南,2023-06-09,8159
1905,華紙,30,10,20,台新-台南,2023-06-09,8159
2352,佳世達,47,28,19,台新-台南,2023-06-09,8159
2890,永豐金,19,0,19,台新-台南,2023-06-09,8159
00882,中信中國高股息,19,0,19,台新-台南,2023-06-09,8159
2402,毅嘉,23,5,18,台新-台南,2023-06-09,8159
1525,江申,21,3,18,台新-台南,2023-06-09,8159
00919,群益台灣精選高息,92,75,17,台新-台南,2023-06-09,8159
2705,六福,49,32,17,台新-台南,2023-06-09,8159
1612,宏泰,54,38,16,台新-台南,2023-06-09,8159
2328,廣宇,17,1,16,台新-台南,2023-06-09,8159
2913,農林,27,11,16,台新-台南,2023-06-09,8159
3090,日電貿,16,0,16,台新-台南,2023-06-09,8159
6116,彩晶,28,12,16,台新-台南,2023-06-09,8159
00885,富邦越南,19,4,15,台新-台南,2023-06-09,8159
2888,新光金,832,458,374,台新-台南,2023-06-12,8159
00919,群益台灣精選高息,265,2,263,台新-台南,2023-06-12,8159
00715L,期街口布蘭特正2,282,34,248,台新-台南,2023-06-12,8159
00929,復華台灣科技優息,235,43,192,台新-台南,2023-06-12,8159
2382,廣達,251,116,135,台新-台南,2023-06-12,8159
00632R,元大台灣50反1,177,45,132,台新-台南,2023-06-12,8159
3481,群創,172,76,96,台新-台南,2023-06-12,8159
8038,長園科,74,0,74,台新-台南,2023-06-12,8159
2887,台新金,85,17,68,台新-台南,2023-06-12,8159
3231,緯創,125,65,60,台新-台南,2023-06-12,8159
1605,華新,59,4,55,台新-台南,2023-06-12,8159
00712,復華富時不動產,66,12,54,台新-台南,2023-06-12,8159
00642U,期元大S＆P石油,58,6,52,台新-台南,2023-06-12,8159
6443,元晶,51,4,47,台新-台南,2023-06-12,8159
3027,盛達,190,144,46,台新-台南,2023-06-12,8159
2344,華邦電,68,23,45,台新-台南,2023-06-12,8159
5498,凱崴,44,1,43,台新-台南,2023-06-12,8159
2027,大成鋼,47,4,43,台新-台南,2023-06-12,8159
5309,系統電,41,0,41,台新-台南,2023-06-12,8159
2208,台船,44,4,40,台新-台南,2023-06-12,8159
2615,萬海,41,1,40,台新-台南,2023-06-12,8159
1802,台玻,38,0,38,台新-台南,2023-06-12,8159
2409,友達,76,40,36,台新-台南,2023-06-12,8159
8476,台境*,41,5,36,台新-台南,2023-06-12,8159
6547,高端疫苗,36,0,36,台新-台南,2023-06-12,8159
8926,台汽電,50,15,35,台新-台南,2023-06-12,8159
2630,亞航,46,12,34,台新-台南,2023-06-12,8159
6288,聯嘉,77,45,32,台新-台南,2023-06-12,8159
4303,信立,32,0,32,台新-台南,2023-06-12,8159
6116,彩晶,62,30,32,台新-台南,2023-06-12,8159
2421,建準,49,18,31,台新-台南,2023-06-12,8159
3017,奇鋐,34,3,31,台新-台南,2023-06-12,8159
4157,太景*-KY,34,3,31,台新-台南,2023-06-12,8159
8213,志超,31,0,31,台新-台南,2023-06-12,8159
1101,台泥,35,5,30,台新-台南,2023-06-12,8159
2356,英業達,82,52,30,台新-台南,2023-06-12,8159
2845,遠東銀,30,0,30,台新-台南,2023-06-12,8159
3062,建漢,39,10,29,台新-台南,2023-06-12,8159
0056,元大高股息,42,14,28,台新-台南,2023-06-12,8159
2891,中信金,34,7,27,台新-台南,2023-06-12,8159
3715,定穎投控,50,23,27,台新-台南,2023-06-12,8159
2881,富邦金,29,3,26,台新-台南,2023-06-12,8159
2882,國泰金,27,1,26,台新-台南,2023-06-12,8159
00878,國泰永續高股息,150,124,26,台新-台南,2023-06-12,8159
2002,中鋼,27,3,24,台新-台南,2023-06-12,8159
8426,紅木-KY,24,0,24,台新-台南,2023-06-12,8159
4931,新盛力,24,0,24,台新-台南,2023-06-12,8159
2376,技嘉,95,71,24,台新-台南,2023-06-12,8159
2880,華南金,22,1,21,台新-台南,2023-06-12,8159
2834,臺企銀,36,16,20,台新-台南,2023-06-12,8159
2888,新光金,650,30,620,台新-台南,2023-06-13,8159
00715L,期街口布蘭特正2,552,1,551,台新-台南,2023-06-13,8159
2323,中環,170,24,146,台新-台南,2023-06-13,8159
6194,育富,102,1,101,台新-台南,2023-06-13,8159
00919,群益台灣精選高息,101,7,94,台新-台南,2023-06-13,8159
00642U,期元大S＆P石油,77,1,76,台新-台南,2023-06-13,8159
1529,樂事綠能,70,11,59,台新-台南,2023-06-13,8159
8038,長園科,63,9,54,台新-台南,2023-06-13,8159
3545,敦泰,54,3,51,台新-台南,2023-06-13,8159
1323,永裕,50,0,50,台新-台南,2023-06-13,8159
00902,中信電池及儲能,71,25,46,台新-台南,2023-06-13,8159
2891,中信金,53,8,45,台新-台南,2023-06-13,8159
020022,元大電動車N,45,0,45,台新-台南,2023-06-13,8159
2331,精英,44,0,44,台新-台南,2023-06-13,8159
5309,系統電,41,0,41,台新-台南,2023-06-13,8159
4552,力達-KY,40,0,40,台新-台南,2023-06-13,8159
2449,京元電子,79,40,39,台新-台南,2023-06-13,8159
8446,華研,49,14,35,台新-台南,2023-06-13,8159
2329,華泰,47,15,32,台新-台南,2023-06-13,8159
2332,友訊,31,0,31,台新-台南,2023-06-13,8159
00885,富邦越南,47,16,31,台新-台南,2023-06-13,8159
8383,千附,28,0,28,台新-台南,2023-06-13,8159
2022,聚亨,27,0,27,台新-台南,2023-06-13,8159
00679B,元大美債20年,28,1,27,台新-台南,2023-06-13,8159
1504,東元,27,2,25,台新-台南,2023-06-13,8159
2328,廣宇,25,0,25,台新-台南,2023-06-13,8159
8358,金居,33,9,24,台新-台南,2023-06-13,8159
2801,彰銀,25,1,24,台新-台南,2023-06-13,8159
6288,聯嘉,57,33,24,台新-台南,2023-06-13,8159
2515,中工,47,24,23,台新-台南,2023-06-13,8159
3027,盛達,80,57,23,台新-台南,2023-06-13,8159
6835,圓裕,22,0,22,台新-台南,2023-06-13,8159
1605,華新,31,10,21,台新-台南,2023-06-13,8159
3715,定穎投控,48,27,21,台新-台南,2023-06-13,8159
8426,紅木-KY,21,0,21,台新-台南,2023-06-13,8159
6160,欣技,25,4,21,台新-台南,2023-06-13,8159
1525,江申,20,0,20,台新-台南,2023-06-13,8159
2208,台船,20,0,20,台新-台南,2023-06-13,8159
3498,陽程,21,1,20,台新-台南,2023-06-13,8159
2376,技嘉,41,22,19,台新-台南,2023-06-13,8159
5351,鈺創,23,4,19,台新-台南,2023-06-13,8159
3058,立德,19,0,19,台新-台南,2023-06-13,8159
1568,倉佑,21,2,19,台新-台南,2023-06-13,8159
3105,穩懋,22,3,19,台新-台南,2023-06-13,8159
6245,立端,20,1,19,台新-台南,2023-06-13,8159
00882,中信中國高股息,26,8,18,台新-台南,2023-06-13,8159
1609,大亞,200,182,18,台新-台南,2023-06-13,8159
2890,永豐金,17,0,17,台新-台南,2023-06-13,8159
3363,上詮,31,14,17,台新-台南,2023-06-13,8159
1101,台泥,18,1,17,台新-台南,2023-06-13,8159
020022,元大電動車N,305,0,305,台新-台南,2023-06-14,8159
00688L,國泰20年美債正2,250,0,250,台新-台南,2023-06-14,8159
6235,華孚,168,45,123,台新-台南,2023-06-14,8159
2405,輔信,158,40,118,台新-台南,2023-06-14,8159
2888,新光金,142,25,117,台新-台南,2023-06-14,8159
00919,群益台灣精選高息,111,6,105,台新-台南,2023-06-14,8159
6166,凌華,101,9,92,台新-台南,2023-06-14,8159
2329,華泰,123,32,91,台新-台南,2023-06-14,8159
0056,元大高股息,90,15,75,台新-台南,2023-06-14,8159
6026,福邦證,73,2,71,台新-台南,2023-06-14,8159
8476,台境*,56,0,56,台新-台南,2023-06-14,8159
3625,西勝,54,0,54,台新-台南,2023-06-14,8159
1474,弘裕,54,0,54,台新-台南,2023-06-14,8159
00751B,元大AAA至A公司債,53,0,53,台新-台南,2023-06-14,8159
00679B,元大美債20年,52,0,52,台新-台南,2023-06-14,8159
6122,擎邦,123,73,50,台新-台南,2023-06-14,8159
00712,復華富時不動產,59,9,50,台新-台南,2023-06-14,8159
1806,冠軍,53,5,48,台新-台南,2023-06-14,8159
2705,六福,83,37,46,台新-台南,2023-06-14,8159
00680L,元大美債20正2,47,3,44,台新-台南,2023-06-14,8159
00795B,中信美國公債20年,43,0,43,台新-台南,2023-06-14,8159
2337,旺宏,58,16,42,台新-台南,2023-06-14,8159
2356,英業達,539,497,42,台新-台南,2023-06-14,8159
2801,彰銀,41,0,41,台新-台南,2023-06-14,8159
2618,長榮航,623,587,36,台新-台南,2023-06-14,8159
1605,華新,55,20,35,台新-台南,2023-06-14,8159
8050,廣積,58,23,35,台新-台南,2023-06-14,8159
6282,康舒,43,8,35,台新-台南,2023-06-14,8159
00929,復華台灣科技優息,35,1,34,台新-台南,2023-06-14,8159
6182,合晶,53,21,32,台新-台南,2023-06-14,8159
1314,中石化,40,8,32,台新-台南,2023-06-14,8159
3374,精材,37,6,31,台新-台南,2023-06-14,8159
5276,達輝-KY,31,0,31,台新-台南,2023-06-14,8159
6245,立端,34,4,30,台新-台南,2023-06-14,8159
00632R,元大台灣50反1,49,20,29,台新-台南,2023-06-14,8159
2515,中工,30,2,28,台新-台南,2023-06-14,8159
1432,大魯閣,28,2,26,台新-台南,2023-06-14,8159
6005,群益證,27,1,26,台新-台南,2023-06-14,8159
3532,台勝科,37,12,25,台新-台南,2023-06-14,8159
2443,昶虹,30,5,25,台新-台南,2023-06-14,8159
1529,樂事綠能,33,8,25,台新-台南,2023-06-14,8159
00687B,國泰20年美債,35,10,25,台新-台南,2023-06-14,8159
1568,倉佑,24,0,24,台新-台南,2023-06-14,8159
2883,凱基金,45,21,24,台新-台南,2023-06-14,8159
1609,大亞,117,94,23,台新-台南,2023-06-14,8159
1608,華榮,30,7,23,台新-台南,2023-06-14,8159
2328,廣宇,22,0,22,台新-台南,2023-06-14,8159
4906,正文,25,3,22,台新-台南,2023-06-14,8159
4533,協易機,237,216,21,台新-台南,2023-06-14,8159
2845,遠東銀,30,9,21,台新-台南,2023-06-14,8159
2356,英業達,552,304,248,台新-台南,2023-06-15,8159
1609,大亞,383,193,190,台新-台南,2023-06-15,8159
00929,復華台灣科技優息,168,12,156,台新-台南,2023-06-15,8159
00919,群益台灣精選高息,125,9,116,台新-台南,2023-06-15,8159
1710,東聯,101,5,96,台新-台南,2023-06-15,8159
2401,凌陽,131,55,76,台新-台南,2023-06-15,8159
2453,凌群,142,67,75,台新-台南,2023-06-15,8159
00632R,元大台灣50反1,105,40,65,台新-台南,2023-06-15,8159
2886,兆豐金,63,2,61,台新-台南,2023-06-15,8159
00687B,國泰20年美債,59,3,56,台新-台南,2023-06-15,8159
00712,復華富時不動產,69,16,53,台新-台南,2023-06-15,8159
1323,永裕,50,0,50,台新-台南,2023-06-15,8159
2515,中工,58,11,47,台新-台南,2023-06-15,8159
8476,台境*,47,0,47,台新-台南,2023-06-15,8159
2609,陽明,59,13,46,台新-台南,2023-06-15,8159
2888,新光金,149,106,43,台新-台南,2023-06-15,8159
4967,十銓,54,12,42,台新-台南,2023-06-15,8159
00751B,元大AAA至A公司債,41,0,41,台新-台南,2023-06-15,8159
8038,長園科,38,0,38,台新-台南,2023-06-15,8159
3022,威強電,60,24,36,台新-台南,2023-06-15,8159
2344,華邦電,45,9,36,台新-台南,2023-06-15,8159
6770,力積電,55,19,36,台新-台南,2023-06-15,8159
00715L,期街口布蘭特正2,179,144,35,台新-台南,2023-06-15,8159
4510,高鋒,70,39,31,台新-台南,2023-06-15,8159
1611,中電,56,25,31,台新-台南,2023-06-15,8159
2618,長榮航,829,798,31,台新-台南,2023-06-15,8159
2801,彰銀,40,10,30,台新-台南,2023-06-15,8159
4968,立積,32,4,28,台新-台南,2023-06-15,8159
3380,明泰,28,0,28,台新-台南,2023-06-15,8159
3532,台勝科,31,5,26,台新-台南,2023-06-15,8159
2208,台船,26,1,25,台新-台南,2023-06-15,8159
3356,奇偶,64,39,25,台新-台南,2023-06-15,8159
2405,輔信,44,20,24,台新-台南,2023-06-15,8159
8092,建暐,24,0,24,台新-台南,2023-06-15,8159
8358,金居,26,2,24,台新-台南,2023-06-15,8159
2484,希華,23,0,23,台新-台南,2023-06-15,8159
8076,伍豐,46,23,23,台新-台南,2023-06-15,8159
2303,聯電,103,81,22,台新-台南,2023-06-15,8159
1714,和桐,22,0,22,台新-台南,2023-06-15,8159
00903,富邦元宇宙,20,0,20,台新-台南,2023-06-15,8159
4121,優盛,20,0,20,台新-台南,2023-06-15,8159
2887,台新金,21,1,20,台新-台南,2023-06-15,8159
3058,立德,33,14,19,台新-台南,2023-06-15,8159
1904,正隆,19,0,19,台新-台南,2023-06-15,8159
5426,振發,18,0,18,台新-台南,2023-06-15,8159
6550,北極星藥業-KY,21,3,18,台新-台南,2023-06-15,8159
1522,堤維西,92,75,17,台新-台南,2023-06-15,8159
3032,偉訓,34,17,17,台新-台南,2023-06-15,8159
2340,台亞,16,0,16,台新-台南,2023-06-15,8159
6244,茂迪,23,7,16,台新-台南,2023-06-15,8159
00919,群益台灣精選高息,189,10,179,台新-台南,2023-06-16,8159
2489,瑞軒,121,2,119,台新-台南,2023-06-16,8159
2886,兆豐金,120,33,87,台新-台南,2023-06-16,8159
00632R,元大台灣50反1,76,0,76,台新-台南,2023-06-16,8159
2834,臺企銀,97,22,75,台新-台南,2023-06-16,8159
8110,華東,66,0,66,台新-台南,2023-06-16,8159
8476,台境*,54,0,54,台新-台南,2023-06-16,8159
00921,兆豐龍頭等權重,53,3,50,台新-台南,2023-06-16,8159
00929,復華台灣科技優息,110,64,46,台新-台南,2023-06-16,8159
2371,大同,264,221,43,台新-台南,2023-06-16,8159
4526,東台,86,44,42,台新-台南,2023-06-16,8159
2353,宏��,46,6,40,台新-台南,2023-06-16,8159
1519,華城,134,98,36,台新-台南,2023-06-16,8159
1815,富喬,43,7,36,台新-台南,2023-06-16,8159
2888,新光金,113,78,35,台新-台南,2023-06-16,8159
1785,光洋科,42,7,35,台新-台南,2023-06-16,8159
3706,神達,176,141,35,台新-台南,2023-06-16,8159
8201,無敵,34,0,34,台新-台南,2023-06-16,8159
2027,大成鋼,57,24,33,台新-台南,2023-06-16,8159
3032,偉訓,46,16,30,台新-台南,2023-06-16,8159
5864,致和證,30,0,30,台新-台南,2023-06-16,8159
6443,元晶,32,2,30,台新-台南,2023-06-16,8159
2453,凌群,43,14,29,台新-台南,2023-06-16,8159
3017,奇鋐,60,31,29,台新-台南,2023-06-16,8159
4927,泰鼎-KY,29,0,29,台新-台南,2023-06-16,8159
8064,東捷,30,2,28,台新-台南,2023-06-16,8159
3035,智原,39,12,27,台新-台南,2023-06-16,8159
3231,緯創,201,175,26,台新-台南,2023-06-16,8159
2359,所羅門,48,23,25,台新-台南,2023-06-16,8159
1734,杏輝,36,11,25,台新-台南,2023-06-16,8159
3264,欣銓,30,7,23,台新-台南,2023-06-16,8159
2301,光寶科,41,19,22,台新-台南,2023-06-16,8159
1529,樂事綠能,51,29,22,台新-台南,2023-06-16,8159
2345,智邦,26,5,21,台新-台南,2023-06-16,8159
2302,麗正,21,0,21,台新-台南,2023-06-16,8159
6112,邁達特,22,2,20,台新-台南,2023-06-16,8159
00922,國泰台灣領袖50,20,0,20,台新-台南,2023-06-16,8159
1609,大亞,407,388,19,台新-台南,2023-06-16,8159
1314,中石化,31,12,19,台新-台南,2023-06-16,8159
2457,飛宏,46,27,19,台新-台南,2023-06-16,8159
2845,遠東銀,27,8,19,台新-台南,2023-06-16,8159
00772B,中信高評級公司債,24,6,18,台新-台南,2023-06-16,8159
2211,長榮鋼,18,0,18,台新-台南,2023-06-16,8159
3025,星通,27,9,18,台新-台南,2023-06-16,8159
2449,京元電子,33,16,17,台新-台南,2023-06-16,8159
4979,華星光,64,47,17,台新-台南,2023-06-16,8159
8473,山林水,17,0,17,台新-台南,2023-06-16,8159
6770,力積電,23,6,17,台新-台南,2023-06-16,8159
2882,國泰金,51,35,16,台新-台南,2023-06-16,8159
00888,永豐台灣ESG,21,5,16,台新-台南,2023-06-16,8159
2888,新光金,522,10,512,台新-台南,2023-06-19,8159
2104,國際中橡,201,13,188,台新-台南,2023-06-19,8159
2618,長榮航,347,201,146,台新-台南,2023-06-19,8159
2504,國產,103,1,102,台新-台南,2023-06-19,8159
1409,新纖,92,0,92,台新-台南,2023-06-19,8159
00673R,期元大S＆P原油反1,86,0,86,台新-台南,2023-06-19,8159
00632R,元大台灣50反1,121,35,86,台新-台南,2023-06-19,8159
00712,復華富時不動產,96,16,80,台新-台南,2023-06-19,8159
2886,兆豐金,76,7,69,台新-台南,2023-06-19,8159
2515,中工,68,2,66,台新-台南,2023-06-19,8159
00919,群益台灣精選高息,67,8,59,台新-台南,2023-06-19,8159
2303,聯電,57,2,55,台新-台南,2023-06-19,8159
00706L,期元大S＆P日圓正2,54,0,54,台新-台南,2023-06-19,8159
2371,大同,62,14,48,台新-台南,2023-06-19,8159
2312,金寶,83,42,41,台新-台南,2023-06-19,8159
2615,萬海,69,30,39,台新-台南,2023-06-19,8159
3231,緯創,83,47,36,台新-台南,2023-06-19,8159
00637L,元大滬深300正2,34,1,33,台新-台南,2023-06-19,8159
9103,美德醫療-DR,35,2,33,台新-台南,2023-06-19,8159
2402,毅嘉,41,11,30,台新-台南,2023-06-19,8159
00882,中信中國高股息,31,1,30,台新-台南,2023-06-19,8159
6122,擎邦,31,1,30,台新-台南,2023-06-19,8159
3217,優群,37,8,29,台新-台南,2023-06-19,8159
2882,國泰金,31,2,29,台新-台南,2023-06-19,8159
8473,山林水,29,0,29,台新-台南,2023-06-19,8159
8064,東捷,31,2,29,台新-台南,2023-06-19,8159
6166,凌華,34,6,28,台新-台南,2023-06-19,8159
1785,光洋科,38,11,27,台新-台南,2023-06-19,8159
2201,裕隆,31,7,24,台新-台南,2023-06-19,8159
2014,中鴻,44,20,24,台新-台南,2023-06-19,8159
2324,仁寶,63,40,23,台新-台南,2023-06-19,8159
6697,東捷資訊,26,3,23,台新-台南,2023-06-19,8159
4303,信立,23,0,23,台新-台南,2023-06-19,8159
3306,鼎天,22,0,22,台新-台南,2023-06-19,8159
6116,彩晶,112,91,21,台新-台南,2023-06-19,8159
2468,華經,94,73,21,台新-台南,2023-06-19,8159
8038,長園科,21,0,21,台新-台南,2023-06-19,8159
3049,精金,23,2,21,台新-台南,2023-06-19,8159
1907,永豐餘,31,11,20,台新-台南,2023-06-19,8159
00929,復華台灣科技優息,21,1,20,台新-台南,2023-06-19,8159
6148,驊宏資,37,18,19,台新-台南,2023-06-19,8159
2867,三商壽,21,2,19,台新-台南,2023-06-19,8159
6235,華孚,34,15,19,台新-台南,2023-06-19,8159
2609,陽明,63,44,19,台新-台南,2023-06-19,8159
2317,鴻海,32,13,19,台新-台南,2023-06-19,8159
1513,中興電,119,101,18,台新-台南,2023-06-19,8159
2883,凱基金,46,28,18,台新-台南,2023-06-19,8159
1522,堤維西,49,31,18,台新-台南,2023-06-19,8159
3325,旭品,22,4,18,台新-台南,2023-06-19,8159
6282,康舒,77,59,18,台新-台南,2023-06-19,8159
1513,中興電,345,56,289,台新-台南,2023-06-20,8159
00680L,元大美債20正2,164,0,164,台新-台南,2023-06-20,8159
00688L,國泰20年美債正2,118,0,118,台新-台南,2023-06-20,8159
5905,南仁湖,152,54,98,台新-台南,2023-06-20,8159
4303,信立,87,0,87,台新-台南,2023-06-20,8159
00712,復華富時不動產,94,17,77,台新-台南,2023-06-20,8159
4162,智擎,76,0,76,台新-台南,2023-06-20,8159
2515,中工,59,2,57,台新-台南,2023-06-20,8159
2323,中環,306,250,56,台新-台南,2023-06-20,8159
2356,英業達,82,43,39,台新-台南,2023-06-20,8159
3162,精確,38,0,38,台新-台南,2023-06-20,8159
6244,茂迪,83,45,38,台新-台南,2023-06-20,8159
2457,飛宏,59,22,37,台新-台南,2023-06-20,8159
3706,神達,42,5,37,台新-台南,2023-06-20,8159
2454,聯發科,40,4,36,台新-台南,2023-06-20,8159
00881,國泰台灣5G+,43,7,36,台新-台南,2023-06-20,8159
5009,榮剛,46,11,35,台新-台南,2023-06-20,8159
2906,高林,35,0,35,台新-台南,2023-06-20,8159
00673R,期元大S＆P原油反1,40,5,35,台新-台南,2023-06-20,8159
00720B,元大投資級公司債,34,0,34,台新-台南,2023-06-20,8159
8105,凌巨,59,26,33,台新-台南,2023-06-20,8159
3545,敦泰,33,1,32,台新-台南,2023-06-20,8159
1560,中砂,42,11,31,台新-台南,2023-06-20,8159
8076,伍豐,41,10,31,台新-台南,2023-06-20,8159
1785,光洋科,31,0,31,台新-台南,2023-06-20,8159
3715,定穎投控,51,20,31,台新-台南,2023-06-20,8159
00676R,富邦臺灣加權反1,31,0,31,台新-台南,2023-06-20,8159
2312,金寶,34,3,31,台新-台南,2023-06-20,8159
2618,長榮航,258,227,31,台新-台南,2023-06-20,8159
6756,威鋒電子,30,0,30,台新-台南,2023-06-20,8159
4967,十銓,32,5,27,台新-台南,2023-06-20,8159
00929,復華台灣科技優息,28,1,27,台新-台南,2023-06-20,8159
1303,南亞,26,0,26,台新-台南,2023-06-20,8159
1471,首利,24,0,24,台新-台南,2023-06-20,8159
00632R,元大台灣50反1,60,37,23,台新-台南,2023-06-20,8159
6266,泰詠,23,0,23,台新-台南,2023-06-20,8159
2208,台船,25,3,22,台新-台南,2023-06-20,8159
2211,長榮鋼,21,0,21,台新-台南,2023-06-20,8159
2382,廣達,44,23,21,台新-台南,2023-06-20,8159
3380,明泰,21,1,20,台新-台南,2023-06-20,8159
6770,力積電,20,0,20,台新-台南,2023-06-20,8159
1409,新纖,20,0,20,台新-台南,2023-06-20,8159
3051,力特,22,2,20,台新-台南,2023-06-20,8159
0056,元大高股息,35,16,19,台新-台南,2023-06-20,8159
6122,擎邦,20,1,19,台新-台南,2023-06-20,8159
00795B,中信美國公債20年,19,0,19,台新-台南,2023-06-20,8159
2337,旺宏,19,0,19,台新-台南,2023-06-20,8159
3062,建漢,29,10,19,台新-台南,2023-06-20,8159
1319,東陽,60,42,18,台新-台南,2023-06-20,8159
5324,士開,17,0,17,台新-台南,2023-06-20,8159
2888,新光金,533,46,487,台新-台南,2023-06-21,8159
00632R,元大台灣50反1,321,23,298,台新-台南,2023-06-21,8159
2867,三商壽,140,0,140,台新-台南,2023-06-21,8159
2352,佳世達,115,41,74,台新-台南,2023-06-21,8159
00673R,期元大S＆P原油反1,64,0,64,台新-台南,2023-06-21,8159
1815,富喬,78,14,64,台新-台南,2023-06-21,8159
2609,陽明,73,10,63,台新-台南,2023-06-21,8159
2489,瑞軒,77,16,61,台新-台南,2023-06-21,8159
2705,六福,151,95,56,台新-台南,2023-06-21,8159
2324,仁寶,143,88,55,台新-台南,2023-06-21,8159
9934,成霖,50,0,50,台新-台南,2023-06-21,8159
2615,萬海,152,104,48,台新-台南,2023-06-21,8159
2337,旺宏,51,6,45,台新-台南,2023-06-21,8159
2633,台灣高鐵,40,0,40,台新-台南,2023-06-21,8159
1504,東元,51,11,40,台新-台南,2023-06-21,8159
2211,長榮鋼,47,11,36,台新-台南,2023-06-21,8159
6117,迎廣,38,3,35,台新-台南,2023-06-21,8159
6477,安集,35,0,35,台新-台南,2023-06-21,8159
1605,華新,51,17,34,台新-台南,2023-06-21,8159
4162,智擎,31,0,31,台新-台南,2023-06-21,8159
00919,群益台灣精選高息,30,0,30,台新-台南,2023-06-21,8159
2408,南亞科,41,11,30,台新-台南,2023-06-21,8159
00637L,元大滬深300正2,30,3,27,台新-台南,2023-06-21,8159
6015,宏遠證,30,3,27,台新-台南,2023-06-21,8159
1532,勤美,25,0,25,台新-台南,2023-06-21,8159
2419,仲琦,25,0,25,台新-台南,2023-06-21,8159
2323,中環,150,125,25,台新-台南,2023-06-21,8159
5905,南仁湖,36,13,23,台新-台南,2023-06-21,8159
3047,訊舟,24,1,23,台新-台南,2023-06-21,8159
2748,雲品,95,72,23,台新-台南,2023-06-21,8159
2603,長榮,40,18,22,台新-台南,2023-06-21,8159
2230,泰茂,39,18,21,台新-台南,2023-06-21,8159
8374,羅昇,21,0,21,台新-台南,2023-06-21,8159
3105,穩懋,22,1,21,台新-台南,2023-06-21,8159
1514,亞力,37,17,20,台新-台南,2023-06-21,8159
4904,遠傳,21,1,20,台新-台南,2023-06-21,8159
2495,普安,20,0,20,台新-台南,2023-06-21,8159
2312,金寶,58,40,18,台新-台南,2023-06-21,8159
1904,正隆,24,6,18,台新-台南,2023-06-21,8159
3013,晟銘電,58,40,18,台新-台南,2023-06-21,8159
8105,凌巨,50,32,18,台新-台南,2023-06-21,8159
2897,王道銀行,40,22,18,台新-台南,2023-06-21,8159
00929,復華台灣科技優息,20,3,17,台新-台南,2023-06-21,8159
8064,東捷,16,0,16,台新-台南,2023-06-21,8159
6112,邁達特,58,42,16,台新-台南,2023-06-21,8159
5258,虹堡,67,52,15,台新-台南,2023-06-21,8159
8163,達方,15,0,15,台新-台南,2023-06-21,8159
8215,明基材,15,0,15,台新-台南,2023-06-21,8159
1802,台玻,31,16,15,台新-台南,2023-06-21,8159
00679B,元大美債20年,49,35,14,台新-台南,2023-06-21,8159
00715L,期街口布蘭特正2,348,54,294,台新-台南,2023-06-26,8159
00773B,中信優先金融債,115,0,115,台新-台南,2023-06-26,8159
6116,彩晶,131,30,101,台新-台南,2023-06-26,8159
2002,中鋼,83,0,83,台新-台南,2023-06-26,8159
2897,王道銀行,81,0,81,台新-台南,2023-06-26,8159
1616,億泰,80,2,78,台新-台南,2023-06-26,8159
2409,友達,109,33,76,台新-台南,2023-06-26,8159
2610,華航,146,71,75,台新-台南,2023-06-26,8159
2344,華邦電,84,13,71,台新-台南,2023-06-26,8159
2489,瑞軒,69,1,68,台新-台南,2023-06-26,8159
3022,威強電,64,2,62,台新-台南,2023-06-26,8159
3032,偉訓,73,14,59,台新-台南,2023-06-26,8159
00712,復華富時不動產,84,28,56,台新-台南,2023-06-26,8159
6203,海韻電,62,8,54,台新-台南,2023-06-26,8159
3481,群創,137,84,53,台新-台南,2023-06-26,8159
3231,緯創,138,90,48,台新-台南,2023-06-26,8159
6125,廣運,129,83,46,台新-台南,2023-06-26,8159
1802,台玻,50,6,44,台新-台南,2023-06-26,8159
4967,十銓,57,14,43,台新-台南,2023-06-26,8159
2356,英業達,65,24,41,台新-台南,2023-06-26,8159
4916,事欣科,63,24,39,台新-台南,2023-06-26,8159
00642U,期元大S＆P石油,38,0,38,台新-台南,2023-06-26,8159
1605,華新,71,33,38,台新-台南,2023-06-26,8159
3706,神達,84,51,33,台新-台南,2023-06-26,8159
2882,國泰金,31,0,31,台新-台南,2023-06-26,8159
1806,冠軍,32,4,28,台新-台南,2023-06-26,8159
2312,金寶,41,16,25,台新-台南,2023-06-26,8159
2017,官田鋼,24,0,24,台新-台南,2023-06-26,8159
00706L,期元大S＆P日圓正2,24,0,24,台新-台南,2023-06-26,8159
6244,茂迪,29,5,24,台新-台南,2023-06-26,8159
6243,迅杰,34,10,24,台新-台南,2023-06-26,8159
2883,凱基金,22,0,22,台新-台南,2023-06-26,8159
2913,農林,36,14,22,台新-台南,2023-06-26,8159
2705,六福,85,64,21,台新-台南,2023-06-26,8159
3005,神基,28,7,21,台新-台南,2023-06-26,8159
00929,復華台灣科技優息,31,11,20,台新-台南,2023-06-26,8159
2337,旺宏,19,0,19,台新-台南,2023-06-26,8159
2201,裕隆,22,4,18,台新-台南,2023-06-26,8159
3037,欣興,38,22,16,台新-台南,2023-06-26,8159
2889,國票金,16,0,16,台新-台南,2023-06-26,8159
2834,臺企銀,16,0,16,台新-台南,2023-06-26,8159
2308,台達電,17,1,16,台新-台南,2023-06-26,8159
5007,三星,15,0,15,台新-台南,2023-06-26,8159
912000,晨訊科-DR,15,0,15,台新-台南,2023-06-26,8159
2501,國建,14,0,14,台新-台南,2023-06-26,8159
00713,元大台灣高息低波,14,0,14,台新-台南,2023-06-26,8159
6282,康舒,55,42,13,台新-台南,2023-06-26,8159
3515,華擎,22,9,13,台新-台南,2023-06-26,8159
6129,普誠,13,1,12,台新-台南,2023-06-26,8159
00908,富邦入息REITs+,12,0,12,台新-台南,2023-06-26,8159
2888,新光金,509,12,497,台新-台南,2023-06-27,8159
2618,長榮航,656,393,263,台新-台南,2023-06-27,8159
6188,廣明,140,38,102,台新-台南,2023-06-27,8159
00773B,中信優先金融債,95,0,95,台新-台南,2023-06-27,8159
2303,聯電,95,9,86,台新-台南,2023-06-27,8159
2365,昆盈,101,28,73,台新-台南,2023-06-27,8159
5512,力麒,68,1,67,台新-台南,2023-06-27,8159
00680L,元大美債20正2,65,0,65,台新-台南,2023-06-27,8159
00929,復華台灣科技優息,70,8,62,台新-台南,2023-06-27,8159
3231,緯創,104,45,59,台新-台南,2023-06-27,8159
00878,國泰永續高股息,203,145,58,台新-台南,2023-06-27,8159
2801,彰銀,52,0,52,台新-台南,2023-06-27,8159
0056,元大高股息,90,39,51,台新-台南,2023-06-27,8159
00902,中信電池及儲能,51,0,51,台新-台南,2023-06-27,8159
2882,國泰金,51,1,50,台新-台南,2023-06-27,8159
00637L,元大滬深300正2,50,1,49,台新-台南,2023-06-27,8159
2340,台亞,133,87,46,台新-台南,2023-06-27,8159
00885,富邦越南,43,1,42,台新-台南,2023-06-27,8159
2344,華邦電,56,16,40,台新-台南,2023-06-27,8159
3380,明泰,40,2,38,台新-台南,2023-06-27,8159
3481,群創,196,158,38,台新-台南,2023-06-27,8159
6116,彩晶,62,25,37,台新-台南,2023-06-27,8159
2409,友達,47,12,35,台新-台南,2023-06-27,8159
3062,建漢,31,0,31,台新-台南,2023-06-27,8159
00665L,富邦�琤肭磪囓�2,40,11,29,台新-台南,2023-06-27,8159
1301,台塑,28,0,28,台新-台南,2023-06-27,8159
3028,增你強,29,1,28,台新-台南,2023-06-27,8159
1603,華電,28,0,28,台新-台南,2023-06-27,8159
2427,三商電,202,175,27,台新-台南,2023-06-27,8159
6770,力積電,28,1,27,台新-台南,2023-06-27,8159
2457,飛宏,72,45,27,台新-台南,2023-06-27,8159
3032,偉訓,49,22,27,台新-台南,2023-06-27,8159
3058,立德,40,14,26,台新-台南,2023-06-27,8159
2634,漢翔,46,20,26,台新-台南,2023-06-27,8159
1605,華新,75,50,25,台新-台南,2023-06-27,8159
4543,萬在,42,18,24,台新-台南,2023-06-27,8159
2313,華通,27,4,23,台新-台南,2023-06-27,8159
2891,中信金,26,4,22,台新-台南,2023-06-27,8159
8358,金居,28,6,22,台新-台南,2023-06-27,8159
1513,中興電,94,72,22,台新-台南,2023-06-27,8159
2609,陽明,42,20,22,台新-台南,2023-06-27,8159
1540,喬福,22,0,22,台新-台南,2023-06-27,8159
00654R,富邦印度反1,22,0,22,台新-台南,2023-06-27,8159
6191,精成科,39,18,21,台新-台南,2023-06-27,8159
1907,永豐餘,54,33,21,台新-台南,2023-06-27,8159
00888,永豐台灣ESG,21,1,20,台新-台南,2023-06-27,8159
2317,鴻海,36,16,20,台新-台南,2023-06-27,8159
00751B,元大AAA至A公司債,22,2,20,台新-台南,2023-06-27,8159
2208,台船,20,0,20,台新-台南,2023-06-27,8159
2449,京元電子,42,24,18,台新-台南,2023-06-27,8159
00715L,期街口布蘭特正2,600,26,574,台新-台南,2023-06-28,8159
2882,國泰金,185,2,183,台新-台南,2023-06-28,8159
1605,華新,174,48,126,台新-台南,2023-06-28,8159
2323,中環,317,203,114,台新-台南,2023-06-28,8159
2867,三商壽,127,20,107,台新-台南,2023-06-28,8159
8476,台境*,91,0,91,台新-台南,2023-06-28,8159
3354,律勝,89,5,84,台新-台南,2023-06-28,8159
00680L,元大美債20正2,72,0,72,台新-台南,2023-06-28,8159
00642U,期元大S＆P石油,54,0,54,台新-台南,2023-06-28,8159
2103,台橡,50,0,50,台新-台南,2023-06-28,8159
1101,台泥,70,24,46,台新-台南,2023-06-28,8159
1301,台塑,45,0,45,台新-台南,2023-06-28,8159
6190,萬泰科,110,66,44,台新-台南,2023-06-28,8159
2887,台新金,43,1,42,台新-台南,2023-06-28,8159
00706L,期元大S＆P日圓正2,40,0,40,台新-台南,2023-06-28,8159
00773B,中信優先金融債,40,0,40,台新-台南,2023-06-28,8159
2409,友達,45,7,38,台新-台南,2023-06-28,8159
8085,福華,41,5,36,台新-台南,2023-06-28,8159
2609,陽明,45,10,35,台新-台南,2023-06-28,8159
1504,東元,45,13,32,台新-台南,2023-06-28,8159
3231,緯創,129,99,30,台新-台南,2023-06-28,8159
2897,王道銀行,30,0,30,台新-台南,2023-06-28,8159
8942,森鉅,30,1,29,台新-台南,2023-06-28,8159
6188,廣明,89,63,26,台新-台南,2023-06-28,8159
1609,大亞,54,28,26,台新-台南,2023-06-28,8159
3205,佰研,29,3,26,台新-台南,2023-06-28,8159
00720B,元大投資級公司債,25,0,25,台新-台南,2023-06-28,8159
2010,春源,45,20,25,台新-台南,2023-06-28,8159
3481,群創,78,54,24,台新-台南,2023-06-28,8159
2634,漢翔,49,30,19,台新-台南,2023-06-28,8159
00896,中信綠能及電動車,19,0,19,台新-台南,2023-06-28,8159
2303,聯電,21,3,18,台新-台南,2023-06-28,8159
4120,友華,18,0,18,台新-台南,2023-06-28,8159
4746,台耀,75,57,18,台新-台南,2023-06-28,8159
2457,飛宏,48,31,17,台新-台南,2023-06-28,8159
2352,佳世達,21,4,17,台新-台南,2023-06-28,8159
2888,新光金,18,1,17,台新-台南,2023-06-28,8159
1785,光洋科,17,0,17,台新-台南,2023-06-28,8159
3594,磐儀,17,0,17,台新-台南,2023-06-28,8159
3078,僑威,31,14,17,台新-台南,2023-06-28,8159
2317,鴻海,35,19,16,台新-台南,2023-06-28,8159
2467,志聖,15,0,15,台新-台南,2023-06-28,8159
3050,鈺德,15,0,15,台新-台南,2023-06-28,8159
2890,永豐金,16,1,15,台新-台南,2023-06-28,8159
1449,佳和,15,0,15,台新-台南,2023-06-28,8159
3362,先進光,17,2,15,台新-台南,2023-06-28,8159
2515,中工,45,30,15,台新-台南,2023-06-28,8159
6191,精成科,45,31,14,台新-台南,2023-06-28,8159
2301,光寶科,15,1,14,台新-台南,2023-06-28,8159
4303,信立,13,0,13,台新-台南,2023-06-28,8159
2867,三商壽,349,2,347,台新-台南,2023-06-29,8159
2618,長榮航,613,463,150,台新-台南,2023-06-29,8159
6153,嘉聯益,181,34,147,台新-台南,2023-06-29,8159
00706L,期元大S＆P日圓正2,116,0,116,台新-台南,2023-06-29,8159
2303,聯電,114,9,105,台新-台南,2023-06-29,8159
2610,華航,139,38,101,台新-台南,2023-06-29,8159
2897,王道銀行,100,0,100,台新-台南,2023-06-29,8159
2888,新光金,108,26,82,台新-台南,2023-06-29,8159
00637L,元大滬深300正2,81,2,79,台新-台南,2023-06-29,8159
4967,十銓,99,28,71,台新-台南,2023-06-29,8159
8476,台境*,72,6,66,台新-台南,2023-06-29,8159
00632R,元大台灣50反1,71,16,55,台新-台南,2023-06-29,8159
1528,恩德,60,8,52,台新-台南,2023-06-29,8159
2511,太子,50,2,48,台新-台南,2023-06-29,8159
1727,中華化,45,0,45,台新-台南,2023-06-29,8159
00753L,中信中國50正2,57,13,44,台新-台南,2023-06-29,8159
5531,鄉林,51,7,44,台新-台南,2023-06-29,8159
1605,華新,69,26,43,台新-台南,2023-06-29,8159
2887,台新金,43,4,39,台新-台南,2023-06-29,8159
2208,台船,43,4,39,台新-台南,2023-06-29,8159
3105,穩懋,40,2,38,台新-台南,2023-06-29,8159
00922,國泰台灣領袖50,35,0,35,台新-台南,2023-06-29,8159
2103,台橡,35,0,35,台新-台南,2023-06-29,8159
2609,陽明,84,51,33,台新-台南,2023-06-29,8159
2419,仲琦,167,135,32,台新-台南,2023-06-29,8159
2883,凱基金,29,2,27,台新-台南,2023-06-29,8159
3032,偉訓,48,23,25,台新-台南,2023-06-29,8159
00665L,富邦�琤肭磪囓�2,42,20,22,台新-台南,2023-06-29,8159
3022,威強電,22,0,22,台新-台南,2023-06-29,8159
6578,達邦蛋白,33,11,22,台新-台南,2023-06-29,8159
3038,全台,31,10,21,台新-台南,2023-06-29,8159
00688L,國泰20年美債正2,80,60,20,台新-台南,2023-06-29,8159
1609,大亞,51,32,19,台新-台南,2023-06-29,8159
4743,合一,20,1,19,台新-台南,2023-06-29,8159
8210,勤誠,33,16,17,台新-台南,2023-06-29,8159
4167,松瑞藥,16,0,16,台新-台南,2023-06-29,8159
8277,商丞,18,2,16,台新-台南,2023-06-29,8159
2013,中鋼構,16,0,16,台新-台南,2023-06-29,8159
2340,台亞,46,31,15,台新-台南,2023-06-29,8159
00919,群益台灣精選高息,49,34,15,台新-台南,2023-06-29,8159
1108,幸福,16,1,15,台新-台南,2023-06-29,8159
6274,台燿,15,0,15,台新-台南,2023-06-29,8159
1762,中化生,15,1,14,台新-台南,2023-06-29,8159
1101,台泥,18,4,14,台新-台南,2023-06-29,8159
5328,華容,13,0,13,台新-台南,2023-06-29,8159
2412,中華電,15,2,13,台新-台南,2023-06-29,8159
8112,至上,18,6,12,台新-台南,2023-06-29,8159
5381,合正,12,0,12,台新-台南,2023-06-29,8159
4550,長佳,16,4,12,台新-台南,2023-06-29,8159
4939,亞電,12,0,12,台新-台南,2023-06-29,8159
00680L,元大美債20正2,293,0,293,台新-台南,2023-06-30,8159
2618,長榮航,456,222,234,台新-台南,2023-06-30,8159
00688L,國泰20年美債正2,219,0,219,台新-台南,2023-06-30,8159
8277,商丞,131,2,129,台新-台南,2023-06-30,8159
3481,群創,103,15,88,台新-台南,2023-06-30,8159
3078,僑威,129,47,82,台新-台南,2023-06-30,8159
2323,中環,198,121,77,台新-台南,2023-06-30,8159
2603,長榮,202,126,76,台新-台南,2023-06-30,8159
2344,華邦電,78,4,74,台新-台南,2023-06-30,8159
6142,友勁,64,0,64,台新-台南,2023-06-30,8159
2002,中鋼,66,3,63,台新-台南,2023-06-30,8159
00679B,元大美債20年,54,0,54,台新-台南,2023-06-30,8159
3045,台灣大,53,0,53,台新-台南,2023-06-30,8159
8476,台境*,54,7,47,台新-台南,2023-06-30,8159
2303,聯電,52,8,44,台新-台南,2023-06-30,8159
6806,森崴能源,70,30,40,台新-台南,2023-06-30,8159
5531,鄉林,35,0,35,台新-台南,2023-06-30,8159
1605,華新,99,65,34,台新-台南,2023-06-30,8159
0056,元大高股息,39,7,32,台新-台南,2023-06-30,8159
00772B,中信高評級公司債,30,0,30,台新-台南,2023-06-30,8159
00687B,國泰20年美債,29,0,29,台新-台南,2023-06-30,8159
00885,富邦越南,30,1,29,台新-台南,2023-06-30,8159
2883,凱基金,51,22,29,台新-台南,2023-06-30,8159
8064,東捷,27,0,27,台新-台南,2023-06-30,8159
4967,十銓,30,3,27,台新-台南,2023-06-30,8159
3711,日月光投控,30,4,26,台新-台南,2023-06-30,8159
020022,元大電動車N,25,2,23,台新-台南,2023-06-30,8159
00696B,富邦美債20年,22,0,22,台新-台南,2023-06-30,8159
00795B,中信美國公債20年,20,0,20,台新-台南,2023-06-30,8159
2356,英業達,56,38,18,台新-台南,2023-06-30,8159
1907,永豐餘,31,13,18,台新-台南,2023-06-30,8159
8938,明安,18,0,18,台新-台南,2023-06-30,8159
3287,廣寰科,16,0,16,台新-台南,2023-06-30,8159
8271,宇瞻,21,5,16,台新-台南,2023-06-30,8159
2412,中華電,16,0,16,台新-台南,2023-06-30,8159
2867,三商壽,20,5,15,台新-台南,2023-06-30,8159
6496,科懋,15,0,15,台新-台南,2023-06-30,8159
2615,萬海,28,13,15,台新-台南,2023-06-30,8159
2885,元大金,24,10,14,台新-台南,2023-06-30,8159
3628,盈正,14,0,14,台新-台南,2023-06-30,8159
6205,詮欣,14,0,14,台新-台南,2023-06-30,8159
1219,福壽,15,1,14,台新-台南,2023-06-30,8159
2634,漢翔,17,3,14,台新-台南,2023-06-30,8159
4543,萬在,29,15,14,台新-台南,2023-06-30,8159
2352,佳世達,45,31,14,台新-台南,2023-06-30,8159
4157,太景*-KY,18,6,12,台新-台南,2023-06-30,8159
6185,幃翔,12,0,12,台新-台南,2023-06-30,8159
5258,虹堡,17,5,12,台新-台南,2023-06-30,8159
4533,協易機,12,0,12,台新-台南,2023-06-30,8159
3105,穩懋,17,6,11,台新-台南,2023-06-30,8159
2634,漢翔,147,41,106,台新-台南,2023-07-03,8159
3356,奇偶,127,36,91,台新-台南,2023-07-03,8159
4162,智擎,61,0,61,台新-台南,2023-07-03,8159
3308,聯德,60,2,58,台新-台南,2023-07-03,8159
2332,友訊,106,52,54,台新-台南,2023-07-03,8159
3231,緯創,148,98,50,台新-台南,2023-07-03,8159
1528,恩德,82,39,43,台新-台南,2023-07-03,8159
3481,群創,144,102,42,台新-台南,2023-07-03,8159
4967,十銓,44,2,42,台新-台南,2023-07-03,8159
00712,復華富時不動產,58,18,40,台新-台南,2023-07-03,8159
3051,力特,50,11,39,台新-台南,2023-07-03,8159
6142,友勁,39,1,38,台新-台南,2023-07-03,8159
2303,聯電,43,8,35,台新-台南,2023-07-03,8159
2206,三陽工業,39,6,33,台新-台南,2023-07-03,8159
2530,華建,33,0,33,台新-台南,2023-07-03,8159
00662,富邦NASDAQ,31,0,31,台新-台南,2023-07-03,8159
1710,東聯,35,4,31,台新-台南,2023-07-03,8159
2103,台橡,30,0,30,台新-台南,2023-07-03,8159
2449,京元電子,66,37,29,台新-台南,2023-07-03,8159
00673R,期元大S＆P原油反1,25,0,25,台新-台南,2023-07-03,8159
3630,新鉅科,32,11,21,台新-台南,2023-07-03,8159
8358,金居,24,3,21,台新-台南,2023-07-03,8159
00645,富邦日本,20,0,20,台新-台南,2023-07-03,8159
2867,三商壽,20,0,20,台新-台南,2023-07-03,8159
1467,南緯,20,0,20,台新-台南,2023-07-03,8159
2337,旺宏,20,0,20,台新-台南,2023-07-03,8159
3591,艾笛森,30,10,20,台新-台南,2023-07-03,8159
2105,正新,21,1,20,台新-台南,2023-07-03,8159
00885,富邦越南,24,5,19,台新-台南,2023-07-03,8159
2601,益航,18,0,18,台新-台南,2023-07-03,8159
6182,合晶,19,2,17,台新-台南,2023-07-03,8159
2010,春源,18,1,17,台新-台南,2023-07-03,8159
1795,美時,22,6,16,台新-台南,2023-07-03,8159
6245,立端,17,1,16,台新-台南,2023-07-03,8159
1727,中華化,16,0,16,台新-台南,2023-07-03,8159
4161,聿新科,16,0,16,台新-台南,2023-07-03,8159
3552,同致,15,0,15,台新-台南,2023-07-03,8159
1514,亞力,29,14,15,台新-台南,2023-07-03,8159
1313,聯成,15,0,15,台新-台南,2023-07-03,8159
3362,先進光,15,0,15,台新-台南,2023-07-03,8159
2421,建準,37,23,14,台新-台南,2023-07-03,8159
3673,TPK-KY,16,2,14,台新-台南,2023-07-03,8159
00929,復華台灣科技優息,76,62,14,台新-台南,2023-07-03,8159
4532,瑞智,24,10,14,台新-台南,2023-07-03,8159
4120,友華,13,0,13,台新-台南,2023-07-03,8159
1907,永豐餘,89,76,13,台新-台南,2023-07-03,8159
00679B,元大美債20年,21,8,13,台新-台南,2023-07-03,8159
3711,日月光投控,17,5,12,台新-台南,2023-07-03,8159
8271,宇瞻,13,1,12,台新-台南,2023-07-03,8159
2388,威盛,23,11,12,台新-台南,2023-07-03,8159
5531,鄉林,164,0,164,台新-台南,2023-07-04,8159
2634,漢翔,214,78,136,台新-台南,2023-07-04,8159
2399,映泰,140,12,128,台新-台南,2023-07-04,8159
2603,長榮,237,137,100,台新-台南,2023-07-04,8159
2332,友訊,109,9,100,台新-台南,2023-07-04,8159
2615,萬海,192,117,75,台新-台南,2023-07-04,8159
2515,中工,72,5,67,台新-台南,2023-07-04,8159
4906,正文,69,6,63,台新-台南,2023-07-04,8159
3308,聯德,67,9,58,台新-台南,2023-07-04,8159
2317,鴻海,101,44,57,台新-台南,2023-07-04,8159
1440,南紡,55,0,55,台新-台南,2023-07-04,8159
6282,康舒,192,147,45,台新-台南,2023-07-04,8159
00679B,元大美債20年,44,0,44,台新-台南,2023-07-04,8159
1605,華新,70,26,44,台新-台南,2023-07-04,8159
1785,光洋科,46,2,44,台新-台南,2023-07-04,8159
3025,星通,133,98,35,台新-台南,2023-07-04,8159
9955,佳龍,30,0,30,台新-台南,2023-07-04,8159
2885,元大金,28,0,28,台新-台南,2023-07-04,8159
3532,台勝科,33,7,26,台新-台南,2023-07-04,8159
6220,岳豐,26,0,26,台新-台南,2023-07-04,8159
6188,廣明,80,54,26,台新-台南,2023-07-04,8159
2610,華航,65,39,26,台新-台南,2023-07-04,8159
3512,皇龍,25,0,25,台新-台南,2023-07-04,8159
1454,台富,29,4,25,台新-台南,2023-07-04,8159
2449,京元電子,42,18,24,台新-台南,2023-07-04,8159
2030,彰源,23,0,23,台新-台南,2023-07-04,8159
2888,新光金,38,15,23,台新-台南,2023-07-04,8159
6506,雙邦,22,0,22,台新-台南,2023-07-04,8159
2353,宏��,26,4,22,台新-台南,2023-07-04,8159
8050,廣積,33,12,21,台新-台南,2023-07-04,8159
00687B,國泰20年美債,21,1,20,台新-台南,2023-07-04,8159
00696B,富邦美債20年,20,0,20,台新-台南,2023-07-04,8159
1533,車王電,29,9,20,台新-台南,2023-07-04,8159
8358,金居,22,3,19,台新-台南,2023-07-04,8159
1522,堤維西,35,16,19,台新-台南,2023-07-04,8159
2002,中鋼,20,1,19,台新-台南,2023-07-04,8159
2421,建準,71,53,18,台新-台南,2023-07-04,8159
3707,漢磊,21,3,18,台新-台南,2023-07-04,8159
2329,華泰,101,84,17,台新-台南,2023-07-04,8159
6550,北極星藥業-KY,19,2,17,台新-台南,2023-07-04,8159
8476,台境*,19,2,17,台新-台南,2023-07-04,8159
3372,典範,23,6,17,台新-台南,2023-07-04,8159
8426,紅木-KY,17,0,17,台新-台南,2023-07-04,8159
6122,擎邦,29,13,16,台新-台南,2023-07-04,8159
4526,東台,22,6,16,台新-台南,2023-07-04,8159
2427,三商電,37,21,16,台新-台南,2023-07-04,8159
2371,大同,54,38,16,台新-台南,2023-07-04,8159
6112,邁達特,52,37,15,台新-台南,2023-07-04,8159
6108,競國,15,0,15,台新-台南,2023-07-04,8159
00715L,期街口布蘭特正2,29,14,15,台新-台南,2023-07-04,8159
2609,陽明,863,646,217,台新-台南,2023-07-05,8159
2634,漢翔,278,65,213,台新-台南,2023-07-05,8159
00878,國泰永續高股息,202,59,143,台新-台南,2023-07-05,8159
0056,元大高股息,167,33,134,台新-台南,2023-07-05,8159
00673R,期元大S＆P原油反1,127,0,127,台新-台南,2023-07-05,8159
3231,緯創,203,102,101,台新-台南,2023-07-05,8159
2356,英業達,357,280,77,台新-台南,2023-07-05,8159
1454,台富,70,0,70,台新-台南,2023-07-05,8159
2460,建通,72,7,65,台新-台南,2023-07-05,8159
2883,凱基金,77,12,65,台新-台南,2023-07-05,8159
1605,華新,78,20,58,台新-台南,2023-07-05,8159
2618,長榮航,687,629,58,台新-台南,2023-07-05,8159
8150,南茂,85,29,56,台新-台南,2023-07-05,8159
2845,遠東銀,52,0,52,台新-台南,2023-07-05,8159
2801,彰銀,51,0,51,台新-台南,2023-07-05,8159
00924,復華S＆P500成長,50,0,50,台新-台南,2023-07-05,8159
00882,中信中國高股息,47,0,47,台新-台南,2023-07-05,8159
8222,寶一,48,3,45,台新-台南,2023-07-05,8159
2427,三商電,89,45,44,台新-台南,2023-07-05,8159
00922,國泰台灣領袖50,47,6,41,台新-台南,2023-07-05,8159
1440,南紡,41,0,41,台新-台南,2023-07-05,8159
00706L,期元大S＆P日圓正2,41,0,41,台新-台南,2023-07-05,8159
5220,萬達光電,40,0,40,台新-台南,2023-07-05,8159
3025,星通,41,4,37,台新-台南,2023-07-05,8159
2312,金寶,39,5,34,台新-台南,2023-07-05,8159
1314,中石化,34,1,33,台新-台南,2023-07-05,8159
2376,技嘉,66,34,32,台新-台南,2023-07-05,8159
3372,典範,34,2,32,台新-台南,2023-07-05,8159
2317,鴻海,42,11,31,台新-台南,2023-07-05,8159
2369,菱生,33,2,31,台新-台南,2023-07-05,8159
8429,金麗-KY,31,0,31,台新-台南,2023-07-05,8159
2610,華航,126,96,30,台新-台南,2023-07-05,8159
3532,台勝科,32,2,30,台新-台南,2023-07-05,8159
2393,億光,61,32,29,台新-台南,2023-07-05,8159
3032,偉訓,38,9,29,台新-台南,2023-07-05,8159
3707,漢磊,33,5,28,台新-台南,2023-07-05,8159
3078,僑威,57,29,28,台新-台南,2023-07-05,8159
2887,台新金,32,5,27,台新-台南,2023-07-05,8159
2363,矽統,30,3,27,台新-台南,2023-07-05,8159
8358,金居,34,7,27,台新-台南,2023-07-05,8159
2017,官田鋼,27,0,27,台新-台南,2023-07-05,8159
5258,虹堡,32,6,26,台新-台南,2023-07-05,8159
4106,雃博,25,0,25,台新-台南,2023-07-05,8159
4960,誠美材,27,4,23,台新-台南,2023-07-05,8159
3706,神達,100,77,23,台新-台南,2023-07-05,8159
6122,擎邦,29,7,22,台新-台南,2023-07-05,8159
9907,統一實,22,0,22,台新-台南,2023-07-05,8159
6163,華電網,22,2,20,台新-台南,2023-07-05,8159
020022,元大電動車N,20,0,20,台新-台南,2023-07-05,8159
2867,三商壽,19,0,19,台新-台南,2023-07-05,8159
00680L,元大美債20正2,325,6,319,台新-台南,2023-07-06,8159
00688L,國泰20年美債正2,226,0,226,台新-台南,2023-07-06,8159
00929,復華台灣科技優息,121,21,100,台新-台南,2023-07-06,8159
00673R,期元大S＆P原油反1,90,0,90,台新-台南,2023-07-06,8159
5009,榮剛,117,30,87,台新-台南,2023-07-06,8159
2323,中環,110,25,85,台新-台南,2023-07-06,8159
1440,南紡,85,0,85,台新-台南,2023-07-06,8159
1454,台富,83,0,83,台新-台南,2023-07-06,8159
2883,凱基金,124,47,77,台新-台南,2023-07-06,8159
2887,台新金,89,17,72,台新-台南,2023-07-06,8159
0056,元大高股息,92,26,66,台新-台南,2023-07-06,8159
8064,東捷,62,1,61,台新-台南,2023-07-06,8159
8215,明基材,119,58,61,台新-台南,2023-07-06,8159
2317,鴻海,72,16,56,台新-台南,2023-07-06,8159
2460,建通,61,8,53,台新-台南,2023-07-06,8159
3363,上詮,105,57,48,台新-台南,2023-07-06,8159
00679B,元大美債20年,48,1,47,台新-台南,2023-07-06,8159
2329,華泰,64,20,44,台新-台南,2023-07-06,8159
6282,康舒,87,44,43,台新-台南,2023-07-06,8159
00720B,元大投資級公司債,43,1,42,台新-台南,2023-07-06,8159
2913,農林,40,1,39,台新-台南,2023-07-06,8159
00882,中信中國高股息,39,0,39,台新-台南,2023-07-06,8159
2618,長榮航,305,266,39,台新-台南,2023-07-06,8159
5905,南仁湖,36,0,36,台新-台南,2023-07-06,8159
2002,中鋼,37,1,36,台新-台南,2023-07-06,8159
4121,優盛,37,2,35,台新-台南,2023-07-06,8159
4162,智擎,37,2,35,台新-台南,2023-07-06,8159
4566,時碩工業,59,24,35,台新-台南,2023-07-06,8159
2891,中信金,35,1,34,台新-台南,2023-07-06,8159
2885,元大金,34,0,34,台新-台南,2023-07-06,8159
3032,偉訓,36,3,33,台新-台南,2023-07-06,8159
3037,欣興,66,36,30,台新-台南,2023-07-06,8159
3090,日電貿,30,0,30,台新-台南,2023-07-06,8159
1338,廣華-KY,30,0,30,台新-台南,2023-07-06,8159
5220,萬達光電,30,0,30,台新-台南,2023-07-06,8159
00641R,富邦日本反1,29,0,29,台新-台南,2023-07-06,8159
4967,十銓,37,9,28,台新-台南,2023-07-06,8159
00712,復華富時不動產,41,14,27,台新-台南,2023-07-06,8159
00902,中信電池及儲能,26,0,26,台新-台南,2023-07-06,8159
2801,彰銀,25,0,25,台新-台南,2023-07-06,8159
00730,富邦臺灣優質高息,25,0,25,台新-台南,2023-07-06,8159
1301,台塑,29,4,25,台新-台南,2023-07-06,8159
2382,廣達,80,55,25,台新-台南,2023-07-06,8159
2633,台灣高鐵,24,0,24,台新-台南,2023-07-06,8159
2419,仲琦,53,29,24,台新-台南,2023-07-06,8159
00665L,富邦�琤肭磪囓�2,52,29,23,台新-台南,2023-07-06,8159
3105,穩懋,33,10,23,台新-台南,2023-07-06,8159
3056,富華新,24,2,22,台新-台南,2023-07-06,8159
2405,輔信,29,7,22,台新-台南,2023-07-06,8159
00654R,富邦印度反1,25,3,22,台新-台南,2023-07-06,8159
00929,復華台灣科技優息,312,69,243,台新-台南,2023-07-07,8159
00632R,元大台灣50反1,372,146,226,台新-台南,2023-07-07,8159
00680L,元大美債20正2,140,0,140,台新-台南,2023-07-07,8159
2888,新光金,110,11,99,台新-台南,2023-07-07,8159
00688L,國泰20年美債正2,95,0,95,台新-台南,2023-07-07,8159
00878,國泰永續高股息,179,85,94,台新-台南,2023-07-07,8159
2409,友達,93,5,88,台新-台南,2023-07-07,8159
2338,光罩,85,5,80,台新-台南,2023-07-07,8159
2356,英業達,106,32,74,台新-台南,2023-07-07,8159
00679B,元大美債20年,73,2,71,台新-台南,2023-07-07,8159
00795B,中信美國公債20年,70,0,70,台新-台南,2023-07-07,8159
3231,緯創,352,284,68,台新-台南,2023-07-07,8159
2344,華邦電,61,3,58,台新-台南,2023-07-07,8159
2002,中鋼,53,0,53,台新-台南,2023-07-07,8159
00706L,期元大S＆P日圓正2,55,2,53,台新-台南,2023-07-07,8159
2887,台新金,77,24,53,台新-台南,2023-07-07,8159
2241,艾姆勒,50,0,50,台新-台南,2023-07-07,8159
00673R,期元大S＆P原油反1,46,0,46,台新-台南,2023-07-07,8159
1905,華紙,53,9,44,台新-台南,2023-07-07,8159
1454,台富,40,0,40,台新-台南,2023-07-07,8159
2401,凌陽,57,21,36,台新-台南,2023-07-07,8159
00720B,元大投資級公司債,42,6,36,台新-台南,2023-07-07,8159
1101,台泥,36,1,35,台新-台南,2023-07-07,8159
00882,中信中國高股息,34,0,34,台新-台南,2023-07-07,8159
1504,東元,35,3,32,台新-台南,2023-07-07,8159
2498,宏達電,26,0,26,台新-台南,2023-07-07,8159
6188,廣明,35,9,26,台新-台南,2023-07-07,8159
00751B,元大AAA至A公司債,27,2,25,台新-台南,2023-07-07,8159
2515,中工,35,10,25,台新-台南,2023-07-07,8159
2460,建通,87,62,25,台新-台南,2023-07-07,8159
2890,永豐金,27,2,25,台新-台南,2023-07-07,8159
2881,富邦金,27,3,24,台新-台南,2023-07-07,8159
3062,建漢,24,0,24,台新-台南,2023-07-07,8159
2359,所羅門,46,22,24,台新-台南,2023-07-07,8159
6462,神盾,55,31,24,台新-台南,2023-07-07,8159
2376,技嘉,39,16,23,台新-台南,2023-07-07,8159
2352,佳世達,27,5,22,台新-台南,2023-07-07,8159
2889,國票金,22,0,22,台新-台南,2023-07-07,8159
4967,十銓,32,10,22,台新-台南,2023-07-07,8159
2302,麗正,20,0,20,台新-台南,2023-07-07,8159
6443,元晶,23,3,20,台新-台南,2023-07-07,8159
00897,富邦基因免疫生技,20,0,20,台新-台南,2023-07-07,8159
2365,昆盈,20,0,20,台新-台南,2023-07-07,8159
2417,圓剛,20,0,20,台新-台南,2023-07-07,8159
5498,凱崴,20,0,20,台新-台南,2023-07-07,8159
5314,世紀,20,0,20,台新-台南,2023-07-07,8159
1440,南紡,20,0,20,台新-台南,2023-07-07,8159
3037,欣興,60,40,20,台新-台南,2023-07-07,8159
5243,乙盛-KY,20,1,19,台新-台南,2023-07-07,8159
2457,飛宏,36,17,19,台新-台南,2023-07-07,8159
4162,智擎,112,1,111,台新-台南,2023-07-10,8159
2337,旺宏,96,1,95,台新-台南,2023-07-10,8159
00929,復華台灣科技優息,147,57,90,台新-台南,2023-07-10,8159
00679B,元大美債20年,86,1,85,台新-台南,2023-07-10,8159
00673R,期元大S＆P原油反1,75,0,75,台新-台南,2023-07-10,8159
9105,泰金寶-DR,63,0,63,台新-台南,2023-07-10,8159
00688L,國泰20年美債正2,61,0,61,台新-台南,2023-07-10,8159
2323,中環,224,164,60,台新-台南,2023-07-10,8159
2609,陽明,117,62,55,台新-台南,2023-07-10,8159
2618,長榮航,118,64,54,台新-台南,2023-07-10,8159
6285,啟��,139,85,54,台新-台南,2023-07-10,8159
2104,國際中橡,51,0,51,台新-台南,2023-07-10,8159
1440,南紡,50,0,50,台新-台南,2023-07-10,8159
6016,康和證,59,10,49,台新-台南,2023-07-10,8159
3018,隆銘綠能,48,0,48,台新-台南,2023-07-10,8159
2342,茂矽,53,7,46,台新-台南,2023-07-10,8159
4532,瑞智,168,125,43,台新-台南,2023-07-10,8159
1101,台泥,45,3,42,台新-台南,2023-07-10,8159
2371,大同,78,40,38,台新-台南,2023-07-10,8159
3232,昱捷,34,0,34,台新-台南,2023-07-10,8159
1539,巨庭,34,0,34,台新-台南,2023-07-10,8159
1907,永豐餘,32,0,32,台新-台南,2023-07-10,8159
2913,農林,32,0,32,台新-台南,2023-07-10,8159
1444,力麗,32,0,32,台新-台南,2023-07-10,8159
00720B,元大投資級公司債,32,0,32,台新-台南,2023-07-10,8159
2374,佳能,31,0,31,台新-台南,2023-07-10,8159
00882,中信中國高股息,30,0,30,台新-台南,2023-07-10,8159
6122,擎邦,34,5,29,台新-台南,2023-07-10,8159
1789,神隆,32,4,28,台新-台南,2023-07-10,8159
2338,光罩,30,2,28,台新-台南,2023-07-10,8159
0056,元大高股息,49,22,27,台新-台南,2023-07-10,8159
2615,萬海,32,6,26,台新-台南,2023-07-10,8159
2855,統一證,26,0,26,台新-台南,2023-07-10,8159
2481,強茂,41,16,25,台新-台南,2023-07-10,8159
4533,協易機,31,6,25,台新-台南,2023-07-10,8159
1338,廣華-KY,24,0,24,台新-台南,2023-07-10,8159
4543,萬在,28,4,24,台新-台南,2023-07-10,8159
2392,正崴,23,0,23,台新-台南,2023-07-10,8159
3231,緯創,196,174,22,台新-台南,2023-07-10,8159
2468,華經,22,0,22,台新-台南,2023-07-10,8159
00687B,國泰20年美債,22,0,22,台新-台南,2023-07-10,8159
1301,台塑,21,0,21,台新-台南,2023-07-10,8159
2417,圓剛,20,0,20,台新-台南,2023-07-10,8159
2547,日勝生,20,0,20,台新-台南,2023-07-10,8159
5314,世紀,20,0,20,台新-台南,2023-07-10,8159
2634,漢翔,25,5,20,台新-台南,2023-07-10,8159
6770,力積電,21,2,19,台新-台南,2023-07-10,8159
2489,瑞軒,21,3,18,台新-台南,2023-07-10,8159
1522,堤維西,23,5,18,台新-台南,2023-07-10,8159
2317,鴻海,21,3,18,台新-台南,2023-07-10,8159
9919,康那香,233,20,213,台新-台南,2023-07-11,8159
00632R,元大台灣50反1,187,20,167,台新-台南,2023-07-11,8159
2610,華航,313,199,114,台新-台南,2023-07-11,8159
4532,瑞智,152,45,107,台新-台南,2023-07-11,8159
5519,隆大,101,0,101,台新-台南,2023-07-11,8159
2323,中環,414,313,101,台新-台南,2023-07-11,8159
8476,台境*,67,0,67,台新-台南,2023-07-11,8159
9105,泰金寶-DR,63,0,63,台新-台南,2023-07-11,8159
2340,台亞,137,89,48,台新-台南,2023-07-11,8159
8105,凌巨,50,2,48,台新-台南,2023-07-11,8159
00772B,中信高評級公司債,50,3,47,台新-台南,2023-07-11,8159
3058,立德,51,6,45,台新-台南,2023-07-11,8159
1514,亞力,69,28,41,台新-台南,2023-07-11,8159
3046,建��,43,5,38,台新-台南,2023-07-11,8159
2883,凱基金,46,10,36,台新-台南,2023-07-11,8159
00637L,元大滬深300正2,36,0,36,台新-台南,2023-07-11,8159
4526,東台,44,11,33,台新-台南,2023-07-11,8159
2338,光罩,38,5,33,台新-台南,2023-07-11,8159
00882,中信中國高股息,46,13,33,台新-台南,2023-07-11,8159
00905,FT臺灣Smart,32,0,32,台新-台南,2023-07-11,8159
00673R,期元大S＆P原油反1,32,0,32,台新-台南,2023-07-11,8159
8049,晶采,36,6,30,台新-台南,2023-07-11,8159
5314,世紀,30,0,30,台新-台南,2023-07-11,8159
3025,星通,89,60,29,台新-台南,2023-07-11,8159
2371,大同,110,81,29,台新-台南,2023-07-11,8159
3162,精確,29,1,28,台新-台南,2023-07-11,8159
1101,台泥,44,16,28,台新-台南,2023-07-11,8159
3013,晟銘電,34,8,26,台新-台南,2023-07-11,8159
4934,太極,94,69,25,台新-台南,2023-07-11,8159
3380,明泰,26,2,24,台新-台南,2023-07-11,8159
6179,亞通,30,6,24,台新-台南,2023-07-11,8159
2882,國泰金,23,0,23,台新-台南,2023-07-11,8159
2460,建通,24,1,23,台新-台南,2023-07-11,8159
3232,昱捷,22,0,22,台新-台南,2023-07-11,8159
8050,廣積,24,2,22,台新-台南,2023-07-11,8159
2457,飛宏,51,30,21,台新-台南,2023-07-11,8159
2354,鴻準,21,0,21,台新-台南,2023-07-11,8159
3707,漢磊,49,29,20,台新-台南,2023-07-11,8159
3016,嘉晶,26,6,20,台新-台南,2023-07-11,8159
1589,永冠-KY,20,0,20,台新-台南,2023-07-11,8159
00929,復華台灣科技優息,87,68,19,台新-台南,2023-07-11,8159
1752,南光,20,1,19,台新-台南,2023-07-11,8159
2302,麗正,20,1,19,台新-台南,2023-07-11,8159
3055,蔚華科,19,0,19,台新-台南,2023-07-11,8159
4967,十銓,29,11,18,台新-台南,2023-07-11,8159
6288,聯嘉,27,9,18,台新-台南,2023-07-11,8159
3652,精聯,17,0,17,台新-台南,2023-07-11,8159
2002,中鋼,16,0,16,台新-台南,2023-07-11,8159
2201,裕隆,17,1,16,台新-台南,2023-07-11,8159
1905,華紙,17,1,16,台新-台南,2023-07-11,8159
2618,長榮航,406,191,215,台新-台南,2023-07-12,8159
2312,金寶,150,26,124,台新-台南,2023-07-12,8159
2329,華泰,105,2,103,台新-台南,2023-07-12,8159
2409,友達,100,1,99,台新-台南,2023-07-12,8159
00673R,期元大S＆P原油反1,85,0,85,台新-台南,2023-07-12,8159
3062,建漢,79,0,79,台新-台南,2023-07-12,8159
2356,英業達,343,265,78,台新-台南,2023-07-12,8159
1440,南紡,75,0,75,台新-台南,2023-07-12,8159
2338,光罩,73,0,73,台新-台南,2023-07-12,8159
2609,陽明,180,108,72,台新-台南,2023-07-12,8159
2603,長榮,93,29,64,台新-台南,2023-07-12,8159
2303,聯電,73,10,63,台新-台南,2023-07-12,8159
00929,復華台灣科技優息,95,34,61,台新-台南,2023-07-12,8159
3114,好德,45,0,45,台新-台南,2023-07-12,8159
00632R,元大台灣50反1,82,38,44,台新-台南,2023-07-12,8159
2834,臺企銀,48,8,40,台新-台南,2023-07-12,8159
2486,一詮,71,34,37,台新-台南,2023-07-12,8159
00679B,元大美債20年,39,5,34,台新-台南,2023-07-12,8159
3481,群創,45,12,33,台新-台南,2023-07-12,8159
6548,長科*,37,5,32,台新-台南,2023-07-12,8159
00773B,中信優先金融債,32,0,32,台新-台南,2023-07-12,8159
00680L,元大美債20正2,41,10,31,台新-台南,2023-07-12,8159
2371,大同,94,63,31,台新-台南,2023-07-12,8159
2634,漢翔,33,3,30,台新-台南,2023-07-12,8159
2002,中鋼,30,1,29,台新-台南,2023-07-12,8159
2481,強茂,97,68,29,台新-台南,2023-07-12,8159
00882,中信中國高股息,28,0,28,台新-台南,2023-07-12,8159
6139,亞翔,43,15,28,台新-台南,2023-07-12,8159
2610,華航,179,152,27,台新-台南,2023-07-12,8159
9904,寶成,26,0,26,台新-台南,2023-07-12,8159
1301,台塑,24,1,23,台新-台南,2023-07-12,8159
1104,環泥,23,1,22,台新-台南,2023-07-12,8159
8092,建暐,25,3,22,台新-台南,2023-07-12,8159
1504,東元,34,12,22,台新-台南,2023-07-12,8159
3027,盛達,24,2,22,台新-台南,2023-07-12,8159
6016,康和證,21,0,21,台新-台南,2023-07-12,8159
6116,彩晶,24,3,21,台新-台南,2023-07-12,8159
3624,光頡,22,1,21,台新-台南,2023-07-12,8159
4173,久裕,21,0,21,台新-台南,2023-07-12,8159
2881,富邦金,43,23,20,台新-台南,2023-07-12,8159
2420,新巨,20,0,20,台新-台南,2023-07-12,8159
2323,中環,65,45,20,台新-台南,2023-07-12,8159
2365,昆盈,20,0,20,台新-台南,2023-07-12,8159
8046,南電,26,8,18,台新-台南,2023-07-12,8159
2421,建準,32,14,18,台新-台南,2023-07-12,8159
00720B,元大投資級公司債,19,1,18,台新-台南,2023-07-12,8159
3374,精材,22,4,18,台新-台南,2023-07-12,8159
1101,台泥,25,7,18,台新-台南,2023-07-12,8159
6282,康舒,69,52,17,台新-台南,2023-07-12,8159
6290,良維,18,1,17,台新-台南,2023-07-12,8159
2618,長榮航,720,85,635,台新-台南,2023-07-13,8159
1101,台泥,413,6,407,台新-台南,2023-07-13,8159
00632R,元大台灣50反1,405,83,322,台新-台南,2023-07-13,8159
00930,永豐ESG低碳高息,187,0,187,台新-台南,2023-07-13,8159
2105,正新,157,2,155,台新-台南,2023-07-13,8159
3231,緯創,242,151,91,台新-台南,2023-07-13,8159
4906,正文,109,19,90,台新-台南,2023-07-13,8159
00673R,期元大S＆P原油反1,87,10,77,台新-台南,2023-07-13,8159
1609,大亞,131,56,75,台新-台南,2023-07-13,8159
2329,華泰,202,133,69,台新-台南,2023-07-13,8159
6548,長科*,70,4,66,台新-台南,2023-07-13,8159
2606,裕民,62,0,62,台新-台南,2023-07-13,8159
1603,華電,60,0,60,台新-台南,2023-07-13,8159
00676R,富邦臺灣加權反1,50,0,50,台新-台南,2023-07-13,8159
3682,亞太電,50,0,50,台新-台南,2023-07-13,8159
3035,智原,98,51,47,台新-台南,2023-07-13,8159
2610,華航,160,119,41,台新-台南,2023-07-13,8159
2542,興富發,42,1,41,台新-台南,2023-07-13,8159
2515,中工,60,23,37,台新-台南,2023-07-13,8159
2303,聯電,48,12,36,台新-台南,2023-07-13,8159
2399,映泰,46,13,33,台新-台南,2023-07-13,8159
2340,台亞,55,22,33,台新-台南,2023-07-13,8159
2332,友訊,35,3,32,台新-台南,2023-07-13,8159
00679B,元大美債20年,40,8,32,台新-台南,2023-07-13,8159
1108,幸福,33,2,31,台新-台南,2023-07-13,8159
2880,華南金,31,1,30,台新-台南,2023-07-13,8159
2419,仲琦,83,53,30,台新-台南,2023-07-13,8159
4173,久裕,31,1,30,台新-台南,2023-07-13,8159
1440,南紡,30,2,28,台新-台南,2023-07-13,8159
1905,華紙,43,15,28,台新-台南,2023-07-13,8159
4746,台耀,35,7,28,台新-台南,2023-07-13,8159
2460,建通,31,5,26,台新-台南,2023-07-13,8159
3581,博磊,25,0,25,台新-台南,2023-07-13,8159
2885,元大金,25,0,25,台新-台南,2023-07-13,8159
2609,陽明,131,107,24,台新-台南,2023-07-13,8159
5009,榮剛,27,3,24,台新-台南,2023-07-13,8159
00662,富邦NASDAQ,23,0,23,台新-台南,2023-07-13,8159
3591,艾笛森,23,0,23,台新-台南,2023-07-13,8159
1714,和桐,22,0,22,台新-台南,2023-07-13,8159
00772B,中信高評級公司債,26,4,22,台新-台南,2023-07-13,8159
3025,星通,55,33,22,台新-台南,2023-07-13,8159
2417,圓剛,21,0,21,台新-台南,2023-07-13,8159
00645,富邦日本,20,0,20,台新-台南,2023-07-13,8159
5258,虹堡,46,27,19,台新-台南,2023-07-13,8159
2614,東森,21,2,19,台新-台南,2023-07-13,8159
6142,友勁,18,0,18,台新-台南,2023-07-13,8159
2324,仁寶,84,66,18,台新-台南,2023-07-13,8159
2436,偉詮電,39,21,18,台新-台南,2023-07-13,8159
2601,益航,16,0,16,台新-台南,2023-07-13,8159
4533,協易機,70,54,16,台新-台南,2023-07-13,8159
2618,長榮航,1367,151,1216,台新-台南,2023-07-14,8159
2105,正新,430,1,429,台新-台南,2023-07-14,8159
00673R,期元大S＆P原油反1,166,1,165,台新-台南,2023-07-14,8159
2312,金寶,183,24,159,台新-台南,2023-07-14,8159
2356,英業達,390,231,159,台新-台南,2023-07-14,8159
00632R,元大台灣50反1,264,125,139,台新-台南,2023-07-14,8159
00885,富邦越南,149,40,109,台新-台南,2023-07-14,8159
2401,凌陽,118,9,109,台新-台南,2023-07-14,8159
1101,台泥,112,14,98,台新-台南,2023-07-14,8159
2376,技嘉,164,86,78,台新-台南,2023-07-14,8159
9919,康那香,77,0,77,台新-台南,2023-07-14,8159
2103,台橡,72,0,72,台新-台南,2023-07-14,8159
00882,中信中國高股息,68,0,68,台新-台南,2023-07-14,8159
2371,大同,111,44,67,台新-台南,2023-07-14,8159
3033,威健,87,22,65,台新-台南,2023-07-14,8159
2634,漢翔,66,3,63,台新-台南,2023-07-14,8159
2610,華航,332,273,59,台新-台南,2023-07-14,8159
2355,敬鵬,69,11,58,台新-台南,2023-07-14,8159
1454,台富,58,0,58,台新-台南,2023-07-14,8159
5426,振發,62,6,56,台新-台南,2023-07-14,8159
6217,中探針,54,3,51,台新-台南,2023-07-14,8159
3591,艾笛森,50,0,50,台新-台南,2023-07-14,8159
00720B,元大投資級公司債,49,0,49,台新-台南,2023-07-14,8159
3481,群創,106,58,48,台新-台南,2023-07-14,8159
3707,漢磊,48,2,46,台新-台南,2023-07-14,8159
00929,復華台灣科技優息,79,34,45,台新-台南,2023-07-14,8159
2601,益航,48,3,45,台新-台南,2023-07-14,8159
5465,富驊,89,44,45,台新-台南,2023-07-14,8159
3363,上詮,88,44,44,台新-台南,2023-07-14,8159
1609,大亞,163,119,44,台新-台南,2023-07-14,8159
3032,偉訓,66,30,36,台新-台南,2023-07-14,8159
00753L,中信中國50正2,42,7,35,台新-台南,2023-07-14,8159
1784,訊聯,32,0,32,台新-台南,2023-07-14,8159
2382,廣達,194,163,31,台新-台南,2023-07-14,8159
1603,華電,30,0,30,台新-台南,2023-07-14,8159
1905,華紙,74,46,28,台新-台南,2023-07-14,8159
00722B,群益投資級電信債,43,15,28,台新-台南,2023-07-14,8159
00679B,元大美債20年,37,11,26,台新-台南,2023-07-14,8159
8222,寶一,25,0,25,台新-台南,2023-07-14,8159
00637L,元大滬深300正2,25,0,25,台新-台南,2023-07-14,8159
8210,勤誠,52,28,24,台新-台南,2023-07-14,8159
1338,廣華-KY,23,0,23,台新-台南,2023-07-14,8159
6548,長科*,27,5,22,台新-台南,2023-07-14,8159
3287,廣寰科,37,16,21,台新-台南,2023-07-14,8159
3058,立德,27,6,21,台新-台南,2023-07-14,8159
00902,中信電池及儲能,22,1,21,台新-台南,2023-07-14,8159
5258,虹堡,63,42,21,台新-台南,2023-07-14,8159
2609,陽明,79,59,20,台新-台南,2023-07-14,8159
2002,中鋼,21,1,20,台新-台南,2023-07-14,8159
00650L,復華香港正2,20,0,20,台新-台南,2023-07-14,8159
2105,正新,271,2,269,台新-台南,2023-07-17,8159
2888,新光金,534,319,215,台新-台南,2023-07-17,8159
00929,復華台灣科技優息,307,106,201,台新-台南,2023-07-17,8159
2498,宏達電,183,20,163,台新-台南,2023-07-17,8159
2312,金寶,235,84,151,台新-台南,2023-07-17,8159
00882,中信中國高股息,146,4,142,台新-台南,2023-07-17,8159
1440,南紡,79,0,79,台新-台南,2023-07-17,8159
00673R,期元大S＆P原油反1,67,0,67,台新-台南,2023-07-17,8159
2371,大同,187,121,66,台新-台南,2023-07-17,8159
0056,元大高股息,144,82,62,台新-台南,2023-07-17,8159
00662,富邦NASDAQ,63,3,60,台新-台南,2023-07-17,8159
5314,世紀,55,0,55,台新-台南,2023-07-17,8159
2355,敬鵬,63,8,55,台新-台南,2023-07-17,8159
00930,永豐ESG低碳高息,52,0,52,台新-台南,2023-07-17,8159
6548,長科*,48,0,48,台新-台南,2023-07-17,8159
2634,漢翔,51,8,43,台新-台南,2023-07-17,8159
1301,台塑,41,0,41,台新-台南,2023-07-17,8159
8415,大國鋼,39,0,39,台新-台南,2023-07-17,8159
2201,裕隆,47,9,38,台新-台南,2023-07-17,8159
2301,光寶科,142,106,36,台新-台南,2023-07-17,8159
3037,欣興,59,24,35,台新-台南,2023-07-17,8159
2208,台船,45,10,35,台新-台南,2023-07-17,8159
00676R,富邦臺灣加權反1,35,0,35,台新-台南,2023-07-17,8159
2457,飛宏,112,79,33,台新-台南,2023-07-17,8159
8933,愛地雅,32,0,32,台新-台南,2023-07-17,8159
6290,良維,40,8,32,台新-台南,2023-07-17,8159
3047,訊舟,34,2,32,台新-台南,2023-07-17,8159
5009,榮剛,35,4,31,台新-台南,2023-07-17,8159
6756,威鋒電子,30,0,30,台新-台南,2023-07-17,8159
6235,華孚,56,26,30,台新-台南,2023-07-17,8159
00753L,中信中國50正2,38,10,28,台新-台南,2023-07-17,8159
4533,協易機,71,44,27,台新-台南,2023-07-17,8159
1101,台泥,28,4,24,台新-台南,2023-07-17,8159
2382,廣達,166,143,23,台新-台南,2023-07-17,8159
2349,錸德,24,1,23,台新-台南,2023-07-17,8159
2883,凱基金,45,23,22,台新-台南,2023-07-17,8159
1454,台富,22,0,22,台新-台南,2023-07-17,8159
00922,國泰台灣領袖50,22,1,21,台新-台南,2023-07-17,8159
00751B,元大AAA至A公司債,21,0,21,台新-台南,2023-07-17,8159
2376,技嘉,44,23,21,台新-台南,2023-07-17,8159
2328,廣宇,73,52,21,台新-台南,2023-07-17,8159
2356,英業達,75,54,21,台新-台南,2023-07-17,8159
1402,遠東新,25,5,20,台新-台南,2023-07-17,8159
3591,艾笛森,20,0,20,台新-台南,2023-07-17,8159
3094,聯傑,20,0,20,台新-台南,2023-07-17,8159
5905,南仁湖,20,0,20,台新-台南,2023-07-17,8159
5483,中美晶,24,4,20,台新-台南,2023-07-17,8159
2353,宏��,121,102,19,台新-台南,2023-07-17,8159
8028,昇陽半導體,19,0,19,台新-台南,2023-07-17,8159
2485,兆赫,21,2,19,台新-台南,2023-07-17,8159
00929,復華台灣科技優息,301,6,295,台新-台南,2023-07-18,8159
00882,中信中國高股息,254,19,235,台新-台南,2023-07-18,8159
2812,台中銀,260,42,218,台新-台南,2023-07-18,8159
2888,新光金,244,45,199,台新-台南,2023-07-18,8159
2105,正新,152,0,152,台新-台南,2023-07-18,8159
4306,炎洲,150,0,150,台新-台南,2023-07-18,8159
2324,仁寶,377,231,146,台新-台南,2023-07-18,8159
1313,聯成,148,39,109,台新-台南,2023-07-18,8159
1440,南紡,98,0,98,台新-台南,2023-07-18,8159
2033,佳大,91,0,91,台新-台南,2023-07-18,8159
2498,宏達電,99,12,87,台新-台南,2023-07-18,8159
2332,友訊,98,14,84,台新-台南,2023-07-18,8159
2353,宏��,201,124,77,台新-台南,2023-07-18,8159
2405,輔信,84,7,77,台新-台南,2023-07-18,8159
3706,神達,320,249,71,台新-台南,2023-07-18,8159
6282,康舒,238,171,67,台新-台南,2023-07-18,8159
6126,信音,77,16,61,台新-台南,2023-07-18,8159
2603,長榮,76,16,60,台新-台南,2023-07-18,8159
2356,英業達,622,563,59,台新-台南,2023-07-18,8159
2323,中環,122,64,58,台新-台南,2023-07-18,8159
00720B,元大投資級公司債,56,0,56,台新-台南,2023-07-18,8159
00715L,期街口布蘭特正2,56,0,56,台新-台南,2023-07-18,8159
9105,泰金寶-DR,117,62,55,台新-台南,2023-07-18,8159
2515,中工,118,65,53,台新-台南,2023-07-18,8159
3058,立德,55,3,52,台新-台南,2023-07-18,8159
1514,亞力,100,49,51,台新-台南,2023-07-18,8159
5314,世紀,50,0,50,台新-台南,2023-07-18,8159
6156,松上,50,1,49,台新-台南,2023-07-18,8159
3715,定穎投控,52,6,46,台新-台南,2023-07-18,8159
2883,凱基金,70,24,46,台新-台南,2023-07-18,8159
3078,僑威,168,123,45,台新-台南,2023-07-18,8159
4915,致伸,44,1,43,台新-台南,2023-07-18,8159
2206,三陽工業,42,3,39,台新-台南,2023-07-18,8159
1314,中石化,49,10,39,台新-台南,2023-07-18,8159
1513,中興電,133,94,39,台新-台南,2023-07-18,8159
6191,精成科,50,12,38,台新-台南,2023-07-18,8159
1454,台富,38,0,38,台新-台南,2023-07-18,8159
2352,佳世達,164,128,36,台新-台南,2023-07-18,8159
3046,建��,40,4,36,台新-台南,2023-07-18,8159
1471,首利,35,1,34,台新-台南,2023-07-18,8159
2359,所羅門,34,3,31,台新-台南,2023-07-18,8159
4121,優盛,37,7,30,台新-台南,2023-07-18,8159
5353,台林,30,0,30,台新-台南,2023-07-18,8159
2801,彰銀,30,1,29,台新-台南,2023-07-18,8159
2340,台亞,54,25,29,台新-台南,2023-07-18,8159
2201,裕隆,40,11,29,台新-台南,2023-07-18,8159
6548,長科*,31,5,26,台新-台南,2023-07-18,8159
8936,國統,45,19,26,台新-台南,2023-07-18,8159
00679B,元大美債20年,29,4,25,台新-台南,2023-07-18,8159
2337,旺宏,27,2,25,台新-台南,2023-07-18,8159
2618,長榮航,414,182,232,台新-台南,2023-07-19,8159
00632R,元大台灣50反1,215,1,214,台新-台南,2023-07-19,8159
2105,正新,134,2,132,台新-台南,2023-07-19,8159
9919,康那香,131,1,130,台新-台南,2023-07-19,8159
4915,致伸,122,0,122,台新-台南,2023-07-19,8159
2323,中環,178,63,115,台新-台南,2023-07-19,8159
9105,泰金寶-DR,176,69,107,台新-台南,2023-07-19,8159
2634,漢翔,100,7,93,台新-台南,2023-07-19,8159
00712,復華富時不動產,135,48,87,台新-台南,2023-07-19,8159
3406,玉晶光,88,1,87,台新-台南,2023-07-19,8159
2329,華泰,275,199,76,台新-台南,2023-07-19,8159
2887,台新金,73,1,72,台新-台南,2023-07-19,8159
1440,南紡,73,2,71,台新-台南,2023-07-19,8159
2801,彰銀,67,0,67,台新-台南,2023-07-19,8159
4532,瑞智,81,17,64,台新-台南,2023-07-19,8159
2883,凱基金,65,2,63,台新-台南,2023-07-19,8159
2313,華通,59,4,55,台新-台南,2023-07-19,8159
2610,華航,96,41,55,台新-台南,2023-07-19,8159
2867,三商壽,56,2,54,台新-台南,2023-07-19,8159
2303,聯電,67,17,50,台新-台南,2023-07-19,8159
6156,松上,50,0,50,台新-台南,2023-07-19,8159
3706,神達,235,188,47,台新-台南,2023-07-19,8159
00715L,期街口布蘭特正2,100,54,46,台新-台南,2023-07-19,8159
2498,宏達電,55,10,45,台新-台南,2023-07-19,8159
00673R,期元大S＆P原油反1,56,11,45,台新-台南,2023-07-19,8159
2201,裕隆,45,1,44,台新-台南,2023-07-19,8159
00929,復華台灣科技優息,128,86,42,台新-台南,2023-07-19,8159
3048,益登,41,0,41,台新-台南,2023-07-19,8159
2324,仁寶,141,100,41,台新-台南,2023-07-19,8159
00930,永豐ESG低碳高息,39,1,38,台新-台南,2023-07-19,8159
00882,中信中國高股息,56,20,36,台新-台南,2023-07-19,8159
1471,首利,37,3,34,台新-台南,2023-07-19,8159
6126,信音,34,0,34,台新-台南,2023-07-19,8159
2317,鴻海,39,7,32,台新-台南,2023-07-19,8159
2312,金寶,161,129,32,台新-台南,2023-07-19,8159
5213,亞昕,33,1,32,台新-台南,2023-07-19,8159
6188,廣明,72,41,31,台新-台南,2023-07-19,8159
6609,瀧澤科,30,0,30,台新-台南,2023-07-19,8159
2376,技嘉,74,44,30,台新-台南,2023-07-19,8159
1609,大亞,61,32,29,台新-台南,2023-07-19,8159
2356,英業達,476,447,29,台新-台南,2023-07-19,8159
6235,華孚,79,50,29,台新-台南,2023-07-19,8159
9904,寶成,28,0,28,台新-台南,2023-07-19,8159
3607,谷崧,26,0,26,台新-台南,2023-07-19,8159
2382,廣達,73,48,25,台新-台南,2023-07-19,8159
3058,立德,24,0,24,台新-台南,2023-07-19,8159
4306,炎洲,23,0,23,台新-台南,2023-07-19,8159
2419,仲琦,56,33,23,台新-台南,2023-07-19,8159
3380,明泰,26,3,23,台新-台南,2023-07-19,8159
6806,森崴能源,23,1,22,台新-台南,2023-07-19,8159
00712,復華富時不動產,134,4,130,台新-台南,2023-07-20,8159
2303,聯電,122,15,107,台新-台南,2023-07-20,8159
1529,樂事綠能,93,8,85,台新-台南,2023-07-20,8159
00929,復華台灣科技優息,77,20,57,台新-台南,2023-07-20,8159
1102,亞泥,52,0,52,台新-台南,2023-07-20,8159
2312,金寶,88,36,52,台新-台南,2023-07-20,8159
2881,富邦金,76,26,50,台新-台南,2023-07-20,8159
2352,佳世達,89,42,47,台新-台南,2023-07-20,8159
1618,合機,45,8,37,台新-台南,2023-07-20,8159
3048,益登,36,1,35,台新-台南,2023-07-20,8159
00930,永豐ESG低碳高息,35,0,35,台新-台南,2023-07-20,8159
1454,台富,34,0,34,台新-台南,2023-07-20,8159
2344,華邦電,45,12,33,台新-台南,2023-07-20,8159
4973,廣穎,32,0,32,台新-台南,2023-07-20,8159
00680L,元大美債20正2,49,22,27,台新-台南,2023-07-20,8159
2332,友訊,37,11,26,台新-台南,2023-07-20,8159
00665L,富邦�琤肭磪囓�2,60,35,25,台新-台南,2023-07-20,8159
00751B,元大AAA至A公司債,45,20,25,台新-台南,2023-07-20,8159
1101,台泥,26,1,25,台新-台南,2023-07-20,8159
00753L,中信中國50正2,88,64,24,台新-台南,2023-07-20,8159
4162,智擎,23,1,22,台新-台南,2023-07-20,8159
4173,久裕,23,1,22,台新-台南,2023-07-20,8159
3289,宜特,67,45,22,台新-台南,2023-07-20,8159
2402,毅嘉,38,16,22,台新-台南,2023-07-20,8159
3264,欣銓,33,12,21,台新-台南,2023-07-20,8159
00895,富邦未來車,23,2,21,台新-台南,2023-07-20,8159
6257,矽格,23,2,21,台新-台南,2023-07-20,8159
3706,神達,67,47,20,台新-台南,2023-07-20,8159
1216,統一,20,0,20,台新-台南,2023-07-20,8159
1440,南紡,21,1,20,台新-台南,2023-07-20,8159
9907,統一實,20,0,20,台新-台南,2023-07-20,8159
5258,虹堡,37,18,19,台新-台南,2023-07-20,8159
00706L,期元大S＆P日圓正2,20,2,18,台新-台南,2023-07-20,8159
6285,啟��,43,25,18,台新-台南,2023-07-20,8159
6505,台塑化,17,0,17,台新-台南,2023-07-20,8159
00885,富邦越南,26,10,16,台新-台南,2023-07-20,8159
4123,晟德,81,65,16,台新-台南,2023-07-20,8159
8222,寶一,39,24,15,台新-台南,2023-07-20,8159
00772B,中信高評級公司債,18,4,14,台新-台南,2023-07-20,8159
00722B,群益投資級電信債,14,0,14,台新-台南,2023-07-20,8159
1907,永豐餘,21,7,14,台新-台南,2023-07-20,8159
2913,農林,22,9,13,台新-台南,2023-07-20,8159
3380,明泰,15,2,13,台新-台南,2023-07-20,8159
1905,華紙,31,18,13,台新-台南,2023-07-20,8159
6126,信音,15,2,13,台新-台南,2023-07-20,8159
2890,永豐金,21,9,12,台新-台南,2023-07-20,8159
8050,廣積,19,7,12,台新-台南,2023-07-20,8159
6770,力積電,26,14,12,台新-台南,2023-07-20,8159
2461,光群雷,15,3,12,台新-台南,2023-07-20,8159
3032,偉訓,45,33,12,台新-台南,2023-07-20,8159
1513,中興電,288,92,196,台新-台南,2023-07-21,8159
1454,台富,138,0,138,台新-台南,2023-07-21,8159
2867,三商壽,118,0,118,台新-台南,2023-07-21,8159
2498,宏達電,134,36,98,台新-台南,2023-07-21,8159
2303,聯電,109,13,96,台新-台南,2023-07-21,8159
00680L,元大美債20正2,83,0,83,台新-台南,2023-07-21,8159
00929,復華台灣科技優息,175,100,75,台新-台南,2023-07-21,8159
1102,亞泥,72,0,72,台新-台南,2023-07-21,8159
00924,復華S＆P500成長,52,0,52,台新-台南,2023-07-21,8159
00712,復華富時不動產,69,18,51,台新-台南,2023-07-21,8159
2344,華邦電,58,7,51,台新-台南,2023-07-21,8159
00921,兆豐龍頭等權重,47,0,47,台新-台南,2023-07-21,8159
912000,晨訊科-DR,45,0,45,台新-台南,2023-07-21,8159
00715L,期街口布蘭特正2,80,36,44,台新-台南,2023-07-21,8159
00688L,國泰20年美債正2,44,0,44,台新-台南,2023-07-21,8159
2609,陽明,65,27,38,台新-台南,2023-07-21,8159
3037,欣興,70,33,37,台新-台南,2023-07-21,8159
2883,凱基金,42,6,36,台新-台南,2023-07-21,8159
6235,華孚,65,28,37,台新-台南,2023-07-21,8159
2337,旺宏,38,2,36,台新-台南,2023-07-21,8159
2543,皇昌,35,0,35,台新-台南,2023-07-21,8159
2405,輔信,35,1,34,台新-台南,2023-07-21,8159
2329,華泰,101,68,33,台新-台南,2023-07-21,8159
00687B,國泰20年美債,32,0,32,台新-台南,2023-07-21,8159
1217,愛之味,44,12,32,台新-台南,2023-07-21,8159
4953,緯軟,88,56,32,台新-台南,2023-07-21,8159
6168,宏齊,33,2,31,台新-台南,2023-07-21,8159
1440,南紡,30,0,30,台新-台南,2023-07-21,8159
2201,裕隆,35,5,30,台新-台南,2023-07-21,8159
1711,永光,29,0,29,台新-台南,2023-07-21,8159
2887,台新金,35,8,27,台新-台南,2023-07-21,8159
4938,和碩,44,18,26,台新-台南,2023-07-21,8159
2885,元大金,40,14,26,台新-台南,2023-07-21,8159
6125,廣運,26,2,24,台新-台南,2023-07-21,8159
2206,三陽工業,41,18,23,台新-台南,2023-07-21,8159
3715,定穎投控,21,1,20,台新-台南,2023-07-21,8159
3564,其陽,20,0,20,台新-台南,2023-07-21,8159
00669R,國泰美國道瓊反1,20,0,20,台新-台南,2023-07-21,8159
2241,艾姆勒,20,0,20,台新-台南,2023-07-21,8159
3706,神達,52,32,20,台新-台南,2023-07-21,8159
1101,台泥,42,23,19,台新-台南,2023-07-21,8159
3105,穩懋,26,8,18,台新-台南,2023-07-21,8159
6548,長科*,26,8,18,台新-台南,2023-07-21,8159
8033,雷虎,19,1,18,台新-台南,2023-07-21,8159
00795B,中信美國公債20年,19,1,18,台新-台南,2023-07-21,8159
6278,台表科,19,2,17,台新-台南,2023-07-21,8159
0050,元大台灣50,20,3,17,台新-台南,2023-07-21,8159
6116,彩晶,17,1,16,台新-台南,2023-07-21,8159
2736,富野,19,4,15,台新-台南,2023-07-21,8159
2630,亞航,82,67,15,台新-台南,2023-07-21,8159
00929,復華台灣科技優息,281,38,243,台新-台南,2023-07-24,8159
2498,宏達電,186,0,186,台新-台南,2023-07-24,8159
1440,南紡,131,0,131,台新-台南,2023-07-24,8159
00680L,元大美債20正2,107,0,107,台新-台南,2023-07-24,8159
00632R,元大台灣50反1,110,4,106,台新-台南,2023-07-24,8159
2405,輔信,203,105,98,台新-台南,2023-07-24,8159
1609,大亞,310,229,81,台新-台南,2023-07-24,8159
3715,定穎投控,96,20,76,台新-台南,2023-07-24,8159
6505,台塑化,61,0,61,台新-台南,2023-07-24,8159
6120,達運,59,2,57,台新-台南,2023-07-24,8159
3481,群創,73,17,56,台新-台南,2023-07-24,8159
2603,長榮,67,15,52,台新-台南,2023-07-24,8159
2355,敬鵬,50,0,50,台新-台南,2023-07-24,8159
1308,亞聚,50,0,50,台新-台南,2023-07-24,8159
2352,佳世達,70,23,47,台新-台南,2023-07-24,8159
3231,緯創,66,21,45,台新-台南,2023-07-24,8159
4934,太極,45,1,44,台新-台南,2023-07-24,8159
1102,亞泥,43,0,43,台新-台南,2023-07-24,8159
6016,康和證,52,10,42,台新-台南,2023-07-24,8159
2303,聯電,46,5,41,台新-台南,2023-07-24,8159
2371,大同,51,10,41,台新-台南,2023-07-24,8159
1454,台富,41,0,41,台新-台南,2023-07-24,8159
020022,元大電動車N,40,0,40,台新-台南,2023-07-24,8159
3058,立德,41,1,40,台新-台南,2023-07-24,8159
2460,建通,38,0,38,台新-台南,2023-07-24,8159
00930,永豐ESG低碳高息,38,0,38,台新-台南,2023-07-24,8159
6125,廣運,89,55,34,台新-台南,2023-07-24,8159
1618,合機,37,5,32,台新-台南,2023-07-24,8159
8222,寶一,31,0,31,台新-台南,2023-07-24,8159
2365,昆盈,35,5,30,台新-台南,2023-07-24,8159
6116,彩晶,31,1,30,台新-台南,2023-07-24,8159
2891,中信金,29,0,29,台新-台南,2023-07-24,8159
3037,欣興,101,72,29,台新-台南,2023-07-24,8159
3013,晟銘電,138,110,28,台新-台南,2023-07-24,8159
2867,三商壽,39,11,28,台新-台南,2023-07-24,8159
3035,智原,87,60,27,台新-台南,2023-07-24,8159
3017,奇鋐,52,24,28,台新-台南,2023-07-24,8159
2353,宏��,93,66,27,台新-台南,2023-07-24,8159
00922,國泰台灣領袖50,26,0,26,台新-台南,2023-07-24,8159
6282,康舒,46,20,26,台新-台南,2023-07-24,8159
2889,國票金,26,0,26,台新-台南,2023-07-24,8159
00882,中信中國高股息,25,0,25,台新-台南,2023-07-24,8159
5425,台半,38,13,25,台新-台南,2023-07-24,8159
3191,雲嘉南,25,0,25,台新-台南,2023-07-24,8159
2883,凱基金,26,1,25,台新-台南,2023-07-24,8159
2913,農林,46,22,24,台新-台南,2023-07-24,8159
1313,聯成,34,10,24,台新-台南,2023-07-24,8159
2356,英業達,91,67,24,台新-台南,2023-07-24,8159
8936,國統,25,2,23,台新-台南,2023-07-24,8159
6770,力積電,28,7,21,台新-台南,2023-07-24,8159
2801,彰銀,606,0,606,台新-台南,2023-07-25,8159
00929,復華台灣科技優息,273,84,189,台新-台南,2023-07-25,8159
00878,國泰永續高股息,274,148,126,台新-台南,2023-07-25,8159
00680L,元大美債20正2,120,1,119,台新-台南,2023-07-25,8159
1905,華紙,179,81,98,台新-台南,2023-07-25,8159
1589,永冠-KY,82,0,82,台新-台南,2023-07-25,8159
2312,金寶,126,48,78,台新-台南,2023-07-25,8159
00706L,期元大S＆P日圓正2,72,0,72,台新-台南,2023-07-25,8159
00688L,國泰20年美債正2,72,3,69,台新-台南,2023-07-25,8159
3024,憶聲,81,13,68,台新-台南,2023-07-25,8159
2033,佳大,56,0,56,台新-台南,2023-07-25,8159
00632R,元大台灣50反1,62,10,52,台新-台南,2023-07-25,8159
3231,緯創,68,17,51,台新-台南,2023-07-25,8159
3591,艾笛森,50,0,50,台新-台南,2023-07-25,8159
8403,盛弘,50,1,49,台新-台南,2023-07-25,8159
2464,盟立,72,25,47,台新-台南,2023-07-25,8159
1454,台富,47,0,47,台新-台南,2023-07-25,8159
6125,廣運,93,47,46,台新-台南,2023-07-25,8159
2401,凌陽,59,19,40,台新-台南,2023-07-25,8159
5009,榮剛,50,10,40,台新-台南,2023-07-25,8159
2301,光寶科,164,134,30,台新-台南,2023-07-25,8159
3037,欣興,106,77,29,台新-台南,2023-07-25,8159
00673R,期元大S＆P原油反1,29,1,28,台新-台南,2023-07-25,8159
3706,神達,36,10,26,台新-台南,2023-07-25,8159
1102,亞泥,28,1,27,台新-台南,2023-07-25,8159
2812,台中銀,26,0,26,台新-台南,2023-07-25,8159
1605,華新,38,13,25,台新-台南,2023-07-25,8159
00679B,元大美債20年,36,11,25,台新-台南,2023-07-25,8159
3058,立德,23,0,23,台新-台南,2023-07-25,8159
00795B,中信美國公債20年,22,0,22,台新-台南,2023-07-25,8159
3701,大眾控,22,0,22,台新-台南,2023-07-25,8159
3363,上詮,23,2,21,台新-台南,2023-07-25,8159
2324,仁寶,35,15,20,台新-台南,2023-07-25,8159
3236,千如,20,0,20,台新-台南,2023-07-25,8159
1444,力麗,20,0,20,台新-台南,2023-07-25,8159
2351,順德,20,0,20,台新-台南,2023-07-25,8159
2880,華南金,20,0,20,台新-台南,2023-07-25,8159
3702,大聯大,19,0,19,台新-台南,2023-07-25,8159
1904,正隆,23,5,18,台新-台南,2023-07-25,8159
3044,健鼎,31,13,18,台新-台南,2023-07-25,8159
6285,啟��,39,22,17,台新-台南,2023-07-25,8159
3013,晟銘電,58,41,17,台新-台南,2023-07-25,8159
00930,永豐ESG低碳高息,16,0,16,台新-台南,2023-07-25,8159
2402,毅嘉,25,9,16,台新-台南,2023-07-25,8159
00772B,中信高評級公司債,17,1,16,台新-台南,2023-07-25,8159
6122,擎邦,16,0,16,台新-台南,2023-07-25,8159
00753L,中信中國50正2,22,6,16,台新-台南,2023-07-25,8159
2211,長榮鋼,15,0,15,台新-台南,2023-07-25,8159
1440,南紡,26,11,15,台新-台南,2023-07-25,8159
00633L,富邦上証正2,25,10,15,台新-台南,2023-07-25,8159
2887,台新金,233,48,185,台新-台南,2023-07-26,8159
00929,復華台灣科技優息,199,56,143,台新-台南,2023-07-26,8159
2105,正新,85,3,82,台新-台南,2023-07-26,8159
2883,凱基金,114,38,76,台新-台南,2023-07-26,8159
2913,農林,74,5,69,台新-台南,2023-07-26,8159
5512,力麒,62,0,62,台新-台南,2023-07-26,8159
00688L,國泰20年美債正2,60,0,60,台新-台南,2023-07-26,8159
00706L,期元大S＆P日圓正2,59,0,59,台新-台南,2023-07-26,8159
00673R,期元大S＆P原油反1,56,1,55,台新-台南,2023-07-26,8159
4532,瑞智,63,9,54,台新-台南,2023-07-26,8159
2033,佳大,54,0,54,台新-台南,2023-07-26,8159
00930,永豐ESG低碳高息,53,1,52,台新-台南,2023-07-26,8159
6282,康舒,140,93,47,台新-台南,2023-07-26,8159
2337,旺宏,45,1,44,台新-台南,2023-07-26,8159
2344,華邦電,51,8,43,台新-台南,2023-07-26,8159
1589,永冠-KY,40,0,40,台新-台南,2023-07-26,8159
2464,盟立,40,0,40,台新-台南,2023-07-26,8159
1217,愛之味,50,12,38,台新-台南,2023-07-26,8159
2338,光罩,37,0,37,台新-台南,2023-07-26,8159
6125,廣運,107,71,36,台新-台南,2023-07-26,8159
6112,邁達特,65,30,35,台新-台南,2023-07-26,8159
00679B,元大美債20年,37,2,35,台新-台南,2023-07-26,8159
2838,聯邦銀,31,0,31,台新-台南,2023-07-26,8159
5386,青雲,42,11,31,台新-台南,2023-07-26,8159
6126,信音,34,3,31,台新-台南,2023-07-26,8159
4533,協易機,131,101,30,台新-台南,2023-07-26,8159
5452,佶優,36,7,29,台新-台南,2023-07-26,8159
2382,廣達,188,159,29,台新-台南,2023-07-26,8159
5425,台半,34,7,27,台新-台南,2023-07-26,8159
8358,金居,84,57,27,台新-台南,2023-07-26,8159
4938,和碩,29,3,26,台新-台南,2023-07-26,8159
1522,堤維西,33,7,26,台新-台南,2023-07-26,8159
6270,倍微,26,0,26,台新-台南,2023-07-26,8159
00922,國泰台灣領袖50,25,0,25,台新-台南,2023-07-26,8159
00664R,國泰臺灣加權反1,25,0,25,台新-台南,2023-07-26,8159
00773B,中信優先金融債,25,0,25,台新-台南,2023-07-26,8159
2371,大同,33,9,24,台新-台南,2023-07-26,8159
2002,中鋼,26,4,22,台新-台南,2023-07-26,8159
3013,晟銘電,29,7,22,台新-台南,2023-07-26,8159
2402,毅嘉,26,4,22,台新-台南,2023-07-26,8159
6806,森崴能源,23,1,22,台新-台南,2023-07-26,8159
2211,長榮鋼,24,3,21,台新-台南,2023-07-26,8159
2421,建準,64,44,20,台新-台南,2023-07-26,8159
5009,榮剛,34,14,20,台新-台南,2023-07-26,8159
4543,萬在,20,0,20,台新-台南,2023-07-26,8159
4927,泰鼎-KY,20,0,20,台新-台南,2023-07-26,8159
4168,醣聯,30,10,20,台新-台南,2023-07-26,8159
6285,啟��,44,25,19,台新-台南,2023-07-26,8159
6214,精誠,19,0,19,台新-台南,2023-07-26,8159
1612,宏泰,55,36,19,台新-台南,2023-07-26,8159
00902,中信電池及儲能,273,5,268,台新-台南,2023-07-27,8159
2884,玉山金,238,14,224,台新-台南,2023-07-27,8159
3033,威健,114,1,113,台新-台南,2023-07-27,8159
00679B,元大美債20年,101,2,99,台新-台南,2023-07-27,8159
2887,台新金,102,4,98,台新-台南,2023-07-27,8159
2105,正新,97,1,96,台新-台南,2023-07-27,8159
6015,宏遠證,97,3,94,台新-台南,2023-07-27,8159
00878,國泰永續高股息,321,253,68,台新-台南,2023-07-27,8159
0056,元大高股息,111,50,61,台新-台南,2023-07-27,8159
00687B,國泰20年美債,58,0,58,台新-台南,2023-07-27,8159
5425,台半,61,4,57,台新-台南,2023-07-27,8159
00680L,元大美債20正2,56,0,56,台新-台南,2023-07-27,8159
00688L,國泰20年美債正2,52,0,52,台新-台南,2023-07-27,8159
00632R,元大台灣50反1,137,90,47,台新-台南,2023-07-27,8159
1909,榮成,62,16,46,台新-台南,2023-07-27,8159
6156,松上,45,3,42,台新-台南,2023-07-27,8159
2401,凌陽,60,21,39,台新-台南,2023-07-27,8159
2515,中工,53,14,39,台新-台南,2023-07-27,8159
2033,佳大,38,0,38,台新-台南,2023-07-27,8159
6125,廣運,169,133,36,台新-台南,2023-07-27,8159
3037,欣興,80,44,36,台新-台南,2023-07-27,8159
3715,定穎投控,37,4,33,台新-台南,2023-07-27,8159
4526,東台,33,2,31,台新-台南,2023-07-27,8159
2301,光寶科,158,127,31,台新-台南,2023-07-27,8159
2002,中鋼,32,2,30,台新-台南,2023-07-27,8159
4720,德淵,30,0,30,台新-台南,2023-07-27,8159
00696B,富邦美債20年,30,0,30,台新-台南,2023-07-27,8159
2801,彰銀,31,2,29,台新-台南,2023-07-27,8159
6116,彩晶,140,113,27,台新-台南,2023-07-27,8159
5864,致和證,27,0,27,台新-台南,2023-07-27,8159
1314,中石化,31,5,26,台新-台南,2023-07-27,8159
3231,緯創,53,27,26,台新-台南,2023-07-27,8159
2425,承啟,39,15,24,台新-台南,2023-07-27,8159
3013,晟銘電,51,27,24,台新-台南,2023-07-27,8159
00753L,中信中國50正2,25,1,24,台新-台南,2023-07-27,8159
00923,群益台ESG低碳50,23,0,23,台新-台南,2023-07-27,8159
3213,茂訊,22,0,22,台新-台南,2023-07-27,8159
4533,協易機,83,62,21,台新-台南,2023-07-27,8159
1454,台富,20,0,20,台新-台南,2023-07-27,8159
6698,旭暉應材,20,0,20,台新-台南,2023-07-27,8159
4953,緯軟,29,10,19,台新-台南,2023-07-27,8159
2371,大同,43,24,19,台新-台南,2023-07-27,8159
2462,良得電,18,0,18,台新-台南,2023-07-27,8159
5353,台林,18,0,18,台新-台南,2023-07-27,8159
6235,華孚,58,41,17,台新-台南,2023-07-27,8159
2340,台亞,64,47,17,台新-台南,2023-07-27,8159
8936,國統,16,0,16,台新-台南,2023-07-27,8159
2353,宏��,40,24,16,台新-台南,2023-07-27,8159
2104,國際中橡,15,0,15,台新-台南,2023-07-27,8159
1612,宏泰,57,42,15,台新-台南,2023-07-27,8159
2618,長榮航,315,33,282,台新-台南,2023-07-28,8159
00688L,國泰20年美債正2,257,0,257,台新-台南,2023-07-28,8159
2027,大成鋼,290,86,204,台新-台南,2023-07-28,8159
00680L,元大美債20正2,258,90,168,台新-台南,2023-07-28,8159
00679B,元大美債20年,150,9,141,台新-台南,2023-07-28,8159
5483,中美晶,140,4,136,台新-台南,2023-07-28,8159
00632R,元大台灣50反1,115,15,100,台新-台南,2023-07-28,8159
3078,僑威,98,29,69,台新-台南,2023-07-28,8159
00687B,國泰20年美債,60,0,60,台新-台南,2023-07-28,8159
2356,英業達,74,15,59,台新-台南,2023-07-28,8159
3006,晶豪科,88,35,53,台新-台南,2023-07-28,8159
00673R,期元大S＆P原油反1,53,0,53,台新-台南,2023-07-28,8159
2887,台新金,58,5,53,台新-台南,2023-07-28,8159
2883,凱基金,49,0,49,台新-台南,2023-07-28,8159
2104,國際中橡,59,11,48,台新-台南,2023-07-28,8159
2867,三商壽,52,9,43,台新-台南,2023-07-28,8159
00712,復華富時不動產,41,2,39,台新-台南,2023-07-28,8159
1785,光洋科,48,10,38,台新-台南,2023-07-28,8159
2421,建準,39,3,36,台新-台南,2023-07-28,8159
2208,台船,36,0,36,台新-台南,2023-07-28,8159
2002,中鋼,38,2,36,台新-台南,2023-07-28,8159
00772B,中信高評級公司債,45,10,35,台新-台南,2023-07-28,8159
2329,華泰,312,277,35,台新-台南,2023-07-28,8159
2834,臺企銀,33,0,33,台新-台南,2023-07-28,8159
1802,台玻,58,25,33,台新-台南,2023-07-28,8159
2610,華航,70,40,30,台新-台南,2023-07-28,8159
6282,康舒,125,96,29,台新-台南,2023-07-28,8159
00857B,永豐20年美公債,28,0,28,台新-台南,2023-07-28,8159
2317,鴻海,28,1,27,台新-台南,2023-07-28,8159
6443,元晶,31,4,27,台新-台南,2023-07-28,8159
00795B,中信美國公債20年,27,0,27,台新-台南,2023-07-28,8159
1609,大亞,39,13,26,台新-台南,2023-07-28,8159
00919,群益台灣精選高息,30,5,25,台新-台南,2023-07-28,8159
2881,富邦金,32,7,25,台新-台南,2023-07-28,8159
6116,彩晶,36,11,25,台新-台南,2023-07-28,8159
00720B,元大投資級公司債,24,1,23,台新-台南,2023-07-28,8159
6426,統新,42,20,22,台新-台南,2023-07-28,8159
6190,萬泰科,53,31,22,台新-台南,2023-07-28,8159
4526,東台,21,0,21,台新-台南,2023-07-28,8159
2033,佳大,21,0,21,台新-台南,2023-07-28,8159
6117,迎廣,25,4,21,台新-台南,2023-07-28,8159
00650L,復華香港正2,20,0,20,台新-台南,2023-07-28,8159
2302,麗正,20,0,20,台新-台南,2023-07-28,8159
00751B,元大AAA至A公司債,18,0,18,台新-台南,2023-07-28,8159
5009,榮剛,21,3,18,台新-台南,2023-07-28,8159
1903,士紙,27,9,18,台新-台南,2023-07-28,8159
00722B,群益投資級電信債,18,0,18,台新-台南,2023-07-28,8159
2344,華邦電,54,37,17,台新-台南,2023-07-28,8159
3034,聯詠,20,3,17,台新-台南,2023-07-28,8159
1314,中石化,40,23,17,台新-台南,2023-07-28,8159
9919,康那香,292,0,292,台新-台南,2023-07-31,8159
2323,中環,298,8,290,台新-台南,2023-07-31,8159
00632R,元大台灣50反1,241,22,219,台新-台南,2023-07-31,8159
2409,友達,188,23,165,台新-台南,2023-07-31,8159
3231,緯創,300,147,153,台新-台南,2023-07-31,8159
00878,國泰永續高股息,558,419,139,台新-台南,2023-07-31,8159
00679B,元大美債20年,111,1,110,台新-台南,2023-07-31,8159
00919,群益台灣精選高息,116,10,106,台新-台南,2023-07-31,8159
2027,大成鋼,107,4,103,台新-台南,2023-07-31,8159
2852,第一保,100,0,100,台新-台南,2023-07-31,8159
2329,華泰,197,120,77,台新-台南,2023-07-31,8159
2603,長榮,80,11,69,台新-台南,2023-07-31,8159
1313,聯成,61,3,58,台新-台南,2023-07-31,8159
2301,光寶科,310,252,58,台新-台南,2023-07-31,8159
2382,廣達,160,104,56,台新-台南,2023-07-31,8159
2498,宏達電,48,1,47,台新-台南,2023-07-31,8159
4303,信立,42,0,42,台新-台南,2023-07-31,8159
00662,富邦NASDAQ,45,3,42,台新-台南,2023-07-31,8159
3694,海華,38,1,37,台新-台南,2023-07-31,8159
3032,偉訓,51,14,37,台新-台南,2023-07-31,8159
00795B,中信美國公債20年,38,1,37,台新-台南,2023-07-31,8159
2610,華航,49,13,36,台新-台南,2023-07-31,8159
2208,台船,40,5,35,台新-台南,2023-07-31,8159
00696B,富邦美債20年,34,1,33,台新-台南,2023-07-31,8159
3189,景碩,33,2,31,台新-台南,2023-07-31,8159
6284,佳邦,31,1,30,台新-台南,2023-07-31,8159
2002,中鋼,33,3,30,台新-台南,2023-07-31,8159
2408,南亞科,79,51,28,台新-台南,2023-07-31,8159
2022,聚亨,28,0,28,台新-台南,2023-07-31,8159
00929,復華台灣科技優息,64,38,26,台新-台南,2023-07-31,8159
6547,高端疫苗,26,0,26,台新-台南,2023-07-31,8159
2618,長榮航,32,6,26,台新-台南,2023-07-31,8159
3037,欣興,57,31,26,台新-台南,2023-07-31,8159
9955,佳龍,30,5,25,台新-台南,2023-07-31,8159
00772B,中信高評級公司債,29,5,24,台新-台南,2023-07-31,8159
0056,元大高股息,92,68,24,台新-台南,2023-07-31,8159
00706L,期元大S＆P日圓正2,24,1,23,台新-台南,2023-07-31,8159
5443,均豪,27,4,23,台新-台南,2023-07-31,8159
1319,東陽,40,17,23,台新-台南,2023-07-31,8159
2887,台新金,31,9,22,台新-台南,2023-07-31,8159
3356,奇偶,32,10,22,台新-台南,2023-07-31,8159
3707,漢磊,21,0,21,台新-台南,2023-07-31,8159
2834,臺企銀,28,7,21,台新-台南,2023-07-31,8159
4979,華星光,49,28,21,台新-台南,2023-07-31,8159
9933,中鼎,20,0,20,台新-台南,2023-07-31,8159
3013,晟銘電,44,24,20,台新-台南,2023-07-31,8159
2014,中鴻,20,0,20,台新-台南,2023-07-31,8159
3532,台勝科,19,0,19,台新-台南,2023-07-31,8159
5425,台半,39,20,19,台新-台南,2023-07-31,8159
00773B,中信優先金融債,19,0,19,台新-台南,2023-07-31,8159
1608,華榮,236,30,206,台新-台南,2023-08-01,8159
2382,廣達,237,102,135,台新-台南,2023-08-01,8159
3325,旭品,221,90,131,台新-台南,2023-08-01,8159
6282,康舒,163,75,88,台新-台南,2023-08-01,8159
00929,復華台灣科技優息,77,5,72,台新-台南,2023-08-01,8159
00637L,元大滬深300正2,79,16,63,台新-台南,2023-08-01,8159
00753L,中信中國50正2,60,0,60,台新-台南,2023-08-01,8159
1806,冠軍,60,0,60,台新-台南,2023-08-01,8159
3013,晟銘電,74,16,58,台新-台南,2023-08-01,8159
2027,大成鋼,58,1,57,台新-台南,2023-08-01,8159
1905,華紙,135,91,44,台新-台南,2023-08-01,8159
2312,金寶,125,87,38,台新-台南,2023-08-01,8159
2883,凱基金,89,51,38,台新-台南,2023-08-01,8159
1217,愛之味,42,4,38,台新-台南,2023-08-01,8159
1609,大亞,42,6,36,台新-台南,2023-08-01,8159
00688L,國泰20年美債正2,75,40,35,台新-台南,2023-08-01,8159
3581,博磊,40,5,35,台新-台南,2023-08-01,8159
2405,輔信,46,13,33,台新-台南,2023-08-01,8159
00919,群益台灣精選高息,37,5,32,台新-台南,2023-08-01,8159
00923,群益台ESG低碳50,32,0,32,台新-台南,2023-08-01,8159
3033,威健,44,14,30,台新-台南,2023-08-01,8159
1605,華新,42,12,30,台新-台南,2023-08-01,8159
2883B,凱基金乙特,30,0,30,台新-台南,2023-08-01,8159
00664R,國泰臺灣加權反1,30,0,30,台新-台南,2023-08-01,8159
3583,辛耘,74,46,28,台新-台南,2023-08-01,8159
2401,凌陽,41,13,28,台新-台南,2023-08-01,8159
3704,合勤控,52,25,27,台新-台南,2023-08-01,8159
00878,國泰永續高股息,486,461,25,台新-台南,2023-08-01,8159
3049,精金,25,0,25,台新-台南,2023-08-01,8159
3032,偉訓,38,13,25,台新-台南,2023-08-01,8159
2867,三商壽,30,5,25,台新-台南,2023-08-01,8159
2363,矽統,151,127,24,台新-台南,2023-08-01,8159
1904,正隆,28,4,24,台新-台南,2023-08-01,8159
6188,廣明,92,69,23,台新-台南,2023-08-01,8159
3217,優群,33,10,23,台新-台南,2023-08-01,8159
00673R,期元大S＆P原油反1,23,0,23,台新-台南,2023-08-01,8159
2014,中鴻,42,19,23,台新-台南,2023-08-01,8159
2834,臺企銀,24,1,23,台新-台南,2023-08-01,8159
2313,華通,24,2,22,台新-台南,2023-08-01,8159
6548,長科*,25,4,21,台新-台南,2023-08-01,8159
9136,巨騰-DR,20,0,20,台新-台南,2023-08-01,8159
6550,北極星藥業-KY,23,3,20,台新-台南,2023-08-01,8159
5388,中磊,29,9,20,台新-台南,2023-08-01,8159
2206,三陽工業,21,2,19,台新-台南,2023-08-01,8159
4919,新唐,37,20,17,台新-台南,2023-08-01,8159
2891,中信金,19,2,17,台新-台南,2023-08-01,8159
1504,東元,50,33,17,台新-台南,2023-08-01,8159
00706L,期元大S＆P日圓正2,18,2,16,台新-台南,2023-08-01,8159
2332,友訊,17,1,16,台新-台南,2023-08-01,8159
2009,第一銅,28,12,16,台新-台南,2023-08-01,8159
1584,精剛,529,134,395,台新-台南,2023-08-02,8159
00878,國泰永續高股息,549,196,353,台新-台南,2023-08-02,8159
00923,群益台ESG低碳50,217,3,214,台新-台南,2023-08-02,8159
00900,富邦特選高股息30,229,23,206,台新-台南,2023-08-02,8159
00680L,元大美債20正2,193,3,190,台新-台南,2023-08-02,8159
00929,復華台灣科技優息,177,2,175,台新-台南,2023-08-02,8159
2883,凱基金,287,153,134,台新-台南,2023-08-02,8159
3481,群創,254,141,113,台新-台南,2023-08-02,8159
3231,緯創,197,101,96,台新-台南,2023-08-02,8159
6282,康舒,199,108,91,台新-台南,2023-08-02,8159
00706L,期元大S＆P日圓正2,86,0,86,台新-台南,2023-08-02,8159
00679B,元大美債20年,106,21,85,台新-台南,2023-08-02,8159
1605,華新,238,153,85,台新-台南,2023-08-02,8159
0056,元大高股息,127,43,84,台新-台南,2023-08-02,8159
2312,金寶,135,59,76,台新-台南,2023-08-02,8159
00881,國泰台灣5G+,83,10,73,台新-台南,2023-08-02,8159
2498,宏達電,75,4,71,台新-台南,2023-08-02,8159
2002,中鋼,81,12,69,台新-台南,2023-08-02,8159
00673R,期元大S＆P原油反1,67,0,67,台新-台南,2023-08-02,8159
00713,元大台灣高息低波,67,2,65,台新-台南,2023-08-02,8159
3032,偉訓,63,1,62,台新-台南,2023-08-02,8159
00687B,國泰20年美債,55,0,55,台新-台南,2023-08-02,8159
00712,復華富時不動產,65,11,54,台新-台南,2023-08-02,8159
4162,智擎,53,0,53,台新-台南,2023-08-02,8159
2033,佳大,57,6,51,台新-台南,2023-08-02,8159
2338,光罩,50,0,50,台新-台南,2023-08-02,8159
2344,華邦電,62,13,49,台新-台南,2023-08-02,8159
00720B,元大投資級公司債,49,0,49,台新-台南,2023-08-02,8159
1513,中興電,103,54,49,台新-台南,2023-08-02,8159
2891,中信金,55,7,48,台新-台南,2023-08-02,8159
2301,光寶科,123,77,46,台新-台南,2023-08-02,8159
2882,國泰金,42,0,42,台新-台南,2023-08-02,8159
6285,啟��,172,132,40,台新-台南,2023-08-02,8159
3419,譁裕,38,0,38,台新-台南,2023-08-02,8159
00637L,元大滬深300正2,35,0,35,台新-台南,2023-08-02,8159
3037,欣興,70,36,34,台新-台南,2023-08-02,8159
2382,廣達,191,156,35,台新-台南,2023-08-02,8159
3711,日月光投控,38,3,35,台新-台南,2023-08-02,8159
2897,王道銀行,34,0,34,台新-台南,2023-08-02,8159
9933,中鼎,35,1,34,台新-台南,2023-08-02,8159
2401,凌陽,39,6,33,台新-台南,2023-08-02,8159
3289,宜特,37,4,33,台新-台南,2023-08-02,8159
2317,鴻海,42,10,32,台新-台南,2023-08-02,8159
9904,寶成,31,0,31,台新-台南,2023-08-02,8159
00654R,富邦印度反1,31,0,31,台新-台南,2023-08-02,8159
2103,台橡,31,0,31,台新-台南,2023-08-02,8159
3591,艾笛森,32,3,29,台新-台南,2023-08-02,8159
8476,台境*,28,0,28,台新-台南,2023-08-02,8159
1310,台苯,36,8,28,台新-台南,2023-08-02,8159
0050,元大台灣50,27,0,27,台新-台南,2023-08-02,8159
00680L,元大美債20正2,338,12,326,台新-台南,2023-08-04,8159
2618,長榮航,276,15,261,台新-台南,2023-08-04,8159
2344,華邦電,253,36,217,台新-台南,2023-08-04,8159
00679B,元大美債20年,217,13,204,台新-台南,2023-08-04,8159
2014,中鴻,261,96,165,台新-台南,2023-08-04,8159
00687B,國泰20年美債,158,2,156,台新-台南,2023-08-04,8159
00900,富邦特選高股息30,159,5,154,台新-台南,2023-08-04,8159
00929,復華台灣科技優息,150,27,123,台新-台南,2023-08-04,8159
00665L,富邦�琤肭磪囓�2,146,26,120,台新-台南,2023-08-04,8159
6156,松上,126,6,120,台新-台南,2023-08-04,8159
00720B,元大投資級公司債,105,1,104,台新-台南,2023-08-04,8159
1609,大亞,241,150,91,台新-台南,2023-08-04,8159
00772B,中信高評級公司債,90,1,89,台新-台南,2023-08-04,8159
00751B,元大AAA至A公司債,77,0,77,台新-台南,2023-08-04,8159
3483,力致,71,0,71,台新-台南,2023-08-04,8159
00712,復華富時不動產,65,1,64,台新-台南,2023-08-04,8159
2206,三陽工業,68,7,61,台新-台南,2023-08-04,8159
1608,華榮,68,8,60,台新-台南,2023-08-04,8159
3231,緯創,494,434,60,台新-台南,2023-08-04,8159
00753L,中信中國50正2,74,20,54,台新-台南,2023-08-04,8159
4114,健喬,54,6,48,台新-台南,2023-08-04,8159
1605,華新,86,40,46,台新-台南,2023-08-04,8159
2460,建通,64,18,46,台新-台南,2023-08-04,8159
5236,凌陽創新,42,1,41,台新-台南,2023-08-04,8159
00902,中信電池及儲能,40,0,40,台新-台南,2023-08-04,8159
00795B,中信美國公債20年,38,0,38,台新-台南,2023-08-04,8159
00878,國泰永續高股息,322,284,38,台新-台南,2023-08-04,8159
1710,東聯,35,2,33,台新-台南,2023-08-04,8159
00688L,國泰20年美債正2,81,50,31,台新-台南,2023-08-04,8159
00715L,期街口布蘭特正2,40,11,29,台新-台南,2023-08-04,8159
00637L,元大滬深300正2,37,9,28,台新-台南,2023-08-04,8159
00885,富邦越南,141,113,28,台新-台南,2023-08-04,8159
4746,台耀,27,0,27,台新-台南,2023-08-04,8159
8415,大國鋼,27,0,27,台新-台南,2023-08-04,8159
6116,彩晶,30,3,27,台新-台南,2023-08-04,8159
6126,信音,30,4,26,台新-台南,2023-08-04,8159
8215,明基材,31,5,26,台新-台南,2023-08-04,8159
1785,光洋科,55,30,25,台新-台南,2023-08-04,8159
00696B,富邦美債20年,22,0,22,台新-台南,2023-08-04,8159
00923,群益台ESG低碳50,27,5,22,台新-台南,2023-08-04,8159
00764B,群益25年美債,21,0,21,台新-台南,2023-08-04,8159
2892,第一金,24,3,21,台新-台南,2023-08-04,8159
2412,中華電,21,1,20,台新-台南,2023-08-04,8159
2440,太空梭,37,17,20,台新-台南,2023-08-04,8159
2302,麗正,20,0,20,台新-台南,2023-08-04,8159
6578,達邦蛋白,20,0,20,台新-台南,2023-08-04,8159
5425,台半,24,4,20,台新-台南,2023-08-04,8159
3034,聯詠,20,2,18,台新-台南,2023-08-04,8159
1301,台塑,19,1,18,台新-台南,2023-08-04,8159
1727,中華化,17,0,17,台新-台南,2023-08-04,8159
2618,長榮航,624,155,469,台新-台南,2023-08-07,8159
00929,復華台灣科技優息,285,79,206,台新-台南,2023-08-07,8159
00923,群益台ESG低碳50,134,1,133,台新-台南,2023-08-07,8159
1710,東聯,133,11,122,台新-台南,2023-08-07,8159
00931B,統一美債20年,115,0,115,台新-台南,2023-08-07,8159
00878,國泰永續高股息,303,196,107,台新-台南,2023-08-07,8159
5880,合庫金,85,6,79,台新-台南,2023-08-07,8159
00632R,元大台灣50反1,147,70,77,台新-台南,2023-08-07,8159
00688L,國泰20年美債正2,124,50,74,台新-台南,2023-08-07,8159
6443,元晶,155,88,67,台新-台南,2023-08-07,8159
1609,大亞,149,83,66,台新-台南,2023-08-07,8159
00882,中信中國高股息,58,0,58,台新-台南,2023-08-07,8159
3679,新至陞,52,0,52,台新-台南,2023-08-07,8159
2891,中信金,55,3,52,台新-台南,2023-08-07,8159
00673R,期元大S＆P原油反1,50,0,50,台新-台南,2023-08-07,8159
5009,榮剛,91,42,49,台新-台南,2023-08-07,8159
00679B,元大美債20年,53,10,43,台新-台南,2023-08-07,8159
2353,宏��,63,20,43,台新-台南,2023-08-07,8159
2399,映泰,44,1,43,台新-台南,2023-08-07,8159
8390,金益鼎,46,4,42,台新-台南,2023-08-07,8159
00900,富邦特選高股息30,43,4,39,台新-台南,2023-08-07,8159
2014,中鴻,65,27,38,台新-台南,2023-08-07,8159
2603,長榮,43,5,38,台新-台南,2023-08-07,8159
00680L,元大美債20正2,39,3,36,台新-台南,2023-08-07,8159
3706,神達,208,174,34,台新-台南,2023-08-07,8159
2421,建準,41,9,32,台新-台南,2023-08-07,8159
00720B,元大投資級公司債,34,3,31,台新-台南,2023-08-07,8159
1605,華新,43,12,31,台新-台南,2023-08-07,8159
2355,敬鵬,30,0,30,台新-台南,2023-08-07,8159
00687B,國泰20年美債,30,1,29,台新-台南,2023-08-07,8159
2033,佳大,25,0,25,台新-台南,2023-08-07,8159
2489,瑞軒,33,10,23,台新-台南,2023-08-07,8159
3715,定穎投控,34,11,23,台新-台南,2023-08-07,8159
1313,聯成,30,8,22,台新-台南,2023-08-07,8159
00920,富邦ESG綠色電力,21,0,21,台新-台南,2023-08-07,8159
8110,華東,20,0,20,台新-台南,2023-08-07,8159
2634,漢翔,29,10,19,台新-台南,2023-08-07,8159
00893,國泰智能電動車,18,0,18,台新-台南,2023-08-07,8159
8476,台境*,18,0,18,台新-台南,2023-08-07,8159
3306,鼎天,24,6,18,台新-台南,2023-08-07,8159
2801,彰銀,17,0,17,台新-台南,2023-08-07,8159
00902,中信電池及儲能,16,0,16,台新-台南,2023-08-07,8159
3325,旭品,46,31,15,台新-台南,2023-08-07,8159
3042,晶技,15,0,15,台新-台南,2023-08-07,8159
6609,瀧澤科,15,0,15,台新-台南,2023-08-07,8159
9933,中鼎,15,0,15,台新-台南,2023-08-07,8159
6770,力積電,15,0,15,台新-台南,2023-08-07,8159
1217,愛之味,17,3,14,台新-台南,2023-08-07,8159
6438,迅得,15,1,14,台新-台南,2023-08-07,8159
2356,英業達,172,159,13,台新-台南,2023-08-07,8159
1316,上曜,376,2,374,台新-台南,2023-08-08,8159
00929,復華台灣科技優息,359,0,359,台新-台南,2023-08-08,8159
00878,國泰永續高股息,331,64,267,台新-台南,2023-08-08,8159
00900,富邦特選高股息30,200,15,185,台新-台南,2023-08-08,8159
00673R,期元大S＆P原油反1,118,8,110,台新-台南,2023-08-08,8159
00706L,期元大S＆P日圓正2,107,0,107,台新-台南,2023-08-08,8159
00688L,國泰20年美債正2,105,0,105,台新-台南,2023-08-08,8159
020033,統一�琤肮黕篾,100,0,100,台新-台南,2023-08-08,8159
2356,英業達,320,229,91,台新-台南,2023-08-08,8159
2409,友達,130,43,87,台新-台南,2023-08-08,8159
2891,中信金,78,0,78,台新-台南,2023-08-08,8159
3231,緯創,343,271,72,台新-台南,2023-08-08,8159
00931B,統一美債20年,175,105,70,台新-台南,2023-08-08,8159
2801,彰銀,69,0,69,台新-台南,2023-08-08,8159
1609,大亞,133,65,68,台新-台南,2023-08-08,8159
6770,力積電,69,3,66,台新-台南,2023-08-08,8159
1905,華紙,81,18,63,台新-台南,2023-08-08,8159
00885,富邦越南,74,12,62,台新-台南,2023-08-08,8159
2303,聯電,52,2,50,台新-台南,2023-08-08,8159
2382,廣達,222,179,43,台新-台南,2023-08-08,8159
2834,臺企銀,43,0,43,台新-台南,2023-08-08,8159
6806,森崴能源,50,8,42,台新-台南,2023-08-08,8159
2352,佳世達,49,9,40,台新-台南,2023-08-08,8159
2033,佳大,36,0,36,台新-台南,2023-08-08,8159
8088,品安,31,0,31,台新-台南,2023-08-08,8159
00923,群益台ESG低碳50,29,0,29,台新-台南,2023-08-08,8159
5880,合庫金,38,9,29,台新-台南,2023-08-08,8159
3306,鼎天,48,19,29,台新-台南,2023-08-08,8159
3265,台星科,28,2,26,台新-台南,2023-08-08,8159
2002,中鋼,26,1,25,台新-台南,2023-08-08,8159
1504,東元,28,3,25,台新-台南,2023-08-08,8159
00897,富邦基因免疫生技,25,0,25,台新-台南,2023-08-08,8159
3034,聯詠,46,22,24,台新-台南,2023-08-08,8159
3062,建漢,25,1,24,台新-台南,2023-08-08,8159
1513,中興電,27,3,24,台新-台南,2023-08-08,8159
6188,廣明,166,143,23,台新-台南,2023-08-08,8159
3051,力特,25,2,23,台新-台南,2023-08-08,8159
3558,神準,32,10,22,台新-台南,2023-08-08,8159
00902,中信電池及儲能,22,0,22,台新-台南,2023-08-08,8159
8930,青鋼,30,8,22,台新-台南,2023-08-08,8159
3207,耀勝,21,0,21,台新-台南,2023-08-08,8159
1440,南紡,20,0,20,台新-台南,2023-08-08,8159
00907,永豐優息存股,20,0,20,台新-台南,2023-08-08,8159
2388,威盛,38,19,19,台新-台南,2023-08-08,8159
2337,旺宏,19,0,19,台新-台南,2023-08-08,8159
2812,台中銀,18,0,18,台新-台南,2023-08-08,8159
00891,中信關鍵半導體,19,1,18,台新-台南,2023-08-08,8159
2367,燿華,18,0,18,台新-台南,2023-08-08,8159
2464,盟立,25,7,18,台新-台南,2023-08-08,8159
3163,波若威,44,27,17,台新-台南,2023-08-08,8159
2890,永豐金,218,26,192,台新-台南,2023-08-09,8159
00929,復華台灣科技優息,127,15,112,台新-台南,2023-08-09,8159
00900,富邦特選高股息30,122,12,110,台新-台南,2023-08-09,8159
00878,國泰永續高股息,200,103,97,台新-台南,2023-08-09,8159
00751B,元大AAA至A公司債,92,0,92,台新-台南,2023-08-09,8159
00907,永豐優息存股,85,0,85,台新-台南,2023-08-09,8159
2409,友達,85,6,79,台新-台南,2023-08-09,8159
00923,群益台ESG低碳50,65,0,65,台新-台南,2023-08-09,8159
2891,中信金,63,6,57,台新-台南,2023-08-09,8159
3231,緯創,323,269,54,台新-台南,2023-08-09,8159
00881,國泰台灣5G+,52,0,52,台新-台南,2023-08-09,8159
5880,合庫金,55,3,52,台新-台南,2023-08-09,8159
00673R,期元大S＆P原油反1,66,19,47,台新-台南,2023-08-09,8159
2027,大成鋼,46,0,46,台新-台南,2023-08-09,8159
00919,群益台灣精選高息,45,0,45,台新-台南,2023-08-09,8159
00931B,統一美債20年,42,0,42,台新-台南,2023-08-09,8159
5425,台半,56,14,42,台新-台南,2023-08-09,8159
2033,佳大,39,0,39,台新-台南,2023-08-09,8159
6156,松上,40,1,39,台新-台南,2023-08-09,8159
2002,中鋼,42,3,39,台新-台南,2023-08-09,8159
2344,華邦電,40,9,31,台新-台南,2023-08-09,8159
2453,凌群,34,3,31,台新-台南,2023-08-09,8159
00676R,富邦臺灣加權反1,30,0,30,台新-台南,2023-08-09,8159
1217,愛之味,31,4,27,台新-台南,2023-08-09,8159
6470,宇智,27,0,27,台新-台南,2023-08-09,8159
8930,青鋼,28,2,26,台新-台南,2023-08-09,8159
1608,華榮,30,5,25,台新-台南,2023-08-09,8159
2867,三商壽,24,0,24,台新-台南,2023-08-09,8159
6284,佳邦,34,10,24,台新-台南,2023-08-09,8159
00706L,期元大S＆P日圓正2,23,0,23,台新-台南,2023-08-09,8159
2511,太子,23,0,23,台新-台南,2023-08-09,8159
1440,南紡,21,0,21,台新-台南,2023-08-09,8159
1313,聯成,22,1,21,台新-台南,2023-08-09,8159
2329,華泰,27,6,21,台新-台南,2023-08-09,8159
2371,大同,65,44,21,台新-台南,2023-08-09,8159
3591,艾笛森,21,1,20,台新-台南,2023-08-09,8159
1210,大成,25,5,20,台新-台南,2023-08-09,8159
2615,萬海,20,0,20,台新-台南,2023-08-09,8159
3005,神基,19,0,19,台新-台南,2023-08-09,8159
6116,彩晶,19,0,19,台新-台南,2023-08-09,8159
3017,奇鋐,60,41,19,台新-台南,2023-08-09,8159
9927,泰銘,21,3,18,台新-台南,2023-08-09,8159
1605,華新,23,6,17,台新-台南,2023-08-09,8159
2609,陽明,24,7,17,台新-台南,2023-08-09,8159
2316,楠梓電,18,1,17,台新-台南,2023-08-09,8159
8096,擎亞,17,0,17,台新-台南,2023-08-09,8159
3078,僑威,45,28,17,台新-台南,2023-08-09,8159
6177,達麗,16,0,16,台新-台南,2023-08-09,8159
6125,廣運,58,42,16,台新-台南,2023-08-09,8159
3034,聯詠,17,1,16,台新-台南,2023-08-09,8159
00929,復華台灣科技優息,249,1,248,台新-台南,2023-08-10,8159
00900,富邦特選高股息30,191,2,189,台新-台南,2023-08-10,8159
00878,國泰永續高股息,259,80,179,台新-台南,2023-08-10,8159
2618,長榮航,285,136,149,台新-台南,2023-08-10,8159
8390,金益鼎,192,46,146,台新-台南,2023-08-10,8159
3483,力致,194,57,137,台新-台南,2023-08-10,8159
00706L,期元大S＆P日圓正2,121,0,121,台新-台南,2023-08-10,8159
2312,金寶,95,10,85,台新-台南,2023-08-10,8159
2888,新光金,174,103,71,台新-台南,2023-08-10,8159
6770,力積電,96,31,65,台新-台南,2023-08-10,8159
0056,元大高股息,78,16,62,台新-台南,2023-08-10,8159
6176,瑞儀,61,0,61,台新-台南,2023-08-10,8159
2883,凱基金,70,13,57,台新-台南,2023-08-10,8159
1609,大亞,127,75,52,台新-台南,2023-08-10,8159
00751B,元大AAA至A公司債,46,2,44,台新-台南,2023-08-10,8159
00885,富邦越南,45,2,43,台新-台南,2023-08-10,8159
2409,友達,95,52,43,台新-台南,2023-08-10,8159
00931B,統一美債20年,42,0,42,台新-台南,2023-08-10,8159
2104,國際中橡,51,11,40,台新-台南,2023-08-10,8159
6282,康舒,92,56,36,台新-台南,2023-08-10,8159
00773B,中信優先金融債,35,0,35,台新-台南,2023-08-10,8159
2323,中環,95,60,35,台新-台南,2023-08-10,8159
00919,群益台灣精選高息,72,37,35,台新-台南,2023-08-10,8159
2002,中鋼,34,0,34,台新-台南,2023-08-10,8159
00679B,元大美債20年,45,11,34,台新-台南,2023-08-10,8159
2382,廣達,134,100,34,台新-台南,2023-08-10,8159
00923,群益台ESG低碳50,39,6,33,台新-台南,2023-08-10,8159
2206,三陽工業,34,2,32,台新-台南,2023-08-10,8159
8930,青鋼,35,3,32,台新-台南,2023-08-10,8159
00902,中信電池及儲能,31,0,31,台新-台南,2023-08-10,8159
2402,毅嘉,47,17,30,台新-台南,2023-08-10,8159
2344,華邦電,37,7,30,台新-台南,2023-08-10,8159
2610,華航,72,42,30,台新-台南,2023-08-10,8159
6122,擎邦,33,3,30,台新-台南,2023-08-10,8159
5469,瀚宇博,33,4,29,台新-台南,2023-08-10,8159
6223,旺矽,37,8,29,台新-台南,2023-08-10,8159
2316,楠梓電,33,4,29,台新-台南,2023-08-10,8159
2324,仁寶,36,10,26,台新-台南,2023-08-10,8159
3032,偉訓,50,24,26,台新-台南,2023-08-10,8159
6531,愛普*,34,8,26,台新-台南,2023-08-10,8159
3583,辛耘,64,38,26,台新-台南,2023-08-10,8159
3037,欣興,32,6,26,台新-台南,2023-08-10,8159
2886,兆豐金,52,29,23,台新-台南,2023-08-10,8159
2303,聯電,32,9,23,台新-台南,2023-08-10,8159
006208,富邦台50,22,0,22,台新-台南,2023-08-10,8159
3033,威健,32,10,22,台新-台南,2023-08-10,8159
2338,光罩,29,8,21,台新-台南,2023-08-10,8159
6470,宇智,21,0,21,台新-台南,2023-08-10,8159
3257,虹冠電,24,3,21,台新-台南,2023-08-10,8159
00930,永豐ESG低碳高息,27,6,21,台新-台南,2023-08-10,8159
1316,上曜,500,0,500,台新-台南,2023-08-11,8159
00881,國泰台灣5G+,408,1,407,台新-台南,2023-08-11,8159
2801,彰銀,214,0,214,台新-台南,2023-08-11,8159
00772B,中信高評級公司債,204,0,204,台新-台南,2023-08-11,8159
00900,富邦特選高股息30,145,0,145,台新-台南,2023-08-11,8159
2618,長榮航,590,483,107,台新-台南,2023-08-11,8159
00929,復華台灣科技優息,112,6,106,台新-台南,2023-08-11,8159
2890,永豐金,111,10,101,台新-台南,2023-08-11,8159
00931B,統一美債20年,100,1,99,台新-台南,2023-08-11,8159
00706L,期元大S＆P日圓正2,98,0,98,台新-台南,2023-08-11,8159
00673R,期元大S＆P原油反1,83,0,83,台新-台南,2023-08-11,8159
00688L,國泰20年美債正2,72,0,72,台新-台南,2023-08-11,8159
2457,飛宏,72,2,70,台新-台南,2023-08-11,8159
2009,第一銅,63,1,62,台新-台南,2023-08-11,8159
3052,夆典,60,3,57,台新-台南,2023-08-11,8159
6116,彩晶,57,4,53,台新-台南,2023-08-11,8159
2883,凱基金,52,0,52,台新-台南,2023-08-11,8159
2812,台中銀,51,0,51,台新-台南,2023-08-11,8159
1301,台塑,52,3,49,台新-台南,2023-08-11,8159
00751B,元大AAA至A公司債,46,0,46,台新-台南,2023-08-11,8159
6156,松上,45,0,45,台新-台南,2023-08-11,8159
2014,中鴻,42,0,42,台新-台南,2023-08-11,8159
00687B,國泰20年美債,40,0,40,台新-台南,2023-08-11,8159
00795B,中信美國公債20年,39,0,39,台新-台南,2023-08-11,8159
6770,力積電,69,31,38,台新-台南,2023-08-11,8159
2338,光罩,34,0,34,台新-台南,2023-08-11,8159
2317,鴻海,34,1,33,台新-台南,2023-08-11,8159
2002,中鋼,36,4,32,台新-台南,2023-08-11,8159
1313,聯成,35,4,31,台新-台南,2023-08-11,8159
2405,輔信,30,0,30,台新-台南,2023-08-11,8159
2329,華泰,67,38,29,台新-台南,2023-08-11,8159
3231,緯創,203,175,28,台新-台南,2023-08-11,8159
2388,威盛,59,33,26,台新-台南,2023-08-11,8159
1440,南紡,25,0,25,台新-台南,2023-08-11,8159
00878,國泰永續高股息,79,55,24,台新-台南,2023-08-11,8159
00773B,中信優先金融債,23,0,23,台新-台南,2023-08-11,8159
2731,雄獅,29,7,22,台新-台南,2023-08-11,8159
1618,合機,20,0,20,台新-台南,2023-08-11,8159
00923,群益台ESG低碳50,19,0,19,台新-台南,2023-08-11,8159
2377,微星,22,3,19,台新-台南,2023-08-11,8159
1909,榮成,19,0,19,台新-台南,2023-08-11,8159
8476,台境*,21,2,19,台新-台南,2023-08-11,8159
2892,第一金,35,16,19,台新-台南,2023-08-11,8159
2356,英業達,134,116,18,台新-台南,2023-08-11,8159
00882,中信中國高股息,18,0,18,台新-台南,2023-08-11,8159
00842B,台新美元銀行債,18,0,18,台新-台南,2023-08-11,8159
2017,官田鋼,21,3,18,台新-台南,2023-08-11,8159
00712,復華富時不動產,22,5,17,台新-台南,2023-08-11,8159
3265,台星科,16,0,16,台新-台南,2023-08-11,8159
2884,玉山金,20,4,16,台新-台南,2023-08-11,8159
00900,富邦特選高股息30,317,0,317,台新-台南,2023-08-14,8159
00929,復華台灣科技優息,392,93,299,台新-台南,2023-08-14,8159
2027,大成鋼,204,4,200,台新-台南,2023-08-14,8159
00878,國泰永續高股息,222,48,174,台新-台南,2023-08-14,8159
1513,中興電,138,14,124,台新-台南,2023-08-14,8159
2603,長榮,145,26,119,台新-台南,2023-08-14,8159
2883,凱基金,100,0,100,台新-台南,2023-08-14,8159
6770,力積電,232,141,91,台新-台南,2023-08-14,8159
2890,永豐金,89,6,83,台新-台南,2023-08-14,8159
2801,彰銀,81,0,81,台新-台南,2023-08-14,8159
1440,南紡,75,0,75,台新-台南,2023-08-14,8159
00751B,元大AAA至A公司債,73,0,73,台新-台南,2023-08-14,8159
2610,華航,99,30,69,台新-台南,2023-08-14,8159
2834,臺企銀,68,0,68,台新-台南,2023-08-14,8159
00923,群益台ESG低碳50,62,1,61,台新-台南,2023-08-14,8159
5512,力麒,60,0,60,台新-台南,2023-08-14,8159
2409,友達,48,1,47,台新-台南,2023-08-14,8159
006208,富邦台50,53,11,42,台新-台南,2023-08-14,8159
2355,敬鵬,44,2,42,台新-台南,2023-08-14,8159
0056,元大高股息,46,6,40,台新-台南,2023-08-14,8159
2344,華邦電,74,34,40,台新-台南,2023-08-14,8159
2356,英業達,226,186,40,台新-台南,2023-08-14,8159
00772B,中信高評級公司債,38,0,38,台新-台南,2023-08-14,8159
6156,松上,37,1,36,台新-台南,2023-08-14,8159
00753L,中信中國50正2,66,30,36,台新-台南,2023-08-14,8159
3705,永信,35,0,35,台新-台南,2023-08-14,8159
00712,復華富時不動產,42,9,33,台新-台南,2023-08-14,8159
00919,群益台灣精選高息,37,5,32,台新-台南,2023-08-14,8159
00931B,統一美債20年,50,20,30,台新-台南,2023-08-14,8159
2408,南亞科,35,5,30,台新-台南,2023-08-14,8159
6126,信音,30,0,30,台新-台南,2023-08-14,8159
2002,中鋼,31,2,29,台新-台南,2023-08-14,8159
2201,裕隆,27,0,27,台新-台南,2023-08-14,8159
3078,僑威,34,10,24,台新-台南,2023-08-14,8159
3051,力特,26,2,24,台新-台南,2023-08-14,8159
2812,台中銀,25,1,24,台新-台南,2023-08-14,8159
2886,兆豐金,25,1,24,台新-台南,2023-08-14,8159
2880,華南金,23,0,23,台新-台南,2023-08-14,8159
2884,玉山金,23,0,23,台新-台南,2023-08-14,8159
4503,金雨,23,0,23,台新-台南,2023-08-14,8159
3231,緯創,288,265,23,台新-台南,2023-08-14,8159
5425,台半,27,5,22,台新-台南,2023-08-14,8159
2388,威盛,37,15,22,台新-台南,2023-08-14,8159
2887,台新金,42,20,22,台新-台南,2023-08-14,8159
6548,長科*,23,2,21,台新-台南,2023-08-14,8159
2867,三商壽,21,0,21,台新-台南,2023-08-14,8159
0050,元大台灣50,28,7,21,台新-台南,2023-08-14,8159
9945,潤泰新,21,0,21,台新-台南,2023-08-14,8159
2365,昆盈,21,0,21,台新-台南,2023-08-14,8159
2838,聯邦銀,20,0,20,台新-台南,2023-08-14,8159
1316,上曜,550,0,550,台新-台南,2023-08-15,8159
00878,國泰永續高股息,450,142,308,台新-台南,2023-08-15,8159
2897,王道銀行,239,2,237,台新-台南,2023-08-15,8159
00923,群益台ESG低碳50,157,2,155,台新-台南,2023-08-15,8159
00929,復華台灣科技優息,106,14,92,台新-台南,2023-08-15,8159
00772B,中信高評級公司債,92,0,92,台新-台南,2023-08-15,8159
00632R,元大台灣50反1,161,73,88,台新-台南,2023-08-15,8159
00900,富邦特選高股息30,83,6,77,台新-台南,2023-08-15,8159
00712,復華富時不動產,58,0,58,台新-台南,2023-08-15,8159
2317,鴻海,57,2,55,台新-台南,2023-08-15,8159
2323,中環,79,26,53,台新-台南,2023-08-15,8159
00924,復華S＆P500成長,51,0,51,台新-台南,2023-08-15,8159
2891,中信金,51,7,44,台新-台南,2023-08-15,8159
2801,彰銀,42,0,42,台新-台南,2023-08-15,8159
2834,臺企銀,44,3,41,台新-台南,2023-08-15,8159
00687B,國泰20年美債,39,0,39,台新-台南,2023-08-15,8159
1802,台玻,44,8,36,台新-台南,2023-08-15,8159
00931B,統一美債20年,34,0,34,台新-台南,2023-08-15,8159
2883,凱基金,59,26,33,台新-台南,2023-08-15,8159
2892,第一金,36,3,33,台新-台南,2023-08-15,8159
6548,長科*,27,0,27,台新-台南,2023-08-15,8159
00751B,元大AAA至A公司債,27,0,27,台新-台南,2023-08-15,8159
00720B,元大投資級公司債,26,0,26,台新-台南,2023-08-15,8159
00907,永豐優息存股,28,2,26,台新-台南,2023-08-15,8159
6578,達邦蛋白,24,0,24,台新-台南,2023-08-15,8159
2312,金寶,78,54,24,台新-台南,2023-08-15,8159
1101,台泥,35,11,24,台新-台南,2023-08-15,8159
2353,宏��,65,43,22,台新-台南,2023-08-15,8159
00679B,元大美債20年,21,0,21,台新-台南,2023-08-15,8159
9933,中鼎,26,5,21,台新-台南,2023-08-15,8159
2421,建準,58,38,20,台新-台南,2023-08-15,8159
3306,鼎天,30,10,20,台新-台南,2023-08-15,8159
6657,華安,20,0,20,台新-台南,2023-08-15,8159
00864B,中信美國公債0-1,20,0,20,台新-台南,2023-08-15,8159
2887,台新金,29,9,20,台新-台南,2023-08-15,8159
2884,玉山金,20,0,20,台新-台南,2023-08-15,8159
3481,群創,71,52,19,台新-台南,2023-08-15,8159
2206,三陽工業,32,14,18,台新-台南,2023-08-15,8159
00882,中信中國高股息,28,10,18,台新-台南,2023-08-15,8159
2888,新光金,18,1,17,台新-台南,2023-08-15,8159
1905,華紙,27,10,17,台新-台南,2023-08-15,8159
00706L,期元大S＆P日圓正2,15,0,15,台新-台南,2023-08-15,8159
2301,光寶科,56,43,13,台新-台南,2023-08-15,8159
5388,中磊,31,18,13,台新-台南,2023-08-15,8159
2104,國際中橡,53,40,13,台新-台南,2023-08-15,8159
2903,遠百,13,0,13,台新-台南,2023-08-15,8159
0050,元大台灣50,13,0,13,台新-台南,2023-08-15,8159
2027,大成鋼,17,5,12,台新-台南,2023-08-15,8159
2002,中鋼,21,10,11,台新-台南,2023-08-15,8159
00688L,國泰20年美債正2,11,0,11,台新-台南,2023-08-15,8159
00929,復華台灣科技優息,172,18,154,台新-台南,2023-08-16,8159
2748,雲品,121,3,118,台新-台南,2023-08-16,8159
00751B,元大AAA至A公司債,113,1,112,台新-台南,2023-08-16,8159
6770,力積電,210,105,105,台新-台南,2023-08-16,8159
2303,聯電,113,8,105,台新-台南,2023-08-16,8159
2027,大成鋼,108,6,102,台新-台南,2023-08-16,8159
00923,群益台ESG低碳50,100,0,100,台新-台南,2023-08-16,8159
00687B,國泰20年美債,84,0,84,台新-台南,2023-08-16,8159
00673R,期元大S＆P原油反1,110,26,84,台新-台南,2023-08-16,8159
2324,仁寶,206,127,79,台新-台南,2023-08-16,8159
2838,聯邦銀,69,0,69,台新-台南,2023-08-16,8159
2332,友訊,115,49,66,台新-台南,2023-08-16,8159
1101,台泥,83,20,63,台新-台南,2023-08-16,8159
2897,王道銀行,61,1,60,台新-台南,2023-08-16,8159
2409,友達,74,15,59,台新-台南,2023-08-16,8159
2301,光寶科,112,53,59,台新-台南,2023-08-16,8159
2883,凱基金,71,14,57,台新-台南,2023-08-16,8159
3481,群創,61,7,54,台新-台南,2023-08-16,8159
4303,信立,53,0,53,台新-台南,2023-08-16,8159
2812,台中銀,53,1,52,台新-台南,2023-08-16,8159
2460,建通,103,56,47,台新-台南,2023-08-16,8159
2344,華邦電,56,13,43,台新-台南,2023-08-16,8159
00680L,元大美債20正2,60,18,42,台新-台南,2023-08-16,8159
2317,鴻海,58,16,42,台新-台南,2023-08-16,8159
2890,永豐金,42,1,41,台新-台南,2023-08-16,8159
2884,玉山金,44,3,41,台新-台南,2023-08-16,8159
00900,富邦特選高股息30,51,10,41,台新-台南,2023-08-16,8159
1513,中興電,46,5,41,台新-台南,2023-08-16,8159
2618,長榮航,120,80,40,台新-台南,2023-08-16,8159
3715,定穎投控,132,93,39,台新-台南,2023-08-16,8159
00882,中信中國高股息,37,0,37,台新-台南,2023-08-16,8159
00772B,中信高評級公司債,36,0,36,台新-台南,2023-08-16,8159
00679B,元大美債20年,35,0,35,台新-台南,2023-08-16,8159
2891,中信金,52,20,32,台新-台南,2023-08-16,8159
00893,國泰智能電動車,32,0,32,台新-台南,2023-08-16,8159
2867,三商壽,31,0,31,台新-台南,2023-08-16,8159
6274,台燿,67,36,31,台新-台南,2023-08-16,8159
2834,臺企銀,67,37,30,台新-台南,2023-08-16,8159
2886,兆豐金,33,4,29,台新-台南,2023-08-16,8159
2002,中鋼,29,1,28,台新-台南,2023-08-16,8159
3711,日月光投控,28,0,28,台新-台南,2023-08-16,8159
00856B,永豐1-3年美公債,25,0,25,台新-台南,2023-08-16,8159
2887,台新金,71,47,24,台新-台南,2023-08-16,8159
1785,光洋科,24,1,23,台新-台南,2023-08-16,8159
6477,安集,20,0,20,台新-台南,2023-08-16,8159
8069,元太,27,7,20,台新-台南,2023-08-16,8159
3058,立德,20,1,19,台新-台南,2023-08-16,8159
0050,元大台灣50,21,2,19,台新-台南,2023-08-16,8159
3078,僑威,29,11,18,台新-台南,2023-08-16,8159
00909,國泰數位支付服務,18,0,18,台新-台南,2023-08-16,8159
1316,上曜,347,0,347,台新-台南,2023-08-17,8159
00706L,期元大S＆P日圓正2,208,1,207,台新-台南,2023-08-17,8159
00897,富邦基因免疫生技,196,0,196,台新-台南,2023-08-17,8159
00772B,中信高評級公司債,178,1,177,台新-台南,2023-08-17,8159
3231,緯創,464,306,158,台新-台南,2023-08-17,8159
2002,中鋼,157,4,153,台新-台南,2023-08-17,8159
2888,新光金,114,1,113,台新-台南,2023-08-17,8159
00688L,國泰20年美債正2,108,1,107,台新-台南,2023-08-17,8159
2897,王道銀行,105,4,101,台新-台南,2023-08-17,8159
00931B,統一美債20年,72,0,72,台新-台南,2023-08-17,8159
00929,復華台灣科技優息,77,7,70,台新-台南,2023-08-17,8159
2883,凱基金,76,9,67,台新-台南,2023-08-17,8159
00751B,元大AAA至A公司債,84,16,68,台新-台南,2023-08-17,8159
2027,大成鋼,100,33,67,台新-台南,2023-08-17,8159
4303,信立,65,0,65,台新-台南,2023-08-17,8159
2356,英業達,220,166,54,台新-台南,2023-08-17,8159
00907,永豐優息存股,54,0,54,台新-台南,2023-08-17,8159
2363,矽統,196,144,52,台新-台南,2023-08-17,8159
2834,臺企銀,52,1,51,台新-台南,2023-08-17,8159
2812,台中銀,57,7,50,台新-台南,2023-08-17,8159
00923,群益台ESG低碳50,63,14,49,台新-台南,2023-08-17,8159
2355,敬鵬,49,3,46,台新-台南,2023-08-17,8159
2344,華邦電,47,7,40,台新-台南,2023-08-17,8159
5328,華容,40,0,40,台新-台南,2023-08-17,8159
00712,復華富時不動產,48,9,39,台新-台南,2023-08-17,8159
2884,玉山金,66,27,39,台新-台南,2023-08-17,8159
1229,聯華,36,0,36,台新-台南,2023-08-17,8159
2748,雲品,35,2,33,台新-台南,2023-08-17,8159
2460,建通,64,32,32,台新-台南,2023-08-17,8159
00720B,元大投資級公司債,40,9,31,台新-台南,2023-08-17,8159
2104,國際中橡,31,0,31,台新-台南,2023-08-17,8159
2618,長榮航,120,89,31,台新-台南,2023-08-17,8159
2303,聯電,55,29,26,台新-台南,2023-08-17,8159
00878,國泰永續高股息,102,77,25,台新-台南,2023-08-17,8159
2409,友達,28,4,24,台新-台南,2023-08-17,8159
00687B,國泰20年美債,43,20,23,台新-台南,2023-08-17,8159
2880,華南金,23,1,22,台新-台南,2023-08-17,8159
5425,台半,43,21,22,台新-台南,2023-08-17,8159
1711,永光,21,0,21,台新-台南,2023-08-17,8159
1467,南緯,20,0,20,台新-台南,2023-08-17,8159
1609,大亞,112,92,20,台新-台南,2023-08-17,8159
9933,中鼎,20,2,18,台新-台南,2023-08-17,8159
2801,彰銀,19,1,18,台新-台南,2023-08-17,8159
2421,建準,69,52,17,台新-台南,2023-08-17,8159
6285,啟��,79,62,17,台新-台南,2023-08-17,8159
6770,力積電,16,0,16,台新-台南,2023-08-17,8159
2329,華泰,73,57,16,台新-台南,2023-08-17,8159
00650L,復華香港正2,15,0,15,台新-台南,2023-08-17,8159
2601,益航,20,5,15,台新-台南,2023-08-17,8159
6005,群益證,15,0,15,台新-台南,2023-08-17,8159
00929,復華台灣科技優息,228,1,227,台新-台南,2023-08-18,8159
00680L,元大美債20正2,219,11,208,台新-台南,2023-08-18,8159
2324,仁寶,219,78,141,台新-台南,2023-08-18,8159
2382,廣達,287,169,118,台新-台南,2023-08-18,8159
00878,國泰永續高股息,194,104,90,台新-台南,2023-08-18,8159
3325,旭品,65,5,60,台新-台南,2023-08-18,8159
2363,矽統,200,146,54,台新-台南,2023-08-18,8159
2356,英業達,190,137,53,台新-台南,2023-08-18,8159
3056,富華新,48,2,46,台新-台南,2023-08-18,8159
3548,兆利,51,6,45,台新-台南,2023-08-18,8159
2891,中信金,45,4,41,台新-台南,2023-08-18,8159
00900,富邦特選高股息30,49,10,39,台新-台南,2023-08-18,8159
2834,臺企銀,38,0,38,台新-台南,2023-08-18,8159
2388,威盛,111,75,36,台新-台南,2023-08-18,8159
3706,神達,87,51,36,台新-台南,2023-08-18,8159
00919,群益台灣精選高息,42,6,36,台新-台南,2023-08-18,8159
2801,彰銀,35,0,35,台新-台南,2023-08-18,8159
2344,華邦電,37,4,33,台新-台南,2023-08-18,8159
00882,中信中國高股息,35,3,32,台新-台南,2023-08-18,8159
2888,新光金,38,6,32,台新-台南,2023-08-18,8159
2317,鴻海,32,1,31,台新-台南,2023-08-18,8159
1795,美時,35,4,31,台新-台南,2023-08-18,8159
1504,東元,50,20,30,台新-台南,2023-08-18,8159
00720B,元大投資級公司債,32,2,30,台新-台南,2023-08-18,8159
2353,宏��,62,35,27,台新-台南,2023-08-18,8159
00772B,中信高評級公司債,30,5,25,台新-台南,2023-08-18,8159
00923,群益台ESG低碳50,35,10,25,台新-台南,2023-08-18,8159
2425,承啟,39,14,25,台新-台南,2023-08-18,8159
3051,力特,43,18,25,台新-台南,2023-08-18,8159
2332,友訊,74,51,23,台新-台南,2023-08-18,8159
00751B,元大AAA至A公司債,24,2,22,台新-台南,2023-08-18,8159
2409,友達,44,22,22,台新-台南,2023-08-18,8159
2481,強茂,21,0,21,台新-台南,2023-08-18,8159
5876,上海商銀,20,0,20,台新-台南,2023-08-18,8159
2104,國際中橡,20,0,20,台新-台南,2023-08-18,8159
00881,國泰台灣5G+,24,4,20,台新-台南,2023-08-18,8159
1101,台泥,28,9,19,台新-台南,2023-08-18,8159
6125,廣運,43,24,19,台新-台南,2023-08-18,8159
00687B,國泰20年美債,18,0,18,台新-台南,2023-08-18,8159
3704,合勤控,21,3,18,台新-台南,2023-08-18,8159
3163,波若威,58,41,17,台新-台南,2023-08-18,8159
2442,新美齊,17,0,17,台新-台南,2023-08-18,8159
2401,凌陽,20,3,17,台新-台南,2023-08-18,8159
6203,海韻電,19,2,17,台新-台南,2023-08-18,8159
2880,華南金,16,0,16,台新-台南,2023-08-18,8159
00712,復華富時不動產,75,59,16,台新-台南,2023-08-18,8159
6245,立端,15,0,15,台新-台南,2023-08-18,8159
1589,永冠-KY,16,1,15,台新-台南,2023-08-18,8159
2329,華泰,140,125,15,台新-台南,2023-08-18,8159
5328,華容,15,0,15,台新-台南,2023-08-18,8159
00680L,元大美債20正2,118,0,118,台新-台南,2023-08-21,8159
00929,復華台灣科技優息,110,0,110,台新-台南,2023-08-21,8159
00751B,元大AAA至A公司債,149,61,88,台新-台南,2023-08-21,8159
1409,新纖,103,16,87,台新-台南,2023-08-21,8159
2324,仁寶,156,71,85,台新-台南,2023-08-21,8159
2883,凱基金,64,0,64,台新-台南,2023-08-21,8159
2382,廣達,120,74,46,台新-台南,2023-08-21,8159
00753L,中信中國50正2,49,16,33,台新-台南,2023-08-21,8159
5013,強新,31,0,31,台新-台南,2023-08-21,8159
00882,中信中國高股息,56,27,29,台新-台南,2023-08-21,8159
2329,華泰,85,61,24,台新-台南,2023-08-21,8159
2606,裕民,29,6,23,台新-台南,2023-08-21,8159
2460,建通,60,38,22,台新-台南,2023-08-21,8159
6026,福邦證,20,0,20,台新-台南,2023-08-21,8159
3706,神達,52,32,20,台新-台南,2023-08-21,8159
9904,寶成,19,0,19,台新-台南,2023-08-21,8159
1504,東元,30,11,19,台新-台南,2023-08-21,8159
2002,中鋼,21,3,18,台新-台南,2023-08-21,8159
00878,國泰永續高股息,73,55,18,台新-台南,2023-08-21,8159
2603,長榮,23,7,16,台新-台南,2023-08-21,8159
2449,京元電子,20,4,16,台新-台南,2023-08-21,8159
2344,華邦電,41,25,16,台新-台南,2023-08-21,8159
2409,友達,16,0,16,台新-台南,2023-08-21,8159
00687B,國泰20年美債,16,0,16,台新-台南,2023-08-21,8159
00772B,中信高評級公司債,27,12,15,台新-台南,2023-08-21,8159
00919,群益台灣精選高息,20,5,15,台新-台南,2023-08-21,8159
9950,萬國通,21,6,15,台新-台南,2023-08-21,8159
00650L,復華香港正2,15,0,15,台新-台南,2023-08-21,8159
2618,長榮航,59,44,15,台新-台南,2023-08-21,8159
2027,大成鋼,15,0,15,台新-台南,2023-08-21,8159
2834,臺企銀,15,0,15,台新-台南,2023-08-21,8159
6274,台燿,22,8,14,台新-台南,2023-08-21,8159
0050,元大台灣50,14,0,14,台新-台南,2023-08-21,8159
2457,飛宏,50,37,13,台新-台南,2023-08-21,8159
2520,冠德,13,0,13,台新-台南,2023-08-21,8159
2340,台亞,14,1,13,台新-台南,2023-08-21,8159
3583,辛耘,27,15,12,台新-台南,2023-08-21,8159
2330,台積電,13,1,12,台新-台南,2023-08-21,8159
00795B,中信美國公債20年,12,0,12,台新-台南,2023-08-21,8159
00923,群益台ESG低碳50,11,0,11,台新-台南,2023-08-21,8159
5340,建榮,12,1,11,台新-台南,2023-08-21,8159
3036A,文曄甲特,11,0,11,台新-台南,2023-08-21,8159
4207,環泰,11,0,11,台新-台南,2023-08-21,8159
6163,華電網,11,0,11,台新-台南,2023-08-21,8159
8210,勤誠,52,41,11,台新-台南,2023-08-21,8159
2301,光寶科,63,53,10,台新-台南,2023-08-21,8159
3308,聯德,12,2,10,台新-台南,2023-08-21,8159
2104,國際中橡,10,0,10,台新-台南,2023-08-21,8159
4999,鑫禾,10,0,10,台新-台南,2023-08-21,8159
1608,華榮,10,0,10,台新-台南,2023-08-21,8159
1316,上曜,300,0,300,台新-台南,2023-08-22,8159
1409,新纖,128,0,128,台新-台南,2023-08-22,8159
00929,復華台灣科技優息,133,6,127,台新-台南,2023-08-22,8159
00751B,元大AAA至A公司債,66,0,66,台新-台南,2023-08-22,8159
2363,矽統,329,269,60,台新-台南,2023-08-22,8159
00688L,國泰20年美債正2,57,0,57,台新-台南,2023-08-22,8159
6603,富強鑫,60,4,56,台新-台南,2023-08-22,8159
2382,廣達,269,214,55,台新-台南,2023-08-22,8159
1806,冠軍,50,0,50,台新-台南,2023-08-22,8159
2637,慧洋-KY,53,6,47,台新-台南,2023-08-22,8159
1513,中興電,49,6,43,台新-台南,2023-08-22,8159
9904,寶成,40,0,40,台新-台南,2023-08-22,8159
2886,兆豐金,41,2,39,台新-台南,2023-08-22,8159
00878,國泰永續高股息,99,60,39,台新-台南,2023-08-22,8159
3231,緯創,186,149,37,台新-台南,2023-08-22,8159
2891,中信金,41,5,36,台新-台南,2023-08-22,8159
6125,廣運,102,69,33,台新-台南,2023-08-22,8159
4532,瑞智,31,1,30,台新-台南,2023-08-22,8159
00680L,元大美債20正2,64,35,29,台新-台南,2023-08-22,8159
2645,長榮航太,24,0,24,台新-台南,2023-08-22,8159
3693,營邦,42,18,24,台新-台南,2023-08-22,8159
6163,華電網,26,4,22,台新-台南,2023-08-22,8159
2356,英業達,132,110,22,台新-台南,2023-08-22,8159
3163,波若威,67,45,22,台新-台南,2023-08-22,8159
5608,四維航,21,0,21,台新-台南,2023-08-22,8159
3016,嘉晶,21,0,21,台新-台南,2023-08-22,8159
006208,富邦台50,20,0,20,台新-台南,2023-08-22,8159
5328,華容,20,0,20,台新-台南,2023-08-22,8159
2890,永豐金,21,2,19,台新-台南,2023-08-22,8159
2884,玉山金,31,13,18,台新-台南,2023-08-22,8159
00795B,中信美國公債20年,18,0,18,台新-台南,2023-08-22,8159
00633L,富邦上証正2,17,0,17,台新-台南,2023-08-22,8159
3596,智易,25,9,16,台新-台南,2023-08-22,8159
00885,富邦越南,67,51,16,台新-台南,2023-08-22,8159
00706L,期元大S＆P日圓正2,16,0,16,台新-台南,2023-08-22,8159
2897,王道銀行,15,0,15,台新-台南,2023-08-22,8159
2421,建準,41,26,15,台新-台南,2023-08-22,8159
5706,鳳凰,15,0,15,台新-台南,2023-08-22,8159
2323,中環,15,0,15,台新-台南,2023-08-22,8159
3051,力特,42,28,14,台新-台南,2023-08-22,8159
3306,鼎天,49,35,14,台新-台南,2023-08-22,8159
5469,瀚宇博,21,7,14,台新-台南,2023-08-22,8159
6470,宇智,14,0,14,台新-台南,2023-08-22,8159
00712,復華富時不動產,19,6,13,台新-台南,2023-08-22,8159
00919,群益台灣精選高息,13,0,13,台新-台南,2023-08-22,8159
2353,宏��,41,28,13,台新-台南,2023-08-22,8159
3380,明泰,15,2,13,台新-台南,2023-08-22,8159
4934,太極,19,6,13,台新-台南,2023-08-22,8159
5876,上海商銀,13,0,13,台新-台南,2023-08-22,8159
8358,金居,37,24,13,台新-台南,2023-08-22,8159
2332,友訊,281,71,210,台新-台南,2023-08-23,8159
2888,新光金,203,0,203,台新-台南,2023-08-23,8159
00706L,期元大S＆P日圓正2,100,0,100,台新-台南,2023-08-23,8159
3051,力特,122,38,84,台新-台南,2023-08-23,8159
2867,三商壽,80,0,80,台新-台南,2023-08-23,8159
00751B,元大AAA至A公司債,67,0,67,台新-台南,2023-08-23,8159
1409,新纖,60,0,60,台新-台南,2023-08-23,8159
00919,群益台灣精選高息,50,1,49,台新-台南,2023-08-23,8159
00893,國泰智能電動車,50,1,49,台新-台南,2023-08-23,8159
00680L,元大美債20正2,101,53,48,台新-台南,2023-08-23,8159
2618,長榮航,114,71,43,台新-台南,2023-08-23,8159
2329,華泰,124,81,43,台新-台南,2023-08-23,8159
2355,敬鵬,54,19,35,台新-台南,2023-08-23,8159
1310,台苯,35,0,35,台新-台南,2023-08-23,8159
2883,凱基金,39,5,34,台新-台南,2023-08-23,8159
2324,仁寶,41,9,32,台新-台南,2023-08-23,8159
2303,聯電,70,40,30,台新-台南,2023-08-23,8159
5013,強新,27,0,27,台新-台南,2023-08-23,8159
2351,順德,25,0,25,台新-台南,2023-08-23,8159
00865B,國泰US短期公債,25,0,25,台新-台南,2023-08-23,8159
6185,幃翔,22,0,22,台新-台南,2023-08-23,8159
2316,楠梓電,24,2,22,台新-台南,2023-08-23,8159
2301,光寶科,62,41,21,台新-台南,2023-08-23,8159
3163,波若威,56,35,21,台新-台南,2023-08-23,8159
2887,台新金,22,2,20,台新-台南,2023-08-23,8159
5426,振發,23,3,20,台新-台南,2023-08-23,8159
00632R,元大台灣50反1,20,0,20,台新-台南,2023-08-23,8159
6603,富強鑫,20,0,20,台新-台南,2023-08-23,8159
1467,南緯,20,0,20,台新-台南,2023-08-23,8159
4720,德淵,20,0,20,台新-台南,2023-08-23,8159
00772B,中信高評級公司債,22,2,20,台新-台南,2023-08-23,8159
6282,康舒,58,38,20,台新-台南,2023-08-23,8159
00795B,中信美國公債20年,20,2,18,台新-台南,2023-08-23,8159
00665L,富邦�琤肭磪囓�2,45,27,18,台新-台南,2023-08-23,8159
2382,廣達,200,183,17,台新-台南,2023-08-23,8159
1513,中興電,21,4,17,台新-台南,2023-08-23,8159
1909,榮成,22,5,17,台新-台南,2023-08-23,8159
3520,華盈,17,1,16,台新-台南,2023-08-23,8159
3689,湧德,26,10,16,台新-台南,2023-08-23,8159
3032,偉訓,16,0,16,台新-台南,2023-08-23,8159
2880,華南金,16,1,15,台新-台南,2023-08-23,8159
2637,慧洋-KY,17,2,15,台新-台南,2023-08-23,8159
6470,宇智,15,0,15,台新-台南,2023-08-23,8159
00719B,元大美債1-3,15,0,15,台新-台南,2023-08-23,8159
9945,潤泰新,25,11,14,台新-台南,2023-08-23,8159
3058,立德,15,2,13,台新-台南,2023-08-23,8159
1737,臺鹽,21,8,13,台新-台南,2023-08-23,8159
5880,合庫金,12,0,12,台新-台南,2023-08-23,8159
00923,群益台ESG低碳50,13,1,12,台新-台南,2023-08-23,8159
2889,國票金,12,0,12,台新-台南,2023-08-23,8159
00929,復華台灣科技優息,388,46,342,台新-台南,2023-08-24,8159
1316,上曜,303,0,303,台新-台南,2023-08-24,8159
00919,群益台灣精選高息,150,9,141,台新-台南,2023-08-24,8159
3231,緯創,545,419,126,台新-台南,2023-08-24,8159
00715L,期街口布蘭特正2,117,0,117,台新-台南,2023-08-24,8159
2867,三商壽,112,0,112,台新-台南,2023-08-24,8159
00882,中信中國高股息,113,20,93,台新-台南,2023-08-24,8159
2883,凱基金,72,1,71,台新-台南,2023-08-24,8159
1409,新纖,62,0,62,台新-台南,2023-08-24,8159
2464,盟立,90,32,58,台新-台南,2023-08-24,8159
2002,中鋼,55,2,53,台新-台南,2023-08-24,8159
2312,金寶,82,33,49,台新-台南,2023-08-24,8159
5426,振發,59,10,49,台新-台南,2023-08-24,8159
6185,幃翔,50,3,47,台新-台南,2023-08-24,8159
6274,台燿,75,32,43,台新-台南,2023-08-24,8159
6770,力積電,45,5,40,台新-台南,2023-08-24,8159
2884,玉山金,43,3,40,台新-台南,2023-08-24,8159
6603,富強鑫,35,0,35,台新-台南,2023-08-24,8159
2409,友達,55,23,32,台新-台南,2023-08-24,8159
5469,瀚宇博,37,7,30,台新-台南,2023-08-24,8159
2887,台新金,32,3,29,台新-台南,2023-08-24,8159
6187,萬潤,40,12,28,台新-台南,2023-08-24,8159
3706,神達,61,34,27,台新-台南,2023-08-24,8159
00900,富邦特選高股息30,36,9,27,台新-台南,2023-08-24,8159
2382,廣達,251,225,26,台新-台南,2023-08-24,8159
2609,陽明,34,8,26,台新-台南,2023-08-24,8159
2460,建通,63,38,25,台新-台南,2023-08-24,8159
2352,佳世達,32,9,23,台新-台南,2023-08-24,8159
3306,鼎天,23,1,22,台新-台南,2023-08-24,8159
2634,漢翔,137,116,21,台新-台南,2023-08-24,8159
6188,廣明,32,13,19,台新-台南,2023-08-24,8159
00878,國泰永續高股息,235,217,18,台新-台南,2023-08-24,8159
2892,第一金,17,0,17,台新-台南,2023-08-24,8159
4167,松瑞藥,17,1,16,台新-台南,2023-08-24,8159
00893,國泰智能電動車,22,6,16,台新-台南,2023-08-24,8159
2353,宏��,53,38,15,台新-台南,2023-08-24,8159
3305,昇貿,21,7,14,台新-台南,2023-08-24,8159
00923,群益台ESG低碳50,14,1,13,台新-台南,2023-08-24,8159
2313,華通,14,1,13,台新-台南,2023-08-24,8159
3035,智原,54,41,13,台新-台南,2023-08-24,8159
3017,奇鋐,23,10,13,台新-台南,2023-08-24,8159
8210,勤誠,40,27,13,台新-台南,2023-08-24,8159
1326,台化,12,0,12,台新-台南,2023-08-24,8159
2615,萬海,14,2,12,台新-台南,2023-08-24,8159
1101,台泥,13,1,12,台新-台南,2023-08-24,8159
2449,京元電子,96,85,11,台新-台南,2023-08-24,8159
2880,華南金,14,3,11,台新-台南,2023-08-24,8159
3032,偉訓,22,11,11,台新-台南,2023-08-24,8159
3483,力致,34,23,11,台新-台南,2023-08-24,8159
3163,波若威,50,40,10,台新-台南,2023-08-24,8159
00878,國泰永續高股息,391,11,380,台新-台南,2023-08-25,8159
3231,緯創,430,261,169,台新-台南,2023-08-25,8159
00929,復華台灣科技優息,146,10,136,台新-台南,2023-08-25,8159
1316,上曜,120,0,120,台新-台南,2023-08-25,8159
2382,廣達,255,139,116,台新-台南,2023-08-25,8159
00897,富邦基因免疫生技,102,0,102,台新-台南,2023-08-25,8159
00919,群益台灣精選高息,91,0,91,台新-台南,2023-08-25,8159
2353,宏��,81,11,70,台新-台南,2023-08-25,8159
00706L,期元大S＆P日圓正2,62,0,62,台新-台南,2023-08-25,8159
3037,欣興,94,38,56,台新-台南,2023-08-25,8159
2618,長榮航,71,20,51,台新-台南,2023-08-25,8159
2883,凱基金,51,2,49,台新-台南,2023-08-25,8159
6108,競國,46,0,46,台新-台南,2023-08-25,8159
00888,永豐台灣ESG,44,0,44,台新-台南,2023-08-25,8159
5381,合正,56,13,43,台新-台南,2023-08-25,8159
1802,台玻,41,0,41,台新-台南,2023-08-25,8159
2615,萬海,46,9,37,台新-台南,2023-08-25,8159
2610,華航,49,14,35,台新-台南,2023-08-25,8159
2002,中鋼,36,2,34,台新-台南,2023-08-25,8159
2324,仁寶,58,26,32,台新-台南,2023-08-25,8159
5905,南仁湖,33,1,32,台新-台南,2023-08-25,8159
1513,中興電,34,3,31,台新-台南,2023-08-25,8159
1603,華電,30,0,30,台新-台南,2023-08-25,8159
00895,富邦未來車,29,0,29,台新-台南,2023-08-25,8159
0056,元大高股息,65,38,27,台新-台南,2023-08-25,8159
2887,台新金,31,6,25,台新-台南,2023-08-25,8159
2892,第一金,29,6,23,台新-台南,2023-08-25,8159
6603,富強鑫,22,0,22,台新-台南,2023-08-25,8159
2881,富邦金,21,0,21,台新-台南,2023-08-25,8159
2329,華泰,136,115,21,台新-台南,2023-08-25,8159
2303,聯電,33,12,21,台新-台南,2023-08-25,8159
2464,盟立,26,5,21,台新-台南,2023-08-25,8159
00922,國泰台灣領袖50,20,0,20,台新-台南,2023-08-25,8159
4503,金雨,20,0,20,台新-台南,2023-08-25,8159
1909,榮成,20,0,20,台新-台南,2023-08-25,8159
00632R,元大台灣50反1,40,20,20,台新-台南,2023-08-25,8159
1440,南紡,19,0,19,台新-台南,2023-08-25,8159
1229,聯華,20,1,19,台新-台南,2023-08-25,8159
2330,台積電,22,3,19,台新-台南,2023-08-25,8159
6418,詠昇,20,2,18,台新-台南,2023-08-25,8159
3567,逸昌,18,0,18,台新-台南,2023-08-25,8159
1301,台塑,17,0,17,台新-台南,2023-08-25,8159
3031,佰鴻,17,0,17,台新-台南,2023-08-25,8159
2340,台亞,18,1,17,台新-台南,2023-08-25,8159
8033,雷虎,20,5,15,台新-台南,2023-08-25,8159
2345,智邦,19,4,15,台新-台南,2023-08-25,8159
3032,偉訓,18,3,15,台新-台南,2023-08-25,8159
3017,奇鋐,27,12,15,台新-台南,2023-08-25,8159
8222,寶一,47,32,15,台新-台南,2023-08-25,8159
4906,正文,77,62,15,台新-台南,2023-08-25,8159
4906,正文,244,45,199,台新-台南,2023-08-28,8159
1316,上曜,154,0,154,台新-台南,2023-08-28,8159
00878,國泰永續高股息,180,77,103,台新-台南,2023-08-28,8159
00929,復華台灣科技優息,203,103,100,台新-台南,2023-08-28,8159
2353,宏��,103,4,99,台新-台南,2023-08-28,8159
2331,精英,241,152,89,台新-台南,2023-08-28,8159
2609,陽明,96,8,88,台新-台南,2023-08-28,8159
2388,威盛,103,24,79,台新-台南,2023-08-28,8159
00882,中信中國高股息,75,10,65,台新-台南,2023-08-28,8159
2485,兆赫,72,9,63,台新-台南,2023-08-28,8159
2618,長榮航,74,21,53,台新-台南,2023-08-28,8159
1609,大亞,106,56,50,台新-台南,2023-08-28,8159
00753L,中信中國50正2,69,24,45,台新-台南,2023-08-28,8159
2883,凱基金,41,0,41,台新-台南,2023-08-28,8159
1314,中石化,52,12,40,台新-台南,2023-08-28,8159
5371,中光電,40,0,40,台新-台南,2023-08-28,8159
00772B,中信高評級公司債,40,2,38,台新-台南,2023-08-28,8159
2884,玉山金,39,1,38,台新-台南,2023-08-28,8159
1737,臺鹽,105,68,37,台新-台南,2023-08-28,8159
1409,新纖,35,0,35,台新-台南,2023-08-28,8159
00773B,中信優先金融債,35,1,34,台新-台南,2023-08-28,8159
00679B,元大美債20年,36,2,34,台新-台南,2023-08-28,8159
2301,光寶科,62,30,32,台新-台南,2023-08-28,8159
2323,中環,58,30,28,台新-台南,2023-08-28,8159
3715,定穎投控,52,25,27,台新-台南,2023-08-28,8159
2356,英業達,43,17,26,台新-台南,2023-08-28,8159
2332,友訊,50,25,25,台新-台南,2023-08-28,8159
8049,晶采,25,0,25,台新-台南,2023-08-28,8159
2002,中鋼,27,3,24,台新-台南,2023-08-28,8159
6188,廣明,42,21,21,台新-台南,2023-08-28,8159
1467,南緯,20,0,20,台新-台南,2023-08-28,8159
6209,今國光,20,0,20,台新-台南,2023-08-28,8159
4712,福格創新,20,0,20,台新-台南,2023-08-28,8159
1909,榮成,18,0,18,台新-台南,2023-08-28,8159
5388,中磊,22,4,18,台新-台南,2023-08-28,8159
1326,台化,18,0,18,台新-台南,2023-08-28,8159
1513,中興電,23,6,17,台新-台南,2023-08-28,8159
00706L,期元大S＆P日圓正2,17,0,17,台新-台南,2023-08-28,8159
3227,原相,23,7,16,台新-台南,2023-08-28,8159
5469,瀚宇博,16,0,16,台新-台南,2023-08-28,8159
6603,富強鑫,15,0,15,台新-台南,2023-08-28,8159
2460,建通,49,34,15,台新-台南,2023-08-28,8159
4543,萬在,39,24,15,台新-台南,2023-08-28,8159
00919,群益台灣精選高息,18,4,14,台新-台南,2023-08-28,8159
4526,東台,14,0,14,台新-台南,2023-08-28,8159
2421,建準,52,39,13,台新-台南,2023-08-28,8159
3032,偉訓,13,0,13,台新-台南,2023-08-28,8159
2881,富邦金,17,4,13,台新-台南,2023-08-28,8159
2892,第一金,27,14,13,台新-台南,2023-08-28,8159
00637L,元大滬深300正2,25,12,13,台新-台南,2023-08-28,8159
00929,復華台灣科技優息,401,2,399,台新-台南,2023-08-29,8159
00632R,元大台灣50反1,300,0,300,台新-台南,2023-08-29,8159
3051,力特,356,65,291,台新-台南,2023-08-29,8159
2883,凱基金,208,1,207,台新-台南,2023-08-29,8159
6167,久正,49,4,45,台新-台南,2023-08-29,8159
2303,聯電,89,48,41,台新-台南,2023-08-29,8159
2002,中鋼,40,0,40,台新-台南,2023-08-29,8159
00882,中信中國高股息,33,0,33,台新-台南,2023-08-29,8159
00662,富邦NASDAQ,33,0,33,台新-台南,2023-08-29,8159
00919,群益台灣精選高息,31,0,31,台新-台南,2023-08-29,8159
1605,華新,37,6,31,台新-台南,2023-08-29,8159
6603,富強鑫,31,0,31,台新-台南,2023-08-29,8159
1316,上曜,30,0,30,台新-台南,2023-08-29,8159
2906,高林,30,0,30,台新-台南,2023-08-29,8159
1440,南紡,30,0,30,台新-台南,2023-08-29,8159
1314,中石化,29,1,28,台新-台南,2023-08-29,8159
2312,金寶,27,1,26,台新-台南,2023-08-29,8159
5381,合正,34,9,25,台新-台南,2023-08-29,8159
1737,臺鹽,24,2,22,台新-台南,2023-08-29,8159
2331,精英,88,66,22,台新-台南,2023-08-29,8159
2634,漢翔,60,38,22,台新-台南,2023-08-29,8159
2460,建通,22,1,21,台新-台南,2023-08-29,8159
0056,元大高股息,21,1,20,台新-台南,2023-08-29,8159
4526,東台,20,0,20,台新-台南,2023-08-29,8159
2886,兆豐金,24,4,20,台新-台南,2023-08-29,8159
1101,台泥,20,1,19,台新-台南,2023-08-29,8159
2387,精元,19,0,19,台新-台南,2023-08-29,8159
2903,遠百,23,5,18,台新-台南,2023-08-29,8159
2356,英業達,54,38,16,台新-台南,2023-08-29,8159
6282,康舒,21,6,15,台新-台南,2023-08-29,8159
2355,敬鵬,28,14,14,台新-台南,2023-08-29,8159
2630,亞航,109,95,14,台新-台南,2023-08-29,8159
00706L,期元大S＆P日圓正2,14,0,14,台新-台南,2023-08-29,8159
6235,華孚,74,61,13,台新-台南,2023-08-29,8159
2892,第一金,18,5,13,台新-台南,2023-08-29,8159
8033,雷虎,17,4,13,台新-台南,2023-08-29,8159
2332,友訊,36,23,13,台新-台南,2023-08-29,8159
8222,寶一,48,36,12,台新-台南,2023-08-29,8159
1905,華紙,58,46,12,台新-台南,2023-08-29,8159
2014,中鴻,10,0,10,台新-台南,2023-08-29,8159
1712,興農,10,0,10,台新-台南,2023-08-29,8159
4167,松瑞藥,10,0,10,台新-台南,2023-08-29,8159
2637,慧洋-KY,13,3,10,台新-台南,2023-08-29,8159
8150,南茂,10,0,10,台新-台南,2023-08-29,8159
2405,輔信,10,0,10,台新-台南,2023-08-29,8159
6485,點序,10,0,10,台新-台南,2023-08-29,8159
8112,至上,11,1,10,台新-台南,2023-08-29,8159
5009,榮剛,17,8,9,台新-台南,2023-08-29,8159
3693,營邦,19,11,8,台新-台南,2023-08-29,8159
2402,毅嘉,67,59,8,台新-台南,2023-08-29,8159
2618,長榮航,279,34,245,台新-台南,2023-08-30,8159
00632R,元大台灣50反1,210,54,156,台新-台南,2023-08-30,8159
00673R,期元大S＆P原油反1,134,0,134,台新-台南,2023-08-30,8159
00679B,元大美債20年,110,6,104,台新-台南,2023-08-30,8159
1316,上曜,80,0,80,台新-台南,2023-08-30,8159
3006,晶豪科,71,5,66,台新-台南,2023-08-30,8159
3051,力特,71,13,58,台新-台南,2023-08-30,8159
00929,復華台灣科技優息,103,50,53,台新-台南,2023-08-30,8159
4303,信立,50,0,50,台新-台南,2023-08-30,8159
2409,友達,58,12,46,台新-台南,2023-08-30,8159
2886,兆豐金,61,20,41,台新-台南,2023-08-30,8159
3481,群創,153,118,35,台新-台南,2023-08-30,8159
2027,大成鋼,37,4,33,台新-台南,2023-08-30,8159
5340,建榮,30,3,27,台新-台南,2023-08-30,8159
2317,鴻海,27,1,26,台新-台南,2023-08-30,8159
00919,群益台灣精選高息,36,12,24,台新-台南,2023-08-30,8159
8064,東捷,30,6,24,台新-台南,2023-08-30,8159
2883,凱基金,31,7,24,台新-台南,2023-08-30,8159
3231,緯創,338,315,23,台新-台南,2023-08-30,8159
1101,台泥,22,0,22,台新-台南,2023-08-30,8159
8222,寶一,41,19,22,台新-台南,2023-08-30,8159
2367,燿華,29,7,22,台新-台南,2023-08-30,8159
5009,榮剛,88,71,17,台新-台南,2023-08-30,8159
2324,仁寶,39,22,17,台新-台南,2023-08-30,8159
6120,達運,17,0,17,台新-台南,2023-08-30,8159
2002,中鋼,37,21,16,台新-台南,2023-08-30,8159
2352,佳世達,16,0,16,台新-台南,2023-08-30,8159
2609,陽明,42,27,15,台新-台南,2023-08-30,8159
3045,台灣大,15,0,15,台新-台南,2023-08-30,8159
3094,聯傑,14,1,13,台新-台南,2023-08-30,8159
6282,康舒,30,18,12,台新-台南,2023-08-30,8159
2884,玉山金,14,2,12,台新-台南,2023-08-30,8159
5222,全訊,13,1,12,台新-台南,2023-08-30,8159
4979,華星光,44,32,12,台新-台南,2023-08-30,8159
00923,群益台ESG低碳50,11,0,11,台新-台南,2023-08-30,8159
1612,宏泰,14,3,11,台新-台南,2023-08-30,8159
1810,和成,10,0,10,台新-台南,2023-08-30,8159
2387,精元,10,0,10,台新-台南,2023-08-30,8159
8215,明基材,10,0,10,台新-台南,2023-08-30,8159
3306,鼎天,10,0,10,台新-台南,2023-08-30,8159
6209,今國光,10,0,10,台新-台南,2023-08-30,8159
2881,富邦金,10,0,10,台新-台南,2023-08-30,8159
2887,台新金,15,5,10,台新-台南,2023-08-30,8159
2301,光寶科,52,43,9,台新-台南,2023-08-30,8159
8033,雷虎,11,2,9,台新-台南,2023-08-30,8159
1815,富喬,12,3,9,台新-台南,2023-08-30,8159
2906,高林,12,3,9,台新-台南,2023-08-30,8159
6274,台燿,34,26,8,台新-台南,2023-08-30,8159
6217,中探針,10,2,8,台新-台南,2023-08-30,8159
1326,台化,9,1,8,台新-台南,2023-08-30,8159
00706L,期元大S＆P日圓正2,200,4,196,台新-台南,2023-08-31,8159
3051,力特,203,10,193,台新-台南,2023-08-31,8159
2867,三商壽,170,2,168,台新-台南,2023-08-31,8159
1316,上曜,170,3,167,台新-台南,2023-08-31,8159
2834,臺企銀,219,121,98,台新-台南,2023-08-31,8159
3078,僑威,132,49,83,台新-台南,2023-08-31,8159
2376,技嘉,148,66,82,台新-台南,2023-08-31,8159
9904,寶成,74,0,74,台新-台南,2023-08-31,8159
2511,太子,72,0,72,台新-台南,2023-08-31,8159
2337,旺宏,139,74,65,台新-台南,2023-08-31,8159
1905,華紙,65,3,62,台新-台南,2023-08-31,8159
1727,中華化,59,0,59,台新-台南,2023-08-31,8159
00882,中信中國高股息,57,0,57,台新-台南,2023-08-31,8159
2607,榮運,100,45,55,台新-台南,2023-08-31,8159
1101,台泥,58,3,55,台新-台南,2023-08-31,8159
2303,聯電,57,3,54,台新-台南,2023-08-31,8159
2913,農林,54,0,54,台新-台南,2023-08-31,8159
2887,台新金,62,11,51,台新-台南,2023-08-31,8159
00929,復華台灣科技優息,101,52,49,台新-台南,2023-08-31,8159
2880,華南金,42,1,41,台新-台南,2023-08-31,8159
2323,中環,47,7,40,台新-台南,2023-08-31,8159
6104,創惟,46,8,38,台新-台南,2023-08-31,8159
00878,國泰永續高股息,62,26,36,台新-台南,2023-08-31,8159
2409,友達,44,9,35,台新-台南,2023-08-31,8159
00919,群益台灣精選高息,36,2,34,台新-台南,2023-08-31,8159
2897,王道銀行,50,16,34,台新-台南,2023-08-31,8159
4906,正文,41,8,33,台新-台南,2023-08-31,8159
2883,凱基金,33,1,32,台新-台南,2023-08-31,8159
2618,長榮航,95,64,31,台新-台南,2023-08-31,8159
1314,中石化,28,0,28,台新-台南,2023-08-31,8159
1802,台玻,109,81,28,台新-台南,2023-08-31,8159
2890,永豐金,26,0,26,台新-台南,2023-08-31,8159
2401,凌陽,45,19,26,台新-台南,2023-08-31,8159
2440,太空梭,30,4,26,台新-台南,2023-08-31,8159
2312,金寶,24,0,24,台新-台南,2023-08-31,8159
8033,雷虎,46,23,23,台新-台南,2023-08-31,8159
6116,彩晶,25,3,22,台新-台南,2023-08-31,8159
1605,華新,30,9,21,台新-台南,2023-08-31,8159
4960,誠美材,20,0,20,台新-台南,2023-08-31,8159
4532,瑞智,19,0,19,台新-台南,2023-08-31,8159
00923,群益台ESG低碳50,19,0,19,台新-台南,2023-08-31,8159
2460,建通,41,22,19,台新-台南,2023-08-31,8159
2464,盟立,18,0,18,台新-台南,2023-08-31,8159
2002,中鋼,20,2,18,台新-台南,2023-08-31,8159
6284,佳邦,25,8,17,台新-台南,2023-08-31,8159
2495,普安,36,20,16,台新-台南,2023-08-31,8159
2426,鼎元,15,0,15,台新-台南,2023-08-31,8159
3715,定穎投控,153,138,15,台新-台南,2023-08-31,8159
2888,新光金,18,4,14,台新-台南,2023-08-31,8159
2801,彰銀,15,1,14,台新-台南,2023-08-31,8159
2511,太子,327,0,327,台新-台南,2023-09-01,8159
2618,長榮航,416,108,308,台新-台南,2023-09-01,8159
00929,復華台灣科技優息,255,14,241,台新-台南,2023-09-01,8159
00919,群益台灣精選高息,231,12,219,台新-台南,2023-09-01,8159
00932,兆豐永續高息等權,196,1,195,台新-台南,2023-09-01,8159
00673R,期元大S＆P原油反1,190,3,187,台新-台南,2023-09-01,8159
1316,上曜,150,0,150,台新-台南,2023-09-01,8159
3231,緯創,422,304,118,台新-台南,2023-09-01,8159
00688L,國泰20年美債正2,100,0,100,台新-台南,2023-09-01,8159
1522,堤維西,124,27,97,台新-台南,2023-09-01,8159
00680L,元大美債20正2,110,35,75,台新-台南,2023-09-01,8159
00878,國泰永續高股息,110,41,69,台新-台南,2023-09-01,8159
2356,英業達,99,35,64,台新-台南,2023-09-01,8159
2206,三陽工業,113,49,64,台新-台南,2023-09-01,8159
2402,毅嘉,210,166,44,台新-台南,2023-09-01,8159
2324,仁寶,64,21,43,台新-台南,2023-09-01,8159
2607,榮運,42,0,42,台新-台南,2023-09-01,8159
1513,中興電,106,65,41,台新-台南,2023-09-01,8159
2401,凌陽,58,17,41,台新-台南,2023-09-01,8159
6578,達邦蛋白,39,0,39,台新-台南,2023-09-01,8159
2332,友訊,61,25,36,台新-台南,2023-09-01,8159
1409,新纖,36,0,36,台新-台南,2023-09-01,8159
2436,偉詮電,44,13,31,台新-台南,2023-09-01,8159
4157,太景*-KY,30,0,30,台新-台南,2023-09-01,8159
2609,陽明,34,4,30,台新-台南,2023-09-01,8159
2883,凱基金,61,33,28,台新-台南,2023-09-01,8159
5381,合正,48,20,28,台新-台南,2023-09-01,8159
6592B,和潤企業乙特,28,1,27,台新-台南,2023-09-01,8159
2897,王道銀行,25,1,24,台新-台南,2023-09-01,8159
2382,廣達,159,136,23,台新-台南,2023-09-01,8159
1605,華新,35,14,21,台新-台南,2023-09-01,8159
8210,勤誠,29,9,20,台新-台南,2023-09-01,8159
2421,建準,26,6,20,台新-台南,2023-09-01,8159
3046,建��,31,12,19,台新-台南,2023-09-01,8159
1785,光洋科,19,0,19,台新-台南,2023-09-01,8159
00900,富邦特選高股息30,28,11,17,台新-台南,2023-09-01,8159
3081,聯亞,19,3,16,台新-台南,2023-09-01,8159
3234,光環,21,5,16,台新-台南,2023-09-01,8159
4532,瑞智,18,2,16,台新-台南,2023-09-01,8159
3715,定穎投控,72,57,15,台新-台南,2023-09-01,8159
6257,矽格,15,0,15,台新-台南,2023-09-01,8159
6235,華孚,56,42,14,台新-台南,2023-09-01,8159
3042,晶技,19,5,14,台新-台南,2023-09-01,8159
6111,大宇資,12,0,12,台新-台南,2023-09-01,8159
1109,信大,12,0,12,台新-台南,2023-09-01,8159
2887,台新金,20,8,12,台新-台南,2023-09-01,8159
3163,波若威,47,35,12,台新-台南,2023-09-01,8159
6531,愛普*,14,3,11,台新-台南,2023-09-01,8159
2027,大成鋼,13,2,11,台新-台南,2023-09-01,8159
00902,中信電池及儲能,11,0,11,台新-台南,2023-09-01,8159
00929,復華台灣科技優息,212,21,191,台新-台南,2023-09-04,8159
1316,上曜,160,6,154,台新-台南,2023-09-04,8159
2363,矽統,211,101,110,台新-台南,2023-09-04,8159
5512,力麒,80,1,79,台新-台南,2023-09-04,8159
00919,群益台灣精選高息,95,25,70,台新-台南,2023-09-04,8159
2409,友達,122,56,66,台新-台南,2023-09-04,8159
00878,國泰永續高股息,103,41,62,台新-台南,2023-09-04,8159
1584,精剛,189,132,57,台新-台南,2023-09-04,8159
2329,華泰,65,16,49,台新-台南,2023-09-04,8159
3167,大量,46,2,44,台新-台南,2023-09-04,8159
3051,力特,61,18,43,台新-台南,2023-09-04,8159
2460,建通,50,8,42,台新-台南,2023-09-04,8159
9941A,裕融甲特,39,0,39,台新-台南,2023-09-04,8159
2634,漢翔,45,6,39,台新-台南,2023-09-04,8159
2881,富邦金,44,8,36,台新-台南,2023-09-04,8159
1802,台玻,139,105,34,台新-台南,2023-09-04,8159
00772B,中信高評級公司債,36,3,33,台新-台南,2023-09-04,8159
3481,群創,58,26,32,台新-台南,2023-09-04,8159
00713,元大台灣高息低波,32,0,32,台新-台南,2023-09-04,8159
2637,慧洋-KY,33,3,30,台新-台南,2023-09-04,8159
1513,中興電,43,14,29,台新-台南,2023-09-04,8159
9950,萬國通,50,22,28,台新-台南,2023-09-04,8159
2002,中鋼,31,4,27,台新-台南,2023-09-04,8159
2371,大同,86,61,25,台新-台南,2023-09-04,8159
2340,台亞,23,1,22,台新-台南,2023-09-04,8159
1609,大亞,44,23,21,台新-台南,2023-09-04,8159
00662,富邦NASDAQ,20,0,20,台新-台南,2023-09-04,8159
5515,建國,20,0,20,台新-台南,2023-09-04,8159
3094,聯傑,21,1,20,台新-台南,2023-09-04,8159
1101,台泥,19,0,19,台新-台南,2023-09-04,8159
1786,科妍,20,1,19,台新-台南,2023-09-04,8159
2402,毅嘉,227,209,18,台新-台南,2023-09-04,8159
8210,勤誠,20,2,18,台新-台南,2023-09-04,8159
2206,三陽工業,36,19,17,台新-台南,2023-09-04,8159
00931B,統一美債20年,16,0,16,台新-台南,2023-09-04,8159
4967,十銓,20,4,16,台新-台南,2023-09-04,8159
8936,國統,16,1,15,台新-台南,2023-09-04,8159
1524,耿鼎,17,2,15,台新-台南,2023-09-04,8159
00673R,期元大S＆P原油反1,25,10,15,台新-台南,2023-09-04,8159
2706,第一店,15,0,15,台新-台南,2023-09-04,8159
00795B,中信美國公債20年,16,2,14,台新-台南,2023-09-04,8159
2303,聯電,47,33,14,台新-台南,2023-09-04,8159
2356,英業達,46,32,14,台新-台南,2023-09-04,8159
2449,京元電子,41,28,13,台新-台南,2023-09-04,8159
2603,長榮,31,18,13,台新-台南,2023-09-04,8159
3264,欣銓,17,4,13,台新-台南,2023-09-04,8159
1568,倉佑,13,1,12,台新-台南,2023-09-04,8159
00680L,元大美債20正2,12,0,12,台新-台南,2023-09-04,8159
4934,太極,12,0,12,台新-台南,2023-09-04,8159
5457,宣德,36,24,12,台新-台南,2023-09-04,8159
3051,力特,694,92,602,台新-台南,2023-09-05,8159
00929,復華台灣科技優息,430,61,369,台新-台南,2023-09-05,8159
00919,群益台灣精選高息,221,15,206,台新-台南,2023-09-05,8159
00632R,元大台灣50反1,120,0,120,台新-台南,2023-09-05,8159
1307,三芳,52,1,51,台新-台南,2023-09-05,8159
2323,中環,51,2,49,台新-台南,2023-09-05,8159
00882,中信中國高股息,50,5,45,台新-台南,2023-09-05,8159
2352,佳世達,44,5,39,台新-台南,2023-09-05,8159
6173,信昌電,37,0,37,台新-台南,2023-09-05,8159
1101,台泥,35,0,35,台新-台南,2023-09-05,8159
2409,友達,42,8,34,台新-台南,2023-09-05,8159
1471,首利,40,6,34,台新-台南,2023-09-05,8159
00915,凱基優選高股息30,31,0,31,台新-台南,2023-09-05,8159
9103,美德醫療-DR,30,0,30,台新-台南,2023-09-05,8159
2888,新光金,31,1,30,台新-台南,2023-09-05,8159
2543,皇昌,33,3,30,台新-台南,2023-09-05,8159
0056,元大高股息,45,16,29,台新-台南,2023-09-05,8159
00753L,中信中國50正2,28,0,28,台新-台南,2023-09-05,8159
1584,精剛,74,46,28,台新-台南,2023-09-05,8159
3231,緯創,289,264,25,台新-台南,2023-09-05,8159
8105,凌巨,25,0,25,台新-台南,2023-09-05,8159
2332,友訊,25,1,24,台新-台南,2023-09-05,8159
1444,力麗,23,0,23,台新-台南,2023-09-05,8159
00679B,元大美債20年,23,0,23,台新-台南,2023-09-05,8159
1603,華電,20,1,19,台新-台南,2023-09-05,8159
4906,正文,40,21,19,台新-台南,2023-09-05,8159
6470,宇智,18,0,18,台新-台南,2023-09-05,8159
6282,康舒,47,30,17,台新-台南,2023-09-05,8159
2618,長榮航,27,10,17,台新-台南,2023-09-05,8159
5285,界霖,20,3,17,台新-台南,2023-09-05,8159
00712,復華富時不動產,23,6,17,台新-台南,2023-09-05,8159
3209,全科,16,0,16,台新-台南,2023-09-05,8159
00931B,統一美債20年,16,0,16,台新-台南,2023-09-05,8159
00932,兆豐永續高息等權,18,3,15,台新-台南,2023-09-05,8159
2610,華航,24,9,15,台新-台南,2023-09-05,8159
4934,太極,15,0,15,台新-台南,2023-09-05,8159
6548,長科*,15,0,15,台新-台南,2023-09-05,8159
8358,金居,51,36,15,台新-台南,2023-09-05,8159
00713,元大台灣高息低波,15,0,15,台新-台南,2023-09-05,8159
2453,凌群,14,0,14,台新-台南,2023-09-05,8159
2634,漢翔,29,15,14,台新-台南,2023-09-05,8159
00665L,富邦�琤肭磪囓�2,47,34,13,台新-台南,2023-09-05,8159
3694,海華,15,2,13,台新-台南,2023-09-05,8159
6218,豪勉,13,0,13,台新-台南,2023-09-05,8159
4503,金雨,13,0,13,台新-台南,2023-09-05,8159
1316,上曜,13,0,13,台新-台南,2023-09-05,8159
3481,群創,44,31,13,台新-台南,2023-09-05,8159
2887,台新金,16,3,13,台新-台南,2023-09-05,8159
5392,能率,12,0,12,台新-台南,2023-09-05,8159
3036A,文曄甲特,12,0,12,台新-台南,2023-09-05,8159
00929,復華台灣科技優息,762,334,428,台新-台南,2023-09-06,8159
00919,群益台灣精選高息,253,44,209,台新-台南,2023-09-06,8159
3481,群創,170,36,134,台新-台南,2023-09-06,8159
00680L,元大美債20正2,119,0,119,台新-台南,2023-09-06,8159
00706L,期元大S＆P日圓正2,114,0,114,台新-台南,2023-09-06,8159
2605,新興,103,7,96,台新-台南,2023-09-06,8159
2363,矽統,295,203,92,台新-台南,2023-09-06,8159
2883B,凱基金乙特,90,0,90,台新-台南,2023-09-06,8159
2409,友達,121,50,71,台新-台南,2023-09-06,8159
00878,國泰永續高股息,178,112,66,台新-台南,2023-09-06,8159
2002,中鋼,66,3,63,台新-台南,2023-09-06,8159
2401,凌陽,148,91,57,台新-台南,2023-09-06,8159
6167,久正,63,6,57,台新-台南,2023-09-06,8159
1909,榮成,56,0,56,台新-台南,2023-09-06,8159
2891,中信金,55,0,55,台新-台南,2023-09-06,8159
00772B,中信高評級公司債,74,20,54,台新-台南,2023-09-06,8159
2884,玉山金,60,7,53,台新-台南,2023-09-06,8159
00673R,期元大S＆P原油反1,51,0,51,台新-台南,2023-09-06,8159
1101,台泥,67,17,50,台新-台南,2023-09-06,8159
1802,台玻,64,20,44,台新-台南,2023-09-06,8159
2834,臺企銀,40,3,37,台新-台南,2023-09-06,8159
00882,中信中國高股息,35,0,35,台新-台南,2023-09-06,8159
1310,台苯,39,4,35,台新-台南,2023-09-06,8159
2337,旺宏,39,5,34,台新-台南,2023-09-06,8159
00715L,期街口布蘭特正2,35,1,34,台新-台南,2023-09-06,8159
8358,金居,58,27,31,台新-台南,2023-09-06,8159
2332,友訊,53,22,31,台新-台南,2023-09-06,8159
2906,高林,30,0,30,台新-台南,2023-09-06,8159
0056,元大高股息,50,22,28,台新-台南,2023-09-06,8159
4906,正文,72,44,28,台新-台南,2023-09-06,8159
6282,康舒,39,13,26,台新-台南,2023-09-06,8159
00932,兆豐永續高息等權,24,0,24,台新-台南,2023-09-06,8159
00900,富邦特選高股息30,30,7,23,台新-台南,2023-09-06,8159
00915,凱基優選高股息30,23,1,22,台新-台南,2023-09-06,8159
2485,兆赫,69,48,21,台新-台南,2023-09-06,8159
6188,廣明,24,4,20,台新-台南,2023-09-06,8159
1612,宏泰,20,0,20,台新-台南,2023-09-06,8159
2706,第一店,20,0,20,台新-台南,2023-09-06,8159
1528,恩德,20,0,20,台新-台南,2023-09-06,8159
5426,振發,20,0,20,台新-台南,2023-09-06,8159
2880,華南金,20,0,20,台新-台南,2023-09-06,8159
3289,宜特,21,2,19,台新-台南,2023-09-06,8159
00692,富邦公司治理,19,0,19,台新-台南,2023-09-06,8159
5258,虹堡,45,27,18,台新-台南,2023-09-06,8159
00713,元大台灣高息低波,23,5,18,台新-台南,2023-09-06,8159
2883,凱基金,21,4,17,台新-台南,2023-09-06,8159
00931B,統一美債20年,16,0,16,台新-台南,2023-09-06,8159
8011,台通,16,0,16,台新-台南,2023-09-06,8159
3163,波若威,117,101,16,台新-台南,2023-09-06,8159
2886,兆豐金,19,4,15,台新-台南,2023-09-06,8159
00929,復華台灣科技優息,611,105,506,台新-台南,2023-09-07,8159
2618,長榮航,284,163,121,台新-台南,2023-09-07,8159
00919,群益台灣精選高息,132,15,117,台新-台南,2023-09-07,8159
2610,華航,111,0,111,台新-台南,2023-09-07,8159
3481,群創,113,21,92,台新-台南,2023-09-07,8159
2312,金寶,84,6,78,台新-台南,2023-09-07,8159
00751B,元大AAA至A公司債,67,11,56,台新-台南,2023-09-07,8159
00932,兆豐永續高息等權,51,0,51,台新-台南,2023-09-07,8159
1513,中興電,55,6,49,台新-台南,2023-09-07,8159
2324,仁寶,45,0,45,台新-台南,2023-09-07,8159
2603,長榮,59,15,44,台新-台南,2023-09-07,8159
00915,凱基優選高股息30,45,1,44,台新-台南,2023-09-07,8159
1409,新纖,38,0,38,台新-台南,2023-09-07,8159
2436,偉詮電,108,73,35,台新-台南,2023-09-07,8159
3231,緯創,57,26,31,台新-台南,2023-09-07,8159
2002,中鋼,35,5,30,台新-台南,2023-09-07,8159
2027,大成鋼,37,7,30,台新-台南,2023-09-07,8159
4533,協易機,89,60,29,台新-台南,2023-09-07,8159
6156,松上,28,0,28,台新-台南,2023-09-07,8159
2317,鴻海,29,2,27,台新-台南,2023-09-07,8159
2409,友達,162,135,27,台新-台南,2023-09-07,8159
8112,至上,62,36,26,台新-台南,2023-09-07,8159
2371,大同,74,49,25,台新-台南,2023-09-07,8159
3013,晟銘電,73,50,23,台新-台南,2023-09-07,8159
8358,金居,35,12,23,台新-台南,2023-09-07,8159
2891,中信金,23,0,23,台新-台南,2023-09-07,8159
2634,漢翔,32,10,22,台新-台南,2023-09-07,8159
6603,富強鑫,20,0,20,台新-台南,2023-09-07,8159
8034,榮群,20,1,19,台新-台南,2023-09-07,8159
2883,凱基金,21,2,19,台新-台南,2023-09-07,8159
2401,凌陽,26,7,19,台新-台南,2023-09-07,8159
5302,太欣,18,0,18,台新-台南,2023-09-07,8159
3105,穩懋,23,5,18,台新-台南,2023-09-07,8159
2880,華南金,18,0,18,台新-台南,2023-09-07,8159
00918,大華優利高填息30,17,0,17,台新-台南,2023-09-07,8159
2376,技嘉,74,58,16,台新-台南,2023-09-07,8159
00688L,國泰20年美債正2,16,0,16,台新-台南,2023-09-07,8159
2482,連宇,17,1,16,台新-台南,2023-09-07,8159
1616,億泰,16,0,16,台新-台南,2023-09-07,8159
5443,均豪,16,0,16,台新-台南,2023-09-07,8159
2356,英業達,30,14,16,台新-台南,2023-09-07,8159
3704,合勤控,41,25,16,台新-台南,2023-09-07,8159
4566,時碩工業,15,0,15,台新-台南,2023-09-07,8159
4543,萬在,15,0,15,台新-台南,2023-09-07,8159
00923,群益台ESG低碳50,15,1,14,台新-台南,2023-09-07,8159
4906,正文,44,30,14,台新-台南,2023-09-07,8159
3622,洋華,17,3,14,台新-台南,2023-09-07,8159
6279,胡連,15,1,14,台新-台南,2023-09-07,8159
6182,合晶,21,8,13,台新-台南,2023-09-07,8159
2458,義隆,13,0,13,台新-台南,2023-09-07,8159
1316,上曜,393,0,393,台新-台南,2023-09-08,8159
00919,群益台灣精選高息,169,32,137,台新-台南,2023-09-08,8159
00929,復華台灣科技優息,248,149,99,台新-台南,2023-09-08,8159
2401,凌陽,98,2,96,台新-台南,2023-09-08,8159
2382,廣達,176,119,57,台新-台南,2023-09-08,8159
2409,友達,63,6,57,台新-台南,2023-09-08,8159
1471,首利,81,29,52,台新-台南,2023-09-08,8159
6603,富強鑫,51,0,51,台新-台南,2023-09-08,8159
00918,大華優利高填息30,42,0,42,台新-台南,2023-09-08,8159
00891,中信關鍵半導體,36,0,36,台新-台南,2023-09-08,8159
1101,台泥,37,3,34,台新-台南,2023-09-08,8159
00878,國泰永續高股息,68,36,32,台新-台南,2023-09-08,8159
8064,東捷,32,0,32,台新-台南,2023-09-08,8159
00896,中信綠能及電動車,31,0,31,台新-台南,2023-09-08,8159
2002,中鋼,35,5,30,台新-台南,2023-09-08,8159
00664R,國泰臺灣加權反1,30,0,30,台新-台南,2023-09-08,8159
2332,友訊,32,3,29,台新-台南,2023-09-08,8159
00680L,元大美債20正2,28,0,28,台新-台南,2023-09-08,8159
8038,長園科,30,3,27,台新-台南,2023-09-08,8159
5285,界霖,26,0,26,台新-台南,2023-09-08,8159
2486,一詮,46,21,25,台新-台南,2023-09-08,8159
2329,華泰,31,6,25,台新-台南,2023-09-08,8159
2356,英業達,44,20,24,台新-台南,2023-09-08,8159
3308,聯德,26,3,23,台新-台南,2023-09-08,8159
2027,大成鋼,46,23,23,台新-台南,2023-09-08,8159
4533,協易機,25,3,22,台新-台南,2023-09-08,8159
2340,台亞,22,0,22,台新-台南,2023-09-08,8159
2485,兆赫,68,47,21,台新-台南,2023-09-08,8159
6116,彩晶,21,0,21,台新-台南,2023-09-08,8159
2887,台新金,21,0,21,台新-台南,2023-09-08,8159
1603,華電,23,3,20,台新-台南,2023-09-08,8159
1409,新纖,20,0,20,台新-台南,2023-09-08,8159
00915,凱基優選高股息30,22,2,20,台新-台南,2023-09-08,8159
6470,宇智,19,0,19,台新-台南,2023-09-08,8159
4746,台耀,19,0,19,台新-台南,2023-09-08,8159
2313,華通,100,82,18,台新-台南,2023-09-08,8159
2388,威盛,50,35,15,台新-台南,2023-09-08,8159
2607,榮運,16,1,15,台新-台南,2023-09-08,8159
2421,建準,30,15,15,台新-台南,2023-09-08,8159
2330,台積電,17,2,15,台新-台南,2023-09-08,8159
1513,中興電,29,14,15,台新-台南,2023-09-08,8159
00712,復華富時不動產,15,1,14,台新-台南,2023-09-08,8159
2301,光寶科,37,24,13,台新-台南,2023-09-08,8159
2618,長榮航,27,14,13,台新-台南,2023-09-08,8159
3374,精材,13,1,12,台新-台南,2023-09-08,8159
2402,毅嘉,154,142,12,台新-台南,2023-09-08,8159
2457,飛宏,12,0,12,台新-台南,2023-09-08,8159
2331,精英,15,3,12,台新-台南,2023-09-08,8159
3711,日月光投控,15,3,12,台新-台南,2023-09-08,8159
2884,玉山金,15,4,11,台新-台南,2023-09-08,8159
00919,群益台灣精選高息,375,9,366,台新-台南,2023-09-11,8159
00878,國泰永續高股息,433,201,232,台新-台南,2023-09-11,8159
3481,群創,198,53,145,台新-台南,2023-09-11,8159
1316,上曜,196,118,78,台新-台南,2023-09-11,8159
2363,矽統,207,136,71,台新-台南,2023-09-11,8159
2409,友達,75,15,60,台新-台南,2023-09-11,8159
2337,旺宏,67,8,59,台新-台南,2023-09-11,8159
00896,中信綠能及電動車,58,0,58,台新-台南,2023-09-11,8159
2312,金寶,188,131,57,台新-台南,2023-09-11,8159
6167,久正,52,0,52,台新-台南,2023-09-11,8159
2603,長榮,57,7,50,台新-台南,2023-09-11,8159
1528,恩德,50,0,50,台新-台南,2023-09-11,8159
2376,技嘉,190,143,47,台新-台南,2023-09-11,8159
3081,聯亞,48,3,45,台新-台南,2023-09-11,8159
2834,臺企銀,56,15,41,台新-台南,2023-09-11,8159
1513,中興電,48,8,40,台新-台南,2023-09-11,8159
6603,富強鑫,36,0,36,台新-台南,2023-09-11,8159
00679B,元大美債20年,36,0,36,台新-台南,2023-09-11,8159
00932,兆豐永續高息等權,35,0,35,台新-台南,2023-09-11,8159
4526,東台,35,0,35,台新-台南,2023-09-11,8159
5905,南仁湖,43,9,34,台新-台南,2023-09-11,8159
3078,僑威,39,5,34,台新-台南,2023-09-11,8159
6451,訊芯-KY,48,16,32,台新-台南,2023-09-11,8159
00891,中信關鍵半導體,37,6,31,台新-台南,2023-09-11,8159
2358,廷鑫,30,1,29,台新-台南,2023-09-11,8159
2332,友訊,43,14,29,台新-台南,2023-09-11,8159
00918,大華優利高填息30,27,0,27,台新-台南,2023-09-11,8159
2888,新光金,42,15,27,台新-台南,2023-09-11,8159
6285,啟��,56,29,27,台新-台南,2023-09-11,8159
3227,原相,26,0,26,台新-台南,2023-09-11,8159
00882,中信中國高股息,26,0,26,台新-台南,2023-09-11,8159
2356,英業達,52,27,25,台新-台南,2023-09-11,8159
2388,威盛,83,59,24,台新-台南,2023-09-11,8159
00915,凱基優選高股息30,29,5,24,台新-台南,2023-09-11,8159
2340,台亞,36,12,24,台新-台南,2023-09-11,8159
2543,皇昌,23,0,23,台新-台南,2023-09-11,8159
006208,富邦台50,24,2,22,台新-台南,2023-09-11,8159
2453,凌群,27,6,21,台新-台南,2023-09-11,8159
2881,富邦金,21,1,20,台新-台南,2023-09-11,8159
2002,中鋼,21,1,20,台新-台南,2023-09-11,8159
5426,振發,20,0,20,台新-台南,2023-09-11,8159
00923,群益台ESG低碳50,22,2,20,台新-台南,2023-09-11,8159
2204,中華,23,5,18,台新-台南,2023-09-11,8159
2371,大同,60,42,18,台新-台南,2023-09-11,8159
00751B,元大AAA至A公司債,29,11,18,台新-台南,2023-09-11,8159
9950,萬國通,17,0,17,台新-台南,2023-09-11,8159
0050,元大台灣50,17,0,17,台新-台南,2023-09-11,8159
00931B,統一美債20年,16,0,16,台新-台南,2023-09-11,8159
5288,豐祥-KY,16,0,16,台新-台南,2023-09-11,8159
3711,日月光投控,26,10,16,台新-台南,2023-09-11,8159
1101,台泥,606,3,603,台新-台南,2023-09-12,8159
2618,長榮航,371,21,350,台新-台南,2023-09-12,8159
00919,群益台灣精選高息,246,9,237,台新-台南,2023-09-12,8159
5864,致和證,93,0,93,台新-台南,2023-09-12,8159
2511,太子,91,1,90,台新-台南,2023-09-12,8159
2883,凱基金,76,1,75,台新-台南,2023-09-12,8159
2356,英業達,93,24,69,台新-台南,2023-09-12,8159
00751B,元大AAA至A公司債,67,2,65,台新-台南,2023-09-12,8159
3078,僑威,74,18,56,台新-台南,2023-09-12,8159
2607,榮運,50,0,50,台新-台南,2023-09-12,8159
00895,富邦未來車,50,0,50,台新-台南,2023-09-12,8159
5258,虹堡,85,44,41,台新-台南,2023-09-12,8159
2460,建通,78,38,40,台新-台南,2023-09-12,8159
00679B,元大美債20年,39,0,39,台新-台南,2023-09-12,8159
6603,富強鑫,39,0,39,台新-台南,2023-09-12,8159
00632R,元大台灣50反1,54,15,39,台新-台南,2023-09-12,8159
3050,鈺德,37,0,37,台新-台南,2023-09-12,8159
5425,台半,62,26,36,台新-台南,2023-09-12,8159
00878,國泰永續高股息,130,95,35,台新-台南,2023-09-12,8159
8476,台境*,32,0,32,台新-台南,2023-09-12,8159
1806,冠軍,30,0,30,台新-台南,2023-09-12,8159
2427,三商電,38,9,29,台新-台南,2023-09-12,8159
6120,達運,53,27,26,台新-台南,2023-09-12,8159
2312,金寶,30,4,26,台新-台南,2023-09-12,8159
00713,元大台灣高息低波,31,6,25,台新-台南,2023-09-12,8159
5309,系統電,27,2,25,台新-台南,2023-09-12,8159
6188,廣明,29,4,25,台新-台南,2023-09-12,8159
2103,台橡,25,0,25,台新-台南,2023-09-12,8159
2417,圓剛,43,19,24,台新-台南,2023-09-12,8159
3231,緯創,108,84,24,台新-台南,2023-09-12,8159
2002,中鋼,21,0,21,台新-台南,2023-09-12,8159
9933,中鼎,20,0,20,台新-台南,2023-09-12,8159
00915,凱基優選高股息30,21,1,20,台新-台南,2023-09-12,8159
2887,台新金,19,0,19,台新-台南,2023-09-12,8159
2449,京元電子,26,8,18,台新-台南,2023-09-12,8159
2367,燿華,18,1,17,台新-台南,2023-09-12,8159
8050,廣積,21,5,16,台新-台南,2023-09-12,8159
3163,波若威,28,12,16,台新-台南,2023-09-12,8159
2645,長榮航太,15,0,15,台新-台南,2023-09-12,8159
5011,久陽,15,0,15,台新-台南,2023-09-12,8159
3035,智原,49,35,14,台新-台南,2023-09-12,8159
00931B,統一美債20年,14,1,13,台新-台南,2023-09-12,8159
2352,佳世達,17,4,13,台新-台南,2023-09-12,8159
6147,頎邦,17,5,12,台新-台南,2023-09-12,8159
00885,富邦越南,20,8,12,台新-台南,2023-09-12,8159
1802,台玻,19,7,12,台新-台南,2023-09-12,8159
2845,遠東銀,12,0,12,台新-台南,2023-09-12,8159
2421,建準,21,9,12,台新-台南,2023-09-12,8159
8069,元太,18,6,12,台新-台南,2023-09-12,8159
2357,華碩,16,5,11,台新-台南,2023-09-12,8159
1101,台泥,691,6,685,台新-台南,2023-09-13,8159
00919,群益台灣精選高息,273,2,271,台新-台南,2023-09-13,8159
00929,復華台灣科技優息,274,50,224,台新-台南,2023-09-13,8159
1402,遠東新,201,6,195,台新-台南,2023-09-13,8159
2323,中環,106,2,104,台新-台南,2023-09-13,8159
5512,力麒,63,0,63,台新-台南,2023-09-13,8159
2355,敬鵬,63,14,49,台新-台南,2023-09-13,8159
1802,台玻,50,2,48,台新-台南,2023-09-13,8159
00751B,元大AAA至A公司債,47,0,47,台新-台南,2023-09-13,8159
6603,富強鑫,39,0,39,台新-台南,2023-09-13,8159
2352,佳世達,40,6,34,台新-台南,2023-09-13,8159
2402,毅嘉,69,36,33,台新-台南,2023-09-13,8159
00895,富邦未來車,30,1,29,台新-台南,2023-09-13,8159
1524,耿鼎,123,94,29,台新-台南,2023-09-13,8159
6127,九豪,28,0,28,台新-台南,2023-09-13,8159
8476,台境*,27,0,27,台新-台南,2023-09-13,8159
3711,日月光投控,28,2,26,台新-台南,2023-09-13,8159
3346,麗清,52,27,25,台新-台南,2023-09-13,8159
2634,漢翔,67,43,24,台新-台南,2023-09-13,8159
00902,中信電池及儲能,23,0,23,台新-台南,2023-09-13,8159
2340,台亞,35,14,21,台新-台南,2023-09-13,8159
00720B,元大投資級公司債,20,0,20,台新-台南,2023-09-13,8159
2443,昶虹,20,0,20,台新-台南,2023-09-13,8159
2376,技嘉,51,31,20,台新-台南,2023-09-13,8159
5314,世紀,19,0,19,台新-台南,2023-09-13,8159
8210,勤誠,23,4,19,台新-台南,2023-09-13,8159
2801,彰銀,19,1,18,台新-台南,2023-09-13,8159
2401,凌陽,25,7,18,台新-台南,2023-09-13,8159
8011,台通,17,0,17,台新-台南,2023-09-13,8159
00772B,中信高評級公司債,17,0,17,台新-台南,2023-09-13,8159
4919,新唐,46,29,17,台新-台南,2023-09-13,8159
3037,欣興,26,10,16,台新-台南,2023-09-13,8159
2913,農林,21,5,16,台新-台南,2023-09-13,8159
3289,宜特,17,1,16,台新-台南,2023-09-13,8159
3624,光頡,16,0,16,台新-台南,2023-09-13,8159
00882,中信中國高股息,18,2,16,台新-台南,2023-09-13,8159
00918,大華優利高填息30,14,0,14,台新-台南,2023-09-13,8159
2331,精英,16,2,14,台新-台南,2023-09-13,8159
5309,系統電,13,0,13,台新-台南,2023-09-13,8159
00637L,元大滬深300正2,16,3,13,台新-台南,2023-09-13,8159
1736,喬山,13,0,13,台新-台南,2023-09-13,8159
2834,臺企銀,22,10,12,台新-台南,2023-09-13,8159
2421,建準,21,9,12,台新-台南,2023-09-13,8159
3014,聯陽,18,6,12,台新-台南,2023-09-13,8159
2313,華通,33,22,11,台新-台南,2023-09-13,8159
1513,中興電,12,1,11,台新-台南,2023-09-13,8159
3483,力致,12,1,11,台新-台南,2023-09-13,8159
1584,精剛,24,13,11,台新-台南,2023-09-13,8159
1568,倉佑,29,18,11,台新-台南,2023-09-13,8159
00915,凱基優選高股息30,11,0,11,台新-台南,2023-09-13,8159
00919,群益台灣精選高息,346,110,236,台新-台南,2023-09-14,8159
00632R,元大台灣50反1,240,20,220,台新-台南,2023-09-14,8159
00929,復華台灣科技優息,324,166,158,台新-台南,2023-09-14,8159
2317,鴻海,132,0,132,台新-台南,2023-09-14,8159
00706L,期元大S＆P日圓正2,105,0,105,台新-台南,2023-09-14,8159
2323,中環,132,33,99,台新-台南,2023-09-14,8159
2371,大同,110,48,62,台新-台南,2023-09-14,8159
1101,台泥,61,6,55,台新-台南,2023-09-14,8159
3363,上詮,112,67,45,台新-台南,2023-09-14,8159
2417,圓剛,41,0,41,台新-台南,2023-09-14,8159
00712,復華富時不動產,39,1,38,台新-台南,2023-09-14,8159
6603,富強鑫,36,0,36,台新-台南,2023-09-14,8159
3704,合勤控,48,14,34,台新-台南,2023-09-14,8159
3622,洋華,34,0,34,台新-台南,2023-09-14,8159
8908,欣雄,30,0,30,台新-台南,2023-09-14,8159
2382,廣達,93,64,29,台新-台南,2023-09-14,8159
2609,陽明,70,41,29,台新-台南,2023-09-14,8159
3715,定穎投控,65,37,28,台新-台南,2023-09-14,8159
00679B,元大美債20年,26,0,26,台新-台南,2023-09-14,8159
2025,千興,26,0,26,台新-台南,2023-09-14,8159
2618,長榮航,35,10,25,台新-台南,2023-09-14,8159
2812,台中銀,26,1,25,台新-台南,2023-09-14,8159
00882,中信中國高股息,25,0,25,台新-台南,2023-09-14,8159
00753L,中信中國50正2,24,0,24,台新-台南,2023-09-14,8159
1522,堤維西,452,430,22,台新-台南,2023-09-14,8159
4979,華星光,65,43,22,台新-台南,2023-09-14,8159
00895,富邦未來車,20,0,20,台新-台南,2023-09-14,8159
1319,東陽,151,132,19,台新-台南,2023-09-14,8159
1612,宏泰,15,0,15,台新-台南,2023-09-14,8159
2436,偉詮電,32,18,14,台新-台南,2023-09-14,8159
6125,廣運,22,8,14,台新-台南,2023-09-14,8159
2230,泰茂,14,0,14,台新-台南,2023-09-14,8159
3260,威剛,33,20,13,台新-台南,2023-09-14,8159
2485,兆赫,48,35,13,台新-台南,2023-09-14,8159
2421,建準,19,7,12,台新-台南,2023-09-14,8159
2610,華航,20,8,12,台新-台南,2023-09-14,8159
8088,品安,32,20,12,台新-台南,2023-09-14,8159
6170,統振,13,1,12,台新-台南,2023-09-14,8159
1582,信錦,12,0,12,台新-台南,2023-09-14,8159
8358,金居,25,13,12,台新-台南,2023-09-14,8159
3588,通嘉,31,19,12,台新-台南,2023-09-14,8159
4128,中天,13,2,11,台新-台南,2023-09-14,8159
3162,精確,13,2,11,台新-台南,2023-09-14,8159
2392,正崴,14,3,11,台新-台南,2023-09-14,8159
9950,萬國通,11,0,11,台新-台南,2023-09-14,8159
2401,凌陽,16,5,11,台新-台南,2023-09-14,8159
2002,中鋼,14,4,10,台新-台南,2023-09-14,8159
3289,宜特,10,0,10,台新-台南,2023-09-14,8159
1708,東鹼,10,0,10,台新-台南,2023-09-14,8159
2449,京元電子,19,9,10,台新-台南,2023-09-14,8159
00929,復華台灣科技優息,539,153,386,台新-台南,2023-09-15,8159
00919,群益台灣精選高息,241,29,212,台新-台南,2023-09-15,8159
2605,新興,216,112,104,台新-台南,2023-09-15,8159
2323,中環,100,1,99,台新-台南,2023-09-15,8159
00918,大華優利高填息30,105,10,95,台新-台南,2023-09-15,8159
6120,達運,93,0,93,台新-台南,2023-09-15,8159
4128,中天,93,1,92,台新-台南,2023-09-15,8159
2637,慧洋-KY,138,63,75,台新-台南,2023-09-15,8159
00900,富邦特選高股息30,107,42,65,台新-台南,2023-09-15,8159
2606,裕民,103,50,53,台新-台南,2023-09-15,8159
2486,一詮,111,59,52,台新-台南,2023-09-15,8159
2371,大同,77,25,52,台新-台南,2023-09-15,8159
1802,台玻,58,7,51,台新-台南,2023-09-15,8159
2002,中鋼,62,11,51,台新-台南,2023-09-15,8159
3313,斐成,48,0,48,台新-台南,2023-09-15,8159
3032,偉訓,52,14,38,台新-台南,2023-09-15,8159
1319,東陽,48,11,37,台新-台南,2023-09-15,8159
00751B,元大AAA至A公司債,34,3,31,台新-台南,2023-09-15,8159
1806,冠軍,31,0,31,台新-台南,2023-09-15,8159
4967,十銓,45,14,31,台新-台南,2023-09-15,8159
3036A,文曄甲特,30,0,30,台新-台南,2023-09-15,8159
4906,正文,39,9,30,台新-台南,2023-09-15,8159
2538,基泰,30,1,29,台新-台南,2023-09-15,8159
1815,富喬,30,2,28,台新-台南,2023-09-15,8159
2440,太空梭,27,0,27,台新-台南,2023-09-15,8159
2460,建通,29,3,26,台新-台南,2023-09-15,8159
3704,合勤控,37,13,24,台新-台南,2023-09-15,8159
00915,凱基優選高股息30,25,2,23,台新-台南,2023-09-15,8159
00753L,中信中國50正2,30,8,22,台新-台南,2023-09-15,8159
2880,華南金,27,6,21,台新-台南,2023-09-15,8159
2884,玉山金,22,1,21,台新-台南,2023-09-15,8159
2356,英業達,50,30,20,台新-台南,2023-09-15,8159
5258,虹堡,30,11,19,台新-台南,2023-09-15,8159
00931B,統一美債20年,18,0,18,台新-台南,2023-09-15,8159
5347,世界,20,2,18,台新-台南,2023-09-15,8159
1524,耿鼎,23,5,18,台新-台南,2023-09-15,8159
00679B,元大美債20年,20,3,17,台新-台南,2023-09-15,8159
2025,千興,18,1,17,台新-台南,2023-09-15,8159
2891,中信金,47,30,17,台新-台南,2023-09-15,8159
00673R,期元大S＆P原油反1,40,23,17,台新-台南,2023-09-15,8159
2542,興富發,18,2,16,台新-台南,2023-09-15,8159
00680L,元大美債20正2,16,0,16,台新-台南,2023-09-15,8159
2405,輔信,28,12,16,台新-台南,2023-09-15,8159
3094,聯傑,20,4,16,台新-台南,2023-09-15,8159
5426,振發,19,3,16,台新-台南,2023-09-15,8159
1584,精剛,28,12,16,台新-台南,2023-09-15,8159
00772B,中信高評級公司債,16,1,15,台新-台南,2023-09-15,8159
2033,佳大,15,0,15,台新-台南,2023-09-15,8159
00932,兆豐永續高息等權,16,1,15,台新-台南,2023-09-15,8159
8050,廣積,22,8,14,台新-台南,2023-09-15,8159
00929,復華台灣科技優息,563,56,507,台新-台南,2023-09-18,8159
00919,群益台灣精選高息,409,17,392,台新-台南,2023-09-18,8159
1101,台泥,349,3,346,台新-台南,2023-09-18,8159
00878,國泰永續高股息,158,3,155,台新-台南,2023-09-18,8159
2363,矽統,227,97,130,台新-台南,2023-09-18,8159
00795B,中信美國公債20年,85,0,85,台新-台南,2023-09-18,8159
00751B,元大AAA至A公司債,73,0,73,台新-台南,2023-09-18,8159
2356,英業達,71,7,64,台新-台南,2023-09-18,8159
3231,緯創,185,132,53,台新-台南,2023-09-18,8159
00679B,元大美債20年,62,18,44,台新-台南,2023-09-18,8159
2353,宏��,43,0,43,台新-台南,2023-09-18,8159
3363,上詮,73,32,41,台新-台南,2023-09-18,8159
2382,廣達,256,216,40,台新-台南,2023-09-18,8159
2618,長榮航,68,29,39,台新-台南,2023-09-18,8159
4162,智擎,45,9,36,台新-台南,2023-09-18,8159
8476,台境*,39,3,36,台新-台南,2023-09-18,8159
2332,友訊,37,2,35,台新-台南,2023-09-18,8159
3313,斐成,33,0,33,台新-台南,2023-09-18,8159
2330,台積電,36,5,31,台新-台南,2023-09-18,8159
1815,富喬,43,12,31,台新-台南,2023-09-18,8159
00687B,國泰20年美債,30,1,29,台新-台南,2023-09-18,8159
3715,定穎投控,193,166,27,台新-台南,2023-09-18,8159
3037,欣興,44,17,27,台新-台南,2023-09-18,8159
00713,元大台灣高息低波,29,3,26,台新-台南,2023-09-18,8159
00673R,期元大S＆P原油反1,26,0,26,台新-台南,2023-09-18,8159
2388,威盛,92,67,25,台新-台南,2023-09-18,8159
2838,聯邦銀,23,0,23,台新-台南,2023-09-18,8159
6015,宏遠證,23,0,23,台新-台南,2023-09-18,8159
00918,大華優利高填息30,23,0,23,台新-台南,2023-09-18,8159
2884,玉山金,23,0,23,台新-台南,2023-09-18,8159
00720B,元大投資級公司債,22,0,22,台新-台南,2023-09-18,8159
2025,千興,28,6,22,台新-台南,2023-09-18,8159
1584,精剛,89,68,21,台新-台南,2023-09-18,8159
00931B,統一美債20年,30,10,20,台新-台南,2023-09-18,8159
2457,飛宏,22,2,20,台新-台南,2023-09-18,8159
6233,旺玖,65,45,20,台新-台南,2023-09-18,8159
3704,合勤控,27,7,20,台新-台南,2023-09-18,8159
9919,康那香,20,0,20,台新-台南,2023-09-18,8159
2421,建準,25,6,19,台新-台南,2023-09-18,8159
3017,奇鋐,22,4,18,台新-台南,2023-09-18,8159
00662,富邦NASDAQ,18,0,18,台新-台南,2023-09-18,8159
2352,佳世達,18,0,18,台新-台南,2023-09-18,8159
5355,佳總,18,0,18,台新-台南,2023-09-18,8159
4303,信立,18,0,18,台新-台南,2023-09-18,8159
00915,凱基優選高股息30,17,0,17,台新-台南,2023-09-18,8159
1301,台塑,17,0,17,台新-台南,2023-09-18,8159
3033,威健,20,3,17,台新-台南,2023-09-18,8159
2324,仁寶,18,1,17,台新-台南,2023-09-18,8159
2354,鴻準,17,1,16,台新-台南,2023-09-18,8159
2880,華南金,16,0,16,台新-台南,2023-09-18,8159
00929,復華台灣科技優息,376,57,319,台新-台南,2023-09-19,8159
00878,國泰永續高股息,181,44,137,台新-台南,2023-09-19,8159
6901,鑽石投資,136,16,120,台新-台南,2023-09-19,8159
00706L,期元大S＆P日圓正2,102,1,101,台新-台南,2023-09-19,8159
00632R,元大台灣50反1,110,20,90,台新-台南,2023-09-19,8159
00919,群益台灣精選高息,92,10,82,台新-台南,2023-09-19,8159
1101,台泥,81,7,74,台新-台南,2023-09-19,8159
1815,富喬,213,157,56,台新-台南,2023-09-19,8159
3545,敦泰,57,5,52,台新-台南,2023-09-19,8159
3313,斐成,45,0,45,台新-台南,2023-09-19,8159
2409,友達,47,2,45,台新-台南,2023-09-19,8159
3005,神基,72,30,42,台新-台南,2023-09-19,8159
00772B,中信高評級公司債,46,5,41,台新-台南,2023-09-19,8159
4979,華星光,61,25,36,台新-台南,2023-09-19,8159
2323,中環,36,2,34,台新-台南,2023-09-19,8159
3481,群創,51,18,33,台新-台南,2023-09-19,8159
2637,慧洋-KY,42,10,32,台新-台南,2023-09-19,8159
5355,佳總,32,0,32,台新-台南,2023-09-19,8159
2330,台積電,36,4,32,台新-台南,2023-09-19,8159
2412,中華電,30,0,30,台新-台南,2023-09-19,8159
6274,台燿,78,49,29,台新-台南,2023-09-19,8159
2312,金寶,29,0,29,台新-台南,2023-09-19,8159
2601,益航,33,5,28,台新-台南,2023-09-19,8159
00921,兆豐龍頭等權重,25,0,25,台新-台南,2023-09-19,8159
00692,富邦公司治理,24,0,24,台新-台南,2023-09-19,8159
2376,技嘉,136,113,23,台新-台南,2023-09-19,8159
2388,威盛,52,29,23,台新-台南,2023-09-19,8159
2417,圓剛,23,1,22,台新-台南,2023-09-19,8159
2618,長榮航,26,5,21,台新-台南,2023-09-19,8159
2887,台新金,28,7,21,台新-台南,2023-09-19,8159
2002,中鋼,19,0,19,台新-台南,2023-09-19,8159
00902,中信電池及儲能,18,0,18,台新-台南,2023-09-19,8159
2421,建準,27,10,17,台新-台南,2023-09-19,8159
2449,京元電子,92,75,17,台新-台南,2023-09-19,8159
00915,凱基優選高股息30,18,2,16,台新-台南,2023-09-19,8159
2457,飛宏,16,0,16,台新-台南,2023-09-19,8159
5465,富驊,21,5,16,台新-台南,2023-09-19,8159
8210,勤誠,20,4,16,台新-台南,2023-09-19,8159
3081,聯亞,19,3,16,台新-台南,2023-09-19,8159
4967,十銓,17,1,16,台新-台南,2023-09-19,8159
2867,三商壽,16,1,15,台新-台南,2023-09-19,8159
00665L,富邦�琤肭磪囓�2,54,40,14,台新-台南,2023-09-19,8159
2460,建通,14,0,14,台新-台南,2023-09-19,8159
2425,承啟,19,5,14,台新-台南,2023-09-19,8159
8027,鈦昇,14,0,14,台新-台南,2023-09-19,8159
2630,亞航,72,59,13,台新-台南,2023-09-19,8159
2025,千興,13,0,13,台新-台南,2023-09-19,8159
2462,良得電,14,2,12,台新-台南,2023-09-19,8159
4916,事欣科,12,0,12,台新-台南,2023-09-19,8159
3706,神達,42,30,12,台新-台南,2023-09-19,8159
00929,復華台灣科技優息,622,289,333,台新-台南,2023-09-20,8159
00919,群益台灣精選高息,192,36,156,台新-台南,2023-09-20,8159
2538,基泰,150,0,150,台新-台南,2023-09-20,8159
6901,鑽石投資,161,15,146,台新-台南,2023-09-20,8159
00688L,國泰20年美債正2,111,0,111,台新-台南,2023-09-20,8159
2887,台新金,115,20,95,台新-台南,2023-09-20,8159
2354,鴻準,146,67,79,台新-台南,2023-09-20,8159
3325,旭品,70,2,68,台新-台南,2023-09-20,8159
2409,友達,64,11,53,台新-台南,2023-09-20,8159
2332,友訊,54,2,52,台新-台南,2023-09-20,8159
2367,燿華,282,233,49,台新-台南,2023-09-20,8159
1605,華新,68,20,48,台新-台南,2023-09-20,8159
6120,達運,49,2,47,台新-台南,2023-09-20,8159
3037,欣興,64,22,42,台新-台南,2023-09-20,8159
3276,宇環,44,2,42,台新-台南,2023-09-20,8159
00895,富邦未來車,41,0,41,台新-台南,2023-09-20,8159
2460,建通,37,2,35,台新-台南,2023-09-20,8159
2888,新光金,33,0,33,台新-台南,2023-09-20,8159
2330,台積電,36,3,33,台新-台南,2023-09-20,8159
2313,華通,149,116,33,台新-台南,2023-09-20,8159
2201,裕隆,39,7,32,台新-台南,2023-09-20,8159
3339,泰谷,35,3,32,台新-台南,2023-09-20,8159
4128,中天,29,1,28,台新-台南,2023-09-20,8159
6548,長科*,26,0,26,台新-台南,2023-09-20,8159
1568,倉佑,26,0,26,台新-台南,2023-09-20,8159
2449,京元電子,81,56,25,台新-台南,2023-09-20,8159
00679B,元大美債20年,24,0,24,台新-台南,2023-09-20,8159
3374,精材,23,0,23,台新-台南,2023-09-20,8159
00900,富邦特選高股息30,32,10,22,台新-台南,2023-09-20,8159
2618,長榮航,40,18,22,台新-台南,2023-09-20,8159
2344,華邦電,25,4,21,台新-台南,2023-09-20,8159
00724B,群益投資級金融債,20,0,20,台新-台南,2023-09-20,8159
2486,一詮,23,3,20,台新-台南,2023-09-20,8159
5880,合庫金,27,7,20,台新-台南,2023-09-20,8159
6603,富強鑫,19,0,19,台新-台南,2023-09-20,8159
2317,鴻海,19,0,19,台新-台南,2023-09-20,8159
5905,南仁湖,20,1,19,台新-台南,2023-09-20,8159
2882,國泰金,19,0,19,台新-台南,2023-09-20,8159
2340,台亞,25,7,18,台新-台南,2023-09-20,8159
1101,台泥,23,5,18,台新-台南,2023-09-20,8159
00921,兆豐龍頭等權重,18,0,18,台新-台南,2023-09-20,8159
5309,系統電,18,0,18,台新-台南,2023-09-20,8159
2371,大同,19,2,17,台新-台南,2023-09-20,8159
1316,上曜,20,3,17,台新-台南,2023-09-20,8159
1795,美時,21,5,16,台新-台南,2023-09-20,8159
00931B,統一美債20年,16,0,16,台新-台南,2023-09-20,8159
8222,寶一,16,0,16,台新-台南,2023-09-20,8159
1589,永冠-KY,15,0,15,台新-台南,2023-09-20,8159
2612,中航,39,25,14,台新-台南,2023-09-20,8159
3313,斐成,13,0,13,台新-台南,2023-09-20,8159
00637L,元大滬深300正2,248,0,248,台新-台南,2023-09-21,8159
3051,力特,190,2,188,台新-台南,2023-09-21,8159
00878,國泰永續高股息,225,49,176,台新-台南,2023-09-21,8159
2888,新光金,141,5,136,台新-台南,2023-09-21,8159
2884,玉山金,126,7,119,台新-台南,2023-09-21,8159
00688L,國泰20年美債正2,107,0,107,台新-台南,2023-09-21,8159
2498,宏達電,107,15,92,台新-台南,2023-09-21,8159
0056,元大高股息,88,7,81,台新-台南,2023-09-21,8159
00932,兆豐永續高息等權,72,0,72,台新-台南,2023-09-21,8159
00680L,元大美債20正2,131,66,65,台新-台南,2023-09-21,8159
5880,合庫金,54,1,53,台新-台南,2023-09-21,8159
2834,臺企銀,55,8,47,台新-台南,2023-09-21,8159
2883,凱基金,47,0,47,台新-台南,2023-09-21,8159
2002,中鋼,52,10,42,台新-台南,2023-09-21,8159
00679B,元大美債20年,64,24,40,台新-台南,2023-09-21,8159
00919,群益台灣精選高息,169,129,40,台新-台南,2023-09-21,8159
00923,群益台ESG低碳50,39,0,39,台新-台南,2023-09-21,8159
3313,斐成,39,0,39,台新-台南,2023-09-21,8159
2388,威盛,118,79,39,台新-台南,2023-09-21,8159
0050,元大台灣50,41,3,38,台新-台南,2023-09-21,8159
3167,大量,42,5,37,台新-台南,2023-09-21,8159
2618,長榮航,64,27,37,台新-台南,2023-09-21,8159
1313,聯成,33,0,33,台新-台南,2023-09-21,8159
6901,鑽石投資,43,10,33,台新-台南,2023-09-21,8159
2460,建通,32,1,31,台新-台南,2023-09-21,8159
1795,美時,32,2,30,台新-台南,2023-09-21,8159
00664R,國泰臺灣加權反1,30,0,30,台新-台南,2023-09-21,8159
3078,僑威,33,3,30,台新-台南,2023-09-21,8159
2330,台積電,38,10,28,台新-台南,2023-09-21,8159
1101,台泥,60,33,27,台新-台南,2023-09-21,8159
3265,台星科,32,5,27,台新-台南,2023-09-21,8159
006208,富邦台50,25,0,25,台新-台南,2023-09-21,8159
2332,友訊,31,6,25,台新-台南,2023-09-21,8159
2365,昆盈,25,0,25,台新-台南,2023-09-21,8159
2887,台新金,71,46,25,台新-台南,2023-09-21,8159
2356,英業達,111,88,23,台新-台南,2023-09-21,8159
2892,第一金,23,1,22,台新-台南,2023-09-21,8159
1802,台玻,22,0,22,台新-台南,2023-09-21,8159
00888,永豐台灣ESG,22,0,22,台新-台南,2023-09-21,8159
2317,鴻海,28,6,22,台新-台南,2023-09-21,8159
00881,國泰台灣5G+,22,1,21,台新-台南,2023-09-21,8159
00931B,統一美債20年,21,0,21,台新-台南,2023-09-21,8159
4173,久裕,22,1,21,台新-台南,2023-09-21,8159
00922,國泰台灣領袖50,20,0,20,台新-台南,2023-09-21,8159
2538,基泰,20,0,20,台新-台南,2023-09-21,8159
1319,東陽,36,16,20,台新-台南,2023-09-21,8159
2881,富邦金,22,3,19,台新-台南,2023-09-21,8159
2890,永豐金,48,30,18,台新-台南,2023-09-21,8159
00751B,元大AAA至A公司債,23,7,16,台新-台南,2023-09-21,8159
2367,燿華,45,29,16,台新-台南,2023-09-21,8159
2618,長榮航,448,61,387,台新-台南,2023-09-22,8159
2363,矽統,385,239,146,台新-台南,2023-09-22,8159
00680L,元大美債20正2,143,0,143,台新-台南,2023-09-22,8159
00751B,元大AAA至A公司債,149,35,114,台新-台南,2023-09-22,8159
00712,復華富時不動產,90,12,78,台新-台南,2023-09-22,8159
00795B,中信美國公債20年,76,0,76,台新-台南,2023-09-22,8159
00931B,統一美債20年,75,0,75,台新-台南,2023-09-22,8159
3051,力特,78,13,65,台新-台南,2023-09-22,8159
00885,富邦越南,60,1,59,台新-台南,2023-09-22,8159
1101,台泥,62,4,58,台新-台南,2023-09-22,8159
8064,東捷,50,0,50,台新-台南,2023-09-22,8159
2905,三商,60,10,50,台新-台南,2023-09-22,8159
00688L,國泰20年美債正2,45,0,45,台新-台南,2023-09-22,8159
2607,榮運,44,0,44,台新-台南,2023-09-22,8159
00772B,中信高評級公司債,48,10,38,台新-台南,2023-09-22,8159
00720B,元大投資級公司債,38,2,36,台新-台南,2023-09-22,8159
2330,台積電,35,2,33,台新-台南,2023-09-22,8159
2538,基泰,30,0,30,台新-台南,2023-09-22,8159
2883,凱基金,37,10,27,台新-台南,2023-09-22,8159
2834,臺企銀,67,42,25,台新-台南,2023-09-22,8159
00753L,中信中國50正2,28,4,24,台新-台南,2023-09-22,8159
00706L,期元大S＆P日圓正2,30,6,24,台新-台南,2023-09-22,8159
00687B,國泰20年美債,35,12,23,台新-台南,2023-09-22,8159
00773B,中信優先金融債,21,0,21,台新-台南,2023-09-22,8159
00897,富邦基因免疫生技,19,0,19,台新-台南,2023-09-22,8159
2891,中信金,22,3,19,台新-台南,2023-09-22,8159
6603,富強鑫,18,0,18,台新-台南,2023-09-22,8159
3290,東浦,17,0,17,台新-台南,2023-09-22,8159
6191,精成科,20,3,17,台新-台南,2023-09-22,8159
00888,永豐台灣ESG,22,6,16,台新-台南,2023-09-22,8159
00921,兆豐龍頭等權重,16,0,16,台新-台南,2023-09-22,8159
2449,京元電子,85,70,15,台新-台南,2023-09-22,8159
00830,國泰費城半導體,15,0,15,台新-台南,2023-09-22,8159
3313,斐成,15,0,15,台新-台南,2023-09-22,8159
2603,長榮,20,5,15,台新-台南,2023-09-22,8159
00923,群益台ESG低碳50,15,1,14,台新-台南,2023-09-22,8159
3036,文曄,46,33,13,台新-台南,2023-09-22,8159
00722B,群益投資級電信債,14,1,13,台新-台南,2023-09-22,8159
2364,倫飛,13,0,13,台新-台南,2023-09-22,8159
0050,元大台灣50,14,1,13,台新-台南,2023-09-22,8159
2887,台新金,21,9,12,台新-台南,2023-09-22,8159
2356,英業達,66,54,12,台新-台南,2023-09-22,8159
2354,鴻準,17,5,12,台新-台南,2023-09-22,8159
4129,聯合,12,0,12,台新-台南,2023-09-22,8159
3032,偉訓,14,2,12,台新-台南,2023-09-22,8159
2329,華泰,26,14,12,台新-台南,2023-09-22,8159
00893,國泰智能電動車,11,0,11,台新-台南,2023-09-22,8159
3078,僑威,15,4,11,台新-台南,2023-09-22,8159
1316,上曜,12,1,11,台新-台南,2023-09-22,8159
1589,永冠-KY,11,0,11,台新-台南,2023-09-22,8159
00929,復華台灣科技優息,282,75,207,台新-台南,2023-09-25,8159
00679B,元大美債20年,111,13,98,台新-台南,2023-09-25,8159
1524,耿鼎,127,39,88,台新-台南,2023-09-25,8159
8034,榮群,51,5,46,台新-台南,2023-09-25,8159
00772B,中信高評級公司債,44,0,44,台新-台南,2023-09-25,8159
2883,凱基金,54,12,42,台新-台南,2023-09-25,8159
00676R,富邦臺灣加權反1,40,0,40,台新-台南,2023-09-25,8159
2025,千興,32,0,32,台新-台南,2023-09-25,8159
3706,神達,39,11,28,台新-台南,2023-09-25,8159
3322,建舜電,170,143,27,台新-台南,2023-09-25,8159
00923,群益台ESG低碳50,30,4,26,台新-台南,2023-09-25,8159
3163,波若威,51,28,23,台新-台南,2023-09-25,8159
4128,中天,23,1,22,台新-台南,2023-09-25,8159
2891,中信金,21,0,21,台新-台南,2023-09-25,8159
6603,富強鑫,20,0,20,台新-台南,2023-09-25,8159
00673R,期元大S＆P原油反1,20,0,20,台新-台南,2023-09-25,8159
3545,敦泰,21,2,19,台新-台南,2023-09-25,8159
3615,安可,30,12,18,台新-台南,2023-09-25,8159
2313,華通,44,27,17,台新-台南,2023-09-25,8159
9945,潤泰新,17,1,16,台新-台南,2023-09-25,8159
9103,美德醫療-DR,15,0,15,台新-台南,2023-09-25,8159
00897,富邦基因免疫生技,15,0,15,台新-台南,2023-09-25,8159
1101,台泥,529,515,14,台新-台南,2023-09-25,8159
4908,前鼎,18,4,14,台新-台南,2023-09-25,8159
00712,復華富時不動產,16,2,14,台新-台南,2023-09-25,8159
00922,國泰台灣領袖50,13,0,13,台新-台南,2023-09-25,8159
006208,富邦台50,13,0,13,台新-台南,2023-09-25,8159
1504,東元,36,23,13,台新-台南,2023-09-25,8159
2376,技嘉,57,44,13,台新-台南,2023-09-25,8159
2367,燿華,25,13,12,台新-台南,2023-09-25,8159
4967,十銓,12,0,12,台新-台南,2023-09-25,8159
3379,彬台,19,7,12,台新-台南,2023-09-25,8159
2543,皇昌,17,5,12,台新-台南,2023-09-25,8159
6191,精成科,12,1,11,台新-台南,2023-09-25,8159
2606,裕民,23,12,11,台新-台南,2023-09-25,8159
2603,長榮,12,1,11,台新-台南,2023-09-25,8159
2330,台積電,13,2,11,台新-台南,2023-09-25,8159
0056,元大高股息,15,5,10,台新-台南,2023-09-25,8159
5284,jpp-KY,10,0,10,台新-台南,2023-09-25,8159
6122,擎邦,12,2,10,台新-台南,2023-09-25,8159
4503,金雨,20,10,10,台新-台南,2023-09-25,8159
6117,迎廣,10,0,10,台新-台南,2023-09-25,8159
2743,山富,10,0,10,台新-台南,2023-09-25,8159
2460,建通,10,0,10,台新-台南,2023-09-25,8159
4542,科嶠,10,0,10,台新-台南,2023-09-25,8159
2881,富邦金,12,2,10,台新-台南,2023-09-25,8159
2317,鴻海,16,7,9,台新-台南,2023-09-25,8159
3058,立德,9,0,9,台新-台南,2023-09-25,8159
00931B,統一美債20年,9,0,9,台新-台南,2023-09-25,8159
3005,神基,8,0,8,台新-台南,2023-09-25,8159
00929,復華台灣科技優息,271,46,225,台新-台南,2023-09-26,8159
00679B,元大美債20年,111,1,110,台新-台南,2023-09-26,8159
00919,群益台灣精選高息,103,0,103,台新-台南,2023-09-26,8159
00878,國泰永續高股息,97,6,91,台新-台南,2023-09-26,8159
2303,聯電,95,5,90,台新-台南,2023-09-26,8159
00688L,國泰20年美債正2,112,28,84,台新-台南,2023-09-26,8159
00751B,元大AAA至A公司債,79,0,79,台新-台南,2023-09-26,8159
1612,宏泰,104,26,78,台新-台南,2023-09-26,8159
00680L,元大美債20正2,132,58,74,台新-台南,2023-09-26,8159
1609,大亞,134,64,70,台新-台南,2023-09-26,8159
2344,華邦電,65,2,63,台新-台南,2023-09-26,8159
2601,益航,51,1,50,台新-台南,2023-09-26,8159
00712,復華富時不動產,45,0,45,台新-台南,2023-09-26,8159
00632R,元大台灣50反1,50,7,43,台新-台南,2023-09-26,8159
2460,建通,42,0,42,台新-台南,2023-09-26,8159
2317,鴻海,46,9,37,台新-台南,2023-09-26,8159
1524,耿鼎,87,50,37,台新-台南,2023-09-26,8159
3711,日月光投控,34,0,34,台新-台南,2023-09-26,8159
3313,斐成,32,0,32,台新-台南,2023-09-26,8159
1815,富喬,69,38,31,台新-台南,2023-09-26,8159
2888,新光金,32,2,30,台新-台南,2023-09-26,8159
0056,元大高股息,31,2,29,台新-台南,2023-09-26,8159
00772B,中信高評級公司債,29,0,29,台新-台南,2023-09-26,8159
2834,臺企銀,28,0,28,台新-台南,2023-09-26,8159
00931B,統一美債20年,28,0,28,台新-台南,2023-09-26,8159
2880,華南金,27,0,27,台新-台南,2023-09-26,8159
2002,中鋼,25,0,25,台新-台南,2023-09-26,8159
00888,永豐台灣ESG,25,1,24,台新-台南,2023-09-26,8159
00637L,元大滬深300正2,34,10,24,台新-台南,2023-09-26,8159
6901,鑽石投資,27,4,23,台新-台南,2023-09-26,8159
2881,富邦金,30,8,22,台新-台南,2023-09-26,8159
2801,彰銀,22,0,22,台新-台南,2023-09-26,8159
00687B,國泰20年美債,21,0,21,台新-台南,2023-09-26,8159
3481,群創,24,4,20,台新-台南,2023-09-26,8159
3167,大量,20,0,20,台新-台南,2023-09-26,8159
6603,富強鑫,20,0,20,台新-台南,2023-09-26,8159
00654R,富邦印度反1,20,0,20,台新-台南,2023-09-26,8159
2330,台積電,24,5,19,台新-台南,2023-09-26,8159
3289,宜特,19,0,19,台新-台南,2023-09-26,8159
2634,漢翔,25,6,19,台新-台南,2023-09-26,8159
2515,中工,28,10,18,台新-台南,2023-09-26,8159
1584,精剛,38,21,17,台新-台南,2023-09-26,8159
00918,大華優利高填息30,17,0,17,台新-台南,2023-09-26,8159
1471,首利,29,12,17,台新-台南,2023-09-26,8159
9960,邁達康,18,1,17,台新-台南,2023-09-26,8159
8401,白紗科,17,0,17,台新-台南,2023-09-26,8159
2883,凱基金,27,10,17,台新-台南,2023-09-26,8159
1503,士電,18,2,16,台新-台南,2023-09-26,8159
2882,國泰金,16,0,16,台新-台南,2023-09-26,8159
00923,群益台ESG低碳50,16,0,16,台新-台南,2023-09-26,8159
00706L,期元大S＆P日圓正2,400,0,400,台新-台南,2023-09-27,8159
3051,力特,174,7,167,台新-台南,2023-09-27,8159
2002,中鋼,129,10,119,台新-台南,2023-09-27,8159
00929,復華台灣科技優息,152,56,96,台新-台南,2023-09-27,8159
2605,新興,106,16,90,台新-台南,2023-09-27,8159
00919,群益台灣精選高息,94,13,81,台新-台南,2023-09-27,8159
2891,中信金,66,0,66,台新-台南,2023-09-27,8159
2883,凱基金,54,1,53,台新-台南,2023-09-27,8159
00712,復華富時不動產,50,5,45,台新-台南,2023-09-27,8159
6770,力積電,43,0,43,台新-台南,2023-09-27,8159
00680L,元大美債20正2,40,0,40,台新-台南,2023-09-27,8159
00673R,期元大S＆P原油反1,50,10,40,台新-台南,2023-09-27,8159
00679B,元大美債20年,40,0,40,台新-台南,2023-09-27,8159
1718,中纖,38,0,38,台新-台南,2023-09-27,8159
3545,敦泰,62,26,36,台新-台南,2023-09-27,8159
3037,欣興,38,2,36,台新-台南,2023-09-27,8159
1101,台泥,34,0,34,台新-台南,2023-09-27,8159
1449,佳和,33,0,33,台新-台南,2023-09-27,8159
2303,聯電,45,14,31,台新-台南,2023-09-27,8159
00897,富邦基因免疫生技,31,0,31,台新-台南,2023-09-27,8159
3294,英濟,32,2,30,台新-台南,2023-09-27,8159
2905,三商,30,0,30,台新-台南,2023-09-27,8159
2606,裕民,70,41,29,台新-台南,2023-09-27,8159
2637,慧洋-KY,56,27,29,台新-台南,2023-09-27,8159
2603,長榮,28,1,27,台新-台南,2023-09-27,8159
3481,群創,54,31,23,台新-台南,2023-09-27,8159
2834,臺企銀,23,0,23,台新-台南,2023-09-27,8159
5388,中磊,22,0,22,台新-台南,2023-09-27,8159
2515,中工,30,8,22,台新-台南,2023-09-27,8159
3163,波若威,41,20,21,台新-台南,2023-09-27,8159
3704,合勤控,29,8,21,台新-台南,2023-09-27,8159
1409,新纖,21,0,21,台新-台南,2023-09-27,8159
2881,富邦金,22,2,20,台新-台南,2023-09-27,8159
2103,台橡,20,0,20,台新-台南,2023-09-27,8159
6603,富強鑫,20,0,20,台新-台南,2023-09-27,8159
00932,兆豐永續高息等權,19,0,19,台新-台南,2023-09-27,8159
2317,鴻海,20,1,19,台新-台南,2023-09-27,8159
2460,建通,18,0,18,台新-台南,2023-09-27,8159
00772B,中信高評級公司債,17,0,17,台新-台南,2023-09-27,8159
9919,康那香,23,6,17,台新-台南,2023-09-27,8159
3078,僑威,17,0,17,台新-台南,2023-09-27,8159
2344,華邦電,25,9,16,台新-台南,2023-09-27,8159
3709,鑫聯大投控,30,15,15,台新-台南,2023-09-27,8159
1612,宏泰,29,14,15,台新-台南,2023-09-27,8159
2882,國泰金,14,0,14,台新-台南,2023-09-27,8159
2014,中鴻,13,0,13,台新-台南,2023-09-27,8159
2832,台產,13,0,13,台新-台南,2023-09-27,8159
1339,昭輝,15,2,13,台新-台南,2023-09-27,8159
1473,台南,13,0,13,台新-台南,2023-09-27,8159
1618,合機,156,144,12,台新-台南,2023-09-27,8159
3051,力特,126,0,126,台新-台南,2023-09-28,8159
00680L,元大美債20正2,107,0,107,台新-台南,2023-09-28,8159
00929,復華台灣科技優息,87,6,81,台新-台南,2023-09-28,8159
2363,矽統,144,81,63,台新-台南,2023-09-28,8159
2618,長榮航,72,10,62,台新-台南,2023-09-28,8159
6418,詠昇,56,1,55,台新-台南,2023-09-28,8159
00751B,元大AAA至A公司債,54,0,54,台新-台南,2023-09-28,8159
2313,華通,63,13,50,台新-台南,2023-09-28,8159
00753L,中信中國50正2,47,0,47,台新-台南,2023-09-28,8159
00712,復華富時不動產,57,15,42,台新-台南,2023-09-28,8159
2905,三商,40,2,38,台新-台南,2023-09-28,8159
3231,緯創,187,150,37,台新-台南,2023-09-28,8159
00679B,元大美債20年,61,28,33,台新-台南,2023-09-28,8159
00673R,期元大S＆P原油反1,97,65,32,台新-台南,2023-09-28,8159
4532,瑞智,32,0,32,台新-台南,2023-09-28,8159
00686R,群益臺灣加權反1,30,0,30,台新-台南,2023-09-28,8159
3006,晶豪科,39,9,30,台新-台南,2023-09-28,8159
00919,群益台灣精選高息,29,1,28,台新-台南,2023-09-28,8159
2344,華邦電,30,3,27,台新-台南,2023-09-28,8159
3630,新鉅科,38,13,25,台新-台南,2023-09-28,8159
3122,笙泉,42,17,25,台新-台南,2023-09-28,8159
2312,金寶,24,0,24,台新-台南,2023-09-28,8159
3163,波若威,35,11,24,台新-台南,2023-09-28,8159
2353,宏��,25,2,23,台新-台南,2023-09-28,8159
2388,威盛,43,20,23,台新-台南,2023-09-28,8159
1301,台塑,23,0,23,台新-台南,2023-09-28,8159
2498,宏達電,23,0,23,台新-台南,2023-09-28,8159
00720B,元大投資級公司債,23,0,23,台新-台南,2023-09-28,8159
2329,華泰,32,11,21,台新-台南,2023-09-28,8159
00902,中信電池及儲能,21,0,21,台新-台南,2023-09-28,8159
2409,友達,21,0,21,台新-台南,2023-09-28,8159
6603,富強鑫,20,0,20,台新-台南,2023-09-28,8159
00909,國泰數位支付服務,20,0,20,台新-台南,2023-09-28,8159
2002,中鋼,39,21,18,台新-台南,2023-09-28,8159
2201,裕隆,34,16,18,台新-台南,2023-09-28,8159
00882,中信中國高股息,18,0,18,台新-台南,2023-09-28,8159
1101,台泥,20,2,18,台新-台南,2023-09-28,8159
00772B,中信高評級公司債,26,8,18,台新-台南,2023-09-28,8159
00632R,元大台灣50反1,36,20,16,台新-台南,2023-09-28,8159
2610,華航,19,4,15,台新-台南,2023-09-28,8159
2408,南亞科,15,0,15,台新-台南,2023-09-28,8159
3373,熱映,15,0,15,台新-台南,2023-09-28,8159
2906,高林,15,0,15,台新-台南,2023-09-28,8159
00931B,統一美債20年,14,0,14,台新-台南,2023-09-28,8159
00795B,中信美國公債20年,13,0,13,台新-台南,2023-09-28,8159
2332,友訊,13,0,13,台新-台南,2023-09-28,8159
6274,台燿,55,42,13,台新-台南,2023-09-28,8159
00878,國泰永續高股息,48,36,12,台新-台南,2023-09-28,8159
2356,英業達,51,39,12,台新-台南,2023-09-28,8159
3037,欣興,17,5,12,台新-台南,2023-09-28,8159
2409,友達,76,9,67,台新-台南,2023-10-02,8159
00929,復華台灣科技優息,106,40,66,台新-台南,2023-10-02,8159
2888,新光金,51,0,51,台新-台南,2023-10-02,8159
2889,國票金,44,0,44,台新-台南,2023-10-02,8159
5258,虹堡,57,15,42,台新-台南,2023-10-02,8159
00878,國泰永續高股息,144,103,41,台新-台南,2023-10-02,8159
00772B,中信高評級公司債,37,0,37,台新-台南,2023-10-02,8159
1310,台苯,36,0,36,台新-台南,2023-10-02,8159
3325,旭品,53,17,36,台新-台南,2023-10-02,8159
3230,錦明,36,0,36,台新-台南,2023-10-02,8159
2603,長榮,44,9,35,台新-台南,2023-10-02,8159
2886,兆豐金,35,0,35,台新-台南,2023-10-02,8159
4526,東台,35,0,35,台新-台南,2023-10-02,8159
00751B,元大AAA至A公司債,52,20,32,台新-台南,2023-10-02,8159
00679B,元大美債20年,31,0,31,台新-台南,2023-10-02,8159
2002,中鋼,36,6,30,台新-台南,2023-10-02,8159
5340,建榮,28,0,28,台新-台南,2023-10-02,8159
2884,玉山金,27,2,25,台新-台南,2023-10-02,8159
00720B,元大投資級公司債,24,0,24,台新-台南,2023-10-02,8159
2897,王道銀行,25,1,24,台新-台南,2023-10-02,8159
1618,合機,28,7,21,台新-台南,2023-10-02,8159
2601,益航,20,0,20,台新-台南,2023-10-02,8159
6603,富強鑫,20,0,20,台新-台南,2023-10-02,8159
6125,廣運,33,14,19,台新-台南,2023-10-02,8159
8476,台境*,18,0,18,台新-台南,2023-10-02,8159
2025,千興,17,0,17,台新-台南,2023-10-02,8159
1909,榮成,17,0,17,台新-台南,2023-10-02,8159
2201,裕隆,23,6,17,台新-台南,2023-10-02,8159
1609,大亞,55,39,16,台新-台南,2023-10-02,8159
00687B,國泰20年美債,17,2,15,台新-台南,2023-10-02,8159
1806,冠軍,15,0,15,台新-台南,2023-10-02,8159
1314,中石化,30,16,14,台新-台南,2023-10-02,8159
2363,矽統,129,115,14,台新-台南,2023-10-02,8159
2460,建通,13,0,13,台新-台南,2023-10-02,8159
3313,斐成,13,0,13,台新-台南,2023-10-02,8159
3011,今皓,13,0,13,台新-台南,2023-10-02,8159
8112,至上,19,6,13,台新-台南,2023-10-02,8159
3715,定穎投控,207,195,12,台新-台南,2023-10-02,8159
2405,輔信,20,8,12,台新-台南,2023-10-02,8159
3706,神達,51,40,11,台新-台南,2023-10-02,8159
3162,精確,11,0,11,台新-台南,2023-10-02,8159
1584,精剛,29,18,11,台新-台南,2023-10-02,8159
2329,華泰,51,40,11,台新-台南,2023-10-02,8159
1789,神隆,10,0,10,台新-台南,2023-10-02,8159
6591,動力-KY,10,0,10,台新-台南,2023-10-02,8159
9933,中鼎,10,0,10,台新-台南,2023-10-02,8159
2402,毅嘉,52,42,10,台新-台南,2023-10-02,8159
2014,中鴻,10,0,10,台新-台南,2023-10-02,8159
2905,三商,10,0,10,台新-台南,2023-10-02,8159
00632R,元大台灣50反1,30,20,10,台新-台南,2023-10-02,8159
2883,凱基金,397,0,397,台新-台南,2023-10-03,8159
0056,元大高股息,163,24,139,台新-台南,2023-10-03,8159
2027,大成鋼,117,5,112,台新-台南,2023-10-03,8159
00712,復華富時不動產,112,3,109,台新-台南,2023-10-03,8159
00632R,元大台灣50反1,100,8,92,台新-台南,2023-10-03,8159
2884,玉山金,103,12,91,台新-台南,2023-10-03,8159
2356,英業達,124,35,89,台新-台南,2023-10-03,8159
2409,友達,109,34,75,台新-台南,2023-10-03,8159
00751B,元大AAA至A公司債,79,5,74,台新-台南,2023-10-03,8159
3231,緯創,341,272,69,台新-台南,2023-10-03,8159
3704,合勤控,64,0,64,台新-台南,2023-10-03,8159
00885,富邦越南,63,1,62,台新-台南,2023-10-03,8159
1584,精剛,66,12,54,台新-台南,2023-10-03,8159
00753L,中信中國50正2,74,21,53,台新-台南,2023-10-03,8159
2002,中鋼,54,2,52,台新-台南,2023-10-03,8159
6026,福邦證,50,0,50,台新-台南,2023-10-03,8159
3481,群創,124,81,43,台新-台南,2023-10-03,8159
00878,國泰永續高股息,49,8,41,台新-台南,2023-10-03,8159
00882,中信中國高股息,56,15,41,台新-台南,2023-10-03,8159
2882,國泰金,40,0,40,台新-台南,2023-10-03,8159
1609,大亞,76,36,40,台新-台南,2023-10-03,8159
00922,國泰台灣領袖50,53,15,38,台新-台南,2023-10-03,8159
00679B,元大美債20年,36,0,36,台新-台南,2023-10-03,8159
1514,亞力,49,13,36,台新-台南,2023-10-03,8159
2618,長榮航,46,12,34,台新-台南,2023-10-03,8159
2313,華通,40,7,33,台新-台南,2023-10-03,8159
3013,晟銘電,77,46,31,台新-台南,2023-10-03,8159
4961,天鈺,36,6,30,台新-台南,2023-10-03,8159
5522,遠雄,30,0,30,台新-台南,2023-10-03,8159
00919,群益台灣精選高息,53,24,29,台新-台南,2023-10-03,8159
2468,華經,33,4,29,台新-台南,2023-10-03,8159
00720B,元大投資級公司債,34,5,29,台新-台南,2023-10-03,8159
2201,裕隆,30,3,27,台新-台南,2023-10-03,8159
2363,矽統,73,46,27,台新-台南,2023-10-03,8159
00772B,中信高評級公司債,34,8,26,台新-台南,2023-10-03,8159
2610,華航,25,0,25,台新-台南,2023-10-03,8159
2888,新光金,24,1,23,台新-台南,2023-10-03,8159
5371,中光電,22,0,22,台新-台南,2023-10-03,8159
2834,臺企銀,24,2,22,台新-台南,2023-10-03,8159
2388,威盛,99,77,22,台新-台南,2023-10-03,8159
1409,新纖,21,0,21,台新-台南,2023-10-03,8159
00897,富邦基因免疫生技,20,0,20,台新-台南,2023-10-03,8159
3707,漢磊,20,0,20,台新-台南,2023-10-03,8159
2371,大同,20,1,19,台新-台南,2023-10-03,8159
00931B,統一美債20年,18,0,18,台新-台南,2023-10-03,8159
6231,系微,24,7,17,台新-台南,2023-10-03,8159
1402,遠東新,17,0,17,台新-台南,2023-10-03,8159
2457,飛宏,17,0,17,台新-台南,2023-10-03,8159
4543,萬在,48,32,16,台新-台南,2023-10-03,8159
00715L,期街口布蘭特正2,16,0,16,台新-台南,2023-10-03,8159
00929,復華台灣科技優息,303,36,267,台新-台南,2023-10-04,8159
00688L,國泰20年美債正2,120,0,120,台新-台南,2023-10-04,8159
00712,復華富時不動產,123,10,113,台新-台南,2023-10-04,8159
1909,榮成,106,0,106,台新-台南,2023-10-04,8159
00751B,元大AAA至A公司債,107,1,106,台新-台南,2023-10-04,8159
2880,華南金,109,8,101,台新-台南,2023-10-04,8159
2905,三商,90,0,90,台新-台南,2023-10-04,8159
00878,國泰永續高股息,99,15,84,台新-台南,2023-10-04,8159
2887,台新金,100,16,84,台新-台南,2023-10-04,8159
2884,玉山金,81,0,81,台新-台南,2023-10-04,8159
0056,元大高股息,82,9,73,台新-台南,2023-10-04,8159
3481,群創,88,17,71,台新-台南,2023-10-04,8159
00922,國泰台灣領袖50,65,2,63,台新-台南,2023-10-04,8159
00687B,國泰20年美債,62,0,62,台新-台南,2023-10-04,8159
2883,凱基金,60,0,60,台新-台南,2023-10-04,8159
2303,聯電,57,2,55,台新-台南,2023-10-04,8159
2882,國泰金,53,0,53,台新-台南,2023-10-04,8159
6026,福邦證,52,0,52,台新-台南,2023-10-04,8159
2317,鴻海,46,2,44,台新-台南,2023-10-04,8159
00919,群益台灣精選高息,44,1,43,台新-台南,2023-10-04,8159
8227,巨有科技,51,9,42,台新-台南,2023-10-04,8159
2867,三商壽,41,0,41,台新-台南,2023-10-04,8159
2888,新光金,50,10,40,台新-台南,2023-10-04,8159
2409,友達,43,5,38,台新-台南,2023-10-04,8159
1605,華新,40,3,37,台新-台南,2023-10-04,8159
00679B,元大美債20年,65,28,37,台新-台南,2023-10-04,8159
2201,裕隆,49,12,37,台新-台南,2023-10-04,8159
00720B,元大投資級公司債,44,7,37,台新-台南,2023-10-04,8159
5522,遠雄,36,0,36,台新-台南,2023-10-04,8159
00882,中信中國高股息,35,0,35,台新-台南,2023-10-04,8159
00664R,國泰臺灣加權反1,34,0,34,台新-台南,2023-10-04,8159
8271,宇瞻,54,21,33,台新-台南,2023-10-04,8159
2371,大同,37,5,32,台新-台南,2023-10-04,8159
3231,緯創,183,153,30,台新-台南,2023-10-04,8159
2103,台橡,30,0,30,台新-台南,2023-10-04,8159
6603,富強鑫,30,0,30,台新-台南,2023-10-04,8159
3704,合勤控,29,0,29,台新-台南,2023-10-04,8159
2353,宏��,28,1,27,台新-台南,2023-10-04,8159
2881,富邦金,31,3,28,台新-台南,2023-10-04,8159
00772B,中信高評級公司債,53,26,27,台新-台南,2023-10-04,8159
1305,華夏,27,0,27,台新-台南,2023-10-04,8159
5880,合庫金,25,0,25,台新-台南,2023-10-04,8159
00724B,群益投資級金融債,25,0,25,台新-台南,2023-10-04,8159
3006,晶豪科,38,14,24,台新-台南,2023-10-04,8159
1101,台泥,24,0,24,台新-台南,2023-10-04,8159
2634,漢翔,25,2,23,台新-台南,2023-10-04,8159
2337,旺宏,25,2,23,台新-台南,2023-10-04,8159
2355,敬鵬,26,3,23,台新-台南,2023-10-04,8159
2014,中鴻,21,0,21,台新-台南,2023-10-04,8159
3230,錦明,21,0,21,台新-台南,2023-10-04,8159
00712,復華富時不動產,249,7,242,台新-台南,2023-10-05,8159
2618,長榮航,316,93,223,台新-台南,2023-10-05,8159
00680L,元大美債20正2,107,5,102,台新-台南,2023-10-05,8159
3032,偉訓,103,12,91,台新-台南,2023-10-05,8159
00929,復華台灣科技優息,98,9,89,台新-台南,2023-10-05,8159
2834,臺企銀,67,10,57,台新-台南,2023-10-05,8159
6505,台塑化,55,1,54,台新-台南,2023-10-05,8159
2313,華通,184,134,50,台新-台南,2023-10-05,8159
00676R,富邦臺灣加權反1,50,0,50,台新-台南,2023-10-05,8159
5522,遠雄,44,0,44,台新-台南,2023-10-05,8159
2634,漢翔,49,9,40,台新-台南,2023-10-05,8159
1603,華電,55,15,40,台新-台南,2023-10-05,8159
3013,晟銘電,123,86,37,台新-台南,2023-10-05,8159
1815,富喬,111,76,35,台新-台南,2023-10-05,8159
2014,中鴻,30,0,30,台新-台南,2023-10-05,8159
00686R,群益臺灣加權反1,30,0,30,台新-台南,2023-10-05,8159
2883,凱基金,30,0,30,台新-台南,2023-10-05,8159
1101,台泥,27,0,27,台新-台南,2023-10-05,8159
6451,訊芯-KY,74,47,27,台新-台南,2023-10-05,8159
1909,榮成,26,0,26,台新-台南,2023-10-05,8159
8936,國統,26,1,25,台新-台南,2023-10-05,8159
1609,大亞,34,10,24,台新-台南,2023-10-05,8159
0056,元大高股息,42,19,23,台新-台南,2023-10-05,8159
8112,至上,23,0,23,台新-台南,2023-10-05,8159
2610,華航,68,45,23,台新-台南,2023-10-05,8159
4967,十銓,27,4,23,台新-台南,2023-10-05,8159
2352,佳世達,28,6,22,台新-台南,2023-10-05,8159
6245,立端,22,0,22,台新-台南,2023-10-05,8159
8271,宇瞻,34,12,22,台新-台南,2023-10-05,8159
2337,旺宏,28,6,22,台新-台南,2023-10-05,8159
4961,天鈺,22,1,21,台新-台南,2023-10-05,8159
2457,飛宏,52,31,21,台新-台南,2023-10-05,8159
2317,鴻海,21,1,20,台新-台南,2023-10-05,8159
3231,緯創,290,270,20,台新-台南,2023-10-05,8159
2887,台新金,20,0,20,台新-台南,2023-10-05,8159
00908,富邦入息REITs+,20,0,20,台新-台南,2023-10-05,8159
2515,中工,17,0,17,台新-台南,2023-10-05,8159
6288,聯嘉,46,30,16,台新-台南,2023-10-05,8159
4933,友輝,19,4,15,台新-台南,2023-10-05,8159
8210,勤誠,46,31,15,台新-台南,2023-10-05,8159
1324,地球,33,18,15,台新-台南,2023-10-05,8159
1605,華新,21,6,15,台新-台南,2023-10-05,8159
9911,櫻花,14,0,14,台新-台南,2023-10-05,8159
3014,聯陽,27,13,14,台新-台南,2023-10-05,8159
2312,金寶,34,20,14,台新-台南,2023-10-05,8159
2417,圓剛,60,47,13,台新-台南,2023-10-05,8159
00720B,元大投資級公司債,14,1,13,台新-台南,2023-10-05,8159
00882,中信中國高股息,13,0,13,台新-台南,2023-10-05,8159
2405,輔信,15,3,12,台新-台南,2023-10-05,8159
2002,中鋼,35,24,11,台新-台南,2023-10-05,8159
00706L,期元大S＆P日圓正2,200,0,200,台新-台南,2023-10-06,8159
2905,三商,181,2,179,台新-台南,2023-10-06,8159
00929,復華台灣科技優息,188,14,174,台新-台南,2023-10-06,8159
3481,群創,106,14,92,台新-台南,2023-10-06,8159
00715L,期街口布蘭特正2,93,5,88,台新-台南,2023-10-06,8159
2610,華航,98,12,86,台新-台南,2023-10-06,8159
9105,泰金寶-DR,83,0,83,台新-台南,2023-10-06,8159
2618,長榮航,86,11,75,台新-台南,2023-10-06,8159
0056,元大高股息,64,9,55,台新-台南,2023-10-06,8159
00919,群益台灣精選高息,51,1,50,台新-台南,2023-10-06,8159
2002,中鋼,49,0,49,台新-台南,2023-10-06,8159
5426,振發,61,13,48,台新-台南,2023-10-06,8159
00712,復華富時不動產,45,1,44,台新-台南,2023-10-06,8159
00795B,中信美國公債20年,40,0,40,台新-台南,2023-10-06,8159
00922,國泰台灣領袖50,50,11,39,台新-台南,2023-10-06,8159
00885,富邦越南,37,0,37,台新-台南,2023-10-06,8159
00687B,國泰20年美債,36,0,36,台新-台南,2023-10-06,8159
3704,合勤控,34,2,32,台新-台南,2023-10-06,8159
2409,友達,34,5,29,台新-台南,2023-10-06,8159
8222,寶一,36,8,28,台新-台南,2023-10-06,8159
6274,台燿,55,31,24,台新-台南,2023-10-06,8159
6235,華孚,30,9,21,台新-台南,2023-10-06,8159
00772B,中信高評級公司債,21,0,21,台新-台南,2023-10-06,8159
3231,緯創,271,250,21,台新-台南,2023-10-06,8159
3051,力特,47,27,20,台新-台南,2023-10-06,8159
00893,國泰智能電動車,20,0,20,台新-台南,2023-10-06,8159
2337,旺宏,25,5,20,台新-台南,2023-10-06,8159
6603,富強鑫,20,0,20,台新-台南,2023-10-06,8159
00720B,元大投資級公司債,20,1,19,台新-台南,2023-10-06,8159
2348,海悅,19,0,19,台新-台南,2023-10-06,8159
3036,文曄,40,23,17,台新-台南,2023-10-06,8159
1609,大亞,34,18,16,台新-台南,2023-10-06,8159
1504,東元,16,1,15,台新-台南,2023-10-06,8159
6134,萬旭,14,0,14,台新-台南,2023-10-06,8159
2371,大同,15,2,13,台新-台南,2023-10-06,8159
3276,宇環,19,6,13,台新-台南,2023-10-06,8159
2538,基泰,14,2,12,台新-台南,2023-10-06,8159
2363,矽統,127,115,12,台新-台南,2023-10-06,8159
2332,友訊,12,0,12,台新-台南,2023-10-06,8159
00679B,元大美債20年,11,0,11,台新-台南,2023-10-06,8159
4763,材料-KY,12,1,11,台新-台南,2023-10-06,8159
1409,新纖,11,0,11,台新-台南,2023-10-06,8159
4944,兆遠,11,0,11,台新-台南,2023-10-06,8159
8476,台境*,11,0,11,台新-台南,2023-10-06,8159
2883,凱基金,11,0,11,台新-台南,2023-10-06,8159
5314,世紀,11,0,11,台新-台南,2023-10-06,8159
3081,聯亞,13,2,11,台新-台南,2023-10-06,8159
2323,中環,12,1,11,台新-台南,2023-10-06,8159
1584,精剛,14,4,10,台新-台南,2023-10-06,8159
00915,凱基優選高股息30,10,0,10,台新-台南,2023-10-06,8159
2884,玉山金,196,11,185,台新-台南,2023-10-11,8159
3231,緯創,303,160,143,台新-台南,2023-10-11,8159
2498,宏達電,134,5,129,台新-台南,2023-10-11,8159
2365,昆盈,104,0,104,台新-台南,2023-10-11,8159
1584,精剛,109,6,103,台新-台南,2023-10-11,8159
0056,元大高股息,110,43,67,台新-台南,2023-10-11,8159
2610,華航,96,29,67,台新-台南,2023-10-11,8159
2356,英業達,109,56,53,台新-台南,2023-10-11,8159
2382,廣達,143,91,52,台新-台南,2023-10-11,8159
00929,復華台灣科技優息,136,89,47,台新-台南,2023-10-11,8159
3715,定穎投控,135,92,43,台新-台南,2023-10-11,8159
2002,中鋼,43,4,39,台新-台南,2023-10-11,8159
2421,建準,47,11,36,台新-台南,2023-10-11,8159
9105,泰金寶-DR,36,0,36,台新-台南,2023-10-11,8159
4543,萬在,49,15,34,台新-台南,2023-10-11,8159
6530,創威,48,16,32,台新-台南,2023-10-11,8159
2376,技嘉,82,51,31,台新-台南,2023-10-11,8159
2020,美亞,31,0,31,台新-台南,2023-10-11,8159
00632R,元大台灣50反1,40,10,30,台新-台南,2023-10-11,8159
1609,大亞,32,4,28,台新-台南,2023-10-11,8159
2880,華南金,30,2,28,台新-台南,2023-10-11,8159
2388,威盛,47,19,28,台新-台南,2023-10-11,8159
8938,明安,26,0,26,台新-台南,2023-10-11,8159
8476,台境*,25,0,25,台新-台南,2023-10-11,8159
3308,聯德,27,2,25,台新-台南,2023-10-11,8159
00679B,元大美債20年,33,10,23,台新-台南,2023-10-11,8159
1504,東元,33,11,22,台新-台南,2023-10-11,8159
3483,力致,27,5,22,台新-台南,2023-10-11,8159
1305,華夏,29,7,22,台新-台南,2023-10-11,8159
6603,富強鑫,22,0,22,台新-台南,2023-10-11,8159
5426,振發,22,0,22,台新-台南,2023-10-11,8159
6189,豐藝,35,14,21,台新-台南,2023-10-11,8159
3693,營邦,41,20,21,台新-台南,2023-10-11,8159
2367,燿華,20,0,20,台新-台南,2023-10-11,8159
6120,達運,29,9,20,台新-台南,2023-10-11,8159
3289,宜特,20,0,20,台新-台南,2023-10-11,8159
2014,中鴻,19,0,19,台新-台南,2023-10-11,8159
3006,晶豪科,115,96,19,台新-台南,2023-10-11,8159
2329,華泰,37,19,18,台新-台南,2023-10-11,8159
3088,艾訊,17,0,17,台新-台南,2023-10-11,8159
2609,陽明,25,8,17,台新-台南,2023-10-11,8159
3046,建��,16,0,16,台新-台南,2023-10-11,8159
2332,友訊,16,0,16,台新-台南,2023-10-11,8159
5371,中光電,16,0,16,台新-台南,2023-10-11,8159
9911,櫻花,15,0,15,台新-台南,2023-10-11,8159
3236,千如,15,0,15,台新-台南,2023-10-11,8159
4934,太極,21,7,14,台新-台南,2023-10-11,8159
2603,長榮,87,74,13,台新-台南,2023-10-11,8159
2515,中工,13,0,13,台新-台南,2023-10-11,8159
2612,中航,13,0,13,台新-台南,2023-10-11,8159
00706L,期元大S＆P日圓正2,201,0,201,台新-台南,2023-10-12,8159
2349,錸德,200,6,194,台新-台南,2023-10-12,8159
3276,宇環,178,59,119,台新-台南,2023-10-12,8159
00632R,元大台灣50反1,147,30,117,台新-台南,2023-10-12,8159
00688L,國泰20年美債正2,102,14,88,台新-台南,2023-10-12,8159
00712,復華富時不動產,100,28,72,台新-台南,2023-10-12,8159
1440,南紡,68,2,66,台新-台南,2023-10-12,8159
6901,鑽石投資,52,2,50,台新-台南,2023-10-12,8159
2352,佳世達,51,3,48,台新-台南,2023-10-12,8159
3481,群創,87,42,45,台新-台南,2023-10-12,8159
2634,漢翔,39,2,37,台新-台南,2023-10-12,8159
2468,華經,45,10,35,台新-台南,2023-10-12,8159
00715L,期街口布蘭特正2,37,2,35,台新-台南,2023-10-12,8159
2601,益航,35,0,35,台新-台南,2023-10-12,8159
4303,信立,35,0,35,台新-台南,2023-10-12,8159
2457,飛宏,37,3,34,台新-台南,2023-10-12,8159
00919,群益台灣精選高息,64,34,30,台新-台南,2023-10-12,8159
2538,基泰,30,0,30,台新-台南,2023-10-12,8159
00679B,元大美債20年,36,7,29,台新-台南,2023-10-12,8159
2417,圓剛,29,2,27,台新-台南,2023-10-12,8159
2382,廣達,117,91,26,台新-台南,2023-10-12,8159
00751B,元大AAA至A公司債,26,1,25,台新-台南,2023-10-12,8159
2356,英業達,51,32,19,台新-台南,2023-10-12,8159
2605,新興,20,1,19,台新-台南,2023-10-12,8159
00922,國泰台灣領袖50,20,2,18,台新-台南,2023-10-12,8159
2374,佳能,16,0,16,台新-台南,2023-10-12,8159
5512,力麒,16,0,16,台新-台南,2023-10-12,8159
2345,智邦,15,0,15,台新-台南,2023-10-12,8159
1609,大亞,23,8,15,台新-台南,2023-10-12,8159
00642U,期元大S＆P石油,14,0,14,台新-台南,2023-10-12,8159
8112,至上,16,2,14,台新-台南,2023-10-12,8159
00720B,元大投資級公司債,13,0,13,台新-台南,2023-10-12,8159
5009,榮剛,17,4,13,台新-台南,2023-10-12,8159
8227,巨有科技,26,13,13,台新-台南,2023-10-12,8159
00882,中信中國高股息,15,2,13,台新-台南,2023-10-12,8159
2542,興富發,17,5,12,台新-台南,2023-10-12,8159
00633L,富邦上証正2,18,6,12,台新-台南,2023-10-12,8159
5206,坤悅,11,0,11,台新-台南,2023-10-12,8159
6274,台燿,45,34,11,台新-台南,2023-10-12,8159
2706,第一店,11,0,11,台新-台南,2023-10-12,8159
3702,大聯大,12,1,11,台新-台南,2023-10-12,8159
0056,元大高股息,39,28,11,台新-台南,2023-10-12,8159
2324,仁寶,32,22,10,台新-台南,2023-10-12,8159
00680L,元大美債20正2,28,18,10,台新-台南,2023-10-12,8159
3373,熱映,10,0,10,台新-台南,2023-10-12,8159
6288,聯嘉,11,1,10,台新-台南,2023-10-12,8159
2905,三商,10,0,10,台新-台南,2023-10-12,8159
2427,三商電,27,17,10,台新-台南,2023-10-12,8159
3379,彬台,10,0,10,台新-台南,2023-10-12,8159
2881,富邦金,11,2,9,台新-台南,2023-10-12,8159
00680L,元大美債20正2,194,0,194,台新-台南,2023-10-13,8159
00878,國泰永續高股息,180,14,166,台新-台南,2023-10-13,8159
0056,元大高股息,121,5,116,台新-台南,2023-10-13,8159
00724B,群益投資級金融債,90,0,90,台新-台南,2023-10-13,8159
1568,倉佑,87,11,76,台新-台南,2023-10-13,8159
3715,定穎投控,182,113,69,台新-台南,2023-10-13,8159
00751B,元大AAA至A公司債,69,0,69,台新-台南,2023-10-13,8159
2376,技嘉,202,140,62,台新-台南,2023-10-13,8159
00857B,永豐20年美公債,55,0,55,台新-台南,2023-10-13,8159
2382,廣達,250,200,50,台新-台南,2023-10-13,8159
1603,華電,67,18,49,台新-台南,2023-10-13,8159
1440,南紡,48,2,46,台新-台南,2023-10-13,8159
00919,群益台灣精選高息,71,25,46,台新-台南,2023-10-13,8159
3231,緯創,118,76,42,台新-台南,2023-10-13,8159
2886,兆豐金,45,3,42,台新-台南,2023-10-13,8159
3032,偉訓,39,2,37,台新-台南,2023-10-13,8159
00753L,中信中國50正2,43,6,37,台新-台南,2023-10-13,8159
2845,遠東銀,39,3,36,台新-台南,2023-10-13,8159
1319,東陽,83,47,36,台新-台南,2023-10-13,8159
3037,欣興,45,11,34,台新-台南,2023-10-13,8159
00885,富邦越南,34,0,34,台新-台南,2023-10-13,8159
2002,中鋼,35,4,31,台新-台南,2023-10-13,8159
00712,復華富時不動產,41,10,31,台新-台南,2023-10-13,8159
2014,中鴻,31,0,31,台新-台南,2023-10-13,8159
00720B,元大投資級公司債,29,0,29,台新-台南,2023-10-13,8159
2340,台亞,29,2,27,台新-台南,2023-10-13,8159
2363,矽統,1096,1069,27,台新-台南,2023-10-13,8159
2618,長榮航,28,2,26,台新-台南,2023-10-13,8159
00688L,國泰20年美債正2,26,0,26,台新-台南,2023-10-13,8159
2880,華南金,26,1,25,台新-台南,2023-10-13,8159
2353,宏��,30,5,25,台新-台南,2023-10-13,8159
4303,信立,25,0,25,台新-台南,2023-10-13,8159
4908,前鼎,108,84,24,台新-台南,2023-10-13,8159
2834,臺企銀,27,3,24,台新-台南,2023-10-13,8159
2882,國泰金,26,2,24,台新-台南,2023-10-13,8159
1528,恩德,22,0,22,台新-台南,2023-10-13,8159
2884,玉山金,46,25,21,台新-台南,2023-10-13,8159
00669R,國泰美國道瓊反1,20,0,20,台新-台南,2023-10-13,8159
00722B,群益投資級電信債,19,0,19,台新-台南,2023-10-13,8159
2301,光寶科,55,37,18,台新-台南,2023-10-13,8159
3051,力特,24,6,18,台新-台南,2023-10-13,8159
00687B,國泰20年美債,18,0,18,台新-台南,2023-10-13,8159
3704,合勤控,21,3,18,台新-台南,2023-10-13,8159
00679B,元大美債20年,27,10,17,台新-台南,2023-10-13,8159
00922,國泰台灣領袖50,17,0,17,台新-台南,2023-10-13,8159
2402,毅嘉,29,12,17,台新-台南,2023-10-13,8159
8112,至上,22,5,17,台新-台南,2023-10-13,8159
00900,富邦特選高股息30,17,0,17,台新-台南,2023-10-13,8159
8996,高力,18,2,16,台新-台南,2023-10-13,8159
1513,中興電,21,5,16,台新-台南,2023-10-13,8159
00673R,期元大S＆P原油反1,3495,98,3397,台新-台南,2023-10-16,8159
00929,復華台灣科技優息,185,13,172,台新-台南,2023-10-16,8159
2344,華邦電,171,29,142,台新-台南,2023-10-16,8159
0056,元大高股息,106,4,102,台新-台南,2023-10-16,8159
2610,華航,154,60,94,台新-台南,2023-10-16,8159
2618,長榮航,97,18,79,台新-台南,2023-10-16,8159
4714,永捷,60,5,55,台新-台南,2023-10-16,8159
00753L,中信中國50正2,69,16,53,台新-台南,2023-10-16,8159
00919,群益台灣精選高息,64,12,52,台新-台南,2023-10-16,8159
6901,鑽石投資,51,1,50,台新-台南,2023-10-16,8159
00878,國泰永續高股息,56,8,48,台新-台南,2023-10-16,8159
4303,信立,47,0,47,台新-台南,2023-10-16,8159
1440,南紡,40,1,39,台新-台南,2023-10-16,8159
2515,中工,136,101,35,台新-台南,2023-10-16,8159
00922,國泰台灣領袖50,46,18,28,台新-台南,2023-10-16,8159
2201,裕隆,52,27,25,台新-台南,2023-10-16,8159
1605,華新,27,4,23,台新-台南,2023-10-16,8159
00751B,元大AAA至A公司債,21,0,21,台新-台南,2023-10-16,8159
2390,云辰,22,1,21,台新-台南,2023-10-16,8159
00764B,群益25年美債,20,0,20,台新-台南,2023-10-16,8159
00720B,元大投資級公司債,22,2,20,台新-台南,2023-10-16,8159
1904,正隆,39,20,19,台新-台南,2023-10-16,8159
3313,斐成,19,0,19,台新-台南,2023-10-16,8159
6282,康舒,24,6,18,台新-台南,2023-10-16,8159
2884,玉山金,28,10,18,台新-台南,2023-10-16,8159
2880,華南金,23,6,17,台新-台南,2023-10-16,8159
4526,東台,18,2,16,台新-台南,2023-10-16,8159
8938,明安,15,0,15,台新-台南,2023-10-16,8159
2305,全友,15,0,15,台新-台南,2023-10-16,8159
6531,愛普*,18,4,14,台新-台南,2023-10-16,8159
2369,菱生,18,4,14,台新-台南,2023-10-16,8159
00642U,期元大S＆P石油,20,6,14,台新-台南,2023-10-16,8159
9105,泰金寶-DR,14,0,14,台新-台南,2023-10-16,8159
2338,光罩,25,11,14,台新-台南,2023-10-16,8159
2449,京元電子,17,3,14,台新-台南,2023-10-16,8159
3714,富采,13,0,13,台新-台南,2023-10-16,8159
2457,飛宏,17,4,13,台新-台南,2023-10-16,8159
6284,佳邦,16,3,13,台新-台南,2023-10-16,8159
00881,國泰台灣5G+,14,2,12,台新-台南,2023-10-16,8159
2409,友達,22,10,12,台新-台南,2023-10-16,8159
00902,中信電池及儲能,12,0,12,台新-台南,2023-10-16,8159
5285,界霖,12,0,12,台新-台南,2023-10-16,8159
6188,廣明,19,7,12,台新-台南,2023-10-16,8159
6415,矽力*-KY,12,0,12,台新-台南,2023-10-16,8159
6276,安鈦克,33,21,12,台新-台南,2023-10-16,8159
8996,高力,15,4,11,台新-台南,2023-10-16,8159
3707,漢磊,12,1,11,台新-台南,2023-10-16,8159
4939,亞電,11,0,11,台新-台南,2023-10-16,8159
6223,旺矽,11,0,11,台新-台南,2023-10-16,8159
3051,力特,11,0,11,台新-台南,2023-10-16,8159
2618,長榮航,387,20,367,台新-台南,2023-10-17,8159
00878,國泰永續高股息,173,21,152,台新-台南,2023-10-17,8159
4714,永捷,149,8,141,台新-台南,2023-10-17,8159
2867,三商壽,113,0,113,台新-台南,2023-10-17,8159
0056,元大高股息,117,7,110,台新-台南,2023-10-17,8159
00688L,國泰20年美債正2,109,0,109,台新-台南,2023-10-17,8159
00929,復華台灣科技優息,122,14,108,台新-台南,2023-10-17,8159
00632R,元大台灣50反1,80,0,80,台新-台南,2023-10-17,8159
00720B,元大投資級公司債,85,5,80,台新-台南,2023-10-17,8159
2352,佳世達,67,0,67,台新-台南,2023-10-17,8159
1440,南紡,59,0,59,台新-台南,2023-10-17,8159
00687B,國泰20年美債,60,1,59,台新-台南,2023-10-17,8159
00679B,元大美債20年,57,2,55,台新-台南,2023-10-17,8159
00772B,中信高評級公司債,50,0,50,台新-台南,2023-10-17,8159
00680L,元大美債20正2,42,0,42,台新-台南,2023-10-17,8159
3032,偉訓,35,0,35,台新-台南,2023-10-17,8159
2201,裕隆,43,8,35,台新-台南,2023-10-17,8159
3006,晶豪科,53,20,33,台新-台南,2023-10-17,8159
2610,華航,49,17,32,台新-台南,2023-10-17,8159
3078,僑威,61,29,32,台新-台南,2023-10-17,8159
00900,富邦特選高股息30,33,2,31,台新-台南,2023-10-17,8159
2365,昆盈,31,1,30,台新-台南,2023-10-17,8159
1314,中石化,51,21,30,台新-台南,2023-10-17,8159
2460,建通,82,53,29,台新-台南,2023-10-17,8159
3715,定穎投控,99,71,28,台新-台南,2023-10-17,8159
3231,緯創,269,241,28,台新-台南,2023-10-17,8159
2888,新光金,28,1,27,台新-台南,2023-10-17,8159
00795B,中信美國公債20年,26,0,26,台新-台南,2023-10-17,8159
00730,富邦臺灣優質高息,26,0,26,台新-台南,2023-10-17,8159
00922,國泰台灣領袖50,25,0,25,台新-台南,2023-10-17,8159
2313,華通,103,78,25,台新-台南,2023-10-17,8159
1584,精剛,31,7,24,台新-台南,2023-10-17,8159
2882,國泰金,25,1,24,台新-台南,2023-10-17,8159
2543,皇昌,31,7,24,台新-台南,2023-10-17,8159
00764B,群益25年美債,23,0,23,台新-台南,2023-10-17,8159
00715L,期街口布蘭特正2,28,5,23,台新-台南,2023-10-17,8159
5215,科嘉-KY,34,11,23,台新-台南,2023-10-17,8159
2834,臺企銀,23,0,23,台新-台南,2023-10-17,8159
1101,台泥,22,0,22,台新-台南,2023-10-17,8159
1718,中纖,21,0,21,台新-台南,2023-10-17,8159
2601,益航,31,10,21,台新-台南,2023-10-17,8159
1305,華夏,21,0,21,台新-台南,2023-10-17,8159
1467,南緯,20,0,20,台新-台南,2023-10-17,8159
2356,英業達,44,25,19,台新-台南,2023-10-17,8159
00885,富邦越南,20,2,18,台新-台南,2023-10-17,8159
00751B,元大AAA至A公司債,17,0,17,台新-台南,2023-10-17,8159
4526,東台,17,0,17,台新-台南,2023-10-17,8159
2409,友達,25,9,16,台新-台南,2023-10-17,8159
1603,華電,16,0,16,台新-台南,2023-10-17,8159
1609,大亞,22,7,15,台新-台南,2023-10-17,8159
00929,復華台灣科技優息,465,17,448,台新-台南,2023-10-18,8159
00878,國泰永續高股息,380,50,330,台新-台南,2023-10-18,8159
0056,元大高股息,323,27,296,台新-台南,2023-10-18,8159
1440,南紡,229,10,219,台新-台南,2023-10-18,8159
00919,群益台灣精選高息,171,15,156,台新-台南,2023-10-18,8159
00922,國泰台灣領袖50,118,0,118,台新-台南,2023-10-18,8159
00706L,期元大S＆P日圓正2,100,0,100,台新-台南,2023-10-18,8159
3481,群創,131,43,88,台新-台南,2023-10-18,8159
2002,中鋼,95,15,80,台新-台南,2023-10-18,8159
2355,敬鵬,86,6,80,台新-台南,2023-10-18,8159
2601,益航,70,0,70,台新-台南,2023-10-18,8159
00679B,元大美債20年,71,3,68,台新-台南,2023-10-18,8159
2890,永豐金,73,8,65,台新-台南,2023-10-18,8159
2388,威盛,162,101,61,台新-台南,2023-10-18,8159
1584,精剛,51,0,51,台新-台南,2023-10-18,8159
6695,芯鼎,70,19,51,台新-台南,2023-10-18,8159
2353,宏��,60,9,51,台新-台南,2023-10-18,8159
00795B,中信美國公債20年,46,0,46,台新-台南,2023-10-18,8159
1609,大亞,52,6,46,台新-台南,2023-10-18,8159
2888,新光金,66,20,46,台新-台南,2023-10-18,8159
1102,亞泥,44,0,44,台新-台南,2023-10-18,8159
1524,耿鼎,47,3,44,台新-台南,2023-10-18,8159
4303,信立,44,0,44,台新-台南,2023-10-18,8159
00772B,中信高評級公司債,39,0,39,台新-台南,2023-10-18,8159
3268,海德威,37,0,37,台新-台南,2023-10-18,8159
5439,高技,39,2,37,台新-台南,2023-10-18,8159
4720,德淵,36,0,36,台新-台南,2023-10-18,8159
4960,誠美材,43,11,32,台新-台南,2023-10-18,8159
00720B,元大投資級公司債,45,14,31,台新-台南,2023-10-18,8159
2201,裕隆,63,32,31,台新-台南,2023-10-18,8159
00900,富邦特選高股息30,28,0,28,台新-台南,2023-10-18,8159
2363,矽統,88,61,27,台新-台南,2023-10-18,8159
00713,元大台灣高息低波,26,0,26,台新-台南,2023-10-18,8159
2344,華邦電,29,3,26,台新-台南,2023-10-18,8159
1305,華夏,25,1,24,台新-台南,2023-10-18,8159
4908,前鼎,58,34,24,台新-台南,2023-10-18,8159
1815,富喬,47,24,23,台新-台南,2023-10-18,8159
3062,建漢,23,0,23,台新-台南,2023-10-18,8159
1513,中興電,24,1,23,台新-台南,2023-10-18,8159
00641R,富邦日本反1,21,0,21,台新-台南,2023-10-18,8159
00680L,元大美債20正2,31,10,21,台新-台南,2023-10-18,8159
3715,定穎投控,133,113,20,台新-台南,2023-10-18,8159
00687B,國泰20年美債,19,0,19,台新-台南,2023-10-18,8159
6116,彩晶,18,0,18,台新-台南,2023-10-18,8159
2369,菱生,36,18,18,台新-台南,2023-10-18,8159
00923,群益台ESG低碳50,18,1,17,台新-台南,2023-10-18,8159
2401,凌陽,24,7,17,台新-台南,2023-10-18,8159
3588,通嘉,54,37,17,台新-台南,2023-10-18,8159
3032,偉訓,17,0,17,台新-台南,2023-10-18,8159
6770,力積電,20,3,17,台新-台南,2023-10-18,8159
00929,復華台灣科技優息,291,15,276,台新-台南,2023-10-19,8159
00933B,國泰10Y+金融債,215,0,215,台新-台南,2023-10-19,8159
00751B,元大AAA至A公司債,186,1,185,台新-台南,2023-10-19,8159
0056,元大高股息,216,34,182,台新-台南,2023-10-19,8159
2605,新興,198,62,136,台新-台南,2023-10-19,8159
00878,國泰永續高股息,148,22,126,台新-台南,2023-10-19,8159
2382,廣達,274,153,121,台新-台南,2023-10-19,8159
00706L,期元大S＆P日圓正2,101,2,99,台新-台南,2023-10-19,8159
00720B,元大投資級公司債,81,0,81,台新-台南,2023-10-19,8159
3051,力特,78,1,77,台新-台南,2023-10-19,8159
3481,群創,79,11,68,台新-台南,2023-10-19,8159
00679B,元大美債20年,60,0,60,台新-台南,2023-10-19,8159
00893,國泰智能電動車,53,0,53,台新-台南,2023-10-19,8159
2317,鴻海,54,1,53,台新-台南,2023-10-19,8159
1603,華電,55,3,52,台新-台南,2023-10-19,8159
00922,國泰台灣領袖50,51,0,51,台新-台南,2023-10-19,8159
2888,新光金,50,0,50,台新-台南,2023-10-19,8159
2353,宏��,54,4,50,台新-台南,2023-10-19,8159
1305,華夏,51,4,47,台新-台南,2023-10-19,8159
2356,英業達,69,23,46,台新-台南,2023-10-19,8159
1101,台泥,51,5,46,台新-台南,2023-10-19,8159
00712,復華富時不動產,50,8,42,台新-台南,2023-10-19,8159
00687B,國泰20年美債,41,0,41,台新-台南,2023-10-19,8159
1568,倉佑,60,22,38,台新-台南,2023-10-19,8159
5388,中磊,34,0,34,台新-台南,2023-10-19,8159
2409,友達,43,9,34,台新-台南,2023-10-19,8159
00882,中信中國高股息,29,0,29,台新-台南,2023-10-19,8159
00795B,中信美國公債20年,28,0,28,台新-台南,2023-10-19,8159
1504,東元,28,1,27,台新-台南,2023-10-19,8159
2834,臺企銀,27,0,27,台新-台南,2023-10-19,8159
1712,興農,26,0,26,台新-台南,2023-10-19,8159
00885,富邦越南,37,11,26,台新-台南,2023-10-19,8159
1513,中興電,38,14,24,台新-台南,2023-10-19,8159
2880,華南金,23,0,23,台新-台南,2023-10-19,8159
6129,普誠,31,9,22,台新-台南,2023-10-19,8159
00764B,群益25年美債,21,0,21,台新-台南,2023-10-19,8159
3709,鑫聯大投控,31,11,20,台新-台南,2023-10-19,8159
2355,敬鵬,21,1,20,台新-台南,2023-10-19,8159
00680L,元大美債20正2,39,20,19,台新-台南,2023-10-19,8159
2344,華邦電,33,16,17,台新-台南,2023-10-19,8159
00665L,富邦�琤肭磪囓�2,26,10,16,台新-台南,2023-10-19,8159
2885,元大金,17,1,16,台新-台南,2023-10-19,8159
2369,菱生,27,11,16,台新-台南,2023-10-19,8159
2610,華航,27,11,16,台新-台南,2023-10-19,8159
1802,台玻,17,2,15,台新-台南,2023-10-19,8159
2402,毅嘉,16,1,15,台新-台南,2023-10-19,8159
2838,聯邦銀,15,0,15,台新-台南,2023-10-19,8159
6901,鑽石投資,15,1,14,台新-台南,2023-10-19,8159
00923,群益台ESG低碳50,14,0,14,台新-台南,2023-10-19,8159
6274,台燿,16,2,14,台新-台南,2023-10-19,8159
00878,國泰永續高股息,307,70,237,台新-台南,2023-10-20,8159
2501,國建,233,0,233,台新-台南,2023-10-20,8159
2618,長榮航,236,24,212,台新-台南,2023-10-20,8159
00712,復華富時不動產,220,10,210,台新-台南,2023-10-20,8159
0056,元大高股息,148,21,127,台新-台南,2023-10-20,8159
2382,廣達,244,123,121,台新-台南,2023-10-20,8159
3025,星通,231,120,111,台新-台南,2023-10-20,8159
00929,復華台灣科技優息,165,55,110,台新-台南,2023-10-20,8159
2887,台新金,108,30,78,台新-台南,2023-10-20,8159
00919,群益台灣精選高息,84,8,76,台新-台南,2023-10-20,8159
00680L,元大美債20正2,117,55,62,台新-台南,2023-10-20,8159
2834,臺企銀,123,66,57,台新-台南,2023-10-20,8159
00751B,元大AAA至A公司債,56,1,55,台新-台南,2023-10-20,8159
1609,大亞,68,15,53,台新-台南,2023-10-20,8159
2609,陽明,51,0,51,台新-台南,2023-10-20,8159
1314,中石化,52,1,51,台新-台南,2023-10-20,8159
1513,中興電,57,6,51,台新-台南,2023-10-20,8159
3231,緯創,131,82,49,台新-台南,2023-10-20,8159
2002,中鋼,50,14,36,台新-台南,2023-10-20,8159
6770,力積電,39,4,35,台新-台南,2023-10-20,8159
00673R,期元大S＆P原油反1,31,0,31,台新-台南,2023-10-20,8159
2891,中信金,34,3,31,台新-台南,2023-10-20,8159
2884,玉山金,30,0,30,台新-台南,2023-10-20,8159
2888,新光金,552,522,30,台新-台南,2023-10-20,8159
9105,泰金寶-DR,30,0,30,台新-台南,2023-10-20,8159
00933B,國泰10Y+金融債,30,0,30,台新-台南,2023-10-20,8159
00687B,國泰20年美債,29,0,29,台新-台南,2023-10-20,8159
1524,耿鼎,149,120,29,台新-台南,2023-10-20,8159
1101,台泥,36,7,29,台新-台南,2023-10-20,8159
00679B,元大美債20年,30,2,28,台新-台南,2023-10-20,8159
6189,豐藝,28,0,28,台新-台南,2023-10-20,8159
2352,佳世達,120,92,28,台新-台南,2023-10-20,8159
2801,彰銀,25,0,25,台新-台南,2023-10-20,8159
00795B,中信美國公債20年,25,0,25,台新-台南,2023-10-20,8159
2883,凱基金,74,50,24,台新-台南,2023-10-20,8159
00892,富邦台灣半導體,25,1,24,台新-台南,2023-10-20,8159
3707,漢磊,23,0,23,台新-台南,2023-10-20,8159
2634,漢翔,34,11,23,台新-台南,2023-10-20,8159
1605,華新,23,1,22,台新-台南,2023-10-20,8159
1324,地球,55,33,22,台新-台南,2023-10-20,8159
2481,強茂,21,0,21,台新-台南,2023-10-20,8159
00923,群益台ESG低碳50,22,1,21,台新-台南,2023-10-20,8159
00931B,統一美債20年,24,4,20,台新-台南,2023-10-20,8159
2365,昆盈,20,0,20,台新-台南,2023-10-20,8159
2303,聯電,58,39,19,台新-台南,2023-10-20,8159
4303,信立,19,0,19,台新-台南,2023-10-20,8159
2882,國泰金,20,1,19,台新-台南,2023-10-20,8159
00720B,元大投資級公司債,19,0,19,台新-台南,2023-10-20,8159
2881,富邦金,27,9,18,台新-台南,2023-10-20,8159
5009,榮剛,20,3,17,台新-台南,2023-10-20,8159
00929,復華台灣科技優息,263,4,259,台新-台南,2023-10-23,8159
00712,復華富時不動產,260,25,235,台新-台南,2023-10-23,8159
00933B,國泰10Y+金融債,122,0,122,台新-台南,2023-10-23,8159
2882,國泰金,119,0,119,台新-台南,2023-10-23,8159
2317,鴻海,142,26,116,台新-台南,2023-10-23,8159
00751B,元大AAA至A公司債,98,7,91,台新-台南,2023-10-23,8159
00720B,元大投資級公司債,76,2,74,台新-台南,2023-10-23,8159
00919,群益台灣精選高息,68,0,68,台新-台南,2023-10-23,8159
4303,信立,64,0,64,台新-台南,2023-10-23,8159
8415,大國鋼,62,0,62,台新-台南,2023-10-23,8159
00772B,中信高評級公司債,65,6,59,台新-台南,2023-10-23,8159
2401,凌陽,101,46,55,台新-台南,2023-10-23,8159
00878,國泰永續高股息,185,134,51,台新-台南,2023-10-23,8159
00679B,元大美債20年,51,1,50,台新-台南,2023-10-23,8159
3545,敦泰,49,0,49,台新-台南,2023-10-23,8159
2891,中信金,45,1,44,台新-台南,2023-10-23,8159
3481,群創,57,16,41,台新-台南,2023-10-23,8159
2002,中鋼,39,1,38,台新-台南,2023-10-23,8159
2033,佳大,36,0,36,台新-台南,2023-10-23,8159
00692,富邦公司治理,32,1,31,台新-台南,2023-10-23,8159
2409,友達,35,8,27,台新-台南,2023-10-23,8159
00687B,國泰20年美債,27,1,26,台新-台南,2023-10-23,8159
3715,定穎投控,88,64,24,台新-台南,2023-10-23,8159
2201,裕隆,31,8,23,台新-台南,2023-10-23,8159
5880,合庫金,19,0,19,台新-台南,2023-10-23,8159
2888,新光金,20,1,19,台新-台南,2023-10-23,8159
2887,台新金,33,14,19,台新-台南,2023-10-23,8159
2303,聯電,26,8,18,台新-台南,2023-10-23,8159
2516,新建,18,0,18,台新-台南,2023-10-23,8159
2883,凱基金,53,35,18,台新-台南,2023-10-23,8159
00795B,中信美國公債20年,17,0,17,台新-台南,2023-10-23,8159
2382,廣達,79,62,17,台新-台南,2023-10-23,8159
2498,宏達電,17,0,17,台新-台南,2023-10-23,8159
6167,久正,18,1,17,台新-台南,2023-10-23,8159
6753,龍德造船,17,0,17,台新-台南,2023-10-23,8159
1815,富喬,21,4,17,台新-台南,2023-10-23,8159
2331,精英,16,0,16,台新-台南,2023-10-23,8159
3711,日月光投控,25,9,16,台新-台南,2023-10-23,8159
4979,華星光,21,5,16,台新-台南,2023-10-23,8159
00922,國泰台灣領袖50,15,0,15,台新-台南,2023-10-23,8159
2606,裕民,16,1,15,台新-台南,2023-10-23,8159
3483,力致,20,5,15,台新-台南,2023-10-23,8159
3294,英濟,15,0,15,台新-台南,2023-10-23,8159
3313,斐成,14,0,14,台新-台南,2023-10-23,8159
00888,永豐台灣ESG,14,0,14,台新-台南,2023-10-23,8159
00719B,元大美債1-3,14,0,14,台新-台南,2023-10-23,8159
2316,楠梓電,15,1,14,台新-台南,2023-10-23,8159
2352,佳世達,16,2,14,台新-台南,2023-10-23,8159
1909,榮成,14,0,14,台新-台南,2023-10-23,8159
2363,矽統,22,9,13,台新-台南,2023-10-23,8159
00719B,元大美債1-3,237,0,237,台新-台南,2023-10-24,8159
3481,群創,159,31,128,台新-台南,2023-10-24,8159
00712,復華富時不動產,125,7,118,台新-台南,2023-10-24,8159
2880,華南金,110,0,110,台新-台南,2023-10-24,8159
2317,鴻海,167,58,109,台新-台南,2023-10-24,8159
00929,復華台灣科技優息,123,20,103,台新-台南,2023-10-24,8159
00673R,期元大S＆P原油反1,100,10,90,台新-台南,2023-10-24,8159
00878,國泰永續高股息,121,38,83,台新-台南,2023-10-24,8159
1101,台泥,85,5,80,台新-台南,2023-10-24,8159
2618,長榮航,114,35,79,台新-台南,2023-10-24,8159
2388,威盛,121,49,72,台新-台南,2023-10-24,8159
00687B,國泰20年美債,63,2,61,台新-台南,2023-10-24,8159
2457,飛宏,47,6,41,台新-台南,2023-10-24,8159
2887,台新金,69,28,41,台新-台南,2023-10-24,8159
2888,新光金,39,0,39,台新-台南,2023-10-24,8159
3062,建漢,43,6,37,台新-台南,2023-10-24,8159
2601,益航,36,0,36,台新-台南,2023-10-24,8159
2369,菱生,407,372,35,台新-台南,2023-10-24,8159
8415,大國鋼,30,0,30,台新-台南,2023-10-24,8159
1591,駿吉-KY,30,0,30,台新-台南,2023-10-24,8159
2352,佳世達,28,0,28,台新-台南,2023-10-24,8159
2355,敬鵬,28,0,28,台新-台南,2023-10-24,8159
00919,群益台灣精選高息,38,11,27,台新-台南,2023-10-24,8159
2883,凱基金,49,22,27,台新-台南,2023-10-24,8159
2371,大同,29,4,25,台新-台南,2023-10-24,8159
5347,世界,28,4,24,台新-台南,2023-10-24,8159
3711,日月光投控,23,0,23,台新-台南,2023-10-24,8159
6176,瑞儀,23,0,23,台新-台南,2023-10-24,8159
0056,元大高股息,37,14,23,台新-台南,2023-10-24,8159
2886,兆豐金,22,0,22,台新-台南,2023-10-24,8159
2611,志信,22,0,22,台新-台南,2023-10-24,8159
2834,臺企銀,22,0,22,台新-台南,2023-10-24,8159
1528,恩德,23,3,20,台新-台南,2023-10-24,8159
2401,凌陽,56,37,19,台新-台南,2023-10-24,8159
00679B,元大美債20年,18,0,18,台新-台南,2023-10-24,8159
3013,晟銘電,31,13,18,台新-台南,2023-10-24,8159
2002,中鋼,26,9,17,台新-台南,2023-10-24,8159
2607,榮運,17,0,17,台新-台南,2023-10-24,8159
1785,光洋科,17,1,16,台新-台南,2023-10-24,8159
6212,理銘,15,0,15,台新-台南,2023-10-24,8159
6541,泰福-KY,15,0,15,台新-台南,2023-10-24,8159
6168,宏齊,38,24,14,台新-台南,2023-10-24,8159
00922,國泰台灣領袖50,15,1,14,台新-台南,2023-10-24,8159
3362,先進光,14,0,14,台新-台南,2023-10-24,8159
3290,東浦,15,1,14,台新-台南,2023-10-24,8159
1504,東元,15,1,14,台新-台南,2023-10-24,8159
00888,永豐台灣ESG,13,0,13,台新-台南,2023-10-24,8159
3545,敦泰,16,3,13,台新-台南,2023-10-24,8159
2634,漢翔,18,6,12,台新-台南,2023-10-24,8159
1301,台塑,11,0,11,台新-台南,2023-10-24,8159
2880,華南金,324,1,323,台新-台南,2023-10-25,8159
00712,復華富時不動產,60,4,56,台新-台南,2023-10-25,8159
2618,長榮航,81,25,56,台新-台南,2023-10-25,8159
00676R,富邦臺灣加權反1,50,0,50,台新-台南,2023-10-25,8159
2337,旺宏,66,20,46,台新-台南,2023-10-25,8159
00929,復華台灣科技優息,57,13,44,台新-台南,2023-10-25,8159
6117,迎廣,50,9,41,台新-台南,2023-10-25,8159
00715L,期街口布蘭特正2,46,10,36,台新-台南,2023-10-25,8159
3122,笙泉,52,16,36,台新-台南,2023-10-25,8159
1603,華電,35,1,34,台新-台南,2023-10-25,8159
3231,緯創,62,33,29,台新-台南,2023-10-25,8159
4303,信立,28,0,28,台新-台南,2023-10-25,8159
2883,凱基金,27,1,26,台新-台南,2023-10-25,8159
3017,奇鋐,39,13,26,台新-台南,2023-10-25,8159
2317,鴻海,38,12,26,台新-台南,2023-10-25,8159
2610,華航,27,3,24,台新-台南,2023-10-25,8159
2313,華通,53,29,24,台新-台南,2023-10-25,8159
8415,大國鋼,23,0,23,台新-台南,2023-10-25,8159
1504,東元,44,22,22,台新-台南,2023-10-25,8159
2344,華邦電,26,4,22,台新-台南,2023-10-25,8159
2033,佳大,21,0,21,台新-台南,2023-10-25,8159
3363,上詮,27,6,21,台新-台南,2023-10-25,8159
00878,國泰永續高股息,66,46,20,台新-台南,2023-10-25,8159
4306,炎洲,20,0,20,台新-台南,2023-10-25,8159
2453,凌群,21,1,20,台新-台南,2023-10-25,8159
00713,元大台灣高息低波,19,0,19,台新-台南,2023-10-25,8159
00720B,元大投資級公司債,20,2,18,台新-台南,2023-10-25,8159
2887,台新金,26,8,18,台新-台南,2023-10-25,8159
1314,中石化,20,3,17,台新-台南,2023-10-25,8159
2441,超豐,17,0,17,台新-台南,2023-10-25,8159
00751B,元大AAA至A公司債,16,0,16,台新-台南,2023-10-25,8159
00679B,元大美債20年,15,0,15,台新-台南,2023-10-25,8159
2516,新建,15,0,15,台新-台南,2023-10-25,8159
9105,泰金寶-DR,15,0,15,台新-台南,2023-10-25,8159
2834,臺企銀,26,11,15,台新-台南,2023-10-25,8159
2614,東森,15,0,15,台新-台南,2023-10-25,8159
5230,雷笛克光學,14,0,14,台新-台南,2023-10-25,8159
1905,華紙,34,20,14,台新-台南,2023-10-25,8159
4960,誠美材,16,2,14,台新-台南,2023-10-25,8159
0050,元大台灣50,14,0,14,台新-台南,2023-10-25,8159
3037,欣興,18,5,13,台新-台南,2023-10-25,8159
3041,揚智,86,73,13,台新-台南,2023-10-25,8159
2462,良得電,29,16,13,台新-台南,2023-10-25,8159
4533,協易機,13,0,13,台新-台南,2023-10-25,8159
6216,居易,13,1,12,台新-台南,2023-10-25,8159
2886,兆豐金,23,11,12,台新-台南,2023-10-25,8159
00687B,國泰20年美債,22,11,11,台新-台南,2023-10-25,8159
6282,康舒,13,2,11,台新-台南,2023-10-25,8159
8150,南茂,14,3,11,台新-台南,2023-10-25,8159
6187,萬潤,23,12,11,台新-台南,2023-10-25,8159
00929,復華台灣科技優息,400,48,352,台新-台南,2023-10-26,8159
2880,華南金,284,0,284,台新-台南,2023-10-26,8159
00878,國泰永續高股息,273,31,242,台新-台南,2023-10-26,8159
3051,力特,206,4,202,台新-台南,2023-10-26,8159
2867,三商壽,118,0,118,台新-台南,2023-10-26,8159
2883,凱基金,120,9,111,台新-台南,2023-10-26,8159
00919,群益台灣精選高息,99,6,93,台新-台南,2023-10-26,8159
3481,群創,93,22,71,台新-台南,2023-10-26,8159
2834,臺企銀,71,12,59,台新-台南,2023-10-26,8159
2303,聯電,87,29,58,台新-台南,2023-10-26,8159
00885,富邦越南,55,0,55,台新-台南,2023-10-26,8159
2014,中鴻,60,7,53,台新-台南,2023-10-26,8159
1524,耿鼎,107,54,53,台新-台南,2023-10-26,8159
2344,華邦電,67,14,53,台新-台南,2023-10-26,8159
00687B,國泰20年美債,57,4,53,台新-台南,2023-10-26,8159
2618,長榮航,117,72,45,台新-台南,2023-10-26,8159
00922,國泰台灣領袖50,46,2,44,台新-台南,2023-10-26,8159
2887,台新金,51,9,42,台新-台南,2023-10-26,8159
2601,益航,39,0,39,台新-台南,2023-10-26,8159
8415,大國鋼,35,0,35,台新-台南,2023-10-26,8159
2002,中鋼,31,0,31,台新-台南,2023-10-26,8159
2610,華航,38,8,30,台新-台南,2023-10-26,8159
00680L,元大美債20正2,30,0,30,台新-台南,2023-10-26,8159
6244,茂迪,33,4,29,台新-台南,2023-10-26,8159
00753L,中信中國50正2,27,0,27,台新-台南,2023-10-26,8159
1721,三晃,113,86,27,台新-台南,2023-10-26,8159
0050,元大台灣50,26,0,26,台新-台南,2023-10-26,8159
2405,輔信,44,18,26,台新-台南,2023-10-26,8159
2449,京元電子,27,1,26,台新-台南,2023-10-26,8159
2330,台積電,30,5,25,台新-台南,2023-10-26,8159
8044,網家,26,2,24,台新-台南,2023-10-26,8159
00893,國泰智能電動車,23,0,23,台新-台南,2023-10-26,8159
0056,元大高股息,125,101,24,台新-台南,2023-10-26,8159
2515,中工,30,7,23,台新-台南,2023-10-26,8159
2485,兆赫,142,119,23,台新-台南,2023-10-26,8159
3494,誠研,28,5,23,台新-台南,2023-10-26,8159
6531,愛普*,25,2,23,台新-台南,2023-10-26,8159
6143,振曜,40,19,21,台新-台南,2023-10-26,8159
006208,富邦台50,25,4,21,台新-台南,2023-10-26,8159
2888,新光金,21,0,21,台新-台南,2023-10-26,8159
00923,群益台ESG低碳50,21,1,20,台新-台南,2023-10-26,8159
00688L,國泰20年美債正2,20,1,19,台新-台南,2023-10-26,8159
2402,毅嘉,19,0,19,台新-台南,2023-10-26,8159
3704,合勤控,37,19,18,台新-台南,2023-10-26,8159
2388,威盛,42,25,17,台新-台南,2023-10-26,8159
00720B,元大投資級公司債,17,0,17,台新-台南,2023-10-26,8159
6274,台燿,38,22,16,台新-台南,2023-10-26,8159
1789,神隆,16,0,16,台新-台南,2023-10-26,8159
6706,惠特,16,0,16,台新-台南,2023-10-26,8159
3037,欣興,36,20,16,台新-台南,2023-10-26,8159
00632R,元大台灣50反1,183,0,183,台新-台南,2023-10-27,8159
00929,復華台灣科技優息,115,16,99,台新-台南,2023-10-27,8159
00712,復華富時不動產,85,0,85,台新-台南,2023-10-27,8159
00687B,國泰20年美債,69,25,44,台新-台南,2023-10-27,8159
00680L,元大美債20正2,57,21,36,台新-台南,2023-10-27,8159
2352,佳世達,35,0,35,台新-台南,2023-10-27,8159
3231,緯創,132,97,35,台新-台南,2023-10-27,8159
8415,大國鋼,35,0,35,台新-台南,2023-10-27,8159
2883,凱基金,38,5,33,台新-台南,2023-10-27,8159
6111,大宇資,36,3,33,台新-台南,2023-10-27,8159
2329,華泰,37,5,32,台新-台南,2023-10-27,8159
2313,華通,32,1,31,台新-台南,2023-10-27,8159
3558,神準,29,0,29,台新-台南,2023-10-27,8159
2317,鴻海,31,4,27,台新-台南,2023-10-27,8159
00715L,期街口布蘭特正2,26,0,26,台新-台南,2023-10-27,8159
3260,威剛,28,4,24,台新-台南,2023-10-27,8159
1513,中興電,27,5,22,台新-台南,2023-10-27,8159
00919,群益台灣精選高息,28,6,22,台新-台南,2023-10-27,8159
00878,國泰永續高股息,46,26,20,台新-台南,2023-10-27,8159
00673R,期元大S＆P原油反1,20,0,20,台新-台南,2023-10-27,8159
6284,佳邦,22,2,20,台新-台南,2023-10-27,8159
2888,新光金,21,3,18,台新-台南,2023-10-27,8159
6185,幃翔,18,0,18,台新-台南,2023-10-27,8159
2337,旺宏,49,31,18,台新-台南,2023-10-27,8159
0056,元大高股息,22,4,18,台新-台南,2023-10-27,8159
2303,聯電,23,6,17,台新-台南,2023-10-27,8159
4526,東台,22,5,17,台新-台南,2023-10-27,8159
2460,建通,37,20,17,台新-台南,2023-10-27,8159
3051,力特,17,0,17,台新-台南,2023-10-27,8159
2301,光寶科,27,11,16,台新-台南,2023-10-27,8159
3025,星通,25,9,16,台新-台南,2023-10-27,8159
3481,群創,46,31,15,台新-台南,2023-10-27,8159
3702,大聯大,17,2,15,台新-台南,2023-10-27,8159
3014,聯陽,19,5,14,台新-台南,2023-10-27,8159
5388,中磊,13,0,13,台新-台南,2023-10-27,8159
3362,先進光,17,4,13,台新-台南,2023-10-27,8159
2816,旺旺保,28,15,13,台新-台南,2023-10-27,8159
2371,大同,15,2,13,台新-台南,2023-10-27,8159
2887,台新金,30,17,13,台新-台南,2023-10-27,8159
2353,宏��,12,0,12,台新-台南,2023-10-27,8159
2845,遠東銀,12,0,12,台新-台南,2023-10-27,8159
00885,富邦越南,12,0,12,台新-台南,2023-10-27,8159
3324,雙鴻,30,19,11,台新-台南,2023-10-27,8159
2388,威盛,53,42,11,台新-台南,2023-10-27,8159
1605,華新,13,2,11,台新-台南,2023-10-27,8159
3049,精金,11,0,11,台新-台南,2023-10-27,8159
2618,長榮航,65,54,11,台新-台南,2023-10-27,8159
1301,台塑,10,0,10,台新-台南,2023-10-27,8159
6442,光聖,50,40,10,台新-台南,2023-10-27,8159
2399,映泰,22,12,10,台新-台南,2023-10-27,8159
2888,新光金,331,0,331,台新-台南,2023-10-30,8159
3051,力特,221,16,205,台新-台南,2023-10-30,8159
00719B,元大美債1-3,130,0,130,台新-台南,2023-10-30,8159
6111,大宇資,119,15,104,台新-台南,2023-10-30,8159
2618,長榮航,99,1,98,台新-台南,2023-10-30,8159
00712,復華富時不動產,88,9,79,台新-台南,2023-10-30,8159
2880,華南金,78,4,74,台新-台南,2023-10-30,8159
3032,偉訓,85,34,51,台新-台南,2023-10-30,8159
2887,台新金,78,28,50,台新-台南,2023-10-30,8159
2317,鴻海,173,124,49,台新-台南,2023-10-30,8159
2337,旺宏,50,13,37,台新-台南,2023-10-30,8159
00751B,元大AAA至A公司債,36,0,36,台新-台南,2023-10-30,8159
6462,神盾,37,1,36,台新-台南,2023-10-30,8159
2610,華航,38,3,35,台新-台南,2023-10-30,8159
8415,大國鋼,35,0,35,台新-台南,2023-10-30,8159
1314,中石化,43,9,34,台新-台南,2023-10-30,8159
00687B,國泰20年美債,34,0,34,台新-台南,2023-10-30,8159
9105,泰金寶-DR,42,10,32,台新-台南,2023-10-30,8159
1522,堤維西,30,0,30,台新-台南,2023-10-30,8159
4526,東台,30,0,30,台新-台南,2023-10-30,8159
3520,華盈,29,0,29,台新-台南,2023-10-30,8159
3025,星通,79,53,26,台新-台南,2023-10-30,8159
2883,凱基金,41,15,26,台新-台南,2023-10-30,8159
2390,云辰,69,43,26,台新-台南,2023-10-30,8159
2201,裕隆,25,2,23,台新-台南,2023-10-30,8159
00772B,中信高評級公司債,24,2,22,台新-台南,2023-10-30,8159
2485,兆赫,207,185,22,台新-台南,2023-10-30,8159
2891,中信金,23,1,22,台新-台南,2023-10-30,8159
00933B,國泰10Y+金融債,22,3,19,台新-台南,2023-10-30,8159
0056,元大高股息,34,16,18,台新-台南,2023-10-30,8159
2515,中工,23,5,18,台新-台南,2023-10-30,8159
2353,宏��,19,1,18,台新-台南,2023-10-30,8159
2369,菱生,25,7,18,台新-台南,2023-10-30,8159
2405,輔信,22,5,17,台新-台南,2023-10-30,8159
3704,合勤控,22,6,16,台新-台南,2023-10-30,8159
1589,永冠-KY,17,1,16,台新-台南,2023-10-30,8159
4934,太極,19,3,16,台新-台南,2023-10-30,8159
2886,兆豐金,17,2,15,台新-台南,2023-10-30,8159
00722B,群益投資級電信債,15,0,15,台新-台南,2023-10-30,8159
2363,矽統,27,12,15,台新-台南,2023-10-30,8159
1101,台泥,15,1,14,台新-台南,2023-10-30,8159
3231,緯創,185,171,14,台新-台南,2023-10-30,8159
9950,萬國通,19,6,13,台新-台南,2023-10-30,8159
00922,國泰台灣領袖50,13,0,13,台新-台南,2023-10-30,8159
2892,第一金,12,0,12,台新-台南,2023-10-30,8159
2308,台達電,12,0,12,台新-台南,2023-10-30,8159
00931B,統一美債20年,12,0,12,台新-台南,2023-10-30,8159
2352,佳世達,12,0,12,台新-台南,2023-10-30,8159
2897,王道銀行,13,1,12,台新-台南,2023-10-30,8159
4510,高鋒,12,0,12,台新-台南,2023-10-30,8159
00919,群益台灣精選高息,272,5,267,台新-台南,2023-10-31,8159
00878,國泰永續高股息,180,3,177,台新-台南,2023-10-31,8159
2880,華南金,163,1,162,台新-台南,2023-10-31,8159
1102,亞泥,100,2,98,台新-台南,2023-10-31,8159
00680L,元大美債20正2,101,6,95,台新-台南,2023-10-31,8159
3704,合勤控,127,37,90,台新-台南,2023-10-31,8159
00929,復華台灣科技優息,120,35,85,台新-台南,2023-10-31,8159
0056,元大高股息,86,5,81,台新-台南,2023-10-31,8159
4303,信立,77,0,77,台新-台南,2023-10-31,8159
3032,偉訓,79,8,71,台新-台南,2023-10-31,8159
3715,定穎投控,226,162,64,台新-台南,2023-10-31,8159
2382,廣達,290,237,53,台新-台南,2023-10-31,8159
00687B,國泰20年美債,52,0,52,台新-台南,2023-10-31,8159
2344,華邦電,71,21,50,台新-台南,2023-10-31,8159
8476,台境*,43,0,43,台新-台南,2023-10-31,8159
00753L,中信中國50正2,50,10,40,台新-台南,2023-10-31,8159
1440,南紡,35,0,35,台新-台南,2023-10-31,8159
3122,笙泉,113,81,32,台新-台南,2023-10-31,8159
9934,成霖,31,0,31,台新-台南,2023-10-31,8159
8415,大國鋼,30,0,30,台新-台南,2023-10-31,8159
2367,燿華,47,19,28,台新-台南,2023-10-31,8159
2371,大同,28,0,28,台新-台南,2023-10-31,8159
3380,明泰,31,5,26,台新-台南,2023-10-31,8159
1314,中石化,31,5,26,台新-台南,2023-10-31,8159
2337,旺宏,51,26,25,台新-台南,2023-10-31,8159
2349,錸德,25,0,25,台新-台南,2023-10-31,8159
1513,中興電,49,27,22,台新-台南,2023-10-31,8159
2363,矽統,47,25,22,台新-台南,2023-10-31,8159
1605,華新,24,3,21,台新-台南,2023-10-31,8159
2888,新光金,20,0,20,台新-台南,2023-10-31,8159
6244,茂迪,23,3,20,台新-台南,2023-10-31,8159
8011,台通,20,0,20,台新-台南,2023-10-31,8159
5285,界霖,20,0,20,台新-台南,2023-10-31,8159
5439,高技,31,12,19,台新-台南,2023-10-31,8159
00712,復華富時不動產,20,1,19,台新-台南,2023-10-31,8159
2887,台新金,31,12,19,台新-台南,2023-10-31,8159
006208,富邦台50,18,0,18,台新-台南,2023-10-31,8159
1301,台塑,18,1,17,台新-台南,2023-10-31,8159
2834,臺企銀,18,2,16,台新-台南,2023-10-31,8159
00679B,元大美債20年,16,0,16,台新-台南,2023-10-31,8159
5469,瀚宇博,34,18,16,台新-台南,2023-10-31,8159
6176,瑞儀,17,1,16,台新-台南,2023-10-31,8159
00923,群益台ESG低碳50,17,1,16,台新-台南,2023-10-31,8159
3094,聯傑,66,50,16,台新-台南,2023-10-31,8159
5425,台半,21,5,16,台新-台南,2023-10-31,8159
2634,漢翔,20,5,15,台新-台南,2023-10-31,8159
4979,華星光,63,48,15,台新-台南,2023-10-31,8159
0050,元大台灣50,20,5,15,台新-台南,2023-10-31,8159
00885,富邦越南,22,8,14,台新-台南,2023-10-31,8159
2364,倫飛,14,0,14,台新-台南,2023-10-31,8159
00929,復華台灣科技優息,183,8,175,台新-台南,2023-11-01,8159
00934,中信成長高股息,137,4,133,台新-台南,2023-11-01,8159
00719B,元大美債1-3,130,0,130,台新-台南,2023-11-01,8159
1101,台泥,108,0,108,台新-台南,2023-11-01,8159
00712,復華富時不動產,109,2,107,台新-台南,2023-11-01,8159
00878,國泰永續高股息,123,18,105,台新-台南,2023-11-01,8159
2498,宏達電,106,3,103,台新-台南,2023-11-01,8159
00715L,期街口布蘭特正2,91,15,76,台新-台南,2023-11-01,8159
00885,富邦越南,58,0,58,台新-台南,2023-11-01,8159
2409,友達,58,5,53,台新-台南,2023-11-01,8159
2313,華通,53,4,49,台新-台南,2023-11-01,8159
3481,群創,63,15,48,台新-台南,2023-11-01,8159
2460,建通,43,2,41,台新-台南,2023-11-01,8159
3122,笙泉,68,33,35,台新-台南,2023-11-01,8159
00679B,元大美債20年,31,0,31,台新-台南,2023-11-01,8159
2355,敬鵬,30,0,30,台新-台南,2023-11-01,8159
8415,大國鋼,30,0,30,台新-台南,2023-11-01,8159
1731,美吾華,30,2,28,台新-台南,2023-11-01,8159
00935,野村臺灣新科技50,26,0,26,台新-台南,2023-11-01,8159
0056,元大高股息,27,1,26,台新-台南,2023-11-01,8159
2323,中環,37,11,26,台新-台南,2023-11-01,8159
3231,緯創,65,39,26,台新-台南,2023-11-01,8159
2317,鴻海,33,8,25,台新-台南,2023-11-01,8159
2382,廣達,85,61,24,台新-台南,2023-11-01,8159
2441,超豐,24,0,24,台新-台南,2023-11-01,8159
2371,大同,22,0,22,台新-台南,2023-11-01,8159
3041,揚智,24,2,22,台新-台南,2023-11-01,8159
4908,前鼎,47,25,22,台新-台南,2023-11-01,8159
2406,國碩,23,2,21,台新-台南,2023-11-01,8159
3372,典範,22,1,21,台新-台南,2023-11-01,8159
8429,金麗-KY,20,0,20,台新-台南,2023-11-01,8159
3006,晶豪科,49,29,20,台新-台南,2023-11-01,8159
2880,華南金,20,1,19,台新-台南,2023-11-01,8159
2884,玉山金,20,1,19,台新-台南,2023-11-01,8159
2887,台新金,21,2,19,台新-台南,2023-11-01,8159
3276,宇環,33,15,18,台新-台南,2023-11-01,8159
2485,兆赫,27,10,17,台新-台南,2023-11-01,8159
3032,偉訓,19,2,17,台新-台南,2023-11-01,8159
3035,智原,68,52,16,台新-台南,2023-11-01,8159
4526,東台,15,0,15,台新-台南,2023-11-01,8159
1905,華紙,19,4,15,台新-台南,2023-11-01,8159
2881,富邦金,16,2,14,台新-台南,2023-11-01,8159
6191,精成科,56,42,14,台新-台南,2023-11-01,8159
2605,新興,14,0,14,台新-台南,2023-11-01,8159
3036,文曄,58,44,14,台新-台南,2023-11-01,8159
00687B,國泰20年美債,13,0,13,台新-台南,2023-11-01,8159
6158,禾昌,13,0,13,台新-台南,2023-11-01,8159
4915,致伸,14,2,12,台新-台南,2023-11-01,8159
2885,元大金,14,2,12,台新-台南,2023-11-01,8159
1605,華新,15,4,11,台新-台南,2023-11-01,8159
2501,國建,316,0,316,台新-台南,2023-11-02,8159
00929,復華台灣科技優息,398,168,230,台新-台南,2023-11-02,8159
00712,復華富時不動產,268,48,220,台新-台南,2023-11-02,8159
00719B,元大美債1-3,160,0,160,台新-台南,2023-11-02,8159
00935,野村臺灣新科技50,135,0,135,台新-台南,2023-11-02,8159
00934,中信成長高股息,117,0,117,台新-台南,2023-11-02,8159
00680L,元大美債20正2,116,18,98,台新-台南,2023-11-02,8159
8054,安國,87,37,50,台新-台南,2023-11-02,8159
2017,官田鋼,31,0,31,台新-台南,2023-11-02,8159
1815,富喬,128,97,31,台新-台南,2023-11-02,8159
00676R,富邦臺灣加權反1,30,0,30,台新-台南,2023-11-02,8159
1314,中石化,30,2,28,台新-台南,2023-11-02,8159
8150,南茂,26,1,25,台新-台南,2023-11-02,8159
2460,建通,34,12,22,台新-台南,2023-11-02,8159
3587,閎康,20,1,19,台新-台南,2023-11-02,8159
3078,僑威,20,2,18,台新-台南,2023-11-02,8159
2323,中環,30,14,16,台新-台南,2023-11-02,8159
1101,台泥,20,4,16,台新-台南,2023-11-02,8159
9105,泰金寶-DR,17,2,15,台新-台南,2023-11-02,8159
00788B,元大10年IG電能債,15,0,15,台新-台南,2023-11-02,8159
2371,大同,21,6,15,台新-台南,2023-11-02,8159
4960,誠美材,14,0,14,台新-台南,2023-11-02,8159
5230,雷笛克光學,24,11,13,台新-台南,2023-11-02,8159
3260,威剛,31,20,11,台新-台南,2023-11-02,8159
4188,安克,11,0,11,台新-台南,2023-11-02,8159
3715,定穎投控,241,230,11,台新-台南,2023-11-02,8159
2888,新光金,26,15,11,台新-台南,2023-11-02,8159
2412,中華電,11,0,11,台新-台南,2023-11-02,8159
00751B,元大AAA至A公司債,10,0,10,台新-台南,2023-11-02,8159
5903,全家,10,0,10,台新-台南,2023-11-02,8159
00907,永豐優息存股,10,0,10,台新-台南,2023-11-02,8159
2511,太子,10,0,10,台新-台南,2023-11-02,8159
6104,創惟,11,1,10,台新-台南,2023-11-02,8159
6593,台灣銘板,10,0,10,台新-台南,2023-11-02,8159
3548,兆利,29,20,9,台新-台南,2023-11-02,8159
2453,凌群,10,1,9,台新-台南,2023-11-02,8159
00715L,期街口布蘭特正2,9,0,9,台新-台南,2023-11-02,8159
5410,國眾,8,0,8,台新-台南,2023-11-02,8159
8432,東生華,9,1,8,台新-台南,2023-11-02,8159
2356,英業達,50,43,7,台新-台南,2023-11-02,8159
00679B,元大美債20年,8,1,7,台新-台南,2023-11-02,8159
3625,西勝,7,0,7,台新-台南,2023-11-02,8159
8442,威宏-KY,7,0,7,台新-台南,2023-11-02,8159
2002,中鋼,13,6,7,台新-台南,2023-11-02,8159
2417,圓剛,10,4,6,台新-台南,2023-11-02,8159
00900,富邦特選高股息30,11,5,6,台新-台南,2023-11-02,8159
3276,宇環,8,2,6,台新-台南,2023-11-02,8159
2421,建準,7,1,6,台新-台南,2023-11-02,8159
00726B,國泰新興投等債,6,0,6,台新-台南,2023-11-02,8159
1603,華電,6,0,6,台新-台南,2023-11-02,8159
6111,大宇資,219,32,187,台新-台南,2023-11-03,8159
00934,中信成長高股息,113,11,102,台新-台南,2023-11-03,8159
00706L,期元大S＆P日圓正2,102,0,102,台新-台南,2023-11-03,8159
2834,臺企銀,101,23,78,台新-台南,2023-11-03,8159
2363,矽統,374,299,75,台新-台南,2023-11-03,8159
2313,華通,111,47,64,台新-台南,2023-11-03,8159
9958,世紀鋼,62,3,59,台新-台南,2023-11-03,8159
9105,泰金寶-DR,45,0,45,台新-台南,2023-11-03,8159
2441,超豐,44,0,44,台新-台南,2023-11-03,8159
00679B,元大美債20年,42,1,41,台新-台南,2023-11-03,8159
6285,啟��,67,28,39,台新-台南,2023-11-03,8159
00878,國泰永續高股息,66,28,38,台新-台南,2023-11-03,8159
00687B,國泰20年美債,39,1,38,台新-台南,2023-11-03,8159
4303,信立,35,0,35,台新-台南,2023-11-03,8159
4961,天鈺,31,0,31,台新-台南,2023-11-03,8159
1584,精剛,30,1,29,台新-台南,2023-11-03,8159
00712,復華富時不動產,82,53,29,台新-台南,2023-11-03,8159
2367,燿華,39,11,28,台新-台南,2023-11-03,8159
2317,鴻海,50,22,28,台新-台南,2023-11-03,8159
3051,力特,27,0,27,台新-台南,2023-11-03,8159
8150,南茂,71,46,25,台新-台南,2023-11-03,8159
3013,晟銘電,43,19,24,台新-台南,2023-11-03,8159
3376,新日興,34,10,24,台新-台南,2023-11-03,8159
00751B,元大AAA至A公司債,24,1,23,台新-台南,2023-11-03,8159
3227,原相,22,0,22,台新-台南,2023-11-03,8159
2312,金寶,20,0,20,台新-台南,2023-11-03,8159
0056,元大高股息,25,5,20,台新-台南,2023-11-03,8159
1815,富喬,117,98,19,台新-台南,2023-11-03,8159
2887,台新金,22,4,18,台新-台南,2023-11-03,8159
2230,泰茂,19,2,17,台新-台南,2023-11-03,8159
2353,宏��,17,1,16,台新-台南,2023-11-03,8159
2458,義隆,27,13,14,台新-台南,2023-11-03,8159
00720B,元大投資級公司債,16,2,14,台新-台南,2023-11-03,8159
1101,台泥,24,10,14,台新-台南,2023-11-03,8159
3715,定穎投控,27,13,14,台新-台南,2023-11-03,8159
1319,東陽,16,2,14,台新-台南,2023-11-03,8159
6182,合晶,14,0,14,台新-台南,2023-11-03,8159
4939,亞電,14,0,14,台新-台南,2023-11-03,8159
2401,凌陽,13,0,13,台新-台南,2023-11-03,8159
2340,台亞,13,0,13,台新-台南,2023-11-03,8159
1519,華城,12,0,12,台新-台南,2023-11-03,8159
2460,建通,25,13,12,台新-台南,2023-11-03,8159
2324,仁寶,15,4,11,台新-台南,2023-11-03,8159
4188,安克,14,3,11,台新-台南,2023-11-03,8159
3213,茂訊,15,4,11,台新-台南,2023-11-03,8159
4526,東台,10,0,10,台新-台南,2023-11-03,8159
6122,擎邦,15,5,10,台新-台南,2023-11-03,8159
2436,偉詮電,12,2,10,台新-台南,2023-11-03,8159
00664R,國泰臺灣加權反1,10,0,10,台新-台南,2023-11-03,8159
00676R,富邦臺灣加權反1,10,0,10,台新-台南,2023-11-03,8159
2812,台中銀,372,0,372,台新-台南,2023-11-06,8159
2801,彰銀,200,1,199,台新-台南,2023-11-06,8159
2618,長榮航,204,25,179,台新-台南,2023-11-06,8159
2838,聯邦銀,130,1,129,台新-台南,2023-11-06,8159
6005,群益證,101,0,101,台新-台南,2023-11-06,8159
3704,合勤控,141,43,98,台新-台南,2023-11-06,8159
2329,華泰,114,16,98,台新-台南,2023-11-06,8159
2388,威盛,191,95,96,台新-台南,2023-11-06,8159
2883,凱基金,114,24,90,台新-台南,2023-11-06,8159
00934,中信成長高股息,68,1,67,台新-台南,2023-11-06,8159
8069,元太,55,7,48,台新-台南,2023-11-06,8159
6603,富強鑫,52,11,41,台新-台南,2023-11-06,8159
2376,技嘉,81,45,36,台新-台南,2023-11-06,8159
00715L,期街口布蘭特正2,46,10,36,台新-台南,2023-11-06,8159
1721,三晃,51,18,33,台新-台南,2023-11-06,8159
2610,華航,113,80,33,台新-台南,2023-11-06,8159
00933B,國泰10Y+金融債,32,0,32,台新-台南,2023-11-06,8159
00712,復華富時不動產,67,35,32,台新-台南,2023-11-06,8159
3596,智易,31,3,28,台新-台南,2023-11-06,8159
8110,華東,27,2,25,台新-台南,2023-11-06,8159
5230,雷笛克光學,22,0,22,台新-台南,2023-11-06,8159
2867,三商壽,32,10,22,台新-台南,2023-11-06,8159
00935,野村臺灣新科技50,21,0,21,台新-台南,2023-11-06,8159
6191,精成科,24,4,20,台新-台南,2023-11-06,8159
2816,旺旺保,26,6,20,台新-台南,2023-11-06,8159
1440,南紡,20,0,20,台新-台南,2023-11-06,8159
2332,友訊,19,0,19,台新-台南,2023-11-06,8159
1314,中石化,39,22,17,台新-台南,2023-11-06,8159
4961,天鈺,19,3,16,台新-台南,2023-11-06,8159
2603,長榮,16,1,15,台新-台南,2023-11-06,8159
00885,富邦越南,16,1,15,台新-台南,2023-11-06,8159
2412,中華電,16,1,15,台新-台南,2023-11-06,8159
00655L,國泰中國A50正2,15,0,15,台新-台南,2023-11-06,8159
2233,宇隆,17,2,15,台新-台南,2023-11-06,8159
1584,精剛,43,28,15,台新-台南,2023-11-06,8159
6451,訊芯-KY,19,4,15,台新-台南,2023-11-06,8159
2363,矽統,173,158,15,台新-台南,2023-11-06,8159
00679B,元大美債20年,15,2,13,台新-台南,2023-11-06,8159
00795B,中信美國公債20年,12,0,12,台新-台南,2023-11-06,8159
5009,榮剛,28,16,12,台新-台南,2023-11-06,8159
6182,合晶,14,2,12,台新-台南,2023-11-06,8159
6443,元晶,12,0,12,台新-台南,2023-11-06,8159
2486,一詮,22,11,11,台新-台南,2023-11-06,8159
6901,鑽石投資,11,1,10,台新-台南,2023-11-06,8159
1474,弘裕,10,0,10,台新-台南,2023-11-06,8159
00686R,群益臺灣加權反1,10,0,10,台新-台南,2023-11-06,8159
00882,中信中國高股息,20,10,10,台新-台南,2023-11-06,8159
1526,日馳,10,0,10,台新-台南,2023-11-06,8159
2369,菱生,16,6,10,台新-台南,2023-11-06,8159
2612,中航,10,0,10,台新-台南,2023-11-06,8159
00751B,元大AAA至A公司債,264,109,155,台新-台南,2023-11-07,8159
2618,長榮航,141,17,124,台新-台南,2023-11-07,8159
00878,國泰永續高股息,141,30,111,台新-台南,2023-11-07,8159
00688L,國泰20年美債正2,100,12,88,台新-台南,2023-11-07,8159
00680L,元大美債20正2,104,19,85,台新-台南,2023-11-07,8159
00934,中信成長高股息,70,0,70,台新-台南,2023-11-07,8159
2390,云辰,72,10,62,台新-台南,2023-11-07,8159
2812,台中銀,55,0,55,台新-台南,2023-11-07,8159
00706L,期元大S＆P日圓正2,50,0,50,台新-台南,2023-11-07,8159
3704,合勤控,57,8,49,台新-台南,2023-11-07,8159
2344,華邦電,49,1,48,台新-台南,2023-11-07,8159
00712,復華富時不動產,54,7,47,台新-台南,2023-11-07,8159
00715L,期街口布蘭特正2,46,0,46,台新-台南,2023-11-07,8159
8110,華東,57,11,46,台新-台南,2023-11-07,8159
6188,廣明,43,0,43,台新-台南,2023-11-07,8159
2867,三商壽,40,0,40,台新-台南,2023-11-07,8159
2002,中鋼,42,5,37,台新-台南,2023-11-07,8159
6603,富強鑫,37,2,35,台新-台南,2023-11-07,8159
6167,久正,36,1,35,台新-台南,2023-11-07,8159
2388,威盛,68,34,34,台新-台南,2023-11-07,8159
2460,建通,45,13,32,台新-台南,2023-11-07,8159
2313,華通,43,12,31,台新-台南,2023-11-07,8159
2317,鴻海,32,2,30,台新-台南,2023-11-07,8159
2363,矽統,120,90,30,台新-台南,2023-11-07,8159
3037,欣興,30,1,29,台新-台南,2023-11-07,8159
2492,華新科,50,22,28,台新-台南,2023-11-07,8159
2382,廣達,38,11,27,台新-台南,2023-11-07,8159
2883,凱基金,40,13,27,台新-台南,2023-11-07,8159
3032,偉訓,32,5,27,台新-台南,2023-11-07,8159
2634,漢翔,31,5,26,台新-台南,2023-11-07,8159
3390,旭軟,25,0,25,台新-台南,2023-11-07,8159
2485,兆赫,25,1,24,台新-台南,2023-11-07,8159
00935,野村臺灣新科技50,23,0,23,台新-台南,2023-11-07,8159
2365,昆盈,23,2,21,台新-台南,2023-11-07,8159
00632R,元大台灣50反1,47,26,21,台新-台南,2023-11-07,8159
2409,友達,31,10,21,台新-台南,2023-11-07,8159
1616,億泰,20,0,20,台新-台南,2023-11-07,8159
4533,協易機,21,1,20,台新-台南,2023-11-07,8159
00931B,統一美債20年,21,1,20,台新-台南,2023-11-07,8159
2834,臺企銀,20,1,19,台新-台南,2023-11-07,8159
00907,永豐優息存股,19,0,19,台新-台南,2023-11-07,8159
1785,光洋科,20,3,17,台新-台南,2023-11-07,8159
2401,凌陽,70,53,17,台新-台南,2023-11-07,8159
4999,鑫禾,18,2,16,台新-台南,2023-11-07,8159
3481,群創,26,11,15,台新-台南,2023-11-07,8159
2816,旺旺保,24,9,15,台新-台南,2023-11-07,8159
8112,至上,18,3,15,台新-台南,2023-11-07,8159
1440,南紡,15,0,15,台新-台南,2023-11-07,8159
5230,雷笛克光學,15,0,15,台新-台南,2023-11-07,8159
2421,建準,78,63,15,台新-台南,2023-11-07,8159
00715L,期街口布蘭特正2,160,20,140,台新-台南,2023-11-08,8159
00936,台新永續高息中小,279,140,139,台新-台南,2023-11-08,8159
00632R,元大台灣50反1,168,35,133,台新-台南,2023-11-08,8159
2867,三商壽,110,6,104,台新-台南,2023-11-08,8159
00706L,期元大S＆P日圓正2,100,0,100,台新-台南,2023-11-08,8159
2883,凱基金,66,0,66,台新-台南,2023-11-08,8159
6005,群益證,60,0,60,台新-台南,2023-11-08,8159
2838,聯邦銀,60,0,60,台新-台南,2023-11-08,8159
2618,長榮航,240,182,58,台新-台南,2023-11-08,8159
2363,矽統,235,179,56,台新-台南,2023-11-08,8159
2388,威盛,80,29,51,台新-台南,2023-11-08,8159
00882,中信中國高股息,44,1,43,台新-台南,2023-11-08,8159
2460,建通,43,4,39,台新-台南,2023-11-08,8159
6122,擎邦,48,9,39,台新-台南,2023-11-08,8159
00929,復華台灣科技優息,93,56,37,台新-台南,2023-11-08,8159
2722,夏都,82,53,29,台新-台南,2023-11-08,8159
3013,晟銘電,138,111,27,台新-台南,2023-11-08,8159
4543,萬在,28,2,26,台新-台南,2023-11-08,8159
2367,燿華,25,0,25,台新-台南,2023-11-08,8159
2344,華邦電,25,1,24,台新-台南,2023-11-08,8159
3483,力致,31,8,23,台新-台南,2023-11-08,8159
2329,華泰,161,138,23,台新-台南,2023-11-08,8159
00919,群益台灣精選高息,53,31,22,台新-台南,2023-11-08,8159
6186,新潤,20,0,20,台新-台南,2023-11-08,8159
2834,臺企銀,20,0,20,台新-台南,2023-11-08,8159
2706,第一店,20,0,20,台新-台南,2023-11-08,8159
3622,洋華,22,3,19,台新-台南,2023-11-08,8159
3221,台嘉碩,23,4,19,台新-台南,2023-11-08,8159
2390,云辰,28,9,19,台新-台南,2023-11-08,8159
00687B,國泰20年美債,19,1,18,台新-台南,2023-11-08,8159
5347,世界,32,14,18,台新-台南,2023-11-08,8159
2371,大同,17,0,17,台新-台南,2023-11-08,8159
1815,富喬,85,68,17,台新-台南,2023-11-08,8159
6156,松上,17,1,16,台新-台南,2023-11-08,8159
2002,中鋼,18,2,16,台新-台南,2023-11-08,8159
8927,北基,62,47,15,台新-台南,2023-11-08,8159
1605,華新,21,6,15,台新-台南,2023-11-08,8159
00915,凱基優選高股息30,19,5,14,台新-台南,2023-11-08,8159
6835,圓裕,14,0,14,台新-台南,2023-11-08,8159
2412,中華電,14,1,13,台新-台南,2023-11-08,8159
2610,華航,16,3,13,台新-台南,2023-11-08,8159
6290,良維,14,1,13,台新-台南,2023-11-08,8159
2743,山富,34,21,13,台新-台南,2023-11-08,8159
00885,富邦越南,15,2,13,台新-台南,2023-11-08,8159
3035,智原,46,34,12,台新-台南,2023-11-08,8159
9950,萬國通,13,1,12,台新-台南,2023-11-08,8159
00720B,元大投資級公司債,21,9,12,台新-台南,2023-11-08,8159
4999,鑫禾,12,0,12,台新-台南,2023-11-08,8159
3704,合勤控,12,0,12,台新-台南,2023-11-08,8159
1714,和桐,12,0,12,台新-台南,2023-11-08,8159
2812,台中銀,279,0,279,台新-台南,2023-11-09,8159
00936,台新永續高息中小,299,46,253,台新-台南,2023-11-09,8159
1522,堤維西,137,11,126,台新-台南,2023-11-09,8159
00715L,期街口布蘭特正2,118,0,118,台新-台南,2023-11-09,8159
8086,宏捷科,138,25,113,台新-台南,2023-11-09,8159
00929,復華台灣科技優息,123,26,97,台新-台南,2023-11-09,8159
00679B,元大美債20年,119,29,90,台新-台南,2023-11-09,8159
6005,群益證,90,0,90,台新-台南,2023-11-09,8159
00632R,元大台灣50反1,158,70,88,台新-台南,2023-11-09,8159
4303,信立,72,0,72,台新-台南,2023-11-09,8159
1314,中石化,78,22,56,台新-台南,2023-11-09,8159
00882,中信中國高股息,56,0,56,台新-台南,2023-11-09,8159
00919,群益台灣精選高息,74,18,56,台新-台南,2023-11-09,8159
6442,光聖,59,4,55,台新-台南,2023-11-09,8159
2460,建通,50,1,49,台新-台南,2023-11-09,8159
2465,麗臺,59,13,46,台新-台南,2023-11-09,8159
6189,豐藝,54,9,45,台新-台南,2023-11-09,8159
6185,幃翔,45,0,45,台新-台南,2023-11-09,8159
2515,中工,44,0,44,台新-台南,2023-11-09,8159
5347,世界,51,13,38,台新-台南,2023-11-09,8159
2605,新興,46,9,37,台新-台南,2023-11-09,8159
00935,野村臺灣新科技50,35,0,35,台新-台南,2023-11-09,8159
6284,佳邦,46,13,33,台新-台南,2023-11-09,8159
6117,迎廣,44,12,32,台新-台南,2023-11-09,8159
3260,威剛,39,7,32,台新-台南,2023-11-09,8159
3704,合勤控,34,3,31,台新-台南,2023-11-09,8159
6901,鑽石投資,35,4,31,台新-台南,2023-11-09,8159
6603,富強鑫,34,3,31,台新-台南,2023-11-09,8159
2601,益航,30,0,30,台新-台南,2023-11-09,8159
2317,鴻海,37,9,28,台新-台南,2023-11-09,8159
4128,中天,33,7,26,台新-台南,2023-11-09,8159
2399,映泰,42,17,25,台新-台南,2023-11-09,8159
00918,大華優利高填息30,24,0,24,台新-台南,2023-11-09,8159
2353,宏��,22,0,22,台新-台南,2023-11-09,8159
2412,中華電,22,1,21,台新-台南,2023-11-09,8159
1305,華夏,21,0,21,台新-台南,2023-11-09,8159
2374,佳能,22,1,21,台新-台南,2023-11-09,8159
2883,凱基金,22,2,20,台新-台南,2023-11-09,8159
00934,中信成長高股息,20,1,19,台新-台南,2023-11-09,8159
2609,陽明,21,2,19,台新-台南,2023-11-09,8159
1324,地球,39,20,19,台新-台南,2023-11-09,8159
00688L,國泰20年美債正2,36,18,18,台新-台南,2023-11-09,8159
6530,創威,42,24,18,台新-台南,2023-11-09,8159
2838,聯邦銀,17,0,17,台新-台南,2023-11-09,8159
5009,榮剛,30,13,17,台新-台南,2023-11-09,8159
1717,長興,16,0,16,台新-台南,2023-11-09,8159
3013,晟銘電,53,37,16,台新-台南,2023-11-09,8159
6120,達運,15,0,15,台新-台南,2023-11-09,8159
3163,波若威,16,4,12,台新-台南,2023-11-09,8159
3481,群創,13,1,12,台新-台南,2023-11-09,8159
00712,復華富時不動產,273,0,273,台新-台南,2023-11-10,8159
00936,台新永續高息中小,245,0,245,台新-台南,2023-11-10,8159
00680L,元大美債20正2,281,51,230,台新-台南,2023-11-10,8159
00706L,期元大S＆P日圓正2,200,0,200,台新-台南,2023-11-10,8159
00878,國泰永續高股息,142,11,131,台新-台南,2023-11-10,8159
00688L,國泰20年美債正2,118,5,113,台新-台南,2023-11-10,8159
00919,群益台灣精選高息,113,1,112,台新-台南,2023-11-10,8159
1584,精剛,186,77,109,台新-台南,2023-11-10,8159
2812,台中銀,97,3,94,台新-台南,2023-11-10,8159
3231,緯創,192,99,93,台新-台南,2023-11-10,8159
2460,建通,94,4,90,台新-台南,2023-11-10,8159
00929,復華台灣科技優息,94,8,86,台新-台南,2023-11-10,8159
00934,中信成長高股息,88,10,78,台新-台南,2023-11-10,8159
00687B,國泰20年美債,79,5,74,台新-台南,2023-11-10,8159
00918,大華優利高填息30,54,0,54,台新-台南,2023-11-10,8159
2409,友達,46,2,44,台新-台南,2023-11-10,8159
00715L,期街口布蘭特正2,62,19,43,台新-台南,2023-11-10,8159
2363,矽統,200,157,43,台新-台南,2023-11-10,8159
3032,偉訓,55,13,42,台新-台南,2023-11-10,8159
8927,北基,96,58,38,台新-台南,2023-11-10,8159
6122,擎邦,63,28,35,台新-台南,2023-11-10,8159
00882,中信中國高股息,35,0,35,台新-台南,2023-11-10,8159
6111,大宇資,44,10,34,台新-台南,2023-11-10,8159
2388,威盛,42,12,30,台新-台南,2023-11-10,8159
3704,合勤控,34,7,27,台新-台南,2023-11-10,8159
6188,廣明,27,1,26,台新-台南,2023-11-10,8159
2883,凱基金,33,8,25,台新-台南,2023-11-10,8159
00632R,元大台灣50反1,39,14,25,台新-台南,2023-11-10,8159
2201,裕隆,26,4,22,台新-台南,2023-11-10,8159
1907,永豐餘,21,0,21,台新-台南,2023-11-10,8159
00931B,統一美債20年,21,0,21,台新-台南,2023-11-10,8159
2605,新興,22,2,20,台新-台南,2023-11-10,8159
3576,聯合再生,21,2,19,台新-台南,2023-11-10,8159
6150,撼訊,26,7,19,台新-台南,2023-11-10,8159
4999,鑫禾,18,0,18,台新-台南,2023-11-10,8159
3217,優群,20,2,18,台新-台南,2023-11-10,8159
8034,榮群,30,13,17,台新-台南,2023-11-10,8159
8150,南茂,24,7,17,台新-台南,2023-11-10,8159
2382,廣達,27,10,17,台新-台南,2023-11-10,8159
5425,台半,16,0,16,台新-台南,2023-11-10,8159
2607,榮運,18,3,15,台新-台南,2023-11-10,8159
2352,佳世達,66,51,15,台新-台南,2023-11-10,8159
4960,誠美材,15,0,15,台新-台南,2023-11-10,8159
8093,保銳,15,0,15,台新-台南,2023-11-10,8159
4306,炎洲,15,0,15,台新-台南,2023-11-10,8159
2376,技嘉,43,29,14,台新-台南,2023-11-10,8159
4552,力達-KY,14,0,14,台新-台南,2023-11-10,8159
6016,康和證,14,0,14,台新-台南,2023-11-10,8159
2317,鴻海,24,11,13,台新-台南,2023-11-10,8159
2454,聯發科,16,3,13,台新-台南,2023-11-10,8159
00929,復華台灣科技優息,270,52,218,台新-台南,2023-11-13,8159
2382,廣達,179,59,120,台新-台南,2023-11-13,8159
1584,精剛,149,75,74,台新-台南,2023-11-13,8159
00878,國泰永續高股息,139,65,74,台新-台南,2023-11-13,8159
2356,英業達,89,25,64,台新-台南,2023-11-13,8159
00687B,國泰20年美債,69,7,62,台新-台南,2023-11-13,8159
2867,三商壽,81,23,58,台新-台南,2023-11-13,8159
3050,鈺德,55,4,51,台新-台南,2023-11-13,8159
1304,台聚,41,0,41,台新-台南,2023-11-13,8159
2888,新光金,121,83,38,台新-台南,2023-11-13,8159
00882,中信中國高股息,36,0,36,台新-台南,2023-11-13,8159
6189,豐藝,37,2,35,台新-台南,2023-11-13,8159
3231,緯創,277,244,33,台新-台南,2023-11-13,8159
6213,聯茂,88,56,32,台新-台南,2023-11-13,8159
6603,富強鑫,32,0,32,台新-台南,2023-11-13,8159
9950,萬國通,31,1,30,台新-台南,2023-11-13,8159
8183,精星,30,1,29,台新-台南,2023-11-13,8159
2605,新興,27,0,27,台新-台南,2023-11-13,8159
5905,南仁湖,30,3,27,台新-台南,2023-11-13,8159
2002,中鋼,27,0,27,台新-台南,2023-11-13,8159
5519,隆大,25,0,25,台新-台南,2023-11-13,8159
2377,微星,26,2,24,台新-台南,2023-11-13,8159
2460,建通,37,13,24,台新-台南,2023-11-13,8159
2352,佳世達,28,5,23,台新-台南,2023-11-13,8159
6198,瑞築,25,2,23,台新-台南,2023-11-13,8159
00936,台新永續高息中小,28,7,21,台新-台南,2023-11-13,8159
2880,華南金,22,1,21,台新-台南,2023-11-13,8159
6235,華孚,37,16,21,台新-台南,2023-11-13,8159
2208,台船,20,0,20,台新-台南,2023-11-13,8159
2462,良得電,30,10,20,台新-台南,2023-11-13,8159
2317,鴻海,32,13,19,台新-台南,2023-11-13,8159
00679B,元大美債20年,21,2,19,台新-台南,2023-11-13,8159
00934,中信成長高股息,19,0,19,台新-台南,2023-11-13,8159
5230,雷笛克光學,20,3,17,台新-台南,2023-11-13,8159
00915,凱基優選高股息30,18,1,17,台新-台南,2023-11-13,8159
2337,旺宏,22,6,16,台新-台南,2023-11-13,8159
2392,正崴,16,0,16,台新-台南,2023-11-13,8159
5426,振發,15,0,15,台新-台南,2023-11-13,8159
3543,州巧,15,0,15,台新-台南,2023-11-13,8159
2515,中工,16,1,15,台新-台南,2023-11-13,8159
6901,鑽石投資,17,3,14,台新-台南,2023-11-13,8159
1305,華夏,14,0,14,台新-台南,2023-11-13,8159
3702,大聯大,33,19,14,台新-台南,2023-11-13,8159
00680L,元大美債20正2,124,110,14,台新-台南,2023-11-13,8159
2369,菱生,42,29,13,台新-台南,2023-11-13,8159
2376,技嘉,25,12,13,台新-台南,2023-11-13,8159
3545,敦泰,18,6,12,台新-台南,2023-11-13,8159
6290,良維,24,12,12,台新-台南,2023-11-13,8159
00907,永豐優息存股,12,0,12,台新-台南,2023-11-13,8159
00935,野村臺灣新科技50,14,2,12,台新-台南,2023-11-13,8159
00680L,元大美債20正2,150,6,144,台新-台南,2023-11-14,8159
4303,信立,80,0,80,台新-台南,2023-11-14,8159
00936,台新永續高息中小,73,0,73,台新-台南,2023-11-14,8159
2208,台船,80,7,73,台新-台南,2023-11-14,8159
00679B,元大美債20年,67,2,65,台新-台南,2023-11-14,8159
6223,旺矽,38,1,37,台新-台南,2023-11-14,8159
3006,晶豪科,62,27,35,台新-台南,2023-11-14,8159
00720B,元大投資級公司債,34,0,34,台新-台南,2023-11-14,8159
00892,富邦台灣半導體,30,0,30,台新-台南,2023-11-14,8159
2313,華通,44,18,26,台新-台南,2023-11-14,8159
00786B,元大10年IG銀行債,25,0,25,台新-台南,2023-11-14,8159
00787B,元大10年IG醫療債,25,0,25,台新-台南,2023-11-14,8159
1589,永冠-KY,23,0,23,台新-台南,2023-11-14,8159
2867,三商壽,30,8,22,台新-台南,2023-11-14,8159
6282,康舒,22,1,21,台新-台南,2023-11-14,8159
2609,陽明,53,32,21,台新-台南,2023-11-14,8159
1504,東元,23,3,20,台新-台南,2023-11-14,8159
2468,華經,20,0,20,台新-台南,2023-11-14,8159
1440,南紡,20,0,20,台新-台南,2023-11-14,8159
2402,毅嘉,103,84,19,台新-台南,2023-11-14,8159
5522,遠雄,20,1,19,台新-台南,2023-11-14,8159
1702,南僑,18,0,18,台新-台南,2023-11-14,8159
2542,興富發,24,7,17,台新-台南,2023-11-14,8159
2743,山富,24,7,17,台新-台南,2023-11-14,8159
2882,國泰金,20,3,17,台新-台南,2023-11-14,8159
3036,文曄,40,23,17,台新-台南,2023-11-14,8159
2515,中工,19,2,17,台新-台南,2023-11-14,8159
00900,富邦特選高股息30,25,10,15,台新-台南,2023-11-14,8159
2417,圓剛,67,53,14,台新-台南,2023-11-14,8159
2485,兆赫,26,12,14,台新-台南,2023-11-14,8159
2606,裕民,14,0,14,台新-台南,2023-11-14,8159
2027,大成鋼,15,2,13,台新-台南,2023-11-14,8159
4533,協易機,18,5,13,台新-台南,2023-11-14,8159
6189,豐藝,12,0,12,台新-台南,2023-11-14,8159
3548,兆利,24,12,12,台新-台南,2023-11-14,8159
3041,揚智,51,39,12,台新-台南,2023-11-14,8159
4908,前鼎,24,12,12,台新-台南,2023-11-14,8159
6248,沛波,11,0,11,台新-台南,2023-11-14,8159
3078,僑威,21,10,11,台新-台南,2023-11-14,8159
5465,富驊,14,3,11,台新-台南,2023-11-14,8159
8046,南電,11,0,11,台新-台南,2023-11-14,8159
2345,智邦,10,0,10,台新-台南,2023-11-14,8159
2323,中環,10,0,10,台新-台南,2023-11-14,8159
2465,麗臺,10,0,10,台新-台南,2023-11-14,8159
1603,華電,10,0,10,台新-台南,2023-11-14,8159
2441,超豐,10,0,10,台新-台南,2023-11-14,8159
1108,幸福,10,0,10,台新-台南,2023-11-14,8159
9105,泰金寶-DR,10,0,10,台新-台南,2023-11-14,8159
8088,品安,10,1,9,台新-台南,2023-11-14,8159
3035,智原,15,6,9,台新-台南,2023-11-14,8159
00878,國泰永續高股息,352,70,282,台新-台南,2023-11-15,8159
2615,萬海,240,13,227,台新-台南,2023-11-15,8159
2368,金像電,224,5,219,台新-台南,2023-11-15,8159
2449,京元電子,106,10,96,台新-台南,2023-11-15,8159
6578,達邦蛋白,123,30,93,台新-台南,2023-11-15,8159
2208,台船,80,0,80,台新-台南,2023-11-15,8159
00632R,元大台灣50反1,113,48,65,台新-台南,2023-11-15,8159
4533,協易機,70,5,65,台新-台南,2023-11-15,8159
2363,矽統,347,283,64,台新-台南,2023-11-15,8159
2515,中工,63,0,63,台新-台南,2023-11-15,8159
00679B,元大美債20年,62,1,61,台新-台南,2023-11-15,8159
1108,幸福,50,0,50,台新-台南,2023-11-15,8159
3025,星通,59,11,48,台新-台南,2023-11-15,8159
00901,永豐智能車供應鏈,46,0,46,台新-台南,2023-11-15,8159
3706,神達,99,54,45,台新-台南,2023-11-15,8159
2353,宏��,44,0,44,台新-台南,2023-11-15,8159
2356,英業達,81,39,42,台新-台南,2023-11-15,8159
4303,信立,42,0,42,台新-台南,2023-11-15,8159
2382,廣達,95,54,41,台新-台南,2023-11-15,8159
1718,中纖,50,10,40,台新-台南,2023-11-15,8159
00795B,中信美國公債20年,35,0,35,台新-台南,2023-11-15,8159
00680L,元大美債20正2,70,37,33,台新-台南,2023-11-15,8159
2516,新建,33,0,33,台新-台南,2023-11-15,8159
2414,精技,30,0,30,台新-台南,2023-11-15,8159
00935,野村臺灣新科技50,33,3,30,台新-台南,2023-11-15,8159
00929,復華台灣科技優息,74,47,27,台新-台南,2023-11-15,8159
2323,中環,38,13,25,台新-台南,2023-11-15,8159
1815,富喬,27,2,25,台新-台南,2023-11-15,8159
2885,元大金,30,6,24,台新-台南,2023-11-15,8159
6187,萬潤,62,39,23,台新-台南,2023-11-15,8159
9950,萬國通,27,4,23,台新-台南,2023-11-15,8159
3276,宇環,55,33,22,台新-台南,2023-11-15,8159
1524,耿鼎,62,40,22,台新-台南,2023-11-15,8159
1440,南紡,20,0,20,台新-台南,2023-11-15,8159
2369,菱生,49,29,20,台新-台南,2023-11-15,8159
6243,迅杰,23,5,18,台新-台南,2023-11-15,8159
2401,凌陽,18,1,17,台新-台南,2023-11-15,8159
00850,元大臺灣ESG永續,17,1,16,台新-台南,2023-11-15,8159
5439,高技,21,5,16,台新-台南,2023-11-15,8159
00915,凱基優選高股息30,16,1,15,台新-台南,2023-11-15,8159
6139,亞翔,21,7,14,台新-台南,2023-11-15,8159
8358,金居,15,1,14,台新-台南,2023-11-15,8159
00936,台新永續高息中小,18,4,14,台新-台南,2023-11-15,8159
2002,中鋼,31,17,14,台新-台南,2023-11-15,8159
2230,泰茂,15,1,14,台新-台南,2023-11-15,8159
00687B,國泰20年美債,15,2,13,台新-台南,2023-11-15,8159
3035,智原,13,0,13,台新-台南,2023-11-15,8159
1220,台榮,12,0,12,台新-台南,2023-11-15,8159
3062,建漢,12,0,12,台新-台南,2023-11-15,8159
2355,敬鵬,20,8,12,台新-台南,2023-11-15,8159
2615,萬海,280,5,275,台新-台南,2023-11-16,8159
2812,台中銀,203,1,202,台新-台南,2023-11-16,8159
00680L,元大美債20正2,133,0,133,台新-台南,2023-11-16,8159
2002,中鋼,171,40,131,台新-台南,2023-11-16,8159
00688L,國泰20年美債正2,129,0,129,台新-台南,2023-11-16,8159
00878,國泰永續高股息,232,116,116,台新-台南,2023-11-16,8159
00929,復華台灣科技優息,146,33,113,台新-台南,2023-11-16,8159
00679B,元大美債20年,91,0,91,台新-台南,2023-11-16,8159
00720B,元大投資級公司債,65,0,65,台新-台南,2023-11-16,8159
00687B,國泰20年美債,57,3,54,台新-台南,2023-11-16,8159
2331,精英,65,12,53,台新-台南,2023-11-16,8159
00632R,元大台灣50反1,52,0,52,台新-台南,2023-11-16,8159
00715L,期街口布蘭特正2,49,0,49,台新-台南,2023-11-16,8159
2329,華泰,215,169,46,台新-台南,2023-11-16,8159
2417,圓剛,138,102,36,台新-台南,2023-11-16,8159
00786B,元大10年IG銀行債,35,0,35,台新-台南,2023-11-16,8159
2352,佳世達,35,4,31,台新-台南,2023-11-16,8159
1609,大亞,43,12,31,台新-台南,2023-11-16,8159
00787B,元大10年IG醫療債,30,0,30,台新-台南,2023-11-16,8159
3032,偉訓,33,3,30,台新-台南,2023-11-16,8159
00919,群益台灣精選高息,29,0,29,台新-台南,2023-11-16,8159
00772B,中信高評級公司債,29,0,29,台新-台南,2023-11-16,8159
2392,正崴,25,0,25,台新-台南,2023-11-16,8159
8936,國統,33,10,23,台新-台南,2023-11-16,8159
2369,菱生,42,20,22,台新-台南,2023-11-16,8159
00795B,中信美國公債20年,21,0,21,台新-台南,2023-11-16,8159
6213,聯茂,32,11,21,台新-台南,2023-11-16,8159
8069,元太,27,7,20,台新-台南,2023-11-16,8159
8110,華東,20,0,20,台新-台南,2023-11-16,8159
1440,南紡,18,0,18,台新-台南,2023-11-16,8159
3051,力特,28,10,18,台新-台南,2023-11-16,8159
1714,和桐,19,1,18,台新-台南,2023-11-16,8159
00934,中信成長高股息,18,1,17,台新-台南,2023-11-16,8159
3548,兆利,29,12,17,台新-台南,2023-11-16,8159
3715,定穎投控,23,6,17,台新-台南,2023-11-16,8159
00900,富邦特選高股息30,34,18,16,台新-台南,2023-11-16,8159
9907,統一實,15,0,15,台新-台南,2023-11-16,8159
1905,華紙,35,20,15,台新-台南,2023-11-16,8159
2511,太子,15,0,15,台新-台南,2023-11-16,8159
1217,愛之味,14,0,14,台新-台南,2023-11-16,8159
4188,安克,14,0,14,台新-台南,2023-11-16,8159
2516,新建,24,10,14,台新-台南,2023-11-16,8159
9919,康那香,17,3,14,台新-台南,2023-11-16,8159
2606,裕民,15,2,13,台新-台南,2023-11-16,8159
4746,台耀,19,6,13,台新-台南,2023-11-16,8159
00751B,元大AAA至A公司債,13,1,12,台新-台南,2023-11-16,8159
00902,中信電池及儲能,12,0,12,台新-台南,2023-11-16,8159
1104,環泥,13,1,12,台新-台南,2023-11-16,8159
9921,巨大,14,3,11,台新-台南,2023-11-16,8159
5512,力麒,12,1,11,台新-台南,2023-11-16,8159
00712,復華富時不動產,298,6,292,台新-台南,2023-11-17,8159
2812,台中銀,301,24,277,台新-台南,2023-11-17,8159
00715L,期街口布蘭特正2,171,1,170,台新-台南,2023-11-17,8159
8034,榮群,110,4,106,台新-台南,2023-11-17,8159
3276,宇環,141,41,100,台新-台南,2023-11-17,8159
3041,揚智,343,252,91,台新-台南,2023-11-17,8159
00680L,元大美債20正2,115,24,91,台新-台南,2023-11-17,8159
2208,台船,79,0,79,台新-台南,2023-11-17,8159
4303,信立,83,5,78,台新-台南,2023-11-17,8159
00688L,國泰20年美債正2,100,24,76,台新-台南,2023-11-17,8159
00878,國泰永續高股息,112,61,51,台新-台南,2023-11-17,8159
1527,鑽全,45,0,45,台新-台南,2023-11-17,8159
1474,弘裕,40,0,40,台新-台南,2023-11-17,8159
00795B,中信美國公債20年,39,0,39,台新-台南,2023-11-17,8159
2363,矽統,122,85,37,台新-台南,2023-11-17,8159
3483,力致,42,6,36,台新-台南,2023-11-17,8159
3032,偉訓,36,1,35,台新-台南,2023-11-17,8159
2610,華航,60,26,34,台新-台南,2023-11-17,8159
2313,華通,116,83,33,台新-台南,2023-11-17,8159
6185,幃翔,31,0,31,台新-台南,2023-11-17,8159
5864,致和證,30,0,30,台新-台南,2023-11-17,8159
2352,佳世達,29,2,27,台新-台南,2023-11-17,8159
4162,智擎,26,0,26,台新-台南,2023-11-17,8159
2417,圓剛,50,25,25,台新-台南,2023-11-17,8159
00706L,期元大S＆P日圓正2,25,0,25,台新-台南,2023-11-17,8159
1568,倉佑,29,5,24,台新-台南,2023-11-17,8159
2618,長榮航,108,84,24,台新-台南,2023-11-17,8159
4533,協易機,29,7,22,台新-台南,2023-11-17,8159
2376,技嘉,33,11,22,台新-台南,2023-11-17,8159
00642U,期元大S＆P石油,22,0,22,台新-台南,2023-11-17,8159
6139,亞翔,37,16,21,台新-台南,2023-11-17,8159
00665L,富邦�琤肭磪囓�2,50,29,21,台新-台南,2023-11-17,8159
2344,華邦電,32,11,21,台新-台南,2023-11-17,8159
2323,中環,30,10,20,台新-台南,2023-11-17,8159
00786B,元大10年IG銀行債,20,0,20,台新-台南,2023-11-17,8159
2353,宏��,21,1,20,台新-台南,2023-11-17,8159
8936,國統,34,14,20,台新-台南,2023-11-17,8159
6257,矽格,20,0,20,台新-台南,2023-11-17,8159
00679B,元大美債20年,29,10,19,台新-台南,2023-11-17,8159
6589,台康生技,25,6,19,台新-台南,2023-11-17,8159
2498,宏達電,24,6,18,台新-台南,2023-11-17,8159
2705,六福,23,5,18,台新-台南,2023-11-17,8159
00751B,元大AAA至A公司債,17,0,17,台新-台南,2023-11-17,8159
3036,文曄,21,4,17,台新-台南,2023-11-17,8159
3051,力特,17,1,16,台新-台南,2023-11-17,8159
1301,台塑,15,0,15,台新-台南,2023-11-17,8159
2734,易飛網,16,1,15,台新-台南,2023-11-17,8159
2905,三商,17,2,15,台新-台南,2023-11-17,8159
5452,佶優,20,5,15,台新-台南,2023-11-17,8159
2371,大同,27,12,15,台新-台南,2023-11-17,8159
00632R,元大台灣50反1,305,2,303,台新-台南,2023-11-20,8159
00857B,永豐20年美公債,90,0,90,台新-台南,2023-11-20,8159
00753L,中信中國50正2,90,10,80,台新-台南,2023-11-20,8159
3715,定穎投控,196,120,76,台新-台南,2023-11-20,8159
3276,宇環,97,45,52,台新-台南,2023-11-20,8159
3706,神達,63,12,51,台新-台南,2023-11-20,8159
3025,星通,57,6,51,台新-台南,2023-11-20,8159
3252,海灣,51,0,51,台新-台南,2023-11-20,8159
2409,友達,48,5,43,台新-台南,2023-11-20,8159
2449,京元電子,47,5,42,台新-台南,2023-11-20,8159
00720B,元大投資級公司債,38,0,38,台新-台南,2023-11-20,8159
4550,長佳,34,3,31,台新-台南,2023-11-20,8159
2706,第一店,31,0,31,台新-台南,2023-11-20,8159
2201,裕隆,32,2,30,台新-台南,2023-11-20,8159
6546,正基,30,0,30,台新-台南,2023-11-20,8159
2313,華通,133,104,29,台新-台南,2023-11-20,8159
2337,旺宏,32,3,29,台新-台南,2023-11-20,8159
1736,喬山,27,0,27,台新-台南,2023-11-20,8159
00919,群益台灣精選高息,46,20,26,台新-台南,2023-11-20,8159
1440,南紡,35,10,25,台新-台南,2023-11-20,8159
2405,輔信,48,24,24,台新-台南,2023-11-20,8159
3037,欣興,28,5,23,台新-台南,2023-11-20,8159
2812,台中銀,50,27,23,台新-台南,2023-11-20,8159
1210,大成,23,0,23,台新-台南,2023-11-20,8159
2355,敬鵬,124,102,22,台新-台南,2023-11-20,8159
2618,長榮航,51,30,21,台新-台南,2023-11-20,8159
4303,信立,22,1,21,台新-台南,2023-11-20,8159
00864B,中信美國公債0-1,20,0,20,台新-台南,2023-11-20,8159
00787B,元大10年IG醫療債,20,0,20,台新-台南,2023-11-20,8159
00687B,國泰20年美債,19,0,19,台新-台南,2023-11-20,8159
2374,佳能,20,1,19,台新-台南,2023-11-20,8159
1524,耿鼎,89,71,18,台新-台南,2023-11-20,8159
6274,台燿,47,29,18,台新-台南,2023-11-20,8159
00772B,中信高評級公司債,17,0,17,台新-台南,2023-11-20,8159
6243,迅杰,50,33,17,台新-台南,2023-11-20,8159
8936,國統,56,39,17,台新-台南,2023-11-20,8159
5905,南仁湖,17,0,17,台新-台南,2023-11-20,8159
00931B,統一美債20年,16,0,16,台新-台南,2023-11-20,8159
3583,辛耘,26,12,14,台新-台南,2023-11-20,8159
2915,潤泰全,14,0,14,台新-台南,2023-11-20,8159
3551,世禾,14,0,14,台新-台南,2023-11-20,8159
2547,日勝生,14,0,14,台新-台南,2023-11-20,8159
2748,雲品,18,5,13,台新-台南,2023-11-20,8159
2342,茂矽,19,6,13,台新-台南,2023-11-20,8159
2702,華園,13,0,13,台新-台南,2023-11-20,8159
2610,華航,40,27,13,台新-台南,2023-11-20,8159
2462,良得電,37,25,12,台新-台南,2023-11-20,8159
2492,華新科,12,0,12,台新-台南,2023-11-20,8159
3035,智原,50,39,11,台新-台南,2023-11-20,8159
2317,鴻海,15,3,12,台新-台南,2023-11-20,8159
00632R,元大台灣50反1,612,74,538,台新-台南,2023-11-21,8159
2367,燿華,155,47,108,台新-台南,2023-11-21,8159
2313,華通,248,143,105,台新-台南,2023-11-21,8159
00673R,期元大S＆P原油反1,102,7,95,台新-台南,2023-11-21,8159
00882,中信中國高股息,73,3,70,台新-台南,2023-11-21,8159
2355,敬鵬,150,80,70,台新-台南,2023-11-21,8159
1474,弘裕,70,0,70,台新-台南,2023-11-21,8159
2915,潤泰全,65,0,65,台新-台南,2023-11-21,8159
5533,皇鼎,69,5,64,台新-台南,2023-11-21,8159
00706L,期元大S＆P日圓正2,60,0,60,台新-台南,2023-11-21,8159
2352,佳世達,58,0,58,台新-台南,2023-11-21,8159
3041,揚智,136,83,53,台新-台南,2023-11-21,8159
00679B,元大美債20年,51,0,51,台新-台南,2023-11-21,8159
2618,長榮航,55,6,49,台新-台南,2023-11-21,8159
4303,信立,46,3,43,台新-台南,2023-11-21,8159
3231,緯創,133,90,43,台新-台南,2023-11-21,8159
00712,復華富時不動產,44,2,42,台新-台南,2023-11-21,8159
2208,台船,42,0,42,台新-台南,2023-11-21,8159
6546,正基,30,0,30,台新-台南,2023-11-21,8159
6125,廣運,84,54,30,台新-台南,2023-11-21,8159
8011,台通,35,5,30,台新-台南,2023-11-21,8159
1440,南紡,40,10,30,台新-台南,2023-11-21,8159
2363,矽統,105,75,30,台新-台南,2023-11-21,8159
00915,凱基優選高股息30,30,0,30,台新-台南,2023-11-21,8159
3059,華晶科,48,19,29,台新-台南,2023-11-21,8159
3062,建漢,105,77,28,台新-台南,2023-11-21,8159
1305,華夏,26,0,26,台新-台南,2023-11-21,8159
5351,鈺創,100,75,25,台新-台南,2023-11-21,8159
3260,威剛,42,17,25,台新-台南,2023-11-21,8159
00795B,中信美國公債20年,26,1,25,台新-台南,2023-11-21,8159
3715,定穎投控,62,37,25,台新-台南,2023-11-21,8159
2338,光罩,24,0,24,台新-台南,2023-11-21,8159
5347,世界,42,19,23,台新-台南,2023-11-21,8159
8289,泰藝,24,1,23,台新-台南,2023-11-21,8159
1605,華新,40,18,22,台新-台南,2023-11-21,8159
5426,振發,22,1,21,台新-台南,2023-11-21,8159
5516,雙喜,21,0,21,台新-台南,2023-11-21,8159
6176,瑞儀,20,0,20,台新-台南,2023-11-21,8159
1471,首利,21,1,20,台新-台南,2023-11-21,8159
1210,大成,22,2,20,台新-台南,2023-11-21,8159
2329,華泰,56,37,19,台新-台南,2023-11-21,8159
4960,誠美材,27,8,19,台新-台南,2023-11-21,8159
6282,康舒,57,39,18,台新-台南,2023-11-21,8159
5519,隆大,19,1,18,台新-台南,2023-11-21,8159
2390,云辰,26,9,17,台新-台南,2023-11-21,8159
00885,富邦越南,16,0,16,台新-台南,2023-11-21,8159
5009,榮剛,17,1,16,台新-台南,2023-11-21,8159
3257,虹冠電,17,2,15,台新-台南,2023-11-21,8159
8112,至上,15,0,15,台新-台南,2023-11-21,8159
00930,永豐ESG低碳高息,19,4,15,台新-台南,2023-11-21,8159
00688L,國泰20年美債正2,352,0,352,台新-台南,2023-11-22,8159
00706L,期元大S＆P日圓正2,223,0,223,台新-台南,2023-11-22,8159
00878,國泰永續高股息,185,19,166,台新-台南,2023-11-22,8159
00680L,元大美債20正2,84,0,84,台新-台南,2023-11-22,8159
2376,技嘉,88,9,79,台新-台南,2023-11-22,8159
3231,緯創,140,61,79,台新-台南,2023-11-22,8159
6462,神盾,50,1,49,台新-台南,2023-11-22,8159
5351,鈺創,92,44,48,台新-台南,2023-11-22,8159
2382,廣達,81,34,47,台新-台南,2023-11-22,8159
5512,力麒,49,2,47,台新-台南,2023-11-22,8159
2834,臺企銀,47,2,45,台新-台南,2023-11-22,8159
00888,永豐台灣ESG,44,0,44,台新-台南,2023-11-22,8159
2888,新光金,45,2,43,台新-台南,2023-11-22,8159
3209,全科,43,0,43,台新-台南,2023-11-22,8159
2618,長榮航,87,46,41,台新-台南,2023-11-22,8159
2610,華航,62,23,39,台新-台南,2023-11-22,8159
00934,中信成長高股息,40,1,39,台新-台南,2023-11-22,8159
1440,南紡,45,7,38,台新-台南,2023-11-22,8159
2356,英業達,76,39,37,台新-台南,2023-11-22,8159
6122,擎邦,37,0,37,台新-台南,2023-11-22,8159
1727,中華化,36,0,36,台新-台南,2023-11-22,8159
00919,群益台灣精選高息,39,3,36,台新-台南,2023-11-22,8159
2317,鴻海,42,9,33,台新-台南,2023-11-22,8159
6117,迎廣,70,38,32,台新-台南,2023-11-22,8159
2405,輔信,63,31,32,台新-台南,2023-11-22,8159
2401,凌陽,65,34,31,台新-台南,2023-11-22,8159
00900,富邦特選高股息30,41,11,30,台新-台南,2023-11-22,8159
00933B,國泰10Y+金融債,28,0,28,台新-台南,2023-11-22,8159
00935,野村臺灣新科技50,28,0,28,台新-台南,2023-11-22,8159
5533,皇鼎,32,5,27,台新-台南,2023-11-22,8159
8054,安國,107,80,27,台新-台南,2023-11-22,8159
00679B,元大美債20年,51,25,26,台新-台南,2023-11-22,8159
2482,連宇,24,1,23,台新-台南,2023-11-22,8159
0056,元大高股息,24,2,22,台新-台南,2023-11-22,8159
2492,華新科,24,2,22,台新-台南,2023-11-22,8159
00929,復華台灣科技優息,82,60,22,台新-台南,2023-11-22,8159
2409,友達,42,21,21,台新-台南,2023-11-22,8159
2603,長榮,28,8,20,台新-台南,2023-11-22,8159
3032,偉訓,21,1,20,台新-台南,2023-11-22,8159
6418,詠昇,42,22,20,台新-台南,2023-11-22,8159
2421,建準,22,2,20,台新-台南,2023-11-22,8159
6285,啟��,49,30,19,台新-台南,2023-11-22,8159
2516,新建,27,8,19,台新-台南,2023-11-22,8159
2002,中鋼,23,4,19,台新-台南,2023-11-22,8159
3665,貿聯-KY,18,0,18,台新-台南,2023-11-22,8159
1101,台泥,20,3,17,台新-台南,2023-11-22,8159
3689,湧德,20,4,16,台新-台南,2023-11-22,8159
3545,敦泰,31,17,14,台新-台南,2023-11-22,8159
2354,鴻準,17,3,14,台新-台南,2023-11-22,8159
2201,裕隆,13,0,13,台新-台南,2023-11-22,8159
2017,官田鋼,159,13,146,台新-台南,2023-11-23,8159
00632R,元大台灣50反1,112,1,111,台新-台南,2023-11-23,8159
00934,中信成長高股息,102,3,99,台新-台南,2023-11-23,8159
00919,群益台灣精選高息,115,18,97,台新-台南,2023-11-23,8159
2406,國碩,61,1,60,台新-台南,2023-11-23,8159
00673R,期元大S＆P原油反1,50,0,50,台新-台南,2023-11-23,8159
2382,廣達,174,125,49,台新-台南,2023-11-23,8159
3231,緯創,73,27,46,台新-台南,2023-11-23,8159
5521,工信,116,72,44,台新-台南,2023-11-23,8159
3704,合勤控,44,1,43,台新-台南,2023-11-23,8159
2417,圓剛,112,72,40,台新-台南,2023-11-23,8159
3163,波若威,45,8,37,台新-台南,2023-11-23,8159
2482,連宇,39,2,37,台新-台南,2023-11-23,8159
1210,大成,39,2,37,台新-台南,2023-11-23,8159
00882,中信中國高股息,35,0,35,台新-台南,2023-11-23,8159
1727,中華化,34,0,34,台新-台南,2023-11-23,8159
1440,南紡,33,0,33,台新-台南,2023-11-23,8159
3260,威剛,48,17,31,台新-台南,2023-11-23,8159
00687B,國泰20年美債,37,8,29,台新-台南,2023-11-23,8159
2388,威盛,107,78,29,台新-台南,2023-11-23,8159
6282,康舒,178,149,29,台新-台南,2023-11-23,8159
2002,中鋼,38,9,29,台新-台南,2023-11-23,8159
3694,海華,77,49,28,台新-台南,2023-11-23,8159
2208,台船,48,20,28,台新-台南,2023-11-23,8159
3105,穩懋,46,18,28,台新-台南,2023-11-23,8159
2888,新光金,27,0,27,台新-台南,2023-11-23,8159
1616,億泰,27,0,27,台新-台南,2023-11-23,8159
6684,安格,30,3,27,台新-台南,2023-11-23,8159
00715L,期街口布蘭特正2,27,0,27,台新-台南,2023-11-23,8159
1314,中石化,28,1,27,台新-台南,2023-11-23,8159
00929,復華台灣科技優息,60,37,23,台新-台南,2023-11-23,8159
6139,亞翔,48,26,22,台新-台南,2023-11-23,8159
2441,超豐,22,0,22,台新-台南,2023-11-23,8159
00878,國泰永續高股息,55,34,21,台新-台南,2023-11-23,8159
2353,宏��,27,6,21,台新-台南,2023-11-23,8159
2363,矽統,52,32,20,台新-台南,2023-11-23,8159
00905,FT臺灣Smart,20,0,20,台新-台南,2023-11-23,8159
2345,智邦,20,0,20,台新-台南,2023-11-23,8159
00637L,元大滬深300正2,23,4,19,台新-台南,2023-11-23,8159
2338,光罩,21,2,19,台新-台南,2023-11-23,8159
3669,圓展,35,16,19,台新-台南,2023-11-23,8159
2852,第一保,20,2,18,台新-台南,2023-11-23,8159
3122,笙泉,52,34,18,台新-台南,2023-11-23,8159
3017,奇鋐,96,79,17,台新-台南,2023-11-23,8159
2421,建準,17,0,17,台新-台南,2023-11-23,8159
1609,大亞,32,15,17,台新-台南,2023-11-23,8159
3234,光環,19,2,17,台新-台南,2023-11-23,8159
3035,智原,44,28,16,台新-台南,2023-11-23,8159
4999,鑫禾,16,0,16,台新-台南,2023-11-23,8159
2356,英業達,33,18,15,台新-台南,2023-11-23,8159
00632R,元大台灣50反1,210,0,210,台新-台南,2023-11-24,8159
00772B,中信高評級公司債,164,2,162,台新-台南,2023-11-24,8159
00929,復華台灣科技優息,126,31,95,台新-台南,2023-11-24,8159
00680L,元大美債20正2,82,3,79,台新-台南,2023-11-24,8159
00885,富邦越南,63,1,62,台新-台南,2023-11-24,8159
3147,大綜,64,3,61,台新-台南,2023-11-24,8159
5512,力麒,61,0,61,台新-台南,2023-11-24,8159
5351,鈺創,168,107,61,台新-台南,2023-11-24,8159
3006,晶豪科,93,39,54,台新-台南,2023-11-24,8159
2618,長榮航,71,17,54,台新-台南,2023-11-24,8159
9136,巨騰-DR,60,10,50,台新-台南,2023-11-24,8159
3530,晶相光,57,15,42,台新-台南,2023-11-24,8159
6185,幃翔,46,5,41,台新-台南,2023-11-24,8159
3036,文曄,42,3,39,台新-台南,2023-11-24,8159
2888,新光金,71,33,38,台新-台南,2023-11-24,8159
00688L,國泰20年美債正2,37,0,37,台新-台南,2023-11-24,8159
00720B,元大投資級公司債,36,1,35,台新-台南,2023-11-24,8159
3231,緯創,50,18,32,台新-台南,2023-11-24,8159
00706L,期元大S＆P日圓正2,31,0,31,台新-台南,2023-11-24,8159
2610,華航,30,0,30,台新-台南,2023-11-24,8159
00751B,元大AAA至A公司債,28,0,28,台新-台南,2023-11-24,8159
2883,凱基金,53,25,28,台新-台南,2023-11-24,8159
3032,偉訓,32,4,28,台新-台南,2023-11-24,8159
2382,廣達,109,82,27,台新-台南,2023-11-24,8159
3437,榮創,73,47,26,台新-台南,2023-11-24,8159
00878,國泰永續高股息,34,12,22,台新-台南,2023-11-24,8159
1314,中石化,20,0,20,台新-台南,2023-11-24,8159
1591,駿吉-KY,20,0,20,台新-台南,2023-11-24,8159
00935,野村臺灣新科技50,19,0,19,台新-台南,2023-11-24,8159
6684,安格,36,17,19,台新-台南,2023-11-24,8159
5347,世界,48,29,19,台新-台南,2023-11-24,8159
00919,群益台灣精選高息,25,7,18,台新-台南,2023-11-24,8159
2605,新興,17,0,17,台新-台南,2023-11-24,8159
00795B,中信美國公債20年,16,0,16,台新-台南,2023-11-24,8159
00687B,國泰20年美債,19,3,16,台新-台南,2023-11-24,8159
3260,威剛,34,19,15,台新-台南,2023-11-24,8159
2356,英業達,30,15,15,台新-台南,2023-11-24,8159
6284,佳邦,26,11,15,台新-台南,2023-11-24,8159
3706,神達,19,5,14,台新-台南,2023-11-24,8159
3046,建��,15,1,14,台新-台南,2023-11-24,8159
2355,敬鵬,119,105,14,台新-台南,2023-11-24,8159
2641,正德,14,0,14,台新-台南,2023-11-24,8159
6139,亞翔,47,33,14,台新-台南,2023-11-24,8159
1101,台泥,16,3,13,台新-台南,2023-11-24,8159
00933B,國泰10Y+金融債,13,0,13,台新-台南,2023-11-24,8159
00857B,永豐20年美公債,13,0,13,台新-台南,2023-11-24,8159
3545,敦泰,26,14,12,台新-台南,2023-11-24,8159
1503,士電,26,14,12,台新-台南,2023-11-24,8159
1605,華新,18,6,12,台新-台南,2023-11-24,8159
3036A,文曄甲特,12,0,12,台新-台南,2023-11-24,8159
00688L,國泰20年美債正2,225,0,225,台新-台南,2023-11-27,8159
00680L,元大美債20正2,183,0,183,台新-台南,2023-11-27,8159
00632R,元大台灣50反1,235,60,175,台新-台南,2023-11-27,8159
00919,群益台灣精選高息,198,38,160,台新-台南,2023-11-27,8159
2883,凱基金,215,91,124,台新-台南,2023-11-27,8159
2630,亞航,118,4,114,台新-台南,2023-11-27,8159
2889,國票金,101,0,101,台新-台南,2023-11-27,8159
00706L,期元大S＆P日圓正2,100,0,100,台新-台南,2023-11-27,8159
00712,復華富時不動產,93,3,90,台新-台南,2023-11-27,8159
00772B,中信高評級公司債,88,1,87,台新-台南,2023-11-27,8159
00878,國泰永續高股息,110,27,83,台新-台南,2023-11-27,8159
6127,九豪,92,13,79,台新-台南,2023-11-27,8159
00915,凱基優選高股息30,72,0,72,台新-台南,2023-11-27,8159
00715L,期街口布蘭特正2,84,13,71,台新-台南,2023-11-27,8159
5347,世界,116,48,68,台新-台南,2023-11-27,8159
2208,台船,65,0,65,台新-台南,2023-11-27,8159
3017,奇鋐,226,161,65,台新-台南,2023-11-27,8159
3545,敦泰,113,49,64,台新-台南,2023-11-27,8159
00934,中信成長高股息,54,0,54,台新-台南,2023-11-27,8159
00679B,元大美債20年,58,10,48,台新-台南,2023-11-27,8159
00929,復華台灣科技優息,70,22,48,台新-台南,2023-11-27,8159
00931B,統一美債20年,43,0,43,台新-台南,2023-11-27,8159
2816,旺旺保,66,24,42,台新-台南,2023-11-27,8159
2634,漢翔,79,37,42,台新-台南,2023-11-27,8159
00882,中信中國高股息,42,0,42,台新-台南,2023-11-27,8159
2618,長榮航,66,25,41,台新-台南,2023-11-27,8159
6578,達邦蛋白,44,4,40,台新-台南,2023-11-27,8159
00637L,元大滬深300正2,39,0,39,台新-台南,2023-11-27,8159
2352,佳世達,78,45,33,台新-台南,2023-11-27,8159
00896,中信綠能及電動車,32,0,32,台新-台南,2023-11-27,8159
2303,聯電,32,2,30,台新-台南,2023-11-27,8159
2390,云辰,185,155,30,台新-台南,2023-11-27,8159
3376,新日興,33,3,30,台新-台南,2023-11-27,8159
0056,元大高股息,40,10,30,台新-台南,2023-11-27,8159
2324,仁寶,30,1,29,台新-台南,2023-11-27,8159
2609,陽明,36,7,29,台新-台南,2023-11-27,8159
3006,晶豪科,39,11,28,台新-台南,2023-11-27,8159
2706,第一店,28,0,28,台新-台南,2023-11-27,8159
6789,采鈺,38,10,28,台新-台南,2023-11-27,8159
6167,久正,27,0,27,台新-台南,2023-11-27,8159
00935,野村臺灣新科技50,26,0,26,台新-台南,2023-11-27,8159
00665L,富邦�琤肭磪囓�2,28,2,26,台新-台南,2023-11-27,8159
00687B,國泰20年美債,33,7,26,台新-台南,2023-11-27,8159
2317,鴻海,25,1,24,台新-台南,2023-11-27,8159
00795B,中信美國公債20年,23,0,23,台新-台南,2023-11-27,8159
8086,宏捷科,120,98,22,台新-台南,2023-11-27,8159
2023,燁輝,23,1,22,台新-台南,2023-11-27,8159
4167,松瑞藥,31,9,22,台新-台南,2023-11-27,8159
2344,華邦電,28,8,20,台新-台南,2023-11-27,8159
2356,英業達,35,15,20,台新-台南,2023-11-27,8159
00712,復華富時不動產,110,1,109,台新-台南,2023-11-28,8159
00637L,元大滬深300正2,64,0,64,台新-台南,2023-11-28,8159
6578,達邦蛋白,61,0,61,台新-台南,2023-11-28,8159
6546,正基,60,0,60,台新-台南,2023-11-28,8159
2367,燿華,96,37,59,台新-台南,2023-11-28,8159
2353,宏��,59,1,58,台新-台南,2023-11-28,8159
6127,九豪,56,2,54,台新-台南,2023-11-28,8159
1101,台泥,124,74,50,台新-台南,2023-11-28,8159
00706L,期元大S＆P日圓正2,48,0,48,台新-台南,2023-11-28,8159
5347,世界,56,8,48,台新-台南,2023-11-28,8159
2303,聯電,48,6,42,台新-台南,2023-11-28,8159
3231,緯創,86,46,40,台新-台南,2023-11-28,8159
5351,鈺創,111,76,35,台新-台南,2023-11-28,8159
3530,晶相光,28,0,28,台新-台南,2023-11-28,8159
3705,永信,27,0,27,台新-台南,2023-11-28,8159
6111,大宇資,36,9,27,台新-台南,2023-11-28,8159
00882,中信中國高股息,26,0,26,台新-台南,2023-11-28,8159
00885,富邦越南,22,0,22,台新-台南,2023-11-28,8159
6901,鑽石投資,19,2,17,台新-台南,2023-11-28,8159
8064,東捷,17,0,17,台新-台南,2023-11-28,8159
6139,亞翔,65,48,17,台新-台南,2023-11-28,8159
6282,康舒,35,19,16,台新-台南,2023-11-28,8159
4133,亞諾法,19,3,16,台新-台南,2023-11-28,8159
3715,定穎投控,48,33,15,台新-台南,2023-11-28,8159
8936,國統,28,13,15,台新-台南,2023-11-28,8159
1603,華電,16,1,15,台新-台南,2023-11-28,8159
1316,上曜,25,10,15,台新-台南,2023-11-28,8159
8086,宏捷科,32,18,14,台新-台南,2023-11-28,8159
3036,文曄,15,1,14,台新-台南,2023-11-28,8159
3006,晶豪科,19,6,13,台新-台南,2023-11-28,8159
1752,南光,17,4,13,台新-台南,2023-11-28,8159
5381,合正,15,4,11,台新-台南,2023-11-28,8159
6176,瑞儀,15,4,11,台新-台南,2023-11-28,8159
00692,富邦公司治理,11,0,11,台新-台南,2023-11-28,8159
4114,健喬,50,40,10,台新-台南,2023-11-28,8159
0050,元大台灣50,11,1,10,台新-台南,2023-11-28,8159
6530,創威,10,0,10,台新-台南,2023-11-28,8159
3045,台灣大,10,0,10,台新-台南,2023-11-28,8159
3147,大綜,11,1,10,台新-台南,2023-11-28,8159
3373,熱映,10,0,10,台新-台南,2023-11-28,8159
2406,國碩,10,0,10,台新-台南,2023-11-28,8159
3036A,文曄甲特,10,0,10,台新-台南,2023-11-28,8159
5521,工信,10,0,10,台新-台南,2023-11-28,8159
2383,台光電,18,8,10,台新-台南,2023-11-28,8159
6187,萬潤,9,0,9,台新-台南,2023-11-28,8159
2369,菱生,11,2,9,台新-台南,2023-11-28,8159
2637,慧洋-KY,55,46,9,台新-台南,2023-11-28,8159
00665L,富邦�琤肭磪囓�2,9,0,9,台新-台南,2023-11-28,8159
4526,東台,20,11,9,台新-台南,2023-11-28,8159
1514,亞力,56,47,9,台新-台南,2023-11-28,8159
3051,力特,433,15,418,台新-台南,2023-11-29,8159
2834,臺企銀,261,2,259,台新-台南,2023-11-29,8159
00882,中信中國高股息,217,3,214,台新-台南,2023-11-29,8159
2883,凱基金,234,65,169,台新-台南,2023-11-29,8159
4167,松瑞藥,382,247,135,台新-台南,2023-11-29,8159
1616,億泰,104,7,97,台新-台南,2023-11-29,8159
00632R,元大台灣50反1,215,140,75,台新-台南,2023-11-29,8159
8064,東捷,63,0,63,台新-台南,2023-11-29,8159
3231,緯創,85,32,53,台新-台南,2023-11-29,8159
4919,新唐,77,27,50,台新-台南,2023-11-29,8159
3147,大綜,45,4,41,台新-台南,2023-11-29,8159
9955,佳龍,71,30,41,台新-台南,2023-11-29,8159
00673R,期元大S＆P原油反1,60,20,40,台新-台南,2023-11-29,8159
6578,達邦蛋白,40,1,39,台新-台南,2023-11-29,8159
2618,長榮航,55,17,38,台新-台南,2023-11-29,8159
1101,台泥,43,6,37,台新-台南,2023-11-29,8159
2460,建通,45,8,37,台新-台南,2023-11-29,8159
1524,耿鼎,38,2,36,台新-台南,2023-11-29,8159
5351,鈺創,84,48,36,台新-台南,2023-11-29,8159
00665L,富邦�琤肭磪囓�2,80,46,34,台新-台南,2023-11-29,8159
3163,波若威,36,2,34,台新-台南,2023-11-29,8159
6546,正基,35,5,30,台新-台南,2023-11-29,8159
2208,台船,30,0,30,台新-台南,2023-11-29,8159
6185,幃翔,30,0,30,台新-台南,2023-11-29,8159
00679B,元大美債20年,34,5,29,台新-台南,2023-11-29,8159
00637L,元大滬深300正2,29,1,28,台新-台南,2023-11-29,8159
2356,英業達,51,24,27,台新-台南,2023-11-29,8159
6139,亞翔,36,9,27,台新-台南,2023-11-29,8159
3055,蔚華科,28,1,27,台新-台南,2023-11-29,8159
6125,廣運,31,5,26,台新-台南,2023-11-29,8159
00919,群益台灣精選高息,87,62,25,台新-台南,2023-11-29,8159
1319,東陽,27,3,24,台新-台南,2023-11-29,8159
00712,復華富時不動產,23,0,23,台新-台南,2023-11-29,8159
1785,光洋科,22,0,22,台新-台南,2023-11-29,8159
3035,智原,102,81,21,台新-台南,2023-11-29,8159
00662,富邦NASDAQ,20,0,20,台新-台南,2023-11-29,8159
00676R,富邦臺灣加權反1,20,0,20,台新-台南,2023-11-29,8159
4130,健亞,20,0,20,台新-台南,2023-11-29,8159
5340,建榮,20,0,20,台新-台南,2023-11-29,8159
6282,康舒,57,37,20,台新-台南,2023-11-29,8159
00713,元大台灣高息低波,22,3,19,台新-台南,2023-11-29,8159
2313,華通,192,174,18,台新-台南,2023-11-29,8159
5347,世界,27,9,18,台新-台南,2023-11-29,8159
4133,亞諾法,18,1,17,台新-台南,2023-11-29,8159
8936,國統,19,3,16,台新-台南,2023-11-29,8159
6243,迅杰,91,75,16,台新-台南,2023-11-29,8159
2492,華新科,66,50,16,台新-台南,2023-11-29,8159
3325,旭品,15,0,15,台新-台南,2023-11-29,8159
1440,南紡,20,5,15,台新-台南,2023-11-29,8159
2332,友訊,15,0,15,台新-台南,2023-11-29,8159
4167,松瑞藥,514,165,349,台新-台南,2023-11-30,8159
00919,群益台灣精選高息,171,18,153,台新-台南,2023-11-30,8159
2313,華通,390,248,142,台新-台南,2023-11-30,8159
00934,中信成長高股息,133,0,133,台新-台南,2023-11-30,8159
00679B,元大美債20年,122,6,116,台新-台南,2023-11-30,8159
3481,群創,154,44,110,台新-台南,2023-11-30,8159
3705,永信,83,0,83,台新-台南,2023-11-30,8159
2208,台船,70,1,69,台新-台南,2023-11-30,8159
00882,中信中國高股息,65,0,65,台新-台南,2023-11-30,8159
2329,華泰,598,533,65,台新-台南,2023-11-30,8159
3013,晟銘電,84,19,65,台新-台南,2023-11-30,8159
4162,智擎,63,3,60,台新-台南,2023-11-30,8159
00673R,期元大S＆P原油反1,53,0,53,台新-台南,2023-11-30,8159
1314,中石化,46,0,46,台新-台南,2023-11-30,8159
3567,逸昌,46,0,46,台新-台南,2023-11-30,8159
00706L,期元大S＆P日圓正2,101,57,44,台新-台南,2023-11-30,8159
3032,偉訓,55,15,40,台新-台南,2023-11-30,8159
00650L,復華香港正2,40,0,40,台新-台南,2023-11-30,8159
2303,聯電,44,5,39,台新-台南,2023-11-30,8159
3260,威剛,78,41,37,台新-台南,2023-11-30,8159
3231,緯創,52,19,33,台新-台南,2023-11-30,8159
4503,金雨,55,23,32,台新-台南,2023-11-30,8159
2376,技嘉,90,59,31,台新-台南,2023-11-30,8159
2337,旺宏,33,3,30,台新-台南,2023-11-30,8159
2392,正崴,30,3,27,台新-台南,2023-11-30,8159
6243,迅杰,31,5,26,台新-台南,2023-11-30,8159
4130,健亞,25,0,25,台新-台南,2023-11-30,8159
2412,中華電,25,0,25,台新-台南,2023-11-30,8159
2359,所羅門,29,5,24,台新-台南,2023-11-30,8159
2492,華新科,92,68,24,台新-台南,2023-11-30,8159
2388,威盛,71,47,24,台新-台南,2023-11-30,8159
3163,波若威,35,12,23,台新-台南,2023-11-30,8159
0056,元大高股息,25,3,22,台新-台南,2023-11-30,8159
2409,友達,23,2,21,台新-台南,2023-11-30,8159
6538,倉和,63,42,21,台新-台南,2023-11-30,8159
5347,世界,36,16,20,台新-台南,2023-11-30,8159
00676R,富邦臺灣加權反1,20,0,20,台新-台南,2023-11-30,8159
2458,義隆,27,9,18,台新-台南,2023-11-30,8159
00931B,統一美債20年,19,1,18,台新-台南,2023-11-30,8159
6278,台表科,22,4,18,台新-台南,2023-11-30,8159
00687B,國泰20年美債,21,4,17,台新-台南,2023-11-30,8159
2201,裕隆,20,3,17,台新-台南,2023-11-30,8159
2609,陽明,19,3,16,台新-台南,2023-11-30,8159
3373,熱映,30,14,16,台新-台南,2023-11-30,8159
2353,宏��,16,1,15,台新-台南,2023-11-30,8159
8074,鉅橡,15,0,15,台新-台南,2023-11-30,8159
5272,笙科,14,0,14,台新-台南,2023-11-30,8159
3715,定穎投控,108,94,14,台新-台南,2023-11-30,8159
4133,亞諾法,14,0,14,台新-台南,2023-11-30,8159
00680L,元大美債20正2,43,30,13,台新-台南,2023-11-30,8159
1101,台泥,398,0,398,台新-台南,2023-12-01,8159
2887,台新金,319,30,289,台新-台南,2023-12-01,8159
00680L,元大美債20正2,278,100,178,台新-台南,2023-12-01,8159
00919,群益台灣精選高息,184,9,175,台新-台南,2023-12-01,8159
2355,敬鵬,207,51,156,台新-台南,2023-12-01,8159
00929,復華台灣科技優息,135,47,88,台新-台南,2023-12-01,8159
00679B,元大美債20年,80,2,78,台新-台南,2023-12-01,8159
00915,凱基優選高股息30,76,6,70,台新-台南,2023-12-01,8159
00715L,期街口布蘭特正2,84,17,67,台新-台南,2023-12-01,8159
00706L,期元大S＆P日圓正2,72,6,66,台新-台南,2023-12-01,8159
2363,矽統,95,36,59,台新-台南,2023-12-01,8159
5328,華容,151,106,45,台新-台南,2023-12-01,8159
2317,鴻海,46,4,42,台新-台南,2023-12-01,8159
3545,敦泰,60,23,37,台新-台南,2023-12-01,8159
4303,信立,36,0,36,台新-台南,2023-12-01,8159
3041,揚智,112,76,36,台新-台南,2023-12-01,8159
2002,中鋼,40,5,35,台新-台南,2023-12-01,8159
2457,飛宏,39,5,34,台新-台南,2023-12-01,8159
2462,良得電,50,16,34,台新-台南,2023-12-01,8159
2353,宏��,39,6,33,台新-台南,2023-12-01,8159
2618,長榮航,46,15,31,台新-台南,2023-12-01,8159
00795B,中信美國公債20年,30,0,30,台新-台南,2023-12-01,8159
3705,永信,30,0,30,台新-台南,2023-12-01,8159
00687B,國泰20年美債,49,21,28,台新-台南,2023-12-01,8159
6901,鑽石投資,35,7,28,台新-台南,2023-12-01,8159
00878,國泰永續高股息,96,69,27,台新-台南,2023-12-01,8159
2027,大成鋼,39,12,27,台新-台南,2023-12-01,8159
00935,野村臺灣新科技50,25,0,25,台新-台南,2023-12-01,8159
3005,神基,26,2,24,台新-台南,2023-12-01,8159
2888,新光金,50,28,22,台新-台南,2023-12-01,8159
2883,凱基金,38,17,21,台新-台南,2023-12-01,8159
3017,奇鋐,34,13,21,台新-台南,2023-12-01,8159
3552,同致,22,1,21,台新-台南,2023-12-01,8159
2231,為升,21,1,20,台新-台南,2023-12-01,8159
00676R,富邦臺灣加權反1,20,0,20,台新-台南,2023-12-01,8159
4133,亞諾法,26,6,20,台新-台南,2023-12-01,8159
6185,幃翔,20,0,20,台新-台南,2023-12-01,8159
2376,技嘉,73,53,20,台新-台南,2023-12-01,8159
1316,上曜,54,35,19,台新-台南,2023-12-01,8159
00934,中信成長高股息,22,3,19,台新-台南,2023-12-01,8159
3260,威剛,29,10,19,台新-台南,2023-12-01,8159
1760,寶齡富錦,27,8,19,台新-台南,2023-12-01,8159
00882,中信中國高股息,23,4,19,台新-台南,2023-12-01,8159
3138,耀登,22,3,19,台新-台南,2023-12-01,8159
6125,廣運,34,16,18,台新-台南,2023-12-01,8159
1463,強盛新,18,0,18,台新-台南,2023-12-01,8159
1326,台化,17,0,17,台新-台南,2023-12-01,8159
1522,堤維西,17,0,17,台新-台南,2023-12-01,8159
2413,環科,17,0,17,台新-台南,2023-12-01,8159
00885,富邦越南,17,0,17,台新-台南,2023-12-01,8159
2609,陽明,352,37,315,台新-台南,2023-12-04,8159
00715L,期街口布蘭特正2,236,7,229,台新-台南,2023-12-04,8159
2887,台新金,191,1,190,台新-台南,2023-12-04,8159
00929,復華台灣科技優息,213,57,156,台新-台南,2023-12-04,8159
2883,凱基金,130,46,84,台新-台南,2023-12-04,8159
1524,耿鼎,160,87,73,台新-台南,2023-12-04,8159
00687B,國泰20年美債,60,0,60,台新-台南,2023-12-04,8159
00882,中信中國高股息,60,1,59,台新-台南,2023-12-04,8159
1504,東元,49,0,49,台新-台南,2023-12-04,8159
2618,長榮航,115,70,45,台新-台南,2023-12-04,8159
2363,矽統,94,49,45,台新-台南,2023-12-04,8159
00680L,元大美債20正2,123,80,43,台新-台南,2023-12-04,8159
3013,晟銘電,273,232,41,台新-台南,2023-12-04,8159
2606,裕民,103,63,40,台新-台南,2023-12-04,8159
9919,康那香,174,134,40,台新-台南,2023-12-04,8159
3058,立德,41,2,39,台新-台南,2023-12-04,8159
00688L,國泰20年美債正2,104,66,38,台新-台南,2023-12-04,8159
00679B,元大美債20年,45,7,38,台新-台南,2023-12-04,8159
00919,群益台灣精選高息,128,92,36,台新-台南,2023-12-04,8159
00918,大華優利高填息30,33,0,33,台新-台南,2023-12-04,8159
6901,鑽石投資,48,16,32,台新-台南,2023-12-04,8159
6125,廣運,99,69,30,台新-台南,2023-12-04,8159
4303,信立,29,0,29,台新-台南,2023-12-04,8159
00720B,元大投資級公司債,34,6,28,台新-台南,2023-12-04,8159
1316,上曜,54,28,26,台新-台南,2023-12-04,8159
2355,敬鵬,343,318,25,台新-台南,2023-12-04,8159
2610,華航,49,24,25,台新-台南,2023-12-04,8159
2421,建準,26,1,25,台新-台南,2023-12-04,8159
1605,華新,35,11,24,台新-台南,2023-12-04,8159
1616,億泰,28,4,24,台新-台南,2023-12-04,8159
3567,逸昌,26,2,24,台新-台南,2023-12-04,8159
3706,神達,44,21,23,台新-台南,2023-12-04,8159
6243,迅杰,24,2,22,台新-台南,2023-12-04,8159
2367,燿華,166,144,22,台新-台南,2023-12-04,8159
0056,元大高股息,32,11,21,台新-台南,2023-12-04,8159
1609,大亞,21,1,20,台新-台南,2023-12-04,8159
1528,恩德,20,0,20,台新-台南,2023-12-04,8159
2867,三商壽,30,10,20,台新-台南,2023-12-04,8159
2906,高林,20,0,20,台新-台南,2023-12-04,8159
00753L,中信中國50正2,19,0,19,台新-台南,2023-12-04,8159
5328,華容,29,10,19,台新-台南,2023-12-04,8159
2382,廣達,53,35,18,台新-台南,2023-12-04,8159
3059,華晶科,19,1,18,台新-台南,2023-12-04,8159
6163,華電網,21,4,17,台新-台南,2023-12-04,8159
5608,四維航,57,40,17,台新-台南,2023-12-04,8159
6235,華孚,22,6,16,台新-台南,2023-12-04,8159
3017,奇鋐,23,8,15,台新-台南,2023-12-04,8159
3545,敦泰,34,19,15,台新-台南,2023-12-04,8159
00650L,復華香港正2,15,0,15,台新-台南,2023-12-04,8159
4908,前鼎,17,2,15,台新-台南,2023-12-04,8159
1522,堤維西,911,134,777,台新-台南,2023-12-05,8159
00937B,群益ESG投等債20,560,135,425,台新-台南,2023-12-05,8159
00936,台新永續高息中小,334,5,329,台新-台南,2023-12-05,8159
00919,群益台灣精選高息,245,6,239,台新-台南,2023-12-05,8159
00882,中信中國高股息,131,3,128,台新-台南,2023-12-05,8159
00929,復華台灣科技優息,143,22,121,台新-台南,2023-12-05,8159
2601,益航,356,249,107,台新-台南,2023-12-05,8159
00751B,元大AAA至A公司債,106,3,103,台新-台南,2023-12-05,8159
00664R,國泰臺灣加權反1,100,0,100,台新-台南,2023-12-05,8159
00687B,國泰20年美債,98,5,93,台新-台南,2023-12-05,8159
2520,冠德,89,5,84,台新-台南,2023-12-05,8159
00918,大華優利高填息30,81,1,80,台新-台南,2023-12-05,8159
2883,凱基金,285,205,80,台新-台南,2023-12-05,8159
3380,明泰,80,1,79,台新-台南,2023-12-05,8159
2208,台船,96,17,79,台新-台南,2023-12-05,8159
2888,新光金,77,1,76,台新-台南,2023-12-05,8159
3390,旭軟,84,10,74,台新-台南,2023-12-05,8159
00715L,期街口布蘭特正2,66,0,66,台新-台南,2023-12-05,8159
1529,樂事綠能,74,8,66,台新-台南,2023-12-05,8159
2617,台航,108,45,63,台新-台南,2023-12-05,8159
2337,旺宏,58,0,58,台新-台南,2023-12-05,8159
00934,中信成長高股息,55,1,54,台新-台南,2023-12-05,8159
3705,永信,53,0,53,台新-台南,2023-12-05,8159
6108,競國,46,2,44,台新-台南,2023-12-05,8159
1605,華新,48,4,44,台新-台南,2023-12-05,8159
2352,佳世達,43,1,42,台新-台南,2023-12-05,8159
2618,長榮航,61,20,41,台新-台南,2023-12-05,8159
1905,華紙,46,7,39,台新-台南,2023-12-05,8159
4303,信立,38,0,38,台新-台南,2023-12-05,8159
4533,協易機,42,5,37,台新-台南,2023-12-05,8159
00922,國泰台灣領袖50,37,1,36,台新-台南,2023-12-05,8159
6241,易通展,38,2,36,台新-台南,2023-12-05,8159
2610,華航,36,3,33,台新-台南,2023-12-05,8159
3231,緯創,75,44,31,台新-台南,2023-12-05,8159
2515,中工,31,0,31,台新-台南,2023-12-05,8159
1785,光洋科,32,1,31,台新-台南,2023-12-05,8159
00650L,復華香港正2,35,6,29,台新-台南,2023-12-05,8159
1727,中華化,30,4,26,台新-台南,2023-12-05,8159
00665L,富邦�琤肭磪囓�2,34,8,26,台新-台南,2023-12-05,8159
00931B,統一美債20年,35,11,24,台新-台南,2023-12-05,8159
2801,彰銀,24,0,24,台新-台南,2023-12-05,8159
4939,亞電,36,12,24,台新-台南,2023-12-05,8159
2303,聯電,24,0,24,台新-台南,2023-12-05,8159
3715,定穎投控,39,16,23,台新-台南,2023-12-05,8159
4133,亞諾法,23,0,23,台新-台南,2023-12-05,8159
1316,上曜,26,3,23,台新-台南,2023-12-05,8159
2542,興富發,23,0,23,台新-台南,2023-12-05,8159
00915,凱基優選高股息30,28,6,22,台新-台南,2023-12-05,8159
8011,台通,20,0,20,台新-台南,2023-12-05,8159
1711,永光,25,5,20,台新-台南,2023-12-05,8159
2867,三商壽,1070,0,1070,台新-台南,2023-12-06,8159
00937B,群益ESG投等債20,432,41,391,台新-台南,2023-12-06,8159
00688L,國泰20年美債正2,280,31,249,台新-台南,2023-12-06,8159
00936,台新永續高息中小,225,27,198,台新-台南,2023-12-06,8159
2355,敬鵬,320,158,162,台新-台南,2023-12-06,8159
00687B,國泰20年美債,170,33,137,台新-台南,2023-12-06,8159
3013,晟銘電,282,161,121,台新-台南,2023-12-06,8159
00715L,期街口布蘭特正2,114,10,104,台新-台南,2023-12-06,8159
4167,松瑞藥,103,8,95,台新-台南,2023-12-06,8159
00857B,永豐20年美公債,92,0,92,台新-台南,2023-12-06,8159
00679B,元大美債20年,89,4,85,台新-台南,2023-12-06,8159
3481,群創,83,19,64,台新-台南,2023-12-06,8159
5347,世界,63,2,61,台新-台南,2023-12-06,8159
00720B,元大投資級公司債,60,1,59,台新-台南,2023-12-06,8159
2409,友達,58,2,56,台新-台南,2023-12-06,8159
2208,台船,59,6,53,台新-台南,2023-12-06,8159
6770,力積電,55,2,53,台新-台南,2023-12-06,8159
1528,恩德,50,0,50,台新-台南,2023-12-06,8159
00637L,元大滬深300正2,60,13,47,台新-台南,2023-12-06,8159
00933B,國泰10Y+金融債,48,3,45,台新-台南,2023-12-06,8159
2615,萬海,50,5,45,台新-台南,2023-12-06,8159
1101,台泥,56,12,44,台新-台南,2023-12-06,8159
4533,協易機,56,12,44,台新-台南,2023-12-06,8159
1785,光洋科,44,1,43,台新-台南,2023-12-06,8159
2329,華泰,117,78,39,台新-台南,2023-12-06,8159
2367,燿華,48,14,34,台新-台南,2023-12-06,8159
5608,四維航,52,19,33,台新-台南,2023-12-06,8159
1727,中華化,32,0,32,台新-台南,2023-12-06,8159
6117,迎廣,80,48,32,台新-台南,2023-12-06,8159
1514,亞力,130,100,30,台新-台南,2023-12-06,8159
2883,凱基金,67,39,28,台新-台南,2023-12-06,8159
2359,所羅門,33,7,26,台新-台南,2023-12-06,8159
2610,華航,50,25,25,台新-台南,2023-12-06,8159
6108,競國,24,1,23,台新-台南,2023-12-06,8159
2543,皇昌,24,1,23,台新-台南,2023-12-06,8159
1316,上曜,24,1,23,台新-台南,2023-12-06,8159
2371,大同,28,6,22,台新-台南,2023-12-06,8159
6219,富旺,22,0,22,台新-台南,2023-12-06,8159
00722B,群益投資級電信債,23,1,22,台新-台南,2023-12-06,8159
2364,倫飛,22,0,22,台新-台南,2023-12-06,8159
1471,首利,20,0,20,台新-台南,2023-12-06,8159
6548,長科*,20,0,20,台新-台南,2023-12-06,8159
00712,復華富時不動產,19,0,19,台新-台南,2023-12-06,8159
8046,南電,25,6,19,台新-台南,2023-12-06,8159
1589,永冠-KY,18,0,18,台新-台南,2023-12-06,8159
3615,安可,18,0,18,台新-台南,2023-12-06,8159
1815,富喬,19,2,17,台新-台南,2023-12-06,8159
3035,智原,37,20,17,台新-台南,2023-12-06,8159
2354,鴻準,69,53,16,台新-台南,2023-12-06,8159
2352,佳世達,17,1,16,台新-台南,2023-12-06,8159
00919,群益台灣精選高息,391,42,349,台新-台南,2023-12-07,8159
6605,帝寶,233,2,231,台新-台南,2023-12-07,8159
00715L,期街口布蘭特正2,245,100,145,台新-台南,2023-12-07,8159
00937B,群益ESG投等債20,201,84,117,台新-台南,2023-12-07,8159
00679B,元大美債20年,123,23,100,台新-台南,2023-12-07,8159
00882,中信中國高股息,105,8,97,台新-台南,2023-12-07,8159
00687B,國泰20年美債,113,17,96,台新-台南,2023-12-07,8159
3013,晟銘電,265,175,90,台新-台南,2023-12-07,8159
2354,鴻準,81,0,81,台新-台南,2023-12-07,8159
00933B,國泰10Y+金融債,74,0,74,台新-台南,2023-12-07,8159
00918,大華優利高填息30,72,0,72,台新-台南,2023-12-07,8159
1101,台泥,78,8,70,台新-台南,2023-12-07,8159
1605,華新,86,18,68,台新-台南,2023-12-07,8159
2816,旺旺保,67,2,65,台新-台南,2023-12-07,8159
1591,駿吉-KY,54,0,54,台新-台南,2023-12-07,8159
00642U,期元大S＆P石油,53,0,53,台新-台南,2023-12-07,8159
1504,東元,88,40,48,台新-台南,2023-12-07,8159
3041,揚智,120,76,44,台新-台南,2023-12-07,8159
1314,中石化,43,0,43,台新-台南,2023-12-07,8159
3481,群創,65,22,43,台新-台南,2023-12-07,8159
1616,億泰,55,13,42,台新-台南,2023-12-07,8159
00712,復華富時不動產,95,56,39,台新-台南,2023-12-07,8159
3705,永信,40,1,39,台新-台南,2023-12-07,8159
00878,國泰永續高股息,59,22,37,台新-台南,2023-12-07,8159
2332,友訊,39,3,36,台新-台南,2023-12-07,8159
2330,台積電,37,2,35,台新-台南,2023-12-07,8159
0056,元大高股息,65,30,35,台新-台南,2023-12-07,8159
1618,合機,64,31,33,台新-台南,2023-12-07,8159
00632R,元大台灣50反1,32,0,32,台新-台南,2023-12-07,8159
4426,利勤,32,0,32,台新-台南,2023-12-07,8159
00936,台新永續高息中小,36,5,31,台新-台南,2023-12-07,8159
00650L,復華香港正2,31,0,31,台新-台南,2023-12-07,8159
1319,東陽,175,145,30,台新-台南,2023-12-07,8159
2881,富邦金,33,5,28,台新-台南,2023-12-07,8159
2515,中工,37,10,27,台新-台南,2023-12-07,8159
5347,世界,32,6,26,台新-台南,2023-12-07,8159
3623,富晶通,27,1,26,台新-台南,2023-12-07,8159
1522,堤維西,61,36,25,台新-台南,2023-12-07,8159
4167,松瑞藥,41,18,23,台新-台南,2023-12-07,8159
5328,華容,22,0,22,台新-台南,2023-12-07,8159
00929,復華台灣科技優息,155,133,22,台新-台南,2023-12-07,8159
00720B,元大投資級公司債,50,28,22,台新-台南,2023-12-07,8159
3059,華晶科,26,5,21,台新-台南,2023-12-07,8159
4967,十銓,60,39,21,台新-台南,2023-12-07,8159
6185,幃翔,20,0,20,台新-台南,2023-12-07,8159
2882,國泰金,27,7,20,台新-台南,2023-12-07,8159
1603,華電,23,3,20,台新-台南,2023-12-07,8159
6136,富爾特,20,0,20,台新-台南,2023-12-07,8159
5009,榮剛,20,0,20,台新-台南,2023-12-07,8159
2352,佳世達,20,2,18,台新-台南,2023-12-07,8159
00637L,元大滬深300正2,206,0,206,台新-台南,2023-12-08,8159
00680L,元大美債20正2,199,45,154,台新-台南,2023-12-08,8159
00937B,群益ESG投等債20,139,1,138,台新-台南,2023-12-08,8159
9105,泰金寶-DR,100,0,100,台新-台南,2023-12-08,8159
00919,群益台灣精選高息,169,74,95,台新-台南,2023-12-08,8159
00664R,國泰臺灣加權反1,80,0,80,台新-台南,2023-12-08,8159
00687B,國泰20年美債,74,7,67,台新-台南,2023-12-08,8159
2605,新興,166,99,67,台新-台南,2023-12-08,8159
2208,台船,70,6,64,台新-台南,2023-12-08,8159
00882,中信中國高股息,61,3,58,台新-台南,2023-12-08,8159
1440,南紡,58,2,56,台新-台南,2023-12-08,8159
2890,永豐金,62,9,53,台新-台南,2023-12-08,8159
4939,亞電,69,16,53,台新-台南,2023-12-08,8159
6116,彩晶,50,0,50,台新-台南,2023-12-08,8159
2609,陽明,60,12,48,台新-台南,2023-12-08,8159
00722B,群益投資級電信債,46,0,46,台新-台南,2023-12-08,8159
8054,安國,149,104,45,台新-台南,2023-12-08,8159
00918,大華優利高填息30,50,11,39,台新-台南,2023-12-08,8159
3706,神達,47,12,35,台新-台南,2023-12-08,8159
4130,健亞,27,0,27,台新-台南,2023-12-08,8159
2606,裕民,34,8,26,台新-台南,2023-12-08,8159
2888,新光金,31,6,25,台新-台南,2023-12-08,8159
2887,台新金,29,5,24,台新-台南,2023-12-08,8159
4167,松瑞藥,24,0,24,台新-台南,2023-12-08,8159
2002,中鋼,21,0,21,台新-台南,2023-12-08,8159
1702,南僑,20,0,20,台新-台南,2023-12-08,8159
3623,富晶通,20,0,20,台新-台南,2023-12-08,8159
2480,敦陽科,20,0,20,台新-台南,2023-12-08,8159
00679B,元大美債20年,28,9,19,台新-台南,2023-12-08,8159
1319,東陽,31,13,18,台新-台南,2023-12-08,8159
2405,輔信,30,13,17,台新-台南,2023-12-08,8159
00772B,中信高評級公司債,17,1,16,台新-台南,2023-12-08,8159
4303,信立,16,0,16,台新-台南,2023-12-08,8159
1815,富喬,27,11,16,台新-台南,2023-12-08,8159
1503,士電,81,65,16,台新-台南,2023-12-08,8159
4533,協易機,35,20,15,台新-台南,2023-12-08,8159
2515,中工,20,5,15,台新-台南,2023-12-08,8159
2329,華泰,70,56,14,台新-台南,2023-12-08,8159
00720B,元大投資級公司債,33,19,14,台新-台南,2023-12-08,8159
8215,明基材,15,1,14,台新-台南,2023-12-08,8159
00753L,中信中國50正2,13,0,13,台新-台南,2023-12-08,8159
6233,旺玖,21,8,13,台新-台南,2023-12-08,8159
2409,友達,22,9,13,台新-台南,2023-12-08,8159
2641,正德,20,7,13,台新-台南,2023-12-08,8159
1314,中石化,13,0,13,台新-台南,2023-12-08,8159
2428,興勤,12,0,12,台新-台南,2023-12-08,8159
2399,映泰,14,2,12,台新-台南,2023-12-08,8159
2303,聯電,17,5,12,台新-台南,2023-12-08,8159
2637,慧洋-KY,24,13,11,台新-台南,2023-12-08,8159
6016,康和證,11,0,11,台新-台南,2023-12-08,8159
00919,群益台灣精選高息,272,43,229,台新-台南,2023-12-11,8159
3051,力特,204,16,188,台新-台南,2023-12-11,8159
2888,新光金,179,13,166,台新-台南,2023-12-11,8159
00688L,國泰20年美債正2,143,6,137,台新-台南,2023-12-11,8159
1101,台泥,139,3,136,台新-台南,2023-12-11,8159
00882,中信中國高股息,156,26,130,台新-台南,2023-12-11,8159
2897,王道銀行,106,0,106,台新-台南,2023-12-11,8159
1440,南紡,100,0,100,台新-台南,2023-12-11,8159
3191,雲嘉南,100,0,100,台新-台南,2023-12-11,8159
00679B,元大美債20年,106,13,93,台新-台南,2023-12-11,8159
00937B,群益ESG投等債20,149,59,90,台新-台南,2023-12-11,8159
2605,新興,121,32,89,台新-台南,2023-12-11,8159
3390,旭軟,88,0,88,台新-台南,2023-12-11,8159
2323,中環,95,7,88,台新-台南,2023-12-11,8159
2618,長榮航,125,47,78,台新-台南,2023-12-11,8159
00680L,元大美債20正2,125,51,74,台新-台南,2023-12-11,8159
6462,神盾,69,10,59,台新-台南,2023-12-11,8159
2363,矽統,90,33,57,台新-台南,2023-12-11,8159
2468,華經,60,4,56,台新-台南,2023-12-11,8159
1524,耿鼎,216,164,52,台新-台南,2023-12-11,8159
4967,十銓,105,54,51,台新-台南,2023-12-11,8159
6016,康和證,50,0,50,台新-台南,2023-12-11,8159
3047,訊舟,49,0,49,台新-台南,2023-12-11,8159
1514,亞力,264,218,46,台新-台南,2023-12-11,8159
2609,陽明,51,5,46,台新-台南,2023-12-11,8159
2002,中鋼,41,1,40,台新-台南,2023-12-11,8159
3494,誠研,40,0,40,台新-台南,2023-12-11,8159
2520,冠德,40,2,38,台新-台南,2023-12-11,8159
00753L,中信中國50正2,38,0,38,台新-台南,2023-12-11,8159
6282,康舒,46,9,37,台新-台南,2023-12-11,8159
5386,青雲,36,0,36,台新-台南,2023-12-11,8159
1616,億泰,43,9,34,台新-台南,2023-12-11,8159
1591,駿吉-KY,33,0,33,台新-台南,2023-12-11,8159
4908,前鼎,67,37,30,台新-台南,2023-12-11,8159
00687B,國泰20年美債,29,0,29,台新-台南,2023-12-11,8159
9941,裕融,27,0,27,台新-台南,2023-12-11,8159
00933B,國泰10Y+金融債,26,0,26,台新-台南,2023-12-11,8159
6243,迅杰,33,8,25,台新-台南,2023-12-11,8159
00665L,富邦�琤肭磪囓�2,35,10,25,台新-台南,2023-12-11,8159
2388,威盛,89,64,25,台新-台南,2023-12-11,8159
00929,復華台灣科技優息,185,161,24,台新-台南,2023-12-11,8159
3032,偉訓,25,2,23,台新-台南,2023-12-11,8159
00772B,中信高評級公司債,23,1,22,台新-台南,2023-12-11,8159
2481,強茂,25,3,22,台新-台南,2023-12-11,8159
1515,力山,51,30,21,台新-台南,2023-12-11,8159
6133,金橋,21,0,21,台新-台南,2023-12-11,8159
3078,僑威,29,9,20,台新-台南,2023-12-11,8159
2380,虹光,20,0,20,台新-台南,2023-12-11,8159
2891,中信金,21,2,19,台新-台南,2023-12-11,8159
00923,群益台ESG低碳50,19,0,19,台新-台南,2023-12-11,8159
00934,中信成長高股息,412,0,412,台新-台南,2023-12-12,8159
00919,群益台灣精選高息,343,18,325,台新-台南,2023-12-12,8159
2888,新光金,236,50,186,台新-台南,2023-12-12,8159
00929,復華台灣科技優息,259,101,158,台新-台南,2023-12-12,8159
3051,力特,148,9,139,台新-台南,2023-12-12,8159
00937B,群益ESG投等債20,157,20,137,台新-台南,2023-12-12,8159
00720B,元大投資級公司債,133,0,133,台新-台南,2023-12-12,8159
5521,工信,538,419,119,台新-台南,2023-12-12,8159
00918,大華優利高填息30,151,36,115,台新-台南,2023-12-12,8159
2313,華通,178,65,113,台新-台南,2023-12-12,8159
00712,復華富時不動產,124,16,108,台新-台南,2023-12-12,8159
3287,廣寰科,108,6,102,台新-台南,2023-12-12,8159
1101,台泥,119,22,97,台新-台南,2023-12-12,8159
2618,長榮航,152,73,79,台新-台南,2023-12-12,8159
8034,榮群,128,61,67,台新-台南,2023-12-12,8159
3265,台星科,64,2,62,台新-台南,2023-12-12,8159
00753L,中信中國50正2,61,0,61,台新-台南,2023-12-12,8159
00680L,元大美債20正2,84,26,58,台新-台南,2023-12-12,8159
6122,擎邦,60,3,57,台新-台南,2023-12-12,8159
5351,鈺創,84,27,57,台新-台南,2023-12-12,8159
2002,中鋼,66,12,54,台新-台南,2023-12-12,8159
00687B,國泰20年美債,51,0,51,台新-台南,2023-12-12,8159
8112,至上,141,91,50,台新-台南,2023-12-12,8159
1314,中石化,50,0,50,台新-台南,2023-12-12,8159
1447,力鵬,40,0,40,台新-台南,2023-12-12,8159
8011,台通,169,130,39,台新-台南,2023-12-12,8159
6129,普誠,36,0,36,台新-台南,2023-12-12,8159
3390,旭軟,35,0,35,台新-台南,2023-12-12,8159
3037,欣興,42,9,33,台新-台南,2023-12-12,8159
2409,友達,37,5,32,台新-台南,2023-12-12,8159
00715L,期街口布蘭特正2,45,14,31,台新-台南,2023-12-12,8159
00752,中信中國50,30,0,30,台新-台南,2023-12-12,8159
00751B,元大AAA至A公司債,28,1,27,台新-台南,2023-12-12,8159
00706L,期元大S＆P日圓正2,26,0,26,台新-台南,2023-12-12,8159
3260,威剛,44,19,25,台新-台南,2023-12-12,8159
3231,緯創,36,11,25,台新-台南,2023-12-12,8159
1608,華榮,137,112,25,台新-台南,2023-12-12,8159
6111,大宇資,26,1,25,台新-台南,2023-12-12,8159
6185,幃翔,30,5,25,台新-台南,2023-12-12,8159
1584,精剛,72,48,24,台新-台南,2023-12-12,8159
8936,國統,46,23,23,台新-台南,2023-12-12,8159
2243,宏旭-KY,26,4,22,台新-台南,2023-12-12,8159
5523,豐謙,22,0,22,台新-台南,2023-12-12,8159
00679B,元大美債20年,44,23,21,台新-台南,2023-12-12,8159
2376,技嘉,37,16,21,台新-台南,2023-12-12,8159
6829,千附精密,21,1,20,台新-台南,2023-12-12,8159
006206,元大上證50,20,0,20,台新-台南,2023-12-12,8159
4967,十銓,42,22,20,台新-台南,2023-12-12,8159
2402,毅嘉,95,76,19,台新-台南,2023-12-12,8159
4720,德淵,26,7,19,台新-台南,2023-12-12,8159
2867,三商壽,1578,40,1538,台新-台南,2023-12-13,8159
00680L,元大美債20正2,334,4,330,台新-台南,2023-12-13,8159
2515,中工,431,110,321,台新-台南,2023-12-13,8159
00715L,期街口布蘭特正2,294,10,284,台新-台南,2023-12-13,8159
00919,群益台灣精選高息,321,76,245,台新-台南,2023-12-13,8159
00688L,國泰20年美債正2,223,5,218,台新-台南,2023-12-13,8159
00934,中信成長高股息,207,63,144,台新-台南,2023-12-13,8159
2618,長榮航,214,71,143,台新-台南,2023-12-13,8159
8096,擎亞,137,7,130,台新-台南,2023-12-13,8159
1440,南紡,110,0,110,台新-台南,2023-12-13,8159
00706L,期元大S＆P日圓正2,100,0,100,台新-台南,2023-12-13,8159
00937B,群益ESG投等債20,87,0,87,台新-台南,2023-12-13,8159
00687B,國泰20年美債,80,0,80,台新-台南,2023-12-13,8159
00933B,國泰10Y+金融債,78,10,68,台新-台南,2023-12-13,8159
3163,波若威,70,3,67,台新-台南,2023-12-13,8159
2838,聯邦銀,52,2,50,台新-台南,2023-12-13,8159
2801,彰銀,50,0,50,台新-台南,2023-12-13,8159
00932,兆豐永續高息等權,50,0,50,台新-台南,2023-12-13,8159
2634,漢翔,69,20,49,台新-台南,2023-12-13,8159
3706,神達,106,60,46,台新-台南,2023-12-13,8159
2816,旺旺保,85,40,45,台新-台南,2023-12-13,8159
2610,華航,49,6,43,台新-台南,2023-12-13,8159
4503,金雨,40,0,40,台新-台南,2023-12-13,8159
00642U,期元大S＆P石油,40,0,40,台新-台南,2023-12-13,8159
2002,中鋼,40,1,39,台新-台南,2023-12-13,8159
2371,大同,54,15,39,台新-台南,2023-12-13,8159
00918,大華優利高填息30,42,6,36,台新-台南,2023-12-13,8159
3017,奇鋐,62,29,33,台新-台南,2023-12-13,8159
6185,幃翔,33,0,33,台新-台南,2023-12-13,8159
2419,仲琦,121,89,32,台新-台南,2023-12-13,8159
2027,大成鋼,32,1,31,台新-台南,2023-12-13,8159
6753,龍德造船,29,0,29,台新-台南,2023-12-13,8159
00936,台新永續高息中小,34,7,27,台新-台南,2023-12-13,8159
3025,星通,43,16,27,台新-台南,2023-12-13,8159
00888,永豐台灣ESG,35,8,27,台新-台南,2023-12-13,8159
00882,中信中國高股息,39,13,26,台新-台南,2023-12-13,8159
5328,華容,27,2,25,台新-台南,2023-12-13,8159
3363,上詮,24,1,23,台新-台南,2023-12-13,8159
3019,亞光,44,22,22,台新-台南,2023-12-13,8159
2603,長榮,32,10,22,台新-台南,2023-12-13,8159
2882,國泰金,21,0,21,台新-台南,2023-12-13,8159
2601,益航,29,8,21,台新-台南,2023-12-13,8159
00720B,元大投資級公司債,22,1,21,台新-台南,2023-12-13,8159
3051,力特,30,10,20,台新-台南,2023-12-13,8159
2323,中環,27,7,20,台新-台南,2023-12-13,8159
00664R,國泰臺灣加權反1,20,0,20,台新-台南,2023-12-13,8159
2344,華邦電,36,18,18,台新-台南,2023-12-13,8159
3715,定穎投控,59,41,18,台新-台南,2023-12-13,8159
2105,正新,20,2,18,台新-台南,2023-12-13,8159
2609,陽明,25,8,17,台新-台南,2023-12-13,8159
00919,群益台灣精選高息,435,76,359,台新-台南,2023-12-14,8159
3051,力特,357,51,306,台新-台南,2023-12-14,8159
2409,友達,238,25,213,台新-台南,2023-12-14,8159
2365,昆盈,355,181,174,台新-台南,2023-12-14,8159
00918,大華優利高填息30,185,14,171,台新-台南,2023-12-14,8159
00679B,元大美債20年,166,13,153,台新-台南,2023-12-14,8159
00935,野村臺灣新科技50,143,0,143,台新-台南,2023-12-14,8159
00687B,國泰20年美債,118,27,91,台新-台南,2023-12-14,8159
3706,神達,101,16,85,台新-台南,2023-12-14,8159
00929,復華台灣科技優息,244,162,82,台新-台南,2023-12-14,8159
2913,農林,117,50,67,台新-台南,2023-12-14,8159
00857B,永豐20年美公債,65,0,65,台新-台南,2023-12-14,8159
1314,中石化,65,2,63,台新-台南,2023-12-14,8159
1514,亞力,114,63,51,台新-台南,2023-12-14,8159
00650L,復華香港正2,50,0,50,台新-台南,2023-12-14,8159
1612,宏泰,54,6,48,台新-台南,2023-12-14,8159
2313,華通,212,165,47,台新-台南,2023-12-14,8159
6290,良維,52,7,45,台新-台南,2023-12-14,8159
00715L,期街口布蘭特正2,72,32,40,台新-台南,2023-12-14,8159
6271,同欣電,40,0,40,台新-台南,2023-12-14,8159
2867,三商壽,50,11,39,台新-台南,2023-12-14,8159
00882,中信中國高股息,39,0,39,台新-台南,2023-12-14,8159
00850,元大臺灣ESG永續,37,0,37,台新-台南,2023-12-14,8159
2801,彰銀,37,0,37,台新-台南,2023-12-14,8159
3390,旭軟,62,26,36,台新-台南,2023-12-14,8159
00878,國泰永續高股息,177,143,34,台新-台南,2023-12-14,8159
5521,工信,158,125,33,台新-台南,2023-12-14,8159
1568,倉佑,31,2,29,台新-台南,2023-12-14,8159
6585,鼎基,29,1,28,台新-台南,2023-12-14,8159
2323,中環,52,24,28,台新-台南,2023-12-14,8159
00933B,國泰10Y+金融債,27,0,27,台新-台南,2023-12-14,8159
3019,亞光,50,23,27,台新-台南,2023-12-14,8159
3529,力旺,26,0,26,台新-台南,2023-12-14,8159
2387,精元,32,6,26,台新-台南,2023-12-14,8159
00937B,群益ESG投等債20,67,42,25,台新-台南,2023-12-14,8159
00936,台新永續高息中小,25,0,25,台新-台南,2023-12-14,8159
3035,智原,86,62,24,台新-台南,2023-12-14,8159
3013,晟銘電,122,99,23,台新-台南,2023-12-14,8159
6770,力積電,66,43,23,台新-台南,2023-12-14,8159
5386,青雲,23,0,23,台新-台南,2023-12-14,8159
6129,普誠,58,36,22,台新-台南,2023-12-14,8159
2641,正德,28,7,21,台新-台南,2023-12-14,8159
5309,系統電,22,1,21,台新-台南,2023-12-14,8159
1316,上曜,20,0,20,台新-台南,2023-12-14,8159
00915,凱基優選高股息30,22,2,20,台新-台南,2023-12-14,8159
2609,陽明,22,3,19,台新-台南,2023-12-14,8159
6243,迅杰,22,3,19,台新-台南,2023-12-14,8159
2889,國票金,21,2,19,台新-台南,2023-12-14,8159
00712,復華富時不動產,86,67,19,台新-台南,2023-12-14,8159
3437,榮創,21,2,19,台新-台南,2023-12-14,8159
00929,復華台灣科技優息,418,176,242,台新-台南,2023-12-15,8159
6605,帝寶,188,0,188,台新-台南,2023-12-15,8159
2365,昆盈,136,8,128,台新-台南,2023-12-15,8159
1718,中纖,124,0,124,台新-台南,2023-12-15,8159
00919,群益台灣精選高息,469,346,123,台新-台南,2023-12-15,8159
2888,新光金,118,1,117,台新-台南,2023-12-15,8159
00751B,元大AAA至A公司債,123,12,111,台新-台南,2023-12-15,8159
00706L,期元大S＆P日圓正2,120,13,107,台新-台南,2023-12-15,8159
1584,精剛,227,123,104,台新-台南,2023-12-15,8159
9105,泰金寶-DR,101,4,97,台新-台南,2023-12-15,8159
2356,英業達,710,616,94,台新-台南,2023-12-15,8159
1522,堤維西,96,8,88,台新-台南,2023-12-15,8159
00934,中信成長高股息,75,7,68,台新-台南,2023-12-15,8159
3625,西勝,62,1,61,台新-台南,2023-12-15,8159
00722B,群益投資級電信債,50,0,50,台新-台南,2023-12-15,8159
0056,元大高股息,79,36,43,台新-台南,2023-12-15,8159
8201,無敵,42,0,42,台新-台南,2023-12-15,8159
2352,佳世達,56,14,42,台新-台南,2023-12-15,8159
3017,奇鋐,77,36,41,台新-台南,2023-12-15,8159
1531,高林股,40,0,40,台新-台南,2023-12-15,8159
2887,台新金,45,7,38,台新-台南,2023-12-15,8159
1316,上曜,35,0,35,台新-台南,2023-12-15,8159
00918,大華優利高填息30,41,8,33,台新-台南,2023-12-15,8159
3047,訊舟,37,4,33,台新-台南,2023-12-15,8159
3372,典範,42,11,31,台新-台南,2023-12-15,8159
6189,豐藝,33,3,30,台新-台南,2023-12-15,8159
00720B,元大投資級公司債,34,4,30,台新-台南,2023-12-15,8159
3260,威剛,62,32,30,台新-台南,2023-12-15,8159
00712,復華富時不動產,253,223,30,台新-台南,2023-12-15,8159
6122,擎邦,31,3,28,台新-台南,2023-12-15,8159
8476,台境*,27,0,27,台新-台南,2023-12-15,8159
5498,凱崴,26,0,26,台新-台南,2023-12-15,8159
6271,同欣電,24,0,24,台新-台南,2023-12-15,8159
2867,三商壽,36,12,24,台新-台南,2023-12-15,8159
2363,矽統,431,407,24,台新-台南,2023-12-15,8159
4746,台耀,27,4,23,台新-台南,2023-12-15,8159
6239,力成,53,30,23,台新-台南,2023-12-15,8159
2402,毅嘉,31,10,21,台新-台南,2023-12-15,8159
1609,大亞,77,56,21,台新-台南,2023-12-15,8159
1560,中砂,24,3,21,台新-台南,2023-12-15,8159
2002,中鋼,182,162,20,台新-台南,2023-12-15,8159
00676R,富邦臺灣加權反1,20,0,20,台新-台南,2023-12-15,8159
8011,台通,30,10,20,台新-台南,2023-12-15,8159
4938,和碩,21,1,20,台新-台南,2023-12-15,8159
00885,富邦越南,19,0,19,台新-台南,2023-12-15,8159
6243,迅杰,24,5,19,台新-台南,2023-12-15,8159
3094,聯傑,20,1,19,台新-台南,2023-12-15,8159
2883,凱基金,159,140,19,台新-台南,2023-12-15,8159
2882,國泰金,20,2,18,台新-台南,2023-12-15,8159
2392,正崴,24,6,18,台新-台南,2023-12-15,8159
00919,群益台灣精選高息,427,88,339,台新-台南,2023-12-18,8159
00929,復華台灣科技優息,509,194,315,台新-台南,2023-12-18,8159
00706L,期元大S＆P日圓正2,205,0,205,台新-台南,2023-12-18,8159
2618,長榮航,273,112,161,台新-台南,2023-12-18,8159
00679B,元大美債20年,194,34,160,台新-台南,2023-12-18,8159
6605,帝寶,127,1,126,台新-台南,2023-12-18,8159
00751B,元大AAA至A公司債,127,9,118,台新-台南,2023-12-18,8159
00933B,國泰10Y+金融債,117,20,97,台新-台南,2023-12-18,8159
1440,南紡,100,5,95,台新-台南,2023-12-18,8159
2605,新興,103,17,86,台新-台南,2023-12-18,8159
00915,凱基優選高股息30,88,11,77,台新-台南,2023-12-18,8159
00687B,國泰20年美債,92,21,71,台新-台南,2023-12-18,8159
2356,英業達,220,151,69,台新-台南,2023-12-18,8159
00720B,元大投資級公司債,90,24,66,台新-台南,2023-12-18,8159
2603,長榮,126,74,52,台新-台南,2023-12-18,8159
00936,台新永續高息中小,75,26,49,台新-台南,2023-12-18,8159
2610,華航,60,11,49,台新-台南,2023-12-18,8159
5469,瀚宇博,66,18,48,台新-台南,2023-12-18,8159
00715L,期街口布蘭特正2,85,38,47,台新-台南,2023-12-18,8159
5351,鈺創,59,12,47,台新-台南,2023-12-18,8159
00937B,群益ESG投等債20,73,27,46,台新-台南,2023-12-18,8159
1909,榮成,80,35,45,台新-台南,2023-12-18,8159
2014,中鴻,271,228,43,台新-台南,2023-12-18,8159
2641,正德,54,13,41,台新-台南,2023-12-18,8159
00907,永豐優息存股,40,0,40,台新-台南,2023-12-18,8159
2388,威盛,52,15,37,台新-台南,2023-12-18,8159
2002,中鋼,85,48,37,台新-台南,2023-12-18,8159
8476,台境*,35,1,34,台新-台南,2023-12-18,8159
2834,臺企銀,33,0,33,台新-台南,2023-12-18,8159
2023,燁輝,67,37,30,台新-台南,2023-12-18,8159
2365,昆盈,30,0,30,台新-台南,2023-12-18,8159
6156,松上,29,0,29,台新-台南,2023-12-18,8159
3047,訊舟,48,19,29,台新-台南,2023-12-18,8159
1907,永豐餘,34,6,28,台新-台南,2023-12-18,8159
2329,華泰,49,22,27,台新-台南,2023-12-18,8159
1460,宏遠,32,5,27,台新-台南,2023-12-18,8159
2889,國票金,26,0,26,台新-台南,2023-12-18,8159
8110,華東,25,0,25,台新-台南,2023-12-18,8159
2104,國際中橡,25,0,25,台新-台南,2023-12-18,8159
00885,富邦越南,29,5,24,台新-台南,2023-12-18,8159
00891,中信關鍵半導體,24,0,24,台新-台南,2023-12-18,8159
2520,冠德,24,0,24,台新-台南,2023-12-18,8159
00918,大華優利高填息30,48,26,22,台新-台南,2023-12-18,8159
3189,景碩,22,0,22,台新-台南,2023-12-18,8159
00935,野村臺灣新科技50,22,1,21,台新-台南,2023-12-18,8159
00650L,復華香港正2,26,5,21,台新-台南,2023-12-18,8159
2312,金寶,221,201,20,台新-台南,2023-12-18,8159
00902,中信電池及儲能,25,6,19,台新-台南,2023-12-18,8159
3231,緯創,45,26,19,台新-台南,2023-12-18,8159
6122,擎邦,18,0,18,台新-台南,2023-12-18,8159
00919,群益台灣精選高息,432,27,405,台新-台南,2023-12-19,8159
8068,全達,286,7,279,台新-台南,2023-12-19,8159
2618,長榮航,309,57,252,台新-台南,2023-12-19,8159
00772B,中信高評級公司債,249,0,249,台新-台南,2023-12-19,8159
00688L,國泰20年美債正2,281,68,213,台新-台南,2023-12-19,8159
8011,台通,235,32,203,台新-台南,2023-12-19,8159
00918,大華優利高填息30,180,9,171,台新-台南,2023-12-19,8159
2883,凱基金,173,8,165,台新-台南,2023-12-19,8159
0056,元大高股息,162,16,146,台新-台南,2023-12-19,8159
00937B,群益ESG投等債20,163,19,144,台新-台南,2023-12-19,8159
00679B,元大美債20年,159,25,134,台新-台南,2023-12-19,8159
00706L,期元大S＆P日圓正2,127,0,127,台新-台南,2023-12-19,8159
00751B,元大AAA至A公司債,135,17,118,台新-台南,2023-12-19,8159
00929,復華台灣科技優息,408,293,115,台新-台南,2023-12-19,8159
2356,英業達,190,84,106,台新-台南,2023-12-19,8159
1440,南紡,100,0,100,台新-台南,2023-12-19,8159
1409,新纖,82,0,82,台新-台南,2023-12-19,8159
00878,國泰永續高股息,114,32,82,台新-台南,2023-12-19,8159
00687B,國泰20年美債,82,10,72,台新-台南,2023-12-19,8159
00795B,中信美國公債20年,75,3,72,台新-台南,2023-12-19,8159
4915,致伸,75,5,70,台新-台南,2023-12-19,8159
2610,華航,81,12,69,台新-台南,2023-12-19,8159
00936,台新永續高息中小,67,2,65,台新-台南,2023-12-19,8159
2337,旺宏,57,1,56,台新-台南,2023-12-19,8159
2352,佳世達,57,3,54,台新-台南,2023-12-19,8159
00662,富邦NASDAQ,49,0,49,台新-台南,2023-12-19,8159
00666R,富邦�琤肭磪齯�1,40,0,40,台新-台南,2023-12-19,8159
00654R,富邦印度反1,38,0,38,台新-台南,2023-12-19,8159
6605,帝寶,37,0,37,台新-台南,2023-12-19,8159
2887,台新金,37,0,37,台新-台南,2023-12-19,8159
2409,友達,45,10,35,台新-台南,2023-12-19,8159
6243,迅杰,36,3,33,台新-台南,2023-12-19,8159
00713,元大台灣高息低波,36,3,33,台新-台南,2023-12-19,8159
00933B,國泰10Y+金融債,39,7,32,台新-台南,2023-12-19,8159
00882,中信中國高股息,40,9,31,台新-台南,2023-12-19,8159
1528,恩德,30,0,30,台新-台南,2023-12-19,8159
00651R,復華香港反1,30,0,30,台新-台南,2023-12-19,8159
00720B,元大投資級公司債,37,7,30,台新-台南,2023-12-19,8159
2882,國泰金,34,5,29,台新-台南,2023-12-19,8159
6235,華孚,35,7,28,台新-台南,2023-12-19,8159
6111,大宇資,27,1,26,台新-台南,2023-12-19,8159
2365,昆盈,28,2,26,台新-台南,2023-12-19,8159
6129,普誠,27,1,26,台新-台南,2023-12-19,8159
2014,中鴻,132,106,26,台新-台南,2023-12-19,8159
6770,力積電,37,12,25,台新-台南,2023-12-19,8159
3037,欣興,30,5,25,台新-台南,2023-12-19,8159
00637L,元大滬深300正2,31,6,25,台新-台南,2023-12-19,8159
4939,亞電,25,0,25,台新-台南,2023-12-19,8159
2402,毅嘉,34,11,23,台新-台南,2023-12-19,8159
3006,晶豪科,77,55,22,台新-台南,2023-12-19,8159
00919,群益台灣精選高息,217,33,184,台新-台南,2023-12-20,8159
00929,復華台灣科技優息,170,8,162,台新-台南,2023-12-20,8159
00706L,期元大S＆P日圓正2,101,5,96,台新-台南,2023-12-20,8159
2882,國泰金,59,1,58,台新-台南,2023-12-20,8159
4133,亞諾法,63,6,57,台新-台南,2023-12-20,8159
1905,華紙,73,17,56,台新-台南,2023-12-20,8159
2891,中信金,66,12,54,台新-台南,2023-12-20,8159
1326,台化,61,7,54,台新-台南,2023-12-20,8159
2883,凱基金,49,0,49,台新-台南,2023-12-20,8159
2065,世豐,45,0,45,台新-台南,2023-12-20,8159
00923,群益台ESG低碳50,41,0,41,台新-台南,2023-12-20,8159
6139,亞翔,40,0,40,台新-台南,2023-12-20,8159
2338,光罩,39,0,39,台新-台南,2023-12-20,8159
00882,中信中國高股息,37,0,37,台新-台南,2023-12-20,8159
00722B,群益投資級電信債,34,0,34,台新-台南,2023-12-20,8159
4967,十銓,39,5,34,台新-台南,2023-12-20,8159
1514,亞力,57,24,33,台新-台南,2023-12-20,8159
1609,大亞,37,5,32,台新-台南,2023-12-20,8159
6147,頎邦,31,0,31,台新-台南,2023-12-20,8159
6443,元晶,69,40,29,台新-台南,2023-12-20,8159
2362,藍天,34,6,28,台新-台南,2023-12-20,8159
3576,聯合再生,32,4,28,台新-台南,2023-12-20,8159
2897,王道銀行,28,0,28,台新-台南,2023-12-20,8159
2002,中鋼,35,10,25,台新-台南,2023-12-20,8159
8996,高力,23,0,23,台新-台南,2023-12-20,8159
1605,華新,33,10,23,台新-台南,2023-12-20,8159
1815,富喬,25,2,23,台新-台南,2023-12-20,8159
00937B,群益ESG投等債20,45,24,21,台新-台南,2023-12-20,8159
2892,第一金,20,0,20,台新-台南,2023-12-20,8159
6152,百一,20,0,20,台新-台南,2023-12-20,8159
3051,力特,22,2,20,台新-台南,2023-12-20,8159
2637,慧洋-KY,20,0,20,台新-台南,2023-12-20,8159
6239,力成,22,3,19,台新-台南,2023-12-20,8159
00712,復華富時不動產,34,16,18,台新-台南,2023-12-20,8159
1409,新纖,18,0,18,台新-台南,2023-12-20,8159
1721,三晃,20,2,18,台新-台南,2023-12-20,8159
8110,華東,18,0,18,台新-台南,2023-12-20,8159
6243,迅杰,20,2,18,台新-台南,2023-12-20,8159
6285,啟��,22,5,17,台新-台南,2023-12-20,8159
3624,光頡,24,7,17,台新-台南,2023-12-20,8159
1524,耿鼎,18,1,17,台新-台南,2023-12-20,8159
2204,中華,17,1,16,台新-台南,2023-12-20,8159
3162,精確,15,0,15,台新-台南,2023-12-20,8159
2520,冠德,15,0,15,台新-台南,2023-12-20,8159
3047,訊舟,21,6,15,台新-台南,2023-12-20,8159
00751B,元大AAA至A公司債,16,2,14,台新-台南,2023-12-20,8159
2388,威盛,24,10,14,台新-台南,2023-12-20,8159
2460,建通,14,1,13,台新-台南,2023-12-20,8159
2913,農林,13,0,13,台新-台南,2023-12-20,8159
2408,南亞科,12,0,12,台新-台南,2023-12-20,8159
00919,群益台灣精選高息,328,6,322,台新-台南,2023-12-21,8159
00637L,元大滬深300正2,252,0,252,台新-台南,2023-12-21,8159
00929,復華台灣科技優息,205,17,188,台新-台南,2023-12-21,8159
6233,旺玖,118,8,110,台新-台南,2023-12-21,8159
2324,仁寶,182,103,79,台新-台南,2023-12-21,8159
00687B,國泰20年美債,89,12,77,台新-台南,2023-12-21,8159
2312,金寶,98,25,73,台新-台南,2023-12-21,8159
2801,彰銀,71,1,70,台新-台南,2023-12-21,8159
2610,華航,77,10,67,台新-台南,2023-12-21,8159
2516,新建,60,4,56,台新-台南,2023-12-21,8159
2511,太子,55,0,55,台新-台南,2023-12-21,8159
00882,中信中國高股息,56,3,53,台新-台南,2023-12-21,8159
1440,南紡,52,5,47,台新-台南,2023-12-21,8159
00679B,元大美債20年,48,5,43,台新-台南,2023-12-21,8159
0056,元大高股息,38,1,37,台新-台南,2023-12-21,8159
2201,裕隆,36,0,36,台新-台南,2023-12-21,8159
2542,興富發,36,0,36,台新-台南,2023-12-21,8159
9919,康那香,102,67,35,台新-台南,2023-12-21,8159
1101,台泥,39,4,35,台新-台南,2023-12-21,8159
2352,佳世達,50,17,33,台新-台南,2023-12-21,8159
9136,巨騰-DR,30,0,30,台新-台南,2023-12-21,8159
2355,敬鵬,31,2,29,台新-台南,2023-12-21,8159
2883,凱基金,29,0,29,台新-台南,2023-12-21,8159
3035,智原,76,49,27,台新-台南,2023-12-21,8159
2412,中華電,26,0,26,台新-台南,2023-12-21,8159
00650L,復華香港正2,28,3,25,台新-台南,2023-12-21,8159
1603,華電,25,0,25,台新-台南,2023-12-21,8159
2636,台驊控股,69,45,24,台新-台南,2023-12-21,8159
2603,長榮,86,63,23,台新-台南,2023-12-21,8159
2331,精英,68,45,23,台新-台南,2023-12-21,8159
00936,台新永續高息中小,22,0,22,台新-台南,2023-12-21,8159
3032,偉訓,22,0,22,台新-台南,2023-12-21,8159
1504,東元,21,0,21,台新-台南,2023-12-21,8159
2453,凌群,21,0,21,台新-台南,2023-12-21,8159
5353,台林,80,59,21,台新-台南,2023-12-21,8159
00713,元大台灣高息低波,20,0,20,台新-台南,2023-12-21,8159
1721,三晃,20,0,20,台新-台南,2023-12-21,8159
4915,致伸,23,3,20,台新-台南,2023-12-21,8159
6443,元晶,19,0,19,台新-台南,2023-12-21,8159
2387,精元,24,5,19,台新-台南,2023-12-21,8159
3711,日月光投控,21,3,18,台新-台南,2023-12-21,8159
6592,和潤企業,18,0,18,台新-台南,2023-12-21,8159
3645,達邁,23,5,18,台新-台南,2023-12-21,8159
5519,隆大,18,0,18,台新-台南,2023-12-21,8159
00654R,富邦印度反1,17,0,17,台新-台南,2023-12-21,8159
2380,虹光,17,0,17,台新-台南,2023-12-21,8159
3265,台星科,20,3,17,台新-台南,2023-12-21,8159
00751B,元大AAA至A公司債,18,1,17,台新-台南,2023-12-21,8159
2330,台積電,19,2,17,台新-台南,2023-12-21,8159
2365,昆盈,21,5,16,台新-台南,2023-12-21,8159
00680L,元大美債20正2,2224,65,2159,台新-台南,2023-12-22,8159
5009,榮剛,230,87,143,台新-台南,2023-12-22,8159
1905,華紙,148,6,142,台新-台南,2023-12-22,8159
00933B,國泰10Y+金融債,87,5,82,台新-台南,2023-12-22,8159
8182,加高,79,0,79,台新-台南,2023-12-22,8159
2356,英業達,203,130,73,台新-台南,2023-12-22,8159
00929,復華台灣科技優息,76,11,65,台新-台南,2023-12-22,8159
1440,南紡,61,0,61,台新-台南,2023-12-22,8159
4167,松瑞藥,65,5,60,台新-台南,2023-12-22,8159
2609,陽明,616,563,53,台新-台南,2023-12-22,8159
2313,華通,55,7,48,台新-台南,2023-12-22,8159
1314,中石化,52,6,46,台新-台南,2023-12-22,8159
00937B,群益ESG投等債20,72,30,42,台新-台南,2023-12-22,8159
2355,敬鵬,115,75,40,台新-台南,2023-12-22,8159
2634,漢翔,54,15,39,台新-台南,2023-12-22,8159
6129,普誠,38,1,37,台新-台南,2023-12-22,8159
6139,亞翔,44,10,34,台新-台南,2023-12-22,8159
2867,三商壽,32,0,32,台新-台南,2023-12-22,8159
00753L,中信中國50正2,36,5,31,台新-台南,2023-12-22,8159
2387,精元,31,1,30,台新-台南,2023-12-22,8159
2605,新興,40,10,30,台新-台南,2023-12-22,8159
1326,台化,28,0,28,台新-台南,2023-12-22,8159
1524,耿鼎,36,8,28,台新-台南,2023-12-22,8159
2516,新建,28,0,28,台新-台南,2023-12-22,8159
2637,慧洋-KY,34,7,27,台新-台南,2023-12-22,8159
2367,燿華,30,3,27,台新-台南,2023-12-22,8159
2363,矽統,35,10,25,台新-台南,2023-12-22,8159
00650L,復華香港正2,25,0,25,台新-台南,2023-12-22,8159
1316,上曜,25,0,25,台新-台南,2023-12-22,8159
8277,商丞,30,5,25,台新-台南,2023-12-22,8159
2506,太設,56,33,23,台新-台南,2023-12-22,8159
00934,中信成長高股息,25,2,23,台新-台南,2023-12-22,8159
2324,仁寶,42,20,22,台新-台南,2023-12-22,8159
00720B,元大投資級公司債,33,11,22,台新-台南,2023-12-22,8159
1714,和桐,22,0,22,台新-台南,2023-12-22,8159
2344,華邦電,105,83,22,台新-台南,2023-12-22,8159
2801,彰銀,21,0,21,台新-台南,2023-12-22,8159
6546,正基,45,25,20,台新-台南,2023-12-22,8159
00676R,富邦臺灣加權反1,20,0,20,台新-台南,2023-12-22,8159
6026,福邦證,20,0,20,台新-台南,2023-12-22,8159
00919,群益台灣精選高息,120,100,20,台新-台南,2023-12-22,8159
5608,四維航,35,16,19,台新-台南,2023-12-22,8159
3576,聯合再生,19,0,19,台新-台南,2023-12-22,8159
00931B,統一美債20年,18,0,18,台新-台南,2023-12-22,8159
2891,中信金,19,1,18,台新-台南,2023-12-22,8159
1308,亞聚,18,0,18,台新-台南,2023-12-22,8159
6024,群益期,18,0,18,台新-台南,2023-12-22,8159
2408,南亞科,52,34,18,台新-台南,2023-12-22,8159
00936,台新永續高息中小,21,3,18,台新-台南,2023-12-22,8159
00665L,富邦�琤肭磪囓�2,117,99,18,台新-台南,2023-12-22,8159
00919,群益台灣精選高息,233,35,198,台新-台南,2023-12-25,8159
00929,復華台灣科技優息,172,21,151,台新-台南,2023-12-25,8159
2609,陽明,540,412,128,台新-台南,2023-12-25,8159
2867,三商壽,151,31,120,台新-台南,2023-12-25,8159
4960,誠美材,100,1,99,台新-台南,2023-12-25,8159
0056,元大高股息,112,22,90,台新-台南,2023-12-25,8159
00680L,元大美債20正2,67,0,67,台新-台南,2023-12-25,8159
00934,中信成長高股息,150,85,65,台新-台南,2023-12-25,8159
2027,大成鋼,98,35,63,台新-台南,2023-12-25,8159
00687B,國泰20年美債,76,16,60,台新-台南,2023-12-25,8159
2882,國泰金,59,0,59,台新-台南,2023-12-25,8159
00679B,元大美債20年,50,9,41,台新-台南,2023-12-25,8159
2030,彰源,41,1,40,台新-台南,2023-12-25,8159
2515,中工,68,29,39,台新-台南,2023-12-25,8159
00712,復華富時不動產,38,0,38,台新-台南,2023-12-25,8159
2610,華航,114,76,38,台新-台南,2023-12-25,8159
00923,群益台ESG低碳50,37,0,37,台新-台南,2023-12-25,8159
3576,聯合再生,34,0,34,台新-台南,2023-12-25,8159
1524,耿鼎,38,4,34,台新-台南,2023-12-25,8159
4720,德淵,36,2,34,台新-台南,2023-12-25,8159
00713,元大台灣高息低波,33,0,33,台新-台南,2023-12-25,8159
2208,台船,31,1,30,台新-台南,2023-12-25,8159
00715L,期街口布蘭特正2,29,2,27,台新-台南,2023-12-25,8159
2641,正德,32,5,27,台新-台南,2023-12-25,8159
1514,亞力,59,33,26,台新-台南,2023-12-25,8159
00933B,國泰10Y+金融債,64,38,26,台新-台南,2023-12-25,8159
2412,中華電,26,1,25,台新-台南,2023-12-25,8159
2356,英業達,219,195,24,台新-台南,2023-12-25,8159
6117,迎廣,56,32,24,台新-台南,2023-12-25,8159
2382,廣達,104,81,23,台新-台南,2023-12-25,8159
2324,仁寶,414,392,22,台新-台南,2023-12-25,8159
8088,品安,49,27,22,台新-台南,2023-12-25,8159
4714,永捷,21,0,21,台新-台南,2023-12-25,8159
00882,中信中國高股息,20,0,20,台新-台南,2023-12-25,8159
2498,宏達電,68,48,20,台新-台南,2023-12-25,8159
6139,亞翔,23,4,19,台新-台南,2023-12-25,8159
5521,工信,49,30,19,台新-台南,2023-12-25,8159
4303,信立,91,72,19,台新-台南,2023-12-25,8159
00936,台新永續高息中小,35,16,19,台新-台南,2023-12-25,8159
00795B,中信美國公債20年,17,0,17,台新-台南,2023-12-25,8159
6535,順藥,17,0,17,台新-台南,2023-12-25,8159
00720B,元大投資級公司債,17,1,16,台新-台南,2023-12-25,8159
6248,沛波,23,8,15,台新-台南,2023-12-25,8159
3051,力特,23,8,15,台新-台南,2023-12-25,8159
4129,聯合,15,0,15,台新-台南,2023-12-25,8159
5009,榮剛,52,38,14,台新-台南,2023-12-25,8159
6282,康舒,15,1,14,台新-台南,2023-12-25,8159
4979,華星光,14,0,14,台新-台南,2023-12-25,8159
2408,南亞科,14,1,13,台新-台南,2023-12-25,8159
9904,寶成,14,1,13,台新-台南,2023-12-25,8159
00688L,國泰20年美債正2,305,1,304,台新-台南,2023-12-26,8159
00680L,元大美債20正2,129,22,107,台新-台南,2023-12-26,8159
00929,復華台灣科技優息,177,76,101,台新-台南,2023-12-26,8159
2609,陽明,391,297,94,台新-台南,2023-12-26,8159
1440,南紡,92,2,90,台新-台南,2023-12-26,8159
2867,三商壽,91,5,86,台新-台南,2023-12-26,8159
9934,成霖,70,4,66,台新-台南,2023-12-26,8159
00795B,中信美國公債20年,64,2,62,台新-台南,2023-12-26,8159
2520,冠德,61,0,61,台新-台南,2023-12-26,8159
4303,信立,60,0,60,台新-台南,2023-12-26,8159
00687B,國泰20年美債,59,0,59,台新-台南,2023-12-26,8159
00933B,國泰10Y+金融債,83,27,56,台新-台南,2023-12-26,8159
2363,矽統,61,11,50,台新-台南,2023-12-26,8159
2515,中工,111,69,42,台新-台南,2023-12-26,8159
3032,偉訓,41,0,41,台新-台南,2023-12-26,8159
5351,鈺創,54,15,39,台新-台南,2023-12-26,8159
00712,復華富時不動產,36,0,36,台新-台南,2023-12-26,8159
00915,凱基優選高股息30,32,0,32,台新-台南,2023-12-26,8159
00676R,富邦臺灣加權反1,30,0,30,台新-台南,2023-12-26,8159
2610,華航,63,33,30,台新-台南,2023-12-26,8159
3645,達邁,27,0,27,台新-台南,2023-12-26,8159
6462,神盾,43,17,26,台新-台南,2023-12-26,8159
00922,國泰台灣領袖50,30,6,24,台新-台南,2023-12-26,8159
1210,大成,25,3,22,台新-台南,2023-12-26,8159
1514,亞力,28,7,21,台新-台南,2023-12-26,8159
8277,商丞,20,0,20,台新-台南,2023-12-26,8159
6191,精成科,19,1,18,台新-台南,2023-12-26,8159
3083,網龍,18,0,18,台新-台南,2023-12-26,8159
2888,新光金,58,41,17,台新-台南,2023-12-26,8159
8476,台境*,17,0,17,台新-台南,2023-12-26,8159
5328,華容,17,0,17,台新-台南,2023-12-26,8159
2618,長榮航,59,43,16,台新-台南,2023-12-26,8159
00919,群益台灣精選高息,54,39,15,台新-台南,2023-12-26,8159
3363,上詮,16,1,15,台新-台南,2023-12-26,8159
5457,宣德,15,0,15,台新-台南,2023-12-26,8159
6492,生華科,15,0,15,台新-台南,2023-12-26,8159
3530,晶相光,21,6,15,台新-台南,2023-12-26,8159
00720B,元大投資級公司債,17,3,14,台新-台南,2023-12-26,8159
6290,良維,29,16,13,台新-台南,2023-12-26,8159
2605,新興,38,25,13,台新-台南,2023-12-26,8159
2892,第一金,12,0,12,台新-台南,2023-12-26,8159
2002,中鋼,14,2,12,台新-台南,2023-12-26,8159
2889,國票金,17,5,12,台新-台南,2023-12-26,8159
6282,康舒,14,2,12,台新-台南,2023-12-26,8159
1504,東元,12,0,12,台新-台南,2023-12-26,8159
2371,大同,13,2,11,台新-台南,2023-12-26,8159
00751B,元大AAA至A公司債,11,0,11,台新-台南,2023-12-26,8159
1815,富喬,24,13,11,台新-台南,2023-12-26,8159
8085,福華,14,3,11,台新-台南,2023-12-26,8159
3036,文曄,12,2,10,台新-台南,2023-12-26,8159
00937B,群益ESG投等債20,422,11,411,台新-台南,2023-12-27,8159
2353,宏��,545,253,292,台新-台南,2023-12-27,8159
2618,長榮航,352,83,269,台新-台南,2023-12-27,8159
2511,太子,200,0,200,台新-台南,2023-12-27,8159
00919,群益台灣精選高息,205,22,183,台新-台南,2023-12-27,8159
1905,華紙,107,1,106,台新-台南,2023-12-27,8159
1440,南紡,85,0,85,台新-台南,2023-12-27,8159
00882,中信中國高股息,76,0,76,台新-台南,2023-12-27,8159
0056,元大高股息,162,101,61,台新-台南,2023-12-27,8159
2324,仁寶,493,435,58,台新-台南,2023-12-27,8159
2409,友達,108,55,53,台新-台南,2023-12-27,8159
2367,燿華,53,3,50,台新-台南,2023-12-27,8159
2405,輔信,116,69,47,台新-台南,2023-12-27,8159
5425,台半,49,6,43,台新-台南,2023-12-27,8159
1503,士電,42,0,42,台新-台南,2023-12-27,8159
00637L,元大滬深300正2,41,1,40,台新-台南,2023-12-27,8159
00632R,元大台灣50反1,39,2,37,台新-台南,2023-12-27,8159
5469,瀚宇博,37,0,37,台新-台南,2023-12-27,8159
2603,長榮,44,8,36,台新-台南,2023-12-27,8159
00772B,中信高評級公司債,37,1,36,台新-台南,2023-12-27,8159
00687B,國泰20年美債,39,3,36,台新-台南,2023-12-27,8159
2457,飛宏,37,5,32,台新-台南,2023-12-27,8159
2329,華泰,50,19,31,台新-台南,2023-12-27,8159
2388,威盛,40,12,28,台新-台南,2023-12-27,8159
2888,新光金,88,61,27,台新-台南,2023-12-27,8159
2382,廣達,63,36,27,台新-台南,2023-12-27,8159
00673R,期元大S＆P原油反1,26,0,26,台新-台南,2023-12-27,8159
00934,中信成長高股息,29,3,26,台新-台南,2023-12-27,8159
8110,華東,42,16,26,台新-台南,2023-12-27,8159
2356,英業達,103,78,25,台新-台南,2023-12-27,8159
1609,大亞,27,5,22,台新-台南,2023-12-27,8159
00933B,國泰10Y+金融債,34,13,21,台新-台南,2023-12-27,8159
00680L,元大美債20正2,51,30,21,台新-台南,2023-12-27,8159
2312,金寶,27,6,21,台新-台南,2023-12-27,8159
8059,凱碩,32,13,19,台新-台南,2023-12-27,8159
2634,漢翔,26,7,19,台新-台南,2023-12-27,8159
8064,東捷,18,0,18,台新-台南,2023-12-27,8159
00712,復華富時不動產,17,0,17,台新-台南,2023-12-27,8159
2364,倫飛,16,0,16,台新-台南,2023-12-27,8159
1316,上曜,16,0,16,台新-台南,2023-12-27,8159
6243,迅杰,68,52,16,台新-台南,2023-12-27,8159
00679B,元大美債20年,39,23,16,台新-台南,2023-12-27,8159
6550,北極星藥業-KY,16,1,15,台新-台南,2023-12-27,8159
2515,中工,30,15,15,台新-台南,2023-12-27,8159
2101,南港,17,2,15,台新-台南,2023-12-27,8159
8936,國統,44,30,14,台新-台南,2023-12-27,8159
5351,鈺創,43,29,14,台新-台南,2023-12-27,8159
3346,麗清,42,28,14,台新-台南,2023-12-27,8159
6191,精成科,15,1,14,台新-台南,2023-12-27,8159
3037,欣興,16,3,13,台新-台南,2023-12-27,8159
00937B,群益ESG投等債20,292,4,288,台新-台南,2023-12-28,8159
00933B,國泰10Y+金融債,173,3,170,台新-台南,2023-12-28,8159
00919,群益台灣精選高息,124,12,112,台新-台南,2023-12-28,8159
6233,旺玖,102,0,102,台新-台南,2023-12-28,8159
8034,榮群,105,6,99,台新-台南,2023-12-28,8159
0056,元大高股息,117,27,90,台新-台南,2023-12-28,8159
2313,華通,86,3,83,台新-台南,2023-12-28,8159
00712,復華富時不動產,98,15,83,台新-台南,2023-12-28,8159
1440,南紡,84,5,79,台新-台南,2023-12-28,8159
3706,神達,188,121,67,台新-台南,2023-12-28,8159
00929,復華台灣科技優息,156,94,62,台新-台南,2023-12-28,8159
8926,台汽電,63,3,60,台新-台南,2023-12-28,8159
00720B,元大投資級公司債,61,4,57,台新-台南,2023-12-28,8159
2324,仁寶,308,258,50,台新-台南,2023-12-28,8159
00687B,國泰20年美債,50,2,48,台新-台南,2023-12-28,8159
00688L,國泰20年美債正2,50,10,40,台新-台南,2023-12-28,8159
6179,亞通,59,19,40,台新-台南,2023-12-28,8159
6219,富旺,35,0,35,台新-台南,2023-12-28,8159
1319,東陽,33,2,31,台新-台南,2023-12-28,8159
00918,大華優利高填息30,31,0,31,台新-台南,2023-12-28,8159
2405,輔信,79,49,30,台新-台南,2023-12-28,8159
2208,台船,30,3,27,台新-台南,2023-12-28,8159
5258,虹堡,29,3,26,台新-台南,2023-12-28,8159
3437,榮創,26,0,26,台新-台南,2023-12-28,8159
9934,成霖,25,2,23,台新-台南,2023-12-28,8159
2492,華新科,25,2,23,台新-台南,2023-12-28,8159
00751B,元大AAA至A公司債,24,2,22,台新-台南,2023-12-28,8159
2355,敬鵬,24,3,21,台新-台南,2023-12-28,8159
4968,立積,24,3,21,台新-台南,2023-12-28,8159
2337,旺宏,34,13,21,台新-台南,2023-12-28,8159
2618,長榮航,95,75,20,台新-台南,2023-12-28,8159
3035,智原,45,27,18,台新-台南,2023-12-28,8159
6243,迅杰,24,6,18,台新-台南,2023-12-28,8159
2421,建準,27,9,18,台新-台南,2023-12-28,8159
2365,昆盈,206,188,18,台新-台南,2023-12-28,8159
3017,奇鋐,41,24,17,台新-台南,2023-12-28,8159
00715L,期街口布蘭特正2,19,2,17,台新-台南,2023-12-28,8159
00891,中信關鍵半導體,27,10,17,台新-台南,2023-12-28,8159
2610,華航,22,5,17,台新-台南,2023-12-28,8159
2369,菱生,22,6,16,台新-台南,2023-12-28,8159
2867,三商壽,21,5,16,台新-台南,2023-12-28,8159
3231,緯創,70,54,16,台新-台南,2023-12-28,8159
2443,昶虹,20,5,15,台新-台南,2023-12-28,8159
3049,精金,16,1,15,台新-台南,2023-12-28,8159
5512,力麒,15,0,15,台新-台南,2023-12-28,8159
2206,三陽工業,20,6,14,台新-台南,2023-12-28,8159
2515,中工,20,6,14,台新-台南,2023-12-28,8159
6282,康舒,26,12,14,台新-台南,2023-12-28,8159
2014,中鴻,13,0,13,台新-台南,2023-12-28,8159
2329,華泰,24,11,13,台新-台南,2023-12-28,8159
00715L,期街口布蘭特正2,147,5,142,台新-台南,2023-12-29,8159
1514,亞力,163,55,108,台新-台南,2023-12-29,8159
3078,僑威,82,2,80,台新-台南,2023-12-29,8159
3625,西勝,70,0,70,台新-台南,2023-12-29,8159
2891,中信金,64,2,62,台新-台南,2023-12-29,8159
1609,大亞,73,15,58,台新-台南,2023-12-29,8159
00633L,富邦上証正2,57,0,57,台新-台南,2023-12-29,8159
00919,群益台灣精選高息,56,1,55,台新-台南,2023-12-29,8159
00929,復華台灣科技優息,70,26,44,台新-台南,2023-12-29,8159
2905,三商,40,0,40,台新-台南,2023-12-29,8159
006206,元大上證50,37,0,37,台新-台南,2023-12-29,8159
5347,世界,51,16,35,台新-台南,2023-12-29,8159
3006,晶豪科,73,39,34,台新-台南,2023-12-29,8159
3706,神達,100,69,31,台新-台南,2023-12-29,8159
6185,幃翔,25,0,25,台新-台南,2023-12-29,8159
00687B,國泰20年美債,34,11,23,台新-台南,2023-12-29,8159
2443,昶虹,20,0,20,台新-台南,2023-12-29,8159
2208,台船,20,0,20,台新-台南,2023-12-29,8159
2888,新光金,22,3,19,台新-台南,2023-12-29,8159
3260,威剛,41,23,18,台新-台南,2023-12-29,8159
1504,東元,19,3,16,台新-台南,2023-12-29,8159
2352,佳世達,127,111,16,台新-台南,2023-12-29,8159
4173,久裕,15,0,15,台新-台南,2023-12-29,8159
00662,富邦NASDAQ,15,0,15,台新-台南,2023-12-29,8159
1513,中興電,39,25,14,台新-台南,2023-12-29,8159
6274,台燿,16,2,14,台新-台南,2023-12-29,8159
8033,雷虎,14,0,14,台新-台南,2023-12-29,8159
2610,華航,56,44,12,台新-台南,2023-12-29,8159
1503,士電,35,23,12,台新-台南,2023-12-29,8159
1616,億泰,13,1,12,台新-台南,2023-12-29,8159
2101,南港,14,2,12,台新-台南,2023-12-29,8159
00933B,國泰10Y+金融債,12,0,12,台新-台南,2023-12-29,8159
6285,啟��,12,1,11,台新-台南,2023-12-29,8159
5452,佶優,11,0,11,台新-台南,2023-12-29,8159
2515,中工,50,39,11,台新-台南,2023-12-29,8159
2014,中鴻,14,3,11,台新-台南,2023-12-29,8159
3402,漢科,12,1,11,台新-台南,2023-12-29,8159
9945,潤泰新,10,0,10,台新-台南,2023-12-29,8159
1524,耿鼎,14,4,10,台新-台南,2023-12-29,8159
6168,宏齊,10,0,10,台新-台南,2023-12-29,8159
2323,中環,21,11,10,台新-台南,2023-12-29,8159
2067,嘉鋼,10,0,10,台新-台南,2023-12-29,8159
1108,幸福,10,0,10,台新-台南,2023-12-29,8159
2492,華新科,10,0,10,台新-台南,2023-12-29,8159
2364,倫飛,10,0,10,台新-台南,2023-12-29,8159
00751B,元大AAA至A公司債,11,1,10,台新-台南,2023-12-29,8159
00728,第一金工業30,10,0,10,台新-台南,2023-12-29,8159
2425,承啟,12,2,10,台新-台南,2023-12-29,8159
2362,藍天,28,18,10,台新-台南,2023-12-29,8159
1519,華城,56,47,9,台新-台南,2023-12-29,8159
00937B,群益ESG投等債20,300,4,296,台新-台南,2024-01-02,8159
3545,敦泰,244,0,244,台新-台南,2024-01-02,8159
00680L,元大美債20正2,325,110,215,台新-台南,2024-01-02,8159
00712,復華富時不動產,200,12,188,台新-台南,2024-01-02,8159
6005,群益證,164,0,164,台新-台南,2024-01-02,8159
00878,國泰永續高股息,194,39,155,台新-台南,2024-01-02,8159
00688L,國泰20年美債正2,146,1,145,台新-台南,2024-01-02,8159
00679B,元大美債20年,105,13,92,台新-台南,2024-01-02,8159
3706,神達,94,12,82,台新-台南,2024-01-02,8159
0056,元大高股息,114,33,81,台新-台南,2024-01-02,8159
00919,群益台灣精選高息,109,34,75,台新-台南,2024-01-02,8159
00665L,富邦�琤肭磪囓�2,72,2,70,台新-台南,2024-01-02,8159
3231,緯創,119,52,67,台新-台南,2024-01-02,8159
2405,輔信,64,0,64,台新-台南,2024-01-02,8159
00633L,富邦上証正2,65,1,64,台新-台南,2024-01-02,8159
2303,聯電,85,32,53,台新-台南,2024-01-02,8159
4303,信立,54,1,53,台新-台南,2024-01-02,8159
00720B,元大投資級公司債,74,23,51,台新-台南,2024-01-02,8159
5608,四維航,55,5,50,台新-台南,2024-01-02,8159
5425,台半,54,8,46,台新-台南,2024-01-02,8159
00687B,國泰20年美債,45,0,45,台新-台南,2024-01-02,8159
2376,技嘉,71,27,44,台新-台南,2024-01-02,8159
2609,陽明,325,282,43,台新-台南,2024-01-02,8159
00922,國泰台灣領袖50,37,1,36,台新-台南,2024-01-02,8159
00850,元大臺灣ESG永續,34,0,34,台新-台南,2024-01-02,8159
00632R,元大台灣50反1,30,0,30,台新-台南,2024-01-02,8159
6719,力智,40,11,29,台新-台南,2024-01-02,8159
6187,萬潤,30,3,27,台新-台南,2024-01-02,8159
2344,華邦電,41,15,26,台新-台南,2024-01-02,8159
00931B,統一美債20年,25,0,25,台新-台南,2024-01-02,8159
00934,中信成長高股息,35,12,23,台新-台南,2024-01-02,8159
2890,永豐金,23,0,23,台新-台南,2024-01-02,8159
6219,富旺,23,0,23,台新-台南,2024-01-02,8159
2020,美亞,22,0,22,台新-台南,2024-01-02,8159
3363,上詮,18,0,18,台新-台南,2024-01-02,8159
2634,漢翔,27,9,18,台新-台南,2024-01-02,8159
2888,新光金,22,4,18,台新-台南,2024-01-02,8159
2324,仁寶,72,54,18,台新-台南,2024-01-02,8159
2454,聯發科,20,2,18,台新-台南,2024-01-02,8159
2337,旺宏,33,16,17,台新-台南,2024-01-02,8159
6770,力積電,16,0,16,台新-台南,2024-01-02,8159
3037,欣興,17,2,15,台新-台南,2024-01-02,8159
4934,太極,15,0,15,台新-台南,2024-01-02,8159
4907,富宇,15,0,15,台新-台南,2024-01-02,8159
3711,日月光投控,16,2,14,台新-台南,2024-01-02,8159
6016,康和證,14,0,14,台新-台南,2024-01-02,8159
2882,國泰金,13,0,13,台新-台南,2024-01-02,8159
6585,鼎基,15,2,13,台新-台南,2024-01-02,8159
2388,威盛,36,23,13,台新-台南,2024-01-02,8159
00923,群益台ESG低碳50,13,0,13,台新-台南,2024-01-02,8159
00929,復華台灣科技優息,580,125,455,台新-台南,2024-01-03,8159
4303,信立,412,1,411,台新-台南,2024-01-03,8159
00715L,期街口布蘭特正2,252,0,252,台新-台南,2024-01-03,8159
00919,群益台灣精選高息,223,10,213,台新-台南,2024-01-03,8159
00665L,富邦�琤肭磪囓�2,196,0,196,台新-台南,2024-01-03,8159
00937B,群益ESG投等債20,195,0,195,台新-台南,2024-01-03,8159
00680L,元大美債20正2,203,44,159,台新-台南,2024-01-03,8159
00688L,國泰20年美債正2,153,0,153,台新-台南,2024-01-03,8159
0056,元大高股息,162,10,152,台新-台南,2024-01-03,8159
2618,長榮航,200,57,143,台新-台南,2024-01-03,8159
00878,國泰永續高股息,187,56,131,台新-台南,2024-01-03,8159
2408,南亞科,127,4,123,台新-台南,2024-01-03,8159
5521,工信,387,299,88,台新-台南,2024-01-03,8159
2888,新光金,90,7,83,台新-台南,2024-01-03,8159
2303,聯電,88,16,72,台新-台南,2024-01-03,8159
8182,加高,65,0,65,台新-台南,2024-01-03,8159
3545,敦泰,64,2,62,台新-台南,2024-01-03,8159
1314,中石化,60,3,57,台新-台南,2024-01-03,8159
00930,永豐ESG低碳高息,56,0,56,台新-台南,2024-01-03,8159
3711,日月光投控,51,2,49,台新-台南,2024-01-03,8159
00712,復華富時不動產,63,16,47,台新-台南,2024-01-03,8159
1714,和桐,46,0,46,台新-台南,2024-01-03,8159
2882,國泰金,45,0,45,台新-台南,2024-01-03,8159
6185,幃翔,45,0,45,台新-台南,2024-01-03,8159
00720B,元大投資級公司債,43,0,43,台新-台南,2024-01-03,8159
3481,群創,43,2,41,台新-台南,2024-01-03,8159
4712,福格創新,41,0,41,台新-台南,2024-01-03,8159
1528,恩德,40,0,40,台新-台南,2024-01-03,8159
3532,台勝科,38,0,38,台新-台南,2024-01-03,8159
2834,臺企銀,38,0,38,台新-台南,2024-01-03,8159
2883,凱基金,35,0,35,台新-台南,2024-01-03,8159
6116,彩晶,35,0,35,台新-台南,2024-01-03,8159
2014,中鴻,35,1,34,台新-台南,2024-01-03,8159
00927,群益半導體收益,34,0,34,台新-台南,2024-01-03,8159
00934,中信成長高股息,41,7,34,台新-台南,2024-01-03,8159
00687B,國泰20年美債,35,2,33,台新-台南,2024-01-03,8159
2353,宏��,144,113,31,台新-台南,2024-01-03,8159
3390,旭軟,125,96,29,台新-台南,2024-01-03,8159
2354,鴻準,34,6,28,台新-台南,2024-01-03,8159
00679B,元大美債20年,54,26,28,台新-台南,2024-01-03,8159
2356,英業達,33,7,26,台新-台南,2024-01-03,8159
1504,東元,47,21,26,台新-台南,2024-01-03,8159
2887,台新金,25,0,25,台新-台南,2024-01-03,8159
2330,台積電,28,3,25,台新-台南,2024-01-03,8159
00772B,中信高評級公司債,26,2,24,台新-台南,2024-01-03,8159
3037,欣興,26,3,23,台新-台南,2024-01-03,8159
2337,旺宏,22,1,21,台新-台南,2024-01-03,8159
2886,兆豐金,22,1,21,台新-台南,2024-01-03,8159
2338,光罩,20,0,20,台新-台南,2024-01-03,8159
2906,高林,20,0,20,台新-台南,2024-01-03,8159
00680L,元大美債20正2,441,85,356,台新-台南,2024-01-04,8159
00712,復華富時不動產,311,51,260,台新-台南,2024-01-04,8159
2867,三商壽,351,94,257,台新-台南,2024-01-04,8159
00929,復華台灣科技優息,243,64,179,台新-台南,2024-01-04,8159
00706L,期元大S＆P日圓正2,149,0,149,台新-台南,2024-01-04,8159
00751B,元大AAA至A公司債,145,0,145,台新-台南,2024-01-04,8159
00927,群益半導體收益,93,0,93,台新-台南,2024-01-04,8159
2303,聯電,112,26,86,台新-台南,2024-01-04,8159
1528,恩德,70,0,70,台新-台南,2024-01-04,8159
00654R,富邦印度反1,60,0,60,台新-台南,2024-01-04,8159
3032,偉訓,97,43,54,台新-台南,2024-01-04,8159
00934,中信成長高股息,49,0,49,台新-台南,2024-01-04,8159
00725B,國泰投資級公司債,46,0,46,台新-台南,2024-01-04,8159
00882,中信中國高股息,41,0,41,台新-台南,2024-01-04,8159
8182,加高,98,57,41,台新-台南,2024-01-04,8159
4712,福格創新,40,0,40,台新-台南,2024-01-04,8159
0056,元大高股息,71,31,40,台新-台南,2024-01-04,8159
6120,達運,50,11,39,台新-台南,2024-01-04,8159
3017,奇鋐,147,111,36,台新-台南,2024-01-04,8159
2486,一詮,68,34,34,台新-台南,2024-01-04,8159
2371,大同,45,11,34,台新-台南,2024-01-04,8159
00936,台新永續高息中小,32,0,32,台新-台南,2024-01-04,8159
00772B,中信高評級公司債,31,0,31,台新-台南,2024-01-04,8159
6140,訊達,119,88,31,台新-台南,2024-01-04,8159
3402,漢科,31,2,29,台新-台南,2024-01-04,8159
6182,合晶,49,20,29,台新-台南,2024-01-04,8159
00720B,元大投資級公司債,36,8,28,台新-台南,2024-01-04,8159
2355,敬鵬,31,3,28,台新-台南,2024-01-04,8159
00753L,中信中國50正2,29,2,27,台新-台南,2024-01-04,8159
4939,亞電,25,1,24,台新-台南,2024-01-04,8159
5521,工信,89,65,24,台新-台南,2024-01-04,8159
2352,佳世達,70,46,24,台新-台南,2024-01-04,8159
2498,宏達電,23,0,23,台新-台南,2024-01-04,8159
00632R,元大台灣50反1,24,1,23,台新-台南,2024-01-04,8159
3532,台勝科,25,3,22,台新-台南,2024-01-04,8159
00933B,國泰10Y+金融債,22,0,22,台新-台南,2024-01-04,8159
2376,技嘉,38,17,21,台新-台南,2024-01-04,8159
2882,國泰金,21,0,21,台新-台南,2024-01-04,8159
2492,華新科,32,11,21,台新-台南,2024-01-04,8159
2101,南港,23,2,21,台新-台南,2024-01-04,8159
00881,國泰台灣5G+,20,0,20,台新-台南,2024-01-04,8159
2353,宏��,108,89,19,台新-台南,2024-01-04,8159
1519,華城,55,36,19,台新-台南,2024-01-04,8159
2421,建準,31,13,18,台新-台南,2024-01-04,8159
6243,迅杰,26,8,18,台新-台南,2024-01-04,8159
8046,南電,21,3,18,台新-台南,2024-01-04,8159
00637L,元大滬深300正2,17,0,17,台新-台南,2024-01-04,8159
8210,勤誠,32,16,16,台新-台南,2024-01-04,8159
2881,富邦金,15,0,15,台新-台南,2024-01-04,8159
2201,裕隆,16,1,15,台新-台南,2024-01-04,8159
2897,王道銀行,1000,1,999,台新-台南,2024-01-05,8159
00680L,元大美債20正2,517,55,462,台新-台南,2024-01-05,8159
00688L,國泰20年美債正2,453,9,444,台新-台南,2024-01-05,8159
00929,復華台灣科技優息,314,7,307,台新-台南,2024-01-05,8159
2618,長榮航,321,141,180,台新-台南,2024-01-05,8159
00937B,群益ESG投等債20,164,5,159,台新-台南,2024-01-05,8159
00751B,元大AAA至A公司債,110,11,99,台新-台南,2024-01-05,8159
9105,泰金寶-DR,106,10,96,台新-台南,2024-01-05,8159
00665L,富邦�琤肭磪囓�2,95,0,95,台新-台南,2024-01-05,8159
00919,群益台灣精選高息,110,18,92,台新-台南,2024-01-05,8159
2356,英業達,131,46,85,台新-台南,2024-01-05,8159
2498,宏達電,83,1,82,台新-台南,2024-01-05,8159
2352,佳世達,94,31,63,台新-台南,2024-01-05,8159
00878,國泰永續高股息,76,14,62,台新-台南,2024-01-05,8159
00924,復華S＆P500成長,41,0,41,台新-台南,2024-01-05,8159
00720B,元大投資級公司債,41,3,38,台新-台南,2024-01-05,8159
0056,元大高股息,39,3,36,台新-台南,2024-01-05,8159
3037,欣興,39,3,36,台新-台南,2024-01-05,8159
8011,台通,51,15,36,台新-台南,2024-01-05,8159
00712,復華富時不動產,37,1,36,台新-台南,2024-01-05,8159
00933B,國泰10Y+金融債,38,5,33,台新-台南,2024-01-05,8159
5355,佳總,32,0,32,台新-台南,2024-01-05,8159
00676R,富邦臺灣加權反1,31,0,31,台新-台南,2024-01-05,8159
2353,宏��,115,85,30,台新-台南,2024-01-05,8159
00632R,元大台灣50反1,40,11,29,台新-台南,2024-01-05,8159
00772B,中信高評級公司債,30,3,27,台新-台南,2024-01-05,8159
00773B,中信優先金融債,25,0,25,台新-台南,2024-01-05,8159
00706L,期元大S＆P日圓正2,25,0,25,台新-台南,2024-01-05,8159
2344,華邦電,37,14,23,台新-台南,2024-01-05,8159
2365,昆盈,21,0,21,台新-台南,2024-01-05,8159
2331,精英,30,9,21,台新-台南,2024-01-05,8159
2888,新光金,21,0,21,台新-台南,2024-01-05,8159
2881,富邦金,20,0,20,台新-台南,2024-01-05,8159
6185,幃翔,20,0,20,台新-台南,2024-01-05,8159
2362,藍天,53,33,20,台新-台南,2024-01-05,8159
3390,旭軟,53,34,19,台新-台南,2024-01-05,8159
00918,大華優利高填息30,19,0,19,台新-台南,2024-01-05,8159
8096,擎亞,65,48,17,台新-台南,2024-01-05,8159
2313,華通,31,14,17,台新-台南,2024-01-05,8159
00770,國泰北美科技,17,0,17,台新-台南,2024-01-05,8159
00795B,中信美國公債20年,22,7,15,台新-台南,2024-01-05,8159
8163,達方,20,5,15,台新-台南,2024-01-05,8159
00715L,期街口布蘭特正2,31,16,15,台新-台南,2024-01-05,8159
1314,中石化,20,5,15,台新-台南,2024-01-05,8159
4979,華星光,36,21,15,台新-台南,2024-01-05,8159
5347,世界,22,8,14,台新-台南,2024-01-05,8159
00713,元大台灣高息低波,14,0,14,台新-台南,2024-01-05,8159
3625,西勝,16,3,13,台新-台南,2024-01-05,8159
3056,富華新,13,0,13,台新-台南,2024-01-05,8159
00708L,期元大S＆P黃金正2,12,0,12,台新-台南,2024-01-05,8159
00929,復華台灣科技優息,411,43,368,台新-台南,2024-01-08,8159
00937B,群益ESG投等債20,199,39,160,台新-台南,2024-01-08,8159
6005,群益證,159,0,159,台新-台南,2024-01-08,8159
00919,群益台灣精選高息,155,18,137,台新-台南,2024-01-08,8159
00680L,元大美債20正2,139,29,110,台新-台南,2024-01-08,8159
00753L,中信中國50正2,400,297,103,台新-台南,2024-01-08,8159
00712,復華富時不動產,109,7,102,台新-台南,2024-01-08,8159
3312,弘憶股,97,0,97,台新-台南,2024-01-08,8159
6770,力積電,151,65,86,台新-台南,2024-01-08,8159
00679B,元大美債20年,107,32,75,台新-台南,2024-01-08,8159
2352,佳世達,83,10,73,台新-台南,2024-01-08,8159
00882,中信中國高股息,78,5,73,台新-台南,2024-01-08,8159
2353,宏��,265,205,60,台新-台南,2024-01-08,8159
2603,長榮,74,27,47,台新-台南,2024-01-08,8159
00927,群益半導體收益,47,0,47,台新-台南,2024-01-08,8159
2331,精英,70,28,42,台新-台南,2024-01-08,8159
6546,正基,42,0,42,台新-台南,2024-01-08,8159
00720B,元大投資級公司債,43,1,42,台新-台南,2024-01-08,8159
00772B,中信高評級公司債,43,2,41,台新-台南,2024-01-08,8159
00715L,期街口布蘭特正2,53,16,37,台新-台南,2024-01-08,8159
2359,所羅門,35,0,35,台新-台南,2024-01-08,8159
3207,耀勝,34,0,34,台新-台南,2024-01-08,8159
0056,元大高股息,44,11,33,台新-台南,2024-01-08,8159
00924,復華S＆P500成長,32,0,32,台新-台南,2024-01-08,8159
2618,長榮航,73,41,32,台新-台南,2024-01-08,8159
2388,威盛,82,50,32,台新-台南,2024-01-08,8159
1702,南僑,31,0,31,台新-台南,2024-01-08,8159
2344,華邦電,38,7,31,台新-台南,2024-01-08,8159
4303,信立,33,3,30,台新-台南,2024-01-08,8159
3481,群創,266,236,30,台新-台南,2024-01-08,8159
00878,國泰永續高股息,59,32,27,台新-台南,2024-01-08,8159
2317,鴻海,33,7,26,台新-台南,2024-01-08,8159
3167,大量,25,0,25,台新-台南,2024-01-08,8159
8046,南電,26,2,24,台新-台南,2024-01-08,8159
6129,普誠,25,1,24,台新-台南,2024-01-08,8159
2607,榮運,27,4,23,台新-台南,2024-01-08,8159
00935,野村臺灣新科技50,22,0,22,台新-台南,2024-01-08,8159
00637L,元大滬深300正2,146,124,22,台新-台南,2024-01-08,8159
00650L,復華香港正2,22,0,22,台新-台南,2024-01-08,8159
6290,良維,24,2,22,台新-台南,2024-01-08,8159
2421,建準,24,3,21,台新-台南,2024-01-08,8159
1515,力山,22,1,21,台新-台南,2024-01-08,8159
3232,昱捷,20,0,20,台新-台南,2024-01-08,8159
00896,中信綠能及電動車,20,0,20,台新-台南,2024-01-08,8159
4414,如興,20,0,20,台新-台南,2024-01-08,8159
3017,奇鋐,37,17,20,台新-台南,2024-01-08,8159
00922,國泰台灣領袖50,20,1,19,台新-台南,2024-01-08,8159
2630,亞航,27,9,18,台新-台南,2024-01-08,8159
2610,華航,17,1,16,台新-台南,2024-01-08,8159
2329,華泰,18,2,16,台新-台南,2024-01-08,8159
00688L,國泰20年美債正2,205,18,187,台新-台南,2024-01-09,8159
00715L,期街口布蘭特正2,185,0,185,台新-台南,2024-01-09,8159
00937B,群益ESG投等債20,171,0,171,台新-台南,2024-01-09,8159
00753L,中信中國50正2,345,185,160,台新-台南,2024-01-09,8159
2609,陽明,283,132,151,台新-台南,2024-01-09,8159
00919,群益台灣精選高息,269,126,143,台新-台南,2024-01-09,8159
00680L,元大美債20正2,186,60,126,台新-台南,2024-01-09,8159
2867,三商壽,110,0,110,台新-台南,2024-01-09,8159
2324,仁寶,147,40,107,台新-台南,2024-01-09,8159
3013,晟銘電,115,10,105,台新-台南,2024-01-09,8159
2603,長榮,119,34,85,台新-台南,2024-01-09,8159
1612,宏泰,75,0,75,台新-台南,2024-01-09,8159
2353,宏��,142,74,68,台新-台南,2024-01-09,8159
2317,鴻海,55,0,55,台新-台南,2024-01-09,8159
5351,鈺創,45,2,43,台新-台南,2024-01-09,8159
4167,松瑞藥,44,2,42,台新-台南,2024-01-09,8159
2409,友達,86,50,36,台新-台南,2024-01-09,8159
3035,智原,74,40,34,台新-台南,2024-01-09,8159
00929,復華台灣科技優息,143,109,34,台新-台南,2024-01-09,8159
2363,矽統,50,18,32,台新-台南,2024-01-09,8159
00918,大華優利高填息30,46,15,31,台新-台南,2024-01-09,8159
6235,華孚,33,3,30,台新-台南,2024-01-09,8159
2230,泰茂,28,0,28,台新-台南,2024-01-09,8159
2329,華泰,44,16,28,台新-台南,2024-01-09,8159
2882,國泰金,29,1,28,台新-台南,2024-01-09,8159
2201,裕隆,33,6,27,台新-台南,2024-01-09,8159
1603,華電,28,4,24,台新-台南,2024-01-09,8159
00720B,元大投資級公司債,33,9,24,台新-台南,2024-01-09,8159
3231,緯創,80,56,24,台新-台南,2024-01-09,8159
2303,聯電,28,5,23,台新-台南,2024-01-09,8159
0056,元大高股息,32,9,23,台新-台南,2024-01-09,8159
1449,佳和,45,23,22,台新-台南,2024-01-09,8159
00922,國泰台灣領袖50,28,7,21,台新-台南,2024-01-09,8159
2887,台新金,25,4,21,台新-台南,2024-01-09,8159
00896,中信綠能及電動車,20,0,20,台新-台南,2024-01-09,8159
4414,如興,20,0,20,台新-台南,2024-01-09,8159
1609,大亞,23,4,19,台新-台南,2024-01-09,8159
6120,達運,43,24,19,台新-台南,2024-01-09,8159
2352,佳世達,50,31,19,台新-台南,2024-01-09,8159
2457,飛宏,18,0,18,台新-台南,2024-01-09,8159
2405,輔信,17,0,17,台新-台南,2024-01-09,8159
2014,中鴻,39,22,17,台新-台南,2024-01-09,8159
2002,中鋼,26,10,16,台新-台南,2024-01-09,8159
2461,光群雷,21,5,16,台新-台南,2024-01-09,8159
1210,大成,15,0,15,台新-台南,2024-01-09,8159
6288,聯嘉,14,0,14,台新-台南,2024-01-09,8159
1616,億泰,16,2,14,台新-台南,2024-01-09,8159
00882,中信中國高股息,24,10,14,台新-台南,2024-01-09,8159
2362,藍天,46,32,14,台新-台南,2024-01-09,8159
1444,力麗,13,0,13,台新-台南,2024-01-09,8159
6116,彩晶,206,2,204,台新-台南,2024-01-10,8159
00929,復華台灣科技優息,190,25,165,台新-台南,2024-01-10,8159
00919,群益台灣精選高息,178,41,137,台新-台南,2024-01-10,8159
00720B,元大投資級公司債,101,1,100,台新-台南,2024-01-10,8159
4714,永捷,92,0,92,台新-台南,2024-01-10,8159
2312,金寶,83,0,83,台新-台南,2024-01-10,8159
5483,中美晶,86,4,82,台新-台南,2024-01-10,8159
1409,新纖,75,0,75,台新-台南,2024-01-10,8159
2498,宏達電,75,3,72,台新-台南,2024-01-10,8159
3481,群創,89,24,65,台新-台南,2024-01-10,8159
00878,國泰永續高股息,110,57,53,台新-台南,2024-01-10,8159
3545,敦泰,53,4,49,台新-台南,2024-01-10,8159
00706L,期元大S＆P日圓正2,48,0,48,台新-台南,2024-01-10,8159
00937B,群益ESG投等債20,49,3,46,台新-台南,2024-01-10,8159
2317,鴻海,37,0,37,台新-台南,2024-01-10,8159
00665L,富邦�琤肭磪囓�2,45,12,33,台新-台南,2024-01-10,8159
5309,系統電,44,14,30,台新-台南,2024-01-10,8159
2014,中鴻,30,0,30,台新-台南,2024-01-10,8159
00676R,富邦臺灣加權反1,30,0,30,台新-台南,2024-01-10,8159
2353,宏��,78,49,29,台新-台南,2024-01-10,8159
2832,台產,29,0,29,台新-台南,2024-01-10,8159
3189,景碩,30,2,28,台新-台南,2024-01-10,8159
6164,華興,40,12,28,台新-台南,2024-01-10,8159
00904,新光臺灣半導體30,27,0,27,台新-台南,2024-01-10,8159
2027,大成鋼,52,25,27,台新-台南,2024-01-10,8159
00679B,元大美債20年,27,0,27,台新-台南,2024-01-10,8159
5314,世紀,27,1,26,台新-台南,2024-01-10,8159
4167,松瑞藥,27,2,25,台新-台南,2024-01-10,8159
2371,大同,89,64,25,台新-台南,2024-01-10,8159
6026,福邦證,24,0,24,台新-台南,2024-01-10,8159
2610,華航,31,8,23,台新-台南,2024-01-10,8159
5905,南仁湖,22,0,22,台新-台南,2024-01-10,8159
5512,力麒,22,0,22,台新-台南,2024-01-10,8159
2515,中工,24,2,22,台新-台南,2024-01-10,8159
2101,南港,32,12,20,台新-台南,2024-01-10,8159
5347,世界,36,16,20,台新-台南,2024-01-10,8159
4414,如興,20,0,20,台新-台南,2024-01-10,8159
00725B,國泰投資級公司債,20,0,20,台新-台南,2024-01-10,8159
2365,昆盈,20,0,20,台新-台南,2024-01-10,8159
2801,彰銀,19,0,19,台新-台南,2024-01-10,8159
6117,迎廣,26,7,19,台新-台南,2024-01-10,8159
00882,中信中國高股息,19,0,19,台新-台南,2024-01-10,8159
00687B,國泰20年美債,18,0,18,台新-台南,2024-01-10,8159
1909,榮成,28,10,18,台新-台南,2024-01-10,8159
2301,光寶科,19,1,18,台新-台南,2024-01-10,8159
2888,新光金,23,6,17,台新-台南,2024-01-10,8159
00795B,中信美國公債20年,16,0,16,台新-台南,2024-01-10,8159
3443,創意,23,7,16,台新-台南,2024-01-10,8159
6274,台燿,15,0,15,台新-台南,2024-01-10,8159
9907,統一實,16,1,15,台新-台南,2024-01-10,8159
00929,復華台灣科技優息,282,6,276,台新-台南,2024-01-11,8159
2618,長榮航,261,9,252,台新-台南,2024-01-11,8159
00688L,國泰20年美債正2,141,0,141,台新-台南,2024-01-11,8159
00680L,元大美債20正2,131,4,127,台新-台南,2024-01-11,8159
00753L,中信中國50正2,100,2,98,台新-台南,2024-01-11,8159
00751B,元大AAA至A公司債,101,10,91,台新-台南,2024-01-11,8159
2408,南亞科,85,0,85,台新-台南,2024-01-11,8159
2609,陽明,112,43,69,台新-台南,2024-01-11,8159
2409,友達,90,22,68,台新-台南,2024-01-11,8159
00632R,元大台灣50反1,68,0,68,台新-台南,2024-01-11,8159
6546,正基,68,1,67,台新-台南,2024-01-11,8159
3481,群創,105,40,65,台新-台南,2024-01-11,8159
00715L,期街口布蘭特正2,71,22,49,台新-台南,2024-01-11,8159
4532,瑞智,49,0,49,台新-台南,2024-01-11,8159
00927,群益半導體收益,43,0,43,台新-台南,2024-01-11,8159
2603,長榮,55,12,43,台新-台南,2024-01-11,8159
00637L,元大滬深300正2,41,0,41,台新-台南,2024-01-11,8159
6120,達運,261,221,40,台新-台南,2024-01-11,8159
00919,群益台灣精選高息,78,38,40,台新-台南,2024-01-11,8159
2329,華泰,231,192,39,台新-台南,2024-01-11,8159
00679B,元大美債20年,44,5,39,台新-台南,2024-01-11,8159
6770,力積電,37,1,36,台新-台南,2024-01-11,8159
2101,南港,36,0,36,台新-台南,2024-01-11,8159
4956,光鋐,110,76,34,台新-台南,2024-01-11,8159
2208,台船,35,1,34,台新-台南,2024-01-11,8159
1702,南僑,33,0,33,台新-台南,2024-01-11,8159
00878,國泰永續高股息,50,20,30,台新-台南,2024-01-11,8159
6667,信紘科,35,5,30,台新-台南,2024-01-11,8159
00706L,期元大S＆P日圓正2,30,0,30,台新-台南,2024-01-11,8159
00935,野村臺灣新科技50,30,0,30,台新-台南,2024-01-11,8159
2482,連宇,30,1,29,台新-台南,2024-01-11,8159
2634,漢翔,34,6,28,台新-台南,2024-01-11,8159
3188,鑫龍騰,29,1,28,台新-台南,2024-01-11,8159
00720B,元大投資級公司債,29,2,27,台新-台南,2024-01-11,8159
2515,中工,25,0,25,台新-台南,2024-01-11,8159
6163,華電網,28,3,25,台新-台南,2024-01-11,8159
2449,京元電子,31,7,24,台新-台南,2024-01-11,8159
1615,大山,22,0,22,台新-台南,2024-01-11,8159
2883,凱基金,21,0,21,台新-台南,2024-01-11,8159
2353,宏��,97,76,21,台新-台南,2024-01-11,8159
2406,國碩,31,11,20,台新-台南,2024-01-11,8159
3499,環天科,20,0,20,台新-台南,2024-01-11,8159
1467,南緯,20,0,20,台新-台南,2024-01-11,8159
2504,國產,20,0,20,台新-台南,2024-01-11,8159
6213,聯茂,20,1,19,台新-台南,2024-01-11,8159
1325,恆大,19,0,19,台新-台南,2024-01-11,8159
6116,彩晶,18,0,18,台新-台南,2024-01-11,8159
2303,聯電,27,10,17,台新-台南,2024-01-11,8159
2420,新巨,17,0,17,台新-台南,2024-01-11,8159
6139,亞翔,23,6,17,台新-台南,2024-01-11,8159
00632R,元大台灣50反1,413,80,333,台新-台南,2024-01-12,8159
00929,復華台灣科技優息,355,26,329,台新-台南,2024-01-12,8159
6120,達運,256,55,201,台新-台南,2024-01-12,8159
2897,王道銀行,201,0,201,台新-台南,2024-01-12,8159
1528,恩德,186,37,149,台新-台南,2024-01-12,8159
00937B,群益ESG投等債20,118,2,116,台新-台南,2024-01-12,8159
8182,加高,95,0,95,台新-台南,2024-01-12,8159
00720B,元大投資級公司債,95,12,83,台新-台南,2024-01-12,8159
1409,新纖,74,0,74,台新-台南,2024-01-12,8159
00919,群益台灣精選高息,67,2,65,台新-台南,2024-01-12,8159
00896,中信綠能及電動車,56,0,56,台新-台南,2024-01-12,8159
00927,群益半導體收益,52,1,51,台新-台南,2024-01-12,8159
2353,宏��,140,95,45,台新-台南,2024-01-12,8159
00673R,期元大S＆P原油反1,43,0,43,台新-台南,2024-01-12,8159
2208,台船,74,32,42,台新-台南,2024-01-12,8159
2356,英業達,99,63,36,台新-台南,2024-01-12,8159
8033,雷虎,42,6,36,台新-台南,2024-01-12,8159
00688L,國泰20年美債正2,52,17,35,台新-台南,2024-01-12,8159
2482,連宇,36,2,34,台新-台南,2024-01-12,8159
2388,威盛,63,30,33,台新-台南,2024-01-12,8159
6462,神盾,64,32,32,台新-台南,2024-01-12,8159
00712,復華富時不動產,30,0,30,台新-台南,2024-01-12,8159
6558,興能高,30,0,30,台新-台南,2024-01-12,8159
5426,振發,138,108,30,台新-台南,2024-01-12,8159
8476,台境*,29,0,29,台新-台南,2024-01-12,8159
1570,力肯,28,0,28,台新-台南,2024-01-12,8159
2329,華泰,57,32,25,台新-台南,2024-01-12,8159
2618,長榮航,59,34,25,台新-台南,2024-01-12,8159
5439,高技,24,0,24,台新-台南,2024-01-12,8159
00935,野村臺灣新科技50,25,1,24,台新-台南,2024-01-12,8159
3715,定穎投控,30,6,24,台新-台南,2024-01-12,8159
2887,台新金,61,37,24,台新-台南,2024-01-12,8159
2890,永豐金,51,30,21,台新-台南,2024-01-12,8159
6605,帝寶,21,0,21,台新-台南,2024-01-12,8159
6546,正基,22,1,21,台新-台南,2024-01-12,8159
8096,擎亞,200,180,20,台新-台南,2024-01-12,8159
2324,仁寶,55,35,20,台新-台南,2024-01-12,8159
2515,中工,20,0,20,台新-台南,2024-01-12,8159
00679B,元大美債20年,26,6,20,台新-台南,2024-01-12,8159
3260,威剛,22,4,18,台新-台南,2024-01-12,8159
6187,萬潤,20,2,18,台新-台南,2024-01-12,8159
00687B,國泰20年美債,20,3,17,台新-台南,2024-01-12,8159
4909,新復興,70,53,17,台新-台南,2024-01-12,8159
1736,喬山,15,0,15,台新-台南,2024-01-12,8159
6219,富旺,15,0,15,台新-台南,2024-01-12,8159
2101,南港,15,0,15,台新-台南,2024-01-12,8159
1101,台泥,15,0,15,台新-台南,2024-01-12,8159
2834,臺企銀,15,1,14,台新-台南,2024-01-12,8159
4109,加捷生醫,14,0,14,台新-台南,2024-01-12,8159
2449,京元電子,25,12,13,台新-台南,2024-01-12,8159
2618,長榮航,272,15,257,台新-台南,2024-01-15,8159
00632R,元大台灣50反1,334,80,254,台新-台南,2024-01-15,8159
00688L,國泰20年美債正2,158,1,157,台新-台南,2024-01-15,8159
2883,凱基金,139,0,139,台新-台南,2024-01-15,8159
00929,復華台灣科技優息,228,104,124,台新-台南,2024-01-15,8159
00720B,元大投資級公司債,124,2,122,台新-台南,2024-01-15,8159
3231,緯創,181,98,83,台新-台南,2024-01-15,8159
2634,漢翔,97,22,75,台新-台南,2024-01-15,8159
8222,寶一,93,18,75,台新-台南,2024-01-15,8159
3437,榮創,87,18,69,台新-台南,2024-01-15,8159
2365,昆盈,62,0,62,台新-台南,2024-01-15,8159
2353,宏��,79,17,62,台新-台南,2024-01-15,8159
6806,森崴能源,67,13,54,台新-台南,2024-01-15,8159
2208,台船,126,73,53,台新-台南,2024-01-15,8159
2382,廣達,88,38,50,台新-台南,2024-01-15,8159
00680L,元大美債20正2,49,0,49,台新-台南,2024-01-15,8159
2888,新光金,67,20,47,台新-台南,2024-01-15,8159
00715L,期街口布蘭特正2,52,7,45,台新-台南,2024-01-15,8159
00770,國泰北美科技,46,1,45,台新-台南,2024-01-15,8159
6139,亞翔,70,28,42,台新-台南,2024-01-15,8159
00830,國泰費城半導體,40,0,40,台新-台南,2024-01-15,8159
00676R,富邦臺灣加權反1,39,0,39,台新-台南,2024-01-15,8159
8033,雷虎,68,33,35,台新-台南,2024-01-15,8159
00878,國泰永續高股息,72,39,33,台新-台南,2024-01-15,8159
2630,亞航,40,7,33,台新-台南,2024-01-15,8159
00725B,國泰投資級公司債,33,0,33,台新-台南,2024-01-15,8159
3532,台勝科,31,0,31,台新-台南,2024-01-15,8159
00679B,元大美債20年,34,4,30,台新-台南,2024-01-15,8159
2887,台新金,33,3,30,台新-台南,2024-01-15,8159
0056,元大高股息,63,33,30,台新-台南,2024-01-15,8159
2323,中環,30,0,30,台新-台南,2024-01-15,8159
2612,中航,30,0,30,台新-台南,2024-01-15,8159
2609,陽明,70,43,27,台新-台南,2024-01-15,8159
00927,群益半導體收益,29,2,27,台新-台南,2024-01-15,8159
2610,華航,68,42,26,台新-台南,2024-01-15,8159
00753L,中信中國50正2,67,43,24,台新-台南,2024-01-15,8159
00687B,國泰20年美債,27,3,24,台新-台南,2024-01-15,8159
3017,奇鋐,29,7,22,台新-台南,2024-01-15,8159
2882,國泰金,21,0,21,台新-台南,2024-01-15,8159
2206,三陽工業,21,0,21,台新-台南,2024-01-15,8159
2409,友達,24,4,20,台新-台南,2024-01-15,8159
1603,華電,23,3,20,台新-台南,2024-01-15,8159
6177,達麗,20,0,20,台新-台南,2024-01-15,8159
3062,建漢,20,0,20,台新-台南,2024-01-15,8159
2406,國碩,25,5,20,台新-台南,2024-01-15,8159
1514,亞力,198,179,19,台新-台南,2024-01-15,8159
1513,中興電,114,96,18,台新-台南,2024-01-15,8159
8110,華東,21,3,18,台新-台南,2024-01-15,8159
1785,光洋科,20,3,17,台新-台南,2024-01-15,8159
8034,榮群,136,119,17,台新-台南,2024-01-15,8159
0056,元大高股息,366,31,335,台新-台南,2024-01-16,8159
00929,復華台灣科技優息,363,91,272,台新-台南,2024-01-16,8159
2897,王道銀行,207,0,207,台新-台南,2024-01-16,8159
00753L,中信中國50正2,422,297,125,台新-台南,2024-01-16,8159
2887,台新金,117,11,106,台新-台南,2024-01-16,8159
2883,凱基金,92,1,91,台新-台南,2024-01-16,8159
00878,國泰永續高股息,99,9,90,台新-台南,2024-01-16,8159
00927,群益半導體收益,84,0,84,台新-台南,2024-01-16,8159
2344,華邦電,97,13,84,台新-台南,2024-01-16,8159
2888,新光金,82,0,82,台新-台南,2024-01-16,8159
6185,幃翔,80,0,80,台新-台南,2024-01-16,8159
2867,三商壽,115,41,74,台新-台南,2024-01-16,8159
5347,世界,70,1,69,台新-台南,2024-01-16,8159
00881,國泰台灣5G+,69,1,68,台新-台南,2024-01-16,8159
2317,鴻海,60,0,60,台新-台南,2024-01-16,8159
00937B,群益ESG投等債20,61,3,58,台新-台南,2024-01-16,8159
00680L,元大美債20正2,57,0,57,台新-台南,2024-01-16,8159
00896,中信綠能及電動車,54,1,53,台新-台南,2024-01-16,8159
1609,大亞,134,81,53,台新-台南,2024-01-16,8159
00706L,期元大S＆P日圓正2,53,0,53,台新-台南,2024-01-16,8159
2002,中鋼,56,6,50,台新-台南,2024-01-16,8159
1314,中石化,51,2,49,台新-台南,2024-01-16,8159
00688L,國泰20年美債正2,47,0,47,台新-台南,2024-01-16,8159
6695,芯鼎,245,198,47,台新-台南,2024-01-16,8159
2609,陽明,79,32,47,台新-台南,2024-01-16,8159
2801,彰銀,45,0,45,台新-台南,2024-01-16,8159
00904,新光臺灣半導體30,44,2,42,台新-台南,2024-01-16,8159
1529,樂事綠能,42,2,40,台新-台南,2024-01-16,8159
2312,金寶,55,16,39,台新-台南,2024-01-16,8159
1440,南紡,42,4,38,台新-台南,2024-01-16,8159
1444,力麗,36,0,36,台新-台南,2024-01-16,8159
2515,中工,38,3,35,台新-台南,2024-01-16,8159
3576,聯合再生,34,0,34,台新-台南,2024-01-16,8159
2486,一詮,76,42,34,台新-台南,2024-01-16,8159
2834,臺企銀,51,20,31,台新-台南,2024-01-16,8159
3062,建漢,30,0,30,台新-台南,2024-01-16,8159
2356,英業達,40,11,29,台新-台南,2024-01-16,8159
1785,光洋科,30,1,29,台新-台南,2024-01-16,8159
3483,力致,31,2,29,台新-台南,2024-01-16,8159
00720B,元大投資級公司債,30,2,28,台新-台南,2024-01-16,8159
00933B,國泰10Y+金融債,41,13,28,台新-台南,2024-01-16,8159
3264,欣銓,27,0,27,台新-台南,2024-01-16,8159
2201,裕隆,38,12,26,台新-台南,2024-01-16,8159
00632R,元大台灣50反1,51,25,26,台新-台南,2024-01-16,8159
2023,燁輝,35,10,25,台新-台南,2024-01-16,8159
00679B,元大美債20年,31,6,25,台新-台南,2024-01-16,8159
00919,群益台灣精選高息,109,84,25,台新-台南,2024-01-16,8159
1101,台泥,31,7,24,台新-台南,2024-01-16,8159
6117,迎廣,43,20,23,台新-台南,2024-01-16,8159
5880,合庫金,23,1,22,台新-台南,2024-01-16,8159
00929,復華台灣科技優息,476,49,427,台新-台南,2024-01-17,8159
00919,群益台灣精選高息,390,26,364,台新-台南,2024-01-17,8159
00882,中信中國高股息,268,3,265,台新-台南,2024-01-17,8159
00878,國泰永續高股息,205,55,150,台新-台南,2024-01-17,8159
2887,台新金,162,13,149,台新-台南,2024-01-17,8159
0056,元大高股息,203,77,126,台新-台南,2024-01-17,8159
00937B,群益ESG投等債20,117,1,116,台新-台南,2024-01-17,8159
8926,台汽電,103,0,103,台新-台南,2024-01-17,8159
00896,中信綠能及電動車,92,0,92,台新-台南,2024-01-17,8159
3062,建漢,90,0,90,台新-台南,2024-01-17,8159
2303,聯電,203,113,90,台新-台南,2024-01-17,8159
2867,三商壽,75,9,66,台新-台南,2024-01-17,8159
1314,中石化,67,3,64,台新-台南,2024-01-17,8159
2356,英業達,75,11,64,台新-台南,2024-01-17,8159
6505,台塑化,68,5,63,台新-台南,2024-01-17,8159
00927,群益半導體收益,62,0,62,台新-台南,2024-01-17,8159
6185,幃翔,61,0,61,台新-台南,2024-01-17,8159
1444,力麗,61,0,61,台新-台南,2024-01-17,8159
2888,新光金,57,2,55,台新-台南,2024-01-17,8159
4162,智擎,53,1,52,台新-台南,2024-01-17,8159
2801,彰銀,71,20,51,台新-台南,2024-01-17,8159
2834,臺企銀,61,10,51,台新-台南,2024-01-17,8159
2520,冠德,50,0,50,台新-台南,2024-01-17,8159
00715L,期街口布蘭特正2,59,10,49,台新-台南,2024-01-17,8159
2884,玉山金,49,4,45,台新-台南,2024-01-17,8159
2618,長榮航,85,41,44,台新-台南,2024-01-17,8159
4526,東台,40,0,40,台新-台南,2024-01-17,8159
1504,東元,40,0,40,台新-台南,2024-01-17,8159
2883,凱基金,81,41,40,台新-台南,2024-01-17,8159
2344,華邦電,62,23,39,台新-台南,2024-01-17,8159
00680L,元大美債20正2,72,33,39,台新-台南,2024-01-17,8159
00650L,復華香港正2,81,45,36,台新-台南,2024-01-17,8159
5880,合庫金,37,2,35,台新-台南,2024-01-17,8159
2002,中鋼,39,5,34,台新-台南,2024-01-17,8159
2882,國泰金,40,7,33,台新-台南,2024-01-17,8159
6167,久正,31,0,31,台新-台南,2024-01-17,8159
00881,國泰台灣5G+,33,3,30,台新-台南,2024-01-17,8159
3032,偉訓,48,18,30,台新-台南,2024-01-17,8159
2881,富邦金,33,3,30,台新-台南,2024-01-17,8159
3617,碩天,30,0,30,台新-台南,2024-01-17,8159
00922,國泰台灣領袖50,30,0,30,台新-台南,2024-01-17,8159
5443,均豪,30,1,29,台新-台南,2024-01-17,8159
2317,鴻海,47,18,29,台新-台南,2024-01-17,8159
2603,長榮,31,3,28,台新-台南,2024-01-17,8159
1440,南紡,27,0,27,台新-台南,2024-01-17,8159
1718,中纖,27,0,27,台新-台南,2024-01-17,8159
2486,一詮,105,79,26,台新-台南,2024-01-17,8159
9907,統一實,24,0,24,台新-台南,2024-01-17,8159
3038,全台,25,1,24,台新-台南,2024-01-17,8159
6533,晶心科,54,30,24,台新-台南,2024-01-17,8159
1101,台泥,536,8,528,台新-台南,2024-01-18,8159
00929,復華台灣科技優息,281,97,184,台新-台南,2024-01-18,8159
4960,誠美材,257,127,130,台新-台南,2024-01-18,8159
6185,幃翔,129,0,129,台新-台南,2024-01-18,8159
1528,恩德,135,29,106,台新-台南,2024-01-18,8159
2409,友達,221,117,104,台新-台南,2024-01-18,8159
00882,中信中國高股息,109,15,94,台新-台南,2024-01-18,8159
00751B,元大AAA至A公司債,101,7,94,台新-台南,2024-01-18,8159
00919,群益台灣精選高息,130,52,78,台新-台南,2024-01-18,8159
2303,聯電,90,14,76,台新-台南,2024-01-18,8159
8926,台汽電,75,0,75,台新-台南,2024-01-18,8159
2888,新光金,73,0,73,台新-台南,2024-01-18,8159
00665L,富邦�琤肭磪囓�2,70,0,70,台新-台南,2024-01-18,8159
2887,台新金,62,0,62,台新-台南,2024-01-18,8159
2329,華泰,99,41,58,台新-台南,2024-01-18,8159
0056,元大高股息,71,16,55,台新-台南,2024-01-18,8159
00937B,群益ESG投等債20,54,8,46,台新-台南,2024-01-18,8159
00676R,富邦臺灣加權反1,40,0,40,台新-台南,2024-01-18,8159
00680L,元大美債20正2,32,0,32,台新-台南,2024-01-18,8159
00712,復華富時不動產,32,1,31,台新-台南,2024-01-18,8159
00706L,期元大S＆P日圓正2,31,0,31,台新-台南,2024-01-18,8159
2889,國票金,30,1,29,台新-台南,2024-01-18,8159
2382,廣達,63,36,27,台新-台南,2024-01-18,8159
3017,奇鋐,39,13,26,台新-台南,2024-01-18,8159
2457,飛宏,29,5,24,台新-台南,2024-01-18,8159
5426,振發,316,293,23,台新-台南,2024-01-18,8159
00904,新光臺灣半導體30,24,1,23,台新-台南,2024-01-18,8159
6505,台塑化,22,0,22,台新-台南,2024-01-18,8159
00637L,元大滬深300正2,62,40,22,台新-台南,2024-01-18,8159
2882,國泰金,26,5,21,台新-台南,2024-01-18,8159
00878,國泰永續高股息,78,58,20,台新-台南,2024-01-18,8159
00679B,元大美債20年,32,12,20,台新-台南,2024-01-18,8159
2365,昆盈,22,3,19,台新-台南,2024-01-18,8159
2892,第一金,26,7,19,台新-台南,2024-01-18,8159
2002,中鋼,26,7,19,台新-台南,2024-01-18,8159
2313,華通,27,10,17,台新-台南,2024-01-18,8159
6806,森崴能源,17,0,17,台新-台南,2024-01-18,8159
2337,旺宏,22,6,16,台新-台南,2024-01-18,8159
8936,國統,16,0,16,台新-台南,2024-01-18,8159
6129,普誠,16,0,16,台新-台南,2024-01-18,8159
2324,仁寶,41,25,16,台新-台南,2024-01-18,8159
1301,台塑,19,4,15,台新-台南,2024-01-18,8159
6235,華孚,18,3,15,台新-台南,2024-01-18,8159
00632R,元大台灣50反1,15,0,15,台新-台南,2024-01-18,8159
6770,力積電,17,3,14,台新-台南,2024-01-18,8159
4114,健喬,14,0,14,台新-台南,2024-01-18,8159
5880,合庫金,13,0,13,台新-台南,2024-01-18,8159
4934,太極,12,0,12,台新-台南,2024-01-18,8159
5488,松普,15,3,12,台新-台南,2024-01-18,8159
00633L,富邦上証正2,14,2,12,台新-台南,2024-01-18,8159
1101,台泥,1042,5,1037,台新-台南,2024-01-19,8159
00937B,群益ESG投等債20,232,31,201,台新-台南,2024-01-19,8159
00632R,元大台灣50反1,194,40,154,台新-台南,2024-01-19,8159
3062,建漢,110,0,110,台新-台南,2024-01-19,8159
2618,長榮航,112,13,99,台新-台南,2024-01-19,8159
00882,中信中國高股息,101,13,88,台新-台南,2024-01-19,8159
00922,國泰台灣領袖50,80,15,65,台新-台南,2024-01-19,8159
5521,工信,71,6,65,台新-台南,2024-01-19,8159
00687B,國泰20年美債,83,19,64,台新-台南,2024-01-19,8159
5880,合庫金,64,0,64,台新-台南,2024-01-19,8159
00904,新光臺灣半導體30,62,0,62,台新-台南,2024-01-19,8159
00676R,富邦臺灣加權反1,60,0,60,台新-台南,2024-01-19,8159
2353,宏��,87,33,54,台新-台南,2024-01-19,8159
4712,福格創新,50,0,50,台新-台南,2024-01-19,8159
8182,加高,49,0,49,台新-台南,2024-01-19,8159
0056,元大高股息,67,22,45,台新-台南,2024-01-19,8159
00931B,統一美債20年,41,0,41,台新-台南,2024-01-19,8159
4526,東台,40,0,40,台新-台南,2024-01-19,8159
2887,台新金,41,1,40,台新-台南,2024-01-19,8159
2889,國票金,40,1,39,台新-台南,2024-01-19,8159
1609,大亞,44,5,39,台新-台南,2024-01-19,8159
2365,昆盈,36,0,36,台新-台南,2024-01-19,8159
00795B,中信美國公債20年,35,0,35,台新-台南,2024-01-19,8159
2377,微星,36,4,32,台新-台南,2024-01-19,8159
1514,亞力,43,12,31,台新-台南,2024-01-19,8159
2891,中信金,33,3,30,台新-台南,2024-01-19,8159
2324,仁寶,56,26,30,台新-台南,2024-01-19,8159
2603,長榮,37,8,29,台新-台南,2024-01-19,8159
00679B,元大美債20年,54,25,29,台新-台南,2024-01-19,8159
2002,中鋼,30,3,27,台新-台南,2024-01-19,8159
00720B,元大投資級公司債,25,1,24,台新-台南,2024-01-19,8159
6185,幃翔,25,1,24,台新-台南,2024-01-19,8159
00885,富邦越南,30,6,24,台新-台南,2024-01-19,8159
3312,弘憶股,23,0,23,台新-台南,2024-01-19,8159
2303,聯電,31,8,23,台新-台南,2024-01-19,8159
2460,建通,24,2,22,台新-台南,2024-01-19,8159
00673R,期元大S＆P原油反1,21,0,21,台新-台南,2024-01-19,8159
9105,泰金寶-DR,33,12,21,台新-台南,2024-01-19,8159
2888,新光金,30,9,21,台新-台南,2024-01-19,8159
3576,聯合再生,21,1,20,台新-台南,2024-01-19,8159
6770,力積電,21,2,19,台新-台南,2024-01-19,8159
2362,藍天,45,26,19,台新-台南,2024-01-19,8159
2409,友達,83,65,18,台新-台南,2024-01-19,8159
2610,華航,30,12,18,台新-台南,2024-01-19,8159
3033,威健,26,10,16,台新-台南,2024-01-19,8159
6187,萬潤,73,57,16,台新-台南,2024-01-19,8159
00751B,元大AAA至A公司債,17,1,16,台新-台南,2024-01-19,8159
6533,晶心科,16,1,15,台新-台南,2024-01-19,8159
1909,榮成,15,0,15,台新-台南,2024-01-19,8159
00712,復華富時不動產,14,0,14,台新-台南,2024-01-19,8159
00680L,元大美債20正2,275,27,248,台新-台南,2024-01-22,8159
00882,中信中國高股息,209,27,182,台新-台南,2024-01-22,8159
1101,台泥,187,8,179,台新-台南,2024-01-22,8159
00937B,群益ESG投等債20,124,4,120,台新-台南,2024-01-22,8159
00919,群益台灣精選高息,119,5,114,台新-台南,2024-01-22,8159
2344,華邦電,130,22,108,台新-台南,2024-01-22,8159
00665L,富邦�琤肭磪囓�2,225,130,95,台新-台南,2024-01-22,8159
2618,長榮航,110,15,95,台新-台南,2024-01-22,8159
2603,長榮,88,13,75,台新-台南,2024-01-22,8159
2610,華航,112,38,74,台新-台南,2024-01-22,8159
6139,亞翔,73,4,69,台新-台南,2024-01-22,8159
3033,威健,80,14,66,台新-台南,2024-01-22,8159
1513,中興電,56,6,50,台新-台南,2024-01-22,8159
2887,台新金,50,0,50,台新-台南,2024-01-22,8159
2323,中環,60,11,49,台新-台南,2024-01-22,8159
2316,楠梓電,62,15,47,台新-台南,2024-01-22,8159
00929,復華台灣科技優息,191,145,46,台新-台南,2024-01-22,8159
00933B,國泰10Y+金融債,49,3,46,台新-台南,2024-01-22,8159
00753L,中信中國50正2,44,1,43,台新-台南,2024-01-22,8159
2353,宏��,111,69,42,台新-台南,2024-01-22,8159
00885,富邦越南,40,5,35,台新-台南,2024-01-22,8159
2101,南港,34,0,34,台新-台南,2024-01-22,8159
4906,正文,65,31,34,台新-台南,2024-01-22,8159
2609,陽明,69,41,28,台新-台南,2024-01-22,8159
2402,毅嘉,51,23,28,台新-台南,2024-01-22,8159
00720B,元大投資級公司債,37,12,25,台新-台南,2024-01-22,8159
00687B,國泰20年美債,29,5,24,台新-台南,2024-01-22,8159
00715L,期街口布蘭特正2,26,3,23,台新-台南,2024-01-22,8159
5519,隆大,23,1,22,台新-台南,2024-01-22,8159
2880,華南金,21,1,20,台新-台南,2024-01-22,8159
3062,建漢,20,0,20,台新-台南,2024-01-22,8159
2308,台達電,21,1,20,台新-台南,2024-01-22,8159
2208,台船,20,1,19,台新-台南,2024-01-22,8159
3704,合勤控,19,1,18,台新-台南,2024-01-22,8159
00751B,元大AAA至A公司債,22,5,17,台新-台南,2024-01-22,8159
2883,凱基金,17,0,17,台新-台南,2024-01-22,8159
8059,凱碩,34,17,17,台新-台南,2024-01-22,8159
2834,臺企銀,30,15,15,台新-台南,2024-01-22,8159
5347,世界,15,1,14,台新-台南,2024-01-22,8159
00676R,富邦臺灣加權反1,13,0,13,台新-台南,2024-01-22,8159
2436,偉詮電,15,3,12,台新-台南,2024-01-22,8159
6163,華電網,54,42,12,台新-台南,2024-01-22,8159
00931B,統一美債20年,11,0,11,台新-台南,2024-01-22,8159
6578,達邦蛋白,11,0,11,台新-台南,2024-01-22,8159
6164,華興,11,0,11,台新-台南,2024-01-22,8159
3312,弘憶股,13,2,11,台新-台南,2024-01-22,8159
8926,台汽電,12,1,11,台新-台南,2024-01-22,8159
2329,華泰,134,123,11,台新-台南,2024-01-22,8159
5880,合庫金,11,1,10,台新-台南,2024-01-22,8159
1802,台玻,11,1,10,台新-台南,2024-01-22,8159
3545,敦泰,275,82,193,台新-台南,2024-01-23,8159
00680L,元大美債20正2,117,0,117,台新-台南,2024-01-23,8159
00720B,元大投資級公司債,113,8,105,台新-台南,2024-01-23,8159
3437,榮創,119,31,88,台新-台南,2024-01-23,8159
3062,建漢,60,1,59,台新-台南,2024-01-23,8159
2609,陽明,64,10,54,台新-台南,2024-01-23,8159
00688L,國泰20年美債正2,101,50,51,台新-台南,2024-01-23,8159
00882,中信中國高股息,54,5,49,台新-台南,2024-01-23,8159
2356,英業達,318,271,47,台新-台南,2024-01-23,8159
2618,長榮航,61,14,47,台新-台南,2024-01-23,8159
1471,首利,45,0,45,台新-台南,2024-01-23,8159
6179,亞通,46,3,43,台新-台南,2024-01-23,8159
6120,達運,73,32,41,台新-台南,2024-01-23,8159
2887,台新金,42,4,38,台新-台南,2024-01-23,8159
2355,敬鵬,38,1,37,台新-台南,2024-01-23,8159
3706,神達,54,19,35,台新-台南,2024-01-23,8159
2603,長榮,40,6,34,台新-台南,2024-01-23,8159
3623,富晶通,43,10,33,台新-台南,2024-01-23,8159
8034,榮群,48,19,29,台新-台南,2024-01-23,8159
6167,久正,31,2,29,台新-台南,2024-01-23,8159
3032,偉訓,31,4,27,台新-台南,2024-01-23,8159
1528,恩德,33,8,25,台新-台南,2024-01-23,8159
2492,華新科,31,6,25,台新-台南,2024-01-23,8159
2388,威盛,37,15,22,台新-台南,2024-01-23,8159
00679B,元大美債20年,22,0,22,台新-台南,2024-01-23,8159
2884,玉山金,22,2,20,台新-台南,2024-01-23,8159
2801,彰銀,20,0,20,台新-台南,2024-01-23,8159
00673R,期元大S＆P原油反1,20,0,20,台新-台南,2024-01-23,8159
2605,新興,22,2,20,台新-台南,2024-01-23,8159
2316,楠梓電,19,0,19,台新-台南,2024-01-23,8159
3033,威健,20,1,19,台新-台南,2024-01-23,8159
2515,中工,28,9,19,台新-台南,2024-01-23,8159
2882,國泰金,19,1,18,台新-台南,2024-01-23,8159
6113,亞矽,21,3,18,台新-台南,2024-01-23,8159
6770,力積電,25,7,18,台新-台南,2024-01-23,8159
2890,永豐金,47,30,17,台新-台南,2024-01-23,8159
2317,鴻海,36,19,17,台新-台南,2024-01-23,8159
1524,耿鼎,18,1,17,台新-台南,2024-01-23,8159
2002,中鋼,19,3,16,台新-台南,2024-01-23,8159
1440,南紡,20,5,15,台新-台南,2024-01-23,8159
3363,上詮,16,1,15,台新-台南,2024-01-23,8159
6139,亞翔,16,1,15,台新-台南,2024-01-23,8159
2892,第一金,15,1,14,台新-台南,2024-01-23,8159
5519,隆大,14,0,14,台新-台南,2024-01-23,8159
2332,友訊,36,22,14,台新-台南,2024-01-23,8159
00933B,國泰10Y+金融債,16,3,13,台新-台南,2024-01-23,8159
6117,迎廣,25,12,13,台新-台南,2024-01-23,8159
4908,前鼎,16,3,13,台新-台南,2024-01-23,8159
5469,瀚宇博,16,3,13,台新-台南,2024-01-23,8159
1314,中石化,12,0,12,台新-台南,2024-01-23,8159
1440,南紡,195,2,193,台新-台南,2024-01-24,8159
00937B,群益ESG投等債20,158,7,151,台新-台南,2024-01-24,8159
2369,菱生,312,193,119,台新-台南,2024-01-24,8159
2883,凱基金,91,4,87,台新-台南,2024-01-24,8159
00687B,國泰20年美債,71,1,70,台新-台南,2024-01-24,8159
00715L,期街口布蘭特正2,77,9,68,台新-台南,2024-01-24,8159
00752,中信中國50,66,0,66,台新-台南,2024-01-24,8159
00679B,元大美債20年,62,0,62,台新-台南,2024-01-24,8159
00882,中信中國高股息,71,10,61,台新-台南,2024-01-24,8159
00632R,元大台灣50反1,85,35,50,台新-台南,2024-01-24,8159
00688L,國泰20年美債正2,43,0,43,台新-台南,2024-01-24,8159
2460,建通,104,61,43,台新-台南,2024-01-24,8159
2324,仁寶,48,11,37,台新-台南,2024-01-24,8159
00680L,元大美債20正2,70,36,34,台新-台南,2024-01-24,8159
3545,敦泰,241,208,33,台新-台南,2024-01-24,8159
00795B,中信美國公債20年,31,0,31,台新-台南,2024-01-24,8159
6167,久正,40,12,28,台新-台南,2024-01-24,8159
9921,巨大,37,11,26,台新-台南,2024-01-24,8159
00675L,富邦臺灣加權正2,27,2,25,台新-台南,2024-01-24,8159
3032,偉訓,24,0,24,台新-台南,2024-01-24,8159
00753L,中信中國50正2,27,3,24,台新-台南,2024-01-24,8159
6111,大宇資,41,17,24,台新-台南,2024-01-24,8159
6117,迎廣,25,2,23,台新-台南,2024-01-24,8159
5347,世界,29,6,23,台新-台南,2024-01-24,8159
5425,台半,22,0,22,台新-台南,2024-01-24,8159
3706,神達,39,18,21,台新-台南,2024-01-24,8159
3062,建漢,20,0,20,台新-台南,2024-01-24,8159
00931B,統一美債20年,19,0,19,台新-台南,2024-01-24,8159
2374,佳能,19,0,19,台新-台南,2024-01-24,8159
3041,揚智,38,19,19,台新-台南,2024-01-24,8159
3437,榮創,20,1,19,台新-台南,2024-01-24,8159
3260,威剛,38,20,18,台新-台南,2024-01-24,8159
2353,宏��,147,129,18,台新-台南,2024-01-24,8159
2365,昆盈,20,3,17,台新-台南,2024-01-24,8159
2356,英業達,95,79,16,台新-台南,2024-01-24,8159
3499,環天科,15,0,15,台新-台南,2024-01-24,8159
8930,青鋼,15,0,15,台新-台南,2024-01-24,8159
6248,沛波,14,0,14,台新-台南,2024-01-24,8159
6229,研通,19,5,14,台新-台南,2024-01-24,8159
00933B,國泰10Y+金融債,15,1,14,台新-台南,2024-01-24,8159
1319,東陽,33,19,14,台新-台南,2024-01-24,8159
2887,台新金,15,1,14,台新-台南,2024-01-24,8159
6531,愛普*,17,3,14,台新-台南,2024-01-24,8159
2455,全新,13,0,13,台新-台南,2024-01-24,8159
2101,南港,15,3,12,台新-台南,2024-01-24,8159
00720B,元大投資級公司債,22,10,12,台新-台南,2024-01-24,8159
3231,緯創,74,62,12,台新-台南,2024-01-24,8159
1303,南亞,11,0,11,台新-台南,2024-01-24,8159
9945,潤泰新,11,0,11,台新-台南,2024-01-24,8159
1732,毛寶,11,0,11,台新-台南,2024-01-24,8159
6167,久正,264,25,239,台新-台南,2024-01-25,8159
00680L,元大美債20正2,254,21,233,台新-台南,2024-01-25,8159
00687B,國泰20年美債,233,6,227,台新-台南,2024-01-25,8159
00937B,群益ESG投等債20,194,10,184,台新-台南,2024-01-25,8159
5521,工信,150,0,150,台新-台南,2024-01-25,8159
00688L,國泰20年美債正2,131,0,131,台新-台南,2024-01-25,8159
1440,南紡,100,0,100,台新-台南,2024-01-25,8159
2884,玉山金,104,5,99,台新-台南,2024-01-25,8159
00919,群益台灣精選高息,138,41,97,台新-台南,2024-01-25,8159
3712,永崴投控,114,21,93,台新-台南,2024-01-25,8159
00633L,富邦上証正2,89,10,79,台新-台南,2024-01-25,8159
00720B,元大投資級公司債,61,5,56,台新-台南,2024-01-25,8159
5478,智冠,58,8,50,台新-台南,2024-01-25,8159
00679B,元大美債20年,46,5,41,台新-台南,2024-01-25,8159
3704,合勤控,36,0,36,台新-台南,2024-01-25,8159
5880,合庫金,36,0,36,台新-台南,2024-01-25,8159
00931B,統一美債20年,37,3,34,台新-台南,2024-01-25,8159
1524,耿鼎,48,14,34,台新-台南,2024-01-25,8159
00933B,國泰10Y+金融債,43,10,33,台新-台南,2024-01-25,8159
00637L,元大滬深300正2,46,14,32,台新-台南,2024-01-25,8159
2308,台達電,38,7,31,台新-台南,2024-01-25,8159
6243,迅杰,34,3,31,台新-台南,2024-01-25,8159
2609,陽明,30,2,28,台新-台南,2024-01-25,8159
1612,宏泰,30,2,28,台新-台南,2024-01-25,8159
2486,一詮,37,9,28,台新-台南,2024-01-25,8159
1314,中石化,40,14,26,台新-台南,2024-01-25,8159
4123,晟德,27,1,26,台新-台南,2024-01-25,8159
2801,彰銀,24,0,24,台新-台南,2024-01-25,8159
2356,英業達,74,51,23,台新-台南,2024-01-25,8159
2515,中工,23,0,23,台新-台南,2024-01-25,8159
00712,復華富時不動產,32,9,23,台新-台南,2024-01-25,8159
00753L,中信中國50正2,610,588,22,台新-台南,2024-01-25,8159
3296,勝德,22,0,22,台新-台南,2024-01-25,8159
2603,長榮,32,10,22,台新-台南,2024-01-25,8159
00918,大華優利高填息30,23,2,21,台新-台南,2024-01-25,8159
8936,國統,33,13,20,台新-台南,2024-01-25,8159
3062,建漢,20,0,20,台新-台南,2024-01-25,8159
2462,良得電,19,0,19,台新-台南,2024-01-25,8159
2344,華邦電,33,14,19,台新-台南,2024-01-25,8159
00882,中信中國高股息,33,15,18,台新-台南,2024-01-25,8159
00795B,中信美國公債20年,23,5,18,台新-台南,2024-01-25,8159
3437,榮創,17,0,17,台新-台南,2024-01-25,8159
3520,華盈,32,15,17,台新-台南,2024-01-25,8159
3312,弘憶股,22,5,17,台新-台南,2024-01-25,8159
3047,訊舟,28,12,16,台新-台南,2024-01-25,8159
00878,國泰永續高股息,59,44,15,台新-台南,2024-01-25,8159
8086,宏捷科,19,4,15,台新-台南,2024-01-25,8159
2376,技嘉,38,23,15,台新-台南,2024-01-25,8159
6274,台燿,27,13,14,台新-台南,2024-01-25,8159
6126,信音,14,0,14,台新-台南,2024-01-25,8159
2303,聯電,309,65,244,台新-台南,2024-01-26,8159
00929,復華台灣科技優息,164,19,145,台新-台南,2024-01-26,8159
00673R,期元大S＆P原油反1,134,0,134,台新-台南,2024-01-26,8159
2618,長榮航,108,10,98,台新-台南,2024-01-26,8159
0056,元大高股息,101,10,91,台新-台南,2024-01-26,8159
8182,加高,78,0,78,台新-台南,2024-01-26,8159
00687B,國泰20年美債,88,12,76,台新-台南,2024-01-26,8159
5880,合庫金,73,0,73,台新-台南,2024-01-26,8159
00878,國泰永續高股息,81,9,72,台新-台南,2024-01-26,8159
00937B,群益ESG投等債20,74,4,70,台新-台南,2024-01-26,8159
00919,群益台灣精選高息,69,22,47,台新-台南,2024-01-26,8159
4939,亞電,46,1,45,台新-台南,2024-01-26,8159
00934,中信成長高股息,45,0,45,台新-台南,2024-01-26,8159
2324,仁寶,87,44,43,台新-台南,2024-01-26,8159
00932,兆豐永續高息等權,36,0,36,台新-台南,2024-01-26,8159
00753L,中信中國50正2,52,17,35,台新-台南,2024-01-26,8159
00688L,國泰20年美債正2,35,0,35,台新-台南,2024-01-26,8159
3312,弘憶股,36,3,33,台新-台南,2024-01-26,8159
4953,緯軟,48,15,33,台新-台南,2024-01-26,8159
8034,榮群,37,7,30,台新-台南,2024-01-26,8159
00637L,元大滬深300正2,43,14,29,台新-台南,2024-01-26,8159
00706L,期元大S＆P日圓正2,29,0,29,台新-台南,2024-01-26,8159
1319,東陽,63,34,29,台新-台南,2024-01-26,8159
2329,華泰,73,46,27,台新-台南,2024-01-26,8159
4968,立積,42,15,27,台新-台南,2024-01-26,8159
00930,永豐ESG低碳高息,25,0,25,台新-台南,2024-01-26,8159
3704,合勤控,25,0,25,台新-台南,2024-01-26,8159
6546,正基,22,1,21,台新-台南,2024-01-26,8159
6120,達運,24,4,20,台新-台南,2024-01-26,8159
2352,佳世達,21,1,20,台新-台南,2024-01-26,8159
6270,倍微,87,67,20,台新-台南,2024-01-26,8159
5488,松普,30,10,20,台新-台南,2024-01-26,8159
2614,東森,20,1,19,台新-台南,2024-01-26,8159
6243,迅杰,23,4,19,台新-台南,2024-01-26,8159
9103,美德醫療-DR,18,0,18,台新-台南,2024-01-26,8159
00882,中信中國高股息,24,7,17,台新-台南,2024-01-26,8159
6278,台表科,20,3,17,台新-台南,2024-01-26,8159
2739,寒舍,19,2,17,台新-台南,2024-01-26,8159
00918,大華優利高填息30,17,0,17,台新-台南,2024-01-26,8159
2431,聯昌,26,10,16,台新-台南,2024-01-26,8159
8096,擎亞,35,19,16,台新-台南,2024-01-26,8159
2376,技嘉,42,27,15,台新-台南,2024-01-26,8159
6438,迅得,15,0,15,台新-台南,2024-01-26,8159
6147,頎邦,24,9,15,台新-台南,2024-01-26,8159
6486,互動,15,0,15,台新-台南,2024-01-26,8159
8050,廣積,16,1,15,台新-台南,2024-01-26,8159
8147,正淩,18,3,15,台新-台南,2024-01-26,8159
9136,巨騰-DR,30,15,15,台新-台南,2024-01-26,8159
6117,迎廣,20,6,14,台新-台南,2024-01-26,8159
3694,海華,80,66,14,台新-台南,2024-01-26,8159
2618,長榮航,426,264,162,台新-台南,2024-01-29,8159
00933B,國泰10Y+金融債,130,0,130,台新-台南,2024-01-29,8159
00673R,期元大S＆P原油反1,111,3,108,台新-台南,2024-01-29,8159
00937B,群益ESG投等債20,91,1,90,台新-台南,2024-01-29,8159
00637L,元大滬深300正2,89,4,85,台新-台南,2024-01-29,8159
8064,東捷,106,32,74,台新-台南,2024-01-29,8159
3437,榮創,104,34,70,台新-台南,2024-01-29,8159
00687B,國泰20年美債,113,49,64,台新-台南,2024-01-29,8159
2356,英業達,76,15,61,台新-台南,2024-01-29,8159
2460,建通,56,0,56,台新-台南,2024-01-29,8159
6116,彩晶,51,1,50,台新-台南,2024-01-29,8159
00751B,元大AAA至A公司債,45,0,45,台新-台南,2024-01-29,8159
00902,中信電池及儲能,45,0,45,台新-台南,2024-01-29,8159
00679B,元大美債20年,44,5,39,台新-台南,2024-01-29,8159
6265,方土昶,36,5,31,台新-台南,2024-01-29,8159
2303,聯電,46,15,31,台新-台南,2024-01-29,8159
3622,洋華,41,13,28,台新-台南,2024-01-29,8159
3218,大學光,27,2,25,台新-台南,2024-01-29,8159
6180,橘子,31,6,25,台新-台南,2024-01-29,8159
2365,昆盈,26,2,24,台新-台南,2024-01-29,8159
2887,台新金,29,5,24,台新-台南,2024-01-29,8159
4967,十銓,20,0,20,台新-台南,2024-01-29,8159
00919,群益台灣精選高息,54,35,19,台新-台南,2024-01-29,8159
00753L,中信中國50正2,21,3,18,台新-台南,2024-01-29,8159
00706L,期元大S＆P日圓正2,18,0,18,台新-台南,2024-01-29,8159
5426,振發,97,81,16,台新-台南,2024-01-29,8159
00882,中信中國高股息,21,5,16,台新-台南,2024-01-29,8159
9919,康那香,16,0,16,台新-台南,2024-01-29,8159
2409,友達,33,17,16,台新-台南,2024-01-29,8159
00720B,元大投資級公司債,15,0,15,台新-台南,2024-01-29,8159
2337,旺宏,15,0,15,台新-台南,2024-01-29,8159
4979,華星光,21,6,15,台新-台南,2024-01-29,8159
6233,旺玖,15,1,14,台新-台南,2024-01-29,8159
5488,松普,14,0,14,台新-台南,2024-01-29,8159
1785,光洋科,17,4,13,台新-台南,2024-01-29,8159
9904,寶成,11,0,11,台新-台南,2024-01-29,8159
6243,迅杰,22,11,11,台新-台南,2024-01-29,8159
2739,寒舍,12,2,10,台新-台南,2024-01-29,8159
00650L,復華香港正2,12,2,10,台新-台南,2024-01-29,8159
3491,昇達科,10,0,10,台新-台南,2024-01-29,8159
3236,千如,10,0,10,台新-台南,2024-01-29,8159
00924,復華S＆P500成長,10,0,10,台新-台南,2024-01-29,8159
00680L,元大美債20正2,9,0,9,台新-台南,2024-01-29,8159
8054,安國,107,98,9,台新-台南,2024-01-29,8159
2886,兆豐金,10,1,9,台新-台南,2024-01-29,8159
3035,智原,42,33,9,台新-台南,2024-01-29,8159
3490,單井,11,2,9,台新-台南,2024-01-29,8159
2882,國泰金,9,0,9,台新-台南,2024-01-29,8159
1101,台泥,10,1,9,台新-台南,2024-01-29,8159
3360,尚立,43,35,8,台新-台南,2024-01-29,8159
2897,王道銀行,220,0,220,台新-台南,2024-01-30,8159
00933B,國泰10Y+金融債,155,37,118,台新-台南,2024-01-30,8159
00753L,中信中國50正2,92,1,91,台新-台南,2024-01-30,8159
00919,群益台灣精選高息,105,16,89,台新-台南,2024-01-30,8159
2421,建準,176,122,54,台新-台南,2024-01-30,8159
00929,復華台灣科技優息,83,31,52,台新-台南,2024-01-30,8159
00882,中信中國高股息,54,5,49,台新-台南,2024-01-30,8159
00637L,元大滬深300正2,60,14,46,台新-台南,2024-01-30,8159
2460,建通,51,6,45,台新-台南,2024-01-30,8159
2887,台新金,48,4,44,台新-台南,2024-01-30,8159
2365,昆盈,62,18,44,台新-台南,2024-01-30,8159
2409,友達,172,129,43,台新-台南,2024-01-30,8159
2884,玉山金,43,4,39,台新-台南,2024-01-30,8159
5009,榮剛,46,8,38,台新-台南,2024-01-30,8159
3481,群創,69,31,38,台新-台南,2024-01-30,8159
2390,云辰,35,0,35,台新-台南,2024-01-30,8159
1101,台泥,37,4,33,台新-台南,2024-01-30,8159
2610,華航,38,6,32,台新-台南,2024-01-30,8159
00937B,群益ESG投等債20,37,6,31,台新-台南,2024-01-30,8159
00679B,元大美債20年,32,2,30,台新-台南,2024-01-30,8159
5521,工信,30,0,30,台新-台南,2024-01-30,8159
2337,旺宏,29,1,28,台新-台南,2024-01-30,8159
2834,臺企銀,47,20,27,台新-台南,2024-01-30,8159
00931B,統一美債20年,29,2,27,台新-台南,2024-01-30,8159
4956,光鋐,38,13,25,台新-台南,2024-01-30,8159
2457,飛宏,24,0,24,台新-台南,2024-01-30,8159
3033,威健,25,1,24,台新-台南,2024-01-30,8159
5284,jpp-KY,33,11,22,台新-台南,2024-01-30,8159
3044,健鼎,24,3,21,台新-台南,2024-01-30,8159
00665L,富邦�琤肭磪囓�2,62,41,21,台新-台南,2024-01-30,8159
00715L,期街口布蘭特正2,80,59,21,台新-台南,2024-01-30,8159
3715,定穎投控,50,29,21,台新-台南,2024-01-30,8159
2349,錸德,20,0,20,台新-台南,2024-01-30,8159
2883,凱基金,24,4,20,台新-台南,2024-01-30,8159
2353,宏��,27,7,20,台新-台南,2024-01-30,8159
00673R,期元大S＆P原油反1,50,31,19,台新-台南,2024-01-30,8159
2344,華邦電,25,8,17,台新-台南,2024-01-30,8159
3236,千如,17,0,17,台新-台南,2024-01-30,8159
5347,世界,19,2,17,台新-台南,2024-01-30,8159
5871,中租-KY,16,1,15,台新-台南,2024-01-30,8159
6147,頎邦,15,0,15,台新-台南,2024-01-30,8159
00902,中信電池及儲能,15,0,15,台新-台南,2024-01-30,8159
2388,威盛,27,12,15,台新-台南,2024-01-30,8159
3376,新日興,36,22,14,台新-台南,2024-01-30,8159
3535,晶彩科,14,0,14,台新-台南,2024-01-30,8159
2515,中工,14,0,14,台新-台南,2024-01-30,8159
2324,仁寶,30,16,14,台新-台南,2024-01-30,8159
00922,國泰台灣領袖50,19,5,14,台新-台南,2024-01-30,8159
2618,長榮航,62,48,14,台新-台南,2024-01-30,8159
6179,亞通,24,10,14,台新-台南,2024-01-30,8159
3481,群創,302,29,273,台新-台南,2024-01-31,8159
00929,復華台灣科技優息,223,67,156,台新-台南,2024-01-31,8159
00680L,元大美債20正2,394,243,151,台新-台南,2024-01-31,8159
00937B,群益ESG投等債20,188,47,141,台新-台南,2024-01-31,8159
00687B,國泰20年美債,125,25,100,台新-台南,2024-01-31,8159
6233,旺玖,103,10,93,台新-台南,2024-01-31,8159
2883,凱基金,103,16,87,台新-台南,2024-01-31,8159
0056,元大高股息,88,2,86,台新-台南,2024-01-31,8159
2897,王道銀行,80,0,80,台新-台南,2024-01-31,8159
2390,云辰,68,0,68,台新-台南,2024-01-31,8159
3622,洋華,86,23,63,台新-台南,2024-01-31,8159
00882,中信中國高股息,65,3,62,台新-台南,2024-01-31,8159
00712,復華富時不動產,55,0,55,台新-台南,2024-01-31,8159
3545,敦泰,230,175,55,台新-台南,2024-01-31,8159
00673R,期元大S＆P原油反1,51,0,51,台新-台南,2024-01-31,8159
00878,國泰永續高股息,60,14,46,台新-台南,2024-01-31,8159
4960,誠美材,87,46,41,台新-台南,2024-01-31,8159
00919,群益台灣精選高息,45,7,38,台新-台南,2024-01-31,8159
6770,力積電,39,2,37,台新-台南,2024-01-31,8159
2303,聯電,44,8,36,台新-台南,2024-01-31,8159
6120,達運,36,3,33,台新-台南,2024-01-31,8159
2609,陽明,42,10,32,台新-台南,2024-01-31,8159
3715,定穎投控,42,15,27,台新-台南,2024-01-31,8159
2356,英業達,65,40,25,台新-台南,2024-01-31,8159
2355,敬鵬,30,5,25,台新-台南,2024-01-31,8159
3706,神達,26,1,25,台新-台南,2024-01-31,8159
2460,建通,30,6,24,台新-台南,2024-01-31,8159
3376,新日興,122,98,24,台新-台南,2024-01-31,8159
3231,緯創,71,48,23,台新-台南,2024-01-31,8159
2409,友達,32,9,23,台新-台南,2024-01-31,8159
1101,台泥,31,8,23,台新-台南,2024-01-31,8159
4562,穎漢,22,0,22,台新-台南,2024-01-31,8159
2610,華航,36,14,22,台新-台南,2024-01-31,8159
00922,國泰台灣領袖50,30,10,20,台新-台南,2024-01-31,8159
2888,新光金,23,3,20,台新-台南,2024-01-31,8159
2353,宏��,27,7,20,台新-台南,2024-01-31,8159
2368,金像電,23,4,19,台新-台南,2024-01-31,8159
2330,台積電,26,7,19,台新-台南,2024-01-31,8159
1325,恆大,47,28,19,台新-台南,2024-01-31,8159
3035,智原,36,18,18,台新-台南,2024-01-31,8159
2337,旺宏,28,11,17,台新-台南,2024-01-31,8159
00935,野村臺灣新科技50,17,0,17,台新-台南,2024-01-31,8159
2812,台中銀,17,0,17,台新-台南,2024-01-31,8159
2613,中櫃,16,0,16,台新-台南,2024-01-31,8159
6173,信昌電,16,0,16,台新-台南,2024-01-31,8159
3504,揚明光,19,3,16,台新-台南,2024-01-31,8159
00690,兆豐藍籌30,21,6,15,台新-台南,2024-01-31,8159
2887,台新金,19,4,15,台新-台南,2024-01-31,8159
2344,華邦電,27,13,14,台新-台南,2024-01-31,8159
3017,奇鋐,30,16,14,台新-台南,2024-01-31,8159
2409,友達,192,23,169,台新-台南,2024-02-01,8159
2812,台中銀,234,90,144,台新-台南,2024-02-01,8159
00712,復華富時不動產,131,0,131,台新-台南,2024-02-01,8159
2025,千興,133,35,98,台新-台南,2024-02-01,8159
2408,南亞科,70,0,70,台新-台南,2024-02-01,8159
00679B,元大美債20年,80,14,66,台新-台南,2024-02-01,8159
00929,復華台灣科技優息,85,28,57,台新-台南,2024-02-01,8159
2303,聯電,86,34,52,台新-台南,2024-02-01,8159
00919,群益台灣精選高息,61,13,48,台新-台南,2024-02-01,8159
4712,福格創新,47,0,47,台新-台南,2024-02-01,8159
00673R,期元大S＆P原油反1,50,7,43,台新-台南,2024-02-01,8159
3294,英濟,46,4,42,台新-台南,2024-02-01,8159
00715L,期街口布蘭特正2,42,4,38,台新-台南,2024-02-01,8159
2017,官田鋼,40,2,38,台新-台南,2024-02-01,8159
00882,中信中國高股息,38,1,37,台新-台南,2024-02-01,8159
00878,國泰永續高股息,87,51,36,台新-台南,2024-02-01,8159
2486,一詮,74,42,32,台新-台南,2024-02-01,8159
00937B,群益ESG投等債20,50,20,30,台新-台南,2024-02-01,8159
3545,敦泰,29,0,29,台新-台南,2024-02-01,8159
00753L,中信中國50正2,30,1,29,台新-台南,2024-02-01,8159
2382,廣達,54,26,28,台新-台南,2024-02-01,8159
00687B,國泰20年美債,86,59,27,台新-台南,2024-02-01,8159
3711,日月光投控,28,2,26,台新-台南,2024-02-01,8159
8059,凱碩,29,4,25,台新-台南,2024-02-01,8159
2405,輔信,25,0,25,台新-台南,2024-02-01,8159
3706,神達,26,4,22,台新-台南,2024-02-01,8159
1432,大魯閣,22,0,22,台新-台南,2024-02-01,8159
00725B,國泰投資級公司債,21,0,21,台新-台南,2024-02-01,8159
6270,倍微,25,5,20,台新-台南,2024-02-01,8159
00632R,元大台灣50反1,22,3,19,台新-台南,2024-02-01,8159
00637L,元大滬深300正2,20,1,19,台新-台南,2024-02-01,8159
3504,揚明光,18,0,18,台新-台南,2024-02-01,8159
1732,毛寶,36,18,18,台新-台南,2024-02-01,8159
00933B,國泰10Y+金融債,24,7,17,台新-台南,2024-02-01,8159
1101,台泥,26,8,18,台新-台南,2024-02-01,8159
6695,芯鼎,96,79,17,台新-台南,2024-02-01,8159
8473,山林水,28,11,17,台新-台南,2024-02-01,8159
6799,來頡,29,13,16,台新-台南,2024-02-01,8159
1503,士電,42,26,16,台新-台南,2024-02-01,8159
4562,穎漢,16,0,16,台新-台南,2024-02-01,8159
00927,群益半導體收益,15,0,15,台新-台南,2024-02-01,8159
2002,中鋼,16,1,15,台新-台南,2024-02-01,8159
4908,前鼎,80,65,15,台新-台南,2024-02-01,8159
3694,海華,99,85,14,台新-台南,2024-02-01,8159
6248,沛波,14,0,14,台新-台南,2024-02-01,8159
5381,合正,13,0,13,台新-台南,2024-02-01,8159
3035,智原,28,16,12,台新-台南,2024-02-01,8159
6104,創惟,13,1,12,台新-台南,2024-02-01,8159
3041,揚智,33,21,12,台新-台南,2024-02-01,8159
8040,九暘,16,4,12,台新-台南,2024-02-01,8159
4303,信立,258,146,112,台新-台南,2024-02-02,8159
00933B,國泰10Y+金融債,106,0,106,台新-台南,2024-02-02,8159
2880,華南金,106,1,105,台新-台南,2024-02-02,8159
00715L,期街口布蘭特正2,120,31,89,台新-台南,2024-02-02,8159
2352,佳世達,107,21,86,台新-台南,2024-02-02,8159
2609,陽明,89,15,74,台新-台南,2024-02-02,8159
2303,聯電,71,5,66,台新-台南,2024-02-02,8159
00687B,國泰20年美債,105,44,61,台新-台南,2024-02-02,8159
00712,復華富時不動產,55,0,55,台新-台南,2024-02-02,8159
00751B,元大AAA至A公司債,54,0,54,台新-台南,2024-02-02,8159
3520,華盈,54,0,54,台新-台南,2024-02-02,8159
2353,宏��,66,14,52,台新-台南,2024-02-02,8159
2603,長榮,41,5,36,台新-台南,2024-02-02,8159
6237,驊訊,41,6,35,台新-台南,2024-02-02,8159
00919,群益台灣精選高息,51,16,35,台新-台南,2024-02-02,8159
00929,復華台灣科技優息,91,57,34,台新-台南,2024-02-02,8159
2002,中鋼,32,0,32,台新-台南,2024-02-02,8159
3711,日月光投控,34,2,32,台新-台南,2024-02-02,8159
6546,正基,31,0,31,台新-台南,2024-02-02,8159
6016,康和證,30,0,30,台新-台南,2024-02-02,8159
3532,台勝科,31,4,27,台新-台南,2024-02-02,8159
2417,圓剛,27,0,27,台新-台南,2024-02-02,8159
3081,聯亞,71,45,26,台新-台南,2024-02-02,8159
00679B,元大美債20年,34,10,24,台新-台南,2024-02-02,8159
2337,旺宏,26,3,23,台新-台南,2024-02-02,8159
3663,鑫科,23,0,23,台新-台南,2024-02-02,8159
6233,旺玖,141,118,23,台新-台南,2024-02-02,8159
1609,大亞,29,7,22,台新-台南,2024-02-02,8159
2344,華邦電,23,1,22,台新-台南,2024-02-02,8159
2329,華泰,111,90,21,台新-台南,2024-02-02,8159
00882,中信中國高股息,20,0,20,台新-台南,2024-02-02,8159
2453,凌群,20,0,20,台新-台南,2024-02-02,8159
00690,兆豐藍籌30,20,0,20,台新-台南,2024-02-02,8159
4714,永捷,39,20,19,台新-台南,2024-02-02,8159
00720B,元大投資級公司債,20,2,18,台新-台南,2024-02-02,8159
00891,中信關鍵半導體,21,3,18,台新-台南,2024-02-02,8159
1785,光洋科,18,0,18,台新-台南,2024-02-02,8159
3050,鈺德,24,6,18,台新-台南,2024-02-02,8159
2313,華通,39,21,18,台新-台南,2024-02-02,8159
2812,台中銀,31,14,17,台新-台南,2024-02-02,8159
2614,東森,17,0,17,台新-台南,2024-02-02,8159
1589,永冠-KY,17,0,17,台新-台南,2024-02-02,8159
8069,元太,18,1,17,台新-台南,2024-02-02,8159
1605,華新,21,4,17,台新-台南,2024-02-02,8159
1514,亞力,124,108,16,台新-台南,2024-02-02,8159
3548,兆利,65,50,15,台新-台南,2024-02-02,8159
5284,jpp-KY,20,5,15,台新-台南,2024-02-02,8159
4967,十銓,15,0,15,台新-台南,2024-02-02,8159
2739,寒舍,16,1,15,台新-台南,2024-02-02,8159
4562,穎漢,14,0,14,台新-台南,2024-02-02,8159
00715L,期街口布蘭特正2,315,16,299,台新-台南,2024-02-05,8159
2025,千興,271,18,253,台新-台南,2024-02-05,8159
3545,敦泰,252,0,252,台新-台南,2024-02-05,8159
00929,復華台灣科技優息,262,28,234,台新-台南,2024-02-05,8159
2323,中環,210,0,210,台新-台南,2024-02-05,8159
00937B,群益ESG投等債20,179,81,98,台新-台南,2024-02-05,8159
2883,凱基金,91,2,89,台新-台南,2024-02-05,8159
2618,長榮航,143,72,71,台新-台南,2024-02-05,8159
00878,國泰永續高股息,136,71,65,台新-台南,2024-02-05,8159
2303,聯電,80,18,62,台新-台南,2024-02-05,8159
3376,新日興,98,40,58,台新-台南,2024-02-05,8159
4162,智擎,58,0,58,台新-台南,2024-02-05,8159
00933B,國泰10Y+金融債,64,10,54,台新-台南,2024-02-05,8159
8096,擎亞,55,5,50,台新-台南,2024-02-05,8159
3062,建漢,50,0,50,台新-台南,2024-02-05,8159
6237,驊訊,43,0,43,台新-台南,2024-02-05,8159
2329,華泰,62,19,43,台新-台南,2024-02-05,8159
2374,佳能,38,0,38,台新-台南,2024-02-05,8159
00891,中信關鍵半導體,42,5,37,台新-台南,2024-02-05,8159
00679B,元大美債20年,43,7,36,台新-台南,2024-02-05,8159
00919,群益台灣精選高息,98,62,36,台新-台南,2024-02-05,8159
2888,新光金,39,4,35,台新-台南,2024-02-05,8159
9945,潤泰新,35,1,34,台新-台南,2024-02-05,8159
00720B,元大投資級公司債,33,0,33,台新-台南,2024-02-05,8159
00687B,國泰20年美債,112,79,33,台新-台南,2024-02-05,8159
2457,飛宏,31,2,29,台新-台南,2024-02-05,8159
1513,中興電,45,17,28,台新-台南,2024-02-05,8159
00932,兆豐永續高息等權,78,50,28,台新-台南,2024-02-05,8159
00882,中信中國高股息,32,4,28,台新-台南,2024-02-05,8159
00706L,期元大S＆P日圓正2,27,0,27,台新-台南,2024-02-05,8159
6698,旭暉應材,27,1,26,台新-台南,2024-02-05,8159
8086,宏捷科,64,39,25,台新-台南,2024-02-05,8159
2884,玉山金,30,5,25,台新-台南,2024-02-05,8159
1528,恩德,191,166,25,台新-台南,2024-02-05,8159
3715,定穎投控,33,8,25,台新-台南,2024-02-05,8159
00712,復華富時不動產,100,76,24,台新-台南,2024-02-05,8159
6213,聯茂,38,14,24,台新-台南,2024-02-05,8159
00795B,中信美國公債20年,24,0,24,台新-台南,2024-02-05,8159
6282,康舒,34,10,24,台新-台南,2024-02-05,8159
6546,正基,56,33,23,台新-台南,2024-02-05,8159
4712,福格創新,23,0,23,台新-台南,2024-02-05,8159
6261,久元,31,8,23,台新-台南,2024-02-05,8159
1524,耿鼎,25,3,22,台新-台南,2024-02-05,8159
2486,一詮,36,14,22,台新-台南,2024-02-05,8159
3520,華盈,23,1,22,台新-台南,2024-02-05,8159
2417,圓剛,22,1,21,台新-台南,2024-02-05,8159
5426,振發,41,20,21,台新-台南,2024-02-05,8159
3483,力致,50,29,21,台新-台南,2024-02-05,8159
1312,國喬,20,0,20,台新-台南,2024-02-05,8159
6197,佳必琪,20,0,20,台新-台南,2024-02-05,8159
00680L,元大美債20正2,638,23,615,台新-台南,2024-02-15,8159
00688L,國泰20年美債正2,388,0,388,台新-台南,2024-02-15,8159
00673R,期元大S＆P原油反1,256,0,256,台新-台南,2024-02-15,8159
00712,復華富時不動產,272,37,235,台新-台南,2024-02-15,8159
00933B,國泰10Y+金融債,235,0,235,台新-台南,2024-02-15,8159
00937B,群益ESG投等債20,251,30,221,台新-台南,2024-02-15,8159
00687B,國泰20年美債,251,64,187,台新-台南,2024-02-15,8159
00632R,元大台灣50反1,178,13,165,台新-台南,2024-02-15,8159
2897,王道銀行,204,45,159,台新-台南,2024-02-15,8159
00772B,中信高評級公司債,142,1,141,台新-台南,2024-02-15,8159
00720B,元大投資級公司債,113,9,104,台新-台南,2024-02-15,8159
3294,英濟,108,8,100,台新-台南,2024-02-15,8159
00895,富邦未來車,105,10,95,台新-台南,2024-02-15,8159
00679B,元大美債20年,94,1,93,台新-台南,2024-02-15,8159
3481,群創,104,15,89,台新-台南,2024-02-15,8159
2344,華邦電,87,0,87,台新-台南,2024-02-15,8159
2610,華航,79,4,75,台新-台南,2024-02-15,8159
2025,千興,100,29,71,台新-台南,2024-02-15,8159
00637L,元大滬深300正2,111,49,62,台新-台南,2024-02-15,8159
00882,中信中國高股息,74,16,58,台新-台南,2024-02-15,8159
00722B,群益投資級電信債,57,0,57,台新-台南,2024-02-15,8159
00706L,期元大S＆P日圓正2,54,0,54,台新-台南,2024-02-15,8159
6125,廣運,162,112,50,台新-台南,2024-02-15,8159
2365,昆盈,127,80,47,台新-台南,2024-02-15,8159
2409,友達,47,1,46,台新-台南,2024-02-15,8159
2888,新光金,59,15,44,台新-台南,2024-02-15,8159
3450,聯鈞,51,9,42,台新-台南,2024-02-15,8159
2618,長榮航,145,103,42,台新-台南,2024-02-15,8159
3062,建漢,40,0,40,台新-台南,2024-02-15,8159
3483,力致,88,50,38,台新-台南,2024-02-15,8159
1609,大亞,53,16,37,台新-台南,2024-02-15,8159
2353,宏��,53,18,35,台新-台南,2024-02-15,8159
5234,達興材料,40,7,33,台新-台南,2024-02-15,8159
00795B,中信美國公債20年,31,0,31,台新-台南,2024-02-15,8159
2515,中工,45,15,30,台新-台南,2024-02-15,8159
6538,倉和,30,0,30,台新-台南,2024-02-15,8159
00931B,統一美債20年,26,0,26,台新-台南,2024-02-15,8159
0061,元大寶滬深,25,0,25,台新-台南,2024-02-15,8159
6186,新潤,24,0,24,台新-台南,2024-02-15,8159
2312,金寶,26,3,23,台新-台南,2024-02-15,8159
3234,光環,23,0,23,台新-台南,2024-02-15,8159
00676R,富邦臺灣加權反1,22,0,22,台新-台南,2024-02-15,8159
00669R,國泰美國道瓊反1,22,0,22,台新-台南,2024-02-15,8159
6414,樺漢,21,0,21,台新-台南,2024-02-15,8159
2301,光寶科,34,14,20,台新-台南,2024-02-15,8159
5009,榮剛,27,7,20,台新-台南,2024-02-15,8159
1444,力麗,20,0,20,台新-台南,2024-02-15,8159
6788,華景電,21,1,20,台新-台南,2024-02-15,8159
6237,驊訊,21,1,20,台新-台南,2024-02-15,8159
00751B,元大AAA至A公司債,26,6,20,台新-台南,2024-02-15,8159
2511,太子,257,0,257,台新-台南,2024-02-16,8159
00937B,群益ESG投等債20,243,18,225,台新-台南,2024-02-16,8159
00680L,元大美債20正2,196,0,196,台新-台南,2024-02-16,8159
00673R,期元大S＆P原油反1,180,4,176,台新-台南,2024-02-16,8159
00891,中信關鍵半導體,185,16,169,台新-台南,2024-02-16,8159
00688L,國泰20年美債正2,152,0,152,台新-台南,2024-02-16,8159
00933B,國泰10Y+金融債,132,0,132,台新-台南,2024-02-16,8159
2365,昆盈,299,177,122,台新-台南,2024-02-16,8159
00772B,中信高評級公司債,118,0,118,台新-台南,2024-02-16,8159
00637L,元大滬深300正2,134,30,104,台新-台南,2024-02-16,8159
00687B,國泰20年美債,104,5,99,台新-台南,2024-02-16,8159
00919,群益台灣精選高息,118,35,83,台新-台南,2024-02-16,8159
2323,中環,91,15,76,台新-台南,2024-02-16,8159
2609,陽明,92,20,72,台新-台南,2024-02-16,8159
1528,恩德,74,5,69,台新-台南,2024-02-16,8159
00632R,元大台灣50反1,186,118,68,台新-台南,2024-02-16,8159
2382,廣達,204,137,67,台新-台南,2024-02-16,8159
00679B,元大美債20年,64,0,64,台新-台南,2024-02-16,8159
2488,漢平,55,0,55,台新-台南,2024-02-16,8159
3481,群創,63,9,54,台新-台南,2024-02-16,8159
00706L,期元大S＆P日圓正2,53,0,53,台新-台南,2024-02-16,8159
00795B,中信美國公債20年,48,0,48,台新-台南,2024-02-16,8159
2887,台新金,48,1,47,台新-台南,2024-02-16,8159
4303,信立,55,11,44,台新-台南,2024-02-16,8159
4162,智擎,143,100,43,台新-台南,2024-02-16,8159
1785,光洋科,56,16,40,台新-台南,2024-02-16,8159
1616,億泰,44,5,39,台新-台南,2024-02-16,8159
1447,力鵬,38,0,38,台新-台南,2024-02-16,8159
3231,緯創,141,112,29,台新-台南,2024-02-16,8159
00720B,元大投資級公司債,29,0,29,台新-台南,2024-02-16,8159
3715,定穎投控,33,5,28,台新-台南,2024-02-16,8159
2816,旺旺保,30,4,26,台新-台南,2024-02-16,8159
5488,松普,37,11,26,台新-台南,2024-02-16,8159
1101,台泥,32,7,25,台新-台南,2024-02-16,8159
00931B,統一美債20年,24,0,24,台新-台南,2024-02-16,8159
1815,富喬,100,76,24,台新-台南,2024-02-16,8159
00751B,元大AAA至A公司債,26,2,24,台新-台南,2024-02-16,8159
00665L,富邦�琤肭磪囓�2,83,60,23,台新-台南,2024-02-16,8159
3260,威剛,25,2,23,台新-台南,2024-02-16,8159
3694,海華,34,12,22,台新-台南,2024-02-16,8159
3035,智原,61,41,20,台新-台南,2024-02-16,8159
00915,凱基優選高股息30,21,1,20,台新-台南,2024-02-16,8159
4566,時碩工業,20,0,20,台新-台南,2024-02-16,8159
3163,波若威,30,10,20,台新-台南,2024-02-16,8159
6284,佳邦,21,3,18,台新-台南,2024-02-16,8159
3081,聯亞,22,4,18,台新-台南,2024-02-16,8159
4207,環泰,18,0,18,台新-台南,2024-02-16,8159
2405,輔信,54,37,17,台新-台南,2024-02-16,8159
8996,高力,47,30,17,台新-台南,2024-02-16,8159
3406,玉晶光,16,0,16,台新-台南,2024-02-16,8159
00923,群益台ESG低碳50,323,38,285,台新-台南,2024-02-19,8159
00919,群益台灣精選高息,211,25,186,台新-台南,2024-02-19,8159
00878,國泰永續高股息,209,24,185,台新-台南,2024-02-19,8159
00688L,國泰20年美債正2,158,11,147,台新-台南,2024-02-19,8159
3545,敦泰,140,8,132,台新-台南,2024-02-19,8159
00937B,群益ESG投等債20,134,11,123,台新-台南,2024-02-19,8159
2515,中工,170,51,119,台新-台南,2024-02-19,8159
00680L,元大美債20正2,130,12,118,台新-台南,2024-02-19,8159
00933B,國泰10Y+金融債,115,0,115,台新-台南,2024-02-19,8159
00687B,國泰20年美債,119,13,106,台新-台南,2024-02-19,8159
1440,南紡,100,10,90,台新-台南,2024-02-19,8159
5314,世紀,84,0,84,台新-台南,2024-02-19,8159
2025,千興,96,18,78,台新-台南,2024-02-19,8159
8096,擎亞,122,44,78,台新-台南,2024-02-19,8159
2353,宏��,161,84,77,台新-台南,2024-02-19,8159
3715,定穎投控,73,6,67,台新-台南,2024-02-19,8159
00679B,元大美債20年,52,2,50,台新-台南,2024-02-19,8159
00929,復華台灣科技優息,203,155,48,台新-台南,2024-02-19,8159
2855,統一證,48,0,48,台新-台南,2024-02-19,8159
2329,華泰,210,165,45,台新-台南,2024-02-19,8159
2888,新光金,50,6,44,台新-台南,2024-02-19,8159
00712,復華富時不動產,43,1,42,台新-台南,2024-02-19,8159
1513,中興電,95,54,41,台新-台南,2024-02-19,8159
1711,永光,40,0,40,台新-台南,2024-02-19,8159
2376,技嘉,59,19,40,台新-台南,2024-02-19,8159
3231,緯創,81,42,39,台新-台南,2024-02-19,8159
3520,華盈,40,2,38,台新-台南,2024-02-19,8159
1785,光洋科,39,3,36,台新-台南,2024-02-19,8159
2313,華通,58,22,36,台新-台南,2024-02-19,8159
00770,國泰北美科技,35,1,34,台新-台南,2024-02-19,8159
2233,宇隆,33,0,33,台新-台南,2024-02-19,8159
4960,誠美材,37,5,32,台新-台南,2024-02-19,8159
3035,智原,42,12,30,台新-台南,2024-02-19,8159
8110,華東,51,21,30,台新-台南,2024-02-19,8159
2887,台新金,42,14,28,台新-台南,2024-02-19,8159
2489,瑞軒,52,25,27,台新-台南,2024-02-19,8159
2603,長榮,34,10,24,台新-台南,2024-02-19,8159
00915,凱基優選高股息30,25,1,24,台新-台南,2024-02-19,8159
3338,泰碩,23,0,23,台新-台南,2024-02-19,8159
8112,至上,40,17,23,台新-台南,2024-02-19,8159
3450,聯鈞,42,19,23,台新-台南,2024-02-19,8159
2867,三商壽,31,8,23,台新-台南,2024-02-19,8159
00720B,元大投資級公司債,21,0,21,台新-台南,2024-02-19,8159
2104,國際中橡,21,0,21,台新-台南,2024-02-19,8159
3615,安可,26,5,21,台新-台南,2024-02-19,8159
4162,智擎,21,0,21,台新-台南,2024-02-19,8159
2356,英業達,111,90,21,台新-台南,2024-02-19,8159
6186,新潤,20,0,20,台新-台南,2024-02-19,8159
3339,泰谷,20,0,20,台新-台南,2024-02-19,8159
4142,國光生,20,0,20,台新-台南,2024-02-19,8159
00680L,元大美債20正2,271,2,269,台新-台南,2024-02-20,8159
00923,群益台ESG低碳50,181,6,175,台新-台南,2024-02-20,8159
00688L,國泰20年美債正2,139,0,139,台新-台南,2024-02-20,8159
2324,仁寶,133,42,91,台新-台南,2024-02-20,8159
3231,緯創,126,45,81,台新-台南,2024-02-20,8159
2489,瑞軒,107,35,72,台新-台南,2024-02-20,8159
00937B,群益ESG投等債20,165,100,65,台新-台南,2024-02-20,8159
2355,敬鵬,128,66,62,台新-台南,2024-02-20,8159
2376,技嘉,68,12,56,台新-台南,2024-02-20,8159
2312,金寶,55,1,54,台新-台南,2024-02-20,8159
00878,國泰永續高股息,120,71,49,台新-台南,2024-02-20,8159
00679B,元大美債20年,51,2,49,台新-台南,2024-02-20,8159
00673R,期元大S＆P原油反1,54,7,47,台新-台南,2024-02-20,8159
1806,冠軍,44,2,42,台新-台南,2024-02-20,8159
4167,松瑞藥,41,0,41,台新-台南,2024-02-20,8159
3363,上詮,84,44,40,台新-台南,2024-02-20,8159
6126,信音,51,16,35,台新-台南,2024-02-20,8159
5355,佳總,35,0,35,台新-台南,2024-02-20,8159
00933B,國泰10Y+金融債,38,5,33,台新-台南,2024-02-20,8159
00632R,元大台灣50反1,30,0,30,台新-台南,2024-02-20,8159
3027,盛達,30,1,29,台新-台南,2024-02-20,8159
2884,玉山金,38,10,28,台新-台南,2024-02-20,8159
2002,中鋼,39,12,27,台新-台南,2024-02-20,8159
2337,旺宏,25,0,25,台新-台南,2024-02-20,8159
2612,中航,27,2,25,台新-台南,2024-02-20,8159
1455,集盛,47,22,25,台新-台南,2024-02-20,8159
5234,達興材料,26,1,25,台新-台南,2024-02-20,8159
2352,佳世達,62,38,24,台新-台南,2024-02-20,8159
2887,台新金,31,7,24,台新-台南,2024-02-20,8159
4960,誠美材,52,29,23,台新-台南,2024-02-20,8159
2329,華泰,102,79,23,台新-台南,2024-02-20,8159
6282,康舒,63,40,23,台新-台南,2024-02-20,8159
2457,飛宏,33,12,21,台新-台南,2024-02-20,8159
2408,南亞科,30,10,20,台新-台南,2024-02-20,8159
1414,東和,32,12,20,台新-台南,2024-02-20,8159
3035,智原,52,32,20,台新-台南,2024-02-20,8159
00687B,國泰20年美債,55,36,19,台新-台南,2024-02-20,8159
00720B,元大投資級公司債,20,1,19,台新-台南,2024-02-20,8159
5457,宣德,20,1,19,台新-台南,2024-02-20,8159
00712,復華富時不動產,19,0,19,台新-台南,2024-02-20,8159
1524,耿鼎,18,0,18,台新-台南,2024-02-20,8159
2323,中環,21,3,18,台新-台南,2024-02-20,8159
4303,信立,27,9,18,台新-台南,2024-02-20,8159
3715,定穎投控,39,22,17,台新-台南,2024-02-20,8159
6770,力積電,17,0,17,台新-台南,2024-02-20,8159
6117,迎廣,22,5,17,台新-台南,2024-02-20,8159
2618,長榮航,18,1,17,台新-台南,2024-02-20,8159
4109,加捷生醫,17,0,17,台新-台南,2024-02-20,8159
3583,辛耘,22,5,17,台新-台南,2024-02-20,8159
00751B,元大AAA至A公司債,17,1,16,台新-台南,2024-02-20,8159
00680L,元大美債20正2,331,2,329,台新-台南,2024-02-21,8159
00878,國泰永續高股息,334,38,296,台新-台南,2024-02-21,8159
00937B,群益ESG投等債20,288,37,251,台新-台南,2024-02-21,8159
00688L,國泰20年美債正2,132,0,132,台新-台南,2024-02-21,8159
6116,彩晶,111,0,111,台新-台南,2024-02-21,8159
00712,復華富時不動產,92,4,88,台新-台南,2024-02-21,8159
00679B,元大美債20年,90,8,82,台新-台南,2024-02-21,8159
2489,瑞軒,144,68,76,台新-台南,2024-02-21,8159
00933B,國泰10Y+金融債,79,3,76,台新-台南,2024-02-21,8159
2609,陽明,116,45,71,台新-台南,2024-02-21,8159
2303,聯電,55,2,53,台新-台南,2024-02-21,8159
2312,金寶,102,50,52,台新-台南,2024-02-21,8159
1609,大亞,82,31,51,台新-台南,2024-02-21,8159
3024,憶聲,50,0,50,台新-台南,2024-02-21,8159
3712,永崴投控,62,14,48,台新-台南,2024-02-21,8159
2025,千興,52,6,46,台新-台南,2024-02-21,8159
2421,建準,60,16,44,台新-台南,2024-02-21,8159
6770,力積電,44,1,43,台新-台南,2024-02-21,8159
3047,訊舟,102,62,40,台新-台南,2024-02-21,8159
00931B,統一美債20年,39,0,39,台新-台南,2024-02-21,8159
00687B,國泰20年美債,55,17,38,台新-台南,2024-02-21,8159
00673R,期元大S＆P原油反1,78,40,38,台新-台南,2024-02-21,8159
2520,冠德,37,1,36,台新-台南,2024-02-21,8159
00891,中信關鍵半導體,35,0,35,台新-台南,2024-02-21,8159
3033,威健,33,0,33,台新-台南,2024-02-21,8159
00923,群益台ESG低碳50,33,0,33,台新-台南,2024-02-21,8159
3481,群創,60,30,30,台新-台南,2024-02-21,8159
00907,永豐優息存股,30,0,30,台新-台南,2024-02-21,8159
2484,希華,35,5,30,台新-台南,2024-02-21,8159
2376,技嘉,38,9,29,台新-台南,2024-02-21,8159
2884,玉山金,28,0,28,台新-台南,2024-02-21,8159
3231,緯創,113,85,28,台新-台南,2024-02-21,8159
3715,定穎投控,33,7,26,台新-台南,2024-02-21,8159
6164,華興,59,33,26,台新-台南,2024-02-21,8159
9105,泰金寶-DR,92,68,24,台新-台南,2024-02-21,8159
6233,旺玖,98,75,23,台新-台南,2024-02-21,8159
1805,寶徠,23,0,23,台新-台南,2024-02-21,8159
2881,富邦金,26,4,22,台新-台南,2024-02-21,8159
2801,彰銀,21,0,21,台新-台南,2024-02-21,8159
5381,合正,57,36,21,台新-台南,2024-02-21,8159
2427,三商電,21,0,21,台新-台南,2024-02-21,8159
00725B,國泰投資級公司債,21,0,21,台新-台南,2024-02-21,8159
4908,前鼎,47,27,20,台新-台南,2024-02-21,8159
5426,振發,29,9,20,台新-台南,2024-02-21,8159
6535,順藥,20,0,20,台新-台南,2024-02-21,8159
2889,國票金,21,1,20,台新-台南,2024-02-21,8159
2888,新光金,20,0,20,台新-台南,2024-02-21,8159
4526,東台,20,0,20,台新-台南,2024-02-21,8159
4939,亞電,20,0,20,台新-台南,2024-02-21,8159
6547,高端疫苗,20,0,20,台新-台南,2024-02-21,8159
2618,長榮航,232,38,194,台新-台南,2024-02-22,8159
2329,華泰,324,204,120,台新-台南,2024-02-22,8159
00878,國泰永續高股息,163,55,108,台新-台南,2024-02-22,8159
00923,群益台ESG低碳50,101,0,101,台新-台南,2024-02-22,8159
2838,聯邦銀,90,0,90,台新-台南,2024-02-22,8159
3339,泰谷,92,3,89,台新-台南,2024-02-22,8159
00680L,元大美債20正2,79,0,79,台新-台南,2024-02-22,8159
00933B,國泰10Y+金融債,77,2,75,台新-台南,2024-02-22,8159
00712,復華富時不動產,74,0,74,台新-台南,2024-02-22,8159
2610,華航,71,2,69,台新-台南,2024-02-22,8159
3231,緯創,136,67,69,台新-台南,2024-02-22,8159
2363,矽統,71,6,65,台新-台南,2024-02-22,8159
00688L,國泰20年美債正2,65,0,65,台新-台南,2024-02-22,8159
2489,瑞軒,97,33,64,台新-台南,2024-02-22,8159
00673R,期元大S＆P原油反1,61,0,61,台新-台南,2024-02-22,8159
00795B,中信美國公債20年,60,0,60,台新-台南,2024-02-22,8159
00650L,復華香港正2,77,17,60,台新-台南,2024-02-22,8159
00934,中信成長高股息,110,52,58,台新-台南,2024-02-22,8159
8110,華東,64,6,58,台新-台南,2024-02-22,8159
2371,大同,135,80,55,台新-台南,2024-02-22,8159
00637L,元大滬深300正2,52,6,46,台新-台南,2024-02-22,8159
2376,技嘉,86,40,46,台新-台南,2024-02-22,8159
3450,聯鈞,48,6,42,台新-台南,2024-02-22,8159
6167,久正,42,0,42,台新-台南,2024-02-22,8159
2887,台新金,44,2,42,台新-台南,2024-02-22,8159
1524,耿鼎,79,38,41,台新-台南,2024-02-22,8159
3312,弘憶股,49,9,40,台新-台南,2024-02-22,8159
00687B,國泰20年美債,102,66,36,台新-台南,2024-02-22,8159
3027,盛達,32,0,32,台新-台南,2024-02-22,8159
00937B,群益ESG投等債20,113,81,32,台新-台南,2024-02-22,8159
2801,彰銀,150,120,30,台新-台南,2024-02-22,8159
2303,聯電,30,0,30,台新-台南,2024-02-22,8159
1316,上曜,59,29,30,台新-台南,2024-02-22,8159
2701,萬企,30,0,30,台新-台南,2024-02-22,8159
6185,幃翔,30,0,30,台新-台南,2024-02-22,8159
2025,千興,28,0,28,台新-台南,2024-02-22,8159
1809,中釉,47,19,28,台新-台南,2024-02-22,8159
4968,立積,39,11,28,台新-台南,2024-02-22,8159
00720B,元大投資級公司債,27,0,27,台新-台南,2024-02-22,8159
3694,海華,38,11,27,台新-台南,2024-02-22,8159
2484,希華,54,28,26,台新-台南,2024-02-22,8159
2358,廷鑫,26,0,26,台新-台南,2024-02-22,8159
6770,力積電,28,3,25,台新-台南,2024-02-22,8159
00931B,統一美債20年,34,10,24,台新-台南,2024-02-22,8159
5355,佳總,24,1,23,台新-台南,2024-02-22,8159
6120,達運,23,0,23,台新-台南,2024-02-22,8159
3038,全台,28,6,22,台新-台南,2024-02-22,8159
00679B,元大美債20年,67,45,22,台新-台南,2024-02-22,8159
3545,敦泰,34,13,21,台新-台南,2024-02-22,8159
6139,亞翔,45,24,21,台新-台南,2024-02-22,8159
2618,長榮航,287,49,238,台新-台南,2024-02-23,8159
3545,敦泰,166,0,166,台新-台南,2024-02-23,8159
00933B,國泰10Y+金融債,175,14,161,台新-台南,2024-02-23,8159
00919,群益台灣精選高息,216,61,155,台新-台南,2024-02-23,8159
00632R,元大台灣50反1,117,22,95,台新-台南,2024-02-23,8159
6185,幃翔,96,1,95,台新-台南,2024-02-23,8159
00892,富邦台灣半導體,93,3,90,台新-台南,2024-02-23,8159
1524,耿鼎,109,20,89,台新-台南,2024-02-23,8159
2426,鼎元,80,0,80,台新-台南,2024-02-23,8159
3715,定穎投控,78,3,75,台新-台南,2024-02-23,8159
2634,漢翔,72,0,72,台新-台南,2024-02-23,8159
2367,燿華,81,9,72,台新-台南,2024-02-23,8159
00673R,期元大S＆P原油反1,67,0,67,台新-台南,2024-02-23,8159
00679B,元大美債20年,69,8,61,台新-台南,2024-02-23,8159
3706,神達,96,35,61,台新-台南,2024-02-23,8159
8064,東捷,138,78,60,台新-台南,2024-02-23,8159
2609,陽明,67,14,53,台新-台南,2024-02-23,8159
2610,華航,56,5,51,台新-台南,2024-02-23,8159
3231,緯創,124,77,47,台新-台南,2024-02-23,8159
00687B,國泰20年美債,59,15,44,台新-台南,2024-02-23,8159
2884,玉山金,43,1,42,台新-台南,2024-02-23,8159
3284,太普高,41,0,41,台新-台南,2024-02-23,8159
2313,華通,146,106,40,台新-台南,2024-02-23,8159
00680L,元大美債20正2,47,10,37,台新-台南,2024-02-23,8159
2838,聯邦銀,35,0,35,台新-台南,2024-02-23,8159
5457,宣德,38,4,34,台新-台南,2024-02-23,8159
2888,新光金,43,9,34,台新-台南,2024-02-23,8159
2303,聯電,47,14,33,台新-台南,2024-02-23,8159
2356,英業達,76,43,33,台新-台南,2024-02-23,8159
5371,中光電,32,0,32,台新-台南,2024-02-23,8159
00688L,國泰20年美債正2,32,0,32,台新-台南,2024-02-23,8159
8059,凱碩,36,4,32,台新-台南,2024-02-23,8159
1605,華新,32,1,31,台新-台南,2024-02-23,8159
6257,矽格,68,38,30,台新-台南,2024-02-23,8159
4556,旭然,30,0,30,台新-台南,2024-02-23,8159
00918,大華優利高填息30,33,3,30,台新-台南,2024-02-23,8159
2637,慧洋-KY,31,2,29,台新-台南,2024-02-23,8159
2355,敬鵬,33,5,28,台新-台南,2024-02-23,8159
2515,中工,42,16,26,台新-台南,2024-02-23,8159
3481,群創,39,14,25,台新-台南,2024-02-23,8159
2027,大成鋼,25,1,24,台新-台南,2024-02-23,8159
00857B,永豐20年美公債,23,0,23,台新-台南,2024-02-23,8159
3041,揚智,58,35,23,台新-台南,2024-02-23,8159
3032,偉訓,23,1,22,台新-台南,2024-02-23,8159
5381,合正,44,23,21,台新-台南,2024-02-23,8159
00907,永豐優息存股,22,1,21,台新-台南,2024-02-23,8159
2801,彰銀,20,0,20,台新-台南,2024-02-23,8159
8936,國統,27,7,20,台新-台南,2024-02-23,8159
6770,力積電,34,15,19,台新-台南,2024-02-23,8159
6189,豐藝,42,23,19,台新-台南,2024-02-23,8159
00878,國泰永續高股息,596,143,453,台新-台南,2024-02-26,8159
00933B,國泰10Y+金融債,228,36,192,台新-台南,2024-02-26,8159
00937B,群益ESG投等債20,310,147,163,台新-台南,2024-02-26,8159
00680L,元大美債20正2,280,176,104,台新-台南,2024-02-26,8159
2405,輔信,130,43,87,台新-台南,2024-02-26,8159
00715L,期街口布蘭特正2,86,5,81,台新-台南,2024-02-26,8159
00919,群益台灣精選高息,119,38,81,台新-台南,2024-02-26,8159
3545,敦泰,87,7,80,台新-台南,2024-02-26,8159
2356,英業達,83,11,72,台新-台南,2024-02-26,8159
2884,玉山金,59,0,59,台新-台南,2024-02-26,8159
2834,臺企銀,90,41,49,台新-台南,2024-02-26,8159
1101,台泥,45,0,45,台新-台南,2024-02-26,8159
2409,友達,43,3,40,台新-台南,2024-02-26,8159
2376,技嘉,52,16,36,台新-台南,2024-02-26,8159
00637L,元大滬深300正2,34,0,34,台新-台南,2024-02-26,8159
4906,正文,34,0,34,台新-台南,2024-02-26,8159
2303,聯電,56,24,32,台新-台南,2024-02-26,8159
2836,高雄銀,35,5,30,台新-台南,2024-02-26,8159
00679B,元大美債20年,42,14,28,台新-台南,2024-02-26,8159
1609,大亞,134,106,28,台新-台南,2024-02-26,8159
00891,中信關鍵半導體,44,16,28,台新-台南,2024-02-26,8159
2329,華泰,119,93,26,台新-台南,2024-02-26,8159
3715,定穎投控,30,7,23,台新-台南,2024-02-26,8159
6282,康舒,23,0,23,台新-台南,2024-02-26,8159
00632R,元大台灣50反1,28,5,23,台新-台南,2024-02-26,8159
2882,國泰金,22,0,22,台新-台南,2024-02-26,8159
2455,全新,44,23,21,台新-台南,2024-02-26,8159
2867,三商壽,20,1,19,台新-台南,2024-02-26,8159
3339,泰谷,20,1,19,台新-台南,2024-02-26,8159
3033,威健,21,2,19,台新-台南,2024-02-26,8159
2313,華通,32,13,19,台新-台南,2024-02-26,8159
6446,藥華藥,19,0,19,台新-台南,2024-02-26,8159
8473,山林水,20,2,18,台新-台南,2024-02-26,8159
3035,智原,27,9,18,台新-台南,2024-02-26,8159
00636,國泰中國A50,17,0,17,台新-台南,2024-02-26,8159
3231,緯創,96,81,15,台新-台南,2024-02-26,8159
6104,創惟,34,19,15,台新-台南,2024-02-26,8159
3032,偉訓,17,2,15,台新-台南,2024-02-26,8159
5381,合正,28,13,15,台新-台南,2024-02-26,8159
8028,昇陽半導體,24,9,15,台新-台南,2024-02-26,8159
8112,至上,15,1,14,台新-台南,2024-02-26,8159
3689,湧德,24,10,14,台新-台南,2024-02-26,8159
1612,宏泰,14,0,14,台新-台南,2024-02-26,8159
2027,大成鋼,14,0,14,台新-台南,2024-02-26,8159
6233,旺玖,24,10,14,台新-台南,2024-02-26,8159
5880,合庫金,13,0,13,台新-台南,2024-02-26,8159
6275,元山,25,12,13,台新-台南,2024-02-26,8159
2363,矽統,82,69,13,台新-台南,2024-02-26,8159
2317,鴻海,25,13,12,台新-台南,2024-02-26,8159
2515,中工,18,6,12,台新-台南,2024-02-26,8159
00878,國泰永續高股息,496,104,392,台新-台南,2024-02-27,8159
00688L,國泰20年美債正2,211,1,210,台新-台南,2024-02-27,8159
5488,松普,229,19,210,台新-台南,2024-02-27,8159
00680L,元大美債20正2,294,91,203,台新-台南,2024-02-27,8159
00937B,群益ESG投等債20,289,90,199,台新-台南,2024-02-27,8159
00929,復華台灣科技優息,349,175,174,台新-台南,2024-02-27,8159
2614,東森,152,0,152,台新-台南,2024-02-27,8159
1316,上曜,237,117,120,台新-台南,2024-02-27,8159
1608,華榮,100,8,92,台新-台南,2024-02-27,8159
00931B,統一美債20年,89,0,89,台新-台南,2024-02-27,8159
2883,凱基金,91,2,89,台新-台南,2024-02-27,8159
00687B,國泰20年美債,99,11,88,台新-台南,2024-02-27,8159
4939,亞電,89,3,86,台新-台南,2024-02-27,8159
2363,矽統,201,120,81,台新-台南,2024-02-27,8159
5531,鄉林,80,0,80,台新-台南,2024-02-27,8159
2359,所羅門,83,8,75,台新-台南,2024-02-27,8159
1721,三晃,101,28,73,台新-台南,2024-02-27,8159
4526,東台,84,12,72,台新-台南,2024-02-27,8159
00933B,國泰10Y+金融債,140,71,69,台新-台南,2024-02-27,8159
2353,宏��,87,34,53,台新-台南,2024-02-27,8159
5425,台半,55,4,51,台新-台南,2024-02-27,8159
2409,友達,59,10,49,台新-台南,2024-02-27,8159
00679B,元大美債20年,53,7,46,台新-台南,2024-02-27,8159
5498,凱崴,54,9,45,台新-台南,2024-02-27,8159
3231,緯創,96,52,44,台新-台南,2024-02-27,8159
1815,富喬,75,33,42,台新-台南,2024-02-27,8159
1609,大亞,47,6,41,台新-台南,2024-02-27,8159
2002,中鋼,53,13,40,台新-台南,2024-02-27,8159
3032,偉訓,49,11,38,台新-台南,2024-02-27,8159
3450,聯鈞,62,27,35,台新-台南,2024-02-27,8159
2301,光寶科,55,21,34,台新-台南,2024-02-27,8159
00795B,中信美國公債20年,33,0,33,台新-台南,2024-02-27,8159
4960,誠美材,71,40,31,台新-台南,2024-02-27,8159
3284,太普高,30,0,30,台新-台南,2024-02-27,8159
2888,新光金,30,1,29,台新-台南,2024-02-27,8159
3037,欣興,89,60,29,台新-台南,2024-02-27,8159
6125,廣運,61,32,29,台新-台南,2024-02-27,8159
6237,驊訊,47,19,28,台新-台南,2024-02-27,8159
3390,旭軟,60,33,27,台新-台南,2024-02-27,8159
3380,明泰,27,0,27,台新-台南,2024-02-27,8159
00934,中信成長高股息,27,0,27,台新-台南,2024-02-27,8159
2498,宏達電,33,7,26,台新-台南,2024-02-27,8159
00892,富邦台灣半導體,51,26,25,台新-台南,2024-02-27,8159
2889,國票金,26,1,25,台新-台南,2024-02-27,8159
3624,光頡,26,1,25,台新-台南,2024-02-27,8159
2382,廣達,71,46,25,台新-台南,2024-02-27,8159
3041,揚智,41,17,24,台新-台南,2024-02-27,8159
1444,力麗,25,1,24,台新-台南,2024-02-27,8159
2618,長榮航,45,21,24,台新-台南,2024-02-27,8159
2367,燿華,36,13,23,台新-台南,2024-02-27,8159
00937B,群益ESG投等債20,300,1,299,台新-台南,2024-02-29,8159
00919,群益台灣精選高息,287,129,158,台新-台南,2024-02-29,8159
5876,上海商銀,133,6,127,台新-台南,2024-02-29,8159
2353,宏��,117,8,109,台新-台南,2024-02-29,8159
3313,斐成,123,18,105,台新-台南,2024-02-29,8159
00712,復華富時不動產,89,0,89,台新-台南,2024-02-29,8159
00688L,國泰20年美債正2,83,0,83,台新-台南,2024-02-29,8159
5488,松普,89,13,76,台新-台南,2024-02-29,8159
00933B,國泰10Y+金融債,131,58,73,台新-台南,2024-02-29,8159
00680L,元大美債20正2,104,33,71,台新-台南,2024-02-29,8159
5009,榮剛,100,43,57,台新-台南,2024-02-29,8159
3624,光頡,59,3,56,台新-台南,2024-02-29,8159
6770,力積電,96,46,50,台新-台南,2024-02-29,8159
2104,國際中橡,49,0,49,台新-台南,2024-02-29,8159
00878,國泰永續高股息,114,65,49,台新-台南,2024-02-29,8159
3715,定穎投控,53,7,46,台新-台南,2024-02-29,8159
00673R,期元大S＆P原油反1,45,0,45,台新-台南,2024-02-29,8159
2615,萬海,47,4,43,台新-台南,2024-02-29,8159
5905,南仁湖,40,0,40,台新-台南,2024-02-29,8159
00632R,元大台灣50反1,39,1,38,台新-台南,2024-02-29,8159
2301,光寶科,48,13,35,台新-台南,2024-02-29,8159
3450,聯鈞,43,8,35,台新-台南,2024-02-29,8159
3339,泰谷,30,0,30,台新-台南,2024-02-29,8159
6120,達運,28,0,28,台新-台南,2024-02-29,8159
00725B,國泰投資級公司債,28,0,28,台新-台南,2024-02-29,8159
2547,日勝生,30,3,27,台新-台南,2024-02-29,8159
1325,恆大,27,0,27,台新-台南,2024-02-29,8159
2820,華票,26,0,26,台新-台南,2024-02-29,8159
3147,大綜,28,3,25,台新-台南,2024-02-29,8159
2498,宏達電,26,2,24,台新-台南,2024-02-29,8159
2888,新光金,32,8,24,台新-台南,2024-02-29,8159
4973,廣穎,24,1,23,台新-台南,2024-02-29,8159
3167,大量,22,0,22,台新-台南,2024-02-29,8159
2457,飛宏,21,0,21,台新-台南,2024-02-29,8159
6104,創惟,26,5,21,台新-台南,2024-02-29,8159
3689,湧德,74,53,21,台新-台南,2024-02-29,8159
1711,永光,25,5,20,台新-台南,2024-02-29,8159
00676R,富邦臺灣加權反1,20,0,20,台新-台南,2024-02-29,8159
2618,長榮航,36,16,20,台新-台南,2024-02-29,8159
1603,華電,20,0,20,台新-台南,2024-02-29,8159
1616,億泰,22,2,20,台新-台南,2024-02-29,8159
2356,英業達,31,11,20,台新-台南,2024-02-29,8159
6756,威鋒電子,20,1,19,台新-台南,2024-02-29,8159
1522,堤維西,139,120,19,台新-台南,2024-02-29,8159
6288,聯嘉,30,12,18,台新-台南,2024-02-29,8159
3706,神達,20,2,18,台新-台南,2024-02-29,8159
2889,國票金,22,5,17,台新-台南,2024-02-29,8159
00857B,永豐20年美公債,17,0,17,台新-台南,2024-02-29,8159
00751B,元大AAA至A公司債,16,0,16,台新-台南,2024-02-29,8159
00679B,元大美債20年,19,3,16,台新-台南,2024-02-29,8159
00919,群益台灣精選高息,1092,198,894,台新-台南,2024-03-01,8159
1513,中興電,354,114,240,台新-台南,2024-03-01,8159
00918,大華優利高填息30,219,3,216,台新-台南,2024-03-01,8159
00937B,群益ESG投等債20,125,30,95,台新-台南,2024-03-01,8159
6116,彩晶,79,0,79,台新-台南,2024-03-01,8159
5876,上海商銀,71,0,71,台新-台南,2024-03-01,8159
2495,普安,70,0,70,台新-台南,2024-03-01,8159
2206,三陽工業,131,79,52,台新-台南,2024-03-01,8159
3715,定穎投控,76,24,52,台新-台南,2024-03-01,8159
2303,聯電,63,12,51,台新-台南,2024-03-01,8159
9103,美德醫療-DR,53,2,51,台新-台南,2024-03-01,8159
1316,上曜,137,95,42,台新-台南,2024-03-01,8159
6243,迅杰,46,7,39,台新-台南,2024-03-01,8159
5488,松普,37,1,36,台新-台南,2024-03-01,8159
00687B,國泰20年美債,58,24,34,台新-台南,2024-03-01,8159
00753L,中信中國50正2,33,0,33,台新-台南,2024-03-01,8159
00933B,國泰10Y+金融債,36,3,33,台新-台南,2024-03-01,8159
3702,大聯大,28,2,26,台新-台南,2024-03-01,8159
2409,友達,49,23,26,台新-台南,2024-03-01,8159
2618,長榮航,61,36,25,台新-台南,2024-03-01,8159
2462,良得電,26,1,25,台新-台南,2024-03-01,8159
3360,尚立,59,34,25,台新-台南,2024-03-01,8159
5905,南仁湖,26,1,25,台新-台南,2024-03-01,8159
2399,映泰,136,111,25,台新-台南,2024-03-01,8159
1522,堤維西,27,3,24,台新-台南,2024-03-01,8159
2882,國泰金,25,1,24,台新-台南,2024-03-01,8159
3231,緯創,69,46,23,台新-台南,2024-03-01,8159
2609,陽明,44,22,22,台新-台南,2024-03-01,8159
6288,聯嘉,43,21,22,台新-台南,2024-03-01,8159
3339,泰谷,22,0,22,台新-台南,2024-03-01,8159
3390,旭軟,36,14,22,台新-台南,2024-03-01,8159
00751B,元大AAA至A公司債,23,1,22,台新-台南,2024-03-01,8159
1314,中石化,28,7,21,台新-台南,2024-03-01,8159
3322,建舜電,75,54,21,台新-台南,2024-03-01,8159
2460,建通,32,11,21,台新-台南,2024-03-01,8159
6233,旺玖,41,20,21,台新-台南,2024-03-01,8159
3605,宏致,31,10,21,台新-台南,2024-03-01,8159
00720B,元大投資級公司債,21,0,21,台新-台南,2024-03-01,8159
1605,華新,23,3,20,台新-台南,2024-03-01,8159
3363,上詮,57,37,20,台新-台南,2024-03-01,8159
8085,福華,47,28,19,台新-台南,2024-03-01,8159
2002,中鋼,35,16,19,台新-台南,2024-03-01,8159
2888,新光金,24,6,18,台新-台南,2024-03-01,8159
2637,慧洋-KY,19,1,18,台新-台南,2024-03-01,8159
8222,寶一,19,1,18,台新-台南,2024-03-01,8159
2355,敬鵬,22,4,18,台新-台南,2024-03-01,8159
2884,玉山金,20,3,17,台新-台南,2024-03-01,8159
5452,佶優,29,13,16,台新-台南,2024-03-01,8159
2369,菱生,38,22,16,台新-台南,2024-03-01,8159
2317,鴻海,21,6,15,台新-台南,2024-03-01,8159
00919,群益台灣精選高息,411,73,338,台新-台南,2024-03-04,8159
00918,大華優利高填息30,212,15,197,台新-台南,2024-03-04,8159
8390,金益鼎,138,1,137,台新-台南,2024-03-04,8159
1313,聯成,121,0,121,台新-台南,2024-03-04,8159
00687B,國泰20年美債,130,16,114,台新-台南,2024-03-04,8159
1815,富喬,172,73,99,台新-台南,2024-03-04,8159
3006,晶豪科,103,27,76,台新-台南,2024-03-04,8159
00665L,富邦�琤肭磪囓�2,81,10,71,台新-台南,2024-03-04,8159
00937B,群益ESG投等債20,113,47,66,台新-台南,2024-03-04,8159
6005,群益證,60,0,60,台新-台南,2024-03-04,8159
2888,新光金,53,3,50,台新-台南,2024-03-04,8159
3605,宏致,51,5,46,台新-台南,2024-03-04,8159
1305,華夏,43,0,43,台新-台南,2024-03-04,8159
8040,九暘,53,11,42,台新-台南,2024-03-04,8159
2356,英業達,69,27,42,台新-台南,2024-03-04,8159
9950,萬國通,42,0,42,台新-台南,2024-03-04,8159
4968,立積,46,4,42,台新-台南,2024-03-04,8159
1316,上曜,64,23,41,台新-台南,2024-03-04,8159
8064,東捷,41,5,36,台新-台南,2024-03-04,8159
4770,上品,35,0,35,台新-台南,2024-03-04,8159
6218,豪勉,35,2,33,台新-台南,2024-03-04,8159
3715,定穎投控,40,7,33,台新-台南,2024-03-04,8159
00680L,元大美債20正2,56,24,32,台新-台南,2024-03-04,8159
3625,西勝,31,0,31,台新-台南,2024-03-04,8159
2406,國碩,31,0,31,台新-台南,2024-03-04,8159
2324,仁寶,284,253,31,台新-台南,2024-03-04,8159
4556,旭然,30,0,30,台新-台南,2024-03-04,8159
3231,緯創,55,26,29,台新-台南,2024-03-04,8159
2392,正崴,30,1,29,台新-台南,2024-03-04,8159
2353,宏��,69,41,28,台新-台南,2024-03-04,8159
8150,南茂,45,17,28,台新-台南,2024-03-04,8159
2367,燿華,176,149,27,台新-台南,2024-03-04,8159
6770,力積電,33,6,27,台新-台南,2024-03-04,8159
6026,福邦證,28,2,26,台新-台南,2024-03-04,8159
8415,大國鋼,25,0,25,台新-台南,2024-03-04,8159
00770,國泰北美科技,24,0,24,台新-台南,2024-03-04,8159
2618,長榮航,27,3,24,台新-台南,2024-03-04,8159
00857B,永豐20年美公債,23,0,23,台新-台南,2024-03-04,8159
1314,中石化,24,1,23,台新-台南,2024-03-04,8159
6288,聯嘉,56,33,23,台新-台南,2024-03-04,8159
00921,兆豐龍頭等權重,22,0,22,台新-台南,2024-03-04,8159
3380,明泰,23,1,22,台新-台南,2024-03-04,8159
5534,長虹,22,0,22,台新-台南,2024-03-04,8159
006206,元大上證50,20,0,20,台新-台南,2024-03-04,8159
2312,金寶,45,25,20,台新-台南,2024-03-04,8159
2809,京城銀,23,3,20,台新-台南,2024-03-04,8159
00882,中信中國高股息,20,0,20,台新-台南,2024-03-04,8159
2851,中再保,20,0,20,台新-台南,2024-03-04,8159
6547,高端疫苗,21,1,20,台新-台南,2024-03-04,8159
1301,台塑,44,25,19,台新-台南,2024-03-04,8159
00919,群益台灣精選高息,509,50,459,台新-台南,2024-03-05,8159
4167,松瑞藥,280,5,275,台新-台南,2024-03-05,8159
1815,富喬,309,116,193,台新-台南,2024-03-05,8159
1474,弘裕,177,0,177,台新-台南,2024-03-05,8159
2883,凱基金,210,33,177,台新-台南,2024-03-05,8159
00712,復華富時不動產,178,1,177,台新-台南,2024-03-05,8159
00915,凱基優選高股息30,183,21,162,台新-台南,2024-03-05,8159
4906,正文,207,48,159,台新-台南,2024-03-05,8159
00688L,國泰20年美債正2,146,8,138,台新-台南,2024-03-05,8159
00937B,群益ESG投等債20,183,49,134,台新-台南,2024-03-05,8159
00680L,元大美債20正2,138,10,128,台新-台南,2024-03-05,8159
00632R,元大台灣50反1,104,4,100,台新-台南,2024-03-05,8159
2353,宏��,86,11,75,台新-台南,2024-03-05,8159
2601,益航,70,0,70,台新-台南,2024-03-05,8159
6116,彩晶,84,25,59,台新-台南,2024-03-05,8159
00753L,中信中國50正2,76,17,59,台新-台南,2024-03-05,8159
8105,凌巨,58,2,56,台新-台南,2024-03-05,8159
00665L,富邦�琤肭磪囓�2,101,50,51,台新-台南,2024-03-05,8159
00687B,國泰20年美債,50,2,48,台新-台南,2024-03-05,8159
3032,偉訓,56,9,47,台新-台南,2024-03-05,8159
2412,中華電,46,0,46,台新-台南,2024-03-05,8159
1314,中石化,43,0,43,台新-台南,2024-03-05,8159
2355,敬鵬,45,7,38,台新-台南,2024-03-05,8159
3481,群創,66,28,38,台新-台南,2024-03-05,8159
1605,華新,39,1,38,台新-台南,2024-03-05,8159
1785,光洋科,39,4,35,台新-台南,2024-03-05,8159
1609,大亞,50,17,33,台新-台南,2024-03-05,8159
2880,華南金,33,0,33,台新-台南,2024-03-05,8159
3050,鈺德,45,13,32,台新-台南,2024-03-05,8159
2605,新興,41,10,31,台新-台南,2024-03-05,8159
2367,燿華,219,188,31,台新-台南,2024-03-05,8159
3715,定穎投控,34,4,30,台新-台南,2024-03-05,8159
2465,麗臺,31,1,30,台新-台南,2024-03-05,8159
4109,加捷生醫,30,0,30,台新-台南,2024-03-05,8159
8054,安國,49,21,28,台新-台南,2024-03-05,8159
2313,華通,55,28,27,台新-台南,2024-03-05,8159
8046,南電,37,10,27,台新-台南,2024-03-05,8159
2888,新光金,31,4,27,台新-台南,2024-03-05,8159
3209,全科,36,10,26,台新-台南,2024-03-05,8159
6112,邁達特,26,0,26,台新-台南,2024-03-05,8159
2002,中鋼,33,8,25,台新-台南,2024-03-05,8159
1522,堤維西,42,17,25,台新-台南,2024-03-05,8159
8096,擎亞,37,12,25,台新-台南,2024-03-05,8159
1104,環泥,27,2,25,台新-台南,2024-03-05,8159
2887,台新金,34,9,25,台新-台南,2024-03-05,8159
2303,聯電,29,4,25,台新-台南,2024-03-05,8159
6189,豐藝,22,0,22,台新-台南,2024-03-05,8159
2312,金寶,24,2,22,台新-台南,2024-03-05,8159
3450,聯鈞,56,34,22,台新-台南,2024-03-05,8159
3520,華盈,24,2,22,台新-台南,2024-03-05,8159
4564,元翎,278,8,270,台新-台南,2024-03-06,8159
3481,群創,300,33,267,台新-台南,2024-03-06,8159
00712,復華富時不動產,242,2,240,台新-台南,2024-03-06,8159
00937B,群益ESG投等債20,244,87,157,台新-台南,2024-03-06,8159
1409,新纖,154,12,142,台新-台南,2024-03-06,8159
00918,大華優利高填息30,148,32,116,台新-台南,2024-03-06,8159
8105,凌巨,120,5,115,台新-台南,2024-03-06,8159
1471,首利,128,14,114,台新-台南,2024-03-06,8159
6548,長科*,101,2,99,台新-台南,2024-03-06,8159
00915,凱基優選高股息30,163,81,82,台新-台南,2024-03-06,8159
6290,良維,76,2,74,台新-台南,2024-03-06,8159
00919,群益台灣精選高息,437,364,73,台新-台南,2024-03-06,8159
5876,上海商銀,61,0,61,台新-台南,2024-03-06,8159
1714,和桐,61,0,61,台新-台南,2024-03-06,8159
1815,富喬,153,92,61,台新-台南,2024-03-06,8159
2633,台灣高鐵,102,43,59,台新-台南,2024-03-06,8159
2359,所羅門,58,0,58,台新-台南,2024-03-06,8159
8011,台通,154,97,57,台新-台南,2024-03-06,8159
00715L,期街口布蘭特正2,89,34,55,台新-台南,2024-03-06,8159
3052,夆典,50,0,50,台新-台南,2024-03-06,8159
2511,太子,50,0,50,台新-台南,2024-03-06,8159
2903,遠百,50,1,49,台新-台南,2024-03-06,8159
2882,國泰金,48,1,47,台新-台南,2024-03-06,8159
1785,光洋科,58,11,47,台新-台南,2024-03-06,8159
00720B,元大投資級公司債,46,1,45,台新-台南,2024-03-06,8159
3231,緯創,60,18,42,台新-台南,2024-03-06,8159
3703,欣陸,47,6,41,台新-台南,2024-03-06,8159
00687B,國泰20年美債,55,15,40,台新-台南,2024-03-06,8159
1802,台玻,40,1,39,台新-台南,2024-03-06,8159
3689,湧德,79,42,37,台新-台南,2024-03-06,8159
5388,中磊,45,8,37,台新-台南,2024-03-06,8159
2355,敬鵬,38,3,35,台新-台南,2024-03-06,8159
1909,榮成,33,0,33,台新-台南,2024-03-06,8159
2353,宏��,59,27,32,台新-台南,2024-03-06,8159
2025,千興,61,29,32,台新-台南,2024-03-06,8159
6163,華電網,63,32,31,台新-台南,2024-03-06,8159
0056,元大高股息,71,41,30,台新-台南,2024-03-06,8159
2387,精元,30,0,30,台新-台南,2024-03-06,8159
4960,誠美材,29,0,29,台新-台南,2024-03-06,8159
2356,英業達,46,20,26,台新-台南,2024-03-06,8159
2363,矽統,37,12,25,台新-台南,2024-03-06,8159
2515,中工,63,39,24,台新-台南,2024-03-06,8159
4912,聯德控股-KY,35,11,24,台新-台南,2024-03-06,8159
1101,台泥,30,6,24,台新-台南,2024-03-06,8159
2887,台新金,66,42,24,台新-台南,2024-03-06,8159
2408,南亞科,23,0,23,台新-台南,2024-03-06,8159
2344,華邦電,24,1,23,台新-台南,2024-03-06,8159
1532,勤美,23,1,22,台新-台南,2024-03-06,8159
5426,振發,65,43,22,台新-台南,2024-03-06,8159
2367,燿華,185,164,21,台新-台南,2024-03-06,8159
00919,群益台灣精選高息,512,123,389,台新-台南,2024-03-07,8159
6164,華興,273,21,252,台新-台南,2024-03-07,8159
00929,復華台灣科技優息,307,149,158,台新-台南,2024-03-07,8159
1316,上曜,425,291,134,台新-台南,2024-03-07,8159
00937B,群益ESG投等債20,262,138,124,台新-台南,2024-03-07,8159
00915,凱基優選高股息30,131,16,115,台新-台南,2024-03-07,8159
5521,工信,130,33,97,台新-台南,2024-03-07,8159
2025,千興,122,32,90,台新-台南,2024-03-07,8159
2897,王道銀行,100,12,88,台新-台南,2024-03-07,8159
2313,華通,245,161,84,台新-台南,2024-03-07,8159
1815,富喬,517,433,84,台新-台南,2024-03-07,8159
6770,力積電,96,16,80,台新-台南,2024-03-07,8159
3703,欣陸,75,0,75,台新-台南,2024-03-07,8159
4306,炎洲,90,23,67,台新-台南,2024-03-07,8159
2485,兆赫,70,3,67,台新-台南,2024-03-07,8159
3481,群創,90,24,66,台新-台南,2024-03-07,8159
3231,緯創,75,19,56,台新-台南,2024-03-07,8159
2883,凱基金,113,58,55,台新-台南,2024-03-07,8159
1409,新纖,60,10,50,台新-台南,2024-03-07,8159
3052,夆典,60,10,50,台新-台南,2024-03-07,8159
5488,松普,60,11,49,台新-台南,2024-03-07,8159
4714,永捷,49,0,49,台新-台南,2024-03-07,8159
2511,太子,51,2,49,台新-台南,2024-03-07,8159
2462,良得電,49,1,48,台新-台南,2024-03-07,8159
2618,長榮航,70,24,46,台新-台南,2024-03-07,8159
00857B,永豐20年美公債,45,2,43,台新-台南,2024-03-07,8159
4939,亞電,40,0,40,台新-台南,2024-03-07,8159
3339,泰谷,40,0,40,台新-台南,2024-03-07,8159
00753L,中信中國50正2,64,27,37,台新-台南,2024-03-07,8159
3689,湧德,72,36,36,台新-台南,2024-03-07,8159
2515,中工,69,35,34,台新-台南,2024-03-07,8159
1101,台泥,37,3,34,台新-台南,2024-03-07,8159
2486,一詮,71,38,33,台新-台南,2024-03-07,8159
2887,台新金,38,5,33,台新-台南,2024-03-07,8159
1444,力麗,30,0,30,台新-台南,2024-03-07,8159
8050,廣積,30,2,28,台新-台南,2024-03-07,8159
00632R,元大台灣50反1,141,114,27,台新-台南,2024-03-07,8159
6163,華電網,58,31,27,台新-台南,2024-03-07,8159
00637L,元大滬深300正2,26,0,26,台新-台南,2024-03-07,8159
4967,十銓,31,5,26,台新-台南,2024-03-07,8159
6120,達運,30,5,25,台新-台南,2024-03-07,8159
00931B,統一美債20年,41,17,24,台新-台南,2024-03-07,8159
1513,中興電,113,89,24,台新-台南,2024-03-07,8159
2601,益航,53,30,23,台新-台南,2024-03-07,8159
2417,圓剛,61,38,23,台新-台南,2024-03-07,8159
00679B,元大美債20年,33,11,22,台新-台南,2024-03-07,8159
1616,億泰,25,3,22,台新-台南,2024-03-07,8159
2611,志信,21,0,21,台新-台南,2024-03-07,8159
1723,中碳,21,0,21,台新-台南,2024-03-07,8159
3338,泰碩,73,52,21,台新-台南,2024-03-07,8159
00632R,元大台灣50反1,1435,70,1365,台新-台南,2024-03-08,8159
00919,群益台灣精選高息,1172,792,380,台新-台南,2024-03-08,8159
2511,太子,201,0,201,台新-台南,2024-03-08,8159
00937B,群益ESG投等債20,255,118,137,台新-台南,2024-03-08,8159
1815,富喬,386,273,113,台新-台南,2024-03-08,8159
1303,南亞,110,2,108,台新-台南,2024-03-08,8159
2883,凱基金,174,71,103,台新-台南,2024-03-08,8159
2547,日勝生,104,3,101,台新-台南,2024-03-08,8159
6226,光鼎,96,0,96,台新-台南,2024-03-08,8159
00673R,期元大S＆P原油反1,93,0,93,台新-台南,2024-03-08,8159
8096,擎亞,99,8,91,台新-台南,2024-03-08,8159
00676R,富邦臺灣加權反1,90,0,90,台新-台南,2024-03-08,8159
00679B,元大美債20年,77,9,68,台新-台南,2024-03-08,8159
5439,高技,92,27,65,台新-台南,2024-03-08,8159
1440,南紡,65,1,64,台新-台南,2024-03-08,8159
00891,中信關鍵半導體,113,52,61,台新-台南,2024-03-08,8159
00915,凱基優選高股息30,149,91,58,台新-台南,2024-03-08,8159
6164,華興,62,4,58,台新-台南,2024-03-08,8159
6538,倉和,52,0,52,台新-台南,2024-03-08,8159
2353,宏��,78,27,51,台新-台南,2024-03-08,8159
2495,普安,52,2,50,台新-台南,2024-03-08,8159
6217,中探針,98,49,49,台新-台南,2024-03-08,8159
3052,夆典,48,0,48,台新-台南,2024-03-08,8159
4906,正文,71,25,46,台新-台南,2024-03-08,8159
2201,裕隆,41,4,37,台新-台南,2024-03-08,8159
00857B,永豐20年美公債,37,0,37,台新-台南,2024-03-08,8159
6191,精成科,38,1,37,台新-台南,2024-03-08,8159
1609,大亞,48,12,36,台新-台南,2024-03-08,8159
2206,三陽工業,46,10,36,台新-台南,2024-03-08,8159
8110,華東,41,5,36,台新-台南,2024-03-08,8159
5498,凱崴,59,28,31,台新-台南,2024-03-08,8159
00687B,國泰20年美債,50,19,31,台新-台南,2024-03-08,8159
3481,群創,73,45,28,台新-台南,2024-03-08,8159
2344,華邦電,40,12,28,台新-台南,2024-03-08,8159
6139,亞翔,39,12,27,台新-台南,2024-03-08,8159
9941,裕融,27,1,26,台新-台南,2024-03-08,8159
6282,康舒,29,3,26,台新-台南,2024-03-08,8159
2409,友達,26,0,26,台新-台南,2024-03-08,8159
6243,迅杰,26,0,26,台新-台南,2024-03-08,8159
2609,陽明,90,64,26,台新-台南,2024-03-08,8159
3163,波若威,102,77,25,台新-台南,2024-03-08,8159
00664R,國泰臺灣加權反1,25,0,25,台新-台南,2024-03-08,8159
2363,矽統,47,23,24,台新-台南,2024-03-08,8159
4939,亞電,40,16,24,台新-台南,2024-03-08,8159
3284,太普高,24,0,24,台新-台南,2024-03-08,8159
00896,中信綠能及電動車,27,4,23,台新-台南,2024-03-08,8159
1444,力麗,22,0,22,台新-台南,2024-03-08,8159
2323,中環,22,2,20,台新-台南,2024-03-08,8159
1434,福懋,20,0,20,台新-台南,2024-03-08,8159
8114,振樺電,20,0,20,台新-台南,2024-03-08,8159
00937B,群益ESG投等債20,387,11,376,台新-台南,2024-03-11,8159
00688L,國泰20年美債正2,358,19,339,台新-台南,2024-03-11,8159
00632R,元大台灣50反1,313,40,273,台新-台南,2024-03-11,8159
3052,夆典,200,0,200,台新-台南,2024-03-11,8159
00679B,元大美債20年,206,25,181,台新-台南,2024-03-11,8159
2883,凱基金,351,183,168,台新-台南,2024-03-11,8159
00795B,中信美國公債20年,163,6,157,台新-台南,2024-03-11,8159
6164,華興,133,10,123,台新-台南,2024-03-11,8159
8096,擎亞,150,35,115,台新-台南,2024-03-11,8159
00715L,期街口布蘭特正2,107,0,107,台新-台南,2024-03-11,8159
00933B,國泰10Y+金融債,174,67,107,台新-台南,2024-03-11,8159
2887,台新金,107,6,101,台新-台南,2024-03-11,8159
2367,燿華,263,174,89,台新-台南,2024-03-11,8159
00918,大華優利高填息30,105,18,87,台新-台南,2024-03-11,8159
00882,中信中國高股息,91,5,86,台新-台南,2024-03-11,8159
2609,陽明,115,42,73,台新-台南,2024-03-11,8159
4513,福裕,67,1,66,台新-台南,2024-03-11,8159
1316,上曜,92,30,62,台新-台南,2024-03-11,8159
2027,大成鋼,81,22,59,台新-台南,2024-03-11,8159
5498,凱崴,62,10,52,台新-台南,2024-03-11,8159
8091,翔名,51,1,50,台新-台南,2024-03-11,8159
00751B,元大AAA至A公司債,50,1,49,台新-台南,2024-03-11,8159
1455,集盛,61,18,43,台新-台南,2024-03-11,8159
6770,力積電,64,21,43,台新-台南,2024-03-11,8159
00680L,元大美債20正2,127,85,42,台新-台南,2024-03-11,8159
2601,益航,40,0,40,台新-台南,2024-03-11,8159
3081,聯亞,40,1,39,台新-台南,2024-03-11,8159
00857B,永豐20年美公債,35,0,35,台新-台南,2024-03-11,8159
2020,美亞,35,0,35,台新-台南,2024-03-11,8159
2455,全新,40,6,34,台新-台南,2024-03-11,8159
1101,台泥,42,9,33,台新-台南,2024-03-11,8159
1905,華紙,35,2,33,台新-台南,2024-03-11,8159
2610,華航,33,0,33,台新-台南,2024-03-11,8159
1526,日馳,30,0,30,台新-台南,2024-03-11,8159
6005,群益證,30,1,29,台新-台南,2024-03-11,8159
00770,國泰北美科技,28,0,28,台新-台南,2024-03-11,8159
2888,新光金,33,5,28,台新-台南,2024-03-11,8159
2312,金寶,28,0,28,台新-台南,2024-03-11,8159
2330,台積電,39,13,26,台新-台南,2024-03-11,8159
3047,訊舟,27,1,26,台新-台南,2024-03-11,8159
00674R,期元大S＆P黃金反1,26,0,26,台新-台南,2024-03-11,8159
6187,萬潤,48,23,25,台新-台南,2024-03-11,8159
00830,國泰費城半導體,23,0,23,台新-台南,2024-03-11,8159
3707,漢磊,60,37,23,台新-台南,2024-03-11,8159
3481,群創,50,28,22,台新-台南,2024-03-11,8159
1434,福懋,20,0,20,台新-台南,2024-03-11,8159
2516,新建,21,1,20,台新-台南,2024-03-11,8159
2344,華邦電,22,2,20,台新-台南,2024-03-11,8159
00636,國泰中國A50,20,0,20,台新-台南,2024-03-11,8159
4109,加捷生醫,20,0,20,台新-台南,2024-03-11,8159
3052,夆典,330,0,330,台新-台南,2024-03-12,8159
2547,日勝生,225,5,220,台新-台南,2024-03-12,8159
3312,弘憶股,166,23,143,台新-台南,2024-03-12,8159
1815,富喬,178,41,137,台新-台南,2024-03-12,8159
00679B,元大美債20年,152,29,123,台新-台南,2024-03-12,8159
00719B,元大美債1-3,110,0,110,台新-台南,2024-03-12,8159
00919,群益台灣精選高息,320,237,83,台新-台南,2024-03-12,8159
6770,力積電,109,28,81,台新-台南,2024-03-12,8159
00830,國泰費城半導體,71,0,71,台新-台南,2024-03-12,8159
00680L,元大美債20正2,102,31,71,台新-台南,2024-03-12,8159
2515,中工,74,9,65,台新-台南,2024-03-12,8159
2020,美亞,69,8,61,台新-台南,2024-03-12,8159
6164,華興,60,0,60,台新-台南,2024-03-12,8159
00632R,元大台灣50反1,76,18,58,台新-台南,2024-03-12,8159
00688L,國泰20年美債正2,58,0,58,台新-台南,2024-03-12,8159
2882,國泰金,54,3,51,台新-台南,2024-03-12,8159
0052,富邦科技,47,0,47,台新-台南,2024-03-12,8159
2409,友達,112,69,43,台新-台南,2024-03-12,8159
2355,敬鵬,52,11,41,台新-台南,2024-03-12,8159
1524,耿鼎,45,5,40,台新-台南,2024-03-12,8159
2371,大同,55,18,37,台新-台南,2024-03-12,8159
2607,榮運,49,13,36,台新-台南,2024-03-12,8159
1712,興農,40,4,36,台新-台南,2024-03-12,8159
00915,凱基優選高股息30,57,23,34,台新-台南,2024-03-12,8159
00935,野村臺灣新科技50,38,5,33,台新-台南,2024-03-12,8159
2392,正崴,35,3,32,台新-台南,2024-03-12,8159
2915,潤泰全,40,10,30,台新-台南,2024-03-12,8159
2849,安泰銀,30,0,30,台新-台南,2024-03-12,8159
1473,台南,29,0,29,台新-台南,2024-03-12,8159
3171,炎洲流通,28,0,28,台新-台南,2024-03-12,8159
6578,達邦蛋白,31,4,27,台新-台南,2024-03-12,8159
2601,益航,26,0,26,台新-台南,2024-03-12,8159
2486,一詮,65,39,26,台新-台南,2024-03-12,8159
3711,日月光投控,25,1,24,台新-台南,2024-03-12,8159
6005,群益證,55,31,24,台新-台南,2024-03-12,8159
2406,國碩,32,8,24,台新-台南,2024-03-12,8159
2610,華航,32,8,24,台新-台南,2024-03-12,8159
3545,敦泰,24,1,23,台新-台南,2024-03-12,8159
2641,正德,27,4,23,台新-台南,2024-03-12,8159
00857B,永豐20年美公債,22,0,22,台新-台南,2024-03-12,8159
4503,金雨,21,0,21,台新-台南,2024-03-12,8159
2009,第一銅,41,20,21,台新-台南,2024-03-12,8159
1514,亞力,155,135,20,台新-台南,2024-03-12,8159
1303,南亞,22,2,20,台新-台南,2024-03-12,8159
3339,泰谷,22,2,20,台新-台南,2024-03-12,8159
2330,台積電,38,18,20,台新-台南,2024-03-12,8159
2514,龍邦,19,0,19,台新-台南,2024-03-12,8159
9934,成霖,20,1,19,台新-台南,2024-03-12,8159
2408,南亞科,19,1,18,台新-台南,2024-03-12,8159
00753L,中信中國50正2,45,27,18,台新-台南,2024-03-12,8159
3052,夆典,660,1,659,台新-台南,2024-03-13,8159
00919,群益台灣精選高息,809,194,615,台新-台南,2024-03-13,8159
00632R,元大台灣50反1,474,12,462,台新-台南,2024-03-13,8159
00918,大華優利高填息30,203,9,194,台新-台南,2024-03-13,8159
2547,日勝生,209,40,169,台新-台南,2024-03-13,8159
00937B,群益ESG投等債20,196,32,164,台新-台南,2024-03-13,8159
00929,復華台灣科技優息,219,95,124,台新-台南,2024-03-13,8159
3231,緯創,154,33,121,台新-台南,2024-03-13,8159
2367,燿華,245,128,117,台新-台南,2024-03-13,8159
3322,建舜電,111,0,111,台新-台南,2024-03-13,8159
6605,帝寶,108,5,103,台新-台南,2024-03-13,8159
00687B,國泰20年美債,97,10,87,台新-台南,2024-03-13,8159
6120,達運,82,0,82,台新-台南,2024-03-13,8159
1455,集盛,74,6,68,台新-台南,2024-03-13,8159
2618,長榮航,124,64,60,台新-台南,2024-03-13,8159
00933B,國泰10Y+金融債,62,5,57,台新-台南,2024-03-13,8159
4503,金雨,58,2,56,台新-台南,2024-03-13,8159
2376,技嘉,93,39,54,台新-台南,2024-03-13,8159
00679B,元大美債20年,62,8,54,台新-台南,2024-03-13,8159
1612,宏泰,54,1,53,台新-台南,2024-03-13,8159
00688L,國泰20年美債正2,60,8,52,台新-台南,2024-03-13,8159
00706L,期元大S＆P日圓正2,57,6,51,台新-台南,2024-03-13,8159
1514,亞力,194,144,50,台新-台南,2024-03-13,8159
00915,凱基優選高股息30,118,71,47,台新-台南,2024-03-13,8159
2002,中鋼,50,3,47,台新-台南,2024-03-13,8159
8926,台汽電,75,29,46,台新-台南,2024-03-13,8159
2408,南亞科,44,5,39,台新-台南,2024-03-13,8159
3312,弘憶股,51,12,39,台新-台南,2024-03-13,8159
00857B,永豐20年美公債,38,0,38,台新-台南,2024-03-13,8159
2515,中工,39,2,37,台新-台南,2024-03-13,8159
00712,復華富時不動產,93,56,37,台新-台南,2024-03-13,8159
2344,華邦電,46,11,35,台新-台南,2024-03-13,8159
3171,炎洲流通,37,2,35,台新-台南,2024-03-13,8159
3689,湧德,35,1,34,台新-台南,2024-03-13,8159
5439,高技,32,0,32,台新-台南,2024-03-13,8159
2027,大成鋼,33,2,31,台新-台南,2024-03-13,8159
2885,元大金,59,29,30,台新-台南,2024-03-13,8159
4526,東台,30,0,30,台新-台南,2024-03-13,8159
0052,富邦科技,30,0,30,台新-台南,2024-03-13,8159
3707,漢磊,38,8,30,台新-台南,2024-03-13,8159
2603,長榮,50,21,29,台新-台南,2024-03-13,8159
3545,敦泰,41,14,27,台新-台南,2024-03-13,8159
6282,康舒,38,11,27,台新-台南,2024-03-13,8159
1444,力麗,27,0,27,台新-台南,2024-03-13,8159
2347,聯強,30,3,27,台新-台南,2024-03-13,8159
3663,鑫科,28,3,25,台新-台南,2024-03-13,8159
5475,德宏,25,0,25,台新-台南,2024-03-13,8159
4960,誠美材,24,0,24,台新-台南,2024-03-13,8159
1608,華榮,85,62,23,台新-台南,2024-03-13,8159
00650L,復華香港正2,26,4,22,台新-台南,2024-03-13,8159
00919,群益台灣精選高息,1015,374,641,台新-台南,2024-03-14,8159
00632R,元大台灣50反1,520,1,519,台新-台南,2024-03-14,8159
2887,台新金,241,37,204,台新-台南,2024-03-14,8159
00918,大華優利高填息30,200,24,176,台新-台南,2024-03-14,8159
3052,夆典,128,0,128,台新-台南,2024-03-14,8159
00915,凱基優選高股息30,147,22,125,台新-台南,2024-03-14,8159
3356,奇偶,144,25,119,台新-台南,2024-03-14,8159
6514,芮特-KY,118,0,118,台新-台南,2024-03-14,8159
2353,宏��,123,6,117,台新-台南,2024-03-14,8159
00937B,群益ESG投等債20,191,90,101,台新-台南,2024-03-14,8159
6164,華興,92,0,92,台新-台南,2024-03-14,8159
3705,永信,100,13,87,台新-台南,2024-03-14,8159
00687B,國泰20年美債,91,11,80,台新-台南,2024-03-14,8159
2303,聯電,124,47,77,台新-台南,2024-03-14,8159
2885,元大金,83,14,69,台新-台南,2024-03-14,8159
2634,漢翔,56,2,54,台新-台南,2024-03-14,8159
00679B,元大美債20年,66,14,52,台新-台南,2024-03-14,8159
6616,特昇-KY,51,0,51,台新-台南,2024-03-14,8159
3231,緯創,102,53,49,台新-台南,2024-03-14,8159
3005,神基,79,31,48,台新-台南,2024-03-14,8159
00751B,元大AAA至A公司債,43,1,42,台新-台南,2024-03-14,8159
6120,達運,41,0,41,台新-台南,2024-03-14,8159
3090,日電貿,40,0,40,台新-台南,2024-03-14,8159
2486,一詮,87,49,38,台新-台南,2024-03-14,8159
8096,擎亞,43,8,35,台新-台南,2024-03-14,8159
3702,大聯大,42,9,33,台新-台南,2024-03-14,8159
8011,台通,64,32,32,台新-台南,2024-03-14,8159
2832,台產,31,0,31,台新-台南,2024-03-14,8159
9945,潤泰新,44,14,30,台新-台南,2024-03-14,8159
2845,遠東銀,43,14,29,台新-台南,2024-03-14,8159
00857B,永豐20年美公債,33,4,29,台新-台南,2024-03-14,8159
3017,奇鋐,46,17,29,台新-台南,2024-03-14,8159
00935,野村臺灣新科技50,29,3,26,台新-台南,2024-03-14,8159
3545,敦泰,55,29,26,台新-台南,2024-03-14,8159
6127,九豪,29,3,26,台新-台南,2024-03-14,8159
8150,南茂,28,3,25,台新-台南,2024-03-14,8159
2468,華經,25,0,25,台新-台南,2024-03-14,8159
00878,國泰永續高股息,86,61,25,台新-台南,2024-03-14,8159
1815,富喬,30,6,24,台新-台南,2024-03-14,8159
2390,云辰,23,0,23,台新-台南,2024-03-14,8159
2615,萬海,26,4,22,台新-台南,2024-03-14,8159
2327,國巨,23,2,21,台新-台南,2024-03-14,8159
4526,東台,20,0,20,台新-台南,2024-03-14,8159
5314,世紀,20,0,20,台新-台南,2024-03-14,8159
5488,松普,19,0,19,台新-台南,2024-03-14,8159
00931B,統一美債20年,26,7,19,台新-台南,2024-03-14,8159
00795B,中信美國公債20年,21,2,19,台新-台南,2024-03-14,8159
3325,旭品,21,3,18,台新-台南,2024-03-14,8159
5519,隆大,23,5,18,台新-台南,2024-03-14,8159
2348,海悅,19,2,17,台新-台南,2024-03-14,8159
00941,中信上游半導體,750,29,721,台新-台南,2024-03-15,8159
00919,群益台灣精選高息,849,283,566,台新-台南,2024-03-15,8159
2888,新光金,573,26,547,台新-台南,2024-03-15,8159
00673R,期元大S＆P原油反1,220,0,220,台新-台南,2024-03-15,8159
00753L,中信中國50正2,224,6,218,台新-台南,2024-03-15,8159
00687B,國泰20年美債,204,25,179,台新-台南,2024-03-15,8159
00679B,元大美債20年,161,0,161,台新-台南,2024-03-15,8159
00915,凱基優選高股息30,191,35,156,台新-台南,2024-03-15,8159
2618,長榮航,194,46,148,台新-台南,2024-03-15,8159
2614,東森,135,0,135,台新-台南,2024-03-15,8159
00632R,元大台灣50反1,161,29,132,台新-台南,2024-03-15,8159
00918,大華優利高填息30,151,21,130,台新-台南,2024-03-15,8159
00772B,中信高評級公司債,114,2,112,台新-台南,2024-03-15,8159
2603,長榮,190,93,97,台新-台南,2024-03-15,8159
00937B,群益ESG投等債20,119,23,96,台新-台南,2024-03-15,8159
00933B,國泰10Y+金融債,73,2,71,台新-台南,2024-03-15,8159
3312,弘憶股,80,15,65,台新-台南,2024-03-15,8159
00751B,元大AAA至A公司債,65,0,65,台新-台南,2024-03-15,8159
6514,芮特-KY,64,0,64,台新-台南,2024-03-15,8159
2609,陽明,173,115,58,台新-台南,2024-03-15,8159
2344,華邦電,59,2,57,台新-台南,2024-03-15,8159
2845,遠東銀,57,0,57,台新-台南,2024-03-15,8159
2303,聯電,62,8,54,台新-台南,2024-03-15,8159
1455,集盛,54,1,53,台新-台南,2024-03-15,8159
2330,台積電,56,4,52,台新-台南,2024-03-15,8159
2547,日勝生,55,4,51,台新-台南,2024-03-15,8159
6239,力成,52,3,49,台新-台南,2024-03-15,8159
3715,定穎投控,53,8,45,台新-台南,2024-03-15,8159
2337,旺宏,56,11,45,台新-台南,2024-03-15,8159
2501,國建,43,0,43,台新-台南,2024-03-15,8159
1313,聯成,40,0,40,台新-台南,2024-03-15,8159
3050,鈺德,39,0,39,台新-台南,2024-03-15,8159
3163,波若威,53,18,35,台新-台南,2024-03-15,8159
00857B,永豐20年美公債,35,0,35,台新-台南,2024-03-15,8159
1608,華榮,54,19,35,台新-台南,2024-03-15,8159
2206,三陽工業,33,1,32,台新-台南,2024-03-15,8159
3231,緯創,89,57,32,台新-台南,2024-03-15,8159
3406,玉晶光,32,0,32,台新-台南,2024-03-15,8159
4938,和碩,60,29,31,台新-台南,2024-03-15,8159
00712,復華富時不動產,42,11,31,台新-台南,2024-03-15,8159
2486,一詮,87,56,31,台新-台南,2024-03-15,8159
00664R,國泰臺灣加權反1,30,0,30,台新-台南,2024-03-15,8159
2406,國碩,32,2,30,台新-台南,2024-03-15,8159
2615,萬海,44,14,30,台新-台南,2024-03-15,8159
4968,立積,31,2,29,台新-台南,2024-03-15,8159
5515,建國,31,3,28,台新-台南,2024-03-15,8159
00665L,富邦�琤肭磪囓�2,55,27,28,台新-台南,2024-03-15,8159
1210,大成,30,3,27,台新-台南,2024-03-15,8159
3010,華立,27,2,25,台新-台南,2024-03-15,8159
1815,富喬,40,16,24,台新-台南,2024-03-15,8159
00919,群益台灣精選高息,388,181,207,台新-台南,2024-03-18,8159
00941,中信上游半導體,202,20,182,台新-台南,2024-03-18,8159
00687B,國泰20年美債,164,0,164,台新-台南,2024-03-18,8159
00933B,國泰10Y+金融債,151,0,151,台新-台南,2024-03-18,8159
00937B,群益ESG投等債20,136,1,135,台新-台南,2024-03-18,8159
00680L,元大美債20正2,131,11,120,台新-台南,2024-03-18,8159
2618,長榮航,124,6,118,台新-台南,2024-03-18,8159
2845,遠東銀,111,4,107,台新-台南,2024-03-18,8159
00679B,元大美債20年,110,5,105,台新-台南,2024-03-18,8159
2834,臺企銀,156,68,88,台新-台南,2024-03-18,8159
2609,陽明,217,143,74,台新-台南,2024-03-18,8159
3450,聯鈞,70,1,69,台新-台南,2024-03-18,8159
2511,太子,58,0,58,台新-台南,2024-03-18,8159
4906,正文,58,4,54,台新-台南,2024-03-18,8159
2486,一詮,179,126,53,台新-台南,2024-03-18,8159
2885,元大金,72,27,45,台新-台南,2024-03-18,8159
00918,大華優利高填息30,59,17,42,台新-台南,2024-03-18,8159
2367,燿華,197,156,41,台新-台南,2024-03-18,8159
2601,益航,40,0,40,台新-台南,2024-03-18,8159
00751B,元大AAA至A公司債,40,0,40,台新-台南,2024-03-18,8159
00864B,中信美國公債0-1,38,0,38,台新-台南,2024-03-18,8159
6288,聯嘉,40,4,36,台新-台南,2024-03-18,8159
2611,志信,46,13,33,台新-台南,2024-03-18,8159
00878,國泰永續高股息,65,33,32,台新-台南,2024-03-18,8159
00670L,富邦NASDAQ正2,32,1,31,台新-台南,2024-03-18,8159
00688L,國泰20年美債正2,34,3,31,台新-台南,2024-03-18,8159
2889,國票金,34,4,30,台新-台南,2024-03-18,8159
6239,力成,33,3,30,台新-台南,2024-03-18,8159
2025,千興,46,16,30,台新-台南,2024-03-18,8159
2455,全新,30,1,29,台新-台南,2024-03-18,8159
3615,安可,28,0,28,台新-台南,2024-03-18,8159
6530,創威,41,13,28,台新-台南,2024-03-18,8159
2002,中鋼,26,0,26,台新-台南,2024-03-18,8159
2409,友達,29,3,26,台新-台南,2024-03-18,8159
2406,國碩,30,4,26,台新-台南,2024-03-18,8159
2610,華航,29,4,25,台新-台南,2024-03-18,8159
2883,凱基金,44,20,24,台新-台南,2024-03-18,8159
5314,世紀,24,0,24,台新-台南,2024-03-18,8159
00915,凱基優選高股息30,42,18,24,台新-台南,2024-03-18,8159
2453,凌群,23,0,23,台新-台南,2024-03-18,8159
2421,建準,34,12,22,台新-台南,2024-03-18,8159
1905,華紙,24,3,21,台新-台南,2024-03-18,8159
00830,國泰費城半導體,23,2,21,台新-台南,2024-03-18,8159
3508,位速,20,0,20,台新-台南,2024-03-18,8159
00706L,期元大S＆P日圓正2,20,0,20,台新-台南,2024-03-18,8159
00930,永豐ESG低碳高息,20,0,20,台新-台南,2024-03-18,8159
2603,長榮,101,81,20,台新-台南,2024-03-18,8159
1101,台泥,19,0,19,台新-台南,2024-03-18,8159
3715,定穎投控,32,13,19,台新-台南,2024-03-18,8159
5519,隆大,20,1,19,台新-台南,2024-03-18,8159
2888,新光金,505,35,470,台新-台南,2024-03-19,8159
2641,正德,352,9,343,台新-台南,2024-03-19,8159
00706L,期元大S＆P日圓正2,337,0,337,台新-台南,2024-03-19,8159
00720B,元大投資級公司債,324,0,324,台新-台南,2024-03-19,8159
1513,中興電,296,54,242,台新-台南,2024-03-19,8159
00937B,群益ESG投等債20,228,43,185,台新-台南,2024-03-19,8159
2362,藍天,156,0,156,台新-台南,2024-03-19,8159
00941,中信上游半導體,151,9,142,台新-台南,2024-03-19,8159
00919,群益台灣精選高息,302,192,110,台新-台南,2024-03-19,8159
00688L,國泰20年美債正2,89,0,89,台新-台南,2024-03-19,8159
00679B,元大美債20年,86,4,82,台新-台南,2024-03-19,8159
3545,敦泰,78,0,78,台新-台南,2024-03-19,8159
00687B,國泰20年美債,84,7,77,台新-台南,2024-03-19,8159
00929,復華台灣科技優息,213,137,76,台新-台南,2024-03-19,8159
2834,臺企銀,170,105,65,台新-台南,2024-03-19,8159
00680L,元大美債20正2,93,29,64,台新-台南,2024-03-19,8159
00673R,期元大S＆P原油反1,58,0,58,台新-台南,2024-03-19,8159
1101,台泥,56,6,50,台新-台南,2024-03-19,8159
2355,敬鵬,55,10,45,台新-台南,2024-03-19,8159
8011,台通,142,98,44,台新-台南,2024-03-19,8159
1514,亞力,64,20,44,台新-台南,2024-03-19,8159
00632R,元大台灣50反1,55,13,42,台新-台南,2024-03-19,8159
2367,燿華,248,206,42,台新-台南,2024-03-19,8159
2329,華泰,74,36,38,台新-台南,2024-03-19,8159
2464,盟立,56,19,37,台新-台南,2024-03-19,8159
5488,松普,43,6,37,台新-台南,2024-03-19,8159
6125,廣運,42,10,32,台新-台南,2024-03-19,8159
2615,萬海,32,0,32,台新-台南,2024-03-19,8159
2515,中工,62,30,32,台新-台南,2024-03-19,8159
1905,華紙,33,1,32,台新-台南,2024-03-19,8159
6284,佳邦,36,4,32,台新-台南,2024-03-19,8159
2511,太子,31,0,31,台新-台南,2024-03-19,8159
2208,台船,47,16,31,台新-台南,2024-03-19,8159
1597,直得,32,2,30,台新-台南,2024-03-19,8159
2344,華邦電,29,2,27,台新-台南,2024-03-19,8159
2887,台新金,30,3,27,台新-台南,2024-03-19,8159
3715,定穎投控,29,3,26,台新-台南,2024-03-19,8159
3324,雙鴻,29,4,25,台新-台南,2024-03-19,8159
2353,宏��,29,4,25,台新-台南,2024-03-19,8159
1608,華榮,30,5,25,台新-台南,2024-03-19,8159
6712,長聖,33,10,23,台新-台南,2024-03-19,8159
2317,鴻海,131,110,21,台新-台南,2024-03-19,8159
00712,復華富時不動產,24,3,21,台新-台南,2024-03-19,8159
2486,一詮,143,122,21,台新-台南,2024-03-19,8159
3041,揚智,63,42,21,台新-台南,2024-03-19,8159
1603,華電,21,0,21,台新-台南,2024-03-19,8159
2388,威盛,23,3,20,台新-台南,2024-03-19,8159
4543,萬在,20,0,20,台新-台南,2024-03-19,8159
1605,華新,35,16,19,台新-台南,2024-03-19,8159
00642U,期元大S＆P石油,30,11,19,台新-台南,2024-03-19,8159
00939,統一台灣高息動能,2141,148,1993,台新-台南,2024-03-20,8159
9907,統一實,692,21,671,台新-台南,2024-03-20,8159
2323,中環,406,36,370,台新-台南,2024-03-20,8159
1402,遠東新,300,1,299,台新-台南,2024-03-20,8159
00919,群益台灣精選高息,667,382,285,台新-台南,2024-03-20,8159
2618,長榮航,355,94,261,台新-台南,2024-03-20,8159
00706L,期元大S＆P日圓正2,262,5,257,台新-台南,2024-03-20,8159
00937B,群益ESG投等債20,268,46,222,台新-台南,2024-03-20,8159
1789,神隆,195,0,195,台新-台南,2024-03-20,8159
00687B,國泰20年美債,136,6,130,台新-台南,2024-03-20,8159
00688L,國泰20年美債正2,105,5,100,台新-台南,2024-03-20,8159
1326,台化,94,1,93,台新-台南,2024-03-20,8159
6770,力積電,95,9,86,台新-台南,2024-03-20,8159
00680L,元大美債20正2,99,20,79,台新-台南,2024-03-20,8159
00857B,永豐20年美公債,81,2,79,台新-台南,2024-03-20,8159
2888,新光金,89,16,73,台新-台南,2024-03-20,8159
2362,藍天,74,2,72,台新-台南,2024-03-20,8159
2303,聯電,122,57,65,台新-台南,2024-03-20,8159
2344,華邦電,67,7,60,台新-台南,2024-03-20,8159
1517,利奇,61,2,59,台新-台南,2024-03-20,8159
00941,中信上游半導體,79,21,58,台新-台南,2024-03-20,8159
1440,南紡,55,0,55,台新-台南,2024-03-20,8159
2356,英業達,79,25,54,台新-台南,2024-03-20,8159
6514,芮特-KY,51,0,51,台新-台南,2024-03-20,8159
4938,和碩,92,44,48,台新-台南,2024-03-20,8159
2515,中工,47,1,46,台新-台南,2024-03-20,8159
2002,中鋼,48,3,45,台新-台南,2024-03-20,8159
2883,凱基金,82,39,43,台新-台南,2024-03-20,8159
8150,南茂,51,10,41,台新-台南,2024-03-20,8159
2367,燿華,214,174,40,台新-台南,2024-03-20,8159
2453,凌群,52,13,39,台新-台南,2024-03-20,8159
00878,國泰永續高股息,85,46,39,台新-台南,2024-03-20,8159
2641,正德,40,1,39,台新-台南,2024-03-20,8159
4714,永捷,51,15,36,台新-台南,2024-03-20,8159
00930,永豐ESG低碳高息,32,0,32,台新-台南,2024-03-20,8159
2603,長榮,101,70,31,台新-台南,2024-03-20,8159
2845,遠東銀,33,4,29,台新-台南,2024-03-20,8159
3450,聯鈞,30,2,28,台新-台南,2024-03-20,8159
2867,三商壽,42,14,28,台新-台南,2024-03-20,8159
6112,邁達特,160,132,28,台新-台南,2024-03-20,8159
2313,華通,40,13,27,台新-台南,2024-03-20,8159
6285,啟��,30,4,26,台新-台南,2024-03-20,8159
2834,臺企銀,47,21,26,台新-台南,2024-03-20,8159
9105,泰金寶-DR,26,1,25,台新-台南,2024-03-20,8159
1314,中石化,28,3,25,台新-台南,2024-03-20,8159
3704,合勤控,29,5,24,台新-台南,2024-03-20,8159
3545,敦泰,24,0,24,台新-台南,2024-03-20,8159
4726,永昕,24,0,24,台新-台南,2024-03-20,8159
2208,台船,40,16,24,台新-台南,2024-03-20,8159
2374,佳能,38,15,23,台新-台南,2024-03-20,8159
00632R,元大台灣50反1,1037,150,887,台新-台南,2024-03-21,8159
00939,統一台灣高息動能,913,76,837,台新-台南,2024-03-21,8159
9907,統一實,292,2,290,台新-台南,2024-03-21,8159
3481,群創,322,92,230,台新-台南,2024-03-21,8159
00680L,元大美債20正2,200,0,200,台新-台南,2024-03-21,8159
2834,臺企銀,194,12,182,台新-台南,2024-03-21,8159
00937B,群益ESG投等債20,231,64,167,台新-台南,2024-03-21,8159
00688L,國泰20年美債正2,163,0,163,台新-台南,2024-03-21,8159
2362,藍天,156,5,151,台新-台南,2024-03-21,8159
00919,群益台灣精選高息,340,206,134,台新-台南,2024-03-21,8159
00687B,國泰20年美債,166,39,127,台新-台南,2024-03-21,8159
1402,遠東新,120,0,120,台新-台南,2024-03-21,8159
1789,神隆,120,5,115,台新-台南,2024-03-21,8159
00933B,國泰10Y+金融債,103,4,99,台新-台南,2024-03-21,8159
6125,廣運,63,6,57,台新-台南,2024-03-21,8159
3005,神基,158,108,50,台新-台南,2024-03-21,8159
00650L,復華香港正2,50,0,50,台新-台南,2024-03-21,8159
00795B,中信美國公債20年,56,6,50,台新-台南,2024-03-21,8159
2618,長榮航,69,22,47,台新-台南,2024-03-21,8159
8091,翔名,35,0,35,台新-台南,2024-03-21,8159
00864B,中信美國公債0-1,33,0,33,台新-台南,2024-03-21,8159
4726,永昕,31,0,31,台新-台南,2024-03-21,8159
1809,中釉,33,2,31,台新-台南,2024-03-21,8159
00664R,國泰臺灣加權反1,30,0,30,台新-台南,2024-03-21,8159
2455,全新,32,3,29,台新-台南,2024-03-21,8159
00857B,永豐20年美公債,27,0,27,台新-台南,2024-03-21,8159
2405,輔信,68,43,25,台新-台南,2024-03-21,8159
1785,光洋科,172,149,23,台新-台南,2024-03-21,8159
3322,建舜電,34,12,22,台新-台南,2024-03-21,8159
2065,世豐,22,0,22,台新-台南,2024-03-21,8159
1504,東元,66,45,21,台新-台南,2024-03-21,8159
4770,上品,21,0,21,台新-台南,2024-03-21,8159
1101,台泥,25,5,20,台新-台南,2024-03-21,8159
4906,正文,27,7,20,台新-台南,2024-03-21,8159
3284,太普高,20,0,20,台新-台南,2024-03-21,8159
2369,菱生,30,11,19,台新-台南,2024-03-21,8159
4128,中天,21,2,19,台新-台南,2024-03-21,8159
00751B,元大AAA至A公司債,18,0,18,台新-台南,2024-03-21,8159
2323,中環,23,5,18,台新-台南,2024-03-21,8159
2610,華航,27,10,17,台新-台南,2024-03-21,8159
2301,光寶科,49,32,17,台新-台南,2024-03-21,8159
8234,新漢,32,15,17,台新-台南,2024-03-21,8159
6191,精成科,30,13,17,台新-台南,2024-03-21,8159
2303,聯電,42,26,16,台新-台南,2024-03-21,8159
2603,長榮,97,81,16,台新-台南,2024-03-21,8159
00904,新光臺灣半導體30,20,5,15,台新-台南,2024-03-21,8159
1734,杏輝,26,12,14,台新-台南,2024-03-21,8159
2889,國票金,18,4,14,台新-台南,2024-03-21,8159
1442,名軒,20,7,13,台新-台南,2024-03-21,8159
3346,麗清,13,0,13,台新-台南,2024-03-21,8159
00939,統一台灣高息動能,532,216,316,台新-台南,2024-03-22,8159
3704,合勤控,327,12,315,台新-台南,2024-03-22,8159
00919,群益台灣精選高息,437,132,305,台新-台南,2024-03-22,8159
1402,遠東新,280,0,280,台新-台南,2024-03-22,8159
00941,中信上游半導體,176,19,157,台新-台南,2024-03-22,8159
2501,國建,136,0,136,台新-台南,2024-03-22,8159
9907,統一實,132,0,132,台新-台南,2024-03-22,8159
2353,宏��,348,218,130,台新-台南,2024-03-22,8159
3312,弘憶股,122,0,122,台新-台南,2024-03-22,8159
6257,矽格,114,3,111,台新-台南,2024-03-22,8159
3706,神達,304,193,111,台新-台南,2024-03-22,8159
2603,長榮,141,33,108,台新-台南,2024-03-22,8159
00937B,群益ESG投等債20,108,1,107,台新-台南,2024-03-22,8159
5388,中磊,114,21,93,台新-台南,2024-03-22,8159
00665L,富邦�琤肭磪囓�2,84,0,84,台新-台南,2024-03-22,8159
2303,聯電,208,137,71,台新-台南,2024-03-22,8159
00679B,元大美債20年,84,13,71,台新-台南,2024-03-22,8159
2006,東和鋼鐵,69,1,68,台新-台南,2024-03-22,8159
2355,敬鵬,65,6,59,台新-台南,2024-03-22,8159
00929,復華台灣科技優息,171,114,57,台新-台南,2024-03-22,8159
6443,元晶,91,34,57,台新-台南,2024-03-22,8159
2313,華通,71,15,56,台新-台南,2024-03-22,8159
3027,盛達,57,2,55,台新-台南,2024-03-22,8159
5314,世紀,51,1,50,台新-台南,2024-03-22,8159
2376,技嘉,78,31,47,台新-台南,2024-03-22,8159
8936,國統,61,17,44,台新-台南,2024-03-22,8159
4128,中天,40,1,39,台新-台南,2024-03-22,8159
1616,億泰,62,24,38,台新-台南,2024-03-22,8159
3231,緯創,116,80,36,台新-台南,2024-03-22,8159
00930,永豐ESG低碳高息,37,1,36,台新-台南,2024-03-22,8159
2888,新光金,65,31,34,台新-台南,2024-03-22,8159
2354,鴻準,57,24,33,台新-台南,2024-03-22,8159
00857B,永豐20年美公債,32,0,32,台新-台南,2024-03-22,8159
5243,乙盛-KY,33,2,31,台新-台南,2024-03-22,8159
4958,臻鼎-KY,38,7,31,台新-台南,2024-03-22,8159
8415,大國鋼,29,0,29,台新-台南,2024-03-22,8159
00650L,復華香港正2,26,0,26,台新-台南,2024-03-22,8159
00687B,國泰20年美債,26,1,25,台新-台南,2024-03-22,8159
00706L,期元大S＆P日圓正2,27,3,24,台新-台南,2024-03-22,8159
00715L,期街口布蘭特正2,23,0,23,台新-台南,2024-03-22,8159
2002,中鋼,33,11,22,台新-台南,2024-03-22,8159
1503,士電,92,71,21,台新-台南,2024-03-22,8159
5864,致和證,21,0,21,台新-台南,2024-03-22,8159
3694,海華,23,2,21,台新-台南,2024-03-22,8159
2609,陽明,30,10,20,台新-台南,2024-03-22,8159
3715,定穎投控,22,2,20,台新-台南,2024-03-22,8159
3033,威健,22,2,20,台新-台南,2024-03-22,8159
1785,光洋科,43,23,20,台新-台南,2024-03-22,8159
5439,高技,94,74,20,台新-台南,2024-03-22,8159
6530,創威,20,0,20,台新-台南,2024-03-22,8159
2317,鴻海,421,74,347,台新-台南,2024-03-25,8159
1609,大亞,471,207,264,台新-台南,2024-03-25,8159
00632R,元大台灣50反1,311,50,261,台新-台南,2024-03-25,8159
00939,統一台灣高息動能,292,38,254,台新-台南,2024-03-25,8159
00680L,元大美債20正2,281,82,199,台新-台南,2024-03-25,8159
2547,日勝生,174,2,172,台新-台南,2024-03-25,8159
00688L,國泰20年美債正2,217,55,162,台新-台南,2024-03-25,8159
6164,華興,138,1,137,台新-台南,2024-03-25,8159
1402,遠東新,129,0,129,台新-台南,2024-03-25,8159
1714,和桐,123,1,122,台新-台南,2024-03-25,8159
3481,群創,141,20,121,台新-台南,2024-03-25,8159
00679B,元大美債20年,132,11,121,台新-台南,2024-03-25,8159
00937B,群益ESG投等債20,181,67,114,台新-台南,2024-03-25,8159
2367,燿華,194,89,105,台新-台南,2024-03-25,8159
2356,英業達,266,164,102,台新-台南,2024-03-25,8159
00941,中信上游半導體,174,82,92,台新-台南,2024-03-25,8159
00687B,國泰20年美債,120,37,83,台新-台南,2024-03-25,8159
6443,元晶,76,11,65,台新-台南,2024-03-25,8159
2634,漢翔,68,8,60,台新-台南,2024-03-25,8159
2328,廣宇,60,2,58,台新-台南,2024-03-25,8159
00712,復華富時不動產,64,7,57,台新-台南,2024-03-25,8159
00919,群益台灣精選高息,198,144,54,台新-台南,2024-03-25,8159
2303,聯電,68,23,45,台新-台南,2024-03-25,8159
4564,元翎,43,0,43,台新-台南,2024-03-25,8159
3551,世禾,54,13,41,台新-台南,2024-03-25,8159
00929,復華台灣科技優息,128,90,38,台新-台南,2024-03-25,8159
2355,敬鵬,42,5,37,台新-台南,2024-03-25,8159
2618,長榮航,36,3,33,台新-台南,2024-03-25,8159
5864,致和證,33,0,33,台新-台南,2024-03-25,8159
6196,帆宣,33,1,32,台新-台南,2024-03-25,8159
2354,鴻準,36,9,27,台新-台南,2024-03-25,8159
2352,佳世達,37,11,26,台新-台南,2024-03-25,8159
2637,慧洋-KY,26,2,24,台新-台南,2024-03-25,8159
2312,金寶,63,39,24,台新-台南,2024-03-25,8159
00857B,永豐20年美公債,33,10,23,台新-台南,2024-03-25,8159
00931B,統一美債20年,23,1,22,台新-台南,2024-03-25,8159
3576,聯合再生,22,0,22,台新-台南,2024-03-25,8159
6770,力積電,30,8,22,台新-台南,2024-03-25,8159
00878,國泰永續高股息,47,26,21,台新-台南,2024-03-25,8159
2882,國泰金,26,6,20,台新-台南,2024-03-25,8159
5498,凱崴,20,0,20,台新-台南,2024-03-25,8159
2888,新光金,22,3,19,台新-台南,2024-03-25,8159
2002,中鋼,20,1,19,台新-台南,2024-03-25,8159
1605,華新,26,7,19,台新-台南,2024-03-25,8159
3294,英濟,43,24,19,台新-台南,2024-03-25,8159
6188,廣明,69,51,18,台新-台南,2024-03-25,8159
00895,富邦未來車,18,0,18,台新-台南,2024-03-25,8159
3013,晟銘電,19,1,18,台新-台南,2024-03-25,8159
2201,裕隆,18,2,16,台新-台南,2024-03-25,8159
3324,雙鴻,31,15,16,台新-台南,2024-03-25,8159
00939,統一台灣高息動能,516,113,403,台新-台南,2024-03-26,8159
00937B,群益ESG投等債20,452,53,399,台新-台南,2024-03-26,8159
2501,國建,317,0,317,台新-台南,2024-03-26,8159
00919,群益台灣精選高息,623,333,290,台新-台南,2024-03-26,8159
3622,洋華,278,39,239,台新-台南,2024-03-26,8159
2511,太子,154,0,154,台新-台南,2024-03-26,8159
00941,中信上游半導體,163,33,130,台新-台南,2024-03-26,8159
5351,鈺創,108,15,93,台新-台南,2024-03-26,8159
2409,友達,90,8,82,台新-台南,2024-03-26,8159
8096,擎亞,125,44,81,台新-台南,2024-03-26,8159
00878,國泰永續高股息,123,45,78,台新-台南,2024-03-26,8159
00929,復華台灣科技優息,216,141,75,台新-台南,2024-03-26,8159
4906,正文,73,0,73,台新-台南,2024-03-26,8159
5512,力麒,70,0,70,台新-台南,2024-03-26,8159
2367,燿華,98,28,70,台新-台南,2024-03-26,8159
1605,華新,154,95,59,台新-台南,2024-03-26,8159
2547,日勝生,62,5,57,台新-台南,2024-03-26,8159
2303,聯電,91,37,54,台新-台南,2024-03-26,8159
2356,英業達,186,132,54,台新-台南,2024-03-26,8159
2486,一詮,88,37,51,台新-台南,2024-03-26,8159
8429,金麗-KY,50,0,50,台新-台南,2024-03-26,8159
2354,鴻準,57,11,46,台新-台南,2024-03-26,8159
4979,華星光,55,10,45,台新-台南,2024-03-26,8159
00679B,元大美債20年,50,6,44,台新-台南,2024-03-26,8159
2371,大同,186,147,39,台新-台南,2024-03-26,8159
3062,建漢,63,24,39,台新-台南,2024-03-26,8159
2027,大成鋼,40,2,38,台新-台南,2024-03-26,8159
2618,長榮航,56,18,38,台新-台南,2024-03-26,8159
6197,佳必琪,45,8,37,台新-台南,2024-03-26,8159
2328,廣宇,45,9,36,台新-台南,2024-03-26,8159
3312,弘憶股,39,4,35,台新-台南,2024-03-26,8159
00687B,國泰20年美債,33,1,32,台新-台南,2024-03-26,8159
6125,廣運,99,67,32,台新-台南,2024-03-26,8159
2344,華邦電,45,14,31,台新-台南,2024-03-26,8159
1455,集盛,35,5,30,台新-台南,2024-03-26,8159
1809,中釉,31,1,30,台新-台南,2024-03-26,8159
2025,千興,51,21,30,台新-台南,2024-03-26,8159
3231,緯創,82,52,30,台新-台南,2024-03-26,8159
1723,中碳,28,0,28,台新-台南,2024-03-26,8159
3450,聯鈞,31,3,28,台新-台南,2024-03-26,8159
2845,遠東銀,28,0,28,台新-台南,2024-03-26,8159
0056,元大高股息,35,7,28,台新-台南,2024-03-26,8159
00892,富邦台灣半導體,28,0,28,台新-台南,2024-03-26,8159
2313,華通,50,23,27,台新-台南,2024-03-26,8159
5488,松普,57,30,27,台新-台南,2024-03-26,8159
1603,華電,63,37,26,台新-台南,2024-03-26,8159
3264,欣銓,28,2,26,台新-台南,2024-03-26,8159
6770,力積電,33,8,25,台新-台南,2024-03-26,8159
2834,臺企銀,30,6,24,台新-台南,2024-03-26,8159
1612,宏泰,47,23,24,台新-台南,2024-03-26,8159
00632R,元大台灣50反1,505,2,503,台新-台南,2024-03-27,8159
2913,農林,430,72,358,台新-台南,2024-03-27,8159
2317,鴻海,381,122,259,台新-台南,2024-03-27,8159
00939,統一台灣高息動能,267,43,224,台新-台南,2024-03-27,8159
2511,太子,150,30,120,台新-台南,2024-03-27,8159
2547,日勝生,120,2,118,台新-台南,2024-03-27,8159
2002,中鋼,110,4,106,台新-台南,2024-03-27,8159
2371,大同,208,121,87,台新-台南,2024-03-27,8159
00673R,期元大S＆P原油反1,80,0,80,台新-台南,2024-03-27,8159
00937B,群益ESG投等債20,189,113,76,台新-台南,2024-03-27,8159
1808,潤隆,204,137,67,台新-台南,2024-03-27,8159
0056,元大高股息,91,28,63,台新-台南,2024-03-27,8159
1795,美時,219,161,58,台新-台南,2024-03-27,8159
5515,建國,99,42,57,台新-台南,2024-03-27,8159
2301,光寶科,72,15,57,台新-台南,2024-03-27,8159
00712,復華富時不動產,60,4,56,台新-台南,2024-03-27,8159
00679B,元大美債20年,53,0,53,台新-台南,2024-03-27,8159
1513,中興電,122,70,52,台新-台南,2024-03-27,8159
1304,台聚,50,0,50,台新-台南,2024-03-27,8159
00725B,國泰投資級公司債,48,0,48,台新-台南,2024-03-27,8159
6438,迅得,45,0,45,台新-台南,2024-03-27,8159
2356,英業達,150,107,43,台新-台南,2024-03-27,8159
3013,晟銘電,78,40,38,台新-台南,2024-03-27,8159
2486,一詮,64,27,37,台新-台南,2024-03-27,8159
2367,燿華,75,48,27,台新-台南,2024-03-27,8159
4906,正文,26,0,26,台新-台南,2024-03-27,8159
1597,直得,32,6,26,台新-台南,2024-03-27,8159
00751B,元大AAA至A公司債,25,0,25,台新-台南,2024-03-27,8159
2303,聯電,37,12,25,台新-台南,2024-03-27,8159
00715L,期街口布蘭特正2,43,19,24,台新-台南,2024-03-27,8159
3711,日月光投控,30,6,24,台新-台南,2024-03-27,8159
6770,力積電,43,20,23,台新-台南,2024-03-27,8159
1605,華新,24,2,22,台新-台南,2024-03-27,8159
1608,華榮,295,273,22,台新-台南,2024-03-27,8159
00687B,國泰20年美債,24,3,21,台新-台南,2024-03-27,8159
1342,八貫,22,1,21,台新-台南,2024-03-27,8159
5324,士開,20,0,20,台新-台南,2024-03-27,8159
6164,華興,20,0,20,台新-台南,2024-03-27,8159
1313,聯成,20,0,20,台新-台南,2024-03-27,8159
4972,湯石照明,20,0,20,台新-台南,2024-03-27,8159
6719,力智,23,3,20,台新-台南,2024-03-27,8159
8064,東捷,30,11,19,台新-台南,2024-03-27,8159
1616,億泰,33,15,18,台新-台南,2024-03-27,8159
2388,威盛,27,10,17,台新-台南,2024-03-27,8159
3450,聯鈞,19,2,17,台新-台南,2024-03-27,8159
4306,炎洲,18,3,15,台新-台南,2024-03-27,8159
3163,波若威,17,2,15,台新-台南,2024-03-27,8159
5009,榮剛,25,10,15,台新-台南,2024-03-27,8159
2504,國產,20,6,14,台新-台南,2024-03-27,8159
2354,鴻準,112,99,13,台新-台南,2024-03-27,8159
2883,凱基金,376,47,329,台新-台南,2024-03-28,8159
00937B,群益ESG投等債20,276,60,216,台新-台南,2024-03-28,8159
00919,群益台灣精選高息,335,134,201,台新-台南,2024-03-28,8159
2913,農林,153,0,153,台新-台南,2024-03-28,8159
2888,新光金,144,3,141,台新-台南,2024-03-28,8159
2855,統一證,137,7,130,台新-台南,2024-03-28,8159
1612,宏泰,138,8,130,台新-台南,2024-03-28,8159
00939,統一台灣高息動能,162,49,113,台新-台南,2024-03-28,8159
00706L,期元大S＆P日圓正2,111,0,111,台新-台南,2024-03-28,8159
1608,華榮,184,74,110,台新-台南,2024-03-28,8159
6257,矽格,105,0,105,台新-台南,2024-03-28,8159
00857B,永豐20年美公債,100,5,95,台新-台南,2024-03-28,8159
1609,大亞,121,40,81,台新-台南,2024-03-28,8159
2382,廣達,223,147,76,台新-台南,2024-03-28,8159
00688L,國泰20年美債正2,206,134,72,台新-台南,2024-03-28,8159
5531,鄉林,67,0,67,台新-台南,2024-03-28,8159
3622,洋華,66,7,59,台新-台南,2024-03-28,8159
2354,鴻準,260,201,59,台新-台南,2024-03-28,8159
5371,中光電,56,3,53,台新-台南,2024-03-28,8159
3706,神達,135,84,51,台新-台南,2024-03-28,8159
2301,光寶科,72,21,51,台新-台南,2024-03-28,8159
1815,富喬,66,15,51,台新-台南,2024-03-28,8159
2314,台揚,61,15,46,台新-台南,2024-03-28,8159
3312,弘憶股,63,17,46,台新-台南,2024-03-28,8159
5284,jpp-KY,61,18,43,台新-台南,2024-03-28,8159
2887,台新金,57,14,43,台新-台南,2024-03-28,8159
1603,華電,71,30,41,台新-台南,2024-03-28,8159
6770,力積電,50,10,40,台新-台南,2024-03-28,8159
00632R,元大台灣50反1,60,20,40,台新-台南,2024-03-28,8159
5521,工信,40,1,39,台新-台南,2024-03-28,8159
4526,東台,45,7,38,台新-台南,2024-03-28,8159
00680L,元大美債20正2,208,171,37,台新-台南,2024-03-28,8159
00882,中信中國高股息,44,8,36,台新-台南,2024-03-28,8159
3005,神基,63,27,36,台新-台南,2024-03-28,8159
2634,漢翔,302,268,34,台新-台南,2024-03-28,8159
4743,合一,31,0,31,台新-台南,2024-03-28,8159
2834,臺企銀,38,8,30,台新-台南,2024-03-28,8159
6712,長聖,36,6,30,台新-台南,2024-03-28,8159
6161,捷波,27,0,27,台新-台南,2024-03-28,8159
2889,國票金,30,4,26,台新-台南,2024-03-28,8159
6578,達邦蛋白,26,0,26,台新-台南,2024-03-28,8159
5515,建國,65,40,25,台新-台南,2024-03-28,8159
2801,彰銀,43,20,23,台新-台南,2024-03-28,8159
9933,中鼎,23,1,22,台新-台南,2024-03-28,8159
5009,榮剛,26,4,22,台新-台南,2024-03-28,8159
2002,中鋼,24,2,22,台新-台南,2024-03-28,8159
8086,宏捷科,26,4,22,台新-台南,2024-03-28,8159
8277,商丞,21,0,21,台新-台南,2024-03-28,8159
6005,群益證,22,1,21,台新-台南,2024-03-28,8159
1342,八貫,40,20,20,台新-台南,2024-03-28,8159
00673R,期元大S＆P原油反1,141,0,141,台新-台南,2024-03-29,8159
00939,統一台灣高息動能,143,19,124,台新-台南,2024-03-29,8159
2421,建準,193,102,91,台新-台南,2024-03-29,8159
00937B,群益ESG投等債20,148,59,89,台新-台南,2024-03-29,8159
2382,廣達,271,183,88,台新-台南,2024-03-29,8159
9105,泰金寶-DR,85,2,83,台新-台南,2024-03-29,8159
3622,洋華,86,3,83,台新-台南,2024-03-29,8159
6770,力積電,86,9,77,台新-台南,2024-03-29,8159
8110,華東,75,1,74,台新-台南,2024-03-29,8159
00919,群益台灣精選高息,187,120,67,台新-台南,2024-03-29,8159
2547,日勝生,70,6,64,台新-台南,2024-03-29,8159
2324,仁寶,73,14,59,台新-台南,2024-03-29,8159
2486,一詮,88,32,56,台新-台南,2024-03-29,8159
00795B,中信美國公債20年,60,12,48,台新-台南,2024-03-29,8159
2328,廣宇,53,11,42,台新-台南,2024-03-29,8159
2301,光寶科,88,50,38,台新-台南,2024-03-29,8159
00932,兆豐永續高息等權,36,0,36,台新-台南,2024-03-29,8159
1711,永光,37,2,35,台新-台南,2024-03-29,8159
5515,建國,43,9,34,台新-台南,2024-03-29,8159
00929,復華台灣科技優息,72,39,33,台新-台南,2024-03-29,8159
00637L,元大滬深300正2,33,0,33,台新-台南,2024-03-29,8159
4714,永捷,37,5,32,台新-台南,2024-03-29,8159
3231,緯創,344,313,31,台新-台南,2024-03-29,8159
2352,佳世達,67,36,31,台新-台南,2024-03-29,8159
6164,華興,31,0,31,台新-台南,2024-03-29,8159
4510,高鋒,30,0,30,台新-台南,2024-03-29,8159
2201,裕隆,30,0,30,台新-台南,2024-03-29,8159
2889,國票金,30,1,29,台新-台南,2024-03-29,8159
00665L,富邦�琤肭磪囓�2,30,2,28,台新-台南,2024-03-29,8159
5457,宣德,29,2,27,台新-台南,2024-03-29,8159
2605,新興,28,1,27,台新-台南,2024-03-29,8159
6443,元晶,27,1,26,台新-台南,2024-03-29,8159
2887,台新金,29,3,26,台新-台南,2024-03-29,8159
2406,國碩,30,5,25,台新-台南,2024-03-29,8159
4961,天鈺,26,1,25,台新-台南,2024-03-29,8159
00680L,元大美債20正2,93,70,23,台新-台南,2024-03-29,8159
4526,東台,31,8,23,台新-台南,2024-03-29,8159
2392,正崴,39,16,23,台新-台南,2024-03-29,8159
5452,佶優,22,0,22,台新-台南,2024-03-29,8159
3171,炎洲流通,19,0,19,台新-台南,2024-03-29,8159
8054,安國,66,47,19,台新-台南,2024-03-29,8159
3062,建漢,26,8,18,台新-台南,2024-03-29,8159
00931B,統一美債20年,18,0,18,台新-台南,2024-03-29,8159
6189,豐藝,18,1,17,台新-台南,2024-03-29,8159
3013,晟銘電,118,102,16,台新-台南,2024-03-29,8159
3025,星通,41,25,16,台新-台南,2024-03-29,8159
3576,聯合再生,16,0,16,台新-台南,2024-03-29,8159
2002,中鋼,17,2,15,台新-台南,2024-03-29,8159
1809,中釉,20,5,15,台新-台南,2024-03-29,8159
00941,中信上游半導體,87,73,14,台新-台南,2024-03-29,8159
00940,元大台灣價值高息,3216,638,2578,台新-台南,2024-04-01,8159
2317,鴻海,654,86,568,台新-台南,2024-04-01,8159
00919,群益台灣精選高息,351,76,275,台新-台南,2024-04-01,8159
00939,統一台灣高息動能,295,30,265,台新-台南,2024-04-01,8159
00937B,群益ESG投等債20,272,23,249,台新-台南,2024-04-01,8159
1603,華電,198,2,196,台新-台南,2024-04-01,8159
2489,瑞軒,168,0,168,台新-台南,2024-04-01,8159
2511,太子,161,0,161,台新-台南,2024-04-01,8159
00632R,元大台灣50反1,159,50,109,台新-台南,2024-04-01,8159
5351,鈺創,101,7,94,台新-台南,2024-04-01,8159
6164,華興,82,0,82,台新-台南,2024-04-01,8159
00941,中信上游半導體,90,11,79,台新-台南,2024-04-01,8159
6120,達運,164,85,79,台新-台南,2024-04-01,8159
2014,中鴻,79,5,74,台新-台南,2024-04-01,8159
1608,華榮,84,13,71,台新-台南,2024-04-01,8159
4564,元翎,70,3,67,台新-台南,2024-04-01,8159
00720B,元大投資級公司債,62,1,61,台新-台南,2024-04-01,8159
1101,台泥,70,8,62,台新-台南,2024-04-01,8159
2834,臺企銀,58,2,56,台新-台南,2024-04-01,8159
2328,廣宇,59,3,56,台新-台南,2024-04-01,8159
00706L,期元大S＆P日圓正2,56,0,56,台新-台南,2024-04-01,8159
5864,致和證,65,9,56,台新-台南,2024-04-01,8159
2603,長榮,72,18,54,台新-台南,2024-04-01,8159
3545,敦泰,58,5,53,台新-台南,2024-04-01,8159
00764B,群益25年美債,51,0,51,台新-台南,2024-04-01,8159
00923,群益台ESG低碳50,45,0,45,台新-台南,2024-04-01,8159
2355,敬鵬,56,12,44,台新-台南,2024-04-01,8159
2356,英業達,140,98,42,台新-台南,2024-04-01,8159
00929,復華台灣科技優息,54,12,42,台新-台南,2024-04-01,8159
3312,弘憶股,47,7,40,台新-台南,2024-04-01,8159
2426,鼎元,40,0,40,台新-台南,2024-04-01,8159
1440,南紡,40,0,40,台新-台南,2024-04-01,8159
5309,系統電,42,3,39,台新-台南,2024-04-01,8159
2883,凱基金,39,1,38,台新-台南,2024-04-01,8159
1529,樂事綠能,41,7,34,台新-台南,2024-04-01,8159
6173,信昌電,39,5,34,台新-台南,2024-04-01,8159
00857B,永豐20年美公債,32,1,31,台新-台南,2024-04-01,8159
00688L,國泰20年美債正2,30,0,30,台新-台南,2024-04-01,8159
00676R,富邦臺灣加權反1,30,0,30,台新-台南,2024-04-01,8159
6213,聯茂,41,13,28,台新-台南,2024-04-01,8159
2303,聯電,70,42,28,台新-台南,2024-04-01,8159
2352,佳世達,29,1,28,台新-台南,2024-04-01,8159
2891,中信金,35,7,28,台新-台南,2024-04-01,8159
1582,信錦,40,13,27,台新-台南,2024-04-01,8159
6642,富致,27,0,27,台新-台南,2024-04-01,8159
2887,台新金,77,51,26,台新-台南,2024-04-01,8159
1616,億泰,23,0,23,台新-台南,2024-04-01,8159
2331,精英,28,5,23,台新-台南,2024-04-01,8159
3360,尚立,22,0,22,台新-台南,2024-04-01,8159
00927,群益半導體收益,21,0,21,台新-台南,2024-04-01,8159
00940,元大台灣價值高息,858,155,703,台新-台南,2024-04-02,8159
00929,復華台灣科技優息,474,52,422,台新-台南,2024-04-02,8159
00937B,群益ESG投等債20,422,0,422,台新-台南,2024-04-02,8159
00680L,元大美債20正2,379,5,374,台新-台南,2024-04-02,8159
00688L,國泰20年美債正2,352,0,352,台新-台南,2024-04-02,8159
00632R,元大台灣50反1,258,3,255,台新-台南,2024-04-02,8159
2489,瑞軒,220,1,219,台新-台南,2024-04-02,8159
2014,中鴻,161,0,161,台新-台南,2024-04-02,8159
00650L,復華香港正2,122,0,122,台新-台南,2024-04-02,8159
3032,偉訓,101,3,98,台新-台南,2024-04-02,8159
00720B,元大投資級公司債,95,0,95,台新-台南,2024-04-02,8159
2009,第一銅,185,96,89,台新-台南,2024-04-02,8159
2371,大同,168,81,87,台新-台南,2024-04-02,8159
0056,元大高股息,85,10,75,台新-台南,2024-04-02,8159
2883,凱基金,70,2,68,台新-台南,2024-04-02,8159
8070,長華*,93,26,67,台新-台南,2024-04-02,8159
1802,台玻,62,1,61,台新-台南,2024-04-02,8159
6578,達邦蛋白,52,0,52,台新-台南,2024-04-02,8159
5864,致和證,54,2,52,台新-台南,2024-04-02,8159
3551,世禾,63,12,51,台新-台南,2024-04-02,8159
2002,中鋼,54,8,46,台新-台南,2024-04-02,8159
2913,農林,50,8,42,台新-台南,2024-04-02,8159
1314,中石化,65,23,42,台新-台南,2024-04-02,8159
00931B,統一美債20年,40,0,40,台新-台南,2024-04-02,8159
3013,晟銘電,45,6,39,台新-台南,2024-04-02,8159
2888,新光金,35,0,35,台新-台南,2024-04-02,8159
00857B,永豐20年美公債,33,0,33,台新-台南,2024-04-02,8159
00687B,國泰20年美債,119,87,32,台新-台南,2024-04-02,8159
2344,華邦電,34,2,32,台新-台南,2024-04-02,8159
2201,裕隆,37,5,32,台新-台南,2024-04-02,8159
2367,燿華,53,21,32,台新-台南,2024-04-02,8159
00795B,中信美國公債20年,32,0,32,台新-台南,2024-04-02,8159
3545,敦泰,30,0,30,台新-台南,2024-04-02,8159
6173,信昌電,31,1,30,台新-台南,2024-04-02,8159
3363,上詮,48,20,28,台新-台南,2024-04-02,8159
00673R,期元大S＆P原油反1,49,21,28,台新-台南,2024-04-02,8159
00939,統一台灣高息動能,59,31,28,台新-台南,2024-04-02,8159
5469,瀚宇博,30,3,27,台新-台南,2024-04-02,8159
2349,錸德,26,0,26,台新-台南,2024-04-02,8159
1603,華電,43,17,26,台新-台南,2024-04-02,8159
2845,遠東銀,26,0,26,台新-台南,2024-04-02,8159
1597,直得,25,0,25,台新-台南,2024-04-02,8159
3548,兆利,60,37,23,台新-台南,2024-04-02,8159
2801,彰銀,23,0,23,台新-台南,2024-04-02,8159
2317,鴻海,140,117,23,台新-台南,2024-04-02,8159
2634,漢翔,27,5,22,台新-台南,2024-04-02,8159
3706,神達,35,14,21,台新-台南,2024-04-02,8159
3481,群創,56,35,21,台新-台南,2024-04-02,8159
00764B,群益25年美債,20,0,20,台新-台南,2024-04-02,8159
6126,信音,35,15,20,台新-台南,2024-04-02,8159
00940,元大台灣價值高息,762,73,689,台新-台南,2024-04-03,8159
00680L,元大美債20正2,524,7,517,台新-台南,2024-04-03,8159
00673R,期元大S＆P原油反1,235,0,235,台新-台南,2024-04-03,8159
00929,復華台灣科技優息,229,16,213,台新-台南,2024-04-03,8159
00688L,國泰20年美債正2,203,0,203,台新-台南,2024-04-03,8159
00687B,國泰20年美債,205,9,196,台新-台南,2024-04-03,8159
00937B,群益ESG投等債20,238,55,183,台新-台南,2024-04-03,8159
00941,中信上游半導體,175,21,154,台新-台南,2024-04-03,8159
00720B,元大投資級公司債,134,1,133,台新-台南,2024-04-03,8159
00679B,元大美債20年,133,10,123,台新-台南,2024-04-03,8159
4526,東台,125,4,121,台新-台南,2024-04-03,8159
2002,中鋼,150,31,119,台新-台南,2024-04-03,8159
5864,致和證,112,6,106,台新-台南,2024-04-03,8159
2547,日勝生,101,0,101,台新-台南,2024-04-03,8159
2601,益航,118,30,88,台新-台南,2024-04-03,8159
2888,新光金,82,4,78,台新-台南,2024-04-03,8159
00931B,統一美債20年,71,0,71,台新-台南,2024-04-03,8159
3450,聯鈞,95,27,68,台新-台南,2024-04-03,8159
2409,友達,115,51,64,台新-台南,2024-04-03,8159
1617,榮星,61,0,61,台新-台南,2024-04-03,8159
2356,英業達,120,62,58,台新-台南,2024-04-03,8159
3010,華立,64,11,53,台新-台南,2024-04-03,8159
6770,力積電,60,8,52,台新-台南,2024-04-03,8159
2451,創見,52,0,52,台新-台南,2024-04-03,8159
2515,中工,105,57,48,台新-台南,2024-04-03,8159
4564,元翎,48,2,46,台新-台南,2024-04-03,8159
00676R,富邦臺灣加權反1,44,0,44,台新-台南,2024-04-03,8159
2809,京城銀,46,3,43,台新-台南,2024-04-03,8159
3231,緯創,288,248,40,台新-台南,2024-04-03,8159
1802,台玻,42,2,40,台新-台南,2024-04-03,8159
3081,聯亞,44,6,38,台新-台南,2024-04-03,8159
2382,廣達,100,63,37,台新-台南,2024-04-03,8159
2609,陽明,45,10,35,台新-台南,2024-04-03,8159
8358,金居,41,7,34,台新-台南,2024-04-03,8159
3481,群創,40,6,34,台新-台南,2024-04-03,8159
2883,凱基金,37,5,32,台新-台南,2024-04-03,8159
2371,大同,47,15,32,台新-台南,2024-04-03,8159
0056,元大高股息,35,5,30,台新-台南,2024-04-03,8159
00933B,國泰10Y+金融債,37,7,30,台新-台南,2024-04-03,8159
4958,臻鼎-KY,32,2,30,台新-台南,2024-04-03,8159
00712,復華富時不動產,30,0,30,台新-台南,2024-04-03,8159
2344,華邦電,36,7,29,台新-台南,2024-04-03,8159
3032,偉訓,48,20,28,台新-台南,2024-04-03,8159
6125,廣運,41,14,27,台新-台南,2024-04-03,8159
1605,華新,42,17,25,台新-台南,2024-04-03,8159
6112,邁達特,28,3,25,台新-台南,2024-04-03,8159
00857B,永豐20年美公債,24,0,24,台新-台南,2024-04-03,8159
2834,臺企銀,31,7,24,台新-台南,2024-04-03,8159
2887,台新金,23,0,23,台新-台南,2024-04-03,8159
00751B,元大AAA至A公司債,27,4,23,台新-台南,2024-04-03,8159
00940,元大台灣價值高息,632,81,551,台新-台南,2024-04-08,8159
00929,復華台灣科技優息,501,42,459,台新-台南,2024-04-08,8159
2489,瑞軒,207,9,198,台新-台南,2024-04-08,8159
5864,致和證,228,64,164,台新-台南,2024-04-08,8159
00679B,元大美債20年,154,24,130,台新-台南,2024-04-08,8159
00937B,群益ESG投等債20,220,110,110,台新-台南,2024-04-08,8159
00688L,國泰20年美債正2,88,0,88,台新-台南,2024-04-08,8159
2464,盟立,105,25,80,台新-台南,2024-04-08,8159
00687B,國泰20年美債,182,111,71,台新-台南,2024-04-08,8159
00720B,元大投資級公司債,76,6,70,台新-台南,2024-04-08,8159
00919,群益台灣精選高息,141,76,65,台新-台南,2024-04-08,8159
2809,京城銀,60,0,60,台新-台南,2024-04-08,8159
2365,昆盈,78,23,55,台新-台南,2024-04-08,8159
3010,華立,58,4,54,台新-台南,2024-04-08,8159
2455,全新,52,2,50,台新-台南,2024-04-08,8159
00632R,元大台灣50反1,100,51,49,台新-台南,2024-04-08,8159
6288,聯嘉,41,1,40,台新-台南,2024-04-08,8159
4564,元翎,40,2,38,台新-台南,2024-04-08,8159
4167,松瑞藥,40,4,36,台新-台南,2024-04-08,8159
2605,新興,32,0,32,台新-台南,2024-04-08,8159
00857B,永豐20年美公債,32,0,32,台新-台南,2024-04-08,8159
2324,仁寶,40,9,31,台新-台南,2024-04-08,8159
2371,大同,114,83,31,台新-台南,2024-04-08,8159
2002,中鋼,47,16,31,台新-台南,2024-04-08,8159
00933B,國泰10Y+金融債,32,1,31,台新-台南,2024-04-08,8159
00931B,統一美債20年,31,3,28,台新-台南,2024-04-08,8159
2374,佳能,60,32,28,台新-台南,2024-04-08,8159
2515,中工,43,15,28,台新-台南,2024-04-08,8159
3163,波若威,29,3,26,台新-台南,2024-04-08,8159
00673R,期元大S＆P原油反1,25,0,25,台新-台南,2024-04-08,8159
6668,中揚光,98,74,24,台新-台南,2024-04-08,8159
4746,台耀,42,20,22,台新-台南,2024-04-08,8159
00680L,元大美債20正2,62,40,22,台新-台南,2024-04-08,8159
1717,長興,21,0,21,台新-台南,2024-04-08,8159
4958,臻鼎-KY,26,6,20,台新-台南,2024-04-08,8159
2427,三商電,30,10,20,台新-台南,2024-04-08,8159
3305,昇貿,20,0,20,台新-台南,2024-04-08,8159
2038,海光,26,6,20,台新-台南,2024-04-08,8159
00676R,富邦臺灣加權反1,20,0,20,台新-台南,2024-04-08,8159
2883,凱基金,39,19,20,台新-台南,2024-04-08,8159
2356,英業達,55,35,20,台新-台南,2024-04-08,8159
6120,達運,112,93,19,台新-台南,2024-04-08,8159
1582,信錦,24,5,19,台新-台南,2024-04-08,8159
6712,長聖,20,1,19,台新-台南,2024-04-08,8159
2388,威盛,28,9,19,台新-台南,2024-04-08,8159
2527,宏璟,18,0,18,台新-台南,2024-04-08,8159
2547,日勝生,20,2,18,台新-台南,2024-04-08,8159
2109,華豐,20,2,18,台新-台南,2024-04-08,8159
2312,金寶,18,0,18,台新-台南,2024-04-08,8159
2609,陽明,40,23,17,台新-台南,2024-04-08,8159
00940,元大台灣價值高息,6218,87,6131,台新-台南,2024-04-09,8159
2634,漢翔,508,87,421,台新-台南,2024-04-09,8159
00929,復華台灣科技優息,263,43,220,台新-台南,2024-04-09,8159
00632R,元大台灣50反1,250,50,200,台新-台南,2024-04-09,8159
00687B,國泰20年美債,189,2,187,台新-台南,2024-04-09,8159
2867,三商壽,200,21,179,台新-台南,2024-04-09,8159
2515,中工,286,149,137,台新-台南,2024-04-09,8159
00939,統一台灣高息動能,139,8,131,台新-台南,2024-04-09,8159
00937B,群益ESG投等債20,156,35,121,台新-台南,2024-04-09,8159
3712,永崴投控,111,0,111,台新-台南,2024-04-09,8159
2337,旺宏,111,1,110,台新-台南,2024-04-09,8159
00679B,元大美債20年,110,1,109,台新-台南,2024-04-09,8159
2897,王道銀行,100,0,100,台新-台南,2024-04-09,8159
2323,中環,100,13,87,台新-台南,2024-04-09,8159
2109,華豐,80,0,80,台新-台南,2024-04-09,8159
2367,燿華,95,21,74,台新-台南,2024-04-09,8159
4554,橙的,70,0,70,台新-台南,2024-04-09,8159
3231,緯創,243,187,56,台新-台南,2024-04-09,8159
3706,神達,74,21,53,台新-台南,2024-04-09,8159
2406,國碩,50,0,50,台新-台南,2024-04-09,8159
4973,廣穎,46,0,46,台新-台南,2024-04-09,8159
5864,致和證,42,0,42,台新-台南,2024-04-09,8159
4906,正文,42,0,42,台新-台南,2024-04-09,8159
6120,達運,73,32,41,台新-台南,2024-04-09,8159
2547,日勝生,43,3,40,台新-台南,2024-04-09,8159
6188,廣明,80,43,37,台新-台南,2024-04-09,8159
3032,偉訓,40,3,37,台新-台南,2024-04-09,8159
2356,英業達,62,26,36,台新-台南,2024-04-09,8159
912000,晨訊科-DR,40,5,35,台新-台南,2024-04-09,8159
3013,晟銘電,61,27,34,台新-台南,2024-04-09,8159
2201,裕隆,38,5,33,台新-台南,2024-04-09,8159
1584,精剛,34,2,32,台新-台南,2024-04-09,8159
2371,大同,121,89,32,台新-台南,2024-04-09,8159
00720B,元大投資級公司債,33,2,31,台新-台南,2024-04-09,8159
8011,台通,31,0,31,台新-台南,2024-04-09,8159
2851,中再保,30,0,30,台新-台南,2024-04-09,8159
00927,群益半導體收益,28,0,28,台新-台南,2024-04-09,8159
3224,三顧,26,0,26,台新-台南,2024-04-09,8159
6005,群益證,26,1,25,台新-台南,2024-04-09,8159
2618,長榮航,69,44,25,台新-台南,2024-04-09,8159
6189,豐藝,135,111,24,台新-台南,2024-04-09,8159
1618,合機,56,33,23,台新-台南,2024-04-09,8159
3703,欣陸,37,14,23,台新-台南,2024-04-09,8159
2537,聯上發,40,17,23,台新-台南,2024-04-09,8159
4958,臻鼎-KY,26,4,22,台新-台南,2024-04-09,8159
3588,通嘉,22,0,22,台新-台南,2024-04-09,8159
00673R,期元大S＆P原油反1,22,0,22,台新-台南,2024-04-09,8159
1455,集盛,26,4,22,台新-台南,2024-04-09,8159
00668,國泰美國道瓊,22,0,22,台新-台南,2024-04-09,8159
5521,工信,33,11,22,台新-台南,2024-04-09,8159
2897,王道銀行,276,40,236,台新-台南,2024-04-10,8159
2634,漢翔,289,115,174,台新-台南,2024-04-10,8159
00940,元大台灣價值高息,314,141,173,台新-台南,2024-04-10,8159
1609,大亞,345,196,149,台新-台南,2024-04-10,8159
00929,復華台灣科技優息,228,87,141,台新-台南,2024-04-10,8159
2891,中信金,95,0,95,台新-台南,2024-04-10,8159
5351,鈺創,115,20,95,台新-台南,2024-04-10,8159
2014,中鴻,111,31,80,台新-台南,2024-04-10,8159
00937B,群益ESG投等債20,79,2,77,台新-台南,2024-04-10,8159
3481,群創,132,67,65,台新-台南,2024-04-10,8159
2547,日勝生,63,0,63,台新-台南,2024-04-10,8159
6164,華興,81,18,63,台新-台南,2024-04-10,8159
8358,金居,68,8,60,台新-台南,2024-04-10,8159
2883,凱基金,51,1,50,台新-台南,2024-04-10,8159
6015,宏遠證,63,20,43,台新-台南,2024-04-10,8159
6248,沛波,39,0,39,台新-台南,2024-04-10,8159
2515,中工,230,193,37,台新-台南,2024-04-10,8159
3576,聯合再生,57,20,37,台新-台南,2024-04-10,8159
8096,擎亞,125,89,36,台新-台南,2024-04-10,8159
2376,技嘉,60,26,34,台新-台南,2024-04-10,8159
2382,廣達,60,27,33,台新-台南,2024-04-10,8159
2367,燿華,114,82,32,台新-台南,2024-04-10,8159
1503,士電,66,34,32,台新-台南,2024-04-10,8159
2464,盟立,120,89,31,台新-台南,2024-04-10,8159
1612,宏泰,30,0,30,台新-台南,2024-04-10,8159
00720B,元大投資級公司債,38,10,28,台新-台南,2024-04-10,8159
2316,楠梓電,33,5,28,台新-台南,2024-04-10,8159
3294,英濟,54,26,28,台新-台南,2024-04-10,8159
00715L,期街口布蘭特正2,28,2,26,台新-台南,2024-04-10,8159
00645,富邦日本,25,0,25,台新-台南,2024-04-10,8159
4533,協易機,111,86,25,台新-台南,2024-04-10,8159
2383,台光電,36,12,24,台新-台南,2024-04-10,8159
3213,茂訊,34,10,24,台新-台南,2024-04-10,8159
2867,三商壽,23,0,23,台新-台南,2024-04-10,8159
1313,聯成,25,2,23,台新-台南,2024-04-10,8159
2109,華豐,23,0,23,台新-台南,2024-04-10,8159
2103,台橡,22,0,22,台新-台南,2024-04-10,8159
2421,建準,27,5,22,台新-台南,2024-04-10,8159
00939,統一台灣高息動能,51,29,22,台新-台南,2024-04-10,8159
2408,南亞科,32,11,21,台新-台南,2024-04-10,8159
1513,中興電,72,52,20,台新-台南,2024-04-10,8159
8462,柏文,20,0,20,台新-台南,2024-04-10,8159
1785,光洋科,34,14,20,台新-台南,2024-04-10,8159
4306,炎洲,20,0,20,台新-台南,2024-04-10,8159
00712,復華富時不動產,25,5,20,台新-台南,2024-04-10,8159
3324,雙鴻,23,4,19,台新-台南,2024-04-10,8159
1723,中碳,19,0,19,台新-台南,2024-04-10,8159
00941,中信上游半導體,28,11,17,台新-台南,2024-04-10,8159
3264,欣銓,18,1,17,台新-台南,2024-04-10,8159
00933B,國泰10Y+金融債,25,8,17,台新-台南,2024-04-10,8159
2641,正德,443,0,443,台新-台南,2024-04-11,8159
3481,群創,518,212,306,台新-台南,2024-04-11,8159
2634,漢翔,259,67,192,台新-台南,2024-04-11,8159
00712,復華富時不動產,201,23,178,台新-台南,2024-04-11,8159
00679B,元大美債20年,176,1,175,台新-台南,2024-04-11,8159
00929,復華台灣科技優息,197,39,158,台新-台南,2024-04-11,8159
00680L,元大美債20正2,191,54,137,台新-台南,2024-04-11,8159
2409,友達,136,7,129,台新-台南,2024-04-11,8159
00937B,群益ESG投等債20,225,109,116,台新-台南,2024-04-11,8159
00687B,國泰20年美債,144,38,106,台新-台南,2024-04-11,8159
00688L,國泰20年美債正2,103,0,103,台新-台南,2024-04-11,8159
3576,聯合再生,123,21,102,台新-台南,2024-04-11,8159
2498,宏達電,101,0,101,台新-台南,2024-04-11,8159
4564,元翎,94,1,93,台新-台南,2024-04-11,8159
00772B,中信高評級公司債,90,0,90,台新-台南,2024-04-11,8159
00919,群益台灣精選高息,141,52,89,台新-台南,2024-04-11,8159
3260,威剛,99,11,88,台新-台南,2024-04-11,8159
1605,華新,116,30,86,台新-台南,2024-04-11,8159
00751B,元大AAA至A公司債,82,6,76,台新-台南,2024-04-11,8159
9949,琉園,76,2,74,台新-台南,2024-04-11,8159
0056,元大高股息,64,6,58,台新-台南,2024-04-11,8159
8096,擎亞,99,43,56,台新-台南,2024-04-11,8159
00940,元大台灣價值高息,189,139,50,台新-台南,2024-04-11,8159
6167,久正,50,1,49,台新-台南,2024-04-11,8159
2303,聯電,62,16,46,台新-台南,2024-04-11,8159
6177,達麗,44,0,44,台新-台南,2024-04-11,8159
2355,敬鵬,49,6,43,台新-台南,2024-04-11,8159
2610,華航,142,100,42,台新-台南,2024-04-11,8159
00795B,中信美國公債20年,41,0,41,台新-台南,2024-04-11,8159
2515,中工,166,125,41,台新-台南,2024-04-11,8159
00720B,元大投資級公司債,55,15,40,台新-台南,2024-04-11,8159
3363,上詮,50,10,40,台新-台南,2024-04-11,8159
2025,千興,44,4,40,台新-台南,2024-04-11,8159
2888,新光金,49,9,40,台新-台南,2024-04-11,8159
2312,金寶,46,7,39,台新-台南,2024-04-11,8159
00939,統一台灣高息動能,57,18,39,台新-台南,2024-04-11,8159
1474,弘裕,39,2,37,台新-台南,2024-04-11,8159
1603,華電,37,2,35,台新-台南,2024-04-11,8159
3032,偉訓,38,3,35,台新-台南,2024-04-11,8159
2887,台新金,33,0,33,台新-台南,2024-04-11,8159
2324,仁寶,46,13,33,台新-台南,2024-04-11,8159
1702,南僑,33,0,33,台新-台南,2024-04-11,8159
00927,群益半導體收益,33,1,32,台新-台南,2024-04-11,8159
1305,華夏,32,0,32,台新-台南,2024-04-11,8159
00706L,期元大S＆P日圓正2,42,10,32,台新-台南,2024-04-11,8159
2867,三商壽,32,0,32,台新-台南,2024-04-11,8159
5880,合庫金,32,1,31,台新-台南,2024-04-11,8159
8033,雷虎,33,3,30,台新-台南,2024-04-11,8159
5314,世紀,30,0,30,台新-台南,2024-04-11,8159
00931B,統一美債20年,35,6,29,台新-台南,2024-04-11,8159
2489,瑞軒,600,2,598,台新-台南,2024-04-12,8159
2897,王道銀行,511,40,471,台新-台南,2024-04-12,8159
2883,凱基金,292,2,290,台新-台南,2024-04-12,8159
00680L,元大美債20正2,224,0,224,台新-台南,2024-04-12,8159
2317,鴻海,285,88,197,台新-台南,2024-04-12,8159
00929,復華台灣科技優息,300,122,178,台新-台南,2024-04-12,8159
2353,宏��,302,154,148,台新-台南,2024-04-12,8159
00937B,群益ESG投等債20,182,41,141,台新-台南,2024-04-12,8159
00687B,國泰20年美債,108,1,107,台新-台南,2024-04-12,8159
1609,大亞,271,185,86,台新-台南,2024-04-12,8159
2634,漢翔,103,19,84,台新-台南,2024-04-12,8159
00688L,國泰20年美債正2,83,3,80,台新-台南,2024-04-12,8159
00637L,元大滬深300正2,78,0,78,台新-台南,2024-04-12,8159
00679B,元大美債20年,68,2,66,台新-台南,2024-04-12,8159
2409,友達,70,10,60,台新-台南,2024-04-12,8159
1314,中石化,58,0,58,台新-台南,2024-04-12,8159
2887,台新金,68,11,57,台新-台南,2024-04-12,8159
00665L,富邦�琤肭磪囓�2,57,0,57,台新-台南,2024-04-12,8159
2363,矽統,942,886,56,台新-台南,2024-04-12,8159
00933B,國泰10Y+金融債,59,3,56,台新-台南,2024-04-12,8159
00918,大華優利高填息30,55,1,54,台新-台南,2024-04-12,8159
2374,佳能,92,45,47,台新-台南,2024-04-12,8159
8358,金居,62,18,44,台新-台南,2024-04-12,8159
8076,伍豐,43,0,43,台新-台南,2024-04-12,8159
00878,國泰永續高股息,69,27,42,台新-台南,2024-04-12,8159
3231,緯創,67,25,42,台新-台南,2024-04-12,8159
1217,愛之味,41,0,41,台新-台南,2024-04-12,8159
00795B,中信美國公債20年,37,0,37,台新-台南,2024-04-12,8159
00706L,期元大S＆P日圓正2,37,0,37,台新-台南,2024-04-12,8159
00857B,永豐20年美公債,34,0,34,台新-台南,2024-04-12,8159
2344,華邦電,40,6,34,台新-台南,2024-04-12,8159
2888,新光金,34,1,33,台新-台南,2024-04-12,8159
6290,良維,74,44,30,台新-台南,2024-04-12,8159
2880,華南金,29,0,29,台新-台南,2024-04-12,8159
1101,台泥,34,5,29,台新-台南,2024-04-12,8159
1301,台塑,29,1,28,台新-台南,2024-04-12,8159
2382,廣達,82,55,27,台新-台南,2024-04-12,8159
2506,太設,41,15,26,台新-台南,2024-04-12,8159
1611,中電,28,3,25,台新-台南,2024-04-12,8159
3294,英濟,27,3,24,台新-台南,2024-04-12,8159
4526,東台,68,44,24,台新-台南,2024-04-12,8159
00751B,元大AAA至A公司債,32,9,23,台新-台南,2024-04-12,8159
00712,復華富時不動產,43,20,23,台新-台南,2024-04-12,8159
0056,元大高股息,24,1,23,台新-台南,2024-04-12,8159
2457,飛宏,27,5,22,台新-台南,2024-04-12,8159
2002,中鋼,26,6,20,台新-台南,2024-04-12,8159
6005,群益證,37,17,20,台新-台南,2024-04-12,8159
2206,三陽工業,23,3,20,台新-台南,2024-04-12,8159
5531,鄉林,20,0,20,台新-台南,2024-04-12,8159
2892,第一金,21,3,18,台新-台南,2024-04-12,8159
00929,復華台灣科技優息,575,88,487,台新-台南,2024-04-15,8159
00940,元大台灣價值高息,340,70,270,台新-台南,2024-04-15,8159
2547,日勝生,203,1,202,台新-台南,2024-04-15,8159
2371,大同,437,246,191,台新-台南,2024-04-15,8159
2511,太子,150,10,140,台新-台南,2024-04-15,8159
00795B,中信美國公債20年,107,5,102,台新-台南,2024-04-15,8159
4906,正文,100,0,100,台新-台南,2024-04-15,8159
2344,華邦電,108,9,99,台新-台南,2024-04-15,8159
00712,復華富時不動產,92,0,92,台新-台南,2024-04-15,8159
3312,弘憶股,127,35,92,台新-台南,2024-04-15,8159
1314,中石化,94,10,84,台新-台南,2024-04-15,8159
5508,永信建,80,0,80,台新-台南,2024-04-15,8159
2543,皇昌,95,17,78,台新-台南,2024-04-15,8159
1608,華榮,180,107,73,台新-台南,2024-04-15,8159
2303,聯電,78,10,68,台新-台南,2024-04-15,8159
2356,英業達,88,21,67,台新-台南,2024-04-15,8159
3481,群創,143,76,67,台新-台南,2024-04-15,8159
3231,緯創,97,30,67,台新-台南,2024-04-15,8159
2610,華航,72,11,61,台新-台南,2024-04-15,8159
00715L,期街口布蘭特正2,55,1,54,台新-台南,2024-04-15,8159
1605,華新,509,455,54,台新-台南,2024-04-15,8159
00927,群益半導體收益,59,5,54,台新-台南,2024-04-15,8159
2313,華通,58,5,53,台新-台南,2024-04-15,8159
00941,中信上游半導體,60,8,52,台新-台南,2024-04-15,8159
2641,正德,53,3,50,台新-台南,2024-04-15,8159
1612,宏泰,77,27,50,台新-台南,2024-04-15,8159
00680L,元大美債20正2,50,0,50,台新-台南,2024-04-15,8159
3706,神達,61,13,48,台新-台南,2024-04-15,8159
2367,燿華,192,144,48,台新-台南,2024-04-15,8159
00919,群益台灣精選高息,125,80,45,台新-台南,2024-04-15,8159
2515,中工,79,34,45,台新-台南,2024-04-15,8159
2406,國碩,48,7,41,台新-台南,2024-04-15,8159
00733,富邦臺灣中小,41,0,41,台新-台南,2024-04-15,8159
3032,偉訓,53,13,40,台新-台南,2024-04-15,8159
00654R,富邦印度反1,40,0,40,台新-台南,2024-04-15,8159
1108,幸福,39,0,39,台新-台南,2024-04-15,8159
00937B,群益ESG投等債20,110,72,38,台新-台南,2024-04-15,8159
6120,達運,44,7,37,台新-台南,2024-04-15,8159
1603,華電,63,27,36,台新-台南,2024-04-15,8159
4533,協易機,119,84,35,台新-台南,2024-04-15,8159
00772B,中信高評級公司債,38,4,34,台新-台南,2024-04-15,8159
1522,堤維西,38,4,34,台新-台南,2024-04-15,8159
6015,宏遠證,35,1,34,台新-台南,2024-04-15,8159
2027,大成鋼,49,17,32,台新-台南,2024-04-15,8159
2317,鴻海,104,73,31,台新-台南,2024-04-15,8159
00852L,國泰美國道瓊正2,30,0,30,台新-台南,2024-04-15,8159
4109,加捷生醫,31,1,30,台新-台南,2024-04-15,8159
2455,全新,30,0,30,台新-台南,2024-04-15,8159
3673,TPK-KY,30,1,29,台新-台南,2024-04-15,8159
3491,昇達科,37,8,29,台新-台南,2024-04-15,8159
00940,元大台灣價值高息,1661,147,1514,台新-台南,2024-04-16,8159
2547,日勝生,709,0,709,台新-台南,2024-04-16,8159
00937B,群益ESG投等債20,789,82,707,台新-台南,2024-04-16,8159
00929,復華台灣科技優息,700,49,651,台新-台南,2024-04-16,8159
00919,群益台灣精選高息,640,61,579,台新-台南,2024-04-16,8159
2618,長榮航,433,18,415,台新-台南,2024-04-16,8159
00878,國泰永續高股息,413,60,353,台新-台南,2024-04-16,8159
2489,瑞軒,290,0,290,台新-台南,2024-04-16,8159
00939,統一台灣高息動能,370,95,275,台新-台南,2024-04-16,8159
2883,凱基金,305,52,253,台新-台南,2024-04-16,8159
0056,元大高股息,245,48,197,台新-台南,2024-04-16,8159
00680L,元大美債20正2,183,8,175,台新-台南,2024-04-16,8159
1609,大亞,1119,969,150,台新-台南,2024-04-16,8159
2887,台新金,175,25,150,台新-台南,2024-04-16,8159
2303,聯電,182,48,134,台新-台南,2024-04-16,8159
2367,燿華,187,67,120,台新-台南,2024-04-16,8159
00712,復華富時不動產,113,1,112,台新-台南,2024-04-16,8159
3260,威剛,123,13,110,台新-台南,2024-04-16,8159
00720B,元大投資級公司債,105,1,104,台新-台南,2024-04-16,8159
2353,宏��,127,25,102,台新-台南,2024-04-16,8159
2641,正德,103,4,99,台新-台南,2024-04-16,8159
2344,華邦電,103,6,97,台新-台南,2024-04-16,8159
5009,榮剛,141,43,98,台新-台南,2024-04-16,8159
3545,敦泰,99,6,93,台新-台南,2024-04-16,8159
6257,矽格,104,13,91,台新-台南,2024-04-16,8159
3294,英濟,111,23,88,台新-台南,2024-04-16,8159
00918,大華優利高填息30,79,2,77,台新-台南,2024-04-16,8159
1314,中石化,83,10,73,台新-台南,2024-04-16,8159
00927,群益半導體收益,68,0,68,台新-台南,2024-04-16,8159
2855,統一證,75,9,66,台新-台南,2024-04-16,8159
2834,臺企銀,70,6,64,台新-台南,2024-04-16,8159
4532,瑞智,67,6,61,台新-台南,2024-04-16,8159
3231,緯創,90,29,61,台新-台南,2024-04-16,8159
2329,華泰,78,19,59,台新-台南,2024-04-16,8159
2888,新光金,61,3,58,台新-台南,2024-04-16,8159
5324,士開,58,0,58,台新-台南,2024-04-16,8159
2356,英業達,111,54,57,台新-台南,2024-04-16,8159
00687B,國泰20年美債,110,52,58,台新-台南,2024-04-16,8159
2881,富邦金,81,24,57,台新-台南,2024-04-16,8159
2486,一詮,81,27,54,台新-台南,2024-04-16,8159
2892,第一金,82,32,50,台新-台南,2024-04-16,8159
2630,亞航,171,127,44,台新-台南,2024-04-16,8159
3706,神達,65,21,44,台新-台南,2024-04-16,8159
2371,大同,183,139,44,台新-台南,2024-04-16,8159
00941,中信上游半導體,77,33,44,台新-台南,2024-04-16,8159
8930,青鋼,282,241,41,台新-台南,2024-04-16,8159
00665L,富邦�琤肭磪囓�2,52,11,41,台新-台南,2024-04-16,8159
2915,潤泰全,42,1,41,台新-台南,2024-04-16,8159
6229,研通,42,3,39,台新-台南,2024-04-16,8159
2408,南亞科,52,13,39,台新-台南,2024-04-16,8159
00937B,群益ESG投等債20,688,44,644,台新-台南,2024-04-17,8159
3052,夆典,558,1,557,台新-台南,2024-04-17,8159
00632R,元大台灣50反1,593,145,448,台新-台南,2024-04-17,8159
00940,元大台灣價值高息,569,200,369,台新-台南,2024-04-17,8159
00929,復華台灣科技優息,254,12,242,台新-台南,2024-04-17,8159
3294,英濟,218,11,207,台新-台南,2024-04-17,8159
00941,中信上游半導體,204,12,192,台新-台南,2024-04-17,8159
2634,漢翔,182,32,150,台新-台南,2024-04-17,8159
6873,泓德能源,150,0,150,台新-台南,2024-04-17,8159
2511,太子,152,2,150,台新-台南,2024-04-17,8159
00687B,國泰20年美債,147,1,146,台新-台南,2024-04-17,8159
5534,長虹,151,9,142,台新-台南,2024-04-17,8159
00712,復華富時不動產,155,14,141,台新-台南,2024-04-17,8159
3481,群創,147,11,136,台新-台南,2024-04-17,8159
6770,力積電,139,27,112,台新-台南,2024-04-17,8159
0056,元大高股息,127,16,111,台新-台南,2024-04-17,8159
00857B,永豐20年美公債,92,1,91,台新-台南,2024-04-17,8159
2025,千興,86,0,86,台新-台南,2024-04-17,8159
2353,宏��,102,23,79,台新-台南,2024-04-17,8159
00679B,元大美債20年,68,6,62,台新-台南,2024-04-17,8159
5009,榮剛,98,37,61,台新-台南,2024-04-17,8159
3231,緯創,83,24,59,台新-台南,2024-04-17,8159
00720B,元大投資級公司債,60,4,56,台新-台南,2024-04-17,8159
00878,國泰永續高股息,72,29,43,台新-台南,2024-04-17,8159
00772B,中信高評級公司債,41,0,41,台新-台南,2024-04-17,8159
2303,聯電,52,13,39,台新-台南,2024-04-17,8159
00885,富邦越南,38,0,38,台新-台南,2024-04-17,8159
2887,台新金,54,16,38,台新-台南,2024-04-17,8159
8926,台汽電,71,34,37,台新-台南,2024-04-17,8159
00927,群益半導體收益,37,0,37,台新-台南,2024-04-17,8159
2834,臺企銀,67,31,36,台新-台南,2024-04-17,8159
2495,普安,35,0,35,台新-台南,2024-04-17,8159
2382,廣達,94,61,33,台新-台南,2024-04-17,8159
4104,佳醫,33,0,33,台新-台南,2024-04-17,8159
2388,威盛,59,27,32,台新-台南,2024-04-17,8159
2201,裕隆,31,0,31,台新-台南,2024-04-17,8159
00909,國泰數位支付服務,31,2,29,台新-台南,2024-04-17,8159
2883,凱基金,31,3,28,台新-台南,2024-04-17,8159
1582,信錦,36,8,28,台新-台南,2024-04-17,8159
3296,勝德,32,5,27,台新-台南,2024-04-17,8159
8121,越峰,29,3,26,台新-台南,2024-04-17,8159
2501,國建,68,42,26,台新-台南,2024-04-17,8159
3213,茂訊,25,0,25,台新-台南,2024-04-17,8159
2356,英業達,40,15,25,台新-台南,2024-04-17,8159
2002,中鋼,25,1,24,台新-台南,2024-04-17,8159
2618,長榮航,29,6,23,台新-台南,2024-04-17,8159
2515,中工,36,13,23,台新-台南,2024-04-17,8159
2637,慧洋-KY,23,1,22,台新-台南,2024-04-17,8159
8390,金益鼎,40,19,21,台新-台南,2024-04-17,8159
2889,國票金,20,0,20,台新-台南,2024-04-17,8159
00940,元大台灣價值高息,365,49,316,台新-台南,2024-04-18,8159
2317,鴻海,236,36,200,台新-台南,2024-04-18,8159
00937B,群益ESG投等債20,267,85,182,台新-台南,2024-04-18,8159
2504,國產,201,45,156,台新-台南,2024-04-18,8159
1609,大亞,345,202,143,台新-台南,2024-04-18,8159
00632R,元大台灣50反1,342,217,125,台新-台南,2024-04-18,8159
00929,復華台灣科技優息,142,33,109,台新-台南,2024-04-18,8159
2355,敬鵬,102,2,100,台新-台南,2024-04-18,8159
0056,元大高股息,88,2,86,台新-台南,2024-04-18,8159
2897,王道銀行,83,0,83,台新-台南,2024-04-18,8159
00919,群益台灣精選高息,91,22,69,台新-台南,2024-04-18,8159
2027,大成鋼,137,71,66,台新-台南,2024-04-18,8159
2371,大同,766,704,62,台新-台南,2024-04-18,8159
5512,力麒,80,19,61,台新-台南,2024-04-18,8159
00878,國泰永續高股息,95,35,60,台新-台南,2024-04-18,8159
6770,力積電,86,28,58,台新-台南,2024-04-18,8159
2338,光罩,53,0,53,台新-台南,2024-04-18,8159
2374,佳能,77,30,47,台新-台南,2024-04-18,8159
2457,飛宏,54,14,40,台新-台南,2024-04-18,8159
1785,光洋科,42,4,38,台新-台南,2024-04-18,8159
1316,上曜,65,29,36,台新-台南,2024-04-18,8159
1605,華新,362,328,34,台新-台南,2024-04-18,8159
2610,華航,134,102,32,台新-台南,2024-04-18,8159
2603,長榮,32,2,30,台新-台南,2024-04-18,8159
9904,寶成,32,4,28,台新-台南,2024-04-18,8159
2329,華泰,47,19,28,台新-台南,2024-04-18,8159
3707,漢磊,57,30,27,台新-台南,2024-04-18,8159
2887,台新金,31,5,26,台新-台南,2024-04-18,8159
00733,富邦臺灣中小,26,2,24,台新-台南,2024-04-18,8159
00720B,元大投資級公司債,25,2,23,台新-台南,2024-04-18,8159
3711,日月光投控,24,2,22,台新-台南,2024-04-18,8159
3051,力特,28,7,21,台新-台南,2024-04-18,8159
00712,復華富時不動產,21,0,21,台新-台南,2024-04-18,8159
2344,華邦電,32,12,20,台新-台南,2024-04-18,8159
5864,致和證,20,0,20,台新-台南,2024-04-18,8159
5508,永信建,21,1,20,台新-台南,2024-04-18,8159
8926,台汽電,28,8,20,台新-台南,2024-04-18,8159
2351,順德,20,1,19,台新-台南,2024-04-18,8159
1805,寶徠,19,0,19,台新-台南,2024-04-18,8159
6189,豐藝,20,1,19,台新-台南,2024-04-18,8159
1532,勤美,23,5,18,台新-台南,2024-04-18,8159
4306,炎洲,20,2,18,台新-台南,2024-04-18,8159
2845,遠東銀,20,2,18,台新-台南,2024-04-18,8159
00631L,元大台灣50正2,24,7,17,台新-台南,2024-04-18,8159
2548,華固,23,7,16,台新-台南,2024-04-18,8159
00679B,元大美債20年,18,2,16,台新-台南,2024-04-18,8159
3622,洋華,52,36,16,台新-台南,2024-04-18,8159
00687B,國泰20年美債,16,0,16,台新-台南,2024-04-18,8159
2382,廣達,80,64,16,台新-台南,2024-04-18,8159
00676R,富邦臺灣加權反1,20,5,15,台新-台南,2024-04-18,8159
00940,元大台灣價值高息,826,231,595,台新-台南,2024-04-19,8159
00929,復華台灣科技優息,856,272,584,台新-台南,2024-04-19,8159
2641,正德,452,1,451,台新-台南,2024-04-19,8159
00878,國泰永續高股息,422,90,332,台新-台南,2024-04-19,8159
2515,中工,886,559,327,台新-台南,2024-04-19,8159
0056,元大高股息,270,37,233,台新-台南,2024-04-19,8159
2520,冠德,232,64,168,台新-台南,2024-04-19,8159
2330,台積電,169,28,141,台新-台南,2024-04-19,8159
2009,第一銅,180,52,128,台新-台南,2024-04-19,8159
00939,統一台灣高息動能,190,68,122,台新-台南,2024-04-19,8159
00919,群益台灣精選高息,464,347,117,台新-台南,2024-04-19,8159
00941,中信上游半導體,159,48,111,台新-台南,2024-04-19,8159
2317,鴻海,145,37,108,台新-台南,2024-04-19,8159
2303,聯電,119,13,106,台新-台南,2024-04-19,8159
2618,長榮航,204,99,105,台新-台南,2024-04-19,8159
3545,敦泰,136,37,99,台新-台南,2024-04-19,8159
2547,日勝生,113,23,90,台新-台南,2024-04-19,8159
00688L,國泰20年美債正2,172,85,87,台新-台南,2024-04-19,8159
5512,力麒,211,128,83,台新-台南,2024-04-19,8159
2887,台新金,93,12,81,台新-台南,2024-04-19,8159
5515,建國,95,19,76,台新-台南,2024-04-19,8159
5521,工信,174,101,73,台新-台南,2024-04-19,8159
6770,力積電,94,22,72,台新-台南,2024-04-19,8159
2388,威盛,83,13,70,台新-台南,2024-04-19,8159
5234,達興材料,70,1,69,台新-台南,2024-04-19,8159
2537,聯上發,104,36,68,台新-台南,2024-04-19,8159
2344,華邦電,77,10,67,台新-台南,2024-04-19,8159
006208,富邦台50,74,10,64,台新-台南,2024-04-19,8159
6244,茂迪,64,0,64,台新-台南,2024-04-19,8159
2506,太設,63,5,58,台新-台南,2024-04-19,8159
2241,艾姆勒,58,0,58,台新-台南,2024-04-19,8159
2356,英業達,74,17,57,台新-台南,2024-04-19,8159
0050,元大台灣50,58,1,57,台新-台南,2024-04-19,8159
2610,華航,62,9,53,台新-台南,2024-04-19,8159
1316,上曜,62,10,52,台新-台南,2024-04-19,8159
00923,群益台ESG低碳50,51,0,51,台新-台南,2024-04-19,8159
5498,凱崴,51,1,50,台新-台南,2024-04-19,8159
2025,千興,50,1,49,台新-台南,2024-04-19,8159
1314,中石化,62,13,49,台新-台南,2024-04-19,8159
8936,國統,132,86,46,台新-台南,2024-04-19,8159
00770,國泰北美科技,49,3,46,台新-台南,2024-04-19,8159
2301,光寶科,47,3,44,台新-台南,2024-04-19,8159
2888,新光金,78,35,43,台新-台南,2024-04-19,8159
6186,新潤,46,4,42,台新-台南,2024-04-19,8159
2329,華泰,69,29,40,台新-台南,2024-04-19,8159
3231,緯創,115,75,40,台新-台南,2024-04-19,8159
4532,瑞智,42,3,39,台新-台南,2024-04-19,8159
00763U,期街口道瓊銅,37,0,37,台新-台南,2024-04-19,8159
00922,國泰台灣領袖50,36,0,36,台新-台南,2024-04-19,8159
2892,第一金,37,2,35,台新-台南,2024-04-19,8159
00929,復華台灣科技優息,1040,338,702,台新-台南,2024-04-22,8159
00940,元大台灣價值高息,850,410,440,台新-台南,2024-04-22,8159
00878,國泰永續高股息,233,66,167,台新-台南,2024-04-22,8159
00680L,元大美債20正2,159,11,148,台新-台南,2024-04-22,8159
3481,群創,204,57,147,台新-台南,2024-04-22,8159
00919,群益台灣精選高息,310,174,136,台新-台南,2024-04-22,8159
2337,旺宏,127,5,122,台新-台南,2024-04-22,8159
2609,陽明,227,115,112,台新-台南,2024-04-22,8159
4526,東台,108,4,104,台新-台南,2024-04-22,8159
00632R,元大台灣50反1,101,0,101,台新-台南,2024-04-22,8159
5328,華容,100,0,100,台新-台南,2024-04-22,8159
1617,榮星,148,57,91,台新-台南,2024-04-22,8159
1612,宏泰,108,17,91,台新-台南,2024-04-22,8159
8936,國統,122,33,89,台新-台南,2024-04-22,8159
2344,華邦電,88,8,80,台新-台南,2024-04-22,8159
2887,台新金,86,8,78,台新-台南,2024-04-22,8159
6190,萬泰科,78,2,76,台新-台南,2024-04-22,8159
2603,長榮,170,101,69,台新-台南,2024-04-22,8159
2867,三商壽,82,15,67,台新-台南,2024-04-22,8159
2537,聯上發,90,25,65,台新-台南,2024-04-22,8159
1603,華電,141,79,62,台新-台南,2024-04-22,8159
1618,合機,92,33,59,台新-台南,2024-04-22,8159
2520,冠德,107,51,56,台新-台南,2024-04-22,8159
2329,華泰,91,37,54,台新-台南,2024-04-22,8159
2701,萬企,50,0,50,台新-台南,2024-04-22,8159
2610,華航,119,71,48,台新-台南,2024-04-22,8159
2303,聯電,122,76,46,台新-台南,2024-04-22,8159
5512,力麒,206,161,45,台新-台南,2024-04-22,8159
2548,華固,89,45,44,台新-台南,2024-04-22,8159
2241,艾姆勒,42,0,42,台新-台南,2024-04-22,8159
2371,大同,889,848,41,台新-台南,2024-04-22,8159
00688L,國泰20年美債正2,52,11,41,台新-台南,2024-04-22,8159
5531,鄉林,43,5,38,台新-台南,2024-04-22,8159
2888,新光金,61,25,36,台新-台南,2024-04-22,8159
6546,正基,30,0,30,台新-台南,2024-04-22,8159
0056,元大高股息,64,36,28,台新-台南,2024-04-22,8159
6175,立敦,27,0,27,台新-台南,2024-04-22,8159
00687B,國泰20年美債,39,12,27,台新-台南,2024-04-22,8159
2596,綠意,25,0,25,台新-台南,2024-04-22,8159
3702,大聯大,26,1,25,台新-台南,2024-04-22,8159
5521,工信,93,68,25,台新-台南,2024-04-22,8159
6125,廣運,67,43,24,台新-台南,2024-04-22,8159
6248,沛波,23,0,23,台新-台南,2024-04-22,8159
2353,宏��,30,7,23,台新-台南,2024-04-22,8159
00918,大華優利高填息30,25,3,22,台新-台南,2024-04-22,8159
5230,雷笛克光學,39,17,22,台新-台南,2024-04-22,8159
2534,宏盛,23,1,22,台新-台南,2024-04-22,8159
00941,中信上游半導體,34,12,22,台新-台南,2024-04-22,8159
2330,台積電,32,11,21,台新-台南,2024-04-22,8159
2637,慧洋-KY,54,33,21,台新-台南,2024-04-22,8159
1467,南緯,680,0,680,台新-台南,2024-04-23,8159
00929,復華台灣科技優息,570,16,554,台新-台南,2024-04-23,8159
00632R,元大台灣50反1,571,70,501,台新-台南,2024-04-23,8159
1609,大亞,503,362,141,台新-台南,2024-04-23,8159
00919,群益台灣精選高息,143,17,126,台新-台南,2024-04-23,8159
2369,菱生,100,0,100,台新-台南,2024-04-23,8159
2303,聯電,108,10,98,台新-台南,2024-04-23,8159
2489,瑞軒,647,557,90,台新-台南,2024-04-23,8159
00937B,群益ESG投等債20,89,14,75,台新-台南,2024-04-23,8159
1110,東泥,50,0,50,台新-台南,2024-04-23,8159
2241,艾姆勒,50,0,50,台新-台南,2024-04-23,8159
00715L,期街口布蘭特正2,50,1,49,台新-台南,2024-04-23,8159
4167,松瑞藥,46,0,46,台新-台南,2024-04-23,8159
00941,中信上游半導體,41,0,41,台新-台南,2024-04-23,8159
2371,大同,398,358,40,台新-台南,2024-04-23,8159
00878,國泰永續高股息,66,27,39,台新-台南,2024-04-23,8159
2888,新光金,938,900,38,台新-台南,2024-04-23,8159
6770,力積電,36,3,33,台新-台南,2024-04-23,8159
5864,致和證,33,0,33,台新-台南,2024-04-23,8159
3013,晟銘電,34,3,31,台新-台南,2024-04-23,8159
00680L,元大美債20正2,30,0,30,台新-台南,2024-04-23,8159
1314,中石化,52,26,26,台新-台南,2024-04-23,8159
3557,嘉威,25,0,25,台新-台南,2024-04-23,8159
2883,凱基金,32,9,23,台新-台南,2024-04-23,8159
2027,大成鋼,24,2,22,台新-台南,2024-04-23,8159
1316,上曜,56,35,21,台新-台南,2024-04-23,8159
3024,憶聲,22,1,21,台新-台南,2024-04-23,8159
00687B,國泰20年美債,22,1,21,台新-台南,2024-04-23,8159
1303,南亞,22,2,20,台新-台南,2024-04-23,8159
5512,力麒,63,43,20,台新-台南,2024-04-23,8159
3005,神基,26,7,19,台新-台南,2024-04-23,8159
2317,鴻海,57,38,19,台新-台南,2024-04-23,8159
3708,上緯投控,37,19,18,台新-台南,2024-04-23,8159
1605,華新,38,20,18,台新-台南,2024-04-23,8159
1612,宏泰,23,5,18,台新-台南,2024-04-23,8159
2301,光寶科,21,3,18,台新-台南,2024-04-23,8159
3715,定穎投控,26,10,16,台新-台南,2024-04-23,8159
3088,艾訊,15,0,15,台新-台南,2024-04-23,8159
00706L,期元大S＆P日圓正2,15,0,15,台新-台南,2024-04-23,8159
4968,立積,15,0,15,台新-台南,2024-04-23,8159
00923,群益台ESG低碳50,15,0,15,台新-台南,2024-04-23,8159
6005,群益證,16,2,14,台新-台南,2024-04-23,8159
5230,雷笛克光學,16,3,13,台新-台南,2024-04-23,8159
2543,皇昌,28,15,13,台新-台南,2024-04-23,8159
2736,富野,14,2,12,台新-台南,2024-04-23,8159
1504,東元,25,13,12,台新-台南,2024-04-23,8159
4109,加捷生醫,12,0,12,台新-台南,2024-04-23,8159
00688L,國泰20年美債正2,12,0,12,台新-台南,2024-04-23,8159
00881,國泰台灣5G+,26,15,11,台新-台南,2024-04-23,8159
2344,華邦電,11,0,11,台新-台南,2024-04-23,8159
00632R,元大台灣50反1,479,93,386,台新-台南,2024-04-24,8159
2867,三商壽,328,58,270,台新-台南,2024-04-24,8159
3481,群創,251,34,217,台新-台南,2024-04-24,8159
2913,農林,207,0,207,台新-台南,2024-04-24,8159
8112,至上,200,19,181,台新-台南,2024-04-24,8159
2834,臺企銀,185,28,157,台新-台南,2024-04-24,8159
6120,達運,180,32,148,台新-台南,2024-04-24,8159
00929,復華台灣科技優息,174,33,141,台新-台南,2024-04-24,8159
00680L,元大美債20正2,121,7,114,台新-台南,2024-04-24,8159
1618,合機,110,39,71,台新-台南,2024-04-24,8159
2886,兆豐金,70,1,69,台新-台南,2024-04-24,8159
1110,東泥,61,0,61,台新-台南,2024-04-24,8159
2317,鴻海,317,260,57,台新-台南,2024-04-24,8159
00919,群益台灣精選高息,76,21,55,台新-台南,2024-04-24,8159
2241,艾姆勒,51,0,51,台新-台南,2024-04-24,8159
2409,友達,49,1,48,台新-台南,2024-04-24,8159
3402,漢科,46,2,44,台新-台南,2024-04-24,8159
6578,達邦蛋白,45,1,44,台新-台南,2024-04-24,8159
3576,聯合再生,42,3,39,台新-台南,2024-04-24,8159
00679B,元大美債20年,46,7,39,台新-台南,2024-04-24,8159
3557,嘉威,35,0,35,台新-台南,2024-04-24,8159
00937B,群益ESG投等債20,38,6,32,台新-台南,2024-04-24,8159
2025,千興,32,0,32,台新-台南,2024-04-24,8159
2009,第一銅,41,10,31,台新-台南,2024-04-24,8159
1314,中石化,33,2,31,台新-台南,2024-04-24,8159
00688L,國泰20年美債正2,31,0,31,台新-台南,2024-04-24,8159
2489,瑞軒,33,3,30,台新-台南,2024-04-24,8159
4564,元翎,30,0,30,台新-台南,2024-04-24,8159
1717,長興,26,0,26,台新-台南,2024-04-24,8159
4510,高鋒,26,0,26,台新-台南,2024-04-24,8159
4956,光鋐,26,1,25,台新-台南,2024-04-24,8159
6117,迎廣,25,0,25,台新-台南,2024-04-24,8159
3715,定穎投控,64,40,24,台新-台南,2024-04-24,8159
3312,弘憶股,24,0,24,台新-台南,2024-04-24,8159
2880,華南金,23,0,23,台新-台南,2024-04-24,8159
1605,華新,55,32,23,台新-台南,2024-04-24,8159
9938,百和,24,2,22,台新-台南,2024-04-24,8159
6215,和椿,51,31,20,台新-台南,2024-04-24,8159
6164,華興,20,0,20,台新-台南,2024-04-24,8159
00795B,中信美國公債20年,20,0,20,台新-台南,2024-04-24,8159
6005,群益證,19,0,19,台新-台南,2024-04-24,8159
8054,安國,94,76,18,台新-台南,2024-04-24,8159
2892,第一金,20,2,18,台新-台南,2024-04-24,8159
3689,湧德,17,0,17,台新-台南,2024-04-24,8159
2406,國碩,18,1,17,台新-台南,2024-04-24,8159
00753L,中信中國50正2,20,3,17,台新-台南,2024-04-24,8159
2313,華通,26,10,16,台新-台南,2024-04-24,8159
1612,宏泰,24,8,16,台新-台南,2024-04-24,8159
1109,信大,15,0,15,台新-台南,2024-04-24,8159
3058,立德,17,2,15,台新-台南,2024-04-24,8159
2489,瑞軒,1008,2,1006,台新-台南,2024-04-25,8159
2618,長榮航,964,545,419,台新-台南,2024-04-25,8159
2888,新光金,417,0,417,台新-台南,2024-04-25,8159
00940,元大台灣價值高息,354,122,232,台新-台南,2024-04-25,8159
00942B,台新美A公司債20+,213,33,180,台新-台南,2024-04-25,8159
00929,復華台灣科技優息,152,19,133,台新-台南,2024-04-25,8159
2887,台新金,138,15,123,台新-台南,2024-04-25,8159
00919,群益台灣精選高息,130,8,122,台新-台南,2024-04-25,8159
2101,南港,134,31,103,台新-台南,2024-04-25,8159
4306,炎洲,151,54,97,台新-台南,2024-04-25,8159
6120,達運,110,19,91,台新-台南,2024-04-25,8159
2543,皇昌,105,15,90,台新-台南,2024-04-25,8159
5314,世紀,86,0,86,台新-台南,2024-04-25,8159
1110,東泥,84,0,84,台新-台南,2024-04-25,8159
2317,鴻海,134,54,80,台新-台南,2024-04-25,8159
00680L,元大美債20正2,78,0,78,台新-台南,2024-04-25,8159
8112,至上,68,2,66,台新-台南,2024-04-25,8159
2884,玉山金,65,8,57,台新-台南,2024-04-25,8159
00878,國泰永續高股息,78,23,55,台新-台南,2024-04-25,8159
00688L,國泰20年美債正2,48,0,48,台新-台南,2024-04-25,8159
00937B,群益ESG投等債20,58,11,47,台新-台南,2024-04-25,8159
6186,新潤,41,0,41,台新-台南,2024-04-25,8159
3013,晟銘電,61,23,38,台新-台南,2024-04-25,8159
2034,允強,37,0,37,台新-台南,2024-04-25,8159
3703,欣陸,73,38,35,台新-台南,2024-04-25,8159
2337,旺宏,39,4,35,台新-台南,2024-04-25,8159
3017,奇鋐,54,20,34,台新-台南,2024-04-25,8159
2801,彰銀,34,0,34,台新-台南,2024-04-25,8159
1603,華電,34,0,34,台新-台南,2024-04-25,8159
2367,燿華,39,5,34,台新-台南,2024-04-25,8159
2371,大同,262,231,31,台新-台南,2024-04-25,8159
00904,新光臺灣半導體30,31,0,31,台新-台南,2024-04-25,8159
3231,緯創,57,27,30,台新-台南,2024-04-25,8159
6125,廣運,119,91,28,台新-台南,2024-04-25,8159
2883,凱基金,33,6,27,台新-台南,2024-04-25,8159
1314,中石化,57,30,27,台新-台南,2024-04-25,8159
1434,福懋,26,0,26,台新-台南,2024-04-25,8159
5521,工信,67,41,26,台新-台南,2024-04-25,8159
00918,大華優利高填息30,31,5,26,台新-台南,2024-04-25,8159
1414,東和,25,0,25,台新-台南,2024-04-25,8159
00687B,國泰20年美債,49,24,25,台新-台南,2024-04-25,8159
2836,高雄銀,24,0,24,台新-台南,2024-04-25,8159
2388,威盛,47,23,24,台新-台南,2024-04-25,8159
00857B,永豐20年美公債,23,0,23,台新-台南,2024-04-25,8159
2745,五福,25,2,23,台新-台南,2024-04-25,8159
1101,台泥,33,10,23,台新-台南,2024-04-25,8159
00679B,元大美債20年,35,13,22,台新-台南,2024-04-25,8159
2886,兆豐金,22,0,22,台新-台南,2024-04-25,8159
2344,華邦電,21,0,21,台新-台南,2024-04-25,8159
1455,集盛,20,0,20,台新-台南,2024-04-25,8159
2489,瑞軒,550,50,500,台新-台南,2024-04-26,8159
00632R,元大台灣50反1,292,36,256,台新-台南,2024-04-26,8159
2498,宏達電,150,0,150,台新-台南,2024-04-26,8159
00937B,群益ESG投等債20,124,3,121,台新-台南,2024-04-26,8159
00795B,中信美國公債20年,118,0,118,台新-台南,2024-04-26,8159
00929,復華台灣科技優息,145,30,115,台新-台南,2024-04-26,8159
00923,群益台ESG低碳50,101,0,101,台新-台南,2024-04-26,8159
00679B,元大美債20年,93,1,92,台新-台南,2024-04-26,8159
00942B,台新美A公司債20+,82,3,79,台新-台南,2024-04-26,8159
00687B,國泰20年美債,83,7,76,台新-台南,2024-04-26,8159
2884,玉山金,62,4,58,台新-台南,2024-04-26,8159
1612,宏泰,55,12,43,台新-台南,2024-04-26,8159
3483,力致,47,10,37,台新-台南,2024-04-26,8159
00720B,元大投資級公司債,33,0,33,台新-台南,2024-04-26,8159
00680L,元大美債20正2,42,10,32,台新-台南,2024-04-26,8159
2634,漢翔,42,10,32,台新-台南,2024-04-26,8159
3363,上詮,67,37,30,台新-台南,2024-04-26,8159
8033,雷虎,32,3,29,台新-台南,2024-04-26,8159
4716,大立,46,18,28,台新-台南,2024-04-26,8159
2355,敬鵬,30,2,28,台新-台南,2024-04-26,8159
1609,大亞,193,166,27,台新-台南,2024-04-26,8159
00772B,中信高評級公司債,27,0,27,台新-台南,2024-04-26,8159
6197,佳必琪,53,27,26,台新-台南,2024-04-26,8159
2543,皇昌,40,14,26,台新-台南,2024-04-26,8159
6213,聯茂,63,37,26,台新-台南,2024-04-26,8159
1608,華榮,188,164,24,台新-台南,2024-04-26,8159
3033,威健,22,0,22,台新-台南,2024-04-26,8159
2705,六福,26,4,22,台新-台南,2024-04-26,8159
4726,永昕,24,2,22,台新-台南,2024-04-26,8159
2363,矽統,36,14,22,台新-台南,2024-04-26,8159
3037,欣興,35,14,21,台新-台南,2024-04-26,8159
4543,萬在,21,0,21,台新-台南,2024-04-26,8159
3338,泰碩,31,10,21,台新-台南,2024-04-26,8159
1603,華電,25,5,20,台新-台南,2024-04-26,8159
00676R,富邦臺灣加權反1,20,0,20,台新-台南,2024-04-26,8159
2537,聯上發,25,5,20,台新-台南,2024-04-26,8159
4564,元翎,20,0,20,台新-台南,2024-04-26,8159
2382,廣達,67,47,20,台新-台南,2024-04-26,8159
6176,瑞儀,26,7,19,台新-台南,2024-04-26,8159
9944,新麗,19,0,19,台新-台南,2024-04-26,8159
2027,大成鋼,17,0,17,台新-台南,2024-04-26,8159
2801,彰銀,17,0,17,台新-台南,2024-04-26,8159
8039,台虹,18,1,17,台新-台南,2024-04-26,8159
00933B,國泰10Y+金融債,16,0,16,台新-台南,2024-04-26,8159
8064,東捷,94,78,16,台新-台南,2024-04-26,8159
2464,盟立,58,43,15,台新-台南,2024-04-26,8159
9938,百和,17,2,15,台新-台南,2024-04-26,8159
3706,神達,52,37,15,台新-台南,2024-04-26,8159
8358,金居,26,11,15,台新-台南,2024-04-26,8159
2605,新興,327,312,15,台新-台南,2024-04-26,8159
1815,富喬,474,110,364,台新-台南,2024-04-29,8159
00632R,元大台灣50反1,349,3,346,台新-台南,2024-04-29,8159
2618,長榮航,952,622,330,台新-台南,2024-04-29,8159
2615,萬海,350,81,269,台新-台南,2024-04-29,8159
2489,瑞軒,230,1,229,台新-台南,2024-04-29,8159
2323,中環,223,58,165,台新-台南,2024-04-29,8159
2897,王道銀行,107,0,107,台新-台南,2024-04-29,8159
2610,華航,167,67,100,台新-台南,2024-04-29,8159
1316,上曜,332,235,97,台新-台南,2024-04-29,8159
6120,達運,176,108,68,台新-台南,2024-04-29,8159
2363,矽統,242,178,64,台新-台南,2024-04-29,8159
00850,元大臺灣ESG永續,65,2,63,台新-台南,2024-04-29,8159
00752,中信中國50,65,4,61,台新-台南,2024-04-29,8159
1528,恩德,54,0,54,台新-台南,2024-04-29,8159
6125,廣運,112,61,51,台新-台南,2024-04-29,8159
1313,聯成,54,5,49,台新-台南,2024-04-29,8159
3224,三顧,48,2,46,台新-台南,2024-04-29,8159
2515,中工,388,344,44,台新-台南,2024-04-29,8159
00891,中信關鍵半導體,43,2,41,台新-台南,2024-04-29,8159
2543,皇昌,43,3,40,台新-台南,2024-04-29,8159
2505,國揚,42,5,37,台新-台南,2024-04-29,8159
2012,春雨,35,0,35,台新-台南,2024-04-29,8159
6175,立敦,34,0,34,台新-台南,2024-04-29,8159
3576,聯合再生,33,0,33,台新-台南,2024-04-29,8159
1612,宏泰,39,6,33,台新-台南,2024-04-29,8159
1711,永光,37,5,32,台新-台南,2024-04-29,8159
5009,榮剛,104,73,31,台新-台南,2024-04-29,8159
00795B,中信美國公債20年,37,7,30,台新-台南,2024-04-29,8159
3050,鈺德,30,0,30,台新-台南,2024-04-29,8159
2548,華固,34,7,27,台新-台南,2024-04-29,8159
2867,三商壽,29,3,26,台新-台南,2024-04-29,8159
4562,穎漢,26,0,26,台新-台南,2024-04-29,8159
3213,茂訊,31,5,26,台新-台南,2024-04-29,8159
00919,群益台灣精選高息,93,67,26,台新-台南,2024-04-29,8159
5508,永信建,30,5,25,台新-台南,2024-04-29,8159
3264,欣銓,44,19,25,台新-台南,2024-04-29,8159
00665L,富邦�琤肭磪囓�2,78,55,23,台新-台南,2024-04-29,8159
5534,長虹,33,10,23,台新-台南,2024-04-29,8159
00915,凱基優選高股息30,26,4,22,台新-台南,2024-04-29,8159
3305,昇貿,23,1,22,台新-台南,2024-04-29,8159
6603,富強鑫,20,0,20,台新-台南,2024-04-29,8159
00655L,國泰中國A50正2,22,2,20,台新-台南,2024-04-29,8159
5439,高技,31,12,19,台新-台南,2024-04-29,8159
00706L,期元大S＆P日圓正2,28,10,18,台新-台南,2024-04-29,8159
2449,京元電子,37,20,17,台新-台南,2024-04-29,8159
2406,國碩,15,0,15,台新-台南,2024-04-29,8159
6187,萬潤,14,0,14,台新-台南,2024-04-29,8159
3003,健和興,17,3,14,台新-台南,2024-04-29,8159
8033,雷虎,15,1,14,台新-台南,2024-04-29,8159
5213,亞昕,15,1,14,台新-台南,2024-04-29,8159
2891,中信金,747,45,702,台新-台南,2024-04-30,8159
00706L,期元大S＆P日圓正2,300,3,297,台新-台南,2024-04-30,8159
2618,長榮航,367,209,158,台新-台南,2024-04-30,8159
2489,瑞軒,218,78,140,台新-台南,2024-04-30,8159
2615,萬海,321,185,136,台新-台南,2024-04-30,8159
1314,中石化,218,115,103,台新-台南,2024-04-30,8159
2367,燿華,104,2,102,台新-台南,2024-04-30,8159
2888,新光金,147,58,89,台新-台南,2024-04-30,8159
3211,順達,92,4,88,台新-台南,2024-04-30,8159
00919,群益台灣精選高息,103,24,79,台新-台南,2024-04-30,8159
8096,擎亞,426,358,68,台新-台南,2024-04-30,8159
2515,中工,134,68,66,台新-台南,2024-04-30,8159
6120,達運,67,2,65,台新-台南,2024-04-30,8159
00632R,元大台灣50反1,61,0,61,台新-台南,2024-04-30,8159
1528,恩德,59,0,59,台新-台南,2024-04-30,8159
1457,宜進,99,47,52,台新-台南,2024-04-30,8159
3163,波若威,94,43,51,台新-台南,2024-04-30,8159
2501,國建,181,131,50,台新-台南,2024-04-30,8159
00937B,群益ESG投等債20,52,2,50,台新-台南,2024-04-30,8159
9945,潤泰新,80,32,48,台新-台南,2024-04-30,8159
3033,威健,74,28,46,台新-台南,2024-04-30,8159
5608,四維航,54,12,42,台新-台南,2024-04-30,8159
00637L,元大滬深300正2,45,10,35,台新-台南,2024-04-30,8159
5531,鄉林,49,15,34,台新-台南,2024-04-30,8159
2603,長榮,69,36,33,台新-台南,2024-04-30,8159
3189,景碩,31,0,31,台新-台南,2024-04-30,8159
00891,中信關鍵半導體,30,0,30,台新-台南,2024-04-30,8159
6125,廣運,103,75,28,台新-台南,2024-04-30,8159
4526,東台,59,31,28,台新-台南,2024-04-30,8159
2460,建通,29,2,27,台新-台南,2024-04-30,8159
00715L,期街口布蘭特正2,25,0,25,台新-台南,2024-04-30,8159
6578,達邦蛋白,23,0,23,台新-台南,2024-04-30,8159
1612,宏泰,24,2,22,台新-台南,2024-04-30,8159
3005,神基,24,3,21,台新-台南,2024-04-30,8159
2609,陽明,67,47,20,台新-台南,2024-04-30,8159
00650L,復華香港正2,20,0,20,台新-台南,2024-04-30,8159
00878,國泰永續高股息,37,17,20,台新-台南,2024-04-30,8159
2913,農林,40,21,19,台新-台南,2024-04-30,8159
1304,台聚,19,0,19,台新-台南,2024-04-30,8159
5512,力麒,22,3,19,台新-台南,2024-04-30,8159
2534,宏盛,20,3,17,台新-台南,2024-04-30,8159
2427,三商電,40,23,17,台新-台南,2024-04-30,8159
5457,宣德,38,21,17,台新-台南,2024-04-30,8159
2834,臺企銀,54,39,15,台新-台南,2024-04-30,8159
00687B,國泰20年美債,15,0,15,台新-台南,2024-04-30,8159
2486,一詮,53,38,15,台新-台南,2024-04-30,8159
2610,華航,52,38,14,台新-台南,2024-04-30,8159
3324,雙鴻,18,4,14,台新-台南,2024-04-30,8159
4127,天良,18,4,14,台新-台南,2024-04-30,8159
5388,中磊,17,3,14,台新-台南,2024-04-30,8159
2520,冠德,561,105,456,台新-台南,2024-05-02,8159
00878,國泰永續高股息,387,24,363,台新-台南,2024-05-02,8159
00937B,群益ESG投等債20,239,13,226,台新-台南,2024-05-02,8159
5519,隆大,216,14,202,台新-台南,2024-05-02,8159
2504,國產,196,20,176,台新-台南,2024-05-02,8159
00680L,元大美債20正2,168,10,158,台新-台南,2024-05-02,8159
2009,第一銅,129,22,107,台新-台南,2024-05-02,8159
6550,北極星藥業-KY,103,1,102,台新-台南,2024-05-02,8159
1314,中石化,227,128,99,台新-台南,2024-05-02,8159
00942B,台新美A公司債20+,105,10,95,台新-台南,2024-05-02,8159
2371,大同,283,190,93,台新-台南,2024-05-02,8159
00850,元大臺灣ESG永續,92,3,89,台新-台南,2024-05-02,8159
00919,群益台灣精選高息,116,31,85,台新-台南,2024-05-02,8159
2603,長榮,89,5,84,台新-台南,2024-05-02,8159
4533,協易機,81,8,73,台新-台南,2024-05-02,8159
2609,陽明,499,427,72,台新-台南,2024-05-02,8159
3481,群創,77,14,63,台新-台南,2024-05-02,8159
4526,東台,63,1,62,台新-台南,2024-05-02,8159
2367,燿華,81,21,60,台新-台南,2024-05-02,8159
2101,南港,104,47,57,台新-台南,2024-05-02,8159
2409,友達,66,13,53,台新-台南,2024-05-02,8159
6175,立敦,51,0,51,台新-台南,2024-05-02,8159
2801,彰銀,50,1,49,台新-台南,2024-05-02,8159
2515,中工,286,237,49,台新-台南,2024-05-02,8159
2913,農林,138,93,45,台新-台南,2024-05-02,8159
00933B,國泰10Y+金融債,54,10,44,台新-台南,2024-05-02,8159
2834,臺企銀,81,40,41,台新-台南,2024-05-02,8159
5301,寶得利,41,0,41,台新-台南,2024-05-02,8159
00650L,復華香港正2,40,0,40,台新-台南,2024-05-02,8159
00715L,期街口布蘭特正2,36,0,36,台新-台南,2024-05-02,8159
00935,野村臺灣新科技50,39,4,35,台新-台南,2024-05-02,8159
00637L,元大滬深300正2,36,1,35,台新-台南,2024-05-02,8159
2363,矽統,204,170,34,台新-台南,2024-05-02,8159
00679B,元大美債20年,33,0,33,台新-台南,2024-05-02,8159
2888,新光金,65,32,33,台新-台南,2024-05-02,8159
8462,柏文,32,0,32,台新-台南,2024-05-02,8159
1609,大亞,71,42,29,台新-台南,2024-05-02,8159
2401,凌陽,34,5,29,台新-台南,2024-05-02,8159
3706,神達,27,0,27,台新-台南,2024-05-02,8159
9933,中鼎,42,15,27,台新-台南,2024-05-02,8159
5508,永信建,36,9,27,台新-台南,2024-05-02,8159
4532,瑞智,26,2,24,台新-台南,2024-05-02,8159
00857B,永豐20年美公債,23,0,23,台新-台南,2024-05-02,8159
1103,嘉泥,24,1,23,台新-台南,2024-05-02,8159
5314,世紀,24,1,23,台新-台南,2024-05-02,8159
2330,台積電,24,2,22,台新-台南,2024-05-02,8159
2002,中鋼,39,17,22,台新-台南,2024-05-02,8159
8064,東捷,47,27,20,台新-台南,2024-05-02,8159
3224,三顧,39,19,20,台新-台南,2024-05-02,8159
5488,松普,20,0,20,台新-台南,2024-05-02,8159
2504,國產,314,6,308,台新-台南,2024-05-03,8159
2618,長榮航,770,478,292,台新-台南,2024-05-03,8159
00937B,群益ESG投等債20,188,2,186,台新-台南,2024-05-03,8159
00850,元大臺灣ESG永續,117,0,117,台新-台南,2024-05-03,8159
2369,菱生,105,0,105,台新-台南,2024-05-03,8159
00878,國泰永續高股息,125,40,85,台新-台南,2024-05-03,8159
00929,復華台灣科技優息,128,57,71,台新-台南,2024-05-03,8159
4906,正文,70,1,69,台新-台南,2024-05-03,8159
9934,成霖,65,1,64,台新-台南,2024-05-03,8159
2034,允強,58,0,58,台新-台南,2024-05-03,8159
2344,華邦電,61,6,55,台新-台南,2024-05-03,8159
3231,緯創,73,21,52,台新-台南,2024-05-03,8159
00940,元大台灣價值高息,105,57,48,台新-台南,2024-05-03,8159
00715L,期街口布蘭特正2,47,0,47,台新-台南,2024-05-03,8159
00923,群益台ESG低碳50,45,3,42,台新-台南,2024-05-03,8159
9907,統一實,40,0,40,台新-台南,2024-05-03,8159
2515,中工,121,83,38,台新-台南,2024-05-03,8159
6244,茂迪,39,1,38,台新-台南,2024-05-03,8159
5512,力麒,91,56,35,台新-台南,2024-05-03,8159
5301,寶得利,38,4,34,台新-台南,2024-05-03,8159
00881,國泰台灣5G+,39,5,34,台新-台南,2024-05-03,8159
00679B,元大美債20年,39,6,33,台新-台南,2024-05-03,8159
3287,廣寰科,43,12,31,台新-台南,2024-05-03,8159
9945,潤泰新,80,50,30,台新-台南,2024-05-03,8159
1605,華新,41,13,28,台新-台南,2024-05-03,8159
6546,正基,34,6,28,台新-台南,2024-05-03,8159
00935,野村臺灣新科技50,25,0,25,台新-台南,2024-05-03,8159
2610,華航,112,87,25,台新-台南,2024-05-03,8159
2014,中鴻,28,3,25,台新-台南,2024-05-03,8159
2705,六福,25,0,25,台新-台南,2024-05-03,8159
2834,臺企銀,29,4,25,台新-台南,2024-05-03,8159
2316,楠梓電,27,3,24,台新-台南,2024-05-03,8159
00637L,元大滬深300正2,29,5,24,台新-台南,2024-05-03,8159
8926,台汽電,34,11,23,台新-台南,2024-05-03,8159
1301,台塑,26,3,23,台新-台南,2024-05-03,8159
3017,奇鋐,38,15,23,台新-台南,2024-05-03,8159
2449,京元電子,28,5,23,台新-台南,2024-05-03,8159
2547,日勝生,62,40,22,台新-台南,2024-05-03,8159
1314,中石化,133,111,22,台新-台南,2024-05-03,8159
2359,所羅門,38,17,21,台新-台南,2024-05-03,8159
5521,工信,95,74,21,台新-台南,2024-05-03,8159
4513,福裕,22,1,21,台新-台南,2024-05-03,8159
2206,三陽工業,22,1,21,台新-台南,2024-05-03,8159
1589,永冠-KY,20,0,20,台新-台南,2024-05-03,8159
1528,恩德,20,0,20,台新-台南,2024-05-03,8159
1434,福懋,22,2,20,台新-台南,2024-05-03,8159
5243,乙盛-KY,20,0,20,台新-台南,2024-05-03,8159
2501,國建,226,207,19,台新-台南,2024-05-03,8159
2634,漢翔,27,8,19,台新-台南,2024-05-03,8159
2915,潤泰全,20,1,19,台新-台南,2024-05-03,8159
2891,中信金,887,76,811,台新-台南,2024-05-06,8159
1440,南紡,257,13,244,台新-台南,2024-05-06,8159
00937B,群益ESG投等債20,293,54,239,台新-台南,2024-05-06,8159
00632R,元大台灣50反1,281,50,231,台新-台南,2024-05-06,8159
2034,允強,189,0,189,台新-台南,2024-05-06,8159
9945,潤泰新,360,176,184,台新-台南,2024-05-06,8159
00753L,中信中國50正2,169,0,169,台新-台南,2024-05-06,8159
1446,宏和,198,39,159,台新-台南,2024-05-06,8159
00915,凱基優選高股息30,164,12,152,台新-台南,2024-05-06,8159
00637L,元大滬深300正2,142,15,127,台新-台南,2024-05-06,8159
6770,力積電,149,34,115,台新-台南,2024-05-06,8159
2101,南港,117,3,114,台新-台南,2024-05-06,8159
2615,萬海,111,10,101,台新-台南,2024-05-06,8159
2520,冠德,205,105,100,台新-台南,2024-05-06,8159
00696B,富邦美債20年,100,0,100,台新-台南,2024-05-06,8159
00679B,元大美債20年,105,6,99,台新-台南,2024-05-06,8159
5009,榮剛,78,2,76,台新-台南,2024-05-06,8159
6015,宏遠證,80,6,74,台新-台南,2024-05-06,8159
2618,長榮航,391,324,67,台新-台南,2024-05-06,8159
4906,正文,62,0,62,台新-台南,2024-05-06,8159
6292,迅德,54,2,52,台新-台南,2024-05-06,8159
5512,力麒,73,21,52,台新-台南,2024-05-06,8159
00688L,國泰20年美債正2,124,77,47,台新-台南,2024-05-06,8159
00929,復華台灣科技優息,70,23,47,台新-台南,2024-05-06,8159
00715L,期街口布蘭特正2,47,1,46,台新-台南,2024-05-06,8159
9907,統一實,44,0,44,台新-台南,2024-05-06,8159
3545,敦泰,48,5,43,台新-台南,2024-05-06,8159
2515,中工,70,30,40,台新-台南,2024-05-06,8159
1528,恩德,40,0,40,台新-台南,2024-05-06,8159
4714,永捷,50,13,37,台新-台南,2024-05-06,8159
2601,益航,35,0,35,台新-台南,2024-05-06,8159
00891,中信關鍵半導體,73,42,31,台新-台南,2024-05-06,8159
00650L,復華香港正2,30,0,30,台新-台南,2024-05-06,8159
2367,燿華,111,82,29,台新-台南,2024-05-06,8159
2867,三商壽,30,1,29,台新-台南,2024-05-06,8159
1785,光洋科,29,1,28,台新-台南,2024-05-06,8159
9933,中鼎,29,2,27,台新-台南,2024-05-06,8159
3537,堡達,26,0,26,台新-台南,2024-05-06,8159
8358,金居,26,1,25,台新-台南,2024-05-06,8159
3522,御嵿,25,0,25,台新-台南,2024-05-06,8159
5301,寶得利,25,0,25,台新-台南,2024-05-06,8159
3312,弘憶股,83,59,24,台新-台南,2024-05-06,8159
00662,富邦NASDAQ,22,0,22,台新-台南,2024-05-06,8159
00687B,國泰20年美債,23,1,22,台新-台南,2024-05-06,8159
6282,康舒,26,4,22,台新-台南,2024-05-06,8159
00676R,富邦臺灣加權反1,20,0,20,台新-台南,2024-05-06,8159
4513,福裕,21,1,20,台新-台南,2024-05-06,8159
2634,漢翔,46,26,20,台新-台南,2024-05-06,8159
5488,松普,20,0,20,台新-台南,2024-05-06,8159
8046,南電,20,0,20,台新-台南,2024-05-06,8159
2317,鴻海,411,204,207,台新-台南,2024-05-07,8159
00915,凱基優選高股息30,205,8,197,台新-台南,2024-05-07,8159
2543,皇昌,127,6,121,台新-台南,2024-05-07,8159
2834,臺企銀,144,27,117,台新-台南,2024-05-07,8159
2101,南港,125,20,105,台新-台南,2024-05-07,8159
2867,三商壽,206,102,104,台新-台南,2024-05-07,8159
2489,瑞軒,100,0,100,台新-台南,2024-05-07,8159
3013,晟銘電,209,122,87,台新-台南,2024-05-07,8159
1532,勤美,116,39,77,台新-台南,2024-05-07,8159
00940,元大台灣價值高息,97,22,75,台新-台南,2024-05-07,8159
2520,冠德,247,175,72,台新-台南,2024-05-07,8159
00679B,元大美債20年,82,13,69,台新-台南,2024-05-07,8159
2367,燿華,76,16,60,台新-台南,2024-05-07,8159
00650L,復華香港正2,60,0,60,台新-台南,2024-05-07,8159
00919,群益台灣精選高息,73,15,58,台新-台南,2024-05-07,8159
2034,允強,55,0,55,台新-台南,2024-05-07,8159
1314,中石化,189,138,51,台新-台南,2024-05-07,8159
5488,松普,50,2,48,台新-台南,2024-05-07,8159
2887,台新金,66,18,48,台新-台南,2024-05-07,8159
6186,新潤,49,2,47,台新-台南,2024-05-07,8159
1215,卜蜂,45,1,44,台新-台南,2024-05-07,8159
8096,擎亞,90,49,41,台新-台南,2024-05-07,8159
1608,華榮,66,25,41,台新-台南,2024-05-07,8159
3363,上詮,141,103,38,台新-台南,2024-05-07,8159
2601,益航,35,0,35,台新-台南,2024-05-07,8159
00637L,元大滬深300正2,35,0,35,台新-台南,2024-05-07,8159
4564,元翎,35,0,35,台新-台南,2024-05-07,8159
8429,金麗-KY,34,0,34,台新-台南,2024-05-07,8159
5009,榮剛,42,9,33,台新-台南,2024-05-07,8159
3512,皇龍,33,1,32,台新-台南,2024-05-07,8159
8064,東捷,52,20,32,台新-台南,2024-05-07,8159
3188,鑫龍騰,35,3,32,台新-台南,2024-05-07,8159
9945,潤泰新,41,10,31,台新-台南,2024-05-07,8159
5512,力麒,55,24,31,台新-台南,2024-05-07,8159
00764B,群益25年美債,31,0,31,台新-台南,2024-05-07,8159
00795B,中信美國公債20年,29,0,29,台新-台南,2024-05-07,8159
6770,力積電,43,16,27,台新-台南,2024-05-07,8159
1609,大亞,108,81,27,台新-台南,2024-05-07,8159
2392,正崴,44,19,25,台新-台南,2024-05-07,8159
3708,上緯投控,37,12,25,台新-台南,2024-05-07,8159
2301,光寶科,27,3,24,台新-台南,2024-05-07,8159
00939,統一台灣高息動能,24,0,24,台新-台南,2024-05-07,8159
3313,斐成,25,1,24,台新-台南,2024-05-07,8159
2371,大同,95,71,24,台新-台南,2024-05-07,8159
00662,富邦NASDAQ,23,0,23,台新-台南,2024-05-07,8159
5515,建國,50,28,22,台新-台南,2024-05-07,8159
1101,台泥,60,39,21,台新-台南,2024-05-07,8159
1304,台聚,20,0,20,台新-台南,2024-05-07,8159
1616,億泰,32,12,20,台新-台南,2024-05-07,8159
4503,金雨,20,1,19,台新-台南,2024-05-07,8159
2601,益航,210,0,210,台新-台南,2024-05-08,8159
00919,群益台灣精選高息,177,12,165,台新-台南,2024-05-08,8159
1440,南紡,178,14,164,台新-台南,2024-05-08,8159
3481,群創,174,10,164,台新-台南,2024-05-08,8159
00940,元大台灣價值高息,153,12,141,台新-台南,2024-05-08,8159
2489,瑞軒,121,0,121,台新-台南,2024-05-08,8159
2504,國產,122,8,114,台新-台南,2024-05-08,8159
1314,中石化,143,34,109,台新-台南,2024-05-08,8159
00632R,元大台灣50反1,152,47,105,台新-台南,2024-05-08,8159
2641,正德,326,224,102,台新-台南,2024-05-08,8159
00676R,富邦臺灣加權反1,100,0,100,台新-台南,2024-05-08,8159
3466,德晉,112,15,97,台新-台南,2024-05-08,8159
00878,國泰永續高股息,160,67,93,台新-台南,2024-05-08,8159
3260,威剛,142,61,81,台新-台南,2024-05-08,8159
2888,新光金,139,61,78,台新-台南,2024-05-08,8159
2618,長榮航,137,68,69,台新-台南,2024-05-08,8159
00915,凱基優選高股息30,139,71,68,台新-台南,2024-05-08,8159
00679B,元大美債20年,126,59,67,台新-台南,2024-05-08,8159
1609,大亞,216,152,64,台新-台南,2024-05-08,8159
2606,裕民,126,63,63,台新-台南,2024-05-08,8159
2603,長榮,87,31,56,台新-台南,2024-05-08,8159
00929,復華台灣科技優息,81,27,54,台新-台南,2024-05-08,8159
00764B,群益25年美債,50,1,49,台新-台南,2024-05-08,8159
5871,中租-KY,49,1,48,台新-台南,2024-05-08,8159
2382,廣達,98,53,45,台新-台南,2024-05-08,8159
2352,佳世達,50,6,44,台新-台南,2024-05-08,8159
2527,宏璟,45,1,44,台新-台南,2024-05-08,8159
3321,同泰,35,0,35,台新-台南,2024-05-08,8159
2376,技嘉,56,21,35,台新-台南,2024-05-08,8159
2492,華新科,34,2,32,台新-台南,2024-05-08,8159
00637L,元大滬深300正2,41,10,31,台新-台南,2024-05-08,8159
4532,瑞智,144,114,30,台新-台南,2024-05-08,8159
3036,文曄,29,0,29,台新-台南,2024-05-08,8159
5512,力麒,37,9,28,台新-台南,2024-05-08,8159
5347,世界,33,5,28,台新-台南,2024-05-08,8159
3703,欣陸,45,19,26,台新-台南,2024-05-08,8159
1618,合機,78,55,23,台新-台南,2024-05-08,8159
2883,凱基金,28,5,23,台新-台南,2024-05-08,8159
00650L,復華香港正2,23,0,23,台新-台南,2024-05-08,8159
2374,佳能,66,45,21,台新-台南,2024-05-08,8159
2359,所羅門,71,50,21,台新-台南,2024-05-08,8159
00909,國泰數位支付服務,21,0,21,台新-台南,2024-05-08,8159
8064,東捷,67,46,21,台新-台南,2024-05-08,8159
3324,雙鴻,24,3,21,台新-台南,2024-05-08,8159
3013,晟銘電,46,26,20,台新-台南,2024-05-08,8159
8930,青鋼,86,66,20,台新-台南,2024-05-08,8159
1464,得力,20,0,20,台新-台南,2024-05-08,8159
00864B,中信美國公債0-1,20,0,20,台新-台南,2024-05-08,8159
2855,統一證,22,2,20,台新-台南,2024-05-08,8159
2845,遠東銀,19,0,19,台新-台南,2024-05-08,8159
1522,堤維西,432,65,367,台新-台南,2024-05-09,8159
00946,群益科技高息成長,225,0,225,台新-台南,2024-05-09,8159
3044,健鼎,212,17,195,台新-台南,2024-05-09,8159
00937B,群益ESG投等債20,165,2,163,台新-台南,2024-05-09,8159
2337,旺宏,142,0,142,台新-台南,2024-05-09,8159
00929,復華台灣科技優息,167,25,142,台新-台南,2024-05-09,8159
00915,凱基優選高股息30,104,0,104,台新-台南,2024-05-09,8159
00878,國泰永續高股息,140,38,102,台新-台南,2024-05-09,8159
00632R,元大台灣50反1,113,25,88,台新-台南,2024-05-09,8159
2867,三商壽,101,27,74,台新-台南,2024-05-09,8159
2610,華航,74,5,69,台新-台南,2024-05-09,8159
6197,佳必琪,94,32,62,台新-台南,2024-05-09,8159
1815,富喬,105,44,61,台新-台南,2024-05-09,8159
00882,中信中國高股息,97,37,60,台新-台南,2024-05-09,8159
2371,大同,316,256,60,台新-台南,2024-05-09,8159
00932,兆豐永續高息等權,59,0,59,台新-台南,2024-05-09,8159
1101,台泥,73,16,57,台新-台南,2024-05-09,8159
2317,鴻海,189,132,57,台新-台南,2024-05-09,8159
2543,皇昌,60,5,55,台新-台南,2024-05-09,8159
1314,中石化,80,25,55,台新-台南,2024-05-09,8159
4973,廣穎,68,15,53,台新-台南,2024-05-09,8159
2606,裕民,91,41,50,台新-台南,2024-05-09,8159
00688L,國泰20年美債正2,48,0,48,台新-台南,2024-05-09,8159
2834,臺企銀,73,26,47,台新-台南,2024-05-09,8159
5519,隆大,56,10,46,台新-台南,2024-05-09,8159
00944,野村趨勢動能高息,45,0,45,台新-台南,2024-05-09,8159
3231,緯創,65,22,43,台新-台南,2024-05-09,8159
1616,億泰,47,7,40,台新-台南,2024-05-09,8159
2363,矽統,129,90,39,台新-台南,2024-05-09,8159
4967,十銓,73,35,38,台新-台南,2024-05-09,8159
5871,中租-KY,41,5,36,台新-台南,2024-05-09,8159
00679B,元大美債20年,49,16,33,台新-台南,2024-05-09,8159
1603,華電,31,0,31,台新-台南,2024-05-09,8159
9105,泰金寶-DR,27,0,27,台新-台南,2024-05-09,8159
00940,元大台灣價值高息,77,53,24,台新-台南,2024-05-09,8159
1731,美吾華,24,1,23,台新-台南,2024-05-09,8159
3024,憶聲,30,7,23,台新-台南,2024-05-09,8159
2323,中環,23,0,23,台新-台南,2024-05-09,8159
6005,群益證,22,0,22,台新-台南,2024-05-09,8159
3363,上詮,36,14,22,台新-台南,2024-05-09,8159
2887,台新金,28,6,22,台新-台南,2024-05-09,8159
1303,南亞,21,0,21,台新-台南,2024-05-09,8159
3059,華晶科,24,4,20,台新-台南,2024-05-09,8159
2534,宏盛,22,3,19,台新-台南,2024-05-09,8159
1582,信錦,26,8,18,台新-台南,2024-05-09,8159
2442,新美齊,18,0,18,台新-台南,2024-05-09,8159
5512,力麒,25,7,18,台新-台南,2024-05-09,8159
2388,威盛,21,4,17,台新-台南,2024-05-09,8159
2547,日勝生,23,6,17,台新-台南,2024-05-09,8159
1442,名軒,26,9,17,台新-台南,2024-05-09,8159
00929,復華台灣科技優息,571,16,555,台新-台南,2024-05-10,8159
00632R,元大台灣50反1,404,27,377,台新-台南,2024-05-10,8159
00937B,群益ESG投等債20,259,32,227,台新-台南,2024-05-10,8159
3481,群創,242,26,216,台新-台南,2024-05-10,8159
1440,南紡,171,10,161,台新-台南,2024-05-10,8159
2489,瑞軒,172,26,146,台新-台南,2024-05-10,8159
00946,群益科技高息成長,144,0,144,台新-台南,2024-05-10,8159
9904,寶成,102,8,94,台新-台南,2024-05-10,8159
2324,仁寶,90,1,89,台新-台南,2024-05-10,8159
4960,誠美材,149,75,74,台新-台南,2024-05-10,8159
3706,神達,124,66,58,台新-台南,2024-05-10,8159
6770,力積電,56,1,55,台新-台南,2024-05-10,8159
6279,胡連,51,2,49,台新-台南,2024-05-10,8159
1467,南緯,48,0,48,台新-台南,2024-05-10,8159
8938,明安,51,4,47,台新-台南,2024-05-10,8159
00915,凱基優選高股息30,46,1,45,台新-台南,2024-05-10,8159
2313,華通,90,45,45,台新-台南,2024-05-10,8159
1314,中石化,83,45,38,台新-台南,2024-05-10,8159
2323,中環,49,12,37,台新-台南,2024-05-10,8159
00882,中信中國高股息,101,68,33,台新-台南,2024-05-10,8159
5013,強新,32,0,32,台新-台南,2024-05-10,8159
8112,至上,62,33,29,台新-台南,2024-05-10,8159
2537,聯上發,30,1,29,台新-台南,2024-05-10,8159
1616,億泰,30,2,28,台新-台南,2024-05-10,8159
8358,金居,30,3,27,台新-台南,2024-05-10,8159
6125,廣運,29,4,25,台新-台南,2024-05-10,8159
2409,友達,30,6,24,台新-台南,2024-05-10,8159
6443,元晶,32,8,24,台新-台南,2024-05-10,8159
2486,一詮,63,41,22,台新-台南,2024-05-10,8159
6235,華孚,26,4,22,台新-台南,2024-05-10,8159
8086,宏捷科,28,6,22,台新-台南,2024-05-10,8159
5519,隆大,24,2,22,台新-台南,2024-05-10,8159
4903,聯光通,33,12,21,台新-台南,2024-05-10,8159
00944,野村趨勢動能高息,21,0,21,台新-台南,2024-05-10,8159
00936,台新永續高息中小,24,3,21,台新-台南,2024-05-10,8159
3230,錦明,21,0,21,台新-台南,2024-05-10,8159
2520,冠德,42,24,18,台新-台南,2024-05-10,8159
00932,兆豐永續高息等權,18,0,18,台新-台南,2024-05-10,8159
00885,富邦越南,21,3,18,台新-台南,2024-05-10,8159
2230,泰茂,18,1,17,台新-台南,2024-05-10,8159
2357,華碩,18,1,17,台新-台南,2024-05-10,8159
6244,茂迪,66,49,17,台新-台南,2024-05-10,8159
1587,吉茂,27,10,17,台新-台南,2024-05-10,8159
5009,榮剛,17,1,16,台新-台南,2024-05-10,8159
1612,宏泰,27,11,16,台新-台南,2024-05-10,8159
3576,聯合再生,20,4,16,台新-台南,2024-05-10,8159
8089,康全電訊,16,0,16,台新-台南,2024-05-10,8159
00679B,元大美債20年,25,9,16,台新-台南,2024-05-10,8159
8936,國統,38,23,15,台新-台南,2024-05-10,8159
2421,建準,55,39,16,台新-台南,2024-05-10,8159
2618,長榮航,1076,461,615,台新-台南,2024-05-13,8159
2609,陽明,698,182,516,台新-台南,2024-05-13,8159
00937B,群益ESG投等債20,360,1,359,台新-台南,2024-05-13,8159
00929,復華台灣科技優息,344,95,249,台新-台南,2024-05-13,8159
00680L,元大美債20正2,233,3,230,台新-台南,2024-05-13,8159
9945,潤泰新,241,83,158,台新-台南,2024-05-13,8159
2888,新光金,156,7,149,台新-台南,2024-05-13,8159
00882,中信中國高股息,206,60,146,台新-台南,2024-05-13,8159
00940,元大台灣價值高息,227,85,142,台新-台南,2024-05-13,8159
2014,中鴻,150,11,139,台新-台南,2024-05-13,8159
4714,永捷,180,49,131,台新-台南,2024-05-13,8159
00919,群益台灣精選高息,127,16,111,台新-台南,2024-05-13,8159
2317,鴻海,314,208,106,台新-台南,2024-05-13,8159
00715L,期街口布蘭特正2,104,0,104,台新-台南,2024-05-13,8159
2367,燿華,531,433,98,台新-台南,2024-05-13,8159
3231,緯創,113,17,96,台新-台南,2024-05-13,8159
00688L,國泰20年美債正2,113,17,96,台新-台南,2024-05-13,8159
2834,臺企銀,121,37,84,台新-台南,2024-05-13,8159
00679B,元大美債20年,83,1,82,台新-台南,2024-05-13,8159
2891,中信金,87,14,73,台新-台南,2024-05-13,8159
00650L,復華香港正2,70,0,70,台新-台南,2024-05-13,8159
00676R,富邦臺灣加權反1,70,0,70,台新-台南,2024-05-13,8159
00687B,國泰20年美債,63,3,60,台新-台南,2024-05-13,8159
2511,太子,51,0,51,台新-台南,2024-05-13,8159
2486,一詮,59,19,40,台新-台南,2024-05-13,8159
1714,和桐,40,1,39,台新-台南,2024-05-13,8159
3548,兆利,38,1,37,台新-台南,2024-05-13,8159
00946,群益科技高息成長,34,0,34,台新-台南,2024-05-13,8159
1608,華榮,38,6,32,台新-台南,2024-05-13,8159
00936,台新永續高息中小,42,11,31,台新-台南,2024-05-13,8159
2388,威盛,39,10,29,台新-台南,2024-05-13,8159
1513,中興電,56,29,27,台新-台南,2024-05-13,8159
00878,國泰永續高股息,113,86,27,台新-台南,2024-05-13,8159
5519,隆大,37,10,27,台新-台南,2024-05-13,8159
1455,集盛,26,0,26,台新-台南,2024-05-13,8159
1605,華新,30,5,25,台新-台南,2024-05-13,8159
2514,龍邦,25,0,25,台新-台南,2024-05-13,8159
00933B,國泰10Y+金融債,47,23,24,台新-台南,2024-05-13,8159
5871,中租-KY,33,11,22,台新-台南,2024-05-13,8159
1815,富喬,48,26,22,台新-台南,2024-05-13,8159
1785,光洋科,27,5,22,台新-台南,2024-05-13,8159
1603,華電,23,1,22,台新-台南,2024-05-13,8159
3167,大量,22,1,21,台新-台南,2024-05-13,8159
00932,兆豐永續高息等權,21,0,21,台新-台南,2024-05-13,8159
2406,國碩,90,69,21,台新-台南,2024-05-13,8159
5475,德宏,23,3,20,台新-台南,2024-05-13,8159
00857B,永豐20年美公債,20,0,20,台新-台南,2024-05-13,8159
8070,長華*,23,3,20,台新-台南,2024-05-13,8159
00915,凱基優選高股息30,23,3,20,台新-台南,2024-05-13,8159
6603,富強鑫,19,0,19,台新-台南,2024-05-13,8159
2609,陽明,836,552,284,台新-台南,2024-05-14,8159
00937B,群益ESG投等債20,187,10,177,台新-台南,2024-05-14,8159
2603,長榮,410,244,166,台新-台南,2024-05-14,8159
00878,國泰永續高股息,181,53,128,台新-台南,2024-05-14,8159
00929,復華台灣科技優息,138,26,112,台新-台南,2024-05-14,8159
5905,南仁湖,95,0,95,台新-台南,2024-05-14,8159
00632R,元大台灣50反1,91,0,91,台新-台南,2024-05-14,8159
4967,十銓,123,37,86,台新-台南,2024-05-14,8159
2834,臺企銀,81,4,77,台新-台南,2024-05-14,8159
2610,華航,92,23,69,台新-台南,2024-05-14,8159
2537,聯上發,61,2,59,台新-台南,2024-05-14,8159
3624,光頡,52,0,52,台新-台南,2024-05-14,8159
1101,台泥,55,20,35,台新-台南,2024-05-14,8159
3047,訊舟,56,22,34,台新-台南,2024-05-14,8159
3231,緯創,53,19,34,台新-台南,2024-05-14,8159
2615,萬海,1438,1406,32,台新-台南,2024-05-14,8159
00752,中信中國50,41,9,32,台新-台南,2024-05-14,8159
2355,敬鵬,50,24,26,台新-台南,2024-05-14,8159
8936,國統,48,22,26,台新-台南,2024-05-14,8159
2371,大同,130,104,26,台新-台南,2024-05-14,8159
2486,一詮,44,20,24,台新-台南,2024-05-14,8159
2374,佳能,140,116,24,台新-台南,2024-05-14,8159
6186,新潤,23,0,23,台新-台南,2024-05-14,8159
2887,台新金,25,3,22,台新-台南,2024-05-14,8159
00795B,中信美國公債20年,22,0,22,台新-台南,2024-05-14,8159
2596,綠意,21,0,21,台新-台南,2024-05-14,8159
2845,遠東銀,22,1,21,台新-台南,2024-05-14,8159
00857B,永豐20年美公債,20,0,20,台新-台南,2024-05-14,8159
00933B,國泰10Y+金融債,19,0,19,台新-台南,2024-05-14,8159
8096,擎亞,28,10,18,台新-台南,2024-05-14,8159
2891,中信金,50,34,16,台新-台南,2024-05-14,8159
8222,寶一,21,5,16,台新-台南,2024-05-14,8159
6215,和椿,52,36,16,台新-台南,2024-05-14,8159
00753L,中信中國50正2,39,23,16,台新-台南,2024-05-14,8159
00927,群益半導體收益,22,6,16,台新-台南,2024-05-14,8159
5880,合庫金,16,0,16,台新-台南,2024-05-14,8159
5392,能率,41,26,15,台新-台南,2024-05-14,8159
6243,迅杰,15,0,15,台新-台南,2024-05-14,8159
2511,太子,18,3,15,台新-台南,2024-05-14,8159
2867,三商壽,16,1,15,台新-台南,2024-05-14,8159
3289,宜特,14,0,14,台新-台南,2024-05-14,8159
2890,永豐金,14,0,14,台新-台南,2024-05-14,8159
3557,嘉威,14,0,14,台新-台南,2024-05-14,8159
6182,合晶,14,0,14,台新-台南,2024-05-14,8159
00679B,元大美債20年,24,10,14,台新-台南,2024-05-14,8159
3264,欣銓,13,0,13,台新-台南,2024-05-14,8159
3363,上詮,65,52,13,台新-台南,2024-05-14,8159
3520,華盈,15,2,13,台新-台南,2024-05-14,8159
6770,力積電,22,10,12,台新-台南,2024-05-14,8159
3230,錦明,12,0,12,台新-台南,2024-05-14,8159
00632R,元大台灣50反1,408,20,388,台新-台南,2024-05-15,8159
00937B,群益ESG投等債20,392,51,341,台新-台南,2024-05-15,8159
00919,群益台灣精選高息,257,41,216,台新-台南,2024-05-15,8159
9105,泰金寶-DR,226,16,210,台新-台南,2024-05-15,8159
4967,十銓,206,4,202,台新-台南,2024-05-15,8159
00795B,中信美國公債20年,198,1,197,台新-台南,2024-05-15,8159
00929,復華台灣科技優息,245,91,154,台新-台南,2024-05-15,8159
00878,國泰永續高股息,177,59,118,台新-台南,2024-05-15,8159
5608,四維航,170,59,111,台新-台南,2024-05-15,8159
2356,英業達,150,42,108,台新-台南,2024-05-15,8159
00715L,期街口布蘭特正2,101,0,101,台新-台南,2024-05-15,8159
6603,富強鑫,96,0,96,台新-台南,2024-05-15,8159
3287,廣寰科,124,30,94,台新-台南,2024-05-15,8159
2323,中環,158,73,85,台新-台南,2024-05-15,8159
1522,堤維西,418,336,82,台新-台南,2024-05-15,8159
2618,長榮航,195,122,73,台新-台南,2024-05-15,8159
00918,大華優利高填息30,66,3,63,台新-台南,2024-05-15,8159
2547,日勝生,61,2,59,台新-台南,2024-05-15,8159
3030,德律,65,9,56,台新-台南,2024-05-15,8159
2303,聯電,77,21,56,台新-台南,2024-05-15,8159
00936,台新永續高息中小,53,0,53,台新-台南,2024-05-15,8159
1447,力鵬,54,2,52,台新-台南,2024-05-15,8159
6190,萬泰科,52,1,51,台新-台南,2024-05-15,8159
00915,凱基優選高股息30,46,0,46,台新-台南,2024-05-15,8159
1612,宏泰,68,23,45,台新-台南,2024-05-15,8159
2486,一詮,91,51,40,台新-台南,2024-05-15,8159
4533,協易機,56,17,39,台新-台南,2024-05-15,8159
1464,得力,38,0,38,台新-台南,2024-05-15,8159
3576,聯合再生,40,6,34,台新-台南,2024-05-15,8159
5905,南仁湖,50,16,34,台新-台南,2024-05-15,8159
5871,中租-KY,34,3,31,台新-台南,2024-05-15,8159
2313,華通,38,7,31,台新-台南,2024-05-15,8159
4716,大立,39,9,30,台新-台南,2024-05-15,8159
00669R,國泰美國道瓊反1,30,0,30,台新-台南,2024-05-15,8159
5488,松普,30,0,30,台新-台南,2024-05-15,8159
2363,矽統,145,116,29,台新-台南,2024-05-15,8159
3042,晶技,29,1,28,台新-台南,2024-05-15,8159
2515,中工,61,34,27,台新-台南,2024-05-15,8159
2331,精英,112,84,28,台新-台南,2024-05-15,8159
6609,瀧澤科,27,0,27,台新-台南,2024-05-15,8159
6248,沛波,30,3,27,台新-台南,2024-05-15,8159
6290,良維,28,1,27,台新-台南,2024-05-15,8159
5009,榮剛,25,0,25,台新-台南,2024-05-15,8159
00922,國泰台灣領袖50,30,8,22,台新-台南,2024-05-15,8159
3033,威健,27,5,22,台新-台南,2024-05-15,8159
1597,直得,21,0,21,台新-台南,2024-05-15,8159
3645,達邁,21,0,21,台新-台南,2024-05-15,8159
2406,國碩,46,26,20,台新-台南,2024-05-15,8159
6188,廣明,62,42,20,台新-台南,2024-05-15,8159
2605,新興,32,12,20,台新-台南,2024-05-15,8159
2317,鴻海,963,370,593,台新-台南,2024-05-16,8159
00632R,元大台灣50反1,427,5,422,台新-台南,2024-05-16,8159
3481,群創,217,25,192,台新-台南,2024-05-16,8159
00937B,群益ESG投等債20,222,83,139,台新-台南,2024-05-16,8159
5608,四維航,143,5,138,台新-台南,2024-05-16,8159
2101,南港,141,12,129,台新-台南,2024-05-16,8159
00878,國泰永續高股息,372,268,104,台新-台南,2024-05-16,8159
2382,廣達,168,64,104,台新-台南,2024-05-16,8159
2913,農林,77,1,76,台新-台南,2024-05-16,8159
1609,大亞,89,23,66,台新-台南,2024-05-16,8159
00679B,元大美債20年,84,21,63,台新-台南,2024-05-16,8159
2312,金寶,77,15,62,台新-台南,2024-05-16,8159
3231,緯創,114,55,59,台新-台南,2024-05-16,8159
8926,台汽電,57,0,57,台新-台南,2024-05-16,8159
6578,達邦蛋白,55,0,55,台新-台南,2024-05-16,8159
2301,光寶科,63,12,51,台新-台南,2024-05-16,8159
2303,聯電,126,75,51,台新-台南,2024-05-16,8159
2359,所羅門,182,131,51,台新-台南,2024-05-16,8159
2882,國泰金,119,69,50,台新-台南,2024-05-16,8159
00929,復華台灣科技優息,110,64,46,台新-台南,2024-05-16,8159
3260,威剛,49,3,46,台新-台南,2024-05-16,8159
00942B,台新美A公司債20+,44,0,44,台新-台南,2024-05-16,8159
3030,德律,60,19,41,台新-台南,2024-05-16,8159
2641,正德,41,4,37,台新-台南,2024-05-16,8159
3287,廣寰科,44,9,35,台新-台南,2024-05-16,8159
00680L,元大美債20正2,99,66,33,台新-台南,2024-05-16,8159
8096,擎亞,114,82,32,台新-台南,2024-05-16,8159
1313,聯成,31,0,31,台新-台南,2024-05-16,8159
6120,達運,31,1,30,台新-台南,2024-05-16,8159
5864,致和證,28,0,28,台新-台南,2024-05-16,8159
8222,寶一,27,0,27,台新-台南,2024-05-16,8159
2501,國建,52,25,27,台新-台南,2024-05-16,8159
2543,皇昌,38,12,26,台新-台南,2024-05-16,8159
2468,華經,25,0,25,台新-台南,2024-05-16,8159
8210,勤誠,26,2,24,台新-台南,2024-05-16,8159
2007,燁興,25,1,24,台新-台南,2024-05-16,8159
2006,東和鋼鐵,23,0,23,台新-台南,2024-05-16,8159
3056,富華新,23,0,23,台新-台南,2024-05-16,8159
1905,華紙,53,30,23,台新-台南,2024-05-16,8159
5381,合正,24,1,23,台新-台南,2024-05-16,8159
1447,力鵬,24,1,23,台新-台南,2024-05-16,8159
6451,訊芯-KY,31,8,23,台新-台南,2024-05-16,8159
2609,陽明,611,589,22,台新-台南,2024-05-16,8159
3209,全科,22,0,22,台新-台南,2024-05-16,8159
2105,正新,24,2,22,台新-台南,2024-05-16,8159
2405,輔信,43,21,22,台新-台南,2024-05-16,8159
1440,南紡,44,23,21,台新-台南,2024-05-16,8159
2460,建通,36,15,21,台新-台南,2024-05-16,8159
4128,中天,26,6,20,台新-台南,2024-05-16,8159
00664R,國泰臺灣加權反1,20,0,20,台新-台南,2024-05-16,8159
6443,元晶,459,86,373,台新-台南,2024-05-17,8159
2605,新興,325,10,315,台新-台南,2024-05-17,8159
00929,復華台灣科技優息,280,12,268,台新-台南,2024-05-17,8159
9907,統一實,222,0,222,台新-台南,2024-05-17,8159
00878,國泰永續高股息,244,82,162,台新-台南,2024-05-17,8159
2367,燿華,555,419,136,台新-台南,2024-05-17,8159
2489,瑞軒,204,85,119,台新-台南,2024-05-17,8159
00946,群益科技高息成長,112,0,112,台新-台南,2024-05-17,8159
3231,緯創,120,10,110,台新-台南,2024-05-17,8159
00665L,富邦�琤肭磪囓�2,112,3,109,台新-台南,2024-05-17,8159
00919,群益台灣精選高息,126,20,106,台新-台南,2024-05-17,8159
2801,彰銀,100,3,97,台新-台南,2024-05-17,8159
2606,裕民,109,13,96,台新-台南,2024-05-17,8159
2337,旺宏,102,9,93,台新-台南,2024-05-17,8159
1455,集盛,111,30,81,台新-台南,2024-05-17,8159
2417,圓剛,81,12,69,台新-台南,2024-05-17,8159
00632R,元大台灣50反1,248,180,68,台新-台南,2024-05-17,8159
00753L,中信中國50正2,71,7,64,台新-台南,2024-05-17,8159
2374,佳能,253,190,63,台新-台南,2024-05-17,8159
5905,南仁湖,50,0,50,台新-台南,2024-05-17,8159
2312,金寶,76,28,48,台新-台南,2024-05-17,8159
1314,中石化,118,71,47,台新-台南,2024-05-17,8159
3030,德律,55,10,45,台新-台南,2024-05-17,8159
6770,力積電,66,22,44,台新-台南,2024-05-17,8159
2344,華邦電,48,4,44,台新-台南,2024-05-17,8159
3706,神達,57,13,44,台新-台南,2024-05-17,8159
00679B,元大美債20年,51,10,41,台新-台南,2024-05-17,8159
3481,群創,40,0,40,台新-台南,2024-05-17,8159
00795B,中信美國公債20年,40,0,40,台新-台南,2024-05-17,8159
00937B,群益ESG投等債20,60,22,38,台新-台南,2024-05-17,8159
6190,萬泰科,37,0,37,台新-台南,2024-05-17,8159
2317,鴻海,246,210,36,台新-台南,2024-05-17,8159
2356,英業達,68,32,36,台新-台南,2024-05-17,8159
00940,元大台灣價值高息,115,79,36,台新-台南,2024-05-17,8159
2009,第一銅,63,28,35,台新-台南,2024-05-17,8159
2408,南亞科,31,1,30,台新-台南,2024-05-17,8159
2250,IKKA-KY,30,0,30,台新-台南,2024-05-17,8159
2641,正德,32,2,30,台新-台南,2024-05-17,8159
5608,四維航,30,0,30,台新-台南,2024-05-17,8159
1587,吉茂,79,50,29,台新-台南,2024-05-17,8159
1563,巧新,29,0,29,台新-台南,2024-05-17,8159
3483,力致,88,61,27,台新-台南,2024-05-17,8159
2324,仁寶,30,4,26,台新-台南,2024-05-17,8159
00936,台新永續高息中小,25,0,25,台新-台南,2024-05-17,8159
8054,安國,52,28,24,台新-台南,2024-05-17,8159
2409,友達,30,7,23,台新-台南,2024-05-17,8159
1447,力鵬,38,15,23,台新-台南,2024-05-17,8159
3059,華晶科,69,47,22,台新-台南,2024-05-17,8159
8039,台虹,21,1,20,台新-台南,2024-05-17,8159
00664R,國泰臺灣加權反1,20,0,20,台新-台南,2024-05-17,8159
00680L,元大美債20正2,851,13,838,台新-台南,2024-05-20,8159
00688L,國泰20年美債正2,538,1,537,台新-台南,2024-05-20,8159
00929,復華台灣科技優息,303,30,273,台新-台南,2024-05-20,8159
2867,三商壽,603,395,208,台新-台南,2024-05-20,8159
2323,中環,129,14,115,台新-台南,2024-05-20,8159
00679B,元大美債20年,115,5,110,台新-台南,2024-05-20,8159
1609,大亞,165,72,93,台新-台南,2024-05-20,8159
5905,南仁湖,76,0,76,台新-台南,2024-05-20,8159
2406,國碩,84,15,69,台新-台南,2024-05-20,8159
1314,中石化,74,6,68,台新-台南,2024-05-20,8159
00650L,復華香港正2,65,1,64,台新-台南,2024-05-20,8159
1718,中纖,60,0,60,台新-台南,2024-05-20,8159
6167,久正,62,3,59,台新-台南,2024-05-20,8159
2601,益航,51,0,51,台新-台南,2024-05-20,8159
00665L,富邦�琤肭磪囓�2,72,22,50,台新-台南,2024-05-20,8159
3481,群創,266,217,49,台新-台南,2024-05-20,8159
6125,廣運,154,105,49,台新-台南,2024-05-20,8159
00878,國泰永續高股息,131,82,49,台新-台南,2024-05-20,8159
2637,慧洋-KY,52,5,47,台新-台南,2024-05-20,8159
4976,佳凌,69,26,43,台新-台南,2024-05-20,8159
4933,友輝,41,0,41,台新-台南,2024-05-20,8159
2515,中工,53,13,40,台新-台南,2024-05-20,8159
3703,欣陸,43,4,39,台新-台南,2024-05-20,8159
00919,群益台灣精選高息,83,46,37,台新-台南,2024-05-20,8159
00795B,中信美國公債20年,36,0,36,台新-台南,2024-05-20,8159
6116,彩晶,36,2,34,台新-台南,2024-05-20,8159
5009,榮剛,87,53,34,台新-台南,2024-05-20,8159
00637L,元大滬深300正2,36,2,34,台新-台南,2024-05-20,8159
8028,昇陽半導體,45,11,34,台新-台南,2024-05-20,8159
2367,燿華,381,348,33,台新-台南,2024-05-20,8159
1522,堤維西,36,3,33,台新-台南,2024-05-20,8159
2618,長榮航,329,296,33,台新-台南,2024-05-20,8159
00937B,群益ESG投等債20,94,62,32,台新-台南,2024-05-20,8159
00687B,國泰20年美債,35,4,31,台新-台南,2024-05-20,8159
00857B,永豐20年美公債,30,0,30,台新-台南,2024-05-20,8159
00764B,群益25年美債,30,0,30,台新-台南,2024-05-20,8159
6770,力積電,38,9,29,台新-台南,2024-05-20,8159
3686,達能,30,1,29,台新-台南,2024-05-20,8159
5014,建錩,30,1,29,台新-台南,2024-05-20,8159
2881,富邦金,33,4,29,台新-台南,2024-05-20,8159
3576,聯合再生,33,7,26,台新-台南,2024-05-20,8159
1612,宏泰,40,14,26,台新-台南,2024-05-20,8159
2520,冠德,44,18,26,台新-台南,2024-05-20,8159
3324,雙鴻,30,5,25,台新-台南,2024-05-20,8159
1216,統一,27,2,25,台新-台南,2024-05-20,8159
00932,兆豐永續高息等權,26,1,25,台新-台南,2024-05-20,8159
5434,崇越,28,3,25,台新-台南,2024-05-20,8159
8071,能率網通,42,18,24,台新-台南,2024-05-20,8159
8033,雷虎,37,13,24,台新-台南,2024-05-20,8159
4533,協易機,116,93,23,台新-台南,2024-05-20,8159
00753L,中信中國50正2,315,24,291,台新-台南,2024-05-21,8159
00929,復華台灣科技優息,291,22,269,台新-台南,2024-05-21,8159
00937B,群益ESG投等債20,211,11,200,台新-台南,2024-05-21,8159
00878,國泰永續高股息,210,37,173,台新-台南,2024-05-21,8159
3483,力致,177,9,168,台新-台南,2024-05-21,8159
2241,艾姆勒,200,33,167,台新-台南,2024-05-21,8159
00688L,國泰20年美債正2,142,0,142,台新-台南,2024-05-21,8159
2367,燿華,410,268,142,台新-台南,2024-05-21,8159
2618,長榮航,159,59,100,台新-台南,2024-05-21,8159
2867,三商壽,115,33,82,台新-台南,2024-05-21,8159
5355,佳總,79,0,79,台新-台南,2024-05-21,8159
2027,大成鋼,227,160,67,台新-台南,2024-05-21,8159
1560,中砂,70,3,67,台新-台南,2024-05-21,8159
4967,十銓,78,14,64,台新-台南,2024-05-21,8159
00637L,元大滬深300正2,65,1,64,台新-台南,2024-05-21,8159
4906,正文,91,29,62,台新-台南,2024-05-21,8159
00679B,元大美債20年,85,22,63,台新-台南,2024-05-21,8159
2365,昆盈,80,20,60,台新-台南,2024-05-21,8159
3030,德律,71,16,55,台新-台南,2024-05-21,8159
2834,臺企銀,57,2,55,台新-台南,2024-05-21,8159
9105,泰金寶-DR,54,0,54,台新-台南,2024-05-21,8159
00751B,元大AAA至A公司債,50,0,50,台新-台南,2024-05-21,8159
5905,南仁湖,50,3,47,台新-台南,2024-05-21,8159
1303,南亞,44,0,44,台新-台南,2024-05-21,8159
00650L,復華香港正2,56,15,41,台新-台南,2024-05-21,8159
1609,大亞,61,21,40,台新-台南,2024-05-21,8159
2002,中鋼,41,2,39,台新-台南,2024-05-21,8159
2409,友達,43,7,36,台新-台南,2024-05-21,8159
00706L,期元大S＆P日圓正2,33,0,33,台新-台南,2024-05-21,8159
5014,建錩,33,0,33,台新-台南,2024-05-21,8159
2881,富邦金,35,3,32,台新-台南,2024-05-21,8159
2317,鴻海,44,12,32,台新-台南,2024-05-21,8159
00942B,台新美A公司債20+,32,0,32,台新-台南,2024-05-21,8159
3481,群創,35,4,31,台新-台南,2024-05-21,8159
6120,達運,30,1,29,台新-台南,2024-05-21,8159
00936,台新永續高息中小,27,0,27,台新-台南,2024-05-21,8159
2601,益航,27,0,27,台新-台南,2024-05-21,8159
6188,廣明,208,182,26,台新-台南,2024-05-21,8159
3227,原相,32,6,26,台新-台南,2024-05-21,8159
2882,國泰金,31,6,25,台新-台南,2024-05-21,8159
00944,野村趨勢動能高息,25,0,25,台新-台南,2024-05-21,8159
2374,佳能,192,168,24,台新-台南,2024-05-21,8159
6209,今國光,31,7,24,台新-台南,2024-05-21,8159
2603,長榮,56,32,24,台新-台南,2024-05-21,8159
5871,中租-KY,27,4,23,台新-台南,2024-05-21,8159
3033,威健,34,11,23,台新-台南,2024-05-21,8159
5864,致和證,33,11,22,台新-台南,2024-05-21,8159
2392,正崴,29,7,22,台新-台南,2024-05-21,8159
8112,至上,23,1,22,台新-台南,2024-05-21,8159
1605,華新,116,94,22,台新-台南,2024-05-21,8159
00632R,元大台灣50反1,363,5,358,台新-台南,2024-05-22,8159
2618,長榮航,362,82,280,台新-台南,2024-05-22,8159
2867,三商壽,232,12,220,台新-台南,2024-05-22,8159
00937B,群益ESG投等債20,207,4,203,台新-台南,2024-05-22,8159
2367,燿華,393,226,167,台新-台南,2024-05-22,8159
00715L,期街口布蘭特正2,132,0,132,台新-台南,2024-05-22,8159
9907,統一實,112,0,112,台新-台南,2024-05-22,8159
9945,潤泰新,115,9,106,台新-台南,2024-05-22,8159
00719B,元大美債1-3,105,0,105,台新-台南,2024-05-22,8159
00856B,永豐1-3年美公債,99,0,99,台新-台南,2024-05-22,8159
2002,中鋼,112,26,86,台新-台南,2024-05-22,8159
2312,金寶,118,33,85,台新-台南,2024-05-22,8159
3059,華晶科,124,42,82,台新-台南,2024-05-22,8159
00940,元大台灣價值高息,200,120,80,台新-台南,2024-05-22,8159
1402,遠東新,80,5,75,台新-台南,2024-05-22,8159
8374,羅昇,70,0,70,台新-台南,2024-05-22,8159
00922,國泰台灣領袖50,67,0,67,台新-台南,2024-05-22,8159
00664R,國泰臺灣加權反1,65,0,65,台新-台南,2024-05-22,8159
2882,國泰金,67,6,61,台新-台南,2024-05-22,8159
00751B,元大AAA至A公司債,73,15,58,台新-台南,2024-05-22,8159
3013,晟銘電,331,275,56,台新-台南,2024-05-22,8159
2610,華航,135,80,55,台新-台南,2024-05-22,8159
2027,大成鋼,82,28,54,台新-台南,2024-05-22,8159
2495,普安,69,15,54,台新-台南,2024-05-22,8159
8064,東捷,97,45,52,台新-台南,2024-05-22,8159
2887,台新金,54,3,51,台新-台南,2024-05-22,8159
00673R,期元大S＆P原油反1,100,50,50,台新-台南,2024-05-22,8159
2206,三陽工業,51,3,48,台新-台南,2024-05-22,8159
6290,良維,45,1,44,台新-台南,2024-05-22,8159
2634,漢翔,51,9,42,台新-台南,2024-05-22,8159
8096,擎亞,93,52,41,台新-台南,2024-05-22,8159
6770,力積電,79,39,40,台新-台南,2024-05-22,8159
2025,千興,40,0,40,台新-台南,2024-05-22,8159
2317,鴻海,74,35,39,台新-台南,2024-05-22,8159
5864,致和證,40,1,39,台新-台南,2024-05-22,8159
2354,鴻準,58,21,37,台新-台南,2024-05-22,8159
3005,神基,75,39,36,台新-台南,2024-05-22,8159
1785,光洋科,48,14,34,台新-台南,2024-05-22,8159
2486,一詮,96,63,33,台新-台南,2024-05-22,8159
3060,銘異,152,119,33,台新-台南,2024-05-22,8159
2369,菱生,34,3,31,台新-台南,2024-05-22,8159
3002,歐格,30,0,30,台新-台南,2024-05-22,8159
2442,新美齊,54,25,29,台新-台南,2024-05-22,8159
5522,遠雄,28,0,28,台新-台南,2024-05-22,8159
1303,南亞,29,2,27,台新-台南,2024-05-22,8159
1603,華電,34,7,27,台新-台南,2024-05-22,8159
4111,濟生,31,6,25,台新-台南,2024-05-22,8159
00665L,富邦�琤肭磪囓�2,40,15,25,台新-台南,2024-05-22,8159
1609,大亞,84,60,24,台新-台南,2024-05-22,8159
2489,瑞軒,54,30,24,台新-台南,2024-05-22,8159
00937B,群益ESG投等債20,297,11,286,台新-台南,2024-05-23,8159
00688L,國泰20年美債正2,200,0,200,台新-台南,2024-05-23,8159
00715L,期街口布蘭特正2,174,1,173,台新-台南,2024-05-23,8159
2887,台新金,191,40,151,台新-台南,2024-05-23,8159
00946,群益科技高息成長,147,3,144,台新-台南,2024-05-23,8159
3312,弘憶股,147,6,141,台新-台南,2024-05-23,8159
3481,群創,168,36,132,台新-台南,2024-05-23,8159
3047,訊舟,159,44,115,台新-台南,2024-05-23,8159
00680L,元大美債20正2,100,26,74,台新-台南,2024-05-23,8159
1303,南亞,71,2,69,台新-台南,2024-05-23,8159
2406,國碩,79,11,68,台新-台南,2024-05-23,8159
8358,金居,76,13,63,台新-台南,2024-05-23,8159
1314,中石化,66,3,63,台新-台南,2024-05-23,8159
2002,中鋼,57,0,57,台新-台南,2024-05-23,8159
4306,炎洲,58,1,57,台新-台南,2024-05-23,8159
00940,元大台灣價值高息,82,26,56,台新-台南,2024-05-23,8159
00936,台新永續高息中小,54,0,54,台新-台南,2024-05-23,8159
3576,聯合再生,54,2,52,台新-台南,2024-05-23,8159
2324,仁寶,138,87,51,台新-台南,2024-05-23,8159
00632R,元大台灣50反1,54,3,51,台新-台南,2024-05-23,8159
01002T,土銀國泰R1,50,0,50,台新-台南,2024-05-23,8159
4563,百德,55,5,50,台新-台南,2024-05-23,8159
00665L,富邦�琤肭磪囓�2,56,6,50,台新-台南,2024-05-23,8159
1316,上曜,60,12,48,台新-台南,2024-05-23,8159
5905,南仁湖,50,2,48,台新-台南,2024-05-23,8159
2354,鴻準,131,90,41,台新-台南,2024-05-23,8159
3483,力致,69,28,41,台新-台南,2024-05-23,8159
2356,英業達,46,5,41,台新-台南,2024-05-23,8159
1522,堤維西,45,6,39,台新-台南,2024-05-23,8159
2363,矽統,65,29,36,台新-台南,2024-05-23,8159
2601,益航,35,0,35,台新-台南,2024-05-23,8159
2882,國泰金,44,9,35,台新-台南,2024-05-23,8159
2312,金寶,66,32,34,台新-台南,2024-05-23,8159
00751B,元大AAA至A公司債,34,0,34,台新-台南,2024-05-23,8159
2367,燿華,162,129,33,台新-台南,2024-05-23,8159
2501,國建,50,16,34,台新-台南,2024-05-23,8159
6668,中揚光,32,0,32,台新-台南,2024-05-23,8159
00918,大華優利高填息30,31,0,31,台新-台南,2024-05-23,8159
2382,廣達,68,37,31,台新-台南,2024-05-23,8159
00857B,永豐20年美公債,30,0,30,台新-台南,2024-05-23,8159
1531,高林股,30,0,30,台新-台南,2024-05-23,8159
6207,雷科,43,13,30,台新-台南,2024-05-23,8159
00856B,永豐1-3年美公債,30,0,30,台新-台南,2024-05-23,8159
00679B,元大美債20年,57,28,29,台新-台南,2024-05-23,8159
1608,華榮,39,10,29,台新-台南,2024-05-23,8159
2618,長榮航,96,68,28,台新-台南,2024-05-23,8159
5443,均豪,50,22,28,台新-台南,2024-05-23,8159
2009,第一銅,68,43,25,台新-台南,2024-05-23,8159
3450,聯鈞,58,34,24,台新-台南,2024-05-23,8159
6147,頎邦,25,1,24,台新-台南,2024-05-23,8159
00712,復華富時不動產,256,2,254,台新-台南,2024-05-24,8159
00937B,群益ESG投等債20,246,16,230,台新-台南,2024-05-24,8159
9945,潤泰新,104,10,94,台新-台南,2024-05-24,8159
00715L,期街口布蘭特正2,83,0,83,台新-台南,2024-05-24,8159
2367,燿華,315,249,66,台新-台南,2024-05-24,8159
2406,國碩,61,2,59,台新-台南,2024-05-24,8159
00680L,元大美債20正2,57,0,57,台新-台南,2024-05-24,8159
2543,皇昌,71,15,56,台新-台南,2024-05-24,8159
00688L,國泰20年美債正2,50,0,50,台新-台南,2024-05-24,8159
1303,南亞,53,4,49,台新-台南,2024-05-24,8159
1316,上曜,50,5,45,台新-台南,2024-05-24,8159
2618,長榮航,58,14,44,台新-台南,2024-05-24,8159
2027,大成鋼,65,25,40,台新-台南,2024-05-24,8159
00751B,元大AAA至A公司債,39,0,39,台新-台南,2024-05-24,8159
6591,動力-KY,41,3,38,台新-台南,2024-05-24,8159
2634,漢翔,44,6,38,台新-台南,2024-05-24,8159
00936,台新永續高息中小,45,10,35,台新-台南,2024-05-24,8159
1301,台塑,35,0,35,台新-台南,2024-05-24,8159
00706L,期元大S＆P日圓正2,31,0,31,台新-台南,2024-05-24,8159
00676R,富邦臺灣加權反1,30,0,30,台新-台南,2024-05-24,8159
2303,聯電,57,27,30,台新-台南,2024-05-24,8159
1609,大亞,47,19,28,台新-台南,2024-05-24,8159
00632R,元大台灣50反1,32,4,28,台新-台南,2024-05-24,8159
5426,振發,51,24,27,台新-台南,2024-05-24,8159
00878,國泰永續高股息,30,4,26,台新-台南,2024-05-24,8159
2337,旺宏,32,7,25,台新-台南,2024-05-24,8159
00946,群益科技高息成長,34,10,24,台新-台南,2024-05-24,8159
2002,中鋼,32,9,23,台新-台南,2024-05-24,8159
6126,信音,27,4,23,台新-台南,2024-05-24,8159
1314,中石化,33,10,23,台新-台南,2024-05-24,8159
2313,華通,36,14,22,台新-台南,2024-05-24,8159
2034,允強,21,0,21,台新-台南,2024-05-24,8159
3532,台勝科,21,0,21,台新-台南,2024-05-24,8159
2884,玉山金,25,4,21,台新-台南,2024-05-24,8159
2025,千興,20,0,20,台新-台南,2024-05-24,8159
8048,德勝,31,11,20,台新-台南,2024-05-24,8159
3483,力致,35,15,20,台新-台南,2024-05-24,8159
1616,億泰,30,10,20,台新-台南,2024-05-24,8159
3715,定穎投控,30,10,20,台新-台南,2024-05-24,8159
2460,建通,28,9,19,台新-台南,2024-05-24,8159
2371,大同,79,60,19,台新-台南,2024-05-24,8159
8476,台境*,19,0,19,台新-台南,2024-05-24,8159
5880,合庫金,18,0,18,台新-台南,2024-05-24,8159
2486,一詮,126,109,17,台新-台南,2024-05-24,8159
00633L,富邦上証正2,17,0,17,台新-台南,2024-05-24,8159
00857B,永豐20年美公債,19,3,16,台新-台南,2024-05-24,8159
6274,台燿,25,9,16,台新-台南,2024-05-24,8159
4726,永昕,15,0,15,台新-台南,2024-05-24,8159
4526,東台,23,8,15,台新-台南,2024-05-24,8159
2641,正德,18,3,15,台新-台南,2024-05-24,8159
6163,華電網,793,41,752,台新-台南,2024-05-27,8159
2353,宏��,509,300,209,台新-台南,2024-05-27,8159
2867,三商壽,162,1,161,台新-台南,2024-05-27,8159
00882,中信中國高股息,162,4,158,台新-台南,2024-05-27,8159
00632R,元大台灣50反1,178,47,131,台新-台南,2024-05-27,8159
00720B,元大投資級公司債,132,17,115,台新-台南,2024-05-27,8159
00795B,中信美國公債20年,117,8,109,台新-台南,2024-05-27,8159
1815,富喬,189,85,104,台新-台南,2024-05-27,8159
2382,廣達,182,79,103,台新-台南,2024-05-27,8159
3481,群創,228,129,99,台新-台南,2024-05-27,8159
1810,和成,95,4,91,台新-台南,2024-05-27,8159
2453,凌群,143,57,86,台新-台南,2024-05-27,8159
3059,華晶科,138,58,80,台新-台南,2024-05-27,8159
00918,大華優利高填息30,91,13,78,台新-台南,2024-05-27,8159
00712,復華富時不動產,64,2,62,台新-台南,2024-05-27,8159
00676R,富邦臺灣加權反1,50,0,50,台新-台南,2024-05-27,8159
2002,中鋼,87,39,48,台新-台南,2024-05-27,8159
2206,三陽工業,46,5,41,台新-台南,2024-05-27,8159
2328,廣宇,47,6,41,台新-台南,2024-05-27,8159
1711,永光,38,0,38,台新-台南,2024-05-27,8159
2641,正德,223,186,37,台新-台南,2024-05-27,8159
3015,全漢,40,3,37,台新-台南,2024-05-27,8159
2392,正崴,64,30,34,台新-台南,2024-05-27,8159
4564,元翎,34,0,34,台新-台南,2024-05-27,8159
6505,台塑化,37,3,34,台新-台南,2024-05-27,8159
4526,東台,48,14,34,台新-台南,2024-05-27,8159
3236,千如,33,0,33,台新-台南,2024-05-27,8159
3047,訊舟,66,34,32,台新-台南,2024-05-27,8159
1314,中石化,40,10,30,台新-台南,2024-05-27,8159
2352,佳世達,76,49,27,台新-台南,2024-05-27,8159
4532,瑞智,31,4,27,台新-台南,2024-05-27,8159
8039,台虹,31,4,27,台新-台南,2024-05-27,8159
5488,松普,46,20,26,台新-台南,2024-05-27,8159
3338,泰碩,61,35,26,台新-台南,2024-05-27,8159
3033,威健,44,19,25,台新-台南,2024-05-27,8159
2886,兆豐金,25,1,24,台新-台南,2024-05-27,8159
8936,國統,26,4,22,台新-台南,2024-05-27,8159
4915,致伸,32,10,22,台新-台南,2024-05-27,8159
6275,元山,31,10,21,台新-台南,2024-05-27,8159
3057,喬鼎,22,1,21,台新-台南,2024-05-27,8159
1568,倉佑,21,0,21,台新-台南,2024-05-27,8159
6219,富旺,20,0,20,台新-台南,2024-05-27,8159
00941,中信上游半導體,23,3,20,台新-台南,2024-05-27,8159
00687B,國泰20年美債,28,8,20,台新-台南,2024-05-27,8159
1467,南緯,20,0,20,台新-台南,2024-05-27,8159
4417,金洲,20,0,20,台新-台南,2024-05-27,8159
2363,矽統,330,311,19,台新-台南,2024-05-27,8159
2362,藍天,19,0,19,台新-台南,2024-05-27,8159
2331,精英,44,25,19,台新-台南,2024-05-27,8159
1440,南紡,19,1,18,台新-台南,2024-05-27,8159
2867,三商壽,874,21,853,台新-台南,2024-05-28,8159
6163,華電網,613,76,537,台新-台南,2024-05-28,8159
8110,華東,176,3,173,台新-台南,2024-05-28,8159
00946,群益科技高息成長,134,2,132,台新-台南,2024-05-28,8159
6188,廣明,156,30,126,台新-台南,2024-05-28,8159
2401,凌陽,382,264,118,台新-台南,2024-05-28,8159
00712,復華富時不動產,131,22,109,台新-台南,2024-05-28,8159
00915,凱基優選高股息30,106,4,102,台新-台南,2024-05-28,8159
00937B,群益ESG投等債20,213,117,96,台新-台南,2024-05-28,8159
00679B,元大美債20年,95,11,84,台新-台南,2024-05-28,8159
00940,元大台灣價值高息,136,74,62,台新-台南,2024-05-28,8159
5498,凱崴,67,8,59,台新-台南,2024-05-28,8159
00687B,國泰20年美債,65,11,54,台新-台南,2024-05-28,8159
00680L,元大美債20正2,51,0,51,台新-台南,2024-05-28,8159
5608,四維航,104,54,50,台新-台南,2024-05-28,8159
2891,中信金,60,18,42,台新-台南,2024-05-28,8159
3673,TPK-KY,43,2,41,台新-台南,2024-05-28,8159
2363,矽統,162,122,40,台新-台南,2024-05-28,8159
2025,千興,48,8,40,台新-台南,2024-05-28,8159
2241,艾姆勒,50,10,40,台新-台南,2024-05-28,8159
2888,新光金,50,11,39,台新-台南,2024-05-28,8159
5353,台林,38,0,38,台新-台南,2024-05-28,8159
2464,盟立,217,181,36,台新-台南,2024-05-28,8159
00632R,元大台灣50反1,60,25,35,台新-台南,2024-05-28,8159
4967,十銓,49,14,35,台新-台南,2024-05-28,8159
3231,緯創,222,187,35,台新-台南,2024-05-28,8159
00942B,台新美A公司債20+,34,0,34,台新-台南,2024-05-28,8159
2301,光寶科,74,40,34,台新-台南,2024-05-28,8159
4532,瑞智,41,8,33,台新-台南,2024-05-28,8159
3466,德晉,76,43,33,台新-台南,2024-05-28,8159
3163,波若威,39,7,32,台新-台南,2024-05-28,8159
3576,聯合再生,29,0,29,台新-台南,2024-05-28,8159
3712,永崴投控,83,55,28,台新-台南,2024-05-28,8159
6215,和椿,83,55,28,台新-台南,2024-05-28,8159
00772B,中信高評級公司債,29,1,28,台新-台南,2024-05-28,8159
2885,元大金,30,3,27,台新-台南,2024-05-28,8159
2615,萬海,43,16,27,台新-台南,2024-05-28,8159
2303,聯電,67,40,27,台新-台南,2024-05-28,8159
6206,飛捷,23,0,23,台新-台南,2024-05-28,8159
8028,昇陽半導體,46,24,22,台新-台南,2024-05-28,8159
5210,寶碩,24,2,22,台新-台南,2024-05-28,8159
5371,中光電,43,21,22,台新-台南,2024-05-28,8159
00852L,國泰美國道瓊正2,21,0,21,台新-台南,2024-05-28,8159
2609,陽明,66,46,20,台新-台南,2024-05-28,8159
2618,長榮航,346,326,20,台新-台南,2024-05-28,8159
2317,鴻海,55,36,19,台新-台南,2024-05-28,8159
00941,中信上游半導體,29,10,19,台新-台南,2024-05-28,8159
3260,威剛,23,4,19,台新-台南,2024-05-28,8159
6243,迅杰,23,5,18,台新-台南,2024-05-28,8159
2354,鴻準,232,214,18,台新-台南,2024-05-28,8159
00937B,群益ESG投等債20,1308,112,1196,台新-台南,2024-05-29,8159
00929,復華台灣科技優息,383,115,268,台新-台南,2024-05-29,8159
2867,三商壽,534,266,268,台新-台南,2024-05-29,8159
00679B,元大美債20年,270,54,216,台新-台南,2024-05-29,8159
2303,聯電,235,44,191,台新-台南,2024-05-29,8159
6163,華電網,171,8,163,台新-台南,2024-05-29,8159
00665L,富邦�琤肭磪囓�2,176,35,141,台新-台南,2024-05-29,8159
00915,凱基優選高股息30,117,0,117,台新-台南,2024-05-29,8159
00942B,台新美A公司債20+,117,0,117,台新-台南,2024-05-29,8159
9945,潤泰新,117,4,113,台新-台南,2024-05-29,8159
3042,晶技,108,1,107,台新-台南,2024-05-29,8159
00688L,國泰20年美債正2,106,0,106,台新-台南,2024-05-29,8159
00878,國泰永續高股息,109,9,100,台新-台南,2024-05-29,8159
9907,統一實,99,2,97,台新-台南,2024-05-29,8159
00712,復華富時不動產,95,1,94,台新-台南,2024-05-29,8159
6126,信音,119,28,91,台新-台南,2024-05-29,8159
1101,台泥,90,7,83,台新-台南,2024-05-29,8159
00940,元大台灣價值高息,124,45,79,台新-台南,2024-05-29,8159
3466,德晉,93,14,79,台新-台南,2024-05-29,8159
2887,台新金,126,53,73,台新-台南,2024-05-29,8159
2353,宏��,150,85,65,台新-台南,2024-05-29,8159
2886,兆豐金,63,0,63,台新-台南,2024-05-29,8159
2883,凱基金,96,33,63,台新-台南,2024-05-29,8159
00946,群益科技高息成長,56,0,56,台新-台南,2024-05-29,8159
2409,友達,63,11,52,台新-台南,2024-05-29,8159
00795B,中信美國公債20年,51,0,51,台新-台南,2024-05-29,8159
2301,光寶科,80,29,51,台新-台南,2024-05-29,8159
00673R,期元大S＆P原油反1,50,0,50,台新-台南,2024-05-29,8159
2882,國泰金,51,3,48,台新-台南,2024-05-29,8159
2317,鴻海,66,19,47,台新-台南,2024-05-29,8159
1524,耿鼎,78,33,45,台新-台南,2024-05-29,8159
3033,威健,47,2,45,台新-台南,2024-05-29,8159
00933B,國泰10Y+金融債,44,0,44,台新-台南,2024-05-29,8159
2884,玉山金,46,4,42,台新-台南,2024-05-29,8159
1434,福懋,42,0,42,台新-台南,2024-05-29,8159
3380,明泰,76,34,42,台新-台南,2024-05-29,8159
2489,瑞軒,297,255,42,台新-台南,2024-05-29,8159
1905,華紙,40,1,39,台新-台南,2024-05-29,8159
8096,擎亞,129,91,38,台新-台南,2024-05-29,8159
3546,宇峻,161,128,33,台新-台南,2024-05-29,8159
3576,聯合再生,44,12,32,台新-台南,2024-05-29,8159
6213,聯茂,33,3,30,台新-台南,2024-05-29,8159
5371,中光電,40,10,30,台新-台南,2024-05-29,8159
1603,華電,30,1,29,台新-台南,2024-05-29,8159
4714,永捷,52,25,27,台新-台南,2024-05-29,8159
1309,台達化,27,0,27,台新-台南,2024-05-29,8159
1216,統一,26,0,26,台新-台南,2024-05-29,8159
2367,燿華,83,57,26,台新-台南,2024-05-29,8159
3481,群創,31,6,25,台新-台南,2024-05-29,8159
2615,萬海,29,4,25,台新-台南,2024-05-29,8159
00937B,群益ESG投等債20,649,7,642,台新-台南,2024-05-30,8159
00688L,國泰20年美債正2,335,0,335,台新-台南,2024-05-30,8159
00680L,元大美債20正2,325,3,322,台新-台南,2024-05-30,8159
2897,王道銀行,250,0,250,台新-台南,2024-05-30,8159
6163,華電網,244,0,244,台新-台南,2024-05-30,8159
00929,復華台灣科技優息,315,91,224,台新-台南,2024-05-30,8159
00940,元大台灣價值高息,152,27,125,台新-台南,2024-05-30,8159
2618,長榮航,185,69,116,台新-台南,2024-05-30,8159
1905,華紙,96,1,95,台新-台南,2024-05-30,8159
2801,彰銀,109,17,92,台新-台南,2024-05-30,8159
00665L,富邦�琤肭磪囓�2,97,17,80,台新-台南,2024-05-30,8159
8105,凌巨,164,85,79,台新-台南,2024-05-30,8159
2002,中鋼,74,0,74,台新-台南,2024-05-30,8159
5905,南仁湖,70,0,70,台新-台南,2024-05-30,8159
1529,樂事綠能,71,1,70,台新-台南,2024-05-30,8159
00687B,國泰20年美債,91,25,66,台新-台南,2024-05-30,8159
9945,潤泰新,69,8,61,台新-台南,2024-05-30,8159
00919,群益台灣精選高息,71,13,58,台新-台南,2024-05-30,8159
2354,鴻準,109,51,58,台新-台南,2024-05-30,8159
00946,群益科技高息成長,58,4,54,台新-台南,2024-05-30,8159
2317,鴻海,79,26,53,台新-台南,2024-05-30,8159
00878,國泰永續高股息,106,55,51,台新-台南,2024-05-30,8159
1201,味全,50,0,50,台新-台南,2024-05-30,8159
2313,華通,51,5,46,台新-台南,2024-05-30,8159
2344,華邦電,49,3,46,台新-台南,2024-05-30,8159
5498,凱崴,49,4,45,台新-台南,2024-05-30,8159
2834,臺企銀,49,5,44,台新-台南,2024-05-30,8159
5469,瀚宇博,47,3,44,台新-台南,2024-05-30,8159
2401,凌陽,78,37,41,台新-台南,2024-05-30,8159
00676R,富邦臺灣加權反1,50,10,40,台新-台南,2024-05-30,8159
2883,凱基金,57,17,40,台新-台南,2024-05-30,8159
00857B,永豐20年美公債,38,0,38,台新-台南,2024-05-30,8159
00637L,元大滬深300正2,40,2,38,台新-台南,2024-05-30,8159
4564,元翎,37,0,37,台新-台南,2024-05-30,8159
4562,穎漢,86,49,37,台新-台南,2024-05-30,8159
2405,輔信,61,25,36,台新-台南,2024-05-30,8159
1303,南亞,37,1,36,台新-台南,2024-05-30,8159
2324,仁寶,38,3,35,台新-台南,2024-05-30,8159
00679B,元大美債20年,142,107,35,台新-台南,2024-05-30,8159
00915,凱基優選高股息30,55,21,34,台新-台南,2024-05-30,8159
1101,台泥,42,8,34,台新-台南,2024-05-30,8159
6213,聯茂,33,1,32,台新-台南,2024-05-30,8159
1447,力鵬,32,0,32,台新-台南,2024-05-30,8159
5880,合庫金,38,7,31,台新-台南,2024-05-30,8159
00650L,復華香港正2,35,4,31,台新-台南,2024-05-30,8159
9951,皇田,30,0,30,台新-台南,2024-05-30,8159
2301,光寶科,45,16,29,台新-台南,2024-05-30,8159
6548,長科*,76,47,29,台新-台南,2024-05-30,8159
4533,協易機,91,62,29,台新-台南,2024-05-30,8159
8054,安國,74,46,28,台新-台南,2024-05-30,8159
2609,陽明,476,260,216,台新-台南,2024-05-31,8159
2317,鴻海,374,183,191,台新-台南,2024-05-31,8159
00715L,期街口布蘭特正2,185,0,185,台新-台南,2024-05-31,8159
00929,復華台灣科技優息,235,50,185,台新-台南,2024-05-31,8159
00946,群益科技高息成長,177,6,171,台新-台南,2024-05-31,8159
2618,長榮航,204,67,137,台新-台南,2024-05-31,8159
2354,鴻準,343,216,127,台新-台南,2024-05-31,8159
00919,群益台灣精選高息,140,21,119,台新-台南,2024-05-31,8159
3231,緯創,129,11,118,台新-台南,2024-05-31,8159
2801,彰銀,105,0,105,台新-台南,2024-05-31,8159
00937B,群益ESG投等債20,135,40,95,台新-台南,2024-05-31,8159
2353,宏��,120,25,95,台新-台南,2024-05-31,8159
5608,四維航,118,30,88,台新-台南,2024-05-31,8159
6552,易華電,81,1,80,台新-台南,2024-05-31,8159
2401,凌陽,108,29,79,台新-台南,2024-05-31,8159
1434,福懋,75,0,75,台新-台南,2024-05-31,8159
2002,中鋼,76,1,75,台新-台南,2024-05-31,8159
2356,英業達,78,14,64,台新-台南,2024-05-31,8159
00878,國泰永續高股息,75,13,62,台新-台南,2024-05-31,8159
2382,廣達,62,13,49,台新-台南,2024-05-31,8159
3030,德律,50,2,48,台新-台南,2024-05-31,8159
3013,晟銘電,118,74,44,台新-台南,2024-05-31,8159
00918,大華優利高填息30,49,7,42,台新-台南,2024-05-31,8159
2330,台積電,41,1,40,台新-台南,2024-05-31,8159
1815,富喬,350,312,38,台新-台南,2024-05-31,8159
00939,統一台灣高息動能,42,6,36,台新-台南,2024-05-31,8159
3702,大聯大,34,1,33,台新-台南,2024-05-31,8159
00936,台新永續高息中小,95,62,33,台新-台南,2024-05-31,8159
8039,台虹,36,4,32,台新-台南,2024-05-31,8159
5905,南仁湖,30,0,30,台新-台南,2024-05-31,8159
1201,味全,30,0,30,台新-台南,2024-05-31,8159
4967,十銓,54,25,29,台新-台南,2024-05-31,8159
2344,華邦電,29,2,27,台新-台南,2024-05-31,8159
3047,訊舟,40,14,26,台新-台南,2024-05-31,8159
5880,合庫金,26,1,25,台新-台南,2024-05-31,8159
5351,鈺創,27,2,25,台新-台南,2024-05-31,8159
6182,合晶,23,0,23,台新-台南,2024-05-31,8159
2851,中再保,22,0,22,台新-台南,2024-05-31,8159
6140,訊達,58,36,22,台新-台南,2024-05-31,8159
2615,萬海,28,7,21,台新-台南,2024-05-31,8159
6213,聯茂,24,3,21,台新-台南,2024-05-31,8159
6187,萬潤,29,9,20,台新-台南,2024-05-31,8159
3339,泰谷,25,5,20,台新-台南,2024-05-31,8159
00679B,元大美債20年,22,2,20,台新-台南,2024-05-31,8159
5519,隆大,25,5,20,台新-台南,2024-05-31,8159
5014,建錩,20,0,20,台新-台南,2024-05-31,8159
5498,凱崴,21,1,20,台新-台南,2024-05-31,8159
2375,凱美,23,3,20,台新-台南,2024-05-31,8159
6698,旭暉應材,30,10,20,台新-台南,2024-05-31,8159
9951,皇田,20,0,20,台新-台南,2024-05-31,8159
00918,大華優利高填息30,369,6,363,台新-台南,2024-06-03,8159
2618,長榮航,457,113,344,台新-台南,2024-06-03,8159
00715L,期街口布蘭特正2,212,18,194,台新-台南,2024-06-03,8159
00712,復華富時不動產,208,36,172,台新-台南,2024-06-03,8159
3481,群創,179,12,167,台新-台南,2024-06-03,8159
00919,群益台灣精選高息,220,68,152,台新-台南,2024-06-03,8159
2006,東和鋼鐵,137,0,137,台新-台南,2024-06-03,8159
2324,仁寶,171,35,136,台新-台南,2024-06-03,8159
2605,新興,165,29,136,台新-台南,2024-06-03,8159
2867,三商壽,337,206,131,台新-台南,2024-06-03,8159
2337,旺宏,128,0,128,台新-台南,2024-06-03,8159
00664R,國泰臺灣加權反1,120,0,120,台新-台南,2024-06-03,8159
00946,群益科技高息成長,120,1,119,台新-台南,2024-06-03,8159
2543,皇昌,102,4,98,台新-台南,2024-06-03,8159
00632R,元大台灣50反1,134,40,94,台新-台南,2024-06-03,8159
00929,復華台灣科技優息,127,38,89,台新-台南,2024-06-03,8159
2610,華航,128,42,86,台新-台南,2024-06-03,8159
6163,華電網,119,38,81,台新-台南,2024-06-03,8159
2312,金寶,105,29,76,台新-台南,2024-06-03,8159
2489,瑞軒,84,8,76,台新-台南,2024-06-03,8159
2641,正德,85,11,74,台新-台南,2024-06-03,8159
6770,力積電,84,14,70,台新-台南,2024-06-03,8159
2880,華南金,73,3,70,台新-台南,2024-06-03,8159
2464,盟立,261,201,60,台新-台南,2024-06-03,8159
2356,英業達,112,53,59,台新-台南,2024-06-03,8159
2353,宏��,153,98,55,台新-台南,2024-06-03,8159
2014,中鴻,55,0,55,台新-台南,2024-06-03,8159
3450,聯鈞,49,5,44,台新-台南,2024-06-03,8159
1608,華榮,43,0,43,台新-台南,2024-06-03,8159
2303,聯電,62,20,42,台新-台南,2024-06-03,8159
3059,華晶科,169,130,39,台新-台南,2024-06-03,8159
4967,十銓,87,48,39,台新-台南,2024-06-03,8159
1314,中石化,38,2,36,台新-台南,2024-06-03,8159
8039,台虹,40,5,35,台新-台南,2024-06-03,8159
6120,達運,36,1,35,台新-台南,2024-06-03,8159
2317,鴻海,84,49,35,台新-台南,2024-06-03,8159
4533,協易機,212,179,33,台新-台南,2024-06-03,8159
00676R,富邦臺灣加權反1,30,0,30,台新-台南,2024-06-03,8159
3191,雲嘉南,28,0,28,台新-台南,2024-06-03,8159
3081,聯亞,30,2,28,台新-台南,2024-06-03,8159
00665L,富邦�琤肭磪囓�2,52,25,27,台新-台南,2024-06-03,8159
1815,富喬,136,109,27,台新-台南,2024-06-03,8159
5243,乙盛-KY,26,1,25,台新-台南,2024-06-03,8159
1301,台塑,26,1,25,台新-台南,2024-06-03,8159
2313,華通,27,2,25,台新-台南,2024-06-03,8159
1785,光洋科,61,37,24,台新-台南,2024-06-03,8159
00662,富邦NASDAQ,23,0,23,台新-台南,2024-06-03,8159
2449,京元電子,41,18,23,台新-台南,2024-06-03,8159
3189,景碩,22,0,22,台新-台南,2024-06-03,8159
2301,光寶科,28,7,21,台新-台南,2024-06-03,8159
6163,華電網,621,220,401,台新-台南,2024-06-04,8159
00919,群益台灣精選高息,382,28,354,台新-台南,2024-06-04,8159
00715L,期街口布蘭特正2,268,5,263,台新-台南,2024-06-04,8159
2312,金寶,388,190,198,台新-台南,2024-06-04,8159
00936,台新永續高息中小,294,110,184,台新-台南,2024-06-04,8159
00918,大華優利高填息30,169,0,169,台新-台南,2024-06-04,8159
00680L,元大美債20正2,255,104,151,台新-台南,2024-06-04,8159
2344,華邦電,141,4,137,台新-台南,2024-06-04,8159
1802,台玻,199,81,118,台新-台南,2024-06-04,8159
00878,國泰永續高股息,175,58,117,台新-台南,2024-06-04,8159
3481,群創,170,63,107,台新-台南,2024-06-04,8159
00940,元大台灣價值高息,148,52,96,台新-台南,2024-06-04,8159
2897,王道銀行,100,5,95,台新-台南,2024-06-04,8159
2801,彰銀,84,0,84,台新-台南,2024-06-04,8159
00929,復華台灣科技優息,264,181,83,台新-台南,2024-06-04,8159
2610,華航,92,13,79,台新-台南,2024-06-04,8159
6125,廣運,225,151,74,台新-台南,2024-06-04,8159
00942B,台新美A公司債20+,205,136,69,台新-台南,2024-06-04,8159
2317,鴻海,121,64,57,台新-台南,2024-06-04,8159
2888,新光金,271,214,57,台新-台南,2024-06-04,8159
2409,友達,56,0,56,台新-台南,2024-06-04,8159
3305,昇貿,56,0,56,台新-台南,2024-06-04,8159
2489,瑞軒,76,21,55,台新-台南,2024-06-04,8159
3030,德律,63,9,54,台新-台南,2024-06-04,8159
00713,元大台灣高息低波,52,0,52,台新-台南,2024-06-04,8159
0056,元大高股息,53,2,51,台新-台南,2024-06-04,8159
6770,力積電,50,1,49,台新-台南,2024-06-04,8159
6213,聯茂,51,3,48,台新-台南,2024-06-04,8159
2331,精英,180,134,46,台新-台南,2024-06-04,8159
2002,中鋼,57,11,46,台新-台南,2024-06-04,8159
00688L,國泰20年美債正2,100,55,45,台新-台南,2024-06-04,8159
2436,偉詮電,44,0,44,台新-台南,2024-06-04,8159
3037,欣興,48,4,44,台新-台南,2024-06-04,8159
4564,元翎,50,7,43,台新-台南,2024-06-04,8159
2495,普安,143,100,43,台新-台南,2024-06-04,8159
2892,第一金,41,0,41,台新-台南,2024-06-04,8159
00679B,元大美債20年,69,29,40,台新-台南,2024-06-04,8159
4566,時碩工業,83,44,39,台新-台南,2024-06-04,8159
1524,耿鼎,119,80,39,台新-台南,2024-06-04,8159
5426,振發,54,16,38,台新-台南,2024-06-04,8159
8936,國統,35,0,35,台新-台南,2024-06-04,8159
2488,漢平,35,0,35,台新-台南,2024-06-04,8159
2464,盟立,121,87,34,台新-台南,2024-06-04,8159
1612,宏泰,34,0,34,台新-台南,2024-06-04,8159
1303,南亞,34,0,34,台新-台南,2024-06-04,8159
5371,中光電,38,4,34,台新-台南,2024-06-04,8159
2486,一詮,73,42,31,台新-台南,2024-06-04,8159
1609,大亞,52,23,29,台新-台南,2024-06-04,8159
5880,合庫金,28,0,28,台新-台南,2024-06-04,8159
6166,凌華,26,1,25,台新-台南,2024-06-04,8159
6163,華電網,342,15,327,台新-台南,2024-06-05,8159
00929,復華台灣科技優息,313,53,260,台新-台南,2024-06-05,8159
00878,國泰永續高股息,249,25,224,台新-台南,2024-06-05,8159
00936,台新永續高息中小,165,28,137,台新-台南,2024-06-05,8159
00715L,期街口布蘭特正2,130,0,130,台新-台南,2024-06-05,8159
6185,幃翔,116,0,116,台新-台南,2024-06-05,8159
00918,大華優利高填息30,95,2,93,台新-台南,2024-06-05,8159
2353,宏��,193,110,83,台新-台南,2024-06-05,8159
2489,瑞軒,96,14,82,台新-台南,2024-06-05,8159
1455,集盛,75,1,74,台新-台南,2024-06-05,8159
6546,正基,78,7,71,台新-台南,2024-06-05,8159
5905,南仁湖,70,0,70,台新-台南,2024-06-05,8159
8039,台虹,69,3,66,台新-台南,2024-06-05,8159
00935,野村臺灣新科技50,62,2,60,台新-台南,2024-06-05,8159
00941,中信上游半導體,60,6,54,台新-台南,2024-06-05,8159
1608,華榮,53,0,53,台新-台南,2024-06-05,8159
2897,王道銀行,51,0,51,台新-台南,2024-06-05,8159
2344,華邦電,57,7,50,台新-台南,2024-06-05,8159
3290,東浦,50,0,50,台新-台南,2024-06-05,8159
2002,中鋼,56,8,48,台新-台南,2024-06-05,8159
2354,鴻準,123,78,45,台新-台南,2024-06-05,8159
4566,時碩工業,79,36,43,台新-台南,2024-06-05,8159
00632R,元大台灣50反1,82,39,43,台新-台南,2024-06-05,8159
00679B,元大美債20年,58,15,43,台新-台南,2024-06-05,8159
3481,群創,43,1,42,台新-台南,2024-06-05,8159
3213,茂訊,42,1,41,台新-台南,2024-06-05,8159
2317,鴻海,167,127,40,台新-台南,2024-06-05,8159
4967,十銓,60,21,39,台新-台南,2024-06-05,8159
8096,擎亞,166,127,39,台新-台南,2024-06-05,8159
00919,群益台灣精選高息,46,7,39,台新-台南,2024-06-05,8159
6125,廣運,157,121,36,台新-台南,2024-06-05,8159
2105,正新,63,26,37,台新-台南,2024-06-05,8159
1616,億泰,32,0,32,台新-台南,2024-06-05,8159
2101,南港,96,64,32,台新-台南,2024-06-05,8159
1785,光洋科,40,9,31,台新-台南,2024-06-05,8159
2855,統一證,35,4,31,台新-台南,2024-06-05,8159
2455,全新,30,0,30,台新-台南,2024-06-05,8159
5498,凱崴,30,1,29,台新-台南,2024-06-05,8159
8046,南電,30,1,29,台新-台南,2024-06-05,8159
00713,元大台灣高息低波,28,0,28,台新-台南,2024-06-05,8159
0056,元大高股息,34,6,28,台新-台南,2024-06-05,8159
6213,聯茂,28,0,28,台新-台南,2024-06-05,8159
6116,彩晶,27,0,27,台新-台南,2024-06-05,8159
2324,仁寶,37,13,24,台新-台南,2024-06-05,8159
2501,國建,34,12,22,台新-台南,2024-06-05,8159
1717,長興,23,2,21,台新-台南,2024-06-05,8159
00696B,富邦美債20年,20,0,20,台新-台南,2024-06-05,8159
4564,元翎,20,0,20,台新-台南,2024-06-05,8159
2313,華通,19,0,19,台新-台南,2024-06-05,8159
4123,晟德,60,41,19,台新-台南,2024-06-05,8159
00632R,元大台灣50反1,715,116,599,台新-台南,2024-06-06,8159
2897,王道銀行,300,5,295,台新-台南,2024-06-06,8159
00929,復華台灣科技優息,206,30,176,台新-台南,2024-06-06,8159
2317,鴻海,458,284,174,台新-台南,2024-06-06,8159
3321,同泰,163,13,150,台新-台南,2024-06-06,8159
4967,十銓,204,64,140,台新-台南,2024-06-06,8159
00688L,國泰20年美債正2,666,537,129,台新-台南,2024-06-06,8159
1440,南紡,103,3,100,台新-台南,2024-06-06,8159
1326,台化,94,1,93,台新-台南,2024-06-06,8159
5608,四維航,179,86,93,台新-台南,2024-06-06,8159
4564,元翎,90,0,90,台新-台南,2024-06-06,8159
6185,幃翔,85,0,85,台新-台南,2024-06-06,8159
8064,東捷,88,7,81,台新-台南,2024-06-06,8159
2354,鴻準,208,128,80,台新-台南,2024-06-06,8159
00665L,富邦�琤肭磪囓�2,166,95,71,台新-台南,2024-06-06,8159
3290,東浦,70,0,70,台新-台南,2024-06-06,8159
2002,中鋼,72,3,69,台新-台南,2024-06-06,8159
9907,統一實,68,0,68,台新-台南,2024-06-06,8159
1314,中石化,60,5,55,台新-台南,2024-06-06,8159
2034,允強,46,0,46,台新-台南,2024-06-06,8159
1815,富喬,211,166,45,台新-台南,2024-06-06,8159
3289,宜特,44,2,42,台新-台南,2024-06-06,8159
00664R,國泰臺灣加權反1,60,20,40,台新-台南,2024-06-06,8159
6125,廣運,107,68,39,台新-台南,2024-06-06,8159
00687B,國泰20年美債,56,17,39,台新-台南,2024-06-06,8159
1522,堤維西,83,44,39,台新-台南,2024-06-06,8159
2603,長榮,96,59,37,台新-台南,2024-06-06,8159
2101,南港,143,110,33,台新-台南,2024-06-06,8159
3024,憶聲,33,1,32,台新-台南,2024-06-06,8159
2337,旺宏,31,0,31,台新-台南,2024-06-06,8159
2365,昆盈,31,0,31,台新-台南,2024-06-06,8159
2545,皇翔,30,0,30,台新-台南,2024-06-06,8159
3481,群創,56,27,29,台新-台南,2024-06-06,8159
5009,榮剛,50,21,29,台新-台南,2024-06-06,8159
00882,中信中國高股息,27,0,27,台新-台南,2024-06-06,8159
2392,正崴,27,1,26,台新-台南,2024-06-06,8159
8046,南電,25,0,25,台新-台南,2024-06-06,8159
3576,聯合再生,26,2,24,台新-台南,2024-06-06,8159
5880,合庫金,23,0,23,台新-台南,2024-06-06,8159
00918,大華優利高填息30,23,0,23,台新-台南,2024-06-06,8159
6213,聯茂,46,23,23,台新-台南,2024-06-06,8159
2382,廣達,30,8,22,台新-台南,2024-06-06,8159
00933B,國泰10Y+金融債,27,6,21,台新-台南,2024-06-06,8159
1464,得力,22,1,21,台新-台南,2024-06-06,8159
6207,雷科,44,23,21,台新-台南,2024-06-06,8159
4961,天鈺,20,0,20,台新-台南,2024-06-06,8159
00676R,富邦臺灣加權反1,70,50,20,台新-台南,2024-06-06,8159
2637,慧洋-KY,37,17,20,台新-台南,2024-06-06,8159
2355,敬鵬,20,0,20,台新-台南,2024-06-06,8159
4432,銘旺實,20,0,20,台新-台南,2024-06-06,8159
2520,冠德,640,27,613,台新-台南,2024-06-07,8159
2883,凱基金,692,114,578,台新-台南,2024-06-07,8159
00936,台新永續高息中小,365,3,362,台新-台南,2024-06-07,8159
2888,新光金,386,119,267,台新-台南,2024-06-07,8159
00929,復華台灣科技優息,325,72,253,台新-台南,2024-06-07,8159
00680L,元大美債20正2,248,18,230,台新-台南,2024-06-07,8159
2312,金寶,283,56,227,台新-台南,2024-06-07,8159
5508,永信建,142,3,139,台新-台南,2024-06-07,8159
00688L,國泰20年美債正2,130,30,100,台新-台南,2024-06-07,8159
00632R,元大台灣50反1,100,0,100,台新-台南,2024-06-07,8159
2611,志信,97,8,89,台新-台南,2024-06-07,8159
00679B,元大美債20年,98,19,79,台新-台南,2024-06-07,8159
1447,力鵬,78,2,76,台新-台南,2024-06-07,8159
3231,緯創,102,31,71,台新-台南,2024-06-07,8159
1314,中石化,153,93,60,台新-台南,2024-06-07,8159
00918,大華優利高填息30,67,11,56,台新-台南,2024-06-07,8159
2615,萬海,284,232,52,台新-台南,2024-06-07,8159
1795,美時,51,0,51,台新-台南,2024-06-07,8159
3290,東浦,50,0,50,台新-台南,2024-06-07,8159
2356,英業達,45,0,45,台新-台南,2024-06-07,8159
2351,順德,58,14,44,台新-台南,2024-06-07,8159
2367,燿華,99,59,40,台新-台南,2024-06-07,8159
3030,德律,40,5,35,台新-台南,2024-06-07,8159
2515,中工,147,113,34,台新-台南,2024-06-07,8159
2317,鴻海,46,13,33,台新-台南,2024-06-07,8159
00939,統一台灣高息動能,47,15,32,台新-台南,2024-06-07,8159
2851,中再保,33,2,31,台新-台南,2024-06-07,8159
1303,南亞,29,1,28,台新-台南,2024-06-07,8159
2489,瑞軒,43,16,27,台新-台南,2024-06-07,8159
2330,台積電,31,5,26,台新-台南,2024-06-07,8159
2461,光群雷,27,2,25,台新-台南,2024-06-07,8159
00878,國泰永續高股息,40,15,25,台新-台南,2024-06-07,8159
2002,中鋼,43,19,24,台新-台南,2024-06-07,8159
2324,仁寶,39,15,24,台新-台南,2024-06-07,8159
00942B,台新美A公司債20+,24,0,24,台新-台南,2024-06-07,8159
5302,太欣,25,1,24,台新-台南,2024-06-07,8159
3481,群創,169,145,24,台新-台南,2024-06-07,8159
00751B,元大AAA至A公司債,25,2,23,台新-台南,2024-06-07,8159
2105,正新,23,0,23,台新-台南,2024-06-07,8159
1603,華電,26,4,22,台新-台南,2024-06-07,8159
6206,飛捷,24,3,21,台新-台南,2024-06-07,8159
2354,鴻準,61,41,20,台新-台南,2024-06-07,8159
6505,台塑化,20,0,20,台新-台南,2024-06-07,8159
4906,正文,25,5,20,台新-台南,2024-06-07,8159
1414,東和,44,24,20,台新-台南,2024-06-07,8159
6609,瀧澤科,19,0,19,台新-台南,2024-06-07,8159
8103,瀚荃,26,7,19,台新-台南,2024-06-07,8159
8033,雷虎,21,3,18,台新-台南,2024-06-07,8159
3450,聯鈞,46,28,18,台新-台南,2024-06-07,8159
8086,宏捷科,17,0,17,台新-台南,2024-06-07,8159
00680L,元大美債20正2,362,20,342,台新-台南,2024-06-11,8159
00929,復華台灣科技優息,355,26,329,台新-台南,2024-06-11,8159
00919,群益台灣精選高息,358,44,314,台新-台南,2024-06-11,8159
2520,冠德,308,6,302,台新-台南,2024-06-11,8159
00679B,元大美債20年,280,11,269,台新-台南,2024-06-11,8159
00687B,國泰20年美債,303,43,260,台新-台南,2024-06-11,8159
00918,大華優利高填息30,287,34,253,台新-台南,2024-06-11,8159
00688L,國泰20年美債正2,255,15,240,台新-台南,2024-06-11,8159
00937B,群益ESG投等債20,240,87,153,台新-台南,2024-06-11,8159
4967,十銓,153,25,128,台新-台南,2024-06-11,8159
00942B,台新美A公司債20+,135,12,123,台新-台南,2024-06-11,8159
00764B,群益25年美債,121,0,121,台新-台南,2024-06-11,8159
2371,大同,126,10,116,台新-台南,2024-06-11,8159
2888,新光金,144,30,114,台新-台南,2024-06-11,8159
2851,中再保,103,0,103,台新-台南,2024-06-11,8159
1609,大亞,162,63,99,台新-台南,2024-06-11,8159
2204,中華,92,1,91,台新-台南,2024-06-11,8159
00878,國泰永續高股息,88,5,83,台新-台南,2024-06-11,8159
00712,復華富時不動產,82,0,82,台新-台南,2024-06-11,8159
2615,萬海,353,273,80,台新-台南,2024-06-11,8159
2613,中櫃,150,76,74,台新-台南,2024-06-11,8159
1603,華電,72,4,68,台新-台南,2024-06-11,8159
3481,群創,67,1,66,台新-台南,2024-06-11,8159
2002,中鋼,87,26,61,台新-台南,2024-06-11,8159
5608,四維航,127,69,58,台新-台南,2024-06-11,8159
2344,華邦電,60,3,57,台新-台南,2024-06-11,8159
6167,久正,55,0,55,台新-台南,2024-06-11,8159
2352,佳世達,56,3,53,台新-台南,2024-06-11,8159
3231,緯創,69,16,53,台新-台南,2024-06-11,8159
00673R,期元大S＆P原油反1,50,0,50,台新-台南,2024-06-11,8159
4564,元翎,50,0,50,台新-台南,2024-06-11,8159
3013,晟銘電,58,9,49,台新-台南,2024-06-11,8159
00632R,元大台灣50反1,60,12,48,台新-台南,2024-06-11,8159
8103,瀚荃,48,0,48,台新-台南,2024-06-11,8159
1513,中興電,75,27,48,台新-台南,2024-06-11,8159
2356,英業達,85,38,47,台新-台南,2024-06-11,8159
00882,中信中國高股息,60,14,46,台新-台南,2024-06-11,8159
2882,國泰金,49,3,46,台新-台南,2024-06-11,8159
2515,中工,110,66,44,台新-台南,2024-06-11,8159
1447,力鵬,40,2,38,台新-台南,2024-06-11,8159
2545,皇翔,38,0,38,台新-台南,2024-06-11,8159
5488,松普,35,0,35,台新-台南,2024-06-11,8159
2388,威盛,41,7,34,台新-台南,2024-06-11,8159
9945,潤泰新,47,14,33,台新-台南,2024-06-11,8159
1314,中石化,43,10,33,台新-台南,2024-06-11,8159
2374,佳能,65,33,32,台新-台南,2024-06-11,8159
00751B,元大AAA至A公司債,38,6,32,台新-台南,2024-06-11,8159
6185,幃翔,32,0,32,台新-台南,2024-06-11,8159
2834,臺企銀,37,5,32,台新-台南,2024-06-11,8159
2801,彰銀,31,0,31,台新-台南,2024-06-11,8159
00664R,國泰臺灣加權反1,520,20,500,台新-台南,2024-06-12,8159
00929,復華台灣科技優息,330,25,305,台新-台南,2024-06-12,8159
3481,群創,291,25,266,台新-台南,2024-06-12,8159
00679B,元大美債20年,233,15,218,台新-台南,2024-06-12,8159
00712,復華富時不動產,161,0,161,台新-台南,2024-06-12,8159
00795B,中信美國公債20年,153,5,148,台新-台南,2024-06-12,8159
4306,炎洲,180,37,143,台新-台南,2024-06-12,8159
00632R,元大台灣50反1,168,50,118,台新-台南,2024-06-12,8159
00919,群益台灣精選高息,163,49,114,台新-台南,2024-06-12,8159
5608,四維航,116,5,111,台新-台南,2024-06-12,8159
00676R,富邦臺灣加權反1,100,0,100,台新-台南,2024-06-12,8159
3290,東浦,100,0,100,台新-台南,2024-06-12,8159
00942B,台新美A公司債20+,237,145,92,台新-台南,2024-06-12,8159
00948B,中信優息投資級債,88,0,88,台新-台南,2024-06-12,8159
2204,中華,77,0,77,台新-台南,2024-06-12,8159
2409,友達,78,2,76,台新-台南,2024-06-12,8159
0056,元大高股息,84,9,75,台新-台南,2024-06-12,8159
2609,陽明,667,605,62,台新-台南,2024-06-12,8159
2851,中再保,63,1,62,台新-台南,2024-06-12,8159
00918,大華優利高填息30,60,0,60,台新-台南,2024-06-12,8159
2352,佳世達,62,8,54,台新-台南,2024-06-12,8159
6185,幃翔,54,0,54,台新-台南,2024-06-12,8159
1503,士電,56,3,53,台新-台南,2024-06-12,8159
2867,三商壽,69,16,53,台新-台南,2024-06-12,8159
2206,三陽工業,56,3,53,台新-台南,2024-06-12,8159
1815,富喬,146,94,52,台新-台南,2024-06-12,8159
2101,南港,53,1,52,台新-台南,2024-06-12,8159
00673R,期元大S＆P原油反1,50,0,50,台新-台南,2024-06-12,8159
2501,國建,57,9,48,台新-台南,2024-06-12,8159
2374,佳能,64,17,47,台新-台南,2024-06-12,8159
1447,力鵬,161,115,46,台新-台南,2024-06-12,8159
4564,元翎,45,0,45,台新-台南,2024-06-12,8159
2380,虹光,44,0,44,台新-台南,2024-06-12,8159
2486,一詮,97,54,43,台新-台南,2024-06-12,8159
1440,南紡,43,0,43,台新-台南,2024-06-12,8159
00665L,富邦�琤肭磪囓�2,62,19,43,台新-台南,2024-06-12,8159
2356,英業達,80,39,41,台新-台南,2024-06-12,8159
00946,群益科技高息成長,43,3,40,台新-台南,2024-06-12,8159
00687B,國泰20年美債,51,12,39,台新-台南,2024-06-12,8159
2520,冠德,45,6,39,台新-台南,2024-06-12,8159
2323,中環,52,15,37,台新-台南,2024-06-12,8159
8107,大億金茂,36,0,36,台新-台南,2024-06-12,8159
1609,大亞,67,32,35,台新-台南,2024-06-12,8159
1608,華榮,85,52,33,台新-台南,2024-06-12,8159
00645,富邦日本,32,0,32,台新-台南,2024-06-12,8159
2641,正德,73,41,32,台新-台南,2024-06-12,8159
3189,景碩,31,0,31,台新-台南,2024-06-12,8159
2537,聯上發,59,28,31,台新-台南,2024-06-12,8159
00878,國泰永續高股息,76,45,31,台新-台南,2024-06-12,8159
00730,富邦臺灣優質高息,31,1,30,台新-台南,2024-06-12,8159
2317,鴻海,599,357,242,台新-台南,2024-06-13,8159
2618,長榮航,218,9,209,台新-台南,2024-06-13,8159
00937B,群益ESG投等債20,183,20,163,台新-台南,2024-06-13,8159
00712,復華富時不動產,202,50,152,台新-台南,2024-06-13,8159
2867,三商壽,95,1,94,台新-台南,2024-06-13,8159
00645,富邦日本,91,0,91,台新-台南,2024-06-13,8159
1815,富喬,158,72,86,台新-台南,2024-06-13,8159
00665L,富邦�琤肭磪囓�2,114,35,79,台新-台南,2024-06-13,8159
4545,銘鈺,73,0,73,台新-台南,2024-06-13,8159
3032,偉訓,73,1,72,台新-台南,2024-06-13,8159
3013,晟銘電,94,28,66,台新-台南,2024-06-13,8159
6185,幃翔,60,0,60,台新-台南,2024-06-13,8159
00948B,中信優息投資級債,60,0,60,台新-台南,2024-06-13,8159
2383,台光電,63,9,54,台新-台南,2024-06-13,8159
3481,群創,76,24,52,台新-台南,2024-06-13,8159
00673R,期元大S＆P原油反1,50,0,50,台新-台南,2024-06-13,8159
00676R,富邦臺灣加權反1,50,0,50,台新-台南,2024-06-13,8159
2520,冠德,51,2,49,台新-台南,2024-06-13,8159
8096,擎亞,104,57,47,台新-台南,2024-06-13,8159
00919,群益台灣精選高息,156,111,45,台新-台南,2024-06-13,8159
8114,振樺電,46,1,45,台新-台南,2024-06-13,8159
5871,中租-KY,48,4,44,台新-台南,2024-06-13,8159
2367,燿華,109,66,43,台新-台南,2024-06-13,8159
2002,中鋼,45,4,41,台新-台南,2024-06-13,8159
00935,野村臺灣新科技50,42,2,40,台新-台南,2024-06-13,8159
6167,久正,40,0,40,台新-台南,2024-06-13,8159
2455,全新,44,9,35,台新-台南,2024-06-13,8159
2365,昆盈,80,46,34,台新-台南,2024-06-13,8159
2359,所羅門,172,140,32,台新-台南,2024-06-13,8159
00687B,國泰20年美債,70,38,32,台新-台南,2024-06-13,8159
3027,盛達,30,0,30,台新-台南,2024-06-13,8159
4563,百德,29,0,29,台新-台南,2024-06-13,8159
00713,元大台灣高息低波,28,1,27,台新-台南,2024-06-13,8159
2368,金像電,27,0,27,台新-台南,2024-06-13,8159
2020,美亞,25,0,25,台新-台南,2024-06-13,8159
2609,陽明,251,225,26,台新-台南,2024-06-13,8159
2313,華通,27,4,23,台新-台南,2024-06-13,8159
2812,台中銀,22,0,22,台新-台南,2024-06-13,8159
4513,福裕,28,6,22,台新-台南,2024-06-13,8159
00947,台新臺灣IC設計,124,103,21,台新-台南,2024-06-13,8159
4968,立積,35,14,21,台新-台南,2024-06-13,8159
2417,圓剛,21,1,20,台新-台南,2024-06-13,8159
00674R,期元大S＆P黃金反1,20,0,20,台新-台南,2024-06-13,8159
2851,中再保,23,4,19,台新-台南,2024-06-13,8159
2801,彰銀,18,0,18,台新-台南,2024-06-13,8159
1314,中石化,32,14,18,台新-台南,2024-06-13,8159
00637L,元大滬深300正2,21,4,17,台新-台南,2024-06-13,8159
2501,國建,26,9,17,台新-台南,2024-06-13,8159
00654R,富邦印度反1,16,0,16,台新-台南,2024-06-13,8159
8147,正淩,17,1,16,台新-台南,2024-06-13,8159
9907,統一實,345,1,344,台新-台南,2024-06-14,8159
00679B,元大美債20年,352,144,208,台新-台南,2024-06-14,8159
2367,燿華,196,50,146,台新-台南,2024-06-14,8159
00918,大華優利高填息30,176,37,139,台新-台南,2024-06-14,8159
00706L,期元大S＆P日圓正2,134,0,134,台新-台南,2024-06-14,8159
2371,大同,236,114,122,台新-台南,2024-06-14,8159
00929,復華台灣科技優息,255,152,103,台新-台南,2024-06-14,8159
00948B,中信優息投資級債,91,1,90,台新-台南,2024-06-14,8159
6505,台塑化,80,1,79,台新-台南,2024-06-14,8159
00632R,元大台灣50反1,118,49,69,台新-台南,2024-06-14,8159
2353,宏��,91,26,65,台新-台南,2024-06-14,8159
2337,旺宏,60,0,60,台新-台南,2024-06-14,8159
00936,台新永續高息中小,129,69,60,台新-台南,2024-06-14,8159
1815,富喬,78,39,39,台新-台南,2024-06-14,8159
5498,凱崴,39,0,39,台新-台南,2024-06-14,8159
2606,裕民,47,10,37,台新-台南,2024-06-14,8159
2812,台中銀,37,0,37,台新-台南,2024-06-14,8159
8277,商丞,35,3,32,台新-台南,2024-06-14,8159
3390,旭軟,31,0,31,台新-台南,2024-06-14,8159
00919,群益台灣精選高息,92,62,30,台新-台南,2024-06-14,8159
6185,幃翔,30,0,30,台新-台南,2024-06-14,8159
1316,上曜,38,10,28,台新-台南,2024-06-14,8159
2440,太空梭,28,0,28,台新-台南,2024-06-14,8159
1513,中興電,199,171,28,台新-台南,2024-06-14,8159
2501,國建,41,14,27,台新-台南,2024-06-14,8159
1789,神隆,27,0,27,台新-台南,2024-06-14,8159
2888,新光金,107,80,27,台新-台南,2024-06-14,8159
2845,遠東銀,26,0,26,台新-台南,2024-06-14,8159
00687B,國泰20年美債,85,60,25,台新-台南,2024-06-14,8159
2002,中鋼,28,4,24,台新-台南,2024-06-14,8159
8936,國統,28,4,24,台新-台南,2024-06-14,8159
1473,台南,24,1,23,台新-台南,2024-06-14,8159
2363,矽統,64,43,21,台新-台南,2024-06-14,8159
3032,偉訓,22,1,21,台新-台南,2024-06-14,8159
2027,大成鋼,21,0,21,台新-台南,2024-06-14,8159
3006,晶豪科,30,9,21,台新-台南,2024-06-14,8159
2505,國揚,21,1,20,台新-台南,2024-06-14,8159
6167,久正,20,0,20,台新-台南,2024-06-14,8159
4545,銘鈺,21,1,20,台新-台南,2024-06-14,8159
3512,皇龍,20,0,20,台新-台南,2024-06-14,8159
3083,網龍,20,0,20,台新-台南,2024-06-14,8159
1504,東元,33,13,20,台新-台南,2024-06-14,8159
5426,振發,19,0,19,台新-台南,2024-06-14,8159
4563,百德,19,0,19,台新-台南,2024-06-14,8159
2460,建通,24,5,19,台新-台南,2024-06-14,8159
2427,三商電,41,22,19,台新-台南,2024-06-14,8159
6282,康舒,23,5,18,台新-台南,2024-06-14,8159
2618,長榮航,38,20,18,台新-台南,2024-06-14,8159
1785,光洋科,51,34,17,台新-台南,2024-06-14,8159
8150,南茂,21,4,17,台新-台南,2024-06-14,8159
1609,大亞,658,195,463,台新-台南,2024-06-17,8159
9907,統一實,296,0,296,台新-台南,2024-06-17,8159
2618,長榮航,273,13,260,台新-台南,2024-06-17,8159
2103,台橡,200,0,200,台新-台南,2024-06-17,8159
00936,台新永續高息中小,365,191,174,台新-台南,2024-06-17,8159
00929,復華台灣科技優息,280,106,174,台新-台南,2024-06-17,8159
00940,元大台灣價值高息,350,186,164,台新-台南,2024-06-17,8159
00632R,元大台灣50反1,155,5,150,台新-台南,2024-06-17,8159
2371,大同,413,310,103,台新-台南,2024-06-17,8159
00687B,國泰20年美債,95,10,85,台新-台南,2024-06-17,8159
1514,亞力,177,101,76,台新-台南,2024-06-17,8159
5324,士開,70,0,70,台新-台南,2024-06-17,8159
4190,佐登-KY,67,0,67,台新-台南,2024-06-17,8159
00948B,中信優息投資級債,64,0,64,台新-台南,2024-06-17,8159
00947,台新臺灣IC設計,83,21,62,台新-台南,2024-06-17,8159
00712,復華富時不動產,64,7,57,台新-台南,2024-06-17,8159
2025,千興,94,41,53,台新-台南,2024-06-17,8159
00919,群益台灣精選高息,94,44,50,台新-台南,2024-06-17,8159
00937B,群益ESG投等債20,138,89,49,台新-台南,2024-06-17,8159
4566,時碩工業,65,17,48,台新-台南,2024-06-17,8159
4726,永昕,74,30,44,台新-台南,2024-06-17,8159
2888,新光金,115,71,44,台新-台南,2024-06-17,8159
2515,中工,84,41,43,台新-台南,2024-06-17,8159
1513,中興電,119,76,43,台新-台南,2024-06-17,8159
00918,大華優利高填息30,113,71,42,台新-台南,2024-06-17,8159
00941,中信上游半導體,43,6,37,台新-台南,2024-06-17,8159
2609,陽明,118,82,36,台新-台南,2024-06-17,8159
4967,十銓,35,0,35,台新-台南,2024-06-17,8159
2615,萬海,258,226,32,台新-台南,2024-06-17,8159
00713,元大台灣高息低波,36,5,31,台新-台南,2024-06-17,8159
9136,巨騰-DR,31,0,31,台新-台南,2024-06-17,8159
00878,國泰永續高股息,51,20,31,台新-台南,2024-06-17,8159
00673R,期元大S＆P原油反1,30,0,30,台新-台南,2024-06-17,8159
2324,仁寶,52,22,30,台新-台南,2024-06-17,8159
2312,金寶,55,25,30,台新-台南,2024-06-17,8159
2376,技嘉,29,1,28,台新-台南,2024-06-17,8159
00942B,台新美A公司債20+,31,2,29,台新-台南,2024-06-17,8159
1445,大宇,31,4,27,台新-台南,2024-06-17,8159
2383,台光電,31,5,26,台新-台南,2024-06-17,8159
2542,興富發,135,109,26,台新-台南,2024-06-17,8159
00679B,元大美債20年,128,103,25,台新-台南,2024-06-17,8159
4562,穎漢,61,36,25,台新-台南,2024-06-17,8159
3450,聯鈞,49,25,24,台新-台南,2024-06-17,8159
2352,佳世達,22,0,22,台新-台南,2024-06-17,8159
2520,冠德,22,0,22,台新-台南,2024-06-17,8159
2382,廣達,29,7,22,台新-台南,2024-06-17,8159
3219,倚強科,22,0,22,台新-台南,2024-06-17,8159
2608,嘉里大榮,23,1,22,台新-台南,2024-06-17,8159
6139,亞翔,27,5,22,台新-台南,2024-06-17,8159
2537,聯上發,37,15,22,台新-台南,2024-06-17,8159
00940,元大台灣價值高息,498,160,338,台新-台南,2024-06-18,8159
00680L,元大美債20正2,302,6,296,台新-台南,2024-06-18,8159
2887,台新金,284,7,277,台新-台南,2024-06-18,8159
2367,燿華,323,68,255,台新-台南,2024-06-18,8159
00688L,國泰20年美債正2,241,1,240,台新-台南,2024-06-18,8159
00918,大華優利高填息30,327,105,222,台新-台南,2024-06-18,8159
9105,泰金寶-DR,155,10,145,台新-台南,2024-06-18,8159
2103,台橡,146,1,145,台新-台南,2024-06-18,8159
00929,復華台灣科技優息,296,156,140,台新-台南,2024-06-18,8159
2317,鴻海,368,236,132,台新-台南,2024-06-18,8159
00687B,國泰20年美債,148,35,113,台新-台南,2024-06-18,8159
911868,同方友友-DR,112,0,112,台新-台南,2024-06-18,8159
00673R,期元大S＆P原油反1,112,0,112,台新-台南,2024-06-18,8159
00946,群益科技高息成長,110,0,110,台新-台南,2024-06-18,8159
00632R,元大台灣50反1,485,380,105,台新-台南,2024-06-18,8159
00936,台新永續高息中小,257,155,102,台新-台南,2024-06-18,8159
00713,元大台灣高息低波,106,4,102,台新-台南,2024-06-18,8159
6770,力積電,124,31,93,台新-台南,2024-06-18,8159
3219,倚強科,91,1,90,台新-台南,2024-06-18,8159
3481,群創,335,253,82,台新-台南,2024-06-18,8159
2351,順德,121,46,75,台新-台南,2024-06-18,8159
3390,旭軟,63,1,62,台新-台南,2024-06-18,8159
3013,晟銘電,76,16,60,台新-台南,2024-06-18,8159
2353,宏��,83,26,57,台新-台南,2024-06-18,8159
2464,盟立,61,6,55,台新-台南,2024-06-18,8159
00637L,元大滬深300正2,50,1,49,台新-台南,2024-06-18,8159
00942B,台新美A公司債20+,48,0,48,台新-台南,2024-06-18,8159
00915,凱基優選高股息30,38,0,38,台新-台南,2024-06-18,8159
2208,台船,42,4,38,台新-台南,2024-06-18,8159
911608,明輝-DR,39,4,35,台新-台南,2024-06-18,8159
1802,台玻,52,18,34,台新-台南,2024-06-18,8159
5202,力新,35,1,34,台新-台南,2024-06-18,8159
00664R,國泰臺灣加權反1,33,0,33,台新-台南,2024-06-18,8159
2374,佳能,43,11,32,台新-台南,2024-06-18,8159
8096,擎亞,209,178,31,台新-台南,2024-06-18,8159
4562,穎漢,252,222,30,台新-台南,2024-06-18,8159
1217,愛之味,30,0,30,台新-台南,2024-06-18,8159
1603,華電,39,10,29,台新-台南,2024-06-18,8159
00948B,中信優息投資級債,35,7,28,台新-台南,2024-06-18,8159
1504,東元,33,6,27,台新-台南,2024-06-18,8159
3035,智原,105,77,28,台新-台南,2024-06-18,8159
2615,萬海,196,169,27,台新-台南,2024-06-18,8159
4190,佐登-KY,26,0,26,台新-台南,2024-06-18,8159
3081,聯亞,32,7,25,台新-台南,2024-06-18,8159
912000,晨訊科-DR,26,3,23,台新-台南,2024-06-18,8159
2023,燁輝,21,0,21,台新-台南,2024-06-18,8159
2538,基泰,21,0,21,台新-台南,2024-06-18,8159
2201,裕隆,21,0,21,台新-台南,2024-06-18,8159
2609,陽明,88,67,21,台新-台南,2024-06-18,8159
6282,康舒,43,23,20,台新-台南,2024-06-18,8159
00632R,元大台灣50反1,1006,371,635,台新-台南,2024-06-19,8159
2618,長榮航,597,135,462,台新-台南,2024-06-19,8159
00679B,元大美債20年,373,22,351,台新-台南,2024-06-19,8159
2609,陽明,453,236,217,台新-台南,2024-06-19,8159
2103,台橡,148,1,147,台新-台南,2024-06-19,8159
1514,亞力,238,107,131,台新-台南,2024-06-19,8159
2610,華航,177,49,128,台新-台南,2024-06-19,8159
00676R,富邦臺灣加權反1,110,0,110,台新-台南,2024-06-19,8159
1608,華榮,121,23,98,台新-台南,2024-06-19,8159
00687B,國泰20年美債,140,42,98,台新-台南,2024-06-19,8159
00946,群益科技高息成長,93,1,92,台新-台南,2024-06-19,8159
2520,冠德,92,1,91,台新-台南,2024-06-19,8159
00712,復華富時不動產,191,108,83,台新-台南,2024-06-19,8159
1609,大亞,106,25,81,台新-台南,2024-06-19,8159
1316,上曜,78,2,76,台新-台南,2024-06-19,8159
1314,中石化,80,6,74,台新-台南,2024-06-19,8159
00673R,期元大S＆P原油反1,70,2,68,台新-台南,2024-06-19,8159
00713,元大台灣高息低波,68,2,66,台新-台南,2024-06-19,8159
6770,力積電,96,33,63,台新-台南,2024-06-19,8159
3219,倚強科,63,1,62,台新-台南,2024-06-19,8159
00948B,中信優息投資級債,62,1,61,台新-台南,2024-06-19,8159
00915,凱基優選高股息30,61,0,61,台新-台南,2024-06-19,8159
00940,元大台灣價值高息,407,346,61,台新-台南,2024-06-19,8159
00650L,復華香港正2,51,0,51,台新-台南,2024-06-19,8159
3032,偉訓,50,0,50,台新-台南,2024-06-19,8159
6698,旭暉應材,43,0,43,台新-台南,2024-06-19,8159
2603,長榮,56,13,43,台新-台南,2024-06-19,8159
8429,金麗-KY,40,0,40,台新-台南,2024-06-19,8159
3374,精材,49,10,39,台新-台南,2024-06-19,8159
2406,國碩,49,13,36,台新-台南,2024-06-19,8159
2365,昆盈,87,51,36,台新-台南,2024-06-19,8159
3363,上詮,50,15,35,台新-台南,2024-06-19,8159
3663,鑫科,379,344,35,台新-台南,2024-06-19,8159
8930,青鋼,35,0,35,台新-台南,2024-06-19,8159
00935,野村臺灣新科技50,35,1,34,台新-台南,2024-06-19,8159
2034,允強,33,0,33,台新-台南,2024-06-19,8159
6118,建達,32,0,32,台新-台南,2024-06-19,8159
2208,台船,32,0,32,台新-台南,2024-06-19,8159
1815,富喬,96,65,31,台新-台南,2024-06-19,8159
3013,晟銘電,52,21,31,台新-台南,2024-06-19,8159
3290,東浦,30,0,30,台新-台南,2024-06-19,8159
4157,太景*-KY,30,0,30,台新-台南,2024-06-19,8159
3481,群創,65,35,30,台新-台南,2024-06-19,8159
4545,銘鈺,49,20,29,台新-台南,2024-06-19,8159
5483,中美晶,31,2,29,台新-台南,2024-06-19,8159
1447,力鵬,28,0,28,台新-台南,2024-06-19,8159
4534,慶騰,31,5,26,台新-台南,2024-06-19,8159
2515,中工,36,11,25,台新-台南,2024-06-19,8159
5230,雷笛克光學,26,1,25,台新-台南,2024-06-19,8159
2206,三陽工業,28,4,24,台新-台南,2024-06-19,8159
00632R,元大台灣50反1,565,51,514,台新-台南,2024-06-20,8159
00680L,元大美債20正2,365,57,308,台新-台南,2024-06-20,8159
00937B,群益ESG投等債20,281,39,242,台新-台南,2024-06-20,8159
00929,復華台灣科技優息,380,149,231,台新-台南,2024-06-20,8159
00688L,國泰20年美債正2,223,2,221,台新-台南,2024-06-20,8159
00650L,復華香港正2,220,0,220,台新-台南,2024-06-20,8159
2103,台橡,106,3,103,台新-台南,2024-06-20,8159
2887,台新金,132,32,100,台新-台南,2024-06-20,8159
2537,聯上發,105,5,100,台新-台南,2024-06-20,8159
4967,十銓,180,80,100,台新-台南,2024-06-20,8159
1316,上曜,84,2,82,台新-台南,2024-06-20,8159
2888,新光金,116,45,71,台新-台南,2024-06-20,8159
00946,群益科技高息成長,79,14,65,台新-台南,2024-06-20,8159
2365,昆盈,146,88,58,台新-台南,2024-06-20,8159
00947,台新臺灣IC設計,56,0,56,台新-台南,2024-06-20,8159
00687B,國泰20年美債,209,154,55,台新-台南,2024-06-20,8159
00942B,台新美A公司債20+,52,0,52,台新-台南,2024-06-20,8159
3450,聯鈞,96,45,51,台新-台南,2024-06-20,8159
2353,宏��,83,33,50,台新-台南,2024-06-20,8159
3219,倚強科,51,1,50,台新-台南,2024-06-20,8159
3231,緯創,58,16,42,台新-台南,2024-06-20,8159
2468,華經,41,0,41,台新-台南,2024-06-20,8159
00713,元大台灣高息低波,41,1,40,台新-台南,2024-06-20,8159
912000,晨訊科-DR,46,6,40,台新-台南,2024-06-20,8159
2618,長榮航,82,43,39,台新-台南,2024-06-20,8159
1618,合機,117,80,37,台新-台南,2024-06-20,8159
00948B,中信優息投資級債,37,2,35,台新-台南,2024-06-20,8159
2330,台積電,41,6,35,台新-台南,2024-06-20,8159
3290,東浦,32,0,32,台新-台南,2024-06-20,8159
6207,雷科,52,21,31,台新-台南,2024-06-20,8159
4766,南寶,36,6,30,台新-台南,2024-06-20,8159
2520,冠德,32,2,30,台新-台南,2024-06-20,8159
6185,幃翔,30,0,30,台新-台南,2024-06-20,8159
00931B,統一美債20年,31,2,29,台新-台南,2024-06-20,8159
8105,凌巨,53,24,29,台新-台南,2024-06-20,8159
2201,裕隆,41,13,28,台新-台南,2024-06-20,8159
8354,冠好,26,0,26,台新-台南,2024-06-20,8159
00830,國泰費城半導體,36,10,26,台新-台南,2024-06-20,8159
6152,百一,25,0,25,台新-台南,2024-06-20,8159
00933B,國泰10Y+金融債,54,30,24,台新-台南,2024-06-20,8159
00715L,期街口布蘭特正2,30,6,24,台新-台南,2024-06-20,8159
00751B,元大AAA至A公司債,23,0,23,台新-台南,2024-06-20,8159
6005,群益證,24,1,23,台新-台南,2024-06-20,8159
00919,群益台灣精選高息,174,152,22,台新-台南,2024-06-20,8159
5243,乙盛-KY,23,1,22,台新-台南,2024-06-20,8159
8096,擎亞,113,92,21,台新-台南,2024-06-20,8159
3032,偉訓,24,3,21,台新-台南,2024-06-20,8159
6153,嘉聯益,23,2,21,台新-台南,2024-06-20,8159
2409,友達,25,4,21,台新-台南,2024-06-20,8159
2354,鴻準,91,71,20,台新-台南,2024-06-20,8159
9105,泰金寶-DR,562,16,546,台新-台南,2024-06-21,8159
00937B,群益ESG投等債20,396,10,386,台新-台南,2024-06-21,8159
00665L,富邦�琤肭磪囓�2,411,77,334,台新-台南,2024-06-21,8159
2609,陽明,463,238,225,台新-台南,2024-06-21,8159
00688L,國泰20年美債正2,141,0,141,台新-台南,2024-06-21,8159
00940,元大台灣價值高息,336,200,136,台新-台南,2024-06-21,8159
00946,群益科技高息成長,102,0,102,台新-台南,2024-06-21,8159
911868,同方友友-DR,100,4,96,台新-台南,2024-06-21,8159
00936,台新永續高息中小,128,33,95,台新-台南,2024-06-21,8159
6116,彩晶,119,34,85,台新-台南,2024-06-21,8159
5864,致和證,100,16,84,台新-台南,2024-06-21,8159
00919,群益台灣精選高息,486,403,83,台新-台南,2024-06-21,8159
2103,台橡,60,0,60,台新-台南,2024-06-21,8159
3715,定穎投控,62,3,59,台新-台南,2024-06-21,8159
2615,萬海,263,207,56,台新-台南,2024-06-21,8159
00885,富邦越南,53,0,53,台新-台南,2024-06-21,8159
00679B,元大美債20年,103,50,53,台新-台南,2024-06-21,8159
4562,穎漢,68,16,52,台新-台南,2024-06-21,8159
00948B,中信優息投資級債,88,39,49,台新-台南,2024-06-21,8159
1301,台塑,49,4,45,台新-台南,2024-06-21,8159
8011,台通,85,40,45,台新-台南,2024-06-21,8159
00942B,台新美A公司債20+,43,0,43,台新-台南,2024-06-21,8159
00891,中信關鍵半導體,38,1,37,台新-台南,2024-06-21,8159
2537,聯上發,37,1,36,台新-台南,2024-06-21,8159
00680L,元大美債20正2,36,0,36,台新-台南,2024-06-21,8159
5905,南仁湖,38,3,35,台新-台南,2024-06-21,8159
00933B,國泰10Y+金融債,41,6,35,台新-台南,2024-06-21,8159
6209,今國光,32,0,32,台新-台南,2024-06-21,8159
1309,台達化,43,11,32,台新-台南,2024-06-21,8159
2208,台船,30,0,30,台新-台南,2024-06-21,8159
2618,長榮航,337,308,29,台新-台南,2024-06-21,8159
00637L,元大滬深300正2,39,10,29,台新-台南,2024-06-21,8159
00687B,國泰20年美債,72,44,28,台新-台南,2024-06-21,8159
1711,永光,30,2,28,台新-台南,2024-06-21,8159
2515,中工,45,17,28,台新-台南,2024-06-21,8159
2330,台積電,55,27,28,台新-台南,2024-06-21,8159
00947,台新臺灣IC設計,78,51,27,台新-台南,2024-06-21,8159
00934,中信成長高股息,25,0,25,台新-台南,2024-06-21,8159
4561,健椿,24,0,24,台新-台南,2024-06-21,8159
1101,台泥,34,11,23,台新-台南,2024-06-21,8159
3189,景碩,47,24,23,台新-台南,2024-06-21,8159
00706L,期元大S＆P日圓正2,23,0,23,台新-台南,2024-06-21,8159
6770,力積電,39,16,23,台新-台南,2024-06-21,8159
2324,仁寶,27,5,22,台新-台南,2024-06-21,8159
00929,復華台灣科技優息,275,253,22,台新-台南,2024-06-21,8159
8110,華東,38,16,22,台新-台南,2024-06-21,8159
00864B,中信美國公債0-1,22,0,22,台新-台南,2024-06-21,8159
1503,士電,78,56,22,台新-台南,2024-06-21,8159
00918,大華優利高填息30,29,7,22,台新-台南,2024-06-21,8159
2363,矽統,38,17,21,台新-台南,2024-06-21,8159
00919,群益台灣精選高息,513,165,348,台新-台南,2024-06-24,8159
00929,復華台灣科技優息,449,129,320,台新-台南,2024-06-24,8159
3481,群創,1112,873,239,台新-台南,2024-06-24,8159
00946,群益科技高息成長,205,13,192,台新-台南,2024-06-24,8159
3047,訊舟,246,70,176,台新-台南,2024-06-24,8159
1609,大亞,180,12,168,台新-台南,2024-06-24,8159
2609,陽明,232,83,149,台新-台南,2024-06-24,8159
1785,光洋科,319,174,145,台新-台南,2024-06-24,8159
00673R,期元大S＆P原油反1,155,10,145,台新-台南,2024-06-24,8159
00936,台新永續高息中小,148,8,140,台新-台南,2024-06-24,8159
2353,宏��,158,29,129,台新-台南,2024-06-24,8159
2103,台橡,121,0,121,台新-台南,2024-06-24,8159
1316,上曜,115,17,98,台新-台南,2024-06-24,8159
00937B,群益ESG投等債20,136,41,95,台新-台南,2024-06-24,8159
00940,元大台灣價值高息,231,143,88,台新-台南,2024-06-24,8159
2337,旺宏,88,2,86,台新-台南,2024-06-24,8159
00665L,富邦�琤肭磪囓�2,296,212,84,台新-台南,2024-06-24,8159
00878,國泰永續高股息,99,15,84,台新-台南,2024-06-24,8159
0056,元大高股息,79,11,68,台新-台南,2024-06-24,8159
3062,建漢,397,337,60,台新-台南,2024-06-24,8159
6116,彩晶,73,13,60,台新-台南,2024-06-24,8159
2611,志信,54,0,54,台新-台南,2024-06-24,8159
3231,緯創,69,17,52,台新-台南,2024-06-24,8159
2344,華邦電,63,15,48,台新-台南,2024-06-24,8159
2330,台積電,68,21,47,台新-台南,2024-06-24,8159
5328,華容,121,77,44,台新-台南,2024-06-24,8159
6834,天二科技,55,13,42,台新-台南,2024-06-24,8159
2208,台船,40,0,40,台新-台南,2024-06-24,8159
2347,聯強,36,0,36,台新-台南,2024-06-24,8159
00947,台新臺灣IC設計,54,19,35,台新-台南,2024-06-24,8159
00713,元大台灣高息低波,45,12,33,台新-台南,2024-06-24,8159
6163,華電網,32,0,32,台新-台南,2024-06-24,8159
6695,芯鼎,52,21,31,台新-台南,2024-06-24,8159
8064,東捷,106,75,31,台新-台南,2024-06-24,8159
00753L,中信中國50正2,30,0,30,台新-台南,2024-06-24,8159
2615,萬海,64,35,29,台新-台南,2024-06-24,8159
00687B,國泰20年美債,56,28,28,台新-台南,2024-06-24,8159
1101,台泥,42,14,28,台新-台南,2024-06-24,8159
00882,中信中國高股息,29,2,27,台新-台南,2024-06-24,8159
2303,聯電,53,26,27,台新-台南,2024-06-24,8159
6127,九豪,41,15,26,台新-台南,2024-06-24,8159
6152,百一,25,0,25,台新-台南,2024-06-24,8159
8039,台虹,25,0,25,台新-台南,2024-06-24,8159
2867,三商壽,25,0,25,台新-台南,2024-06-24,8159
00795B,中信美國公債20年,25,0,25,台新-台南,2024-06-24,8159
00923,群益台ESG低碳50,27,2,25,台新-台南,2024-06-24,8159
3221,台嘉碩,24,0,24,台新-台南,2024-06-24,8159
2365,昆盈,42,19,23,台新-台南,2024-06-24,8159
00881,國泰台灣5G+,29,6,23,台新-台南,2024-06-24,8159
2230,泰茂,22,0,22,台新-台南,2024-06-24,8159
00929,復華台灣科技優息,405,74,331,台新-台南,2024-06-25,8159
00673R,期元大S＆P原油反1,159,0,159,台新-台南,2024-06-25,8159
00687B,國泰20年美債,163,4,159,台新-台南,2024-06-25,8159
00940,元大台灣價值高息,430,279,151,台新-台南,2024-06-25,8159
00937B,群益ESG投等債20,155,7,148,台新-台南,2024-06-25,8159
00878,國泰永續高股息,196,82,114,台新-台南,2024-06-25,8159
00936,台新永續高息中小,150,37,113,台新-台南,2024-06-25,8159
00885,富邦越南,111,0,111,台新-台南,2024-06-25,8159
6806,森崴能源,133,23,110,台新-台南,2024-06-25,8159
00919,群益台灣精選高息,221,132,89,台新-台南,2024-06-25,8159
2103,台橡,87,1,86,台新-台南,2024-06-25,8159
2409,友達,94,12,82,台新-台南,2024-06-25,8159
00946,群益科技高息成長,76,8,68,台新-台南,2024-06-25,8159
3037,欣興,72,7,65,台新-台南,2024-06-25,8159
9945,潤泰新,61,0,61,台新-台南,2024-06-25,8159
00712,復華富時不動產,67,7,60,台新-台南,2024-06-25,8159
2406,國碩,107,48,59,台新-台南,2024-06-25,8159
2867,三商壽,71,12,59,台新-台南,2024-06-25,8159
2208,台船,63,5,58,台新-台南,2024-06-25,8159
2317,鴻海,252,197,55,台新-台南,2024-06-25,8159
8110,華東,115,61,54,台新-台南,2024-06-25,8159
1815,富喬,131,79,52,台新-台南,2024-06-25,8159
00706L,期元大S＆P日圓正2,51,0,51,台新-台南,2024-06-25,8159
3231,緯創,62,12,50,台新-台南,2024-06-25,8159
2537,聯上發,43,5,38,台新-台南,2024-06-25,8159
00679B,元大美債20年,83,47,36,台新-台南,2024-06-25,8159
00918,大華優利高填息30,34,1,33,台新-台南,2024-06-25,8159
2344,華邦電,43,12,31,台新-台南,2024-06-25,8159
2338,光罩,49,19,30,台新-台南,2024-06-25,8159
00676R,富邦臺灣加權反1,30,0,30,台新-台南,2024-06-25,8159
2002,中鋼,30,0,30,台新-台南,2024-06-25,8159
00830,國泰費城半導體,31,3,28,台新-台南,2024-06-25,8159
5347,世界,32,5,27,台新-台南,2024-06-25,8159
5443,均豪,54,27,27,台新-台南,2024-06-25,8159
4168,醣聯,35,10,25,台新-台南,2024-06-25,8159
2615,萬海,203,179,24,台新-台南,2024-06-25,8159
1301,台塑,28,5,23,台新-台南,2024-06-25,8159
3149,正達,34,11,23,台新-台南,2024-06-25,8159
2883,凱基金,39,16,23,台新-台南,2024-06-25,8159
9105,泰金寶-DR,30,7,23,台新-台南,2024-06-25,8159
8064,東捷,57,34,23,台新-台南,2024-06-25,8159
00915,凱基優選高股息30,24,1,23,台新-台南,2024-06-25,8159
00713,元大台灣高息低波,23,0,23,台新-台南,2024-06-25,8159
1319,東陽,23,2,21,台新-台南,2024-06-25,8159
6869,雲豹能源,75,53,22,台新-台南,2024-06-25,8159
3374,精材,44,23,21,台新-台南,2024-06-25,8159
00852L,國泰美國道瓊正2,21,0,21,台新-台南,2024-06-25,8159
3006,晶豪科,33,12,21,台新-台南,2024-06-25,8159
2324,仁寶,21,1,20,台新-台南,2024-06-25,8159
1504,東元,20,0,20,台新-台南,2024-06-25,8159
00940,元大台灣價值高息,651,167,484,台新-台南,2024-06-26,8159
00680L,元大美債20正2,513,49,464,台新-台南,2024-06-26,8159
00688L,國泰20年美債正2,467,5,462,台新-台南,2024-06-26,8159
1718,中纖,200,0,200,台新-台南,2024-06-26,8159
00929,復華台灣科技優息,218,54,164,台新-台南,2024-06-26,8159
2103,台橡,149,0,149,台新-台南,2024-06-26,8159
00936,台新永續高息中小,138,0,138,台新-台南,2024-06-26,8159
6806,森崴能源,291,158,133,台新-台南,2024-06-26,8159
8028,昇陽半導體,150,19,131,台新-台南,2024-06-26,8159
2409,友達,134,8,126,台新-台南,2024-06-26,8159
00942B,台新美A公司債20+,126,0,126,台新-台南,2024-06-26,8159
00937B,群益ESG投等債20,130,13,117,台新-台南,2024-06-26,8159
1326,台化,113,1,112,台新-台南,2024-06-26,8159
00706L,期元大S＆P日圓正2,101,0,101,台新-台南,2024-06-26,8159
2002,中鋼,99,8,91,台新-台南,2024-06-26,8159
2371,大同,106,29,77,台新-台南,2024-06-26,8159
2352,佳世達,84,9,75,台新-台南,2024-06-26,8159
2887,台新金,77,12,65,台新-台南,2024-06-26,8159
2206,三陽工業,73,13,60,台新-台南,2024-06-26,8159
2609,陽明,113,53,60,台新-台南,2024-06-26,8159
3006,晶豪科,61,2,59,台新-台南,2024-06-26,8159
2027,大成鋼,61,2,59,台新-台南,2024-06-26,8159
1609,大亞,118,62,56,台新-台南,2024-06-26,8159
5452,佶優,66,11,55,台新-台南,2024-06-26,8159
2401,凌陽,56,3,53,台新-台南,2024-06-26,8159
2515,中工,53,5,48,台新-台南,2024-06-26,8159
2312,金寶,50,5,45,台新-台南,2024-06-26,8159
2888,新光金,80,39,41,台新-台南,2024-06-26,8159
5469,瀚宇博,41,0,41,台新-台南,2024-06-26,8159
00878,國泰永續高股息,66,26,40,台新-台南,2024-06-26,8159
1314,中石化,43,4,39,台新-台南,2024-06-26,8159
00673R,期元大S＆P原油反1,37,0,37,台新-台南,2024-06-26,8159
1785,光洋科,166,131,35,台新-台南,2024-06-26,8159
2464,盟立,50,19,31,台新-台南,2024-06-26,8159
00915,凱基優選高股息30,30,0,30,台新-台南,2024-06-26,8159
2025,千興,30,0,30,台新-台南,2024-06-26,8159
00713,元大台灣高息低波,30,0,30,台新-台南,2024-06-26,8159
00918,大華優利高填息30,41,12,29,台新-台南,2024-06-26,8159
5009,榮剛,27,1,26,台新-台南,2024-06-26,8159
6163,華電網,33,7,26,台新-台南,2024-06-26,8159
2891,中信金,27,1,26,台新-台南,2024-06-26,8159
6770,力積電,31,6,25,台新-台南,2024-06-26,8159
8104,錸寶,26,1,25,台新-台南,2024-06-26,8159
2603,長榮,32,7,25,台新-台南,2024-06-26,8159
6578,達邦蛋白,25,1,24,台新-台南,2024-06-26,8159
4109,加捷生醫,25,1,24,台新-台南,2024-06-26,8159
3034,聯詠,26,3,23,台新-台南,2024-06-26,8159
2388,威盛,36,13,23,台新-台南,2024-06-26,8159
2365,昆盈,28,5,23,台新-台南,2024-06-26,8159
2382,廣達,57,34,23,台新-台南,2024-06-26,8159
00937B,群益ESG投等債20,345,3,342,台新-台南,2024-06-27,8159
00942B,台新美A公司債20+,325,14,311,台新-台南,2024-06-27,8159
00936,台新永續高息中小,219,0,219,台新-台南,2024-06-27,8159
00687B,國泰20年美債,200,0,200,台新-台南,2024-06-27,8159
00929,復華台灣科技優息,197,44,153,台新-台南,2024-06-27,8159
00679B,元大美債20年,152,4,148,台新-台南,2024-06-27,8159
00665L,富邦�琤肭磪囓�2,232,102,130,台新-台南,2024-06-27,8159
00720B,元大投資級公司債,109,0,109,台新-台南,2024-06-27,8159
3450,聯鈞,193,87,106,台新-台南,2024-06-27,8159
2409,友達,142,37,105,台新-台南,2024-06-27,8159
00948B,中信優息投資級債,92,5,87,台新-台南,2024-06-27,8159
2885,元大金,110,30,80,台新-台南,2024-06-27,8159
1785,光洋科,184,115,69,台新-台南,2024-06-27,8159
2888,新光金,67,1,66,台新-台南,2024-06-27,8159
00878,國泰永續高股息,80,16,64,台新-台南,2024-06-27,8159
2027,大成鋼,65,3,62,台新-台南,2024-06-27,8159
2312,金寶,115,54,61,台新-台南,2024-06-27,8159
3581,博磊,82,25,57,台新-台南,2024-06-27,8159
00919,群益台灣精選高息,106,50,56,台新-台南,2024-06-27,8159
00706L,期元大S＆P日圓正2,51,0,51,台新-台南,2024-06-27,8159
00947,台新臺灣IC設計,76,25,51,台新-台南,2024-06-27,8159
4167,松瑞藥,123,72,51,台新-台南,2024-06-27,8159
9136,巨騰-DR,57,7,50,台新-台南,2024-06-27,8159
1316,上曜,47,0,47,台新-台南,2024-06-27,8159
9945,潤泰新,67,24,43,台新-台南,2024-06-27,8159
8028,昇陽半導體,54,12,42,台新-台南,2024-06-27,8159
4938,和碩,45,5,40,台新-台南,2024-06-27,8159
00676R,富邦臺灣加權反1,40,0,40,台新-台南,2024-06-27,8159
8011,台通,74,34,40,台新-台南,2024-06-27,8159
2440,太空梭,41,2,39,台新-台南,2024-06-27,8159
8110,華東,45,6,39,台新-台南,2024-06-27,8159
3013,晟銘電,42,6,36,台新-台南,2024-06-27,8159
6167,久正,36,0,36,台新-台南,2024-06-27,8159
00946,群益科技高息成長,36,1,35,台新-台南,2024-06-27,8159
2515,中工,68,33,35,台新-台南,2024-06-27,8159
8064,東捷,72,39,33,台新-台南,2024-06-27,8159
6869,雲豹能源,94,62,32,台新-台南,2024-06-27,8159
4707,磐亞,34,2,32,台新-台南,2024-06-27,8159
0056,元大高股息,31,0,31,台新-台南,2024-06-27,8159
1709,和益,67,37,30,台新-台南,2024-06-27,8159
1795,美時,28,0,28,台新-台南,2024-06-27,8159
2344,華邦電,29,1,28,台新-台南,2024-06-27,8159
2368,金像電,27,0,27,台新-台南,2024-06-27,8159
2349,錸德,36,10,26,台新-台南,2024-06-27,8159
1449,佳和,24,0,24,台新-台南,2024-06-27,8159
3149,正達,25,1,24,台新-台南,2024-06-27,8159
1809,中釉,34,10,24,台新-台南,2024-06-27,8159
6140,訊達,25,2,23,台新-台南,2024-06-27,8159
4726,永昕,28,5,23,台新-台南,2024-06-27,8159
00933B,國泰10Y+金融債,57,35,22,台新-台南,2024-06-27,8159
00680L,元大美債20正2,773,158,615,台新-台南,2024-06-28,8159
00688L,國泰20年美債正2,598,74,524,台新-台南,2024-06-28,8159
00936,台新永續高息中小,307,1,306,台新-台南,2024-06-28,8159
2618,長榮航,350,100,250,台新-台南,2024-06-28,8159
00915,凱基優選高股息30,267,20,247,台新-台南,2024-06-28,8159
00679B,元大美債20年,238,15,223,台新-台南,2024-06-28,8159
6244,茂迪,157,33,124,台新-台南,2024-06-28,8159
00937B,群益ESG投等債20,119,0,119,台新-台南,2024-06-28,8159
00673R,期元大S＆P原油反1,115,0,115,台新-台南,2024-06-28,8159
2324,仁寶,117,4,113,台新-台南,2024-06-28,8159
3481,群創,177,69,108,台新-台南,2024-06-28,8159
911868,同方友友-DR,117,10,107,台新-台南,2024-06-28,8159
2337,旺宏,105,1,104,台新-台南,2024-06-28,8159
2406,國碩,265,166,99,台新-台南,2024-06-28,8159
2352,佳世達,109,17,92,台新-台南,2024-06-28,8159
00712,復華富時不動產,89,0,89,台新-台南,2024-06-28,8159
6753,龍德造船,106,21,85,台新-台南,2024-06-28,8159
00632R,元大台灣50反1,101,20,81,台新-台南,2024-06-28,8159
8403,盛弘,80,0,80,台新-台南,2024-06-28,8159
00687B,國泰20年美債,99,26,73,台新-台南,2024-06-28,8159
2883,凱基金,96,27,69,台新-台南,2024-06-28,8159
00942B,台新美A公司債20+,60,0,60,台新-台南,2024-06-28,8159
5443,均豪,99,39,60,台新-台南,2024-06-28,8159
6197,佳必琪,80,20,60,台新-台南,2024-06-28,8159
1609,大亞,111,55,56,台新-台南,2024-06-28,8159
00664R,國泰臺灣加權反1,44,0,44,台新-台南,2024-06-28,8159
2610,華航,65,24,41,台新-台南,2024-06-28,8159
3338,泰碩,76,35,41,台新-台南,2024-06-28,8159
00929,復華台灣科技優息,149,108,41,台新-台南,2024-06-28,8159
00919,群益台灣精選高息,77,39,38,台新-台南,2024-06-28,8159
1314,中石化,40,3,37,台新-台南,2024-06-28,8159
5210,寶碩,37,2,35,台新-台南,2024-06-28,8159
3062,建漢,45,12,33,台新-台南,2024-06-28,8159
00923,群益台ESG低碳50,31,0,31,台新-台南,2024-06-28,8159
2206,三陽工業,44,13,31,台新-台南,2024-06-28,8159
3576,聯合再生,342,311,31,台新-台南,2024-06-28,8159
3290,東浦,30,0,30,台新-台南,2024-06-28,8159
00713,元大台灣高息低波,33,6,27,台新-台南,2024-06-28,8159
2034,允強,27,0,27,台新-台南,2024-06-28,8159
6182,合晶,27,1,26,台新-台南,2024-06-28,8159
2545,皇翔,24,0,24,台新-台南,2024-06-28,8159
3663,鑫科,55,33,22,台新-台南,2024-06-28,8159
00931B,統一美債20年,20,0,20,台新-台南,2024-06-28,8159
5531,鄉林,20,0,20,台新-台南,2024-06-28,8159
3312,弘憶股,152,133,19,台新-台南,2024-06-28,8159
4961,天鈺,32,13,19,台新-台南,2024-06-28,8159
3450,聯鈞,158,139,19,台新-台南,2024-06-28,8159
0056,元大高股息,24,5,19,台新-台南,2024-06-28,8159
2637,慧洋-KY,22,4,18,台新-台南,2024-06-28,8159
5371,中光電,28,11,17,台新-台南,2024-06-28,8159
3535,晶彩科,537,47,490,台新-台南,2024-07-01,8159
00679B,元大美債20年,313,5,308,台新-台南,2024-07-01,8159
00688L,國泰20年美債正2,356,55,301,台新-台南,2024-07-01,8159
00937B,群益ESG投等債20,527,244,283,台新-台南,2024-07-01,8159
00680L,元大美債20正2,347,88,259,台新-台南,2024-07-01,8159
3481,群創,275,75,200,台新-台南,2024-07-01,8159
00934,中信成長高股息,154,0,154,台新-台南,2024-07-01,8159
2367,燿華,160,18,142,台新-台南,2024-07-01,8159
00687B,國泰20年美債,170,45,125,台新-台南,2024-07-01,8159
00857B,永豐20年美公債,118,0,118,台新-台南,2024-07-01,8159
6244,茂迪,114,6,108,台新-台南,2024-07-01,8159
00772B,中信高評級公司債,101,0,101,台新-台南,2024-07-01,8159
00942B,台新美A公司債20+,116,17,99,台新-台南,2024-07-01,8159
00915,凱基優選高股息30,96,0,96,台新-台南,2024-07-01,8159
00946,群益科技高息成長,103,9,94,台新-台南,2024-07-01,8159
00936,台新永續高息中小,110,22,88,台新-台南,2024-07-01,8159
2365,昆盈,332,258,74,台新-台南,2024-07-01,8159
5508,永信建,74,4,70,台新-台南,2024-07-01,8159
8028,昇陽半導體,85,16,69,台新-台南,2024-07-01,8159
2374,佳能,86,22,64,台新-台南,2024-07-01,8159
2352,佳世達,72,12,60,台新-台南,2024-07-01,8159
1785,光洋科,69,17,52,台新-台南,2024-07-01,8159
00725B,國泰投資級公司債,52,0,52,台新-台南,2024-07-01,8159
00931B,統一美債20年,49,0,49,台新-台南,2024-07-01,8159
00676R,富邦臺灣加權反1,49,0,49,台新-台南,2024-07-01,8159
0056,元大高股息,60,11,49,台新-台南,2024-07-01,8159
00948B,中信優息投資級債,96,50,46,台新-台南,2024-07-01,8159
4566,時碩工業,55,10,45,台新-台南,2024-07-01,8159
2355,敬鵬,43,0,43,台新-台南,2024-07-01,8159
00933B,國泰10Y+金融債,50,9,41,台新-台南,2024-07-01,8159
2609,陽明,92,51,41,台新-台南,2024-07-01,8159
8277,商丞,46,6,40,台新-台南,2024-07-01,8159
8011,台通,44,4,40,台新-台南,2024-07-01,8159
3062,建漢,41,5,36,台新-台南,2024-07-01,8159
2313,華通,80,45,35,台新-台南,2024-07-01,8159
2449,京元電子,48,12,36,台新-台南,2024-07-01,8159
3686,達能,48,15,33,台新-台南,2024-07-01,8159
3712,永崴投控,32,0,32,台新-台南,2024-07-01,8159
00929,復華台灣科技優息,236,204,32,台新-台南,2024-07-01,8159
2801,彰銀,31,0,31,台新-台南,2024-07-01,8159
2486,一詮,30,1,29,台新-台南,2024-07-01,8159
2337,旺宏,28,2,26,台新-台南,2024-07-01,8159
2885,元大金,25,0,25,台新-台南,2024-07-01,8159
1795,美時,49,24,25,台新-台南,2024-07-01,8159
2354,鴻準,31,7,24,台新-台南,2024-07-01,8159
3265,台星科,25,1,24,台新-台南,2024-07-01,8159
2002,中鋼,25,2,23,台新-台南,2024-07-01,8159
2820,華票,23,0,23,台新-台南,2024-07-01,8159
1737,臺鹽,23,0,23,台新-台南,2024-07-01,8159
00751B,元大AAA至A公司債,22,0,22,台新-台南,2024-07-01,8159
00687B,國泰20年美債,1051,20,1031,台新-台南,2024-07-02,8159
00937B,群益ESG投等債20,658,2,656,台新-台南,2024-07-02,8159
00929,復華台灣科技優息,586,182,404,台新-台南,2024-07-02,8159
00942B,台新美A公司債20+,333,1,332,台新-台南,2024-07-02,8159
00936,台新永續高息中小,307,22,285,台新-台南,2024-07-02,8159
00679B,元大美債20年,316,39,277,台新-台南,2024-07-02,8159
00673R,期元大S＆P原油反1,220,0,220,台新-台南,2024-07-02,8159
9105,泰金寶-DR,275,55,220,台新-台南,2024-07-02,8159
2303,聯電,267,58,209,台新-台南,2024-07-02,8159
2406,國碩,408,234,174,台新-台南,2024-07-02,8159
00948B,中信優息投資級債,162,1,161,台新-台南,2024-07-02,8159
2353,宏��,151,14,137,台新-台南,2024-07-02,8159
2317,鴻海,332,216,116,台新-台南,2024-07-02,8159
2367,燿華,139,25,114,台新-台南,2024-07-02,8159
3481,群創,144,31,113,台新-台南,2024-07-02,8159
4162,智擎,110,0,110,台新-台南,2024-07-02,8159
00927,群益半導體收益,108,0,108,台新-台南,2024-07-02,8159
0056,元大高股息,105,3,102,台新-台南,2024-07-02,8159
2349,錸德,213,111,102,台新-台南,2024-07-02,8159
6290,良維,111,9,102,台新-台南,2024-07-02,8159
00712,復華富時不動產,86,3,83,台新-台南,2024-07-02,8159
1785,光洋科,103,28,75,台新-台南,2024-07-02,8159
00764B,群益25年美債,60,0,60,台新-台南,2024-07-02,8159
00688L,國泰20年美債正2,175,116,59,台新-台南,2024-07-02,8159
3711,日月光投控,65,11,54,台新-台南,2024-07-02,8159
00931B,統一美債20年,53,0,53,台新-台南,2024-07-02,8159
2002,中鋼,53,0,53,台新-台南,2024-07-02,8159
3312,弘憶股,75,26,49,台新-台南,2024-07-02,8159
00934,中信成長高股息,397,349,48,台新-台南,2024-07-02,8159
9945,潤泰新,51,4,47,台新-台南,2024-07-02,8159
6185,幃翔,46,0,46,台新-台南,2024-07-02,8159
00725B,國泰投資級公司債,50,5,45,台新-台南,2024-07-02,8159
00632R,元大台灣50反1,160,116,44,台新-台南,2024-07-02,8159
00949,復華日本龍頭,41,0,41,台新-台南,2024-07-02,8159
6285,啟��,50,10,40,台新-台南,2024-07-02,8159
3702,大聯大,42,4,38,台新-台南,2024-07-02,8159
2365,昆盈,228,191,37,台新-台南,2024-07-02,8159
2603,長榮,42,8,34,台新-台南,2024-07-02,8159
2495,普安,112,80,32,台新-台南,2024-07-02,8159
2514,龍邦,32,0,32,台新-台南,2024-07-02,8159
2324,仁寶,47,15,32,台新-台南,2024-07-02,8159
00795B,中信美國公債20年,31,0,31,台新-台南,2024-07-02,8159
3535,晶彩科,82,52,30,台新-台南,2024-07-02,8159
2328,廣宇,31,1,30,台新-台南,2024-07-02,8159
2501,國建,32,5,27,台新-台南,2024-07-02,8159
1815,富喬,45,18,27,台新-台南,2024-07-02,8159
8933,愛地雅,27,1,26,台新-台南,2024-07-02,8159
00918,大華優利高填息30,25,0,25,台新-台南,2024-07-02,8159
1504,東元,37,14,23,台新-台南,2024-07-02,8159
4720,德淵,26,3,23,台新-台南,2024-07-02,8159
2890,永豐金,504,0,504,台新-台南,2024-07-03,8159
00680L,元大美債20正2,294,0,294,台新-台南,2024-07-03,8159
9105,泰金寶-DR,358,71,287,台新-台南,2024-07-03,8159
00679B,元大美債20年,230,0,230,台新-台南,2024-07-03,8159
2609,陽明,409,244,165,台新-台南,2024-07-03,8159
2317,鴻海,377,220,157,台新-台南,2024-07-03,8159
00934,中信成長高股息,313,161,152,台新-台南,2024-07-03,8159
00688L,國泰20年美債正2,147,0,147,台新-台南,2024-07-03,8159
00929,復華台灣科技優息,219,76,143,台新-台南,2024-07-03,8159
00632R,元大台灣50反1,116,0,116,台新-台南,2024-07-03,8159
6290,良維,109,4,105,台新-台南,2024-07-03,8159
1110,東泥,102,0,102,台新-台南,2024-07-03,8159
00664R,國泰臺灣加權反1,120,20,100,台新-台南,2024-07-03,8159
00946,群益科技高息成長,102,3,99,台新-台南,2024-07-03,8159
1440,南紡,100,2,98,台新-台南,2024-07-03,8159
00936,台新永續高息中小,103,13,90,台新-台南,2024-07-03,8159
5905,南仁湖,89,0,89,台新-台南,2024-07-03,8159
6443,元晶,216,129,87,台新-台南,2024-07-03,8159
1474,弘裕,80,0,80,台新-台南,2024-07-03,8159
00945B,凱基美國非投等債,80,0,80,台新-台南,2024-07-03,8159
1785,光洋科,158,82,76,台新-台南,2024-07-03,8159
3576,聯合再生,283,208,75,台新-台南,2024-07-03,8159
3481,群創,114,41,73,台新-台南,2024-07-03,8159
2337,旺宏,80,12,68,台新-台南,2024-07-03,8159
2349,錸德,79,23,56,台新-台南,2024-07-03,8159
2836,高雄銀,55,0,55,台新-台南,2024-07-03,8159
6179,亞通,57,7,50,台新-台南,2024-07-03,8159
5512,力麒,45,0,45,台新-台南,2024-07-03,8159
4566,時碩工業,69,25,44,台新-台南,2024-07-03,8159
00942B,台新美A公司債20+,65,22,43,台新-台南,2024-07-03,8159
2467,志聖,76,33,43,台新-台南,2024-07-03,8159
00939,統一台灣高息動能,51,10,41,台新-台南,2024-07-03,8159
3209,全科,40,0,40,台新-台南,2024-07-03,8159
2615,萬海,104,69,35,台新-台南,2024-07-03,8159
5452,佶優,44,10,34,台新-台南,2024-07-03,8159
5347,世界,56,25,31,台新-台南,2024-07-03,8159
2324,仁寶,35,4,31,台新-台南,2024-07-03,8159
3303,岱稜,110,81,29,台新-台南,2024-07-03,8159
4938,和碩,31,3,28,台新-台南,2024-07-03,8159
2332,友訊,49,22,27,台新-台南,2024-07-03,8159
2201,裕隆,27,1,26,台新-台南,2024-07-03,8159
2344,華邦電,88,62,26,台新-台南,2024-07-03,8159
8105,凌巨,34,8,26,台新-台南,2024-07-03,8159
2347,聯強,25,0,25,台新-台南,2024-07-03,8159
5543,桓鼎-KY,21,0,21,台新-台南,2024-07-03,8159
8421,旭源,20,0,20,台新-台南,2024-07-03,8159
8403,盛弘,20,0,20,台新-台南,2024-07-03,8159
3290,東浦,20,0,20,台新-台南,2024-07-03,8159
1504,東元,26,6,20,台新-台南,2024-07-03,8159
00764B,群益25年美債,20,0,20,台新-台南,2024-07-03,8159
00632R,元大台灣50反1,616,200,416,台新-台南,2024-07-04,8159
2618,長榮航,393,34,359,台新-台南,2024-07-04,8159
2890,永豐金,211,0,211,台新-台南,2024-07-04,8159
2002,中鋼,228,30,198,台新-台南,2024-07-04,8159
00929,復華台灣科技優息,246,118,128,台新-台南,2024-07-04,8159
2609,陽明,144,27,117,台新-台南,2024-07-04,8159
00934,中信成長高股息,109,1,108,台新-台南,2024-07-04,8159
2405,輔信,161,57,104,台新-台南,2024-07-04,8159
1474,弘裕,90,0,90,台新-台南,2024-07-04,8159
1815,富喬,101,19,82,台新-台南,2024-07-04,8159
3576,聯合再生,116,38,78,台新-台南,2024-07-04,8159
2412,中華電,82,3,79,台新-台南,2024-07-04,8159
3189,景碩,83,16,67,台新-台南,2024-07-04,8159
00947,台新臺灣IC設計,108,43,65,台新-台南,2024-07-04,8159
2367,燿華,67,14,53,台新-台南,2024-07-04,8159
00942B,台新美A公司債20+,50,0,50,台新-台南,2024-07-04,8159
2382,廣達,55,8,47,台新-台南,2024-07-04,8159
00712,復華富時不動產,54,7,47,台新-台南,2024-07-04,8159
2017,官田鋼,46,1,45,台新-台南,2024-07-04,8159
6226,光鼎,44,2,42,台新-台南,2024-07-04,8159
6176,瑞儀,59,17,42,台新-台南,2024-07-04,8159
2834,臺企銀,50,9,41,台新-台南,2024-07-04,8159
1454,台富,40,0,40,台新-台南,2024-07-04,8159
00945B,凱基美國非投等債,38,0,38,台新-台南,2024-07-04,8159
2888,新光金,67,30,37,台新-台南,2024-07-04,8159
2337,旺宏,70,34,36,台新-台南,2024-07-04,8159
5347,世界,46,10,36,台新-台南,2024-07-04,8159
00936,台新永續高息中小,47,12,35,台新-台南,2024-07-04,8159
00664R,國泰臺灣加權反1,44,10,34,台新-台南,2024-07-04,8159
2349,錸德,34,3,31,台新-台南,2024-07-04,8159
6770,力積電,39,9,30,台新-台南,2024-07-04,8159
00948B,中信優息投資級債,30,0,30,台新-台南,2024-07-04,8159
2603,長榮,34,4,30,台新-台南,2024-07-04,8159
6451,訊芯-KY,32,3,29,台新-台南,2024-07-04,8159
3047,訊舟,171,144,27,台新-台南,2024-07-04,8159
2352,佳世達,47,21,26,台新-台南,2024-07-04,8159
5009,榮剛,26,1,25,台新-台南,2024-07-04,8159
00675L,富邦臺灣加權正2,25,1,24,台新-台南,2024-07-04,8159
3455,由田,32,8,24,台新-台南,2024-07-04,8159
6188,廣明,53,29,24,台新-台南,2024-07-04,8159
6698,旭暉應材,43,20,23,台新-台南,2024-07-04,8159
3050,鈺德,30,8,22,台新-台南,2024-07-04,8159
9103,美德醫療-DR,23,1,22,台新-台南,2024-07-04,8159
00915,凱基優選高股息30,21,0,21,台新-台南,2024-07-04,8159
8105,凌巨,27,6,21,台新-台南,2024-07-04,8159
1312,國喬,21,0,21,台新-台南,2024-07-04,8159
3062,建漢,23,3,20,台新-台南,2024-07-04,8159
3339,泰谷,21,1,20,台新-台南,2024-07-04,8159
3713,新晶投控,20,0,20,台新-台南,2024-07-04,8159
2324,仁寶,30,11,19,台新-台南,2024-07-04,8159
00687B,國泰20年美債,1104,23,1081,台新-台南,2024-07-05,8159
2888,新光金,562,110,452,台新-台南,2024-07-05,8159
4906,正文,214,15,199,台新-台南,2024-07-05,8159
2618,長榮航,195,58,137,台新-台南,2024-07-05,8159
2356,英業達,208,101,107,台新-台南,2024-07-05,8159
3022,威強電,110,3,107,台新-台南,2024-07-05,8159
6451,訊芯-KY,129,25,104,台新-台南,2024-07-05,8159
8021,尖點,104,0,104,台新-台南,2024-07-05,8159
2367,燿華,383,294,89,台新-台南,2024-07-05,8159
2317,鴻海,108,29,79,台新-台南,2024-07-05,8159
2349,錸德,86,8,78,台新-台南,2024-07-05,8159
00936,台新永續高息中小,77,5,72,台新-台南,2024-07-05,8159
2606,裕民,67,0,67,台新-台南,2024-07-05,8159
1474,弘裕,61,0,61,台新-台南,2024-07-05,8159
00680L,元大美債20正2,123,65,58,台新-台南,2024-07-05,8159
2603,長榮,62,8,54,台新-台南,2024-07-05,8159
1303,南亞,52,0,52,台新-台南,2024-07-05,8159
2323,中環,96,51,45,台新-台南,2024-07-05,8159
6282,康舒,59,17,42,台新-台南,2024-07-05,8159
2889,國票金,43,1,42,台新-台南,2024-07-05,8159
1326,台化,41,0,41,台新-台南,2024-07-05,8159
1514,亞力,96,56,40,台新-台南,2024-07-05,8159
4167,松瑞藥,40,1,39,台新-台南,2024-07-05,8159
8110,華東,53,18,35,台新-台南,2024-07-05,8159
2301,光寶科,35,1,34,台新-台南,2024-07-05,8159
3296,勝德,34,1,33,台新-台南,2024-07-05,8159
2467,志聖,49,16,33,台新-台南,2024-07-05,8159
0056,元大高股息,39,9,30,台新-台南,2024-07-05,8159
6191,精成科,30,1,29,台新-台南,2024-07-05,8159
2486,一詮,72,45,27,台新-台南,2024-07-05,8159
5484,慧友,34,7,27,台新-台南,2024-07-05,8159
2609,陽明,62,35,27,台新-台南,2024-07-05,8159
1447,力鵬,88,63,25,台新-台南,2024-07-05,8159
1304,台聚,30,6,24,台新-台南,2024-07-05,8159
3312,弘憶股,51,28,23,台新-台南,2024-07-05,8159
1727,中華化,37,14,23,台新-台南,2024-07-05,8159
00942B,台新美A公司債20+,22,0,22,台新-台南,2024-07-05,8159
2610,華航,48,27,21,台新-台南,2024-07-05,8159
6207,雷科,40,19,21,台新-台南,2024-07-05,8159
00927,群益半導體收益,26,5,21,台新-台南,2024-07-05,8159
3713,新晶投控,20,0,20,台新-台南,2024-07-05,8159
00673R,期元大S＆P原油反1,20,0,20,台新-台南,2024-07-05,8159
2365,昆盈,153,133,20,台新-台南,2024-07-05,8159
3013,晟銘電,21,2,19,台新-台南,2024-07-05,8159
2371,大同,25,7,18,台新-台南,2024-07-05,8159
8476,台境*,18,0,18,台新-台南,2024-07-05,8159
9103,美德醫療-DR,27,10,17,台新-台南,2024-07-05,8159
4961,天鈺,20,3,17,台新-台南,2024-07-05,8159
2890,永豐金,17,1,16,台新-台南,2024-07-05,8159
1402,遠東新,17,1,16,台新-台南,2024-07-05,8159
1785,光洋科,480,207,273,台新-台南,2024-07-08,8159
00937B,群益ESG投等債20,439,219,220,台新-台南,2024-07-08,8159
3615,安可,127,5,122,台新-台南,2024-07-08,8159
2374,佳能,157,44,113,台新-台南,2024-07-08,8159
2618,長榮航,311,209,102,台新-台南,2024-07-08,8159
00673R,期元大S＆P原油反1,95,0,95,台新-台南,2024-07-08,8159
1514,亞力,124,36,88,台新-台南,2024-07-08,8159
2025,千興,87,8,79,台新-台南,2024-07-08,8159
00688L,國泰20年美債正2,84,13,71,台新-台南,2024-07-08,8159
2365,昆盈,398,328,70,台新-台南,2024-07-08,8159
8064,東捷,146,88,58,台新-台南,2024-07-08,8159
4967,十銓,76,20,56,台新-台南,2024-07-08,8159
4564,元翎,60,4,56,台新-台南,2024-07-08,8159
3303,岱稜,156,101,55,台新-台南,2024-07-08,8159
6185,幃翔,55,0,55,台新-台南,2024-07-08,8159
3045,台灣大,76,23,53,台新-台南,2024-07-08,8159
3033,威健,92,40,52,台新-台南,2024-07-08,8159
00680L,元大美債20正2,92,40,52,台新-台南,2024-07-08,8159
2363,矽統,173,123,50,台新-台南,2024-07-08,8159
2409,友達,61,11,50,台新-台南,2024-07-08,8159
3313,斐成,58,11,47,台新-台南,2024-07-08,8159
6127,九豪,64,19,45,台新-台南,2024-07-08,8159
2882,國泰金,60,16,44,台新-台南,2024-07-08,8159
2354,鴻準,68,24,44,台新-台南,2024-07-08,8159
00945B,凱基美國非投等債,43,0,43,台新-台南,2024-07-08,8159
1475,業旺,40,0,40,台新-台南,2024-07-08,8159
00885,富邦越南,60,21,39,台新-台南,2024-07-08,8159
3390,旭軟,43,4,39,台新-台南,2024-07-08,8159
2337,旺宏,52,13,39,台新-台南,2024-07-08,8159
6217,中探針,51,14,37,台新-台南,2024-07-08,8159
2606,裕民,89,53,36,台新-台南,2024-07-08,8159
2371,大同,48,12,36,台新-台南,2024-07-08,8159
00936,台新永續高息中小,69,33,36,台新-台南,2024-07-08,8159
4566,時碩工業,50,16,34,台新-台南,2024-07-08,8159
3057,喬鼎,35,1,34,台新-台南,2024-07-08,8159
2317,鴻海,286,253,33,台新-台南,2024-07-08,8159
5443,均豪,244,212,32,台新-台南,2024-07-08,8159
2352,佳世達,38,7,31,台新-台南,2024-07-08,8159
00687B,國泰20年美債,31,0,31,台新-台南,2024-07-08,8159
1536,和大,74,45,29,台新-台南,2024-07-08,8159
2537,聯上發,32,3,29,台新-台南,2024-07-08,8159
3607,谷崧,60,31,29,台新-台南,2024-07-08,8159
00735,國泰臺韓科技,28,0,28,台新-台南,2024-07-08,8159
6189,豐藝,42,14,28,台新-台南,2024-07-08,8159
3048,益登,95,69,26,台新-台南,2024-07-08,8159
3019,亞光,51,25,26,台新-台南,2024-07-08,8159
3032,偉訓,25,0,25,台新-台南,2024-07-08,8159
2911,麗嬰房,27,2,25,台新-台南,2024-07-08,8159
4545,銘鈺,27,3,24,台新-台南,2024-07-08,8159
1301,台塑,24,1,23,台新-台南,2024-07-08,8159
2888,新光金,1757,582,1175,台新-台南,2024-07-09,8159
00937B,群益ESG投等債20,712,52,660,台新-台南,2024-07-09,8159
2883,凱基金,617,32,585,台新-台南,2024-07-09,8159
00945B,凱基美國非投等債,537,0,537,台新-台南,2024-07-09,8159
1718,中纖,479,14,465,台新-台南,2024-07-09,8159
9105,泰金寶-DR,723,377,346,台新-台南,2024-07-09,8159
2317,鴻海,436,153,283,台新-台南,2024-07-09,8159
2312,金寶,430,205,225,台新-台南,2024-07-09,8159
6546,正基,228,14,214,台新-台南,2024-07-09,8159
2353,宏��,228,16,212,台新-台南,2024-07-09,8159
4906,正文,358,219,139,台新-台南,2024-07-09,8159
00936,台新永續高息中小,230,104,126,台新-台南,2024-07-09,8159
1326,台化,116,0,116,台新-台南,2024-07-09,8159
1314,中石化,173,58,115,台新-台南,2024-07-09,8159
9103,美德醫療-DR,96,2,94,台新-台南,2024-07-09,8159
4306,炎洲,157,64,93,台新-台南,2024-07-09,8159
2834,臺企銀,103,10,93,台新-台南,2024-07-09,8159
2349,錸德,119,30,89,台新-台南,2024-07-09,8159
00680L,元大美債20正2,82,2,80,台新-台南,2024-07-09,8159
3050,鈺德,135,67,68,台新-台南,2024-07-09,8159
2603,長榮,86,27,59,台新-台南,2024-07-09,8159
00891,中信關鍵半導體,57,2,55,台新-台南,2024-07-09,8159
2352,佳世達,53,0,53,台新-台南,2024-07-09,8159
1316,上曜,51,2,49,台新-台南,2024-07-09,8159
00949,復華日本龍頭,50,1,49,台新-台南,2024-07-09,8159
1785,光洋科,266,218,48,台新-台南,2024-07-09,8159
4976,佳凌,54,6,48,台新-台南,2024-07-09,8159
00679B,元大美債20年,53,6,47,台新-台南,2024-07-09,8159
2417,圓剛,52,5,47,台新-台南,2024-07-09,8159
2025,千興,49,5,44,台新-台南,2024-07-09,8159
5475,德宏,43,0,43,台新-台南,2024-07-09,8159
1447,力鵬,92,50,42,台新-台南,2024-07-09,8159
3615,安可,62,21,41,台新-台南,2024-07-09,8159
2618,長榮航,154,115,39,台新-台南,2024-07-09,8159
4720,德淵,39,0,39,台新-台南,2024-07-09,8159
00927,群益半導體收益,42,4,38,台新-台南,2024-07-09,8159
8039,台虹,36,1,35,台新-台南,2024-07-09,8159
2887,台新金,47,17,30,台新-台南,2024-07-09,8159
3038,全台,30,0,30,台新-台南,2024-07-09,8159
2915,潤泰全,31,1,30,台新-台南,2024-07-09,8159
2542,興富發,34,5,29,台新-台南,2024-07-09,8159
00713,元大台灣高息低波,31,2,29,台新-台南,2024-07-09,8159
8358,金居,29,0,29,台新-台南,2024-07-09,8159
4960,誠美材,72,44,28,台新-台南,2024-07-09,8159
8110,華東,44,16,28,台新-台南,2024-07-09,8159
2610,華航,80,53,27,台新-台南,2024-07-09,8159
2449,京元電子,207,181,26,台新-台南,2024-07-09,8159
3490,單井,28,2,26,台新-台南,2024-07-09,8159
1528,恩德,32,7,25,台新-台南,2024-07-09,8159
6213,聯茂,37,14,23,台新-台南,2024-07-09,8159
00679B,元大美債20年,886,107,779,台新-台南,2024-07-10,8159
00632R,元大台灣50反1,525,2,523,台新-台南,2024-07-10,8159
00665L,富邦�琤肭磪囓�2,424,23,401,台新-台南,2024-07-10,8159
00680L,元大美債20正2,390,46,344,台新-台南,2024-07-10,8159
00688L,國泰20年美債正2,328,10,318,台新-台南,2024-07-10,8159
00929,復華台灣科技優息,232,97,135,台新-台南,2024-07-10,8159
1718,中纖,140,6,134,台新-台南,2024-07-10,8159
00934,中信成長高股息,166,61,105,台新-台南,2024-07-10,8159
2317,鴻海,181,96,85,台新-台南,2024-07-10,8159
00927,群益半導體收益,64,0,64,台新-台南,2024-07-10,8159
6244,茂迪,62,6,56,台新-台南,2024-07-10,8159
00937B,群益ESG投等債20,124,71,53,台新-台南,2024-07-10,8159
00919,群益台灣精選高息,67,17,50,台新-台南,2024-07-10,8159
3481,群創,96,46,50,台新-台南,2024-07-10,8159
9945,潤泰新,48,2,46,台新-台南,2024-07-10,8159
2323,中環,103,58,45,台新-台南,2024-07-10,8159
00942B,台新美A公司債20+,84,40,44,台新-台南,2024-07-10,8159
3231,緯創,61,18,43,台新-台南,2024-07-10,8159
2367,燿華,144,101,43,台新-台南,2024-07-10,8159
00949,復華日本龍頭,39,0,39,台新-台南,2024-07-10,8159
00725B,國泰投資級公司債,33,0,33,台新-台南,2024-07-10,8159
00950B,凱基A級公司債,33,0,33,台新-台南,2024-07-10,8159
1611,中電,38,5,33,台新-台南,2024-07-10,8159
2845,遠東銀,44,11,33,台新-台南,2024-07-10,8159
9105,泰金寶-DR,74,42,32,台新-台南,2024-07-10,8159
2303,聯電,55,24,31,台新-台南,2024-07-10,8159
2392,正崴,455,424,31,台新-台南,2024-07-10,8159
2002,中鋼,32,2,30,台新-台南,2024-07-10,8159
6443,元晶,30,0,30,台新-台南,2024-07-10,8159
3673,TPK-KY,51,24,27,台新-台南,2024-07-10,8159
00936,台新永續高息中小,34,7,27,台新-台南,2024-07-10,8159
2543,皇昌,39,12,27,台新-台南,2024-07-10,8159
5443,均豪,49,23,26,台新-台南,2024-07-10,8159
2417,圓剛,37,11,26,台新-台南,2024-07-10,8159
6770,力積電,28,2,26,台新-台南,2024-07-10,8159
00878,國泰永續高股息,65,40,25,台新-台南,2024-07-10,8159
3141,晶宏,25,0,25,台新-台南,2024-07-10,8159
2405,輔信,52,28,24,台新-台南,2024-07-10,8159
0056,元大高股息,43,20,23,台新-台南,2024-07-10,8159
2406,國碩,57,34,23,台新-台南,2024-07-10,8159
5876,上海商銀,38,15,23,台新-台南,2024-07-10,8159
6197,佳必琪,62,41,21,台新-台南,2024-07-10,8159
6133,金橋,29,8,21,台新-台南,2024-07-10,8159
1603,華電,21,0,21,台新-台南,2024-07-10,8159
6116,彩晶,21,0,21,台新-台南,2024-07-10,8159
2603,長榮,25,4,21,台新-台南,2024-07-10,8159
00935,野村臺灣新科技50,22,2,20,台新-台南,2024-07-10,8159
00676R,富邦臺灣加權反1,20,0,20,台新-台南,2024-07-10,8159
2344,華邦電,31,12,19,台新-台南,2024-07-10,8159
2889,國票金,22,3,19,台新-台南,2024-07-10,8159
00632R,元大台灣50反1,2903,0,2903,台新-台南,2024-07-11,8159
1815,富喬,452,145,307,台新-台南,2024-07-11,8159
1718,中纖,245,1,244,台新-台南,2024-07-11,8159
00937B,群益ESG投等債20,229,14,215,台新-台南,2024-07-11,8159
1110,東泥,148,0,148,台新-台南,2024-07-11,8159
2888,新光金,422,278,144,台新-台南,2024-07-11,8159
2867,三商壽,185,48,137,台新-台南,2024-07-11,8159
00905,FT臺灣Smart,115,0,115,台新-台南,2024-07-11,8159
3024,憶聲,112,0,112,台新-台南,2024-07-11,8159
2367,燿華,187,76,111,台新-台南,2024-07-11,8159
00942B,台新美A公司債20+,121,16,105,台新-台南,2024-07-11,8159
00945B,凱基美國非投等債,103,0,103,台新-台南,2024-07-11,8159
00949,復華日本龍頭,102,0,102,台新-台南,2024-07-11,8159
1514,亞力,145,64,81,台新-台南,2024-07-11,8159
2515,中工,66,2,64,台新-台南,2024-07-11,8159
00935,野村臺灣新科技50,66,3,63,台新-台南,2024-07-11,8159
2371,大同,63,4,59,台新-台南,2024-07-11,8159
00725B,國泰投資級公司債,56,0,56,台新-台南,2024-07-11,8159
1584,精剛,50,1,49,台新-台南,2024-07-11,8159
00944,野村趨勢動能高息,47,0,47,台新-台南,2024-07-11,8159
00948B,中信優息投資級債,56,10,46,台新-台南,2024-07-11,8159
00933B,國泰10Y+金融債,44,0,44,台新-台南,2024-07-11,8159
6152,百一,49,6,43,台新-台南,2024-07-11,8159
6167,久正,41,0,41,台新-台南,2024-07-11,8159
00676R,富邦臺灣加權反1,40,0,40,台新-台南,2024-07-11,8159
1513,中興電,122,84,38,台新-台南,2024-07-11,8159
1314,中石化,58,22,36,台新-台南,2024-07-11,8159
2489,瑞軒,94,58,36,台新-台南,2024-07-11,8159
1609,大亞,63,28,35,台新-台南,2024-07-11,8159
4526,東台,36,1,35,台新-台南,2024-07-11,8159
00679B,元大美債20年,47,12,35,台新-台南,2024-07-11,8159
2382,廣達,50,18,32,台新-台南,2024-07-11,8159
8039,台虹,38,6,32,台新-台南,2024-07-11,8159
2301,光寶科,37,6,31,台新-台南,2024-07-11,8159
2362,藍天,45,14,31,台新-台南,2024-07-11,8159
4306,炎洲,32,2,30,台新-台南,2024-07-11,8159
4563,百德,30,0,30,台新-台南,2024-07-11,8159
1608,華榮,33,3,30,台新-台南,2024-07-11,8159
00688L,國泰20年美債正2,80,51,29,台新-台南,2024-07-11,8159
2610,華航,34,5,29,台新-台南,2024-07-11,8159
2530,華建,28,0,28,台新-台南,2024-07-11,8159
1101,台泥,33,8,25,台新-台南,2024-07-11,8159
00950B,凱基A級公司債,25,0,25,台新-台南,2024-07-11,8159
1447,力鵬,25,0,25,台新-台南,2024-07-11,8159
8021,尖點,27,2,25,台新-台南,2024-07-11,8159
6578,達邦蛋白,25,1,24,台新-台南,2024-07-11,8159
6005,群益證,24,0,24,台新-台南,2024-07-11,8159
6282,康舒,35,11,24,台新-台南,2024-07-11,8159
2891,中信金,43,19,24,台新-台南,2024-07-11,8159
2545,皇翔,23,0,23,台新-台南,2024-07-11,8159
00632R,元大台灣50反1,575,34,541,台新-台南,2024-07-12,8159
00929,復華台灣科技優息,544,123,421,台新-台南,2024-07-12,8159
00945B,凱基美國非投等債,356,0,356,台新-台南,2024-07-12,8159
00934,中信成長高股息,381,47,334,台新-台南,2024-07-12,8159
00919,群益台灣精選高息,328,118,210,台新-台南,2024-07-12,8159
1718,中纖,150,4,146,台新-台南,2024-07-12,8159
1316,上曜,162,37,125,台新-台南,2024-07-12,8159
1110,東泥,110,0,110,台新-台南,2024-07-12,8159
00927,群益半導體收益,109,0,109,台新-台南,2024-07-12,8159
00946,群益科技高息成長,113,5,108,台新-台南,2024-07-12,8159
00878,國泰永續高股息,150,44,106,台新-台南,2024-07-12,8159
00935,野村臺灣新科技50,105,4,101,台新-台南,2024-07-12,8159
00664R,國泰臺灣加權反1,100,10,90,台新-台南,2024-07-12,8159
2867,三商壽,754,665,89,台新-台南,2024-07-12,8159
5213,亞昕,82,0,82,台新-台南,2024-07-12,8159
2303,聯電,108,27,81,台新-台南,2024-07-12,8159
2312,金寶,513,433,80,台新-台南,2024-07-12,8159
2609,陽明,91,20,71,台新-台南,2024-07-12,8159
3290,東浦,70,0,70,台新-台南,2024-07-12,8159
3711,日月光投控,83,19,64,台新-台南,2024-07-12,8159
00881,國泰台灣5G+,64,4,60,台新-台南,2024-07-12,8159
00947,台新臺灣IC設計,67,11,56,台新-台南,2024-07-12,8159
2883,凱基金,56,6,50,台新-台南,2024-07-12,8159
8112,至上,53,4,49,台新-台南,2024-07-12,8159
911868,同方友友-DR,55,6,49,台新-台南,2024-07-12,8159
00753L,中信中國50正2,84,36,48,台新-台南,2024-07-12,8159
3060,銘異,47,0,47,台新-台南,2024-07-12,8159
1785,光洋科,67,21,46,台新-台南,2024-07-12,8159
1616,億泰,73,27,46,台新-台南,2024-07-12,8159
00949,復華日本龍頭,47,1,46,台新-台南,2024-07-12,8159
2330,台積電,67,22,45,台新-台南,2024-07-12,8159
2367,燿華,88,45,43,台新-台南,2024-07-12,8159
8150,南茂,42,0,42,台新-台南,2024-07-12,8159
3715,定穎投控,43,2,41,台新-台南,2024-07-12,8159
4155,訊映,40,0,40,台新-台南,2024-07-12,8159
2618,長榮航,51,12,39,台新-台南,2024-07-12,8159
2520,冠德,36,1,35,台新-台南,2024-07-12,8159
0056,元大高股息,53,18,35,台新-台南,2024-07-12,8159
00631L,元大台灣50正2,38,4,34,台新-台南,2024-07-12,8159
3450,聯鈞,69,37,32,台新-台南,2024-07-12,8159
2501,國建,30,0,30,台新-台南,2024-07-12,8159
2402,毅嘉,35,5,30,台新-台南,2024-07-12,8159
006208,富邦台50,38,9,29,台新-台南,2024-07-12,8159
2606,裕民,30,1,29,台新-台南,2024-07-12,8159
8463,潤泰材,28,0,28,台新-台南,2024-07-12,8159
2002,中鋼,34,6,28,台新-台南,2024-07-12,8159
00675L,富邦臺灣加權正2,27,0,27,台新-台南,2024-07-12,8159
1608,華榮,92,65,27,台新-台南,2024-07-12,8159
00948B,中信優息投資級債,26,0,26,台新-台南,2024-07-12,8159
2515,中工,42,16,26,台新-台南,2024-07-12,8159
00688L,國泰20年美債正2,394,0,394,台新-台南,2024-07-15,8159
0056,元大高股息,298,4,294,台新-台南,2024-07-15,8159
00680L,元大美債20正2,301,17,284,台新-台南,2024-07-15,8159
2356,英業達,344,106,238,台新-台南,2024-07-15,8159
2618,長榮航,282,55,227,台新-台南,2024-07-15,8159
00905,FT臺灣Smart,208,0,208,台新-台南,2024-07-15,8159
1608,華榮,239,70,169,台新-台南,2024-07-15,8159
9945,潤泰新,143,19,124,台新-台南,2024-07-15,8159
00712,復華富時不動產,147,30,117,台新-台南,2024-07-15,8159
00713,元大台灣高息低波,118,7,111,台新-台南,2024-07-15,8159
9105,泰金寶-DR,170,65,105,台新-台南,2024-07-15,8159
5328,華容,128,24,104,台新-台南,2024-07-15,8159
00936,台新永續高息中小,115,12,103,台新-台南,2024-07-15,8159
2332,友訊,107,5,102,台新-台南,2024-07-15,8159
00948B,中信優息投資級債,102,0,102,台新-台南,2024-07-15,8159
2323,中環,116,16,100,台新-台南,2024-07-15,8159
2891,中信金,120,24,96,台新-台南,2024-07-15,8159
00940,元大台灣價值高息,168,76,92,台新-台南,2024-07-15,8159
2489,瑞軒,346,272,74,台新-台南,2024-07-15,8159
00945B,凱基美國非投等債,119,50,69,台新-台南,2024-07-15,8159
2312,金寶,372,306,66,台新-台南,2024-07-15,8159
1314,中石化,65,0,65,台新-台南,2024-07-15,8159
6152,百一,61,0,61,台新-台南,2024-07-15,8159
1721,三晃,187,126,61,台新-台南,2024-07-15,8159
2888,新光金,254,196,58,台新-台南,2024-07-15,8159
00942B,台新美A公司債20+,62,5,57,台新-台南,2024-07-15,8159
00687B,國泰20年美債,57,1,56,台新-台南,2024-07-15,8159
1785,光洋科,93,38,55,台新-台南,2024-07-15,8159
911868,同方友友-DR,54,0,54,台新-台南,2024-07-15,8159
2409,友達,88,35,53,台新-台南,2024-07-15,8159
00937B,群益ESG投等債20,91,39,52,台新-台南,2024-07-15,8159
00664R,國泰臺灣加權反1,50,0,50,台新-台南,2024-07-15,8159
00919,群益台灣精選高息,111,63,48,台新-台南,2024-07-15,8159
2867,三商壽,238,190,48,台新-台南,2024-07-15,8159
2025,千興,49,4,45,台新-台南,2024-07-15,8159
1326,台化,42,0,42,台新-台南,2024-07-15,8159
00679B,元大美債20年,59,18,41,台新-台南,2024-07-15,8159
2609,陽明,53,13,40,台新-台南,2024-07-15,8159
00719B,元大美債1-3,40,0,40,台新-台南,2024-07-15,8159
1711,永光,40,1,39,台新-台南,2024-07-15,8159
2353,宏��,74,36,38,台新-台南,2024-07-15,8159
4157,太景*-KY,37,0,37,台新-台南,2024-07-15,8159
3712,永崴投控,51,18,33,台新-台南,2024-07-15,8159
9955,佳龍,34,1,33,台新-台南,2024-07-15,8159
00929,復華台灣科技優息,147,115,32,台新-台南,2024-07-15,8159
2885,元大金,32,0,32,台新-台南,2024-07-15,8159
2610,華航,63,32,31,台新-台南,2024-07-15,8159
00751B,元大AAA至A公司債,36,5,31,台新-台南,2024-07-15,8159
00764B,群益25年美債,30,0,30,台新-台南,2024-07-15,8159
00671R,富邦NASDAQ反1,30,0,30,台新-台南,2024-07-15,8159
00632R,元大台灣50反1,975,70,905,台新-台南,2024-07-16,8159
00664R,國泰臺灣加權反1,470,70,400,台新-台南,2024-07-16,8159
00934,中信成長高股息,246,0,246,台新-台南,2024-07-16,8159
00937B,群益ESG投等債20,251,25,226,台新-台南,2024-07-16,8159
00919,群益台灣精選高息,192,26,166,台新-台南,2024-07-16,8159
00929,復華台灣科技優息,179,25,154,台新-台南,2024-07-16,8159
0056,元大高股息,141,15,126,台新-台南,2024-07-16,8159
6153,嘉聯益,118,5,113,台新-台南,2024-07-16,8159
00942B,台新美A公司債20+,116,5,111,台新-台南,2024-07-16,8159
00679B,元大美債20年,129,19,110,台新-台南,2024-07-16,8159
00857B,永豐20年美公債,108,1,107,台新-台南,2024-07-16,8159
00764B,群益25年美債,100,0,100,台新-台南,2024-07-16,8159
1608,華榮,115,22,93,台新-台南,2024-07-16,8159
00905,FT臺灣Smart,86,0,86,台新-台南,2024-07-16,8159
2897,王道銀行,82,0,82,台新-台南,2024-07-16,8159
2317,鴻海,121,44,77,台新-台南,2024-07-16,8159
2610,華航,79,7,72,台新-台南,2024-07-16,8159
00676R,富邦臺灣加權反1,70,0,70,台新-台南,2024-07-16,8159
00878,國泰永續高股息,86,17,69,台新-台南,2024-07-16,8159
2312,金寶,218,153,65,台新-台南,2024-07-16,8159
00946,群益科技高息成長,66,10,56,台新-台南,2024-07-16,8159
2367,燿華,81,27,54,台新-台南,2024-07-16,8159
5347,世界,55,5,50,台新-台南,2024-07-16,8159
00936,台新永續高息中小,73,24,49,台新-台南,2024-07-16,8159
2492,華新科,77,29,48,台新-台南,2024-07-16,8159
2603,長榮,46,0,46,台新-台南,2024-07-16,8159
9945,潤泰新,67,25,42,台新-台南,2024-07-16,8159
2609,陽明,93,56,37,台新-台南,2024-07-16,8159
6770,力積電,45,8,37,台新-台南,2024-07-16,8159
00882,中信中國高股息,47,10,37,台新-台南,2024-07-16,8159
6021,美好證,34,0,34,台新-台南,2024-07-16,8159
2406,國碩,38,5,33,台新-台南,2024-07-16,8159
2891,中信金,45,13,32,台新-台南,2024-07-16,8159
3706,神達,55,27,28,台新-台南,2024-07-16,8159
1785,光洋科,63,36,27,台新-台南,2024-07-16,8159
5213,亞昕,28,2,26,台新-台南,2024-07-16,8159
2409,友達,33,8,25,台新-台南,2024-07-16,8159
2303,聯電,30,5,25,台新-台南,2024-07-16,8159
2241,艾姆勒,25,3,22,台新-台南,2024-07-16,8159
00927,群益半導體收益,23,1,22,台新-台南,2024-07-16,8159
2332,友訊,22,0,22,台新-台南,2024-07-16,8159
6451,訊芯-KY,27,6,21,台新-台南,2024-07-16,8159
5381,合正,21,1,20,台新-台南,2024-07-16,8159
2328,廣宇,20,0,20,台新-台南,2024-07-16,8159
1102,亞泥,20,0,20,台新-台南,2024-07-16,8159
3708,上緯投控,59,40,19,台新-台南,2024-07-16,8159
1514,亞力,33,14,19,台新-台南,2024-07-16,8159
8936,國統,54,36,18,台新-台南,2024-07-16,8159
2408,南亞科,20,3,17,台新-台南,2024-07-16,8159
2515,中工,33,17,16,台新-台南,2024-07-16,8159
00929,復華台灣科技優息,573,16,557,台新-台南,2024-07-17,8159
2883,凱基金,335,37,298,台新-台南,2024-07-17,8159
1718,中纖,200,1,199,台新-台南,2024-07-17,8159
3231,緯創,222,38,184,台新-台南,2024-07-17,8159
00919,群益台灣精選高息,208,33,175,台新-台南,2024-07-17,8159
4906,正文,200,31,169,台新-台南,2024-07-17,8159
6005,群益證,158,0,158,台新-台南,2024-07-17,8159
00937B,群益ESG投等債20,147,1,146,台新-台南,2024-07-17,8159
00936,台新永續高息中小,135,2,133,台新-台南,2024-07-17,8159
00665L,富邦�琤肭磪囓�2,139,16,123,台新-台南,2024-07-17,8159
0056,元大高股息,124,13,111,台新-台南,2024-07-17,8159
00934,中信成長高股息,106,4,102,台新-台南,2024-07-17,8159
3019,亞光,102,12,90,台新-台南,2024-07-17,8159
00940,元大台灣價值高息,132,51,81,台新-台南,2024-07-17,8159
2025,千興,66,2,64,台新-台南,2024-07-17,8159
00878,國泰永續高股息,84,21,63,台新-台南,2024-07-17,8159
2382,廣達,73,11,62,台新-台南,2024-07-17,8159
6770,力積電,103,41,62,台新-台南,2024-07-17,8159
9105,泰金寶-DR,66,7,59,台新-台南,2024-07-17,8159
2609,陽明,71,16,55,台新-台南,2024-07-17,8159
911868,同方友友-DR,56,3,53,台新-台南,2024-07-17,8159
00945B,凱基美國非投等債,50,0,50,台新-台南,2024-07-17,8159
3376,新日興,57,9,48,台新-台南,2024-07-17,8159
5244,弘凱,45,0,45,台新-台南,2024-07-17,8159
1102,亞泥,44,0,44,台新-台南,2024-07-17,8159
9904,寶成,61,19,42,台新-台南,2024-07-17,8159
1608,華榮,65,23,42,台新-台南,2024-07-17,8159
1409,新纖,177,139,38,台新-台南,2024-07-17,8159
8011,台通,80,43,37,台新-台南,2024-07-17,8159
00891,中信關鍵半導體,37,0,37,台新-台南,2024-07-17,8159
00933B,國泰10Y+金融債,43,8,35,台新-台南,2024-07-17,8159
00918,大華優利高填息30,36,1,35,台新-台南,2024-07-17,8159
2330,台積電,49,14,35,台新-台南,2024-07-17,8159
00946,群益科技高息成長,36,2,34,台新-台南,2024-07-17,8159
4526,東台,64,31,33,台新-台南,2024-07-17,8159
6021,美好證,33,0,33,台新-台南,2024-07-17,8159
3673,TPK-KY,48,16,32,台新-台南,2024-07-17,8159
1536,和大,36,5,31,台新-台南,2024-07-17,8159
2834,臺企銀,30,0,30,台新-台南,2024-07-17,8159
8039,台虹,30,0,30,台新-台南,2024-07-17,8159
2611,志信,30,0,30,台新-台南,2024-07-17,8159
2344,華邦電,32,2,30,台新-台南,2024-07-17,8159
00905,FT臺灣Smart,49,20,29,台新-台南,2024-07-17,8159
2376,技嘉,34,5,29,台新-台南,2024-07-17,8159
00927,群益半導體收益,29,1,28,台新-台南,2024-07-17,8159
00751B,元大AAA至A公司債,31,3,28,台新-台南,2024-07-17,8159
00881,國泰台灣5G+,27,0,27,台新-台南,2024-07-17,8159
2449,京元電子,53,26,27,台新-台南,2024-07-17,8159
2542,興富發,59,33,26,台新-台南,2024-07-17,8159
2890,永豐金,26,0,26,台新-台南,2024-07-17,8159
00929,復華台灣科技優息,526,101,425,台新-台南,2024-07-18,8159
00680L,元大美債20正2,422,3,419,台新-台南,2024-07-18,8159
2618,長榮航,238,6,232,台新-台南,2024-07-18,8159
00919,群益台灣精選高息,303,103,200,台新-台南,2024-07-18,8159
00688L,國泰20年美債正2,226,32,194,台新-台南,2024-07-18,8159
2888,新光金,231,38,193,台新-台南,2024-07-18,8159
2317,鴻海,359,201,158,台新-台南,2024-07-18,8159
00946,群益科技高息成長,199,63,136,台新-台南,2024-07-18,8159
00937B,群益ESG投等債20,137,13,124,台新-台南,2024-07-18,8159
9945,潤泰新,336,220,116,台新-台南,2024-07-18,8159
00878,國泰永續高股息,222,110,112,台新-台南,2024-07-18,8159
00665L,富邦�琤肭磪囓�2,128,21,107,台新-台南,2024-07-18,8159
00927,群益半導體收益,103,0,103,台新-台南,2024-07-18,8159
2330,台積電,96,29,67,台新-台南,2024-07-18,8159
2356,英業達,94,27,67,台新-台南,2024-07-18,8159
00881,國泰台灣5G+,88,21,67,台新-台南,2024-07-18,8159
1718,中纖,61,0,61,台新-台南,2024-07-18,8159
2382,廣達,109,49,60,台新-台南,2024-07-18,8159
00947,台新臺灣IC設計,53,5,48,台新-台南,2024-07-18,8159
00935,野村臺灣新科技50,47,2,45,台新-台南,2024-07-18,8159
5244,弘凱,44,0,44,台新-台南,2024-07-18,8159
2610,華航,46,3,43,台新-台南,2024-07-18,8159
2312,金寶,116,76,40,台新-台南,2024-07-18,8159
6770,力積電,93,55,38,台新-台南,2024-07-18,8159
1611,中電,42,6,36,台新-台南,2024-07-18,8159
2365,昆盈,291,256,35,台新-台南,2024-07-18,8159
3013,晟銘電,333,298,35,台新-台南,2024-07-18,8159
2867,三商壽,34,0,34,台新-台南,2024-07-18,8159
2489,瑞軒,72,39,33,台新-台南,2024-07-18,8159
0056,元大高股息,72,39,33,台新-台南,2024-07-18,8159
00923,群益台ESG低碳50,36,3,33,台新-台南,2024-07-18,8159
6152,百一,32,0,32,台新-台南,2024-07-18,8159
3689,湧德,56,24,32,台新-台南,2024-07-18,8159
2362,藍天,77,46,31,台新-台南,2024-07-18,8159
2328,廣宇,32,1,31,台新-台南,2024-07-18,8159
2409,友達,40,10,30,台新-台南,2024-07-18,8159
2834,臺企銀,45,15,30,台新-台南,2024-07-18,8159
1402,遠東新,31,1,30,台新-台南,2024-07-18,8159
00936,台新永續高息中小,123,94,29,台新-台南,2024-07-18,8159
2353,宏��,48,19,29,台新-台南,2024-07-18,8159
00940,元大台灣價值高息,196,169,27,台新-台南,2024-07-18,8159
00915,凱基優選高股息30,27,0,27,台新-台南,2024-07-18,8159
6153,嘉聯益,28,1,27,台新-台南,2024-07-18,8159
1101,台泥,77,50,27,台新-台南,2024-07-18,8159
3711,日月光投控,29,3,26,台新-台南,2024-07-18,8159
1316,上曜,90,64,26,台新-台南,2024-07-18,8159
006208,富邦台50,30,4,26,台新-台南,2024-07-18,8159
2313,華通,42,17,25,台新-台南,2024-07-18,8159
2344,華邦電,48,23,25,台新-台南,2024-07-18,8159
6290,良維,30,5,25,台新-台南,2024-07-18,8159
00679B,元大美債20年,399,19,380,台新-台南,2024-07-19,8159
00929,復華台灣科技優息,506,157,349,台新-台南,2024-07-19,8159
00919,群益台灣精選高息,400,89,311,台新-台南,2024-07-19,8159
1449,佳和,224,0,224,台新-台南,2024-07-19,8159
6153,嘉聯益,222,1,221,台新-台南,2024-07-19,8159
00676R,富邦臺灣加權反1,250,30,220,台新-台南,2024-07-19,8159
2888,新光金,323,118,205,台新-台南,2024-07-19,8159
2897,王道銀行,198,0,198,台新-台南,2024-07-19,8159
2025,千興,220,22,198,台新-台南,2024-07-19,8159
2344,華邦電,187,3,184,台新-台南,2024-07-19,8159
00946,群益科技高息成長,193,26,167,台新-台南,2024-07-19,8159
3338,泰碩,168,1,167,台新-台南,2024-07-19,8159
00878,國泰永續高股息,224,62,162,台新-台南,2024-07-19,8159
00680L,元大美債20正2,250,128,122,台新-台南,2024-07-19,8159
00936,台新永續高息中小,164,64,100,台新-台南,2024-07-19,8159
2610,華航,116,17,99,台新-台南,2024-07-19,8159
2330,台積電,129,32,97,台新-台南,2024-07-19,8159
4306,炎洲,89,0,89,台新-台南,2024-07-19,8159
6505,台塑化,85,0,85,台新-台南,2024-07-19,8159
00665L,富邦�琤肭磪囓�2,155,81,74,台新-台南,2024-07-19,8159
0056,元大高股息,135,64,71,台新-台南,2024-07-19,8159
00915,凱基優選高股息30,78,7,71,台新-台南,2024-07-19,8159
3518,柏騰,83,13,70,台新-台南,2024-07-19,8159
00934,中信成長高股息,74,6,68,台新-台南,2024-07-19,8159
00923,群益台ESG低碳50,65,1,64,台新-台南,2024-07-19,8159
1506,正道,60,0,60,台新-台南,2024-07-19,8159
2356,英業達,72,12,60,台新-台南,2024-07-19,8159
00927,群益半導體收益,58,1,57,台新-台南,2024-07-19,8159
2883,凱基金,184,128,56,台新-台南,2024-07-19,8159
1608,華榮,59,4,55,台新-台南,2024-07-19,8159
1314,中石化,65,12,53,台新-台南,2024-07-19,8159
1718,中纖,53,0,53,台新-台南,2024-07-19,8159
2603,長榮,85,33,52,台新-台南,2024-07-19,8159
2324,仁寶,52,1,51,台新-台南,2024-07-19,8159
1447,力鵬,50,1,49,台新-台南,2024-07-19,8159
2891,中信金,55,6,49,台新-台南,2024-07-19,8159
1312,國喬,55,7,48,台新-台南,2024-07-19,8159
1102,亞泥,48,0,48,台新-台南,2024-07-19,8159
4903,聯光通,47,2,45,台新-台南,2024-07-19,8159
4564,元翎,53,10,43,台新-台南,2024-07-19,8159
00882,中信中國高股息,55,13,42,台新-台南,2024-07-19,8159
2371,大同,64,23,41,台新-台南,2024-07-19,8159
2353,宏��,50,9,41,台新-台南,2024-07-19,8159
3060,銘異,44,4,40,台新-台南,2024-07-19,8159
2511,太子,36,0,36,台新-台南,2024-07-19,8159
2887,台新金,52,16,36,台新-台南,2024-07-19,8159
8021,尖點,41,6,35,台新-台南,2024-07-19,8159
6770,力積電,33,0,33,台新-台南,2024-07-19,8159
2845,遠東銀,33,0,33,台新-台南,2024-07-19,8159
5202,力新,33,0,33,台新-台南,2024-07-19,8159
00929,復華台灣科技優息,869,190,679,台新-台南,2024-07-22,8159
00919,群益台灣精選高息,693,70,623,台新-台南,2024-07-22,8159
00940,元大台灣價值高息,718,136,582,台新-台南,2024-07-22,8159
00680L,元大美債20正2,429,0,429,台新-台南,2024-07-22,8159
00637L,元大滬深300正2,350,0,350,台新-台南,2024-07-22,8159
2618,長榮航,374,104,270,台新-台南,2024-07-22,8159
00937B,群益ESG投等債20,319,50,269,台新-台南,2024-07-22,8159
00688L,國泰20年美債正2,242,33,209,台新-台南,2024-07-22,8159
00945B,凱基美國非投等債,200,0,200,台新-台南,2024-07-22,8159
0056,元大高股息,272,84,188,台新-台南,2024-07-22,8159
2515,中工,198,26,172,台新-台南,2024-07-22,8159
00753L,中信中國50正2,170,0,170,台新-台南,2024-07-22,8159
2408,南亞科,104,1,103,台新-台南,2024-07-22,8159
00878,國泰永續高股息,286,185,101,台新-台南,2024-07-22,8159
3481,群創,234,139,95,台新-台南,2024-07-22,8159
1316,上曜,144,49,95,台新-台南,2024-07-22,8159
00933B,國泰10Y+金融債,100,6,94,台新-台南,2024-07-22,8159
00715L,期街口布蘭特正2,102,10,92,台新-台南,2024-07-22,8159
2897,王道銀行,94,6,88,台新-台南,2024-07-22,8159
5512,力麒,348,272,76,台新-台南,2024-07-22,8159
6873,泓德能源,80,11,69,台新-台南,2024-07-22,8159
00915,凱基優選高股息30,75,7,68,台新-台南,2024-07-22,8159
006208,富邦台50,79,17,62,台新-台南,2024-07-22,8159
00932,兆豐永續高息等權,61,0,61,台新-台南,2024-07-22,8159
2603,長榮,135,77,58,台新-台南,2024-07-22,8159
00654R,富邦印度反1,56,0,56,台新-台南,2024-07-22,8159
3607,谷崧,55,0,55,台新-台南,2024-07-22,8159
2365,昆盈,123,70,53,台新-台南,2024-07-22,8159
00923,群益台ESG低碳50,49,1,48,台新-台南,2024-07-22,8159
2609,陽明,155,109,46,台新-台南,2024-07-22,8159
2501,國建,53,9,44,台新-台南,2024-07-22,8159
2317,鴻海,292,251,41,台新-台南,2024-07-22,8159
2409,友達,45,5,40,台新-台南,2024-07-22,8159
3037,欣興,69,30,39,台新-台南,2024-07-22,8159
1506,正道,41,2,39,台新-台南,2024-07-22,8159
3013,晟銘電,90,53,37,台新-台南,2024-07-22,8159
00891,中信關鍵半導體,49,14,35,台新-台南,2024-07-22,8159
00935,野村臺灣新科技50,40,7,33,台新-台南,2024-07-22,8159
2352,佳世達,36,4,32,台新-台南,2024-07-22,8159
9949,琉園,32,0,32,台新-台南,2024-07-22,8159
3033,威健,36,4,32,台新-台南,2024-07-22,8159
2610,華航,42,11,31,台新-台南,2024-07-22,8159
8039,台虹,31,0,31,台新-台南,2024-07-22,8159
1815,富喬,49,18,31,台新-台南,2024-07-22,8159
00905,FT臺灣Smart,41,10,31,台新-台南,2024-07-22,8159
2511,太子,30,0,30,台新-台南,2024-07-22,8159
8021,尖點,30,0,30,台新-台南,2024-07-22,8159
6153,嘉聯益,34,4,30,台新-台南,2024-07-22,8159
2881,富邦金,61,31,30,台新-台南,2024-07-22,8159
8473,山林水,404,375,29,台新-台南,2024-07-22,8159
00632R,元大台灣50反1,842,21,821,台新-台南,2024-07-23,8159
2353,宏��,378,29,349,台新-台南,2024-07-23,8159
00929,復華台灣科技優息,388,44,344,台新-台南,2024-07-23,8159
00940,元大台灣價值高息,338,71,267,台新-台南,2024-07-23,8159
00688L,國泰20年美債正2,248,0,248,台新-台南,2024-07-23,8159
00680L,元大美債20正2,240,4,236,台新-台南,2024-07-23,8159
5519,隆大,217,5,212,台新-台南,2024-07-23,8159
3481,群創,257,49,208,台新-台南,2024-07-23,8159
00665L,富邦�琤肭磪囓�2,173,8,165,台新-台南,2024-07-23,8159
00919,群益台灣精選高息,225,67,158,台新-台南,2024-07-23,8159
00937B,群益ESG投等債20,167,21,146,台新-台南,2024-07-23,8159
6164,華興,145,0,145,台新-台南,2024-07-23,8159
00679B,元大美債20年,136,17,119,台新-台南,2024-07-23,8159
2337,旺宏,104,0,104,台新-台南,2024-07-23,8159
00933B,國泰10Y+金融債,116,24,92,台新-台南,2024-07-23,8159
2812,台中銀,67,1,66,台新-台南,2024-07-23,8159
00915,凱基優選高股息30,62,0,62,台新-台南,2024-07-23,8159
00878,國泰永續高股息,126,68,58,台新-台南,2024-07-23,8159
2449,京元電子,88,32,56,台新-台南,2024-07-23,8159
2352,佳世達,60,4,56,台新-台南,2024-07-23,8159
1609,大亞,94,49,45,台新-台南,2024-07-23,8159
00891,中信關鍵半導體,41,3,38,台新-台南,2024-07-23,8159
6901,鑽石投資,43,6,37,台新-台南,2024-07-23,8159
00936,台新永續高息中小,74,38,36,台新-台南,2024-07-23,8159
2537,聯上發,62,28,34,台新-台南,2024-07-23,8159
3522,御嵿,34,1,33,台新-台南,2024-07-23,8159
1308,亞聚,31,0,31,台新-台南,2024-07-23,8159
5512,力麒,68,37,31,台新-台南,2024-07-23,8159
3663,鑫科,80,49,31,台新-台南,2024-07-23,8159
3231,緯創,34,4,30,台新-台南,2024-07-23,8159
00676R,富邦臺灣加權反1,30,0,30,台新-台南,2024-07-23,8159
2534,宏盛,30,0,30,台新-台南,2024-07-23,8159
2408,南亞科,31,1,30,台新-台南,2024-07-23,8159
1314,中石化,71,43,28,台新-台南,2024-07-23,8159
00947,台新臺灣IC設計,27,0,27,台新-台南,2024-07-23,8159
2409,友達,80,53,27,台新-台南,2024-07-23,8159
8440,綠電,98,73,25,台新-台南,2024-07-23,8159
6546,正基,23,0,23,台新-台南,2024-07-23,8159
3052,夆典,22,0,22,台新-台南,2024-07-23,8159
2351,順德,26,4,22,台新-台南,2024-07-23,8159
00918,大華優利高填息30,21,0,21,台新-台南,2024-07-23,8159
00885,富邦越南,21,0,21,台新-台南,2024-07-23,8159
2897,王道銀行,33,12,21,台新-台南,2024-07-23,8159
6284,佳邦,21,1,20,台新-台南,2024-07-23,8159
00687B,國泰20年美債,42,22,20,台新-台南,2024-07-23,8159
5309,系統電,68,48,20,台新-台南,2024-07-23,8159
0056,元大高股息,58,39,19,台新-台南,2024-07-23,8159
6197,佳必琪,21,3,18,台新-台南,2024-07-23,8159
00715L,期街口布蘭特正2,18,0,18,台新-台南,2024-07-23,8159
4720,德淵,24,7,17,台新-台南,2024-07-23,8159
00937B,群益ESG投等債20,608,31,577,台新-台南,2024-07-26,8159
00929,復華台灣科技優息,439,112,327,台新-台南,2024-07-26,8159
00940,元大台灣價值高息,341,14,327,台新-台南,2024-07-26,8159
00919,群益台灣精選高息,320,60,260,台新-台南,2024-07-26,8159
2812,台中銀,261,3,258,台新-台南,2024-07-26,8159
00680L,元大美債20正2,186,2,184,台新-台南,2024-07-26,8159
00878,國泰永續高股息,252,78,174,台新-台南,2024-07-26,8159
0056,元大高股息,173,22,151,台新-台南,2024-07-26,8159
5512,力麒,147,12,135,台新-台南,2024-07-26,8159
00946,群益科技高息成長,132,0,132,台新-台南,2024-07-26,8159
6164,華興,100,0,100,台新-台南,2024-07-26,8159
2317,鴻海,119,31,88,台新-台南,2024-07-26,8159
2888,新光金,161,75,86,台新-台南,2024-07-26,8159
2382,廣達,89,7,82,台新-台南,2024-07-26,8159
00665L,富邦�琤肭磪囓�2,108,36,72,台新-台南,2024-07-26,8159
00934,中信成長高股息,94,23,71,台新-台南,2024-07-26,8159
1506,正道,70,0,70,台新-台南,2024-07-26,8159
00688L,國泰20年美債正2,74,5,69,台新-台南,2024-07-26,8159
2330,台積電,91,23,68,台新-台南,2024-07-26,8159
2002,中鋼,68,1,67,台新-台南,2024-07-26,8159
00881,國泰台灣5G+,82,15,67,台新-台南,2024-07-26,8159
00951,台新日本半導體,110,48,62,台新-台南,2024-07-26,8159
6219,富旺,62,1,61,台新-台南,2024-07-26,8159
3711,日月光投控,70,11,59,台新-台南,2024-07-26,8159
00679B,元大美債20年,64,5,59,台新-台南,2024-07-26,8159
2884,玉山金,145,88,57,台新-台南,2024-07-26,8159
00753L,中信中國50正2,74,18,56,台新-台南,2024-07-26,8159
2349,錸德,90,36,54,台新-台南,2024-07-26,8159
2891,中信金,52,2,50,台新-台南,2024-07-26,8159
0050,元大台灣50,49,4,45,台新-台南,2024-07-26,8159
00922,國泰台灣領袖50,46,2,44,台新-台南,2024-07-26,8159
2351,順德,42,0,42,台新-台南,2024-07-26,8159
2356,英業達,49,8,41,台新-台南,2024-07-26,8159
2838,聯邦銀,41,0,41,台新-台南,2024-07-26,8159
00882,中信中國高股息,56,16,40,台新-台南,2024-07-26,8159
5234,達興材料,39,0,39,台新-台南,2024-07-26,8159
2344,華邦電,42,5,37,台新-台南,2024-07-26,8159
2352,佳世達,34,0,34,台新-台南,2024-07-26,8159
00891,中信關鍵半導體,44,10,34,台新-台南,2024-07-26,8159
00933B,國泰10Y+金融債,41,8,33,台新-台南,2024-07-26,8159
2897,王道銀行,31,0,31,台新-台南,2024-07-26,8159
00923,群益台ESG低碳50,34,3,31,台新-台南,2024-07-26,8159
00712,復華富時不動產,56,26,30,台新-台南,2024-07-26,8159
2486,一詮,31,2,29,台新-台南,2024-07-26,8159
00687B,國泰20年美債,40,11,29,台新-台南,2024-07-26,8159
00936,台新永續高息中小,35,7,28,台新-台南,2024-07-26,8159
2409,友達,45,18,27,台新-台南,2024-07-26,8159
6546,正基,28,1,27,台新-台南,2024-07-26,8159
2603,長榮,39,12,27,台新-台南,2024-07-26,8159
00830,國泰費城半導體,26,1,25,台新-台南,2024-07-26,8159
3052,夆典,1054,158,896,台新-台南,2024-07-29,8159
00929,復華台灣科技優息,332,69,263,台新-台南,2024-07-29,8159
00680L,元大美債20正2,364,194,170,台新-台南,2024-07-29,8159
00937B,群益ESG投等債20,179,14,165,台新-台南,2024-07-29,8159
0056,元大高股息,166,22,144,台新-台南,2024-07-29,8159
2515,中工,161,24,137,台新-台南,2024-07-29,8159
00919,群益台灣精選高息,126,6,120,台新-台南,2024-07-29,8159
3019,亞光,110,8,102,台新-台南,2024-07-29,8159
2369,菱生,106,6,100,台新-台南,2024-07-29,8159
1101,台泥,111,11,100,台新-台南,2024-07-29,8159
00951,台新日本半導體,100,0,100,台新-台南,2024-07-29,8159
9907,統一實,98,1,97,台新-台南,2024-07-29,8159
3450,聯鈞,101,13,88,台新-台南,2024-07-29,8159
1609,大亞,223,151,72,台新-台南,2024-07-29,8159
6153,嘉聯益,73,1,72,台新-台南,2024-07-29,8159
2353,宏��,76,7,69,台新-台南,2024-07-29,8159
1440,南紡,78,11,67,台新-台南,2024-07-29,8159
00715L,期街口布蘭特正2,66,0,66,台新-台南,2024-07-29,8159
3013,晟銘電,96,44,52,台新-台南,2024-07-29,8159
2367,燿華,74,25,49,台新-台南,2024-07-29,8159
00688L,國泰20年美債正2,206,157,49,台新-台南,2024-07-29,8159
00946,群益科技高息成長,54,10,44,台新-台南,2024-07-29,8159
00878,國泰永續高股息,192,149,43,台新-台南,2024-07-29,8159
2356,英業達,52,10,42,台新-台南,2024-07-29,8159
2509,全坤建,38,0,38,台新-台南,2024-07-29,8159
4157,太景*-KY,34,0,34,台新-台南,2024-07-29,8159
3663,鑫科,129,96,33,台新-台南,2024-07-29,8159
1521,大億,31,0,31,台新-台南,2024-07-29,8159
6492,生華科,29,0,29,台新-台南,2024-07-29,8159
4566,時碩工業,32,6,26,台新-台南,2024-07-29,8159
2603,長榮,30,4,26,台新-台南,2024-07-29,8159
5202,力新,25,1,24,台新-台南,2024-07-29,8159
2324,仁寶,24,1,23,台新-台南,2024-07-29,8159
00918,大華優利高填息30,43,20,23,台新-台南,2024-07-29,8159
8028,昇陽半導體,79,56,23,台新-台南,2024-07-29,8159
3005,神基,23,1,22,台新-台南,2024-07-29,8159
3689,湧德,26,4,22,台新-台南,2024-07-29,8159
6239,力成,25,4,21,台新-台南,2024-07-29,8159
2007,燁興,21,0,21,台新-台南,2024-07-29,8159
8054,安國,60,40,20,台新-台南,2024-07-29,8159
5905,南仁湖,33,14,19,台新-台南,2024-07-29,8159
2402,毅嘉,25,7,18,台新-台南,2024-07-29,8159
2528,皇普,19,1,18,台新-台南,2024-07-29,8159
2527,宏璟,18,0,18,台新-台南,2024-07-29,8159
3231,緯創,41,23,18,台新-台南,2024-07-29,8159
00927,群益半導體收益,19,2,17,台新-台南,2024-07-29,8159
6462,神盾,48,31,17,台新-台南,2024-07-29,8159
5469,瀚宇博,18,1,17,台新-台南,2024-07-29,8159
1710,東聯,17,1,16,台新-台南,2024-07-29,8159
1314,中石化,83,67,16,台新-台南,2024-07-29,8159
2812,台中銀,509,1,508,台新-台南,2024-07-30,8159
00940,元大台灣價值高息,292,34,258,台新-台南,2024-07-30,8159
00929,復華台灣科技優息,400,157,243,台新-台南,2024-07-30,8159
00878,國泰永續高股息,235,47,188,台新-台南,2024-07-30,8159
00715L,期街口布蘭特正2,140,0,140,台新-台南,2024-07-30,8159
2442,新美齊,113,6,107,台新-台南,2024-07-30,8159
0056,元大高股息,92,14,78,台新-台南,2024-07-30,8159
00937B,群益ESG投等債20,98,23,75,台新-台南,2024-07-30,8159
00946,群益科技高息成長,72,0,72,台新-台南,2024-07-30,8159
00942B,台新美A公司債20+,70,10,60,台新-台南,2024-07-30,8159
6546,正基,55,4,51,台新-台南,2024-07-30,8159
00915,凱基優選高股息30,53,3,50,台新-台南,2024-07-30,8159
6164,華興,50,0,50,台新-台南,2024-07-30,8159
2547,日勝生,50,0,50,台新-台南,2024-07-30,8159
1314,中石化,100,50,50,台新-台南,2024-07-30,8159
9105,泰金寶-DR,65,17,48,台新-台南,2024-07-30,8159
2303,聯電,50,4,46,台新-台南,2024-07-30,8159
3189,景碩,78,32,46,台新-台南,2024-07-30,8159
2891,中信金,47,2,45,台新-台南,2024-07-30,8159
5392,能率,50,5,45,台新-台南,2024-07-30,8159
3052,夆典,48,5,43,台新-台南,2024-07-30,8159
00951,台新日本半導體,41,0,41,台新-台南,2024-07-30,8159
2002,中鋼,56,15,41,台新-台南,2024-07-30,8159
8112,至上,39,2,37,台新-台南,2024-07-30,8159
2884,玉山金,36,1,35,台新-台南,2024-07-30,8159
00665L,富邦�琤肭磪囓�2,46,11,35,台新-台南,2024-07-30,8159
00679B,元大美債20年,59,25,34,台新-台南,2024-07-30,8159
2834,臺企銀,40,9,31,台新-台南,2024-07-30,8159
00947,台新臺灣IC設計,33,3,30,台新-台南,2024-07-30,8159
00948B,中信優息投資級債,30,0,30,台新-台南,2024-07-30,8159
2455,全新,30,0,30,台新-台南,2024-07-30,8159
00934,中信成長高股息,45,17,28,台新-台南,2024-07-30,8159
00713,元大台灣高息低波,44,16,28,台新-台南,2024-07-30,8159
2337,旺宏,39,14,25,台新-台南,2024-07-30,8159
2489,瑞軒,30,6,24,台新-台南,2024-07-30,8159
6177,達麗,25,2,23,台新-台南,2024-07-30,8159
1455,集盛,22,0,22,台新-台南,2024-07-30,8159
00675L,富邦臺灣加權正2,25,4,21,台新-台南,2024-07-30,8159
00676R,富邦臺灣加權反1,20,0,20,台新-台南,2024-07-30,8159
2412,中華電,20,0,20,台新-台南,2024-07-30,8159
6505,台塑化,21,1,20,台新-台南,2024-07-30,8159
3211,順達,22,3,19,台新-台南,2024-07-30,8159
2344,華邦電,56,38,18,台新-台南,2024-07-30,8159
00645,富邦日本,20,2,18,台新-台南,2024-07-30,8159
00882,中信中國高股息,28,10,18,台新-台南,2024-07-30,8159
8390,金益鼎,17,0,17,台新-台南,2024-07-30,8159
2528,皇普,17,0,17,台新-台南,2024-07-30,8159
2376,技嘉,19,3,16,台新-台南,2024-07-30,8159
3105,穩懋,20,4,16,台新-台南,2024-07-30,8159
2464,盟立,47,31,16,台新-台南,2024-07-30,8159
3052,夆典,580,1,579,台新-台南,2024-07-31,8159
00929,復華台灣科技優息,332,36,296,台新-台南,2024-07-31,8159
2867,三商壽,227,3,224,台新-台南,2024-07-31,8159
00919,群益台灣精選高息,118,4,114,台新-台南,2024-07-31,8159
2888,新光金,171,59,112,台新-台南,2024-07-31,8159
00679B,元大美債20年,114,3,111,台新-台南,2024-07-31,8159
2838,聯邦銀,103,0,103,台新-台南,2024-07-31,8159
0056,元大高股息,82,7,75,台新-台南,2024-07-31,8159
00878,國泰永續高股息,135,74,61,台新-台南,2024-07-31,8159
00940,元大台灣價值高息,120,59,61,台新-台南,2024-07-31,8159
4173,久裕,45,0,45,台新-台南,2024-07-31,8159
3535,晶彩科,51,6,45,台新-台南,2024-07-31,8159
00946,群益科技高息成長,45,2,43,台新-台南,2024-07-31,8159
00881,國泰台灣5G+,48,7,41,台新-台南,2024-07-31,8159
00905,FT臺灣Smart,43,4,39,台新-台南,2024-07-31,8159
2489,瑞軒,47,9,38,台新-台南,2024-07-31,8159
00885,富邦越南,40,3,37,台新-台南,2024-07-31,8159
3105,穩懋,40,5,35,台新-台南,2024-07-31,8159
4306,炎洲,39,5,34,台新-台南,2024-07-31,8159
8039,台虹,33,0,33,台新-台南,2024-07-31,8159
2409,友達,37,5,32,台新-台南,2024-07-31,8159
3013,晟銘電,52,20,32,台新-台南,2024-07-31,8159
1440,南紡,31,0,31,台新-台南,2024-07-31,8159
2312,金寶,49,18,31,台新-台南,2024-07-31,8159
2511,太子,30,2,28,台新-台南,2024-07-31,8159
00772B,中信高評級公司債,33,5,28,台新-台南,2024-07-31,8159
6139,亞翔,28,2,26,台新-台南,2024-07-31,8159
4543,萬在,25,0,25,台新-台南,2024-07-31,8159
3047,訊舟,193,168,25,台新-台南,2024-07-31,8159
00934,中信成長高股息,35,11,24,台新-台南,2024-07-31,8159
8028,昇陽半導體,71,47,24,台新-台南,2024-07-31,8159
3481,群創,140,116,24,台新-台南,2024-07-31,8159
2356,英業達,28,6,22,台新-台南,2024-07-31,8159
2509,全坤建,21,0,21,台新-台南,2024-07-31,8159
2498,宏達電,23,2,21,台新-台南,2024-07-31,8159
00676R,富邦臺灣加權反1,20,0,20,台新-台南,2024-07-31,8159
6164,華興,20,0,20,台新-台南,2024-07-31,8159
2536,宏普,20,0,20,台新-台南,2024-07-31,8159
2412,中華電,18,0,18,台新-台南,2024-07-31,8159
1453,大將,37,19,18,台新-台南,2024-07-31,8159
1609,大亞,22,4,18,台新-台南,2024-07-31,8159
8096,擎亞,24,7,17,台新-台南,2024-07-31,8159
1584,精剛,249,232,17,台新-台南,2024-07-31,8159
4906,正文,18,1,17,台新-台南,2024-07-31,8159
3312,弘憶股,32,16,16,台新-台南,2024-07-31,8159
2351,順德,15,0,15,台新-台南,2024-07-31,8159
3711,日月光投控,30,16,14,台新-台南,2024-07-31,8159
2020,美亞,14,0,14,台新-台南,2024-07-31,8159
00936,台新永續高息中小,15,1,14,台新-台南,2024-07-31,8159
00927,群益半導體收益,13,0,13,台新-台南,2024-07-31,8159
00632R,元大台灣50反1,928,52,876,台新-台南,2024-08-01,8159
3535,晶彩科,378,43,335,台新-台南,2024-08-01,8159
1101,台泥,220,0,220,台新-台南,2024-08-01,8159
3052,夆典,210,4,206,台新-台南,2024-08-01,8159
00712,復華富時不動產,242,57,185,台新-台南,2024-08-01,8159
00795B,中信美國公債20年,159,0,159,台新-台南,2024-08-01,8159
00878,國泰永續高股息,171,23,148,台新-台南,2024-08-01,8159
00945B,凱基美國非投等債,91,8,83,台新-台南,2024-08-01,8159
2883,凱基金,84,7,77,台新-台南,2024-08-01,8159
00687B,國泰20年美債,79,17,62,台新-台南,2024-08-01,8159
2461,光群雷,60,0,60,台新-台南,2024-08-01,8159
2887,台新金,71,15,56,台新-台南,2024-08-01,8159
5905,南仁湖,62,6,56,台新-台南,2024-08-01,8159
2303,聯電,184,136,48,台新-台南,2024-08-01,8159
3037,欣興,135,89,46,台新-台南,2024-08-01,8159
6153,嘉聯益,62,16,46,台新-台南,2024-08-01,8159
6462,神盾,63,21,42,台新-台南,2024-08-01,8159
00929,復華台灣科技優息,147,108,39,台新-台南,2024-08-01,8159
3105,穩懋,45,7,38,台新-台南,2024-08-01,8159
2317,鴻海,137,104,33,台新-台南,2024-08-01,8159
2601,益航,32,0,32,台新-台南,2024-08-01,8159
2313,華通,115,86,29,台新-台南,2024-08-01,8159
2618,長榮航,36,10,26,台新-台南,2024-08-01,8159
2312,金寶,74,49,25,台新-台南,2024-08-01,8159
4173,久裕,25,0,25,台新-台南,2024-08-01,8159
4306,炎洲,39,15,24,台新-台南,2024-08-01,8159
9940,信義,25,1,24,台新-台南,2024-08-01,8159
00885,富邦越南,22,0,22,台新-台南,2024-08-01,8159
4967,十銓,26,4,22,台新-台南,2024-08-01,8159
3339,泰谷,22,0,22,台新-台南,2024-08-01,8159
2412,中華電,22,1,21,台新-台南,2024-08-01,8159
00882,中信中國高股息,21,0,21,台新-台南,2024-08-01,8159
3702,大聯大,21,0,21,台新-台南,2024-08-01,8159
1464,得力,20,0,20,台新-台南,2024-08-01,8159
3211,順達,21,1,20,台新-台南,2024-08-01,8159
8096,擎亞,86,66,20,台新-台南,2024-08-01,8159
1785,光洋科,36,17,19,台新-台南,2024-08-01,8159
1216,統一,19,1,18,台新-台南,2024-08-01,8159
4543,萬在,20,2,18,台新-台南,2024-08-01,8159
6257,矽格,23,5,18,台新-台南,2024-08-01,8159
3715,定穎投控,29,11,18,台新-台南,2024-08-01,8159
2393,億光,31,13,18,台新-台南,2024-08-01,8159
2330,台積電,30,12,18,台新-台南,2024-08-01,8159
0050,元大台灣50,23,6,17,台新-台南,2024-08-01,8159
00905,FT臺灣Smart,16,0,16,台新-台南,2024-08-01,8159
1474,弘裕,20,4,16,台新-台南,2024-08-01,8159
4513,福裕,42,26,16,台新-台南,2024-08-01,8159
3047,訊舟,70,55,15,台新-台南,2024-08-01,8159
2070,精湛,19,4,15,台新-台南,2024-08-01,8159
6290,良維,17,2,15,台新-台南,2024-08-01,8159
00878,國泰永續高股息,546,28,518,台新-台南,2024-08-02,8159
00929,復華台灣科技優息,523,32,491,台新-台南,2024-08-02,8159
00940,元大台灣價值高息,458,7,451,台新-台南,2024-08-02,8159
2317,鴻海,394,122,272,台新-台南,2024-08-02,8159
9945,潤泰新,264,3,261,台新-台南,2024-08-02,8159
00951,台新日本半導體,201,0,201,台新-台南,2024-08-02,8159
5512,力麒,235,69,166,台新-台南,2024-08-02,8159
00679B,元大美債20年,286,124,162,台新-台南,2024-08-02,8159
1905,華紙,166,11,155,台新-台南,2024-08-02,8159
00881,國泰台灣5G+,144,1,143,台新-台南,2024-08-02,8159
00937B,群益ESG投等債20,222,94,128,台新-台南,2024-08-02,8159
00712,復華富時不動產,237,114,123,台新-台南,2024-08-02,8159
0056,元大高股息,130,10,120,台新-台南,2024-08-02,8159
2520,冠德,123,5,118,台新-台南,2024-08-02,8159
00946,群益科技高息成長,104,1,103,台新-台南,2024-08-02,8159
2382,廣達,119,18,101,台新-台南,2024-08-02,8159
2330,台積電,125,26,99,台新-台南,2024-08-02,8159
1608,華榮,92,0,92,台新-台南,2024-08-02,8159
3518,柏騰,104,13,91,台新-台南,2024-08-02,8159
2501,國建,106,21,85,台新-台南,2024-08-02,8159
00931B,統一美債20年,112,28,84,台新-台南,2024-08-02,8159
006208,富邦台50,79,1,78,台新-台南,2024-08-02,8159
00688L,國泰20年美債正2,450,376,74,台新-台南,2024-08-02,8159
00939,統一台灣高息動能,72,2,70,台新-台南,2024-08-02,8159
2515,中工,124,54,70,台新-台南,2024-08-02,8159
6153,嘉聯益,68,0,68,台新-台南,2024-08-02,8159
2834,臺企銀,64,3,61,台新-台南,2024-08-02,8159
1609,大亞,142,87,55,台新-台南,2024-08-02,8159
2891,中信金,60,6,54,台新-台南,2024-08-02,8159
2313,華通,58,5,53,台新-台南,2024-08-02,8159
00665L,富邦�琤肭磪囓�2,59,6,53,台新-台南,2024-08-02,8159
2601,益航,53,0,53,台新-台南,2024-08-02,8159
00947,台新臺灣IC設計,53,0,53,台新-台南,2024-08-02,8159
3290,東浦,50,0,50,台新-台南,2024-08-02,8159
2025,千興,104,54,50,台新-台南,2024-08-02,8159
2461,光群雷,50,0,50,台新-台南,2024-08-02,8159
00923,群益台ESG低碳50,50,1,49,台新-台南,2024-08-02,8159
1314,中石化,144,95,49,台新-台南,2024-08-02,8159
0050,元大台灣50,45,1,44,台新-台南,2024-08-02,8159
00675L,富邦臺灣加權正2,42,2,40,台新-台南,2024-08-02,8159
00942B,台新美A公司債20+,43,4,39,台新-台南,2024-08-02,8159
2606,裕民,41,2,39,台新-台南,2024-08-02,8159
2356,英業達,56,17,39,台新-台南,2024-08-02,8159
2511,太子,37,2,35,台新-台南,2024-08-02,8159
00715L,期街口布蘭特正2,65,30,35,台新-台南,2024-08-02,8159
00891,中信關鍵半導體,38,3,35,台新-台南,2024-08-02,8159
2527,宏璟,36,2,34,台新-台南,2024-08-02,8159
2867,三商壽,33,0,33,台新-台南,2024-08-02,8159
8021,尖點,33,1,32,台新-台南,2024-08-02,8159
00949,復華日本龍頭,32,1,31,台新-台南,2024-08-02,8159
00940,元大台灣價值高息,1357,202,1155,台新-台南,2024-08-05,8159
00878,國泰永續高股息,1059,281,778,台新-台南,2024-08-05,8159
00929,復華台灣科技優息,1648,933,715,台新-台南,2024-08-05,8159
3481,群創,831,176,655,台新-台南,2024-08-05,8159
3052,夆典,588,0,588,台新-台南,2024-08-05,8159
00715L,期街口布蘭特正2,424,0,424,台新-台南,2024-08-05,8159
2812,台中銀,406,23,383,台新-台南,2024-08-05,8159
2618,長榮航,348,58,290,台新-台南,2024-08-05,8159
0056,元大高股息,404,118,286,台新-台南,2024-08-05,8159
1314,中石化,350,81,269,台新-台南,2024-08-05,8159
00946,群益科技高息成長,245,3,242,台新-台南,2024-08-05,8159
00919,群益台灣精選高息,590,356,234,台新-台南,2024-08-05,8159
2317,鴻海,573,346,227,台新-台南,2024-08-05,8159
2883,凱基金,311,86,225,台新-台南,2024-08-05,8159
00945B,凱基美國非投等債,220,6,214,台新-台南,2024-08-05,8159
00688L,國泰20年美債正2,456,260,196,台新-台南,2024-08-05,8159
1316,上曜,176,10,166,台新-台南,2024-08-05,8159
00713,元大台灣高息低波,166,2,164,台新-台南,2024-08-05,8159
2801,彰銀,173,10,163,台新-台南,2024-08-05,8159
00696B,富邦美債20年,156,0,156,台新-台南,2024-08-05,8159
1506,正道,142,3,139,台新-台南,2024-08-05,8159
00947,台新臺灣IC設計,142,12,130,台新-台南,2024-08-05,8159
5512,力麒,132,4,128,台新-台南,2024-08-05,8159
2615,萬海,276,151,125,台新-台南,2024-08-05,8159
00915,凱基優選高股息30,171,47,124,台新-台南,2024-08-05,8159
2515,中工,131,16,115,台新-台南,2024-08-05,8159
00881,國泰台灣5G+,141,26,115,台新-台南,2024-08-05,8159
2891,中信金,182,68,114,台新-台南,2024-08-05,8159
2330,台積電,196,87,109,台新-台南,2024-08-05,8159
00936,台新永續高息中小,252,144,108,台新-台南,2024-08-05,8159
3663,鑫科,128,19,109,台新-台南,2024-08-05,8159
8070,長華*,102,1,101,台新-台南,2024-08-05,8159
2409,友達,160,64,96,台新-台南,2024-08-05,8159
2609,陽明,141,55,86,台新-台南,2024-08-05,8159
1905,華紙,101,16,85,台新-台南,2024-08-05,8159
2888,新光金,240,163,77,台新-台南,2024-08-05,8159
00900,富邦特選高股息30,86,12,74,台新-台南,2024-08-05,8159
2603,長榮,170,96,74,台新-台南,2024-08-05,8159
3019,亞光,76,5,71,台新-台南,2024-08-05,8159
0050,元大台灣50,82,12,70,台新-台南,2024-08-05,8159
006208,富邦台50,105,38,67,台新-台南,2024-08-05,8159
2887,台新金,324,256,68,台新-台南,2024-08-05,8159
00939,統一台灣高息動能,71,7,64,台新-台南,2024-08-05,8159
2834,臺企銀,131,74,57,台新-台南,2024-08-05,8159
00892,富邦台灣半導體,54,0,54,台新-台南,2024-08-05,8159
2520,冠德,58,4,54,台新-台南,2024-08-05,8159
00922,國泰台灣領袖50,56,2,54,台新-台南,2024-08-05,8159
6770,力積電,82,31,51,台新-台南,2024-08-05,8159
2027,大成鋼,55,4,51,台新-台南,2024-08-05,8159
00680L,元大美債20正2,434,384,50,台新-台南,2024-08-05,8159
00878,國泰永續高股息,1051,269,782,台新-台南,2024-08-06,8159
00929,復華台灣科技優息,781,295,486,台新-台南,2024-08-06,8159
2498,宏達電,206,2,204,台新-台南,2024-08-06,8159
2887,台新金,264,90,174,台新-台南,2024-08-06,8159
00919,群益台灣精選高息,282,121,161,台新-台南,2024-08-06,8159
3481,群創,178,17,161,台新-台南,2024-08-06,8159
2883,凱基金,150,14,136,台新-台南,2024-08-06,8159
2317,鴻海,472,342,130,台新-台南,2024-08-06,8159
2888,新光金,295,172,123,台新-台南,2024-08-06,8159
00676R,富邦臺灣加權反1,130,30,100,台新-台南,2024-08-06,8159
00936,台新永續高息中小,108,16,92,台新-台南,2024-08-06,8159
3052,夆典,140,50,90,台新-台南,2024-08-06,8159
2371,大同,117,40,77,台新-台南,2024-08-06,8159
1316,上曜,119,50,69,台新-台南,2024-08-06,8159
00881,國泰台灣5G+,165,102,63,台新-台南,2024-08-06,8159
5905,南仁湖,61,0,61,台新-台南,2024-08-06,8159
1506,正道,62,1,61,台新-台南,2024-08-06,8159
2347,聯強,64,4,60,台新-台南,2024-08-06,8159
00923,群益台ESG低碳50,59,1,58,台新-台南,2024-08-06,8159
2409,友達,69,12,57,台新-台南,2024-08-06,8159
6548,長科*,58,8,50,台新-台南,2024-08-06,8159
2414,精技,50,0,50,台新-台南,2024-08-06,8159
00712,復華富時不動產,62,14,48,台新-台南,2024-08-06,8159
2834,臺企銀,68,20,48,台新-台南,2024-08-06,8159
00900,富邦特選高股息30,76,32,44,台新-台南,2024-08-06,8159
3105,穩懋,44,4,40,台新-台南,2024-08-06,8159
2337,旺宏,79,39,40,台新-台南,2024-08-06,8159
0056,元大高股息,113,75,38,台新-台南,2024-08-06,8159
2070,精湛,38,3,35,台新-台南,2024-08-06,8159
00946,群益科技高息成長,132,99,33,台新-台南,2024-08-06,8159
00631L,元大台灣50正2,81,49,32,台新-台南,2024-08-06,8159
00943,兆豐電子高息等權,32,0,32,台新-台南,2024-08-06,8159
00664R,國泰臺灣加權反1,59,30,29,台新-台南,2024-08-06,8159
00951,台新日本半導體,40,11,29,台新-台南,2024-08-06,8159
2897,王道銀行,29,0,29,台新-台南,2024-08-06,8159
4526,東台,40,11,29,台新-台南,2024-08-06,8159
00942B,台新美A公司債20+,33,5,28,台新-台南,2024-08-06,8159
2025,千興,39,11,28,台新-台南,2024-08-06,8159
2388,威盛,37,10,27,台新-台南,2024-08-06,8159
8112,至上,28,1,27,台新-台南,2024-08-06,8159
9945,潤泰新,47,22,25,台新-台南,2024-08-06,8159
2474,可成,25,0,25,台新-台南,2024-08-06,8159
3290,東浦,25,0,25,台新-台南,2024-08-06,8159
8104,錸寶,24,1,23,台新-台南,2024-08-06,8159
8215,明基材,40,17,23,台新-台南,2024-08-06,8159
00937B,群益ESG投等債20,621,599,22,台新-台南,2024-08-06,8159
6186,新潤,24,2,22,台新-台南,2024-08-06,8159
2313,華通,42,20,22,台新-台南,2024-08-06,8159
4513,福裕,31,9,22,台新-台南,2024-08-06,8159
2356,英業達,52,31,21,台新-台南,2024-08-06,8159
00632R,元大台灣50反1,1554,459,1095,台新-台南,2024-08-07,8159
00688L,國泰20年美債正2,331,7,324,台新-台南,2024-08-07,8159
00680L,元大美債20正2,455,148,307,台新-台南,2024-08-07,8159
2371,大同,281,15,266,台新-台南,2024-08-07,8159
1522,堤維西,274,70,204,台新-台南,2024-08-07,8159
00919,群益台灣精選高息,274,73,201,台新-台南,2024-08-07,8159
00878,國泰永續高股息,253,95,158,台新-台南,2024-08-07,8159
2887,台新金,157,2,155,台新-台南,2024-08-07,8159
1718,中纖,150,0,150,台新-台南,2024-08-07,8159
00715L,期街口布蘭特正2,128,0,128,台新-台南,2024-08-07,8159
00936,台新永續高息中小,124,37,87,台新-台南,2024-08-07,8159
3290,東浦,62,0,62,台新-台南,2024-08-07,8159
2530,華建,61,0,61,台新-台南,2024-08-07,8159
00712,復華富時不動產,66,10,56,台新-台南,2024-08-07,8159
00948B,中信優息投資級債,56,0,56,台新-台南,2024-08-07,8159
3019,亞光,120,66,54,台新-台南,2024-08-07,8159
0056,元大高股息,87,35,52,台新-台南,2024-08-07,8159
1513,中興電,61,10,51,台新-台南,2024-08-07,8159
8050,廣積,57,6,51,台新-台南,2024-08-07,8159
8021,尖點,56,5,51,台新-台南,2024-08-07,8159
1440,南紡,52,1,51,台新-台南,2024-08-07,8159
2332,友訊,50,0,50,台新-台南,2024-08-07,8159
2312,金寶,108,62,46,台新-台南,2024-08-07,8159
2365,昆盈,58,19,39,台新-台南,2024-08-07,8159
2206,三陽工業,42,3,39,台新-台南,2024-08-07,8159
00830,國泰費城半導體,37,0,37,台新-台南,2024-08-07,8159
6189,豐藝,39,2,37,台新-台南,2024-08-07,8159
1617,榮星,36,0,36,台新-台南,2024-08-07,8159
2409,友達,36,5,31,台新-台南,2024-08-07,8159
2317,鴻海,342,311,31,台新-台南,2024-08-07,8159
6770,力積電,49,19,30,台新-台南,2024-08-07,8159
6213,聯茂,40,10,30,台新-台南,2024-08-07,8159
2886,兆豐金,29,1,28,台新-台南,2024-08-07,8159
4167,松瑞藥,27,0,27,台新-台南,2024-08-07,8159
00929,復華台灣科技優息,370,344,26,台新-台南,2024-08-07,8159
3518,柏騰,29,3,26,台新-台南,2024-08-07,8159
2884,玉山金,31,8,23,台新-台南,2024-08-07,8159
6873,泓德能源,21,0,21,台新-台南,2024-08-07,8159
020039,元大加權N,20,0,20,台新-台南,2024-08-07,8159
00676R,富邦臺灣加權反1,20,0,20,台新-台南,2024-08-07,8159
5234,達興材料,20,0,20,台新-台南,2024-08-07,8159
2356,英業達,69,49,20,台新-台南,2024-08-07,8159
1702,南僑,24,5,19,台新-台南,2024-08-07,8159
00946,群益科技高息成長,20,2,18,台新-台南,2024-08-07,8159
2363,矽統,57,39,18,台新-台南,2024-08-07,8159
00923,群益台ESG低碳50,18,0,18,台新-台南,2024-08-07,8159
2610,華航,26,8,18,台新-台南,2024-08-07,8159
2338,光罩,24,6,18,台新-台南,2024-08-07,8159
9105,泰金寶-DR,52,35,17,台新-台南,2024-08-07,8159
2537,聯上發,22,5,17,台新-台南,2024-08-07,8159
00680L,元大美債20正2,524,51,473,台新-台南,2024-08-08,8159
1522,堤維西,422,21,401,台新-台南,2024-08-08,8159
00937B,群益ESG投等債20,447,53,394,台新-台南,2024-08-08,8159
00688L,國泰20年美債正2,294,0,294,台新-台南,2024-08-08,8159
00878,國泰永續高股息,327,60,267,台新-台南,2024-08-08,8159
00940,元大台灣價值高息,254,27,227,台新-台南,2024-08-08,8159
00881,國泰台灣5G+,217,30,187,台新-台南,2024-08-08,8159
2834,臺企銀,150,5,145,台新-台南,2024-08-08,8159
2317,鴻海,378,259,119,台新-台南,2024-08-08,8159
8028,昇陽半導體,138,31,107,台新-台南,2024-08-08,8159
00919,群益台灣精選高息,114,16,98,台新-台南,2024-08-08,8159
00637L,元大滬深300正2,91,0,91,台新-台南,2024-08-08,8159
00929,復華台灣科技優息,264,178,86,台新-台南,2024-08-08,8159
2886,兆豐金,90,6,84,台新-台南,2024-08-08,8159
00900,富邦特選高股息30,86,10,76,台新-台南,2024-08-08,8159
2888,新光金,91,23,68,台新-台南,2024-08-08,8159
2880,華南金,68,1,67,台新-台南,2024-08-08,8159
2615,萬海,139,79,60,台新-台南,2024-08-08,8159
2349,錸德,59,5,54,台新-台南,2024-08-08,8159
00772B,中信高評級公司債,52,0,52,台新-台南,2024-08-08,8159
3481,群創,96,44,52,台新-台南,2024-08-08,8159
2892,第一金,58,11,47,台新-台南,2024-08-08,8159
1316,上曜,64,17,47,台新-台南,2024-08-08,8159
2344,華邦電,46,0,46,台新-台南,2024-08-08,8159
0056,元大高股息,46,1,45,台新-台南,2024-08-08,8159
2515,中工,56,14,42,台新-台南,2024-08-08,8159
2891,中信金,58,18,40,台新-台南,2024-08-08,8159
2530,華建,38,2,36,台新-台南,2024-08-08,8159
00753L,中信中國50正2,35,0,35,台新-台南,2024-08-08,8159
00923,群益台ESG低碳50,58,24,34,台新-台南,2024-08-08,8159
6153,嘉聯益,34,1,33,台新-台南,2024-08-08,8159
2609,陽明,60,27,33,台新-台南,2024-08-08,8159
2489,瑞軒,92,62,30,台新-台南,2024-08-08,8159
2883B,凱基金乙特,30,0,30,台新-台南,2024-08-08,8159
5310,天剛,30,0,30,台新-台南,2024-08-08,8159
4526,東台,37,8,29,台新-台南,2024-08-08,8159
00675L,富邦臺灣加權正2,32,3,29,台新-台南,2024-08-08,8159
4532,瑞智,30,1,29,台新-台南,2024-08-08,8159
2408,南亞科,31,3,28,台新-台南,2024-08-08,8159
2365,昆盈,316,289,27,台新-台南,2024-08-08,8159
4566,時碩工業,31,4,27,台新-台南,2024-08-08,8159
00936,台新永續高息中小,31,5,26,台新-台南,2024-08-08,8159
9934,成霖,25,0,25,台新-台南,2024-08-08,8159
00830,國泰費城半導體,25,0,25,台新-台南,2024-08-08,8159
2382,廣達,106,82,24,台新-台南,2024-08-08,8159
5443,均豪,83,61,22,台新-台南,2024-08-08,8159
00713,元大台灣高息低波,22,0,22,台新-台南,2024-08-08,8159
00720B,元大投資級公司債,22,0,22,台新-台南,2024-08-08,8159
8071,能率網通,26,4,22,台新-台南,2024-08-08,8159
8476,台境*,72,50,22,台新-台南,2024-08-08,8159
00937B,群益ESG投等債20,552,13,539,台新-台南,2024-08-09,8159
00679B,元大美債20年,331,110,221,台新-台南,2024-08-09,8159
00929,復華台灣科技優息,274,78,196,台新-台南,2024-08-09,8159
00680L,元大美債20正2,217,24,193,台新-台南,2024-08-09,8159
00688L,國泰20年美債正2,127,24,103,台新-台南,2024-08-09,8159
2243,宏旭-KY,135,41,94,台新-台南,2024-08-09,8159
00632R,元大台灣50反1,229,156,73,台新-台南,2024-08-09,8159
4543,萬在,71,5,66,台新-台南,2024-08-09,8159
2515,中工,83,28,55,台新-台南,2024-08-09,8159
00725B,國泰投資級公司債,54,0,54,台新-台南,2024-08-09,8159
00948B,中信優息投資級債,53,0,53,台新-台南,2024-08-09,8159
5388,中磊,53,1,52,台新-台南,2024-08-09,8159
00919,群益台灣精選高息,85,37,48,台新-台南,2024-08-09,8159
00637L,元大滬深300正2,50,2,48,台新-台南,2024-08-09,8159
2610,華航,64,17,47,台新-台南,2024-08-09,8159
3715,定穎投控,84,39,45,台新-台南,2024-08-09,8159
00918,大華優利高填息30,46,4,42,台新-台南,2024-08-09,8159
2867,三商壽,38,0,38,台新-台南,2024-08-09,8159
00945B,凱基美國非投等債,37,1,36,台新-台南,2024-08-09,8159
1445,大宇,36,0,36,台新-台南,2024-08-09,8159
2353,宏��,73,38,35,台新-台南,2024-08-09,8159
2371,大同,70,36,34,台新-台南,2024-08-09,8159
00931B,統一美債20年,35,6,29,台新-台南,2024-08-09,8159
5244,弘凱,28,0,28,台新-台南,2024-08-09,8159
1608,華榮,48,21,27,台新-台南,2024-08-09,8159
3338,泰碩,28,1,27,台新-台南,2024-08-09,8159
00795B,中信美國公債20年,29,3,26,台新-台南,2024-08-09,8159
2383,台光電,28,3,25,台新-台南,2024-08-09,8159
1582,信錦,26,3,23,台新-台南,2024-08-09,8159
2409,友達,38,16,22,台新-台南,2024-08-09,8159
2421,建準,28,6,22,台新-台南,2024-08-09,8159
2392,正崴,58,37,21,台新-台南,2024-08-09,8159
00664R,國泰臺灣加權反1,31,10,21,台新-台南,2024-08-09,8159
00772B,中信高評級公司債,21,0,21,台新-台南,2024-08-09,8159
2501,國建,21,0,21,台新-台南,2024-08-09,8159
2892,第一金,20,0,20,台新-台南,2024-08-09,8159
5202,力新,22,2,20,台新-台南,2024-08-09,8159
8043,蜜望實,33,13,20,台新-台南,2024-08-09,8159
3037,欣興,83,64,19,台新-台南,2024-08-09,8159
00894,中信小資高價30,19,0,19,台新-台南,2024-08-09,8159
2636,台驊控股,21,3,18,台新-台南,2024-08-09,8159
2609,陽明,59,42,17,台新-台南,2024-08-09,8159
1536,和大,22,6,16,台新-台南,2024-08-09,8159
00951,台新日本半導體,25,9,16,台新-台南,2024-08-09,8159
2506,太設,51,35,16,台新-台南,2024-08-09,8159
3047,訊舟,60,44,16,台新-台南,2024-08-09,8159
2354,鴻準,22,6,16,台新-台南,2024-08-09,8159
9906,欣巴巴,25,10,15,台新-台南,2024-08-09,8159
4714,永捷,23,8,15,台新-台南,2024-08-09,8159
00896,中信綠能及電動車,15,0,15,台新-台南,2024-08-09,8159
00632R,元大台灣50反1,1044,20,1024,台新-台南,2024-08-12,8159
2888,新光金,1201,573,628,台新-台南,2024-08-12,8159
00679B,元大美債20年,548,17,531,台新-台南,2024-08-12,8159
00680L,元大美債20正2,407,145,262,台新-台南,2024-08-12,8159
2618,長榮航,328,75,253,台新-台南,2024-08-12,8159
00878,國泰永續高股息,184,44,140,台新-台南,2024-08-12,8159
00688L,國泰20年美債正2,149,28,121,台新-台南,2024-08-12,8159
00932,兆豐永續高息等權,106,1,105,台新-台南,2024-08-12,8159
2880,華南金,88,1,87,台新-台南,2024-08-12,8159
1445,大宇,74,0,74,台新-台南,2024-08-12,8159
9907,統一實,82,9,73,台新-台南,2024-08-12,8159
6167,久正,64,0,64,台新-台南,2024-08-12,8159
3024,憶聲,64,4,60,台新-台南,2024-08-12,8159
2891,中信金,57,7,50,台新-台南,2024-08-12,8159
2406,國碩,48,0,48,台新-台南,2024-08-12,8159
00687B,國泰20年美債,47,0,47,台新-台南,2024-08-12,8159
2887,台新金,59,12,47,台新-台南,2024-08-12,8159
3663,鑫科,147,101,46,台新-台南,2024-08-12,8159
2610,華航,79,39,40,台新-台南,2024-08-12,8159
00934,中信成長高股息,43,4,39,台新-台南,2024-08-12,8159
1314,中石化,52,13,39,台新-台南,2024-08-12,8159
4513,福裕,56,18,38,台新-台南,2024-08-12,8159
3535,晶彩科,36,3,33,台新-台南,2024-08-12,8159
00795B,中信美國公債20年,36,3,33,台新-台南,2024-08-12,8159
00923,群益台ESG低碳50,41,10,31,台新-台南,2024-08-12,8159
6603,富強鑫,30,0,30,台新-台南,2024-08-12,8159
00936,台新永續高息中小,29,1,28,台新-台南,2024-08-12,8159
1513,中興電,77,50,27,台新-台南,2024-08-12,8159
00919,群益台灣精選高息,71,46,25,台新-台南,2024-08-12,8159
4562,穎漢,130,105,25,台新-台南,2024-08-12,8159
3047,訊舟,47,23,24,台新-台南,2024-08-12,8159
2312,金寶,176,153,23,台新-台南,2024-08-12,8159
5443,均豪,58,35,23,台新-台南,2024-08-12,8159
8936,國統,25,3,22,台新-台南,2024-08-12,8159
5014,建錩,22,1,21,台新-台南,2024-08-12,8159
2883B,凱基金乙特,20,0,20,台新-台南,2024-08-12,8159
2369,菱生,23,3,20,台新-台南,2024-08-12,8159
00895,富邦未來車,20,0,20,台新-台南,2024-08-12,8159
00673R,期元大S＆P原油反1,20,0,20,台新-台南,2024-08-12,8159
00830,國泰費城半導體,19,0,19,台新-台南,2024-08-12,8159
6005,群益證,21,2,19,台新-台南,2024-08-12,8159
2449,京元電子,72,54,18,台新-台南,2024-08-12,8159
8476,台境*,18,0,18,台新-台南,2024-08-12,8159
00882,中信中國高股息,16,0,16,台新-台南,2024-08-12,8159
1597,直得,34,19,15,台新-台南,2024-08-12,8159
3289,宜特,24,9,15,台新-台南,2024-08-12,8159
2359,所羅門,127,112,15,台新-台南,2024-08-12,8159
2885,元大金,15,0,15,台新-台南,2024-08-12,8159
2472,立隆電,16,1,15,台新-台南,2024-08-12,8159
2834,臺企銀,17,2,15,台新-台南,2024-08-12,8159
00632R,元大台灣50反1,364,45,319,台新-台南,2024-08-13,8159
00680L,元大美債20正2,251,52,199,台新-台南,2024-08-13,8159
1445,大宇,144,0,144,台新-台南,2024-08-13,8159
00673R,期元大S＆P原油反1,125,0,125,台新-台南,2024-08-13,8159
3481,群創,231,115,116,台新-台南,2024-08-13,8159
2880,華南金,117,1,116,台新-台南,2024-08-13,8159
2317,鴻海,554,462,92,台新-台南,2024-08-13,8159
2834,臺企銀,83,0,83,台新-台南,2024-08-13,8159
00712,復華富時不動產,79,0,79,台新-台南,2024-08-13,8159
00900,富邦特選高股息30,113,41,72,台新-台南,2024-08-13,8159
1314,中石化,80,10,70,台新-台南,2024-08-13,8159
00937B,群益ESG投等債20,103,34,69,台新-台南,2024-08-13,8159
1513,中興電,125,58,67,台新-台南,2024-08-13,8159
00929,復華台灣科技優息,107,47,60,台新-台南,2024-08-13,8159
00679B,元大美債20年,374,320,54,台新-台南,2024-08-13,8159
2382,廣達,55,7,48,台新-台南,2024-08-13,8159
0056,元大高股息,68,24,44,台新-台南,2024-08-13,8159
2017,官田鋼,51,7,44,台新-台南,2024-08-13,8159
00881,國泰台灣5G+,101,59,42,台新-台南,2024-08-13,8159
8423,保綠-KY,42,0,42,台新-台南,2024-08-13,8159
00688L,國泰20年美債正2,109,70,39,台新-台南,2024-08-13,8159
9907,統一實,41,3,38,台新-台南,2024-08-13,8159
00687B,國泰20年美債,41,4,37,台新-台南,2024-08-13,8159
3518,柏騰,41,4,37,台新-台南,2024-08-13,8159
5880,合庫金,37,0,37,台新-台南,2024-08-13,8159
00907,永豐優息存股,33,0,33,台新-台南,2024-08-13,8159
3013,晟銘電,354,322,32,台新-台南,2024-08-13,8159
1464,得力,33,1,32,台新-台南,2024-08-13,8159
4930,燦星網,31,0,31,台新-台南,2024-08-13,8159
8249,菱光,34,3,31,台新-台南,2024-08-13,8159
2615,萬海,68,40,28,台新-台南,2024-08-13,8159
2891,中信金,54,27,27,台新-台南,2024-08-13,8159
2609,陽明,68,41,27,台新-台南,2024-08-13,8159
2890,永豐金,23,0,23,台新-台南,2024-08-13,8159
00946,群益科技高息成長,22,0,22,台新-台南,2024-08-13,8159
9958,世紀鋼,22,0,22,台新-台南,2024-08-13,8159
9934,成霖,21,0,21,台新-台南,2024-08-13,8159
1303,南亞,20,0,20,台新-台南,2024-08-13,8159
4720,德淵,19,0,19,台新-台南,2024-08-13,8159
3264,欣銓,20,1,19,台新-台南,2024-08-13,8159
3691,碩禾,24,5,19,台新-台南,2024-08-13,8159
2886,兆豐金,34,16,18,台新-台南,2024-08-13,8159
1326,台化,18,0,18,台新-台南,2024-08-13,8159
2515,中工,31,13,18,台新-台南,2024-08-13,8159
4967,十銓,26,8,18,台新-台南,2024-08-13,8159
00918,大華優利高填息30,30,13,17,台新-台南,2024-08-13,8159
1101,台泥,22,5,17,台新-台南,2024-08-13,8159
2514,龍邦,17,0,17,台新-台南,2024-08-13,8159
2356,英業達,39,22,17,台新-台南,2024-08-13,8159
6207,雷科,40,24,16,台新-台南,2024-08-13,8159
00632R,元大台灣50反1,807,10,797,台新-台南,2024-08-14,8159
00795B,中信美國公債20年,111,0,111,台新-台南,2024-08-14,8159
1474,弘裕,95,0,95,台新-台南,2024-08-14,8159
2367,燿華,107,16,91,台新-台南,2024-08-14,8159
2464,盟立,122,41,81,台新-台南,2024-08-14,8159
6153,嘉聯益,63,0,63,台新-台南,2024-08-14,8159
2867,三商壽,103,43,60,台新-台南,2024-08-14,8159
2801,彰銀,57,0,57,台新-台南,2024-08-14,8159
00687B,國泰20年美債,58,3,55,台新-台南,2024-08-14,8159
2363,矽統,61,9,52,台新-台南,2024-08-14,8159
3481,群創,236,185,51,台新-台南,2024-08-14,8159
00679B,元大美債20年,343,296,47,台新-台南,2024-08-14,8159
8096,擎亞,111,69,42,台新-台南,2024-08-14,8159
1714,和桐,42,0,42,台新-台南,2024-08-14,8159
2070,精湛,51,10,41,台新-台南,2024-08-14,8159
2356,英業達,73,33,40,台新-台南,2024-08-14,8159
4562,穎漢,124,86,38,台新-台南,2024-08-14,8159
1326,台化,43,8,35,台新-台南,2024-08-14,8159
2312,金寶,70,36,34,台新-台南,2024-08-14,8159
4513,福裕,56,23,33,台新-台南,2024-08-14,8159
8415,大國鋼,33,0,33,台新-台南,2024-08-14,8159
2888,新光金,88,56,32,台新-台南,2024-08-14,8159
1101,台泥,57,25,32,台新-台南,2024-08-14,8159
00715L,期街口布蘭特正2,31,1,30,台新-台南,2024-08-14,8159
1806,冠軍,40,10,30,台新-台南,2024-08-14,8159
6197,佳必琪,29,0,29,台新-台南,2024-08-14,8159
1316,上曜,40,13,27,台新-台南,2024-08-14,8159
4303,信立,30,4,26,台新-台南,2024-08-14,8159
2353,宏��,38,12,26,台新-台南,2024-08-14,8159
4174,浩鼎,27,2,25,台新-台南,2024-08-14,8159
8028,昇陽半導體,41,17,24,台新-台南,2024-08-14,8159
6603,富強鑫,34,12,22,台新-台南,2024-08-14,8159
00945B,凱基美國非投等債,21,0,21,台新-台南,2024-08-14,8159
4543,萬在,22,1,21,台新-台南,2024-08-14,8159
2743,山富,21,0,21,台新-台南,2024-08-14,8159
00929,復華台灣科技優息,167,146,21,台新-台南,2024-08-14,8159
8150,南茂,21,1,20,台新-台南,2024-08-14,8159
2383,台光電,21,1,20,台新-台南,2024-08-14,8159
6108,競國,22,2,20,台新-台南,2024-08-14,8159
2201,裕隆,20,0,20,台新-台南,2024-08-14,8159
2880,華南金,24,4,20,台新-台南,2024-08-14,8159
00676R,富邦臺灣加權反1,20,0,20,台新-台南,2024-08-14,8159
3048,益登,30,11,19,台新-台南,2024-08-14,8159
00951,台新日本半導體,18,1,17,台新-台南,2024-08-14,8159
00712,復華富時不動產,25,9,16,台新-台南,2024-08-14,8159
6838,台新藥,17,1,16,台新-台南,2024-08-14,8159
00918,大華優利高填息30,27,11,16,台新-台南,2024-08-14,8159
1540,喬福,15,0,15,台新-台南,2024-08-14,8159
4433,興采,15,0,15,台新-台南,2024-08-14,8159
2025,千興,15,0,15,台新-台南,2024-08-14,8159
00878,國泰永續高股息,436,51,385,台新-台南,2024-08-15,8159
00687B,國泰20年美債,308,38,270,台新-台南,2024-08-15,8159
00725B,國泰投資級公司債,200,0,200,台新-台南,2024-08-15,8159
00929,復華台灣科技優息,298,112,186,台新-台南,2024-08-15,8159
00773B,中信優先金融債,177,2,175,台新-台南,2024-08-15,8159
00900,富邦特選高股息30,137,0,137,台新-台南,2024-08-15,8159
1325,恆大,145,18,127,台新-台南,2024-08-15,8159
2002,中鋼,78,2,76,台新-台南,2024-08-15,8159
00881,國泰台灣5G+,117,43,74,台新-台南,2024-08-15,8159
2892,第一金,71,0,71,台新-台南,2024-08-15,8159
1609,大亞,78,19,59,台新-台南,2024-08-15,8159
00679B,元大美債20年,258,206,52,台新-台南,2024-08-15,8159
3013,晟銘電,118,74,44,台新-台南,2024-08-15,8159
00948B,中信優息投資級債,38,0,38,台新-台南,2024-08-15,8159
00715L,期街口布蘭特正2,39,6,33,台新-台南,2024-08-15,8159
5481,新華,33,1,32,台新-台南,2024-08-15,8159
1445,大宇,30,0,30,台新-台南,2024-08-15,8159
1514,亞力,33,3,30,台新-台南,2024-08-15,8159
00940,元大台灣價值高息,47,18,29,台新-台南,2024-08-15,8159
3711,日月光投控,34,7,27,台新-台南,2024-08-15,8159
2312,金寶,60,35,25,台新-台南,2024-08-15,8159
00795B,中信美國公債20年,31,6,25,台新-台南,2024-08-15,8159
6509,聚和,33,8,25,台新-台南,2024-08-15,8159
00934,中信成長高股息,25,1,24,台新-台南,2024-08-15,8159
2915,潤泰全,24,0,24,台新-台南,2024-08-15,8159
2208,台船,23,0,23,台新-台南,2024-08-15,8159
2303,聯電,37,14,23,台新-台南,2024-08-15,8159
00932,兆豐永續高息等權,23,0,23,台新-台南,2024-08-15,8159
2543,皇昌,39,16,23,台新-台南,2024-08-15,8159
2834,臺企銀,22,0,22,台新-台南,2024-08-15,8159
2886,兆豐金,22,0,22,台新-台南,2024-08-15,8159
00945B,凱基美國非投等債,21,0,21,台新-台南,2024-08-15,8159
1806,冠軍,20,0,20,台新-台南,2024-08-15,8159
4540,全球傳動,46,29,17,台新-台南,2024-08-15,8159
2801,彰銀,21,5,16,台新-台南,2024-08-15,8159
2618,長榮航,18,3,15,台新-台南,2024-08-15,8159
2352,佳世達,31,16,15,台新-台南,2024-08-15,8159
3663,鑫科,123,108,15,台新-台南,2024-08-15,8159
1108,幸福,15,1,14,台新-台南,2024-08-15,8159
4533,協易機,16,3,13,台新-台南,2024-08-15,8159
2392,正崴,14,1,13,台新-台南,2024-08-15,8159
6152,百一,13,0,13,台新-台南,2024-08-15,8159
2530,華建,15,2,13,台新-台南,2024-08-15,8159
3652,精聯,18,5,13,台新-台南,2024-08-15,8159
8064,東捷,25,12,13,台新-台南,2024-08-15,8159
3202,樺晟,21,8,13,台新-台南,2024-08-15,8159
6451,訊芯-KY,17,5,12,台新-台南,2024-08-15,8159
4714,永捷,19,7,12,台新-台南,2024-08-15,8159
1314,中石化,45,33,12,台新-台南,2024-08-15,8159
6770,力積電,27,15,12,台新-台南,2024-08-15,8159
00680L,元大美債20正2,789,168,621,台新-台南,2024-08-16,8159
00688L,國泰20年美債正2,684,97,587,台新-台南,2024-08-16,8159
00632R,元大台灣50反1,561,105,456,台新-台南,2024-08-16,8159
00878,國泰永續高股息,445,88,357,台新-台南,2024-08-16,8159
00679B,元大美債20年,355,13,342,台新-台南,2024-08-16,8159
00687B,國泰20年美債,335,13,322,台新-台南,2024-08-16,8159
00946,群益科技高息成長,233,2,231,台新-台南,2024-08-16,8159
2371,大同,114,3,111,台新-台南,2024-08-16,8159
8415,大國鋼,84,0,84,台新-台南,2024-08-16,8159
2867,三商壽,300,218,82,台新-台南,2024-08-16,8159
00931B,統一美債20年,82,7,75,台新-台南,2024-08-16,8159
00795B,中信美國公債20年,68,2,66,台新-台南,2024-08-16,8159
4909,新復興,69,5,64,台新-台南,2024-08-16,8159
00733,富邦臺灣中小,60,0,60,台新-台南,2024-08-16,8159
3284,太普高,56,5,51,台新-台南,2024-08-16,8159
4906,正文,70,20,50,台新-台南,2024-08-16,8159
4414,如興,50,0,50,台新-台南,2024-08-16,8159
01010T,京城樂富R1,41,0,41,台新-台南,2024-08-16,8159
6153,嘉聯益,41,1,40,台新-台南,2024-08-16,8159
8096,擎亞,188,149,39,台新-台南,2024-08-16,8159
1611,中電,42,4,38,台新-台南,2024-08-16,8159
6152,百一,45,10,35,台新-台南,2024-08-16,8159
1445,大宇,30,2,28,台新-台南,2024-08-16,8159
1721,三晃,30,2,28,台新-台南,2024-08-16,8159
00945B,凱基美國非投等債,28,0,28,台新-台南,2024-08-16,8159
2025,千興,27,0,27,台新-台南,2024-08-16,8159
00915,凱基優選高股息30,27,0,27,台新-台南,2024-08-16,8159
3543,州巧,25,0,25,台新-台南,2024-08-16,8159
00706L,期元大S＆P日圓正2,25,0,25,台新-台南,2024-08-16,8159
2618,長榮航,48,23,25,台新-台南,2024-08-16,8159
5439,高技,28,6,22,台新-台南,2024-08-16,8159
00933B,國泰10Y+金融債,23,1,22,台新-台南,2024-08-16,8159
2014,中鴻,21,0,21,台新-台南,2024-08-16,8159
2636,台驊控股,20,0,20,台新-台南,2024-08-16,8159
2023,燁輝,20,0,20,台新-台南,2024-08-16,8159
00918,大華優利高填息30,41,22,19,台新-台南,2024-08-16,8159
2489,瑞軒,45,26,19,台新-台南,2024-08-16,8159
2323,中環,57,38,19,台新-台南,2024-08-16,8159
3030,德律,23,4,19,台新-台南,2024-08-16,8159
1785,光洋科,62,44,18,台新-台南,2024-08-16,8159
2352,佳世達,22,5,17,台新-台南,2024-08-16,8159
00631L,元大台灣50正2,29,13,16,台新-台南,2024-08-16,8159
00948B,中信優息投資級債,17,0,17,台新-台南,2024-08-16,8159
3033,威健,16,0,16,台新-台南,2024-08-16,8159
2543,皇昌,24,9,15,台新-台南,2024-08-16,8159
1416,廣豐,15,0,15,台新-台南,2024-08-16,8159
2367,燿華,49,35,14,台新-台南,2024-08-16,8159
2801,彰銀,15,1,14,台新-台南,2024-08-16,8159
4540,全球傳動,40,26,14,台新-台南,2024-08-16,8159
3663,鑫科,88,75,13,台新-台南,2024-08-16,8159
00688L,國泰20年美債正2,469,36,433,台新-台南,2024-08-19,8159
00687B,國泰20年美債,330,3,327,台新-台南,2024-08-19,8159
00937B,群益ESG投等債20,267,4,263,台新-台南,2024-08-19,8159
00878,國泰永續高股息,192,48,144,台新-台南,2024-08-19,8159
2371,大同,142,9,133,台新-台南,2024-08-19,8159
00715L,期街口布蘭特正2,122,0,122,台新-台南,2024-08-19,8159
4967,十銓,108,3,105,台新-台南,2024-08-19,8159
00946,群益科技高息成長,122,42,80,台新-台南,2024-08-19,8159
2349,錸德,69,3,66,台新-台南,2024-08-19,8159
8021,尖點,77,14,63,台新-台南,2024-08-19,8159
00795B,中信美國公債20年,63,0,63,台新-台南,2024-08-19,8159
6451,訊芯-KY,69,7,62,台新-台南,2024-08-19,8159
3047,訊舟,264,203,61,台新-台南,2024-08-19,8159
00772B,中信高評級公司債,54,3,51,台新-台南,2024-08-19,8159
5519,隆大,50,0,50,台新-台南,2024-08-19,8159
6269,台郡,52,2,50,台新-台南,2024-08-19,8159
2888,新光金,223,177,46,台新-台南,2024-08-19,8159
00900,富邦特選高股息30,57,11,46,台新-台南,2024-08-19,8159
2890,永豐金,43,0,43,台新-台南,2024-08-19,8159
1316,上曜,59,22,37,台新-台南,2024-08-19,8159
1609,大亞,40,7,33,台新-台南,2024-08-19,8159
00706L,期元大S＆P日圓正2,33,0,33,台新-台南,2024-08-19,8159
2618,長榮航,35,2,33,台新-台南,2024-08-19,8159
2002,中鋼,41,9,32,台新-台南,2024-08-19,8159
00676R,富邦臺灣加權反1,30,0,30,台新-台南,2024-08-19,8159
4906,正文,54,25,29,台新-台南,2024-08-19,8159
00945B,凱基美國非投等債,29,0,29,台新-台南,2024-08-19,8159
00933B,國泰10Y+金融債,69,42,27,台新-台南,2024-08-19,8159
5439,高技,27,1,26,台新-台南,2024-08-19,8159
00680L,元大美債20正2,235,209,26,台新-台南,2024-08-19,8159
6188,廣明,70,46,24,台新-台南,2024-08-19,8159
00951,台新日本半導體,37,14,23,台新-台南,2024-08-19,8159
00905,FT臺灣Smart,25,2,23,台新-台南,2024-08-19,8159
3645,達邁,35,13,22,台新-台南,2024-08-19,8159
00751B,元大AAA至A公司債,23,1,22,台新-台南,2024-08-19,8159
4714,永捷,22,0,22,台新-台南,2024-08-19,8159
2062,橋椿,56,35,21,台新-台南,2024-08-19,8159
3450,聯鈞,40,20,20,台新-台南,2024-08-19,8159
1536,和大,26,7,19,台新-台南,2024-08-19,8159
6546,正基,19,0,19,台新-台南,2024-08-19,8159
2867,三商壽,18,0,18,台新-台南,2024-08-19,8159
6179,亞通,17,0,17,台新-台南,2024-08-19,8159
1528,恩德,20,3,17,台新-台南,2024-08-19,8159
5452,佶優,40,23,17,台新-台南,2024-08-19,8159
4566,時碩工業,29,12,17,台新-台南,2024-08-19,8159
6189,豐藝,20,3,17,台新-台南,2024-08-19,8159
2542,興富發,22,5,17,台新-台南,2024-08-19,8159
2537,聯上發,38,22,16,台新-台南,2024-08-19,8159
2069,運錩,15,0,15,台新-台南,2024-08-19,8159
1301,台塑,16,1,15,台新-台南,2024-08-19,8159
00680L,元大美債20正2,467,62,405,台新-台南,2024-08-20,8159
00715L,期街口布蘭特正2,335,0,335,台新-台南,2024-08-20,8159
00929,復華台灣科技優息,301,98,203,台新-台南,2024-08-20,8159
00919,群益台灣精選高息,207,24,183,台新-台南,2024-08-20,8159
00688L,國泰20年美債正2,266,105,161,台新-台南,2024-08-20,8159
00676R,富邦臺灣加權反1,160,10,150,台新-台南,2024-08-20,8159
00937B,群益ESG投等債20,151,21,130,台新-台南,2024-08-20,8159
1326,台化,121,4,117,台新-台南,2024-08-20,8159
6570,維田,105,5,100,台新-台南,2024-08-20,8159
2317,鴻海,447,362,85,台新-台南,2024-08-20,8159
2897,王道銀行,83,0,83,台新-台南,2024-08-20,8159
2356,英業達,110,27,83,台新-台南,2024-08-20,8159
2511,太子,80,2,78,台新-台南,2024-08-20,8159
1584,精剛,121,44,77,台新-台南,2024-08-20,8159
00945B,凱基美國非投等債,76,0,76,台新-台南,2024-08-20,8159
00918,大華優利高填息30,72,4,68,台新-台南,2024-08-20,8159
00650L,復華香港正2,64,0,64,台新-台南,2024-08-20,8159
5347,世界,67,11,56,台新-台南,2024-08-20,8159
00940,元大台灣價值高息,113,58,55,台新-台南,2024-08-20,8159
00942B,台新美A公司債20+,55,0,55,台新-台南,2024-08-20,8159
2014,中鴻,54,0,54,台新-台南,2024-08-20,8159
00687B,國泰20年美債,102,55,47,台新-台南,2024-08-20,8159
00923,群益台ESG低碳50,91,45,46,台新-台南,2024-08-20,8159
2371,大同,52,7,45,台新-台南,2024-08-20,8159
00795B,中信美國公債20年,45,4,41,台新-台南,2024-08-20,8159
2405,輔信,85,46,39,台新-台南,2024-08-20,8159
8121,越峰,37,0,37,台新-台南,2024-08-20,8159
2363,矽統,46,12,34,台新-台南,2024-08-20,8159
1513,中興電,53,21,32,台新-台南,2024-08-20,8159
1611,中電,32,0,32,台新-台南,2024-08-20,8159
1301,台塑,40,9,31,台新-台南,2024-08-20,8159
6578,達邦蛋白,30,0,30,台新-台南,2024-08-20,8159
1440,南紡,30,0,30,台新-台南,2024-08-20,8159
00936,台新永續高息中小,36,8,28,台新-台南,2024-08-20,8159
8415,大國鋼,28,0,28,台新-台南,2024-08-20,8159
2359,所羅門,119,91,28,台新-台南,2024-08-20,8159
3312,弘憶股,88,60,28,台新-台南,2024-08-20,8159
6156,松上,44,17,27,台新-台南,2024-08-20,8159
2374,佳能,67,40,27,台新-台南,2024-08-20,8159
2101,南港,29,3,26,台新-台南,2024-08-20,8159
3019,亞光,54,28,26,台新-台南,2024-08-20,8159
8071,能率網通,34,9,25,台新-台南,2024-08-20,8159
00907,永豐優息存股,24,0,24,台新-台南,2024-08-20,8159
3032,偉訓,29,5,24,台新-台南,2024-08-20,8159
4967,十銓,24,0,24,台新-台南,2024-08-20,8159
2417,圓剛,54,31,23,台新-台南,2024-08-20,8159
4306,炎洲,22,0,22,台新-台南,2024-08-20,8159
4513,福裕,27,6,21,台新-台南,2024-08-20,8159
00664R,國泰臺灣加權反1,20,0,20,台新-台南,2024-08-20,8159
5452,佶優,21,2,19,台新-台南,2024-08-20,8159
2888,新光金,1844,1451,393,台新-台南,2024-08-21,8159
2891,中信金,313,29,284,台新-台南,2024-08-21,8159
00715L,期街口布蘭特正2,261,0,261,台新-台南,2024-08-21,8159
00929,復華台灣科技優息,187,21,166,台新-台南,2024-08-21,8159
00919,群益台灣精選高息,213,55,158,台新-台南,2024-08-21,8159
6186,新潤,111,2,109,台新-台南,2024-08-21,8159
5009,榮剛,100,0,100,台新-台南,2024-08-21,8159
5905,南仁湖,270,195,75,台新-台南,2024-08-21,8159
00878,國泰永續高股息,128,53,75,台新-台南,2024-08-21,8159
00650L,復華香港正2,60,0,60,台新-台南,2024-08-21,8159
00687B,國泰20年美債,118,62,56,台新-台南,2024-08-21,8159
00632R,元大台灣50反1,75,20,55,台新-台南,2024-08-21,8159
00940,元大台灣價值高息,117,68,49,台新-台南,2024-08-21,8159
00907,永豐優息存股,48,0,48,台新-台南,2024-08-21,8159
2342,茂矽,50,2,48,台新-台南,2024-08-21,8159
0056,元大高股息,48,2,46,台新-台南,2024-08-21,8159
3037,欣興,56,10,46,台新-台南,2024-08-21,8159
3535,晶彩科,129,96,33,台新-台南,2024-08-21,8159
2317,鴻海,165,131,34,台新-台南,2024-08-21,8159
8054,安國,36,7,29,台新-台南,2024-08-21,8159
00881,國泰台灣5G+,31,2,29,台新-台南,2024-08-21,8159
3230,錦明,27,1,26,台新-台南,2024-08-21,8159
00900,富邦特選高股息30,26,0,26,台新-台南,2024-08-21,8159
00830,國泰費城半導體,26,1,25,台新-台南,2024-08-21,8159
1609,大亞,78,53,25,台新-台南,2024-08-21,8159
1409,新纖,42,18,24,台新-台南,2024-08-21,8159
00954,中信日本半導體,23,0,23,台新-台南,2024-08-21,8159
5512,力麒,25,2,23,台新-台南,2024-08-21,8159
2337,旺宏,26,3,23,台新-台南,2024-08-21,8159
9105,泰金寶-DR,47,25,22,台新-台南,2024-08-21,8159
3702,大聯大,22,1,21,台新-台南,2024-08-21,8159
2515,中工,30,10,20,台新-台南,2024-08-21,8159
2538,基泰,20,0,20,台新-台南,2024-08-21,8159
00664R,國泰臺灣加權反1,20,0,20,台新-台南,2024-08-21,8159
1785,光洋科,49,29,20,台新-台南,2024-08-21,8159
8064,東捷,61,42,19,台新-台南,2024-08-21,8159
4555,氣立,50,31,19,台新-台南,2024-08-21,8159
2067,嘉鋼,19,0,19,台新-台南,2024-08-21,8159
00795B,中信美國公債20年,20,1,19,台新-台南,2024-08-21,8159
00923,群益台ESG低碳50,27,9,18,台新-台南,2024-08-21,8159
00631L,元大台灣50正2,42,25,17,台新-台南,2024-08-21,8159
00915,凱基優選高股息30,19,2,17,台新-台南,2024-08-21,8159
1513,中興電,62,45,17,台新-台南,2024-08-21,8159
2890,永豐金,20,3,17,台新-台南,2024-08-21,8159
2867,三商壽,52,35,17,台新-台南,2024-08-21,8159
4174,浩鼎,35,19,16,台新-台南,2024-08-21,8159
3522,御嵿,16,0,16,台新-台南,2024-08-21,8159
00633L,富邦上証正2,15,0,15,台新-台南,2024-08-21,8159
00654R,富邦印度反1,15,0,15,台新-台南,2024-08-21,8159
8415,大國鋼,15,0,15,台新-台南,2024-08-21,8159
00680L,元大美債20正2,561,22,539,台新-台南,2024-08-22,8159
00715L,期街口布蘭特正2,390,2,388,台新-台南,2024-08-22,8159
00688L,國泰20年美債正2,334,19,315,台新-台南,2024-08-22,8159
00687B,國泰20年美債,164,4,160,台新-台南,2024-08-22,8159
00929,復華台灣科技優息,142,13,129,台新-台南,2024-08-22,8159
2891,中信金,140,13,127,台新-台南,2024-08-22,8159
2890,永豐金,99,6,93,台新-台南,2024-08-22,8159
00940,元大台灣價值高息,100,12,88,台新-台南,2024-08-22,8159
00878,國泰永續高股息,127,42,85,台新-台南,2024-08-22,8159
1785,光洋科,100,17,83,台新-台南,2024-08-22,8159
9935,慶豐富,83,11,72,台新-台南,2024-08-22,8159
2317,鴻海,260,192,68,台新-台南,2024-08-22,8159
00919,群益台灣精選高息,174,107,67,台新-台南,2024-08-22,8159
00706L,期元大S＆P日圓正2,82,20,62,台新-台南,2024-08-22,8159
6609,瀧澤科,105,44,61,台新-台南,2024-08-22,8159
2002,中鋼,66,9,57,台新-台南,2024-08-22,8159
00937B,群益ESG投等債20,83,29,54,台新-台南,2024-08-22,8159
2349,錸德,451,399,52,台新-台南,2024-08-22,8159
2062,橋椿,117,67,50,台新-台南,2024-08-22,8159
2382,廣達,55,6,49,台新-台南,2024-08-22,8159
1584,精剛,114,65,49,台新-台南,2024-08-22,8159
00881,國泰台灣5G+,65,17,48,台新-台南,2024-08-22,8159
00642U,期元大S＆P石油,47,2,45,台新-台南,2024-08-22,8159
6509,聚和,53,8,45,台新-台南,2024-08-22,8159
3230,錦明,45,0,45,台新-台南,2024-08-22,8159
5347,世界,44,1,43,台新-台南,2024-08-22,8159
2312,金寶,71,29,42,台新-台南,2024-08-22,8159
8033,雷虎,42,2,40,台新-台南,2024-08-22,8159
1513,中興電,54,14,40,台新-台南,2024-08-22,8159
00676R,富邦臺灣加權反1,39,0,39,台新-台南,2024-08-22,8159
4540,全球傳動,39,3,36,台新-台南,2024-08-22,8159
8415,大國鋼,33,0,33,台新-台南,2024-08-22,8159
5443,均豪,99,67,32,台新-台南,2024-08-22,8159
3264,欣銓,31,0,31,台新-台南,2024-08-22,8159
00720B,元大投資級公司債,32,2,30,台新-台南,2024-08-22,8159
3163,波若威,54,24,30,台新-台南,2024-08-22,8159
00934,中信成長高股息,30,0,30,台新-台南,2024-08-22,8159
5603,陸海,30,0,30,台新-台南,2024-08-22,8159
1809,中釉,29,0,29,台新-台南,2024-08-22,8159
00857B,永豐20年美公債,29,1,28,台新-台南,2024-08-22,8159
2347,聯強,28,1,27,台新-台南,2024-08-22,8159
6125,廣運,53,27,26,台新-台南,2024-08-22,8159
00907,永豐優息存股,25,0,25,台新-台南,2024-08-22,8159
1529,樂事綠能,25,0,25,台新-台南,2024-08-22,8159
3231,緯創,31,7,24,台新-台南,2024-08-22,8159
6451,訊芯-KY,24,1,23,台新-台南,2024-08-22,8159
5512,力麒,22,0,22,台新-台南,2024-08-22,8159
00918,大華優利高填息30,32,10,22,台新-台南,2024-08-22,8159
4906,正文,25,5,20,台新-台南,2024-08-22,8159
2883,凱基金,21,1,20,台新-台南,2024-08-22,8159
00688L,國泰20年美債正2,358,31,327,台新-台南,2024-08-23,8159
00680L,元大美債20正2,393,75,318,台新-台南,2024-08-23,8159
00687B,國泰20年美債,228,7,221,台新-台南,2024-08-23,8159
2891,中信金,174,1,173,台新-台南,2024-08-23,8159
2609,陽明,106,11,95,台新-台南,2024-08-23,8159
1711,永光,598,513,85,台新-台南,2024-08-23,8159
3149,正達,92,11,81,台新-台南,2024-08-23,8159
6505,台塑化,96,18,78,台新-台南,2024-08-23,8159
00945B,凱基美國非投等債,74,0,74,台新-台南,2024-08-23,8159
00943,兆豐電子高息等權,70,0,70,台新-台南,2024-08-23,8159
00940,元大台灣價值高息,79,18,61,台新-台南,2024-08-23,8159
2888B,新光金乙特,60,0,60,台新-台南,2024-08-23,8159
2402,毅嘉,78,21,57,台新-台南,2024-08-23,8159
9105,泰金寶-DR,56,0,56,台新-台南,2024-08-23,8159
2887,台新金,204,152,52,台新-台南,2024-08-23,8159
00878,國泰永續高股息,76,24,52,台新-台南,2024-08-23,8159
1708,東鹼,76,25,51,台新-台南,2024-08-23,8159
1721,三晃,71,21,50,台新-台南,2024-08-23,8159
3019,亞光,108,65,43,台新-台南,2024-08-23,8159
4903,聯光通,65,24,41,台新-台南,2024-08-23,8159
00679B,元大美債20年,78,37,41,台新-台南,2024-08-23,8159
1570,力肯,42,2,40,台新-台南,2024-08-23,8159
2888A,新光金甲特,40,0,40,台新-台南,2024-08-23,8159
2349,錸德,394,354,40,台新-台南,2024-08-23,8159
4513,福裕,73,35,38,台新-台南,2024-08-23,8159
1409,新纖,73,37,36,台新-台南,2024-08-23,8159
00953B,群益優選非投等債,36,0,36,台新-台南,2024-08-23,8159
8415,大國鋼,35,0,35,台新-台南,2024-08-23,8159
00936,台新永續高息中小,32,0,32,台新-台南,2024-08-23,8159
8089,康全電訊,53,22,31,台新-台南,2024-08-23,8159
3652,精聯,31,0,31,台新-台南,2024-08-23,8159
5452,佶優,40,13,27,台新-台南,2024-08-23,8159
5512,力麒,25,0,25,台新-台南,2024-08-23,8159
00795B,中信美國公債20年,25,0,25,台新-台南,2024-08-23,8159
00937B,群益ESG投等債20,110,86,24,台新-台南,2024-08-23,8159
1717,長興,24,0,24,台新-台南,2024-08-23,8159
00830,國泰費城半導體,22,0,22,台新-台南,2024-08-23,8159
3312,弘憶股,51,30,21,台新-台南,2024-08-23,8159
3189,景碩,129,108,21,台新-台南,2024-08-23,8159
5603,陸海,20,0,20,台新-台南,2024-08-23,8159
00753L,中信中國50正2,20,0,20,台新-台南,2024-08-23,8159
00706L,期元大S＆P日圓正2,20,0,20,台新-台南,2024-08-23,8159
00881,國泰台灣5G+,19,0,19,台新-台南,2024-08-23,8159
1809,中釉,18,0,18,台新-台南,2024-08-23,8159
1314,中石化,175,157,18,台新-台南,2024-08-23,8159
3455,由田,18,0,18,台新-台南,2024-08-23,8159
6186,新潤,18,0,18,台新-台南,2024-08-23,8159
00951,台新日本半導體,17,1,16,台新-台南,2024-08-23,8159
1540,喬福,16,0,16,台新-台南,2024-08-23,8159
2353,宏��,17,3,14,台新-台南,2024-08-23,8159
2888,新光金,3138,1400,1738,台新-台南,2024-08-26,8159
00680L,元大美債20正2,345,43,302,台新-台南,2024-08-26,8159
00919,群益台灣精選高息,212,10,202,台新-台南,2024-08-26,8159
00712,復華富時不動產,191,10,181,台新-台南,2024-08-26,8159
4716,大立,135,13,122,台新-台南,2024-08-26,8159
8028,昇陽半導體,173,65,108,台新-台南,2024-08-26,8159
00940,元大台灣價值高息,196,103,93,台新-台南,2024-08-26,8159
00929,復華台灣科技優息,106,33,73,台新-台南,2024-08-26,8159
00945B,凱基美國非投等債,71,0,71,台新-台南,2024-08-26,8159
4526,東台,135,73,62,台新-台南,2024-08-26,8159
00679B,元大美債20年,62,3,59,台新-台南,2024-08-26,8159
00937B,群益ESG投等債20,84,28,56,台新-台南,2024-08-26,8159
4543,萬在,50,0,50,台新-台南,2024-08-26,8159
8415,大國鋼,49,1,48,台新-台南,2024-08-26,8159
1314,中石化,71,25,46,台新-台南,2024-08-26,8159
2891,中信金,94,50,44,台新-台南,2024-08-26,8159
8021,尖點,55,12,43,台新-台南,2024-08-26,8159
2409,友達,96,56,40,台新-台南,2024-08-26,8159
00857B,永豐20年美公債,39,0,39,台新-台南,2024-08-26,8159
1609,大亞,39,2,37,台新-台南,2024-08-26,8159
3622,洋華,32,0,32,台新-台南,2024-08-26,8159
5603,陸海,30,0,30,台新-台南,2024-08-26,8159
3313,斐成,30,1,29,台新-台南,2024-08-26,8159
1316,上曜,34,5,29,台新-台南,2024-08-26,8159
2376,技嘉,147,119,28,台新-台南,2024-08-26,8159
2515,中工,42,14,28,台新-台南,2024-08-26,8159
5512,力麒,28,0,28,台新-台南,2024-08-26,8159
3450,聯鈞,68,41,27,台新-台南,2024-08-26,8159
6451,訊芯-KY,27,4,23,台新-台南,2024-08-26,8159
2882,國泰金,34,11,23,台新-台南,2024-08-26,8159
00764B,群益25年美債,22,0,22,台新-台南,2024-08-26,8159
1785,光洋科,75,54,21,台新-台南,2024-08-26,8159
5498,凱崴,21,0,21,台新-台南,2024-08-26,8159
2365,昆盈,49,28,21,台新-台南,2024-08-26,8159
3289,宜特,20,0,20,台新-台南,2024-08-26,8159
2464,盟立,27,7,20,台新-台南,2024-08-26,8159
00955,中信日本商社,20,0,20,台新-台南,2024-08-26,8159
5905,南仁湖,31,12,19,台新-台南,2024-08-26,8159
5443,均豪,144,125,19,台新-台南,2024-08-26,8159
4513,福裕,31,13,18,台新-台南,2024-08-26,8159
6218,豪勉,20,2,18,台新-台南,2024-08-26,8159
00881,國泰台灣5G+,20,3,17,台新-台南,2024-08-26,8159
00795B,中信美國公債20年,17,0,17,台新-台南,2024-08-26,8159
1513,中興電,21,4,17,台新-台南,2024-08-26,8159
2331,精英,35,19,16,台新-台南,2024-08-26,8159
3710,連展投控,16,0,16,台新-台南,2024-08-26,8159
2369,菱生,16,0,16,台新-台南,2024-08-26,8159
2405,輔信,19,4,15,台新-台南,2024-08-26,8159
3715,定穎投控,37,22,15,台新-台南,2024-08-26,8159
3535,晶彩科,34,19,15,台新-台南,2024-08-26,8159
2891,中信金,181,16,165,台新-台南,2024-08-27,8159
00929,復華台灣科技優息,151,7,144,台新-台南,2024-08-27,8159
00673R,期元大S＆P原油反1,135,0,135,台新-台南,2024-08-27,8159
00878,國泰永續高股息,181,79,102,台新-台南,2024-08-27,8159
8415,大國鋼,100,0,100,台新-台南,2024-08-27,8159
2515,中工,112,25,87,台新-台南,2024-08-27,8159
3481,群創,584,516,68,台新-台南,2024-08-27,8159
00632R,元大台灣50反1,57,0,57,台新-台南,2024-08-27,8159
0056,元大高股息,55,2,53,台新-台南,2024-08-27,8159
3576,聯合再生,68,16,52,台新-台南,2024-08-27,8159
4510,高鋒,131,80,51,台新-台南,2024-08-27,8159
3645,達邁,61,10,51,台新-台南,2024-08-27,8159
00951,台新日本半導體,54,3,51,台新-台南,2024-08-27,8159
00687B,國泰20年美債,83,33,50,台新-台南,2024-08-27,8159
2317,鴻海,59,10,49,台新-台南,2024-08-27,8159
2609,陽明,70,21,49,台新-台南,2024-08-27,8159
00940,元大台灣價值高息,68,21,47,台新-台南,2024-08-27,8159
2615,萬海,93,46,47,台新-台南,2024-08-27,8159
2887,台新金,175,131,44,台新-台南,2024-08-27,8159
6548,長科*,43,0,43,台新-台南,2024-08-27,8159
2845,遠東銀,54,13,41,台新-台南,2024-08-27,8159
2353,宏��,51,12,39,台新-台南,2024-08-27,8159
2762,世界健身-KY,30,0,30,台新-台南,2024-08-27,8159
3032,偉訓,39,11,28,台新-台南,2024-08-27,8159
3550,聯穎,32,4,28,台新-台南,2024-08-27,8159
2441,超豐,26,0,26,台新-台南,2024-08-27,8159
6770,力積電,27,1,26,台新-台南,2024-08-27,8159
3189,景碩,27,4,23,台新-台南,2024-08-27,8159
4513,福裕,53,31,22,台新-台南,2024-08-27,8159
5880,合庫金,21,0,21,台新-台南,2024-08-27,8159
2906,高林,20,0,20,台新-台南,2024-08-27,8159
00679B,元大美債20年,52,33,19,台新-台南,2024-08-27,8159
2892,第一金,20,1,19,台新-台南,2024-08-27,8159
00751B,元大AAA至A公司債,20,1,19,台新-台南,2024-08-27,8159
1108,幸福,21,2,19,台新-台南,2024-08-27,8159
2399,映泰,64,45,19,台新-台南,2024-08-27,8159
3033,威健,34,16,18,台新-台南,2024-08-27,8159
8936,國統,22,5,17,台新-台南,2024-08-27,8159
2882,國泰金,18,1,17,台新-台南,2024-08-27,8159
3518,柏騰,18,2,16,台新-台南,2024-08-27,8159
2610,華航,16,0,16,台新-台南,2024-08-27,8159
2313,華通,23,8,15,台新-台南,2024-08-27,8159
3047,訊舟,36,21,15,台新-台南,2024-08-27,8159
1587,吉茂,15,0,15,台新-台南,2024-08-27,8159
00918,大華優利高填息30,14,0,14,台新-台南,2024-08-27,8159
00706L,期元大S＆P日圓正2,14,0,14,台新-台南,2024-08-27,8159
8234,新漢,18,4,14,台新-台南,2024-08-27,8159
3663,鑫科,67,54,13,台新-台南,2024-08-27,8159
3711,日月光投控,35,22,13,台新-台南,2024-08-27,8159
00937B,群益ESG投等債20,15,2,13,台新-台南,2024-08-27,8159
00688L,國泰20年美債正2,424,35,389,台新-台南,2024-08-28,8159
00680L,元大美債20正2,426,251,175,台新-台南,2024-08-28,8159
2891,中信金,194,37,157,台新-台南,2024-08-28,8159
00715L,期街口布蘭特正2,187,65,122,台新-台南,2024-08-28,8159
1314,中石化,116,2,114,台新-台南,2024-08-28,8159
2323,中環,90,6,84,台新-台南,2024-08-28,8159
1445,大宇,50,0,50,台新-台南,2024-08-28,8159
8039,台虹,90,41,49,台新-台南,2024-08-28,8159
2637,慧洋-KY,43,0,43,台新-台南,2024-08-28,8159
6150,撼訊,41,3,38,台新-台南,2024-08-28,8159
2887,台新金,90,53,37,台新-台南,2024-08-28,8159
00959B,大華投等美債15Y+,36,0,36,台新-台南,2024-08-28,8159
2886,兆豐金,37,4,33,台新-台南,2024-08-28,8159
6788,華景電,36,4,32,台新-台南,2024-08-28,8159
00948B,中信優息投資級債,31,0,31,台新-台南,2024-08-28,8159
5443,均豪,123,93,30,台新-台南,2024-08-28,8159
8374,羅昇,49,19,30,台新-台南,2024-08-28,8159
6241,易通展,30,0,30,台新-台南,2024-08-28,8159
3059,華晶科,31,1,30,台新-台南,2024-08-28,8159
3645,達邁,35,5,30,台新-台南,2024-08-28,8159
00937B,群益ESG投等債20,48,18,30,台新-台南,2024-08-28,8159
2324,仁寶,67,39,28,台新-台南,2024-08-28,8159
00878,國泰永續高股息,56,29,27,台新-台南,2024-08-28,8159
00795B,中信美國公債20年,33,8,25,台新-台南,2024-08-28,8159
6290,良維,24,0,24,台新-台南,2024-08-28,8159
3663,鑫科,77,54,23,台新-台南,2024-08-28,8159
8234,新漢,24,1,23,台新-台南,2024-08-28,8159
6133,金橋,59,37,22,台新-台南,2024-08-28,8159
3051,力特,24,2,22,台新-台南,2024-08-28,8159
2618,長榮航,51,30,21,台新-台南,2024-08-28,8159
2515,中工,21,0,21,台新-台南,2024-08-28,8159
2317,鴻海,91,70,21,台新-台南,2024-08-28,8159
6451,訊芯-KY,40,20,20,台新-台南,2024-08-28,8159
8064,東捷,66,46,20,台新-台南,2024-08-28,8159
3652,精聯,28,8,20,台新-台南,2024-08-28,8159
6546,正基,20,0,20,台新-台南,2024-08-28,8159
8415,大國鋼,20,0,20,台新-台南,2024-08-28,8159
1785,光洋科,25,6,19,台新-台南,2024-08-28,8159
2392,正崴,32,13,19,台新-台南,2024-08-28,8159
4566,時碩工業,35,16,19,台新-台南,2024-08-28,8159
8070,長華*,28,9,19,台新-台南,2024-08-28,8159
0056,元大高股息,22,4,18,台新-台南,2024-08-28,8159
3665,貿聯-KY,25,7,18,台新-台南,2024-08-28,8159
2349,錸德,39,21,18,台新-台南,2024-08-28,8159
3522,御嵿,20,3,17,台新-台南,2024-08-28,8159
8096,擎亞,43,27,16,台新-台南,2024-08-28,8159
00713,元大台灣高息低波,17,2,15,台新-台南,2024-08-28,8159
2464,盟立,52,37,15,台新-台南,2024-08-28,8159
3492,長盛,15,0,15,台新-台南,2024-08-28,8159
00942B,台新美A公司債20+,20,5,15,台新-台南,2024-08-28,8159
00929,復華台灣科技優息,220,35,185,台新-台南,2024-08-29,8159
2801,彰銀,170,0,170,台新-台南,2024-08-29,8159
00680L,元大美債20正2,166,11,155,台新-台南,2024-08-29,8159
00937B,群益ESG投等債20,118,5,113,台新-台南,2024-08-29,8159
00688L,國泰20年美債正2,125,14,111,台新-台南,2024-08-29,8159
1314,中石化,167,69,98,台新-台南,2024-08-29,8159
2891,中信金,189,106,83,台新-台南,2024-08-29,8159
00679B,元大美債20年,89,11,78,台新-台南,2024-08-29,8159
2887,台新金,91,22,69,台新-台南,2024-08-29,8159
3550,聯穎,139,78,61,台新-台南,2024-08-29,8159
00919,群益台灣精選高息,75,17,58,台新-台南,2024-08-29,8159
2845,遠東銀,54,2,52,台新-台南,2024-08-29,8159
4167,松瑞藥,81,29,52,台新-台南,2024-08-29,8159
00959B,大華投等美債15Y+,51,0,51,台新-台南,2024-08-29,8159
00715L,期街口布蘭特正2,56,11,45,台新-台南,2024-08-29,8159
00931B,統一美債20年,43,0,43,台新-台南,2024-08-29,8159
2515,中工,73,36,37,台新-台南,2024-08-29,8159
00936,台新永續高息中小,45,9,36,台新-台南,2024-08-29,8159
00923,群益台ESG低碳50,34,0,34,台新-台南,2024-08-29,8159
2637,慧洋-KY,33,2,31,台新-台南,2024-08-29,8159
6176,瑞儀,40,10,30,台新-台南,2024-08-29,8159
2356,英業達,40,10,30,台新-台南,2024-08-29,8159
1608,華榮,27,0,27,台新-台南,2024-08-29,8159
00878,國泰永續高股息,99,72,27,台新-台南,2024-08-29,8159
00662,富邦NASDAQ,26,0,26,台新-台南,2024-08-29,8159
00900,富邦特選高股息30,28,2,26,台新-台南,2024-08-29,8159
8096,擎亞,48,23,25,台新-台南,2024-08-29,8159
1708,東鹼,30,6,24,台新-台南,2024-08-29,8159
00940,元大台灣價值高息,62,38,24,台新-台南,2024-08-29,8159
4510,高鋒,163,140,23,台新-台南,2024-08-29,8159
4714,永捷,33,10,23,台新-台南,2024-08-29,8159
1513,中興電,23,1,22,台新-台南,2024-08-29,8159
00946,群益科技高息成長,25,3,22,台新-台南,2024-08-29,8159
2330,台積電,28,8,20,台新-台南,2024-08-29,8159
00664R,國泰臺灣加權反1,40,20,20,台新-台南,2024-08-29,8159
6241,易通展,20,0,20,台新-台南,2024-08-29,8159
3260,威剛,20,1,19,台新-台南,2024-08-29,8159
00922,國泰台灣領袖50,24,5,19,台新-台南,2024-08-29,8159
8150,南茂,19,0,19,台新-台南,2024-08-29,8159
00830,國泰費城半導體,28,10,18,台新-台南,2024-08-29,8159
2353,宏��,28,10,18,台新-台南,2024-08-29,8159
6104,創惟,20,3,17,台新-台南,2024-08-29,8159
8071,能率網通,19,3,16,台新-台南,2024-08-29,8159
00795B,中信美國公債20年,16,0,16,台新-台南,2024-08-29,8159
6505,台塑化,15,0,15,台新-台南,2024-08-29,8159
00918,大華優利高填息30,15,0,15,台新-台南,2024-08-29,8159
1506,正道,15,0,15,台新-台南,2024-08-29,8159
8092,建暐,15,0,15,台新-台南,2024-08-29,8159
00665L,富邦�琤肭磪囓�2,15,0,15,台新-台南,2024-08-29,8159
5225,東科-KY,17,2,15,台新-台南,2024-08-29,8159
2888,新光金,678,28,650,台新-台南,2024-08-30,8159
00632R,元大台灣50反1,240,3,237,台新-台南,2024-08-30,8159
00680L,元大美債20正2,205,7,198,台新-台南,2024-08-30,8159
1217,愛之味,176,17,159,台新-台南,2024-08-30,8159
1711,永光,377,237,140,台新-台南,2024-08-30,8159
00929,復華台灣科技優息,135,35,100,台新-台南,2024-08-30,8159
00937B,群益ESG投等債20,115,16,99,台新-台南,2024-08-30,8159
2618,長榮航,98,4,94,台新-台南,2024-08-30,8159
00679B,元大美債20年,97,6,91,台新-台南,2024-08-30,8159
00959B,大華投等美債15Y+,90,0,90,台新-台南,2024-08-30,8159
2367,燿華,160,78,82,台新-台南,2024-08-30,8159
3051,力特,85,6,79,台新-台南,2024-08-30,8159
00687B,國泰20年美債,84,20,64,台新-台南,2024-08-30,8159
1440,南紡,65,2,63,台新-台南,2024-08-30,8159
00918,大華優利高填息30,57,0,57,台新-台南,2024-08-30,8159
6838,台新藥,60,5,55,台新-台南,2024-08-30,8159
2353,宏��,66,14,52,台新-台南,2024-08-30,8159
00676R,富邦臺灣加權反1,50,0,50,台新-台南,2024-08-30,8159
2461,光群雷,51,1,50,台新-台南,2024-08-30,8159
1727,中華化,73,24,49,台新-台南,2024-08-30,8159
8086,宏捷科,64,22,42,台新-台南,2024-08-30,8159
2313,華通,90,48,42,台新-台南,2024-08-30,8159
2369,菱生,41,1,40,台新-台南,2024-08-30,8159
3715,定穎投控,38,2,36,台新-台南,2024-08-30,8159
2880,華南金,35,0,35,台新-台南,2024-08-30,8159
2891,中信金,34,1,33,台新-台南,2024-08-30,8159
1314,中石化,71,38,33,台新-台南,2024-08-30,8159
2425,承啟,83,50,33,台新-台南,2024-08-30,8159
4526,東台,387,354,33,台新-台南,2024-08-30,8159
2515,中工,56,24,32,台新-台南,2024-08-30,8159
6156,松上,42,10,32,台新-台南,2024-08-30,8159
3167,大量,32,1,31,台新-台南,2024-08-30,8159
4909,新復興,93,65,28,台新-台南,2024-08-30,8159
2324,仁寶,27,0,27,台新-台南,2024-08-30,8159
6176,瑞儀,46,19,27,台新-台南,2024-08-30,8159
3663,鑫科,36,10,26,台新-台南,2024-08-30,8159
6104,創惟,36,11,25,台新-台南,2024-08-30,8159
2762,世界健身-KY,25,0,25,台新-台南,2024-08-30,8159
2464,盟立,41,17,24,台新-台南,2024-08-30,8159
2312,金寶,43,19,24,台新-台南,2024-08-30,8159
3234,光環,23,0,23,台新-台南,2024-08-30,8159
00673R,期元大S＆P原油反1,23,0,23,台新-台南,2024-08-30,8159
2385,群光,22,0,22,台新-台南,2024-08-30,8159
3615,安可,46,24,22,台新-台南,2024-08-30,8159
00795B,中信美國公債20年,22,0,22,台新-台南,2024-08-30,8159
2007,燁興,21,0,21,台新-台南,2024-08-30,8159
5484,慧友,24,3,21,台新-台南,2024-08-30,8159
2062,橋椿,27,6,21,台新-台南,2024-08-30,8159
8021,尖點,21,1,20,台新-台南,2024-08-30,8159
2801,彰銀,17,0,17,台新-台南,2024-08-30,8159
00715L,期街口布蘭特正2,389,15,374,台新-台南,2024-09-02,8159
00688L,國泰20年美債正2,343,18,325,台新-台南,2024-09-02,8159
00687B,國泰20年美債,244,12,232,台新-台南,2024-09-02,8159
3051,力特,219,20,199,台新-台南,2024-09-02,8159
00937B,群益ESG投等債20,173,13,160,台新-台南,2024-09-02,8159
3052,夆典,119,0,119,台新-台南,2024-09-02,8159
00948B,中信優息投資級債,113,0,113,台新-台南,2024-09-02,8159
3149,正達,101,8,93,台新-台南,2024-09-02,8159
00680L,元大美債20正2,556,467,89,台新-台南,2024-09-02,8159
4979,華星光,82,7,75,台新-台南,2024-09-02,8159
00918,大華優利高填息30,78,5,73,台新-台南,2024-09-02,8159
8043,蜜望實,82,29,53,台新-台南,2024-09-02,8159
00919,群益台灣精選高息,72,20,52,台新-台南,2024-09-02,8159
00713,元大台灣高息低波,50,3,47,台新-台南,2024-09-02,8159
2609,陽明,51,5,46,台新-台南,2024-09-02,8159
1584,精剛,44,0,44,台新-台南,2024-09-02,8159
5009,榮剛,40,0,40,台新-台南,2024-09-02,8159
00676R,富邦臺灣加權反1,40,0,40,台新-台南,2024-09-02,8159
2317,鴻海,61,23,38,台新-台南,2024-09-02,8159
4551,智伸科,37,0,37,台新-台南,2024-09-02,8159
00915,凱基優選高股息30,36,0,36,台新-台南,2024-09-02,8159
6189,豐藝,44,9,35,台新-台南,2024-09-02,8159
00959B,大華投等美債15Y+,34,0,34,台新-台南,2024-09-02,8159
00942B,台新美A公司債20+,34,0,34,台新-台南,2024-09-02,8159
00772B,中信高評級公司債,34,0,34,台新-台南,2024-09-02,8159
00936,台新永續高息中小,33,0,33,台新-台南,2024-09-02,8159
2891,中信金,76,44,32,台新-台南,2024-09-02,8159
00679B,元大美債20年,37,7,30,台新-台南,2024-09-02,8159
2762,世界健身-KY,30,0,30,台新-台南,2024-09-02,8159
2402,毅嘉,42,12,30,台新-台南,2024-09-02,8159
00933B,國泰10Y+金融債,28,0,28,台新-台南,2024-09-02,8159
1568,倉佑,28,0,28,台新-台南,2024-09-02,8159
4576,大銀微系統,32,4,28,台新-台南,2024-09-02,8159
2603,長榮,26,0,26,台新-台南,2024-09-02,8159
6743,安普新,40,14,26,台新-台南,2024-09-02,8159
6104,創惟,43,17,26,台新-台南,2024-09-02,8159
00857B,永豐20年美公債,25,0,25,台新-台南,2024-09-02,8159
2615,萬海,72,48,24,台新-台南,2024-09-02,8159
1314,中石化,50,26,24,台新-台南,2024-09-02,8159
2367,燿華,67,44,23,台新-台南,2024-09-02,8159
2405,輔信,23,0,23,台新-台南,2024-09-02,8159
4513,福裕,37,15,22,台新-台南,2024-09-02,8159
8927,北基,22,0,22,台新-台南,2024-09-02,8159
1316,上曜,29,7,22,台新-台南,2024-09-02,8159
2524,京城,45,24,21,台新-台南,2024-09-02,8159
1530,亞崴,22,1,21,台新-台南,2024-09-02,8159
00632R,元大台灣50反1,20,0,20,台新-台南,2024-09-02,8159
1618,合機,26,6,20,台新-台南,2024-09-02,8159
3322,建舜電,20,0,20,台新-台南,2024-09-02,8159
00945B,凱基美國非投等債,21,2,19,台新-台南,2024-09-02,8159
00680L,元大美債20正2,389,10,379,台新-台南,2024-09-03,8159
00688L,國泰20年美債正2,209,0,209,台新-台南,2024-09-03,8159
00919,群益台灣精選高息,233,26,207,台新-台南,2024-09-03,8159
00937B,群益ESG投等債20,200,30,170,台新-台南,2024-09-03,8159
00948B,中信優息投資級債,121,0,121,台新-台南,2024-09-03,8159
2834,臺企銀,111,0,111,台新-台南,2024-09-03,8159
3406,玉晶光,111,0,111,台新-台南,2024-09-03,8159
3052,夆典,109,0,109,台新-台南,2024-09-03,8159
2408,南亞科,103,1,102,台新-台南,2024-09-03,8159
00687B,國泰20年美債,99,2,97,台新-台南,2024-09-03,8159
2303,聯電,102,9,93,台新-台南,2024-09-03,8159
1314,中石化,104,20,84,台新-台南,2024-09-03,8159
00940,元大台灣價值高息,408,333,75,台新-台南,2024-09-03,8159
2891,中信金,85,13,72,台新-台南,2024-09-03,8159
2353,宏��,73,2,71,台新-台南,2024-09-03,8159
1449,佳和,72,1,71,台新-台南,2024-09-03,8159
00679B,元大美債20年,64,2,62,台新-台南,2024-09-03,8159
00918,大華優利高填息30,63,2,61,台新-台南,2024-09-03,8159
2845,遠東銀,52,0,52,台新-台南,2024-09-03,8159
00878,國泰永續高股息,98,46,52,台新-台南,2024-09-03,8159
00929,復華台灣科技優息,256,206,50,台新-台南,2024-09-03,8159
6163,華電網,59,9,50,台新-台南,2024-09-03,8159
5009,榮剛,50,0,50,台新-台南,2024-09-03,8159
2317,鴻海,227,182,45,台新-台南,2024-09-03,8159
00932,兆豐永續高息等權,55,10,45,台新-台南,2024-09-03,8159
2313,華通,64,20,44,台新-台南,2024-09-03,8159
00915,凱基優選高股息30,49,6,43,台新-台南,2024-09-03,8159
4566,時碩工業,52,13,39,台新-台南,2024-09-03,8159
2367,燿華,101,62,39,台新-台南,2024-09-03,8159
2867,三商壽,34,3,31,台新-台南,2024-09-03,8159
3149,正達,64,33,31,台新-台南,2024-09-03,8159
00959B,大華投等美債15Y+,30,0,30,台新-台南,2024-09-03,8159
6186,新潤,29,2,27,台新-台南,2024-09-03,8159
6213,聯茂,104,77,27,台新-台南,2024-09-03,8159
3037,欣興,30,4,26,台新-台南,2024-09-03,8159
1815,富喬,41,16,25,台新-台南,2024-09-03,8159
2365,昆盈,174,149,25,台新-台南,2024-09-03,8159
1609,大亞,38,13,25,台新-台南,2024-09-03,8159
2359,所羅門,74,50,24,台新-台南,2024-09-03,8159
1513,中興電,40,17,23,台新-台南,2024-09-03,8159
4939,亞電,20,0,20,台新-台南,2024-09-03,8159
00673R,期元大S＆P原油反1,20,0,20,台新-台南,2024-09-03,8159
2002,中鋼,24,4,20,台新-台南,2024-09-03,8159
00665L,富邦�琤肭磪囓�2,19,0,19,台新-台南,2024-09-03,8159
3035,智原,17,0,17,台新-台南,2024-09-03,8159
2495,普安,36,20,16,台新-台南,2024-09-03,8159
2323,中環,31,15,16,台新-台南,2024-09-03,8159
2409,友達,16,0,16,台新-台南,2024-09-03,8159
4513,福裕,38,24,14,台新-台南,2024-09-03,8159
8927,北基,14,0,14,台新-台南,2024-09-03,8159
3052,夆典,519,2,517,台新-台南,2024-09-04,8159
00715L,期街口布蘭特正2,501,5,496,台新-台南,2024-09-04,8159
00929,復華台灣科技優息,586,107,479,台新-台南,2024-09-04,8159
00878,國泰永續高股息,480,70,410,台新-台南,2024-09-04,8159
00918,大華優利高填息30,335,0,335,台新-台南,2024-09-04,8159
00947,台新臺灣IC設計,316,0,316,台新-台南,2024-09-04,8159
2891,中信金,305,8,297,台新-台南,2024-09-04,8159
00940,元大台灣價值高息,423,191,232,台新-台南,2024-09-04,8159
00919,群益台灣精選高息,471,266,205,台新-台南,2024-09-04,8159
5512,力麒,191,0,191,台新-台南,2024-09-04,8159
00951,台新日本半導體,179,0,179,台新-台南,2024-09-04,8159
0056,元大高股息,218,42,176,台新-台南,2024-09-04,8159
2834,臺企銀,157,4,153,台新-台南,2024-09-04,8159
00881,國泰台灣5G+,145,3,142,台新-台南,2024-09-04,8159
1314,中石化,162,30,132,台新-台南,2024-09-04,8159
2890,永豐金,141,10,131,台新-台南,2024-09-04,8159
2330,台積電,139,9,130,台新-台南,2024-09-04,8159
00687B,國泰20年美債,164,52,112,台新-台南,2024-09-04,8159
00948B,中信優息投資級債,104,6,98,台新-台南,2024-09-04,8159
6153,嘉聯益,109,15,94,台新-台南,2024-09-04,8159
0050,元大台灣50,98,6,92,台新-台南,2024-09-04,8159
00915,凱基優選高股息30,129,44,85,台新-台南,2024-09-04,8159
1815,富喬,109,27,82,台新-台南,2024-09-04,8159
00955,中信日本商社,81,0,81,台新-台南,2024-09-04,8159
2883,凱基金,382,301,81,台新-台南,2024-09-04,8159
1449,佳和,70,0,70,台新-台南,2024-09-04,8159
00713,元大台灣高息低波,77,10,67,台新-台南,2024-09-04,8159
00943,兆豐電子高息等權,61,0,61,台新-台南,2024-09-04,8159
006208,富邦台50,68,7,61,台新-台南,2024-09-04,8159
4510,高鋒,221,171,50,台新-台南,2024-09-04,8159
3037,欣興,83,33,50,台新-台南,2024-09-04,8159
3149,正達,56,8,48,台新-台南,2024-09-04,8159
2337,旺宏,66,18,48,台新-台南,2024-09-04,8159
2845,遠東銀,48,0,48,台新-台南,2024-09-04,8159
1301,台塑,55,7,48,台新-台南,2024-09-04,8159
2886,兆豐金,47,0,47,台新-台南,2024-09-04,8159
2382,廣達,52,7,45,台新-台南,2024-09-04,8159
2867,三商壽,44,0,44,台新-台南,2024-09-04,8159
00923,群益台ESG低碳50,64,20,44,台新-台南,2024-09-04,8159
2409,友達,48,5,43,台新-台南,2024-09-04,8159
4543,萬在,40,0,40,台新-台南,2024-09-04,8159
00676R,富邦臺灣加權反1,40,0,40,台新-台南,2024-09-04,8159
4303,信立,65,26,39,台新-台南,2024-09-04,8159
00720B,元大投資級公司債,50,12,38,台新-台南,2024-09-04,8159
00896,中信綠能及電動車,53,15,38,台新-台南,2024-09-04,8159
00930,永豐ESG低碳高息,38,0,38,台新-台南,2024-09-04,8159
3481,群創,78,42,36,台新-台南,2024-09-04,8159
8249,菱光,35,1,34,台新-台南,2024-09-04,8159
00927,群益半導體收益,33,3,30,台新-台南,2024-09-04,8159
6603,富強鑫,35,5,30,台新-台南,2024-09-04,8159
00715L,期街口布蘭特正2,672,3,669,台新-台南,2024-09-05,8159
00632R,元大台灣50反1,722,432,290,台新-台南,2024-09-05,8159
2888,新光金,460,232,228,台新-台南,2024-09-05,8159
00919,群益台灣精選高息,223,6,217,台新-台南,2024-09-05,8159
3481,群創,337,130,207,台新-台南,2024-09-05,8159
3019,亞光,180,26,154,台新-台南,2024-09-05,8159
2317,鴻海,399,254,145,台新-台南,2024-09-05,8159
00878,國泰永續高股息,168,29,139,台新-台南,2024-09-05,8159
00929,復華台灣科技優息,155,28,127,台新-台南,2024-09-05,8159
00687B,國泰20年美債,183,67,116,台新-台南,2024-09-05,8159
1217,愛之味,100,0,100,台新-台南,2024-09-05,8159
1314,中石化,107,15,92,台新-台南,2024-09-05,8159
2027,大成鋼,71,0,71,台新-台南,2024-09-05,8159
00939,統一台灣高息動能,68,4,64,台新-台南,2024-09-05,8159
00918,大華優利高填息30,60,1,59,台新-台南,2024-09-05,8159
3663,鑫科,56,7,49,台新-台南,2024-09-05,8159
3052,夆典,49,0,49,台新-台南,2024-09-05,8159
00915,凱基優選高股息30,60,15,45,台新-台南,2024-09-05,8159
5512,力麒,44,0,44,台新-台南,2024-09-05,8159
0056,元大高股息,45,1,44,台新-台南,2024-09-05,8159
1609,大亞,45,4,41,台新-台南,2024-09-05,8159
2402,毅嘉,38,3,35,台新-台南,2024-09-05,8159
2867,三商壽,36,5,31,台新-台南,2024-09-05,8159
8096,擎亞,44,14,30,台新-台南,2024-09-05,8159
6197,佳必琪,29,1,28,台新-台南,2024-09-05,8159
00952,凱基台灣AI50,27,0,27,台新-台南,2024-09-05,8159
1711,永光,62,35,27,台新-台南,2024-09-05,8159
00679B,元大美債20年,94,67,27,台新-台南,2024-09-05,8159
3213,茂訊,30,4,26,台新-台南,2024-09-05,8159
1513,中興電,26,3,23,台新-台南,2024-09-05,8159
4576,大銀微系統,42,19,23,台新-台南,2024-09-05,8159
2347,聯強,23,0,23,台新-台南,2024-09-05,8159
4906,正文,50,28,22,台新-台南,2024-09-05,8159
8415,大國鋼,22,0,22,台新-台南,2024-09-05,8159
2537,聯上發,23,1,22,台新-台南,2024-09-05,8159
6186,新潤,26,4,22,台新-台南,2024-09-05,8159
6285,啟��,32,11,21,台新-台南,2024-09-05,8159
00953B,群益優選非投等債,21,0,21,台新-台南,2024-09-05,8159
1539,巨庭,73,52,21,台新-台南,2024-09-05,8159
6104,創惟,21,0,21,台新-台南,2024-09-05,8159
2344,華邦電,45,25,20,台新-台南,2024-09-05,8159
00712,復華富時不動產,20,0,20,台新-台南,2024-09-05,8159
00955,中信日本商社,20,0,20,台新-台南,2024-09-05,8159
5443,均豪,58,39,19,台新-台南,2024-09-05,8159
00943,兆豐電子高息等權,19,0,19,台新-台南,2024-09-05,8159
8107,大億金茂,20,1,19,台新-台南,2024-09-05,8159
2637,慧洋-KY,24,6,18,台新-台南,2024-09-05,8159
2002,中鋼,21,5,16,台新-台南,2024-09-05,8159
4562,穎漢,60,44,16,台新-台南,2024-09-05,8159
6189,豐藝,16,0,16,台新-台南,2024-09-05,8159
00632R,元大台灣50反1,1555,700,855,台新-台南,2024-09-06,8159
00715L,期街口布蘭特正2,332,5,327,台新-台南,2024-09-06,8159
00878,國泰永續高股息,171,60,111,台新-台南,2024-09-06,8159
0056,元大高股息,108,2,106,台新-台南,2024-09-06,8159
3052,夆典,105,0,105,台新-台南,2024-09-06,8159
2495,普安,99,11,88,台新-台南,2024-09-06,8159
00687B,國泰20年美債,146,69,77,台新-台南,2024-09-06,8159
00919,群益台灣精選高息,106,31,75,台新-台南,2024-09-06,8159
3715,定穎投控,58,5,53,台新-台南,2024-09-06,8159
2891,中信金,83,31,52,台新-台南,2024-09-06,8159
2897,王道銀行,47,1,46,台新-台南,2024-09-06,8159
00952,凱基台灣AI50,42,0,42,台新-台南,2024-09-06,8159
2337,旺宏,38,1,37,台新-台南,2024-09-06,8159
1815,富喬,69,32,37,台新-台南,2024-09-06,8159
00943,兆豐電子高息等權,34,0,34,台新-台南,2024-09-06,8159
00948B,中信優息投資級債,33,0,33,台新-台南,2024-09-06,8159
00954,中信日本半導體,31,0,31,台新-台南,2024-09-06,8159
2497,怡利電,81,51,30,台新-台南,2024-09-06,8159
2610,華航,32,2,30,台新-台南,2024-09-06,8159
00669R,國泰美國道瓊反1,30,0,30,台新-台南,2024-09-06,8159
8249,菱光,33,5,28,台新-台南,2024-09-06,8159
1314,中石化,72,44,28,台新-台南,2024-09-06,8159
00712,復華富時不動產,26,0,26,台新-台南,2024-09-06,8159
2464,盟立,50,24,26,台新-台南,2024-09-06,8159
2313,華通,45,22,23,台新-台南,2024-09-06,8159
00945B,凱基美國非投等債,22,0,22,台新-台南,2024-09-06,8159
2618,長榮航,43,22,21,台新-台南,2024-09-06,8159
00664R,國泰臺灣加權反1,20,0,20,台新-台南,2024-09-06,8159
2002,中鋼,30,11,19,台新-台南,2024-09-06,8159
4513,福裕,31,12,19,台新-台南,2024-09-06,8159
00915,凱基優選高股息30,19,0,19,台新-台南,2024-09-06,8159
1316,上曜,19,1,18,台新-台南,2024-09-06,8159
00930,永豐ESG低碳高息,18,0,18,台新-台南,2024-09-06,8159
00830,國泰費城半導體,24,7,17,台新-台南,2024-09-06,8159
00753L,中信中國50正2,17,0,17,台新-台南,2024-09-06,8159
8927,北基,22,5,17,台新-台南,2024-09-06,8159
1101,台泥,27,11,16,台新-台南,2024-09-06,8159
1303,南亞,35,20,15,台新-台南,2024-09-06,8159
2489,瑞軒,16,1,15,台新-台南,2024-09-06,8159
00713,元大台灣高息低波,15,0,15,台新-台南,2024-09-06,8159
8070,長華*,55,41,14,台新-台南,2024-09-06,8159
5474,聰泰,16,2,14,台新-台南,2024-09-06,8159
2344,華邦電,19,5,14,台新-台南,2024-09-06,8159
00918,大華優利高填息30,13,0,13,台新-台南,2024-09-06,8159
6111,大宇資,20,7,13,台新-台南,2024-09-06,8159
2453,凌群,13,0,13,台新-台南,2024-09-06,8159
2537,聯上發,21,8,13,台新-台南,2024-09-06,8159
00642U,期元大S＆P石油,12,0,12,台新-台南,2024-09-06,8159
5512,力麒,14,2,12,台新-台南,2024-09-06,8159
3645,達邁,12,0,12,台新-台南,2024-09-06,8159
00715L,期街口布蘭特正2,454,0,454,台新-台南,2024-09-09,8159
00919,群益台灣精選高息,476,32,444,台新-台南,2024-09-09,8159
00878,國泰永續高股息,382,29,353,台新-台南,2024-09-09,8159
0056,元大高股息,225,4,221,台新-台南,2024-09-09,8159
00680L,元大美債20正2,379,218,161,台新-台南,2024-09-09,8159
00929,復華台灣科技優息,280,120,160,台新-台南,2024-09-09,8159
00940,元大台灣價值高息,198,41,157,台新-台南,2024-09-09,8159
00918,大華優利高填息30,104,0,104,台新-台南,2024-09-09,8159
6153,嘉聯益,101,0,101,台新-台南,2024-09-09,8159
00687B,國泰20年美債,186,94,92,台新-台南,2024-09-09,8159
2317,鴻海,134,58,76,台新-台南,2024-09-09,8159
2883,凱基金,75,0,75,台新-台南,2024-09-09,8159
2356,英業達,63,2,61,台新-台南,2024-09-09,8159
00915,凱基優選高股息30,58,0,58,台新-台南,2024-09-09,8159
5905,南仁湖,75,18,57,台新-台南,2024-09-09,8159
2062,橋椿,58,1,57,台新-台南,2024-09-09,8159
00946,群益科技高息成長,70,17,53,台新-台南,2024-09-09,8159
2891,中信金,155,104,51,台新-台南,2024-09-09,8159
2867,三商壽,50,0,50,台新-台南,2024-09-09,8159
00923,群益台ESG低碳50,49,0,49,台新-台南,2024-09-09,8159
006208,富邦台50,44,3,41,台新-台南,2024-09-09,8159
2382,廣達,107,67,40,台新-台南,2024-09-09,8159
00676R,富邦臺灣加權反1,40,0,40,台新-台南,2024-09-09,8159
00713,元大台灣高息低波,39,0,39,台新-台南,2024-09-09,8159
00642U,期元大S＆P石油,38,2,36,台新-台南,2024-09-09,8159
2881,富邦金,39,5,34,台新-台南,2024-09-09,8159
1539,巨庭,64,32,32,台新-台南,2024-09-09,8159
00936,台新永續高息中小,35,5,30,台新-台南,2024-09-09,8159
2885,元大金,39,10,29,台新-台南,2024-09-09,8159
00935,野村臺灣新科技50,28,0,28,台新-台南,2024-09-09,8159
3066,李洲,34,6,28,台新-台南,2024-09-09,8159
2330,台積電,39,12,27,台新-台南,2024-09-09,8159
8927,北基,26,1,25,台新-台南,2024-09-09,8159
2489,瑞軒,30,5,25,台新-台南,2024-09-09,8159
00881,國泰台灣5G+,37,12,25,台新-台南,2024-09-09,8159
2495,普安,35,10,25,台新-台南,2024-09-09,8159
00951,台新日本半導體,51,27,24,台新-台南,2024-09-09,8159
00665L,富邦�琤肭磪囓�2,34,10,24,台新-台南,2024-09-09,8159
00900,富邦特選高股息30,23,0,23,台新-台南,2024-09-09,8159
00753L,中信中國50正2,26,3,23,台新-台南,2024-09-09,8159
5512,力麒,22,0,22,台新-台南,2024-09-09,8159
5876,上海商銀,22,1,21,台新-台南,2024-09-09,8159
4530,宏易,20,0,20,台新-台南,2024-09-09,8159
00954,中信日本半導體,20,0,20,台新-台南,2024-09-09,8159
00895,富邦未來車,20,0,20,台新-台南,2024-09-09,8159
00664R,國泰臺灣加權反1,20,0,20,台新-台南,2024-09-09,8159
1447,力鵬,20,0,20,台新-台南,2024-09-09,8159
2892,第一金,24,4,20,台新-台南,2024-09-09,8159
3481,群創,263,244,19,台新-台南,2024-09-09,8159
2882,國泰金,20,1,19,台新-台南,2024-09-09,8159
00919,群益台灣精選高息,532,11,521,台新-台南,2024-09-10,8159
3481,群創,261,16,245,台新-台南,2024-09-10,8159
2317,鴻海,317,134,183,台新-台南,2024-09-10,8159
00878,國泰永續高股息,185,9,176,台新-台南,2024-09-10,8159
00929,復華台灣科技優息,180,27,153,台新-台南,2024-09-10,8159
0056,元大高股息,143,15,128,台新-台南,2024-09-10,8159
00918,大華優利高填息30,119,0,119,台新-台南,2024-09-10,8159
1326,台化,109,1,108,台新-台南,2024-09-10,8159
00940,元大台灣價值高息,109,19,90,台新-台南,2024-09-10,8159
00715L,期街口布蘭特正2,139,55,84,台新-台南,2024-09-10,8159
2382,廣達,91,16,75,台新-台南,2024-09-10,8159
2313,華通,76,14,62,台新-台南,2024-09-10,8159
00632R,元大台灣50反1,89,31,58,台新-台南,2024-09-10,8159
3050,鈺德,54,0,54,台新-台南,2024-09-10,8159
2515,中工,52,4,48,台新-台南,2024-09-10,8159
2867,三商壽,49,4,45,台新-台南,2024-09-10,8159
8011,台通,66,22,44,台新-台南,2024-09-10,8159
1316,上曜,42,1,41,台新-台南,2024-09-10,8159
1301,台塑,77,37,40,台新-台南,2024-09-10,8159
6838,台新藥,40,1,39,台新-台南,2024-09-10,8159
2002,中鋼,66,30,36,台新-台南,2024-09-10,8159
00642U,期元大S＆P石油,36,2,34,台新-台南,2024-09-10,8159
5443,均豪,89,55,34,台新-台南,2024-09-10,8159
6207,雷科,41,8,33,台新-台南,2024-09-10,8159
5905,南仁湖,54,22,32,台新-台南,2024-09-10,8159
2402,毅嘉,36,5,31,台新-台南,2024-09-10,8159
1609,大亞,61,30,31,台新-台南,2024-09-10,8159
2417,圓剛,31,0,31,台新-台南,2024-09-10,8159
1447,力鵬,30,0,30,台新-台南,2024-09-10,8159
2367,燿華,52,22,30,台新-台南,2024-09-10,8159
5347,世界,27,0,27,台新-台南,2024-09-10,8159
3047,訊舟,71,45,26,台新-台南,2024-09-10,8159
00706L,期元大S＆P日圓正2,40,15,25,台新-台南,2024-09-10,8159
2409,友達,25,0,25,台新-台南,2024-09-10,8159
1314,中石化,54,30,24,台新-台南,2024-09-10,8159
2027,大成鋼,30,6,24,台新-台南,2024-09-10,8159
2891,中信金,54,31,23,台新-台南,2024-09-10,8159
5009,榮剛,23,0,23,台新-台南,2024-09-10,8159
8112,至上,22,0,22,台新-台南,2024-09-10,8159
6770,力積電,28,6,22,台新-台南,2024-09-10,8159
00927,群益半導體收益,21,0,21,台新-台南,2024-09-10,8159
00935,野村臺灣新科技50,21,1,20,台新-台南,2024-09-10,8159
00713,元大台灣高息低波,23,3,20,台新-台南,2024-09-10,8159
00936,台新永續高息中小,20,0,20,台新-台南,2024-09-10,8159
1506,正道,20,0,20,台新-台南,2024-09-10,8159
2337,旺宏,31,11,20,台新-台南,2024-09-10,8159
00946,群益科技高息成長,28,9,19,台新-台南,2024-09-10,8159
2344,華邦電,29,11,18,台新-台南,2024-09-10,8159
00937B,群益ESG投等債20,37,19,18,台新-台南,2024-09-10,8159
1605,華新,43,25,18,台新-台南,2024-09-10,8159
2867,三商壽,2280,71,2209,台新-台南,2024-09-11,8159
00632R,元大台灣50反1,590,50,540,台新-台南,2024-09-11,8159
00953B,群益優選非投等債,202,5,197,台新-台南,2024-09-11,8159
00688L,國泰20年美債正2,158,1,157,台新-台南,2024-09-11,8159
00664R,國泰臺灣加權反1,155,20,135,台新-台南,2024-09-11,8159
00687B,國泰20年美債,159,43,116,台新-台南,2024-09-11,8159
00934,中信成長高股息,129,18,111,台新-台南,2024-09-11,8159
00918,大華優利高填息30,105,1,104,台新-台南,2024-09-11,8159
00929,復華台灣科技優息,210,111,99,台新-台南,2024-09-11,8159
1101,台泥,88,7,81,台新-台南,2024-09-11,8159
00940,元大台灣價值高息,83,9,74,台新-台南,2024-09-11,8159
00878,國泰永續高股息,109,37,72,台新-台南,2024-09-11,8159
00931B,統一美債20年,68,0,68,台新-台南,2024-09-11,8159
0056,元大高股息,75,16,59,台新-台南,2024-09-11,8159
2883,凱基金,67,10,57,台新-台南,2024-09-11,8159
1464,得力,45,3,42,台新-台南,2024-09-11,8159
00933B,國泰10Y+金融債,42,0,42,台新-台南,2024-09-11,8159
00915,凱基優選高股息30,41,0,41,台新-台南,2024-09-11,8159
4909,新復興,67,26,41,台新-台南,2024-09-11,8159
00679B,元大美債20年,114,74,40,台新-台南,2024-09-11,8159
5876,上海商銀,40,0,40,台新-台南,2024-09-11,8159
2891,中信金,45,5,40,台新-台南,2024-09-11,8159
00712,復華富時不動產,36,0,36,台新-台南,2024-09-11,8159
5603,陸海,36,0,36,台新-台南,2024-09-11,8159
00919,群益台灣精選高息,114,81,33,台新-台南,2024-09-11,8159
5315,光聯,36,3,33,台新-台南,2024-09-11,8159
9105,泰金寶-DR,32,0,32,台新-台南,2024-09-11,8159
8415,大國鋼,31,0,31,台新-台南,2024-09-11,8159
00671R,富邦NASDAQ反1,30,0,30,台新-台南,2024-09-11,8159
2331,精英,29,0,29,台新-台南,2024-09-11,8159
8074,鉅橡,29,0,29,台新-台南,2024-09-11,8159
00642U,期元大S＆P石油,28,0,28,台新-台南,2024-09-11,8159
2884,玉山金,39,11,28,台新-台南,2024-09-11,8159
2905,三商,26,0,26,台新-台南,2024-09-11,8159
2892,第一金,29,3,26,台新-台南,2024-09-11,8159
3284,太普高,24,1,23,台新-台南,2024-09-11,8159
3013,晟銘電,48,25,23,台新-台南,2024-09-11,8159
3715,定穎投控,37,15,22,台新-台南,2024-09-11,8159
6806,森崴能源,27,5,22,台新-台南,2024-09-11,8159
1326,台化,25,4,21,台新-台南,2024-09-11,8159
2027,大成鋼,25,4,21,台新-台南,2024-09-11,8159
00945B,凱基美國非投等債,20,0,20,台新-台南,2024-09-11,8159
2495,普安,22,2,20,台新-台南,2024-09-11,8159
3037,欣興,25,5,20,台新-台南,2024-09-11,8159
8222,寶一,18,0,18,台新-台南,2024-09-11,8159
8070,長華*,21,4,17,台新-台南,2024-09-11,8159
00665L,富邦�琤肭磪囓�2,18,2,16,台新-台南,2024-09-11,8159
1336,台翰,16,0,16,台新-台南,2024-09-11,8159
2545,皇翔,16,0,16,台新-台南,2024-09-11,8159
00713,元大台灣高息低波,17,1,16,台新-台南,2024-09-11,8159
00688L,國泰20年美債正2,313,138,175,台新-台南,2024-09-12,8159
00715L,期街口布蘭特正2,108,0,108,台新-台南,2024-09-12,8159
2887,台新金,178,87,91,台新-台南,2024-09-12,8159
00664R,國泰臺灣加權反1,71,0,71,台新-台南,2024-09-12,8159
3147,大綜,71,12,59,台新-台南,2024-09-12,8159
2891,中信金,73,25,48,台新-台南,2024-09-12,8159
00915,凱基優選高股息30,39,0,39,台新-台南,2024-09-12,8159
5905,南仁湖,50,12,38,台新-台南,2024-09-12,8159
00945B,凱基美國非投等債,38,0,38,台新-台南,2024-09-12,8159
3706,神達,41,3,38,台新-台南,2024-09-12,8159
1217,愛之味,35,0,35,台新-台南,2024-09-12,8159
00679B,元大美債20年,66,32,34,台新-台南,2024-09-12,8159
00713,元大台灣高息低波,33,1,32,台新-台南,2024-09-12,8159
5347,世界,34,2,32,台新-台南,2024-09-12,8159
4577,達航科技,27,0,27,台新-台南,2024-09-12,8159
5460,同協,44,19,25,台新-台南,2024-09-12,8159
6194,育富,45,20,25,台新-台南,2024-09-12,8159
2880,華南金,23,0,23,台新-台南,2024-09-12,8159
0056,元大高股息,40,18,22,台新-台南,2024-09-12,8159
2313,華通,54,32,22,台新-台南,2024-09-12,8159
6257,矽格,33,12,21,台新-台南,2024-09-12,8159
1447,力鵬,20,0,20,台新-台南,2024-09-12,8159
1319,東陽,26,7,19,台新-台南,2024-09-12,8159
2515,中工,21,4,17,台新-台南,2024-09-12,8159
00919,群益台灣精選高息,128,112,16,台新-台南,2024-09-12,8159
3011,今皓,15,0,15,台新-台南,2024-09-12,8159
2349,錸德,28,13,15,台新-台南,2024-09-12,8159
3607,谷崧,15,0,15,台新-台南,2024-09-12,8159
8064,東捷,20,5,15,台新-台南,2024-09-12,8159
00933B,國泰10Y+金融債,14,1,13,台新-台南,2024-09-12,8159
6133,金橋,64,51,13,台新-台南,2024-09-12,8159
6530,創威,233,221,12,台新-台南,2024-09-12,8159
2408,南亞科,13,1,12,台新-台南,2024-09-12,8159
2392,正崴,17,5,12,台新-台南,2024-09-12,8159
00929,復華台灣科技優息,33,22,11,台新-台南,2024-09-12,8159
8028,昇陽半導體,27,16,11,台新-台南,2024-09-12,8159
2897,王道銀行,11,0,11,台新-台南,2024-09-12,8159
00764B,群益25年美債,10,0,10,台新-台南,2024-09-12,8159
00943,兆豐電子高息等權,10,0,10,台新-台南,2024-09-12,8159
00935,野村臺灣新科技50,25,15,10,台新-台南,2024-09-12,8159
00939,統一台灣高息動能,13,3,10,台新-台南,2024-09-12,8159
3218,大學光,13,3,10,台新-台南,2024-09-12,8159
6838,台新藥,10,0,10,台新-台南,2024-09-12,8159
2352,佳世達,30,20,10,台新-台南,2024-09-12,8159
006206,元大上證50,10,0,10,台新-台南,2024-09-12,8159
1584,精剛,14,4,10,台新-台南,2024-09-12,8159
00795B,中信美國公債20年,17,7,10,台新-台南,2024-09-12,8159
1710,東聯,20,10,10,台新-台南,2024-09-12,8159
00637L,元大滬深300正2,12,2,10,台新-台南,2024-09-12,8159
6120,達運,10,0,10,台新-台南,2024-09-12,8159
00637L,元大滬深300正2,102,0,102,台新-台南,2024-09-13,8159
00957B,兆豐US優選投等債,100,0,100,台新-台南,2024-09-13,8159
1316,上曜,121,26,95,台新-台南,2024-09-13,8159
00929,復華台灣科技優息,99,12,87,台新-台南,2024-09-13,8159
00919,群益台灣精選高息,97,16,81,台新-台南,2024-09-13,8159
00687B,國泰20年美債,87,15,72,台新-台南,2024-09-13,8159
1447,力鵬,65,0,65,台新-台南,2024-09-13,8159
4974,亞泰,90,25,65,台新-台南,2024-09-13,8159
4510,高鋒,145,88,57,台新-台南,2024-09-13,8159
3013,晟銘電,175,124,51,台新-台南,2024-09-13,8159
1540,喬福,143,100,43,台新-台南,2024-09-13,8159
00878,國泰永續高股息,45,4,41,台新-台南,2024-09-13,8159
00679B,元大美債20年,51,24,27,台新-台南,2024-09-13,8159
3715,定穎投控,46,20,26,台新-台南,2024-09-13,8159
00915,凱基優選高股息30,25,2,23,台新-台南,2024-09-13,8159
6742,澤米,20,0,20,台新-台南,2024-09-13,8159
00954,中信日本半導體,20,0,20,台新-台南,2024-09-13,8159
2891,中信金,30,10,20,台新-台南,2024-09-13,8159
2439,美律,20,1,19,台新-台南,2024-09-13,8159
00882,中信中國高股息,24,5,19,台新-台南,2024-09-13,8159
1326,台化,45,26,19,台新-台南,2024-09-13,8159
1524,耿鼎,25,6,19,台新-台南,2024-09-13,8159
5469,瀚宇博,27,9,18,台新-台南,2024-09-13,8159
5443,均豪,96,78,18,台新-台南,2024-09-13,8159
3032,偉訓,20,3,17,台新-台南,2024-09-13,8159
2905,三商,21,4,17,台新-台南,2024-09-13,8159
3518,柏騰,16,0,16,台新-台南,2024-09-13,8159
6179,亞通,15,0,15,台新-台南,2024-09-13,8159
8415,大國鋼,15,0,15,台新-台南,2024-09-13,8159
2383,台光電,17,3,14,台新-台南,2024-09-13,8159
2399,映泰,263,249,14,台新-台南,2024-09-13,8159
00673R,期元大S＆P原油反1,14,0,14,台新-台南,2024-09-13,8159
2834,臺企銀,15,1,14,台新-台南,2024-09-13,8159
6152,百一,16,2,14,台新-台南,2024-09-13,8159
8039,台虹,28,15,13,台新-台南,2024-09-13,8159
00935,野村臺灣新科技50,12,0,12,台新-台南,2024-09-13,8159
00881,國泰台灣5G+,35,23,12,台新-台南,2024-09-13,8159
2497,怡利電,39,28,11,台新-台南,2024-09-13,8159
2897,王道銀行,11,0,11,台新-台南,2024-09-13,8159
2368,金像電,10,0,10,台新-台南,2024-09-13,8159
00642U,期元大S＆P石油,13,3,10,台新-台南,2024-09-13,8159
00945B,凱基美國非投等債,20,10,10,台新-台南,2024-09-13,8159
1210,大成,10,0,10,台新-台南,2024-09-13,8159
2889,國票金,10,0,10,台新-台南,2024-09-13,8159
6532,瑞耘,10,0,10,台新-台南,2024-09-13,8159
6114,久威,12,2,10,台新-台南,2024-09-13,8159
00937B,群益ESG投等債20,31,21,10,台新-台南,2024-09-13,8159
00916,國泰全球品牌50,10,0,10,台新-台南,2024-09-13,8159
6274,台燿,16,7,9,台新-台南,2024-09-13,8159
6142,友勁,11,2,9,台新-台南,2024-09-13,8159
00687B,國泰20年美債,381,40,341,台新-台南,2024-09-16,8159
00937B,群益ESG投等債20,283,19,264,台新-台南,2024-09-16,8159
00919,群益台灣精選高息,179,10,169,台新-台南,2024-09-16,8159
00945B,凱基美國非投等債,147,0,147,台新-台南,2024-09-16,8159
00688L,國泰20年美債正2,117,10,107,台新-台南,2024-09-16,8159
00679B,元大美債20年,107,3,104,台新-台南,2024-09-16,8159
00915,凱基優選高股息30,108,10,98,台新-台南,2024-09-16,8159
00712,復華富時不動產,96,5,91,台新-台南,2024-09-16,8159
00918,大華優利高填息30,69,0,69,台新-台南,2024-09-16,8159
00713,元大台灣高息低波,67,0,67,台新-台南,2024-09-16,8159
00940,元大台灣價值高息,101,36,65,台新-台南,2024-09-16,8159
4974,亞泰,70,9,61,台新-台南,2024-09-16,8159
2515,中工,74,20,54,台新-台南,2024-09-16,8159
2891,中信金,52,5,47,台新-台南,2024-09-16,8159
8096,擎亞,47,7,40,台新-台南,2024-09-16,8159
00948B,中信優息投資級債,36,1,35,台新-台南,2024-09-16,8159
4977,眾達-KY,43,12,31,台新-台南,2024-09-16,8159
8039,台虹,31,3,28,台新-台南,2024-09-16,8159
1731,美吾華,28,0,28,台新-台南,2024-09-16,8159
00934,中信成長高股息,28,0,28,台新-台南,2024-09-16,8159
4306,炎洲,25,0,25,台新-台南,2024-09-16,8159
4909,新復興,67,43,24,台新-台南,2024-09-16,8159
00935,野村臺灣新科技50,23,0,23,台新-台南,2024-09-16,8159
6120,達運,26,3,23,台新-台南,2024-09-16,8159
2201,裕隆,41,20,21,台新-台南,2024-09-16,8159
00857B,永豐20年美公債,21,0,21,台新-台南,2024-09-16,8159
00664R,國泰臺灣加權反1,25,4,21,台新-台南,2024-09-16,8159
00893,國泰智能電動車,20,0,20,台新-台南,2024-09-16,8159
4513,福裕,22,3,19,台新-台南,2024-09-16,8159
6180,橘子,20,1,19,台新-台南,2024-09-16,8159
2382,廣達,26,7,19,台新-台南,2024-09-16,8159
3715,定穎投控,32,14,18,台新-台南,2024-09-16,8159
00942B,台新美A公司債20+,139,121,18,台新-台南,2024-09-16,8159
2481,強茂,29,12,17,台新-台南,2024-09-16,8159
2497,怡利電,31,14,17,台新-台南,2024-09-16,8159
6163,華電網,25,8,17,台新-台南,2024-09-16,8159
00930,永豐ESG低碳高息,16,0,16,台新-台南,2024-09-16,8159
6838,台新藥,16,0,16,台新-台南,2024-09-16,8159
00933B,國泰10Y+金融債,20,4,16,台新-台南,2024-09-16,8159
1313,聯成,15,0,15,台新-台南,2024-09-16,8159
4167,松瑞藥,15,0,15,台新-台南,2024-09-16,8159
2603,長榮,15,1,14,台新-台南,2024-09-16,8159
00764B,群益25年美債,14,0,14,台新-台南,2024-09-16,8159
6187,萬潤,115,102,13,台新-台南,2024-09-16,8159
2537,聯上發,13,0,13,台新-台南,2024-09-16,8159
4561,健椿,24,11,13,台新-台南,2024-09-16,8159
3413,京鼎,12,0,12,台新-台南,2024-09-16,8159
6706,惠特,112,101,11,台新-台南,2024-09-16,8159
6405,悅城,16,5,11,台新-台南,2024-09-16,8159
2489,瑞軒,11,0,11,台新-台南,2024-09-16,8159
2888,新光金,4228,809,3419,台新-台南,2024-09-18,8159
00929,復華台灣科技優息,310,19,291,台新-台南,2024-09-18,8159
4950,牧東,285,8,277,台新-台南,2024-09-18,8159
00958B,永豐ESG銀行債15,270,0,270,台新-台南,2024-09-18,8159
00937B,群益ESG投等債20,259,53,206,台新-台南,2024-09-18,8159
00919,群益台灣精選高息,325,193,132,台新-台南,2024-09-18,8159
00918,大華優利高填息30,162,31,131,台新-台南,2024-09-18,8159
2887,台新金,127,14,113,台新-台南,2024-09-18,8159
00878,國泰永續高股息,107,10,97,台新-台南,2024-09-18,8159
3715,定穎投控,96,1,95,台新-台南,2024-09-18,8159
2317,鴻海,181,93,88,台新-台南,2024-09-18,8159
8277,商丞,87,0,87,台新-台南,2024-09-18,8159
2408,南亞科,86,0,86,台新-台南,2024-09-18,8159
00706L,期元大S＆P日圓正2,76,1,75,台新-台南,2024-09-18,8159
0056,元大高股息,82,10,72,台新-台南,2024-09-18,8159
00915,凱基優選高股息30,95,26,69,台新-台南,2024-09-18,8159
00713,元大台灣高息低波,70,1,69,台新-台南,2024-09-18,8159
5460,同協,60,1,59,台新-台南,2024-09-18,8159
00637L,元大滬深300正2,58,0,58,台新-台南,2024-09-18,8159
1540,喬福,93,36,57,台新-台南,2024-09-18,8159
2313,華通,66,10,56,台新-台南,2024-09-18,8159
6152,百一,53,0,53,台新-台南,2024-09-18,8159
00688L,國泰20年美債正2,247,194,53,台新-台南,2024-09-18,8159
00935,野村臺灣新科技50,42,2,40,台新-台南,2024-09-18,8159
00927,群益半導體收益,41,1,40,台新-台南,2024-09-18,8159
5469,瀚宇博,39,0,39,台新-台南,2024-09-18,8159
2312,金寶,42,4,38,台新-台南,2024-09-18,8159
3013,晟銘電,52,14,38,台新-台南,2024-09-18,8159
3481,群創,53,17,36,台新-台南,2024-09-18,8159
2303,聯電,40,4,36,台新-台南,2024-09-18,8159
3032,偉訓,35,0,35,台新-台南,2024-09-18,8159
1301,台塑,50,20,30,台新-台南,2024-09-18,8159
2109,華豐,30,0,30,台新-台南,2024-09-18,8159
2344,華邦電,31,1,30,台新-台南,2024-09-18,8159
00933B,國泰10Y+金融債,33,3,30,台新-台南,2024-09-18,8159
3550,聯穎,66,37,29,台新-台南,2024-09-18,8159
8476,台境*,28,0,28,台新-台南,2024-09-18,8159
2425,承啟,29,2,27,台新-台南,2024-09-18,8159
00951,台新日本半導體,27,1,26,台新-台南,2024-09-18,8159
00949,復華日本龍頭,27,4,23,台新-台南,2024-09-18,8159
2367,燿華,29,6,23,台新-台南,2024-09-18,8159
8086,宏捷科,24,1,23,台新-台南,2024-09-18,8159
4909,新復興,49,27,22,台新-台南,2024-09-18,8159
1536,和大,23,2,21,台新-台南,2024-09-18,8159
2243,宏旭-KY,32,11,21,台新-台南,2024-09-18,8159
1802,台玻,20,0,20,台新-台南,2024-09-18,8159
00655L,國泰中國A50正2,20,0,20,台新-台南,2024-09-18,8159
1219,福壽,20,0,20,台新-台南,2024-09-18,8159
3711,日月光投控,38,19,19,台新-台南,2024-09-18,8159
2108,南帝,18,0,18,台新-台南,2024-09-18,8159
00632R,元大台灣50反1,790,135,655,台新-台南,2024-09-19,8159
00687B,國泰20年美債,411,72,339,台新-台南,2024-09-19,8159
00937B,群益ESG投等債20,319,67,252,台新-台南,2024-09-19,8159
00929,復華台灣科技優息,251,45,206,台新-台南,2024-09-19,8159
00931B,統一美債20年,182,0,182,台新-台南,2024-09-19,8159
4950,牧東,137,1,136,台新-台南,2024-09-19,8159
00688L,國泰20年美債正2,152,27,125,台新-台南,2024-09-19,8159
00679B,元大美債20年,173,55,118,台新-台南,2024-09-19,8159
00919,群益台灣精選高息,141,25,116,台新-台南,2024-09-19,8159
00958B,永豐ESG銀行債15,115,5,110,台新-台南,2024-09-19,8159
00951,台新日本半導體,113,12,101,台新-台南,2024-09-19,8159
00915,凱基優選高股息30,84,2,82,台新-台南,2024-09-19,8159
3049,精金,127,49,78,台新-台南,2024-09-19,8159
00930,永豐ESG低碳高息,70,0,70,台新-台南,2024-09-19,8159
9902,台火,64,0,64,台新-台南,2024-09-19,8159
6492,生華科,64,1,63,台新-台南,2024-09-19,8159
00878,國泰永續高股息,73,10,63,台新-台南,2024-09-19,8159
1217,愛之味,60,0,60,台新-台南,2024-09-19,8159
6269,台郡,60,0,60,台新-台南,2024-09-19,8159
2399,映泰,230,179,51,台新-台南,2024-09-19,8159
6142,友勁,51,0,51,台新-台南,2024-09-19,8159
00676R,富邦臺灣加權反1,50,0,50,台新-台南,2024-09-19,8159
5512,力麒,45,3,42,台新-台南,2024-09-19,8159
1307,三芳,35,0,35,台新-台南,2024-09-19,8159
2537,聯上發,36,5,31,台新-台南,2024-09-19,8159
2344,華邦電,48,18,30,台新-台南,2024-09-19,8159
3052,夆典,29,0,29,台新-台南,2024-09-19,8159
1101,台泥,34,8,26,台新-台南,2024-09-19,8159
00637L,元大滬深300正2,28,5,23,台新-台南,2024-09-19,8159
00948B,中信優息投資級債,45,23,22,台新-台南,2024-09-19,8159
6285,啟��,24,2,22,台新-台南,2024-09-19,8159
3189,景碩,32,11,21,台新-台南,2024-09-19,8159
1528,恩德,21,0,21,台新-台南,2024-09-19,8159
4933,友輝,22,1,21,台新-台南,2024-09-19,8159
00945B,凱基美國非投等債,30,10,20,台新-台南,2024-09-19,8159
6163,華電網,30,10,20,台新-台南,2024-09-19,8159
00795B,中信美國公債20年,19,0,19,台新-台南,2024-09-19,8159
2477,美隆電,20,1,19,台新-台南,2024-09-19,8159
6151,晉倫,36,17,19,台新-台南,2024-09-19,8159
5519,隆大,19,0,19,台新-台南,2024-09-19,8159
6288,聯嘉,33,16,17,台新-台南,2024-09-19,8159
3430,奇鈦科,25,8,17,台新-台南,2024-09-19,8159
2201,裕隆,17,0,17,台新-台南,2024-09-19,8159
5469,瀚宇博,17,0,17,台新-台南,2024-09-19,8159
1540,喬福,32,15,17,台新-台南,2024-09-19,8159
006208,富邦台50,25,9,16,台新-台南,2024-09-19,8159
2022,聚亨,29,13,16,台新-台南,2024-09-19,8159
00740B,富邦全球投等債,16,0,16,台新-台南,2024-09-19,8159
1301,台塑,18,3,15,台新-台南,2024-09-19,8159
00893,國泰智能電動車,15,0,15,台新-台南,2024-09-19,8159
2888,新光金,1150,148,1002,台新-台南,2024-09-20,8159
00919,群益台灣精選高息,558,133,425,台新-台南,2024-09-20,8159
00688L,國泰20年美債正2,514,155,359,台新-台南,2024-09-20,8159
00680L,元大美債20正2,450,156,294,台新-台南,2024-09-20,8159
6186,新潤,164,0,164,台新-台南,2024-09-20,8159
5512,力麒,140,0,140,台新-台南,2024-09-20,8159
00937B,群益ESG投等債20,146,29,117,台新-台南,2024-09-20,8159
00637L,元大滬深300正2,103,0,103,台新-台南,2024-09-20,8159
01010T,京城樂富R1,100,0,100,台新-台南,2024-09-20,8159
00687B,國泰20年美債,165,80,85,台新-台南,2024-09-20,8159
4977,眾達-KY,80,6,74,台新-台南,2024-09-20,8159
2542,興富發,133,62,71,台新-台南,2024-09-20,8159
6152,百一,73,5,68,台新-台南,2024-09-20,8159
00915,凱基優選高股息30,62,0,62,台新-台南,2024-09-20,8159
4526,東台,95,34,61,台新-台南,2024-09-20,8159
5439,高技,60,0,60,台新-台南,2024-09-20,8159
00951,台新日本半導體,55,1,54,台新-台南,2024-09-20,8159
00795B,中信美國公債20年,54,4,50,台新-台南,2024-09-20,8159
00878,國泰永續高股息,74,28,46,台新-台南,2024-09-20,8159
1540,喬福,75,31,44,台新-台南,2024-09-20,8159
3550,聯穎,56,13,43,台新-台南,2024-09-20,8159
00857B,永豐20年美公債,54,12,42,台新-台南,2024-09-20,8159
1314,中石化,43,2,41,台新-台南,2024-09-20,8159
2062,橋椿,54,15,39,台新-台南,2024-09-20,8159
00931B,統一美債20年,39,0,39,台新-台南,2024-09-20,8159
2897,王道銀行,70,33,37,台新-台南,2024-09-20,8159
3324,雙鴻,59,24,35,台新-台南,2024-09-20,8159
2303,聯電,46,13,33,台新-台南,2024-09-20,8159
1522,堤維西,75,42,33,台新-台南,2024-09-20,8159
00673R,期元大S＆P原油反1,33,0,33,台新-台南,2024-09-20,8159
5905,南仁湖,49,18,31,台新-台南,2024-09-20,8159
3430,奇鈦科,60,29,31,台新-台南,2024-09-20,8159
3032,偉訓,30,0,30,台新-台南,2024-09-20,8159
00679B,元大美債20年,88,61,27,台新-台南,2024-09-20,8159
3149,正達,51,24,27,台新-台南,2024-09-20,8159
2881,富邦金,30,4,26,台新-台南,2024-09-20,8159
00929,復華台灣科技優息,84,60,24,台新-台南,2024-09-20,8159
2537,聯上發,56,32,24,台新-台南,2024-09-20,8159
0061,元大寶滬深,23,0,23,台新-台南,2024-09-20,8159
2258,鴻華先進-創,23,0,23,台新-台南,2024-09-20,8159
6257,矽格,22,1,21,台新-台南,2024-09-20,8159
0056,元大高股息,30,10,20,台新-台南,2024-09-20,8159
5534,長虹,20,0,20,台新-台南,2024-09-20,8159
2610,華航,28,8,20,台新-台南,2024-09-20,8159
2201,裕隆,20,0,20,台新-台南,2024-09-20,8159
6191,精成科,38,18,20,台新-台南,2024-09-20,8159
3163,波若威,22,3,19,台新-台南,2024-09-20,8159
4720,德淵,21,2,19,台新-台南,2024-09-20,8159
6219,富旺,21,3,18,台新-台南,2024-09-20,8159
2312,金寶,59,41,18,台新-台南,2024-09-20,8159
2867,三商壽,641,4,637,台新-台南,2024-09-23,8159
2888,新光金,799,250,549,台新-台南,2024-09-23,8159
00632R,元大台灣50反1,365,0,365,台新-台南,2024-09-23,8159
00919,群益台灣精選高息,353,58,295,台新-台南,2024-09-23,8159
00637L,元大滬深300正2,232,9,223,台新-台南,2024-09-23,8159
00680L,元大美債20正2,172,35,137,台新-台南,2024-09-23,8159
00918,大華優利高填息30,128,4,124,台新-台南,2024-09-23,8159
3481,群創,162,60,102,台新-台南,2024-09-23,8159
00687B,國泰20年美債,132,31,101,台新-台南,2024-09-23,8159
00688L,國泰20年美債正2,234,135,99,台新-台南,2024-09-23,8159
2610,華航,118,50,68,台新-台南,2024-09-23,8159
00929,復華台灣科技優息,99,37,62,台新-台南,2024-09-23,8159
00679B,元大美債20年,125,72,53,台新-台南,2024-09-23,8159
2634,漢翔,52,6,46,台新-台南,2024-09-23,8159
1721,三晃,337,292,45,台新-台南,2024-09-23,8159
1444,力麗,40,0,40,台新-台南,2024-09-23,8159
6153,嘉聯益,41,1,40,台新-台南,2024-09-23,8159
6194,育富,43,4,39,台新-台南,2024-09-23,8159
00706L,期元大S＆P日圓正2,37,0,37,台新-台南,2024-09-23,8159
4707,磐亞,41,5,36,台新-台南,2024-09-23,8159
1314,中石化,36,0,36,台新-台南,2024-09-23,8159
2495,普安,61,26,35,台新-台南,2024-09-23,8159
1536,和大,32,0,32,台新-台南,2024-09-23,8159
6156,松上,35,5,30,台新-台南,2024-09-23,8159
2464,盟立,71,42,29,台新-台南,2024-09-23,8159
2101,南港,35,8,27,台新-台南,2024-09-23,8159
00881,國泰台灣5G+,27,0,27,台新-台南,2024-09-23,8159
2201,裕隆,26,0,26,台新-台南,2024-09-23,8159
6509,聚和,29,3,26,台新-台南,2024-09-23,8159
6163,華電網,28,3,25,台新-台南,2024-09-23,8159
1524,耿鼎,49,25,24,台新-台南,2024-09-23,8159
00942B,台新美A公司債20+,24,0,24,台新-台南,2024-09-23,8159
00960,野村全球航運龍頭,23,0,23,台新-台南,2024-09-23,8159
6285,啟��,23,1,22,台新-台南,2024-09-23,8159
6125,廣運,22,1,21,台新-台南,2024-09-23,8159
2889,國票金,21,0,21,台新-台南,2024-09-23,8159
5512,力麒,22,2,20,台新-台南,2024-09-23,8159
00676R,富邦臺灣加權反1,20,0,20,台新-台南,2024-09-23,8159
2886,兆豐金,21,1,20,台新-台南,2024-09-23,8159
1584,精剛,23,4,19,台新-台南,2024-09-23,8159
6104,創惟,26,7,19,台新-台南,2024-09-23,8159
2070,精湛,43,25,18,台新-台南,2024-09-23,8159
00948B,中信優息投資級債,18,0,18,台新-台南,2024-09-23,8159
00633L,富邦上証正2,20,2,18,台新-台南,2024-09-23,8159
2630,亞航,22,4,18,台新-台南,2024-09-23,8159
6279,胡連,26,9,17,台新-台南,2024-09-23,8159
1808,潤隆,23,6,17,台新-台南,2024-09-23,8159
3032,偉訓,16,0,16,台新-台南,2024-09-23,8159
00915,凱基優選高股息30,16,0,16,台新-台南,2024-09-23,8159
2409,友達,16,1,15,台新-台南,2024-09-23,8159
00680L,元大美債20正2,991,56,935,台新-台南,2024-09-24,8159
00688L,國泰20年美債正2,916,10,906,台新-台南,2024-09-24,8159
00953B,群益優選非投等債,110,0,110,台新-台南,2024-09-24,8159
00687B,國泰20年美債,162,66,96,台新-台南,2024-09-24,8159
00929,復華台灣科技優息,111,15,96,台新-台南,2024-09-24,8159
3481,群創,108,13,95,台新-台南,2024-09-24,8159
1316,上曜,73,1,72,台新-台南,2024-09-24,8159
00937B,群益ESG投等債20,71,9,62,台新-台南,2024-09-24,8159
00679B,元大美債20年,61,2,59,台新-台南,2024-09-24,8159
00927,群益半導體收益,54,0,54,台新-台南,2024-09-24,8159
0056,元大高股息,78,25,53,台新-台南,2024-09-24,8159
2349,錸德,64,12,52,台新-台南,2024-09-24,8159
1314,中石化,52,1,51,台新-台南,2024-09-24,8159
2337,旺宏,55,4,51,台新-台南,2024-09-24,8159
00960,野村全球航運龍頭,47,0,47,台新-台南,2024-09-24,8159
2888,新光金,95,49,46,台新-台南,2024-09-24,8159
2891,中信金,92,47,45,台新-台南,2024-09-24,8159
1522,堤維西,40,1,39,台新-台南,2024-09-24,8159
3013,晟銘電,127,90,37,台新-台南,2024-09-24,8159
00919,群益台灣精選高息,121,86,35,台新-台南,2024-09-24,8159
2515,中工,43,9,34,台新-台南,2024-09-24,8159
00720B,元大投資級公司債,33,0,33,台新-台南,2024-09-24,8159
6104,創惟,37,6,31,台新-台南,2024-09-24,8159
2820,華票,31,0,31,台新-台南,2024-09-24,8159
3673,TPK-KY,46,16,30,台新-台南,2024-09-24,8159
6153,嘉聯益,30,0,30,台新-台南,2024-09-24,8159
2834,臺企銀,31,2,29,台新-台南,2024-09-24,8159
00878,國泰永續高股息,42,14,28,台新-台南,2024-09-24,8159
3037,欣興,30,4,26,台新-台南,2024-09-24,8159
00662,富邦NASDAQ,25,0,25,台新-台南,2024-09-24,8159
3374,精材,32,9,23,台新-台南,2024-09-24,8159
3149,正達,91,69,22,台新-台南,2024-09-24,8159
6274,台燿,24,4,20,台新-台南,2024-09-24,8159
9105,泰金寶-DR,20,0,20,台新-台南,2024-09-24,8159
1905,華紙,20,0,20,台新-台南,2024-09-24,8159
2062,橋椿,22,2,20,台新-台南,2024-09-24,8159
2701,萬企,18,0,18,台新-台南,2024-09-24,8159
00936,台新永續高息中小,19,1,18,台新-台南,2024-09-24,8159
1785,光洋科,32,14,18,台新-台南,2024-09-24,8159
2634,漢翔,23,6,17,台新-台南,2024-09-24,8159
2368,金像電,18,1,17,台新-台南,2024-09-24,8159
4526,東台,31,14,17,台新-台南,2024-09-24,8159
6163,華電網,23,6,17,台新-台南,2024-09-24,8159
00712,復華富時不動產,26,10,16,台新-台南,2024-09-24,8159
00948B,中信優息投資級債,16,0,16,台新-台南,2024-09-24,8159
3163,波若威,31,15,16,台新-台南,2024-09-24,8159
00706L,期元大S＆P日圓正2,15,0,15,台新-台南,2024-09-24,8159
6191,精成科,15,0,15,台新-台南,2024-09-24,8159
6257,矽格,38,23,15,台新-台南,2024-09-24,8159
2542,興富發,19,4,15,台新-台南,2024-09-24,8159
00680L,元大美債20正2,453,11,442,台新-台南,2024-09-25,8159
3481,群創,282,82,200,台新-台南,2024-09-25,8159
2618,長榮航,211,26,185,台新-台南,2024-09-25,8159
00953B,群益優選非投等債,200,20,180,台新-台南,2024-09-25,8159
00637L,元大滬深300正2,196,96,100,台新-台南,2024-09-25,8159
6505,台塑化,81,0,81,台新-台南,2024-09-25,8159
00937B,群益ESG投等債20,104,33,71,台新-台南,2024-09-25,8159
2365,昆盈,109,50,59,台新-台南,2024-09-25,8159
00687B,國泰20年美債,78,20,58,台新-台南,2024-09-25,8159
00929,復華台灣科技優息,88,31,57,台新-台南,2024-09-25,8159
6269,台郡,52,0,52,台新-台南,2024-09-25,8159
2634,漢翔,42,1,41,台新-台南,2024-09-25,8159
1217,愛之味,40,0,40,台新-台南,2024-09-25,8159
5439,高技,38,0,38,台新-台南,2024-09-25,8159
00948B,中信優息投資級債,34,2,32,台新-台南,2024-09-25,8159
6152,百一,41,10,31,台新-台南,2024-09-25,8159
00688L,國泰20年美債正2,38,8,30,台新-台南,2024-09-25,8159
00958B,永豐ESG銀行債15,30,0,30,台新-台南,2024-09-25,8159
1785,光洋科,61,31,30,台新-台南,2024-09-25,8159
4916,事欣科,29,0,29,台新-台南,2024-09-25,8159
1711,永光,59,31,28,台新-台南,2024-09-25,8159
8105,凌巨,26,0,26,台新-台南,2024-09-25,8159
6438,迅得,47,22,25,台新-台南,2024-09-25,8159
00915,凱基優選高股息30,37,12,25,台新-台南,2024-09-25,8159
2371,大同,27,2,25,台新-台南,2024-09-25,8159
00892,富邦台灣半導體,25,0,25,台新-台南,2024-09-25,8159
4939,亞電,27,3,24,台新-台南,2024-09-25,8159
00795B,中信美國公債20年,24,0,24,台新-台南,2024-09-25,8159
00850,元大臺灣ESG永續,23,0,23,台新-台南,2024-09-25,8159
00712,復華富時不動產,23,0,23,台新-台南,2024-09-25,8159
00713,元大台灣高息低波,25,2,23,台新-台南,2024-09-25,8159
5243,乙盛-KY,26,4,22,台新-台南,2024-09-25,8159
00945B,凱基美國非投等債,22,0,22,台新-台南,2024-09-25,8159
2464,盟立,66,44,22,台新-台南,2024-09-25,8159
00719B,元大美債1-3,20,0,20,台新-台南,2024-09-25,8159
6698,旭暉應材,22,2,20,台新-台南,2024-09-25,8159
2516,新建,20,0,20,台新-台南,2024-09-25,8159
2605,新興,26,6,20,台新-台南,2024-09-25,8159
00662,富邦NASDAQ,20,0,20,台新-台南,2024-09-25,8159
00919,群益台灣精選高息,44,25,19,台新-台南,2024-09-25,8159
1815,富喬,20,1,19,台新-台南,2024-09-25,8159
3047,訊舟,71,53,18,台新-台南,2024-09-25,8159
1314,中石化,22,4,18,台新-台南,2024-09-25,8159
2486,一詮,25,7,18,台新-台南,2024-09-25,8159
8076,伍豐,27,10,17,台新-台南,2024-09-25,8159
2352,佳世達,17,0,17,台新-台南,2024-09-25,8159
8027,鈦昇,23,6,17,台新-台南,2024-09-25,8159
8043,蜜望實,26,9,17,台新-台南,2024-09-25,8159
6548,長科*,25,8,17,台新-台南,2024-09-25,8159
00960,野村全球航運龍頭,99,83,16,台新-台南,2024-09-25,8159
00680L,元大美債20正2,402,29,373,台新-台南,2024-09-26,8159
00688L,國泰20年美債正2,281,10,271,台新-台南,2024-09-26,8159
00937B,群益ESG投等債20,345,89,256,台新-台南,2024-09-26,8159
00960,野村全球航運龍頭,416,184,232,台新-台南,2024-09-26,8159
00687B,國泰20年美債,251,21,230,台新-台南,2024-09-26,8159
00690,兆豐藍籌30,224,0,224,台新-台南,2024-09-26,8159
00715L,期街口布蘭特正2,125,9,116,台新-台南,2024-09-26,8159
00948B,中信優息投資級債,113,0,113,台新-台南,2024-09-26,8159
2312,金寶,222,161,61,台新-台南,2024-09-26,8159
00923,群益台ESG低碳50,76,17,59,台新-台南,2024-09-26,8159
3019,亞光,86,29,57,台新-台南,2024-09-26,8159
00712,復華富時不動產,65,9,56,台新-台南,2024-09-26,8159
6438,迅得,54,2,52,台新-台南,2024-09-26,8159
00905,FT臺灣Smart,52,0,52,台新-台南,2024-09-26,8159
8111,立��,170,120,50,台新-台南,2024-09-26,8159
6274,台燿,54,5,49,台新-台南,2024-09-26,8159
3715,定穎投控,79,30,49,台新-台南,2024-09-26,8159
5439,高技,47,2,45,台新-台南,2024-09-26,8159
9105,泰金寶-DR,54,10,44,台新-台南,2024-09-26,8159
00772B,中信高評級公司債,43,0,43,台新-台南,2024-09-26,8159
2367,燿華,49,8,41,台新-台南,2024-09-26,8159
3032,偉訓,40,0,40,台新-台南,2024-09-26,8159
2344,華邦電,55,16,39,台新-台南,2024-09-26,8159
2355,敬鵬,39,2,37,台新-台南,2024-09-26,8159
00857B,永豐20年美公債,52,15,37,台新-台南,2024-09-26,8159
00958B,永豐ESG銀行債15,35,0,35,台新-台南,2024-09-26,8159
2408,南亞科,35,1,34,台新-台南,2024-09-26,8159
2467,志聖,35,1,34,台新-台南,2024-09-26,8159
2543,皇昌,71,39,32,台新-台南,2024-09-26,8159
2369,菱生,30,0,30,台新-台南,2024-09-26,8159
1314,中石化,37,11,26,台新-台南,2024-09-26,8159
00918,大華優利高填息30,30,4,26,台新-台南,2024-09-26,8159
1440,南紡,25,0,25,台新-台南,2024-09-26,8159
2441,超豐,24,0,24,台新-台南,2024-09-26,8159
00795B,中信美國公債20年,37,15,22,台新-台南,2024-09-26,8159
1608,華榮,21,0,21,台新-台南,2024-09-26,8159
1301,台塑,20,0,20,台新-台南,2024-09-26,8159
1808,潤隆,63,43,20,台新-台南,2024-09-26,8159
6188,廣明,41,22,19,台新-台南,2024-09-26,8159
00885,富邦越南,31,12,19,台新-台南,2024-09-26,8159
1316,上曜,71,53,18,台新-台南,2024-09-26,8159
3297,杭特,18,0,18,台新-台南,2024-09-26,8159
2354,鴻準,23,6,17,台新-台南,2024-09-26,8159
1540,喬福,150,133,17,台新-台南,2024-09-26,8159
3663,鑫科,77,60,17,台新-台南,2024-09-26,8159
2542,興富發,23,6,17,台新-台南,2024-09-26,8159
3149,正達,88,71,17,台新-台南,2024-09-26,8159
8011,台通,17,1,16,台新-台南,2024-09-26,8159
00673R,期元大S＆P原油反1,26,10,16,台新-台南,2024-09-26,8159
00724B,群益投資級金融債,15,0,15,台新-台南,2024-09-26,8159
00632R,元大台灣50反1,336,0,336,台新-台南,2024-09-27,8159
00715L,期街口布蘭特正2,327,6,321,台新-台南,2024-09-27,8159
00688L,國泰20年美債正2,276,0,276,台新-台南,2024-09-27,8159
00680L,元大美債20正2,301,34,267,台新-台南,2024-09-27,8159
00687B,國泰20年美債,229,36,193,台新-台南,2024-09-27,8159
00937B,群益ESG投等債20,216,55,161,台新-台南,2024-09-27,8159
2891,中信金,146,4,142,台新-台南,2024-09-27,8159
00706L,期元大S＆P日圓正2,100,0,100,台新-台南,2024-09-27,8159
00641R,富邦日本反1,100,0,100,台新-台南,2024-09-27,8159
1447,力鵬,123,28,95,台新-台南,2024-09-27,8159
00960,野村全球航運龍頭,133,41,92,台新-台南,2024-09-27,8159
00958B,永豐ESG銀行債15,94,8,86,台新-台南,2024-09-27,8159
2388,威盛,107,30,77,台新-台南,2024-09-27,8159
00720B,元大投資級公司債,81,5,76,台新-台南,2024-09-27,8159
2408,南亞科,92,17,75,台新-台南,2024-09-27,8159
00929,復華台灣科技優息,104,31,73,台新-台南,2024-09-27,8159
00753L,中信中國50正2,127,60,67,台新-台南,2024-09-27,8159
00948B,中信優息投資級債,52,2,50,台新-台南,2024-09-27,8159
00919,群益台灣精選高息,88,38,50,台新-台南,2024-09-27,8159
2543,皇昌,64,20,44,台新-台南,2024-09-27,8159
1711,永光,74,31,43,台新-台南,2024-09-27,8159
3550,聯穎,73,32,41,台新-台南,2024-09-27,8159
01010T,京城樂富R1,40,0,40,台新-台南,2024-09-27,8159
00945B,凱基美國非投等債,37,0,37,台新-台南,2024-09-27,8159
00927,群益半導體收益,41,4,37,台新-台南,2024-09-27,8159
6438,迅得,37,5,32,台新-台南,2024-09-27,8159
1522,堤維西,33,1,32,台新-台南,2024-09-27,8159
00712,復華富時不動產,30,0,30,台新-台南,2024-09-27,8159
2888,新光金,42,13,29,台新-台南,2024-09-27,8159
3518,柏騰,29,0,29,台新-台南,2024-09-27,8159
2312,金寶,46,19,27,台新-台南,2024-09-27,8159
5439,高技,27,1,26,台新-台南,2024-09-27,8159
00795B,中信美國公債20年,26,0,26,台新-台南,2024-09-27,8159
00772B,中信高評級公司債,25,0,25,台新-台南,2024-09-27,8159
6288,聯嘉,26,1,25,台新-台南,2024-09-27,8159
6285,啟��,26,1,25,台新-台南,2024-09-27,8159
2886,兆豐金,44,20,24,台新-台南,2024-09-27,8159
3479,安勤,25,1,24,台新-台南,2024-09-27,8159
2399,映泰,88,66,22,台新-台南,2024-09-27,8159
3052,夆典,20,0,20,台新-台南,2024-09-27,8159
2359,所羅門,47,27,20,台新-台南,2024-09-27,8159
2033,佳大,20,0,20,台新-台南,2024-09-27,8159
8070,長華*,26,6,20,台新-台南,2024-09-27,8159
2369,菱生,50,31,19,台新-台南,2024-09-27,8159
2421,建準,21,2,19,台新-台南,2024-09-27,8159
1540,喬福,64,45,19,台新-台南,2024-09-27,8159
1524,耿鼎,20,2,18,台新-台南,2024-09-27,8159
6197,佳必琪,23,6,17,台新-台南,2024-09-27,8159
2010,春源,17,0,17,台新-台南,2024-09-27,8159
2365,昆盈,36,19,17,台新-台南,2024-09-27,8159
00919,群益台灣精選高息,416,31,385,台新-台南,2024-09-30,8159
00929,復華台灣科技優息,360,66,294,台新-台南,2024-09-30,8159
00940,元大台灣價值高息,336,47,289,台新-台南,2024-09-30,8159
00753L,中信中國50正2,627,383,244,台新-台南,2024-09-30,8159
00680L,元大美債20正2,269,40,229,台新-台南,2024-09-30,8159
00945B,凱基美國非投等債,161,4,157,台新-台南,2024-09-30,8159
00687B,國泰20年美債,219,67,152,台新-台南,2024-09-30,8159
1316,上曜,151,0,151,台新-台南,2024-09-30,8159
8070,長華*,159,9,150,台新-台南,2024-09-30,8159
5439,高技,132,0,132,台新-台南,2024-09-30,8159
3305,昇貿,134,5,129,台新-台南,2024-09-30,8159
00633L,富邦上証正2,152,30,122,台新-台南,2024-09-30,8159
2637,慧洋-KY,131,17,114,台新-台南,2024-09-30,8159
00679B,元大美債20年,133,22,111,台新-台南,2024-09-30,8159
2032,新鋼,107,1,106,台新-台南,2024-09-30,8159
2371,大同,106,5,101,台新-台南,2024-09-30,8159
00960,野村全球航運龍頭,101,11,90,台新-台南,2024-09-30,8159
2543,皇昌,108,24,84,台新-台南,2024-09-30,8159
2382,廣達,95,11,84,台新-台南,2024-09-30,8159
2609,陽明,216,135,81,台新-台南,2024-09-30,8159
00690,兆豐藍籌30,68,0,68,台新-台南,2024-09-30,8159
2337,旺宏,65,4,61,台新-台南,2024-09-30,8159
00948B,中信優息投資級債,66,5,61,台新-台南,2024-09-30,8159
2330,台積電,76,15,61,台新-台南,2024-09-30,8159
00922,國泰台灣領袖50,61,2,59,台新-台南,2024-09-30,8159
0056,元大高股息,154,99,55,台新-台南,2024-09-30,8159
00915,凱基優選高股息30,61,8,53,台新-台南,2024-09-30,8159
00918,大華優利高填息30,50,0,50,台新-台南,2024-09-30,8159
00927,群益半導體收益,59,10,49,台新-台南,2024-09-30,8159
4903,聯光通,52,5,47,台新-台南,2024-09-30,8159
00673R,期元大S＆P原油反1,51,5,46,台新-台南,2024-09-30,8159
00632R,元大台灣50反1,61,15,46,台新-台南,2024-09-30,8159
00891,中信關鍵半導體,45,0,45,台新-台南,2024-09-30,8159
6770,力積電,48,7,41,台新-台南,2024-09-30,8159
00772B,中信高評級公司債,40,0,40,台新-台南,2024-09-30,8159
2615,萬海,311,271,40,台新-台南,2024-09-30,8159
2887,台新金,42,3,39,台新-台南,2024-09-30,8159
00900,富邦特選高股息30,39,1,38,台新-台南,2024-09-30,8159
00878,國泰永續高股息,162,126,36,台新-台南,2024-09-30,8159
00933B,國泰10Y+金融債,36,0,36,台新-台南,2024-09-30,8159
3149,正達,51,16,35,台新-台南,2024-09-30,8159
00935,野村臺灣新科技50,36,2,34,台新-台南,2024-09-30,8159
3711,日月光投控,40,6,34,台新-台南,2024-09-30,8159
00937B,群益ESG投等債20,69,38,31,台新-台南,2024-09-30,8159
1309,台達化,40,9,31,台新-台南,2024-09-30,8159
00631L,元大台灣50正2,41,11,30,台新-台南,2024-09-30,8159
00850,元大臺灣ESG永續,30,0,30,台新-台南,2024-09-30,8159
1217,愛之味,50,20,30,台新-台南,2024-09-30,8159
00943,兆豐電子高息等權,29,0,29,台新-台南,2024-09-30,8159
2317,鴻海,50,21,29,台新-台南,2024-09-30,8159
00929,復華台灣科技優息,387,26,361,台新-台南,2024-10-01,8159
00753L,中信中國50正2,448,141,307,台新-台南,2024-10-01,8159
1815,富喬,369,70,299,台新-台南,2024-10-01,8159
00878,國泰永續高股息,219,1,218,台新-台南,2024-10-01,8159
00688L,國泰20年美債正2,166,3,163,台新-台南,2024-10-01,8159
0056,元大高股息,253,110,143,台新-台南,2024-10-01,8159
2888,新光金,130,23,107,台新-台南,2024-10-01,8159
2014,中鴻,207,106,101,台新-台南,2024-10-01,8159
00712,復華富時不動產,93,6,87,台新-台南,2024-10-01,8159
00680L,元大美債20正2,97,10,87,台新-台南,2024-10-01,8159
2317,鴻海,211,141,70,台新-台南,2024-10-01,8159
00919,群益台灣精選高息,147,78,69,台新-台南,2024-10-01,8159
00633L,富邦上証正2,63,0,63,台新-台南,2024-10-01,8159
1309,台達化,59,0,59,台新-台南,2024-10-01,8159
1217,愛之味,50,0,50,台新-台南,2024-10-01,8159
00706L,期元大S＆P日圓正2,52,3,49,台新-台南,2024-10-01,8159
6609,瀧澤科,51,2,49,台新-台南,2024-10-01,8159
2312,金寶,45,1,44,台新-台南,2024-10-01,8159
6834,天二科技,44,0,44,台新-台南,2024-10-01,8159
2887,台新金,45,3,42,台新-台南,2024-10-01,8159
6770,力積電,49,7,42,台新-台南,2024-10-01,8159
00690,兆豐藍籌30,41,0,41,台新-台南,2024-10-01,8159
00679B,元大美債20年,41,2,39,台新-台南,2024-10-01,8159
2367,燿華,37,0,37,台新-台南,2024-10-01,8159
6838,台新藥,34,1,33,台新-台南,2024-10-01,8159
00713,元大台灣高息低波,32,0,32,台新-台南,2024-10-01,8159
00946,群益科技高息成長,30,0,30,台新-台南,2024-10-01,8159
9945,潤泰新,30,1,29,台新-台南,2024-10-01,8159
1569,濱川,64,35,29,台新-台南,2024-10-01,8159
00665L,富邦�琤肭磪囓�2,31,5,26,台新-台南,2024-10-01,8159
2882,國泰金,25,0,25,台新-台南,2024-10-01,8159
1608,華榮,25,0,25,台新-台南,2024-10-01,8159
4960,誠美材,25,0,25,台新-台南,2024-10-01,8159
1513,中興電,27,5,22,台新-台南,2024-10-01,8159
00934,中信成長高股息,26,4,22,台新-台南,2024-10-01,8159
2344,華邦電,22,1,21,台新-台南,2024-10-01,8159
2892,第一金,22,1,21,台新-台南,2024-10-01,8159
2867,三商壽,20,0,20,台新-台南,2024-10-01,8159
2201,裕隆,20,0,20,台新-台南,2024-10-01,8159
00921,兆豐龍頭等權重,20,0,20,台新-台南,2024-10-01,8159
1522,堤維西,20,0,20,台新-台南,2024-10-01,8159
2504,國產,20,0,20,台新-台南,2024-10-01,8159
00922,國泰台灣領袖50,17,0,17,台新-台南,2024-10-01,8159
2891,中信金,25,8,17,台新-台南,2024-10-01,8159
3013,晟銘電,37,21,16,台新-台南,2024-10-01,8159
3663,鑫科,16,1,15,台新-台南,2024-10-01,8159
00701,國泰股利精選30,15,0,15,台新-台南,2024-10-01,8159
4543,萬在,15,0,15,台新-台南,2024-10-01,8159
2027,大成鋼,15,1,14,台新-台南,2024-10-01,8159
4909,新復興,34,20,14,台新-台南,2024-10-01,8159
00919,群益台灣精選高息,361,55,306,台新-台南,2024-10-04,8159
00940,元大台灣價值高息,389,126,263,台新-台南,2024-10-04,8159
00929,復華台灣科技優息,274,22,252,台新-台南,2024-10-04,8159
00706L,期元大S＆P日圓正2,225,0,225,台新-台南,2024-10-04,8159
00639,富邦深100,351,143,208,台新-台南,2024-10-04,8159
0056,元大高股息,196,49,147,台新-台南,2024-10-04,8159
00637L,元大滬深300正2,332,190,142,台新-台南,2024-10-04,8159
00878,國泰永續高股息,196,62,134,台新-台南,2024-10-04,8159
2615,萬海,113,12,101,台新-台南,2024-10-04,8159
00688L,國泰20年美債正2,110,21,89,台新-台南,2024-10-04,8159
2610,華航,180,102,78,台新-台南,2024-10-04,8159
00680L,元大美債20正2,123,46,77,台新-台南,2024-10-04,8159
2425,承啟,93,25,68,台新-台南,2024-10-04,8159
00712,復華富時不動產,67,0,67,台新-台南,2024-10-04,8159
00679B,元大美債20年,62,3,59,台新-台南,2024-10-04,8159
2618,長榮航,277,218,59,台新-台南,2024-10-04,8159
1815,富喬,91,33,58,台新-台南,2024-10-04,8159
00881,國泰台灣5G+,61,5,56,台新-台南,2024-10-04,8159
00960,野村全球航運龍頭,66,12,54,台新-台南,2024-10-04,8159
00753L,中信中國50正2,179,126,53,台新-台南,2024-10-04,8159
1217,愛之味,52,0,52,台新-台南,2024-10-04,8159
00922,國泰台灣領袖50,52,3,49,台新-台南,2024-10-04,8159
2887,台新金,54,5,49,台新-台南,2024-10-04,8159
00937B,群益ESG投等債20,81,33,48,台新-台南,2024-10-04,8159
2609,陽明,155,108,47,台新-台南,2024-10-04,8159
4566,時碩工業,52,6,46,台新-台南,2024-10-04,8159
1309,台達化,45,0,45,台新-台南,2024-10-04,8159
00946,群益科技高息成長,44,1,43,台新-台南,2024-10-04,8159
00673R,期元大S＆P原油反1,39,0,39,台新-台南,2024-10-04,8159
00795B,中信美國公債20年,39,0,39,台新-台南,2024-10-04,8159
1711,永光,51,13,38,台新-台南,2024-10-04,8159
2399,映泰,218,181,37,台新-台南,2024-10-04,8159
2603,長榮,43,7,36,台新-台南,2024-10-04,8159
2025,千興,33,0,33,台新-台南,2024-10-04,8159
00939,統一台灣高息動能,33,1,32,台新-台南,2024-10-04,8159
00948B,中信優息投資級債,31,0,31,台新-台南,2024-10-04,8159
00931B,統一美債20年,30,0,30,台新-台南,2024-10-04,8159
3430,奇鈦科,31,2,29,台新-台南,2024-10-04,8159
2888,新光金,47,18,29,台新-台南,2024-10-04,8159
00636,國泰中國A50,29,1,28,台新-台南,2024-10-04,8159
00907,永豐優息存股,28,1,27,台新-台南,2024-10-04,8159
4540,全球傳動,27,0,27,台新-台南,2024-10-04,8159
00690,兆豐藍籌30,25,0,25,台新-台南,2024-10-04,8159
2892,第一金,26,1,25,台新-台南,2024-10-04,8159
4960,誠美材,26,2,24,台新-台南,2024-10-04,8159
2303,聯電,36,13,23,台新-台南,2024-10-04,8159
1608,華榮,23,0,23,台新-台南,2024-10-04,8159
2308,台達電,25,3,22,台新-台南,2024-10-04,8159
2882,國泰金,23,1,22,台新-台南,2024-10-04,8159
2204,中華,22,0,22,台新-台南,2024-10-04,8159
1815,富喬,572,66,506,台新-台南,2024-10-07,8159
00922,國泰台灣領袖50,220,3,217,台新-台南,2024-10-07,8159
00650L,復華香港正2,239,45,194,台新-台南,2024-10-07,8159
00632R,元大台灣50反1,354,165,189,台新-台南,2024-10-07,8159
00878,國泰永續高股息,154,26,128,台新-台南,2024-10-07,8159
1217,愛之味,105,2,103,台新-台南,2024-10-07,8159
00937B,群益ESG投等債20,254,158,96,台新-台南,2024-10-07,8159
00919,群益台灣精選高息,159,74,85,台新-台南,2024-10-07,8159
0056,元大高股息,86,7,79,台新-台南,2024-10-07,8159
2887,台新金,86,11,75,台新-台南,2024-10-07,8159
8404,百和興業-KY,108,36,72,台新-台南,2024-10-07,8159
00633L,富邦上証正2,72,5,67,台新-台南,2024-10-07,8159
3545,敦泰,84,17,67,台新-台南,2024-10-07,8159
00948B,中信優息投資級債,62,0,62,台新-台南,2024-10-07,8159
8039,台虹,90,28,62,台新-台南,2024-10-07,8159
00929,復華台灣科技優息,105,46,59,台新-台南,2024-10-07,8159
00959B,大華投等美債15Y+,52,0,52,台新-台南,2024-10-07,8159
8111,立��,148,102,46,台新-台南,2024-10-07,8159
3321,同泰,47,2,45,台新-台南,2024-10-07,8159
00712,復華富時不動產,44,0,44,台新-台南,2024-10-07,8159
2609,陽明,84,45,39,台新-台南,2024-10-07,8159
006208,富邦台50,43,5,38,台新-台南,2024-10-07,8159
2317,鴻海,179,143,36,台新-台南,2024-10-07,8159
1314,中石化,103,69,34,台新-台南,2024-10-07,8159
1727,中華化,36,3,33,台新-台南,2024-10-07,8159
2618,長榮航,33,1,32,台新-台南,2024-10-07,8159
00673R,期元大S＆P原油反1,31,0,31,台新-台南,2024-10-07,8159
8429,金麗-KY,31,0,31,台新-台南,2024-10-07,8159
2313,華通,44,14,30,台新-台南,2024-10-07,8159
00795B,中信美國公債20年,37,8,29,台新-台南,2024-10-07,8159
2371,大同,38,10,28,台新-台南,2024-10-07,8159
00905,FT臺灣Smart,30,2,28,台新-台南,2024-10-07,8159
2515,中工,73,45,28,台新-台南,2024-10-07,8159
1101,台泥,139,111,28,台新-台南,2024-10-07,8159
6118,建達,33,7,26,台新-台南,2024-10-07,8159
3189,景碩,33,9,24,台新-台南,2024-10-07,8159
1301,台塑,34,10,24,台新-台南,2024-10-07,8159
00655L,國泰中國A50正2,23,1,22,台新-台南,2024-10-07,8159
2498,宏達電,36,15,21,台新-台南,2024-10-07,8159
3025,星通,84,63,21,台新-台南,2024-10-07,8159
00887,永豐中國科技50大,225,205,20,台新-台南,2024-10-07,8159
2353,宏��,26,6,20,台新-台南,2024-10-07,8159
3052,夆典,20,0,20,台新-台南,2024-10-07,8159
00724B,群益投資級金融債,20,0,20,台新-台南,2024-10-07,8159
2344,華邦電,24,4,20,台新-台南,2024-10-07,8159
4903,聯光通,57,37,20,台新-台南,2024-10-07,8159
00665L,富邦�琤肭磪囓�2,71,52,19,台新-台南,2024-10-07,8159
5607,遠雄港,21,2,19,台新-台南,2024-10-07,8159
6138,茂達,21,3,18,台新-台南,2024-10-07,8159
3591,艾笛森,24,6,18,台新-台南,2024-10-07,8159
00943,兆豐電子高息等權,436,0,436,台新-台南,2024-10-08,8159
00680L,元大美債20正2,355,97,258,台新-台南,2024-10-08,8159
00688L,國泰20年美債正2,258,37,221,台新-台南,2024-10-08,8159
00673R,期元大S＆P原油反1,206,20,186,台新-台南,2024-10-08,8159
00919,群益台灣精選高息,201,16,185,台新-台南,2024-10-08,8159
1314,中石化,183,11,172,台新-台南,2024-10-08,8159
00937B,群益ESG投等債20,163,10,153,台新-台南,2024-10-08,8159
00687B,國泰20年美債,190,47,143,台新-台南,2024-10-08,8159
00878,國泰永續高股息,147,6,141,台新-台南,2024-10-08,8159
1815,富喬,140,10,130,台新-台南,2024-10-08,8159
0056,元大高股息,110,0,110,台新-台南,2024-10-08,8159
2409,友達,102,0,102,台新-台南,2024-10-08,8159
00642U,期元大S＆P石油,102,0,102,台新-台南,2024-10-08,8159
2317,鴻海,498,405,93,台新-台南,2024-10-08,8159
3481,群創,137,48,89,台新-台南,2024-10-08,8159
00632R,元大台灣50反1,121,33,88,台新-台南,2024-10-08,8159
00679B,元大美債20年,130,46,84,台新-台南,2024-10-08,8159
00637L,元大滬深300正2,450,374,76,台新-台南,2024-10-08,8159
1522,堤維西,72,0,72,台新-台南,2024-10-08,8159
3591,艾笛森,71,2,69,台新-台南,2024-10-08,8159
00772B,中信高評級公司債,64,0,64,台新-台南,2024-10-08,8159
00959B,大華投等美債15Y+,70,10,60,台新-台南,2024-10-08,8159
2637,慧洋-KY,62,3,59,台新-台南,2024-10-08,8159
00940,元大台灣價值高息,65,10,55,台新-台南,2024-10-08,8159
3189,景碩,57,4,53,台新-台南,2024-10-08,8159
00948B,中信優息投資級債,51,0,51,台新-台南,2024-10-08,8159
3149,正達,112,62,50,台新-台南,2024-10-08,8159
00887,永豐中國科技50大,365,320,45,台新-台南,2024-10-08,8159
3550,聯穎,101,57,44,台新-台南,2024-10-08,8159
00665L,富邦�琤肭磪囓�2,70,27,43,台新-台南,2024-10-08,8159
912000,晨訊科-DR,41,0,41,台新-台南,2024-10-08,8159
00956,中信日經高股息,39,0,39,台新-台南,2024-10-08,8159
2399,映泰,264,225,39,台新-台南,2024-10-08,8159
2883,凱基金,39,1,38,台新-台南,2024-10-08,8159
2892,第一金,37,0,37,台新-台南,2024-10-08,8159
5876,上海商銀,38,5,33,台新-台南,2024-10-08,8159
00905,FT臺灣Smart,35,2,33,台新-台南,2024-10-08,8159
00712,復華富時不動產,82,50,32,台新-台南,2024-10-08,8159
00922,國泰台灣領袖50,76,45,31,台新-台南,2024-10-08,8159
1440,南紡,30,0,30,台新-台南,2024-10-08,8159
3052,夆典,30,0,30,台新-台南,2024-10-08,8159
2845,遠東銀,28,0,28,台新-台南,2024-10-08,8159
3037,欣興,35,7,28,台新-台南,2024-10-08,8159
2601,益航,80,54,26,台新-台南,2024-10-08,8159
2809,京城銀,26,0,26,台新-台南,2024-10-08,8159
006206,元大上證50,26,0,26,台新-台南,2024-10-08,8159
3049,精金,61,35,26,台新-台南,2024-10-08,8159
00915,凱基優選高股息30,29,4,25,台新-台南,2024-10-08,8159
5443,均豪,53,28,25,台新-台南,2024-10-08,8159
2371,大同,25,1,24,台新-台南,2024-10-08,8159
00637L,元大滬深300正2,1147,217,930,台新-台南,2024-10-09,8159
00753L,中信中國50正2,980,648,332,台新-台南,2024-10-09,8159
00937B,群益ESG投等債20,377,77,300,台新-台南,2024-10-09,8159
3481,群創,252,4,248,台新-台南,2024-10-09,8159
00688L,國泰20年美債正2,256,32,224,台新-台南,2024-10-09,8159
2618,長榮航,214,7,207,台新-台南,2024-10-09,8159
1815,富喬,208,24,184,台新-台南,2024-10-09,8159
00673R,期元大S＆P原油反1,158,9,149,台新-台南,2024-10-09,8159
1314,中石化,147,28,119,台新-台南,2024-10-09,8159
00679B,元大美債20年,139,23,116,台新-台南,2024-10-09,8159
00948B,中信優息投資級債,128,17,111,台新-台南,2024-10-09,8159
2610,華航,109,3,106,台新-台南,2024-10-09,8159
00650L,復華香港正2,132,27,105,台新-台南,2024-10-09,8159
2888,新光金,132,27,105,台新-台南,2024-10-09,8159
00706L,期元大S＆P日圓正2,103,0,103,台新-台南,2024-10-09,8159
00680L,元大美債20正2,186,86,100,台新-台南,2024-10-09,8159
1217,愛之味,100,0,100,台新-台南,2024-10-09,8159
2834,臺企銀,94,0,94,台新-台南,2024-10-09,8159
2426,鼎元,86,1,85,台新-台南,2024-10-09,8159
00882,中信中國高股息,234,151,83,台新-台南,2024-10-09,8159
00687B,國泰20年美債,97,17,80,台新-台南,2024-10-09,8159
00639,富邦深100,70,2,68,台新-台南,2024-10-09,8159
2489,瑞軒,79,12,67,台新-台南,2024-10-09,8159
2887,台新金,78,14,64,台新-台南,2024-10-09,8159
00915,凱基優選高股息30,61,4,57,台新-台南,2024-10-09,8159
8011,台通,54,0,54,台新-台南,2024-10-09,8159
00713,元大台灣高息低波,49,1,48,台新-台南,2024-10-09,8159
00931B,統一美債20年,45,0,45,台新-台南,2024-10-09,8159
0056,元大高股息,48,3,45,台新-台南,2024-10-09,8159
1909,榮成,42,1,41,台新-台南,2024-10-09,8159
2367,燿華,47,10,37,台新-台南,2024-10-09,8159
00943,兆豐電子高息等權,33,0,33,台新-台南,2024-10-09,8159
2363,矽統,589,557,32,台新-台南,2024-10-09,8159
00945B,凱基美國非投等債,32,0,32,台新-台南,2024-10-09,8159
3049,精金,120,89,31,台新-台南,2024-10-09,8159
00952,凱基台灣AI50,30,0,30,台新-台南,2024-10-09,8159
00960,野村全球航運龍頭,58,28,30,台新-台南,2024-10-09,8159
4543,萬在,30,0,30,台新-台南,2024-10-09,8159
00946,群益科技高息成長,33,4,29,台新-台南,2024-10-09,8159
8028,昇陽半導體,85,56,29,台新-台南,2024-10-09,8159
2891,中信金,57,30,27,台新-台南,2024-10-09,8159
00936,台新永續高息中小,25,0,25,台新-台南,2024-10-09,8159
4716,大立,24,0,24,台新-台南,2024-10-09,8159
00940,元大台灣價值高息,41,17,24,台新-台南,2024-10-09,8159
00919,群益台灣精選高息,72,48,24,台新-台南,2024-10-09,8159
4576,大銀微系統,29,6,23,台新-台南,2024-10-09,8159
2609,陽明,46,23,23,台新-台南,2024-10-09,8159
6285,啟��,23,1,22,台新-台南,2024-10-09,8159
2371,大同,28,6,22,台新-台南,2024-10-09,8159
3209,全科,86,64,22,台新-台南,2024-10-09,8159
00680L,元大美債20正2,513,12,501,台新-台南,2024-10-11,8159
1815,富喬,425,5,420,台新-台南,2024-10-11,8159
00688L,國泰20年美債正2,344,12,332,台新-台南,2024-10-11,8159
00637L,元大滬深300正2,339,72,267,台新-台南,2024-10-11,8159
00687B,國泰20年美債,238,27,211,台新-台南,2024-10-11,8159
00882,中信中國高股息,229,51,178,台新-台南,2024-10-11,8159
1721,三晃,279,128,151,台新-台南,2024-10-11,8159
0056,元大高股息,151,4,147,台新-台南,2024-10-11,8159
00632R,元大台灣50反1,153,35,118,台新-台南,2024-10-11,8159
2834,臺企銀,128,13,115,台新-台南,2024-10-11,8159
3591,艾笛森,150,58,92,台新-台南,2024-10-11,8159
00679B,元大美債20年,92,1,91,台新-台南,2024-10-11,8159
8111,立��,129,44,85,台新-台南,2024-10-11,8159
3518,柏騰,78,0,78,台新-台南,2024-10-11,8159
3149,正達,154,76,78,台新-台南,2024-10-11,8159
00915,凱基優選高股息30,73,2,71,台新-台南,2024-10-11,8159
00753L,中信中國50正2,110,53,57,台新-台南,2024-10-11,8159
1217,愛之味,55,0,55,台新-台南,2024-10-11,8159
00948B,中信優息投資級債,66,13,53,台新-台南,2024-10-11,8159
2449,京元電子,149,96,53,台新-台南,2024-10-11,8159
00959B,大華投等美債15Y+,51,0,51,台新-台南,2024-10-11,8159
2888,新光金,53,3,50,台新-台南,2024-10-11,8159
1309,台達化,47,0,47,台新-台南,2024-10-11,8159
00919,群益台灣精選高息,64,18,46,台新-台南,2024-10-11,8159
2388,威盛,83,38,45,台新-台南,2024-10-11,8159
3209,全科,47,5,42,台新-台南,2024-10-11,8159
2402,毅嘉,42,4,38,台新-台南,2024-10-11,8159
00673R,期元大S＆P原油反1,32,0,32,台新-台南,2024-10-11,8159
00929,復華台灣科技優息,79,48,31,台新-台南,2024-10-11,8159
00960,野村全球航運龍頭,36,5,31,台新-台南,2024-10-11,8159
2867,三商壽,33,2,31,台新-台南,2024-10-11,8159
00676R,富邦臺灣加權反1,70,40,30,台新-台南,2024-10-11,8159
4956,光鋐,98,68,30,台新-台南,2024-10-11,8159
3715,定穎投控,40,10,30,台新-台南,2024-10-11,8159
00887,永豐中國科技50大,36,8,28,台新-台南,2024-10-11,8159
2303,聯電,37,10,27,台新-台南,2024-10-11,8159
8476,台境*,34,8,26,台新-台南,2024-10-11,8159
00951,台新日本半導體,31,5,26,台新-台南,2024-10-11,8159
6117,迎廣,32,6,26,台新-台南,2024-10-11,8159
5439,高技,23,0,23,台新-台南,2024-10-11,8159
00686R,群益臺灣加權反1,22,0,22,台新-台南,2024-10-11,8159
6180,橘子,25,5,20,台新-台南,2024-10-11,8159
1101,台泥,20,0,20,台新-台南,2024-10-11,8159
2489,瑞軒,22,2,20,台新-台南,2024-10-11,8159
3481,群創,21,1,20,台新-台南,2024-10-11,8159
00921,兆豐龍頭等權重,18,0,18,台新-台南,2024-10-11,8159
1785,光洋科,47,30,17,台新-台南,2024-10-11,8159
00713,元大台灣高息低波,18,2,16,台新-台南,2024-10-11,8159
4576,大銀微系統,18,2,16,台新-台南,2024-10-11,8159
2101,南港,17,1,16,台新-台南,2024-10-11,8159
2887,台新金,311,12,299,台新-台南,2024-10-14,8159
00680L,元大美債20正2,288,31,257,台新-台南,2024-10-14,8159
2618,長榮航,223,2,221,台新-台南,2024-10-14,8159
00688L,國泰20年美債正2,231,39,192,台新-台南,2024-10-14,8159
00887,永豐中國科技50大,283,114,169,台新-台南,2024-10-14,8159
00922,國泰台灣領袖50,167,1,166,台新-台南,2024-10-14,8159
00945B,凱基美國非投等債,165,1,164,台新-台南,2024-10-14,8159
2888,新光金,201,57,144,台新-台南,2024-10-14,8159
6142,友勁,104,1,103,台新-台南,2024-10-14,8159
2312,金寶,270,187,83,台新-台南,2024-10-14,8159
00919,群益台灣精選高息,131,54,77,台新-台南,2024-10-14,8159
1815,富喬,77,11,66,台新-台南,2024-10-14,8159
00730,富邦臺灣優質高息,60,0,60,台新-台南,2024-10-14,8159
00679B,元大美債20年,135,75,60,台新-台南,2024-10-14,8159
00948B,中信優息投資級債,59,0,59,台新-台南,2024-10-14,8159
1785,光洋科,46,0,46,台新-台南,2024-10-14,8159
00772B,中信高評級公司債,43,0,43,台新-台南,2024-10-14,8159
00720B,元大投資級公司債,39,0,39,台新-台南,2024-10-14,8159
2103,台橡,39,3,36,台新-台南,2024-10-14,8159
2010,春源,36,0,36,台新-台南,2024-10-14,8159
5443,均豪,45,12,33,台新-台南,2024-10-14,8159
00753L,中信中國50正2,371,339,32,台新-台南,2024-10-14,8159
1217,愛之味,32,0,32,台新-台南,2024-10-14,8159
2426,鼎元,68,36,32,台新-台南,2024-10-14,8159
2514,龍邦,30,0,30,台新-台南,2024-10-14,8159
6005,群益證,30,0,30,台新-台南,2024-10-14,8159
00676R,富邦臺灣加權反1,30,0,30,台新-台南,2024-10-14,8159
9907,統一實,39,10,29,台新-台南,2024-10-14,8159
4303,信立,46,17,29,台新-台南,2024-10-14,8159
00712,復華富時不動產,28,0,28,台新-台南,2024-10-14,8159
4155,訊映,26,0,26,台新-台南,2024-10-14,8159
2002,中鋼,29,5,24,台新-台南,2024-10-14,8159
3548,兆利,24,0,24,台新-台南,2024-10-14,8159
4440,宜新實業,24,0,24,台新-台南,2024-10-14,8159
00857B,永豐20年美公債,22,0,22,台新-台南,2024-10-14,8159
3715,定穎投控,54,32,22,台新-台南,2024-10-14,8159
2399,映泰,145,124,21,台新-台南,2024-10-14,8159
4908,前鼎,45,24,21,台新-台南,2024-10-14,8159
00650L,復華香港正2,22,1,21,台新-台南,2024-10-14,8159
1449,佳和,20,0,20,台新-台南,2024-10-14,8159
0056,元大高股息,43,24,19,台新-台南,2024-10-14,8159
4906,正文,20,2,18,台新-台南,2024-10-14,8159
3607,谷崧,18,0,18,台新-台南,2024-10-14,8159
6770,力積電,18,0,18,台新-台南,2024-10-14,8159
1436,華友聯,17,0,17,台新-台南,2024-10-14,8159
00715L,期街口布蘭特正2,224,207,17,台新-台南,2024-10-14,8159
1326,台化,17,0,17,台新-台南,2024-10-14,8159
00912,中信臺灣智慧50,17,0,17,台新-台南,2024-10-14,8159
00687B,國泰20年美債,127,110,17,台新-台南,2024-10-14,8159
9105,泰金寶-DR,30,13,17,台新-台南,2024-10-14,8159
00715L,期街口布蘭特正2,964,39,925,台新-台南,2024-10-15,8159
00688L,國泰20年美債正2,225,0,225,台新-台南,2024-10-15,8159
00680L,元大美債20正2,221,0,221,台新-台南,2024-10-15,8159
2888,新光金,528,313,215,台新-台南,2024-10-15,8159
2887,台新金,216,66,150,台新-台南,2024-10-15,8159
3481,群創,239,97,142,台新-台南,2024-10-15,8159
00753L,中信中國50正2,295,184,111,台新-台南,2024-10-15,8159
9105,泰金寶-DR,122,12,110,台新-台南,2024-10-15,8159
1815,富喬,107,0,107,台新-台南,2024-10-15,8159
00632R,元大台灣50反1,341,235,106,台新-台南,2024-10-15,8159
1304,台聚,101,0,101,台新-台南,2024-10-15,8159
00637L,元大滬深300正2,156,64,92,台新-台南,2024-10-15,8159
00679B,元大美債20年,166,84,82,台新-台南,2024-10-15,8159
00961,FT臺灣永續高息,63,0,63,台新-台南,2024-10-15,8159
00937B,群益ESG投等債20,102,40,62,台新-台南,2024-10-15,8159
1309,台達化,60,0,60,台新-台南,2024-10-15,8159
2455,全新,73,23,50,台新-台南,2024-10-15,8159
00943,兆豐電子高息等權,50,0,50,台新-台南,2024-10-15,8159
00948B,中信優息投資級債,45,0,45,台新-台南,2024-10-15,8159
2426,鼎元,79,39,40,台新-台南,2024-10-15,8159
00676R,富邦臺灣加權反1,40,0,40,台新-台南,2024-10-15,8159
1595,川寶,45,5,40,台新-台南,2024-10-15,8159
00922,國泰台灣領袖50,97,58,39,台新-台南,2024-10-15,8159
00878,國泰永續高股息,93,55,38,台新-台南,2024-10-15,8159
00665L,富邦�琤肭磪囓�2,35,0,35,台新-台南,2024-10-15,8159
1609,大亞,52,18,34,台新-台南,2024-10-15,8159
6285,啟��,33,1,32,台新-台南,2024-10-15,8159
2867,三商壽,32,1,31,台新-台南,2024-10-15,8159
5880,合庫金,30,0,30,台新-台南,2024-10-15,8159
6142,友勁,30,0,30,台新-台南,2024-10-15,8159
00730,富邦臺灣優質高息,27,0,27,台新-台南,2024-10-15,8159
3005,神基,28,1,27,台新-台南,2024-10-15,8159
4576,大銀微系統,36,10,26,台新-台南,2024-10-15,8159
3498,陽程,105,79,26,台新-台南,2024-10-15,8159
2852,第一保,25,0,25,台新-台南,2024-10-15,8159
1464,得力,24,0,24,台新-台南,2024-10-15,8159
4956,光鋐,96,73,23,台新-台南,2024-10-15,8159
2367,燿華,39,16,23,台新-台南,2024-10-15,8159
6451,訊芯-KY,30,8,22,台新-台南,2024-10-15,8159
5443,均豪,42,20,22,台新-台南,2024-10-15,8159
00888,永豐台灣ESG,26,4,22,台新-台南,2024-10-15,8159
6117,迎廣,34,12,22,台新-台南,2024-10-15,8159
2101,南港,24,2,22,台新-台南,2024-10-15,8159
00830,國泰費城半導體,23,1,22,台新-台南,2024-10-15,8159
3017,奇鋐,36,15,21,台新-台南,2024-10-15,8159
2486,一詮,63,41,22,台新-台南,2024-10-15,8159
00795B,中信美國公債20年,21,0,21,台新-台南,2024-10-15,8159
5225,東科-KY,21,0,21,台新-台南,2024-10-15,8159
2388,威盛,34,15,19,台新-台南,2024-10-15,8159
4540,全球傳動,22,3,19,台新-台南,2024-10-15,8159
2317,鴻海,332,70,262,台新-台南,2024-10-16,8159
2883,凱基金,317,54,263,台新-台南,2024-10-16,8159
00946,群益科技高息成長,258,0,258,台新-台南,2024-10-16,8159
2888,新光金,379,128,251,台新-台南,2024-10-16,8159
3481,群創,261,22,239,台新-台南,2024-10-16,8159
00948B,中信優息投資級債,218,2,216,台新-台南,2024-10-16,8159
00633L,富邦上証正2,229,18,211,台新-台南,2024-10-16,8159
2486,一詮,252,99,153,台新-台南,2024-10-16,8159
00680L,元大美債20正2,237,126,111,台新-台南,2024-10-16,8159
0056,元大高股息,155,49,106,台新-台南,2024-10-16,8159
00878,國泰永續高股息,182,75,107,台新-台南,2024-10-16,8159
2323,中環,98,0,98,台新-台南,2024-10-16,8159
2515,中工,101,4,97,台新-台南,2024-10-16,8159
3017,奇鋐,102,7,95,台新-台南,2024-10-16,8159
00937B,群益ESG投等債20,98,16,82,台新-台南,2024-10-16,8159
2887,台新金,85,7,78,台新-台南,2024-10-16,8159
2610,華航,122,47,75,台新-台南,2024-10-16,8159
00922,國泰台灣領袖50,85,12,73,台新-台南,2024-10-16,8159
00919,群益台灣精選高息,92,20,72,台新-台南,2024-10-16,8159
1815,富喬,76,5,71,台新-台南,2024-10-16,8159
00933B,國泰10Y+金融債,75,5,70,台新-台南,2024-10-16,8159
00753L,中信中國50正2,352,287,65,台新-台南,2024-10-16,8159
3591,艾笛森,76,14,62,台新-台南,2024-10-16,8159
00945B,凱基美國非投等債,61,0,61,台新-台南,2024-10-16,8159
6877,鏵友益,55,0,55,台新-台南,2024-10-16,8159
3324,雙鴻,52,1,51,台新-台南,2024-10-16,8159
00688L,國泰20年美債正2,79,33,46,台新-台南,2024-10-16,8159
00730,富邦臺灣優質高息,44,0,44,台新-台南,2024-10-16,8159
00935,野村臺灣新科技50,37,0,37,台新-台南,2024-10-16,8159
2014,中鴻,45,11,34,台新-台南,2024-10-16,8159
00715L,期街口布蘭特正2,241,208,33,台新-台南,2024-10-16,8159
9958,世紀鋼,39,7,32,台新-台南,2024-10-16,8159
2344,華邦電,35,4,31,台新-台南,2024-10-16,8159
00951,台新日本半導體,60,30,30,台新-台南,2024-10-16,8159
9105,泰金寶-DR,68,39,29,台新-台南,2024-10-16,8159
8097,常珵,58,30,28,台新-台南,2024-10-16,8159
00713,元大台灣高息低波,25,0,25,台新-台南,2024-10-16,8159
3305,昇貿,25,0,25,台新-台南,2024-10-16,8159
3062,建漢,100,75,25,台新-台南,2024-10-16,8159
1314,中石化,31,6,25,台新-台南,2024-10-16,8159
006208,富邦台50,33,8,25,台新-台南,2024-10-16,8159
4909,新復興,51,27,24,台新-台南,2024-10-16,8159
5347,世界,25,1,24,台新-台南,2024-10-16,8159
2201,裕隆,24,0,24,台新-台南,2024-10-16,8159
00905,FT臺灣Smart,23,0,23,台新-台南,2024-10-16,8159
00637L,元大滬深300正2,134,111,23,台新-台南,2024-10-16,8159
00960,野村全球航運龍頭,24,2,22,台新-台南,2024-10-16,8159
8021,尖點,25,3,22,台新-台南,2024-10-16,8159
2367,燿華,25,3,22,台新-台南,2024-10-16,8159
2881,富邦金,23,3,20,台新-台南,2024-10-16,8159
00632R,元大台灣50反1,1105,46,1059,台新-台南,2024-10-17,8159
00887,永豐中國科技50大,499,14,485,台新-台南,2024-10-17,8159
2883,凱基金,302,39,263,台新-台南,2024-10-17,8159
00948B,中信優息投資級債,237,0,237,台新-台南,2024-10-17,8159
0056,元大高股息,141,0,141,台新-台南,2024-10-17,8159
00946,群益科技高息成長,115,1,114,台新-台南,2024-10-17,8159
00688L,國泰20年美債正2,145,62,83,台新-台南,2024-10-17,8159
00922,國泰台灣領袖50,83,11,72,台新-台南,2024-10-17,8159
2486,一詮,111,50,61,台新-台南,2024-10-17,8159
00927,群益半導體收益,57,3,54,台新-台南,2024-10-17,8159
00637L,元大滬深300正2,126,76,50,台新-台南,2024-10-17,8159
6877,鏵友益,50,1,49,台新-台南,2024-10-17,8159
1815,富喬,57,13,44,台新-台南,2024-10-17,8159
2363,矽統,61,19,42,台新-台南,2024-10-17,8159
3481,群創,324,282,42,台新-台南,2024-10-17,8159
6189,豐藝,40,0,40,台新-台南,2024-10-17,8159
2330,台積電,41,2,39,台新-台南,2024-10-17,8159
00945B,凱基美國非投等債,39,3,36,台新-台南,2024-10-17,8159
00959B,大華投等美債15Y+,32,1,31,台新-台南,2024-10-17,8159
2801,彰銀,30,0,30,台新-台南,2024-10-17,8159
1727,中華化,44,15,29,台新-台南,2024-10-17,8159
2230,泰茂,30,1,29,台新-台南,2024-10-17,8159
00795B,中信美國公債20年,27,0,27,台新-台南,2024-10-17,8159
2887,台新金,33,8,25,台新-台南,2024-10-17,8159
1721,三晃,60,38,22,台新-台南,2024-10-17,8159
4577,達航科技,22,0,22,台新-台南,2024-10-17,8159
4729,熒茂,22,0,22,台新-台南,2024-10-17,8159
1711,永光,42,21,21,台新-台南,2024-10-17,8159
0050,元大台灣50,22,2,20,台新-台南,2024-10-17,8159
6658,聯策,90,70,20,台新-台南,2024-10-17,8159
6156,松上,22,2,20,台新-台南,2024-10-17,8159
3209,全科,81,62,19,台新-台南,2024-10-17,8159
6142,友勁,18,0,18,台新-台南,2024-10-17,8159
00905,FT臺灣Smart,20,2,18,台新-台南,2024-10-17,8159
1528,恩德,180,162,18,台新-台南,2024-10-17,8159
5474,聰泰,17,0,17,台新-台南,2024-10-17,8159
00753L,中信中國50正2,198,181,17,台新-台南,2024-10-17,8159
2399,映泰,261,245,16,台新-台南,2024-10-17,8159
3710,連展投控,26,10,16,台新-台南,2024-10-17,8159
8404,百和興業-KY,17,1,16,台新-台南,2024-10-17,8159
00687B,國泰20年美債,69,53,16,台新-台南,2024-10-17,8159
8182,加高,15,0,15,台新-台南,2024-10-17,8159
00919,群益台灣精選高息,48,33,15,台新-台南,2024-10-17,8159
3149,正達,68,54,14,台新-台南,2024-10-17,8159
2421,建準,77,63,14,台新-台南,2024-10-17,8159
1708,東鹼,14,0,14,台新-台南,2024-10-17,8159
3062,建漢,56,42,14,台新-台南,2024-10-17,8159
3711,日月光投控,15,1,14,台新-台南,2024-10-17,8159
3049,精金,15,2,13,台新-台南,2024-10-17,8159
2033,佳大,15,2,13,台新-台南,2024-10-17,8159
00679B,元大美債20年,411,30,381,台新-台南,2024-10-18,8159
00937B,群益ESG投等債20,296,24,272,台新-台南,2024-10-18,8159
00948B,中信優息投資級債,223,4,219,台新-台南,2024-10-18,8159
1815,富喬,203,3,200,台新-台南,2024-10-18,8159
00680L,元大美債20正2,176,20,156,台新-台南,2024-10-18,8159
00687B,國泰20年美債,206,67,139,台新-台南,2024-10-18,8159
00688L,國泰20年美債正2,140,1,139,台新-台南,2024-10-18,8159
2867,三商壽,175,38,137,台新-台南,2024-10-18,8159
2888,新光金,94,2,92,台新-台南,2024-10-18,8159
4977,眾達-KY,151,62,89,台新-台南,2024-10-18,8159
2303,聯電,92,11,81,台新-台南,2024-10-18,8159
0056,元大高股息,105,31,74,台新-台南,2024-10-18,8159
1309,台達化,71,0,71,台新-台南,2024-10-18,8159
2887,台新金,111,42,69,台新-台南,2024-10-18,8159
00772B,中信高評級公司債,61,1,60,台新-台南,2024-10-18,8159
00753L,中信中國50正2,136,76,60,台新-台南,2024-10-18,8159
2402,毅嘉,130,70,60,台新-台南,2024-10-18,8159
4566,時碩工業,85,26,59,台新-台南,2024-10-18,8159
00795B,中信美國公債20年,58,0,58,台新-台南,2024-10-18,8159
2367,燿華,72,17,55,台新-台南,2024-10-18,8159
6274,台燿,55,0,55,台新-台南,2024-10-18,8159
5443,均豪,55,8,47,台新-台南,2024-10-18,8159
2486,一詮,58,13,45,台新-台南,2024-10-18,8159
3060,銘異,46,2,44,台新-台南,2024-10-18,8159
5347,世界,54,11,43,台新-台南,2024-10-18,8159
8028,昇陽半導體,155,113,42,台新-台南,2024-10-18,8159
6770,力積電,44,5,39,台新-台南,2024-10-18,8159
00931B,統一美債20年,35,0,35,台新-台南,2024-10-18,8159
1314,中石化,44,11,33,台新-台南,2024-10-18,8159
2374,佳能,43,10,33,台新-台南,2024-10-18,8159
00637L,元大滬深300正2,99,66,33,台新-台南,2024-10-18,8159
00751B,元大AAA至A公司債,32,1,31,台新-台南,2024-10-18,8159
6180,橘子,30,0,30,台新-台南,2024-10-18,8159
00720B,元大投資級公司債,59,30,29,台新-台南,2024-10-18,8159
1785,光洋科,51,23,28,台新-台南,2024-10-18,8159
00945B,凱基美國非投等債,35,7,28,台新-台南,2024-10-18,8159
1540,喬福,170,142,28,台新-台南,2024-10-18,8159
3189,景碩,29,3,26,台新-台南,2024-10-18,8159
3062,建漢,58,32,26,台新-台南,2024-10-18,8159
1776,展宇,24,0,24,台新-台南,2024-10-18,8159
2449,京元電子,48,24,24,台新-台南,2024-10-18,8159
3163,波若威,34,11,23,台新-台南,2024-10-18,8159
2355,敬鵬,23,0,23,台新-台南,2024-10-18,8159
3591,艾笛森,67,44,23,台新-台南,2024-10-18,8159
2537,聯上發,22,0,22,台新-台南,2024-10-18,8159
3379,彬台,22,0,22,台新-台南,2024-10-18,8159
00676R,富邦臺灣加權反1,21,0,21,台新-台南,2024-10-18,8159
2883,凱基金,52,31,21,台新-台南,2024-10-18,8159
3711,日月光投控,44,24,20,台新-台南,2024-10-18,8159
3374,精材,24,5,19,台新-台南,2024-10-18,8159
00937B,群益ESG投等債20,763,38,725,台新-台南,2024-10-21,8159
00712,復華富時不動產,302,9,293,台新-台南,2024-10-21,8159
00687B,國泰20年美債,194,24,170,台新-台南,2024-10-21,8159
00948B,中信優息投資級債,224,60,164,台新-台南,2024-10-21,8159
3037,欣興,186,55,131,台新-台南,2024-10-21,8159
00680L,元大美債20正2,83,0,83,台新-台南,2024-10-21,8159
8932,智通*,81,0,81,台新-台南,2024-10-21,8159
2367,燿華,165,85,80,台新-台南,2024-10-21,8159
2891,中信金,91,14,77,台新-台南,2024-10-21,8159
00679B,元大美債20年,136,61,75,台新-台南,2024-10-21,8159
00887,永豐中國科技50大,82,8,74,台新-台南,2024-10-21,8159
00753L,中信中國50正2,107,34,73,台新-台南,2024-10-21,8159
00958B,永豐ESG銀行債15,112,42,70,台新-台南,2024-10-21,8159
00688L,國泰20年美債正2,70,0,70,台新-台南,2024-10-21,8159
2887,台新金,68,2,66,台新-台南,2024-10-21,8159
2303,聯電,82,22,60,台新-台南,2024-10-21,8159
00772B,中信高評級公司債,62,3,59,台新-台南,2024-10-21,8159
6005,群益證,45,0,45,台新-台南,2024-10-21,8159
2883,凱基金,74,31,43,台新-台南,2024-10-21,8159
00665L,富邦�琤肭磪囓�2,48,6,42,台新-台南,2024-10-21,8159
00676R,富邦臺灣加權反1,40,0,40,台新-台南,2024-10-21,8159
00953B,群益優選非投等債,40,0,40,台新-台南,2024-10-21,8159
00632R,元大台灣50反1,45,6,39,台新-台南,2024-10-21,8159
00927,群益半導體收益,40,3,37,台新-台南,2024-10-21,8159
1326,台化,36,0,36,台新-台南,2024-10-21,8159
2882,國泰金,43,8,35,台新-台南,2024-10-21,8159
006208,富邦台50,41,6,35,台新-台南,2024-10-21,8159
0056,元大高股息,35,2,33,台新-台南,2024-10-21,8159
2888,新光金,80,48,32,台新-台南,2024-10-21,8159
5284,jpp-KY,30,0,30,台新-台南,2024-10-21,8159
6189,豐藝,31,2,29,台新-台南,2024-10-21,8159
2409,友達,29,1,28,台新-台南,2024-10-21,8159
8064,東捷,98,72,26,台新-台南,2024-10-21,8159
2493,揚博,28,2,26,台新-台南,2024-10-21,8159
2101,南港,24,0,24,台新-台南,2024-10-21,8159
00751B,元大AAA至A公司債,24,1,23,台新-台南,2024-10-21,8159
00905,FT臺灣Smart,41,20,21,台新-台南,2024-10-21,8159
2537,聯上發,21,0,21,台新-台南,2024-10-21,8159
00900,富邦特選高股息30,25,5,20,台新-台南,2024-10-21,8159
8097,常珵,23,3,20,台新-台南,2024-10-21,8159
4533,協易機,62,43,19,台新-台南,2024-10-21,8159
3481,群創,49,31,18,台新-台南,2024-10-21,8159
2002,中鋼,21,3,18,台新-台南,2024-10-21,8159
2230,泰茂,20,2,18,台新-台南,2024-10-21,8159
00915,凱基優選高股息30,30,13,17,台新-台南,2024-10-21,8159
1785,光洋科,23,6,17,台新-台南,2024-10-21,8159
00725B,國泰投資級公司債,27,10,17,台新-台南,2024-10-21,8159
6156,松上,32,15,17,台新-台南,2024-10-21,8159
2892,第一金,21,4,17,台新-台南,2024-10-21,8159
2369,菱生,22,7,15,台新-台南,2024-10-21,8159
00937B,群益ESG投等債20,944,121,823,台新-台南,2024-10-22,8159
00687B,國泰20年美債,527,37,490,台新-台南,2024-10-22,8159
00948B,中信優息投資級債,442,0,442,台新-台南,2024-10-22,8159
00712,復華富時不動產,457,27,430,台新-台南,2024-10-22,8159
3037,欣興,358,71,287,台新-台南,2024-10-22,8159
00719B,元大美債1-3,274,0,274,台新-台南,2024-10-22,8159
00688L,國泰20年美債正2,276,83,193,台新-台南,2024-10-22,8159
00680L,元大美債20正2,293,101,192,台新-台南,2024-10-22,8159
6603,富強鑫,166,19,147,台新-台南,2024-10-22,8159
1718,中纖,101,0,101,台新-台南,2024-10-22,8159
00953B,群益優選非投等債,90,5,85,台新-台南,2024-10-22,8159
3189,景碩,191,110,81,台新-台南,2024-10-22,8159
6133,金橋,73,1,72,台新-台南,2024-10-22,8159
00795B,中信美國公債20年,69,0,69,台新-台南,2024-10-22,8159
6005,群益證,67,1,66,台新-台南,2024-10-22,8159
006208,富邦台50,68,5,63,台新-台南,2024-10-22,8159
00753L,中信中國50正2,246,185,61,台新-台南,2024-10-22,8159
2495,普安,84,24,60,台新-台南,2024-10-22,8159
00772B,中信高評級公司債,60,1,59,台新-台南,2024-10-22,8159
2344,華邦電,58,4,54,台新-台南,2024-10-22,8159
00720B,元大投資級公司債,64,15,49,台新-台南,2024-10-22,8159
8043,蜜望實,63,15,48,台新-台南,2024-10-22,8159
1609,大亞,49,3,46,台新-台南,2024-10-22,8159
00919,群益台灣精選高息,72,28,44,台新-台南,2024-10-22,8159
2201,裕隆,43,2,41,台新-台南,2024-10-22,8159
00905,FT臺灣Smart,40,3,37,台新-台南,2024-10-22,8159
2489,瑞軒,39,5,34,台新-台南,2024-10-22,8159
3615,安可,114,82,32,台新-台南,2024-10-22,8159
2363,矽統,124,92,32,台新-台南,2024-10-22,8159
00933B,國泰10Y+金融債,45,15,30,台新-台南,2024-10-22,8159
00857B,永豐20年美公債,29,0,29,台新-台南,2024-10-22,8159
00751B,元大AAA至A公司債,28,0,28,台新-台南,2024-10-22,8159
2486,一詮,58,30,28,台新-台南,2024-10-22,8159
00931B,統一美債20年,28,0,28,台新-台南,2024-10-22,8159
6805,富世達,27,0,27,台新-台南,2024-10-22,8159
2330,台積電,31,6,25,台新-台南,2024-10-22,8159
4533,協易機,72,47,25,台新-台南,2024-10-22,8159
2303,聯電,35,10,25,台新-台南,2024-10-22,8159
2337,旺宏,23,0,23,台新-台南,2024-10-22,8159
6742,澤米,45,23,22,台新-台南,2024-10-22,8159
1605,華新,24,2,22,台新-台南,2024-10-22,8159
9958,世紀鋼,24,3,21,台新-台南,2024-10-22,8159
4729,熒茂,42,21,21,台新-台南,2024-10-22,8159
3702,大聯大,21,0,21,台新-台南,2024-10-22,8159
00927,群益半導體收益,20,0,20,台新-台南,2024-10-22,8159
2382,廣達,94,74,20,台新-台南,2024-10-22,8159
00894,中信小資高價30,20,0,20,台新-台南,2024-10-22,8159
3066,李洲,23,3,20,台新-台南,2024-10-22,8159
00676R,富邦臺灣加權反1,20,0,20,台新-台南,2024-10-22,8159
00900,富邦特選高股息30,22,3,19,台新-台南,2024-10-22,8159
00937B,群益ESG投等債20,378,22,356,台新-台南,2024-10-23,8159
00637L,元大滬深300正2,293,38,255,台新-台南,2024-10-23,8159
2543,皇昌,208,0,208,台新-台南,2024-10-23,8159
00948B,中信優息投資級債,122,3,119,台新-台南,2024-10-23,8159
1409,新纖,117,7,110,台新-台南,2024-10-23,8159
2887,台新金,99,0,99,台新-台南,2024-10-23,8159
00712,復華富時不動產,102,3,99,台新-台南,2024-10-23,8159
2610,華航,101,2,99,台新-台南,2024-10-23,8159
00878,國泰永續高股息,105,11,94,台新-台南,2024-10-23,8159
3033,威健,115,22,93,台新-台南,2024-10-23,8159
3481,群創,153,65,88,台新-台南,2024-10-23,8159
00907,永豐優息存股,89,1,88,台新-台南,2024-10-23,8159
6873,泓德能源,85,0,85,台新-台南,2024-10-23,8159
00887,永豐中國科技50大,103,19,84,台新-台南,2024-10-23,8159
00955,中信日本商社,82,0,82,台新-台南,2024-10-23,8159
6151,晉倫,222,153,69,台新-台南,2024-10-23,8159
00687B,國泰20年美債,90,22,68,台新-台南,2024-10-23,8159
2495,普安,83,16,67,台新-台南,2024-10-23,8159
9934,成霖,65,0,65,台新-台南,2024-10-23,8159
2303,聯電,63,2,61,台新-台南,2024-10-23,8159
00938,凱基優選30,59,0,59,台新-台南,2024-10-23,8159
2376,技嘉,61,6,55,台新-台南,2024-10-23,8159
00959B,大華投等美債15Y+,52,0,52,台新-台南,2024-10-23,8159
3499,環天科,53,3,50,台新-台南,2024-10-23,8159
00940,元大台灣價值高息,70,21,49,台新-台南,2024-10-23,8159
00679B,元大美債20年,52,5,47,台新-台南,2024-10-23,8159
4908,前鼎,56,9,47,台新-台南,2024-10-23,8159
2888,新光金,44,0,44,台新-台南,2024-10-23,8159
00795B,中信美國公債20年,44,1,43,台新-台南,2024-10-23,8159
2883,凱基金,44,1,43,台新-台南,2024-10-23,8159
00919,群益台灣精選高息,52,11,41,台新-台南,2024-10-23,8159
1309,台達化,40,0,40,台新-台南,2024-10-23,8159
1584,精剛,40,2,38,台新-台南,2024-10-23,8159
2615,萬海,61,23,38,台新-台南,2024-10-23,8159
00665L,富邦�琤肭磪囓�2,41,5,36,台新-台南,2024-10-23,8159
00929,復華台灣科技優息,44,9,35,台新-台南,2024-10-23,8159
2464,盟立,59,24,35,台新-台南,2024-10-23,8159
1595,川寶,70,36,34,台新-台南,2024-10-23,8159
5876,上海商銀,32,0,32,台新-台南,2024-10-23,8159
4974,亞泰,35,3,32,台新-台南,2024-10-23,8159
2891,中信金,33,1,32,台新-台南,2024-10-23,8159
2329,華泰,76,46,30,台新-台南,2024-10-23,8159
3013,晟銘電,68,38,30,台新-台南,2024-10-23,8159
00673R,期元大S＆P原油反1,30,0,30,台新-台南,2024-10-23,8159
2369,菱生,62,38,24,台新-台南,2024-10-23,8159
00949,復華日本龍頭,24,1,23,台新-台南,2024-10-23,8159
4716,大立,36,13,23,台新-台南,2024-10-23,8159
00713,元大台灣高息低波,22,0,22,台新-台南,2024-10-23,8159
6120,達運,26,5,21,台新-台南,2024-10-23,8159
1711,永光,60,39,21,台新-台南,2024-10-23,8159
00632R,元大台灣50反1,155,0,155,台新-台南,2024-10-24,8159
00878,國泰永續高股息,165,14,151,台新-台南,2024-10-24,8159
1314,中石化,144,1,143,台新-台南,2024-10-24,8159
0056,元大高股息,181,39,142,台新-台南,2024-10-24,8159
00753L,中信中國50正2,213,80,133,台新-台南,2024-10-24,8159
2515,中工,122,8,114,台新-台南,2024-10-24,8159
4716,大立,125,30,95,台新-台南,2024-10-24,8159
00937B,群益ESG投等債20,116,22,94,台新-台南,2024-10-24,8159
1528,恩德,411,319,92,台新-台南,2024-10-24,8159
00943,兆豐電子高息等權,82,0,82,台新-台南,2024-10-24,8159
5315,光聯,72,0,72,台新-台南,2024-10-24,8159
00712,復華富時不動產,68,0,68,台新-台南,2024-10-24,8159
00929,復華台灣科技優息,153,88,65,台新-台南,2024-10-24,8159
1815,富喬,94,29,65,台新-台南,2024-10-24,8159
2388,威盛,98,39,59,台新-台南,2024-10-24,8159
2374,佳能,72,18,54,台新-台南,2024-10-24,8159
2317,鴻海,249,196,53,台新-台南,2024-10-24,8159
00887,永豐中國科技50大,65,13,52,台新-台南,2024-10-24,8159
00946,群益科技高息成長,51,0,51,台新-台南,2024-10-24,8159
00687B,國泰20年美債,55,6,49,台新-台南,2024-10-24,8159
1513,中興電,50,2,48,台新-台南,2024-10-24,8159
00948B,中信優息投資級債,47,0,47,台新-台南,2024-10-24,8159
00679B,元大美債20年,56,10,46,台新-台南,2024-10-24,8159
2382,廣達,62,20,42,台新-台南,2024-10-24,8159
00938,凱基優選30,40,0,40,台新-台南,2024-10-24,8159
2303,聯電,91,51,40,台新-台南,2024-10-24,8159
00945B,凱基美國非投等債,39,0,39,台新-台南,2024-10-24,8159
8932,智通*,39,0,39,台新-台南,2024-10-24,8159
6770,力積電,66,30,36,台新-台南,2024-10-24,8159
2486,一詮,57,23,34,台新-台南,2024-10-24,8159
1785,光洋科,55,24,31,台新-台南,2024-10-24,8159
00706L,期元大S＆P日圓正2,30,0,30,台新-台南,2024-10-24,8159
00927,群益半導體收益,29,0,29,台新-台南,2024-10-24,8159
3481,群創,68,39,29,台新-台南,2024-10-24,8159
9105,泰金寶-DR,28,0,28,台新-台南,2024-10-24,8159
3545,敦泰,27,0,27,台新-台南,2024-10-24,8159
2367,燿華,29,2,27,台新-台南,2024-10-24,8159
6509,聚和,30,3,27,台新-台南,2024-10-24,8159
2369,菱生,84,58,26,台新-台南,2024-10-24,8159
3047,訊舟,26,1,25,台新-台南,2024-10-24,8159
4306,炎洲,25,0,25,台新-台南,2024-10-24,8159
2371,大同,25,1,24,台新-台南,2024-10-24,8159
3450,聯鈞,67,44,23,台新-台南,2024-10-24,8159
00907,永豐優息存股,22,0,22,台新-台南,2024-10-24,8159
00919,群益台灣精選高息,109,88,21,台新-台南,2024-10-24,8159
2344,華邦電,23,2,21,台新-台南,2024-10-24,8159
00960,野村全球航運龍頭,20,0,20,台新-台南,2024-10-24,8159
9945,潤泰新,20,0,20,台新-台南,2024-10-24,8159
6609,瀧澤科,125,106,19,台新-台南,2024-10-24,8159
2891,中信金,30,11,19,台新-台南,2024-10-24,8159
00679B,元大美債20年,326,124,202,台新-台南,2024-10-25,8159
2303,聯電,168,4,164,台新-台南,2024-10-25,8159
2543,皇昌,179,32,147,台新-台南,2024-10-25,8159
4974,亞泰,133,13,120,台新-台南,2024-10-25,8159
2845,遠東銀,109,0,109,台新-台南,2024-10-25,8159
00715L,期街口布蘭特正2,106,0,106,台新-台南,2024-10-25,8159
2302,麗正,104,1,103,台新-台南,2024-10-25,8159
2603,長榮,101,8,93,台新-台南,2024-10-25,8159
00637L,元大滬深300正2,64,3,61,台新-台南,2024-10-25,8159
4743,合一,59,0,59,台新-台南,2024-10-25,8159
00688L,國泰20年美債正2,58,0,58,台新-台南,2024-10-25,8159
00706L,期元大S＆P日圓正2,50,0,50,台新-台南,2024-10-25,8159
6492,生華科,50,0,50,台新-台南,2024-10-25,8159
00712,復華富時不動產,47,0,47,台新-台南,2024-10-25,8159
00938,凱基優選30,42,0,42,台新-台南,2024-10-25,8159
2344,華邦電,48,7,41,台新-台南,2024-10-25,8159
00948B,中信優息投資級債,44,5,39,台新-台南,2024-10-25,8159
0056,元大高股息,38,1,37,台新-台南,2024-10-25,8159
8249,菱光,161,125,36,台新-台南,2024-10-25,8159
2464,盟立,38,2,36,台新-台南,2024-10-25,8159
5880,合庫金,29,0,29,台新-台南,2024-10-25,8159
1513,中興電,31,2,29,台新-台南,2024-10-25,8159
2867,三商壽,28,0,28,台新-台南,2024-10-25,8159
5202,力新,43,17,26,台新-台南,2024-10-25,8159
6741,91APP*-KY,26,0,26,台新-台南,2024-10-25,8159
2317,鴻海,87,62,25,台新-台南,2024-10-25,8159
5386,青雲,37,12,25,台新-台南,2024-10-25,8159
4162,智擎,25,1,24,台新-台南,2024-10-25,8159
4952,凌通,33,11,22,台新-台南,2024-10-25,8159
6231,系微,28,7,21,台新-台南,2024-10-25,8159
6919,康霈*,21,0,21,台新-台南,2024-10-25,8159
2489,瑞軒,24,3,21,台新-台南,2024-10-25,8159
00933B,國泰10Y+金融債,33,12,21,台新-台南,2024-10-25,8159
3049,精金,21,1,20,台新-台南,2024-10-25,8159
1440,南紡,20,0,20,台新-台南,2024-10-25,8159
2887,台新金,49,29,20,台新-台南,2024-10-25,8159
3615,安可,36,17,19,台新-台南,2024-10-25,8159
5425,台半,20,2,18,台新-台南,2024-10-25,8159
2399,映泰,20,2,18,台新-台南,2024-10-25,8159
1815,富喬,31,14,17,台新-台南,2024-10-25,8159
00934,中信成長高股息,20,3,17,台新-台南,2024-10-25,8159
6227,茂綸,16,0,16,台新-台南,2024-10-25,8159
4401,東隆興,16,0,16,台新-台南,2024-10-25,8159
00878,國泰永續高股息,32,16,16,台新-台南,2024-10-25,8159
2477,美隆電,17,2,15,台新-台南,2024-10-25,8159
6869,雲豹能源,16,1,15,台新-台南,2024-10-25,8159
2455,全新,25,10,15,台新-台南,2024-10-25,8159
9958,世紀鋼,14,1,13,台新-台南,2024-10-25,8159
00795B,中信美國公債20年,13,0,13,台新-台南,2024-10-25,8159
2495,普安,133,120,13,台新-台南,2024-10-25,8159
00688L,國泰20年美債正2,266,23,243,台新-台南,2024-10-28,8159
2317,鴻海,428,200,228,台新-台南,2024-10-28,8159
00690,兆豐藍籌30,210,0,210,台新-台南,2024-10-28,8159
00948B,中信優息投資級債,196,0,196,台新-台南,2024-10-28,8159
2883,凱基金,136,17,119,台新-台南,2024-10-28,8159
00937B,群益ESG投等債20,160,43,117,台新-台南,2024-10-28,8159
2646,星宇航空,200,87,113,台新-台南,2024-10-28,8159
00687B,國泰20年美債,127,30,97,台新-台南,2024-10-28,8159
00938,凱基優選30,70,0,70,台新-台南,2024-10-28,8159
00943,兆豐電子高息等權,67,0,67,台新-台南,2024-10-28,8159
00712,復華富時不動產,69,9,60,台新-台南,2024-10-28,8159
2356,英業達,60,2,58,台新-台南,2024-10-28,8159
8240,華宏,53,0,53,台新-台南,2024-10-28,8159
00919,群益台灣精選高息,53,8,45,台新-台南,2024-10-28,8159
2486,一詮,115,70,45,台新-台南,2024-10-28,8159
3013,晟銘電,86,44,42,台新-台南,2024-10-28,8159
6142,友勁,50,10,40,台新-台南,2024-10-28,8159
2867,三商壽,39,3,36,台新-台南,2024-10-28,8159
6288,聯嘉,141,105,36,台新-台南,2024-10-28,8159
2409,友達,31,1,30,台新-台南,2024-10-28,8159
8404,百和興業-KY,64,35,29,台新-台南,2024-10-28,8159
9958,世紀鋼,31,2,29,台新-台南,2024-10-28,8159
8932,智通*,26,0,26,台新-台南,2024-10-28,8159
00887,永豐中國科技50大,63,40,23,台新-台南,2024-10-28,8159
00680L,元大美債20正2,253,231,22,台新-台南,2024-10-28,8159
2543,皇昌,91,69,22,台新-台南,2024-10-28,8159
00830,國泰費城半導體,22,1,21,台新-台南,2024-10-28,8159
1309,台達化,21,0,21,台新-台南,2024-10-28,8159
00795B,中信美國公債20年,28,7,21,台新-台南,2024-10-28,8159
4106,雃博,20,0,20,台新-台南,2024-10-28,8159
2464,盟立,22,3,19,台新-台南,2024-10-28,8159
2352,佳世達,21,3,18,台新-台南,2024-10-28,8159
4401,東隆興,18,0,18,台新-台南,2024-10-28,8159
2301,光寶科,18,0,18,台新-台南,2024-10-28,8159
3615,安可,19,1,18,台新-台南,2024-10-28,8159
2887,台新金,72,55,17,台新-台南,2024-10-28,8159
00927,群益半導體收益,17,0,17,台新-台南,2024-10-28,8159
6164,華興,18,1,17,台新-台南,2024-10-28,8159
00720B,元大投資級公司債,17,1,16,台新-台南,2024-10-28,8159
00642U,期元大S＆P石油,16,0,16,台新-台南,2024-10-28,8159
00946,群益科技高息成長,16,0,16,台新-台南,2024-10-28,8159
1584,精剛,16,1,15,台新-台南,2024-10-28,8159
1568,倉佑,19,4,15,台新-台南,2024-10-28,8159
6235,華孚,102,87,15,台新-台南,2024-10-28,8159
2337,旺宏,16,1,15,台新-台南,2024-10-28,8159
3011,今皓,24,9,15,台新-台南,2024-10-28,8159
2330,台積電,35,21,14,台新-台南,2024-10-28,8159
3002,歐格,14,0,14,台新-台南,2024-10-28,8159
1609,大亞,16,2,14,台新-台南,2024-10-28,8159
3037,欣興,24,10,14,台新-台南,2024-10-28,8159
00919,群益台灣精選高息,357,13,344,台新-台南,2024-10-29,8159
00715L,期街口布蘭特正2,516,200,316,台新-台南,2024-10-29,8159
00929,復華台灣科技優息,380,67,313,台新-台南,2024-10-29,8159
2618,長榮航,317,8,309,台新-台南,2024-10-29,8159
00878,國泰永續高股息,349,42,307,台新-台南,2024-10-29,8159
00958B,永豐ESG銀行債15,211,0,211,台新-台南,2024-10-29,8159
00937B,群益ESG投等債20,221,10,211,台新-台南,2024-10-29,8159
00940,元大台灣價值高息,208,11,197,台新-台南,2024-10-29,8159
2888,新光金,171,1,170,台新-台南,2024-10-29,8159
0056,元大高股息,141,8,133,台新-台南,2024-10-29,8159
6142,友勁,140,9,131,台新-台南,2024-10-29,8159
2344,華邦電,124,3,121,台新-台南,2024-10-29,8159
4958,臻鼎-KY,135,19,116,台新-台南,2024-10-29,8159
4162,智擎,151,51,100,台新-台南,2024-10-29,8159
00943,兆豐電子高息等權,86,0,86,台新-台南,2024-10-29,8159
00946,群益科技高息成長,91,6,85,台新-台南,2024-10-29,8159
3231,緯創,109,27,82,台新-台南,2024-10-29,8159
3189,景碩,95,21,74,台新-台南,2024-10-29,8159
00712,復華富時不動產,74,6,68,台新-台南,2024-10-29,8159
00631L,元大台灣50正2,68,3,65,台新-台南,2024-10-29,8159
00934,中信成長高股息,67,3,64,台新-台南,2024-10-29,8159
2317,鴻海,425,361,64,台新-台南,2024-10-29,8159
00795B,中信美國公債20年,62,0,62,台新-台南,2024-10-29,8159
2312,金寶,343,282,61,台新-台南,2024-10-29,8159
2609,陽明,66,13,53,台新-台南,2024-10-29,8159
2382,廣達,73,20,53,台新-台南,2024-10-29,8159
2399,映泰,152,100,52,台新-台南,2024-10-29,8159
00706L,期元大S＆P日圓正2,51,0,51,台新-台南,2024-10-29,8159
2303,聯電,61,11,50,台新-台南,2024-10-29,8159
00927,群益半導體收益,46,0,46,台新-台南,2024-10-29,8159
00935,野村臺灣新科技50,41,0,41,台新-台南,2024-10-29,8159
2887,台新金,58,18,40,台新-台南,2024-10-29,8159
00918,大華優利高填息30,42,3,39,台新-台南,2024-10-29,8159
5880,合庫金,43,6,37,台新-台南,2024-10-29,8159
2646,星宇航空,119,83,36,台新-台南,2024-10-29,8159
8249,菱光,78,43,35,台新-台南,2024-10-29,8159
4961,天鈺,37,3,34,台新-台南,2024-10-29,8159
3709,鑫聯大投控,37,4,33,台新-台南,2024-10-29,8159
2867,三商壽,37,5,32,台新-台南,2024-10-29,8159
00713,元大台灣高息低波,32,1,31,台新-台南,2024-10-29,8159
2356,英業達,35,5,30,台新-台南,2024-10-29,8159
00922,國泰台灣領袖50,29,0,29,台新-台南,2024-10-29,8159
2610,華航,35,6,29,台新-台南,2024-10-29,8159
1513,中興電,36,10,26,台新-台南,2024-10-29,8159
6505,台塑化,26,0,26,台新-台南,2024-10-29,8159
00948B,中信優息投資級債,26,0,26,台新-台南,2024-10-29,8159
2495,普安,116,91,25,台新-台南,2024-10-29,8159
3363,上詮,40,15,25,台新-台南,2024-10-29,8159
0050,元大台灣50,26,3,23,台新-台南,2024-10-29,8159
1326,台化,23,0,23,台新-台南,2024-10-29,8159
00679B,元大美債20年,324,5,319,台新-台南,2024-10-30,8159
3481,群創,266,60,206,台新-台南,2024-10-30,8159
2317,鴻海,405,260,145,台新-台南,2024-10-30,8159
00919,群益台灣精選高息,147,3,144,台新-台南,2024-10-30,8159
8044,網家,276,164,112,台新-台南,2024-10-30,8159
00959B,大華投等美債15Y+,101,0,101,台新-台南,2024-10-30,8159
00712,復華富時不動產,108,10,98,台新-台南,2024-10-30,8159
00929,復華台灣科技優息,108,12,96,台新-台南,2024-10-30,8159
2337,旺宏,99,13,86,台新-台南,2024-10-30,8159
00753L,中信中國50正2,103,24,79,台新-台南,2024-10-30,8159
00680L,元大美債20正2,78,5,73,台新-台南,2024-10-30,8159
2887,台新金,69,1,68,台新-台南,2024-10-30,8159
0056,元大高股息,72,5,67,台新-台南,2024-10-30,8159
00715L,期街口布蘭特正2,66,0,66,台新-台南,2024-10-30,8159
8064,東捷,77,14,63,台新-台南,2024-10-30,8159
2888,新光金,80,18,62,台新-台南,2024-10-30,8159
00878,國泰永續高股息,66,10,56,台新-台南,2024-10-30,8159
4919,新唐,263,208,55,台新-台南,2024-10-30,8159
2431,聯昌,53,3,50,台新-台南,2024-10-30,8159
00687B,國泰20年美債,51,2,49,台新-台南,2024-10-30,8159
2344,華邦電,52,6,46,台新-台南,2024-10-30,8159
6133,金橋,101,59,42,台新-台南,2024-10-30,8159
6156,松上,53,12,41,台新-台南,2024-10-30,8159
00940,元大台灣價值高息,65,29,36,台新-台南,2024-10-30,8159
2101,南港,36,0,36,台新-台南,2024-10-30,8159
2477,美隆電,102,67,35,台新-台南,2024-10-30,8159
2618,長榮航,41,7,34,台新-台南,2024-10-30,8159
3518,柏騰,34,2,32,台新-台南,2024-10-30,8159
00882,中信中國高股息,31,0,31,台新-台南,2024-10-30,8159
3709,鑫聯大投控,34,4,30,台新-台南,2024-10-30,8159
6265,方土昶,30,0,30,台新-台南,2024-10-30,8159
00922,國泰台灣領袖50,30,0,30,台新-台南,2024-10-30,8159
5438,東友,38,10,28,台新-台南,2024-10-30,8159
1815,富喬,30,2,28,台新-台南,2024-10-30,8159
00946,群益科技高息成長,34,6,28,台新-台南,2024-10-30,8159
00905,FT臺灣Smart,27,0,27,台新-台南,2024-10-30,8159
00932,兆豐永續高息等權,27,0,27,台新-台南,2024-10-30,8159
2409,友達,28,1,27,台新-台南,2024-10-30,8159
00948B,中信優息投資級債,27,0,27,台新-台南,2024-10-30,8159
1314,中石化,28,2,26,台新-台南,2024-10-30,8159
3062,建漢,50,25,25,台新-台南,2024-10-30,8159
00918,大華優利高填息30,24,0,24,台新-台南,2024-10-30,8159
00637L,元大滬深300正2,52,28,24,台新-台南,2024-10-30,8159
00934,中信成長高股息,21,1,20,台新-台南,2024-10-30,8159
8249,菱光,43,23,20,台新-台南,2024-10-30,8159
2303,聯電,39,20,19,台新-台南,2024-10-30,8159
00650L,復華香港正2,20,1,19,台新-台南,2024-10-30,8159
00887,永豐中國科技50大,35,16,19,台新-台南,2024-10-30,8159
1449,佳和,27,8,19,台新-台南,2024-10-30,8159
2313,華通,26,8,18,台新-台南,2024-10-30,8159
00878,國泰永續高股息,305,63,242,台新-台南,2024-11-01,8159
00919,群益台灣精選高息,267,46,221,台新-台南,2024-11-01,8159
00929,復華台灣科技優息,215,16,199,台新-台南,2024-11-01,8159
2303,聯電,150,31,119,台新-台南,2024-11-01,8159
00937B,群益ESG投等債20,92,7,85,台新-台南,2024-11-01,8159
0056,元大高股息,109,29,80,台新-台南,2024-11-01,8159
00940,元大台灣價值高息,139,69,70,台新-台南,2024-11-01,8159
00712,復華富時不動產,62,0,62,台新-台南,2024-11-01,8159
2354,鴻準,337,276,61,台新-台南,2024-11-01,8159
00632R,元大台灣50反1,78,21,57,台新-台南,2024-11-01,8159
2317,鴻海,199,143,56,台新-台南,2024-11-01,8159
00720B,元大投資級公司債,55,3,52,台新-台南,2024-11-01,8159
1595,川寶,67,21,46,台新-台南,2024-11-01,8159
2887,台新金,76,30,46,台新-台南,2024-11-01,8159
2891,中信金,47,4,43,台新-台南,2024-11-01,8159
2409,友達,48,6,42,台新-台南,2024-11-01,8159
8249,菱光,55,16,39,台新-台南,2024-11-01,8159
6248,沛波,41,2,39,台新-台南,2024-11-01,8159
00927,群益半導體收益,41,3,38,台新-台南,2024-11-01,8159
5880,合庫金,36,0,36,台新-台南,2024-11-01,8159
00951,台新日本半導體,33,0,33,台新-台南,2024-11-01,8159
2867,三商壽,39,7,32,台新-台南,2024-11-01,8159
3062,建漢,44,13,31,台新-台南,2024-11-01,8159
00673R,期元大S＆P原油反1,29,0,29,台新-台南,2024-11-01,8159
2337,旺宏,41,12,29,台新-台南,2024-11-01,8159
00915,凱基優選高股息30,29,1,28,台新-台南,2024-11-01,8159
00679B,元大美債20年,40,12,28,台新-台南,2024-11-01,8159
00830,國泰費城半導體,27,0,27,台新-台南,2024-11-01,8159
00713,元大台灣高息低波,27,1,26,台新-台南,2024-11-01,8159
8404,百和興業-KY,27,2,25,台新-台南,2024-11-01,8159
4958,臻鼎-KY,24,2,22,台新-台南,2024-11-01,8159
2330,台積電,30,8,22,台新-台南,2024-11-01,8159
3686,達能,23,1,22,台新-台南,2024-11-01,8159
0050,元大台灣50,30,9,21,台新-台南,2024-11-01,8159
3013,晟銘電,76,55,21,台新-台南,2024-11-01,8159
00852L,國泰美國道瓊正2,21,0,21,台新-台南,2024-11-01,8159
00935,野村臺灣新科技50,22,2,20,台新-台南,2024-11-01,8159
1802,台玻,26,6,20,台新-台南,2024-11-01,8159
1785,光洋科,36,18,18,台新-台南,2024-11-01,8159
006208,富邦台50,26,8,18,台新-台南,2024-11-01,8159
00948B,中信優息投資級債,38,20,18,台新-台南,2024-11-01,8159
00770,國泰北美科技,18,0,18,台新-台南,2024-11-01,8159
2353,宏��,19,2,17,台新-台南,2024-11-01,8159
8176,智捷,17,0,17,台新-台南,2024-11-01,8159
3711,日月光投控,33,16,17,台新-台南,2024-11-01,8159
00665L,富邦�琤肭磪囓�2,26,10,16,台新-台南,2024-11-01,8159
00938,凱基優選30,16,0,16,台新-台南,2024-11-01,8159
5386,青雲,18,2,16,台新-台南,2024-11-01,8159
3715,定穎投控,16,0,16,台新-台南,2024-11-01,8159
8183,精星,15,0,15,台新-台南,2024-11-01,8159
00937B,群益ESG投等債20,367,32,335,台新-台南,2024-11-04,8159
00948B,中信優息投資級債,454,230,224,台新-台南,2024-11-04,8159
00712,復華富時不動產,202,0,202,台新-台南,2024-11-04,8159
00878,國泰永續高股息,217,18,199,台新-台南,2024-11-04,8159
4162,智擎,225,60,165,台新-台南,2024-11-04,8159
00919,群益台灣精選高息,170,44,126,台新-台南,2024-11-04,8159
00679B,元大美債20年,111,3,108,台新-台南,2024-11-04,8159
1815,富喬,125,19,106,台新-台南,2024-11-04,8159
00959B,大華投等美債15Y+,72,0,72,台新-台南,2024-11-04,8159
00932,兆豐永續高息等權,70,0,70,台新-台南,2024-11-04,8159
00680L,元大美債20正2,89,20,69,台新-台南,2024-11-04,8159
2303,聯電,66,6,60,台新-台南,2024-11-04,8159
2356,英業達,64,4,60,台新-台南,2024-11-04,8159
2371,大同,82,24,58,台新-台南,2024-11-04,8159
3060,銘異,43,0,43,台新-台南,2024-11-04,8159
00687B,國泰20年美債,154,112,42,台新-台南,2024-11-04,8159
00930,永豐ESG低碳高息,38,0,38,台新-台南,2024-11-04,8159
00942B,台新美A公司債20+,38,0,38,台新-台南,2024-11-04,8159
00795B,中信美國公債20年,35,0,35,台新-台南,2024-11-04,8159
5905,南仁湖,33,0,33,台新-台南,2024-11-04,8159
3189,景碩,36,4,32,台新-台南,2024-11-04,8159
2609,陽明,91,60,31,台新-台南,2024-11-04,8159
2409,友達,29,0,29,台新-台南,2024-11-04,8159
00887,永豐中國科技50大,29,0,29,台新-台南,2024-11-04,8159
00915,凱基優選高股息30,28,1,27,台新-台南,2024-11-04,8159
2887,台新金,33,6,27,台新-台南,2024-11-04,8159
2337,旺宏,31,4,27,台新-台南,2024-11-04,8159
00637L,元大滬深300正2,34,8,26,台新-台南,2024-11-04,8159
6133,金橋,81,57,24,台新-台南,2024-11-04,8159
00688L,國泰20年美債正2,24,0,24,台新-台南,2024-11-04,8159
2347,聯強,24,1,23,台新-台南,2024-11-04,8159
6425,易發,23,1,22,台新-台南,2024-11-04,8159
00953B,群益優選非投等債,31,10,21,台新-台南,2024-11-04,8159
3709,鑫聯大投控,26,5,21,台新-台南,2024-11-04,8159
00713,元大台灣高息低波,21,0,21,台新-台南,2024-11-04,8159
6844,諾貝兒,21,0,21,台新-台南,2024-11-04,8159
3005,神基,21,0,21,台新-台南,2024-11-04,8159
00945B,凱基美國非投等債,20,0,20,台新-台南,2024-11-04,8159
3711,日月光投控,24,4,20,台新-台南,2024-11-04,8159
2020,美亞,20,0,20,台新-台南,2024-11-04,8159
6197,佳必琪,26,7,19,台新-台南,2024-11-04,8159
2515,中工,19,0,19,台新-台南,2024-11-04,8159
6108,競國,20,2,18,台新-台南,2024-11-04,8159
4552,力達-KY,18,0,18,台新-台南,2024-11-04,8159
5876,上海商銀,17,0,17,台新-台南,2024-11-04,8159
6451,訊芯-KY,20,3,17,台新-台南,2024-11-04,8159
1307,三芳,42,25,17,台新-台南,2024-11-04,8159
00706L,期元大S＆P日圓正2,16,0,16,台新-台南,2024-11-04,8159
00725B,國泰投資級公司債,16,0,16,台新-台南,2024-11-04,8159
00934,中信成長高股息,15,0,15,台新-台南,2024-11-04,8159
00919,群益台灣精選高息,190,13,177,台新-台南,2024-11-05,8159
00959B,大華投等美債15Y+,109,0,109,台新-台南,2024-11-05,8159
2610,華航,100,5,95,台新-台南,2024-11-05,8159
00680L,元大美債20正2,153,84,69,台新-台南,2024-11-05,8159
00688L,國泰20年美債正2,111,51,60,台新-台南,2024-11-05,8159
00712,復華富時不動產,52,0,52,台新-台南,2024-11-05,8159
2344,華邦電,55,8,47,台新-台南,2024-11-05,8159
3490,單井,65,18,47,台新-台南,2024-11-05,8159
00632R,元大台灣50反1,60,15,45,台新-台南,2024-11-05,8159
00637L,元大滬深300正2,154,109,45,台新-台南,2024-11-05,8159
2369,菱生,62,17,45,台新-台南,2024-11-05,8159
00937B,群益ESG投等債20,43,3,40,台新-台南,2024-11-05,8159
00948B,中信優息投資級債,35,0,35,台新-台南,2024-11-05,8159
2397,友通,36,2,34,台新-台南,2024-11-05,8159
6108,競國,32,0,32,台新-台南,2024-11-05,8159
1711,永光,32,1,31,台新-台南,2024-11-05,8159
2362,藍天,72,43,29,台新-台南,2024-11-05,8159
2880,華南金,26,0,26,台新-台南,2024-11-05,8159
0056,元大高股息,32,7,25,台新-台南,2024-11-05,8159
6530,創威,74,51,23,台新-台南,2024-11-05,8159
00673R,期元大S＆P原油反1,23,0,23,台新-台南,2024-11-05,8159
3033,威健,23,1,22,台新-台南,2024-11-05,8159
1449,佳和,24,2,22,台新-台南,2024-11-05,8159
00945B,凱基美國非投等債,20,0,20,台新-台南,2024-11-05,8159
9906,欣巴巴,20,0,20,台新-台南,2024-11-05,8159
8107,大億金茂,27,8,19,台新-台南,2024-11-05,8159
6770,力積電,27,10,17,台新-台南,2024-11-05,8159
1595,川寶,39,23,16,台新-台南,2024-11-05,8159
2439,美律,15,0,15,台新-台南,2024-11-05,8159
6425,易發,16,1,15,台新-台南,2024-11-05,8159
3047,訊舟,33,18,15,台新-台南,2024-11-05,8159
2834,臺企銀,14,0,14,台新-台南,2024-11-05,8159
4903,聯光通,82,68,14,台新-台南,2024-11-05,8159
5876,上海商銀,13,0,13,台新-台南,2024-11-05,8159
00930,永豐ESG低碳高息,13,0,13,台新-台南,2024-11-05,8159
2402,毅嘉,14,1,13,台新-台南,2024-11-05,8159
3711,日月光投控,18,6,12,台新-台南,2024-11-05,8159
00943,兆豐電子高息等權,13,0,13,台新-台南,2024-11-05,8159
00891,中信關鍵半導體,13,0,13,台新-台南,2024-11-05,8159
2354,鴻準,254,241,13,台新-台南,2024-11-05,8159
3013,晟銘電,95,83,12,台新-台南,2024-11-05,8159
2537,聯上發,12,0,12,台新-台南,2024-11-05,8159
6689,伊雲谷,12,0,12,台新-台南,2024-11-05,8159
00900,富邦特選高股息30,12,0,12,台新-台南,2024-11-05,8159
1605,華新,12,1,11,台新-台南,2024-11-05,8159
2543,皇昌,14,3,11,台新-台南,2024-11-05,8159
2317,鴻海,166,155,11,台新-台南,2024-11-05,8159
2464,盟立,26,15,11,台新-台南,2024-11-05,8159
00676R,富邦臺灣加權反1,11,0,11,台新-台南,2024-11-05,8159
6142,友勁,11,0,11,台新-台南,2024-11-05,8159
00680L,元大美債20正2,524,87,437,台新-台南,2024-11-06,8159
00679B,元大美債20年,320,47,273,台新-台南,2024-11-06,8159
00687B,國泰20年美債,288,46,242,台新-台南,2024-11-06,8159
00937B,群益ESG投等債20,177,32,145,台新-台南,2024-11-06,8159
2887,台新金,150,24,126,台新-台南,2024-11-06,8159
4162,智擎,120,1,119,台新-台南,2024-11-06,8159
00688L,國泰20年美債正2,122,5,117,台新-台南,2024-11-06,8159
2615,萬海,140,37,103,台新-台南,2024-11-06,8159
2303,聯電,128,37,91,台新-台南,2024-11-06,8159
4526,東台,101,17,84,台新-台南,2024-11-06,8159
00753L,中信中國50正2,119,63,56,台新-台南,2024-11-06,8159
00948B,中信優息投資級債,55,0,55,台新-台南,2024-11-06,8159
00673R,期元大S＆P原油反1,52,0,52,台新-台南,2024-11-06,8159
00950B,凱基A級公司債,68,16,52,台新-台南,2024-11-06,8159
00795B,中信美國公債20年,52,0,52,台新-台南,2024-11-06,8159
2353,宏��,68,19,49,台新-台南,2024-11-06,8159
3149,正達,141,102,39,台新-台南,2024-11-06,8159
6757,台灣虎航,33,1,32,台新-台南,2024-11-06,8159
2543,皇昌,31,0,31,台新-台南,2024-11-06,8159
6164,華興,30,0,30,台新-台南,2024-11-06,8159
3481,群創,37,7,30,台新-台南,2024-11-06,8159
5315,光聯,29,2,27,台新-台南,2024-11-06,8159
2609,陽明,65,39,26,台新-台南,2024-11-06,8159
8404,百和興業-KY,24,0,24,台新-台南,2024-11-06,8159
2892,第一金,22,0,22,台新-台南,2024-11-06,8159
8150,南茂,21,0,21,台新-台南,2024-11-06,8159
00933B,國泰10Y+金融債,27,6,21,台新-台南,2024-11-06,8159
9906,欣巴巴,20,0,20,台新-台南,2024-11-06,8159
6265,方土昶,20,0,20,台新-台南,2024-11-06,8159
00946,群益科技高息成長,19,0,19,台新-台南,2024-11-06,8159
2356,英業達,235,217,18,台新-台南,2024-11-06,8159
5225,東科-KY,23,5,18,台新-台南,2024-11-06,8159
00713,元大台灣高息低波,19,2,17,台新-台南,2024-11-06,8159
00637L,元大滬深300正2,26,9,17,台新-台南,2024-11-06,8159
00751B,元大AAA至A公司債,20,4,16,台新-台南,2024-11-06,8159
3163,波若威,17,1,16,台新-台南,2024-11-06,8159
1528,恩德,31,15,16,台新-台南,2024-11-06,8159
2889,國票金,15,0,15,台新-台南,2024-11-06,8159
00915,凱基優選高股息30,15,0,15,台新-台南,2024-11-06,8159
3706,神達,17,3,14,台新-台南,2024-11-06,8159
0050,元大台灣50,30,16,14,台新-台南,2024-11-06,8159
5483,中美晶,14,1,13,台新-台南,2024-11-06,8159
0056,元大高股息,32,19,13,台新-台南,2024-11-06,8159
2382,廣達,20,8,12,台新-台南,2024-11-06,8159
3025,星通,25,14,11,台新-台南,2024-11-06,8159
1909,榮成,11,0,11,台新-台南,2024-11-06,8159
3581,博磊,18,7,11,台新-台南,2024-11-06,8159
4561,健椿,21,10,11,台新-台南,2024-11-06,8159
5871,中租-KY,11,0,11,台新-台南,2024-11-06,8159
2351,順德,21,11,10,台新-台南,2024-11-06,8159
00688L,國泰20年美債正2,402,0,402,台新-台南,2024-11-07,8159
2324,仁寶,324,115,209,台新-台南,2024-11-07,8159
00887,永豐中國科技50大,226,47,179,台新-台南,2024-11-07,8159
2887,台新金,112,3,109,台新-台南,2024-11-07,8159
2634,漢翔,112,11,101,台新-台南,2024-11-07,8159
1789,神隆,100,0,100,台新-台南,2024-11-07,8159
9105,泰金寶-DR,353,270,83,台新-台南,2024-11-07,8159
3706,神達,167,100,67,台新-台南,2024-11-07,8159
00937B,群益ESG投等債20,64,12,52,台新-台南,2024-11-07,8159
00632R,元大台灣50反1,50,0,50,台新-台南,2024-11-07,8159
00948B,中信優息投資級債,45,0,45,台新-台南,2024-11-07,8159
00676R,富邦臺灣加權反1,44,0,44,台新-台南,2024-11-07,8159
00919,群益台灣精選高息,47,6,41,台新-台南,2024-11-07,8159
6770,力積電,115,74,41,台新-台南,2024-11-07,8159
8249,菱光,61,21,40,台新-台南,2024-11-07,8159
2317,鴻海,173,134,39,台新-台南,2024-11-07,8159
6167,久正,38,0,38,台新-台南,2024-11-07,8159
2312,金寶,281,243,38,台新-台南,2024-11-07,8159
00930,永豐ESG低碳高息,32,0,32,台新-台南,2024-11-07,8159
00795B,中信美國公債20年,31,0,31,台新-台南,2024-11-07,8159
5460,同協,31,1,30,台新-台南,2024-11-07,8159
2646,星宇航空,45,15,30,台新-台南,2024-11-07,8159
1603,華電,24,0,24,台新-台南,2024-11-07,8159
6288,聯嘉,84,61,23,台新-台南,2024-11-07,8159
6869,雲豹能源,35,13,22,台新-台南,2024-11-07,8159
00933B,國泰10Y+金融債,22,2,20,台新-台南,2024-11-07,8159
3313,斐成,20,0,20,台新-台南,2024-11-07,8159
00713,元大台灣高息低波,21,1,20,台新-台南,2024-11-07,8159
2464,盟立,32,13,19,台新-台南,2024-11-07,8159
00712,復華富時不動產,19,0,19,台新-台南,2024-11-07,8159
6190,萬泰科,38,20,18,台新-台南,2024-11-07,8159
2892,第一金,18,0,18,台新-台南,2024-11-07,8159
00706L,期元大S＆P日圓正2,17,0,17,台新-台南,2024-11-07,8159
6742,澤米,18,2,16,台新-台南,2024-11-07,8159
2474,可成,15,0,15,台新-台南,2024-11-07,8159
2345,智邦,17,2,15,台新-台南,2024-11-07,8159
2609,陽明,49,34,15,台新-台南,2024-11-07,8159
00772B,中信高評級公司債,15,0,15,台新-台南,2024-11-07,8159
00915,凱基優選高股息30,15,1,14,台新-台南,2024-11-07,8159
00850,元大臺灣ESG永續,15,1,14,台新-台南,2024-11-07,8159
3066,李洲,14,0,14,台新-台南,2024-11-07,8159
2014,中鴻,212,198,14,台新-台南,2024-11-07,8159
8028,昇陽半導體,33,19,14,台新-台南,2024-11-07,8159
2834,臺企銀,19,6,13,台新-台南,2024-11-07,8159
00951,台新日本半導體,33,20,13,台新-台南,2024-11-07,8159
4541,晟田,13,0,13,台新-台南,2024-11-07,8159
2455,全新,13,0,13,台新-台南,2024-11-07,8159
00757,統一FANG+,12,0,12,台新-台南,2024-11-07,8159
2633,台灣高鐵,12,0,12,台新-台南,2024-11-07,8159
00673R,期元大S＆P原油反1,12,0,12,台新-台南,2024-11-07,8159
3037,欣興,250,28,222,台新-台南,2024-11-08,8159
00878,國泰永續高股息,215,39,176,台新-台南,2024-11-08,8159
4714,永捷,172,45,127,台新-台南,2024-11-08,8159
2489,瑞軒,111,3,108,台新-台南,2024-11-08,8159
2323,中環,108,4,104,台新-台南,2024-11-08,8159
00637L,元大滬深300正2,140,37,103,台新-台南,2024-11-08,8159
6505,台塑化,99,10,89,台新-台南,2024-11-08,8159
2392,正崴,177,99,78,台新-台南,2024-11-08,8159
3062,建漢,419,341,78,台新-台南,2024-11-08,8159
2303,聯電,102,39,63,台新-台南,2024-11-08,8159
5013,強新,60,0,60,台新-台南,2024-11-08,8159
3013,晟銘電,89,30,59,台新-台南,2024-11-08,8159
1815,富喬,74,17,57,台新-台南,2024-11-08,8159
3189,景碩,59,2,57,台新-台南,2024-11-08,8159
3030,德律,60,7,53,台新-台南,2024-11-08,8159
2634,漢翔,52,0,52,台新-台南,2024-11-08,8159
2353,宏��,55,3,52,台新-台南,2024-11-08,8159
00945B,凱基美國非投等債,51,0,51,台新-台南,2024-11-08,8159
1809,中釉,50,0,50,台新-台南,2024-11-08,8159
1309,台達化,46,3,43,台新-台南,2024-11-08,8159
9105,泰金寶-DR,150,109,41,台新-台南,2024-11-08,8159
00713,元大台灣高息低波,42,2,40,台新-台南,2024-11-08,8159
2313,華通,59,20,39,台新-台南,2024-11-08,8159
00632R,元大台灣50反1,76,37,39,台新-台南,2024-11-08,8159
00929,復華台灣科技優息,99,60,39,台新-台南,2024-11-08,8159
2613,中櫃,68,30,38,台新-台南,2024-11-08,8159
2363,矽統,55,20,35,台新-台南,2024-11-08,8159
3481,群創,68,34,34,台新-台南,2024-11-08,8159
00864B,中信美國公債0-1,31,0,31,台新-台南,2024-11-08,8159
8111,立��,55,25,30,台新-台南,2024-11-08,8159
2892,第一金,29,0,29,台新-台南,2024-11-08,8159
2515,中工,50,21,29,台新-台南,2024-11-08,8159
2409,友達,28,0,28,台新-台南,2024-11-08,8159
3167,大量,49,21,28,台新-台南,2024-11-08,8159
00951,台新日本半導體,26,0,26,台新-台南,2024-11-08,8159
2610,華航,120,96,24,台新-台南,2024-11-08,8159
2388,威盛,39,15,24,台新-台南,2024-11-08,8159
2867,三商壽,29,6,23,台新-台南,2024-11-08,8159
6269,台郡,22,0,22,台新-台南,2024-11-08,8159
2368,金像電,31,10,21,台新-台南,2024-11-08,8159
00933B,國泰10Y+金融債,31,10,21,台新-台南,2024-11-08,8159
1471,首利,25,4,21,台新-台南,2024-11-08,8159
1612,宏泰,21,1,20,台新-台南,2024-11-08,8159
1789,神隆,21,1,20,台新-台南,2024-11-08,8159
2101,南港,21,1,20,台新-台南,2024-11-08,8159
2497,怡利電,33,13,20,台新-台南,2024-11-08,8159
2014,中鴻,22,2,20,台新-台南,2024-11-08,8159
5328,華容,19,0,19,台新-台南,2024-11-08,8159
1304,台聚,20,1,19,台新-台南,2024-11-08,8159
2328,廣宇,30,12,18,台新-台南,2024-11-08,8159
00878,國泰永續高股息,271,4,267,台新-台南,2024-11-11,8159
00948B,中信優息投資級債,193,0,193,台新-台南,2024-11-11,8159
2312,金寶,171,54,117,台新-台南,2024-11-11,8159
00887,永豐中國科技50大,164,56,108,台新-台南,2024-11-11,8159
00953B,群益優選非投等債,101,0,101,台新-台南,2024-11-11,8159
6257,矽格,101,1,100,台新-台南,2024-11-11,8159
2317,鴻海,169,74,95,台新-台南,2024-11-11,8159
00715L,期街口布蘭特正2,87,2,85,台新-台南,2024-11-11,8159
00945B,凱基美國非投等債,101,24,77,台新-台南,2024-11-11,8159
00919,群益台灣精選高息,97,39,58,台新-台南,2024-11-11,8159
2497,怡利電,51,1,50,台新-台南,2024-11-11,8159
1605,華新,78,33,45,台新-台南,2024-11-11,8159
8936,國統,42,0,42,台新-台南,2024-11-11,8159
1309,台達化,46,5,41,台新-台南,2024-11-11,8159
2455,全新,47,7,40,台新-台南,2024-11-11,8159
5880,合庫金,38,0,38,台新-台南,2024-11-11,8159
2609,陽明,53,16,37,台新-台南,2024-11-11,8159
1301,台塑,33,1,32,台新-台南,2024-11-11,8159
2354,鴻準,83,51,32,台新-台南,2024-11-11,8159
2915,潤泰全,33,1,32,台新-台南,2024-11-11,8159
2324,仁寶,60,28,32,台新-台南,2024-11-11,8159
2887,台新金,37,6,31,台新-台南,2024-11-11,8159
6108,競國,38,8,30,台新-台南,2024-11-11,8159
1777,生泰,28,0,28,台新-台南,2024-11-11,8159
2337,旺宏,64,37,27,台新-台南,2024-11-11,8159
3284,太普高,26,0,26,台新-台南,2024-11-11,8159
00830,國泰費城半導體,36,10,26,台新-台南,2024-11-11,8159
00930,永豐ESG低碳高息,24,0,24,台新-台南,2024-11-11,8159
00713,元大台灣高息低波,25,2,23,台新-台南,2024-11-11,8159
00915,凱基優選高股息30,24,0,24,台新-台南,2024-11-11,8159
6269,台郡,23,1,22,台新-台南,2024-11-11,8159
2344,華邦電,31,9,22,台新-台南,2024-11-11,8159
2615,萬海,101,79,22,台新-台南,2024-11-11,8159
4906,正文,22,0,22,台新-台南,2024-11-11,8159
00932,兆豐永續高息等權,23,1,22,台新-台南,2024-11-11,8159
8409,商之器,22,0,22,台新-台南,2024-11-11,8159
2388,威盛,28,8,20,台新-台南,2024-11-11,8159
2409,友達,21,1,20,台新-台南,2024-11-11,8159
1815,富喬,53,33,20,台新-台南,2024-11-11,8159
3515,華擎,26,6,20,台新-台南,2024-11-11,8159
1308,亞聚,20,0,20,台新-台南,2024-11-11,8159
1402,遠東新,20,0,20,台新-台南,2024-11-11,8159
3615,安可,22,2,20,台新-台南,2024-11-11,8159
3450,聯鈞,54,35,19,台新-台南,2024-11-11,8159
00940,元大台灣價值高息,32,13,19,台新-台南,2024-11-11,8159
8107,大億金茂,23,4,19,台新-台南,2024-11-11,8159
4909,新復興,17,0,17,台新-台南,2024-11-11,8159
1326,台化,17,0,17,台新-台南,2024-11-11,8159
2303,聯電,51,34,17,台新-台南,2024-11-11,8159
6763,綠界科技*,30,14,16,台新-台南,2024-11-11,8159
00878,國泰永續高股息,669,28,641,台新-台南,2024-11-12,8159
00715L,期街口布蘭特正2,366,0,366,台新-台南,2024-11-12,8159
00753L,中信中國50正2,235,30,205,台新-台南,2024-11-12,8159
0056,元大高股息,208,5,203,台新-台南,2024-11-12,8159
2887,台新金,143,1,142,台新-台南,2024-11-12,8159
00919,群益台灣精選高息,145,6,139,台新-台南,2024-11-12,8159
2356,英業達,159,38,121,台新-台南,2024-11-12,8159
2883,凱基金,117,11,106,台新-台南,2024-11-12,8159
2354,鴻準,173,70,103,台新-台南,2024-11-12,8159
6257,矽格,107,5,102,台新-台南,2024-11-12,8159
00915,凱基優選高股息30,102,1,101,台新-台南,2024-11-12,8159
2388,威盛,89,8,81,台新-台南,2024-11-12,8159
2610,華航,104,25,79,台新-台南,2024-11-12,8159
2344,華邦電,76,1,75,台新-台南,2024-11-12,8159
5488,松普,79,10,69,台新-台南,2024-11-12,8159
00922,國泰台灣領袖50,68,0,68,台新-台南,2024-11-12,8159
00940,元大台灣價值高息,64,4,60,台新-台南,2024-11-12,8159
00929,復華台灣科技優息,150,90,60,台新-台南,2024-11-12,8159
00713,元大台灣高息低波,54,0,54,台新-台南,2024-11-12,8159
2867,三商壽,50,0,50,台新-台南,2024-11-12,8159
00950B,凱基A級公司債,50,0,50,台新-台南,2024-11-12,8159
2317,鴻海,151,103,48,台新-台南,2024-11-12,8159
2801,彰銀,45,0,45,台新-台南,2024-11-12,8159
9105,泰金寶-DR,145,104,41,台新-台南,2024-11-12,8159
00637L,元大滬深300正2,109,69,40,台新-台南,2024-11-12,8159
3494,誠研,40,0,40,台新-台南,2024-11-12,8159
5014,建錩,43,3,40,台新-台南,2024-11-12,8159
3167,大量,72,33,39,台新-台南,2024-11-12,8159
2002,中鋼,43,4,39,台新-台南,2024-11-12,8159
00943,兆豐電子高息等權,38,0,38,台新-台南,2024-11-12,8159
2330,台積電,95,57,38,台新-台南,2024-11-12,8159
00900,富邦特選高股息30,43,6,37,台新-台南,2024-11-12,8159
006208,富邦台50,46,11,35,台新-台南,2024-11-12,8159
2382,廣達,45,10,35,台新-台南,2024-11-12,8159
1314,中石化,47,13,34,台新-台南,2024-11-12,8159
2489,瑞軒,33,1,32,台新-台南,2024-11-12,8159
8088,品安,32,0,32,台新-台南,2024-11-12,8159
1612,宏泰,32,0,32,台新-台南,2024-11-12,8159
4974,亞泰,200,168,32,台新-台南,2024-11-12,8159
2615,萬海,127,95,32,台新-台南,2024-11-12,8159
3189,景碩,32,1,31,台新-台南,2024-11-12,8159
3552,同致,32,1,31,台新-台南,2024-11-12,8159
3512,皇龍,30,0,30,台新-台南,2024-11-12,8159
1440,南紡,30,0,30,台新-台南,2024-11-12,8159
5871,中租-KY,49,20,29,台新-台南,2024-11-12,8159
2353,宏��,38,9,29,台新-台南,2024-11-12,8159
8150,南茂,31,2,29,台新-台南,2024-11-12,8159
00712,復華富時不動產,113,85,28,台新-台南,2024-11-12,8159
1301,台塑,29,1,28,台新-台南,2024-11-12,8159
5315,光聯,28,0,28,台新-台南,2024-11-12,8159
00878,國泰永續高股息,391,8,383,台新-台南,2024-11-13,8159
00688L,國泰20年美債正2,362,9,353,台新-台南,2024-11-13,8159
00679B,元大美債20年,176,0,176,台新-台南,2024-11-13,8159
00680L,元大美債20正2,256,81,175,台新-台南,2024-11-13,8159
00687B,國泰20年美債,97,0,97,台新-台南,2024-11-13,8159
2834,臺企銀,93,2,91,台新-台南,2024-11-13,8159
6770,力積電,105,16,89,台新-台南,2024-11-13,8159
00953B,群益優選非投等債,88,0,88,台新-台南,2024-11-13,8159
2344,華邦電,92,13,79,台新-台南,2024-11-13,8159
00919,群益台灣精選高息,86,12,74,台新-台南,2024-11-13,8159
00905,FT臺灣Smart,72,3,69,台新-台南,2024-11-13,8159
00937B,群益ESG投等債20,82,24,58,台新-台南,2024-11-13,8159
2609,陽明,67,15,52,台新-台南,2024-11-13,8159
2388,威盛,51,0,51,台新-台南,2024-11-13,8159
2324,仁寶,132,82,50,台新-台南,2024-11-13,8159
00945B,凱基美國非投等債,50,2,48,台新-台南,2024-11-13,8159
00948B,中信優息投資級債,47,0,47,台新-台南,2024-11-13,8159
8150,南茂,47,0,47,台新-台南,2024-11-13,8159
1336,台翰,47,0,47,台新-台南,2024-11-13,8159
00715L,期街口布蘭特正2,68,21,47,台新-台南,2024-11-13,8159
2317,鴻海,97,50,47,台新-台南,2024-11-13,8159
2489,瑞軒,54,8,46,台新-台南,2024-11-13,8159
1513,中興電,44,2,42,台新-台南,2024-11-13,8159
2392,正崴,104,64,40,台新-台南,2024-11-13,8159
0056,元大高股息,45,6,39,台新-台南,2024-11-13,8159
006208,富邦台50,38,0,38,台新-台南,2024-11-13,8159
3706,神達,361,325,36,台新-台南,2024-11-13,8159
2891,中信金,44,9,35,台新-台南,2024-11-13,8159
00713,元大台灣高息低波,34,1,33,台新-台南,2024-11-13,8159
00932,兆豐永續高息等權,33,0,33,台新-台南,2024-11-13,8159
8107,大億金茂,39,8,31,台新-台南,2024-11-13,8159
4714,永捷,33,2,31,台新-台南,2024-11-13,8159
1731,美吾華,31,0,31,台新-台南,2024-11-13,8159
2543,皇昌,42,12,30,台新-台南,2024-11-13,8159
1612,宏泰,30,0,30,台新-台南,2024-11-13,8159
2330,台積電,33,5,28,台新-台南,2024-11-13,8159
00712,復華富時不動產,26,0,26,台新-台南,2024-11-13,8159
1449,佳和,42,16,26,台新-台南,2024-11-13,8159
1326,台化,25,0,25,台新-台南,2024-11-13,8159
2303,聯電,68,43,25,台新-台南,2024-11-13,8159
00753L,中信中國50正2,120,96,24,台新-台南,2024-11-13,8159
1717,長興,24,0,24,台新-台南,2024-11-13,8159
2883,凱基金,26,2,24,台新-台南,2024-11-13,8159
2887,台新金,84,60,24,台新-台南,2024-11-13,8159
2615,萬海,41,19,22,台新-台南,2024-11-13,8159
3062,建漢,26,4,22,台新-台南,2024-11-13,8159
00929,復華台灣科技優息,60,39,21,台新-台南,2024-11-13,8159
2449,京元電子,28,7,21,台新-台南,2024-11-13,8159
2382,廣達,40,19,21,台新-台南,2024-11-13,8159
2812,台中銀,20,0,20,台新-台南,2024-11-13,8159
00878,國泰永續高股息,714,51,663,台新-台南,2024-11-14,8159
3481,群創,283,8,275,台新-台南,2024-11-14,8159
00937B,群益ESG投等債20,252,10,242,台新-台南,2024-11-14,8159
00688L,國泰20年美債正2,275,100,175,台新-台南,2024-11-14,8159
00919,群益台灣精選高息,171,23,148,台新-台南,2024-11-14,8159
4162,智擎,144,1,143,台新-台南,2024-11-14,8159
6770,力積電,139,3,136,台新-台南,2024-11-14,8159
00953B,群益優選非投等債,135,0,135,台新-台南,2024-11-14,8159
0056,元大高股息,117,0,117,台新-台南,2024-11-14,8159
2887,台新金,112,1,111,台新-台南,2024-11-14,8159
00929,復華台灣科技優息,214,108,106,台新-台南,2024-11-14,8159
2303,聯電,112,7,105,台新-台南,2024-11-14,8159
2892,第一金,85,0,85,台新-台南,2024-11-14,8159
2317,鴻海,162,77,85,台新-台南,2024-11-14,8159
00679B,元大美債20年,60,0,60,台新-台南,2024-11-14,8159
2409,友達,55,0,55,台新-台南,2024-11-14,8159
2382,廣達,59,6,53,台新-台南,2024-11-14,8159
4974,亞泰,78,26,52,台新-台南,2024-11-14,8159
6153,嘉聯益,50,0,50,台新-台南,2024-11-14,8159
2646,星宇航空,52,5,47,台新-台南,2024-11-14,8159
6443,元晶,46,1,45,台新-台南,2024-11-14,8159
2743,山富,45,2,43,台新-台南,2024-11-14,8159
00918,大華優利高填息30,47,7,40,台新-台南,2024-11-14,8159
8150,南茂,41,2,39,台新-台南,2024-11-14,8159
006208,富邦台50,38,0,38,台新-台南,2024-11-14,8159
1101,台泥,44,6,38,台新-台南,2024-11-14,8159
1314,中石化,47,10,37,台新-台南,2024-11-14,8159
1440,南紡,36,0,36,台新-台南,2024-11-14,8159
3049,精金,35,0,35,台新-台南,2024-11-14,8159
00713,元大台灣高息低波,36,2,34,台新-台南,2024-11-14,8159
6117,迎廣,35,1,34,台新-台南,2024-11-14,8159
8390,金益鼎,32,0,32,台新-台南,2024-11-14,8159
1785,光洋科,37,6,31,台新-台南,2024-11-14,8159
5880,合庫金,36,5,31,台新-台南,2024-11-14,8159
2421,建準,41,11,30,台新-台南,2024-11-14,8159
2354,鴻準,82,54,28,台新-台南,2024-11-14,8159
00943,兆豐電子高息等權,27,0,27,台新-台南,2024-11-14,8159
3048,益登,36,9,27,台新-台南,2024-11-14,8159
00951,台新日本半導體,26,0,26,台新-台南,2024-11-14,8159
00946,群益科技高息成長,45,20,25,台新-台南,2024-11-14,8159
1303,南亞,25,0,25,台新-台南,2024-11-14,8159
1316,上曜,24,0,24,台新-台南,2024-11-14,8159
1909,榮成,25,1,24,台新-台南,2024-11-14,8159
4157,太景*-KY,23,0,23,台新-台南,2024-11-14,8159
1301,台塑,26,3,23,台新-台南,2024-11-14,8159
8249,菱光,21,0,21,台新-台南,2024-11-14,8159
2801,彰銀,23,2,21,台新-台南,2024-11-14,8159
00922,國泰台灣領袖50,21,0,21,台新-台南,2024-11-14,8159
00935,野村臺灣新科技50,20,0,20,台新-台南,2024-11-14,8159
00772B,中信高評級公司債,20,0,20,台新-台南,2024-11-14,8159
00878,國泰永續高股息,789,37,752,台新-台南,2024-11-15,8159
00950B,凱基A級公司債,555,0,555,台新-台南,2024-11-15,8159
2888,新光金,150,44,106,台新-台南,2024-11-15,8159
2382,廣達,237,141,96,台新-台南,2024-11-15,8159
2317,鴻海,248,158,90,台新-台南,2024-11-15,8159
00937B,群益ESG投等債20,129,51,78,台新-台南,2024-11-15,8159
2409,友達,101,29,72,台新-台南,2024-11-15,8159
00953B,群益優選非投等債,44,0,44,台新-台南,2024-11-15,8159
3231,緯創,58,17,41,台新-台南,2024-11-15,8159
00943,兆豐電子高息等權,40,0,40,台新-台南,2024-11-15,8159
00885,富邦越南,37,0,37,台新-台南,2024-11-15,8159
00631L,元大台灣50正2,36,1,35,台新-台南,2024-11-15,8159
0056,元大高股息,36,2,34,台新-台南,2024-11-15,8159
2002,中鋼,32,0,32,台新-台南,2024-11-15,8159
3005,神基,31,0,31,台新-台南,2024-11-15,8159
00930,永豐ESG低碳高息,30,0,30,台新-台南,2024-11-15,8159
00945B,凱基美國非投等債,34,4,30,台新-台南,2024-11-15,8159
4971,IET-KY,29,1,28,台新-台南,2024-11-15,8159
00905,FT臺灣Smart,31,6,25,台新-台南,2024-11-15,8159
00948B,中信優息投資級債,24,0,24,台新-台南,2024-11-15,8159
6257,矽格,24,0,24,台新-台南,2024-11-15,8159
3049,精金,23,0,23,台新-台南,2024-11-15,8159
1611,中電,27,6,21,台新-台南,2024-11-15,8159
2641,正德,21,1,20,台新-台南,2024-11-15,8159
3013,晟銘電,35,16,19,台新-台南,2024-11-15,8159
00715L,期街口布蘭特正2,48,31,17,台新-台南,2024-11-15,8159
4303,信立,18,1,17,台新-台南,2024-11-15,8159
00929,復華台灣科技優息,108,91,17,台新-台南,2024-11-15,8159
2613,中櫃,24,8,16,台新-台南,2024-11-15,8159
4931,新盛力,61,45,16,台新-台南,2024-11-15,8159
4162,智擎,55,39,16,台新-台南,2024-11-15,8159
00713,元大台灣高息低波,18,3,15,台新-台南,2024-11-15,8159
2302,麗正,15,0,15,台新-台南,2024-11-15,8159
00932,兆豐永續高息等權,15,0,15,台新-台南,2024-11-15,8159
6605,帝寶,15,0,15,台新-台南,2024-11-15,8159
3090,日電貿,44,29,15,台新-台南,2024-11-15,8159
00933B,國泰10Y+金融債,29,14,15,台新-台南,2024-11-15,8159
2489,瑞軒,55,41,14,台新-台南,2024-11-15,8159
00887,永豐中國科技50大,19,5,14,台新-台南,2024-11-15,8159
2646,星宇航空,21,7,14,台新-台南,2024-11-15,8159
3323,加百裕,25,11,14,台新-台南,2024-11-15,8159
2392,正崴,98,84,14,台新-台南,2024-11-15,8159
00687B,國泰20年美債,36,23,13,台新-台南,2024-11-15,8159
8070,長華*,13,0,13,台新-台南,2024-11-15,8159
3051,力特,12,0,12,台新-台南,2024-11-15,8159
3576,聯合再生,12,0,12,台新-台南,2024-11-15,8159
6117,迎廣,12,0,12,台新-台南,2024-11-15,8159
5309,系統電,61,49,12,台新-台南,2024-11-15,8159
4968,立積,13,2,11,台新-台南,2024-11-15,8159
3338,泰碩,27,16,11,台新-台南,2024-11-15,8159
00878,國泰永續高股息,597,25,572,台新-台南,2024-11-18,8159
00929,復華台灣科技優息,337,101,236,台新-台南,2024-11-18,8159
00937B,群益ESG投等債20,274,48,226,台新-台南,2024-11-18,8159
00679B,元大美債20年,211,5,206,台新-台南,2024-11-18,8159
2618,長榮航,217,47,170,台新-台南,2024-11-18,8159
2610,華航,158,30,128,台新-台南,2024-11-18,8159
00715L,期街口布蘭特正2,122,0,122,台新-台南,2024-11-18,8159
0056,元大高股息,109,2,107,台新-台南,2024-11-18,8159
00950B,凱基A級公司債,100,0,100,台新-台南,2024-11-18,8159
2312,金寶,574,479,95,台新-台南,2024-11-18,8159
00943,兆豐電子高息等權,69,0,69,台新-台南,2024-11-18,8159
2317,鴻海,111,57,54,台新-台南,2024-11-18,8159
4162,智擎,51,1,50,台新-台南,2024-11-18,8159
00688L,國泰20年美債正2,42,0,42,台新-台南,2024-11-18,8159
2356,英業達,80,40,40,台新-台南,2024-11-18,8159
00713,元大台灣高息低波,39,1,38,台新-台南,2024-11-18,8159
3665,貿聯-KY,37,1,36,台新-台南,2024-11-18,8159
00919,群益台灣精選高息,42,7,35,台新-台南,2024-11-18,8159
3005,神基,36,1,35,台新-台南,2024-11-18,8159
006208,富邦台50,35,1,34,台新-台南,2024-11-18,8159
2409,友達,34,0,34,台新-台南,2024-11-18,8159
9105,泰金寶-DR,145,114,31,台新-台南,2024-11-18,8159
1717,長興,30,0,30,台新-台南,2024-11-18,8159
4532,瑞智,30,0,30,台新-台南,2024-11-18,8159
1802,台玻,30,0,30,台新-台南,2024-11-18,8159
00905,FT臺灣Smart,33,3,30,台新-台南,2024-11-18,8159
2354,鴻準,103,75,28,台新-台南,2024-11-18,8159
00680L,元大美債20正2,54,27,27,台新-台南,2024-11-18,8159
2344,華邦電,146,119,27,台新-台南,2024-11-18,8159
5284,jpp-KY,25,0,25,台新-台南,2024-11-18,8159
3374,精材,27,2,25,台新-台南,2024-11-18,8159
2330,台積電,36,12,24,台新-台南,2024-11-18,8159
3013,晟銘電,61,37,24,台新-台南,2024-11-18,8159
00642U,期元大S＆P石油,23,0,23,台新-台南,2024-11-18,8159
3231,緯創,35,13,22,台新-台南,2024-11-18,8159
3376,新日興,22,0,22,台新-台南,2024-11-18,8159
6187,萬潤,25,4,21,台新-台南,2024-11-18,8159
00631L,元大台灣50正2,21,0,21,台新-台南,2024-11-18,8159
5469,瀚宇博,20,0,20,台新-台南,2024-11-18,8159
00891,中信關鍵半導體,20,1,19,台新-台南,2024-11-18,8159
3090,日電貿,29,10,19,台新-台南,2024-11-18,8159
1815,富喬,20,1,19,台新-台南,2024-11-18,8159
2367,燿華,22,3,19,台新-台南,2024-11-18,8159
2382,廣達,82,65,17,台新-台南,2024-11-18,8159
1303,南亞,20,3,17,台新-台南,2024-11-18,8159
6288,聯嘉,20,4,16,台新-台南,2024-11-18,8159
00922,國泰台灣領袖50,15,0,15,台新-台南,2024-11-18,8159
2489,瑞軒,15,0,15,台新-台南,2024-11-18,8159
6757,台灣虎航,20,5,15,台新-台南,2024-11-18,8159
9945,潤泰新,21,6,15,台新-台南,2024-11-18,8159
00632R,元大台灣50反1,2276,491,1785,台新-台南,2024-11-19,8159
2883,凱基金,365,9,356,台新-台南,2024-11-19,8159
00929,復華台灣科技優息,161,24,137,台新-台南,2024-11-19,8159
2027,大成鋼,108,0,108,台新-台南,2024-11-19,8159
00878,國泰永續高股息,115,40,75,台新-台南,2024-11-19,8159
00637L,元大滬深300正2,101,30,71,台新-台南,2024-11-19,8159
2392,正崴,125,61,64,台新-台南,2024-11-19,8159
1815,富喬,60,4,56,台新-台南,2024-11-19,8159
00887,永豐中國科技50大,85,30,55,台新-台南,2024-11-19,8159
00676R,富邦臺灣加權反1,51,0,51,台新-台南,2024-11-19,8159
2344,華邦電,50,1,49,台新-台南,2024-11-19,8159
1301,台塑,55,7,48,台新-台南,2024-11-19,8159
00932,兆豐永續高息等權,46,1,45,台新-台南,2024-11-19,8159
2303,聯電,46,10,36,台新-台南,2024-11-19,8159
4987,科誠,36,0,36,台新-台南,2024-11-19,8159
2431,聯昌,41,8,33,台新-台南,2024-11-19,8159
2882,國泰金,33,1,32,台新-台南,2024-11-19,8159
2349,錸德,112,81,31,台新-台南,2024-11-19,8159
1717,長興,30,1,29,台新-台南,2024-11-19,8159
3163,波若威,33,5,28,台新-台南,2024-11-19,8159
1102,亞泥,28,0,28,台新-台南,2024-11-19,8159
4968,立積,31,4,27,台新-台南,2024-11-19,8159
00941,中信上游半導體,27,0,27,台新-台南,2024-11-19,8159
00673R,期元大S＆P原油反1,23,0,23,台新-台南,2024-11-19,8159
0056,元大高股息,36,13,23,台新-台南,2024-11-19,8159
8927,北基,20,0,20,台新-台南,2024-11-19,8159
8404,百和興業-KY,20,0,20,台新-台南,2024-11-19,8159
6505,台塑化,20,0,20,台新-台南,2024-11-19,8159
2106,建大,18,0,18,台新-台南,2024-11-19,8159
2615,萬海,61,44,17,台新-台南,2024-11-19,8159
3209,全科,18,1,17,台新-台南,2024-11-19,8159
3481,群創,233,217,16,台新-台南,2024-11-19,8159
2890,永豐金,16,0,16,台新-台南,2024-11-19,8159
00639,富邦深100,16,0,16,台新-台南,2024-11-19,8159
5465,富驊,55,40,15,台新-台南,2024-11-19,8159
1710,東聯,15,0,15,台新-台南,2024-11-19,8159
6546,正基,30,16,14,台新-台南,2024-11-19,8159
2312,金寶,619,605,14,台新-台南,2024-11-19,8159
9105,泰金寶-DR,135,121,14,台新-台南,2024-11-19,8159
6442,光聖,14,0,14,台新-台南,2024-11-19,8159
2382,廣達,19,5,14,台新-台南,2024-11-19,8159
3013,晟銘電,89,76,13,台新-台南,2024-11-19,8159
3450,聯鈞,92,80,12,台新-台南,2024-11-19,8159
8104,錸寶,19,7,12,台新-台南,2024-11-19,8159
2363,矽統,15,3,12,台新-台南,2024-11-19,8159
2399,映泰,22,10,12,台新-台南,2024-11-19,8159
3050,鈺德,16,5,11,台新-台南,2024-11-19,8159
6877,鏵友益,17,6,11,台新-台南,2024-11-19,8159
00933B,國泰10Y+金融債,11,0,11,台新-台南,2024-11-19,8159
2476,鉅祥,22,11,11,台新-台南,2024-11-19,8159
00937B,群益ESG投等債20,512,0,512,台新-台南,2024-11-20,8159
3481,群創,257,5,252,台新-台南,2024-11-20,8159
2354,鴻準,343,215,128,台新-台南,2024-11-20,8159
00940,元大台灣價值高息,95,28,67,台新-台南,2024-11-20,8159
00929,復華台灣科技優息,111,46,65,台新-台南,2024-11-20,8159
2330,台積電,48,2,46,台新-台南,2024-11-20,8159
3706,神達,499,455,44,台新-台南,2024-11-20,8159
00881,國泰台灣5G+,43,0,43,台新-台南,2024-11-20,8159
0056,元大高股息,43,2,41,台新-台南,2024-11-20,8159
5864,致和證,40,0,40,台新-台南,2024-11-20,8159
8032,光菱,56,19,37,台新-台南,2024-11-20,8159
2356,英業達,68,31,37,台新-台南,2024-11-20,8159
2409,友達,37,0,37,台新-台南,2024-11-20,8159
6104,創惟,35,3,32,台新-台南,2024-11-20,8159
00943,兆豐電子高息等權,31,0,31,台新-台南,2024-11-20,8159
6770,力積電,31,1,30,台新-台南,2024-11-20,8159
4974,亞泰,29,4,25,台新-台南,2024-11-20,8159
6546,正基,31,6,25,台新-台南,2024-11-20,8159
2455,全新,26,2,24,台新-台南,2024-11-20,8159
00713,元大台灣高息低波,24,1,23,台新-台南,2024-11-20,8159
2881,富邦金,25,3,22,台新-台南,2024-11-20,8159
8044,網家,27,7,20,台新-台南,2024-11-20,8159
3511,矽瑪,80,60,20,台新-台南,2024-11-20,8159
00901,永豐智能車供應鏈,20,0,20,台新-台南,2024-11-20,8159
00725B,國泰投資級公司債,20,0,20,台新-台南,2024-11-20,8159
1445,大宇,20,0,20,台新-台南,2024-11-20,8159
00913,兆豐台灣晶圓製造,20,0,20,台新-台南,2024-11-20,8159
6142,友勁,20,0,20,台新-台南,2024-11-20,8159
00933B,國泰10Y+金融債,25,5,20,台新-台南,2024-11-20,8159
9958,世紀鋼,21,1,20,台新-台南,2024-11-20,8159
5880,合庫金,19,0,19,台新-台南,2024-11-20,8159
3450,聯鈞,73,54,19,台新-台南,2024-11-20,8159
4432,銘旺實,19,0,19,台新-台南,2024-11-20,8159
8996,高力,28,9,19,台新-台南,2024-11-20,8159
00915,凱基優選高股息30,19,1,18,台新-台南,2024-11-20,8159
3189,景碩,20,3,17,台新-台南,2024-11-20,8159
3323,加百裕,21,5,16,台新-台南,2024-11-20,8159
1326,台化,16,0,16,台新-台南,2024-11-20,8159
6505,台塑化,15,0,15,台新-台南,2024-11-20,8159
2371,大同,17,2,15,台新-台南,2024-11-20,8159
5347,世界,14,0,14,台新-台南,2024-11-20,8159
2020,美亞,14,0,14,台新-台南,2024-11-20,8159
2027,大成鋼,17,3,14,台新-台南,2024-11-20,8159
4729,熒茂,21,7,14,台新-台南,2024-11-20,8159
00951,台新日本半導體,13,0,13,台新-台南,2024-11-20,8159
2885,元大金,23,10,13,台新-台南,2024-11-20,8159
8089,康全電訊,14,1,13,台新-台南,2024-11-20,8159
2489,瑞軒,24,11,13,台新-台南,2024-11-20,8159
2344,華邦電,24,12,12,台新-台南,2024-11-20,8159
006208,富邦台50,13,1,12,台新-台南,2024-11-20,8159
5531,鄉林,298,9,289,台新-台南,2024-11-21,8159
2515,中工,205,15,190,台新-台南,2024-11-21,8159
1808,潤隆,150,0,150,台新-台南,2024-11-21,8159
00878,國泰永續高股息,147,29,118,台新-台南,2024-11-21,8159
2303,聯電,104,24,80,台新-台南,2024-11-21,8159
3050,鈺德,74,8,66,台新-台南,2024-11-21,8159
00953B,群益優選非投等債,73,10,63,台新-台南,2024-11-21,8159
9105,泰金寶-DR,212,159,53,台新-台南,2024-11-21,8159
2618,長榮航,65,13,52,台新-台南,2024-11-21,8159
4707,磐亞,42,0,42,台新-台南,2024-11-21,8159
00929,復華台灣科技優息,163,121,42,台新-台南,2024-11-21,8159
00959B,大華投等美債15Y+,41,0,41,台新-台南,2024-11-21,8159
006208,富邦台50,39,0,39,台新-台南,2024-11-21,8159
2317,鴻海,73,35,38,台新-台南,2024-11-21,8159
00918,大華優利高填息30,37,0,37,台新-台南,2024-11-21,8159
2887,台新金,37,1,36,台新-台南,2024-11-21,8159
00919,群益台灣精選高息,45,9,36,台新-台南,2024-11-21,8159
0056,元大高股息,39,4,35,台新-台南,2024-11-21,8159
5508,永信建,31,0,31,台新-台南,2024-11-21,8159
2883,凱基金,33,2,31,台新-台南,2024-11-21,8159
9939,宏全,30,0,30,台新-台南,2024-11-21,8159
00676R,富邦臺灣加權反1,30,0,30,台新-台南,2024-11-21,8159
5388,中磊,26,0,26,台新-台南,2024-11-21,8159
8996,高力,35,10,25,台新-台南,2024-11-21,8159
6548,長科*,25,0,25,台新-台南,2024-11-21,8159
00940,元大台灣價值高息,31,7,24,台新-台南,2024-11-21,8159
2890,永豐金,24,0,24,台新-台南,2024-11-21,8159
6505,台塑化,23,0,23,台新-台南,2024-11-21,8159
00713,元大台灣高息低波,23,0,23,台新-台南,2024-11-21,8159
3019,亞光,34,12,22,台新-台南,2024-11-21,8159
2204,中華,94,72,22,台新-台南,2024-11-21,8159
4968,立積,33,11,22,台新-台南,2024-11-21,8159
2330,台積電,29,7,22,台新-台南,2024-11-21,8159
2201,裕隆,22,0,22,台新-台南,2024-11-21,8159
00881,國泰台灣5G+,28,8,20,台新-台南,2024-11-21,8159
00637L,元大滬深300正2,36,16,20,台新-台南,2024-11-21,8159
2007,燁興,20,0,20,台新-台南,2024-11-21,8159
3711,日月光投控,28,8,20,台新-台南,2024-11-21,8159
9945,潤泰新,19,0,19,台新-台南,2024-11-21,8159
00930,永豐ESG低碳高息,19,1,18,台新-台南,2024-11-21,8159
2349,錸德,193,176,17,台新-台南,2024-11-21,8159
1101,台泥,35,18,17,台新-台南,2024-11-21,8159
00830,國泰費城半導體,17,0,17,台新-台南,2024-11-21,8159
2431,聯昌,18,2,16,台新-台南,2024-11-21,8159
2413,環科,39,23,16,台新-台南,2024-11-21,8159
6104,創惟,16,0,16,台新-台南,2024-11-21,8159
00922,國泰台灣領袖50,16,1,15,台新-台南,2024-11-21,8159
8032,光菱,43,28,15,台新-台南,2024-11-21,8159
00715L,期街口布蘭特正2,39,24,15,台新-台南,2024-11-21,8159
2332,友訊,40,25,15,台新-台南,2024-11-21,8159
00632R,元大台灣50反1,1513,162,1351,台新-台南,2024-11-22,8159
5315,光聯,135,0,135,台新-台南,2024-11-22,8159
2347,聯強,111,0,111,台新-台南,2024-11-22,8159
00688L,國泰20年美債正2,116,18,98,台新-台南,2024-11-22,8159
6770,力積電,195,104,91,台新-台南,2024-11-22,8159
2845,遠東銀,100,18,82,台新-台南,2024-11-22,8159
00953B,群益優選非投等債,80,0,80,台新-台南,2024-11-22,8159
00753L,中信中國50正2,97,17,80,台新-台南,2024-11-22,8159
2356,英業達,169,97,72,台新-台南,2024-11-22,8159
2887,台新金,72,1,71,台新-台南,2024-11-22,8159
00637L,元大滬深300正2,75,17,58,台新-台南,2024-11-22,8159
5876,上海商銀,48,0,48,台新-台南,2024-11-22,8159
5905,南仁湖,48,0,48,台新-台南,2024-11-22,8159
00933B,國泰10Y+金融債,40,0,40,台新-台南,2024-11-22,8159
2867,三商壽,50,10,40,台新-台南,2024-11-22,8159
3323,加百裕,202,163,39,台新-台南,2024-11-22,8159
5309,系統電,304,266,38,台新-台南,2024-11-22,8159
2615,萬海,77,39,38,台新-台南,2024-11-22,8159
3189,景碩,35,1,34,台新-台南,2024-11-22,8159
2442,新美齊,32,0,32,台新-台南,2024-11-22,8159
1445,大宇,30,0,30,台新-台南,2024-11-22,8159
2349,錸德,33,3,30,台新-台南,2024-11-22,8159
8171,天宇,38,9,29,台新-台南,2024-11-22,8159
00887,永豐中國科技50大,32,3,29,台新-台南,2024-11-22,8159
5508,永信建,29,0,29,台新-台南,2024-11-22,8159
9945,潤泰新,38,10,28,台新-台南,2024-11-22,8159
6153,嘉聯益,30,2,28,台新-台南,2024-11-22,8159
2543,皇昌,26,0,26,台新-台南,2024-11-22,8159
00713,元大台灣高息低波,26,0,26,台新-台南,2024-11-22,8159
2504,國產,50,25,25,台新-台南,2024-11-22,8159
2431,聯昌,30,5,25,台新-台南,2024-11-22,8159
8163,達方,53,29,24,台新-台南,2024-11-22,8159
1101,台泥,29,6,23,台新-台南,2024-11-22,8159
2388,威盛,43,21,22,台新-台南,2024-11-22,8159
2891,中信金,23,2,21,台新-台南,2024-11-22,8159
00918,大華優利高填息30,22,1,21,台新-台南,2024-11-22,8159
3663,鑫科,22,1,21,台新-台南,2024-11-22,8159
2880,華南金,21,0,21,台新-台南,2024-11-22,8159
1905,華紙,20,0,20,台新-台南,2024-11-22,8159
3511,矽瑪,39,19,20,台新-台南,2024-11-22,8159
00725B,國泰投資級公司債,20,0,20,台新-台南,2024-11-22,8159
4977,眾達-KY,30,10,20,台新-台南,2024-11-22,8159
6546,正基,22,5,17,台新-台南,2024-11-22,8159
2324,仁寶,33,17,16,台新-台南,2024-11-22,8159
4971,IET-KY,23,8,15,台新-台南,2024-11-22,8159
00892,富邦台灣半導體,15,0,15,台新-台南,2024-11-22,8159
00959B,大華投等美債15Y+,15,0,15,台新-台南,2024-11-22,8159
4162,智擎,15,0,15,台新-台南,2024-11-22,8159
1522,堤維西,71,56,15,台新-台南,2024-11-22,8159
1609,大亞,40,26,14,台新-台南,2024-11-22,8159
00632R,元大台灣50反1,998,55,943,台新-台南,2024-11-25,8159
1314,中石化,493,198,295,台新-台南,2024-11-25,8159
2618,長榮航,308,31,277,台新-台南,2024-11-25,8159
4303,信立,231,15,216,台新-台南,2024-11-25,8159
9105,泰金寶-DR,711,547,164,台新-台南,2024-11-25,8159
2344,華邦電,129,6,123,台新-台南,2024-11-25,8159
3704,合勤控,103,0,103,台新-台南,2024-11-25,8159
00919,群益台灣精選高息,141,42,99,台新-台南,2024-11-25,8159
00887,永豐中國科技50大,97,6,91,台新-台南,2024-11-25,8159
00673R,期元大S＆P原油反1,90,0,90,台新-台南,2024-11-25,8159
3032,偉訓,119,32,87,台新-台南,2024-11-25,8159
00901,永豐智能車供應鏈,81,0,81,台新-台南,2024-11-25,8159
1815,富喬,405,327,78,台新-台南,2024-11-25,8159
1471,首利,73,2,71,台新-台南,2024-11-25,8159
1522,堤維西,68,0,68,台新-台南,2024-11-25,8159
2891,中信金,85,19,66,台新-台南,2024-11-25,8159
2371,大同,152,91,61,台新-台南,2024-11-25,8159
2449,京元電子,71,13,58,台新-台南,2024-11-25,8159
2603,長榮,70,28,42,台新-台南,2024-11-25,8159
6546,正基,83,41,42,台新-台南,2024-11-25,8159
00950B,凱基A級公司債,40,0,40,台新-台南,2024-11-25,8159
6770,力積電,116,78,38,台新-台南,2024-11-25,8159
2421,建準,45,11,34,台新-台南,2024-11-25,8159
5439,高技,38,4,34,台新-台南,2024-11-25,8159
3521,鴻翊,32,0,32,台新-台南,2024-11-25,8159
00930,永豐ESG低碳高息,52,21,31,台新-台南,2024-11-25,8159
00953B,群益優選非投等債,31,0,31,台新-台南,2024-11-25,8159
3673,TPK-KY,30,0,30,台新-台南,2024-11-25,8159
5876,上海商銀,35,7,28,台新-台南,2024-11-25,8159
2388,威盛,64,38,26,台新-台南,2024-11-25,8159
9904,寶成,25,0,25,台新-台南,2024-11-25,8159
6213,聯茂,41,16,25,台新-台南,2024-11-25,8159
3693,營邦,29,6,23,台新-台南,2024-11-25,8159
00753L,中信中國50正2,38,16,22,台新-台南,2024-11-25,8159
00679B,元大美債20年,28,7,21,台新-台南,2024-11-25,8159
00951,台新日本半導體,20,0,20,台新-台南,2024-11-25,8159
2369,菱生,20,0,20,台新-台南,2024-11-25,8159
00943,兆豐電子高息等權,39,19,20,台新-台南,2024-11-25,8159
5426,振發,55,36,19,台新-台南,2024-11-25,8159
00637L,元大滬深300正2,33,14,19,台新-台南,2024-11-25,8159
6282,康舒,60,41,19,台新-台南,2024-11-25,8159
5347,世界,20,2,18,台新-台南,2024-11-25,8159
00713,元大台灣高息低波,17,1,16,台新-台南,2024-11-25,8159
2312,金寶,591,575,16,台新-台南,2024-11-25,8159
2615,萬海,45,29,16,台新-台南,2024-11-25,8159
1723,中碳,15,0,15,台新-台南,2024-11-25,8159
3481,群創,126,112,14,台新-台南,2024-11-25,8159
00719B,元大美債1-3,20,7,13,台新-台南,2024-11-25,8159
8249,菱光,58,46,12,台新-台南,2024-11-25,8159
1609,大亞,14,2,12,台新-台南,2024-11-25,8159
00953B,群益優選非投等債,701,0,701,台新-台南,2024-11-26,8159
00680L,元大美債20正2,462,188,274,台新-台南,2024-11-26,8159
0056,元大高股息,227,1,226,台新-台南,2024-11-26,8159
2312,金寶,383,220,163,台新-台南,2024-11-26,8159
2317,鴻海,162,13,149,台新-台南,2024-11-26,8159
00688L,國泰20年美債正2,257,110,147,台新-台南,2024-11-26,8159
6962,ITH-KY,143,5,138,台新-台南,2024-11-26,8159
00715L,期街口布蘭特正2,146,29,117,台新-台南,2024-11-26,8159
00919,群益台灣精選高息,115,7,108,台新-台南,2024-11-26,8159
4526,東台,151,50,101,台新-台南,2024-11-26,8159
00878,國泰永續高股息,106,12,94,台新-台南,2024-11-26,8159
2610,華航,109,18,91,台新-台南,2024-11-26,8159
6546,正基,103,13,90,台新-台南,2024-11-26,8159
2888,新光金,109,23,86,台新-台南,2024-11-26,8159
4303,信立,90,16,74,台新-台南,2024-11-26,8159
1609,大亞,61,8,53,台新-台南,2024-11-26,8159
6177,達麗,51,0,51,台新-台南,2024-11-26,8159
00881,國泰台灣5G+,47,1,46,台新-台南,2024-11-26,8159
2431,聯昌,50,4,46,台新-台南,2024-11-26,8159
1402,遠東新,45,0,45,台新-台南,2024-11-26,8159
00940,元大台灣價值高息,91,47,44,台新-台南,2024-11-26,8159
3231,緯創,65,21,44,台新-台南,2024-11-26,8159
2887,台新金,45,2,43,台新-台南,2024-11-26,8159
1445,大宇,41,0,41,台新-台南,2024-11-26,8159
0050,元大台灣50,39,0,39,台新-台南,2024-11-26,8159
2615,萬海,65,26,39,台新-台南,2024-11-26,8159
2208,台船,32,0,32,台新-台南,2024-11-26,8159
2367,燿華,61,30,31,台新-台南,2024-11-26,8159
2426,鼎元,44,13,31,台新-台南,2024-11-26,8159
00713,元大台灣高息低波,36,5,31,台新-台南,2024-11-26,8159
8044,網家,41,11,30,台新-台南,2024-11-26,8159
00929,復華台灣科技優息,42,13,29,台新-台南,2024-11-26,8159
3296,勝德,30,3,27,台新-台南,2024-11-26,8159
1802,台玻,40,13,27,台新-台南,2024-11-26,8159
2867,三商壽,26,0,26,台新-台南,2024-11-26,8159
00918,大華優利高填息30,26,0,26,台新-台南,2024-11-26,8159
2204,中華,39,14,25,台新-台南,2024-11-26,8159
1466,聚隆,29,4,25,台新-台南,2024-11-26,8159
006208,富邦台50,27,3,24,台新-台南,2024-11-26,8159
3673,TPK-KY,22,0,22,台新-台南,2024-11-26,8159
5880,合庫金,22,0,22,台新-台南,2024-11-26,8159
00946,群益科技高息成長,21,0,21,台新-台南,2024-11-26,8159
00753L,中信中國50正2,27,6,21,台新-台南,2024-11-26,8159
00885,富邦越南,20,0,20,台新-台南,2024-11-26,8159
00922,國泰台灣領袖50,20,0,20,台新-台南,2024-11-26,8159
5309,系統電,99,80,19,台新-台南,2024-11-26,8159
3323,加百裕,126,109,17,台新-台南,2024-11-26,8159
2330,台積電,25,8,17,台新-台南,2024-11-26,8159
00795B,中信美國公債20年,21,4,17,台新-台南,2024-11-26,8159
3511,矽瑪,19,2,17,台新-台南,2024-11-26,8159
00950B,凱基A級公司債,680,0,680,台新-台南,2024-11-27,8159
00878,國泰永續高股息,392,6,386,台新-台南,2024-11-27,8159
00919,群益台灣精選高息,320,5,315,台新-台南,2024-11-27,8159
4303,信立,273,4,269,台新-台南,2024-11-27,8159
2303,聯電,207,47,160,台新-台南,2024-11-27,8159
3231,緯創,177,42,135,台新-台南,2024-11-27,8159
00940,元大台灣價值高息,153,48,105,台新-台南,2024-11-27,8159
00688L,國泰20年美債正2,124,24,100,台新-台南,2024-11-27,8159
00715L,期街口布蘭特正2,107,8,99,台新-台南,2024-11-27,8159
2609,陽明,147,60,87,台新-台南,2024-11-27,8159
00937B,群益ESG投等債20,101,21,80,台新-台南,2024-11-27,8159
6547,高端疫苗,74,0,74,台新-台南,2024-11-27,8159
2317,鴻海,190,124,66,台新-台南,2024-11-27,8159
3545,敦泰,66,0,66,台新-台南,2024-11-27,8159
00631L,元大台灣50正2,64,0,64,台新-台南,2024-11-27,8159
00932,兆豐永續高息等權,66,4,62,台新-台南,2024-11-27,8159
00905,FT臺灣Smart,66,5,61,台新-台南,2024-11-27,8159
2344,華邦電,98,47,51,台新-台南,2024-11-27,8159
2392,正崴,181,131,50,台新-台南,2024-11-27,8159
00680L,元大美債20正2,50,0,50,台新-台南,2024-11-27,8159
00918,大華優利高填息30,81,34,47,台新-台南,2024-11-27,8159
2603,長榮,72,25,47,台新-台南,2024-11-27,8159
2330,台積電,48,3,45,台新-台南,2024-11-27,8159
2382,廣達,48,3,45,台新-台南,2024-11-27,8159
6104,創惟,43,8,35,台新-台南,2024-11-27,8159
3550,聯穎,36,1,35,台新-台南,2024-11-27,8159
00930,永豐ESG低碳高息,34,0,34,台新-台南,2024-11-27,8159
2324,仁寶,86,52,34,台新-台南,2024-11-27,8159
2002,中鋼,34,0,34,台新-台南,2024-11-27,8159
8476,台境*,33,0,33,台新-台南,2024-11-27,8159
00922,國泰台灣領袖50,36,3,33,台新-台南,2024-11-27,8159
1731,美吾華,31,0,31,台新-台南,2024-11-27,8159
0056,元大高股息,257,226,31,台新-台南,2024-11-27,8159
006208,富邦台50,35,5,30,台新-台南,2024-11-27,8159
00953B,群益優選非投等債,30,0,30,台新-台南,2024-11-27,8159
8249,菱光,43,13,30,台新-台南,2024-11-27,8159
1536,和大,258,231,27,台新-台南,2024-11-27,8159
5608,四維航,28,1,27,台新-台南,2024-11-27,8159
3189,景碩,33,7,26,台新-台南,2024-11-27,8159
3049,精金,34,8,26,台新-台南,2024-11-27,8159
3090,日電貿,32,6,26,台新-台南,2024-11-27,8159
8936,國統,26,0,26,台新-台南,2024-11-27,8159
00915,凱基優選高股息30,27,1,26,台新-台南,2024-11-27,8159
3037,欣興,53,27,26,台新-台南,2024-11-27,8159
2367,燿華,30,5,25,台新-台南,2024-11-27,8159
3663,鑫科,25,0,25,台新-台南,2024-11-27,8159
00946,群益科技高息成長,26,1,25,台新-台南,2024-11-27,8159
2634,漢翔,24,0,24,台新-台南,2024-11-27,8159
00943,兆豐電子高息等權,24,0,24,台新-台南,2024-11-27,8159
2399,映泰,30,6,24,台新-台南,2024-11-27,8159
00878,國泰永續高股息,438,206,232,台新-台南,2024-11-28,8159
00919,群益台灣精選高息,220,18,202,台新-台南,2024-11-28,8159
00632R,元大台灣50反1,140,11,129,台新-台南,2024-11-28,8159
0056,元大高股息,131,13,118,台新-台南,2024-11-28,8159
00948B,中信優息投資級債,103,0,103,台新-台南,2024-11-28,8159
4303,信立,91,4,87,台新-台南,2024-11-28,8159
00953B,群益優選非投等債,77,0,77,台新-台南,2024-11-28,8159
00918,大華優利高填息30,73,1,72,台新-台南,2024-11-28,8159
2312,金寶,371,309,62,台新-台南,2024-11-28,8159
3711,日月光投控,69,9,60,台新-台南,2024-11-28,8159
00753L,中信中國50正2,60,3,57,台新-台南,2024-11-28,8159
00715L,期街口布蘭特正2,69,20,49,台新-台南,2024-11-28,8159
4510,高鋒,304,258,46,台新-台南,2024-11-28,8159
2354,鴻準,84,44,40,台新-台南,2024-11-28,8159
5439,高技,40,0,40,台新-台南,2024-11-28,8159
00946,群益科技高息成長,37,0,37,台新-台南,2024-11-28,8159
2367,燿華,38,3,35,台新-台南,2024-11-28,8159
00943,兆豐電子高息等權,31,1,30,台新-台南,2024-11-28,8159
00915,凱基優選高股息30,39,10,29,台新-台南,2024-11-28,8159
1536,和大,85,59,26,台新-台南,2024-11-28,8159
00713,元大台灣高息低波,30,5,25,台新-台南,2024-11-28,8159
2204,中華,72,47,25,台新-台南,2024-11-28,8159
2408,南亞科,26,1,25,台新-台南,2024-11-28,8159
2867,三商壽,24,0,24,台新-台南,2024-11-28,8159
1528,恩德,29,6,23,台新-台南,2024-11-28,8159
9945,潤泰新,21,0,21,台新-台南,2024-11-28,8159
6962,ITH-KY,23,2,21,台新-台南,2024-11-28,8159
2883,凱基金,30,9,21,台新-台南,2024-11-28,8159
006208,富邦台50,29,9,20,台新-台南,2024-11-28,8159
2915,潤泰全,20,0,20,台新-台南,2024-11-28,8159
3037,欣興,24,4,20,台新-台南,2024-11-28,8159
1440,南紡,20,0,20,台新-台南,2024-11-28,8159
00932,兆豐永續高息等權,20,1,19,台新-台南,2024-11-28,8159
1815,富喬,392,373,19,台新-台南,2024-11-28,8159
2474,可成,21,3,18,台新-台南,2024-11-28,8159
2211,長榮鋼,18,0,18,台新-台南,2024-11-28,8159
8171,天宇,30,12,18,台新-台南,2024-11-28,8159
2332,友訊,196,179,17,台新-台南,2024-11-28,8159
4971,IET-KY,61,45,16,台新-台南,2024-11-28,8159
4432,銘旺實,16,0,16,台新-台南,2024-11-28,8159
2345,智邦,16,0,16,台新-台南,2024-11-28,8159
2313,華通,20,4,16,台新-台南,2024-11-28,8159
4162,智擎,15,0,15,台新-台南,2024-11-28,8159
5244,弘凱,17,2,15,台新-台南,2024-11-28,8159
8112,至上,17,3,14,台新-台南,2024-11-28,8159
4991,環宇-KY,35,21,14,台新-台南,2024-11-28,8159
3550,聯穎,50,36,14,台新-台南,2024-11-28,8159
1611,中電,15,1,14,台新-台南,2024-11-28,8159
2371,大同,58,44,14,台新-台南,2024-11-28,8159
2382,廣達,25,12,13,台新-台南,2024-11-28,8159
00950B,凱基A級公司債,566,0,566,台新-台南,2024-11-29,8159
00878,國泰永續高股息,126,13,113,台新-台南,2024-11-29,8159
2002,中鋼,121,9,112,台新-台南,2024-11-29,8159
00919,群益台灣精選高息,100,4,96,台新-台南,2024-11-29,8159
00676R,富邦臺灣加權反1,80,0,80,台新-台南,2024-11-29,8159
2834,臺企銀,75,8,67,台新-台南,2024-11-29,8159
2887,台新金,72,6,66,台新-台南,2024-11-29,8159
8429,金麗-KY,61,1,60,台新-台南,2024-11-29,8159
3706,神達,859,800,59,台新-台南,2024-11-29,8159
2888,新光金,60,1,59,台新-台南,2024-11-29,8159
2344,華邦電,57,5,52,台新-台南,2024-11-29,8159
5880,合庫金,47,0,47,台新-台南,2024-11-29,8159
00713,元大台灣高息低波,43,0,43,台新-台南,2024-11-29,8159
6757,台灣虎航,83,43,40,台新-台南,2024-11-29,8159
2891,中信金,42,5,37,台新-台南,2024-11-29,8159
00687B,國泰20年美債,48,13,35,台新-台南,2024-11-29,8159
00918,大華優利高填息30,35,1,34,台新-台南,2024-11-29,8159
2618,長榮航,37,5,32,台新-台南,2024-11-29,8159
6472,保瑞,39,9,30,台新-台南,2024-11-29,8159
3050,鈺德,30,0,30,台新-台南,2024-11-29,8159
1301,台塑,30,2,28,台新-台南,2024-11-29,8159
2489,瑞軒,36,8,28,台新-台南,2024-11-29,8159
1524,耿鼎,29,1,28,台新-台南,2024-11-29,8159
00637L,元大滬深300正2,35,8,27,台新-台南,2024-11-29,8159
00753L,中信中國50正2,28,3,25,台新-台南,2024-11-29,8159
2615,萬海,90,67,23,台新-台南,2024-11-29,8159
6530,創威,31,8,23,台新-台南,2024-11-29,8159
2486,一詮,25,3,22,台新-台南,2024-11-29,8159
9958,世紀鋼,33,11,22,台新-台南,2024-11-29,8159
6770,力積電,133,112,21,台新-台南,2024-11-29,8159
1402,遠東新,21,0,21,台新-台南,2024-11-29,8159
00922,國泰台灣領袖50,19,0,19,台新-台南,2024-11-29,8159
5309,系統電,141,123,18,台新-台南,2024-11-29,8159
1605,華新,21,3,18,台新-台南,2024-11-29,8159
8476,台境*,18,0,18,台新-台南,2024-11-29,8159
2014,中鴻,17,0,17,台新-台南,2024-11-29,8159
2409,友達,23,6,17,台新-台南,2024-11-29,8159
4971,IET-KY,42,26,16,台新-台南,2024-11-29,8159
3591,艾笛森,30,14,16,台新-台南,2024-11-29,8159
3231,緯創,38,23,15,台新-台南,2024-11-29,8159
00953B,群益優選非投等債,15,0,15,台新-台南,2024-11-29,8159
00915,凱基優選高股息30,16,1,15,台新-台南,2024-11-29,8159
006208,富邦台50,18,4,14,台新-台南,2024-11-29,8159
2892,第一金,13,0,13,台新-台南,2024-11-29,8159
5439,高技,14,1,13,台新-台南,2024-11-29,8159
1101,台泥,13,1,12,台新-台南,2024-11-29,8159
4306,炎洲,12,0,12,台新-台南,2024-11-29,8159
1531,高林股,12,0,12,台新-台南,2024-11-29,8159
1905,華紙,12,0,12,台新-台南,2024-11-29,8159
4534,慶騰,15,3,12,台新-台南,2024-11-29,8159
6962,ITH-KY,196,1,195,台新-台南,2024-12-02,8159
3706,神達,416,229,187,台新-台南,2024-12-02,8159
4977,眾達-KY,220,34,186,台新-台南,2024-12-02,8159
4162,智擎,126,0,126,台新-台南,2024-12-02,8159
1522,堤維西,137,25,112,台新-台南,2024-12-02,8159
00688L,國泰20年美債正2,210,122,88,台新-台南,2024-12-02,8159
00680L,元大美債20正2,102,27,75,台新-台南,2024-12-02,8159
00632R,元大台灣50反1,83,10,73,台新-台南,2024-12-02,8159
00715L,期街口布蘭特正2,112,47,65,台新-台南,2024-12-02,8159
00953B,群益優選非投等債,63,0,63,台新-台南,2024-12-02,8159
00918,大華優利高填息30,70,7,63,台新-台南,2024-12-02,8159
00878,國泰永續高股息,112,51,61,台新-台南,2024-12-02,8159
5371,中光電,98,37,61,台新-台南,2024-12-02,8159
00664R,國泰臺灣加權反1,53,0,53,台新-台南,2024-12-02,8159
2312,金寶,174,124,50,台新-台南,2024-12-02,8159
3013,晟銘電,63,16,47,台新-台南,2024-12-02,8159
6127,九豪,52,10,42,台新-台南,2024-12-02,8159
1605,華新,40,0,40,台新-台南,2024-12-02,8159
1717,長興,40,0,40,台新-台南,2024-12-02,8159
2337,旺宏,45,5,40,台新-台南,2024-12-02,8159
0056,元大高股息,39,4,35,台新-台南,2024-12-02,8159
00713,元大台灣高息低波,31,1,30,台新-台南,2024-12-02,8159
6405,悅城,30,1,29,台新-台南,2024-12-02,8159
2375,凱美,90,64,26,台新-台南,2024-12-02,8159
5309,系統電,84,59,25,台新-台南,2024-12-02,8159
1815,富喬,137,112,25,台新-台南,2024-12-02,8159
3211,順達,367,343,24,台新-台南,2024-12-02,8159
3591,艾笛森,22,0,22,台新-台南,2024-12-02,8159
2354,鴻準,44,23,21,台新-台南,2024-12-02,8159
3231,緯創,28,7,21,台新-台南,2024-12-02,8159
4123,晟德,28,8,20,台新-台南,2024-12-02,8159
00961,FT臺灣永續高息,20,0,20,台新-台南,2024-12-02,8159
2392,正崴,34,15,19,台新-台南,2024-12-02,8159
6558,興能高,98,81,17,台新-台南,2024-12-02,8159
6668,中揚光,17,0,17,台新-台南,2024-12-02,8159
3710,連展投控,18,2,16,台新-台南,2024-12-02,8159
5328,華容,153,137,16,台新-台南,2024-12-02,8159
6163,華電網,16,0,16,台新-台南,2024-12-02,8159
4523,永彰,16,0,16,台新-台南,2024-12-02,8159
3481,群創,15,0,15,台新-台南,2024-12-02,8159
3037,欣興,16,1,15,台新-台南,2024-12-02,8159
1314,中石化,18,3,15,台新-台南,2024-12-02,8159
00706L,期元大S＆P日圓正2,15,0,15,台新-台南,2024-12-02,8159
2002,中鋼,14,0,14,台新-台南,2024-12-02,8159
2543,皇昌,13,0,13,台新-台南,2024-12-02,8159
5244,弘凱,52,39,13,台新-台南,2024-12-02,8159
6770,力積電,16,4,12,台新-台南,2024-12-02,8159
8032,光菱,24,12,12,台新-台南,2024-12-02,8159
00922,國泰台灣領袖50,15,3,12,台新-台南,2024-12-02,8159
2356,英業達,14,2,12,台新-台南,2024-12-02,8159
00919,群益台灣精選高息,485,49,436,台新-台南,2024-12-03,8159
00905,FT臺灣Smart,250,2,248,台新-台南,2024-12-03,8159
00918,大華優利高填息30,203,3,200,台新-台南,2024-12-03,8159
00715L,期街口布蘭特正2,177,56,121,台新-台南,2024-12-03,8159
00713,元大台灣高息低波,114,0,114,台新-台南,2024-12-03,8159
2405,輔信,93,7,86,台新-台南,2024-12-03,8159
2618,長榮航,177,92,85,台新-台南,2024-12-03,8159
6244,茂迪,56,0,56,台新-台南,2024-12-03,8159
2312,金寶,61,8,53,台新-台南,2024-12-03,8159
00950B,凱基A級公司債,50,0,50,台新-台南,2024-12-03,8159
2887,台新金,57,9,48,台新-台南,2024-12-03,8159
0056,元大高股息,53,8,45,台新-台南,2024-12-03,8159
00915,凱基優選高股息30,48,7,41,台新-台南,2024-12-03,8159
3413,京鼎,37,2,35,台新-台南,2024-12-03,8159
2646,星宇航空,45,10,35,台新-台南,2024-12-03,8159
4303,信立,466,436,30,台新-台南,2024-12-03,8159
3323,加百裕,81,51,30,台新-台南,2024-12-03,8159
6869,雲豹能源,34,6,28,台新-台南,2024-12-03,8159
1815,富喬,80,52,28,台新-台南,2024-12-03,8159
00878,國泰永續高股息,72,45,27,台新-台南,2024-12-03,8159
1717,長興,26,0,26,台新-台南,2024-12-03,8159
3062,建漢,52,26,26,台新-台南,2024-12-03,8159
3037,欣興,43,18,25,台新-台南,2024-12-03,8159
6443,元晶,26,2,24,台新-台南,2024-12-03,8159
2014,中鴻,22,0,22,台新-台南,2024-12-03,8159
00900,富邦特選高股息30,26,5,21,台新-台南,2024-12-03,8159
3090,日電貿,24,3,21,台新-台南,2024-12-03,8159
3051,力特,20,0,20,台新-台南,2024-12-03,8159
00947,台新臺灣IC設計,20,0,20,台新-台南,2024-12-03,8159
3663,鑫科,19,0,19,台新-台南,2024-12-03,8159
2929,淘帝-KY,18,0,18,台新-台南,2024-12-03,8159
2027,大成鋼,18,1,17,台新-台南,2024-12-03,8159
3031,佰鴻,21,4,17,台新-台南,2024-12-03,8159
2367,燿華,50,34,16,台新-台南,2024-12-03,8159
8042,金山電,24,8,16,台新-台南,2024-12-03,8159
2303,聯電,44,29,15,台新-台南,2024-12-03,8159
00953B,群益優選非投等債,15,0,15,台新-台南,2024-12-03,8159
1528,恩德,16,1,15,台新-台南,2024-12-03,8159
4109,加捷生醫,15,0,15,台新-台南,2024-12-03,8159
3231,緯創,44,29,15,台新-台南,2024-12-03,8159
6605,帝寶,14,0,14,台新-台南,2024-12-03,8159
6548,長科*,14,0,14,台新-台南,2024-12-03,8159
00753L,中信中國50正2,13,0,13,台新-台南,2024-12-03,8159
4915,致伸,14,1,13,台新-台南,2024-12-03,8159
2444,兆勁,13,1,12,台新-台南,2024-12-03,8159
3711,日月光投控,19,7,12,台新-台南,2024-12-03,8159
00961,FT臺灣永續高息,11,0,11,台新-台南,2024-12-03,8159
8096,擎亞,11,0,11,台新-台南,2024-12-03,8159
8016,矽創,11,0,11,台新-台南,2024-12-03,8159
8429,金麗-KY,14,3,11,台新-台南,2024-12-03,8159
00948B,中信優息投資級債,417,0,417,台新-台南,2024-12-04,8159
00878,國泰永續高股息,199,61,138,台新-台南,2024-12-04,8159
2375,凱美,115,22,93,台新-台南,2024-12-04,8159
00918,大華優利高填息30,89,0,89,台新-台南,2024-12-04,8159
00679B,元大美債20年,104,22,82,台新-台南,2024-12-04,8159
00919,群益台灣精選高息,104,22,82,台新-台南,2024-12-04,8159
5864,致和證,70,1,69,台新-台南,2024-12-04,8159
2324,仁寶,75,12,63,台新-台南,2024-12-04,8159
00631L,元大台灣50正2,52,7,45,台新-台南,2024-12-04,8159
5315,光聯,51,8,43,台新-台南,2024-12-04,8159
2891,中信金,44,1,43,台新-台南,2024-12-04,8159
2887,台新金,42,0,42,台新-台南,2024-12-04,8159
00864B,中信美國公債0-1,40,0,40,台新-台南,2024-12-04,8159
00951,台新日本半導體,40,0,40,台新-台南,2024-12-04,8159
00673R,期元大S＆P原油反1,39,0,39,台新-台南,2024-12-04,8159
1605,華新,36,0,36,台新-台南,2024-12-04,8159
2303,聯電,52,18,34,台新-台南,2024-12-04,8159
00915,凱基優選高股息30,33,0,33,台新-台南,2024-12-04,8159
4977,眾達-KY,185,152,33,台新-台南,2024-12-04,8159
2610,華航,96,63,33,台新-台南,2024-12-04,8159
00772B,中信高評級公司債,31,0,31,台新-台南,2024-12-04,8159
1326,台化,30,0,30,台新-台南,2024-12-04,8159
2801,彰銀,30,0,30,台新-台南,2024-12-04,8159
2347,聯強,31,2,29,台新-台南,2024-12-04,8159
2834,臺企銀,29,1,28,台新-台南,2024-12-04,8159
3706,神達,418,391,27,台新-台南,2024-12-04,8159
2344,華邦電,30,4,26,台新-台南,2024-12-04,8159
4968,立積,37,11,26,台新-台南,2024-12-04,8159
5355,佳總,25,0,25,台新-台南,2024-12-04,8159
1603,華電,25,0,25,台新-台南,2024-12-04,8159
2405,輔信,27,3,24,台新-台南,2024-12-04,8159
0056,元大高股息,25,1,24,台新-台南,2024-12-04,8159
2027,大成鋼,23,0,23,台新-台南,2024-12-04,8159
1471,首利,22,0,22,台新-台南,2024-12-04,8159
8476,台境*,27,6,21,台新-台南,2024-12-04,8159
4909,新復興,29,8,21,台新-台南,2024-12-04,8159
2537,聯上發,20,0,20,台新-台南,2024-12-04,8159
2489,瑞軒,24,4,20,台新-台南,2024-12-04,8159
2867,三商壽,20,0,20,台新-台南,2024-12-04,8159
8176,智捷,27,8,19,台新-台南,2024-12-04,8159
6505,台塑化,19,0,19,台新-台南,2024-12-04,8159
00713,元大台灣高息低波,19,1,18,台新-台南,2024-12-04,8159
9914,美利達,19,1,18,台新-台南,2024-12-04,8159
6139,亞翔,23,5,18,台新-台南,2024-12-04,8159
00637L,元大滬深300正2,18,0,18,台新-台南,2024-12-04,8159
4534,慶騰,18,1,17,台新-台南,2024-12-04,8159
2884,玉山金,17,0,17,台新-台南,2024-12-04,8159
8104,錸寶,38,21,17,台新-台南,2024-12-04,8159
00725B,國泰投資級公司債,17,0,17,台新-台南,2024-12-04,8159
2062,橋椿,28,12,16,台新-台南,2024-12-04,8159
00715L,期街口布蘭特正2,362,3,359,台新-台南,2024-12-05,8159
00953B,群益優選非投等債,318,30,288,台新-台南,2024-12-05,8159
6770,力積電,203,2,201,台新-台南,2024-12-05,8159
00937B,群益ESG投等債20,160,5,155,台新-台南,2024-12-05,8159
2317,鴻海,167,47,120,台新-台南,2024-12-05,8159
3211,順達,325,208,117,台新-台南,2024-12-05,8159
4303,信立,350,242,108,台新-台南,2024-12-05,8159
6438,迅得,84,1,83,台新-台南,2024-12-05,8159
2303,聯電,79,17,62,台新-台南,2024-12-05,8159
8932,智通*,54,0,54,台新-台南,2024-12-05,8159
00665L,富邦�琤肭磪囓�2,63,13,50,台新-台南,2024-12-05,8159
3041,揚智,59,10,49,台新-台南,2024-12-05,8159
5328,華容,108,60,48,台新-台南,2024-12-05,8159
2609,陽明,78,30,48,台新-台南,2024-12-05,8159
1216,統一,46,0,46,台新-台南,2024-12-05,8159
4576,大銀微系統,60,16,44,台新-台南,2024-12-05,8159
00712,復華富時不動產,44,0,44,台新-台南,2024-12-05,8159
6757,台灣虎航,52,11,41,台新-台南,2024-12-05,8159
00740B,富邦全球投等債,41,0,41,台新-台南,2024-12-05,8159
3323,加百裕,107,71,36,台新-台南,2024-12-05,8159
6558,興能高,175,140,35,台新-台南,2024-12-05,8159
00918,大華優利高填息30,38,3,35,台新-台南,2024-12-05,8159
6127,九豪,99,66,33,台新-台南,2024-12-05,8159
00919,群益台灣精選高息,76,43,33,台新-台南,2024-12-05,8159
3025,星通,56,24,32,台新-台南,2024-12-05,8159
5309,系統電,69,38,31,台新-台南,2024-12-05,8159
0056,元大高股息,40,10,30,台新-台南,2024-12-05,8159
3704,合勤控,32,3,29,台新-台南,2024-12-05,8159
3591,艾笛森,42,17,25,台新-台南,2024-12-05,8159
00915,凱基優選高股息30,24,0,24,台新-台南,2024-12-05,8159
2543,皇昌,24,0,24,台新-台南,2024-12-05,8159
2436,偉詮電,88,65,23,台新-台南,2024-12-05,8159
5880,合庫金,23,0,23,台新-台南,2024-12-05,8159
00720B,元大投資級公司債,40,17,23,台新-台南,2024-12-05,8159
1471,首利,29,7,22,台新-台南,2024-12-05,8159
00637L,元大滬深300正2,25,3,22,台新-台南,2024-12-05,8159
2615,萬海,29,8,21,台新-台南,2024-12-05,8159
2476,鉅祥,28,7,21,台新-台南,2024-12-05,8159
00706L,期元大S＆P日圓正2,24,3,21,台新-台南,2024-12-05,8159
00885,富邦越南,21,0,21,台新-台南,2024-12-05,8159
00753L,中信中國50正2,26,6,20,台新-台南,2024-12-05,8159
2515,中工,20,0,20,台新-台南,2024-12-05,8159
2332,友訊,22,4,18,台新-台南,2024-12-05,8159
2883,凱基金,95,78,17,台新-台南,2024-12-05,8159
6285,啟��,19,2,17,台新-台南,2024-12-05,8159
3711,日月光投控,21,4,17,台新-台南,2024-12-05,8159
3450,聯鈞,57,42,15,台新-台南,2024-12-05,8159
3376,新日興,20,5,15,台新-台南,2024-12-05,8159
2392,正崴,78,63,15,台新-台南,2024-12-05,8159
5410,國眾,14,0,14,台新-台南,2024-12-05,8159
00715L,期街口布蘭特正2,242,4,238,台新-台南,2024-12-06,8159
3323,加百裕,136,20,116,台新-台南,2024-12-06,8159
00712,復華富時不動產,113,0,113,台新-台南,2024-12-06,8159
00706L,期元大S＆P日圓正2,100,3,97,台新-台南,2024-12-06,8159
3694,海華,108,18,90,台新-台南,2024-12-06,8159
3706,神達,497,428,69,台新-台南,2024-12-06,8159
6505,台塑化,70,2,68,台新-台南,2024-12-06,8159
00878,國泰永續高股息,140,73,67,台新-台南,2024-12-06,8159
3545,敦泰,68,3,65,台新-台南,2024-12-06,8159
00953B,群益優選非投等債,60,0,60,台新-台南,2024-12-06,8159
00918,大華優利高填息30,56,0,56,台新-台南,2024-12-06,8159
1326,台化,54,0,54,台新-台南,2024-12-06,8159
1815,富喬,169,120,49,台新-台南,2024-12-06,8159
6112,邁達特,91,44,47,台新-台南,2024-12-06,8159
9105,泰金寶-DR,187,141,46,台新-台南,2024-12-06,8159
00915,凱基優選高股息30,44,0,44,台新-台南,2024-12-06,8159
2014,中鴻,41,2,39,台新-台南,2024-12-06,8159
2354,鴻準,385,348,37,台新-台南,2024-12-06,8159
8042,金山電,43,8,35,台新-台南,2024-12-06,8159
2317,鴻海,78,44,34,台新-台南,2024-12-06,8159
2455,全新,49,16,33,台新-台南,2024-12-06,8159
2049,上銀,38,5,33,台新-台南,2024-12-06,8159
8932,智通*,32,0,32,台新-台南,2024-12-06,8159
9914,美利達,31,0,31,台新-台南,2024-12-06,8159
6185,幃翔,30,0,30,台新-台南,2024-12-06,8159
3521,鴻翊,28,0,28,台新-台南,2024-12-06,8159
4303,信立,45,18,27,台新-台南,2024-12-06,8159
3090,日電貿,35,9,26,台新-台南,2024-12-06,8159
00642U,期元大S＆P石油,26,0,26,台新-台南,2024-12-06,8159
8069,元太,29,6,23,台新-台南,2024-12-06,8159
3689,湧德,65,43,22,台新-台南,2024-12-06,8159
2610,華航,40,19,21,台新-台南,2024-12-06,8159
3257,虹冠電,22,1,21,台新-台南,2024-12-06,8159
5328,華容,39,19,20,台新-台南,2024-12-06,8159
6806,森崴能源,20,0,20,台新-台南,2024-12-06,8159
2801,彰銀,20,0,20,台新-台南,2024-12-06,8159
00737,國泰AI+Robo,20,0,20,台新-台南,2024-12-06,8159
5443,均豪,20,0,20,台新-台南,2024-12-06,8159
3593,力銘,20,1,19,台新-台南,2024-12-06,8159
8112,至上,21,2,19,台新-台南,2024-12-06,8159
6558,興能高,78,60,18,台新-台南,2024-12-06,8159
3625,西勝,20,2,18,台新-台南,2024-12-06,8159
2363,矽統,24,6,18,台新-台南,2024-12-06,8159
2337,旺宏,53,35,18,台新-台南,2024-12-06,8159
4919,新唐,59,41,18,台新-台南,2024-12-06,8159
5488,松普,19,1,18,台新-台南,2024-12-06,8159
00909,國泰數位支付服務,18,0,18,台新-台南,2024-12-06,8159
2609,陽明,43,25,18,台新-台南,2024-12-06,8159
6438,迅得,22,5,17,台新-台南,2024-12-06,8159
5880,合庫金,17,0,17,台新-台南,2024-12-06,8159
00909,國泰數位支付服務,598,2,596,台新-台南,2024-12-09,8159
00688L,國泰20年美債正2,500,0,500,台新-台南,2024-12-09,8159
00715L,期街口布蘭特正2,373,5,368,台新-台南,2024-12-09,8159
00915,凱基優選高股息30,226,0,226,台新-台南,2024-12-09,8159
00953B,群益優選非投等債,173,17,156,台新-台南,2024-12-09,8159
4303,信立,154,21,133,台新-台南,2024-12-09,8159
1402,遠東新,125,0,125,台新-台南,2024-12-09,8159
1216,統一,93,1,92,台新-台南,2024-12-09,8159
9105,泰金寶-DR,146,59,87,台新-台南,2024-12-09,8159
2337,旺宏,87,3,84,台新-台南,2024-12-09,8159
00662,富邦NASDAQ,71,1,70,台新-台南,2024-12-09,8159
2834,臺企銀,62,3,59,台新-台南,2024-12-09,8159
2317,鴻海,65,8,57,台新-台南,2024-12-09,8159
2633,台灣高鐵,56,0,56,台新-台南,2024-12-09,8159
0056,元大高股息,70,19,51,台新-台南,2024-12-09,8159
1442,名軒,51,1,50,台新-台南,2024-12-09,8159
3032,偉訓,58,13,45,台新-台南,2024-12-09,8159
2399,映泰,145,105,40,台新-台南,2024-12-09,8159
5244,弘凱,52,17,35,台新-台南,2024-12-09,8159
1471,首利,30,1,29,台新-台南,2024-12-09,8159
8112,至上,29,1,28,台新-台南,2024-12-09,8159
2891,中信金,32,5,27,台新-台南,2024-12-09,8159
6962,ITH-KY,27,1,26,台新-台南,2024-12-09,8159
4927,泰鼎-KY,26,0,26,台新-台南,2024-12-09,8159
3013,晟銘電,28,3,25,台新-台南,2024-12-09,8159
6438,迅得,27,2,25,台新-台南,2024-12-09,8159
2520,冠德,24,0,24,台新-台南,2024-12-09,8159
8249,菱光,28,4,24,台新-台南,2024-12-09,8159
2230,泰茂,23,0,23,台新-台南,2024-12-09,8159
1326,台化,28,5,23,台新-台南,2024-12-09,8159
2367,燿華,22,0,22,台新-台南,2024-12-09,8159
3715,定穎投控,46,24,22,台新-台南,2024-12-09,8159
3029,零壹,293,272,21,台新-台南,2024-12-09,8159
2375,凱美,25,4,21,台新-台南,2024-12-09,8159
00951,台新日本半導體,42,21,21,台新-台南,2024-12-09,8159
2204,中華,20,0,20,台新-台南,2024-12-09,8159
00921,兆豐龍頭等權重,20,0,20,台新-台南,2024-12-09,8159
8047,星雲,20,0,20,台新-台南,2024-12-09,8159
2603,長榮,92,73,19,台新-台南,2024-12-09,8159
006208,富邦台50,23,4,19,台新-台南,2024-12-09,8159
2402,毅嘉,18,0,18,台新-台南,2024-12-09,8159
2324,仁寶,150,132,18,台新-台南,2024-12-09,8159
3622,洋華,19,2,17,台新-台南,2024-12-09,8159
2349,錸德,17,0,17,台新-台南,2024-12-09,8159
1708,東鹼,18,1,17,台新-台南,2024-12-09,8159
3224,三顧,17,0,17,台新-台南,2024-12-09,8159
2354,鴻準,203,186,17,台新-台南,2024-12-09,8159
4510,高鋒,22,6,16,台新-台南,2024-12-09,8159
2468,華經,29,13,16,台新-台南,2024-12-09,8159
2489,瑞軒,19,3,16,台新-台南,2024-12-09,8159
4303,信立,430,52,378,台新-台南,2024-12-10,8159
2618,長榮航,340,42,298,台新-台南,2024-12-10,8159
00680L,元大美債20正2,322,39,283,台新-台南,2024-12-10,8159
1802,台玻,203,1,202,台新-台南,2024-12-10,8159
00688L,國泰20年美債正2,124,1,123,台新-台南,2024-12-10,8159
00918,大華優利高填息30,88,2,86,台新-台南,2024-12-10,8159
0056,元大高股息,86,4,82,台新-台南,2024-12-10,8159
00737,國泰AI+Robo,82,0,82,台新-台南,2024-12-10,8159
2317,鴻海,113,33,80,台新-台南,2024-12-10,8159
00962,台新AI優息動能,72,5,67,台新-台南,2024-12-10,8159
2547,日勝生,65,5,60,台新-台南,2024-12-10,8159
00753L,中信中國50正2,286,227,59,台新-台南,2024-12-10,8159
3339,泰谷,54,0,54,台新-台南,2024-12-10,8159
00909,國泰數位支付服務,55,4,51,台新-台南,2024-12-10,8159
00878,國泰永續高股息,76,26,50,台新-台南,2024-12-10,8159
2303,聯電,55,6,49,台新-台南,2024-12-10,8159
3706,神達,764,716,48,台新-台南,2024-12-10,8159
2609,陽明,239,192,47,台新-台南,2024-12-10,8159
00637L,元大滬深300正2,170,124,46,台新-台南,2024-12-10,8159
1449,佳和,77,40,37,台新-台南,2024-12-10,8159
00961,FT臺灣永續高息,37,0,37,台新-台南,2024-12-10,8159
00942B,台新美A公司債20+,36,0,36,台新-台南,2024-12-10,8159
2354,鴻準,52,17,35,台新-台南,2024-12-10,8159
2537,聯上發,34,0,34,台新-台南,2024-12-10,8159
2027,大成鋼,34,1,33,台新-台南,2024-12-10,8159
2543,皇昌,38,5,33,台新-台南,2024-12-10,8159
3019,亞光,60,29,31,台新-台南,2024-12-10,8159
00642U,期元大S＆P石油,30,0,30,台新-台南,2024-12-10,8159
1815,富喬,113,84,29,台新-台南,2024-12-10,8159
1319,東陽,30,3,27,台新-台南,2024-12-10,8159
4306,炎洲,27,0,27,台新-台南,2024-12-10,8159
2399,映泰,58,32,26,台新-台南,2024-12-10,8159
2105,正新,26,1,25,台新-台南,2024-12-10,8159
5244,弘凱,25,0,25,台新-台南,2024-12-10,8159
1229,聯華,23,0,23,台新-台南,2024-12-10,8159
00922,國泰台灣領袖50,39,16,23,台新-台南,2024-12-10,8159
00919,群益台灣精選高息,73,51,22,台新-台南,2024-12-10,8159
1216,統一,21,1,20,台新-台南,2024-12-10,8159
2883,凱基金,29,9,20,台新-台南,2024-12-10,8159
2838,聯邦銀,20,0,20,台新-台南,2024-12-10,8159
1301,台塑,42,24,18,台新-台南,2024-12-10,8159
5439,高技,25,8,17,台新-台南,2024-12-10,8159
8011,台通,17,0,17,台新-台南,2024-12-10,8159
00915,凱基優選高股息30,19,2,17,台新-台南,2024-12-10,8159
3013,晟銘電,53,37,16,台新-台南,2024-12-10,8159
1528,恩德,17,1,16,台新-台南,2024-12-10,8159
1101,台泥,87,72,15,台新-台南,2024-12-10,8159
6505,台塑化,19,4,15,台新-台南,2024-12-10,8159
1710,東聯,15,0,15,台新-台南,2024-12-10,8159
2353,宏��,27,13,14,台新-台南,2024-12-10,8159
00688L,國泰20年美債正2,836,0,836,台新-台南,2024-12-11,8159
00680L,元大美債20正2,374,0,374,台新-台南,2024-12-11,8159
2618,長榮航,317,73,244,台新-台南,2024-12-11,8159
00919,群益台灣精選高息,204,16,188,台新-台南,2024-12-11,8159
00918,大華優利高填息30,143,6,137,台新-台南,2024-12-11,8159
2323,中環,115,0,115,台新-台南,2024-12-11,8159
00940,元大台灣價值高息,101,10,91,台新-台南,2024-12-11,8159
00878,國泰永續高股息,106,27,79,台新-台南,2024-12-11,8159
4303,信立,78,9,69,台新-台南,2024-12-11,8159
8011,台通,63,1,62,台新-台南,2024-12-11,8159
3694,海華,60,0,60,台新-台南,2024-12-11,8159
0056,元大高股息,67,8,59,台新-台南,2024-12-11,8159
2337,旺宏,58,2,56,台新-台南,2024-12-11,8159
2382,廣達,60,5,55,台新-台南,2024-12-11,8159
5324,士開,48,0,48,台新-台南,2024-12-11,8159
6167,久正,41,1,40,台新-台南,2024-12-11,8159
2002,中鋼,41,3,38,台新-台南,2024-12-11,8159
3339,泰谷,38,0,38,台新-台南,2024-12-11,8159
2610,華航,55,18,37,台新-台南,2024-12-11,8159
00915,凱基優選高股息30,43,7,36,台新-台南,2024-12-11,8159
2748,雲品,917,882,35,台新-台南,2024-12-11,8159
6770,力積電,145,111,34,台新-台南,2024-12-11,8159
00948B,中信優息投資級債,33,1,32,台新-台南,2024-12-11,8159
2609,陽明,95,63,32,台新-台南,2024-12-11,8159
2615,萬海,37,6,31,台新-台南,2024-12-11,8159
2303,聯電,55,25,30,台新-台南,2024-12-11,8159
00965,元大航太防衛科技,30,0,30,台新-台南,2024-12-11,8159
1110,東泥,30,0,30,台新-台南,2024-12-11,8159
0050,元大台灣50,30,0,30,台新-台南,2024-12-11,8159
8089,康全電訊,42,13,29,台新-台南,2024-12-11,8159
4560,強信-KY,27,0,27,台新-台南,2024-12-11,8159
00713,元大台灣高息低波,29,2,27,台新-台南,2024-12-11,8159
1605,華新,28,2,26,台新-台南,2024-12-11,8159
2887,台新金,30,5,25,台新-台南,2024-12-11,8159
5371,中光電,54,28,26,台新-台南,2024-12-11,8159
2211,長榮鋼,25,1,24,台新-台南,2024-12-11,8159
2399,映泰,59,35,24,台新-台南,2024-12-11,8159
3484,崧騰,27,4,23,台新-台南,2024-12-11,8159
00687B,國泰20年美債,29,6,23,台新-台南,2024-12-11,8159
8054,安國,175,154,21,台新-台南,2024-12-11,8159
006208,富邦台50,26,5,21,台新-台南,2024-12-11,8159
2344,華邦電,37,16,21,台新-台南,2024-12-11,8159
1444,力麗,20,0,20,台新-台南,2024-12-11,8159
00945B,凱基美國非投等債,20,0,20,台新-台南,2024-12-11,8159
1440,南紡,20,0,20,台新-台南,2024-12-11,8159
2201,裕隆,21,1,20,台新-台南,2024-12-11,8159
1326,台化,19,0,19,台新-台南,2024-12-11,8159
5488,松普,29,10,19,台新-台南,2024-12-11,8159
2312,金寶,43,24,19,台新-台南,2024-12-11,8159
00922,國泰台灣領袖50,21,4,17,台新-台南,2024-12-11,8159
00673R,期元大S＆P原油反1,227,0,227,台新-台南,2024-12-12,8159
00697B,元大美債7-10,157,1,156,台新-台南,2024-12-12,8159
00680L,元大美債20正2,133,5,128,台新-台南,2024-12-12,8159
00687B,國泰20年美債,120,17,103,台新-台南,2024-12-12,8159
00915,凱基優選高股息30,100,1,99,台新-台南,2024-12-12,8159
00918,大華優利高填息30,96,3,93,台新-台南,2024-12-12,8159
6770,力積電,73,6,67,台新-台南,2024-12-12,8159
1220,台榮,65,1,64,台新-台南,2024-12-12,8159
3694,海華,122,62,60,台新-台南,2024-12-12,8159
1304,台聚,55,0,55,台新-台南,2024-12-12,8159
00664R,國泰臺灣加權反1,54,0,54,台新-台南,2024-12-12,8159
2303,聯電,81,27,54,台新-台南,2024-12-12,8159
1301,台塑,73,20,53,台新-台南,2024-12-12,8159
3029,零壹,148,96,52,台新-台南,2024-12-12,8159
2312,金寶,104,55,49,台新-台南,2024-12-12,8159
00878,國泰永續高股息,54,15,39,台新-台南,2024-12-12,8159
1303,南亞,40,7,33,台新-台南,2024-12-12,8159
2002,中鋼,32,0,32,台新-台南,2024-12-12,8159
00688L,國泰20年美債正2,32,0,32,台新-台南,2024-12-12,8159
2344,華邦電,40,8,32,台新-台南,2024-12-12,8159
00953B,群益優選非投等債,31,1,30,台新-台南,2024-12-12,8159
0056,元大高股息,40,11,29,台新-台南,2024-12-12,8159
5213,亞昕,30,1,29,台新-台南,2024-12-12,8159
2033,佳大,29,1,28,台新-台南,2024-12-12,8159
6442,光聖,40,13,27,台新-台南,2024-12-12,8159
6854,錼創科技-KY創,26,0,26,台新-台南,2024-12-12,8159
3339,泰谷,26,0,26,台新-台南,2024-12-12,8159
2025,千興,26,0,26,台新-台南,2024-12-12,8159
00931B,統一美債20年,25,0,25,台新-台南,2024-12-12,8159
1326,台化,26,2,24,台新-台南,2024-12-12,8159
3323,加百裕,33,9,24,台新-台南,2024-12-12,8159
3189,景碩,23,2,21,台新-台南,2024-12-12,8159
2537,聯上發,21,0,21,台新-台南,2024-12-12,8159
3715,定穎投控,24,3,21,台新-台南,2024-12-12,8159
1440,南紡,20,0,20,台新-台南,2024-12-12,8159
00795B,中信美國公債20年,22,2,20,台新-台南,2024-12-12,8159
4306,炎洲,18,0,18,台新-台南,2024-12-12,8159
6609,瀧澤科,19,1,18,台新-台南,2024-12-12,8159
2027,大成鋼,18,0,18,台新-台南,2024-12-12,8159
00921,兆豐龍頭等權重,17,0,17,台新-台南,2024-12-12,8159
4111,濟生,17,0,17,台新-台南,2024-12-12,8159
00751B,元大AAA至A公司債,17,0,17,台新-台南,2024-12-12,8159
6108,競國,17,0,17,台新-台南,2024-12-12,8159
6438,迅得,16,0,16,台新-台南,2024-12-12,8159
8476,台境*,16,0,16,台新-台南,2024-12-12,8159
2354,鴻準,39,23,16,台新-台南,2024-12-12,8159
8069,元太,16,0,16,台新-台南,2024-12-12,8159
00919,群益台灣精選高息,42,26,16,台新-台南,2024-12-12,8159
6274,台燿,35,19,16,台新-台南,2024-12-12,8159
00948B,中信優息投資級債,20,5,15,台新-台南,2024-12-12,8159
3481,群創,615,10,605,台新-台南,2024-12-13,8159
00680L,元大美債20正2,452,5,447,台新-台南,2024-12-13,8159
00679B,元大美債20年,325,19,306,台新-台南,2024-12-13,8159
00688L,國泰20年美債正2,265,0,265,台新-台南,2024-12-13,8159
0056,元大高股息,184,2,182,台新-台南,2024-12-13,8159
1303,南亞,208,43,165,台新-台南,2024-12-13,8159
00918,大華優利高填息30,141,3,138,台新-台南,2024-12-13,8159
00753L,中信中國50正2,135,0,135,台新-台南,2024-12-13,8159
00919,群益台灣精選高息,146,15,131,台新-台南,2024-12-13,8159
00937B,群益ESG投等債20,143,48,95,台新-台南,2024-12-13,8159
00878,國泰永續高股息,102,23,79,台新-台南,2024-12-13,8159
1301,台塑,119,42,77,台新-台南,2024-12-13,8159
3706,神達,582,514,68,台新-台南,2024-12-13,8159
2033,佳大,60,1,59,台新-台南,2024-12-13,8159
2313,華通,165,109,56,台新-台南,2024-12-13,8159
2317,鴻海,97,43,54,台新-台南,2024-12-13,8159
2002,中鋼,52,2,50,台新-台南,2024-12-13,8159
00857B,永豐20年美公債,50,0,50,台新-台南,2024-12-13,8159
2354,鴻準,58,10,48,台新-台南,2024-12-13,8159
5244,弘凱,44,0,44,台新-台南,2024-12-13,8159
2353,宏��,42,0,42,台新-台南,2024-12-13,8159
00915,凱基優選高股息30,42,1,41,台新-台南,2024-12-13,8159
2356,英業達,43,2,41,台新-台南,2024-12-13,8159
2887,台新金,42,1,41,台新-台南,2024-12-13,8159
2367,燿華,49,9,40,台新-台南,2024-12-13,8159
00696B,富邦美債20年,40,0,40,台新-台南,2024-12-13,8159
2359,所羅門,49,13,36,台新-台南,2024-12-13,8159
3231,緯創,39,4,35,台新-台南,2024-12-13,8159
2020,美亞,35,0,35,台新-台南,2024-12-13,8159
00921,兆豐龍頭等權重,33,0,33,台新-台南,2024-12-13,8159
00687B,國泰20年美債,39,7,32,台新-台南,2024-12-13,8159
00932,兆豐永續高息等權,32,0,32,台新-台南,2024-12-13,8159
6438,迅得,40,8,32,台新-台南,2024-12-13,8159
5309,系統電,33,2,31,台新-台南,2024-12-13,8159
2515,中工,32,1,31,台新-台南,2024-12-13,8159
2457,飛宏,35,4,31,台新-台南,2024-12-13,8159
1781,合世,31,0,31,台新-台南,2024-12-13,8159
00673R,期元大S＆P原油反1,50,20,30,台新-台南,2024-12-13,8159
3147,大綜,34,4,30,台新-台南,2024-12-13,8159
2337,旺宏,30,1,29,台新-台南,2024-12-13,8159
00948B,中信優息投資級債,29,0,29,台新-台南,2024-12-13,8159
6962,ITH-KY,32,3,29,台新-台南,2024-12-13,8159
1440,南紡,31,2,29,台新-台南,2024-12-13,8159
2382,廣達,42,13,29,台新-台南,2024-12-13,8159
4577,達航科技,28,2,26,台新-台南,2024-12-13,8159
3704,合勤控,30,4,26,台新-台南,2024-12-13,8159
3037,欣興,28,3,25,台新-台南,2024-12-13,8159
00713,元大台灣高息低波,25,0,25,台新-台南,2024-12-13,8159
00708L,期元大S＆P黃金正2,25,0,25,台新-台南,2024-12-13,8159
2027,大成鋼,24,0,24,台新-台南,2024-12-13,8159
1815,富喬,465,196,269,台新-台南,2024-12-16,8159
00918,大華優利高填息30,259,6,253,台新-台南,2024-12-16,8159
00937B,群益ESG投等債20,193,21,172,台新-台南,2024-12-16,8159
1217,愛之味,290,120,170,台新-台南,2024-12-16,8159
00680L,元大美債20正2,164,17,147,台新-台南,2024-12-16,8159
00757,統一FANG+,133,0,133,台新-台南,2024-12-16,8159
2801,彰銀,105,0,105,台新-台南,2024-12-16,8159
00919,群益台灣精選高息,150,48,102,台新-台南,2024-12-16,8159
2344,華邦電,119,20,99,台新-台南,2024-12-16,8159
1303,南亞,121,22,99,台新-台南,2024-12-16,8159
00673R,期元大S＆P原油反1,97,0,97,台新-台南,2024-12-16,8159
0056,元大高股息,103,20,83,台新-台南,2024-12-16,8159
00940,元大台灣價值高息,140,63,77,台新-台南,2024-12-16,8159
00688L,國泰20年美債正2,74,0,74,台新-台南,2024-12-16,8159
1909,榮成,72,0,72,台新-台南,2024-12-16,8159
00878,國泰永續高股息,100,31,69,台新-台南,2024-12-16,8159
2002,中鋼,70,10,60,台新-台南,2024-12-16,8159
2455,全新,60,8,52,台新-台南,2024-12-16,8159
2317,鴻海,101,50,51,台新-台南,2024-12-16,8159
6443,元晶,49,0,49,台新-台南,2024-12-16,8159
2354,鴻準,72,25,47,台新-台南,2024-12-16,8159
00915,凱基優選高股息30,46,2,44,台新-台南,2024-12-16,8159
3323,加百裕,68,25,43,台新-台南,2024-12-16,8159
00948B,中信優息投資級債,58,20,38,台新-台南,2024-12-16,8159
2887,台新金,49,11,38,台新-台南,2024-12-16,8159
8996,高力,51,14,37,台新-台南,2024-12-16,8159
2609,陽明,164,128,36,台新-台南,2024-12-16,8159
1785,光洋科,66,31,35,台新-台南,2024-12-16,8159
4157,太景*-KY,28,0,28,台新-台南,2024-12-16,8159
2367,燿華,65,38,27,台新-台南,2024-12-16,8159
2020,美亞,26,0,26,台新-台南,2024-12-16,8159
00753L,中信中國50正2,25,0,25,台新-台南,2024-12-16,8159
5443,均豪,43,19,24,台新-台南,2024-12-16,8159
00679B,元大美債20年,39,17,22,台新-台南,2024-12-16,8159
3545,敦泰,23,1,22,台新-台南,2024-12-16,8159
2449,京元電子,28,6,22,台新-台南,2024-12-16,8159
2486,一詮,24,3,21,台新-台南,2024-12-16,8159
4939,亞電,20,0,20,台新-台南,2024-12-16,8159
00676R,富邦臺灣加權反1,20,0,20,台新-台南,2024-12-16,8159
00947,台新臺灣IC設計,20,0,20,台新-台南,2024-12-16,8159
1314,中石化,19,0,19,台新-台南,2024-12-16,8159
3706,神達,139,120,19,台新-台南,2024-12-16,8159
2409,友達,21,4,17,台新-台南,2024-12-16,8159
6187,萬潤,33,17,16,台新-台南,2024-12-16,8159
00946,群益科技高息成長,16,0,16,台新-台南,2024-12-16,8159
00943,兆豐電子高息等權,16,0,16,台新-台南,2024-12-16,8159
1524,耿鼎,25,9,16,台新-台南,2024-12-16,8159
3317,尼克森,20,4,16,台新-台南,2024-12-16,8159
00713,元大台灣高息低波,24,8,16,台新-台南,2024-12-16,8159
6274,台燿,20,4,16,台新-台南,2024-12-16,8159
00680L,元大美債20正2,815,0,815,台新-台南,2024-12-17,8159
00688L,國泰20年美債正2,339,0,339,台新-台南,2024-12-17,8159
9105,泰金寶-DR,665,358,307,台新-台南,2024-12-17,8159
00918,大華優利高填息30,305,0,305,台新-台南,2024-12-17,8159
00937B,群益ESG投等債20,176,0,176,台新-台南,2024-12-17,8159
2801,彰銀,155,5,150,台新-台南,2024-12-17,8159
3481,群創,152,32,120,台新-台南,2024-12-17,8159
2027,大成鋼,108,0,108,台新-台南,2024-12-17,8159
00915,凱基優選高股息30,117,10,107,台新-台南,2024-12-17,8159
1301,台塑,117,15,102,台新-台南,2024-12-17,8159
1216,統一,94,0,94,台新-台南,2024-12-17,8159
00713,元大台灣高息低波,84,2,82,台新-台南,2024-12-17,8159
2303,聯電,117,36,81,台新-台南,2024-12-17,8159
0056,元大高股息,103,27,76,台新-台南,2024-12-17,8159
00961,FT臺灣永續高息,76,0,76,台新-台南,2024-12-17,8159
1815,富喬,103,32,71,台新-台南,2024-12-17,8159
2002,中鋼,71,22,49,台新-台南,2024-12-17,8159
00687B,國泰20年美債,47,0,47,台新-台南,2024-12-17,8159
2886,兆豐金,46,0,46,台新-台南,2024-12-17,8159
00948B,中信優息投資級債,41,0,41,台新-台南,2024-12-17,8159
1402,遠東新,41,0,41,台新-台南,2024-12-17,8159
2834,臺企銀,50,10,40,台新-台南,2024-12-17,8159
2855,統一證,40,0,40,台新-台南,2024-12-17,8159
2883,凱基金,41,1,40,台新-台南,2024-12-17,8159
00679B,元大美債20年,48,9,39,台新-台南,2024-12-17,8159
0050,元大台灣50,54,17,37,台新-台南,2024-12-17,8159
2317,鴻海,115,82,33,台新-台南,2024-12-17,8159
2882,國泰金,38,6,32,台新-台南,2024-12-17,8159
8047,星雲,39,7,32,台新-台南,2024-12-17,8159
00878,國泰永續高股息,42,12,30,台新-台南,2024-12-17,8159
3231,緯創,42,14,28,台新-台南,2024-12-17,8159
00919,群益台灣精選高息,79,52,27,台新-台南,2024-12-17,8159
2609,陽明,59,33,26,台新-台南,2024-12-17,8159
6215,和椿,98,73,25,台新-台南,2024-12-17,8159
00882,中信中國高股息,24,0,24,台新-台南,2024-12-17,8159
2402,毅嘉,23,0,23,台新-台南,2024-12-17,8159
00631L,元大台灣50正2,28,5,23,台新-台南,2024-12-17,8159
2409,友達,33,11,22,台新-台南,2024-12-17,8159
2885,元大金,21,0,21,台新-台南,2024-12-17,8159
9914,美利達,21,0,21,台新-台南,2024-12-17,8159
2101,南港,21,0,21,台新-台南,2024-12-17,8159
3013,晟銘電,54,33,21,台新-台南,2024-12-17,8159
1326,台化,28,8,20,台新-台南,2024-12-17,8159
8476,台境*,28,8,20,台新-台南,2024-12-17,8159
2537,聯上發,21,2,19,台新-台南,2024-12-17,8159
3189,景碩,20,2,18,台新-台南,2024-12-17,8159
2449,京元電子,25,8,17,台新-台南,2024-12-17,8159
2365,昆盈,48,31,17,台新-台南,2024-12-17,8159
2314,台揚,17,0,17,台新-台南,2024-12-17,8159
00753L,中信中國50正2,17,0,17,台新-台南,2024-12-17,8159
9105,泰金寶-DR,1024,396,628,台新-台南,2024-12-18,8159
00918,大華優利高填息30,255,2,253,台新-台南,2024-12-18,8159
00929,復華台灣科技優息,334,105,229,台新-台南,2024-12-18,8159
00966B,統一ESG投等債15,100,0,100,台新-台南,2024-12-18,8159
3481,群創,115,18,97,台新-台南,2024-12-18,8159
3715,定穎投控,116,33,83,台新-台南,2024-12-18,8159
00712,復華富時不動產,79,0,79,台新-台南,2024-12-18,8159
2312,金寶,131,61,70,台新-台南,2024-12-18,8159
2367,燿華,71,4,67,台新-台南,2024-12-18,8159
3706,神達,168,106,62,台新-台南,2024-12-18,8159
2230,泰茂,61,3,58,台新-台南,2024-12-18,8159
1464,得力,55,0,55,台新-台南,2024-12-18,8159
2374,佳能,98,44,54,台新-台南,2024-12-18,8159
2303,聯電,127,76,51,台新-台南,2024-12-18,8159
00720B,元大投資級公司債,50,0,50,台新-台南,2024-12-18,8159
3013,晟銘電,53,6,47,台新-台南,2024-12-18,8159
0056,元大高股息,50,6,44,台新-台南,2024-12-18,8159
00715L,期街口布蘭特正2,47,5,42,台新-台南,2024-12-18,8159
1314,中石化,41,0,41,台新-台南,2024-12-18,8159
00662,富邦NASDAQ,40,0,40,台新-台南,2024-12-18,8159
6869,雲豹能源,54,16,38,台新-台南,2024-12-18,8159
2609,陽明,59,23,36,台新-台南,2024-12-18,8159
1217,愛之味,54,20,34,台新-台南,2024-12-18,8159
00688L,國泰20年美債正2,42,10,32,台新-台南,2024-12-18,8159
00713,元大台灣高息低波,29,0,29,台新-台南,2024-12-18,8159
4958,臻鼎-KY,51,27,24,台新-台南,2024-12-18,8159
2027,大成鋼,48,25,23,台新-台南,2024-12-18,8159
1785,光洋科,24,1,23,台新-台南,2024-12-18,8159
2388,威盛,32,10,22,台新-台南,2024-12-18,8159
2408,南亞科,40,18,22,台新-台南,2024-12-18,8159
00687B,國泰20年美債,21,0,21,台新-台南,2024-12-18,8159
3231,緯創,26,5,21,台新-台南,2024-12-18,8159
3037,欣興,24,4,20,台新-台南,2024-12-18,8159
8046,南電,20,0,20,台新-台南,2024-12-18,8159
2506,太設,20,0,20,台新-台南,2024-12-18,8159
4576,大銀微系統,66,47,19,台新-台南,2024-12-18,8159
2436,偉詮電,18,0,18,台新-台南,2024-12-18,8159
2618,長榮航,337,320,17,台新-台南,2024-12-18,8159
9939,宏全,17,0,17,台新-台南,2024-12-18,8159
3689,湧德,50,34,16,台新-台南,2024-12-18,8159
2354,鴻準,24,8,16,台新-台南,2024-12-18,8159
2332,友訊,29,13,16,台新-台南,2024-12-18,8159
6695,芯鼎,22,7,15,台新-台南,2024-12-18,8159
9914,美利達,15,0,15,台新-台南,2024-12-18,8159
00665L,富邦�琤肭磪囓�2,42,27,15,台新-台南,2024-12-18,8159
2472,立隆電,19,4,15,台新-台南,2024-12-18,8159
3056,富華新,15,0,15,台新-台南,2024-12-18,8159
1528,恩德,15,0,15,台新-台南,2024-12-18,8159
8249,菱光,117,103,14,台新-台南,2024-12-18,8159
00922,國泰台灣領袖50,14,1,13,台新-台南,2024-12-18,8159
00679B,元大美債20年,295,38,257,台新-台南,2024-12-19,8159
3481,群創,260,21,239,台新-台南,2024-12-19,8159
00918,大華優利高填息30,204,21,183,台新-台南,2024-12-19,8159
00878,國泰永續高股息,198,16,182,台新-台南,2024-12-19,8159
00712,復華富時不動產,194,17,177,台新-台南,2024-12-19,8159
00919,群益台灣精選高息,330,166,164,台新-台南,2024-12-19,8159
2317,鴻海,166,17,149,台新-台南,2024-12-19,8159
00922,國泰台灣領袖50,137,0,137,台新-台南,2024-12-19,8159
2887,台新金,141,12,129,台新-台南,2024-12-19,8159
2834,臺企銀,120,1,119,台新-台南,2024-12-19,8159
1101,台泥,119,3,116,台新-台南,2024-12-19,8159
00688L,國泰20年美債正2,134,20,114,台新-台南,2024-12-19,8159
00937B,群益ESG投等債20,339,226,113,台新-台南,2024-12-19,8159
3715,定穎投控,102,0,102,台新-台南,2024-12-19,8159
00706L,期元大S＆P日圓正2,100,0,100,台新-台南,2024-12-19,8159
00966B,統一ESG投等債15,100,0,100,台新-台南,2024-12-19,8159
00680L,元大美債20正2,196,126,70,台新-台南,2024-12-19,8159
9958,世紀鋼,84,15,69,台新-台南,2024-12-19,8159
00687B,國泰20年美債,82,13,69,台新-台南,2024-12-19,8159
2303,聯電,107,49,58,台新-台南,2024-12-19,8159
00953B,群益優選非投等債,53,0,53,台新-台南,2024-12-19,8159
00720B,元大投資級公司債,53,0,53,台新-台南,2024-12-19,8159
3706,神達,222,170,52,台新-台南,2024-12-19,8159
2103,台橡,50,0,50,台新-台南,2024-12-19,8159
0056,元大高股息,52,4,48,台新-台南,2024-12-19,8159
8476,台境*,46,0,46,台新-台南,2024-12-19,8159
2408,南亞科,63,18,45,台新-台南,2024-12-19,8159
1216,統一,40,0,40,台新-台南,2024-12-19,8159
2883,凱基金,60,22,38,台新-台南,2024-12-19,8159
4931,新盛力,194,159,35,台新-台南,2024-12-19,8159
00915,凱基優選高股息30,45,12,33,台新-台南,2024-12-19,8159
00933B,國泰10Y+金融債,36,3,33,台新-台南,2024-12-19,8159
00753L,中信中國50正2,40,8,32,台新-台南,2024-12-19,8159
2892,第一金,36,4,32,台新-台南,2024-12-19,8159
00857B,永豐20年美公債,34,3,31,台新-台南,2024-12-19,8159
2609,陽明,73,42,31,台新-台南,2024-12-19,8159
3663,鑫科,30,0,30,台新-台南,2024-12-19,8159
2409,友達,40,10,30,台新-台南,2024-12-19,8159
3376,新日興,45,15,30,台新-台南,2024-12-19,8159
006208,富邦台50,30,2,28,台新-台南,2024-12-19,8159
4303,信立,27,1,26,台新-台南,2024-12-19,8159
2891,中信金,31,6,25,台新-台南,2024-12-19,8159
1326,台化,26,1,25,台新-台南,2024-12-19,8159
00858,永豐美國500大,25,0,25,台新-台南,2024-12-19,8159
2371,大同,30,5,25,台新-台南,2024-12-19,8159
3323,加百裕,92,68,24,台新-台南,2024-12-19,8159
8932,智通*,24,0,24,台新-台南,2024-12-19,8159
2880,華南金,23,0,23,台新-台南,2024-12-19,8159
2230,泰茂,23,0,23,台新-台南,2024-12-19,8159
00725B,國泰投資級公司債,22,0,22,台新-台南,2024-12-19,8159
